Assets/Resources/2015_m01_d13_0600(utc+0800)_l00_csi_1hr_conc.grd
DSAA
         159         159
     -79.000      79.000
     -79.000      79.000
  0.0000E+00  0.7491E-05
[rows 50 to 74 of 159, columns 0 to 56 of 159]
2.8024E-09 2.9056E-09 3.0058E-09 3.1022E-09 3.1936E-09 3.2801E-09 3.3609E-09 3.4341E-09 3.5004E-09 3.5608E-09 3.6130E-09 3.6542E-09 3.6863E-09 3.7118E-09 3.7274E-09 3.7295E-09 3.7203E-09 3.7024E-09 3.6762E-09 3.6373E-09 3.5867E-09 3.5263E-09 3.4580E-09 3.3832E-09 3.3005E-09 3.2084E-09 3.1084E-09 3.0015E-09 2.8891E-09 2.7728E-09 2.6504E-09 2.5256E-09 2.3955E-09 2.2654E-09 2.1343E-09 2.0036E-09 1.8741E-09 1.7461E-09 1.6201E-09 1.4967E-09 1.3774E-09 1.2618E-09 1.1488E-09 1.0424E-09 9.4152E-10 8.4530E-10 7.4887E-10 6.6244E-10 5.8393E-10 5.1283E-10 4.3918E-10 3.8045E-10 3.1877E-10 2.6212E-10 2.1459E-10 1.6426E-10 1.1849E-10
3.0127E-09 3.1258E-09 3.2353E-09 3.3407E-09 3.4418E-09 3.5374E-09 3.6252E-09 3.7065E-09 3.7824E-09 3.8495E-09 3.9063E-09 3.9545E-09 3.9964E-09 4.0263E-09 4.0434E-09 4.0495E-09 4.0476E-09 4.0328E-09 4.0038E-09 3.9630E-09 3.9133E-09 3.8558E-09 3.7860E-09 3.7049E-09 3.6161E-09 3.5190E-09 3.4156E-09 3.3046E-09 3.1847E-09 3.0583E-09 2.9267E-09 2.7894E-09 2.6494E-09 2.5093E-09 2.3685E-09 2.2277E-09 2.0873E-09 1.9475E-09 1.8092E-09 1.6732E-09 1.5403E-09 1.4111E-09 1.2872E-09 1.1681E-09 1.0560E-09 9.4758E-10 8.4244E-10 7.4554E-10 6.5932E-10 5.7943E-10 5.0126E-10 4.3323E-10 3.6448E-10 3.0181E-10 2.4775E-10 1.9459E-10 1.4275E-10
3.2286E-09 3.3514E-09 3.4706E-09 3.5863E-09 3.6970E-09 3.8005E-09 3.8977E-09 3.9898E-09 4.0723E-09 4.1452E-09 4.2111E-09 4.2698E-09 4.3154E-09 4.3493E-09 4.3738E-09 4.3888E-09 4.3873E-09 4.3723E-09 4.3454E-09 4.3099E-09 4.2611E-09 4.1984E-09 4.1246E-09 4.0420E-09 3.9533E-09 3.8531E-09 3.7421E-09 3.6225E-09 3.4954E-09 3.3628E-09 3.2243E-09 3.0800E-09 2.9289E-09 2.7758E-09 2.6228E-09 2.4694E-09 2.3165E-09 2.1642E-09 2.0132E-09 1.8649E-09 1.7192E-09 1.5768E-09 1.4387E-09 1.3045E-09 1.1799E-09 1.0621E-09 9.5068E-10 8.4102E-10 7.4227E-10 6.5008E-10 5.6607E-10 4.8990E-10 4.1571E-10 3.4605E-10 2.9093E-10 2.3470E-10 1.6894E-10
3.4484E-09 3.5813E-09 3.7112E-09 3.8371E-09 3.9563E-09 4.0700E-09 4.1790E-09 4.2784E-09 4.3682E-09 4.4514E-09 4.5276E-09 4.5906E-09 4.6424E-09 4.6867E-09 4.7192E-09 4.7347E-09 4.7367E-09 4.7280E-09 4.7073E-09 4.6695E-09 4.6185E-09 4.5561E-09 4.4847E-09 4.4009E-09 4.3055E-09 4.1993E-09 4.0843E-09 3.9613E-09 3.8282E-09 3.6861E-09 3.5377E-09 3.3836E-09 3.2226E-09 3.0602E-09 2.8950E-09 2.7310E-09 2.5658E-09 2.4022E-09 2.2390E-09 2.0777E-09 1.9191E-09 1.7634E-09 1.6119E-09 1.4642E-09 1.3231E-09 1.1896E-09 1.0659E-09 9.4745E-10 8.3224E-10 7.3150E-10 6.3879E-10 5.5488E-10 4.7429E-10 3.9743E-10 3.3652E-10 2.7464E-10 2.0457E-10
3.6707E-09 3.8143E-09 3.9552E-09 4.0901E-09 4.2200E-09 4.3462E-09 4.4633E-09 4.5708E-09 4.6723E-09 4.7664E-09 4.8474E-09 4.9182E-09 4.9826E-09 5.0340E-09 5.0690E-09 5.0906E-09 5.1023E-09 5.0980E-09 5.0760E-09 5.0400E-09 4.9939E-09 4.9340E-09 4.8583E-09 4.7714E-09 4.6749E-09 4.5689E-09 4.4499E-09 4.3194E-09 4.1795E-09 4.0313E-09 3.8752E-09 3.7125E-09 3.5436E-09 3.3686E-09 3.1910E-09 3.0144E-09 2.8381E-09 2.6610E-09 2.4851E-09 2.3097E-09 2.1365E-09 1.9675E-09 1.8019E-09 1.6409E-09 1.4841E-09 1.3350E-09 1.1961E-09 1.0635E-09 9.3801E-10 8.2459E-10 7.2194E-10 6.2624E-10 5.4005E-10 4.5587E-10 3.8874E-10 3.1945E-10 2.4919E-10
3.8944E-09 4.0494E-09 4.1997E-09 4.3455E-09 4.4885E-09 4.6236E-09 4.7494E-09 4.8692E-09 4.9820E-09 5.0822E-09 5.1725E-09 5.2568E-09 5.3283E-09 5.3842E-09 5.4283E-09 5.4610E-09 5.4756E-09 5.4735E-09 5.4570E-09 5.4284E-09 5.3821E-09 5.3204E-09 5.2458E-09 5.1621E-09 5.0644E-09 4.9526E-09 4.8296E-09 4.6954E-09 4.5500E-09 4.3950E-09 4.2310E-09 4.0590E-09 3.8803E-09 3.6972E-09 3.5088E-09 3.3183E-09 3.1300E-09 2.9426E-09 2.7539E-09 2.5668E-09 2.3815E-09 2.1987E-09 2.0198E-09 1.8454E-09 1.6752E-09 1.5115E-09 1.3577E-09 1.2111E-09 1.0717E-09 9.4229E-10 8.2930E-10 7.2577E-10 6.3004E-10 5.4307E-10 4.6793E-10 3.9057E-10 3.1927E-10
4.1186E-09 4.2834E-09 4.4445E-09 4.6035E-09 4.7564E-09 4.9004E-09 5.0386E-09 5.1708E-09 5.2903E-09 5.4007E-09 5.5057E-09 5.5976E-09 5.6752E-09 5.7424E-09 5.7983E-09 5.8341E-09 5.8537E-09 5.8600E-09 5.8515E-09 5.8234E-09 5.7791E-09 5.7226E-09 5.6512E-09 5.5651E-09 5.4658E-09 5.3535E-09 5.2279E-09 5.0894E-09 4.9390E-09 4.7781E-09 4.6063E-09 4.4262E-09 4.2386E-09 4.0451E-09 3.8453E-09 3.6457E-09 3.4475E-09 3.2451E-09 3.0428E-09 2.8419E-09 2.6432E-09 2.4469E-09 2.2531E-09 2.0645E-09 1.8808E-09 1.7013E-09 1.5329E-09 1.3741E-09 1.2265E-09 1.0820E-09 9.5691E-10 8.4404E-10 7.4068E-10 6.4671E-10 5.6136E-10 4.7973E-10 4.0189E-10
4.3400E-09 4.5154E-09 4.6893E-09 4.8595E-09 5.0212E-09 5.1773E-09 5.3286E-09 5.4687E-09 5.5987E-09 5.7240E-09 5.8378E-09 5.9377E-09 6.0277E-09 6.1072E-09 6.1665E-09 6.2102E-09 6.2413E-09 6.2547E-09 6.2487E-09 6.2260E-09 6.1903E-09 6.1358E-09 6.0645E-09 5.9811E-09 5.8830E-09 5.7691E-09 5.6415E-09 5.5004E-09 5.3458E-09 5.1791E-09 5.0016E-09 4.8144E-09 4.6182E-09 4.4162E-09 4.2105E-09 3.9992E-09 3.7853E-09 3.5715E-09 3.3580E-09 3.1452E-09 2.9321E-09 2.7213E-09 2.5158E-09 2.3153E-09 2.1207E-09 1.9332E-09 1.7531E-09 1.5808E-09 1.4185E-09 1.2620E-09 1.1174E-09 9.9001E-10 8.7742E-10 7.7402E-10 6.8102E-10 5.9270E-10 5.0559E-10
4.5571E-09 4.7446E-09 4.9308E-09 5.1101E-09 5.2830E-09 5.4532E-09 5.6134E-09 5.7635E-09 5.9095E-09 6.0443E-09 6.1661E-09 6.2792E-09 6.3831E-09 6.4678E-09 6.5361E-09 6.5927E-09 6.6314E-09 6.6500E-09 6.6520E-09 6.6394E-09 6.6066E-09 6.5557E-09 6.4898E-09 6.4086E-09 6.3107E-09 6.1984E-09 6.0704E-09 5.9264E-09 5.7692E-09 5.5993E-09 5.4165E-09 5.2234E-09 5.0198E-09 4.8107E-09 4.5960E-09 4.3740E-09 4.1478E-09 3.9227E-09 3.6963E-09 3.4686E-09 3.2429E-09 3.0201E-09 2.7999E-09 2.5864E-09 2.3770E-09 2.1762E-09 1.9838E-09 1.8019E-09 1.6287E-09 1.4619E-09 1.3036E-09 1.1655E-09 1.0429E-09 9.2975E-10 8.2340E-10 7.2653E-10 6.3404E-10
4.7695E-09 4.9699E-09 5.1656E-09 5.3550E-09 5.5423E-09 5.7224E-09 5.8921E-09 6.0572E-09 6.2142E-09 6.3579E-09 6.4929E-09 6.6206E-09 6.7310E-09 6.8261E-09 6.9089E-09 6.9733E-09 7.0193E-09 7.0487E-09 7.0614E-09 7.0533E-09 7.0272E-09 6.9837E-09 6.9216E-09 6.8439E-09 6.7503E-09 6.6387E-09 6.5104E-09 6.3674E-09 6.2092E-09 6.0364E-09 5.8498E-09 5.6514E-09 5.4437E-09 5.2275E-09 5.0030E-09 4.7727E-09 4.5375E-09 4.2987E-09 4.0602E-09 3.8209E-09 3.5851E-09 3.3509E-09 3.1191E-09 2.8939E-09 2.6751E-09 2.4626E-09 2.2569E-09 2.0609E-09 1.8773E-09 1.7079E-09 1.5428E-09 1.3904E-09 1.2525E-09 1.1304E-09 1.0175E-09 9.1344E-10 8.1575E-10
4.9759E-09 5.1873E-09 5.3922E-09 5.5946E-09 5.7936E-09 5.9823E-09 6.1659E-09 6.3438E-09 6.5093E-09 6.6659E-09 6.8164E-09 6.9521E-09 7.0731E-09 7.1834E-09 7.2765E-09 7.3495E-09 7.4068E-09 7.4478E-09 7.4674E-09 7.4684E-09 7.4515E-09 7.4133E-09 7.3583E-09 7.2870E-09 7.1957E-09 7.0875E-09 6.9632E-09 6.8211E-09 6.6625E-09 6.4890E-09 6.3002E-09 6.0992E-09 5.8871E-09 5.6638E-09 5.4322E-09 5.1958E-09 4.9524E-09 4.7047E-09 4.4561E-09 4.2077E-09 3.9616E-09 3.7160E-09 3.4724E-09 3.2342E-09 3.0036E-09 2.7784E-09 2.5653E-09 2.3621E-09 2.1692E-09 1.9868E-09 1.8143E-09 1.6544E-09 1.5087E-09 1.3749E-09 1.2470E-09 1.1287E-09 1.0201E-09
5.1728E-09 5.3937E-09 5.6098E-09 5.8253E-09 6.0329E-09 6.2332E-09 6.4310E-09 6.6182E-09 6.7948E-09 6.9679E-09 7.1283E-09 7.2749E-09 7.4112E-09 7.5322E-09 7.6344E-09 7.7213E-09 7.7909E-09 7.8397E-09 7.8705E-09 7.8828E-09 7.8730E-09 7.8443E-09 7.7982E-09 7.7312E-09 7.6467E-09 7.5450E-09 7.4237E-09 7.2841E-09 7.1284E-09 6.9550E-09 6.7658E-09 6.5644E-09 6.3482E-09 6.1201E-09 5.8858E-09 5.6465E-09 5.3966E-09 5.1405E-09 4.8867E-09 4.6326E-09 4.3751E-09 4.1172E-09 3.8627E-09 3.6144E-09 3.3709E-09 3.1374E-09 2.9116E-09 2.6937E-09 2.4881E-09 2.2994E-09 2.1229E-09 1.9529E-09 1.8059E-09 1.6631E-09 1.5330E-09 1.4067E-09 1.2882E-09
5.3565E-09 5.5882E-09 5.8182E-09 6.0434E-09 6.2601E-09 6.4748E-09 6.6825E-09 6.8796E-09 7.0728E-09 7.2564E-09 7.4273E-09 7.5889E-09 7.7382E-09 7.8682E-09 7.9839E-09 8.0848E-09 8.1642E-09 8.2248E-09 8.2681E-09 8.2895E-09 8.2916E-09 8.2732E-09 8.2343E-09 8.1771E-09 8.1015E-09 8.0048E-09 7.8895E-09 7.7561E-09 7.6026E-09 7.4314E-09 7.2466E-09 7.0437E-09 6.8261E-09 6.5993E-09 6.3655E-09 6.1203E-09 5.8676E-09 5.6132E-09 5.3536E-09 5.0886E-09 4.8224E-09 4.5603E-09 4.2983E-09 4.0397E-09 3.7873E-09 3.5402E-09 3.3028E-09 3.0794E-09 2.8697E-09 2.6721E-09 2.4882E-09 2.3107E-09 2.1532E-09 2.0031E-09 1.8608E-09 1.7207E-09 1.5869E-09
5.5251E-09 5.7690E-09 6.0121E-09 6.2462E-09 6.4753E-09 6.7021E-09 6.9177E-09 7.1293E-09 7.3363E-09 7.5291E-09 7.7137E-09 7.8893E-09 8.0483E-09 8.1922E-09 8.3221E-09 8.4332E-09 8.5257E-09 8.6005E-09 8.6538E-09 8.6886E-09 8.7029E-09 8.6936E-09 8.6671E-09 8.6214E-09 8.5530E-09 8.4653E-09 8.3591E-09 8.2304E-09 8.0830E-09 7.9181E-09 7.7361E-09 7.5359E-09 7.3223E-09 7.0999E-09 6.8630E-09 6.6179E-09 6.3705E-09 6.1119E-09 5.8477E-09 5.5811E-09 5.3145E-09 5.0452E-09 4.7787E-09 4.5142E-09 4.2522E-09 3.9986E-09 3.7581E-09 3.5268E-09 3.3113E-09 3.1077E-09 2.9183E-09 2.7354E-09 2.5656E-09 2.4071E-09 2.2547E-09 2.1067E-09 1.9624E-09
5.6782E-09 5.9351E-09 6.1881E-09 6.4327E-09 6.6758E-09 6.9107E-09 7.1375E-09 7.3635E-09 7.5794E-09 7.7851E-09 7.9849E-09 8.1713E-09 8.3423E-09 8.5011E-09 8.6429E-09 8.7656E-09 8.8730E-09 8.9595E-09 9.0271E-09 9.0758E-09 9.1003E-09 9.1055E-09 9.0931E-09 9.0568E-09 9.0000E-09 8.9243E-09 8.8254E-09 8.7061E-09 8.5682E-09 8.4080E-09 8.2341E-09 8.0415E-09 7.8325E-09 7.6135E-09 7.3820E-09 7.1442E-09 6.8952E-09 6.6381E-09 6.3749E-09 6.1123E-09 5.8444E-09 5.5768E-09 5.3072E-09 5.0389E-09 4.7765E-09 4.5235E-09 4.2791E-09 4.0462E-09 3.8249E-09 3.6186E-09 3.4230E-09 3.2376E-09 3.0599E-09 2.8983E-09 2.7365E-09 2.5848E-09 2.4298E-09
5.8150E-09 6.0833E-09 6.3449E-09 6.6030E-09 6.8567E-09 7.0999E-09 7.3415E-09 7.5775E-09 7.8031E-09 8.0242E-09 8.2360E-09 8.4335E-09 8.6180E-09 8.7893E-09 8.9432E-09 9.0809E-09 9.2000E-09 9.3004E-09 9.3841E-09 9.4443E-09 9.4835E-09 9.5052E-09 9.5046E-09 9.4820E-09 9.4399E-09 9.3738E-09 9.2872E-09 9.1808E-09 9.0503E-09 8.9015E-09 8.7388E-09 8.5542E-09 8.3518E-09 8.1442E-09 7.9214E-09 7.6873E-09 7.4465E-09 7.1950E-09 6.9368E-09 6.6782E-09 6.4160E-09 6.1519E-09 5.8851E-09 5.6236E-09 5.3656E-09 5.1151E-09 4.8721E-09 4.6396E-09 4.4177E-09 4.2099E-09 4.0135E-09 3.8294E-09 3.6517E-09 3.4910E-09 3.3298E-09 3.1670E-09 2.9950E-09
5.9347E-09 6.2105E-09 6.4816E-09 6.7526E-09 7.0153E-09 7.2702E-09 7.5243E-09 7.7688E-09 8.0066E-09 8.2413E-09 8.4633E-09 8.6738E-09 8.8720E-09 9.0535E-09 9.2210E-09 9.3725E-09 9.5043E-09 9.6210E-09 9.7178E-09 9.7928E-09 9.8496E-09 9.8854E-09 9.8994E-09 9.8941E-09 9.8645E-09 9.8124E-09 9.7417E-09 9.6459E-09 9.5297E-09 9.3946E-09 9.2436E-09 9.0691E-09 8.8823E-09 8.6859E-09 8.4712E-09 8.2524E-09 8.0180E-09 7.7771E-09 7.5308E-09 7.2792E-09 7.0283E-09 6.7711E-09 6.5158E-09 6.2623E-09 6.0136E-09 5.7694E-09 5.5345E-09 5.3079E-09 5.0926E-09 4.8902E-09 4.7029E-09 4.5282E-09 4.3580E-09 4.1944E-09 4.0292E-09 3.8641E-09 3.6937E-09
6.0358E-09 6.3170E-09 6.5983E-09 6.8783E-09 7.1501E-09 7.4193E-09 7.6828E-09 7.9368E-09 8.1885E-09 8.4333E-09 8.6659E-09 8.8895E-09 9.0990E-09 9.2928E-09 9.4736E-09 9.6366E-09 9.7845E-09 9.9156E-09 1.0026E-08 1.0119E-08 1.0192E-08 1.0242E-08 1.0275E-08 1.0285E-08 1.0271E-08 1.0238E-08 1.0181E-08 1.0100E-08 1.0002E-08 9.8806E-09 9.7438E-09 9.5891E-09 9.4147E-09 9.2338E-09 9.0367E-09 8.8307E-09 8.6109E-09 8.3831E-09 8.1514E-09 7.9169E-09 7.6766E-09 7.4358E-09 7.1946E-09 6.9587E-09 6.7225E-09 6.4937E-09 6.2761E-09 6.0725E-09 5.8671E-09 5.6782E-09 5.5058E-09 5.3413E-09 5.1773E-09 5.0239E-09 4.8765E-09 4.7139E-09 4.5374E-09
6.1169E-09 6.4029E-09 6.6931E-09 6.9798E-09 7.2610E-09 7.5428E-09 7.8149E-09 8.0808E-09 8.3444E-09 8.5978E-09 8.8429E-09 9.0773E-09 9.2965E-09 9.5049E-09 9.6965E-09 9.8722E-09 1.0035E-08 1.0180E-08 1.0307E-08 1.0418E-08 1.0505E-08 1.0575E-08 1.0626E-08 1.0651E-08 1.0658E-08 1.0641E-08 1.0600E-08 1.0541E-08 1.0459E-08 1.0354E-08 1.0240E-08 1.0103E-08 9.9467E-09 9.7878E-09 9.6073E-09 9.4200E-09 9.2191E-09 9.0088E-09 8.8001E-09 8.5803E-09 8.3603E-09 8.1400E-09 7.9241E-09 7.7066E-09 7.4938E-09 7.2906E-09 7.1002E-09 6.9187E-09 6.7529E-09 6.5990E-09 6.4525E-09 6.2951E-09 6.1429E-09 6.0040E-09 5.8648E-09 5.7078E-09 5.5386E-09
6.1776E-09 6.4683E-09 6.7644E-09 7.0563E-09 7.3476E-09 7.6386E-09 7.9200E-09 8.1977E-09 8.4713E-09 8.7340E-09 8.9912E-09 9.2339E-09 9.4647E-09 9.6845E-09 9.8871E-09 1.0077E-08 1.0253E-08 1.0412E-08 1.0557E-08 1.0683E-08 1.0788E-08 1.0878E-08 1.0945E-08 1.0991E-08 1.1018E-08 1.1018E-08 1.0999E-08 1.0959E-08 1.0897E-08 1.0815E-08 1.0724E-08 1.0606E-08 1.0475E-08 1.0339E-08 1.0179E-08 1.0016E-08 9.8383E-09 9.6519E-09 9.4668E-09 9.2692E-09 9.0741E-09 8.8833E-09 8.6933E-09 8.5057E-09 8.3249E-09 8.1606E-09 8.0021E-09 7.8610E-09 7.7385E-09 7.6263E-09 7.5216E-09 7.4202E-09 7.3141E-09 7.2066E-09 7.0645E-09 6.8946E-09 6.7186E-09
6.2171E-09 6.5124E-09 6.8123E-09 7.1085E-09 7.4075E-09 7.7057E-09 7.9972E-09 8.2860E-09 8.5677E-09 8.8413E-09 9.1067E-09 9.3590E-09 9.6009E-09 9.8291E-09 1.0044E-08 1.0248E-08 1.0436E-08 1.0611E-08 1.0772E-08 1.0912E-08 1.1037E-08 1.1146E-08 1.1231E-08 1.1300E-08 1.1344E-08 1.1366E-08 1.1371E-08 1.1351E-08 1.1312E-08 1.1256E-08 1.1188E-08 1.1098E-08 1.0994E-08 1.0881E-08 1.0749E-08 1.0614E-08 1.0462E-08 1.0306E-08 1.0148E-08 9.9789E-09 9.8156E-09 9.6570E-09 9.5001E-09 9.3504E-09 9.2107E-09 9.0920E-09 8.9831E-09 8.8890E-09 8.8133E-09 8.7654E-09 8.7108E-09 8.6748E-09 8.6383E-09 8.5912E-09 8.5146E-09 8.3961E-09 8.2068E-09
6.2360E-09 6.5348E-09 6.8363E-09 7.1369E-09 7.4411E-09 7.7436E-09 8.0446E-09 8.3419E-09 8.6334E-09 8.9163E-09 9.1887E-09 9.4503E-09 9.7016E-09 9.9379E-09 1.0166E-08 1.0380E-08 1.0581E-08 1.0772E-08 1.0946E-08 1.1104E-08 1.1249E-08 1.1374E-08 1.1481E-08 1.1570E-08 1.1634E-08 1.1681E-08 1.1707E-08 1.1712E-08 1.1700E-08 1.1669E-08 1.1629E-08 1.1569E-08 1.1492E-08 1.1409E-08 1.1308E-08 1.1203E-08 1.1085E-08 1.0958E-08 1.0835E-08 1.0700E-08 1.0575E-08 1.0452E-08 1.0337E-08 1.0234E-08 1.0142E-08 1.0083E-08 1.0031E-08 9.9916E-09 9.9794E-09 1.0000E-08 1.0020E-08 1.0060E-08 1.0116E-08 1.0142E-08 1.0165E-08 1.0145E-08 1.0072E-08
6.2341E-09 6.5344E-09 6.8366E-09 7.1408E-09 7.4477E-09 7.7545E-09 8.0616E-09 8.3654E-09 8.6652E-09 8.9570E-09 9.2365E-09 9.5062E-09 9.7652E-09 1.0011E-08 1.0249E-08 1.0473E-08 1.0688E-08 1.0893E-08 1.1080E-08 1.1256E-08 1.1417E-08 1.1560E-08 1.1690E-08 1.1798E-08 1.1885E-08 1.1958E-08 1.2006E-08 1.2038E-08 1.2055E-08 1.2050E-08 1.2043E-08 1.2014E-08 1.1966E-08 1.1918E-08 1.1850E-08 1.1779E-08 1.1696E-08 1.1604E-08 1.1518E-08 1.1426E-08 1.1341E-08 1.1262E-08 1.1196E-08 1.1144E-08 1.1110E-08 1.1117E-08 1.1129E-08 1.1156E-08 1.1222E-08 1.1321E-08 1.1429E-08 1.1566E-08 1.1725E-08 1.1850E-08 1.2007E-08 1.2136E-08 1.2165E-08
6.2121E-09 6.5114E-09 6.8139E-09 7.1197E-09 7.4277E-09 7.7375E-09 8.0489E-09 8.3571E-09 8.6640E-09 8.9615E-09 9.2487E-09 9.5257E-09 9.7899E-09 1.0046E-08 1.0291E-08 1.0525E-08 1.0753E-08 1.0969E-08 1.1171E-08 1.1364E-08 1.1541E-08 1.1704E-08 1.1853E-08 1.1980E-08 1.2094E-08 1.2188E-08 1.2263E-08 1.2324E-08 1.2367E-08 1.2394E-08 1.2421E-08 1.2422E-08 1.2407E-08 1.2396E-08 1.2361E-08 1.2332E-08 1.2285E-08 1.2231E-08 1.2191E-08 1.2143E-08 1.2102E-08 1.2074E-08 1.2063E-08 1.2068E-08 1.2100E-08 1.2179E-08 1.2261E-08 1.2367E-08 1.2521E-08 1.2709E-08 1.2908E-08 1.3168E-08 1.3452E-08 1.3717E-08 1.4017E-08 1.4300E-08 1.4517E-08
6.1702E-09 6.4667E-09 6.7681E-09 7.0741E-09 7.3811E-09 7.6933E-09 8.0061E-09 8.3167E-09 8.6289E-09 8.9296E-09 9.2245E-09 9.5070E-09 9.7768E-09 1.0040E-08 1.0293E-08 1.0537E-08 1.0776E-08 1.1001E-08 1.1218E-08 1.1425E-08 1.1617E-08 1.1800E-08 1.1967E-08 1.2117E-08 1.2255E-08 1.2372E-08 1.2475E-08 1.2564E-08 1.2637E-08 1.2696E-08 1.2756E-08 1.2788E-08 1.2810E-08 1.2836E-08 1.2839E-08 1.2848E-08 1.2842E-08 1.2832E-08 1.2838E-08 1.2838E-08 1.2848E-08 1.2876E-08 1.2923E-08 1.2993E-08 1.3095E-08 1.3248E-08 1.3407E-08 1.3600E-08 1.3846E-08 1.4136E-08 1.4440E-08 1.4831E-08 1.5235E-08 1.5668E-08 1.6142E-08 1.6647E-08 1.7094E-08
