Assets/Resources/2015_m01_d23_1600(utc+0800)_l00_csi_1hr_conc.grd
DSAA
         159         159
     -79.000      79.000
     -79.000      79.000
  0.0000E+00  0.2918E-04
[rows 50 to 74 of 159, columns 57 to 113 of 159]
6.8449E-10 7.0696E-10 7.2967E-10 7.5261E-10 7.7607E-10 8.0006E-10 8.2459E-10 8.4964E-10 8.7559E-10 9.0210E-10 9.2918E-10 9.5645E-10 9.8426E-10 1.0126E-09 1.0415E-09 1.0709E-09 1.1008E-09 1.1316E-09 1.1630E-09 1.1949E-09 1.2270E-09 1.2595E-09 1.2924E-09 1.3259E-09 1.3598E-09 1.3941E-09 1.4298E-09 1.4660E-09 1.5026E-09 1.5387E-09 1.5751E-09 1.6119E-09 1.6489E-09 1.6863E-09 1.7239E-09 1.7628E-09 1.8009E-09 1.8413E-09 1.8799E-09 1.9185E-09 1.9573E-09 1.9994E-09 2.0384E-09 2.0774E-09 2.1164E-09 2.1585E-09 2.1975E-09 2.2362E-09 2.2746E-09 2.3162E-09 2.3542E-09 2.3919E-09 2.4291E-09 2.4659E-09 2.5045E-09 2.5402E-09 2.5753E-09
6.9893E-10 7.2087E-10 7.4332E-10 7.6628E-10 7.8976E-10 8.1410E-10 8.3899E-10 8.6444E-10 8.9007E-10 9.1624E-10 9.4292E-10 9.7013E-10 9.9785E-10 1.0265E-09 1.0557E-09 1.0854E-09 1.1153E-09 1.1456E-09 1.1765E-09 1.2078E-09 1.2397E-09 1.2728E-09 1.3056E-09 1.3398E-09 1.3745E-09 1.4088E-09 1.4434E-09 1.4785E-09 1.5139E-09 1.5497E-09 1.5868E-09 1.6233E-09 1.6612E-09 1.6994E-09 1.7368E-09 1.7745E-09 1.8124E-09 1.8504E-09 1.8886E-09 1.9269E-09 1.9686E-09 2.0072E-09 2.0459E-09 2.0867E-09 2.1265E-09 2.1651E-09 2.2036E-09 2.2441E-09 2.2834E-09 2.3214E-09 2.3590E-09 2.3963E-09 2.4356E-09 2.4721E-09 2.5080E-09 2.5433E-09 2.5780E-09
7.1176E-10 7.3372E-10 7.5651E-10 7.8016E-10 8.0370E-10 8.2775E-10 8.5231E-10 8.7738E-10 9.0296E-10 9.2905E-10 9.5640E-10 9.8393E-10 1.0116E-09 1.0398E-09 1.0685E-09 1.0978E-09 1.1275E-09 1.1576E-09 1.1892E-09 1.2213E-09 1.2539E-09 1.2861E-09 1.3188E-09 1.3520E-09 1.3856E-09 1.4195E-09 1.4549E-09 1.4907E-09 1.5269E-09 1.5626E-09 1.5986E-09 1.6349E-09 1.6716E-09 1.7084E-09 1.7456E-09 1.7840E-09 1.8226E-09 1.8604E-09 1.8995E-09 1.9376E-09 1.9758E-09 2.0140E-09 2.0556E-09 2.0940E-09 2.1323E-09 2.1705E-09 2.2121E-09 2.2502E-09 2.2881E-09 2.3257E-09 2.3654E-09 2.4024E-09 2.4390E-09 2.4750E-09 2.5106E-09 2.5472E-09 2.5824E-09
7.2484E-10 7.4686E-10 7.6938E-10 7.9239E-10 8.1590E-10 8.3990E-10 8.6475E-10 8.9013E-10 9.1604E-10 9.4212E-10 9.6870E-10 9.9577E-10 1.0233E-09 1.0514E-09 1.0808E-09 1.1107E-09 1.1411E-09 1.1713E-09 1.2020E-09 1.2331E-09 1.2647E-09 1.2967E-09 1.3301E-09 1.3639E-09 1.3983E-09 1.4322E-09 1.4665E-09 1.5012E-09 1.5362E-09 1.5716E-09 1.6083E-09 1.6454E-09 1.6818E-09 1.7195E-09 1.7565E-09 1.7937E-09 1.8311E-09 1.8686E-09 1.9063E-09 1.9451E-09 1.9830E-09 2.0232E-09 2.0613E-09 2.0993E-09 2.1407E-09 2.1788E-09 2.2167E-09 2.2544E-09 2.2943E-09 2.3317E-09 2.3687E-09 2.4053E-09 2.4415E-09 2.4797E-09 2.5150E-09 2.5498E-09 2.5838E-09
7.3637E-10 7.5837E-10 7.8086E-10 8.0416E-10 8.2798E-10 8.5231E-10 8.7681E-10 9.0180E-10 9.2727E-10 9.5324E-10 9.8042E-10 1.0082E-09 1.0364E-09 1.0645E-09 1.0931E-09 1.1221E-09 1.1516E-09 1.1816E-09 1.2129E-09 1.2447E-09 1.2770E-09 1.3090E-09 1.3414E-09 1.3743E-09 1.4075E-09 1.4411E-09 1.4761E-09 1.5115E-09 1.5473E-09 1.5826E-09 1.6182E-09 1.6541E-09 1.6903E-09 1.7267E-09 1.7644E-09 1.8014E-09 1.8396E-09 1.8780E-09 1.9155E-09 1.9531E-09 1.9908E-09 2.0285E-09 2.0662E-09 2.1074E-09 2.1452E-09 2.1829E-09 2.2221E-09 2.2604E-09 2.2977E-09 2.3347E-09 2.3713E-09 2.4101E-09 2.4461E-09 2.4817E-09 2.5166E-09 2.5510E-09 2.5865E-09
7.4750E-10 7.7013E-10 7.9263E-10 8.1561E-10 8.3905E-10 8.6298E-10 8.8738E-10 9.1297E-10 9.3910E-10 9.6578E-10 9.9226E-10 1.0192E-09 1.0466E-09 1.0746E-09 1.1037E-09 1.1334E-09 1.1636E-09 1.1936E-09 1.2240E-09 1.2549E-09 1.2862E-09 1.3179E-09 1.3510E-09 1.3845E-09 1.4185E-09 1.4520E-09 1.4860E-09 1.5203E-09 1.5550E-09 1.5899E-09 1.6263E-09 1.6629E-09 1.6999E-09 1.7362E-09 1.7728E-09 1.8096E-09 1.8465E-09 1.8836E-09 1.9219E-09 1.9593E-09 1.9978E-09 2.0365E-09 2.0741E-09 2.1116E-09 2.1491E-09 2.1890E-09 2.2264E-09 2.2636E-09 2.3005E-09 2.3397E-09 2.3761E-09 2.4122E-09 2.4479E-09 2.4831E-09 2.5203E-09 2.5545E-09 2.5881E-09
7.5837E-10 7.8033E-10 8.0276E-10 8.2565E-10 8.4969E-10 8.7494E-10 8.9938E-10 9.2429E-10 9.4968E-10 9.7554E-10 1.0019E-09 1.0294E-09 1.0575E-09 1.0861E-09 1.1145E-09 1.1434E-09 1.1726E-09 1.2024E-09 1.2334E-09 1.2649E-09 1.2970E-09 1.3286E-09 1.3607E-09 1.3933E-09 1.4262E-09 1.4595E-09 1.4941E-09 1.5291E-09 1.5646E-09 1.5995E-09 1.6347E-09 1.6702E-09 1.7060E-09 1.7430E-09 1.7794E-09 1.8169E-09 1.8548E-09 1.8918E-09 1.9289E-09 1.9661E-09 2.0034E-09 2.0407E-09 2.0780E-09 2.1177E-09 2.1550E-09 2.1923E-09 2.2294E-09 2.2679E-09 2.3055E-09 2.3420E-09 2.3782E-09 2.4140E-09 2.4519E-09 2.4869E-09 2.5215E-09 2.5554E-09 2.5887E-09
7.6792E-10 7.9110E-10 8.1419E-10 8.3713E-10 8.6053E-10 8.8439E-10 9.0871E-10 9.3350E-10 9.6018E-10 9.8671E-10 1.0130E-09 1.0398E-09 1.0671E-09 1.0948E-09 1.1230E-09 1.1532E-09 1.1832E-09 1.2129E-09 1.2431E-09 1.2736E-09 1.3047E-09 1.3361E-09 1.3689E-09 1.4021E-09 1.4357E-09 1.4690E-09 1.5026E-09 1.5365E-09 1.5708E-09 1.6064E-09 1.6424E-09 1.6777E-09 1.7144E-09 1.7503E-09 1.7865E-09 1.8229E-09 1.8595E-09 1.8962E-09 1.9331E-09 1.9708E-09 2.0087E-09 2.0458E-09 2.0837E-09 2.1209E-09 2.1580E-09 2.1949E-09 2.2342E-09 2.2710E-09 2.3075E-09 2.3438E-09 2.3822E-09 2.4179E-09 2.4532E-09 2.4880E-09 2.5223E-09 2.5586E-09 2.5918E-09
7.7889E-10 8.0083E-10 8.2322E-10 8.4606E-10 8.7001E-10 8.9447E-10 9.1946E-10 9.4426E-10 9.6952E-10 9.9524E-10 1.0214E-09 1.0488E-09 1.0767E-09 1.1051E-09 1.1332E-09 1.1619E-09 1.1909E-09 1.2204E-09 1.2512E-09 1.2824E-09 1.3142E-09 1.3455E-09 1.3773E-09 1.4095E-09 1.4421E-09 1.4760E-09 1.5103E-09 1.5450E-09 1.5793E-09 1.6138E-09 1.6487E-09 1.6839E-09 1.7193E-09 1.7550E-09 1.7917E-09 1.8286E-09 1.8650E-09 1.9023E-09 1.9390E-09 1.9759E-09 2.0128E-09 2.0497E-09 2.0866E-09 2.1235E-09 2.1627E-09 2.1996E-09 2.2363E-09 2.2728E-09 2.3107E-09 2.3477E-09 2.3835E-09 2.4190E-09 2.4541E-09 2.4912E-09 2.5254E-09 2.5590E-09 2.5920E-09
7.8744E-10 8.0992E-10 8.3290E-10 8.5639E-10 8.7971E-10 9.0347E-10 9.2768E-10 9.5234E-10 9.7816E-10 1.0052E-09 1.0314E-09 1.0580E-09 1.0851E-09 1.1126E-09 1.1405E-09 1.1705E-09 1.2002E-09 1.2297E-09 1.2596E-09 1.2899E-09 1.3207E-09 1.3526E-09 1.3851E-09 1.4180E-09 1.4506E-09 1.4835E-09 1.5168E-09 1.5504E-09 1.5844E-09 1.6187E-09 1.6541E-09 1.6897E-09 1.7257E-09 1.7613E-09 1.7971E-09 1.8331E-09 1.8693E-09 1.9056E-09 1.9421E-09 1.9786E-09 2.0161E-09 2.0528E-09 2.0903E-09 2.1278E-09 2.1645E-09 2.2011E-09 2.2376E-09 2.2764E-09 2.3126E-09 2.3486E-09 2.3842E-09 2.4219E-09 2.4569E-09 2.4915E-09 2.5255E-09 2.5590E-09 2.5936E-09
7.9736E-10 8.1924E-10 8.4156E-10 8.6431E-10 8.8750E-10 9.1181E-10 9.3730E-10 9.6197E-10 9.8708E-10 1.0126E-09 1.0386E-09 1.0658E-09 1.0935E-09 1.1217E-09 1.1496E-09 1.1780E-09 1.2068E-09 1.2361E-09 1.2666E-09 1.2976E-09 1.3290E-09 1.3602E-09 1.3917E-09 1.4236E-09 1.4559E-09 1.4886E-09 1.5223E-09 1.5564E-09 1.5909E-09 1.6251E-09 1.6596E-09 1.6944E-09 1.7295E-09 1.7648E-09 1.8003E-09 1.8368E-09 1.8728E-09 1.9097E-09 1.9467E-09 1.9832E-09 2.0197E-09 2.0563E-09 2.0928E-09 2.1293E-09 2.1658E-09 2.2046E-09 2.2410E-09 2.2772E-09 2.3132E-09 2.3505E-09 2.3869E-09 2.4221E-09 2.4568E-09 2.4912E-09 2.5276E-09 2.5610E-09 2.5938E-09
8.0499E-10 8.2676E-10 8.5024E-10 8.7360E-10 8.9680E-10 9.2044E-10 9.4452E-10 9.6903E-10 9.9468E-10 1.0208E-09 1.0475E-09 1.0739E-09 1.1008E-09 1.1281E-09 1.1566E-09 1.1856E-09 1.2151E-09 1.2443E-09 1.2740E-09 1.3041E-09 1.3345E-09 1.3654E-09 1.3973E-09 1.4297E-09 1.4625E-09 1.4951E-09 1.5280E-09 1.5613E-09 1.5949E-09 1.6289E-09 1.6631E-09 1.6983E-09 1.7339E-09 1.7690E-09 1.8052E-09 1.8408E-09 1.8766E-09 1.9126E-09 1.9487E-09 1.9849E-09 2.0212E-09 2.0575E-09 2.0946E-09 2.1317E-09 2.1689E-09 2.2052E-09 2.2413E-09 2.2772E-09 2.3156E-09 2.3512E-09 2.3866E-09 2.4216E-09 2.4587E-09 2.4930E-09 2.5268E-09 2.5601E-09 2.5927E-09
8.1395E-10 8.3574E-10 8.5796E-10 8.8060E-10 9.0367E-10 9.2784E-10 9.5316E-10 9.7767E-10 1.0026E-09 1.0280E-09 1.0538E-09 1.0808E-09 1.1083E-09 1.1363E-09 1.1640E-09 1.1922E-09 1.2207E-09 1.2498E-09 1.2798E-09 1.3102E-09 1.3412E-09 1.3720E-09 1.4032E-09 1.4347E-09 1.4667E-09 1.4990E-09 1.5317E-09 1.5654E-09 1.5995E-09 1.6340E-09 1.6681E-09 1.7025E-09 1.7372E-09 1.7722E-09 1.8074E-09 1.8427E-09 1.8783E-09 1.9148E-09 1.9514E-09 1.9875E-09 2.0244E-09 2.0606E-09 2.0968E-09 2.1330E-09 2.1691E-09 2.2051E-09 2.2435E-09 2.2794E-09 2.3151E-09 2.3505E-09 2.3873E-09 2.4231E-09 2.4576E-09 2.4918E-09 2.5254E-09 2.5610E-09 2.5936E-09
8.2073E-10 8.4241E-10 8.6514E-10 8.8898E-10 9.1206E-10 9.3556E-10 9.5949E-10 9.8385E-10 1.0093E-09 1.0360E-09 1.0618E-09 1.0880E-09 1.1147E-09 1.1418E-09 1.1693E-09 1.1979E-09 1.2268E-09 1.2563E-09 1.2857E-09 1.3154E-09 1.3456E-09 1.3762E-09 1.4071E-09 1.4391E-09 1.4715E-09 1.5043E-09 1.5369E-09 1.5698E-09 1.6031E-09 1.6367E-09 1.6706E-09 1.7047E-09 1.7399E-09 1.7746E-09 1.8103E-09 1.8462E-09 1.8817E-09 1.9173E-09 1.9531E-09 1.9889E-09 2.0248E-09 2.0608E-09 2.0967E-09 2.1335E-09 2.1695E-09 2.2070E-09 2.2428E-09 2.2785E-09 2.3140E-09 2.3518E-09 2.3869E-09 2.4216E-09 2.4560E-09 2.4925E-09 2.5261E-09 2.5591E-09 2.5916E-09
8.2885E-10 8.5054E-10 8.7264E-10 8.9516E-10 9.1810E-10 9.4211E-10 9.6727E-10 9.9162E-10 1.0164E-09 1.0416E-09 1.0673E-09 1.0933E-09 1.1203E-09 1.1484E-09 1.1758E-09 1.2037E-09 1.2320E-09 1.2607E-09 1.2899E-09 1.3194E-09 1.3500E-09 1.3810E-09 1.4124E-09 1.4437E-09 1.4753E-09 1.5073E-09 1.5396E-09 1.5723E-09 1.6060E-09 1.6400E-09 1.6737E-09 1.7085E-09 1.7428E-09 1.7774E-09 1.8122E-09 1.8472E-09 1.8824E-09 1.9177E-09 1.9540E-09 1.9896E-09 2.0261E-09 2.0627E-09 2.0986E-09 2.1344E-09 2.1703E-09 2.2060E-09 2.2416E-09 2.2795E-09 2.3149E-09 2.3501E-09 2.3849E-09 2.4212E-09 2.4563E-09 2.4902E-09 2.5236E-09 2.5565E-09 2.5905E-09
8.3488E-10 8.5644E-10 8.7904E-10 9.0273E-10 9.2567E-10 9.4903E-10 9.7281E-10 9.9701E-10 1.0216E-09 1.0477E-09 1.0737E-09 1.0997E-09 1.1261E-09 1.1530E-09 1.1802E-09 1.2079E-09 1.2366E-09 1.2657E-09 1.2953E-09 1.3247E-09 1.3546E-09 1.3848E-09 1.4154E-09 1.4465E-09 1.4778E-09 1.5102E-09 1.5430E-09 1.5762E-09 1.6091E-09 1.6423E-09 1.6759E-09 1.7097E-09 1.7437E-09 1.7780E-09 1.8133E-09 1.8488E-09 1.8846E-09 1.9198E-09 1.9552E-09 1.9907E-09 2.0263E-09 2.0619E-09 2.0975E-09 2.1331E-09 2.1687E-09 2.2050E-09 2.2422E-09 2.2775E-09 2.3127E-09 2.3477E-09 2.3850E-09 2.4195E-09 2.4536E-09 2.4873E-09 2.5223E-09 2.5560E-09 2.5883E-09
8.4224E-10 8.6381E-10 8.8579E-10 9.0818E-10 9.3098E-10 9.5418E-10 9.7876E-10 1.0033E-09 1.0279E-09 1.0529E-09 1.0783E-09 1.1041E-09 1.1303E-09 1.1575E-09 1.1852E-09 1.2133E-09 1.2413E-09 1.2697E-09 1.2986E-09 1.3278E-09 1.3574E-09 1.3880E-09 1.4191E-09 1.4505E-09 1.4818E-09 1.5134E-09 1.5454E-09 1.5777E-09 1.6104E-09 1.6433E-09 1.6773E-09 1.7116E-09 1.7462E-09 1.7804E-09 1.8148E-09 1.8494E-09 1.8843E-09 1.9192E-09 1.9544E-09 1.9896E-09 2.0257E-09 2.0619E-09 2.0974E-09 2.1337E-09 2.1692E-09 2.2046E-09 2.2398E-09 2.2749E-09 2.3124E-09 2.3473E-09 2.3819E-09 2.4162E-09 2.4510E-09 2.4864E-09 2.5196E-09 2.5523E-09 2.5844E-09
8.4758E-10 8.6902E-10 8.9087E-10 9.1402E-10 9.3719E-10 9.6035E-10 9.8392E-10 1.0079E-09 1.0323E-09 1.0571E-09 1.0828E-09 1.1095E-09 1.1357E-09 1.1622E-09 1.1892E-09 1.2166E-09 1.2444E-09 1.2726E-09 1.3024E-09 1.3320E-09 1.3615E-09 1.3914E-09 1.4217E-09 1.4524E-09 1.4834E-09 1.5148E-09 1.5472E-09 1.5799E-09 1.6131E-09 1.6459E-09 1.6791E-09 1.7125E-09 1.7462E-09 1.7801E-09 1.8142E-09 1.8493E-09 1.8839E-09 1.9195E-09 1.9552E-09 1.9903E-09 2.0255E-09 2.0608E-09 2.0961E-09 2.1313E-09 2.1666E-09 2.2017E-09 2.2368E-09 2.2743E-09 2.3092E-09 2.3439E-09 2.3783E-09 2.4150E-09 2.4489E-09 2.4824E-09 2.5155E-09 2.5507E-09 2.5828E-09
8.5330E-10 8.7511E-10 8.9691E-10 9.1912E-10 9.4172E-10 9.6473E-10 9.8813E-10 1.0124E-09 1.0377E-09 1.0624E-09 1.0875E-09 1.1131E-09 1.1391E-09 1.1654E-09 1.1927E-09 1.2205E-09 1.2487E-09 1.2768E-09 1.3053E-09 1.3342E-09 1.3635E-09 1.3932E-09 1.4238E-09 1.4549E-09 1.4863E-09 1.5176E-09 1.5492E-09 1.5812E-09 1.6134E-09 1.6460E-09 1.6789E-09 1.7127E-09 1.7469E-09 1.7813E-09 1.8153E-09 1.8496E-09 1.8840E-09 1.9186E-09 1.9534E-09 1.9882E-09 2.0232E-09 2.0589E-09 2.0940E-09 2.1299E-09 2.1650E-09 2.2009E-09 2.2359E-09 2.2707E-09 2.3053E-09 2.3423E-09 2.3767E-09 2.4107E-09 2.4444E-09 2.4803E-09 2.5134E-09 2.5459E-09 2.5779E-09
8.5833E-10 8.7960E-10 9.0127E-10 9.2332E-10 9.4622E-10 9.7003E-10 9.9338E-10 1.0171E-09 1.0413E-09 1.0658E-09 1.0908E-09 1.1167E-09 1.1430E-09 1.1698E-09 1.1964E-09 1.2235E-09 1.2510E-09 1.2789E-09 1.3072E-09 1.3364E-09 1.3661E-09 1.3962E-09 1.4261E-09 1.4564E-09 1.4871E-09 1.5181E-09 1.5494E-09 1.5818E-09 1.6144E-09 1.6475E-09 1.6802E-09 1.7133E-09 1.7465E-09 1.7801E-09 1.8138E-09 1.8478E-09 1.8820E-09 1.9171E-09 1.9524E-09 1.9870E-09 2.0226E-09 2.0575E-09 2.0924E-09 2.1274E-09 2.1623E-09 2.1971E-09 2.2318E-09 2.2664E-09 2.3035E-09 2.3378E-09 2.3720E-09 2.4075E-09 2.4420E-09 2.4753E-09 2.5082E-09 2.5432E-09 2.5752E-09
8.6251E-10 8.8408E-10 9.0650E-10 9.2850E-10 9.5089E-10 9.7368E-10 9.9685E-10 1.0204E-09 1.0449E-09 1.0703E-09 1.0951E-09 1.1204E-09 1.1461E-09 1.1722E-09 1.1986E-09 1.2255E-09 1.2538E-09 1.2821E-09 1.3103E-09 1.3388E-09 1.3678E-09 1.3971E-09 1.4268E-09 1.4568E-09 1.4878E-09 1.5193E-09 1.5511E-09 1.5826E-09 1.6145E-09 1.6467E-09 1.6791E-09 1.7119E-09 1.7449E-09 1.7789E-09 1.8132E-09 1.8477E-09 1.8817E-09 1.9159E-09 1.9503E-09 1.9847E-09 2.0193E-09 2.0539E-09 2.0886E-09 2.1241E-09 2.1587E-09 2.1942E-09 2.2296E-09 2.2642E-09 2.2985E-09 2.3326E-09 2.3692E-09 2.4030E-09 2.4364E-09 2.4722E-09 2.5050E-09 2.5374E-09 2.5693E-09
8.6763E-10 8.8871E-10 9.1017E-10 9.3201E-10 9.5424E-10 9.7731E-10 1.0013E-09 1.0248E-09 1.0487E-09 1.0729E-09 1.0976E-09 1.1227E-09 1.1487E-09 1.1751E-09 1.2019E-09 1.2287E-09 1.2559E-09 1.2834E-09 1.3113E-09 1.3396E-09 1.3689E-09 1.3986E-09 1.4287E-09 1.4586E-09 1.4889E-09 1.5195E-09 1.5505E-09 1.5817E-09 1.6133E-09 1.6459E-09 1.6788E-09 1.7121E-09 1.7450E-09 1.7781E-09 1.8114E-09 1.8450E-09 1.8788E-09 1.9127E-09 1.9475E-09 1.9817E-09 2.0169E-09 2.0521E-09 2.0867E-09 2.1212E-09 2.1558E-09 2.1902E-09 2.2246E-09 2.2597E-09 2.2947E-09 2.3297E-09 2.3635E-09 2.3970E-09 2.4330E-09 2.4661E-09 2.4988E-09 2.5337E-09 2.5656E-09
8.7116E-10 8.9209E-10 9.1383E-10 9.3642E-10 9.5858E-10 9.8112E-10 1.0041E-09 1.0274E-09 1.0511E-09 1.0756E-09 1.1006E-09 1.1261E-09 1.1515E-09 1.1772E-09 1.2034E-09 1.2299E-09 1.2568E-09 1.2847E-09 1.3136E-09 1.3417E-09 1.3703E-09 1.3992E-09 1.4285E-09 1.4582E-09 1.4882E-09 1.5192E-09 1.5505E-09 1.5823E-09 1.6137E-09 1.6455E-09 1.6775E-09 1.7099E-09 1.7425E-09 1.7753E-09 1.8091E-09 1.8431E-09 1.8767E-09 1.9112E-09 1.9451E-09 1.9792E-09 2.0134E-09 2.0476E-09 2.0827E-09 2.1170E-09 2.1522E-09 2.1874E-09 2.2217E-09 2.2558E-09 2.2899E-09 2.3246E-09 2.3600E-09 2.3935E-09 2.4267E-09 2.4596E-09 2.4949E-09 2.5271E-09 2.5588E-09
8.7514E-10 8.9642E-10 9.1766E-10 9.3927E-10 9.6126E-10 9.8363E-10 1.0068E-09 1.0305E-09 1.0545E-09 1.0785E-09 1.1029E-09 1.1277E-09 1.1528E-09 1.1784E-09 1.2054E-09 1.2323E-09 1.2591E-09 1.2863E-09 1.3138E-09 1.3418E-09 1.3701E-09 1.3993E-09 1.4290E-09 1.4591E-09 1.4889E-09 1.5191E-09 1.5497E-09 1.5805E-09 1.6117E-09 1.6432E-09 1.6756E-09 1.7084E-09 1.7415E-09 1.7742E-09 1.8071E-09 1.8403E-09 1.8736E-09 1.9071E-09 1.9415E-09 1.9761E-09 2.0101E-09 2.0450E-09 2.0792E-09 2.1134E-09 2.1484E-09 2.1826E-09 2.2176E-09 2.2525E-09 2.2865E-09 2.3203E-09 2.3539E-09 2.3881E-09 2.4229E-09 2.4558E-09 2.4883E-09 2.5221E-09 2.5548E-09
8.7846E-10 8.9918E-10 9.2025E-10 9.4170E-10 9.6443E-10 9.8714E-10 1.0098E-09 1.0328E-09 1.0563E-09 1.0801E-09 1.1042E-09 1.1298E-09 1.1553E-09 1.1808E-09 1.2066E-09 1.2328E-09 1.2593E-09 1.2863E-09 1.3142E-09 1.3425E-09 1.3712E-09 1.3997E-09 1.4286E-09 1.4579E-09 1.4875E-09 1.5174E-09 1.5483E-09 1.5795E-09 1.6112E-09 1.6425E-09 1.6741E-09 1.7060E-09 1.7382E-09 1.7706E-09 1.8039E-09 1.8376E-09 1.8715E-09 1.9048E-09 1.9384E-09 1.9721E-09 2.0066E-09 2.0413E-09 2.0761E-09 2.1103E-09 2.1444E-09 2.1785E-09 2.2133E-09 2.2473E-09 2.2821E-09 2.3166E-09 2.3502E-09 2.3836E-09 2.4166E-09 2.4502E-09 2.4844E-09 2.5165E-09 2.5481E-09
