Assets/Resources/2015_m01_d22_1800(utc+0800)_l00_csi_1hr_conc.grd
DSAA
         159         159
     -79.000      79.000
     -79.000      79.000
  0.0000E+00  0.3393E-05
[rows 0 to 24 of 159, columns 57 to 113 of 159]
1.1830E-08 1.1557E-08 1.1277E-08 1.0993E-08 1.0706E-08 1.0419E-08 1.0136E-08 9.8559E-09 9.5802E-09 9.3094E-09 9.0464E-09 8.7905E-09 8.5408E-09 8.2988E-09 8.0639E-09 7.8355E-09 7.6150E-09 7.4010E-09 7.1943E-09 6.9944E-09 6.8009E-09 6.6146E-09 6.4336E-09 6.2586E-09 6.0864E-09 5.9184E-09 5.7554E-09 5.5961E-09 5.4444E-09 5.2919E-09 5.1453E-09 5.0030E-09 4.8621E-09 4.7283E-09 4.5936E-09 4.4625E-09 4.3360E-09 4.2105E-09 4.0883E-09 3.9698E-09 3.8540E-09 3.7395E-09 3.6287E-09 3.5205E-09 3.3910E-09 3.2906E-09 3.1916E-09 3.0715E-09 2.9807E-09 2.8805E-09 2.7820E-09 2.6994E-09 2.5959E-09 2.5022E-09 2.4196E-09 2.3288E-09 2.2601E-09
1.2238E-08 1.1947E-08 1.1648E-08 1.1345E-08 1.1041E-08 1.0736E-08 1.0433E-08 1.0134E-08 9.8415E-09 9.5560E-09 9.2760E-09 9.0055E-09 8.7425E-09 8.4882E-09 8.2414E-09 8.0032E-09 7.7723E-09 7.5496E-09 7.3347E-09 7.1269E-09 6.9267E-09 6.7330E-09 6.5466E-09 6.3657E-09 6.1870E-09 6.0152E-09 5.8482E-09 5.6841E-09 5.5284E-09 5.3743E-09 5.2232E-09 5.0791E-09 4.9369E-09 4.8001E-09 4.6637E-09 4.5286E-09 4.3997E-09 4.2719E-09 4.1470E-09 4.0255E-09 3.9077E-09 3.7906E-09 3.6775E-09 3.5672E-09 3.4475E-09 3.3324E-09 3.2315E-09 3.1087E-09 3.0163E-09 2.9144E-09 2.8138E-09 2.7298E-09 2.6245E-09 2.5293E-09 2.4454E-09 2.3530E-09 2.2833E-09
1.2643E-08 1.2334E-08 1.2017E-08 1.1693E-08 1.1370E-08 1.1047E-08 1.0727E-08 1.0410E-08 1.0099E-08 9.7959E-09 9.5020E-09 9.2153E-09 8.9397E-09 8.6718E-09 8.4142E-09 8.1652E-09 7.9248E-09 7.6930E-09 7.4697E-09 7.2547E-09 7.0471E-09 6.8473E-09 6.6546E-09 6.4678E-09 6.2838E-09 6.1074E-09 5.9364E-09 5.7691E-09 5.6085E-09 5.4525E-09 5.2975E-09 5.1513E-09 5.0085E-09 4.8680E-09 4.7313E-09 4.5925E-09 4.4610E-09 4.3307E-09 4.2034E-09 4.0792E-09 3.9593E-09 3.8402E-09 3.7242E-09 3.6123E-09 3.4899E-09 3.3729E-09 3.2699E-09 3.1562E-09 3.0504E-09 2.9579E-09 2.8444E-09 2.7590E-09 2.6627E-09 2.5551E-09 2.4699E-09 2.3934E-09 2.3054E-09
1.3038E-08 1.2715E-08 1.2379E-08 1.2039E-08 1.1695E-08 1.1353E-08 1.1014E-08 1.0681E-08 1.0352E-08 1.0033E-08 9.7212E-09 9.4213E-09 9.1301E-09 8.8509E-09 8.5803E-09 8.3211E-09 8.0716E-09 7.8306E-09 7.5994E-09 7.3765E-09 7.1626E-09 6.9560E-09 6.7576E-09 6.5647E-09 6.3757E-09 6.1947E-09 6.0199E-09 5.8490E-09 5.6849E-09 5.5259E-09 5.3681E-09 5.2202E-09 5.0755E-09 4.9329E-09 4.7939E-09 4.6542E-09 4.5195E-09 4.3870E-09 4.2571E-09 4.1308E-09 4.0081E-09 3.8880E-09 3.7688E-09 3.6553E-09 3.5428E-09 3.4112E-09 3.3071E-09 3.1907E-09 3.0830E-09 2.9890E-09 2.8735E-09 2.7868E-09 2.6890E-09 2.5798E-09 2.5023E-09 2.4157E-09 2.3264E-09
1.3433E-08 1.3089E-08 1.2737E-08 1.2378E-08 1.2017E-08 1.1656E-08 1.1298E-08 1.0945E-08 1.0601E-08 1.0265E-08 9.9379E-09 9.6205E-09 9.3156E-09 9.0226E-09 8.7413E-09 8.4701E-09 8.2110E-09 7.9623E-09 7.7224E-09 7.4929E-09 7.2717E-09 7.0596E-09 6.8551E-09 6.6556E-09 6.4628E-09 6.2770E-09 6.0983E-09 5.9251E-09 5.7560E-09 5.5950E-09 5.4349E-09 5.2840E-09 5.1390E-09 4.9925E-09 4.8531E-09 4.7112E-09 4.5751E-09 4.4405E-09 4.3082E-09 4.1796E-09 4.0548E-09 3.9328E-09 3.8119E-09 3.6958E-09 3.5821E-09 3.4476E-09 3.3423E-09 3.2238E-09 3.1140E-09 3.0188E-09 2.9123E-09 2.8132E-09 2.7139E-09 2.6032E-09 2.5246E-09 2.4368E-09 2.3463E-09
1.3810E-08 1.3453E-08 1.3083E-08 1.2707E-08 1.2327E-08 1.1948E-08 1.1572E-08 1.1202E-08 1.0840E-08 1.0486E-08 1.0145E-08 9.8138E-09 9.4940E-09 9.1871E-09 8.8946E-09 8.6131E-09 8.3436E-09 8.0859E-09 7.8393E-09 7.6018E-09 7.3748E-09 7.1567E-09 6.9469E-09 6.7414E-09 6.5437E-09 6.3546E-09 6.1716E-09 5.9954E-09 5.8231E-09 5.6591E-09 5.4971E-09 5.3438E-09 5.1971E-09 5.0490E-09 4.9075E-09 4.7649E-09 4.6264E-09 4.4912E-09 4.3563E-09 4.2260E-09 4.0988E-09 3.9752E-09 3.8524E-09 3.7345E-09 3.6188E-09 3.4948E-09 3.3750E-09 3.2669E-09 3.1434E-09 3.0468E-09 2.9386E-09 2.8380E-09 2.7480E-09 2.6432E-09 2.5455E-09 2.4566E-09 2.3649E-09
1.4181E-08 1.3804E-08 1.3420E-08 1.3028E-08 1.2630E-08 1.2233E-08 1.1838E-08 1.1452E-08 1.1072E-08 1.0702E-08 1.0342E-08 9.9979E-09 9.6648E-09 9.3443E-09 9.0388E-09 8.7485E-09 8.4688E-09 8.2025E-09 7.9479E-09 7.7045E-09 7.4709E-09 7.2470E-09 7.0316E-09 6.8208E-09 6.6195E-09 6.4259E-09 6.2401E-09 6.0609E-09 5.8854E-09 5.7182E-09 5.5557E-09 5.3986E-09 5.2506E-09 5.1007E-09 4.9576E-09 4.8142E-09 4.6737E-09 4.5380E-09 4.4014E-09 4.2695E-09 4.1400E-09 4.0149E-09 3.8904E-09 3.7705E-09 3.6536E-09 3.5273E-09 3.4063E-09 3.2961E-09 3.1712E-09 3.0730E-09 2.9633E-09 2.8613E-09 2.7700E-09 2.6640E-09 2.5651E-09 2.4751E-09 2.3823E-09
1.4541E-08 1.4145E-08 1.3741E-08 1.3333E-08 1.2923E-08 1.2507E-08 1.2096E-08 1.1690E-08 1.1295E-08 1.0910E-08 1.0536E-08 1.0173E-08 9.8277E-09 9.4934E-09 9.1758E-09 8.8732E-09 8.5866E-09 8.3106E-09 8.0488E-09 7.7990E-09 7.5597E-09 7.3305E-09 7.1086E-09 6.8940E-09 6.6881E-09 6.4915E-09 6.3020E-09 6.1201E-09 5.9423E-09 5.7724E-09 5.6090E-09 5.4495E-09 5.2989E-09 5.1479E-09 5.0034E-09 4.8588E-09 4.7172E-09 4.5800E-09 4.4435E-09 4.3097E-09 4.1784E-09 4.0516E-09 3.9259E-09 3.8039E-09 3.6859E-09 3.5577E-09 3.4351E-09 3.3237E-09 3.2084E-09 3.0978E-09 2.9863E-09 2.8830E-09 2.7905E-09 2.6833E-09 2.5832E-09 2.4921E-09 2.3984E-09
1.4885E-08 1.4470E-08 1.4049E-08 1.3624E-08 1.3194E-08 1.2767E-08 1.2339E-08 1.1917E-08 1.1502E-08 1.1102E-08 1.0714E-08 1.0339E-08 9.9783E-09 9.6335E-09 9.3036E-09 8.9907E-09 8.6932E-09 8.4114E-09 8.1412E-09 7.8851E-09 7.6407E-09 7.4061E-09 7.1788E-09 6.9597E-09 6.7505E-09 6.5503E-09 6.3580E-09 6.1738E-09 5.9934E-09 5.8207E-09 5.6577E-09 5.4946E-09 5.3428E-09 5.1902E-09 5.0436E-09 4.8995E-09 4.7553E-09 4.6185E-09 4.4801E-09 4.3468E-09 4.2135E-09 4.0855E-09 3.9584E-09 3.8348E-09 3.7152E-09 3.5981E-09 3.4614E-09 3.3491E-09 3.2322E-09 3.1203E-09 3.0077E-09 2.9028E-09 2.8094E-09 2.7009E-09 2.5998E-09 2.5078E-09 2.4131E-09
1.5214E-08 1.4779E-08 1.4340E-08 1.3897E-08 1.3454E-08 1.3008E-08 1.2567E-08 1.2131E-08 1.1702E-08 1.1283E-08 1.0881E-08 1.0491E-08 1.0118E-08 9.7612E-09 9.4210E-09 9.0985E-09 8.7917E-09 8.5015E-09 8.2258E-09 7.9625E-09 7.7127E-09 7.4741E-09 7.2408E-09 7.0186E-09 6.8054E-09 6.6027E-09 6.4081E-09 6.2204E-09 6.0391E-09 5.8637E-09 5.7000E-09 5.5354E-09 5.3813E-09 5.2278E-09 5.0794E-09 4.9340E-09 4.7897E-09 4.6514E-09 4.5133E-09 4.3788E-09 4.2456E-09 4.1160E-09 3.9879E-09 3.8627E-09 3.7421E-09 3.6235E-09 3.4857E-09 3.3717E-09 3.2540E-09 3.1406E-09 3.0383E-09 2.9211E-09 2.8265E-09 2.7278E-09 2.6148E-09 2.5308E-09 2.4437E-09
1.5521E-08 1.5068E-08 1.4608E-08 1.4148E-08 1.3688E-08 1.3231E-08 1.2775E-08 1.2324E-08 1.1882E-08 1.1450E-08 1.1033E-08 1.0630E-08 1.0246E-08 9.8778E-09 9.5266E-09 9.1952E-09 8.8808E-09 8.5821E-09 8.3004E-09 8.0316E-09 7.7761E-09 7.5317E-09 7.2954E-09 7.0691E-09 6.8538E-09 6.6486E-09 6.4508E-09 6.2619E-09 6.0777E-09 5.9020E-09 5.7366E-09 5.5701E-09 5.4146E-09 5.2602E-09 5.1100E-09 4.9642E-09 4.8184E-09 4.6803E-09 4.5414E-09 4.4068E-09 4.2732E-09 4.1432E-09 4.0142E-09 3.8877E-09 3.7660E-09 3.6464E-09 3.5071E-09 3.3923E-09 3.2731E-09 3.1591E-09 3.0555E-09 2.9375E-09 2.8419E-09 2.7422E-09 2.6283E-09 2.5434E-09 2.4556E-09
1.5815E-08 1.5341E-08 1.4865E-08 1.4384E-08 1.3907E-08 1.3434E-08 1.2966E-08 1.2502E-08 1.2044E-08 1.1600E-08 1.1170E-08 1.0756E-08 1.0359E-08 9.9818E-09 9.6208E-09 9.2803E-09 8.9582E-09 8.6533E-09 8.3640E-09 8.0914E-09 7.8303E-09 7.5808E-09 7.3406E-09 7.1124E-09 6.8936E-09 6.6862E-09 6.4865E-09 6.2958E-09 6.1100E-09 5.9340E-09 5.7673E-09 5.5994E-09 5.4426E-09 5.2869E-09 5.1361E-09 4.9889E-09 4.8425E-09 4.7041E-09 4.5648E-09 4.4306E-09 4.2963E-09 4.1668E-09 4.0370E-09 3.9097E-09 3.7868E-09 3.6665E-09 3.5381E-09 3.4104E-09 3.2900E-09 3.1751E-09 3.0709E-09 2.9517E-09 2.8555E-09 2.7548E-09 2.6400E-09 2.5545E-09 2.4659E-09
1.6079E-08 1.5589E-08 1.5093E-08 1.4596E-08 1.4101E-08 1.3611E-08 1.3130E-08 1.2654E-08 1.2190E-08 1.1731E-08 1.1290E-08 1.0865E-08 1.0458E-08 1.0071E-08 9.7032E-09 9.3534E-09 9.0251E-09 8.7130E-09 8.4189E-09 8.1392E-09 7.8760E-09 7.6199E-09 7.3772E-09 7.1471E-09 6.9255E-09 6.7170E-09 6.5151E-09 6.3231E-09 6.1359E-09 5.9598E-09 5.7918E-09 5.6226E-09 5.4648E-09 5.3086E-09 5.1562E-09 5.0092E-09 4.8615E-09 4.7227E-09 4.5838E-09 4.4490E-09 4.3156E-09 4.1851E-09 4.0565E-09 3.9282E-09 3.8047E-09 3.6833E-09 3.5544E-09 3.4254E-09 3.3047E-09 3.1886E-09 3.0839E-09 2.9639E-09 2.8671E-09 2.7657E-09 2.6500E-09 2.5639E-09 2.4746E-09
1.6323E-08 1.5814E-08 1.5300E-08 1.4787E-08 1.4275E-08 1.3770E-08 1.3271E-08 1.2785E-08 1.2308E-08 1.1844E-08 1.1390E-08 1.0957E-08 1.0541E-08 1.0146E-08 9.7696E-09 9.4139E-09 9.0787E-09 8.7626E-09 8.4623E-09 8.1787E-09 7.9102E-09 7.6515E-09 7.4053E-09 7.1725E-09 6.9504E-09 6.7390E-09 6.5372E-09 6.3419E-09 6.1558E-09 5.9790E-09 5.8095E-09 5.6402E-09 5.4811E-09 5.3241E-09 5.1718E-09 5.0234E-09 4.8759E-09 4.7365E-09 4.5969E-09 4.4635E-09 4.3291E-09 4.1999E-09 4.0705E-09 3.9435E-09 3.8190E-09 3.6973E-09 3.5673E-09 3.4380E-09 3.3163E-09 3.1999E-09 3.0942E-09 2.9741E-09 2.8764E-09 2.7747E-09 2.6583E-09 2.5715E-09 2.4817E-09
1.6539E-08 1.6012E-08 1.5481E-08 1.4949E-08 1.4422E-08 1.3902E-08 1.3392E-08 1.2890E-08 1.2405E-08 1.1932E-08 1.1473E-08 1.1031E-08 1.0607E-08 1.0204E-08 9.8225E-09 9.4600E-09 9.1197E-09 8.7986E-09 8.4948E-09 8.2072E-09 7.9338E-09 7.6717E-09 7.4245E-09 7.1888E-09 6.9662E-09 6.7534E-09 6.5504E-09 6.3547E-09 6.1690E-09 5.9913E-09 5.8212E-09 5.6505E-09 5.4918E-09 5.3339E-09 5.1812E-09 5.0328E-09 4.8850E-09 4.7453E-09 4.6056E-09 4.4719E-09 4.3387E-09 4.2093E-09 4.0808E-09 3.9539E-09 3.8301E-09 3.7078E-09 3.5774E-09 3.4475E-09 3.3254E-09 3.2084E-09 3.1025E-09 2.9815E-09 2.8838E-09 2.7813E-09 2.6648E-09 2.5774E-09 2.4871E-09
1.6727E-08 1.6185E-08 1.5636E-08 1.5090E-08 1.4545E-08 1.4011E-08 1.3486E-08 1.2976E-08 1.2478E-08 1.1998E-08 1.1533E-08 1.1085E-08 1.0656E-08 1.0246E-08 9.8596E-09 9.4929E-09 9.1480E-09 8.8222E-09 8.5153E-09 8.2244E-09 7.9473E-09 7.6821E-09 7.4345E-09 7.1966E-09 6.9730E-09 6.7594E-09 6.5556E-09 6.3603E-09 6.1751E-09 5.9968E-09 5.8257E-09 5.6553E-09 5.4959E-09 5.3378E-09 5.1854E-09 5.0362E-09 4.8888E-09 4.7494E-09 4.6089E-09 4.4759E-09 4.3429E-09 4.2143E-09 4.0864E-09 3.9601E-09 3.8371E-09 3.7150E-09 3.5844E-09 3.4540E-09 3.3317E-09 3.2143E-09 3.1081E-09 2.9869E-09 2.8887E-09 2.7862E-09 2.6690E-09 2.5815E-09 2.4907E-09
1.6884E-08 1.6323E-08 1.5761E-08 1.5197E-08 1.4641E-08 1.4091E-08 1.3555E-08 1.3033E-08 1.2528E-08 1.2041E-08 1.1571E-08 1.1119E-08 1.0684E-08 1.0272E-08 9.8795E-09 9.5104E-09 9.1616E-09 8.8337E-09 8.5233E-09 8.2311E-09 7.9491E-09 7.6842E-09 7.4332E-09 7.1966E-09 6.9705E-09 6.7576E-09 6.5526E-09 6.3588E-09 6.1740E-09 5.9950E-09 5.8238E-09 5.6529E-09 5.4942E-09 5.3355E-09 5.1835E-09 5.0341E-09 4.8875E-09 4.7477E-09 4.6083E-09 4.4749E-09 4.3422E-09 4.2148E-09 4.0870E-09 3.9622E-09 3.8392E-09 3.7188E-09 3.5879E-09 3.4576E-09 3.3349E-09 3.2176E-09 3.1109E-09 2.9898E-09 2.8912E-09 2.7886E-09 2.6713E-09 2.5835E-09 2.4927E-09
1.7009E-08 1.6435E-08 1.5855E-08 1.5278E-08 1.4708E-08 1.4148E-08 1.3600E-08 1.3067E-08 1.2552E-08 1.2059E-08 1.1585E-08 1.1129E-08 1.0695E-08 1.0278E-08 9.8840E-09 9.5108E-09 9.1610E-09 8.8305E-09 8.5193E-09 8.2246E-09 7.9411E-09 7.6756E-09 7.4239E-09 7.1858E-09 6.9604E-09 6.7467E-09 6.5422E-09 6.3503E-09 6.1651E-09 5.9865E-09 5.8144E-09 5.6444E-09 5.4859E-09 5.3268E-09 5.1762E-09 5.0259E-09 4.8806E-09 4.7410E-09 4.6019E-09 4.4694E-09 4.3369E-09 4.2098E-09 4.0836E-09 3.9589E-09 3.8378E-09 3.7172E-09 3.5882E-09 3.4578E-09 3.3354E-09 3.2178E-09 3.1112E-09 2.9899E-09 2.8916E-09 2.7886E-09 2.6715E-09 2.5835E-09 2.4926E-09
1.7099E-08 1.6511E-08 1.5920E-08 1.5329E-08 1.4746E-08 1.4175E-08 1.3619E-08 1.3080E-08 1.2556E-08 1.2054E-08 1.1575E-08 1.1119E-08 1.0682E-08 1.0266E-08 9.8702E-09 9.4962E-09 9.1439E-09 8.8139E-09 8.5014E-09 8.2042E-09 7.9213E-09 7.6558E-09 7.4043E-09 7.1661E-09 6.9401E-09 6.7270E-09 6.5238E-09 6.3332E-09 6.1488E-09 5.9700E-09 5.7985E-09 5.6291E-09 5.4713E-09 5.3121E-09 5.1623E-09 5.0123E-09 4.8683E-09 4.7286E-09 4.5911E-09 4.4585E-09 4.3270E-09 4.2006E-09 4.0742E-09 3.9519E-09 3.8308E-09 3.7123E-09 3.5835E-09 3.4548E-09 3.3325E-09 3.2152E-09 3.1085E-09 2.9876E-09 2.8891E-09 2.7865E-09 2.6692E-09 2.5816E-09 2.4904E-09
1.7154E-08 1.6552E-08 1.5949E-08 1.5348E-08 1.4756E-08 1.4173E-08 1.3608E-08 1.3061E-08 1.2534E-08 1.2027E-08 1.1545E-08 1.1085E-08 1.0649E-08 1.0233E-08 9.8396E-09 9.4655E-09 9.1119E-09 8.7823E-09 8.4705E-09 8.1716E-09 7.8901E-09 7.6251E-09 7.3740E-09 7.1369E-09 6.9118E-09 6.6992E-09 6.4988E-09 6.3088E-09 6.1242E-09 5.9469E-09 5.7748E-09 5.6075E-09 5.4499E-09 5.2913E-09 5.1431E-09 4.9920E-09 4.8505E-09 4.7108E-09 4.5746E-09 4.4428E-09 4.3123E-09 4.1864E-09 4.0610E-09 3.9394E-09 3.8200E-09 3.7024E-09 3.5751E-09 3.4475E-09 3.3266E-09 3.2095E-09 3.1030E-09 2.9825E-09 2.8843E-09 2.7712E-09 2.6649E-09 2.5772E-09 2.4864E-09
1.7171E-08 1.6560E-08 1.5946E-08 1.5335E-08 1.4734E-08 1.4146E-08 1.3572E-08 1.3019E-08 1.2484E-08 1.1976E-08 1.1490E-08 1.1031E-08 1.0594E-08 1.0181E-08 9.7893E-09 9.4171E-09 9.0660E-09 8.7357E-09 8.4244E-09 8.1268E-09 7.8476E-09 7.5838E-09 7.3347E-09 7.0973E-09 6.8752E-09 6.6625E-09 6.4660E-09 6.2758E-09 6.0923E-09 5.9156E-09 5.7441E-09 5.5790E-09 5.4216E-09 5.2650E-09 5.1173E-09 4.9668E-09 4.8270E-09 4.6875E-09 4.5533E-09 4.4218E-09 4.2926E-09 4.1678E-09 4.0431E-09 3.9226E-09 3.8045E-09 3.6882E-09 3.5502E-09 3.4361E-09 3.3170E-09 3.2007E-09 3.0838E-09 2.9747E-09 2.8768E-09 2.7641E-09 2.6582E-09 2.5707E-09 2.4801E-09
1.7154E-08 1.6532E-08 1.5910E-08 1.5292E-08 1.4682E-08 1.4086E-08 1.3510E-08 1.2952E-08 1.2416E-08 1.1901E-08 1.1415E-08 1.0953E-08 1.0520E-08 1.0109E-08 9.7195E-09 9.3526E-09 9.0028E-09 8.6757E-09 8.3637E-09 8.0692E-09 7.7932E-09 7.5319E-09 7.2843E-09 7.0494E-09 6.8283E-09 6.6199E-09 6.4238E-09 6.2356E-09 6.0520E-09 5.8773E-09 5.7060E-09 5.5438E-09 5.3865E-09 5.2321E-09 5.0853E-09 4.9363E-09 4.7979E-09 4.6587E-09 4.5264E-09 4.3960E-09 4.2684E-09 4.1438E-09 4.0212E-09 3.9013E-09 3.7842E-09 3.6699E-09 3.5329E-09 3.4212E-09 3.3029E-09 3.1888E-09 3.0724E-09 2.9641E-09 2.8665E-09 2.7546E-09 2.6489E-09 2.5531E-09 2.4544E-09
1.7101E-08 1.6472E-08 1.5842E-08 1.5216E-08 1.4601E-08 1.4000E-08 1.3415E-08 1.2856E-08 1.2318E-08 1.1805E-08 1.1317E-08 1.0857E-08 1.0423E-08 1.0017E-08 9.6333E-09 9.2683E-09 8.9250E-09 8.5987E-09 8.2913E-09 7.9992E-09 7.7274E-09 7.4684E-09 7.2242E-09 6.9913E-09 6.7732E-09 6.5685E-09 6.3734E-09 6.1863E-09 6.0050E-09 5.8315E-09 5.6607E-09 5.5019E-09 5.3443E-09 5.1934E-09 5.0457E-09 4.9004E-09 4.7631E-09 4.6252E-09 4.4949E-09 4.3648E-09 4.2391E-09 4.1156E-09 3.9942E-09 3.8759E-09 3.7601E-09 3.6465E-09 3.5123E-09 3.4011E-09 3.2857E-09 3.1720E-09 3.0583E-09 2.9505E-09 2.8432E-09 2.7423E-09 2.6375E-09 2.5419E-09 2.4440E-09
1.7018E-08 1.6378E-08 1.5741E-08 1.5112E-08 1.4492E-08 1.3888E-08 1.3303E-08 1.2738E-08 1.2198E-08 1.1684E-08 1.1199E-08 1.0742E-08 1.0310E-08 9.9073E-09 9.5275E-09 9.1712E-09 8.8310E-09 8.5084E-09 8.2048E-09 7.9191E-09 7.6500E-09 7.3956E-09 7.1535E-09 6.9240E-09 6.7094E-09 6.5083E-09 6.3144E-09 6.1291E-09 5.9499E-09 5.7786E-09 5.6094E-09 5.4529E-09 5.2959E-09 5.1478E-09 5.0003E-09 4.8584E-09 4.7217E-09 4.5867E-09 4.4574E-09 4.3289E-09 4.2050E-09 4.0822E-09 3.9631E-09 3.8459E-09 3.7316E-09 3.6197E-09 3.4866E-09 3.3778E-09 3.2520E-09 3.1521E-09 3.0399E-09 2.9341E-09 2.8275E-09 2.7275E-09 2.6233E-09 2.5286E-09 2.4311E-09
1.6889E-08 1.6249E-08 1.5607E-08 1.4971E-08 1.4349E-08 1.3744E-08 1.3158E-08 1.2595E-08 1.2057E-08 1.1544E-08 1.1063E-08 1.0608E-08 1.0183E-08 9.7821E-09 9.4075E-09 9.0542E-09 8.7222E-09 8.4040E-09 8.1067E-09 7.8256E-09 7.5621E-09 7.3103E-09 7.0729E-09 6.8469E-09 6.6373E-09 6.4388E-09 6.2473E-09 6.0635E-09 5.8871E-09 5.7172E-09 5.5518E-09 5.3975E-09 5.2416E-09 5.0965E-09 4.9486E-09 4.8109E-09 4.6746E-09 4.5426E-09 4.4152E-09 4.2880E-09 4.1661E-09 4.0447E-09 3.9271E-09 3.8116E-09 3.6990E-09 3.5761E-09 3.4574E-09 3.3500E-09 3.2267E-09 3.1281E-09 3.0069E-09 2.9141E-09 2.8091E-09 2.7100E-09 2.6067E-09 2.5128E-09 2.4161E-09
