Assets/Resources/2015_m01_d12_0900(utc+0800)_l00_csi_1hr_conc.grd
DSAA
         159         159
     -79.000      79.000
     -79.000      79.000
  0.0000E+00  0.3273E-05
[rows 50 to 74 of 159, columns 0 to 56 of 159]
1.0735E-10 1.4500E-10 1.9053E-10 2.4685E-10 3.1458E-10 3.9944E-10 4.8840E-10 6.0051E-10 7.2889E-10 8.7815E-10 1.0488E-09 1.2450E-09 1.4708E-09 1.7132E-09 1.9921E-09 2.3023E-09 2.6427E-09 3.0207E-09 3.4287E-09 3.8767E-09 4.3613E-09 4.8776E-09 5.4377E-09 6.0310E-09 6.6703E-09 7.3359E-09 8.0366E-09 8.7685E-09 9.5112E-09 1.0276E-08 1.1041E-08 1.1806E-08 1.2554E-08 1.3271E-08 1.3949E-08 1.4569E-08 1.5110E-08 1.5560E-08 1.5893E-08 1.6095E-08 1.6146E-08 1.6032E-08 1.5743E-08 1.5274E-08 1.4629E-08 1.3820E-08 1.2862E-08 1.1780E-08 1.0605E-08 9.3732E-09 8.1150E-09 6.8766E-09 5.6882E-09 4.5840E-09 3.5881E-09 2.7106E-09 1.9695E-09
8.1806E-11 1.1223E-10 1.4977E-10 1.9678E-10 2.5326E-10 3.1935E-10 4.0308E-10 4.9150E-10 5.9906E-10 7.2473E-10 8.6885E-10 1.0344E-09 1.2245E-09 1.4344E-09 1.6741E-09 1.9434E-09 2.2396E-09 2.5711E-09 2.9343E-09 3.3365E-09 3.7685E-09 4.2479E-09 4.7597E-09 5.3117E-09 5.9121E-09 6.5474E-09 7.2234E-09 7.9335E-09 8.6750E-09 9.4487E-09 1.0236E-08 1.1042E-08 1.1845E-08 1.2640E-08 1.3419E-08 1.4151E-08 1.4831E-08 1.5433E-08 1.5935E-08 1.6316E-08 1.6550E-08 1.6624E-08 1.6517E-08 1.6223E-08 1.5733E-08 1.5056E-08 1.4199E-08 1.3186E-08 1.2044E-08 1.0805E-08 9.5107E-09 8.1947E-09 6.9018E-09 5.6648E-09 4.5207E-09 3.4977E-09 2.6070E-09
6.3435E-11 8.5258E-11 1.1553E-10 1.5299E-10 1.9961E-10 2.5365E-10 3.1794E-10 4.0050E-10 4.8469E-10 5.8986E-10 7.0942E-10 8.4727E-10 1.0078E-09 1.1864E-09 1.3892E-09 1.6188E-09 1.8754E-09 2.1637E-09 2.4797E-09 2.8375E-09 3.2235E-09 3.6500E-09 4.1252E-09 4.6258E-09 5.1824E-09 5.7793E-09 6.4241E-09 7.1089E-09 7.8363E-09 8.6048E-09 9.4040E-09 1.0236E-08 1.1080E-08 1.1940E-08 1.2799E-08 1.3638E-08 1.4447E-08 1.5192E-08 1.5863E-08 1.6421E-08 1.6852E-08 1.7127E-08 1.7225E-08 1.7128E-08 1.6830E-08 1.6319E-08 1.5605E-08 1.4702E-08 1.3633E-08 1.2427E-08 1.1121E-08 9.7537E-09 8.3635E-09 6.9991E-09 5.6987E-09 4.5030E-09 3.4455E-09
4.4169E-11 6.5504E-11 8.6677E-11 1.1753E-10 1.5384E-10 1.9836E-10 2.4876E-10 3.1236E-10 3.8823E-10 4.7029E-10 5.7132E-10 6.8457E-10 8.1619E-10 9.6509E-10 1.1364E-09 1.3314E-09 1.5482E-09 1.7968E-09 2.0687E-09 2.3802E-09 2.7229E-09 3.1020E-09 3.5236E-09 3.9855E-09 4.4939E-09 5.0485E-09 5.6532E-09 6.3059E-09 7.0066E-09 7.7585E-09 8.5543E-09 9.3934E-09 1.0267E-08 1.1174E-08 1.2096E-08 1.3028E-08 1.3945E-08 1.4830E-08 1.5654E-08 1.6393E-08 1.7020E-08 1.7510E-08 1.7829E-08 1.7959E-08 1.7874E-08 1.7568E-08 1.7041E-08 1.6293E-08 1.5343E-08 1.4221E-08 1.2944E-08 1.1554E-08 1.0095E-08 8.6108E-09 7.1561E-09 5.7806E-09 4.5267E-09
3.0523E-11 4.5742E-11 6.5992E-11 8.6571E-11 1.1626E-10 1.5136E-10 1.9265E-10 2.4204E-10 3.0167E-10 3.6973E-10 4.4991E-10 5.4384E-10 6.5192E-10 7.7371E-10 9.1558E-10 1.0784E-09 1.2603E-09 1.4718E-09 1.7043E-09 1.9724E-09 2.2708E-09 2.6047E-09 2.9785E-09 3.3903E-09 3.8523E-09 4.3599E-09 4.9188E-09 5.5312E-09 6.1939E-09 6.9181E-09 7.6953E-09 8.5278E-09 9.4138E-09 1.0345E-08 1.1320E-08 1.2320E-08 1.3330E-08 1.4330E-08 1.5299E-08 1.6205E-08 1.7030E-08 1.7728E-08 1.8280E-08 1.8648E-08 1.8806E-08 1.8738E-08 1.8432E-08 1.7884E-08 1.7110E-08 1.6106E-08 1.4910E-08 1.3543E-08 1.2046E-08 1.0476E-08 8.8848E-09 7.3370E-09 5.8858E-09
2.0392E-11 3.0718E-11 4.5094E-11 6.5041E-11 8.5033E-11 1.1261E-10 1.4421E-10 1.8374E-10 2.3124E-10 2.8586E-10 3.4921E-10 4.2385E-10 5.1107E-10 6.1030E-10 7.2654E-10 8.6062E-10 1.0102E-09 1.1890E-09 1.3843E-09 1.6131E-09 1.8701E-09 2.1585E-09 2.4851E-09 2.8491E-09 3.2612E-09 3.7182E-09 4.2277E-09 4.7925E-09 5.4091E-09 6.0955E-09 6.8399E-09 7.6564E-09 8.5359E-09 9.4723E-09 1.0474E-08 1.1516E-08 1.2594E-08 1.3691E-08 1.4776E-08 1.5840E-08 1.6840E-08 1.7747E-08 1.8525E-08 1.9134E-08 1.9550E-08 1.9745E-08 1.9693E-08 1.9392E-08 1.8828E-08 1.8010E-08 1.6942E-08 1.5650E-08 1.4177E-08 1.2563E-08 1.0879E-08 9.1748E-09 7.5302E-09
1.3423E-11 2.0328E-11 2.9882E-11 4.2810E-11 6.2932E-11 8.0900E-11 1.0578E-10 1.3555E-10 1.7242E-10 2.1552E-10 2.6476E-10 3.2427E-10 3.9334E-10 4.7230E-10 5.6596E-10 6.7436E-10 7.9602E-10 9.4381E-10 1.1064E-09 1.2993E-09 1.5168E-09 1.7634E-09 2.0453E-09 2.3600E-09 2.7236E-09 3.1289E-09 3.5861E-09 4.0994E-09 4.6655E-09 5.3048E-09 6.0047E-09 6.7877E-09 7.6388E-09 8.5640E-09 9.5661E-09 1.0624E-08 1.1746E-08 1.2908E-08 1.4091E-08 1.5278E-08 1.6433E-08 1.7524E-08 1.8514E-08 1.9360E-08 2.0034E-08 2.0496E-08 2.0724E-08 2.0697E-08 2.0389E-08 1.9793E-08 1.8913E-08 1.7759E-08 1.6368E-08 1.4784E-08 1.3047E-08 1.1241E-08 9.4318E-09
7.6129E-12 1.2594E-11 1.9152E-11 2.7928E-11 3.9759E-11 5.5409E-11 7.4530E-11 9.6567E-11 1.2444E-10 1.5763E-10 1.9570E-10 2.4189E-10 2.9542E-10 3.5809E-10 4.3117E-10 5.1930E-10 6.1690E-10 7.3659E-10 8.6946E-10 1.0281E-09 1.2088E-09 1.4172E-09 1.6582E-09 1.9283E-09 2.2424E-09 2.5960E-09 3.0009E-09 3.4574E-09 3.9680E-09 4.5518E-09 5.1990E-09 5.9343E-09 6.7415E-09 7.6345E-09 8.6130E-09 9.6638E-09 1.0800E-08 1.1995E-08 1.3239E-08 1.4518E-08 1.5791E-08 1.7036E-08 1.8209E-08 1.9274E-08 2.0193E-08 2.0920E-08 2.1433E-08 2.1687E-08 2.1664E-08 2.1339E-08 2.0695E-08 1.9750E-08 1.8511E-08 1.7011E-08 1.5299E-08 1.3445E-08 1.1534E-08
3.0385E-12 6.0377E-12 1.0322E-11 1.6570E-11 2.4087E-11 3.5130E-11 4.9418E-11 6.6155E-11 8.6570E-11 1.1193E-10 1.4043E-10 1.7593E-10 2.1685E-10 2.6582E-10 3.2277E-10 3.9217E-10 4.6967E-10 5.6537E-10 6.7179E-10 8.0112E-10 9.4697E-10 1.1190E-09 1.3213E-09 1.5496E-09 1.8177E-09 2.1197E-09 2.4705E-09 2.8743E-09 3.3292E-09 3.8527E-09 4.4409E-09 5.1132E-09 5.8613E-09 6.7016E-09 7.6331E-09 8.6520E-09 9.7690E-09 1.0963E-08 1.2234E-08 1.3562E-08 1.4915E-08 1.6277E-08 1.7592E-08 1.8842E-08 1.9972E-08 2.0949E-08 2.1734E-08 2.2276E-08 2.2553E-08 2.2520E-08 2.2163E-08 2.1467E-08 2.0444E-08 1.9108E-08 1.7502E-08 1.5684E-08 1.3724E-08
0.0000E+00 1.2882E-12 3.8872E-12 8.0837E-12 1.3706E-11 2.0610E-11 2.9681E-11 4.2680E-11 5.7680E-11 7.5823E-11 9.7786E-11 1.2353E-10 1.5489E-10 1.9305E-10 2.3587E-10 2.8991E-10 3.4963E-10 4.2584E-10 5.1037E-10 6.1128E-10 7.2969E-10 8.6817E-10 1.0319E-09 1.2230E-09 1.4484E-09 1.7080E-09 2.0061E-09 2.3522E-09 2.7475E-09 3.2079E-09 3.7283E-09 4.3314E-09 5.0114E-09 5.7823E-09 6.6484E-09 7.6102E-09 8.6825E-09 9.8435E-09 1.1105E-08 1.2433E-08 1.3829E-08 1.5250E-08 1.6668E-08 1.8059E-08 1.9366E-08 2.0561E-08 2.1594E-08 2.2417E-08 2.2986E-08 2.3260E-08 2.3205E-08 2.2806E-08 2.2039E-08 2.0927E-08 1.9504E-08 1.7806E-08 1.5908E-08
0.0000E+00 0.0000E+00 3.8372E-13 2.1373E-12 5.6205E-12 1.0630E-11 1.6738E-11 2.3571E-11 3.5128E-11 4.8577E-11 6.4157E-11 8.4199E-11 1.0736E-10 1.3436E-10 1.6789E-10 2.0869E-10 2.5452E-10 3.1429E-10 3.7940E-10 4.5909E-10 5.5325E-10 6.6302E-10 7.9497E-10 9.4929E-10 1.1321E-09 1.3445E-09 1.5953E-09 1.8881E-09 2.2234E-09 2.6186E-09 3.0724E-09 3.6030E-09 4.2061E-09 4.8997E-09 5.6826E-09 6.5732E-09 7.5661E-09 8.6674E-09 9.8745E-09 1.1175E-08 1.2562E-08 1.3999E-08 1.5473E-08 1.6960E-08 1.8399E-08 1.9773E-08 2.1021E-08 2.2096E-08 2.2948E-08 2.3521E-08 2.3776E-08 2.3683E-08 2.3222E-08 2.2385E-08 2.1195E-08 1.9690E-08 1.7919E-08
0.0000E+00 0.0000E+00 0.0000E+00 0.0000E+00 9.4804E-13 3.3576E-12 7.2211E-12 1.2644E-11 1.8961E-11 2.6518E-11 3.8993E-11 5.2904E-11 6.9230E-11 9.0456E-11 1.1463E-10 1.4404E-10 1.8070E-10 2.2506E-10 2.7398E-10 3.3555E-10 4.0887E-10 4.9390E-10 5.9767E-10 7.2008E-10 8.6452E-10 1.0370E-09 1.2406E-09 1.4771E-09 1.7626E-09 2.0930E-09 2.4803E-09 2.9318E-09 3.4571E-09 4.0623E-09 4.7588E-09 5.5551E-09 6.4606E-09 7.4731E-09 8.5974E-09 9.8299E-09 1.1166E-08 1.2578E-08 1.4064E-08 1.5595E-08 1.7129E-08 1.8640E-08 2.0068E-08 2.1366E-08 2.2471E-08 2.3326E-08 2.3889E-08 2.4104E-08 2.3955E-08 2.3430E-08 2.2524E-08 2.1273E-08 1.9701E-08
0.0000E+00 0.0000E+00 0.0000E+00 0.0000E+00 0.0000E+00 0.0000E+00 1.0531E-12 4.4826E-12 8.3150E-12 1.2888E-11 2.0118E-11 2.8396E-11 3.9954E-11 5.5601E-11 7.2146E-11 9.4013E-11 1.2130E-10 1.5292E-10 1.9070E-10 2.3739E-10 2.9199E-10 3.5733E-10 4.3828E-10 5.3169E-10 6.4535E-10 7.8225E-10 9.3937E-10 1.1355E-09 1.3615E-09 1.6285E-09 1.9469E-09 2.3286E-09 2.7726E-09 3.2921E-09 3.8935E-09 4.5902E-09 5.3916E-09 6.2955E-09 7.3155E-09 8.4491E-09 9.7020E-09 1.1057E-08 1.2512E-08 1.4050E-08 1.5641E-08 1.7251E-08 1.8824E-08 2.0319E-08 2.1653E-08 2.2772E-08 2.3626E-08 2.4145E-08 2.4312E-08 2.4082E-08 2.3486E-08 2.2517E-08 2.1191E-08
0.0000E+00 0.0000E+00 0.0000E+00 0.0000E+00 0.0000E+00 0.0000E+00 0.0000E+00 0.0000E+00 3.2431E-13 4.6607E-12 8.8121E-12 1.1963E-11 1.9503E-11 2.8935E-11 3.9144E-11 5.5627E-11 7.4399E-11 9.6236E-11 1.2667E-10 1.5962E-10 1.9948E-10 2.5062E-10 3.0867E-10 3.7949E-10 4.6818E-10 5.7008E-10 6.9573E-10 8.4665E-10 1.0251E-09 1.2392E-09 1.4936E-09 1.8035E-09 2.1672E-09 2.6003E-09 3.1027E-09 3.6935E-09 4.3827E-09 5.1719E-09 6.0682E-09 7.0831E-09 8.2295E-09 9.4975E-09 1.0894E-08 1.2415E-08 1.4029E-08 1.5714E-08 1.7405E-08 1.9073E-08 2.0619E-08 2.1984E-08 2.3106E-08 2.3918E-08 2.4373E-08 2.4464E-08 2.4158E-08 2.3478E-08 2.2410E-08
0.0000E+00 0.0000E+00 0.0000E+00 0.0000E+00 0.0000E+00 0.0000E+00 0.0000E+00 0.0000E+00 0.0000E+00 0.0000E+00 0.0000E+00 3.3560E-12 7.4694E-12 9.5839E-12 1.6772E-11 2.6465E-11 3.7258E-11 5.4786E-11 7.5932E-11 9.7732E-11 1.2796E-10 1.6270E-10 2.0620E-10 2.6052E-10 3.2642E-10 4.0319E-10 4.9879E-10 6.1325E-10 7.5336E-10 9.2018E-10 1.1208E-09 1.3625E-09 1.6532E-09 1.9969E-09 2.4027E-09 2.8853E-09 3.4560E-09 4.1213E-09 4.8906E-09 5.7874E-09 6.8105E-09 7.9784E-09 9.3008E-09 1.0777E-08 1.2395E-08 1.4128E-08 1.5932E-08 1.7753E-08 1.9499E-08 2.1105E-08 2.2483E-08 2.3561E-08 2.4296E-08 2.4644E-08 2.4628E-08 2.4216E-08 2.3436E-08
0.0000E+00 0.0000E+00 0.0000E+00 0.0000E+00 0.0000E+00 0.0000E+00 0.0000E+00 0.0000E+00 0.0000E+00 0.0000E+00 0.0000E+00 0.0000E+00 0.0000E+00 1.8600E-12 5.0312E-12 8.3648E-12 1.4097E-11 2.4100E-11 3.5877E-11 5.3944E-11 7.4368E-11 1.0110E-10 1.3193E-10 1.7111E-10 2.1756E-10 2.7560E-10 3.4698E-10 4.3360E-10 5.3680E-10 6.6461E-10 8.1421E-10 9.9788E-10 1.2195E-09 1.4854E-09 1.8089E-09 2.1888E-09 2.6467E-09 3.1922E-09 3.8311E-09 4.6004E-09 5.5005E-09 6.5561E-09 7.7921E-09 9.2099E-09 1.0816E-08 1.2582E-08 1.4473E-08 1.6437E-08 1.8376E-08 2.0207E-08 2.1831E-08 2.3173E-08 2.4160E-08 2.4775E-08 2.4982E-08 2.4812E-08 2.4281E-08
0.0000E+00 0.0000E+00 0.0000E+00 0.0000E+00 0.0000E+00 0.0000E+00 0.0000E+00 0.0000E+00 0.0000E+00 0.0000E+00 0.0000E+00 0.0000E+00 0.0000E+00 0.0000E+00 0.0000E+00 4.2034E-13 3.8236E-12 7.8604E-12 1.4569E-11 2.5057E-11 3.9665E-11 5.5657E-11 7.8019E-11 1.0537E-10 1.3905E-10 1.8082E-10 2.3315E-10 2.9546E-10 3.7118E-10 4.6208E-10 5.7331E-10 7.0839E-10 8.7190E-10 1.0699E-09 1.3148E-09 1.6063E-09 1.9627E-09 2.3939E-09 2.9137E-09 3.5615E-09 4.3342E-09 5.2776E-09 6.4077E-09 7.7539E-09 9.3234E-09 1.1104E-08 1.3073E-08 1.5158E-08 1.7274E-08 1.9327E-08 2.1178E-08 2.2777E-08 2.4006E-08 2.4856E-08 2.5301E-08 2.5337E-08 2.4999E-08
0.0000E+00 0.0000E+00 0.0000E+00 0.0000E+00 0.0000E+00 0.0000E+00 0.0000E+00 0.0000E+00 0.0000E+00 0.0000E+00 0.0000E+00 0.0000E+00 0.0000E+00 0.0000E+00 0.0000E+00 0.0000E+00 3.3582E-13 1.4959E-12 4.3174E-12 1.0928E-11 1.8006E-11 2.8357E-11 4.3829E-11 6.2235E-11 8.5701E-11 1.1351E-10 1.4777E-10 1.9051E-10 2.4544E-10 3.1042E-10 3.8940E-10 4.8362E-10 5.9879E-10 7.4245E-10 9.2210E-10 1.1357E-09 1.4064E-09 1.7375E-09 2.1470E-09 2.6714E-09 3.3228E-09 4.1464E-09 5.1671E-09 6.4235E-09 7.9374E-09 9.7092E-09 1.1723E-08 1.3906E-08 1.6187E-08 1.8418E-08 2.0502E-08 2.2316E-08 2.3790E-08 2.4842E-08 2.5507E-08 2.5746E-08 2.5629E-08
0.0000E+00 0.0000E+00 0.0000E+00 0.0000E+00 0.0000E+00 0.0000E+00 0.0000E+00 0.0000E+00 0.0000E+00 0.0000E+00 0.0000E+00 0.0000E+00 0.0000E+00 0.0000E+00 0.0000E+00 0.0000E+00 0.0000E+00 3.5734E-13 1.2903E-12 3.4048E-12 7.2592E-12 1.4336E-11 2.2051E-11 3.2438E-11 4.7825E-11 6.5536E-11 8.8621E-11 1.1887E-10 1.5396E-10 1.9768E-10 2.5292E-10 3.1804E-10 3.9612E-10 4.9318E-10 6.1977E-10 7.7182E-10 9.6610E-10 1.2123E-09 1.5268E-09 1.9382E-09 2.4716E-09 3.1738E-09 4.0749E-09 5.2267E-09 6.6588E-09 8.3858E-09 1.0405E-08 1.2645E-08 1.5032E-08 1.7426E-08 1.9713E-08 2.1746E-08 2.3438E-08 2.4704E-08 2.5573E-08 2.5986E-08 2.6080E-08
0.0000E+00 0.0000E+00 0.0000E+00 0.0000E+00 0.0000E+00 0.0000E+00 0.0000E+00 0.0000E+00 0.0000E+00 0.0000E+00 0.0000E+00 0.0000E+00 0.0000E+00 0.0000E+00 0.0000E+00 0.0000E+00 0.0000E+00 0.0000E+00 0.0000E+00 1.5705E-13 1.5440E-12 4.6049E-12 9.5099E-12 1.6188E-11 2.4832E-11 3.5126E-11 4.9179E-11 6.7495E-11 9.0646E-11 1.1926E-10 1.5381E-10 1.9698E-10 2.4859E-10 3.0997E-10 3.9095E-10 4.9734E-10 6.3141E-10 8.0982E-10 1.0430E-09 1.3579E-09 1.7813E-09 2.3612E-09 3.1352E-09 4.1601E-09 5.4767E-09 7.1230E-09 9.0895E-09 1.1339E-08 1.3789E-08 1.6325E-08 1.8797E-08 2.1048E-08 2.2994E-08 2.4493E-08 2.5578E-08 2.6209E-08 2.6458E-08
0.0000E+00 0.0000E+00 0.0000E+00 0.0000E+00 0.0000E+00 0.0000E+00 0.0000E+00 0.0000E+00 0.0000E+00 0.0000E+00 0.0000E+00 0.0000E+00 0.0000E+00 0.0000E+00 0.0000E+00 0.0000E+00 0.0000E+00 0.0000E+00 0.0000E+00 0.0000E+00 0.0000E+00 3.5392E-13 2.0870E-12 4.5053E-12 8.4264E-12 1.4772E-11 2.2423E-11 3.2618E-11 4.6478E-11 6.3406E-11 8.4131E-11 1.1131E-10 1.4487E-10 1.8371E-10 2.3184E-10 2.9986E-10 3.8866E-10 5.0770E-10 6.7841E-10 9.0954E-10 1.2365E-09 1.6971E-09 2.3402E-09 3.2310E-09 4.4027E-09 5.9279E-09 7.8064E-09 1.0019E-08 1.2494E-08 1.5117E-08 1.7754E-08 2.0247E-08 2.2472E-08 2.4302E-08 2.5708E-08 2.6607E-08 2.7111E-08
0.0000E+00 0.0000E+00 0.0000E+00 0.0000E+00 0.0000E+00 0.0000E+00 0.0000E+00 0.0000E+00 0.0000E+00 0.0000E+00 0.0000E+00 0.0000E+00 0.0000E+00 0.0000E+00 0.0000E+00 0.0000E+00 0.0000E+00 0.0000E+00 0.0000E+00 0.0000E+00 0.0000E+00 0.0000E+00 0.0000E+00 2.3912E-14 1.7273E-12 4.8175E-12 7.3331E-12 1.0334E-11 1.6975E-11 2.4763E-11 3.4726E-11 5.1863E-11 6.9950E-11 9.2371E-11 1.2637E-10 1.6313E-10 2.1725E-10 2.9824E-10 4.1176E-10 5.7764E-10 8.1707E-10 1.1670E-09 1.6863E-09 2.4303E-09 3.4574E-09 4.8380E-09 6.5872E-09 8.7057E-09 1.1146E-08 1.3812E-08 1.6569E-08 1.9307E-08 2.1838E-08 2.4112E-08 2.5925E-08 2.7342E-08 2.8192E-08
0.0000E+00 0.0000E+00 0.0000E+00 0.0000E+00 0.0000E+00 0.0000E+00 0.0000E+00 0.0000E+00 0.0000E+00 0.0000E+00 0.0000E+00 0.0000E+00 0.0000E+00 0.0000E+00 0.0000E+00 0.0000E+00 0.0000E+00 0.0000E+00 0.0000E+00 0.0000E+00 0.0000E+00 0.0000E+00 0.0000E+00 0.0000E+00 0.0000E+00 0.0000E+00 0.0000E+00 2.2551E-12 6.1454E-12 6.9930E-12 9.4117E-12 1.8585E-11 2.7306E-11 3.9952E-11 5.8220E-11 8.1009E-11 1.0556E-10 1.4958E-10 2.2241E-10 3.3496E-10 5.0627E-10 7.6913E-10 1.1821E-09 1.7903E-09 2.6621E-09 3.8742E-09 5.4460E-09 7.4140E-09 9.7405E-09 1.2364E-08 1.5187E-08 1.8103E-08 2.0976E-08 2.3708E-08 2.6120E-08 2.8196E-08 2.9749E-08
0.0000E+00 0.0000E+00 0.0000E+00 0.0000E+00 0.0000E+00 0.0000E+00 0.0000E+00 0.0000E+00 0.0000E+00 0.0000E+00 0.0000E+00 0.0000E+00 0.0000E+00 0.0000E+00 0.0000E+00 0.0000E+00 0.0000E+00 0.0000E+00 0.0000E+00 0.0000E+00 0.0000E+00 0.0000E+00 0.0000E+00 0.0000E+00 0.0000E+00 0.0000E+00 0.0000E+00 0.0000E+00 0.0000E+00 0.0000E+00 0.0000E+00 1.5264E-12 5.9920E-12 1.0727E-11 1.8444E-11 3.1603E-11 4.7358E-11 6.4728E-11 1.0626E-10 1.8227E-10 2.9945E-10 4.9170E-10 8.1096E-10 1.2864E-09 2.0102E-09 3.0266E-09 4.3913E-09 6.1523E-09 8.2934E-09 1.0805E-08 1.3613E-08 1.6651E-08 1.9797E-08 2.2971E-08 2.6048E-08 2.8922E-08 3.1470E-08
0.0000E+00 0.0000E+00 0.0000E+00 0.0000E+00 0.0000E+00 0.0000E+00 0.0000E+00 0.0000E+00 0.0000E+00 0.0000E+00 0.0000E+00 0.0000E+00 0.0000E+00 0.0000E+00 0.0000E+00 0.0000E+00 0.0000E+00 0.0000E+00 0.0000E+00 0.0000E+00 0.0000E+00 0.0000E+00 0.0000E+00 0.0000E+00 0.0000E+00 0.0000E+00 0.0000E+00 0.0000E+00 0.0000E+00 0.0000E+00 0.0000E+00 0.0000E+00 0.0000E+00 0.0000E+00 1.8918E-12 8.2560E-12 1.4986E-11 2.3606E-11 4.4268E-11 8.6928E-11 1.6767E-10 3.0468E-10 5.3724E-10 9.0030E-10 1.4653E-09 2.2958E-09 3.4359E-09 4.9578E-09 6.8678E-09 9.1638E-09 1.1845E-08 1.4820E-08 1.8082E-08 2.1514E-08 2.5092E-08 2.8731E-08 3.2311E-08
