Assets/Resources/2015_m01_d21_0500(utc+0800)_l00_csi_1hr_conc.grd
DSAA
         159         159
     -79.000      79.000
     -79.000      79.000
  0.9201E-09  0.1116E-04
[rows 100 to 124 of 159, columns 57 to 113 of 159]
9.5200E-09 9.4465E-09 9.3702E-09 9.2919E-09 9.2116E-09 9.1297E-09 9.0443E-09 8.9584E-09 8.8732E-09 8.7886E-09 8.7025E-09 8.6130E-09 8.5192E-09 8.4272E-09 8.3330E-09 8.2394E-09 8.1481E-09 8.0600E-09 7.9717E-09 7.8826E-09 7.7923E-09 7.7006E-09 7.6036E-09 7.5198E-09 7.4404E-09 7.3705E-09 7.3012E-09 7.2335E-09 7.1661E-09 7.0987E-09 7.0266E-09 6.9664E-09 6.8877E-09 6.7988E-09 6.7070E-09 6.5982E-09 6.4916E-09 6.3981E-09 6.3069E-09 6.2151E-09 6.1210E-09 6.0340E-09 6.0339E-09 5.9396E-09 5.8525E-09 5.7486E-09 5.6026E-09 5.4975E-09 5.3867E-09 5.2710E-09 5.1605E-09 5.0545E-09 4.9303E-09 4.7977E-09 4.7050E-09 4.5972E-09 4.4966E-09
9.4590E-09 9.3863E-09 9.3127E-09 9.2363E-09 9.1547E-09 9.0703E-09 8.9852E-09 8.9004E-09 8.8151E-09 8.7299E-09 8.6442E-09 8.5575E-09 8.4673E-09 8.3741E-09 8.2802E-09 8.1862E-09 8.0923E-09 7.9998E-09 7.9102E-09 7.8221E-09 7.7347E-09 7.6466E-09 7.5516E-09 7.4615E-09 7.3716E-09 7.2848E-09 7.2011E-09 7.1317E-09 7.0542E-09 6.9813E-09 6.9086E-09 6.8295E-09 6.7528E-09 6.6856E-09 6.5850E-09 6.4978E-09 6.3956E-09 6.2899E-09 6.1981E-09 6.1187E-09 6.0247E-09 5.9300E-09 5.8358E-09 5.7830E-09 5.6815E-09 5.5399E-09 5.4501E-09 5.3479E-09 5.2442E-09 5.1377E-09 5.0335E-09 4.9363E-09 4.8354E-09 4.7347E-09 4.6464E-09 4.5617E-09 4.4754E-09
9.4041E-09 9.3323E-09 9.2555E-09 9.1779E-09 9.0981E-09 9.0174E-09 8.9343E-09 8.8497E-09 8.7623E-09 8.6739E-09 8.5858E-09 8.4988E-09 8.4128E-09 8.3241E-09 8.2329E-09 8.1396E-09 8.0463E-09 7.9532E-09 7.8601E-09 7.7689E-09 7.6785E-09 7.5873E-09 7.4991E-09 7.4104E-09 7.3290E-09 7.2424E-09 7.1555E-09 7.0669E-09 6.9811E-09 6.8960E-09 6.8149E-09 6.7323E-09 6.6490E-09 6.5619E-09 6.4669E-09 6.3706E-09 6.2834E-09 6.1945E-09 6.1018E-09 6.0088E-09 5.9176E-09 5.8260E-09 5.7430E-09 5.6492E-09 5.5536E-09 5.4576E-09 5.3607E-09 5.2633E-09 5.1672E-09 5.0695E-09 4.9743E-09 4.8848E-09 4.7985E-09 4.7108E-09 4.6259E-09 4.5484E-09 4.4676E-09
9.3473E-09 9.2760E-09 9.2004E-09 9.1242E-09 9.0464E-09 8.9678E-09 8.8844E-09 8.7993E-09 8.7120E-09 8.6246E-09 8.5358E-09 8.4472E-09 8.3589E-09 8.2723E-09 8.1860E-09 8.0968E-09 8.0056E-09 7.9132E-09 7.8152E-09 7.7237E-09 7.6322E-09 7.5428E-09 7.4560E-09 7.3675E-09 7.2806E-09 7.1924E-09 7.1105E-09 7.0215E-09 6.9349E-09 6.8466E-09 6.7597E-09 6.6718E-09 6.5926E-09 6.4916E-09 6.3928E-09 6.2961E-09 6.2106E-09 6.1222E-09 6.0335E-09 5.9413E-09 5.8490E-09 5.7562E-09 5.6639E-09 5.5720E-09 5.4904E-09 5.3987E-09 5.3072E-09 5.2163E-09 5.1285E-09 5.0401E-09 4.9529E-09 4.8673E-09 4.7861E-09 4.7031E-09 4.6221E-09 4.5431E-09 4.4646E-09
9.2865E-09 9.2180E-09 9.1477E-09 9.0735E-09 8.9945E-09 8.9150E-09 8.8338E-09 8.7508E-09 8.6653E-09 8.5784E-09 8.4906E-09 8.4025E-09 8.3137E-09 8.2254E-09 8.1377E-09 8.0464E-09 7.9602E-09 7.8717E-09 7.7798E-09 7.6908E-09 7.6001E-09 7.5113E-09 7.4207E-09 7.3333E-09 7.2448E-09 7.1554E-09 7.0663E-09 6.9787E-09 6.8971E-09 6.8108E-09 6.7233E-09 6.6334E-09 6.5432E-09 6.4339E-09 6.3468E-09 6.2601E-09 6.1753E-09 6.0890E-09 6.0032E-09 5.9144E-09 5.8328E-09 5.7407E-09 5.6490E-09 5.5585E-09 5.4679E-09 5.3794E-09 5.2904E-09 5.2034E-09 5.1166E-09 5.0322E-09 4.9468E-09 4.8625E-09 4.7804E-09 4.6989E-09 4.6176E-09 4.5382E-09 4.4612E-09
9.2242E-09 9.1603E-09 9.0911E-09 9.0205E-09 8.9459E-09 8.8664E-09 8.7847E-09 8.7024E-09 8.6196E-09 8.5347E-09 8.4487E-09 8.3611E-09 8.2683E-09 8.1804E-09 8.0923E-09 8.0046E-09 7.9187E-09 7.8338E-09 7.7478E-09 7.6600E-09 7.5728E-09 7.4828E-09 7.3949E-09 7.3068E-09 7.2179E-09 7.1291E-09 7.0419E-09 6.9537E-09 6.8670E-09 6.7805E-09 6.6915E-09 6.6022E-09 6.5045E-09 6.4086E-09 6.3135E-09 6.2287E-09 6.1508E-09 6.0670E-09 5.9822E-09 5.8968E-09 5.8103E-09 5.7224E-09 5.6411E-09 5.5500E-09 5.4610E-09 5.3719E-09 5.2847E-09 5.1973E-09 5.1112E-09 5.0260E-09 4.9415E-09 4.8579E-09 4.7759E-09 4.6963E-09 4.6162E-09 4.5362E-09 4.4597E-09
9.1654E-09 9.1024E-09 9.0360E-09 8.9663E-09 8.8935E-09 8.8176E-09 8.7386E-09 8.6570E-09 8.5737E-09 8.4911E-09 8.4074E-09 8.3222E-09 8.2307E-09 8.1440E-09 8.0593E-09 7.9721E-09 7.8860E-09 7.8005E-09 7.7156E-09 7.6307E-09 7.5436E-09 7.4553E-09 7.3660E-09 7.2823E-09 7.1936E-09 7.1065E-09 7.0192E-09 6.9325E-09 6.8451E-09 6.7595E-09 6.6708E-09 6.5746E-09 6.4794E-09 6.3860E-09 6.3011E-09 6.2158E-09 6.1317E-09 6.0472E-09 5.9630E-09 5.8793E-09 5.7957E-09 5.7113E-09 5.6266E-09 5.5401E-09 5.4560E-09 5.3669E-09 5.2801E-09 5.1932E-09 5.1076E-09 5.0237E-09 4.9409E-09 4.8582E-09 4.7756E-09 4.6946E-09 4.6163E-09 4.5390E-09 4.4627E-09
9.0991E-09 9.0386E-09 8.9762E-09 8.9096E-09 8.8380E-09 8.7656E-09 8.6904E-09 8.6119E-09 8.5310E-09 8.4485E-09 8.3652E-09 8.2825E-09 8.1986E-09 8.1140E-09 8.0281E-09 7.9425E-09 7.8563E-09 7.7697E-09 7.6822E-09 7.5977E-09 7.5143E-09 7.4282E-09 7.3427E-09 7.2539E-09 7.1655E-09 7.0827E-09 6.9948E-09 6.9076E-09 6.8207E-09 6.7336E-09 6.6457E-09 6.5580E-09 6.4659E-09 6.3730E-09 6.2889E-09 6.2037E-09 6.1203E-09 6.0363E-09 5.9526E-09 5.8694E-09 5.7867E-09 5.7045E-09 5.6228E-09 5.5392E-09 5.4552E-09 5.3691E-09 5.2827E-09 5.1962E-09 5.1097E-09 5.0243E-09 4.9402E-09 4.8585E-09 4.7779E-09 4.6983E-09 4.6198E-09 4.5423E-09 4.4659E-09
9.0375E-09 8.9780E-09 8.9164E-09 8.8521E-09 8.7853E-09 8.7158E-09 8.6436E-09 8.5689E-09 8.4917E-09 8.4119E-09 8.3299E-09 8.2467E-09 8.1638E-09 8.0808E-09 7.9976E-09 7.9134E-09 7.8284E-09 7.7437E-09 7.6584E-09 7.5728E-09 7.4862E-09 7.4009E-09 7.3150E-09 7.2281E-09 7.1419E-09 7.0542E-09 6.9682E-09 6.8861E-09 6.8005E-09 6.7146E-09 6.6208E-09 6.5349E-09 6.4435E-09 6.3579E-09 6.2727E-09 6.1882E-09 6.1040E-09 6.0202E-09 5.9373E-09 5.8599E-09 5.7777E-09 5.6954E-09 5.6146E-09 5.5328E-09 5.4511E-09 5.3671E-09 5.2833E-09 5.1974E-09 5.1121E-09 5.0280E-09 4.9450E-09 4.8630E-09 4.7821E-09 4.7023E-09 4.6235E-09 4.5458E-09 4.4681E-09
8.9724E-09 8.9156E-09 8.8561E-09 8.7935E-09 8.7294E-09 8.6621E-09 8.5932E-09 8.5215E-09 8.4477E-09 8.3715E-09 8.2927E-09 8.2118E-09 8.1297E-09 8.0465E-09 7.9640E-09 7.8810E-09 7.7988E-09 7.7155E-09 7.6318E-09 7.5478E-09 7.4636E-09 7.3786E-09 7.2937E-09 7.2097E-09 7.1242E-09 7.0384E-09 6.9516E-09 6.8652E-09 6.7791E-09 6.6927E-09 6.6009E-09 6.5158E-09 6.4316E-09 6.3471E-09 6.2639E-09 6.1797E-09 6.0970E-09 6.0139E-09 5.9311E-09 5.8488E-09 5.7672E-09 5.6858E-09 5.6050E-09 5.5247E-09 5.4449E-09 5.3646E-09 5.2837E-09 5.2013E-09 5.1181E-09 5.0335E-09 4.9500E-09 4.8677E-09 4.7865E-09 4.7063E-09 4.6272E-09 4.5492E-09 4.4698E-09
8.9051E-09 8.8507E-09 8.7927E-09 8.7330E-09 8.6700E-09 8.6054E-09 8.5387E-09 8.4699E-09 8.3990E-09 8.3259E-09 8.2508E-09 8.1736E-09 8.0942E-09 8.0128E-09 7.9306E-09 7.8483E-09 7.7656E-09 7.6827E-09 7.6000E-09 7.5198E-09 7.4379E-09 7.3549E-09 7.2717E-09 7.1877E-09 7.1044E-09 7.0208E-09 6.9362E-09 6.8511E-09 6.7656E-09 6.6801E-09 6.5899E-09 6.5049E-09 6.4210E-09 6.3367E-09 6.2529E-09 6.1696E-09 6.0863E-09 6.0034E-09 5.9212E-09 5.8392E-09 5.7577E-09 5.6770E-09 5.5964E-09 5.5165E-09 5.4379E-09 5.3588E-09 5.2801E-09 5.2014E-09 5.1208E-09 5.0403E-09 4.9550E-09 4.8724E-09 4.7908E-09 4.7103E-09 4.6308E-09 4.5515E-09 4.4719E-09
8.8353E-09 8.7821E-09 8.7271E-09 8.6688E-09 8.6083E-09 8.5460E-09 8.4809E-09 8.4148E-09 8.3462E-09 8.2763E-09 8.2041E-09 8.1301E-09 8.0542E-09 7.9761E-09 7.8962E-09 7.8153E-09 7.7335E-09 7.6521E-09 7.5700E-09 7.4884E-09 7.4063E-09 7.3247E-09 7.2428E-09 7.1609E-09 7.0782E-09 6.9953E-09 6.9134E-09 6.8343E-09 6.7507E-09 6.6616E-09 6.5772E-09 6.4933E-09 6.4092E-09 6.3257E-09 6.2429E-09 6.1597E-09 6.0772E-09 5.9951E-09 5.9130E-09 5.8314E-09 5.7504E-09 5.6697E-09 5.5895E-09 5.5100E-09 5.4306E-09 5.3519E-09 5.2737E-09 5.1959E-09 5.1165E-09 5.0350E-09 4.9558E-09 4.8755E-09 4.7936E-09 4.7133E-09 4.6335E-09 4.5527E-09 4.4748E-09
8.7599E-09 8.7110E-09 8.6578E-09 8.6019E-09 8.5441E-09 8.4831E-09 8.4208E-09 8.3561E-09 8.2898E-09 8.2222E-09 8.1528E-09 8.0817E-09 8.0088E-09 7.9342E-09 7.8579E-09 7.7797E-09 7.6996E-09 7.6190E-09 7.5384E-09 7.4577E-09 7.3767E-09 7.2962E-09 7.2152E-09 7.1349E-09 7.0541E-09 6.9731E-09 6.8913E-09 6.8099E-09 6.7284E-09 6.6458E-09 6.5628E-09 6.4793E-09 6.3962E-09 6.3132E-09 6.2304E-09 6.1484E-09 6.0662E-09 5.9844E-09 5.9032E-09 5.8220E-09 5.7411E-09 5.6608E-09 5.5809E-09 5.5015E-09 5.4226E-09 5.3441E-09 5.2648E-09 5.1846E-09 5.1056E-09 5.0294E-09 4.9525E-09 4.8744E-09 4.7957E-09 4.7155E-09 4.6334E-09 4.5535E-09 4.4726E-09
8.6821E-09 8.6346E-09 8.5846E-09 8.5323E-09 8.4756E-09 8.4176E-09 8.3570E-09 8.2945E-09 8.2307E-09 8.1645E-09 8.0976E-09 8.0288E-09 7.9590E-09 7.8872E-09 7.8139E-09 7.7390E-09 7.6622E-09 7.5839E-09 7.5046E-09 7.4246E-09 7.3451E-09 7.2651E-09 7.1856E-09 7.1058E-09 7.0263E-09 6.9469E-09 6.8673E-09 6.7870E-09 6.7063E-09 6.6263E-09 6.5450E-09 6.4634E-09 6.3809E-09 6.2986E-09 6.2167E-09 6.1346E-09 6.0531E-09 5.9723E-09 5.8910E-09 5.8105E-09 5.7304E-09 5.6503E-09 5.5706E-09 5.4909E-09 5.4102E-09 5.3300E-09 5.2500E-09 5.1702E-09 5.0941E-09 5.0185E-09 4.9431E-09 4.8677E-09 4.7915E-09 4.7133E-09 4.6337E-09 4.5536E-09 4.4715E-09
8.5981E-09 8.5543E-09 8.5076E-09 8.4567E-09 8.4043E-09 8.3483E-09 8.2898E-09 8.2302E-09 8.1675E-09 8.1041E-09 8.0387E-09 7.9720E-09 7.9044E-09 7.8352E-09 7.7647E-09 7.6927E-09 7.6193E-09 7.5445E-09 7.4678E-09 7.3894E-09 7.3107E-09 7.2319E-09 7.1534E-09 7.0745E-09 6.9961E-09 6.9173E-09 6.8392E-09 6.7606E-09 6.6819E-09 6.6024E-09 6.5230E-09 6.4435E-09 6.3629E-09 6.2820E-09 6.2004E-09 6.1192E-09 6.0382E-09 5.9573E-09 5.8772E-09 5.7970E-09 5.7164E-09 5.6352E-09 5.5548E-09 5.4741E-09 5.3934E-09 5.3124E-09 5.2334E-09 5.1573E-09 5.0815E-09 5.0062E-09 4.9312E-09 4.8566E-09 4.7824E-09 4.7061E-09 4.6297E-09 4.5500E-09 4.4706E-09
8.5107E-09 8.4698E-09 8.4249E-09 8.3783E-09 8.3275E-09 8.2745E-09 8.2200E-09 8.1612E-09 8.1015E-09 8.0399E-09 7.9764E-09 7.9123E-09 7.8459E-09 7.7791E-09 7.7108E-09 7.6417E-09 7.5709E-09 7.4988E-09 7.4253E-09 7.3502E-09 7.2737E-09 7.1962E-09 7.1182E-09 7.0408E-09 6.9629E-09 6.8854E-09 6.8078E-09 6.7304E-09 6.6531E-09 6.5758E-09 6.4977E-09 6.4190E-09 6.3408E-09 6.2615E-09 6.1818E-09 6.1013E-09 6.0209E-09 5.9409E-09 5.8595E-09 5.7762E-09 5.6956E-09 5.6140E-09 5.5338E-09 5.4536E-09 5.3725E-09 5.2935E-09 5.2175E-09 5.1415E-09 5.0660E-09 4.9911E-09 4.9163E-09 4.8421E-09 4.7679E-09 4.6930E-09 4.6187E-09 4.5418E-09 4.4633E-09
8.4194E-09 8.3803E-09 8.3387E-09 8.2938E-09 8.2465E-09 8.1970E-09 8.1435E-09 8.0889E-09 8.0315E-09 7.9717E-09 7.9113E-09 7.8481E-09 7.7843E-09 7.7191E-09 7.6527E-09 7.5857E-09 7.5173E-09 7.4479E-09 7.3771E-09 7.3052E-09 7.2321E-09 7.1571E-09 7.0806E-09 7.0040E-09 6.9271E-09 6.8506E-09 6.7737E-09 6.6975E-09 6.6207E-09 6.5446E-09 6.4681E-09 6.3915E-09 6.3141E-09 6.2365E-09 6.1590E-09 6.0802E-09 6.0013E-09 5.9166E-09 5.8341E-09 5.7537E-09 5.6727E-09 5.5924E-09 5.5129E-09 5.4315E-09 5.3537E-09 5.2776E-09 5.2015E-09 5.1260E-09 5.0508E-09 4.9760E-09 4.9016E-09 4.8277E-09 4.7529E-09 4.6794E-09 4.6043E-09 4.5305E-09 4.4520E-09
8.3234E-09 8.2870E-09 8.2481E-09 8.2055E-09 8.1612E-09 8.1132E-09 8.0640E-09 8.0113E-09 7.9565E-09 7.9008E-09 7.8410E-09 7.7807E-09 7.7188E-09 7.6553E-09 7.5915E-09 7.5256E-09 7.4593E-09 7.3920E-09 7.3240E-09 7.2545E-09 7.1838E-09 7.1120E-09 7.0388E-09 6.9641E-09 6.8886E-09 6.8126E-09 6.7370E-09 6.6612E-09 6.5857E-09 6.5101E-09 6.4346E-09 6.3587E-09 6.2803E-09 6.2026E-09 6.1240E-09 6.0483E-09 5.9635E-09 5.8828E-09 5.8041E-09 5.7241E-09 5.6451E-09 5.5650E-09 5.4848E-09 5.4084E-09 5.3322E-09 5.2565E-09 5.1814E-09 5.1060E-09 5.0310E-09 4.9567E-09 4.8825E-09 4.8082E-09 4.7352E-09 4.6619E-09 4.5877E-09 4.5138E-09 4.4396E-09
8.2227E-09 8.1895E-09 8.1526E-09 8.1133E-09 8.0708E-09 8.0260E-09 7.9786E-09 7.9290E-09 7.8779E-09 7.8229E-09 7.7672E-09 7.7093E-09 7.6490E-09 7.5884E-09 7.5255E-09 7.4620E-09 7.3975E-09 7.3318E-09 7.2658E-09 7.1984E-09 7.1304E-09 7.0611E-09 6.9908E-09 6.9194E-09 6.8462E-09 6.7717E-09 6.6970E-09 6.6221E-09 6.5476E-09 6.4726E-09 6.3977E-09 6.3197E-09 6.2430E-09 6.1670E-09 6.0909E-09 6.0013E-09 5.9221E-09 5.8459E-09 5.7671E-09 5.6897E-09 5.6090E-09 5.5304E-09 5.4542E-09 5.3786E-09 5.3035E-09 5.2284E-09 5.1534E-09 5.0789E-09 5.0046E-09 4.9304E-09 4.8568E-09 4.7836E-09 4.7109E-09 4.6378E-09 4.5661E-09 4.4931E-09 4.4224E-09
8.1121E-09 8.0859E-09 8.0530E-09 8.0164E-09 7.9763E-09 7.9344E-09 7.8891E-09 7.8426E-09 7.7927E-09 7.7419E-09 7.6882E-09 7.6325E-09 7.5762E-09 7.5164E-09 7.4560E-09 7.3945E-09 7.3315E-09 7.2683E-09 7.2033E-09 7.1380E-09 7.0718E-09 7.0050E-09 6.9369E-09 6.8679E-09 6.7977E-09 6.7263E-09 6.6537E-09 6.5799E-09 6.5059E-09 6.4316E-09 6.3556E-09 6.2784E-09 6.2033E-09 6.1264E-09 6.0419E-09 5.9637E-09 5.8894E-09 5.8149E-09 5.7378E-09 5.6605E-09 5.5841E-09 5.5094E-09 5.4343E-09 5.3596E-09 5.2846E-09 5.2098E-09 5.1357E-09 5.0611E-09 4.9871E-09 4.9137E-09 4.8402E-09 4.7671E-09 4.6941E-09 4.6219E-09 4.5488E-09 4.4779E-09 4.4074E-09
7.9953E-09 7.9724E-09 7.9458E-09 7.9145E-09 7.8778E-09 7.8377E-09 7.7955E-09 7.7508E-09 7.7040E-09 7.6551E-09 7.6042E-09 7.5523E-09 7.4966E-09 7.4405E-09 7.3827E-09 7.3225E-09 7.2621E-09 7.1999E-09 7.1371E-09 7.0735E-09 7.0089E-09 6.9440E-09 6.8779E-09 6.8113E-09 6.7435E-09 6.6748E-09 6.6050E-09 6.5337E-09 6.4606E-09 6.3857E-09 6.3091E-09 6.2350E-09 6.1594E-09 6.0733E-09 5.9953E-09 5.9227E-09 5.8492E-09 5.7755E-09 5.7010E-09 5.6279E-09 5.5560E-09 5.4826E-09 5.4092E-09 5.3346E-09 5.2604E-09 5.1863E-09 5.1121E-09 5.0384E-09 4.9650E-09 4.8916E-09 4.8188E-09 4.7463E-09 4.6740E-09 4.6022E-09 4.5302E-09 4.4594E-09 4.3875E-09
7.8755E-09 7.8543E-09 7.8304E-09 7.8033E-09 7.7731E-09 7.7370E-09 7.6976E-09 7.6549E-09 7.6111E-09 7.5640E-09 7.5160E-09 7.4652E-09 7.4135E-09 7.3596E-09 7.3036E-09 7.2471E-09 7.1879E-09 7.1279E-09 7.0671E-09 7.0048E-09 6.9424E-09 6.8786E-09 6.8144E-09 6.7495E-09 6.6840E-09 6.6174E-09 6.5499E-09 6.4808E-09 6.4091E-09 6.3348E-09 6.2621E-09 6.1855E-09 6.0982E-09 6.0244E-09 5.9512E-09 5.8794E-09 5.8054E-09 5.7338E-09 5.6648E-09 5.5952E-09 5.5245E-09 5.4531E-09 5.3811E-09 5.3082E-09 5.2349E-09 5.1612E-09 5.0880E-09 5.0146E-09 4.9415E-09 4.8690E-09 4.7963E-09 4.7242E-09 4.6526E-09 4.5805E-09 4.5094E-09 4.4385E-09 4.3676E-09
7.7521E-09 7.7332E-09 7.7115E-09 7.6865E-09 7.6592E-09 7.6287E-09 7.5944E-09 7.5551E-09 7.5130E-09 7.4689E-09 7.4228E-09 7.3747E-09 7.3250E-09 7.2734E-09 7.2211E-09 7.1655E-09 7.1094E-09 7.0520E-09 6.9924E-09 6.9326E-09 6.8713E-09 6.8094E-09 6.7470E-09 6.6834E-09 6.6198E-09 6.5550E-09 6.4892E-09 6.4208E-09 6.3501E-09 6.2812E-09 6.2070E-09 6.1214E-09 6.0467E-09 5.9736E-09 5.8993E-09 5.8284E-09 5.7592E-09 5.6910E-09 5.6229E-09 5.5544E-09 5.4857E-09 5.4161E-09 5.3456E-09 5.2750E-09 5.2030E-09 5.1310E-09 5.0581E-09 4.9855E-09 4.9132E-09 4.8408E-09 4.7690E-09 4.6975E-09 4.6261E-09 4.5553E-09 4.4850E-09 4.4141E-09 4.3446E-09
7.6256E-09 7.6093E-09 7.5894E-09 7.5669E-09 7.5413E-09 7.5132E-09 7.4826E-09 7.4492E-09 7.4109E-09 7.3696E-09 7.3253E-09 7.2801E-09 7.2321E-09 7.1833E-09 7.1321E-09 7.0801E-09 7.0262E-09 6.9704E-09 6.9142E-09 6.8557E-09 6.7964E-09 6.7365E-09 6.6752E-09 6.6138E-09 6.5512E-09 6.4875E-09 6.4212E-09 6.3541E-09 6.2882E-09 6.2156E-09 6.1346E-09 6.0629E-09 5.9894E-09 5.9188E-09 5.8490E-09 5.7820E-09 5.7149E-09 5.6475E-09 5.5800E-09 5.5122E-09 5.4444E-09 5.3763E-09 5.3078E-09 5.2385E-09 5.1684E-09 5.0980E-09 5.0267E-09 4.9552E-09 4.8834E-09 4.8120E-09 4.7406E-09 4.6695E-09 4.5990E-09 4.5286E-09 4.4580E-09 4.3886E-09 4.3195E-09
7.4965E-09 7.4822E-09 7.4646E-09 7.4442E-09 7.4207E-09 7.3948E-09 7.3660E-09 7.3353E-09 7.3017E-09 7.2651E-09 7.2241E-09 7.1806E-09 7.1353E-09 7.0884E-09 7.0397E-09 6.9897E-09 6.9378E-09 6.8854E-09 6.8303E-09 6.7745E-09 6.7178E-09 6.6589E-09 6.6000E-09 6.5398E-09 6.4782E-09 6.4142E-09 6.3490E-09 6.2851E-09 6.2120E-09 6.1355E-09 6.0654E-09 5.9997E-09 5.9311E-09 5.8652E-09 5.7987E-09 5.7310E-09 5.6644E-09 5.5979E-09 5.5310E-09 5.4641E-09 5.3969E-09 5.3298E-09 5.2625E-09 5.1950E-09 5.1267E-09 5.0578E-09 4.9888E-09 4.9186E-09 4.8484E-09 4.7775E-09 4.7070E-09 4.6368E-09 4.5666E-09 4.4970E-09 4.4279E-09 4.3588E-09 4.2904E-09
