Assets/Resources/2015_m01_d06_0200(utc+0800)_l00_csi_1hr_conc.grd
DSAA
         159         159
     -79.000      79.000
     -79.000      79.000
  0.0000E+00  0.1352E-05
[rows 25 to 49 of 159, columns 57 to 113 of 159]
0.0000E+00 0.0000E+00 0.0000E+00 0.0000E+00 0.0000E+00 0.0000E+00 0.0000E+00 0.0000E+00 0.0000E+00 0.0000E+00 0.0000E+00 5.4239E-12 5.4665E-11 1.8572E-10 4.4584E-10 9.0928E-10 1.6431E-09 2.7009E-09 4.0571E-09 5.6085E-09 7.2027E-09 8.6593E-09 9.8397E-09 1.0670E-08 1.1163E-08 1.1383E-08 1.1427E-08 1.1373E-08 1.1286E-08 1.1195E-08 1.1122E-08 1.1054E-08 1.0997E-08 1.0938E-08 1.0851E-08 1.0702E-08 1.0440E-08 1.0015E-08 9.3877E-09 8.5379E-09 7.4929E-09 6.3148E-09 5.0852E-09 3.9011E-09 2.8455E-09 1.9713E-09 1.2931E-09 7.9980E-10 4.6406E-10 2.5336E-10 1.2702E-10 5.5240E-11 1.7582E-11 1.4580E-12 0.0000E+00 0.0000E+00 0.0000E+00
0.0000E+00 0.0000E+00 0.0000E+00 0.0000E+00 0.0000E+00 0.0000E+00 0.0000E+00 0.0000E+00 0.0000E+00 0.0000E+00 0.0000E+00 8.3151E-12 6.7636E-11 2.1349E-10 5.0992E-10 1.0409E-09 1.8855E-09 3.0839E-09 4.5994E-09 6.3068E-09 8.0181E-09 9.5273E-09 1.0684E-08 1.1432E-08 1.1803E-08 1.1889E-08 1.1804E-08 1.1653E-08 1.1495E-08 1.1360E-08 1.1253E-08 1.1165E-08 1.1100E-08 1.1024E-08 1.0911E-08 1.0724E-08 1.0398E-08 9.8901E-09 9.1600E-09 8.2029E-09 7.0610E-09 5.8190E-09 4.5642E-09 3.4013E-09 2.4055E-09 1.6080E-09 1.0155E-09 6.0273E-10 3.3216E-10 1.7300E-10 7.8570E-11 2.8508E-11 5.6320E-12 0.0000E+00 0.0000E+00 0.0000E+00 0.0000E+00
0.0000E+00 0.0000E+00 0.0000E+00 0.0000E+00 0.0000E+00 0.0000E+00 0.0000E+00 0.0000E+00 0.0000E+00 0.0000E+00 0.0000E+00 1.2573E-11 8.1145E-11 2.4575E-10 5.9001E-10 1.1984E-09 2.1545E-09 3.4960E-09 5.1769E-09 7.0412E-09 8.8554E-09 1.0405E-08 1.1536E-08 1.2190E-08 1.2427E-08 1.2376E-08 1.2174E-08 1.1925E-08 1.1697E-08 1.1517E-08 1.1379E-08 1.1285E-08 1.1202E-08 1.1106E-08 1.0965E-08 1.0728E-08 1.0330E-08 9.7234E-09 8.8826E-09 7.8165E-09 6.5865E-09 5.2963E-09 4.0402E-09 2.9167E-09 1.9947E-09 1.2857E-09 7.7830E-10 4.3966E-10 2.3008E-10 1.1089E-10 4.4463E-11 1.1631E-11 0.0000E+00 0.0000E+00 0.0000E+00 0.0000E+00 0.0000E+00
0.0000E+00 0.0000E+00 0.0000E+00 0.0000E+00 0.0000E+00 0.0000E+00 0.0000E+00 0.0000E+00 0.0000E+00 0.0000E+00 0.0000E+00 1.5998E-11 9.5061E-11 2.8295E-10 6.7436E-10 1.3653E-09 2.4481E-09 3.9521E-09 5.8010E-09 7.8091E-09 9.7210E-09 1.1298E-08 1.2381E-08 1.2934E-08 1.3046E-08 1.2863E-08 1.2539E-08 1.2191E-08 1.1899E-08 1.1678E-08 1.1515E-08 1.1404E-08 1.1304E-08 1.1188E-08 1.1007E-08 1.0707E-08 1.0224E-08 9.5142E-09 8.5547E-09 7.3795E-09 6.0750E-09 4.7554E-09 3.5170E-09 2.4560E-09 1.6171E-09 1.0014E-09 5.8024E-10 3.1032E-10 1.5428E-10 6.5583E-11 2.0575E-11 1.7870E-12 0.0000E+00 0.0000E+00 0.0000E+00 0.0000E+00 0.0000E+00
0.0000E+00 0.0000E+00 0.0000E+00 0.0000E+00 0.0000E+00 0.0000E+00 0.0000E+00 0.0000E+00 0.0000E+00 0.0000E+00 0.0000E+00 2.2639E-11 1.1572E-10 3.3468E-10 7.7787E-10 1.5664E-09 2.7830E-09 4.4489E-09 6.4628E-09 8.6029E-09 1.0599E-08 1.2184E-08 1.3208E-08 1.3660E-08 1.3646E-08 1.3333E-08 1.2891E-08 1.2461E-08 1.2103E-08 1.1833E-08 1.1642E-08 1.1519E-08 1.1406E-08 1.1261E-08 1.1031E-08 1.0661E-08 1.0077E-08 9.2470E-09 8.1666E-09 6.8930E-09 5.5305E-09 4.2023E-09 3.0073E-09 2.0254E-09 1.2834E-09 7.5904E-10 4.1745E-10 2.0984E-10 9.6037E-11 3.5049E-11 6.8736E-12 0.0000E+00 0.0000E+00 0.0000E+00 0.0000E+00 0.0000E+00 0.0000E+00
0.0000E+00 0.0000E+00 0.0000E+00 0.0000E+00 0.0000E+00 0.0000E+00 0.0000E+00 0.0000E+00 0.0000E+00 0.0000E+00 0.0000E+00 2.8784E-11 1.3572E-10 3.8702E-10 8.9405E-10 1.7905E-09 3.1554E-09 4.9935E-09 7.1709E-09 9.4348E-09 1.1485E-08 1.3055E-08 1.4016E-08 1.4369E-08 1.4231E-08 1.3801E-08 1.3256E-08 1.2737E-08 1.2310E-08 1.1995E-08 1.1792E-08 1.1648E-08 1.1506E-08 1.1321E-08 1.1037E-08 1.0577E-08 9.8842E-09 8.9260E-09 7.7240E-09 6.3602E-09 4.9615E-09 3.6496E-09 2.5194E-09 1.6345E-09 9.9008E-10 5.5876E-10 2.8912E-10 1.3729E-10 5.5652E-11 1.4749E-11 0.0000E+00 0.0000E+00 0.0000E+00 0.0000E+00 0.0000E+00 0.0000E+00 0.0000E+00
0.0000E+00 0.0000E+00 0.0000E+00 0.0000E+00 0.0000E+00 0.0000E+00 0.0000E+00 0.0000E+00 0.0000E+00 0.0000E+00 0.0000E+00 3.6256E-11 1.6268E-10 4.5703E-10 1.0431E-09 2.0518E-09 3.5803E-09 5.5927E-09 7.9231E-09 1.0286E-08 1.2364E-08 1.3914E-08 1.4794E-08 1.5036E-08 1.4794E-08 1.4263E-08 1.3619E-08 1.3013E-08 1.2520E-08 1.2167E-08 1.1936E-08 1.1762E-08 1.1598E-08 1.1374E-08 1.1014E-08 1.0452E-08 9.6332E-09 8.5379E-09 7.2206E-09 5.7876E-09 4.3784E-09 3.1083E-09 2.0641E-09 1.2843E-09 7.4150E-10 3.9709E-10 1.9047E-10 8.2550E-11 2.6786E-11 2.8086E-12 0.0000E+00 0.0000E+00 0.0000E+00 0.0000E+00 0.0000E+00 0.0000E+00 0.0000E+00
0.0000E+00 0.0000E+00 0.0000E+00 0.0000E+00 0.0000E+00 0.0000E+00 0.0000E+00 0.0000E+00 0.0000E+00 0.0000E+00 0.0000E+00 4.7397E-11 1.9306E-10 5.3420E-10 1.2063E-09 2.3515E-09 4.0555E-09 6.2515E-09 8.7228E-09 1.1164E-08 1.3243E-08 1.4730E-08 1.5525E-08 1.5685E-08 1.5352E-08 1.4720E-08 1.3993E-08 1.3313E-08 1.2751E-08 1.2354E-08 1.2086E-08 1.1889E-08 1.1689E-08 1.1406E-08 1.0962E-08 1.0278E-08 9.3188E-09 8.0893E-09 6.6653E-09 5.1833E-09 3.7883E-09 2.5905E-09 1.6513E-09 9.7901E-10 5.3814E-10 2.6904E-10 1.1826E-10 4.4643E-11 9.6409E-12 0.0000E+00 0.0000E+00 0.0000E+00 0.0000E+00 0.0000E+00 0.0000E+00 0.0000E+00 0.0000E+00
0.0000E+00 0.0000E+00 0.0000E+00 0.0000E+00 0.0000E+00 0.0000E+00 0.0000E+00 0.0000E+00 0.0000E+00 0.0000E+00 1.5802E-12 5.6203E-11 2.2914E-10 6.2792E-10 1.4035E-09 2.7042E-09 4.5896E-09 6.9694E-09 9.5716E-09 1.2057E-08 1.4105E-08 1.5515E-08 1.6223E-08 1.6295E-08 1.5880E-08 1.5178E-08 1.4378E-08 1.3612E-08 1.2992E-08 1.2548E-08 1.2246E-08 1.2010E-08 1.1761E-08 1.1413E-08 1.0870E-08 1.0048E-08 8.9380E-09 7.5717E-09 6.0625E-09 4.5604E-09 3.2092E-09 2.1052E-09 1.2839E-09 7.2354E-10 3.7466E-10 1.7270E-10 6.8491E-11 1.9425E-11 0.0000E+00 0.0000E+00 0.0000E+00 0.0000E+00 0.0000E+00 0.0000E+00 0.0000E+00 0.0000E+00 0.0000E+00
0.0000E+00 0.0000E+00 0.0000E+00 0.0000E+00 0.0000E+00 0.0000E+00 0.0000E+00 0.0000E+00 0.0000E+00 0.0000E+00 3.9447E-12 7.2825E-11 2.7523E-10 7.3929E-10 1.6333E-09 3.1074E-09 5.1933E-09 7.7536E-09 1.0463E-08 1.2956E-08 1.4940E-08 1.6249E-08 1.6862E-08 1.6862E-08 1.6403E-08 1.5650E-08 1.4780E-08 1.3941E-08 1.3262E-08 1.2764E-08 1.2411E-08 1.2130E-08 1.1829E-08 1.1394E-08 1.0722E-08 9.7509E-09 8.4859E-09 6.9936E-09 5.4201E-09 3.9334E-09 2.6588E-09 1.6648E-09 9.6502E-10 5.1547E-10 2.4783E-10 1.0327E-10 3.4683E-11 4.4576E-12 0.0000E+00 0.0000E+00 0.0000E+00 0.0000E+00 0.0000E+00 0.0000E+00 0.0000E+00 0.0000E+00 0.0000E+00
0.0000E+00 0.0000E+00 0.0000E+00 0.0000E+00 0.0000E+00 0.0000E+00 0.0000E+00 0.0000E+00 0.0000E+00 0.0000E+00 7.3847E-12 8.9419E-11 3.2763E-10 8.7232E-10 1.9059E-09 3.5752E-09 5.8749E-09 8.5999E-09 1.1390E-08 1.3861E-08 1.5746E-08 1.6934E-08 1.7452E-08 1.7399E-08 1.6907E-08 1.6111E-08 1.5188E-08 1.4296E-08 1.3546E-08 1.2987E-08 1.2575E-08 1.2246E-08 1.1873E-08 1.1331E-08 1.0518E-08 9.3827E-09 7.9572E-09 6.3610E-09 4.7553E-09 3.3139E-09 2.1398E-09 1.2776E-09 7.0220E-10 3.5118E-10 1.5481E-10 5.5473E-11 1.2684E-11 0.0000E+00 0.0000E+00 0.0000E+00 0.0000E+00 0.0000E+00 0.0000E+00 0.0000E+00 0.0000E+00 0.0000E+00 0.0000E+00
0.0000E+00 0.0000E+00 0.0000E+00 0.0000E+00 0.0000E+00 0.0000E+00 0.0000E+00 0.0000E+00 0.0000E+00 0.0000E+00 1.2505E-11 1.1216E-10 3.9381E-10 1.0306E-09 2.2227E-09 4.1104E-09 6.6338E-09 9.5154E-09 1.2353E-08 1.4755E-08 1.6503E-08 1.7549E-08 1.7983E-08 1.7898E-08 1.7390E-08 1.6590E-08 1.5629E-08 1.4677E-08 1.3860E-08 1.3232E-08 1.2758E-08 1.2355E-08 1.1886E-08 1.1223E-08 1.0247E-08 8.9331E-09 7.3625E-09 5.6806E-09 4.0826E-09 2.7222E-09 1.6736E-09 9.4365E-10 4.8966E-10 2.2640E-10 8.8152E-11 2.4452E-11 7.2886E-13 0.0000E+00 0.0000E+00 0.0000E+00 0.0000E+00 0.0000E+00 0.0000E+00 0.0000E+00 0.0000E+00 0.0000E+00 0.0000E+00
0.0000E+00 0.0000E+00 0.0000E+00 0.0000E+00 0.0000E+00 0.0000E+00 0.0000E+00 0.0000E+00 0.0000E+00 0.0000E+00 1.6276E-11 1.3382E-10 4.6726E-10 1.2137E-09 2.5927E-09 4.7158E-09 7.4703E-09 1.0492E-08 1.3333E-08 1.5625E-08 1.7209E-08 1.8123E-08 1.8469E-08 1.8362E-08 1.7868E-08 1.7064E-08 1.6083E-08 1.5089E-08 1.4206E-08 1.3497E-08 1.2945E-08 1.2450E-08 1.1871E-08 1.1052E-08 9.8934E-09 8.4036E-09 6.7009E-09 4.9719E-09 3.4221E-09 2.1696E-09 1.2642E-09 6.7041E-10 3.2691E-10 1.3650E-10 4.4437E-11 6.7843E-12 0.0000E+00 0.0000E+00 0.0000E+00 0.0000E+00 0.0000E+00 0.0000E+00 0.0000E+00 0.0000E+00 0.0000E+00 0.0000E+00 0.0000E+00
0.0000E+00 0.0000E+00 0.0000E+00 0.0000E+00 0.0000E+00 0.0000E+00 0.0000E+00 0.0000E+00 0.0000E+00 0.0000E+00 2.5197E-11 1.6989E-10 5.6540E-10 1.4441E-09 3.0368E-09 5.4200E-09 8.3985E-09 1.1532E-08 1.4325E-08 1.6469E-08 1.7868E-08 1.8625E-08 1.8893E-08 1.8787E-08 1.8328E-08 1.7548E-08 1.6573E-08 1.5534E-08 1.4576E-08 1.3776E-08 1.3125E-08 1.2529E-08 1.1810E-08 1.0812E-08 9.4601E-09 7.7963E-09 5.9863E-09 4.2519E-09 2.7827E-09 1.6739E-09 9.1946E-10 4.5379E-10 2.0397E-10 7.4379E-11 1.6862E-11 0.0000E+00 0.0000E+00 0.0000E+00 0.0000E+00 0.0000E+00 0.0000E+00 0.0000E+00 0.0000E+00 0.0000E+00 0.0000E+00 0.0000E+00 0.0000E+00
0.0000E+00 0.0000E+00 0.0000E+00 0.0000E+00 0.0000E+00 0.0000E+00 0.0000E+00 0.0000E+00 0.0000E+00 0.0000E+00 3.7840E-11 2.1114E-10 6.8565E-10 1.7172E-09 3.5526E-09 6.2176E-09 9.4162E-09 1.2618E-08 1.5314E-08 1.7265E-08 1.8461E-08 1.9077E-08 1.9290E-08 1.9187E-08 1.8765E-08 1.8040E-08 1.7077E-08 1.6006E-08 1.4977E-08 1.4080E-08 1.3323E-08 1.2584E-08 1.1692E-08 1.0492E-08 8.9315E-09 7.1057E-09 5.2365E-09 3.5420E-09 2.1992E-09 1.2428E-09 6.3661E-10 2.9032E-10 1.1801E-10 3.3545E-11 2.1906E-12 0.0000E+00 0.0000E+00 0.0000E+00 0.0000E+00 0.0000E+00 0.0000E+00 0.0000E+00 0.0000E+00 0.0000E+00 0.0000E+00 0.0000E+00 0.0000E+00
0.0000E+00 0.0000E+00 0.0000E+00 0.0000E+00 0.0000E+00 0.0000E+00 0.0000E+00 0.0000E+00 0.0000E+00 0.0000E+00 4.8974E-11 2.6236E-10 8.3297E-10 2.0538E-09 4.1588E-09 7.1099E-09 1.0510E-08 1.3743E-08 1.6302E-08 1.8017E-08 1.9012E-08 1.9494E-08 1.9647E-08 1.9551E-08 1.9180E-08 1.8532E-08 1.7606E-08 1.6511E-08 1.5405E-08 1.4397E-08 1.3501E-08 1.2598E-08 1.1503E-08 1.0070E-08 8.2999E-09 6.3538E-09 4.4656E-09 2.8642E-09 1.6733E-09 8.8465E-10 4.1756E-10 1.7596E-10 6.0450E-11 1.0312E-11 0.0000E+00 0.0000E+00 0.0000E+00 0.0000E+00 0.0000E+00 0.0000E+00 0.0000E+00 0.0000E+00 0.0000E+00 0.0000E+00 0.0000E+00 0.0000E+00 0.0000E+00
0.0000E+00 0.0000E+00 0.0000E+00 0.0000E+00 0.0000E+00 0.0000E+00 0.0000E+00 0.0000E+00 0.0000E+00 3.0350E-13 7.0314E-11 3.2912E-10 1.0158E-09 2.4463E-09 4.8454E-09 8.0943E-09 1.1662E-08 1.4868E-08 1.7247E-08 1.8723E-08 1.9499E-08 1.9861E-08 1.9967E-08 1.9894E-08 1.9599E-08 1.9031E-08 1.8153E-08 1.7041E-08 1.5867E-08 1.4741E-08 1.3681E-08 1.2572E-08 1.1228E-08 9.5473E-09 7.5783E-09 5.5387E-09 3.6937E-09 2.2368E-09 1.2201E-09 5.9798E-10 2.5616E-10 9.4378E-11 2.4047E-11 0.0000E+00 0.0000E+00 0.0000E+00 0.0000E+00 0.0000E+00 0.0000E+00 0.0000E+00 0.0000E+00 0.0000E+00 0.0000E+00 0.0000E+00 0.0000E+00 0.0000E+00 0.0000E+00
0.0000E+00 0.0000E+00 0.0000E+00 0.0000E+00 0.0000E+00 0.0000E+00 0.0000E+00 0.0000E+00 0.0000E+00 3.3323E-12 9.2359E-11 4.1188E-10 1.2405E-09 2.9257E-09 5.6485E-09 9.1676E-09 1.2844E-08 1.5970E-08 1.8132E-08 1.9360E-08 1.9946E-08 2.0203E-08 2.0282E-08 2.0218E-08 1.9994E-08 1.9505E-08 1.8695E-08 1.7605E-08 1.6362E-08 1.5096E-08 1.3841E-08 1.2478E-08 1.0852E-08 8.9076E-09 6.7699E-09 4.6993E-09 2.9555E-09 1.6764E-09 8.5258E-10 3.8086E-10 1.4623E-10 4.3466E-11 4.6401E-12 0.0000E+00 0.0000E+00 0.0000E+00 0.0000E+00 0.0000E+00 0.0000E+00 0.0000E+00 0.0000E+00 0.0000E+00 0.0000E+00 0.0000E+00 0.0000E+00 0.0000E+00 0.0000E+00
0.0000E+00 0.0000E+00 0.0000E+00 0.0000E+00 0.0000E+00 0.0000E+00 0.0000E+00 0.0000E+00 0.0000E+00 7.3109E-12 1.2741E-10 5.2495E-10 1.5287E-09 3.5063E-09 6.5687E-09 1.0342E-08 1.4072E-08 1.7043E-08 1.8957E-08 1.9943E-08 2.0361E-08 2.0530E-08 2.0570E-08 2.0530E-08 2.0384E-08 1.9995E-08 1.9265E-08 1.8191E-08 1.6869E-08 1.5460E-08 1.3977E-08 1.2315E-08 1.0372E-08 8.1652E-09 5.8973E-09 3.8597E-09 2.2725E-09 1.1987E-09 5.5942E-10 2.2483E-10 7.3848E-11 1.3927E-11 0.0000E+00 0.0000E+00 0.0000E+00 0.0000E+00 0.0000E+00 0.0000E+00 0.0000E+00 0.0000E+00 0.0000E+00 0.0000E+00 0.0000E+00 0.0000E+00 0.0000E+00 0.0000E+00 0.0000E+00
0.0000E+00 0.0000E+00 0.0000E+00 0.0000E+00 0.0000E+00 0.0000E+00 0.0000E+00 0.0000E+00 0.0000E+00 1.1187E-11 1.6877E-10 6.6559E-10 1.8943E-09 4.2178E-09 7.6401E-09 1.1629E-08 1.5333E-08 1.8062E-08 1.9700E-08 2.0473E-08 2.0755E-08 2.0837E-08 2.0861E-08 2.0845E-08 2.0749E-08 2.0450E-08 1.9809E-08 1.8780E-08 1.7414E-08 1.5832E-08 1.4058E-08 1.2049E-08 9.7612E-09 7.3166E-09 4.9876E-09 3.0577E-09 1.6739E-09 8.1395E-10 3.4244E-10 1.1909E-10 3.0024E-11 0.0000E+00 0.0000E+00 0.0000E+00 0.0000E+00 0.0000E+00 0.0000E+00 0.0000E+00 0.0000E+00 0.0000E+00 0.0000E+00 0.0000E+00 0.0000E+00 0.0000E+00 0.0000E+00 0.0000E+00 0.0000E+00
0.0000E+00 0.0000E+00 0.0000E+00 0.0000E+00 0.0000E+00 0.0000E+00 0.0000E+00 0.0000E+00 0.0000E+00 2.2346E-11 2.1762E-10 8.3571E-10 2.3314E-09 5.0563E-09 8.8712E-09 1.3016E-08 1.6587E-08 1.9047E-08 2.0389E-08 2.0948E-08 2.1118E-08 2.1153E-08 2.1174E-08 2.1166E-08 2.1120E-08 2.0888E-08 2.0364E-08 1.9392E-08 1.7975E-08 1.6178E-08 1.4080E-08 1.1680E-08 9.0469E-09 6.4069E-09 4.0863E-09 2.3241E-09 1.1693E-09 5.1852E-10 1.9321E-10 5.4380E-11 5.8023E-12 0.0000E+00 0.0000E+00 0.0000E+00 0.0000E+00 0.0000E+00 0.0000E+00 0.0000E+00 0.0000E+00 0.0000E+00 0.0000E+00 0.0000E+00 0.0000E+00 0.0000E+00 0.0000E+00 0.0000E+00 0.0000E+00
0.0000E+00 0.0000E+00 0.0000E+00 0.0000E+00 0.0000E+00 0.0000E+00 0.0000E+00 0.0000E+00 0.0000E+00 3.7865E-11 2.6526E-10 1.0244E-09 2.8127E-09 5.9804E-09 1.0204E-08 1.4479E-08 1.7851E-08 1.9967E-08 2.0993E-08 2.1390E-08 2.1487E-08 2.1473E-08 2.1480E-08 2.1487E-08 2.1472E-08 2.1316E-08 2.0887E-08 1.9979E-08 1.8515E-08 1.6504E-08 1.4020E-08 1.1170E-08 8.1947E-09 5.4325E-09 3.2117E-09 1.6803E-09 7.7154E-10 3.0580E-10 9.5441E-11 1.7963E-11 0.0000E+00 0.0000E+00 0.0000E+00 0.0000E+00 0.0000E+00 0.0000E+00 0.0000E+00 0.0000E+00 0.0000E+00 0.0000E+00 0.0000E+00 0.0000E+00 0.0000E+00 0.0000E+00 0.0000E+00 0.0000E+00 0.0000E+00
0.0000E+00 0.0000E+00 0.0000E+00 0.0000E+00 0.0000E+00 0.0000E+00 0.0000E+00 0.0000E+00 8.4887E-14 5.4552E-11 3.2400E-10 1.2294E-09 3.3256E-09 6.9589E-09 1.1608E-08 1.5995E-08 1.9099E-08 2.0809E-08 2.1575E-08 2.1814E-08 2.1845E-08 2.1819E-08 2.1808E-08 2.1829E-08 2.1834E-08 2.1733E-08 2.1396E-08 2.0573E-08 1.9063E-08 1.6778E-08 1.3838E-08 1.0529E-08 7.2585E-09 4.4617E-09 2.4159E-09 1.1436E-09 4.7125E-10 1.6277E-10 3.8761E-11 9.2030E-13 0.0000E+00 0.0000E+00 0.0000E+00 0.0000E+00 0.0000E+00 0.0000E+00 0.0000E+00 0.0000E+00 0.0000E+00 0.0000E+00 0.0000E+00 0.0000E+00 0.0000E+00 0.0000E+00 0.0000E+00 0.0000E+00 0.0000E+00
0.0000E+00 0.0000E+00 0.0000E+00 0.0000E+00 0.0000E+00 0.0000E+00 0.0000E+00 0.0000E+00 0.0000E+00 6.2423E-11 3.6132E-10 1.3723E-09 3.7698E-09 7.9154E-09 1.3076E-08 1.7606E-08 2.0407E-08 2.1671E-08 2.2129E-08 2.2190E-08 2.2204E-08 2.2165E-08 2.2154E-08 2.2159E-08 2.2177E-08 2.2130E-08 2.1874E-08 2.1112E-08 1.9525E-08 1.6937E-08 1.3516E-08 9.7417E-09 6.2402E-09 3.5082E-09 1.7194E-09 7.2999E-10 2.6070E-10 7.2678E-11 8.6104E-12 0.0000E+00 0.0000E+00 0.0000E+00 0.0000E+00 0.0000E+00 0.0000E+00 0.0000E+00 0.0000E+00 0.0000E+00 0.0000E+00 0.0000E+00 0.0000E+00 0.0000E+00 0.0000E+00 0.0000E+00 0.0000E+00 0.0000E+00 0.0000E+00
0.0000E+00 0.0000E+00 0.0000E+00 0.0000E+00 0.0000E+00 0.0000E+00 0.0000E+00 0.0000E+00 0.0000E+00 5.7906E-11 3.7450E-10 1.4363E-09 4.0946E-09 8.7692E-09 1.4538E-08 1.9360E-08 2.1898E-08 2.2605E-08 2.2673E-08 2.2626E-08 2.2578E-08 2.2535E-08 2.2513E-08 2.2517E-08 2.2540E-08 2.2526E-08 2.2318E-08 2.1606E-08 1.9924E-08 1.6997E-08 1.3038E-08 8.8192E-09 5.1969E-09 2.6456E-09 1.1566E-09 4.2697E-10 1.2598E-10 2.3041E-11 0.0000E+00 0.0000E+00 0.0000E+00 0.0000E+00 0.0000E+00 0.0000E+00 0.0000E+00 0.0000E+00 0.0000E+00 0.0000E+00 0.0000E+00 0.0000E+00 0.0000E+00 0.0000E+00 0.0000E+00 0.0000E+00 0.0000E+00 0.0000E+00 0.0000E+00
