Assets/Resources/2015_m01_d31_0500(utc+0800)_l00_csi_1hr_conc.grd
DSAA
         159         159
     -79.000      79.000
     -79.000      79.000
  0.0000E+00  0.5275E-05
[rows 0 to 24 of 159, columns 57 to 113 of 159]
3.7523E-09 4.0085E-09 4.2448E-09 4.4560E-09 4.6367E-09 4.7812E-09 4.8872E-09 4.9509E-09 4.9702E-09 4.9446E-09 4.8748E-09 4.7622E-09 4.6098E-09 4.4213E-09 4.2013E-09 3.9557E-09 3.6899E-09 3.4100E-09 3.1218E-09 2.8313E-09 2.5439E-09 2.2644E-09 1.9968E-09 1.7435E-09 1.5077E-09 1.2909E-09 1.0956E-09 9.2029E-10 7.6400E-10 6.2832E-10 5.1190E-10 4.1070E-10 3.2750E-10 2.5602E-10 1.9823E-10 1.5106E-10 1.1128E-10 7.8156E-11 4.3826E-11 1.0349E-11 5.8372E-13 0.0000E+00 0.0000E+00 0.0000E+00 0.0000E+00 0.0000E+00 0.0000E+00 0.0000E+00 0.0000E+00 0.0000E+00 0.0000E+00 0.0000E+00 0.0000E+00 0.0000E+00 0.0000E+00 0.0000E+00 0.0000E+00
3.9918E-09 4.2701E-09 4.5279E-09 4.7588E-09 4.9566E-09 5.1162E-09 5.2336E-09 5.3054E-09 5.3293E-09 5.3045E-09 5.2305E-09 5.1113E-09 4.9487E-09 4.7469E-09 4.5109E-09 4.2467E-09 3.9606E-09 3.6590E-09 3.3487E-09 3.0355E-09 2.7252E-09 2.4230E-09 2.1337E-09 1.8614E-09 1.6085E-09 1.3756E-09 1.1642E-09 9.7630E-10 8.1129E-10 6.6589E-10 5.4065E-10 4.3467E-10 3.4381E-10 2.6967E-10 2.0797E-10 1.5699E-10 1.1525E-10 8.0972E-11 3.9681E-11 7.7037E-12 7.3643E-13 0.0000E+00 0.0000E+00 0.0000E+00 0.0000E+00 0.0000E+00 0.0000E+00 0.0000E+00 0.0000E+00 0.0000E+00 0.0000E+00 0.0000E+00 0.0000E+00 0.0000E+00 0.0000E+00 0.0000E+00 0.0000E+00
4.2277E-09 4.5283E-09 4.8069E-09 5.0572E-09 5.2725E-09 5.4462E-09 5.5760E-09 5.6567E-09 5.6861E-09 5.6631E-09 5.5879E-09 5.4624E-09 5.2898E-09 5.0746E-09 4.8223E-09 4.5386E-09 4.2318E-09 3.9083E-09 3.5750E-09 3.2389E-09 2.9062E-09 2.5826E-09 2.2724E-09 1.9793E-09 1.7078E-09 1.4595E-09 1.2349E-09 1.0329E-09 8.5544E-10 7.0247E-10 5.6866E-10 4.5570E-10 3.6090E-10 2.8172E-10 2.1664E-10 1.6343E-10 1.2017E-10 8.2359E-11 3.8314E-11 5.7789E-12 7.5289E-13 0.0000E+00 0.0000E+00 0.0000E+00 0.0000E+00 0.0000E+00 0.0000E+00 0.0000E+00 0.0000E+00 0.0000E+00 0.0000E+00 0.0000E+00 0.0000E+00 0.0000E+00 0.0000E+00 0.0000E+00 0.0000E+00
4.4534E-09 4.7767E-09 5.0774E-09 5.3485E-09 5.5829E-09 5.7743E-09 5.9175E-09 6.0081E-09 6.0435E-09 6.0224E-09 5.9438E-09 5.8127E-09 5.6308E-09 5.4028E-09 5.1345E-09 4.8330E-09 4.5056E-09 4.1598E-09 3.8032E-09 3.4431E-09 3.0870E-09 2.7407E-09 2.4094E-09 2.0976E-09 1.8073E-09 1.5410E-09 1.3011E-09 1.0884E-09 8.9977E-10 7.3617E-10 5.9715E-10 4.7665E-10 3.7691E-10 2.9306E-10 2.2523E-10 1.6981E-10 1.2361E-10 8.2745E-11 3.2822E-11 6.4178E-12 7.5016E-13 0.0000E+00 0.0000E+00 0.0000E+00 0.0000E+00 0.0000E+00 0.0000E+00 0.0000E+00 0.0000E+00 0.0000E+00 0.0000E+00 0.0000E+00 0.0000E+00 0.0000E+00 0.0000E+00 0.0000E+00 0.0000E+00
4.6703E-09 5.0166E-09 5.3397E-09 5.6316E-09 5.8850E-09 6.0914E-09 6.2486E-09 6.3501E-09 6.3927E-09 6.3750E-09 6.2971E-09 6.1608E-09 5.9699E-09 5.7293E-09 5.4453E-09 5.1244E-09 4.7765E-09 4.4088E-09 4.0293E-09 3.6463E-09 3.2672E-09 2.8980E-09 2.5446E-09 2.2122E-09 1.9042E-09 1.6233E-09 1.3680E-09 1.1409E-09 9.4275E-10 7.6991E-10 6.2100E-10 4.9715E-10 3.9054E-10 3.0453E-10 2.3279E-10 1.7437E-10 1.2606E-10 8.1941E-11 3.1330E-11 6.4391E-12 7.2995E-13 0.0000E+00 0.0000E+00 0.0000E+00 0.0000E+00 0.0000E+00 0.0000E+00 0.0000E+00 0.0000E+00 0.0000E+00 0.0000E+00 0.0000E+00 0.0000E+00 0.0000E+00 0.0000E+00 0.0000E+00 0.0000E+00
4.8735E-09 5.2420E-09 5.5878E-09 5.9015E-09 6.1750E-09 6.4009E-09 6.5730E-09 6.6859E-09 6.7363E-09 6.7225E-09 6.6426E-09 6.5026E-09 6.3039E-09 6.0517E-09 5.7527E-09 5.4145E-09 5.0460E-09 4.6561E-09 4.2536E-09 3.8471E-09 3.4449E-09 3.0535E-09 2.6793E-09 2.3267E-09 1.9993E-09 1.7007E-09 1.4321E-09 1.1930E-09 9.8222E-10 8.0139E-10 6.4654E-10 5.1415E-10 4.0578E-10 3.1351E-10 2.3956E-10 1.7873E-10 1.2819E-10 8.0561E-11 2.6374E-11 6.7118E-12 6.8664E-13 0.0000E+00 0.0000E+00 0.0000E+00 0.0000E+00 0.0000E+00 0.0000E+00 0.0000E+00 0.0000E+00 0.0000E+00 0.0000E+00 0.0000E+00 0.0000E+00 0.0000E+00 0.0000E+00 0.0000E+00 0.0000E+00
5.0619E-09 5.4544E-09 5.8230E-09 6.1584E-09 6.4521E-09 6.6959E-09 6.8835E-09 7.0104E-09 7.0710E-09 7.0632E-09 6.9869E-09 6.8438E-09 6.6377E-09 6.3743E-09 6.0605E-09 5.7036E-09 5.3151E-09 4.9030E-09 4.4770E-09 4.0463E-09 3.6198E-09 3.2056E-09 2.8098E-09 2.4374E-09 2.0926E-09 1.7780E-09 1.4939E-09 1.2422E-09 1.0224E-09 8.3057E-10 6.6850E-10 5.3142E-10 4.1667E-10 3.2304E-10 2.4594E-10 1.8334E-10 1.2798E-10 7.7359E-11 2.4326E-11 6.9310E-12 8.2995E-13 0.0000E+00 0.0000E+00 0.0000E+00 0.0000E+00 0.0000E+00 0.0000E+00 0.0000E+00 0.0000E+00 0.0000E+00 0.0000E+00 0.0000E+00 0.0000E+00 0.0000E+00 0.0000E+00 0.0000E+00 0.0000E+00
5.2342E-09 5.6482E-09 6.0395E-09 6.3989E-09 6.7156E-09 6.9809E-09 7.1870E-09 7.3277E-09 7.3984E-09 7.3965E-09 7.3210E-09 7.1747E-09 6.9628E-09 6.6896E-09 6.3625E-09 5.9902E-09 5.5823E-09 5.1491E-09 4.7001E-09 4.2458E-09 3.7958E-09 3.3578E-09 2.9387E-09 2.5459E-09 2.1827E-09 1.8513E-09 1.5536E-09 1.2888E-09 1.0579E-09 8.5943E-10 6.8919E-10 5.4712E-10 4.2798E-10 3.3107E-10 2.5081E-10 1.8598E-10 1.2641E-10 7.1792E-11 2.2115E-11 6.9779E-12 4.3111E-13 0.0000E+00 0.0000E+00 0.0000E+00 0.0000E+00 0.0000E+00 0.0000E+00 0.0000E+00 0.0000E+00 0.0000E+00 0.0000E+00 0.0000E+00 0.0000E+00 0.0000E+00 0.0000E+00 0.0000E+00 0.0000E+00
5.3873E-09 5.8270E-09 6.2436E-09 6.6264E-09 6.9654E-09 7.2505E-09 7.4718E-09 7.6280E-09 7.7115E-09 7.7194E-09 7.6503E-09 7.5055E-09 7.2891E-09 7.0068E-09 6.6664E-09 6.2766E-09 5.8486E-09 5.3932E-09 4.9207E-09 4.4426E-09 3.9695E-09 3.5089E-09 3.0680E-09 2.6534E-09 2.2700E-09 1.9230E-09 1.6109E-09 1.3349E-09 1.0929E-09 8.8517E-10 7.0939E-10 5.6012E-10 4.3853E-10 3.3690E-10 2.5651E-10 1.8824E-10 1.2636E-10 6.5181E-11 2.0400E-11 7.1518E-12 4.3168E-14 0.0000E+00 0.0000E+00 0.0000E+00 0.0000E+00 0.0000E+00 0.0000E+00 0.0000E+00 0.0000E+00 0.0000E+00 0.0000E+00 0.0000E+00 0.0000E+00 0.0000E+00 0.0000E+00 0.0000E+00 0.0000E+00
5.5256E-09 5.9878E-09 6.4280E-09 6.8333E-09 7.1948E-09 7.5029E-09 7.7487E-09 7.9235E-09 8.0216E-09 8.0394E-09 7.9758E-09 7.8303E-09 7.6110E-09 7.3215E-09 6.9696E-09 6.5651E-09 6.1187E-09 5.6421E-09 5.1469E-09 4.6446E-09 4.1459E-09 3.6601E-09 3.1965E-09 2.7621E-09 2.3597E-09 1.9933E-09 1.6658E-09 1.3776E-09 1.1266E-09 9.1007E-10 7.2725E-10 5.7442E-10 4.4655E-10 3.4426E-10 2.5972E-10 1.9004E-10 1.2469E-10 6.0458E-11 1.9086E-11 7.6570E-12 0.0000E+00 0.0000E+00 0.0000E+00 0.0000E+00 0.0000E+00 0.0000E+00 0.0000E+00 0.0000E+00 0.0000E+00 0.0000E+00 0.0000E+00 0.0000E+00 0.0000E+00 0.0000E+00 0.0000E+00 0.0000E+00 0.0000E+00
5.6446E-09 6.1297E-09 6.5935E-09 7.0251E-09 7.4137E-09 7.7469E-09 8.0119E-09 8.2055E-09 8.3184E-09 8.3475E-09 8.2914E-09 8.1511E-09 7.9304E-09 7.6348E-09 7.2722E-09 6.8526E-09 6.3870E-09 5.8897E-09 5.3724E-09 4.8478E-09 4.3264E-09 3.8172E-09 3.3297E-09 2.8708E-09 2.4478E-09 2.0645E-09 1.7216E-09 1.4195E-09 1.1582E-09 9.3422E-10 7.4400E-10 5.8554E-10 4.5516E-10 3.4859E-10 2.6299E-10 1.8973E-10 1.1997E-10 5.7558E-11 1.9106E-11 7.5425E-12 0.0000E+00 0.0000E+00 0.0000E+00 0.0000E+00 0.0000E+00 0.0000E+00 0.0000E+00 0.0000E+00 0.0000E+00 0.0000E+00 0.0000E+00 0.0000E+00 0.0000E+00 0.0000E+00 0.0000E+00 0.0000E+00 0.0000E+00
5.7434E-09 6.2525E-09 6.7429E-09 7.2018E-09 7.6154E-09 7.9722E-09 8.2624E-09 8.4775E-09 8.6105E-09 8.6571E-09 8.6133E-09 8.4776E-09 8.2586E-09 7.9592E-09 7.5879E-09 7.1553E-09 6.6733E-09 6.1549E-09 5.6133E-09 5.0614E-09 4.5115E-09 3.9770E-09 3.4664E-09 2.9871E-09 2.5428E-09 2.1386E-09 1.7770E-09 1.4602E-09 1.1879E-09 9.5550E-10 7.5997E-10 5.9619E-10 4.6213E-10 3.5272E-10 2.6547E-10 1.8740E-10 1.1512E-10 5.5439E-11 1.8204E-11 5.5890E-12 0.0000E+00 0.0000E+00 0.0000E+00 0.0000E+00 0.0000E+00 0.0000E+00 0.0000E+00 0.0000E+00 0.0000E+00 0.0000E+00 0.0000E+00 0.0000E+00 0.0000E+00 0.0000E+00 0.0000E+00 0.0000E+00 0.0000E+00
5.8252E-09 6.3613E-09 6.8778E-09 7.3624E-09 7.8028E-09 8.1884E-09 8.5059E-09 8.7480E-09 8.9053E-09 8.9704E-09 8.9404E-09 8.8154E-09 8.5981E-09 8.2954E-09 7.9159E-09 7.4706E-09 6.9714E-09 6.4338E-09 5.8705E-09 5.2948E-09 4.7197E-09 4.1567E-09 3.6167E-09 3.1096E-09 2.6417E-09 2.2167E-09 1.8380E-09 1.5025E-09 1.2162E-09 9.7646E-10 7.7384E-10 6.0577E-10 4.6747E-10 3.5627E-10 2.6496E-10 1.8464E-10 1.1282E-10 5.1936E-11 1.8287E-11 3.0880E-12 0.0000E+00 0.0000E+00 0.0000E+00 0.0000E+00 0.0000E+00 0.0000E+00 0.0000E+00 0.0000E+00 0.0000E+00 0.0000E+00 0.0000E+00 0.0000E+00 0.0000E+00 0.0000E+00 0.0000E+00 0.0000E+00 0.0000E+00
5.8948E-09 6.4532E-09 6.9942E-09 7.5081E-09 7.9806E-09 8.3992E-09 8.7497E-09 9.0201E-09 9.2013E-09 9.2876E-09 9.2755E-09 9.1619E-09 8.9521E-09 8.6507E-09 8.2656E-09 7.8083E-09 7.2917E-09 6.7304E-09 6.1395E-09 5.5344E-09 4.9308E-09 4.3422E-09 3.7785E-09 3.2467E-09 2.7521E-09 2.3031E-09 1.9017E-09 1.5507E-09 1.2437E-09 9.9448E-10 7.8641E-10 6.1364E-10 4.7251E-10 3.5793E-10 2.6348E-10 1.8209E-10 1.0890E-10 5.0241E-11 1.8259E-11 1.2090E-12 0.0000E+00 0.0000E+00 0.0000E+00 0.0000E+00 0.0000E+00 0.0000E+00 0.0000E+00 0.0000E+00 0.0000E+00 0.0000E+00 0.0000E+00 0.0000E+00 0.0000E+00 0.0000E+00 0.0000E+00 0.0000E+00 0.0000E+00
5.9469E-09 6.5301E-09 7.1025E-09 7.6494E-09 8.1569E-09 8.6095E-09 8.9924E-09 9.2934E-09 9.5065E-09 9.6207E-09 9.6303E-09 9.5340E-09 9.3334E-09 9.0339E-09 8.6440E-09 8.1755E-09 7.6414E-09 7.0584E-09 6.4416E-09 5.8071E-09 5.1708E-09 4.5467E-09 3.9487E-09 3.3879E-09 2.8703E-09 2.3995E-09 1.9761E-09 1.6022E-09 1.2789E-09 1.0140E-09 7.9711E-10 6.2009E-10 4.7531E-10 3.5755E-10 2.6052E-10 1.7570E-10 1.0554E-10 4.6148E-11 1.5714E-11 2.9859E-13 0.0000E+00 0.0000E+00 0.0000E+00 0.0000E+00 0.0000E+00 0.0000E+00 0.0000E+00 0.0000E+00 0.0000E+00 0.0000E+00 0.0000E+00 0.0000E+00 0.0000E+00 0.0000E+00 0.0000E+00 0.0000E+00 0.0000E+00
5.9864E-09 6.5981E-09 7.2008E-09 7.7832E-09 8.3269E-09 8.8167E-09 9.2405E-09 9.5839E-09 9.8336E-09 9.9798E-09 1.0016E-08 9.9400E-09 9.7516E-09 9.4586E-09 9.0670E-09 8.5884E-09 8.0369E-09 7.4289E-09 6.7832E-09 6.1178E-09 5.4496E-09 4.7934E-09 4.1606E-09 3.5621E-09 3.0093E-09 2.5073E-09 2.0593E-09 1.6621E-09 1.3180E-09 1.0369E-09 8.0909E-10 6.2507E-10 4.7688E-10 3.5537E-10 2.5568E-10 1.7198E-10 1.0278E-10 4.3126E-11 1.1639E-11 0.0000E+00 0.0000E+00 0.0000E+00 0.0000E+00 0.0000E+00 0.0000E+00 0.0000E+00 0.0000E+00 0.0000E+00 0.0000E+00 0.0000E+00 0.0000E+00 0.0000E+00 0.0000E+00 0.0000E+00 0.0000E+00 0.0000E+00 0.0000E+00
6.0155E-09 6.6578E-09 7.2959E-09 7.9153E-09 8.4994E-09 9.0338E-09 9.5023E-09 9.8870E-09 1.0178E-08 1.0363E-08 1.0433E-08 1.0385E-08 1.0216E-08 9.9324E-09 9.5406E-09 9.0528E-09 8.4835E-09 7.8498E-09 7.1714E-09 6.4669E-09 5.7553E-09 5.0556E-09 4.3844E-09 3.7521E-09 3.1666E-09 2.6302E-09 2.1527E-09 1.7314E-09 1.3649E-09 1.0619E-09 8.2462E-10 6.2987E-10 4.7557E-10 3.5085E-10 2.5056E-10 1.6848E-10 9.7334E-11 3.8920E-11 7.5613E-12 0.0000E+00 0.0000E+00 0.0000E+00 0.0000E+00 0.0000E+00 0.0000E+00 0.0000E+00 0.0000E+00 0.0000E+00 0.0000E+00 0.0000E+00 0.0000E+00 0.0000E+00 0.0000E+00 0.0000E+00 0.0000E+00 0.0000E+00 0.0000E+00
6.0377E-09 6.7113E-09 7.3842E-09 8.0433E-09 8.6750E-09 9.2596E-09 9.7787E-09 1.0217E-08 1.0559E-08 1.0790E-08 1.0901E-08 1.0885E-08 1.0739E-08 1.0468E-08 1.0079E-08 9.5827E-09 8.9958E-09 8.3365E-09 7.6253E-09 6.8826E-09 6.1281E-09 5.3810E-09 4.6586E-09 3.9763E-09 3.3448E-09 2.7717E-09 2.2591E-09 1.8081E-09 1.4222E-09 1.0971E-09 8.4262E-10 6.3898E-10 4.7409E-10 3.4581E-10 2.4481E-10 1.6564E-10 8.9878E-11 3.2878E-11 4.0894E-12 0.0000E+00 0.0000E+00 0.0000E+00 0.0000E+00 0.0000E+00 0.0000E+00 0.0000E+00 0.0000E+00 0.0000E+00 0.0000E+00 0.0000E+00 0.0000E+00 0.0000E+00 0.0000E+00 0.0000E+00 0.0000E+00 0.0000E+00 0.0000E+00
6.0529E-09 6.7573E-09 7.4704E-09 8.1775E-09 8.8603E-09 9.4996E-09 1.0077E-08 1.0573E-08 1.0973E-08 1.1259E-08 1.1419E-08 1.1444E-08 1.1331E-08 1.1080E-08 1.0698E-08 1.0196E-08 9.5895E-09 8.8980E-09 8.1440E-09 7.3507E-09 6.5429E-09 5.7447E-09 4.9730E-09 4.2417E-09 3.5594E-09 2.9385E-09 2.3853E-09 1.8997E-09 1.4819E-09 1.1423E-09 8.6872E-10 6.4938E-10 4.7440E-10 3.4372E-10 2.3899E-10 1.6262E-10 8.0566E-11 2.6090E-11 2.0851E-12 0.0000E+00 0.0000E+00 0.0000E+00 0.0000E+00 0.0000E+00 0.0000E+00 0.0000E+00 0.0000E+00 0.0000E+00 0.0000E+00 0.0000E+00 0.0000E+00 0.0000E+00 0.0000E+00 0.0000E+00 0.0000E+00 0.0000E+00 0.0000E+00
6.0589E-09 6.7998E-09 7.5576E-09 8.3148E-09 9.0535E-09 9.7561E-09 1.0402E-08 1.0969E-08 1.1437E-08 1.1788E-08 1.2008E-08 1.2085E-08 1.2011E-08 1.1786E-08 1.1415E-08 1.0908E-08 1.0283E-08 9.5601E-09 8.7629E-09 7.9165E-09 7.0489E-09 6.1844E-09 5.3456E-09 4.5495E-09 3.8086E-09 3.1345E-09 2.5329E-09 2.0079E-09 1.5597E-09 1.1898E-09 9.0065E-10 6.6523E-10 4.8038E-10 3.4424E-10 2.3567E-10 1.5679E-10 7.1439E-11 2.0248E-11 1.2567E-12 0.0000E+00 0.0000E+00 0.0000E+00 0.0000E+00 0.0000E+00 0.0000E+00 0.0000E+00 0.0000E+00 0.0000E+00 0.0000E+00 0.0000E+00 0.0000E+00 0.0000E+00 0.0000E+00 0.0000E+00 0.0000E+00 0.0000E+00 0.0000E+00
6.0598E-09 6.8405E-09 7.6436E-09 8.4556E-09 9.2596E-09 1.0035E-08 1.0757E-08 1.1403E-08 1.1952E-08 1.2382E-08 1.2673E-08 1.2811E-08 1.2785E-08 1.2594E-08 1.2239E-08 1.1730E-08 1.1085E-08 1.0325E-08 9.4762E-09 8.5717E-09 7.6420E-09 6.7124E-09 5.8017E-09 4.9300E-09 4.1150E-09 3.3723E-09 2.7112E-09 2.1337E-09 1.6500E-09 1.2555E-09 9.3827E-10 6.8867E-10 4.9473E-10 3.4853E-10 2.3517E-10 1.4821E-10 6.1167E-11 1.4477E-11 1.2102E-12 0.0000E+00 0.0000E+00 0.0000E+00 0.0000E+00 0.0000E+00 0.0000E+00 0.0000E+00 0.0000E+00 0.0000E+00 0.0000E+00 0.0000E+00 0.0000E+00 0.0000E+00 0.0000E+00 0.0000E+00 0.0000E+00 0.0000E+00 0.0000E+00
6.0552E-09 6.8752E-09 7.7303E-09 8.6055E-09 9.4811E-09 1.0335E-08 1.1142E-08 1.1881E-08 1.2524E-08 1.3046E-08 1.3423E-08 1.3636E-08 1.3670E-08 1.3521E-08 1.3189E-08 1.2683E-08 1.2019E-08 1.1221E-08 1.0319E-08 9.3496E-09 8.3416E-09 7.3249E-09 6.3274E-09 5.3697E-09 4.4736E-09 3.6534E-09 2.9242E-09 2.2895E-09 1.7563E-09 1.3273E-09 9.9087E-10 7.2179E-10 5.1039E-10 3.6125E-10 2.3945E-10 1.3264E-10 5.0306E-11 9.9954E-12 1.1842E-12 0.0000E+00 0.0000E+00 0.0000E+00 0.0000E+00 0.0000E+00 0.0000E+00 0.0000E+00 0.0000E+00 0.0000E+00 0.0000E+00 0.0000E+00 0.0000E+00 0.0000E+00 0.0000E+00 0.0000E+00 0.0000E+00 0.0000E+00 0.0000E+00
6.0428E-09 6.9064E-09 7.8172E-09 8.7572E-09 9.7100E-09 1.0653E-08 1.1563E-08 1.2408E-08 1.3160E-08 1.3787E-08 1.4263E-08 1.4565E-08 1.4673E-08 1.4580E-08 1.4281E-08 1.3782E-08 1.3102E-08 1.2266E-08 1.1315E-08 1.0277E-08 9.1891E-09 8.0783E-09 6.9731E-09 5.9044E-09 4.9014E-09 3.9846E-09 3.1737E-09 2.4763E-09 1.8914E-09 1.4171E-09 1.0482E-09 7.6038E-10 5.3759E-10 3.6938E-10 2.4706E-10 1.1984E-10 4.1038E-11 7.7765E-12 1.1527E-12 0.0000E+00 0.0000E+00 0.0000E+00 0.0000E+00 0.0000E+00 0.0000E+00 0.0000E+00 0.0000E+00 0.0000E+00 0.0000E+00 0.0000E+00 0.0000E+00 0.0000E+00 0.0000E+00 0.0000E+00 0.0000E+00 0.0000E+00 0.0000E+00
6.0230E-09 6.9323E-09 7.8992E-09 8.9122E-09 9.9514E-09 1.0995E-08 1.2015E-08 1.2976E-08 1.3849E-08 1.4599E-08 1.5195E-08 1.5605E-08 1.5805E-08 1.5778E-08 1.5520E-08 1.5036E-08 1.4340E-08 1.3476E-08 1.2463E-08 1.1350E-08 1.0163E-08 8.9421E-09 7.7200E-09 6.5361E-09 5.4134E-09 4.3854E-09 3.4743E-09 2.6893E-09 2.0426E-09 1.5281E-09 1.1193E-09 8.0536E-10 5.6969E-10 3.8989E-10 2.4916E-10 1.0656E-10 3.3232E-11 7.1919E-12 9.1219E-13 0.0000E+00 0.0000E+00 0.0000E+00 0.0000E+00 0.0000E+00 0.0000E+00 0.0000E+00 0.0000E+00 0.0000E+00 0.0000E+00 0.0000E+00 0.0000E+00 0.0000E+00 0.0000E+00 0.0000E+00 0.0000E+00 0.0000E+00 0.0000E+00
5.9917E-09 6.9465E-09 7.9755E-09 9.0663E-09 1.0199E-08 1.1351E-08 1.2490E-08 1.3586E-08 1.4599E-08 1.5494E-08 1.6225E-08 1.6759E-08 1.7067E-08 1.7124E-08 1.6922E-08 1.6461E-08 1.5775E-08 1.4875E-08 1.3820E-08 1.2620E-08 1.1324E-08 9.9688E-09 8.6020E-09 7.2638E-09 5.9989E-09 4.8450E-09 3.8268E-09 2.9549E-09 2.2294E-09 1.6542E-09 1.2100E-09 8.5789E-10 6.0306E-10 4.1373E-10 2.4564E-10 8.8294E-11 2.7299E-11 7.2557E-12 5.2614E-13 0.0000E+00 0.0000E+00 0.0000E+00 0.0000E+00 0.0000E+00 0.0000E+00 0.0000E+00 0.0000E+00 0.0000E+00 0.0000E+00 0.0000E+00 0.0000E+00 0.0000E+00 0.0000E+00 0.0000E+00 0.0000E+00 0.0000E+00 0.0000E+00
