Assets/Resources/2015_m01_d24_1100(utc+0800)_l00_csi_1hr_conc.grd
DSAA
         159         159
     -79.000      79.000
     -79.000      79.000
  0.4921E-10  0.3731E-06
[rows 100 to 124 of 159, columns 57 to 113 of 159]
2.1866E-09 2.2141E-09 2.2409E-09 2.2669E-09 2.2923E-09 2.3168E-09 2.3404E-09 2.3633E-09 2.3852E-09 2.4057E-09 2.4257E-09 2.4448E-09 2.4628E-09 2.4797E-09 2.4956E-09 2.5103E-09 2.5240E-09 2.5364E-09 2.5477E-09 2.5579E-09 2.5664E-09 2.5741E-09 2.5805E-09 2.5854E-09 2.5893E-09 2.5920E-09 2.5930E-09 2.5931E-09 2.5920E-09 2.5891E-09 2.5854E-09 2.5800E-09 2.5733E-09 2.5657E-09 2.5562E-09 2.5461E-09 2.5344E-09 2.5218E-09 2.5076E-09 2.4922E-09 2.4756E-09 2.4578E-09 2.4389E-09 2.4188E-09 2.3976E-09 2.3754E-09 2.3520E-09 2.3277E-09 2.3019E-09 2.2761E-09 2.2489E-09 2.2208E-09 2.1914E-09 2.1616E-09 2.1311E-09 2.0998E-09 2.0675E-09
2.1478E-09 2.1750E-09 2.2016E-09 2.2274E-09 2.2525E-09 2.2769E-09 2.3004E-09 2.3231E-09 2.3449E-09 2.3658E-09 2.3857E-09 2.4047E-09 2.4227E-09 2.4396E-09 2.4555E-09 2.4703E-09 2.4836E-09 2.4962E-09 2.5076E-09 2.5175E-09 2.5265E-09 2.5344E-09 2.5410E-09 2.5460E-09 2.5502E-09 2.5531E-09 2.5544E-09 2.5547E-09 2.5535E-09 2.5510E-09 2.5475E-09 2.5421E-09 2.5361E-09 2.5289E-09 2.5200E-09 2.5103E-09 2.4989E-09 2.4863E-09 2.4725E-09 2.4574E-09 2.4413E-09 2.4238E-09 2.4057E-09 2.3856E-09 2.3648E-09 2.3430E-09 2.3200E-09 2.2961E-09 2.2712E-09 2.2454E-09 2.2186E-09 2.1910E-09 2.1620E-09 2.1331E-09 2.1029E-09 2.0717E-09 2.0403E-09
2.1093E-09 2.1362E-09 2.1625E-09 2.1881E-09 2.2130E-09 2.2372E-09 2.2605E-09 2.2831E-09 2.3048E-09 2.3252E-09 2.3450E-09 2.3640E-09 2.3819E-09 2.3988E-09 2.4143E-09 2.4292E-09 2.4429E-09 2.4555E-09 2.4666E-09 2.4770E-09 2.4862E-09 2.4942E-09 2.5006E-09 2.5062E-09 2.5105E-09 2.5133E-09 2.5148E-09 2.5154E-09 2.5140E-09 2.5122E-09 2.5090E-09 2.5043E-09 2.4986E-09 2.4913E-09 2.4827E-09 2.4733E-09 2.4619E-09 2.4500E-09 2.4361E-09 2.4219E-09 2.4060E-09 2.3890E-09 2.3708E-09 2.3515E-09 2.3311E-09 2.3097E-09 2.2877E-09 2.2637E-09 2.2392E-09 2.2138E-09 2.1874E-09 2.1602E-09 2.1321E-09 2.1033E-09 2.0736E-09 2.0428E-09 2.0117E-09
2.0703E-09 2.0969E-09 2.1230E-09 2.1483E-09 2.1730E-09 2.1966E-09 2.2197E-09 2.2421E-09 2.2637E-09 2.2843E-09 2.3041E-09 2.3229E-09 2.3408E-09 2.3573E-09 2.3732E-09 2.3880E-09 2.4018E-09 2.4141E-09 2.4256E-09 2.4361E-09 2.4454E-09 2.4531E-09 2.4597E-09 2.4654E-09 2.4696E-09 2.4726E-09 2.4747E-09 2.4755E-09 2.4748E-09 2.4731E-09 2.4703E-09 2.4658E-09 2.4600E-09 2.4530E-09 2.4447E-09 2.4352E-09 2.4245E-09 2.4130E-09 2.3998E-09 2.3855E-09 2.3700E-09 2.3533E-09 2.3355E-09 2.3166E-09 2.2971E-09 2.2760E-09 2.2540E-09 2.2304E-09 2.2063E-09 2.1813E-09 2.1558E-09 2.1290E-09 2.1010E-09 2.0726E-09 2.0433E-09 2.0134E-09 1.9827E-09
2.0308E-09 2.0571E-09 2.0829E-09 2.1080E-09 2.1324E-09 2.1562E-09 2.1791E-09 2.2013E-09 2.2227E-09 2.2432E-09 2.2625E-09 2.2812E-09 2.2990E-09 2.3159E-09 2.3317E-09 2.3465E-09 2.3599E-09 2.3726E-09 2.3839E-09 2.3944E-09 2.4034E-09 2.4113E-09 2.4183E-09 2.4242E-09 2.4286E-09 2.4321E-09 2.4343E-09 2.4350E-09 2.4349E-09 2.4330E-09 2.4300E-09 2.4257E-09 2.4206E-09 2.4139E-09 2.4059E-09 2.3972E-09 2.3867E-09 2.3751E-09 2.3623E-09 2.3483E-09 2.3331E-09 2.3169E-09 2.2999E-09 2.2814E-09 2.2618E-09 2.2411E-09 2.2190E-09 2.1963E-09 2.1731E-09 2.1484E-09 2.1230E-09 2.0966E-09 2.0690E-09 2.0410E-09 2.0126E-09 1.9831E-09 1.9526E-09
1.9912E-09 2.0176E-09 2.0431E-09 2.0679E-09 2.0921E-09 2.1152E-09 2.1379E-09 2.1599E-09 2.1811E-09 2.2015E-09 2.2210E-09 2.2393E-09 2.2570E-09 2.2738E-09 2.2892E-09 2.3040E-09 2.3174E-09 2.3301E-09 2.3418E-09 2.3523E-09 2.3614E-09 2.3697E-09 2.3769E-09 2.3829E-09 2.3873E-09 2.3910E-09 2.3930E-09 2.3939E-09 2.3935E-09 2.3923E-09 2.3895E-09 2.3855E-09 2.3806E-09 2.3741E-09 2.3669E-09 2.3580E-09 2.3478E-09 2.3365E-09 2.3240E-09 2.3104E-09 2.2960E-09 2.2801E-09 2.2630E-09 2.2449E-09 2.2257E-09 2.2049E-09 2.1841E-09 2.1618E-09 2.1386E-09 2.1144E-09 2.0889E-09 2.0634E-09 2.0366E-09 2.0091E-09 1.9811E-09 1.9517E-09 1.9216E-09
1.9515E-09 1.9772E-09 2.0024E-09 2.0269E-09 2.0509E-09 2.0741E-09 2.0966E-09 2.1184E-09 2.1394E-09 2.1593E-09 2.1786E-09 2.1971E-09 2.2147E-09 2.2314E-09 2.2471E-09 2.2615E-09 2.2753E-09 2.2880E-09 2.2996E-09 2.3098E-09 2.3193E-09 2.3277E-09 2.3345E-09 2.3402E-09 2.3452E-09 2.3485E-09 2.3507E-09 2.3522E-09 2.3519E-09 2.3510E-09 2.3483E-09 2.3449E-09 2.3399E-09 2.3336E-09 2.3262E-09 2.3176E-09 2.3077E-09 2.2972E-09 2.2855E-09 2.2721E-09 2.2577E-09 2.2421E-09 2.2254E-09 2.2076E-09 2.1887E-09 2.1688E-09 2.1483E-09 2.1261E-09 2.1033E-09 2.0795E-09 2.0549E-09 2.0298E-09 2.0034E-09 1.9760E-09 1.9484E-09 1.9195E-09 1.8902E-09
1.9118E-09 1.9372E-09 1.9621E-09 1.9863E-09 2.0099E-09 2.0329E-09 2.0552E-09 2.0768E-09 2.0976E-09 2.1176E-09 2.1368E-09 2.1551E-09 2.1726E-09 2.1888E-09 2.2044E-09 2.2191E-09 2.2328E-09 2.2450E-09 2.2563E-09 2.2668E-09 2.2764E-09 2.2843E-09 2.2913E-09 2.2975E-09 2.3021E-09 2.3060E-09 2.3087E-09 2.3098E-09 2.3102E-09 2.3090E-09 2.3065E-09 2.3034E-09 2.2986E-09 2.2925E-09 2.2854E-09 2.2775E-09 2.2679E-09 2.2572E-09 2.2453E-09 2.2327E-09 2.2181E-09 2.2029E-09 2.1870E-09 2.1695E-09 2.1515E-09 2.1316E-09 2.1112E-09 2.0896E-09 2.0673E-09 2.0443E-09 2.0201E-09 1.9950E-09 1.9691E-09 1.9421E-09 1.9150E-09 1.8868E-09 1.8579E-09
1.8724E-09 1.8975E-09 1.9220E-09 1.9459E-09 1.9692E-09 1.9919E-09 2.0140E-09 2.0353E-09 2.0559E-09 2.0757E-09 2.0938E-09 2.1120E-09 2.1294E-09 2.1458E-09 2.1613E-09 2.1759E-09 2.1887E-09 2.2013E-09 2.2129E-09 2.2235E-09 2.2326E-09 2.2410E-09 2.2484E-09 2.2542E-09 2.2593E-09 2.2633E-09 2.2657E-09 2.2670E-09 2.2675E-09 2.2660E-09 2.2642E-09 2.2608E-09 2.2566E-09 2.2513E-09 2.2443E-09 2.2362E-09 2.2269E-09 2.2165E-09 2.2049E-09 2.1922E-09 2.1788E-09 2.1639E-09 2.1483E-09 2.1309E-09 2.1132E-09 2.0936E-09 2.0736E-09 2.0529E-09 2.0309E-09 2.0083E-09 1.9842E-09 1.9592E-09 1.9340E-09 1.9078E-09 1.8808E-09 1.8534E-09 1.8247E-09
1.8322E-09 1.8568E-09 1.8810E-09 1.9046E-09 1.9276E-09 1.9500E-09 1.9713E-09 1.9924E-09 2.0127E-09 2.0323E-09 2.0511E-09 2.0691E-09 2.0863E-09 2.1026E-09 2.1175E-09 2.1320E-09 2.1455E-09 2.1581E-09 2.1696E-09 2.1797E-09 2.1892E-09 2.1977E-09 2.2042E-09 2.2105E-09 2.2157E-09 2.2193E-09 2.2218E-09 2.2236E-09 2.2239E-09 2.2234E-09 2.2218E-09 2.2185E-09 2.2141E-09 2.2085E-09 2.2023E-09 2.1944E-09 2.1853E-09 2.1752E-09 2.1643E-09 2.1519E-09 2.1388E-09 2.1238E-09 2.1086E-09 2.0915E-09 2.0738E-09 2.0554E-09 2.0357E-09 2.0154E-09 1.9934E-09 1.9713E-09 1.9475E-09 1.9233E-09 1.8986E-09 1.8728E-09 1.8459E-09 1.8190E-09 1.7908E-09
1.7922E-09 1.8165E-09 1.8403E-09 1.8635E-09 1.8862E-09 1.9083E-09 1.9297E-09 1.9505E-09 1.9706E-09 1.9900E-09 2.0086E-09 2.0259E-09 2.0429E-09 2.0590E-09 2.0743E-09 2.0886E-09 2.1020E-09 2.1136E-09 2.1251E-09 2.1356E-09 2.1451E-09 2.1526E-09 2.1600E-09 2.1664E-09 2.1712E-09 2.1753E-09 2.1784E-09 2.1798E-09 2.1806E-09 2.1803E-09 2.1779E-09 2.1753E-09 2.1711E-09 2.1657E-09 2.1592E-09 2.1520E-09 2.1436E-09 2.1337E-09 2.1228E-09 2.1106E-09 2.0975E-09 2.0831E-09 2.0679E-09 2.0519E-09 2.0345E-09 2.0165E-09 1.9968E-09 1.9768E-09 1.9553E-09 1.9332E-09 1.9106E-09 1.8868E-09 1.8622E-09 1.8368E-09 1.8105E-09 1.7840E-09 1.7567E-09
1.7521E-09 1.7765E-09 1.7999E-09 1.8228E-09 1.8452E-09 1.8669E-09 1.8881E-09 1.9081E-09 1.9279E-09 1.9470E-09 1.9649E-09 1.9825E-09 1.9993E-09 2.0152E-09 2.0303E-09 2.0441E-09 2.0569E-09 2.0693E-09 2.0807E-09 2.0912E-09 2.1002E-09 2.1086E-09 2.1160E-09 2.1223E-09 2.1272E-09 2.1314E-09 2.1340E-09 2.1356E-09 2.1365E-09 2.1358E-09 2.1340E-09 2.1315E-09 2.1275E-09 2.1227E-09 2.1164E-09 2.1094E-09 2.1005E-09 2.0912E-09 2.0806E-09 2.0687E-09 2.0558E-09 2.0422E-09 2.0273E-09 2.0116E-09 1.9942E-09 1.9766E-09 1.9573E-09 1.9377E-09 1.9169E-09 1.8952E-09 1.8729E-09 1.8493E-09 1.8252E-09 1.8003E-09 1.7747E-09 1.7488E-09 1.7216E-09
1.7120E-09 1.7356E-09 1.7586E-09 1.7811E-09 1.8031E-09 1.8245E-09 1.8454E-09 1.8651E-09 1.8846E-09 1.9035E-09 1.9216E-09 1.9390E-09 1.9555E-09 1.9713E-09 1.9858E-09 1.9998E-09 2.0130E-09 2.0253E-09 2.0366E-09 2.0465E-09 2.0559E-09 2.0642E-09 2.0716E-09 2.0770E-09 2.0823E-09 2.0866E-09 2.0888E-09 2.0909E-09 2.0919E-09 2.0913E-09 2.0901E-09 2.0873E-09 2.0838E-09 2.0789E-09 2.0727E-09 2.0659E-09 2.0572E-09 2.0482E-09 2.0378E-09 2.0266E-09 2.0141E-09 2.0007E-09 1.9857E-09 1.9704E-09 1.9534E-09 1.9360E-09 1.9175E-09 1.8979E-09 1.8778E-09 1.8562E-09 1.8345E-09 1.8112E-09 1.7876E-09 1.7635E-09 1.7384E-09 1.7127E-09 1.6860E-09
1.6720E-09 1.6951E-09 1.7178E-09 1.7399E-09 1.7616E-09 1.7826E-09 1.8031E-09 1.8230E-09 1.8422E-09 1.8608E-09 1.8786E-09 1.8957E-09 1.9116E-09 1.9272E-09 1.9419E-09 1.9558E-09 1.9688E-09 1.9804E-09 1.9912E-09 2.0015E-09 2.0108E-09 2.0191E-09 2.0255E-09 2.0319E-09 2.0372E-09 2.0410E-09 2.0441E-09 2.0463E-09 2.0468E-09 2.0468E-09 2.0453E-09 2.0427E-09 2.0393E-09 2.0341E-09 2.0286E-09 2.0217E-09 2.0140E-09 2.0052E-09 1.9950E-09 1.9837E-09 1.9714E-09 1.9584E-09 1.9437E-09 1.9286E-09 1.9123E-09 1.8953E-09 1.8771E-09 1.8577E-09 1.8380E-09 1.8168E-09 1.7951E-09 1.7730E-09 1.7498E-09 1.7259E-09 1.7013E-09 1.6758E-09 1.6500E-09
1.6320E-09 1.6552E-09 1.6774E-09 1.6992E-09 1.7204E-09 1.7411E-09 1.7613E-09 1.7803E-09 1.7992E-09 1.8175E-09 1.8351E-09 1.8515E-09 1.8676E-09 1.8829E-09 1.8974E-09 1.9111E-09 1.9235E-09 1.9350E-09 1.9461E-09 1.9563E-09 1.9655E-09 1.9733E-09 1.9806E-09 1.9868E-09 1.9917E-09 1.9959E-09 1.9991E-09 2.0005E-09 2.0016E-09 2.0016E-09 1.9997E-09 1.9976E-09 1.9944E-09 1.9898E-09 1.9845E-09 1.9777E-09 1.9702E-09 1.9609E-09 1.9513E-09 1.9403E-09 1.9282E-09 1.9152E-09 1.9014E-09 1.8864E-09 1.8707E-09 1.8535E-09 1.8359E-09 1.8169E-09 1.7976E-09 1.7772E-09 1.7560E-09 1.7340E-09 1.7113E-09 1.6879E-09 1.6639E-09 1.6392E-09 1.6137E-09
1.5920E-09 1.6143E-09 1.6361E-09 1.6574E-09 1.6783E-09 1.6986E-09 1.7184E-09 1.7376E-09 1.7558E-09 1.7737E-09 1.7910E-09 1.8076E-09 1.8234E-09 1.8385E-09 1.8528E-09 1.8659E-09 1.8785E-09 1.8903E-09 1.9013E-09 1.9108E-09 1.9199E-09 1.9281E-09 1.9353E-09 1.9407E-09 1.9460E-09 1.9502E-09 1.9534E-09 1.9548E-09 1.9559E-09 1.9557E-09 1.9547E-09 1.9527E-09 1.9492E-09 1.9451E-09 1.9396E-09 1.9330E-09 1.9256E-09 1.9166E-09 1.9072E-09 1.8964E-09 1.8850E-09 1.8722E-09 1.8587E-09 1.8437E-09 1.8284E-09 1.8115E-09 1.7944E-09 1.7760E-09 1.7569E-09 1.7369E-09 1.7162E-09 1.6947E-09 1.6725E-09 1.6496E-09 1.6263E-09 1.6020E-09 1.5771E-09
1.5521E-09 1.5739E-09 1.5953E-09 1.6163E-09 1.6367E-09 1.6567E-09 1.6761E-09 1.6949E-09 1.7132E-09 1.7308E-09 1.7478E-09 1.7641E-09 1.7796E-09 1.7940E-09 1.8081E-09 1.8214E-09 1.8338E-09 1.8454E-09 1.8557E-09 1.8653E-09 1.8743E-09 1.8823E-09 1.8886E-09 1.8948E-09 1.9000E-09 1.9042E-09 1.9071E-09 1.9092E-09 1.9104E-09 1.9102E-09 1.9093E-09 1.9070E-09 1.9037E-09 1.8997E-09 1.8940E-09 1.8878E-09 1.8804E-09 1.8722E-09 1.8630E-09 1.8525E-09 1.8410E-09 1.8285E-09 1.8151E-09 1.8007E-09 1.7854E-09 1.7695E-09 1.7524E-09 1.7345E-09 1.7158E-09 1.6963E-09 1.6760E-09 1.6550E-09 1.6336E-09 1.6110E-09 1.5883E-09 1.5645E-09 1.5401E-09
1.5127E-09 1.5341E-09 1.5550E-09 1.5755E-09 1.5956E-09 1.6151E-09 1.6342E-09 1.6527E-09 1.6706E-09 1.6874E-09 1.7040E-09 1.7200E-09 1.7350E-09 1.7495E-09 1.7634E-09 1.7764E-09 1.7882E-09 1.7993E-09 1.8099E-09 1.8196E-09 1.8284E-09 1.8361E-09 1.8431E-09 1.8491E-09 1.8543E-09 1.8581E-09 1.8612E-09 1.8634E-09 1.8639E-09 1.8641E-09 1.8633E-09 1.8607E-09 1.8579E-09 1.8536E-09 1.8487E-09 1.8427E-09 1.8354E-09 1.8275E-09 1.8179E-09 1.8079E-09 1.7967E-09 1.7845E-09 1.7714E-09 1.7576E-09 1.7427E-09 1.7269E-09 1.7102E-09 1.6927E-09 1.6744E-09 1.6554E-09 1.6359E-09 1.6152E-09 1.5943E-09 1.5722E-09 1.5497E-09 1.5267E-09 1.5030E-09
1.4726E-09 1.4935E-09 1.5140E-09 1.5341E-09 1.5537E-09 1.5728E-09 1.5915E-09 1.6096E-09 1.6271E-09 1.6437E-09 1.6601E-09 1.6757E-09 1.6907E-09 1.7050E-09 1.7186E-09 1.7314E-09 1.7431E-09 1.7543E-09 1.7647E-09 1.7742E-09 1.7826E-09 1.7904E-09 1.7973E-09 1.8033E-09 1.8077E-09 1.8118E-09 1.8149E-09 1.8164E-09 1.8176E-09 1.8178E-09 1.8167E-09 1.8149E-09 1.8121E-09 1.8080E-09 1.8031E-09 1.7970E-09 1.7899E-09 1.7819E-09 1.7728E-09 1.7631E-09 1.7521E-09 1.7406E-09 1.7277E-09 1.7141E-09 1.6995E-09 1.6840E-09 1.6678E-09 1.6507E-09 1.6332E-09 1.6144E-09 1.5954E-09 1.5752E-09 1.5547E-09 1.5332E-09 1.5113E-09 1.4889E-09 1.4657E-09
1.4332E-09 1.4536E-09 1.4736E-09 1.4933E-09 1.5125E-09 1.5312E-09 1.5494E-09 1.5672E-09 1.5843E-09 1.6009E-09 1.6169E-09 1.6322E-09 1.6469E-09 1.6606E-09 1.6738E-09 1.6864E-09 1.6982E-09 1.7092E-09 1.7194E-09 1.7281E-09 1.7366E-09 1.7443E-09 1.7511E-09 1.7563E-09 1.7613E-09 1.7653E-09 1.7684E-09 1.7702E-09 1.7714E-09 1.7716E-09 1.7705E-09 1.7688E-09 1.7658E-09 1.7618E-09 1.7571E-09 1.7508E-09 1.7442E-09 1.7364E-09 1.7279E-09 1.7181E-09 1.7077E-09 1.6961E-09 1.6837E-09 1.6703E-09 1.6561E-09 1.6410E-09 1.6255E-09 1.6087E-09 1.5916E-09 1.5733E-09 1.5547E-09 1.5349E-09 1.5148E-09 1.4941E-09 1.4727E-09 1.4508E-09 1.4282E-09
1.3942E-09 1.4141E-09 1.4337E-09 1.4529E-09 1.4716E-09 1.4899E-09 1.5078E-09 1.5251E-09 1.5419E-09 1.5581E-09 1.5734E-09 1.5884E-09 1.6024E-09 1.6161E-09 1.6291E-09 1.6414E-09 1.6529E-09 1.6634E-09 1.6730E-09 1.6822E-09 1.6906E-09 1.6981E-09 1.7044E-09 1.7102E-09 1.7151E-09 1.7190E-09 1.7218E-09 1.7239E-09 1.7248E-09 1.7247E-09 1.7240E-09 1.7220E-09 1.7191E-09 1.7155E-09 1.7107E-09 1.7052E-09 1.6987E-09 1.6911E-09 1.6825E-09 1.6730E-09 1.6626E-09 1.6513E-09 1.6391E-09 1.6264E-09 1.6129E-09 1.5981E-09 1.5829E-09 1.5665E-09 1.5499E-09 1.5320E-09 1.5139E-09 1.4947E-09 1.4751E-09 1.4549E-09 1.4339E-09 1.4125E-09 1.3906E-09
1.3546E-09 1.3741E-09 1.3932E-09 1.4119E-09 1.4302E-09 1.4481E-09 1.4655E-09 1.4824E-09 1.4985E-09 1.5143E-09 1.5296E-09 1.5443E-09 1.5583E-09 1.5717E-09 1.5844E-09 1.5964E-09 1.6074E-09 1.6179E-09 1.6277E-09 1.6367E-09 1.6449E-09 1.6519E-09 1.6584E-09 1.6641E-09 1.6685E-09 1.6721E-09 1.6751E-09 1.6772E-09 1.6778E-09 1.6780E-09 1.6773E-09 1.6754E-09 1.6729E-09 1.6694E-09 1.6647E-09 1.6591E-09 1.6526E-09 1.6451E-09 1.6371E-09 1.6278E-09 1.6177E-09 1.6070E-09 1.5952E-09 1.5827E-09 1.5692E-09 1.5551E-09 1.5400E-09 1.5243E-09 1.5081E-09 1.4908E-09 1.4730E-09 1.4545E-09 1.4353E-09 1.4154E-09 1.3951E-09 1.3743E-09 1.3529E-09
1.3156E-09 1.3346E-09 1.3532E-09 1.3715E-09 1.3894E-09 1.4068E-09 1.4238E-09 1.4403E-09 1.4563E-09 1.4717E-09 1.4866E-09 1.5009E-09 1.5146E-09 1.5274E-09 1.5398E-09 1.5515E-09 1.5625E-09 1.5728E-09 1.5824E-09 1.5905E-09 1.5985E-09 1.6057E-09 1.6121E-09 1.6173E-09 1.6217E-09 1.6255E-09 1.6285E-09 1.6302E-09 1.6314E-09 1.6317E-09 1.6307E-09 1.6292E-09 1.6264E-09 1.6228E-09 1.6182E-09 1.6131E-09 1.6067E-09 1.5995E-09 1.5917E-09 1.5830E-09 1.5730E-09 1.5626E-09 1.5509E-09 1.5389E-09 1.5258E-09 1.5120E-09 1.4977E-09 1.4822E-09 1.4662E-09 1.4495E-09 1.4322E-09 1.4142E-09 1.3954E-09 1.3762E-09 1.3564E-09 1.3360E-09 1.3151E-09
1.2768E-09 1.2953E-09 1.3134E-09 1.3315E-09 1.3489E-09 1.3659E-09 1.3825E-09 1.3985E-09 1.4138E-09 1.4289E-09 1.4431E-09 1.4571E-09 1.4704E-09 1.4832E-09 1.4953E-09 1.5067E-09 1.5175E-09 1.5269E-09 1.5362E-09 1.5448E-09 1.5526E-09 1.5596E-09 1.5656E-09 1.5710E-09 1.5756E-09 1.5793E-09 1.5819E-09 1.5839E-09 1.5848E-09 1.5848E-09 1.5842E-09 1.5824E-09 1.5797E-09 1.5765E-09 1.5721E-09 1.5671E-09 1.5613E-09 1.5541E-09 1.5465E-09 1.5378E-09 1.5283E-09 1.5183E-09 1.5069E-09 1.4952E-09 1.4824E-09 1.4692E-09 1.4549E-09 1.4402E-09 1.4244E-09 1.4084E-09 1.3913E-09 1.3739E-09 1.3556E-09 1.3369E-09 1.3175E-09 1.2977E-09 1.2775E-09
1.2379E-09 1.2558E-09 1.2735E-09 1.2908E-09 1.3078E-09 1.3243E-09 1.3404E-09 1.3561E-09 1.3713E-09 1.3859E-09 1.4001E-09 1.4137E-09 1.4267E-09 1.4391E-09 1.4509E-09 1.4618E-09 1.4723E-09 1.4821E-09 1.4912E-09 1.4995E-09 1.5072E-09 1.5137E-09 1.5198E-09 1.5248E-09 1.5293E-09 1.5326E-09 1.5355E-09 1.5372E-09 1.5380E-09 1.5383E-09 1.5375E-09 1.5361E-09 1.5338E-09 1.5304E-09 1.5263E-09 1.5214E-09 1.5155E-09 1.5088E-09 1.5014E-09 1.4928E-09 1.4838E-09 1.4740E-09 1.4631E-09 1.4518E-09 1.4393E-09 1.4264E-09 1.4125E-09 1.3982E-09 1.3829E-09 1.3673E-09 1.3507E-09 1.3336E-09 1.3158E-09 1.2976E-09 1.2789E-09 1.2597E-09 1.2398E-09
