Assets/Resources/2015_m01_d02_0200(utc+0800)_l00_csi_1hr_conc.grd
DSAA
         159         159
     -79.000      79.000
     -79.000      79.000
  0.0000E+00  0.5463E-05
[rows 75 to 99 of 159, columns 57 to 113 of 159]
0.0000E+00 0.0000E+00 0.0000E+00 0.0000E+00 0.0000E+00 0.0000E+00 0.0000E+00 0.0000E+00 0.0000E+00 0.0000E+00 0.0000E+00 0.0000E+00 0.0000E+00 0.0000E+00 0.0000E+00 0.0000E+00 0.0000E+00 0.0000E+00 0.0000E+00 0.0000E+00 0.0000E+00 0.0000E+00 0.0000E+00 0.0000E+00 0.0000E+00 0.0000E+00 0.0000E+00 0.0000E+00 0.0000E+00 5.2233E-15 7.1542E-13 2.9801E-12 1.0474E-11 2.5063E-11 4.2963E-11 5.9408E-11 7.1574E-11 8.0700E-11 8.9320E-11 9.8484E-11 1.0818E-10 1.1837E-10 1.2903E-10 1.4013E-10 1.5377E-10 1.6879E-10 1.8714E-10 2.0922E-10 2.3827E-10 2.7062E-10 3.0321E-10 3.3421E-10 3.6570E-10 4.2129E-10 5.3620E-10 6.3916E-10 7.0808E-10
0.0000E+00 0.0000E+00 0.0000E+00 0.0000E+00 0.0000E+00 0.0000E+00 0.0000E+00 0.0000E+00 0.0000E+00 0.0000E+00 0.0000E+00 0.0000E+00 0.0000E+00 0.0000E+00 0.0000E+00 0.0000E+00 0.0000E+00 0.0000E+00 0.0000E+00 0.0000E+00 0.0000E+00 0.0000E+00 0.0000E+00 0.0000E+00 0.0000E+00 0.0000E+00 0.0000E+00 0.0000E+00 0.0000E+00 6.0224E-13 4.2263E-12 1.4071E-11 2.9932E-11 4.7089E-11 6.2758E-11 7.4713E-11 8.4063E-11 9.3394E-11 1.0337E-10 1.1397E-10 1.2518E-10 1.3697E-10 1.4930E-10 1.6435E-10 1.8091E-10 2.0301E-10 2.2951E-10 2.5844E-10 2.9255E-10 3.2682E-10 4.2090E-10 5.0532E-10 5.9911E-10 6.7251E-10 7.3170E-10 7.8287E-10 8.3491E-10
0.0000E+00 0.0000E+00 0.0000E+00 0.0000E+00 0.0000E+00 0.0000E+00 0.0000E+00 0.0000E+00 0.0000E+00 0.0000E+00 0.0000E+00 0.0000E+00 0.0000E+00 0.0000E+00 0.0000E+00 0.0000E+00 0.0000E+00 0.0000E+00 0.0000E+00 0.0000E+00 0.0000E+00 0.0000E+00 0.0000E+00 0.0000E+00 0.0000E+00 0.0000E+00 0.0000E+00 0.0000E+00 6.0329E-13 5.2667E-12 1.7098E-11 3.3182E-11 4.9696E-11 6.5011E-11 7.7189E-11 8.6911E-11 9.6924E-11 1.0768E-10 1.1917E-10 1.3139E-10 1.4431E-10 1.5789E-10 1.7435E-10 1.9429E-10 2.1820E-10 2.4575E-10 2.7661E-10 3.5729E-10 4.3354E-10 5.1391E-10 6.1032E-10 6.8008E-10 7.4464E-10 8.0218E-10 8.6095E-10 9.2017E-10 9.8136E-10
0.0000E+00 0.0000E+00 0.0000E+00 0.0000E+00 0.0000E+00 0.0000E+00 0.0000E+00 0.0000E+00 0.0000E+00 0.0000E+00 0.0000E+00 0.0000E+00 0.0000E+00 0.0000E+00 0.0000E+00 0.0000E+00 0.0000E+00 0.0000E+00 0.0000E+00 0.0000E+00 0.0000E+00 0.0000E+00 0.0000E+00 0.0000E+00 0.0000E+00 0.0000E+00 0.0000E+00 8.0817E-13 6.0745E-12 1.8783E-11 3.5223E-11 5.1214E-11 6.6466E-11 7.8981E-11 8.9181E-11 9.9834E-11 1.1133E-10 1.2368E-10 1.3688E-10 1.5091E-10 1.6574E-10 1.8360E-10 2.0512E-10 2.3087E-10 2.8202E-10 3.5983E-10 4.2332E-10 5.0463E-10 6.0159E-10 6.8029E-10 7.5025E-10 8.1174E-10 8.7571E-10 9.4221E-10 1.0092E-09 1.0781E-09 1.1757E-09
0.0000E+00 0.0000E+00 0.0000E+00 0.0000E+00 0.0000E+00 0.0000E+00 0.0000E+00 0.0000E+00 0.0000E+00 0.0000E+00 0.0000E+00 0.0000E+00 0.0000E+00 0.0000E+00 0.0000E+00 0.0000E+00 0.0000E+00 0.0000E+00 0.0000E+00 0.0000E+00 0.0000E+00 0.0000E+00 0.0000E+00 3.5528E-10 2.6644E-12 0.0000E+00 8.1189E-13 6.4229E-12 1.9510E-11 3.5918E-11 5.1734E-11 6.7117E-11 8.0112E-11 9.0821E-11 1.0206E-10 1.1425E-10 1.2741E-10 1.4153E-10 1.5663E-10 1.7267E-10 1.9189E-10 2.1494E-10 2.6567E-10 3.3905E-10 4.0252E-10 4.7949E-10 5.7750E-10 6.6298E-10 7.3925E-10 8.1068E-10 8.7987E-10 9.5139E-10 1.0249E-09 1.1006E-09 1.2052E-09 1.3150E-09 1.4310E-09
0.0000E+00 0.0000E+00 0.0000E+00 0.0000E+00 0.0000E+00 0.0000E+00 0.0000E+00 0.0000E+00 0.0000E+00 0.0000E+00 0.0000E+00 0.0000E+00 0.0000E+00 0.0000E+00 0.0000E+00 0.0000E+00 0.0000E+00 0.0000E+00 0.0000E+00 0.0000E+00 0.0000E+00 0.0000E+00 0.0000E+00 7.8436E-07 7.4980E-07 1.8971E-06 5.4627E-06 3.0170E-06 9.0694E-07 2.1861E-07 4.8139E-08 8.6950E-09 9.1795E-11 1.0355E-10 1.1636E-10 1.3025E-10 1.4525E-10 1.6135E-10 1.7855E-10 1.9907E-10 2.4582E-10 2.9858E-10 3.7544E-10 4.5182E-10 5.4229E-10 6.2516E-10 7.0932E-10 7.9281E-10 8.7000E-10 9.4803E-10 1.0269E-09 1.1095E-09 1.2668E-09 1.4065E-09 1.5321E-09 1.6422E-09 1.7576E-09
0.0000E+00 0.0000E+00 0.0000E+00 0.0000E+00 0.0000E+00 0.0000E+00 0.0000E+00 0.0000E+00 0.0000E+00 0.0000E+00 0.0000E+00 0.0000E+00 0.0000E+00 0.0000E+00 0.0000E+00 0.0000E+00 0.0000E+00 0.0000E+00 0.0000E+00 0.0000E+00 0.0000E+00 0.0000E+00 0.0000E+00 0.0000E+00 6.6952E-07 6.4909E-07 6.2299E-07 5.8403E-07 7.3461E-07 1.0886E-06 9.9092E-07 4.8848E-07 9.7304E-08 2.4385E-09 1.3216E-10 1.4793E-10 1.6496E-10 1.8324E-10 2.2428E-10 2.7367E-10 3.2984E-10 3.9368E-10 4.8291E-10 5.7909E-10 6.6528E-10 7.5590E-10 8.4180E-10 9.2597E-10 1.0122E-09 1.1524E-09 1.2947E-09 1.4418E-09 1.5537E-09 1.6721E-09 1.7969E-09 1.9262E-09 2.0609E-09
0.0000E+00 0.0000E+00 0.0000E+00 0.0000E+00 0.0000E+00 0.0000E+00 0.0000E+00 0.0000E+00 0.0000E+00 0.0000E+00 0.0000E+00 0.0000E+00 0.0000E+00 0.0000E+00 0.0000E+00 0.0000E+00 0.0000E+00 0.0000E+00 0.0000E+00 0.0000E+00 0.0000E+00 0.0000E+00 0.0000E+00 2.5240E-13 6.0294E-09 6.1889E-07 5.9291E-07 5.6152E-07 5.2971E-07 5.0212E-07 4.8924E-07 4.8120E-07 3.5636E-07 7.7237E-08 2.3390E-09 1.6738E-10 1.8664E-10 2.2999E-10 2.7831E-10 3.3906E-10 4.1539E-10 5.2405E-10 6.1088E-10 7.0292E-10 7.9272E-10 8.8672E-10 1.0052E-09 1.1524E-09 1.2830E-09 1.4377E-09 1.5586E-09 1.6841E-09 1.8163E-09 1.9550E-09 2.1005E-09 2.2521E-09 2.4083E-09
0.0000E+00 0.0000E+00 0.0000E+00 0.0000E+00 0.0000E+00 0.0000E+00 0.0000E+00 0.0000E+00 0.0000E+00 0.0000E+00 0.0000E+00 0.0000E+00 0.0000E+00 0.0000E+00 0.0000E+00 0.0000E+00 0.0000E+00 0.0000E+00 0.0000E+00 0.0000E+00 0.0000E+00 0.0000E+00 0.0000E+00 3.2551E-12 1.3887E-11 6.8383E-08 5.5762E-07 5.3481E-07 5.1387E-07 4.7877E-07 4.8072E-07 4.6136E-07 4.3881E-07 2.8937E-07 5.8725E-08 2.6742E-09 2.5120E-10 3.0068E-10 3.6192E-10 4.4069E-10 5.3754E-10 6.2694E-10 7.2642E-10 8.2778E-10 9.7644E-10 1.1068E-09 1.2433E-09 1.3880E-09 1.5392E-09 1.6749E-09 1.8149E-09 1.9609E-09 2.1164E-09 2.2787E-09 2.4478E-09 2.6237E-09 2.8044E-09
0.0000E+00 0.0000E+00 0.0000E+00 0.0000E+00 0.0000E+00 0.0000E+00 0.0000E+00 0.0000E+00 0.0000E+00 0.0000E+00 0.0000E+00 0.0000E+00 0.0000E+00 0.0000E+00 0.0000E+00 0.0000E+00 0.0000E+00 0.0000E+00 0.0000E+00 0.0000E+00 0.0000E+00 0.0000E+00 2.2025E-12 1.0896E-11 2.6071E-11 4.2764E-11 1.6203E-07 5.1217E-07 5.0239E-07 4.8346E-07 4.6903E-07 4.5254E-07 4.3710E-07 4.0838E-07 2.3556E-07 5.2902E-08 9.6510E-09 2.1098E-09 7.6914E-10 6.1685E-10 6.4518E-10 7.5061E-10 8.8032E-10 1.0148E-09 1.1770E-09 1.3256E-09 1.4843E-09 1.6316E-09 1.7850E-09 1.9425E-09 2.1063E-09 2.2767E-09 2.4577E-09 2.6471E-09 2.8423E-09 3.0451E-09 3.2538E-09
0.0000E+00 0.0000E+00 0.0000E+00 0.0000E+00 0.0000E+00 0.0000E+00 0.0000E+00 0.0000E+00 0.0000E+00 0.0000E+00 0.0000E+00 0.0000E+00 0.0000E+00 0.0000E+00 0.0000E+00 0.0000E+00 0.0000E+00 0.0000E+00 0.0000E+00 0.0000E+00 0.0000E+00 1.4266E-12 7.7968E-12 2.1839E-11 3.8947E-11 5.4293E-11 2.3701E-09 2.4171E-07 4.8372E-07 4.7435E-07 4.5857E-07 4.4123E-07 4.3268E-07 4.2328E-07 3.6360E-07 1.8817E-07 6.7396E-08 2.1362E-08 7.2850E-09 2.8652E-09 1.4188E-09 1.1539E-09 1.0979E-09 1.2212E-09 1.3820E-09 1.5548E-09 1.7181E-09 1.8883E-09 2.0646E-09 2.2453E-09 2.4362E-09 2.6343E-09 2.8441E-09 3.0636E-09 3.2890E-09 3.5215E-09 3.7597E-09
0.0000E+00 0.0000E+00 0.0000E+00 0.0000E+00 0.0000E+00 0.0000E+00 0.0000E+00 0.0000E+00 0.0000E+00 0.0000E+00 0.0000E+00 0.0000E+00 0.0000E+00 0.0000E+00 0.0000E+00 0.0000E+00 0.0000E+00 0.0000E+00 0.0000E+00 0.0000E+00 5.5953E-13 5.0429E-12 1.7127E-11 3.3875E-11 4.9960E-11 6.5670E-11 8.1689E-11 1.5948E-08 2.8916E-07 4.5765E-07 4.5028E-07 4.3600E-07 4.2864E-07 4.2793E-07 3.9469E-07 2.9619E-07 1.6529E-07 7.5863E-08 3.2712E-08 1.4113E-08 6.3490E-09 3.1668E-09 1.9196E-09 1.5235E-09 1.6136E-09 1.7921E-09 1.9793E-09 2.1759E-09 2.3776E-09 2.5871E-09 2.8076E-09 3.0383E-09 3.2800E-09 3.5319E-09 3.7912E-09 4.0556E-09 4.3259E-09
0.0000E+00 0.0000E+00 0.0000E+00 0.0000E+00 0.0000E+00 0.0000E+00 0.0000E+00 0.0000E+00 0.0000E+00 0.0000E+00 0.0000E+00 0.0000E+00 0.0000E+00 0.0000E+00 0.0000E+00 0.0000E+00 0.0000E+00 0.0000E+00 0.0000E+00 0.0000E+00 2.8794E-12 1.2606E-11 2.8016E-11 4.5062E-11 6.0715E-11 7.6827E-11 9.2333E-11 1.0686E-10 4.3613E-08 3.1567E-07 4.3965E-07 4.3216E-07 4.3045E-07 4.2301E-07 4.0468E-07 3.5191E-07 2.5512E-07 1.5489E-07 8.2816E-08 4.1500E-08 2.0195E-08 9.6296E-09 4.6618E-09 2.7206E-09 1.9780E-09 2.0559E-09 2.2707E-09 2.4959E-09 2.7281E-09 2.9708E-09 3.2236E-09 3.4908E-09 3.7684E-09 4.0561E-09 4.3520E-09 4.6520E-09 4.9563E-09
0.0000E+00 0.0000E+00 0.0000E+00 0.0000E+00 0.0000E+00 0.0000E+00 0.0000E+00 0.0000E+00 0.0000E+00 0.0000E+00 0.0000E+00 0.0000E+00 0.0000E+00 0.0000E+00 0.0000E+00 0.0000E+00 0.0000E+00 0.0000E+00 0.0000E+00 1.5323E-12 8.1566E-12 2.2003E-11 3.9198E-11 5.4875E-11 7.1095E-11 8.7534E-11 1.0239E-10 1.1818E-10 1.1955E-09 9.9244E-08 4.1269E-07 4.6593E-07 4.5483E-07 4.3365E-07 4.1356E-07 3.8323E-07 3.1719E-07 2.2910E-07 1.4599E-07 8.4339E-08 4.4925E-08 2.2229E-08 1.0489E-08 5.1319E-09 3.0292E-09 2.4312E-09 2.5959E-09 2.8518E-09 3.1186E-09 3.3982E-09 3.6882E-09 3.9946E-09 4.3128E-09 4.6392E-09 4.9741E-09 5.3130E-09 5.6530E-09
0.0000E+00 0.0000E+00 0.0000E+00 0.0000E+00 0.0000E+00 0.0000E+00 0.0000E+00 0.0000E+00 0.0000E+00 0.0000E+00 0.0000E+00 0.0000E+00 0.0000E+00 0.0000E+00 0.0000E+00 0.0000E+00 0.0000E+00 0.0000E+00 3.1614E-13 4.4634E-12 1.5679E-11 3.2139E-11 4.8851E-11 6.4618E-11 8.1277E-11 9.7236E-11 1.1280E-10 1.3020E-10 1.4970E-10 2.5300E-08 3.1189E-07 5.2671E-07 5.0634E-07 4.6827E-07 4.4321E-07 4.1475E-07 3.6485E-07 2.9358E-07 2.1076E-07 1.3691E-07 8.0187E-08 4.2954E-08 2.1196E-08 1.0173E-08 5.3495E-09 3.4443E-09 3.0397E-09 3.2871E-09 3.5791E-09 3.8971E-09 4.2252E-09 4.5523E-09 4.9147E-09 5.2840E-09 5.6605E-09 6.0477E-09 6.4362E-09
0.0000E+00 0.0000E+00 0.0000E+00 0.0000E+00 0.0000E+00 0.0000E+00 0.0000E+00 0.0000E+00 0.0000E+00 0.0000E+00 0.0000E+00 0.0000E+00 0.0000E+00 0.0000E+00 0.0000E+00 0.0000E+00 0.0000E+00 0.0000E+00 2.1251E-12 1.0195E-11 2.4915E-11 4.1892E-11 5.7966E-11 7.4533E-11 9.1162E-11 1.0683E-10 1.2379E-10 1.4289E-10 1.6429E-10 4.8841E-09 1.6392E-07 4.8513E-07 5.2562E-07 4.9508E-07 4.7116E-07 4.4391E-07 4.0426E-07 3.4496E-07 2.6925E-07 1.9052E-07 1.2199E-07 7.0475E-08 3.7325E-08 1.8744E-08 9.5461E-09 5.5759E-09 4.2101E-09 3.9279E-09 4.1130E-09 4.4682E-09 4.8309E-09 5.2110E-09 5.6408E-09 6.0873E-09 6.5426E-09 7.0211E-09 7.5417E-09
0.0000E+00 0.0000E+00 0.0000E+00 0.0000E+00 0.0000E+00 0.0000E+00 0.0000E+00 0.0000E+00 0.0000E+00 0.0000E+00 0.0000E+00 0.0000E+00 0.0000E+00 0.0000E+00 0.0000E+00 0.0000E+00 0.0000E+00 6.4595E-13 5.3756E-12 1.7328E-11 3.3971E-11 5.0648E-11 6.6658E-11 8.3808E-11 1.0034E-10 1.1680E-10 1.3533E-10 1.5621E-10 1.9982E-10 2.9891E-10 6.9017E-08 3.8012E-07 5.0994E-07 5.0354E-07 4.8718E-07 4.6380E-07 4.3072E-07 3.8155E-07 3.1407E-07 2.3731E-07 1.6294E-07 1.0138E-07 5.7837E-08 3.0955E-08 1.6225E-08 9.2343E-09 6.2870E-09 5.2313E-09 5.1625E-09 5.4317E-09 5.8193E-09 6.2693E-09 6.8253E-09 7.4302E-09 8.0012E-09 8.4763E-09 8.9553E-09
0.0000E+00 0.0000E+00 0.0000E+00 0.0000E+00 0.0000E+00 0.0000E+00 0.0000E+00 0.0000E+00 0.0000E+00 0.0000E+00 0.0000E+00 0.0000E+00 0.0000E+00 0.0000E+00 0.0000E+00 0.0000E+00 0.0000E+00 2.3085E-12 1.0929E-11 2.5589E-11 4.2713E-11 5.8942E-11 7.5835E-11 9.2911E-11 1.0935E-10 1.2720E-10 1.4738E-10 1.8907E-10 2.3696E-10 3.2229E-10 2.9068E-08 2.4624E-07 4.6659E-07 5.0447E-07 4.9159E-07 4.7192E-07 4.4476E-07 4.0374E-07 3.4547E-07 2.7431E-07 1.9955E-07 1.3262E-07 8.1149E-08 4.6520E-08 2.5925E-08 1.5110E-08 9.9333E-09 7.7586E-09 7.1422E-09 7.2963E-09 7.6673E-09 8.0916E-09 8.5102E-09 9.0033E-09 9.4418E-09 9.9399E-09 1.0432E-08
0.0000E+00 0.0000E+00 0.0000E+00 0.0000E+00 0.0000E+00 0.0000E+00 0.0000E+00 0.0000E+00 0.0000E+00 0.0000E+00 0.0000E+00 0.0000E+00 0.0000E+00 0.0000E+00 0.0000E+00 0.0000E+00 6.0905E-13 5.2969E-12 1.7262E-11 3.3756E-11 5.0494E-11 6.6837E-11 8.4290E-11 1.0148E-10 1.1863E-10 1.3799E-10 1.5989E-10 2.0609E-10 2.5916E-10 3.1992E-10 1.4717E-08 1.4704E-07 3.7759E-07 4.7987E-07 4.8592E-07 4.7167E-07 4.4912E-07 4.1521E-07 3.6537E-07 3.0164E-07 2.3055E-07 1.6266E-07 1.0647E-07 6.5414E-08 3.9204E-08 2.3944E-08 1.6069E-08 1.2350E-08 1.0582E-08 9.9398E-09 9.8813E-09 1.0102E-08 1.0426E-08 1.0833E-08 1.1277E-08 1.1739E-08 1.2198E-08
0.0000E+00 0.0000E+00 0.0000E+00 0.0000E+00 0.0000E+00 0.0000E+00 0.0000E+00 0.0000E+00 0.0000E+00 0.0000E+00 0.0000E+00 0.0000E+00 0.0000E+00 0.0000E+00 0.0000E+00 0.0000E+00 2.0839E-12 1.0075E-11 2.4668E-11 4.1654E-11 5.8213E-11 7.5015E-11 9.2714E-11 1.0978E-10 1.2820E-10 1.4912E-10 1.9261E-10 2.4284E-10 3.0066E-10 3.7393E-10 6.7968E-09 8.0282E-08 2.6012E-07 4.0597E-07 4.5417E-07 4.5711E-07 4.4365E-07 4.1699E-07 3.7587E-07 3.2063E-07 2.5591E-07 1.9031E-07 1.3235E-07 8.7291E-08 5.6012E-08 3.6320E-08 2.4811E-08 1.8625E-08 1.5339E-08 1.3712E-08 1.3050E-08 1.2857E-08 1.2961E-08 1.3214E-08 1.3582E-08 1.4000E-08 1.4392E-08
0.0000E+00 0.0000E+00 0.0000E+00 0.0000E+00 0.0000E+00 0.0000E+00 0.0000E+00 0.0000E+00 0.0000E+00 0.0000E+00 0.0000E+00 0.0000E+00 0.0000E+00 0.0000E+00 0.0000E+00 2.2258E-13 4.3834E-12 1.5539E-11 3.1605E-11 4.8507E-11 6.5197E-11 8.2715E-11 1.0049E-10 1.1818E-10 1.3800E-10 1.6052E-10 2.0825E-10 2.6337E-10 3.2757E-10 4.5809E-10 3.7027E-09 4.0818E-08 1.5562E-07 2.9220E-07 3.7484E-07 4.0990E-07 4.1498E-07 4.0176E-07 3.7207E-07 3.2769E-07 2.7196E-07 2.1217E-07 1.5601E-07 1.0920E-07 7.4533E-08 5.0910E-08 3.6072E-08 2.7159E-08 2.1948E-08 1.9024E-08 1.7431E-08 1.6654E-08 1.6353E-08 1.6337E-08 1.6502E-08 1.6788E-08 1.7106E-08
0.0000E+00 0.0000E+00 0.0000E+00 0.0000E+00 0.0000E+00 0.0000E+00 0.0000E+00 0.0000E+00 0.0000E+00 0.0000E+00 0.0000E+00 0.0000E+00 0.0000E+00 0.0000E+00 0.0000E+00 1.4826E-12 8.1728E-12 2.1894E-11 3.8818E-11 5.5375E-11 7.2107E-11 9.0423E-11 1.0811E-10 1.2673E-10 1.4798E-10 1.9223E-10 2.4362E-10 3.0309E-10 3.8345E-10 5.8429E-10 2.1772E-09 2.1777E-08 8.6422E-08 1.8789E-07 2.8028E-07 3.3845E-07 3.6539E-07 3.6812E-07 3.5309E-07 3.2106E-07 2.7695E-07 2.2562E-07 1.7441E-07 1.2920E-07 9.3190E-08 6.7145E-08 4.9434E-08 3.7828E-08 3.0628E-08 2.6069E-08 2.3430E-08 2.1802E-08 2.0936E-08 2.0483E-08 2.0368E-08 2.0417E-08 2.0528E-08
0.0000E+00 0.0000E+00 0.0000E+00 0.0000E+00 0.0000E+00 0.0000E+00 0.0000E+00 0.0000E+00 0.0000E+00 0.0000E+00 0.0000E+00 0.0000E+00 0.0000E+00 0.0000E+00 0.0000E+00 2.8473E-12 1.2747E-11 2.7871E-11 4.4918E-11 6.1762E-11 7.9191E-11 9.7360E-11 1.1548E-10 1.3537E-10 1.5807E-10 2.0615E-10 2.6198E-10 3.2981E-10 4.4574E-10 7.7694E-10 2.6016E-09 1.4665E-08 5.4152E-08 1.2447E-07 2.0319E-07 2.6771E-07 3.0767E-07 3.2527E-07 3.2304E-07 3.0447E-07 2.7210E-07 2.3128E-07 1.8733E-07 1.4607E-07 1.1136E-07 8.4303E-08 6.4471E-08 5.0639E-08 4.1258E-08 3.5045E-08 3.0973E-08 2.8389E-08 2.6769E-08 2.5776E-08 2.5181E-08 2.4849E-08 2.4661E-08
0.0000E+00 0.0000E+00 0.0000E+00 0.0000E+00 0.0000E+00 0.0000E+00 0.0000E+00 0.0000E+00 0.0000E+00 0.0000E+00 0.0000E+00 0.0000E+00 0.0000E+00 0.0000E+00 5.6185E-13 5.2789E-12 1.7433E-11 3.3779E-11 5.0615E-11 6.7676E-11 8.5756E-11 1.0416E-10 1.2288E-10 1.4404E-10 1.8795E-10 2.3922E-10 2.9891E-10 3.7956E-10 5.3738E-10 9.9030E-10 2.7013E-09 1.1841E-08 3.7798E-08 8.6753E-08 1.4956E-07 2.0927E-07 2.5441E-07 2.8094E-07 2.8936E-07 2.8184E-07 2.6087E-07 2.3024E-07 1.9498E-07 1.5943E-07 1.2742E-07 1.0074E-07 7.9974E-08 6.4373E-08 5.3167E-08 4.5286E-08 3.9868E-08 3.6166E-08 3.3697E-08 3.2041E-08 3.0922E-08 3.0139E-08 2.9535E-08
0.0000E+00 0.0000E+00 0.0000E+00 0.0000E+00 0.0000E+00 0.0000E+00 0.0000E+00 0.0000E+00 0.0000E+00 0.0000E+00 0.0000E+00 0.0000E+00 0.0000E+00 0.0000E+00 1.6145E-12 8.6964E-12 2.2871E-11 3.9653E-11 5.6421E-11 7.3528E-11 9.2257E-11 1.1068E-10 1.3024E-10 1.5268E-10 1.9990E-10 2.5506E-10 3.1927E-10 4.2528E-10 6.5573E-10 1.2152E-09 3.0797E-09 1.0039E-08 2.8960E-08 6.3967E-08 1.1246E-07 1.6421E-07 2.0844E-07 2.3930E-07 2.5498E-07 2.5621E-07 2.4495E-07 2.2401E-07 1.9714E-07 1.6800E-07 1.4001E-07 1.1500E-07 9.4225E-08 7.7877E-08 6.5427E-08 5.6246E-08 4.9621E-08 4.4872E-08 4.1533E-08 3.9151E-08 3.7425E-08 3.6142E-08 3.5111E-08
