Assets/Resources/2015_m01_d14_0300(utc+0800)_l00_csi_1hr_conc.grd
DSAA
         159         159
     -79.000      79.000
     -79.000      79.000
  0.0000E+00  0.2237E-04
[rows 100 to 124 of 159, columns 0 to 56 of 159]
3.0325E-10 3.1501E-10 3.2953E-10 3.4159E-10 3.5383E-10 3.6625E-10 3.8188E-10 3.9502E-10 4.0832E-10 4.2176E-10 4.3532E-10 4.5239E-10 4.6654E-10 4.8025E-10 4.9397E-10 5.0765E-10 5.2509E-10 5.3911E-10 5.5301E-10 5.7149E-10 5.8567E-10 5.9990E-10 6.1943E-10 6.3430E-10 6.5365E-10 6.6858E-10 6.8315E-10 7.0241E-10 7.1680E-10 7.3069E-10 7.4401E-10 7.5666E-10 7.7149E-10 7.8421E-10 7.9629E-10 8.1170E-10 8.2478E-10 8.3619E-10 8.5748E-10 8.7012E-10 8.8021E-10 8.8840E-10 9.0172E-10 9.0719E-10 9.1039E-10 9.1226E-10 9.1273E-10 9.1952E-10 9.1806E-10 9.1680E-10 9.1390E-10 9.0928E-10 9.0284E-10 9.0124E-10 8.9178E-10 8.8178E-10 8.6736E-10
2.7305E-10 2.8472E-10 2.9575E-10 3.0974E-10 3.2082E-10 3.3197E-10 3.4324E-10 3.5772E-10 3.6963E-10 3.8166E-10 3.9379E-10 4.0598E-10 4.2132E-10 4.3351E-10 4.4570E-10 4.5784E-10 4.6989E-10 4.8560E-10 4.9788E-10 5.0999E-10 5.2654E-10 5.3944E-10 5.5216E-10 5.6958E-10 5.8237E-10 5.9483E-10 6.1219E-10 6.2451E-10 6.4133E-10 6.5334E-10 6.6482E-10 6.7569E-10 6.8588E-10 6.9811E-10 7.0906E-10 7.1821E-10 7.3122E-10 7.4100E-10 7.4986E-10 7.6784E-10 7.7625E-10 7.8249E-10 7.8695E-10 7.9074E-10 7.9855E-10 7.9886E-10 7.9793E-10 7.9631E-10 7.9286E-10 7.9603E-10 7.9204E-10 7.8655E-10 7.7949E-10 7.7082E-10 7.5821E-10 7.4731E-10 7.3348E-10
2.4253E-10 2.5556E-10 2.6678E-10 2.7640E-10 2.8987E-10 3.0027E-10 3.1046E-10 3.2064E-10 3.3400E-10 3.4474E-10 3.5556E-10 3.6632E-10 3.7675E-10 3.9055E-10 4.0134E-10 4.1208E-10 4.2273E-10 4.3325E-10 4.4731E-10 4.5795E-10 4.6869E-10 4.8406E-10 4.9522E-10 5.0613E-10 5.2155E-10 5.3241E-10 5.4291E-10 5.5809E-10 5.6835E-10 5.7811E-10 5.9273E-10 6.0203E-10 6.1070E-10 6.1868E-10 6.2590E-10 6.3702E-10 6.4436E-10 6.5099E-10 6.6248E-10 6.6815E-10 6.7167E-10 6.8767E-10 6.9131E-10 6.9251E-10 6.9302E-10 6.9144E-10 6.9583E-10 6.9291E-10 6.8881E-10 6.8498E-10 6.7966E-10 6.7863E-10 6.7123E-10 6.5964E-10 6.4420E-10 6.3170E-10 6.1786E-10
2.1515E-10 2.2569E-10 2.3756E-10 2.4763E-10 2.5781E-10 2.7007E-10 2.7974E-10 2.8929E-10 2.9855E-10 3.1082E-10 3.2045E-10 3.2977E-10 3.3901E-10 3.4821E-10 3.6068E-10 3.7015E-10 3.7953E-10 3.8879E-10 3.9788E-10 4.1042E-10 4.2011E-10 4.2960E-10 4.3885E-10 4.5277E-10 4.6200E-10 4.7090E-10 4.8463E-10 4.9334E-10 5.0649E-10 5.1487E-10 5.2274E-10 5.3509E-10 5.4241E-10 5.4910E-10 5.5528E-10 5.6058E-10 5.6990E-10 5.7502E-10 5.7942E-10 5.8844E-10 5.9151E-10 5.9239E-10 6.0527E-10 6.0564E-10 6.0491E-10 6.0328E-10 5.9993E-10 6.0141E-10 5.9691E-10 5.9236E-10 5.8671E-10 5.7743E-10 5.6406E-10 5.5279E-10 5.4570E-10 5.3021E-10 5.1727E-10
1.9090E-10 1.9899E-10 2.0917E-10 2.2036E-10 2.3033E-10 2.3866E-10 2.5059E-10 2.5990E-10 2.6825E-10 2.7705E-10 2.8509E-10 2.9631E-10 3.0447E-10 3.1258E-10 3.2062E-10 3.3184E-10 3.4007E-10 3.4818E-10 3.5614E-10 3.6425E-10 3.7234E-10 3.8411E-10 3.9218E-10 3.9999E-10 4.1222E-10 4.1993E-10 4.2728E-10 4.3909E-10 4.4617E-10 4.5279E-10 4.6381E-10 4.7032E-10 4.7594E-10 4.8523E-10 4.9091E-10 4.9517E-10 4.9872E-10 5.0181E-10 5.0960E-10 5.1259E-10 5.1362E-10 5.1941E-10 5.1862E-10 5.1677E-10 5.2652E-10 5.2410E-10 5.2095E-10 5.1640E-10 5.1119E-10 5.0584E-10 5.0161E-10 4.8950E-10 4.7975E-10 4.6893E-10 4.5491E-10 4.4316E-10 4.2793E-10
1.6924E-10 1.7762E-10 1.8343E-10 1.9289E-10 2.0385E-10 2.1158E-10 2.2045E-10 2.2849E-10 2.3990E-10 2.4807E-10 2.5578E-10 2.6276E-10 2.7293E-10 2.8007E-10 2.8713E-10 2.9410E-10 3.0094E-10 3.1120E-10 3.1825E-10 3.2549E-10 3.3256E-10 3.3943E-10 3.4977E-10 3.5655E-10 3.6305E-10 3.6922E-10 3.7959E-10 3.8588E-10 3.9143E-10 4.0062E-10 4.0649E-10 4.1511E-10 4.1974E-10 4.2389E-10 4.3127E-10 4.3447E-10 4.3814E-10 4.4060E-10 4.4194E-10 4.4227E-10 4.4826E-10 4.4754E-10 4.4568E-10 4.4940E-10 4.4629E-10 4.4190E-10 4.4956E-10 4.4560E-10 4.3841E-10 4.2768E-10 4.1963E-10 4.1038E-10 3.9762E-10 3.9070E-10 3.8029E-10 3.6973E-10 3.5830E-10
1.4999E-10 1.5555E-10 1.6294E-10 1.6949E-10 1.7632E-10 1.8700E-10 1.9492E-10 2.0233E-10 2.0960E-10 2.2092E-10 2.2733E-10 2.3467E-10 2.4118E-10 2.5047E-10 2.5665E-10 2.6274E-10 2.6872E-10 2.7455E-10 2.8398E-10 2.9029E-10 2.9645E-10 3.0242E-10 3.0818E-10 3.1368E-10 3.2280E-10 3.2812E-10 3.3311E-10 3.4157E-10 3.4621E-10 3.5061E-10 3.5802E-10 3.6172E-10 3.6543E-10 3.7190E-10 3.7444E-10 3.7660E-10 3.8210E-10 3.8365E-10 3.8494E-10 3.8492E-10 3.8402E-10 3.8155E-10 3.8589E-10 3.8216E-10 3.7816E-10 3.8138E-10 3.7420E-10 3.6310E-10 3.5510E-10 3.5965E-10 3.5133E-10 3.4011E-10 3.3042E-10 3.2417E-10 3.1162E-10 3.0506E-10 2.9212E-10
1.3391E-10 1.3779E-10 1.4334E-10 1.4912E-10 1.5462E-10 1.6164E-10 1.6883E-10 1.7753E-10 1.8503E-10 1.9076E-10 2.0069E-10 2.0731E-10 2.1457E-10 2.1996E-10 2.2886E-10 2.3429E-10 2.3948E-10 2.4470E-10 2.5000E-10 2.5515E-10 2.6375E-10 2.6893E-10 2.7390E-10 2.7865E-10 2.8315E-10 2.9067E-10 2.9491E-10 2.9882E-10 3.0271E-10 3.0903E-10 3.1212E-10 3.1477E-10 3.2046E-10 3.2289E-10 3.2446E-10 3.2901E-10 3.2992E-10 3.3066E-10 3.3329E-10 3.3316E-10 3.3133E-10 3.2892E-10 3.2622E-10 3.2162E-10 3.2144E-10 3.1462E-10 3.0457E-10 2.9614E-10 2.9571E-10 2.8514E-10 2.7701E-10 2.7128E-10 2.7037E-10 2.6516E-10 2.5655E-10 2.4850E-10 2.3597E-10
1.1959E-10 1.2344E-10 1.2704E-10 1.3107E-10 1.3591E-10 1.4173E-10 1.4738E-10 1.5263E-10 1.6199E-10 1.6781E-10 1.7261E-10 1.8175E-10 1.8715E-10 1.9330E-10 1.9945E-10 2.0396E-10 2.1235E-10 2.1762E-10 2.2235E-10 2.2682E-10 2.3114E-10 2.3860E-10 2.4288E-10 2.4705E-10 2.5091E-10 2.5451E-10 2.5783E-10 2.6360E-10 2.6684E-10 2.6946E-10 2.7172E-10 2.7634E-10 2.7819E-10 2.7946E-10 2.8257E-10 2.8417E-10 2.8480E-10 2.8496E-10 2.8610E-10 2.8506E-10 2.8276E-10 2.8208E-10 2.7665E-10 2.7030E-10 2.6065E-10 2.5366E-10 2.4560E-10 2.4401E-10 2.3356E-10 2.2849E-10 2.2116E-10 2.2088E-10 2.1207E-10 2.0705E-10 1.9644E-10 1.8840E-10 1.8427E-10
1.0509E-10 1.1018E-10 1.1323E-10 1.1675E-10 1.2031E-10 1.2362E-10 1.2838E-10 1.3332E-10 1.3854E-10 1.4553E-10 1.5058E-10 1.5582E-10 1.6024E-10 1.6805E-10 1.7364E-10 1.7873E-10 1.8396E-10 1.9247E-10 1.9671E-10 2.0126E-10 2.0499E-10 2.0855E-10 2.1193E-10 2.1829E-10 2.2155E-10 2.2458E-10 2.2736E-10 2.3022E-10 2.3246E-10 2.3680E-10 2.3859E-10 2.4013E-10 2.4122E-10 2.4192E-10 2.4416E-10 2.4529E-10 2.4497E-10 2.4649E-10 2.4569E-10 2.4157E-10 2.3997E-10 2.3234E-10 2.2616E-10 2.1799E-10 2.1140E-10 2.0686E-10 1.9578E-10 1.9220E-10 1.8470E-10 1.7832E-10 1.7098E-10 1.7251E-10 1.6241E-10 1.5569E-10 1.5107E-10 1.4545E-10 1.4158E-10
9.4378E-11 9.6582E-11 9.8708E-11 1.0384E-10 1.0600E-10 1.0908E-10 1.1219E-10 1.1501E-10 1.1932E-10 1.2425E-10 1.2736E-10 1.3525E-10 1.3963E-10 1.4420E-10 1.5100E-10 1.5497E-10 1.6076E-10 1.6486E-10 1.6998E-10 1.7724E-10 1.8126E-10 1.8451E-10 1.8741E-10 1.9012E-10 1.9264E-10 1.9755E-10 2.0012E-10 2.0220E-10 2.0401E-10 2.0554E-10 2.0694E-10 2.0788E-10 2.1073E-10 2.1117E-10 2.1171E-10 2.1146E-10 2.1180E-10 2.0903E-10 2.0550E-10 1.9821E-10 1.9446E-10 1.8877E-10 1.8324E-10 1.7796E-10 1.7080E-10 1.6641E-10 1.5870E-10 1.5517E-10 1.4602E-10 1.4352E-10 1.3574E-10 1.2890E-10 1.2264E-10 1.1805E-10 1.1396E-10 1.0932E-10 1.0502E-10
7.8457E-11 8.4448E-11 8.8482E-11 9.0290E-11 9.2192E-11 9.6754E-11 9.9052E-11 1.0175E-10 1.0455E-10 1.0684E-10 1.1016E-10 1.1361E-10 1.2090E-10 1.2470E-10 1.2712E-10 1.3188E-10 1.3889E-10 1.4363E-10 1.4749E-10 1.5251E-10 1.5534E-10 1.6163E-10 1.6496E-10 1.6734E-10 1.6944E-10 1.7168E-10 1.7340E-10 1.7717E-10 1.7861E-10 1.7980E-10 1.8082E-10 1.8149E-10 1.8188E-10 1.8207E-10 1.8035E-10 1.7841E-10 1.7524E-10 1.6887E-10 1.6573E-10 1.6163E-10 1.5689E-10 1.5438E-10 1.4965E-10 1.4326E-10 1.3911E-10 1.3249E-10 1.2603E-10 1.2142E-10 1.1534E-10 1.1099E-10 1.0229E-10 1.0043E-10 9.7247E-11 9.2888E-11 8.9766E-11 8.7026E-11 8.1918E-11
5.2663E-11 5.3301E-11 5.6827E-11 7.8654E-11 8.2325E-11 8.3764E-11 8.5714E-11 8.9809E-11 9.1948E-11 9.3966E-11 9.5903E-11 9.8180E-11 1.0097E-10 1.0420E-10 1.1058E-10 1.1356E-10 1.1779E-10 1.2031E-10 1.2772E-10 1.3090E-10 1.3460E-10 1.3847E-10 1.4116E-10 1.4606E-10 1.4826E-10 1.5035E-10 1.5173E-10 1.5292E-10 1.5390E-10 1.5609E-10 1.5494E-10 1.5288E-10 1.5099E-10 1.4846E-10 1.4273E-10 1.3980E-10 1.3974E-10 1.3631E-10 1.3645E-10 1.3493E-10 1.2859E-10 1.2604E-10 1.1968E-10 1.1640E-10 1.1021E-10 1.0447E-10 1.0140E-10 9.5724E-11 9.1409E-11 8.6111E-11 8.4197E-11 7.9634E-11 7.7601E-11 7.3372E-11 7.1119E-11 6.8254E-11 6.2474E-11
3.9662E-11 4.2738E-11 4.3111E-11 4.6210E-11 4.6524E-11 5.5961E-11 6.7168E-11 7.4114E-11 7.9044E-11 8.2554E-11 8.4845E-11 8.6693E-11 8.8016E-11 8.9459E-11 9.1993E-11 9.4845E-11 1.0040E-10 1.0348E-10 1.0674E-10 1.1232E-10 1.1509E-10 1.1865E-10 1.2140E-10 1.2411E-10 1.2669E-10 1.3044E-10 1.2961E-10 1.2801E-10 1.2622E-10 1.2185E-10 1.1660E-10 1.1690E-10 1.1521E-10 1.1601E-10 1.1715E-10 1.1400E-10 1.1440E-10 1.1163E-10 1.1107E-10 1.0679E-10 1.0551E-10 1.0345E-10 9.4402E-11 9.1979E-11 8.9549E-11 8.4669E-11 7.9579E-11 7.4331E-11 7.0700E-11 6.9265E-11 6.8271E-11 6.4109E-11 6.1659E-11 5.9429E-11 5.4973E-11 5.2864E-11 4.6125E-11
3.1009E-11 3.1256E-11 3.1461E-11 3.1623E-11 3.4276E-11 3.4378E-11 3.7041E-11 3.7073E-11 4.4034E-11 5.0613E-11 5.4132E-11 6.1745E-11 6.5998E-11 6.9942E-11 7.1302E-11 7.5059E-11 8.0473E-11 8.2434E-11 8.7945E-11 8.4795E-11 8.2387E-11 8.2650E-11 8.7008E-11 8.9791E-11 8.9114E-11 9.2185E-11 9.0976E-11 9.3751E-11 9.6186E-11 9.6990E-11 9.4298E-11 9.4833E-11 9.5836E-11 9.6064E-11 9.0148E-11 9.0304E-11 9.1447E-11 8.8022E-11 8.7524E-11 8.5889E-11 8.1397E-11 7.8115E-11 7.5788E-11 7.3288E-11 6.9258E-11 6.2241E-11 6.1057E-11 5.9735E-11 5.6778E-11 5.5760E-11 5.4156E-11 5.0521E-11 4.8825E-11 4.5315E-11 4.1361E-11 4.0039E-11 3.8305E-11
2.8009E-11 2.8231E-11 2.8416E-11 2.8562E-11 2.8670E-11 2.8738E-11 2.8767E-11 2.8756E-11 2.8705E-11 2.8615E-11 2.8486E-11 3.0493E-11 3.4825E-11 3.8524E-11 4.0653E-11 4.4931E-11 4.5566E-11 5.0449E-11 5.1482E-11 5.3588E-11 5.8083E-11 5.6459E-11 5.9737E-11 6.2193E-11 6.6772E-11 6.8442E-11 7.1073E-11 7.2504E-11 7.4823E-11 7.5453E-11 7.6337E-11 7.0799E-11 7.2073E-11 7.2334E-11 7.2458E-11 7.2837E-11 7.1648E-11 6.8630E-11 6.8235E-11 6.6795E-11 6.5815E-11 6.2736E-11 5.8017E-11 5.6072E-11 5.1552E-11 4.8622E-11 4.7683E-11 4.7017E-11 4.4180E-11 4.3013E-11 3.9432E-11 3.6085E-11 3.5288E-11 3.4019E-11 3.2702E-11 3.1359E-11 2.8468E-11
2.2527E-11 2.2689E-11 2.2821E-11 2.2922E-11 2.2993E-11 2.3032E-11 2.3040E-11 2.3016E-11 2.2961E-11 2.2875E-11 2.2758E-11 2.2610E-11 2.2433E-11 2.2227E-11 2.1993E-11 2.6162E-11 2.9714E-11 2.9749E-11 3.3662E-11 3.7191E-11 3.8432E-11 3.9921E-11 4.4280E-11 4.7090E-11 4.8230E-11 5.0674E-11 5.2342E-11 5.6018E-11 5.4339E-11 5.5468E-11 5.6778E-11 5.7075E-11 5.8227E-11 5.8355E-11 5.8747E-11 5.4406E-11 5.4369E-11 5.4216E-11 5.3824E-11 5.2674E-11 4.7197E-11 4.5565E-11 4.0562E-11 4.0639E-11 3.7896E-11 3.7258E-11 3.6531E-11 3.2182E-11 3.1445E-11 3.0638E-11 2.9767E-11 2.9636E-11 2.8638E-11 2.7595E-11 2.5073E-11 2.2671E-11 2.1688E-11
2.0327E-11 2.0473E-11 2.0591E-11 2.0683E-11 2.0746E-11 2.0781E-11 2.0788E-11 2.0766E-11 2.0716E-11 2.0638E-11 2.0533E-11 2.0399E-11 2.0239E-11 2.0053E-11 1.9842E-11 1.9605E-11 1.9346E-11 1.9063E-11 1.8759E-11 2.0054E-11 2.4192E-11 2.5668E-11 2.7477E-11 2.5783E-11 3.0515E-11 3.6653E-11 3.8364E-11 3.9661E-11 4.1715E-11 4.2927E-11 4.4602E-11 4.6027E-11 4.1789E-11 4.2075E-11 4.2150E-11 4.2139E-11 4.3039E-11 4.0117E-11 3.9881E-11 3.6875E-11 3.2526E-11 3.2261E-11 2.9281E-11 2.7260E-11 2.6910E-11 2.6491E-11 2.6004E-11 2.5455E-11 2.4847E-11 2.4186E-11 2.1979E-11 2.0038E-11 1.9372E-11 1.8314E-11 1.4461E-11 1.3878E-11 1.0040E-11
1.5434E-11 1.8448E-11 1.8555E-11 1.8637E-11 1.8694E-11 1.8725E-11 1.8731E-11 1.8711E-11 1.8666E-11 1.8596E-11 1.8500E-11 1.8380E-11 1.8236E-11 1.8068E-11 1.7877E-11 1.7664E-11 1.4535E-11 1.4316E-11 1.4080E-11 1.3830E-11 1.3566E-11 1.3289E-11 1.3000E-11 1.2700E-11 1.4008E-11 1.3727E-11 1.7324E-11 2.2050E-11 2.7363E-11 2.5983E-11 2.6984E-11 2.7985E-11 2.9222E-11 2.9578E-11 2.8168E-11 2.6586E-11 2.6643E-11 2.3162E-11 2.2203E-11 2.2179E-11 2.2082E-11 2.1594E-11 2.1411E-11 2.1171E-11 2.0874E-11 2.0524E-11 1.8636E-11 1.7607E-11 1.7205E-11 1.6764E-11 1.3117E-11 1.2730E-11 9.0218E-12 8.7203E-12 8.4040E-12 3.7093E-12 3.5563E-12
1.3913E-11 1.4002E-11 1.4073E-11 1.4125E-11 1.4157E-11 1.4171E-11 1.4166E-11 1.4141E-11 1.4098E-11 1.4036E-11 1.3955E-11 1.3856E-11 1.3739E-11 1.3604E-11 1.3453E-11 1.3286E-11 1.3102E-11 1.2904E-11 1.2692E-11 1.2466E-11 1.2228E-11 1.1979E-11 1.1718E-11 1.1448E-11 1.1168E-11 8.1408E-12 7.9178E-12 7.6906E-12 7.4600E-12 7.2267E-12 6.9913E-12 6.7546E-12 3.8411E-12 1.7162E-11 1.7706E-11 1.4970E-11 1.5130E-11 1.5347E-11 1.5404E-11 1.5072E-11 1.5057E-11 1.4999E-11 1.1579E-11 1.1491E-11 1.1371E-11 1.1219E-11 7.6773E-12 7.5458E-12 7.3947E-12 7.2253E-12 3.6979E-12 3.5989E-12 3.4920E-12 0.0000E+00 0.0000E+00 0.0000E+00 0.0000E+00
1.2526E-11 1.2606E-11 1.2669E-11 1.2716E-11 1.2745E-11 1.2758E-11 1.2753E-11 1.2731E-11 1.2692E-11 1.2635E-11 1.2563E-11 1.2473E-11 1.2368E-11 1.2247E-11 1.2111E-11 1.1960E-11 1.1795E-11 1.1617E-11 1.1425E-11 8.4333E-12 8.2682E-12 8.0955E-12 7.9159E-12 7.7299E-12 7.5382E-12 7.3415E-12 7.1404E-12 6.9355E-12 6.7275E-12 3.8500E-12 3.7234E-12 3.5963E-12 0.0000E+00 0.0000E+00 0.0000E+00 0.0000E+00 0.0000E+00 0.0000E+00 0.0000E+00 0.0000E+00 0.0000E+00 0.0000E+00 0.0000E+00 0.0000E+00 0.0000E+00 0.0000E+00 0.0000E+00 0.0000E+00 0.0000E+00 0.0000E+00 0.0000E+00 0.0000E+00 0.0000E+00 0.0000E+00 0.0000E+00 0.0000E+00 0.0000E+00
8.5829E-12 8.6308E-12 8.6674E-12 8.6926E-12 8.7062E-12 8.7083E-12 8.6987E-12 8.6776E-12 8.6449E-12 8.6010E-12 8.5458E-12 8.4797E-12 8.4029E-12 8.3156E-12 8.2183E-12 8.1114E-12 7.9951E-12 7.8700E-12 7.7365E-12 7.5952E-12 7.4465E-12 7.2910E-12 7.1292E-12 6.9617E-12 6.7890E-12 3.9171E-12 3.8083E-12 3.6977E-12 3.5856E-12 0.0000E+00 0.0000E+00 0.0000E+00 0.0000E+00 0.0000E+00 0.0000E+00 0.0000E+00 0.0000E+00 0.0000E+00 0.0000E+00 0.0000E+00 0.0000E+00 0.0000E+00 0.0000E+00 0.0000E+00 0.0000E+00 0.0000E+00 0.0000E+00 0.0000E+00 0.0000E+00 0.0000E+00 0.0000E+00 0.0000E+00 0.0000E+00 0.0000E+00 0.0000E+00 0.0000E+00 0.0000E+00
7.7198E-12 7.7629E-12 7.7958E-12 7.8185E-12 7.8307E-12 7.8325E-12 7.8239E-12 7.8049E-12 7.7755E-12 7.7360E-12 7.6863E-12 7.6269E-12 7.5578E-12 7.4793E-12 7.3918E-12 7.2955E-12 7.1910E-12 7.0784E-12 6.9584E-12 6.8313E-12 6.6975E-12 3.8971E-12 3.8089E-12 3.7178E-12 3.6241E-12 3.5282E-12 0.0000E+00 0.0000E+00 0.0000E+00 0.0000E+00 0.0000E+00 0.0000E+00 0.0000E+00 0.0000E+00 0.0000E+00 0.0000E+00 0.0000E+00 0.0000E+00 0.0000E+00 0.0000E+00 0.0000E+00 0.0000E+00 0.0000E+00 0.0000E+00 0.0000E+00 0.0000E+00 0.0000E+00 0.0000E+00 0.0000E+00 0.0000E+00 0.0000E+00 0.0000E+00 0.0000E+00 0.0000E+00 0.0000E+00 0.0000E+00 0.0000E+00
6.9343E-12 6.9730E-12 7.0026E-12 7.0229E-12 7.0339E-12 7.0355E-12 7.0277E-12 7.0106E-12 6.9843E-12 6.9487E-12 6.9041E-12 6.8507E-12 6.7886E-12 4.0150E-12 3.9657E-12 3.9119E-12 3.8537E-12 3.7914E-12 3.7252E-12 3.6553E-12 3.5820E-12 3.5055E-12 0.0000E+00 0.0000E+00 0.0000E+00 0.0000E+00 0.0000E+00 0.0000E+00 0.0000E+00 0.0000E+00 0.0000E+00 0.0000E+00 0.0000E+00 0.0000E+00 0.0000E+00 0.0000E+00 0.0000E+00 0.0000E+00 0.0000E+00 0.0000E+00 0.0000E+00 0.0000E+00 0.0000E+00 0.0000E+00 0.0000E+00 0.0000E+00 0.0000E+00 0.0000E+00 0.0000E+00 0.0000E+00 0.0000E+00 0.0000E+00 0.0000E+00 0.0000E+00 0.0000E+00 0.0000E+00 0.0000E+00
3.7566E-12 3.7746E-12 3.7876E-12 3.7958E-12 3.7989E-12 3.7970E-12 3.7901E-12 3.7783E-12 3.7615E-12 3.7399E-12 3.7135E-12 3.6825E-12 3.6468E-12 3.6068E-12 3.5626E-12 3.5142E-12 0.0000E+00 0.0000E+00 0.0000E+00 0.0000E+00 0.0000E+00 0.0000E+00 0.0000E+00 0.0000E+00 0.0000E+00 0.0000E+00 0.0000E+00 0.0000E+00 0.0000E+00 0.0000E+00 0.0000E+00 0.0000E+00 0.0000E+00 0.0000E+00 0.0000E+00 0.0000E+00 0.0000E+00 0.0000E+00 0.0000E+00 0.0000E+00 0.0000E+00 0.0000E+00 0.0000E+00 0.0000E+00 0.0000E+00 0.0000E+00 0.0000E+00 0.0000E+00 0.0000E+00 0.0000E+00 0.0000E+00 0.0000E+00 0.0000E+00 0.0000E+00 0.0000E+00 0.0000E+00 0.0000E+00
