Assets/Resources/2015_m01_d09_0600(utc+0800)_l00_csi_1hr_conc.grd
DSAA
         159         159
     -79.000      79.000
     -79.000      79.000
  0.5300E-09  0.1032E-04
[rows 100 to 124 of 159, columns 0 to 56 of 159]
1.1703E-09 1.2070E-09 1.2450E-09 1.2885E-09 1.3299E-09 1.3728E-09 1.4224E-09 1.4691E-09 1.5177E-09 1.5681E-09 1.6276E-09 1.6827E-09 1.7399E-09 1.7993E-09 1.8715E-09 1.9367E-09 2.0044E-09 2.0874E-09 2.1619E-09 2.2393E-09 2.3339E-09 2.4192E-09 2.5078E-09 2.6160E-09 2.7136E-09 2.8317E-09 2.9392E-09 3.1299E-09 3.2560E-09 3.3877E-09 3.5253E-09 3.6690E-09 3.8190E-09 3.9756E-09 4.1389E-09 4.3093E-09 4.4869E-09 4.6720E-09 4.8648E-09 5.0656E-09 5.2744E-09 5.4916E-09 5.7172E-09 6.1831E-09 6.6957E-09 7.1083E-09 7.5532E-09 7.9657E-09 8.4080E-09 8.8823E-09 9.3911E-09 9.9370E-09 1.0523E-08 1.1151E-08 1.1825E-08 1.2547E-08 1.3320E-08
1.1697E-09 1.2064E-09 1.2444E-09 1.2880E-09 1.3294E-09 1.3724E-09 1.4221E-09 1.4689E-09 1.5175E-09 1.5680E-09 1.6276E-09 1.6827E-09 1.7400E-09 1.7995E-09 1.8718E-09 1.9371E-09 2.0050E-09 2.0880E-09 2.1627E-09 2.2402E-09 2.3349E-09 2.4203E-09 2.5090E-09 2.6174E-09 2.7151E-09 2.8334E-09 3.0113E-09 3.1321E-09 3.2584E-09 3.3903E-09 3.5280E-09 3.6719E-09 3.8222E-09 3.9789E-09 4.1425E-09 4.3132E-09 4.4910E-09 4.6764E-09 4.8695E-09 5.0705E-09 5.2796E-09 5.4970E-09 5.7230E-09 6.1936E-09 6.7099E-09 7.1247E-09 7.5719E-09 7.9867E-09 8.4316E-09 8.9088E-09 9.4209E-09 9.9704E-09 1.0560E-08 1.1193E-08 1.1872E-08 1.2600E-08 1.3379E-08
1.1687E-09 1.2054E-09 1.2436E-09 1.2871E-09 1.3286E-09 1.3716E-09 1.4213E-09 1.4682E-09 1.5168E-09 1.5674E-09 1.6270E-09 1.6822E-09 1.7396E-09 1.7991E-09 1.8715E-09 1.9368E-09 2.0047E-09 2.0878E-09 2.1625E-09 2.2401E-09 2.3349E-09 2.4204E-09 2.5092E-09 2.6176E-09 2.7154E-09 2.8338E-09 3.0118E-09 3.1326E-09 3.2590E-09 3.3910E-09 3.5288E-09 3.6728E-09 3.8231E-09 3.9800E-09 4.1436E-09 4.3143E-09 4.4923E-09 4.6777E-09 4.8709E-09 5.0720E-09 5.2812E-09 5.4987E-09 5.7248E-09 6.1991E-09 6.7181E-09 7.1344E-09 7.5831E-09 7.9995E-09 8.4462E-09 8.9255E-09 9.4399E-09 9.9921E-09 1.0585E-08 1.1221E-08 1.1903E-08 1.2635E-08 1.3419E-08
1.1674E-09 1.2042E-09 1.2423E-09 1.2859E-09 1.3274E-09 1.3704E-09 1.4151E-09 1.4670E-09 1.5157E-09 1.5662E-09 1.6259E-09 1.6811E-09 1.7385E-09 1.7981E-09 1.8704E-09 1.9358E-09 2.0037E-09 2.0868E-09 2.1615E-09 2.2392E-09 2.3339E-09 2.4194E-09 2.5082E-09 2.6166E-09 2.7144E-09 2.8328E-09 3.0107E-09 3.1315E-09 3.2578E-09 3.3898E-09 3.5276E-09 3.6715E-09 3.8218E-09 3.9786E-09 4.1422E-09 4.3128E-09 4.4907E-09 4.6761E-09 4.8691E-09 5.0701E-09 5.2792E-09 5.4966E-09 5.7225E-09 6.1998E-09 6.7203E-09 7.1373E-09 7.5867E-09 8.0041E-09 8.4518E-09 8.9322E-09 9.4480E-09 1.0002E-08 1.0596E-08 1.1235E-08 1.1919E-08 1.2654E-08 1.3440E-08
1.1658E-09 1.2026E-09 1.2407E-09 1.2843E-09 1.3258E-09 1.3688E-09 1.4135E-09 1.4654E-09 1.5141E-09 1.5646E-09 1.6242E-09 1.6794E-09 1.7368E-09 1.7964E-09 1.8687E-09 1.9340E-09 2.0020E-09 2.0850E-09 2.1597E-09 2.2373E-09 2.3320E-09 2.4174E-09 2.5061E-09 2.6145E-09 2.7122E-09 2.8304E-09 2.9381E-09 3.1288E-09 3.2550E-09 3.3868E-09 3.5244E-09 3.6682E-09 3.8183E-09 3.9749E-09 4.1383E-09 4.3087E-09 4.4863E-09 4.6714E-09 4.8642E-09 5.0649E-09 5.2736E-09 5.4907E-09 5.7163E-09 6.1954E-09 6.7165E-09 7.1335E-09 7.5828E-09 8.0003E-09 8.4482E-09 8.9290E-09 9.4452E-09 9.9995E-09 1.0595E-08 1.1234E-08 1.1919E-08 1.2655E-08 1.3443E-08
1.1639E-09 1.2007E-09 1.2388E-09 1.2823E-09 1.3238E-09 1.3668E-09 1.4114E-09 1.4633E-09 1.5119E-09 1.5625E-09 1.6220E-09 1.6772E-09 1.7345E-09 1.7941E-09 1.8662E-09 1.9316E-09 1.9994E-09 2.0823E-09 2.1569E-09 2.2345E-09 2.3290E-09 2.4143E-09 2.5030E-09 2.6111E-09 2.7087E-09 2.8267E-09 2.9342E-09 3.1244E-09 3.2503E-09 3.3819E-09 3.5193E-09 3.6628E-09 3.8125E-09 3.9688E-09 4.1319E-09 4.3019E-09 4.4791E-09 4.6638E-09 4.8561E-09 5.0563E-09 5.2645E-09 5.4810E-09 5.7060E-09 6.1861E-09 6.7066E-09 7.1229E-09 7.5712E-09 7.9882E-09 8.4356E-09 8.9158E-09 9.4315E-09 9.9852E-09 1.0580E-08 1.1218E-08 1.1903E-08 1.2638E-08 1.3426E-08
1.1617E-09 1.1984E-09 1.2365E-09 1.2799E-09 1.3214E-09 1.3644E-09 1.4090E-09 1.4607E-09 1.5093E-09 1.5598E-09 1.6122E-09 1.6744E-09 1.7316E-09 1.7911E-09 1.8631E-09 1.9284E-09 1.9961E-09 2.0789E-09 2.1534E-09 2.2307E-09 2.3251E-09 2.4102E-09 2.4987E-09 2.6066E-09 2.7040E-09 2.8216E-09 2.9289E-09 3.1184E-09 3.2440E-09 3.3752E-09 3.5122E-09 3.6553E-09 3.8046E-09 3.9604E-09 4.1230E-09 4.2925E-09 4.4691E-09 4.6532E-09 4.8449E-09 5.0444E-09 5.2519E-09 5.4676E-09 5.6918E-09 6.1719E-09 6.6908E-09 7.1055E-09 7.4827E-09 7.9678E-09 8.4139E-09 8.8927E-09 9.4068E-09 9.9589E-09 1.0552E-08 1.1188E-08 1.1871E-08 1.2604E-08 1.3389E-08
1.1567E-09 1.1958E-09 1.2339E-09 1.2772E-09 1.3186E-09 1.3615E-09 1.4061E-09 1.4577E-09 1.5063E-09 1.5567E-09 1.6090E-09 1.6710E-09 1.7281E-09 1.7875E-09 1.8593E-09 1.9244E-09 1.9921E-09 2.0746E-09 2.1489E-09 2.2261E-09 2.3201E-09 2.4051E-09 2.4934E-09 2.6008E-09 2.6980E-09 2.8153E-09 2.9222E-09 3.1108E-09 3.2359E-09 3.3667E-09 3.5032E-09 3.6458E-09 3.7945E-09 3.9497E-09 4.1116E-09 4.2805E-09 4.4564E-09 4.6397E-09 4.8305E-09 5.0292E-09 5.2358E-09 5.4506E-09 5.6737E-09 6.1529E-09 6.6690E-09 7.0815E-09 7.4570E-09 7.9392E-09 8.3831E-09 8.8596E-09 9.3713E-09 9.9207E-09 1.0511E-08 1.1144E-08 1.1824E-08 1.2553E-08 1.3334E-08
1.1538E-09 1.1929E-09 1.2309E-09 1.2703E-09 1.3154E-09 1.3583E-09 1.4027E-09 1.4542E-09 1.5027E-09 1.5530E-09 1.6052E-09 1.6670E-09 1.7240E-09 1.7833E-09 1.8549E-09 1.9198E-09 1.9873E-09 2.0695E-09 2.1436E-09 2.2206E-09 2.3143E-09 2.3989E-09 2.4869E-09 2.5940E-09 2.6908E-09 2.8076E-09 2.9141E-09 3.1016E-09 3.2262E-09 3.3564E-09 3.4923E-09 3.6342E-09 3.7823E-09 3.9368E-09 4.0979E-09 4.2659E-09 4.4409E-09 4.6233E-09 4.8132E-09 5.0108E-09 5.2163E-09 5.4299E-09 5.6518E-09 6.1290E-09 6.6413E-09 7.0509E-09 7.4241E-09 7.9026E-09 8.3436E-09 8.8169E-09 9.3251E-09 9.8708E-09 1.0457E-08 1.1086E-08 1.1761E-08 1.2485E-08 1.3261E-08
1.1507E-09 1.1896E-09 1.2275E-09 1.2669E-09 1.3119E-09 1.3546E-09 1.3990E-09 1.4503E-09 1.4986E-09 1.5488E-09 1.6009E-09 1.6625E-09 1.7194E-09 1.7784E-09 1.8497E-09 1.9145E-09 1.9817E-09 2.0636E-09 2.1374E-09 2.2142E-09 2.3074E-09 2.3918E-09 2.4794E-09 2.5860E-09 2.6824E-09 2.7826E-09 2.9047E-09 3.0908E-09 3.2148E-09 3.3443E-09 3.4796E-09 3.6207E-09 3.7680E-09 3.9216E-09 4.0818E-09 4.2488E-09 4.4228E-09 4.6041E-09 4.7928E-09 4.9892E-09 5.1934E-09 5.4057E-09 5.6262E-09 6.1004E-09 6.4640E-09 6.9438E-09 7.3842E-09 7.8580E-09 8.2954E-09 8.7647E-09 9.2686E-09 9.8095E-09 1.0390E-08 1.1014E-08 1.1683E-08 1.2400E-08 1.3169E-08
1.1472E-09 1.1861E-09 1.2239E-09 1.2631E-09 1.3079E-09 1.3506E-09 1.3948E-09 1.4459E-09 1.4941E-09 1.5442E-09 1.5961E-09 1.6574E-09 1.7141E-09 1.7730E-09 1.8439E-09 1.9084E-09 1.9755E-09 2.0450E-09 2.1305E-09 2.2069E-09 2.2996E-09 2.3836E-09 2.4709E-09 2.5768E-09 2.6728E-09 2.7725E-09 2.8938E-09 3.0785E-09 3.2018E-09 3.3306E-09 3.4650E-09 3.6052E-09 3.7516E-09 3.9042E-09 4.0634E-09 4.2293E-09 4.4021E-09 4.5822E-09 4.7696E-09 4.9645E-09 5.1673E-09 5.3780E-09 5.5968E-09 6.0672E-09 6.4275E-09 6.9018E-09 7.3374E-09 7.8058E-09 8.2388E-09 8.7033E-09 9.2019E-09 9.7371E-09 1.0312E-08 1.0928E-08 1.1590E-08 1.2299E-08 1.3059E-08
1.1435E-09 1.1822E-09 1.2199E-09 1.2590E-09 1.3036E-09 1.3461E-09 1.3902E-09 1.4411E-09 1.4892E-09 1.5390E-09 1.5907E-09 1.6517E-09 1.7082E-09 1.7669E-09 1.8277E-09 1.9017E-09 1.9684E-09 2.0377E-09 2.1227E-09 2.1987E-09 2.2909E-09 2.3745E-09 2.4613E-09 2.5666E-09 2.6620E-09 2.7612E-09 2.8817E-09 3.0647E-09 3.1872E-09 3.3151E-09 3.4486E-09 3.5879E-09 3.7332E-09 3.8847E-09 4.0427E-09 4.2074E-09 4.3789E-09 4.5575E-09 4.7434E-09 4.9369E-09 5.1380E-09 5.3469E-09 5.5639E-09 6.0295E-09 6.3859E-09 6.8540E-09 7.2840E-09 7.7461E-09 8.1740E-09 8.6330E-09 9.1254E-09 9.6540E-09 1.0221E-08 1.0830E-08 1.1483E-08 1.2183E-08 1.2932E-08
1.1394E-09 1.1780E-09 1.2155E-09 1.2545E-09 1.2989E-09 1.3413E-09 1.3852E-09 1.4308E-09 1.4837E-09 1.5334E-09 1.5849E-09 1.6456E-09 1.7018E-09 1.7602E-09 1.8208E-09 1.8943E-09 1.9607E-09 2.0296E-09 2.1141E-09 2.1898E-09 2.2683E-09 2.3644E-09 2.4508E-09 2.5553E-09 2.6501E-09 2.7487E-09 2.8683E-09 3.0494E-09 3.1710E-09 3.2980E-09 3.4304E-09 3.5686E-09 3.7128E-09 3.8631E-09 4.0198E-09 4.1831E-09 4.3532E-09 4.5303E-09 4.7146E-09 4.9062E-09 5.1055E-09 5.3126E-09 5.5276E-09 5.9874E-09 6.3394E-09 6.8004E-09 7.2242E-09 7.6793E-09 8.1014E-09 8.5540E-09 9.0396E-09 9.5606E-09 1.0120E-08 1.0719E-08 1.1362E-08 1.2051E-08 1.2789E-08
1.1351E-09 1.1709E-09 1.2109E-09 1.2497E-09 1.2939E-09 1.3361E-09 1.3798E-09 1.4252E-09 1.4778E-09 1.5273E-09 1.5786E-09 1.6388E-09 1.6948E-09 1.7529E-09 1.8132E-09 1.8863E-09 1.9523E-09 2.0209E-09 2.1047E-09 2.1799E-09 2.2580E-09 2.3534E-09 2.4392E-09 2.5429E-09 2.6371E-09 2.7350E-09 2.8536E-09 3.0327E-09 3.1534E-09 3.2792E-09 3.4106E-09 3.5476E-09 3.6905E-09 3.8395E-09 3.9948E-09 4.1566E-09 4.3251E-09 4.5005E-09 4.6830E-09 4.8728E-09 5.0701E-09 5.2751E-09 5.4879E-09 5.8667E-09 6.2882E-09 6.7414E-09 7.1583E-09 7.6057E-09 8.0214E-09 8.4670E-09 8.9448E-09 9.4574E-09 1.0007E-08 1.0597E-08 1.1229E-08 1.1906E-08 1.2631E-08
1.1304E-09 1.1661E-09 1.2059E-09 1.2445E-09 1.2885E-09 1.3305E-09 1.3740E-09 1.4192E-09 1.4715E-09 1.5207E-09 1.5717E-09 1.6247E-09 1.6873E-09 1.7451E-09 1.8050E-09 1.8776E-09 1.9432E-09 2.0114E-09 2.0945E-09 2.1693E-09 2.2469E-09 2.3415E-09 2.4267E-09 2.5151E-09 2.6230E-09 2.7202E-09 2.8377E-09 3.0146E-09 3.1342E-09 3.2590E-09 3.3891E-09 3.5249E-09 3.6664E-09 3.8140E-09 3.9677E-09 4.1279E-09 4.2947E-09 4.4682E-09 4.6488E-09 4.8366E-09 5.0318E-09 5.2345E-09 5.4449E-09 5.8180E-09 6.2325E-09 6.6771E-09 7.0865E-09 7.4580E-09 7.9343E-09 8.3722E-09 8.8416E-09 9.3449E-09 9.8846E-09 1.0463E-08 1.1083E-08 1.1747E-08 1.2458E-08
1.1255E-09 1.1610E-09 1.2005E-09 1.2390E-09 1.2789E-09 1.3245E-09 1.3678E-09 1.4128E-09 1.4647E-09 1.5136E-09 1.5644E-09 1.6170E-09 1.6792E-09 1.7367E-09 1.7963E-09 1.8682E-09 1.9334E-09 2.0011E-09 2.0836E-09 2.1578E-09 2.2349E-09 2.3286E-09 2.4132E-09 2.5010E-09 2.6078E-09 2.7042E-09 2.8205E-09 2.9264E-09 3.1136E-09 3.2372E-09 3.3660E-09 3.5004E-09 3.6405E-09 3.7865E-09 3.9386E-09 4.0971E-09 4.2620E-09 4.4336E-09 4.6122E-09 4.7978E-09 4.9907E-09 5.1910E-09 5.3989E-09 5.7657E-09 6.0995E-09 6.6079E-09 6.9393E-09 7.3743E-09 7.8405E-09 8.2701E-09 8.7305E-09 9.2238E-09 9.7526E-09 1.0319E-08 1.0926E-08 1.1576E-08 1.2271E-08
1.1203E-09 1.1556E-09 1.1949E-09 1.2332E-09 1.2729E-09 1.3181E-09 1.3612E-09 1.4059E-09 1.4575E-09 1.5061E-09 1.5566E-09 1.6089E-09 1.6706E-09 1.7277E-09 1.7869E-09 1.8582E-09 1.9230E-09 1.9902E-09 2.0600E-09 2.1456E-09 2.2221E-09 2.3149E-09 2.3988E-09 2.4858E-09 2.5916E-09 2.6871E-09 2.7863E-09 2.9071E-09 3.0917E-09 3.2139E-09 3.3414E-09 3.4743E-09 3.6129E-09 3.7572E-09 3.9076E-09 4.0642E-09 4.2272E-09 4.3968E-09 4.5731E-09 4.7565E-09 4.9469E-09 5.1447E-09 5.3499E-09 5.5627E-09 6.0377E-09 6.3931E-09 6.8595E-09 7.2849E-09 7.7406E-09 8.1613E-09 8.6120E-09 9.0947E-09 9.6118E-09 1.0166E-08 1.0759E-08 1.1393E-08 1.2072E-08
1.1148E-09 1.1499E-09 1.1889E-09 1.2270E-09 1.2665E-09 1.3114E-09 1.3543E-09 1.3987E-09 1.4448E-09 1.4982E-09 1.5483E-09 1.6003E-09 1.6615E-09 1.7182E-09 1.7770E-09 1.8379E-09 1.9119E-09 1.9787E-09 2.0478E-09 2.1326E-09 2.2085E-09 2.3003E-09 2.3835E-09 2.4698E-09 2.5744E-09 2.6690E-09 2.7673E-09 2.8866E-09 3.0684E-09 3.1893E-09 3.3153E-09 3.4467E-09 3.5836E-09 3.7262E-09 3.8748E-09 4.0294E-09 4.1904E-09 4.3578E-09 4.5318E-09 4.7127E-09 4.9006E-09 5.0957E-09 5.2981E-09 5.5079E-09 5.9722E-09 6.3202E-09 6.7749E-09 7.1903E-09 7.6348E-09 8.0463E-09 8.4866E-09 8.9581E-09 9.4629E-09 1.0003E-08 1.0582E-08 1.1200E-08 1.1862E-08
1.1090E-09 1.1440E-09 1.1802E-09 1.2205E-09 1.2598E-09 1.3043E-09 1.3469E-09 1.3911E-09 1.4369E-09 1.4898E-09 1.5396E-09 1.5912E-09 1.6518E-09 1.7081E-09 1.7665E-09 1.8270E-09 1.9002E-09 1.9664E-09 2.0350E-09 2.1189E-09 2.1941E-09 2.2721E-09 2.3674E-09 2.4528E-09 2.5562E-09 2.6499E-09 2.7471E-09 2.8651E-09 3.0438E-09 3.1633E-09 3.2878E-09 3.4176E-09 3.5528E-09 3.6936E-09 3.8402E-09 3.9928E-09 4.1516E-09 4.3167E-09 4.4883E-09 4.6667E-09 4.8519E-09 5.0442E-09 5.2436E-09 5.4503E-09 5.9033E-09 6.2434E-09 6.6860E-09 7.0909E-09 7.4567E-09 7.9255E-09 8.3551E-09 8.8148E-09 9.3067E-09 9.8331E-09 1.0396E-08 1.0998E-08 1.1641E-08
1.1008E-09 1.1377E-09 1.1737E-09 1.2137E-09 1.2527E-09 1.2931E-09 1.3392E-09 1.3831E-09 1.4285E-09 1.4810E-09 1.5304E-09 1.5817E-09 1.6348E-09 1.6976E-09 1.7554E-09 1.8155E-09 1.8879E-09 1.9536E-09 2.0216E-09 2.1045E-09 2.1790E-09 2.2563E-09 2.3504E-09 2.4350E-09 2.5228E-09 2.6298E-09 2.7260E-09 2.8424E-09 3.0181E-09 3.1360E-09 3.2589E-09 3.3870E-09 3.5204E-09 3.6593E-09 3.8039E-09 3.9544E-09 4.1109E-09 4.2737E-09 4.4428E-09 4.6185E-09 4.8009E-09 4.9903E-09 5.1866E-09 5.3901E-09 5.7578E-09 6.1631E-09 6.5932E-09 6.9178E-09 7.3441E-09 7.7996E-09 8.2180E-09 8.6655E-09 9.1440E-09 9.6557E-09 1.0203E-08 1.0787E-08 1.1412E-08
1.0945E-09 1.1312E-09 1.1669E-09 1.2066E-09 1.2453E-09 1.2855E-09 1.3311E-09 1.3747E-09 1.4198E-09 1.4718E-09 1.5208E-09 1.5717E-09 1.6244E-09 1.6865E-09 1.7439E-09 1.8034E-09 1.8751E-09 1.9401E-09 2.0075E-09 2.0894E-09 2.1632E-09 2.2397E-09 2.3326E-09 2.4163E-09 2.5032E-09 2.6088E-09 2.7039E-09 2.8186E-09 2.9228E-09 3.1075E-09 3.2288E-09 3.3551E-09 3.4866E-09 3.6236E-09 3.7661E-09 3.9143E-09 4.0685E-09 4.2288E-09 4.3953E-09 4.5683E-09 4.7478E-09 4.9341E-09 5.1272E-09 5.3273E-09 5.6856E-09 6.0086E-09 6.3573E-09 6.8135E-09 7.2273E-09 7.6691E-09 8.0760E-09 8.5108E-09 8.9755E-09 9.4721E-09 1.0003E-08 1.0569E-08 1.1174E-08
1.0880E-09 1.1243E-09 1.1599E-09 1.1992E-09 1.2376E-09 1.2775E-09 1.3227E-09 1.3659E-09 1.4107E-09 1.4571E-09 1.5108E-09 1.5612E-09 1.6135E-09 1.6749E-09 1.7318E-09 1.7908E-09 1.8519E-09 1.9260E-09 1.9927E-09 2.0619E-09 2.1467E-09 2.2224E-09 2.3140E-09 2.3969E-09 2.4827E-09 2.5868E-09 2.6808E-09 2.7782E-09 2.8968E-09 3.0779E-09 3.1974E-09 3.3219E-09 3.4515E-09 3.5864E-09 3.7267E-09 3.8727E-09 4.0245E-09 4.1822E-09 4.3460E-09 4.5162E-09 4.6927E-09 4.8758E-09 5.0656E-09 5.2623E-09 5.4658E-09 5.9253E-09 6.2643E-09 6.7057E-09 7.1067E-09 7.4672E-09 7.9296E-09 8.3515E-09 8.8020E-09 9.2832E-09 9.7968E-09 1.0345E-08 1.0930E-08
1.0813E-09 1.1173E-09 1.1525E-09 1.1891E-09 1.2297E-09 1.2692E-09 1.3140E-09 1.3568E-09 1.4013E-09 1.4473E-09 1.5004E-09 1.5504E-09 1.6022E-09 1.6629E-09 1.7192E-09 1.7777E-09 1.8382E-09 1.9113E-09 1.9774E-09 2.0459E-09 2.1295E-09 2.2044E-09 2.2819E-09 2.3766E-09 2.4615E-09 2.5641E-09 2.6569E-09 2.7530E-09 2.8698E-09 3.0472E-09 3.1649E-09 3.2875E-09 3.4151E-09 3.5479E-09 3.6860E-09 3.8296E-09 3.9789E-09 4.1340E-09 4.2951E-09 4.4622E-09 4.6357E-09 4.8156E-09 5.0020E-09 5.1951E-09 5.3949E-09 5.8394E-09 6.1685E-09 6.5948E-09 6.9137E-09 7.3329E-09 7.7795E-09 8.1882E-09 8.6243E-09 9.0897E-09 9.5861E-09 1.0116E-08 1.0680E-08
1.0742E-09 1.1078E-09 1.1449E-09 1.1812E-09 1.2214E-09 1.2606E-09 1.3012E-09 1.3474E-09 1.3914E-09 1.4371E-09 1.4896E-09 1.5391E-09 1.5904E-09 1.6436E-09 1.7062E-09 1.7640E-09 1.8239E-09 1.8961E-09 1.9615E-09 2.0292E-09 2.1117E-09 2.1857E-09 2.2623E-09 2.3556E-09 2.4394E-09 2.5262E-09 2.6320E-09 2.7270E-09 2.8418E-09 2.9456E-09 3.1314E-09 3.2520E-09 3.3776E-09 3.5082E-09 3.6440E-09 3.7852E-09 3.9319E-09 4.0843E-09 4.2425E-09 4.4067E-09 4.5770E-09 4.7536E-09 4.9365E-09 5.1259E-09 5.3219E-09 5.6793E-09 5.9988E-09 6.3423E-09 6.7910E-09 7.1956E-09 7.6263E-09 8.0216E-09 8.4431E-09 8.8925E-09 9.3715E-09 9.8820E-09 1.0426E-08
1.0670E-09 1.1003E-09 1.1370E-09 1.1730E-09 1.2128E-09 1.2516E-09 1.2919E-09 1.3376E-09 1.3813E-09 1.4265E-09 1.4784E-09 1.5274E-09 1.5782E-09 1.6309E-09 1.6927E-09 1.7499E-09 1.8092E-09 1.8706E-09 1.9451E-09 2.0120E-09 2.0813E-09 2.1664E-09 2.2421E-09 2.3339E-09 2.4166E-09 2.5023E-09 2.6064E-09 2.7000E-09 2.7970E-09 2.9152E-09 3.0968E-09 3.2155E-09 3.3389E-09 3.4673E-09 3.6008E-09 3.7395E-09 3.8836E-09 4.0332E-09 4.1885E-09 4.3496E-09 4.5167E-09 4.6899E-09 4.8692E-09 5.0549E-09 5.2470E-09 5.4455E-09 5.9022E-09 6.2344E-09 6.6659E-09 7.0559E-09 7.4052E-09 7.8524E-09 8.2592E-09 8.6924E-09 9.1539E-09 9.6453E-09 1.0168E-08
