Assets/Resources/2015_m01_d29_1000(utc+0800)_l00_csi_1hr_conc.grd
DSAA
         159         159
     -79.000      79.000
     -79.000      79.000
  0.0000E+00  0.7320E-05
[rows 25 to 49 of 159, columns 57 to 113 of 159]
1.9555E-09 2.0067E-09 2.0563E-09 2.1062E-09 2.1559E-09 2.2051E-09 2.2535E-09 2.3016E-09 2.3491E-09 2.3956E-09 2.4410E-09 2.4857E-09 2.5285E-09 2.5705E-09 2.6115E-09 2.6512E-09 2.6945E-09 2.7299E-09 2.7698E-09 2.8026E-09 2.8391E-09 2.8679E-09 2.8947E-09 2.9245E-09 2.9468E-09 2.9668E-09 2.9845E-09 2.9996E-09 3.0116E-09 3.0210E-09 3.0279E-09 3.0315E-09 3.0322E-09 3.0300E-09 3.0251E-09 3.0166E-09 3.0052E-09 2.9910E-09 2.9736E-09 2.9529E-09 2.9294E-09 2.9033E-09 2.8737E-09 2.8414E-09 2.8066E-09 2.7690E-09 2.7286E-09 2.6859E-09 2.6410E-09 2.5936E-09 2.5441E-09 2.4928E-09 2.4398E-09 2.3848E-09 2.3285E-09 2.2710E-09 2.2122E-09
1.9750E-09 2.0262E-09 2.0779E-09 2.1294E-09 2.1802E-09 2.2309E-09 2.2814E-09 2.3310E-09 2.3799E-09 2.4282E-09 2.4760E-09 2.5212E-09 2.5676E-09 2.6109E-09 2.6601E-09 2.7007E-09 2.7458E-09 2.7842E-09 2.8210E-09 2.8615E-09 2.8947E-09 2.9308E-09 2.9601E-09 2.9870E-09 3.0118E-09 3.0344E-09 3.0536E-09 3.0705E-09 3.0850E-09 3.0964E-09 3.1046E-09 3.1102E-09 3.1130E-09 3.1121E-09 3.1082E-09 3.1015E-09 3.0916E-09 3.0780E-09 3.0616E-09 3.0422E-09 3.0193E-09 2.9933E-09 2.9645E-09 2.9328E-09 2.8977E-09 2.8599E-09 2.8196E-09 2.7766E-09 2.7308E-09 2.6829E-09 2.6329E-09 2.5803E-09 2.5259E-09 2.4700E-09 2.4122E-09 2.3531E-09 2.2929E-09
1.9923E-09 2.0455E-09 2.0981E-09 2.1508E-09 2.2035E-09 2.2560E-09 2.3076E-09 2.3589E-09 2.4099E-09 2.4601E-09 2.5081E-09 2.5577E-09 2.6043E-09 2.6563E-09 2.7005E-09 2.7496E-09 2.7920E-09 2.8379E-09 2.8771E-09 2.9193E-09 2.9552E-09 2.9887E-09 3.0204E-09 3.0501E-09 3.0768E-09 3.1011E-09 3.1230E-09 3.1424E-09 3.1584E-09 3.1718E-09 3.1824E-09 3.1897E-09 3.1938E-09 3.1950E-09 3.1931E-09 3.1874E-09 3.1786E-09 3.1667E-09 3.1514E-09 3.1325E-09 3.1106E-09 3.0856E-09 3.0570E-09 3.0253E-09 2.9907E-09 2.9532E-09 2.9123E-09 2.8690E-09 2.8231E-09 2.7742E-09 2.7230E-09 2.6697E-09 2.6143E-09 2.5568E-09 2.4979E-09 2.4375E-09 2.3756E-09
2.0086E-09 2.0617E-09 2.1171E-09 2.1716E-09 2.2254E-09 2.2791E-09 2.3328E-09 2.3860E-09 2.4384E-09 2.4892E-09 2.5418E-09 2.5921E-09 2.6462E-09 2.6940E-09 2.7469E-09 2.7923E-09 2.8424E-09 2.8858E-09 2.9323E-09 2.9721E-09 3.0103E-09 3.0467E-09 3.0806E-09 3.1121E-09 3.1415E-09 3.1686E-09 3.1923E-09 3.2136E-09 3.2323E-09 3.2479E-09 3.2602E-09 3.2696E-09 3.2761E-09 3.2787E-09 3.2781E-09 3.2744E-09 3.2673E-09 3.2563E-09 3.2421E-09 3.2247E-09 3.2035E-09 3.1789E-09 3.1511E-09 3.1202E-09 3.0854E-09 3.0478E-09 3.0073E-09 2.9634E-09 2.9165E-09 2.8673E-09 2.8154E-09 2.7608E-09 2.7043E-09 2.6460E-09 2.5855E-09 2.5236E-09 2.4604E-09
2.0225E-09 2.0793E-09 2.1347E-09 2.1903E-09 2.2460E-09 2.3017E-09 2.3565E-09 2.4113E-09 2.4658E-09 2.5198E-09 2.5726E-09 2.6300E-09 2.6811E-09 2.7370E-09 2.7871E-09 2.8401E-09 2.8875E-09 2.9376E-09 2.9818E-09 3.0246E-09 3.0653E-09 3.1036E-09 3.1401E-09 3.1746E-09 3.2061E-09 3.2351E-09 3.2618E-09 3.2857E-09 3.3062E-09 3.3239E-09 3.3389E-09 3.3502E-09 3.3582E-09 3.3631E-09 3.3648E-09 3.3622E-09 3.3565E-09 3.3474E-09 3.3345E-09 3.3178E-09 3.2977E-09 3.2744E-09 3.2468E-09 3.2160E-09 3.1820E-09 3.1445E-09 3.1032E-09 3.0592E-09 3.0123E-09 2.9619E-09 2.9092E-09 2.8541E-09 2.7964E-09 2.7366E-09 2.6751E-09 2.6118E-09 2.5470E-09
2.0372E-09 2.0939E-09 2.1510E-09 2.2073E-09 2.2652E-09 2.3221E-09 2.3791E-09 2.4359E-09 2.4918E-09 2.5474E-09 2.6078E-09 2.6627E-09 2.7205E-09 2.7788E-09 2.8310E-09 2.8861E-09 2.9358E-09 2.9843E-09 3.0313E-09 3.0760E-09 3.1191E-09 3.1605E-09 3.1994E-09 3.2359E-09 3.2703E-09 3.3023E-09 3.3309E-09 3.3570E-09 3.3805E-09 3.4007E-09 3.4174E-09 3.4311E-09 3.4417E-09 3.4482E-09 3.4513E-09 3.4511E-09 3.4473E-09 3.4392E-09 3.4277E-09 3.4127E-09 3.3935E-09 3.3705E-09 3.3441E-09 3.3141E-09 3.2796E-09 3.2421E-09 3.2014E-09 3.1566E-09 3.1089E-09 3.0585E-09 3.0050E-09 2.9488E-09 2.8903E-09 2.8296E-09 2.7665E-09 2.7019E-09 2.6357E-09
2.0483E-09 2.1077E-09 2.1649E-09 2.2244E-09 2.2830E-09 2.3420E-09 2.3991E-09 2.4585E-09 2.5166E-09 2.5794E-09 2.6414E-09 2.6977E-09 2.7594E-09 2.8145E-09 2.8732E-09 2.9268E-09 2.9794E-09 3.0299E-09 3.0791E-09 3.1269E-09 3.1727E-09 3.2162E-09 3.2578E-09 3.2975E-09 3.3341E-09 3.3683E-09 3.4001E-09 3.4290E-09 3.4544E-09 3.4770E-09 3.4967E-09 3.5125E-09 3.5249E-09 3.5339E-09 3.5395E-09 3.5407E-09 3.5383E-09 3.5324E-09 3.5224E-09 3.5082E-09 3.4903E-09 3.4688E-09 3.4424E-09 3.4124E-09 3.3790E-09 3.3413E-09 3.3000E-09 3.2556E-09 3.2077E-09 3.1564E-09 3.1023E-09 3.0457E-09 2.9859E-09 2.9240E-09 2.8600E-09 2.7939E-09 2.7261E-09
2.0603E-09 2.1186E-09 2.1794E-09 2.2396E-09 2.2996E-09 2.3586E-09 2.4200E-09 2.4803E-09 2.5449E-09 2.6095E-09 2.6687E-09 2.7331E-09 2.7912E-09 2.8535E-09 2.9108E-09 2.9665E-09 3.0211E-09 3.0746E-09 3.1267E-09 3.1766E-09 3.2250E-09 3.2717E-09 3.3159E-09 3.3578E-09 3.3975E-09 3.4349E-09 3.4688E-09 3.5002E-09 3.5288E-09 3.5540E-09 3.5756E-09 3.5940E-09 3.6093E-09 3.6201E-09 3.6274E-09 3.6311E-09 3.6309E-09 3.6261E-09 3.6198E-09 3.6077E-09 3.5903E-09 3.5691E-09 3.5441E-09 3.5147E-09 3.4810E-09 3.4438E-09 3.4030E-09 3.3579E-09 3.3096E-09 3.2581E-09 3.2028E-09 3.1446E-09 3.0840E-09 3.0205E-09 2.9551E-09 2.8878E-09 2.8186E-09
2.0686E-09 2.1295E-09 2.1905E-09 2.2528E-09 2.3135E-09 2.3767E-09 2.4383E-09 2.5050E-09 2.5720E-09 2.6336E-09 2.7003E-09 2.7614E-09 2.8270E-09 2.8872E-09 2.9464E-09 3.0049E-09 3.0625E-09 3.1181E-09 3.1725E-09 3.2257E-09 3.2769E-09 3.3258E-09 3.3730E-09 3.4183E-09 3.4604E-09 3.5001E-09 3.5374E-09 3.5718E-09 3.6025E-09 3.6304E-09 3.6552E-09 3.6760E-09 3.6931E-09 3.7067E-09 3.7167E-09 3.7219E-09 3.7234E-09 3.7235E-09 3.7165E-09 3.7048E-09 3.6893E-09 3.6693E-09 3.6444E-09 3.6157E-09 3.5832E-09 3.5458E-09 3.5047E-09 3.4602E-09 3.4116E-09 3.3595E-09 3.3043E-09 3.2459E-09 3.1844E-09 3.1204E-09 3.0537E-09 2.9843E-09 2.9130E-09
2.0769E-09 2.1387E-09 2.2021E-09 2.2641E-09 2.3282E-09 2.3915E-09 2.4601E-09 2.5291E-09 2.5924E-09 2.6616E-09 2.7254E-09 2.7936E-09 2.8566E-09 2.9192E-09 2.9814E-09 3.0421E-09 3.1018E-09 3.1606E-09 3.2180E-09 3.2734E-09 3.3273E-09 3.3797E-09 3.4296E-09 3.4772E-09 3.5227E-09 3.5658E-09 3.6054E-09 3.6423E-09 3.6765E-09 3.7086E-09 3.7360E-09 3.7601E-09 3.7808E-09 3.7970E-09 3.8094E-09 3.8180E-09 3.8218E-09 3.8210E-09 3.8161E-09 3.8067E-09 3.7917E-09 3.7726E-09 3.7494E-09 3.7209E-09 3.6881E-09 3.6514E-09 3.6102E-09 3.5647E-09 3.5156E-09 3.4632E-09 3.4068E-09 3.3476E-09 3.2857E-09 3.2205E-09 3.1528E-09 3.0829E-09 3.0107E-09
2.0834E-09 2.1467E-09 2.2105E-09 2.2756E-09 2.3392E-09 2.4104E-09 2.4748E-09 2.5458E-09 2.6172E-09 2.6832E-09 2.7536E-09 2.8195E-09 2.8853E-09 2.9502E-09 3.0143E-09 3.0779E-09 3.1407E-09 3.2017E-09 3.2616E-09 3.3204E-09 3.3773E-09 3.4320E-09 3.4850E-09 3.5363E-09 3.5848E-09 3.6310E-09 3.6748E-09 3.7155E-09 3.7531E-09 3.7884E-09 3.8206E-09 3.8485E-09 3.8724E-09 3.8923E-09 3.9076E-09 3.9174E-09 3.9231E-09 3.9248E-09 3.9207E-09 3.9121E-09 3.8993E-09 3.8812E-09 3.8583E-09 3.8311E-09 3.7992E-09 3.7623E-09 3.7290E-09 3.6840E-09 3.6340E-09 3.5800E-09 3.5230E-09 3.4619E-09 3.3977E-09 3.3309E-09 3.2538E-09 3.1821E-09 3.1085E-09
2.0889E-09 2.1531E-09 2.2180E-09 2.2839E-09 2.3558E-09 2.4216E-09 2.4942E-09 2.5674E-09 2.6350E-09 2.7077E-09 2.7762E-09 2.8444E-09 2.9120E-09 2.9795E-09 3.0466E-09 3.1124E-09 3.1775E-09 3.2417E-09 3.3047E-09 3.3658E-09 3.4256E-09 3.4843E-09 3.5407E-09 3.5950E-09 3.6474E-09 3.6984E-09 3.7465E-09 3.7920E-09 3.8345E-09 3.8725E-09 3.9057E-09 3.9355E-09 3.9616E-09 3.9822E-09 3.9989E-09 4.0117E-09 4.0189E-09 4.0216E-09 4.0203E-09 4.0136E-09 4.0014E-09 3.9929E-09 3.9786E-09 3.9524E-09 3.9272E-09 3.8949E-09 3.8551E-09 3.8108E-09 3.7625E-09 3.7098E-09 3.6524E-09 3.5912E-09 3.5260E-09 3.4569E-09 3.3850E-09 3.3106E-09 3.2335E-09
2.0927E-09 2.1572E-09 2.2246E-09 2.2971E-09 2.3642E-09 2.4380E-09 2.5121E-09 2.5815E-09 2.6562E-09 2.7268E-09 2.7970E-09 2.8674E-09 2.9378E-09 3.0075E-09 3.0767E-09 3.1455E-09 3.2137E-09 3.2802E-09 3.3458E-09 3.4109E-09 3.4744E-09 3.5360E-09 3.5968E-09 3.6571E-09 3.7143E-09 3.7690E-09 3.8197E-09 3.8668E-09 3.9101E-09 3.9504E-09 3.9875E-09 4.0199E-09 4.0485E-09 4.0732E-09 4.0929E-09 4.1075E-09 4.1179E-09 4.1313E-09 4.1382E-09 4.1343E-09 4.1311E-09 4.1189E-09 4.0996E-09 4.0757E-09 4.0461E-09 4.0113E-09 3.9830E-09 3.9390E-09 3.8899E-09 3.8368E-09 3.7797E-09 3.7181E-09 3.6417E-09 3.5731E-09 3.5001E-09 3.4235E-09 3.3444E-09
2.0943E-09 2.1618E-09 2.2292E-09 2.3028E-09 2.3771E-09 2.4466E-09 2.5232E-09 2.5995E-09 2.6714E-09 2.7437E-09 2.8165E-09 2.8892E-09 2.9615E-09 3.0338E-09 3.1060E-09 3.1771E-09 3.2476E-09 3.3179E-09 3.3874E-09 3.4554E-09 3.5237E-09 3.5916E-09 3.6573E-09 3.7192E-09 3.7780E-09 3.8345E-09 3.8875E-09 3.9388E-09 3.9881E-09 4.0330E-09 4.0740E-09 4.1112E-09 4.1436E-09 4.1703E-09 4.1927E-09 4.2187E-09 4.2376E-09 4.2515E-09 4.2586E-09 4.2570E-09 4.2614E-09 4.2586E-09 4.2422E-09 4.2266E-09 4.1993E-09 4.1724E-09 4.1336E-09 4.0898E-09 4.0410E-09 3.9866E-09 3.9276E-09 3.8644E-09 3.7970E-09 3.7256E-09 3.6510E-09 3.5734E-09 3.4864E-09
2.0951E-09 2.1630E-09 2.2378E-09 2.3125E-09 2.3829E-09 2.4604E-09 2.5374E-09 2.6109E-09 2.6851E-09 2.7596E-09 2.8341E-09 2.9090E-09 2.9841E-09 3.0587E-09 3.1330E-09 3.2073E-09 3.2818E-09 3.3550E-09 3.4293E-09 3.5038E-09 3.5766E-09 3.6451E-09 3.7117E-09 3.7768E-09 3.8402E-09 3.9023E-09 3.9620E-09 4.0181E-09 4.0692E-09 4.1163E-09 4.1596E-09 4.1975E-09 4.2317E-09 4.2764E-09 4.3074E-09 4.3312E-09 4.3595E-09 4.3723E-09 4.3885E-09 4.3982E-09 4.4014E-09 4.3929E-09 4.3791E-09 4.3601E-09 4.3344E-09 4.3033E-09 4.2670E-09 4.2247E-09 4.1766E-09 4.1233E-09 4.0648E-09 3.9999E-09 3.9305E-09 3.8572E-09 3.7798E-09 3.6983E-09 3.6144E-09
2.0950E-09 2.1695E-09 2.2388E-09 2.3156E-09 2.3933E-09 2.4665E-09 2.5458E-09 2.6213E-09 2.6970E-09 2.7734E-09 2.8504E-09 2.9276E-09 3.0046E-09 3.0818E-09 3.1598E-09 3.2372E-09 3.3158E-09 3.3955E-09 3.4745E-09 3.5492E-09 3.6225E-09 3.6955E-09 3.7682E-09 3.8392E-09 3.9083E-09 3.9729E-09 4.0330E-09 4.0905E-09 4.1451E-09 4.1951E-09 4.2422E-09 4.2939E-09 4.3450E-09 4.3828E-09 4.4257E-09 4.4617E-09 4.4903E-09 4.5135E-09 4.5269E-09 4.5515E-09 4.5528E-09 4.5612E-09 4.5505E-09 4.5430E-09 4.5204E-09 4.4983E-09 4.4619E-09 4.4200E-09 4.3723E-09 4.3182E-09 4.2584E-09 4.1938E-09 4.1238E-09 4.0474E-09 3.9590E-09 3.8646E-09 3.7443E-09
2.0931E-09 2.1682E-09 2.2448E-09 2.3226E-09 2.3965E-09 2.4765E-09 2.5526E-09 2.6296E-09 2.7075E-09 2.7860E-09 2.8648E-09 2.9441E-09 3.0241E-09 3.1045E-09 3.1857E-09 3.2694E-09 3.3534E-09 3.4336E-09 3.5124E-09 3.5921E-09 3.6723E-09 3.7511E-09 3.8273E-09 3.9000E-09 3.9692E-09 4.0369E-09 4.1036E-09 4.1665E-09 4.2259E-09 4.2901E-09 4.3488E-09 4.4042E-09 4.4600E-09 4.5098E-09 4.5526E-09 4.5903E-09 4.6374E-09 4.6727E-09 4.7003E-09 4.7135E-09 4.7273E-09 4.7273E-09 4.7212E-09 4.7087E-09 4.6881E-09 4.6607E-09 4.6269E-09 4.5852E-09 4.5364E-09 4.4813E-09 4.4205E-09 4.3527E-09 4.2796E-09 4.2022E-09 4.1194E-09 4.0321E-09 3.9396E-09
2.0952E-09 2.1712E-09 2.2433E-09 2.3232E-09 2.4031E-09 2.4798E-09 2.5577E-09 2.6367E-09 2.7162E-09 2.7965E-09 2.8777E-09 2.9597E-09 3.0424E-09 3.1280E-09 3.2154E-09 3.3010E-09 3.3840E-09 3.4685E-09 3.5546E-09 3.6399E-09 3.7222E-09 3.8022E-09 3.8800E-09 3.9583E-09 4.0351E-09 4.1089E-09 4.1787E-09 4.2443E-09 4.3210E-09 4.3855E-09 4.4559E-09 4.5193E-09 4.5817E-09 4.6474E-09 4.7043E-09 4.7532E-09 4.7952E-09 4.8255E-09 4.8503E-09 4.8677E-09 4.8789E-09 4.9274E-09 4.9254E-09 4.9373E-09 4.9217E-09 4.8980E-09 4.8659E-09 4.8399E-09 4.7933E-09 4.7242E-09 4.6608E-09 4.5696E-09 4.4499E-09 4.3682E-09 4.2819E-09 4.1906E-09 4.0945E-09
2.0898E-09 2.1675E-09 2.2468E-09 2.3266E-09 2.4036E-09 2.4821E-09 2.5613E-09 2.6417E-09 2.7233E-09 2.8057E-09 2.8893E-09 2.9745E-09 3.0637E-09 3.1535E-09 3.2402E-09 3.3273E-09 3.4179E-09 3.5081E-09 3.5960E-09 3.6820E-09 3.7679E-09 3.8543E-09 3.9397E-09 4.0223E-09 4.0999E-09 4.1751E-09 4.2558E-09 4.3319E-09 4.4186E-09 4.4943E-09 4.5647E-09 4.6502E-09 4.7223E-09 4.8022E-09 4.8614E-09 4.9091E-09 4.9941E-09 5.0325E-09 5.0871E-09 5.1285E-09 5.1482E-09 5.1702E-09 5.1752E-09 5.1718E-09 5.1588E-09 5.1376E-09 5.0940E-09 5.0555E-09 5.0084E-09 4.9533E-09 4.8899E-09 4.8177E-09 4.7385E-09 4.6512E-09 4.5558E-09 4.4552E-09 4.3259E-09
2.0895E-09 2.1680E-09 2.2429E-09 2.3245E-09 2.4027E-09 2.4823E-09 2.5633E-09 2.6456E-09 2.7286E-09 2.8137E-09 2.9015E-09 2.9927E-09 3.0838E-09 3.1724E-09 3.2649E-09 3.3587E-09 3.4517E-09 3.5422E-09 3.6341E-09 3.7269E-09 3.8194E-09 3.9086E-09 3.9940E-09 4.0780E-09 4.1603E-09 4.2471E-09 4.3366E-09 4.4358E-09 4.5185E-09 4.6313E-09 4.7184E-09 4.8001E-09 4.8756E-09 4.9825E-09 5.0816E-09 5.1416E-09 5.2103E-09 5.2703E-09 5.3136E-09 5.3488E-09 5.3762E-09 5.3956E-09 5.4046E-09 5.4050E-09 5.3965E-09 5.3778E-09 5.3346E-09 5.2972E-09 5.2506E-09 5.1931E-09 5.1127E-09 5.0392E-09 4.9567E-09 4.8661E-09 4.7685E-09 4.6639E-09 4.5514E-09
2.0819E-09 2.1619E-09 2.2427E-09 2.3206E-09 2.4002E-09 2.4814E-09 2.5636E-09 2.6473E-09 2.7334E-09 2.8230E-09 2.9158E-09 3.0075E-09 3.0991E-09 3.1950E-09 3.2919E-09 3.3859E-09 3.4814E-09 3.5790E-09 3.6770E-09 3.7720E-09 3.8641E-09 3.9553E-09 4.0456E-09 4.1333E-09 4.2334E-09 4.3356E-09 4.4474E-09 4.5453E-09 4.6632E-09 4.7591E-09 4.8645E-09 4.9898E-09 5.0941E-09 5.1879E-09 5.2743E-09 5.3608E-09 5.4273E-09 5.4860E-09 5.5383E-09 5.5831E-09 5.6945E-09 5.7225E-09 5.7695E-09 5.7774E-09 5.7731E-09 5.7579E-09 5.7172E-09 5.6781E-09 5.6278E-09 5.5666E-09 5.4663E-09 5.2970E-09 5.2099E-09 5.1003E-09 4.9972E-09 4.8868E-09 4.7700E-09
2.0792E-09 2.1589E-09 2.2363E-09 2.3156E-09 2.3962E-09 2.4785E-09 2.5624E-09 2.6488E-09 2.7395E-09 2.8336E-09 2.9258E-09 3.0202E-09 3.1185E-09 3.2165E-09 3.3133E-09 3.4138E-09 3.5158E-09 3.6157E-09 3.7130E-09 3.8100E-09 3.9067E-09 4.0020E-09 4.0954E-09 4.2024E-09 4.3299E-09 4.4400E-09 4.5603E-09 4.6950E-09 4.8003E-09 4.9406E-09 5.0757E-09 5.1894E-09 5.2968E-09 5.3912E-09 5.4810E-09 5.6385E-09 5.7353E-09 5.8412E-09 5.9279E-09 5.9886E-09 6.0516E-09 6.0918E-09 6.1186E-09 6.1335E-09 6.1360E-09 6.1241E-09 6.0844E-09 6.0463E-09 5.9949E-09 5.9290E-09 5.8510E-09 5.7476E-09 5.6470E-09 5.5211E-09 5.3896E-09 5.1308E-09 5.0059E-09
2.0694E-09 2.1504E-09 2.2288E-09 2.3088E-09 2.3907E-09 2.4744E-09 2.5605E-09 2.6519E-09 2.7467E-09 2.8391E-09 2.9358E-09 3.0361E-09 3.1344E-09 3.2349E-09 3.3390E-09 3.4432E-09 3.5443E-09 3.6453E-09 3.7468E-09 3.8480E-09 3.9478E-09 4.0471E-09 4.1759E-09 4.2957E-09 4.4283E-09 4.5727E-09 4.6912E-09 4.8499E-09 5.0004E-09 5.1310E-09 5.2568E-09 5.3851E-09 5.5715E-09 5.6859E-09 5.8264E-09 5.9519E-09 6.0659E-09 6.1593E-09 6.2446E-09 6.4335E-09 6.4994E-09 6.5525E-09 6.6354E-09 6.6595E-09 6.6668E-09 6.6580E-09 6.6330E-09 6.5467E-09 6.3766E-09 6.3081E-09 6.2248E-09 6.1131E-09 6.0039E-09 5.8831E-09 5.7370E-09 5.5962E-09 5.4336E-09
2.0633E-09 2.1404E-09 2.2196E-09 2.3008E-09 2.3837E-09 2.4693E-09 2.5607E-09 2.6556E-09 2.7482E-09 2.8465E-09 2.9478E-09 3.0464E-09 3.1506E-09 3.2574E-09 3.3614E-09 3.4649E-09 3.5695E-09 3.6748E-09 3.7793E-09 3.8840E-09 4.0037E-09 4.1235E-09 4.2641E-09 4.3922E-09 4.5458E-09 4.6956E-09 4.8628E-09 5.0273E-09 5.1826E-09 5.3159E-09 5.5239E-09 5.6910E-09 5.8471E-09 5.9968E-09 6.1306E-09 6.3765E-09 6.5496E-09 6.6953E-09 6.9266E-09 7.0455E-09 7.1343E-09 7.2060E-09 7.3711E-09 7.2913E-09 7.3050E-09 7.2966E-09 7.1500E-09 7.1058E-09 7.0423E-09 6.9588E-09 6.8577E-09 6.7401E-09 6.5241E-09 6.2741E-09 6.1144E-09 5.9559E-09 5.7705E-09
2.0513E-09 2.1293E-09 2.2093E-09 2.2912E-09 2.3759E-09 2.4667E-09 2.5611E-09 2.6539E-09 2.7530E-09 2.8541E-09 2.9542E-09 3.0606E-09 3.1682E-09 3.2726E-09 3.3786E-09 3.4861E-09 3.5937E-09 3.7021E-09 3.8251E-09 3.9359E-09 4.0607E-09 4.2088E-09 4.3625E-09 4.5290E-09 4.6670E-09 4.8689E-09 5.0401E-09 5.1979E-09 5.4216E-09 5.6092E-09 5.7886E-09 5.9646E-09 6.2478E-09 6.5815E-09 6.7859E-09 7.0949E-09 7.3170E-09 7.4821E-09 7.6575E-09 7.7931E-09 7.9067E-09 7.9992E-09 8.0690E-09 8.1129E-09 8.1307E-09 8.1228E-09 8.0891E-09 8.0276E-09 7.9414E-09 7.8315E-09 7.5124E-09 7.2568E-09 7.1073E-09 6.9390E-09 6.7502E-09 6.4261E-09 6.1388E-09
