Assets/Resources/2015_m01_d08_1400(utc+0800)_l00_csi_1hr_conc.grd
DSAA
         159         159
     -79.000      79.000
     -79.000      79.000
  0.2693E-09  0.3316E-05
[rows 0 to 24 of 159, columns 57 to 113 of 159]
1.6137E-09 1.6318E-09 1.6492E-09 1.6665E-09 1.6837E-09 1.7008E-09 1.7184E-09 1.7353E-09 1.7522E-09 1.7690E-09 1.7864E-09 1.8032E-09 1.8199E-09 1.8367E-09 1.8534E-09 1.8707E-09 1.8874E-09 1.9040E-09 1.9206E-09 1.9370E-09 1.9534E-09 1.9698E-09 1.9877E-09 2.0040E-09 2.0201E-09 2.0361E-09 2.0520E-09 2.0677E-09 2.0833E-09 2.1003E-09 2.1156E-09 2.1305E-09 2.1452E-09 2.1595E-09 2.1735E-09 2.1871E-09 2.2021E-09 2.2150E-09 2.2275E-09 2.2396E-09 2.2513E-09 2.2625E-09 2.2733E-09 2.2835E-09 2.2933E-09 2.3043E-09 2.3131E-09 2.3213E-09 2.3290E-09 2.3361E-09 2.3426E-09 2.3485E-09 2.3538E-09 2.3584E-09 2.3625E-09 2.3659E-09 2.3686E-09
1.6352E-09 1.6529E-09 1.6706E-09 1.6881E-09 1.7063E-09 1.7236E-09 1.7409E-09 1.7582E-09 1.7753E-09 1.7932E-09 1.8103E-09 1.8274E-09 1.8446E-09 1.8617E-09 1.8795E-09 1.8965E-09 1.9136E-09 1.9306E-09 1.9475E-09 1.9644E-09 1.9828E-09 1.9997E-09 2.0164E-09 2.0331E-09 2.0496E-09 2.0661E-09 2.0840E-09 2.1003E-09 2.1163E-09 2.1321E-09 2.1478E-09 2.1631E-09 2.1781E-09 2.1945E-09 2.2089E-09 2.2229E-09 2.2366E-09 2.2499E-09 2.2627E-09 2.2751E-09 2.2871E-09 2.3004E-09 2.3115E-09 2.3221E-09 2.3322E-09 2.3418E-09 2.3508E-09 2.3593E-09 2.3672E-09 2.3745E-09 2.3813E-09 2.3874E-09 2.3966E-09 2.4014E-09 2.4057E-09 2.4092E-09 2.4121E-09
1.6560E-09 1.6740E-09 1.6926E-09 1.7105E-09 1.7283E-09 1.7459E-09 1.7635E-09 1.7817E-09 1.7993E-09 1.8168E-09 1.8343E-09 1.8518E-09 1.8700E-09 1.8875E-09 1.9050E-09 1.9225E-09 1.9400E-09 1.9573E-09 1.9763E-09 1.9936E-09 2.0110E-09 2.0282E-09 2.0454E-09 2.0641E-09 2.0812E-09 2.0981E-09 2.1148E-09 2.1315E-09 2.1479E-09 2.1642E-09 2.1820E-09 2.1977E-09 2.2132E-09 2.2283E-09 2.2430E-09 2.2574E-09 2.2714E-09 2.2868E-09 2.3000E-09 2.3128E-09 2.3252E-09 2.3370E-09 2.3485E-09 2.3594E-09 2.3698E-09 2.3815E-09 2.3926E-09 2.4014E-09 2.4096E-09 2.4173E-09 2.4243E-09 2.4306E-09 2.4364E-09 2.4414E-09 2.4459E-09 2.4496E-09 2.4526E-09
1.6769E-09 1.6958E-09 1.7141E-09 1.7322E-09 1.7502E-09 1.7689E-09 1.7868E-09 1.8047E-09 1.8226E-09 1.8405E-09 1.8591E-09 1.8770E-09 1.8949E-09 1.9128E-09 1.9307E-09 1.9486E-09 1.9681E-09 1.9859E-09 2.0037E-09 2.0215E-09 2.0393E-09 2.0586E-09 2.0763E-09 2.0938E-09 2.1113E-09 2.1287E-09 2.1459E-09 2.1647E-09 2.1816E-09 2.1984E-09 2.2148E-09 2.2310E-09 2.2468E-09 2.2623E-09 2.2792E-09 2.2940E-09 2.3084E-09 2.3224E-09 2.3360E-09 2.3491E-09 2.3637E-09 2.3760E-09 2.3896E-09 2.4008E-09 2.4116E-09 2.4218E-09 2.4314E-09 2.4405E-09 2.4490E-09 2.4568E-09 2.4641E-09 2.4707E-09 2.4786E-09 2.4839E-09 2.4885E-09 2.4924E-09 2.4956E-09
1.6984E-09 1.7170E-09 1.7355E-09 1.7539E-09 1.7730E-09 1.7913E-09 1.8095E-09 1.8278E-09 1.8460E-09 1.8650E-09 1.8833E-09 1.9016E-09 1.9199E-09 1.9382E-09 1.9582E-09 1.9765E-09 1.9948E-09 2.0130E-09 2.0313E-09 2.0512E-09 2.0694E-09 2.0877E-09 2.1057E-09 2.1238E-09 2.1417E-09 2.1612E-09 2.1790E-09 2.1965E-09 2.2140E-09 2.2311E-09 2.2480E-09 2.2663E-09 2.2825E-09 2.2985E-09 2.3140E-09 2.3292E-09 2.3459E-09 2.3603E-09 2.3761E-09 2.3897E-09 2.4028E-09 2.4154E-09 2.4275E-09 2.4391E-09 2.4502E-09 2.4626E-09 2.4726E-09 2.4820E-09 2.4907E-09 2.4989E-09 2.5064E-09 2.5132E-09 2.5194E-09 2.5249E-09 2.5297E-09 2.5338E-09 2.5372E-09
1.7193E-09 1.7382E-09 1.7570E-09 1.7764E-09 1.7950E-09 1.8137E-09 1.8323E-09 1.8516E-09 1.8702E-09 1.8889E-09 1.9076E-09 1.9263E-09 1.9466E-09 1.9654E-09 1.9842E-09 2.0029E-09 2.0217E-09 2.0420E-09 2.0608E-09 2.0795E-09 2.0982E-09 2.1169E-09 2.1354E-09 2.1557E-09 2.1741E-09 2.1925E-09 2.2106E-09 2.2287E-09 2.2483E-09 2.2659E-09 2.2832E-09 2.3002E-09 2.3169E-09 2.3351E-09 2.3511E-09 2.3685E-09 2.3838E-09 2.3986E-09 2.4130E-09 2.4269E-09 2.4404E-09 2.4553E-09 2.4678E-09 2.4798E-09 2.4912E-09 2.5021E-09 2.5124E-09 2.5220E-09 2.5311E-09 2.5395E-09 2.5472E-09 2.5543E-09 2.5607E-09 2.5685E-09 2.5735E-09 2.5777E-09 2.5813E-09
1.7401E-09 1.7600E-09 1.7791E-09 1.7981E-09 1.8171E-09 1.8361E-09 1.8558E-09 1.8748E-09 1.8938E-09 1.9129E-09 1.9336E-09 1.9528E-09 1.9719E-09 1.9912E-09 2.0103E-09 2.0312E-09 2.0504E-09 2.0696E-09 2.0889E-09 2.1080E-09 2.1289E-09 2.1481E-09 2.1672E-09 2.1862E-09 2.2051E-09 2.2239E-09 2.2443E-09 2.2629E-09 2.2813E-09 2.2993E-09 2.3189E-09 2.3364E-09 2.3553E-09 2.3721E-09 2.3885E-09 2.4046E-09 2.4203E-09 2.4374E-09 2.4522E-09 2.4666E-09 2.4805E-09 2.4938E-09 2.5067E-09 2.5190E-09 2.5308E-09 2.5419E-09 2.5545E-09 2.5645E-09 2.5739E-09 2.5826E-09 2.5906E-09 2.5980E-09 2.6046E-09 2.6106E-09 2.6158E-09 2.6202E-09 2.6240E-09
1.7617E-09 1.7811E-09 1.8005E-09 1.8199E-09 1.8399E-09 1.8593E-09 1.8786E-09 1.8980E-09 1.9175E-09 1.9386E-09 1.9581E-09 1.9777E-09 1.9973E-09 2.0186E-09 2.0383E-09 2.0580E-09 2.0776E-09 2.0974E-09 2.1187E-09 2.1385E-09 2.1582E-09 2.1778E-09 2.1974E-09 2.2169E-09 2.2381E-09 2.2574E-09 2.2767E-09 2.2976E-09 2.3164E-09 2.3349E-09 2.3549E-09 2.3728E-09 2.3904E-09 2.4077E-09 2.4265E-09 2.4430E-09 2.4591E-09 2.4748E-09 2.4900E-09 2.5047E-09 2.5190E-09 2.5327E-09 2.5479E-09 2.5606E-09 2.5728E-09 2.5843E-09 2.5952E-09 2.6055E-09 2.6152E-09 2.6242E-09 2.6325E-09 2.6401E-09 2.6470E-09 2.6552E-09 2.6606E-09 2.6653E-09 2.6692E-09
1.7825E-09 1.8022E-09 1.8220E-09 1.8424E-09 1.8621E-09 1.8818E-09 1.9015E-09 1.9229E-09 1.9428E-09 1.9628E-09 1.9828E-09 2.0028E-09 2.0245E-09 2.0447E-09 2.0648E-09 2.0849E-09 2.1051E-09 2.1270E-09 2.1472E-09 2.1675E-09 2.1876E-09 2.2078E-09 2.2296E-09 2.2497E-09 2.2697E-09 2.2914E-09 2.3112E-09 2.3325E-09 2.3518E-09 2.3708E-09 2.3895E-09 2.4098E-09 2.4279E-09 2.4456E-09 2.4629E-09 2.4798E-09 2.4964E-09 2.5124E-09 2.5300E-09 2.5452E-09 2.5599E-09 2.5741E-09 2.5877E-09 2.6007E-09 2.6132E-09 2.6251E-09 2.6363E-09 2.6490E-09 2.6590E-09 2.6683E-09 2.6769E-09 2.6848E-09 2.6920E-09 2.7006E-09 2.7062E-09 2.7111E-09 2.7152E-09
1.8033E-09 1.8240E-09 1.8441E-09 1.8642E-09 1.8842E-09 1.9043E-09 1.9261E-09 1.9464E-09 1.9667E-09 1.9871E-09 2.0091E-09 2.0297E-09 2.0502E-09 2.0708E-09 2.0914E-09 2.1136E-09 2.1344E-09 2.1551E-09 2.1759E-09 2.1966E-09 2.2190E-09 2.2397E-09 2.2604E-09 2.2829E-09 2.3034E-09 2.3257E-09 2.3459E-09 2.3660E-09 2.3876E-09 2.4071E-09 2.4263E-09 2.4452E-09 2.4637E-09 2.4819E-09 2.4996E-09 2.5190E-09 2.5360E-09 2.5525E-09 2.5686E-09 2.5842E-09 2.5992E-09 2.6138E-09 2.6278E-09 2.6433E-09 2.6561E-09 2.6684E-09 2.6822E-09 2.6932E-09 2.7035E-09 2.7132E-09 2.7221E-09 2.7303E-09 2.7377E-09 2.7465E-09 2.7524E-09 2.7575E-09 2.7618E-09
1.8247E-09 1.8451E-09 1.8655E-09 1.8859E-09 1.9080E-09 1.9285E-09 1.9492E-09 1.9698E-09 1.9906E-09 2.0131E-09 2.0340E-09 2.0550E-09 2.0760E-09 2.0987E-09 2.1198E-09 2.1410E-09 2.1622E-09 2.1834E-09 2.2064E-09 2.2277E-09 2.2490E-09 2.2721E-09 2.2934E-09 2.3163E-09 2.3374E-09 2.3584E-09 2.3811E-09 2.4016E-09 2.4219E-09 2.4419E-09 2.4615E-09 2.4808E-09 2.5018E-09 2.5205E-09 2.5387E-09 2.5566E-09 2.5740E-09 2.5910E-09 2.6075E-09 2.6255E-09 2.6410E-09 2.6582E-09 2.6726E-09 2.6865E-09 2.6998E-09 2.7124E-09 2.7244E-09 2.7358E-09 2.7485E-09 2.7585E-09 2.7677E-09 2.7762E-09 2.7840E-09 2.7931E-09 2.7993E-09 2.8046E-09 2.8091E-09
1.8454E-09 1.8662E-09 1.8869E-09 1.9094E-09 1.9302E-09 1.9512E-09 1.9723E-09 1.9950E-09 2.0163E-09 2.0376E-09 2.0590E-09 2.0804E-09 2.1036E-09 2.1251E-09 2.1467E-09 2.1684E-09 2.1919E-09 2.2137E-09 2.2355E-09 2.2592E-09 2.2811E-09 2.3047E-09 2.3265E-09 2.3482E-09 2.3719E-09 2.3934E-09 2.4147E-09 2.4357E-09 2.4564E-09 2.4769E-09 2.4990E-09 2.5188E-09 2.5383E-09 2.5574E-09 2.5762E-09 2.5944E-09 2.6144E-09 2.6318E-09 2.6510E-09 2.6675E-09 2.6835E-09 2.6989E-09 2.7138E-09 2.7281E-09 2.7438E-09 2.7569E-09 2.7693E-09 2.7832E-09 2.7943E-09 2.8046E-09 2.8142E-09 2.8230E-09 2.8310E-09 2.8382E-09 2.8446E-09 2.8501E-09 2.8548E-09
1.8661E-09 1.8872E-09 1.9100E-09 1.9312E-09 1.9525E-09 1.9739E-09 1.9970E-09 2.0187E-09 2.0403E-09 2.0621E-09 2.0857E-09 2.1076E-09 2.1296E-09 2.1516E-09 2.1738E-09 2.1977E-09 2.2201E-09 2.2443E-09 2.2667E-09 2.2891E-09 2.3133E-09 2.3357E-09 2.3600E-09 2.3824E-09 2.4047E-09 2.4267E-09 2.4484E-09 2.4719E-09 2.4932E-09 2.5142E-09 2.5348E-09 2.5551E-09 2.5751E-09 2.5967E-09 2.6159E-09 2.6370E-09 2.6554E-09 2.6733E-09 2.6908E-09 2.7077E-09 2.7262E-09 2.7422E-09 2.7597E-09 2.7745E-09 2.7886E-09 2.8021E-09 2.8149E-09 2.8270E-09 2.8418E-09 2.8525E-09 2.8625E-09 2.8716E-09 2.8799E-09 2.8874E-09 2.8964E-09 2.9022E-09 2.9071E-09
1.8883E-09 1.9098E-09 1.9314E-09 1.9530E-09 1.9764E-09 1.9983E-09 2.0202E-09 2.0423E-09 2.0644E-09 2.0884E-09 2.1108E-09 2.1332E-09 2.1557E-09 2.1800E-09 2.2027E-09 2.2274E-09 2.2503E-09 2.2732E-09 2.2980E-09 2.3210E-09 2.3459E-09 2.3690E-09 2.3920E-09 2.4149E-09 2.4376E-09 2.4621E-09 2.4844E-09 2.5065E-09 2.5283E-09 2.5497E-09 2.5709E-09 2.5937E-09 2.6164E-09 2.6366E-09 2.6564E-09 2.6757E-09 2.6946E-09 2.7151E-09 2.7331E-09 2.7528E-09 2.7697E-09 2.7861E-09 2.8019E-09 2.8206E-09 2.8352E-09 2.8491E-09 2.8623E-09 2.8748E-09 2.8889E-09 2.9000E-09 2.9103E-09 2.9197E-09 2.9284E-09 2.9362E-09 2.9431E-09 2.9491E-09 2.9579E-09
1.9089E-09 1.9308E-09 1.9528E-09 1.9765E-09 1.9987E-09 2.0210E-09 2.0435E-09 2.0677E-09 2.0904E-09 2.1132E-09 2.1360E-09 2.1589E-09 2.1836E-09 2.2068E-09 2.2320E-09 2.2554E-09 2.2806E-09 2.3041E-09 2.3296E-09 2.3533E-09 2.3769E-09 2.4005E-09 2.4241E-09 2.4495E-09 2.4728E-09 2.4959E-09 2.5187E-09 2.5413E-09 2.5635E-09 2.5897E-09 2.6115E-09 2.6329E-09 2.6540E-09 2.6747E-09 2.6949E-09 2.7169E-09 2.7385E-09 2.7575E-09 2.7760E-09 2.7975E-09 2.8150E-09 2.8319E-09 2.8482E-09 2.8661E-09 2.8812E-09 2.8955E-09 2.9092E-09 2.9221E-09 2.9379E-09 2.9493E-09 2.9636E-09 2.9735E-09 2.9825E-09 2.9906E-09 3.0002E-09 3.0066E-09 3.0120E-09
1.9295E-09 1.9518E-09 1.9758E-09 1.9984E-09 2.0211E-09 2.0438E-09 2.0684E-09 2.0915E-09 2.1147E-09 2.1379E-09 2.1630E-09 2.1864E-09 2.2119E-09 2.2357E-09 2.2595E-09 2.2853E-09 2.3093E-09 2.3355E-09 2.3596E-09 2.3839E-09 2.4081E-09 2.4342E-09 2.4585E-09 2.4825E-09 2.5063E-09 2.5299E-09 2.5532E-09 2.5805E-09 2.6034E-09 2.6260E-09 2.6483E-09 2.6702E-09 2.6939E-09 2.7174E-09 2.7382E-09 2.7587E-09 2.7822E-09 2.8017E-09 2.8208E-09 2.8393E-09 2.8596E-09 2.8770E-09 2.8938E-09 2.9099E-09 2.9326E-09 2.9476E-09 2.9617E-09 2.9752E-09 2.9902E-09 3.0021E-09 3.0131E-09 3.0234E-09 3.0327E-09 3.0412E-09 3.0487E-09 3.0553E-09 3.0646E-09
1.9501E-09 1.9744E-09 1.9973E-09 2.0203E-09 2.0434E-09 2.0683E-09 2.0917E-09 2.1153E-09 2.1390E-09 2.1644E-09 2.1883E-09 2.2142E-09 2.2385E-09 2.2645E-09 2.2891E-09 2.3155E-09 2.3403E-09 2.3650E-09 2.3898E-09 2.4146E-09 2.4414E-09 2.4663E-09 2.4910E-09 2.5155E-09 2.5399E-09 2.5682E-09 2.5922E-09 2.6159E-09 2.6394E-09 2.6625E-09 2.6874E-09 2.7122E-09 2.7344E-09 2.7597E-09 2.7812E-09 2.8023E-09 2.8228E-09 2.8452E-09 2.8648E-09 2.8875E-09 2.9096E-09 2.9277E-09 2.9451E-09 2.9618E-09 2.9802E-09 2.9956E-09 3.0102E-09 3.0241E-09 3.0372E-09 3.0531E-09 3.0684E-09 3.0790E-09 3.0926E-09 3.1014E-09 3.1093E-09 3.1187E-09 3.1247E-09
1.9722E-09 1.9954E-09 2.0187E-09 2.0438E-09 2.0674E-09 2.0912E-09 2.1151E-09 2.1391E-09 2.1650E-09 2.1912E-09 2.2156E-09 2.2403E-09 2.2669E-09 2.2937E-09 2.3189E-09 2.3441E-09 2.3694E-09 2.3947E-09 2.4221E-09 2.4475E-09 2.4730E-09 2.4984E-09 2.5237E-09 2.5530E-09 2.5780E-09 2.6028E-09 2.6273E-09 2.6515E-09 2.6798E-09 2.7036E-09 2.7306E-09 2.7538E-09 2.7767E-09 2.7991E-09 2.8234E-09 2.8450E-09 2.8698E-09 2.8942E-09 2.9145E-09 2.9342E-09 2.9533E-09 2.9742E-09 2.9922E-09 3.0094E-09 3.0298E-09 3.0532E-09 3.0684E-09 3.0829E-09 3.0966E-09 3.1118E-09 3.1238E-09 3.1348E-09 3.1450E-09 3.1542E-09 3.1624E-09 3.1696E-09 3.1796E-09
1.9927E-09 2.0163E-09 2.0417E-09 2.0657E-09 2.0898E-09 2.1140E-09 2.1402E-09 2.1647E-09 2.1913E-09 2.2162E-09 2.2430E-09 2.2683E-09 2.2956E-09 2.3212E-09 2.3469E-09 2.3727E-09 2.3985E-09 2.4265E-09 2.4526E-09 2.4786E-09 2.5047E-09 2.5349E-09 2.5608E-09 2.5866E-09 2.6121E-09 2.6375E-09 2.6668E-09 2.6918E-09 2.7199E-09 2.7444E-09 2.7686E-09 2.7923E-09 2.8181E-09 2.8447E-09 2.8710E-09 2.8934E-09 2.9153E-09 2.9367E-09 2.9599E-09 2.9840E-09 3.0075E-09 3.0304E-09 3.0491E-09 3.0670E-09 3.0843E-09 3.1032E-09 3.1229E-09 3.1379E-09 3.1521E-09 3.1654E-09 3.1816E-09 3.1969E-09 3.2115E-09 3.2211E-09 3.2298E-09 3.2374E-09 3.2439E-09
2.0131E-09 2.0389E-09 2.0631E-09 2.0876E-09 2.1121E-09 2.1386E-09 2.1654E-09 2.1906E-09 2.2158E-09 2.2430E-09 2.2687E-09 2.2965E-09 2.3226E-09 2.3487E-09 2.3750E-09 2.4034E-09 2.4299E-09 2.4566E-09 2.4832E-09 2.5099E-09 2.5409E-09 2.5675E-09 2.5940E-09 2.6203E-09 2.6485E-09 2.6767E-09 2.7060E-09 2.7316E-09 2.7570E-09 2.7820E-09 2.8126E-09 2.8372E-09 2.8740E-09 2.8979E-09 2.9214E-09 2.9444E-09 2.9731E-09 2.9989E-09 3.0242E-09 3.0453E-09 3.0697E-09 3.0896E-09 3.1021E-09 3.1208E-09 3.1468E-09 3.1717E-09 3.2002E-09 3.2160E-09 3.2309E-09 3.2449E-09 3.2579E-09 3.2700E-09 3.2810E-09 3.2910E-09 3.3000E-09 3.3079E-09 3.3147E-09
2.0352E-09 2.0597E-09 2.0844E-09 2.1094E-09 2.1361E-09 2.1634E-09 2.1889E-09 2.2146E-09 2.2421E-09 2.2701E-09 2.2965E-09 2.3229E-09 2.3496E-09 2.3763E-09 2.4052E-09 2.4323E-09 2.4594E-09 2.4867E-09 2.5182E-09 2.5457E-09 2.5730E-09 2.6002E-09 2.6273E-09 2.6586E-09 2.6979E-09 2.7248E-09 2.7536E-09 2.7800E-09 2.8121E-09 2.8415E-09 2.8673E-09 2.8926E-09 2.9198E-09 2.9505E-09 2.9785E-09 3.0060E-09 3.0333E-09 3.0563E-09 3.0867E-09 3.1192E-09 3.1445E-09 3.1654E-09 3.1931E-09 3.2127E-09 3.2314E-09 3.2493E-09 3.2722E-09 3.2884E-09 3.3037E-09 3.3066E-09 3.3202E-09 3.3405E-09 3.3561E-09 3.3667E-09 3.3761E-09 3.3844E-09 3.3874E-09
2.0555E-09 2.0805E-09 2.1058E-09 2.1329E-09 2.1604E-09 2.1863E-09 2.2123E-09 2.2403E-09 2.2686E-09 2.2954E-09 2.3223E-09 2.3494E-09 2.3786E-09 2.4060E-09 2.4336E-09 2.4612E-09 2.4912E-09 2.5212E-09 2.5493E-09 2.5774E-09 2.6144E-09 2.6489E-09 2.6804E-09 2.7084E-09 2.7361E-09 2.7659E-09 2.7991E-09 2.8299E-09 2.8570E-09 2.8837E-09 2.9161E-09 2.9446E-09 2.9835E-09 3.0167E-09 3.0500E-09 3.0831E-09 3.1122E-09 3.1426E-09 3.1740E-09 3.2008E-09 3.2232E-09 3.2489E-09 3.2675E-09 3.2877E-09 3.3059E-09 3.3245E-09 3.3586E-09 3.3773E-09 3.3934E-09 3.4081E-09 3.4218E-09 3.4322E-09 3.4414E-09 3.4519E-09 3.4517E-09 3.4603E-09 3.4677E-09
2.0758E-09 2.1013E-09 2.1287E-09 2.1566E-09 2.1828E-09 2.2092E-09 2.2376E-09 2.2663E-09 2.2934E-09 2.3207E-09 2.3482E-09 2.3779E-09 2.4057E-09 2.4338E-09 2.4620E-09 2.4945E-09 2.5321E-09 2.5610E-09 2.5922E-09 2.6233E-09 2.6543E-09 2.6889E-09 2.7177E-09 2.7464E-09 2.7807E-09 2.8207E-09 2.8527E-09 2.8832E-09 2.9150E-09 2.9509E-09 2.9824E-09 3.0295E-09 3.0592E-09 3.0861E-09 3.1206E-09 3.1558E-09 3.1815E-09 3.2144E-09 3.2390E-09 3.2712E-09 3.3029E-09 3.3338E-09 3.3558E-09 3.3847E-09 3.4051E-09 3.4246E-09 3.4473E-09 3.4690E-09 3.4830E-09 3.4981E-09 3.5090E-09 3.5101E-09 3.5301E-09 3.5408E-09 3.5502E-09 3.5648E-09 3.5698E-09
2.0959E-09 2.1237E-09 2.1519E-09 2.1784E-09 2.2069E-09 2.2339E-09 2.2630E-09 2.2904E-09 2.3181E-09 2.3460E-09 2.3761E-09 2.4044E-09 2.4330E-09 2.4706E-09 2.5040E-09 2.5356E-09 2.5652E-09 2.5949E-09 2.6311E-09 2.6643E-09 2.6941E-09 2.7353E-09 2.7709E-09 2.8030E-09 2.8384E-09 2.8717E-09 2.9034E-09 2.9385E-09 2.9876E-09 3.0235E-09 3.0567E-09 3.0916E-09 3.1297E-09 3.1641E-09 3.1995E-09 3.2417E-09 3.2823E-09 3.3088E-09 3.3387E-09 3.3720E-09 3.3965E-09 3.4242E-09 3.4555E-09 3.4776E-09 3.4987E-09 3.5250E-09 3.5483E-09 3.5695E-09 3.5865E-09 3.6023E-09 3.6143E-09 3.6244E-09 3.6360E-09 3.6441E-09 3.6509E-09 3.6445E-09 3.6515E-09
2.1179E-09 2.1463E-09 2.1731E-09 2.2020E-09 2.2312E-09 2.2587E-09 2.2865E-09 2.3146E-09 2.3448E-09 2.3734E-09 2.4021E-09 2.4402E-09 2.4761E-09 2.5059E-09 2.5359E-09 2.5683E-09 2.6008E-09 2.6461E-09 2.6792E-09 2.7123E-09 2.7467E-09 2.7820E-09 2.8186E-09 2.8531E-09 2.8838E-09 2.9247E-09 2.9859E-09 3.0247E-09 3.0581E-09 3.0926E-09 3.1281E-09 3.1726E-09 3.2228E-09 3.2551E-09 3.2844E-09 3.3287E-09 3.3571E-09 3.3887E-09 3.4309E-09 3.4574E-09 3.4916E-09 3.5276E-09 3.5601E-09 3.5834E-09 3.6097E-09 3.6286E-09 3.6530E-09 3.6718E-09 3.6935E-09 3.7095E-09 3.7216E-09 3.7318E-09 3.7432E-09 3.7519E-09 3.7611E-09 3.7688E-09 3.7685E-09
