Assets/Resources/2015_m01_d20_1600(utc+0800)_l00_csi_1hr_conc.grd
DSAA
         159         159
     -79.000      79.000
     -79.000      79.000
  0.2902E-09  0.4174E-05
[rows 75 to 99 of 159, columns 0 to 56 of 159]
2.1562E-09 2.2237E-09 2.3128E-09 2.4040E-09 2.5305E-09 2.6594E-09 2.8250E-09 3.0166E-09 3.2369E-09 3.4956E-09 3.7897E-09 4.1239E-09 4.4965E-09 4.9131E-09 5.3858E-09 5.8995E-09 6.4672E-09 7.0747E-09 7.7293E-09 8.4055E-09 9.1151E-09 9.8397E-09 1.0564E-08 1.1281E-08 1.1972E-08 1.2623E-08 1.3221E-08 1.3750E-08 1.4189E-08 1.4526E-08 1.4754E-08 1.4868E-08 1.4853E-08 1.4716E-08 1.4453E-08 1.4078E-08 1.3595E-08 1.3044E-08 1.2418E-08 1.1757E-08 1.1074E-08 1.0392E-08 9.7303E-09 9.1144E-09 8.5537E-09 8.0551E-09 7.6236E-09 7.2372E-09 6.8882E-09 6.5744E-09 6.3031E-09 6.0828E-09 5.9227E-09 5.8084E-09 5.7590E-09 5.7722E-09 5.8186E-09
2.1748E-09 2.2515E-09 2.3474E-09 2.4557E-09 2.5899E-09 2.7388E-09 2.9239E-09 3.1369E-09 3.3844E-09 3.6755E-09 4.0051E-09 4.3869E-09 4.8121E-09 5.2899E-09 5.8296E-09 6.4200E-09 7.0698E-09 7.7759E-09 8.5252E-09 9.3101E-09 1.0134E-08 1.0970E-08 1.1817E-08 1.2660E-08 1.3473E-08 1.4260E-08 1.4969E-08 1.5613E-08 1.6148E-08 1.6590E-08 1.6899E-08 1.7088E-08 1.7125E-08 1.7036E-08 1.6789E-08 1.6415E-08 1.5927E-08 1.5327E-08 1.4661E-08 1.3929E-08 1.3155E-08 1.2384E-08 1.1620E-08 1.0888E-08 1.0200E-08 9.5890E-09 9.0412E-09 8.5534E-09 8.1029E-09 7.6939E-09 7.3285E-09 7.0038E-09 6.7231E-09 6.5035E-09 6.3421E-09 6.2251E-09 6.1523E-09
2.1954E-09 2.2806E-09 2.3868E-09 2.5085E-09 2.6547E-09 2.8255E-09 3.0283E-09 3.2677E-09 3.5409E-09 3.8729E-09 4.2428E-09 4.6788E-09 5.1554E-09 5.7038E-09 6.3095E-09 6.9890E-09 7.7264E-09 8.5171E-09 9.3735E-09 1.0273E-08 1.1217E-08 1.2177E-08 1.3168E-08 1.4135E-08 1.5092E-08 1.6004E-08 1.6857E-08 1.7621E-08 1.8293E-08 1.8845E-08 1.9270E-08 1.9554E-08 1.9683E-08 1.9658E-08 1.9469E-08 1.9138E-08 1.8664E-08 1.8076E-08 1.7397E-08 1.6638E-08 1.5824E-08 1.4982E-08 1.4131E-08 1.3296E-08 1.2495E-08 1.1747E-08 1.1071E-08 1.0446E-08 9.8636E-09 9.3202E-09 8.8198E-09 8.3674E-09 7.9820E-09 7.6354E-09 7.3429E-09 7.1071E-09 6.9148E-09
2.2210E-09 2.3117E-09 2.4327E-09 2.5620E-09 2.7272E-09 2.9167E-09 3.1383E-09 3.4077E-09 3.7134E-09 4.0831E-09 4.4964E-09 4.9800E-09 5.5173E-09 6.1306E-09 6.8158E-09 7.5786E-09 8.4039E-09 9.3014E-09 1.0263E-08 1.1284E-08 1.2351E-08 1.3455E-08 1.4572E-08 1.5694E-08 1.6793E-08 1.7860E-08 1.8858E-08 1.9773E-08 2.0586E-08 2.1274E-08 2.1833E-08 2.2238E-08 2.2490E-08 2.2564E-08 2.2489E-08 2.2237E-08 2.1842E-08 2.1312E-08 2.0675E-08 1.9939E-08 1.9143E-08 1.8284E-08 1.7379E-08 1.6471E-08 1.5565E-08 1.4689E-08 1.3860E-08 1.3105E-08 1.2393E-08 1.1702E-08 1.1079E-08 1.0482E-08 9.9964E-09 9.5709E-09 9.1810E-09 8.8561E-09 8.5297E-09
2.2468E-09 2.3511E-09 2.4773E-09 2.6203E-09 2.8019E-09 3.0112E-09 3.2602E-09 3.5572E-09 3.8998E-09 4.3044E-09 4.7630E-09 5.2972E-09 5.8987E-09 6.5787E-09 7.3435E-09 8.1891E-09 9.1131E-09 1.0111E-08 1.1198E-08 1.2335E-08 1.3542E-08 1.4778E-08 1.6051E-08 1.7319E-08 1.8567E-08 1.9791E-08 2.0938E-08 2.2007E-08 2.2971E-08 2.3817E-08 2.4523E-08 2.5087E-08 2.5482E-08 2.5713E-08 2.5780E-08 2.5669E-08 2.5410E-08 2.5000E-08 2.4463E-08 2.3828E-08 2.3105E-08 2.2299E-08 2.1400E-08 2.0464E-08 1.9484E-08 1.8486E-08 1.7533E-08 1.6650E-08 1.5804E-08 1.4994E-08 1.4264E-08 1.3583E-08 1.2986E-08 1.2506E-08 1.2102E-08 1.1723E-08 1.1341E-08
2.2771E-09 2.3864E-09 2.5261E-09 2.6829E-09 2.8880E-09 3.1165E-09 3.3894E-09 3.7135E-09 4.0879E-09 4.5333E-09 5.0407E-09 5.6355E-09 6.2999E-09 7.0518E-09 7.8987E-09 8.8333E-09 9.8546E-09 1.0960E-08 1.2159E-08 1.3418E-08 1.4748E-08 1.6117E-08 1.7531E-08 1.8934E-08 2.0334E-08 2.1702E-08 2.3009E-08 2.4230E-08 2.5359E-08 2.6367E-08 2.7249E-08 2.7985E-08 2.8565E-08 2.8987E-08 2.9242E-08 2.9331E-08 2.9266E-08 2.9043E-08 2.8687E-08 2.8219E-08 2.7639E-08 2.6929E-08 2.6121E-08 2.5213E-08 2.4209E-08 2.3124E-08 2.2069E-08 2.1067E-08 2.0126E-08 1.9235E-08 1.8468E-08 1.7755E-08 1.7180E-08 1.6725E-08 1.6455E-08 1.6195E-08 1.5903E-08
2.3081E-09 2.4263E-09 2.5783E-09 2.7572E-09 2.9769E-09 3.2316E-09 3.5263E-09 3.8884E-09 4.2959E-09 4.7869E-09 5.3410E-09 5.9964E-09 6.7173E-09 7.5448E-09 8.4627E-09 9.4835E-09 1.0591E-08 1.1797E-08 1.3096E-08 1.4465E-08 1.5914E-08 1.7405E-08 1.8943E-08 2.0479E-08 2.2014E-08 2.3525E-08 2.4978E-08 2.6353E-08 2.7645E-08 2.8821E-08 2.9887E-08 3.0810E-08 3.1600E-08 3.2242E-08 3.2731E-08 3.3065E-08 3.3250E-08 3.3277E-08 3.3170E-08 3.2931E-08 3.2556E-08 3.2015E-08 3.1345E-08 3.0512E-08 2.9502E-08 2.8399E-08 2.7271E-08 2.6177E-08 2.5162E-08 2.4267E-08 2.3515E-08 2.2898E-08 2.2445E-08 2.2190E-08 2.2251E-08 2.2366E-08 2.2405E-08
2.3411E-09 2.4723E-09 2.6437E-09 2.8368E-09 3.0773E-09 3.3538E-09 3.6766E-09 4.0678E-09 4.5109E-09 5.0447E-09 5.6466E-09 6.3504E-09 7.1376E-09 8.0262E-09 9.0177E-09 1.0111E-08 1.1303E-08 1.2595E-08 1.3984E-08 1.5455E-08 1.7004E-08 1.8606E-08 2.0246E-08 2.1904E-08 2.3550E-08 2.5187E-08 2.6769E-08 2.8286E-08 2.9725E-08 3.1068E-08 3.2312E-08 3.3435E-08 3.4448E-08 3.5328E-08 3.6078E-08 3.6691E-08 3.7167E-08 3.7493E-08 3.7672E-08 3.7698E-08 3.7544E-08 3.7233E-08 3.6723E-08 3.5995E-08 3.5038E-08 3.3923E-08 3.2745E-08 3.1541E-08 3.0541E-08 2.9673E-08 2.9002E-08 2.8559E-08 2.8327E-08 2.8413E-08 2.8998E-08 2.9679E-08 3.0246E-08
2.3814E-09 2.5296E-09 2.7113E-09 2.9241E-09 3.1831E-09 3.4803E-09 3.8304E-09 4.2501E-09 4.7338E-09 5.3055E-09 5.9531E-09 6.7116E-09 7.5483E-09 8.4990E-09 9.5482E-09 1.0710E-08 1.1974E-08 1.3335E-08 1.4806E-08 1.6357E-08 1.7985E-08 1.9673E-08 2.1398E-08 2.3146E-08 2.4884E-08 2.6626E-08 2.8317E-08 2.9958E-08 3.1532E-08 3.3033E-08 3.4449E-08 3.5769E-08 3.6999E-08 3.8119E-08 3.9139E-08 4.0032E-08 4.0804E-08 4.1432E-08 4.1898E-08 4.2190E-08 4.2272E-08 4.2155E-08 4.1799E-08 4.1156E-08 4.0266E-08 3.9155E-08 3.7932E-08 3.6685E-08 3.5664E-08 3.4830E-08 3.4260E-08 3.4005E-08 3.4025E-08 3.4467E-08 3.5628E-08 3.6930E-08 3.8031E-08
2.4314E-09 2.5864E-09 2.7902E-09 3.0167E-09 3.2969E-09 3.6134E-09 3.9945E-09 4.4433E-09 4.9624E-09 5.5687E-09 6.2603E-09 7.0591E-09 7.9490E-09 8.9422E-09 1.0045E-08 1.1261E-08 1.2578E-08 1.3997E-08 1.5528E-08 1.7133E-08 1.8826E-08 2.0570E-08 2.2361E-08 2.4172E-08 2.5983E-08 2.7804E-08 2.9586E-08 3.1330E-08 3.3020E-08 3.4657E-08 3.6228E-08 3.7725E-08 3.9153E-08 4.0487E-08 4.1749E-08 4.2891E-08 4.3928E-08 4.4817E-08 4.5527E-08 4.6034E-08 4.6320E-08 4.6347E-08 4.6080E-08 4.5498E-08 4.4632E-08 4.3509E-08 4.2194E-08 4.0925E-08 3.9853E-08 3.9029E-08 3.8520E-08 3.8364E-08 3.8569E-08 3.9237E-08 4.0848E-08 4.2545E-08 4.3872E-08
2.4829E-09 2.6512E-09 2.8726E-09 3.1137E-09 3.4155E-09 3.7570E-09 4.1643E-09 4.6398E-09 5.1868E-09 5.8323E-09 6.5596E-09 7.3974E-09 8.3159E-09 9.3537E-09 1.0493E-08 1.1751E-08 1.3105E-08 1.4559E-08 1.6132E-08 1.7773E-08 1.9506E-08 2.1286E-08 2.3120E-08 2.4974E-08 2.6834E-08 2.8708E-08 3.0556E-08 3.2371E-08 3.4150E-08 3.5892E-08 3.7583E-08 3.9216E-08 4.0795E-08 4.2302E-08 4.3751E-08 4.5087E-08 4.6325E-08 4.7401E-08 4.8278E-08 4.8923E-08 4.9301E-08 4.9393E-08 4.9128E-08 4.8550E-08 4.7646E-08 4.6461E-08 4.5061E-08 4.3697E-08 4.2527E-08 4.1638E-08 4.1096E-08 4.0908E-08 4.1110E-08 4.1769E-08 4.3514E-08 4.4912E-08 4.6243E-08
2.5425E-09 2.7284E-09 2.9628E-09 3.2212E-09 3.5450E-09 3.9027E-09 4.3363E-09 4.8393E-09 5.4151E-09 6.0861E-09 6.8405E-09 7.7071E-09 8.6539E-09 9.7215E-09 1.0882E-08 1.2172E-08 1.3547E-08 1.5028E-08 1.6620E-08 1.8276E-08 2.0028E-08 2.1823E-08 2.3676E-08 2.5547E-08 2.7429E-08 2.9331E-08 3.1210E-08 3.3071E-08 3.4898E-08 3.6710E-08 3.8473E-08 4.0196E-08 4.1875E-08 4.3490E-08 4.5048E-08 4.6487E-08 4.7826E-08 4.8986E-08 4.9934E-08 5.0616E-08 5.0978E-08 5.1017E-08 5.0677E-08 5.0003E-08 4.8988E-08 4.7649E-08 4.6151E-08 4.4654E-08 4.3330E-08 4.2300E-08 4.1604E-08 4.1234E-08 4.1224E-08 4.1612E-08 4.3122E-08 4.3706E-08 4.5514E-08
2.6072E-09 2.8084E-09 3.0495E-09 3.3283E-09 3.6700E-09 4.0491E-09 4.5093E-09 5.0304E-09 5.6359E-09 6.3220E-09 7.1059E-09 7.9816E-09 8.9555E-09 1.0033E-08 1.1218E-08 1.2512E-08 1.3904E-08 1.5387E-08 1.6981E-08 1.8638E-08 2.0386E-08 2.2177E-08 2.4025E-08 2.5891E-08 2.7770E-08 2.9671E-08 3.1550E-08 3.3421E-08 3.5264E-08 3.7099E-08 3.8887E-08 4.0646E-08 4.2345E-08 4.3996E-08 4.5561E-08 4.7012E-08 4.8343E-08 4.9472E-08 5.0370E-08 5.0968E-08 5.1211E-08 5.1094E-08 5.0602E-08 4.9763E-08 4.8577E-08 4.7062E-08 4.5407E-08 4.3732E-08 4.2205E-08 4.1002E-08 4.0067E-08 3.9400E-08 3.9032E-08 3.8955E-08 3.9981E-08 3.9761E-08 4.0732E-08
2.6712E-09 2.8887E-09 3.1447E-09 3.4435E-09 3.7917E-09 4.2026E-09 4.6658E-09 5.2188E-09 5.8290E-09 6.5426E-09 7.3287E-09 8.2274E-09 9.2050E-09 1.0291E-08 1.1483E-08 1.2774E-08 1.4162E-08 1.5638E-08 1.7219E-08 1.8861E-08 2.0588E-08 2.2357E-08 2.4179E-08 2.6020E-08 2.7867E-08 2.9739E-08 3.1587E-08 3.3428E-08 3.5240E-08 3.7044E-08 3.8803E-08 4.0529E-08 4.2185E-08 4.3779E-08 4.5263E-08 4.6635E-08 4.7839E-08 4.8842E-08 4.9591E-08 5.0017E-08 5.0059E-08 4.9727E-08 4.9023E-08 4.7963E-08 4.6554E-08 4.4870E-08 4.3052E-08 4.1207E-08 3.9512E-08 3.8088E-08 3.6880E-08 3.5895E-08 3.5137E-08 3.4565E-08 3.4988E-08 3.4071E-08 3.4185E-08
2.7443E-09 2.9673E-09 3.2398E-09 3.5515E-09 3.9133E-09 4.3387E-09 4.8179E-09 5.3812E-09 6.0044E-09 6.7307E-09 7.5190E-09 8.4308E-09 9.4051E-09 1.0501E-08 1.1676E-08 1.2965E-08 1.4333E-08 1.5790E-08 1.7348E-08 1.8961E-08 2.0654E-08 2.2384E-08 2.4160E-08 2.5950E-08 2.7742E-08 2.9552E-08 3.1335E-08 3.3110E-08 3.4850E-08 3.6573E-08 3.8243E-08 3.9870E-08 4.1411E-08 4.2866E-08 4.4193E-08 4.5398E-08 4.6413E-08 4.7212E-08 4.7732E-08 4.7912E-08 4.7712E-08 4.7151E-08 4.6215E-08 4.4924E-08 4.3319E-08 4.1478E-08 3.9522E-08 3.7536E-08 3.5735E-08 3.4132E-08 3.2709E-08 3.1463E-08 3.0387E-08 2.9434E-08 2.9316E-08 2.7983E-08 2.7463E-08
2.8112E-09 3.0432E-09 3.3327E-09 3.6470E-09 4.0374E-09 4.4595E-09 4.9648E-09 5.5214E-09 6.1652E-09 6.8860E-09 7.6894E-09 8.5894E-09 9.5646E-09 1.0650E-08 1.1818E-08 1.3084E-08 1.4432E-08 1.5860E-08 1.7379E-08 1.8949E-08 2.0590E-08 2.2264E-08 2.3977E-08 2.5695E-08 2.7411E-08 2.9129E-08 3.0823E-08 3.2489E-08 3.4119E-08 3.5719E-08 3.7256E-08 3.8732E-08 4.0103E-08 4.1367E-08 4.2484E-08 4.3456E-08 4.4226E-08 4.4781E-08 4.5042E-08 4.4968E-08 4.4521E-08 4.3714E-08 4.2563E-08 4.1070E-08 3.9332E-08 3.7388E-08 3.5363E-08 3.3344E-08 3.1479E-08 2.9791E-08 2.8260E-08 2.6871E-08 2.5622E-08 2.4486E-08 2.4012E-08 2.2538E-08 2.1753E-08
2.8740E-09 3.1208E-09 3.4117E-09 3.7449E-09 4.1385E-09 4.5741E-09 5.0825E-09 5.6497E-09 6.2976E-09 7.0179E-09 7.8189E-09 8.7126E-09 9.6880E-09 1.0753E-08 1.1903E-08 1.3141E-08 1.4456E-08 1.5846E-08 1.7314E-08 1.8830E-08 2.0408E-08 2.2010E-08 2.3642E-08 2.5272E-08 2.6890E-08 2.8500E-08 3.0082E-08 3.1620E-08 3.3122E-08 3.4559E-08 3.5937E-08 3.7218E-08 3.8376E-08 3.9407E-08 4.0293E-08 4.1016E-08 4.1535E-08 4.1825E-08 4.1826E-08 4.1504E-08 4.0837E-08 3.9821E-08 3.8501E-08 3.6891E-08 3.5075E-08 3.3112E-08 3.1088E-08 2.9135E-08 2.7297E-08 2.5639E-08 2.4121E-08 2.2736E-08 2.1464E-08 2.0323E-08 1.9708E-08 1.8729E-08 1.7535E-08
2.9312E-09 3.1927E-09 3.4886E-09 3.8381E-09 4.2278E-09 4.6802E-09 5.1841E-09 5.7686E-09 6.4047E-09 7.1334E-09 7.9204E-09 8.8106E-09 9.7692E-09 1.0816E-08 1.1938E-08 1.3147E-08 1.4422E-08 1.5764E-08 1.7177E-08 1.8629E-08 2.0134E-08 2.1657E-08 2.3195E-08 2.4726E-08 2.6236E-08 2.7727E-08 2.9181E-08 3.0573E-08 3.1917E-08 3.3185E-08 3.4368E-08 3.5442E-08 3.6387E-08 3.7178E-08 3.7829E-08 3.8297E-08 3.8573E-08 3.8621E-08 3.8393E-08 3.7860E-08 3.7011E-08 3.5851E-08 3.4413E-08 3.2774E-08 3.0968E-08 2.9070E-08 2.7155E-08 2.5329E-08 2.3621E-08 2.2072E-08 2.0673E-08 1.9411E-08 1.8256E-08 1.7220E-08 1.6614E-08 1.5740E-08 1.4819E-08
2.9885E-09 3.2553E-09 3.5617E-09 3.9125E-09 4.3120E-09 4.7697E-09 5.2749E-09 5.8602E-09 6.4983E-09 7.2173E-09 8.0027E-09 8.8781E-09 9.8196E-09 1.0844E-08 1.1934E-08 1.3110E-08 1.4340E-08 1.5630E-08 1.6985E-08 1.8370E-08 1.9798E-08 2.1234E-08 2.2675E-08 2.4104E-08 2.5503E-08 2.6865E-08 2.8183E-08 2.9426E-08 3.0604E-08 3.1696E-08 3.2681E-08 3.3540E-08 3.4272E-08 3.4843E-08 3.5269E-08 3.5523E-08 3.5583E-08 3.5423E-08 3.5011E-08 3.4319E-08 3.3335E-08 3.2102E-08 3.0645E-08 2.9032E-08 2.7317E-08 2.5548E-08 2.3815E-08 2.2173E-08 2.0668E-08 1.9300E-08 1.8086E-08 1.7014E-08 1.6051E-08 1.5188E-08 1.4637E-08 1.3916E-08 1.3277E-08
3.0439E-09 3.3141E-09 3.6335E-09 3.9841E-09 4.3958E-09 4.8507E-09 5.3633E-09 5.9430E-09 6.5782E-09 7.2841E-09 8.0659E-09 8.9181E-09 9.8456E-09 1.0845E-08 1.1904E-08 1.3040E-08 1.4226E-08 1.5463E-08 1.6758E-08 1.8074E-08 1.9420E-08 2.0773E-08 2.2119E-08 2.3441E-08 2.4730E-08 2.5965E-08 2.7146E-08 2.8246E-08 2.9259E-08 3.0172E-08 3.0973E-08 3.1637E-08 3.2175E-08 3.2562E-08 3.2792E-08 3.2869E-08 3.2760E-08 3.2436E-08 3.1884E-08 3.1086E-08 3.0039E-08 2.8783E-08 2.7383E-08 2.5868E-08 2.4284E-08 2.2715E-08 2.1198E-08 1.9779E-08 1.8481E-08 1.7349E-08 1.6360E-08 1.5476E-08 1.4701E-08 1.3993E-08 1.3432E-08 1.3019E-08 1.2637E-08
3.0913E-09 3.3701E-09 3.6880E-09 4.0520E-09 4.4549E-09 4.9172E-09 5.4344E-09 6.0081E-09 6.6459E-09 7.3379E-09 8.1082E-09 8.9461E-09 9.8502E-09 1.0823E-08 1.1851E-08 1.2947E-08 1.4090E-08 1.5275E-08 1.6508E-08 1.7760E-08 1.9026E-08 2.0296E-08 2.1553E-08 2.2772E-08 2.3953E-08 2.5075E-08 2.6116E-08 2.7083E-08 2.7944E-08 2.8695E-08 2.9334E-08 2.9836E-08 3.0206E-08 3.0447E-08 3.0533E-08 3.0460E-08 3.0221E-08 2.9798E-08 2.9146E-08 2.8295E-08 2.7249E-08 2.6038E-08 2.4727E-08 2.3354E-08 2.1954E-08 2.0595E-08 1.9296E-08 1.8101E-08 1.7052E-08 1.6133E-08 1.5323E-08 1.4613E-08 1.3994E-08 1.3423E-08 1.3028E-08 1.2806E-08 1.2555E-08
3.1387E-09 3.4213E-09 3.7419E-09 4.1088E-09 4.5140E-09 4.9823E-09 5.4963E-09 6.0688E-09 6.6936E-09 7.3844E-09 8.1344E-09 8.9612E-09 9.8383E-09 1.0786E-08 1.1785E-08 1.2839E-08 1.3941E-08 1.5078E-08 1.6250E-08 1.7441E-08 1.8637E-08 1.9823E-08 2.0996E-08 2.2122E-08 2.3199E-08 2.4215E-08 2.5137E-08 2.5975E-08 2.6712E-08 2.7327E-08 2.7827E-08 2.8209E-08 2.8454E-08 2.8574E-08 2.8559E-08 2.8395E-08 2.8054E-08 2.7564E-08 2.6874E-08 2.6013E-08 2.5004E-08 2.3883E-08 2.2702E-08 2.1473E-08 2.0276E-08 1.9122E-08 1.8036E-08 1.7066E-08 1.6215E-08 1.5460E-08 1.4806E-08 1.4242E-08 1.3729E-08 1.3359E-08 1.3106E-08 1.2940E-08 1.2761E-08
3.1832E-09 3.4702E-09 3.7934E-09 4.1602E-09 4.5690E-09 5.0356E-09 5.5484E-09 6.1138E-09 6.7283E-09 7.4125E-09 8.1468E-09 8.9587E-09 9.8147E-09 1.0736E-08 1.1706E-08 1.2724E-08 1.3783E-08 1.4877E-08 1.5996E-08 1.7125E-08 1.8260E-08 1.9371E-08 2.0463E-08 2.1511E-08 2.2491E-08 2.3410E-08 2.4241E-08 2.4967E-08 2.5597E-08 2.6117E-08 2.6511E-08 2.6796E-08 2.6964E-08 2.6995E-08 2.6897E-08 2.6670E-08 2.6290E-08 2.5748E-08 2.5065E-08 2.4246E-08 2.3307E-08 2.2286E-08 2.1234E-08 2.0180E-08 1.9164E-08 1.8186E-08 1.7305E-08 1.6512E-08 1.5815E-08 1.5205E-08 1.4687E-08 1.4192E-08 1.3840E-08 1.3602E-08 1.3415E-08 1.3272E-08 1.3159E-08
3.2192E-09 3.5106E-09 3.8364E-09 4.2067E-09 4.6203E-09 5.0811E-09 5.5945E-09 6.1498E-09 6.7658E-09 7.4321E-09 8.1516E-09 8.9455E-09 9.7821E-09 1.0676E-08 1.1616E-08 1.2604E-08 1.3624E-08 1.4676E-08 1.5749E-08 1.6822E-08 1.7898E-08 1.8950E-08 1.9966E-08 2.0942E-08 2.1852E-08 2.2680E-08 2.3432E-08 2.4085E-08 2.4626E-08 2.5073E-08 2.5408E-08 2.5618E-08 2.5722E-08 2.5709E-08 2.5566E-08 2.5290E-08 2.4895E-08 2.4362E-08 2.3705E-08 2.2935E-08 2.2085E-08 2.1179E-08 2.0265E-08 1.9372E-08 1.8501E-08 1.7706E-08 1.6964E-08 1.6290E-08 1.5740E-08 1.5255E-08 1.4798E-08 1.4433E-08 1.4189E-08 1.4005E-08 1.3868E-08 1.3752E-08 1.3650E-08
3.2511E-09 3.5445E-09 3.8730E-09 4.2404E-09 4.6547E-09 5.1162E-09 5.6247E-09 6.1750E-09 6.7809E-09 7.4370E-09 8.1522E-09 8.9223E-09 9.7412E-09 1.0613E-08 1.1526E-08 1.2483E-08 1.3468E-08 1.4479E-08 1.5511E-08 1.6538E-08 1.7558E-08 1.8558E-08 1.9515E-08 2.0424E-08 2.1274E-08 2.2043E-08 2.2724E-08 2.3319E-08 2.3812E-08 2.4192E-08 2.4482E-08 2.4659E-08 2.4722E-08 2.4674E-08 2.4517E-08 2.4240E-08 2.3841E-08 2.3327E-08 2.2676E-08 2.2024E-08 2.1267E-08 2.0487E-08 1.9696E-08 1.8920E-08 1.8207E-08 1.7507E-08 1.6914E-08 1.6381E-08 1.5910E-08 1.5455E-08 1.5106E-08 1.4859E-08 1.4669E-08 1.4518E-08 1.4380E-08 1.4261E-08 1.4152E-08
