Assets/Resources/2015_m01_d16_0500(utc+0800)_l00_csi_1hr_conc.grd
DSAA
         159         159
     -79.000      79.000
     -79.000      79.000
  0.1074E-10  0.7217E-05
[rows 0 to 24 of 159, columns 0 to 56 of 159]
9.9683E-11 1.0341E-10 1.0734E-10 1.1139E-10 1.1555E-10 1.1973E-10 1.2412E-10 1.2854E-10 1.3317E-10 1.3782E-10 1.4249E-10 1.4739E-10 1.5251E-10 1.5766E-10 1.6293E-10 1.6822E-10 1.7387E-10 1.7953E-10 1.8543E-10 1.9136E-10 1.9742E-10 2.0362E-10 2.1006E-10 2.1689E-10 2.2364E-10 2.3075E-10 2.3803E-10 2.4523E-10 2.5280E-10 2.6029E-10 2.6791E-10 2.7660E-10 2.8542E-10 2.9577E-10 3.0637E-10 3.1745E-10 3.2901E-10 3.4157E-10 3.5461E-10 3.6977E-10 3.8499E-10 4.0008E-10 4.1298E-10 4.2519E-10 4.3757E-10 4.5569E-10 4.7684E-10 4.9547E-10 5.1069E-10 5.2476E-10 5.3905E-10 5.5319E-10 5.6752E-10 5.8204E-10 5.9675E-10 6.1164E-10 6.2711E-10
1.0094E-10 1.0472E-10 1.0870E-10 1.1280E-10 1.1692E-10 1.2125E-10 1.2560E-10 1.3018E-10 1.3477E-10 1.3948E-10 1.4432E-10 1.4928E-10 1.5448E-10 1.5969E-10 1.6493E-10 1.7041E-10 1.7612E-10 1.8186E-10 1.8773E-10 1.9375E-10 2.0001E-10 2.0629E-10 2.1295E-10 2.1987E-10 2.2671E-10 2.3394E-10 2.4133E-10 2.4863E-10 2.5608E-10 2.6392E-10 2.7165E-10 2.8118E-10 2.9083E-10 3.0138E-10 3.1242E-10 3.2429E-10 3.3653E-10 3.4938E-10 3.6438E-10 3.7947E-10 3.9454E-10 4.0874E-10 4.2100E-10 4.3567E-10 4.5496E-10 4.7557E-10 4.9224E-10 5.0743E-10 5.2203E-10 5.3616E-10 5.5049E-10 5.6504E-10 5.7980E-10 5.9475E-10 6.1030E-10 6.2645E-10 6.4279E-10
1.0209E-10 1.0601E-10 1.1005E-10 1.1420E-10 1.1837E-10 1.2276E-10 1.2717E-10 1.3180E-10 1.3645E-10 1.4112E-10 1.4602E-10 1.5116E-10 1.5631E-10 1.6160E-10 1.6702E-10 1.7256E-10 1.7835E-10 1.8417E-10 1.9013E-10 1.9622E-10 2.0257E-10 2.0894E-10 2.1581E-10 2.2260E-10 2.2976E-10 2.3711E-10 2.4437E-10 2.5200E-10 2.5957E-10 2.6752E-10 2.7609E-10 2.8572E-10 2.9627E-10 3.0726E-10 3.1925E-10 3.3124E-10 3.4429E-10 3.5847E-10 3.7338E-10 3.8900E-10 4.0380E-10 4.1654E-10 4.3384E-10 4.5171E-10 4.7227E-10 4.8914E-10 5.0416E-10 5.1857E-10 5.3287E-10 5.4739E-10 5.6214E-10 5.7711E-10 5.9230E-10 6.0850E-10 6.2492E-10 6.4119E-10 6.5730E-10
1.0332E-10 1.0729E-10 1.1138E-10 1.1549E-10 1.1981E-10 1.2415E-10 1.2872E-10 1.3331E-10 1.3802E-10 1.4285E-10 1.4782E-10 1.5301E-10 1.5824E-10 1.6348E-10 1.6897E-10 1.7470E-10 1.8046E-10 1.8635E-10 1.9238E-10 1.9867E-10 2.0499E-10 2.1168E-10 2.1864E-10 2.2553E-10 2.3280E-10 2.4025E-10 2.4761E-10 2.5512E-10 2.6304E-10 2.7157E-10 2.8071E-10 2.9169E-10 3.0263E-10 3.1403E-10 3.2619E-10 3.3918E-10 3.5214E-10 3.6763E-10 3.8325E-10 3.9833E-10 4.1183E-10 4.2959E-10 4.5003E-10 4.6904E-10 4.8537E-10 5.0017E-10 5.1473E-10 5.2918E-10 5.4388E-10 5.5882E-10 5.7399E-10 5.8980E-10 6.0624E-10 6.2255E-10 6.3910E-10 6.5550E-10 6.7211E-10
1.0454E-10 1.0856E-10 1.1270E-10 1.1685E-10 1.2123E-10 1.2563E-10 1.3025E-10 1.3489E-10 1.3956E-10 1.4445E-10 1.4959E-10 1.5474E-10 1.6003E-10 1.6545E-10 1.7101E-10 1.7681E-10 1.8264E-10 1.8861E-10 1.9473E-10 2.0109E-10 2.0772E-10 2.1440E-10 2.2145E-10 2.2866E-10 2.3582E-10 2.4336E-10 2.5082E-10 2.5845E-10 2.6682E-10 2.7584E-10 2.8581E-10 2.9697E-10 3.0873E-10 3.2026E-10 3.3359E-10 3.4684E-10 3.6152E-10 3.7725E-10 3.9224E-10 4.0833E-10 4.2614E-10 4.4531E-10 4.6445E-10 4.8089E-10 4.9617E-10 5.1051E-10 5.2511E-10 5.3997E-10 5.5508E-10 5.7044E-10 5.8685E-10 6.0314E-10 6.2008E-10 6.3652E-10 6.5319E-10 6.7009E-10 6.8722E-10
1.0564E-10 1.0981E-10 1.1389E-10 1.1820E-10 1.2253E-10 1.2708E-10 1.3165E-10 1.3635E-10 1.4118E-10 1.4614E-10 1.5133E-10 1.5655E-10 1.6179E-10 1.6728E-10 1.7302E-10 1.7878E-10 1.8469E-10 1.9085E-10 1.9704E-10 2.0348E-10 2.1009E-10 2.1708E-10 2.2400E-10 2.3131E-10 2.3880E-10 2.4621E-10 2.5402E-10 2.6175E-10 2.7094E-10 2.8101E-10 2.9093E-10 3.0289E-10 3.1524E-10 3.2744E-10 3.4135E-10 3.5536E-10 3.7046E-10 3.8630E-10 4.0315E-10 4.2225E-10 4.4097E-10 4.6024E-10 4.7609E-10 4.9147E-10 5.0593E-10 5.2066E-10 5.3566E-10 5.5093E-10 5.6646E-10 5.8308E-10 5.9997E-10 6.1676E-10 6.3344E-10 6.5037E-10 6.6755E-10 6.8497E-10 7.0348E-10
1.0692E-10 1.1104E-10 1.1517E-10 1.1953E-10 1.2391E-10 1.2851E-10 1.3314E-10 1.3779E-10 1.4268E-10 1.4780E-10 1.5295E-10 1.5823E-10 1.6365E-10 1.6920E-10 1.7500E-10 1.8084E-10 1.8682E-10 1.9294E-10 1.9932E-10 2.0597E-10 2.1266E-10 2.1974E-10 2.2698E-10 2.3417E-10 2.4175E-10 2.4926E-10 2.5694E-10 2.6573E-10 2.7482E-10 2.8595E-10 2.9680E-10 3.0904E-10 3.2172E-10 3.3453E-10 3.4844E-10 3.6397E-10 3.7958E-10 3.9800E-10 4.1689E-10 4.3806E-10 4.5503E-10 4.7131E-10 4.8642E-10 5.0098E-10 5.1582E-10 5.3095E-10 5.4636E-10 5.6246E-10 5.7925E-10 5.9633E-10 6.1296E-10 6.2987E-10 6.4705E-10 6.6449E-10 6.8262E-10 7.0143E-10 7.2349E-10
1.0809E-10 1.1215E-10 1.1643E-10 1.2074E-10 1.2527E-10 1.2982E-10 1.3450E-10 1.3931E-10 1.4426E-10 1.4943E-10 1.5464E-10 1.5988E-10 1.6536E-10 1.7109E-10 1.7685E-10 1.8276E-10 1.8892E-10 1.9512E-10 2.0157E-10 2.0819E-10 2.1520E-10 2.2214E-10 2.2971E-10 2.3699E-10 2.4443E-10 2.5228E-10 2.6041E-10 2.6969E-10 2.7950E-10 2.9127E-10 3.0277E-10 3.1531E-10 3.2854E-10 3.4151E-10 3.5631E-10 3.7244E-10 3.9268E-10 4.1084E-10 4.3288E-10 4.4952E-10 4.6585E-10 4.8104E-10 4.9568E-10 5.1062E-10 5.2586E-10 5.4140E-10 5.5803E-10 5.7460E-10 5.9187E-10 6.0870E-10 6.2582E-10 6.4322E-10 6.6091E-10 6.7972E-10 6.9932E-10 7.2265E-10 7.4706E-10
1.0914E-10 1.1334E-10 1.1757E-10 1.2203E-10 1.2650E-10 1.3121E-10 1.3584E-10 1.4070E-10 1.4581E-10 1.5094E-10 1.5620E-10 1.6161E-10 1.6716E-10 1.7295E-10 1.7878E-10 1.8476E-10 1.9088E-10 1.9726E-10 2.0391E-10 2.1061E-10 2.1770E-10 2.2496E-10 2.3217E-10 2.3977E-10 2.4731E-10 2.5527E-10 2.6388E-10 2.7429E-10 2.8429E-10 2.9704E-10 3.0893E-10 3.2179E-10 3.3510E-10 3.4944E-10 3.6482E-10 3.8624E-10 4.0505E-10 4.2664E-10 4.4372E-10 4.5989E-10 4.7533E-10 4.9004E-10 5.0506E-10 5.2040E-10 5.3604E-10 5.5281E-10 5.6991E-10 5.8696E-10 6.0396E-10 6.2128E-10 6.3889E-10 6.5681E-10 6.7589E-10 6.9765E-10 7.2179E-10 7.4696E-10 7.7052E-10
1.1027E-10 1.1451E-10 1.1879E-10 1.2329E-10 1.2782E-10 1.3247E-10 1.3726E-10 1.4218E-10 1.4723E-10 1.5252E-10 1.5774E-10 1.6320E-10 1.6892E-10 1.7467E-10 1.8056E-10 1.8672E-10 1.9292E-10 1.9937E-10 2.0599E-10 2.1300E-10 2.1994E-10 2.2753E-10 2.3483E-10 2.4252E-10 2.5016E-10 2.5869E-10 2.6767E-10 2.7895E-10 2.8980E-10 3.0267E-10 3.1487E-10 3.2850E-10 3.4156E-10 3.5767E-10 3.7819E-10 3.9821E-10 4.2023E-10 4.3769E-10 4.5383E-10 4.6931E-10 4.8407E-10 4.9915E-10 5.1457E-10 5.3070E-10 5.4719E-10 5.6441E-10 5.8161E-10 5.9877E-10 6.1626E-10 6.3407E-10 6.5262E-10 6.7280E-10 6.9545E-10 7.1954E-10 7.4392E-10 7.6869E-10 7.9313E-10
1.1137E-10 1.1556E-10 1.1999E-10 1.2443E-10 1.2911E-10 1.3371E-10 1.3854E-10 1.4362E-10 1.4873E-10 1.5397E-10 1.5935E-10 1.6488E-10 1.7055E-10 1.7647E-10 1.8243E-10 1.8854E-10 1.9492E-10 2.0156E-10 2.0826E-10 2.1535E-10 2.2261E-10 2.2983E-10 2.3744E-10 2.4500E-10 2.5298E-10 2.6233E-10 2.7235E-10 2.8391E-10 2.9542E-10 3.0839E-10 3.2152E-10 3.3436E-10 3.4924E-10 3.7066E-10 3.9011E-10 4.1347E-10 4.3135E-10 4.4749E-10 4.6299E-10 4.7778E-10 4.9291E-10 5.0838E-10 5.2459E-10 5.4155E-10 5.5851E-10 5.7583E-10 5.9313E-10 6.1077E-10 6.2875E-10 6.4791E-10 6.6792E-10 6.9171E-10 7.1608E-10 7.4208E-10 7.6717E-10 7.9063E-10 8.1404E-10
1.1235E-10 1.1669E-10 1.2106E-10 1.2565E-10 1.3027E-10 1.3492E-10 1.3991E-10 1.4493E-10 1.5020E-10 1.5539E-10 1.6083E-10 1.6652E-10 1.7225E-10 1.7812E-10 1.8426E-10 1.9044E-10 1.9677E-10 2.0349E-10 2.1050E-10 2.1744E-10 2.2502E-10 2.3232E-10 2.3979E-10 2.4768E-10 2.5623E-10 2.6664E-10 2.7660E-10 2.8915E-10 3.0144E-10 3.1411E-10 3.2788E-10 3.4145E-10 3.6292E-10 3.8189E-10 4.0577E-10 4.2422E-10 4.4056E-10 4.5617E-10 4.7118E-10 4.8634E-10 5.0185E-10 5.1812E-10 5.3516E-10 5.5220E-10 5.6963E-10 5.8704E-10 6.0482E-10 6.2295E-10 6.4230E-10 6.6350E-10 6.8746E-10 7.1412E-10 7.3882E-10 7.6309E-10 7.8715E-10 8.1097E-10 8.3447E-10
1.1341E-10 1.1780E-10 1.2221E-10 1.2684E-10 1.3141E-10 1.3621E-10 1.4114E-10 1.4632E-10 1.5153E-10 1.5677E-10 1.6238E-10 1.6802E-10 1.7391E-10 1.7986E-10 1.8595E-10 1.9230E-10 1.9893E-10 2.0561E-10 2.1269E-10 2.1995E-10 2.2716E-10 2.3477E-10 2.4232E-10 2.5102E-10 2.5969E-10 2.7113E-10 2.8175E-10 2.9426E-10 3.0698E-10 3.2026E-10 3.3374E-10 3.5366E-10 3.7405E-10 3.9745E-10 4.1739E-10 4.3338E-10 4.4928E-10 4.6429E-10 4.7946E-10 4.9499E-10 5.1130E-10 5.2839E-10 5.4550E-10 5.6301E-10 5.8053E-10 5.9842E-10 6.1710E-10 6.3619E-10 6.5933E-10 6.8236E-10 7.0876E-10 7.3453E-10 7.5954E-10 7.8322E-10 8.0720E-10 8.3109E-10 8.5545E-10
1.1445E-10 1.1878E-10 1.2333E-10 1.2791E-10 1.3251E-10 1.3747E-10 1.4245E-10 1.4768E-10 1.5283E-10 1.5824E-10 1.6390E-10 1.6959E-10 1.7544E-10 1.8144E-10 1.8770E-10 1.9401E-10 2.0071E-10 2.0770E-10 2.1462E-10 2.2196E-10 2.2948E-10 2.3695E-10 2.4483E-10 2.5339E-10 2.6384E-10 2.7455E-10 2.8682E-10 2.9995E-10 3.1306E-10 3.2589E-10 3.4449E-10 3.6543E-10 3.8919E-10 4.0844E-10 4.2606E-10 4.4213E-10 4.5712E-10 4.7228E-10 4.8782E-10 5.0415E-10 5.2127E-10 5.3880E-10 5.5600E-10 5.7360E-10 5.9158E-10 6.1038E-10 6.3000E-10 6.5292E-10 6.7695E-10 7.0345E-10 7.2909E-10 7.5440E-10 7.7895E-10 8.0274E-10 8.2701E-10 8.5177E-10 8.7698E-10
1.1537E-10 1.1983E-10 1.2432E-10 1.2894E-10 1.3370E-10 1.3859E-10 1.4373E-10 1.4890E-10 1.5410E-10 1.5967E-10 1.6527E-10 1.7113E-10 1.7704E-10 1.8310E-10 1.8942E-10 1.9579E-10 2.0268E-10 2.0951E-10 2.1697E-10 2.2416E-10 2.3176E-10 2.3931E-10 2.4800E-10 2.5668E-10 2.6792E-10 2.7975E-10 2.9263E-10 3.0565E-10 3.1880E-10 3.3435E-10 3.5651E-10 3.7890E-10 4.0019E-10 4.1873E-10 4.3421E-10 4.4968E-10 4.6482E-10 4.8034E-10 4.9667E-10 5.1381E-10 5.3136E-10 5.4861E-10 5.6626E-10 5.8431E-10 6.0320E-10 6.2294E-10 6.4601E-10 6.7107E-10 6.9716E-10 7.2380E-10 7.4865E-10 7.7349E-10 7.9736E-10 8.2221E-10 8.4733E-10 8.7273E-10 8.9965E-10
1.1636E-10 1.2076E-10 1.2539E-10 1.2995E-10 1.3475E-10 1.3979E-10 1.4487E-10 1.5009E-10 1.5545E-10 1.6096E-10 1.6672E-10 1.7253E-10 1.7849E-10 1.8472E-10 1.9099E-10 1.9766E-10 2.0461E-10 2.1151E-10 2.1882E-10 2.2632E-10 2.3377E-10 2.4163E-10 2.5089E-10 2.6065E-10 2.7274E-10 2.8466E-10 2.9760E-10 3.1119E-10 3.2582E-10 3.4718E-10 3.6791E-10 3.9056E-10 4.0979E-10 4.2659E-10 4.4199E-10 4.5709E-10 4.7259E-10 4.8889E-10 5.0602E-10 5.2321E-10 5.4085E-10 5.5853E-10 5.7664E-10 5.9560E-10 6.1542E-10 6.3861E-10 6.6465E-10 6.9009E-10 7.1737E-10 7.4257E-10 7.6714E-10 7.9175E-10 8.1669E-10 8.4215E-10 8.6872E-10 8.9710E-10 9.2725E-10
1.1722E-10 1.2176E-10 1.2633E-10 1.3093E-10 1.3588E-10 1.4086E-10 1.4608E-10 1.5124E-10 1.5665E-10 1.6232E-10 1.6803E-10 1.7388E-10 1.8002E-10 1.8619E-10 1.9263E-10 1.9948E-10 2.0628E-10 2.1346E-10 2.2086E-10 2.2821E-10 2.3595E-10 2.4439E-10 2.5366E-10 2.6455E-10 2.7675E-10 2.9009E-10 3.0244E-10 3.1823E-10 3.3627E-10 3.5893E-10 3.8014E-10 4.0157E-10 4.1875E-10 4.3387E-10 4.4911E-10 4.6456E-10 4.8083E-10 4.9793E-10 5.1510E-10 5.3273E-10 5.5043E-10 5.6856E-10 5.8757E-10 6.0745E-10 6.3073E-10 6.5753E-10 6.8303E-10 7.0994E-10 7.3578E-10 7.6036E-10 7.8524E-10 8.1024E-10 8.3626E-10 8.6446E-10 8.9427E-10 9.2398E-10 9.5348E-10
1.1816E-10 1.2274E-10 1.2724E-10 1.3199E-10 1.3697E-10 1.4200E-10 1.4716E-10 1.5247E-10 1.5793E-10 1.6364E-10 1.6940E-10 1.7532E-10 1.8139E-10 1.8773E-10 1.9435E-10 2.0104E-10 2.0812E-10 2.1539E-10 2.2286E-10 2.3027E-10 2.3811E-10 2.4734E-10 2.5744E-10 2.6957E-10 2.8131E-10 2.9450E-10 3.0999E-10 3.2639E-10 3.4802E-10 3.7050E-10 3.9064E-10 4.0945E-10 4.2574E-10 4.4090E-10 4.5628E-10 4.7249E-10 4.8954E-10 5.0668E-10 5.2428E-10 5.4197E-10 5.6011E-10 5.7914E-10 5.9906E-10 6.2239E-10 6.4844E-10 6.7544E-10 7.0216E-10 7.2795E-10 7.5272E-10 7.7783E-10 8.0330E-10 8.3070E-10 8.5976E-10 8.8919E-10 9.1974E-10 9.5045E-10 9.8212E-10
1.1907E-10 1.2358E-10 1.2812E-10 1.3301E-10 1.3793E-10 1.4310E-10 1.4820E-10 1.5356E-10 1.5917E-10 1.6482E-10 1.7063E-10 1.7671E-10 1.8283E-10 1.8922E-10 1.9580E-10 2.0277E-10 2.0969E-10 2.1727E-10 2.2457E-10 2.3228E-10 2.4069E-10 2.5028E-10 2.6098E-10 2.7407E-10 2.8656E-10 3.0108E-10 3.1782E-10 3.3675E-10 3.6023E-10 3.7990E-10 4.0096E-10 4.1690E-10 4.3247E-10 4.4777E-10 4.6390E-10 4.8088E-10 4.9796E-10 5.1552E-10 5.3318E-10 5.5130E-10 5.7033E-10 5.9026E-10 6.1361E-10 6.3970E-10 6.6699E-10 6.9359E-10 7.1951E-10 7.4469E-10 7.6998E-10 7.9600E-10 8.2441E-10 8.5402E-10 8.8442E-10 9.1417E-10 9.4559E-10 9.7883E-10 1.0115E-09
1.1985E-10 1.2439E-10 1.2908E-10 1.3390E-10 1.3896E-10 1.4407E-10 1.4921E-10 1.5472E-10 1.6026E-10 1.6607E-10 1.7193E-10 1.7795E-10 1.8423E-10 1.9080E-10 1.9743E-10 2.0446E-10 2.1168E-10 2.1887E-10 2.2647E-10 2.3402E-10 2.4346E-10 2.5330E-10 2.6583E-10 2.7772E-10 2.9131E-10 3.0837E-10 3.2636E-10 3.4777E-10 3.6998E-10 3.8913E-10 4.0796E-10 4.2365E-10 4.3904E-10 4.5507E-10 4.7158E-10 4.8896E-10 5.0646E-10 5.2407E-10 5.4215E-10 5.6115E-10 5.8107E-10 6.0441E-10 6.3050E-10 6.5727E-10 6.8448E-10 7.1073E-10 7.3581E-10 7.6127E-10 7.8847E-10 8.1766E-10 8.4736E-10 8.7767E-10 9.0853E-10 9.4097E-10 9.7416E-10 1.0067E-09 1.0417E-09
1.2070E-10 1.2518E-10 1.2990E-10 1.3486E-10 1.3986E-10 1.4500E-10 1.5029E-10 1.5573E-10 1.6143E-10 1.6717E-10 1.7308E-10 1.7925E-10 1.8548E-10 1.9210E-10 1.9902E-10 2.0588E-10 2.1317E-10 2.2065E-10 2.2809E-10 2.3666E-10 2.4598E-10 2.5688E-10 2.7033E-10 2.8244E-10 2.9828E-10 3.1699E-10 3.3593E-10 3.5829E-10 3.7875E-10 3.9818E-10 4.1485E-10 4.3012E-10 4.4603E-10 4.6244E-10 4.7971E-10 4.9712E-10 5.1466E-10 5.3268E-10 5.5162E-10 5.7151E-10 5.9480E-10 6.2030E-10 6.4761E-10 6.7485E-10 7.0116E-10 7.2657E-10 7.5246E-10 7.8057E-10 8.0996E-10 8.4044E-10 8.7013E-10 9.0212E-10 9.3497E-10 9.6791E-10 1.0028E-09 1.0375E-09 1.0730E-09
1.2142E-10 1.2593E-10 1.3079E-10 1.3568E-10 1.4082E-10 1.4589E-10 1.5122E-10 1.5681E-10 1.6245E-10 1.6823E-10 1.7430E-10 1.8041E-10 1.8679E-10 1.9359E-10 2.0033E-10 2.0771E-10 2.1484E-10 2.2238E-10 2.2988E-10 2.3926E-10 2.4905E-10 2.6153E-10 2.7413E-10 2.8920E-10 3.0687E-10 3.2611E-10 3.4629E-10 3.6736E-10 3.8724E-10 4.0493E-10 4.2101E-10 4.3640E-10 4.5307E-10 4.6985E-10 4.8752E-10 5.0497E-10 5.2291E-10 5.4178E-10 5.6120E-10 5.8396E-10 6.0940E-10 6.3613E-10 6.6472E-10 6.9105E-10 7.1653E-10 7.4304E-10 7.7176E-10 8.0185E-10 8.3189E-10 8.6234E-10 8.9493E-10 9.2812E-10 9.6181E-10 9.9620E-10 1.0322E-09 1.0668E-09 1.1021E-09
1.2211E-10 1.2676E-10 1.3154E-10 1.3657E-10 1.4164E-10 1.4675E-10 1.5223E-10 1.5775E-10 1.6353E-10 1.6937E-10 1.7536E-10 1.8163E-10 1.8818E-10 1.9480E-10 2.0182E-10 2.0904E-10 2.1646E-10 2.2383E-10 2.3234E-10 2.4159E-10 2.5263E-10 2.6584E-10 2.7938E-10 2.9673E-10 3.1449E-10 3.3553E-10 3.5581E-10 3.7578E-10 3.9556E-10 4.1155E-10 4.2700E-10 4.4351E-10 4.6016E-10 4.7769E-10 4.9502E-10 5.1286E-10 5.3163E-10 5.5096E-10 5.7305E-10 5.9775E-10 6.2559E-10 6.5317E-10 6.7990E-10 7.0593E-10 7.3347E-10 7.6188E-10 7.9216E-10 8.2238E-10 8.5407E-10 8.8623E-10 9.1973E-10 9.5387E-10 9.8941E-10 1.0251E-09 1.0595E-09 1.0959E-09 1.1326E-09
1.2277E-10 1.2745E-10 1.3237E-10 1.3733E-10 1.4243E-10 1.4768E-10 1.5309E-10 1.5876E-10 1.6447E-10 1.7034E-10 1.7649E-10 1.8269E-10 1.8929E-10 1.9619E-10 2.0304E-10 2.1055E-10 2.1780E-10 2.2545E-10 2.3452E-10 2.4447E-10 2.5600E-10 2.6910E-10 2.8580E-10 3.0422E-10 3.2329E-10 3.4361E-10 3.6419E-10 3.8337E-10 4.0172E-10 4.1743E-10 4.3340E-10 4.5027E-10 4.6729E-10 4.8484E-10 5.0255E-10 5.2079E-10 5.4043E-10 5.6238E-10 5.8612E-10 6.1411E-10 6.4191E-10 6.6879E-10 6.9535E-10 7.2315E-10 7.5212E-10 7.8223E-10 8.1169E-10 8.4436E-10 8.7720E-10 9.1058E-10 9.4579E-10 9.8166E-10 1.0163E-09 1.0518E-09 1.0881E-09 1.1259E-09 1.1640E-09
1.2339E-10 1.2821E-10 1.3305E-10 1.3815E-10 1.4318E-10 1.4847E-10 1.5402E-10 1.5961E-10 1.6536E-10 1.7139E-10 1.7747E-10 1.8382E-10 1.9059E-10 1.9731E-10 2.0467E-10 2.1178E-10 2.1931E-10 2.2750E-10 2.3656E-10 2.4763E-10 2.6048E-10 2.7563E-10 2.9406E-10 3.1227E-10 3.3153E-10 3.5179E-10 3.7259E-10 3.9142E-10 4.0774E-10 4.2352E-10 4.3983E-10 4.5706E-10 4.7445E-10 4.9202E-10 5.1012E-10 5.2961E-10 5.4929E-10 5.7442E-10 6.0037E-10 6.2935E-10 6.5648E-10 6.8320E-10 7.1155E-10 7.4106E-10 7.7127E-10 8.0183E-10 8.3367E-10 8.6646E-10 9.0159E-10 9.3585E-10 9.7158E-10 1.0066E-09 1.0425E-09 1.0798E-09 1.1181E-09 1.1562E-09 1.1952E-09
