Assets/Resources/2015_m01_d29_0900(utc+0800)_l00_csi_1hr_conc.grd
DSAA
         159         159
     -79.000      79.000
     -79.000      79.000
  0.0000E+00  0.1099E-04
[rows 0 to 24 of 159, columns 0 to 56 of 159]
1.2443E-10 1.3249E-10 1.4156E-10 1.5111E-10 1.6052E-10 1.7158E-10 1.8199E-10 1.9286E-10 2.0546E-10 2.1740E-10 2.2984E-10 2.4405E-10 2.5762E-10 2.7170E-10 2.8631E-10 3.0275E-10 3.1853E-10 3.3485E-10 3.5169E-10 3.6906E-10 3.8835E-10 4.0690E-10 4.2596E-10 4.4554E-10 4.6761E-10 4.8835E-10 5.1157E-10 5.3345E-10 5.5681E-10 5.8074E-10 6.0415E-10 6.3006E-10 6.5446E-10 6.8027E-10 7.0655E-10 7.3216E-10 7.6019E-10 7.8654E-10 8.1312E-10 8.4117E-10 8.6953E-10 8.9680E-10 9.2414E-10 9.5282E-10 9.8165E-10 1.0092E-09 1.0366E-09 1.0652E-09 1.0938E-09 1.1208E-09 1.1475E-09 1.1739E-09 1.2027E-09 1.2285E-09 1.2537E-09 1.2783E-09 1.3037E-09
1.2653E-10 1.3473E-10 1.4458E-10 1.5373E-10 1.6391E-10 1.7462E-10 1.8523E-10 1.9693E-10 2.0920E-10 2.2138E-10 2.3470E-10 2.4862E-10 2.6247E-10 2.7685E-10 2.9241E-10 3.0860E-10 3.2473E-10 3.4140E-10 3.5862E-10 3.7707E-10 3.9615E-10 4.1513E-10 4.3464E-10 4.5660E-10 4.7734E-10 4.9958E-10 5.2246E-10 5.4587E-10 5.6990E-10 5.9348E-10 6.1956E-10 6.4420E-10 6.7029E-10 6.9690E-10 7.2291E-10 7.5136E-10 7.7821E-10 8.0534E-10 8.3401E-10 8.6304E-10 8.9104E-10 9.1917E-10 9.4872E-10 9.7847E-10 1.0070E-09 1.0355E-09 1.0652E-09 1.0950E-09 1.1233E-09 1.1513E-09 1.1804E-09 1.2094E-09 1.2366E-09 1.2634E-09 1.2896E-09 1.3182E-09 1.3435E-09
1.2854E-10 1.3749E-10 1.4693E-10 1.5625E-10 1.6663E-10 1.7755E-10 1.8836E-10 2.0091E-10 2.1282E-10 2.2524E-10 2.3945E-10 2.5304E-10 2.6717E-10 2.8184E-10 2.9838E-10 3.1428E-10 3.3075E-10 3.4777E-10 3.6536E-10 3.8492E-10 4.0376E-10 4.2315E-10 4.4405E-10 4.6563E-10 4.8781E-10 5.1065E-10 5.3311E-10 5.5814E-10 5.8181E-10 6.0701E-10 6.3281E-10 6.5911E-10 6.8598E-10 7.1231E-10 7.4010E-10 7.6839E-10 7.9600E-10 8.2520E-10 8.5482E-10 8.8347E-10 9.1233E-10 9.4266E-10 9.7327E-10 1.0027E-09 1.0322E-09 1.0630E-09 1.0938E-09 1.1233E-09 1.1526E-09 1.1831E-09 1.2135E-09 1.2422E-09 1.2705E-09 1.2997E-09 1.3286E-09 1.3556E-09 1.3819E-09
1.3046E-10 1.4016E-10 1.4919E-10 1.5867E-10 1.6986E-10 1.8037E-10 1.9199E-10 2.0418E-10 2.1630E-10 2.2958E-10 2.4347E-10 2.5731E-10 2.7171E-10 2.8731E-10 3.0357E-10 3.1979E-10 3.3658E-10 3.5395E-10 3.7259E-10 3.9191E-10 4.1114E-10 4.3095E-10 4.5330E-10 4.7443E-10 4.9811E-10 5.2054E-10 5.4454E-10 5.6921E-10 5.9446E-10 6.2036E-10 6.4580E-10 6.7384E-10 7.0042E-10 7.2850E-10 7.5712E-10 7.8514E-10 8.1479E-10 8.4492E-10 8.7416E-10 9.0365E-10 9.3468E-10 9.6606E-10 9.9633E-10 1.0267E-09 1.0585E-09 1.0904E-09 1.1210E-09 1.1515E-09 1.1833E-09 1.2150E-09 1.2451E-09 1.2749E-09 1.3057E-09 1.3362E-09 1.3649E-09 1.3931E-09 1.4212E-09
1.3289E-10 1.4218E-10 1.5135E-10 1.6159E-10 1.7238E-10 1.8307E-10 1.9550E-10 2.0732E-10 2.1965E-10 2.3380E-10 2.4733E-10 2.6142E-10 2.7608E-10 2.9264E-10 3.0858E-10 3.2510E-10 3.4222E-10 3.5992E-10 3.7965E-10 3.9868E-10 4.1829E-10 4.3948E-10 4.6139E-10 4.8395E-10 5.0723E-10 5.3114E-10 5.5576E-10 5.8001E-10 6.0691E-10 6.3244E-10 6.6057E-10 6.8732E-10 7.1560E-10 7.4448E-10 7.7283E-10 8.0284E-10 8.3340E-10 8.6313E-10 8.9319E-10 9.2484E-10 9.5690E-10 9.8793E-10 1.0191E-09 1.0518E-09 1.0847E-09 1.1163E-09 1.1480E-09 1.1809E-09 1.2139E-09 1.2453E-09 1.2765E-09 1.3089E-09 1.3410E-09 1.3714E-09 1.4012E-09 1.4317E-09 1.4606E-09
1.3465E-10 1.4409E-10 1.5341E-10 1.6442E-10 1.7479E-10 1.8625E-10 1.9831E-10 2.1031E-10 2.2347E-10 2.3727E-10 2.5103E-10 2.6536E-10 2.8093E-10 2.9717E-10 3.1339E-10 3.3021E-10 3.4763E-10 3.6637E-10 3.8581E-10 4.0520E-10 4.2519E-10 4.4781E-10 4.6921E-10 4.9326E-10 5.1606E-10 5.4152E-10 5.6571E-10 5.9254E-10 6.1808E-10 6.4524E-10 6.7308E-10 7.0047E-10 7.3055E-10 7.5914E-10 7.8820E-10 8.2034E-10 8.5048E-10 8.8101E-10 9.1319E-10 9.4584E-10 9.7754E-10 1.0095E-09 1.0430E-09 1.0767E-09 1.1093E-09 1.1420E-09 1.1774E-09 1.2102E-09 1.2429E-09 1.2755E-09 1.3107E-09 1.3429E-09 1.3748E-09 1.4063E-09 1.4398E-09 1.4705E-09 1.4989E-09
1.3691E-10 1.4590E-10 1.5595E-10 1.6655E-10 1.7707E-10 1.8872E-10 2.0097E-10 2.1316E-10 2.2716E-10 2.4057E-10 2.5456E-10 2.6912E-10 2.8561E-10 3.0149E-10 3.1799E-10 3.3510E-10 3.5282E-10 3.7261E-10 3.9172E-10 4.1146E-10 4.3281E-10 4.5493E-10 4.7775E-10 5.0133E-10 5.2561E-10 5.5065E-10 5.7636E-10 6.0282E-10 6.2994E-10 6.5778E-10 6.8524E-10 7.1539E-10 7.4415E-10 7.7343E-10 8.0580E-10 8.3627E-10 8.6719E-10 8.9980E-10 9.3296E-10 9.6523E-10 9.9781E-10 1.0320E-09 1.0666E-09 1.1000E-09 1.1336E-09 1.1701E-09 1.2040E-09 1.2379E-09 1.2717E-09 1.3082E-09 1.3419E-09 1.3753E-09 1.4084E-09 1.4436E-09 1.4760E-09 1.5079E-09 1.5371E-09
1.3849E-10 1.4760E-10 1.5839E-10 1.6855E-10 1.7922E-10 1.9167E-10 2.0349E-10 2.1647E-10 2.3009E-10 2.4370E-10 2.5790E-10 2.7334E-10 2.8947E-10 3.0561E-10 3.2237E-10 3.3975E-10 3.5848E-10 3.7794E-10 3.9737E-10 4.1840E-10 4.4020E-10 4.6273E-10 4.8604E-10 5.1007E-10 5.3490E-10 5.5944E-10 5.8674E-10 6.1276E-10 6.4151E-10 6.6897E-10 6.9810E-10 7.2795E-10 7.5737E-10 7.8863E-10 8.2059E-10 8.5181E-10 8.8349E-10 9.1832E-10 9.5108E-10 9.8421E-10 1.0190E-09 1.0543E-09 1.0885E-09 1.1230E-09 1.1603E-09 1.1952E-09 1.2302E-09 1.2652E-09 1.3030E-09 1.3380E-09 1.3729E-09 1.4075E-09 1.4442E-09 1.4784E-09 1.5120E-09 1.5452E-09 1.5777E-09
1.3996E-10 1.4918E-10 1.6013E-10 1.7043E-10 1.8184E-10 1.9387E-10 2.0585E-10 2.1902E-10 2.3285E-10 2.4665E-10 2.6105E-10 2.7737E-10 2.9312E-10 3.0950E-10 3.2651E-10 3.4417E-10 3.6390E-10 3.8299E-10 4.0274E-10 4.2414E-10 4.4635E-10 4.7026E-10 4.9305E-10 5.1854E-10 5.4288E-10 5.6992E-10 5.9579E-10 6.2337E-10 6.5174E-10 6.8080E-10 7.1064E-10 7.4010E-10 7.7144E-10 8.0353E-10 8.3496E-10 8.6691E-10 9.0202E-10 9.3517E-10 9.6876E-10 1.0041E-09 1.0399E-09 1.0748E-09 1.1100E-09 1.1468E-09 1.1840E-09 1.2200E-09 1.2560E-09 1.2950E-09 1.3313E-09 1.3674E-09 1.4035E-09 1.4418E-09 1.4775E-09 1.5128E-09 1.5478E-09 1.5848E-09 1.6157E-09
1.4132E-10 1.5125E-10 1.6175E-10 1.7216E-10 1.8434E-10 1.9592E-10 2.0805E-10 2.2204E-10 2.3543E-10 2.4942E-10 2.6401E-10 2.8059E-10 2.9655E-10 3.1316E-10 3.3042E-10 3.4903E-10 3.6840E-10 3.8777E-10 4.0877E-10 4.3058E-10 4.5315E-10 4.7655E-10 5.0072E-10 5.2573E-10 5.5150E-10 5.7811E-10 6.0547E-10 6.3365E-10 6.6156E-10 6.9230E-10 7.2174E-10 7.5182E-10 7.8519E-10 8.1673E-10 8.4886E-10 8.8288E-10 9.1760E-10 9.5155E-10 9.8596E-10 1.0236E-09 1.0591E-09 1.0949E-09 1.1324E-09 1.1704E-09 1.2073E-09 1.2443E-09 1.2843E-09 1.3217E-09 1.3591E-09 1.3976E-09 1.4362E-09 1.4734E-09 1.5103E-09 1.5482E-09 1.5858E-09 1.6217E-09 1.6535E-09
1.4256E-10 1.5321E-10 1.6323E-10 1.7437E-10 1.8611E-10 1.9782E-10 2.1072E-10 2.2427E-10 2.3783E-10 2.5198E-10 2.6742E-10 2.8358E-10 2.9976E-10 3.1658E-10 3.3407E-10 3.5364E-10 3.7261E-10 3.9226E-10 4.1359E-10 4.3575E-10 4.5967E-10 4.8250E-10 5.0809E-10 5.3255E-10 5.5980E-10 5.8590E-10 6.1480E-10 6.4253E-10 6.7203E-10 7.0238E-10 7.3239E-10 7.6567E-10 7.9725E-10 8.2945E-10 8.6358E-10 8.9847E-10 9.3268E-10 9.6741E-10 1.0054E-09 1.0413E-09 1.0777E-09 1.1158E-09 1.1545E-09 1.1921E-09 1.2300E-09 1.2709E-09 1.3093E-09 1.3479E-09 1.3864E-09 1.4275E-09 1.4661E-09 1.5046E-09 1.5440E-09 1.5833E-09 1.6210E-09 1.6583E-09 1.6923E-09
1.4368E-10 1.5446E-10 1.6458E-10 1.7584E-10 1.8772E-10 1.9955E-10 2.1322E-10 2.2632E-10 2.4003E-10 2.5435E-10 2.7064E-10 2.8635E-10 3.0272E-10 3.1975E-10 3.3815E-10 3.5732E-10 3.7654E-10 3.9645E-10 4.1908E-10 4.4157E-10 4.6493E-10 4.8910E-10 5.1414E-10 5.4001E-10 5.6675E-10 5.9431E-10 6.2276E-10 6.5201E-10 6.8213E-10 7.1199E-10 7.4386E-10 7.7661E-10 8.0880E-10 8.4166E-10 8.7790E-10 9.1226E-10 9.4721E-10 9.8411E-10 1.0217E-09 1.0585E-09 1.0971E-09 1.1363E-09 1.1746E-09 1.2132E-09 1.2536E-09 1.2943E-09 1.3339E-09 1.3735E-09 1.4157E-09 1.4557E-09 1.4955E-09 1.5365E-09 1.5773E-09 1.6168E-09 1.6558E-09 1.6957E-09 1.7308E-09
1.4529E-10 1.5558E-10 1.6579E-10 1.7778E-10 1.8917E-10 2.0112E-10 2.1495E-10 2.2819E-10 2.4203E-10 2.5715E-10 2.7300E-10 2.8889E-10 3.0544E-10 3.2266E-10 3.4198E-10 3.6072E-10 3.8016E-10 4.0130E-10 4.2330E-10 4.4709E-10 4.6983E-10 4.9536E-10 5.1981E-10 5.4711E-10 5.7329E-10 6.0236E-10 6.3027E-10 6.6109E-10 6.9073E-10 7.2237E-10 7.5493E-10 7.8703E-10 8.1983E-10 8.5600E-10 8.9042E-10 9.2549E-10 9.6253E-10 1.0004E-09 1.0375E-09 1.0751E-09 1.1161E-09 1.1549E-09 1.1941E-09 1.2352E-09 1.2767E-09 1.3171E-09 1.3578E-09 1.4011E-09 1.4422E-09 1.4833E-09 1.5256E-09 1.5680E-09 1.6090E-09 1.6497E-09 1.6914E-09 1.7329E-09 1.7677E-09
1.4678E-10 1.5657E-10 1.6746E-10 1.7897E-10 1.9046E-10 2.0315E-10 2.1650E-10 2.2986E-10 2.4384E-10 2.5912E-10 2.7514E-10 2.9119E-10 3.0791E-10 3.2599E-10 3.4487E-10 3.6381E-10 3.8348E-10 4.0586E-10 4.2815E-10 4.5133E-10 4.7536E-10 5.0030E-10 5.2610E-10 5.5284E-10 5.8044E-10 6.0898E-10 6.3838E-10 6.6872E-10 6.9883E-10 7.3233E-10 7.6424E-10 7.9690E-10 8.3164E-10 8.6727E-10 9.0236E-10 9.3944E-10 9.7736E-10 1.0147E-09 1.0526E-09 1.0938E-09 1.1331E-09 1.1728E-09 1.2144E-09 1.2566E-09 1.2978E-09 1.3393E-09 1.3835E-09 1.4256E-09 1.4679E-09 1.5115E-09 1.5552E-09 1.5977E-09 1.6400E-09 1.6834E-09 1.7266E-09 1.7682E-09 1.8041E-09
1.4756E-10 1.5741E-10 1.6840E-10 1.8001E-10 1.9159E-10 2.0500E-10 2.1786E-10 2.3133E-10 2.4543E-10 2.6152E-10 2.7704E-10 2.9323E-10 3.1011E-10 3.2839E-10 3.4747E-10 3.6661E-10 3.8744E-10 4.0915E-10 4.3172E-10 4.5520E-10 4.8054E-10 5.0483E-10 5.3203E-10 5.5914E-10 5.8720E-10 6.1615E-10 6.4607E-10 6.7584E-10 7.0771E-10 7.4057E-10 7.7300E-10 8.0622E-10 8.4296E-10 8.7796E-10 9.1369E-10 9.5288E-10 9.9027E-10 1.0283E-09 1.0684E-09 1.1093E-09 1.1494E-09 1.1914E-09 1.2341E-09 1.2760E-09 1.3182E-09 1.3632E-09 1.4062E-09 1.4495E-09 1.4942E-09 1.5391E-09 1.5829E-09 1.6267E-09 1.6716E-09 1.7165E-09 1.7599E-09 1.8026E-09 1.8413E-09
1.4821E-10 1.5812E-10 1.6980E-10 1.8089E-10 1.9255E-10 2.0608E-10 2.1904E-10 2.3261E-10 2.4746E-10 2.6306E-10 2.7870E-10 2.9503E-10 3.1205E-10 3.3119E-10 3.4978E-10 3.6909E-10 3.9110E-10 4.1210E-10 4.3593E-10 4.5969E-10 4.8439E-10 5.0999E-10 5.3656E-10 5.6404E-10 5.9250E-10 6.2291E-10 6.5226E-10 6.8245E-10 7.1614E-10 7.4826E-10 7.8120E-10 8.1761E-10 8.5242E-10 8.8802E-10 9.2575E-10 9.6442E-10 1.0025E-09 1.0427E-09 1.0837E-09 1.1241E-09 1.1650E-09 1.2095E-09 1.2518E-09 1.2946E-09 1.3391E-09 1.3841E-09 1.4282E-09 1.4727E-09 1.5199E-09 1.5649E-09 1.6099E-09 1.6562E-09 1.7027E-09 1.7477E-09 1.7926E-09 1.8375E-09 1.8780E-09
1.4873E-10 1.5869E-10 1.7046E-10 1.8161E-10 1.9396E-10 2.0698E-10 2.2002E-10 2.3367E-10 2.4864E-10 2.6436E-10 2.8012E-10 2.9657E-10 3.1440E-10 3.3305E-10 3.5178E-10 3.7220E-10 3.9351E-10 4.1570E-10 4.3882E-10 4.6383E-10 4.8783E-10 5.1476E-10 5.4165E-10 5.6953E-10 5.9836E-10 6.2820E-10 6.5793E-10 6.8984E-10 7.2280E-10 7.5537E-10 7.9012E-10 8.2589E-10 8.6125E-10 8.9876E-10 9.3725E-10 9.7528E-10 1.0141E-09 1.0564E-09 1.0969E-09 1.1381E-09 1.1814E-09 1.2254E-09 1.2687E-09 1.3137E-09 1.3593E-09 1.4042E-09 1.4494E-09 1.4975E-09 1.5436E-09 1.5898E-09 1.6374E-09 1.6852E-09 1.7317E-09 1.7782E-09 1.8257E-09 1.8719E-09 1.9127E-09
1.4911E-10 1.5972E-10 1.7096E-10 1.8217E-10 1.9459E-10 2.0769E-10 2.2080E-10 2.3453E-10 2.5026E-10 2.6544E-10 2.8129E-10 2.9784E-10 3.1581E-10 3.3461E-10 3.5347E-10 3.7407E-10 3.9558E-10 4.1896E-10 4.4231E-10 4.6663E-10 4.9188E-10 5.1813E-10 5.4533E-10 5.7356E-10 6.0378E-10 6.3298E-10 6.6433E-10 6.9675E-10 7.2888E-10 7.6189E-10 7.9851E-10 8.3354E-10 8.6944E-10 9.0893E-10 9.4677E-10 9.8543E-10 1.0263E-09 1.0682E-09 1.1094E-09 1.1528E-09 1.1970E-09 1.2406E-09 1.2848E-09 1.3320E-09 1.3775E-09 1.4234E-09 1.4723E-09 1.5192E-09 1.5664E-09 1.6151E-09 1.6641E-09 1.7120E-09 1.7599E-09 1.8091E-09 1.8583E-09 1.9042E-09 1.9466E-09
1.4935E-10 1.6002E-10 1.7131E-10 1.8256E-10 1.9567E-10 2.0822E-10 2.2138E-10 2.3583E-10 2.5102E-10 2.6627E-10 2.8221E-10 2.9885E-10 3.1763E-10 3.3587E-10 3.5485E-10 3.7657E-10 3.9827E-10 4.2091E-10 4.4448E-10 4.6903E-10 4.9554E-10 5.2105E-10 5.4960E-10 5.7813E-10 6.0772E-10 6.3724E-10 6.7025E-10 7.0186E-10 7.3438E-10 7.6915E-10 8.0503E-10 8.4054E-10 8.7831E-10 9.1715E-10 9.5558E-10 9.9622E-10 1.0379E-09 1.0791E-09 1.1211E-09 1.1668E-09 1.2105E-09 1.2549E-09 1.3024E-09 1.3484E-09 1.3948E-09 1.4430E-09 1.4919E-09 1.5400E-09 1.5883E-09 1.6397E-09 1.6887E-09 1.7380E-09 1.7885E-09 1.8393E-09 1.8886E-09 1.9356E-09 1.9809E-09
1.4946E-10 1.6078E-10 1.7150E-10 1.8340E-10 1.9596E-10 2.0855E-10 2.2176E-10 2.3628E-10 2.5155E-10 2.6686E-10 2.8287E-10 3.0027E-10 3.1850E-10 3.3683E-10 3.5686E-10 3.7781E-10 3.9967E-10 4.2249E-10 4.4726E-10 4.7202E-10 4.9781E-10 5.2458E-10 5.5240E-10 5.8226E-10 6.1115E-10 6.4222E-10 6.7443E-10 7.0638E-10 7.3927E-10 7.7586E-10 8.1090E-10 8.4687E-10 8.8657E-10 9.2466E-10 9.6364E-10 1.0064E-09 1.0474E-09 1.0892E-09 1.1348E-09 1.1786E-09 1.2231E-09 1.2696E-09 1.3169E-09 1.3638E-09 1.4125E-09 1.4619E-09 1.5106E-09 1.5598E-09 1.6119E-09 1.6620E-09 1.7124E-09 1.7642E-09 1.8163E-09 1.8672E-09 1.9180E-09 1.9675E-09 2.0141E-09
1.4943E-10 1.6079E-10 1.7153E-10 1.8347E-10 1.9608E-10 2.0870E-10 2.2194E-10 2.3716E-10 2.5185E-10 2.6721E-10 2.8328E-10 3.0076E-10 3.1908E-10 3.3748E-10 3.5763E-10 3.7871E-10 4.0170E-10 4.2469E-10 4.4867E-10 4.7463E-10 4.9963E-10 5.2768E-10 5.5575E-10 5.8491E-10 6.1405E-10 6.4673E-10 6.7804E-10 7.1031E-10 7.4491E-10 7.8067E-10 8.1611E-10 8.5390E-10 8.9284E-10 9.3143E-10 9.7236E-10 1.0144E-09 1.0560E-09 1.1000E-09 1.1450E-09 1.1895E-09 1.2360E-09 1.2835E-09 1.3305E-09 1.3783E-09 1.4293E-09 1.4785E-09 1.5283E-09 1.5799E-09 1.6321E-09 1.6834E-09 1.7363E-09 1.7896E-09 1.8419E-09 1.8942E-09 1.9478E-09 1.9986E-09 2.0451E-09
1.4988E-10 1.6066E-10 1.7141E-10 1.8337E-10 1.9601E-10 2.0865E-10 2.2192E-10 2.3720E-10 2.5191E-10 2.6732E-10 2.8342E-10 3.0166E-10 3.1936E-10 3.3783E-10 3.5903E-10 3.8024E-10 4.0241E-10 4.2652E-10 4.4969E-10 4.7586E-10 5.0205E-10 5.2932E-10 5.5865E-10 5.8705E-10 6.1768E-10 6.4948E-10 6.8106E-10 7.1493E-10 7.4998E-10 7.8481E-10 8.2064E-10 8.6030E-10 8.9839E-10 9.3745E-10 9.8039E-10 1.0217E-09 1.0639E-09 1.1100E-09 1.1543E-09 1.1995E-09 1.2481E-09 1.2952E-09 1.3431E-09 1.3943E-09 1.4439E-09 1.4941E-09 1.5463E-09 1.5991E-09 1.6512E-09 1.7037E-09 1.7593E-09 1.8127E-09 1.8663E-09 1.9213E-09 1.9766E-09 2.0273E-09 2.0751E-09
1.4959E-10 1.6038E-10 1.7113E-10 1.8373E-10 1.9577E-10 2.0841E-10 2.2234E-10 2.3702E-10 2.5175E-10 2.6718E-10 2.8331E-10 3.0161E-10 3.1936E-10 3.3881E-10 3.5918E-10 3.8048E-10 4.0276E-10 4.2703E-10 4.5132E-10 4.7666E-10 5.0405E-10 5.3049E-10 5.6009E-10 5.8868E-10 6.2083E-10 6.5166E-10 6.8350E-10 7.1771E-10 7.5313E-10 7.8830E-10 8.2587E-10 8.6468E-10 9.0319E-10 9.4413E-10 9.8629E-10 1.0281E-09 1.0723E-09 1.1178E-09 1.1628E-09 1.2099E-09 1.2581E-09 1.3060E-09 1.3560E-09 1.4070E-09 1.4575E-09 1.5100E-09 1.5633E-09 1.6160E-09 1.6692E-09 1.7256E-09 1.7800E-09 1.8346E-09 1.8909E-09 1.9475E-09 2.0030E-09 2.0549E-09 2.1054E-09
1.4976E-10 1.5995E-10 1.7069E-10 1.8331E-10 1.9534E-10 2.0798E-10 2.2192E-10 2.3662E-10 2.5136E-10 2.6679E-10 2.8362E-10 3.0129E-10 3.1906E-10 3.3856E-10 3.5900E-10 3.8136E-10 4.0375E-10 4.2715E-10 4.5257E-10 4.7805E-10 5.0462E-10 5.3226E-10 5.6103E-10 5.9103E-10 6.2224E-10 6.5328E-10 6.8534E-10 7.2122E-10 7.5564E-10 7.9243E-10 8.3047E-10 8.6832E-10 9.0859E-10 9.5010E-10 9.9138E-10 1.0351E-09 1.0800E-09 1.1246E-09 1.1703E-09 1.2194E-09 1.2671E-09 1.3158E-09 1.3680E-09 1.4186E-09 1.4700E-09 1.5248E-09 1.5779E-09 1.6317E-09 1.6874E-09 1.7438E-09 1.7994E-09 1.8554E-09 1.9145E-09 1.9712E-09 2.0281E-09 2.0827E-09 2.1348E-09
1.4921E-10 1.5938E-10 1.7072E-10 1.8272E-10 1.9474E-10 2.0736E-10 2.2195E-10 2.3600E-10 2.5074E-10 2.6616E-10 2.8301E-10 3.0069E-10 3.1847E-10 3.3895E-10 3.5946E-10 3.8094E-10 4.0438E-10 4.2788E-10 4.5243E-10 4.7803E-10 5.0474E-10 5.3357E-10 5.6146E-10 5.9167E-10 6.2309E-10 6.5431E-10 6.8793E-10 7.2281E-10 7.5748E-10 7.9462E-10 8.3304E-10 8.7123E-10 9.1193E-10 9.5393E-10 9.9565E-10 1.0413E-09 1.0854E-09 1.1306E-09 1.1793E-09 1.2267E-09 1.2752E-09 1.3271E-09 1.3777E-09 1.4291E-09 1.4827E-09 1.5373E-09 1.5915E-09 1.6476E-09 1.7045E-09 1.7608E-09 1.8176E-09 1.8776E-09 1.9355E-09 1.9937E-09 2.0534E-09 2.1093E-09 2.1615E-09
