Assets/Resources/2015_m01_d31_1100(utc+0800)_l00_csi_1hr_conc.grd
DSAA
         159         159
     -79.000      79.000
     -79.000      79.000
  0.0000E+00  0.1648E-05
[rows 0 to 24 of 159, columns 57 to 113 of 159]
4.2694E-09 4.6172E-09 4.9580E-09 5.2864E-09 5.5959E-09 5.8810E-09 6.1357E-09 6.3550E-09 6.5352E-09 6.6729E-09 6.7643E-09 6.8076E-09 6.8017E-09 6.7469E-09 6.6446E-09 6.4960E-09 6.3054E-09 6.0765E-09 5.8136E-09 5.5231E-09 5.2091E-09 4.8763E-09 4.5336E-09 4.1861E-09 3.8365E-09 3.4918E-09 3.1551E-09 2.8315E-09 2.5222E-09 2.2313E-09 1.9613E-09 1.7122E-09 1.4830E-09 1.2751E-09 1.0892E-09 9.2356E-10 7.7597E-10 6.4729E-10 5.3673E-10 4.4231E-10 3.6263E-10 2.9657E-10 2.3786E-10 1.8695E-10 1.3936E-10 1.0514E-10 7.8235E-11 5.9081E-11 4.2300E-11 2.9471E-11 2.0704E-11 1.4393E-11 3.7899E-12 0.0000E+00 0.0000E+00 0.0000E+00 0.0000E+00
4.5073E-09 4.8801E-09 5.2451E-09 5.5962E-09 5.9267E-09 6.2311E-09 6.5043E-09 6.7395E-09 6.9326E-09 7.0791E-09 7.1758E-09 7.2213E-09 7.2126E-09 7.1519E-09 7.0401E-09 6.8794E-09 6.6730E-09 6.4249E-09 6.1423E-09 5.8291E-09 5.4913E-09 5.1370E-09 4.7702E-09 4.3973E-09 4.0257E-09 3.6589E-09 3.3025E-09 2.9598E-09 2.6337E-09 2.3272E-09 2.0408E-09 1.7789E-09 1.5399E-09 1.3216E-09 1.1260E-09 9.5346E-10 7.9971E-10 6.6694E-10 5.5038E-10 4.5160E-10 3.6825E-10 3.0022E-10 2.4070E-10 1.8903E-10 1.4243E-10 1.0547E-10 7.9296E-11 5.8887E-11 4.1838E-11 2.9262E-11 2.0301E-11 1.3833E-11 3.6719E-12 0.0000E+00 0.0000E+00 0.0000E+00 0.0000E+00
4.7429E-09 5.1389E-09 5.5276E-09 5.9025E-09 6.2565E-09 6.5828E-09 6.8748E-09 7.1267E-09 7.3330E-09 7.4882E-09 7.5899E-09 7.6359E-09 7.6254E-09 7.5589E-09 7.4363E-09 7.2613E-09 7.0380E-09 6.7725E-09 6.4680E-09 6.1315E-09 5.7712E-09 5.3920E-09 5.0004E-09 4.6048E-09 4.2100E-09 3.8209E-09 3.4431E-09 3.0810E-09 2.7377E-09 2.4146E-09 2.1154E-09 1.8390E-09 1.5894E-09 1.3639E-09 1.1594E-09 9.7848E-10 8.2102E-10 6.8194E-10 5.6194E-10 4.5854E-10 3.7229E-10 3.0163E-10 2.4161E-10 1.8961E-10 1.4302E-10 1.0506E-10 7.9611E-11 5.8007E-11 4.1352E-11 2.8556E-11 1.9667E-11 1.3147E-11 3.4487E-12 0.0000E+00 0.0000E+00 0.0000E+00 0.0000E+00
4.9695E-09 5.3916E-09 5.8062E-09 6.2057E-09 6.5829E-09 6.9300E-09 7.2401E-09 7.5076E-09 7.7260E-09 7.8909E-09 7.9982E-09 8.0459E-09 8.0327E-09 7.9586E-09 7.8255E-09 7.6372E-09 7.3978E-09 7.1116E-09 6.7855E-09 6.4273E-09 6.0409E-09 5.6368E-09 5.2226E-09 4.8022E-09 4.3835E-09 3.9730E-09 3.5749E-09 3.1934E-09 2.8325E-09 2.4945E-09 2.1819E-09 1.8937E-09 1.6317E-09 1.3980E-09 1.1875E-09 1.0009E-09 8.3580E-10 6.9376E-10 5.7013E-10 4.6462E-10 3.7568E-10 3.0119E-10 2.4093E-10 1.8892E-10 1.4241E-10 1.0477E-10 7.8697E-11 5.6927E-11 4.0163E-11 2.7625E-11 1.8870E-11 1.2200E-11 3.1338E-12 0.0000E+00 0.0000E+00 0.0000E+00 0.0000E+00
5.1917E-09 5.6393E-09 6.0779E-09 6.5004E-09 6.9002E-09 7.2691E-09 7.5994E-09 7.8839E-09 8.1154E-09 8.2894E-09 8.4023E-09 8.4513E-09 8.4352E-09 8.3543E-09 8.2107E-09 8.0078E-09 7.7495E-09 7.4439E-09 7.0968E-09 6.7136E-09 6.3035E-09 5.8752E-09 5.4346E-09 4.9897E-09 4.5480E-09 4.1156E-09 3.6959E-09 3.2962E-09 2.9176E-09 2.5652E-09 2.2388E-09 1.9408E-09 1.6685E-09 1.4252E-09 1.2094E-09 1.0185E-09 8.4788E-10 7.0246E-10 5.7625E-10 4.6728E-10 3.7576E-10 2.9834E-10 2.3848E-10 1.8664E-10 1.4077E-10 1.0354E-10 7.7184E-11 5.5364E-11 3.8575E-11 2.6591E-11 1.7766E-11 1.0770E-11 2.7414E-12 0.0000E+00 0.0000E+00 0.0000E+00 0.0000E+00
5.4032E-09 5.8747E-09 6.3387E-09 6.7868E-09 7.2106E-09 7.6013E-09 7.9505E-09 8.2506E-09 8.4951E-09 8.6792E-09 8.7978E-09 8.8482E-09 8.8291E-09 8.7420E-09 8.5879E-09 8.3707E-09 8.0964E-09 7.7703E-09 7.3987E-09 6.9922E-09 6.5584E-09 6.1030E-09 5.6370E-09 5.1684E-09 4.7026E-09 4.2465E-09 3.8084E-09 3.3889E-09 2.9942E-09 2.6261E-09 2.2876E-09 1.9784E-09 1.6977E-09 1.4472E-09 1.2244E-09 1.0295E-09 8.5640E-10 7.0708E-10 5.7841E-10 4.6566E-10 3.7255E-10 2.9354E-10 2.3424E-10 1.8295E-10 1.3765E-10 1.0179E-10 7.4420E-11 5.3128E-11 3.6912E-11 2.4945E-11 1.6326E-11 9.1601E-12 2.3599E-12 0.0000E+00 0.0000E+00 0.0000E+00 0.0000E+00
5.6071E-09 6.1045E-09 6.5937E-09 7.0659E-09 7.5116E-09 7.9232E-09 8.2917E-09 8.6084E-09 8.8668E-09 9.0607E-09 9.1852E-09 9.2373E-09 9.2158E-09 9.1208E-09 8.9548E-09 8.7241E-09 8.4317E-09 8.0843E-09 7.6919E-09 7.2608E-09 6.8000E-09 6.3204E-09 5.8293E-09 5.3350E-09 4.8450E-09 4.3684E-09 3.9078E-09 3.4704E-09 3.0603E-09 2.6779E-09 2.3268E-09 2.0077E-09 1.7192E-09 1.4615E-09 1.2344E-09 1.0340E-09 8.5957E-10 7.0776E-10 5.7604E-10 4.6236E-10 3.6594E-10 2.8772E-10 2.2812E-10 1.7759E-10 1.3332E-10 9.8532E-11 7.1210E-11 5.0680E-11 3.4611E-11 2.2922E-11 1.4457E-11 7.6813E-12 1.9785E-12 0.0000E+00 0.0000E+00 0.0000E+00 0.0000E+00
5.8029E-09 6.3239E-09 6.8366E-09 7.3336E-09 7.8040E-09 8.2381E-09 8.6259E-09 8.9592E-09 9.2300E-09 9.4322E-09 9.5612E-09 9.6135E-09 9.5888E-09 9.4873E-09 9.3117E-09 9.0647E-09 8.7533E-09 8.3866E-09 7.9707E-09 7.5146E-09 7.0297E-09 6.5245E-09 6.0076E-09 5.4885E-09 4.9774E-09 4.4772E-09 3.9969E-09 3.5422E-09 3.1150E-09 2.7202E-09 2.3572E-09 2.0268E-09 1.7321E-09 1.4699E-09 1.2367E-09 1.0350E-09 8.5741E-10 7.0396E-10 5.7118E-10 4.5621E-10 3.5851E-10 2.8171E-10 2.2039E-10 1.7083E-10 1.2763E-10 9.3745E-11 6.7660E-11 4.7134E-11 3.2188E-11 2.0615E-11 1.2292E-11 5.8882E-12 1.5255E-12 0.0000E+00 0.0000E+00 0.0000E+00 0.0000E+00
5.9875E-09 6.5346E-09 7.0742E-09 7.5962E-09 8.0896E-09 8.5438E-09 8.9494E-09 9.2980E-09 9.5817E-09 9.7935E-09 9.9280E-09 9.9812E-09 9.9526E-09 9.8426E-09 9.6546E-09 9.3925E-09 9.0640E-09 8.6737E-09 8.2341E-09 7.7553E-09 7.2440E-09 6.7121E-09 6.1707E-09 5.6286E-09 5.0921E-09 4.5721E-09 4.0744E-09 3.6013E-09 3.1599E-09 2.7516E-09 2.3785E-09 2.0395E-09 1.7372E-09 1.4700E-09 1.2335E-09 1.0289E-09 8.5224E-10 6.9774E-10 5.6518E-10 4.4766E-10 3.4948E-10 2.7235E-10 2.1085E-10 1.6243E-10 1.2063E-10 8.8513E-11 6.3053E-11 4.3507E-11 2.9106E-11 1.7986E-11 1.0356E-11 4.1899E-12 6.2142E-13 0.0000E+00 0.0000E+00 0.0000E+00 0.0000E+00
6.1685E-09 6.7408E-09 7.3045E-09 7.8494E-09 8.3656E-09 8.8421E-09 9.2677E-09 9.6329E-09 9.9287E-09 1.0148E-08 1.0284E-08 1.0336E-08 1.0303E-08 1.0185E-08 9.9837E-09 9.7057E-09 9.3567E-09 8.9461E-09 8.4836E-09 7.9781E-09 7.4415E-09 6.8850E-09 6.3192E-09 5.7515E-09 5.1940E-09 4.6534E-09 4.1361E-09 3.6486E-09 3.1928E-09 2.7717E-09 2.3902E-09 2.0436E-09 1.7343E-09 1.4631E-09 1.2243E-09 1.0178E-09 8.4051E-10 6.8828E-10 5.5370E-10 4.3570E-10 3.3589E-10 2.5985E-10 2.0026E-10 1.5275E-10 1.1320E-10 8.2578E-11 5.7862E-11 3.9383E-11 2.5281E-11 1.5471E-11 7.9424E-12 2.4865E-12 0.0000E+00 0.0000E+00 0.0000E+00 0.0000E+00 0.0000E+00
6.3410E-09 6.9374E-09 7.5268E-09 8.0973E-09 8.6373E-09 9.1350E-09 9.5779E-09 9.9571E-09 1.0264E-08 1.0490E-08 1.0631E-08 1.0683E-08 1.0643E-08 1.0513E-08 1.0298E-08 1.0003E-08 9.6330E-09 9.2015E-09 8.7135E-09 8.1832E-09 7.6223E-09 7.0403E-09 6.4482E-09 5.8587E-09 5.2806E-09 4.7195E-09 4.1851E-09 3.6821E-09 3.2140E-09 2.7825E-09 2.3913E-09 2.0393E-09 1.7255E-09 1.4497E-09 1.2093E-09 1.0005E-09 8.2443E-10 6.7312E-10 5.3931E-10 4.2121E-10 3.2164E-10 2.4786E-10 1.8893E-10 1.4238E-10 1.0461E-10 7.5948E-11 5.2639E-11 3.4607E-11 2.1794E-11 1.2770E-11 5.6844E-12 1.0476E-12 0.0000E+00 0.0000E+00 0.0000E+00 0.0000E+00 0.0000E+00
6.5136E-09 7.1361E-09 7.7507E-09 8.3444E-09 8.9055E-09 9.4226E-09 9.8842E-09 1.0279E-08 1.0596E-08 1.0828E-08 1.0969E-08 1.1017E-08 1.0970E-08 1.0830E-08 1.0599E-08 1.0284E-08 9.8954E-09 9.4366E-09 8.9261E-09 8.3708E-09 7.7834E-09 7.1757E-09 6.5616E-09 5.9487E-09 5.3488E-09 4.7712E-09 4.2201E-09 3.7020E-09 3.2231E-09 2.7824E-09 2.3828E-09 2.0266E-09 1.7098E-09 1.4301E-09 1.1891E-09 9.7981E-10 8.0405E-10 6.5442E-10 5.2230E-10 4.0612E-10 3.0871E-10 2.3419E-10 1.7626E-10 1.3127E-10 9.5163E-11 6.9184E-11 4.6517E-11 2.9630E-11 1.8109E-11 9.7855E-12 3.6451E-12 5.3634E-13 0.0000E+00 0.0000E+00 0.0000E+00 0.0000E+00 0.0000E+00
6.6825E-09 7.3292E-09 7.9675E-09 8.5862E-09 9.1710E-09 9.7087E-09 1.0187E-08 1.0594E-08 1.0920E-08 1.1157E-08 1.1299E-08 1.1343E-08 1.1286E-08 1.1131E-08 1.0884E-08 1.0550E-08 1.0136E-08 9.6564E-09 9.1190E-09 8.5373E-09 7.9245E-09 7.2945E-09 6.6554E-09 6.0208E-09 5.4016E-09 4.8055E-09 4.2403E-09 3.7099E-09 3.2197E-09 2.7714E-09 2.3667E-09 2.0050E-09 1.6873E-09 1.4055E-09 1.1640E-09 9.5650E-10 7.7988E-10 6.3271E-10 5.0396E-10 3.8990E-10 2.9299E-10 2.1791E-10 1.6274E-10 1.1940E-10 8.5596E-11 6.1321E-11 4.0166E-11 2.5409E-11 1.4310E-11 6.8533E-12 2.1091E-12 1.1674E-13 0.0000E+00 0.0000E+00 0.0000E+00 0.0000E+00 0.0000E+00
6.8546E-09 7.5281E-09 8.1931E-09 8.8360E-09 9.4426E-09 9.9990E-09 1.0493E-08 1.0911E-08 1.1245E-08 1.1484E-08 1.1622E-08 1.1658E-08 1.1591E-08 1.1421E-08 1.1155E-08 1.0797E-08 1.0362E-08 9.8551E-09 9.2901E-09 8.6829E-09 8.0464E-09 7.3896E-09 6.7290E-09 6.0757E-09 5.4369E-09 4.8244E-09 4.2457E-09 3.7045E-09 3.2040E-09 2.7506E-09 2.3417E-09 1.9756E-09 1.6567E-09 1.3768E-09 1.1340E-09 9.2912E-10 7.5212E-10 6.0720E-10 4.8332E-10 3.6974E-10 2.7595E-10 2.0236E-10 1.4828E-10 1.0702E-10 7.6121E-11 5.3228E-11 3.4745E-11 2.0420E-11 1.0644E-11 4.2469E-12 1.1649E-12 0.0000E+00 0.0000E+00 0.0000E+00 0.0000E+00 0.0000E+00 0.0000E+00
7.0276E-09 7.7277E-09 8.4181E-09 9.0845E-09 9.7135E-09 1.0290E-08 1.0799E-08 1.1228E-08 1.1568E-08 1.1808E-08 1.1944E-08 1.1971E-08 1.1889E-08 1.1701E-08 1.1412E-08 1.1032E-08 1.0569E-08 1.0035E-08 9.4440E-09 8.8093E-09 8.1443E-09 7.4656E-09 6.7831E-09 6.1089E-09 5.4549E-09 4.8277E-09 4.2352E-09 3.6859E-09 3.1785E-09 2.7183E-09 2.3079E-09 1.9401E-09 1.6201E-09 1.3420E-09 1.0997E-09 8.9843E-10 7.2254E-10 5.7978E-10 4.6061E-10 3.5024E-10 2.5893E-10 1.8684E-10 1.3300E-10 9.4649E-11 6.6804E-11 4.5986E-11 2.8791E-11 1.5916E-11 7.5583E-12 2.9406E-12 5.5402E-13 0.0000E+00 0.0000E+00 0.0000E+00 0.0000E+00 0.0000E+00 0.0000E+00
7.2078E-09 7.9362E-09 8.6550E-09 9.3484E-09 1.0001E-08 1.0596E-08 1.1119E-08 1.1558E-08 1.1900E-08 1.2138E-08 1.2265E-08 1.2278E-08 1.2179E-08 1.1971E-08 1.1657E-08 1.1251E-08 1.0760E-08 1.0197E-08 9.5785E-09 8.9138E-09 8.2254E-09 7.5209E-09 6.8166E-09 6.1243E-09 5.4541E-09 4.8143E-09 4.2107E-09 3.6527E-09 3.1416E-09 2.6769E-09 2.2648E-09 1.8992E-09 1.5781E-09 1.3023E-09 1.0637E-09 8.6435E-10 6.9182E-10 5.5112E-10 4.3576E-10 3.3137E-10 2.4152E-10 1.7096E-10 1.1912E-10 8.2059E-11 5.7754E-11 3.8835E-11 2.2702E-11 1.2149E-11 5.0391E-12 1.6765E-12 1.1807E-13 0.0000E+00 0.0000E+00 0.0000E+00 0.0000E+00 0.0000E+00 0.0000E+00
7.3993E-09 8.1560E-09 8.9016E-09 9.6202E-09 1.0294E-08 1.0908E-08 1.1446E-08 1.1893E-08 1.2239E-08 1.2474E-08 1.2592E-08 1.2591E-08 1.2471E-08 1.2237E-08 1.1896E-08 1.1458E-08 1.0936E-08 1.0343E-08 9.6906E-09 9.0023E-09 8.2835E-09 7.5563E-09 6.8317E-09 6.1217E-09 5.4352E-09 4.7856E-09 4.1736E-09 3.6080E-09 3.0944E-09 2.6280E-09 2.2143E-09 1.8508E-09 1.5316E-09 1.2590E-09 1.0248E-09 8.2813E-10 6.6108E-10 5.2096E-10 4.0977E-10 3.1112E-10 2.2164E-10 1.5434E-10 1.0440E-10 7.0084E-11 4.9378E-11 3.1591E-11 1.7987E-11 8.4759E-12 3.1944E-12 7.9954E-13 0.0000E+00 0.0000E+00 0.0000E+00 0.0000E+00 0.0000E+00 0.0000E+00 0.0000E+00
7.6019E-09 8.3901E-09 9.1647E-09 9.9107E-09 1.0609E-08 1.1242E-08 1.1793E-08 1.2247E-08 1.2592E-08 1.2820E-08 1.2925E-08 1.2905E-08 1.2761E-08 1.2500E-08 1.2127E-08 1.1657E-08 1.1101E-08 1.0473E-08 9.7919E-09 9.0692E-09 8.3248E-09 7.5728E-09 6.8265E-09 6.1007E-09 5.4014E-09 4.7412E-09 4.1235E-09 3.5530E-09 3.0369E-09 2.5727E-09 2.1575E-09 1.7971E-09 1.4811E-09 1.2125E-09 9.8463E-10 7.8883E-10 6.2927E-10 4.9087E-10 3.8382E-10 2.8839E-10 2.0171E-10 1.3686E-10 8.9793E-11 6.0101E-11 4.0894E-11 2.5636E-11 1.3472E-11 5.7373E-12 1.8208E-12 2.2793E-13 0.0000E+00 0.0000E+00 0.0000E+00 0.0000E+00 0.0000E+00 0.0000E+00 0.0000E+00
7.8281E-09 8.6488E-09 9.4538E-09 1.0225E-08 1.0944E-08 1.1593E-08 1.2155E-08 1.2614E-08 1.2957E-08 1.3177E-08 1.3266E-08 1.3224E-08 1.3053E-08 1.2759E-08 1.2353E-08 1.1846E-08 1.1253E-08 1.0590E-08 9.8729E-09 9.1209E-09 8.3495E-09 7.5728E-09 6.8049E-09 6.0623E-09 5.3515E-09 4.6813E-09 4.0610E-09 3.4889E-09 2.9704E-09 2.5087E-09 2.0963E-09 1.7398E-09 1.4293E-09 1.1646E-09 9.4238E-10 7.4850E-10 5.9563E-10 4.6253E-10 3.5814E-10 2.6607E-10 1.8328E-10 1.2070E-10 7.7196E-11 5.0222E-11 3.3421E-11 1.9808E-11 9.5531E-12 3.7322E-12 8.1669E-13 0.0000E+00 0.0000E+00 0.0000E+00 0.0000E+00 0.0000E+00 0.0000E+00 0.0000E+00 0.0000E+00
8.0684E-09 8.9256E-09 9.7648E-09 1.0565E-08 1.1308E-08 1.1974E-08 1.2544E-08 1.3006E-08 1.3344E-08 1.3551E-08 1.3620E-08 1.3551E-08 1.3348E-08 1.3019E-08 1.2574E-08 1.2027E-08 1.1395E-08 1.0692E-08 9.9391E-09 9.1541E-09 8.3531E-09 7.5544E-09 6.7650E-09 6.0066E-09 5.2861E-09 4.6097E-09 3.9850E-09 3.4146E-09 2.8952E-09 2.4375E-09 2.0300E-09 1.6783E-09 1.3753E-09 1.1136E-09 8.9868E-10 7.1009E-10 5.6105E-10 4.3569E-10 3.3257E-10 2.4293E-10 1.6555E-10 1.0590E-10 6.4461E-11 4.1567E-11 2.7114E-11 1.4485E-11 6.5962E-12 1.9854E-12 2.2827E-13 0.0000E+00 0.0000E+00 0.0000E+00 0.0000E+00 0.0000E+00 0.0000E+00 0.0000E+00 0.0000E+00
8.3389E-09 9.2361E-09 1.0111E-08 1.0942E-08 1.1707E-08 1.2388E-08 1.2965E-08 1.3425E-08 1.3752E-08 1.3941E-08 1.3985E-08 1.3886E-08 1.3647E-08 1.3278E-08 1.2791E-08 1.2201E-08 1.1525E-08 1.0782E-08 9.9908E-09 9.1721E-09 8.3396E-09 7.5160E-09 6.7067E-09 5.9352E-09 5.2043E-09 4.5250E-09 3.8964E-09 3.3282E-09 2.8132E-09 2.3593E-09 1.9598E-09 1.6123E-09 1.3178E-09 1.0613E-09 8.5257E-10 6.7331E-10 5.2668E-10 4.0896E-10 3.0702E-10 2.2077E-10 1.4730E-10 9.0925E-11 5.4269E-11 3.4575E-11 2.1018E-11 1.0452E-11 3.8399E-12 6.8414E-13 0.0000E+00 0.0000E+00 0.0000E+00 0.0000E+00 0.0000E+00 0.0000E+00 0.0000E+00 0.0000E+00 0.0000E+00
8.6333E-09 9.5734E-09 1.0488E-08 1.1353E-08 1.2146E-08 1.2844E-08 1.3429E-08 1.3884E-08 1.4197E-08 1.4362E-08 1.4375E-08 1.4237E-08 1.3955E-08 1.3538E-08 1.3003E-08 1.2365E-08 1.1643E-08 1.0856E-08 1.0026E-08 9.1692E-09 8.3113E-09 7.4589E-09 6.6314E-09 5.8461E-09 5.1056E-09 4.4258E-09 3.7961E-09 3.2315E-09 2.7229E-09 2.2747E-09 1.8841E-09 1.5416E-09 1.2577E-09 1.0089E-09 8.0504E-10 6.3628E-10 4.9243E-10 3.8024E-10 2.8187E-10 1.9934E-10 1.3004E-10 7.7482E-11 4.6473E-11 2.7853E-11 1.5303E-11 6.6674E-12 1.6382E-12 1.3063E-13 0.0000E+00 0.0000E+00 0.0000E+00 0.0000E+00 0.0000E+00 0.0000E+00 0.0000E+00 0.0000E+00 0.0000E+00
8.9576E-09 9.9473E-09 1.0907E-08 1.1809E-08 1.2630E-08 1.3344E-08 1.3933E-08 1.4381E-08 1.4676E-08 1.4812E-08 1.4787E-08 1.4604E-08 1.4273E-08 1.3805E-08 1.3215E-08 1.2524E-08 1.1751E-08 1.0917E-08 1.0044E-08 9.1533E-09 8.2605E-09 7.3880E-09 6.5409E-09 5.7430E-09 4.9937E-09 4.3104E-09 3.6859E-09 3.1252E-09 2.6256E-09 2.1828E-09 1.8032E-09 1.4697E-09 1.1934E-09 9.5636E-10 7.5675E-10 5.9646E-10 4.5851E-10 3.5167E-10 2.5945E-10 1.7933E-10 1.1399E-10 6.7124E-11 3.9124E-11 2.1699E-11 1.0384E-11 3.2390E-12 4.0852E-13 0.0000E+00 0.0000E+00 0.0000E+00 0.0000E+00 0.0000E+00 0.0000E+00 0.0000E+00 0.0000E+00 0.0000E+00 0.0000E+00
9.3192E-09 1.0358E-08 1.1363E-08 1.2306E-08 1.3158E-08 1.3893E-08 1.4490E-08 1.4931E-08 1.5205E-08 1.5305E-08 1.5235E-08 1.4998E-08 1.4607E-08 1.4076E-08 1.3425E-08 1.2675E-08 1.1846E-08 1.0963E-08 1.0046E-08 9.1176E-09 8.1954E-09 7.2959E-09 6.4327E-09 5.6243E-09 4.8694E-09 4.1819E-09 3.5644E-09 3.0100E-09 2.5201E-09 2.0863E-09 1.7191E-09 1.3969E-09 1.1270E-09 9.0128E-10 7.0780E-10 5.5587E-10 4.2669E-10 3.2209E-10 2.3535E-10 1.6071E-10 1.0009E-10 5.6820E-11 3.0650E-11 1.5239E-11 5.6896E-12 1.1241E-12 0.0000E+00 0.0000E+00 0.0000E+00 0.0000E+00 0.0000E+00 0.0000E+00 0.0000E+00 0.0000E+00 0.0000E+00 0.0000E+00 0.0000E+00
9.7070E-09 1.0802E-08 1.1859E-08 1.2847E-08 1.3733E-08 1.4489E-08 1.5092E-08 1.5523E-08 1.5772E-08 1.5834E-08 1.5714E-08 1.5418E-08 1.4963E-08 1.4364E-08 1.3644E-08 1.2826E-08 1.1935E-08 1.0995E-08 1.0031E-08 9.0637E-09 8.1123E-09 7.1852E-09 6.3110E-09 5.4910E-09 4.7328E-09 4.0411E-09 3.4326E-09 2.8849E-09 2.4083E-09 1.9868E-09 1.6295E-09 1.3225E-09 1.0590E-09 8.4428E-10 6.6117E-10 5.1513E-10 3.9431E-10 2.9318E-10 2.1216E-10 1.4220E-10 8.6814E-11 4.6949E-11 2.3096E-11 9.4211E-12 2.3019E-12 8.6616E-14 0.0000E+00 0.0000E+00 0.0000E+00 0.0000E+00 0.0000E+00 0.0000E+00 0.0000E+00 0.0000E+00 0.0000E+00 0.0000E+00 0.0000E+00
