Assets/Resources/2015_m01_d04_0000(utc+0800)_l00_csi_1hr_conc.grd
DSAA
         159         159
     -79.000      79.000
     -79.000      79.000
  0.1748E-10  0.4467E-05
[rows 50 to 74 of 159, columns 0 to 56 of 159]
6.0372E-11 6.2397E-11 6.3995E-11 6.5641E-11 6.7334E-11 6.9570E-11 7.1373E-11 7.3222E-11 7.5121E-11 7.7332E-11 7.9611E-11 8.1691E-11 8.3822E-11 8.6006E-11 8.8925E-11 9.1263E-11 9.3657E-11 9.6438E-11 9.9304E-11 1.0191E-10 1.0459E-10 1.0733E-10 1.1083E-10 1.1373E-10 1.1670E-10 1.1975E-10 1.2287E-10 1.2606E-10 1.2933E-10 1.3266E-10 1.3607E-10 1.3956E-10 1.4313E-10 1.4677E-10 1.5048E-10 1.5428E-10 1.5816E-10 1.6211E-10 1.6615E-10 1.7026E-10 1.7445E-10 1.7873E-10 1.8310E-10 1.8754E-10 1.9206E-10 1.9667E-10 2.0135E-10 2.0612E-10 2.1097E-10 2.1590E-10 2.2091E-10 2.2599E-10 2.3116E-10 2.3641E-10 2.4173E-10 2.4712E-10 2.5259E-10
6.1532E-11 6.3593E-11 6.5215E-11 6.6879E-11 6.8586E-11 7.0849E-11 7.2677E-11 7.4554E-11 7.6478E-11 7.8969E-11 8.1015E-11 8.3117E-11 8.5279E-11 8.8154E-11 9.0455E-11 9.2812E-11 9.5227E-11 9.8385E-11 1.0096E-10 1.0360E-10 1.0630E-10 1.0975E-10 1.1262E-10 1.1556E-10 1.1858E-10 1.2166E-10 1.2481E-10 1.2803E-10 1.3133E-10 1.3471E-10 1.3816E-10 1.4169E-10 1.4529E-10 1.4897E-10 1.5273E-10 1.5658E-10 1.6050E-10 1.6449E-10 1.6857E-10 1.7274E-10 1.7698E-10 1.8131E-10 1.8571E-10 1.9020E-10 1.9477E-10 1.9943E-10 2.0417E-10 2.0899E-10 2.1389E-10 2.1888E-10 2.2395E-10 2.2909E-10 2.3432E-10 2.3963E-10 2.4501E-10 2.5047E-10 2.5601E-10
6.3195E-11 6.4790E-11 6.6425E-11 6.8106E-11 7.0342E-11 7.2141E-11 7.3987E-11 7.5879E-11 7.8074E-11 8.0350E-11 8.2426E-11 8.4553E-11 8.7059E-11 8.9644E-11 9.1970E-11 9.4360E-11 9.7142E-11 1.0001E-10 1.0261E-10 1.0527E-10 1.0835E-10 1.1152E-10 1.1442E-10 1.1739E-10 1.2043E-10 1.2354E-10 1.2673E-10 1.3000E-10 1.3333E-10 1.3674E-10 1.4023E-10 1.4380E-10 1.4745E-10 1.5117E-10 1.5497E-10 1.5885E-10 1.6281E-10 1.6686E-10 1.7099E-10 1.7519E-10 1.7948E-10 1.8385E-10 1.8831E-10 1.9285E-10 1.9748E-10 2.0218E-10 2.0697E-10 2.1184E-10 2.1680E-10 2.2184E-10 2.2696E-10 2.3217E-10 2.3745E-10 2.4282E-10 2.4827E-10 2.5379E-10 2.5939E-10
6.4365E-11 6.5982E-11 6.7642E-11 6.9592E-11 7.1606E-11 7.3420E-11 7.5285E-11 7.7204E-11 7.9693E-11 8.1734E-11 8.3826E-11 8.5970E-11 8.8844E-11 9.1140E-11 9.3492E-11 9.5902E-11 9.9050E-11 1.0162E-10 1.0425E-10 1.0695E-10 1.1040E-10 1.1326E-10 1.1619E-10 1.1920E-10 1.2228E-10 1.2543E-10 1.2865E-10 1.3194E-10 1.3531E-10 1.3877E-10 1.4230E-10 1.4590E-10 1.4958E-10 1.5334E-10 1.5719E-10 1.6111E-10 1.6512E-10 1.6921E-10 1.7337E-10 1.7763E-10 1.8197E-10 1.8639E-10 1.9089E-10 1.9548E-10 2.0015E-10 2.0491E-10 2.0975E-10 2.1468E-10 2.1968E-10 2.2477E-10 2.2995E-10 2.3522E-10 2.4056E-10 2.4599E-10 2.5149E-10 2.5708E-10 2.6274E-10
6.5548E-11 6.7179E-11 6.8851E-11 7.1071E-11 7.2865E-11 7.4705E-11 7.6591E-11 7.9035E-11 8.1041E-11 8.3105E-11 8.5226E-11 8.8050E-11 9.0308E-11 9.2622E-11 9.4993E-11 9.8102E-11 1.0064E-10 1.0323E-10 1.0589E-10 1.0895E-10 1.1211E-10 1.1501E-10 1.1797E-10 1.2101E-10 1.2411E-10 1.2729E-10 1.3055E-10 1.3389E-10 1.3729E-10 1.4078E-10 1.4433E-10 1.4798E-10 1.5170E-10 1.5551E-10 1.5939E-10 1.6335E-10 1.6740E-10 1.7153E-10 1.7575E-10 1.8005E-10 1.8443E-10 1.8889E-10 1.9344E-10 1.9808E-10 2.0281E-10 2.0761E-10 2.1250E-10 2.1748E-10 2.2254E-10 2.2769E-10 2.3292E-10 2.3824E-10 2.4363E-10 2.4912E-10 2.5469E-10 2.6033E-10 2.6606E-10
6.6718E-11 6.8367E-11 7.0311E-11 7.2319E-11 7.4126E-11 7.5979E-11 7.7880E-11 8.0364E-11 8.2397E-11 8.4482E-11 8.6618E-11 8.9476E-11 9.1759E-11 9.4104E-11 9.6506E-11 9.9651E-11 1.0220E-10 1.0482E-10 1.0751E-10 1.1096E-10 1.1382E-10 1.1674E-10 1.1973E-10 1.2280E-10 1.2594E-10 1.2916E-10 1.3244E-10 1.3581E-10 1.3924E-10 1.4277E-10 1.4637E-10 1.5005E-10 1.5381E-10 1.5764E-10 1.6157E-10 1.6558E-10 1.6967E-10 1.7384E-10 1.7809E-10 1.8243E-10 1.8686E-10 1.9138E-10 1.9598E-10 2.0066E-10 2.0542E-10 2.1028E-10 2.1523E-10 2.2026E-10 2.2537E-10 2.3057E-10 2.3586E-10 2.4123E-10 2.4669E-10 2.5222E-10 2.5785E-10 2.6355E-10 2.6934E-10
6.7895E-11 6.9561E-11 7.1775E-11 7.3550E-11 7.5378E-11 7.7256E-11 7.9693E-11 8.1691E-11 8.3739E-11 8.5841E-11 8.8659E-11 9.0909E-11 9.3214E-11 9.5575E-11 9.8665E-11 1.0119E-10 1.0377E-10 1.0642E-10 1.0981E-10 1.1262E-10 1.1550E-10 1.1846E-10 1.2149E-10 1.2458E-10 1.2775E-10 1.3099E-10 1.3432E-10 1.3772E-10 1.4120E-10 1.4475E-10 1.4838E-10 1.5209E-10 1.5590E-10 1.5978E-10 1.6374E-10 1.6778E-10 1.7190E-10 1.7612E-10 1.8042E-10 1.8481E-10 1.8928E-10 1.9383E-10 1.9847E-10 2.0321E-10 2.0803E-10 2.1293E-10 2.1792E-10 2.2300E-10 2.2817E-10 2.3342E-10 2.3876E-10 2.4418E-10 2.4969E-10 2.5529E-10 2.6097E-10 2.6674E-10 2.7258E-10
6.9062E-11 7.0989E-11 7.2990E-11 7.4789E-11 7.6633E-11 7.8524E-11 8.0987E-11 8.3008E-11 8.5083E-11 8.7209E-11 9.0059E-11 9.2324E-11 9.4648E-11 9.7371E-11 1.0018E-10 1.0272E-10 1.0532E-10 1.0833E-10 1.1144E-10 1.1428E-10 1.1719E-10 1.2017E-10 1.2322E-10 1.2635E-10 1.2955E-10 1.3283E-10 1.3618E-10 1.3961E-10 1.4312E-10 1.4671E-10 1.5038E-10 1.5413E-10 1.5797E-10 1.6188E-10 1.6587E-10 1.6996E-10 1.7413E-10 1.7839E-10 1.8272E-10 1.8714E-10 1.9166E-10 1.9626E-10 2.0095E-10 2.0573E-10 2.1059E-10 2.1554E-10 2.2058E-10 2.2571E-10 2.3093E-10 2.3623E-10 2.4162E-10 2.4710E-10 2.5267E-10 2.5832E-10 2.6406E-10 2.6988E-10 2.7578E-10
7.0232E-11 7.2437E-11 7.4203E-11 7.6014E-11 7.7874E-11 8.0302E-11 8.2290E-11 8.4327E-11 8.6415E-11 8.9212E-11 9.1448E-11 9.3741E-11 9.6090E-11 9.9172E-11 1.0167E-10 1.0424E-10 1.0687E-10 1.1026E-10 1.1306E-10 1.1592E-10 1.1885E-10 1.2187E-10 1.2495E-10 1.2811E-10 1.3134E-10 1.3464E-10 1.3802E-10 1.4149E-10 1.4504E-10 1.4866E-10 1.5236E-10 1.5614E-10 1.6001E-10 1.6397E-10 1.6800E-10 1.7212E-10 1.7632E-10 1.8062E-10 1.8500E-10 1.8947E-10 1.9402E-10 1.9866E-10 2.0339E-10 2.0822E-10 2.1313E-10 2.1813E-10 2.2321E-10 2.2839E-10 2.3365E-10 2.3901E-10 2.4445E-10 2.4998E-10 2.5560E-10 2.6130E-10 2.6710E-10 2.7298E-10 2.7894E-10
7.1674E-11 7.3633E-11 7.5408E-11 7.7242E-11 7.9122E-11 8.1575E-11 8.3575E-11 8.5630E-11 8.7744E-11 9.0583E-11 9.2835E-11 9.5143E-11 9.7840E-11 1.0064E-10 1.0316E-10 1.0575E-10 1.0875E-10 1.1183E-10 1.1465E-10 1.1755E-10 1.2052E-10 1.2355E-10 1.2666E-10 1.2984E-10 1.3311E-10 1.3645E-10 1.3986E-10 1.4335E-10 1.4692E-10 1.5058E-10 1.5432E-10 1.5814E-10 1.6204E-10 1.6603E-10 1.7009E-10 1.7426E-10 1.7850E-10 1.8283E-10 1.8725E-10 1.9175E-10 1.9635E-10 2.0104E-10 2.0582E-10 2.1068E-10 2.1563E-10 2.2067E-10 2.2581E-10 2.3103E-10 2.3635E-10 2.4175E-10 2.4724E-10 2.5282E-10 2.5849E-10 2.6425E-10 2.7010E-10 2.7603E-10 2.8205E-10
7.3151E-11 7.4887E-11 7.6667E-11 7.8491E-11 8.0875E-11 8.2838E-11 8.4863E-11 8.6938E-11 8.9722E-11 9.1933E-11 9.4206E-11 9.6541E-11 9.9611E-11 1.0209E-10 1.0464E-10 1.0725E-10 1.1062E-10 1.1340E-10 1.1625E-10 1.1917E-10 1.2216E-10 1.2522E-10 1.2836E-10 1.3158E-10 1.3486E-10 1.3823E-10 1.4167E-10 1.4520E-10 1.4880E-10 1.5249E-10 1.5626E-10 1.6010E-10 1.6404E-10 1.6807E-10 1.7218E-10 1.7637E-10 1.8065E-10 1.8501E-10 1.8947E-10 1.9402E-10 1.9866E-10 2.0338E-10 2.0819E-10 2.1310E-10 2.1810E-10 2.2319E-10 2.2837E-10 2.3364E-10 2.3900E-10 2.4445E-10 2.4999E-10 2.5562E-10 2.6134E-10 2.6715E-10 2.7305E-10 2.7904E-10 2.8511E-10
7.4437E-11 7.6164E-11 7.7934E-11 7.9769E-11 8.2189E-11 8.4154E-11 8.6169E-11 8.8233E-11 9.1050E-11 9.3287E-11 9.5579E-11 9.8261E-11 1.0103E-10 1.0354E-10 1.0611E-10 1.0942E-10 1.1216E-10 1.1496E-10 1.1782E-10 1.2077E-10 1.2379E-10 1.2688E-10 1.3004E-10 1.3328E-10 1.3660E-10 1.4000E-10 1.4347E-10 1.4702E-10 1.5066E-10 1.5437E-10 1.5817E-10 1.6206E-10 1.6603E-10 1.7008E-10 1.7422E-10 1.7845E-10 1.8277E-10 1.8718E-10 1.9167E-10 1.9625E-10 2.0093E-10 2.0570E-10 2.1055E-10 2.1550E-10 2.2054E-10 2.2567E-10 2.3089E-10 2.3621E-10 2.4162E-10 2.4711E-10 2.5270E-10 2.5838E-10 2.6415E-10 2.7001E-10 2.7596E-10 2.8200E-10 2.8812E-10
7.5732E-11 7.7470E-11 7.9263E-11 8.1614E-11 8.3522E-11 8.5477E-11 8.7507E-11 9.0254E-11 9.2427E-11 9.4654E-11 9.6935E-11 9.9984E-11 1.0245E-10 1.0498E-10 1.0757E-10 1.1091E-10 1.1367E-10 1.1650E-10 1.1940E-10 1.2237E-10 1.2540E-10 1.2851E-10 1.3171E-10 1.3498E-10 1.3832E-10 1.4174E-10 1.4524E-10 1.4882E-10 1.5249E-10 1.5624E-10 1.6007E-10 1.6398E-10 1.6798E-10 1.7208E-10 1.7625E-10 1.8052E-10 1.8486E-10 1.8930E-10 1.9384E-10 1.9846E-10 2.0317E-10 2.0798E-10 2.1287E-10 2.1786E-10 2.2294E-10 2.2812E-10 2.3338E-10 2.3874E-10 2.4418E-10 2.4973E-10 2.5537E-10 2.6110E-10 2.6691E-10 2.7282E-10 2.7882E-10 2.8491E-10 2.9109E-10
7.7090E-11 7.8831E-11 8.0614E-11 8.2965E-11 8.4888E-11 8.6867E-11 8.8896E-11 9.1648E-11 9.3810E-11 9.6056E-11 9.9027E-11 1.0142E-10 1.0388E-10 1.0640E-10 1.0969E-10 1.1240E-10 1.1518E-10 1.1803E-10 1.2094E-10 1.2394E-10 1.2701E-10 1.3015E-10 1.3336E-10 1.3665E-10 1.4002E-10 1.4347E-10 1.4700E-10 1.5061E-10 1.5431E-10 1.5808E-10 1.6194E-10 1.6589E-10 1.6992E-10 1.7404E-10 1.7825E-10 1.8254E-10 1.8693E-10 1.9141E-10 1.9597E-10 2.0063E-10 2.0537E-10 2.1022E-10 2.1516E-10 2.2019E-10 2.2531E-10 2.3052E-10 2.3582E-10 2.4123E-10 2.4672E-10 2.5231E-10 2.5799E-10 2.6376E-10 2.6963E-10 2.7559E-10 2.8164E-10 2.8777E-10 2.9400E-10
7.8470E-11 8.0200E-11 8.2508E-11 8.4384E-11 8.6306E-11 8.8275E-11 9.0949E-11 9.3077E-11 9.5265E-11 9.7507E-11 1.0048E-10 1.0287E-10 1.0535E-10 1.0789E-10 1.1120E-10 1.1390E-10 1.1667E-10 1.1955E-10 1.2249E-10 1.2551E-10 1.2859E-10 1.3175E-10 1.3499E-10 1.3831E-10 1.4171E-10 1.4518E-10 1.4874E-10 1.5237E-10 1.5610E-10 1.5990E-10 1.6379E-10 1.6777E-10 1.7182E-10 1.7598E-10 1.8022E-10 1.8455E-10 1.8897E-10 1.9347E-10 1.9807E-10 2.0277E-10 2.0756E-10 2.1244E-10 2.1741E-10 2.2247E-10 2.2763E-10 2.3289E-10 2.3824E-10 2.4368E-10 2.4921E-10 2.5484E-10 2.6057E-10 2.6639E-10 2.7230E-10 2.7830E-10 2.8440E-10 2.9059E-10 2.9686E-10
7.9895E-11 8.1636E-11 8.3956E-11 8.5821E-11 8.7731E-11 8.9717E-11 9.2432E-11 9.4556E-11 9.6733E-11 9.9625E-11 1.0198E-10 1.0439E-10 1.0686E-10 1.1008E-10 1.1271E-10 1.1544E-10 1.1824E-10 1.2110E-10 1.2404E-10 1.2704E-10 1.3016E-10 1.3335E-10 1.3661E-10 1.3995E-10 1.4336E-10 1.4687E-10 1.5046E-10 1.5412E-10 1.5787E-10 1.6169E-10 1.6561E-10 1.6962E-10 1.7372E-10 1.7790E-10 1.8216E-10 1.8652E-10 1.9097E-10 1.9552E-10 2.0015E-10 2.0488E-10 2.0969E-10 2.1461E-10 2.1962E-10 2.2473E-10 2.2992E-10 2.3521E-10 2.4060E-10 2.4608E-10 2.5166E-10 2.5734E-10 2.6310E-10 2.6896E-10 2.7492E-10 2.8097E-10 2.8711E-10 2.9335E-10 2.9967E-10
8.1355E-11 8.3613E-11 8.5430E-11 8.7304E-11 8.9228E-11 9.1865E-11 9.3928E-11 9.6040E-11 9.8238E-11 1.0117E-10 1.0352E-10 1.0592E-10 1.0838E-10 1.1164E-10 1.1429E-10 1.1702E-10 1.1980E-10 1.2266E-10 1.2562E-10 1.2866E-10 1.3176E-10 1.3494E-10 1.3820E-10 1.4157E-10 1.4502E-10 1.4854E-10 1.5215E-10 1.5583E-10 1.5961E-10 1.6347E-10 1.6742E-10 1.7145E-10 1.7557E-10 1.7978E-10 1.8408E-10 1.8847E-10 1.9295E-10 1.9752E-10 2.0218E-10 2.0695E-10 2.1181E-10 2.1676E-10 2.2180E-10 2.2693E-10 2.3217E-10 2.3750E-10 2.4293E-10 2.4845E-10 2.5406E-10 2.5978E-10 2.6559E-10 2.7149E-10 2.7749E-10 2.8358E-10 2.8977E-10 2.9605E-10 3.0243E-10
8.2862E-11 8.5127E-11 8.6952E-11 8.8823E-11 9.0752E-11 9.3401E-11 9.5472E-11 9.7600E-11 1.0045E-10 1.0273E-10 1.0506E-10 1.0749E-10 1.1066E-10 1.1324E-10 1.1588E-10 1.1860E-10 1.2141E-10 1.2430E-10 1.2725E-10 1.3027E-10 1.3337E-10 1.3658E-10 1.3986E-10 1.4322E-10 1.4666E-10 1.5019E-10 1.5382E-10 1.5754E-10 1.6134E-10 1.6522E-10 1.6918E-10 1.7325E-10 1.7740E-10 1.8164E-10 1.8596E-10 1.9038E-10 1.9489E-10 1.9950E-10 2.0420E-10 2.0899E-10 2.1387E-10 2.1885E-10 2.2393E-10 2.2911E-10 2.3438E-10 2.3974E-10 2.4520E-10 2.5077E-10 2.5642E-10 2.6218E-10 2.6803E-10 2.7397E-10 2.8001E-10 2.8615E-10 2.9238E-10 2.9870E-10 3.0512E-10
8.4653E-11 8.6685E-11 8.8508E-11 9.0387E-11 9.2965E-11 9.4982E-11 9.7051E-11 9.9182E-11 1.0205E-10 1.0433E-10 1.0668E-10 1.0910E-10 1.1227E-10 1.1484E-10 1.1752E-10 1.2026E-10 1.2306E-10 1.2593E-10 1.2888E-10 1.3193E-10 1.3505E-10 1.3825E-10 1.4152E-10 1.4488E-10 1.4835E-10 1.5189E-10 1.5552E-10 1.5922E-10 1.6303E-10 1.6694E-10 1.7094E-10 1.7503E-10 1.7920E-10 1.8346E-10 1.8782E-10 1.9227E-10 1.9681E-10 2.0144E-10 2.0616E-10 2.1099E-10 2.1591E-10 2.2093E-10 2.2603E-10 2.3124E-10 2.3654E-10 2.4195E-10 2.4745E-10 2.5304E-10 2.5873E-10 2.6452E-10 2.7041E-10 2.7640E-10 2.8248E-10 2.8866E-10 2.9493E-10 3.0130E-10 3.0776E-10
8.6490E-11 8.8271E-11 9.0104E-11 9.1982E-11 9.4583E-11 9.6598E-11 9.8674E-11 1.0113E-10 1.0369E-10 1.0597E-10 1.0832E-10 1.1142E-10 1.1394E-10 1.1653E-10 1.1919E-10 1.2191E-10 1.2471E-10 1.2761E-10 1.3058E-10 1.3362E-10 1.3673E-10 1.3992E-10 1.4322E-10 1.4660E-10 1.5006E-10 1.5359E-10 1.5722E-10 1.6096E-10 1.6478E-10 1.6868E-10 1.7267E-10 1.7677E-10 1.8097E-10 1.8526E-10 1.8964E-10 1.9411E-10 1.9868E-10 2.0335E-10 2.0811E-10 2.1296E-10 2.1790E-10 2.2294E-10 2.2809E-10 2.3333E-10 2.3867E-10 2.4410E-10 2.4964E-10 2.5527E-10 2.6100E-10 2.6683E-10 2.7275E-10 2.7878E-10 2.8489E-10 2.9111E-10 2.9743E-10 3.0384E-10 3.1034E-10
8.8100E-11 8.9891E-11 9.1727E-11 9.4263E-11 9.6229E-11 9.8254E-11 1.0033E-10 1.0314E-10 1.0536E-10 1.0765E-10 1.1000E-10 1.1312E-10 1.1563E-10 1.1822E-10 1.2088E-10 1.2362E-10 1.2643E-10 1.2932E-10 1.3227E-10 1.3531E-10 1.3845E-10 1.4166E-10 1.4495E-10 1.4831E-10 1.5177E-10 1.5533E-10 1.5898E-10 1.6270E-10 1.6651E-10 1.7043E-10 1.7445E-10 1.7856E-10 1.8275E-10 1.8703E-10 1.9143E-10 1.9594E-10 2.0053E-10 2.0522E-10 2.1000E-10 2.1488E-10 2.1986E-10 2.2494E-10 2.3011E-10 2.3538E-10 2.4074E-10 2.4622E-10 2.5179E-10 2.5745E-10 2.6321E-10 2.6908E-10 2.7504E-10 2.8110E-10 2.8726E-10 2.9352E-10 2.9987E-10 3.0632E-10 3.1286E-10
8.9756E-11 9.1542E-11 9.3380E-11 9.5933E-11 9.7910E-11 9.9936E-11 1.0202E-10 1.0484E-10 1.0708E-10 1.0936E-10 1.1240E-10 1.1485E-10 1.1737E-10 1.1996E-10 1.2262E-10 1.2536E-10 1.2816E-10 1.3105E-10 1.3402E-10 1.3707E-10 1.4019E-10 1.4339E-10 1.4668E-10 1.5007E-10 1.5354E-10 1.5709E-10 1.6072E-10 1.6446E-10 1.6830E-10 1.7222E-10 1.7623E-10 1.8033E-10 1.8454E-10 1.8885E-10 1.9326E-10 1.9776E-10 2.0235E-10 2.0706E-10 2.1187E-10 2.1678E-10 2.2178E-10 2.2688E-10 2.3208E-10 2.3739E-10 2.4279E-10 2.4829E-10 2.5388E-10 2.5958E-10 2.6538E-10 2.7128E-10 2.7728E-10 2.8337E-10 2.8956E-10 2.9586E-10 3.0225E-10 3.0874E-10 3.1532E-10
9.1498E-11 9.3273E-11 9.5096E-11 9.7651E-11 9.9621E-11 1.0165E-10 1.0440E-10 1.0658E-10 1.0881E-10 1.1111E-10 1.1416E-10 1.1662E-10 1.1914E-10 1.2173E-10 1.2439E-10 1.2713E-10 1.2994E-10 1.3282E-10 1.3579E-10 1.3883E-10 1.4196E-10 1.4517E-10 1.4847E-10 1.5184E-10 1.5530E-10 1.5886E-10 1.6252E-10 1.6626E-10 1.7009E-10 1.7400E-10 1.7802E-10 1.8215E-10 1.8636E-10 1.9067E-10 1.9506E-10 1.9958E-10 2.0420E-10 2.0892E-10 2.1373E-10 2.1863E-10 2.2366E-10 2.2879E-10 2.3402E-10 2.3935E-10 2.4478E-10 2.5031E-10 2.5594E-10 2.6167E-10 2.6750E-10 2.7343E-10 2.7945E-10 2.8559E-10 2.9182E-10 2.9815E-10 3.0457E-10 3.1110E-10 3.1772E-10
9.3303E-11 9.5083E-11 9.7558E-11 9.9461E-11 1.0142E-10 1.0343E-10 1.0618E-10 1.0835E-10 1.1059E-10 1.1322E-10 1.1595E-10 1.1841E-10 1.2094E-10 1.2353E-10 1.2620E-10 1.2893E-10 1.3174E-10 1.3463E-10 1.3759E-10 1.4063E-10 1.4376E-10 1.4697E-10 1.5026E-10 1.5364E-10 1.5711E-10 1.6067E-10 1.6431E-10 1.6804E-10 1.7188E-10 1.7582E-10 1.7984E-10 1.8396E-10 1.8816E-10 1.9248E-10 1.9691E-10 2.0143E-10 2.0604E-10 2.1075E-10 2.1558E-10 2.2052E-10 2.2555E-10 2.3068E-10 2.3591E-10 2.4127E-10 2.4673E-10 2.5229E-10 2.5794E-10 2.6370E-10 2.6956E-10 2.7552E-10 2.8159E-10 2.8775E-10 2.9401E-10 3.0037E-10 3.0684E-10 3.1340E-10 3.2006E-10
9.5752E-11 9.7575E-11 9.9436E-11 1.0134E-10 1.0330E-10 1.0596E-10 1.0806E-10 1.1021E-10 1.1242E-10 1.1539E-10 1.1778E-10 1.2024E-10 1.2276E-10 1.2536E-10 1.2803E-10 1.3076E-10 1.3357E-10 1.3646E-10 1.3942E-10 1.4246E-10 1.4559E-10 1.4879E-10 1.5208E-10 1.5546E-10 1.5893E-10 1.6248E-10 1.6613E-10 1.6987E-10 1.7371E-10 1.7763E-10 1.8164E-10 1.8577E-10 1.9000E-10 1.9433E-10 1.9874E-10 2.0325E-10 2.0788E-10 2.1262E-10 2.1745E-10 2.2238E-10 2.2741E-10 2.3257E-10 2.3783E-10 2.4319E-10 2.4865E-10 2.5421E-10 2.5990E-10 2.6569E-10 2.7158E-10 2.7757E-10 2.8365E-10 2.8985E-10 2.9615E-10 3.0254E-10 3.0904E-10 3.1563E-10 3.2233E-10
