Assets/Resources/2015_m01_d21_0900(utc+0800)_l00_csi_1hr_conc.grd
DSAA
         159         159
     -79.000      79.000
     -79.000      79.000
  0.1080E-08  0.2197E-05
[rows 0 to 24 of 159, columns 0 to 56 of 159]
1.8415E-09 1.8698E-09 1.8981E-09 1.9264E-09 1.9553E-09 1.9835E-09 2.0125E-09 2.0413E-09 2.0697E-09 2.0993E-09 2.1277E-09 2.1572E-09 2.1861E-09 2.2151E-09 2.2444E-09 2.2727E-09 2.3025E-09 2.3308E-09 2.3603E-09 2.3888E-09 2.4164E-09 2.4460E-09 2.4734E-09 2.5028E-09 2.5302E-09 2.5577E-09 2.5859E-09 2.6130E-09 2.6401E-09 2.6669E-09 2.6937E-09 2.7196E-09 2.7461E-09 2.7715E-09 2.7983E-09 2.8224E-09 2.8473E-09 2.8755E-09 2.8987E-09 2.9265E-09 2.9500E-09 2.9733E-09 3.0004E-09 3.0230E-09 3.0464E-09 3.0719E-09 3.0928E-09 3.1188E-09 3.1399E-09 3.1620E-09 3.1862E-09 3.2076E-09 3.2277E-09 3.2510E-09 3.2706E-09 3.2910E-09 3.3098E-09
1.8747E-09 1.9037E-09 1.9322E-09 1.9619E-09 1.9910E-09 2.0203E-09 2.0500E-09 2.0791E-09 2.1093E-09 2.1388E-09 2.1685E-09 2.1988E-09 2.2280E-09 2.2583E-09 2.2878E-09 2.3181E-09 2.3476E-09 2.3771E-09 2.4073E-09 2.4359E-09 2.4664E-09 2.4948E-09 2.5245E-09 2.5535E-09 2.5820E-09 2.6112E-09 2.6393E-09 2.6675E-09 2.6947E-09 2.7229E-09 2.7503E-09 2.7778E-09 2.8040E-09 2.8314E-09 2.8574E-09 2.8825E-09 2.9126E-09 2.9370E-09 2.9628E-09 2.9906E-09 3.0150E-09 3.0433E-09 3.0670E-09 3.0916E-09 3.1183E-09 3.1404E-09 3.1675E-09 3.1899E-09 3.2122E-09 3.2386E-09 3.2613E-09 3.2826E-09 3.3072E-09 3.3281E-09 3.3498E-09 3.3698E-09 3.3935E-09
1.9082E-09 1.9376E-09 1.9675E-09 1.9974E-09 2.0273E-09 2.0577E-09 2.0877E-09 2.1181E-09 2.1489E-09 2.1788E-09 2.2099E-09 2.2402E-09 2.2710E-09 2.3018E-09 2.3324E-09 2.3630E-09 2.3932E-09 2.4246E-09 2.4544E-09 2.4855E-09 2.5152E-09 2.5443E-09 2.5758E-09 2.6047E-09 2.6355E-09 2.6640E-09 2.6933E-09 2.7222E-09 2.7514E-09 2.7799E-09 2.8077E-09 2.8358E-09 2.8627E-09 2.8914E-09 2.9177E-09 2.9458E-09 2.9744E-09 3.0005E-09 3.0302E-09 3.0549E-09 3.0852E-09 3.1102E-09 3.1350E-09 3.1637E-09 3.1871E-09 3.2119E-09 3.2391E-09 3.2626E-09 3.2902E-09 3.3130E-09 3.3367E-09 3.3626E-09 3.3848E-09 3.4078E-09 3.4329E-09 3.4543E-09 3.4765E-09
1.9418E-09 1.9723E-09 2.0028E-09 2.0332E-09 2.0644E-09 2.0954E-09 2.1263E-09 2.1575E-09 2.1887E-09 2.2202E-09 2.2515E-09 2.2826E-09 2.3145E-09 2.3457E-09 2.3774E-09 2.4088E-09 2.4407E-09 2.4718E-09 2.5026E-09 2.5344E-09 2.5645E-09 2.5970E-09 2.6269E-09 2.6581E-09 2.6883E-09 2.7182E-09 2.7486E-09 2.7781E-09 2.8084E-09 2.8367E-09 2.8662E-09 2.8946E-09 2.9244E-09 2.9519E-09 2.9803E-09 3.0108E-09 3.0381E-09 3.0689E-09 3.0947E-09 3.1220E-09 3.1523E-09 3.1783E-09 3.2083E-09 3.2329E-09 3.2590E-09 3.2873E-09 3.3121E-09 3.3410E-09 3.3650E-09 3.3890E-09 3.4172E-09 3.4407E-09 3.4651E-09 3.4915E-09 3.5143E-09 3.5379E-09 3.5586E-09
1.9758E-09 2.0075E-09 2.0386E-09 2.0699E-09 2.1015E-09 2.1334E-09 2.1652E-09 2.1972E-09 2.2294E-09 2.2615E-09 2.2934E-09 2.3259E-09 2.3584E-09 2.3907E-09 2.4229E-09 2.4554E-09 2.4877E-09 2.5193E-09 2.5522E-09 2.5836E-09 2.6161E-09 2.6479E-09 2.6786E-09 2.7114E-09 2.7417E-09 2.7738E-09 2.8037E-09 2.8354E-09 2.8652E-09 2.8958E-09 2.9253E-09 2.9555E-09 2.9849E-09 3.0128E-09 3.0461E-09 3.0736E-09 3.1032E-09 3.1335E-09 3.1612E-09 3.1935E-09 3.2197E-09 3.2518E-09 3.2776E-09 3.3040E-09 3.3345E-09 3.3595E-09 3.3872E-09 3.4161E-09 3.4414E-09 3.4709E-09 3.4946E-09 3.5200E-09 3.5492E-09 3.5733E-09 3.5983E-09 3.6243E-09 3.6491E-09
2.0108E-09 2.0424E-09 2.0749E-09 2.1069E-09 2.1393E-09 2.1719E-09 2.2046E-09 2.2374E-09 2.2703E-09 2.3034E-09 2.3364E-09 2.3695E-09 2.4029E-09 2.4359E-09 2.4690E-09 2.5025E-09 2.5353E-09 2.5688E-09 2.6015E-09 2.6340E-09 2.6678E-09 2.6995E-09 2.7333E-09 2.7647E-09 2.7978E-09 2.8288E-09 2.8602E-09 2.8925E-09 2.9235E-09 2.9549E-09 2.9846E-09 3.0164E-09 3.0459E-09 3.0771E-09 3.1089E-09 3.1390E-09 3.1712E-09 3.2000E-09 3.2334E-09 3.2610E-09 3.2899E-09 3.3213E-09 3.3490E-09 3.3807E-09 3.4069E-09 3.4359E-09 3.4661E-09 3.4927E-09 3.5235E-09 3.5485E-09 3.5743E-09 3.6059E-09 3.6314E-09 3.6578E-09 3.6852E-09 3.7099E-09 3.7373E-09
2.0457E-09 2.0784E-09 2.1114E-09 2.1443E-09 2.1777E-09 2.2108E-09 2.2445E-09 2.2781E-09 2.3118E-09 2.3458E-09 2.3796E-09 2.4135E-09 2.4476E-09 2.4817E-09 2.5161E-09 2.5498E-09 2.5840E-09 2.6179E-09 2.6511E-09 2.6854E-09 2.7191E-09 2.7536E-09 2.7864E-09 2.8193E-09 2.8527E-09 2.8845E-09 2.9186E-09 2.9500E-09 2.9832E-09 3.0141E-09 3.0471E-09 3.0777E-09 3.1101E-09 3.1430E-09 3.1726E-09 3.2076E-09 3.2368E-09 3.2681E-09 3.3011E-09 3.3304E-09 3.3638E-09 3.3918E-09 3.4257E-09 3.4532E-09 3.4825E-09 3.5150E-09 3.5417E-09 3.5714E-09 3.6014E-09 3.6286E-09 3.6615E-09 3.6872E-09 3.7148E-09 3.7451E-09 3.7712E-09 3.8000E-09 3.8244E-09
2.0806E-09 2.1145E-09 2.1480E-09 2.1823E-09 2.2160E-09 2.2502E-09 2.2847E-09 2.3192E-09 2.3538E-09 2.3886E-09 2.4233E-09 2.4582E-09 2.4930E-09 2.5284E-09 2.5630E-09 2.5978E-09 2.6330E-09 2.6675E-09 2.7025E-09 2.7375E-09 2.7717E-09 2.8068E-09 2.8401E-09 2.8752E-09 2.9082E-09 2.9426E-09 2.9759E-09 3.0088E-09 3.0423E-09 3.0747E-09 3.1083E-09 3.1394E-09 3.1728E-09 3.2067E-09 3.2396E-09 3.2732E-09 3.3050E-09 3.3398E-09 3.3705E-09 3.4051E-09 3.4343E-09 3.4660E-09 3.4983E-09 3.5278E-09 3.5626E-09 3.5907E-09 3.6217E-09 3.6531E-09 3.6816E-09 3.7159E-09 3.7430E-09 3.7709E-09 3.8037E-09 3.8313E-09 3.8615E-09 3.8875E-09 3.9143E-09
2.1170E-09 2.1510E-09 2.1855E-09 2.2204E-09 2.2550E-09 2.2903E-09 2.3252E-09 2.3605E-09 2.3962E-09 2.4317E-09 2.4676E-09 2.5032E-09 2.5389E-09 2.5750E-09 2.6107E-09 2.6468E-09 2.6822E-09 2.7182E-09 2.7535E-09 2.7891E-09 2.8249E-09 2.8603E-09 2.8961E-09 2.9305E-09 2.9650E-09 3.0004E-09 3.0338E-09 3.0691E-09 3.1020E-09 3.1374E-09 3.1698E-09 3.2043E-09 3.2393E-09 3.2735E-09 3.3082E-09 3.3405E-09 3.3764E-09 3.4082E-09 3.4407E-09 3.4755E-09 3.5067E-09 3.5421E-09 3.5719E-09 3.6089E-09 3.6384E-09 3.6697E-09 3.7034E-09 3.7322E-09 3.7639E-09 3.7975E-09 3.8269E-09 3.8611E-09 3.8889E-09 3.9188E-09 3.9493E-09 3.9776E-09 4.0104E-09
2.1528E-09 2.1874E-09 2.2232E-09 2.2585E-09 2.2944E-09 2.3303E-09 2.3663E-09 2.4027E-09 2.4390E-09 2.4754E-09 2.5122E-09 2.5487E-09 2.5856E-09 2.6220E-09 2.6592E-09 2.6956E-09 2.7320E-09 2.7689E-09 2.8058E-09 2.8422E-09 2.8790E-09 2.9146E-09 2.9514E-09 2.9863E-09 3.0227E-09 3.0580E-09 3.0937E-09 3.1286E-09 3.1631E-09 3.1987E-09 3.2327E-09 3.2675E-09 3.3035E-09 3.3387E-09 3.3744E-09 3.4092E-09 3.4456E-09 3.4793E-09 3.5154E-09 3.5479E-09 3.5844E-09 3.6156E-09 3.6492E-09 3.6848E-09 3.7163E-09 3.7524E-09 3.7826E-09 3.8157E-09 3.8506E-09 3.8815E-09 3.9171E-09 3.9464E-09 3.9767E-09 4.0097E-09 4.0395E-09 4.0739E-09 4.1041E-09
2.1889E-09 2.2251E-09 2.2612E-09 2.2974E-09 2.3341E-09 2.3709E-09 2.4078E-09 2.4451E-09 2.4820E-09 2.5193E-09 2.5570E-09 2.5947E-09 2.6322E-09 2.6698E-09 2.7077E-09 2.7450E-09 2.7828E-09 2.8201E-09 2.8582E-09 2.8956E-09 2.9326E-09 2.9704E-09 3.0068E-09 3.0440E-09 3.0808E-09 3.1170E-09 3.1537E-09 3.1894E-09 3.2262E-09 3.2607E-09 3.2974E-09 3.3346E-09 3.3709E-09 3.4078E-09 3.4439E-09 3.4805E-09 3.5156E-09 3.5528E-09 3.5865E-09 3.6209E-09 3.6578E-09 3.6910E-09 3.7296E-09 3.7615E-09 3.7999E-09 3.8315E-09 3.8660E-09 3.9010E-09 3.9334E-09 3.9664E-09 4.0024E-09 4.0342E-09 4.0686E-09 4.0987E-09 4.1326E-09 4.1675E-09 4.2005E-09
2.2253E-09 2.2623E-09 2.2991E-09 2.3366E-09 2.3740E-09 2.4116E-09 2.4493E-09 2.4876E-09 2.5256E-09 2.5641E-09 2.6024E-09 2.6408E-09 2.6795E-09 2.7183E-09 2.7565E-09 2.7953E-09 2.8335E-09 2.8723E-09 2.9108E-09 2.9494E-09 2.9873E-09 3.0258E-09 3.0628E-09 3.1013E-09 3.1387E-09 3.1765E-09 3.2134E-09 3.2504E-09 3.2879E-09 3.3240E-09 3.3609E-09 3.3999E-09 3.4365E-09 3.4745E-09 3.5116E-09 3.5502E-09 3.5863E-09 3.6247E-09 3.6604E-09 3.6985E-09 3.7331E-09 3.7729E-09 3.8062E-09 3.8423E-09 3.8789E-09 3.9126E-09 3.9512E-09 3.9850E-09 4.0195E-09 4.0569E-09 4.0901E-09 4.1244E-09 4.1577E-09 4.1903E-09 4.2277E-09 4.2639E-09 4.3004E-09
2.2622E-09 2.3001E-09 2.3380E-09 2.3760E-09 2.4144E-09 2.4528E-09 2.4918E-09 2.5306E-09 2.5696E-09 2.6089E-09 2.6479E-09 2.6875E-09 2.7272E-09 2.7666E-09 2.8058E-09 2.8455E-09 2.8847E-09 2.9247E-09 2.9641E-09 3.0034E-09 3.0426E-09 3.0814E-09 3.1210E-09 3.1595E-09 3.1981E-09 3.2366E-09 3.2744E-09 3.3134E-09 3.3508E-09 3.3889E-09 3.4283E-09 3.4669E-09 3.5061E-09 3.5444E-09 3.5834E-09 3.6216E-09 3.6612E-09 3.6974E-09 3.7376E-09 3.7725E-09 3.8090E-09 3.8493E-09 3.8846E-09 3.9247E-09 3.9588E-09 3.9997E-09 4.0349E-09 4.0709E-09 4.1083E-09 4.1432E-09 4.1788E-09 4.2149E-09 4.2492E-09 4.2879E-09 4.3226E-09 4.3636E-09 4.4005E-09
2.2994E-09 2.3377E-09 2.3766E-09 2.4156E-09 2.4548E-09 2.4942E-09 2.5340E-09 2.5735E-09 2.6139E-09 2.6539E-09 2.6941E-09 2.7346E-09 2.7749E-09 2.8153E-09 2.8560E-09 2.8961E-09 2.9365E-09 2.9775E-09 3.0179E-09 3.0581E-09 3.0983E-09 3.1377E-09 3.1779E-09 3.2174E-09 3.2573E-09 3.2965E-09 3.3356E-09 3.3752E-09 3.4136E-09 3.4527E-09 3.4939E-09 3.5328E-09 3.5738E-09 3.6125E-09 3.6534E-09 3.6918E-09 3.7326E-09 3.7707E-09 3.8113E-09 3.8491E-09 3.8907E-09 3.9275E-09 3.9688E-09 4.0043E-09 4.0428E-09 4.0819E-09 4.1183E-09 4.1594E-09 4.1958E-09 4.2329E-09 4.2705E-09 4.3062E-09 4.3431E-09 4.3826E-09 4.4202E-09 4.4635E-09 4.5016E-09
2.3366E-09 2.3762E-09 2.4158E-09 2.4557E-09 2.4957E-09 2.5360E-09 2.5768E-09 2.6174E-09 2.6585E-09 2.6992E-09 2.7405E-09 2.7820E-09 2.8233E-09 2.8646E-09 2.9060E-09 2.9471E-09 2.9894E-09 3.0301E-09 3.0717E-09 3.1130E-09 3.1538E-09 3.1948E-09 3.2354E-09 3.2772E-09 3.3175E-09 3.3576E-09 3.3978E-09 3.4383E-09 3.4787E-09 3.5178E-09 3.5612E-09 3.6026E-09 3.6432E-09 3.6845E-09 3.7251E-09 3.7662E-09 3.8065E-09 3.8484E-09 3.8867E-09 3.9292E-09 3.9675E-09 4.0054E-09 4.0481E-09 4.0858E-09 4.1284E-09 4.1663E-09 4.2088E-09 4.2466E-09 4.2851E-09 4.3212E-09 4.3601E-09 4.3984E-09 4.4390E-09 4.4798E-09 4.5209E-09 4.5610E-09 4.6060E-09
2.3742E-09 2.4144E-09 2.4549E-09 2.4957E-09 2.5367E-09 2.5781E-09 2.6192E-09 2.6611E-09 2.7028E-09 2.7450E-09 2.7873E-09 2.8295E-09 2.8717E-09 2.9143E-09 2.9564E-09 2.9987E-09 3.0414E-09 3.0834E-09 3.1263E-09 3.1686E-09 3.2104E-09 3.2524E-09 3.2940E-09 3.3361E-09 3.3774E-09 3.4187E-09 3.4605E-09 3.5012E-09 3.5426E-09 3.5860E-09 3.6272E-09 3.6713E-09 3.7115E-09 3.7548E-09 3.7955E-09 3.8387E-09 3.8793E-09 3.9224E-09 3.9627E-09 4.0056E-09 4.0460E-09 4.0901E-09 4.1292E-09 4.1731E-09 4.2110E-09 4.2524E-09 4.2941E-09 4.3332E-09 4.3731E-09 4.4135E-09 4.4532E-09 4.4953E-09 4.5358E-09 4.5766E-09 4.6217E-09 4.6630E-09 4.7148E-09
2.4118E-09 2.4532E-09 2.4946E-09 2.5362E-09 2.5781E-09 2.6202E-09 2.6625E-09 2.7056E-09 2.7480E-09 2.7911E-09 2.8344E-09 2.8772E-09 2.9210E-09 2.9640E-09 3.0070E-09 3.0506E-09 3.0940E-09 3.1380E-09 3.1806E-09 3.2242E-09 3.2670E-09 3.3097E-09 3.3536E-09 3.3954E-09 3.4387E-09 3.4808E-09 3.5236E-09 3.5653E-09 3.6076E-09 3.6532E-09 3.6977E-09 3.7400E-09 3.7836E-09 3.8265E-09 3.8700E-09 3.9128E-09 3.9572E-09 3.9988E-09 4.0430E-09 4.0848E-09 4.1290E-09 4.1696E-09 4.2137E-09 4.2553E-09 4.2957E-09 4.3411E-09 4.3816E-09 4.4230E-09 4.4633E-09 4.5061E-09 4.5463E-09 4.5916E-09 4.6324E-09 4.6785E-09 4.7232E-09 4.7703E-09 4.8172E-09
2.4498E-09 2.4918E-09 2.5341E-09 2.5766E-09 2.6192E-09 2.6627E-09 2.7060E-09 2.7494E-09 2.7931E-09 2.8372E-09 2.8815E-09 2.9255E-09 2.9700E-09 3.0140E-09 3.0583E-09 3.1029E-09 3.1473E-09 3.1919E-09 3.2356E-09 3.2801E-09 3.3243E-09 3.3676E-09 3.4123E-09 3.4558E-09 3.4994E-09 3.5434E-09 3.5863E-09 3.6300E-09 3.6757E-09 3.7192E-09 3.7656E-09 3.8082E-09 3.8547E-09 3.8970E-09 3.9426E-09 3.9856E-09 4.0312E-09 4.0740E-09 4.1195E-09 4.1625E-09 4.2091E-09 4.2509E-09 4.2975E-09 4.3381E-09 4.3862E-09 4.4268E-09 4.4710E-09 4.5113E-09 4.5545E-09 4.5972E-09 4.6422E-09 4.6876E-09 4.7332E-09 4.7794E-09 4.8242E-09 4.8781E-09 4.9242E-09
2.4875E-09 2.5303E-09 2.5740E-09 2.6175E-09 2.6612E-09 2.7052E-09 2.7494E-09 2.7941E-09 2.8390E-09 2.8838E-09 2.9287E-09 2.9741E-09 3.0190E-09 3.0645E-09 3.1095E-09 3.1552E-09 3.2005E-09 3.2459E-09 3.2915E-09 3.3364E-09 3.3813E-09 3.4267E-09 3.4713E-09 3.5169E-09 3.5605E-09 3.6063E-09 3.6503E-09 3.6949E-09 3.7428E-09 3.7863E-09 3.8342E-09 3.8801E-09 3.9255E-09 3.9714E-09 4.0167E-09 4.0625E-09 4.1077E-09 4.1544E-09 4.1988E-09 4.2455E-09 4.2898E-09 4.3366E-09 4.3799E-09 4.4266E-09 4.4713E-09 4.5145E-09 4.5587E-09 4.6018E-09 4.6475E-09 4.6907E-09 4.7389E-09 4.7843E-09 4.8353E-09 4.8800E-09 4.9348E-09 4.9843E-09 5.0409E-09
2.5258E-09 2.5698E-09 2.6138E-09 2.6580E-09 2.7029E-09 2.7479E-09 2.7930E-09 2.8387E-09 2.8845E-09 2.9303E-09 2.9765E-09 3.0226E-09 3.0688E-09 3.1150E-09 3.1610E-09 3.2080E-09 3.2544E-09 3.3004E-09 3.3471E-09 3.3934E-09 3.4388E-09 3.4857E-09 3.5306E-09 3.5773E-09 3.6226E-09 3.6687E-09 3.7147E-09 3.7595E-09 3.8085E-09 3.8564E-09 3.9022E-09 3.9501E-09 3.9958E-09 4.0447E-09 4.0894E-09 4.1383E-09 4.1828E-09 4.2309E-09 4.2764E-09 4.3245E-09 4.3701E-09 4.4195E-09 4.4628E-09 4.5136E-09 4.5570E-09 4.6040E-09 4.6472E-09 4.6941E-09 4.7388E-09 4.7864E-09 4.8351E-09 4.8857E-09 4.9351E-09 4.9850E-09 5.0402E-09 5.0938E-09 5.1495E-09
2.5639E-09 2.6088E-09 2.6536E-09 2.6992E-09 2.7450E-09 2.7909E-09 2.8370E-09 2.8833E-09 2.9302E-09 2.9773E-09 3.0245E-09 3.0713E-09 3.1184E-09 3.1657E-09 3.2133E-09 3.2607E-09 3.3081E-09 3.3552E-09 3.4025E-09 3.4499E-09 3.4967E-09 3.5443E-09 3.5914E-09 3.6379E-09 3.6860E-09 3.7323E-09 3.7793E-09 3.8285E-09 3.8753E-09 3.9255E-09 3.9706E-09 4.0217E-09 4.0700E-09 4.1178E-09 4.1661E-09 4.2138E-09 4.2621E-09 4.3089E-09 4.3594E-09 4.4064E-09 4.4559E-09 4.5018E-09 4.5513E-09 4.5987E-09 4.6444E-09 4.6918E-09 4.7377E-09 4.7863E-09 4.8324E-09 4.8835E-09 4.9319E-09 4.9861E-09 5.0356E-09 5.0956E-09 5.1452E-09 5.2076E-09 5.2592E-09
2.6021E-09 2.6482E-09 2.6940E-09 2.7404E-09 2.7867E-09 2.8335E-09 2.8809E-09 2.9282E-09 2.9761E-09 3.0241E-09 3.0720E-09 3.1201E-09 3.1683E-09 3.2165E-09 3.2652E-09 3.3133E-09 3.3621E-09 3.4108E-09 3.4586E-09 3.5069E-09 3.5560E-09 3.6031E-09 3.6520E-09 3.6997E-09 3.7480E-09 3.7954E-09 3.8435E-09 3.8948E-09 3.9418E-09 3.9932E-09 4.0436E-09 4.0917E-09 4.1421E-09 4.1902E-09 4.2427E-09 4.2887E-09 4.3404E-09 4.3912E-09 4.4383E-09 4.4903E-09 4.5374E-09 4.5846E-09 4.6382E-09 4.6843E-09 4.7342E-09 4.7801E-09 4.8300E-09 4.8776E-09 4.9264E-09 4.9797E-09 5.0348E-09 5.0859E-09 5.1452E-09 5.1996E-09 5.2568E-09 5.3142E-09 5.3736E-09
2.6404E-09 2.6872E-09 2.7341E-09 2.7812E-09 2.8290E-09 2.8769E-09 2.9252E-09 2.9735E-09 3.0220E-09 3.0711E-09 3.1203E-09 3.1694E-09 3.2183E-09 3.2672E-09 3.3173E-09 3.3671E-09 3.4162E-09 3.4657E-09 3.5152E-09 3.5639E-09 3.6140E-09 3.6626E-09 3.7122E-09 3.7609E-09 3.8104E-09 3.8605E-09 3.9088E-09 3.9612E-09 4.0128E-09 4.0612E-09 4.1138E-09 4.1621E-09 4.2157E-09 4.2666E-09 4.3168E-09 4.3678E-09 4.4171E-09 4.4702E-09 4.5198E-09 4.5720E-09 4.6206E-09 4.6730E-09 4.7231E-09 4.7716E-09 4.8218E-09 4.8717E-09 4.9220E-09 4.9710E-09 5.0233E-09 5.0764E-09 5.1336E-09 5.1863E-09 5.2496E-09 5.3043E-09 5.3686E-09 5.4238E-09 5.4924E-09
2.6790E-09 2.7265E-09 2.7745E-09 2.8227E-09 2.8712E-09 2.9197E-09 2.9689E-09 3.0189E-09 3.0687E-09 3.1182E-09 3.1681E-09 3.2182E-09 3.2684E-09 3.3187E-09 3.3695E-09 3.4200E-09 3.4702E-09 3.5211E-09 3.5716E-09 3.6214E-09 3.6722E-09 3.7234E-09 3.7726E-09 3.8231E-09 3.8737E-09 3.9242E-09 3.9768E-09 4.0272E-09 4.0810E-09 4.1295E-09 4.1843E-09 4.2372E-09 4.2878E-09 4.3407E-09 4.3914E-09 4.4456E-09 4.4942E-09 4.5498E-09 4.6034E-09 4.6532E-09 4.7070E-09 4.7582E-09 4.8084E-09 4.8610E-09 4.9098E-09 4.9625E-09 5.0130E-09 5.0648E-09 5.1191E-09 5.1772E-09 5.2332E-09 5.2971E-09 5.3534E-09 5.4184E-09 5.4769E-09 5.5446E-09 5.6037E-09
2.7174E-09 2.7655E-09 2.8145E-09 2.8639E-09 2.9133E-09 2.9633E-09 3.0134E-09 3.0637E-09 3.1145E-09 3.1656E-09 3.2163E-09 3.2677E-09 3.3186E-09 3.3703E-09 3.4215E-09 3.4734E-09 3.5253E-09 3.5763E-09 3.6279E-09 3.6794E-09 3.7310E-09 3.7829E-09 3.8331E-09 3.8857E-09 3.9373E-09 3.9881E-09 4.0436E-09 4.0943E-09 4.1484E-09 4.2024E-09 4.2542E-09 4.3093E-09 4.3601E-09 4.4164E-09 4.4699E-09 4.5219E-09 4.5766E-09 4.6287E-09 4.6847E-09 4.7360E-09 4.7911E-09 4.8440E-09 4.8953E-09 4.9482E-09 4.9995E-09 5.0525E-09 5.1060E-09 5.1594E-09 5.2172E-09 5.2774E-09 5.3331E-09 5.3996E-09 5.4576E-09 5.5253E-09 5.5857E-09 5.6564E-09 5.7178E-09
