Assets/Resources/2015_m01_d23_0100(utc+0800)_l00_csi_1hr_conc.grd
DSAA
         159         159
     -79.000      79.000
     -79.000      79.000
  0.0000E+00  0.3697E-04
[rows 75 to 99 of 159, columns 57 to 113 of 159]
2.7395E-10 3.2834E-10 3.9612E-10 4.7443E-10 5.5996E-10 6.5791E-10 7.7478E-10 9.1587E-10 1.0733E-09 1.2520E-09 1.4485E-09 1.6417E-09 1.8735E-09 2.1035E-09 2.3273E-09 2.5601E-09 2.8015E-09 3.0503E-09 3.3065E-09 3.5692E-09 3.8380E-09 4.1114E-09 4.3902E-09 4.6733E-09 4.9600E-09 5.2499E-09 5.5439E-09 5.8427E-09 6.1474E-09 6.4590E-09 6.7785E-09 7.6824E-09 8.4168E-09 9.1168E-09 9.9404E-09 1.1062E-08 1.3643E-08 1.6566E-08 2.1078E-08 2.5807E-08 3.1241E-08 7.1821E-08 3.9311E-07 1.4360E-06 2.1780E-06 2.0396E-06 1.6961E-06 1.3939E-06 1.1760E-06 1.0234E-06 9.1132E-07 8.2404E-07 7.4466E-07 6.7396E-07 6.0567E-07 5.3755E-07 4.7134E-07
2.4472E-10 2.8757E-10 3.4604E-10 4.1826E-10 4.9385E-10 5.8066E-10 6.8802E-10 8.0884E-10 9.4535E-10 1.1132E-09 1.2964E-09 1.4831E-09 1.6959E-09 1.9267E-09 2.1398E-09 2.3610E-09 2.5915E-09 2.8301E-09 3.0769E-09 3.3308E-09 3.5919E-09 3.8585E-09 4.1312E-09 4.4092E-09 4.6917E-09 4.9781E-09 5.2690E-09 5.5651E-09 5.8673E-09 6.1765E-09 6.4937E-09 7.2121E-09 8.0664E-09 8.7449E-09 9.6736E-09 1.1958E-08 1.4536E-08 1.8578E-08 2.1800E-08 7.2434E-08 4.8953E-07 1.6799E-06 3.1738E-06 4.0932E-06 3.3629E-06 2.1090E-06 1.4295E-06 1.0785E-06 8.8523E-07 7.8261E-07 7.1051E-07 6.5709E-07 6.0528E-07 5.5582E-07 5.0642E-07 4.5449E-07 4.0222E-07
1.9686E-10 2.5463E-10 3.0158E-10 3.6085E-10 4.3734E-10 5.1004E-10 6.0886E-10 7.1778E-10 8.3809E-10 9.8073E-10 1.1602E-09 1.3292E-09 1.5320E-09 1.7512E-09 1.9613E-09 2.1713E-09 2.3905E-09 2.6184E-09 2.8550E-09 3.0995E-09 3.3520E-09 3.6107E-09 3.8763E-09 4.1480E-09 4.4251E-09 4.7066E-09 4.9931E-09 5.2852E-09 5.5835E-09 5.8890E-09 6.2024E-09 6.8869E-09 7.7017E-09 8.4755E-09 1.0501E-08 1.2776E-08 1.5292E-08 2.0793E-07 1.0383E-06 3.0618E-06 5.6364E-06 7.0338E-06 6.5192E-06 4.8545E-06 2.5837E-06 1.3153E-06 8.1500E-07 6.1578E-07 5.3256E-07 5.0186E-07 4.8718E-07 4.7317E-07 4.5363E-07 4.2819E-07 3.9779E-07 3.6250E-07 3.2585E-07
1.5808E-10 2.0238E-10 2.5739E-10 3.1525E-10 3.7983E-10 4.5305E-10 5.3332E-10 6.3615E-10 7.4104E-10 8.6875E-10 1.0269E-09 1.1922E-09 1.3677E-09 1.5882E-09 1.7849E-09 1.9913E-09 2.1988E-09 2.4156E-09 2.6416E-09 2.8761E-09 3.1191E-09 3.3691E-09 3.6267E-09 3.8909E-09 4.1613E-09 4.4368E-09 4.7176E-09 5.0043E-09 7.2569E-09 7.8740E-07 2.1430E-06 3.6955E-06 4.9107E-06 5.6253E-06 5.8928E-06 6.0000E-06 7.3245E-06 9.7109E-06 1.0925E-05 1.0038E-05 8.1478E-06 5.2831E-06 2.5131E-06 9.0134E-07 3.4819E-07 3.4527E-07 2.8125E-07 2.5988E-07 2.6054E-07 2.7817E-07 2.9896E-07 3.1276E-07 3.1713E-07 3.1052E-07 2.9682E-07 2.7604E-07 2.5238E-07
1.3384E-10 1.6698E-10 2.1073E-10 2.6586E-10 3.3112E-10 3.9715E-10 4.6731E-10 5.5994E-10 6.5545E-10 7.6521E-10 9.0923E-10 1.0562E-09 1.2239E-09 1.4228E-09 1.6195E-09 1.8124E-09 2.0170E-09 2.2223E-09 2.4373E-09 2.6611E-09 2.8941E-09 3.1346E-09 3.3832E-09 3.6970E-05 1.1463E-05 5.3507E-06 2.9913E-06 1.8387E-06 1.2967E-06 9.7413E-07 8.2845E-07 8.0647E-07 8.5628E-07 9.4309E-07 1.0461E-06 1.1541E-06 1.3336E-06 1.2042E-06 9.3497E-07 6.7332E-07 4.3305E-07 1.9415E-07 7.2190E-08 4.4158E-08 5.4866E-08 6.7292E-08 9.1855E-08 1.0611E-07 1.2535E-07 1.5096E-07 1.7688E-07 1.9813E-07 2.1180E-07 2.1626E-07 2.1297E-07 2.0326E-07 1.8936E-07
1.0810E-10 1.4054E-10 1.7545E-10 2.2159E-10 2.7792E-10 3.3852E-10 4.1180E-10 4.8971E-10 5.7959E-10 6.7340E-10 8.0151E-10 9.3994E-10 1.0834E-09 1.2744E-09 1.4609E-09 1.6478E-09 1.8370E-09 2.0388E-09 2.2424E-09 2.4552E-09 2.6775E-09 2.9080E-09 3.1468E-09 3.3933E-09 3.6473E-09 3.9073E-09 4.1734E-09 4.4459E-09 4.7252E-09 5.0125E-09 5.3115E-09 5.7275E-09 7.4335E-09 9.3943E-09 1.2189E-08 1.5089E-08 1.8352E-08 2.1778E-08 2.5550E-08 2.9326E-08 3.2256E-08 3.5186E-08 3.7222E-08 3.9470E-08 4.3602E-08 5.0094E-08 5.7356E-08 6.5928E-08 7.6784E-08 9.3167E-08 1.1090E-07 1.2790E-07 1.4114E-07 1.4873E-07 1.5046E-07 1.4729E-07 1.3997E-07
9.4422E-11 1.1739E-10 1.4875E-10 1.8694E-10 2.3183E-10 2.8891E-10 3.5159E-10 4.3210E-10 5.0992E-10 5.9580E-10 7.0289E-10 8.3273E-10 9.6267E-10 1.1230E-09 1.3119E-09 1.4844E-09 1.6714E-09 1.8579E-09 2.0574E-09 2.2589E-09 2.4701E-09 2.6899E-09 2.9183E-09 3.1549E-09 3.3992E-09 3.6501E-09 3.9073E-09 4.1712E-09 4.4423E-09 4.7229E-09 5.1249E-09 6.3576E-09 7.8881E-09 9.8100E-09 1.2595E-08 1.6274E-08 1.8501E-08 2.2695E-08 2.5220E-08 2.8646E-08 3.0447E-08 3.2928E-08 3.4765E-08 3.6712E-08 3.9140E-08 4.3101E-08 4.8183E-08 5.3476E-08 5.9552E-08 6.6446E-08 7.9245E-08 8.9437E-08 9.8392E-08 1.0491E-07 1.0746E-07 1.0691E-07 1.0363E-07
7.5577E-11 1.0121E-10 1.2301E-10 1.5462E-10 1.9517E-10 2.4010E-10 2.9871E-10 3.6954E-10 4.5017E-10 5.2434E-10 6.1686E-10 7.3379E-10 8.5275E-10 9.9411E-10 1.1677E-09 1.3348E-09 1.5092E-09 1.6908E-09 1.8751E-09 2.0723E-09 2.2721E-09 2.4808E-09 2.6983E-09 2.9243E-09 3.1584E-09 3.3993E-09 3.6469E-09 3.9015E-09 4.1642E-09 4.5343E-09 5.6613E-09 6.1524E-09 8.2335E-09 1.0848E-08 1.3572E-08 1.6385E-08 1.9259E-08 2.2355E-08 2.4511E-08 2.6812E-08 2.9135E-08 3.0675E-08 3.2310E-08 3.4033E-08 3.6012E-08 3.8504E-08 4.2023E-08 4.5814E-08 5.0012E-08 5.4118E-08 5.9120E-08 6.6784E-08 7.3339E-08 7.7680E-08 8.0101E-08 8.0562E-08 7.9111E-08
6.7379E-11 8.1108E-11 1.0705E-10 1.2902E-10 1.6069E-10 2.0420E-10 2.4905E-10 3.1006E-10 3.9192E-10 4.6209E-10 5.4126E-10 6.4516E-10 7.5459E-10 8.7489E-10 1.0363E-09 1.1883E-09 1.3537E-09 1.5232E-09 1.7071E-09 1.8887E-09 2.0841E-09 2.2814E-09 2.4875E-09 2.7024E-09 2.9256E-09 3.1560E-09 3.3933E-09 3.6383E-09 3.9780E-09 4.2855E-09 5.4225E-09 6.6156E-09 8.6109E-09 1.1613E-08 1.3646E-08 1.7062E-08 1.8942E-08 2.1670E-08 2.3744E-08 2.5787E-08 2.7079E-08 2.8447E-08 2.9890E-08 3.1399E-08 3.3123E-08 3.5089E-08 3.7440E-08 4.0307E-08 4.3195E-08 4.6062E-08 4.9194E-08 5.1771E-08 5.6499E-08 5.9383E-08 6.1377E-08 6.2261E-08 6.2161E-08
6.3768E-11 7.1493E-11 8.2379E-11 1.0948E-10 1.3078E-10 1.6657E-10 2.1048E-10 2.5564E-10 3.2962E-10 4.0507E-10 4.7272E-10 5.6765E-10 6.6545E-10 7.6922E-10 9.1234E-10 1.0607E-09 1.2078E-09 1.3699E-09 1.5392E-09 1.7199E-09 1.8977E-09 2.0918E-09 2.2864E-09 2.4898E-09 2.7017E-09 2.9210E-09 3.1478E-09 3.3863E-09 3.7216E-09 4.6833E-09 5.7708E-09 7.6498E-09 9.4309E-09 1.1577E-08 1.3972E-08 1.6728E-08 1.9210E-08 2.1045E-08 2.2826E-08 2.3914E-08 2.5062E-08 2.6268E-08 2.7527E-08 2.8832E-08 3.0313E-08 3.2033E-08 3.3899E-08 3.5937E-08 3.8181E-08 4.0235E-08 4.2042E-08 4.3665E-08 4.5195E-08 4.7549E-08 4.9444E-08 5.0258E-08 5.0348E-08
6.0145E-11 6.6877E-11 7.6638E-11 8.6436E-11 1.0876E-10 1.3363E-10 1.7173E-10 2.1069E-10 2.7093E-10 3.4566E-10 4.1514E-10 4.9055E-10 5.9160E-10 6.7952E-10 7.9750E-10 9.4549E-10 1.0750E-09 1.2238E-09 1.3846E-09 1.5496E-09 1.7274E-09 1.9039E-09 2.0952E-09 2.2870E-09 2.4873E-09 2.6954E-09 2.9125E-09 3.2140E-09 4.0769E-09 5.0554E-09 6.6702E-09 7.8468E-09 1.0220E-08 1.1633E-08 1.4251E-08 1.6857E-08 1.8625E-08 2.0195E-08 2.1120E-08 2.2089E-08 2.3096E-08 2.4143E-08 2.5225E-08 2.6346E-08 2.7617E-08 2.9113E-08 3.0767E-08 3.2426E-08 3.4030E-08 3.5621E-08 3.7027E-08 3.8149E-08 3.9243E-08 3.9944E-08 4.1432E-08 4.2034E-08 4.2596E-08
5.6524E-11 6.2748E-11 7.0863E-11 8.1005E-11 8.9667E-11 1.1259E-10 1.3721E-10 1.7346E-10 2.2136E-10 2.8979E-10 3.5632E-10 4.2605E-10 5.1274E-10 6.0445E-10 6.9466E-10 8.3018E-10 9.6161E-10 1.0899E-09 1.2361E-09 1.3922E-09 1.5564E-09 1.7311E-09 1.9048E-09 2.0940E-09 2.2829E-09 2.4802E-09 2.7508E-09 3.5224E-09 4.3981E-09 5.3212E-09 6.8918E-09 8.4839E-09 1.0276E-08 1.2705E-08 1.4002E-08 1.6040E-08 1.7244E-08 1.8638E-08 1.9458E-08 2.0311E-08 2.1191E-08 2.2096E-08 2.3027E-08 2.3976E-08 2.5043E-08 2.6327E-08 2.7792E-08 2.9304E-08 3.0674E-08 3.1880E-08 3.3042E-08 3.3973E-08 3.4853E-08 3.5408E-08 3.5759E-08 3.6457E-08 3.6696E-08
5.2688E-11 5.8708E-11 6.5297E-11 7.5038E-11 8.3710E-11 9.2475E-11 1.1107E-10 1.3775E-10 1.7722E-10 2.3233E-10 3.0101E-10 3.6391E-10 4.4094E-10 5.2679E-10 6.1373E-10 7.2304E-10 8.5232E-10 9.7498E-10 1.1009E-09 1.2465E-09 1.3965E-09 1.5594E-09 1.7300E-09 1.9012E-09 2.0881E-09 2.3305E-09 3.0164E-09 3.3254E-09 4.6091E-09 5.5076E-09 7.4264E-09 8.5632E-09 1.0672E-08 1.2423E-08 1.3497E-08 1.4679E-08 1.6141E-08 1.7132E-08 1.7858E-08 1.8601E-08 1.9359E-08 2.0136E-08 2.0924E-08 2.1723E-08 2.2623E-08 2.3716E-08 2.4983E-08 2.6343E-08 2.7600E-08 2.8710E-08 2.9626E-08 3.0351E-08 3.1070E-08 3.1608E-08 3.1912E-08 3.2211E-08 3.2435E-08
4.8305E-11 5.4718E-11 6.0487E-11 6.8646E-11 7.7843E-11 8.5838E-11 9.6273E-11 1.0953E-10 1.4303E-10 1.8372E-10 2.4645E-10 3.1024E-10 3.7650E-10 4.6024E-10 5.3636E-10 6.2657E-10 7.4828E-10 8.6661E-10 9.8559E-10 1.1098E-09 1.2523E-09 1.4007E-09 1.5582E-09 1.7252E-09 1.9421E-09 2.1402E-09 2.8218E-09 3.5077E-09 4.7484E-09 5.9806E-09 7.4096E-09 9.3748E-09 1.0389E-08 1.1930E-08 1.3021E-08 1.4039E-08 1.4529E-08 1.5536E-08 1.6316E-08 1.6965E-08 1.7617E-08 1.8277E-08 1.8941E-08 1.9606E-08 2.0354E-08 2.1276E-08 2.2366E-08 2.3572E-08 2.4713E-08 2.5741E-08 2.6617E-08 2.7323E-08 2.7880E-08 2.8294E-08 2.8590E-08 2.8910E-08 2.9198E-08
4.3847E-11 5.0664E-11 5.6115E-11 6.2461E-11 7.1662E-11 7.9481E-11 8.7909E-11 1.0045E-10 1.1383E-10 1.4036E-10 1.9312E-10 2.5781E-10 3.1579E-10 3.9163E-10 4.6981E-10 5.4216E-10 6.4727E-10 7.6144E-10 8.7398E-10 9.9226E-10 1.1159E-09 1.2555E-09 1.3997E-09 1.5553E-09 1.7657E-09 2.3228E-09 2.9706E-09 4.0230E-09 5.1437E-09 6.4302E-09 7.6770E-09 9.0854E-09 1.0479E-08 1.1472E-08 1.2407E-08 1.2872E-08 1.3322E-08 1.3750E-08 1.4699E-08 1.5404E-08 1.5959E-08 1.6519E-08 1.7078E-08 1.7639E-08 1.8248E-08 1.9012E-08 1.9940E-08 2.0999E-08 2.2024E-08 2.2970E-08 2.3794E-08 2.4486E-08 2.5051E-08 2.5494E-08 2.5834E-08 2.6138E-08 2.6372E-08
3.9875E-11 4.6018E-11 5.1843E-11 5.7096E-11 6.4893E-11 7.3337E-11 8.0768E-11 9.0979E-11 1.0333E-10 1.1690E-10 1.4749E-10 2.0832E-10 2.6550E-10 3.2274E-10 4.0557E-10 4.7242E-10 5.5528E-10 6.6662E-10 7.6713E-10 8.7858E-10 9.9764E-10 1.1173E-09 1.2537E-09 1.4367E-09 1.9257E-09 2.4887E-09 3.4117E-09 4.1000E-09 5.4899E-09 6.3132E-09 7.9005E-09 8.7976E-09 1.0042E-08 1.0893E-08 1.1325E-08 1.1747E-08 1.2153E-08 1.2540E-08 1.2902E-08 1.3931E-08 1.4404E-08 1.4872E-08 1.5339E-08 1.5806E-08 1.6307E-08 1.6940E-08 1.7720E-08 1.8637E-08 1.9547E-08 2.0405E-08 2.1174E-08 2.1834E-08 2.2395E-08 2.2859E-08 2.3232E-08 2.3577E-08 2.3850E-08
3.6481E-11 4.1221E-11 4.7521E-11 5.2467E-11 5.8359E-11 6.6976E-11 7.4255E-11 8.2181E-11 9.4025E-11 1.0474E-10 1.2095E-10 1.6105E-10 2.1723E-10 2.7331E-10 3.3718E-10 4.1181E-10 4.7558E-10 5.7484E-10 6.7382E-10 7.6638E-10 8.8443E-10 9.9772E-10 1.1505E-09 1.5740E-09 1.7986E-09 2.5782E-09 3.4673E-09 4.3653E-09 5.4095E-09 6.4622E-09 7.5981E-09 8.4123E-09 9.1398E-09 9.9018E-09 1.0295E-08 1.0673E-08 1.1038E-08 1.1383E-08 1.1704E-08 1.1998E-08 1.2947E-08 1.3345E-08 1.3735E-08 1.4122E-08 1.4528E-08 1.5048E-08 1.5699E-08 1.6479E-08 1.7280E-08 1.8051E-08 1.8757E-08 1.9384E-08 1.9930E-08 2.0399E-08 2.0790E-08 2.1160E-08 2.1464E-08
3.2625E-11 3.7071E-11 4.2608E-11 4.8061E-11 5.2839E-11 6.0032E-11 6.8020E-11 7.4823E-11 8.4277E-11 9.5831E-11 1.0562E-10 1.2931E-10 1.7435E-10 2.2306E-10 2.8515E-10 3.5038E-10 4.1579E-10 4.8865E-10 5.8950E-10 6.7593E-10 7.7078E-10 9.1199E-10 1.0400E-09 1.4459E-09 2.1359E-09 2.6347E-09 3.6922E-09 4.2982E-09 5.5193E-09 6.1991E-09 7.1785E-09 7.9017E-09 8.5937E-09 8.9556E-09 9.3091E-09 9.6519E-09 9.9780E-09 1.0284E-08 1.0568E-08 1.0830E-08 1.1065E-08 1.1276E-08 1.2258E-08 1.2580E-08 1.2905E-08 1.3329E-08 1.3870E-08 1.4529E-08 1.5224E-08 1.5909E-08 1.6547E-08 1.7129E-08 1.7653E-08 1.8115E-08 1.8517E-08 1.8904E-08 1.9225E-08
2.8706E-11 3.3358E-11 3.7667E-11 4.3510E-11 4.8192E-11 5.3441E-11 6.1414E-11 6.8282E-11 7.5440E-11 8.6274E-11 9.6376E-11 1.0788E-10 1.3856E-10 1.8221E-10 2.3240E-10 2.9836E-10 3.5673E-10 4.1997E-10 5.0472E-10 5.9707E-10 6.8011E-10 8.0482E-10 1.1389E-09 1.5209E-09 2.1801E-09 2.8407E-09 3.6213E-09 4.4050E-09 5.2678E-09 6.1461E-09 6.7895E-09 7.4076E-09 7.7377E-09 8.0641E-09 8.3808E-09 8.6864E-09 8.9761E-09 9.2470E-09 9.4999E-09 9.7303E-09 9.9403E-09 1.0128E-08 1.0294E-08 1.1171E-08 1.1437E-08 1.1781E-08 1.2223E-08 1.2772E-08 1.3370E-08 1.3968E-08 1.4543E-08 1.5076E-08 1.5568E-08 1.6014E-08 1.6415E-08 1.6807E-08 1.7140E-08
2.5592E-11 2.9236E-11 3.3575E-11 3.8425E-11 4.3795E-11 4.8083E-11 5.4306E-11 6.1946E-11 6.8199E-11 7.6363E-11 8.7275E-11 9.6314E-11 1.1228E-10 1.4554E-10 1.8947E-10 2.4318E-10 3.0662E-10 3.5960E-10 4.2691E-10 5.1801E-10 6.2268E-10 8.9188E-10 1.2209E-09 1.7664E-09 2.1796E-09 3.0019E-09 3.7027E-09 4.4597E-09 5.2286E-09 5.7954E-09 6.3442E-09 6.6415E-09 6.9352E-09 7.2251E-09 7.5077E-09 7.7779E-09 8.0344E-09 8.2747E-09 8.4980E-09 8.7035E-09 8.8914E-09 9.0601E-09 9.2078E-09 9.3350E-09 9.7695E-09 1.0387E-08 1.0747E-08 1.1204E-08 1.1711E-08 1.2226E-08 1.2732E-08 1.3215E-08 1.3669E-08 1.4094E-08 1.4483E-08 1.4876E-08 1.5208E-08
2.3142E-11 2.5517E-11 2.9622E-11 3.3676E-11 3.8958E-11 4.3548E-11 4.8021E-11 5.5056E-11 6.1763E-11 6.7945E-11 7.7372E-11 8.7208E-11 9.6818E-11 1.1723E-10 1.5275E-10 1.9374E-10 2.5193E-10 3.1151E-10 3.6195E-10 4.5556E-10 7.0070E-10 9.7482E-10 1.2614E-09 1.7775E-09 2.3210E-09 2.9193E-09 3.7468E-09 4.2241E-09 4.9134E-09 5.1878E-09 5.6646E-09 5.9277E-09 6.1884E-09 6.4442E-09 6.6907E-09 6.9296E-09 7.1561E-09 7.3688E-09 7.5656E-09 7.7494E-09 7.9169E-09 8.0695E-09 8.2048E-09 8.3231E-09 8.4223E-09 8.6921E-09 9.4304E-09 9.8052E-09 1.0230E-08 1.0672E-08 1.1111E-08 1.1542E-08 1.1952E-08 1.2350E-08 1.2723E-08 1.3099E-08 1.3426E-08
2.0869E-11 2.2745E-11 2.5493E-11 2.9623E-11 3.3784E-11 3.9001E-11 4.3053E-11 4.8036E-11 5.5175E-11 6.1121E-11 6.7786E-11 7.7705E-11 8.6349E-11 9.8539E-11 1.1997E-10 1.5358E-10 1.9754E-10 2.6091E-10 3.2673E-10 5.1200E-10 6.2502E-10 1.0100E-09 1.2933E-09 1.8789E-09 2.4110E-09 2.9420E-09 3.5332E-09 3.9312E-09 4.3684E-09 4.7953E-09 5.0325E-09 5.2666E-09 5.4964E-09 5.7194E-09 5.9350E-09 6.1433E-09 6.3409E-09 6.5288E-09 6.7064E-09 6.8685E-09 7.0213E-09 7.1570E-09 7.2813E-09 7.3903E-09 7.4839E-09 7.5587E-09 7.9926E-09 8.5634E-09 8.9161E-09 9.2881E-09 9.6672E-09 1.0045E-08 1.0408E-08 1.0772E-08 1.1120E-08 1.1489E-08 1.1803E-08
1.8746E-11 2.0424E-11 2.2282E-11 2.5436E-11 2.9411E-11 3.3881E-11 3.8608E-11 4.2387E-11 4.7998E-11 5.4726E-11 6.0157E-11 6.7593E-11 7.7191E-11 8.5239E-11 1.0075E-10 1.2212E-10 1.5636E-10 2.1450E-10 2.8410E-10 4.5819E-10 6.5455E-10 1.0261E-09 1.4177E-09 1.8259E-09 2.4176E-09 2.7686E-09 3.2746E-09 3.6566E-09 4.0279E-09 4.2393E-09 4.4479E-09 4.6554E-09 4.8579E-09 5.0529E-09 5.2409E-09 5.4214E-09 5.5935E-09 5.7585E-09 5.9140E-09 6.0622E-09 6.1989E-09 6.3247E-09 6.4383E-09 6.5399E-09 6.6259E-09 6.6979E-09 6.7511E-09 7.3422E-09 7.7509E-09 8.0608E-09 8.3815E-09 8.7075E-09 9.0326E-09 9.3650E-09 9.6785E-09 1.0018E-08 1.0324E-08
1.6772E-11 1.8267E-11 1.9874E-11 2.1815E-11 2.5267E-11 2.9101E-11 3.3686E-11 3.7882E-11 4.1698E-11 4.7750E-11 5.3833E-11 5.9116E-11 6.7233E-11 7.5968E-11 8.4674E-11 1.0275E-10 1.2452E-10 1.7280E-10 3.1611E-10 5.0133E-10 7.7688E-10 1.0991E-09 1.4820E-09 1.8538E-09 2.2668E-09 2.6978E-09 3.0359E-09 3.3603E-09 3.5468E-09 3.7282E-09 3.9118E-09 4.0895E-09 4.2705E-09 4.4407E-09 4.6049E-09 4.7620E-09 4.9145E-09 5.0575E-09 5.1961E-09 5.3256E-09 5.4502E-09 5.5655E-09 5.6710E-09 5.7652E-09 5.8442E-09 5.9095E-09 5.9623E-09 6.1547E-09 6.5896E-09 6.9839E-09 7.2491E-09 7.5261E-09 7.8074E-09 8.1033E-09 8.3951E-09 8.7085E-09 8.9930E-09
1.4946E-11 1.6272E-11 1.7696E-11 1.9223E-11 2.1325E-11 2.4573E-11 2.8623E-11 3.3148E-11 3.6885E-11 4.0927E-11 4.7048E-11 5.2480E-11 5.7982E-11 6.5883E-11 7.4321E-11 8.4581E-11 1.1281E-10 2.1288E-10 3.5303E-10 5.9656E-10 7.8832E-10 1.1531E-09 1.3905E-09 1.8529E-09 2.1231E-09 2.4921E-09 2.7675E-09 2.9393E-09 3.1025E-09 3.2642E-09 3.4220E-09 3.5810E-09 3.7321E-09 3.8834E-09 4.0259E-09 4.1637E-09 4.2953E-09 4.4230E-09 4.5444E-09 4.6615E-09 4.7721E-09 4.8761E-09 4.9742E-09 5.0616E-09 5.1395E-09 5.2034E-09 5.2487E-09 5.2794E-09 5.4590E-09 6.0348E-09 6.2530E-09 6.4904E-09 6.7333E-09 6.9854E-09 7.2444E-09 7.5301E-09 7.8002E-09
