Assets/Resources/2015_m01_d13_0100(utc+0800)_l00_csi_1hr_conc.grd
DSAA
         159         159
     -79.000      79.000
     -79.000      79.000
  0.0000E+00  0.2739E-05
[rows 75 to 99 of 159, columns 0 to 56 of 159]
5.1706E-09 5.5207E-09 5.8809E-09 6.2520E-09 6.6307E-09 7.0104E-09 7.3938E-09 7.7838E-09 8.1719E-09 8.5473E-09 8.9212E-09 9.2915E-09 9.6513E-09 1.0019E-08 1.0376E-08 1.0731E-08 1.1090E-08 1.1439E-08 1.1784E-08 1.2122E-08 1.2456E-08 1.2782E-08 1.3105E-08 1.3421E-08 1.3734E-08 1.4051E-08 1.4382E-08 1.4733E-08 1.5096E-08 1.5472E-08 1.5872E-08 1.6262E-08 1.6643E-08 1.6998E-08 1.7312E-08 1.7580E-08 1.7793E-08 1.7926E-08 1.7999E-08 1.8017E-08 1.7992E-08 1.7980E-08 1.8022E-08 1.8178E-08 1.8545E-08 1.9154E-08 2.0150E-08 2.1634E-08 2.3689E-08 2.6482E-08 3.0088E-08 3.4644E-08 4.0304E-08 4.7090E-08 5.5169E-08 6.4455E-08 7.4387E-08
5.0244E-09 5.3652E-09 5.7140E-09 6.0713E-09 6.4373E-09 6.8038E-09 7.1689E-09 7.5404E-09 7.9108E-09 8.2614E-09 8.6091E-09 8.9578E-09 9.2907E-09 9.6283E-09 9.9546E-09 1.0277E-08 1.0597E-08 1.0906E-08 1.1209E-08 1.1500E-08 1.1782E-08 1.2053E-08 1.2315E-08 1.2565E-08 1.2806E-08 1.3049E-08 1.3288E-08 1.3547E-08 1.3799E-08 1.4058E-08 1.4327E-08 1.4583E-08 1.4814E-08 1.5028E-08 1.5204E-08 1.5331E-08 1.5410E-08 1.5421E-08 1.5382E-08 1.5301E-08 1.5193E-08 1.5107E-08 1.5097E-08 1.5207E-08 1.5510E-08 1.6067E-08 1.6978E-08 1.8345E-08 2.0264E-08 2.2897E-08 2.6322E-08 3.0788E-08 3.6369E-08 4.3256E-08 5.1657E-08 6.1273E-08 7.1787E-08
4.8543E-09 5.1830E-09 5.5185E-09 5.8606E-09 6.2099E-09 6.5613E-09 6.9090E-09 7.2549E-09 7.6038E-09 7.9336E-09 8.2523E-09 8.5761E-09 8.8840E-09 9.1896E-09 9.4874E-09 9.7742E-09 1.0055E-08 1.0326E-08 1.0586E-08 1.0832E-08 1.1063E-08 1.1281E-08 1.1483E-08 1.1672E-08 1.1847E-08 1.2017E-08 1.2176E-08 1.2342E-08 1.2499E-08 1.2648E-08 1.2796E-08 1.2931E-08 1.3039E-08 1.3125E-08 1.3180E-08 1.3189E-08 1.3151E-08 1.3060E-08 1.2925E-08 1.2769E-08 1.2591E-08 1.2451E-08 1.2394E-08 1.2449E-08 1.2674E-08 1.3134E-08 1.3900E-08 1.5073E-08 1.6757E-08 1.9071E-08 2.2175E-08 2.6238E-08 3.1390E-08 3.7903E-08 4.5660E-08 5.4795E-08 6.5302E-08
4.6624E-09 4.9765E-09 5.2971E-09 5.6223E-09 5.9527E-09 6.2864E-09 6.6150E-09 6.9361E-09 7.2588E-09 7.5670E-09 7.8618E-09 8.1558E-09 8.4408E-09 8.7138E-09 8.9795E-09 9.2350E-09 9.4776E-09 9.7088E-09 9.9275E-09 1.0131E-08 1.0315E-08 1.0483E-08 1.0632E-08 1.0764E-08 1.0877E-08 1.0981E-08 1.1072E-08 1.1150E-08 1.1221E-08 1.1276E-08 1.1320E-08 1.1351E-08 1.1357E-08 1.1337E-08 1.1293E-08 1.1207E-08 1.1081E-08 1.0909E-08 1.0703E-08 1.0484E-08 1.0259E-08 1.0072E-08 9.9721E-09 9.9695E-09 1.0111E-08 1.0447E-08 1.1048E-08 1.1979E-08 1.3365E-08 1.5293E-08 1.7923E-08 2.1388E-08 2.5868E-08 3.1438E-08 3.8302E-08 4.6561E-08 5.6197E-08
4.4516E-09 4.7494E-09 5.0536E-09 5.3607E-09 5.6707E-09 5.9835E-09 6.2912E-09 6.5883E-09 6.8845E-09 7.1692E-09 7.4419E-09 7.7061E-09 7.9639E-09 8.2105E-09 8.4429E-09 8.6657E-09 8.8758E-09 9.0696E-09 9.2481E-09 9.4108E-09 9.5528E-09 9.6756E-09 9.7759E-09 9.8557E-09 9.9155E-09 9.9603E-09 9.9866E-09 9.9962E-09 9.9898E-09 9.9695E-09 9.9305E-09 9.8756E-09 9.8009E-09 9.7024E-09 9.5768E-09 9.4197E-09 9.2262E-09 9.0034E-09 8.7492E-09 8.4905E-09 8.2365E-09 8.0219E-09 7.8795E-09 7.8120E-09 7.8543E-09 8.0683E-09 8.4943E-09 9.1929E-09 1.0252E-08 1.1763E-08 1.3839E-08 1.6635E-08 2.0217E-08 2.4834E-08 3.0610E-08 3.7598E-08 4.5942E-08
4.2250E-09 4.5053E-09 4.7908E-09 5.0791E-09 5.3685E-09 5.6576E-09 5.9429E-09 6.2177E-09 6.4866E-09 6.7482E-09 6.9982E-09 7.2383E-09 7.4651E-09 7.6841E-09 7.8901E-09 8.0802E-09 8.2572E-09 8.4162E-09 8.5590E-09 8.6838E-09 8.7888E-09 8.8710E-09 8.9282E-09 8.9647E-09 8.9788E-09 8.9701E-09 8.9443E-09 8.8968E-09 8.8298E-09 8.7456E-09 8.6452E-09 8.5249E-09 8.3903E-09 8.2335E-09 8.0557E-09 7.8469E-09 7.6074E-09 7.3510E-09 7.0756E-09 6.7954E-09 6.5307E-09 6.2987E-09 6.1229E-09 5.9969E-09 5.9655E-09 6.0629E-09 6.3234E-09 6.7904E-09 7.5556E-09 8.6473E-09 1.0216E-08 1.2294E-08 1.5095E-08 1.8702E-08 2.3202E-08 2.8801E-08 3.5663E-08
3.9863E-09 4.2473E-09 4.5134E-09 4.7825E-09 5.0505E-09 5.3150E-09 5.5763E-09 5.8295E-09 6.0747E-09 6.3103E-09 6.5373E-09 6.7543E-09 6.9566E-09 7.1451E-09 7.3237E-09 7.4884E-09 7.6327E-09 7.7626E-09 7.8721E-09 7.9623E-09 8.0332E-09 8.0811E-09 8.1043E-09 8.1015E-09 8.0769E-09 8.0256E-09 7.9559E-09 7.8637E-09 7.7529E-09 7.6235E-09 7.4769E-09 7.3131E-09 7.1349E-09 6.9407E-09 6.7256E-09 6.4880E-09 6.2282E-09 5.9535E-09 5.6698E-09 5.3863E-09 5.1242E-09 4.8840E-09 4.6845E-09 4.5239E-09 4.4398E-09 4.4462E-09 4.5780E-09 4.8601E-09 5.3351E-09 6.0872E-09 7.1683E-09 8.6863E-09 1.0722E-08 1.3334E-08 1.6711E-08 2.0983E-08 2.6296E-08
3.7382E-09 3.9796E-09 4.2258E-09 4.4738E-09 4.7200E-09 4.9614E-09 5.1978E-09 5.4292E-09 5.6535E-09 5.8647E-09 6.0680E-09 6.2614E-09 6.4417E-09 6.6057E-09 6.7553E-09 6.8943E-09 7.0131E-09 7.1137E-09 7.1954E-09 7.2563E-09 7.2970E-09 7.3160E-09 7.3086E-09 7.2764E-09 7.2213E-09 7.1405E-09 7.0339E-09 6.9084E-09 6.7652E-09 6.6041E-09 6.4294E-09 6.2419E-09 6.0366E-09 5.8200E-09 5.5848E-09 5.3348E-09 5.0697E-09 4.7968E-09 4.5176E-09 4.2370E-09 3.9783E-09 3.7416E-09 3.5283E-09 3.3552E-09 3.2384E-09 3.1864E-09 3.2199E-09 3.3458E-09 3.6250E-09 4.0886E-09 4.8126E-09 5.8304E-09 7.1752E-09 9.0101E-09 1.1368E-08 1.4422E-08 1.8334E-08
3.4844E-09 3.7062E-09 3.9316E-09 4.1583E-09 4.3826E-09 4.6017E-09 4.8150E-09 5.0237E-09 5.2269E-09 5.4186E-09 5.5970E-09 5.7673E-09 5.9264E-09 6.0698E-09 6.1961E-09 6.3067E-09 6.4046E-09 6.4804E-09 6.5370E-09 6.5729E-09 6.5896E-09 6.5829E-09 6.5534E-09 6.4977E-09 6.4169E-09 6.3143E-09 6.1877E-09 6.0394E-09 5.8729E-09 5.6936E-09 5.5015E-09 5.3003E-09 5.0859E-09 4.8597E-09 4.6210E-09 4.3697E-09 4.1096E-09 3.8450E-09 3.5793E-09 3.3146E-09 3.0751E-09 2.8525E-09 2.6430E-09 2.4676E-09 2.3292E-09 2.2378E-09 2.1955E-09 2.2116E-09 2.3450E-09 2.6273E-09 3.0590E-09 3.6742E-09 4.5305E-09 5.6949E-09 7.2526E-09 9.2931E-09 1.1948E-08
3.2269E-09 3.4301E-09 3.6348E-09 3.8397E-09 4.0424E-09 4.2412E-09 4.4338E-09 4.6199E-09 4.8006E-09 4.9737E-09 5.1331E-09 5.2798E-09 5.4175E-09 5.5420E-09 5.6491E-09 5.7373E-09 5.8104E-09 5.8682E-09 5.9037E-09 5.9198E-09 5.9147E-09 5.8879E-09 5.8404E-09 5.7694E-09 5.6708E-09 5.5509E-09 5.4115E-09 5.2534E-09 5.0802E-09 4.8939E-09 4.6943E-09 4.4851E-09 4.2661E-09 4.0407E-09 3.8068E-09 3.5660E-09 3.3204E-09 3.0734E-09 2.8267E-09 2.5897E-09 2.3675E-09 2.1606E-09 1.9614E-09 1.7927E-09 1.6476E-09 1.5391E-09 1.4371E-09 1.4129E-09 1.4758E-09 1.6123E-09 1.8366E-09 2.1762E-09 2.6784E-09 3.3682E-09 4.3123E-09 5.5730E-09 7.2423E-09
2.9695E-09 3.1548E-09 3.3395E-09 3.5231E-09 3.7052E-09 3.8836E-09 4.0573E-09 4.2238E-09 4.3825E-09 4.5351E-09 4.6780E-09 4.8063E-09 4.9222E-09 5.0262E-09 5.1184E-09 5.1905E-09 5.2433E-09 5.2800E-09 5.3003E-09 5.3004E-09 5.2796E-09 5.2368E-09 5.1737E-09 5.0915E-09 4.9866E-09 4.8555E-09 4.7084E-09 4.5470E-09 4.3709E-09 4.1847E-09 3.9891E-09 3.7845E-09 3.5735E-09 3.3539E-09 3.1298E-09 2.9049E-09 2.6810E-09 2.4561E-09 2.2335E-09 2.0264E-09 1.8286E-09 1.6362E-09 1.4559E-09 1.2992E-09 1.1523E-09 1.0276E-09 9.2653E-10 8.6817E-10 8.7508E-10 9.2135E-10 1.0203E-09 1.1964E-09 1.4412E-09 1.8322E-09 2.3547E-09 3.0466E-09 3.9894E-09
2.7152E-09 2.8823E-09 3.0486E-09 3.2127E-09 3.3748E-09 3.5345E-09 3.6893E-09 3.8379E-09 3.9782E-09 4.1100E-09 4.2347E-09 4.3492E-09 4.4480E-09 4.5332E-09 4.6065E-09 4.6659E-09 4.7056E-09 4.7262E-09 4.7296E-09 4.7183E-09 4.6860E-09 4.6338E-09 4.5604E-09 4.4656E-09 4.3544E-09 4.2238E-09 4.0769E-09 3.9146E-09 3.7425E-09 3.5628E-09 3.3766E-09 3.1858E-09 2.9897E-09 2.7876E-09 2.5818E-09 2.3752E-09 2.1708E-09 1.9671E-09 1.7656E-09 1.5804E-09 1.4020E-09 1.2293E-09 1.0730E-09 9.3073E-10 8.0480E-10 6.9752E-10 5.8915E-10 5.2179E-10 4.8612E-10 4.8753E-10 5.2307E-10 5.9342E-10 7.1961E-10 9.0044E-10 1.1700E-09 1.5457E-09 2.0323E-09
2.4674E-09 2.6163E-09 2.7649E-09 2.9115E-09 3.0557E-09 3.1970E-09 3.3343E-09 3.4656E-09 3.5895E-09 3.7045E-09 3.8102E-09 3.9087E-09 3.9958E-09 4.0662E-09 4.1228E-09 4.1668E-09 4.1960E-09 4.2074E-09 4.1990E-09 4.1743E-09 4.1348E-09 4.0772E-09 4.0003E-09 3.9020E-09 3.7855E-09 3.6564E-09 3.5126E-09 3.3582E-09 3.1952E-09 3.0270E-09 2.8543E-09 2.6756E-09 2.4933E-09 2.3113E-09 2.1293E-09 1.9477E-09 1.7627E-09 1.5843E-09 1.4137E-09 1.2510E-09 1.0932E-09 9.4379E-10 8.1395E-10 6.8297E-10 5.6578E-10 4.5820E-10 3.5643E-10 2.9250E-10 2.5456E-10 2.2685E-10 2.3305E-10 2.5165E-10 2.9298E-10 3.7294E-10 4.9613E-10 6.6145E-10 8.9089E-10
2.2286E-09 2.3597E-09 2.4916E-09 2.6222E-09 2.7502E-09 2.8745E-09 2.9951E-09 3.1104E-09 3.2190E-09 3.3194E-09 3.4106E-09 3.4916E-09 3.5647E-09 3.6257E-09 3.6704E-09 3.7011E-09 3.7178E-09 3.7211E-09 3.7073E-09 3.6761E-09 3.6290E-09 3.5654E-09 3.4866E-09 3.3901E-09 3.2786E-09 3.1512E-09 3.0142E-09 2.8700E-09 2.7205E-09 2.5658E-09 2.4088E-09 2.2455E-09 2.0805E-09 1.9155E-09 1.7505E-09 1.5912E-09 1.4305E-09 1.2753E-09 1.1319E-09 9.9293E-10 8.5564E-10 7.2884E-10 6.1203E-10 5.0887E-10 4.1118E-10 3.0707E-10 2.2320E-10 1.6623E-10 1.2603E-10 1.0646E-10 8.4697E-11 8.7208E-11 1.0416E-10 1.3577E-10 1.8335E-10 2.5450E-10 3.5237E-10
2.0010E-09 2.1156E-09 2.2312E-09 2.3471E-09 2.4602E-09 2.5695E-09 2.6746E-09 2.7750E-09 2.8694E-09 2.9565E-09 3.0351E-09 3.1034E-09 3.1609E-09 3.2107E-09 3.2477E-09 3.2699E-09 3.2771E-09 3.2704E-09 3.2527E-09 3.2191E-09 3.1695E-09 3.1035E-09 3.0238E-09 2.9304E-09 2.8231E-09 2.7055E-09 2.5792E-09 2.4461E-09 2.3104E-09 2.1712E-09 2.0275E-09 1.8816E-09 1.7360E-09 1.5914E-09 1.4475E-09 1.3012E-09 1.1659E-09 1.0362E-09 9.1234E-10 7.9011E-10 6.7881E-10 5.7276E-10 4.7607E-10 3.6702E-10 2.8263E-10 1.9878E-10 1.1989E-10 8.9371E-11 5.8418E-11 4.3521E-11 3.1092E-11 2.2723E-11 2.2056E-11 2.8769E-11 3.6983E-11 5.0488E-11 8.9087E-11
1.7849E-09 1.8865E-09 1.9867E-09 2.0875E-09 2.1870E-09 2.2832E-09 2.3747E-09 2.4615E-09 2.5428E-09 2.6178E-09 2.6844E-09 2.7425E-09 2.7897E-09 2.8268E-09 2.8544E-09 2.8706E-09 2.8730E-09 2.8607E-09 2.8372E-09 2.8000E-09 2.7504E-09 2.6868E-09 2.6102E-09 2.5205E-09 2.4197E-09 2.3114E-09 2.1966E-09 2.0785E-09 1.9578E-09 1.8322E-09 1.7032E-09 1.5745E-09 1.4449E-09 1.3152E-09 1.1890E-09 1.0680E-09 9.5330E-10 8.4358E-10 7.3557E-10 6.2856E-10 5.3132E-10 4.3466E-10 3.5147E-10 2.7465E-10 1.9615E-10 1.2572E-10 7.8018E-11 5.2249E-11 3.3285E-11 1.7817E-11 8.1997E-12 1.8313E-12 0.0000E+00 0.0000E+00 0.0000E+00 0.0000E+00 2.0632E-12
1.5812E-09 1.6716E-09 1.7599E-09 1.8461E-09 1.9322E-09 2.0161E-09 2.0962E-09 2.1711E-09 2.2409E-09 2.3043E-09 2.3606E-09 2.4088E-09 2.4477E-09 2.4768E-09 2.4946E-09 2.5032E-09 2.5025E-09 2.4883E-09 2.4622E-09 2.4237E-09 2.3742E-09 2.3130E-09 2.2397E-09 2.1569E-09 2.0650E-09 1.9669E-09 1.8645E-09 1.7594E-09 1.6521E-09 1.5420E-09 1.4295E-09 1.3179E-09 1.2047E-09 1.0931E-09 9.8372E-10 8.7913E-10 7.7832E-10 6.8102E-10 5.8781E-10 5.0068E-10 4.2061E-10 3.4566E-10 2.6871E-10 2.0298E-10 1.4774E-10 8.6145E-11 5.8249E-11 3.8228E-11 2.1688E-11 1.1825E-11 3.2572E-12 4.3363E-13 0.0000E+00 0.0000E+00 0.0000E+00 0.0000E+00 0.0000E+00
1.3930E-09 1.4714E-09 1.5494E-09 1.6247E-09 1.6975E-09 1.7695E-09 1.8389E-09 1.9039E-09 1.9637E-09 2.0172E-09 2.0636E-09 2.1034E-09 2.1348E-09 2.1572E-09 2.1705E-09 2.1728E-09 2.1658E-09 2.1495E-09 2.1232E-09 2.0864E-09 2.0388E-09 1.9818E-09 1.9136E-09 1.8377E-09 1.7557E-09 1.6677E-09 1.5778E-09 1.4860E-09 1.3914E-09 1.2940E-09 1.1954E-09 1.0959E-09 9.9904E-10 9.0289E-10 8.1036E-10 7.2113E-10 6.3647E-10 5.5514E-10 4.7622E-10 4.0179E-10 3.2945E-10 2.6541E-10 2.1083E-10 1.5460E-10 1.1273E-10 5.9010E-11 3.8850E-11 2.5620E-11 1.1800E-11 5.1395E-12 1.2736E-12 0.0000E+00 0.0000E+00 0.0000E+00 0.0000E+00 0.0000E+00 0.0000E+00
1.2212E-09 1.2880E-09 1.3546E-09 1.4210E-09 1.4842E-09 1.5447E-09 1.6035E-09 1.6595E-09 1.7103E-09 1.7558E-09 1.7942E-09 1.8263E-09 1.8511E-09 1.8681E-09 1.8768E-09 1.8763E-09 1.8669E-09 1.8478E-09 1.8196E-09 1.7832E-09 1.7387E-09 1.6861E-09 1.6261E-09 1.5589E-09 1.4880E-09 1.4142E-09 1.3354E-09 1.2553E-09 1.1729E-09 1.0884E-09 1.0022E-09 9.1685E-10 8.3154E-10 7.4895E-10 6.6872E-10 5.9002E-10 5.1544E-10 4.4548E-10 3.7883E-10 3.2038E-10 2.6504E-10 2.0955E-10 1.6415E-10 1.2026E-10 7.3521E-11 4.1899E-11 2.8089E-11 1.3471E-11 6.1926E-12 1.8933E-12 0.0000E+00 0.0000E+00 0.0000E+00 0.0000E+00 0.0000E+00 0.0000E+00 0.0000E+00
1.0649E-09 1.1221E-09 1.1780E-09 1.2343E-09 1.2900E-09 1.3421E-09 1.3912E-09 1.4377E-09 1.4805E-09 1.5187E-09 1.5509E-09 1.5770E-09 1.5963E-09 1.6084E-09 1.6135E-09 1.6108E-09 1.6002E-09 1.5816E-09 1.5550E-09 1.5213E-09 1.4788E-09 1.4307E-09 1.3771E-09 1.3194E-09 1.2570E-09 1.1905E-09 1.1237E-09 1.0534E-09 9.8328E-10 9.0977E-10 8.3617E-10 7.6122E-10 6.8857E-10 6.1822E-10 5.4809E-10 4.8206E-10 4.2255E-10 3.6705E-10 3.1416E-10 2.6394E-10 2.1301E-10 1.7012E-10 1.2766E-10 9.5231E-11 4.7933E-11 3.0368E-11 1.5209E-11 7.4422E-12 2.9275E-12 4.8559E-13 0.0000E+00 0.0000E+00 0.0000E+00 0.0000E+00 0.0000E+00 0.0000E+00 0.0000E+00
9.2161E-10 9.7230E-10 1.0200E-09 1.0666E-09 1.1134E-09 1.1590E-09 1.2014E-09 1.2398E-09 1.2742E-09 1.3054E-09 1.3323E-09 1.3532E-09 1.3687E-09 1.3774E-09 1.3796E-09 1.3750E-09 1.3635E-09 1.3456E-09 1.3208E-09 1.2903E-09 1.2536E-09 1.2117E-09 1.1644E-09 1.1131E-09 1.0577E-09 9.9961E-10 9.4017E-10 8.8032E-10 8.1854E-10 7.5693E-10 6.9321E-10 6.3102E-10 5.7110E-10 5.1101E-10 4.5376E-10 3.9905E-10 3.4833E-10 3.0185E-10 2.5825E-10 2.1197E-10 1.7228E-10 1.3209E-10 1.0035E-10 6.6261E-11 2.8309E-11 1.7069E-11 8.8818E-12 4.0819E-12 1.0936E-12 0.0000E+00 0.0000E+00 0.0000E+00 0.0000E+00 0.0000E+00 0.0000E+00 0.0000E+00 0.0000E+00
7.9258E-10 8.3604E-10 8.7820E-10 9.1833E-10 9.5632E-10 9.9427E-10 1.0303E-09 1.0635E-09 1.0921E-09 1.1163E-09 1.1373E-09 1.1540E-09 1.1662E-09 1.1721E-09 1.1728E-09 1.1673E-09 1.1555E-09 1.1384E-09 1.1154E-09 1.0876E-09 1.0552E-09 1.0179E-09 9.7608E-10 9.3224E-10 8.8368E-10 8.3576E-10 7.8430E-10 7.3445E-10 6.8092E-10 6.2799E-10 5.7566E-10 5.2080E-10 4.7066E-10 4.2043E-10 3.7234E-10 3.2737E-10 2.8605E-10 2.4283E-10 2.0365E-10 1.6720E-10 1.2937E-10 9.5604E-11 7.3991E-11 3.9393E-11 1.8462E-11 1.0190E-11 5.0966E-12 1.6919E-12 0.0000E+00 0.0000E+00 0.0000E+00 0.0000E+00 0.0000E+00 0.0000E+00 0.0000E+00 0.0000E+00 0.0000E+00
6.7889E-10 7.1418E-10 7.5016E-10 7.8550E-10 8.1860E-10 8.4927E-10 8.7817E-10 9.0534E-10 9.3000E-10 9.5051E-10 9.6681E-10 9.7871E-10 9.8721E-10 9.9123E-10 9.9079E-10 9.8483E-10 9.7349E-10 9.5778E-10 9.3690E-10 9.1167E-10 8.8305E-10 8.4948E-10 8.1399E-10 7.7450E-10 7.3466E-10 6.9246E-10 6.5009E-10 6.0531E-10 5.6216E-10 5.1762E-10 4.7157E-10 4.2934E-10 3.8586E-10 3.4358E-10 3.0333E-10 2.6597E-10 2.3153E-10 1.9652E-10 1.6014E-10 1.2822E-10 9.6981E-11 7.3766E-11 4.8042E-11 1.8589E-11 1.0653E-11 5.2917E-12 1.8400E-12 0.0000E+00 0.0000E+00 0.0000E+00 0.0000E+00 0.0000E+00 0.0000E+00 0.0000E+00 0.0000E+00 0.0000E+00 0.0000E+00
5.7814E-10 6.0816E-10 6.3751E-10 6.6658E-10 6.9555E-10 7.2232E-10 7.4601E-10 7.6684E-10 7.8622E-10 8.0296E-10 8.1704E-10 8.2682E-10 8.3246E-10 8.3359E-10 8.3133E-10 8.2527E-10 8.1480E-10 8.0061E-10 7.8214E-10 7.5876E-10 7.3363E-10 7.0395E-10 6.7336E-10 6.3959E-10 6.0592E-10 5.6953E-10 5.3303E-10 4.9640E-10 4.5799E-10 4.2225E-10 3.8367E-10 3.4972E-10 3.1391E-10 2.7949E-10 2.4664E-10 2.1638E-10 1.8406E-10 1.5479E-10 1.2548E-10 9.4519E-11 7.1804E-11 4.8792E-11 2.9375E-11 1.0903E-11 5.0155E-12 1.8693E-12 0.0000E+00 0.0000E+00 0.0000E+00 0.0000E+00 0.0000E+00 0.0000E+00 0.0000E+00 0.0000E+00 0.0000E+00 0.0000E+00 0.0000E+00
4.8883E-10 5.1480E-10 5.3976E-10 5.6339E-10 5.8672E-10 6.0889E-10 6.2971E-10 6.4748E-10 6.6235E-10 6.7453E-10 6.8504E-10 6.9279E-10 6.9769E-10 6.9853E-10 6.9544E-10 6.8856E-10 6.7783E-10 6.6327E-10 6.4718E-10 6.2760E-10 6.0452E-10 5.8076E-10 5.5309E-10 5.2620E-10 4.9558E-10 4.6571E-10 4.3492E-10 4.0385E-10 3.7399E-10 3.4195E-10 3.1398E-10 2.8356E-10 2.5428E-10 2.2538E-10 1.9706E-10 1.7175E-10 1.4500E-10 1.1621E-10 8.8493E-11 6.7047E-11 4.9232E-11 3.1471E-11 1.3830E-11 4.2294E-12 1.8719E-12 0.0000E+00 0.0000E+00 0.0000E+00 0.0000E+00 0.0000E+00 0.0000E+00 0.0000E+00 0.0000E+00 0.0000E+00 0.0000E+00 0.0000E+00 0.0000E+00
