Assets/Resources/2015_m01_d07_1500(utc+0800)_l00_csi_1hr_conc.grd
DSAA
         159         159
     -79.000      79.000
     -79.000      79.000
  0.0000E+00  0.1028E-05
[rows 75 to 99 of 159, columns 57 to 113 of 159]
7.9956E-09 8.6617E-09 9.3949E-09 1.0224E-08 1.1253E-08 1.2668E-08 1.4766E-08 1.7988E-08 2.3121E-08 3.0730E-08 4.1277E-08 5.3301E-08 6.5078E-08 7.2291E-08 7.3410E-08 7.1212E-08 7.1967E-08 7.2267E-08 7.0748E-08 5.8554E-08 2.8093E-08 1.2901E-08 1.2145E-08 1.1751E-08 1.1325E-08 1.0874E-08 1.0408E-08 9.9310E-09 9.4482E-09 8.9631E-09 8.4780E-09 7.9988E-09 7.5307E-09 7.0760E-09 6.6366E-09 6.2143E-09 5.8118E-09 5.4272E-09 5.0615E-09 4.7141E-09 4.3838E-09 4.0743E-09 3.7862E-09 3.5191E-09 3.2678E-09 3.0390E-09 2.8272E-09 2.6324E-09 2.4492E-09 2.2773E-09 2.1151E-09 1.9663E-09 1.8215E-09 1.6929E-09 1.5796E-09 1.4721E-09 1.3708E-09
6.9490E-09 7.4733E-09 8.0078E-09 8.6137E-09 9.3247E-09 1.0183E-08 1.1453E-08 1.3476E-08 1.7036E-08 2.3187E-08 3.3220E-08 4.7714E-08 6.6657E-08 8.5687E-08 9.8472E-08 9.7009E-08 8.5916E-08 8.4320E-08 8.5894E-08 8.5146E-08 6.0545E-08 1.4863E-08 1.0903E-08 1.0545E-08 1.0158E-08 9.7495E-09 9.3253E-09 8.8910E-09 8.4540E-09 8.0183E-09 7.5848E-09 7.1574E-09 6.7403E-09 6.3344E-09 5.9483E-09 5.5780E-09 5.2178E-09 4.8787E-09 4.5567E-09 4.2497E-09 3.9531E-09 3.6824E-09 3.4318E-09 3.1901E-09 2.9662E-09 2.7582E-09 2.5705E-09 2.3979E-09 2.2327E-09 2.0771E-09 1.9339E-09 1.7995E-09 1.6710E-09 1.5556E-09 1.4514E-09 1.3522E-09 1.2598E-09
6.1649E-09 6.6110E-09 7.0672E-09 7.5267E-09 8.0031E-09 8.5591E-09 9.2764E-09 1.0399E-08 1.2398E-08 1.6293E-08 2.3779E-08 3.6235E-08 5.7358E-08 8.7401E-08 1.3388E-07 1.8775E-07 2.1843E-07 1.8507E-07 1.2868E-07 1.2100E-07 1.2013E-07 4.1137E-08 9.7569E-09 9.4422E-09 9.1024E-09 8.7420E-09 8.3683E-09 7.9874E-09 7.6027E-09 7.2174E-09 6.8345E-09 6.4565E-09 6.0851E-09 5.7237E-09 5.3742E-09 5.0390E-09 4.7156E-09 4.4055E-09 4.1063E-09 3.8220E-09 3.5558E-09 3.3074E-09 3.0777E-09 2.8623E-09 2.6627E-09 2.4830E-09 2.3140E-09 2.1588E-09 2.0128E-09 1.8790E-09 1.7528E-09 1.6349E-09 1.5264E-09 1.4255E-09 1.3293E-09 1.2385E-09 1.1551E-09
5.5161E-09 5.9003E-09 6.2859E-09 6.6749E-09 7.0581E-09 7.4504E-09 7.8611E-09 8.4266E-09 9.3013E-09 1.1010E-08 1.4384E-08 2.0290E-08 3.0607E-08 4.6930E-08 7.5939E-08 1.2977E-07 2.4511E-07 4.6652E-07 7.9499E-07 9.2124E-07 3.1488E-07 2.2151E-07 8.6920E-09 8.4159E-09 8.1182E-09 7.8029E-09 7.4776E-09 7.1447E-09 6.8066E-09 6.4688E-09 6.1329E-09 5.7998E-09 5.4720E-09 5.1518E-09 4.8422E-09 4.5435E-09 4.2544E-09 3.9751E-09 3.7062E-09 3.4519E-09 3.2135E-09 2.9915E-09 2.7841E-09 2.5890E-09 2.4155E-09 2.2572E-09 2.1081E-09 1.9680E-09 1.8353E-09 1.7133E-09 1.5989E-09 1.4932E-09 1.3952E-09 1.3027E-09 1.2144E-09 1.1324E-09 1.0566E-09
4.9396E-09 5.2690E-09 5.6033E-09 5.9382E-09 6.2700E-09 6.5945E-09 6.9181E-09 7.2520E-09 7.6481E-09 8.3348E-09 9.2815E-09 1.0785E-08 1.2847E-08 1.4656E-08 1.6141E-08 1.6248E-08 1.7757E-08 2.5254E-08 4.1183E-08 8.1679E-08 2.1458E-07 1.0276E-06 7.7084E-09 7.4682E-09 7.2095E-09 6.9378E-09 6.6544E-09 6.3637E-09 6.0698E-09 5.7752E-09 5.4809E-09 5.1898E-09 4.9023E-09 4.6204E-09 4.3473E-09 4.0813E-09 3.8244E-09 3.5735E-09 3.3343E-09 3.1079E-09 2.8953E-09 2.6963E-09 2.5127E-09 2.3434E-09 2.1889E-09 2.0465E-09 1.9123E-09 1.7854E-09 1.6685E-09 1.5581E-09 1.4556E-09 1.3609E-09 1.2720E-09 1.1869E-09 1.1067E-09 1.0332E-09 9.6393E-10
4.4217E-09 4.7066E-09 4.9950E-09 5.2838E-09 5.5700E-09 5.8498E-09 6.1192E-09 6.3744E-09 6.6118E-09 6.9278E-09 7.2223E-09 7.4682E-09 7.4257E-09 7.4880E-09 7.5026E-09 7.5155E-09 7.5107E-09 7.4733E-09 7.4021E-09 7.2974E-09 7.1619E-09 6.9978E-09 6.8097E-09 6.6022E-09 6.3800E-09 6.1448E-09 5.8990E-09 5.6477E-09 5.3930E-09 5.1360E-09 4.8804E-09 4.6270E-09 4.3762E-09 4.1303E-09 3.8887E-09 3.6530E-09 3.4232E-09 3.2009E-09 2.9886E-09 2.7881E-09 2.5977E-09 2.4232E-09 2.2598E-09 2.1127E-09 1.9781E-09 1.8505E-09 1.7297E-09 1.6184E-09 1.5127E-09 1.4137E-09 1.3224E-09 1.2373E-09 1.1556E-09 1.0782E-09 1.0068E-09 9.3995E-10 8.7694E-10
3.9509E-09 4.1970E-09 4.4441E-09 4.6916E-09 4.9378E-09 5.1781E-09 5.4087E-09 5.6269E-09 5.8298E-09 6.0140E-09 6.1764E-09 6.3138E-09 6.4270E-09 6.5137E-09 6.5726E-09 6.6015E-09 6.5993E-09 6.5665E-09 6.5052E-09 6.4150E-09 6.2990E-09 6.1582E-09 5.9969E-09 5.8185E-09 5.6262E-09 5.4233E-09 5.2126E-09 4.9951E-09 4.7745E-09 4.5530E-09 4.3316E-09 4.1113E-09 3.8944E-09 3.6793E-09 3.4658E-09 3.2571E-09 3.0530E-09 2.8572E-09 2.6707E-09 2.4921E-09 2.3260E-09 2.1705E-09 2.0302E-09 1.9035E-09 1.7828E-09 1.6687E-09 1.5635E-09 1.4627E-09 1.3679E-09 1.2804E-09 1.1990E-09 1.1212E-09 1.0468E-09 9.7765E-10 9.1340E-10 8.5264E-10 7.9750E-10
3.5275E-09 3.7376E-09 3.9490E-09 4.1603E-09 4.3690E-09 4.5725E-09 4.7679E-09 4.9512E-09 5.1216E-09 5.2772E-09 5.4172E-09 5.5374E-09 5.6361E-09 5.7106E-09 5.7595E-09 5.7827E-09 5.7795E-09 5.7508E-09 5.6986E-09 5.6231E-09 5.5254E-09 5.4050E-09 5.2663E-09 5.1123E-09 4.9466E-09 4.7728E-09 4.5915E-09 4.4043E-09 4.2152E-09 4.0241E-09 3.8323E-09 3.6430E-09 3.4546E-09 3.2657E-09 3.0782E-09 2.8927E-09 2.7126E-09 2.5405E-09 2.3747E-09 2.2208E-09 2.0741E-09 1.9417E-09 1.8235E-09 1.7102E-09 1.6026E-09 1.5037E-09 1.4087E-09 1.3185E-09 1.2351E-09 1.1577E-09 1.0839E-09 1.0126E-09 9.4600E-10 8.8445E-10 8.2618E-10 7.7264E-10 7.2510E-10
3.1477E-09 3.3264E-09 3.5046E-09 3.6824E-09 3.8580E-09 4.0315E-09 4.1969E-09 4.3535E-09 4.4989E-09 4.6314E-09 4.7492E-09 4.8500E-09 4.9321E-09 4.9921E-09 5.0311E-09 5.0498E-09 5.0483E-09 5.0262E-09 4.9827E-09 4.9186E-09 4.8350E-09 4.7321E-09 4.6130E-09 4.4805E-09 4.3385E-09 4.1886E-09 4.0331E-09 3.8741E-09 3.7115E-09 3.5470E-09 3.3830E-09 3.2192E-09 3.0534E-09 2.8886E-09 2.7236E-09 2.5599E-09 2.4023E-09 2.2493E-09 2.1039E-09 1.9680E-09 1.8446E-09 1.7388E-09 1.6331E-09 1.5326E-09 1.4400E-09 1.3507E-09 1.2657E-09 1.1867E-09 1.1134E-09 1.0437E-09 9.7601E-10 9.1196E-10 8.5332E-10 7.9762E-10 7.4599E-10 7.0020E-10 6.5891E-10
2.8086E-09 2.9591E-09 3.1107E-09 3.2617E-09 3.4101E-09 3.5546E-09 3.6934E-09 3.8246E-09 3.9460E-09 4.0557E-09 4.1516E-09 4.2340E-09 4.3025E-09 4.3550E-09 4.3902E-09 4.4070E-09 4.4054E-09 4.3860E-09 4.3484E-09 4.2936E-09 4.2222E-09 4.1345E-09 4.0324E-09 3.9187E-09 3.7965E-09 3.6679E-09 3.5356E-09 3.3998E-09 3.2609E-09 3.1207E-09 2.9792E-09 2.8348E-09 2.6904E-09 2.5452E-09 2.3995E-09 2.2533E-09 2.1134E-09 1.9840E-09 1.8595E-09 1.7466E-09 1.6464E-09 1.5488E-09 1.4591E-09 1.3730E-09 1.2896E-09 1.2096E-09 1.1354E-09 1.0666E-09 1.0010E-09 9.3685E-10 8.7606E-10 8.2016E-10 7.6718E-10 7.1772E-10 6.7392E-10 6.3461E-10 5.9837E-10
2.5053E-09 2.6364E-09 2.7631E-09 2.8890E-09 3.0129E-09 3.1331E-09 3.2477E-09 3.3558E-09 3.4560E-09 3.5481E-09 3.6297E-09 3.6998E-09 3.7570E-09 3.8000E-09 3.8285E-09 3.8415E-09 3.8392E-09 3.8219E-09 3.7894E-09 3.7425E-09 3.6815E-09 3.6064E-09 3.5188E-09 3.4209E-09 3.3161E-09 3.2070E-09 3.0942E-09 2.9786E-09 2.8608E-09 2.7396E-09 2.6150E-09 2.4892E-09 2.3616E-09 2.2321E-09 2.1022E-09 1.9777E-09 1.8561E-09 1.7430E-09 1.6450E-09 1.5540E-09 1.4653E-09 1.3831E-09 1.3034E-09 1.2258E-09 1.1512E-09 1.0818E-09 1.0175E-09 9.5605E-10 8.9568E-10 8.3816E-10 7.8529E-10 7.3499E-10 6.8800E-10 6.4646E-10 6.0923E-10 5.7488E-10 5.3643E-10
2.2267E-09 2.3423E-09 2.4528E-09 2.5575E-09 2.6604E-09 2.7604E-09 2.8561E-09 2.9463E-09 3.0295E-09 3.1051E-09 3.1718E-09 3.2293E-09 3.2758E-09 3.3106E-09 3.3335E-09 3.3434E-09 3.3405E-09 3.3251E-09 3.2970E-09 3.2569E-09 3.2041E-09 3.1394E-09 3.0645E-09 2.9817E-09 2.8942E-09 2.8015E-09 2.7050E-09 2.6065E-09 2.5044E-09 2.3982E-09 2.2891E-09 2.1764E-09 2.0583E-09 1.9429E-09 1.8294E-09 1.7218E-09 1.6261E-09 1.5385E-09 1.4555E-09 1.3786E-09 1.3044E-09 1.2316E-09 1.1601E-09 1.0906E-09 1.0265E-09 9.6686E-10 9.0923E-10 8.5259E-10 7.9862E-10 7.4880E-10 7.0129E-10 6.5707E-10 6.1797E-10 5.8298E-10 5.5061E-10 5.1286E-10 4.7797E-10
1.9747E-09 2.0704E-09 2.1684E-09 2.2624E-09 2.3484E-09 2.4308E-09 2.5095E-09 2.5834E-09 2.6516E-09 2.7134E-09 2.7677E-09 2.8145E-09 2.8523E-09 2.8805E-09 2.8987E-09 2.9062E-09 2.9032E-09 2.8895E-09 2.8648E-09 2.8297E-09 2.7848E-09 2.7315E-09 2.6697E-09 2.6002E-09 2.5247E-09 2.4449E-09 2.3624E-09 2.2766E-09 2.1867E-09 2.0925E-09 1.9935E-09 1.8884E-09 1.7791E-09 1.6804E-09 1.5905E-09 1.5083E-09 1.4326E-09 1.3613E-09 1.2910E-09 1.2234E-09 1.1576E-09 1.0921E-09 1.0287E-09 9.6984E-10 9.1464E-10 8.6091E-10 8.0816E-10 7.5764E-10 7.1104E-10 6.6644E-10 6.2507E-10 5.8873E-10 5.5598E-10 5.2570E-10 4.8979E-10 4.5565E-10 4.2429E-10
1.7513E-09 1.8288E-09 1.9135E-09 1.9887E-09 2.0680E-09 2.1407E-09 2.2049E-09 2.2651E-09 2.3206E-09 2.3706E-09 2.4145E-09 2.4523E-09 2.4825E-09 2.5052E-09 2.5192E-09 2.5246E-09 2.5211E-09 2.5085E-09 2.4875E-09 2.4586E-09 2.4211E-09 2.3758E-09 2.3227E-09 2.2629E-09 2.1987E-09 2.1316E-09 2.0598E-09 1.9832E-09 1.9003E-09 1.8053E-09 1.7100E-09 1.6192E-09 1.5372E-09 1.4571E-09 1.3926E-09 1.3306E-09 1.2676E-09 1.2044E-09 1.1424E-09 1.0816E-09 1.0210E-09 9.6444E-10 9.1248E-10 8.6172E-10 8.1157E-10 7.6257E-10 7.1495E-10 6.7176E-10 6.2993E-10 5.9202E-10 5.5888E-10 5.2850E-10 4.9951E-10 4.6547E-10 4.3320E-10 4.0351E-10 3.7465E-10
1.5508E-09 1.6212E-09 1.6821E-09 1.7502E-09 1.8191E-09 1.8752E-09 1.9360E-09 1.9913E-09 2.0361E-09 2.0764E-09 2.1117E-09 2.1418E-09 2.1658E-09 2.1835E-09 2.1941E-09 2.1975E-09 2.1938E-09 2.1826E-09 2.1643E-09 2.1391E-09 2.1063E-09 2.0668E-09 2.0218E-09 1.9726E-09 1.9173E-09 1.8558E-09 1.7841E-09 1.7018E-09 1.6139E-09 1.5370E-09 1.4599E-09 1.3966E-09 1.3394E-09 1.2850E-09 1.2303E-09 1.1735E-09 1.1169E-09 1.0612E-09 1.0035E-09 9.4981E-10 9.0124E-10 8.5436E-10 8.0732E-10 7.6032E-10 7.1407E-10 6.7145E-10 6.3181E-10 5.9241E-10 5.5918E-10 5.2882E-10 5.0072E-10 4.7188E-10 4.3900E-10 4.0873E-10 3.7971E-10 3.5063E-10 3.2232E-10
1.3775E-09 1.4322E-09 1.4817E-09 1.5369E-09 1.5882E-09 1.6386E-09 1.6923E-09 1.7335E-09 1.7705E-09 1.8155E-09 1.8446E-09 1.8683E-09 1.8871E-09 1.9007E-09 1.9085E-09 1.9104E-09 1.9064E-09 1.8962E-09 1.8802E-09 1.8585E-09 1.8310E-09 1.7984E-09 1.7552E-09 1.7052E-09 1.6427E-09 1.5651E-09 1.4995E-09 1.4343E-09 1.3760E-09 1.3234E-09 1.2767E-09 1.2201E-09 1.1690E-09 1.1184E-09 1.0715E-09 1.0201E-09 9.7351E-10 9.2357E-10 8.8262E-10 8.3811E-10 7.9388E-10 7.4969E-10 7.0720E-10 6.6555E-10 6.2861E-10 5.8936E-10 5.5687E-10 5.2662E-10 4.9873E-10 4.7291E-10 4.4423E-10 4.1277E-10 3.8360E-10 3.5486E-10 3.2669E-10 2.9907E-10 2.7427E-10
1.2197E-09 1.2680E-09 1.3054E-09 1.3510E-09 1.3946E-09 1.4308E-09 1.4697E-09 1.5135E-09 1.5437E-09 1.5667E-09 1.6004E-09 1.6219E-09 1.6359E-09 1.6503E-09 1.6534E-09 1.6547E-09 1.6438E-09 1.6283E-09 1.6204E-09 1.5947E-09 1.5648E-09 1.5250E-09 1.4791E-09 1.4302E-09 1.3706E-09 1.3191E-09 1.2804E-09 1.2366E-09 1.1959E-09 1.1494E-09 1.1060E-09 1.0627E-09 1.0208E-09 9.7427E-10 9.3270E-10 8.8894E-10 8.4947E-10 8.0741E-10 7.6671E-10 7.2270E-10 6.8734E-10 6.4823E-10 6.1413E-10 5.8198E-10 5.5102E-10 5.2150E-10 4.9417E-10 4.6907E-10 4.4275E-10 4.1617E-10 3.8787E-10 3.5957E-10 3.2929E-10 3.0167E-10 2.7590E-10 2.5311E-10 2.3098E-10
1.0811E-09 1.1187E-09 1.1487E-09 1.1818E-09 1.2188E-09 1.2493E-09 1.2773E-09 1.3049E-09 1.3346E-09 1.3552E-09 1.3697E-09 1.3864E-09 1.3952E-09 1.4008E-09 1.4014E-09 1.4018E-09 1.3975E-09 1.3869E-09 1.3661E-09 1.3416E-09 1.2995E-09 1.2677E-09 1.2360E-09 1.2095E-09 1.1840E-09 1.1495E-09 1.1095E-09 1.0726E-09 1.0386E-09 1.0019E-09 9.6510E-10 9.2521E-10 8.8819E-10 8.4984E-10 8.1423E-10 7.7760E-10 7.4090E-10 7.0415E-10 6.7090E-10 6.3482E-10 6.0180E-10 5.7089E-10 5.4154E-10 5.1334E-10 4.8713E-10 4.6266E-10 4.3804E-10 4.1279E-10 3.8787E-10 3.5894E-10 3.2896E-10 3.0157E-10 2.7361E-10 2.5079E-10 2.2802E-10 2.0730E-10 1.9244E-10
9.5549E-10 9.8111E-10 1.0196E-09 1.0400E-09 1.0603E-09 1.0936E-09 1.1089E-09 1.1244E-09 1.1511E-09 1.1610E-09 1.1710E-09 1.1846E-09 1.1935E-09 1.2018E-09 1.2054E-09 1.2026E-09 1.1844E-09 1.1686E-09 1.1503E-09 1.1355E-09 1.1189E-09 1.0990E-09 1.0756E-09 1.0488E-09 1.0243E-09 1.0009E-09 9.7595E-10 9.4466E-10 9.0863E-10 8.7232E-10 8.3935E-10 8.0928E-10 7.7941E-10 7.4922E-10 7.1698E-10 6.8267E-10 6.5030E-10 6.1766E-10 5.8567E-10 5.5630E-10 5.2851E-10 5.0201E-10 4.7721E-10 4.5385E-10 4.3028E-10 4.0470E-10 3.8017E-10 3.5178E-10 3.2413E-10 2.9305E-10 2.6797E-10 2.4177E-10 2.1816E-10 1.9756E-10 1.8680E-10 1.7532E-10 1.6684E-10
8.5582E-10 8.7156E-10 9.0088E-10 9.1557E-10 9.2881E-10 9.5373E-10 9.7009E-10 9.8086E-10 1.0021E-09 1.0116E-09 1.0190E-09 1.0312E-09 1.0385E-09 1.0356E-09 1.0351E-09 1.0259E-09 1.0174E-09 1.0051E-09 9.9587E-10 9.8426E-10 9.7102E-10 9.5748E-10 9.4204E-10 9.2417E-10 9.0258E-10 8.7336E-10 8.4517E-10 8.2065E-10 7.9603E-10 7.7061E-10 7.4448E-10 7.1497E-10 6.8506E-10 6.5519E-10 6.2559E-10 5.9579E-10 5.6590E-10 5.3813E-10 5.1211E-10 4.8786E-10 4.6471E-10 4.4189E-10 4.1823E-10 3.9474E-10 3.6820E-10 3.4324E-10 3.1283E-10 2.8404E-10 2.5521E-10 2.2636E-10 2.0546E-10 1.8803E-10 1.7824E-10 1.6953E-10 1.6101E-10 1.5240E-10 1.4557E-10
7.7407E-10 7.8593E-10 8.0812E-10 8.2100E-10 8.3054E-10 8.4894E-10 8.6156E-10 8.6813E-10 8.8450E-10 8.9160E-10 8.9406E-10 8.9259E-10 8.9476E-10 8.8100E-10 8.8201E-10 8.8588E-10 8.8378E-10 8.7984E-10 8.7455E-10 8.6584E-10 8.5488E-10 8.3989E-10 8.2321E-10 8.0547E-10 7.8816E-10 7.6920E-10 7.4818E-10 7.2473E-10 6.9992E-10 6.7422E-10 6.4884E-10 6.2356E-10 5.9648E-10 5.6951E-10 5.4297E-10 5.1699E-10 4.9327E-10 4.7118E-10 4.5054E-10 4.2697E-10 4.0207E-10 3.7668E-10 3.4990E-10 3.2120E-10 2.9128E-10 2.5911E-10 2.3618E-10 2.1714E-10 1.9839E-10 1.8430E-10 1.7126E-10 1.6143E-10 1.5344E-10 1.4636E-10 1.4010E-10 1.3515E-10 1.3015E-10
7.0260E-10 7.1196E-10 7.2939E-10 7.3928E-10 7.4649E-10 7.5879E-10 7.6302E-10 7.6855E-10 7.8007E-10 7.7623E-10 7.7852E-10 7.8262E-10 7.8417E-10 7.8310E-10 7.8175E-10 7.7909E-10 7.7492E-10 7.6790E-10 7.5976E-10 7.5204E-10 7.4362E-10 7.3184E-10 7.1861E-10 7.0365E-10 6.8766E-10 6.7045E-10 6.5186E-10 6.3227E-10 6.1136E-10 5.8816E-10 5.6463E-10 5.4048E-10 5.1706E-10 4.9430E-10 4.7376E-10 4.5349E-10 4.2848E-10 4.0360E-10 3.7843E-10 3.4861E-10 3.1780E-10 2.9618E-10 2.6856E-10 2.4558E-10 2.2583E-10 2.0708E-10 1.9094E-10 1.7519E-10 1.6149E-10 1.5359E-10 1.4730E-10 1.4181E-10 1.3602E-10 1.3135E-10 1.2669E-10 1.2167E-10 1.1770E-10
6.4522E-10 6.5270E-10 6.6049E-10 6.6837E-10 6.7426E-10 6.8171E-10 6.8707E-10 6.9134E-10 6.9531E-10 6.9873E-10 7.0108E-10 7.0190E-10 7.0138E-10 7.0124E-10 6.9882E-10 6.9578E-10 6.9019E-10 6.8408E-10 6.7804E-10 6.7020E-10 6.5987E-10 6.4826E-10 6.3542E-10 6.2138E-10 6.0590E-10 5.8844E-10 5.7003E-10 5.5073E-10 5.3085E-10 5.1097E-10 4.9160E-10 4.7280E-10 4.5273E-10 4.2815E-10 4.0271E-10 3.7754E-10 3.5286E-10 3.2895E-10 3.0203E-10 2.8067E-10 2.5850E-10 2.3557E-10 2.1341E-10 1.9517E-10 1.7561E-10 1.6385E-10 1.5692E-10 1.5003E-10 1.4315E-10 1.3767E-10 1.3273E-10 1.2773E-10 1.2244E-10 1.1830E-10 1.1437E-10 1.0981E-10 1.0406E-10
5.9263E-10 5.9884E-10 6.0514E-10 6.1080E-10 6.1529E-10 6.1916E-10 6.2343E-10 6.2676E-10 6.2871E-10 6.3073E-10 6.3089E-10 6.3152E-10 6.3155E-10 6.2894E-10 6.2506E-10 6.2014E-10 6.1559E-10 6.0956E-10 6.0158E-10 5.9223E-10 5.8172E-10 5.7075E-10 5.5844E-10 5.4496E-10 5.3045E-10 5.1529E-10 4.9959E-10 4.8369E-10 4.6735E-10 4.4804E-10 4.2731E-10 4.0636E-10 3.8429E-10 3.6197E-10 3.3912E-10 3.1489E-10 2.9158E-10 2.6642E-10 2.4555E-10 2.2378E-10 2.0248E-10 1.8586E-10 1.7206E-10 1.6011E-10 1.5246E-10 1.4617E-10 1.3958E-10 1.3406E-10 1.2877E-10 1.2378E-10 1.1905E-10 1.1483E-10 1.1027E-10 1.0628E-10 1.0090E-10 9.5490E-11 8.8520E-11
5.4132E-10 5.4983E-10 5.5446E-10 5.5852E-10 5.6199E-10 5.6481E-10 5.6813E-10 5.6961E-10 5.7035E-10 5.7030E-10 5.7067E-10 5.6902E-10 5.6652E-10 5.6314E-10 5.5937E-10 5.5485E-10 5.4905E-10 5.4210E-10 5.3419E-10 5.2544E-10 5.1600E-10 5.0571E-10 4.9443E-10 4.8227E-10 4.6926E-10 4.5533E-10 4.4070E-10 4.2475E-10 4.0751E-10 3.8919E-10 3.7021E-10 3.4992E-10 3.2421E-10 3.0220E-10 2.7846E-10 2.5735E-10 2.3313E-10 2.1145E-10 1.9108E-10 1.7233E-10 1.6321E-10 1.5598E-10 1.4918E-10 1.4251E-10 1.3541E-10 1.3046E-10 1.2545E-10 1.2039E-10 1.1560E-10 1.1103E-10 1.0704E-10 1.0298E-10 9.5586E-11 9.0170E-11 8.3203E-11 7.8874E-11 7.4706E-11
