Assets/Resources/2015_m01_d08_2100(utc+0800)_l00_csi_1hr_conc.grd
DSAA
         159         159
     -79.000      79.000
     -79.000      79.000
  0.2883E-09  0.5171E-05
[rows 100 to 124 of 159, columns 57 to 113 of 159]
1.0094E-08 1.0697E-08 1.1120E-08 1.1541E-08 1.2085E-08 1.2642E-08 1.3061E-08 1.3470E-08 1.3964E-08 1.4356E-08 1.4733E-08 1.5163E-08 1.5705E-08 1.6218E-08 1.6968E-08 1.7365E-08 1.7642E-08 1.7791E-08 1.7703E-08 1.7794E-08 1.7613E-08 1.7529E-08 1.7256E-08 1.7000E-08 1.6693E-08 1.6372E-08 1.6029E-08 1.5672E-08 1.5494E-08 1.5144E-08 1.4805E-08 1.5972E-08 1.7978E-08 1.9336E-08 1.9797E-08 1.9414E-08 1.8570E-08 1.7549E-08 1.6552E-08 1.5680E-08 1.4777E-08 1.3987E-08 1.3505E-08 9.7376E-09 9.4368E-09 9.1132E-09 8.7977E-09 8.4865E-09 8.1851E-09 7.8864E-09 7.6087E-09 7.3350E-09 7.0393E-09 6.7310E-09 6.4106E-09 6.0932E-09 5.7992E-09
9.7671E-09 1.0204E-08 1.0606E-08 1.1009E-08 1.1411E-08 1.1810E-08 1.2267E-08 1.2661E-08 1.3048E-08 1.3426E-08 1.3878E-08 1.4286E-08 1.4684E-08 1.5225E-08 1.5908E-08 1.6507E-08 1.6834E-08 1.7013E-08 1.7135E-08 1.7237E-08 1.7119E-08 1.6854E-08 1.6606E-08 1.6366E-08 1.6080E-08 1.5787E-08 1.5473E-08 1.5146E-08 1.4812E-08 1.4499E-08 1.4298E-08 1.4891E-08 1.6611E-08 1.8088E-08 1.8664E-08 1.8532E-08 1.7956E-08 1.7045E-08 1.6067E-08 1.5183E-08 1.4418E-08 1.0230E-08 9.9414E-09 9.6448E-09 9.3613E-09 9.0397E-09 8.7309E-09 8.4208E-09 8.1258E-09 7.8326E-09 7.5599E-09 7.2872E-09 7.0002E-09 6.7028E-09 6.3847E-09 6.0727E-09 5.7838E-09
9.4869E-09 9.8706E-09 1.0257E-08 1.0683E-08 1.1072E-08 1.1459E-08 1.1843E-08 1.2273E-08 1.2648E-08 1.3015E-08 1.3371E-08 1.3748E-08 1.4202E-08 1.4590E-08 1.5151E-08 1.5847E-08 1.6224E-08 1.6437E-08 1.6579E-08 1.6691E-08 1.6627E-08 1.6390E-08 1.6167E-08 1.5932E-08 1.5668E-08 1.5395E-08 1.5101E-08 1.4793E-08 1.4473E-08 1.4170E-08 1.3883E-08 1.3600E-08 1.5462E-08 1.6952E-08 1.7732E-08 1.7795E-08 1.7307E-08 1.6533E-08 1.5742E-08 1.0752E-08 1.0422E-08 1.0123E-08 9.8352E-09 9.5530E-09 9.2797E-09 8.9625E-09 8.6553E-09 8.3574E-09 8.0634E-09 7.7757E-09 7.5081E-09 7.2364E-09 6.9578E-09 6.6723E-09 6.3562E-09 6.0498E-09 5.7616E-09
9.2067E-09 9.5780E-09 9.9517E-09 1.0326E-08 1.0701E-08 1.1110E-08 1.1481E-08 1.1849E-08 1.2209E-08 1.2608E-08 1.2954E-08 1.3309E-08 1.3673E-08 1.4078E-08 1.4543E-08 1.5133E-08 1.5546E-08 1.5870E-08 1.6032E-08 1.6155E-08 1.6141E-08 1.5934E-08 1.5735E-08 1.5507E-08 1.5264E-08 1.5012E-08 1.4736E-08 1.4447E-08 1.4134E-08 1.3844E-08 1.3571E-08 1.3302E-08 1.4539E-08 1.5946E-08 1.6812E-08 1.2161E-08 1.1814E-08 1.1378E-08 1.0985E-08 1.0627E-08 1.0304E-08 1.0007E-08 9.7304E-09 9.4567E-09 9.1861E-09 8.8762E-09 8.5819E-09 8.2902E-09 7.9979E-09 7.7157E-09 7.4506E-09 7.1805E-09 6.9146E-09 6.6347E-09 6.3247E-09 6.0242E-09 5.7366E-09
8.9120E-09 9.2859E-09 9.6471E-09 1.0010E-08 1.0372E-08 1.0733E-08 1.1091E-08 1.1477E-08 1.1826E-08 1.2169E-08 1.2503E-08 1.2865E-08 1.3224E-08 1.3561E-08 1.3963E-08 1.4538E-08 1.4974E-08 1.5251E-08 1.5432E-08 1.5626E-08 1.5658E-08 1.5482E-08 1.5307E-08 1.5089E-08 1.4866E-08 1.4634E-08 1.4377E-08 1.4094E-08 1.3799E-08 1.3522E-08 1.3263E-08 1.2976E-08 1.2711E-08 1.2462E-08 1.2205E-08 1.1931E-08 1.1629E-08 1.1227E-08 1.0845E-08 1.0495E-08 1.0178E-08 9.8912E-09 9.6213E-09 9.3553E-09 9.0835E-09 8.7919E-09 8.5049E-09 8.2186E-09 7.9292E-09 7.6527E-09 7.3860E-09 7.1250E-09 6.8682E-09 6.5907E-09 6.2907E-09 5.9946E-09 5.7109E-09
8.6364E-09 8.9818E-09 9.3435E-09 9.6935E-09 1.0044E-08 1.0393E-08 1.0739E-08 1.1082E-08 1.1445E-08 1.1776E-08 1.2100E-08 1.2414E-08 1.2750E-08 1.3107E-08 1.3449E-08 1.3930E-08 1.4372E-08 1.4712E-08 1.4913E-08 1.5059E-08 1.5176E-08 1.5032E-08 1.4876E-08 1.4674E-08 1.4473E-08 1.4259E-08 1.4013E-08 1.3744E-08 1.3437E-08 1.3156E-08 1.2909E-08 1.2654E-08 1.2411E-08 1.2189E-08 1.1966E-08 1.1713E-08 1.1437E-08 1.1068E-08 1.0694E-08 1.0357E-08 1.0051E-08 9.7712E-09 9.5081E-09 9.2425E-09 8.9830E-09 8.7039E-09 8.4240E-09 8.1401E-09 7.8571E-09 7.5837E-09 7.3219E-09 7.0670E-09 6.8190E-09 6.5441E-09 6.2512E-09 5.9652E-09 5.6831E-09
8.3528E-09 8.6947E-09 9.0302E-09 9.3788E-09 9.7167E-09 1.0053E-08 1.0388E-08 1.0719E-08 1.1045E-08 1.1365E-08 1.1699E-08 1.2003E-08 1.2319E-08 1.2634E-08 1.2976E-08 1.3391E-08 1.3824E-08 1.4148E-08 1.4368E-08 1.4552E-08 1.4662E-08 1.4552E-08 1.4410E-08 1.4233E-08 1.4053E-08 1.3837E-08 1.3603E-08 1.3355E-08 1.3082E-08 1.2831E-08 1.2585E-08 1.2359E-08 1.2142E-08 1.1935E-08 1.1726E-08 1.1490E-08 1.1237E-08 1.0897E-08 1.0542E-08 1.0218E-08 9.9200E-09 9.6471E-09 9.3858E-09 9.1317E-09 8.8788E-09 8.6122E-09 8.3378E-09 8.0585E-09 7.7796E-09 7.5149E-09 7.2553E-09 7.0059E-09 6.7662E-09 6.4932E-09 6.2123E-09 5.9334E-09 5.6533E-09
8.0744E-09 8.4015E-09 8.7242E-09 9.0568E-09 9.3818E-09 9.7162E-09 1.0039E-08 1.0358E-08 1.0673E-08 1.0982E-08 1.1284E-08 1.1577E-08 1.1894E-08 1.2195E-08 1.2483E-08 1.2840E-08 1.3285E-08 1.3621E-08 1.3858E-08 1.4028E-08 1.4158E-08 1.4092E-08 1.3967E-08 1.3813E-08 1.3640E-08 1.3452E-08 1.3232E-08 1.2985E-08 1.2749E-08 1.2515E-08 1.2292E-08 1.2081E-08 1.1876E-08 1.1677E-08 1.1481E-08 1.1259E-08 1.1026E-08 1.0723E-08 1.0385E-08 1.0072E-08 9.7832E-09 9.5127E-09 9.2637E-09 9.0174E-09 8.7711E-09 8.5164E-09 8.2454E-09 7.9712E-09 7.7016E-09 7.4433E-09 7.1863E-09 6.9421E-09 6.7035E-09 6.4409E-09 6.1710E-09 5.8970E-09 5.6213E-09
7.8060E-09 8.1136E-09 8.4299E-09 8.7418E-09 9.0612E-09 9.3733E-09 9.6920E-09 9.9996E-09 1.0303E-08 1.0601E-08 1.0892E-08 1.1176E-08 1.1450E-08 1.1760E-08 1.2039E-08 1.2358E-08 1.2744E-08 1.3085E-08 1.3336E-08 1.3517E-08 1.3655E-08 1.3640E-08 1.3531E-08 1.3387E-08 1.3240E-08 1.3063E-08 1.2869E-08 1.2656E-08 1.2432E-08 1.2211E-08 1.2003E-08 1.1802E-08 1.1606E-08 1.1416E-08 1.1227E-08 1.1025E-08 1.0813E-08 1.0542E-08 1.0222E-08 9.9185E-09 9.6391E-09 9.3795E-09 9.1370E-09 8.8995E-09 8.6600E-09 8.4171E-09 8.1472E-09 7.8833E-09 7.6211E-09 7.3690E-09 7.1148E-09 6.8753E-09 6.6382E-09 6.3869E-09 6.1273E-09 5.8571E-09 5.5874E-09
7.5397E-09 7.8351E-09 8.1331E-09 8.4371E-09 8.7380E-09 9.0413E-09 9.3418E-09 9.6401E-09 9.9362E-09 1.0223E-08 1.0504E-08 1.0777E-08 1.1042E-08 1.1320E-08 1.1589E-08 1.1867E-08 1.2225E-08 1.2562E-08 1.2819E-08 1.2999E-08 1.3144E-08 1.3172E-08 1.3089E-08 1.2983E-08 1.2862E-08 1.2693E-08 1.2517E-08 1.2323E-08 1.2118E-08 1.1909E-08 1.1711E-08 1.1521E-08 1.1327E-08 1.1147E-08 1.0974E-08 1.0788E-08 1.0594E-08 1.0354E-08 1.0048E-08 9.7626E-09 9.4949E-09 9.2424E-09 9.0068E-09 8.7784E-09 8.5456E-09 8.3114E-09 8.0490E-09 7.7929E-09 7.5379E-09 7.2889E-09 7.0403E-09 6.8048E-09 6.5726E-09 6.3306E-09 6.0809E-09 5.8148E-09 5.5514E-09
7.2760E-09 7.5594E-09 7.8452E-09 8.1326E-09 8.4207E-09 8.7084E-09 8.9947E-09 9.2785E-09 9.5587E-09 9.8344E-09 1.0104E-08 1.0367E-08 1.0622E-08 1.0885E-08 1.1143E-08 1.1403E-08 1.1720E-08 1.2046E-08 1.2313E-08 1.2514E-08 1.2666E-08 1.2724E-08 1.2668E-08 1.2581E-08 1.2471E-08 1.2327E-08 1.2168E-08 1.1991E-08 1.1801E-08 1.1604E-08 1.1410E-08 1.1230E-08 1.1052E-08 1.0881E-08 1.0717E-08 1.0548E-08 1.0364E-08 1.0155E-08 9.8740E-09 9.6034E-09 9.3453E-09 9.1016E-09 8.8732E-09 8.6519E-09 8.4251E-09 8.2052E-09 7.9480E-09 7.6998E-09 7.4519E-09 7.2059E-09 6.9616E-09 6.7342E-09 6.5049E-09 6.2721E-09 6.0319E-09 5.7702E-09 5.5133E-09
7.0155E-09 7.2869E-09 7.5608E-09 7.8362E-09 8.1122E-09 8.3880E-09 8.6625E-09 8.9348E-09 9.2038E-09 9.4684E-09 9.7277E-09 9.9805E-09 1.0226E-08 1.0474E-08 1.0720E-08 1.0957E-08 1.1237E-08 1.1555E-08 1.1824E-08 1.2026E-08 1.2184E-08 1.2269E-08 1.2243E-08 1.2182E-08 1.2084E-08 1.1960E-08 1.1818E-08 1.1656E-08 1.1476E-08 1.1290E-08 1.1112E-08 1.0944E-08 1.0776E-08 1.0615E-08 1.0459E-08 1.0298E-08 1.0132E-08 9.9536E-09 9.6947E-09 9.4393E-09 9.1917E-09 8.9572E-09 8.7358E-09 8.5193E-09 8.3044E-09 8.0890E-09 7.8442E-09 7.6039E-09 7.3628E-09 7.1185E-09 6.8831E-09 6.6599E-09 6.4352E-09 6.2114E-09 5.9783E-09 5.7229E-09 5.4732E-09
6.7555E-09 7.0185E-09 7.2804E-09 7.5439E-09 7.8081E-09 8.0721E-09 8.3350E-09 8.5958E-09 8.8535E-09 9.1072E-09 9.3559E-09 9.5986E-09 9.8342E-09 1.0062E-08 1.0298E-08 1.0526E-08 1.0779E-08 1.1070E-08 1.1336E-08 1.1549E-08 1.1712E-08 1.1818E-08 1.1819E-08 1.1781E-08 1.1696E-08 1.1589E-08 1.1461E-08 1.1315E-08 1.1152E-08 1.0980E-08 1.0815E-08 1.0657E-08 1.0499E-08 1.0342E-08 1.0196E-08 1.0051E-08 9.8994E-09 9.7394E-09 9.5100E-09 9.2697E-09 9.0343E-09 8.8074E-09 8.5934E-09 8.3870E-09 8.1805E-09 7.9701E-09 7.7375E-09 7.5046E-09 7.2690E-09 7.0315E-09 6.8024E-09 6.5820E-09 6.3636E-09 6.1482E-09 5.9192E-09 5.6736E-09 5.4311E-09
6.5016E-09 6.7494E-09 6.9995E-09 7.2512E-09 7.5036E-09 7.7559E-09 8.0073E-09 8.2567E-09 8.5034E-09 8.7464E-09 8.9846E-09 9.2173E-09 9.4434E-09 9.6620E-09 9.8892E-09 1.0108E-08 1.0331E-08 1.0604E-08 1.0863E-08 1.1078E-08 1.1245E-08 1.1366E-08 1.1394E-08 1.1370E-08 1.1304E-08 1.1216E-08 1.1109E-08 1.0977E-08 1.0827E-08 1.0671E-08 1.0517E-08 1.0364E-08 1.0218E-08 1.0075E-08 9.9374E-09 9.8031E-09 9.6647E-09 9.5211E-09 9.3204E-09 9.0957E-09 8.8704E-09 8.6557E-09 8.4506E-09 8.2518E-09 8.0517E-09 7.8488E-09 7.6269E-09 7.4015E-09 7.1722E-09 6.9420E-09 6.7193E-09 6.5023E-09 6.2902E-09 6.0827E-09 5.8581E-09 5.6220E-09 5.3660E-09
6.2551E-09 6.4914E-09 6.7301E-09 6.9702E-09 7.2111E-09 7.4520E-09 7.6920E-09 7.9304E-09 8.1661E-09 8.3983E-09 8.6262E-09 8.8488E-09 9.0653E-09 9.2748E-09 9.4886E-09 9.6971E-09 9.9067E-09 1.0152E-08 1.0399E-08 1.0608E-08 1.0779E-08 1.0910E-08 1.0965E-08 1.0964E-08 1.0917E-08 1.0848E-08 1.0756E-08 1.0636E-08 1.0502E-08 1.0356E-08 1.0214E-08 1.0078E-08 9.9418E-09 9.8083E-09 9.6789E-09 9.5539E-09 9.4280E-09 9.2992E-09 9.1241E-09 8.9150E-09 8.7062E-09 8.5018E-09 8.3050E-09 8.1139E-09 7.9205E-09 7.7227E-09 7.5138E-09 7.2969E-09 7.0735E-09 6.8503E-09 6.6341E-09 6.4208E-09 6.2146E-09 6.0150E-09 5.7950E-09 5.5472E-09 5.3201E-09
6.0082E-09 6.2333E-09 6.4605E-09 6.6893E-09 6.9211E-09 7.1543E-09 7.3832E-09 7.6106E-09 7.8355E-09 8.0573E-09 8.2749E-09 8.4877E-09 8.6890E-09 8.8896E-09 9.0829E-09 9.2899E-09 9.4810E-09 9.7003E-09 9.9422E-09 1.0154E-08 1.0327E-08 1.0463E-08 1.0542E-08 1.0559E-08 1.0532E-08 1.0480E-08 1.0395E-08 1.0291E-08 1.0174E-08 1.0047E-08 9.9179E-09 9.7916E-09 9.6661E-09 9.5417E-09 9.4205E-09 9.3041E-09 9.1901E-09 9.0713E-09 8.9235E-09 8.7335E-09 8.5385E-09 8.3448E-09 8.1562E-09 7.9728E-09 7.7846E-09 7.5967E-09 7.3994E-09 7.1877E-09 6.9723E-09 6.7566E-09 6.5468E-09 6.3377E-09 6.1371E-09 5.9410E-09 5.7090E-09 5.4917E-09 5.2710E-09
5.7733E-09 5.9874E-09 6.2037E-09 6.4215E-09 6.6400E-09 6.8586E-09 7.0766E-09 7.2932E-09 7.5076E-09 7.7190E-09 7.9267E-09 8.1298E-09 8.3276E-09 8.5193E-09 8.7042E-09 8.8983E-09 9.0811E-09 9.2813E-09 9.5036E-09 9.7100E-09 9.8830E-09 1.0021E-08 1.0121E-08 1.0151E-08 1.0144E-08 1.0109E-08 1.0042E-08 9.9546E-09 9.8522E-09 9.7399E-09 9.6225E-09 9.5065E-09 9.3912E-09 9.2758E-09 9.1627E-09 9.0512E-09 8.9486E-09 8.8438E-09 8.7201E-09 8.5485E-09 8.3676E-09 8.1851E-09 8.0039E-09 7.8262E-09 7.6494E-09 7.4690E-09 7.2824E-09 7.0765E-09 6.8692E-09 6.6609E-09 6.4576E-09 6.2530E-09 6.0579E-09 5.8444E-09 5.6423E-09 5.4342E-09 5.2190E-09
5.5440E-09 5.7476E-09 5.9532E-09 6.1602E-09 6.3680E-09 6.5759E-09 6.7833E-09 6.9894E-09 7.1934E-09 7.3948E-09 7.5927E-09 7.7863E-09 7.9750E-09 8.1579E-09 8.3345E-09 8.5167E-09 8.6911E-09 8.8686E-09 9.0787E-09 9.2721E-09 9.4443E-09 9.5840E-09 9.6986E-09 9.7536E-09 9.7646E-09 9.7441E-09 9.6918E-09 9.6201E-09 9.5322E-09 9.4336E-09 9.3283E-09 9.2228E-09 9.1176E-09 9.0081E-09 8.9039E-09 8.8024E-09 8.7094E-09 8.6142E-09 8.5132E-09 8.3601E-09 8.1938E-09 8.0200E-09 7.8484E-09 7.6805E-09 7.5123E-09 7.3393E-09 7.1630E-09 6.9633E-09 6.7642E-09 6.5633E-09 6.3649E-09 6.1665E-09 5.9559E-09 5.7677E-09 5.5738E-09 5.3746E-09 5.1651E-09
5.3160E-09 5.5091E-09 5.7042E-09 5.9007E-09 6.0979E-09 6.2954E-09 6.4923E-09 6.6882E-09 6.8822E-09 7.0737E-09 7.2621E-09 7.4465E-09 7.6263E-09 7.8008E-09 7.9694E-09 8.1407E-09 8.3068E-09 8.4734E-09 8.6636E-09 8.8530E-09 9.0227E-09 9.1629E-09 9.2859E-09 9.3603E-09 9.3884E-09 9.3814E-09 9.3450E-09 9.2882E-09 9.2143E-09 9.1289E-09 9.0359E-09 8.9379E-09 8.8430E-09 8.7458E-09 8.6498E-09 8.5558E-09 8.4701E-09 8.3859E-09 8.3031E-09 8.1679E-09 8.0146E-09 7.8548E-09 7.6929E-09 7.5328E-09 7.3723E-09 7.2077E-09 7.0414E-09 6.8483E-09 6.6573E-09 6.4640E-09 6.2703E-09 6.0573E-09 5.8737E-09 5.6896E-09 5.5038E-09 5.3129E-09 5.1076E-09
5.0999E-09 5.2831E-09 5.4682E-09 5.6545E-09 5.8417E-09 6.0290E-09 6.2160E-09 6.4020E-09 6.5862E-09 6.7682E-09 6.9472E-09 7.1226E-09 7.2937E-09 7.4599E-09 7.6205E-09 7.7751E-09 7.9393E-09 8.0909E-09 8.2623E-09 8.4473E-09 8.6128E-09 8.7526E-09 8.8801E-09 8.9722E-09 9.0163E-09 9.0234E-09 9.0022E-09 8.9595E-09 8.8966E-09 8.8235E-09 8.7431E-09 8.6590E-09 8.5740E-09 8.4856E-09 8.3977E-09 8.3110E-09 8.2319E-09 8.1582E-09 8.0875E-09 7.9721E-09 7.8358E-09 7.6876E-09 7.5353E-09 7.3834E-09 7.2304E-09 7.0740E-09 6.9139E-09 6.7316E-09 6.5487E-09 6.3628E-09 6.1532E-09 5.9679E-09 5.7894E-09 5.6103E-09 5.4322E-09 5.2469E-09 5.0500E-09
4.8903E-09 5.0639E-09 5.2392E-09 5.4158E-09 5.5932E-09 5.7708E-09 5.9481E-09 6.1244E-09 6.2992E-09 6.4719E-09 6.6419E-09 6.8085E-09 6.9712E-09 7.1293E-09 7.2822E-09 7.4295E-09 7.5833E-09 7.7279E-09 7.8850E-09 8.0557E-09 8.2156E-09 8.3541E-09 8.4821E-09 8.5902E-09 8.6489E-09 8.6682E-09 8.6609E-09 8.6317E-09 8.5842E-09 8.5241E-09 8.4563E-09 8.3828E-09 8.3075E-09 8.2279E-09 8.1478E-09 8.0683E-09 7.9933E-09 7.9286E-09 7.8702E-09 7.7758E-09 7.6543E-09 7.5183E-09 7.3761E-09 7.2323E-09 7.0870E-09 6.9386E-09 6.7846E-09 6.6132E-09 6.4385E-09 6.2386E-09 6.0560E-09 5.8772E-09 5.7028E-09 5.5298E-09 5.3572E-09 5.1790E-09 4.9907E-09
4.6873E-09 4.8516E-09 5.0176E-09 5.1848E-09 5.3527E-09 5.5209E-09 5.6888E-09 5.8559E-09 6.0216E-09 6.1853E-09 6.3465E-09 6.5047E-09 6.6591E-09 6.8094E-09 6.9549E-09 7.0950E-09 7.2393E-09 7.3768E-09 7.5165E-09 7.6786E-09 7.8318E-09 7.9675E-09 8.0903E-09 8.2122E-09 8.2847E-09 8.3210E-09 8.3277E-09 8.3110E-09 8.2759E-09 8.2285E-09 8.1727E-09 8.1098E-09 8.0437E-09 7.9729E-09 7.8978E-09 7.8255E-09 7.7595E-09 7.7027E-09 7.6523E-09 7.5774E-09 7.4707E-09 7.3473E-09 7.2153E-09 7.0798E-09 6.9422E-09 6.8006E-09 6.6540E-09 6.4933E-09 6.3056E-09 6.1327E-09 5.9573E-09 5.7849E-09 5.6151E-09 5.4466E-09 5.2824E-09 5.1097E-09 4.9290E-09
4.4883E-09 4.6436E-09 4.8005E-09 4.9592E-09 5.1201E-09 5.2795E-09 5.4384E-09 5.5965E-09 5.7534E-09 5.9086E-09 6.0613E-09 6.2113E-09 6.3579E-09 6.5005E-09 6.6387E-09 6.7721E-09 6.9045E-09 7.0351E-09 7.1600E-09 7.3138E-09 7.4594E-09 7.5925E-09 7.7117E-09 7.8452E-09 7.9308E-09 7.9806E-09 7.9997E-09 7.9947E-09 7.9723E-09 7.9371E-09 7.8926E-09 7.8401E-09 7.7803E-09 7.7183E-09 7.6536E-09 7.5881E-09 7.5276E-09 7.4781E-09 7.4343E-09 7.3772E-09 7.2855E-09 7.1748E-09 7.0530E-09 6.9261E-09 6.7962E-09 6.6614E-09 6.5013E-09 6.3509E-09 6.1919E-09 6.0256E-09 5.8573E-09 5.6914E-09 5.5247E-09 5.3639E-09 5.2061E-09 5.0382E-09 4.8657E-09
4.2994E-09 4.4462E-09 4.5944E-09 4.7438E-09 4.8939E-09 5.0443E-09 5.1945E-09 5.3440E-09 5.4924E-09 5.6392E-09 5.7839E-09 5.9260E-09 6.0649E-09 6.2003E-09 6.3316E-09 6.4583E-09 6.5801E-09 6.7092E-09 6.8283E-09 6.9620E-09 7.1043E-09 7.2333E-09 7.3453E-09 7.4865E-09 7.5848E-09 7.6468E-09 7.6773E-09 7.6843E-09 7.6739E-09 7.6474E-09 7.6138E-09 7.5716E-09 7.5233E-09 7.4698E-09 7.4124E-09 7.3535E-09 7.2980E-09 7.2551E-09 7.2168E-09 7.1755E-09 7.0989E-09 7.0009E-09 6.8895E-09 6.7711E-09 6.6489E-09 6.5004E-09 6.3689E-09 6.2282E-09 6.0755E-09 5.9172E-09 5.7561E-09 5.5950E-09 5.4354E-09 5.2801E-09 5.1259E-09 4.9657E-09 4.8018E-09
4.1174E-09 4.2560E-09 4.3959E-09 4.5370E-09 4.6787E-09 4.8208E-09 4.9627E-09 5.1040E-09 5.2443E-09 5.3831E-09 5.5200E-09 5.6545E-09 5.7861E-09 5.9144E-09 6.0389E-09 6.1593E-09 6.2751E-09 6.3959E-09 6.5092E-09 6.6259E-09 6.7637E-09 6.8878E-09 6.9979E-09 7.1370E-09 7.2471E-09 7.3201E-09 7.3583E-09 7.3776E-09 7.3785E-09 7.3655E-09 7.3421E-09 7.3097E-09 7.2700E-09 7.2246E-09 7.1744E-09 7.1219E-09 7.0709E-09 7.0341E-09 7.0001E-09 6.9729E-09 6.9113E-09 6.8259E-09 6.7250E-09 6.5941E-09 6.4796E-09 6.3599E-09 6.2358E-09 6.1041E-09 5.9582E-09 5.8070E-09 5.6525E-09 5.4994E-09 5.3453E-09 5.1937E-09 5.0451E-09 4.8927E-09 4.7347E-09
