Assets/Resources/2015_m01_d07_1000(utc+0800)_l00_csi_1hr_conc.grd
DSAA
         159         159
     -79.000      79.000
     -79.000      79.000
  0.0000E+00  0.9166E-06
[rows 50 to 74 of 159, columns 57 to 113 of 159]
1.8051E-09 1.9637E-09 2.1358E-09 2.3224E-09 2.5211E-09 2.7361E-09 2.9701E-09 3.2322E-09 3.5301E-09 3.8557E-09 4.2091E-09 4.5904E-09 4.9963E-09 5.4332E-09 5.9095E-09 6.4085E-09 6.9501E-09 7.5239E-09 8.1199E-09 8.7533E-09 9.4041E-09 1.0087E-08 1.0788E-08 1.1494E-08 1.2217E-08 1.2938E-08 1.3659E-08 1.4366E-08 1.5057E-08 1.5725E-08 1.6362E-08 1.6961E-08 1.7515E-08 1.8023E-08 1.8522E-08 1.8871E-08 1.9203E-08 1.9471E-08 1.9684E-08 1.9879E-08 1.9951E-08 1.9899E-08 1.9831E-08 1.9701E-08 1.9513E-08 1.9561E-08 1.8977E-08 1.8620E-08 1.8229E-08 1.7816E-08 1.7372E-08 1.6902E-08 1.6411E-08 1.5904E-08 1.5385E-08 1.4859E-08 1.4330E-08
1.7610E-09 1.9164E-09 2.0858E-09 2.2692E-09 2.4648E-09 2.6776E-09 2.9097E-09 3.1663E-09 3.4586E-09 3.7820E-09 4.1334E-09 4.5133E-09 4.9192E-09 5.3648E-09 5.8333E-09 6.3463E-09 6.8932E-09 7.4660E-09 8.0819E-09 8.7305E-09 9.4010E-09 1.0106E-08 1.0826E-08 1.1572E-08 1.2330E-08 1.3083E-08 1.3834E-08 1.4585E-08 1.5302E-08 1.6006E-08 1.6677E-08 1.7309E-08 1.7897E-08 1.8433E-08 1.8912E-08 1.9329E-08 1.9761E-08 1.9959E-08 2.0169E-08 2.0305E-08 2.0369E-08 2.0447E-08 2.0314E-08 2.0152E-08 1.9963E-08 1.9715E-08 1.9399E-08 1.9329E-08 1.8627E-08 1.8183E-08 1.7708E-08 1.7207E-08 1.6685E-08 1.6140E-08 1.5589E-08 1.5039E-08 1.4486E-08
1.7153E-09 1.8677E-09 2.0338E-09 2.2141E-09 2.4065E-09 2.6168E-09 2.8472E-09 3.1019E-09 3.3842E-09 3.7034E-09 4.0516E-09 4.4298E-09 4.8363E-09 5.2831E-09 5.7627E-09 6.2775E-09 6.8208E-09 7.4111E-09 8.0381E-09 8.6935E-09 9.3918E-09 1.0114E-08 1.0872E-08 1.1650E-08 1.2436E-08 1.3228E-08 1.4019E-08 1.4800E-08 1.5563E-08 1.6313E-08 1.7013E-08 1.7682E-08 1.8306E-08 1.8873E-08 1.9380E-08 1.9819E-08 2.0186E-08 2.0479E-08 2.0824E-08 2.0835E-08 2.0897E-08 2.0884E-08 2.0798E-08 2.0739E-08 2.0422E-08 2.0142E-08 1.9801E-08 1.9411E-08 1.8978E-08 1.8808E-08 1.8030E-08 1.7504E-08 1.6952E-08 1.6387E-08 1.5812E-08 1.5233E-08 1.4653E-08
1.6683E-09 1.8207E-09 1.9833E-09 2.1568E-09 2.3464E-09 2.5545E-09 2.7827E-09 3.0357E-09 3.3111E-09 3.6210E-09 3.9655E-09 4.3403E-09 4.7590E-09 5.2061E-09 5.6770E-09 6.1953E-09 6.7523E-09 7.3496E-09 7.9805E-09 8.6608E-09 9.3797E-09 1.0129E-08 1.0916E-08 1.1721E-08 1.2544E-08 1.3376E-08 1.4210E-08 1.5037E-08 1.5846E-08 1.6628E-08 1.7374E-08 1.8091E-08 1.8741E-08 1.9343E-08 1.9877E-08 2.0340E-08 2.0726E-08 2.1032E-08 2.1256E-08 2.1397E-08 2.1639E-08 2.1433E-08 2.1335E-08 2.1162E-08 2.0921E-08 2.0764E-08 2.0252E-08 1.9832E-08 1.9368E-08 1.8869E-08 1.8335E-08 1.8057E-08 1.7195E-08 1.6601E-08 1.6002E-08 1.5408E-08 1.4809E-08
1.6235E-09 1.7694E-09 1.9279E-09 2.0976E-09 2.2839E-09 2.4893E-09 2.7165E-09 2.9665E-09 3.2386E-09 3.5366E-09 3.8746E-09 4.2571E-09 4.6741E-09 5.1150E-09 5.5960E-09 6.1162E-09 6.6698E-09 7.2762E-09 7.9273E-09 8.6161E-09 9.3585E-09 1.0141E-08 1.0950E-08 1.1790E-08 1.2653E-08 1.3529E-08 1.4410E-08 1.5285E-08 1.6144E-08 1.6978E-08 1.7784E-08 1.8533E-08 1.9225E-08 1.9865E-08 2.0423E-08 2.0898E-08 2.1301E-08 2.1618E-08 2.1849E-08 2.1990E-08 2.2043E-08 2.2011E-08 2.2097E-08 2.1704E-08 2.1439E-08 2.1106E-08 2.0713E-08 2.0465E-08 1.9768E-08 1.9233E-08 1.8667E-08 1.8073E-08 1.7461E-08 1.7106E-08 1.6207E-08 1.5573E-08 1.4941E-08
1.5748E-09 1.7165E-09 1.8710E-09 2.0368E-09 2.2199E-09 2.4232E-09 2.6484E-09 2.8948E-09 3.1634E-09 3.4544E-09 3.7905E-09 4.1600E-09 4.5756E-09 5.0270E-09 5.5086E-09 6.0226E-09 6.5905E-09 7.2056E-09 7.8627E-09 8.5784E-09 9.3409E-09 1.0141E-08 1.0983E-08 1.1860E-08 1.2763E-08 1.3686E-08 1.4619E-08 1.5550E-08 1.6467E-08 1.7356E-08 1.8208E-08 1.9007E-08 1.9745E-08 2.0411E-08 2.1000E-08 2.1534E-08 2.1961E-08 2.2291E-08 2.2523E-08 2.2667E-08 2.2687E-08 2.2616E-08 2.2480E-08 2.2264E-08 2.2213E-08 2.1609E-08 2.1183E-08 2.0702E-08 2.0173E-08 1.9800E-08 1.8997E-08 1.8371E-08 1.7724E-08 1.7067E-08 1.6407E-08 1.5991E-08 1.5083E-08
1.5248E-09 1.6625E-09 1.8131E-09 1.9752E-09 2.1555E-09 2.3564E-09 2.5787E-09 2.8214E-09 3.0861E-09 3.3734E-09 3.6986E-09 4.0693E-09 4.4811E-09 4.9233E-09 5.4084E-09 5.9325E-09 6.4967E-09 7.1222E-09 7.8023E-09 8.5344E-09 9.3120E-09 1.0139E-08 1.1013E-08 1.1926E-08 1.2875E-08 1.3850E-08 1.4839E-08 1.5831E-08 1.6810E-08 1.7760E-08 1.8670E-08 1.9526E-08 2.0314E-08 2.1024E-08 2.1646E-08 2.2173E-08 2.2605E-08 2.2942E-08 2.3181E-08 2.3315E-08 2.3360E-08 2.3320E-08 2.3149E-08 2.2899E-08 2.2568E-08 2.2165E-08 2.1894E-08 2.1142E-08 2.0574E-08 1.9967E-08 1.9326E-08 1.8894E-08 1.7982E-08 1.7290E-08 1.6596E-08 1.5904E-08 1.5215E-08
1.4742E-09 1.6078E-09 1.7544E-09 1.9128E-09 2.0901E-09 2.2888E-09 2.5077E-09 2.7468E-09 3.0069E-09 3.3000E-09 3.6112E-09 3.9685E-09 4.3750E-09 4.8227E-09 5.3104E-09 5.8294E-09 6.4080E-09 7.0428E-09 7.7265E-09 8.4768E-09 9.2766E-09 1.0131E-08 1.1038E-08 1.1993E-08 1.2991E-08 1.4020E-08 1.5069E-08 1.6122E-08 1.7165E-08 1.8184E-08 1.9162E-08 2.0076E-08 2.0919E-08 2.1676E-08 2.2337E-08 2.2893E-08 2.3338E-08 2.3670E-08 2.3894E-08 2.4016E-08 2.4033E-08 2.3946E-08 2.3759E-08 2.3497E-08 2.3107E-08 2.2665E-08 2.2176E-08 2.1625E-08 2.1187E-08 2.0357E-08 1.9671E-08 1.8964E-08 1.8236E-08 1.7753E-08 1.6774E-08 1.6048E-08 1.5334E-08
1.4231E-09 1.5528E-09 1.6952E-09 1.8497E-09 2.0244E-09 2.2202E-09 2.4347E-09 2.6694E-09 2.9255E-09 3.2162E-09 3.5338E-09 3.8820E-09 4.2674E-09 4.7100E-09 5.1982E-09 5.7317E-09 6.3066E-09 6.9495E-09 7.6534E-09 8.4124E-09 9.2331E-09 1.0116E-08 1.1059E-08 1.2059E-08 1.3106E-08 1.4190E-08 1.5300E-08 1.6420E-08 1.7535E-08 1.8622E-08 1.9667E-08 2.0651E-08 2.1562E-08 2.2364E-08 2.3065E-08 2.3652E-08 2.4115E-08 2.4453E-08 2.4666E-08 2.4759E-08 2.4742E-08 2.4625E-08 2.4406E-08 2.4090E-08 2.3681E-08 2.3238E-08 2.2649E-08 2.2039E-08 2.1382E-08 2.0686E-08 2.0109E-08 1.9221E-08 1.8479E-08 1.7713E-08 1.6947E-08 1.6421E-08 1.5440E-08
1.3715E-09 1.4975E-09 1.6357E-09 1.7865E-09 1.9586E-09 2.1500E-09 2.3602E-09 2.5909E-09 2.8423E-09 3.1300E-09 3.4452E-09 3.7905E-09 4.1738E-09 4.6059E-09 5.0814E-09 5.6178E-09 6.2114E-09 6.8596E-09 7.5659E-09 8.3391E-09 9.1812E-09 1.0094E-08 1.1076E-08 1.2118E-08 1.3216E-08 1.4359E-08 1.5532E-08 1.6721E-08 1.7910E-08 1.9076E-08 2.0198E-08 2.1259E-08 2.2240E-08 2.3107E-08 2.3863E-08 2.4452E-08 2.4930E-08 2.5271E-08 2.5480E-08 2.5556E-08 2.5503E-08 2.5335E-08 2.5064E-08 2.4704E-08 2.4256E-08 2.3723E-08 2.3127E-08 2.2524E-08 2.1766E-08 2.1027E-08 2.0262E-08 1.9473E-08 1.8808E-08 1.7872E-08 1.7077E-08 1.6286E-08 1.5514E-08
1.3171E-09 1.4422E-09 1.5761E-09 1.7232E-09 1.8918E-09 2.0790E-09 2.2850E-09 2.5108E-09 2.7684E-09 3.0520E-09 3.3635E-09 3.6959E-09 4.0759E-09 4.4973E-09 4.9744E-09 5.5080E-09 6.0885E-09 6.7342E-09 7.4725E-09 8.2590E-09 9.1226E-09 1.0065E-08 1.1081E-08 1.2168E-08 1.3319E-08 1.4520E-08 1.5764E-08 1.7029E-08 1.8299E-08 1.9546E-08 2.0750E-08 2.1885E-08 2.2925E-08 2.3851E-08 2.4649E-08 2.5306E-08 2.5836E-08 2.6193E-08 2.6390E-08 2.6441E-08 2.6347E-08 2.6096E-08 2.5762E-08 2.5331E-08 2.4820E-08 2.4239E-08 2.3587E-08 2.2883E-08 2.2131E-08 2.1405E-08 2.0532E-08 1.9704E-08 1.8864E-08 1.8026E-08 1.7297E-08 1.6374E-08 1.5569E-08
1.2664E-09 1.3872E-09 1.5166E-09 1.6600E-09 1.8250E-09 2.0077E-09 2.2087E-09 2.4293E-09 2.6832E-09 2.9631E-09 3.2707E-09 3.6084E-09 3.9830E-09 4.3938E-09 4.8622E-09 5.3906E-09 5.9806E-09 6.6185E-09 7.3754E-09 8.1745E-09 9.0578E-09 1.0025E-08 1.1076E-08 1.2207E-08 1.3410E-08 1.4678E-08 1.5996E-08 1.7342E-08 1.8694E-08 2.0027E-08 2.1314E-08 2.2528E-08 2.3644E-08 2.4638E-08 2.5489E-08 2.6182E-08 2.6712E-08 2.7074E-08 2.7280E-08 2.7295E-08 2.7171E-08 2.6907E-08 2.6533E-08 2.6053E-08 2.5459E-08 2.4792E-08 2.4064E-08 2.3270E-08 2.2464E-08 2.1630E-08 2.0770E-08 1.9970E-08 1.9024E-08 1.8147E-08 1.7282E-08 1.6433E-08 1.5672E-08
1.2162E-09 1.3322E-09 1.4574E-09 1.5967E-09 1.7576E-09 1.9357E-09 2.1318E-09 2.3472E-09 2.5964E-09 2.8719E-09 3.1755E-09 3.5091E-09 3.8791E-09 4.2951E-09 4.7622E-09 5.2747E-09 5.8613E-09 6.5508E-09 7.2777E-09 8.0875E-09 8.9867E-09 9.9775E-09 1.1060E-08 1.2232E-08 1.3491E-08 1.4828E-08 1.6221E-08 1.7650E-08 1.9092E-08 2.0515E-08 2.1891E-08 2.3191E-08 2.4385E-08 2.5448E-08 2.6356E-08 2.7092E-08 2.7642E-08 2.8004E-08 2.8184E-08 2.8188E-08 2.8032E-08 2.7710E-08 2.7259E-08 2.6696E-08 2.6043E-08 2.5306E-08 2.4503E-08 2.3655E-08 2.2804E-08 2.1906E-08 2.0997E-08 2.0076E-08 1.9154E-08 1.8298E-08 1.7335E-08 1.6455E-08 1.5600E-08
1.1667E-09 1.2748E-09 1.3986E-09 1.5336E-09 1.6900E-09 1.8632E-09 2.0540E-09 2.2743E-09 2.5181E-09 2.7886E-09 3.0779E-09 3.4065E-09 3.7715E-09 4.1848E-09 4.6489E-09 5.1693E-09 5.7763E-09 6.4396E-09 7.1740E-09 7.9993E-09 8.9110E-09 9.9212E-09 1.1033E-08 1.2248E-08 1.3564E-08 1.4964E-08 1.6433E-08 1.7949E-08 1.9486E-08 2.1012E-08 2.2496E-08 2.3900E-08 2.5183E-08 2.6317E-08 2.7272E-08 2.8032E-08 2.8593E-08 2.8957E-08 2.9116E-08 2.9083E-08 2.8876E-08 2.8509E-08 2.8000E-08 2.7364E-08 2.6633E-08 2.5828E-08 2.4954E-08 2.4033E-08 2.3078E-08 2.2117E-08 2.1148E-08 2.0182E-08 1.9224E-08 1.8285E-08 1.7358E-08 1.6497E-08 1.5566E-08
1.1179E-09 1.2216E-09 1.3404E-09 1.4710E-09 1.6229E-09 1.7910E-09 1.9763E-09 2.1912E-09 2.4297E-09 2.6948E-09 2.9872E-09 3.3098E-09 3.6692E-09 4.0689E-09 4.5302E-09 5.0486E-09 5.6622E-09 6.3214E-09 7.0636E-09 7.9053E-09 8.8301E-09 9.8587E-09 1.0999E-08 1.2256E-08 1.3621E-08 1.5085E-08 1.6632E-08 1.8242E-08 1.9900E-08 2.1556E-08 2.3168E-08 2.4692E-08 2.6079E-08 2.7302E-08 2.8319E-08 2.9118E-08 2.9689E-08 3.0028E-08 3.0133E-08 3.0030E-08 2.9743E-08 2.9297E-08 2.8714E-08 2.8012E-08 2.7202E-08 2.6312E-08 2.5369E-08 2.4378E-08 2.3368E-08 2.2327E-08 2.1289E-08 2.0266E-08 1.9261E-08 1.8280E-08 1.7317E-08 1.6386E-08 1.5488E-08
1.0660E-09 1.1693E-09 1.2798E-09 1.4090E-09 1.5560E-09 1.7187E-09 1.8983E-09 2.1075E-09 2.3405E-09 2.5998E-09 2.8855E-09 3.2021E-09 3.5569E-09 3.9566E-09 4.4128E-09 4.9488E-09 5.5373E-09 6.1980E-09 6.9538E-09 7.8005E-09 8.7386E-09 9.7883E-09 1.0958E-08 1.2250E-08 1.3663E-08 1.5191E-08 1.6816E-08 1.8555E-08 2.0372E-08 2.2191E-08 2.3972E-08 2.5641E-08 2.7153E-08 2.8464E-08 2.9527E-08 3.0322E-08 3.0868E-08 3.1167E-08 3.1235E-08 3.1065E-08 3.0716E-08 3.0178E-08 2.9489E-08 2.8679E-08 2.7766E-08 2.6780E-08 2.5738E-08 2.4672E-08 2.3586E-08 2.2487E-08 2.1420E-08 2.0320E-08 1.9260E-08 1.8237E-08 1.7242E-08 1.6287E-08 1.5367E-08
1.0189E-09 1.1181E-09 1.2238E-09 1.3476E-09 1.4894E-09 1.6467E-09 1.8203E-09 2.0232E-09 2.2502E-09 2.5032E-09 2.7815E-09 3.0918E-09 3.4406E-09 3.8329E-09 4.2813E-09 4.7980E-09 5.3969E-09 6.0614E-09 6.8202E-09 7.6737E-09 8.6310E-09 9.7017E-09 1.0899E-08 1.2227E-08 1.3688E-08 1.5276E-08 1.7018E-08 1.8928E-08 2.0940E-08 2.2978E-08 2.4963E-08 2.6812E-08 2.8463E-08 2.9874E-08 3.0999E-08 3.1826E-08 3.2346E-08 3.2557E-08 3.2504E-08 3.2216E-08 3.1715E-08 3.1049E-08 3.0236E-08 2.9309E-08 2.8309E-08 2.7222E-08 2.6096E-08 2.4937E-08 2.3765E-08 2.2595E-08 2.1448E-08 2.0321E-08 1.9244E-08 1.8154E-08 1.7125E-08 1.6144E-08 1.5202E-08
9.7334E-10 1.0643E-09 1.1687E-09 1.2868E-09 1.4233E-09 1.5749E-09 1.7420E-09 1.9389E-09 2.1597E-09 2.4053E-09 2.6758E-09 2.9791E-09 3.3208E-09 3.7060E-09 4.1436E-09 4.6359E-09 5.2201E-09 5.8927E-09 6.6525E-09 7.5101E-09 8.4809E-09 9.5786E-09 1.0808E-08 1.2176E-08 1.3696E-08 1.5379E-08 1.7279E-08 1.9418E-08 2.1703E-08 2.4036E-08 2.6301E-08 2.8391E-08 3.0237E-08 3.1756E-08 3.2908E-08 3.3680E-08 3.4092E-08 3.4181E-08 3.3963E-08 3.3527E-08 3.2866E-08 3.2026E-08 3.1060E-08 2.9987E-08 2.8839E-08 2.7632E-08 2.6385E-08 2.5131E-08 2.3898E-08 2.2658E-08 2.1444E-08 2.0259E-08 1.9122E-08 1.8026E-08 1.6995E-08 1.5960E-08 1.5002E-08
9.2440E-10 1.0157E-09 1.1149E-09 1.2270E-09 1.3576E-09 1.5034E-09 1.6645E-09 1.8550E-09 2.0691E-09 2.3067E-09 2.5688E-09 2.8723E-09 3.1976E-09 3.5745E-09 4.0009E-09 4.4808E-09 5.0280E-09 5.6787E-09 6.4451E-09 7.2967E-09 8.2736E-09 9.3872E-09 1.0648E-08 1.2077E-08 1.3695E-08 1.5538E-08 1.7675E-08 2.0115E-08 2.2779E-08 2.5517E-08 2.8149E-08 3.0542E-08 3.2594E-08 3.4225E-08 3.5391E-08 3.6100E-08 3.6348E-08 3.6226E-08 3.5808E-08 3.5101E-08 3.4200E-08 3.3126E-08 3.1923E-08 3.0677E-08 2.9359E-08 2.8008E-08 2.6648E-08 2.5294E-08 2.3951E-08 2.2642E-08 2.1372E-08 2.0138E-08 1.8961E-08 1.7827E-08 1.6753E-08 1.5730E-08 1.4788E-08
8.7770E-10 9.6441E-10 1.0588E-09 1.1683E-09 1.2924E-09 1.4327E-09 1.5876E-09 1.7716E-09 1.9783E-09 2.2169E-09 2.4697E-09 2.7556E-09 3.0797E-09 3.4469E-09 3.8544E-09 4.3177E-09 4.8497E-09 5.4646E-09 6.1960E-09 7.0476E-09 8.0133E-09 9.1271E-09 1.0411E-08 1.1913E-08 1.3671E-08 1.5712E-08 1.8190E-08 2.1149E-08 2.4398E-08 2.7712E-08 3.0847E-08 3.3603E-08 3.5868E-08 3.7560E-08 3.8670E-08 3.9189E-08 3.9192E-08 3.8748E-08 3.7999E-08 3.6978E-08 3.5748E-08 3.4402E-08 3.2958E-08 3.1443E-08 2.9917E-08 2.8384E-08 2.6852E-08 2.5394E-08 2.3954E-08 2.2556E-08 2.1217E-08 1.9947E-08 1.8726E-08 1.7574E-08 1.6474E-08 1.5440E-08 1.4465E-08
8.3585E-10 9.1831E-10 1.0082E-09 1.1074E-09 1.2278E-09 1.3627E-09 1.5116E-09 1.6886E-09 1.8876E-09 2.1177E-09 2.3610E-09 2.6372E-09 2.9509E-09 3.3071E-09 3.7028E-09 4.1496E-09 4.6628E-09 5.2622E-09 5.9420E-09 6.7428E-09 7.7173E-09 8.8081E-09 1.0106E-08 1.1678E-08 1.3571E-08 1.5942E-08 1.9004E-08 2.2733E-08 2.6873E-08 3.1016E-08 3.4827E-08 3.8071E-08 4.0595E-08 4.2271E-08 4.3162E-08 4.3320E-08 4.2875E-08 4.1965E-08 4.0706E-08 3.9238E-08 3.7609E-08 3.5873E-08 3.4099E-08 3.2297E-08 3.0508E-08 2.8758E-08 2.7073E-08 2.5438E-08 2.3882E-08 2.2414E-08 2.0999E-08 1.9680E-08 1.8423E-08 1.7246E-08 1.6137E-08 1.5093E-08 1.4116E-08
7.8714E-10 8.6994E-10 9.5539E-10 1.0520E-09 1.1647E-09 1.2938E-09 1.4364E-09 1.6063E-09 1.7975E-09 2.0182E-09 2.2519E-09 2.5173E-09 2.8197E-09 3.1636E-09 3.5458E-09 3.9778E-09 4.4689E-09 5.0461E-09 5.7060E-09 6.4594E-09 7.3479E-09 8.4564E-09 9.7475E-09 1.1382E-08 1.3480E-08 1.6299E-08 2.0192E-08 2.5057E-08 3.0396E-08 3.5643E-08 4.0295E-08 4.4058E-08 4.6799E-08 4.8443E-08 4.9039E-08 4.8743E-08 4.7702E-08 4.6132E-08 4.4220E-08 4.2115E-08 3.9895E-08 3.7639E-08 3.5414E-08 3.3239E-08 3.1156E-08 2.9148E-08 2.7249E-08 2.5455E-08 2.3766E-08 2.2178E-08 2.0713E-08 1.9338E-08 1.8051E-08 1.6856E-08 1.5731E-08 1.4692E-08 1.3714E-08
7.4815E-10 8.2318E-10 9.0453E-10 9.9504E-10 1.1029E-09 1.2254E-09 1.3622E-09 1.5250E-09 1.7079E-09 1.9193E-09 2.1426E-09 2.3968E-09 2.6866E-09 3.0171E-09 3.3841E-09 3.7998E-09 4.2709E-09 4.8181E-09 5.4541E-09 6.1835E-09 7.0215E-09 8.0112E-09 9.5903E-09 1.1646E-08 1.4362E-08 1.8246E-08 2.3738E-08 3.0454E-08 3.7452E-08 4.3907E-08 4.9249E-08 5.3149E-08 5.5655E-08 5.6828E-08 5.6752E-08 5.5648E-08 5.3736E-08 5.1297E-08 4.8494E-08 4.5584E-08 4.2633E-08 3.9739E-08 3.6962E-08 3.4332E-08 3.1847E-08 2.9531E-08 2.7390E-08 2.5407E-08 2.3585E-08 2.1894E-08 2.0345E-08 1.8919E-08 1.7608E-08 1.6393E-08 1.5270E-08 1.4234E-08 1.3263E-08
7.0726E-10 7.7407E-10 8.5451E-10 9.4365E-10 1.0434E-09 1.1578E-09 1.2891E-09 1.4447E-09 1.6192E-09 1.8211E-09 2.0337E-09 2.2759E-09 2.5525E-09 2.8683E-09 3.2190E-09 3.6164E-09 4.0668E-09 4.5847E-09 5.1867E-09 5.8900E-09 6.6986E-09 7.6526E-09 8.9741E-09 1.1424E-08 1.5202E-08 2.0494E-08 2.8080E-08 3.7205E-08 4.6292E-08 5.4206E-08 6.0347E-08 6.4441E-08 6.6642E-08 6.7274E-08 6.6438E-08 6.4457E-08 6.1501E-08 5.8004E-08 5.4143E-08 5.0200E-08 4.6281E-08 4.2552E-08 3.9006E-08 3.5749E-08 3.2758E-08 3.0014E-08 2.7526E-08 2.5327E-08 2.3311E-08 2.1517E-08 1.9897E-08 1.8420E-08 1.7088E-08 1.5867E-08 1.4747E-08 1.3718E-08 1.2773E-08
6.6757E-10 7.3312E-10 8.0645E-10 8.9074E-10 9.8313E-10 1.0914E-09 1.2168E-09 1.3546E-09 1.5318E-09 1.7148E-09 1.9258E-09 2.1554E-09 2.4180E-09 2.7183E-09 3.0514E-09 3.4294E-09 3.8566E-09 4.3496E-09 4.9147E-09 5.5755E-09 6.3515E-09 7.2827E-09 8.5397E-09 1.0847E-08 1.5758E-08 2.3462E-08 3.4023E-08 4.5849E-08 5.6930E-08 6.5946E-08 7.2527E-08 7.6589E-08 7.8274E-08 7.8078E-08 7.6264E-08 7.3275E-08 6.9234E-08 6.4692E-08 5.9738E-08 5.4815E-08 4.9944E-08 4.5372E-08 4.1065E-08 3.7174E-08 3.3646E-08 3.0468E-08 2.7660E-08 2.5169E-08 2.2996E-08 2.1060E-08 1.9362E-08 1.7851E-08 1.6493E-08 1.5272E-08 1.4170E-08 1.3155E-08 1.2236E-08
