Assets/Resources/2015_m01_d25_2000(utc+0800)_l00_csi_1hr_conc.grd
DSAA
         159         159
     -79.000      79.000
     -79.000      79.000
  0.0000E+00  0.5169E-04
[rows 25 to 49 of 159, columns 0 to 56 of 159]
0.0000E+00 0.0000E+00 0.0000E+00 0.0000E+00 0.0000E+00 0.0000E+00 0.0000E+00 0.0000E+00 0.0000E+00 0.0000E+00 0.0000E+00 0.0000E+00 0.0000E+00 0.0000E+00 0.0000E+00 0.0000E+00 0.0000E+00 0.0000E+00 0.0000E+00 0.0000E+00 0.0000E+00 0.0000E+00 0.0000E+00 0.0000E+00 0.0000E+00 1.8482E-12 3.5230E-12 6.8455E-12 9.0620E-12 1.1556E-11 1.4351E-11 1.7469E-11 2.0937E-11 2.6458E-11 3.6369E-11 4.9080E-11 5.8624E-11 6.7937E-11 7.6912E-11 8.6836E-11 9.7768E-11 1.0829E-10 1.2177E-10 1.3449E-10 1.5020E-10 1.6540E-10 1.8186E-10 2.0159E-10 2.2100E-10 2.4190E-10 2.6632E-10 2.9062E-10 3.1664E-10 3.4444E-10 3.7624E-10 4.0801E-10 4.4177E-10
0.0000E+00 0.0000E+00 0.0000E+00 0.0000E+00 0.0000E+00 0.0000E+00 0.0000E+00 0.0000E+00 0.0000E+00 0.0000E+00 0.0000E+00 0.0000E+00 0.0000E+00 0.0000E+00 0.0000E+00 0.0000E+00 0.0000E+00 0.0000E+00 0.0000E+00 0.0000E+00 0.0000E+00 0.0000E+00 0.0000E+00 0.0000E+00 0.0000E+00 1.8135E-12 3.4601E-12 5.3476E-12 8.9276E-12 1.1397E-11 1.4167E-11 1.7263E-11 2.0710E-11 2.6226E-11 3.7936E-11 5.0435E-11 6.0235E-11 6.8459E-11 7.8951E-11 8.9113E-11 9.8871E-11 1.1148E-10 1.2333E-10 1.3624E-10 1.5232E-10 1.6777E-10 1.8450E-10 2.0470E-10 2.2445E-10 2.4571E-10 2.7072E-10 2.9547E-10 3.2197E-10 3.5244E-10 3.8287E-10 4.1527E-10 4.5177E-10
0.0000E+00 0.0000E+00 0.0000E+00 0.0000E+00 0.0000E+00 0.0000E+00 0.0000E+00 0.0000E+00 0.0000E+00 0.0000E+00 0.0000E+00 0.0000E+00 0.0000E+00 0.0000E+00 0.0000E+00 0.0000E+00 0.0000E+00 0.0000E+00 0.0000E+00 0.0000E+00 0.0000E+00 0.0000E+00 0.0000E+00 0.0000E+00 0.0000E+00 1.7771E-12 3.3937E-12 5.2503E-12 7.3690E-12 1.1224E-11 1.3967E-11 1.7036E-11 2.0458E-11 2.5961E-11 3.9495E-11 5.3077E-11 6.1855E-11 7.0289E-11 7.9655E-11 9.0016E-11 1.0177E-10 1.1279E-10 1.2480E-10 1.3988E-10 1.5434E-10 1.7002E-10 1.8909E-10 2.0769E-10 2.2776E-10 2.5151E-10 2.7498E-10 3.0017E-10 3.2928E-10 3.5834E-10 3.8934E-10 4.2443E-10 4.5971E-10
0.0000E+00 0.0000E+00 0.0000E+00 0.0000E+00 0.0000E+00 0.0000E+00 0.0000E+00 0.0000E+00 0.0000E+00 0.0000E+00 0.0000E+00 0.0000E+00 0.0000E+00 0.0000E+00 0.0000E+00 0.0000E+00 0.0000E+00 0.0000E+00 0.0000E+00 0.0000E+00 0.0000E+00 0.0000E+00 0.0000E+00 0.0000E+00 0.0000E+00 0.0000E+00 3.3242E-12 5.1479E-12 7.2325E-12 9.6010E-12 1.3750E-11 1.6789E-11 2.0182E-11 2.7273E-11 4.4095E-11 5.4509E-11 6.2187E-11 7.2129E-11 8.1721E-11 9.0843E-11 1.0285E-10 1.1401E-10 1.2810E-10 1.4159E-10 1.5625E-10 1.7419E-10 1.9166E-10 2.1055E-10 2.3303E-10 2.5523E-10 2.7910E-10 3.0683E-10 3.3449E-10 3.6406E-10 3.9771E-10 4.3153E-10 4.6746E-10
0.0000E+00 0.0000E+00 0.0000E+00 0.0000E+00 0.0000E+00 0.0000E+00 0.0000E+00 0.0000E+00 0.0000E+00 0.0000E+00 0.0000E+00 0.0000E+00 0.0000E+00 0.0000E+00 0.0000E+00 0.0000E+00 0.0000E+00 0.0000E+00 0.0000E+00 0.0000E+00 0.0000E+00 0.0000E+00 0.0000E+00 0.0000E+00 0.0000E+00 0.0000E+00 3.2517E-12 5.0406E-12 7.0890E-12 9.4201E-12 1.2058E-11 1.5030E-11 1.8363E-11 2.6953E-11 4.6510E-11 5.4669E-11 6.3829E-11 7.3979E-11 8.2378E-11 9.3526E-11 1.0385E-10 1.1514E-10 1.2953E-10 1.4320E-10 1.6002E-10 1.7638E-10 1.9411E-10 2.1533E-10 2.3625E-10 2.5880E-10 2.8514E-10 3.1140E-10 3.3953E-10 3.7170E-10 4.0401E-10 4.3843E-10 4.7500E-10
0.0000E+00 0.0000E+00 0.0000E+00 0.0000E+00 0.0000E+00 0.0000E+00 0.0000E+00 0.0000E+00 0.0000E+00 0.0000E+00 0.0000E+00 0.0000E+00 0.0000E+00 0.0000E+00 0.0000E+00 0.0000E+00 0.0000E+00 0.0000E+00 0.0000E+00 0.0000E+00 0.0000E+00 0.0000E+00 0.0000E+00 0.0000E+00 0.0000E+00 0.0000E+00 1.8460E-12 4.9289E-12 6.9389E-12 9.2300E-12 1.1827E-11 1.4757E-11 1.8047E-11 2.8234E-11 4.7755E-11 5.6121E-11 6.5485E-11 7.4487E-11 8.2960E-11 9.4332E-11 1.0477E-10 1.1817E-10 1.3087E-10 1.4470E-10 1.6187E-10 1.7846E-10 1.9842E-10 2.1810E-10 2.3934E-10 2.6428E-10 2.8913E-10 3.1581E-10 3.4647E-10 3.7726E-10 4.1012E-10 4.4512E-10 4.8459E-10
0.0000E+00 0.0000E+00 0.0000E+00 0.0000E+00 0.0000E+00 0.0000E+00 0.0000E+00 0.0000E+00 0.0000E+00 0.0000E+00 0.0000E+00 0.0000E+00 0.0000E+00 0.0000E+00 0.0000E+00 0.0000E+00 0.0000E+00 0.0000E+00 0.0000E+00 0.0000E+00 0.0000E+00 0.0000E+00 0.0000E+00 0.0000E+00 0.0000E+00 0.0000E+00 1.7993E-12 3.4467E-12 6.7828E-12 9.0315E-12 1.1584E-11 1.4469E-11 1.7713E-11 2.9517E-11 4.9025E-11 5.7591E-11 6.7157E-11 7.4926E-11 8.5441E-11 9.5059E-11 1.0751E-10 1.1927E-10 1.3210E-10 1.4815E-10 1.6362E-10 1.8041E-10 2.0078E-10 2.2073E-10 2.4428E-10 2.6773E-10 2.9296E-10 3.2209E-10 3.5134E-10 3.8263E-10 4.1602E-10 4.5386E-10 4.9191E-10
0.0000E+00 0.0000E+00 0.0000E+00 0.0000E+00 0.0000E+00 0.0000E+00 0.0000E+00 0.0000E+00 0.0000E+00 0.0000E+00 0.0000E+00 0.0000E+00 0.0000E+00 0.0000E+00 0.0000E+00 0.0000E+00 0.0000E+00 0.0000E+00 0.0000E+00 0.0000E+00 0.0000E+00 0.0000E+00 0.0000E+00 0.0000E+00 0.0000E+00 0.0000E+00 0.0000E+00 3.3580E-12 6.6212E-12 8.8252E-12 1.1331E-11 1.4167E-11 1.7361E-11 3.5663E-11 5.0315E-11 5.9079E-11 6.7475E-11 7.7167E-11 8.6004E-11 9.5705E-11 1.0838E-10 1.2026E-10 1.3521E-10 1.4959E-10 1.6524E-10 1.8434E-10 2.0301E-10 2.2322E-10 2.4724E-10 2.7102E-10 2.9661E-10 3.2633E-10 3.5603E-10 3.8780E-10 4.2396E-10 4.6033E-10 4.9899E-10
0.0000E+00 0.0000E+00 0.0000E+00 0.0000E+00 0.0000E+00 0.0000E+00 0.0000E+00 0.0000E+00 0.0000E+00 0.0000E+00 0.0000E+00 0.0000E+00 0.0000E+00 0.0000E+00 0.0000E+00 0.0000E+00 0.0000E+00 0.0000E+00 0.0000E+00 0.0000E+00 0.0000E+00 0.0000E+00 0.0000E+00 0.0000E+00 0.0000E+00 0.0000E+00 0.0000E+00 3.2671E-12 5.0824E-12 8.6118E-12 1.1068E-11 1.3852E-11 1.6992E-11 3.9559E-11 5.1626E-11 6.0588E-11 6.7729E-11 7.7589E-11 8.6493E-11 9.8216E-11 1.0918E-10 1.2117E-10 1.3638E-10 1.5092E-10 1.6877E-10 1.8620E-10 2.0511E-10 2.2769E-10 2.5005E-10 2.7415E-10 3.0228E-10 3.3039E-10 3.6052E-10 3.9498E-10 4.2964E-10 4.6656E-10 5.0805E-10
0.0000E+00 0.0000E+00 0.0000E+00 0.0000E+00 0.0000E+00 0.0000E+00 0.0000E+00 0.0000E+00 0.0000E+00 0.0000E+00 0.0000E+00 0.0000E+00 0.0000E+00 0.0000E+00 0.0000E+00 0.0000E+00 0.0000E+00 0.0000E+00 0.0000E+00 0.0000E+00 0.0000E+00 0.0000E+00 0.0000E+00 0.0000E+00 0.0000E+00 0.0000E+00 0.0000E+00 1.8369E-12 4.9431E-12 6.9844E-12 1.0797E-11 1.3526E-11 1.6609E-11 4.3536E-11 5.2961E-11 6.0744E-11 6.9795E-11 7.7942E-11 8.6904E-11 9.8827E-11 1.0988E-10 1.2399E-10 1.3746E-10 1.5214E-10 1.7031E-10 1.8794E-10 2.0912E-10 2.3006E-10 2.5270E-10 2.7925E-10 3.0577E-10 3.3426E-10 3.6700E-10 3.9993E-10 4.3509E-10 4.7476E-10 5.1484E-10
0.0000E+00 0.0000E+00 0.0000E+00 0.0000E+00 0.0000E+00 0.0000E+00 0.0000E+00 0.0000E+00 0.0000E+00 0.0000E+00 0.0000E+00 0.0000E+00 0.0000E+00 0.0000E+00 0.0000E+00 0.0000E+00 0.0000E+00 0.0000E+00 0.0000E+00 0.0000E+00 0.0000E+00 0.0000E+00 0.0000E+00 0.0000E+00 0.0000E+00 0.0000E+00 0.0000E+00 1.7809E-12 4.8010E-12 6.7903E-12 9.0748E-12 1.3189E-11 1.6212E-11 4.4683E-11 5.2964E-11 6.0841E-11 7.0032E-11 7.8224E-11 8.9202E-11 9.9355E-11 1.1241E-10 1.2484E-10 1.3842E-10 1.5533E-10 1.7172E-10 1.8954E-10 2.1109E-10 2.3228E-10 2.5726E-10 2.8221E-10 3.0907E-10 3.4007E-10 3.7126E-10 4.0465E-10 4.4247E-10 4.8071E-10 5.2138E-10
0.0000E+00 0.0000E+00 0.0000E+00 0.0000E+00 0.0000E+00 0.0000E+00 0.0000E+00 0.0000E+00 0.0000E+00 0.0000E+00 0.0000E+00 0.0000E+00 0.0000E+00 0.0000E+00 0.0000E+00 0.0000E+00 0.0000E+00 0.0000E+00 0.0000E+00 0.0000E+00 0.0000E+00 0.0000E+00 0.0000E+00 0.0000E+00 0.0000E+00 0.0000E+00 0.0000E+00 0.0000E+00 3.3156E-12 6.5926E-12 8.8194E-12 1.2843E-11 1.7036E-11 4.5860E-11 5.4342E-11 6.2742E-11 7.0206E-11 7.8434E-11 8.9580E-11 9.9797E-11 1.1306E-10 1.2559E-10 1.4127E-10 1.5646E-10 1.7301E-10 1.9314E-10 2.1291E-10 2.3433E-10 2.5974E-10 2.8499E-10 3.1426E-10 3.4372E-10 3.7531E-10 4.1127E-10 4.4764E-10 4.8640E-10 5.2763E-10
0.0000E+00 0.0000E+00 0.0000E+00 0.0000E+00 0.0000E+00 0.0000E+00 0.0000E+00 0.0000E+00 0.0000E+00 0.0000E+00 0.0000E+00 0.0000E+00 0.0000E+00 0.0000E+00 0.0000E+00 0.0000E+00 0.0000E+00 0.0000E+00 0.0000E+00 0.0000E+00 0.0000E+00 0.0000E+00 0.0000E+00 0.0000E+00 0.0000E+00 0.0000E+00 0.0000E+00 0.0000E+00 3.2086E-12 5.0085E-12 8.5594E-12 1.1041E-11 2.1664E-11 4.2376E-11 5.4310E-11 6.2825E-11 7.0313E-11 8.0534E-11 8.9880E-11 1.0209E-10 1.1361E-10 1.2623E-10 1.4216E-10 1.5748E-10 1.7621E-10 1.9462E-10 2.1459E-10 2.3840E-10 2.6205E-10 2.8758E-10 3.1735E-10 3.4716E-10 3.7913E-10 4.1571E-10 4.5255E-10 4.9182E-10 5.3597E-10
0.0000E+00 0.0000E+00 0.0000E+00 0.0000E+00 0.0000E+00 0.0000E+00 0.0000E+00 0.0000E+00 0.0000E+00 0.0000E+00 0.0000E+00 0.0000E+00 0.0000E+00 0.0000E+00 0.0000E+00 0.0000E+00 0.0000E+00 0.0000E+00 0.0000E+00 0.0000E+00 0.0000E+00 0.0000E+00 0.0000E+00 0.0000E+00 0.0000E+00 0.0000E+00 0.0000E+00 0.0000E+00 1.7868E-12 4.8449E-12 8.2958E-12 1.0712E-11 2.2412E-11 4.3670E-11 5.4223E-11 6.2848E-11 7.0354E-11 8.0713E-11 9.0099E-11 1.0248E-10 1.1407E-10 1.2879E-10 1.4293E-10 1.5837E-10 1.7739E-10 1.9595E-10 2.1820E-10 2.4029E-10 2.6418E-10 2.9218E-10 3.2022E-10 3.5037E-10 3.8501E-10 4.1990E-10 4.5719E-10 4.9929E-10 5.4185E-10
0.0000E+00 0.0000E+00 0.0000E+00 0.0000E+00 0.0000E+00 0.0000E+00 0.0000E+00 0.0000E+00 0.0000E+00 0.0000E+00 0.0000E+00 0.0000E+00 0.0000E+00 0.0000E+00 0.0000E+00 0.0000E+00 0.0000E+00 0.0000E+00 0.0000E+00 0.0000E+00 0.0000E+00 0.0000E+00 0.0000E+00 0.0000E+00 0.0000E+00 0.0000E+00 0.0000E+00 0.0000E+00 0.0000E+00 3.3199E-12 6.6430E-12 1.0378E-11 2.3567E-11 4.0462E-11 5.6010E-11 6.2811E-11 7.2268E-11 8.0819E-11 9.2170E-11 1.0278E-10 1.1443E-10 1.2935E-10 1.4359E-10 1.6122E-10 1.7842E-10 1.9714E-10 2.1971E-10 2.4201E-10 2.6826E-10 2.9456E-10 3.2289E-10 3.5558E-10 3.8854E-10 4.2383E-10 4.6385E-10 5.0434E-10 5.4998E-10
0.0000E+00 0.0000E+00 0.0000E+00 0.0000E+00 0.0000E+00 0.0000E+00 0.0000E+00 0.0000E+00 0.0000E+00 0.0000E+00 0.0000E+00 0.0000E+00 0.0000E+00 0.0000E+00 0.0000E+00 0.0000E+00 0.0000E+00 0.0000E+00 0.0000E+00 0.0000E+00 0.0000E+00 0.0000E+00 0.0000E+00 0.0000E+00 0.0000E+00 0.0000E+00 0.0000E+00 0.0000E+00 0.0000E+00 3.1999E-12 6.4147E-12 8.6121E-12 2.4784E-11 4.0390E-11 5.5911E-11 6.2714E-11 7.2280E-11 8.0850E-11 9.2341E-11 1.0299E-10 1.1672E-10 1.2981E-10 1.4412E-10 1.6199E-10 1.7932E-10 2.0032E-10 2.2107E-10 2.4355E-10 2.7018E-10 2.9672E-10 3.2749E-10 3.5852E-10 3.9182E-10 4.2973E-10 4.6813E-10 5.1159E-10 5.5548E-10
0.0000E+00 0.0000E+00 0.0000E+00 0.0000E+00 0.0000E+00 0.0000E+00 0.0000E+00 0.0000E+00 0.0000E+00 0.0000E+00 0.0000E+00 0.0000E+00 0.0000E+00 0.0000E+00 0.0000E+00 0.0000E+00 0.0000E+00 0.0000E+00 0.0000E+00 0.0000E+00 0.0000E+00 0.0000E+00 0.0000E+00 0.0000E+00 0.0000E+00 0.0000E+00 0.0000E+00 0.0000E+00 0.0000E+00 1.7690E-12 4.8238E-12 1.0841E-11 2.6064E-11 4.0501E-11 5.5758E-11 6.4452E-11 7.2225E-11 8.0807E-11 9.2429E-11 1.0312E-10 1.1701E-10 1.3015E-10 1.4665E-10 1.6264E-10 1.8211E-10 2.0135E-10 2.2225E-10 2.4711E-10 2.7190E-10 2.9868E-10 3.2988E-10 3.6121E-10 3.9702E-10 4.3331E-10 4.7211E-10 5.1627E-10 5.6330E-10
0.0000E+00 0.0000E+00 0.0000E+00 0.0000E+00 0.0000E+00 0.0000E+00 0.0000E+00 0.0000E+00 0.0000E+00 0.0000E+00 0.0000E+00 0.0000E+00 0.0000E+00 0.0000E+00 0.0000E+00 0.0000E+00 0.0000E+00 0.0000E+00 0.0000E+00 0.0000E+00 0.0000E+00 0.0000E+00 0.0000E+00 0.0000E+00 0.0000E+00 0.0000E+00 0.0000E+00 0.0000E+00 0.0000E+00 0.0000E+00 3.2799E-12 1.1747E-11 2.5722E-11 4.0454E-11 5.5550E-11 6.4328E-11 7.2103E-11 8.2701E-11 9.2434E-11 1.0516E-10 1.1719E-10 1.3039E-10 1.4708E-10 1.6315E-10 1.8286E-10 2.0222E-10 2.2536E-10 2.4844E-10 2.7342E-10 3.0266E-10 3.3204E-10 3.6364E-10 3.9995E-10 4.3659E-10 4.7848E-10 5.2323E-10 5.7101E-10
0.0000E+00 0.0000E+00 0.0000E+00 0.0000E+00 0.0000E+00 0.0000E+00 0.0000E+00 0.0000E+00 0.0000E+00 0.0000E+00 0.0000E+00 0.0000E+00 0.0000E+00 0.0000E+00 0.0000E+00 0.0000E+00 0.0000E+00 0.0000E+00 0.0000E+00 0.0000E+00 0.0000E+00 0.0000E+00 0.0000E+00 0.0000E+00 0.0000E+00 0.0000E+00 0.0000E+00 0.0000E+00 0.0000E+00 0.0000E+00 1.8040E-12 1.4303E-11 2.5666E-11 3.8897E-11 5.3746E-11 6.4143E-11 7.1911E-11 8.2611E-11 9.2353E-11 1.0521E-10 1.1727E-10 1.3261E-10 1.4738E-10 1.6558E-10 1.8346E-10 2.0293E-10 2.2634E-10 2.4958E-10 2.7689E-10 3.0435E-10 3.3395E-10 3.6810E-10 4.0260E-10 4.4220E-10 4.8207E-10 5.2751E-10 5.7606E-10
0.0000E+00 0.0000E+00 0.0000E+00 0.0000E+00 0.0000E+00 0.0000E+00 0.0000E+00 0.0000E+00 0.0000E+00 0.0000E+00 0.0000E+00 0.0000E+00 0.0000E+00 0.0000E+00 0.0000E+00 0.0000E+00 0.0000E+00 0.0000E+00 0.0000E+00 0.0000E+00 0.0000E+00 0.0000E+00 0.0000E+00 0.0000E+00 0.0000E+00 0.0000E+00 0.0000E+00 0.0000E+00 0.0000E+00 0.0000E+00 0.0000E+00 1.5483E-11 2.6043E-11 3.7157E-11 5.2299E-11 6.3897E-11 7.3609E-11 8.2443E-11 9.4164E-11 1.0516E-10 1.1725E-10 1.3274E-10 1.4756E-10 1.6595E-10 1.8391E-10 2.0560E-10 2.2715E-10 2.5052E-10 2.7815E-10 3.0579E-10 3.3781E-10 3.7019E-10 4.0751E-10 4.4511E-10 4.8815E-10 5.3429E-10 5.8341E-10
0.0000E+00 0.0000E+00 0.0000E+00 0.0000E+00 0.0000E+00 0.0000E+00 0.0000E+00 0.0000E+00 0.0000E+00 0.0000E+00 0.0000E+00 0.0000E+00 0.0000E+00 0.0000E+00 0.0000E+00 0.0000E+00 0.0000E+00 0.0000E+00 0.0000E+00 0.0000E+00 0.0000E+00 0.0000E+00 0.0000E+00 0.0000E+00 0.0000E+00 0.0000E+00 0.0000E+00 0.0000E+00 0.0000E+00 0.0000E+00 0.0000E+00 1.4176E-11 2.4653E-11 3.5603E-11 5.0528E-11 6.3589E-11 7.3374E-11 8.2198E-11 9.4016E-11 1.0502E-10 1.1920E-10 1.3275E-10 1.4966E-10 1.6618E-10 1.8420E-10 2.0612E-10 2.2776E-10 2.5346E-10 2.7919E-10 3.0700E-10 3.3939E-10 3.7199E-10 4.0979E-10 4.5044E-10 4.9135E-10 5.3817E-10 5.8805E-10
0.0000E+00 0.0000E+00 0.0000E+00 0.0000E+00 0.0000E+00 0.0000E+00 0.0000E+00 0.0000E+00 0.0000E+00 0.0000E+00 0.0000E+00 0.0000E+00 0.0000E+00 0.0000E+00 0.0000E+00 0.0000E+00 0.0000E+00 0.0000E+00 0.0000E+00 0.0000E+00 0.0000E+00 0.0000E+00 0.0000E+00 0.0000E+00 0.0000E+00 0.0000E+00 0.0000E+00 0.0000E+00 0.0000E+00 0.0000E+00 0.0000E+00 1.1198E-11 2.4704E-11 3.5519E-11 5.0340E-11 6.3219E-11 7.3070E-11 8.1875E-11 9.3781E-11 1.0478E-10 1.1907E-10 1.3264E-10 1.4970E-10 1.6625E-10 1.8647E-10 2.0646E-10 2.2819E-10 2.5414E-10 2.8000E-10 3.1023E-10 3.4070E-10 3.7617E-10 4.1442E-10 4.5296E-10 4.9727E-10 5.4461E-10 5.9498E-10
0.0000E+00 0.0000E+00 0.0000E+00 0.0000E+00 0.0000E+00 0.0000E+00 0.0000E+00 0.0000E+00 0.0000E+00 0.0000E+00 0.0000E+00 0.0000E+00 0.0000E+00 0.0000E+00 0.0000E+00 0.0000E+00 0.0000E+00 0.0000E+00 0.0000E+00 0.0000E+00 0.0000E+00 0.0000E+00 0.0000E+00 0.0000E+00 0.0000E+00 0.0000E+00 0.0000E+00 0.0000E+00 0.0000E+00 0.0000E+00 2.6043E-12 1.1400E-11 2.2024E-11 3.4220E-11 4.7032E-11 6.4755E-11 7.2695E-11 8.3488E-11 9.3457E-11 1.0648E-10 1.1884E-10 1.3241E-10 1.4960E-10 1.6618E-10 1.8657E-10 2.0661E-10 2.3064E-10 2.5461E-10 2.8058E-10 3.1111E-10 3.4428E-10 3.7761E-10 4.1633E-10 4.5514E-10 5.0006E-10 5.4808E-10 5.9920E-10
0.0000E+00 0.0000E+00 0.0000E+00 0.0000E+00 0.0000E+00 0.0000E+00 0.0000E+00 0.0000E+00 0.0000E+00 0.0000E+00 0.0000E+00 0.0000E+00 0.0000E+00 0.0000E+00 0.0000E+00 0.0000E+00 0.0000E+00 0.0000E+00 0.0000E+00 0.0000E+00 0.0000E+00 0.0000E+00 0.0000E+00 0.0000E+00 0.0000E+00 0.0000E+00 0.0000E+00 0.0000E+00 0.0000E+00 0.0000E+00 6.6639E-12 1.3464E-11 1.7903E-11 3.2818E-11 4.5367E-11 6.1324E-11 7.2250E-11 8.3101E-11 9.3043E-11 1.0614E-10 1.1849E-10 1.3420E-10 1.4937E-10 1.6809E-10 1.8651E-10 2.0659E-10 2.3082E-10 2.5486E-10 2.8323E-10 3.1172E-10 3.4523E-10 3.8152E-10 4.1792E-10 4.6025E-10 5.0565E-10 5.5411E-10 6.0569E-10
0.0000E+00 0.0000E+00 0.0000E+00 0.0000E+00 0.0000E+00 0.0000E+00 0.0000E+00 0.0000E+00 0.0000E+00 0.0000E+00 0.0000E+00 0.0000E+00 0.0000E+00 0.0000E+00 0.0000E+00 0.0000E+00 0.0000E+00 0.0000E+00 0.0000E+00 0.0000E+00 0.0000E+00 0.0000E+00 0.0000E+00 0.0000E+00 0.0000E+00 0.0000E+00 0.0000E+00 0.0000E+00 0.0000E+00 0.0000E+00 6.7905E-12 1.3686E-11 1.8149E-11 2.9768E-11 4.3534E-11 5.9402E-11 7.1735E-11 8.2634E-11 9.2540E-11 1.0571E-10 1.1803E-10 1.3384E-10 1.4899E-10 1.6784E-10 1.8627E-10 2.0860E-10 2.3078E-10 2.5488E-10 2.8348E-10 3.1468E-10 3.4856E-10 3.8258E-10 4.1918E-10 4.6204E-10 5.0803E-10 5.5715E-10 6.0947E-10
