Assets/Resources/2015_m01_d16_0600(utc+0800)_l00_csi_1hr_conc.grd
DSAA
         159         159
     -79.000      79.000
     -79.000      79.000
  0.3571E-11  0.4208E-05
[rows 0 to 24 of 159, columns 57 to 113 of 159]
4.6170E-10 4.7765E-10 4.9089E-10 5.0353E-10 5.1600E-10 5.2976E-10 5.5994E-10 5.7726E-10 5.9260E-10 6.0809E-10 6.2272E-10 6.3699E-10 6.5135E-10 6.6581E-10 6.8035E-10 6.9497E-10 7.0967E-10 7.2445E-10 7.3929E-10 7.5634E-10 7.7138E-10 7.8645E-10 8.0154E-10 8.1662E-10 8.3167E-10 8.4670E-10 8.6168E-10 8.7660E-10 8.9146E-10 9.1027E-10 9.3126E-10 9.4636E-10 9.6406E-10 9.8386E-10 1.0018E-09 1.0186E-09 1.0370E-09 1.0572E-09 1.0757E-09 1.0943E-09 1.1126E-09 1.1314E-09 1.1520E-09 1.1727E-09 1.1953E-09 1.2194E-09 1.2443E-09 1.2686E-09 1.2936E-09 1.3187E-09 1.3433E-09 1.3682E-09 1.3931E-09 1.4176E-09 1.4407E-09 1.4633E-09 1.4862E-09
4.7464E-10 4.8804E-10 5.0085E-10 5.1351E-10 5.3815E-10 5.6225E-10 5.7695E-10 5.9286E-10 6.0819E-10 6.2268E-10 6.3729E-10 6.5202E-10 6.6685E-10 6.8179E-10 6.9682E-10 7.1194E-10 7.2715E-10 7.4461E-10 7.6007E-10 7.7560E-10 7.9118E-10 8.0680E-10 8.2243E-10 8.3805E-10 8.5366E-10 8.6924E-10 8.8478E-10 9.1053E-10 9.2634E-10 9.4681E-10 9.6491E-10 9.8182E-10 9.9880E-10 1.0180E-09 1.0384E-09 1.0570E-09 1.0750E-09 1.0932E-09 1.1115E-09 1.1307E-09 1.1503E-09 1.1706E-09 1.1923E-09 1.2163E-09 1.2409E-09 1.2669E-09 1.2921E-09 1.3190E-09 1.3454E-09 1.3705E-09 1.3968E-09 1.4235E-09 1.4485E-09 1.4719E-09 1.4961E-09 1.5200E-09 1.5427E-09
4.8511E-10 4.9808E-10 5.1561E-10 5.4343E-10 5.6044E-10 5.7670E-10 5.9266E-10 6.0733E-10 6.2214E-10 6.3710E-10 6.5218E-10 6.6739E-10 6.8271E-10 6.9814E-10 7.1368E-10 7.3150E-10 7.4733E-10 7.6326E-10 7.7928E-10 7.9537E-10 8.1151E-10 8.2769E-10 8.4389E-10 8.6009E-10 8.8405E-10 9.0290E-10 9.2414E-10 9.4082E-10 9.6061E-10 9.7727E-10 9.9746E-10 1.0176E-09 1.0351E-09 1.0531E-09 1.0716E-09 1.0910E-09 1.1103E-09 1.1297E-09 1.1490E-09 1.1689E-09 1.1894E-09 1.2120E-09 1.2362E-09 1.2630E-09 1.2891E-09 1.3163E-09 1.3436E-09 1.3710E-09 1.3984E-09 1.4260E-09 1.4533E-09 1.4790E-09 1.5039E-09 1.5292E-09 1.5536E-09 1.5772E-09 1.6005E-09
4.9464E-10 5.1979E-10 5.4346E-10 5.5818E-10 5.7574E-10 5.9102E-10 6.0599E-10 6.2112E-10 6.3640E-10 6.5182E-10 6.6739E-10 6.8310E-10 6.9947E-10 7.1705E-10 7.3322E-10 7.4951E-10 7.6591E-10 7.8240E-10 7.9899E-10 8.1566E-10 8.3238E-10 8.4915E-10 8.7538E-10 8.9336E-10 9.1539E-10 9.3591E-10 9.5343E-10 9.7441E-10 9.9504E-10 1.0126E-09 1.0304E-09 1.0487E-09 1.0681E-09 1.0872E-09 1.1067E-09 1.1264E-09 1.1464E-09 1.1664E-09 1.1873E-09 1.2087E-09 1.2315E-09 1.2574E-09 1.2845E-09 1.3109E-09 1.3400E-09 1.3680E-09 1.3967E-09 1.4257E-09 1.4552E-09 1.4830E-09 1.5092E-09 1.5361E-09 1.5626E-09 1.5876E-09 1.6122E-09 1.6378E-09 1.6799E-09
5.2164E-10 5.4097E-10 5.5727E-10 5.7384E-10 5.8891E-10 6.0416E-10 6.1959E-10 6.3519E-10 6.5095E-10 6.6687E-10 6.8295E-10 7.0132E-10 7.1779E-10 7.3439E-10 7.5112E-10 7.6798E-10 7.8495E-10 8.0204E-10 8.1922E-10 8.3883E-10 8.6331E-10 8.8312E-10 9.0465E-10 9.2591E-10 9.4706E-10 9.6600E-10 9.8751E-10 1.0060E-09 1.0250E-09 1.0440E-09 1.0626E-09 1.0817E-09 1.1013E-09 1.1214E-09 1.1425E-09 1.1636E-09 1.1849E-09 1.2059E-09 1.2273E-09 1.2522E-09 1.2785E-09 1.3054E-09 1.3338E-09 1.3624E-09 1.3931E-09 1.4231E-09 1.4527E-09 1.4836E-09 1.5122E-09 1.5401E-09 1.5683E-09 1.5955E-09 1.6217E-09 1.6481E-09 1.6945E-09 1.7450E-09 1.7749E-09
5.3811E-10 5.5465E-10 5.7100E-10 5.8632E-10 6.0184E-10 6.1756E-10 6.3346E-10 6.4955E-10 6.6581E-10 6.8387E-10 7.0108E-10 7.1795E-10 7.3497E-10 7.5214E-10 7.6945E-10 7.8690E-10 8.0448E-10 8.2507E-10 8.4947E-10 8.7101E-10 8.9276E-10 9.1389E-10 9.3632E-10 9.5776E-10 9.7777E-10 9.9763E-10 1.0176E-09 1.0368E-09 1.0561E-09 1.0754E-09 1.0953E-09 1.1163E-09 1.1370E-09 1.1583E-09 1.1799E-09 1.2017E-09 1.2236E-09 1.2468E-09 1.2732E-09 1.2990E-09 1.3267E-09 1.3557E-09 1.3861E-09 1.4170E-09 1.4479E-09 1.4803E-09 1.5118E-09 1.5410E-09 1.5709E-09 1.6005E-09 1.6285E-09 1.6560E-09 1.7296E-09 1.7566E-09 1.8179E-09 1.8656E-09 1.8477E-09
5.5205E-10 5.6769E-10 5.8325E-10 5.9903E-10 6.1502E-10 6.3122E-10 6.4762E-10 6.6529E-10 6.8319E-10 7.0027E-10 7.1753E-10 7.3497E-10 7.5257E-10 7.7033E-10 7.8824E-10 8.0745E-10 8.3319E-10 8.5594E-10 8.7820E-10 9.0020E-10 9.2297E-10 9.4585E-10 9.6585E-10 9.8711E-10 1.0072E-09 1.0274E-09 1.0475E-09 1.0682E-09 1.0889E-09 1.1092E-09 1.1299E-09 1.1512E-09 1.1730E-09 1.1957E-09 1.2187E-09 1.2419E-09 1.2675E-09 1.2926E-09 1.3204E-09 1.3477E-09 1.3776E-09 1.4094E-09 1.4408E-09 1.4735E-09 1.5077E-09 1.5393E-09 1.5702E-09 1.6016E-09 1.6320E-09 1.6614E-09 1.6910E-09 1.8249E-09 1.8577E-09 1.8955E-09 1.9302E-09 1.9169E-09 1.9200E-09
5.6392E-10 5.7971E-10 5.9574E-10 6.1199E-10 6.2846E-10 6.4515E-10 6.6371E-10 6.8145E-10 6.9889E-10 7.1653E-10 7.3436E-10 7.5238E-10 7.7058E-10 7.9009E-10 8.1498E-10 8.3918E-10 8.6186E-10 8.8462E-10 9.0764E-10 9.3038E-10 9.5238E-10 9.7375E-10 9.9462E-10 1.0155E-09 1.0368E-09 1.0587E-09 1.0798E-09 1.1008E-09 1.1218E-09 1.1431E-09 1.1655E-09 1.1886E-09 1.2117E-09 1.2353E-09 1.2597E-09 1.2854E-09 1.3131E-09 1.3411E-09 1.3694E-09 1.4004E-09 1.4323E-09 1.4644E-09 1.4995E-09 1.5333E-09 1.5661E-09 1.5992E-09 1.6321E-09 1.6634E-09 1.6943E-09 1.7786E-09 1.8682E-09 2.0646E-09 1.9931E-09 1.9927E-09 2.0158E-09 2.0022E-09 2.0483E-09
5.7570E-10 5.9195E-10 6.0844E-10 6.2518E-10 6.4324E-10 6.6157E-10 6.7913E-10 6.9692E-10 7.1493E-10 7.3315E-10 7.5158E-10 7.7078E-10 7.9449E-10 8.1892E-10 8.4304E-10 8.6593E-10 8.8987E-10 9.1365E-10 9.3652E-10 9.5823E-10 9.7978E-10 1.0014E-09 1.0244E-09 1.0462E-09 1.0681E-09 1.0900E-09 1.1120E-09 1.1351E-09 1.1572E-09 1.1797E-09 1.2027E-09 1.2264E-09 1.2507E-09 1.2764E-09 1.3051E-09 1.3329E-09 1.3613E-09 1.3907E-09 1.4215E-09 1.4540E-09 1.4887E-09 1.5234E-09 1.5589E-09 1.5933E-09 1.6279E-09 1.6617E-09 1.6945E-09 1.7276E-09 1.8165E-09 1.9966E-09 2.1242E-09 2.1776E-09 2.0700E-09 2.0805E-09 2.1243E-09 2.1330E-09 2.1534E-09
5.8767E-10 6.0440E-10 6.2192E-10 6.4026E-10 6.5838E-10 6.7625E-10 6.9437E-10 7.1272E-10 7.3132E-10 7.5014E-10 7.7209E-10 7.9605E-10 8.2231E-10 8.4586E-10 8.7033E-10 8.9431E-10 9.1838E-10 9.4062E-10 9.6276E-10 9.8536E-10 1.0087E-09 1.0313E-09 1.0540E-09 1.0767E-09 1.1008E-09 1.1237E-09 1.1466E-09 1.1695E-09 1.1927E-09 1.2163E-09 1.2413E-09 1.2670E-09 1.2943E-09 1.3228E-09 1.3527E-09 1.3812E-09 1.4118E-09 1.4444E-09 1.4776E-09 1.5114E-09 1.5484E-09 1.5838E-09 1.6193E-09 1.6556E-09 1.6910E-09 1.7254E-09 1.7601E-09 1.9112E-09 2.1063E-09 2.2075E-09 2.2856E-09 2.1931E-09 2.1745E-09 2.2297E-09 2.2211E-09 2.2231E-09 2.2467E-09
5.9985E-10 6.1762E-10 6.3674E-10 6.5463E-10 6.7280E-10 6.9122E-10 7.0992E-10 7.2887E-10 7.4920E-10 7.7303E-10 7.9937E-10 8.2392E-10 8.4884E-10 8.7320E-10 8.9808E-10 9.2105E-10 9.4367E-10 9.6743E-10 9.9080E-10 1.0140E-09 1.0374E-09 1.0616E-09 1.0859E-09 1.1096E-09 1.1335E-09 1.1573E-09 1.1812E-09 1.2064E-09 1.2308E-09 1.2558E-09 1.2815E-09 1.3104E-09 1.3402E-09 1.3704E-09 1.4016E-09 1.4334E-09 1.4656E-09 1.4993E-09 1.5356E-09 1.5724E-09 1.6080E-09 1.6456E-09 1.6834E-09 1.7198E-09 1.7559E-09 1.8510E-09 2.0083E-09 2.2526E-09 2.2986E-09 2.3562E-09 2.4223E-09 2.2969E-09 2.3266E-09 2.3548E-09 2.3056E-09 2.3380E-09 2.4035E-09
6.1334E-10 6.3219E-10 6.5034E-10 6.6877E-10 6.8750E-10 7.0650E-10 7.2579E-10 7.4826E-10 7.7399E-10 7.9972E-10 8.2508E-10 8.4990E-10 8.7561E-10 8.9964E-10 9.2265E-10 9.4685E-10 9.7073E-10 9.9454E-10 1.0186E-09 1.0440E-09 1.0684E-09 1.0930E-09 1.1176E-09 1.1424E-09 1.1685E-09 1.1935E-09 1.2184E-09 1.2436E-09 1.2692E-09 1.2979E-09 1.3292E-09 1.3591E-09 1.3894E-09 1.4206E-09 1.4539E-09 1.4872E-09 1.5214E-09 1.5583E-09 1.5955E-09 1.6327E-09 1.6707E-09 1.7101E-09 1.7481E-09 1.7866E-09 1.8872E-09 2.1293E-09 2.3507E-09 2.3898E-09 2.4326E-09 2.5176E-09 2.5312E-09 2.4257E-09 2.4378E-09 2.4382E-09 2.4401E-09 2.5009E-09 2.5362E-09
6.2711E-10 6.4549E-10 6.6418E-10 6.8318E-10 7.0248E-10 7.2267E-10 7.4747E-10 7.7430E-10 7.9974E-10 8.2589E-10 8.5125E-10 8.7652E-10 8.9984E-10 9.2409E-10 9.4865E-10 9.7291E-10 9.9744E-10 1.0235E-09 1.0485E-09 1.0738E-09 1.0992E-09 1.1260E-09 1.1518E-09 1.1776E-09 1.2036E-09 1.2319E-09 1.2610E-09 1.2903E-09 1.3176E-09 1.3456E-09 1.3770E-09 1.4092E-09 1.4419E-09 1.4749E-09 1.5080E-09 1.5453E-09 1.5822E-09 1.6188E-09 1.6564E-09 1.6962E-09 1.7362E-09 1.7758E-09 1.8161E-09 1.9824E-09 2.1787E-09 2.4154E-09 2.5267E-09 2.5211E-09 2.5997E-09 2.7138E-09 2.5862E-09 2.5353E-09 2.5774E-09 2.5693E-09 2.5894E-09 2.6206E-09 2.6578E-09
6.4011E-10 6.5903E-10 6.7828E-10 6.9786E-10 7.1893E-10 7.4359E-10 7.7281E-10 7.9794E-10 8.2413E-10 8.5084E-10 8.7536E-10 8.9955E-10 9.2470E-10 9.4932E-10 9.7424E-10 1.0007E-09 1.0263E-09 1.0521E-09 1.0782E-09 1.1058E-09 1.1323E-09 1.1597E-09 1.1916E-09 1.2197E-09 1.2483E-09 1.2757E-09 1.3046E-09 1.3353E-09 1.3669E-09 1.3970E-09 1.4286E-09 1.4629E-09 1.4981E-09 1.5329E-09 1.5684E-09 1.6042E-09 1.6415E-09 1.6806E-09 1.7206E-09 1.7618E-09 1.8029E-09 1.9077E-09 2.0212E-09 2.3657E-09 2.4792E-09 2.5978E-09 2.6635E-09 2.7106E-09 2.8234E-09 2.9792E-09 2.6694E-09 2.6965E-09 2.7510E-09 2.6951E-09 2.7124E-09 2.7464E-09 2.7498E-09
6.5332E-10 6.7281E-10 6.9321E-10 7.1575E-10 7.4221E-10 7.7099E-10 7.9601E-10 8.2271E-10 8.4937E-10 8.7371E-10 8.9905E-10 9.2390E-10 9.4912E-10 9.7595E-10 1.0019E-09 1.0282E-09 1.0555E-09 1.0830E-09 1.1109E-09 1.1444E-09 1.1722E-09 1.2016E-09 1.2299E-09 1.2613E-09 1.2937E-09 1.3226E-09 1.3526E-09 1.3843E-09 1.4176E-09 1.4510E-09 1.4845E-09 1.5181E-09 1.5527E-09 1.5904E-09 1.6279E-09 1.6657E-09 1.7056E-09 1.7455E-09 1.7870E-09 1.8884E-09 2.0597E-09 2.2637E-09 2.4437E-09 2.5649E-09 2.6701E-09 2.7976E-09 2.8287E-09 2.9221E-09 3.0091E-09 2.9679E-09 2.8231E-09 2.8749E-09 2.8641E-09 2.8166E-09 2.8417E-09 2.9198E-09 2.8971E-09
6.6676E-10 6.8741E-10 7.1078E-10 7.3826E-10 7.6660E-10 7.9261E-10 8.2031E-10 8.4611E-10 8.7126E-10 8.9684E-10 9.2225E-10 9.4901E-10 9.7557E-10 1.0022E-09 1.0299E-09 1.0579E-09 1.0923E-09 1.1206E-09 1.1502E-09 1.1793E-09 1.2113E-09 1.2447E-09 1.2745E-09 1.3057E-09 1.3378E-09 1.3729E-09 1.4037E-09 1.4352E-09 1.4680E-09 1.5036E-09 1.5400E-09 1.5778E-09 1.6148E-09 1.6518E-09 1.6897E-09 1.7862E-09 1.9509E-09 2.0636E-09 2.1568E-09 2.2387E-09 2.4468E-09 2.5325E-09 2.6322E-09 2.7420E-09 2.8781E-09 3.0786E-09 3.0371E-09 3.1139E-09 3.2322E-09 3.0488E-09 3.0005E-09 3.0293E-09 2.9542E-09 2.9685E-09 3.0426E-09 3.1089E-09 3.0156E-09
6.8158E-10 7.0662E-10 7.3438E-10 7.6258E-10 7.9001E-10 8.1684E-10 8.4238E-10 8.6829E-10 8.9379E-10 9.2036E-10 9.4740E-10 9.7427E-10 1.0022E-09 1.0327E-09 1.0655E-09 1.0943E-09 1.1248E-09 1.1571E-09 1.1910E-09 1.2214E-09 1.2534E-09 1.2871E-09 1.3224E-09 1.3539E-09 1.3856E-09 1.4197E-09 1.4540E-09 1.4896E-09 1.5249E-09 1.5606E-09 1.5972E-09 1.6347E-09 1.7886E-09 1.9589E-09 2.0288E-09 2.1471E-09 2.2667E-09 2.3911E-09 2.4541E-09 2.5209E-09 2.6042E-09 2.7045E-09 2.8158E-09 3.0005E-09 3.1503E-09 3.2216E-09 3.2318E-09 3.3676E-09 3.7134E-09 3.1740E-09 3.1552E-09 3.1934E-09 3.1187E-09 3.1761E-09 3.2207E-09 3.1883E-09 3.1471E-09
7.0111E-10 7.2944E-10 7.5683E-10 7.8466E-10 8.1159E-10 8.3786E-10 8.6392E-10 8.9021E-10 9.1760E-10 9.4459E-10 9.7237E-10 1.0051E-09 1.0366E-09 1.0658E-09 1.0974E-09 1.1296E-09 1.1642E-09 1.1953E-09 1.2307E-09 1.2666E-09 1.2989E-09 1.3315E-09 1.3676E-09 1.4014E-09 1.4369E-09 1.4714E-09 1.5058E-09 1.5411E-09 1.5776E-09 1.6152E-09 1.8996E-09 1.9519E-09 2.1519E-09 2.2749E-09 2.3385E-09 2.4032E-09 2.4705E-09 2.5391E-09 2.6067E-09 2.7245E-09 2.8424E-09 2.9798E-09 3.1090E-09 3.2445E-09 3.3854E-09 3.3832E-09 3.4938E-09 3.6261E-09 3.5512E-09 3.3146E-09 3.3438E-09 3.3287E-09 3.3082E-09 3.3414E-09 3.3906E-09 3.2951E-09 3.3316E-09
7.2242E-10 7.5067E-10 7.7988E-10 8.0663E-10 8.3255E-10 8.5873E-10 8.8608E-10 9.1336E-10 9.4087E-10 9.7367E-10 1.0057E-09 1.0351E-09 1.0681E-09 1.1016E-09 1.1347E-09 1.1667E-09 1.2025E-09 1.2392E-09 1.2723E-09 1.3091E-09 1.3437E-09 1.3778E-09 1.4154E-09 1.4501E-09 1.4850E-09 1.5204E-09 1.5566E-09 1.8332E-09 1.8868E-09 2.0237E-09 2.2104E-09 2.2763E-09 2.3430E-09 2.4134E-09 2.4824E-09 2.5527E-09 2.7086E-09 2.7859E-09 2.8660E-09 2.9608E-09 3.0719E-09 3.1993E-09 3.3413E-09 3.4892E-09 3.7815E-09 3.6826E-09 3.7822E-09 3.9069E-09 3.5740E-09 3.4998E-09 3.5729E-09 3.4827E-09 3.4762E-09 3.5178E-09 3.5927E-09 3.4962E-09 3.5341E-09
7.4463E-10 7.7281E-10 8.0019E-10 8.2646E-10 8.5304E-10 8.8080E-10 9.0824E-10 9.4002E-10 9.7299E-10 1.0025E-09 1.0357E-09 1.0695E-09 1.1028E-09 1.1376E-09 1.1716E-09 1.2088E-09 1.2426E-09 1.2809E-09 1.3157E-09 1.3523E-09 1.3894E-09 1.4252E-09 1.4613E-09 1.4976E-09 1.5342E-09 1.8136E-09 1.8698E-09 2.1330E-09 2.2009E-09 2.2702E-09 2.3433E-09 2.4149E-09 2.4873E-09 2.6451E-09 2.7283E-09 2.8105E-09 2.8922E-09 2.9757E-09 3.0638E-09 3.1712E-09 3.3186E-09 3.5052E-09 3.6860E-09 3.8505E-09 3.9229E-09 3.9349E-09 4.0527E-09 4.4746E-09 3.7390E-09 3.7318E-09 3.8022E-09 3.6391E-09 3.6574E-09 3.7500E-09 3.7109E-09 3.6812E-09 3.7108E-09
7.6532E-10 7.9271E-10 8.1929E-10 8.4653E-10 8.7438E-10 9.0567E-10 9.3880E-10 9.6830E-10 1.0012E-09 1.0353E-09 1.0688E-09 1.1039E-09 1.1382E-09 1.1758E-09 1.2118E-09 1.2491E-09 1.2845E-09 1.3227E-09 1.3598E-09 1.3966E-09 1.4338E-09 1.4712E-09 1.5090E-09 1.7926E-09 1.8682E-09 2.1141E-09 2.1842E-09 2.2562E-09 2.3327E-09 2.4080E-09 2.5474E-09 2.6550E-09 2.7386E-09 2.8234E-09 2.9115E-09 2.9998E-09 3.0883E-09 3.2189E-09 3.3679E-09 3.4948E-09 3.6404E-09 3.8038E-09 3.9783E-09 4.1570E-09 4.1322E-09 4.2118E-09 4.3679E-09 4.2082E-09 3.9550E-09 3.9663E-09 3.8991E-09 3.8403E-09 3.8988E-09 4.0026E-09 3.8672E-09 3.8617E-09 3.8987E-09
7.8480E-10 8.1167E-10 8.3922E-10 8.6854E-10 9.0183E-10 9.3266E-10 9.6440E-10 9.9849E-10 1.0330E-09 1.0677E-09 1.1025E-09 1.1394E-09 1.1777E-09 1.2144E-09 1.2503E-09 1.2891E-09 1.3270E-09 1.3646E-09 1.4026E-09 1.4411E-09 1.4799E-09 1.7068E-09 1.8400E-09 2.0880E-09 2.1605E-09 2.2367E-09 2.3138E-09 2.3923E-09 2.5620E-09 2.6492E-09 2.7377E-09 2.8300E-09 2.9210E-09 3.0135E-09 3.1086E-09 3.2932E-09 3.3934E-09 3.4961E-09 3.6192E-09 3.7649E-09 3.9297E-09 4.1091E-09 4.2967E-09 4.6340E-09 4.4429E-09 4.6057E-09 4.7595E-09 4.2843E-09 4.1628E-09 4.1980E-09 4.0553E-09 4.0874E-09 4.1622E-09 4.2323E-09 4.0392E-09 4.0779E-09 4.1677E-09
8.0299E-10 8.3182E-10 8.6346E-10 8.9555E-10 9.2632E-10 9.5956E-10 9.9454E-10 1.0295E-09 1.0649E-09 1.1008E-09 1.1402E-09 1.1771E-09 1.2134E-09 1.2519E-09 1.2910E-09 1.3292E-09 1.3680E-09 1.4072E-09 1.4478E-09 1.6143E-09 1.7841E-09 2.0323E-09 2.1286E-09 2.2074E-09 2.2870E-09 2.3711E-09 2.5410E-09 2.6323E-09 2.7274E-09 2.8231E-09 2.9195E-09 3.0191E-09 3.2051E-09 3.3107E-09 3.4198E-09 3.5312E-09 3.6409E-09 3.7567E-09 3.8968E-09 4.0624E-09 4.2879E-09 4.5319E-09 4.7368E-09 4.7958E-09 4.8040E-09 4.9478E-09 5.4182E-09 4.4368E-09 4.3944E-09 4.4724E-09 4.2905E-09 4.3372E-09 4.4014E-09 4.3016E-09 4.2568E-09 4.3366E-09 4.4155E-09
8.2337E-10 8.5663E-10 8.8750E-10 9.2010E-10 9.5445E-10 9.8935E-10 1.0250E-09 1.0604E-09 1.0997E-09 1.1377E-09 1.1741E-09 1.2120E-09 1.2522E-09 1.2909E-09 1.3301E-09 1.3700E-09 1.4113E-09 1.5166E-09 1.7425E-09 1.9675E-09 2.0872E-09 2.1684E-09 2.2513E-09 2.3382E-09 2.4908E-09 2.6044E-09 2.7040E-09 2.8036E-09 2.9053E-09 3.0113E-09 3.2039E-09 3.3179E-09 3.4355E-09 3.5510E-09 3.6680E-09 3.7876E-09 3.9061E-09 4.1053E-09 4.2925E-09 4.4796E-09 4.6862E-09 4.9029E-09 5.1245E-09 5.0608E-09 5.1542E-09 5.3187E-09 5.0153E-09 4.6442E-09 4.7437E-09 4.6341E-09 4.5389E-09 4.5845E-09 4.6566E-09 4.5076E-09 4.5450E-09 4.5951E-09 4.5523E-09
8.4801E-10 8.7972E-10 9.1230E-10 9.4740E-10 9.8329E-10 1.0184E-09 1.0568E-09 1.0959E-09 1.1326E-09 1.1698E-09 1.2101E-09 1.2497E-09 1.2893E-09 1.3296E-09 1.3714E-09 1.4154E-09 1.6408E-09 1.8391E-09 2.0364E-09 2.1193E-09 2.2056E-09 2.2962E-09 2.4299E-09 2.5660E-09 2.6686E-09 2.7717E-09 2.8802E-09 3.0109E-09 3.1878E-09 3.3123E-09 3.4329E-09 3.5554E-09 3.6821E-09 3.8081E-09 3.9356E-09 4.1550E-09 4.2912E-09 4.4505E-09 4.6374E-09 4.8454E-09 5.0725E-09 5.3058E-09 5.6734E-09 5.3974E-09 5.5815E-09 5.7902E-09 5.1483E-09 4.9929E-09 5.0345E-09 4.8056E-09 4.7894E-09 4.8739E-09 4.9788E-09 4.7658E-09 4.7902E-09 4.8484E-09 4.7092E-09
