Assets/Resources/2015_m01_d21_1200(utc+0800)_l00_csi_1hr_conc.grd
DSAA
         159         159
     -79.000      79.000
     -79.000      79.000
  0.1412E-09  0.2212E-05
[rows 125 to 149 of 159, columns 0 to 56 of 159]
4.2683E-10 4.3931E-10 4.5209E-10 4.6530E-10 4.7871E-10 4.9256E-10 5.0674E-10 5.2100E-10 5.3582E-10 5.5085E-10 5.6620E-10 5.8195E-10 5.9816E-10 6.1469E-10 6.3124E-10 6.4831E-10 6.6591E-10 6.8382E-10 7.0188E-10 7.2027E-10 7.3900E-10 7.5826E-10 7.7784E-10 7.9734E-10 8.1754E-10 8.3785E-10 8.5845E-10 8.7934E-10 9.0071E-10 9.2233E-10 9.4382E-10 9.6590E-10 9.8834E-10 1.0110E-09 1.0336E-09 1.0569E-09 1.0803E-09 1.1038E-09 1.1273E-09 1.1513E-09 1.1753E-09 1.1993E-09 1.2234E-09 1.2473E-09 1.2717E-09 1.2962E-09 1.3204E-09 1.3448E-09 1.3693E-09 1.3936E-09 1.4182E-09 1.4430E-09 1.4679E-09 1.4926E-09 1.5171E-09 1.5418E-09 1.5664E-09
4.1614E-10 4.2838E-10 4.4079E-10 4.5363E-10 4.6678E-10 4.8012E-10 4.9364E-10 5.0773E-10 5.2213E-10 5.3684E-10 5.5164E-10 5.6687E-10 5.8260E-10 5.9847E-10 6.1473E-10 6.3142E-10 6.4831E-10 6.6532E-10 6.8303E-10 7.0107E-10 7.1942E-10 7.3773E-10 7.5654E-10 7.7584E-10 7.9506E-10 8.1497E-10 8.3515E-10 8.5543E-10 8.7578E-10 8.9658E-10 9.1783E-10 9.3913E-10 9.6085E-10 9.8239E-10 1.0045E-09 1.0269E-09 1.0495E-09 1.0719E-09 1.0951E-09 1.1183E-09 1.1415E-09 1.1648E-09 1.1883E-09 1.2121E-09 1.2355E-09 1.2593E-09 1.2828E-09 1.3067E-09 1.3305E-09 1.3544E-09 1.3783E-09 1.4021E-09 1.4261E-09 1.4501E-09 1.4741E-09 1.4981E-09 1.5223E-09
4.0575E-10 4.1752E-10 4.2969E-10 4.4217E-10 4.5482E-10 4.6777E-10 4.8115E-10 4.9470E-10 5.0856E-10 5.2286E-10 5.3734E-10 5.5224E-10 5.6721E-10 5.8261E-10 5.9851E-10 6.1453E-10 6.3092E-10 6.4774E-10 6.6474E-10 6.8186E-10 6.9967E-10 7.1780E-10 7.3603E-10 7.5458E-10 7.7341E-10 7.9253E-10 8.1194E-10 8.3181E-10 8.5173E-10 8.7193E-10 8.9237E-10 9.1303E-10 9.3372E-10 9.5502E-10 9.7652E-10 9.9801E-10 1.0195E-09 1.0415E-09 1.0636E-09 1.0857E-09 1.1083E-09 1.1313E-09 1.1538E-09 1.1766E-09 1.1996E-09 1.2227E-09 1.2458E-09 1.2692E-09 1.2922E-09 1.3155E-09 1.3387E-09 1.3620E-09 1.3853E-09 1.4087E-09 1.4322E-09 1.4553E-09 1.4786E-09
3.9554E-10 4.0697E-10 4.1880E-10 4.3091E-10 4.4307E-10 4.5577E-10 4.6876E-10 4.8204E-10 4.9549E-10 5.0913E-10 5.2330E-10 5.3765E-10 5.5242E-10 5.6737E-10 5.8261E-10 5.9803E-10 6.1406E-10 6.3019E-10 6.4680E-10 6.6359E-10 6.8068E-10 6.9788E-10 7.1577E-10 7.3374E-10 7.5220E-10 7.7075E-10 7.8957E-10 8.0846E-10 8.2780E-10 8.4758E-10 8.6760E-10 8.8766E-10 9.0774E-10 9.2822E-10 9.4889E-10 9.6955E-10 9.9078E-10 1.0120E-09 1.0333E-09 1.0548E-09 1.0764E-09 1.0981E-09 1.1200E-09 1.1422E-09 1.1643E-09 1.1867E-09 1.2091E-09 1.2315E-09 1.2541E-09 1.2768E-09 1.2997E-09 1.3223E-09 1.3451E-09 1.3679E-09 1.3906E-09 1.4130E-09 1.4360E-09
3.8540E-10 3.9661E-10 4.0810E-10 4.1974E-10 4.3178E-10 4.4399E-10 4.5660E-10 4.6937E-10 4.8243E-10 4.9590E-10 5.0953E-10 5.2345E-10 5.3767E-10 5.5217E-10 5.6708E-10 5.8216E-10 5.9753E-10 6.1305E-10 6.2917E-10 6.4538E-10 6.6207E-10 6.7894E-10 6.9590E-10 7.1334E-10 7.3104E-10 7.4922E-10 7.6747E-10 7.8598E-10 8.0474E-10 8.2374E-10 8.4297E-10 8.6223E-10 8.8209E-10 9.0215E-10 9.2222E-10 9.4227E-10 9.6268E-10 9.8325E-10 1.0038E-09 1.0246E-09 1.0458E-09 1.0667E-09 1.0878E-09 1.1091E-09 1.1304E-09 1.1516E-09 1.1732E-09 1.1949E-09 1.2165E-09 1.2388E-09 1.2604E-09 1.2826E-09 1.3048E-09 1.3269E-09 1.3490E-09 1.3715E-09 1.3937E-09
3.7545E-10 3.8633E-10 3.9748E-10 4.0890E-10 4.2047E-10 4.3243E-10 4.4455E-10 4.5694E-10 4.6973E-10 4.8280E-10 4.9602E-10 5.0954E-10 5.2332E-10 5.3739E-10 5.5174E-10 5.6648E-10 5.8138E-10 5.9656E-10 6.1201E-10 6.2761E-10 6.4360E-10 6.6007E-10 6.7682E-10 6.9373E-10 7.1071E-10 7.2814E-10 7.4583E-10 7.6378E-10 7.8196E-10 8.0058E-10 8.1924E-10 8.3791E-10 8.5699E-10 8.7626E-10 8.9571E-10 9.1536E-10 9.3536E-10 9.5512E-10 9.7522E-10 9.9545E-10 1.0156E-09 1.0361E-09 1.0566E-09 1.0772E-09 1.0978E-09 1.1185E-09 1.1391E-09 1.1600E-09 1.1810E-09 1.2020E-09 1.2228E-09 1.2439E-09 1.2651E-09 1.2863E-09 1.3078E-09 1.3294E-09 1.3507E-09
3.6580E-10 3.7637E-10 3.8719E-10 3.9814E-10 4.0949E-10 4.2098E-10 4.3285E-10 4.4499E-10 4.5728E-10 4.6984E-10 4.8267E-10 4.9589E-10 5.0938E-10 5.2290E-10 5.3681E-10 5.5099E-10 5.6556E-10 5.8015E-10 5.9526E-10 6.1050E-10 6.2601E-10 6.4166E-10 6.5770E-10 6.7421E-10 6.9079E-10 7.0769E-10 7.2484E-10 7.4224E-10 7.5968E-10 7.7753E-10 7.9581E-10 8.1410E-10 8.3260E-10 8.5130E-10 8.6998E-10 8.8903E-10 9.0824E-10 9.2759E-10 9.4689E-10 9.6671E-10 9.8646E-10 1.0061E-09 1.0261E-09 1.0461E-09 1.0660E-09 1.0861E-09 1.1063E-09 1.1266E-09 1.1467E-09 1.1669E-09 1.1871E-09 1.2074E-09 1.2279E-09 1.2485E-09 1.2690E-09 1.2896E-09 1.3103E-09
3.5622E-10 3.6659E-10 3.7709E-10 3.8772E-10 3.9861E-10 4.0986E-10 4.2138E-10 4.3305E-10 4.4496E-10 4.5725E-10 4.6969E-10 4.8239E-10 4.9548E-10 5.0870E-10 5.2231E-10 5.3594E-10 5.4995E-10 5.6421E-10 5.7885E-10 5.9350E-10 6.0866E-10 6.2394E-10 6.3949E-10 6.5518E-10 6.7124E-10 6.8754E-10 7.0417E-10 7.2115E-10 7.3824E-10 7.5537E-10 7.7290E-10 7.9063E-10 8.0837E-10 8.2648E-10 8.4497E-10 8.6345E-10 8.8208E-10 9.0067E-10 9.1958E-10 9.3861E-10 9.5757E-10 9.7682E-10 9.9616E-10 1.0154E-09 1.0349E-09 1.0545E-09 1.0741E-09 1.0935E-09 1.1132E-09 1.1330E-09 1.1526E-09 1.1724E-09 1.1923E-09 1.2121E-09 1.2319E-09 1.2518E-09 1.2716E-09
3.4694E-10 3.5689E-10 3.6706E-10 3.7738E-10 3.8806E-10 3.9898E-10 4.1003E-10 4.2133E-10 4.3300E-10 4.4493E-10 4.5699E-10 4.6930E-10 4.8186E-10 4.9468E-10 5.0787E-10 5.2120E-10 5.3489E-10 5.4860E-10 5.6267E-10 5.7699E-10 5.9154E-10 6.0635E-10 6.2154E-10 6.3685E-10 6.5229E-10 6.6810E-10 6.8413E-10 7.0039E-10 7.1676E-10 7.3367E-10 7.5066E-10 7.6785E-10 7.8504E-10 8.0261E-10 8.2035E-10 8.3824E-10 8.5611E-10 8.7451E-10 8.9266E-10 9.1112E-10 9.2970E-10 9.4818E-10 9.6695E-10 9.8579E-10 1.0047E-09 1.0235E-09 1.0425E-09 1.0613E-09 1.0802E-09 1.0992E-09 1.1184E-09 1.1376E-09 1.1570E-09 1.1761E-09 1.1955E-09 1.2150E-09 1.2342E-09
3.3784E-10 3.4749E-10 3.5737E-10 3.6736E-10 3.7772E-10 3.8819E-10 3.9902E-10 4.0998E-10 4.2129E-10 4.3274E-10 4.4442E-10 4.5647E-10 4.6876E-10 4.8118E-10 4.9373E-10 5.0664E-10 5.1991E-10 5.3343E-10 5.4706E-10 5.6082E-10 5.7493E-10 5.8927E-10 6.0384E-10 6.1868E-10 6.3387E-10 6.4906E-10 6.6460E-10 6.8035E-10 6.9621E-10 7.1240E-10 7.2879E-10 7.4537E-10 7.6222E-10 7.7925E-10 7.9645E-10 8.1361E-10 8.3112E-10 8.4876E-10 8.6635E-10 8.8424E-10 9.0224E-10 9.2015E-10 9.3836E-10 9.5663E-10 9.7498E-10 9.9318E-10 1.0116E-09 1.0301E-09 1.0484E-09 1.0670E-09 1.0856E-09 1.1040E-09 1.1226E-09 1.1411E-09 1.1597E-09 1.1784E-09 1.1970E-09
3.2882E-10 3.3828E-10 3.4775E-10 3.5745E-10 3.6748E-10 3.7774E-10 3.8813E-10 3.9886E-10 4.0971E-10 4.2091E-10 4.3223E-10 4.4391E-10 4.5559E-10 4.6774E-10 4.8013E-10 4.9264E-10 5.0526E-10 5.1823E-10 5.3156E-10 5.4511E-10 5.5878E-10 5.7256E-10 5.8667E-10 6.0103E-10 6.1549E-10 6.3031E-10 6.4548E-10 6.6074E-10 6.7622E-10 6.9178E-10 7.0766E-10 7.2373E-10 7.3986E-10 7.5629E-10 7.7288E-10 7.8970E-10 8.0667E-10 8.2358E-10 8.4082E-10 8.5816E-10 8.7543E-10 8.9298E-10 9.1061E-10 9.2832E-10 9.4592E-10 9.6356E-10 9.8125E-10 9.9917E-10 1.0171E-09 1.0349E-09 1.0530E-09 1.0710E-09 1.0889E-09 1.1071E-09 1.1253E-09 1.1434E-09 1.1617E-09
3.2009E-10 3.2905E-10 3.3833E-10 3.4784E-10 3.5757E-10 3.6740E-10 3.7757E-10 3.8786E-10 3.9849E-10 4.0923E-10 4.2031E-10 4.3151E-10 4.4293E-10 4.5471E-10 4.6659E-10 4.7870E-10 4.9116E-10 5.0372E-10 5.1640E-10 5.2940E-10 5.4276E-10 5.5633E-10 5.6988E-10 5.8377E-10 5.9789E-10 6.1212E-10 6.2668E-10 6.4145E-10 6.5642E-10 6.7161E-10 6.8700E-10 7.0257E-10 7.1819E-10 7.3410E-10 7.5018E-10 7.6640E-10 7.8265E-10 7.9915E-10 8.1566E-10 8.3248E-10 8.4940E-10 8.6622E-10 8.8332E-10 9.0049E-10 9.1754E-10 9.3483E-10 9.5217E-10 9.6953E-10 9.8673E-10 1.0040E-09 1.0213E-09 1.0386E-09 1.0559E-09 1.0733E-09 1.0908E-09 1.1085E-09 1.1260E-09
3.1144E-10 3.2012E-10 3.2911E-10 3.3832E-10 3.4774E-10 3.5739E-10 3.6714E-10 3.7721E-10 3.8739E-10 3.9779E-10 4.0853E-10 4.1949E-10 4.3056E-10 4.4184E-10 4.5335E-10 4.6519E-10 4.7713E-10 4.8930E-10 5.0180E-10 5.1440E-10 5.2709E-10 5.4011E-10 5.5346E-10 5.6690E-10 5.8056E-10 5.9445E-10 6.0843E-10 6.2273E-10 6.3722E-10 6.5192E-10 6.6668E-10 6.8175E-10 6.9700E-10 7.1241E-10 7.2799E-10 7.4358E-10 7.5944E-10 7.7543E-10 7.9142E-10 8.0765E-10 8.2397E-10 8.4027E-10 8.5664E-10 8.7310E-10 8.8981E-10 9.0657E-10 9.2338E-10 9.4002E-10 9.5688E-10 9.7377E-10 9.9050E-10 1.0075E-09 1.0244E-09 1.0413E-09 1.0582E-09 1.0751E-09 1.0921E-09
3.0285E-10 3.1126E-10 3.2009E-10 3.2912E-10 3.3814E-10 3.4737E-10 3.5703E-10 3.6668E-10 3.7665E-10 3.8673E-10 3.9712E-10 4.0750E-10 4.1834E-10 4.2938E-10 4.4063E-10 4.5186E-10 4.6343E-10 4.7520E-10 4.8730E-10 4.9950E-10 5.1201E-10 5.2450E-10 5.3730E-10 5.5031E-10 5.6352E-10 5.7695E-10 5.9058E-10 6.0442E-10 6.1846E-10 6.3268E-10 6.4697E-10 6.6155E-10 6.7630E-10 6.9122E-10 7.0617E-10 7.2140E-10 7.3663E-10 7.5213E-10 7.6774E-10 7.8345E-10 7.9915E-10 8.1506E-10 8.3104E-10 8.4698E-10 8.6310E-10 8.7916E-10 8.9525E-10 9.1138E-10 9.2753E-10 9.4369E-10 9.6009E-10 9.7651E-10 9.9297E-10 1.0093E-09 1.0258E-09 1.0424E-09 1.0588E-09
2.9446E-10 3.0271E-10 3.1126E-10 3.2002E-10 3.2874E-10 3.3779E-10 3.4704E-10 3.5649E-10 3.6604E-10 3.7579E-10 3.8586E-10 3.9613E-10 4.0650E-10 4.1696E-10 4.2786E-10 4.3896E-10 4.5026E-10 4.6154E-10 4.7314E-10 4.8493E-10 4.9705E-10 5.0925E-10 5.2163E-10 5.3422E-10 5.4700E-10 5.5998E-10 5.7305E-10 5.8643E-10 6.0012E-10 6.1388E-10 6.2770E-10 6.4182E-10 6.5610E-10 6.7042E-10 6.8501E-10 6.9974E-10 7.1461E-10 7.2948E-10 7.4447E-10 7.5970E-10 7.7489E-10 7.9031E-10 8.0580E-10 8.2136E-10 8.3685E-10 8.5252E-10 8.6824E-10 8.8386E-10 8.9963E-10 9.1529E-10 9.3098E-10 9.4669E-10 9.6243E-10 9.7821E-10 9.9402E-10 1.0099E-09 1.0258E-09
2.8636E-10 2.9435E-10 3.0263E-10 3.1100E-10 3.1945E-10 3.2832E-10 3.3738E-10 3.4631E-10 3.5566E-10 3.6521E-10 3.7496E-10 3.8480E-10 3.9483E-10 4.0517E-10 4.1560E-10 4.2623E-10 4.3706E-10 4.4820E-10 4.5953E-10 4.7083E-10 4.8244E-10 4.9423E-10 5.0622E-10 5.1839E-10 5.3086E-10 5.4341E-10 5.5616E-10 5.6899E-10 5.8211E-10 5.9541E-10 6.0877E-10 6.2255E-10 6.3637E-10 6.5022E-10 6.6434E-10 6.7860E-10 6.9287E-10 7.0739E-10 7.2202E-10 7.3675E-10 7.5146E-10 7.6626E-10 7.8114E-10 7.9608E-10 8.1121E-10 8.2640E-10 8.4150E-10 8.5675E-10 8.7203E-10 8.8720E-10 9.0251E-10 9.1784E-10 9.3320E-10 9.4846E-10 9.6375E-10 9.7909E-10 9.9447E-10
2.7833E-10 2.8606E-10 2.9408E-10 3.0218E-10 3.1047E-10 3.1906E-10 3.2761E-10 3.3658E-10 3.4563E-10 3.5488E-10 3.6409E-10 3.7371E-10 3.8353E-10 3.9354E-10 4.0352E-10 4.1392E-10 4.2439E-10 4.3494E-10 4.4590E-10 4.5706E-10 4.6828E-10 4.7969E-10 4.9128E-10 5.0305E-10 5.1488E-10 5.2713E-10 5.3956E-10 5.5196E-10 5.6465E-10 5.7752E-10 5.9043E-10 6.0363E-10 6.1699E-10 6.3050E-10 6.4404E-10 6.5784E-10 6.7177E-10 6.8582E-10 6.9986E-10 7.1413E-10 7.2848E-10 7.4281E-10 7.5733E-10 7.7192E-10 7.8644E-10 8.0102E-10 8.1564E-10 8.3029E-10 8.4497E-10 8.5965E-10 8.7448E-10 8.8919E-10 9.0406E-10 9.1894E-10 9.3387E-10 9.4869E-10 9.6368E-10
2.7058E-10 2.7807E-10 2.8584E-10 2.9367E-10 3.0170E-10 3.0990E-10 3.1840E-10 3.2686E-10 3.3561E-10 3.4456E-10 3.5369E-10 3.6300E-10 3.7239E-10 3.8196E-10 3.9184E-10 4.0178E-10 4.1191E-10 4.2233E-10 4.3283E-10 4.4339E-10 4.5436E-10 4.6538E-10 4.7671E-10 4.8809E-10 4.9952E-10 5.1124E-10 5.2315E-10 5.3523E-10 5.4750E-10 5.6005E-10 5.7254E-10 5.8530E-10 5.9822E-10 6.1128E-10 6.2437E-10 6.3772E-10 6.5118E-10 6.6465E-10 6.7823E-10 6.9204E-10 7.0594E-10 7.1992E-10 7.3386E-10 7.4798E-10 7.6216E-10 7.7627E-10 7.9054E-10 8.0485E-10 8.1906E-10 8.3328E-10 8.4751E-10 8.6175E-10 8.7601E-10 8.9029E-10 9.0459E-10 9.1892E-10 9.3330E-10
2.6291E-10 2.7026E-10 2.7767E-10 2.8526E-10 2.9313E-10 3.0107E-10 3.0918E-10 3.1748E-10 3.2594E-10 3.3459E-10 3.4331E-10 3.5243E-10 3.6151E-10 3.7088E-10 3.8031E-10 3.8993E-10 3.9984E-10 4.0980E-10 4.1995E-10 4.3039E-10 4.4088E-10 4.5143E-10 4.6226E-10 4.7337E-10 4.8454E-10 4.9586E-10 5.0737E-10 5.1904E-10 5.3089E-10 5.4279E-10 5.5496E-10 5.6741E-10 5.7990E-10 5.9242E-10 6.0519E-10 6.1809E-10 6.3100E-10 6.4414E-10 6.5739E-10 6.7074E-10 6.8407E-10 6.9748E-10 7.1096E-10 7.2463E-10 7.3823E-10 7.5201E-10 7.6583E-10 7.7968E-10 7.9343E-10 8.0732E-10 8.2121E-10 8.3499E-10 8.4890E-10 8.6271E-10 8.7654E-10 8.9040E-10 9.0429E-10
2.5552E-10 2.6253E-10 2.6970E-10 2.7714E-10 2.8466E-10 2.9233E-10 3.0029E-10 3.0820E-10 3.1650E-10 3.2487E-10 3.3329E-10 3.4201E-10 3.5089E-10 3.5995E-10 3.6908E-10 3.7848E-10 3.8795E-10 3.9758E-10 4.0739E-10 4.1747E-10 4.2762E-10 4.3804E-10 4.4840E-10 4.5903E-10 4.6981E-10 4.8064E-10 4.9186E-10 5.0325E-10 5.1470E-10 5.2620E-10 5.3796E-10 5.4987E-10 5.6182E-10 5.7402E-10 5.8636E-10 5.9884E-10 6.1143E-10 6.2414E-10 6.3684E-10 6.4975E-10 6.6276E-10 6.7572E-10 6.8888E-10 7.0210E-10 7.1526E-10 7.2847E-10 7.4172E-10 7.5500E-10 7.6831E-10 7.8163E-10 7.9508E-10 8.0854E-10 8.2200E-10 8.3535E-10 8.4884E-10 8.6236E-10 8.7577E-10
2.4830E-10 2.5508E-10 2.6202E-10 2.6912E-10 2.7649E-10 2.8391E-10 2.9150E-10 2.9925E-10 3.0718E-10 3.1526E-10 3.2352E-10 3.3195E-10 3.4042E-10 3.4918E-10 3.5810E-10 3.6720E-10 3.7635E-10 3.8566E-10 3.9525E-10 4.0489E-10 4.1469E-10 4.2465E-10 4.3476E-10 4.4515E-10 4.5557E-10 4.6615E-10 4.7676E-10 4.8764E-10 4.9869E-10 5.1001E-10 5.2138E-10 5.3289E-10 5.4443E-10 5.5622E-10 5.6814E-10 5.8008E-10 5.9225E-10 6.0453E-10 6.1680E-10 6.2928E-10 6.4186E-10 6.5440E-10 6.6713E-10 6.7992E-10 6.9277E-10 7.0554E-10 7.1848E-10 7.3144E-10 7.4432E-10 7.5721E-10 7.7011E-10 7.8301E-10 7.9591E-10 8.0881E-10 8.2174E-10 8.3467E-10 8.4763E-10
2.4125E-10 2.4781E-10 2.5451E-10 2.6138E-10 2.6840E-10 2.7559E-10 2.8303E-10 2.9042E-10 2.9819E-10 3.0601E-10 3.1388E-10 3.2202E-10 3.3043E-10 3.3890E-10 3.4731E-10 3.5609E-10 3.6504E-10 3.7415E-10 3.8331E-10 3.9262E-10 4.0219E-10 4.1182E-10 4.2147E-10 4.3139E-10 4.4158E-10 4.5191E-10 4.6215E-10 4.7266E-10 4.8333E-10 4.9415E-10 5.0500E-10 5.1611E-10 5.2748E-10 5.3887E-10 5.5027E-10 5.6192E-10 5.7368E-10 5.8543E-10 5.9740E-10 6.0947E-10 6.2162E-10 6.3374E-10 6.4593E-10 6.5818E-10 6.7061E-10 6.8308E-10 6.9559E-10 7.0802E-10 7.2059E-10 7.3318E-10 7.4565E-10 7.5825E-10 7.7084E-10 7.8332E-10 7.9581E-10 8.0831E-10 8.2084E-10
2.3378E-10 2.4071E-10 2.4709E-10 2.5384E-10 2.6063E-10 2.6757E-10 2.7467E-10 2.8191E-10 2.8931E-10 2.9687E-10 3.0459E-10 3.1245E-10 3.2037E-10 3.2854E-10 3.3699E-10 3.4549E-10 3.5391E-10 3.6271E-10 3.7166E-10 3.8077E-10 3.8980E-10 3.9920E-10 4.0875E-10 4.1822E-10 4.2795E-10 4.3781E-10 4.4781E-10 4.5795E-10 4.6836E-10 4.7880E-10 4.8928E-10 5.0001E-10 5.1087E-10 5.2175E-10 5.3287E-10 5.4411E-10 5.5547E-10 5.6694E-10 5.7839E-10 5.9006E-10 6.0180E-10 6.1363E-10 6.2541E-10 6.3737E-10 6.4938E-10 6.6132E-10 6.7330E-10 6.8532E-10 6.9735E-10 7.0941E-10 7.2160E-10 7.3366E-10 7.4585E-10 7.5803E-10 7.7021E-10 7.8230E-10 7.9451E-10
2.2610E-10 2.3336E-10 2.4005E-10 2.4637E-10 2.5304E-10 2.5975E-10 2.6661E-10 2.7361E-10 2.8077E-10 2.8807E-10 2.9541E-10 3.0301E-10 3.1088E-10 3.1878E-10 3.2661E-10 3.3482E-10 3.4328E-10 3.5167E-10 3.6021E-10 3.6900E-10 3.7794E-10 3.8680E-10 3.9602E-10 4.0539E-10 4.1478E-10 4.2430E-10 4.3396E-10 4.4364E-10 4.5356E-10 4.6363E-10 4.7397E-10 4.8433E-10 4.9469E-10 5.0531E-10 5.1605E-10 5.2690E-10 5.3775E-10 5.4882E-10 5.5999E-10 5.7114E-10 5.8250E-10 5.9393E-10 6.0531E-10 6.1687E-10 6.2848E-10 6.4002E-10 6.5172E-10 6.6345E-10 6.7509E-10 6.8686E-10 6.9853E-10 7.1020E-10 7.2187E-10 7.3352E-10 7.4518E-10 7.5685E-10 7.6852E-10
2.1816E-10 2.2575E-10 2.3266E-10 2.3929E-10 2.4564E-10 2.5202E-10 2.5875E-10 2.6541E-10 2.7233E-10 2.7938E-10 2.8669E-10 2.9393E-10 3.0131E-10 3.0894E-10 3.1683E-10 3.2475E-10 3.3260E-10 3.4081E-10 3.4915E-10 3.5765E-10 3.6617E-10 3.7494E-10 3.8374E-10 3.9267E-10 4.0173E-10 4.1104E-10 4.2036E-10 4.2981E-10 4.3939E-10 4.4910E-10 4.5896E-10 4.6883E-10 4.7895E-10 4.8930E-10 4.9955E-10 5.1003E-10 5.2062E-10 5.3120E-10 5.4199E-10 5.5287E-10 5.6383E-10 5.7475E-10 5.8586E-10 5.9691E-10 6.0802E-10 6.1929E-10 6.3048E-10 6.4182E-10 6.5319E-10 6.6446E-10 6.7585E-10 6.8725E-10 6.9853E-10 7.0991E-10 7.2129E-10 7.3256E-10 7.4384E-10
