Assets/Resources/2015_m01_d26_1600(utc+0800)_l00_csi_1hr_conc.grd
DSAA
         159         159
     -79.000      79.000
     -79.000      79.000
  0.0000E+00  0.7484E-05
[rows 0 to 24 of 159, columns 0 to 56 of 159]
6.4809E-09 6.7150E-09 6.9473E-09 7.1769E-09 7.4040E-09 7.6278E-09 7.8478E-09 8.0628E-09 8.2657E-09 8.4546E-09 8.6316E-09 8.7941E-09 8.9414E-09 9.0709E-09 9.1801E-09 9.2686E-09 9.3345E-09 9.3770E-09 9.3956E-09 9.3888E-09 9.3561E-09 9.2971E-09 9.2116E-09 9.1002E-09 8.9632E-09 8.8017E-09 8.6162E-09 8.4082E-09 8.1786E-09 7.9295E-09 7.6627E-09 7.3809E-09 7.0864E-09 6.7813E-09 6.4685E-09 6.1501E-09 5.8273E-09 5.5033E-09 5.1814E-09 4.8635E-09 4.5504E-09 4.2455E-09 3.9485E-09 3.6640E-09 3.3983E-09 3.1449E-09 2.9075E-09 2.6881E-09 2.4841E-09 2.2844E-09 2.1181E-09 1.9663E-09 1.8274E-09 1.7022E-09 1.5898E-09 1.4953E-09 1.4047E-09
6.7040E-09 6.9519E-09 7.1986E-09 7.4453E-09 7.6900E-09 7.9297E-09 8.1635E-09 8.3908E-09 8.6121E-09 8.8201E-09 9.0114E-09 9.1884E-09 9.3481E-09 9.4884E-09 9.6088E-09 9.7070E-09 9.7813E-09 9.8309E-09 9.8539E-09 9.8493E-09 9.8166E-09 9.7554E-09 9.6660E-09 9.5487E-09 9.4041E-09 9.2330E-09 9.0363E-09 8.8149E-09 8.5709E-09 8.3060E-09 8.0226E-09 7.7229E-09 7.4094E-09 7.0841E-09 6.7504E-09 6.4101E-09 6.0672E-09 5.7245E-09 5.3834E-09 5.0456E-09 4.7149E-09 4.3941E-09 4.0812E-09 3.7828E-09 3.4991E-09 3.2355E-09 2.9853E-09 2.7546E-09 2.5418E-09 2.3346E-09 2.1624E-09 2.0048E-09 1.8609E-09 1.7310E-09 1.6137E-09 1.5143E-09 1.4265E-09
6.9272E-09 7.1907E-09 7.4560E-09 7.7200E-09 7.9810E-09 8.2371E-09 8.4875E-09 8.7325E-09 8.9706E-09 9.1956E-09 9.4039E-09 9.5962E-09 9.7705E-09 9.9254E-09 1.0058E-08 1.0166E-08 1.0250E-08 1.0305E-08 1.0332E-08 1.0330E-08 1.0297E-08 1.0235E-08 1.0142E-08 1.0019E-08 9.8674E-09 9.6863E-09 9.4775E-09 9.2423E-09 8.9825E-09 8.7005E-09 8.3986E-09 8.0794E-09 7.7456E-09 7.4002E-09 7.0460E-09 6.6853E-09 6.3210E-09 5.9551E-09 5.5919E-09 5.2346E-09 4.8862E-09 4.5464E-09 4.2177E-09 3.9014E-09 3.6025E-09 3.3248E-09 3.0654E-09 2.8239E-09 2.5992E-09 2.3840E-09 2.2063E-09 2.0429E-09 1.8944E-09 1.7595E-09 1.6373E-09 1.5323E-09 1.4420E-09
7.1521E-09 7.4340E-09 7.7161E-09 7.9969E-09 8.2755E-09 8.5511E-09 8.8219E-09 9.0851E-09 9.3359E-09 9.5782E-09 9.8061E-09 1.0015E-08 1.0205E-08 1.0373E-08 1.0517E-08 1.0636E-08 1.0728E-08 1.0791E-08 1.0823E-08 1.0824E-08 1.0793E-08 1.0729E-08 1.0633E-08 1.0505E-08 1.0344E-08 1.0153E-08 9.9310E-09 9.6812E-09 9.4053E-09 9.1057E-09 8.7851E-09 8.4457E-09 8.0908E-09 7.7229E-09 7.3448E-09 6.9609E-09 6.5738E-09 6.1875E-09 5.8045E-09 5.4259E-09 5.0555E-09 4.6975E-09 4.3550E-09 4.0235E-09 3.7103E-09 3.4161E-09 3.1446E-09 2.8889E-09 2.6598E-09 2.4335E-09 2.2486E-09 2.0810E-09 1.9276E-09 1.7870E-09 1.6615E-09 1.5489E-09 1.4569E-09
7.3791E-09 7.6776E-09 7.9767E-09 8.2767E-09 8.5755E-09 8.8711E-09 9.1615E-09 9.4425E-09 9.7138E-09 9.9734E-09 1.0220E-08 1.0446E-08 1.0652E-08 1.0834E-08 1.0993E-08 1.1124E-08 1.1226E-08 1.1297E-08 1.1335E-08 1.1339E-08 1.1309E-08 1.1244E-08 1.1144E-08 1.1009E-08 1.0841E-08 1.0638E-08 1.0403E-08 1.0138E-08 9.8452E-09 9.5273E-09 9.1863E-09 8.8257E-09 8.4488E-09 8.0584E-09 7.6584E-09 7.2517E-09 6.8411E-09 6.4302E-09 6.0219E-09 5.6222E-09 5.2337E-09 4.8565E-09 4.4932E-09 4.1464E-09 3.8175E-09 3.5083E-09 3.2238E-09 2.9592E-09 2.7155E-09 2.4836E-09 2.2896E-09 2.1172E-09 1.9594E-09 1.8134E-09 1.6831E-09 1.5669E-09 1.4706E-09
7.6046E-09 7.9201E-09 8.2395E-09 8.5594E-09 8.8781E-09 9.1938E-09 9.5041E-09 9.8090E-09 1.0103E-08 1.0379E-08 1.0640E-08 1.0884E-08 1.1106E-08 1.1306E-08 1.1479E-08 1.1622E-08 1.1734E-08 1.1813E-08 1.1856E-08 1.1864E-08 1.1835E-08 1.1770E-08 1.1667E-08 1.1526E-08 1.1348E-08 1.1134E-08 1.0886E-08 1.0606E-08 1.0295E-08 9.9581E-09 9.5964E-09 9.2140E-09 8.8132E-09 8.3983E-09 7.9728E-09 7.5402E-09 7.1055E-09 6.6717E-09 6.2430E-09 5.8214E-09 5.4089E-09 5.0111E-09 4.6324E-09 4.2707E-09 3.9251E-09 3.6024E-09 3.3037E-09 3.0301E-09 2.7766E-09 2.5320E-09 2.3301E-09 2.1513E-09 1.9906E-09 1.8397E-09 1.7053E-09 1.5843E-09 1.4835E-09
7.8275E-09 8.1637E-09 8.5023E-09 8.8418E-09 9.1816E-09 9.5191E-09 9.8536E-09 1.0181E-08 1.0495E-08 1.0793E-08 1.1069E-08 1.1331E-08 1.1573E-08 1.1789E-08 1.1976E-08 1.2133E-08 1.2256E-08 1.2344E-08 1.2395E-08 1.2408E-08 1.2382E-08 1.2316E-08 1.2209E-08 1.2062E-08 1.1875E-08 1.1649E-08 1.1387E-08 1.1090E-08 1.0762E-08 1.0404E-08 1.0021E-08 9.6156E-09 9.1910E-09 8.7521E-09 8.3015E-09 7.8446E-09 7.3839E-09 6.9243E-09 6.4690E-09 6.0229E-09 5.5916E-09 5.1756E-09 4.7748E-09 4.3938E-09 4.0356E-09 3.6963E-09 3.3833E-09 3.0995E-09 2.8380E-09 2.6009E-09 2.3733E-09 2.1832E-09 2.0178E-09 1.8641E-09 1.7255E-09 1.6026E-09 1.4962E-09
8.0497E-09 8.4045E-09 8.7622E-09 9.1238E-09 9.4862E-09 9.8478E-09 1.0205E-08 1.0552E-08 1.0890E-08 1.1213E-08 1.1511E-08 1.1787E-08 1.2044E-08 1.2277E-08 1.2480E-08 1.2650E-08 1.2786E-08 1.2884E-08 1.2942E-08 1.2960E-08 1.2936E-08 1.2868E-08 1.2758E-08 1.2604E-08 1.2408E-08 1.2171E-08 1.1895E-08 1.1582E-08 1.1234E-08 1.0857E-08 1.0451E-08 1.0021E-08 9.5715E-09 9.1057E-09 8.6287E-09 8.1446E-09 7.6578E-09 7.1740E-09 6.6959E-09 6.2281E-09 5.7723E-09 5.3320E-09 4.9144E-09 4.5193E-09 4.1425E-09 3.7917E-09 3.4635E-09 3.1684E-09 2.8995E-09 2.6508E-09 2.4160E-09 2.2143E-09 2.0440E-09 1.8884E-09 1.7467E-09 1.6186E-09 1.5093E-09
8.2670E-09 8.6401E-09 9.0206E-09 9.4047E-09 9.7907E-09 1.0175E-08 1.0553E-08 1.0925E-08 1.1287E-08 1.1635E-08 1.1957E-08 1.2250E-08 1.2520E-08 1.2770E-08 1.2991E-08 1.3176E-08 1.3324E-08 1.3433E-08 1.3499E-08 1.3522E-08 1.3501E-08 1.3434E-08 1.3321E-08 1.3161E-08 1.2956E-08 1.2707E-08 1.2417E-08 1.2087E-08 1.1720E-08 1.1321E-08 1.0892E-08 1.0438E-08 9.9624E-09 9.4706E-09 8.9666E-09 8.4552E-09 7.9420E-09 7.4302E-09 6.9256E-09 6.4321E-09 5.9545E-09 5.4964E-09 5.0586E-09 4.6407E-09 4.2524E-09 3.8876E-09 3.5461E-09 3.2361E-09 2.9555E-09 2.7024E-09 2.4530E-09 2.2442E-09 2.0671E-09 1.9107E-09 1.7651E-09 1.6347E-09 1.5219E-09
8.4771E-09 8.8729E-09 9.2753E-09 9.6823E-09 1.0090E-08 1.0497E-08 1.0901E-08 1.1298E-08 1.1683E-08 1.2053E-08 1.2403E-08 1.2719E-08 1.3004E-08 1.3267E-08 1.3504E-08 1.3704E-08 1.3865E-08 1.3985E-08 1.4061E-08 1.4091E-08 1.4074E-08 1.4006E-08 1.3890E-08 1.3723E-08 1.3509E-08 1.3249E-08 1.2943E-08 1.2596E-08 1.2211E-08 1.1790E-08 1.1337E-08 1.0858E-08 1.0356E-08 9.8364E-09 9.3041E-09 8.7653E-09 8.2238E-09 7.6856E-09 7.1563E-09 6.6390E-09 6.1376E-09 5.6552E-09 5.1959E-09 4.7645E-09 4.3593E-09 3.9805E-09 3.6301E-09 3.3034E-09 3.0124E-09 2.7497E-09 2.5085E-09 2.2754E-09 2.0909E-09 1.9299E-09 1.7845E-09 1.6499E-09 1.5334E-09
8.6826E-09 9.0996E-09 9.5239E-09 9.9527E-09 1.0384E-08 1.0816E-08 1.1244E-08 1.1664E-08 1.2073E-08 1.2468E-08 1.2845E-08 1.3190E-08 1.3493E-08 1.3766E-08 1.4016E-08 1.4233E-08 1.4410E-08 1.4542E-08 1.4628E-08 1.4664E-08 1.4650E-08 1.4583E-08 1.4464E-08 1.4292E-08 1.4070E-08 1.3798E-08 1.3478E-08 1.3114E-08 1.2709E-08 1.2266E-08 1.1788E-08 1.1283E-08 1.0754E-08 1.0206E-08 9.6466E-09 9.0793E-09 8.5100E-09 7.9449E-09 7.3879E-09 6.8441E-09 6.3187E-09 5.8156E-09 5.3372E-09 4.8853E-09 4.4638E-09 4.0745E-09 3.7117E-09 3.3733E-09 3.0649E-09 2.7935E-09 2.5493E-09 2.3106E-09 2.1136E-09 1.9488E-09 1.8013E-09 1.6625E-09 1.5436E-09
8.8801E-09 9.3178E-09 9.7632E-09 1.0215E-08 1.0671E-08 1.1127E-08 1.1578E-08 1.2023E-08 1.2458E-08 1.2878E-08 1.3278E-08 1.3652E-08 1.3982E-08 1.4268E-08 1.4528E-08 1.4761E-08 1.4953E-08 1.5098E-08 1.5194E-08 1.5238E-08 1.5228E-08 1.5162E-08 1.5041E-08 1.4865E-08 1.4635E-08 1.4351E-08 1.4018E-08 1.3637E-08 1.3211E-08 1.2747E-08 1.2245E-08 1.1711E-08 1.1155E-08 1.0579E-08 9.9901E-09 9.3933E-09 8.7960E-09 8.2025E-09 7.6189E-09 7.0512E-09 6.5021E-09 5.9757E-09 5.4754E-09 5.0064E-09 4.5708E-09 4.1645E-09 3.7906E-09 3.4423E-09 3.1160E-09 2.8357E-09 2.5868E-09 2.3449E-09 2.1375E-09 1.9673E-09 1.8160E-09 1.6754E-09 1.5535E-09
9.0671E-09 9.5247E-09 9.9918E-09 1.0467E-08 1.0947E-08 1.1425E-08 1.1902E-08 1.2373E-08 1.2833E-08 1.3277E-08 1.3701E-08 1.4100E-08 1.4463E-08 1.4772E-08 1.5040E-08 1.5283E-08 1.5491E-08 1.5651E-08 1.5758E-08 1.5809E-08 1.5805E-08 1.5741E-08 1.5619E-08 1.5439E-08 1.5201E-08 1.4908E-08 1.4561E-08 1.4164E-08 1.3720E-08 1.3233E-08 1.2708E-08 1.2149E-08 1.1562E-08 1.0956E-08 1.0339E-08 9.7140E-09 9.0880E-09 8.4662E-09 7.8554E-09 7.2593E-09 6.6836E-09 6.1335E-09 5.6154E-09 5.1297E-09 4.6750E-09 4.2531E-09 3.8652E-09 3.5086E-09 3.1761E-09 2.8776E-09 2.6204E-09 2.3740E-09 2.1569E-09 1.9827E-09 1.8273E-09 1.6862E-09 1.5605E-09
9.2410E-09 9.7189E-09 1.0209E-08 1.0706E-08 1.1207E-08 1.1710E-08 1.2213E-08 1.2709E-08 1.3193E-08 1.3662E-08 1.4111E-08 1.4535E-08 1.4928E-08 1.5268E-08 1.5550E-08 1.5800E-08 1.6021E-08 1.6195E-08 1.6314E-08 1.6376E-08 1.6377E-08 1.6318E-08 1.6196E-08 1.6013E-08 1.5770E-08 1.5469E-08 1.5110E-08 1.4697E-08 1.4234E-08 1.3726E-08 1.3179E-08 1.2595E-08 1.1981E-08 1.1346E-08 1.0698E-08 1.0042E-08 9.3867E-09 8.7378E-09 8.0999E-09 7.4788E-09 6.8795E-09 6.3089E-09 5.7668E-09 5.2562E-09 4.7822E-09 4.3458E-09 3.9408E-09 3.5705E-09 3.2312E-09 2.9151E-09 2.6536E-09 2.4105E-09 2.1826E-09 1.9983E-09 1.8390E-09 1.6953E-09 1.5673E-09
9.4006E-09 9.8992E-09 1.0410E-08 1.0928E-08 1.1452E-08 1.1980E-08 1.2507E-08 1.3027E-08 1.3536E-08 1.4030E-08 1.4505E-08 1.4954E-08 1.5371E-08 1.5747E-08 1.6056E-08 1.6312E-08 1.6539E-08 1.6728E-08 1.6861E-08 1.6932E-08 1.6941E-08 1.6886E-08 1.6767E-08 1.6583E-08 1.6335E-08 1.6024E-08 1.5653E-08 1.5226E-08 1.4747E-08 1.4219E-08 1.3648E-08 1.3040E-08 1.2400E-08 1.1736E-08 1.1059E-08 1.0373E-08 9.6891E-09 9.0111E-09 8.3450E-09 7.6967E-09 7.0740E-09 6.4786E-09 5.9169E-09 5.3899E-09 4.8957E-09 4.4357E-09 4.0139E-09 3.6324E-09 3.2858E-09 2.9579E-09 2.6827E-09 2.4326E-09 2.2138E-09 2.0129E-09 1.8497E-09 1.7050E-09 1.5711E-09
9.5445E-09 1.0063E-08 1.0592E-08 1.1131E-08 1.1679E-08 1.2230E-08 1.2780E-08 1.3324E-08 1.3859E-08 1.4378E-08 1.4878E-08 1.5351E-08 1.5793E-08 1.6198E-08 1.6544E-08 1.6817E-08 1.7047E-08 1.7246E-08 1.7392E-08 1.7475E-08 1.7494E-08 1.7445E-08 1.7329E-08 1.7146E-08 1.6895E-08 1.6580E-08 1.6201E-08 1.5761E-08 1.5265E-08 1.4718E-08 1.4127E-08 1.3495E-08 1.2831E-08 1.2141E-08 1.1434E-08 1.0720E-08 1.0006E-08 9.2998E-09 8.6067E-09 7.9364E-09 7.2888E-09 6.6721E-09 6.0876E-09 5.5338E-09 5.0174E-09 4.5433E-09 4.1083E-09 3.7040E-09 3.3354E-09 3.0091E-09 2.7084E-09 2.4620E-09 2.2318E-09 2.0304E-09 1.8594E-09 1.7127E-09 1.5754E-09
9.6705E-09 1.0205E-08 1.0753E-08 1.1315E-08 1.1884E-08 1.2457E-08 1.3029E-08 1.3598E-08 1.4157E-08 1.4702E-08 1.5226E-08 1.5724E-08 1.6191E-08 1.6621E-08 1.7004E-08 1.7308E-08 1.7544E-08 1.7744E-08 1.7904E-08 1.8001E-08 1.8030E-08 1.7989E-08 1.7879E-08 1.7699E-08 1.7446E-08 1.7124E-08 1.6735E-08 1.6284E-08 1.5773E-08 1.5210E-08 1.4599E-08 1.3946E-08 1.3259E-08 1.2544E-08 1.1808E-08 1.1066E-08 1.0322E-08 9.5865E-09 8.8682E-09 8.1695E-09 7.4982E-09 6.8566E-09 6.2460E-09 5.6735E-09 5.1408E-09 4.6460E-09 4.1892E-09 3.7773E-09 3.4041E-09 3.0575E-09 2.7329E-09 2.4838E-09 2.2471E-09 2.0446E-09 1.8685E-09 1.7179E-09 1.5777E-09
9.7745E-09 1.0326E-08 1.0893E-08 1.1474E-08 1.2063E-08 1.2657E-08 1.3252E-08 1.3844E-08 1.4427E-08 1.4996E-08 1.5545E-08 1.6068E-08 1.6560E-08 1.7015E-08 1.7426E-08 1.7769E-08 1.8026E-08 1.8228E-08 1.8394E-08 1.8504E-08 1.8546E-08 1.8518E-08 1.8415E-08 1.8235E-08 1.7983E-08 1.7659E-08 1.7268E-08 1.6811E-08 1.6290E-08 1.5713E-08 1.5085E-08 1.4414E-08 1.3705E-08 1.2966E-08 1.2207E-08 1.1436E-08 1.0665E-08 9.9033E-09 9.1593E-09 8.4368E-09 7.7400E-09 7.0736E-09 6.4393E-09 5.8446E-09 5.2847E-09 4.7680E-09 4.2982E-09 3.8691E-09 3.4736E-09 3.1124E-09 2.7810E-09 2.5009E-09 2.2631E-09 2.0591E-09 1.8790E-09 1.7237E-09 1.5814E-09
9.8561E-09 1.0424E-08 1.1008E-08 1.1607E-08 1.2214E-08 1.2829E-08 1.3446E-08 1.4060E-08 1.4666E-08 1.5258E-08 1.5832E-08 1.6380E-08 1.6897E-08 1.7376E-08 1.7809E-08 1.8189E-08 1.8484E-08 1.8693E-08 1.8858E-08 1.8985E-08 1.9043E-08 1.9023E-08 1.8927E-08 1.8755E-08 1.8509E-08 1.8187E-08 1.7791E-08 1.7324E-08 1.6794E-08 1.6204E-08 1.5562E-08 1.4874E-08 1.4144E-08 1.3384E-08 1.2602E-08 1.1804E-08 1.1006E-08 1.0218E-08 9.4474E-09 8.6978E-09 7.9752E-09 7.2808E-09 6.6227E-09 6.0031E-09 5.4246E-09 4.8903E-09 4.3977E-09 3.9473E-09 3.5445E-09 3.1817E-09 2.8341E-09 2.5325E-09 2.2788E-09 2.0750E-09 1.8884E-09 1.7273E-09 1.5843E-09
9.9139E-09 1.0496E-08 1.1096E-08 1.1710E-08 1.2335E-08 1.2969E-08 1.3606E-08 1.4241E-08 1.4869E-08 1.5485E-08 1.6082E-08 1.6656E-08 1.7197E-08 1.7700E-08 1.8159E-08 1.8566E-08 1.8899E-08 1.9136E-08 1.9307E-08 1.9438E-08 1.9508E-08 1.9502E-08 1.9419E-08 1.9259E-08 1.9017E-08 1.8695E-08 1.8298E-08 1.7831E-08 1.7298E-08 1.6703E-08 1.6052E-08 1.5349E-08 1.4604E-08 1.3826E-08 1.3023E-08 1.2205E-08 1.1383E-08 1.0572E-08 9.7746E-09 8.9988E-09 8.2510E-09 7.5323E-09 6.8506E-09 6.2047E-09 5.6021E-09 5.0403E-09 4.5251E-09 4.0584E-09 3.6367E-09 3.2484E-09 2.8993E-09 2.5667E-09 2.3001E-09 2.0896E-09 1.8958E-09 1.7314E-09 1.5868E-09
9.9464E-09 1.0541E-08 1.1153E-08 1.1782E-08 1.2424E-08 1.3075E-08 1.3730E-08 1.4386E-08 1.5035E-08 1.5673E-08 1.6294E-08 1.6891E-08 1.7456E-08 1.7985E-08 1.8468E-08 1.8897E-08 1.9266E-08 1.9547E-08 1.9731E-08 1.9856E-08 1.9941E-08 1.9955E-08 1.9887E-08 1.9734E-08 1.9497E-08 1.9184E-08 1.8795E-08 1.8329E-08 1.7793E-08 1.7192E-08 1.6531E-08 1.5819E-08 1.5062E-08 1.4267E-08 1.3447E-08 1.2610E-08 1.1769E-08 1.0932E-08 1.0109E-08 9.3074E-09 8.5300E-09 7.7855E-09 7.0766E-09 6.4061E-09 5.7776E-09 5.1945E-09 4.6581E-09 4.1676E-09 3.7218E-09 3.3266E-09 2.9702E-09 2.6147E-09 2.3289E-09 2.1035E-09 1.9079E-09 1.7334E-09 1.5863E-09
9.9516E-09 1.0556E-08 1.1180E-08 1.1822E-08 1.2478E-08 1.3145E-08 1.3818E-08 1.4491E-08 1.5161E-08 1.5821E-08 1.6465E-08 1.7083E-08 1.7673E-08 1.8225E-08 1.8730E-08 1.9183E-08 1.9582E-08 1.9903E-08 2.0116E-08 2.0249E-08 2.0341E-08 2.0370E-08 2.0314E-08 2.0177E-08 1.9958E-08 1.9657E-08 1.9273E-08 1.8810E-08 1.8278E-08 1.7680E-08 1.7022E-08 1.6307E-08 1.5542E-08 1.4739E-08 1.3908E-08 1.3058E-08 1.2199E-08 1.1339E-08 1.0493E-08 9.6665E-09 8.8644E-09 8.0965E-09 7.3594E-09 6.6627E-09 6.0072E-09 5.3966E-09 4.8310E-09 4.3129E-09 3.8483E-09 3.4299E-09 3.0431E-09 2.6891E-09 2.3597E-09 2.1250E-09 1.9220E-09 1.7436E-09 1.5857E-09
9.9289E-09 1.0541E-08 1.1175E-08 1.1828E-08 1.2497E-08 1.3178E-08 1.3866E-08 1.4556E-08 1.5245E-08 1.5925E-08 1.6587E-08 1.7229E-08 1.7841E-08 1.8414E-08 1.8942E-08 1.9422E-08 1.9843E-08 2.0193E-08 2.0455E-08 2.0612E-08 2.0700E-08 2.0741E-08 2.0709E-08 2.0592E-08 2.0390E-08 2.0100E-08 1.9729E-08 1.9282E-08 1.8760E-08 1.8167E-08 1.7510E-08 1.6796E-08 1.6030E-08 1.5222E-08 1.4383E-08 1.3522E-08 1.2649E-08 1.1774E-08 1.0906E-08 1.0052E-08 9.2243E-09 8.4261E-09 7.6615E-09 6.9355E-09 6.2497E-09 5.6098E-09 5.0169E-09 4.4755E-09 3.9828E-09 3.5366E-09 3.1427E-09 2.7786E-09 2.4110E-09 2.1556E-09 1.9393E-09 1.7604E-09 1.5939E-09
9.8769E-09 1.0495E-08 1.1137E-08 1.1799E-08 1.2478E-08 1.3171E-08 1.3872E-08 1.4578E-08 1.5283E-08 1.5979E-08 1.6661E-08 1.7322E-08 1.7954E-08 1.8547E-08 1.9101E-08 1.9604E-08 2.0045E-08 2.0426E-08 2.0730E-08 2.0925E-08 2.1022E-08 2.1074E-08 2.1065E-08 2.0970E-08 2.0785E-08 2.0519E-08 2.0172E-08 1.9740E-08 1.9231E-08 1.8651E-08 1.8006E-08 1.7302E-08 1.6543E-08 1.5740E-08 1.4900E-08 1.4036E-08 1.3153E-08 1.2264E-08 1.1377E-08 1.0503E-08 9.6529E-09 8.8251E-09 8.0342E-09 7.2773E-09 6.5617E-09 5.8888E-09 5.2644E-09 4.6863E-09 4.1590E-09 3.6877E-09 3.2652E-09 2.8668E-09 2.5026E-09 2.1935E-09 1.9652E-09 1.7721E-09 1.6036E-09
9.7951E-09 1.0418E-08 1.1065E-08 1.1734E-08 1.2421E-08 1.3122E-08 1.3834E-08 1.4553E-08 1.5271E-08 1.5981E-08 1.6681E-08 1.7360E-08 1.8008E-08 1.8626E-08 1.9202E-08 1.9724E-08 2.0191E-08 2.0600E-08 2.0935E-08 2.1175E-08 2.1309E-08 2.1368E-08 2.1374E-08 2.1304E-08 2.1153E-08 2.0916E-08 2.0589E-08 2.0180E-08 1.9695E-08 1.9138E-08 1.8509E-08 1.7818E-08 1.7072E-08 1.6279E-08 1.5444E-08 1.4577E-08 1.3686E-08 1.2788E-08 1.1887E-08 1.0998E-08 1.0124E-08 9.2696E-09 8.4461E-09 7.6565E-09 6.9068E-09 6.1995E-09 5.5400E-09 4.9286E-09 4.3694E-09 3.8613E-09 3.4037E-09 2.9953E-09 2.6219E-09 2.2663E-09 2.0082E-09 1.7971E-09 1.6200E-09
