Assets/Resources/2015_m01_d20_2200(utc+0800)_l00_csi_1hr_conc.grd
DSAA
         159         159
     -79.000      79.000
     -79.000      79.000
  0.5404E-09  0.8561E-05
[rows 100 to 124 of 159, columns 57 to 113 of 159]
1.2764E-08 1.2560E-08 1.2357E-08 1.2154E-08 1.1950E-08 1.1748E-08 1.1549E-08 1.1349E-08 1.1148E-08 1.0947E-08 1.0744E-08 1.0541E-08 1.0335E-08 1.0127E-08 9.9247E-09 9.7159E-09 9.5179E-09 9.3120E-09 9.1202E-09 8.9305E-09 8.7531E-09 8.5579E-09 8.3770E-09 8.2166E-09 8.0484E-09 7.8883E-09 7.7392E-09 7.5965E-09 7.4528E-09 7.3117E-09 7.1779E-09 7.0431E-09 6.9146E-09 6.7880E-09 6.6658E-09 6.5404E-09 6.4207E-09 6.3001E-09 6.1827E-09 6.0648E-09 5.9482E-09 5.8309E-09 5.7208E-09 5.6075E-09 5.4965E-09 5.3851E-09 5.2788E-09 5.1677E-09 5.0662E-09 4.9597E-09 4.8603E-09 4.7568E-09 4.6604E-09 4.5573E-09 4.4664E-09 4.3690E-09 4.2783E-09
1.2659E-08 1.2460E-08 1.2261E-08 1.2062E-08 1.1865E-08 1.1671E-08 1.1476E-08 1.1283E-08 1.1089E-08 1.0894E-08 1.0698E-08 1.0500E-08 1.0303E-08 1.0104E-08 9.9069E-09 9.7077E-09 9.5102E-09 9.3202E-09 9.1352E-09 8.9557E-09 8.7686E-09 8.5894E-09 8.4241E-09 8.2594E-09 8.0953E-09 7.9473E-09 7.8020E-09 7.6575E-09 7.5163E-09 7.3746E-09 7.2374E-09 7.1078E-09 6.9778E-09 6.8501E-09 6.7259E-09 6.5985E-09 6.4767E-09 6.3541E-09 6.2350E-09 6.1151E-09 5.9965E-09 5.8795E-09 5.7659E-09 5.6507E-09 5.5380E-09 5.4250E-09 5.3172E-09 5.2071E-09 5.1014E-09 4.9935E-09 4.8927E-09 4.7878E-09 4.6899E-09 4.5881E-09 4.4933E-09 4.3973E-09 4.3027E-09
1.2573E-08 1.2381E-08 1.2188E-08 1.1994E-08 1.1805E-08 1.1616E-08 1.1428E-08 1.1240E-08 1.1052E-08 1.0864E-08 1.0675E-08 1.0484E-08 1.0291E-08 1.0099E-08 9.9011E-09 9.7134E-09 9.5194E-09 9.3396E-09 9.1607E-09 8.9757E-09 8.8026E-09 8.6335E-09 8.4676E-09 8.3095E-09 8.1568E-09 8.0119E-09 7.8637E-09 7.7193E-09 7.5776E-09 7.4396E-09 7.3022E-09 7.1716E-09 7.0382E-09 6.9107E-09 6.7821E-09 6.6549E-09 6.5312E-09 6.4067E-09 6.2856E-09 6.1618E-09 6.0456E-09 5.9266E-09 5.8092E-09 5.6925E-09 5.5781E-09 5.4634E-09 5.3540E-09 5.2424E-09 5.1353E-09 5.0285E-09 4.9236E-09 4.8173E-09 4.7182E-09 4.6150E-09 4.5190E-09 4.4217E-09 4.3286E-09
1.2498E-08 1.2310E-08 1.2121E-08 1.1936E-08 1.1752E-08 1.1568E-08 1.1384E-08 1.1202E-08 1.1019E-08 1.0835E-08 1.0650E-08 1.0463E-08 1.0276E-08 1.0087E-08 9.9008E-09 9.7183E-09 9.5360E-09 9.3581E-09 9.1781E-09 9.0073E-09 8.8389E-09 8.6784E-09 8.5187E-09 8.3681E-09 8.2203E-09 8.0713E-09 7.9271E-09 7.7837E-09 7.6404E-09 7.5048E-09 7.3666E-09 7.2347E-09 7.0991E-09 6.9672E-09 6.8389E-09 6.7097E-09 6.5839E-09 6.4575E-09 6.3346E-09 6.2089E-09 6.0908E-09 5.9702E-09 5.8511E-09 5.7325E-09 5.6165E-09 5.5030E-09 5.3894E-09 5.2762E-09 5.1676E-09 5.0594E-09 4.9531E-09 4.8481E-09 4.7450E-09 4.6432E-09 4.5433E-09 4.4499E-09 4.3505E-09
1.2454E-08 1.2272E-08 1.2093E-08 1.1913E-08 1.1734E-08 1.1556E-08 1.1378E-08 1.1197E-08 1.1020E-08 1.0841E-08 1.0656E-08 1.0477E-08 1.0297E-08 1.0113E-08 9.9338E-09 9.7523E-09 9.5747E-09 9.3914E-09 9.2186E-09 9.0500E-09 8.8897E-09 8.7299E-09 8.5817E-09 8.4309E-09 8.2847E-09 8.1350E-09 7.9899E-09 7.8486E-09 7.7058E-09 7.5674E-09 7.4275E-09 7.2933E-09 7.1581E-09 7.0242E-09 6.8938E-09 6.7625E-09 6.6349E-09 6.5065E-09 6.3816E-09 6.2562E-09 6.1343E-09 6.0118E-09 5.8910E-09 5.7709E-09 5.6533E-09 5.5381E-09 5.4230E-09 5.3110E-09 5.1983E-09 5.0886E-09 4.9810E-09 4.8746E-09 4.7703E-09 4.6673E-09 4.5661E-09 4.4716E-09 4.3710E-09
1.2411E-08 1.2235E-08 1.2061E-08 1.1883E-08 1.1708E-08 1.1533E-08 1.1355E-08 1.1179E-08 1.1006E-08 1.0832E-08 1.0659E-08 1.0484E-08 1.0308E-08 1.0130E-08 9.9522E-09 9.7737E-09 9.5987E-09 9.4275E-09 9.2590E-09 9.0978E-09 8.9436E-09 8.7899E-09 8.6443E-09 8.4938E-09 8.3467E-09 8.1979E-09 8.0525E-09 7.9091E-09 7.7681E-09 7.6276E-09 7.4883E-09 7.3521E-09 7.2149E-09 7.0789E-09 6.9466E-09 6.8133E-09 6.6837E-09 6.5534E-09 6.4268E-09 6.2994E-09 6.1758E-09 6.0517E-09 5.9292E-09 5.8101E-09 5.6882E-09 5.5715E-09 5.4548E-09 5.3414E-09 5.2289E-09 5.1189E-09 5.0072E-09 4.8995E-09 4.7940E-09 4.6950E-09 4.5874E-09 4.4917E-09 4.3901E-09
1.2379E-08 1.2208E-08 1.2035E-08 1.1863E-08 1.1692E-08 1.1523E-08 1.1354E-08 1.1185E-08 1.1016E-08 1.0847E-08 1.0676E-08 1.0501E-08 1.0328E-08 1.0155E-08 9.9799E-09 9.8051E-09 9.6356E-09 9.4715E-09 9.3128E-09 9.1558E-09 9.0040E-09 8.8550E-09 8.7036E-09 8.5548E-09 8.4078E-09 8.2616E-09 8.1148E-09 7.9711E-09 7.8300E-09 7.6876E-09 7.5465E-09 7.4062E-09 7.2692E-09 7.1314E-09 6.9948E-09 6.8619E-09 6.7304E-09 6.5982E-09 6.4697E-09 6.3406E-09 6.2152E-09 6.0894E-09 5.9652E-09 5.8447E-09 5.7210E-09 5.6056E-09 5.4847E-09 5.3699E-09 5.2560E-09 5.1446E-09 5.0317E-09 4.9227E-09 4.8159E-09 4.7158E-09 4.6070E-09 4.5103E-09 4.4075E-09
1.2364E-08 1.2202E-08 1.2038E-08 1.1875E-08 1.1710E-08 1.1544E-08 1.1379E-08 1.1209E-08 1.1041E-08 1.0875E-08 1.0706E-08 1.0534E-08 1.0360E-08 1.0189E-08 1.0017E-08 9.8442E-09 9.6799E-09 9.5231E-09 9.3684E-09 9.2146E-09 9.0649E-09 8.9154E-09 8.7648E-09 8.6185E-09 8.4679E-09 8.3233E-09 8.1771E-09 8.0294E-09 7.8872E-09 7.7426E-09 7.5994E-09 7.4598E-09 7.3185E-09 7.1811E-09 7.0428E-09 6.9057E-09 6.7746E-09 6.6385E-09 6.5103E-09 6.3795E-09 6.2523E-09 6.1249E-09 5.9991E-09 5.8769E-09 5.7518E-09 5.6350E-09 5.5125E-09 5.3963E-09 5.2811E-09 5.1684E-09 5.0542E-09 4.9440E-09 4.8360E-09 4.7347E-09 4.6249E-09 4.5271E-09 4.4233E-09
1.2371E-08 1.2212E-08 1.2051E-08 1.1889E-08 1.1724E-08 1.1563E-08 1.1401E-08 1.1238E-08 1.1074E-08 1.0909E-08 1.0742E-08 1.0573E-08 1.0397E-08 1.0228E-08 1.0058E-08 9.8949E-09 9.7335E-09 9.5770E-09 9.4271E-09 9.2766E-09 9.1248E-09 8.9762E-09 8.8264E-09 8.6765E-09 8.5297E-09 8.3799E-09 8.2341E-09 8.0867E-09 7.9403E-09 7.7948E-09 7.6516E-09 7.5079E-09 7.3652E-09 7.2257E-09 7.0879E-09 6.9490E-09 6.8161E-09 6.6782E-09 6.5483E-09 6.4158E-09 6.2870E-09 6.1580E-09 6.0306E-09 5.9070E-09 5.7803E-09 5.6620E-09 5.5382E-09 5.4234E-09 5.3041E-09 5.1901E-09 5.0747E-09 4.9688E-09 4.8542E-09 4.7518E-09 4.6409E-09 4.5420E-09 4.4373E-09
1.2379E-08 1.2226E-08 1.2071E-08 1.1915E-08 1.1757E-08 1.1599E-08 1.1438E-08 1.1277E-08 1.1110E-08 1.0941E-08 1.0774E-08 1.0607E-08 1.0433E-08 1.0267E-08 1.0109E-08 9.9450E-09 9.7866E-09 9.6346E-09 9.4852E-09 9.3360E-09 9.1839E-09 9.0321E-09 8.8859E-09 8.7345E-09 8.5857E-09 8.4364E-09 8.2876E-09 8.1384E-09 7.9922E-09 7.8452E-09 7.6982E-09 7.5550E-09 7.4107E-09 7.2694E-09 7.1299E-09 6.9872E-09 6.8547E-09 6.7151E-09 6.5835E-09 6.4495E-09 6.3191E-09 6.1885E-09 6.0596E-09 5.9345E-09 5.8064E-09 5.6867E-09 5.5633E-09 5.4455E-09 5.3249E-09 5.2097E-09 5.0930E-09 4.9860E-09 4.8703E-09 4.7669E-09 4.6549E-09 4.5551E-09 4.4494E-09
1.2395E-08 1.2245E-08 1.2094E-08 1.1940E-08 1.1782E-08 1.1622E-08 1.1464E-08 1.1303E-08 1.1141E-08 1.0979E-08 1.0812E-08 1.0643E-08 1.0476E-08 1.0313E-08 1.0146E-08 9.9954E-09 9.8457E-09 9.6940E-09 9.5438E-09 9.3914E-09 9.2413E-09 9.0894E-09 8.9393E-09 8.7895E-09 8.6367E-09 8.4867E-09 8.3385E-09 8.1864E-09 8.0380E-09 7.8918E-09 7.7415E-09 7.5960E-09 7.4526E-09 7.3075E-09 7.1685E-09 7.0243E-09 6.8901E-09 6.7490E-09 6.6157E-09 6.4801E-09 6.3462E-09 6.2161E-09 6.0839E-09 5.9593E-09 5.8299E-09 5.7089E-09 5.5842E-09 5.4651E-09 5.3433E-09 5.2269E-09 5.1091E-09 5.0010E-09 4.8843E-09 4.7799E-09 4.6669E-09 4.5662E-09 4.4595E-09
1.2415E-08 1.2265E-08 1.2117E-08 1.1967E-08 1.1813E-08 1.1657E-08 1.1496E-08 1.1336E-08 1.1177E-08 1.1007E-08 1.0837E-08 1.0679E-08 1.0517E-08 1.0356E-08 1.0205E-08 1.0054E-08 9.9019E-09 9.7500E-09 9.5985E-09 9.4447E-09 9.2945E-09 9.1426E-09 8.9883E-09 8.8379E-09 8.6858E-09 8.5329E-09 8.3806E-09 8.2315E-09 8.0785E-09 7.9316E-09 7.7825E-09 7.6355E-09 7.4906E-09 7.3422E-09 7.2036E-09 7.0579E-09 6.9199E-09 6.7795E-09 6.6406E-09 6.5077E-09 6.3703E-09 6.2408E-09 6.1072E-09 5.9812E-09 5.8505E-09 5.7283E-09 5.6024E-09 5.4821E-09 5.3591E-09 5.2445E-09 5.1228E-09 5.0137E-09 4.8959E-09 4.7906E-09 4.6767E-09 4.5751E-09 4.4676E-09
1.2431E-08 1.2288E-08 1.2141E-08 1.1991E-08 1.1837E-08 1.1681E-08 1.1522E-08 1.1363E-08 1.1199E-08 1.1037E-08 1.0875E-08 1.0716E-08 1.0562E-08 1.0410E-08 1.0258E-08 1.0106E-08 9.9523E-09 9.7995E-09 9.6475E-09 9.4955E-09 9.3412E-09 9.1898E-09 9.0352E-09 8.8808E-09 8.7280E-09 8.5747E-09 8.4208E-09 8.2719E-09 8.1178E-09 7.9674E-09 7.8191E-09 7.6671E-09 7.5245E-09 7.3747E-09 7.2324E-09 7.0876E-09 6.9439E-09 6.8065E-09 6.6641E-09 6.5318E-09 6.3931E-09 6.2622E-09 6.1273E-09 6.0001E-09 5.8682E-09 5.7448E-09 5.6159E-09 5.4963E-09 5.3705E-09 5.2566E-09 5.1340E-09 5.0239E-09 4.9052E-09 4.7989E-09 4.6842E-09 4.5817E-09 4.4735E-09
1.2448E-08 1.2304E-08 1.2156E-08 1.2002E-08 1.1852E-08 1.1702E-08 1.1546E-08 1.1393E-08 1.1234E-08 1.1075E-08 1.0916E-08 1.0762E-08 1.0609E-08 1.0455E-08 1.0304E-08 1.0152E-08 9.9984E-09 9.8469E-09 9.6928E-09 9.5399E-09 9.3852E-09 9.2285E-09 9.0767E-09 8.9199E-09 8.7654E-09 8.6126E-09 8.4563E-09 8.3051E-09 8.1521E-09 7.9973E-09 7.8511E-09 7.6979E-09 7.5539E-09 7.4030E-09 7.2532E-09 7.1133E-09 6.9664E-09 6.8296E-09 6.6860E-09 6.5523E-09 6.4124E-09 6.2802E-09 6.1441E-09 6.0157E-09 5.8827E-09 5.7581E-09 5.6282E-09 5.5076E-09 5.3808E-09 5.2659E-09 5.1424E-09 5.0314E-09 4.9119E-09 4.8048E-09 4.6893E-09 4.5860E-09 4.4770E-09
1.2449E-08 1.2309E-08 1.2165E-08 1.2021E-08 1.1877E-08 1.1726E-08 1.1571E-08 1.1416E-08 1.1261E-08 1.1107E-08 1.0952E-08 1.0800E-08 1.0650E-08 1.0498E-08 1.0346E-08 1.0194E-08 1.0041E-08 9.8877E-09 9.7334E-09 9.5761E-09 9.4226E-09 9.2656E-09 9.1099E-09 8.9546E-09 8.7967E-09 8.6449E-09 8.4877E-09 8.3306E-09 8.1812E-09 8.0255E-09 7.8779E-09 7.7239E-09 7.5706E-09 7.4267E-09 7.2758E-09 7.1347E-09 6.9867E-09 6.8486E-09 6.7039E-09 6.5690E-09 6.4279E-09 6.2927E-09 6.1574E-09 6.0260E-09 5.8938E-09 5.7664E-09 5.6373E-09 5.5158E-09 5.3881E-09 5.2695E-09 5.1479E-09 5.0361E-09 4.9159E-09 4.8080E-09 4.6918E-09 4.5879E-09 4.4782E-09
1.2455E-08 1.2318E-08 1.2179E-08 1.2036E-08 1.1895E-08 1.1744E-08 1.1592E-08 1.1440E-08 1.1289E-08 1.1137E-08 1.0987E-08 1.0837E-08 1.0687E-08 1.0536E-08 1.0385E-08 1.0231E-08 1.0075E-08 9.9205E-09 9.7661E-09 9.6093E-09 9.4523E-09 9.2966E-09 9.1375E-09 8.9817E-09 8.8246E-09 8.6657E-09 8.5135E-09 8.3555E-09 8.2049E-09 8.0483E-09 7.8922E-09 7.7447E-09 7.5905E-09 7.4455E-09 7.2938E-09 7.1515E-09 7.0025E-09 6.8633E-09 6.7176E-09 6.5796E-09 6.4395E-09 6.3032E-09 6.1670E-09 6.0346E-09 5.9014E-09 5.7731E-09 5.6431E-09 5.5207E-09 5.3922E-09 5.2728E-09 5.1505E-09 5.0352E-09 4.9170E-09 4.8059E-09 4.6916E-09 4.5846E-09 4.4769E-09
1.2455E-08 1.2322E-08 1.2185E-08 1.2049E-08 1.1904E-08 1.1758E-08 1.1611E-08 1.1462E-08 1.1312E-08 1.1165E-08 1.1018E-08 1.0870E-08 1.0718E-08 1.0565E-08 1.0413E-08 1.0259E-08 1.0105E-08 9.9489E-09 9.7915E-09 9.6357E-09 9.4768E-09 9.3203E-09 9.1612E-09 9.0011E-09 8.8464E-09 8.6868E-09 8.5321E-09 8.3746E-09 8.2162E-09 8.0655E-09 7.9087E-09 7.7602E-09 7.6053E-09 7.4592E-09 7.3067E-09 7.1634E-09 7.0136E-09 6.8715E-09 6.7269E-09 6.5860E-09 6.4469E-09 6.3097E-09 6.1725E-09 6.0374E-09 5.9052E-09 5.7761E-09 5.6453E-09 5.5221E-09 5.3929E-09 5.2728E-09 5.1498E-09 5.0339E-09 4.9151E-09 4.8034E-09 4.6886E-09 4.5811E-09 4.4729E-09
1.2447E-08 1.2321E-08 1.2190E-08 1.2052E-08 1.1911E-08 1.1768E-08 1.1624E-08 1.1478E-08 1.1334E-08 1.1187E-08 1.1040E-08 1.0891E-08 1.0741E-08 1.0589E-08 1.0436E-08 1.0282E-08 1.0126E-08 9.9698E-09 9.8103E-09 9.6537E-09 9.4948E-09 9.3347E-09 9.1782E-09 9.0174E-09 8.8582E-09 8.7014E-09 8.5412E-09 8.3876E-09 8.2286E-09 8.0769E-09 7.9195E-09 7.7685E-09 7.6145E-09 7.4641E-09 7.3144E-09 7.1666E-09 7.0198E-09 6.8750E-09 6.7315E-09 6.5878E-09 6.4500E-09 6.3081E-09 6.1740E-09 6.0381E-09 5.9052E-09 5.7753E-09 5.6439E-09 5.5200E-09 5.3902E-09 5.2694E-09 5.1459E-09 5.0241E-09 4.9101E-09 4.7927E-09 4.6827E-09 4.5721E-09 4.4661E-09
1.2447E-08 1.2320E-08 1.2187E-08 1.2051E-08 1.1912E-08 1.1770E-08 1.1630E-08 1.1490E-08 1.1348E-08 1.1203E-08 1.1056E-08 1.0907E-08 1.0757E-08 1.0604E-08 1.0451E-08 1.0293E-08 1.0137E-08 9.9799E-09 9.8230E-09 9.6637E-09 9.5061E-09 9.3456E-09 9.1840E-09 9.0269E-09 8.8655E-09 8.7095E-09 8.5488E-09 8.3931E-09 8.2348E-09 8.0794E-09 7.9243E-09 7.7691E-09 7.6180E-09 7.4651E-09 7.3166E-09 7.1663E-09 7.0208E-09 6.8712E-09 6.7312E-09 6.5850E-09 6.4485E-09 6.3060E-09 6.1712E-09 6.0347E-09 5.9011E-09 5.7706E-09 5.6367E-09 5.5113E-09 5.3838E-09 5.2598E-09 5.1385E-09 5.0137E-09 4.9019E-09 4.7841E-09 4.6737E-09 4.5628E-09 4.4565E-09
1.2430E-08 1.2303E-08 1.2174E-08 1.2041E-08 1.1907E-08 1.1772E-08 1.1636E-08 1.1497E-08 1.1354E-08 1.1210E-08 1.1063E-08 1.0912E-08 1.0760E-08 1.0607E-08 1.0454E-08 1.0299E-08 1.0143E-08 9.9850E-09 9.8268E-09 9.6679E-09 9.5063E-09 9.3482E-09 9.1870E-09 9.0274E-09 8.8674E-09 8.7086E-09 8.5496E-09 8.3887E-09 8.2345E-09 8.0750E-09 7.9229E-09 7.7653E-09 7.6156E-09 7.4602E-09 7.3132E-09 7.1603E-09 7.0164E-09 6.8665E-09 6.7259E-09 6.5793E-09 6.4422E-09 6.2993E-09 6.1620E-09 6.0269E-09 5.8910E-09 5.7618E-09 5.6275E-09 5.4988E-09 5.3736E-09 5.2466E-09 5.1276E-09 5.0025E-09 4.8903E-09 4.7722E-09 4.6615E-09 4.5503E-09 4.4438E-09
1.2404E-08 1.2281E-08 1.2154E-08 1.2028E-08 1.1898E-08 1.1766E-08 1.1629E-08 1.1490E-08 1.1346E-08 1.1202E-08 1.1056E-08 1.0907E-08 1.0757E-08 1.0604E-08 1.0450E-08 1.0295E-08 1.0138E-08 9.9792E-09 9.8206E-09 9.6625E-09 9.5022E-09 9.3419E-09 9.1822E-09 9.0198E-09 8.8620E-09 8.7000E-09 8.5425E-09 8.3824E-09 8.2264E-09 8.0678E-09 7.9139E-09 7.7573E-09 7.6057E-09 7.4515E-09 7.3025E-09 7.1510E-09 7.0049E-09 6.8564E-09 6.7136E-09 6.5684E-09 6.4289E-09 6.2877E-09 6.1501E-09 6.0147E-09 5.8765E-09 5.7460E-09 5.6141E-09 5.4851E-09 5.3596E-09 5.2297E-09 5.1130E-09 4.9877E-09 4.8752E-09 4.7570E-09 4.6461E-09 4.5348E-09 4.4280E-09
1.2366E-08 1.2248E-08 1.2127E-08 1.2002E-08 1.1874E-08 1.1743E-08 1.1609E-08 1.1471E-08 1.1331E-08 1.1187E-08 1.1041E-08 1.0893E-08 1.0743E-08 1.0588E-08 1.0434E-08 1.0280E-08 1.0124E-08 9.9665E-09 9.8080E-09 9.6480E-09 9.4895E-09 9.3274E-09 9.1679E-09 9.0071E-09 8.8472E-09 8.6870E-09 8.5280E-09 8.3689E-09 8.2114E-09 8.0539E-09 7.8982E-09 7.7429E-09 7.5895E-09 7.4366E-09 7.2858E-09 7.1357E-09 6.9877E-09 6.8407E-09 6.6977E-09 6.5524E-09 6.4108E-09 6.2712E-09 6.1297E-09 5.9977E-09 5.8594E-09 5.7259E-09 5.5966E-09 5.4646E-09 5.3416E-09 5.2116E-09 5.0946E-09 4.9692E-09 4.8566E-09 4.7383E-09 4.6273E-09 4.5133E-09 4.4091E-09
1.2318E-08 1.2204E-08 1.2088E-08 1.1967E-08 1.1841E-08 1.1712E-08 1.1579E-08 1.1443E-08 1.1302E-08 1.1158E-08 1.1012E-08 1.0865E-08 1.0716E-08 1.0564E-08 1.0411E-08 1.0257E-08 1.0101E-08 9.9435E-09 9.7840E-09 9.6251E-09 9.4659E-09 9.3062E-09 9.1458E-09 8.9861E-09 8.8252E-09 8.6654E-09 8.5044E-09 8.3481E-09 8.1875E-09 8.0330E-09 7.8758E-09 7.7219E-09 7.5667E-09 7.4154E-09 7.2628E-09 7.1144E-09 6.9664E-09 6.8193E-09 6.6745E-09 6.5309E-09 6.3856E-09 6.2496E-09 6.1081E-09 5.9731E-09 5.8377E-09 5.7040E-09 5.5747E-09 5.4409E-09 5.3195E-09 5.1895E-09 5.0724E-09 4.9470E-09 4.8343E-09 4.7133E-09 4.6050E-09 4.4911E-09 4.3843E-09
1.2261E-08 1.2151E-08 1.2037E-08 1.1918E-08 1.1793E-08 1.1665E-08 1.1532E-08 1.1398E-08 1.1260E-08 1.1119E-08 1.0975E-08 1.0828E-08 1.0680E-08 1.0529E-08 1.0376E-08 1.0220E-08 1.0066E-08 9.9095E-09 9.7517E-09 9.5941E-09 9.4343E-09 9.2753E-09 9.1149E-09 8.9552E-09 8.7949E-09 8.6356E-09 8.4760E-09 8.3178E-09 8.1595E-09 8.0028E-09 7.8463E-09 7.6929E-09 7.5373E-09 7.3866E-09 7.2354E-09 7.0856E-09 6.9374E-09 6.7921E-09 6.6436E-09 6.5039E-09 6.3588E-09 6.2228E-09 6.0815E-09 5.9446E-09 5.8111E-09 5.6757E-09 5.5483E-09 5.4147E-09 5.2932E-09 5.1633E-09 5.0463E-09 4.9210E-09 4.8084E-09 4.6875E-09 4.5768E-09 4.4655E-09 4.3563E-09
1.2186E-08 1.2079E-08 1.1968E-08 1.1851E-08 1.1730E-08 1.1605E-08 1.1476E-08 1.1343E-08 1.1207E-08 1.1067E-08 1.0924E-08 1.0777E-08 1.0629E-08 1.0480E-08 1.0329E-08 1.0176E-08 1.0022E-08 9.8671E-09 9.7102E-09 9.5512E-09 9.3930E-09 9.2345E-09 9.0756E-09 8.9161E-09 8.7566E-09 8.5974E-09 8.4394E-09 8.2804E-09 8.1238E-09 7.9661E-09 7.8113E-09 7.6570E-09 7.5030E-09 7.3511E-09 7.1997E-09 7.0520E-09 6.9021E-09 6.7576E-09 6.6109E-09 6.4713E-09 6.3266E-09 6.1887E-09 6.0497E-09 5.9112E-09 5.7798E-09 5.6429E-09 5.5173E-09 5.3840E-09 5.2627E-09 5.1331E-09 5.0135E-09 4.8911E-09 4.7736E-09 4.6581E-09 4.5450E-09 4.4365E-09 4.3276E-09
