Assets/Resources/2015_m01_d12_0400(utc+0800)_l00_csi_1hr_conc.grd
DSAA
         159         159
     -79.000      79.000
     -79.000      79.000
  0.0000E+00  0.3007E-05
[rows 0 to 24 of 159, columns 57 to 113 of 159]
1.8263E-09 2.1800E-09 2.5813E-09 3.0287E-09 3.5251E-09 4.0700E-09 4.6575E-09 5.2829E-09 5.9417E-09 6.6221E-09 7.3129E-09 8.0036E-09 8.6772E-09 9.3083E-09 9.8819E-09 1.0387E-08 1.0814E-08 1.1148E-08 1.1378E-08 1.1496E-08 1.1498E-08 1.1385E-08 1.1158E-08 1.0822E-08 1.0391E-08 9.8714E-09 9.2787E-09 8.6299E-09 7.9404E-09 7.2263E-09 6.5095E-09 5.8005E-09 5.1097E-09 4.4547E-09 3.8363E-09 3.2697E-09 2.7524E-09 2.2923E-09 1.8848E-09 1.5323E-09 1.2312E-09 9.7576E-10 7.6361E-10 5.7981E-10 4.3862E-10 3.2373E-10 2.3010E-10 1.6230E-10 1.1644E-10 8.0121E-11 5.3342E-11 3.3637E-11 2.0365E-11 1.1073E-11 4.7846E-12 9.5430E-13 0.0000E+00
1.8972E-09 2.2683E-09 2.6888E-09 3.1609E-09 3.6868E-09 4.2618E-09 4.8840E-09 5.5503E-09 6.2515E-09 6.9756E-09 7.7164E-09 8.4554E-09 9.1776E-09 9.8647E-09 1.0498E-08 1.1052E-08 1.1518E-08 1.1881E-08 1.2133E-08 1.2264E-08 1.2270E-08 1.2149E-08 1.1906E-08 1.1547E-08 1.1080E-08 1.0517E-08 9.8800E-09 9.1797E-09 8.4368E-09 7.6699E-09 6.8956E-09 6.1305E-09 5.3923E-09 4.6909E-09 4.0333E-09 3.4295E-09 2.8806E-09 2.3926E-09 1.9646E-09 1.5905E-09 1.2725E-09 1.0062E-09 7.8291E-10 5.9317E-10 4.4232E-10 3.2629E-10 2.3187E-10 1.6222E-10 1.1656E-10 8.0251E-11 5.3064E-11 3.3453E-11 2.0025E-11 1.0747E-11 4.5101E-12 8.1664E-13 0.0000E+00
1.9562E-09 2.3426E-09 2.7826E-09 3.2784E-09 3.8293E-09 4.4348E-09 5.0933E-09 5.7976E-09 6.5383E-09 7.3089E-09 8.0953E-09 8.8823E-09 9.6544E-09 1.0394E-08 1.1082E-08 1.1696E-08 1.2207E-08 1.2604E-08 1.2878E-08 1.3023E-08 1.3035E-08 1.2910E-08 1.2651E-08 1.2263E-08 1.1762E-08 1.1159E-08 1.0472E-08 9.7197E-09 8.9236E-09 8.1013E-09 7.2730E-09 6.4550E-09 5.6661E-09 4.9160E-09 4.2181E-09 3.5797E-09 2.9997E-09 2.4844E-09 2.0340E-09 1.6433E-09 1.3114E-09 1.0307E-09 7.9954E-10 6.0028E-10 4.4165E-10 3.2510E-10 2.3077E-10 1.6019E-10 1.1523E-10 7.9242E-11 5.1995E-11 3.2732E-11 1.9367E-11 1.0200E-11 3.9980E-12 6.2334E-13 0.0000E+00
2.0020E-09 2.4028E-09 2.8606E-09 3.3769E-09 3.9534E-09 4.5890E-09 5.2796E-09 6.0182E-09 6.8018E-09 7.6176E-09 8.4498E-09 9.2873E-09 1.0109E-08 1.0897E-08 1.1628E-08 1.2287E-08 1.2853E-08 1.3303E-08 1.3612E-08 1.3776E-08 1.3793E-08 1.3664E-08 1.3389E-08 1.2978E-08 1.2444E-08 1.1801E-08 1.1067E-08 1.0261E-08 9.4082E-09 8.5283E-09 7.6446E-09 6.7741E-09 5.9346E-09 5.1362E-09 4.3967E-09 3.7206E-09 3.1079E-09 2.5656E-09 2.0976E-09 1.6885E-09 1.3412E-09 1.0515E-09 8.0820E-10 6.0326E-10 4.4214E-10 3.2045E-10 2.2610E-10 1.5635E-10 1.1249E-10 7.7134E-11 5.0120E-11 3.1505E-11 1.8187E-11 9.4553E-12 3.2984E-12 3.8350E-13 0.0000E+00
2.0338E-09 2.4476E-09 2.9211E-09 3.4572E-09 4.0572E-09 4.7184E-09 5.4394E-09 6.2163E-09 7.0400E-09 7.8962E-09 8.7751E-09 9.6597E-09 1.0531E-08 1.1369E-08 1.2153E-08 1.2859E-08 1.3465E-08 1.3953E-08 1.4306E-08 1.4502E-08 1.4532E-08 1.4401E-08 1.4115E-08 1.3683E-08 1.3115E-08 1.2430E-08 1.1646E-08 1.0789E-08 9.8820E-09 8.9441E-09 8.0036E-09 7.0774E-09 6.1859E-09 5.3434E-09 4.5631E-09 3.8484E-09 3.2082E-09 2.6417E-09 2.1492E-09 1.7285E-09 1.3666E-09 1.0676E-09 8.1648E-10 6.0298E-10 4.3737E-10 3.1250E-10 2.1904E-10 1.5081E-10 1.0833E-10 7.4002E-11 4.7546E-11 2.9713E-11 1.6694E-11 8.1908E-12 2.5135E-12 1.0736E-13 0.0000E+00
2.0510E-09 2.4753E-09 2.9631E-09 3.5162E-09 4.1366E-09 4.8236E-09 5.5754E-09 6.3852E-09 7.2428E-09 8.1431E-09 9.0695E-09 1.0003E-08 1.0925E-08 1.1813E-08 1.2644E-08 1.3395E-08 1.4046E-08 1.4572E-08 1.4957E-08 1.5185E-08 1.5244E-08 1.5123E-08 1.4828E-08 1.4375E-08 1.3777E-08 1.3050E-08 1.2222E-08 1.1313E-08 1.0347E-08 9.3530E-09 8.3557E-09 7.3731E-09 6.4280E-09 5.5404E-09 4.7164E-09 3.9666E-09 3.2968E-09 2.7058E-09 2.1964E-09 1.7589E-09 1.3893E-09 1.0760E-09 8.1832E-10 5.9820E-10 4.3064E-10 3.0353E-10 2.0895E-10 1.4377E-10 1.0308E-10 6.9733E-11 4.4421E-11 2.7265E-11 1.4970E-11 6.7722E-12 1.6739E-12 0.0000E+00 0.0000E+00
2.0535E-09 2.4859E-09 2.9850E-09 3.5541E-09 4.1931E-09 4.9022E-09 5.6802E-09 6.5210E-09 7.4184E-09 8.3603E-09 9.3284E-09 1.0307E-08 1.1278E-08 1.2218E-08 1.3101E-08 1.3902E-08 1.4595E-08 1.5159E-08 1.5574E-08 1.5826E-08 1.5902E-08 1.5798E-08 1.5511E-08 1.5041E-08 1.4412E-08 1.3650E-08 1.2777E-08 1.1814E-08 1.0794E-08 9.7422E-09 8.6880E-09 7.6533E-09 6.6585E-09 5.7224E-09 4.8578E-09 4.0755E-09 3.3759E-09 2.7606E-09 2.2324E-09 1.7813E-09 1.4036E-09 1.0862E-09 8.1826E-10 5.9765E-10 4.1990E-10 2.9264E-10 1.9741E-10 1.3533E-10 9.6500E-11 6.4535E-11 4.0803E-11 2.4370E-11 1.3055E-11 5.5590E-12 1.0405E-12 0.0000E+00 0.0000E+00
2.0404E-09 2.4789E-09 2.9884E-09 3.5682E-09 4.2226E-09 4.9535E-09 5.7565E-09 6.6278E-09 7.5582E-09 8.5350E-09 9.5475E-09 1.0576E-08 1.1598E-08 1.2587E-08 1.3519E-08 1.4367E-08 1.5106E-08 1.5712E-08 1.6163E-08 1.6441E-08 1.6534E-08 1.6436E-08 1.6148E-08 1.5678E-08 1.5034E-08 1.4236E-08 1.3315E-08 1.2302E-08 1.1230E-08 1.0122E-08 9.0078E-09 7.9209E-09 6.8760E-09 5.8924E-09 4.9873E-09 4.1713E-09 3.4436E-09 2.8075E-09 2.2604E-09 1.7968E-09 1.4105E-09 1.0904E-09 8.1405E-10 5.8876E-10 4.0782E-10 2.7870E-10 1.8343E-10 1.2576E-10 8.8984E-11 5.8577E-11 3.6747E-11 2.1173E-11 1.0712E-11 3.8512E-12 5.3518E-13 0.0000E+00 0.0000E+00
2.0120E-09 2.4558E-09 2.9702E-09 3.5598E-09 4.2287E-09 4.9765E-09 5.8001E-09 6.6978E-09 7.6610E-09 8.6781E-09 9.7333E-09 1.0806E-08 1.1872E-08 1.2911E-08 1.3895E-08 1.4794E-08 1.5581E-08 1.6229E-08 1.6715E-08 1.7020E-08 1.7131E-08 1.7040E-08 1.6751E-08 1.6270E-08 1.5610E-08 1.4788E-08 1.3830E-08 1.2769E-08 1.1644E-08 1.0481E-08 9.3151E-09 8.1726E-09 7.0768E-09 6.0510E-09 5.1075E-09 4.2548E-09 3.5018E-09 2.8443E-09 2.2821E-09 1.8074E-09 1.4106E-09 1.0863E-09 8.1275E-10 5.8355E-10 3.9855E-10 2.6357E-10 1.6951E-10 1.1542E-10 8.0745E-11 5.2223E-11 3.1995E-11 1.7512E-11 8.0106E-12 1.8781E-12 0.0000E+00 0.0000E+00 0.0000E+00
1.9699E-09 2.4147E-09 2.9331E-09 3.5295E-09 4.2090E-09 4.9697E-09 5.8143E-09 6.7381E-09 7.7306E-09 8.7803E-09 9.8726E-09 1.0989E-08 1.2105E-08 1.3195E-08 1.4229E-08 1.5177E-08 1.6010E-08 1.6702E-08 1.7225E-08 1.7562E-08 1.7695E-08 1.7618E-08 1.7329E-08 1.6835E-08 1.6151E-08 1.5301E-08 1.4315E-08 1.3215E-08 1.2038E-08 1.0820E-08 9.6028E-09 8.4099E-09 7.2649E-09 6.1966E-09 5.2150E-09 4.3302E-09 3.5510E-09 2.8735E-09 2.2973E-09 1.8114E-09 1.4090E-09 1.0759E-09 8.0709E-10 5.7119E-10 3.8738E-10 2.4669E-10 1.5447E-10 1.0409E-10 7.1060E-11 4.5357E-11 2.6909E-11 1.4173E-11 5.1751E-12 5.8931E-13 0.0000E+00 0.0000E+00 0.0000E+00
1.9150E-09 2.3590E-09 2.8778E-09 3.4777E-09 4.1643E-09 4.9371E-09 5.8000E-09 6.7414E-09 7.7601E-09 8.8453E-09 9.9776E-09 1.1138E-08 1.2299E-08 1.3435E-08 1.4519E-08 1.5518E-08 1.6401E-08 1.7137E-08 1.7699E-08 1.8064E-08 1.8220E-08 1.8156E-08 1.7870E-08 1.7367E-08 1.6666E-08 1.5790E-08 1.4765E-08 1.3623E-08 1.2404E-08 1.1141E-08 9.8705E-09 8.6290E-09 7.4399E-09 6.3289E-09 5.3113E-09 4.3970E-09 3.5898E-09 2.8963E-09 2.3066E-09 1.8114E-09 1.4022E-09 1.0646E-09 7.9323E-10 5.6405E-10 3.7715E-10 2.3204E-10 1.3784E-10 9.1775E-11 6.1900E-11 3.9050E-11 2.1301E-11 9.5348E-12 2.2918E-12 0.0000E+00 0.0000E+00 0.0000E+00 0.0000E+00
1.8492E-09 2.2881E-09 2.8057E-09 3.4075E-09 4.0981E-09 4.8795E-09 5.7538E-09 6.7169E-09 7.7635E-09 8.8785E-09 1.0044E-08 1.1241E-08 1.2449E-08 1.3637E-08 1.4772E-08 1.5820E-08 1.6748E-08 1.7530E-08 1.8132E-08 1.8532E-08 1.8711E-08 1.8658E-08 1.8373E-08 1.7867E-08 1.7150E-08 1.6246E-08 1.5186E-08 1.4004E-08 1.2745E-08 1.1438E-08 1.0120E-08 8.8293E-09 7.5991E-09 6.4491E-09 5.3955E-09 4.4540E-09 3.6249E-09 2.9097E-09 2.3083E-09 1.8069E-09 1.3923E-09 1.0524E-09 7.7772E-10 5.5476E-10 3.6049E-10 2.1979E-10 1.2302E-10 7.8590E-11 5.1907E-11 3.0556E-11 1.5792E-11 5.0484E-12 1.0484E-13 0.0000E+00 0.0000E+00 0.0000E+00 0.0000E+00
1.7730E-09 2.2072E-09 2.7205E-09 3.3199E-09 4.0121E-09 4.8012E-09 5.6875E-09 6.6668E-09 7.7337E-09 8.8746E-09 1.0076E-08 1.1317E-08 1.2570E-08 1.3803E-08 1.4984E-08 1.6083E-08 1.7063E-08 1.7889E-08 1.8529E-08 1.8959E-08 1.9160E-08 1.9121E-08 1.8842E-08 1.8329E-08 1.7594E-08 1.6665E-08 1.5576E-08 1.4359E-08 1.3056E-08 1.1705E-08 1.0346E-08 9.0162E-09 7.7436E-09 6.5552E-09 5.4729E-09 4.5010E-09 3.6534E-09 2.9196E-09 2.3057E-09 1.7972E-09 1.3806E-09 1.0385E-09 7.6016E-10 5.4068E-10 3.4901E-10 2.0505E-10 1.0861E-10 6.5375E-11 4.1781E-11 2.2675E-11 9.5027E-12 1.6323E-12 0.0000E+00 0.0000E+00 0.0000E+00 0.0000E+00 0.0000E+00
1.6899E-09 2.1168E-09 2.6238E-09 3.2201E-09 3.9129E-09 4.7053E-09 5.5981E-09 6.5925E-09 7.6821E-09 8.8524E-09 1.0088E-08 1.1364E-08 1.2656E-08 1.3937E-08 1.5171E-08 1.6321E-08 1.7347E-08 1.8213E-08 1.8889E-08 1.9350E-08 1.9575E-08 1.9551E-08 1.9275E-08 1.8753E-08 1.8004E-08 1.7054E-08 1.5937E-08 1.4684E-08 1.3340E-08 1.1948E-08 1.0548E-08 9.1832E-09 7.8720E-09 6.6507E-09 5.5405E-09 4.5426E-09 3.6738E-09 2.9296E-09 2.2994E-09 1.7854E-09 1.3652E-09 1.0246E-09 7.4460E-10 5.2248E-10 3.3955E-10 1.9084E-10 9.9023E-11 5.2732E-11 3.0334E-11 1.3370E-11 3.2404E-12 0.0000E+00 0.0000E+00 0.0000E+00 0.0000E+00 0.0000E+00 0.0000E+00
1.6006E-09 2.0198E-09 2.5192E-09 3.1112E-09 3.8007E-09 4.5944E-09 5.4973E-09 6.5059E-09 7.6136E-09 8.8060E-09 1.0070E-08 1.1386E-08 1.2725E-08 1.4055E-08 1.5334E-08 1.6529E-08 1.7601E-08 1.8513E-08 1.9227E-08 1.9718E-08 1.9963E-08 1.9951E-08 1.9674E-08 1.9146E-08 1.8383E-08 1.7410E-08 1.6262E-08 1.4974E-08 1.3598E-08 1.2170E-08 1.0730E-08 9.3266E-09 7.9854E-09 6.7342E-09 5.5970E-09 4.5815E-09 3.6891E-09 2.9341E-09 2.2937E-09 1.7711E-09 1.3484E-09 1.0074E-09 7.2897E-10 5.0636E-10 3.2621E-10 1.7718E-10 8.6524E-11 3.9725E-11 1.8610E-11 5.1908E-12 0.0000E+00 0.0000E+00 0.0000E+00 0.0000E+00 0.0000E+00 0.0000E+00 0.0000E+00
1.5085E-09 1.9185E-09 2.4099E-09 2.9949E-09 3.6819E-09 4.4786E-09 5.3863E-09 6.4027E-09 7.5306E-09 8.7505E-09 1.0049E-08 1.1403E-08 1.2783E-08 1.4155E-08 1.5486E-08 1.6731E-08 1.7850E-08 1.8800E-08 1.9550E-08 2.0068E-08 2.0332E-08 2.0325E-08 2.0052E-08 1.9517E-08 1.8736E-08 1.7736E-08 1.6556E-08 1.5236E-08 1.3823E-08 1.2359E-08 1.0885E-08 9.4469E-09 8.0780E-09 6.8023E-09 5.6391E-09 4.6088E-09 3.7055E-09 2.9365E-09 2.2908E-09 1.7545E-09 1.3302E-09 9.8680E-10 7.1149E-10 4.9399E-10 3.1015E-10 1.6860E-10 7.3942E-11 2.9993E-11 8.1468E-12 5.0052E-13 0.0000E+00 0.0000E+00 0.0000E+00 0.0000E+00 0.0000E+00 0.0000E+00 0.0000E+00
1.4153E-09 1.8141E-09 2.2983E-09 2.8778E-09 3.5605E-09 4.3566E-09 5.2710E-09 6.3038E-09 7.4516E-09 8.6947E-09 1.0021E-08 1.1412E-08 1.2838E-08 1.4262E-08 1.5642E-08 1.6933E-08 1.8096E-08 1.9090E-08 1.9876E-08 2.0419E-08 2.0696E-08 2.0700E-08 2.0422E-08 1.9872E-08 1.9068E-08 1.8037E-08 1.6827E-08 1.5472E-08 1.4019E-08 1.2516E-08 1.1011E-08 9.5454E-09 8.1452E-09 6.8507E-09 5.6719E-09 4.6226E-09 3.7134E-09 2.9299E-09 2.2839E-09 1.7405E-09 1.3083E-09 9.6647E-10 6.9387E-10 4.8074E-10 2.9523E-10 1.5891E-10 6.4065E-11 1.8827E-11 1.8237E-12 0.0000E+00 0.0000E+00 0.0000E+00 0.0000E+00 0.0000E+00 0.0000E+00 0.0000E+00 0.0000E+00
1.3229E-09 1.7141E-09 2.1882E-09 2.7611E-09 3.4413E-09 4.2415E-09 5.1623E-09 6.2068E-09 7.3703E-09 8.6408E-09 1.0006E-08 1.1440E-08 1.2911E-08 1.4379E-08 1.5808E-08 1.7153E-08 1.8366E-08 1.9401E-08 2.0218E-08 2.0784E-08 2.1077E-08 2.1081E-08 2.0788E-08 2.0217E-08 1.9386E-08 1.8324E-08 1.7075E-08 1.5679E-08 1.4186E-08 1.2651E-08 1.1111E-08 9.6164E-09 8.1943E-09 6.8767E-09 5.6867E-09 4.6250E-09 3.7081E-09 2.9219E-09 2.2673E-09 1.7304E-09 1.2846E-09 9.4554E-10 6.7489E-10 4.6420E-10 2.8494E-10 1.4882E-10 5.3914E-11 1.2342E-11 0.0000E+00 0.0000E+00 0.0000E+00 0.0000E+00 0.0000E+00 0.0000E+00 0.0000E+00 0.0000E+00 0.0000E+00
1.2336E-09 1.6134E-09 2.0834E-09 2.6527E-09 3.3316E-09 4.1316E-09 5.0592E-09 6.1216E-09 7.3120E-09 8.6158E-09 1.0017E-08 1.1490E-08 1.3008E-08 1.4532E-08 1.6016E-08 1.7412E-08 1.8668E-08 1.9740E-08 2.0588E-08 2.1178E-08 2.1480E-08 2.1475E-08 2.1168E-08 2.0572E-08 1.9706E-08 1.8604E-08 1.7311E-08 1.5868E-08 1.4335E-08 1.2763E-08 1.1187E-08 9.6633E-09 8.2223E-09 6.8826E-09 5.6816E-09 4.6145E-09 3.6894E-09 2.9064E-09 2.2421E-09 1.7080E-09 1.2640E-09 9.2410E-10 6.5535E-10 4.4717E-10 2.7403E-10 1.3887E-10 4.7478E-11 9.8515E-12 0.0000E+00 0.0000E+00 0.0000E+00 0.0000E+00 0.0000E+00 0.0000E+00 0.0000E+00 0.0000E+00 0.0000E+00
1.1428E-09 1.5237E-09 1.9832E-09 2.5511E-09 3.2313E-09 4.0388E-09 4.9801E-09 6.0620E-09 7.2761E-09 8.6084E-09 1.0051E-08 1.1577E-08 1.3151E-08 1.4729E-08 1.6265E-08 1.7713E-08 1.9020E-08 2.0135E-08 2.1014E-08 2.1618E-08 2.1915E-08 2.1902E-08 2.1577E-08 2.0945E-08 2.0035E-08 1.8882E-08 1.7540E-08 1.6053E-08 1.4467E-08 1.2854E-08 1.1244E-08 9.6893E-09 8.2257E-09 6.8752E-09 5.6585E-09 4.5882E-09 3.6541E-09 2.8758E-09 2.2141E-09 1.6753E-09 1.2447E-09 8.9902E-10 6.3503E-10 4.2996E-10 2.5920E-10 1.3100E-10 4.4913E-11 1.0074E-11 0.0000E+00 0.0000E+00 0.0000E+00 0.0000E+00 0.0000E+00 0.0000E+00 0.0000E+00 0.0000E+00 0.0000E+00
1.0584E-09 1.4322E-09 1.8954E-09 2.4596E-09 3.1469E-09 3.9665E-09 4.9205E-09 6.0210E-09 7.2700E-09 8.6484E-09 1.0141E-08 1.1718E-08 1.3344E-08 1.4982E-08 1.6580E-08 1.8084E-08 1.9437E-08 2.0591E-08 2.1494E-08 2.2107E-08 2.2406E-08 2.2379E-08 2.2019E-08 2.1342E-08 2.0382E-08 1.9174E-08 1.7771E-08 1.6227E-08 1.4592E-08 1.2926E-08 1.1281E-08 9.6941E-09 8.2039E-09 6.8421E-09 5.6123E-09 4.5422E-09 3.6108E-09 2.8250E-09 2.1776E-09 1.6347E-09 1.2135E-09 8.7396E-10 6.1117E-10 4.1054E-10 2.4462E-10 1.2449E-10 4.6245E-11 9.9004E-12 0.0000E+00 0.0000E+00 0.0000E+00 0.0000E+00 0.0000E+00 0.0000E+00 0.0000E+00 0.0000E+00 0.0000E+00
9.8724E-10 1.3491E-09 1.8129E-09 2.3871E-09 3.0765E-09 3.9094E-09 4.8906E-09 6.0278E-09 7.3157E-09 8.7336E-09 1.0272E-08 1.1908E-08 1.3602E-08 1.5308E-08 1.6970E-08 1.8529E-08 1.9933E-08 2.1124E-08 2.2050E-08 2.2673E-08 2.2967E-08 2.2913E-08 2.2510E-08 2.1777E-08 2.0762E-08 1.9486E-08 1.8011E-08 1.6394E-08 1.4702E-08 1.2986E-08 1.1291E-08 9.6761E-09 8.1604E-09 6.7821E-09 5.5507E-09 4.4691E-09 3.5506E-09 2.7586E-09 2.1204E-09 1.5920E-09 1.1724E-09 8.4497E-10 5.8257E-10 3.8797E-10 2.3197E-10 1.2052E-10 4.7737E-11 1.0505E-11 0.0000E+00 0.0000E+00 0.0000E+00 0.0000E+00 0.0000E+00 0.0000E+00 0.0000E+00 0.0000E+00 0.0000E+00
9.1901E-10 1.2835E-09 1.7452E-09 2.3218E-09 3.0298E-09 3.8836E-09 4.8939E-09 6.0638E-09 7.3969E-09 8.8757E-09 1.0482E-08 1.2185E-08 1.3943E-08 1.5710E-08 1.7438E-08 1.9063E-08 2.0519E-08 2.1747E-08 2.2692E-08 2.3320E-08 2.3597E-08 2.3499E-08 2.3047E-08 2.2259E-08 2.1166E-08 1.9810E-08 1.8252E-08 1.6564E-08 1.4799E-08 1.3025E-08 1.1281E-08 9.6277E-09 8.0933E-09 6.6953E-09 5.4614E-09 4.3741E-09 3.4602E-09 2.6852E-09 2.0472E-09 1.5367E-09 1.1205E-09 8.0548E-10 5.5018E-10 3.6414E-10 2.2106E-10 1.1658E-10 4.5693E-11 1.0226E-11 0.0000E+00 0.0000E+00 0.0000E+00 0.0000E+00 0.0000E+00 0.0000E+00 0.0000E+00 0.0000E+00 0.0000E+00
8.7480E-10 1.2272E-09 1.6898E-09 2.2811E-09 3.0061E-09 3.8838E-09 4.9241E-09 6.1472E-09 7.5423E-09 9.0898E-09 1.0764E-08 1.2539E-08 1.4378E-08 1.6226E-08 1.8022E-08 1.9702E-08 2.1200E-08 2.2457E-08 2.3422E-08 2.4044E-08 2.4289E-08 2.4153E-08 2.3637E-08 2.2768E-08 2.1585E-08 2.0138E-08 1.8495E-08 1.6722E-08 1.4873E-08 1.3036E-08 1.1248E-08 9.5479E-09 7.9919E-09 6.5782E-09 5.3408E-09 4.2631E-09 3.3460E-09 2.5909E-09 1.9590E-09 1.4637E-09 1.0641E-09 7.5628E-10 5.1501E-10 3.4133E-10 2.1055E-10 1.1004E-10 4.2093E-11 9.3378E-12 0.0000E+00 0.0000E+00 0.0000E+00 0.0000E+00 0.0000E+00 0.0000E+00 0.0000E+00 0.0000E+00 0.0000E+00
8.3593E-10 1.1933E-09 1.6613E-09 2.2560E-09 3.0062E-09 3.9184E-09 5.0064E-09 6.2779E-09 7.7327E-09 9.3513E-09 1.1118E-08 1.2992E-08 1.4924E-08 1.6854E-08 1.8720E-08 2.0459E-08 2.2002E-08 2.3286E-08 2.4251E-08 2.4846E-08 2.5053E-08 2.4861E-08 2.4265E-08 2.3298E-08 2.2012E-08 2.0465E-08 1.8716E-08 1.6851E-08 1.4924E-08 1.3010E-08 1.1172E-08 9.4378E-09 7.8580E-09 6.4365E-09 5.1857E-09 4.1249E-09 3.2121E-09 2.4721E-09 1.8639E-09 1.3770E-09 9.9767E-10 7.0314E-10 4.8160E-10 3.1865E-10 1.9586E-10 1.0097E-10 3.6913E-11 9.1759E-12 0.0000E+00 0.0000E+00 0.0000E+00 0.0000E+00 0.0000E+00 0.0000E+00 0.0000E+00 0.0000E+00 0.0000E+00
