Assets/Resources/2015_m01_d06_2200(utc+0800)_l00_csi_1hr_conc.grd
DSAA
         159         159
     -79.000      79.000
     -79.000      79.000
  0.0000E+00  0.3266E-04
[rows 25 to 49 of 159, columns 57 to 113 of 159]
6.3638E-10 7.4907E-10 8.7460E-10 1.0128E-09 1.1724E-09 1.3486E-09 1.5575E-09 1.7939E-09 2.0471E-09 2.3288E-09 2.6377E-09 2.9774E-09 3.3700E-09 3.8177E-09 4.3014E-09 4.7892E-09 5.2570E-09 5.6931E-09 6.1146E-09 6.5367E-09 6.8654E-09 7.1489E-09 7.3803E-09 7.5609E-09 7.6932E-09 7.7796E-09 7.8230E-09 7.8266E-09 7.7940E-09 7.7289E-09 7.6350E-09 7.5161E-09 7.3761E-09 7.2130E-09 7.0316E-09 6.8382E-09 6.6336E-09 6.4218E-09 6.2026E-09 5.8964E-09 5.6797E-09 5.4639E-09 5.2499E-09 5.0390E-09 4.8320E-09 4.5569E-09 4.3638E-09 4.1783E-09 3.9998E-09 3.8282E-09 3.5966E-09 3.4409E-09 3.2930E-09 3.1531E-09 3.0190E-09 2.8925E-09 2.7712E-09
6.5971E-10 7.7396E-10 9.0079E-10 1.0448E-09 1.2017E-09 1.3812E-09 1.6117E-09 1.8499E-09 2.1049E-09 2.3932E-09 2.7036E-09 3.0505E-09 3.4519E-09 3.9106E-09 4.4076E-09 4.9103E-09 5.3925E-09 5.8453E-09 6.3492E-09 6.7398E-09 7.0822E-09 7.3735E-09 7.6125E-09 7.7996E-09 7.9361E-09 8.0245E-09 8.0679E-09 8.0698E-09 8.0339E-09 7.9641E-09 7.8644E-09 7.7387E-09 7.5908E-09 7.4213E-09 7.2333E-09 7.0318E-09 6.8175E-09 6.5948E-09 6.3634E-09 6.1317E-09 5.9003E-09 5.5868E-09 5.3646E-09 5.1457E-09 4.9311E-09 4.7212E-09 4.4422E-09 4.2497E-09 4.0641E-09 3.8873E-09 3.7169E-09 3.4872E-09 3.3342E-09 3.1900E-09 3.0538E-09 2.9225E-09 2.7984E-09
6.8335E-10 7.9968E-10 9.2655E-10 1.0739E-09 1.2367E-09 1.4434E-09 1.6671E-09 1.9019E-09 2.1690E-09 2.4581E-09 2.7758E-09 3.1298E-09 3.5403E-09 4.0103E-09 4.5234E-09 5.0438E-09 5.5409E-09 6.0937E-09 6.5457E-09 6.9552E-09 7.3140E-09 7.6170E-09 7.8651E-09 8.0587E-09 8.1993E-09 8.2894E-09 8.3322E-09 8.3317E-09 8.2918E-09 8.2166E-09 8.1102E-09 7.9768E-09 7.8180E-09 7.6370E-09 7.4394E-09 7.2286E-09 7.0045E-09 6.7736E-09 6.5346E-09 6.2935E-09 6.0498E-09 5.8066E-09 5.5691E-09 5.2553E-09 5.0326E-09 4.8148E-09 4.6031E-09 4.3227E-09 4.1307E-09 3.9470E-09 3.7714E-09 3.6038E-09 3.3757E-09 3.2253E-09 3.0836E-09 2.9509E-09 2.8240E-09
7.0514E-10 8.2773E-10 9.6069E-10 1.1055E-09 1.2870E-09 1.4920E-09 1.7181E-09 1.9652E-09 2.2334E-09 2.5297E-09 2.8545E-09 3.2162E-09 3.6394E-09 4.1230E-09 4.6480E-09 5.1828E-09 5.7287E-09 6.2922E-09 6.7631E-09 7.1867E-09 7.5574E-09 7.8720E-09 8.1291E-09 8.3288E-09 8.4729E-09 8.5641E-09 8.6059E-09 8.6023E-09 8.5578E-09 8.4764E-09 8.3627E-09 8.2210E-09 8.0553E-09 7.8677E-09 7.6599E-09 7.4382E-09 7.2008E-09 6.9571E-09 6.7080E-09 6.4566E-09 6.2048E-09 5.9542E-09 5.7048E-09 5.4580E-09 5.1367E-09 4.9107E-09 4.6911E-09 4.4800E-09 4.2762E-09 4.0088E-09 3.8260E-09 3.6516E-09 3.4850E-09 3.2598E-09 3.1136E-09 2.9758E-09 2.8455E-09
7.3148E-10 8.5399E-10 9.9194E-10 1.1481E-09 1.3442E-09 1.5519E-09 1.7799E-09 2.0284E-09 2.3038E-09 2.6075E-09 2.9435E-09 3.3154E-09 3.7462E-09 4.2440E-09 4.7844E-09 5.3330E-09 5.9698E-09 6.5035E-09 6.9979E-09 7.4391E-09 7.8247E-09 8.1513E-09 8.4187E-09 8.6272E-09 8.7746E-09 8.8664E-09 8.9064E-09 8.8989E-09 8.8487E-09 8.7602E-09 8.6373E-09 8.4832E-09 8.3049E-09 8.1063E-09 7.8857E-09 7.6521E-09 7.4062E-09 7.1533E-09 6.8918E-09 6.6261E-09 6.3626E-09 6.1015E-09 5.8432E-09 5.5890E-09 5.3383E-09 5.0090E-09 4.7811E-09 4.5623E-09 4.3513E-09 4.1478E-09 3.8789E-09 3.6977E-09 3.5264E-09 3.3645E-09 3.1416E-09 2.9973E-09 2.8638E-09
7.5699E-10 8.8705E-10 1.0258E-09 1.2072E-09 1.4020E-09 1.6118E-09 1.8413E-09 2.0968E-09 2.3813E-09 2.6973E-09 3.0409E-09 3.4238E-09 3.8655E-09 4.3715E-09 4.9292E-09 5.5665E-09 6.1808E-09 6.7352E-09 7.2480E-09 7.7099E-09 8.1109E-09 8.4495E-09 8.7243E-09 8.9356E-09 9.0854E-09 9.1770E-09 9.2144E-09 9.2021E-09 9.1455E-09 9.0491E-09 8.9177E-09 8.7561E-09 8.5690E-09 8.3596E-09 8.1266E-09 7.8791E-09 7.6209E-09 7.3552E-09 7.0812E-09 6.8057E-09 6.5303E-09 6.2545E-09 5.9840E-09 5.7194E-09 5.4609E-09 5.2075E-09 4.9597E-09 4.6441E-09 4.4233E-09 4.2125E-09 4.0102E-09 3.7447E-09 3.5654E-09 3.3976E-09 3.2378E-09 3.0193E-09 2.8818E-09
7.8826E-10 9.1744E-10 1.0708E-09 1.2623E-09 1.4597E-09 1.6711E-09 1.9074E-09 2.1736E-09 2.4677E-09 2.7935E-09 3.1485E-09 3.5393E-09 3.9956E-09 4.5141E-09 5.1163E-09 5.7955E-09 6.4085E-09 6.9871E-09 7.5201E-09 7.9981E-09 8.4153E-09 8.7692E-09 9.0523E-09 9.2686E-09 9.4203E-09 9.5109E-09 9.5448E-09 9.5269E-09 9.4628E-09 9.3573E-09 9.2156E-09 9.0427E-09 8.8420E-09 8.6180E-09 8.3737E-09 8.1165E-09 7.8452E-09 7.5640E-09 7.2781E-09 6.9916E-09 6.7050E-09 6.4199E-09 6.1363E-09 5.8558E-09 5.5847E-09 5.3197E-09 5.0616E-09 4.8129E-09 4.4954E-09 4.2771E-09 4.0666E-09 3.8658E-09 3.6026E-09 3.4292E-09 3.2649E-09 3.1105E-09 2.8997E-09
8.2036E-10 9.5206E-10 1.1309E-09 1.3124E-09 1.5165E-09 1.7352E-09 1.9826E-09 2.2575E-09 2.5626E-09 2.8971E-09 3.2657E-09 3.6663E-09 4.1302E-09 4.6618E-09 5.3666E-09 6.0174E-09 6.6539E-09 7.2601E-09 7.8166E-09 8.3139E-09 8.7456E-09 9.1076E-09 9.3984E-09 9.6187E-09 9.7712E-09 9.8597E-09 9.8890E-09 9.8643E-09 9.7916E-09 9.6761E-09 9.5231E-09 9.3380E-09 9.1257E-09 8.8907E-09 8.6337E-09 8.3626E-09 8.0764E-09 7.7821E-09 7.4843E-09 7.1846E-09 6.8821E-09 6.5839E-09 6.2880E-09 5.9961E-09 5.7079E-09 5.4290E-09 5.1611E-09 4.9043E-09 4.6557E-09 4.3391E-09 4.1197E-09 3.9127E-09 3.7162E-09 3.4591E-09 3.2898E-09 3.1322E-09 2.9854E-09
8.5453E-10 9.9834E-10 1.1851E-09 1.3720E-09 1.5734E-09 1.8073E-09 2.0636E-09 2.3478E-09 2.6641E-09 3.0090E-09 3.3856E-09 3.7984E-09 4.2770E-09 4.8629E-09 5.5792E-09 6.2614E-09 6.9262E-09 7.5551E-09 8.1332E-09 8.6546E-09 9.1018E-09 9.4749E-09 9.7761E-09 1.0001E-08 1.0154E-08 1.0240E-08 1.0264E-08 1.0231E-08 1.0149E-08 1.0022E-08 9.8561E-09 9.6551E-09 9.4256E-09 9.1760E-09 8.9047E-09 8.6188E-09 8.3194E-09 8.0107E-09 7.6981E-09 7.3843E-09 7.0684E-09 6.7526E-09 6.4418E-09 6.1369E-09 5.8381E-09 5.5447E-09 5.2610E-09 4.9908E-09 4.7324E-09 4.4863E-09 4.1737E-09 3.9582E-09 3.7564E-09 3.5636E-09 3.3138E-09 3.1521E-09 3.0030E-09
8.8182E-10 1.0519E-09 1.2366E-09 1.4259E-09 1.6427E-09 1.8800E-09 2.1502E-09 2.4453E-09 2.7684E-09 3.1238E-09 3.5145E-09 3.9418E-09 4.4316E-09 5.1309E-09 5.8130E-09 6.5259E-09 7.2244E-09 7.8804E-09 8.4821E-09 9.0211E-09 9.4846E-09 9.8685E-09 1.0173E-08 1.0399E-08 1.0550E-08 1.0632E-08 1.0648E-08 1.0611E-08 1.0517E-08 1.0377E-08 1.0196E-08 9.9816E-09 9.7395E-09 9.4738E-09 9.1869E-09 8.8849E-09 8.5712E-09 8.2486E-09 7.9213E-09 7.5919E-09 7.2599E-09 6.9286E-09 6.5996E-09 6.2786E-09 5.9676E-09 5.6613E-09 5.3636E-09 5.0770E-09 4.8077E-09 4.5529E-09 4.2279E-09 4.0044E-09 3.7944E-09 3.5965E-09 3.3362E-09 3.1707E-09 3.0180E-09
9.1350E-10 1.1002E-09 1.2850E-09 1.4872E-09 1.7104E-09 1.9628E-09 2.2363E-09 2.5433E-09 2.8776E-09 3.2478E-09 3.6517E-09 4.0937E-09 4.6427E-09 5.3555E-09 6.0715E-09 6.8166E-09 7.5462E-09 8.2347E-09 8.8597E-09 9.4141E-09 9.8921E-09 1.0289E-08 1.0599E-08 1.0826E-08 1.0975E-08 1.1051E-08 1.1060E-08 1.1008E-08 1.0902E-08 1.0749E-08 1.0555E-08 1.0326E-08 1.0067E-08 9.7844E-09 9.4809E-09 9.1597E-09 8.8266E-09 8.4887E-09 8.1446E-09 7.7978E-09 7.4508E-09 7.1061E-09 6.7654E-09 6.4237E-09 6.0914E-09 5.7732E-09 5.4642E-09 5.1688E-09 4.8851E-09 4.6180E-09 4.3676E-09 4.0489E-09 3.8320E-09 3.6256E-09 3.4363E-09 3.1872E-09 3.0306E-09
9.5815E-10 1.1456E-09 1.3315E-09 1.5462E-09 1.7828E-09 2.0407E-09 2.3281E-09 2.6418E-09 2.9951E-09 3.3780E-09 3.7959E-09 4.2518E-09 4.9233E-09 5.5994E-09 6.3498E-09 7.1347E-09 7.8987E-09 8.6160E-09 9.2694E-09 9.8419E-09 1.0330E-08 1.0732E-08 1.1046E-08 1.1273E-08 1.1424E-08 1.1493E-08 1.1494E-08 1.1434E-08 1.1313E-08 1.1144E-08 1.0931E-08 1.0685E-08 1.0409E-08 1.0108E-08 9.7856E-09 9.4465E-09 9.0962E-09 8.7398E-09 8.3781E-09 8.0124E-09 7.6472E-09 7.2845E-09 6.9254E-09 6.5717E-09 6.2228E-09 5.8844E-09 5.5630E-09 5.2562E-09 4.9637E-09 4.6840E-09 4.4226E-09 4.1776E-09 3.8664E-09 3.6559E-09 3.4589E-09 3.2784E-09 3.0410E-09
1.0059E-09 1.1869E-09 1.3854E-09 1.6034E-09 1.8495E-09 2.1213E-09 2.4176E-09 2.7515E-09 3.1128E-09 3.5138E-09 3.9474E-09 4.4691E-09 5.1515E-09 5.8669E-09 6.6565E-09 7.4793E-09 8.2823E-09 9.0310E-09 9.7066E-09 1.0302E-08 1.0803E-08 1.1210E-08 1.1529E-08 1.1757E-08 1.1898E-08 1.1959E-08 1.1948E-08 1.1872E-08 1.1738E-08 1.1554E-08 1.1326E-08 1.1062E-08 1.0766E-08 1.0444E-08 1.0100E-08 9.7427E-09 9.3757E-09 9.0005E-09 8.6205E-09 8.2353E-09 7.8481E-09 7.4593E-09 7.0840E-09 6.7162E-09 6.3565E-09 6.0056E-09 5.6632E-09 5.3415E-09 5.0384E-09 4.7501E-09 4.4778E-09 4.2225E-09 3.9815E-09 3.6817E-09 3.4812E-09 3.2955E-09 3.0500E-09
1.0508E-09 1.2376E-09 1.4386E-09 1.6654E-09 1.9142E-09 2.1984E-09 2.5136E-09 2.8583E-09 3.2395E-09 3.6495E-09 4.0974E-09 4.7517E-09 5.4041E-09 6.1592E-09 6.9925E-09 7.8539E-09 8.6963E-09 9.4788E-09 1.0181E-08 1.0792E-08 1.1306E-08 1.1719E-08 1.2034E-08 1.2257E-08 1.2393E-08 1.2448E-08 1.2425E-08 1.2335E-08 1.2186E-08 1.1985E-08 1.1739E-08 1.1454E-08 1.1138E-08 1.0796E-08 1.0433E-08 1.0054E-08 9.6661E-09 9.2698E-09 8.8669E-09 8.4633E-09 8.0585E-09 7.6559E-09 7.2576E-09 6.8659E-09 6.4890E-09 6.1227E-09 5.7684E-09 5.4290E-09 5.1126E-09 4.8121E-09 4.5317E-09 4.2651E-09 4.0162E-09 3.7050E-09 3.4999E-09 3.3098E-09 3.1348E-09
1.0960E-09 1.2893E-09 1.4978E-09 1.7256E-09 1.9890E-09 2.2802E-09 2.6104E-09 2.9676E-09 3.3624E-09 3.7854E-09 4.3517E-09 4.9808E-09 5.6782E-09 6.4780E-09 7.3571E-09 8.2634E-09 9.1411E-09 9.9560E-09 1.0687E-08 1.1316E-08 1.1838E-08 1.2257E-08 1.2571E-08 1.2788E-08 1.2915E-08 1.2956E-08 1.2920E-08 1.2814E-08 1.2648E-08 1.2428E-08 1.2163E-08 1.1860E-08 1.1524E-08 1.1161E-08 1.0779E-08 1.0379E-08 9.9683E-09 9.5477E-09 9.1184E-09 8.6907E-09 8.2703E-09 7.8478E-09 7.4303E-09 7.0204E-09 6.6195E-09 6.2361E-09 5.8681E-09 5.5163E-09 5.1842E-09 4.8732E-09 4.5816E-09 4.3054E-09 4.0476E-09 3.8099E-09 3.5152E-09 3.3217E-09 3.1430E-09
1.1374E-09 1.3342E-09 1.5517E-09 1.7944E-09 2.0642E-09 2.3720E-09 2.7083E-09 3.0821E-09 3.4856E-09 4.0219E-09 4.6079E-09 5.2379E-09 5.9738E-09 6.8269E-09 7.7509E-09 8.7005E-09 9.6209E-09 1.0467E-08 1.1223E-08 1.1872E-08 1.2405E-08 1.2823E-08 1.3132E-08 1.3346E-08 1.3463E-08 1.3492E-08 1.3447E-08 1.3327E-08 1.3143E-08 1.2908E-08 1.2625E-08 1.2301E-08 1.1940E-08 1.1550E-08 1.1143E-08 1.0720E-08 1.0285E-08 9.8415E-09 9.3898E-09 8.9396E-09 8.4906E-09 8.0429E-09 7.6047E-09 7.1754E-09 6.7585E-09 6.3557E-09 5.9669E-09 5.6002E-09 5.2560E-09 4.9307E-09 4.6288E-09 4.3425E-09 4.0776E-09 3.8324E-09 3.5274E-09 3.3304E-09 3.1485E-09
1.1800E-09 1.3779E-09 1.6029E-09 1.8599E-09 2.1468E-09 2.4606E-09 2.8111E-09 3.1920E-09 3.7555E-09 4.2650E-09 4.8445E-09 5.5152E-09 6.3031E-09 7.2038E-09 8.1748E-09 9.1761E-09 1.0134E-08 1.1013E-08 1.1789E-08 1.2455E-08 1.3001E-08 1.3422E-08 1.3728E-08 1.3933E-08 1.4036E-08 1.4053E-08 1.3989E-08 1.3854E-08 1.3657E-08 1.3403E-08 1.3099E-08 1.2753E-08 1.2372E-08 1.1961E-08 1.1529E-08 1.1080E-08 1.0617E-08 1.0148E-08 9.6713E-09 9.1981E-09 8.7236E-09 8.2529E-09 7.7880E-09 7.3330E-09 6.8955E-09 6.4737E-09 6.0692E-09 5.6837E-09 5.3243E-09 4.9867E-09 4.6728E-09 4.3751E-09 4.1022E-09 3.8507E-09 3.6217E-09 3.3354E-09 3.1506E-09
1.2218E-09 1.4219E-09 1.6559E-09 1.9232E-09 2.2233E-09 2.5511E-09 2.9081E-09 3.4422E-09 3.9310E-09 4.4795E-09 5.0951E-09 5.8158E-09 6.6612E-09 7.6202E-09 8.6478E-09 9.6876E-09 1.0683E-08 1.1591E-08 1.2388E-08 1.3065E-08 1.3617E-08 1.4047E-08 1.4349E-08 1.4539E-08 1.4634E-08 1.4639E-08 1.4567E-08 1.4420E-08 1.4205E-08 1.3931E-08 1.3608E-08 1.3241E-08 1.2836E-08 1.2398E-08 1.1937E-08 1.1460E-08 1.0966E-08 1.0465E-08 9.9589E-09 9.4586E-09 8.9585E-09 8.4609E-09 7.9732E-09 7.4971E-09 7.0325E-09 6.5895E-09 6.1658E-09 5.7664E-09 5.3895E-09 5.0372E-09 4.7085E-09 4.4028E-09 4.1214E-09 3.8642E-09 3.6315E-09 3.3369E-09 3.1495E-09
1.2663E-09 1.4743E-09 1.7146E-09 1.9867E-09 2.2933E-09 2.6339E-09 3.0102E-09 3.5966E-09 4.1201E-09 4.7014E-09 5.3579E-09 6.1380E-09 7.0494E-09 8.0803E-09 9.1602E-09 1.0246E-08 1.1275E-08 1.2202E-08 1.3013E-08 1.3702E-08 1.4259E-08 1.4689E-08 1.4995E-08 1.5179E-08 1.5265E-08 1.5259E-08 1.5170E-08 1.5006E-08 1.4775E-08 1.4487E-08 1.4143E-08 1.3766E-08 1.3334E-08 1.2868E-08 1.2375E-08 1.1864E-08 1.1334E-08 1.0804E-08 1.0268E-08 9.7368E-09 9.2043E-09 8.6772E-09 8.1618E-09 7.6590E-09 7.1732E-09 6.7049E-09 6.2591E-09 5.8407E-09 5.4494E-09 5.0830E-09 4.7397E-09 4.4257E-09 4.1375E-09 3.8741E-09 3.6367E-09 3.4181E-09 3.1437E-09
1.3116E-09 1.5264E-09 1.7776E-09 2.0515E-09 2.3618E-09 2.7128E-09 3.2646E-09 3.7586E-09 4.3157E-09 4.9317E-09 5.6379E-09 6.4776E-09 7.4651E-09 8.5637E-09 9.7110E-09 1.0843E-08 1.1905E-08 1.2855E-08 1.3680E-08 1.4367E-08 1.4927E-08 1.5351E-08 1.5662E-08 1.5857E-08 1.5936E-08 1.5915E-08 1.5820E-08 1.5655E-08 1.5413E-08 1.5106E-08 1.4741E-08 1.4325E-08 1.3865E-08 1.3367E-08 1.2842E-08 1.2298E-08 1.1735E-08 1.1173E-08 1.0602E-08 1.0037E-08 9.4672E-09 8.8999E-09 8.3514E-09 7.8211E-09 7.3107E-09 6.8198E-09 6.3528E-09 5.9111E-09 5.5027E-09 5.1215E-09 4.7675E-09 4.4423E-09 4.1477E-09 3.8790E-09 3.6344E-09 3.4119E-09 3.1309E-09
1.3563E-09 1.5810E-09 1.8326E-09 2.1177E-09 2.4356E-09 2.9299E-09 3.3975E-09 3.9271E-09 4.5131E-09 5.1784E-09 5.9315E-09 6.8408E-09 7.8957E-09 9.0689E-09 1.0277E-08 1.1463E-08 1.2571E-08 1.3549E-08 1.4386E-08 1.5072E-08 1.5633E-08 1.6060E-08 1.6365E-08 1.6555E-08 1.6641E-08 1.6624E-08 1.6515E-08 1.6327E-08 1.6068E-08 1.5759E-08 1.5372E-08 1.4930E-08 1.4441E-08 1.3911E-08 1.3344E-08 1.2760E-08 1.2159E-08 1.1559E-08 1.0948E-08 1.0344E-08 9.7430E-09 9.1483E-09 8.5655E-09 7.9940E-09 7.4446E-09 6.9274E-09 6.4366E-09 5.9760E-09 5.5501E-09 5.1508E-09 4.7864E-09 4.4518E-09 4.1473E-09 3.8732E-09 3.6244E-09 3.3996E-09 3.1144E-09
1.3999E-09 1.6314E-09 1.8875E-09 2.1751E-09 2.5521E-09 3.0442E-09 3.5326E-09 4.0894E-09 4.7186E-09 5.4308E-09 6.2435E-09 7.2197E-09 8.3456E-09 9.5885E-09 1.0853E-08 1.2096E-08 1.3247E-08 1.4260E-08 1.5124E-08 1.5834E-08 1.6389E-08 1.6807E-08 1.7113E-08 1.7299E-08 1.7385E-08 1.7377E-08 1.7262E-08 1.7063E-08 1.6787E-08 1.6444E-08 1.6035E-08 1.5585E-08 1.5066E-08 1.4501E-08 1.3901E-08 1.3282E-08 1.2635E-08 1.1982E-08 1.1326E-08 1.0669E-08 1.0021E-08 9.3900E-09 8.7731E-09 8.1740E-09 7.5954E-09 7.0362E-09 6.5154E-09 6.0335E-09 5.5897E-09 5.1730E-09 4.7925E-09 4.4495E-09 4.1391E-09 3.8608E-09 3.6121E-09 3.3859E-09 3.1807E-09
1.4399E-09 1.6774E-09 1.9390E-09 2.2349E-09 2.6733E-09 3.1604E-09 3.6646E-09 4.2527E-09 4.9265E-09 5.6884E-09 6.5633E-09 7.6071E-09 8.8068E-09 1.0117E-08 1.1449E-08 1.2733E-08 1.3925E-08 1.4983E-08 1.5874E-08 1.6607E-08 1.7183E-08 1.7615E-08 1.7921E-08 1.8112E-08 1.8184E-08 1.8161E-08 1.8042E-08 1.7866E-08 1.7581E-08 1.7220E-08 1.6793E-08 1.6300E-08 1.5748E-08 1.5140E-08 1.4489E-08 1.3827E-08 1.3140E-08 1.2447E-08 1.1745E-08 1.1048E-08 1.0352E-08 9.6535E-09 8.9794E-09 8.3431E-09 7.7311E-09 7.1484E-09 6.5968E-09 6.0801E-09 5.6123E-09 5.1800E-09 4.7897E-09 4.4394E-09 4.1274E-09 3.8494E-09 3.5973E-09 3.3702E-09 3.1612E-09
1.4770E-09 1.7152E-09 1.9847E-09 2.3351E-09 2.8017E-09 3.2636E-09 3.8014E-09 4.4132E-09 5.1322E-09 5.9497E-09 6.8782E-09 7.9933E-09 9.2676E-09 1.0658E-08 1.2044E-08 1.3384E-08 1.4615E-08 1.5695E-08 1.6614E-08 1.7386E-08 1.8000E-08 1.8469E-08 1.8781E-08 1.8977E-08 1.9070E-08 1.9048E-08 1.8919E-08 1.8707E-08 1.8405E-08 1.8051E-08 1.7603E-08 1.7085E-08 1.6501E-08 1.5860E-08 1.5169E-08 1.4450E-08 1.3700E-08 1.2942E-08 1.2177E-08 1.1427E-08 1.0684E-08 9.9497E-09 9.2325E-09 8.5269E-09 7.8594E-09 7.2419E-09 6.6645E-09 6.1282E-09 5.6272E-09 5.1808E-09 4.7853E-09 4.4326E-09 4.1156E-09 3.8332E-09 3.5788E-09 3.3490E-09 3.1395E-09
1.5018E-09 1.7487E-09 2.0229E-09 2.4349E-09 2.8860E-09 3.3641E-09 3.9206E-09 4.5773E-09 5.3312E-09 6.2049E-09 7.1866E-09 8.3727E-09 9.7211E-09 1.1192E-08 1.2647E-08 1.4029E-08 1.5292E-08 1.6403E-08 1.7366E-08 1.8170E-08 1.8814E-08 1.9319E-08 1.9684E-08 1.9909E-08 2.0003E-08 1.9995E-08 1.9873E-08 1.9653E-08 1.9340E-08 1.8946E-08 1.8474E-08 1.7930E-08 1.7314E-08 1.6665E-08 1.5927E-08 1.5160E-08 1.4358E-08 1.3538E-08 1.2699E-08 1.1853E-08 1.1029E-08 1.0238E-08 9.4670E-09 8.7267E-09 8.0115E-09 7.3287E-09 6.7166E-09 6.1618E-09 5.6537E-09 5.1897E-09 4.7814E-09 4.4208E-09 4.0985E-09 3.8117E-09 3.5554E-09 3.3199E-09 3.1150E-09
