Assets/Resources/2015_m01_d22_1500(utc+0800)_l00_csi_1hr_conc.grd
DSAA
         159         159
     -79.000      79.000
     -79.000      79.000
  0.0000E+00  0.2313E-05
[rows 0 to 24 of 159, columns 57 to 113 of 159]
1.0950E-08 1.0992E-08 1.1007E-08 1.0994E-08 1.0959E-08 1.0901E-08 1.0822E-08 1.0725E-08 1.0610E-08 1.0480E-08 1.0335E-08 1.0180E-08 1.0012E-08 9.8345E-09 9.6519E-09 9.4630E-09 9.2644E-09 9.0645E-09 8.8594E-09 8.6517E-09 8.4514E-09 8.2559E-09 8.0496E-09 7.8703E-09 7.6881E-09 7.5082E-09 7.3319E-09 7.1522E-09 6.9846E-09 6.8203E-09 6.6504E-09 6.4765E-09 6.3177E-09 6.1553E-09 6.0088E-09 5.8739E-09 5.7402E-09 5.6078E-09 5.4734E-09 5.3304E-09 5.1976E-09 5.0643E-09 4.9429E-09 4.8225E-09 4.7020E-09 4.5841E-09 4.4674E-09 4.3517E-09 4.2358E-09 4.1192E-09 4.0060E-09 3.8967E-09 3.7876E-09 3.6780E-09 3.5722E-09 3.4703E-09 3.3672E-09
1.1817E-08 1.1848E-08 1.1848E-08 1.1820E-08 1.1766E-08 1.1687E-08 1.1586E-08 1.1464E-08 1.1324E-08 1.1169E-08 1.0998E-08 1.0817E-08 1.0623E-08 1.0421E-08 1.0210E-08 9.9952E-09 9.7755E-09 9.5538E-09 9.3233E-09 9.0869E-09 8.8648E-09 8.6504E-09 8.4278E-09 8.2234E-09 8.0172E-09 7.8229E-09 7.6284E-09 7.4339E-09 7.2528E-09 7.0757E-09 6.9023E-09 6.7139E-09 6.5413E-09 6.3736E-09 6.2079E-09 6.0617E-09 5.9203E-09 5.7805E-09 5.6422E-09 5.4956E-09 5.3518E-09 5.2115E-09 5.0798E-09 4.9537E-09 4.8276E-09 4.7043E-09 4.5825E-09 4.4622E-09 4.3422E-09 4.2227E-09 4.1021E-09 3.9891E-09 3.8765E-09 3.7640E-09 3.6531E-09 3.5458E-09 3.4415E-09
1.2742E-08 1.2760E-08 1.2745E-08 1.2699E-08 1.2623E-08 1.2520E-08 1.2395E-08 1.2246E-08 1.2078E-08 1.1894E-08 1.1695E-08 1.1484E-08 1.1262E-08 1.1030E-08 1.0790E-08 1.0546E-08 1.0299E-08 1.0049E-08 9.8002E-09 9.5427E-09 9.2826E-09 9.0456E-09 8.8139E-09 8.5679E-09 8.3554E-09 8.1389E-09 7.9314E-09 7.7288E-09 7.5220E-09 7.3316E-09 7.1461E-09 6.9588E-09 6.7616E-09 6.5859E-09 6.4118E-09 6.2481E-09 6.0986E-09 5.9511E-09 5.8055E-09 5.6550E-09 5.5038E-09 5.3565E-09 5.2142E-09 5.0823E-09 4.9506E-09 4.8220E-09 4.6950E-09 4.5698E-09 4.4459E-09 4.3223E-09 4.1979E-09 4.0788E-09 3.9624E-09 3.8476E-09 3.7322E-09 3.6210E-09 3.5138E-09
1.3723E-08 1.3726E-08 1.3693E-08 1.3626E-08 1.3526E-08 1.3398E-08 1.3243E-08 1.3065E-08 1.2866E-08 1.2650E-08 1.2420E-08 1.2177E-08 1.1923E-08 1.1659E-08 1.1389E-08 1.1115E-08 1.0836E-08 1.0558E-08 1.0280E-08 1.0005E-08 9.7195E-09 9.4473E-09 9.1947E-09 8.9408E-09 8.6875E-09 8.4563E-09 8.2326E-09 8.0125E-09 7.7917E-09 7.5870E-09 7.3887E-09 7.1953E-09 6.9892E-09 6.7937E-09 6.6126E-09 6.4378E-09 6.2742E-09 6.1191E-09 5.9661E-09 5.8118E-09 5.6571E-09 5.4945E-09 5.3456E-09 5.2080E-09 5.0706E-09 4.9366E-09 4.8045E-09 4.6743E-09 4.5463E-09 4.4184E-09 4.2907E-09 4.1656E-09 4.0454E-09 3.9272E-09 3.8087E-09 3.6926E-09 3.5817E-09
1.4749E-08 1.4737E-08 1.4683E-08 1.4592E-08 1.4467E-08 1.4311E-08 1.4125E-08 1.3914E-08 1.3682E-08 1.3432E-08 1.3167E-08 1.2891E-08 1.2603E-08 1.2307E-08 1.2003E-08 1.1696E-08 1.1386E-08 1.1077E-08 1.0769E-08 1.0465E-08 1.0165E-08 9.8566E-09 9.5759E-09 9.3058E-09 9.0306E-09 8.7799E-09 8.5332E-09 8.2978E-09 8.0720E-09 7.8408E-09 7.6292E-09 7.4239E-09 7.2154E-09 7.0032E-09 6.8104E-09 6.6241E-09 6.4484E-09 6.2834E-09 6.1230E-09 5.9651E-09 5.8032E-09 5.6375E-09 5.4778E-09 5.3299E-09 5.1869E-09 5.0476E-09 4.9104E-09 4.7752E-09 4.6429E-09 4.5110E-09 4.3808E-09 4.2506E-09 4.1250E-09 4.0032E-09 3.8827E-09 3.7625E-09 3.6473E-09
1.5833E-08 1.5802E-08 1.5726E-08 1.5609E-08 1.5455E-08 1.5266E-08 1.5047E-08 1.4801E-08 1.4532E-08 1.4246E-08 1.3943E-08 1.3628E-08 1.3303E-08 1.2969E-08 1.2631E-08 1.2289E-08 1.1946E-08 1.1604E-08 1.1265E-08 1.0930E-08 1.0604E-08 1.0281E-08 9.9602E-09 9.6665E-09 9.3787E-09 9.0915E-09 8.8317E-09 8.5803E-09 8.3349E-09 8.0979E-09 7.8665E-09 7.6485E-09 7.4339E-09 7.2154E-09 7.0011E-09 6.8052E-09 6.6204E-09 6.4433E-09 6.2756E-09 6.1105E-09 5.9416E-09 5.7725E-09 5.6058E-09 5.4476E-09 5.2990E-09 5.1544E-09 5.0121E-09 4.8721E-09 4.7354E-09 4.5995E-09 4.4652E-09 4.3318E-09 4.2010E-09 4.0755E-09 3.9520E-09 3.8289E-09 3.7103E-09
1.6959E-08 1.6907E-08 1.6806E-08 1.6661E-08 1.6475E-08 1.6252E-08 1.5996E-08 1.5712E-08 1.5405E-08 1.5078E-08 1.4735E-08 1.4380E-08 1.4015E-08 1.3642E-08 1.3267E-08 1.2889E-08 1.2511E-08 1.2136E-08 1.1763E-08 1.1397E-08 1.1043E-08 1.0694E-08 1.0352E-08 1.0025E-08 9.7169E-09 9.4169E-09 9.1317E-09 8.8587E-09 8.5980E-09 8.3467E-09 8.0990E-09 7.8683E-09 7.6446E-09 7.4179E-09 7.1926E-09 6.9815E-09 6.7846E-09 6.6011E-09 6.4228E-09 6.2508E-09 6.0785E-09 5.9027E-09 5.7334E-09 5.5603E-09 5.4062E-09 5.2564E-09 5.1091E-09 4.9643E-09 4.8234E-09 4.6835E-09 4.5453E-09 4.4082E-09 4.2739E-09 4.1439E-09 4.0172E-09 3.8924E-09 3.7691E-09
1.8118E-08 1.8044E-08 1.7918E-08 1.7741E-08 1.7520E-08 1.7261E-08 1.6967E-08 1.6642E-08 1.6294E-08 1.5925E-08 1.5539E-08 1.5141E-08 1.4735E-08 1.4322E-08 1.3907E-08 1.3491E-08 1.3078E-08 1.2668E-08 1.2260E-08 1.1863E-08 1.1479E-08 1.1104E-08 1.0739E-08 1.0383E-08 1.0049E-08 9.7313E-09 9.4208E-09 9.1313E-09 8.8552E-09 8.5880E-09 8.3317E-09 8.0819E-09 7.8467E-09 7.6112E-09 7.3820E-09 7.1548E-09 6.9458E-09 6.7522E-09 6.5646E-09 6.3851E-09 6.2061E-09 6.0272E-09 5.8516E-09 5.6765E-09 5.5079E-09 5.3531E-09 5.2009E-09 5.0515E-09 4.9062E-09 4.7625E-09 4.6205E-09 4.4798E-09 4.3427E-09 4.2080E-09 4.0782E-09 3.9508E-09 3.8244E-09
1.9311E-08 1.9217E-08 1.9061E-08 1.8852E-08 1.8593E-08 1.8293E-08 1.7957E-08 1.7591E-08 1.7198E-08 1.6783E-08 1.6353E-08 1.5910E-08 1.5459E-08 1.5004E-08 1.4547E-08 1.4093E-08 1.3642E-08 1.3198E-08 1.2756E-08 1.2324E-08 1.1909E-08 1.1508E-08 1.1115E-08 1.0741E-08 1.0376E-08 1.0036E-08 9.7106E-09 9.3994E-09 9.1046E-09 8.8226E-09 8.5511E-09 8.2888E-09 8.0411E-09 7.7997E-09 7.5602E-09 7.3264E-09 7.0964E-09 6.8952E-09 6.7013E-09 6.5126E-09 6.3307E-09 6.1417E-09 5.9598E-09 5.7825E-09 5.6035E-09 5.4438E-09 5.2869E-09 5.1330E-09 4.9835E-09 4.8362E-09 4.6904E-09 4.5462E-09 4.4062E-09 4.2679E-09 4.1352E-09 4.0046E-09 3.8765E-09
2.0526E-08 2.0407E-08 2.0220E-08 1.9975E-08 1.9678E-08 1.9335E-08 1.8954E-08 1.8542E-08 1.8103E-08 1.7642E-08 1.7165E-08 1.6677E-08 1.6180E-08 1.5681E-08 1.5182E-08 1.4688E-08 1.4199E-08 1.3717E-08 1.3242E-08 1.2777E-08 1.2331E-08 1.1899E-08 1.1484E-08 1.1083E-08 1.0696E-08 1.0332E-08 9.9877E-09 9.6569E-09 9.3445E-09 9.0479E-09 8.7628E-09 8.4899E-09 8.2266E-09 7.9745E-09 7.7297E-09 7.4871E-09 7.2492E-09 7.0299E-09 6.8296E-09 6.6332E-09 6.4443E-09 6.2527E-09 6.0649E-09 5.8818E-09 5.6971E-09 5.5279E-09 5.3666E-09 5.2084E-09 5.0549E-09 4.9039E-09 4.7547E-09 4.6072E-09 4.4642E-09 4.3231E-09 4.1867E-09 4.0535E-09 3.9233E-09
2.1750E-08 2.1603E-08 2.1386E-08 2.1103E-08 2.0766E-08 2.0378E-08 1.9951E-08 1.9491E-08 1.9004E-08 1.8494E-08 1.7969E-08 1.7434E-08 1.6892E-08 1.6348E-08 1.5807E-08 1.5271E-08 1.4745E-08 1.4224E-08 1.3714E-08 1.3218E-08 1.2741E-08 1.2280E-08 1.1838E-08 1.1414E-08 1.1007E-08 1.0615E-08 1.0253E-08 9.9062E-09 9.5752E-09 9.2619E-09 8.9636E-09 8.6773E-09 8.4027E-09 8.1417E-09 7.8845E-09 7.6351E-09 7.3947E-09 7.1587E-09 6.9487E-09 6.7462E-09 6.5499E-09 6.3521E-09 6.1585E-09 5.9697E-09 5.7836E-09 5.6050E-09 5.4394E-09 5.2771E-09 5.1199E-09 4.9654E-09 4.8130E-09 4.6623E-09 4.5164E-09 4.3728E-09 4.2330E-09 4.0980E-09 3.9649E-09
2.2971E-08 2.2799E-08 2.2550E-08 2.2230E-08 2.1848E-08 2.1415E-08 2.0938E-08 2.0428E-08 1.9891E-08 1.9332E-08 1.8759E-08 1.8175E-08 1.7587E-08 1.6998E-08 1.6414E-08 1.5837E-08 1.5271E-08 1.4713E-08 1.4170E-08 1.3642E-08 1.3133E-08 1.2647E-08 1.2175E-08 1.1729E-08 1.1299E-08 1.0887E-08 1.0504E-08 1.0141E-08 9.7920E-09 9.4635E-09 9.1519E-09 8.8539E-09 8.5680E-09 8.2955E-09 8.0284E-09 7.7756E-09 7.5272E-09 7.2852E-09 7.0579E-09 6.8500E-09 6.6467E-09 6.4428E-09 6.2473E-09 6.0535E-09 5.8624E-09 5.6789E-09 5.5048E-09 5.3387E-09 5.1779E-09 5.0202E-09 4.8647E-09 4.7126E-09 4.5626E-09 4.4166E-09 4.2741E-09 4.1364E-09 4.0013E-09
2.4175E-08 2.3982E-08 2.3698E-08 2.3340E-08 2.2912E-08 2.2433E-08 2.1905E-08 2.1343E-08 2.0754E-08 2.0147E-08 1.9524E-08 1.8893E-08 1.8258E-08 1.7625E-08 1.6996E-08 1.6380E-08 1.5773E-08 1.5179E-08 1.4603E-08 1.4045E-08 1.3507E-08 1.2991E-08 1.2497E-08 1.2024E-08 1.1575E-08 1.1144E-08 1.0738E-08 1.0359E-08 9.9963E-09 9.6506E-09 9.3263E-09 9.0166E-09 8.7205E-09 8.4370E-09 8.1656E-09 7.8990E-09 7.6428E-09 7.3986E-09 7.1602E-09 6.9432E-09 6.7343E-09 6.5241E-09 6.3234E-09 6.1246E-09 5.9326E-09 5.7448E-09 5.5623E-09 5.3926E-09 5.2286E-09 5.0679E-09 4.9096E-09 4.7548E-09 4.6024E-09 4.4542E-09 4.3095E-09 4.1691E-09 4.0322E-09
2.5354E-08 2.5136E-08 2.4819E-08 2.4419E-08 2.3949E-08 2.3419E-08 2.2841E-08 2.2225E-08 2.1585E-08 2.0927E-08 2.0256E-08 1.9578E-08 1.8897E-08 1.8219E-08 1.7552E-08 1.6892E-08 1.6247E-08 1.5616E-08 1.5007E-08 1.4421E-08 1.3857E-08 1.3313E-08 1.2794E-08 1.2298E-08 1.1829E-08 1.1380E-08 1.0956E-08 1.0559E-08 1.0183E-08 9.8225E-09 9.4852E-09 9.1644E-09 8.8585E-09 8.5654E-09 8.2847E-09 8.0100E-09 7.7520E-09 7.4980E-09 7.2547E-09 7.0253E-09 6.8115E-09 6.5952E-09 6.3897E-09 6.1901E-09 5.9901E-09 5.7980E-09 5.6115E-09 5.4385E-09 5.2715E-09 5.1080E-09 4.9472E-09 4.7901E-09 4.6354E-09 4.4852E-09 4.3386E-09 4.1960E-09 4.0581E-09
2.6496E-08 2.6248E-08 2.5901E-08 2.5460E-08 2.4946E-08 2.4364E-08 2.3734E-08 2.3067E-08 2.2374E-08 2.1665E-08 2.0947E-08 2.0221E-08 1.9496E-08 1.8776E-08 1.8067E-08 1.7369E-08 1.6687E-08 1.6020E-08 1.5380E-08 1.4765E-08 1.4175E-08 1.3609E-08 1.3065E-08 1.2549E-08 1.2059E-08 1.1593E-08 1.1153E-08 1.0740E-08 1.0350E-08 9.9774E-09 9.6267E-09 9.2960E-09 8.9805E-09 8.6792E-09 8.3895E-09 8.1127E-09 7.8422E-09 7.5876E-09 7.3376E-09 7.0988E-09 6.8771E-09 6.6593E-09 6.4457E-09 6.2420E-09 6.0379E-09 5.8462E-09 5.6563E-09 5.4759E-09 5.3063E-09 5.1403E-09 4.9773E-09 4.8180E-09 4.6615E-09 4.5095E-09 4.3613E-09 4.2168E-09 4.0773E-09
2.7583E-08 2.7306E-08 2.6925E-08 2.6446E-08 2.5884E-08 2.5254E-08 2.4574E-08 2.3855E-08 2.3111E-08 2.2352E-08 2.1584E-08 2.0815E-08 2.0046E-08 1.9287E-08 1.8537E-08 1.7805E-08 1.7084E-08 1.6387E-08 1.5716E-08 1.5075E-08 1.4460E-08 1.3872E-08 1.3308E-08 1.2771E-08 1.2263E-08 1.1781E-08 1.1328E-08 1.0898E-08 1.0496E-08 1.0112E-08 9.7500E-09 9.4096E-09 9.0859E-09 8.7768E-09 8.4795E-09 8.1953E-09 7.9187E-09 7.6580E-09 7.4019E-09 7.1568E-09 6.9307E-09 6.7088E-09 6.4907E-09 6.2835E-09 6.0796E-09 5.8809E-09 5.6876E-09 5.5045E-09 5.3325E-09 5.1645E-09 4.9995E-09 4.8384E-09 4.6802E-09 4.5268E-09 4.3772E-09 4.2313E-09 4.0903E-09
2.8601E-08 2.8299E-08 2.7880E-08 2.7365E-08 2.6756E-08 2.6081E-08 2.5349E-08 2.4581E-08 2.3786E-08 2.2978E-08 2.2163E-08 2.1350E-08 2.0542E-08 1.9742E-08 1.8957E-08 1.8189E-08 1.7436E-08 1.6710E-08 1.6011E-08 1.5345E-08 1.4708E-08 1.4100E-08 1.3518E-08 1.2962E-08 1.2439E-08 1.1943E-08 1.1477E-08 1.1034E-08 1.0619E-08 1.0226E-08 9.8537E-09 9.5045E-09 9.1731E-09 8.8573E-09 8.5530E-09 8.2625E-09 7.9854E-09 7.7139E-09 7.4585E-09 7.2084E-09 6.9716E-09 6.7464E-09 6.5243E-09 6.3140E-09 6.1071E-09 5.9054E-09 5.7137E-09 5.5238E-09 5.3500E-09 5.1802E-09 5.0136E-09 4.8509E-09 4.6915E-09 4.5368E-09 4.3862E-09 4.2393E-09 4.0970E-09
2.9541E-08 2.9213E-08 2.8758E-08 2.8201E-08 2.7551E-08 2.6828E-08 2.6050E-08 2.5232E-08 2.4392E-08 2.3534E-08 2.2675E-08 2.1818E-08 2.0972E-08 2.0136E-08 1.9319E-08 1.8515E-08 1.7736E-08 1.6983E-08 1.6262E-08 1.5571E-08 1.4915E-08 1.4289E-08 1.3691E-08 1.3122E-08 1.2583E-08 1.2075E-08 1.1598E-08 1.1145E-08 1.0719E-08 1.0317E-08 9.9362E-09 9.5792E-09 9.2414E-09 8.9194E-09 8.6094E-09 8.3132E-09 8.0309E-09 7.7547E-09 7.4951E-09 7.2403E-09 7.0028E-09 6.7714E-09 6.5463E-09 6.3331E-09 6.1237E-09 5.9235E-09 5.7257E-09 5.5378E-09 5.3583E-09 5.1871E-09 5.0192E-09 4.8554E-09 4.6950E-09 4.5394E-09 4.3881E-09 4.2405E-09 4.0973E-09
3.0391E-08 3.0029E-08 2.9545E-08 2.8944E-08 2.8255E-08 2.7486E-08 2.6663E-08 2.5801E-08 2.4915E-08 2.4013E-08 2.3110E-08 2.2215E-08 2.1331E-08 2.0464E-08 1.9613E-08 1.8784E-08 1.7977E-08 1.7203E-08 1.6461E-08 1.5753E-08 1.5079E-08 1.4437E-08 1.3826E-08 1.3244E-08 1.2693E-08 1.2177E-08 1.1689E-08 1.1228E-08 1.0792E-08 1.0383E-08 9.9963E-09 9.6326E-09 9.2894E-09 8.9621E-09 8.6476E-09 8.3464E-09 8.0599E-09 7.7825E-09 7.5166E-09 7.2643E-09 7.0173E-09 6.7835E-09 6.5596E-09 6.3406E-09 6.1291E-09 5.9271E-09 5.7275E-09 5.5382E-09 5.3573E-09 5.1851E-09 5.0163E-09 4.8504E-09 4.6907E-09 4.5346E-09 4.3828E-09 4.2349E-09 4.0911E-09
3.1143E-08 3.0750E-08 3.0232E-08 2.9592E-08 2.8860E-08 2.8050E-08 2.7182E-08 2.6278E-08 2.5348E-08 2.4408E-08 2.3465E-08 2.2530E-08 2.1613E-08 2.0716E-08 1.9838E-08 1.8983E-08 1.8158E-08 1.7366E-08 1.6605E-08 1.5885E-08 1.5195E-08 1.4542E-08 1.3919E-08 1.3328E-08 1.2768E-08 1.2245E-08 1.1750E-08 1.1282E-08 1.0839E-08 1.0425E-08 1.0033E-08 9.6639E-09 9.3160E-09 8.9848E-09 8.6666E-09 8.3616E-09 8.0717E-09 7.7942E-09 7.5228E-09 7.2678E-09 7.0181E-09 6.7824E-09 6.5534E-09 6.3360E-09 6.1231E-09 5.9198E-09 5.7230E-09 5.5286E-09 5.3469E-09 5.1740E-09 5.0048E-09 4.8385E-09 4.6785E-09 4.5221E-09 4.3703E-09 4.2223E-09 4.0783E-09
3.1779E-08 3.1360E-08 3.0802E-08 3.0128E-08 2.9354E-08 2.8506E-08 2.7598E-08 2.6655E-08 2.5685E-08 2.4707E-08 2.3729E-08 2.2761E-08 2.1813E-08 2.0889E-08 1.9989E-08 1.9114E-08 1.8273E-08 1.7465E-08 1.6695E-08 1.5960E-08 1.5264E-08 1.4600E-08 1.3970E-08 1.3373E-08 1.2806E-08 1.2278E-08 1.1779E-08 1.1305E-08 1.0859E-08 1.0440E-08 1.0045E-08 9.6718E-09 9.3211E-09 8.9868E-09 8.6660E-09 8.3584E-09 8.0661E-09 7.7865E-09 7.5160E-09 7.2564E-09 7.0110E-09 6.7678E-09 6.5378E-09 6.3192E-09 6.1055E-09 5.9015E-09 5.7040E-09 5.5090E-09 5.3269E-09 5.1538E-09 4.9844E-09 4.8183E-09 4.6582E-09 4.5020E-09 4.3504E-09 4.2020E-09 4.0583E-09
3.2300E-08 3.1850E-08 3.1255E-08 3.0547E-08 2.9736E-08 2.8849E-08 2.7907E-08 2.6924E-08 2.5920E-08 2.4908E-08 2.3899E-08 2.2902E-08 2.1925E-08 2.0978E-08 2.0058E-08 1.9172E-08 1.8319E-08 1.7502E-08 1.6723E-08 1.5982E-08 1.5280E-08 1.4610E-08 1.3976E-08 1.3375E-08 1.2807E-08 1.2277E-08 1.1774E-08 1.1298E-08 1.0850E-08 1.0429E-08 1.0031E-08 9.6563E-09 9.3035E-09 8.9674E-09 8.6452E-09 8.3362E-09 8.0426E-09 7.7619E-09 7.4904E-09 7.2299E-09 6.9836E-09 6.7361E-09 6.5092E-09 6.2901E-09 6.0762E-09 5.8720E-09 5.6744E-09 5.4793E-09 5.2973E-09 5.1244E-09 4.9553E-09 4.7897E-09 4.6300E-09 4.4743E-09 4.3226E-09 4.1754E-09 4.0324E-09
3.2704E-08 3.2212E-08 3.1586E-08 3.0840E-08 2.9996E-08 2.9073E-08 2.8097E-08 2.7081E-08 2.6045E-08 2.5003E-08 2.3968E-08 2.2947E-08 2.1949E-08 2.0982E-08 2.0050E-08 1.9154E-08 1.8293E-08 1.7474E-08 1.6690E-08 1.5948E-08 1.5242E-08 1.4572E-08 1.3936E-08 1.3335E-08 1.2769E-08 1.2238E-08 1.1735E-08 1.1260E-08 1.0811E-08 1.0390E-08 9.9918E-09 9.6166E-09 9.2632E-09 8.9266E-09 8.6041E-09 8.2950E-09 8.0011E-09 7.7203E-09 7.4487E-09 7.1882E-09 6.9417E-09 6.6974E-09 6.4677E-09 6.2489E-09 6.0352E-09 5.8314E-09 5.6343E-09 5.4436E-09 5.2582E-09 5.0858E-09 4.9175E-09 4.7527E-09 4.5938E-09 4.4390E-09 4.2883E-09 4.1418E-09 3.9998E-09
3.2980E-08 3.2445E-08 3.1786E-08 3.1004E-08 3.0128E-08 2.9174E-08 2.8166E-08 2.7123E-08 2.6060E-08 2.4990E-08 2.3934E-08 2.2895E-08 2.1882E-08 2.0900E-08 1.9959E-08 1.9058E-08 1.8198E-08 1.7376E-08 1.6597E-08 1.5854E-08 1.5153E-08 1.4483E-08 1.3851E-08 1.3252E-08 1.2692E-08 1.2164E-08 1.1663E-08 1.1190E-08 1.0743E-08 1.0322E-08 9.9265E-09 9.5525E-09 9.1999E-09 8.8643E-09 8.5428E-09 8.2347E-09 7.9416E-09 7.6590E-09 7.3910E-09 7.1313E-09 6.8853E-09 6.6420E-09 6.4132E-09 6.1954E-09 5.9826E-09 5.7798E-09 5.5836E-09 5.3940E-09 5.2095E-09 5.0383E-09 4.8712E-09 4.7077E-09 4.5498E-09 4.3963E-09 4.2468E-09 4.1015E-09 3.9607E-09
3.3124E-08 3.2557E-08 3.1856E-08 3.1044E-08 3.0132E-08 2.9151E-08 2.8114E-08 2.7046E-08 2.5959E-08 2.4870E-08 2.3794E-08 2.2743E-08 2.1721E-08 2.0733E-08 1.9785E-08 1.8887E-08 1.8030E-08 1.7213E-08 1.6440E-08 1.5705E-08 1.5009E-08 1.4346E-08 1.3721E-08 1.3127E-08 1.2576E-08 1.2053E-08 1.1557E-08 1.1088E-08 1.0644E-08 1.0228E-08 9.8351E-09 9.4640E-09 9.1139E-09 8.7807E-09 8.4591E-09 8.1530E-09 7.8617E-09 7.5836E-09 7.3173E-09 7.0592E-09 6.8148E-09 6.5731E-09 6.3460E-09 6.1297E-09 5.9186E-09 5.7173E-09 5.5227E-09 5.3346E-09 5.1517E-09 4.9819E-09 4.8164E-09 4.6545E-09 4.4981E-09 4.3461E-09 4.1982E-09 4.0544E-09 3.9154E-09
