Assets/Resources/2015_m01_d12_1100(utc+0800)_l00_csi_1hr_conc.grd
DSAA
         159         159
     -79.000      79.000
     -79.000      79.000
  0.0000E+00  0.2255E-05
[rows 50 to 74 of 159, columns 0 to 56 of 159]
7.5818E-09 8.1465E-09 8.7035E-09 9.2499E-09 9.7757E-09 1.0272E-08 1.0732E-08 1.1145E-08 1.1504E-08 1.1803E-08 1.2027E-08 1.2176E-08 1.2243E-08 1.2222E-08 1.2109E-08 1.1909E-08 1.1616E-08 1.1241E-08 1.0782E-08 1.0254E-08 9.6631E-09 9.0245E-09 8.3466E-09 7.6381E-09 6.9207E-09 6.2080E-09 5.5092E-09 4.8335E-09 4.1924E-09 3.5886E-09 3.0362E-09 2.5380E-09 2.0915E-09 1.6951E-09 1.3587E-09 1.0735E-09 8.3424E-10 6.3301E-10 4.6963E-10 3.4188E-10 2.4247E-10 1.6629E-10 1.0900E-10 6.6315E-11 3.5632E-11 1.5416E-11 5.9662E-12 9.1619E-13 0.0000E+00 0.0000E+00 0.0000E+00 0.0000E+00 0.0000E+00 0.0000E+00 0.0000E+00 0.0000E+00 0.0000E+00
7.4777E-09 8.0618E-09 8.6444E-09 9.2217E-09 9.7815E-09 1.0319E-08 1.0825E-08 1.1289E-08 1.1703E-08 1.2059E-08 1.2346E-08 1.2559E-08 1.2688E-08 1.2728E-08 1.2675E-08 1.2527E-08 1.2283E-08 1.1947E-08 1.1521E-08 1.1015E-08 1.0435E-08 9.7955E-09 9.1071E-09 8.3824E-09 7.6329E-09 6.8667E-09 6.1213E-09 5.3973E-09 4.7042E-09 4.0475E-09 3.4386E-09 2.8802E-09 2.3866E-09 1.9461E-09 1.5637E-09 1.2327E-09 9.6111E-10 7.3612E-10 5.4723E-10 3.9536E-10 2.8122E-10 1.9448E-10 1.2921E-10 8.0498E-11 4.5274E-11 2.1343E-11 7.3422E-12 1.2378E-12 0.0000E+00 0.0000E+00 0.0000E+00 0.0000E+00 0.0000E+00 0.0000E+00 0.0000E+00 0.0000E+00 0.0000E+00
7.3205E-09 7.9196E-09 8.5236E-09 9.1251E-09 9.7166E-09 1.0292E-08 1.0842E-08 1.1355E-08 1.1825E-08 1.2239E-08 1.2590E-08 1.2867E-08 1.3064E-08 1.3172E-08 1.3185E-08 1.3099E-08 1.2913E-08 1.2625E-08 1.2242E-08 1.1768E-08 1.1211E-08 1.0578E-08 9.8848E-09 9.1441E-09 8.3700E-09 7.5780E-09 6.7694E-09 5.9844E-09 5.2377E-09 4.5290E-09 3.8654E-09 3.2544E-09 2.6987E-09 2.2078E-09 1.7829E-09 1.4161E-09 1.1007E-09 8.3938E-10 6.2738E-10 4.5689E-10 3.2222E-10 2.2168E-10 1.4835E-10 9.3673E-11 5.3913E-11 2.6970E-11 9.7537E-12 1.4422E-12 0.0000E+00 0.0000E+00 0.0000E+00 0.0000E+00 0.0000E+00 0.0000E+00 0.0000E+00 0.0000E+00 0.0000E+00
7.1110E-09 7.7217E-09 8.3379E-09 8.9617E-09 9.5808E-09 1.0191E-08 1.0779E-08 1.1342E-08 1.1863E-08 1.2336E-08 1.2751E-08 1.3098E-08 1.3364E-08 1.3544E-08 1.3629E-08 1.3613E-08 1.3493E-08 1.3267E-08 1.2937E-08 1.2505E-08 1.1980E-08 1.1366E-08 1.0679E-08 9.9280E-09 9.1327E-09 8.3083E-09 7.4730E-09 6.6308E-09 5.8038E-09 5.0319E-09 4.3124E-09 3.6466E-09 3.0404E-09 2.4937E-09 2.0114E-09 1.6007E-09 1.2515E-09 9.5788E-10 7.1126E-10 5.1713E-10 3.6709E-10 2.5111E-10 1.6707E-10 1.0610E-10 6.1823E-11 3.1551E-11 1.1879E-11 1.4656E-12 0.0000E+00 0.0000E+00 0.0000E+00 0.0000E+00 0.0000E+00 0.0000E+00 0.0000E+00 0.0000E+00 0.0000E+00
6.8533E-09 7.4665E-09 8.0939E-09 8.7336E-09 9.3741E-09 1.0014E-08 1.0639E-08 1.1245E-08 1.1818E-08 1.2350E-08 1.2830E-08 1.3244E-08 1.3584E-08 1.3840E-08 1.4002E-08 1.4061E-08 1.4017E-08 1.3861E-08 1.3592E-08 1.3214E-08 1.2732E-08 1.2148E-08 1.1476E-08 1.0726E-08 9.9177E-09 9.0676E-09 8.1960E-09 7.3151E-09 6.4439E-09 5.5868E-09 4.7862E-09 4.0573E-09 3.3936E-09 2.7962E-09 2.2668E-09 1.8022E-09 1.4045E-09 1.0761E-09 8.0356E-10 5.8344E-10 4.1038E-10 2.8209E-10 1.8614E-10 1.1702E-10 6.8871E-11 3.5554E-11 1.3811E-11 1.5826E-12 0.0000E+00 0.0000E+00 0.0000E+00 0.0000E+00 0.0000E+00 0.0000E+00 0.0000E+00 0.0000E+00 0.0000E+00
6.5496E-09 7.1614E-09 7.7948E-09 8.4424E-09 9.1019E-09 9.7667E-09 1.0423E-08 1.1069E-08 1.1692E-08 1.2279E-08 1.2821E-08 1.3306E-08 1.3722E-08 1.4056E-08 1.4301E-08 1.4445E-08 1.4482E-08 1.4404E-08 1.4211E-08 1.3896E-08 1.3465E-08 1.2923E-08 1.2280E-08 1.1544E-08 1.0736E-08 9.8679E-09 8.9647E-09 8.0416E-09 7.1213E-09 6.2114E-09 5.3336E-09 4.5072E-09 3.7618E-09 3.1075E-09 2.5251E-09 2.0156E-09 1.5778E-09 1.2031E-09 8.9355E-10 6.4997E-10 4.5813E-10 3.1174E-10 2.0559E-10 1.2819E-10 7.4573E-11 3.8850E-11 1.5212E-11 1.6417E-12 0.0000E+00 0.0000E+00 0.0000E+00 0.0000E+00 0.0000E+00 0.0000E+00 0.0000E+00 0.0000E+00 0.0000E+00
6.2045E-09 6.8129E-09 7.4443E-09 8.0962E-09 8.7695E-09 9.4511E-09 1.0135E-08 1.0819E-08 1.1484E-08 1.2125E-08 1.2729E-08 1.3283E-08 1.3776E-08 1.4194E-08 1.4527E-08 1.4763E-08 1.4887E-08 1.4899E-08 1.4786E-08 1.4548E-08 1.4181E-08 1.3692E-08 1.3086E-08 1.2380E-08 1.1579E-08 1.0706E-08 9.7755E-09 8.8175E-09 7.8446E-09 6.8839E-09 5.9473E-09 5.0436E-09 4.2015E-09 3.4468E-09 2.7939E-09 2.2332E-09 1.7497E-09 1.3366E-09 9.9447E-10 7.1739E-10 5.0432E-10 3.4407E-10 2.2462E-10 1.3956E-10 8.0253E-11 4.1326E-11 1.6332E-11 1.9433E-12 1.3917E-13 0.0000E+00 0.0000E+00 0.0000E+00 0.0000E+00 0.0000E+00 0.0000E+00 0.0000E+00 0.0000E+00
5.8293E-09 6.4266E-09 7.0486E-09 7.7033E-09 8.3818E-09 9.0758E-09 9.7844E-09 1.0496E-08 1.1202E-08 1.1894E-08 1.2555E-08 1.3178E-08 1.3749E-08 1.4253E-08 1.4677E-08 1.5008E-08 1.5231E-08 1.5338E-08 1.5317E-08 1.5167E-08 1.4876E-08 1.4458E-08 1.3902E-08 1.3233E-08 1.2453E-08 1.1589E-08 1.0644E-08 9.6540E-09 8.6335E-09 7.6156E-09 6.6103E-09 5.6404E-09 4.7288E-09 3.8810E-09 3.1135E-09 2.4604E-09 1.9259E-09 1.4711E-09 1.0948E-09 7.9166E-10 5.5383E-10 3.7500E-10 2.4517E-10 1.5024E-10 8.5189E-11 4.3124E-11 1.7164E-11 2.6035E-12 3.4797E-13 0.0000E+00 0.0000E+00 0.0000E+00 0.0000E+00 0.0000E+00 0.0000E+00 0.0000E+00 0.0000E+00
5.4294E-09 6.0087E-09 6.6211E-09 7.2691E-09 7.9455E-09 8.6498E-09 9.3741E-09 1.0109E-08 1.0853E-08 1.1587E-08 1.2305E-08 1.2996E-08 1.3643E-08 1.4233E-08 1.4750E-08 1.5180E-08 1.5507E-08 1.5719E-08 1.5802E-08 1.5751E-08 1.5552E-08 1.5214E-08 1.4731E-08 1.4112E-08 1.3368E-08 1.2518E-08 1.1575E-08 1.0563E-08 9.5052E-09 8.4276E-09 7.3564E-09 6.3165E-09 5.3242E-09 4.3898E-09 3.5439E-09 2.7850E-09 2.1297E-09 1.6051E-09 1.1933E-09 8.6254E-10 6.0425E-10 4.0794E-10 2.6354E-10 1.6146E-10 9.0316E-11 4.4481E-11 1.7020E-11 3.1115E-12 5.1304E-13 0.0000E+00 0.0000E+00 0.0000E+00 0.0000E+00 0.0000E+00 0.0000E+00 0.0000E+00 0.0000E+00
5.0108E-09 5.5691E-09 6.1669E-09 6.8015E-09 7.4740E-09 8.1805E-09 8.9108E-09 9.6686E-09 1.0440E-08 1.1213E-08 1.1985E-08 1.2737E-08 1.3458E-08 1.4135E-08 1.4747E-08 1.5279E-08 1.5716E-08 1.6040E-08 1.6237E-08 1.6296E-08 1.6208E-08 1.5965E-08 1.5568E-08 1.5022E-08 1.4331E-08 1.3506E-08 1.2575E-08 1.1553E-08 1.0464E-08 9.3309E-09 8.1911E-09 7.0708E-09 5.9985E-09 4.9870E-09 4.0517E-09 3.2042E-09 2.4598E-09 1.8163E-09 1.2961E-09 9.3054E-10 6.5091E-10 4.3938E-10 2.8265E-10 1.7051E-10 9.4787E-11 4.5392E-11 1.6120E-11 3.4333E-12 6.3150E-13 0.0000E+00 0.0000E+00 0.0000E+00 0.0000E+00 0.0000E+00 0.0000E+00 0.0000E+00 0.0000E+00
4.5819E-09 5.1179E-09 5.6936E-09 6.3097E-09 6.9735E-09 7.6732E-09 8.4078E-09 9.1790E-09 9.9703E-09 1.0779E-08 1.1597E-08 1.2406E-08 1.3200E-08 1.3958E-08 1.4664E-08 1.5302E-08 1.5852E-08 1.6293E-08 1.6618E-08 1.6801E-08 1.6832E-08 1.6703E-08 1.6415E-08 1.5950E-08 1.5333E-08 1.4561E-08 1.3657E-08 1.2626E-08 1.1520E-08 1.0343E-08 9.1388E-09 7.9331E-09 6.7706E-09 5.6675E-09 4.6412E-09 3.7123E-09 2.8917E-09 2.1581E-09 1.5397E-09 1.0418E-09 6.9770E-10 4.6676E-10 2.9972E-10 1.7990E-10 9.8560E-11 4.6458E-11 1.4992E-11 3.5440E-12 6.9510E-13 0.0000E+00 0.0000E+00 0.0000E+00 0.0000E+00 0.0000E+00 0.0000E+00 0.0000E+00 0.0000E+00
4.1519E-09 4.6598E-09 5.2093E-09 5.8046E-09 6.4523E-09 7.1390E-09 7.8719E-09 8.6467E-09 9.4542E-09 1.0291E-08 1.1145E-08 1.2008E-08 1.2868E-08 1.3702E-08 1.4502E-08 1.5243E-08 1.5907E-08 1.6477E-08 1.6932E-08 1.7244E-08 1.7416E-08 1.7419E-08 1.7246E-08 1.6897E-08 1.6375E-08 1.5666E-08 1.4810E-08 1.3806E-08 1.2685E-08 1.1469E-08 1.0214E-08 8.9366E-09 7.6759E-09 6.4704E-09 5.3513E-09 4.3228E-09 3.4068E-09 2.6051E-09 1.9245E-09 1.3376E-09 8.6420E-10 5.2385E-10 3.1298E-10 1.8666E-10 1.0087E-10 4.6426E-11 1.4116E-11 3.4738E-12 7.0175E-13 0.0000E+00 0.0000E+00 0.0000E+00 0.0000E+00 0.0000E+00 0.0000E+00 0.0000E+00 0.0000E+00
3.7268E-09 4.2041E-09 4.7234E-09 5.2931E-09 5.9176E-09 6.5878E-09 7.3109E-09 8.0813E-09 8.8991E-09 9.7541E-09 1.0637E-08 1.1547E-08 1.2461E-08 1.3370E-08 1.4258E-08 1.5098E-08 1.5878E-08 1.6575E-08 1.7160E-08 1.7624E-08 1.7941E-08 1.8086E-08 1.8061E-08 1.7845E-08 1.7427E-08 1.6824E-08 1.6037E-08 1.5068E-08 1.3965E-08 1.2741E-08 1.1434E-08 1.0093E-08 8.7591E-09 7.4524E-09 6.2167E-09 5.0792E-09 4.0593E-09 3.1630E-09 2.3913E-09 1.7578E-09 1.2410E-09 7.8694E-10 4.1944E-10 2.1246E-10 1.0169E-10 4.4358E-11 1.1939E-11 3.2399E-12 6.5323E-13 0.0000E+00 0.0000E+00 0.0000E+00 0.0000E+00 0.0000E+00 0.0000E+00 0.0000E+00 0.0000E+00
3.3132E-09 3.7562E-09 4.2439E-09 4.7832E-09 5.3781E-09 6.0271E-09 6.7325E-09 7.4928E-09 8.3112E-09 9.1730E-09 1.0080E-08 1.1024E-08 1.1985E-08 1.2960E-08 1.3923E-08 1.4861E-08 1.5754E-08 1.6572E-08 1.7300E-08 1.7915E-08 1.8382E-08 1.8697E-08 1.8828E-08 1.8760E-08 1.8488E-08 1.8009E-08 1.7309E-08 1.6425E-08 1.5356E-08 1.4144E-08 1.2824E-08 1.1444E-08 1.0025E-08 8.6373E-09 7.3063E-09 6.0575E-09 4.9123E-09 3.9109E-09 3.0390E-09 2.3091E-09 1.7085E-09 1.2183E-09 8.2088E-10 4.7703E-10 2.0682E-10 5.8580E-11 1.4271E-11 2.8914E-12 5.5498E-13 0.0000E+00 0.0000E+00 0.0000E+00 0.0000E+00 0.0000E+00 0.0000E+00 0.0000E+00 0.0000E+00
2.9162E-09 3.3225E-09 3.7762E-09 4.2806E-09 4.8427E-09 5.4633E-09 6.1446E-09 6.8892E-09 7.6971E-09 8.5583E-09 9.4777E-09 1.0441E-08 1.1443E-08 1.2469E-08 1.3500E-08 1.4527E-08 1.5522E-08 1.6461E-08 1.7329E-08 1.8088E-08 1.8725E-08 1.9210E-08 1.9509E-08 1.9619E-08 1.9510E-08 1.9175E-08 1.8612E-08 1.7830E-08 1.6834E-08 1.5679E-08 1.4374E-08 1.2974E-08 1.1524E-08 1.0075E-08 8.6433E-09 7.3050E-09 6.0518E-09 4.9301E-09 3.9387E-09 3.0961E-09 2.3883E-09 1.8130E-09 1.3339E-09 9.5575E-10 6.4343E-10 3.4772E-10 1.2170E-10 2.5047E-11 1.3802E-11 2.4637E-12 0.0000E+00 0.0000E+00 0.0000E+00 0.0000E+00 0.0000E+00 0.0000E+00 0.0000E+00
2.5401E-09 2.9080E-09 3.3262E-09 3.7922E-09 4.3173E-09 4.9056E-09 5.5556E-09 6.2770E-09 7.0648E-09 7.9169E-09 8.8354E-09 9.8070E-09 1.0836E-08 1.1899E-08 1.2990E-08 1.4092E-08 1.5174E-08 1.6230E-08 1.7226E-08 1.8132E-08 1.8935E-08 1.9588E-08 2.0078E-08 2.0375E-08 2.0447E-08 2.0294E-08 1.9892E-08 1.9250E-08 1.8383E-08 1.7313E-08 1.6067E-08 1.4706E-08 1.3250E-08 1.1775E-08 1.0293E-08 8.8780E-09 7.5299E-09 6.3050E-09 5.1955E-09 4.2294E-09 3.3932E-09 2.7016E-09 2.1060E-09 1.6275E-09 1.2268E-09 8.9122E-10 6.1402E-10 3.4452E-10 1.3649E-10 4.3916E-11 2.7153E-11 3.1044E-12 0.0000E+00 0.0000E+00 0.0000E+00 0.0000E+00 0.0000E+00
2.1867E-09 2.5172E-09 2.8975E-09 3.3242E-09 3.8085E-09 4.3600E-09 4.9737E-09 5.6638E-09 6.4226E-09 7.2572E-09 8.1599E-09 9.1319E-09 1.0172E-08 1.1257E-08 1.2392E-08 1.3547E-08 1.4709E-08 1.5860E-08 1.6967E-08 1.8018E-08 1.8974E-08 1.9803E-08 2.0484E-08 2.0974E-08 2.1255E-08 2.1303E-08 2.1093E-08 2.0640E-08 1.9936E-08 1.9003E-08 1.7882E-08 1.6603E-08 1.5198E-08 1.3751E-08 1.2263E-08 1.0806E-08 9.4044E-09 8.0934E-09 6.8810E-09 5.8072E-09 4.8375E-09 4.0156E-09 3.2919E-09 2.6765E-09 2.1413E-09 1.6836E-09 1.3019E-09 9.8436E-10 6.8698E-10 4.0005E-10 1.7673E-10 7.2038E-11 3.0120E-11 4.7142E-13 0.0000E+00 0.0000E+00 0.0000E+00
1.8606E-09 2.1526E-09 2.4957E-09 2.8809E-09 3.3230E-09 3.8337E-09 4.4062E-09 5.0580E-09 5.7809E-09 6.5867E-09 7.4644E-09 8.4201E-09 9.4545E-09 1.0548E-08 1.1702E-08 1.2893E-08 1.4110E-08 1.5339E-08 1.6544E-08 1.7718E-08 1.8812E-08 1.9814E-08 2.0678E-08 2.1371E-08 2.1868E-08 2.2134E-08 2.2152E-08 2.1920E-08 2.1422E-08 2.0692E-08 1.9736E-08 1.8600E-08 1.7319E-08 1.5952E-08 1.4522E-08 1.3090E-08 1.1680E-08 1.0341E-08 9.0574E-09 7.8938E-09 6.8221E-09 5.8709E-09 5.0138E-09 4.2532E-09 3.5676E-09 2.9590E-09 2.4134E-09 1.9422E-09 1.5238E-09 1.1595E-09 8.3192E-10 5.0487E-10 2.6205E-10 1.0922E-10 2.0013E-11 0.0000E+00 0.0000E+00
1.5628E-09 1.8183E-09 2.1231E-09 2.4673E-09 2.8656E-09 3.3326E-09 3.8592E-09 4.4673E-09 5.1444E-09 5.9131E-09 6.7533E-09 7.6793E-09 8.6891E-09 9.7702E-09 1.0925E-08 1.2129E-08 1.3381E-08 1.4658E-08 1.5941E-08 1.7213E-08 1.8431E-08 1.9584E-08 2.0616E-08 2.1511E-08 2.2220E-08 2.2719E-08 2.2984E-08 2.2997E-08 2.2748E-08 2.2257E-08 2.1522E-08 2.0601E-08 1.9511E-08 1.8296E-08 1.7004E-08 1.5675E-08 1.4319E-08 1.3009E-08 1.1718E-08 1.0518E-08 9.3844E-09 8.3445E-09 7.3820E-09 6.5013E-09 5.6709E-09 4.9055E-09 4.1838E-09 3.5346E-09 2.9232E-09 2.3764E-09 1.8792E-09 1.4291E-09 1.0356E-09 6.7541E-10 3.6477E-10 1.4871E-10 1.5415E-11
1.2938E-09 1.5145E-09 1.7808E-09 2.0858E-09 2.4389E-09 2.8610E-09 3.3380E-09 3.8965E-09 4.5223E-09 5.2391E-09 6.0338E-09 6.9137E-09 7.8847E-09 8.9339E-09 1.0067E-08 1.1262E-08 1.2521E-08 1.3823E-08 1.5153E-08 1.6493E-08 1.7809E-08 1.9084E-08 2.0266E-08 2.1341E-08 2.2251E-08 2.2982E-08 2.3495E-08 2.3768E-08 2.3798E-08 2.3578E-08 2.3127E-08 2.2467E-08 2.1630E-08 2.0651E-08 1.9567E-08 1.8412E-08 1.7204E-08 1.6001E-08 1.4792E-08 1.3618E-08 1.2499E-08 1.1443E-08 1.0431E-08 9.4794E-09 8.5578E-09 7.6759E-09 6.8167E-09 5.9944E-09 5.1882E-09 4.4362E-09 3.7161E-09 3.0213E-09 2.4031E-09 1.8488E-09 1.3364E-09 9.0291E-10 4.8951E-10
1.0503E-09 1.2384E-09 1.4700E-09 1.7340E-09 2.0431E-09 2.4187E-09 2.8462E-09 3.3500E-09 3.9203E-09 4.5774E-09 5.3135E-09 6.1387E-09 7.0568E-09 8.0543E-09 9.1471E-09 1.0305E-08 1.1549E-08 1.2839E-08 1.4188E-08 1.5557E-08 1.6941E-08 1.8296E-08 1.9602E-08 2.0821E-08 2.1918E-08 2.2857E-08 2.3612E-08 2.4146E-08 2.4460E-08 2.4534E-08 2.4393E-08 2.4039E-08 2.3509E-08 2.2831E-08 2.2015E-08 2.1116E-08 2.0143E-08 1.9116E-08 1.8076E-08 1.7031E-08 1.6014E-08 1.5026E-08 1.4068E-08 1.3135E-08 1.2225E-08 1.1322E-08 1.0395E-08 9.4800E-09 8.5581E-09 7.6182E-09 6.6970E-09 5.7809E-09 4.8719E-09 4.0093E-09 3.2026E-09 2.4717E-09 1.8046E-09
8.3678E-10 9.9472E-10 1.1917E-09 1.4182E-09 1.6859E-09 2.0141E-09 2.3897E-09 2.8391E-09 3.3486E-09 3.9440E-09 4.6133E-09 5.3712E-09 6.2259E-09 7.1575E-09 8.1884E-09 9.2896E-09 1.0486E-08 1.1742E-08 1.3070E-08 1.4439E-08 1.5845E-08 1.7248E-08 1.8635E-08 1.9964E-08 2.1206E-08 2.2323E-08 2.3286E-08 2.4062E-08 2.4642E-08 2.5006E-08 2.5179E-08 2.5151E-08 2.4954E-08 2.4602E-08 2.4113E-08 2.3520E-08 2.2840E-08 2.2079E-08 2.1288E-08 2.0471E-08 1.9644E-08 1.8837E-08 1.8049E-08 1.7250E-08 1.6482E-08 1.5685E-08 1.4842E-08 1.3979E-08 1.3065E-08 1.2092E-08 1.1089E-08 1.0026E-08 8.9073E-09 7.7902E-09 6.6446E-09 5.5239E-09 4.4460E-09
6.5243E-10 7.8194E-10 9.4853E-10 1.1385E-09 1.3662E-09 1.6500E-09 1.9771E-09 2.3699E-09 2.8207E-09 3.3496E-09 3.9494E-09 4.6317E-09 5.4080E-09 6.2677E-09 7.2191E-09 8.2467E-09 9.3709E-09 1.0565E-08 1.1841E-08 1.3176E-08 1.4564E-08 1.5976E-08 1.7392E-08 1.8785E-08 2.0120E-08 2.1366E-08 2.2489E-08 2.3464E-08 2.4272E-08 2.4899E-08 2.5357E-08 2.5637E-08 2.5769E-08 2.5750E-08 2.5608E-08 2.5347E-08 2.4998E-08 2.4564E-08 2.4075E-08 2.3552E-08 2.3009E-08 2.2471E-08 2.1954E-08 2.1424E-08 2.0921E-08 2.0378E-08 1.9791E-08 1.9164E-08 1.8459E-08 1.7661E-08 1.6787E-08 1.5817E-08 1.4708E-08 1.3532E-08 1.2230E-08 1.0857E-08 9.4056E-09
4.9601E-10 6.0293E-10 7.3989E-10 8.9922E-10 1.0916E-09 1.3329E-09 1.6120E-09 1.9531E-09 2.3451E-09 2.8100E-09 3.3372E-09 3.9407E-09 4.6332E-09 5.4037E-09 6.2714E-09 7.2102E-09 8.2459E-09 9.3544E-09 1.0553E-08 1.1818E-08 1.3151E-08 1.4525E-08 1.5923E-08 1.7327E-08 1.8695E-08 2.0014E-08 2.1234E-08 2.2347E-08 2.3324E-08 2.4159E-08 2.4853E-08 2.5398E-08 2.5822E-08 2.6108E-08 2.6289E-08 2.6357E-08 2.6337E-08 2.6236E-08 2.6072E-08 2.5879E-08 2.5671E-08 2.5456E-08 2.5274E-08 2.5105E-08 2.4953E-08 2.4791E-08 2.4599E-08 2.4363E-08 2.4071E-08 2.3679E-08 2.3200E-08 2.2631E-08 2.1853E-08 2.0994E-08 1.9924E-08 1.8652E-08 1.7212E-08
3.6916E-10 4.5667E-10 5.6899E-10 7.0064E-10 8.5799E-10 1.0629E-09 1.2989E-09 1.5926E-09 1.9284E-09 2.3310E-09 2.7885E-09 3.3160E-09 3.9220E-09 4.6026E-09 5.3710E-09 6.2152E-09 7.1483E-09 8.1545E-09 9.2496E-09 1.0420E-08 1.1663E-08 1.2960E-08 1.4293E-08 1.5654E-08 1.6998E-08 1.8322E-08 1.9577E-08 2.0758E-08 2.1833E-08 2.2802E-08 2.3662E-08 2.4404E-08 2.5050E-08 2.5582E-08 2.6028E-08 2.6379E-08 2.6642E-08 2.6844E-08 2.6991E-08 2.7107E-08 2.7218E-08 2.7335E-08 2.7496E-08 2.7698E-08 2.7923E-08 2.8182E-08 2.8435E-08 2.8678E-08 2.8907E-08 2.9068E-08 2.9181E-08 2.9240E-08 2.9131E-08 2.8947E-08 2.8559E-08 2.7952E-08 2.7137E-08
