Assets/Resources/2015_m01_d30_2300(utc+0800)_l00_csi_1hr_conc.grd
DSAA
         159         159
     -79.000      79.000
     -79.000      79.000
  0.0000E+00  0.3201E-05
[rows 25 to 49 of 159, columns 57 to 113 of 159]
1.2194E-09 1.6913E-09 2.2189E-09 2.8744E-09 3.7843E-09 5.0691E-09 6.5280E-09 8.3368E-09 1.0579E-08 1.3413E-08 1.6538E-08 2.0133E-08 2.4105E-08 2.8346E-08 3.2690E-08 3.6973E-08 4.0960E-08 4.4465E-08 4.7319E-08 4.9419E-08 5.0661E-08 5.1023E-08 5.0561E-08 4.9336E-08 4.7447E-08 4.5021E-08 4.2179E-08 3.9038E-08 3.5730E-08 3.2348E-08 2.9004E-08 2.5763E-08 2.2700E-08 1.9846E-08 1.6999E-08 1.4187E-08 1.1699E-08 9.7417E-09 8.1355E-09 6.7697E-09 5.6091E-09 4.6180E-09 3.7948E-09 3.0722E-09 2.4572E-09 1.9255E-09 1.5498E-09 1.2512E-09 9.8725E-10 7.8390E-10 6.0247E-10 4.6278E-10 3.5041E-10 2.7830E-10 2.0930E-10 1.5978E-10 1.1684E-10
1.1004E-09 1.4829E-09 2.0026E-09 2.6982E-09 3.5426E-09 4.7205E-09 6.1998E-09 8.1237E-09 1.0385E-08 1.3148E-08 1.6439E-08 2.0236E-08 2.4460E-08 2.9016E-08 3.3702E-08 3.8294E-08 4.2568E-08 4.6269E-08 4.9219E-08 5.1261E-08 5.2354E-08 5.2497E-08 5.1747E-08 5.0203E-08 4.7991E-08 4.5245E-08 4.2119E-08 3.8734E-08 3.5220E-08 3.1682E-08 2.8212E-08 2.4900E-08 2.1790E-08 1.8918E-08 1.6325E-08 1.3768E-08 1.1314E-08 9.1833E-09 7.5729E-09 6.2647E-09 5.1550E-09 4.2216E-09 3.4401E-09 2.7593E-09 2.1850E-09 1.6914E-09 1.3590E-09 1.0890E-09 8.5978E-10 6.7615E-10 5.1171E-10 3.9685E-10 3.0572E-10 2.4091E-10 1.7907E-10 1.3446E-10 9.8692E-11
9.5912E-10 1.3546E-09 1.8219E-09 2.4192E-09 3.2394E-09 4.4352E-09 5.8962E-09 7.7382E-09 1.0050E-08 1.2913E-08 1.6366E-08 2.0411E-08 2.4970E-08 2.9888E-08 3.4967E-08 3.9924E-08 4.4481E-08 4.8371E-08 5.1402E-08 5.3405E-08 5.4337E-08 5.4209E-08 5.3096E-08 5.1160E-08 4.8569E-08 4.5474E-08 4.2036E-08 3.8394E-08 3.4670E-08 3.0979E-08 2.7398E-08 2.4007E-08 2.0857E-08 1.7986E-08 1.5406E-08 1.2956E-08 1.0823E-08 8.8119E-09 7.0601E-09 5.7672E-09 4.7065E-09 3.8277E-09 3.0892E-09 2.4551E-09 1.9228E-09 1.4736E-09 1.1797E-09 9.4452E-10 7.3623E-10 5.7126E-10 4.3468E-10 3.4247E-10 2.6311E-10 2.0354E-10 1.5102E-10 1.1203E-10 8.2833E-11
8.6301E-10 1.1792E-09 1.5992E-09 2.1914E-09 2.9475E-09 4.0558E-09 5.4974E-09 7.3359E-09 9.7014E-09 1.2693E-08 1.6351E-08 2.0683E-08 2.5609E-08 3.0941E-08 3.6456E-08 4.1832E-08 4.6751E-08 5.0873E-08 5.3974E-08 5.5897E-08 5.6571E-08 5.6092E-08 5.4587E-08 5.2224E-08 4.9201E-08 4.5709E-08 4.1924E-08 3.8002E-08 3.4069E-08 3.0219E-08 2.6525E-08 2.3080E-08 1.9897E-08 1.7035E-08 1.4484E-08 1.2214E-08 1.0114E-08 8.1958E-09 6.6065E-09 5.3042E-09 4.2667E-09 3.4423E-09 2.7598E-09 2.1630E-09 1.6783E-09 1.2681E-09 1.0197E-09 8.0077E-10 6.2424E-10 4.8084E-10 3.7338E-10 2.9051E-10 2.2392E-10 1.6810E-10 1.2367E-10 9.3129E-11 6.8387E-11
7.2551E-10 1.0425E-09 1.4201E-09 1.9252E-09 2.6116E-09 3.6507E-09 5.0728E-09 6.9488E-09 9.3649E-09 1.2468E-08 1.6352E-08 2.1000E-08 2.6336E-08 3.2176E-08 3.8220E-08 4.4082E-08 4.9390E-08 5.3761E-08 5.6912E-08 5.8700E-08 5.9104E-08 5.8225E-08 5.6230E-08 5.3340E-08 4.9830E-08 4.5903E-08 4.1763E-08 3.7554E-08 3.3402E-08 2.9406E-08 2.5634E-08 2.2131E-08 1.8933E-08 1.6071E-08 1.3559E-08 1.1342E-08 9.4329E-09 7.7025E-09 6.1382E-09 4.8451E-09 3.8524E-09 3.0813E-09 2.4416E-09 1.8935E-09 1.4440E-09 1.0870E-09 8.6509E-10 6.7363E-10 5.2292E-10 4.0366E-10 3.1839E-10 2.4412E-10 1.8814E-10 1.3782E-10 1.0103E-10 7.5879E-11 5.5443E-11
6.0889E-10 8.8896E-10 1.2274E-09 1.6824E-09 2.3041E-09 3.2659E-09 4.6770E-09 6.5429E-09 9.0066E-09 1.2245E-08 1.6342E-08 2.1342E-08 2.7163E-08 3.3558E-08 4.0184E-08 4.6605E-08 5.2346E-08 5.6976E-08 6.0184E-08 6.1834E-08 6.1887E-08 6.0503E-08 5.7947E-08 5.4503E-08 5.0456E-08 4.6065E-08 4.1521E-08 3.7018E-08 3.2655E-08 2.8513E-08 2.4658E-08 2.1123E-08 1.7928E-08 1.5101E-08 1.2632E-08 1.0474E-08 8.6336E-09 7.1025E-09 5.7288E-09 4.4993E-09 3.4699E-09 2.7343E-09 2.1384E-09 1.6399E-09 1.2301E-09 9.1727E-10 7.2861E-10 5.6000E-10 4.3824E-10 3.3996E-10 2.6802E-10 2.0177E-10 1.5438E-10 1.1273E-10 8.2964E-11 6.0478E-11 4.3451E-11
4.7805E-10 7.3189E-10 1.0459E-09 1.4510E-09 2.0418E-09 2.9016E-09 4.2581E-09 6.1214E-09 8.6521E-09 1.1996E-08 1.6332E-08 2.1696E-08 2.8001E-08 3.5001E-08 4.2301E-08 4.9348E-08 5.5606E-08 6.0572E-08 6.3848E-08 6.5280E-08 6.4919E-08 6.2984E-08 5.9793E-08 5.5686E-08 5.1029E-08 4.6124E-08 4.1195E-08 3.6388E-08 3.1814E-08 2.7547E-08 2.3631E-08 2.0084E-08 1.6908E-08 1.4115E-08 1.1711E-08 9.6256E-09 7.8610E-09 6.4108E-09 5.1736E-09 4.1571E-09 3.1955E-09 2.4217E-09 1.8613E-09 1.4086E-09 1.0339E-09 7.6562E-10 6.0569E-10 4.6321E-10 3.6915E-10 2.8218E-10 2.2204E-10 1.6471E-10 1.2580E-10 9.0919E-11 6.5953E-11 4.6855E-11 3.2803E-11
3.6567E-10 5.7034E-10 8.6934E-10 1.2377E-09 1.8042E-09 2.5945E-09 3.8471E-09 5.7061E-09 8.2463E-09 1.1694E-08 1.6264E-08 2.1993E-08 2.8826E-08 3.6504E-08 4.4531E-08 5.2290E-08 5.9108E-08 6.4398E-08 6.7735E-08 6.8951E-08 6.8143E-08 6.5550E-08 6.1622E-08 5.6812E-08 5.1533E-08 4.6102E-08 4.0743E-08 3.5633E-08 3.0869E-08 2.6491E-08 2.2543E-08 1.8995E-08 1.5864E-08 1.3133E-08 1.0808E-08 8.7934E-09 7.1082E-09 5.7489E-09 4.6451E-09 3.6730E-09 2.8444E-09 2.2090E-09 1.6164E-09 1.2039E-09 8.5050E-10 6.3501E-10 4.9864E-10 3.8760E-10 3.0481E-10 2.3275E-10 1.7946E-10 1.3348E-10 1.0029E-10 7.0647E-11 5.0362E-11 3.5563E-11 2.4534E-11
2.7724E-10 4.5974E-10 7.2085E-10 1.0361E-09 1.5594E-09 2.2975E-09 3.4560E-09 5.2697E-09 7.8189E-09 1.1368E-08 1.6105E-08 2.2200E-08 2.9569E-08 3.7928E-08 4.6735E-08 5.5273E-08 6.2752E-08 6.8486E-08 7.1923E-08 7.2881E-08 7.1516E-08 6.8219E-08 6.3503E-08 5.7909E-08 5.1910E-08 4.5912E-08 4.0148E-08 3.4769E-08 2.9811E-08 2.5359E-08 2.1391E-08 1.7879E-08 1.4794E-08 1.2145E-08 9.9053E-09 7.9970E-09 6.3982E-09 5.1177E-09 4.0980E-09 3.2635E-09 2.5322E-09 1.9095E-09 1.3999E-09 1.0217E-09 6.9749E-10 5.2102E-10 4.1385E-10 3.1768E-10 2.4754E-10 1.8678E-10 1.4344E-10 1.0597E-10 7.6813E-11 5.3647E-11 3.7577E-11 2.5808E-11 1.7495E-11
1.9946E-10 3.5461E-10 5.6996E-10 8.6074E-10 1.3405E-09 2.0419E-09 3.0913E-09 4.8288E-09 7.3806E-09 1.0946E-08 1.5841E-08 2.2274E-08 3.0163E-08 3.9243E-08 4.8933E-08 5.8343E-08 6.6555E-08 7.2707E-08 7.6237E-08 7.6938E-08 7.5011E-08 7.0922E-08 6.5311E-08 5.8879E-08 5.2182E-08 4.5610E-08 3.9428E-08 3.3757E-08 2.8672E-08 2.4150E-08 2.0193E-08 1.6729E-08 1.3726E-08 1.1173E-08 9.0305E-09 7.2212E-09 5.7186E-09 4.5310E-09 3.5878E-09 2.8276E-09 2.2163E-09 1.6909E-09 1.2289E-09 8.5624E-10 5.6876E-10 4.2892E-10 3.3645E-10 2.5666E-10 1.9723E-10 1.4804E-10 1.1201E-10 8.0668E-11 5.6052E-11 3.9285E-11 2.6387E-11 1.7381E-11 1.2457E-11
1.2747E-10 2.6661E-10 4.5071E-10 7.0548E-10 1.1052E-09 1.7801E-09 2.7509E-09 4.3778E-09 6.8673E-09 1.0461E-08 1.5503E-08 2.2186E-08 3.0588E-08 4.0377E-08 5.0927E-08 6.1262E-08 7.0299E-08 7.7039E-08 8.0756E-08 8.1187E-08 7.8603E-08 7.3651E-08 6.7109E-08 5.9761E-08 5.2281E-08 4.5119E-08 3.8537E-08 3.2640E-08 2.7416E-08 2.2871E-08 1.8950E-08 1.5535E-08 1.2633E-08 1.0203E-08 8.1648E-09 6.4764E-09 5.0762E-09 3.9824E-09 3.1236E-09 2.4258E-09 1.8798E-09 1.4579E-09 1.0784E-09 7.5034E-10 4.6471E-10 3.4813E-10 2.6619E-10 2.0287E-10 1.5402E-10 1.1458E-10 8.4267E-11 5.8858E-11 4.0268E-11 2.6484E-11 1.6938E-11 1.1449E-11 9.2805E-12
7.2723E-11 1.8166E-10 3.3621E-10 5.5425E-10 8.8530E-10 1.5141E-09 2.4220E-09 3.9150E-09 6.3327E-09 9.9159E-09 1.4997E-08 2.1919E-08 3.0799E-08 4.1317E-08 5.2812E-08 6.4195E-08 7.4154E-08 8.1501E-08 8.5383E-08 8.5543E-08 8.2297E-08 7.6414E-08 6.8832E-08 6.0529E-08 5.2269E-08 4.4520E-08 3.7531E-08 3.1382E-08 2.6051E-08 2.1526E-08 1.7639E-08 1.4321E-08 1.1554E-08 9.2596E-09 7.3324E-09 5.7638E-09 4.4775E-09 3.4674E-09 2.6849E-09 2.0503E-09 1.5757E-09 1.2030E-09 8.9256E-10 6.5163E-10 3.9658E-10 2.7758E-10 2.0891E-10 1.5680E-10 1.1548E-10 8.5306E-11 6.0771E-11 4.0729E-11 2.6406E-11 1.6214E-11 1.0424E-11 7.8508E-12 6.4907E-12
3.3165E-11 1.1310E-10 2.4401E-10 4.1620E-10 6.7413E-10 1.2234E-09 2.0830E-09 3.4427E-09 5.7591E-09 9.2630E-09 1.4376E-08 2.1493E-08 3.0780E-08 4.2021E-08 5.4455E-08 6.6919E-08 7.7910E-08 8.6002E-08 9.0209E-08 9.0106E-08 8.6119E-08 7.9209E-08 7.0536E-08 6.1206E-08 5.2091E-08 4.3727E-08 3.6368E-08 3.0017E-08 2.4599E-08 2.0105E-08 1.6282E-08 1.3094E-08 1.0473E-08 8.3248E-09 6.5193E-09 5.0675E-09 3.9034E-09 2.9930E-09 2.2807E-09 1.7181E-09 1.3042E-09 9.7595E-10 7.2655E-10 5.0217E-10 3.0116E-10 2.2555E-10 1.5937E-10 1.1570E-10 8.4964E-11 5.9318E-11 4.0421E-11 2.5758E-11 1.5031E-11 9.0028E-12 6.1092E-12 5.0784E-12 3.9113E-12
1.4034E-11 6.5018E-11 1.6051E-10 3.0538E-10 5.2233E-10 9.3662E-10 1.7450E-09 2.9867E-09 5.1200E-09 8.5321E-09 1.3619E-08 2.0848E-08 3.0505E-08 4.2439E-08 5.5912E-08 6.9620E-08 8.1798E-08 9.0737E-08 9.5231E-08 9.4864E-08 9.0098E-08 8.2072E-08 7.2191E-08 6.1759E-08 5.1788E-08 4.2830E-08 3.5091E-08 2.8549E-08 2.3087E-08 1.8630E-08 1.4905E-08 1.1867E-08 9.4023E-09 7.4122E-09 5.7349E-09 4.4144E-09 3.3544E-09 2.5534E-09 1.9311E-09 1.4275E-09 1.0638E-09 7.7855E-10 5.5985E-10 3.7633E-10 2.3409E-10 1.6149E-10 1.1550E-10 8.1664E-11 5.6931E-11 3.8885E-11 2.4831E-11 1.3565E-11 7.3870E-12 4.5140E-12 3.5522E-12 2.6881E-12 2.0682E-12
2.6741E-12 2.6197E-11 9.9952E-11 2.0541E-10 3.8076E-10 6.7349E-10 1.4044E-09 2.5331E-09 4.4557E-09 7.7144E-09 1.2715E-08 2.0000E-08 2.9969E-08 4.2577E-08 5.7105E-08 7.2089E-08 8.5579E-08 9.5556E-08 1.0052E-07 9.9976E-08 9.4341E-08 8.5074E-08 7.3864E-08 6.2255E-08 5.1362E-08 4.1763E-08 3.3648E-08 2.6969E-08 2.1484E-08 1.7141E-08 1.3556E-08 1.0665E-08 8.3588E-09 6.5299E-09 4.9918E-09 3.7948E-09 2.8614E-09 2.1536E-09 1.6036E-09 1.1661E-09 8.5521E-10 6.0209E-10 4.1919E-10 2.5452E-10 1.6612E-10 1.1621E-10 7.8091E-11 5.4337E-11 3.4939E-11 2.2937E-11 1.1751E-11 5.6535E-12 3.0577E-12 2.1690E-12 1.5398E-12 9.8891E-13 8.0372E-13
4.2478E-13 9.9020E-12 4.8526E-11 1.3117E-10 2.5818E-10 4.6459E-10 1.0108E-09 2.0932E-09 3.8109E-09 6.8445E-09 1.1688E-08 1.8931E-08 2.9130E-08 4.2357E-08 5.7974E-08 7.4424E-08 8.9483E-08 1.0068E-07 1.0618E-07 1.0534E-07 9.8799E-08 8.8188E-08 7.5553E-08 6.2645E-08 5.0790E-08 4.0604E-08 3.2161E-08 2.5319E-08 1.9826E-08 1.5610E-08 1.2184E-08 9.4736E-09 7.3410E-09 5.6872E-09 4.3111E-09 3.2294E-09 2.4133E-09 1.7961E-09 1.3191E-09 9.4390E-10 6.7885E-10 4.6000E-10 3.0667E-10 1.6118E-10 1.0364E-10 7.3157E-11 5.0079E-11 3.1222E-11 2.0503E-11 1.0229E-11 4.3170E-12 2.2706E-12 1.5235E-12 1.2057E-12 8.2391E-13 7.5237E-13 6.1201E-13
0.0000E+00 1.7877E-12 2.3829E-11 7.5180E-11 1.6879E-10 3.3028E-10 7.1120E-10 1.6279E-09 3.1795E-09 5.9556E-09 1.0584E-08 1.7681E-08 2.7999E-08 4.1790E-08 5.8490E-08 7.6472E-08 9.3176E-08 1.0582E-07 1.1210E-07 1.1116E-07 1.0367E-07 9.1534E-08 7.7280E-08 6.3009E-08 5.0139E-08 3.9308E-08 3.0525E-08 2.3548E-08 1.8171E-08 1.4094E-08 1.0867E-08 8.3558E-09 6.4006E-09 4.8982E-09 3.6673E-09 2.7176E-09 2.0031E-09 1.4837E-09 1.0821E-09 7.5972E-10 5.3413E-10 3.4938E-10 2.2307E-10 1.0388E-10 6.8902E-11 4.6052E-11 3.0184E-11 1.7983E-11 9.0370E-12 3.3866E-12 1.9208E-12 1.2851E-12 1.0380E-12 7.6225E-13 6.4460E-13 4.4397E-13 2.4140E-13
0.0000E+00 0.0000E+00 5.5538E-12 4.0553E-11 1.0349E-10 2.1205E-10 4.3122E-10 1.1788E-09 2.5706E-09 5.0666E-09 9.3738E-09 1.6272E-08 2.6585E-08 4.0839E-08 5.8570E-08 7.8182E-08 9.6839E-08 1.1119E-07 1.1839E-07 1.1727E-07 1.0868E-07 9.4933E-08 7.8932E-08 6.3206E-08 4.9283E-08 3.7863E-08 2.8827E-08 2.1763E-08 1.6512E-08 1.2625E-08 9.5822E-09 7.2632E-09 5.5005E-09 4.1579E-09 3.0830E-09 2.2505E-09 1.6412E-09 1.2043E-09 8.6375E-10 5.9943E-10 4.1127E-10 2.5663E-10 1.5176E-10 6.3016E-11 4.2618E-11 2.6811E-11 1.4589E-11 7.3588E-12 2.4740E-12 1.4694E-12 1.0814E-12 8.6650E-13 6.4513E-13 4.6182E-13 2.7632E-13 1.0033E-13 0.0000E+00
0.0000E+00 0.0000E+00 8.6520E-13 1.4292E-11 5.4091E-11 1.3386E-10 2.6768E-10 7.6410E-10 1.9652E-09 4.1639E-09 8.1507E-09 1.4713E-08 2.4899E-08 3.9435E-08 5.8174E-08 7.9488E-08 1.0028E-07 1.1660E-07 1.2503E-07 1.2394E-07 1.1424E-07 9.8637E-08 8.0642E-08 6.3274E-08 4.8281E-08 3.6239E-08 2.6941E-08 1.9892E-08 1.4830E-08 1.1118E-08 8.3041E-09 6.2177E-09 4.6572E-09 3.4685E-09 2.5421E-09 1.8248E-09 1.3150E-09 9.5674E-10 6.7326E-10 4.5807E-10 3.0308E-10 1.7726E-10 9.1522E-11 3.7213E-11 2.2515E-11 1.1748E-11 5.3795E-12 1.4959E-12 1.1029E-12 8.6771E-13 6.1390E-13 4.3554E-13 2.7055E-13 1.1205E-13 1.2422E-14 0.0000E+00 0.0000E+00
0.0000E+00 0.0000E+00 0.0000E+00 3.0393E-12 2.4401E-11 7.1144E-11 1.7249E-10 4.4783E-10 1.4140E-09 3.2966E-09 6.8927E-09 1.3028E-08 2.2932E-08 3.7631E-08 5.7262E-08 8.0336E-08 1.0348E-07 1.2219E-07 1.3210E-07 1.3106E-07 1.2000E-07 1.0231E-07 8.2196E-08 6.3138E-08 4.7054E-08 3.4432E-08 2.4934E-08 1.7998E-08 1.3161E-08 9.6615E-09 7.0848E-09 5.2224E-09 3.8516E-09 2.8242E-09 2.0448E-09 1.4487E-09 1.0291E-09 7.3659E-10 5.0715E-10 3.3731E-10 2.0936E-10 1.1236E-10 4.4601E-11 1.8423E-11 8.7823E-12 3.3187E-12 1.0567E-12 7.9469E-13 5.3537E-13 3.6829E-13 2.2606E-13 8.7577E-14 7.4450E-15 0.0000E+00 0.0000E+00 0.0000E+00 0.0000E+00
0.0000E+00 0.0000E+00 0.0000E+00 0.0000E+00 6.4791E-12 3.5474E-11 9.1400E-11 2.2398E-10 9.1881E-10 2.4944E-09 5.6250E-09 1.1325E-08 2.0744E-08 3.5377E-08 5.5683E-08 8.0534E-08 1.0636E-07 1.2781E-07 1.3958E-07 1.3881E-07 1.2635E-07 1.0633E-07 8.3753E-08 6.2763E-08 4.5557E-08 3.2445E-08 2.2807E-08 1.6053E-08 1.1463E-08 8.2207E-09 5.9111E-09 4.2767E-09 3.1177E-09 2.2412E-09 1.6032E-09 1.1126E-09 7.8284E-10 5.5023E-10 3.6379E-10 2.3490E-10 1.3257E-10 6.0559E-11 1.5828E-11 5.7102E-12 1.6135E-12 6.1234E-13 3.9163E-13 2.6546E-13 1.4699E-13 4.6121E-14 0.0000E+00 0.0000E+00 0.0000E+00 0.0000E+00 0.0000E+00 0.0000E+00 0.0000E+00
0.0000E+00 0.0000E+00 0.0000E+00 0.0000E+00 3.4522E-13 1.0736E-11 4.6686E-11 1.2680E-10 5.2640E-10 1.7890E-09 4.4370E-09 9.5639E-09 1.8378E-08 3.2682E-08 5.3507E-08 8.0025E-08 1.0866E-07 1.3329E-07 1.4744E-07 1.4705E-07 1.3301E-07 1.1019E-07 8.4954E-08 6.2071E-08 4.3784E-08 3.0272E-08 2.0586E-08 1.4091E-08 9.8177E-09 6.8439E-09 4.7860E-09 3.3991E-09 2.4419E-09 1.7158E-09 1.2181E-09 8.2920E-10 5.7244E-10 3.8982E-10 2.4560E-10 1.4884E-10 6.9092E-11 2.4134E-11 3.0221E-12 4.3324E-13 2.2778E-13 1.3421E-13 4.8616E-14 0.0000E+00 0.0000E+00 0.0000E+00 0.0000E+00 0.0000E+00 0.0000E+00 0.0000E+00 0.0000E+00 0.0000E+00 0.0000E+00
0.0000E+00 0.0000E+00 0.0000E+00 0.0000E+00 0.0000E+00 1.0202E-12 1.5152E-11 6.0315E-11 2.4085E-10 1.1675E-09 3.3088E-09 7.8371E-09 1.5931E-08 2.9630E-08 5.0594E-08 7.8601E-08 1.1026E-07 1.3865E-07 1.5563E-07 1.5586E-07 1.4005E-07 1.1420E-07 8.5974E-08 6.1002E-08 4.1679E-08 2.7790E-08 1.8316E-08 1.2109E-08 8.2130E-09 5.5329E-09 3.7692E-09 2.6046E-09 1.8531E-09 1.2660E-09 8.8582E-10 5.9277E-10 4.0071E-10 2.5902E-10 1.5400E-10 8.2024E-11 2.9482E-11 5.4611E-12 5.2875E-14 1.5742E-14 0.0000E+00 0.0000E+00 0.0000E+00 0.0000E+00 0.0000E+00 0.0000E+00 0.0000E+00 0.0000E+00 0.0000E+00 0.0000E+00 0.0000E+00 0.0000E+00 0.0000E+00
0.0000E+00 0.0000E+00 0.0000E+00 0.0000E+00 0.0000E+00 0.0000E+00 1.7928E-12 1.9663E-11 7.9981E-11 6.7507E-10 2.3712E-09 6.1185E-09 1.3424E-08 2.6274E-08 4.6974E-08 7.6123E-08 1.1067E-07 1.4311E-07 1.6353E-07 1.6489E-07 1.4726E-07 1.1797E-07 8.6415E-08 5.9357E-08 3.9163E-08 2.5115E-08 1.5934E-08 1.0158E-08 6.6674E-09 4.3445E-09 2.8632E-09 1.9186E-09 1.3493E-09 8.9744E-10 6.1726E-10 3.9686E-10 2.6464E-10 1.5872E-10 8.7385E-11 3.9601E-11 1.1118E-11 7.1645E-13 0.0000E+00 0.0000E+00 0.0000E+00 0.0000E+00 0.0000E+00 0.0000E+00 0.0000E+00 0.0000E+00 0.0000E+00 0.0000E+00 0.0000E+00 0.0000E+00 0.0000E+00 0.0000E+00 0.0000E+00
0.0000E+00 0.0000E+00 0.0000E+00 0.0000E+00 0.0000E+00 0.0000E+00 0.0000E+00 2.4723E-12 2.7428E-11 3.1358E-10 1.5575E-09 4.6275E-09 1.1013E-08 2.2720E-08 4.2705E-08 7.2511E-08 1.0989E-07 1.4685E-07 1.7145E-07 1.7422E-07 1.5464E-07 1.2147E-07 8.6421E-08 5.7253E-08 3.6276E-08 2.2295E-08 1.3581E-08 8.3242E-09 5.2706E-09 3.3076E-09 2.0874E-09 1.3575E-09 9.3650E-10 6.0699E-10 4.0563E-10 2.5682E-10 1.6259E-10 8.9754E-11 4.7683E-11 1.5860E-11 3.2166E-12 0.0000E+00 0.0000E+00 0.0000E+00 0.0000E+00 0.0000E+00 0.0000E+00 0.0000E+00 0.0000E+00 0.0000E+00 0.0000E+00 0.0000E+00 0.0000E+00 0.0000E+00 0.0000E+00 0.0000E+00 0.0000E+00
