Assets/Resources/2015_m01_d27_1600(utc+0800)_l00_csi_1hr_conc.grd
DSAA
         159         159
     -79.000      79.000
     -79.000      79.000
  0.0000E+00  0.1153E-04
[rows 25 to 49 of 159, columns 57 to 113 of 159]
1.1894E-09 1.4547E-09 1.7605E-09 2.1195E-09 2.5270E-09 2.9956E-09 3.5158E-09 4.0944E-09 4.7251E-09 5.4008E-09 6.1182E-09 6.8627E-09 7.6196E-09 8.3739E-09 9.1052E-09 9.7931E-09 1.0417E-08 1.0954E-08 1.1385E-08 1.1693E-08 1.1864E-08 1.1889E-08 1.1766E-08 1.1498E-08 1.1093E-08 1.0563E-08 9.9252E-09 9.2004E-09 8.4131E-09 7.5879E-09 6.7485E-09 5.9172E-09 5.1132E-09 4.3527E-09 3.6509E-09 3.0156E-09 2.4533E-09 1.9655E-09 1.5474E-09 1.1988E-09 9.1284E-10 6.8073E-10 4.9650E-10 3.4473E-10 2.2034E-10 1.3304E-10 7.2584E-11 3.3602E-11 1.1571E-11 3.3049E-12 0.0000E+00 0.0000E+00 0.0000E+00 0.0000E+00 0.0000E+00 0.0000E+00 0.0000E+00
1.0651E-09 1.3069E-09 1.5999E-09 1.9355E-09 2.3291E-09 2.7757E-09 3.2810E-09 3.8465E-09 4.4647E-09 5.1385E-09 5.8554E-09 6.6046E-09 7.3738E-09 8.1455E-09 8.9016E-09 9.6210E-09 1.0279E-08 1.0854E-08 1.1326E-08 1.1677E-08 1.1892E-08 1.1961E-08 1.1876E-08 1.1639E-08 1.1257E-08 1.0742E-08 1.0113E-08 9.3921E-09 8.6011E-09 7.7654E-09 6.9116E-09 6.0619E-09 5.2380E-09 4.4604E-09 3.7386E-09 3.0868E-09 2.5085E-09 2.0052E-09 1.5781E-09 1.2215E-09 9.2922E-10 6.9412E-10 5.0319E-10 3.4705E-10 2.2200E-10 1.3344E-10 7.3522E-11 3.5823E-11 1.2290E-11 3.5073E-12 0.0000E+00 0.0000E+00 0.0000E+00 0.0000E+00 0.0000E+00 0.0000E+00 0.0000E+00
9.4480E-10 1.1684E-09 1.4410E-09 1.7580E-09 2.1321E-09 2.5581E-09 3.0498E-09 3.5968E-09 4.2054E-09 4.8691E-09 5.5800E-09 6.3324E-09 7.1104E-09 7.8983E-09 8.6767E-09 9.4220E-09 1.0113E-08 1.0729E-08 1.1246E-08 1.1641E-08 1.1897E-08 1.2003E-08 1.1954E-08 1.1751E-08 1.1397E-08 1.0902E-08 1.0285E-08 9.5674E-09 8.7748E-09 7.9333E-09 7.0663E-09 6.2006E-09 5.3602E-09 4.5632E-09 3.8256E-09 3.1563E-09 2.5645E-09 2.0526E-09 1.6130E-09 1.2456E-09 9.4682E-10 7.0427E-10 5.0983E-10 3.4915E-10 2.2289E-10 1.3429E-10 7.4739E-11 3.6944E-11 1.2992E-11 3.7836E-12 0.0000E+00 0.0000E+00 0.0000E+00 0.0000E+00 0.0000E+00 0.0000E+00 0.0000E+00
8.3101E-10 1.0420E-09 1.2905E-09 1.5927E-09 1.9411E-09 2.3506E-09 2.8178E-09 3.3475E-09 3.9415E-09 4.5921E-09 5.3010E-09 6.0510E-09 6.8334E-09 7.6333E-09 8.4294E-09 9.2021E-09 9.9275E-09 1.0579E-08 1.1134E-08 1.1572E-08 1.1875E-08 1.2026E-08 1.2019E-08 1.1850E-08 1.1524E-08 1.1052E-08 1.0451E-08 9.7414E-09 8.9480E-09 8.0980E-09 7.2205E-09 6.3409E-09 5.4842E-09 4.6715E-09 3.9166E-09 3.2326E-09 2.6251E-09 2.0969E-09 1.6485E-09 1.2734E-09 9.6453E-10 7.1637E-10 5.1763E-10 3.5326E-10 2.2380E-10 1.3431E-10 7.5191E-11 3.7733E-11 1.2925E-11 3.6898E-12 0.0000E+00 0.0000E+00 0.0000E+00 0.0000E+00 0.0000E+00 0.0000E+00 0.0000E+00
7.2532E-10 9.2009E-10 1.1496E-09 1.4299E-09 1.7577E-09 2.1455E-09 2.5917E-09 3.1059E-09 3.6778E-09 4.3163E-09 5.0119E-09 5.7585E-09 6.5432E-09 7.3514E-09 8.1648E-09 8.9613E-09 9.7163E-09 1.0405E-08 1.1002E-08 1.1486E-08 1.1835E-08 1.2033E-08 1.2069E-08 1.1940E-08 1.1647E-08 1.1200E-08 1.0616E-08 9.9163E-09 9.1258E-09 8.2726E-09 7.3854E-09 6.4930E-09 5.6196E-09 4.7881E-09 4.0149E-09 3.3136E-09 2.6893E-09 2.1485E-09 1.6866E-09 1.3019E-09 9.8672E-10 7.2949E-10 5.2321E-10 3.5693E-10 2.2921E-10 1.3895E-10 7.5416E-11 3.7700E-11 1.3000E-11 3.5255E-12 0.0000E+00 0.0000E+00 0.0000E+00 0.0000E+00 0.0000E+00 0.0000E+00 0.0000E+00
6.2457E-10 8.0381E-10 1.0209E-09 1.2769E-09 1.5874E-09 1.9483E-09 2.3744E-09 2.8616E-09 3.4165E-09 4.0380E-09 4.7226E-09 5.4619E-09 6.2443E-09 7.0583E-09 7.8847E-09 8.7009E-09 9.4832E-09 1.0208E-08 1.0848E-08 1.1377E-08 1.1773E-08 1.2017E-08 1.2098E-08 1.2010E-08 1.1753E-08 1.1335E-08 1.0769E-08 1.0082E-08 9.2966E-09 8.4425E-09 7.5485E-09 6.6438E-09 5.7556E-09 4.9091E-09 4.1207E-09 3.4015E-09 2.7617E-09 2.2036E-09 1.7285E-09 1.3307E-09 1.0055E-09 7.4457E-10 5.3424E-10 3.6273E-10 2.3394E-10 1.3999E-10 7.7596E-11 3.5470E-11 1.2034E-11 3.2238E-12 0.0000E+00 0.0000E+00 0.0000E+00 0.0000E+00 0.0000E+00 0.0000E+00 0.0000E+00
5.3204E-10 6.9528E-10 8.9494E-10 1.1307E-09 1.4186E-09 1.7580E-09 2.1625E-09 2.6266E-09 3.1622E-09 3.7616E-09 4.4303E-09 5.1587E-09 5.9372E-09 6.7541E-09 7.5905E-09 8.4256E-09 9.2362E-09 9.9952E-09 1.0675E-08 1.1250E-08 1.1696E-08 1.1992E-08 1.2120E-08 1.2076E-08 1.1858E-08 1.1473E-08 1.0935E-08 1.0264E-08 9.4856E-09 8.6310E-09 7.7307E-09 6.8143E-09 5.9104E-09 5.0436E-09 4.2322E-09 3.4932E-09 2.8342E-09 2.2637E-09 1.7752E-09 1.3648E-09 1.0274E-09 7.5711E-10 5.4085E-10 3.6726E-10 2.3626E-10 1.4303E-10 7.8137E-11 3.4421E-11 8.6191E-12 0.0000E+00 0.0000E+00 0.0000E+00 0.0000E+00 0.0000E+00 0.0000E+00 0.0000E+00 0.0000E+00
4.4559E-10 5.9408E-10 7.7655E-10 9.9818E-10 1.2603E-09 1.5806E-09 1.9545E-09 2.3981E-09 2.9077E-09 3.4893E-09 4.1402E-09 4.8555E-09 5.6270E-09 6.4407E-09 7.2847E-09 8.1372E-09 8.9726E-09 9.7649E-09 1.0485E-08 1.1106E-08 1.1602E-08 1.1949E-08 1.2130E-08 1.2135E-08 1.1959E-08 1.1609E-08 1.1097E-08 1.0445E-08 9.6791E-09 8.8275E-09 7.9223E-09 6.9951E-09 6.0753E-09 5.1911E-09 4.3603E-09 3.5986E-09 2.9192E-09 2.3244E-09 1.8190E-09 1.3977E-09 1.0520E-09 7.7307E-10 5.4840E-10 3.7348E-10 2.4141E-10 1.4390E-10 7.9185E-11 3.3554E-11 7.7876E-12 0.0000E+00 0.0000E+00 0.0000E+00 0.0000E+00 0.0000E+00 0.0000E+00 0.0000E+00 0.0000E+00
3.6777E-10 5.0223E-10 6.6783E-10 8.6937E-10 1.1107E-09 1.4073E-09 1.7586E-09 2.1772E-09 2.6627E-09 3.2217E-09 3.8505E-09 4.5502E-09 5.3095E-09 6.1223E-09 6.9730E-09 7.8381E-09 8.6950E-09 9.5196E-09 1.0281E-08 1.0950E-08 1.1496E-08 1.1895E-08 1.2128E-08 1.2183E-08 1.2056E-08 1.1748E-08 1.1269E-08 1.0640E-08 9.8868E-09 9.0390E-09 8.1287E-09 7.1892E-09 6.2519E-09 5.3447E-09 4.4904E-09 3.7085E-09 3.0072E-09 2.3958E-09 1.8701E-09 1.4312E-09 1.0751E-09 7.8983E-10 5.5904E-10 3.7974E-10 2.4439E-10 1.4825E-10 7.9324E-11 3.4998E-11 8.4934E-12 0.0000E+00 0.0000E+00 0.0000E+00 0.0000E+00 0.0000E+00 0.0000E+00 0.0000E+00 0.0000E+00
2.9626E-10 4.1790E-10 5.6774E-10 7.5209E-10 9.7562E-10 1.2448E-09 1.5750E-09 1.9614E-09 2.4266E-09 2.9573E-09 3.5672E-09 4.2481E-09 4.9965E-09 5.8048E-09 6.6552E-09 7.5309E-09 8.4117E-09 9.2662E-09 1.0066E-08 1.0781E-08 1.1383E-08 1.1843E-08 1.2138E-08 1.2252E-08 1.2176E-08 1.1912E-08 1.1469E-08 1.0866E-08 1.0127E-08 9.2817E-09 8.3644E-09 7.4100E-09 6.4509E-09 5.5192E-09 4.6376E-09 3.8257E-09 3.0994E-09 2.4653E-09 1.9247E-09 1.4703E-09 1.0992E-09 8.0500E-10 5.7206E-10 3.8696E-10 2.4827E-10 1.5051E-10 8.2956E-11 3.3799E-11 8.6793E-12 5.1963E-13 0.0000E+00 0.0000E+00 0.0000E+00 0.0000E+00 0.0000E+00 0.0000E+00 0.0000E+00
2.3414E-10 3.4367E-10 4.7828E-10 6.4361E-10 8.4800E-10 1.0928E-09 1.3969E-09 1.7617E-09 2.1983E-09 2.7075E-09 3.2915E-09 3.9503E-09 4.6858E-09 5.4827E-09 6.3353E-09 7.2240E-09 8.1227E-09 9.0074E-09 9.8496E-09 1.0613E-08 1.1270E-08 1.1788E-08 1.2142E-08 1.2315E-08 1.2295E-08 1.2080E-08 1.1676E-08 1.1099E-08 1.0375E-08 9.5336E-09 8.6106E-09 7.6408E-09 6.6607E-09 5.7024E-09 4.7941E-09 3.9549E-09 3.2002E-09 2.5406E-09 1.9789E-09 1.5119E-09 1.1286E-09 8.2228E-10 5.8282E-10 3.9518E-10 2.5462E-10 1.5420E-10 8.3926E-11 3.5994E-11 7.1564E-12 1.7641E-12 0.0000E+00 0.0000E+00 0.0000E+00 0.0000E+00 0.0000E+00 0.0000E+00 0.0000E+00
1.7954E-10 2.7831E-10 3.9839E-10 5.4713E-10 7.3220E-10 9.5872E-10 1.2332E-09 1.5740E-09 1.9798E-09 2.4652E-09 3.0220E-09 3.6669E-09 4.3823E-09 5.1721E-09 6.0234E-09 6.9153E-09 7.8329E-09 8.7480E-09 9.6297E-09 1.0444E-08 1.1159E-08 1.1741E-08 1.2162E-08 1.2400E-08 1.2439E-08 1.2274E-08 1.1908E-08 1.1360E-08 1.0650E-08 9.8102E-09 8.8772E-09 7.8888E-09 6.8830E-09 5.8951E-09 4.9559E-09 4.0888E-09 3.3087E-09 2.6243E-09 2.0390E-09 1.5518E-09 1.1585E-09 8.4262E-10 5.9548E-10 4.0299E-10 2.6468E-10 1.5672E-10 8.3831E-11 3.5691E-11 8.0536E-12 2.6033E-12 0.0000E+00 0.0000E+00 0.0000E+00 0.0000E+00 0.0000E+00 0.0000E+00 0.0000E+00
1.2987E-10 2.1943E-10 3.2877E-10 4.6102E-10 6.2651E-10 8.3306E-10 1.0822E-09 1.3979E-09 1.7828E-09 2.2380E-09 2.7738E-09 3.3887E-09 4.0874E-09 4.8667E-09 5.7124E-09 6.6146E-09 7.5511E-09 8.4958E-09 9.4161E-09 1.0283E-08 1.1060E-08 1.1709E-08 1.2198E-08 1.2502E-08 1.2602E-08 1.2490E-08 1.2167E-08 1.1646E-08 1.0951E-08 1.0112E-08 9.1673E-09 8.1576E-09 7.1237E-09 6.1033E-09 5.1290E-09 4.2268E-09 3.4173E-09 2.7100E-09 2.1056E-09 1.5993E-09 1.1877E-09 8.6351E-10 6.1274E-10 4.1580E-10 2.6735E-10 1.6135E-10 8.2395E-11 3.6522E-11 1.1088E-11 3.0675E-12 0.0000E+00 0.0000E+00 0.0000E+00 0.0000E+00 0.0000E+00 0.0000E+00 0.0000E+00
9.3514E-11 1.6489E-10 2.6537E-10 3.8432E-10 5.3327E-10 7.1930E-10 9.5083E-10 1.2333E-09 1.5931E-09 2.0211E-09 2.5335E-09 3.1275E-09 3.8102E-09 4.5727E-09 5.4134E-09 6.3193E-09 7.2712E-09 8.2457E-09 9.2108E-09 1.0130E-08 1.0966E-08 1.1682E-08 1.2239E-08 1.2612E-08 1.2775E-08 1.2716E-08 1.2434E-08 1.1941E-08 1.1259E-08 1.0421E-08 9.4642E-09 8.4326E-09 7.3702E-09 6.3173E-09 5.3106E-09 4.3759E-09 3.5342E-09 2.7971E-09 2.1714E-09 1.6514E-09 1.2252E-09 8.8447E-10 6.3109E-10 4.3007E-10 2.7173E-10 1.6186E-10 8.7598E-11 3.7322E-11 1.5543E-11 3.6510E-12 0.0000E+00 0.0000E+00 0.0000E+00 0.0000E+00 0.0000E+00 0.0000E+00 0.0000E+00
2.4098E-11 1.2140E-10 2.0710E-10 3.1583E-10 4.4798E-10 6.1487E-10 8.2469E-10 1.0840E-09 1.4182E-09 1.8237E-09 2.3063E-09 2.8763E-09 3.5338E-09 4.2845E-09 5.1225E-09 6.0348E-09 7.0047E-09 8.0060E-09 9.0081E-09 9.9805E-09 1.0880E-08 1.1666E-08 1.2297E-08 1.2741E-08 1.2969E-08 1.2966E-08 1.2727E-08 1.2261E-08 1.1591E-08 1.0749E-08 9.7776E-09 8.7214E-09 7.6271E-09 6.5398E-09 5.4957E-09 4.5282E-09 3.6568E-09 2.8923E-09 2.2401E-09 1.7009E-09 1.2636E-09 9.1502E-10 6.4891E-10 4.4351E-10 2.8015E-10 1.6526E-10 8.9538E-11 3.9813E-11 1.7876E-11 4.6171E-12 0.0000E+00 0.0000E+00 0.0000E+00 0.0000E+00 0.0000E+00 0.0000E+00 0.0000E+00
1.7538E-11 7.1755E-11 1.5592E-10 2.5236E-10 3.7281E-10 5.2134E-10 7.0958E-10 9.4587E-10 1.2503E-09 1.6332E-09 2.0896E-09 2.6379E-09 3.2761E-09 4.0122E-09 4.8389E-09 5.7527E-09 6.7368E-09 7.7671E-09 8.8143E-09 9.8413E-09 1.0805E-08 1.1658E-08 1.2361E-08 1.2875E-08 1.3167E-08 1.3218E-08 1.3021E-08 1.2583E-08 1.1926E-08 1.1084E-08 1.0098E-08 9.0174E-09 7.8922E-09 6.7692E-09 5.6892E-09 4.6837E-09 3.7795E-09 2.9888E-09 2.3148E-09 1.7525E-09 1.2981E-09 9.4881E-10 6.7373E-10 4.5216E-10 2.8913E-10 1.6731E-10 9.1323E-11 4.7086E-11 2.0571E-11 5.5772E-12 0.0000E+00 0.0000E+00 0.0000E+00 0.0000E+00 0.0000E+00 0.0000E+00 0.0000E+00
1.0815E-11 2.5867E-11 1.2138E-10 1.9547E-10 3.0235E-10 4.3540E-10 6.0320E-10 8.1623E-10 1.1017E-09 1.4551E-09 1.8873E-09 2.4052E-09 3.0249E-09 3.7443E-09 4.5663E-09 5.4837E-09 6.4829E-09 7.5398E-09 8.6242E-09 9.7019E-09 1.0727E-08 1.1650E-08 1.2426E-08 1.3011E-08 1.3368E-08 1.3475E-08 1.3321E-08 1.2911E-08 1.2266E-08 1.1422E-08 1.0421E-08 9.3156E-09 8.1608E-09 7.0007E-09 5.8844E-09 4.8439E-09 3.9051E-09 3.0829E-09 2.3866E-09 1.8075E-09 1.3405E-09 9.7859E-10 6.9580E-10 4.6403E-10 2.9081E-10 1.7651E-10 9.6418E-11 5.2241E-11 2.3372E-11 7.0557E-12 0.0000E+00 0.0000E+00 0.0000E+00 0.0000E+00 0.0000E+00 0.0000E+00 0.0000E+00
2.9868E-12 1.8713E-11 5.8395E-11 1.5237E-10 2.3955E-10 3.5723E-10 5.0679E-10 6.9569E-10 9.5994E-10 1.2863E-09 1.6952E-09 2.1914E-09 2.7876E-09 3.4897E-09 4.2984E-09 5.2172E-09 6.2297E-09 7.3147E-09 8.4419E-09 9.5733E-09 1.0661E-08 1.1654E-08 1.2502E-08 1.3159E-08 1.3583E-08 1.3745E-08 1.3632E-08 1.3249E-08 1.2618E-08 1.1770E-08 1.0753E-08 9.6208E-09 8.4293E-09 7.2315E-09 6.0751E-09 5.0000E-09 4.0306E-09 3.1805E-09 2.4533E-09 1.8592E-09 1.3862E-09 1.0092E-09 7.1588E-10 4.7619E-10 2.9617E-10 1.8272E-10 1.0363E-10 5.7593E-11 2.6318E-11 8.5404E-12 0.0000E+00 0.0000E+00 0.0000E+00 0.0000E+00 0.0000E+00 0.0000E+00 0.0000E+00
0.0000E+00 7.3222E-12 2.6120E-11 1.1759E-10 1.8855E-10 2.9144E-10 4.1823E-10 5.8475E-10 8.2700E-10 1.1324E-09 1.5133E-09 1.9856E-09 2.5594E-09 3.2430E-09 4.0485E-09 4.9688E-09 5.9902E-09 7.0971E-09 8.2616E-09 9.4446E-09 1.0595E-08 1.1660E-08 1.2583E-08 1.3312E-08 1.3800E-08 1.4018E-08 1.3947E-08 1.3589E-08 1.2965E-08 1.2111E-08 1.1076E-08 9.9171E-09 8.6942E-09 7.4602E-09 6.2657E-09 5.1509E-09 4.1472E-09 3.2714E-09 2.5275E-09 1.9132E-09 1.4243E-09 1.0377E-09 7.2590E-10 4.8606E-10 3.0879E-10 1.8961E-10 1.1599E-10 6.0553E-11 2.9068E-11 1.0019E-11 0.0000E+00 0.0000E+00 0.0000E+00 0.0000E+00 0.0000E+00 0.0000E+00 0.0000E+00
0.0000E+00 3.4946E-13 1.3721E-11 2.7948E-11 1.4615E-10 2.3255E-10 3.4625E-10 4.8453E-10 7.0303E-10 9.8586E-10 1.3435E-09 1.7949E-09 2.3441E-09 3.0117E-09 3.8035E-09 4.7208E-09 5.7569E-09 6.8937E-09 8.1007E-09 9.3365E-09 1.0548E-08 1.1679E-08 1.2674E-08 1.3472E-08 1.4025E-08 1.4295E-08 1.4262E-08 1.3929E-08 1.3318E-08 1.2456E-08 1.1400E-08 1.0209E-08 8.9479E-09 7.6745E-09 6.4450E-09 5.2967E-09 4.2586E-09 3.3529E-09 2.5944E-09 1.9667E-09 1.4588E-09 1.0597E-09 7.4234E-10 4.9232E-10 3.2286E-10 1.9668E-10 1.2076E-10 6.6099E-11 3.2129E-11 1.1680E-11 0.0000E+00 0.0000E+00 0.0000E+00 0.0000E+00 0.0000E+00 0.0000E+00 0.0000E+00
0.0000E+00 0.0000E+00 2.8932E-12 1.9119E-11 8.6821E-11 1.7898E-10 2.8109E-10 4.0188E-10 5.9028E-10 8.5003E-10 1.1874E-09 1.6134E-09 2.1436E-09 2.7948E-09 3.5762E-09 4.4960E-09 5.5420E-09 6.7008E-09 7.9457E-09 9.2329E-09 1.0510E-08 1.1715E-08 1.2783E-08 1.3652E-08 1.4266E-08 1.4586E-08 1.4591E-08 1.4276E-08 1.3663E-08 1.2789E-08 1.1709E-08 1.0490E-08 9.1929E-09 7.8789E-09 6.6076E-09 5.4245E-09 4.3627E-09 3.4375E-09 2.6529E-09 2.0088E-09 1.4865E-09 1.0686E-09 7.5271E-10 5.0652E-10 3.3224E-10 2.0957E-10 1.2666E-10 6.8441E-11 3.3034E-11 1.1924E-11 0.0000E+00 0.0000E+00 0.0000E+00 0.0000E+00 0.0000E+00 0.0000E+00 0.0000E+00
0.0000E+00 0.0000E+00 0.0000E+00 5.6659E-12 2.0142E-11 1.2792E-10 2.1977E-10 3.3006E-10 4.9298E-10 7.2834E-10 1.0427E-09 1.4492E-09 1.9576E-09 2.5876E-09 3.3610E-09 4.2803E-09 5.3418E-09 6.5299E-09 7.8183E-09 9.1598E-09 1.0498E-08 1.1772E-08 1.2913E-08 1.3851E-08 1.4526E-08 1.4892E-08 1.4926E-08 1.4627E-08 1.4014E-08 1.3124E-08 1.2016E-08 1.0757E-08 9.4163E-09 8.0643E-09 6.7566E-09 5.5395E-09 4.4489E-09 3.5037E-09 2.7008E-09 2.0386E-09 1.5063E-09 1.0821E-09 7.6216E-10 5.1839E-10 3.3816E-10 2.1622E-10 1.3039E-10 7.0780E-11 3.3673E-11 1.0030E-11 0.0000E+00 0.0000E+00 0.0000E+00 0.0000E+00 0.0000E+00 0.0000E+00 0.0000E+00
0.0000E+00 0.0000E+00 0.0000E+00 0.0000E+00 6.9514E-12 5.2276E-11 1.6236E-10 2.6661E-10 4.1088E-10 6.2020E-10 9.1192E-10 1.2993E-09 1.7848E-09 2.4022E-09 3.1681E-09 4.0873E-09 5.1586E-09 6.3757E-09 7.7075E-09 9.1069E-09 1.0518E-08 1.1870E-08 1.3086E-08 1.4091E-08 1.4821E-08 1.5230E-08 1.5288E-08 1.4990E-08 1.4361E-08 1.3445E-08 1.2304E-08 1.1006E-08 9.6245E-09 8.2287E-09 6.8849E-09 5.6389E-09 4.5225E-09 3.5549E-09 2.7344E-09 2.0510E-09 1.5075E-09 1.0901E-09 7.6499E-10 5.2715E-10 3.4096E-10 2.1933E-10 1.3179E-10 6.9680E-11 3.2477E-11 9.8091E-12 0.0000E+00 0.0000E+00 0.0000E+00 0.0000E+00 0.0000E+00 0.0000E+00 0.0000E+00
0.0000E+00 0.0000E+00 0.0000E+00 0.0000E+00 1.6835E-13 6.9289E-12 1.0313E-10 1.9656E-10 3.3374E-10 5.2702E-10 7.9843E-10 1.1625E-09 1.6306E-09 2.2323E-09 2.9870E-09 3.9094E-09 5.0035E-09 6.2547E-09 7.6388E-09 9.1007E-09 1.0584E-08 1.2015E-08 1.3309E-08 1.4385E-08 1.5170E-08 1.5612E-08 1.5683E-08 1.5384E-08 1.4732E-08 1.3776E-08 1.2583E-08 1.1235E-08 9.8069E-09 8.3711E-09 6.9898E-09 5.7090E-09 4.5682E-09 3.5757E-09 2.7403E-09 2.0572E-09 1.5100E-09 1.0927E-09 7.6515E-10 5.2169E-10 3.3633E-10 2.1831E-10 1.3026E-10 6.8321E-11 2.9069E-11 7.3797E-12 0.0000E+00 0.0000E+00 0.0000E+00 0.0000E+00 0.0000E+00 0.0000E+00 0.0000E+00
0.0000E+00 0.0000E+00 0.0000E+00 0.0000E+00 0.0000E+00 4.2730E-13 2.4466E-11 1.3603E-10 2.6050E-10 4.4402E-10 6.9598E-10 1.0411E-09 1.4950E-09 2.0803E-09 2.8298E-09 3.7588E-09 4.8716E-09 6.1650E-09 7.6062E-09 9.1440E-09 1.0712E-08 1.2227E-08 1.3599E-08 1.4740E-08 1.5577E-08 1.6050E-08 1.6126E-08 1.5804E-08 1.5113E-08 1.4106E-08 1.2861E-08 1.1452E-08 9.9652E-09 8.4817E-09 7.0610E-09 5.7523E-09 4.5861E-09 3.5762E-09 2.7253E-09 2.0416E-09 1.4986E-09 1.0763E-09 7.6073E-10 5.1448E-10 3.3225E-10 2.1234E-10 1.2457E-10 6.3193E-11 2.6714E-11 6.4826E-12 0.0000E+00 0.0000E+00 0.0000E+00 0.0000E+00 0.0000E+00 0.0000E+00 0.0000E+00
