Assets/Resources/2015_m01_d20_1200(utc+0800)_l00_csi_1hr_conc.grd
DSAA
         159         159
     -79.000      79.000
     -79.000      79.000
  0.2295E-09  0.1075E-05
[rows 50 to 74 of 159, columns 0 to 56 of 159]
8.3210E-10 8.5158E-10 8.7071E-10 8.9172E-10 9.1201E-10 9.3257E-10 9.5408E-10 9.7518E-10 9.9655E-10 1.0195E-09 1.0415E-09 1.0637E-09 1.0888E-09 1.1110E-09 1.1365E-09 1.1601E-09 1.1833E-09 1.2103E-09 1.2344E-09 1.2588E-09 1.2873E-09 1.3126E-09 1.3383E-09 1.3678E-09 1.3944E-09 1.4214E-09 1.4513E-09 1.4796E-09 1.5079E-09 1.5380E-09 1.5679E-09 1.5973E-09 1.6283E-09 1.6593E-09 1.6905E-09 1.7222E-09 1.7544E-09 1.7867E-09 1.8198E-09 1.8531E-09 1.8866E-09 1.9204E-09 1.9554E-09 1.9900E-09 2.0249E-09 2.0606E-09 2.0962E-09 2.1321E-09 2.1684E-09 2.2056E-09 2.2425E-09 2.2796E-09 2.3170E-09 2.3547E-09 2.3925E-09 2.4307E-09 2.4683E-09
8.3443E-10 8.5399E-10 8.7354E-10 8.9492E-10 9.1470E-10 9.3571E-10 9.5759E-10 9.7818E-10 1.0006E-09 1.0234E-09 1.0448E-09 1.0691E-09 1.0924E-09 1.1154E-09 1.1405E-09 1.1642E-09 1.1883E-09 1.2149E-09 1.2392E-09 1.2644E-09 1.2926E-09 1.3182E-09 1.3440E-09 1.3739E-09 1.4008E-09 1.4283E-09 1.4586E-09 1.4868E-09 1.5164E-09 1.5462E-09 1.5759E-09 1.6064E-09 1.6373E-09 1.6688E-09 1.7001E-09 1.7322E-09 1.7648E-09 1.7975E-09 1.8308E-09 1.8646E-09 1.8985E-09 1.9331E-09 1.9675E-09 2.0031E-09 2.0384E-09 2.0739E-09 2.1099E-09 2.1469E-09 2.1836E-09 2.2206E-09 2.2579E-09 2.2962E-09 2.3334E-09 2.3715E-09 2.4105E-09 2.4484E-09 2.4875E-09
8.3717E-10 8.5621E-10 8.7713E-10 8.9733E-10 9.1781E-10 9.3924E-10 9.6028E-10 9.8160E-10 1.0045E-09 1.0264E-09 1.0486E-09 1.0730E-09 1.0959E-09 1.1190E-09 1.1443E-09 1.1682E-09 1.1932E-09 1.2193E-09 1.2438E-09 1.2723E-09 1.2977E-09 1.3234E-09 1.3527E-09 1.3798E-09 1.4068E-09 1.4369E-09 1.4653E-09 1.4937E-09 1.5240E-09 1.5540E-09 1.5836E-09 1.6148E-09 1.6460E-09 1.6774E-09 1.7094E-09 1.7418E-09 1.7744E-09 1.8078E-09 1.8414E-09 1.8752E-09 1.9094E-09 1.9448E-09 1.9798E-09 2.0151E-09 2.0513E-09 2.0873E-09 2.1238E-09 2.1612E-09 2.1983E-09 2.2358E-09 2.2742E-09 2.3116E-09 2.3499E-09 2.3885E-09 2.4273E-09 2.4657E-09 2.5059E-09
8.3914E-10 8.5825E-10 8.7926E-10 8.9954E-10 9.2011E-10 9.4164E-10 9.6277E-10 9.8417E-10 1.0078E-09 1.0292E-09 1.0535E-09 1.0767E-09 1.0991E-09 1.1247E-09 1.1485E-09 1.1726E-09 1.1992E-09 1.2234E-09 1.2488E-09 1.2770E-09 1.3025E-09 1.3285E-09 1.3584E-09 1.3853E-09 1.4126E-09 1.4430E-09 1.4716E-09 1.5003E-09 1.5313E-09 1.5611E-09 1.5914E-09 1.6228E-09 1.6539E-09 1.6860E-09 1.7183E-09 1.7507E-09 1.7842E-09 1.8177E-09 1.8519E-09 1.8860E-09 1.9210E-09 1.9557E-09 1.9917E-09 2.0274E-09 2.0633E-09 2.1004E-09 2.1373E-09 2.1745E-09 2.2127E-09 2.2505E-09 2.2888E-09 2.3266E-09 2.3653E-09 2.4050E-09 2.4437E-09 2.4835E-09 2.5239E-09
8.4092E-10 8.6078E-10 8.8180E-10 9.0155E-10 9.2255E-10 9.4444E-10 9.6504E-10 9.8847E-10 1.0103E-09 1.0324E-09 1.0568E-09 1.0796E-09 1.1027E-09 1.1279E-09 1.1518E-09 1.1761E-09 1.2029E-09 1.2274E-09 1.2528E-09 1.2813E-09 1.3071E-09 1.3353E-09 1.3635E-09 1.3906E-09 1.4204E-09 1.4492E-09 1.4777E-09 1.5077E-09 1.5378E-09 1.5680E-09 1.5992E-09 1.6306E-09 1.6622E-09 1.6944E-09 1.7269E-09 1.7598E-09 1.7934E-09 1.8273E-09 1.8614E-09 1.8959E-09 1.9316E-09 1.9669E-09 2.0026E-09 2.0391E-09 2.0756E-09 2.1125E-09 2.1504E-09 2.1880E-09 2.2259E-09 2.2649E-09 2.3028E-09 2.3417E-09 2.3816E-09 2.4205E-09 2.4595E-09 2.5005E-09 2.5408E-09
8.4251E-10 8.6338E-10 8.8354E-10 9.0399E-10 9.2540E-10 9.4642E-10 9.6773E-10 9.9065E-10 1.0126E-09 1.0348E-09 1.0599E-09 1.0822E-09 1.1055E-09 1.1315E-09 1.1549E-09 1.1821E-09 1.2064E-09 1.2310E-09 1.2599E-09 1.2854E-09 1.3114E-09 1.3413E-09 1.3683E-09 1.3957E-09 1.4260E-09 1.4547E-09 1.4835E-09 1.5141E-09 1.5445E-09 1.5745E-09 1.6060E-09 1.6376E-09 1.6695E-09 1.7023E-09 1.7348E-09 1.7686E-09 1.8023E-09 1.8361E-09 1.8711E-09 1.9063E-09 1.9414E-09 1.9776E-09 2.0137E-09 2.0500E-09 2.0875E-09 2.1247E-09 2.1624E-09 2.2010E-09 2.2394E-09 2.2781E-09 2.3171E-09 2.3564E-09 2.3961E-09 2.4354E-09 2.4758E-09 2.5170E-09 2.5570E-09
8.4426E-10 8.6486E-10 8.8509E-10 9.0595E-10 9.2770E-10 9.4819E-10 9.6958E-10 9.9322E-10 1.0146E-09 1.0379E-09 1.0622E-09 1.0846E-09 1.1104E-09 1.1343E-09 1.1585E-09 1.1852E-09 1.2096E-09 1.2351E-09 1.2635E-09 1.2893E-09 1.3154E-09 1.3457E-09 1.3728E-09 1.4008E-09 1.4314E-09 1.4600E-09 1.4900E-09 1.5202E-09 1.5504E-09 1.5814E-09 1.6128E-09 1.6449E-09 1.6768E-09 1.7099E-09 1.7429E-09 1.7767E-09 1.8108E-09 1.8451E-09 1.8798E-09 1.9158E-09 1.9514E-09 1.9874E-09 2.0242E-09 2.0610E-09 2.0983E-09 2.1365E-09 2.1746E-09 2.2129E-09 2.2524E-09 2.2908E-09 2.3302E-09 2.3707E-09 2.4101E-09 2.4507E-09 2.4921E-09 2.5323E-09 2.5728E-09
8.4582E-10 8.6675E-10 8.8643E-10 9.0831E-10 9.2920E-10 9.4975E-10 9.7315E-10 9.9497E-10 1.0171E-09 1.0415E-09 1.0643E-09 1.0875E-09 1.1128E-09 1.1368E-09 1.1611E-09 1.1881E-09 1.2126E-09 1.2390E-09 1.2669E-09 1.2929E-09 1.3224E-09 1.3497E-09 1.3771E-09 1.4074E-09 1.4361E-09 1.4649E-09 1.4955E-09 1.5259E-09 1.5560E-09 1.5876E-09 1.6193E-09 1.6512E-09 1.6838E-09 1.7168E-09 1.7501E-09 1.7842E-09 1.8185E-09 1.8537E-09 1.8891E-09 1.9244E-09 1.9609E-09 1.9973E-09 2.0338E-09 2.0716E-09 2.1092E-09 2.1473E-09 2.1863E-09 2.2250E-09 2.2642E-09 2.3037E-09 2.3435E-09 2.3837E-09 2.4235E-09 2.4653E-09 2.5064E-09 2.5471E-09 2.5890E-09
8.4778E-10 8.6784E-10 8.8757E-10 9.0953E-10 9.3048E-10 9.5173E-10 9.7459E-10 9.9648E-10 1.0187E-09 1.0438E-09 1.0661E-09 1.0894E-09 1.1155E-09 1.1390E-09 1.1663E-09 1.1907E-09 1.2154E-09 1.2444E-09 1.2701E-09 1.2962E-09 1.3263E-09 1.3535E-09 1.3810E-09 1.4116E-09 1.4405E-09 1.4695E-09 1.5007E-09 1.5310E-09 1.5620E-09 1.5934E-09 1.6256E-09 1.6576E-09 1.6904E-09 1.7239E-09 1.7574E-09 1.7916E-09 1.8264E-09 1.8613E-09 1.8975E-09 1.9332E-09 1.9695E-09 2.0066E-09 2.0437E-09 2.0812E-09 2.1198E-09 2.1581E-09 2.1969E-09 2.2367E-09 2.2755E-09 2.3154E-09 2.3563E-09 2.3962E-09 2.4374E-09 2.4793E-09 2.5201E-09 2.5622E-09 2.6043E-09
8.4862E-10 8.6874E-10 8.8949E-10 9.1054E-10 9.3155E-10 9.5286E-10 9.7644E-10 9.9777E-10 1.0207E-09 1.0453E-09 1.0678E-09 1.0935E-09 1.1174E-09 1.1417E-09 1.1685E-09 1.1930E-09 1.2186E-09 1.2471E-09 1.2730E-09 1.2993E-09 1.3296E-09 1.3570E-09 1.3854E-09 1.4159E-09 1.4446E-09 1.4749E-09 1.5052E-09 1.5357E-09 1.5672E-09 1.5989E-09 1.6309E-09 1.6635E-09 1.6966E-09 1.7300E-09 1.7641E-09 1.7986E-09 1.8333E-09 1.8685E-09 1.9049E-09 1.9410E-09 1.9782E-09 2.0150E-09 2.0530E-09 2.0909E-09 2.1292E-09 2.1685E-09 2.2076E-09 2.2471E-09 2.2870E-09 2.3272E-09 2.3679E-09 2.4082E-09 2.4504E-09 2.4921E-09 2.5333E-09 2.5758E-09 2.6183E-09
8.4987E-10 8.6943E-10 8.9059E-10 9.1196E-10 9.3241E-10 9.5474E-10 9.7745E-10 9.9948E-10 1.0238E-09 1.0466E-09 1.0698E-09 1.0951E-09 1.1191E-09 1.1435E-09 1.1705E-09 1.1951E-09 1.2212E-09 1.2495E-09 1.2756E-09 1.3052E-09 1.3326E-09 1.3601E-09 1.3906E-09 1.4195E-09 1.4484E-09 1.4792E-09 1.5097E-09 1.5400E-09 1.5718E-09 1.6037E-09 1.6359E-09 1.6691E-09 1.7027E-09 1.7362E-09 1.7705E-09 1.8054E-09 1.8404E-09 1.8763E-09 1.9126E-09 1.9490E-09 1.9858E-09 2.0235E-09 2.0613E-09 2.1001E-09 2.1387E-09 2.1777E-09 2.2179E-09 2.2571E-09 2.2973E-09 2.3386E-09 2.3789E-09 2.4205E-09 2.4629E-09 2.5043E-09 2.5469E-09 2.5895E-09 2.6317E-09
8.5033E-10 8.6992E-10 8.9174E-10 9.1256E-10 9.3369E-10 9.5644E-10 9.7823E-10 1.0003E-09 1.0254E-09 1.0477E-09 1.0710E-09 1.0970E-09 1.1205E-09 1.1464E-09 1.1722E-09 1.1976E-09 1.2260E-09 1.2517E-09 1.2779E-09 1.3081E-09 1.3354E-09 1.3630E-09 1.3937E-09 1.4227E-09 1.4518E-09 1.4832E-09 1.5135E-09 1.5447E-09 1.5764E-09 1.6087E-09 1.6409E-09 1.6744E-09 1.7077E-09 1.7419E-09 1.7764E-09 1.8112E-09 1.8465E-09 1.8830E-09 1.9192E-09 1.9559E-09 1.9934E-09 2.0310E-09 2.0690E-09 2.1082E-09 2.1471E-09 2.1871E-09 2.2269E-09 2.2671E-09 2.3077E-09 2.3487E-09 2.3893E-09 2.4320E-09 2.4741E-09 2.5158E-09 2.5589E-09 2.6019E-09 2.6445E-09
8.5059E-10 8.7118E-10 8.9208E-10 9.1295E-10 9.3412E-10 9.5757E-10 9.7879E-10 1.0016E-09 1.0262E-09 1.0486E-09 1.0729E-09 1.0981E-09 1.1224E-09 1.1491E-09 1.1736E-09 1.1992E-09 1.2277E-09 1.2537E-09 1.2800E-09 1.3104E-09 1.3378E-09 1.3663E-09 1.3968E-09 1.4257E-09 1.4560E-09 1.4868E-09 1.5170E-09 1.5487E-09 1.5806E-09 1.6127E-09 1.6455E-09 1.6788E-09 1.7124E-09 1.7472E-09 1.7816E-09 1.8172E-09 1.8531E-09 1.8895E-09 1.9260E-09 1.9629E-09 2.0007E-09 2.0386E-09 2.0769E-09 2.1164E-09 2.1556E-09 2.1953E-09 2.2354E-09 2.2759E-09 2.3175E-09 2.3582E-09 2.4002E-09 2.4429E-09 2.4847E-09 2.5278E-09 2.5709E-09 2.6136E-09 2.6576E-09
8.5065E-10 8.7164E-10 8.9284E-10 9.1313E-10 9.3531E-10 9.5786E-10 9.7914E-10 1.0030E-09 1.0267E-09 1.0498E-09 1.0750E-09 1.0990E-09 1.1233E-09 1.1502E-09 1.1749E-09 1.2006E-09 1.2293E-09 1.2553E-09 1.2849E-09 1.3124E-09 1.3399E-09 1.3704E-09 1.3993E-09 1.4282E-09 1.4591E-09 1.4897E-09 1.5201E-09 1.5524E-09 1.5840E-09 1.6164E-09 1.6498E-09 1.6834E-09 1.7172E-09 1.7517E-09 1.7869E-09 1.8221E-09 1.8587E-09 1.8949E-09 1.9316E-09 1.9693E-09 2.0069E-09 2.0451E-09 2.0844E-09 2.1234E-09 2.1630E-09 2.2036E-09 2.2434E-09 2.2842E-09 2.3261E-09 2.3671E-09 2.4101E-09 2.4526E-09 2.4947E-09 2.5381E-09 2.5816E-09 2.6247E-09 2.6691E-09
8.5052E-10 8.7213E-10 8.9278E-10 9.1310E-10 9.3630E-10 9.5794E-10 9.7993E-10 1.0042E-09 1.0270E-09 1.0502E-09 1.0762E-09 1.0996E-09 1.1240E-09 1.1511E-09 1.1758E-09 1.2047E-09 1.2305E-09 1.2567E-09 1.2868E-09 1.3141E-09 1.3417E-09 1.3724E-09 1.4014E-09 1.4305E-09 1.4619E-09 1.4923E-09 1.5235E-09 1.5553E-09 1.5877E-09 1.6200E-09 1.6536E-09 1.6871E-09 1.7215E-09 1.7561E-09 1.7911E-09 1.8266E-09 1.8634E-09 1.8999E-09 1.9375E-09 1.9747E-09 2.0133E-09 2.0517E-09 2.0912E-09 2.1306E-09 2.1704E-09 2.2107E-09 2.2514E-09 2.2926E-09 2.3342E-09 2.3754E-09 2.4188E-09 2.4616E-09 2.5040E-09 2.5485E-09 2.5917E-09 2.6361E-09 2.6806E-09
8.5018E-10 8.7184E-10 8.9251E-10 9.1349E-10 9.3611E-10 9.5781E-10 9.7985E-10 1.0049E-09 1.0271E-09 1.0504E-09 1.0764E-09 1.0999E-09 1.1272E-09 1.1517E-09 1.1772E-09 1.2056E-09 1.2314E-09 1.2577E-09 1.2881E-09 1.3154E-09 1.3432E-09 1.3744E-09 1.4032E-09 1.4335E-09 1.4643E-09 1.4945E-09 1.5262E-09 1.5582E-09 1.5904E-09 1.6232E-09 1.6566E-09 1.6903E-09 1.7253E-09 1.7604E-09 1.7956E-09 1.8317E-09 1.8683E-09 1.9050E-09 1.9422E-09 1.9803E-09 2.0185E-09 2.0578E-09 2.0970E-09 2.1366E-09 2.1774E-09 2.2173E-09 2.2582E-09 2.3004E-09 2.3416E-09 2.3841E-09 2.4275E-09 2.4699E-09 2.5137E-09 2.5576E-09 2.6010E-09 2.6459E-09 2.6907E-09
8.5062E-10 8.7134E-10 8.9204E-10 9.1340E-10 9.3634E-10 9.5746E-10 9.8017E-10 1.0047E-09 1.0270E-09 1.0513E-09 1.0765E-09 1.1007E-09 1.1275E-09 1.1520E-09 1.1776E-09 1.2062E-09 1.2321E-09 1.2585E-09 1.2890E-09 1.3165E-09 1.3465E-09 1.3757E-09 1.4046E-09 1.4354E-09 1.4660E-09 1.4963E-09 1.5282E-09 1.5603E-09 1.5927E-09 1.6261E-09 1.6598E-09 1.6937E-09 1.7283E-09 1.7635E-09 1.7989E-09 1.8356E-09 1.8721E-09 1.9090E-09 1.9468E-09 1.9847E-09 2.0232E-09 2.0627E-09 2.1028E-09 2.1427E-09 2.1831E-09 2.2239E-09 2.2651E-09 2.3069E-09 2.3483E-09 2.3919E-09 2.4349E-09 2.4776E-09 2.5217E-09 2.5659E-09 2.6097E-09 2.6548E-09 2.7012E-09
8.5026E-10 8.7125E-10 8.9135E-10 9.1335E-10 9.3575E-10 9.5690E-10 9.7966E-10 1.0043E-09 1.0273E-09 1.0530E-09 1.0763E-09 1.1006E-09 1.1275E-09 1.1520E-09 1.1778E-09 1.2065E-09 1.2325E-09 1.2622E-09 1.2897E-09 1.3172E-09 1.3477E-09 1.3767E-09 1.4057E-09 1.4370E-09 1.4673E-09 1.4981E-09 1.5302E-09 1.5626E-09 1.5949E-09 1.6285E-09 1.6620E-09 1.6965E-09 1.7312E-09 1.7663E-09 1.8018E-09 1.8387E-09 1.8760E-09 1.9131E-09 1.9512E-09 1.9893E-09 2.0279E-09 2.0678E-09 2.1074E-09 2.1475E-09 2.1882E-09 2.2292E-09 2.2715E-09 2.3128E-09 2.3555E-09 2.3991E-09 2.4417E-09 2.4857E-09 2.5298E-09 2.5736E-09 2.6187E-09 2.6639E-09 2.7098E-09
8.4994E-10 8.7036E-10 8.9046E-10 9.1250E-10 9.3494E-10 9.5676E-10 9.8157E-10 1.0036E-09 1.0267E-09 1.0525E-09 1.0758E-09 1.1002E-09 1.1272E-09 1.1518E-09 1.1808E-09 1.2065E-09 1.2326E-09 1.2628E-09 1.2900E-09 1.3176E-09 1.3486E-09 1.3773E-09 1.4071E-09 1.4378E-09 1.4683E-09 1.4996E-09 1.5318E-09 1.5640E-09 1.5968E-09 1.6301E-09 1.6638E-09 1.6988E-09 1.7339E-09 1.7691E-09 1.8053E-09 1.8420E-09 1.8788E-09 1.9165E-09 1.9544E-09 1.9927E-09 2.0322E-09 2.0716E-09 2.1115E-09 2.1525E-09 2.1927E-09 2.2340E-09 2.2765E-09 2.3180E-09 2.3617E-09 2.4049E-09 2.4478E-09 2.4921E-09 2.5365E-09 2.5805E-09 2.6259E-09 2.6715E-09 2.7177E-09
8.4883E-10 8.6926E-10 8.8936E-10 9.1242E-10 9.3392E-10 9.5639E-10 9.8065E-10 1.0027E-09 1.0259E-09 1.0518E-09 1.0751E-09 1.1010E-09 1.1266E-09 1.1521E-09 1.1804E-09 1.2062E-09 1.2324E-09 1.2627E-09 1.2900E-09 1.3177E-09 1.3488E-09 1.3776E-09 1.4079E-09 1.4387E-09 1.4689E-09 1.5007E-09 1.5326E-09 1.5649E-09 1.5982E-09 1.6319E-09 1.6658E-09 1.7003E-09 1.7356E-09 1.7709E-09 1.8077E-09 1.8441E-09 1.8811E-09 1.9190E-09 1.9571E-09 1.9956E-09 2.0353E-09 2.0755E-09 2.1156E-09 2.1562E-09 2.1973E-09 2.2388E-09 2.2809E-09 2.3227E-09 2.3673E-09 2.4100E-09 2.4542E-09 2.4984E-09 2.5424E-09 2.5877E-09 2.6332E-09 2.6794E-09 2.7259E-09
8.4753E-10 8.6795E-10 8.8967E-10 9.1178E-10 9.3269E-10 9.5521E-10 9.7951E-10 1.0016E-09 1.0248E-09 1.0508E-09 1.0749E-09 1.1015E-09 1.1258E-09 1.1513E-09 1.1798E-09 1.2056E-09 1.2319E-09 1.2623E-09 1.2897E-09 1.3196E-09 1.3487E-09 1.3775E-09 1.4082E-09 1.4388E-09 1.4691E-09 1.5014E-09 1.5336E-09 1.5658E-09 1.5989E-09 1.6327E-09 1.6671E-09 1.7017E-09 1.7367E-09 1.7723E-09 1.8092E-09 1.8464E-09 1.8836E-09 1.9216E-09 1.9598E-09 1.9986E-09 2.0385E-09 2.0782E-09 2.1192E-09 2.1593E-09 2.2006E-09 2.2431E-09 2.2846E-09 2.3276E-09 2.3715E-09 2.4145E-09 2.4589E-09 2.5034E-09 2.5476E-09 2.5932E-09 2.6390E-09 2.6854E-09 2.7322E-09
8.4664E-10 8.6645E-10 8.8819E-10 9.1033E-10 9.3125E-10 9.5379E-10 9.7815E-10 1.0010E-09 1.0251E-09 1.0496E-09 1.0737E-09 1.1003E-09 1.1248E-09 1.1503E-09 1.1789E-09 1.2048E-09 1.2340E-09 1.2616E-09 1.2890E-09 1.3194E-09 1.3482E-09 1.3771E-09 1.4083E-09 1.4386E-09 1.4697E-09 1.5013E-09 1.5337E-09 1.5663E-09 1.5995E-09 1.6331E-09 1.6675E-09 1.7023E-09 1.7381E-09 1.7742E-09 1.8108E-09 1.8476E-09 1.8849E-09 1.9231E-09 1.9615E-09 2.0010E-09 2.0404E-09 2.0804E-09 2.1215E-09 2.1619E-09 2.2040E-09 2.2460E-09 2.2877E-09 2.3316E-09 2.3751E-09 2.4183E-09 2.4629E-09 2.5077E-09 2.5521E-09 2.5987E-09 2.6451E-09 2.6918E-09 2.7378E-09
8.4494E-10 8.6475E-10 8.8651E-10 9.0867E-10 9.2960E-10 9.5216E-10 9.7657E-10 9.9940E-10 1.0250E-09 1.0481E-09 1.0722E-09 1.0990E-09 1.1234E-09 1.1501E-09 1.1777E-09 1.2036E-09 1.2336E-09 1.2606E-09 1.2881E-09 1.3189E-09 1.3474E-09 1.3763E-09 1.4076E-09 1.4379E-09 1.4695E-09 1.5012E-09 1.5333E-09 1.5661E-09 1.5994E-09 1.6336E-09 1.6680E-09 1.7031E-09 1.7384E-09 1.7750E-09 1.8113E-09 1.8482E-09 1.8861E-09 1.9240E-09 1.9625E-09 2.0023E-09 2.0425E-09 2.0826E-09 2.1233E-09 2.1644E-09 2.2061E-09 2.2482E-09 2.2902E-09 2.3350E-09 2.3780E-09 2.4224E-09 2.4669E-09 2.5112E-09 2.5569E-09 2.6027E-09 2.6493E-09 2.6963E-09 2.7426E-09
8.4305E-10 8.6286E-10 8.8463E-10 9.0680E-10 9.2838E-10 9.5195E-10 9.7476E-10 9.9760E-10 1.0232E-09 1.0464E-09 1.0706E-09 1.0973E-09 1.1225E-09 1.1506E-09 1.1762E-09 1.2022E-09 1.2322E-09 1.2593E-09 1.2867E-09 1.3176E-09 1.3462E-09 1.3763E-09 1.4069E-09 1.4369E-09 1.4686E-09 1.5004E-09 1.5325E-09 1.5658E-09 1.5993E-09 1.6331E-09 1.6679E-09 1.7028E-09 1.7381E-09 1.7749E-09 1.8113E-09 1.8484E-09 1.8863E-09 1.9251E-09 1.9637E-09 2.0036E-09 2.0433E-09 2.0836E-09 2.1244E-09 2.1657E-09 2.2082E-09 2.2499E-09 2.2930E-09 2.3370E-09 2.3802E-09 2.4247E-09 2.4695E-09 2.5140E-09 2.5599E-09 2.6059E-09 2.6528E-09 2.7000E-09 2.7465E-09
8.4098E-10 8.6113E-10 8.8255E-10 9.0473E-10 9.2692E-10 9.5090E-10 9.7272E-10 9.9558E-10 1.0213E-09 1.0444E-09 1.0696E-09 1.0954E-09 1.1207E-09 1.1488E-09 1.1744E-09 1.2004E-09 1.2305E-09 1.2576E-09 1.2858E-09 1.3161E-09 1.3446E-09 1.3751E-09 1.4055E-09 1.4355E-09 1.4676E-09 1.4997E-09 1.5317E-09 1.5646E-09 1.5983E-09 1.6325E-09 1.6671E-09 1.7020E-09 1.7374E-09 1.7743E-09 1.8115E-09 1.8486E-09 1.8867E-09 1.9249E-09 1.9637E-09 2.0037E-09 2.0435E-09 2.0846E-09 2.1249E-09 2.1670E-09 2.2090E-09 2.2508E-09 2.2948E-09 2.3384E-09 2.3816E-09 2.4264E-09 2.4714E-09 2.5160E-09 2.5629E-09 2.6095E-09 2.6565E-09 2.7029E-09 2.7508E-09
