Assets/Resources/2015_m01_d23_2000(utc+0800)_l00_csi_1hr_conc.grd
DSAA
         159         159
     -79.000      79.000
     -79.000      79.000
  0.0000E+00  0.2184E-04
[rows 0 to 24 of 159, columns 57 to 113 of 159]
0.0000E+00 0.0000E+00 0.0000E+00 0.0000E+00 0.0000E+00 0.0000E+00 0.0000E+00 0.0000E+00 0.0000E+00 0.0000E+00 0.0000E+00 0.0000E+00 0.0000E+00 0.0000E+00 0.0000E+00 0.0000E+00 0.0000E+00 0.0000E+00 0.0000E+00 0.0000E+00 0.0000E+00 0.0000E+00 3.7900E-12 1.2513E-11 2.9799E-11 4.3419E-11 5.6648E-11 7.8768E-11 1.0226E-10 1.2391E-10 1.4381E-10 1.6504E-10 1.8718E-10 2.1091E-10 2.3493E-10 2.5972E-10 2.8555E-10 3.1072E-10 3.3721E-10 3.6375E-10 3.8923E-10 4.1525E-10 4.4096E-10 4.6624E-10 4.9098E-10 5.1510E-10 5.3853E-10 5.6118E-10 5.8238E-10 6.0332E-10 6.2270E-10 6.4176E-10 6.5922E-10 6.7631E-10 6.9180E-10 7.0658E-10 7.2007E-10
0.0000E+00 0.0000E+00 0.0000E+00 0.0000E+00 0.0000E+00 0.0000E+00 0.0000E+00 0.0000E+00 0.0000E+00 0.0000E+00 0.0000E+00 0.0000E+00 0.0000E+00 0.0000E+00 0.0000E+00 0.0000E+00 0.0000E+00 0.0000E+00 0.0000E+00 0.0000E+00 0.0000E+00 0.0000E+00 5.9622E-12 1.6539E-11 3.0664E-11 4.4692E-11 5.9068E-11 8.3325E-11 1.0756E-10 1.2764E-10 1.4847E-10 1.7037E-10 1.9290E-10 2.1738E-10 2.4267E-10 2.6765E-10 2.9424E-10 3.2012E-10 3.4735E-10 3.7461E-10 4.0113E-10 4.2780E-10 4.5379E-10 4.7967E-10 5.0498E-10 5.2963E-10 5.5355E-10 5.7665E-10 5.9824E-10 6.1956E-10 6.3926E-10 6.5861E-10 6.7630E-10 6.9362E-10 7.0927E-10 7.2420E-10 7.3778E-10
0.0000E+00 0.0000E+00 0.0000E+00 0.0000E+00 0.0000E+00 0.0000E+00 0.0000E+00 0.0000E+00 0.0000E+00 0.0000E+00 0.0000E+00 0.0000E+00 0.0000E+00 0.0000E+00 0.0000E+00 0.0000E+00 0.0000E+00 0.0000E+00 0.0000E+00 0.0000E+00 0.0000E+00 0.0000E+00 6.1403E-12 1.7008E-11 3.1547E-11 4.5993E-11 6.2681E-11 8.5775E-11 1.1074E-10 1.3146E-10 1.5296E-10 1.7584E-10 1.9936E-10 2.2402E-10 2.5008E-10 2.7579E-10 3.0316E-10 3.3033E-10 3.5777E-10 3.8576E-10 4.1335E-10 4.4070E-10 4.6731E-10 4.9380E-10 5.1934E-10 5.4454E-10 5.6895E-10 5.9252E-10 6.1514E-10 6.3620E-10 6.5653E-10 6.7586E-10 6.9380E-10 7.1133E-10 7.2715E-10 7.4221E-10 7.5589E-10
0.0000E+00 0.0000E+00 0.0000E+00 0.0000E+00 0.0000E+00 0.0000E+00 0.0000E+00 0.0000E+00 0.0000E+00 0.0000E+00 0.0000E+00 0.0000E+00 0.0000E+00 0.0000E+00 0.0000E+00 0.0000E+00 0.0000E+00 0.0000E+00 0.0000E+00 0.0000E+00 0.0000E+00 0.0000E+00 6.3222E-12 1.7485E-11 3.2449E-11 4.7323E-11 6.4509E-11 8.8644E-11 1.1401E-10 1.3570E-10 1.5757E-10 1.8117E-10 2.0599E-10 2.3083E-10 2.5769E-10 2.8416E-10 3.1233E-10 3.4082E-10 3.6846E-10 3.9722E-10 4.2554E-10 4.5358E-10 4.8121E-10 5.0831E-10 5.3443E-10 5.5983E-10 5.8475E-10 6.0879E-10 6.3183E-10 6.5326E-10 6.7423E-10 6.9353E-10 7.1234E-10 7.2946E-10 7.4575E-10 7.6064E-10 7.7440E-10
0.0000E+00 0.0000E+00 0.0000E+00 0.0000E+00 0.0000E+00 0.0000E+00 0.0000E+00 0.0000E+00 0.0000E+00 0.0000E+00 0.0000E+00 0.0000E+00 0.0000E+00 0.0000E+00 0.0000E+00 0.0000E+00 0.0000E+00 0.0000E+00 0.0000E+00 0.0000E+00 0.0000E+00 0.0000E+00 6.5079E-12 2.0173E-11 3.3370E-11 4.8681E-11 6.6377E-11 9.1219E-11 1.1769E-10 1.3972E-10 1.6259E-10 1.8663E-10 2.1223E-10 2.3783E-10 2.6550E-10 2.9275E-10 3.2174E-10 3.5104E-10 3.7945E-10 4.0899E-10 4.3805E-10 4.6680E-10 4.9511E-10 5.2285E-10 5.4991E-10 5.7619E-10 6.0095E-10 6.2546E-10 6.4894E-10 6.7072E-10 6.9204E-10 7.1162E-10 7.3069E-10 7.4800E-10 7.6446E-10 7.7947E-10 7.9332E-10
0.0000E+00 0.0000E+00 0.0000E+00 0.0000E+00 0.0000E+00 0.0000E+00 0.0000E+00 0.0000E+00 0.0000E+00 0.0000E+00 0.0000E+00 0.0000E+00 0.0000E+00 0.0000E+00 0.0000E+00 0.0000E+00 0.0000E+00 0.0000E+00 0.0000E+00 0.0000E+00 0.0000E+00 0.0000E+00 6.6973E-12 2.0731E-11 3.4308E-11 5.1136E-11 6.8284E-11 9.3850E-11 1.2111E-10 1.4417E-10 1.6743E-10 1.9223E-10 2.1862E-10 2.4500E-10 2.7351E-10 3.0214E-10 3.3140E-10 3.6154E-10 3.9073E-10 4.2106E-10 4.5088E-10 4.8037E-10 5.0937E-10 5.3776E-10 5.6544E-10 5.9229E-10 6.1823E-10 6.4255E-10 6.6646E-10 6.8861E-10 7.1028E-10 7.3014E-10 7.4946E-10 7.6697E-10 7.8360E-10 7.9872E-10 8.1266E-10
0.0000E+00 0.0000E+00 0.0000E+00 0.0000E+00 0.0000E+00 0.0000E+00 0.0000E+00 0.0000E+00 0.0000E+00 0.0000E+00 0.0000E+00 0.0000E+00 0.0000E+00 0.0000E+00 0.0000E+00 0.0000E+00 0.0000E+00 0.0000E+00 0.0000E+00 0.0000E+00 0.0000E+00 0.0000E+00 6.8902E-12 2.1298E-11 3.5264E-11 5.2579E-11 7.0231E-11 9.6911E-11 1.2496E-10 1.4839E-10 1.7271E-10 1.9796E-10 2.2518E-10 2.5236E-10 2.8173E-10 3.1180E-10 3.4131E-10 3.7231E-10 4.0286E-10 4.3345E-10 4.6405E-10 4.9428E-10 5.2400E-10 5.5306E-10 5.8136E-10 6.0879E-10 6.3527E-10 6.6005E-10 6.8441E-10 7.0693E-10 7.2894E-10 7.4908E-10 7.6866E-10 7.8637E-10 8.0316E-10 8.1840E-10 8.3241E-10
0.0000E+00 0.0000E+00 0.0000E+00 0.0000E+00 0.0000E+00 0.0000E+00 0.0000E+00 0.0000E+00 0.0000E+00 0.0000E+00 0.0000E+00 0.0000E+00 0.0000E+00 0.0000E+00 0.0000E+00 0.0000E+00 0.0000E+00 0.0000E+00 0.0000E+00 0.0000E+00 0.0000E+00 0.0000E+00 7.0867E-12 2.1875E-11 3.7374E-11 5.4048E-11 7.3294E-11 9.9666E-11 1.2855E-10 1.5271E-10 1.7779E-10 2.0384E-10 2.3190E-10 2.5991E-10 2.9016E-10 3.2112E-10 3.5148E-10 3.8336E-10 4.1533E-10 4.4617E-10 4.7756E-10 5.0856E-10 5.3900E-10 5.6874E-10 5.9768E-10 6.2571E-10 6.5273E-10 6.7798E-10 7.0278E-10 7.2569E-10 7.4805E-10 7.6847E-10 7.8831E-10 8.0621E-10 8.2316E-10 8.3851E-10 8.5259E-10
0.0000E+00 0.0000E+00 0.0000E+00 0.0000E+00 0.0000E+00 0.0000E+00 0.0000E+00 0.0000E+00 0.0000E+00 0.0000E+00 0.0000E+00 0.0000E+00 0.0000E+00 0.0000E+00 0.0000E+00 0.0000E+00 0.0000E+00 0.0000E+00 0.0000E+00 0.0000E+00 0.0000E+00 0.0000E+00 7.2865E-12 2.4760E-11 3.8394E-11 5.5544E-11 7.5752E-11 1.0286E-10 1.3221E-10 1.5745E-10 1.8299E-10 2.0985E-10 2.3878E-10 2.6826E-10 2.9881E-10 3.3067E-10 3.6191E-10 3.9469E-10 4.2755E-10 4.5961E-10 4.9142E-10 5.2319E-10 5.5437E-10 5.8482E-10 6.1441E-10 6.4304E-10 6.7061E-10 6.9634E-10 7.2160E-10 7.4488E-10 7.6760E-10 7.8830E-10 8.0840E-10 8.2648E-10 8.4360E-10 8.5905E-10 8.7320E-10
0.0000E+00 0.0000E+00 0.0000E+00 0.0000E+00 0.0000E+00 0.0000E+00 0.0000E+00 0.0000E+00 0.0000E+00 0.0000E+00 0.0000E+00 0.0000E+00 0.0000E+00 0.0000E+00 0.0000E+00 0.0000E+00 0.0000E+00 0.0000E+00 0.0000E+00 0.0000E+00 0.0000E+00 0.0000E+00 7.4896E-12 2.5413E-11 3.9430E-11 5.7066E-11 7.7854E-11 1.0573E-10 1.3630E-10 1.6197E-10 1.8863E-10 2.1600E-10 2.4583E-10 2.7682E-10 3.0766E-10 3.4047E-10 3.7260E-10 4.0631E-10 4.4007E-10 4.7340E-10 5.0603E-10 5.3859E-10 5.7013E-10 6.0129E-10 6.3155E-10 6.6079E-10 6.8893E-10 7.1585E-10 7.4086E-10 7.6487E-10 7.8759E-10 8.0858E-10 8.2893E-10 8.4721E-10 8.6448E-10 8.8004E-10 8.9424E-10
0.0000E+00 0.0000E+00 0.0000E+00 0.0000E+00 0.0000E+00 0.0000E+00 0.0000E+00 0.0000E+00 0.0000E+00 0.0000E+00 0.0000E+00 0.0000E+00 0.0000E+00 0.0000E+00 0.0000E+00 0.0000E+00 0.0000E+00 0.0000E+00 0.0000E+00 0.0000E+00 0.0000E+00 0.0000E+00 7.6956E-12 2.8158E-11 4.0481E-11 5.9748E-11 8.2581E-11 1.0904E-10 1.4048E-10 1.6693E-10 1.9407E-10 2.2293E-10 2.5303E-10 2.8497E-10 3.1673E-10 3.5050E-10 3.8417E-10 4.1821E-10 4.5291E-10 4.8712E-10 5.2101E-10 5.5437E-10 5.8706E-10 6.1855E-10 6.4910E-10 6.7897E-10 7.0768E-10 7.3511E-10 7.6057E-10 7.8533E-10 8.0804E-10 8.3001E-10 8.4993E-10 8.6874E-10 8.8581E-10 9.0147E-10 9.1573E-10
0.0000E+00 0.0000E+00 0.0000E+00 0.0000E+00 0.0000E+00 0.0000E+00 0.0000E+00 0.0000E+00 0.0000E+00 0.0000E+00 0.0000E+00 0.0000E+00 0.0000E+00 0.0000E+00 0.0000E+00 0.0000E+00 0.0000E+00 0.0000E+00 0.0000E+00 0.0000E+00 0.0000E+00 9.4688E-13 8.8337E-12 2.9781E-11 4.2433E-11 6.1345E-11 8.4821E-11 1.1203E-10 1.4438E-10 1.7164E-10 1.9996E-10 2.2938E-10 2.6041E-10 2.9331E-10 3.2601E-10 3.6078E-10 3.9603E-10 4.3041E-10 4.6606E-10 5.0119E-10 5.3595E-10 5.7015E-10 6.0363E-10 6.3623E-10 6.6745E-10 6.9757E-10 7.2687E-10 7.5483E-10 7.8073E-10 8.0590E-10 8.2896E-10 8.5123E-10 8.7138E-10 8.9038E-10 9.0760E-10 9.2335E-10 9.3766E-10
0.0000E+00 0.0000E+00 0.0000E+00 0.0000E+00 0.0000E+00 0.0000E+00 0.0000E+00 0.0000E+00 0.0000E+00 0.0000E+00 0.0000E+00 0.0000E+00 0.0000E+00 0.0000E+00 0.0000E+00 0.0000E+00 0.0000E+00 0.0000E+00 0.0000E+00 0.0000E+00 0.0000E+00 9.7235E-13 9.0712E-12 3.0529E-11 4.4740E-11 6.3851E-11 8.7095E-11 1.1546E-10 1.4835E-10 1.7644E-10 2.0565E-10 2.3662E-10 2.6794E-10 3.0184E-10 3.3551E-10 3.7130E-10 4.0756E-10 4.4290E-10 4.7952E-10 5.1559E-10 5.5125E-10 5.8631E-10 6.2059E-10 6.5395E-10 6.8624E-10 7.1737E-10 7.4651E-10 7.7500E-10 8.0135E-10 8.2694E-10 8.5033E-10 8.7292E-10 8.9329E-10 9.1250E-10 9.2984E-10 9.4568E-10 9.6004E-10
0.0000E+00 0.0000E+00 0.0000E+00 0.0000E+00 0.0000E+00 0.0000E+00 0.0000E+00 0.0000E+00 0.0000E+00 0.0000E+00 0.0000E+00 0.0000E+00 0.0000E+00 0.0000E+00 0.0000E+00 0.0000E+00 0.0000E+00 0.0000E+00 0.0000E+00 0.0000E+00 0.0000E+00 9.9811E-13 9.3114E-12 3.1284E-11 4.5886E-11 6.5519E-11 9.0990E-11 1.1856E-10 1.5275E-10 1.8133E-10 2.1144E-10 2.4337E-10 2.7564E-10 3.1056E-10 3.4587E-10 3.8206E-10 4.1936E-10 4.5568E-10 4.9331E-10 5.3033E-10 5.6691E-10 6.0284E-10 6.3796E-10 6.7209E-10 7.0510E-10 7.3688E-10 7.6659E-10 7.9563E-10 8.2243E-10 8.4845E-10 8.7218E-10 8.9507E-10 9.1568E-10 9.3508E-10 9.5255E-10 9.6847E-10 9.8287E-10
0.0000E+00 0.0000E+00 0.0000E+00 0.0000E+00 0.0000E+00 0.0000E+00 0.0000E+00 0.0000E+00 0.0000E+00 0.0000E+00 0.0000E+00 0.0000E+00 0.0000E+00 0.0000E+00 0.0000E+00 0.0000E+00 0.0000E+00 0.0000E+00 0.0000E+00 0.0000E+00 0.0000E+00 1.0241E-12 9.5540E-12 3.2044E-11 4.7044E-11 6.7206E-11 9.3367E-11 1.2171E-10 1.5687E-10 1.8667E-10 2.1734E-10 2.5025E-10 2.8349E-10 3.1947E-10 3.5582E-10 3.9306E-10 4.3143E-10 4.6939E-10 5.0741E-10 5.4542E-10 5.8294E-10 6.1977E-10 6.5572E-10 6.9064E-10 7.2439E-10 7.5684E-10 7.8714E-10 8.1672E-10 8.4399E-10 8.7043E-10 8.9450E-10 9.1770E-10 9.3854E-10 9.5813E-10 9.7573E-10 9.9173E-10 1.0062E-09
0.0000E+00 0.0000E+00 0.0000E+00 0.0000E+00 0.0000E+00 0.0000E+00 0.0000E+00 0.0000E+00 0.0000E+00 0.0000E+00 0.0000E+00 0.0000E+00 0.0000E+00 0.0000E+00 0.0000E+00 0.0000E+00 0.0000E+00 0.0000E+00 0.0000E+00 0.0000E+00 0.0000E+00 1.0503E-12 9.7985E-12 3.3759E-11 4.9146E-11 6.9823E-11 9.5773E-11 1.2648E-10 1.6142E-10 1.9210E-10 2.2335E-10 2.5727E-10 2.9150E-10 3.2856E-10 3.6665E-10 4.0430E-10 4.4377E-10 4.8342E-10 5.2184E-10 5.6085E-10 5.9933E-10 6.3708E-10 6.7390E-10 7.0962E-10 7.4411E-10 7.7725E-10 8.0814E-10 8.3828E-10 8.6601E-10 8.9288E-10 9.1729E-10 9.4081E-10 9.6188E-10 9.8165E-10 9.9938E-10 1.0154E-09 1.0299E-09
0.0000E+00 0.0000E+00 0.0000E+00 0.0000E+00 0.0000E+00 0.0000E+00 0.0000E+00 0.0000E+00 0.0000E+00 0.0000E+00 0.0000E+00 0.0000E+00 0.0000E+00 0.0000E+00 0.0000E+00 0.0000E+00 0.0000E+00 0.0000E+00 0.0000E+00 0.0000E+00 0.0000E+00 1.0767E-12 1.1034E-11 3.4551E-11 5.0348E-11 7.1569E-11 9.8645E-11 1.2975E-10 1.6566E-10 1.9726E-10 2.2946E-10 2.6441E-10 2.9967E-10 3.3783E-10 3.7705E-10 4.1578E-10 4.5638E-10 4.9714E-10 5.3704E-10 5.7663E-10 6.1610E-10 6.5478E-10 6.9248E-10 7.2903E-10 7.6428E-10 7.9811E-10 8.3037E-10 8.6031E-10 8.8889E-10 9.1582E-10 9.4057E-10 9.6440E-10 9.8570E-10 1.0057E-09 1.0235E-09 1.0396E-09 1.0541E-09
0.0000E+00 0.0000E+00 0.0000E+00 0.0000E+00 0.0000E+00 0.0000E+00 0.0000E+00 0.0000E+00 0.0000E+00 0.0000E+00 0.0000E+00 0.0000E+00 0.0000E+00 0.0000E+00 0.0000E+00 0.0000E+00 0.0000E+00 0.0000E+00 0.0000E+00 0.0000E+00 0.0000E+00 4.7610E-12 1.1306E-11 3.5345E-11 5.1557E-11 7.3330E-11 1.0111E-10 1.3587E-10 1.6996E-10 2.0250E-10 2.3567E-10 2.7168E-10 3.0870E-10 3.4729E-10 3.8766E-10 4.2750E-10 4.6925E-10 5.1115E-10 5.5212E-10 5.9321E-10 6.3367E-10 6.7330E-10 7.1147E-10 7.4886E-10 7.8488E-10 8.1942E-10 8.5233E-10 8.8281E-10 9.1227E-10 9.3923E-10 9.6511E-10 9.8848E-10 1.0104E-09 1.0301E-09 1.0481E-09 1.0643E-09 1.0788E-09
0.0000E+00 0.0000E+00 0.0000E+00 0.0000E+00 0.0000E+00 0.0000E+00 0.0000E+00 0.0000E+00 0.0000E+00 0.0000E+00 0.0000E+00 0.0000E+00 0.0000E+00 0.0000E+00 0.0000E+00 0.0000E+00 0.0000E+00 0.0000E+00 0.0000E+00 0.0000E+00 0.0000E+00 4.8699E-12 1.1579E-11 3.6140E-11 5.2770E-11 7.5101E-11 1.0646E-10 1.3927E-10 1.7469E-10 2.0781E-10 2.4198E-10 2.7907E-10 3.1791E-10 3.5693E-10 3.9848E-10 4.4015E-10 4.8239E-10 5.2545E-10 5.6800E-10 6.1015E-10 6.5164E-10 6.9223E-10 7.3130E-10 7.6953E-10 8.0593E-10 8.4119E-10 8.7475E-10 9.0578E-10 9.3576E-10 9.6313E-10 9.8939E-10 1.0130E-09 1.0352E-09 1.0551E-09 1.0732E-09 1.0894E-09 1.1039E-09
0.0000E+00 0.0000E+00 0.0000E+00 0.0000E+00 0.0000E+00 0.0000E+00 0.0000E+00 0.0000E+00 0.0000E+00 0.0000E+00 0.0000E+00 0.0000E+00 0.0000E+00 0.0000E+00 0.0000E+00 0.0000E+00 0.0000E+00 0.0000E+00 0.0000E+00 0.0000E+00 0.0000E+00 4.9783E-12 1.1852E-11 3.6933E-11 5.3987E-11 7.6881E-11 1.0902E-10 1.4269E-10 1.7910E-10 2.1356E-10 2.4838E-10 2.8658E-10 3.2657E-10 3.6674E-10 4.0950E-10 4.5236E-10 4.9580E-10 5.4004E-10 5.8374E-10 6.2700E-10 6.6954E-10 7.1113E-10 7.5156E-10 7.9065E-10 8.2783E-10 8.6342E-10 8.9764E-10 9.2923E-10 9.5972E-10 9.8752E-10 1.0142E-09 1.0381E-09 1.0605E-09 1.0806E-09 1.0987E-09 1.1150E-09 1.1295E-09
0.0000E+00 0.0000E+00 0.0000E+00 0.0000E+00 0.0000E+00 0.0000E+00 0.0000E+00 0.0000E+00 0.0000E+00 0.0000E+00 0.0000E+00 0.0000E+00 0.0000E+00 0.0000E+00 0.0000E+00 0.0000E+00 0.0000E+00 0.0000E+00 0.0000E+00 0.0000E+00 0.0000E+00 5.0861E-12 1.2124E-11 3.7722E-11 5.5203E-11 7.8666E-11 1.1160E-10 1.4657E-10 1.8355E-10 2.1901E-10 2.5561E-10 2.9420E-10 3.3538E-10 3.7672E-10 4.2073E-10 4.6552E-10 5.0946E-10 5.5493E-10 5.9980E-10 6.4419E-10 6.8781E-10 7.3043E-10 7.7182E-10 8.1180E-10 8.5021E-10 8.8610E-10 9.2100E-10 9.5316E-10 9.8417E-10 1.0124E-09 1.0394E-09 1.0636E-09 1.0863E-09 1.1065E-09 1.1248E-09 1.1411E-09 1.1556E-09
0.0000E+00 0.0000E+00 0.0000E+00 0.0000E+00 0.0000E+00 0.0000E+00 0.0000E+00 0.0000E+00 0.0000E+00 0.0000E+00 0.0000E+00 0.0000E+00 0.0000E+00 0.0000E+00 0.0000E+00 0.0000E+00 0.0000E+00 0.0000E+00 0.0000E+00 0.0000E+00 0.0000E+00 5.1928E-12 1.2396E-11 3.8507E-11 5.6417E-11 8.0453E-11 1.1464E-10 1.5005E-10 1.8843E-10 2.2490E-10 2.6220E-10 3.0193E-10 3.4432E-10 3.8686E-10 4.3214E-10 4.7821E-10 5.2338E-10 5.7009E-10 6.1617E-10 6.6172E-10 7.0645E-10 7.5011E-10 7.9248E-10 8.3337E-10 8.7262E-10 9.0925E-10 9.4482E-10 9.7756E-10 1.0091E-09 1.0378E-09 1.0652E-09 1.0897E-09 1.1125E-09 1.1329E-09 1.1513E-09 1.1677E-09 1.1822E-09
0.0000E+00 0.0000E+00 0.0000E+00 0.0000E+00 0.0000E+00 0.0000E+00 0.0000E+00 0.0000E+00 0.0000E+00 0.0000E+00 0.0000E+00 0.0000E+00 0.0000E+00 0.0000E+00 0.0000E+00 0.0000E+00 0.0000E+00 0.0000E+00 0.0000E+00 0.0000E+00 0.0000E+00 5.2982E-12 1.2666E-11 3.9284E-11 5.7627E-11 8.2238E-11 1.1724E-10 1.5355E-10 1.9296E-10 2.3047E-10 2.6963E-10 3.0975E-10 3.5339E-10 3.9716E-10 4.4375E-10 4.9113E-10 5.3754E-10 5.8554E-10 6.3285E-10 6.7958E-10 7.2545E-10 7.7018E-10 8.1355E-10 8.5537E-10 8.9547E-10 9.3284E-10 9.6912E-10 1.0024E-09 1.0345E-09 1.0636E-09 1.0914E-09 1.1162E-09 1.1393E-09 1.1598E-09 1.1783E-09 1.1947E-09 1.2092E-09
0.0000E+00 0.0000E+00 0.0000E+00 0.0000E+00 0.0000E+00 0.0000E+00 0.0000E+00 0.0000E+00 0.0000E+00 0.0000E+00 0.0000E+00 0.0000E+00 0.0000E+00 0.0000E+00 0.0000E+00 0.0000E+00 0.0000E+00 0.0000E+00 0.0000E+00 0.0000E+00 0.0000E+00 5.4019E-12 1.2933E-11 4.0052E-11 5.8827E-11 8.4524E-11 1.1984E-10 1.5750E-10 1.9750E-10 2.3608E-10 2.7638E-10 3.1767E-10 3.6258E-10 4.0838E-10 4.5554E-10 5.0426E-10 5.5269E-10 6.0127E-10 6.4984E-10 6.9778E-10 7.4480E-10 7.9063E-10 8.3502E-10 8.7779E-10 9.1876E-10 9.5732E-10 9.9388E-10 1.0278E-09 1.0604E-09 1.0899E-09 1.1181E-09 1.1432E-09 1.1665E-09 1.1872E-09 1.2058E-09 1.2223E-09 1.2367E-09
0.0000E+00 0.0000E+00 0.0000E+00 0.0000E+00 0.0000E+00 0.0000E+00 0.0000E+00 0.0000E+00 0.0000E+00 0.0000E+00 0.0000E+00 0.0000E+00 0.0000E+00 0.0000E+00 0.0000E+00 0.0000E+00 0.0000E+00 0.0000E+00 0.0000E+00 0.0000E+00 0.0000E+00 5.5036E-12 1.3197E-11 4.0808E-11 6.0017E-11 8.6308E-11 1.2291E-10 1.6101E-10 2.0247E-10 2.4172E-10 2.8319E-10 3.2567E-10 3.7189E-10 4.1976E-10 4.6750E-10 5.1760E-10 5.6736E-10 6.1726E-10 6.6712E-10 7.1631E-10 7.6451E-10 8.1146E-10 8.5690E-10 9.0063E-10 9.4249E-10 9.8227E-10 1.0191E-09 1.0545E-09 1.0868E-09 1.1172E-09 1.1453E-09 1.1711E-09 1.1943E-09 1.2151E-09 1.2338E-09 1.2503E-09 1.2646E-09
