Assets/Resources/2015_m01_d02_1800(utc+0800)_l00_csi_1hr_conc.grd
DSAA
         159         159
     -79.000      79.000
     -79.000      79.000
  0.0000E+00  0.1583E-04
[rows 75 to 99 of 159, columns 0 to 56 of 159]
0.0000E+00 1.8133E-12 2.2240E-12 5.8629E-12 8.0123E-12 1.6801E-11 2.3006E-11 3.7071E-11 5.3318E-11 7.5933E-11 9.7355E-11 1.2642E-10 1.5475E-10 1.9025E-10 2.2667E-10 2.7004E-10 3.1741E-10 3.7746E-10 4.4040E-10 5.1584E-10 5.9862E-10 7.0424E-10 8.1600E-10 9.6085E-10 1.1036E-09 1.2682E-09 1.4395E-09 1.6270E-09 1.8301E-09 2.0593E-09 2.2977E-09 2.5590E-09 2.8353E-09 3.1323E-09 3.4464E-09 3.7794E-09 4.1348E-09 4.5022E-09 4.9059E-09 5.3302E-09 5.7853E-09 6.2890E-09 6.8324E-09 7.4278E-09 8.0922E-09 8.8267E-09 9.6451E-09 1.0559E-08 1.1579E-08 1.2706E-08 1.3972E-08 1.5396E-08 1.6987E-08 1.8752E-08 2.0684E-08 2.2754E-08 2.4981E-08
0.0000E+00 1.2914E-12 2.0180E-12 4.2731E-12 7.2452E-12 1.1624E-11 1.9861E-11 3.1547E-11 4.3880E-11 6.3117E-11 8.2572E-11 1.1113E-10 1.3464E-10 1.6629E-10 1.9952E-10 2.3689E-10 2.7971E-10 3.2908E-10 3.8715E-10 4.5073E-10 5.2425E-10 6.1680E-10 7.1062E-10 8.4432E-10 9.6367E-10 1.1140E-09 1.2659E-09 1.4330E-09 1.6121E-09 1.8153E-09 2.0290E-09 2.2590E-09 2.5098E-09 2.7774E-09 3.0586E-09 3.3584E-09 3.6795E-09 4.0127E-09 4.3802E-09 4.7699E-09 5.1869E-09 5.6526E-09 6.1572E-09 6.7134E-09 7.3398E-09 8.0304E-09 8.8028E-09 9.6771E-09 1.0659E-08 1.1757E-08 1.3002E-08 1.4422E-08 1.6009E-08 1.7795E-08 1.9773E-08 2.1964E-08 2.4398E-08
0.0000E+00 1.3935E-13 1.8212E-12 3.1629E-12 4.7144E-12 9.7631E-12 1.5813E-11 2.4117E-11 3.5139E-11 5.3343E-11 6.9198E-11 9.2555E-11 1.1749E-10 1.4367E-10 1.7289E-10 2.0598E-10 2.4444E-10 2.8584E-10 3.3704E-10 3.9096E-10 4.5633E-10 5.3724E-10 6.1791E-10 7.3205E-10 8.4070E-10 9.6905E-10 1.0999E-09 1.2524E-09 1.4105E-09 1.5887E-09 1.7782E-09 1.9819E-09 2.2037E-09 2.4426E-09 2.6899E-09 2.9573E-09 3.2474E-09 3.5453E-09 3.8719E-09 4.2269E-09 4.6036E-09 5.0291E-09 5.4920E-09 6.0026E-09 6.5828E-09 7.2229E-09 7.9430E-09 8.7611E-09 9.6865E-09 1.0732E-08 1.1932E-08 1.3304E-08 1.4852E-08 1.6607E-08 1.8602E-08 2.0852E-08 2.3325E-08
0.0000E+00 0.0000E+00 1.0972E-12 1.9941E-12 4.2368E-12 5.7578E-12 1.0654E-11 2.0766E-11 2.8335E-11 4.0462E-11 5.8217E-11 7.7620E-11 9.7640E-11 1.2398E-10 1.4832E-10 1.7705E-10 2.1087E-10 2.4737E-10 2.9049E-10 3.3759E-10 3.9309E-10 4.6448E-10 5.3288E-10 6.3396E-10 7.2349E-10 8.3920E-10 9.5297E-10 1.0815E-09 1.2227E-09 1.3769E-09 1.5481E-09 1.7250E-09 1.9213E-09 2.1313E-09 2.3479E-09 2.5857E-09 2.8365E-09 3.1013E-09 3.3806E-09 3.7070E-09 4.0423E-09 4.4248E-09 4.8443E-09 5.3038E-09 5.8327E-09 6.4172E-09 7.0765E-09 7.8301E-09 8.6817E-09 9.6563E-09 1.0783E-08 1.2071E-08 1.3538E-08 1.5232E-08 1.7179E-08 1.9368E-08 2.1790E-08
0.0000E+00 0.0000E+00 0.0000E+00 1.7802E-12 2.8969E-12 4.5983E-12 7.3268E-12 1.1868E-11 2.2079E-11 3.2605E-11 4.4730E-11 6.2395E-11 8.1968E-11 1.0151E-10 1.2671E-10 1.5066E-10 1.7860E-10 2.1179E-10 2.4745E-10 2.8999E-10 3.3412E-10 3.9807E-10 4.5665E-10 5.4540E-10 6.2264E-10 7.1871E-10 8.1620E-10 9.3050E-10 1.0504E-09 1.1800E-09 1.3350E-09 1.4902E-09 1.6596E-09 1.8419E-09 2.0332E-09 2.2368E-09 2.4510E-09 2.6870E-09 2.9311E-09 3.2056E-09 3.5159E-09 3.8404E-09 4.2286E-09 4.6353E-09 5.1094E-09 5.6356E-09 6.2254E-09 6.9074E-09 7.6775E-09 8.5610E-09 9.5849E-09 1.0761E-08 1.2113E-08 1.3688E-08 1.5505E-08 1.7561E-08 1.9873E-08
0.0000E+00 0.0000E+00 0.0000E+00 0.0000E+00 1.9178E-12 4.0777E-12 5.2145E-12 7.6509E-12 1.2094E-11 1.7403E-11 3.2818E-11 4.7165E-11 6.3812E-11 8.3760E-11 1.0445E-10 1.2717E-10 1.5060E-10 1.7852E-10 2.0878E-10 2.4432E-10 2.8345E-10 3.3890E-10 3.8824E-10 4.6442E-10 5.3202E-10 6.1459E-10 6.9789E-10 7.8821E-10 8.9595E-10 1.0100E-09 1.1376E-09 1.2721E-09 1.4164E-09 1.5775E-09 1.7448E-09 1.9139E-09 2.1004E-09 2.2947E-09 2.5173E-09 2.7455E-09 3.0072E-09 3.3073E-09 3.6293E-09 4.0052E-09 4.4029E-09 4.8849E-09 5.3990E-09 6.0061E-09 6.6876E-09 7.4670E-09 8.3685E-09 9.4047E-09 1.0605E-08 1.2013E-08 1.3651E-08 1.5518E-08 1.7661E-08
0.0000E+00 0.0000E+00 0.0000E+00 0.0000E+00 0.0000E+00 0.0000E+00 2.2595E-12 4.8842E-12 7.7717E-12 1.3905E-11 1.8767E-11 2.7164E-11 4.0135E-11 6.4345E-11 8.3855E-11 1.0399E-10 1.2553E-10 1.4781E-10 1.7504E-10 2.0380E-10 2.3600E-10 2.8303E-10 3.2835E-10 3.9234E-10 4.5041E-10 5.2183E-10 5.9255E-10 6.6947E-10 7.5817E-10 8.5272E-10 9.5796E-10 1.0833E-09 1.2024E-09 1.3348E-09 1.4759E-09 1.6185E-09 1.7801E-09 1.9487E-09 2.1252E-09 2.3336E-09 2.5433E-09 2.7907E-09 3.0817E-09 3.4176E-09 3.7584E-09 4.1524E-09 4.6215E-09 5.1214E-09 5.7241E-09 6.3815E-09 7.1444E-09 8.0329E-09 9.0605E-09 1.0275E-08 1.1700E-08 1.3346E-08 1.5262E-08
0.0000E+00 0.0000E+00 0.0000E+00 0.0000E+00 0.0000E+00 0.0000E+00 0.0000E+00 0.0000E+00 0.0000E+00 7.7137E-12 1.4936E-11 2.0038E-11 2.7925E-11 4.0475E-11 5.0128E-11 8.2412E-11 1.0113E-10 1.2185E-10 1.4247E-10 1.6783E-10 1.9581E-10 2.3258E-10 2.7258E-10 3.2665E-10 3.7644E-10 4.3940E-10 4.9870E-10 5.6453E-10 6.3691E-10 7.1970E-10 8.0512E-10 9.0704E-10 1.0070E-09 1.1197E-09 1.2379E-09 1.3605E-09 1.4884E-09 1.6318E-09 1.7795E-09 1.9381E-09 2.1325E-09 2.3264E-09 2.5913E-09 2.8374E-09 3.1648E-09 3.4844E-09 3.8607E-09 4.3098E-09 4.7773E-09 5.3434E-09 5.9730E-09 6.7055E-09 7.5511E-09 8.5700E-09 9.7712E-09 1.1159E-08 1.2804E-08
0.0000E+00 0.0000E+00 0.0000E+00 0.0000E+00 0.0000E+00 0.0000E+00 0.0000E+00 0.0000E+00 0.0000E+00 0.0000E+00 0.0000E+00 4.1405E-12 1.9992E-11 2.6884E-11 3.9883E-11 4.8826E-11 6.2505E-11 7.4071E-11 1.1635E-10 1.3486E-10 1.5852E-10 1.9202E-10 2.1998E-10 2.6784E-10 3.1047E-10 3.6438E-10 4.1323E-10 4.7210E-10 5.3190E-10 6.0156E-10 6.7503E-10 7.5108E-10 8.4167E-10 9.2640E-10 1.0229E-09 1.1256E-09 1.2306E-09 1.3535E-09 1.4797E-09 1.6117E-09 1.7759E-09 1.9374E-09 2.1342E-09 2.3636E-09 2.5857E-09 2.9013E-09 3.1858E-09 3.5621E-09 3.9292E-09 4.3275E-09 4.8709E-09 5.4532E-09 6.1308E-09 6.9554E-09 7.9301E-09 9.0632E-09 1.0394E-08
0.0000E+00 0.0000E+00 0.0000E+00 0.0000E+00 0.0000E+00 0.0000E+00 0.0000E+00 0.0000E+00 0.0000E+00 0.0000E+00 0.0000E+00 0.0000E+00 4.1540E-12 5.4161E-12 2.5968E-11 3.7639E-11 4.7100E-11 5.9591E-11 6.9883E-11 8.5394E-11 9.8253E-11 1.5461E-10 1.7674E-10 2.1770E-10 2.5160E-10 2.9774E-10 3.4303E-10 3.8770E-10 4.4212E-10 4.9686E-10 5.5866E-10 6.1962E-10 6.8768E-10 7.6463E-10 8.3640E-10 9.2337E-10 1.0121E-09 1.1037E-09 1.2017E-09 1.3208E-09 1.4390E-09 1.5892E-09 1.7308E-09 1.9089E-09 2.1189E-09 2.3090E-09 2.5854E-09 2.8108E-09 3.1563E-09 3.4694E-09 3.8164E-09 4.3301E-09 4.8630E-09 5.4993E-09 6.2625E-09 7.1379E-09 8.1626E-09
0.0000E+00 0.0000E+00 0.0000E+00 0.0000E+00 0.0000E+00 0.0000E+00 0.0000E+00 0.0000E+00 0.0000E+00 0.0000E+00 0.0000E+00 0.0000E+00 0.0000E+00 4.1125E-12 4.9158E-12 9.8578E-12 1.4271E-11 4.4707E-11 5.3986E-11 6.5164E-11 7.6932E-11 9.7094E-11 1.1166E-10 1.7384E-10 2.0276E-10 2.3542E-10 2.7705E-10 3.1885E-10 3.5989E-10 4.0836E-10 4.5695E-10 5.0865E-10 5.5805E-10 6.1583E-10 6.8104E-10 7.4218E-10 8.1458E-10 8.9843E-10 9.7839E-10 1.0651E-09 1.1709E-09 1.2726E-09 1.4070E-09 1.5285E-09 1.6862E-09 1.8186E-09 1.9838E-09 2.2307E-09 2.4043E-09 2.7202E-09 2.9723E-09 3.3582E-09 3.7697E-09 4.2362E-09 4.8003E-09 5.4502E-09 6.2364E-09
0.0000E+00 0.0000E+00 0.0000E+00 0.0000E+00 0.0000E+00 0.0000E+00 0.0000E+00 0.0000E+00 0.0000E+00 0.0000E+00 0.0000E+00 0.0000E+00 0.0000E+00 0.0000E+00 3.6235E-12 4.7283E-12 9.5106E-12 1.1509E-11 2.1461E-11 2.4778E-11 6.0085E-11 7.4482E-11 8.9296E-11 1.1178E-10 1.3402E-10 1.6135E-10 2.1682E-10 2.4920E-10 2.8762E-10 3.2649E-10 3.6305E-10 4.1203E-10 4.5105E-10 4.9164E-10 5.4134E-10 5.8756E-10 6.4965E-10 7.0414E-10 7.8754E-10 8.5683E-10 9.3032E-10 1.0068E-09 1.1072E-09 1.2249E-09 1.3168E-09 1.4398E-09 1.5356E-09 1.6678E-09 1.8239E-09 1.9989E-09 2.2210E-09 2.4290E-09 2.7827E-09 3.1009E-09 3.4618E-09 4.0858E-09 4.6771E-09
0.0000E+00 0.0000E+00 0.0000E+00 0.0000E+00 0.0000E+00 0.0000E+00 0.0000E+00 0.0000E+00 0.0000E+00 0.0000E+00 0.0000E+00 0.0000E+00 0.0000E+00 0.0000E+00 0.0000E+00 2.2556E-12 4.5286E-12 7.5436E-12 1.0466E-11 1.7144E-11 2.3037E-11 3.3460E-11 6.7614E-11 8.2045E-11 1.0317E-10 1.2186E-10 1.4992E-10 1.6989E-10 1.9613E-10 2.5666E-10 2.9052E-10 3.1773E-10 3.5283E-10 3.9202E-10 4.2557E-10 4.6013E-10 5.0628E-10 5.6147E-10 6.0805E-10 6.6835E-10 7.4004E-10 8.0048E-10 8.6284E-10 9.4582E-10 1.0076E-09 1.0663E-09 1.1570E-09 1.2150E-09 1.3131E-09 1.4766E-09 1.6376E-09 1.8349E-09 2.0028E-09 2.2831E-09 2.5717E-09 2.9893E-09 3.3989E-09
0.0000E+00 0.0000E+00 0.0000E+00 0.0000E+00 0.0000E+00 0.0000E+00 0.0000E+00 0.0000E+00 0.0000E+00 0.0000E+00 0.0000E+00 0.0000E+00 0.0000E+00 0.0000E+00 0.0000E+00 0.0000E+00 6.4949E-13 4.2800E-12 5.2435E-12 9.7723E-12 1.1146E-11 2.5269E-11 2.8991E-11 4.0898E-11 4.9214E-11 9.0091E-11 1.0666E-10 1.2508E-10 1.5278E-10 1.7011E-10 1.9261E-10 2.1997E-10 2.6499E-10 2.9396E-10 3.2572E-10 3.6120E-10 3.8965E-10 4.3057E-10 4.6475E-10 5.1685E-10 5.5542E-10 6.2869E-10 6.7624E-10 7.2044E-10 7.5994E-10 8.2114E-10 8.5708E-10 9.2526E-10 9.6027E-10 1.0720E-09 1.1417E-09 1.2770E-09 1.4272E-09 1.5450E-09 1.8579E-09 2.0542E-09 2.4212E-09
0.0000E+00 0.0000E+00 0.0000E+00 0.0000E+00 0.0000E+00 0.0000E+00 0.0000E+00 0.0000E+00 0.0000E+00 0.0000E+00 0.0000E+00 0.0000E+00 0.0000E+00 0.0000E+00 0.0000E+00 0.0000E+00 0.0000E+00 0.0000E+00 3.4138E-12 4.5747E-12 7.3822E-12 1.0205E-11 1.6687E-11 2.6937E-11 3.5113E-11 4.2857E-11 5.7947E-11 6.5319E-11 1.0732E-10 1.3303E-10 1.4514E-10 1.6504E-10 1.7910E-10 2.0109E-10 2.4443E-10 2.6454E-10 3.0292E-10 3.2576E-10 3.4909E-10 3.8759E-10 4.3080E-10 4.6050E-10 5.0370E-10 5.5141E-10 5.7645E-10 5.7675E-10 6.2105E-10 6.6972E-10 6.9426E-10 7.1608E-10 8.4477E-10 8.9385E-10 1.0269E-09 1.1243E-09 1.2720E-09 1.4430E-09 1.6133E-09
0.0000E+00 0.0000E+00 0.0000E+00 0.0000E+00 0.0000E+00 0.0000E+00 0.0000E+00 0.0000E+00 0.0000E+00 0.0000E+00 0.0000E+00 0.0000E+00 0.0000E+00 0.0000E+00 0.0000E+00 0.0000E+00 0.0000E+00 0.0000E+00 0.0000E+00 2.6881E-13 4.1828E-12 4.7301E-12 8.7182E-12 1.4991E-11 1.8112E-11 3.1960E-11 3.6792E-11 4.2124E-11 4.9984E-11 5.6531E-11 9.0151E-11 9.8673E-11 1.1596E-10 1.3078E-10 1.4744E-10 1.5891E-10 1.8032E-10 2.0347E-10 2.3735E-10 2.5390E-10 2.8436E-10 3.0297E-10 3.1927E-10 3.3337E-10 3.8390E-10 4.0044E-10 4.1508E-10 4.2720E-10 4.8456E-10 5.1646E-10 5.3235E-10 6.3993E-10 6.7506E-10 7.8430E-10 8.3347E-10 9.8598E-10 1.1043E-09
0.0000E+00 0.0000E+00 0.0000E+00 0.0000E+00 0.0000E+00 0.0000E+00 0.0000E+00 0.0000E+00 0.0000E+00 0.0000E+00 0.0000E+00 0.0000E+00 0.0000E+00 0.0000E+00 0.0000E+00 0.0000E+00 0.0000E+00 0.0000E+00 0.0000E+00 0.0000E+00 0.0000E+00 9.3113E-13 4.2398E-12 4.7316E-12 8.3966E-12 1.5697E-11 1.7219E-11 2.8643E-11 3.5577E-11 3.9964E-11 4.3291E-11 4.7000E-11 6.3706E-11 9.0466E-11 9.8431E-11 1.1680E-10 1.2534E-10 1.4171E-10 1.5250E-10 1.8748E-10 2.0096E-10 2.1403E-10 2.3920E-10 2.4959E-10 2.5319E-10 2.5971E-10 2.8520E-10 2.8503E-10 2.8770E-10 3.5801E-10 3.7442E-10 4.1325E-10 4.5162E-10 4.9392E-10 5.7617E-10 6.0726E-10 6.9576E-10
0.0000E+00 0.0000E+00 0.0000E+00 0.0000E+00 0.0000E+00 0.0000E+00 0.0000E+00 0.0000E+00 0.0000E+00 0.0000E+00 0.0000E+00 0.0000E+00 0.0000E+00 0.0000E+00 0.0000E+00 0.0000E+00 0.0000E+00 0.0000E+00 0.0000E+00 0.0000E+00 0.0000E+00 0.0000E+00 0.0000E+00 4.1407E-13 4.1576E-12 4.5786E-12 6.1434E-12 9.5522E-12 1.0340E-11 1.1818E-11 1.5839E-11 1.6855E-11 2.1355E-11 2.9867E-11 3.1623E-11 4.2930E-11 6.6481E-11 7.2283E-11 8.2816E-11 8.7641E-11 9.8167E-11 1.0317E-10 1.1033E-10 1.3012E-10 1.3130E-10 1.3663E-10 1.6581E-10 2.0203E-10 2.0816E-10 2.1310E-10 2.5545E-10 2.7967E-10 3.0954E-10 3.3326E-10 3.6464E-10 4.1284E-10 4.3105E-10
0.0000E+00 0.0000E+00 0.0000E+00 0.0000E+00 0.0000E+00 0.0000E+00 0.0000E+00 0.0000E+00 0.0000E+00 0.0000E+00 0.0000E+00 0.0000E+00 0.0000E+00 0.0000E+00 0.0000E+00 0.0000E+00 0.0000E+00 0.0000E+00 0.0000E+00 0.0000E+00 0.0000E+00 0.0000E+00 0.0000E+00 0.0000E+00 0.0000E+00 0.0000E+00 2.3493E-12 4.2864E-12 4.6274E-12 5.9800E-12 9.3518E-12 9.9266E-12 1.0468E-11 1.2340E-11 1.9968E-11 2.1102E-11 2.8558E-11 3.0249E-11 4.8313E-11 5.3855E-11 6.1721E-11 6.9970E-11 7.3516E-11 7.6664E-11 7.9333E-11 9.6743E-11 1.0031E-10 1.0325E-10 1.2121E-10 1.3669E-10 1.3821E-10 1.4858E-10 1.8078E-10 2.0552E-10 2.1444E-10 2.5101E-10 2.7239E-10
0.0000E+00 0.0000E+00 0.0000E+00 0.0000E+00 0.0000E+00 0.0000E+00 0.0000E+00 0.0000E+00 0.0000E+00 0.0000E+00 0.0000E+00 0.0000E+00 0.0000E+00 0.0000E+00 0.0000E+00 0.0000E+00 0.0000E+00 0.0000E+00 0.0000E+00 0.0000E+00 0.0000E+00 0.0000E+00 0.0000E+00 0.0000E+00 0.0000E+00 0.0000E+00 0.0000E+00 0.0000E+00 0.0000E+00 8.2330E-13 4.1358E-12 4.3771E-12 4.6020E-12 4.8065E-12 7.8722E-12 1.3258E-11 1.3967E-11 1.9134E-11 2.0262E-11 2.9917E-11 3.2112E-11 4.0389E-11 4.2668E-11 5.1182E-11 5.3509E-11 5.5189E-11 6.5289E-11 6.7809E-11 6.5679E-11 6.7433E-11 9.0633E-11 9.3468E-11 1.0793E-10 1.2446E-10 1.5068E-10 1.5294E-10 1.7159E-10
0.0000E+00 0.0000E+00 0.0000E+00 0.0000E+00 0.0000E+00 0.0000E+00 0.0000E+00 0.0000E+00 0.0000E+00 0.0000E+00 0.0000E+00 0.0000E+00 0.0000E+00 0.0000E+00 0.0000E+00 0.0000E+00 0.0000E+00 0.0000E+00 0.0000E+00 0.0000E+00 0.0000E+00 0.0000E+00 0.0000E+00 0.0000E+00 0.0000E+00 0.0000E+00 0.0000E+00 0.0000E+00 0.0000E+00 0.0000E+00 0.0000E+00 0.0000E+00 0.0000E+00 0.0000E+00 0.0000E+00 8.1753E-13 4.0199E-12 7.9920E-12 1.2265E-11 1.3049E-11 2.0938E-11 2.2306E-11 2.2590E-11 2.4074E-11 2.8851E-11 3.0266E-11 3.1447E-11 3.2362E-11 4.4725E-11 4.6128E-11 4.7137E-11 5.8880E-11 7.5971E-11 7.8084E-11 7.9478E-11 9.3754E-11 1.0274E-10
0.0000E+00 0.0000E+00 0.0000E+00 0.0000E+00 0.0000E+00 0.0000E+00 0.0000E+00 0.0000E+00 0.0000E+00 0.0000E+00 0.0000E+00 0.0000E+00 0.0000E+00 0.0000E+00 0.0000E+00 0.0000E+00 0.0000E+00 0.0000E+00 0.0000E+00 0.0000E+00 0.0000E+00 0.0000E+00 0.0000E+00 0.0000E+00 0.0000E+00 0.0000E+00 0.0000E+00 0.0000E+00 0.0000E+00 0.0000E+00 0.0000E+00 0.0000E+00 0.0000E+00 0.0000E+00 0.0000E+00 0.0000E+00 0.0000E+00 0.0000E+00 3.2230E-12 3.4970E-12 7.3369E-12 7.8967E-12 1.2409E-11 1.3245E-11 1.4907E-11 1.7532E-11 2.0727E-11 2.3113E-11 2.4655E-11 3.4191E-11 3.4923E-11 3.5340E-11 3.4771E-11 4.1902E-11 3.9424E-11 3.9190E-11 3.6418E-11
0.0000E+00 0.0000E+00 0.0000E+00 0.0000E+00 0.0000E+00 0.0000E+00 0.0000E+00 0.0000E+00 0.0000E+00 0.0000E+00 0.0000E+00 0.0000E+00 0.0000E+00 0.0000E+00 0.0000E+00 0.0000E+00 0.0000E+00 0.0000E+00 0.0000E+00 0.0000E+00 0.0000E+00 0.0000E+00 0.0000E+00 0.0000E+00 0.0000E+00 0.0000E+00 0.0000E+00 0.0000E+00 0.0000E+00 0.0000E+00 0.0000E+00 0.0000E+00 0.0000E+00 0.0000E+00 0.0000E+00 0.0000E+00 0.0000E+00 0.0000E+00 0.0000E+00 2.6653E-12 2.8674E-12 5.9913E-12 6.3922E-12 1.0001E-11 1.0578E-11 1.1089E-11 1.1521E-11 1.1864E-11 1.2107E-11 1.2244E-11 1.2271E-11 1.9853E-11 2.0065E-11 2.0089E-11 2.6485E-11 2.6382E-11 2.6004E-11
0.0000E+00 0.0000E+00 0.0000E+00 0.0000E+00 0.0000E+00 0.0000E+00 0.0000E+00 0.0000E+00 0.0000E+00 0.0000E+00 0.0000E+00 0.0000E+00 0.0000E+00 0.0000E+00 0.0000E+00 0.0000E+00 0.0000E+00 0.0000E+00 0.0000E+00 0.0000E+00 0.0000E+00 0.0000E+00 0.0000E+00 0.0000E+00 0.0000E+00 0.0000E+00 0.0000E+00 0.0000E+00 0.0000E+00 0.0000E+00 0.0000E+00 0.0000E+00 0.0000E+00 0.0000E+00 0.0000E+00 0.0000E+00 0.0000E+00 0.0000E+00 0.0000E+00 0.0000E+00 0.0000E+00 9.6987E-13 2.4454E-12 5.0850E-12 6.4192E-12 8.2972E-12 8.6198E-12 8.8750E-12 9.0562E-12 9.1582E-12 9.1783E-12 9.1157E-12 1.3588E-11 1.4686E-11 1.4551E-11 1.4279E-11 1.3875E-11
0.0000E+00 0.0000E+00 0.0000E+00 0.0000E+00 0.0000E+00 0.0000E+00 0.0000E+00 0.0000E+00 0.0000E+00 0.0000E+00 0.0000E+00 0.0000E+00 0.0000E+00 0.0000E+00 0.0000E+00 0.0000E+00 0.0000E+00 0.0000E+00 0.0000E+00 0.0000E+00 0.0000E+00 0.0000E+00 0.0000E+00 0.0000E+00 0.0000E+00 0.0000E+00 0.0000E+00 0.0000E+00 0.0000E+00 0.0000E+00 0.0000E+00 0.0000E+00 0.0000E+00 0.0000E+00 0.0000E+00 0.0000E+00 0.0000E+00 0.0000E+00 0.0000E+00 0.0000E+00 0.0000E+00 0.0000E+00 0.0000E+00 0.0000E+00 0.0000E+00 0.0000E+00 0.0000E+00 0.0000E+00 0.0000E+00 0.0000E+00 0.0000E+00 0.0000E+00 0.0000E+00 0.0000E+00 0.0000E+00 0.0000E+00 0.0000E+00
