Assets/Resources/2015_m01_d06_2100(utc+0800)_l00_csi_1hr_conc.grd
DSAA
         159         159
     -79.000      79.000
     -79.000      79.000
  0.0000E+00  0.1098E-04
[rows 0 to 24 of 159, columns 57 to 113 of 159]
1.2731E-09 1.3630E-09 1.4542E-09 1.5451E-09 1.6367E-09 1.7293E-09 1.8217E-09 1.9193E-09 2.0100E-09 2.0995E-09 2.1873E-09 2.2728E-09 2.3552E-09 2.4339E-09 2.5092E-09 2.5803E-09 2.6477E-09 2.7111E-09 2.7698E-09 2.8235E-09 2.8721E-09 2.9154E-09 2.9534E-09 2.9859E-09 3.0128E-09 3.0343E-09 3.0502E-09 3.0609E-09 3.0663E-09 3.0664E-09 3.0612E-09 3.0511E-09 3.0364E-09 3.0171E-09 2.9930E-09 2.9645E-09 2.9318E-09 2.8957E-09 2.8561E-09 2.8131E-09 2.7667E-09 2.7177E-09 2.6666E-09 2.6133E-09 2.5579E-09 2.5006E-09 2.4413E-09 2.3805E-09 2.3187E-09 2.2559E-09 2.1927E-09 2.1289E-09 2.0646E-09 1.9940E-09 1.9296E-09 1.8654E-09 1.8017E-09
1.3051E-09 1.3983E-09 1.4933E-09 1.5902E-09 1.6873E-09 1.7906E-09 1.8880E-09 1.9853E-09 2.0820E-09 2.1771E-09 2.2699E-09 2.3603E-09 2.4475E-09 2.5321E-09 2.6130E-09 2.6899E-09 2.7617E-09 2.8286E-09 2.8904E-09 2.9470E-09 2.9983E-09 3.0440E-09 3.0840E-09 3.1182E-09 3.1467E-09 3.1694E-09 3.1863E-09 3.1973E-09 3.2026E-09 3.2024E-09 3.1968E-09 3.1859E-09 3.1697E-09 3.1485E-09 3.1227E-09 3.0926E-09 3.0581E-09 3.0195E-09 2.9770E-09 2.9310E-09 2.8817E-09 2.8294E-09 2.7742E-09 2.7164E-09 2.6566E-09 2.5956E-09 2.5331E-09 2.4691E-09 2.4037E-09 2.3370E-09 2.2697E-09 2.2020E-09 2.1341E-09 2.0663E-09 1.9984E-09 1.9245E-09 1.8573E-09
1.3357E-09 1.4333E-09 1.5333E-09 1.6402E-09 1.7416E-09 1.8442E-09 1.9473E-09 2.0498E-09 2.1512E-09 2.2512E-09 2.3498E-09 2.4465E-09 2.5400E-09 2.6299E-09 2.7150E-09 2.7958E-09 2.8720E-09 2.9428E-09 3.0087E-09 3.0694E-09 3.1243E-09 3.1733E-09 3.2163E-09 3.2530E-09 3.2834E-09 3.3074E-09 3.3251E-09 3.3367E-09 3.3422E-09 3.3416E-09 3.3350E-09 3.3226E-09 3.3049E-09 3.2819E-09 3.2536E-09 3.2204E-09 3.1828E-09 3.1414E-09 3.0963E-09 3.0474E-09 2.9950E-09 2.9394E-09 2.8813E-09 2.8205E-09 2.7570E-09 2.6914E-09 2.6240E-09 2.5556E-09 2.4867E-09 2.4169E-09 2.3463E-09 2.2748E-09 2.2029E-09 2.1311E-09 2.0598E-09 1.9889E-09 1.9183E-09
1.3653E-09 1.4679E-09 1.5785E-09 1.6837E-09 1.7906E-09 1.8982E-09 2.0060E-09 2.1135E-09 2.2211E-09 2.3278E-09 2.4322E-09 2.5336E-09 2.6320E-09 2.7263E-09 2.8173E-09 2.9043E-09 2.9865E-09 3.0627E-09 3.1333E-09 3.1981E-09 3.2563E-09 3.3078E-09 3.3528E-09 3.3912E-09 3.4231E-09 3.4484E-09 3.4671E-09 3.4791E-09 3.4846E-09 3.4838E-09 3.4769E-09 3.4639E-09 3.4449E-09 3.4203E-09 3.3903E-09 3.3552E-09 3.3149E-09 3.2700E-09 3.2208E-09 3.1678E-09 3.1116E-09 3.0522E-09 2.9901E-09 2.9255E-09 2.8586E-09 2.7900E-09 2.7191E-09 2.6464E-09 2.5724E-09 2.4977E-09 2.4232E-09 2.3484E-09 2.2733E-09 2.1979E-09 2.1224E-09 2.0475E-09 1.9736E-09
1.4001E-09 1.5068E-09 1.6165E-09 1.7269E-09 1.8387E-09 1.9514E-09 2.0653E-09 2.1796E-09 2.2924E-09 2.4035E-09 2.5129E-09 2.6203E-09 2.7256E-09 2.8275E-09 2.9248E-09 3.0167E-09 3.1027E-09 3.1834E-09 3.2580E-09 3.3261E-09 3.3876E-09 3.4424E-09 3.4907E-09 3.5318E-09 3.5658E-09 3.5926E-09 3.6122E-09 3.6250E-09 3.6307E-09 3.6294E-09 3.6214E-09 3.6070E-09 3.5866E-09 3.5605E-09 3.5285E-09 3.4911E-09 3.4486E-09 3.4016E-09 3.3500E-09 3.2940E-09 3.2337E-09 3.1698E-09 3.1032E-09 3.0340E-09 2.9625E-09 2.8893E-09 2.8145E-09 2.7385E-09 2.6611E-09 2.5822E-09 2.5026E-09 2.4228E-09 2.3436E-09 2.2648E-09 2.1863E-09 2.1077E-09 2.0297E-09
1.4277E-09 1.5397E-09 1.6536E-09 1.7690E-09 1.8867E-09 2.0059E-09 2.1250E-09 2.2437E-09 2.3618E-09 2.4799E-09 2.5968E-09 2.7111E-09 2.8215E-09 2.9278E-09 3.0298E-09 3.1266E-09 3.2187E-09 3.3053E-09 3.3857E-09 3.4591E-09 3.5259E-09 3.5852E-09 3.6367E-09 3.6806E-09 3.7170E-09 3.7457E-09 3.7664E-09 3.7795E-09 3.7851E-09 3.7834E-09 3.7747E-09 3.7590E-09 3.7364E-09 3.7074E-09 3.6725E-09 3.6320E-09 3.5861E-09 3.5352E-09 3.4797E-09 3.4206E-09 3.3575E-09 3.2907E-09 3.2203E-09 3.1467E-09 3.0704E-09 2.9921E-09 2.9123E-09 2.8313E-09 2.7496E-09 2.6672E-09 2.5841E-09 2.5001E-09 2.4159E-09 2.3321E-09 2.2495E-09 2.1677E-09 2.0866E-09
1.4543E-09 1.5709E-09 1.6897E-09 1.8109E-09 1.9342E-09 2.0583E-09 2.1829E-09 2.3090E-09 2.4351E-09 2.5589E-09 2.6802E-09 2.7989E-09 2.9147E-09 3.0281E-09 3.1379E-09 3.2424E-09 3.3408E-09 3.4331E-09 3.5178E-09 3.5959E-09 3.6654E-09 3.7277E-09 3.7826E-09 3.8296E-09 3.8679E-09 3.8981E-09 3.9202E-09 3.9347E-09 3.9408E-09 3.9391E-09 3.9298E-09 3.9131E-09 3.8898E-09 3.8594E-09 3.8225E-09 3.7793E-09 3.7301E-09 3.6755E-09 3.6159E-09 3.5518E-09 3.4836E-09 3.4120E-09 3.3377E-09 3.2606E-09 3.1808E-09 3.0983E-09 3.0134E-09 2.9273E-09 2.8402E-09 2.7527E-09 2.6652E-09 2.5774E-09 2.4897E-09 2.4016E-09 2.3140E-09 2.2277E-09 2.1427E-09
1.4793E-09 1.6011E-09 1.7250E-09 1.8514E-09 1.9798E-09 2.1111E-09 2.2435E-09 2.3751E-09 2.5054E-09 2.6346E-09 2.7634E-09 2.8905E-09 3.0144E-09 3.1340E-09 3.2482E-09 3.3571E-09 3.4602E-09 3.5572E-09 3.6469E-09 3.7294E-09 3.8048E-09 3.8719E-09 3.9306E-09 3.9804E-09 4.0218E-09 4.0547E-09 4.0786E-09 4.0934E-09 4.0997E-09 4.0979E-09 4.0880E-09 4.0700E-09 4.0445E-09 4.0119E-09 3.9727E-09 3.9273E-09 3.8758E-09 3.8185E-09 3.7556E-09 3.6879E-09 3.6157E-09 3.5390E-09 3.4590E-09 3.3761E-09 3.2911E-09 3.2044E-09 3.1160E-09 3.0256E-09 2.9335E-09 2.8405E-09 2.7475E-09 2.6548E-09 2.5628E-09 2.4711E-09 2.3796E-09 2.2887E-09 2.1991E-09
1.5031E-09 1.6294E-09 1.7583E-09 1.8911E-09 2.0265E-09 2.1634E-09 2.3005E-09 2.4379E-09 2.5769E-09 2.7154E-09 2.8511E-09 2.9832E-09 3.1116E-09 3.2361E-09 3.3560E-09 3.4717E-09 3.5816E-09 3.6846E-09 3.7808E-09 3.8690E-09 3.9495E-09 4.0204E-09 4.0827E-09 4.1362E-09 4.1808E-09 4.2152E-09 4.2406E-09 4.2572E-09 4.2649E-09 4.2628E-09 4.2520E-09 4.2329E-09 4.2060E-09 4.1709E-09 4.1285E-09 4.0791E-09 4.0235E-09 3.9624E-09 3.8959E-09 3.8246E-09 3.7485E-09 3.6681E-09 3.5840E-09 3.4963E-09 3.4055E-09 3.3125E-09 3.2182E-09 3.1231E-09 3.0273E-09 2.9302E-09 2.8321E-09 2.7336E-09 2.6361E-09 2.5398E-09 2.4446E-09 2.3501E-09 2.2561E-09
1.5253E-09 1.6567E-09 1.7914E-09 1.9296E-09 2.0703E-09 2.2129E-09 2.3585E-09 2.5053E-09 2.6501E-09 2.7930E-09 2.9341E-09 3.0729E-09 3.2097E-09 3.3422E-09 3.4698E-09 3.5916E-09 3.7063E-09 3.8143E-09 3.9144E-09 4.0071E-09 4.0912E-09 4.1669E-09 4.2334E-09 4.2901E-09 4.3371E-09 4.3746E-09 4.4026E-09 4.4204E-09 4.4282E-09 4.4269E-09 4.4167E-09 4.3972E-09 4.3688E-09 4.3322E-09 4.2880E-09 4.2362E-09 4.1773E-09 4.1116E-09 4.0401E-09 3.9636E-09 3.8826E-09 3.7975E-09 3.7090E-09 3.6168E-09 3.5218E-09 3.4241E-09 3.3240E-09 3.2224E-09 3.1203E-09 3.0183E-09 2.9164E-09 2.8140E-09 2.7112E-09 2.6090E-09 2.5085E-09 2.4100E-09 2.3129E-09
1.5460E-09 1.6820E-09 1.8222E-09 1.9659E-09 2.1143E-09 2.2649E-09 2.4162E-09 2.5674E-09 2.7182E-09 2.8699E-09 3.0200E-09 3.1674E-09 3.3101E-09 3.4482E-09 3.5813E-09 3.7085E-09 3.8293E-09 3.9431E-09 4.0496E-09 4.1471E-09 4.2363E-09 4.3158E-09 4.3863E-09 4.4466E-09 4.4972E-09 4.5377E-09 4.5669E-09 4.5861E-09 4.5953E-09 4.5945E-09 4.5828E-09 4.5618E-09 4.5324E-09 4.4943E-09 4.4474E-09 4.3928E-09 4.3310E-09 4.2629E-09 4.1879E-09 4.1070E-09 4.0207E-09 3.9297E-09 3.8353E-09 3.7378E-09 3.6376E-09 3.5352E-09 3.4304E-09 3.3241E-09 3.2162E-09 3.1078E-09 2.9996E-09 2.8923E-09 2.7858E-09 2.6794E-09 2.5735E-09 2.4692E-09 2.3674E-09
1.5648E-09 1.7055E-09 1.8522E-09 2.0026E-09 2.1564E-09 2.3122E-09 2.4695E-09 2.6296E-09 2.7900E-09 2.9483E-09 3.1042E-09 3.2574E-09 3.4070E-09 3.5528E-09 3.6937E-09 3.8285E-09 3.9563E-09 4.0766E-09 4.1887E-09 4.2915E-09 4.3849E-09 4.4687E-09 4.5420E-09 4.6055E-09 4.6583E-09 4.7009E-09 4.7328E-09 4.7543E-09 4.7642E-09 4.7634E-09 4.7524E-09 4.7314E-09 4.7000E-09 4.6589E-09 4.6094E-09 4.5519E-09 4.4863E-09 4.4135E-09 4.3345E-09 4.2500E-09 4.1600E-09 4.0647E-09 3.9648E-09 3.8610E-09 3.7545E-09 3.6461E-09 3.5360E-09 3.4247E-09 3.3119E-09 3.1983E-09 3.0844E-09 2.9709E-09 2.8586E-09 2.7479E-09 2.6382E-09 2.5293E-09 2.4222E-09
1.5815E-09 1.7284E-09 1.8798E-09 2.0356E-09 2.1950E-09 2.3591E-09 2.5252E-09 2.6911E-09 2.8567E-09 3.0218E-09 3.1859E-09 3.3480E-09 3.5065E-09 3.6602E-09 3.8079E-09 3.9491E-09 4.0831E-09 4.2092E-09 4.3267E-09 4.4350E-09 4.5332E-09 4.6214E-09 4.6987E-09 4.7653E-09 4.8205E-09 4.8648E-09 4.8981E-09 4.9203E-09 4.9315E-09 4.9318E-09 4.9211E-09 4.8989E-09 4.8668E-09 4.8251E-09 4.7740E-09 4.7129E-09 4.6437E-09 4.5673E-09 4.4838E-09 4.3935E-09 4.2979E-09 4.1979E-09 4.0939E-09 3.9855E-09 3.8736E-09 3.7587E-09 3.6419E-09 3.5244E-09 3.4064E-09 3.2879E-09 3.1688E-09 3.0499E-09 2.9317E-09 2.8151E-09 2.7005E-09 2.5878E-09 2.4765E-09
1.5964E-09 1.7473E-09 1.9042E-09 2.0674E-09 2.2341E-09 2.4035E-09 2.5748E-09 2.7475E-09 2.9223E-09 3.0966E-09 3.2692E-09 3.4382E-09 3.6036E-09 3.7644E-09 3.9195E-09 4.0681E-09 4.2095E-09 4.3426E-09 4.4670E-09 4.5815E-09 4.6857E-09 4.7784E-09 4.8602E-09 4.9301E-09 4.9884E-09 5.0345E-09 5.0688E-09 5.0912E-09 5.1020E-09 5.1015E-09 5.0897E-09 5.0669E-09 5.0336E-09 4.9895E-09 4.9356E-09 4.8728E-09 4.8014E-09 4.7212E-09 4.6332E-09 4.5388E-09 4.4384E-09 4.3322E-09 4.2217E-09 4.1077E-09 3.9910E-09 3.8713E-09 3.7491E-09 3.6250E-09 3.5001E-09 3.3755E-09 3.2515E-09 3.1279E-09 3.0045E-09 2.8822E-09 2.7618E-09 2.6439E-09 2.5288E-09
1.6079E-09 1.7647E-09 1.9282E-09 2.0957E-09 2.2680E-09 2.4433E-09 2.6233E-09 2.8052E-09 2.9868E-09 3.1679E-09 3.3476E-09 3.5248E-09 3.6988E-09 3.8683E-09 4.0324E-09 4.1896E-09 4.3389E-09 4.4792E-09 4.6100E-09 4.7303E-09 4.8396E-09 4.9375E-09 5.0231E-09 5.0967E-09 5.1575E-09 5.2062E-09 5.2421E-09 5.2655E-09 5.2766E-09 5.2754E-09 5.2623E-09 5.2377E-09 5.2021E-09 5.1557E-09 5.0992E-09 5.0327E-09 4.9564E-09 4.8728E-09 4.7816E-09 4.6832E-09 4.5778E-09 4.4667E-09 4.3508E-09 4.2306E-09 4.1070E-09 3.9813E-09 3.8539E-09 3.7249E-09 3.5944E-09 3.4631E-09 3.3324E-09 3.2030E-09 3.0751E-09 2.9481E-09 2.8226E-09 2.6990E-09 2.5784E-09
1.6184E-09 1.7794E-09 1.9468E-09 2.1201E-09 2.2998E-09 2.4834E-09 2.6695E-09 2.8574E-09 3.0465E-09 3.2361E-09 3.4248E-09 3.6120E-09 3.7952E-09 3.9732E-09 4.1450E-09 4.3095E-09 4.4659E-09 4.6132E-09 4.7505E-09 4.8771E-09 4.9923E-09 5.0954E-09 5.1856E-09 5.2631E-09 5.3274E-09 5.3780E-09 5.4155E-09 5.4398E-09 5.4511E-09 5.4496E-09 5.4355E-09 5.4092E-09 5.3713E-09 5.3224E-09 5.2631E-09 5.1932E-09 5.1138E-09 5.0257E-09 4.9285E-09 4.8245E-09 4.7149E-09 4.5994E-09 4.4784E-09 4.3524E-09 4.2231E-09 4.0908E-09 3.9567E-09 3.8216E-09 3.6858E-09 3.5496E-09 3.4131E-09 3.2772E-09 3.1431E-09 3.0110E-09 2.8810E-09 2.7528E-09 2.6271E-09
1.6251E-09 1.7903E-09 1.9637E-09 2.1435E-09 2.3282E-09 2.5175E-09 2.7103E-09 2.9068E-09 3.1051E-09 3.3042E-09 3.5018E-09 3.6966E-09 3.8876E-09 4.0737E-09 4.2538E-09 4.4267E-09 4.5916E-09 4.7469E-09 4.8918E-09 5.0253E-09 5.1469E-09 5.2558E-09 5.3513E-09 5.4328E-09 5.5004E-09 5.5537E-09 5.5927E-09 5.6177E-09 5.6287E-09 5.6262E-09 5.6108E-09 5.5824E-09 5.5417E-09 5.4893E-09 5.4260E-09 5.3524E-09 5.2693E-09 5.1772E-09 5.0760E-09 4.9672E-09 4.8512E-09 4.7287E-09 4.6024E-09 4.4718E-09 4.3374E-09 4.1991E-09 4.0584E-09 3.9166E-09 3.7745E-09 3.6328E-09 3.4909E-09 3.3496E-09 3.2096E-09 3.0717E-09 2.9365E-09 2.8039E-09 2.6736E-09
1.6289E-09 1.7995E-09 1.9771E-09 2.1618E-09 2.3525E-09 2.5492E-09 2.7506E-09 2.9551E-09 3.1614E-09 3.3676E-09 3.5731E-09 3.7766E-09 3.9769E-09 4.1727E-09 4.3622E-09 4.5447E-09 4.7184E-09 4.8817E-09 5.0341E-09 5.1747E-09 5.3025E-09 5.4171E-09 5.5176E-09 5.6036E-09 5.6745E-09 5.7307E-09 5.7717E-09 5.7979E-09 5.8093E-09 5.8064E-09 5.7893E-09 5.7584E-09 5.7147E-09 5.6587E-09 5.5913E-09 5.5128E-09 5.4241E-09 5.3266E-09 5.2207E-09 5.1072E-09 4.9863E-09 4.8586E-09 4.7256E-09 4.5874E-09 4.4470E-09 4.3038E-09 4.1582E-09 4.0103E-09 3.8611E-09 3.7126E-09 3.5653E-09 3.4191E-09 3.2739E-09 3.1301E-09 2.9891E-09 2.8516E-09 2.7173E-09
1.6323E-09 1.8053E-09 1.9871E-09 2.1775E-09 2.3750E-09 2.5792E-09 2.7875E-09 2.9987E-09 3.2122E-09 3.4268E-09 3.6420E-09 3.8556E-09 4.0662E-09 4.2714E-09 4.4701E-09 4.6610E-09 4.8426E-09 5.0139E-09 5.1738E-09 5.3215E-09 5.4560E-09 5.5763E-09 5.6818E-09 5.7722E-09 5.8473E-09 5.9063E-09 5.9497E-09 5.9770E-09 5.9888E-09 5.9857E-09 5.9678E-09 5.9355E-09 5.8892E-09 5.8298E-09 5.7582E-09 5.6749E-09 5.5809E-09 5.4775E-09 5.3651E-09 5.2449E-09 5.1181E-09 4.9853E-09 4.8467E-09 4.7027E-09 4.5550E-09 4.4046E-09 4.2528E-09 4.0998E-09 3.9456E-09 3.7909E-09 3.6363E-09 3.4840E-09 3.3342E-09 3.1860E-09 3.0395E-09 2.8963E-09 2.7572E-09
1.6316E-09 1.8087E-09 1.9959E-09 2.1919E-09 2.3959E-09 2.6050E-09 2.8198E-09 3.0386E-09 3.2612E-09 3.4859E-09 3.7102E-09 3.9328E-09 4.1515E-09 4.3653E-09 4.5733E-09 4.7736E-09 4.9645E-09 5.1448E-09 5.3134E-09 5.4690E-09 5.6107E-09 5.7375E-09 5.8486E-09 5.9436E-09 6.0222E-09 6.0840E-09 6.1289E-09 6.1572E-09 6.1689E-09 6.1649E-09 6.1455E-09 6.1112E-09 6.0625E-09 5.9998E-09 5.9246E-09 5.8370E-09 5.7379E-09 5.6289E-09 5.5102E-09 5.3833E-09 5.2493E-09 5.1092E-09 4.9640E-09 4.8145E-09 4.6609E-09 4.5036E-09 4.3442E-09 4.1849E-09 4.0249E-09 3.8650E-09 3.7054E-09 3.5465E-09 3.3901E-09 3.2370E-09 3.0864E-09 2.9384E-09 2.7941E-09
1.6306E-09 1.8108E-09 2.0026E-09 2.2031E-09 2.4116E-09 2.6274E-09 2.8502E-09 3.0787E-09 3.3095E-09 3.5417E-09 3.7736E-09 4.0050E-09 4.2337E-09 4.4580E-09 4.6763E-09 4.8861E-09 5.0867E-09 5.2762E-09 5.4532E-09 5.6165E-09 5.7650E-09 5.8979E-09 6.0145E-09 6.1142E-09 6.1968E-09 6.2617E-09 6.3092E-09 6.3389E-09 6.3511E-09 6.3462E-09 6.3250E-09 6.2883E-09 6.2360E-09 6.1691E-09 6.0891E-09 5.9968E-09 5.8928E-09 5.7784E-09 5.6542E-09 5.5210E-09 5.3800E-09 5.2326E-09 5.0799E-09 4.9230E-09 4.7627E-09 4.5998E-09 4.4339E-09 4.2667E-09 4.0998E-09 3.9342E-09 3.7695E-09 3.6055E-09 3.4432E-09 3.2841E-09 3.1288E-09 2.9766E-09 2.8277E-09
1.6276E-09 1.8120E-09 2.0062E-09 2.2109E-09 2.4260E-09 2.6503E-09 2.8806E-09 3.1151E-09 3.3528E-09 3.5939E-09 3.8359E-09 4.0774E-09 4.3158E-09 4.5500E-09 4.7775E-09 4.9967E-09 5.2063E-09 5.4047E-09 5.5901E-09 5.7615E-09 5.9174E-09 6.0573E-09 6.1798E-09 6.2846E-09 6.3711E-09 6.4392E-09 6.4886E-09 6.5194E-09 6.5317E-09 6.5262E-09 6.5038E-09 6.4651E-09 6.4098E-09 6.3395E-09 6.2551E-09 6.1572E-09 6.0469E-09 5.9260E-09 5.7950E-09 5.6556E-09 5.5080E-09 5.3538E-09 5.1937E-09 5.0294E-09 4.8614E-09 4.6915E-09 4.5197E-09 4.3464E-09 4.1722E-09 3.9989E-09 3.8284E-09 3.6596E-09 3.4927E-09 3.3278E-09 3.1668E-09 3.0103E-09 2.8577E-09
1.6241E-09 1.8095E-09 2.0070E-09 2.2183E-09 2.4401E-09 2.6696E-09 2.9055E-09 3.1485E-09 3.3965E-09 3.6466E-09 3.8982E-09 4.1481E-09 4.3955E-09 4.6389E-09 4.8759E-09 5.1049E-09 5.3243E-09 5.5320E-09 5.7262E-09 5.9056E-09 6.0690E-09 6.2156E-09 6.3443E-09 6.4540E-09 6.5446E-09 6.6161E-09 6.6680E-09 6.7001E-09 6.7128E-09 6.7065E-09 6.6822E-09 6.6405E-09 6.5822E-09 6.5076E-09 6.4185E-09 6.3154E-09 6.1996E-09 6.0729E-09 5.9352E-09 5.7885E-09 5.6338E-09 5.4727E-09 5.3055E-09 5.1334E-09 4.9572E-09 4.7794E-09 4.6005E-09 4.4211E-09 4.2416E-09 4.0616E-09 3.8831E-09 3.7084E-09 3.5367E-09 3.3677E-09 3.2014E-09 3.0394E-09 2.8827E-09
1.6174E-09 1.8065E-09 2.0103E-09 2.2252E-09 2.4501E-09 2.6858E-09 2.9310E-09 3.1824E-09 3.4387E-09 3.6973E-09 3.9569E-09 4.2164E-09 4.4741E-09 4.7272E-09 4.9740E-09 5.2131E-09 5.4418E-09 5.6583E-09 5.8610E-09 6.0486E-09 6.2199E-09 6.3733E-09 6.5078E-09 6.6228E-09 6.7177E-09 6.7921E-09 6.8459E-09 6.8791E-09 6.8923E-09 6.8852E-09 6.8587E-09 6.8149E-09 6.7533E-09 6.6749E-09 6.5810E-09 6.4727E-09 6.3507E-09 6.2172E-09 6.0723E-09 5.9185E-09 5.7559E-09 5.5872E-09 5.4124E-09 5.2340E-09 5.0512E-09 4.8653E-09 4.6782E-09 4.4911E-09 4.3053E-09 4.1203E-09 3.9358E-09 3.7532E-09 3.5755E-09 3.4020E-09 3.2319E-09 3.0653E-09 2.9035E-09
1.6181E-09 1.8125E-09 2.0181E-09 2.2368E-09 2.4693E-09 2.7131E-09 2.9664E-09 3.2257E-09 3.4906E-09 3.7593E-09 4.0300E-09 4.3001E-09 4.5680E-09 4.8313E-09 5.0883E-09 5.3975E-09 5.6370E-09 5.8640E-09 6.0767E-09 6.2735E-09 6.4527E-09 6.6132E-09 6.7538E-09 6.8738E-09 6.9720E-09 7.0483E-09 7.1033E-09 7.1361E-09 7.1473E-09 7.0792E-09 7.0509E-09 7.0031E-09 6.9370E-09 6.8532E-09 6.7537E-09 6.6389E-09 6.5103E-09 6.3695E-09 6.2172E-09 6.0555E-09 5.8846E-09 5.7074E-09 5.5237E-09 5.3361E-09 5.1454E-09 4.9522E-09 4.7573E-09 4.5620E-09 4.3678E-09 4.1760E-09 3.9866E-09 3.7976E-09 3.6112E-09 3.4316E-09 3.2570E-09 3.0867E-09 2.9207E-09
