Assets/Resources/2015_m01_d26_0200(utc+0800)_l00_csi_1hr_conc.grd
DSAA
         159         159
     -79.000      79.000
     -79.000      79.000
  0.0000E+00  0.1767E-04
[rows 100 to 124 of 159, columns 57 to 113 of 159]
2.1708E-09 2.3995E-09 2.5944E-09 3.3753E-09 3.7672E-09 4.1937E-09 4.6551E-09 5.6866E-09 6.3094E-09 6.9766E-09 7.6858E-09 8.8732E-09 9.8594E-09 1.0783E-08 1.1769E-08 1.2781E-08 1.3789E-08 1.4784E-08 1.5771E-08 1.6771E-08 1.7705E-08 1.8624E-08 1.9448E-08 2.0227E-08 2.0890E-08 2.1453E-08 2.1905E-08 2.2242E-08 2.2457E-08 2.2547E-08 2.2511E-08 2.2321E-08 2.2041E-08 2.1647E-08 2.1115E-08 2.0519E-08 1.9801E-08 1.9043E-08 1.8224E-08 1.7356E-08 1.6449E-08 1.5507E-08 1.4541E-08 1.3583E-08 1.2656E-08 1.1763E-08 1.0896E-08 9.9492E-09 8.9295E-09 8.0966E-09 7.3298E-09 6.3718E-09 5.8724E-09 5.4040E-09 4.5278E-09 4.1957E-09 3.8833E-09
1.8861E-09 2.1030E-09 2.3391E-09 2.5947E-09 3.3694E-09 3.7556E-09 4.1737E-09 4.6233E-09 5.3804E-09 6.2070E-09 6.8384E-09 7.5047E-09 8.3501E-09 9.3842E-09 1.0326E-08 1.1178E-08 1.2048E-08 1.2922E-08 1.3842E-08 1.4695E-08 1.5506E-08 1.6274E-08 1.6986E-08 1.7634E-08 1.8244E-08 1.8735E-08 1.9132E-08 1.9430E-08 1.9624E-08 1.9712E-08 1.9658E-08 1.9533E-08 1.9304E-08 1.8977E-08 1.8555E-08 1.8042E-08 1.7455E-08 1.6801E-08 1.6089E-08 1.5317E-08 1.4515E-08 1.3698E-08 1.2886E-08 1.2086E-08 1.1294E-08 1.0401E-08 9.5425E-09 8.5891E-09 7.9422E-09 7.2181E-09 6.3025E-09 5.8211E-09 5.3672E-09 4.5054E-09 4.1793E-09 3.8717E-09 3.5827E-09
1.7046E-09 1.9042E-09 2.1215E-09 2.3574E-09 2.6123E-09 3.2626E-09 3.7485E-09 4.1532E-09 4.5853E-09 5.1805E-09 6.0795E-09 6.6682E-09 7.2849E-09 7.9252E-09 8.8723E-09 9.7155E-09 1.0578E-08 1.1326E-08 1.2080E-08 1.2818E-08 1.3524E-08 1.4192E-08 1.4813E-08 1.5374E-08 1.5948E-08 1.6376E-08 1.6723E-08 1.6986E-08 1.7161E-08 1.7245E-08 1.7237E-08 1.7138E-08 1.6951E-08 1.6659E-08 1.6281E-08 1.5819E-08 1.5290E-08 1.4706E-08 1.4077E-08 1.3414E-08 1.2744E-08 1.2056E-08 1.1359E-08 1.0548E-08 9.7496E-09 8.8376E-09 8.2324E-09 7.5325E-09 6.8712E-09 6.1312E-09 5.6823E-09 5.1487E-09 4.4268E-09 4.1163E-09 3.8219E-09 3.5441E-09 3.2829E-09
1.5319E-09 1.7146E-09 1.9141E-09 2.1309E-09 2.3653E-09 2.6180E-09 3.1377E-09 3.7167E-09 4.1051E-09 4.5178E-09 4.9531E-09 5.6877E-09 6.4572E-09 7.0222E-09 7.6042E-09 8.1978E-09 9.0812E-09 9.8406E-09 1.0598E-08 1.1215E-08 1.1808E-08 1.2372E-08 1.2896E-08 1.3371E-08 1.3791E-08 1.4147E-08 1.4435E-08 1.4651E-08 1.4790E-08 1.4850E-08 1.4832E-08 1.4736E-08 1.4565E-08 1.4321E-08 1.4009E-08 1.3636E-08 1.3209E-08 1.2737E-08 1.2226E-08 1.1682E-08 1.0998E-08 1.0423E-08 9.7260E-09 9.0329E-09 8.3527E-09 7.8180E-09 7.0739E-09 6.4767E-09 5.9151E-09 5.5028E-09 5.0058E-09 4.3205E-09 4.0286E-09 3.7503E-09 3.4862E-09 3.2371E-09 3.0025E-09
1.3759E-09 1.5439E-09 1.7275E-09 1.9271E-09 2.1421E-09 2.3708E-09 2.6149E-09 2.8745E-09 3.6594E-09 4.0228E-09 4.4050E-09 4.8050E-09 5.2198E-09 5.9335E-09 6.6571E-09 7.1632E-09 7.6730E-09 8.1804E-09 8.8235E-09 9.4582E-09 1.0074E-08 1.0546E-08 1.1105E-08 1.1509E-08 1.1865E-08 1.2169E-08 1.2415E-08 1.2602E-08 1.2723E-08 1.2779E-08 1.2769E-08 1.2695E-08 1.2556E-08 1.2356E-08 1.2099E-08 1.1791E-08 1.1436E-08 1.0928E-08 1.0504E-08 9.9387E-09 9.3515E-09 8.7529E-09 8.2912E-09 7.8254E-09 7.1384E-09 6.5825E-09 6.0492E-09 5.6643E-09 5.2905E-09 4.7272E-09 4.1915E-09 3.9204E-09 3.6601E-09 3.4118E-09 3.1763E-09 2.9534E-09 2.7434E-09
1.2262E-09 1.3753E-09 1.5377E-09 1.7135E-09 1.9035E-09 2.1073E-09 2.3252E-09 2.5568E-09 2.8011E-09 3.3177E-09 3.8662E-09 4.2152E-09 4.5774E-09 4.9500E-09 5.4649E-09 5.9990E-09 6.5439E-09 7.0921E-09 7.5220E-09 7.9398E-09 8.3402E-09 8.8591E-09 9.2199E-09 9.6812E-09 9.9767E-09 1.0230E-08 1.0563E-08 1.0721E-08 1.0827E-08 1.0878E-08 1.0875E-08 1.0818E-08 1.0707E-08 1.0423E-08 1.0219E-08 9.9717E-09 9.5583E-09 9.2459E-09 8.7729E-09 8.4194E-09 8.0483E-09 7.5542E-09 7.0550E-09 6.5582E-09 6.0708E-09 5.7249E-09 5.3839E-09 4.9494E-09 4.4250E-09 4.0425E-09 3.7930E-09 3.5522E-09 3.3210E-09 3.1003E-09 2.8904E-09 2.6916E-09 2.5041E-09
8.4482E-10 1.2206E-09 1.3649E-09 1.5215E-09 1.6906E-09 1.8718E-09 2.0655E-09 2.2710E-09 2.4882E-09 2.7162E-09 3.0798E-09 3.5885E-09 4.0068E-09 4.3307E-09 4.6614E-09 4.9958E-09 5.3310E-09 5.9334E-09 6.2850E-09 6.7539E-09 7.2074E-09 7.5322E-09 7.8332E-09 8.1070E-09 8.3499E-09 8.5579E-09 8.7279E-09 8.9961E-09 9.0865E-09 9.1333E-09 9.1352E-09 9.0930E-09 8.8727E-09 8.7513E-09 8.5912E-09 8.3963E-09 8.1699E-09 7.9156E-09 7.5291E-09 7.1215E-09 6.8243E-09 6.3999E-09 5.9726E-09 5.6755E-09 5.3765E-09 4.9763E-09 4.5894E-09 4.1032E-09 3.8723E-09 3.6460E-09 3.4257E-09 3.2124E-09 3.0074E-09 2.8116E-09 2.6252E-09 2.4484E-09 2.2814E-09
7.5897E-10 8.4142E-10 1.2123E-09 1.3513E-09 1.5009E-09 1.6617E-09 1.8331E-09 2.0153E-09 2.2074E-09 2.4093E-09 2.6197E-09 2.8379E-09 3.1921E-09 3.6815E-09 4.0695E-09 4.3592E-09 4.6494E-09 4.9374E-09 5.2201E-09 5.6272E-09 5.9005E-09 6.2886E-09 6.5363E-09 6.8843E-09 7.0890E-09 7.2648E-09 7.5242E-09 7.6378E-09 7.7161E-09 7.7579E-09 7.7633E-09 7.7331E-09 7.5564E-09 7.4595E-09 7.3312E-09 7.0565E-09 6.8788E-09 6.5553E-09 6.3426E-09 5.9881E-09 5.7561E-09 5.5138E-09 5.2640E-09 4.9092E-09 4.5585E-09 4.0959E-09 3.8886E-09 3.6827E-09 3.4796E-09 3.2807E-09 3.0870E-09 2.8991E-09 2.7179E-09 2.5445E-09 2.3794E-09 2.2227E-09 2.0743E-09
6.8281E-10 7.5738E-10 8.3737E-10 1.1997E-09 1.3323E-09 1.4742E-09 1.6258E-09 1.7865E-09 1.9562E-09 2.1341E-09 2.3196E-09 2.5119E-09 2.7100E-09 2.9119E-09 3.2457E-09 3.5915E-09 3.9433E-09 4.2965E-09 4.5406E-09 4.7775E-09 5.0045E-09 5.2192E-09 5.4192E-09 5.6010E-09 5.8985E-09 6.0436E-09 6.1643E-09 6.2582E-09 6.4490E-09 6.4881E-09 6.4976E-09 6.3562E-09 6.3104E-09 6.2380E-09 6.1406E-09 5.8940E-09 5.7586E-09 5.6038E-09 5.4326E-09 5.2473E-09 4.9463E-09 4.6376E-09 4.4434E-09 4.0174E-09 3.8390E-09 3.6586E-09 3.4776E-09 3.2977E-09 3.1200E-09 2.9457E-09 2.7758E-09 2.6110E-09 2.4516E-09 2.2987E-09 2.1527E-09 2.0141E-09 1.8828E-09
6.1468E-10 6.8167E-10 7.5331E-10 8.3002E-10 1.1809E-09 1.3059E-09 1.4391E-09 1.5806E-09 1.7298E-09 1.8861E-09 2.0489E-09 2.2178E-09 2.3913E-09 2.5687E-09 2.7488E-09 2.9298E-09 3.1109E-09 3.4244E-09 3.7369E-09 4.0441E-09 4.3413E-09 4.5263E-09 4.6982E-09 4.8555E-09 4.9963E-09 5.1182E-09 5.2197E-09 5.3001E-09 5.3586E-09 5.3940E-09 5.4059E-09 5.3948E-09 5.3614E-09 5.3062E-09 5.2304E-09 5.1346E-09 5.0209E-09 4.7902E-09 4.5420E-09 4.3997E-09 4.1378E-09 3.8700E-09 3.7236E-09 3.5723E-09 3.4175E-09 3.2608E-09 3.1035E-09 2.9467E-09 2.7918E-09 2.6396E-09 2.4913E-09 2.3471E-09 2.2075E-09 2.0736E-09 1.9447E-09 1.8222E-09 1.5591E-09
5.4641E-10 6.1178E-10 6.7613E-10 7.4483E-10 8.1760E-10 1.1538E-09 1.2707E-09 1.3948E-09 1.5253E-09 1.6622E-09 1.8050E-09 1.9526E-09 2.1046E-09 2.2597E-09 2.4171E-09 2.5755E-09 2.7339E-09 2.8903E-09 3.0441E-09 3.1933E-09 3.4664E-09 3.7278E-09 3.8679E-09 4.1071E-09 4.2254E-09 4.3286E-09 4.4159E-09 4.4855E-09 4.5370E-09 4.5694E-09 4.5829E-09 4.5781E-09 4.5546E-09 4.5125E-09 4.3464E-09 4.2754E-09 4.0763E-09 3.9849E-09 3.7647E-09 3.6602E-09 3.5469E-09 3.4265E-09 3.3003E-09 3.1697E-09 3.0360E-09 2.9003E-09 2.7643E-09 2.6286E-09 2.4945E-09 2.3620E-09 2.2325E-09 2.1066E-09 1.9848E-09 1.8671E-09 1.7539E-09 1.5045E-09 1.3366E-09
4.8352E-10 5.4199E-10 6.0500E-10 6.6634E-10 7.3128E-10 8.0019E-10 1.0906E-09 1.2274E-09 1.3417E-09 1.4613E-09 1.5857E-09 1.7148E-09 1.8473E-09 1.9826E-09 2.1200E-09 2.2582E-09 2.3959E-09 2.5327E-09 2.6669E-09 2.7968E-09 2.9218E-09 3.0407E-09 3.1518E-09 3.2538E-09 3.3461E-09 3.5521E-09 3.6245E-09 3.6831E-09 3.7277E-09 3.7583E-09 3.7741E-09 3.7752E-09 3.7614E-09 3.6148E-09 3.5781E-09 3.5292E-09 3.4691E-09 3.3979E-09 3.3170E-09 3.2275E-09 3.1306E-09 3.0275E-09 2.9195E-09 2.8075E-09 2.6926E-09 2.5759E-09 2.4582E-09 2.3406E-09 2.2239E-09 2.1090E-09 1.9965E-09 1.8868E-09 1.7806E-09 1.6493E-09 1.3534E-09 1.2834E-09 1.2126E-09
4.2324E-10 4.7694E-10 5.3257E-10 5.9349E-10 6.5253E-10 7.1387E-10 7.7820E-10 8.4578E-10 1.1771E-09 1.2815E-09 1.3899E-09 1.5021E-09 1.6174E-09 1.7353E-09 1.8547E-09 1.9748E-09 2.0948E-09 2.2139E-09 2.3303E-09 2.4438E-09 2.5527E-09 2.6561E-09 2.7527E-09 2.8422E-09 2.9230E-09 2.9946E-09 3.0557E-09 3.1063E-09 3.1460E-09 3.1739E-09 3.1896E-09 3.1935E-09 3.1857E-09 3.1668E-09 3.1370E-09 3.0960E-09 3.0450E-09 2.9848E-09 2.9163E-09 2.8403E-09 2.7584E-09 2.6706E-09 2.5783E-09 2.4822E-09 2.3834E-09 2.2829E-09 2.1815E-09 2.0801E-09 1.9794E-09 1.8800E-09 1.7824E-09 1.6873E-09 1.4517E-09 1.2911E-09 1.2253E-09 1.1609E-09 1.1023E-09
3.2489E-10 4.0032E-10 4.6706E-10 5.1869E-10 5.7641E-10 6.3453E-10 6.9231E-10 7.5210E-10 8.1460E-10 9.7639E-10 1.2152E-09 1.3128E-09 1.4129E-09 1.5151E-09 1.6187E-09 1.7232E-09 1.8274E-09 1.9303E-09 2.0317E-09 2.1303E-09 2.2248E-09 2.3147E-09 2.3991E-09 2.4772E-09 2.5476E-09 2.6100E-09 2.6641E-09 2.7092E-09 2.7441E-09 2.7690E-09 2.7839E-09 2.7890E-09 2.7839E-09 2.7689E-09 2.7440E-09 2.7101E-09 2.6675E-09 2.6172E-09 2.5600E-09 2.4960E-09 2.4261E-09 2.3513E-09 2.2724E-09 2.1903E-09 2.1059E-09 2.0198E-09 1.9329E-09 1.8457E-09 1.7590E-09 1.6735E-09 1.5619E-09 1.2828E-09 1.2231E-09 1.1636E-09 1.1079E-09 1.0488E-09 9.5721E-10
2.8969E-10 3.2069E-10 3.7830E-10 4.5495E-10 5.0220E-10 5.5415E-10 6.1021E-10 6.6689E-10 7.2263E-10 7.7955E-10 8.3868E-10 1.1173E-09 1.2314E-09 1.3201E-09 1.4099E-09 1.5002E-09 1.5904E-09 1.6799E-09 1.7676E-09 1.8527E-09 1.9348E-09 2.0131E-09 2.0864E-09 2.1540E-09 2.2156E-09 2.2706E-09 2.3180E-09 2.3573E-09 2.3884E-09 2.4112E-09 2.4256E-09 2.4312E-09 2.4278E-09 2.4159E-09 2.3959E-09 2.3681E-09 2.3333E-09 2.2915E-09 2.2430E-09 2.1889E-09 2.1299E-09 2.0665E-09 1.9996E-09 1.9298E-09 1.8584E-09 1.7852E-09 1.7112E-09 1.6365E-09 1.5343E-09 1.3524E-09 1.2048E-09 1.1509E-09 1.0991E-09 1.0515E-09 9.8845E-10 9.1224E-10 8.6847E-10
2.5919E-10 2.8577E-10 3.1471E-10 3.4710E-10 4.3172E-10 4.8479E-10 5.3047E-10 5.8092E-10 6.3418E-10 6.8887E-10 7.4197E-10 7.9510E-10 8.4971E-10 1.0038E-09 1.2252E-09 1.3033E-09 1.3814E-09 1.4587E-09 1.5343E-09 1.6083E-09 1.6796E-09 1.7471E-09 1.8105E-09 1.8697E-09 1.9236E-09 1.9713E-09 2.0126E-09 2.0473E-09 2.0754E-09 2.0963E-09 2.1094E-09 2.1150E-09 2.1133E-09 2.1045E-09 2.0889E-09 2.0665E-09 2.0374E-09 2.0024E-09 1.9620E-09 1.9167E-09 1.8670E-09 1.8140E-09 1.7581E-09 1.6990E-09 1.6379E-09 1.5754E-09 1.4848E-09 1.3125E-09 1.1716E-09 1.1242E-09 1.0780E-09 1.0353E-09 9.9296E-10 9.3550E-10 8.6201E-10 8.2202E-10 7.8410E-10
2.3076E-10 2.5499E-10 2.8028E-10 3.0738E-10 3.3642E-10 4.0386E-10 4.6353E-10 5.0752E-10 5.5092E-10 5.9792E-10 6.4757E-10 6.9892E-10 7.4972E-10 7.9824E-10 8.4744E-10 9.9223E-10 1.1698E-09 1.2641E-09 1.3298E-09 1.3936E-09 1.4549E-09 1.5135E-09 1.5688E-09 1.6200E-09 1.6665E-09 1.7081E-09 1.7448E-09 1.7758E-09 1.8004E-09 1.8189E-09 1.8311E-09 1.8372E-09 1.8373E-09 1.8309E-09 1.8183E-09 1.8000E-09 1.7762E-09 1.7473E-09 1.7138E-09 1.6766E-09 1.6353E-09 1.5905E-09 1.5429E-09 1.4652E-09 1.3005E-09 1.1634E-09 1.1240E-09 1.0838E-09 1.0446E-09 1.0076E-09 9.7027E-10 9.1670E-10 8.6587E-10 8.0951E-10 7.7432E-10 7.4051E-10 7.0275E-10
1.9144E-10 2.2634E-10 2.4913E-10 2.7357E-10 2.9863E-10 3.2575E-10 3.5411E-10 4.2230E-10 4.8026E-10 5.2228E-10 5.6321E-10 6.0514E-10 6.5009E-10 6.9636E-10 7.4299E-10 7.8871E-10 8.3208E-10 8.7479E-10 1.0126E-09 1.1781E-09 1.2299E-09 1.3090E-09 1.3567E-09 1.4009E-09 1.4415E-09 1.4782E-09 1.5102E-09 1.5371E-09 1.5590E-09 1.5757E-09 1.5875E-09 1.5940E-09 1.5947E-09 1.5901E-09 1.5804E-09 1.5657E-09 1.5466E-09 1.5236E-09 1.4959E-09 1.4360E-09 1.4028E-09 1.2520E-09 1.2176E-09 1.0950E-09 1.0634E-09 1.0308E-09 1.0000E-09 9.6882E-10 9.3745E-10 8.9801E-10 8.4124E-10 7.8837E-10 7.5702E-10 7.2882E-10 6.9658E-10 6.6465E-10 6.3840E-10
1.4975E-10 1.8465E-10 2.1971E-10 2.4202E-10 2.6500E-10 2.8898E-10 3.1380E-10 3.4019E-10 3.8767E-10 4.3400E-10 4.8886E-10 5.2806E-10 5.6714E-10 6.0441E-10 6.4218E-10 6.8247E-10 7.2320E-10 7.6278E-10 8.0157E-10 8.3971E-10 8.7570E-10 9.0857E-10 1.0355E-09 1.0690E-09 1.2188E-09 1.2497E-09 1.2769E-09 1.3002E-09 1.3485E-09 1.3640E-09 1.3745E-09 1.3806E-09 1.3536E-09 1.3511E-09 1.3445E-09 1.3343E-09 1.3196E-09 1.1876E-09 1.1684E-09 1.0573E-09 1.0374E-09 1.0155E-09 9.9178E-10 9.6901E-10 9.4548E-10 9.2073E-10 8.9453E-10 8.5913E-10 8.1986E-10 7.5830E-10 7.3148E-10 7.0735E-10 6.8327E-10 6.5442E-10 6.2543E-10 6.0198E-10 5.7851E-10
1.2458E-10 1.4556E-10 1.7730E-10 2.0835E-10 2.3437E-10 2.5538E-10 2.7812E-10 3.0087E-10 3.2475E-10 3.4995E-10 3.9585E-10 4.3835E-10 4.8202E-10 5.2446E-10 5.6025E-10 5.9570E-10 6.2829E-10 6.6041E-10 6.9313E-10 7.2622E-10 7.5804E-10 7.8845E-10 8.1788E-10 8.4503E-10 8.6989E-10 8.9249E-10 9.1287E-10 9.3089E-10 9.4601E-10 9.5814E-10 9.6741E-10 9.7381E-10 9.7754E-10 9.7883E-10 9.7671E-10 9.7186E-10 9.6439E-10 9.5441E-10 9.4210E-10 9.2958E-10 9.1522E-10 8.9991E-10 8.8213E-10 8.6289E-10 8.4099E-10 8.0981E-10 7.7633E-10 7.1980E-10 6.9855E-10 6.7862E-10 6.5812E-10 6.3490E-10 6.0912E-10 5.8588E-10 5.6511E-10 5.4421E-10 5.1282E-10
1.0657E-10 1.1896E-10 1.3948E-10 1.6162E-10 1.9279E-10 2.2487E-10 2.4491E-10 2.6527E-10 2.8716E-10 3.0880E-10 3.3135E-10 3.5494E-10 3.7834E-10 4.3696E-10 4.7497E-10 5.1259E-10 5.4342E-10 5.7464E-10 6.0490E-10 6.3366E-10 6.5998E-10 6.8587E-10 7.1010E-10 7.3271E-10 7.5376E-10 7.7352E-10 7.9142E-10 8.0691E-10 8.2031E-10 8.3153E-10 8.4074E-10 8.4790E-10 8.5256E-10 8.5473E-10 8.5464E-10 8.5234E-10 8.4790E-10 8.4140E-10 8.3336E-10 8.2348E-10 8.1043E-10 7.9471E-10 7.7068E-10 7.4363E-10 7.1252E-10 6.7497E-10 6.5971E-10 6.4360E-10 6.2675E-10 6.0695E-10 5.8424E-10 5.6391E-10 5.4601E-10 5.2780E-10 5.0073E-10 4.7847E-10 4.5229E-10
8.6059E-11 1.0388E-10 1.1502E-10 1.3054E-10 1.5069E-10 1.7581E-10 2.0840E-10 2.3330E-10 2.5232E-10 2.7168E-10 2.9235E-10 3.1255E-10 3.3317E-10 3.5507E-10 3.7629E-10 4.1826E-10 4.5488E-10 4.7830E-10 5.1247E-10 5.4488E-10 5.7046E-10 5.9416E-10 6.1670E-10 6.3790E-10 6.5828E-10 6.7657E-10 6.9286E-10 7.0715E-10 7.1922E-10 7.3009E-10 7.3860E-10 7.4494E-10 7.4905E-10 7.5079E-10 7.5039E-10 7.4791E-10 7.4428E-10 7.3788E-10 7.2271E-10 7.1308E-10 6.9303E-10 6.6831E-10 6.5742E-10 6.2698E-10 6.1556E-10 6.0318E-10 5.8993E-10 5.7358E-10 5.5670E-10 5.3677E-10 5.2181E-10 5.0639E-10 4.9058E-10 4.6409E-10 4.4407E-10 4.2064E-10 4.0173E-10
6.6529E-11 8.3867E-11 9.3622E-11 1.1095E-10 1.2291E-10 1.4013E-10 1.6265E-10 1.8819E-10 2.1582E-10 2.3876E-10 2.5635E-10 2.7442E-10 2.9357E-10 3.1205E-10 3.3073E-10 3.5023E-10 3.6930E-10 3.8805E-10 4.0659E-10 4.4680E-10 4.7847E-10 4.9712E-10 5.1498E-10 5.4224E-10 5.5837E-10 5.7331E-10 5.8696E-10 5.9922E-10 6.1090E-10 6.2019E-10 6.2790E-10 6.3399E-10 6.3845E-10 6.4126E-10 6.4332E-10 6.3394E-10 6.3226E-10 6.1651E-10 6.1246E-10 5.8743E-10 5.8187E-10 5.7513E-10 5.6729E-10 5.5843E-10 5.4861E-10 5.3587E-10 5.2243E-10 5.0820E-10 4.9351E-10 4.8089E-10 4.6776E-10 4.4586E-10 4.2805E-10 4.0615E-10 3.8941E-10 3.7214E-10 3.5187E-10
5.6870E-11 6.5173E-11 8.0445E-11 8.9804E-11 1.0040E-10 1.1774E-10 1.2910E-10 1.4546E-10 1.6761E-10 1.9572E-10 2.1978E-10 2.3837E-10 2.5694E-10 2.7347E-10 2.9035E-10 3.0745E-10 3.2403E-10 3.4053E-10 3.5780E-10 3.7391E-10 3.8964E-10 4.0491E-10 4.2054E-10 4.3461E-10 4.6818E-10 4.8107E-10 4.9338E-10 5.0464E-10 5.1429E-10 5.2273E-10 5.2990E-10 5.3578E-10 5.4099E-10 5.4446E-10 5.2683E-10 5.2803E-10 5.2801E-10 5.2678E-10 5.2438E-10 5.2084E-10 5.1622E-10 5.1077E-10 5.0203E-10 4.9239E-10 4.8175E-10 4.7042E-10 4.6121E-10 4.5132E-10 4.4084E-10 4.2142E-10 4.0615E-10 3.9076E-10 3.7136E-10 3.5864E-10 3.3742E-10 3.2517E-10 3.0434E-10
4.2771E-11 4.9181E-11 6.3541E-11 7.1393E-11 8.6799E-11 9.6148E-11 1.0545E-10 1.2249E-10 1.3353E-10 1.4908E-10 1.6798E-10 1.9257E-10 2.1550E-10 2.3406E-10 2.5186E-10 2.6898E-10 2.8353E-10 2.9904E-10 3.1344E-10 3.2762E-10 3.4149E-10 3.5590E-10 3.6893E-10 3.8139E-10 3.9322E-10 4.0500E-10 4.1557E-10 4.2507E-10 4.3365E-10 4.4128E-10 4.4791E-10 4.5417E-10 4.5895E-10 4.6243E-10 4.6482E-10 4.6613E-10 4.6637E-10 4.6556E-10 4.6392E-10 4.5901E-10 4.5310E-10 4.4863E-10 4.4086E-10 4.3232E-10 4.2574E-10 4.1867E-10 4.0831E-10 3.9137E-10 3.8071E-10 3.6754E-10 3.5036E-10 3.3960E-10 3.2001E-10 3.0950E-10 2.9898E-10 2.8226E-10 2.7306E-10
