Assets/Resources/2015_m01_d22_0900(utc+0800)_l00_csi_1hr_conc.grd
DSAA
         159         159
     -79.000      79.000
     -79.000      79.000
  0.0000E+00  0.1687E-05
[rows 25 to 49 of 159, columns 57 to 113 of 159]
0.0000E+00 0.0000E+00 0.0000E+00 0.0000E+00 0.0000E+00 0.0000E+00 0.0000E+00 0.0000E+00 0.0000E+00 0.0000E+00 0.0000E+00 0.0000E+00 0.0000E+00 0.0000E+00 0.0000E+00 0.0000E+00 0.0000E+00 0.0000E+00 0.0000E+00 0.0000E+00 0.0000E+00 0.0000E+00 0.0000E+00 0.0000E+00 0.0000E+00 0.0000E+00 0.0000E+00 0.0000E+00 0.0000E+00 0.0000E+00 0.0000E+00 0.0000E+00 0.0000E+00 0.0000E+00 0.0000E+00 0.0000E+00 1.6538E-12 2.9904E-12 6.0614E-12 8.7691E-12 1.0437E-11 1.1976E-11 1.5294E-11 2.1274E-11 2.7709E-11 3.4583E-11 4.0321E-11 5.2105E-11 6.4607E-11 7.6734E-11 9.4013E-11 1.1376E-10 1.5290E-10 1.8322E-10 2.1768E-10 2.5940E-10 3.0709E-10
0.0000E+00 0.0000E+00 0.0000E+00 0.0000E+00 0.0000E+00 0.0000E+00 0.0000E+00 0.0000E+00 0.0000E+00 0.0000E+00 0.0000E+00 0.0000E+00 0.0000E+00 0.0000E+00 0.0000E+00 0.0000E+00 0.0000E+00 0.0000E+00 0.0000E+00 0.0000E+00 0.0000E+00 0.0000E+00 0.0000E+00 0.0000E+00 0.0000E+00 0.0000E+00 0.0000E+00 0.0000E+00 0.0000E+00 0.0000E+00 0.0000E+00 0.0000E+00 0.0000E+00 0.0000E+00 1.2581E-12 1.3698E-12 1.8906E-12 3.2712E-12 7.6504E-12 1.2197E-11 1.4633E-11 1.7130E-11 1.9538E-11 2.5731E-11 3.3312E-11 4.2549E-11 4.9091E-11 6.1146E-11 7.4200E-11 8.7749E-11 1.0648E-10 1.2772E-10 1.6977E-10 2.0207E-10 2.3894E-10 2.8311E-10 3.4051E-10
0.0000E+00 0.0000E+00 0.0000E+00 0.0000E+00 0.0000E+00 0.0000E+00 0.0000E+00 0.0000E+00 0.0000E+00 0.0000E+00 0.0000E+00 0.0000E+00 0.0000E+00 0.0000E+00 0.0000E+00 0.0000E+00 0.0000E+00 0.0000E+00 0.0000E+00 0.0000E+00 0.0000E+00 0.0000E+00 0.0000E+00 0.0000E+00 0.0000E+00 0.0000E+00 0.0000E+00 0.0000E+00 0.0000E+00 0.0000E+00 0.0000E+00 0.0000E+00 1.2346E-12 1.3540E-12 1.4796E-12 1.6110E-12 3.0739E-12 6.5291E-12 1.2536E-11 1.6154E-11 1.8647E-11 2.1475E-11 2.6302E-11 3.4802E-11 4.2536E-11 5.2416E-11 6.3298E-11 7.1817E-11 8.5121E-11 9.9539E-11 1.1938E-10 1.4245E-10 1.8802E-10 2.2332E-10 2.6358E-10 3.1187E-10 3.7409E-10
0.0000E+00 0.0000E+00 0.0000E+00 0.0000E+00 0.0000E+00 0.0000E+00 0.0000E+00 0.0000E+00 0.0000E+00 0.0000E+00 0.0000E+00 0.0000E+00 0.0000E+00 0.0000E+00 0.0000E+00 0.0000E+00 0.0000E+00 0.0000E+00 0.0000E+00 0.0000E+00 0.0000E+00 0.0000E+00 0.0000E+00 0.0000E+00 0.0000E+00 0.0000E+00 0.0000E+00 0.0000E+00 0.0000E+00 0.0000E+00 0.0000E+00 1.3144E-12 1.4467E-12 1.5867E-12 3.0606E-12 3.6973E-12 5.3976E-12 1.0373E-11 1.6928E-11 2.1807E-11 2.6129E-11 3.1052E-11 3.8122E-11 4.3350E-11 5.1794E-11 6.2022E-11 7.3115E-11 8.1063E-11 9.4607E-11 1.0944E-10 1.3188E-10 1.6101E-10 2.0844E-10 2.4811E-10 2.9010E-10 3.4096E-10 4.0938E-10
0.0000E+00 0.0000E+00 0.0000E+00 0.0000E+00 0.0000E+00 0.0000E+00 0.0000E+00 0.0000E+00 0.0000E+00 0.0000E+00 0.0000E+00 0.0000E+00 0.0000E+00 0.0000E+00 0.0000E+00 0.0000E+00 0.0000E+00 0.0000E+00 0.0000E+00 0.0000E+00 0.0000E+00 0.0000E+00 0.0000E+00 0.0000E+00 0.0000E+00 0.0000E+00 0.0000E+00 0.0000E+00 0.0000E+00 1.2529E-12 1.3891E-12 1.5346E-12 1.6892E-12 3.8703E-12 4.8332E-12 5.6651E-12 7.5449E-12 1.7848E-11 2.5867E-11 3.3831E-11 3.8721E-11 4.3942E-11 5.1771E-11 5.6897E-11 6.6119E-11 7.8232E-11 9.1039E-11 1.0481E-10 1.1586E-10 1.3631E-10 1.6454E-10 1.9495E-10 2.4491E-10 2.8524E-10 3.3220E-10 3.8401E-10 4.6517E-10
0.0000E+00 0.0000E+00 0.0000E+00 0.0000E+00 0.0000E+00 0.0000E+00 0.0000E+00 0.0000E+00 0.0000E+00 0.0000E+00 0.0000E+00 0.0000E+00 0.0000E+00 0.0000E+00 0.0000E+00 0.0000E+00 0.0000E+00 0.0000E+00 0.0000E+00 0.0000E+00 0.0000E+00 0.0000E+00 0.0000E+00 0.0000E+00 0.0000E+00 0.0000E+00 0.0000E+00 0.0000E+00 1.3098E-12 1.4576E-12 1.6161E-12 3.8369E-12 4.7169E-12 5.8850E-12 6.8551E-12 9.8136E-12 1.2300E-11 2.4919E-11 3.6316E-11 4.2896E-11 4.7832E-11 5.3204E-11 6.1429E-11 6.9729E-11 7.8658E-11 9.1380E-11 1.0613E-10 1.2578E-10 1.4052E-10 1.5940E-10 1.8718E-10 2.2210E-10 2.7578E-10 3.1921E-10 3.6684E-10 4.2378E-10 5.0889E-10
0.0000E+00 0.0000E+00 0.0000E+00 0.0000E+00 0.0000E+00 0.0000E+00 0.0000E+00 0.0000E+00 0.0000E+00 0.0000E+00 0.0000E+00 0.0000E+00 0.0000E+00 0.0000E+00 0.0000E+00 0.0000E+00 0.0000E+00 0.0000E+00 0.0000E+00 0.0000E+00 0.0000E+00 0.0000E+00 0.0000E+00 0.0000E+00 0.0000E+00 0.0000E+00 8.6511E-13 1.3595E-12 1.5183E-12 3.0191E-12 4.6982E-12 5.7771E-12 6.9226E-12 9.5614E-12 1.1097E-11 1.3893E-11 1.9509E-11 3.6531E-11 4.7969E-11 5.5481E-11 6.2566E-11 6.9154E-11 7.9153E-11 8.9622E-11 1.0045E-10 1.1984E-10 1.3557E-10 1.5341E-10 1.7346E-10 1.9555E-10 2.2699E-10 2.6740E-10 3.2029E-10 3.6692E-10 4.1428E-10 4.8335E-10 5.6211E-10
0.0000E+00 0.0000E+00 0.0000E+00 0.0000E+00 0.0000E+00 0.0000E+00 0.0000E+00 0.0000E+00 0.0000E+00 0.0000E+00 0.0000E+00 0.0000E+00 0.0000E+00 0.0000E+00 0.0000E+00 0.0000E+00 0.0000E+00 0.0000E+00 0.0000E+00 0.0000E+00 0.0000E+00 0.0000E+00 0.0000E+00 0.0000E+00 0.0000E+00 1.2451E-12 1.4008E-12 1.5701E-12 4.6365E-12 5.6824E-12 6.6607E-12 9.4600E-12 1.1069E-11 1.3717E-11 1.6619E-11 2.1605E-11 3.0742E-11 4.7032E-11 5.8138E-11 6.6898E-11 7.4761E-11 8.2541E-11 9.9117E-11 1.1633E-10 1.2833E-10 1.4373E-10 1.6391E-10 1.8974E-10 2.1091E-10 2.3474E-10 2.7123E-10 3.1243E-10 3.6536E-10 4.1087E-10 4.6224E-10 5.3980E-10 6.1886E-10
0.0000E+00 0.0000E+00 0.0000E+00 0.0000E+00 0.0000E+00 0.0000E+00 0.0000E+00 0.0000E+00 0.0000E+00 0.0000E+00 0.0000E+00 0.0000E+00 0.0000E+00 0.0000E+00 0.0000E+00 0.0000E+00 0.0000E+00 0.0000E+00 0.0000E+00 0.0000E+00 0.0000E+00 0.0000E+00 0.0000E+00 0.0000E+00 1.2690E-12 1.4329E-12 2.4128E-12 5.3478E-12 6.2430E-12 8.3769E-12 1.0758E-11 1.3723E-11 1.6136E-11 1.9713E-11 2.4543E-11 2.9603E-11 4.5319E-11 5.9206E-11 7.2638E-11 8.3919E-11 9.6525E-11 1.0833E-10 1.2294E-10 1.3687E-10 1.5822E-10 1.7485E-10 1.9448E-10 2.1643E-10 2.4364E-10 2.7479E-10 3.1279E-10 3.5580E-10 4.0689E-10 4.5544E-10 5.1006E-10 5.9787E-10 6.7519E-10
0.0000E+00 0.0000E+00 0.0000E+00 0.0000E+00 0.0000E+00 0.0000E+00 0.0000E+00 0.0000E+00 0.0000E+00 0.0000E+00 0.0000E+00 0.0000E+00 0.0000E+00 0.0000E+00 0.0000E+00 0.0000E+00 0.0000E+00 0.0000E+00 0.0000E+00 0.0000E+00 0.0000E+00 0.0000E+00 0.0000E+00 1.2841E-12 1.4551E-12 3.7486E-12 5.7400E-12 6.4523E-12 1.0069E-11 1.3056E-11 1.5589E-11 1.8118E-11 2.3278E-11 2.8821E-11 3.3375E-11 4.3251E-11 6.3906E-11 7.8650E-11 9.2843E-11 1.0859E-10 1.2333E-10 1.3694E-10 1.5815E-10 1.7823E-10 1.9881E-10 2.1566E-10 2.4567E-10 2.7239E-10 2.9949E-10 3.3282E-10 3.7051E-10 4.1701E-10 4.7116E-10 5.2209E-10 5.7785E-10 6.7664E-10 7.5051E-10
0.0000E+00 0.0000E+00 0.0000E+00 0.0000E+00 0.0000E+00 0.0000E+00 0.0000E+00 0.0000E+00 0.0000E+00 0.0000E+00 0.0000E+00 0.0000E+00 0.0000E+00 0.0000E+00 0.0000E+00 0.0000E+00 0.0000E+00 0.0000E+00 0.0000E+00 0.0000E+00 0.0000E+00 0.0000E+00 1.2899E-12 1.4670E-12 4.9571E-12 5.8644E-12 7.3450E-12 1.1159E-11 1.4828E-11 1.7111E-11 2.0602E-11 2.7016E-11 3.2877E-11 4.2831E-11 4.8702E-11 6.0534E-11 8.0501E-11 9.6350E-11 1.1375E-10 1.3710E-10 1.5415E-10 1.7207E-10 1.9136E-10 2.1573E-10 2.4488E-10 2.6536E-10 2.8952E-10 3.1739E-10 3.4725E-10 3.8348E-10 4.2410E-10 4.7514E-10 5.3224E-10 5.8720E-10 6.4728E-10 7.5342E-10 8.3025E-10
0.0000E+00 0.0000E+00 0.0000E+00 0.0000E+00 0.0000E+00 0.0000E+00 0.0000E+00 0.0000E+00 0.0000E+00 0.0000E+00 0.0000E+00 0.0000E+00 0.0000E+00 0.0000E+00 0.0000E+00 0.0000E+00 0.0000E+00 0.0000E+00 0.0000E+00 0.0000E+00 0.0000E+00 1.2863E-12 1.4683E-12 5.2283E-12 5.9455E-12 8.6909E-12 1.3092E-11 1.5961E-11 1.9383E-11 2.4899E-11 3.0705E-11 4.1604E-11 4.7326E-11 5.3794E-11 6.2641E-11 7.9425E-11 1.0552E-10 1.2557E-10 1.4364E-10 1.6909E-10 1.8840E-10 2.0921E-10 2.3587E-10 2.5824E-10 2.8440E-10 3.1029E-10 3.3611E-10 3.6739E-10 4.0043E-10 4.4017E-10 4.8397E-10 5.4010E-10 5.9906E-10 6.5676E-10 7.2468E-10 8.3276E-10 9.1202E-10
0.0000E+00 0.0000E+00 0.0000E+00 0.0000E+00 0.0000E+00 0.0000E+00 0.0000E+00 0.0000E+00 0.0000E+00 0.0000E+00 0.0000E+00 0.0000E+00 0.0000E+00 0.0000E+00 0.0000E+00 0.0000E+00 0.0000E+00 0.0000E+00 0.0000E+00 0.0000E+00 1.2734E-12 1.4589E-12 5.2398E-12 5.9816E-12 1.0168E-11 1.4437E-11 1.6346E-11 2.1475E-11 2.7896E-11 3.8729E-11 4.4808E-11 5.1946E-11 5.8819E-11 7.2994E-11 8.8888E-11 1.0947E-10 1.3565E-10 1.5539E-10 1.7741E-10 2.0448E-10 2.3172E-10 2.5642E-10 2.8002E-10 3.0612E-10 3.3628E-10 3.6529E-10 3.9436E-10 4.2904E-10 4.6557E-10 5.0984E-10 5.5697E-10 6.1830E-10 6.7982E-10 7.4253E-10 8.3190E-10 9.2788E-10 1.0092E-09
0.0000E+00 0.0000E+00 0.0000E+00 0.0000E+00 0.0000E+00 0.0000E+00 0.0000E+00 0.0000E+00 0.0000E+00 0.0000E+00 0.0000E+00 0.0000E+00 0.0000E+00 0.0000E+00 0.0000E+00 0.0000E+00 0.0000E+00 0.0000E+00 0.0000E+00 1.2516E-12 1.4391E-12 5.2110E-12 5.9718E-12 1.0615E-11 1.4606E-11 1.6914E-11 2.4905E-11 3.0259E-11 4.0596E-11 4.9085E-11 5.6172E-11 6.9272E-11 7.9879E-11 9.3644E-11 1.1851E-10 1.4302E-10 1.6654E-10 1.9188E-10 2.1841E-10 2.4875E-10 2.7668E-10 3.0369E-10 3.3104E-10 3.6036E-10 3.9285E-10 4.2626E-10 4.5650E-10 4.9441E-10 5.3494E-10 5.8354E-10 6.3562E-10 7.0189E-10 7.6870E-10 8.3643E-10 9.3843E-10 1.0330E-09 1.1193E-09
0.0000E+00 0.0000E+00 0.0000E+00 0.0000E+00 0.0000E+00 0.0000E+00 0.0000E+00 0.0000E+00 0.0000E+00 0.0000E+00 0.0000E+00 0.0000E+00 0.0000E+00 0.0000E+00 0.0000E+00 0.0000E+00 0.0000E+00 0.0000E+00 1.1466E-12 1.4093E-12 5.1426E-12 5.9162E-12 1.0593E-11 1.4656E-11 1.8643E-11 2.7270E-11 3.5956E-11 4.1985E-11 5.2673E-11 6.5347E-11 7.4163E-11 8.5311E-11 1.0280E-10 1.2491E-10 1.5445E-10 1.7796E-10 2.0670E-10 2.3392E-10 2.6364E-10 2.9248E-10 3.2130E-10 3.5431E-10 3.8391E-10 4.1922E-10 4.5568E-10 4.9333E-10 5.3016E-10 5.7111E-10 6.1577E-10 6.6850E-10 7.2543E-10 7.9619E-10 8.6650E-10 9.3630E-10 1.0497E-09 1.1449E-09 1.2358E-09
0.0000E+00 0.0000E+00 0.0000E+00 0.0000E+00 0.0000E+00 0.0000E+00 0.0000E+00 0.0000E+00 0.0000E+00 0.0000E+00 0.0000E+00 0.0000E+00 0.0000E+00 0.0000E+00 0.0000E+00 0.0000E+00 0.0000E+00 7.1130E-13 1.3700E-12 4.6175E-12 5.8162E-12 1.0487E-11 1.4588E-11 1.9692E-11 2.7507E-11 3.6624E-11 4.5692E-11 5.5580E-11 6.8777E-11 7.8617E-11 9.5825E-11 1.1461E-10 1.3577E-10 1.6135E-10 1.9384E-10 2.2048E-10 2.4820E-10 2.7677E-10 3.0672E-10 3.3893E-10 3.7541E-10 4.1555E-10 4.5314E-10 4.9371E-10 5.3492E-10 5.7766E-10 6.2015E-10 6.6348E-10 7.1280E-10 7.7100E-10 8.3320E-10 9.1028E-10 9.8425E-10 1.0583E-09 1.1800E-09 1.2749E-09 1.3677E-09
0.0000E+00 0.0000E+00 0.0000E+00 0.0000E+00 0.0000E+00 0.0000E+00 0.0000E+00 0.0000E+00 0.0000E+00 0.0000E+00 0.0000E+00 0.0000E+00 0.0000E+00 0.0000E+00 0.0000E+00 0.0000E+00 2.7577E-13 1.3223E-12 3.7180E-12 5.6740E-12 1.0159E-11 1.4403E-11 2.0130E-11 2.7511E-11 3.6985E-11 4.8661E-11 6.2133E-11 7.0816E-11 8.7328E-11 1.0076E-10 1.2217E-10 1.3983E-10 1.7423E-10 2.0450E-10 2.3303E-10 2.6240E-10 2.9098E-10 3.2812E-10 3.6267E-10 4.0021E-10 4.3872E-10 4.8400E-10 5.2861E-10 5.7358E-10 6.2090E-10 6.6865E-10 7.1633E-10 7.6447E-10 8.1868E-10 8.8177E-10 9.4886E-10 1.0311E-09 1.1110E-09 1.1992E-09 1.3182E-09 1.4218E-09 1.5202E-09
0.0000E+00 0.0000E+00 0.0000E+00 0.0000E+00 0.0000E+00 0.0000E+00 0.0000E+00 0.0000E+00 0.0000E+00 0.0000E+00 0.0000E+00 0.0000E+00 0.0000E+00 0.0000E+00 0.0000E+00 0.0000E+00 1.2670E-12 2.5481E-12 5.4927E-12 9.3882E-12 1.4104E-11 1.9979E-11 2.8642E-11 3.7372E-11 4.8685E-11 6.2651E-11 7.4430E-11 9.0688E-11 1.1051E-10 1.2721E-10 1.5182E-10 1.8020E-10 2.1104E-10 2.4374E-10 2.8130E-10 3.1268E-10 3.4752E-10 3.8369E-10 4.2321E-10 4.6526E-10 5.0906E-10 5.6424E-10 6.1591E-10 6.6533E-10 7.1935E-10 7.7343E-10 8.2666E-10 8.7979E-10 9.3879E-10 1.0067E-09 1.0786E-09 1.1646E-09 1.2491E-09 1.3557E-09 1.4692E-09 1.5757E-09 1.6798E-09
0.0000E+00 0.0000E+00 0.0000E+00 0.0000E+00 0.0000E+00 0.0000E+00 0.0000E+00 0.0000E+00 0.0000E+00 0.0000E+00 0.0000E+00 0.0000E+00 0.0000E+00 0.0000E+00 0.0000E+00 9.7388E-13 1.5613E-12 5.2764E-12 8.1043E-12 1.3700E-11 1.9019E-11 2.9013E-11 3.7706E-11 4.8343E-11 6.2642E-11 7.8251E-11 9.7744E-11 1.1339E-10 1.3665E-10 1.5722E-10 1.8249E-10 2.1577E-10 2.5860E-10 2.9551E-10 3.2992E-10 3.6659E-10 4.0557E-10 4.4737E-10 4.9246E-10 5.4016E-10 5.9397E-10 6.5792E-10 7.1541E-10 7.7247E-10 8.3328E-10 8.9408E-10 9.5378E-10 1.0156E-09 1.0793E-09 1.1544E-09 1.2331E-09 1.3257E-09 1.4167E-09 1.5334E-09 1.6461E-09 1.7535E-09 1.8595E-09
0.0000E+00 0.0000E+00 0.0000E+00 0.0000E+00 0.0000E+00 0.0000E+00 0.0000E+00 0.0000E+00 0.0000E+00 0.0000E+00 0.0000E+00 0.0000E+00 0.0000E+00 0.0000E+00 3.7169E-13 1.3326E-12 4.8685E-12 6.6569E-12 1.2685E-11 1.7505E-11 2.8384E-11 3.7252E-11 4.9036E-11 6.2529E-11 8.1610E-11 9.9573E-11 1.1531E-10 1.3959E-10 1.6102E-10 1.8688E-10 2.2539E-10 2.6639E-10 3.0703E-10 3.4481E-10 3.8480E-10 4.2780E-10 4.7372E-10 5.2243E-10 5.7378E-10 6.2793E-10 6.9313E-10 7.6365E-10 8.2905E-10 8.9401E-10 9.6221E-10 1.0295E-09 1.0976E-09 1.1627E-09 1.2316E-09 1.3123E-09 1.3967E-09 1.4947E-09 1.5921E-09 1.7213E-09 1.8342E-09 1.9483E-09 2.0617E-09
0.0000E+00 0.0000E+00 0.0000E+00 0.0000E+00 0.0000E+00 0.0000E+00 0.0000E+00 0.0000E+00 0.0000E+00 0.0000E+00 0.0000E+00 0.0000E+00 0.0000E+00 0.0000E+00 1.2538E-12 3.2388E-12 5.6039E-12 1.1311E-11 1.5660E-11 2.6984E-11 3.6160E-11 4.9004E-11 6.1961E-11 8.0745E-11 9.9916E-11 1.1781E-10 1.4066E-10 1.6304E-10 1.9568E-10 2.2701E-10 2.7028E-10 3.1572E-10 3.5630E-10 4.0134E-10 4.4974E-10 4.9970E-10 5.5252E-10 6.0827E-10 6.6677E-10 7.3277E-10 8.0884E-10 8.8593E-10 9.5990E-10 1.0357E-09 1.1102E-09 1.1866E-09 1.2631E-09 1.3364E-09 1.4126E-09 1.5002E-09 1.5897E-09 1.6917E-09 1.7922E-09 1.9266E-09 2.0409E-09 2.1593E-09 2.2762E-09
0.0000E+00 0.0000E+00 0.0000E+00 0.0000E+00 0.0000E+00 0.0000E+00 0.0000E+00 0.0000E+00 0.0000E+00 0.0000E+00 0.0000E+00 0.0000E+00 0.0000E+00 6.8616E-13 1.5925E-12 5.2582E-12 9.4170E-12 1.4117E-11 2.4214E-11 3.4564E-11 4.7724E-11 6.0447E-11 8.0161E-11 9.9344E-11 1.2075E-10 1.4038E-10 1.6363E-10 1.9799E-10 2.3455E-10 2.6967E-10 3.1668E-10 3.6777E-10 4.1739E-10 4.6851E-10 5.2317E-10 5.8115E-10 6.4300E-10 7.0764E-10 7.7519E-10 8.5581E-10 9.3904E-10 1.0244E-09 1.1072E-09 1.1927E-09 1.2765E-09 1.3608E-09 1.4445E-09 1.5243E-09 1.6068E-09 1.7009E-09 1.7984E-09 1.9076E-09 2.0271E-09 2.1614E-09 2.2805E-09 2.3975E-09 2.5160E-09
0.0000E+00 0.0000E+00 0.0000E+00 0.0000E+00 0.0000E+00 0.0000E+00 0.0000E+00 0.0000E+00 0.0000E+00 0.0000E+00 0.0000E+00 0.0000E+00 4.4644E-14 1.2809E-12 4.4388E-12 7.1382E-12 1.3248E-11 2.1079E-11 3.2685E-11 4.5221E-11 5.8512E-11 7.8992E-11 9.7645E-11 1.1931E-10 1.3934E-10 1.6508E-10 1.9938E-10 2.3555E-10 2.7202E-10 3.1931E-10 3.7845E-10 4.2830E-10 4.8229E-10 5.4372E-10 6.0901E-10 6.7633E-10 7.4719E-10 8.2140E-10 9.0080E-10 9.9641E-10 1.0858E-09 1.1811E-09 1.2762E-09 1.3689E-09 1.4617E-09 1.5558E-09 1.6486E-09 1.7353E-09 1.8243E-09 1.9245E-09 2.0275E-09 2.1421E-09 2.2775E-09 2.4079E-09 2.5307E-09 2.6548E-09 2.7792E-09
0.0000E+00 0.0000E+00 0.0000E+00 0.0000E+00 0.0000E+00 0.0000E+00 0.0000E+00 0.0000E+00 0.0000E+00 0.0000E+00 0.0000E+00 0.0000E+00 8.0208E-13 2.3852E-12 5.4215E-12 1.1291E-11 1.7283E-11 3.1050E-11 4.1340E-11 5.5876E-11 7.6032E-11 9.4735E-11 1.1722E-10 1.3740E-10 1.6698E-10 1.9977E-10 2.3334E-10 2.7230E-10 3.2122E-10 3.7724E-10 4.3380E-10 4.9672E-10 5.6325E-10 6.3213E-10 7.0582E-10 7.8346E-10 8.6524E-10 9.5016E-10 1.0501E-09 1.1512E-09 1.2500E-09 1.3557E-09 1.4627E-09 1.5653E-09 1.6691E-09 1.7740E-09 1.8759E-09 1.9721E-09 2.0701E-09 2.1791E-09 2.2904E-09 2.4105E-09 2.5539E-09 2.6832E-09 2.8079E-09 2.9338E-09 3.0597E-09
0.0000E+00 0.0000E+00 0.0000E+00 0.0000E+00 0.0000E+00 0.0000E+00 0.0000E+00 0.0000E+00 0.0000E+00 0.0000E+00 0.0000E+00 9.1271E-14 1.2850E-12 4.8543E-12 8.3162E-12 1.4118E-11 2.7185E-11 3.7108E-11 5.3014E-11 7.1102E-11 9.1205E-11 1.1401E-10 1.3355E-10 1.6336E-10 1.9547E-10 2.2984E-10 2.7333E-10 3.2133E-10 3.6895E-10 4.4319E-10 5.0870E-10 5.7624E-10 6.4900E-10 7.2923E-10 8.1540E-10 9.0499E-10 9.9934E-10 1.1005E-09 1.2176E-09 1.3287E-09 1.4397E-09 1.5578E-09 1.6722E-09 1.7876E-09 1.9015E-09 2.0157E-09 2.1266E-09 2.2313E-09 2.3418E-09 2.4530E-09 2.5715E-09 2.6965E-09 2.8559E-09 2.9885E-09 3.1166E-09 3.2414E-09 3.3682E-09
