Assets/Resources/2015_m01_d14_0000(utc+0800)_l00_csi_1hr_conc.grd
DSAA
         159         159
     -79.000      79.000
     -79.000      79.000
  0.0000E+00  0.3014E-04
[rows 0 to 24 of 159, columns 0 to 56 of 159]
7.0844E-10 7.1354E-10 7.2660E-10 7.3055E-10 7.3379E-10 7.4531E-10 7.5581E-10 7.5719E-10 7.5780E-10 7.5765E-10 7.5673E-10 7.6397E-10 7.6162E-10 7.5850E-10 7.5461E-10 7.4996E-10 7.5325E-10 7.4719E-10 7.4040E-10 7.3290E-10 7.2470E-10 7.1582E-10 7.0623E-10 6.9589E-10 6.8494E-10 6.7304E-10 6.6052E-10 6.3844E-10 6.1517E-10 6.0018E-10 5.7523E-10 5.5869E-10 5.4134E-10 5.2327E-10 4.8742E-10 4.6834E-10 4.4864E-10 4.2865E-10 3.9154E-10 3.7121E-10 3.5081E-10 3.2228E-10 3.0184E-10 2.7355E-10 2.4490E-10 2.1640E-10 1.7749E-10 1.3270E-10 1.0359E-10 8.9075E-11 4.9360E-11 3.3075E-11 2.3301E-11 5.2263E-12 2.0967E-12 0.0000E+00 0.0000E+00
7.5250E-10 7.6705E-10 7.7219E-10 7.8520E-10 7.8906E-10 7.9215E-10 8.0335E-10 8.0503E-10 8.0590E-10 8.0595E-10 8.1391E-10 8.2176E-10 8.1957E-10 8.1654E-10 8.1267E-10 8.0798E-10 8.0248E-10 8.0525E-10 7.9822E-10 7.9041E-10 7.8182E-10 7.7243E-10 7.6224E-10 7.5140E-10 7.3942E-10 7.1758E-10 7.0428E-10 6.8027E-10 6.6494E-10 6.4847E-10 6.3111E-10 6.1287E-10 5.9382E-10 5.5648E-10 5.2720E-10 5.0640E-10 4.8516E-10 4.5471E-10 4.2436E-10 4.0241E-10 3.7174E-10 3.4139E-10 3.1953E-10 2.8983E-10 2.6860E-10 2.3656E-10 2.0174E-10 1.7548E-10 1.2170E-10 9.3898E-11 8.3635E-11 4.3658E-11 2.8921E-11 1.7089E-11 2.0445E-12 0.0000E+00 0.0000E+00
8.0794E-10 8.1454E-10 8.2028E-10 8.3424E-10 8.3862E-10 8.4218E-10 8.6294E-10 8.6518E-10 8.6655E-10 8.6703E-10 8.7573E-10 8.7482E-10 8.7298E-10 8.7022E-10 8.6653E-10 8.6193E-10 8.5643E-10 8.5008E-10 8.4284E-10 8.3473E-10 8.2575E-10 8.1587E-10 8.0529E-10 7.9339E-10 7.8059E-10 7.6701E-10 7.5210E-10 7.3604E-10 7.1905E-10 7.0105E-10 6.8218E-10 6.6236E-10 6.2340E-10 6.0203E-10 5.7997E-10 5.5728E-10 5.2495E-10 4.8382E-10 4.6029E-10 4.2757E-10 3.9504E-10 3.7129E-10 3.3917E-10 3.0759E-10 2.8478E-10 2.5244E-10 2.2865E-10 1.8642E-10 1.6745E-10 1.1547E-10 9.4002E-11 6.7507E-11 3.7971E-11 2.8119E-11 1.4498E-11 1.6597E-12 0.0000E+00
8.5718E-10 8.6438E-10 8.7078E-10 8.9450E-10 8.9968E-10 9.0398E-10 9.1667E-10 9.1971E-10 9.2180E-10 9.2292E-10 9.2308E-10 9.2213E-10 9.2013E-10 9.1718E-10 9.2249E-10 9.1775E-10 9.1216E-10 9.0571E-10 8.9830E-10 8.8998E-10 8.8066E-10 8.7036E-10 8.5907E-10 8.4657E-10 8.3322E-10 8.1847E-10 8.0261E-10 7.8582E-10 7.6761E-10 7.4834E-10 7.1856E-10 6.9690E-10 6.7412E-10 6.5069E-10 6.2680E-10 5.9277E-10 5.5873E-10 5.3337E-10 5.0742E-10 4.6330E-10 4.2878E-10 4.0306E-10 3.6870E-10 3.3505E-10 3.0196E-10 2.6921E-10 2.3399E-10 2.1109E-10 1.8265E-10 1.5156E-10 1.0310E-10 8.3054E-11 5.8730E-11 3.0412E-11 2.0880E-11 8.4408E-12 0.0000E+00
9.1669E-10 9.2512E-10 9.3269E-10 9.4867E-10 9.5492E-10 9.6022E-10 9.6455E-10 9.6763E-10 9.6971E-10 9.7998E-10 9.8044E-10 9.7996E-10 9.7843E-10 9.7586E-10 9.7228E-10 9.6771E-10 9.6207E-10 9.5538E-10 9.4771E-10 9.3899E-10 9.2925E-10 9.1856E-10 9.0654E-10 8.9345E-10 8.7942E-10 8.6374E-10 8.4707E-10 8.2873E-10 8.0912E-10 7.8830E-10 7.6620E-10 7.4292E-10 7.1890E-10 6.9405E-10 6.6806E-10 6.3181E-10 6.0420E-10 5.7654E-10 5.3918E-10 5.0210E-10 4.7399E-10 4.2773E-10 3.9144E-10 3.6438E-10 3.2912E-10 2.9481E-10 2.4992E-10 2.2442E-10 1.9342E-10 1.7211E-10 1.3526E-10 9.0564E-11 7.2111E-11 5.0110E-11 2.5457E-11 1.4076E-11 3.6369E-12
9.7066E-10 9.8042E-10 9.8918E-10 9.9683E-10 1.0032E-09 1.0086E-09 1.0225E-09 1.0265E-09 1.0295E-09 1.0313E-09 1.0320E-09 1.0315E-09 1.0298E-09 1.0271E-09 1.0235E-09 1.0189E-09 1.0133E-09 1.0067E-09 9.9891E-10 9.9003E-10 9.8014E-10 9.6876E-10 9.5621E-10 9.4275E-10 9.2739E-10 9.1072E-10 8.9278E-10 8.7327E-10 8.5240E-10 8.3017E-10 8.0680E-10 7.8248E-10 7.5697E-10 7.3020E-10 7.0231E-10 6.7339E-10 6.4409E-10 6.1423E-10 5.7404E-10 5.4321E-10 5.0332E-10 4.6402E-10 4.3417E-10 3.9557E-10 3.5799E-10 3.1263E-10 2.8401E-10 2.3852E-10 2.0445E-10 1.7476E-10 1.5363E-10 1.1874E-10 8.3213E-11 6.1381E-11 3.7847E-11 1.6118E-11 9.9105E-12
1.0187E-09 1.0288E-09 1.0379E-09 1.0556E-09 1.0634E-09 1.0700E-09 1.0756E-09 1.0798E-09 1.0828E-09 1.0847E-09 1.0858E-09 1.0858E-09 1.0848E-09 1.0826E-09 1.0792E-09 1.0748E-09 1.0691E-09 1.0621E-09 1.0541E-09 1.0451E-09 1.0345E-09 1.0227E-09 1.0098E-09 9.9526E-10 9.7915E-10 9.6176E-10 9.4264E-10 9.2208E-10 9.0009E-10 8.7673E-10 8.5204E-10 8.2592E-10 7.9840E-10 7.6973E-10 7.3985E-10 7.0931E-10 6.7824E-10 6.4600E-10 6.1288E-10 5.8007E-10 5.4675E-10 5.0378E-10 4.6202E-10 4.2110E-10 3.8998E-10 3.4153E-10 3.1186E-10 2.6204E-10 2.2606E-10 1.9312E-10 1.6261E-10 1.3460E-10 1.0230E-10 7.4282E-11 4.7892E-11 2.4727E-11 9.9319E-12
1.0669E-09 1.0876E-09 1.0984E-09 1.1079E-09 1.1159E-09 1.1227E-09 1.1286E-09 1.1336E-09 1.1374E-09 1.1401E-09 1.1414E-09 1.1415E-09 1.1404E-09 1.1382E-09 1.1350E-09 1.1305E-09 1.1248E-09 1.1179E-09 1.1097E-09 1.1003E-09 1.0895E-09 1.0775E-09 1.0638E-09 1.0484E-09 1.0317E-09 1.0131E-09 9.9287E-10 9.7111E-10 9.4782E-10 9.2302E-10 8.9675E-10 8.6912E-10 8.4019E-10 8.0993E-10 7.7856E-10 7.4625E-10 7.1271E-10 6.7810E-10 6.4311E-10 6.0840E-10 5.7257E-10 5.3679E-10 5.0176E-10 4.5668E-10 4.1360E-10 3.7171E-10 3.3086E-10 2.8869E-10 2.4843E-10 2.1244E-10 1.7220E-10 1.4269E-10 1.1582E-10 8.4553E-11 5.2864E-11 3.3123E-11 1.3849E-11
1.1277E-09 1.1402E-09 1.1511E-09 1.1609E-09 1.1699E-09 1.1778E-09 1.1845E-09 1.1898E-09 1.1937E-09 1.1965E-09 1.1982E-09 1.1986E-09 1.1980E-09 1.1963E-09 1.1931E-09 1.1888E-09 1.1833E-09 1.1763E-09 1.1682E-09 1.1586E-09 1.1475E-09 1.1351E-09 1.1207E-09 1.1049E-09 1.0869E-09 1.0673E-09 1.0460E-09 1.0230E-09 9.9833E-10 9.7202E-10 9.4413E-10 9.1472E-10 8.8381E-10 8.5160E-10 8.1823E-10 7.8373E-10 7.4826E-10 7.1208E-10 6.7543E-10 6.3793E-10 5.9973E-10 5.6210E-10 5.2421E-10 4.8598E-10 4.4934E-10 4.0327E-10 3.5953E-10 3.1608E-10 2.7196E-10 2.3328E-10 1.8973E-10 1.5112E-10 1.2244E-10 9.5704E-11 6.3075E-11 3.5865E-11 1.3184E-11
1.1802E-09 1.1930E-09 1.2049E-09 1.2160E-09 1.2258E-09 1.2342E-09 1.2411E-09 1.2468E-09 1.2514E-09 1.2548E-09 1.2569E-09 1.2581E-09 1.2580E-09 1.2564E-09 1.2538E-09 1.2497E-09 1.2443E-09 1.2377E-09 1.2295E-09 1.2198E-09 1.2089E-09 1.1959E-09 1.1810E-09 1.1644E-09 1.1458E-09 1.1253E-09 1.1029E-09 1.0786E-09 1.0525E-09 1.0246E-09 9.9490E-10 9.6352E-10 9.3057E-10 8.9619E-10 8.6041E-10 8.2344E-10 7.8550E-10 7.4703E-10 7.0778E-10 6.6816E-10 6.2843E-10 5.8833E-10 5.4789E-10 5.0744E-10 4.6765E-10 4.2815E-10 3.9064E-10 3.4470E-10 2.9833E-10 2.4697E-10 2.0889E-10 1.7488E-10 1.4330E-10 1.0365E-10 6.9011E-11 4.1210E-11 1.4652E-11
1.2340E-09 1.2481E-09 1.2609E-09 1.2726E-09 1.2829E-09 1.2918E-09 1.2994E-09 1.3060E-09 1.3112E-09 1.3153E-09 1.3184E-09 1.3201E-09 1.3204E-09 1.3196E-09 1.3173E-09 1.3137E-09 1.3092E-09 1.3028E-09 1.2949E-09 1.2855E-09 1.2741E-09 1.2605E-09 1.2452E-09 1.2277E-09 1.2082E-09 1.1865E-09 1.1629E-09 1.1372E-09 1.1096E-09 1.0799E-09 1.0484E-09 1.0151E-09 9.8006E-10 9.4345E-10 9.0544E-10 8.6620E-10 8.2591E-10 7.8476E-10 7.4273E-10 7.0025E-10 6.5721E-10 6.1446E-10 5.7190E-10 5.2943E-10 4.8730E-10 4.4484E-10 4.0394E-10 3.6496E-10 3.2531E-10 2.6936E-10 2.2715E-10 1.9167E-10 1.4960E-10 1.1458E-10 7.9090E-11 5.1098E-11 1.3689E-11
1.2895E-09 1.3044E-09 1.3179E-09 1.3300E-09 1.3408E-09 1.3505E-09 1.3590E-09 1.3662E-09 1.3723E-09 1.3775E-09 1.3811E-09 1.3835E-09 1.3849E-09 1.3847E-09 1.3832E-09 1.3804E-09 1.3760E-09 1.3697E-09 1.3620E-09 1.3524E-09 1.3404E-09 1.3268E-09 1.3108E-09 1.2925E-09 1.2721E-09 1.2495E-09 1.2247E-09 1.1976E-09 1.1683E-09 1.1369E-09 1.1033E-09 1.0679E-09 1.0305E-09 9.9143E-10 9.5084E-10 9.0893E-10 8.6601E-10 8.2211E-10 7.7743E-10 7.3220E-10 6.8681E-10 6.4110E-10 5.9528E-10 5.4998E-10 5.0510E-10 4.6111E-10 4.1808E-10 3.7572E-10 3.3525E-10 2.9358E-10 2.4952E-10 2.0870E-10 1.6446E-10 1.2810E-10 9.0235E-11 4.3912E-11 2.5270E-11
1.3461E-09 1.3615E-09 1.3756E-09 1.3885E-09 1.4006E-09 1.4116E-09 1.4211E-09 1.4297E-09 1.4371E-09 1.4431E-09 1.4481E-09 1.4517E-09 1.4537E-09 1.4543E-09 1.4536E-09 1.4513E-09 1.4473E-09 1.4416E-09 1.4344E-09 1.4248E-09 1.4136E-09 1.3997E-09 1.3833E-09 1.3647E-09 1.3435E-09 1.3197E-09 1.2935E-09 1.2649E-09 1.2339E-09 1.2005E-09 1.1649E-09 1.1271E-09 1.0873E-09 1.0457E-09 1.0023E-09 9.5755E-10 9.1140E-10 8.6405E-10 8.1583E-10 7.6723E-10 7.1813E-10 6.6918E-10 6.2066E-10 5.7238E-10 5.2490E-10 4.7855E-10 4.3281E-10 3.8843E-10 3.4605E-10 3.0217E-10 2.6256E-10 2.2728E-10 1.7420E-10 1.2949E-10 9.7589E-11 5.7257E-11 2.9462E-11
1.4034E-09 1.4197E-09 1.4350E-09 1.4495E-09 1.4626E-09 1.4743E-09 1.4853E-09 1.4953E-09 1.5037E-09 1.5113E-09 1.5170E-09 1.5212E-09 1.5244E-09 1.5261E-09 1.5263E-09 1.5252E-09 1.5224E-09 1.5177E-09 1.5108E-09 1.5015E-09 1.4896E-09 1.4750E-09 1.4580E-09 1.4383E-09 1.4158E-09 1.3909E-09 1.3633E-09 1.3329E-09 1.3000E-09 1.2646E-09 1.2267E-09 1.1865E-09 1.1441E-09 1.0998E-09 1.0538E-09 1.0060E-09 9.5690E-10 9.0667E-10 8.5543E-10 8.0356E-10 7.5108E-10 6.9842E-10 6.4577E-10 5.9403E-10 5.4323E-10 4.9402E-10 4.4647E-10 4.0069E-10 3.5600E-10 3.1201E-10 2.6896E-10 2.2899E-10 1.9051E-10 1.4394E-10 9.8897E-11 5.9147E-11 4.3976E-11
1.4620E-09 1.4797E-09 1.4966E-09 1.5118E-09 1.5261E-09 1.5400E-09 1.5524E-09 1.5634E-09 1.5733E-09 1.5816E-09 1.5885E-09 1.5944E-09 1.5993E-09 1.6027E-09 1.6046E-09 1.6044E-09 1.6020E-09 1.5974E-09 1.5906E-09 1.5812E-09 1.5689E-09 1.5541E-09 1.5364E-09 1.5160E-09 1.4928E-09 1.4668E-09 1.4378E-09 1.4058E-09 1.3711E-09 1.3335E-09 1.2932E-09 1.2503E-09 1.2050E-09 1.1576E-09 1.1081E-09 1.0571E-09 1.0044E-09 9.5029E-10 8.9556E-10 8.4010E-10 7.8408E-10 7.2821E-10 6.7269E-10 6.1768E-10 5.6358E-10 5.1077E-10 4.5996E-10 4.1137E-10 3.6568E-10 3.2220E-10 2.7603E-10 2.3416E-10 1.9349E-10 1.5890E-10 1.0492E-10 7.1746E-11 4.4844E-11
1.5224E-09 1.5415E-09 1.5591E-09 1.5766E-09 1.5931E-09 1.6079E-09 1.6216E-09 1.6342E-09 1.6452E-09 1.6554E-09 1.6649E-09 1.6729E-09 1.6791E-09 1.6837E-09 1.6862E-09 1.6867E-09 1.6854E-09 1.6815E-09 1.6750E-09 1.6660E-09 1.6543E-09 1.6393E-09 1.6215E-09 1.6008E-09 1.5767E-09 1.5492E-09 1.5186E-09 1.4848E-09 1.4479E-09 1.4079E-09 1.3650E-09 1.3194E-09 1.2713E-09 1.2206E-09 1.1679E-09 1.1133E-09 1.0566E-09 9.9868E-10 9.3957E-10 8.7917E-10 8.1893E-10 7.5891E-10 6.9919E-10 6.4090E-10 5.8380E-10 5.2835E-10 4.7499E-10 4.2358E-10 3.7503E-10 3.2940E-10 2.8327E-10 2.3462E-10 1.9288E-10 1.5469E-10 1.1115E-10 8.4006E-11 5.6162E-11
1.5841E-09 1.6046E-09 1.6250E-09 1.6441E-09 1.6615E-09 1.6783E-09 1.6937E-09 1.7080E-09 1.7221E-09 1.7347E-09 1.7455E-09 1.7548E-09 1.7626E-09 1.7685E-09 1.7723E-09 1.7748E-09 1.7747E-09 1.7717E-09 1.7664E-09 1.7576E-09 1.7455E-09 1.7302E-09 1.7118E-09 1.6897E-09 1.6641E-09 1.6352E-09 1.6028E-09 1.5669E-09 1.5276E-09 1.4850E-09 1.4393E-09 1.3908E-09 1.3393E-09 1.2852E-09 1.2290E-09 1.1703E-09 1.1101E-09 1.0484E-09 9.8520E-10 9.2162E-10 8.5756E-10 7.9319E-10 7.2934E-10 6.6611E-10 6.0469E-10 5.4554E-10 4.8923E-10 4.3573E-10 3.8528E-10 3.3763E-10 2.8885E-10 2.4013E-10 1.9768E-10 1.5491E-10 1.0846E-10 9.0875E-11 6.6911E-11
1.6477E-09 1.6710E-09 1.6926E-09 1.7129E-09 1.7329E-09 1.7517E-09 1.7697E-09 1.7872E-09 1.8028E-09 1.8168E-09 1.8298E-09 1.8412E-09 1.8509E-09 1.8592E-09 1.8656E-09 1.8693E-09 1.8699E-09 1.8678E-09 1.8623E-09 1.8533E-09 1.8412E-09 1.8256E-09 1.8064E-09 1.7835E-09 1.7570E-09 1.7267E-09 1.6925E-09 1.6546E-09 1.6130E-09 1.5678E-09 1.5192E-09 1.4674E-09 1.4124E-09 1.3547E-09 1.2940E-09 1.2313E-09 1.1666E-09 1.1000E-09 1.0324E-09 9.6401E-10 8.9540E-10 8.2732E-10 7.5969E-10 6.9337E-10 6.2892E-10 5.6595E-10 5.0529E-10 4.4808E-10 3.9459E-10 3.4522E-10 2.9767E-10 2.4324E-10 1.9808E-10 1.4331E-10 1.1465E-10 8.9546E-11 6.9724E-11
1.7141E-09 1.7386E-09 1.7621E-09 1.7853E-09 1.8078E-09 1.8295E-09 1.8499E-09 1.8691E-09 1.8869E-09 1.9037E-09 1.9196E-09 1.9336E-09 1.9462E-09 1.9565E-09 1.9638E-09 1.9683E-09 1.9701E-09 1.9682E-09 1.9632E-09 1.9551E-09 1.9433E-09 1.9275E-09 1.9079E-09 1.8844E-09 1.8566E-09 1.8246E-09 1.7886E-09 1.7486E-09 1.7044E-09 1.6564E-09 1.6047E-09 1.5493E-09 1.4908E-09 1.4288E-09 1.3642E-09 1.2970E-09 1.2274E-09 1.1562E-09 1.0837E-09 1.0103E-09 9.3686E-10 8.6334E-10 7.9095E-10 7.2011E-10 6.5158E-10 5.8571E-10 5.2285E-10 4.6326E-10 4.0643E-10 3.5337E-10 2.9646E-10 2.4412E-10 2.0026E-10 1.4968E-10 1.2217E-10 9.4529E-11 7.3369E-11
1.7816E-09 1.8086E-09 1.8355E-09 1.8613E-09 1.8864E-09 1.9105E-09 1.9333E-09 1.9552E-09 1.9768E-09 1.9969E-09 2.0154E-09 2.0322E-09 2.0466E-09 2.0579E-09 2.0669E-09 2.0731E-09 2.0759E-09 2.0753E-09 2.0717E-09 2.0640E-09 2.0520E-09 2.0362E-09 2.0163E-09 1.9916E-09 1.9625E-09 1.9289E-09 1.8907E-09 1.8480E-09 1.8011E-09 1.7499E-09 1.6946E-09 1.6356E-09 1.5728E-09 1.5067E-09 1.4376E-09 1.3654E-09 1.2911E-09 1.2151E-09 1.1375E-09 1.0594E-09 9.8079E-10 9.0261E-10 8.2563E-10 7.4992E-10 6.7685E-10 6.0631E-10 5.3934E-10 4.7656E-10 4.1797E-10 3.6152E-10 3.0534E-10 2.5098E-10 1.9866E-10 1.4930E-10 1.2594E-10 1.0108E-10 7.8230E-11
1.8521E-09 1.8825E-09 1.9118E-09 1.9406E-09 1.9684E-09 1.9952E-09 2.0220E-09 2.0480E-09 2.0727E-09 2.0953E-09 2.1168E-09 2.1355E-09 2.1514E-09 2.1656E-09 2.1767E-09 2.1844E-09 2.1889E-09 2.1899E-09 2.1869E-09 2.1794E-09 2.1679E-09 2.1519E-09 2.1308E-09 2.1049E-09 2.0742E-09 2.0385E-09 1.9980E-09 1.9531E-09 1.9033E-09 1.8489E-09 1.7902E-09 1.7271E-09 1.6599E-09 1.5892E-09 1.5149E-09 1.4376E-09 1.3580E-09 1.2761E-09 1.1931E-09 1.1094E-09 1.0256E-09 9.4259E-10 8.6080E-10 7.8105E-10 7.0390E-10 6.2959E-10 5.5870E-10 4.9190E-10 4.2941E-10 3.6767E-10 3.0824E-10 2.5329E-10 1.8934E-10 1.5502E-10 1.2694E-10 1.0397E-10 8.2570E-11
1.9262E-09 1.9590E-09 1.9915E-09 2.0234E-09 2.0546E-09 2.0862E-09 2.1169E-09 2.1457E-09 2.1732E-09 2.1993E-09 2.2229E-09 2.2444E-09 2.2636E-09 2.2800E-09 2.2928E-09 2.3029E-09 2.3092E-09 2.3111E-09 2.3086E-09 2.3018E-09 2.2901E-09 2.2734E-09 2.2519E-09 2.2252E-09 2.1931E-09 2.1561E-09 2.1143E-09 2.0670E-09 2.0146E-09 1.9573E-09 1.8947E-09 1.8276E-09 1.7561E-09 1.6802E-09 1.6006E-09 1.5179E-09 1.4322E-09 1.3445E-09 1.2552E-09 1.1649E-09 1.0746E-09 9.8505E-10 8.9719E-10 8.1219E-10 7.3045E-10 6.5224E-10 5.7812E-10 5.0856E-10 4.4100E-10 3.7418E-10 3.1442E-10 2.5793E-10 1.9669E-10 1.6229E-10 1.3286E-10 1.0876E-10 8.6368E-11
2.0026E-09 2.0390E-09 2.0749E-09 2.1110E-09 2.1472E-09 2.1823E-09 2.2159E-09 2.2486E-09 2.2796E-09 2.3086E-09 2.3355E-09 2.3604E-09 2.3821E-09 2.4008E-09 2.4167E-09 2.4285E-09 2.4358E-09 2.4388E-09 2.4376E-09 2.4315E-09 2.4201E-09 2.4038E-09 2.3825E-09 2.3551E-09 2.3225E-09 2.2840E-09 2.2391E-09 2.1888E-09 2.1328E-09 2.0711E-09 2.0043E-09 1.9325E-09 1.8557E-09 1.7746E-09 1.6895E-09 1.6007E-09 1.5089E-09 1.4151E-09 1.3196E-09 1.2236E-09 1.1278E-09 1.0331E-09 9.4001E-10 8.4930E-10 7.6110E-10 6.7678E-10 5.9722E-10 5.2414E-10 4.5417E-10 3.8628E-10 3.2574E-10 2.5246E-10 1.9900E-10 1.6475E-10 1.3910E-10 1.1428E-10 9.2271E-11
2.0827E-09 2.1229E-09 2.1639E-09 2.2047E-09 2.2444E-09 2.2830E-09 2.3208E-09 2.3572E-09 2.3917E-09 2.4247E-09 2.4549E-09 2.4826E-09 2.5073E-09 2.5293E-09 2.5470E-09 2.5603E-09 2.5701E-09 2.5751E-09 2.5754E-09 2.5706E-09 2.5605E-09 2.5443E-09 2.5215E-09 2.4929E-09 2.4579E-09 2.4168E-09 2.3704E-09 2.3174E-09 2.2584E-09 2.1933E-09 2.1223E-09 2.0456E-09 1.9635E-09 1.8767E-09 1.7851E-09 1.6898E-09 1.5915E-09 1.4907E-09 1.3886E-09 1.2860E-09 1.1836E-09 1.0823E-09 9.8306E-10 8.8661E-10 7.9377E-10 7.0537E-10 6.2210E-10 5.4383E-10 4.6122E-10 3.8982E-10 3.2775E-10 2.5640E-10 2.1209E-10 1.7159E-10 1.4177E-10 1.1590E-10 9.7105E-11
2.1669E-09 2.2126E-09 2.2580E-09 2.3025E-09 2.3462E-09 2.3896E-09 2.4312E-09 2.4717E-09 2.5106E-09 2.5469E-09 2.5805E-09 2.6120E-09 2.6399E-09 2.6642E-09 2.6847E-09 2.7013E-09 2.7139E-09 2.7212E-09 2.7230E-09 2.7185E-09 2.7076E-09 2.6906E-09 2.6680E-09 2.6388E-09 2.6032E-09 2.5614E-09 2.5126E-09 2.4571E-09 2.3947E-09 2.3255E-09 2.2499E-09 2.1683E-09 2.0807E-09 1.9877E-09 1.8897E-09 1.7878E-09 1.6822E-09 1.5742E-09 1.4647E-09 1.3543E-09 1.2442E-09 1.1354E-09 1.0288E-09 9.2565E-10 8.2751E-10 7.3474E-10 6.4738E-10 5.6292E-10 4.8017E-10 4.0653E-10 3.3402E-10 2.6340E-10 2.2137E-10 1.8267E-10 1.5038E-10 1.2274E-10 1.0046E-10
