Assets/Resources/2015_m01_d19_2300(utc+0800)_l00_csi_1hr_conc.grd
DSAA
         159         159
     -79.000      79.000
     -79.000      79.000
  0.0000E+00  0.1252E-04
[rows 50 to 74 of 159, columns 57 to 113 of 159]
1.0213E-08 1.0320E-08 1.0421E-08 1.0525E-08 1.0634E-08 1.0751E-08 1.0863E-08 1.0978E-08 1.1097E-08 1.1224E-08 1.1345E-08 1.1462E-08 1.1579E-08 1.1701E-08 1.1819E-08 1.1971E-08 1.2057E-08 1.2123E-08 1.2229E-08 1.2287E-08 1.2358E-08 1.2415E-08 1.2458E-08 1.2489E-08 1.2507E-08 1.2499E-08 1.2461E-08 1.2401E-08 1.2301E-08 1.2174E-08 1.2021E-08 1.1841E-08 1.1635E-08 1.1414E-08 1.1169E-08 1.0891E-08 1.0614E-08 1.0293E-08 9.9500E-09 9.5886E-09 9.2138E-09 8.9463E-09 9.7683E-09 1.0672E-08 1.1025E-08 1.2662E-08 1.2999E-08 1.2881E-08 1.2718E-08 1.1371E-08 1.0107E-08 8.9476E-09 7.8976E-09 6.9499E-09 6.1042E-09 5.3565E-09 4.6923E-09
1.0326E-08 1.0440E-08 1.0551E-08 1.0665E-08 1.0790E-08 1.0912E-08 1.1036E-08 1.1162E-08 1.1301E-08 1.1439E-08 1.1572E-08 1.1706E-08 1.1846E-08 1.1988E-08 1.2160E-08 1.2297E-08 1.2363E-08 1.2487E-08 1.2582E-08 1.2680E-08 1.2769E-08 1.2847E-08 1.2920E-08 1.2984E-08 1.3032E-08 1.3042E-08 1.3024E-08 1.2972E-08 1.2890E-08 1.2778E-08 1.2638E-08 1.2474E-08 1.2294E-08 1.2081E-08 1.1848E-08 1.1575E-08 1.1275E-08 1.0950E-08 1.0630E-08 1.0259E-08 1.0009E-08 1.1051E-08 1.0723E-08 1.2699E-08 1.4708E-08 1.5061E-08 1.5089E-08 1.4975E-08 1.3463E-08 1.2016E-08 1.0654E-08 9.4051E-09 8.2875E-09 7.2789E-09 6.3837E-09 5.5886E-09 4.8898E-09
1.0429E-08 1.0550E-08 1.0671E-08 1.0799E-08 1.0932E-08 1.1062E-08 1.1194E-08 1.1337E-08 1.1489E-08 1.1635E-08 1.1784E-08 1.1937E-08 1.2101E-08 1.2253E-08 1.2454E-08 1.2580E-08 1.2688E-08 1.2840E-08 1.2946E-08 1.3063E-08 1.3173E-08 1.3281E-08 1.3390E-08 1.3479E-08 1.3562E-08 1.3577E-08 1.3583E-08 1.3554E-08 1.3494E-08 1.3401E-08 1.3293E-08 1.3157E-08 1.2996E-08 1.2790E-08 1.2582E-08 1.2320E-08 1.2027E-08 1.1706E-08 1.1358E-08 1.1146E-08 1.2449E-08 1.2075E-08 1.4573E-08 1.6992E-08 1.7443E-08 1.7593E-08 1.7545E-08 1.5873E-08 1.4243E-08 1.2685E-08 1.1227E-08 9.8841E-09 8.6964E-09 7.6254E-09 6.6672E-09 5.8304E-09 5.0932E-09
1.0518E-08 1.0648E-08 1.0780E-08 1.0921E-08 1.1060E-08 1.1199E-08 1.1342E-08 1.1499E-08 1.1655E-08 1.1814E-08 1.1976E-08 1.2156E-08 1.2328E-08 1.2547E-08 1.2728E-08 1.2836E-08 1.2997E-08 1.3177E-08 1.3297E-08 1.3435E-08 1.3572E-08 1.3719E-08 1.3855E-08 1.3967E-08 1.4077E-08 1.4112E-08 1.4145E-08 1.4143E-08 1.4110E-08 1.4061E-08 1.3989E-08 1.3878E-08 1.3745E-08 1.3563E-08 1.3349E-08 1.3133E-08 1.2855E-08 1.2544E-08 1.2383E-08 1.2284E-08 1.3607E-08 1.6618E-08 1.7724E-08 2.0100E-08 2.0399E-08 2.0440E-08 1.8609E-08 1.6810E-08 1.5072E-08 1.3382E-08 1.1823E-08 1.0379E-08 9.1208E-09 7.9915E-09 6.9776E-09 6.0889E-09 5.3019E-09
1.0593E-08 1.0733E-08 1.0878E-08 1.1029E-08 1.1174E-08 1.1321E-08 1.1479E-08 1.1643E-08 1.1806E-08 1.1973E-08 1.2156E-08 1.2347E-08 1.2535E-08 1.2777E-08 1.2949E-08 1.3101E-08 1.3287E-08 1.3494E-08 1.3632E-08 1.3795E-08 1.3971E-08 1.4149E-08 1.4302E-08 1.4438E-08 1.4553E-08 1.4644E-08 1.4707E-08 1.4739E-08 1.4760E-08 1.4750E-08 1.4716E-08 1.4634E-08 1.4550E-08 1.4397E-08 1.4215E-08 1.3995E-08 1.3737E-08 1.3651E-08 1.3406E-08 1.5250E-08 1.8834E-08 2.0153E-08 2.1133E-08 2.3505E-08 2.3694E-08 2.1743E-08 1.9782E-08 1.7823E-08 1.5938E-08 1.4120E-08 1.2447E-08 1.0906E-08 9.5693E-09 8.3594E-09 7.2997E-09 6.3619E-09 5.5378E-09
1.0654E-08 1.0803E-08 1.0961E-08 1.1118E-08 1.1273E-08 1.1431E-08 1.1601E-08 1.1770E-08 1.1939E-08 1.2119E-08 1.2317E-08 1.2515E-08 1.2764E-08 1.2987E-08 1.3132E-08 1.3343E-08 1.3576E-08 1.3752E-08 1.3944E-08 1.4149E-08 1.4359E-08 1.4552E-08 1.4730E-08 1.4930E-08 1.5044E-08 1.5168E-08 1.5267E-08 1.5359E-08 1.5428E-08 1.5461E-08 1.5476E-08 1.5440E-08 1.5369E-08 1.5262E-08 1.5117E-08 1.4933E-08 1.4938E-08 1.4729E-08 1.6966E-08 1.8971E-08 2.2789E-08 2.3934E-08 2.6909E-08 2.7274E-08 2.5227E-08 2.3138E-08 2.1047E-08 1.8939E-08 1.6905E-08 1.4956E-08 1.3124E-08 1.1479E-08 1.0047E-08 8.7674E-09 7.6286E-09 6.6394E-09 5.7768E-09
1.0700E-08 1.0860E-08 1.1028E-08 1.1190E-08 1.1353E-08 1.1525E-08 1.1704E-08 1.1878E-08 1.2056E-08 1.2249E-08 1.2455E-08 1.2659E-08 1.2932E-08 1.3113E-08 1.3324E-08 1.3554E-08 1.3818E-08 1.4010E-08 1.4239E-08 1.4488E-08 1.4712E-08 1.4931E-08 1.5140E-08 1.5385E-08 1.5520E-08 1.5682E-08 1.5841E-08 1.5991E-08 1.6114E-08 1.6195E-08 1.6241E-08 1.6257E-08 1.6239E-08 1.6184E-08 1.6090E-08 1.5969E-08 1.6074E-08 1.8740E-08 2.1080E-08 2.5506E-08 2.6955E-08 3.0524E-08 2.8865E-08 2.9074E-08 2.6909E-08 2.4659E-08 2.2411E-08 2.0178E-08 1.7988E-08 1.5864E-08 1.3887E-08 1.2105E-08 1.0588E-08 9.2241E-09 8.0190E-09 6.9304E-09 6.0267E-09
1.0729E-08 1.0900E-08 1.1074E-08 1.1243E-08 1.1416E-08 1.1600E-08 1.1784E-08 1.1967E-08 1.2155E-08 1.2364E-08 1.2570E-08 1.2837E-08 1.3075E-08 1.3243E-08 1.3485E-08 1.3735E-08 1.4039E-08 1.4238E-08 1.4516E-08 1.4784E-08 1.5033E-08 1.5284E-08 1.5527E-08 1.5760E-08 1.5977E-08 1.6198E-08 1.6426E-08 1.6633E-08 1.6791E-08 1.6922E-08 1.7029E-08 1.7132E-08 1.7155E-08 1.7167E-08 1.7147E-08 1.7387E-08 2.0268E-08 2.3201E-08 2.5512E-08 3.0174E-08 3.4236E-08 3.2614E-08 3.3151E-08 3.1012E-08 2.8734E-08 2.6350E-08 2.3953E-08 2.1570E-08 1.9185E-08 1.6892E-08 1.4743E-08 1.2823E-08 1.1169E-08 9.7183E-09 8.4319E-09 7.2968E-09 6.2892E-09
1.0741E-08 1.0921E-08 1.1100E-08 1.1277E-08 1.1460E-08 1.1654E-08 1.1843E-08 1.2034E-08 1.2237E-08 1.2453E-08 1.2666E-08 1.2948E-08 1.3138E-08 1.3364E-08 1.3619E-08 1.3906E-08 1.4153E-08 1.4446E-08 1.4753E-08 1.5039E-08 1.5319E-08 1.5605E-08 1.5913E-08 1.6155E-08 1.6422E-08 1.6721E-08 1.7003E-08 1.7243E-08 1.7461E-08 1.7660E-08 1.7837E-08 1.7991E-08 1.8119E-08 1.8219E-08 1.8616E-08 2.1912E-08 2.5307E-08 2.8001E-08 3.3431E-08 3.5205E-08 3.6595E-08 3.7478E-08 3.5460E-08 3.3222E-08 3.0798E-08 2.8278E-08 2.5727E-08 2.3141E-08 2.0569E-08 1.8049E-08 1.5707E-08 1.3607E-08 1.1839E-08 1.0238E-08 8.8536E-09 7.6583E-09 6.6067E-09
1.0735E-08 1.0922E-08 1.1106E-08 1.1290E-08 1.1483E-08 1.1682E-08 1.1877E-08 1.2077E-08 1.2296E-08 1.2516E-08 1.2790E-08 1.3037E-08 1.3209E-08 1.3461E-08 1.3725E-08 1.4041E-08 1.4291E-08 1.4620E-08 1.4942E-08 1.5251E-08 1.5569E-08 1.5885E-08 1.6275E-08 1.6517E-08 1.6866E-08 1.7223E-08 1.7536E-08 1.7841E-08 1.8128E-08 1.8403E-08 1.8663E-08 1.8907E-08 1.9133E-08 1.9691E-08 2.3427E-08 2.3984E-08 3.0484E-08 3.6555E-08 3.8634E-08 4.0555E-08 4.1898E-08 4.0062E-08 3.8032E-08 3.5727E-08 3.3197E-08 3.0532E-08 2.7785E-08 2.5006E-08 2.2224E-08 1.9388E-08 1.6792E-08 1.4483E-08 1.2559E-08 1.0856E-08 9.3223E-09 8.0131E-09 6.9063E-09
1.0709E-08 1.0901E-08 1.1090E-08 1.1281E-08 1.1484E-08 1.1686E-08 1.1888E-08 1.2099E-08 1.2328E-08 1.2553E-08 1.2843E-08 1.3041E-08 1.3272E-08 1.3532E-08 1.3804E-08 1.4135E-08 1.4406E-08 1.4755E-08 1.5084E-08 1.5426E-08 1.5770E-08 1.6125E-08 1.6549E-08 1.6862E-08 1.7286E-08 1.7672E-08 1.8046E-08 1.8421E-08 1.8785E-08 1.9147E-08 1.9546E-08 1.9852E-08 2.0538E-08 2.4688E-08 2.5420E-08 3.2676E-08 3.6249E-08 4.2053E-08 4.4525E-08 4.6304E-08 4.4769E-08 4.3002E-08 4.0993E-08 3.8688E-08 3.6014E-08 3.3223E-08 3.0345E-08 2.7208E-08 2.4139E-08 2.0974E-08 1.8110E-08 1.5482E-08 1.3343E-08 1.1482E-08 9.8520E-09 8.4115E-09 7.1803E-09
1.0662E-08 1.0858E-08 1.1052E-08 1.1251E-08 1.1460E-08 1.1665E-08 1.1873E-08 1.2095E-08 1.2330E-08 1.2610E-08 1.2866E-08 1.3050E-08 1.3307E-08 1.3575E-08 1.3855E-08 1.4200E-08 1.4493E-08 1.4840E-08 1.5192E-08 1.5551E-08 1.5929E-08 1.6312E-08 1.6715E-08 1.7179E-08 1.7640E-08 1.8079E-08 1.8525E-08 1.8975E-08 1.9425E-08 1.9884E-08 2.0435E-08 2.1169E-08 2.2029E-08 2.6602E-08 3.4628E-08 3.8457E-08 4.5075E-08 4.8144E-08 5.0484E-08 4.9342E-08 4.7969E-08 4.6448E-08 4.4708E-08 4.2547E-08 3.9806E-08 3.6891E-08 3.3824E-08 3.0287E-08 2.6717E-08 2.3071E-08 1.9724E-08 1.6797E-08 1.4557E-08 1.2467E-08 1.0525E-08 8.8519E-09 7.4925E-09
1.0593E-08 1.0793E-08 1.0991E-08 1.1197E-08 1.1410E-08 1.1619E-08 1.1833E-08 1.2065E-08 1.2302E-08 1.2593E-08 1.2803E-08 1.3045E-08 1.3311E-08 1.3587E-08 1.3903E-08 1.4190E-08 1.4545E-08 1.4895E-08 1.5257E-08 1.5639E-08 1.6036E-08 1.6542E-08 1.6918E-08 1.7442E-08 1.7935E-08 1.8441E-08 1.8960E-08 1.9494E-08 2.0039E-08 2.0605E-08 2.1541E-08 2.2381E-08 2.7483E-08 3.2588E-08 4.0308E-08 4.4583E-08 5.1286E-08 5.4245E-08 5.3604E-08 5.2772E-08 5.1860E-08 5.1082E-08 4.9896E-08 4.8051E-08 4.5440E-08 4.2154E-08 3.8563E-08 3.4473E-08 3.0165E-08 2.6115E-08 2.2606E-08 1.9513E-08 1.6488E-08 1.3778E-08 1.1451E-08 9.5126E-09 7.8724E-09
1.0503E-08 1.0705E-08 1.0907E-08 1.1118E-08 1.1335E-08 1.1547E-08 1.1767E-08 1.2006E-08 1.2288E-08 1.2546E-08 1.2743E-08 1.3006E-08 1.3279E-08 1.3564E-08 1.3892E-08 1.4195E-08 1.4555E-08 1.4911E-08 1.5288E-08 1.5681E-08 1.6102E-08 1.6647E-08 1.7078E-08 1.7625E-08 1.8174E-08 1.8746E-08 1.9343E-08 1.9965E-08 2.0615E-08 2.1347E-08 2.2522E-08 2.7973E-08 3.3013E-08 4.1662E-08 4.6355E-08 5.3801E-08 5.4367E-08 5.7303E-08 5.7125E-08 5.7059E-08 5.7429E-08 5.7440E-08 5.7106E-08 5.5921E-08 5.3797E-08 5.0278E-08 4.5978E-08 4.1432E-08 3.6814E-08 3.2333E-08 2.7628E-08 2.3186E-08 1.9133E-08 1.5479E-08 1.2584E-08 1.0296E-08 8.4416E-09
1.0390E-08 1.0594E-08 1.0799E-08 1.1016E-08 1.1233E-08 1.1449E-08 1.1674E-08 1.1918E-08 1.2204E-08 1.2407E-08 1.2665E-08 1.2933E-08 1.3213E-08 1.3504E-08 1.3865E-08 1.4166E-08 1.4525E-08 1.4893E-08 1.5278E-08 1.5686E-08 1.6118E-08 1.6603E-08 1.7182E-08 1.7749E-08 1.8352E-08 1.8987E-08 1.9664E-08 2.0379E-08 2.1156E-08 2.2569E-08 2.8048E-08 3.3293E-08 3.8934E-08 4.7519E-08 5.5527E-08 5.6332E-08 6.0172E-08 6.0664E-08 6.1535E-08 6.3780E-08 6.6235E-08 6.8767E-08 7.0758E-08 7.0764E-08 6.8663E-08 6.4603E-08 5.9361E-08 5.4163E-08 4.8625E-08 4.1955E-08 3.4951E-08 2.8290E-08 2.2563E-08 1.7828E-08 1.3982E-08 1.1152E-08 9.0389E-09
1.0254E-08 1.0460E-08 1.0667E-08 1.0888E-08 1.1107E-08 1.1324E-08 1.1554E-08 1.1836E-08 1.2090E-08 1.2293E-08 1.2555E-08 1.2827E-08 1.3111E-08 1.3407E-08 1.3727E-08 1.4094E-08 1.4456E-08 1.4832E-08 1.5228E-08 1.5645E-08 1.6091E-08 1.6616E-08 1.7210E-08 1.7812E-08 1.8461E-08 1.9162E-08 1.9914E-08 2.0734E-08 2.2025E-08 2.7383E-08 3.3135E-08 3.8868E-08 4.7978E-08 5.6395E-08 5.7559E-08 6.2009E-08 6.3107E-08 6.4737E-08 6.7400E-08 7.3624E-08 8.1545E-08 8.8672E-08 9.5060E-08 9.7607E-08 9.5931E-08 9.1475E-08 8.5433E-08 7.7136E-08 6.7222E-08 5.5788E-08 4.4889E-08 3.4969E-08 2.6872E-08 2.0715E-08 1.5896E-08 1.2170E-08 9.6354E-09
1.0096E-08 1.0304E-08 1.0512E-08 1.0735E-08 1.0954E-08 1.1173E-08 1.1406E-08 1.1690E-08 1.1896E-08 1.2149E-08 1.2412E-08 1.2686E-08 1.2972E-08 1.3272E-08 1.3603E-08 1.3976E-08 1.4342E-08 1.4727E-08 1.5132E-08 1.5560E-08 1.6074E-08 1.6580E-08 1.7179E-08 1.7811E-08 1.8505E-08 1.9260E-08 2.0095E-08 2.1399E-08 2.6757E-08 3.2487E-08 3.8412E-08 4.7743E-08 5.2564E-08 5.7832E-08 6.2728E-08 6.4298E-08 6.6361E-08 6.9898E-08 7.7692E-08 9.2799E-08 1.1092E-07 1.2979E-07 1.4302E-07 1.4983E-07 1.4960E-07 1.4186E-07 1.2872E-07 1.1119E-07 9.2841E-08 7.4109E-08 5.7371E-08 4.3346E-08 3.2203E-08 2.4015E-08 1.8033E-08 1.3530E-08 1.0276E-08
9.9160E-09 1.0125E-08 1.0333E-08 1.0558E-08 1.0777E-08 1.0996E-08 1.1258E-08 1.1515E-08 1.1720E-08 1.1973E-08 1.2236E-08 1.2511E-08 1.2798E-08 1.3099E-08 1.3438E-08 1.3813E-08 1.4183E-08 1.4575E-08 1.4988E-08 1.5424E-08 1.5929E-08 1.6487E-08 1.7090E-08 1.7748E-08 1.8477E-08 1.9288E-08 2.0570E-08 2.5894E-08 2.7674E-08 3.7467E-08 4.6864E-08 5.1696E-08 5.7197E-08 6.2335E-08 6.4244E-08 6.6491E-08 7.0322E-08 7.7058E-08 9.8183E-08 1.3270E-07 1.7245E-07 2.0995E-07 2.3849E-07 2.4934E-07 2.4219E-07 2.1958E-07 1.8906E-07 1.5538E-07 1.2419E-07 9.6265E-08 7.1762E-08 5.2972E-08 3.8469E-08 2.7753E-08 2.0290E-08 1.4930E-08 1.1013E-08
9.7149E-09 9.9237E-09 1.0132E-08 1.0357E-08 1.0575E-08 1.0793E-08 1.1056E-08 1.1272E-08 1.1515E-08 1.1767E-08 1.2029E-08 1.2303E-08 1.2589E-08 1.2890E-08 1.3233E-08 1.3607E-08 1.3980E-08 1.4375E-08 1.4793E-08 1.5236E-08 1.5728E-08 1.6328E-08 1.6941E-08 1.7619E-08 1.8381E-08 1.9602E-08 2.4805E-08 2.6417E-08 3.6149E-08 4.1505E-08 5.0212E-08 5.5757E-08 6.0953E-08 6.3033E-08 6.5416E-08 6.8655E-08 7.5417E-08 9.4157E-08 1.4483E-07 2.2129E-07 3.0777E-07 3.7231E-07 4.0794E-07 4.0498E-07 3.7023E-07 3.1602E-07 2.5803E-07 2.0494E-07 1.5799E-07 1.1959E-07 8.7147E-08 6.2995E-08 4.4908E-08 3.1688E-08 2.2514E-08 1.6243E-08 1.1778E-08
9.4935E-09 9.7016E-09 9.9089E-09 1.0133E-08 1.0349E-08 1.0566E-08 1.0828E-08 1.1042E-08 1.1282E-08 1.1531E-08 1.1791E-08 1.2063E-08 1.2347E-08 1.2645E-08 1.2990E-08 1.3361E-08 1.3733E-08 1.4128E-08 1.4548E-08 1.4994E-08 1.5497E-08 1.6107E-08 1.6728E-08 1.7425E-08 1.8559E-08 1.9693E-08 2.5081E-08 3.4427E-08 3.9523E-08 4.8213E-08 5.3671E-08 5.8786E-08 6.0865E-08 6.3271E-08 6.6114E-08 7.0882E-08 8.3171E-08 1.3509E-07 2.6426E-07 4.3042E-07 5.7417E-07 6.5006E-07 6.4461E-07 5.9040E-07 5.0498E-07 4.1062E-07 3.2425E-07 2.5322E-07 1.9050E-07 1.4121E-07 1.0169E-07 7.2184E-08 5.0685E-08 3.5216E-08 2.4477E-08 1.7336E-08 1.2397E-08
9.2526E-09 9.4593E-09 9.6650E-09 9.8870E-09 1.0102E-08 1.0316E-08 1.0547E-08 1.0786E-08 1.1023E-08 1.1269E-08 1.1525E-08 1.1792E-08 1.2072E-08 1.2365E-08 1.2709E-08 1.3075E-08 1.3443E-08 1.3836E-08 1.4254E-08 1.4699E-08 1.5208E-08 1.5823E-08 1.6451E-08 1.7489E-08 1.8441E-08 2.3642E-08 2.8731E-08 3.7402E-08 4.2948E-08 5.1131E-08 5.6035E-08 5.8002E-08 6.0279E-08 6.2964E-08 6.6228E-08 7.2824E-08 9.6420E-08 2.4212E-07 5.3395E-07 8.2787E-07 9.7389E-07 9.6719E-07 8.7995E-07 7.4776E-07 6.1234E-07 4.8563E-07 3.7569E-07 2.8808E-07 2.1649E-07 1.5809E-07 1.1266E-07 7.9092E-08 5.4895E-08 3.7741E-08 2.5868E-08 1.8042E-08 1.2767E-08
8.9934E-09 9.1983E-09 9.4017E-09 9.6206E-09 9.8326E-09 1.0044E-08 1.0272E-08 1.0506E-08 1.0739E-08 1.0980E-08 1.1230E-08 1.1492E-08 1.1766E-08 1.2054E-08 1.2392E-08 1.2751E-08 1.3114E-08 1.3501E-08 1.3913E-08 1.4353E-08 1.4863E-08 1.5477E-08 1.6134E-08 1.7236E-08 2.2174E-08 2.6814E-08 3.5207E-08 4.0343E-08 4.8160E-08 5.0080E-08 5.4710E-08 5.6756E-08 5.9148E-08 6.2017E-08 6.5619E-08 7.3484E-08 1.1944E-07 4.7190E-07 1.0018E-06 1.2915E-06 1.3293E-06 1.2103E-06 1.0266E-06 8.3841E-07 6.6353E-07 5.2194E-07 4.0266E-07 3.0612E-07 2.2926E-07 1.6626E-07 1.1785E-07 8.2309E-08 5.6746E-08 3.8797E-08 2.6403E-08 1.8240E-08 1.2814E-08
8.7173E-09 8.9199E-09 9.1205E-09 9.3354E-09 9.5443E-09 9.7518E-09 9.9744E-09 1.0204E-08 1.0431E-08 1.0667E-08 1.0911E-08 1.1166E-08 1.1433E-08 1.1713E-08 1.2042E-08 1.2393E-08 1.2747E-08 1.3125E-08 1.3529E-08 1.3961E-08 1.4466E-08 1.5085E-08 1.6064E-08 2.0383E-08 2.4950E-08 3.0016E-08 3.7762E-08 4.5006E-08 4.6685E-08 5.1166E-08 5.2963E-08 5.5021E-08 5.7453E-08 6.0393E-08 6.4145E-08 8.0823E-08 3.0019E-07 9.9846E-07 1.5010E-06 1.6212E-06 1.5018E-06 1.2663E-06 1.0252E-06 8.2466E-07 6.5002E-07 5.0974E-07 3.9683E-07 3.0162E-07 2.2583E-07 1.6377E-07 1.1611E-07 8.1068E-08 5.5816E-08 3.8130E-08 2.5921E-08 1.7849E-08 1.2503E-08
8.4264E-09 8.6259E-09 8.8231E-09 9.0331E-09 9.2383E-09 9.4412E-09 9.6579E-09 9.8823E-09 1.0103E-08 1.0332E-08 1.0569E-08 1.0816E-08 1.1074E-08 1.1344E-08 1.1661E-08 1.2003E-08 1.2346E-08 1.2713E-08 1.3105E-08 1.3527E-08 1.4026E-08 1.4955E-08 1.8888E-08 2.3103E-08 2.7777E-08 3.5063E-08 3.9020E-08 4.3263E-08 4.7423E-08 4.9086E-08 5.0823E-08 5.2817E-08 5.5201E-08 5.8095E-08 6.3841E-08 2.7323E-07 9.4164E-07 1.4424E-06 1.6582E-06 1.5947E-06 1.3364E-06 1.0722E-06 8.5969E-07 6.9988E-07 5.6519E-07 4.5249E-07 3.5856E-07 2.7582E-07 2.0714E-07 1.5105E-07 1.0768E-07 7.5526E-08 5.2198E-08 3.5813E-08 2.4451E-08 1.6881E-08 1.1855E-08
8.1225E-09 8.3185E-09 8.5113E-09 8.7153E-09 8.9166E-09 9.1145E-09 9.3240E-09 9.5425E-09 9.7570E-09 9.9775E-09 1.0206E-08 1.0444E-08 1.0692E-08 1.0952E-08 1.1254E-08 1.1585E-08 1.1915E-08 1.2268E-08 1.2647E-08 1.3059E-08 1.3830E-08 1.7453E-08 1.8722E-08 2.5577E-08 3.2327E-08 3.5857E-08 3.9951E-08 4.3689E-08 4.5121E-08 4.6683E-08 4.8316E-08 5.0196E-08 5.2436E-08 6.0741E-08 2.7569E-07 9.9316E-07 1.4096E-06 1.5059E-06 1.5930E-06 1.2328E-06 8.6392E-07 6.8399E-07 5.8483E-07 5.1152E-07 4.3962E-07 3.6380E-07 2.9645E-07 2.3413E-07 1.7747E-07 1.3081E-07 9.4150E-08 6.6658E-08 4.6529E-08 3.2187E-08 2.2180E-08 1.5457E-08 1.0929E-08
