Assets/Resources/2015_m01_d16_1300(utc+0800)_l00_csi_1hr_conc.grd
DSAA
         159         159
     -79.000      79.000
     -79.000      79.000
  0.0000E+00  0.3668E-05
[rows 50 to 74 of 159, columns 57 to 113 of 159]
7.8838E-12 8.3986E-12 8.9413E-12 9.5132E-12 1.0115E-11 1.0749E-11 1.1415E-11 1.2114E-11 1.2849E-11 1.3619E-11 1.4427E-11 1.5272E-11 1.6158E-11 1.7084E-11 1.8051E-11 1.9062E-11 2.0116E-11 2.1215E-11 2.2361E-11 2.3554E-11 2.4794E-11 2.6084E-11 2.7423E-11 2.8813E-11 3.0255E-11 3.1748E-11 3.3295E-11 3.4895E-11 3.6549E-11 3.8257E-11 4.0020E-11 4.1838E-11 4.3711E-11 4.5710E-11 4.7800E-11 4.9972E-11 5.2220E-11 5.4544E-11 5.6897E-11 5.9268E-11 6.1653E-11 6.4049E-11 6.6450E-11 6.8854E-11 7.1254E-11 7.3648E-11 7.6032E-11 7.8401E-11 8.0751E-11 8.3128E-11 9.8961E-11 1.2402E-10 2.0324E-10 3.3105E-10 4.6399E-10 6.1662E-10 7.7776E-10
7.9938E-12 8.5157E-12 9.0660E-12 9.6459E-12 1.0256E-11 1.0899E-11 1.1574E-11 1.2283E-11 1.3028E-11 1.3809E-11 1.4628E-11 1.5485E-11 1.6383E-11 1.7322E-11 1.8303E-11 1.9328E-11 2.0397E-11 2.1511E-11 2.2673E-11 2.3882E-11 2.5140E-11 2.6447E-11 2.7805E-11 2.9215E-11 3.0676E-11 3.2191E-11 3.3759E-11 3.5381E-11 3.7058E-11 3.8791E-11 4.0578E-11 4.2421E-11 4.4321E-11 4.6307E-11 4.8394E-11 5.0590E-11 5.2854E-11 5.5186E-11 5.7572E-11 5.9978E-11 6.2398E-11 6.4828E-11 6.7264E-11 6.9702E-11 7.2138E-11 7.4567E-11 7.6985E-11 7.9388E-11 8.1772E-11 8.6711E-11 1.0904E-10 1.4525E-10 2.6384E-10 3.9717E-10 5.5078E-10 7.1137E-10 9.1691E-10
8.1003E-12 8.6291E-12 9.1868E-12 9.7743E-12 1.0393E-11 1.1044E-11 1.1728E-11 1.2447E-11 1.3201E-11 1.3993E-11 1.4823E-11 1.5692E-11 1.6601E-11 1.7552E-11 1.8547E-11 1.9585E-11 2.0668E-11 2.1798E-11 2.2975E-11 2.4200E-11 2.5474E-11 2.6799E-11 2.8175E-11 2.9604E-11 3.1085E-11 3.2619E-11 3.4208E-11 3.5852E-11 3.7551E-11 3.9307E-11 4.1118E-11 4.2986E-11 4.4910E-11 4.6892E-11 4.8998E-11 5.1193E-11 5.3466E-11 5.5810E-11 5.8226E-11 6.0665E-11 6.3119E-11 6.5584E-11 6.8054E-11 7.0527E-11 7.2997E-11 7.5460E-11 7.7912E-11 8.0349E-11 8.2767E-11 9.2915E-11 1.1777E-10 1.8576E-10 3.2509E-10 4.7614E-10 6.3416E-10 8.2296E-10 1.0714E-09
8.2030E-12 8.7386E-12 9.3033E-12 9.8982E-12 1.0525E-11 1.1184E-11 1.1877E-11 1.2605E-11 1.3369E-11 1.4170E-11 1.5010E-11 1.5890E-11 1.6812E-11 1.7775E-11 1.8782E-11 1.9833E-11 2.0930E-11 2.2074E-11 2.3266E-11 2.4506E-11 2.5797E-11 2.7139E-11 2.8532E-11 2.9979E-11 3.1478E-11 3.3033E-11 3.4642E-11 3.6306E-11 3.8027E-11 3.9805E-11 4.1639E-11 4.3530E-11 4.5479E-11 4.7485E-11 4.9580E-11 5.1773E-11 5.4070E-11 5.6431E-11 5.8855E-11 6.1328E-11 6.3815E-11 6.6314E-11 6.8819E-11 7.1325E-11 7.3829E-11 7.6326E-11 7.8812E-11 8.1283E-11 8.4450E-11 1.0076E-10 1.3183E-10 2.4266E-10 3.9481E-10 5.5240E-10 7.2615E-10 9.7066E-10 1.2510E-09
8.3018E-12 8.8438E-12 9.4153E-12 1.0017E-11 1.0651E-11 1.1318E-11 1.2020E-11 1.2756E-11 1.3530E-11 1.4341E-11 1.5191E-11 1.6082E-11 1.7014E-11 1.7989E-11 1.9008E-11 2.0072E-11 2.1182E-11 2.2340E-11 2.3546E-11 2.4801E-11 2.6108E-11 2.7466E-11 2.8876E-11 3.0339E-11 3.1857E-11 3.3430E-11 3.5059E-11 3.6743E-11 3.8485E-11 4.0284E-11 4.2140E-11 4.4054E-11 4.6026E-11 4.8057E-11 5.0145E-11 5.2358E-11 5.4655E-11 5.7027E-11 5.9463E-11 6.1965E-11 6.4485E-11 6.7017E-11 6.9555E-11 7.2096E-11 7.4633E-11 7.7164E-11 7.9683E-11 8.2187E-11 8.7688E-11 1.0778E-10 1.5831E-10 2.9882E-10 4.6919E-10 6.2975E-10 8.4818E-10 1.1277E-09 1.4375E-09
8.3965E-12 8.9448E-12 9.5228E-12 1.0132E-11 1.0773E-11 1.1448E-11 1.2157E-11 1.2902E-11 1.3684E-11 1.4504E-11 1.5364E-11 1.6265E-11 1.7208E-11 1.8194E-11 1.9225E-11 2.0301E-11 2.1424E-11 2.2594E-11 2.3814E-11 2.5084E-11 2.6405E-11 2.7779E-11 2.9205E-11 3.0685E-11 3.2221E-11 3.3811E-11 3.5458E-11 3.7162E-11 3.8923E-11 4.0743E-11 4.2620E-11 4.4556E-11 4.6551E-11 4.8604E-11 5.0717E-11 5.2919E-11 5.5215E-11 5.7608E-11 6.0063E-11 6.2574E-11 6.5128E-11 6.7692E-11 7.0264E-11 7.2837E-11 7.5408E-11 7.7971E-11 8.0523E-11 8.3060E-11 9.1967E-11 1.1523E-10 2.0278E-10 3.6181E-10 5.2817E-10 7.3172E-10 1.0045E-09 1.2916E-09 1.6450E-09
8.4871E-12 9.0412E-12 9.6254E-12 1.0241E-11 1.0889E-11 1.1571E-11 1.2288E-11 1.3041E-11 1.3831E-11 1.4661E-11 1.5530E-11 1.6440E-11 1.7393E-11 1.8390E-11 1.9432E-11 2.0519E-11 2.1654E-11 2.2838E-11 2.4071E-11 2.5354E-11 2.6690E-11 2.8078E-11 2.9519E-11 3.1016E-11 3.2567E-11 3.4175E-11 3.5840E-11 3.7562E-11 3.9342E-11 4.1181E-11 4.3079E-11 4.5036E-11 4.7052E-11 4.9128E-11 5.1263E-11 5.3457E-11 5.5773E-11 5.8169E-11 6.0634E-11 6.3158E-11 6.5741E-11 6.8338E-11 7.0941E-11 7.3547E-11 7.6150E-11 7.8747E-11 8.1331E-11 8.4283E-11 9.6835E-11 1.2963E-10 2.5516E-10 4.3377E-10 6.1409E-10 8.6439E-10 1.1498E-09 1.4719E-09 1.8672E-09
8.5732E-12 9.1329E-12 9.7230E-12 1.0345E-11 1.1000E-11 1.1688E-11 1.2412E-11 1.3173E-11 1.3972E-11 1.4809E-11 1.5687E-11 1.6607E-11 1.7570E-11 1.8577E-11 1.9629E-11 2.0727E-11 2.1874E-11 2.3069E-11 2.4315E-11 2.5611E-11 2.6960E-11 2.8362E-11 2.9819E-11 3.1330E-11 3.2897E-11 3.4522E-11 3.6203E-11 3.7943E-11 3.9741E-11 4.1599E-11 4.3515E-11 4.5492E-11 4.7529E-11 4.9625E-11 5.1782E-11 5.3998E-11 5.6304E-11 5.8701E-11 6.1187E-11 6.3729E-11 6.6324E-11 6.8952E-11 7.1587E-11 7.4225E-11 7.6860E-11 7.9488E-11 8.2105E-11 8.6161E-11 1.0126E-10 1.5396E-10 3.1227E-10 5.0555E-10 7.3289E-10 1.0029E-09 1.3102E-09 1.6766E-09 2.1223E-09
8.6547E-12 9.2197E-12 9.8155E-12 1.0443E-11 1.1104E-11 1.1799E-11 1.2530E-11 1.3298E-11 1.4105E-11 1.4950E-11 1.5837E-11 1.6765E-11 1.7737E-11 1.8753E-11 1.9815E-11 2.0924E-11 2.2082E-11 2.3288E-11 2.4546E-11 2.5855E-11 2.7216E-11 2.8632E-11 3.0102E-11 3.1628E-11 3.3210E-11 3.4849E-11 3.6547E-11 3.8303E-11 4.0118E-11 4.1994E-11 4.3929E-11 4.5924E-11 4.7980E-11 5.0096E-11 5.2274E-11 5.4511E-11 5.6809E-11 5.9224E-11 6.1715E-11 6.4269E-11 6.6876E-11 6.9533E-11 7.2199E-11 7.4868E-11 7.7535E-11 8.0194E-11 8.2842E-11 8.8311E-11 1.0802E-10 2.0054E-10 3.8772E-10 6.0919E-10 8.6671E-10 1.1448E-09 1.4914E-09 1.9066E-09 2.4130E-09
8.7316E-12 9.3016E-12 9.9026E-12 1.0536E-11 1.1203E-11 1.1904E-11 1.2642E-11 1.3416E-11 1.4230E-11 1.5083E-11 1.5977E-11 1.6914E-11 1.7894E-11 1.8919E-11 1.9991E-11 2.1110E-11 2.2278E-11 2.3495E-11 2.4763E-11 2.6084E-11 2.7458E-11 2.8886E-11 3.0369E-11 3.1908E-11 3.3504E-11 3.5158E-11 3.6871E-11 3.8643E-11 4.0474E-11 4.2366E-11 4.4318E-11 4.6331E-11 4.8405E-11 5.0540E-11 5.2737E-11 5.4994E-11 5.7312E-11 5.9719E-11 6.2211E-11 6.4785E-11 6.7410E-11 7.0080E-11 7.2777E-11 7.5476E-11 7.8173E-11 8.0864E-11 8.3542E-11 9.2674E-11 1.2477E-10 2.6702E-10 4.7863E-10 7.3027E-10 9.9910E-10 1.3084E-09 1.6900E-09 2.1696E-09 2.7411E-09
8.8036E-12 9.3783E-12 9.9843E-12 1.0623E-11 1.1295E-11 1.2002E-11 1.2746E-11 1.3527E-11 1.4347E-11 1.5207E-11 1.6109E-11 1.7053E-11 1.8042E-11 1.9075E-11 2.0156E-11 2.1284E-11 2.2461E-11 2.3689E-11 2.4967E-11 2.6299E-11 2.7684E-11 2.9124E-11 3.0619E-11 3.2171E-11 3.3780E-11 3.5448E-11 3.7175E-11 3.8961E-11 4.0807E-11 4.2715E-11 4.4683E-11 4.6713E-11 4.8804E-11 5.0956E-11 5.3171E-11 5.5447E-11 5.7783E-11 6.0182E-11 6.2692E-11 6.5272E-11 6.7910E-11 7.0593E-11 7.3318E-11 7.6047E-11 7.8774E-11 8.1495E-11 8.7921E-11 1.0353E-10 1.6179E-10 3.5497E-10 5.9599E-10 8.5425E-10 1.1476E-09 1.5064E-09 1.9491E-09 2.4837E-09 3.1193E-09
8.8706E-12 9.4497E-12 1.0060E-11 1.0704E-11 1.1381E-11 1.2094E-11 1.2843E-11 1.3630E-11 1.4456E-11 1.5323E-11 1.6231E-11 1.7183E-11 1.8179E-11 1.9220E-11 2.0309E-11 2.1446E-11 2.2632E-11 2.3869E-11 2.5157E-11 2.6499E-11 2.7894E-11 2.9345E-11 3.0852E-11 3.2415E-11 3.4037E-11 3.5717E-11 3.7457E-11 3.9257E-11 4.1118E-11 4.3039E-11 4.5022E-11 4.7067E-11 4.9174E-11 5.1344E-11 5.3575E-11 5.5868E-11 5.8222E-11 6.0638E-11 6.3141E-11 6.5724E-11 6.8380E-11 7.1082E-11 7.3822E-11 7.6580E-11 7.9336E-11 8.4089E-11 1.0019E-10 1.2684E-10 2.3932E-10 4.7048E-10 7.2431E-10 1.0018E-09 1.3499E-09 1.7637E-09 2.2621E-09 2.8538E-09 3.5532E-09
8.9326E-12 9.5157E-12 1.0131E-11 1.0778E-11 1.1460E-11 1.2178E-11 1.2933E-11 1.3725E-11 1.4557E-11 1.5430E-11 1.6345E-11 1.7303E-11 1.8306E-11 1.9355E-11 2.0451E-11 2.1595E-11 2.2790E-11 2.4035E-11 2.5333E-11 2.6684E-11 2.8089E-11 2.9550E-11 3.1067E-11 3.2641E-11 3.4274E-11 3.5966E-11 3.7718E-11 3.9531E-11 4.1404E-11 4.3339E-11 4.5336E-11 4.7395E-11 4.9517E-11 5.1701E-11 5.3948E-11 5.6257E-11 5.8628E-11 6.1061E-11 6.3556E-11 6.6154E-11 6.8819E-11 7.1534E-11 7.4287E-11 7.7072E-11 8.0820E-11 1.0725E-10 1.3169E-10 1.9526E-10 3.7097E-10 6.0715E-10 8.8377E-10 1.2180E-09 1.6118E-09 2.0796E-09 2.6333E-09 3.2846E-09 4.0517E-09
8.9893E-12 9.5761E-12 1.0195E-11 1.0847E-11 1.1533E-11 1.2255E-11 1.3015E-11 1.3812E-11 1.4649E-11 1.5528E-11 1.6448E-11 1.7413E-11 1.8422E-11 1.9477E-11 2.0580E-11 2.1732E-11 2.2934E-11 2.4188E-11 2.5493E-11 2.6853E-11 2.8267E-11 2.9737E-11 3.1264E-11 3.2848E-11 3.4492E-11 3.6194E-11 3.7957E-11 3.9781E-11 4.1666E-11 4.3614E-11 4.5623E-11 4.7696E-11 4.9831E-11 5.2029E-11 5.4290E-11 5.6613E-11 9.5236E-11 1.1553E-10 1.1603E-10 1.1257E-10 1.0652E-10 9.9340E-11 9.2059E-11 1.0127E-10 1.2144E-10 1.5639E-10 2.0114E-10 3.2514E-10 5.2964E-10 7.8817E-10 1.1158E-09 1.5014E-09 1.9536E-09 2.4769E-09 3.0895E-09 3.8046E-09 4.6359E-09
9.0407E-12 9.6309E-12 1.0253E-11 1.0909E-11 1.1599E-11 1.2325E-11 1.3089E-11 1.3891E-11 1.4733E-11 1.5616E-11 1.6542E-11 1.7512E-11 1.8527E-11 1.9589E-11 2.0698E-11 2.1856E-11 2.3065E-11 2.4326E-11 2.5639E-11 2.7006E-11 2.8428E-11 2.9907E-11 3.1442E-11 3.3036E-11 3.4688E-11 3.6401E-11 3.8174E-11 4.0008E-11 4.1904E-11 4.3863E-11 4.5884E-11 4.7968E-11 5.0115E-11 5.2326E-11 7.0960E-11 1.2748E-10 1.6144E-10 1.9071E-10 2.0860E-10 1.8054E-10 1.6255E-10 1.5474E-10 1.4746E-10 1.7171E-10 2.1214E-10 2.6171E-10 3.4361E-10 5.1229E-10 7.4324E-10 1.0617E-09 1.4412E-09 1.8843E-09 2.3933E-09 2.9730E-09 3.6489E-09 4.4280E-09 5.3216E-09
9.0868E-12 9.6800E-12 1.0305E-11 1.0964E-11 1.1658E-11 1.2388E-11 1.3156E-11 1.3962E-11 1.4808E-11 1.5696E-11 1.6626E-11 1.7601E-11 1.8621E-11 1.9688E-11 2.0803E-11 2.1968E-11 2.3183E-11 2.4449E-11 2.5769E-11 2.7143E-11 2.8573E-11 3.0059E-11 3.1602E-11 3.3204E-11 3.4865E-11 3.6586E-11 3.8368E-11 4.0211E-11 4.2117E-11 4.4085E-11 4.6116E-11 4.8211E-11 5.9412E-11 7.7412E-11 2.3807E-10 3.5494E-10 4.3373E-10 4.5336E-10 4.5834E-10 4.1118E-10 3.6310E-10 3.4160E-10 3.2948E-10 3.7340E-10 4.2620E-10 5.0403E-10 6.2109E-10 8.1346E-10 1.1074E-09 1.4755E-09 1.9120E-09 2.4190E-09 2.9916E-09 3.6368E-09 4.3696E-09 5.2013E-09 6.1366E-09
9.1273E-12 9.7231E-12 1.0351E-11 1.1013E-11 1.1710E-11 1.2443E-11 1.3214E-11 1.4024E-11 1.4874E-11 1.5766E-11 1.6701E-11 1.7680E-11 1.8704E-11 1.9776E-11 2.0896E-11 2.2065E-11 2.3286E-11 2.4558E-11 2.5884E-11 2.7264E-11 2.8700E-11 3.0192E-11 3.1742E-11 3.3351E-11 3.5020E-11 3.6748E-11 3.8538E-11 4.0390E-11 4.2304E-11 4.4281E-11 4.6321E-11 6.1396E-11 9.6493E-11 3.0889E-10 5.3864E-10 7.6371E-10 9.0918E-10 9.1960E-10 8.9854E-10 8.2654E-10 7.4492E-10 7.1215E-10 7.0993E-10 7.4718E-10 8.0418E-10 9.0644E-10 1.0694E-09 1.3081E-09 1.6559E-09 2.0751E-09 2.5713E-09 3.1345E-09 3.7633E-09 4.4618E-09 5.2420E-09 6.1163E-09 7.0799E-09
9.1623E-12 9.7604E-12 1.0391E-11 1.1055E-11 1.1755E-11 1.2491E-11 1.3265E-11 1.4078E-11 1.4931E-11 1.5826E-11 1.6764E-11 1.7747E-11 1.8776E-11 1.9852E-11 2.0976E-11 2.2150E-11 2.3375E-11 2.4652E-11 2.5983E-11 2.7368E-11 2.8810E-11 3.0308E-11 3.1864E-11 3.3479E-11 3.5153E-11 3.6889E-11 3.8685E-11 4.0544E-11 4.2466E-11 4.4450E-11 6.2669E-11 1.0543E-10 2.1435E-10 7.8844E-10 1.2542E-09 1.6285E-09 1.8295E-09 1.8682E-09 1.7635E-09 1.6490E-09 1.5020E-09 1.4296E-09 1.4102E-09 1.4172E-09 1.4703E-09 1.5753E-09 1.7709E-09 2.0734E-09 2.4514E-09 2.9187E-09 3.4594E-09 4.0712E-09 4.7512E-09 5.4929E-09 6.3025E-09 7.1925E-09 8.1641E-09
9.1916E-12 9.7917E-12 1.0424E-11 1.1091E-11 1.1793E-11 1.2531E-11 1.3307E-11 1.4123E-11 1.4979E-11 1.5877E-11 1.6818E-11 1.7804E-11 1.8836E-11 1.9915E-11 2.1043E-11 2.2220E-11 2.3449E-11 2.4731E-11 2.6066E-11 2.7456E-11 2.8902E-11 3.0404E-11 3.1965E-11 3.3585E-11 3.5265E-11 3.7006E-11 3.8809E-11 4.0673E-11 4.2601E-11 5.5085E-11 1.1040E-10 1.9609E-10 1.0948E-09 1.9832E-09 2.7616E-09 3.3620E-09 3.5353E-09 3.4927E-09 3.2891E-09 3.0737E-09 2.8510E-09 2.6943E-09 2.5770E-09 2.5184E-09 2.5327E-09 2.6253E-09 2.8467E-09 3.1750E-09 3.5733E-09 4.0704E-09 4.6571E-09 5.3004E-09 6.0026E-09 6.7600E-09 7.5724E-09 8.4552E-09 9.4005E-09
9.2153E-12 9.8169E-12 1.0451E-11 1.1119E-11 1.1823E-11 1.2563E-11 1.3341E-11 1.4159E-11 1.5017E-11 1.5918E-11 1.6861E-11 1.7850E-11 1.8884E-11 1.9966E-11 2.1097E-11 2.2277E-11 2.3510E-11 2.4794E-11 2.6133E-11 2.7526E-11 2.8976E-11 3.0482E-11 3.2047E-11 3.3671E-11 3.5356E-11 3.7101E-11 3.8908E-11 4.0777E-11 4.5788E-11 9.4010E-11 2.0449E-10 1.2169E-09 2.7291E-09 4.3737E-09 5.6441E-09 6.3283E-09 6.4776E-09 6.2586E-09 5.8395E-09 5.4174E-09 5.0188E-09 4.6738E-09 4.3761E-09 4.1898E-09 4.1179E-09 4.1993E-09 4.3851E-09 4.6949E-09 5.1049E-09 5.6140E-09 6.2069E-09 6.8563E-09 7.5541E-09 8.2940E-09 9.0666E-09 9.9019E-09 1.0782E-08
9.2332E-12 9.8360E-12 1.0471E-11 1.1141E-11 1.1846E-11 1.2588E-11 1.3367E-11 1.4187E-11 1.5046E-11 1.5948E-11 1.6894E-11 1.7884E-11 1.8921E-11 2.0005E-11 2.1138E-11 2.2321E-11 2.3555E-11 2.4842E-11 2.6183E-11 2.7579E-11 2.9032E-11 3.0541E-11 3.2109E-11 3.3736E-11 3.5424E-11 3.7173E-11 3.8983E-11 4.0856E-11 6.7557E-11 1.7957E-10 9.7477E-10 3.4983E-09 6.4883E-09 9.1822E-09 1.0804E-08 1.1313E-08 1.1093E-08 1.0493E-08 9.7477E-09 8.9350E-09 8.1667E-09 7.4938E-09 6.9553E-09 6.5717E-09 6.3675E-09 6.3375E-09 6.4516E-09 6.7194E-09 7.1110E-09 7.6003E-09 8.1670E-09 8.7773E-09 9.4201E-09 1.0092E-08 1.0784E-08 1.1524E-08 1.2292E-08
9.2454E-12 9.8489E-12 1.0485E-11 1.1156E-11 1.1862E-11 1.2604E-11 1.3385E-11 1.4205E-11 1.5066E-11 1.5969E-11 1.6916E-11 1.7908E-11 1.8946E-11 2.0031E-11 2.1165E-11 2.2350E-11 2.3586E-11 2.4875E-11 2.6217E-11 2.7615E-11 2.9070E-11 3.0581E-11 3.2151E-11 3.3781E-11 3.5470E-11 3.7221E-11 3.9034E-11 4.5545E-11 1.3807E-10 4.7481E-10 4.1459E-09 9.2343E-09 1.4476E-08 1.7911E-08 1.9367E-08 1.9014E-08 1.7963E-08 1.6518E-08 1.5053E-08 1.3618E-08 1.2306E-08 1.1212E-08 1.0340E-08 9.6988E-09 9.3051E-09 9.1016E-09 9.1131E-09 9.3162E-09 9.6325E-09 1.0057E-08 1.0539E-08 1.1058E-08 1.1591E-08 1.2139E-08 1.2695E-08 1.3281E-08 1.3893E-08
9.2518E-12 9.8557E-12 1.0493E-11 1.1163E-11 1.1870E-11 1.2613E-11 1.3394E-11 1.4215E-11 1.5077E-11 1.5980E-11 1.6928E-11 1.7920E-11 1.8959E-11 2.0045E-11 2.1180E-11 2.2365E-11 2.3602E-11 2.4892E-11 2.6235E-11 2.7634E-11 2.9089E-11 3.0602E-11 3.2173E-11 3.3803E-11 3.5494E-11 3.7246E-11 3.9060E-11 7.9296E-11 4.1248E-10 3.9820E-09 1.2686E-08 2.2462E-08 2.9310E-08 3.2154E-08 3.1783E-08 2.9628E-08 2.6833E-08 2.4076E-08 2.1487E-08 1.9227E-08 1.7268E-08 1.5733E-08 1.4492E-08 1.3546E-08 1.2889E-08 1.2499E-08 1.2364E-08 1.2443E-08 1.2648E-08 1.2964E-08 1.3304E-08 1.3667E-08 1.4018E-08 1.4379E-08 1.4745E-08 1.5125E-08 1.5530E-08
9.2524E-12 9.8564E-12 1.0493E-11 1.1164E-11 1.1871E-11 1.2614E-11 1.3395E-11 1.4216E-11 1.5077E-11 1.5981E-11 1.6929E-11 1.7921E-11 1.8960E-11 2.0046E-11 2.1181E-11 2.2366E-11 2.3603E-11 2.4893E-11 2.6237E-11 2.7635E-11 2.9091E-11 3.0603E-11 3.2174E-11 3.3805E-11 3.5496E-11 3.7248E-11 4.3587E-11 2.4355E-10 3.1441E-09 1.7799E-08 3.6301E-08 4.8679E-08 5.2796E-08 5.1623E-08 4.7161E-08 4.1786E-08 3.6578E-08 3.2080E-08 2.8319E-08 2.5250E-08 2.2750E-08 2.0751E-08 1.9171E-08 1.7912E-08 1.6993E-08 1.6394E-08 1.6105E-08 1.6041E-08 1.6092E-08 1.6233E-08 1.6373E-08 1.6513E-08 1.6625E-08 1.6734E-08 1.6845E-08 1.6968E-08 1.7126E-08
9.2472E-12 9.8508E-12 1.0487E-11 1.1158E-11 1.1864E-11 1.2607E-11 1.3387E-11 1.4208E-11 1.5069E-11 1.5972E-11 1.6919E-11 1.7911E-11 1.8949E-11 2.0034E-11 2.1169E-11 2.2354E-11 2.3590E-11 2.4879E-11 2.6222E-11 2.7620E-11 2.9074E-11 3.0586E-11 3.2156E-11 3.3786E-11 3.5475E-11 3.7226E-11 7.9304E-11 9.1054E-10 2.2793E-08 6.2603E-08 8.5485E-08 8.8106E-08 8.1728E-08 7.1969E-08 6.1628E-08 5.2742E-08 4.5238E-08 3.9314E-08 3.4666E-08 3.1068E-08 2.8198E-08 2.5881E-08 2.4015E-08 2.2492E-08 2.1367E-08 2.0603E-08 2.0150E-08 1.9924E-08 1.9800E-08 1.9733E-08 1.9612E-08 1.9465E-08 1.9274E-08 1.9080E-08 1.8893E-08 1.8713E-08 1.8586E-08
