Assets/Resources/2015_m01_d16_1300(utc+0800)_l00_csi_1hr_conc.grd
DSAA
         159         159
     -79.000      79.000
     -79.000      79.000
  0.0000E+00  0.3668E-05
[rows 125 to 149 of 159, columns 57 to 113 of 159]
3.9178E-12 4.1733E-12 4.4427E-12 4.7265E-12 5.0253E-12 5.3397E-12 5.6701E-12 6.0172E-12 6.3816E-12 6.7638E-12 7.1644E-12 7.5840E-12 8.0232E-12 8.4824E-12 8.9623E-12 9.4635E-12 9.9863E-12 1.0532E-11 1.1100E-11 1.1691E-11 1.2306E-11 1.2945E-11 1.3609E-11 1.4298E-11 1.5013E-11 1.5753E-11 1.6520E-11 1.7313E-11 1.8132E-11 1.8979E-11 1.9853E-11 2.0753E-11 2.1682E-11 2.2637E-11 2.3620E-11 2.4630E-11 2.5667E-11 2.6731E-11 2.7821E-11 2.8938E-11 3.0081E-11 3.1249E-11 3.2443E-11 3.3661E-11 3.4902E-11 3.6167E-11 3.7454E-11 3.8763E-11 4.0092E-11 4.1441E-11 4.2808E-11 4.4193E-11 4.5593E-11 4.7009E-11 4.8438E-11 4.9880E-11 5.1332E-11
3.7902E-12 4.0374E-12 4.2980E-12 4.5726E-12 4.8617E-12 5.1658E-12 5.4855E-12 5.8213E-12 6.1738E-12 6.5435E-12 6.9311E-12 7.3370E-12 7.7618E-12 8.2061E-12 8.6704E-12 9.1552E-12 9.6610E-12 1.0188E-11 1.0738E-11 1.1310E-11 1.1905E-11 1.2523E-11 1.3166E-11 1.3832E-11 1.4524E-11 1.5240E-11 1.5981E-11 1.6749E-11 1.7541E-11 1.8360E-11 1.9206E-11 2.0077E-11 2.0975E-11 2.1899E-11 2.2850E-11 2.3827E-11 2.4830E-11 2.5859E-11 2.6914E-11 2.7995E-11 2.9100E-11 3.0231E-11 3.1385E-11 3.2563E-11 3.3764E-11 3.4988E-11 3.6233E-11 3.7499E-11 3.8785E-11 4.0090E-11 4.1412E-11 4.2752E-11 4.4107E-11 4.5476E-11 4.6859E-11 4.8253E-11 4.9658E-11
3.6646E-12 3.9035E-12 4.1555E-12 4.4210E-12 4.7004E-12 4.9944E-12 5.3035E-12 5.6282E-12 5.9690E-12 6.3265E-12 6.7012E-12 7.0936E-12 7.5043E-12 7.9339E-12 8.3827E-12 8.8514E-12 9.3405E-12 9.8504E-12 1.0382E-11 1.0935E-11 1.1510E-11 1.2108E-11 1.2729E-11 1.3373E-11 1.4042E-11 1.4734E-11 1.5451E-11 1.6193E-11 1.6959E-11 1.7751E-11 1.8568E-11 1.9411E-11 2.0279E-11 2.1172E-11 2.2091E-11 2.3036E-11 2.4006E-11 2.5001E-11 2.6021E-11 2.7065E-11 2.8134E-11 2.9227E-11 3.0343E-11 3.1482E-11 3.2643E-11 3.3826E-11 3.5030E-11 3.6254E-11 3.7497E-11 3.8758E-11 4.0037E-11 4.1332E-11 4.2642E-11 4.3966E-11 4.5302E-11 4.6650E-11 4.8008E-11
3.5408E-12 3.7717E-12 4.0152E-12 4.2717E-12 4.5417E-12 4.8258E-12 5.1244E-12 5.4381E-12 5.7674E-12 6.1128E-12 6.4748E-12 6.8540E-12 7.2508E-12 7.6658E-12 8.0995E-12 8.5524E-12 9.0249E-12 9.5176E-12 1.0031E-11 1.0565E-11 1.1121E-11 1.1699E-11 1.2299E-11 1.2921E-11 1.3567E-11 1.4236E-11 1.4929E-11 1.5645E-11 1.6386E-11 1.7151E-11 1.7941E-11 1.8755E-11 1.9593E-11 2.0457E-11 2.1345E-11 2.2257E-11 2.3194E-11 2.4156E-11 2.5141E-11 2.6150E-11 2.7183E-11 2.8239E-11 2.9317E-11 3.0418E-11 3.1540E-11 3.2682E-11 3.3845E-11 3.5028E-11 3.6229E-11 3.7448E-11 3.8683E-11 3.9934E-11 4.1200E-11 4.2479E-11 4.3770E-11 4.5073E-11 4.6385E-11
3.4191E-12 3.6421E-12 3.8772E-12 4.1248E-12 4.3856E-12 4.6599E-12 4.9482E-12 5.2512E-12 5.5691E-12 5.9026E-12 6.2522E-12 6.6183E-12 7.0015E-12 7.4022E-12 7.8210E-12 8.2583E-12 8.7146E-12 9.1903E-12 9.6859E-12 1.0202E-11 1.0738E-11 1.1296E-11 1.1876E-11 1.2477E-11 1.3100E-11 1.3746E-11 1.4415E-11 1.5107E-11 1.5822E-11 1.6561E-11 1.7323E-11 1.8109E-11 1.8919E-11 1.9753E-11 2.0610E-11 2.1491E-11 2.2396E-11 2.3324E-11 2.4276E-11 2.5250E-11 2.6248E-11 2.7267E-11 2.8308E-11 2.9371E-11 3.0454E-11 3.1558E-11 3.2681E-11 3.3822E-11 3.4982E-11 3.6159E-11 3.7352E-11 3.8560E-11 3.9782E-11 4.1017E-11 4.2264E-11 4.3521E-11 4.4788E-11
3.2996E-12 3.5147E-12 3.7416E-12 3.9806E-12 4.2322E-12 4.4969E-12 4.7752E-12 5.0675E-12 5.3743E-12 5.6961E-12 6.0335E-12 6.3868E-12 6.7566E-12 7.1433E-12 7.5474E-12 7.9693E-12 8.4096E-12 8.8687E-12 9.3469E-12 9.8448E-12 1.0363E-11 1.0901E-11 1.1460E-11 1.2040E-11 1.2642E-11 1.3265E-11 1.3911E-11 1.4578E-11 1.5269E-11 1.5981E-11 1.6717E-11 1.7475E-11 1.8257E-11 1.9061E-11 1.9889E-11 2.0739E-11 2.1612E-11 2.2508E-11 2.3426E-11 2.4366E-11 2.5329E-11 2.6312E-11 2.7317E-11 2.8342E-11 2.9388E-11 3.0453E-11 3.1536E-11 3.2638E-11 3.3757E-11 3.4892E-11 3.6044E-11 3.7209E-11 3.8389E-11 3.9580E-11 4.0784E-11 4.1997E-11 4.3220E-11
3.1822E-12 3.3897E-12 3.6085E-12 3.8390E-12 4.0816E-12 4.3369E-12 4.6052E-12 4.8872E-12 5.1831E-12 5.4935E-12 5.8188E-12 6.1595E-12 6.5161E-12 6.8890E-12 7.2787E-12 7.6857E-12 8.1103E-12 8.5530E-12 9.0142E-12 9.4943E-12 9.9938E-12 1.0513E-11 1.1052E-11 1.1612E-11 1.2192E-11 1.2793E-11 1.3415E-11 1.4059E-11 1.4725E-11 1.5412E-11 1.6122E-11 1.6853E-11 1.7607E-11 1.8382E-11 1.9180E-11 2.0000E-11 2.0842E-11 2.1706E-11 2.2592E-11 2.3499E-11 2.4426E-11 2.5375E-11 2.6344E-11 2.7333E-11 2.8341E-11 2.9368E-11 3.0413E-11 3.1475E-11 3.2554E-11 3.3650E-11 3.4759E-11 3.5884E-11 3.7021E-11 3.8170E-11 3.9331E-11 4.0501E-11 4.1680E-11
2.8006E-12 3.2671E-12 3.4779E-12 3.7001E-12 3.9339E-12 4.1800E-12 4.4386E-12 4.7103E-12 4.9955E-12 5.2947E-12 5.6082E-12 5.9366E-12 6.2803E-12 6.6397E-12 7.0153E-12 7.4075E-12 7.8167E-12 8.2434E-12 8.6879E-12 9.1507E-12 9.6320E-12 1.0132E-11 1.0652E-11 1.1191E-11 1.1750E-11 1.2330E-11 1.2930E-11 1.3550E-11 1.4192E-11 1.4854E-11 1.5538E-11 1.6243E-11 1.6969E-11 1.7717E-11 1.8486E-11 1.9276E-11 2.0088E-11 2.0920E-11 2.1774E-11 2.2647E-11 2.3542E-11 2.4456E-11 2.5390E-11 2.6343E-11 2.7314E-11 2.8304E-11 2.9311E-11 3.0335E-11 3.1375E-11 3.2431E-11 3.3500E-11 3.4584E-11 3.5680E-11 3.6787E-11 3.7906E-11 3.9034E-11 4.0170E-11
2.4270E-12 3.1469E-12 3.3500E-12 3.5640E-12 3.7892E-12 4.0262E-12 4.2753E-12 4.5370E-12 4.8117E-12 5.0999E-12 5.4019E-12 5.7182E-12 6.0492E-12 6.3954E-12 6.7572E-12 7.1349E-12 7.5291E-12 7.9401E-12 8.3682E-12 8.8139E-12 9.2775E-12 9.7594E-12 1.0260E-11 1.0779E-11 1.1318E-11 1.1876E-11 1.2454E-11 1.3052E-11 1.3669E-11 1.4307E-11 1.4966E-11 1.5645E-11 1.6344E-11 1.7065E-11 1.7805E-11 1.8566E-11 1.9348E-11 2.0150E-11 2.0972E-11 2.1814E-11 2.2675E-11 2.3556E-11 2.4455E-11 2.5373E-11 2.6309E-11 2.7262E-11 2.8232E-11 2.9218E-11 3.0220E-11 3.1236E-11 3.2267E-11 3.3310E-11 3.4366E-11 3.5433E-11 3.6510E-11 3.7596E-11 3.8690E-11
2.3373E-12 2.7665E-12 3.2248E-12 3.4307E-12 3.6476E-12 3.8757E-12 4.1155E-12 4.3674E-12 4.6318E-12 4.9092E-12 5.1999E-12 5.5044E-12 5.8230E-12 6.1563E-12 6.5045E-12 6.8681E-12 7.2475E-12 7.6431E-12 8.0552E-12 8.4843E-12 8.9305E-12 9.3944E-12 9.8762E-12 1.0376E-11 1.0895E-11 1.1432E-11 1.1988E-11 1.2563E-11 1.3158E-11 1.3772E-11 1.4406E-11 1.5060E-11 1.5733E-11 1.6426E-11 1.7139E-11 1.7872E-11 1.8624E-11 1.9396E-11 2.0187E-11 2.0997E-11 2.1826E-11 2.2674E-11 2.3540E-11 2.4423E-11 2.5324E-11 2.6242E-11 2.7175E-11 2.8125E-11 2.9089E-11 3.0067E-11 3.1059E-11 3.2063E-11 3.3079E-11 3.4106E-11 3.5143E-11 3.6189E-11 3.7242E-11
2.2495E-12 2.3952E-12 2.8331E-12 3.3004E-12 3.5090E-12 3.7285E-12 3.9592E-12 4.2015E-12 4.4559E-12 4.7227E-12 5.0023E-12 5.2952E-12 5.6018E-12 5.9223E-12 6.2573E-12 6.6071E-12 6.9721E-12 7.3527E-12 7.7491E-12 8.1618E-12 8.5911E-12 9.0374E-12 9.5008E-12 9.9818E-12 1.0480E-11 1.0997E-11 1.1532E-11 1.2086E-11 1.2658E-11 1.3249E-11 1.3858E-11 1.4487E-11 1.5135E-11 1.5802E-11 1.6487E-11 1.7192E-11 1.7916E-11 1.8658E-11 1.9420E-11 2.0199E-11 2.0996E-11 2.1812E-11 2.2645E-11 2.3495E-11 2.4361E-11 2.5244E-11 2.6142E-11 2.7055E-11 2.7983E-11 2.8924E-11 2.9878E-11 3.0844E-11 3.1821E-11 3.2809E-11 3.3807E-11 3.4812E-11 3.5826E-11
1.7022E-12 2.3038E-12 2.4515E-12 3.1731E-12 3.3736E-12 3.5846E-12 3.8064E-12 4.0394E-12 4.2839E-12 4.5404E-12 4.8093E-12 5.0909E-12 5.3856E-12 5.6938E-12 6.0158E-12 6.3521E-12 6.7030E-12 7.0688E-12 7.4500E-12 7.8467E-12 8.2595E-12 8.6885E-12 9.1340E-12 9.5964E-12 1.0076E-11 1.0573E-11 1.1087E-11 1.1619E-11 1.2169E-11 1.2737E-11 1.3323E-11 1.3928E-11 1.4550E-11 1.5191E-11 1.5851E-11 1.6528E-11 1.7224E-11 1.7938E-11 1.8669E-11 1.9419E-11 2.0186E-11 2.0969E-11 2.1770E-11 2.2587E-11 2.3420E-11 2.4269E-11 2.5132E-11 2.6010E-11 2.6902E-11 2.7806E-11 2.8724E-11 2.9652E-11 3.0592E-11 3.1542E-11 3.2501E-11 3.3467E-11 3.4441E-11
1.3715E-12 1.9508E-12 2.3564E-12 2.7847E-12 3.2414E-12 3.4441E-12 3.6572E-12 3.8811E-12 4.1160E-12 4.3625E-12 4.6208E-12 4.8913E-12 5.1745E-12 5.4706E-12 5.7800E-12 6.1031E-12 6.4403E-12 6.7917E-12 7.1579E-12 7.5391E-12 7.9357E-12 8.3478E-12 8.7759E-12 9.2201E-12 9.6808E-12 1.0158E-11 1.0652E-11 1.1163E-11 1.1692E-11 1.2238E-11 1.2801E-11 1.3381E-11 1.3980E-11 1.4596E-11 1.5229E-11 1.5880E-11 1.6549E-11 1.7234E-11 1.7937E-11 1.8657E-11 1.9394E-11 2.0147E-11 2.0916E-11 2.1701E-11 2.2501E-11 2.3317E-11 2.4146E-11 2.4990E-11 2.5846E-11 2.6715E-11 2.7597E-11 2.8489E-11 2.9392E-11 3.0304E-11 3.1225E-11 3.2154E-11 3.3090E-11
1.1174E-12 1.6747E-12 2.2637E-12 2.4073E-12 2.8428E-12 3.3071E-12 3.5117E-12 3.7267E-12 3.9523E-12 4.1889E-12 4.4369E-12 4.6967E-12 4.9686E-12 5.2529E-12 5.5500E-12 5.8602E-12 6.1839E-12 6.5214E-12 6.8730E-12 7.2391E-12 7.6198E-12 8.0156E-12 8.4266E-12 8.8531E-12 9.2954E-12 9.7537E-12 1.0228E-11 1.0719E-11 1.1226E-11 1.1750E-11 1.2291E-11 1.2849E-11 1.3423E-11 1.4015E-11 1.4623E-11 1.5248E-11 1.5890E-11 1.6548E-11 1.7223E-11 1.7914E-11 1.8621E-11 1.9345E-11 2.0083E-11 2.0837E-11 2.1605E-11 2.2388E-11 2.3184E-11 2.3994E-11 2.4817E-11 2.5651E-11 2.6498E-11 2.7354E-11 2.8221E-11 2.9097E-11 2.9982E-11 3.0874E-11 3.1772E-11
6.6669E-13 1.1432E-12 1.7113E-12 2.3111E-12 2.4562E-12 3.1736E-12 3.3699E-12 3.5761E-12 3.7926E-12 4.0197E-12 4.2577E-12 4.5070E-12 4.7679E-12 5.0407E-12 5.3258E-12 5.6235E-12 5.9341E-12 6.2580E-12 6.5954E-12 6.9466E-12 7.3119E-12 7.6917E-12 8.0861E-12 8.4954E-12 8.9198E-12 9.3596E-12 9.8149E-12 1.0286E-11 1.0773E-11 1.1275E-11 1.1794E-11 1.2329E-11 1.2881E-11 1.3448E-11 1.4032E-11 1.4631E-11 1.5247E-11 1.5879E-11 1.6527E-11 1.7190E-11 1.7869E-11 1.8563E-11 1.9271E-11 1.9994E-11 2.0732E-11 2.1483E-11 2.2247E-11 2.3024E-11 2.3814E-11 2.4614E-11 2.5426E-11 2.6248E-11 2.7080E-11 2.7921E-11 2.8769E-11 2.9625E-11 3.0487E-11
4.3472E-13 8.9332E-13 1.3776E-12 1.9544E-12 2.3566E-12 2.7804E-12 3.2318E-12 3.4296E-12 3.6372E-12 3.8550E-12 4.0832E-12 4.3223E-12 4.5724E-12 4.8341E-12 5.1075E-12 5.3930E-12 5.6908E-12 6.0014E-12 6.3250E-12 6.6618E-12 7.0121E-12 7.3763E-12 7.7545E-12 8.1470E-12 8.5541E-12 8.9758E-12 9.4124E-12 9.8640E-12 1.0331E-11 1.0813E-11 1.1311E-11 1.1824E-11 1.2352E-11 1.2896E-11 1.3456E-11 1.4031E-11 1.4622E-11 1.5228E-11 1.5849E-11 1.6485E-11 1.7136E-11 1.7801E-11 1.8481E-11 1.9174E-11 1.9881E-11 2.0602E-11 2.1334E-11 2.2080E-11 2.2837E-11 2.3605E-11 2.4383E-11 2.5171E-11 2.5969E-11 2.6775E-11 2.7589E-11 2.8410E-11 2.9236E-11
4.1793E-13 6.5538E-13 1.1213E-12 1.6752E-12 2.2596E-12 2.3999E-12 2.8296E-12 3.2870E-12 3.4859E-12 3.6946E-12 3.9134E-12 4.1425E-12 4.3823E-12 4.6330E-12 4.8950E-12 5.1686E-12 5.4541E-12 5.7518E-12 6.0619E-12 6.3847E-12 6.7204E-12 7.0695E-12 7.4319E-12 7.8081E-12 8.1982E-12 8.6023E-12 9.0208E-12 9.4536E-12 9.9011E-12 1.0363E-11 1.0840E-11 1.1332E-11 1.1838E-11 1.2360E-11 1.2896E-11 1.3447E-11 1.4013E-11 1.4594E-11 1.5189E-11 1.5799E-11 1.6423E-11 1.7060E-11 1.7712E-11 1.8376E-11 1.9054E-11 1.9744E-11 2.0446E-11 2.1161E-11 2.1886E-11 2.2622E-11 2.3368E-11 2.4124E-11 2.4888E-11 2.5661E-11 2.6440E-11 2.7227E-11 2.8019E-11
2.0439E-13 4.2740E-13 6.6936E-13 1.1436E-12 1.7065E-12 2.2997E-12 2.4411E-12 2.8761E-12 3.3389E-12 3.5388E-12 3.7483E-12 3.9677E-12 4.1974E-12 4.4376E-12 4.6885E-12 4.9506E-12 5.2240E-12 5.5091E-12 5.8061E-12 6.1153E-12 6.4369E-12 6.7711E-12 7.1183E-12 7.4786E-12 7.8522E-12 8.2393E-12 8.6401E-12 9.0546E-12 9.4832E-12 9.9258E-12 1.0383E-11 1.0853E-11 1.1339E-11 1.1838E-11 1.2352E-11 1.2880E-11 1.3422E-11 1.3978E-11 1.4548E-11 1.5132E-11 1.5729E-11 1.6340E-11 1.6964E-11 1.7600E-11 1.8249E-11 1.8910E-11 1.9583E-11 2.0267E-11 2.0962E-11 2.1667E-11 2.2381E-11 2.3105E-11 2.3837E-11 2.4577E-11 2.5324E-11 2.6077E-11 2.6836E-11
0.0000E+00 2.0904E-13 4.3655E-13 8.9231E-13 1.3727E-12 1.9423E-12 2.3377E-12 2.4798E-12 3.1961E-12 3.3874E-12 3.5879E-12 3.7980E-12 4.0178E-12 4.2477E-12 4.4879E-12 4.7387E-12 5.0005E-12 5.2733E-12 5.5576E-12 5.8536E-12 6.1614E-12 6.4814E-12 6.8137E-12 7.1585E-12 7.5161E-12 7.8866E-12 8.2702E-12 8.6671E-12 9.0772E-12 9.5009E-12 9.9381E-12 1.0389E-11 1.0853E-11 1.1331E-11 1.1823E-11 1.2328E-11 1.2847E-11 1.3380E-11 1.3925E-11 1.4484E-11 1.5056E-11 1.5640E-11 1.6237E-11 1.6847E-11 1.7468E-11 1.8101E-11 1.8745E-11 1.9399E-11 2.0064E-11 2.0739E-11 2.1423E-11 2.2116E-11 2.2816E-11 2.3524E-11 2.4239E-11 2.4960E-11 2.5687E-11
0.0000E+00 0.0000E+00 4.1891E-13 6.5476E-13 1.1162E-12 1.3962E-12 1.9734E-12 2.3733E-12 2.7937E-12 3.2405E-12 3.4323E-12 3.6332E-12 3.8435E-12 4.0634E-12 4.2932E-12 4.5331E-12 4.7835E-12 5.0445E-12 5.3165E-12 5.5996E-12 5.8940E-12 6.2001E-12 6.5180E-12 6.8479E-12 7.1899E-12 7.5444E-12 7.9113E-12 8.2909E-12 8.6833E-12 9.0885E-12 9.5067E-12 9.9379E-12 1.0382E-11 1.0839E-11 1.1310E-11 1.1793E-11 1.2290E-11 1.2799E-11 1.3321E-11 1.3855E-11 1.4402E-11 1.4961E-11 1.5533E-11 1.6115E-11 1.6710E-11 1.7315E-11 1.7931E-11 1.8557E-11 1.9193E-11 1.9838E-11 2.0493E-11 2.1155E-11 2.1826E-11 2.2503E-11 2.3187E-11 2.3877E-11 2.4571E-11
0.0000E+00 0.0000E+00 2.0492E-13 4.2709E-13 6.6667E-13 1.1349E-12 1.6880E-12 2.2700E-12 2.4064E-12 2.8307E-12 3.2814E-12 3.4734E-12 3.6745E-12 3.8847E-12 4.1044E-12 4.3338E-12 4.5731E-12 4.8227E-12 5.0826E-12 5.3533E-12 5.6348E-12 5.9274E-12 6.2313E-12 6.5466E-12 6.8736E-12 7.2125E-12 7.5633E-12 7.9262E-12 8.3013E-12 8.6887E-12 9.0884E-12 9.5007E-12 9.9254E-12 1.0363E-11 1.0812E-11 1.1274E-11 1.1749E-11 1.2236E-11 1.2735E-11 1.3246E-11 1.3768E-11 1.4303E-11 1.4849E-11 1.5406E-11 1.5974E-11 1.6553E-11 1.7142E-11 1.7740E-11 1.8348E-11 1.8965E-11 1.9591E-11 2.0224E-11 2.0865E-11 2.1512E-11 2.2166E-11 2.2826E-11 2.3490E-11
0.0000E+00 0.0000E+00 0.0000E+00 2.0893E-13 4.3488E-13 6.7795E-13 1.1525E-12 1.7121E-12 2.3002E-12 2.4370E-12 2.8647E-12 3.3186E-12 3.5107E-12 3.7115E-12 3.9214E-12 4.1406E-12 4.3692E-12 4.6077E-12 4.8560E-12 5.1146E-12 5.3835E-12 5.6631E-12 5.9534E-12 6.2547E-12 6.5672E-12 6.8909E-12 7.2260E-12 7.5727E-12 7.9311E-12 8.3012E-12 8.6831E-12 9.0770E-12 9.4827E-12 9.9004E-12 1.0330E-11 1.0771E-11 1.1225E-11 1.1690E-11 1.2167E-11 1.2655E-11 1.3154E-11 1.3665E-11 1.4187E-11 1.4719E-11 1.5262E-11 1.5814E-11 1.6377E-11 1.6949E-11 1.7530E-11 1.8119E-11 1.8717E-11 1.9322E-11 1.9934E-11 2.0553E-11 2.1177E-11 2.1807E-11 2.2442E-11
0.0000E+00 0.0000E+00 0.0000E+00 0.0000E+00 2.1276E-13 4.4228E-13 8.9342E-13 1.3758E-12 1.9393E-12 2.3280E-12 2.4649E-12 2.8954E-12 3.3521E-12 3.5439E-12 3.7443E-12 3.9535E-12 4.1719E-12 4.3995E-12 4.6366E-12 4.8835E-12 5.1403E-12 5.4072E-12 5.6844E-12 5.9721E-12 6.2704E-12 6.5795E-12 6.8995E-12 7.2305E-12 7.5727E-12 7.9261E-12 8.2907E-12 8.6667E-12 9.0541E-12 9.4529E-12 9.8631E-12 1.0285E-11 1.0717E-11 1.1161E-11 1.1617E-11 1.2083E-11 1.2560E-11 1.3047E-11 1.3545E-11 1.4054E-11 1.4572E-11 1.5099E-11 1.5637E-11 1.6183E-11 1.6737E-11 1.7300E-11 1.7871E-11 1.8448E-11 1.9033E-11 1.9623E-11 2.0220E-11 2.0821E-11 2.1427E-11
0.0000E+00 0.0000E+00 0.0000E+00 0.0000E+00 2.0381E-13 4.2337E-13 6.5868E-13 1.1172E-12 1.3932E-12 1.9618E-12 2.3532E-12 2.4900E-12 3.1987E-12 3.3817E-12 3.5729E-12 3.7726E-12 3.9809E-12 4.1981E-12 4.4244E-12 4.6600E-12 4.9050E-12 5.1597E-12 5.4242E-12 5.6987E-12 5.9834E-12 6.2783E-12 6.5836E-12 6.8995E-12 7.2260E-12 7.5631E-12 7.9111E-12 8.2699E-12 8.6396E-12 9.0201E-12 9.4115E-12 9.8137E-12 1.0227E-11 1.0650E-11 1.1085E-11 1.1529E-11 1.1984E-11 1.2450E-11 1.2925E-11 1.3410E-11 1.3904E-11 1.4408E-11 1.4920E-11 1.5441E-11 1.5971E-11 1.6508E-11 1.7052E-11 1.7603E-11 1.8161E-11 1.8725E-11 1.9294E-11 1.9867E-11 2.0446E-11
0.0000E+00 0.0000E+00 0.0000E+00 0.0000E+00 0.0000E+00 2.0717E-13 4.2977E-13 6.6776E-13 1.1310E-12 1.4091E-12 1.9821E-12 2.3757E-12 2.5122E-12 3.2249E-12 3.4072E-12 3.5977E-12 3.7963E-12 4.0035E-12 4.2193E-12 4.4439E-12 4.6776E-12 4.9204E-12 5.1727E-12 5.4344E-12 5.7059E-12 5.9871E-12 6.2783E-12 6.5795E-12 6.8908E-12 7.2124E-12 7.5442E-12 7.8863E-12 8.2388E-12 8.6017E-12 8.9749E-12 9.3585E-12 9.7523E-12 1.0156E-11 1.0570E-11 1.0995E-11 1.1429E-11 1.1872E-11 1.2325E-11 1.2788E-11 1.3259E-11 1.3739E-11 1.4228E-11 1.4725E-11 1.5230E-11 1.5742E-11 1.6261E-11 1.6787E-11 1.7318E-11 1.7856E-11 1.8398E-11 1.8946E-11 1.9497E-11
