Assets/Resources/2015_m01_d03_2100(utc+0800)_l00_csi_1hr_conc.grd
DSAA
         159         159
     -79.000      79.000
     -79.000      79.000
  0.2270E-10  0.1652E-04
[rows 100 to 124 of 159, columns 0 to 56 of 159]
1.0878E-10 1.1318E-10 1.1713E-10 1.2119E-10 1.2595E-10 1.3026E-10 1.3469E-10 1.3924E-10 1.4452E-10 1.4934E-10 1.5429E-10 1.5998E-10 1.6522E-10 1.7058E-10 1.7712E-10 1.8281E-10 1.8864E-10 1.9461E-10 2.0072E-10 2.0697E-10 2.1337E-10 2.1991E-10 2.2660E-10 2.3344E-10 2.4043E-10 2.4757E-10 2.5486E-10 2.6230E-10 2.6990E-10 2.7765E-10 2.8556E-10 2.9362E-10 3.0183E-10 3.1020E-10 3.1873E-10 3.2742E-10 3.3626E-10 3.4525E-10 3.5440E-10 3.6925E-10 3.7907E-10 3.8907E-10 3.9924E-10 4.0959E-10 4.2011E-10 4.3080E-10 4.4167E-10 4.5271E-10 4.6392E-10 4.7531E-10 4.8686E-10 4.9858E-10 5.1047E-10 5.2253E-10 5.3475E-10 5.4713E-10 5.5967E-10
1.0918E-10 1.1361E-10 1.1758E-10 1.2165E-10 1.2644E-10 1.3077E-10 1.3522E-10 1.4039E-10 1.4511E-10 1.4996E-10 1.5493E-10 1.6066E-10 1.6592E-10 1.7131E-10 1.7790E-10 1.8362E-10 1.8948E-10 1.9548E-10 2.0162E-10 2.0791E-10 2.1434E-10 2.2092E-10 2.2765E-10 2.3453E-10 2.4156E-10 2.4874E-10 2.5607E-10 2.6356E-10 2.7120E-10 2.7900E-10 2.8695E-10 2.9506E-10 3.0332E-10 3.1175E-10 3.2033E-10 3.2906E-10 3.3796E-10 3.4701E-10 3.6051E-10 3.7128E-10 3.8117E-10 3.9124E-10 4.0149E-10 4.1191E-10 4.2251E-10 4.3328E-10 4.4423E-10 4.5536E-10 4.6665E-10 4.7813E-10 4.8977E-10 5.0159E-10 5.1357E-10 5.2572E-10 5.3805E-10 5.5053E-10 5.6318E-10
1.1013E-10 1.1401E-10 1.1799E-10 1.2209E-10 1.2690E-10 1.3126E-10 1.3573E-10 1.4093E-10 1.4567E-10 1.5054E-10 1.5614E-10 1.6130E-10 1.6658E-10 1.7302E-10 1.7863E-10 1.8438E-10 1.9028E-10 1.9631E-10 2.0248E-10 2.0880E-10 2.1527E-10 2.2189E-10 2.2865E-10 2.3557E-10 2.4264E-10 2.4986E-10 2.5723E-10 2.6476E-10 2.7244E-10 2.8028E-10 2.8828E-10 2.9644E-10 3.0475E-10 3.1322E-10 3.2185E-10 3.3064E-10 3.3959E-10 3.4870E-10 3.6344E-10 3.7323E-10 3.8319E-10 3.9333E-10 4.0365E-10 4.1414E-10 4.2482E-10 4.3567E-10 4.4670E-10 4.5791E-10 4.6929E-10 4.8085E-10 4.9259E-10 5.0449E-10 5.1657E-10 5.2882E-10 5.4124E-10 5.5383E-10 5.6658E-10
1.1050E-10 1.1439E-10 1.1839E-10 1.2309E-10 1.2734E-10 1.3171E-10 1.3620E-10 1.4143E-10 1.4620E-10 1.5109E-10 1.5672E-10 1.6190E-10 1.6721E-10 1.7370E-10 1.7934E-10 1.8511E-10 1.9103E-10 1.9709E-10 2.0330E-10 2.0965E-10 2.1616E-10 2.2280E-10 2.2960E-10 2.3656E-10 2.4366E-10 2.5092E-10 2.5833E-10 2.6590E-10 2.7363E-10 2.8151E-10 2.8955E-10 2.9775E-10 3.0611E-10 3.1463E-10 3.2331E-10 3.3215E-10 3.4115E-10 3.5031E-10 3.6525E-10 3.7510E-10 3.8513E-10 3.9534E-10 4.0573E-10 4.1630E-10 4.2704E-10 4.3797E-10 4.4908E-10 4.6037E-10 4.7184E-10 4.8348E-10 4.9530E-10 5.0730E-10 5.1947E-10 5.3181E-10 5.4432E-10 5.5701E-10 5.6986E-10
1.1083E-10 1.1474E-10 1.1875E-10 1.2348E-10 1.2775E-10 1.3214E-10 1.3724E-10 1.4190E-10 1.4669E-10 1.5160E-10 1.5727E-10 1.6247E-10 1.6780E-10 1.7433E-10 1.8000E-10 1.8580E-10 1.9175E-10 1.9784E-10 2.0408E-10 2.1046E-10 2.1699E-10 2.2367E-10 2.3051E-10 2.3749E-10 2.4463E-10 2.5193E-10 2.5938E-10 2.6699E-10 2.7475E-10 2.8268E-10 2.9076E-10 2.9901E-10 3.0741E-10 3.1598E-10 3.2470E-10 3.3359E-10 3.4264E-10 3.5619E-10 3.6698E-10 3.7690E-10 3.8699E-10 3.9726E-10 4.0772E-10 4.1836E-10 4.2918E-10 4.4019E-10 4.5137E-10 4.6274E-10 4.7428E-10 4.8601E-10 4.9791E-10 5.1000E-10 5.2226E-10 5.3469E-10 5.4730E-10 5.6008E-10 5.7303E-10
1.1114E-10 1.1506E-10 1.1909E-10 1.2384E-10 1.2813E-10 1.3254E-10 1.3767E-10 1.4235E-10 1.4715E-10 1.5269E-10 1.5778E-10 1.6300E-10 1.6938E-10 1.7493E-10 1.8062E-10 1.8645E-10 1.9242E-10 1.9854E-10 2.0480E-10 2.1122E-10 2.1778E-10 2.2449E-10 2.3136E-10 2.3838E-10 2.4555E-10 2.5288E-10 2.6037E-10 2.6801E-10 2.7582E-10 2.8378E-10 2.9191E-10 3.0019E-10 3.0864E-10 3.1725E-10 3.2602E-10 3.3496E-10 3.4405E-10 3.5885E-10 3.6864E-10 3.7861E-10 3.8877E-10 3.9911E-10 4.0963E-10 4.2034E-10 4.3123E-10 4.4230E-10 4.5356E-10 4.6501E-10 4.7663E-10 4.8844E-10 5.0042E-10 5.1259E-10 5.2494E-10 5.3746E-10 5.5016E-10 5.6304E-10 5.7608E-10
1.1143E-10 1.1536E-10 1.1999E-10 1.2418E-10 1.2848E-10 1.3290E-10 1.3806E-10 1.4276E-10 1.4758E-10 1.5314E-10 1.5825E-10 1.6350E-10 1.6991E-10 1.7548E-10 1.8120E-10 1.8705E-10 1.9305E-10 1.9920E-10 2.0549E-10 2.1193E-10 2.1852E-10 2.2526E-10 2.3216E-10 2.3921E-10 2.4641E-10 2.5378E-10 2.6130E-10 2.6898E-10 2.7682E-10 2.8482E-10 2.9299E-10 3.0131E-10 3.0980E-10 3.1845E-10 3.2727E-10 3.3625E-10 3.4966E-10 3.6037E-10 3.7021E-10 3.8024E-10 3.9046E-10 4.0086E-10 4.1145E-10 4.2222E-10 4.3318E-10 4.4433E-10 4.5566E-10 4.6718E-10 4.7888E-10 4.9076E-10 5.0283E-10 5.1508E-10 5.2751E-10 5.4012E-10 5.5291E-10 5.6588E-10 5.8520E-10
1.1169E-10 1.1564E-10 1.2028E-10 1.2449E-10 1.2880E-10 1.3383E-10 1.3842E-10 1.4313E-10 1.4797E-10 1.5356E-10 1.5869E-10 1.6396E-10 1.7041E-10 1.7600E-10 1.8174E-10 1.8762E-10 1.9364E-10 1.9981E-10 2.0612E-10 2.1259E-10 2.1921E-10 2.2598E-10 2.3291E-10 2.3999E-10 2.4722E-10 2.5462E-10 2.6217E-10 2.6989E-10 2.7776E-10 2.8580E-10 2.9400E-10 3.0237E-10 3.1090E-10 3.1959E-10 3.2844E-10 3.3747E-10 3.5209E-10 3.6180E-10 3.7171E-10 3.8179E-10 3.9207E-10 4.0253E-10 4.1318E-10 4.2402E-10 4.3504E-10 4.4626E-10 4.5766E-10 4.6925E-10 4.8102E-10 4.9298E-10 5.0513E-10 5.1746E-10 5.2997E-10 5.4266E-10 5.5554E-10 5.6859E-10 5.8822E-10
1.1193E-10 1.1588E-10 1.2055E-10 1.2476E-10 1.2909E-10 1.3415E-10 1.3875E-10 1.4348E-10 1.4893E-10 1.5395E-10 1.5910E-10 1.6438E-10 1.7087E-10 1.7648E-10 1.8224E-10 1.8814E-10 1.9418E-10 2.0037E-10 2.0671E-10 2.1321E-10 2.1985E-10 2.2665E-10 2.3360E-10 2.4071E-10 2.4798E-10 2.5540E-10 2.6299E-10 2.7073E-10 2.7864E-10 2.8672E-10 2.9495E-10 3.0335E-10 3.1192E-10 3.2065E-10 3.2954E-10 3.3861E-10 3.5340E-10 3.6316E-10 3.7312E-10 3.8326E-10 3.9359E-10 4.0411E-10 4.1482E-10 4.2572E-10 4.3681E-10 4.4809E-10 4.5956E-10 4.7121E-10 4.8306E-10 4.9509E-10 5.0731E-10 5.1972E-10 5.3231E-10 5.4509E-10 5.5805E-10 5.7431E-10 5.9420E-10
1.1214E-10 1.1610E-10 1.2079E-10 1.2501E-10 1.2936E-10 1.3443E-10 1.3905E-10 1.4379E-10 1.4927E-10 1.5430E-10 1.5946E-10 1.6579E-10 1.7128E-10 1.7692E-10 1.8269E-10 1.8861E-10 1.9468E-10 2.0089E-10 2.0726E-10 2.1377E-10 2.2044E-10 2.2726E-10 2.3424E-10 2.4138E-10 2.4867E-10 2.5613E-10 2.6374E-10 2.7152E-10 2.7946E-10 2.8756E-10 2.9583E-10 3.0427E-10 3.1287E-10 3.2164E-10 3.3057E-10 3.4395E-10 3.5462E-10 3.6444E-10 3.7445E-10 3.8464E-10 3.9503E-10 4.0560E-10 4.1637E-10 4.2733E-10 4.3848E-10 4.4982E-10 4.6135E-10 4.7308E-10 4.8499E-10 4.9709E-10 5.0939E-10 5.2187E-10 5.3454E-10 5.4740E-10 5.6044E-10 5.8000E-10 5.9708E-10
1.1232E-10 1.1688E-10 1.2100E-10 1.2524E-10 1.2959E-10 1.3468E-10 1.3931E-10 1.4406E-10 1.4957E-10 1.5461E-10 1.5979E-10 1.6615E-10 1.7166E-10 1.7731E-10 1.8311E-10 1.8905E-10 1.9513E-10 2.0137E-10 2.0775E-10 2.1429E-10 2.2098E-10 2.2783E-10 2.3483E-10 2.4199E-10 2.4931E-10 2.5679E-10 2.6443E-10 2.7224E-10 2.8021E-10 2.8835E-10 2.9665E-10 3.0511E-10 3.1375E-10 3.2255E-10 3.3152E-10 3.4610E-10 3.5577E-10 3.6564E-10 3.7569E-10 3.8593E-10 3.9637E-10 4.0700E-10 4.1782E-10 4.2884E-10 4.4005E-10 4.5145E-10 4.6304E-10 4.7483E-10 4.8681E-10 4.9899E-10 5.1135E-10 5.2390E-10 5.3665E-10 5.4958E-10 5.6579E-10 5.8559E-10 6.0286E-10
1.1248E-10 1.1705E-10 1.2118E-10 1.2543E-10 1.3038E-10 1.3490E-10 1.3954E-10 1.4431E-10 1.4983E-10 1.5489E-10 1.6008E-10 1.6647E-10 1.7200E-10 1.7767E-10 1.8348E-10 1.8943E-10 1.9554E-10 2.0179E-10 2.0820E-10 2.1475E-10 2.2147E-10 2.2834E-10 2.3536E-10 2.4255E-10 2.4989E-10 2.5740E-10 2.6507E-10 2.7290E-10 2.8090E-10 2.8906E-10 2.9739E-10 3.0589E-10 3.1456E-10 3.2339E-10 3.3239E-10 3.4712E-10 3.5684E-10 3.6675E-10 3.7685E-10 3.8714E-10 3.9763E-10 4.0831E-10 4.1918E-10 4.3025E-10 4.4152E-10 4.5298E-10 4.6463E-10 4.7648E-10 4.8853E-10 5.0076E-10 5.1320E-10 5.2582E-10 5.3864E-10 5.5164E-10 5.7110E-10 5.8811E-10 6.0557E-10
1.1261E-10 1.1720E-10 1.2133E-10 1.2559E-10 1.3056E-10 1.3509E-10 1.3974E-10 1.4512E-10 1.5006E-10 1.5513E-10 1.6136E-10 1.6676E-10 1.7230E-10 1.7798E-10 1.8381E-10 1.8978E-10 1.9590E-10 2.0217E-10 2.0859E-10 2.1517E-10 2.2190E-10 2.2879E-10 2.3584E-10 2.4304E-10 2.5041E-10 2.5794E-10 2.6564E-10 2.7349E-10 2.8152E-10 2.8971E-10 2.9807E-10 3.0659E-10 3.1529E-10 3.2415E-10 3.3746E-10 3.4806E-10 3.5782E-10 3.6777E-10 3.7792E-10 3.8826E-10 3.9879E-10 4.0952E-10 4.2044E-10 4.3157E-10 4.4288E-10 4.5440E-10 4.6611E-10 4.7802E-10 4.9013E-10 5.0243E-10 5.1492E-10 5.2762E-10 5.4050E-10 5.5663E-10 5.7331E-10 5.9050E-10 6.0815E-10
1.1271E-10 1.1731E-10 1.2146E-10 1.2572E-10 1.3071E-10 1.3525E-10 1.3991E-10 1.4531E-10 1.5026E-10 1.5534E-10 1.6159E-10 1.6700E-10 1.7255E-10 1.7825E-10 1.8409E-10 1.9008E-10 1.9622E-10 2.0250E-10 2.0894E-10 2.1554E-10 2.2229E-10 2.2919E-10 2.3626E-10 2.4349E-10 2.5088E-10 2.5843E-10 2.6614E-10 2.7402E-10 2.8207E-10 2.9029E-10 2.9867E-10 3.0722E-10 3.1595E-10 3.2484E-10 3.3826E-10 3.4893E-10 3.5872E-10 3.6871E-10 3.7890E-10 3.8928E-10 3.9986E-10 4.1064E-10 4.2161E-10 4.3278E-10 4.4415E-10 4.5572E-10 4.6749E-10 4.7945E-10 4.9161E-10 5.0398E-10 5.1653E-10 5.2929E-10 5.4224E-10 5.5853E-10 5.7845E-10 5.9581E-10 6.1060E-10
1.1337E-10 1.1740E-10 1.2156E-10 1.2582E-10 1.3083E-10 1.3537E-10 1.4004E-10 1.4546E-10 1.5042E-10 1.5551E-10 1.6178E-10 1.6721E-10 1.7277E-10 1.7848E-10 1.8433E-10 1.9033E-10 1.9649E-10 2.0279E-10 2.0924E-10 2.1585E-10 2.2262E-10 2.2954E-10 2.3663E-10 2.4387E-10 2.5128E-10 2.5885E-10 2.6659E-10 2.7449E-10 2.8256E-10 2.9080E-10 2.9921E-10 3.0778E-10 3.1653E-10 3.2545E-10 3.4007E-10 3.4971E-10 3.5954E-10 3.6957E-10 3.7979E-10 3.9022E-10 4.0084E-10 4.1166E-10 4.2267E-10 4.3389E-10 4.4531E-10 4.5693E-10 4.6875E-10 4.8077E-10 4.9299E-10 5.0541E-10 5.1802E-10 5.3084E-10 5.4385E-10 5.6341E-10 5.8048E-10 5.9802E-10 6.1291E-10
1.1342E-10 1.1747E-10 1.2162E-10 1.2649E-10 1.3091E-10 1.3546E-10 1.4014E-10 1.4557E-10 1.5054E-10 1.5564E-10 1.6194E-10 1.6737E-10 1.7295E-10 1.7867E-10 1.8453E-10 1.9054E-10 1.9671E-10 2.0302E-10 2.0949E-10 2.1611E-10 2.2290E-10 2.2984E-10 2.3694E-10 2.4420E-10 2.5162E-10 2.5921E-10 2.6697E-10 2.7489E-10 2.8298E-10 2.9124E-10 2.9967E-10 3.0827E-10 3.1704E-10 3.2598E-10 3.4073E-10 3.5040E-10 3.6027E-10 3.7033E-10 3.8060E-10 3.9106E-10 4.0172E-10 4.1258E-10 4.2364E-10 4.3490E-10 4.4637E-10 4.5803E-10 4.6990E-10 4.8197E-10 4.9424E-10 5.0672E-10 5.1939E-10 5.3226E-10 5.4842E-10 5.6514E-10 5.8238E-10 6.0009E-10 6.1508E-10
1.1345E-10 1.1750E-10 1.2166E-10 1.2654E-10 1.3097E-10 1.3552E-10 1.4081E-10 1.4565E-10 1.5063E-10 1.5573E-10 1.6205E-10 1.6749E-10 1.7308E-10 1.7881E-10 1.8468E-10 1.9071E-10 1.9688E-10 2.0321E-10 2.0969E-10 2.1633E-10 2.2312E-10 2.3007E-10 2.3719E-10 2.4447E-10 2.5191E-10 2.5951E-10 2.6728E-10 2.7522E-10 2.8333E-10 2.9161E-10 3.0006E-10 3.0868E-10 3.1747E-10 3.3076E-10 3.4131E-10 3.5101E-10 3.6091E-10 3.7101E-10 3.8131E-10 3.9181E-10 4.0250E-10 4.1340E-10 4.2450E-10 4.3581E-10 4.4732E-10 4.5903E-10 4.7094E-10 4.8306E-10 4.9538E-10 5.0790E-10 5.2063E-10 5.3356E-10 5.5291E-10 5.6983E-10 5.8721E-10 6.0202E-10 6.1711E-10
1.1346E-10 1.1750E-10 1.2167E-10 1.2656E-10 1.3099E-10 1.3555E-10 1.4085E-10 1.4570E-10 1.5068E-10 1.5682E-10 1.6213E-10 1.6758E-10 1.7317E-10 1.7891E-10 1.8479E-10 1.9083E-10 1.9701E-10 2.0335E-10 2.0984E-10 2.1649E-10 2.2329E-10 2.3026E-10 2.3738E-10 2.4467E-10 2.5213E-10 2.5975E-10 2.6754E-10 2.7549E-10 2.8362E-10 2.9191E-10 3.0038E-10 3.0902E-10 3.1783E-10 3.3228E-10 3.4181E-10 3.5154E-10 3.6147E-10 3.7160E-10 3.8193E-10 3.9246E-10 4.0319E-10 4.1413E-10 4.2527E-10 4.3661E-10 4.4816E-10 4.5991E-10 4.7187E-10 4.8403E-10 4.9640E-10 5.0897E-10 5.2175E-10 5.3473E-10 5.5430E-10 5.7137E-10 5.8891E-10 6.0381E-10 6.1899E-10
1.1343E-10 1.1748E-10 1.2165E-10 1.2655E-10 1.3098E-10 1.3555E-10 1.4086E-10 1.4571E-10 1.5069E-10 1.5685E-10 1.6217E-10 1.6762E-10 1.7322E-10 1.7897E-10 1.8486E-10 1.9090E-10 1.9709E-10 2.0344E-10 2.0994E-10 2.1659E-10 2.2341E-10 2.3038E-10 2.3752E-10 2.4482E-10 2.5229E-10 2.5992E-10 2.6772E-10 2.7569E-10 2.8383E-10 2.9214E-10 3.0062E-10 3.0928E-10 3.1811E-10 3.3267E-10 3.4223E-10 3.5199E-10 3.6194E-10 3.7210E-10 3.8246E-10 3.9302E-10 4.0378E-10 4.1475E-10 4.2593E-10 4.3731E-10 4.4889E-10 4.6068E-10 4.7268E-10 4.8489E-10 4.9730E-10 5.0992E-10 5.2274E-10 5.3887E-10 5.5556E-10 5.7278E-10 5.9047E-10 6.0546E-10 6.2072E-10
1.1338E-10 1.1743E-10 1.2160E-10 1.2650E-10 1.3094E-10 1.3551E-10 1.4083E-10 1.4568E-10 1.5067E-10 1.5685E-10 1.6217E-10 1.6763E-10 1.7323E-10 1.7898E-10 1.8488E-10 1.9092E-10 1.9712E-10 2.0348E-10 2.0998E-10 2.1665E-10 2.2347E-10 2.3046E-10 2.3760E-10 2.4491E-10 2.5239E-10 2.6003E-10 2.6785E-10 2.7583E-10 2.8398E-10 2.9230E-10 3.0080E-10 3.0947E-10 3.2257E-10 3.3298E-10 3.4256E-10 3.5234E-10 3.6233E-10 3.7251E-10 3.8289E-10 3.9348E-10 4.0428E-10 4.1528E-10 4.2648E-10 4.3789E-10 4.4951E-10 4.6134E-10 4.7338E-10 4.8562E-10 4.9808E-10 5.1074E-10 5.2360E-10 5.4290E-10 5.5976E-10 5.7710E-10 5.9189E-10 6.0696E-10 6.2231E-10
1.1330E-10 1.1735E-10 1.2211E-10 1.2643E-10 1.3087E-10 1.3544E-10 1.4077E-10 1.4562E-10 1.5061E-10 1.5680E-10 1.6213E-10 1.6759E-10 1.7320E-10 1.7895E-10 1.8485E-10 1.9090E-10 1.9711E-10 2.0347E-10 2.0998E-10 2.1665E-10 2.2348E-10 2.3047E-10 2.3763E-10 2.4495E-10 2.5243E-10 2.6008E-10 2.6790E-10 2.7589E-10 2.8406E-10 2.9239E-10 3.0090E-10 3.0958E-10 3.2276E-10 3.3321E-10 3.4281E-10 3.5262E-10 3.6262E-10 3.7283E-10 3.8323E-10 3.9385E-10 4.0467E-10 4.1570E-10 4.2693E-10 4.3838E-10 4.5003E-10 4.6189E-10 4.7396E-10 4.8624E-10 4.9873E-10 5.1143E-10 5.2434E-10 5.4383E-10 5.6083E-10 5.7830E-10 5.9316E-10 6.0831E-10 6.2374E-10
1.1319E-10 1.1724E-10 1.2201E-10 1.2633E-10 1.3077E-10 1.3594E-10 1.4067E-10 1.4553E-10 1.5154E-10 1.5672E-10 1.6205E-10 1.6751E-10 1.7312E-10 1.7888E-10 1.8478E-10 1.9084E-10 1.9704E-10 2.0341E-10 2.0992E-10 2.1660E-10 2.2343E-10 2.3043E-10 2.3759E-10 2.4492E-10 2.5241E-10 2.6007E-10 2.6790E-10 2.7589E-10 2.8406E-10 2.9241E-10 3.0092E-10 3.0961E-10 3.2394E-10 3.3336E-10 3.4298E-10 3.5280E-10 3.6282E-10 3.7305E-10 3.8348E-10 3.9412E-10 4.0496E-10 4.1602E-10 4.2728E-10 4.3875E-10 4.5043E-10 4.6232E-10 4.7442E-10 4.8674E-10 4.9926E-10 5.1200E-10 5.2803E-10 5.4463E-10 5.6175E-10 5.7936E-10 5.9429E-10 6.0951E-10 6.2502E-10
1.1306E-10 1.1711E-10 1.2188E-10 1.2620E-10 1.3064E-10 1.3581E-10 1.4054E-10 1.4540E-10 1.5142E-10 1.5660E-10 1.6193E-10 1.6739E-10 1.7300E-10 1.7876E-10 1.8467E-10 1.9072E-10 1.9693E-10 2.0330E-10 2.0982E-10 2.1650E-10 2.2333E-10 2.3033E-10 2.3750E-10 2.4483E-10 2.5232E-10 2.5999E-10 2.6782E-10 2.7583E-10 2.8400E-10 2.9235E-10 3.0088E-10 3.0957E-10 3.2399E-10 3.3343E-10 3.4306E-10 3.5290E-10 3.6294E-10 3.7318E-10 3.8363E-10 3.9429E-10 4.0516E-10 4.1623E-10 4.2752E-10 4.3901E-10 4.5072E-10 4.6264E-10 4.7477E-10 4.8711E-10 4.9967E-10 5.1244E-10 5.2858E-10 5.4834E-10 5.6555E-10 5.8027E-10 5.9527E-10 6.1056E-10 6.2614E-10
1.1290E-10 1.1694E-10 1.2172E-10 1.2603E-10 1.3047E-10 1.3565E-10 1.4037E-10 1.4523E-10 1.5126E-10 1.5644E-10 1.6177E-10 1.6723E-10 1.7285E-10 1.7860E-10 1.8451E-10 1.9057E-10 1.9677E-10 2.0314E-10 2.0966E-10 2.1634E-10 2.2318E-10 2.3018E-10 2.3735E-10 2.4468E-10 2.5218E-10 2.5985E-10 2.6768E-10 2.7569E-10 2.8387E-10 2.9223E-10 3.0075E-10 3.0946E-10 3.2396E-10 3.3341E-10 3.4306E-10 3.5291E-10 3.6296E-10 3.7322E-10 3.8369E-10 3.9437E-10 4.0525E-10 4.1635E-10 4.2765E-10 4.3917E-10 4.5090E-10 4.6284E-10 4.7500E-10 4.8737E-10 4.9995E-10 5.1275E-10 5.3207E-10 5.4893E-10 5.6626E-10 5.8103E-10 5.9610E-10 6.1145E-10 6.2711E-10
1.1271E-10 1.1675E-10 1.2153E-10 1.2584E-10 1.3027E-10 1.3546E-10 1.4018E-10 1.4503E-10 1.5107E-10 1.5625E-10 1.6157E-10 1.6704E-10 1.7264E-10 1.7840E-10 1.8430E-10 1.9036E-10 1.9657E-10 2.0293E-10 2.0945E-10 2.1613E-10 2.2297E-10 2.2997E-10 2.3714E-10 2.4447E-10 2.5197E-10 2.5964E-10 2.6748E-10 2.7549E-10 2.8367E-10 2.9203E-10 3.0056E-10 3.1356E-10 3.2385E-10 3.3331E-10 3.4297E-10 3.5283E-10 3.6290E-10 3.7317E-10 3.8365E-10 3.9434E-10 4.0524E-10 4.1635E-10 4.2768E-10 4.3921E-10 4.5096E-10 4.6293E-10 4.7511E-10 4.8750E-10 5.0011E-10 5.1598E-10 5.3242E-10 5.4938E-10 5.6683E-10 5.8165E-10 5.9678E-10 6.1219E-10 6.2791E-10
