Assets/Resources/2015_m01_d24_2100(utc+0800)_l00_csi_1hr_conc.grd
DSAA
         159         159
     -79.000      79.000
     -79.000      79.000
  0.0000E+00  0.4248E-05
[rows 100 to 124 of 159, columns 0 to 56 of 159]
7.7091E-12 7.7160E-12 7.7210E-12 7.7239E-12 7.7247E-12 7.7235E-12 7.7202E-12 7.7148E-12 7.7075E-12 7.6981E-12 7.6866E-12 7.6732E-12 7.6577E-12 7.6402E-12 7.6207E-12 7.5993E-12 7.5759E-12 7.5505E-12 7.5233E-12 7.4941E-12 7.4631E-12 7.4303E-12 7.3956E-12 7.3591E-12 7.3209E-12 7.2809E-12 7.2392E-12 7.1958E-12 7.1508E-12 7.1042E-12 7.0560E-12 7.0063E-12 6.9551E-12 6.9024E-12 6.8483E-12 6.7929E-12 6.7360E-12 6.6779E-12 6.6185E-12 6.5580E-12 6.4962E-12 6.4333E-12 6.3693E-12 6.3043E-12 6.2383E-12 6.1713E-12 6.1035E-12 6.0347E-12 5.9652E-12 5.8949E-12 5.8239E-12 5.7522E-12 5.6799E-12 5.6070E-12 5.5336E-12 5.4597E-12 5.3853E-12
7.5028E-12 7.5096E-12 7.5144E-12 7.5173E-12 7.5180E-12 7.5168E-12 7.5137E-12 7.5085E-12 7.5013E-12 7.4921E-12 7.4810E-12 7.4679E-12 7.4528E-12 7.4358E-12 7.4169E-12 7.3960E-12 7.3732E-12 7.3486E-12 7.3220E-12 7.2937E-12 7.2635E-12 7.2315E-12 7.1978E-12 7.1623E-12 7.1251E-12 7.0861E-12 7.0456E-12 7.0034E-12 6.9596E-12 6.9142E-12 6.8673E-12 6.8189E-12 6.7691E-12 6.7178E-12 6.6652E-12 6.6112E-12 6.5559E-12 6.4993E-12 6.4415E-12 6.3825E-12 6.3225E-12 6.2612E-12 6.1990E-12 6.1357E-12 6.0715E-12 6.0063E-12 5.9402E-12 5.8734E-12 5.8057E-12 5.7373E-12 5.6682E-12 5.5984E-12 5.5280E-12 5.4571E-12 5.3856E-12 5.3137E-12 5.2413E-12
7.3002E-12 7.3068E-12 7.3115E-12 7.3142E-12 7.3150E-12 7.3138E-12 7.3107E-12 7.3057E-12 7.2987E-12 7.2898E-12 7.2790E-12 7.2662E-12 7.2515E-12 7.2350E-12 7.2166E-12 7.1962E-12 7.1741E-12 7.1501E-12 7.1243E-12 7.0967E-12 7.0674E-12 7.0362E-12 7.0034E-12 6.9689E-12 6.9326E-12 6.8948E-12 6.8553E-12 6.8143E-12 6.7716E-12 6.7275E-12 6.6819E-12 6.6348E-12 6.5863E-12 6.5364E-12 6.4852E-12 6.4327E-12 6.3789E-12 6.3238E-12 6.2676E-12 6.2102E-12 6.1517E-12 6.0922E-12 6.0316E-12 5.9700E-12 5.9075E-12 5.8441E-12 5.7798E-12 5.7148E-12 5.6489E-12 5.5824E-12 5.5151E-12 5.4472E-12 5.3788E-12 5.3097E-12 5.2402E-12 5.1702E-12 5.0998E-12
7.1011E-12 7.1076E-12 7.1121E-12 7.1148E-12 7.1155E-12 7.1144E-12 7.1114E-12 7.1065E-12 7.0997E-12 7.0910E-12 7.0805E-12 7.0681E-12 7.0538E-12 7.0377E-12 7.0198E-12 7.0000E-12 6.9785E-12 6.9552E-12 6.9300E-12 6.9032E-12 6.8747E-12 6.8444E-12 6.8124E-12 6.7788E-12 6.7436E-12 6.7068E-12 6.6684E-12 6.6285E-12 6.5870E-12 6.5441E-12 6.4997E-12 6.4539E-12 6.4067E-12 6.3582E-12 6.3084E-12 6.2573E-12 6.2049E-12 6.1514E-12 6.0967E-12 6.0409E-12 5.9840E-12 5.9261E-12 5.8672E-12 5.8073E-12 5.7465E-12 5.6848E-12 5.6223E-12 5.5590E-12 5.4949E-12 5.4302E-12 5.3648E-12 5.2987E-12 5.2321E-12 5.1650E-12 5.0973E-12 5.0293E-12 4.9608E-12
6.9057E-12 6.9119E-12 6.9163E-12 6.9189E-12 6.9197E-12 6.9186E-12 6.9156E-12 6.9109E-12 6.9043E-12 6.8958E-12 6.8856E-12 6.8735E-12 6.8597E-12 6.8440E-12 6.8266E-12 6.8073E-12 6.7864E-12 6.7637E-12 6.7393E-12 6.7132E-12 6.6854E-12 6.6560E-12 6.6249E-12 6.5923E-12 6.5580E-12 6.5222E-12 6.4849E-12 6.4460E-12 6.4057E-12 6.3640E-12 6.3208E-12 6.2763E-12 6.2304E-12 6.1832E-12 6.1348E-12 6.0851E-12 6.0342E-12 5.9821E-12 5.9289E-12 5.8746E-12 5.8193E-12 5.7630E-12 5.7057E-12 5.6474E-12 5.5883E-12 5.5284E-12 5.4676E-12 5.4060E-12 5.3437E-12 5.2807E-12 5.2171E-12 5.1529E-12 5.0881E-12 5.0228E-12 4.9571E-12 4.8908E-12 4.8242E-12
6.7138E-12 6.7198E-12 6.7241E-12 6.7267E-12 6.7274E-12 6.7263E-12 6.7235E-12 6.7188E-12 6.7124E-12 6.7042E-12 6.6943E-12 6.6825E-12 6.6691E-12 6.6538E-12 6.6369E-12 6.6182E-12 6.5979E-12 6.5758E-12 6.5521E-12 6.5267E-12 6.4997E-12 6.4711E-12 6.4409E-12 6.4091E-12 6.3758E-12 6.3410E-12 6.3047E-12 6.2669E-12 6.2278E-12 6.1872E-12 6.1452E-12 6.1019E-12 6.0573E-12 6.0114E-12 5.9643E-12 5.9160E-12 5.8665E-12 5.8159E-12 5.7642E-12 5.7115E-12 5.6577E-12 5.6029E-12 5.5472E-12 5.4906E-12 5.4331E-12 5.3748E-12 5.3157E-12 5.2558E-12 5.1953E-12 5.1340E-12 5.0722E-12 5.0098E-12 4.9468E-12 4.8833E-12 4.8194E-12 4.7550E-12 4.6902E-12
6.5255E-12 6.5314E-12 6.5356E-12 6.5380E-12 6.5387E-12 6.5377E-12 6.5349E-12 6.5304E-12 6.5242E-12 6.5162E-12 6.5066E-12 6.4951E-12 6.4821E-12 6.4672E-12 6.4508E-12 6.4326E-12 6.4128E-12 6.3914E-12 6.3683E-12 6.3437E-12 6.3174E-12 6.2896E-12 6.2603E-12 6.2294E-12 6.1970E-12 6.1632E-12 6.1279E-12 6.0912E-12 6.0531E-12 6.0137E-12 5.9729E-12 5.9308E-12 5.8875E-12 5.8429E-12 5.7971E-12 5.7501E-12 5.7021E-12 5.6528E-12 5.6026E-12 5.5513E-12 5.4990E-12 5.4458E-12 5.3916E-12 5.3366E-12 5.2807E-12 5.2241E-12 5.1666E-12 5.1085E-12 5.0496E-12 4.9901E-12 4.9300E-12 4.8693E-12 4.8081E-12 4.7464E-12 4.6843E-12 4.6217E-12 4.5587E-12
6.3408E-12 6.3466E-12 6.3506E-12 6.3530E-12 6.3537E-12 6.3527E-12 6.3500E-12 6.3456E-12 6.3395E-12 6.3318E-12 6.3224E-12 6.3113E-12 6.2986E-12 6.2842E-12 6.2682E-12 6.2506E-12 6.2313E-12 6.2105E-12 6.1881E-12 6.1641E-12 6.1386E-12 6.1116E-12 6.0831E-12 6.0531E-12 6.0216E-12 5.9888E-12 5.9545E-12 5.9188E-12 5.8818E-12 5.8435E-12 5.8039E-12 5.7630E-12 5.7209E-12 5.6775E-12 5.6331E-12 5.5874E-12 5.5407E-12 5.4929E-12 5.4441E-12 5.3942E-12 5.3434E-12 5.2917E-12 5.2391E-12 5.1856E-12 5.1313E-12 5.0762E-12 5.0204E-12 4.9639E-12 4.9067E-12 4.8489E-12 4.7905E-12 4.7315E-12 4.6721E-12 4.6121E-12 4.5517E-12 4.4909E-12 4.4298E-12
6.1597E-12 6.1653E-12 6.1692E-12 6.1715E-12 6.1722E-12 6.1712E-12 6.1686E-12 6.1644E-12 6.1585E-12 6.1510E-12 6.1418E-12 6.1311E-12 6.1187E-12 6.1047E-12 6.0892E-12 6.0721E-12 6.0534E-12 6.0332E-12 6.0114E-12 5.9881E-12 5.9633E-12 5.9371E-12 5.9094E-12 5.8802E-12 5.8497E-12 5.8177E-12 5.7845E-12 5.7498E-12 5.7139E-12 5.6766E-12 5.6381E-12 5.5984E-12 5.5575E-12 5.5154E-12 5.4722E-12 5.4279E-12 5.3825E-12 5.3360E-12 5.2886E-12 5.2402E-12 5.1908E-12 5.1406E-12 5.0895E-12 5.0375E-12 4.9848E-12 4.9313E-12 4.8771E-12 4.8222E-12 4.7666E-12 4.7105E-12 4.6537E-12 4.5964E-12 4.5387E-12 4.4804E-12 4.4218E-12 4.3627E-12 4.3033E-12
5.9822E-12 5.9876E-12 5.9914E-12 5.9937E-12 5.9943E-12 5.9934E-12 5.9908E-12 5.9867E-12 5.9810E-12 5.9737E-12 5.9648E-12 5.9544E-12 5.9424E-12 5.9288E-12 5.9137E-12 5.8971E-12 5.8789E-12 5.8593E-12 5.8382E-12 5.8155E-12 5.7915E-12 5.7660E-12 5.7391E-12 5.7108E-12 5.6811E-12 5.6501E-12 5.6178E-12 5.5841E-12 5.5492E-12 5.5130E-12 5.4757E-12 5.4371E-12 5.3974E-12 5.3565E-12 5.3145E-12 5.2715E-12 5.2274E-12 5.1823E-12 5.1362E-12 5.0892E-12 5.0413E-12 4.9925E-12 4.9428E-12 4.8924E-12 4.8412E-12 4.7892E-12 4.7366E-12 4.6832E-12 4.6293E-12 4.5747E-12 4.5196E-12 4.4640E-12 4.4079E-12 4.3513E-12 4.2944E-12 4.2370E-12 4.1793E-12
5.8082E-12 5.8135E-12 5.8172E-12 5.8194E-12 5.8200E-12 5.8191E-12 5.8166E-12 5.8126E-12 5.8071E-12 5.8000E-12 5.7914E-12 5.7812E-12 5.7696E-12 5.7564E-12 5.7418E-12 5.7256E-12 5.7080E-12 5.6889E-12 5.6684E-12 5.6464E-12 5.6231E-12 5.5983E-12 5.5722E-12 5.5447E-12 5.5159E-12 5.4858E-12 5.4544E-12 5.4217E-12 5.3879E-12 5.3528E-12 5.3164E-12 5.2790E-12 5.2404E-12 5.2008E-12 5.1600E-12 5.1182E-12 5.0754E-12 5.0316E-12 4.9869E-12 4.9412E-12 4.8947E-12 4.8473E-12 4.7991E-12 4.7502E-12 4.7004E-12 4.6500E-12 4.5989E-12 4.5471E-12 4.4947E-12 4.4417E-12 4.3882E-12 4.3342E-12 4.2798E-12 4.2248E-12 4.1695E-12 4.1138E-12 4.0578E-12
5.6378E-12 5.6429E-12 5.6465E-12 5.6487E-12 5.6493E-12 5.6484E-12 5.6460E-12 5.6421E-12 5.6367E-12 5.6299E-12 5.6215E-12 5.6116E-12 5.6003E-12 5.5876E-12 5.5733E-12 5.5576E-12 5.5406E-12 5.5220E-12 5.5021E-12 5.4808E-12 5.4581E-12 5.4341E-12 5.4088E-12 5.3821E-12 5.3541E-12 5.3249E-12 5.2944E-12 5.2627E-12 5.2298E-12 5.1957E-12 5.1605E-12 5.1242E-12 5.0867E-12 5.0482E-12 5.0087E-12 4.9681E-12 4.9265E-12 4.8840E-12 4.8406E-12 4.7963E-12 4.7511E-12 4.7051E-12 4.6584E-12 4.6108E-12 4.5626E-12 4.5136E-12 4.4640E-12 4.4137E-12 4.3629E-12 4.3115E-12 4.2595E-12 4.2071E-12 4.1542E-12 4.1009E-12 4.0472E-12 3.9932E-12 3.9388E-12
5.4710E-12 5.4759E-12 5.4794E-12 5.4815E-12 5.4821E-12 5.4812E-12 5.4789E-12 5.4751E-12 5.4699E-12 5.4632E-12 5.4551E-12 5.4456E-12 5.4346E-12 5.4222E-12 5.4084E-12 5.3932E-12 5.3766E-12 5.3586E-12 5.3393E-12 5.3186E-12 5.2966E-12 5.2733E-12 5.2487E-12 5.2228E-12 5.1957E-12 5.1673E-12 5.1377E-12 5.1070E-12 5.0751E-12 5.0420E-12 5.0078E-12 4.9726E-12 4.9362E-12 4.8988E-12 4.8604E-12 4.8211E-12 4.7808E-12 4.7395E-12 4.6974E-12 4.6544E-12 4.6106E-12 4.5659E-12 4.5205E-12 4.4744E-12 4.4276E-12 4.3800E-12 4.3319E-12 4.2831E-12 4.2338E-12 4.1839E-12 4.1335E-12 4.0826E-12 4.0313E-12 3.9796E-12 3.9275E-12 3.8750E-12 3.8223E-12
5.3076E-12 5.3125E-12 5.3158E-12 5.3178E-12 5.3184E-12 5.3176E-12 5.3153E-12 5.3117E-12 5.3066E-12 5.3002E-12 5.2923E-12 5.2830E-12 5.2724E-12 5.2603E-12 5.2469E-12 5.2322E-12 5.2161E-12 5.1986E-12 5.1799E-12 5.1599E-12 5.1385E-12 5.1159E-12 5.0920E-12 5.0669E-12 5.0406E-12 5.0131E-12 4.9844E-12 4.9545E-12 4.9236E-12 4.8915E-12 4.8583E-12 4.8241E-12 4.7889E-12 4.7526E-12 4.7154E-12 4.6772E-12 4.6381E-12 4.5981E-12 4.5572E-12 4.5155E-12 4.4729E-12 4.4297E-12 4.3856E-12 4.3409E-12 4.2954E-12 4.2493E-12 4.2026E-12 4.1553E-12 4.1074E-12 4.0590E-12 4.0101E-12 3.9608E-12 3.9110E-12 3.8608E-12 3.8103E-12 3.7594E-12 3.7082E-12
5.1478E-12 5.1525E-12 5.1558E-12 5.1577E-12 5.1583E-12 5.1575E-12 5.1553E-12 5.1518E-12 5.1468E-12 5.1406E-12 5.1329E-12 5.1239E-12 5.1136E-12 5.1019E-12 5.0890E-12 5.0747E-12 5.0590E-12 5.0421E-12 5.0240E-12 5.0045E-12 4.9838E-12 4.9619E-12 4.9387E-12 4.9144E-12 4.8888E-12 4.8621E-12 4.8343E-12 4.8054E-12 4.7753E-12 4.7442E-12 4.7121E-12 4.6789E-12 4.6447E-12 4.6095E-12 4.5734E-12 4.5364E-12 4.4984E-12 4.4596E-12 4.4200E-12 4.3795E-12 4.3383E-12 4.2963E-12 4.2536E-12 4.2102E-12 4.1661E-12 4.1214E-12 4.0761E-12 4.0302E-12 3.9838E-12 3.9368E-12 3.8894E-12 3.8416E-12 3.7933E-12 3.7446E-12 3.6956E-12 3.6462E-12 3.5966E-12
4.9915E-12 4.9960E-12 4.9992E-12 5.0011E-12 5.0016E-12 5.0009E-12 4.9987E-12 4.9953E-12 4.9905E-12 4.9844E-12 4.9770E-12 4.9683E-12 4.9583E-12 4.9470E-12 4.9344E-12 4.9205E-12 4.9054E-12 4.8890E-12 4.8714E-12 4.8525E-12 4.8325E-12 4.8112E-12 4.7887E-12 4.7651E-12 4.7404E-12 4.7145E-12 4.6875E-12 4.6595E-12 4.6303E-12 4.6002E-12 4.5690E-12 4.5368E-12 4.5036E-12 4.4695E-12 4.4345E-12 4.3986E-12 4.3618E-12 4.3242E-12 4.2858E-12 4.2465E-12 4.2066E-12 4.1658E-12 4.1244E-12 4.0823E-12 4.0396E-12 3.9963E-12 3.9523E-12 3.9078E-12 3.8628E-12 3.8173E-12 3.7713E-12 3.7249E-12 3.6781E-12 3.6309E-12 3.5834E-12 3.5355E-12 3.4874E-12
4.8386E-12 4.8430E-12 4.8461E-12 4.8479E-12 4.8484E-12 4.8477E-12 4.8456E-12 4.8423E-12 4.8377E-12 4.8318E-12 4.8246E-12 4.8162E-12 4.8065E-12 4.7955E-12 4.7833E-12 4.7698E-12 4.7552E-12 4.7393E-12 4.7222E-12 4.7039E-12 4.6845E-12 4.6638E-12 4.6421E-12 4.6192E-12 4.5952E-12 4.5701E-12 4.5440E-12 4.5168E-12 4.4885E-12 4.4593E-12 4.4291E-12 4.3979E-12 4.3657E-12 4.3327E-12 4.2987E-12 4.2639E-12 4.2283E-12 4.1918E-12 4.1545E-12 4.1165E-12 4.0778E-12 4.0383E-12 3.9981E-12 3.9573E-12 3.9159E-12 3.8739E-12 3.8313E-12 3.7882E-12 3.7445E-12 3.7004E-12 3.6559E-12 3.6109E-12 3.5655E-12 3.5197E-12 3.4736E-12 3.4273E-12 3.3806E-12
4.6891E-12 4.6934E-12 4.6964E-12 4.6982E-12 4.6987E-12 4.6980E-12 4.6960E-12 4.6927E-12 4.6883E-12 4.6826E-12 4.6756E-12 4.6674E-12 4.6580E-12 4.6474E-12 4.6356E-12 4.6225E-12 4.6083E-12 4.5929E-12 4.5764E-12 4.5586E-12 4.5398E-12 4.5198E-12 4.4987E-12 4.4766E-12 4.4533E-12 4.4290E-12 4.4036E-12 4.3773E-12 4.3499E-12 4.3216E-12 4.2923E-12 4.2621E-12 4.2309E-12 4.1989E-12 4.1660E-12 4.1323E-12 4.0977E-12 4.0624E-12 4.0262E-12 3.9894E-12 3.9518E-12 3.9136E-12 3.8747E-12 3.8351E-12 3.7950E-12 3.7543E-12 3.7130E-12 3.6712E-12 3.6289E-12 3.5862E-12 3.5430E-12 3.4994E-12 3.4554E-12 3.4111E-12 3.3664E-12 3.3214E-12 3.2762E-12
4.5431E-12 4.5472E-12 4.5501E-12 4.5519E-12 4.5524E-12 4.5516E-12 4.5497E-12 4.5466E-12 4.5423E-12 4.5367E-12 4.5300E-12 4.5221E-12 4.5130E-12 4.5027E-12 4.4912E-12 4.4786E-12 4.4648E-12 4.4499E-12 4.4338E-12 4.4167E-12 4.3984E-12 4.3791E-12 4.3586E-12 4.3372E-12 4.3146E-12 4.2911E-12 4.2665E-12 4.2410E-12 4.2145E-12 4.1870E-12 4.1586E-12 4.1293E-12 4.0992E-12 4.0681E-12 4.0363E-12 4.0036E-12 3.9701E-12 3.9359E-12 3.9009E-12 3.8652E-12 3.8288E-12 3.7917E-12 3.7540E-12 3.7157E-12 3.6768E-12 3.6374E-12 3.5974E-12 3.5569E-12 3.5159E-12 3.4745E-12 3.4327E-12 3.3904E-12 3.3478E-12 3.3049E-12 3.2616E-12 3.2180E-12 3.1742E-12
4.4004E-12 4.4044E-12 4.4073E-12 4.4089E-12 4.4094E-12 4.4087E-12 4.4069E-12 4.4038E-12 4.3996E-12 4.3943E-12 4.3878E-12 4.3801E-12 4.3713E-12 4.3613E-12 4.3502E-12 4.3380E-12 4.3246E-12 4.3102E-12 4.2946E-12 4.2780E-12 4.2603E-12 4.2416E-12 4.2218E-12 4.2010E-12 4.1792E-12 4.1564E-12 4.1326E-12 4.1078E-12 4.0821E-12 4.0556E-12 4.0281E-12 3.9997E-12 3.9705E-12 3.9404E-12 3.9095E-12 3.8779E-12 3.8455E-12 3.8123E-12 3.7784E-12 3.7438E-12 3.7086E-12 3.6727E-12 3.6362E-12 3.5991E-12 3.5614E-12 3.5232E-12 3.4845E-12 3.4452E-12 3.4056E-12 3.3654E-12 3.3249E-12 3.2840E-12 3.2427E-12 3.2011E-12 3.1592E-12 3.1170E-12 3.0746E-12
4.2611E-12 4.2650E-12 4.2677E-12 4.2693E-12 4.2698E-12 4.2691E-12 4.2674E-12 4.2644E-12 4.2604E-12 4.2552E-12 4.2488E-12 4.2414E-12 4.2329E-12 4.2232E-12 4.2125E-12 4.2006E-12 4.1877E-12 4.1737E-12 4.1587E-12 4.1426E-12 4.1255E-12 4.1073E-12 4.0881E-12 4.0680E-12 4.0469E-12 4.0248E-12 4.0018E-12 3.9778E-12 3.9529E-12 3.9272E-12 3.9006E-12 3.8731E-12 3.8448E-12 3.8157E-12 3.7858E-12 3.7551E-12 3.7237E-12 3.6916E-12 3.6588E-12 3.6253E-12 3.5912E-12 3.5564E-12 3.5211E-12 3.4852E-12 3.4487E-12 3.4117E-12 3.3742E-12 3.3362E-12 3.2978E-12 3.2589E-12 3.2197E-12 3.1800E-12 3.1401E-12 3.0998E-12 3.0592E-12 3.0184E-12 2.9773E-12
4.1251E-12 4.1289E-12 4.1315E-12 4.1331E-12 4.1335E-12 4.1329E-12 4.1311E-12 4.1283E-12 4.1244E-12 4.1194E-12 4.1133E-12 4.1061E-12 4.0978E-12 4.0884E-12 4.0780E-12 4.0666E-12 4.0541E-12 4.0405E-12 4.0260E-12 4.0104E-12 3.9938E-12 3.9762E-12 3.9577E-12 3.9382E-12 3.9177E-12 3.8963E-12 3.8740E-12 3.8509E-12 3.8268E-12 3.8019E-12 3.7761E-12 3.7495E-12 3.7221E-12 3.6939E-12 3.6650E-12 3.6353E-12 3.6049E-12 3.5738E-12 3.5421E-12 3.5096E-12 3.4766E-12 3.4430E-12 3.4087E-12 3.3740E-12 3.3386E-12 3.3028E-12 3.2665E-12 3.2297E-12 3.1925E-12 3.1549E-12 3.1169E-12 3.0786E-12 3.0399E-12 3.0009E-12 2.9616E-12 2.9220E-12 2.8823E-12
3.9924E-12 3.9960E-12 3.9986E-12 4.0001E-12 4.0006E-12 3.9999E-12 3.9982E-12 3.9955E-12 3.9917E-12 3.9868E-12 3.9809E-12 3.9739E-12 3.9659E-12 3.9569E-12 3.9468E-12 3.9357E-12 3.9236E-12 3.9105E-12 3.8964E-12 3.8813E-12 3.8653E-12 3.8483E-12 3.8304E-12 3.8115E-12 3.7917E-12 3.7710E-12 3.7494E-12 3.7270E-12 3.7037E-12 3.6795E-12 3.6546E-12 3.6289E-12 3.6024E-12 3.5751E-12 3.5471E-12 3.5184E-12 3.4889E-12 3.4589E-12 3.4281E-12 3.3967E-12 3.3648E-12 3.3322E-12 3.2991E-12 3.2654E-12 3.2312E-12 3.1966E-12 3.1614E-12 3.1258E-12 3.0898E-12 3.0535E-12 3.0167E-12 2.9796E-12 2.9421E-12 2.9044E-12 2.8663E-12 2.8281E-12 2.7896E-12
3.8629E-12 3.8664E-12 3.8689E-12 3.8704E-12 3.8708E-12 3.8702E-12 3.8686E-12 3.8659E-12 3.8622E-12 3.8575E-12 3.8518E-12 3.8451E-12 3.8373E-12 3.8286E-12 3.8188E-12 3.8081E-12 3.7964E-12 3.7837E-12 3.7701E-12 3.7555E-12 3.7399E-12 3.7235E-12 3.7061E-12 3.6879E-12 3.6687E-12 3.6487E-12 3.6278E-12 3.6061E-12 3.5836E-12 3.5602E-12 3.5361E-12 3.5112E-12 3.4855E-12 3.4592E-12 3.4321E-12 3.4043E-12 3.3758E-12 3.3467E-12 3.3170E-12 3.2866E-12 3.2557E-12 3.2242E-12 3.1921E-12 3.1595E-12 3.1265E-12 3.0929E-12 3.0589E-12 3.0245E-12 2.9897E-12 2.9544E-12 2.9189E-12 2.8829E-12 2.8467E-12 2.8102E-12 2.7734E-12 2.7364E-12 2.6991E-12
3.7366E-12 3.7400E-12 3.7424E-12 3.7439E-12 3.7443E-12 3.7437E-12 3.7421E-12 3.7395E-12 3.7360E-12 3.7314E-12 3.7259E-12 3.7194E-12 3.7119E-12 3.7034E-12 3.6940E-12 3.6836E-12 3.6723E-12 3.6600E-12 3.6468E-12 3.6327E-12 3.6177E-12 3.6018E-12 3.5850E-12 3.5673E-12 3.5488E-12 3.5294E-12 3.5092E-12 3.4882E-12 3.4664E-12 3.4439E-12 3.4205E-12 3.3964E-12 3.3716E-12 3.3461E-12 3.3199E-12 3.2930E-12 3.2655E-12 3.2373E-12 3.2085E-12 3.1792E-12 3.1493E-12 3.1188E-12 3.0878E-12 3.0563E-12 3.0243E-12 2.9918E-12 2.9590E-12 2.9257E-12 2.8920E-12 2.8579E-12 2.8235E-12 2.7887E-12 2.7537E-12 2.7184E-12 2.6828E-12 2.6470E-12 2.6109E-12
