Assets/Resources/2015_m01_d05_0800(utc+0800)_l00_csi_1hr_conc.grd
DSAA
         159         159
     -79.000      79.000
     -79.000      79.000
  0.1760E-09  0.1022E-04
[rows 125 to 149 of 159, columns 57 to 113 of 159]
9.3770E-10 9.3526E-10 9.3264E-10 9.2983E-10 9.2683E-10 9.2361E-10 9.2022E-10 9.1659E-10 9.1275E-10 9.0871E-10 9.0444E-10 8.9997E-10 8.9531E-10 8.9043E-10 8.8536E-10 8.8008E-10 8.7461E-10 8.6892E-10 8.6304E-10 8.5689E-10 8.5043E-10 8.4369E-10 8.3678E-10 8.2965E-10 8.2235E-10 8.1490E-10 8.0725E-10 7.9946E-10 7.9153E-10 7.8342E-10 7.7521E-10 7.6685E-10 7.5839E-10 7.4983E-10 7.4114E-10 7.3242E-10 7.2369E-10 7.1496E-10 7.0623E-10 6.9750E-10 6.8877E-10 6.8006E-10 6.7135E-10 6.6267E-10 6.5400E-10 6.4535E-10 6.3673E-10 6.2814E-10 6.1957E-10 6.1104E-10 6.0213E-10 5.9244E-10 5.8328E-10 5.7440E-10 5.6559E-10 5.5686E-10 5.4780E-10
9.2577E-10 9.2339E-10 9.2085E-10 9.1809E-10 9.1515E-10 9.1201E-10 9.0867E-10 9.0512E-10 9.0133E-10 8.9735E-10 8.9317E-10 8.8878E-10 8.8419E-10 8.7940E-10 8.7440E-10 8.6920E-10 8.6380E-10 8.5822E-10 8.5238E-10 8.4626E-10 8.3987E-10 8.3320E-10 8.2637E-10 8.1936E-10 8.1214E-10 8.0476E-10 7.9725E-10 7.8954E-10 7.8172E-10 7.7372E-10 7.6560E-10 7.5739E-10 7.4901E-10 7.4057E-10 7.3201E-10 7.2345E-10 7.1487E-10 7.0629E-10 6.9770E-10 6.8912E-10 6.8054E-10 6.7197E-10 6.6341E-10 6.5487E-10 6.4634E-10 6.3783E-10 6.2935E-10 6.2089E-10 6.1246E-10 6.0386E-10 5.9489E-10 5.8498E-10 5.7618E-10 5.6746E-10 5.5880E-10 5.4981E-10 5.4097E-10
9.1390E-10 9.1159E-10 9.0909E-10 9.0641E-10 9.0352E-10 9.0046E-10 8.9716E-10 8.9366E-10 8.8997E-10 8.8605E-10 8.8194E-10 8.7763E-10 8.7310E-10 8.6838E-10 8.6347E-10 8.5835E-10 8.5303E-10 8.4751E-10 8.4173E-10 8.3564E-10 8.2928E-10 8.2275E-10 8.1598E-10 8.0904E-10 8.0196E-10 7.9466E-10 7.8724E-10 7.7965E-10 7.7190E-10 7.6404E-10 7.5602E-10 7.4790E-10 7.3967E-10 7.3131E-10 7.2291E-10 7.1449E-10 7.0607E-10 6.9763E-10 6.8920E-10 6.8076E-10 6.7233E-10 6.6390E-10 6.5548E-10 6.4708E-10 6.3869E-10 6.3032E-10 6.2198E-10 6.1366E-10 6.0516E-10 5.9629E-10 5.8646E-10 5.7775E-10 5.6911E-10 5.6054E-10 5.5183E-10 5.4286E-10 5.3404E-10
9.0209E-10 8.9984E-10 8.9739E-10 8.9477E-10 8.9195E-10 8.8894E-10 8.8571E-10 8.8226E-10 8.7863E-10 8.7478E-10 8.7073E-10 8.6649E-10 8.6206E-10 8.5740E-10 8.5255E-10 8.4752E-10 8.4228E-10 8.3681E-10 8.3106E-10 8.2504E-10 8.1874E-10 8.1227E-10 8.0563E-10 7.9877E-10 7.9175E-10 7.8459E-10 7.7724E-10 7.6977E-10 7.6212E-10 7.5434E-10 7.4647E-10 7.3843E-10 7.3032E-10 7.2209E-10 7.1383E-10 7.0556E-10 6.9729E-10 6.8900E-10 6.8071E-10 6.7242E-10 6.6413E-10 6.5584E-10 6.4757E-10 6.3930E-10 6.3106E-10 6.2282E-10 6.1461E-10 6.0622E-10 5.9745E-10 5.8772E-10 5.7911E-10 5.7056E-10 5.6207E-10 5.5344E-10 5.4455E-10 5.3580E-10 5.2754E-10
8.9034E-10 8.8815E-10 8.8576E-10 8.8319E-10 8.8045E-10 8.7746E-10 8.7429E-10 8.7092E-10 8.6733E-10 8.6356E-10 8.5958E-10 8.5540E-10 8.5103E-10 8.4646E-10 8.4168E-10 8.3671E-10 8.3156E-10 8.2614E-10 8.2041E-10 8.1443E-10 8.0824E-10 8.0183E-10 7.9526E-10 7.8852E-10 7.8158E-10 7.7452E-10 7.6727E-10 7.5988E-10 7.5237E-10 7.4468E-10 7.3690E-10 7.2900E-10 7.2098E-10 7.1289E-10 7.0479E-10 6.9666E-10 6.8853E-10 6.8039E-10 6.7224E-10 6.6409E-10 6.5595E-10 6.4780E-10 6.3967E-10 6.3154E-10 6.2343E-10 6.1534E-10 6.0705E-10 5.9839E-10 5.8876E-10 5.8025E-10 5.7179E-10 5.6339E-10 5.5485E-10 5.4604E-10 5.3738E-10 5.2919E-10 5.2034E-10
8.7866E-10 8.7651E-10 8.7419E-10 8.7167E-10 8.6896E-10 8.6605E-10 8.6292E-10 8.5961E-10 8.5609E-10 8.5237E-10 8.4846E-10 8.4436E-10 8.4004E-10 8.3554E-10 8.3085E-10 8.2595E-10 8.2084E-10 8.1545E-10 8.0979E-10 8.0384E-10 7.9773E-10 7.9143E-10 7.8493E-10 7.7828E-10 7.7146E-10 7.6446E-10 7.5734E-10 7.5003E-10 7.4260E-10 7.3505E-10 7.2736E-10 7.1959E-10 7.1167E-10 7.0373E-10 6.9577E-10 6.8779E-10 6.7980E-10 6.7180E-10 6.6380E-10 6.5579E-10 6.4779E-10 6.3978E-10 6.3178E-10 6.2380E-10 6.1582E-10 6.0765E-10 5.9911E-10 5.8958E-10 5.8117E-10 5.7281E-10 5.6451E-10 5.5606E-10 5.4734E-10 5.3876E-10 5.3065E-10 5.2187E-10 5.1391E-10
8.6705E-10 8.6494E-10 8.6266E-10 8.6021E-10 8.5754E-10 8.5467E-10 8.5161E-10 8.4834E-10 8.4489E-10 8.4123E-10 8.3738E-10 8.3334E-10 8.2911E-10 8.2466E-10 8.2003E-10 8.1522E-10 8.1014E-10 8.0478E-10 7.9915E-10 7.9330E-10 7.8726E-10 7.8104E-10 7.7464E-10 7.6806E-10 7.6135E-10 7.5444E-10 7.4739E-10 7.4021E-10 7.3287E-10 7.2543E-10 7.1785E-10 7.1017E-10 7.0239E-10 6.9460E-10 6.8678E-10 6.7895E-10 6.7110E-10 6.6325E-10 6.5538E-10 6.4752E-10 6.3965E-10 6.3178E-10 6.2392E-10 6.1607E-10 6.0802E-10 5.9959E-10 5.9018E-10 5.8187E-10 5.7362E-10 5.6541E-10 5.5706E-10 5.4843E-10 5.3994E-10 5.3165E-10 5.2322E-10 5.1533E-10 5.0698E-10
8.5549E-10 8.5345E-10 8.5121E-10 8.4879E-10 8.4617E-10 8.4335E-10 8.4035E-10 8.3713E-10 8.3373E-10 8.3014E-10 8.2635E-10 8.2237E-10 8.1819E-10 8.1384E-10 8.0927E-10 8.0450E-10 7.9946E-10 7.9414E-10 7.8855E-10 7.8279E-10 7.7683E-10 7.7068E-10 7.6437E-10 7.5789E-10 7.5124E-10 7.4446E-10 7.3749E-10 7.3040E-10 7.2318E-10 7.1582E-10 7.0839E-10 7.0079E-10 6.9316E-10 6.8551E-10 6.7783E-10 6.7014E-10 6.6244E-10 6.5472E-10 6.4699E-10 6.3927E-10 6.3153E-10 6.2380E-10 6.1608E-10 6.0795E-10 5.9985E-10 5.9055E-10 5.8235E-10 5.7420E-10 5.6611E-10 5.5758E-10 5.4932E-10 5.4092E-10 5.3272E-10 5.2438E-10 5.1657E-10 5.0830E-10 5.0102E-10
8.4400E-10 8.4199E-10 8.3981E-10 8.3743E-10 8.3486E-10 8.3209E-10 8.2913E-10 8.2598E-10 8.2263E-10 8.1909E-10 8.1537E-10 8.1145E-10 8.0733E-10 8.0303E-10 7.9855E-10 7.9381E-10 7.8879E-10 7.8351E-10 7.7799E-10 7.7229E-10 7.6642E-10 7.6036E-10 7.5412E-10 7.4776E-10 7.4118E-10 7.3448E-10 7.2763E-10 7.2062E-10 7.1352E-10 7.0626E-10 6.9891E-10 6.9145E-10 6.8396E-10 6.7645E-10 6.6892E-10 6.6137E-10 6.5380E-10 6.4622E-10 6.3864E-10 6.3104E-10 6.2345E-10 6.1585E-10 6.0785E-10 5.9987E-10 5.9069E-10 5.8261E-10 5.7458E-10 5.6618E-10 5.5817E-10 5.5001E-10 5.4171E-10 5.3360E-10 5.2535E-10 5.1736E-10 5.0943E-10 5.0224E-10 4.9454E-10
8.3258E-10 8.3061E-10 8.2848E-10 8.2613E-10 8.2360E-10 8.2089E-10 8.1797E-10 8.1487E-10 8.1158E-10 8.0810E-10 8.0442E-10 8.0057E-10 7.9652E-10 7.9227E-10 7.8783E-10 7.8314E-10 7.7815E-10 7.7290E-10 7.6748E-10 7.6185E-10 7.5604E-10 7.5008E-10 7.4392E-10 7.3762E-10 7.3117E-10 7.2453E-10 7.1779E-10 7.1089E-10 7.0387E-10 6.9674E-10 6.8947E-10 6.8216E-10 6.7481E-10 6.6744E-10 6.6004E-10 6.5263E-10 6.4520E-10 6.3776E-10 6.3031E-10 6.2285E-10 6.1539E-10 6.0752E-10 5.9967E-10 5.9041E-10 5.8245E-10 5.7473E-10 5.6645E-10 5.5834E-10 5.5050E-10 5.4203E-10 5.3428E-10 5.2613E-10 5.1823E-10 5.1039E-10 5.0327E-10 4.9566E-10 4.8889E-10
8.2123E-10 8.1930E-10 8.1720E-10 8.1490E-10 8.1240E-10 8.0973E-10 8.0687E-10 8.0381E-10 8.0057E-10 7.9715E-10 7.9354E-10 7.8973E-10 7.8574E-10 7.8157E-10 7.7716E-10 7.7248E-10 7.6754E-10 7.6235E-10 7.5698E-10 7.5145E-10 7.4571E-10 7.3981E-10 7.3377E-10 7.2753E-10 7.2117E-10 7.1464E-10 7.0797E-10 7.0120E-10 6.9426E-10 6.8723E-10 6.8009E-10 6.7291E-10 6.6570E-10 6.5846E-10 6.5121E-10 6.4393E-10 6.3664E-10 6.2933E-10 6.2201E-10 6.1469E-10 6.0696E-10 5.9923E-10 5.9010E-10 5.8227E-10 5.7426E-10 5.6651E-10 5.5851E-10 5.5010E-10 5.4241E-10 5.3477E-10 5.2672E-10 5.1891E-10 5.1116E-10 5.0385E-10 4.9659E-10 4.8990E-10 4.8272E-10
8.0994E-10 8.0806E-10 8.0598E-10 8.0372E-10 8.0127E-10 7.9863E-10 7.9582E-10 7.9282E-10 7.8963E-10 7.8625E-10 7.8270E-10 7.7895E-10 7.7502E-10 7.7089E-10 7.6652E-10 7.6186E-10 7.5694E-10 7.5185E-10 7.4654E-10 7.4106E-10 7.3543E-10 7.2960E-10 7.2363E-10 7.1750E-10 7.1120E-10 7.0479E-10 6.9821E-10 6.9151E-10 6.8471E-10 6.7776E-10 6.7075E-10 6.6371E-10 6.5663E-10 6.4954E-10 6.4241E-10 6.3527E-10 6.2811E-10 6.2094E-10 6.1376E-10 6.0616E-10 5.9837E-10 5.8958E-10 5.8187E-10 5.7378E-10 5.6615E-10 5.5847E-10 5.5018E-10 5.4260E-10 5.3453E-10 5.2684E-10 5.1940E-10 5.1174E-10 5.0453E-10 4.9735E-10 4.9074E-10 4.8363E-10 4.7708E-10
7.9872E-10 7.9687E-10 7.9483E-10 7.9260E-10 7.9019E-10 7.8760E-10 7.8483E-10 7.8187E-10 7.7874E-10 7.7541E-10 7.7191E-10 7.6822E-10 7.6434E-10 7.6025E-10 7.5589E-10 7.5128E-10 7.4640E-10 7.4136E-10 7.3615E-10 7.3074E-10 7.2517E-10 7.1945E-10 7.1354E-10 7.0751E-10 7.0129E-10 6.9495E-10 6.8850E-10 6.8188E-10 6.7518E-10 6.6834E-10 6.6146E-10 6.5456E-10 6.4762E-10 6.4065E-10 6.3367E-10 6.2666E-10 6.1963E-10 6.1238E-10 6.0513E-10 5.9664E-10 5.8883E-10 5.8105E-10 5.7329E-10 5.6578E-10 5.5755E-10 5.4985E-10 5.4258E-10 5.3422E-10 5.2704E-10 5.1943E-10 5.1187E-10 5.0502E-10 4.9793E-10 4.9115E-10 4.8438E-10 4.7790E-10 4.7119E-10
7.8758E-10 7.8575E-10 7.8374E-10 7.8155E-10 7.7918E-10 7.7663E-10 7.7390E-10 7.7099E-10 7.6790E-10 7.6464E-10 7.6117E-10 7.5753E-10 7.5371E-10 7.4965E-10 7.4530E-10 7.4071E-10 7.3592E-10 7.3093E-10 7.2578E-10 7.2047E-10 7.1496E-10 7.0932E-10 7.0350E-10 6.9753E-10 6.9144E-10 6.8517E-10 6.7880E-10 6.7230E-10 6.6568E-10 6.5897E-10 6.5223E-10 6.4546E-10 6.3865E-10 6.3182E-10 6.2496E-10 6.1808E-10 6.1098E-10 6.0388E-10 5.9532E-10 5.8786E-10 5.8021E-10 5.7259E-10 5.6493E-10 5.5710E-10 5.4952E-10 5.4169E-10 5.3412E-10 5.2705E-10 5.1887E-10 5.1209E-10 5.0506E-10 4.9833E-10 4.9163E-10 4.8495E-10 4.7829E-10 4.7192E-10 4.6556E-10
7.7650E-10 7.7470E-10 7.7271E-10 7.7056E-10 7.6823E-10 7.6572E-10 7.6303E-10 7.6017E-10 7.5712E-10 7.5390E-10 7.5050E-10 7.4691E-10 7.4311E-10 7.3907E-10 7.3476E-10 7.3020E-10 7.2547E-10 7.2057E-10 7.1547E-10 7.1022E-10 7.0481E-10 6.9922E-10 6.9352E-10 6.8762E-10 6.8160E-10 6.7545E-10 6.6916E-10 6.6277E-10 6.5624E-10 6.4966E-10 6.4305E-10 6.3641E-10 6.2973E-10 6.2303E-10 6.1630E-10 6.0915E-10 6.0198E-10 5.9399E-10 5.8667E-10 5.7895E-10 5.7126E-10 5.6394E-10 5.5617E-10 5.4871E-10 5.4101E-10 5.3362E-10 5.2659E-10 5.1880E-10 5.1212E-10 5.0492E-10 4.9855E-10 4.9167E-10 4.8535E-10 4.7877E-10 4.7248E-10 4.6594E-10 4.5969E-10
7.6548E-10 7.6371E-10 7.6176E-10 7.5964E-10 7.5735E-10 7.5487E-10 7.5223E-10 7.4941E-10 7.4641E-10 7.4323E-10 7.3987E-10 7.3634E-10 7.3256E-10 7.2852E-10 7.2424E-10 7.1975E-10 7.1507E-10 7.1023E-10 7.0522E-10 7.0003E-10 6.9471E-10 6.8920E-10 6.8355E-10 6.7777E-10 6.7182E-10 6.6577E-10 6.5957E-10 6.5326E-10 6.4686E-10 6.4041E-10 6.3393E-10 6.2742E-10 6.2087E-10 6.1430E-10 6.0729E-10 6.0007E-10 5.9223E-10 5.8464E-10 5.7727E-10 5.7013E-10 5.6267E-10 5.5491E-10 5.4777E-10 5.4013E-10 5.3313E-10 5.2581E-10 5.1854E-10 5.1169E-10 5.0487E-10 4.9859E-10 4.9181E-10 4.8557E-10 4.7908E-10 4.7287E-10 4.6641E-10 4.6024E-10 4.5408E-10
7.5454E-10 7.5279E-10 7.5088E-10 7.4878E-10 7.4652E-10 7.4409E-10 7.4149E-10 7.3870E-10 7.3575E-10 7.3262E-10 7.2930E-10 7.2580E-10 7.2205E-10 7.1804E-10 7.1377E-10 7.0935E-10 7.0474E-10 6.9996E-10 6.9502E-10 6.8991E-10 6.8464E-10 6.7924E-10 6.7365E-10 6.6794E-10 6.6210E-10 6.5612E-10 6.5005E-10 6.4382E-10 6.3754E-10 6.3122E-10 6.2487E-10 6.1848E-10 6.1185E-10 6.0521E-10 5.9814E-10 5.9004E-10 5.8281E-10 5.7579E-10 5.6859E-10 5.6086E-10 5.5384E-10 5.4657E-10 5.3892E-10 5.3217E-10 5.2471E-10 5.1809E-10 5.1134E-10 5.0463E-10 4.9819E-10 4.9177E-10 4.8561E-10 4.7922E-10 4.7309E-10 4.6672E-10 4.6062E-10 4.5428E-10 4.4823E-10
7.4367E-10 7.4195E-10 7.4006E-10 7.3800E-10 7.3577E-10 7.3337E-10 7.3081E-10 7.2807E-10 7.2515E-10 7.2206E-10 7.1880E-10 7.1531E-10 7.1156E-10 7.0758E-10 7.0338E-10 6.9900E-10 6.9446E-10 6.8975E-10 6.8486E-10 6.7985E-10 6.7464E-10 6.6930E-10 6.6381E-10 6.5817E-10 6.5244E-10 6.4654E-10 6.4054E-10 6.3443E-10 6.2828E-10 6.2209E-10 6.1586E-10 6.0940E-10 6.0291E-10 5.9579E-10 5.8806E-10 5.8097E-10 5.7349E-10 5.6677E-10 5.5919E-10 5.5237E-10 5.4476E-10 5.3792E-10 5.3103E-10 5.2396E-10 5.1718E-10 5.1028E-10 5.0421E-10 4.9787E-10 4.9154E-10 4.8523E-10 4.7918E-10 4.7314E-10 4.6685E-10 4.6084E-10 4.5459E-10 4.4861E-10 4.4240E-10
7.3287E-10 7.3118E-10 7.2931E-10 7.2728E-10 7.2509E-10 7.2273E-10 7.2019E-10 7.1749E-10 7.1462E-10 7.1157E-10 7.0833E-10 7.0487E-10 7.0114E-10 6.9717E-10 6.9304E-10 6.8872E-10 6.8423E-10 6.7959E-10 6.7477E-10 6.6981E-10 6.6470E-10 6.5942E-10 6.5402E-10 6.4847E-10 6.4280E-10 6.3703E-10 6.3110E-10 6.2512E-10 6.1909E-10 6.1302E-10 6.0651E-10 5.9976E-10 5.9259E-10 5.8566E-10 5.7831E-10 5.7160E-10 5.6455E-10 5.5718E-10 5.5064E-10 5.4317E-10 5.3652E-10 5.2969E-10 5.2261E-10 5.1608E-10 5.0957E-10 5.0360E-10 4.9711E-10 4.9115E-10 4.8493E-10 4.7897E-10 4.7276E-10 4.6683E-10 4.6090E-10 4.5472E-10 4.4882E-10 4.4270E-10 4.3684E-10
7.2214E-10 7.2047E-10 7.1864E-10 7.1664E-10 7.1447E-10 7.1215E-10 7.0965E-10 7.0698E-10 7.0415E-10 7.0114E-10 6.9793E-10 6.9446E-10 6.9077E-10 6.8683E-10 6.8275E-10 6.7850E-10 6.7407E-10 6.6948E-10 6.6476E-10 6.5984E-10 6.5481E-10 6.4962E-10 6.4428E-10 6.3885E-10 6.3324E-10 6.2755E-10 6.2173E-10 6.1587E-10 6.0976E-10 6.0362E-10 5.9703E-10 5.8940E-10 5.8263E-10 5.7606E-10 5.6902E-10 5.6172E-10 5.5538E-10 5.4850E-10 5.4124E-10 5.3487E-10 5.2776E-10 5.2148E-10 5.1481E-10 5.0868E-10 5.0256E-10 4.9643E-10 4.9057E-10 4.8445E-10 4.7859E-10 4.7248E-10 4.6663E-10 4.6079E-10 4.5470E-10 4.4888E-10 4.4284E-10 4.3705E-10 4.3104E-10
7.1150E-10 7.0984E-10 7.0804E-10 7.0607E-10 7.0393E-10 7.0163E-10 6.9917E-10 6.9654E-10 6.9374E-10 6.9077E-10 6.8757E-10 6.8411E-10 6.8042E-10 6.7657E-10 6.7252E-10 6.6832E-10 6.6398E-10 6.5944E-10 6.5477E-10 6.4995E-10 6.4497E-10 6.3987E-10 6.3461E-10 6.2924E-10 6.2375E-10 6.1813E-10 6.1243E-10 6.0628E-10 6.0051E-10 5.9389E-10 5.8663E-10 5.8002E-10 5.7300E-10 5.6625E-10 5.5958E-10 5.5291E-10 5.4571E-10 5.3954E-10 5.3275E-10 5.2592E-10 5.1990E-10 5.1335E-10 5.0761E-10 5.0133E-10 4.9558E-10 4.8956E-10 4.8380E-10 4.7804E-10 4.7202E-10 4.6627E-10 4.6026E-10 4.5451E-10 4.4854E-10 4.4282E-10 4.3711E-10 4.3118E-10 4.2551E-10
7.0092E-10 6.9929E-10 6.9751E-10 6.9556E-10 6.9346E-10 6.9119E-10 6.8876E-10 6.8617E-10 6.8341E-10 6.8045E-10 6.7725E-10 6.7382E-10 6.7016E-10 6.6635E-10 6.6238E-10 6.5823E-10 6.5392E-10 6.4948E-10 6.4486E-10 6.4012E-10 6.3521E-10 6.3017E-10 6.2502E-10 6.1971E-10 6.1432E-10 6.0858E-10 6.0280E-10 5.9657E-10 5.8970E-10 5.8346E-10 5.7659E-10 5.6987E-10 5.6349E-10 5.5684E-10 5.4998E-10 5.4368E-10 5.3716E-10 5.3032E-10 5.2430E-10 5.1787E-10 5.1198E-10 5.0635E-10 5.0019E-10 4.9454E-10 4.8863E-10 4.8298E-10 4.7706E-10 4.7140E-10 4.6573E-10 4.5982E-10 4.5417E-10 4.4828E-10 4.4264E-10 4.3677E-10 4.3116E-10 4.2557E-10 4.1975E-10
6.9042E-10 6.8882E-10 6.8706E-10 6.8513E-10 6.8306E-10 6.8082E-10 6.7842E-10 6.7586E-10 6.7313E-10 6.7018E-10 6.6699E-10 6.6357E-10 6.5998E-10 6.5620E-10 6.5227E-10 6.4820E-10 6.4395E-10 6.3956E-10 6.3502E-10 6.3033E-10 6.2552E-10 6.2054E-10 6.1547E-10 6.1026E-10 6.0473E-10 5.9912E-10 5.9286E-10 5.8594E-10 5.7967E-10 5.7297E-10 5.6676E-10 5.6020E-10 5.5383E-10 5.4734E-10 5.4105E-10 5.3454E-10 5.2838E-10 5.2222E-10 5.1593E-10 5.1043E-10 5.0439E-10 4.9887E-10 4.9333E-10 4.8753E-10 4.8198E-10 4.7616E-10 4.7060E-10 4.6478E-10 4.5922E-10 4.5366E-10 4.4786E-10 4.4231E-10 4.3653E-10 4.3100E-10 4.2524E-10 4.1974E-10 4.1425E-10
6.8000E-10 6.7841E-10 6.7667E-10 6.7478E-10 6.7273E-10 6.7052E-10 6.6815E-10 6.6562E-10 6.6291E-10 6.5997E-10 6.5679E-10 6.5339E-10 6.4984E-10 6.4613E-10 6.4225E-10 6.3822E-10 6.3405E-10 6.2971E-10 6.2526E-10 6.2062E-10 6.1587E-10 6.1100E-10 6.0578E-10 6.0047E-10 5.9462E-10 5.8831E-10 5.8221E-10 5.7569E-10 5.6951E-10 5.6326E-10 5.5693E-10 5.5059E-10 5.4438E-10 5.3816E-10 5.3202E-10 5.2586E-10 5.1970E-10 5.1408E-10 5.0870E-10 5.0278E-10 4.9737E-10 4.9169E-10 4.8626E-10 4.8081E-10 4.7510E-10 4.6964E-10 4.6392E-10 4.5846E-10 4.5274E-10 4.4728E-10 4.4182E-10 4.3612E-10 4.3068E-10 4.2500E-10 4.1958E-10 4.1392E-10 4.0853E-10
6.6966E-10 6.6809E-10 6.6637E-10 6.6450E-10 6.6248E-10 6.6029E-10 6.5795E-10 6.5546E-10 6.5275E-10 6.4980E-10 6.4664E-10 6.4329E-10 6.3978E-10 6.3612E-10 6.3230E-10 6.2832E-10 6.2422E-10 6.1994E-10 6.1553E-10 6.1100E-10 6.0630E-10 6.0110E-10 5.9618E-10 5.9034E-10 5.8359E-10 5.7787E-10 5.7154E-10 5.6540E-10 5.5944E-10 5.5340E-10 5.4723E-10 5.4124E-10 5.3478E-10 5.2918E-10 5.2329E-10 5.1728E-10 5.1204E-10 5.0626E-10 5.0100E-10 4.9570E-10 4.9014E-10 4.8482E-10 4.7922E-10 4.7388E-10 4.6852E-10 4.6290E-10 4.5753E-10 4.5192E-10 4.4655E-10 4.4093E-10 4.3557E-10 4.3021E-10 4.2462E-10 4.1928E-10 4.1370E-10 4.0839E-10 4.0308E-10
