Assets/Resources/2015_m01_d03_0100(utc+0800)_l00_csi_1hr_conc.grd
DSAA
         159         159
     -79.000      79.000
     -79.000      79.000
  0.0000E+00  0.1655E-04
[rows 0 to 24 of 159, columns 57 to 113 of 159]
1.9706E-09 1.9702E-09 1.9672E-09 1.9618E-09 1.9540E-09 1.9438E-09 1.9312E-09 1.9163E-09 1.8991E-09 1.8798E-09 1.8584E-09 1.8349E-09 1.8095E-09 1.7822E-09 1.7532E-09 1.7226E-09 1.6904E-09 1.6568E-09 1.6218E-09 1.5857E-09 1.5485E-09 1.5104E-09 1.4714E-09 1.4317E-09 1.3914E-09 1.3472E-09 1.3061E-09 1.2648E-09 1.2234E-09 1.1819E-09 1.1405E-09 1.0961E-09 1.0552E-09 1.0147E-09 9.7459E-10 9.3332E-10 8.9440E-10 8.5611E-10 8.1689E-10 7.8017E-10 7.4263E-10 7.0767E-10 6.7207E-10 6.3751E-10 6.0405E-10 5.7023E-10 5.3912E-10 5.1052E-10 4.7981E-10 4.5344E-10 4.2804E-10 4.0053E-10 3.7735E-10 3.5512E-10 3.3067E-10 3.1059E-10 2.9141E-10
2.0349E-09 2.0344E-09 2.0313E-09 2.0256E-09 2.0174E-09 2.0068E-09 1.9936E-09 1.9781E-09 1.9603E-09 1.9402E-09 1.9179E-09 1.8935E-09 1.8671E-09 1.8388E-09 1.8087E-09 1.7768E-09 1.7434E-09 1.7085E-09 1.6723E-09 1.6348E-09 1.5962E-09 1.5531E-09 1.5128E-09 1.4717E-09 1.4300E-09 1.3878E-09 1.3453E-09 1.3025E-09 1.2596E-09 1.2133E-09 1.1705E-09 1.1280E-09 1.0857E-09 1.0405E-09 9.9917E-10 9.5839E-10 9.1820E-10 8.7702E-10 8.3834E-10 8.0046E-10 7.6181E-10 7.2576E-10 6.8907E-10 6.5344E-10 6.1894E-10 5.8561E-10 5.5199E-10 5.2115E-10 4.9286E-10 4.6253E-10 4.3655E-10 4.1157E-10 3.8454E-10 3.6183E-10 3.4008E-10 3.1618E-10 2.9661E-10
2.0969E-09 2.0962E-09 2.0929E-09 2.0869E-09 2.0783E-09 2.0672E-09 2.0535E-09 2.0373E-09 2.0187E-09 1.9978E-09 1.9746E-09 1.9493E-09 1.9219E-09 1.8925E-09 1.8613E-09 1.8283E-09 1.7936E-09 1.7575E-09 1.7199E-09 1.6811E-09 1.6412E-09 1.6002E-09 1.5584E-09 1.5158E-09 1.4726E-09 1.4289E-09 1.3814E-09 1.3372E-09 1.2929E-09 1.2485E-09 1.2043E-09 1.1602E-09 1.1131E-09 1.0699E-09 1.0272E-09 9.8172E-10 9.4036E-10 8.9970E-10 8.5981E-10 8.1910E-10 7.8102E-10 7.4219E-10 7.0612E-10 6.6942E-10 6.3388E-10 5.9954E-10 5.6644E-10 5.3310E-10 5.0263E-10 4.7473E-10 4.4485E-10 4.1932E-10 3.9482E-10 3.6834E-10 3.4614E-10 3.2493E-10 3.0163E-10
2.1597E-09 2.1589E-09 2.1553E-09 2.1490E-09 2.1400E-09 2.1283E-09 2.1140E-09 2.1009E-09 2.0816E-09 2.0599E-09 2.0359E-09 2.0096E-09 1.9811E-09 1.9507E-09 1.9183E-09 1.8840E-09 1.8481E-09 1.8106E-09 1.7680E-09 1.7279E-09 1.6866E-09 1.6442E-09 1.6010E-09 1.5569E-09 1.5123E-09 1.4672E-09 1.4216E-09 1.3759E-09 1.3300E-09 1.2841E-09 1.2349E-09 1.1895E-09 1.1444E-09 1.0997E-09 1.0521E-09 1.0087E-09 9.6592E-10 9.2390E-10 8.7960E-10 8.3946E-10 7.9849E-10 7.6033E-10 7.2318E-10 6.8545E-10 6.5052E-10 6.1514E-10 5.7941E-10 5.4663E-10 5.1368E-10 4.8364E-10 4.5293E-10 4.2686E-10 4.0185E-10 3.7464E-10 3.5201E-10 3.3038E-10 3.0973E-10
2.2271E-09 2.2262E-09 2.2225E-09 2.2159E-09 2.2065E-09 2.1944E-09 2.1796E-09 2.1621E-09 2.1420E-09 2.1195E-09 2.0945E-09 2.0672E-09 2.0377E-09 2.0061E-09 1.9726E-09 1.9371E-09 1.8999E-09 1.8611E-09 1.8208E-09 1.7792E-09 1.7364E-09 1.6926E-09 1.6478E-09 1.6022E-09 1.5560E-09 1.5056E-09 1.4586E-09 1.4114E-09 1.3641E-09 1.3167E-09 1.2695E-09 1.2225E-09 1.1759E-09 1.1263E-09 1.0808E-09 1.0359E-09 9.9172E-10 9.4511E-10 9.0274E-10 8.5802E-10 8.1774E-10 7.7845E-10 7.3852E-10 7.0147E-10 6.6387E-10 6.2919E-10 5.9408E-10 5.6028E-10 5.2630E-10 4.9383E-10 4.6430E-10 4.3417E-10 4.0865E-10 3.8421E-10 3.5766E-10 3.3562E-10 3.1460E-10
2.2920E-09 2.2910E-09 2.2870E-09 2.2801E-09 2.2703E-09 2.2576E-09 2.2452E-09 2.2271E-09 2.2063E-09 2.1830E-09 2.1571E-09 2.1288E-09 2.0983E-09 2.0656E-09 2.0308E-09 1.9941E-09 1.9556E-09 1.9154E-09 1.8737E-09 1.8307E-09 1.7864E-09 1.7410E-09 1.6946E-09 1.6445E-09 1.5967E-09 1.5485E-09 1.4999E-09 1.4510E-09 1.4020E-09 1.3495E-09 1.3008E-09 1.2524E-09 1.2043E-09 1.1568E-09 1.1097E-09 1.0599E-09 1.0145E-09 9.6985E-10 9.2611E-10 8.8010E-10 8.3852E-10 7.9478E-10 7.5555E-10 7.1569E-10 6.7887E-10 6.4321E-10 6.0716E-10 5.7242E-10 5.3905E-10 5.0556E-10 4.7216E-10 4.4470E-10 4.1522E-10 3.9032E-10 3.6650E-10 3.4066E-10 3.1926E-10
2.3577E-09 2.3596E-09 2.3555E-09 2.3483E-09 2.3382E-09 2.3251E-09 2.3091E-09 2.2903E-09 2.2727E-09 2.2486E-09 2.2218E-09 2.1925E-09 2.1609E-09 2.1270E-09 2.0910E-09 2.0530E-09 2.0132E-09 1.9716E-09 1.9284E-09 1.8839E-09 1.8341E-09 1.7872E-09 1.7393E-09 1.6907E-09 1.6413E-09 1.5914E-09 1.5412E-09 1.4907E-09 1.4370E-09 1.3865E-09 1.3362E-09 1.2862E-09 1.2329E-09 1.1839E-09 1.1355E-09 1.0878E-09 1.0409E-09 9.9129E-10 9.4635E-10 9.0241E-10 8.5950E-10 8.1452E-10 7.7407E-10 7.3166E-10 6.9381E-10 6.5548E-10 6.2021E-10 5.8455E-10 5.5027E-10 5.1743E-10 4.8450E-10 4.5177E-10 4.2494E-10 3.9618E-10 3.7194E-10 3.4879E-10 3.2371E-10
2.4277E-09 2.4305E-09 2.4262E-09 2.4189E-09 2.4084E-09 2.3949E-09 2.3783E-09 2.3589E-09 2.3366E-09 2.3115E-09 2.2838E-09 2.2535E-09 2.2207E-09 2.1857E-09 2.1484E-09 2.1091E-09 2.0679E-09 2.0249E-09 1.9803E-09 1.9343E-09 1.8869E-09 1.8384E-09 1.7888E-09 1.7385E-09 1.6874E-09 1.6359E-09 1.5800E-09 1.5279E-09 1.4757E-09 1.4236E-09 1.3716E-09 1.3199E-09 1.2656E-09 1.2150E-09 1.1650E-09 1.1122E-09 1.0640E-09 1.0166E-09 9.7024E-10 9.2490E-10 8.7735E-10 8.3446E-10 7.8941E-10 7.4916E-10 7.0691E-10 6.6941E-10 6.3145E-10 5.9665E-10 5.6149E-10 5.2776E-10 4.9551E-10 4.6170E-10 4.3125E-10 4.0512E-10 3.7714E-10 3.5360E-10 3.2793E-10
2.5000E-09 2.4988E-09 2.4943E-09 2.4866E-09 2.4757E-09 2.4617E-09 2.4446E-09 2.4276E-09 2.4045E-09 2.3786E-09 2.3500E-09 2.3187E-09 2.2848E-09 2.2486E-09 2.2101E-09 2.1695E-09 2.1269E-09 2.0824E-09 2.0363E-09 1.9887E-09 1.9398E-09 1.8896E-09 1.8384E-09 1.7864E-09 1.7304E-09 1.6772E-09 1.6236E-09 1.5698E-09 1.5158E-09 1.4620E-09 1.4044E-09 1.3511E-09 1.2984E-09 1.2461E-09 1.1946E-09 1.1407E-09 1.0909E-09 1.0384E-09 9.9076E-10 9.4421E-10 8.9880E-10 8.5108E-10 8.0833E-10 7.6685E-10 7.2341E-10 6.8479E-10 6.4438E-10 6.0867E-10 5.7266E-10 5.3808E-10 5.0665E-10 4.7342E-10 4.4036E-10 4.1071E-10 3.8208E-10 3.5817E-10 3.3538E-10
2.5694E-09 2.5681E-09 2.5666E-09 2.5587E-09 2.5475E-09 2.5330E-09 2.5153E-09 2.4945E-09 2.4707E-09 2.4439E-09 2.4143E-09 2.3819E-09 2.3469E-09 2.3094E-09 2.2696E-09 2.2277E-09 2.1836E-09 2.1377E-09 2.0901E-09 2.0410E-09 1.9904E-09 1.9386E-09 1.8858E-09 1.8321E-09 1.7777E-09 1.7227E-09 1.6673E-09 1.6117E-09 1.5560E-09 1.4971E-09 1.4418E-09 1.3868E-09 1.3323E-09 1.2745E-09 1.2214E-09 1.1692E-09 1.1178E-09 1.0675E-09 1.0151E-09 9.6343E-10 9.1684E-10 8.7149E-10 8.2743E-10 7.8126E-10 7.4011E-10 6.9695E-10 6.5882E-10 6.1886E-10 5.8376E-10 5.4836E-10 5.1445E-10 4.8374E-10 4.5126E-10 4.1604E-10 3.9023E-10 3.6249E-10 3.3936E-10
2.6431E-09 2.6418E-09 2.6370E-09 2.6288E-09 2.6172E-09 2.6023E-09 2.5840E-09 2.5625E-09 2.5378E-09 2.5101E-09 2.4795E-09 2.4460E-09 2.4099E-09 2.3712E-09 2.3301E-09 2.2867E-09 2.2412E-09 2.1938E-09 2.1447E-09 2.0939E-09 2.0418E-09 1.9883E-09 1.9338E-09 1.8784E-09 1.8223E-09 1.7656E-09 1.7085E-09 1.6512E-09 1.5938E-09 1.5365E-09 1.4794E-09 1.4226E-09 1.3664E-09 1.3075E-09 1.2527E-09 1.1988E-09 1.1419E-09 1.0901E-09 1.0395E-09 9.9002E-10 9.3869E-10 8.8829E-10 8.4314E-10 7.9935E-10 7.5697E-10 7.1268E-10 6.7342E-10 6.3237E-10 5.9626E-10 5.5856E-10 5.2387E-10 4.9242E-10 4.6078E-10 4.2753E-10 3.9488E-10 3.6990E-10 3.4310E-10
2.7148E-09 2.7134E-09 2.7085E-09 2.7000E-09 2.6880E-09 2.6725E-09 2.6536E-09 2.6314E-09 2.6059E-09 2.5773E-09 2.5491E-09 2.5146E-09 2.4773E-09 2.4374E-09 2.3950E-09 2.3502E-09 2.3033E-09 2.2544E-09 2.2037E-09 2.1513E-09 2.0974E-09 2.0423E-09 1.9860E-09 1.9288E-09 1.8675E-09 1.8090E-09 1.7502E-09 1.6911E-09 1.6320E-09 1.5729E-09 1.5141E-09 1.4557E-09 1.3978E-09 1.3405E-09 1.2840E-09 1.2284E-09 1.1705E-09 1.1171E-09 1.0609E-09 1.0101E-09 9.6061E-10 9.1246E-10 8.6258E-10 8.1387E-10 7.7049E-10 7.2859E-10 6.8470E-10 6.4606E-10 6.0559E-10 5.7020E-10 5.3321E-10 4.9930E-10 4.6868E-10 4.3789E-10 4.0554E-10 3.7392E-10 3.4657E-10
2.7874E-09 2.7860E-09 2.7809E-09 2.7722E-09 2.7631E-09 2.7473E-09 2.7279E-09 2.7051E-09 2.6789E-09 2.6494E-09 2.6169E-09 2.5813E-09 2.5428E-09 2.5016E-09 2.4579E-09 2.4117E-09 2.3633E-09 2.3129E-09 2.2605E-09 2.2065E-09 2.1509E-09 2.0940E-09 2.0360E-09 1.9771E-09 1.9173E-09 1.8570E-09 1.7963E-09 1.7353E-09 1.6743E-09 1.6134E-09 1.5493E-09 1.4891E-09 1.4295E-09 1.3706E-09 1.3125E-09 1.2553E-09 1.1991E-09 1.1440E-09 1.0902E-09 1.0344E-09 9.8337E-10 9.3004E-10 8.8212E-10 8.3232E-10 7.8765E-10 7.4099E-10 6.9968E-10 6.5991E-10 6.1839E-10 5.8200E-10 5.4401E-10 5.0781E-10 4.7476E-10 4.4503E-10 4.1349E-10 3.8069E-10 3.5323E-10
2.8644E-09 2.8631E-09 2.8580E-09 2.8491E-09 2.8365E-09 2.8202E-09 2.8002E-09 2.7767E-09 2.7497E-09 2.7193E-09 2.6857E-09 2.6490E-09 2.6094E-09 2.5669E-09 2.5218E-09 2.4742E-09 2.4243E-09 2.3723E-09 2.3183E-09 2.2626E-09 2.2053E-09 2.1467E-09 2.0868E-09 2.0261E-09 1.9645E-09 1.9023E-09 1.8398E-09 1.7770E-09 1.7141E-09 1.6513E-09 1.5889E-09 1.5268E-09 1.4653E-09 1.4046E-09 1.3413E-09 1.2825E-09 1.2247E-09 1.1681E-09 1.1128E-09 1.0588E-09 1.0062E-09 9.5182E-10 8.9848E-10 8.4705E-10 8.0133E-10 7.5720E-10 7.1100E-10 6.7038E-10 6.3136E-10 5.9053E-10 5.5499E-10 5.1781E-10 4.8249E-10 4.5037E-10 4.2158E-10 3.9102E-10 3.5640E-10
2.9395E-09 2.9382E-09 2.9330E-09 2.9239E-09 2.9109E-09 2.8941E-09 2.8736E-09 2.8494E-09 2.8216E-09 2.7903E-09 2.7557E-09 2.7179E-09 2.6771E-09 2.6370E-09 2.5905E-09 2.5415E-09 2.4901E-09 2.4365E-09 2.3809E-09 2.3235E-09 2.2644E-09 2.2039E-09 2.1423E-09 2.0759E-09 2.0125E-09 1.9484E-09 1.8840E-09 1.8193E-09 1.7545E-09 1.6899E-09 1.6256E-09 1.5617E-09 1.4985E-09 1.4360E-09 1.3743E-09 1.3137E-09 1.2541E-09 1.1924E-09 1.1356E-09 1.0802E-09 1.0262E-09 9.7371E-10 9.1930E-10 8.7027E-10 8.1489E-10 7.6976E-10 7.2629E-10 6.8449E-10 6.4084E-10 6.0266E-10 5.6262E-10 5.2800E-10 4.9172E-10 4.5735E-10 4.2621E-10 3.9673E-10 3.6889E-10
3.0156E-09 3.0144E-09 3.0091E-09 2.9998E-09 2.9865E-09 2.9692E-09 2.9518E-09 2.9270E-09 2.8985E-09 2.8665E-09 2.8310E-09 2.7922E-09 2.7502E-09 2.7052E-09 2.6574E-09 2.6069E-09 2.5539E-09 2.4987E-09 2.4414E-09 2.3822E-09 2.3214E-09 2.2591E-09 2.1956E-09 2.1310E-09 2.0656E-09 1.9995E-09 1.9331E-09 1.8663E-09 1.7996E-09 1.7329E-09 1.6629E-09 1.5972E-09 1.5321E-09 1.4678E-09 1.4044E-09 1.3420E-09 1.2808E-09 1.2209E-09 1.1623E-09 1.1017E-09 1.0463E-09 9.9245E-10 9.4026E-10 8.8596E-10 8.3743E-10 7.8626E-10 7.3777E-10 6.9507E-10 6.5408E-10 6.1119E-10 5.7393E-10 5.3834E-10 5.0115E-10 4.6584E-10 4.3249E-10 4.0240E-10 3.7396E-10
3.0928E-09 3.0916E-09 3.0899E-09 3.0806E-09 3.0671E-09 3.0496E-09 3.0281E-09 3.0027E-09 2.9735E-09 2.9406E-09 2.9041E-09 2.8642E-09 2.8210E-09 2.7747E-09 2.7255E-09 2.6735E-09 2.6190E-09 2.5621E-09 2.5031E-09 2.4422E-09 2.3795E-09 2.3154E-09 2.2499E-09 2.1834E-09 2.1160E-09 2.0480E-09 1.9796E-09 1.9109E-09 1.8421E-09 1.7735E-09 1.7052E-09 1.6374E-09 1.5703E-09 1.5040E-09 1.4349E-09 1.3708E-09 1.3079E-09 1.2463E-09 1.1861E-09 1.1275E-09 1.0704E-09 1.0113E-09 9.5782E-10 9.0603E-10 8.5197E-10 8.0406E-10 7.5336E-10 7.0550E-10 6.6367E-10 6.2360E-10 5.8529E-10 5.4531E-10 5.1074E-10 4.7454E-10 4.4028E-10 4.0801E-10 3.7900E-10
3.1747E-09 3.1739E-09 3.1687E-09 3.1593E-09 3.1456E-09 3.1278E-09 3.1058E-09 3.0797E-09 3.0498E-09 3.0160E-09 2.9785E-09 2.9375E-09 2.8931E-09 2.8455E-09 2.7949E-09 2.7414E-09 2.6853E-09 2.6268E-09 2.5661E-09 2.5033E-09 2.4388E-09 2.3728E-09 2.3054E-09 2.2369E-09 2.1675E-09 2.0975E-09 2.0270E-09 1.9563E-09 1.8855E-09 1.8149E-09 1.7446E-09 1.6749E-09 1.6058E-09 1.5376E-09 1.4703E-09 1.4042E-09 1.3393E-09 1.2721E-09 1.2103E-09 1.1501E-09 1.0914E-09 1.0345E-09 9.7937E-10 9.2242E-10 8.7118E-10 8.1749E-10 7.7032E-10 7.2021E-10 6.7716E-10 6.3223E-10 5.9317E-10 5.5589E-10 5.1690E-10 4.8342E-10 4.4829E-10 4.1513E-10 3.8399E-10
3.2545E-09 3.2539E-09 3.2488E-09 3.2392E-09 3.2254E-09 3.2071E-09 3.1847E-09 3.1580E-09 3.1274E-09 3.0961E-09 3.0577E-09 3.0158E-09 2.9703E-09 2.9214E-09 2.8695E-09 2.8146E-09 2.7570E-09 2.6968E-09 2.6344E-09 2.5698E-09 2.4994E-09 2.4314E-09 2.3621E-09 2.2916E-09 2.2202E-09 2.1481E-09 2.0755E-09 2.0027E-09 1.9299E-09 1.8572E-09 1.7849E-09 1.7131E-09 1.6420E-09 1.5718E-09 1.5026E-09 1.4347E-09 1.3680E-09 1.3027E-09 1.2390E-09 1.1769E-09 1.1128E-09 1.0544E-09 9.9781E-10 9.3891E-10 8.8642E-10 8.3586E-10 7.8267E-10 7.3636E-10 6.8695E-10 6.4490E-10 6.0089E-10 5.6291E-10 5.2674E-10 4.8882E-10 4.5648E-10 4.2248E-10 3.9049E-10
3.3354E-09 3.3350E-09 3.3299E-09 3.3204E-09 3.3063E-09 3.2912E-09 3.2685E-09 3.2414E-09 3.2102E-09 3.1749E-09 3.1356E-09 3.0926E-09 3.0459E-09 2.9958E-09 2.9424E-09 2.8860E-09 2.8268E-09 2.7650E-09 2.7008E-09 2.6344E-09 2.5661E-09 2.4962E-09 2.4200E-09 2.3475E-09 2.2740E-09 2.1998E-09 2.1251E-09 2.0502E-09 1.9752E-09 1.9004E-09 1.8260E-09 1.7521E-09 1.6790E-09 1.6068E-09 1.5357E-09 1.4657E-09 1.3972E-09 1.3301E-09 1.2646E-09 1.2008E-09 1.1387E-09 1.0785E-09 1.0165E-09 9.6039E-10 9.0177E-10 8.5000E-10 7.9501E-10 7.4767E-10 6.9663E-10 6.5373E-10 6.1277E-10 5.6977E-10 5.3295E-10 4.9795E-10 4.6117E-10 4.3003E-10 3.9721E-10
3.4173E-09 3.4204E-09 3.4158E-09 3.4064E-09 3.3924E-09 3.3738E-09 3.3507E-09 3.3232E-09 3.2913E-09 3.2552E-09 3.2150E-09 3.1709E-09 3.1267E-09 3.0754E-09 3.0208E-09 2.9630E-09 2.9022E-09 2.8388E-09 2.7728E-09 2.7047E-09 2.6345E-09 2.5583E-09 2.4849E-09 2.4102E-09 2.3290E-09 2.2527E-09 2.1758E-09 2.0987E-09 2.0216E-09 1.9446E-09 1.8680E-09 1.7920E-09 1.7168E-09 1.6426E-09 1.5694E-09 1.4975E-09 1.4270E-09 1.3581E-09 1.2908E-09 1.2252E-09 1.1615E-09 1.0996E-09 1.0398E-09 9.7790E-10 9.2243E-10 8.6422E-10 8.1329E-10 7.5895E-10 7.1262E-10 6.6246E-10 6.2069E-10 5.8089E-10 5.4302E-10 5.0340E-10 4.6963E-10 4.3405E-10 4.0414E-10
3.5039E-09 3.5043E-09 3.4999E-09 3.4907E-09 3.4766E-09 3.4579E-09 3.4344E-09 3.4099E-09 3.3776E-09 3.3409E-09 3.3000E-09 3.2551E-09 3.2063E-09 3.1538E-09 3.0978E-09 3.0385E-09 2.9761E-09 2.9110E-09 2.8433E-09 2.7732E-09 2.7011E-09 2.6271E-09 2.5516E-09 2.4698E-09 2.3919E-09 2.3133E-09 2.2341E-09 2.1484E-09 2.0691E-09 1.9899E-09 1.9111E-09 1.8329E-09 1.7556E-09 1.6792E-09 1.6039E-09 1.5300E-09 1.4575E-09 1.3867E-09 1.3175E-09 1.2501E-09 1.1847E-09 1.1212E-09 1.0597E-09 1.0004E-09 9.3880E-10 8.8409E-10 8.2643E-10 7.7646E-10 7.2290E-10 6.7769E-10 6.2850E-10 5.8795E-10 5.4939E-10 5.1277E-10 4.7437E-10 4.4187E-10 4.0755E-10
3.5885E-09 3.5894E-09 3.5853E-09 3.5762E-09 3.5658E-09 3.5471E-09 3.5236E-09 3.4954E-09 3.4625E-09 3.4252E-09 3.3835E-09 3.3376E-09 3.2877E-09 3.2339E-09 3.1803E-09 3.1197E-09 3.0559E-09 2.9891E-09 2.9197E-09 2.8478E-09 2.7738E-09 2.6978E-09 2.6158E-09 2.5368E-09 2.4567E-09 2.3758E-09 2.2885E-09 2.2067E-09 2.1249E-09 2.0363E-09 1.9552E-09 1.8748E-09 1.7952E-09 1.7167E-09 1.6393E-09 1.5633E-09 1.4888E-09 1.4159E-09 1.3448E-09 1.2756E-09 1.2084E-09 1.1432E-09 1.0801E-09 1.0192E-09 9.5542E-10 8.9935E-10 8.4552E-10 7.8855E-10 7.3965E-10 6.8700E-10 6.4299E-10 5.9489E-10 5.5563E-10 5.1837E-10 4.8307E-10 4.4594E-10 4.1475E-10
3.6743E-09 3.6792E-09 3.6757E-09 3.6671E-09 3.6534E-09 3.6347E-09 3.6110E-09 3.5825E-09 3.5492E-09 3.5149E-09 3.4726E-09 3.4260E-09 3.3752E-09 3.3204E-09 3.2619E-09 3.1998E-09 3.1344E-09 3.0660E-09 2.9948E-09 2.9210E-09 2.8450E-09 2.7669E-09 2.6872E-09 2.6059E-09 2.5183E-09 2.4351E-09 2.3512E-09 2.2670E-09 2.1760E-09 2.0920E-09 2.0084E-09 1.9178E-09 1.8359E-09 1.7551E-09 1.6756E-09 1.5974E-09 1.5208E-09 1.4459E-09 1.3728E-09 1.3017E-09 1.2327E-09 1.1657E-09 1.1009E-09 1.0384E-09 9.7821E-10 9.1484E-10 8.5971E-10 8.0689E-10 7.5073E-10 7.0301E-10 6.5138E-10 6.0866E-10 5.6175E-10 5.2385E-10 4.8795E-10 4.5400E-10 4.1821E-10
3.7650E-09 3.7672E-09 3.7642E-09 3.7560E-09 3.7425E-09 3.7239E-09 3.7038E-09 3.6753E-09 3.6418E-09 3.6035E-09 3.5605E-09 3.5130E-09 3.4612E-09 3.4053E-09 3.3455E-09 3.2821E-09 3.2152E-09 3.1491E-09 3.0762E-09 3.0006E-09 2.9227E-09 2.8426E-09 2.7607E-09 2.6728E-09 2.5881E-09 2.5025E-09 2.4161E-09 2.3233E-09 2.2365E-09 2.1499E-09 2.0562E-09 1.9708E-09 1.8863E-09 1.7946E-09 1.7128E-09 1.6324E-09 1.5536E-09 1.4767E-09 1.4016E-09 1.3285E-09 1.2575E-09 1.1888E-09 1.1223E-09 1.0581E-09 9.9629E-10 9.3689E-10 8.7411E-10 8.2002E-10 7.6188E-10 7.1311E-10 6.6667E-10 6.1617E-10 5.7482E-10 5.2920E-10 4.9271E-10 4.5822E-10 4.2566E-10
