Assets/Resources/2015_m01_d07_2100(utc+0800)_l00_csi_1hr_conc.grd
DSAA
         159         159
     -79.000      79.000
     -79.000      79.000
  0.0000E+00  0.2616E-04
[rows 0 to 24 of 159, columns 57 to 113 of 159]
5.3008E-09 5.3840E-09 5.4581E-09 5.5225E-09 5.5781E-09 5.6249E-09 5.6630E-09 5.6932E-09 5.6906E-09 5.7060E-09 5.7145E-09 5.7160E-09 5.7109E-09 5.6994E-09 5.6820E-09 5.6592E-09 5.6088E-09 5.5777E-09 5.5426E-09 5.4810E-09 5.4391E-09 5.3932E-09 5.3438E-09 5.2919E-09 5.2166E-09 5.1606E-09 5.0819E-09 5.0231E-09 4.9621E-09 4.8997E-09 4.8161E-09 4.7522E-09 4.6877E-09 4.6229E-09 4.5570E-09 4.4906E-09 4.4238E-09 4.3556E-09 4.2875E-09 4.2188E-09 4.1498E-09 4.0659E-09 3.9976E-09 3.9251E-09 3.8382E-09 3.7629E-09 3.6924E-09 3.6122E-09 3.5287E-09 3.4608E-09 3.3836E-09 3.3175E-09 3.2559E-09 3.1817E-09 3.0947E-09 3.0365E-09 2.9658E-09
5.4656E-09 5.5526E-09 5.6294E-09 5.6966E-09 5.7540E-09 5.8022E-09 5.8412E-09 5.8716E-09 5.8936E-09 5.9079E-09 5.9150E-09 5.9148E-09 5.9078E-09 5.8704E-09 5.8521E-09 5.8283E-09 5.7992E-09 5.7650E-09 5.7264E-09 5.6612E-09 5.6163E-09 5.5451E-09 5.4943E-09 5.4397E-09 5.3820E-09 5.3224E-09 5.2396E-09 5.1552E-09 5.0920E-09 5.0267E-09 4.9602E-09 4.8927E-09 4.8050E-09 4.7373E-09 4.6693E-09 4.6003E-09 4.5304E-09 4.4598E-09 4.3884E-09 4.3173E-09 4.2459E-09 4.1743E-09 4.1032E-09 4.0167E-09 3.9418E-09 3.8676E-09 3.7790E-09 3.7065E-09 3.6347E-09 3.5491E-09 3.4689E-09 3.4003E-09 3.3182E-09 3.2555E-09 3.1797E-09 3.0912E-09 3.0319E-09
5.6310E-09 5.7219E-09 5.8023E-09 5.8723E-09 5.9324E-09 5.9825E-09 6.0235E-09 6.0553E-09 6.0783E-09 6.0929E-09 6.0992E-09 6.0980E-09 6.0899E-09 6.0750E-09 6.0545E-09 6.0281E-09 5.9721E-09 5.9365E-09 5.8958E-09 5.8504E-09 5.8010E-09 5.7256E-09 5.6713E-09 5.5914E-09 5.5319E-09 5.4692E-09 5.4040E-09 5.3374E-09 5.2476E-09 5.1579E-09 5.0885E-09 5.0182E-09 4.9475E-09 4.8559E-09 4.7847E-09 4.7128E-09 4.6394E-09 4.5658E-09 4.4917E-09 4.4173E-09 4.3433E-09 4.2691E-09 4.1951E-09 4.1213E-09 4.0478E-09 3.9551E-09 3.8831E-09 3.8030E-09 3.7134E-09 3.6397E-09 3.5520E-09 3.4701E-09 3.3999E-09 3.3203E-09 3.2523E-09 3.1889E-09 3.0852E-09
5.8047E-09 5.8989E-09 5.9822E-09 6.0546E-09 6.1164E-09 6.1682E-09 6.2100E-09 6.2422E-09 6.2651E-09 6.2798E-09 6.2862E-09 6.2847E-09 6.2756E-09 6.2596E-09 6.2368E-09 6.2082E-09 6.1741E-09 6.1351E-09 6.0670E-09 6.0198E-09 5.9685E-09 5.9130E-09 5.8534E-09 5.7687E-09 5.7054E-09 5.6173E-09 5.5498E-09 5.4795E-09 5.4075E-09 5.3132E-09 5.2407E-09 5.1464E-09 5.0730E-09 4.9980E-09 4.9227E-09 4.8269E-09 4.7509E-09 4.6744E-09 4.5974E-09 4.5201E-09 4.4432E-09 4.3659E-09 4.2888E-09 4.2123E-09 4.1359E-09 4.0602E-09 3.9694E-09 3.8909E-09 3.8087E-09 3.7213E-09 3.6417E-09 3.5710E-09 3.4685E-09 3.3967E-09 3.3156E-09 3.2465E-09 3.1819E-09
5.9821E-09 6.0806E-09 6.1676E-09 6.2433E-09 6.3079E-09 6.3617E-09 6.4047E-09 6.4378E-09 6.4613E-09 6.4753E-09 6.4809E-09 6.4784E-09 6.4680E-09 6.4504E-09 6.4264E-09 6.3955E-09 6.3587E-09 6.3163E-09 6.2694E-09 6.2178E-09 6.1379E-09 6.0800E-09 6.0184E-09 5.9530E-09 5.8846E-09 5.7912E-09 5.6967E-09 5.6245E-09 5.5492E-09 5.4728E-09 5.3960E-09 5.2977E-09 5.1995E-09 5.1220E-09 5.0432E-09 4.9638E-09 4.8644E-09 4.7846E-09 4.7047E-09 4.6250E-09 4.5446E-09 4.4647E-09 4.3847E-09 4.3052E-09 4.2263E-09 4.1475E-09 4.0692E-09 3.9915E-09 3.8951E-09 3.8154E-09 3.7369E-09 3.6404E-09 3.5684E-09 3.4789E-09 3.3908E-09 3.3225E-09 3.2379E-09
6.1636E-09 6.2660E-09 6.3564E-09 6.4349E-09 6.5018E-09 6.5573E-09 6.6020E-09 6.6359E-09 6.6601E-09 6.6748E-09 6.6800E-09 6.6765E-09 6.6650E-09 6.6455E-09 6.6194E-09 6.5869E-09 6.5478E-09 6.5033E-09 6.4529E-09 6.3977E-09 6.3388E-09 6.2761E-09 6.1860E-09 6.1177E-09 6.0463E-09 5.9719E-09 5.8953E-09 5.7946E-09 5.6939E-09 5.6150E-09 5.5344E-09 5.4529E-09 5.3497E-09 5.2464E-09 5.1646E-09 5.0818E-09 4.9988E-09 4.8959E-09 4.8132E-09 4.7305E-09 4.6480E-09 4.5651E-09 4.4823E-09 4.3997E-09 4.3177E-09 4.2367E-09 4.1554E-09 4.0752E-09 3.9953E-09 3.8965E-09 3.8147E-09 3.7343E-09 3.6358E-09 3.5625E-09 3.4717E-09 3.3821E-09 3.3128E-09
6.3537E-09 6.4606E-09 6.5550E-09 6.6368E-09 6.7062E-09 6.7636E-09 6.8094E-09 6.8442E-09 6.8680E-09 6.8817E-09 6.8862E-09 6.8817E-09 6.8688E-09 6.8482E-09 6.8199E-09 6.7847E-09 6.7430E-09 6.6956E-09 6.6429E-09 6.5845E-09 6.5214E-09 6.4536E-09 6.3838E-09 6.3111E-09 6.2112E-09 6.1335E-09 6.0535E-09 5.9710E-09 5.8652E-09 5.7591E-09 5.6757E-09 5.5901E-09 5.5037E-09 5.3953E-09 5.2873E-09 5.2014E-09 5.1149E-09 5.0285E-09 4.9224E-09 4.8366E-09 4.7509E-09 4.6655E-09 4.5802E-09 4.4951E-09 4.4102E-09 4.3260E-09 4.2427E-09 4.1591E-09 4.0770E-09 3.9954E-09 3.9102E-09 3.8112E-09 3.7290E-09 3.6328E-09 3.5536E-09 3.4758E-09 3.3705E-09
6.5499E-09 6.6613E-09 6.7594E-09 6.8446E-09 6.9168E-09 6.9765E-09 7.0240E-09 7.0599E-09 7.0846E-09 7.0986E-09 7.1020E-09 7.0962E-09 7.0813E-09 7.0581E-09 7.0275E-09 6.9894E-09 6.9446E-09 6.8939E-09 6.8369E-09 6.7759E-09 6.7092E-09 6.6383E-09 6.5630E-09 6.4849E-09 6.4053E-09 6.3229E-09 6.2147E-09 6.1289E-09 6.0417E-09 5.9533E-09 5.8414E-09 5.7300E-09 5.6395E-09 5.5479E-09 5.4563E-09 5.3441E-09 5.2328E-09 5.1432E-09 5.0535E-09 4.9440E-09 4.8552E-09 4.7666E-09 4.6783E-09 4.5905E-09 4.5029E-09 4.4156E-09 4.3293E-09 4.2440E-09 4.1590E-09 4.0750E-09 3.9917E-09 3.9049E-09 3.8041E-09 3.7206E-09 3.6227E-09 3.5422E-09 3.4628E-09
6.7531E-09 6.8690E-09 6.9711E-09 7.0592E-09 7.1338E-09 7.1952E-09 7.2438E-09 7.2801E-09 7.3046E-09 7.3183E-09 7.3215E-09 7.3149E-09 7.2989E-09 7.2736E-09 7.2403E-09 7.1994E-09 7.1513E-09 7.0969E-09 7.0362E-09 6.9705E-09 6.9007E-09 6.8259E-09 6.7478E-09 6.6649E-09 6.5799E-09 6.4926E-09 6.4038E-09 6.2899E-09 6.1988E-09 6.1063E-09 6.0124E-09 5.8946E-09 5.7772E-09 5.6822E-09 5.5861E-09 5.4901E-09 5.3739E-09 5.2588E-09 5.1659E-09 5.0732E-09 4.9606E-09 4.8689E-09 4.7776E-09 4.6866E-09 4.5965E-09 4.5063E-09 4.4168E-09 4.3285E-09 4.2411E-09 4.1542E-09 4.0684E-09 3.9834E-09 3.8952E-09 3.7935E-09 3.7086E-09 3.6247E-09 3.5279E-09
6.9634E-09 7.0841E-09 7.1903E-09 7.2821E-09 7.3596E-09 7.4234E-09 7.4737E-09 7.5111E-09 7.5360E-09 7.5487E-09 7.5505E-09 7.5416E-09 7.5231E-09 7.4960E-09 7.4601E-09 7.4163E-09 7.3650E-09 7.3068E-09 7.2424E-09 7.1729E-09 7.0978E-09 7.0189E-09 6.9355E-09 6.8493E-09 6.7592E-09 6.6677E-09 6.5738E-09 6.4791E-09 6.3589E-09 6.2625E-09 6.1640E-09 6.0640E-09 5.9403E-09 5.8174E-09 5.7181E-09 5.6179E-09 5.5180E-09 5.3980E-09 5.2795E-09 5.1833E-09 5.0877E-09 4.9723E-09 4.8776E-09 4.7837E-09 4.6901E-09 4.5978E-09 4.5052E-09 4.4136E-09 4.3234E-09 4.2340E-09 4.1454E-09 4.0580E-09 3.9714E-09 3.8818E-09 3.7787E-09 3.6927E-09 3.6080E-09
7.1812E-09 7.3070E-09 7.4174E-09 7.5127E-09 7.5930E-09 7.6589E-09 7.7106E-09 7.7487E-09 7.7736E-09 7.7863E-09 7.7874E-09 7.7775E-09 7.7571E-09 7.7268E-09 7.6875E-09 7.6397E-09 7.5855E-09 7.5241E-09 7.4555E-09 7.3811E-09 7.3014E-09 7.2178E-09 7.1289E-09 7.0373E-09 6.9429E-09 6.8463E-09 6.7488E-09 6.6488E-09 6.5476E-09 6.4458E-09 6.3184E-09 6.2134E-09 6.1078E-09 5.9788E-09 5.8511E-09 5.7478E-09 5.6437E-09 5.5400E-09 5.4165E-09 5.2945E-09 5.1953E-09 5.0968E-09 4.9786E-09 4.8813E-09 4.7849E-09 4.6889E-09 4.5943E-09 4.4996E-09 4.4061E-09 4.3141E-09 4.2229E-09 4.1327E-09 4.0438E-09 3.9557E-09 3.8649E-09 3.7606E-09 3.6734E-09
7.4072E-09 7.5382E-09 7.6530E-09 7.7519E-09 7.8351E-09 7.9030E-09 7.9560E-09 7.9947E-09 8.0196E-09 8.0317E-09 8.0313E-09 8.0195E-09 7.9970E-09 7.9642E-09 7.9225E-09 7.8712E-09 7.8117E-09 7.7451E-09 7.6723E-09 7.5938E-09 7.5094E-09 7.4199E-09 7.3274E-09 7.2304E-09 7.1306E-09 7.0291E-09 6.9264E-09 6.8226E-09 6.7165E-09 6.6084E-09 6.4991E-09 6.3655E-09 6.2551E-09 6.1442E-09 6.0334E-09 5.8782E-09 5.7709E-09 5.6629E-09 5.5559E-09 5.4290E-09 5.3039E-09 5.2018E-09 5.1005E-09 4.9797E-09 4.8802E-09 4.7811E-09 4.6832E-09 4.5863E-09 4.4896E-09 4.3944E-09 4.3006E-09 4.2078E-09 4.1161E-09 4.0257E-09 3.9364E-09 3.8400E-09 3.7391E-09
7.6393E-09 7.7758E-09 7.8952E-09 7.9978E-09 8.0838E-09 8.1538E-09 8.2082E-09 8.2473E-09 8.2722E-09 8.2834E-09 8.2816E-09 8.2678E-09 8.2426E-09 8.2069E-09 8.1614E-09 8.1073E-09 8.0439E-09 7.9728E-09 7.8946E-09 7.8104E-09 7.7213E-09 7.6278E-09 7.5289E-09 7.4276E-09 7.3235E-09 7.2168E-09 7.1078E-09 6.9987E-09 6.8881E-09 6.7746E-09 6.6596E-09 6.5437E-09 6.4046E-09 6.2892E-09 6.1733E-09 6.0580E-09 5.8988E-09 5.7875E-09 5.6758E-09 5.5656E-09 5.4355E-09 5.3077E-09 5.2028E-09 5.0988E-09 4.9756E-09 4.8738E-09 4.7725E-09 4.6727E-09 4.5736E-09 4.4750E-09 4.3783E-09 4.2829E-09 4.1886E-09 4.0956E-09 4.0038E-09 3.9135E-09 3.8162E-09
7.8796E-09 8.0223E-09 8.1470E-09 8.2538E-09 8.3430E-09 8.4151E-09 8.4706E-09 8.5104E-09 8.5351E-09 8.5453E-09 8.5420E-09 8.5258E-09 8.4978E-09 8.4588E-09 8.4095E-09 8.3508E-09 8.2836E-09 8.2075E-09 8.1247E-09 8.0355E-09 7.9405E-09 7.8405E-09 7.7364E-09 7.6293E-09 7.5206E-09 7.4082E-09 7.2948E-09 7.1778E-09 7.0612E-09 6.9430E-09 6.8228E-09 6.7018E-09 6.5802E-09 6.4357E-09 6.3155E-09 6.1950E-09 6.0524E-09 5.9125E-09 5.7974E-09 5.6822E-09 5.5690E-09 5.4149E-09 5.3057E-09 5.1983E-09 5.0917E-09 4.9664E-09 4.8623E-09 4.7590E-09 4.6574E-09 4.5563E-09 4.4561E-09 4.3579E-09 4.2612E-09 4.1655E-09 4.0712E-09 3.9782E-09 3.8870E-09
8.1298E-09 8.2783E-09 8.4079E-09 8.5186E-09 8.6108E-09 8.6851E-09 8.7418E-09 8.7822E-09 8.8065E-09 8.8157E-09 8.8105E-09 8.7918E-09 8.7608E-09 8.7179E-09 8.6647E-09 8.6014E-09 8.5292E-09 8.4491E-09 8.3601E-09 8.2657E-09 8.1646E-09 8.0591E-09 7.9487E-09 7.8359E-09 7.7212E-09 7.6043E-09 7.4841E-09 7.3627E-09 7.2371E-09 7.1130E-09 6.9882E-09 6.8617E-09 6.7354E-09 6.6084E-09 6.4590E-09 6.3341E-09 6.2092E-09 6.0626E-09 5.9194E-09 5.8007E-09 5.6823E-09 5.5448E-09 5.4096E-09 5.2980E-09 5.1883E-09 5.0592E-09 4.9521E-09 4.8458E-09 4.7406E-09 4.6374E-09 4.5344E-09 4.4329E-09 4.3333E-09 4.2353E-09 4.1384E-09 4.0430E-09 3.9489E-09
8.3860E-09 8.5410E-09 8.6762E-09 8.7917E-09 8.8876E-09 8.9641E-09 9.0224E-09 9.0629E-09 9.0866E-09 9.0943E-09 9.0869E-09 9.0655E-09 9.0309E-09 8.9842E-09 8.9263E-09 8.8585E-09 8.7811E-09 8.6957E-09 8.6024E-09 8.5008E-09 8.3942E-09 8.2823E-09 8.1671E-09 8.0482E-09 7.9265E-09 7.8027E-09 7.6767E-09 7.5477E-09 7.4183E-09 7.2857E-09 7.1546E-09 7.0238E-09 6.8918E-09 6.7601E-09 6.6282E-09 6.4742E-09 6.3447E-09 6.2157E-09 6.0656E-09 5.9194E-09 5.7971E-09 5.6761E-09 5.5361E-09 5.3985E-09 5.2846E-09 5.1726E-09 5.0417E-09 4.9325E-09 4.8244E-09 4.7175E-09 4.6126E-09 4.5081E-09 4.4054E-09 4.3047E-09 4.2053E-09 4.1074E-09 4.0110E-09
8.6563E-09 8.8173E-09 8.9577E-09 9.0774E-09 9.1765E-09 9.2554E-09 9.3149E-09 9.3556E-09 9.3788E-09 9.3851E-09 9.3755E-09 9.3512E-09 9.3129E-09 9.2620E-09 9.1992E-09 9.1256E-09 9.0425E-09 8.9503E-09 8.8511E-09 8.7437E-09 8.6295E-09 8.5124E-09 8.3905E-09 8.2659E-09 8.1374E-09 8.0059E-09 7.8723E-09 7.7367E-09 7.6001E-09 7.4630E-09 7.3239E-09 7.1866E-09 7.0501E-09 6.9126E-09 6.7761E-09 6.6394E-09 6.4811E-09 6.3473E-09 6.2147E-09 6.0614E-09 5.9123E-09 5.7869E-09 5.6635E-09 5.5211E-09 5.3816E-09 5.2657E-09 5.1515E-09 5.0188E-09 4.9079E-09 4.7981E-09 4.6899E-09 4.5832E-09 4.4772E-09 4.3737E-09 4.2719E-09 4.1714E-09 4.0724E-09
8.9320E-09 9.0998E-09 9.2456E-09 9.3708E-09 9.4740E-09 9.5558E-09 9.6169E-09 9.6580E-09 9.6802E-09 9.6845E-09 9.6724E-09 9.6445E-09 9.6022E-09 9.5464E-09 9.4782E-09 9.3991E-09 9.3101E-09 9.2121E-09 9.1060E-09 8.9934E-09 8.8726E-09 8.7479E-09 8.6194E-09 8.4866E-09 8.3517E-09 8.2138E-09 8.0724E-09 7.9292E-09 7.7853E-09 7.6415E-09 7.4971E-09 7.3520E-09 7.2089E-09 7.0668E-09 6.9243E-09 6.7830E-09 6.6419E-09 6.4797E-09 6.3420E-09 6.2062E-09 6.0271E-09 5.8983E-09 5.7699E-09 5.6444E-09 5.4788E-09 5.3588E-09 5.2411E-09 5.1048E-09 4.9907E-09 4.8781E-09 4.7669E-09 4.6576E-09 4.5493E-09 4.4422E-09 4.3377E-09 4.2350E-09 4.1335E-09
9.2243E-09 9.3987E-09 9.5509E-09 9.6797E-09 9.7865E-09 9.8708E-09 9.9332E-09 9.9747E-09 9.9961E-09 9.9984E-09 9.9833E-09 9.9517E-09 9.9049E-09 9.8439E-09 9.7700E-09 9.6847E-09 9.5891E-09 9.4849E-09 9.3718E-09 9.2516E-09 9.1264E-09 8.9939E-09 8.8579E-09 8.7178E-09 8.5741E-09 8.4277E-09 8.2787E-09 8.1283E-09 7.9767E-09 7.8254E-09 7.6741E-09 7.5228E-09 7.3725E-09 7.2236E-09 7.0761E-09 6.9287E-09 6.7829E-09 6.6133E-09 6.4717E-09 6.3302E-09 6.1908E-09 6.0094E-09 5.8773E-09 5.7466E-09 5.5977E-09 5.4521E-09 5.3303E-09 5.2109E-09 5.0734E-09 4.9576E-09 4.8436E-09 4.7309E-09 4.6205E-09 4.5108E-09 4.4030E-09 4.2976E-09 4.1940E-09
9.5236E-09 9.7044E-09 9.8615E-09 9.9950E-09 1.0105E-08 1.0192E-08 1.0256E-08 1.0299E-08 1.0319E-08 1.0320E-08 1.0302E-08 1.0266E-08 1.0215E-08 1.0148E-08 1.0068E-08 9.9765E-09 9.8738E-09 9.7612E-09 9.6406E-09 9.5128E-09 9.3804E-09 9.2424E-09 9.0977E-09 8.9496E-09 8.7973E-09 8.6423E-09 8.4861E-09 8.3278E-09 8.1695E-09 8.0099E-09 7.8509E-09 7.6936E-09 7.5356E-09 7.3802E-09 7.2263E-09 7.0738E-09 6.9220E-09 6.7721E-09 6.5995E-09 6.4540E-09 6.3094E-09 6.1448E-09 5.9847E-09 5.8495E-09 5.7172E-09 5.5666E-09 5.4195E-09 5.2962E-09 5.1752E-09 5.0365E-09 4.9194E-09 4.8041E-09 4.6904E-09 4.5786E-09 4.4679E-09 4.3596E-09 4.2537E-09
9.8396E-09 1.0029E-08 1.0192E-08 1.0331E-08 1.0445E-08 1.0534E-08 1.0600E-08 1.0642E-08 1.0662E-08 1.0661E-08 1.0639E-08 1.0600E-08 1.0543E-08 1.0470E-08 1.0384E-08 1.0285E-08 1.0175E-08 1.0055E-08 9.9262E-09 9.7916E-09 9.6498E-09 9.5033E-09 9.3506E-09 9.1924E-09 9.0319E-09 8.8677E-09 8.7024E-09 8.5361E-09 8.3693E-09 8.2032E-09 8.0364E-09 7.8706E-09 7.7061E-09 7.5421E-09 7.3816E-09 7.2226E-09 7.0651E-09 6.9089E-09 6.7543E-09 6.5786E-09 6.4289E-09 6.2812E-09 6.1145E-09 5.9528E-09 5.8151E-09 5.6813E-09 5.5085E-09 5.3811E-09 5.2566E-09 5.1145E-09 4.9945E-09 4.8763E-09 4.7598E-09 4.6453E-09 4.5322E-09 4.4210E-09 4.3122E-09
1.0164E-08 1.0360E-08 1.0529E-08 1.0671E-08 1.0788E-08 1.0879E-08 1.0946E-08 1.0989E-08 1.1008E-08 1.1004E-08 1.0980E-08 1.0935E-08 1.0873E-08 1.0794E-08 1.0701E-08 1.0595E-08 1.0477E-08 1.0349E-08 1.0213E-08 1.0069E-08 9.9188E-09 9.7623E-09 9.6019E-09 9.4353E-09 9.2646E-09 9.0924E-09 8.9169E-09 8.7422E-09 8.5669E-09 8.3929E-09 8.2189E-09 8.0452E-09 7.8728E-09 7.7025E-09 7.5341E-09 7.3689E-09 7.2055E-09 7.0439E-09 6.8846E-09 6.7019E-09 6.5479E-09 6.3955E-09 6.2457E-09 6.0549E-09 5.9139E-09 5.7748E-09 5.6181E-09 5.4659E-09 5.3372E-09 5.2116E-09 5.0688E-09 4.9474E-09 4.8283E-09 4.7108E-09 4.5955E-09 4.4817E-09 4.3700E-09
1.0505E-08 1.0708E-08 1.0884E-08 1.1032E-08 1.1151E-08 1.1246E-08 1.1313E-08 1.1356E-08 1.1374E-08 1.1368E-08 1.1340E-08 1.1291E-08 1.1223E-08 1.1138E-08 1.1038E-08 1.0923E-08 1.0797E-08 1.0660E-08 1.0515E-08 1.0361E-08 1.0201E-08 1.0036E-08 9.8642E-09 9.6893E-09 9.5090E-09 9.3258E-09 9.1431E-09 8.9575E-09 8.7745E-09 8.5902E-09 8.4079E-09 8.2269E-09 8.0464E-09 7.8687E-09 7.6919E-09 7.5196E-09 7.3492E-09 7.1810E-09 7.0149E-09 6.8526E-09 6.6669E-09 6.5091E-09 6.3546E-09 6.1802E-09 6.0113E-09 5.8684E-09 5.7280E-09 5.5495E-09 5.4174E-09 5.2880E-09 5.1414E-09 5.0176E-09 4.8954E-09 4.7755E-09 4.6575E-09 4.5413E-09 4.4271E-09
1.0859E-08 1.1070E-08 1.1250E-08 1.1403E-08 1.1526E-08 1.1621E-08 1.1690E-08 1.1732E-08 1.1749E-08 1.1741E-08 1.1709E-08 1.1655E-08 1.1581E-08 1.1489E-08 1.1381E-08 1.1258E-08 1.1123E-08 1.0977E-08 1.0822E-08 1.0659E-08 1.0488E-08 1.0312E-08 1.0130E-08 9.9441E-09 9.7556E-09 9.5624E-09 9.3691E-09 9.1755E-09 8.9807E-09 8.7886E-09 8.5966E-09 8.4070E-09 8.2196E-09 8.0336E-09 7.8498E-09 7.6683E-09 7.4915E-09 7.3170E-09 7.1449E-09 6.9760E-09 6.8103E-09 6.6232E-09 6.4627E-09 6.3059E-09 6.1081E-09 5.9609E-09 5.8167E-09 5.6540E-09 5.4966E-09 5.3633E-09 5.2332E-09 5.0865E-09 4.9615E-09 4.8387E-09 4.7181E-09 4.5996E-09 4.4831E-09
1.1221E-08 1.1440E-08 1.1627E-08 1.1783E-08 1.1910E-08 1.2006E-08 1.2075E-08 1.2116E-08 1.2131E-08 1.2120E-08 1.2085E-08 1.2026E-08 1.1946E-08 1.1847E-08 1.1730E-08 1.1599E-08 1.1454E-08 1.1298E-08 1.1133E-08 1.0958E-08 1.0777E-08 1.0590E-08 1.0398E-08 1.0201E-08 1.0002E-08 9.8010E-09 9.5962E-09 9.3928E-09 9.1888E-09 8.9857E-09 8.7860E-09 8.5865E-09 8.3909E-09 8.1980E-09 8.0069E-09 7.8182E-09 7.6334E-09 7.4530E-09 7.2747E-09 7.0994E-09 6.9281E-09 6.7351E-09 6.5710E-09 6.4089E-09 6.2272E-09 6.0526E-09 5.9038E-09 5.7583E-09 5.5744E-09 5.4379E-09 5.3039E-09 5.1534E-09 5.0262E-09 4.9007E-09 4.7775E-09 4.6567E-09 4.5375E-09
