Assets/Resources/2015_m01_d17_0600(utc+0800)_l00_csi_1hr_conc.grd
DSAA
         159         159
     -79.000      79.000
     -79.000      79.000
  0.0000E+00  0.1536E-04
[rows 25 to 49 of 159, columns 57 to 113 of 159]
1.0523E-09 1.1655E-09 1.2920E-09 1.4228E-09 1.5640E-09 1.7095E-09 1.8784E-09 2.0486E-09 2.2214E-09 2.4107E-09 2.6060E-09 2.8041E-09 3.0126E-09 3.2249E-09 3.4429E-09 3.6655E-09 3.8918E-09 4.1206E-09 4.3509E-09 4.5880E-09 4.8181E-09 5.0462E-09 5.2768E-09 5.4951E-09 5.7052E-09 5.9117E-09 6.1006E-09 6.2795E-09 6.4431E-09 6.5857E-09 6.7099E-09 6.8197E-09 6.9049E-09 6.9638E-09 6.9977E-09 7.0066E-09 6.9901E-09 6.9481E-09 6.8808E-09 6.7886E-09 6.6724E-09 6.5321E-09 6.3693E-09 6.1865E-09 5.9844E-09 5.7657E-09 5.5359E-09 5.2980E-09 5.0497E-09 4.7937E-09 4.5332E-09 4.2681E-09 3.9993E-09 3.7314E-09 3.4725E-09 3.2187E-09 2.9715E-09
1.0265E-09 1.1383E-09 1.2660E-09 1.3939E-09 1.5345E-09 1.6866E-09 1.8503E-09 2.0180E-09 2.1983E-09 2.3827E-09 2.5780E-09 2.7804E-09 2.9879E-09 3.2024E-09 3.4233E-09 3.6497E-09 3.8806E-09 4.1162E-09 4.3583E-09 4.5964E-09 4.8339E-09 5.0776E-09 5.3111E-09 5.5455E-09 5.7671E-09 5.9865E-09 6.1875E-09 6.3811E-09 6.5604E-09 6.7158E-09 6.8517E-09 6.9665E-09 7.0586E-09 7.1267E-09 7.1696E-09 7.1865E-09 7.1770E-09 7.1407E-09 7.0778E-09 6.9887E-09 6.8741E-09 6.7353E-09 6.5747E-09 6.3929E-09 6.1916E-09 5.9730E-09 5.7366E-09 5.4847E-09 5.2216E-09 4.9559E-09 4.6869E-09 4.4144E-09 4.1417E-09 3.8681E-09 3.5947E-09 3.3274E-09 3.0719E-09
9.9840E-10 1.1085E-09 1.2356E-09 1.3667E-09 1.5057E-09 1.6533E-09 1.8192E-09 1.9867E-09 2.1645E-09 2.3524E-09 2.5467E-09 2.7488E-09 2.9579E-09 3.1747E-09 3.3987E-09 3.6288E-09 3.8700E-09 4.1114E-09 4.3551E-09 4.6077E-09 4.8542E-09 5.0994E-09 5.3557E-09 5.5969E-09 5.8300E-09 6.0677E-09 6.2821E-09 6.4833E-09 6.6689E-09 6.8368E-09 6.9851E-09 7.1125E-09 7.2226E-09 7.3055E-09 7.3604E-09 7.3868E-09 7.3843E-09 7.3528E-09 7.2925E-09 7.2038E-09 7.0878E-09 6.9466E-09 6.7834E-09 6.5992E-09 6.3947E-09 6.1715E-09 5.9318E-09 5.6782E-09 5.4132E-09 5.1344E-09 4.8490E-09 4.5620E-09 4.2797E-09 3.9984E-09 3.7211E-09 3.4455E-09 3.1749E-09
9.6819E-10 1.0784E-09 1.2030E-09 1.3329E-09 1.4758E-09 1.6199E-09 1.7825E-09 1.9553E-09 2.1301E-09 2.3154E-09 2.5106E-09 2.7120E-09 2.9238E-09 3.1428E-09 3.3695E-09 3.6100E-09 3.8511E-09 4.0983E-09 4.3554E-09 4.6092E-09 4.8640E-09 5.1348E-09 5.3894E-09 5.6544E-09 5.9008E-09 6.1388E-09 6.3661E-09 6.5837E-09 6.7986E-09 6.9831E-09 7.1456E-09 7.2859E-09 7.4019E-09 7.4921E-09 7.5549E-09 7.5892E-09 7.5942E-09 7.5695E-09 7.5151E-09 7.4321E-09 7.3215E-09 7.1834E-09 7.0192E-09 6.8275E-09 6.6129E-09 6.3778E-09 6.1288E-09 5.8679E-09 5.5948E-09 5.3123E-09 5.0231E-09 4.7252E-09 4.4248E-09 4.1289E-09 3.8417E-09 3.5603E-09 3.2848E-09
9.3636E-10 1.0448E-09 1.1726E-09 1.3016E-09 1.4390E-09 1.5891E-09 1.7490E-09 1.9154E-09 2.0933E-09 2.2786E-09 2.4710E-09 2.6732E-09 2.8848E-09 3.1056E-09 3.3431E-09 3.5817E-09 3.8332E-09 4.0875E-09 4.3455E-09 4.6151E-09 4.8887E-09 5.1551E-09 5.4364E-09 5.7007E-09 5.9611E-09 6.2318E-09 6.4758E-09 6.7061E-09 6.9211E-09 7.1181E-09 7.2946E-09 7.4483E-09 7.5770E-09 7.6789E-09 7.7521E-09 7.7958E-09 7.8083E-09 7.7898E-09 7.7411E-09 7.6620E-09 7.5525E-09 7.4142E-09 7.2486E-09 7.0570E-09 6.8418E-09 6.6052E-09 6.3468E-09 6.0704E-09 5.7807E-09 5.4881E-09 5.1892E-09 4.8861E-09 4.5811E-09 4.2712E-09 3.9650E-09 3.6719E-09 3.3881E-09
9.0475E-10 1.0116E-09 1.1367E-09 1.2666E-09 1.4054E-09 1.5487E-09 1.7107E-09 1.8797E-09 2.0506E-09 2.2359E-09 2.4283E-09 2.6310E-09 2.8438E-09 3.0731E-09 3.3064E-09 3.5557E-09 3.8087E-09 4.0677E-09 4.3409E-09 4.6213E-09 4.8967E-09 5.1919E-09 5.4778E-09 5.7707E-09 6.0458E-09 6.3136E-09 6.5717E-09 6.8175E-09 7.0600E-09 7.2818E-09 7.4750E-09 7.6437E-09 7.7864E-09 7.9007E-09 7.9850E-09 8.0376E-09 8.0579E-09 8.0463E-09 8.0017E-09 7.9216E-09 7.8085E-09 7.6638E-09 7.4891E-09 7.2906E-09 7.0696E-09 6.8261E-09 6.5627E-09 6.2827E-09 5.9875E-09 5.6773E-09 5.3592E-09 5.0438E-09 4.7286E-09 4.4146E-09 4.1011E-09 3.7897E-09 3.4892E-09
8.7067E-10 9.7710E-10 1.1035E-09 1.2276E-09 1.3678E-09 1.5153E-09 1.6645E-09 1.8357E-09 2.0093E-09 2.1906E-09 2.3827E-09 2.5858E-09 2.8046E-09 3.0319E-09 3.2753E-09 3.5224E-09 3.7845E-09 4.0524E-09 4.3356E-09 4.6178E-09 4.9231E-09 5.2220E-09 5.5325E-09 5.8259E-09 6.1178E-09 6.4211E-09 6.6987E-09 6.9624E-09 7.2107E-09 7.4405E-09 7.6489E-09 7.8329E-09 7.9897E-09 8.1169E-09 8.2125E-09 8.2754E-09 8.3051E-09 8.2997E-09 8.2591E-09 8.1839E-09 8.0744E-09 7.9319E-09 7.7579E-09 7.5522E-09 7.3171E-09 7.0575E-09 6.7815E-09 6.4914E-09 6.1869E-09 5.8714E-09 5.5463E-09 5.2122E-09 4.8766E-09 4.5516E-09 4.2298E-09 3.9125E-09 3.5982E-09
8.3704E-10 9.3960E-10 1.0672E-09 1.1947E-09 1.3262E-09 1.4720E-09 1.6264E-09 1.7934E-09 1.9625E-09 2.1429E-09 2.3347E-09 2.5408E-09 2.7604E-09 2.9946E-09 3.2353E-09 3.4943E-09 3.7570E-09 4.0396E-09 4.3219E-09 4.6334E-09 4.9413E-09 5.2658E-09 5.5854E-09 5.9105E-09 6.2191E-09 6.5221E-09 6.8159E-09 7.0975E-09 7.3650E-09 7.6209E-09 7.8514E-09 8.0541E-09 8.2271E-09 8.3677E-09 8.4750E-09 8.5471E-09 8.5819E-09 8.5788E-09 8.5379E-09 8.4591E-09 8.3483E-09 8.2028E-09 8.0240E-09 7.8142E-09 7.5761E-09 7.3127E-09 7.0224E-09 6.7121E-09 6.3893E-09 6.0617E-09 5.7260E-09 5.3859E-09 5.0401E-09 4.6921E-09 4.3532E-09 4.0264E-09 3.7081E-09
8.0172E-10 9.0657E-10 1.0299E-09 1.1538E-09 1.2920E-09 1.4301E-09 1.5808E-09 1.7464E-09 1.9140E-09 2.0933E-09 2.2850E-09 2.4952E-09 2.7168E-09 2.9500E-09 3.2010E-09 3.4575E-09 3.7359E-09 4.0165E-09 4.3300E-09 4.6430E-09 4.9775E-09 5.3162E-09 5.6528E-09 5.9816E-09 6.3090E-09 6.6490E-09 6.9678E-09 7.2704E-09 7.5569E-09 7.8241E-09 8.0678E-09 8.2851E-09 8.4726E-09 8.6284E-09 8.7495E-09 8.8330E-09 8.8779E-09 8.8832E-09 8.8481E-09 8.7731E-09 8.6567E-09 8.5006E-09 8.3085E-09 8.0855E-09 7.8378E-09 7.5634E-09 7.2660E-09 6.9492E-09 6.6120E-09 6.2611E-09 5.9065E-09 5.5526E-09 5.1960E-09 4.8403E-09 4.4841E-09 4.1374E-09 3.8094E-09
7.6576E-10 8.6792E-10 9.9432E-10 1.1145E-09 1.2492E-09 1.3908E-09 1.5376E-09 1.6984E-09 1.8643E-09 2.0420E-09 2.2395E-09 2.4464E-09 2.6702E-09 2.9094E-09 3.1583E-09 3.4188E-09 3.7040E-09 4.0160E-09 4.3302E-09 4.6702E-09 5.0192E-09 5.3694E-09 5.7270E-09 6.0867E-09 6.4358E-09 6.7803E-09 7.1164E-09 7.4418E-09 7.7496E-09 8.0369E-09 8.3005E-09 8.5378E-09 8.7430E-09 8.9134E-09 9.0451E-09 9.1379E-09 9.1904E-09 9.2002E-09 9.1670E-09 9.0911E-09 8.9736E-09 8.8161E-09 8.6210E-09 8.3884E-09 8.1212E-09 7.8254E-09 7.5131E-09 7.1819E-09 6.8347E-09 6.4756E-09 6.1006E-09 5.7194E-09 5.3472E-09 4.9794E-09 4.6174E-09 4.2577E-09 3.9077E-09
7.3075E-10 8.3094E-10 9.5388E-10 1.0776E-09 1.2117E-09 1.3443E-09 1.4942E-09 1.6497E-09 1.8136E-09 1.9939E-09 2.1874E-09 2.3997E-09 2.6240E-09 2.8634E-09 3.1138E-09 3.3893E-09 3.6951E-09 4.0070E-09 4.3486E-09 4.7037E-09 5.0687E-09 5.4467E-09 5.8142E-09 6.1854E-09 6.5567E-09 6.9304E-09 7.3005E-09 7.6521E-09 7.9865E-09 8.2967E-09 8.5816E-09 8.8373E-09 9.0592E-09 9.2441E-09 9.3890E-09 9.4911E-09 9.5478E-09 9.5570E-09 9.5192E-09 9.4353E-09 9.3089E-09 9.1439E-09 8.9388E-09 8.6968E-09 8.4216E-09 8.1157E-09 7.7800E-09 7.4231E-09 7.0583E-09 6.6809E-09 6.2945E-09 5.9011E-09 5.5041E-09 5.1161E-09 4.7407E-09 4.3748E-09 4.0153E-09
6.9451E-10 7.9435E-10 9.1776E-10 1.0353E-09 1.1716E-09 1.3060E-09 1.4466E-09 1.6003E-09 1.7630E-09 1.9447E-09 2.1417E-09 2.3494E-09 2.5774E-09 2.8149E-09 3.0678E-09 3.3611E-09 3.6773E-09 4.0162E-09 4.3792E-09 4.7444E-09 5.1337E-09 5.5141E-09 5.9093E-09 6.3190E-09 6.7178E-09 7.1129E-09 7.5005E-09 7.8754E-09 8.2327E-09 8.5694E-09 8.8779E-09 9.1540E-09 9.3942E-09 9.5941E-09 9.7510E-09 9.8617E-09 9.9247E-09 9.9388E-09 9.9034E-09 9.8195E-09 9.6860E-09 9.5041E-09 9.2792E-09 9.0194E-09 8.7284E-09 8.4068E-09 8.0593E-09 7.6876E-09 7.2928E-09 6.8877E-09 6.4836E-09 6.0755E-09 5.6685E-09 5.2598E-09 4.8615E-09 4.4827E-09 4.1166E-09
6.5856E-10 7.5531E-10 8.7969E-10 9.9846E-10 1.1284E-09 1.2614E-09 1.4032E-09 1.5508E-09 1.7163E-09 1.8954E-09 2.0898E-09 2.3040E-09 2.5266E-09 2.7657E-09 3.0332E-09 3.3473E-09 3.6778E-09 4.0385E-09 4.4045E-09 4.8012E-09 5.1967E-09 5.6174E-09 6.0331E-09 6.4558E-09 6.8812E-09 7.3046E-09 7.7242E-09 8.1307E-09 8.5201E-09 8.8842E-09 9.2178E-09 9.5177E-09 9.7763E-09 9.9903E-09 1.0157E-08 1.0272E-08 1.0337E-08 1.0346E-08 1.0308E-08 1.0218E-08 1.0077E-08 9.8878E-09 9.6535E-09 9.3738E-09 9.0561E-09 8.7098E-09 8.3413E-09 7.9485E-09 7.5392E-09 7.1126E-09 6.6780E-09 6.2502E-09 5.8265E-09 5.4081E-09 4.9917E-09 4.5882E-09 4.2095E-09
6.2365E-10 7.1995E-10 8.3943E-10 9.5945E-10 1.0919E-09 1.2165E-09 1.3558E-09 1.5025E-09 1.6668E-09 1.8480E-09 2.0439E-09 2.2526E-09 2.4758E-09 2.7277E-09 3.0128E-09 3.3326E-09 3.6918E-09 4.0532E-09 4.4584E-09 4.8596E-09 5.2866E-09 5.7172E-09 6.1617E-09 6.6191E-09 7.0802E-09 7.5401E-09 7.9918E-09 8.4292E-09 8.8474E-09 9.2400E-09 9.6009E-09 9.9240E-09 1.0205E-08 1.0437E-08 1.0616E-08 1.0741E-08 1.0808E-08 1.0816E-08 1.0767E-08 1.0657E-08 1.0501E-08 1.0296E-08 1.0044E-08 9.7495E-09 9.4163E-09 9.0428E-09 8.6386E-09 8.2186E-09 7.7860E-09 7.3424E-09 6.8897E-09 6.4318E-09 5.9833E-09 5.5472E-09 5.1215E-09 4.7012E-09 4.2986E-09
5.8833E-10 6.8268E-10 8.0690E-10 9.2076E-10 1.0494E-09 1.1755E-09 1.3085E-09 1.4569E-09 1.6212E-09 1.7994E-09 1.9951E-09 2.2015E-09 2.4358E-09 2.6920E-09 2.9859E-09 3.3477E-09 3.6975E-09 4.1053E-09 4.4997E-09 4.9336E-09 5.3814E-09 5.8487E-09 6.3305E-09 6.8168E-09 7.3083E-09 7.7981E-09 8.2839E-09 8.7565E-09 9.2089E-09 9.6342E-09 1.0025E-08 1.0374E-08 1.0676E-08 1.0926E-08 1.1119E-08 1.1252E-08 1.1322E-08 1.1329E-08 1.1275E-08 1.1159E-08 1.0983E-08 1.0744E-08 1.0465E-08 1.0146E-08 9.7853E-09 9.3893E-09 8.9637E-09 8.5110E-09 8.0432E-09 7.5743E-09 7.1006E-09 6.6251E-09 6.1486E-09 5.6855E-09 5.2416E-09 4.8123E-09 4.3925E-09
5.5411E-10 6.4589E-10 7.6783E-10 8.8275E-10 1.0104E-09 1.1306E-09 1.2615E-09 1.4091E-09 1.5728E-09 1.7533E-09 1.9428E-09 2.1595E-09 2.3973E-09 2.6588E-09 2.9991E-09 3.3514E-09 3.7430E-09 4.1297E-09 4.5698E-09 5.0238E-09 5.5041E-09 5.9983E-09 6.5101E-09 7.0332E-09 7.5680E-09 8.1026E-09 8.6319E-09 9.1401E-09 9.6323E-09 1.0095E-08 1.0518E-08 1.0895E-08 1.1220E-08 1.1485E-08 1.1688E-08 1.1825E-08 1.1894E-08 1.1896E-08 1.1831E-08 1.1701E-08 1.1508E-08 1.1258E-08 1.0950E-08 1.0587E-08 1.0188E-08 9.7603E-09 9.3050E-09 8.8277E-09 8.3295E-09 7.8202E-09 7.3168E-09 6.8170E-09 6.3222E-09 5.8317E-09 5.3599E-09 4.9126E-09 4.4836E-09
5.1909E-10 6.1072E-10 7.2997E-10 8.4115E-10 9.6728E-10 1.0846E-09 1.2157E-09 1.3621E-09 1.5237E-09 1.7009E-09 1.8983E-09 2.1172E-09 2.3603E-09 2.6658E-09 2.9878E-09 3.3840E-09 3.7572E-09 4.1976E-09 4.6500E-09 5.1279E-09 5.6345E-09 6.1738E-09 6.7308E-09 7.3027E-09 7.8844E-09 8.4628E-09 9.0344E-09 9.5912E-09 1.0124E-08 1.0621E-08 1.1079E-08 1.1488E-08 1.1838E-08 1.2125E-08 1.2343E-08 1.2487E-08 1.2554E-08 1.2546E-08 1.2460E-08 1.2306E-08 1.2088E-08 1.1807E-08 1.1467E-08 1.1078E-08 1.0641E-08 1.0167E-08 9.6684E-09 9.1555E-09 8.6282E-09 8.0891E-09 7.5447E-09 7.0119E-09 6.4916E-09 5.9825E-09 5.4832E-09 5.0091E-09 4.5632E-09
4.8440E-10 5.7252E-10 6.9333E-10 8.0209E-10 9.2335E-10 1.0374E-09 1.1689E-09 1.3141E-09 1.4753E-09 1.6543E-09 1.8536E-09 2.0754E-09 2.3375E-09 2.6434E-09 3.0155E-09 3.3945E-09 3.8231E-09 4.2603E-09 4.7348E-09 5.2534E-09 5.8070E-09 6.3906E-09 6.9918E-09 7.6094E-09 8.2368E-09 8.8657E-09 9.4877E-09 1.0094E-08 1.0674E-08 1.1218E-08 1.1714E-08 1.2149E-08 1.2526E-08 1.2833E-08 1.3063E-08 1.3213E-08 1.3280E-08 1.3264E-08 1.3168E-08 1.2990E-08 1.2733E-08 1.2409E-08 1.2030E-08 1.1600E-08 1.1126E-08 1.0614E-08 1.0069E-08 9.5060E-09 8.9383E-09 8.3653E-09 7.7897E-09 7.2158E-09 6.6610E-09 6.1261E-09 5.6077E-09 5.1054E-09 4.6358E-09
4.5067E-10 5.3584E-10 6.4991E-10 7.5699E-10 8.7606E-10 9.8833E-10 1.1181E-09 1.2612E-09 1.4247E-09 1.6060E-09 1.8071E-09 2.0467E-09 2.3295E-09 2.6610E-09 3.0240E-09 3.4437E-09 3.8662E-09 4.3386E-09 4.8545E-09 5.4132E-09 6.0036E-09 6.6285E-09 7.2810E-09 7.9616E-09 8.6502E-09 9.3412E-09 1.0023E-08 1.0686E-08 1.1318E-08 1.1908E-08 1.2446E-08 1.2920E-08 1.3322E-08 1.3644E-08 1.3880E-08 1.4028E-08 1.4087E-08 1.4057E-08 1.3938E-08 1.3732E-08 1.3446E-08 1.3084E-08 1.2653E-08 1.2168E-08 1.1645E-08 1.1086E-08 1.0499E-08 9.8869E-09 9.2633E-09 8.6478E-09 8.0358E-09 7.4303E-09 6.8347E-09 6.2666E-09 5.7246E-09 5.2031E-09 4.7046E-09
4.1796E-10 4.9939E-10 6.0880E-10 7.0991E-10 8.2761E-10 9.3838E-10 1.0665E-09 1.2090E-09 1.3750E-09 1.5566E-09 1.7729E-09 2.0311E-09 2.3200E-09 2.6578E-09 3.0705E-09 3.4727E-09 3.9376E-09 4.4446E-09 4.9927E-09 5.5872E-09 6.2342E-09 6.9208E-09 7.6388E-09 8.3794E-09 9.1304E-09 9.8826E-09 1.0626E-08 1.1347E-08 1.2034E-08 1.2676E-08 1.3257E-08 1.3769E-08 1.4201E-08 1.4544E-08 1.4793E-08 1.4941E-08 1.4987E-08 1.4930E-08 1.4775E-08 1.4532E-08 1.4206E-08 1.3801E-08 1.3328E-08 1.2791E-08 1.2204E-08 1.1586E-08 1.0945E-08 1.0286E-08 9.6152E-09 8.9412E-09 8.2850E-09 7.6431E-09 7.0153E-09 6.4063E-09 5.8345E-09 5.2930E-09 4.7750E-09
3.8612E-10 4.6369E-10 5.6733E-10 6.6337E-10 7.7633E-10 8.8536E-10 1.0120E-09 1.1556E-09 1.3204E-09 1.5168E-09 1.7402E-09 2.0118E-09 2.3239E-09 2.6724E-09 3.0857E-09 3.5310E-09 4.0195E-09 4.5556E-09 5.1547E-09 5.8081E-09 6.5121E-09 7.2528E-09 8.0306E-09 8.8360E-09 9.6567E-09 1.0481E-08 1.1296E-08 1.2083E-08 1.2833E-08 1.3527E-08 1.4156E-08 1.4704E-08 1.5162E-08 1.5523E-08 1.5779E-08 1.5925E-08 1.5959E-08 1.5882E-08 1.5696E-08 1.5406E-08 1.5024E-08 1.4566E-08 1.4038E-08 1.3448E-08 1.2807E-08 1.2121E-08 1.1414E-08 1.0698E-08 9.9775E-09 9.2545E-09 8.5405E-09 7.8541E-09 7.1922E-09 6.5510E-09 5.9395E-09 5.3717E-09 4.8374E-09
3.5530E-10 4.2896E-10 5.2666E-10 6.1751E-10 7.2552E-10 8.3347E-10 9.5784E-10 1.1041E-09 1.2739E-09 1.4789E-09 1.7225E-09 1.9965E-09 2.3166E-09 2.7115E-09 3.1199E-09 3.5947E-09 4.1173E-09 4.7049E-09 5.3548E-09 6.0564E-09 6.8139E-09 7.6240E-09 8.4791E-09 9.3658E-09 1.0267E-08 1.1168E-08 1.2055E-08 1.2914E-08 1.3727E-08 1.4481E-08 1.5159E-08 1.5747E-08 1.6233E-08 1.6605E-08 1.6858E-08 1.6991E-08 1.7004E-08 1.6898E-08 1.6677E-08 1.6347E-08 1.5914E-08 1.5389E-08 1.4790E-08 1.4136E-08 1.3431E-08 1.2688E-08 1.1913E-08 1.1126E-08 1.0346E-08 9.5731E-09 8.8094E-09 8.0664E-09 7.3625E-09 6.6899E-09 6.0456E-09 5.4427E-09 4.8869E-09
3.2559E-10 3.9527E-10 4.8659E-10 5.7246E-10 6.7528E-10 7.8085E-10 9.0444E-10 1.0565E-09 1.2367E-09 1.4365E-09 1.6885E-09 1.9884E-09 2.3413E-09 2.7201E-09 3.1776E-09 3.6748E-09 4.2474E-09 4.8731E-09 5.5671E-09 6.3391E-09 7.1753E-09 8.0589E-09 8.9882E-09 9.9509E-09 1.0932E-08 1.1916E-08 1.2884E-08 1.3818E-08 1.4700E-08 1.5512E-08 1.6242E-08 1.6870E-08 1.7387E-08 1.7777E-08 1.8036E-08 1.8156E-08 1.8140E-08 1.7991E-08 1.7721E-08 1.7338E-08 1.6849E-08 1.6266E-08 1.5596E-08 1.4859E-08 1.4081E-08 1.3268E-08 1.2431E-08 1.1576E-08 1.0723E-08 9.8912E-09 9.0785E-09 8.2864E-09 7.5290E-09 6.8186E-09 6.1455E-09 5.5084E-09 4.9257E-09
2.9701E-10 3.6279E-10 4.4766E-10 5.2836E-10 6.2569E-10 7.2343E-10 8.5492E-10 1.0139E-09 1.1940E-09 1.4068E-09 1.6795E-09 1.9733E-09 2.3449E-09 2.7596E-09 3.2264E-09 3.7821E-09 4.3814E-09 5.0656E-09 5.8306E-09 6.6622E-09 7.5653E-09 8.5305E-09 9.5467E-09 1.0604E-08 1.1687E-08 1.2764E-08 1.3819E-08 1.4832E-08 1.5784E-08 1.6658E-08 1.7431E-08 1.8098E-08 1.8634E-08 1.9036E-08 1.9290E-08 1.9395E-08 1.9354E-08 1.9168E-08 1.8842E-08 1.8390E-08 1.7831E-08 1.7175E-08 1.6437E-08 1.5626E-08 1.4759E-08 1.3864E-08 1.2954E-08 1.2035E-08 1.1113E-08 1.0210E-08 9.3407E-09 8.5025E-09 7.6955E-09 6.9388E-09 6.2334E-09 5.5697E-09 4.9540E-09
2.6932E-10 3.3151E-10 4.1001E-10 4.8538E-10 5.7692E-10 6.7011E-10 8.0750E-10 9.6956E-10 1.1608E-09 1.3685E-09 1.6533E-09 1.9857E-09 2.3515E-09 2.7957E-09 3.3200E-09 3.8868E-09 4.5547E-09 5.2889E-09 6.1082E-09 7.0140E-09 8.0075E-09 9.0776E-09 1.0192E-08 1.1345E-08 1.2519E-08 1.3691E-08 1.4838E-08 1.5935E-08 1.6962E-08 1.7896E-08 1.8722E-08 1.9420E-08 1.9981E-08 2.0388E-08 2.0635E-08 2.0720E-08 2.0640E-08 2.0404E-08 2.0024E-08 1.9507E-08 1.8867E-08 1.8124E-08 1.7303E-08 1.6412E-08 1.5467E-08 1.4482E-08 1.3485E-08 1.2491E-08 1.1505E-08 1.0532E-08 9.5961E-09 8.7062E-09 7.8559E-09 7.0506E-09 6.3073E-09 5.6178E-09 4.9747E-09
