Assets/Resources/2015_m01_d17_1700(utc+0800)_l00_csi_1hr_conc.grd
DSAA
         159         159
     -79.000      79.000
     -79.000      79.000
  0.0000E+00  0.5812E-05
[rows 50 to 74 of 159, columns 0 to 56 of 159]
5.5493E-09 6.2550E-09 7.0130E-09 7.8275E-09 8.6988E-09 9.6267E-09 1.0601E-08 1.1626E-08 1.2679E-08 1.3738E-08 1.4789E-08 1.5820E-08 1.6803E-08 1.7735E-08 1.8599E-08 1.9390E-08 2.0109E-08 2.0754E-08 2.1321E-08 2.1809E-08 2.2220E-08 2.2553E-08 2.2817E-08 2.3005E-08 2.3129E-08 2.3188E-08 2.3196E-08 2.3146E-08 2.3053E-08 2.2922E-08 2.2753E-08 2.2547E-08 2.2309E-08 2.2040E-08 2.1742E-08 2.1422E-08 2.1073E-08 2.0699E-08 2.0303E-08 1.9890E-08 1.9465E-08 1.9022E-08 1.8560E-08 1.8082E-08 1.7595E-08 1.7096E-08 1.6575E-08 1.6037E-08 1.5478E-08 1.4911E-08 1.4321E-08 1.3726E-08 1.3130E-08 1.2513E-08 1.1897E-08 1.1291E-08 1.0671E-08
5.3209E-09 5.9887E-09 6.7159E-09 7.5006E-09 8.3362E-09 9.2245E-09 1.0161E-08 1.1147E-08 1.2166E-08 1.3200E-08 1.4240E-08 1.5269E-08 1.6261E-08 1.7211E-08 1.8099E-08 1.8917E-08 1.9664E-08 2.0335E-08 2.0928E-08 2.1442E-08 2.1879E-08 2.2233E-08 2.2519E-08 2.2736E-08 2.2884E-08 2.2971E-08 2.3008E-08 2.2985E-08 2.2923E-08 2.2819E-08 2.2678E-08 2.2501E-08 2.2289E-08 2.2049E-08 2.1785E-08 2.1496E-08 2.1175E-08 2.0838E-08 2.0481E-08 2.0108E-08 1.9718E-08 1.9314E-08 1.8889E-08 1.8453E-08 1.8008E-08 1.7543E-08 1.7060E-08 1.6549E-08 1.6023E-08 1.5486E-08 1.4932E-08 1.4366E-08 1.3780E-08 1.3206E-08 1.2630E-08 1.2032E-08 1.1434E-08
5.0873E-09 5.7191E-09 6.4046E-09 7.1517E-09 7.9543E-09 8.8050E-09 9.6986E-09 1.0644E-08 1.1622E-08 1.2620E-08 1.3633E-08 1.4647E-08 1.5635E-08 1.6594E-08 1.7501E-08 1.8341E-08 1.9111E-08 1.9807E-08 2.0426E-08 2.0965E-08 2.1420E-08 2.1797E-08 2.2111E-08 2.2358E-08 2.2534E-08 2.2651E-08 2.2718E-08 2.2728E-08 2.2698E-08 2.2625E-08 2.2513E-08 2.2367E-08 2.2189E-08 2.1984E-08 2.1751E-08 2.1493E-08 2.1211E-08 2.0911E-08 2.0599E-08 2.0266E-08 1.9922E-08 1.9556E-08 1.9179E-08 1.8785E-08 1.8390E-08 1.7970E-08 1.7519E-08 1.7054E-08 1.6574E-08 1.6073E-08 1.5563E-08 1.5038E-08 1.4510E-08 1.3968E-08 1.3415E-08 1.2871E-08 1.2301E-08
4.8474E-09 5.4449E-09 6.0903E-09 6.7933E-09 7.5520E-09 8.3650E-09 9.2184E-09 1.0119E-08 1.1054E-08 1.2011E-08 1.2984E-08 1.3969E-08 1.4943E-08 1.5898E-08 1.6809E-08 1.7663E-08 1.8452E-08 1.9169E-08 1.9810E-08 2.0367E-08 2.0847E-08 2.1251E-08 2.1596E-08 2.1871E-08 2.2077E-08 2.2226E-08 2.2326E-08 2.2373E-08 2.2374E-08 2.2335E-08 2.2257E-08 2.2144E-08 2.1998E-08 2.1829E-08 2.1637E-08 2.1415E-08 2.1173E-08 2.0919E-08 2.0647E-08 2.0365E-08 2.0063E-08 1.9748E-08 1.9417E-08 1.9088E-08 1.8733E-08 1.8358E-08 1.7965E-08 1.7544E-08 1.7113E-08 1.6678E-08 1.6220E-08 1.5748E-08 1.5266E-08 1.4784E-08 1.4310E-08 1.3806E-08 1.3290E-08
4.6027E-09 5.1657E-09 5.7726E-09 6.4322E-09 7.1448E-09 7.9072E-09 8.7196E-09 9.5786E-09 1.0467E-08 1.1378E-08 1.2309E-08 1.3257E-08 1.4200E-08 1.5136E-08 1.6038E-08 1.6891E-08 1.7692E-08 1.8425E-08 1.9079E-08 1.9658E-08 2.0163E-08 2.0593E-08 2.0969E-08 2.1274E-08 2.1513E-08 2.1694E-08 2.1831E-08 2.1914E-08 2.1949E-08 2.1945E-08 2.1902E-08 2.1826E-08 2.1721E-08 2.1589E-08 2.1432E-08 2.1253E-08 2.1061E-08 2.0851E-08 2.0624E-08 2.0391E-08 2.0142E-08 1.9875E-08 1.9613E-08 1.9327E-08 1.9031E-08 1.8712E-08 1.8372E-08 1.8010E-08 1.7642E-08 1.7275E-08 1.6878E-08 1.6479E-08 1.6077E-08 1.5686E-08 1.5266E-08 1.4848E-08 1.4403E-08
4.3536E-09 4.8827E-09 5.4522E-09 6.0700E-09 6.7358E-09 7.4494E-09 8.2078E-09 9.0206E-09 9.8665E-09 1.0731E-08 1.1616E-08 1.2522E-08 1.3424E-08 1.4326E-08 1.5204E-08 1.6047E-08 1.6842E-08 1.7576E-08 1.8245E-08 1.8845E-08 1.9373E-08 1.9831E-08 2.0234E-08 2.0571E-08 2.0842E-08 2.1057E-08 2.1233E-08 2.1351E-08 2.1423E-08 2.1456E-08 2.1450E-08 2.1411E-08 2.1346E-08 2.1258E-08 2.1143E-08 2.1008E-08 2.0862E-08 2.0699E-08 2.0529E-08 2.0346E-08 2.0146E-08 1.9941E-08 1.9735E-08 1.9515E-08 1.9269E-08 1.9018E-08 1.8739E-08 1.8446E-08 1.8161E-08 1.7850E-08 1.7550E-08 1.7236E-08 1.6937E-08 1.6623E-08 1.6326E-08 1.5994E-08 1.5632E-08
4.1023E-09 4.5981E-09 5.1304E-09 5.7076E-09 6.3279E-09 6.9931E-09 7.6996E-09 8.4565E-09 9.2534E-09 1.0075E-08 1.0914E-08 1.1771E-08 1.2628E-08 1.3488E-08 1.4331E-08 1.5143E-08 1.5918E-08 1.6647E-08 1.7321E-08 1.7937E-08 1.8487E-08 1.8970E-08 1.9399E-08 1.9766E-08 2.0068E-08 2.0319E-08 2.0533E-08 2.0686E-08 2.0796E-08 2.0867E-08 2.0901E-08 2.0903E-08 2.0878E-08 2.0831E-08 2.0761E-08 2.0678E-08 2.0578E-08 2.0467E-08 2.0348E-08 2.0219E-08 2.0079E-08 1.9939E-08 1.9792E-08 1.9627E-08 1.9460E-08 1.9257E-08 1.9060E-08 1.8842E-08 1.8630E-08 1.8428E-08 1.8199E-08 1.8006E-08 1.7815E-08 1.7636E-08 1.7446E-08 1.7231E-08 1.6988E-08
3.8529E-09 4.3147E-09 4.8108E-09 5.3471E-09 5.9242E-09 6.5415E-09 7.1975E-09 7.9019E-09 8.6439E-09 9.4103E-09 1.0204E-08 1.1014E-08 1.1823E-08 1.2636E-08 1.3433E-08 1.4204E-08 1.4951E-08 1.5662E-08 1.6331E-08 1.6950E-08 1.7514E-08 1.8018E-08 1.8470E-08 1.8866E-08 1.9200E-08 1.9487E-08 1.9735E-08 1.9923E-08 2.0071E-08 2.0180E-08 2.0254E-08 2.0299E-08 2.0320E-08 2.0315E-08 2.0291E-08 2.0255E-08 2.0206E-08 2.0150E-08 2.0086E-08 2.0008E-08 1.9928E-08 1.9852E-08 1.9768E-08 1.9673E-08 1.9561E-08 1.9449E-08 1.9314E-08 1.9183E-08 1.9075E-08 1.8953E-08 1.8852E-08 1.8771E-08 1.8726E-08 1.8676E-08 1.8631E-08 1.8568E-08 1.8453E-08
3.6055E-09 4.0345E-09 4.4947E-09 4.9916E-09 5.5260E-09 6.0980E-09 6.7058E-09 7.3583E-09 8.0454E-09 8.7560E-09 9.4905E-09 1.0253E-08 1.1015E-08 1.1778E-08 1.2526E-08 1.3256E-08 1.3965E-08 1.4648E-08 1.5297E-08 1.5908E-08 1.6473E-08 1.6988E-08 1.7462E-08 1.7883E-08 1.8247E-08 1.8566E-08 1.8848E-08 1.9071E-08 1.9256E-08 1.9404E-08 1.9519E-08 1.9607E-08 1.9669E-08 1.9707E-08 1.9734E-08 1.9743E-08 1.9745E-08 1.9743E-08 1.9733E-08 1.9715E-08 1.9699E-08 1.9684E-08 1.9658E-08 1.9631E-08 1.9594E-08 1.9546E-08 1.9495E-08 1.9463E-08 1.9445E-08 1.9439E-08 1.9460E-08 1.9537E-08 1.9635E-08 1.9739E-08 1.9867E-08 1.9957E-08 2.0025E-08
3.3597E-09 3.7604E-09 4.1842E-09 4.6435E-09 5.1367E-09 5.6646E-09 6.2259E-09 6.8283E-09 7.4615E-09 8.1166E-09 8.7953E-09 9.4990E-09 1.0206E-08 1.0922E-08 1.1626E-08 1.2312E-08 1.2981E-08 1.3628E-08 1.4246E-08 1.4837E-08 1.5393E-08 1.5906E-08 1.6389E-08 1.6831E-08 1.7222E-08 1.7569E-08 1.7882E-08 1.8138E-08 1.8358E-08 1.8544E-08 1.8699E-08 1.8828E-08 1.8931E-08 1.9015E-08 1.9088E-08 1.9145E-08 1.9200E-08 1.9250E-08 1.9292E-08 1.9331E-08 1.9379E-08 1.9426E-08 1.9468E-08 1.9507E-08 1.9538E-08 1.9566E-08 1.9601E-08 1.9665E-08 1.9745E-08 1.9852E-08 2.0036E-08 2.0252E-08 2.0518E-08 2.0807E-08 2.1105E-08 2.1392E-08 2.1659E-08
3.1148E-09 3.4883E-09 3.8825E-09 4.3054E-09 4.7592E-09 5.2446E-09 5.7608E-09 6.3135E-09 6.8969E-09 7.4977E-09 8.1201E-09 8.7654E-09 9.4156E-09 1.0080E-08 1.0739E-08 1.1382E-08 1.2010E-08 1.2620E-08 1.3204E-08 1.3763E-08 1.4297E-08 1.4797E-08 1.5279E-08 1.5729E-08 1.6139E-08 1.6509E-08 1.6849E-08 1.7136E-08 1.7390E-08 1.7611E-08 1.7804E-08 1.7972E-08 1.8116E-08 1.8247E-08 1.8361E-08 1.8466E-08 1.8571E-08 1.8670E-08 1.8766E-08 1.8860E-08 1.8967E-08 1.9072E-08 1.9175E-08 1.9279E-08 1.9379E-08 1.9484E-08 1.9620E-08 1.9768E-08 1.9961E-08 2.0202E-08 2.0531E-08 2.0904E-08 2.1350E-08 2.1825E-08 2.2310E-08 2.2817E-08 2.3313E-08
2.8797E-09 3.2211E-09 3.5855E-09 3.9787E-09 4.3945E-09 4.8390E-09 5.3110E-09 5.8178E-09 6.3520E-09 6.9015E-09 7.4695E-09 8.0601E-09 8.6560E-09 9.2657E-09 9.8725E-09 1.0473E-08 1.1062E-08 1.1633E-08 1.2180E-08 1.2710E-08 1.3213E-08 1.3690E-08 1.4158E-08 1.4606E-08 1.5020E-08 1.5404E-08 1.5767E-08 1.6081E-08 1.6364E-08 1.6618E-08 1.6846E-08 1.7049E-08 1.7233E-08 1.7405E-08 1.7560E-08 1.7712E-08 1.7861E-08 1.8008E-08 1.8154E-08 1.8306E-08 1.8468E-08 1.8631E-08 1.8791E-08 1.8955E-08 1.9123E-08 1.9305E-08 1.9527E-08 1.9768E-08 2.0064E-08 2.0448E-08 2.0927E-08 2.1462E-08 2.2094E-08 2.2753E-08 2.3439E-08 2.4184E-08 2.4937E-08
2.6583E-09 2.9678E-09 3.2962E-09 3.6573E-09 4.0425E-09 4.4494E-09 4.8800E-09 5.3428E-09 5.8300E-09 6.3303E-09 6.8485E-09 7.3879E-09 7.9318E-09 8.4890E-09 9.0453E-09 9.5937E-09 1.0141E-08 1.0677E-08 1.1190E-08 1.1685E-08 1.2160E-08 1.2609E-08 1.3054E-08 1.3487E-08 1.3894E-08 1.4280E-08 1.4654E-08 1.4989E-08 1.5298E-08 1.5580E-08 1.5836E-08 1.6072E-08 1.6292E-08 1.6501E-08 1.6694E-08 1.6888E-08 1.7081E-08 1.7272E-08 1.7465E-08 1.7668E-08 1.7879E-08 1.8091E-08 1.8306E-08 1.8529E-08 1.8762E-08 1.9028E-08 1.9324E-08 1.9659E-08 2.0069E-08 2.0577E-08 2.1200E-08 2.1895E-08 2.2705E-08 2.3539E-08 2.4439E-08 2.5427E-08 2.6444E-08
2.4347E-09 2.7283E-09 3.0249E-09 3.3489E-09 3.6994E-09 4.0744E-09 4.4689E-09 4.8899E-09 5.3329E-09 5.7878E-09 6.2585E-09 6.7512E-09 7.2456E-09 7.7533E-09 8.2610E-09 8.7609E-09 9.2620E-09 9.7556E-09 1.0236E-08 1.0700E-08 1.1144E-08 1.1566E-08 1.1987E-08 1.2396E-08 1.2787E-08 1.3164E-08 1.3538E-08 1.3879E-08 1.4206E-08 1.4511E-08 1.4791E-08 1.5054E-08 1.5307E-08 1.5546E-08 1.5775E-08 1.6006E-08 1.6236E-08 1.6468E-08 1.6703E-08 1.6950E-08 1.7203E-08 1.7459E-08 1.7724E-08 1.7999E-08 1.8293E-08 1.8629E-08 1.9000E-08 1.9413E-08 1.9939E-08 2.0564E-08 2.1323E-08 2.2168E-08 2.3133E-08 2.4139E-08 2.5248E-08 2.6473E-08 2.7767E-08
2.2281E-09 2.4947E-09 2.7697E-09 3.0618E-09 3.3735E-09 3.7138E-09 4.0716E-09 4.4595E-09 4.8623E-09 5.2752E-09 5.7020E-09 6.1492E-09 6.5988E-09 7.0616E-09 7.5225E-09 7.9768E-09 8.4329E-09 8.8835E-09 9.3228E-09 9.7571E-09 1.0175E-08 1.0571E-08 1.0967E-08 1.1355E-08 1.1720E-08 1.2079E-08 1.2442E-08 1.2780E-08 1.3110E-08 1.3428E-08 1.3726E-08 1.4013E-08 1.4290E-08 1.4555E-08 1.4814E-08 1.5076E-08 1.5338E-08 1.5605E-08 1.5877E-08 1.6159E-08 1.6450E-08 1.6745E-08 1.7048E-08 1.7369E-08 1.7723E-08 1.8113E-08 1.8548E-08 1.9043E-08 1.9668E-08 2.0393E-08 2.1274E-08 2.2247E-08 2.3338E-08 2.4509E-08 2.5806E-08 2.7251E-08 2.8817E-08
2.0321E-09 2.2661E-09 2.5216E-09 2.7898E-09 3.0734E-09 3.3748E-09 3.6964E-09 4.0476E-09 4.4180E-09 4.7928E-09 5.1792E-09 5.5844E-09 5.9909E-09 6.4111E-09 6.8305E-09 7.2438E-09 7.6573E-09 8.0668E-09 8.4669E-09 8.8616E-09 9.2518E-09 9.6264E-09 1.0000E-08 1.0364E-08 1.0709E-08 1.1044E-08 1.1388E-08 1.1711E-08 1.2035E-08 1.2352E-08 1.2657E-08 1.2960E-08 1.3257E-08 1.3542E-08 1.3824E-08 1.4109E-08 1.4398E-08 1.4695E-08 1.4995E-08 1.5305E-08 1.5626E-08 1.5952E-08 1.6286E-08 1.6648E-08 1.7049E-08 1.7482E-08 1.7969E-08 1.8544E-08 1.9242E-08 2.0049E-08 2.1030E-08 2.2095E-08 2.3290E-08 2.4603E-08 2.6056E-08 2.7706E-08 2.9502E-08
1.8405E-09 2.0581E-09 2.2807E-09 2.5213E-09 2.7916E-09 3.0616E-09 3.3509E-09 3.6632E-09 3.9952E-09 4.3352E-09 4.6873E-09 5.0557E-09 5.4240E-09 5.8038E-09 6.1832E-09 6.5578E-09 6.9334E-09 7.3056E-09 7.6691E-09 8.0283E-09 8.3844E-09 8.7319E-09 9.0852E-09 9.4293E-09 9.7529E-09 1.0069E-08 1.0392E-08 1.0694E-08 1.1001E-08 1.1308E-08 1.1609E-08 1.1914E-08 1.2221E-08 1.2522E-08 1.2819E-08 1.3121E-08 1.3429E-08 1.3748E-08 1.4067E-08 1.4397E-08 1.4738E-08 1.5087E-08 1.5446E-08 1.5841E-08 1.6274E-08 1.6739E-08 1.7272E-08 1.7908E-08 1.8656E-08 1.9525E-08 2.0576E-08 2.1692E-08 2.2971E-08 2.4387E-08 2.5958E-08 2.7780E-08 2.9743E-08
1.6304E-09 1.8578E-09 2.0620E-09 2.2718E-09 2.5145E-09 2.7698E-09 3.0284E-09 3.3100E-09 3.6054E-09 3.9075E-09 4.2230E-09 4.5574E-09 4.8938E-09 5.2381E-09 5.5808E-09 5.9198E-09 6.2598E-09 6.5992E-09 6.9289E-09 7.2567E-09 7.5824E-09 7.8983E-09 8.2229E-09 8.5479E-09 8.8539E-09 9.1508E-09 9.4549E-09 9.7376E-09 1.0022E-08 1.0311E-08 1.0600E-08 1.0897E-08 1.1202E-08 1.1507E-08 1.1812E-08 1.2124E-08 1.2446E-08 1.2776E-08 1.3107E-08 1.3448E-08 1.3801E-08 1.4166E-08 1.4540E-08 1.4956E-08 1.5409E-08 1.5893E-08 1.6464E-08 1.7136E-08 1.7914E-08 1.8818E-08 1.9899E-08 2.1039E-08 2.2366E-08 2.3842E-08 2.5496E-08 2.7425E-08 2.9500E-08
1.4367E-09 1.6363E-09 1.8474E-09 2.0465E-09 2.2572E-09 2.4860E-09 2.7217E-09 2.9817E-09 3.2468E-09 3.5172E-09 3.7968E-09 4.0940E-09 4.3938E-09 4.7090E-09 5.0221E-09 5.3278E-09 5.6338E-09 5.9423E-09 6.2438E-09 6.5425E-09 6.8397E-09 7.1274E-09 7.4235E-09 7.7203E-09 8.0073E-09 8.2892E-09 8.5751E-09 8.8389E-09 9.1059E-09 9.3739E-09 9.6431E-09 9.9244E-09 1.0218E-08 1.0516E-08 1.0819E-08 1.1134E-08 1.1461E-08 1.1794E-08 1.2128E-08 1.2470E-08 1.2829E-08 1.3199E-08 1.3581E-08 1.4005E-08 1.4463E-08 1.4960E-08 1.5552E-08 1.6234E-08 1.7023E-08 1.7935E-08 1.9003E-08 2.0144E-08 2.1480E-08 2.2970E-08 2.4668E-08 2.6625E-08 2.8756E-08
1.2800E-09 1.4378E-09 1.6220E-09 1.8207E-09 2.0251E-09 2.2230E-09 2.4332E-09 2.6662E-09 2.9161E-09 3.1566E-09 3.4066E-09 3.6726E-09 3.9380E-09 4.2160E-09 4.4965E-09 4.7733E-09 5.0519E-09 5.3347E-09 5.6106E-09 5.8813E-09 6.1525E-09 6.4151E-09 6.6854E-09 6.9572E-09 7.2171E-09 7.4790E-09 7.7502E-09 7.9978E-09 8.2457E-09 8.4972E-09 8.7463E-09 9.0064E-09 9.2813E-09 9.5650E-09 9.8565E-09 1.0162E-08 1.0485E-08 1.0814E-08 1.1144E-08 1.1479E-08 1.1835E-08 1.2203E-08 1.2583E-08 1.3001E-08 1.3459E-08 1.3958E-08 1.4548E-08 1.5222E-08 1.5999E-08 1.6885E-08 1.7913E-08 1.9026E-08 2.0332E-08 2.1800E-08 2.3478E-08 2.5401E-08 2.7513E-08
1.1292E-09 1.2762E-09 1.4182E-09 1.5897E-09 1.7777E-09 1.9845E-09 2.1734E-09 2.3740E-09 2.5989E-09 2.8184E-09 3.0486E-09 3.2852E-09 3.5220E-09 3.7705E-09 4.0186E-09 4.2649E-09 4.5155E-09 4.7707E-09 5.0235E-09 5.2693E-09 5.5163E-09 5.7570E-09 6.0037E-09 6.2524E-09 6.4896E-09 6.7274E-09 6.9761E-09 7.2092E-09 7.4413E-09 7.6757E-09 7.9078E-09 8.1474E-09 8.4006E-09 8.6634E-09 8.9363E-09 9.2253E-09 9.5317E-09 9.8498E-09 1.0167E-08 1.0488E-08 1.0834E-08 1.1193E-08 1.1558E-08 1.1965E-08 1.2412E-08 1.2902E-08 1.3468E-08 1.4117E-08 1.4860E-08 1.5690E-08 1.6663E-08 1.7719E-08 1.8954E-08 2.0365E-08 2.1961E-08 2.3801E-08 2.5814E-08
9.9773E-10 1.1216E-09 1.2522E-09 1.3903E-09 1.5446E-09 1.7227E-09 1.9140E-09 2.1135E-09 2.3082E-09 2.5029E-09 2.7074E-09 2.9239E-09 3.1416E-09 3.3623E-09 3.5842E-09 3.8052E-09 4.0259E-09 4.2498E-09 4.4770E-09 4.6976E-09 4.9219E-09 5.1458E-09 5.3716E-09 5.5998E-09 5.8178E-09 6.0341E-09 6.2605E-09 6.4718E-09 6.6864E-09 6.9072E-09 7.1232E-09 7.3423E-09 7.5769E-09 7.8169E-09 8.0675E-09 8.3319E-09 8.6163E-09 8.9125E-09 9.2095E-09 9.5125E-09 9.8381E-09 1.0179E-08 1.0527E-08 1.0910E-08 1.1339E-08 1.1807E-08 1.2332E-08 1.2944E-08 1.3635E-08 1.4392E-08 1.5288E-08 1.6259E-08 1.7402E-08 1.8716E-08 2.0184E-08 2.1882E-08 2.3723E-08
8.9306E-10 9.8943E-10 1.0981E-09 1.2151E-09 1.3501E-09 1.4952E-09 1.6499E-09 1.8431E-09 2.0302E-09 2.2173E-09 2.3965E-09 2.5811E-09 2.7814E-09 2.9842E-09 3.1881E-09 3.3839E-09 3.5814E-09 3.7794E-09 3.9819E-09 4.1781E-09 4.3745E-09 4.5758E-09 4.7828E-09 4.9915E-09 5.1912E-09 5.3897E-09 5.5970E-09 5.7893E-09 5.9823E-09 6.1864E-09 6.3892E-09 6.5901E-09 6.8044E-09 7.0263E-09 7.2524E-09 7.4900E-09 7.7448E-09 8.0157E-09 8.2858E-09 8.5635E-09 8.8585E-09 9.1801E-09 9.5047E-09 9.8548E-09 1.0259E-08 1.0693E-08 1.1172E-08 1.1727E-08 1.2347E-08 1.3025E-08 1.3831E-08 1.4696E-08 1.5727E-08 1.6900E-08 1.8212E-08 1.9723E-08 2.1339E-08
8.0530E-10 8.8685E-10 9.6999E-10 1.0670E-09 1.1726E-09 1.3011E-09 1.4329E-09 1.5788E-09 1.7486E-09 1.9243E-09 2.1037E-09 2.2858E-09 2.4542E-09 2.6273E-09 2.8096E-09 2.9888E-09 3.1683E-09 3.3500E-09 3.5294E-09 3.7062E-09 3.8800E-09 4.0589E-09 4.2452E-09 4.4319E-09 4.6125E-09 4.7910E-09 4.9792E-09 5.1527E-09 5.3276E-09 5.5109E-09 5.6968E-09 5.8845E-09 6.0786E-09 6.2744E-09 6.4792E-09 6.6774E-09 6.8929E-09 7.1352E-09 7.3820E-09 7.6358E-09 7.8978E-09 8.1976E-09 8.4951E-09 8.8101E-09 9.1803E-09 9.5725E-09 9.9957E-09 1.0486E-08 1.1036E-08 1.1623E-08 1.2326E-08 1.3082E-08 1.3981E-08 1.4998E-08 1.6130E-08 1.7416E-08 1.8776E-08
7.2306E-10 7.9642E-10 8.7007E-10 9.4793E-10 1.0323E-09 1.1274E-09 1.2389E-09 1.3674E-09 1.5068E-09 1.6517E-09 1.8071E-09 1.9757E-09 2.1448E-09 2.3115E-09 2.4706E-09 2.6262E-09 2.7820E-09 2.9338E-09 3.0963E-09 3.2618E-09 3.4164E-09 3.5802E-09 3.7560E-09 3.9224E-09 4.0841E-09 4.2431E-09 4.4131E-09 4.5684E-09 4.7239E-09 4.8745E-09 5.0445E-09 5.1738E-09 5.3513E-09 5.5443E-09 5.7320E-09 5.9230E-09 6.1189E-09 6.3284E-09 6.5404E-09 6.7583E-09 6.9864E-09 7.2327E-09 7.5066E-09 7.7896E-09 8.1043E-09 8.4592E-09 8.8221E-09 9.2272E-09 9.7007E-09 1.0212E-08 1.0805E-08 1.1448E-08 1.2204E-08 1.3053E-08 1.3991E-08 1.5043E-08 1.6126E-08
