Assets/Resources/2015_m01_d17_2000(utc+0800)_l00_csi_1hr_conc.grd
DSAA
         159         159
     -79.000      79.000
     -79.000      79.000
  0.0000E+00  0.1197E-04
[rows 50 to 74 of 159, columns 0 to 56 of 159]
2.6266E-10 3.9562E-10 5.6369E-10 7.5963E-10 9.9924E-10 1.2485E-09 1.5419E-09 1.8785E-09 2.2923E-09 2.7786E-09 3.3779E-09 4.0819E-09 4.8862E-09 5.7698E-09 6.7629E-09 7.8410E-09 8.9861E-09 1.0110E-08 1.1176E-08 1.2134E-08 1.2998E-08 1.3744E-08 1.4378E-08 1.4899E-08 1.5320E-08 1.5648E-08 1.5883E-08 1.6032E-08 1.6106E-08 1.6116E-08 1.6065E-08 1.5962E-08 1.5816E-08 1.5638E-08 1.5433E-08 1.5207E-08 1.4966E-08 1.4719E-08 1.4471E-08 1.4225E-08 1.3986E-08 1.3755E-08 1.3536E-08 1.3331E-08 1.3156E-08 1.2993E-08 1.2846E-08 1.2714E-08 1.2599E-08 1.2501E-08 1.2419E-08 1.2353E-08 1.2303E-08 1.2275E-08 1.2253E-08 1.2251E-08 1.2261E-08
2.3948E-10 3.5392E-10 5.0813E-10 7.0359E-10 9.1496E-10 1.1660E-09 1.4450E-09 1.7559E-09 2.1482E-09 2.5929E-09 3.1452E-09 3.8000E-09 4.5677E-09 5.4050E-09 6.3447E-09 7.3771E-09 8.4849E-09 9.5980E-09 1.0673E-08 1.1647E-08 1.2534E-08 1.3311E-08 1.3975E-08 1.4530E-08 1.4983E-08 1.5343E-08 1.5612E-08 1.5792E-08 1.5896E-08 1.5933E-08 1.5908E-08 1.5828E-08 1.5705E-08 1.5546E-08 1.5359E-08 1.5148E-08 1.4923E-08 1.4691E-08 1.4456E-08 1.4223E-08 1.3996E-08 1.3778E-08 1.3573E-08 1.3380E-08 1.3220E-08 1.3073E-08 1.2939E-08 1.2822E-08 1.2724E-08 1.2642E-08 1.2579E-08 1.2533E-08 1.2504E-08 1.2500E-08 1.2502E-08 1.2524E-08 1.2559E-08
2.1677E-10 3.1023E-10 4.4553E-10 6.4653E-10 8.3195E-10 1.0864E-09 1.3373E-09 1.6351E-09 1.9951E-09 2.4104E-09 2.9139E-09 3.5155E-09 4.2311E-09 5.0322E-09 5.9184E-09 6.8928E-09 7.9567E-09 9.0480E-09 1.0126E-08 1.1109E-08 1.2019E-08 1.2818E-08 1.3515E-08 1.4102E-08 1.4590E-08 1.4982E-08 1.5285E-08 1.5498E-08 1.5635E-08 1.5701E-08 1.5704E-08 1.5651E-08 1.5553E-08 1.5416E-08 1.5248E-08 1.5055E-08 1.4847E-08 1.4632E-08 1.4412E-08 1.4193E-08 1.3980E-08 1.3777E-08 1.3584E-08 1.3406E-08 1.3263E-08 1.3130E-08 1.3011E-08 1.2910E-08 1.2829E-08 1.2766E-08 1.2722E-08 1.2696E-08 1.2691E-08 1.2711E-08 1.2740E-08 1.2786E-08 1.2846E-08
1.7758E-10 2.6409E-10 3.9106E-10 5.7322E-10 7.5888E-10 9.8423E-10 1.2388E-09 1.5077E-09 1.8472E-09 2.2242E-09 2.6890E-09 3.2349E-09 3.8951E-09 4.6426E-09 5.4824E-09 6.4002E-09 7.4092E-09 8.4719E-09 9.5378E-09 1.0530E-08 1.1452E-08 1.2274E-08 1.2998E-08 1.3616E-08 1.4139E-08 1.4565E-08 1.4902E-08 1.5152E-08 1.5323E-08 1.5419E-08 1.5452E-08 1.5429E-08 1.5358E-08 1.5246E-08 1.5099E-08 1.4926E-08 1.4738E-08 1.4540E-08 1.4338E-08 1.4134E-08 1.3937E-08 1.3750E-08 1.3571E-08 1.3409E-08 1.3283E-08 1.3164E-08 1.3061E-08 1.2978E-08 1.2915E-08 1.2870E-08 1.2845E-08 1.2842E-08 1.2860E-08 1.2907E-08 1.2961E-08 1.3032E-08 1.3118E-08
1.2166E-10 2.2542E-10 3.4151E-10 4.8926E-10 6.8216E-10 8.8203E-10 1.1371E-09 1.3877E-09 1.6932E-09 2.0465E-09 2.4646E-09 2.9629E-09 3.5657E-09 4.2544E-09 5.0331E-09 5.9012E-09 6.8536E-09 7.8759E-09 8.9212E-09 9.9101E-09 1.0841E-08 1.1683E-08 1.2429E-08 1.3079E-08 1.3633E-08 1.4091E-08 1.4465E-08 1.4753E-08 1.4958E-08 1.5088E-08 1.5153E-08 1.5161E-08 1.5119E-08 1.5033E-08 1.4910E-08 1.4761E-08 1.4594E-08 1.4416E-08 1.4231E-08 1.4046E-08 1.3866E-08 1.3693E-08 1.3532E-08 1.3387E-08 1.3277E-08 1.3174E-08 1.3088E-08 1.3022E-08 1.2978E-08 1.2952E-08 1.2948E-08 1.2968E-08 1.3009E-08 1.3083E-08 1.3163E-08 1.3260E-08 1.3371E-08
1.0398E-10 1.9149E-10 3.0225E-10 4.2422E-10 6.0407E-10 7.9719E-10 1.0204E-09 1.2662E-09 1.5477E-09 1.8682E-09 2.2444E-09 2.6951E-09 3.2467E-09 3.8702E-09 4.5946E-09 5.3958E-09 6.2935E-09 7.2589E-09 8.2804E-09 9.2595E-09 1.0196E-08 1.1048E-08 1.1817E-08 1.2491E-08 1.3075E-08 1.3569E-08 1.3974E-08 1.4300E-08 1.4542E-08 1.4707E-08 1.4805E-08 1.4847E-08 1.4836E-08 1.4778E-08 1.4682E-08 1.4557E-08 1.4414E-08 1.4257E-08 1.4091E-08 1.3926E-08 1.3765E-08 1.3609E-08 1.3466E-08 1.3338E-08 1.3244E-08 1.3158E-08 1.3090E-08 1.3042E-08 1.3016E-08 1.3010E-08 1.3027E-08 1.3070E-08 1.3136E-08 1.3237E-08 1.3343E-08 1.3465E-08 1.3602E-08
9.3851E-11 1.3811E-10 2.5257E-10 3.6396E-10 5.0386E-10 7.1836E-10 8.9779E-10 1.1509E-09 1.4014E-09 1.6975E-09 2.0353E-09 2.4392E-09 2.9315E-09 3.5046E-09 4.1678E-09 4.9053E-09 5.7285E-09 6.6414E-09 7.6265E-09 8.5892E-09 9.5200E-09 1.0380E-08 1.1162E-08 1.1859E-08 1.2473E-08 1.2995E-08 1.3434E-08 1.3796E-08 1.4073E-08 1.4276E-08 1.4409E-08 1.4486E-08 1.4508E-08 1.4480E-08 1.4412E-08 1.4315E-08 1.4197E-08 1.4063E-08 1.3919E-08 1.3774E-08 1.3633E-08 1.3495E-08 1.3371E-08 1.3261E-08 1.3184E-08 1.3116E-08 1.3065E-08 1.3035E-08 1.3028E-08 1.3042E-08 1.3081E-08 1.3147E-08 1.3238E-08 1.3365E-08 1.3496E-08 1.3643E-08 1.3806E-08
7.5115E-11 1.1991E-10 1.8437E-10 3.0717E-10 4.3020E-10 6.1558E-10 8.0607E-10 1.0138E-09 1.2634E-09 1.5318E-09 1.8350E-09 2.1947E-09 2.6324E-09 3.1475E-09 3.7578E-09 4.4297E-09 5.1870E-09 6.0246E-09 6.9602E-09 7.9038E-09 8.8226E-09 9.6835E-09 1.0475E-08 1.1192E-08 1.1826E-08 1.2378E-08 1.2850E-08 1.3244E-08 1.3559E-08 1.3797E-08 1.3967E-08 1.4080E-08 1.4136E-08 1.4140E-08 1.4102E-08 1.4035E-08 1.3943E-08 1.3833E-08 1.3713E-08 1.3591E-08 1.3468E-08 1.3351E-08 1.3247E-08 1.3154E-08 1.3095E-08 1.3045E-08 1.3012E-08 1.3001E-08 1.3013E-08 1.3047E-08 1.3108E-08 1.3197E-08 1.3312E-08 1.3465E-08 1.3619E-08 1.3791E-08 1.3979E-08
6.2257E-11 1.0298E-10 1.5976E-10 2.4345E-10 3.6021E-10 5.0372E-10 7.1088E-10 8.8518E-10 1.1258E-09 1.3771E-09 1.6428E-09 1.9664E-09 2.3453E-09 2.8126E-09 3.3550E-09 3.9724E-09 4.6655E-09 5.4383E-09 6.3044E-09 7.2036E-09 8.1103E-09 8.9676E-09 9.7657E-09 1.0492E-08 1.1145E-08 1.1724E-08 1.2224E-08 1.2648E-08 1.3001E-08 1.3273E-08 1.3481E-08 1.3628E-08 1.3721E-08 1.3758E-08 1.3752E-08 1.3715E-08 1.3652E-08 1.3567E-08 1.3472E-08 1.3374E-08 1.3272E-08 1.3177E-08 1.3092E-08 1.3016E-08 1.2976E-08 1.2945E-08 1.2930E-08 1.2937E-08 1.2968E-08 1.3023E-08 1.3105E-08 1.3217E-08 1.3356E-08 1.3532E-08 1.3709E-08 1.3905E-08 1.4119E-08
6.1790E-11 8.3274E-11 1.3510E-10 1.9494E-10 2.9071E-10 4.2225E-10 5.9315E-10 7.9082E-10 9.7535E-10 1.2270E-09 1.4683E-09 1.7506E-09 2.0875E-09 2.4928E-09 2.9828E-09 3.5373E-09 4.1713E-09 4.8716E-09 5.6709E-09 6.5199E-09 7.3910E-09 8.2370E-09 9.0373E-09 9.7684E-09 1.0440E-08 1.1036E-08 1.1562E-08 1.2018E-08 1.2400E-08 1.2710E-08 1.2953E-08 1.3136E-08 1.3263E-08 1.3336E-08 1.3363E-08 1.3357E-08 1.3324E-08 1.3266E-08 1.3198E-08 1.3123E-08 1.3044E-08 1.2971E-08 1.2906E-08 1.2849E-08 1.2828E-08 1.2815E-08 1.2819E-08 1.2844E-08 1.2894E-08 1.2969E-08 1.3071E-08 1.3206E-08 1.3366E-08 1.3566E-08 1.3764E-08 1.3982E-08 1.4222E-08
6.1160E-11 7.0103E-11 1.1713E-10 1.6461E-10 2.3291E-10 3.5377E-10 4.7793E-10 6.7339E-10 8.6234E-10 1.0661E-09 1.3042E-09 1.5552E-09 1.8411E-09 2.2021E-09 2.6275E-09 3.1317E-09 3.6955E-09 4.3316E-09 5.0690E-09 5.8543E-09 6.6915E-09 7.5043E-09 8.2906E-09 9.0287E-09 9.7111E-09 1.0322E-08 1.0874E-08 1.1353E-08 1.1765E-08 1.2109E-08 1.2387E-08 1.2604E-08 1.2766E-08 1.2874E-08 1.2936E-08 1.2963E-08 1.2960E-08 1.2931E-08 1.2890E-08 1.2840E-08 1.2784E-08 1.2733E-08 1.2690E-08 1.2651E-08 1.2649E-08 1.2655E-08 1.2676E-08 1.2719E-08 1.2789E-08 1.2883E-08 1.3006E-08 1.3161E-08 1.3341E-08 1.3561E-08 1.3780E-08 1.4020E-08 1.4284E-08
6.0373E-11 6.9280E-11 9.0669E-11 1.4552E-10 1.9397E-10 2.7346E-10 3.9422E-10 5.2278E-10 7.4312E-10 9.1879E-10 1.1397E-09 1.3712E-09 1.6259E-09 1.9286E-09 2.3044E-09 2.7488E-09 3.2504E-09 3.8326E-09 4.4898E-09 5.2208E-09 6.0016E-09 6.7891E-09 7.5504E-09 8.2773E-09 8.9611E-09 9.5879E-09 1.0161E-08 1.0663E-08 1.1102E-08 1.1477E-08 1.1786E-08 1.2039E-08 1.2233E-08 1.2375E-08 1.2473E-08 1.2535E-08 1.2561E-08 1.2562E-08 1.2548E-08 1.2525E-08 1.2493E-08 1.2465E-08 1.2442E-08 1.2422E-08 1.2440E-08 1.2464E-08 1.2503E-08 1.2564E-08 1.2653E-08 1.2764E-08 1.2907E-08 1.3081E-08 1.3279E-08 1.3518E-08 1.3756E-08 1.4015E-08 1.4301E-08
5.9436E-11 6.8301E-11 8.4111E-11 1.1641E-10 1.6480E-10 2.3178E-10 3.1255E-10 4.3586E-10 5.8320E-10 8.0432E-10 9.6771E-10 1.1966E-09 1.4251E-09 1.6876E-09 2.0089E-09 2.3977E-09 2.8441E-09 3.3622E-09 3.9529E-09 4.6157E-09 5.3426E-09 6.0979E-09 6.8294E-09 7.5469E-09 8.2166E-09 8.8425E-09 9.4226E-09 9.9518E-09 1.0415E-08 1.0818E-08 1.1158E-08 1.1443E-08 1.1668E-08 1.1845E-08 1.1976E-08 1.2072E-08 1.2130E-08 1.2161E-08 1.2175E-08 1.2178E-08 1.2170E-08 1.2165E-08 1.2164E-08 1.2164E-08 1.2201E-08 1.2242E-08 1.2298E-08 1.2377E-08 1.2484E-08 1.2613E-08 1.2773E-08 1.2964E-08 1.3178E-08 1.3435E-08 1.3689E-08 1.3967E-08 1.4272E-08
5.8356E-11 6.7095E-11 8.2768E-11 9.6827E-11 1.3895E-10 1.9785E-10 2.7257E-10 3.3629E-10 4.7455E-10 6.2921E-10 8.4874E-10 1.0126E-09 1.2452E-09 1.4687E-09 1.7445E-09 2.0793E-09 2.4704E-09 2.9331E-09 3.4564E-09 4.0506E-09 4.7239E-09 5.4284E-09 6.1342E-09 6.8241E-09 7.4825E-09 8.1081E-09 8.6875E-09 9.2209E-09 9.7054E-09 1.0138E-08 1.0507E-08 1.0821E-08 1.1076E-08 1.1284E-08 1.1450E-08 1.1578E-08 1.1668E-08 1.1729E-08 1.1772E-08 1.1801E-08 1.1818E-08 1.1836E-08 1.1856E-08 1.1875E-08 1.1931E-08 1.1990E-08 1.2063E-08 1.2160E-08 1.2282E-08 1.2428E-08 1.2604E-08 1.2810E-08 1.3037E-08 1.3310E-08 1.3578E-08 1.3873E-08 1.4195E-08
5.7142E-11 6.5699E-11 8.1250E-11 9.5075E-11 1.0633E-10 1.6430E-10 2.2327E-10 2.9785E-10 3.6956E-10 5.0246E-10 6.5636E-10 8.8211E-10 1.0402E-09 1.2781E-09 1.5092E-09 1.7933E-09 2.1400E-09 2.5361E-09 3.0104E-09 3.5336E-09 4.1400E-09 4.7955E-09 5.4621E-09 6.1231E-09 6.7701E-09 7.3805E-09 7.9578E-09 8.5012E-09 8.9883E-09 9.4421E-09 9.8394E-09 1.0178E-08 1.0464E-08 1.0701E-08 1.0897E-08 1.1057E-08 1.1178E-08 1.1269E-08 1.1340E-08 1.1396E-08 1.1438E-08 1.1479E-08 1.1520E-08 1.1558E-08 1.1632E-08 1.1709E-08 1.1799E-08 1.1911E-08 1.2049E-08 1.2210E-08 1.2400E-08 1.2618E-08 1.2857E-08 1.3143E-08 1.3423E-08 1.3731E-08 1.4068E-08
5.5723E-11 6.4158E-11 7.9567E-11 9.3128E-11 1.0415E-10 1.2951E-10 1.9314E-10 2.4427E-10 3.3013E-10 3.9863E-10 5.2671E-10 6.8028E-10 9.1095E-10 1.0579E-09 1.2848E-09 1.5447E-09 1.8349E-09 2.1840E-09 2.6017E-09 3.0563E-09 3.6087E-09 4.2026E-09 4.8244E-09 5.4552E-09 6.0754E-09 6.6692E-09 7.2466E-09 7.7834E-09 8.2801E-09 8.7348E-09 9.1585E-09 9.5230E-09 9.8336E-09 1.0097E-08 1.0323E-08 1.0513E-08 1.0663E-08 1.0784E-08 1.0883E-08 1.0965E-08 1.1031E-08 1.1095E-08 1.1156E-08 1.1214E-08 1.1306E-08 1.1399E-08 1.1505E-08 1.1632E-08 1.1784E-08 1.1959E-08 1.2159E-08 1.2388E-08 1.2637E-08 1.2934E-08 1.3224E-08 1.3543E-08 1.3890E-08
5.4122E-11 6.2483E-11 7.7730E-11 9.0998E-11 1.0177E-10 1.2129E-10 1.4509E-10 2.0665E-10 2.7376E-10 3.5600E-10 4.1862E-10 5.3319E-10 6.9604E-10 9.2166E-10 1.0767E-09 1.2815E-09 1.5709E-09 1.8780E-09 2.2318E-09 2.6391E-09 3.1170E-09 3.6555E-09 4.2355E-09 4.8218E-09 5.4115E-09 5.9908E-09 6.5480E-09 7.0806E-09 7.5810E-09 8.0411E-09 8.4658E-09 8.8607E-09 9.1933E-09 9.4808E-09 9.7318E-09 9.9504E-09 1.0128E-08 1.0276E-08 1.0403E-08 1.0510E-08 1.0600E-08 1.0685E-08 1.0767E-08 1.0844E-08 1.0953E-08 1.1062E-08 1.1183E-08 1.1323E-08 1.1489E-08 1.1674E-08 1.1885E-08 1.2121E-08 1.2379E-08 1.2684E-08 1.2982E-08 1.3308E-08 1.3664E-08
5.2413E-11 6.0635E-11 7.5752E-11 8.8700E-11 9.9199E-11 1.1827E-10 1.3611E-10 1.5718E-10 2.3272E-10 2.9919E-10 3.7284E-10 4.3721E-10 5.3819E-10 6.8758E-10 8.9210E-10 1.0931E-09 1.2903E-09 1.6001E-09 1.9073E-09 2.2655E-09 2.6785E-09 3.1646E-09 3.6826E-09 4.2304E-09 4.7872E-09 5.3384E-09 5.8803E-09 6.4007E-09 6.8968E-09 7.3585E-09 7.7863E-09 8.1880E-09 8.5472E-09 8.8564E-09 9.1298E-09 9.3728E-09 9.5767E-09 9.7505E-09 9.9020E-09 1.0035E-08 1.0148E-08 1.0254E-08 1.0356E-08 1.0450E-08 1.0575E-08 1.0700E-08 1.0834E-08 1.0988E-08 1.1165E-08 1.1359E-08 1.1576E-08 1.1820E-08 1.2083E-08 1.2393E-08 1.2696E-08 1.3027E-08 1.3388E-08
5.0638E-11 5.8541E-11 7.3645E-11 8.6251E-11 9.6456E-11 1.1505E-10 1.3243E-10 1.4754E-10 1.7741E-10 2.4427E-10 3.1415E-10 3.8621E-10 4.5692E-10 5.2832E-10 6.8588E-10 8.7553E-10 1.1045E-09 1.3147E-09 1.5992E-09 1.9307E-09 2.2938E-09 2.7169E-09 3.1853E-09 3.6912E-09 4.2046E-09 4.7276E-09 5.2428E-09 5.7491E-09 6.2323E-09 6.6951E-09 7.1222E-09 7.5260E-09 7.8955E-09 8.2293E-09 8.5209E-09 8.7860E-09 9.0132E-09 9.2107E-09 9.3861E-09 9.5403E-09 9.6763E-09 9.8028E-09 9.9233E-09 1.0035E-08 1.0175E-08 1.0314E-08 1.0461E-08 1.0626E-08 1.0812E-08 1.1013E-08 1.1236E-08 1.1484E-08 1.1752E-08 1.2065E-08 1.2370E-08 1.2703E-08 1.3067E-08
4.8919E-11 5.6353E-11 7.1321E-11 8.3665E-11 9.3561E-11 1.1165E-10 1.2852E-10 1.4319E-10 1.6697E-10 1.8982E-10 2.4625E-10 3.2900E-10 3.8824E-10 4.6919E-10 5.4025E-10 6.6564E-10 8.3891E-10 1.0695E-09 1.3405E-09 1.5930E-09 1.9389E-09 2.3216E-09 2.7388E-09 3.1932E-09 3.6724E-09 4.1531E-09 4.6483E-09 5.1304E-09 5.6003E-09 6.0505E-09 6.4793E-09 6.8824E-09 7.2531E-09 7.6004E-09 7.9131E-09 8.1949E-09 8.4436E-09 8.6610E-09 8.8575E-09 9.0335E-09 9.1883E-09 9.3348E-09 9.4731E-09 9.6005E-09 9.7553E-09 9.9070E-09 1.0066E-08 1.0240E-08 1.0433E-08 1.0640E-08 1.0867E-08 1.1117E-08 1.1387E-08 1.1701E-08 1.2005E-08 1.2337E-08 1.2701E-08
4.6993E-11 5.4088E-11 6.8759E-11 8.0959E-11 9.0532E-11 1.0807E-10 1.2443E-10 1.3862E-10 1.6169E-10 1.8384E-10 2.0399E-10 2.4905E-10 3.4334E-10 4.0401E-10 4.7960E-10 5.5130E-10 6.4367E-10 8.1434E-10 1.0594E-09 1.3244E-09 1.6186E-09 1.9298E-09 2.3396E-09 2.7511E-09 3.1827E-09 3.6317E-09 4.0919E-09 4.5501E-09 4.9979E-09 5.4368E-09 5.8569E-09 6.2587E-09 6.6327E-09 6.9785E-09 7.3063E-09 7.6054E-09 7.8709E-09 8.1069E-09 8.3219E-09 8.5161E-09 8.6894E-09 8.8520E-09 9.0076E-09 9.1504E-09 9.3182E-09 9.4814E-09 9.6504E-09 9.8327E-09 1.0031E-08 1.0241E-08 1.0471E-08 1.0722E-08 1.0991E-08 1.1303E-08 1.1606E-08 1.1935E-08 1.2294E-08
4.4986E-11 5.1737E-11 6.6116E-11 7.8151E-11 8.7388E-11 1.0436E-10 1.2017E-10 1.3387E-10 1.5620E-10 1.7761E-10 1.9707E-10 2.1890E-10 2.4456E-10 3.3035E-10 4.1189E-10 4.7091E-10 5.6287E-10 6.6551E-10 8.1850E-10 1.0131E-09 1.2971E-09 1.6266E-09 1.9495E-09 2.3377E-09 2.7466E-09 3.1570E-09 3.5782E-09 4.0089E-09 4.4364E-09 4.8544E-09 5.2646E-09 5.6596E-09 6.0329E-09 6.3796E-09 6.7043E-09 7.0194E-09 7.3017E-09 7.5512E-09 7.7820E-09 7.9932E-09 8.1809E-09 8.3601E-09 8.5290E-09 8.6874E-09 8.8666E-09 9.0400E-09 9.2174E-09 9.4058E-09 9.6082E-09 9.8206E-09 1.0051E-08 1.0301E-08 1.0568E-08 1.0876E-08 1.1174E-08 1.1497E-08 1.1849E-08
4.2964E-11 4.9361E-11 6.3154E-11 7.5258E-11 8.4148E-11 1.0053E-10 1.1577E-10 1.2896E-10 1.5052E-10 1.7117E-10 1.8992E-10 2.1069E-10 2.3507E-10 2.6167E-10 3.1613E-10 4.1246E-10 4.7929E-10 5.6224E-10 6.9498E-10 8.3299E-10 1.0385E-09 1.2937E-09 1.6467E-09 1.9632E-09 2.3527E-09 2.7278E-09 3.1150E-09 3.5103E-09 3.9153E-09 4.3118E-09 4.7050E-09 5.0871E-09 5.4566E-09 5.8019E-09 6.1276E-09 6.4397E-09 6.7381E-09 7.0003E-09 7.2428E-09 7.4674E-09 7.6697E-09 7.8598E-09 8.0431E-09 8.2134E-09 8.4037E-09 8.5857E-09 8.7698E-09 8.9627E-09 9.1675E-09 9.3808E-09 9.6100E-09 9.8584E-09 1.0121E-08 1.0423E-08 1.0715E-08 1.1029E-08 1.1371E-08
4.0721E-11 4.7132E-11 6.0142E-11 7.2089E-11 8.0832E-11 9.6610E-11 1.1126E-10 1.2393E-10 1.4469E-10 1.6455E-10 1.8257E-10 2.0226E-10 2.2534E-10 2.5112E-10 2.7757E-10 3.0735E-10 4.0871E-10 4.9644E-10 5.9569E-10 7.1623E-10 8.6484E-10 1.0594E-09 1.3242E-09 1.6734E-09 1.9778E-09 2.3491E-09 2.6946E-09 3.0613E-09 3.4358E-09 3.8090E-09 4.1806E-09 4.5497E-09 4.9064E-09 5.2494E-09 5.5714E-09 5.8822E-09 6.1772E-09 6.4562E-09 6.7089E-09 6.9444E-09 7.1581E-09 7.3591E-09 7.5517E-09 7.7337E-09 7.9319E-09 8.1214E-09 8.3106E-09 8.5066E-09 8.7125E-09 8.9254E-09 9.1525E-09 9.3968E-09 9.6536E-09 9.9479E-09 1.0231E-08 1.0535E-08 1.0865E-08
3.8474E-11 4.4599E-11 5.7092E-11 6.8771E-11 7.7458E-11 9.2615E-11 1.0667E-10 1.1881E-10 1.3875E-10 1.5780E-10 1.7507E-10 1.9383E-10 2.1540E-10 2.4032E-10 2.6594E-10 2.9387E-10 3.2560E-10 3.8106E-10 5.2055E-10 6.1081E-10 7.3893E-10 8.8332E-10 1.0725E-09 1.3738E-09 1.6772E-09 1.9800E-09 2.3255E-09 2.6545E-09 2.9986E-09 3.3469E-09 3.6984E-09 4.0456E-09 4.3921E-09 4.7227E-09 5.0421E-09 5.3460E-09 5.6400E-09 5.9185E-09 6.1834E-09 6.4267E-09 6.6507E-09 6.8577E-09 7.0595E-09 7.2505E-09 7.4548E-09 7.6498E-09 7.8431E-09 8.0407E-09 8.2465E-09 8.4578E-09 8.6815E-09 8.9203E-09 9.1701E-09 9.4551E-09 9.7286E-09 1.0020E-08 1.0333E-08
