Assets/Resources/2015_m01_d24_2200(utc+0800)_l00_csi_1hr_conc.grd
DSAA
         159         159
     -79.000      79.000
     -79.000      79.000
  0.0000E+00  0.4023E-05
[rows 25 to 49 of 159, columns 0 to 56 of 159]
1.4317E-09 1.6817E-09 1.9764E-09 2.3049E-09 2.6826E-09 3.1039E-09 3.5857E-09 4.1145E-09 4.7071E-09 5.3581E-09 6.0660E-09 6.8364E-09 7.6640E-09 8.5420E-09 9.4730E-09 1.0438E-08 1.1438E-08 1.2457E-08 1.3475E-08 1.4486E-08 1.5471E-08 1.6404E-08 1.7274E-08 1.8060E-08 1.8733E-08 1.9289E-08 1.9711E-08 1.9973E-08 2.0076E-08 2.0012E-08 1.9781E-08 1.9370E-08 1.8803E-08 1.8085E-08 1.7224E-08 1.6240E-08 1.5157E-08 1.3996E-08 1.2776E-08 1.1520E-08 1.0250E-08 8.9958E-09 7.7763E-09 6.6188E-09 5.5351E-09 4.5486E-09 3.6626E-09 2.8846E-09 2.2189E-09 1.6579E-09 1.2047E-09 8.1946E-10 5.1626E-10 3.0676E-10 1.5308E-10 8.0046E-11 2.2529E-11
1.2887E-09 1.5191E-09 1.7931E-09 2.0977E-09 2.4510E-09 2.8466E-09 3.3014E-09 3.8016E-09 4.3677E-09 4.9899E-09 5.6728E-09 6.4193E-09 7.2237E-09 8.0863E-09 9.0051E-09 9.9654E-09 1.0968E-08 1.1997E-08 1.3038E-08 1.4083E-08 1.5110E-08 1.6101E-08 1.7039E-08 1.7901E-08 1.8671E-08 1.9335E-08 1.9863E-08 2.0245E-08 2.0477E-08 2.0543E-08 2.0429E-08 2.0151E-08 1.9709E-08 1.9094E-08 1.8335E-08 1.7441E-08 1.6431E-08 1.5314E-08 1.4117E-08 1.2860E-08 1.1570E-08 1.0267E-08 8.9792E-09 7.7280E-09 6.5402E-09 5.4316E-09 4.4223E-09 3.5230E-09 2.7401E-09 2.0730E-09 1.5231E-09 1.0694E-09 6.9955E-10 4.3760E-10 2.3970E-10 1.3080E-10 5.5054E-11
1.1508E-09 1.3616E-09 1.6132E-09 1.8939E-09 2.2218E-09 2.5892E-09 3.0147E-09 3.4847E-09 4.0197E-09 4.6086E-09 5.2612E-09 5.9770E-09 6.7534E-09 7.5916E-09 8.4881E-09 9.4354E-09 1.0430E-08 1.1457E-08 1.2511E-08 1.3577E-08 1.4634E-08 1.5672E-08 1.6668E-08 1.7605E-08 1.8459E-08 1.9218E-08 1.9854E-08 2.0361E-08 2.0720E-08 2.0915E-08 2.0952E-08 2.0817E-08 2.0505E-08 2.0033E-08 1.9404E-08 1.8628E-08 1.7714E-08 1.6678E-08 1.5539E-08 1.4315E-08 1.3022E-08 1.1688E-08 1.0338E-08 9.0020E-09 7.7067E-09 6.4743E-09 5.3270E-09 4.2889E-09 3.3701E-09 2.5809E-09 1.9261E-09 1.3867E-09 9.3827E-10 5.9922E-10 3.6021E-10 1.9853E-10 9.5801E-11
1.0190E-09 1.2097E-09 1.4391E-09 1.6963E-09 1.9967E-09 2.3353E-09 2.7307E-09 3.1665E-09 3.6674E-09 4.2213E-09 4.8379E-09 5.5169E-09 6.2592E-09 7.0655E-09 7.9318E-09 8.8555E-09 9.8311E-09 1.0848E-08 1.1900E-08 1.2972E-08 1.4050E-08 1.5120E-08 1.6162E-08 1.7155E-08 1.8090E-08 1.8936E-08 1.9674E-08 2.0303E-08 2.0786E-08 2.1127E-08 2.1311E-08 2.1326E-08 2.1178E-08 2.0869E-08 2.0396E-08 1.9765E-08 1.8985E-08 1.8068E-08 1.7019E-08 1.5855E-08 1.4594E-08 1.3261E-08 1.1879E-08 1.0475E-08 9.0767E-09 7.7186E-09 6.4297E-09 5.2355E-09 4.1638E-09 3.2231E-09 2.4299E-09 1.7777E-09 1.2409E-09 8.1423E-10 5.1386E-10 2.9469E-10 1.6112E-10
8.9480E-10 1.0652E-09 1.2736E-09 1.5054E-09 1.7792E-09 2.0886E-09 2.4508E-09 2.8526E-09 3.3177E-09 3.8316E-09 4.4091E-09 5.0473E-09 5.7491E-09 6.5157E-09 7.3446E-09 8.2367E-09 9.1827E-09 1.0177E-08 1.1214E-08 1.2281E-08 1.3363E-08 1.4452E-08 1.5524E-08 1.6568E-08 1.7561E-08 1.8478E-08 1.9322E-08 2.0053E-08 2.0664E-08 2.1148E-08 2.1484E-08 2.1669E-08 2.1698E-08 2.1567E-08 2.1274E-08 2.0821E-08 2.0213E-08 1.9445E-08 1.8527E-08 1.7470E-08 1.6284E-08 1.4985E-08 1.3593E-08 1.2135E-08 1.0644E-08 9.1597E-09 7.7203E-09 6.3620E-09 5.1133E-09 4.0057E-09 3.0549E-09 2.2669E-09 1.6212E-09 1.0938E-09 7.0237E-10 4.2444E-10 2.4012E-10
7.7774E-10 9.3030E-10 1.1162E-09 1.3243E-09 1.5715E-09 1.8506E-09 2.1805E-09 2.5471E-09 2.9730E-09 3.4467E-09 3.9821E-09 4.5743E-09 5.2315E-09 5.9525E-09 6.7370E-09 7.5880E-09 8.4940E-09 9.4557E-09 1.0466E-08 1.1512E-08 1.2587E-08 1.3678E-08 1.4765E-08 1.5839E-08 1.6874E-08 1.7864E-08 1.8785E-08 1.9613E-08 2.0352E-08 2.0968E-08 2.1461E-08 2.1815E-08 2.2032E-08 2.2093E-08 2.2005E-08 2.1760E-08 2.1351E-08 2.0775E-08 2.0038E-08 1.9127E-08 1.8054E-08 1.6823E-08 1.5462E-08 1.3989E-08 1.2434E-08 1.0841E-08 9.2498E-09 7.7172E-09 6.2812E-09 4.9777E-09 3.8387E-09 2.8680E-09 2.0765E-09 1.4443E-09 9.4057E-10 5.9018E-10 3.5217E-10
6.6929E-10 8.0425E-10 9.6913E-10 1.1550E-09 1.3750E-09 1.6246E-09 1.9225E-09 2.2527E-09 2.6396E-09 3.0715E-09 3.5614E-09 4.1061E-09 4.7148E-09 5.3844E-09 6.1190E-09 6.9208E-09 7.7789E-09 8.6975E-09 9.6676E-09 1.0683E-08 1.1735E-08 1.2810E-08 1.3898E-08 1.4985E-08 1.6051E-08 1.7087E-08 1.8070E-08 1.8993E-08 1.9831E-08 2.0582E-08 2.1223E-08 2.1748E-08 2.2150E-08 2.2418E-08 2.2550E-08 2.2536E-08 2.2357E-08 2.2019E-08 2.1489E-08 2.0777E-08 1.9865E-08 1.8766E-08 1.7481E-08 1.6028E-08 1.4435E-08 1.2742E-08 1.1012E-08 9.2925E-09 7.6536E-09 6.1355E-09 4.7843E-09 3.6216E-09 2.6482E-09 1.8690E-09 1.2518E-09 7.9559E-10 4.8868E-10
5.6881E-10 6.8919E-10 8.3395E-10 9.9732E-10 1.1912E-09 1.4134E-09 1.6783E-09 1.9730E-09 2.3217E-09 2.7098E-09 3.1537E-09 3.6496E-09 4.2061E-09 4.8211E-09 5.5009E-09 6.2471E-09 7.0501E-09 7.9160E-09 8.8366E-09 9.8070E-09 1.0821E-08 1.1869E-08 1.2940E-08 1.4020E-08 1.5099E-08 1.6162E-08 1.7199E-08 1.8188E-08 1.9122E-08 1.9981E-08 2.0758E-08 2.1450E-08 2.2031E-08 2.2514E-08 2.2878E-08 2.3106E-08 2.3193E-08 2.3108E-08 2.2842E-08 2.2370E-08 2.1680E-08 2.0759E-08 1.9599E-08 1.8213E-08 1.6628E-08 1.4879E-08 1.3031E-08 1.1145E-08 9.2914E-09 7.5407E-09 5.9429E-09 4.5380E-09 3.3464E-09 2.3783E-09 1.6247E-09 1.0584E-09 6.5645E-10
4.7868E-10 5.8487E-10 7.0929E-10 8.5297E-10 1.0225E-09 1.2169E-09 1.4506E-09 1.7117E-09 2.0207E-09 2.3663E-09 2.7650E-09 3.2096E-09 3.7128E-09 4.2712E-09 4.8929E-09 5.5786E-09 6.3203E-09 7.1261E-09 7.9876E-09 8.9031E-09 9.8666E-09 1.0872E-08 1.1910E-08 1.2969E-08 1.4041E-08 1.5118E-08 1.6177E-08 1.7217E-08 1.8221E-08 1.9169E-08 2.0075E-08 2.0906E-08 2.1671E-08 2.2357E-08 2.2951E-08 2.3437E-08 2.3795E-08 2.4000E-08 2.4030E-08 2.3845E-08 2.3428E-08 2.2741E-08 2.1777E-08 2.0529E-08 1.9003E-08 1.7245E-08 1.5296E-08 1.3253E-08 1.1188E-08 9.1843E-09 7.3220E-09 5.6516E-09 4.2176E-09 3.0279E-09 2.0753E-09 1.3667E-09 8.6916E-10
3.9843E-10 4.8761E-10 5.9678E-10 7.2214E-10 8.6774E-10 1.0373E-09 1.2409E-09 1.4689E-09 1.7405E-09 2.0455E-09 2.3976E-09 2.7920E-09 3.2424E-09 3.7429E-09 4.3037E-09 4.9267E-09 5.6023E-09 6.3419E-09 7.1369E-09 7.9883E-09 8.8903E-09 9.8417E-09 1.0832E-08 1.1854E-08 1.2904E-08 1.3966E-08 1.5035E-08 1.6100E-08 1.7147E-08 1.8171E-08 1.9169E-08 2.0128E-08 2.1055E-08 2.1933E-08 2.2748E-08 2.3486E-08 2.4126E-08 2.4640E-08 2.4985E-08 2.5136E-08 2.5034E-08 2.4659E-08 2.3955E-08 2.2902E-08 2.1500E-08 1.9780E-08 1.7799E-08 1.5627E-08 1.3365E-08 1.1109E-08 8.9529E-09 6.9818E-09 5.2534E-09 3.8063E-09 2.6462E-09 1.7546E-09 1.1181E-09
3.1804E-10 3.9776E-10 4.9560E-10 6.0199E-10 7.2786E-10 8.7451E-10 1.0487E-09 1.2473E-09 1.4826E-09 1.7474E-09 2.0558E-09 2.4014E-09 2.7991E-09 3.2422E-09 3.7422E-09 4.2997E-09 4.9072E-09 5.5776E-09 6.3002E-09 7.0815E-09 7.9138E-09 8.8008E-09 9.7289E-09 1.0702E-08 1.1707E-08 1.2741E-08 1.3792E-08 1.4859E-08 1.5923E-08 1.6997E-08 1.8063E-08 1.9129E-08 2.0190E-08 2.1234E-08 2.2249E-08 2.3232E-08 2.4146E-08 2.4968E-08 2.5658E-08 2.6168E-08 2.6447E-08 2.6424E-08 2.6045E-08 2.5269E-08 2.4081E-08 2.2476E-08 2.0513E-08 1.8259E-08 1.5818E-08 1.3312E-08 1.0853E-08 8.5566E-09 6.5071E-09 4.7634E-09 3.3373E-09 2.2311E-09 1.4261E-09
2.4100E-10 3.1484E-10 4.0076E-10 4.9206E-10 6.0228E-10 7.2601E-10 8.7437E-10 1.0462E-09 1.2460E-09 1.4758E-09 1.7407E-09 2.0413E-09 2.3876E-09 2.7753E-09 3.2147E-09 3.7075E-09 4.2473E-09 4.8444E-09 5.4925E-09 6.1984E-09 6.9552E-09 7.7680E-09 8.6273E-09 9.5335E-09 1.0482E-08 1.1465E-08 1.2482E-08 1.3525E-08 1.4588E-08 1.5680E-08 1.6788E-08 1.7926E-08 1.9090E-08 2.0262E-08 2.1460E-08 2.2651E-08 2.3826E-08 2.4952E-08 2.5991E-08 2.6881E-08 2.7562E-08 2.7951E-08 2.7974E-08 2.7555E-08 2.6644E-08 2.5240E-08 2.3369E-08 2.1101E-08 1.8532E-08 1.5793E-08 1.3033E-08 1.0384E-08 7.9747E-09 5.8873E-09 4.1690E-09 2.8242E-09 1.8165E-09
1.8263E-10 2.3822E-10 3.1029E-10 3.9550E-10 4.8804E-10 5.9286E-10 7.1950E-10 8.6413E-10 1.0331E-09 1.2306E-09 1.4547E-09 1.7142E-09 2.0108E-09 2.3463E-09 2.7272E-09 3.1571E-09 3.6277E-09 4.1538E-09 4.7273E-09 5.3543E-09 6.0323E-09 6.7657E-09 7.5452E-09 8.3774E-09 9.2535E-09 1.0174E-08 1.1136E-08 1.2134E-08 1.3172E-08 1.4254E-08 1.5374E-08 1.6553E-08 1.7772E-08 1.9050E-08 2.0382E-08 2.1751E-08 2.3159E-08 2.4566E-08 2.5939E-08 2.7219E-08 2.8324E-08 2.9166E-08 2.9632E-08 2.9638E-08 2.9106E-08 2.8002E-08 2.6315E-08 2.4108E-08 2.1475E-08 1.8545E-08 1.5495E-08 1.2491E-08 9.7027E-09 7.2374E-09 5.1719E-09 3.5244E-09 2.2899E-09
1.3166E-10 1.7614E-10 2.3682E-10 3.0201E-10 3.8542E-10 4.7719E-10 5.8269E-10 7.0266E-10 8.4606E-10 1.0121E-09 1.1989E-09 1.4215E-09 1.6707E-09 1.9586E-09 2.2829E-09 2.6535E-09 3.0579E-09 3.5143E-09 4.0120E-09 4.5610E-09 5.1590E-09 5.8094E-09 6.5081E-09 7.2554E-09 8.0531E-09 8.8965E-09 9.7887E-09 1.0726E-08 1.1716E-08 1.2759E-08 1.3863E-08 1.5040E-08 1.6283E-08 1.7621E-08 1.9040E-08 2.0551E-08 2.2140E-08 2.3798E-08 2.5475E-08 2.7126E-08 2.8657E-08 2.9966E-08 3.0928E-08 3.1425E-08 3.1356E-08 3.0644E-08 2.9257E-08 2.7206E-08 2.4587E-08 2.1531E-08 1.8225E-08 1.4870E-08 1.1674E-08 8.7946E-09 6.3492E-09 4.3735E-09 2.8708E-09
9.4576E-11 1.2915E-10 1.7474E-10 2.2740E-10 2.9392E-10 3.6854E-10 4.6176E-10 5.6078E-10 6.8194E-10 8.1754E-10 9.7569E-10 1.1613E-09 1.3684E-09 1.6122E-09 1.8836E-09 2.1981E-09 2.5410E-09 2.9304E-09 3.3570E-09 3.8320E-09 4.3497E-09 4.9194E-09 5.5311E-09 6.1933E-09 6.9029E-09 7.6631E-09 8.4730E-09 9.3349E-09 1.0253E-08 1.1238E-08 1.2293E-08 1.3436E-08 1.4670E-08 1.6017E-08 1.7481E-08 1.9074E-08 2.0804E-08 2.2651E-08 2.4596E-08 2.6577E-08 2.8513E-08 3.0282E-08 3.1762E-08 3.2810E-08 3.3279E-08 3.3055E-08 3.2063E-08 3.0298E-08 2.7797E-08 2.4706E-08 2.1190E-08 1.7523E-08 1.3920E-08 1.0614E-08 7.7428E-09 5.3859E-09 3.5631E-09
5.9001E-11 8.9283E-11 1.2585E-10 1.6906E-10 2.2046E-10 2.8221E-10 3.5619E-10 4.4072E-10 5.3928E-10 6.5043E-10 7.8300E-10 9.3119E-10 1.1062E-09 1.3068E-09 1.5328E-09 1.7949E-09 2.0842E-09 2.4094E-09 2.7710E-09 3.1727E-09 3.6155E-09 4.1029E-09 4.6331E-09 5.2078E-09 5.8271E-09 6.4956E-09 7.2164E-09 7.9896E-09 8.8232E-09 9.7276E-09 1.0711E-08 1.1793E-08 1.2975E-08 1.4294E-08 1.5749E-08 1.7377E-08 1.9182E-08 2.1163E-08 2.3310E-08 2.5567E-08 2.7855E-08 3.0075E-08 3.2073E-08 3.3687E-08 3.4749E-08 3.5118E-08 3.4646E-08 3.3275E-08 3.1012E-08 2.7979E-08 2.4356E-08 2.0417E-08 1.6435E-08 1.2692E-08 9.3670E-09 6.6039E-09 4.4258E-09
8.8512E-12 3.8280E-11 7.6907E-11 1.1737E-10 1.6032E-10 2.0992E-10 2.6556E-10 3.3862E-10 4.2051E-10 5.1256E-10 6.1850E-10 7.3951E-10 8.8465E-10 1.0450E-09 1.2318E-09 1.4475E-09 1.6853E-09 1.9536E-09 2.2556E-09 2.5888E-09 2.9612E-09 3.3715E-09 3.8205E-09 4.3096E-09 4.8390E-09 5.4152E-09 6.0420E-09 6.7193E-09 7.4617E-09 8.2697E-09 9.1653E-09 1.0154E-08 1.1259E-08 1.2505E-08 1.3910E-08 1.5518E-08 1.7333E-08 1.9385E-08 2.1653E-08 2.4113E-08 2.6701E-08 2.9308E-08 3.1790E-08 3.3984E-08 3.5693E-08 3.6699E-08 3.6839E-08 3.5991E-08 3.4125E-08 3.1268E-08 2.7654E-08 2.3522E-08 1.9228E-08 1.5056E-08 1.1272E-08 8.0524E-09 5.4688E-09
0.0000E+00 1.4355E-13 1.7368E-11 5.0601E-11 9.5078E-11 1.4387E-10 1.9355E-10 2.4730E-10 3.1667E-10 3.9421E-10 4.8106E-10 5.8127E-10 6.9338E-10 8.2373E-10 9.7572E-10 1.1501E-09 1.3412E-09 1.5629E-09 1.8066E-09 2.0800E-09 2.3866E-09 2.7255E-09 3.1004E-09 3.5078E-09 3.9558E-09 4.4351E-09 4.9692E-09 5.5514E-09 6.1904E-09 6.9001E-09 7.6890E-09 8.5713E-09 9.5699E-09 1.0715E-08 1.2032E-08 1.3566E-08 1.5335E-08 1.7378E-08 1.9696E-08 2.2273E-08 2.5074E-08 2.7994E-08 3.0913E-08 3.3652E-08 3.5991E-08 3.7698E-08 3.8545E-08 3.8337E-08 3.6965E-08 3.4476E-08 3.1000E-08 2.6810E-08 2.2272E-08 1.7720E-08 1.3496E-08 9.8000E-09 6.7879E-09
0.0000E+00 0.0000E+00 0.0000E+00 3.8543E-12 2.5235E-11 6.1711E-11 1.1546E-10 1.6828E-10 2.2113E-10 2.8228E-10 3.5596E-10 4.4201E-10 5.3443E-10 6.4026E-10 7.5801E-10 8.9763E-10 1.0522E-09 1.2299E-09 1.4236E-09 1.6464E-09 1.8917E-09 2.1696E-09 2.4726E-09 2.8074E-09 3.1751E-09 3.5707E-09 4.0108E-09 4.4958E-09 5.0395E-09 5.6405E-09 6.3164E-09 7.0820E-09 7.9598E-09 8.9798E-09 1.0176E-08 1.1590E-08 1.3264E-08 1.5229E-08 1.7512E-08 2.0127E-08 2.3037E-08 2.6179E-08 2.9447E-08 3.2671E-08 3.5612E-08 3.8024E-08 3.9614E-08 4.0162E-08 3.9441E-08 3.7463E-08 3.4270E-08 3.0195E-08 2.5525E-08 2.0695E-08 1.6045E-08 1.1893E-08 8.4225E-09
0.0000E+00 0.0000E+00 0.0000E+00 0.0000E+00 2.7628E-13 9.1582E-12 3.2426E-11 7.6207E-11 1.3055E-10 1.8473E-10 2.4443E-10 3.1383E-10 3.9399E-10 4.7558E-10 5.7611E-10 6.8672E-10 8.1172E-10 9.4933E-10 1.1050E-09 1.2789E-09 1.4754E-09 1.6935E-09 1.9384E-09 2.2078E-09 2.5029E-09 2.8267E-09 3.1759E-09 3.5687E-09 4.0119E-09 4.5109E-09 5.0759E-09 5.7191E-09 6.4700E-09 7.3513E-09 8.4054E-09 9.6722E-09 1.1197E-08 1.3030E-08 1.5205E-08 1.7763E-08 2.0682E-08 2.3943E-08 2.7454E-08 3.1048E-08 3.4527E-08 3.7609E-08 3.9969E-08 4.1297E-08 4.1365E-08 4.0034E-08 3.7358E-08 3.3548E-08 2.8923E-08 2.3930E-08 1.8947E-08 1.4387E-08 1.0456E-08
0.0000E+00 0.0000E+00 0.0000E+00 0.0000E+00 0.0000E+00 0.0000E+00 1.6756E-12 1.3599E-11 4.2918E-11 9.1826E-11 1.4065E-10 1.9288E-10 2.6683E-10 3.3701E-10 4.1503E-10 5.0379E-10 6.0478E-10 7.1641E-10 8.3898E-10 9.7399E-10 1.1271E-09 1.2976E-09 1.4919E-09 1.7009E-09 1.9340E-09 2.1888E-09 2.4683E-09 2.7751E-09 3.1225E-09 3.5211E-09 3.9815E-09 4.5102E-09 5.1301E-09 5.8705E-09 6.7692E-09 7.8645E-09 9.2165E-09 1.0867E-08 1.2876E-08 1.5288E-08 1.8123E-08 2.1387E-08 2.5003E-08 2.8855E-08 3.2757E-08 3.6409E-08 3.9496E-08 4.1649E-08 4.2571E-08 4.2044E-08 4.0056E-08 3.6711E-08 3.2357E-08 2.7360E-08 2.2210E-08 1.7310E-08 1.2952E-08
0.0000E+00 0.0000E+00 0.0000E+00 0.0000E+00 0.0000E+00 0.0000E+00 0.0000E+00 0.0000E+00 2.7746E-12 1.8225E-11 5.5120E-11 1.0607E-10 1.4171E-10 2.0217E-10 2.7874E-10 3.5129E-10 4.3147E-10 5.1907E-10 6.1751E-10 7.2071E-10 8.3889E-10 9.7054E-10 1.1171E-09 1.2812E-09 1.4596E-09 1.6579E-09 1.8731E-09 2.1111E-09 2.3754E-09 2.6841E-09 3.0447E-09 3.4621E-09 3.9625E-09 4.5637E-09 5.3056E-09 6.2212E-09 7.3823E-09 8.8196E-09 1.0616E-08 1.2820E-08 1.5475E-08 1.8621E-08 2.2209E-08 2.6177E-08 3.0343E-08 3.4439E-08 3.8155E-08 4.1103E-08 4.2902E-08 4.3297E-08 4.2144E-08 3.9508E-08 3.5636E-08 3.0879E-08 2.5755E-08 2.0656E-08 1.5987E-08
0.0000E+00 0.0000E+00 0.0000E+00 0.0000E+00 0.0000E+00 0.0000E+00 0.0000E+00 0.0000E+00 0.0000E+00 0.0000E+00 2.8176E-12 2.2673E-11 6.8800E-11 1.0763E-10 1.4816E-10 2.0275E-10 2.8450E-10 3.5837E-10 4.3341E-10 5.1759E-10 6.0418E-10 7.0431E-10 8.1588E-10 9.4014E-10 1.0752E-09 1.2276E-09 1.3911E-09 1.5709E-09 1.7664E-09 1.9917E-09 2.2659E-09 2.5846E-09 2.9751E-09 3.4419E-09 4.0373E-09 4.7784E-09 5.7416E-09 6.9570E-09 8.5062E-09 1.0450E-08 1.2863E-08 1.5781E-08 1.9216E-08 2.3129E-08 2.7384E-08 3.1767E-08 3.5973E-08 3.9594E-08 4.2261E-08 4.3623E-08 4.3447E-08 4.1715E-08 3.8549E-08 3.4327E-08 2.9447E-08 2.4373E-08 1.9547E-08
0.0000E+00 0.0000E+00 0.0000E+00 0.0000E+00 0.0000E+00 0.0000E+00 0.0000E+00 0.0000E+00 0.0000E+00 0.0000E+00 0.0000E+00 0.0000E+00 2.1204E-12 2.3334E-11 6.7261E-11 1.1059E-10 1.5293E-10 2.0948E-10 2.8735E-10 3.5409E-10 4.1967E-10 4.9202E-10 5.7229E-10 6.6723E-10 7.7190E-10 8.8112E-10 1.0038E-09 1.1342E-09 1.2811E-09 1.4430E-09 1.6396E-09 1.8735E-09 2.1633E-09 2.5167E-09 2.9748E-09 3.5524E-09 4.3226E-09 5.3195E-09 6.6201E-09 8.2716E-09 1.0382E-08 1.2995E-08 1.6156E-08 1.9870E-08 2.4036E-08 2.8509E-08 3.3010E-08 3.7171E-08 4.0603E-08 4.2887E-08 4.3755E-08 4.3056E-08 4.0848E-08 3.7406E-08 3.3075E-08 2.8341E-08 2.3557E-08
0.0000E+00 0.0000E+00 0.0000E+00 0.0000E+00 0.0000E+00 0.0000E+00 0.0000E+00 0.0000E+00 0.0000E+00 0.0000E+00 0.0000E+00 0.0000E+00 0.0000E+00 0.0000E+00 1.4063E-12 1.8444E-11 5.4709E-11 1.0556E-10 1.5720E-10 2.0633E-10 2.7796E-10 3.3618E-10 3.9105E-10 4.5440E-10 5.2886E-10 6.1002E-10 7.0001E-10 7.9120E-10 8.9787E-10 1.0090E-09 1.1481E-09 1.3146E-09 1.5236E-09 1.7811E-09 2.1184E-09 2.5506E-09 3.1435E-09 3.9319E-09 4.9863E-09 6.3561E-09 8.1250E-09 1.0380E-08 1.3178E-08 1.6557E-08 2.0476E-08 2.4845E-08 2.9425E-08 3.3911E-08 3.7915E-08 4.1022E-08 4.2898E-08 4.3298E-08 4.2223E-08 3.9803E-08 3.6349E-08 3.2246E-08 2.7844E-08
