Assets/Resources/2015_m01_d21_1800(utc+0800)_l00_csi_1hr_conc.grd
DSAA
         159         159
     -79.000      79.000
     -79.000      79.000
  0.0000E+00  0.5897E-05
[rows 0 to 24 of 159, columns 0 to 56 of 159]
3.9898E-13 4.1693E-13 4.3556E-13 4.5489E-13 4.7493E-13 4.9570E-13 5.1723E-13 5.3952E-13 5.6261E-13 5.8651E-13 6.1125E-13 6.3683E-13 6.6328E-13 6.9062E-13 7.1888E-13 7.4806E-13 7.7819E-13 8.0929E-13 8.4139E-13 8.7449E-13 9.0862E-13 9.4379E-13 9.8003E-13 1.0174E-12 1.0558E-12 1.0953E-12 1.1360E-12 1.1779E-12 1.2209E-12 1.2651E-12 1.3105E-12 1.3572E-12 1.4050E-12 1.4542E-12 1.5045E-12 1.5562E-12 1.6091E-12 1.6634E-12 1.7190E-12 1.7758E-12 1.8340E-12 1.8936E-12 1.9545E-12 2.0167E-12 2.0803E-12 2.1453E-12 2.2116E-12 2.2792E-12 2.3483E-12 2.4187E-12 2.4904E-12 2.5635E-12 2.6380E-12 2.7138E-12 2.7909E-12 2.8694E-12 2.9492E-12
3.9875E-13 4.1670E-13 4.3532E-13 4.5463E-13 4.7466E-13 4.9542E-13 5.1694E-13 5.3922E-13 5.6230E-13 5.8619E-13 6.1090E-13 6.3647E-13 6.6291E-13 6.9024E-13 7.1847E-13 7.4764E-13 7.7775E-13 8.0884E-13 8.4091E-13 8.7400E-13 9.0810E-13 9.4326E-13 9.7949E-13 1.0168E-12 1.0552E-12 1.0947E-12 1.1354E-12 1.1772E-12 1.2202E-12 1.2644E-12 1.3098E-12 1.3564E-12 1.4042E-12 1.4533E-12 1.5037E-12 1.5553E-12 1.6082E-12 1.6625E-12 1.7180E-12 1.7748E-12 1.8330E-12 1.8925E-12 1.9534E-12 2.0156E-12 2.0791E-12 2.1440E-12 2.2103E-12 2.2780E-12 2.3470E-12 2.4173E-12 2.4890E-12 2.5621E-12 2.6365E-12 2.7123E-12 2.7894E-12 2.8678E-12 2.9475E-12
3.9841E-13 4.1634E-13 4.3494E-13 4.5424E-13 4.7425E-13 4.9500E-13 5.1649E-13 5.3876E-13 5.6181E-13 5.8568E-13 6.1037E-13 6.3592E-13 6.6234E-13 6.8964E-13 7.1785E-13 7.4699E-13 7.7708E-13 8.0814E-13 8.4019E-13 8.7324E-13 9.0732E-13 9.4245E-13 9.7864E-13 1.0159E-12 1.0543E-12 1.0938E-12 1.1344E-12 1.1762E-12 1.2192E-12 1.2633E-12 1.3087E-12 1.3552E-12 1.4030E-12 1.4521E-12 1.5024E-12 1.5540E-12 1.6069E-12 1.6610E-12 1.7165E-12 1.7733E-12 1.8314E-12 1.8909E-12 1.9517E-12 2.0138E-12 2.0773E-12 2.1422E-12 2.2084E-12 2.2760E-12 2.3449E-12 2.4152E-12 2.4869E-12 2.5599E-12 2.6342E-12 2.7099E-12 2.7870E-12 2.8653E-12 2.9450E-12
3.9795E-13 4.1585E-13 4.3444E-13 4.5371E-13 4.7370E-13 4.9442E-13 5.1589E-13 5.3813E-13 5.6116E-13 5.8500E-13 6.0967E-13 6.3518E-13 6.6157E-13 6.8884E-13 7.1702E-13 7.4612E-13 7.7618E-13 8.0720E-13 8.3921E-13 8.7223E-13 9.0627E-13 9.4135E-13 9.7750E-13 1.0147E-12 1.0531E-12 1.0925E-12 1.1331E-12 1.1748E-12 1.2177E-12 1.2618E-12 1.3071E-12 1.3536E-12 1.4014E-12 1.4504E-12 1.5006E-12 1.5522E-12 1.6050E-12 1.6591E-12 1.7145E-12 1.7712E-12 1.8293E-12 1.8887E-12 1.9494E-12 2.0115E-12 2.0749E-12 2.1397E-12 2.2058E-12 2.2733E-12 2.3422E-12 2.4124E-12 2.4840E-12 2.5569E-12 2.6312E-12 2.7068E-12 2.7837E-12 2.8620E-12 2.9416E-12
3.9736E-13 4.1525E-13 4.3380E-13 4.5305E-13 4.7301E-13 4.9369E-13 5.1513E-13 5.3734E-13 5.6034E-13 5.8414E-13 6.0877E-13 6.3425E-13 6.6059E-13 6.8783E-13 7.1597E-13 7.4503E-13 7.7504E-13 8.0602E-13 8.3798E-13 8.7095E-13 9.0494E-13 9.3997E-13 9.7607E-13 1.0132E-12 1.0515E-12 1.0909E-12 1.1314E-12 1.1731E-12 1.2160E-12 1.2600E-12 1.3052E-12 1.3517E-12 1.3993E-12 1.4483E-12 1.4984E-12 1.5499E-12 1.6026E-12 1.6567E-12 1.7120E-12 1.7686E-12 1.8266E-12 1.8859E-12 1.9466E-12 2.0085E-12 2.0719E-12 2.1366E-12 2.2026E-12 2.2700E-12 2.3388E-12 2.4089E-12 2.4803E-12 2.5531E-12 2.6273E-12 2.7028E-12 2.7796E-12 2.8578E-12 2.9372E-12
3.9666E-13 4.1451E-13 4.3304E-13 4.5225E-13 4.7217E-13 4.9282E-13 5.1422E-13 5.3639E-13 5.5935E-13 5.8311E-13 6.0770E-13 6.3313E-13 6.5943E-13 6.8661E-13 7.1470E-13 7.4372E-13 7.7367E-13 8.0460E-13 8.3650E-13 8.6941E-13 9.0334E-13 9.3831E-13 9.7434E-13 1.0115E-12 1.0497E-12 1.0890E-12 1.1294E-12 1.1710E-12 1.2138E-12 1.2578E-12 1.3029E-12 1.3493E-12 1.3969E-12 1.4457E-12 1.4958E-12 1.5472E-12 1.5998E-12 1.6537E-12 1.7090E-12 1.7655E-12 1.8234E-12 1.8826E-12 1.9431E-12 2.0050E-12 2.0682E-12 2.1328E-12 2.1987E-12 2.2660E-12 2.3346E-12 2.4046E-12 2.4759E-12 2.5486E-12 2.6227E-12 2.6980E-12 2.7747E-12 2.8527E-12 2.9321E-12
3.9584E-13 4.1366E-13 4.3214E-13 4.5131E-13 4.7119E-13 4.9180E-13 5.1316E-13 5.3528E-13 5.5819E-13 5.8190E-13 6.0644E-13 6.3182E-13 6.5807E-13 6.8519E-13 7.1322E-13 7.4218E-13 7.7207E-13 8.0293E-13 8.3477E-13 8.6761E-13 9.0148E-13 9.3637E-13 9.7233E-13 1.0094E-12 1.0475E-12 1.0867E-12 1.1271E-12 1.1686E-12 1.2113E-12 1.2552E-12 1.3002E-12 1.3465E-12 1.3940E-12 1.4427E-12 1.4927E-12 1.5440E-12 1.5965E-12 1.6503E-12 1.7054E-12 1.7619E-12 1.8196E-12 1.8787E-12 1.9391E-12 2.0008E-12 2.0639E-12 2.1284E-12 2.1942E-12 2.2613E-12 2.3298E-12 2.3996E-12 2.4708E-12 2.5434E-12 2.6172E-12 2.6924E-12 2.7690E-12 2.8468E-12 2.9260E-12
3.9490E-13 4.1268E-13 4.3112E-13 4.5024E-13 4.7008E-13 4.9064E-13 5.1195E-13 5.3402E-13 5.5687E-13 5.8053E-13 6.0501E-13 6.3033E-13 6.5651E-13 6.8357E-13 7.1154E-13 7.4042E-13 7.7025E-13 8.0103E-13 8.3279E-13 8.6556E-13 8.9934E-13 9.3416E-13 9.7003E-13 1.0070E-12 1.0450E-12 1.0842E-12 1.1244E-12 1.1658E-12 1.2084E-12 1.2522E-12 1.2971E-12 1.3433E-12 1.3907E-12 1.4393E-12 1.4892E-12 1.5403E-12 1.5927E-12 1.6464E-12 1.7014E-12 1.7577E-12 1.8153E-12 1.8742E-12 1.9345E-12 1.9961E-12 2.0590E-12 2.1233E-12 2.1890E-12 2.2559E-12 2.3243E-12 2.3940E-12 2.4650E-12 2.5373E-12 2.6110E-12 2.6861E-12 2.7624E-12 2.8401E-12 2.9191E-12
3.9385E-13 4.1157E-13 4.2997E-13 4.4904E-13 4.6883E-13 4.8933E-13 5.1058E-13 5.3259E-13 5.5538E-13 5.7898E-13 6.0339E-13 6.2864E-13 6.5475E-13 6.8175E-13 7.0964E-13 7.3845E-13 7.6819E-13 7.9889E-13 8.3057E-13 8.6325E-13 8.9694E-13 9.3166E-13 9.6743E-13 1.0043E-12 1.0422E-12 1.0813E-12 1.1214E-12 1.1627E-12 1.2052E-12 1.2488E-12 1.2937E-12 1.3397E-12 1.3870E-12 1.4355E-12 1.4852E-12 1.5362E-12 1.5885E-12 1.6420E-12 1.6968E-12 1.7530E-12 1.8105E-12 1.8692E-12 1.9293E-12 1.9908E-12 2.0535E-12 2.1177E-12 2.1831E-12 2.2499E-12 2.3181E-12 2.3876E-12 2.4584E-12 2.5306E-12 2.6041E-12 2.6789E-12 2.7550E-12 2.8325E-12 2.9113E-12
3.9268E-13 4.1035E-13 4.2869E-13 4.4771E-13 4.6743E-13 4.8788E-13 5.0906E-13 5.3101E-13 5.5373E-13 5.7726E-13 6.0160E-13 6.2677E-13 6.5281E-13 6.7972E-13 7.0753E-13 7.3625E-13 7.6591E-13 7.9652E-13 8.2811E-13 8.6068E-13 8.9427E-13 9.2889E-13 9.6456E-13 1.0013E-12 1.0391E-12 1.0780E-12 1.1181E-12 1.1593E-12 1.2016E-12 1.2451E-12 1.2898E-12 1.3357E-12 1.3828E-12 1.4312E-12 1.4808E-12 1.5316E-12 1.5837E-12 1.6371E-12 1.6918E-12 1.7478E-12 1.8051E-12 1.8637E-12 1.9236E-12 1.9849E-12 2.0475E-12 2.1114E-12 2.1766E-12 2.2432E-12 2.3112E-12 2.3805E-12 2.4511E-12 2.5230E-12 2.5963E-12 2.6709E-12 2.7469E-12 2.8241E-12 2.9026E-12
3.9140E-13 4.0901E-13 4.2729E-13 4.4625E-13 4.6590E-13 4.8628E-13 5.0740E-13 5.2927E-13 5.5192E-13 5.7537E-13 5.9963E-13 6.2472E-13 6.5067E-13 6.7750E-13 7.0521E-13 7.3384E-13 7.6340E-13 7.9392E-13 8.2540E-13 8.5787E-13 8.9135E-13 9.2586E-13 9.6141E-13 9.9803E-13 1.0357E-12 1.0745E-12 1.1144E-12 1.1555E-12 1.1977E-12 1.2411E-12 1.2856E-12 1.3314E-12 1.3783E-12 1.4265E-12 1.4759E-12 1.5266E-12 1.5786E-12 1.6318E-12 1.6863E-12 1.7421E-12 1.7992E-12 1.8576E-12 1.9173E-12 1.9784E-12 2.0407E-12 2.1045E-12 2.1695E-12 2.2359E-12 2.3036E-12 2.3727E-12 2.4431E-12 2.5148E-12 2.5878E-12 2.6622E-12 2.7379E-12 2.8148E-12 2.8931E-12
3.9000E-13 4.0755E-13 4.2576E-13 4.4465E-13 4.6424E-13 4.8454E-13 5.0559E-13 5.2738E-13 5.4995E-13 5.7331E-13 5.9749E-13 6.2249E-13 6.4835E-13 6.7508E-13 7.0269E-13 7.3122E-13 7.6067E-13 7.9108E-13 8.2245E-13 8.5480E-13 8.8816E-13 9.2255E-13 9.5797E-13 9.9446E-13 1.0320E-12 1.0707E-12 1.1105E-12 1.1514E-12 1.1934E-12 1.2366E-12 1.2810E-12 1.3266E-12 1.3734E-12 1.4214E-12 1.4707E-12 1.5212E-12 1.5729E-12 1.6259E-12 1.6802E-12 1.7358E-12 1.7927E-12 1.8510E-12 1.9105E-12 1.9713E-12 2.0335E-12 2.0969E-12 2.1618E-12 2.2279E-12 2.2954E-12 2.3642E-12 2.4343E-12 2.5058E-12 2.5786E-12 2.6527E-12 2.7281E-12 2.8048E-12 2.8828E-12
3.8849E-13 4.0597E-13 4.2411E-13 4.4293E-13 4.6244E-13 4.8267E-13 5.0363E-13 5.2534E-13 5.4782E-13 5.7109E-13 5.9517E-13 6.2008E-13 6.4584E-13 6.7246E-13 6.9997E-13 7.2839E-13 7.5773E-13 7.8801E-13 8.1926E-13 8.5149E-13 8.8472E-13 9.1897E-13 9.5426E-13 9.9061E-13 1.0280E-12 1.0665E-12 1.1062E-12 1.1469E-12 1.1888E-12 1.2318E-12 1.2761E-12 1.3215E-12 1.3681E-12 1.4159E-12 1.4650E-12 1.5153E-12 1.5668E-12 1.6196E-12 1.6737E-12 1.7291E-12 1.7858E-12 1.8438E-12 1.9031E-12 1.9637E-12 2.0256E-12 2.0888E-12 2.1534E-12 2.2193E-12 2.2865E-12 2.3550E-12 2.4249E-12 2.4961E-12 2.5686E-12 2.6424E-12 2.7175E-12 2.7939E-12 2.8716E-12
3.8687E-13 4.0428E-13 4.2234E-13 4.4108E-13 4.6051E-13 4.8065E-13 5.0153E-13 5.2315E-13 5.4553E-13 5.6871E-13 5.9269E-13 6.1749E-13 6.4315E-13 6.6966E-13 6.9705E-13 7.2535E-13 7.5457E-13 7.8472E-13 8.1584E-13 8.4794E-13 8.8103E-13 9.1514E-13 9.5028E-13 9.8648E-13 1.0237E-12 1.0621E-12 1.1015E-12 1.1421E-12 1.1838E-12 1.2267E-12 1.2707E-12 1.3160E-12 1.3624E-12 1.4100E-12 1.4589E-12 1.5089E-12 1.5603E-12 1.6129E-12 1.6668E-12 1.7219E-12 1.7784E-12 1.8361E-12 1.8951E-12 1.9555E-12 2.0171E-12 2.0801E-12 2.1444E-12 2.2100E-12 2.2770E-12 2.3452E-12 2.4148E-12 2.4857E-12 2.5579E-12 2.6314E-12 2.7062E-12 2.7823E-12 2.8596E-12
3.8514E-13 4.0247E-13 4.2045E-13 4.3911E-13 4.5845E-13 4.7850E-13 4.9928E-13 5.2081E-13 5.4310E-13 5.6617E-13 5.9004E-13 6.1473E-13 6.4027E-13 6.6666E-13 6.9393E-13 7.2211E-13 7.5119E-13 7.8122E-13 8.1219E-13 8.4415E-13 8.7709E-13 9.1105E-13 9.4603E-13 9.8206E-13 1.0192E-12 1.0573E-12 1.0966E-12 1.1370E-12 1.1785E-12 1.2212E-12 1.2650E-12 1.3101E-12 1.3563E-12 1.4037E-12 1.4523E-12 1.5022E-12 1.5533E-12 1.6057E-12 1.6593E-12 1.7142E-12 1.7704E-12 1.8279E-12 1.8866E-12 1.9467E-12 2.0081E-12 2.0708E-12 2.1348E-12 2.2001E-12 2.2668E-12 2.3347E-12 2.4040E-12 2.4746E-12 2.5464E-12 2.6196E-12 2.6941E-12 2.7698E-12 2.8468E-12
3.8330E-13 4.0055E-13 4.1844E-13 4.3701E-13 4.5626E-13 4.7622E-13 4.9690E-13 5.1832E-13 5.4050E-13 5.6346E-13 5.8722E-13 6.1180E-13 6.3721E-13 6.6348E-13 6.9062E-13 7.1866E-13 7.4761E-13 7.7749E-13 8.0832E-13 8.4012E-13 8.7290E-13 9.0669E-13 9.4151E-13 9.7737E-13 1.0143E-12 1.0523E-12 1.0914E-12 1.1316E-12 1.1729E-12 1.2154E-12 1.2590E-12 1.3038E-12 1.3498E-12 1.3970E-12 1.4454E-12 1.4950E-12 1.5459E-12 1.5980E-12 1.6514E-12 1.7060E-12 1.7619E-12 1.8191E-12 1.8776E-12 1.9374E-12 1.9985E-12 2.0609E-12 2.1246E-12 2.1896E-12 2.2559E-12 2.3236E-12 2.3925E-12 2.4627E-12 2.5343E-12 2.6071E-12 2.6812E-12 2.7566E-12 2.8332E-12
3.8135E-13 3.9852E-13 4.1632E-13 4.3479E-13 4.5395E-13 4.7380E-13 4.9438E-13 5.1569E-13 5.3776E-13 5.6060E-13 5.8424E-13 6.0869E-13 6.3398E-13 6.6011E-13 6.8712E-13 7.1501E-13 7.4381E-13 7.7354E-13 8.0422E-13 8.3585E-13 8.6848E-13 9.0210E-13 9.3674E-13 9.7241E-13 1.0091E-12 1.0470E-12 1.0858E-12 1.1258E-12 1.1670E-12 1.2092E-12 1.2526E-12 1.2972E-12 1.3429E-12 1.3899E-12 1.4381E-12 1.4874E-12 1.5380E-12 1.5899E-12 1.6430E-12 1.6974E-12 1.7530E-12 1.8099E-12 1.8681E-12 1.9276E-12 1.9884E-12 2.0505E-12 2.1138E-12 2.1785E-12 2.2445E-12 2.3118E-12 2.3804E-12 2.4502E-12 2.5214E-12 2.5939E-12 2.6676E-12 2.7426E-12 2.8189E-12
3.7931E-13 3.9637E-13 4.1409E-13 4.3246E-13 4.5151E-13 4.7126E-13 4.9172E-13 5.1292E-13 5.3487E-13 5.5759E-13 5.8110E-13 6.0542E-13 6.3057E-13 6.5657E-13 6.8342E-13 7.1117E-13 7.3981E-13 7.6938E-13 7.9989E-13 8.3136E-13 8.6381E-13 8.9725E-13 9.3170E-13 9.6719E-13 1.0037E-12 1.0413E-12 1.0800E-12 1.1198E-12 1.1607E-12 1.2027E-12 1.2459E-12 1.2902E-12 1.3357E-12 1.3824E-12 1.4303E-12 1.4794E-12 1.5298E-12 1.5813E-12 1.6342E-12 1.6882E-12 1.7436E-12 1.8002E-12 1.8581E-12 1.9172E-12 1.9777E-12 2.0394E-12 2.1025E-12 2.1668E-12 2.2324E-12 2.2994E-12 2.3676E-12 2.4371E-12 2.5079E-12 2.5799E-12 2.6533E-12 2.7279E-12 2.8037E-12
3.7715E-13 3.9412E-13 4.1173E-13 4.3000E-13 4.4895E-13 4.6858E-13 4.8893E-13 5.1001E-13 5.3183E-13 5.5443E-13 5.7780E-13 6.0199E-13 6.2699E-13 6.5284E-13 6.7955E-13 7.0713E-13 7.3562E-13 7.6502E-13 7.9536E-13 8.2664E-13 8.5890E-13 8.9216E-13 9.2642E-13 9.6170E-13 9.9803E-13 1.0354E-12 1.0739E-12 1.1134E-12 1.1541E-12 1.1959E-12 1.2388E-12 1.2829E-12 1.3282E-12 1.3746E-12 1.4222E-12 1.4710E-12 1.5211E-12 1.5724E-12 1.6249E-12 1.6787E-12 1.7337E-12 1.7900E-12 1.8475E-12 1.9064E-12 1.9665E-12 2.0279E-12 2.0905E-12 2.1545E-12 2.2198E-12 2.2863E-12 2.3541E-12 2.4232E-12 2.4936E-12 2.5653E-12 2.6382E-12 2.7124E-12 2.7878E-12
3.7490E-13 3.9177E-13 4.0928E-13 4.2743E-13 4.4626E-13 4.6578E-13 4.8601E-13 5.0696E-13 5.2866E-13 5.5112E-13 5.7435E-13 5.9839E-13 6.2325E-13 6.4894E-13 6.7549E-13 7.0291E-13 7.3122E-13 7.6045E-13 7.9060E-13 8.2170E-13 8.5377E-13 8.8683E-13 9.2088E-13 9.5595E-13 9.9207E-13 1.0292E-12 1.0675E-12 1.1068E-12 1.1472E-12 1.1887E-12 1.2314E-12 1.2752E-12 1.3202E-12 1.3664E-12 1.4137E-12 1.4623E-12 1.5120E-12 1.5630E-12 1.6152E-12 1.6686E-12 1.7233E-12 1.7793E-12 1.8365E-12 1.8950E-12 1.9547E-12 2.0157E-12 2.0780E-12 2.1416E-12 2.2065E-12 2.2726E-12 2.3401E-12 2.4088E-12 2.4787E-12 2.5500E-12 2.6224E-12 2.6962E-12 2.7711E-12
3.7255E-13 3.8931E-13 4.0671E-13 4.2475E-13 4.4347E-13 4.6286E-13 4.8296E-13 5.0378E-13 5.2534E-13 5.4766E-13 5.7075E-13 5.9464E-13 6.1934E-13 6.4487E-13 6.7125E-13 6.9850E-13 7.2664E-13 7.5568E-13 7.8564E-13 8.1655E-13 8.4842E-13 8.8126E-13 9.1510E-13 9.4996E-13 9.8584E-13 1.0228E-12 1.0608E-12 1.0998E-12 1.1400E-12 1.1813E-12 1.2237E-12 1.2672E-12 1.3119E-12 1.3578E-12 1.4048E-12 1.4531E-12 1.5025E-12 1.5532E-12 1.6051E-12 1.6582E-12 1.7125E-12 1.7681E-12 1.8250E-12 1.8831E-12 1.9425E-12 2.0031E-12 2.0650E-12 2.1282E-12 2.1927E-12 2.2584E-12 2.3254E-12 2.3936E-12 2.4632E-12 2.5339E-12 2.6060E-12 2.6793E-12 2.7537E-12
3.7010E-13 3.8675E-13 4.0403E-13 4.2196E-13 4.4055E-13 4.5982E-13 4.7979E-13 5.0047E-13 5.2189E-13 5.4406E-13 5.6700E-13 5.9073E-13 6.1527E-13 6.4063E-13 6.6684E-13 6.9391E-13 7.2186E-13 7.5071E-13 7.8048E-13 8.1118E-13 8.4284E-13 8.7547E-13 9.0909E-13 9.4371E-13 9.7936E-13 1.0160E-12 1.0538E-12 1.0926E-12 1.1325E-12 1.1735E-12 1.2156E-12 1.2589E-12 1.3033E-12 1.3489E-12 1.3956E-12 1.4435E-12 1.4926E-12 1.5430E-12 1.5945E-12 1.6473E-12 1.7013E-12 1.7565E-12 1.8130E-12 1.8707E-12 1.9297E-12 1.9899E-12 2.0514E-12 2.1142E-12 2.1782E-12 2.2435E-12 2.3101E-12 2.3779E-12 2.4470E-12 2.5173E-12 2.5888E-12 2.6616E-12 2.7356E-12
3.6755E-13 3.8409E-13 4.0126E-13 4.1906E-13 4.3752E-13 4.5666E-13 4.7649E-13 4.9703E-13 5.1830E-13 5.4032E-13 5.6310E-13 5.8667E-13 6.1104E-13 6.3623E-13 6.6225E-13 6.8914E-13 7.1690E-13 7.4555E-13 7.7511E-13 8.0561E-13 8.3705E-13 8.6945E-13 9.0284E-13 9.3723E-13 9.7263E-13 1.0091E-12 1.0465E-12 1.0851E-12 1.1247E-12 1.1655E-12 1.2073E-12 1.2502E-12 1.2944E-12 1.3396E-12 1.3860E-12 1.4336E-12 1.4824E-12 1.5324E-12 1.5835E-12 1.6359E-12 1.6896E-12 1.7444E-12 1.8005E-12 1.8578E-12 1.9164E-12 1.9762E-12 2.0373E-12 2.0997E-12 2.1633E-12 2.2281E-12 2.2942E-12 2.3616E-12 2.4302E-12 2.5000E-12 2.5710E-12 2.6433E-12 2.7168E-12
3.6492E-13 3.8134E-13 3.9838E-13 4.1606E-13 4.3438E-13 4.5338E-13 4.7307E-13 4.9347E-13 5.1458E-13 5.3644E-13 5.5906E-13 5.8246E-13 6.0665E-13 6.3166E-13 6.5750E-13 6.8419E-13 7.1175E-13 7.4020E-13 7.6955E-13 7.9983E-13 8.3104E-13 8.6321E-13 8.9636E-13 9.3050E-13 9.6565E-13 1.0018E-12 1.0390E-12 1.0773E-12 1.1167E-12 1.1571E-12 1.1986E-12 1.2413E-12 1.2851E-12 1.3300E-12 1.3761E-12 1.4233E-12 1.4718E-12 1.5214E-12 1.5722E-12 1.6242E-12 1.6774E-12 1.7319E-12 1.7876E-12 1.8445E-12 1.9027E-12 1.9621E-12 2.0227E-12 2.0846E-12 2.1478E-12 2.2121E-12 2.2778E-12 2.3446E-12 2.4127E-12 2.4821E-12 2.5526E-12 2.6244E-12 2.6973E-12
3.6219E-13 3.7849E-13 3.9540E-13 4.1295E-13 4.3114E-13 4.5000E-13 4.6954E-13 4.8978E-13 5.1074E-13 5.3243E-13 5.5488E-13 5.7811E-13 6.0212E-13 6.2694E-13 6.5259E-13 6.7908E-13 7.0644E-13 7.3467E-13 7.6380E-13 7.9385E-13 8.2483E-13 8.5676E-13 8.8966E-13 9.2355E-13 9.5844E-13 9.9434E-13 1.0313E-12 1.0693E-12 1.1083E-12 1.1484E-12 1.1897E-12 1.2320E-12 1.2755E-12 1.3201E-12 1.3658E-12 1.4127E-12 1.4608E-12 1.5100E-12 1.5604E-12 1.6121E-12 1.6649E-12 1.7190E-12 1.7742E-12 1.8307E-12 1.8884E-12 1.9474E-12 2.0076E-12 2.0690E-12 2.1317E-12 2.1956E-12 2.2607E-12 2.3271E-12 2.3947E-12 2.4635E-12 2.5335E-12 2.6048E-12 2.6772E-12
