Assets/Resources/2015_m01_d15_0100(utc+0800)_l00_csi_1hr_conc.grd
DSAA
         159         159
     -79.000      79.000
     -79.000      79.000
  0.0000E+00  0.6968E-05
[rows 0 to 24 of 159, columns 57 to 113 of 159]
5.9039E-09 5.9078E-09 5.9064E-09 5.8994E-09 5.8862E-09 5.8691E-09 5.8463E-09 5.8173E-09 5.7859E-09 5.7495E-09 5.7082E-09 5.6638E-09 5.6159E-09 5.5645E-09 5.5107E-09 5.4520E-09 5.3934E-09 5.3302E-09 5.2661E-09 5.1993E-09 5.1293E-09 5.0608E-09 4.9877E-09 4.9131E-09 4.8399E-09 4.7631E-09 4.6862E-09 4.6090E-09 4.5299E-09 4.4510E-09 4.3715E-09 4.2912E-09 4.2107E-09 4.1302E-09 4.0504E-09 3.9714E-09 3.8935E-09 3.8168E-09 3.7421E-09 3.6679E-09 3.5946E-09 3.5226E-09 3.4515E-09 3.3814E-09 3.3116E-09 3.2408E-09 3.1693E-09 3.0995E-09 3.0294E-09 2.9594E-09 2.8874E-09 2.8173E-09 2.7470E-09 2.6767E-09 2.6048E-09 2.5348E-09 2.4652E-09
5.9986E-09 6.0033E-09 6.0027E-09 5.9963E-09 5.9843E-09 5.9669E-09 5.9437E-09 5.9163E-09 5.8842E-09 5.8470E-09 5.8070E-09 5.7624E-09 5.7134E-09 5.6623E-09 5.6067E-09 5.5495E-09 5.4888E-09 5.4256E-09 5.3608E-09 5.2918E-09 5.2234E-09 5.1515E-09 5.0772E-09 5.0047E-09 4.9279E-09 4.8499E-09 4.7728E-09 4.6931E-09 4.6126E-09 4.5320E-09 4.4521E-09 4.3703E-09 4.2883E-09 4.2063E-09 4.1254E-09 4.0448E-09 3.9651E-09 3.8868E-09 3.8095E-09 3.7336E-09 3.6587E-09 3.5851E-09 3.5123E-09 3.4409E-09 3.3697E-09 3.2972E-09 3.2263E-09 3.1554E-09 3.0841E-09 3.0129E-09 2.9415E-09 2.8683E-09 2.7968E-09 2.7239E-09 2.6525E-09 2.5780E-09 2.5071E-09
6.0900E-09 6.0964E-09 6.0967E-09 6.0910E-09 6.0796E-09 6.0628E-09 6.0399E-09 6.0135E-09 5.9809E-09 5.9445E-09 5.9038E-09 5.8583E-09 5.8105E-09 5.7585E-09 5.7032E-09 5.6456E-09 5.5837E-09 5.5212E-09 5.4537E-09 5.3859E-09 5.3155E-09 5.2419E-09 5.1699E-09 5.0932E-09 5.0152E-09 4.9386E-09 4.8585E-09 4.7774E-09 4.6967E-09 4.6143E-09 4.5314E-09 4.4494E-09 4.3660E-09 4.2836E-09 4.2005E-09 4.1182E-09 4.0377E-09 3.9577E-09 3.8787E-09 3.7995E-09 3.7229E-09 3.6486E-09 3.5743E-09 3.5014E-09 3.4289E-09 3.3570E-09 3.2850E-09 3.2129E-09 3.1405E-09 3.0665E-09 2.9925E-09 2.9167E-09 2.8441E-09 2.7713E-09 2.6987E-09 2.6244E-09 2.5522E-09
6.1793E-09 6.1868E-09 6.1881E-09 6.1833E-09 6.1727E-09 6.1558E-09 6.1349E-09 6.1083E-09 6.0759E-09 6.0397E-09 5.9991E-09 5.9544E-09 5.9066E-09 5.8536E-09 5.7988E-09 5.7394E-09 5.6792E-09 5.6143E-09 5.5474E-09 5.4790E-09 5.4065E-09 5.3354E-09 5.2593E-09 5.1816E-09 5.1052E-09 5.0257E-09 4.9444E-09 4.8638E-09 4.7808E-09 4.6971E-09 4.6140E-09 4.5294E-09 4.4455E-09 4.3605E-09 4.2763E-09 4.1924E-09 4.1094E-09 4.0276E-09 3.9470E-09 3.8676E-09 3.7906E-09 3.7137E-09 3.6380E-09 3.5622E-09 3.4868E-09 3.4134E-09 3.3401E-09 3.2666E-09 3.1912E-09 3.1175E-09 3.0438E-09 2.9700E-09 2.8961E-09 2.8222E-09 2.7467E-09 2.6711E-09 2.5961E-09
6.2663E-09 6.2751E-09 6.2767E-09 6.2730E-09 6.2633E-09 6.2479E-09 6.2271E-09 6.2002E-09 6.1691E-09 6.1340E-09 6.0929E-09 6.0491E-09 6.0006E-09 5.9491E-09 5.8928E-09 5.8346E-09 5.7727E-09 5.7072E-09 5.6414E-09 5.5704E-09 5.4998E-09 5.4254E-09 5.3484E-09 5.2732E-09 5.1933E-09 5.1120E-09 5.0318E-09 4.9485E-09 4.8643E-09 4.7804E-09 4.6955E-09 4.6096E-09 4.5239E-09 4.4375E-09 4.3512E-09 4.2662E-09 4.1816E-09 4.0980E-09 4.0157E-09 3.9345E-09 3.8555E-09 3.7769E-09 3.6996E-09 3.6234E-09 3.5483E-09 3.4735E-09 3.3991E-09 3.3245E-09 3.2498E-09 3.1749E-09 3.1001E-09 3.0234E-09 2.9466E-09 2.8698E-09 2.7932E-09 2.7182E-09 2.6418E-09
6.3502E-09 6.3587E-09 6.3625E-09 6.3607E-09 6.3513E-09 6.3369E-09 6.3169E-09 6.2907E-09 6.2609E-09 6.2248E-09 6.1857E-09 6.1415E-09 6.0939E-09 6.0419E-09 5.9862E-09 5.9280E-09 5.8645E-09 5.8017E-09 5.7327E-09 5.6632E-09 5.5909E-09 5.5151E-09 5.4408E-09 5.3615E-09 5.2806E-09 5.2006E-09 5.1172E-09 5.0334E-09 4.9497E-09 4.8636E-09 4.7768E-09 4.6914E-09 4.6039E-09 4.5162E-09 4.4284E-09 4.3417E-09 4.2554E-09 4.1711E-09 4.0872E-09 4.0044E-09 3.9230E-09 3.8428E-09 3.7639E-09 3.6871E-09 3.6107E-09 3.5345E-09 3.4589E-09 3.3813E-09 3.3055E-09 3.2278E-09 3.1488E-09 3.0725E-09 2.9963E-09 2.9199E-09 2.8435E-09 2.7637E-09 2.6876E-09
6.4290E-09 6.4399E-09 6.4466E-09 6.4438E-09 6.4365E-09 6.4232E-09 6.4033E-09 6.3796E-09 6.3499E-09 6.3152E-09 6.2759E-09 6.2329E-09 6.1851E-09 6.1333E-09 6.0786E-09 6.0189E-09 5.9583E-09 5.8925E-09 5.8246E-09 5.7549E-09 5.6807E-09 5.6078E-09 5.5296E-09 5.4495E-09 5.3707E-09 5.2877E-09 5.2032E-09 5.1200E-09 5.0335E-09 4.9462E-09 4.8599E-09 4.7715E-09 4.6826E-09 4.5944E-09 4.5057E-09 4.4176E-09 4.3298E-09 4.2428E-09 4.1573E-09 4.0727E-09 3.9904E-09 3.9084E-09 3.8280E-09 3.7470E-09 3.6690E-09 3.5913E-09 3.5143E-09 3.4371E-09 3.3601E-09 3.2827E-09 3.2055E-09 3.1280E-09 3.0490E-09 2.9715E-09 2.8922E-09 2.8147E-09 2.7357E-09
6.5041E-09 6.5199E-09 6.5251E-09 6.5246E-09 6.5186E-09 6.5066E-09 6.4887E-09 6.4653E-09 6.4365E-09 6.4027E-09 6.3649E-09 6.3218E-09 6.2745E-09 6.2239E-09 6.1688E-09 6.1109E-09 6.0489E-09 5.9830E-09 5.9166E-09 5.8445E-09 5.7728E-09 5.6968E-09 5.6180E-09 5.5402E-09 5.4579E-09 5.3739E-09 5.2909E-09 5.2051E-09 5.1176E-09 5.0292E-09 4.9418E-09 4.8528E-09 4.7627E-09 4.6734E-09 4.5828E-09 4.4925E-09 4.4043E-09 4.3157E-09 4.2285E-09 4.1423E-09 4.0575E-09 3.9748E-09 3.8927E-09 3.8117E-09 3.7321E-09 3.6531E-09 3.5748E-09 3.4965E-09 3.4182E-09 3.3397E-09 3.2595E-09 3.1810E-09 3.1006E-09 3.0219E-09 2.9398E-09 2.8594E-09 2.7807E-09
6.5794E-09 6.5932E-09 6.6000E-09 6.6019E-09 6.5983E-09 6.5869E-09 6.5704E-09 6.5482E-09 6.5206E-09 6.4878E-09 6.4518E-09 6.4096E-09 6.3630E-09 6.3130E-09 6.2583E-09 6.2008E-09 6.1376E-09 6.0741E-09 6.0055E-09 5.9355E-09 5.8623E-09 5.7853E-09 5.7090E-09 5.6278E-09 5.5448E-09 5.4624E-09 5.3770E-09 5.2896E-09 5.2010E-09 5.1140E-09 5.0238E-09 4.9328E-09 4.8440E-09 4.7524E-09 4.6604E-09 4.5698E-09 4.4787E-09 4.3895E-09 4.3006E-09 4.2128E-09 4.1263E-09 4.0411E-09 3.9580E-09 3.8754E-09 3.7942E-09 3.7139E-09 3.6342E-09 3.5546E-09 3.4733E-09 3.3920E-09 3.3123E-09 3.2325E-09 3.1527E-09 3.0728E-09 2.9910E-09 2.9111E-09 2.8311E-09
6.6469E-09 6.6625E-09 6.6735E-09 6.6774E-09 6.6731E-09 6.6641E-09 6.6499E-09 6.6283E-09 6.6029E-09 6.5721E-09 6.5357E-09 6.4944E-09 6.4495E-09 6.3996E-09 6.3464E-09 6.2879E-09 6.2273E-09 6.1627E-09 6.0950E-09 6.0252E-09 5.9504E-09 5.8755E-09 5.7967E-09 5.7150E-09 5.6332E-09 5.5492E-09 5.4623E-09 5.3740E-09 5.2877E-09 5.1973E-09 5.1060E-09 5.0164E-09 4.9239E-09 4.8309E-09 4.7388E-09 4.6456E-09 4.5536E-09 4.4619E-09 4.3718E-09 4.2824E-09 4.1941E-09 4.1072E-09 4.0215E-09 3.9382E-09 3.8552E-09 3.7735E-09 3.6922E-09 3.6115E-09 3.5306E-09 3.4498E-09 3.3688E-09 3.2879E-09 3.2068E-09 3.1241E-09 3.0428E-09 2.9582E-09 2.8770E-09
6.7099E-09 6.7299E-09 6.7426E-09 6.7467E-09 6.7450E-09 6.7395E-09 6.7254E-09 6.7063E-09 6.6823E-09 6.6523E-09 6.6179E-09 6.5779E-09 6.5333E-09 6.4851E-09 6.4320E-09 6.3757E-09 6.3151E-09 6.2501E-09 6.1843E-09 6.1124E-09 6.0395E-09 5.9635E-09 5.8838E-09 5.8029E-09 5.7209E-09 5.6350E-09 5.5474E-09 5.4616E-09 5.3714E-09 5.2800E-09 5.1901E-09 5.0971E-09 5.0041E-09 4.9117E-09 4.8173E-09 4.7227E-09 4.6285E-09 4.5372E-09 4.4449E-09 4.3539E-09 4.2639E-09 4.1754E-09 4.0880E-09 4.0021E-09 3.9174E-09 3.8351E-09 3.7523E-09 3.6704E-09 3.5882E-09 3.5062E-09 3.4240E-09 3.3420E-09 3.2561E-09 3.1740E-09 3.0916E-09 3.0091E-09 2.9267E-09
6.7717E-09 6.7927E-09 6.8059E-09 6.8120E-09 6.8158E-09 6.8089E-09 6.7975E-09 6.7810E-09 6.7580E-09 6.7296E-09 6.6968E-09 6.6582E-09 6.6157E-09 6.5687E-09 6.5166E-09 6.4613E-09 6.3998E-09 6.3378E-09 6.2703E-09 6.1999E-09 6.1274E-09 6.0502E-09 5.9709E-09 5.8913E-09 5.8070E-09 5.7206E-09 5.6357E-09 5.5461E-09 5.4551E-09 5.3659E-09 5.2728E-09 5.1787E-09 5.0857E-09 4.9910E-09 4.8953E-09 4.7993E-09 4.7049E-09 4.6100E-09 4.5166E-09 4.4239E-09 4.3340E-09 4.2438E-09 4.1547E-09 4.0672E-09 3.9808E-09 3.8961E-09 3.8118E-09 3.7267E-09 3.6445E-09 3.5613E-09 3.4778E-09 3.3946E-09 3.3112E-09 3.2278E-09 3.1427E-09 3.0590E-09 2.9736E-09
6.8267E-09 6.8493E-09 6.8647E-09 6.8775E-09 6.8793E-09 6.8754E-09 6.8678E-09 6.8517E-09 6.8306E-09 6.8048E-09 6.7738E-09 6.7368E-09 6.6958E-09 6.6494E-09 6.5993E-09 6.5436E-09 6.4854E-09 6.4229E-09 6.3561E-09 6.2877E-09 6.2137E-09 6.1369E-09 6.0605E-09 5.9784E-09 5.8939E-09 5.8105E-09 5.7222E-09 5.6320E-09 5.5435E-09 5.4507E-09 5.3567E-09 5.2629E-09 5.1691E-09 5.0728E-09 4.9759E-09 4.8806E-09 4.7837E-09 4.6873E-09 4.5917E-09 4.4989E-09 4.4066E-09 4.3148E-09 4.2241E-09 4.1349E-09 4.0468E-09 3.9603E-09 3.8757E-09 3.7909E-09 3.7062E-09 3.6218E-09 3.5373E-09 3.4528E-09 3.3683E-09 3.2838E-09 3.1954E-09 3.1106E-09 3.0258E-09
6.8760E-09 6.9011E-09 6.9234E-09 6.9345E-09 6.9387E-09 6.9406E-09 6.9319E-09 6.9188E-09 6.9007E-09 6.8771E-09 6.8471E-09 6.8129E-09 6.7728E-09 6.7287E-09 6.6793E-09 6.6256E-09 6.5691E-09 6.5062E-09 6.4422E-09 6.3728E-09 6.2994E-09 6.2254E-09 6.1467E-09 6.0645E-09 5.9826E-09 5.8966E-09 5.8079E-09 5.7199E-09 5.6285E-09 5.5349E-09 5.4413E-09 5.3475E-09 5.2513E-09 5.1540E-09 5.0586E-09 4.9603E-09 4.8620E-09 4.7641E-09 4.6683E-09 4.5723E-09 4.4774E-09 4.3848E-09 4.2935E-09 4.2026E-09 4.1129E-09 4.0247E-09 3.9377E-09 3.8513E-09 3.7653E-09 3.6793E-09 3.5935E-09 3.5076E-09 3.4218E-09 3.3356E-09 3.2495E-09 3.1632E-09 3.0771E-09
6.9202E-09 6.9525E-09 6.9734E-09 6.9871E-09 6.9981E-09 6.9986E-09 6.9930E-09 6.9840E-09 6.9675E-09 6.9454E-09 6.9184E-09 6.8853E-09 6.8480E-09 6.8049E-09 6.7582E-09 6.7065E-09 6.6497E-09 6.5897E-09 6.5257E-09 6.4565E-09 6.3858E-09 6.3111E-09 6.2320E-09 6.1521E-09 6.0691E-09 5.9824E-09 5.8954E-09 5.8059E-09 5.7139E-09 5.6197E-09 5.5277E-09 5.4311E-09 5.3335E-09 5.2377E-09 5.1388E-09 5.0399E-09 4.9401E-09 4.8428E-09 4.7443E-09 4.6466E-09 4.5501E-09 4.4554E-09 4.3613E-09 4.2684E-09 4.1770E-09 4.0868E-09 3.9981E-09 3.9100E-09 3.8225E-09 3.7352E-09 3.6481E-09 3.5609E-09 3.4740E-09 3.3871E-09 3.3001E-09 3.2127E-09 3.1252E-09
6.9635E-09 6.9947E-09 7.0183E-09 7.0392E-09 7.0490E-09 7.0519E-09 7.0528E-09 7.0438E-09 7.0298E-09 7.0108E-09 6.9856E-09 6.9557E-09 6.9197E-09 6.8800E-09 6.8354E-09 6.7846E-09 6.7300E-09 6.6719E-09 6.6077E-09 6.5411E-09 6.4713E-09 6.3960E-09 6.3188E-09 6.2395E-09 6.1554E-09 6.0706E-09 5.9838E-09 5.8929E-09 5.8000E-09 5.7089E-09 5.6131E-09 5.5163E-09 5.4199E-09 5.3214E-09 5.2215E-09 5.1214E-09 5.0225E-09 4.9219E-09 4.8219E-09 4.7225E-09 4.6252E-09 4.5279E-09 4.4320E-09 4.3372E-09 4.2440E-09 4.1527E-09 4.0623E-09 3.9725E-09 3.8835E-09 3.7946E-09 3.7061E-09 3.6175E-09 3.5290E-09 3.4403E-09 3.3516E-09 3.2626E-09 3.1738E-09
6.9974E-09 7.0315E-09 7.0627E-09 7.0826E-09 7.0953E-09 7.1054E-09 7.1048E-09 7.0996E-09 7.0892E-09 7.0721E-09 7.0495E-09 7.0232E-09 6.9901E-09 6.9527E-09 6.9095E-09 6.8609E-09 6.8091E-09 6.7513E-09 6.6890E-09 6.6252E-09 6.5544E-09 6.4807E-09 6.4063E-09 6.3257E-09 6.2427E-09 6.1592E-09 6.0705E-09 5.9797E-09 5.8905E-09 5.7958E-09 5.6994E-09 5.6034E-09 5.5059E-09 5.4059E-09 5.3049E-09 5.2054E-09 5.1034E-09 5.0014E-09 4.8998E-09 4.7998E-09 4.6999E-09 4.6018E-09 4.5040E-09 4.4074E-09 4.3123E-09 4.2183E-09 4.1267E-09 4.0353E-09 3.9447E-09 3.8543E-09 3.7641E-09 3.6740E-09 3.5840E-09 3.4940E-09 3.4040E-09 3.3138E-09 3.2236E-09
7.0255E-09 7.0674E-09 7.0978E-09 7.1208E-09 7.1410E-09 7.1503E-09 7.1534E-09 7.1532E-09 7.1439E-09 7.1298E-09 7.1121E-09 7.0872E-09 7.0577E-09 7.0221E-09 6.9809E-09 6.9356E-09 6.8850E-09 6.8282E-09 6.7697E-09 6.7048E-09 6.6357E-09 6.5653E-09 6.4893E-09 6.4092E-09 6.3289E-09 6.2443E-09 6.1557E-09 6.0680E-09 5.9759E-09 5.8809E-09 5.7847E-09 5.6885E-09 5.5888E-09 5.4879E-09 5.3874E-09 5.2855E-09 5.1823E-09 5.0789E-09 4.9775E-09 4.8751E-09 4.7735E-09 4.6736E-09 4.5740E-09 4.4755E-09 4.3784E-09 4.2825E-09 4.1882E-09 4.0950E-09 4.0031E-09 3.9113E-09 3.8197E-09 3.7281E-09 3.6369E-09 3.5460E-09 3.4548E-09 3.3633E-09 3.2716E-09
7.0524E-09 7.0936E-09 7.1275E-09 7.1584E-09 7.1777E-09 7.1902E-09 7.2002E-09 7.1996E-09 7.1956E-09 7.1859E-09 7.1699E-09 7.1488E-09 7.1218E-09 7.0891E-09 7.0507E-09 7.0080E-09 6.9580E-09 6.9056E-09 6.8480E-09 6.7841E-09 6.7181E-09 6.6477E-09 6.5722E-09 6.4956E-09 6.4150E-09 6.3300E-09 6.2440E-09 6.1548E-09 6.0618E-09 5.9665E-09 5.8723E-09 5.7736E-09 5.6733E-09 5.5723E-09 5.4711E-09 5.3684E-09 5.2641E-09 5.1605E-09 5.0567E-09 4.9528E-09 4.8495E-09 4.7471E-09 4.6465E-09 4.5462E-09 4.4471E-09 4.3494E-09 4.2541E-09 4.1591E-09 4.0648E-09 3.9712E-09 3.8778E-09 3.7847E-09 3.6916E-09 3.5987E-09 3.5058E-09 3.4130E-09 3.3200E-09
7.0692E-09 7.1144E-09 7.1562E-09 7.1864E-09 7.2091E-09 7.2296E-09 7.2394E-09 7.2436E-09 7.2436E-09 7.2367E-09 7.2237E-09 7.2065E-09 7.1834E-09 7.1527E-09 7.1180E-09 7.0765E-09 7.0308E-09 6.9795E-09 6.9228E-09 6.8621E-09 6.7982E-09 6.7281E-09 6.6556E-09 6.5800E-09 6.4986E-09 6.4153E-09 6.3299E-09 6.2396E-09 6.1466E-09 6.0542E-09 5.9570E-09 5.8578E-09 5.7570E-09 5.6576E-09 5.5543E-09 5.4506E-09 5.3461E-09 5.2406E-09 5.1353E-09 5.0298E-09 4.9248E-09 4.8207E-09 4.7192E-09 4.6172E-09 4.5162E-09 4.4166E-09 4.3182E-09 4.2225E-09 4.1263E-09 4.0310E-09 3.9359E-09 3.8412E-09 3.7465E-09 3.6522E-09 3.5579E-09 3.4637E-09 3.3694E-09
7.0800E-09 7.1334E-09 7.1749E-09 7.2088E-09 7.2404E-09 7.2599E-09 7.2738E-09 7.2846E-09 7.2866E-09 7.2834E-09 7.2750E-09 7.2614E-09 7.2407E-09 7.2141E-09 7.1822E-09 7.1432E-09 7.1004E-09 7.0509E-09 6.9965E-09 6.9392E-09 6.8761E-09 6.8088E-09 6.7382E-09 6.6615E-09 6.5818E-09 6.5010E-09 6.4141E-09 6.3241E-09 6.2335E-09 6.1392E-09 6.0420E-09 5.9429E-09 5.8446E-09 5.7420E-09 5.6383E-09 5.5333E-09 5.4280E-09 5.3210E-09 5.2147E-09 5.1086E-09 5.0022E-09 4.8964E-09 4.7921E-09 4.6889E-09 4.5864E-09 4.4849E-09 4.3845E-09 4.2857E-09 4.1885E-09 4.0917E-09 3.9948E-09 3.8984E-09 3.8022E-09 3.7063E-09 3.6103E-09 3.5145E-09 3.4187E-09
7.0892E-09 7.1426E-09 7.1877E-09 7.2304E-09 7.2614E-09 7.2850E-09 7.3071E-09 7.3185E-09 7.3253E-09 7.3275E-09 7.3223E-09 7.3116E-09 7.2949E-09 7.2719E-09 7.2417E-09 7.2074E-09 7.1668E-09 7.1198E-09 7.0699E-09 7.0140E-09 6.9524E-09 6.8878E-09 6.8175E-09 6.7421E-09 6.6660E-09 6.5840E-09 6.4977E-09 6.4097E-09 6.3192E-09 6.2248E-09 6.1281E-09 6.0308E-09 5.9302E-09 5.8269E-09 5.7228E-09 5.6178E-09 5.5108E-09 5.4036E-09 5.2961E-09 5.1888E-09 5.0807E-09 4.9732E-09 4.8664E-09 4.7617E-09 4.6568E-09 4.5533E-09 4.4509E-09 4.3501E-09 4.2501E-09 4.1511E-09 4.0526E-09 3.9547E-09 3.8569E-09 3.7594E-09 3.6621E-09 3.5649E-09 3.4678E-09
7.0878E-09 7.1450E-09 7.1993E-09 7.2422E-09 7.2770E-09 7.3102E-09 7.3321E-09 7.3483E-09 7.3612E-09 7.3657E-09 7.3648E-09 7.3585E-09 7.3451E-09 7.3254E-09 7.2996E-09 7.2683E-09 7.2307E-09 7.1881E-09 7.1406E-09 7.0856E-09 7.0279E-09 6.9648E-09 6.8954E-09 6.8240E-09 6.7479E-09 6.6663E-09 6.5816E-09 6.4961E-09 6.4051E-09 6.3108E-09 6.2157E-09 6.1172E-09 6.0161E-09 5.9123E-09 5.8094E-09 5.7031E-09 5.5958E-09 5.4871E-09 5.3775E-09 5.2688E-09 5.1592E-09 5.0501E-09 4.9416E-09 4.8351E-09 4.7283E-09 4.6227E-09 4.5184E-09 4.4154E-09 4.3135E-09 4.2125E-09 4.1133E-09 4.0134E-09 3.9140E-09 3.8148E-09 3.7161E-09 3.6176E-09 3.5193E-09
7.0802E-09 7.1461E-09 7.2005E-09 7.2479E-09 7.2925E-09 7.3255E-09 7.3515E-09 7.3762E-09 7.3907E-09 7.3998E-09 7.4033E-09 7.4010E-09 7.3918E-09 7.3754E-09 7.3542E-09 7.3268E-09 7.2922E-09 7.2535E-09 7.2075E-09 7.1568E-09 7.1010E-09 7.0394E-09 6.9737E-09 6.9043E-09 6.8282E-09 6.7482E-09 6.6673E-09 6.5811E-09 6.4906E-09 6.3979E-09 6.3028E-09 6.2040E-09 6.1029E-09 6.0004E-09 5.8957E-09 5.7883E-09 5.6806E-09 5.5706E-09 5.4598E-09 5.3498E-09 5.2389E-09 5.1281E-09 5.0179E-09 4.9083E-09 4.8009E-09 4.6933E-09 4.5883E-09 4.4832E-09 4.3795E-09 4.2763E-09 4.1740E-09 4.0729E-09 3.9726E-09 3.8718E-09 3.7715E-09 3.6715E-09 3.5718E-09
7.0701E-09 7.1364E-09 7.1957E-09 7.2533E-09 7.2977E-09 7.3347E-09 7.3708E-09 7.3954E-09 7.4152E-09 7.4301E-09 7.4373E-09 7.4385E-09 7.4332E-09 7.4227E-09 7.4056E-09 7.3806E-09 7.3515E-09 7.3155E-09 7.2728E-09 7.2253E-09 7.1724E-09 7.1132E-09 7.0507E-09 6.9819E-09 6.9084E-09 6.8320E-09 6.7518E-09 6.6660E-09 6.5759E-09 6.4858E-09 6.3897E-09 6.2910E-09 6.1902E-09 6.0875E-09 5.9821E-09 5.8741E-09 5.7658E-09 5.6550E-09 5.5431E-09 5.4319E-09 5.3195E-09 5.2072E-09 5.0955E-09 4.9854E-09 4.8749E-09 4.7654E-09 4.6585E-09 4.5512E-09 4.4454E-09 4.3403E-09 4.2361E-09 4.1324E-09 4.0295E-09 3.9271E-09 3.8257E-09 3.7242E-09 3.6231E-09
