Assets/Resources/2015_m01_d20_0500(utc+0800)_l00_csi_1hr_conc.grd
DSAA
         159         159
     -79.000      79.000
     -79.000      79.000
  0.0000E+00  0.3099E-04
[rows 125 to 149 of 159, columns 57 to 113 of 159]
5.6731E-10 5.8393E-10 5.9867E-10 6.1218E-10 6.2542E-10 6.4259E-10 6.5581E-10 6.6877E-10 6.8153E-10 6.9720E-10 7.1104E-10 7.2367E-10 7.3603E-10 7.5472E-10 7.6735E-10 7.7973E-10 7.9870E-10 8.1133E-10 8.2598E-10 8.3834E-10 8.5289E-10 8.6730E-10 8.7932E-10 8.9351E-10 9.0518E-10 9.1910E-10 9.3037E-10 9.4407E-10 9.5494E-10 9.6541E-10 9.8053E-10 9.9080E-10 1.0060E-09 1.0161E-09 1.0259E-09 1.0401E-09 1.0516E-09 1.0610E-09 1.0699E-09 1.0784E-09 1.0908E-09 1.0989E-09 1.1064E-09 1.1166E-09 1.1234E-09 1.1292E-09 1.1342E-09 1.1429E-09 1.1465E-09 1.1548E-09 1.1572E-09 1.1588E-09 1.1594E-09 1.1590E-09 1.1666E-09 1.1653E-09 1.1631E-09
5.4554E-10 5.5949E-10 5.7550E-10 5.8847E-10 6.0112E-10 6.1654E-10 6.3016E-10 6.4262E-10 6.5489E-10 6.6695E-10 6.8316E-10 6.9529E-10 7.0718E-10 7.2346E-10 7.3710E-10 7.4899E-10 7.6702E-10 7.7914E-10 7.9261E-10 8.0501E-10 8.1890E-10 8.3045E-10 8.4418E-10 8.5540E-10 8.6890E-10 8.7975E-10 8.9297E-10 9.0342E-10 9.1643E-10 9.2645E-10 9.4077E-10 9.5061E-10 9.6004E-10 9.7325E-10 9.8397E-10 9.9289E-10 1.0066E-09 1.0153E-09 1.0236E-09 1.0339E-09 1.0435E-09 1.0532E-09 1.0604E-09 1.0671E-09 1.0730E-09 1.0816E-09 1.0863E-09 1.0900E-09 1.0929E-09 1.0950E-09 1.0960E-09 1.1019E-09 1.1085E-09 1.1080E-09 1.1067E-09 1.1040E-09 1.1011E-09
5.2451E-10 5.3690E-10 5.5313E-10 5.6553E-10 5.7763E-10 5.8951E-10 6.0540E-10 6.1737E-10 6.2918E-10 6.4077E-10 6.5625E-10 6.6790E-10 6.7934E-10 6.9053E-10 7.0792E-10 7.1934E-10 7.3050E-10 7.4643E-10 7.5949E-10 7.7230E-10 7.8496E-10 7.9660E-10 8.0973E-10 8.2107E-10 8.3333E-10 8.4433E-10 8.5629E-10 8.6694E-10 8.7863E-10 8.8892E-10 8.9814E-10 9.1066E-10 9.2092E-10 9.3343E-10 9.4216E-10 9.5051E-10 9.6162E-10 9.7337E-10 9.8130E-10 9.8878E-10 9.9579E-10 1.0072E-09 1.0137E-09 1.0197E-09 1.0279E-09 1.0325E-09 1.0364E-09 1.0395E-09 1.0460E-09 1.0477E-09 1.0486E-09 1.0486E-09 1.0476E-09 1.0454E-09 1.0430E-09 1.0475E-09 1.0511E-09
5.0417E-10 5.1603E-10 5.3060E-10 5.4335E-10 5.5495E-10 5.6633E-10 5.8150E-10 5.9301E-10 6.0435E-10 6.1551E-10 6.2646E-10 6.4148E-10 6.5247E-10 6.6323E-10 6.7825E-10 6.9072E-10 7.0145E-10 7.1661E-10 7.2737E-10 7.3890E-10 7.5195E-10 7.6395E-10 7.7417E-10 7.8667E-10 7.9731E-10 8.0956E-10 8.1912E-10 8.3112E-10 8.4027E-10 8.5204E-10 8.6079E-10 8.7257E-10 8.8197E-10 8.9007E-10 9.0049E-10 9.1141E-10 9.2193E-10 9.2949E-10 9.3663E-10 9.4561E-10 9.5440E-10 9.6061E-10 9.6853E-10 9.7382E-10 9.8156E-10 9.8559E-10 9.9215E-10 9.9489E-10 9.9680E-10 9.9786E-10 9.9753E-10 9.9693E-10 1.0009E-09 9.9854E-10 9.9611E-10 9.9233E-10 9.8839E-10
4.8452E-10 4.9588E-10 5.0701E-10 5.2193E-10 5.3305E-10 5.4396E-10 5.5566E-10 5.6951E-10 5.8040E-10 5.9113E-10 6.0165E-10 6.1598E-10 6.2654E-10 6.3688E-10 6.4699E-10 6.6156E-10 6.7169E-10 6.8349E-10 6.9656E-10 7.0826E-10 7.1915E-10 7.2984E-10 7.4236E-10 7.5358E-10 7.6353E-10 7.7378E-10 7.8512E-10 7.9511E-10 8.0527E-10 8.1493E-10 8.2479E-10 8.3482E-10 8.4368E-10 8.5253E-10 8.6343E-10 8.7074E-10 8.7764E-10 8.8764E-10 8.9776E-10 9.0415E-10 9.1010E-10 9.1559E-10 9.2585E-10 9.3043E-10 9.3428E-10 9.4023E-10 9.4280E-10 9.4847E-10 9.4913E-10 9.5376E-10 9.5317E-10 9.5237E-10 9.5029E-10 9.4822E-10 9.4541E-10 9.4068E-10 9.4199E-10
4.6552E-10 4.7642E-10 4.8703E-10 5.0125E-10 5.1190E-10 5.2237E-10 5.3271E-10 5.4682E-10 5.5730E-10 5.6760E-10 5.7772E-10 5.8764E-10 6.0153E-10 6.1146E-10 6.2118E-10 6.3359E-10 6.4479E-10 6.5427E-10 6.6655E-10 6.7585E-10 6.8777E-10 6.9940E-10 7.0946E-10 7.1825E-10 7.2866E-10 7.4169E-10 7.5085E-10 7.5902E-10 7.6992E-10 7.7871E-10 7.8939E-10 7.9683E-10 8.0716E-10 8.1515E-10 8.2302E-10 8.3076E-10 8.4011E-10 8.4897E-10 8.5494E-10 8.6049E-10 8.7211E-10 8.7732E-10 8.8187E-10 8.8562E-10 8.8872E-10 8.9667E-10 8.9870E-10 9.0320E-10 9.0335E-10 9.0341E-10 9.0202E-10 9.0055E-10 9.0673E-10 9.0460E-10 9.0117E-10 8.9711E-10 8.9219E-10
4.4614E-10 4.5760E-10 4.6773E-10 4.7952E-10 4.9148E-10 5.0155E-10 5.1148E-10 5.2405E-10 5.3502E-10 5.4491E-10 5.5464E-10 5.6416E-10 5.7643E-10 5.8696E-10 5.9629E-10 6.0539E-10 6.1732E-10 6.2627E-10 6.3825E-10 6.4702E-10 6.5728E-10 6.6620E-10 6.7750E-10 6.8856E-10 6.9781E-10 7.0630E-10 7.1450E-10 7.2422E-10 7.3533E-10 7.4404E-10 7.5248E-10 7.5995E-10 7.6986E-10 7.7840E-10 7.8583E-10 7.9526E-10 8.0109E-10 8.0651E-10 8.1651E-10 8.2319E-10 8.2949E-10 8.3382E-10 8.3678E-10 8.4479E-10 8.5023E-10 8.5163E-10 8.5298E-10 8.5353E-10 8.5641E-10 8.5573E-10 8.6083E-10 8.5932E-10 8.5601E-10 8.5331E-10 8.4932E-10 8.4477E-10 8.3957E-10
4.2748E-10 4.3941E-10 4.4911E-10 4.5863E-10 4.7180E-10 4.8147E-10 4.9100E-10 5.0040E-10 5.1352E-10 5.2303E-10 5.3237E-10 5.4153E-10 5.5323E-10 5.6229E-10 5.7115E-10 5.8103E-10 5.9098E-10 6.0101E-10 6.0936E-10 6.1894E-10 6.2903E-10 6.3692E-10 6.4706E-10 6.5513E-10 6.6294E-10 6.7375E-10 6.8472E-10 6.9240E-10 6.9968E-10 7.0784E-10 7.1566E-10 7.2715E-10 7.3318E-10 7.4178E-10 7.4736E-10 7.5504E-10 7.6141E-10 7.7051E-10 7.7639E-10 7.8155E-10 7.8546E-10 7.9659E-10 7.9913E-10 8.0168E-10 8.0530E-10 8.0590E-10 8.1239E-10 8.1197E-10 8.1417E-10 8.1309E-10 8.1014E-10 8.0788E-10 8.0380E-10 8.0948E-10 8.0102E-10 7.9665E-10 7.8733E-10
4.1049E-10 4.2131E-10 4.3113E-10 4.4024E-10 4.5194E-10 4.6210E-10 4.7126E-10 4.8030E-10 4.9280E-10 5.0193E-10 5.1089E-10 5.1969E-10 5.2830E-10 5.3862E-10 5.4808E-10 5.5638E-10 5.6446E-10 5.7379E-10 5.8304E-10 5.9247E-10 5.9997E-10 6.0892E-10 6.1603E-10 6.2538E-10 6.3493E-10 6.4218E-10 6.4915E-10 6.5607E-10 6.6681E-10 6.7581E-10 6.8304E-10 6.8936E-10 6.9642E-10 7.0255E-10 7.0935E-10 7.1509E-10 7.2544E-10 7.2965E-10 7.3472E-10 7.4101E-10 7.4591E-10 7.5337E-10 7.5498E-10 7.5825E-10 7.6404E-10 7.6622E-10 7.6825E-10 7.6722E-10 7.6543E-10 7.6918E-10 7.6586E-10 7.6701E-10 7.5849E-10 7.5144E-10 7.4449E-10 7.4036E-10 7.3535E-10
3.9406E-10 4.0287E-10 4.1377E-10 4.2252E-10 4.3116E-10 4.4343E-10 4.5223E-10 4.6089E-10 4.6942E-10 4.8160E-10 4.9020E-10 4.9864E-10 5.0691E-10 5.1678E-10 5.2485E-10 5.3272E-10 5.4158E-10 5.4911E-10 5.5794E-10 5.6514E-10 5.7372E-10 5.8254E-10 5.8921E-10 5.9753E-10 6.0378E-10 6.0972E-10 6.1899E-10 6.2789E-10 6.3405E-10 6.3928E-10 6.4583E-10 6.5146E-10 6.6454E-10 6.6914E-10 6.7517E-10 6.7919E-10 6.8459E-10 6.8935E-10 6.9535E-10 6.9882E-10 7.0261E-10 7.0443E-10 7.1528E-10 7.1636E-10 7.1686E-10 7.1720E-10 7.1649E-10 7.2031E-10 7.2175E-10 7.2284E-10 7.1486E-10 7.1031E-10 7.0399E-10 7.0466E-10 6.9572E-10 6.9170E-10 6.8565E-10
3.7821E-10 3.8665E-10 3.9703E-10 4.0543E-10 4.1373E-10 4.2544E-10 4.3389E-10 4.4220E-10 4.5039E-10 4.6109E-10 4.7025E-10 4.7836E-10 4.8629E-10 4.9405E-10 5.0255E-10 5.1104E-10 5.1839E-10 5.2552E-10 5.3376E-10 5.4052E-10 5.4879E-10 5.5517E-10 5.6130E-10 5.6905E-10 5.7715E-10 5.8484E-10 5.9025E-10 5.9535E-10 6.0029E-10 6.0892E-10 6.1717E-10 6.2155E-10 6.2577E-10 6.3062E-10 6.3520E-10 6.4039E-10 6.4273E-10 6.5651E-10 6.5864E-10 6.6149E-10 6.6493E-10 6.6940E-10 6.7201E-10 6.7241E-10 6.7392E-10 6.7674E-10 6.7581E-10 6.7104E-10 6.6451E-10 6.5945E-10 6.6148E-10 6.6200E-10 6.5374E-10 6.5039E-10 6.4017E-10 6.3125E-10 6.2657E-10
3.6292E-10 3.7097E-10 3.7941E-10 3.8897E-10 3.9692E-10 4.0477E-10 4.1620E-10 4.2419E-10 4.3205E-10 4.3975E-10 4.5009E-10 4.5777E-10 4.6642E-10 4.7387E-10 4.8201E-10 4.8918E-10 4.9614E-10 5.0406E-10 5.1068E-10 5.1707E-10 5.2320E-10 5.3067E-10 5.3775E-10 5.4337E-10 5.4869E-10 5.5372E-10 5.6063E-10 5.6800E-10 5.7436E-10 5.7865E-10 5.8263E-10 5.8720E-10 5.9087E-10 6.0220E-10 6.0482E-10 6.0865E-10 6.1060E-10 6.1633E-10 6.1900E-10 6.2000E-10 6.2358E-10 6.2437E-10 6.2330E-10 6.3153E-10 6.2656E-10 6.2196E-10 6.2056E-10 6.1530E-10 6.1916E-10 6.1202E-10 6.1164E-10 6.1223E-10 6.0129E-10 5.9408E-10 5.8793E-10 5.8485E-10 5.7393E-10
3.4817E-10 3.5587E-10 3.6348E-10 3.7310E-10 3.8074E-10 3.8828E-10 3.9916E-10 4.0683E-10 4.1436E-10 4.2176E-10 4.3076E-10 4.3900E-10 4.4622E-10 4.5265E-10 4.6079E-10 4.6759E-10 4.7519E-10 4.8167E-10 4.8793E-10 4.9528E-10 5.0117E-10 5.0682E-10 5.1159E-10 5.1671E-10 5.2340E-10 5.3043E-10 5.3499E-10 5.3925E-10 5.4259E-10 5.4624E-10 5.5474E-10 5.6101E-10 5.6359E-10 5.6648E-10 5.6947E-10 5.7280E-10 5.7520E-10 5.8086E-10 5.8738E-10 5.8795E-10 5.8931E-10 5.8512E-10 5.8345E-10 5.8589E-10 5.8174E-10 5.8205E-10 5.7978E-10 5.7695E-10 5.7463E-10 5.6614E-10 5.5960E-10 5.5382E-10 5.5027E-10 5.4571E-10 5.3700E-10 5.3321E-10 5.2604E-10
3.3238E-10 3.4071E-10 3.4803E-10 3.5721E-10 3.6454E-10 3.7177E-10 3.8052E-10 3.8951E-10 3.9673E-10 4.0383E-10 4.1079E-10 4.1941E-10 4.2625E-10 4.3340E-10 4.4001E-10 4.4643E-10 4.5405E-10 4.6019E-10 4.6724E-10 4.7304E-10 4.7861E-10 4.8393E-10 4.8993E-10 4.9485E-10 4.9951E-10 5.0331E-10 5.0741E-10 5.1333E-10 5.1908E-10 5.2262E-10 5.2526E-10 5.2820E-10 5.3020E-10 5.3251E-10 5.4092E-10 5.4591E-10 5.4705E-10 5.4791E-10 5.4688E-10 5.4425E-10 5.4316E-10 5.4374E-10 5.4220E-10 5.4323E-10 5.4101E-10 5.3948E-10 5.3366E-10 5.2897E-10 5.2727E-10 5.2195E-10 5.2352E-10 5.1727E-10 5.1300E-10 5.0970E-10 4.9495E-10 4.8834E-10 4.7915E-10
3.1722E-10 3.2612E-10 3.3313E-10 3.4005E-10 3.4895E-10 3.5587E-10 3.6270E-10 3.7196E-10 3.7975E-10 3.8656E-10 3.9324E-10 4.0063E-10 4.0804E-10 4.1382E-10 4.2007E-10 4.2736E-10 4.3275E-10 4.3853E-10 4.4413E-10 4.5112E-10 4.5764E-10 4.6276E-10 4.6701E-10 4.7164E-10 4.7602E-10 4.8133E-10 4.8529E-10 4.8899E-10 4.9176E-10 4.9490E-10 4.9713E-10 5.0521E-10 5.0653E-10 5.0878E-10 5.0625E-10 5.0406E-10 5.0478E-10 5.0433E-10 5.0697E-10 5.1175E-10 5.0847E-10 5.0640E-10 5.0577E-10 5.0362E-10 5.0116E-10 4.9603E-10 4.9041E-10 4.8553E-10 4.8168E-10 4.7591E-10 4.7322E-10 4.6624E-10 4.5778E-10 4.5281E-10 4.4506E-10 4.4044E-10 4.3568E-10
3.0297E-10 3.1148E-10 3.1819E-10 3.2484E-10 3.3332E-10 3.3997E-10 3.4652E-10 3.5536E-10 3.6192E-10 3.6837E-10 3.7575E-10 3.8282E-10 3.8904E-10 3.9447E-10 4.0143E-10 4.0727E-10 4.1231E-10 4.1912E-10 4.2449E-10 4.2966E-10 4.3460E-10 4.3932E-10 4.4501E-10 4.5087E-10 4.5509E-10 4.5844E-10 4.6217E-10 4.6503E-10 4.6960E-10 4.7264E-10 4.7094E-10 4.6961E-10 4.7063E-10 4.7171E-10 4.7278E-10 4.7659E-10 4.7876E-10 4.7828E-10 4.7706E-10 4.7676E-10 4.7127E-10 4.6637E-10 4.6380E-10 4.5959E-10 4.6000E-10 4.5513E-10 4.5046E-10 4.5225E-10 4.4619E-10 4.4415E-10 4.3831E-10 4.3262E-10 4.2819E-10 4.2133E-10 4.1654E-10 4.1444E-10 4.0532E-10
2.8926E-10 2.9558E-10 3.0381E-10 3.1019E-10 3.1646E-10 3.2415E-10 3.3093E-10 3.3710E-10 3.4483E-10 3.5184E-10 3.5790E-10 3.6383E-10 3.7081E-10 3.7682E-10 3.8249E-10 3.8800E-10 3.9390E-10 3.9916E-10 4.0421E-10 4.0849E-10 4.1471E-10 4.1926E-10 4.2292E-10 4.2701E-10 4.2700E-10 4.3001E-10 4.3348E-10 4.3629E-10 4.3788E-10 4.4079E-10 4.4281E-10 4.4403E-10 4.4503E-10 4.4701E-10 4.4687E-10 4.4770E-10 4.4503E-10 4.4423E-10 4.3902E-10 4.3980E-10 4.3789E-10 4.3638E-10 4.3103E-10 4.2886E-10 4.2681E-10 4.2437E-10 4.2030E-10 4.1284E-10 4.0772E-10 4.0214E-10 3.9859E-10 3.9165E-10 3.8833E-10 3.8038E-10 3.7286E-10 3.6383E-10 3.5710E-10
2.7547E-10 2.8153E-10 2.8892E-10 2.9548E-10 3.0150E-10 3.0886E-10 3.1483E-10 3.2069E-10 3.2864E-10 3.3449E-10 3.4022E-10 3.4686E-10 3.5242E-10 3.5718E-10 3.6244E-10 3.6998E-10 3.7449E-10 3.7557E-10 3.8166E-10 3.8189E-10 3.8642E-10 3.9073E-10 3.9325E-10 3.9894E-10 4.0272E-10 4.0565E-10 4.0780E-10 4.0838E-10 4.1033E-10 4.1314E-10 4.1750E-10 4.1986E-10 4.1663E-10 4.1472E-10 4.1450E-10 4.1437E-10 4.1326E-10 4.1395E-10 4.1135E-10 4.1001E-10 4.0807E-10 4.0757E-10 4.0153E-10 3.9609E-10 3.9296E-10 3.8844E-10 3.8343E-10 3.8494E-10 3.7920E-10 3.7659E-10 3.7371E-10 3.6566E-10 3.5858E-10 3.5141E-10 3.4733E-10 3.4067E-10 3.3617E-10
2.5453E-10 2.6032E-10 2.6607E-10 2.7317E-10 2.7890E-10 2.8510E-10 2.9168E-10 2.9781E-10 3.0334E-10 3.0957E-10 3.1561E-10 3.2101E-10 3.2629E-10 3.3191E-10 3.3700E-10 3.4193E-10 3.4608E-10 3.5183E-10 3.5797E-10 3.6063E-10 3.6297E-10 3.6763E-10 3.7104E-10 3.7482E-10 3.7719E-10 3.7993E-10 3.8307E-10 3.8372E-10 3.8182E-10 3.8267E-10 3.8354E-10 3.8353E-10 3.8485E-10 3.8669E-10 3.8513E-10 3.8494E-10 3.8763E-10 3.8771E-10 3.8441E-10 3.8228E-10 3.7666E-10 3.7347E-10 3.7194E-10 3.6824E-10 3.6311E-10 3.6356E-10 3.6150E-10 3.5917E-10 3.5226E-10 3.4511E-10 3.3981E-10 3.3490E-10 3.3142E-10 3.2475E-10 3.2251E-10 3.1944E-10 3.1357E-10
2.3496E-10 2.4046E-10 2.4858E-10 2.5491E-10 2.6085E-10 2.6625E-10 2.7248E-10 2.7843E-10 2.8275E-10 2.8928E-10 2.9445E-10 2.9951E-10 3.0544E-10 3.0995E-10 3.1476E-10 3.1943E-10 3.2466E-10 3.2911E-10 3.3339E-10 3.3434E-10 3.3838E-10 3.4311E-10 3.4253E-10 3.4492E-10 3.4916E-10 3.5183E-10 3.5277E-10 3.5507E-10 3.5567E-10 3.5448E-10 3.5587E-10 3.6033E-10 3.6047E-10 3.6215E-10 3.5987E-10 3.5885E-10 3.5487E-10 3.5657E-10 3.5487E-10 3.5238E-10 3.5160E-10 3.4732E-10 3.4499E-10 3.4410E-10 3.3869E-10 3.3594E-10 3.2931E-10 3.2427E-10 3.2013E-10 3.1716E-10 3.1174E-10 3.0926E-10 3.0670E-10 3.0319E-10 2.9928E-10 2.9465E-10 2.9063E-10
2.1248E-10 2.1899E-10 2.2418E-10 2.3026E-10 2.3626E-10 2.4198E-10 2.4759E-10 2.5212E-10 2.5759E-10 2.6249E-10 2.6806E-10 2.7435E-10 2.7910E-10 2.8374E-10 2.8845E-10 2.9380E-10 2.9751E-10 3.0174E-10 3.0361E-10 3.0846E-10 3.1229E-10 3.1595E-10 3.1699E-10 3.1852E-10 3.2287E-10 3.2602E-10 3.2781E-10 3.3188E-10 3.3454E-10 3.3199E-10 3.3333E-10 3.3170E-10 3.3085E-10 3.3033E-10 3.3172E-10 3.2945E-10 3.3184E-10 3.2979E-10 3.2901E-10 3.2856E-10 3.2766E-10 3.2210E-10 3.1618E-10 3.1456E-10 3.1087E-10 3.1002E-10 3.0574E-10 3.0260E-10 3.0058E-10 2.9849E-10 2.9545E-10 2.9198E-10 2.8779E-10 2.8420E-10 2.8022E-10 2.7829E-10 2.7531E-10
1.9128E-10 1.9912E-10 2.0530E-10 2.1068E-10 2.1596E-10 2.2125E-10 2.2602E-10 2.3188E-10 2.3721E-10 2.4092E-10 2.4607E-10 2.5058E-10 2.5581E-10 2.6094E-10 2.6529E-10 2.6950E-10 2.7358E-10 2.7766E-10 2.8254E-10 2.8570E-10 2.8932E-10 2.9207E-10 2.9281E-10 2.9605E-10 2.9447E-10 2.9787E-10 3.0069E-10 3.0181E-10 3.0212E-10 3.0616E-10 3.0667E-10 3.0631E-10 3.0762E-10 3.0923E-10 3.0948E-10 3.0995E-10 3.0646E-10 3.0549E-10 3.0227E-10 2.9984E-10 2.9768E-10 2.9471E-10 2.9330E-10 2.8885E-10 2.8701E-10 2.8544E-10 2.8378E-10 2.8118E-10 2.7890E-10 2.7511E-10 2.7192E-10 2.6958E-10 2.6619E-10 2.6364E-10 2.6127E-10 2.5809E-10 2.5528E-10
1.7065E-10 1.7665E-10 1.8210E-10 1.8740E-10 1.9192E-10 1.9755E-10 2.0265E-10 2.1138E-10 2.1579E-10 2.2063E-10 2.2201E-10 2.2699E-10 2.3183E-10 2.3502E-10 2.3903E-10 2.4493E-10 2.4969E-10 2.5350E-10 2.5628E-10 2.5917E-10 2.6380E-10 2.6523E-10 2.6824E-10 2.7131E-10 2.7208E-10 2.7380E-10 2.7558E-10 2.7809E-10 2.8227E-10 2.8274E-10 2.8477E-10 2.8223E-10 2.8227E-10 2.8008E-10 2.8014E-10 2.8237E-10 2.8110E-10 2.8265E-10 2.8110E-10 2.7747E-10 2.7638E-10 2.7546E-10 2.7436E-10 2.7229E-10 2.7166E-10 2.6905E-10 2.6546E-10 2.6298E-10 2.6059E-10 2.5850E-10 2.5658E-10 2.5460E-10 2.5180E-10 2.5011E-10 2.4705E-10 2.4474E-10 2.3950E-10
1.5220E-10 1.5764E-10 1.6296E-10 1.6925E-10 1.7588E-10 1.8013E-10 1.8593E-10 1.9086E-10 1.9569E-10 2.0040E-10 2.0446E-10 2.0900E-10 2.1267E-10 2.1548E-10 2.1907E-10 2.2281E-10 2.2643E-10 2.2902E-10 2.3365E-10 2.3904E-10 2.4117E-10 2.4429E-10 2.4667E-10 2.5047E-10 2.5256E-10 2.5153E-10 2.5442E-10 2.5316E-10 2.5420E-10 2.5474E-10 2.5863E-10 2.5852E-10 2.6075E-10 2.6017E-10 2.5729E-10 2.5835E-10 2.5803E-10 2.5787E-10 2.5757E-10 2.5620E-10 2.5624E-10 2.5492E-10 2.5177E-10 2.4973E-10 2.4829E-10 2.4653E-10 2.4483E-10 2.4329E-10 2.4170E-10 2.3929E-10 2.3799E-10 2.3531E-10 2.3338E-10 2.3097E-10 2.2762E-10 2.2503E-10 2.2097E-10
1.2999E-10 1.3642E-10 1.4088E-10 1.4673E-10 1.5434E-10 1.5987E-10 1.6524E-10 1.6916E-10 1.7473E-10 1.7856E-10 1.8318E-10 1.8769E-10 1.9207E-10 1.9633E-10 1.9988E-10 2.0333E-10 2.0498E-10 2.0706E-10 2.1031E-10 2.1343E-10 2.1780E-10 2.1986E-10 2.2205E-10 2.2684E-10 2.2689E-10 2.2867E-10 2.3288E-10 2.3197E-10 2.3203E-10 2.3310E-10 2.3487E-10 2.3532E-10 2.3753E-10 2.3803E-10 2.3750E-10 2.4094E-10 2.4049E-10 2.4100E-10 2.4104E-10 2.3965E-10 2.3879E-10 2.3752E-10 2.3703E-10 2.3592E-10 2.3474E-10 2.3286E-10 2.3146E-10 2.3030E-10 2.2798E-10 2.2618E-10 2.2412E-10 2.2019E-10 2.1772E-10 2.1464E-10 2.1267E-10 2.1138E-10 2.0597E-10
