Assets/Resources/2015_m01_d16_1000(utc+0800)_l00_csi_1hr_conc.grd
DSAA
         159         159
     -79.000      79.000
     -79.000      79.000
  0.5427E-11  0.1028E-04
[rows 25 to 49 of 159, columns 57 to 113 of 159]
5.0819E-10 5.3805E-10 5.6933E-10 5.9552E-10 6.2307E-10 6.6557E-10 7.0310E-10 7.3613E-10 7.7060E-10 8.2126E-10 8.6698E-10 9.1506E-10 9.6611E-10 1.0198E-09 1.0761E-09 1.1351E-09 1.2020E-09 1.2659E-09 1.3328E-09 1.4152E-09 1.4903E-09 1.5748E-09 1.6638E-09 1.7511E-09 1.8544E-09 1.9516E-09 2.0589E-09 2.1716E-09 2.2841E-09 2.4074E-09 2.5300E-09 2.6653E-09 2.7995E-09 2.9453E-09 3.0911E-09 3.2427E-09 3.4062E-09 3.5630E-09 3.7316E-09 3.9061E-09 4.0864E-09 4.2660E-09 4.4508E-09 4.6551E-09 4.8520E-09 5.0537E-09 5.2606E-09 5.4717E-09 5.6872E-09 5.9226E-09 6.1363E-09 6.2296E-09 6.4345E-09 6.6029E-09 6.5938E-09 6.7754E-09 6.8676E-09
5.1722E-10 5.4772E-10 5.8011E-10 6.0697E-10 6.4198E-10 6.7888E-10 7.1753E-10 7.5170E-10 7.9446E-10 8.3928E-10 8.9317E-10 9.3629E-10 9.8904E-10 1.0514E-09 1.1095E-09 1.1697E-09 1.2328E-09 1.3043E-09 1.3797E-09 1.4596E-09 1.5372E-09 1.6307E-09 1.7175E-09 1.8081E-09 1.9159E-09 2.0166E-09 2.1277E-09 2.2457E-09 2.3625E-09 2.4903E-09 2.6189E-09 2.7591E-09 2.8988E-09 3.0442E-09 3.2026E-09 3.3605E-09 3.5243E-09 3.6874E-09 3.8700E-09 4.0519E-09 4.2329E-09 4.4198E-09 4.6195E-09 4.8255E-09 5.0303E-09 5.2402E-09 5.4555E-09 5.6752E-09 5.9150E-09 6.1449E-09 6.3790E-09 6.4682E-09 6.6795E-09 6.9092E-09 6.8514E-09 7.0477E-09 7.1690E-09
5.3274E-10 5.6408E-10 5.9067E-10 6.1821E-10 6.5445E-10 6.9884E-10 7.3222E-10 7.6708E-10 8.1815E-10 8.6436E-10 9.1300E-10 9.6475E-10 1.0192E-09 1.0763E-09 1.1364E-09 1.2044E-09 1.2695E-09 1.3437E-09 1.4219E-09 1.4987E-09 1.5906E-09 1.6764E-09 1.7718E-09 1.8721E-09 1.9780E-09 2.0825E-09 2.1985E-09 2.3207E-09 2.4419E-09 2.5755E-09 2.7089E-09 2.8543E-09 2.9995E-09 3.1514E-09 3.3159E-09 3.4802E-09 3.6442E-09 3.8277E-09 4.0109E-09 4.1935E-09 4.3819E-09 4.5836E-09 4.7916E-09 4.9989E-09 5.2119E-09 5.4302E-09 5.6541E-09 5.8980E-09 6.1326E-09 6.3715E-09 6.6149E-09 6.7120E-09 6.9295E-09 7.1676E-09 7.1264E-09 7.3159E-09 7.4895E-09
5.4201E-10 5.7419E-10 6.0144E-10 6.3656E-10 6.7360E-10 7.1244E-10 7.4669E-10 7.9000E-10 8.3518E-10 8.8278E-10 9.3312E-10 9.8649E-10 1.0495E-09 1.1084E-09 1.1695E-09 1.2337E-09 1.3064E-09 1.3832E-09 1.4646E-09 1.5438E-09 1.6393E-09 1.7282E-09 1.8272E-09 1.9316E-09 2.0349E-09 2.1553E-09 2.2704E-09 2.3965E-09 2.5224E-09 2.6616E-09 2.8002E-09 2.9508E-09 3.1024E-09 3.2603E-09 3.4310E-09 3.5955E-09 3.7729E-09 3.9635E-09 4.1475E-09 4.3373E-09 4.5403E-09 4.7503E-09 4.9596E-09 5.1751E-09 5.3964E-09 5.6234E-09 5.8714E-09 6.1102E-09 6.3539E-09 6.6022E-09 6.8550E-09 6.9610E-09 7.1944E-09 7.4419E-09 7.3976E-09 7.5896E-09 7.8213E-09
5.5763E-10 5.8430E-10 6.1197E-10 6.4805E-10 6.8611E-10 7.2624E-10 7.6138E-10 8.1264E-10 8.5915E-10 9.0814E-10 9.6037E-10 1.0154E-09 1.0731E-09 1.1339E-09 1.2028E-09 1.2688E-09 1.3442E-09 1.4236E-09 1.5018E-09 1.5954E-09 1.6886E-09 1.7803E-09 1.8888E-09 1.9913E-09 2.0983E-09 2.2235E-09 2.3428E-09 2.4674E-09 2.6049E-09 2.7487E-09 2.8925E-09 3.0492E-09 3.2067E-09 3.3707E-09 3.5414E-09 3.7191E-09 3.9035E-09 4.0948E-09 4.2859E-09 4.4901E-09 4.7013E-09 4.9126E-09 5.1300E-09 5.3539E-09 5.5837E-09 5.8348E-09 6.0777E-09 6.3258E-09 6.5789E-09 6.8366E-09 7.0990E-09 7.2250E-09 7.4547E-09 7.7109E-09 7.6750E-09 7.8686E-09 8.1077E-09
5.6707E-10 5.9415E-10 6.2946E-10 6.6650E-10 7.0537E-10 7.3980E-10 7.8303E-10 8.2862E-10 8.7644E-10 9.2706E-10 9.8083E-10 1.0373E-09 1.1037E-09 1.1655E-09 1.2305E-09 1.3040E-09 1.3818E-09 1.4644E-09 1.5508E-09 1.6419E-09 1.7324E-09 1.8334E-09 1.9399E-09 2.0514E-09 2.1687E-09 2.2925E-09 2.4158E-09 2.5514E-09 2.6881E-09 2.8367E-09 2.9859E-09 3.1488E-09 3.3122E-09 3.4824E-09 3.6598E-09 3.8443E-09 4.0359E-09 4.2277E-09 4.4259E-09 4.6451E-09 4.8576E-09 5.0769E-09 5.3027E-09 5.5351E-09 5.7814E-09 6.0348E-09 6.2869E-09 6.5444E-09 6.8070E-09 7.0746E-09 7.3467E-09 7.4845E-09 7.7192E-09 7.9842E-09 7.9586E-09 8.1527E-09 8.3991E-09
5.7647E-10 6.0416E-10 6.4016E-10 6.7816E-10 7.1803E-10 7.5352E-10 7.9793E-10 8.5137E-10 9.0052E-10 9.5299E-10 1.0083E-09 1.0664E-09 1.1276E-09 1.1969E-09 1.2638E-09 1.3399E-09 1.4202E-09 1.4995E-09 1.5943E-09 1.6890E-09 1.7821E-09 1.8925E-09 1.9970E-09 2.1125E-09 2.2343E-09 2.3559E-09 2.4893E-09 2.6306E-09 2.7719E-09 2.9196E-09 3.0808E-09 3.2431E-09 3.4187E-09 3.5889E-09 3.7795E-09 3.9709E-09 4.1630E-09 4.3618E-09 4.5747E-09 4.7951E-09 5.0156E-09 5.2431E-09 5.4773E-09 5.7260E-09 5.9819E-09 6.2373E-09 6.4988E-09 6.7659E-09 7.0382E-09 7.3156E-09 7.6087E-09 7.7487E-09 7.9876E-09 8.2614E-09 8.2483E-09 8.4415E-09 8.6952E-09
5.8559E-10 6.1388E-10 6.5078E-10 6.9637E-10 7.3085E-10 7.7404E-10 8.1963E-10 8.6749E-10 9.1795E-10 9.7188E-10 1.0288E-09 1.0885E-09 1.1576E-09 1.2230E-09 1.2917E-09 1.3755E-09 1.4589E-09 1.5463E-09 1.6385E-09 1.7303E-09 1.8327E-09 1.9409E-09 2.0542E-09 2.1737E-09 2.2999E-09 2.4256E-09 2.5642E-09 2.7100E-09 2.8562E-09 3.0156E-09 3.1765E-09 3.3445E-09 3.5199E-09 3.7031E-09 3.8938E-09 4.0921E-09 4.2911E-09 4.5042E-09 4.7251E-09 4.9465E-09 5.1751E-09 5.4108E-09 5.6611E-09 5.9193E-09 6.1771E-09 6.4420E-09 6.7129E-09 6.9898E-09 7.2719E-09 7.5703E-09 7.8636E-09 8.0174E-09 8.2597E-09 8.5424E-09 8.5442E-09 8.7347E-09 8.9955E-09
5.9462E-10 6.3061E-10 6.6840E-10 7.0809E-10 7.4335E-10 7.8765E-10 8.3441E-10 8.9018E-10 9.3550E-10 9.9808E-10 1.0563E-09 1.1177E-09 1.1816E-09 1.2545E-09 1.3310E-09 1.4118E-09 1.4918E-09 1.5819E-09 1.6830E-09 1.7773E-09 1.8890E-09 1.9950E-09 2.1122E-09 2.2360E-09 2.3598E-09 2.5019E-09 2.6397E-09 2.7839E-09 2.9409E-09 3.0999E-09 3.2727E-09 3.4466E-09 3.6284E-09 3.8181E-09 4.0156E-09 4.2141E-09 4.4200E-09 4.6478E-09 4.8697E-09 5.0990E-09 5.3357E-09 5.5798E-09 5.8468E-09 6.1070E-09 6.3741E-09 6.6484E-09 6.9290E-09 7.2158E-09 7.5186E-09 7.8174E-09 8.1210E-09 8.2905E-09 8.5350E-09 8.8266E-09 8.8465E-09 9.0318E-09 9.2997E-09
6.0378E-10 6.4039E-10 6.7907E-10 7.1991E-10 7.5596E-10 8.0829E-10 8.5599E-10 9.0630E-10 9.6017E-10 1.0170E-09 1.0768E-09 1.1456E-09 1.2115E-09 1.2804E-09 1.3592E-09 1.4482E-09 1.5362E-09 1.6290E-09 1.7216E-09 1.8250E-09 1.9343E-09 2.0490E-09 2.1701E-09 2.2981E-09 2.4258E-09 2.5666E-09 2.7151E-09 2.8640E-09 3.0267E-09 3.1911E-09 3.3631E-09 3.5429E-09 3.7309E-09 3.9337E-09 4.1314E-09 4.3366E-09 4.5569E-09 4.7855E-09 5.0151E-09 5.2523E-09 5.4972E-09 5.7577E-09 6.0267E-09 6.2960E-09 6.5725E-09 6.8563E-09 7.1466E-09 7.4540E-09 7.7574E-09 8.0665E-09 8.3807E-09 8.5681E-09 8.8131E-09 9.1137E-09 9.1554E-09 9.3326E-09 9.6074E-09
6.1260E-10 6.5672E-10 6.9626E-10 7.3139E-10 7.7540E-10 8.2189E-10 8.7073E-10 9.2227E-10 9.7773E-10 1.0428E-09 1.1041E-09 1.1680E-09 1.2409E-09 1.3175E-09 1.3985E-09 1.4788E-09 1.5693E-09 1.6651E-09 1.7658E-09 1.8783E-09 1.9852E-09 2.1037E-09 2.2285E-09 2.3543E-09 2.4982E-09 2.6381E-09 2.7846E-09 2.9441E-09 3.1127E-09 3.2825E-09 3.4601E-09 3.6462E-09 3.8405E-09 4.0432E-09 4.2474E-09 4.4666E-09 4.6944E-09 4.9237E-09 5.1609E-09 5.4061E-09 5.6670E-09 5.9367E-09 6.2074E-09 6.4859E-09 6.7718E-09 7.0653E-09 7.3759E-09 7.6838E-09 7.9976E-09 8.3173E-09 8.6421E-09 8.8503E-09 9.0934E-09 9.4030E-09 9.4715E-09 9.6365E-09 9.9181E-09
6.2820E-10 6.6666E-10 7.0687E-10 7.4272E-10 7.8775E-10 8.3531E-10 8.9201E-10 9.4558E-10 1.0022E-09 1.0617E-09 1.1302E-09 1.1957E-09 1.2648E-09 1.3435E-09 1.4267E-09 1.5206E-09 1.6136E-09 1.7066E-09 1.8105E-09 1.9201E-09 2.0359E-09 2.1579E-09 2.2871E-09 2.4163E-09 2.5587E-09 2.7090E-09 2.8601E-09 3.0252E-09 3.1924E-09 3.3737E-09 3.5508E-09 3.7496E-09 3.9502E-09 4.1528E-09 4.3634E-09 4.5968E-09 4.8252E-09 5.0619E-09 5.3069E-09 5.5676E-09 5.8374E-09 6.1088E-09 6.3886E-09 6.6763E-09 6.9718E-09 7.2852E-09 7.5964E-09 7.9146E-09 8.2388E-09 8.5691E-09 8.9048E-09 9.1375E-09 9.3757E-09 9.6940E-09 9.7957E-09 9.9431E-09 1.0231E-08
6.3719E-10 6.7625E-10 7.1731E-10 7.5410E-10 8.0709E-10 8.5549E-10 9.0659E-10 9.6143E-10 1.0194E-09 1.0803E-09 1.1508E-09 1.2179E-09 1.2885E-09 1.3804E-09 1.4606E-09 1.5511E-09 1.6466E-09 1.7421E-09 1.8605E-09 1.9679E-09 2.0870E-09 2.2126E-09 2.3393E-09 2.4844E-09 2.6257E-09 2.7738E-09 2.9352E-09 3.1060E-09 3.2783E-09 3.4589E-09 3.6483E-09 3.8464E-09 4.0533E-09 4.2621E-09 4.4866E-09 4.7204E-09 4.9559E-09 5.2001E-09 5.4528E-09 5.7294E-09 6.0009E-09 6.2810E-09 6.5698E-09 6.8669E-09 7.1720E-09 7.4959E-09 7.8173E-09 8.1458E-09 8.4806E-09 8.8216E-09 9.1682E-09 9.4304E-09 9.6594E-09 9.9864E-09 1.0129E-08 1.0252E-08 1.0546E-08
6.4580E-10 6.9226E-10 7.2779E-10 7.7227E-10 8.1928E-10 8.6873E-10 9.2094E-10 9.7703E-10 1.0433E-09 1.1057E-09 1.1708E-09 1.2451E-09 1.3234E-09 1.4061E-09 1.4884E-09 1.5924E-09 1.6854E-09 1.7893E-09 1.8990E-09 2.0093E-09 2.1373E-09 2.2671E-09 2.3970E-09 2.5404E-09 2.6919E-09 2.8442E-09 3.0110E-09 3.1802E-09 3.3638E-09 3.5502E-09 3.7454E-09 3.9495E-09 4.1560E-09 4.3781E-09 4.6096E-09 4.8435E-09 5.0862E-09 5.3378E-09 5.6060E-09 5.8840E-09 6.1640E-09 6.4530E-09 6.7508E-09 7.0573E-09 7.3825E-09 7.7066E-09 8.0382E-09 8.3771E-09 8.7225E-09 9.0743E-09 9.4317E-09 9.7303E-09 9.9439E-09 1.0279E-08 1.0475E-08 1.0562E-08 1.0863E-08
6.6104E-10 7.0166E-10 7.3785E-10 7.8325E-10 8.3124E-10 8.8838E-10 9.4259E-10 9.9989E-10 1.0602E-09 1.1297E-09 1.1963E-09 1.2667E-09 1.3468E-09 1.4372E-09 1.5274E-09 1.6226E-09 1.7178E-09 1.8244E-09 1.9432E-09 2.0622E-09 2.1880E-09 2.3150E-09 2.4549E-09 2.6026E-09 2.7516E-09 2.9082E-09 3.0863E-09 3.2603E-09 3.4428E-09 3.6346E-09 3.8419E-09 4.0456E-09 4.2580E-09 4.4935E-09 4.7251E-09 4.9659E-09 5.2158E-09 5.4823E-09 5.7588E-09 6.0380E-09 6.3265E-09 6.6242E-09 6.9312E-09 7.2572E-09 7.5827E-09 7.9167E-09 8.2585E-09 8.6079E-09 8.9640E-09 9.3266E-09 9.6950E-09 1.0039E-08 1.0229E-08 1.0573E-08 1.0837E-08 1.0874E-08 1.1180E-08
6.6968E-10 7.1086E-10 7.4769E-10 8.0111E-10 8.4982E-10 9.0129E-10 9.5664E-10 1.0151E-09 1.0768E-09 1.1478E-09 1.2161E-09 1.2936E-09 1.3810E-09 1.4626E-09 1.5548E-09 1.6523E-09 1.7616E-09 1.8708E-09 1.9809E-09 2.1030E-09 2.2320E-09 2.3682E-09 2.5118E-09 2.6637E-09 2.8167E-09 2.9843E-09 3.1546E-09 3.3395E-09 3.5277E-09 3.7249E-09 3.9315E-09 4.1408E-09 4.3662E-09 4.6016E-09 4.8398E-09 5.0873E-09 5.3444E-09 5.6188E-09 5.9036E-09 6.1909E-09 6.4879E-09 6.7945E-09 7.1105E-09 7.4466E-09 7.7819E-09 8.1258E-09 8.4779E-09 8.8377E-09 9.2044E-09 9.5779E-09 9.9574E-09 1.0342E-08 1.0514E-08 1.0865E-08 1.1219E-08 1.1194E-08 1.1512E-08
6.7790E-10 7.2005E-10 7.6464E-10 8.1180E-10 8.6144E-10 9.1391E-10 9.7037E-10 1.0371E-09 1.0999E-09 1.1714E-09 1.2409E-09 1.3201E-09 1.4039E-09 1.4933E-09 1.5930E-09 1.6876E-09 1.7934E-09 1.9053E-09 2.0298E-09 2.1550E-09 2.2818E-09 2.4214E-09 2.5687E-09 2.7183E-09 2.8752E-09 3.0537E-09 3.2285E-09 3.4120E-09 3.6052E-09 3.8143E-09 4.0200E-09 4.2349E-09 4.4735E-09 4.7085E-09 4.9532E-09 5.2076E-09 5.4792E-09 5.7615E-09 6.0470E-09 6.3425E-09 6.6479E-09 6.9633E-09 7.2989E-09 7.6346E-09 7.9796E-09 8.3335E-09 8.6957E-09 9.0660E-09 9.4434E-09 9.8278E-09 1.0218E-08 1.0614E-08 1.0799E-08 1.1168E-08 1.1568E-08 1.1541E-08 1.1884E-08
6.9252E-10 7.2877E-10 7.7417E-10 8.2220E-10 8.7276E-10 9.3346E-10 9.9122E-10 1.0518E-09 1.1217E-09 1.1888E-09 1.2598E-09 1.3406E-09 1.4319E-09 1.5232E-09 1.6196E-09 1.7163E-09 1.8305E-09 1.9453E-09 2.0666E-09 2.1948E-09 2.3246E-09 2.4735E-09 2.6190E-09 2.7779E-09 2.9454E-09 3.1159E-09 3.2951E-09 3.4901E-09 3.6884E-09 3.8963E-09 4.1073E-09 4.3349E-09 4.5728E-09 4.8141E-09 5.0652E-09 5.3263E-09 5.6126E-09 5.8956E-09 6.1888E-09 6.4924E-09 6.8062E-09 7.1404E-09 7.4756E-09 7.8207E-09 8.1753E-09 8.5392E-09 8.9116E-09 9.2923E-09 9.6804E-09 1.0076E-08 1.0478E-08 1.0895E-08 1.1113E-08 1.1500E-08 1.1927E-08 1.1939E-08 1.2290E-08
7.0042E-10 7.3724E-10 7.8343E-10 8.3230E-10 8.9046E-10 9.4584E-10 1.0044E-09 1.0662E-09 1.1374E-09 1.2059E-09 1.2840E-09 1.3718E-09 1.4542E-09 1.5472E-09 1.6513E-09 1.7562E-09 1.8669E-09 1.9785E-09 2.1026E-09 2.2401E-09 2.3725E-09 2.5252E-09 2.6742E-09 2.8307E-09 3.0023E-09 3.1833E-09 3.3669E-09 3.5605E-09 3.7638E-09 3.9769E-09 4.1931E-09 4.4334E-09 4.6707E-09 4.9180E-09 5.1755E-09 5.4508E-09 5.7374E-09 6.0277E-09 6.3286E-09 6.6402E-09 6.9623E-09 7.3058E-09 7.6501E-09 8.0045E-09 8.3687E-09 8.7424E-09 9.1250E-09 9.5160E-09 9.9147E-09 1.0327E-08 1.0765E-08 1.1217E-08 1.1457E-08 1.1879E-08 1.2339E-08 1.2356E-08 1.2703E-08
7.0805E-10 7.5238E-10 7.9931E-10 8.4897E-10 9.0125E-10 9.5762E-10 1.0173E-09 1.0801E-09 1.1529E-09 1.2281E-09 1.3075E-09 1.3917E-09 1.4815E-09 1.5764E-09 1.6771E-09 1.7839E-09 1.8969E-09 2.0229E-09 2.1497E-09 2.2784E-09 2.4202E-09 2.5700E-09 2.7223E-09 2.8889E-09 3.0646E-09 3.2433E-09 3.4379E-09 3.6362E-09 3.8443E-09 4.0560E-09 4.2845E-09 4.5237E-09 4.7667E-09 5.0200E-09 5.2837E-09 5.5733E-09 5.8600E-09 6.1576E-09 6.4661E-09 6.7855E-09 7.1262E-09 7.4686E-09 7.8218E-09 8.1854E-09 8.5592E-09 8.9427E-09 9.3353E-09 9.7385E-09 1.0166E-08 1.0629E-08 1.1092E-08 1.1568E-08 1.1861E-08 1.2286E-08 1.2742E-08 1.2784E-08 1.3164E-08
7.1539E-10 7.6065E-10 8.0832E-10 8.5855E-10 9.1167E-10 9.6899E-10 1.0367E-09 1.1063E-09 1.1734E-09 1.2443E-09 1.3252E-09 1.4109E-09 1.5080E-09 1.6047E-09 1.7019E-09 1.8168E-09 1.9324E-09 2.0548E-09 2.1843E-09 2.3156E-09 2.4663E-09 2.6199E-09 2.7752E-09 2.9455E-09 3.1192E-09 3.3081E-09 3.5011E-09 3.7039E-09 3.9168E-09 4.1332E-09 4.3671E-09 4.6120E-09 4.8606E-09 5.1198E-09 5.3973E-09 5.6866E-09 5.9802E-09 6.2849E-09 6.6009E-09 6.9281E-09 7.2775E-09 7.6284E-09 7.9904E-09 8.3632E-09 8.7463E-09 9.1395E-09 9.5492E-09 1.0001E-08 1.0484E-08 1.0952E-08 1.1444E-08 1.1951E-08 1.2250E-08 1.2693E-08 1.3182E-08 1.3288E-08 1.3696E-08
7.2267E-10 7.6838E-10 8.1677E-10 8.6776E-10 9.2899E-10 9.8719E-10 1.0488E-09 1.1195E-09 1.1878E-09 1.2656E-09 1.3479E-09 1.4351E-09 1.5284E-09 1.6269E-09 1.7376E-09 1.8486E-09 1.9608E-09 2.0917E-09 2.2238E-09 2.3640E-09 2.5119E-09 2.6625E-09 2.8209E-09 3.0014E-09 3.1787E-09 3.3653E-09 3.5690E-09 3.7763E-09 3.9874E-09 4.2156E-09 4.4548E-09 4.6982E-09 4.9522E-09 5.2172E-09 5.5084E-09 5.7973E-09 6.0976E-09 6.4093E-09 6.7326E-09 7.0779E-09 7.4255E-09 7.7848E-09 8.1555E-09 8.5372E-09 8.9297E-09 9.3516E-09 9.8251E-09 1.0305E-08 1.0785E-08 1.1291E-08 1.1815E-08 1.2348E-08 1.2689E-08 1.3158E-08 1.3709E-08 1.3865E-08 1.4285E-08
7.2941E-10 7.7577E-10 8.2485E-10 8.7657E-10 9.3899E-10 9.9806E-10 1.0604E-09 1.1323E-09 1.2016E-09 1.2807E-09 1.3697E-09 1.4534E-09 1.5538E-09 1.6540E-09 1.7610E-09 1.8741E-09 2.0002E-09 2.1274E-09 2.2567E-09 2.3993E-09 2.5501E-09 2.7036E-09 2.8719E-09 3.0495E-09 3.2304E-09 3.4277E-09 3.6289E-09 3.8405E-09 4.0560E-09 4.2890E-09 4.5334E-09 4.7819E-09 5.0413E-09 5.3195E-09 5.6098E-09 5.9050E-09 6.2119E-09 6.5305E-09 6.8610E-09 7.2143E-09 7.5698E-09 7.9373E-09 8.3165E-09 8.7105E-09 9.1429E-09 9.6236E-09 1.0104E-08 1.0591E-08 1.1108E-08 1.1655E-08 1.2219E-08 1.2785E-08 1.3180E-08 1.3721E-08 1.4354E-08 1.4578E-08 1.5015E-08
7.3582E-10 7.8280E-10 8.3934E-10 8.9172E-10 9.4831E-10 1.0082E-09 1.0714E-09 1.1445E-09 1.2205E-09 1.3006E-09 1.3856E-09 1.4766E-09 1.5728E-09 1.6749E-09 1.7894E-09 1.9044E-09 2.0270E-09 2.1565E-09 2.2880E-09 2.4390E-09 2.5933E-09 2.7494E-09 2.9208E-09 3.1021E-09 3.2865E-09 3.4815E-09 3.6868E-09 3.9026E-09 4.1292E-09 4.3671E-09 4.6095E-09 4.8630E-09 5.1277E-09 5.4117E-09 5.7082E-09 6.0095E-09 6.3228E-09 6.6481E-09 6.9960E-09 7.3468E-09 7.7101E-09 8.0855E-09 8.4794E-09 8.9175E-09 9.3961E-09 9.8765E-09 1.0372E-08 1.0903E-08 1.1479E-08 1.2087E-08 1.2703E-08 1.3349E-08 1.3895E-08 1.4546E-08 1.5214E-08 1.5497E-08 1.5954E-08
7.4889E-10 7.9643E-10 8.4676E-10 8.9981E-10 9.5715E-10 1.0179E-09 1.0945E-09 1.1619E-09 1.2332E-09 1.3145E-09 1.4064E-09 1.4987E-09 1.5964E-09 1.7008E-09 1.8111E-09 1.9282E-09 2.0526E-09 2.1903E-09 2.3303E-09 2.4781E-09 2.6289E-09 2.7941E-09 2.9687E-09 3.1469E-09 3.3413E-09 3.5400E-09 3.7491E-09 3.9624E-09 4.1934E-09 4.4359E-09 4.6829E-09 4.9412E-09 5.2184E-09 5.5082E-09 5.8033E-09 6.1105E-09 6.4300E-09 6.7618E-09 7.1171E-09 7.4751E-09 7.8458E-09 8.2369E-09 8.6724E-09 9.1443E-09 9.6278E-09 1.0130E-08 1.0677E-08 1.1303E-08 1.1974E-08 1.2681E-08 1.3443E-08 1.4294E-08 1.4944E-08 1.5606E-08 1.6341E-08 1.6690E-08 1.7309E-08
