Assets/Resources/2015_m01_d09_1100(utc+0800)_l00_csi_1hr_conc.grd
DSAA
         159         159
     -79.000      79.000
     -79.000      79.000
  0.4367E-09  0.5735E-05
[rows 125 to 149 of 159, columns 0 to 56 of 159]
1.2334E-09 1.2776E-09 1.3201E-09 1.3683E-09 1.4186E-09 1.4666E-09 1.5227E-09 1.5780E-09 1.6340E-09 1.6958E-09 1.7584E-09 1.8235E-09 1.9033E-09 2.0048E-09 2.0876E-09 2.1655E-09 2.2463E-09 2.3301E-09 2.4171E-09 2.5066E-09 2.5995E-09 2.6954E-09 2.7942E-09 2.8962E-09 3.0011E-09 3.1090E-09 3.2203E-09 3.3560E-09 3.6158E-09 3.8942E-09 4.0928E-09 4.2813E-09 4.4654E-09 4.6584E-09 4.8586E-09 5.0678E-09 5.2867E-09 5.5130E-09 5.7461E-09 5.9811E-09 6.2246E-09 6.4805E-09 6.7615E-09 7.0571E-09 7.3726E-09 7.6792E-09 8.0046E-09 8.3366E-09 8.7602E-09 9.2192E-09 9.6966E-09 1.0329E-08 1.0919E-08 1.1483E-08 1.2086E-08 1.2730E-08 1.3430E-08
1.2391E-09 1.2812E-09 1.3236E-09 1.3733E-09 1.4223E-09 1.4719E-09 1.5280E-09 1.5819E-09 1.6395E-09 1.7029E-09 1.7621E-09 1.8310E-09 1.9233E-09 2.0174E-09 2.0922E-09 2.1699E-09 2.2500E-09 2.3331E-09 2.4192E-09 2.5079E-09 2.5998E-09 2.6944E-09 2.7919E-09 2.8925E-09 2.9956E-09 3.0991E-09 3.2039E-09 3.3838E-09 3.6501E-09 3.8850E-09 4.0778E-09 4.2499E-09 4.4299E-09 4.6184E-09 4.8136E-09 5.0151E-09 5.2200E-09 5.4329E-09 5.6538E-09 5.8830E-09 6.1205E-09 6.3699E-09 6.6420E-09 6.9284E-09 7.2375E-09 7.5372E-09 7.8500E-09 8.1767E-09 8.6353E-09 9.0393E-09 9.5986E-09 1.0174E-08 1.0708E-08 1.1257E-08 1.1844E-08 1.2466E-08 1.3135E-08
1.2433E-09 1.2843E-09 1.3295E-09 1.3779E-09 1.4256E-09 1.4781E-09 1.5328E-09 1.5851E-09 1.6460E-09 1.7061E-09 1.7668E-09 1.8355E-09 1.9344E-09 2.0208E-09 2.0951E-09 2.1721E-09 2.2516E-09 2.3340E-09 2.4190E-09 2.5067E-09 2.5974E-09 2.6905E-09 2.7843E-09 2.8799E-09 2.9780E-09 3.0787E-09 3.1821E-09 3.4037E-09 3.6741E-09 3.8756E-09 4.0478E-09 4.2161E-09 4.3900E-09 4.5682E-09 4.7535E-09 4.9462E-09 5.1465E-09 5.3543E-09 5.5701E-09 5.7938E-09 6.0253E-09 6.2680E-09 6.5309E-09 6.8124E-09 7.1029E-09 7.4047E-09 7.7085E-09 8.0708E-09 8.4987E-09 8.8926E-09 9.4618E-09 1.0006E-08 1.0504E-08 1.1036E-08 1.1605E-08 1.2210E-08 1.2863E-08
1.2460E-09 1.2870E-09 1.3335E-09 1.3820E-09 1.4283E-09 1.4822E-09 1.5354E-09 1.5891E-09 1.6499E-09 1.7082E-09 1.7721E-09 1.8466E-09 1.9440E-09 2.0226E-09 2.0964E-09 2.1725E-09 2.2512E-09 2.3327E-09 2.4165E-09 2.5012E-09 2.5879E-09 2.6771E-09 2.7689E-09 2.8633E-09 2.9601E-09 3.0595E-09 3.1829E-09 3.4425E-09 3.6725E-09 3.8509E-09 4.0104E-09 4.1715E-09 4.3391E-09 4.5135E-09 4.6948E-09 4.8833E-09 5.0790E-09 5.2821E-09 5.4926E-09 5.7108E-09 5.9365E-09 6.1722E-09 6.4268E-09 6.7019E-09 6.9813E-09 7.2798E-09 7.5754E-09 7.9460E-09 8.3468E-09 8.7778E-09 9.3290E-09 9.8223E-09 1.0305E-08 1.0819E-08 1.1374E-08 1.1963E-08 1.2589E-08
1.2483E-09 1.2892E-09 1.3371E-09 1.3842E-09 1.4317E-09 1.4856E-09 1.5372E-09 1.5922E-09 1.6528E-09 1.7091E-09 1.7744E-09 1.8626E-09 1.9523E-09 2.0228E-09 2.0958E-09 2.1710E-09 2.2473E-09 2.3257E-09 2.4065E-09 2.4897E-09 2.5754E-09 2.6636E-09 2.7542E-09 2.8473E-09 2.9430E-09 3.0412E-09 3.2097E-09 3.4742E-09 3.6548E-09 3.8182E-09 3.9699E-09 4.1278E-09 4.2921E-09 4.4629E-09 4.6403E-09 4.8246E-09 5.0158E-09 5.2140E-09 5.4195E-09 5.6324E-09 5.8528E-09 6.0816E-09 6.3309E-09 6.5921E-09 6.8728E-09 7.1582E-09 7.4444E-09 7.8467E-09 8.1986E-09 8.6579E-09 9.1964E-09 9.6396E-09 1.0109E-08 1.0607E-08 1.1141E-08 1.1714E-08 1.2326E-08
1.2501E-09 1.2922E-09 1.3414E-09 1.3858E-09 1.4359E-09 1.4882E-09 1.5380E-09 1.5960E-09 1.6531E-09 1.7105E-09 1.7755E-09 1.8696E-09 1.9516E-09 2.0201E-09 2.0907E-09 2.1637E-09 2.2389E-09 2.3164E-09 2.3964E-09 2.4787E-09 2.5633E-09 2.6505E-09 2.7401E-09 2.8321E-09 2.9265E-09 3.0233E-09 3.2380E-09 3.4656E-09 3.6274E-09 3.7833E-09 3.9321E-09 4.0869E-09 4.2478E-09 4.4150E-09 4.5885E-09 4.7687E-09 4.9556E-09 5.1495E-09 5.3503E-09 5.5581E-09 5.7729E-09 5.9947E-09 6.2368E-09 6.4883E-09 6.7603E-09 7.0423E-09 7.3184E-09 7.7305E-09 8.0642E-09 8.5604E-09 9.0320E-09 9.4618E-09 9.9175E-09 1.0399E-08 1.0922E-08 1.1474E-08 1.2071E-08
1.2514E-09 1.2960E-09 1.3424E-09 1.3865E-09 1.4379E-09 1.4885E-09 1.5380E-09 1.5971E-09 1.6522E-09 1.7127E-09 1.7828E-09 1.8737E-09 1.9464E-09 2.0141E-09 2.0841E-09 2.1562E-09 2.2307E-09 2.3074E-09 2.3864E-09 2.4679E-09 2.5516E-09 2.6377E-09 2.7261E-09 2.8169E-09 2.9100E-09 3.0230E-09 3.2517E-09 3.4470E-09 3.6055E-09 3.7500E-09 3.8960E-09 4.0477E-09 4.2053E-09 4.3691E-09 4.5391E-09 4.7154E-09 4.8982E-09 5.0875E-09 5.2834E-09 5.4860E-09 5.6953E-09 5.9113E-09 6.1431E-09 6.3916E-09 6.6470E-09 6.9166E-09 7.1966E-09 7.5975E-09 7.9398E-09 8.4620E-09 8.8695E-09 9.2851E-09 9.7279E-09 1.0199E-08 1.0700E-08 1.1236E-08 1.1802E-08
1.2524E-09 1.2980E-09 1.3430E-09 1.3870E-09 1.4394E-09 1.4884E-09 1.5406E-09 1.5977E-09 1.6510E-09 1.7125E-09 1.7938E-09 1.8761E-09 1.9411E-09 2.0082E-09 2.0774E-09 2.1489E-09 2.2226E-09 2.2985E-09 2.3767E-09 2.4571E-09 2.5398E-09 2.6248E-09 2.7120E-09 2.8015E-09 2.8933E-09 3.0366E-09 3.2669E-09 3.4284E-09 3.5800E-09 3.7178E-09 3.8611E-09 4.0099E-09 4.1644E-09 4.3248E-09 4.4911E-09 4.6634E-09 4.8420E-09 5.0269E-09 5.2180E-09 5.4155E-09 5.6195E-09 5.8298E-09 6.0516E-09 6.3040E-09 6.5451E-09 6.8043E-09 7.1443E-09 7.4691E-09 7.8497E-09 8.3304E-09 8.7076E-09 9.1101E-09 9.5419E-09 1.0000E-08 1.0482E-08 1.0996E-08 1.1550E-08
1.2542E-09 1.3008E-09 1.3432E-09 1.3896E-09 1.4404E-09 1.4879E-09 1.5425E-09 1.5964E-09 1.6493E-09 1.7117E-09 1.7966E-09 1.8712E-09 1.9357E-09 2.0022E-09 2.0708E-09 2.1415E-09 2.2144E-09 2.2894E-09 2.3667E-09 2.4461E-09 2.5278E-09 2.6116E-09 2.6977E-09 2.7860E-09 2.8765E-09 3.0548E-09 3.2639E-09 3.4099E-09 3.5512E-09 3.6865E-09 3.8270E-09 3.9729E-09 4.1242E-09 4.2812E-09 4.4439E-09 4.6124E-09 4.7869E-09 4.9673E-09 5.1538E-09 5.3463E-09 5.5450E-09 5.7498E-09 5.9648E-09 6.1939E-09 6.4437E-09 6.6963E-09 7.0427E-09 7.3500E-09 7.7609E-09 8.1826E-09 8.5498E-09 8.9394E-09 9.3557E-09 9.7988E-09 1.0267E-08 1.0764E-08 1.1294E-08
1.2556E-09 1.3009E-09 1.3431E-09 1.3917E-09 1.4397E-09 1.4869E-09 1.5424E-09 1.5947E-09 1.6501E-09 1.7105E-09 1.8045E-09 1.8663E-09 1.9302E-09 1.9960E-09 2.0639E-09 2.1338E-09 2.2059E-09 2.2801E-09 2.3564E-09 2.4348E-09 2.5154E-09 2.5982E-09 2.6831E-09 2.7701E-09 2.8689E-09 3.0736E-09 3.2441E-09 3.3912E-09 3.5227E-09 3.6554E-09 3.7933E-09 3.9363E-09 4.0845E-09 4.2381E-09 4.3972E-09 4.5619E-09 4.7323E-09 4.9084E-09 5.0903E-09 5.2780E-09 5.4715E-09 5.6708E-09 5.8807E-09 6.1027E-09 6.3346E-09 6.5782E-09 6.9146E-09 7.2231E-09 7.6716E-09 8.0368E-09 8.3933E-09 8.7721E-09 9.1750E-09 9.6031E-09 1.0055E-08 1.0529E-08 1.1040E-08
1.2578E-09 1.3006E-09 1.3426E-09 1.3921E-09 1.4387E-09 1.4869E-09 1.5419E-09 1.5926E-09 1.6502E-09 1.7189E-09 1.7999E-09 1.8612E-09 1.9244E-09 1.9895E-09 2.0567E-09 2.1259E-09 2.1971E-09 2.2704E-09 2.3458E-09 2.4232E-09 2.5027E-09 2.5844E-09 2.6681E-09 2.7539E-09 2.8692E-09 3.0856E-09 3.2278E-09 3.3686E-09 3.4942E-09 3.6245E-09 3.7597E-09 3.8997E-09 4.0449E-09 4.1952E-09 4.3508E-09 4.5118E-09 4.6782E-09 4.8500E-09 5.0274E-09 5.2103E-09 5.3988E-09 5.5928E-09 5.7949E-09 6.0127E-09 6.2368E-09 6.4720E-09 6.8005E-09 7.0998E-09 7.5671E-09 7.8928E-09 8.2397E-09 8.6092E-09 8.9963E-09 9.4102E-09 9.8424E-09 1.0303E-08 1.0789E-08
1.2594E-09 1.3000E-09 1.3429E-09 1.3921E-09 1.4373E-09 1.4875E-09 1.5398E-09 1.5900E-09 1.6485E-09 1.7259E-09 1.7950E-09 1.8557E-09 1.9182E-09 1.9827E-09 2.0491E-09 2.1175E-09 2.1879E-09 2.2603E-09 2.3347E-09 2.4112E-09 2.4897E-09 2.5702E-09 2.6527E-09 2.7373E-09 2.8845E-09 3.0713E-09 3.2040E-09 3.3424E-09 3.4657E-09 3.5935E-09 3.7260E-09 3.8632E-09 4.0053E-09 4.1524E-09 4.3046E-09 4.4618E-09 4.6243E-09 4.7920E-09 4.9649E-09 5.1432E-09 5.3267E-09 5.5156E-09 5.7153E-09 5.9160E-09 6.1413E-09 6.3692E-09 6.6728E-09 6.9997E-09 7.4348E-09 7.7502E-09 8.0850E-09 8.4445E-09 8.8160E-09 9.2157E-09 9.6332E-09 1.0077E-08 1.0539E-08
1.2587E-09 1.2990E-09 1.3439E-09 1.3905E-09 1.4355E-09 1.4877E-09 1.5372E-09 1.5871E-09 1.6462E-09 1.7265E-09 1.7898E-09 1.8498E-09 1.9117E-09 1.9755E-09 2.0412E-09 2.1088E-09 2.1783E-09 2.2498E-09 2.3233E-09 2.3988E-09 2.4762E-09 2.5556E-09 2.6369E-09 2.7203E-09 2.8930E-09 3.0596E-09 3.1897E-09 3.3159E-09 3.4369E-09 3.5622E-09 3.6921E-09 3.8265E-09 3.9657E-09 4.1095E-09 4.2583E-09 4.4119E-09 4.5705E-09 4.7341E-09 4.9028E-09 5.0766E-09 5.2553E-09 5.4391E-09 5.6332E-09 5.8266E-09 6.0368E-09 6.2977E-09 6.5570E-09 6.8816E-09 7.2716E-09 7.6110E-09 7.9358E-09 8.2802E-09 8.6401E-09 9.0231E-09 9.4264E-09 9.8493E-09 1.0291E-08
1.2576E-09 1.2977E-09 1.3444E-09 1.3887E-09 1.4333E-09 1.4862E-09 1.5342E-09 1.5873E-09 1.6423E-09 1.7265E-09 1.7842E-09 1.8436E-09 1.9048E-09 1.9679E-09 2.0328E-09 2.0996E-09 2.1683E-09 2.2390E-09 2.3115E-09 2.3859E-09 2.4623E-09 2.5406E-09 2.6208E-09 2.7107E-09 2.9046E-09 3.0437E-09 3.1714E-09 3.2891E-09 3.4078E-09 3.5307E-09 3.6580E-09 3.7897E-09 3.9258E-09 4.0666E-09 4.2119E-09 4.3621E-09 4.5169E-09 4.6765E-09 4.8410E-09 5.0102E-09 5.1843E-09 5.3631E-09 5.5467E-09 5.7398E-09 5.9437E-09 6.1963E-09 6.4481E-09 6.7895E-09 7.1220E-09 7.4748E-09 7.7874E-09 8.1180E-09 8.4669E-09 8.8326E-09 9.2182E-09 9.6209E-09 1.0047E-08
1.2562E-09 1.2961E-09 1.3434E-09 1.3864E-09 1.4318E-09 1.4832E-09 1.5309E-09 1.5857E-09 1.6475E-09 1.7211E-09 1.7782E-09 1.8369E-09 1.8975E-09 1.9599E-09 2.0241E-09 2.0901E-09 2.1580E-09 2.2277E-09 2.2992E-09 2.3727E-09 2.4480E-09 2.5251E-09 2.6042E-09 2.7152E-09 2.8970E-09 3.0239E-09 3.1494E-09 3.2619E-09 3.3784E-09 3.4989E-09 3.6236E-09 3.7526E-09 3.8858E-09 4.0235E-09 4.1656E-09 4.3122E-09 4.4633E-09 4.6190E-09 4.7793E-09 4.9442E-09 5.1137E-09 5.2877E-09 5.4662E-09 5.6527E-09 5.8515E-09 6.0836E-09 6.3243E-09 6.6700E-09 6.9830E-09 7.3353E-09 7.6377E-09 7.9563E-09 8.2909E-09 8.6437E-09 9.0113E-09 9.3985E-09 9.8025E-09
1.2545E-09 1.2941E-09 1.3411E-09 1.3838E-09 1.4319E-09 1.4798E-09 1.5271E-09 1.5825E-09 1.6562E-09 1.7153E-09 1.7718E-09 1.8299E-09 1.8899E-09 1.9515E-09 2.0149E-09 2.0802E-09 2.1472E-09 2.2160E-09 2.2866E-09 2.3590E-09 2.4332E-09 2.5093E-09 2.5871E-09 2.7212E-09 2.8821E-09 3.0006E-09 3.1240E-09 3.2344E-09 3.3487E-09 3.4668E-09 3.5890E-09 3.7153E-09 3.8456E-09 3.9802E-09 4.1191E-09 4.2622E-09 4.4098E-09 4.5616E-09 4.7179E-09 4.8785E-09 5.0434E-09 5.2127E-09 5.3862E-09 5.5639E-09 5.7509E-09 5.9758E-09 6.2086E-09 6.5274E-09 6.8289E-09 7.1393E-09 7.4906E-09 7.7980E-09 8.1200E-09 8.4567E-09 8.8082E-09 9.1770E-09 9.5635E-09
1.2525E-09 1.2947E-09 1.3385E-09 1.3809E-09 1.4306E-09 1.4761E-09 1.5230E-09 1.5778E-09 1.6550E-09 1.7092E-09 1.7650E-09 1.8226E-09 1.8818E-09 1.9427E-09 2.0054E-09 2.0698E-09 2.1359E-09 2.2038E-09 2.2735E-09 2.3449E-09 2.4180E-09 2.4930E-09 2.5696E-09 2.7282E-09 2.8603E-09 2.9769E-09 3.0951E-09 3.2065E-09 3.3186E-09 3.4344E-09 3.5541E-09 3.6777E-09 3.8052E-09 3.9368E-09 4.0725E-09 4.2123E-09 4.3562E-09 4.5043E-09 4.6565E-09 4.8129E-09 4.9735E-09 5.1381E-09 5.3068E-09 5.4795E-09 5.6609E-09 5.8794E-09 6.1265E-09 6.3971E-09 6.6791E-09 6.9954E-09 7.3470E-09 7.6418E-09 7.9492E-09 8.2710E-09 8.6072E-09 8.9597E-09 9.3288E-09
1.2501E-09 1.2947E-09 1.3355E-09 1.3776E-09 1.4269E-09 1.4720E-09 1.5215E-09 1.5728E-09 1.6490E-09 1.7027E-09 1.7579E-09 1.8148E-09 1.8733E-09 1.9335E-09 1.9954E-09 2.0590E-09 2.1243E-09 2.1913E-09 2.2599E-09 2.3303E-09 2.4024E-09 2.4762E-09 2.5517E-09 2.7111E-09 2.8523E-09 2.9637E-09 3.0689E-09 3.1783E-09 3.2881E-09 3.4016E-09 3.5188E-09 3.6398E-09 3.7646E-09 3.8932E-09 4.0257E-09 4.1622E-09 4.3026E-09 4.4470E-09 4.5953E-09 4.7477E-09 4.9039E-09 5.0640E-09 5.2280E-09 5.3956E-09 5.5717E-09 5.7745E-09 6.0001E-09 6.2750E-09 6.5553E-09 6.8303E-09 7.1331E-09 7.4850E-09 7.7801E-09 8.0876E-09 8.4107E-09 8.7472E-09 9.0968E-09
1.2475E-09 1.2917E-09 1.3322E-09 1.3740E-09 1.4228E-09 1.4676E-09 1.5186E-09 1.5715E-09 1.6427E-09 1.6958E-09 1.7504E-09 1.8067E-09 1.8645E-09 1.9240E-09 1.9851E-09 2.0478E-09 2.1122E-09 2.1783E-09 2.2460E-09 2.3154E-09 2.3864E-09 2.4591E-09 2.5525E-09 2.7131E-09 2.8205E-09 2.9359E-09 3.0424E-09 3.1496E-09 3.2574E-09 3.3686E-09 3.4833E-09 3.6017E-09 3.7237E-09 3.8494E-09 3.9788E-09 4.1120E-09 4.2490E-09 4.3898E-09 4.5343E-09 4.6826E-09 4.8346E-09 4.9903E-09 5.1497E-09 5.3125E-09 5.4789E-09 5.6725E-09 5.8869E-09 6.1409E-09 6.3899E-09 6.6732E-09 6.9869E-09 7.3296E-09 7.6132E-09 7.9092E-09 8.2161E-09 8.5372E-09 8.8738E-09
1.2445E-09 1.2885E-09 1.3287E-09 1.3727E-09 1.4184E-09 1.4628E-09 1.5142E-09 1.5812E-09 1.6360E-09 1.6885E-09 1.7425E-09 1.7981E-09 1.8553E-09 1.9140E-09 1.9743E-09 2.0362E-09 2.0998E-09 2.1649E-09 2.2317E-09 2.3000E-09 2.3700E-09 2.4416E-09 2.5610E-09 2.6889E-09 2.7975E-09 2.9083E-09 3.0125E-09 3.1174E-09 3.2262E-09 3.3351E-09 3.4475E-09 3.5633E-09 3.6826E-09 3.8054E-09 3.9318E-09 4.0618E-09 4.1954E-09 4.3326E-09 4.4734E-09 4.6177E-09 4.7657E-09 4.9171E-09 5.0719E-09 5.2302E-09 5.3918E-09 5.5745E-09 5.7833E-09 6.0135E-09 6.2660E-09 6.5461E-09 6.8306E-09 7.1019E-09 7.4501E-09 7.7318E-09 8.0266E-09 8.3326E-09 8.6512E-09
1.2413E-09 1.2849E-09 1.3247E-09 1.3710E-09 1.4137E-09 1.4577E-09 1.5086E-09 1.5786E-09 1.6290E-09 1.6809E-09 1.7343E-09 1.7892E-09 1.8456E-09 1.9036E-09 1.9632E-09 2.0243E-09 2.0869E-09 2.1512E-09 2.2169E-09 2.2843E-09 2.3532E-09 2.4237E-09 2.5410E-09 2.6674E-09 2.7715E-09 2.8801E-09 2.9820E-09 3.0881E-09 3.1947E-09 3.3014E-09 3.4114E-09 3.5246E-09 3.6412E-09 3.7612E-09 3.8846E-09 4.0115E-09 4.1418E-09 4.2755E-09 4.4126E-09 4.5531E-09 4.6971E-09 4.8445E-09 4.9950E-09 5.1488E-09 5.3057E-09 5.4656E-09 5.6764E-09 5.9028E-09 6.1251E-09 6.3689E-09 6.6457E-09 6.9537E-09 7.2558E-09 7.5598E-09 7.8406E-09 8.1327E-09 8.4370E-09
1.2418E-09 1.2810E-09 1.3205E-09 1.3664E-09 1.4087E-09 1.4522E-09 1.5026E-09 1.5718E-09 1.6217E-09 1.6730E-09 1.7257E-09 1.7800E-09 1.8357E-09 1.8929E-09 1.9517E-09 2.0119E-09 2.0737E-09 2.1370E-09 2.2019E-09 2.2682E-09 2.3361E-09 2.4054E-09 2.5262E-09 2.6338E-09 2.7384E-09 2.8478E-09 2.9544E-09 3.0585E-09 3.1629E-09 3.2674E-09 3.3750E-09 3.4857E-09 3.5997E-09 3.7169E-09 3.8374E-09 3.9612E-09 4.0882E-09 4.2186E-09 4.3522E-09 4.4891E-09 4.6292E-09 4.7724E-09 4.9188E-09 5.0682E-09 5.2206E-09 5.3758E-09 5.5597E-09 5.7597E-09 5.9915E-09 6.2389E-09 6.5137E-09 6.7619E-09 7.0498E-09 7.3886E-09 7.6591E-09 7.9389E-09 8.2280E-09
1.2380E-09 1.2768E-09 1.3160E-09 1.3606E-09 1.4034E-09 1.4498E-09 1.4963E-09 1.5609E-09 1.6140E-09 1.6647E-09 1.7168E-09 1.7704E-09 1.8254E-09 1.8819E-09 1.9398E-09 1.9992E-09 2.0602E-09 2.1225E-09 2.1864E-09 2.2518E-09 2.3186E-09 2.3868E-09 2.5059E-09 2.6165E-09 2.7169E-09 2.8194E-09 2.9237E-09 3.0254E-09 3.1275E-09 3.2331E-09 3.3383E-09 3.4466E-09 3.5580E-09 3.6725E-09 3.7902E-09 3.9110E-09 4.0349E-09 4.1619E-09 4.2921E-09 4.4254E-09 4.5617E-09 4.7010E-09 4.8433E-09 4.9885E-09 5.1365E-09 5.2872E-09 5.4430E-09 5.6500E-09 5.8773E-09 6.1215E-09 6.3246E-09 6.5987E-09 6.8989E-09 7.1393E-09 7.4818E-09 7.7477E-09 8.0234E-09
1.2339E-09 1.2724E-09 1.3112E-09 1.3554E-09 1.3977E-09 1.4437E-09 1.4888E-09 1.5536E-09 1.6060E-09 1.6560E-09 1.7075E-09 1.7604E-09 1.8147E-09 1.8704E-09 1.9276E-09 1.9862E-09 2.0462E-09 2.1077E-09 2.1706E-09 2.2350E-09 2.3007E-09 2.3785E-09 2.4889E-09 2.5852E-09 2.6900E-09 2.7904E-09 2.8924E-09 2.9918E-09 3.0952E-09 3.1985E-09 3.3015E-09 3.4074E-09 3.5163E-09 3.6282E-09 3.7430E-09 3.8609E-09 3.9817E-09 4.1055E-09 4.2324E-09 4.3621E-09 4.4948E-09 4.6303E-09 4.7686E-09 4.9097E-09 5.0533E-09 5.1996E-09 5.3484E-09 5.5287E-09 5.7261E-09 5.9492E-09 6.1956E-09 6.4636E-09 6.6770E-09 6.9803E-09 7.2692E-09 7.5613E-09 7.8234E-09
1.2288E-09 1.2669E-09 1.3084E-09 1.3499E-09 1.3918E-09 1.4373E-09 1.4952E-09 1.5459E-09 1.5976E-09 1.6471E-09 1.6979E-09 1.7502E-09 1.8037E-09 1.8587E-09 1.9151E-09 1.9728E-09 2.0320E-09 2.0925E-09 2.1545E-09 2.2178E-09 2.2825E-09 2.3694E-09 2.4578E-09 2.5514E-09 2.6532E-09 2.7543E-09 2.8571E-09 2.9614E-09 3.0594E-09 3.1603E-09 3.2646E-09 3.3682E-09 3.4746E-09 3.5838E-09 3.6959E-09 3.8109E-09 3.9288E-09 4.0494E-09 4.1730E-09 4.2993E-09 4.4283E-09 4.5601E-09 4.6946E-09 4.8317E-09 4.9713E-09 5.1133E-09 5.2576E-09 5.4069E-09 5.6133E-09 5.8353E-09 6.0350E-09 6.2639E-09 6.5352E-09 6.7918E-09 7.0505E-09 7.3425E-09 7.6278E-09
