Assets/Resources/2015_m01_d14_2200(utc+0800)_l00_csi_1hr_conc.grd
DSAA
         159         159
     -79.000      79.000
     -79.000      79.000
  0.0000E+00  0.1063E-04
[rows 0 to 24 of 159, columns 57 to 113 of 159]
7.3192E-09 7.1829E-09 7.0390E-09 6.8885E-09 6.7322E-09 6.5707E-09 6.4052E-09 6.2362E-09 6.0643E-09 5.8909E-09 5.7158E-09 5.5402E-09 5.3646E-09 5.1894E-09 5.0155E-09 4.8430E-09 4.6724E-09 4.5043E-09 4.3389E-09 4.1753E-09 4.0139E-09 3.8573E-09 3.7058E-09 3.5583E-09 3.4147E-09 3.2704E-09 3.1357E-09 3.0050E-09 2.8772E-09 2.7518E-09 2.6341E-09 2.5182E-09 2.4078E-09 2.3012E-09 2.1997E-09 2.1019E-09 2.0078E-09 1.9173E-09 1.8293E-09 1.7457E-09 1.6646E-09 1.5867E-09 1.5121E-09 1.4416E-09 1.3740E-09 1.3094E-09 1.2468E-09 1.1841E-09 1.1245E-09 1.0715E-09 1.0200E-09 9.7207E-10 9.2385E-10 8.7579E-10 8.3167E-10 7.9166E-10 7.5443E-10
7.4594E-09 7.3233E-09 7.1811E-09 7.0301E-09 6.8734E-09 6.7111E-09 6.5444E-09 6.3758E-09 6.2022E-09 6.0267E-09 5.8495E-09 5.6696E-09 5.4915E-09 5.3136E-09 5.1365E-09 4.9592E-09 4.7836E-09 4.6124E-09 4.4439E-09 4.2782E-09 4.1160E-09 3.9573E-09 3.8011E-09 3.6465E-09 3.4999E-09 3.3574E-09 3.2192E-09 3.0803E-09 2.9511E-09 2.8261E-09 2.7016E-09 2.5843E-09 2.4721E-09 2.3628E-09 2.2586E-09 2.1572E-09 2.0606E-09 1.9666E-09 1.8762E-09 1.7905E-09 1.7082E-09 1.6292E-09 1.5525E-09 1.4800E-09 1.4089E-09 1.3417E-09 1.2785E-09 1.2148E-09 1.1576E-09 1.1002E-09 1.0464E-09 9.9580E-10 9.4719E-10 9.0008E-10 8.5467E-10 8.1225E-10 7.7289E-10
7.6027E-09 7.4674E-09 7.3242E-09 7.1735E-09 7.0167E-09 6.8541E-09 6.6866E-09 6.5153E-09 6.3405E-09 6.1634E-09 5.9845E-09 5.8043E-09 5.6238E-09 5.4434E-09 5.2637E-09 5.0855E-09 4.9088E-09 4.7343E-09 4.5626E-09 4.3902E-09 4.2229E-09 4.0612E-09 3.9031E-09 3.7489E-09 3.5989E-09 3.4479E-09 3.3067E-09 3.1697E-09 3.0355E-09 2.9037E-09 2.7800E-09 2.6593E-09 2.5418E-09 2.4295E-09 2.3225E-09 2.2194E-09 2.1200E-09 2.0243E-09 1.9313E-09 1.8430E-09 1.7572E-09 1.6748E-09 1.5959E-09 1.5213E-09 1.4499E-09 1.3816E-09 1.3154E-09 1.2516E-09 1.1872E-09 1.1285E-09 1.0741E-09 1.0223E-09 9.7368E-10 9.2189E-10 8.7472E-10 8.3459E-10 7.9380E-10
7.7318E-09 7.5974E-09 7.4548E-09 7.3044E-09 7.1473E-09 6.9844E-09 6.8181E-09 6.6458E-09 6.4699E-09 6.2911E-09 6.1104E-09 5.9283E-09 5.7456E-09 5.5629E-09 5.3789E-09 5.1978E-09 5.0186E-09 4.8413E-09 4.6667E-09 4.4950E-09 4.3263E-09 4.1613E-09 3.9982E-09 3.8372E-09 3.6843E-09 3.5354E-09 3.3908E-09 3.2455E-09 3.1100E-09 2.9788E-09 2.8481E-09 2.7248E-09 2.6068E-09 2.4918E-09 2.3820E-09 2.2751E-09 2.1731E-09 2.0740E-09 1.9786E-09 1.8880E-09 1.8010E-09 1.7175E-09 1.6375E-09 1.5599E-09 1.4857E-09 1.4138E-09 1.3470E-09 1.2833E-09 1.2182E-09 1.1592E-09 1.1013E-09 1.0462E-09 9.9665E-10 9.4504E-10 8.9945E-10 8.5553E-10 8.1177E-10
7.8626E-09 7.7297E-09 7.5900E-09 7.4406E-09 7.2841E-09 7.1215E-09 6.9533E-09 6.7804E-09 6.6039E-09 6.4241E-09 6.2422E-09 6.0586E-09 5.8740E-09 5.6894E-09 5.5052E-09 5.3218E-09 5.1401E-09 4.9603E-09 4.7810E-09 4.6046E-09 4.4332E-09 4.2653E-09 4.1011E-09 3.9406E-09 3.7842E-09 3.6267E-09 3.4791E-09 3.3359E-09 3.1970E-09 3.0575E-09 2.9278E-09 2.8023E-09 2.6775E-09 2.5595E-09 2.4469E-09 2.3382E-09 2.2335E-09 2.1326E-09 2.0345E-09 1.9413E-09 1.8507E-09 1.7637E-09 1.6804E-09 1.6017E-09 1.5263E-09 1.4542E-09 1.3844E-09 1.3177E-09 1.2480E-09 1.1886E-09 1.1289E-09 1.0731E-09 1.0215E-09 9.6706E-10 9.2108E-10 8.7498E-10 8.3228E-10
7.9822E-09 7.8508E-09 7.7105E-09 7.5621E-09 7.4060E-09 7.2436E-09 7.0753E-09 6.9021E-09 6.7249E-09 6.5443E-09 6.3610E-09 6.1761E-09 5.9900E-09 5.8036E-09 5.6175E-09 5.4320E-09 5.2479E-09 5.0657E-09 4.8858E-09 4.7086E-09 4.5344E-09 4.3635E-09 4.1945E-09 4.0294E-09 3.8702E-09 3.7152E-09 3.5644E-09 3.4124E-09 3.2708E-09 3.1335E-09 2.9979E-09 2.8673E-09 2.7434E-09 2.6237E-09 2.5059E-09 2.3946E-09 2.2861E-09 2.1828E-09 2.0822E-09 1.9867E-09 1.8949E-09 1.8069E-09 1.7224E-09 1.6406E-09 1.5623E-09 1.4865E-09 1.4160E-09 1.3487E-09 1.2843E-09 1.2182E-09 1.1548E-09 1.0967E-09 1.0444E-09 9.8897E-10 9.4346E-10 8.9617E-10 8.4970E-10
8.0985E-09 7.9692E-09 7.8306E-09 7.6836E-09 7.5288E-09 7.3689E-09 7.2014E-09 7.0284E-09 6.8511E-09 6.6702E-09 6.4865E-09 6.3008E-09 6.1137E-09 5.9258E-09 5.7381E-09 5.5510E-09 5.3650E-09 5.1808E-09 4.9968E-09 4.8171E-09 4.6405E-09 4.4671E-09 4.2973E-09 4.1312E-09 3.9689E-09 3.8089E-09 3.6535E-09 3.5041E-09 3.3591E-09 3.2130E-09 3.0771E-09 2.9442E-09 2.8134E-09 2.6910E-09 2.5727E-09 2.4584E-09 2.3482E-09 2.2409E-09 2.1387E-09 2.0394E-09 1.9450E-09 1.8535E-09 1.7658E-09 1.6827E-09 1.6032E-09 1.5272E-09 1.4536E-09 1.3834E-09 1.3165E-09 1.2473E-09 1.1855E-09 1.1275E-09 1.0709E-09 1.0152E-09 9.6318E-10 9.1452E-10 8.7085E-10
8.2043E-09 8.0773E-09 7.9407E-09 7.7953E-09 7.6419E-09 7.4812E-09 7.3143E-09 7.1418E-09 6.9646E-09 6.7837E-09 6.5995E-09 6.4129E-09 6.2249E-09 6.0360E-09 5.8469E-09 5.6582E-09 5.4704E-09 5.2841E-09 5.0999E-09 4.9181E-09 4.7391E-09 4.5633E-09 4.3907E-09 4.2202E-09 4.0554E-09 3.8946E-09 3.7380E-09 3.5856E-09 3.4340E-09 3.2906E-09 3.1515E-09 3.0116E-09 2.8818E-09 2.7550E-09 2.6326E-09 2.5144E-09 2.4016E-09 2.2918E-09 2.1872E-09 2.0866E-09 1.9900E-09 1.8973E-09 1.8073E-09 1.7210E-09 1.6386E-09 1.5597E-09 1.4855E-09 1.4146E-09 1.3470E-09 1.2797E-09 1.2152E-09 1.1509E-09 1.0932E-09 1.0401E-09 9.8600E-10 9.3599E-10 8.9100E-10
8.3012E-09 8.1767E-09 8.0423E-09 7.8988E-09 7.7471E-09 7.5878E-09 7.4220E-09 7.2504E-09 7.0755E-09 6.8946E-09 6.7105E-09 6.5236E-09 6.3351E-09 6.1453E-09 5.9549E-09 5.7649E-09 5.5757E-09 5.3858E-09 5.1998E-09 5.0160E-09 4.8347E-09 4.6566E-09 4.4818E-09 4.3106E-09 4.1433E-09 3.9798E-09 3.8186E-09 3.6635E-09 3.5127E-09 3.3663E-09 3.2208E-09 3.0833E-09 2.9466E-09 2.8166E-09 2.6927E-09 2.5730E-09 2.4564E-09 2.3451E-09 2.2368E-09 2.1338E-09 2.0337E-09 1.9377E-09 1.8467E-09 1.7595E-09 1.6760E-09 1.5962E-09 1.5191E-09 1.4455E-09 1.3745E-09 1.3087E-09 1.2404E-09 1.1770E-09 1.1199E-09 1.0641E-09 1.0054E-09 9.5440E-10 9.1072E-10
8.3958E-09 8.2745E-09 8.1450E-09 8.0043E-09 7.8551E-09 7.6980E-09 7.5339E-09 7.3638E-09 7.1883E-09 7.0083E-09 6.8248E-09 6.6382E-09 6.4493E-09 6.2593E-09 6.0684E-09 5.8776E-09 5.6873E-09 5.4979E-09 5.3102E-09 5.1247E-09 4.9415E-09 4.7613E-09 4.5843E-09 4.4087E-09 4.2388E-09 4.0728E-09 3.9107E-09 3.7529E-09 3.5974E-09 3.4480E-09 3.3030E-09 3.1603E-09 3.0225E-09 2.8909E-09 2.7583E-09 2.6358E-09 2.5175E-09 2.4035E-09 2.2936E-09 2.1879E-09 2.0862E-09 1.9874E-09 1.8938E-09 1.8031E-09 1.7163E-09 1.6334E-09 1.5552E-09 1.4807E-09 1.4096E-09 1.3418E-09 1.2692E-09 1.2048E-09 1.1446E-09 1.0869E-09 1.0282E-09 9.8012E-10 9.2825E-10
8.4799E-09 8.3620E-09 8.2338E-09 8.0959E-09 7.9491E-09 7.7943E-09 7.6322E-09 7.4637E-09 7.2895E-09 7.1104E-09 6.9274E-09 6.7412E-09 6.5525E-09 6.3623E-09 6.1711E-09 5.9793E-09 5.7880E-09 5.5976E-09 5.4085E-09 5.2215E-09 5.0366E-09 4.8544E-09 4.6753E-09 4.4995E-09 4.3272E-09 4.1587E-09 3.9922E-09 3.8317E-09 3.6754E-09 3.5231E-09 3.3733E-09 3.2301E-09 3.0910E-09 2.9528E-09 2.8229E-09 2.6956E-09 2.5746E-09 2.4578E-09 2.3436E-09 2.2336E-09 2.1297E-09 2.0298E-09 1.9340E-09 1.8422E-09 1.7544E-09 1.6694E-09 1.5883E-09 1.5110E-09 1.4374E-09 1.3682E-09 1.3003E-09 1.2339E-09 1.1699E-09 1.1087E-09 1.0486E-09 9.9820E-10 9.4722E-10
8.5597E-09 8.4458E-09 8.3213E-09 8.1869E-09 8.0434E-09 7.8915E-09 7.7320E-09 7.5655E-09 7.3933E-09 7.2159E-09 7.0341E-09 6.8490E-09 6.6609E-09 6.4708E-09 6.2796E-09 6.0877E-09 5.8959E-09 5.7048E-09 5.5146E-09 5.3261E-09 5.1399E-09 4.9560E-09 4.7751E-09 4.5973E-09 4.4227E-09 4.2518E-09 4.0846E-09 3.9212E-09 3.7620E-09 3.6052E-09 3.4544E-09 3.3081E-09 3.1642E-09 3.0267E-09 2.8916E-09 2.7614E-09 2.6374E-09 2.5177E-09 2.4023E-09 2.2911E-09 2.1841E-09 2.0798E-09 1.9797E-09 1.8855E-09 1.7939E-09 1.7078E-09 1.6256E-09 1.5472E-09 1.4722E-09 1.3996E-09 1.3295E-09 1.2575E-09 1.1916E-09 1.1345E-09 1.0702E-09 1.0183E-09 9.6402E-10
8.6275E-09 8.5177E-09 8.3970E-09 8.2663E-09 8.1260E-09 7.9770E-09 7.8221E-09 7.6581E-09 7.4881E-09 7.3142E-09 7.1339E-09 6.9498E-09 6.7627E-09 6.5749E-09 6.3839E-09 6.1920E-09 5.9996E-09 5.8060E-09 5.6150E-09 5.4254E-09 5.2360E-09 5.0506E-09 4.8660E-09 4.6862E-09 4.5094E-09 4.3362E-09 4.1668E-09 4.0012E-09 3.8395E-09 3.6819E-09 3.5284E-09 3.3774E-09 3.2327E-09 3.0923E-09 2.9546E-09 2.8232E-09 2.6945E-09 2.5720E-09 2.4521E-09 2.3384E-09 2.2290E-09 2.1240E-09 2.0232E-09 1.9266E-09 1.8341E-09 1.7443E-09 1.6586E-09 1.5769E-09 1.5004E-09 1.4274E-09 1.3576E-09 1.2841E-09 1.2210E-09 1.1552E-09 1.0912E-09 1.0349E-09 9.8174E-10
8.6878E-09 8.5824E-09 8.4677E-09 8.3409E-09 8.2063E-09 8.0609E-09 7.9091E-09 7.7481E-09 7.5804E-09 7.4071E-09 7.2288E-09 7.0462E-09 6.8603E-09 6.6716E-09 6.4810E-09 6.2892E-09 6.0969E-09 5.9046E-09 5.7131E-09 5.5225E-09 5.3335E-09 5.1465E-09 4.9618E-09 4.7799E-09 4.5996E-09 4.4224E-09 4.2489E-09 4.0810E-09 3.9169E-09 3.7568E-09 3.6008E-09 3.4489E-09 3.3014E-09 3.1564E-09 3.0178E-09 2.8818E-09 2.7522E-09 2.6270E-09 2.5061E-09 2.3896E-09 2.2775E-09 2.1682E-09 2.0651E-09 1.9647E-09 1.8701E-09 1.7797E-09 1.6933E-09 1.6108E-09 1.5321E-09 1.4558E-09 1.3819E-09 1.3142E-09 1.2430E-09 1.1771E-09 1.1161E-09 1.0560E-09 9.9660E-10
8.7476E-09 8.6492E-09 8.5379E-09 8.4177E-09 8.2858E-09 8.1446E-09 7.9948E-09 7.8374E-09 7.6729E-09 7.5042E-09 7.3284E-09 7.1479E-09 6.9636E-09 6.7782E-09 6.5887E-09 6.3978E-09 6.2059E-09 6.0135E-09 5.8215E-09 5.6301E-09 5.4382E-09 5.2501E-09 5.0624E-09 4.8789E-09 4.6983E-09 4.5207E-09 4.3465E-09 4.1758E-09 4.0035E-09 3.8408E-09 3.6821E-09 3.5275E-09 3.3771E-09 3.2311E-09 3.0874E-09 2.9501E-09 2.8173E-09 2.6871E-09 2.5633E-09 2.4440E-09 2.3291E-09 2.2187E-09 2.1128E-09 2.0112E-09 1.9138E-09 1.8192E-09 1.7303E-09 1.6441E-09 1.5628E-09 1.4853E-09 1.4115E-09 1.3413E-09 1.2665E-09 1.1959E-09 1.1378E-09 1.0726E-09 1.0173E-09
8.7979E-09 8.7032E-09 8.5970E-09 8.4797E-09 8.3522E-09 8.2171E-09 8.0713E-09 7.9194E-09 7.7584E-09 7.5907E-09 7.4175E-09 7.2394E-09 7.0571E-09 6.8716E-09 6.6834E-09 6.4931E-09 6.3015E-09 6.1092E-09 5.9168E-09 5.7253E-09 5.5347E-09 5.3455E-09 5.1583E-09 4.9731E-09 4.7907E-09 4.6110E-09 4.4327E-09 4.2579E-09 4.0886E-09 3.9230E-09 3.7560E-09 3.5989E-09 3.4459E-09 3.2970E-09 3.1524E-09 3.0122E-09 2.8746E-09 2.7435E-09 2.6169E-09 2.4949E-09 2.3773E-09 2.2626E-09 2.1541E-09 2.0501E-09 1.9505E-09 1.8551E-09 1.7640E-09 1.6769E-09 1.5939E-09 1.5133E-09 1.4362E-09 1.3643E-09 1.2886E-09 1.2249E-09 1.1588E-09 1.0902E-09 1.0324E-09
8.8382E-09 8.7488E-09 8.6496E-09 8.5375E-09 8.4168E-09 8.2846E-09 8.1433E-09 7.9934E-09 7.8361E-09 7.6718E-09 7.5016E-09 7.3262E-09 7.1461E-09 6.9640E-09 6.7771E-09 6.5878E-09 6.3971E-09 6.2056E-09 6.0135E-09 5.8217E-09 5.6306E-09 5.4405E-09 5.2522E-09 5.0639E-09 4.8797E-09 4.6984E-09 4.5198E-09 4.3446E-09 4.1728E-09 4.0028E-09 3.8367E-09 3.6763E-09 3.5145E-09 3.3631E-09 3.2158E-09 3.0729E-09 2.9343E-09 2.7983E-09 2.6690E-09 2.5443E-09 2.4241E-09 2.3085E-09 2.1974E-09 2.0908E-09 1.9886E-09 1.8908E-09 1.7958E-09 1.7066E-09 1.6216E-09 1.5406E-09 1.4634E-09 1.3897E-09 1.3182E-09 1.2436E-09 1.1759E-09 1.1069E-09 1.0529E-09
8.8784E-09 8.7969E-09 8.7021E-09 8.5959E-09 8.4788E-09 8.3518E-09 8.2154E-09 8.0703E-09 7.9190E-09 7.7589E-09 7.5922E-09 7.4199E-09 7.2426E-09 7.0611E-09 6.8764E-09 6.6891E-09 6.4996E-09 6.3090E-09 6.1174E-09 5.9258E-09 5.7344E-09 5.5437E-09 5.3543E-09 5.1667E-09 4.9810E-09 4.7978E-09 4.6173E-09 4.4396E-09 4.2634E-09 4.0924E-09 3.9249E-09 3.7615E-09 3.5986E-09 3.4434E-09 3.2871E-09 3.1410E-09 2.9994E-09 2.8624E-09 2.7299E-09 2.6020E-09 2.4786E-09 2.3599E-09 2.2440E-09 2.1346E-09 2.0296E-09 1.9291E-09 1.8331E-09 1.7408E-09 1.6527E-09 1.5674E-09 1.4878E-09 1.4121E-09 1.3403E-09 1.2646E-09 1.1949E-09 1.1306E-09 1.0672E-09
8.9080E-09 8.8309E-09 8.7418E-09 8.6413E-09 8.5298E-09 8.4099E-09 8.2786E-09 8.1382E-09 7.9896E-09 7.8334E-09 7.6702E-09 7.5011E-09 7.3270E-09 7.1501E-09 6.9677E-09 6.7823E-09 6.5942E-09 6.4047E-09 6.2139E-09 6.0223E-09 5.8309E-09 5.6399E-09 5.4498E-09 5.2612E-09 5.0743E-09 4.8876E-09 4.7050E-09 4.5251E-09 4.3483E-09 4.1749E-09 4.0049E-09 3.8368E-09 3.6744E-09 3.5159E-09 3.3584E-09 3.2090E-09 3.0589E-09 2.9191E-09 2.7837E-09 2.6529E-09 2.5268E-09 2.4052E-09 2.2883E-09 2.1761E-09 2.0684E-09 1.9653E-09 1.8651E-09 1.7711E-09 1.6813E-09 1.5953E-09 1.5135E-09 1.4357E-09 1.3619E-09 1.2857E-09 1.2179E-09 1.1469E-09 1.0830E-09
8.9292E-09 8.8584E-09 8.7773E-09 8.6829E-09 8.5773E-09 8.4611E-09 8.3351E-09 8.1996E-09 8.0556E-09 7.9057E-09 7.7470E-09 7.5817E-09 7.4110E-09 7.2353E-09 7.0554E-09 6.8721E-09 6.6859E-09 6.4974E-09 6.3076E-09 6.1167E-09 5.9256E-09 5.7345E-09 5.5440E-09 5.3543E-09 5.1659E-09 4.9793E-09 4.7951E-09 4.6133E-09 4.4343E-09 4.2564E-09 4.0838E-09 3.9146E-09 3.7494E-09 3.5864E-09 3.4293E-09 3.2765E-09 3.1247E-09 2.9777E-09 2.8377E-09 2.7040E-09 2.5749E-09 2.4506E-09 2.3309E-09 2.2159E-09 2.1056E-09 1.9999E-09 1.8989E-09 1.8024E-09 1.7104E-09 1.6227E-09 1.5375E-09 1.4579E-09 1.3824E-09 1.3108E-09 1.2359E-09 1.1667E-09 1.1010E-09
8.9511E-09 8.8873E-09 8.8112E-09 8.7233E-09 8.6240E-09 8.5140E-09 8.3958E-09 8.2664E-09 8.1280E-09 7.9814E-09 7.8274E-09 7.6666E-09 7.4998E-09 7.3276E-09 7.1507E-09 6.9700E-09 6.7862E-09 6.5996E-09 6.4112E-09 6.2214E-09 6.0306E-09 5.8394E-09 5.6482E-09 5.4577E-09 5.2685E-09 5.0806E-09 4.8945E-09 4.7106E-09 4.5291E-09 4.3506E-09 4.1753E-09 4.0033E-09 3.8329E-09 3.6683E-09 3.5077E-09 3.3496E-09 3.1979E-09 3.0470E-09 2.9049E-09 2.7657E-09 2.6313E-09 2.5035E-09 2.3788E-09 2.2607E-09 2.1474E-09 2.0388E-09 1.9350E-09 1.8353E-09 1.7402E-09 1.6497E-09 1.5637E-09 1.4819E-09 1.4040E-09 1.3292E-09 1.2523E-09 1.1854E-09 1.1153E-09
8.9607E-09 8.9034E-09 8.8338E-09 8.7542E-09 8.6616E-09 8.5581E-09 8.4441E-09 8.3204E-09 8.1874E-09 8.0460E-09 7.8968E-09 7.7404E-09 7.5775E-09 7.4091E-09 7.2356E-09 7.0577E-09 6.8764E-09 6.6919E-09 6.5049E-09 6.3159E-09 6.1255E-09 5.9346E-09 5.7435E-09 5.5526E-09 5.3623E-09 5.1732E-09 4.9855E-09 4.8000E-09 4.6169E-09 4.4361E-09 4.2582E-09 4.0833E-09 3.9118E-09 3.7442E-09 3.5805E-09 3.4192E-09 3.2642E-09 3.1118E-09 2.9641E-09 2.8216E-09 2.6856E-09 2.5544E-09 2.4281E-09 2.3050E-09 2.1886E-09 2.0755E-09 1.9674E-09 1.8658E-09 1.7688E-09 1.6761E-09 1.5879E-09 1.5041E-09 1.4247E-09 1.3490E-09 1.2740E-09 1.2038E-09 1.1282E-09
8.9638E-09 8.9152E-09 8.8528E-09 8.7784E-09 8.6924E-09 8.5954E-09 8.4877E-09 8.3699E-09 8.2428E-09 8.1068E-09 7.9626E-09 7.8111E-09 7.6527E-09 7.4883E-09 7.3185E-09 7.1439E-09 6.9650E-09 6.7825E-09 6.5971E-09 6.4097E-09 6.2205E-09 6.0300E-09 5.8389E-09 5.6476E-09 5.4567E-09 5.2669E-09 5.0783E-09 4.8911E-09 4.7057E-09 4.5226E-09 4.3421E-09 4.1648E-09 3.9906E-09 3.8201E-09 3.6534E-09 3.4906E-09 3.3322E-09 3.1764E-09 3.0270E-09 2.8808E-09 2.7394E-09 2.6049E-09 2.4734E-09 2.3489E-09 2.2294E-09 2.1149E-09 2.0053E-09 1.9008E-09 1.7997E-09 1.7036E-09 1.6119E-09 1.5261E-09 1.4448E-09 1.3677E-09 1.2945E-09 1.2182E-09 1.1448E-09
8.9679E-09 8.9252E-09 8.8701E-09 8.8030E-09 8.7242E-09 8.6343E-09 8.5335E-09 8.4224E-09 8.3017E-09 8.1719E-09 8.0336E-09 7.8876E-09 7.7345E-09 7.5746E-09 7.4088E-09 7.2377E-09 7.0620E-09 6.8825E-09 6.6996E-09 6.5138E-09 6.3258E-09 6.1360E-09 5.9455E-09 5.7546E-09 5.5635E-09 5.3726E-09 5.1824E-09 4.9933E-09 4.8060E-09 4.6207E-09 4.4375E-09 4.2571E-09 4.0796E-09 3.9056E-09 3.7351E-09 3.5685E-09 3.4062E-09 3.2482E-09 3.0918E-09 2.9423E-09 2.7960E-09 2.6578E-09 2.5238E-09 2.3958E-09 2.2728E-09 2.1550E-09 2.0409E-09 1.9320E-09 1.8298E-09 1.7325E-09 1.6400E-09 1.5522E-09 1.4658E-09 1.3855E-09 1.3110E-09 1.2327E-09 1.1636E-09
8.9644E-09 8.9292E-09 8.8816E-09 8.8221E-09 8.7507E-09 8.6681E-09 8.5746E-09 8.4707E-09 8.3568E-09 8.2336E-09 8.1016E-09 7.9614E-09 7.8135E-09 7.6585E-09 7.4975E-09 7.3307E-09 7.1588E-09 6.9823E-09 6.8020E-09 6.6183E-09 6.4324E-09 6.2444E-09 6.0547E-09 5.8638E-09 5.6722E-09 5.4804E-09 5.2893E-09 5.0988E-09 4.9096E-09 4.7220E-09 4.5362E-09 4.3529E-09 4.1722E-09 3.9945E-09 3.8202E-09 3.6498E-09 3.4834E-09 3.3212E-09 3.1635E-09 3.0083E-09 2.8565E-09 2.7123E-09 2.5734E-09 2.4402E-09 2.3141E-09 2.1932E-09 2.0775E-09 1.9671E-09 1.8619E-09 1.7618E-09 1.6654E-09 1.5740E-09 1.4888E-09 1.4074E-09 1.3307E-09 1.2557E-09 1.1764E-09
