Assets/Resources/2015_m01_d03_1700(utc+0800)_l00_csi_1hr_conc.grd
DSAA
         159         159
     -79.000      79.000
     -79.000      79.000
  0.0000E+00  0.3280E-05
[rows 125 to 149 of 159, columns 0 to 56 of 159]
0.0000E+00 0.0000E+00 0.0000E+00 0.0000E+00 0.0000E+00 3.6609E-12 1.5395E-11 2.1878E-11 2.4278E-11 2.7223E-11 2.9887E-11 3.3421E-11 3.6482E-11 4.0362E-11 4.3909E-11 4.8047E-11 5.1728E-11 5.6402E-11 6.0645E-11 6.5161E-11 7.0773E-11 7.5946E-11 8.2233E-11 8.8130E-11 9.5444E-11 1.0253E-10 1.0968E-10 1.1874E-10 1.2686E-10 1.3690E-10 1.4610E-10 1.5580E-10 1.6754E-10 1.7844E-10 1.8993E-10 2.0355E-10 2.1639E-10 2.2988E-10 2.4617E-10 2.6145E-10 2.7768E-10 2.9704E-10 3.1552E-10 3.3603E-10 3.5782E-10 3.7962E-10 4.0455E-10 4.2857E-10 4.5358E-10 4.8131E-10 5.0838E-10 5.3635E-10 5.6701E-10 5.9694E-10 6.2777E-10 6.6133E-10 6.9408E-10
0.0000E+00 0.0000E+00 0.0000E+00 0.0000E+00 0.0000E+00 2.7368E-12 1.4015E-11 2.1578E-11 2.3964E-11 2.7063E-11 2.9522E-11 3.3043E-11 3.6073E-11 3.9924E-11 4.3447E-11 4.7692E-11 5.1347E-11 5.6002E-11 6.0218E-11 6.4900E-11 7.0296E-11 7.5437E-11 8.1701E-11 8.7564E-11 9.5202E-11 1.0192E-10 1.0902E-10 1.1806E-10 1.2615E-10 1.3617E-10 1.4533E-10 1.5498E-10 1.6671E-10 1.7757E-10 1.8901E-10 2.0262E-10 2.1541E-10 2.2884E-10 2.4502E-10 2.6015E-10 2.7763E-10 2.9531E-10 3.1352E-10 3.3488E-10 3.5541E-10 3.7699E-10 4.0180E-10 4.2565E-10 4.5051E-10 4.7815E-10 5.0513E-10 5.3303E-10 5.6368E-10 5.9353E-10 6.2470E-10 6.5783E-10 6.9052E-10
0.0000E+00 0.0000E+00 0.0000E+00 0.0000E+00 0.0000E+00 2.2234E-12 1.2707E-11 2.1275E-11 2.3636E-11 2.6713E-11 2.9151E-11 3.2646E-11 3.5646E-11 3.9475E-11 4.2963E-11 4.7309E-11 5.0938E-11 5.5571E-11 5.9757E-11 6.4789E-11 6.9779E-11 7.4886E-11 8.1123E-11 8.6948E-11 9.4565E-11 1.0124E-10 1.0830E-10 1.1732E-10 1.2537E-10 1.3537E-10 1.4447E-10 1.5408E-10 1.6578E-10 1.7659E-10 1.8798E-10 2.0156E-10 2.1430E-10 2.2768E-10 2.4383E-10 2.5880E-10 2.7664E-10 2.9357E-10 3.1151E-10 3.3265E-10 3.5293E-10 3.7429E-10 3.9893E-10 4.2260E-10 4.4771E-10 4.7485E-10 5.0169E-10 5.3035E-10 5.6012E-10 5.8989E-10 6.2235E-10 6.5407E-10 6.8669E-10
0.0000E+00 0.0000E+00 0.0000E+00 0.0000E+00 0.0000E+00 2.2274E-12 1.0507E-11 2.1135E-11 2.3296E-11 2.6349E-11 2.8764E-11 3.2232E-11 3.5072E-11 3.9005E-11 4.2456E-11 4.6775E-11 5.0500E-11 5.5108E-11 5.9263E-11 6.4452E-11 6.9222E-11 7.4292E-11 8.0498E-11 8.6283E-11 9.3873E-11 1.0050E-10 1.0895E-10 1.1651E-10 1.2451E-10 1.3448E-10 1.4353E-10 1.5309E-10 1.6475E-10 1.7551E-10 1.8684E-10 2.0039E-10 2.1307E-10 2.2834E-10 2.4251E-10 2.5737E-10 2.7509E-10 2.9181E-10 3.0950E-10 3.3040E-10 3.5042E-10 3.7253E-10 3.9598E-10 4.1943E-10 4.4567E-10 4.7137E-10 4.9808E-10 5.2754E-10 5.5633E-10 5.8603E-10 6.1846E-10 6.5009E-10 6.8260E-10
0.0000E+00 0.0000E+00 0.0000E+00 0.0000E+00 0.0000E+00 2.2297E-12 9.1979E-12 2.0140E-11 2.2944E-11 2.5980E-11 2.8363E-11 3.1802E-11 3.4614E-11 3.8515E-11 4.1801E-11 4.6218E-11 5.0034E-11 5.4616E-11 5.8735E-11 6.3894E-11 6.8627E-11 7.3853E-11 7.9828E-11 8.5569E-11 9.3128E-11 9.9711E-11 1.0813E-10 1.1564E-10 1.2358E-10 1.3351E-10 1.4251E-10 1.5276E-10 1.6363E-10 1.7433E-10 1.8674E-10 1.9910E-10 2.1171E-10 2.2695E-10 2.4104E-10 2.5583E-10 2.7346E-10 2.9000E-10 3.0845E-10 3.2813E-10 3.4785E-10 3.7082E-10 3.9293E-10 4.1616E-10 4.4222E-10 4.6772E-10 4.9426E-10 5.2364E-10 5.5231E-10 5.8192E-10 6.1431E-10 6.4586E-10 6.7963E-10
0.0000E+00 0.0000E+00 0.0000E+00 0.0000E+00 0.0000E+00 2.2302E-12 7.2764E-12 1.9044E-11 2.2589E-11 2.5598E-11 2.7947E-11 3.1364E-11 3.4270E-11 3.8006E-11 4.1258E-11 4.5637E-11 4.9416E-11 5.4093E-11 5.8176E-11 6.3302E-11 6.7994E-11 7.3564E-11 7.9114E-11 8.4807E-11 9.2332E-11 9.8863E-11 1.0724E-10 1.1470E-10 1.2258E-10 1.3247E-10 1.4141E-10 1.5234E-10 1.6242E-10 1.7305E-10 1.8578E-10 1.9770E-10 2.1023E-10 2.2542E-10 2.3944E-10 2.5415E-10 2.7172E-10 2.8810E-10 3.0743E-10 3.2582E-10 3.4526E-10 3.6797E-10 3.8983E-10 4.1279E-10 4.3866E-10 4.6395E-10 4.9029E-10 5.1953E-10 5.4806E-10 5.7889E-10 6.0991E-10 6.4138E-10 6.7553E-10
0.0000E+00 0.0000E+00 0.0000E+00 0.0000E+00 0.0000E+00 2.2289E-12 6.1958E-12 1.7146E-11 2.2222E-11 2.5202E-11 2.7526E-11 3.0911E-11 3.3781E-11 3.7487E-11 4.0696E-11 4.5035E-11 4.8773E-11 5.3542E-11 5.7586E-11 6.2676E-11 6.7324E-11 7.2853E-11 7.8357E-11 8.3999E-11 9.1484E-11 9.7961E-11 1.0630E-10 1.1369E-10 1.2261E-10 1.3136E-10 1.4023E-10 1.5110E-10 1.6111E-10 1.7167E-10 1.8434E-10 1.9618E-10 2.0863E-10 2.2377E-10 2.3770E-10 2.5431E-10 2.6984E-10 2.8610E-10 3.0528E-10 3.2346E-10 3.4263E-10 3.6508E-10 3.8664E-10 4.0932E-10 4.3498E-10 4.6004E-10 4.8748E-10 5.1526E-10 5.4362E-10 5.7477E-10 6.0524E-10 6.3662E-10 6.7074E-10
0.0000E+00 0.0000E+00 0.0000E+00 0.0000E+00 0.0000E+00 2.2259E-12 5.6425E-12 1.5006E-11 2.1521E-11 2.4795E-11 2.7092E-11 3.0443E-11 3.3148E-11 3.6950E-11 4.0114E-11 4.4419E-11 4.8108E-11 5.2963E-11 5.6965E-11 6.2017E-11 6.6619E-11 7.2291E-11 7.7557E-11 8.3506E-11 9.0587E-11 9.7005E-11 1.0529E-10 1.1262E-10 1.2184E-10 1.3017E-10 1.3897E-10 1.4978E-10 1.5972E-10 1.7019E-10 1.8280E-10 1.9455E-10 2.0691E-10 2.2198E-10 2.3582E-10 2.5237E-10 2.6779E-10 2.8396E-10 3.0304E-10 3.2102E-10 3.3995E-10 3.6215E-10 3.8340E-10 4.0751E-10 4.3118E-10 4.5599E-10 4.8367E-10 5.1081E-10 5.3898E-10 5.7001E-10 6.0032E-10 6.3202E-10 6.6566E-10
0.0000E+00 0.0000E+00 0.0000E+00 0.0000E+00 0.0000E+00 2.2210E-12 5.2189E-12 1.3332E-11 1.9816E-11 2.4384E-11 2.6645E-11 2.9961E-11 3.2633E-11 3.6396E-11 3.9523E-11 4.3783E-11 4.7420E-11 5.2106E-11 5.6316E-11 6.1325E-11 6.5879E-11 7.1505E-11 7.6718E-11 8.2966E-11 8.9642E-11 9.5997E-11 1.0423E-10 1.1150E-10 1.2065E-10 1.2891E-10 1.3763E-10 1.4838E-10 1.5823E-10 1.6862E-10 1.8115E-10 1.9282E-10 2.0508E-10 2.2008E-10 2.3381E-10 2.5028E-10 2.6560E-10 2.8166E-10 3.0065E-10 3.1847E-10 3.3928E-10 3.5917E-10 3.8011E-10 4.0393E-10 4.2732E-10 4.5181E-10 4.7929E-10 5.0616E-10 5.3457E-10 5.6501E-10 5.9517E-10 6.2763E-10 6.6029E-10
0.0000E+00 0.0000E+00 0.0000E+00 0.0000E+00 0.0000E+00 2.2144E-12 4.9249E-12 1.2062E-11 1.8465E-11 2.3963E-11 2.6186E-11 2.9474E-11 3.2104E-11 3.5697E-11 3.8913E-11 4.3128E-11 4.6720E-11 5.1352E-11 5.5638E-11 6.0603E-11 6.5106E-11 7.0683E-11 7.5838E-11 8.2379E-11 8.8650E-11 9.4940E-11 1.0312E-10 1.1031E-10 1.1940E-10 1.2758E-10 1.3622E-10 1.4690E-10 1.5666E-10 1.6695E-10 1.7941E-10 1.9097E-10 2.0461E-10 2.1805E-10 2.3167E-10 2.4806E-10 2.6326E-10 2.7919E-10 2.9810E-10 3.1579E-10 3.3644E-10 3.5609E-10 3.7675E-10 4.0029E-10 4.2334E-10 4.4755E-10 4.7475E-10 5.0138E-10 5.2954E-10 5.5978E-10 5.8975E-10 6.2254E-10 6.5462E-10
0.0000E+00 0.0000E+00 0.0000E+00 0.0000E+00 0.0000E+00 2.0299E-12 4.2310E-12 1.0944E-11 1.6824E-11 2.2880E-11 2.5725E-11 2.8974E-11 3.1561E-11 3.5118E-11 3.8287E-11 4.2327E-11 4.6191E-11 5.0576E-11 5.4811E-11 5.9850E-11 6.4300E-11 6.9825E-11 7.4921E-11 8.1406E-11 8.7613E-11 9.3833E-11 1.0195E-10 1.0906E-10 1.1809E-10 1.2618E-10 1.3474E-10 1.4534E-10 1.5501E-10 1.6520E-10 1.7757E-10 1.8903E-10 2.0304E-10 2.1590E-10 2.2940E-10 2.4569E-10 2.6077E-10 2.7862E-10 2.9538E-10 3.1293E-10 3.3346E-10 3.5289E-10 3.7330E-10 3.9656E-10 4.1929E-10 4.4316E-10 4.7010E-10 4.9644E-10 5.2568E-10 5.5438E-10 5.8412E-10 6.1675E-10 6.4865E-10
0.0000E+00 0.0000E+00 0.0000E+00 0.0000E+00 0.0000E+00 2.0205E-12 4.2096E-12 9.9369E-12 1.5361E-11 2.1461E-11 2.5252E-11 2.8461E-11 3.1014E-11 3.4523E-11 3.7835E-11 4.1641E-11 4.5452E-11 4.9787E-11 5.3831E-11 5.9069E-11 6.3464E-11 6.8933E-11 7.3968E-11 8.0393E-11 8.6532E-11 9.3047E-11 1.0073E-10 1.0776E-10 1.1672E-10 1.2472E-10 1.3318E-10 1.4370E-10 1.5327E-10 1.6375E-10 1.7564E-10 1.8698E-10 2.0090E-10 2.1363E-10 2.2701E-10 2.4320E-10 2.5814E-10 2.7588E-10 2.9250E-10 3.0990E-10 3.3032E-10 3.4957E-10 3.6973E-10 3.9275E-10 4.1515E-10 4.4044E-10 4.6531E-10 4.9133E-10 5.2033E-10 5.4877E-10 5.7871E-10 6.1072E-10 6.4244E-10
0.0000E+00 0.0000E+00 0.0000E+00 0.0000E+00 0.0000E+00 2.0096E-12 3.8004E-12 8.9425E-12 1.4425E-11 2.0016E-11 2.4446E-11 2.7809E-11 3.0454E-11 3.3914E-11 3.7186E-11 4.0938E-11 4.4568E-11 4.8977E-11 5.2957E-11 5.8011E-11 6.2598E-11 6.8008E-11 7.2979E-11 7.9681E-11 8.5410E-11 9.2209E-11 9.9459E-11 1.0641E-10 1.1528E-10 1.2320E-10 1.3194E-10 1.4199E-10 1.5146E-10 1.6222E-10 1.7361E-10 1.8483E-10 1.9865E-10 2.1125E-10 2.2501E-10 2.4057E-10 2.5537E-10 2.7299E-10 2.8946E-10 3.0670E-10 3.2699E-10 3.4608E-10 3.6775E-10 3.8882E-10 4.1092E-10 4.3591E-10 4.6041E-10 4.8611E-10 5.1480E-10 5.4296E-10 5.7309E-10 6.0444E-10 6.3594E-10
0.0000E+00 0.0000E+00 0.0000E+00 0.0000E+00 0.0000E+00 1.6114E-12 3.7757E-12 8.1943E-12 1.3768E-11 1.8103E-11 2.3141E-11 2.7281E-11 2.9882E-11 3.3302E-11 3.6391E-11 4.0219E-11 4.3800E-11 4.8149E-11 5.2071E-11 5.7056E-11 6.1579E-11 6.7053E-11 7.1957E-11 7.8593E-11 8.4247E-11 9.0972E-11 9.8142E-11 1.0501E-10 1.1380E-10 1.2162E-10 1.3064E-10 1.4021E-10 1.4957E-10 1.6059E-10 1.7150E-10 1.8260E-10 1.9630E-10 2.0877E-10 2.2289E-10 2.3782E-10 2.5247E-10 2.6996E-10 2.8626E-10 3.0334E-10 3.2349E-10 3.4241E-10 3.6392E-10 3.8475E-10 4.0658E-10 4.3126E-10 4.5542E-10 4.8119E-10 5.0915E-10 5.3696E-10 5.6683E-10 5.9791E-10 6.2916E-10
0.0000E+00 0.0000E+00 0.0000E+00 0.0000E+00 0.0000E+00 1.4219E-12 3.7481E-12 7.0330E-12 1.3236E-11 1.6940E-11 2.1806E-11 2.6582E-11 2.9171E-11 3.2676E-11 3.5713E-11 3.9495E-11 4.3015E-11 4.7175E-11 5.1166E-11 5.6080E-11 6.0536E-11 6.6068E-11 7.0903E-11 7.7469E-11 8.3047E-11 8.9693E-11 9.6779E-11 1.0355E-10 1.1225E-10 1.1998E-10 1.2889E-10 1.3837E-10 1.4761E-10 1.5852E-10 1.6930E-10 1.8027E-10 1.9385E-10 2.0618E-10 2.2066E-10 2.3494E-10 2.4943E-10 2.6678E-10 2.8292E-10 3.0090E-10 3.1982E-10 3.3855E-10 3.5990E-10 3.8053E-10 4.0208E-10 4.2650E-10 4.5031E-10 4.7572E-10 5.0332E-10 5.3081E-10 5.6126E-10 5.9117E-10 6.2215E-10
0.0000E+00 0.0000E+00 0.0000E+00 0.0000E+00 0.0000E+00 1.0173E-12 3.3291E-12 6.3053E-12 1.2440E-11 1.5827E-11 2.0312E-11 2.5553E-11 2.8585E-11 3.2039E-11 3.4841E-11 3.8623E-11 4.2215E-11 4.6319E-11 5.0242E-11 5.5092E-11 5.9470E-11 6.4931E-11 6.9819E-11 7.6312E-11 8.1810E-11 8.8374E-11 9.5373E-11 1.0206E-10 1.1066E-10 1.1828E-10 1.2709E-10 1.3646E-10 1.4558E-10 1.5637E-10 1.6702E-10 1.7785E-10 1.9130E-10 2.0348E-10 2.1831E-10 2.3195E-10 2.4628E-10 2.6347E-10 2.7943E-10 2.9827E-10 3.1598E-10 3.3452E-10 3.5568E-10 3.7611E-10 3.9743E-10 4.2157E-10 4.4507E-10 4.7101E-10 4.9737E-10 5.2448E-10 5.5461E-10 5.8420E-10 6.1624E-10
0.0000E+00 0.0000E+00 0.0000E+00 0.0000E+00 0.0000E+00 1.0090E-12 3.2999E-12 5.5898E-12 1.1011E-11 1.4941E-11 1.8874E-11 2.4154E-11 2.7828E-11 3.1263E-11 3.4148E-11 3.7869E-11 4.1280E-11 4.5446E-11 4.9175E-11 5.3954E-11 5.8257E-11 6.3770E-11 6.8707E-11 7.5123E-11 8.0538E-11 8.7018E-11 9.3926E-11 1.0051E-10 1.0902E-10 1.1653E-10 1.2560E-10 1.3448E-10 1.4348E-10 1.5452E-10 1.6467E-10 1.7536E-10 1.8867E-10 2.0069E-10 2.1537E-10 2.2885E-10 2.4300E-10 2.6004E-10 2.7581E-10 2.9447E-10 3.1199E-10 3.3032E-10 3.5129E-10 3.7150E-10 3.9259E-10 4.1651E-10 4.3969E-10 4.6574E-10 4.9128E-10 5.1799E-10 5.4779E-10 5.7702E-10 6.0875E-10
0.0000E+00 0.0000E+00 0.0000E+00 0.0000E+00 0.0000E+00 8.1871E-13 2.8726E-12 5.3555E-12 1.0351E-11 1.4495E-11 1.7663E-11 2.2602E-11 2.6740E-11 3.0613E-11 3.3444E-11 3.7113E-11 4.0459E-11 4.4431E-11 4.8226E-11 5.2927E-11 5.7160E-11 6.2588E-11 6.7444E-11 7.3903E-11 7.9235E-11 8.5626E-11 9.2440E-11 9.8926E-11 1.0733E-10 1.1473E-10 1.2369E-10 1.3245E-10 1.4132E-10 1.5223E-10 1.6224E-10 1.7278E-10 1.8595E-10 1.9781E-10 2.1234E-10 2.2564E-10 2.4013E-10 2.5647E-10 2.7205E-10 2.9053E-10 3.0784E-10 3.2595E-10 3.4673E-10 3.6670E-10 3.8846E-10 4.1125E-10 4.3414E-10 4.5989E-10 4.8506E-10 5.1227E-10 5.4078E-10 5.6965E-10 6.0103E-10
0.0000E+00 0.0000E+00 0.0000E+00 0.0000E+00 0.0000E+00 4.1320E-13 2.8432E-12 4.9086E-12 9.1798E-12 1.4047E-11 1.6679E-11 2.1060E-11 2.5459E-11 2.9792E-11 3.2602E-11 3.6345E-11 3.9627E-11 4.3538E-11 4.7262E-11 5.1894E-11 5.6045E-11 6.1261E-11 6.6161E-11 7.2316E-11 7.7901E-11 8.4201E-11 9.0917E-11 9.7302E-11 1.0560E-10 1.1289E-10 1.2173E-10 1.3036E-10 1.3910E-10 1.4987E-10 1.5974E-10 1.7013E-10 1.8314E-10 1.9484E-10 2.0920E-10 2.2233E-10 2.3664E-10 2.5279E-10 2.6817E-10 2.8646E-10 3.0355E-10 3.2144E-10 3.4199E-10 3.6173E-10 3.8410E-10 4.0579E-10 4.2842E-10 4.5386E-10 4.7869E-10 5.0552E-10 5.3364E-10 5.6208E-10 5.9356E-10
0.0000E+00 0.0000E+00 0.0000E+00 0.0000E+00 0.0000E+00 4.0885E-13 2.2370E-12 4.6696E-12 8.5266E-12 1.3158E-11 1.6051E-11 1.9567E-11 2.4015E-11 2.8628E-11 3.1888E-11 3.5567E-11 3.8603E-11 4.2632E-11 4.6158E-11 5.0845E-11 5.4914E-11 6.0050E-11 6.4726E-11 7.0794E-11 7.6539E-11 8.2744E-11 8.9360E-11 9.5640E-11 1.0383E-10 1.1100E-10 1.1972E-10 1.2822E-10 1.3683E-10 1.4746E-10 1.5717E-10 1.6741E-10 1.8026E-10 1.9179E-10 2.0598E-10 2.1892E-10 2.3355E-10 2.4900E-10 2.6417E-10 2.8225E-10 2.9912E-10 3.1721E-10 3.3710E-10 3.5658E-10 3.7871E-10 4.0014E-10 4.2293E-10 4.4766E-10 4.7213E-10 4.9860E-10 5.2632E-10 5.5434E-10 5.8543E-10
0.0000E+00 0.0000E+00 0.0000E+00 0.0000E+00 0.0000E+00 0.0000E+00 2.2108E-12 3.8343E-12 7.2395E-12 1.2317E-11 1.5688E-11 1.8483E-11 2.2414E-11 2.7286E-11 3.1004E-11 3.4652E-11 3.7759E-11 4.1715E-11 4.5177E-11 4.9649E-11 5.3649E-11 5.8822E-11 6.3413E-11 6.9379E-11 7.5026E-11 8.1259E-11 8.7772E-11 9.3945E-11 1.0202E-10 1.0907E-10 1.1766E-10 1.2603E-10 1.3450E-10 1.4498E-10 1.5455E-10 1.6512E-10 1.7731E-10 1.8866E-10 2.0267E-10 2.1542E-10 2.2986E-10 2.4510E-10 2.6005E-10 2.7792E-10 2.9455E-10 3.1284E-10 3.3205E-10 3.5128E-10 3.7315E-10 3.9430E-10 4.1681E-10 4.4126E-10 4.6541E-10 4.9152E-10 5.1885E-10 5.4643E-10 5.7711E-10
0.0000E+00 0.0000E+00 0.0000E+00 0.0000E+00 0.0000E+00 0.0000E+00 1.6238E-12 3.7851E-12 6.3049E-12 1.1166E-11 1.4935E-11 1.7446E-11 2.1042E-11 2.5601E-11 2.9956E-11 3.3685E-11 3.6773E-11 4.0667E-11 4.4185E-11 4.8583E-11 5.2498E-11 5.7453E-11 6.2085E-11 6.7819E-11 7.3494E-11 7.9748E-11 8.6154E-11 9.2218E-11 1.0017E-10 1.0710E-10 1.1557E-10 1.2380E-10 1.3212E-10 1.4246E-10 1.5186E-10 1.6227E-10 1.7429E-10 1.8546E-10 1.9928E-10 2.1183E-10 2.2657E-10 2.4110E-10 2.5582E-10 2.7347E-10 2.8986E-10 3.0790E-10 3.2686E-10 3.4582E-10 3.6743E-10 3.8829E-10 4.1051E-10 4.3466E-10 4.5850E-10 4.8470E-10 5.1120E-10 5.3882E-10 5.6861E-10
0.0000E+00 0.0000E+00 0.0000E+00 0.0000E+00 0.0000E+00 0.0000E+00 1.6025E-12 3.3462E-12 5.8339E-12 9.8245E-12 1.4181E-11 1.6772E-11 2.0204E-11 2.4111E-11 2.8553E-11 3.2732E-11 3.5922E-11 3.9740E-11 4.3056E-11 4.7506E-11 5.1336E-11 5.6020E-11 6.0610E-11 6.6032E-11 7.1944E-11 7.7962E-11 8.4510E-11 9.0462E-11 9.8292E-11 1.0510E-10 1.1306E-10 1.2152E-10 1.2970E-10 1.3988E-10 1.4912E-10 1.5936E-10 1.7120E-10 1.8219E-10 1.9582E-10 2.0817E-10 2.2270E-10 2.3700E-10 2.5150E-10 2.6891E-10 2.8505E-10 3.0327E-10 3.2154E-10 3.4021E-10 3.6155E-10 3.8211E-10 4.0402E-10 4.2786E-10 4.5137E-10 4.7726E-10 5.0337E-10 5.3103E-10 5.5994E-10
0.0000E+00 0.0000E+00 0.0000E+00 0.0000E+00 0.0000E+00 0.0000E+00 1.0137E-12 2.9006E-12 5.5732E-12 9.0193E-12 1.3252E-11 1.6044E-11 1.9378E-11 2.2625E-11 2.7158E-11 3.1270E-11 3.5064E-11 3.8624E-11 4.2054E-11 4.6102E-11 5.0043E-11 5.4762E-11 5.9263E-11 6.4579E-11 7.0254E-11 7.5929E-11 8.2717E-11 8.8680E-11 9.6384E-11 1.0306E-10 1.1089E-10 1.1921E-10 1.2724E-10 1.3689E-10 1.4633E-10 1.5640E-10 1.6806E-10 1.7885E-10 1.9229E-10 2.0442E-10 2.1874E-10 2.3282E-10 2.4707E-10 2.6425E-10 2.8014E-10 2.9809E-10 3.1608E-10 3.3447E-10 3.5552E-10 3.7577E-10 3.9737E-10 4.2089E-10 4.4406E-10 4.7004E-10 4.9535E-10 5.2304E-10 5.5109E-10
0.0000E+00 0.0000E+00 0.0000E+00 0.0000E+00 0.0000E+00 0.0000E+00 4.1690E-13 2.8572E-12 5.1002E-12 8.4723E-12 1.2500E-11 1.5381E-11 1.8476E-11 2.1383E-11 2.5610E-11 2.9969E-11 3.4043E-11 3.7562E-11 4.1046E-11 4.5017E-11 4.8870E-11 5.3178E-11 5.7775E-11 6.2987E-11 6.8683E-11 7.4113E-11 8.0906E-11 8.6875E-11 9.4450E-11 1.0100E-10 1.0869E-10 1.1686E-10 1.2474E-10 1.3423E-10 1.4350E-10 1.5339E-10 1.6486E-10 1.7546E-10 1.8869E-10 2.0061E-10 2.1471E-10 2.2855E-10 2.4257E-10 2.5950E-10 2.7511E-10 2.9280E-10 3.1051E-10 3.2860E-10 3.4935E-10 3.6929E-10 3.9056E-10 4.1374E-10 4.3657E-10 4.6220E-10 4.8714E-10 5.1444E-10 5.4204E-10
