Assets/Resources/2015_m01_d13_1900(utc+0800)_l00_csi_1hr_conc.grd
DSAA
         159         159
     -79.000      79.000
     -79.000      79.000
  0.0000E+00  0.3669E-05
[rows 25 to 49 of 159, columns 0 to 56 of 159]
2.7768E-09 2.8494E-09 2.9183E-09 2.9843E-09 3.0512E-09 3.1156E-09 3.1727E-09 3.2265E-09 3.2788E-09 3.3282E-09 3.3748E-09 3.4151E-09 3.4499E-09 3.4794E-09 3.5029E-09 3.5174E-09 3.5209E-09 3.5140E-09 3.4966E-09 3.4677E-09 3.4302E-09 3.3806E-09 3.3193E-09 3.2477E-09 3.1672E-09 3.0786E-09 2.9816E-09 2.8755E-09 2.7615E-09 2.6404E-09 2.5135E-09 2.3828E-09 2.2486E-09 2.1133E-09 1.9667E-09 1.8234E-09 1.6861E-09 1.5474E-09 1.4138E-09 1.2816E-09 1.1539E-09 1.0311E-09 9.1359E-10 8.0259E-10 6.9674E-10 5.9954E-10 5.0704E-10 4.2406E-10 3.3458E-10 2.3965E-10 1.5317E-10 9.5859E-11 6.2402E-11 4.5608E-11 2.5509E-11 1.2050E-11 2.2578E-12
2.9654E-09 3.0438E-09 3.1208E-09 3.1990E-09 3.2765E-09 3.3488E-09 3.4177E-09 3.4842E-09 3.5483E-09 3.6072E-09 3.6602E-09 3.7102E-09 3.7571E-09 3.7971E-09 3.8265E-09 3.8443E-09 3.8520E-09 3.8512E-09 3.8398E-09 3.8159E-09 3.7789E-09 3.7271E-09 3.6644E-09 3.5913E-09 3.5075E-09 3.4141E-09 3.3105E-09 3.1963E-09 3.0726E-09 2.9406E-09 2.8017E-09 2.6565E-09 2.5067E-09 2.3525E-09 2.1934E-09 2.0380E-09 1.8825E-09 1.7285E-09 1.5703E-09 1.4236E-09 1.2820E-09 1.1448E-09 1.0147E-09 8.9118E-10 7.7490E-10 6.6716E-10 5.6831E-10 4.7809E-10 3.6936E-10 2.7103E-10 1.8515E-10 1.1967E-10 8.2311E-11 5.9778E-11 4.3686E-11 1.8180E-11 8.6952E-12
3.1605E-09 3.2486E-09 3.3379E-09 3.4276E-09 3.5134E-09 3.5984E-09 3.6830E-09 3.7633E-09 3.8387E-09 3.9080E-09 3.9710E-09 4.0333E-09 4.0918E-09 4.1399E-09 4.1783E-09 4.2064E-09 4.2257E-09 4.2339E-09 4.2271E-09 4.2053E-09 4.1684E-09 4.1195E-09 4.0574E-09 3.9839E-09 3.8985E-09 3.8013E-09 3.6920E-09 3.5704E-09 3.4375E-09 3.2950E-09 3.1435E-09 2.9862E-09 2.8236E-09 2.6570E-09 2.4856E-09 2.3035E-09 2.1319E-09 1.9583E-09 1.7894E-09 1.6173E-09 1.4542E-09 1.3008E-09 1.1541E-09 1.0142E-09 8.8526E-10 7.6318E-10 6.5131E-10 5.4693E-10 4.3002E-10 3.2167E-10 2.2354E-10 1.4993E-10 1.0188E-10 7.9348E-11 5.5074E-11 3.7315E-11 1.7098E-11
3.3659E-09 3.4667E-09 3.5690E-09 3.6687E-09 3.7682E-09 3.8676E-09 3.9678E-09 4.0647E-09 4.1517E-09 4.2345E-09 4.3146E-09 4.3879E-09 4.4543E-09 4.5135E-09 4.5635E-09 4.6032E-09 4.6303E-09 4.6426E-09 4.6431E-09 4.6286E-09 4.5974E-09 4.5488E-09 4.4839E-09 4.4076E-09 4.3196E-09 4.2180E-09 4.1020E-09 3.9723E-09 3.8299E-09 3.6751E-09 3.5102E-09 3.3371E-09 3.1547E-09 2.9673E-09 2.7747E-09 2.5798E-09 2.3900E-09 2.1951E-09 1.9996E-09 1.8137E-09 1.6315E-09 1.4537E-09 1.2898E-09 1.1358E-09 9.8887E-10 8.5225E-10 7.2564E-10 6.0847E-10 4.8433E-10 3.6783E-10 2.7122E-10 1.8392E-10 1.2755E-10 9.6073E-11 7.3354E-11 5.2156E-11 2.9329E-11
3.5821E-09 3.6971E-09 3.8111E-09 3.9254E-09 4.0398E-09 4.1571E-09 4.2719E-09 4.3824E-09 4.4887E-09 4.5903E-09 4.6854E-09 4.7703E-09 4.8462E-09 4.9197E-09 4.9847E-09 5.0367E-09 5.0741E-09 5.0972E-09 5.1061E-09 5.0979E-09 5.0707E-09 5.0224E-09 4.9595E-09 4.8820E-09 4.7909E-09 4.6865E-09 4.5655E-09 4.4278E-09 4.2743E-09 4.1065E-09 3.9274E-09 3.7371E-09 3.5396E-09 3.3350E-09 3.1250E-09 2.9136E-09 2.6933E-09 2.4800E-09 2.2667E-09 2.0565E-09 1.8485E-09 1.6518E-09 1.4646E-09 1.2865E-09 1.1219E-09 9.6757E-10 8.2605E-10 6.8909E-10 5.5502E-10 4.2482E-10 3.2219E-10 2.2912E-10 1.5371E-10 1.2065E-10 9.1428E-11 6.9372E-11 4.6085E-11
3.8090E-09 3.9374E-09 4.0656E-09 4.1950E-09 4.3293E-09 4.4618E-09 4.5914E-09 4.7188E-09 4.8461E-09 4.9663E-09 5.0754E-09 5.1765E-09 5.2706E-09 5.3569E-09 5.4354E-09 5.5001E-09 5.5504E-09 5.5871E-09 5.6076E-09 5.6090E-09 5.5894E-09 5.5480E-09 5.4852E-09 5.4038E-09 5.3088E-09 5.1989E-09 5.0708E-09 4.9237E-09 4.7593E-09 4.5793E-09 4.3849E-09 4.1778E-09 3.9591E-09 3.7305E-09 3.4946E-09 3.2585E-09 3.0243E-09 2.7843E-09 2.5467E-09 2.3096E-09 2.0816E-09 1.8628E-09 1.6491E-09 1.4505E-09 1.2592E-09 1.0857E-09 9.2704E-10 7.6925E-10 6.2419E-10 4.8661E-10 3.7214E-10 2.7302E-10 1.9392E-10 1.4297E-10 1.1457E-10 8.6161E-11 6.0239E-11
4.0478E-09 4.1891E-09 4.3336E-09 4.4840E-09 4.6343E-09 4.7831E-09 4.9307E-09 5.0790E-09 5.2245E-09 5.3634E-09 5.4920E-09 5.6138E-09 5.7278E-09 5.8286E-09 5.9187E-09 5.9999E-09 6.0675E-09 6.1180E-09 6.1494E-09 6.1610E-09 6.1504E-09 6.1176E-09 6.0602E-09 5.9795E-09 5.8786E-09 5.7612E-09 5.6265E-09 5.4723E-09 5.2975E-09 5.1030E-09 4.8913E-09 4.6659E-09 4.4265E-09 4.1779E-09 3.9217E-09 3.6624E-09 3.4000E-09 3.1332E-09 2.8688E-09 2.6125E-09 2.3525E-09 2.1054E-09 1.8678E-09 1.6396E-09 1.4309E-09 1.2301E-09 1.0508E-09 8.6518E-10 7.0252E-10 5.5849E-10 4.3758E-10 3.2174E-10 2.3635E-10 1.7256E-10 1.3504E-10 1.0769E-10 7.3773E-11
4.2951E-09 4.4540E-09 4.6193E-09 4.7871E-09 4.9549E-09 5.1221E-09 5.2913E-09 5.4599E-09 5.6235E-09 5.7817E-09 5.9370E-09 6.0812E-09 6.2129E-09 6.3325E-09 6.4398E-09 6.5383E-09 6.6227E-09 6.6877E-09 6.7337E-09 6.7592E-09 6.7626E-09 6.7391E-09 6.6858E-09 6.6051E-09 6.5013E-09 6.3777E-09 6.2337E-09 6.0688E-09 5.8810E-09 5.6718E-09 5.4442E-09 5.1982E-09 4.9376E-09 4.6641E-09 4.3813E-09 4.0975E-09 3.8111E-09 3.5219E-09 3.2334E-09 2.9372E-09 2.6569E-09 2.3810E-09 2.1080E-09 1.8553E-09 1.6130E-09 1.3928E-09 1.1810E-09 9.7253E-10 7.9661E-10 6.3727E-10 5.0874E-10 3.8146E-10 2.8034E-10 2.0122E-10 1.6062E-10 1.2339E-10 9.4740E-11
4.5544E-09 4.7340E-09 4.9181E-09 5.1041E-09 5.2905E-09 5.4797E-09 5.6713E-09 5.8594E-09 6.0434E-09 6.2261E-09 6.4050E-09 6.5735E-09 6.7261E-09 6.8680E-09 6.9987E-09 7.1130E-09 7.2140E-09 7.2974E-09 7.3622E-09 7.4057E-09 7.4225E-09 7.4086E-09 7.3641E-09 7.2896E-09 7.1848E-09 7.0526E-09 6.8974E-09 6.7206E-09 6.5220E-09 6.2999E-09 6.0542E-09 5.7885E-09 5.5043E-09 5.2044E-09 4.8962E-09 4.5830E-09 4.2675E-09 3.9501E-09 3.6306E-09 3.3159E-09 2.9981E-09 2.6876E-09 2.3908E-09 2.0992E-09 1.8315E-09 1.5772E-09 1.3450E-09 1.1041E-09 8.9924E-10 7.3144E-10 5.8630E-10 4.5668E-10 3.3848E-10 2.3950E-10 1.8420E-10 1.4666E-10 1.1119E-10
4.8266E-09 5.0242E-09 5.2288E-09 5.4343E-09 5.6422E-09 5.8554E-09 6.0676E-09 6.2769E-09 6.4861E-09 6.6941E-09 6.8945E-09 7.0862E-09 7.2670E-09 7.4344E-09 7.5880E-09 7.7244E-09 7.8412E-09 7.9476E-09 8.0338E-09 8.0947E-09 8.1273E-09 8.1295E-09 8.0975E-09 8.0291E-09 7.9245E-09 7.7890E-09 7.6247E-09 7.4364E-09 7.2237E-09 6.9856E-09 6.7211E-09 6.4335E-09 6.1247E-09 5.7980E-09 5.4603E-09 5.1186E-09 4.7741E-09 4.4240E-09 4.0727E-09 3.7238E-09 3.3770E-09 3.0350E-09 2.6961E-09 2.3766E-09 2.0700E-09 1.7890E-09 1.5121E-09 1.2594E-09 1.0198E-09 8.3501E-10 6.7394E-10 5.3950E-10 4.0167E-10 2.8813E-10 2.1347E-10 1.6655E-10 1.3228E-10
5.1068E-09 5.3251E-09 5.5508E-09 5.7766E-09 6.0096E-09 6.2450E-09 6.4789E-09 6.7136E-09 6.9494E-09 7.1806E-09 7.4046E-09 7.6217E-09 7.8317E-09 8.0265E-09 8.2047E-09 8.3666E-09 8.5103E-09 8.6351E-09 8.7424E-09 8.8243E-09 8.8793E-09 8.8995E-09 8.8792E-09 8.8191E-09 8.7227E-09 8.5888E-09 8.4174E-09 8.2155E-09 7.9864E-09 7.7316E-09 7.4497E-09 7.1412E-09 6.8086E-09 6.4551E-09 6.0894E-09 5.7185E-09 5.3416E-09 4.9570E-09 4.5733E-09 4.1862E-09 3.8042E-09 3.4287E-09 3.0591E-09 2.7024E-09 2.3584E-09 2.0396E-09 1.7228E-09 1.4344E-09 1.1688E-09 9.6177E-10 7.8006E-10 6.3334E-10 4.8519E-10 3.4671E-10 2.5095E-10 1.9557E-10 1.5313E-10
5.3957E-09 5.6352E-09 5.8833E-09 6.1310E-09 6.3885E-09 6.6472E-09 6.9059E-09 7.1675E-09 7.4282E-09 7.6835E-09 7.9338E-09 8.1796E-09 8.4158E-09 8.6394E-09 8.8464E-09 9.0380E-09 9.2093E-09 9.3571E-09 9.4859E-09 9.5947E-09 9.6724E-09 9.7105E-09 9.7075E-09 9.6627E-09 9.5760E-09 9.4440E-09 9.2709E-09 9.0590E-09 8.8149E-09 8.5441E-09 8.2432E-09 7.9124E-09 7.5535E-09 7.1710E-09 6.7757E-09 6.3729E-09 5.9608E-09 5.5424E-09 5.1186E-09 4.6946E-09 4.2731E-09 3.8579E-09 3.4509E-09 3.0557E-09 2.6768E-09 2.3073E-09 1.9561E-09 1.6361E-09 1.3463E-09 1.1005E-09 8.9829E-10 7.3078E-10 5.7030E-10 4.1617E-10 2.9924E-10 2.2712E-10 1.7809E-10
5.6929E-09 5.9551E-09 6.2248E-09 6.4946E-09 6.7778E-09 7.0610E-09 7.3454E-09 7.6343E-09 7.9195E-09 8.2014E-09 8.4810E-09 8.7547E-09 9.0175E-09 9.2693E-09 9.5109E-09 9.7326E-09 9.9310E-09 1.0107E-08 1.0265E-08 1.0398E-08 1.0499E-08 1.0562E-08 1.0580E-08 1.0551E-08 1.0474E-08 1.0351E-08 1.0181E-08 9.9667E-09 9.7123E-09 9.4219E-09 9.0999E-09 8.7471E-09 8.3636E-09 7.9532E-09 7.5285E-09 7.0936E-09 6.6476E-09 6.1913E-09 5.7297E-09 5.2663E-09 4.8040E-09 4.3450E-09 3.8959E-09 3.4600E-09 3.0356E-09 2.6296E-09 2.2265E-09 1.8619E-09 1.5526E-09 1.2776E-09 1.0421E-09 8.4886E-10 6.8156E-10 4.9916E-10 3.5952E-10 2.7166E-10 2.0976E-10
5.9980E-09 6.2810E-09 6.5732E-09 6.8673E-09 7.1753E-09 7.4834E-09 7.7941E-09 8.1100E-09 8.4216E-09 8.7325E-09 9.0415E-09 9.3424E-09 9.6342E-09 9.9166E-09 1.0190E-08 1.0443E-08 1.0671E-08 1.0881E-08 1.1068E-08 1.1228E-08 1.1358E-08 1.1447E-08 1.1487E-08 1.1476E-08 1.1415E-08 1.1305E-08 1.1144E-08 1.0932E-08 1.0670E-08 1.0365E-08 1.0024E-08 9.6494E-09 9.2408E-09 8.8023E-09 8.3466E-09 7.8799E-09 7.3993E-09 6.9053E-09 6.4040E-09 5.8965E-09 5.3895E-09 4.8855E-09 4.3914E-09 3.9088E-09 3.4406E-09 2.9844E-09 2.5400E-09 2.1293E-09 1.7822E-09 1.4692E-09 1.2057E-09 9.8249E-10 7.8885E-10 5.9574E-10 4.2957E-10 3.1986E-10 2.4682E-10
6.3072E-09 6.6119E-09 6.9281E-09 7.2453E-09 7.5783E-09 7.9118E-09 8.2490E-09 8.5922E-09 8.9315E-09 9.2731E-09 9.6101E-09 9.9401E-09 1.0262E-08 1.0577E-08 1.0880E-08 1.1164E-08 1.1427E-08 1.1668E-08 1.1885E-08 1.2079E-08 1.2240E-08 1.2357E-08 1.2421E-08 1.2432E-08 1.2392E-08 1.2295E-08 1.2146E-08 1.1941E-08 1.1683E-08 1.1372E-08 1.1015E-08 1.0617E-08 1.0184E-08 9.7190E-09 9.2341E-09 8.7355E-09 8.2183E-09 7.6866E-09 7.1449E-09 6.5960E-09 6.0434E-09 5.4945E-09 4.9503E-09 4.4184E-09 3.9015E-09 3.3816E-09 2.8988E-09 2.4514E-09 2.0593E-09 1.7050E-09 1.4066E-09 1.1429E-09 9.2145E-10 7.1186E-10 5.2207E-10 3.8210E-10 2.9414E-10
6.6190E-09 6.9465E-09 7.2856E-09 7.6261E-09 7.9844E-09 8.3436E-09 8.7074E-09 9.0786E-09 9.4459E-09 9.8181E-09 1.0183E-08 1.0543E-08 1.0898E-08 1.1244E-08 1.1576E-08 1.1893E-08 1.2189E-08 1.2460E-08 1.2712E-08 1.2941E-08 1.3134E-08 1.3283E-08 1.3373E-08 1.3411E-08 1.3391E-08 1.3314E-08 1.3182E-08 1.2990E-08 1.2741E-08 1.2430E-08 1.2064E-08 1.1649E-08 1.1192E-08 1.0702E-08 1.0189E-08 9.6596E-09 9.1079E-09 8.5390E-09 7.9560E-09 7.3618E-09 6.7639E-09 6.1632E-09 5.5675E-09 4.9825E-09 4.4061E-09 3.8338E-09 3.2915E-09 2.8041E-09 2.3631E-09 1.9688E-09 1.6218E-09 1.3172E-09 1.0662E-09 8.3845E-10 6.2275E-10 4.5793E-10 3.4586E-10
6.9318E-09 7.2811E-09 7.6433E-09 8.0070E-09 8.3908E-09 8.7758E-09 9.1663E-09 9.5656E-09 9.9610E-09 1.0363E-08 1.0758E-08 1.1149E-08 1.1535E-08 1.1910E-08 1.2275E-08 1.2625E-08 1.2950E-08 1.3252E-08 1.3540E-08 1.3801E-08 1.4029E-08 1.4211E-08 1.4338E-08 1.4399E-08 1.4402E-08 1.4350E-08 1.4239E-08 1.4066E-08 1.3831E-08 1.3530E-08 1.3163E-08 1.2738E-08 1.2263E-08 1.1750E-08 1.1211E-08 1.0651E-08 1.0066E-08 9.4603E-09 8.8367E-09 8.1998E-09 7.5542E-09 6.9033E-09 6.2543E-09 5.6137E-09 4.9747E-09 4.3484E-09 3.7374E-09 3.2003E-09 2.7111E-09 2.2669E-09 1.8744E-09 1.5312E-09 1.2356E-09 9.8504E-10 7.4663E-10 5.4742E-10 4.0972E-10
7.2419E-09 7.6137E-09 7.9988E-09 8.3857E-09 8.7948E-09 9.2054E-09 9.6224E-09 1.0050E-08 1.0473E-08 1.0904E-08 1.1328E-08 1.1751E-08 1.2166E-08 1.2572E-08 1.2970E-08 1.3350E-08 1.3705E-08 1.4043E-08 1.4356E-08 1.4653E-08 1.4914E-08 1.5131E-08 1.5295E-08 1.5387E-08 1.5420E-08 1.5393E-08 1.5306E-08 1.5158E-08 1.4941E-08 1.4654E-08 1.4299E-08 1.3874E-08 1.3389E-08 1.2856E-08 1.2294E-08 1.1708E-08 1.1094E-08 1.0454E-08 9.7918E-09 9.1124E-09 8.4192E-09 7.7178E-09 7.0140E-09 6.3117E-09 5.6046E-09 4.9204E-09 4.2548E-09 3.6530E-09 3.1006E-09 2.6079E-09 2.1617E-09 1.7635E-09 1.4254E-09 1.1429E-09 8.8516E-10 6.5822E-10 4.8912E-10
7.5472E-09 7.9415E-09 8.3495E-09 8.7593E-09 9.1934E-09 9.6292E-09 1.0072E-08 1.0527E-08 1.0977E-08 1.1437E-08 1.1890E-08 1.2344E-08 1.2787E-08 1.3224E-08 1.3653E-08 1.4062E-08 1.4450E-08 1.4819E-08 1.5163E-08 1.5488E-08 1.5783E-08 1.6031E-08 1.6223E-08 1.6365E-08 1.6427E-08 1.6431E-08 1.6376E-08 1.6252E-08 1.6058E-08 1.5795E-08 1.5454E-08 1.5039E-08 1.4554E-08 1.4015E-08 1.3439E-08 1.2829E-08 1.2187E-08 1.1515E-08 1.0819E-08 1.0099E-08 9.3607E-09 8.6080E-09 7.8474E-09 7.0778E-09 6.3061E-09 5.5478E-09 4.8273E-09 4.1567E-09 3.5361E-09 2.9837E-09 2.4755E-09 2.0293E-09 1.6410E-09 1.3230E-09 1.0412E-09 7.9170E-10 5.8503E-10
7.8450E-09 8.2620E-09 8.6928E-09 9.1251E-09 9.5835E-09 1.0044E-08 1.0512E-08 1.0993E-08 1.1470E-08 1.1958E-08 1.2439E-08 1.2921E-08 1.3392E-08 1.3860E-08 1.4317E-08 1.4755E-08 1.5175E-08 1.5572E-08 1.5950E-08 1.6301E-08 1.6623E-08 1.6900E-08 1.7125E-08 1.7297E-08 1.7413E-08 1.7453E-08 1.7426E-08 1.7335E-08 1.7175E-08 1.6935E-08 1.6615E-08 1.6216E-08 1.5745E-08 1.5212E-08 1.4629E-08 1.4003E-08 1.3341E-08 1.2646E-08 1.1919E-08 1.1162E-08 1.0379E-08 9.5757E-09 8.7590E-09 7.9230E-09 7.0792E-09 6.2475E-09 5.4703E-09 4.7275E-09 4.0346E-09 3.4117E-09 2.8470E-09 2.3382E-09 1.8959E-09 1.5270E-09 1.2138E-09 9.3533E-10 7.0754E-10
8.1355E-09 8.5731E-09 9.0257E-09 9.4801E-09 9.9621E-09 1.0446E-08 1.0939E-08 1.1445E-08 1.1947E-08 1.2462E-08 1.2970E-08 1.3478E-08 1.3977E-08 1.4473E-08 1.4956E-08 1.5424E-08 1.5871E-08 1.6298E-08 1.6706E-08 1.7088E-08 1.7427E-08 1.7729E-08 1.7987E-08 1.8190E-08 1.8349E-08 1.8442E-08 1.8450E-08 1.8397E-08 1.8266E-08 1.8055E-08 1.7764E-08 1.7394E-08 1.6945E-08 1.6426E-08 1.5852E-08 1.5227E-08 1.4552E-08 1.3837E-08 1.3082E-08 1.2292E-08 1.1470E-08 1.0619E-08 9.7442E-09 8.8365E-09 7.9223E-09 7.0242E-09 6.1681E-09 5.3479E-09 4.5803E-09 3.8795E-09 3.2456E-09 2.6745E-09 2.1770E-09 1.7559E-09 1.4064E-09 1.1001E-09 8.3742E-10
8.4148E-09 8.8729E-09 9.3458E-09 9.8210E-09 1.0326E-08 1.0832E-08 1.1348E-08 1.1879E-08 1.2404E-08 1.2944E-08 1.3477E-08 1.4010E-08 1.4536E-08 1.5055E-08 1.5564E-08 1.6059E-08 1.6531E-08 1.6986E-08 1.7422E-08 1.7833E-08 1.8198E-08 1.8513E-08 1.8795E-08 1.9034E-08 1.9229E-08 1.9371E-08 1.9437E-08 1.9418E-08 1.9319E-08 1.9145E-08 1.8888E-08 1.8551E-08 1.8134E-08 1.7644E-08 1.7097E-08 1.6482E-08 1.5804E-08 1.5076E-08 1.4304E-08 1.3489E-08 1.2632E-08 1.1736E-08 1.0799E-08 9.8283E-09 8.8449E-09 7.8756E-09 6.9394E-09 6.0418E-09 5.1895E-09 4.4092E-09 3.6997E-09 3.0674E-09 2.5020E-09 2.0211E-09 1.6289E-09 1.2835E-09 9.8765E-10
8.6734E-09 9.1573E-09 9.6511E-09 1.0145E-08 1.0672E-08 1.1199E-08 1.1736E-08 1.2289E-08 1.2837E-08 1.3401E-08 1.3955E-08 1.4511E-08 1.5061E-08 1.5601E-08 1.6135E-08 1.6653E-08 1.7148E-08 1.7628E-08 1.8091E-08 1.8523E-08 1.8917E-08 1.9257E-08 1.9549E-08 1.9820E-08 2.0042E-08 2.0225E-08 2.0357E-08 2.0382E-08 2.0322E-08 2.0187E-08 1.9970E-08 1.9674E-08 1.9298E-08 1.8851E-08 1.8336E-08 1.7744E-08 1.7083E-08 1.6358E-08 1.5575E-08 1.4739E-08 1.3850E-08 1.2913E-08 1.1915E-08 1.0886E-08 9.8315E-09 8.7989E-09 7.7778E-09 6.7969E-09 5.8564E-09 4.9890E-09 4.1992E-09 3.4945E-09 2.8670E-09 2.3228E-09 1.8793E-09 1.5033E-09 1.1565E-09
8.9122E-09 9.4155E-09 9.9359E-09 1.0451E-08 1.0996E-08 1.1543E-08 1.2100E-08 1.2673E-08 1.3240E-08 1.3826E-08 1.4399E-08 1.4977E-08 1.5546E-08 1.6105E-08 1.6661E-08 1.7198E-08 1.7715E-08 1.8218E-08 1.8701E-08 1.9158E-08 1.9573E-08 1.9936E-08 2.0254E-08 2.0531E-08 2.0788E-08 2.1010E-08 2.1172E-08 2.1273E-08 2.1258E-08 2.1164E-08 2.0993E-08 2.0745E-08 2.0419E-08 2.0021E-08 1.9548E-08 1.9001E-08 1.8371E-08 1.7660E-08 1.6875E-08 1.6025E-08 1.5115E-08 1.4145E-08 1.3092E-08 1.2006E-08 1.0893E-08 9.7837E-09 8.6798E-09 7.6100E-09 6.5810E-09 5.6216E-09 4.7500E-09 3.9673E-09 3.2709E-09 2.6622E-09 2.1582E-09 1.7392E-09 1.3575E-09
9.1383E-09 9.6522E-09 1.0190E-08 1.0730E-08 1.1298E-08 1.1861E-08 1.2436E-08 1.3027E-08 1.3611E-08 1.4215E-08 1.4806E-08 1.5402E-08 1.5986E-08 1.6563E-08 1.7136E-08 1.7688E-08 1.8225E-08 1.8745E-08 1.9247E-08 1.9725E-08 2.0159E-08 2.0549E-08 2.0886E-08 2.1175E-08 2.1455E-08 2.1703E-08 2.1900E-08 2.2046E-08 2.2107E-08 2.2060E-08 2.1939E-08 2.1745E-08 2.1477E-08 2.1133E-08 2.0723E-08 2.0227E-08 1.9639E-08 1.8957E-08 1.8186E-08 1.7336E-08 1.6412E-08 1.5419E-08 1.4325E-08 1.3193E-08 1.2016E-08 1.0829E-08 9.6411E-09 8.4817E-09 7.3600E-09 6.3150E-09 5.3550E-09 4.4902E-09 3.7274E-09 3.0453E-09 2.4764E-09 2.0022E-09 1.5772E-09
