Assets/Resources/2015_m01_d03_2200(utc+0800)_l00_csi_1hr_conc.grd
DSAA
         159         159
     -79.000      79.000
     -79.000      79.000
  0.2135E-10  0.7436E-05
[rows 125 to 149 of 159, columns 57 to 113 of 159]
5.8402E-10 5.9844E-10 6.1311E-10 6.2803E-10 6.4321E-10 6.5865E-10 6.7434E-10 6.9224E-10 7.2285E-10 7.5930E-10 7.9963E-10 8.7864E-10 9.3527E-10 9.9475E-10 1.0514E-09 1.1147E-09 1.1864E-09 1.2593E-09 1.3365E-09 1.4195E-09 1.5100E-09 1.6085E-09 1.7155E-09 1.8315E-09 1.9572E-09 2.0932E-09 2.2397E-09 2.3968E-09 2.5793E-09 2.7895E-09 2.9926E-09 3.2097E-09 3.4418E-09 3.6891E-09 3.9521E-09 4.2307E-09 4.5261E-09 4.8381E-09 5.1668E-09 5.5119E-09 5.8738E-09 6.2523E-09 6.6467E-09 7.0621E-09 7.4954E-09 7.9389E-09 8.3771E-09 8.8006E-09 9.2050E-09 9.5870E-09 9.9447E-09 1.0277E-08 1.0584E-08 1.0865E-08 1.1116E-08 1.1343E-08 1.1543E-08
5.8404E-10 5.9850E-10 6.1321E-10 6.2818E-10 6.4340E-10 6.5888E-10 6.7463E-10 6.9152E-10 7.1924E-10 7.6214E-10 8.0326E-10 8.7953E-10 9.3967E-10 9.9429E-10 1.0526E-09 1.1129E-09 1.1852E-09 1.2574E-09 1.3334E-09 1.4159E-09 1.5055E-09 1.6030E-09 1.7089E-09 1.8235E-09 1.9475E-09 2.0812E-09 2.2254E-09 2.3803E-09 2.5606E-09 2.7685E-09 2.9691E-09 3.1836E-09 3.4131E-09 3.6577E-09 3.9179E-09 4.1940E-09 4.4866E-09 4.7959E-09 5.1217E-09 5.4645E-09 5.8244E-09 6.2010E-09 6.5938E-09 7.0056E-09 7.4362E-09 7.8788E-09 8.3199E-09 8.7470E-09 9.1560E-09 9.5438E-09 9.9083E-09 1.0247E-08 1.0559E-08 1.0844E-08 1.1102E-08 1.1335E-08 1.1542E-08
5.8391E-10 5.9841E-10 6.1315E-10 6.2816E-10 6.4342E-10 6.5895E-10 6.7474E-10 6.9123E-10 7.1595E-10 7.6392E-10 8.0758E-10 8.7672E-10 9.4450E-10 9.9364E-10 1.0516E-09 1.1137E-09 1.1824E-09 1.2540E-09 1.3294E-09 1.4115E-09 1.5005E-09 1.5970E-09 1.7016E-09 1.8150E-09 1.9375E-09 2.0693E-09 2.2112E-09 2.3634E-09 2.5437E-09 2.7439E-09 2.9445E-09 3.1566E-09 3.3832E-09 3.6249E-09 3.8820E-09 4.1550E-09 4.4444E-09 4.7506E-09 5.0733E-09 5.4130E-09 5.7700E-09 6.1438E-09 6.5340E-09 6.9415E-09 7.3688E-09 7.8096E-09 8.2527E-09 8.6840E-09 9.0983E-09 9.4911E-09 9.8596E-09 1.0203E-08 1.0519E-08 1.0809E-08 1.1075E-08 1.1314E-08 1.1529E-08
5.8364E-10 5.9816E-10 6.1294E-10 6.2797E-10 6.4328E-10 6.5884E-10 6.7467E-10 6.9089E-10 7.1297E-10 7.6444E-10 8.0788E-10 8.6734E-10 9.4251E-10 9.9353E-10 1.0504E-09 1.1144E-09 1.1805E-09 1.2500E-09 1.3248E-09 1.4061E-09 1.4946E-09 1.5904E-09 1.6938E-09 1.8057E-09 1.9265E-09 2.0568E-09 2.1967E-09 2.3469E-09 2.5220E-09 2.7217E-09 2.9194E-09 3.1286E-09 3.3520E-09 3.5903E-09 3.8440E-09 4.1139E-09 4.3998E-09 4.7024E-09 5.0215E-09 5.3579E-09 5.7114E-09 6.0817E-09 6.4683E-09 6.8708E-09 7.2940E-09 7.7325E-09 8.1770E-09 8.6110E-09 9.0280E-09 9.4244E-09 9.7976E-09 1.0146E-08 1.0470E-08 1.0767E-08 1.1038E-08 1.1284E-08 1.1505E-08
5.8321E-10 5.9775E-10 6.1256E-10 6.2763E-10 6.4296E-10 6.5856E-10 6.7443E-10 6.9057E-10 7.1443E-10 7.6058E-10 8.1647E-10 8.7032E-10 9.4144E-10 9.9344E-10 1.0478E-09 1.1125E-09 1.1780E-09 1.2459E-09 1.3197E-09 1.4002E-09 1.4877E-09 1.5825E-09 1.6850E-09 1.7957E-09 1.9150E-09 2.0436E-09 2.1819E-09 2.3301E-09 2.5004E-09 2.6993E-09 2.8937E-09 3.0994E-09 3.3195E-09 3.5544E-09 3.8045E-09 4.0704E-09 4.3522E-09 4.6507E-09 4.9662E-09 5.2988E-09 5.6481E-09 6.0141E-09 6.3964E-09 6.7950E-09 7.2133E-09 7.6475E-09 8.0898E-09 8.5256E-09 8.9454E-09 9.3460E-09 9.7242E-09 1.0078E-08 1.0407E-08 1.0710E-08 1.0987E-08 1.1239E-08 1.1466E-08
5.8262E-10 5.9719E-10 6.1202E-10 6.2711E-10 6.4248E-10 6.5811E-10 6.7401E-10 6.9018E-10 7.1529E-10 7.5673E-10 8.1256E-10 8.6628E-10 9.3844E-10 9.9182E-10 1.0464E-09 1.1103E-09 1.1742E-09 1.2413E-09 1.3144E-09 1.3937E-09 1.4801E-09 1.5739E-09 1.6751E-09 1.7848E-09 1.9031E-09 2.0301E-09 2.1665E-09 2.3126E-09 2.4775E-09 2.6707E-09 2.8673E-09 3.0697E-09 3.2860E-09 3.5170E-09 3.7632E-09 4.0251E-09 4.3029E-09 4.5971E-09 4.9080E-09 5.2354E-09 5.5796E-09 5.9407E-09 6.3185E-09 6.7122E-09 7.1241E-09 7.5532E-09 7.9927E-09 8.4302E-09 8.8531E-09 9.2571E-09 9.6392E-09 9.9973E-09 1.0330E-08 1.0638E-08 1.0921E-08 1.1179E-08 1.1412E-08
5.8189E-10 5.9647E-10 6.1132E-10 6.2644E-10 6.4182E-10 6.5748E-10 6.7341E-10 6.8961E-10 7.1772E-10 7.5565E-10 8.0886E-10 8.7163E-10 9.3662E-10 9.9026E-10 1.0468E-09 1.1068E-09 1.1700E-09 1.2364E-09 1.3085E-09 1.3870E-09 1.4721E-09 1.5646E-09 1.6650E-09 1.7732E-09 1.8901E-09 2.0156E-09 2.1503E-09 2.2943E-09 2.4566E-09 2.6466E-09 2.8397E-09 3.0388E-09 3.2517E-09 3.4788E-09 3.7208E-09 3.9781E-09 4.2514E-09 4.5408E-09 4.8468E-09 5.1690E-09 5.5080E-09 5.8638E-09 6.2359E-09 6.6238E-09 7.0280E-09 7.4510E-09 7.8861E-09 8.3229E-09 8.7472E-09 9.1537E-09 9.5394E-09 9.9020E-09 1.0240E-08 1.0554E-08 1.0842E-08 1.1106E-08 1.1345E-08
5.8100E-10 5.9560E-10 6.1046E-10 6.2559E-10 6.4099E-10 6.5667E-10 6.7262E-10 6.8886E-10 7.2482E-10 7.5392E-10 8.0653E-10 8.6588E-10 9.3630E-10 9.8841E-10 1.0456E-09 1.1042E-09 1.1655E-09 1.2310E-09 1.3024E-09 1.3797E-09 1.4640E-09 1.5554E-09 1.6541E-09 1.7610E-09 1.8763E-09 1.9999E-09 2.1327E-09 2.2749E-09 2.4322E-09 2.6213E-09 2.8083E-09 3.0066E-09 3.2159E-09 3.4393E-09 3.6772E-09 3.9301E-09 4.1983E-09 4.4824E-09 4.7826E-09 5.0991E-09 5.4324E-09 5.7821E-09 6.1481E-09 6.5298E-09 6.9263E-09 7.3419E-09 7.7710E-09 8.2055E-09 8.6304E-09 9.0387E-09 9.4273E-09 9.7937E-09 1.0136E-08 1.0455E-08 1.0749E-08 1.1019E-08 1.1264E-08
5.7996E-10 5.9457E-10 6.0944E-10 6.2458E-10 6.4000E-10 6.5569E-10 6.7166E-10 6.8792E-10 7.2513E-10 7.5595E-10 8.0487E-10 8.6295E-10 9.3423E-10 9.8470E-10 1.0425E-09 1.1010E-09 1.1605E-09 1.2254E-09 1.2960E-09 1.3726E-09 1.4555E-09 1.5456E-09 1.6431E-09 1.7480E-09 1.8614E-09 1.9834E-09 2.1143E-09 2.2541E-09 2.4088E-09 2.5892E-09 2.7776E-09 2.9723E-09 3.1778E-09 3.3971E-09 3.6304E-09 3.8784E-09 4.1415E-09 4.4202E-09 4.7147E-09 5.0252E-09 5.3521E-09 5.6950E-09 6.0539E-09 6.4283E-09 6.8175E-09 7.2243E-09 7.6460E-09 8.0760E-09 8.5006E-09 8.9101E-09 9.3009E-09 9.6704E-09 1.0017E-08 1.0340E-08 1.0639E-08 1.0915E-08 1.1166E-08
5.7877E-10 5.9338E-10 6.0825E-10 6.2340E-10 6.3883E-10 6.5453E-10 6.7052E-10 6.8908E-10 7.2431E-10 7.6009E-10 8.0294E-10 8.5731E-10 9.2953E-10 9.8178E-10 1.0391E-09 1.0964E-09 1.1555E-09 1.2196E-09 1.2893E-09 1.3648E-09 1.4467E-09 1.5353E-09 1.6312E-09 1.7348E-09 1.8463E-09 1.9660E-09 2.0948E-09 2.2328E-09 2.3799E-09 2.5571E-09 2.7445E-09 2.9382E-09 3.1397E-09 3.3546E-09 3.5833E-09 3.8264E-09 4.0843E-09 4.3574E-09 4.6460E-09 4.9504E-09 5.2706E-09 5.6067E-09 5.9583E-09 6.3250E-09 6.7061E-09 7.1030E-09 7.5163E-09 7.9399E-09 8.3628E-09 8.7723E-09 9.1645E-09 9.5367E-09 9.8870E-09 1.0215E-08 1.0519E-08 1.0799E-08 1.1057E-08
5.7742E-10 5.9203E-10 6.0691E-10 6.2206E-10 6.3749E-10 6.5320E-10 6.6919E-10 6.8872E-10 7.2161E-10 7.6044E-10 8.0277E-10 8.5276E-10 9.2157E-10 9.7886E-10 1.0354E-09 1.0916E-09 1.1500E-09 1.2133E-09 1.2821E-09 1.3566E-09 1.4372E-09 1.5246E-09 1.6191E-09 1.7207E-09 1.8305E-09 1.9486E-09 2.0750E-09 2.2104E-09 2.3554E-09 2.5245E-09 2.7101E-09 2.8992E-09 3.0991E-09 3.3095E-09 3.5335E-09 3.7714E-09 4.0239E-09 4.2912E-09 4.5736E-09 4.8714E-09 5.1847E-09 5.5133E-09 5.8571E-09 6.2155E-09 6.5881E-09 6.9745E-09 7.3784E-09 7.7942E-09 8.2137E-09 8.6224E-09 9.0153E-09 9.3893E-09 9.7426E-09 1.0074E-08 1.0382E-08 1.0668E-08 1.0931E-08
5.7593E-10 5.9053E-10 6.0540E-10 6.2055E-10 6.3598E-10 6.5169E-10 6.6769E-10 6.8851E-10 7.1874E-10 7.5973E-10 8.0190E-10 8.4945E-10 9.1596E-10 9.7558E-10 1.0309E-09 1.0864E-09 1.1440E-09 1.2066E-09 1.2744E-09 1.3478E-09 1.4274E-09 1.5131E-09 1.6061E-09 1.7065E-09 1.8142E-09 1.9302E-09 2.0549E-09 2.1883E-09 2.3303E-09 2.4902E-09 2.6736E-09 2.8581E-09 3.0564E-09 3.2621E-09 3.4811E-09 3.7138E-09 3.9606E-09 4.2219E-09 4.4979E-09 4.7889E-09 5.0948E-09 5.4156E-09 5.7511E-09 6.1009E-09 6.4644E-09 6.8406E-09 7.2338E-09 7.6405E-09 8.0542E-09 8.4610E-09 8.8536E-09 9.2287E-09 9.5843E-09 9.9188E-09 1.0231E-08 1.0522E-08 1.0790E-08
5.7428E-10 5.8887E-10 6.0373E-10 6.1888E-10 6.3430E-10 6.5001E-10 6.6600E-10 6.8690E-10 7.2044E-10 7.5843E-10 8.0286E-10 8.4515E-10 9.0673E-10 9.6884E-10 1.0259E-09 1.0808E-09 1.1377E-09 1.1993E-09 1.2662E-09 1.3387E-09 1.4169E-09 1.5015E-09 1.5929E-09 1.6915E-09 1.7977E-09 1.9119E-09 2.0340E-09 2.1647E-09 2.3043E-09 2.4586E-09 2.6347E-09 2.8175E-09 3.0108E-09 3.2147E-09 3.4288E-09 3.6562E-09 3.8974E-09 4.1526E-09 4.4220E-09 4.7059E-09 5.0043E-09 5.3171E-09 5.6442E-09 5.9851E-09 6.3391E-09 6.7054E-09 7.0870E-09 7.4831E-09 7.8890E-09 8.2929E-09 8.6842E-09 9.0595E-09 9.4166E-09 9.7537E-09 1.0070E-08 1.0365E-08 1.0638E-08
5.7248E-10 5.8705E-10 6.0191E-10 6.1704E-10 6.3245E-10 6.4815E-10 6.6414E-10 6.8729E-10 7.1878E-10 7.5685E-10 8.0017E-10 8.4434E-10 9.0069E-10 9.6365E-10 1.0228E-09 1.0747E-09 1.1309E-09 1.1917E-09 1.2576E-09 1.3289E-09 1.4061E-09 1.4893E-09 1.5793E-09 1.6764E-09 1.7805E-09 1.8924E-09 2.0124E-09 2.1406E-09 2.2771E-09 2.4253E-09 2.5951E-09 2.7786E-09 2.9644E-09 3.1662E-09 3.3754E-09 3.5975E-09 3.8328E-09 4.0818E-09 4.3445E-09 4.6213E-09 4.9120E-09 5.2166E-09 5.5350E-09 5.8666E-09 6.2110E-09 6.5672E-09 6.9363E-09 7.3214E-09 7.7180E-09 8.1172E-09 8.5062E-09 8.8808E-09 9.2385E-09 9.5776E-09 9.8967E-09 1.0195E-08 1.0473E-08
5.7053E-10 5.8508E-10 5.9992E-10 6.1503E-10 6.3043E-10 6.4611E-10 6.6209E-10 6.8660E-10 7.1747E-10 7.5824E-10 7.9980E-10 8.4497E-10 8.9246E-10 9.5139E-10 1.0171E-09 1.0683E-09 1.1237E-09 1.1837E-09 1.2486E-09 1.3189E-09 1.3947E-09 1.4769E-09 1.5652E-09 1.6604E-09 1.7626E-09 1.8723E-09 1.9895E-09 2.1152E-09 2.2494E-09 2.3922E-09 2.5554E-09 2.7342E-09 2.9206E-09 3.1146E-09 3.3214E-09 3.5381E-09 3.7676E-09 4.0103E-09 4.2663E-09 4.5357E-09 4.8186E-09 5.1150E-09 5.4245E-09 5.7468E-09 6.0813E-09 6.4272E-09 6.7839E-09 7.1571E-09 7.5431E-09 7.9358E-09 8.3213E-09 8.6942E-09 9.0517E-09 9.3919E-09 9.7132E-09 1.0015E-08 1.0297E-08
5.6842E-10 5.8296E-10 5.9777E-10 6.1286E-10 6.2824E-10 6.4391E-10 6.6077E-10 6.8446E-10 7.1659E-10 7.5615E-10 7.9609E-10 8.4147E-10 8.8891E-10 9.4126E-10 1.0074E-09 1.0615E-09 1.1162E-09 1.1753E-09 1.2393E-09 1.3085E-09 1.3833E-09 1.4635E-09 1.5503E-09 1.6436E-09 1.7435E-09 1.8511E-09 1.9664E-09 2.0893E-09 2.2206E-09 2.3607E-09 2.5181E-09 2.6919E-09 2.8736E-09 3.0623E-09 3.2666E-09 3.4778E-09 3.7015E-09 3.9377E-09 4.1869E-09 4.4490E-09 4.7241E-09 5.0120E-09 5.3127E-09 5.6256E-09 5.9502E-09 6.2857E-09 6.6312E-09 6.9916E-09 7.3658E-09 7.7495E-09 8.1305E-09 8.5006E-09 8.8570E-09 9.1973E-09 9.5201E-09 9.8243E-09 1.0109E-08
5.6618E-10 5.8068E-10 5.9547E-10 6.1053E-10 6.2588E-10 6.4153E-10 6.5838E-10 6.8211E-10 7.1428E-10 7.5487E-10 7.9211E-10 8.3905E-10 8.8284E-10 9.3289E-10 9.9801E-10 1.0545E-09 1.1084E-09 1.1667E-09 1.2296E-09 1.2976E-09 1.3707E-09 1.4496E-09 1.5343E-09 1.6258E-09 1.7241E-09 1.8293E-09 1.9421E-09 2.0629E-09 2.1918E-09 2.3287E-09 2.4772E-09 2.6463E-09 2.8224E-09 3.0116E-09 3.2075E-09 3.4157E-09 3.6334E-09 3.8633E-09 4.1055E-09 4.3602E-09 4.6275E-09 4.9070E-09 5.1987E-09 5.5022E-09 5.8168E-09 6.1419E-09 6.4765E-09 6.8236E-09 7.1852E-09 7.5584E-09 7.9336E-09 8.2999E-09 8.6540E-09 8.9937E-09 9.3171E-09 9.6231E-09 9.9108E-09
5.6378E-10 5.7825E-10 5.9300E-10 6.0804E-10 6.2336E-10 6.3897E-10 6.5692E-10 6.8046E-10 7.1388E-10 7.5112E-10 7.9038E-10 8.3623E-10 8.8026E-10 9.2613E-10 9.8677E-10 1.0438E-09 1.1003E-09 1.1575E-09 1.2192E-09 1.2857E-09 1.3575E-09 1.4347E-09 1.5180E-09 1.6077E-09 1.7038E-09 1.8071E-09 1.9178E-09 2.0357E-09 2.1618E-09 2.2962E-09 2.4390E-09 2.5988E-09 2.7752E-09 2.9562E-09 3.1492E-09 3.3543E-09 3.5660E-09 3.7896E-09 4.0250E-09 4.2725E-09 4.5319E-09 4.8032E-09 5.0860E-09 5.3801E-09 5.6848E-09 5.9996E-09 6.3234E-09 6.6570E-09 7.0060E-09 7.3676E-09 7.7354E-09 8.0967E-09 8.4476E-09 8.7856E-09 9.1087E-09 9.4155E-09 9.7051E-09
5.6124E-10 5.7567E-10 5.9039E-10 6.0539E-10 6.2067E-10 6.3625E-10 6.5419E-10 6.7774E-10 7.1111E-10 7.4678E-10 7.8583E-10 8.3175E-10 8.7555E-10 9.2073E-10 9.7908E-10 1.0330E-09 1.0912E-09 1.1476E-09 1.2081E-09 1.2734E-09 1.3437E-09 1.4196E-09 1.5011E-09 1.5889E-09 1.6833E-09 1.7842E-09 1.8924E-09 2.0082E-09 2.1316E-09 2.2629E-09 2.4022E-09 2.5552E-09 2.7215E-09 2.9022E-09 3.0899E-09 3.2862E-09 3.4972E-09 3.7144E-09 3.9431E-09 4.1832E-09 4.4349E-09 4.6978E-09 4.9719E-09 5.2566E-09 5.5515E-09 5.8560E-09 6.1692E-09 6.4901E-09 6.8260E-09 7.1750E-09 7.5336E-09 7.8890E-09 8.2356E-09 8.5709E-09 8.8928E-09 9.1996E-09 9.4903E-09
5.5855E-10 5.7294E-10 5.8761E-10 6.0257E-10 6.1782E-10 6.3336E-10 6.5127E-10 6.7482E-10 7.0662E-10 7.4200E-10 7.8254E-10 8.2823E-10 8.7025E-10 9.1501E-10 9.7091E-10 1.0203E-09 1.0788E-09 1.1371E-09 1.1966E-09 1.2606E-09 1.3297E-09 1.4039E-09 1.4838E-09 1.5699E-09 1.6620E-09 1.7609E-09 1.8669E-09 1.9797E-09 2.1005E-09 2.2291E-09 2.3655E-09 2.5125E-09 2.6741E-09 2.8471E-09 3.0316E-09 3.2249E-09 3.4240E-09 3.6404E-09 3.8624E-09 4.0954E-09 4.3393E-09 4.5942E-09 4.8596E-09 5.1352E-09 5.4205E-09 5.7149E-09 6.0176E-09 6.3276E-09 6.6500E-09 6.9860E-09 7.3332E-09 7.6815E-09 8.0228E-09 8.3544E-09 8.6740E-09 8.9799E-09 9.2709E-09
5.5572E-10 5.7006E-10 5.8469E-10 5.9960E-10 6.1480E-10 6.3029E-10 6.4818E-10 6.7170E-10 7.0342E-10 7.3777E-10 7.8031E-10 8.2267E-10 8.6606E-10 9.0785E-10 9.6059E-10 1.0108E-09 1.0662E-09 1.1256E-09 1.1847E-09 1.2476E-09 1.3151E-09 1.3879E-09 1.4660E-09 1.5503E-09 1.6406E-09 1.7370E-09 1.8406E-09 1.9512E-09 2.0692E-09 2.1945E-09 2.3278E-09 2.4691E-09 2.6241E-09 2.7919E-09 2.9708E-09 3.1582E-09 3.3568E-09 3.5636E-09 3.7815E-09 4.0075E-09 4.2439E-09 4.4907E-09 4.7476E-09 5.0143E-09 5.2902E-09 5.5747E-09 5.8672E-09 6.1666E-09 6.4756E-09 6.7984E-09 7.1333E-09 7.4735E-09 7.8085E-09 8.1354E-09 8.4518E-09 8.7560E-09 9.0465E-09
5.5274E-10 5.6704E-10 5.8161E-10 5.9648E-10 6.1163E-10 6.2707E-10 6.4492E-10 6.6839E-10 6.9998E-10 7.3418E-10 7.7528E-10 8.1845E-10 8.5850E-10 9.0325E-10 9.5188E-10 1.0012E-09 1.0521E-09 1.1118E-09 1.1721E-09 1.2340E-09 1.3003E-09 1.3714E-09 1.4480E-09 1.5303E-09 1.6184E-09 1.7129E-09 1.8141E-09 1.9218E-09 2.0372E-09 2.1600E-09 2.2903E-09 2.4283E-09 2.5770E-09 2.7397E-09 2.9132E-09 3.0947E-09 3.2872E-09 3.4876E-09 3.6985E-09 3.9202E-09 4.1492E-09 4.3882E-09 4.6367E-09 4.8946E-09 5.1613E-09 5.4363E-09 5.7187E-09 6.0078E-09 6.3039E-09 6.6137E-09 6.9359E-09 7.2665E-09 7.5943E-09 7.9156E-09 8.2279E-09 8.5294E-09 8.8183E-09
5.4963E-10 5.6387E-10 5.7839E-10 5.9320E-10 6.0829E-10 6.2457E-10 6.4148E-10 6.6489E-10 6.9722E-10 7.2746E-10 7.6961E-10 8.1088E-10 8.5245E-10 8.9542E-10 9.4445E-10 9.8963E-10 1.0412E-09 1.0979E-09 1.1581E-09 1.2200E-09 1.2849E-09 1.3547E-09 1.4294E-09 1.5099E-09 1.5962E-09 1.6882E-09 1.7870E-09 1.8926E-09 2.0050E-09 2.1245E-09 2.2518E-09 2.3869E-09 2.5294E-09 2.6852E-09 2.8533E-09 3.0291E-09 3.2152E-09 3.4120E-09 3.6162E-09 3.8304E-09 4.0548E-09 4.2861E-09 4.5265E-09 4.7758E-09 5.0336E-09 5.2991E-09 5.5719E-09 5.8510E-09 6.1355E-09 6.4323E-09 6.7414E-09 7.0612E-09 7.3809E-09 7.6957E-09 8.0029E-09 8.3007E-09 8.5872E-09
5.4638E-10 5.6056E-10 5.7502E-10 5.8976E-10 6.0480E-10 6.2102E-10 6.3787E-10 6.6119E-10 6.9192E-10 7.2342E-10 7.6229E-10 8.0558E-10 8.4717E-10 8.8909E-10 9.3560E-10 9.7975E-10 1.0301E-09 1.0827E-09 1.1427E-09 1.2046E-09 1.2693E-09 1.3374E-09 1.4106E-09 1.4891E-09 1.5733E-09 1.6634E-09 1.7598E-09 1.8625E-09 1.9723E-09 2.0893E-09 2.2132E-09 2.3446E-09 2.4834E-09 2.6299E-09 2.7926E-09 2.9630E-09 3.1458E-09 3.3331E-09 3.5333E-09 3.7406E-09 3.9543E-09 4.1835E-09 4.4160E-09 4.6569E-09 4.9059E-09 5.1623E-09 5.4256E-09 5.6949E-09 5.9694E-09 6.2535E-09 6.5496E-09 6.8568E-09 7.1678E-09 7.4751E-09 7.7764E-09 8.0694E-09 8.3525E-09
5.4299E-10 5.5711E-10 5.7150E-10 5.8618E-10 6.0115E-10 6.1731E-10 6.3409E-10 6.5605E-10 6.8623E-10 7.1781E-10 7.5603E-10 7.9779E-10 8.3840E-10 8.8145E-10 9.2782E-10 9.7097E-10 1.0171E-09 1.0699E-09 1.1273E-09 1.1880E-09 1.2522E-09 1.3200E-09 1.3913E-09 1.4681E-09 1.5504E-09 1.6380E-09 1.7321E-09 1.8326E-09 1.9394E-09 2.0531E-09 2.1741E-09 2.3025E-09 2.4377E-09 2.5805E-09 2.7337E-09 2.9009E-09 3.0751E-09 3.2591E-09 3.4497E-09 3.6527E-09 3.8622E-09 4.0777E-09 4.3078E-09 4.5406E-09 4.7811E-09 5.0287E-09 5.2828E-09 5.5427E-09 5.8076E-09 6.0793E-09 6.3628E-09 6.6574E-09 6.9587E-09 7.2578E-09 7.5522E-09 7.8398E-09 8.1185E-09
