Assets/Resources/2015_m01_d28_1700(utc+0800)_l00_csi_1hr_conc.grd
DSAA
         159         159
     -79.000      79.000
     -79.000      79.000
  0.0000E+00  0.2650E-05
[rows 25 to 49 of 159, columns 0 to 56 of 159]
0.0000E+00 0.0000E+00 0.0000E+00 0.0000E+00 0.0000E+00 0.0000E+00 3.6181E-13 5.5598E-12 1.1379E-11 2.1289E-11 4.4963E-11 8.0095E-11 1.5230E-10 3.3620E-10 4.9702E-10 6.8636E-10 9.1237E-10 1.1825E-09 1.5226E-09 1.9276E-09 2.4227E-09 3.0016E-09 3.6825E-09 4.4694E-09 5.3664E-09 6.3753E-09 7.4898E-09 8.7020E-09 1.0002E-08 1.1364E-08 1.2765E-08 1.4172E-08 1.5547E-08 1.6854E-08 1.8054E-08 1.9100E-08 1.9945E-08 2.0565E-08 2.0930E-08 2.1012E-08 2.0800E-08 2.0297E-08 1.9518E-08 1.8485E-08 1.7234E-08 1.5810E-08 1.4263E-08 1.2650E-08 1.1021E-08 9.4298E-09 7.9188E-09 6.5246E-09 5.2737E-09 4.1805E-09 3.2500E-09 2.4731E-09 1.8419E-09
0.0000E+00 0.0000E+00 0.0000E+00 0.0000E+00 0.0000E+00 0.0000E+00 0.0000E+00 1.8669E-12 1.0089E-11 1.7437E-11 4.0057E-11 7.2680E-11 1.2076E-10 2.1565E-10 4.1317E-10 6.0177E-10 8.1308E-10 1.0636E-09 1.3812E-09 1.7579E-09 2.2208E-09 2.7696E-09 3.4178E-09 4.1724E-09 5.0362E-09 6.0158E-09 7.1061E-09 8.3044E-09 9.5936E-09 1.0957E-08 1.2373E-08 1.3807E-08 1.5229E-08 1.6598E-08 1.7863E-08 1.8982E-08 1.9922E-08 2.0636E-08 2.1088E-08 2.1248E-08 2.1110E-08 2.0669E-08 1.9933E-08 1.8923E-08 1.7677E-08 1.6241E-08 1.4665E-08 1.3010E-08 1.1331E-08 9.6853E-09 8.1204E-09 6.6752E-09 5.3774E-09 4.2498E-09 3.2866E-09 2.4881E-09 1.8428E-09
0.0000E+00 0.0000E+00 0.0000E+00 0.0000E+00 0.0000E+00 0.0000E+00 0.0000E+00 4.9447E-13 5.5591E-12 1.4873E-11 3.3992E-11 6.3792E-11 1.0978E-10 1.7424E-10 3.0184E-10 5.0710E-10 7.1366E-10 9.4842E-10 1.2425E-09 1.5931E-09 2.0256E-09 2.5404E-09 3.1485E-09 3.8622E-09 4.6905E-09 5.6338E-09 6.6928E-09 7.8645E-09 9.1351E-09 1.0493E-08 1.1914E-08 1.3370E-08 1.4827E-08 1.6241E-08 1.7571E-08 1.8776E-08 1.9803E-08 2.0604E-08 2.1151E-08 2.1410E-08 2.1359E-08 2.0989E-08 2.0308E-08 1.9336E-08 1.8109E-08 1.6670E-08 1.5077E-08 1.3387E-08 1.1665E-08 9.9685E-09 8.3498E-09 6.8547E-09 5.5097E-09 4.3374E-09 3.3447E-09 2.5239E-09 1.8610E-09
0.0000E+00 0.0000E+00 0.0000E+00 0.0000E+00 0.0000E+00 0.0000E+00 0.0000E+00 0.0000E+00 2.3521E-12 9.9883E-12 2.6258E-11 5.6324E-11 9.7958E-11 1.5677E-10 2.2781E-10 4.0039E-10 6.0989E-10 8.3242E-10 1.1061E-09 1.4319E-09 1.8322E-09 2.3090E-09 2.8793E-09 3.5507E-09 4.3380E-09 5.2347E-09 6.2561E-09 7.3897E-09 8.6342E-09 9.9755E-09 1.1390E-08 1.2857E-08 1.4338E-08 1.5796E-08 1.7191E-08 1.8467E-08 1.9577E-08 2.0479E-08 2.1129E-08 2.1488E-08 2.1528E-08 2.1242E-08 2.0631E-08 1.9713E-08 1.8521E-08 1.7094E-08 1.5490E-08 1.3776E-08 1.2015E-08 1.0271E-08 8.6020E-09 7.0538E-09 5.6663E-09 4.4543E-09 3.4282E-09 2.5834E-09 1.9016E-09
0.0000E+00 0.0000E+00 0.0000E+00 0.0000E+00 0.0000E+00 0.0000E+00 0.0000E+00 0.0000E+00 1.5709E-13 5.7183E-12 1.9661E-11 4.5258E-11 8.5869E-11 1.4139E-10 2.0285E-10 3.0948E-10 4.9990E-10 7.2151E-10 9.7506E-10 1.2709E-09 1.6415E-09 2.0850E-09 2.6160E-09 3.2406E-09 3.9775E-09 4.8279E-09 5.7998E-09 6.8872E-09 8.0938E-09 9.4086E-09 1.0808E-08 1.2271E-08 1.3766E-08 1.5257E-08 1.6701E-08 1.8045E-08 1.9244E-08 2.0245E-08 2.0998E-08 2.1465E-08 2.1614E-08 2.1428E-08 2.0904E-08 2.0052E-08 1.8899E-08 1.7495E-08 1.5896E-08 1.4164E-08 1.2372E-08 1.0593E-08 8.8797E-09 7.2874E-09 5.8549E-09 4.6059E-09 3.5475E-09 2.6730E-09 1.9654E-09
0.0000E+00 0.0000E+00 0.0000E+00 0.0000E+00 0.0000E+00 0.0000E+00 0.0000E+00 0.0000E+00 0.0000E+00 1.0765E-12 1.2747E-11 3.4646E-11 7.3631E-11 1.2432E-10 1.8023E-10 2.7328E-10 4.0004E-10 5.9659E-10 8.5128E-10 1.1212E-09 1.4600E-09 1.8614E-09 2.3515E-09 2.9317E-09 3.6193E-09 4.4177E-09 5.3338E-09 6.3739E-09 7.5329E-09 8.8026E-09 1.0173E-08 1.1620E-08 1.3117E-08 1.4631E-08 1.6115E-08 1.7521E-08 1.8798E-08 1.9894E-08 2.0752E-08 2.1333E-08 2.1600E-08 2.1525E-08 2.1095E-08 2.0321E-08 1.9234E-08 1.7870E-08 1.6285E-08 1.4554E-08 1.2744E-08 1.0931E-08 9.1795E-09 7.5506E-09 6.0799E-09 4.7928E-09 3.6994E-09 2.7934E-09 2.0574E-09
0.0000E+00 0.0000E+00 0.0000E+00 0.0000E+00 0.0000E+00 0.0000E+00 0.0000E+00 0.0000E+00 0.0000E+00 0.0000E+00 6.1053E-12 2.2422E-11 5.9290E-11 1.0711E-10 1.5768E-10 2.4191E-10 3.4575E-10 4.8703E-10 7.1182E-10 9.7243E-10 1.2846E-09 1.6496E-09 2.0957E-09 2.6273E-09 3.2574E-09 4.0039E-09 4.8631E-09 5.8438E-09 6.9457E-09 8.1674E-09 9.4974E-09 1.0916E-08 1.2404E-08 1.3922E-08 1.5431E-08 1.6890E-08 1.8239E-08 1.9421E-08 2.0388E-08 2.1089E-08 2.1474E-08 2.1511E-08 2.1196E-08 2.0520E-08 1.9506E-08 1.8198E-08 1.6652E-08 1.4935E-08 1.3123E-08 1.1296E-08 9.5240E-09 7.8582E-09 6.3517E-09 5.0263E-09 3.8959E-09 2.9506E-09 2.1803E-09
0.0000E+00 0.0000E+00 0.0000E+00 0.0000E+00 0.0000E+00 0.0000E+00 0.0000E+00 0.0000E+00 0.0000E+00 0.0000E+00 8.5898E-14 1.2438E-11 4.2679E-11 8.8967E-11 1.3286E-10 2.1128E-10 3.0533E-10 4.2021E-10 5.8510E-10 8.2603E-10 1.1169E-09 1.4443E-09 1.8436E-09 2.3280E-09 2.9033E-09 3.5931E-09 4.3866E-09 5.3045E-09 6.3467E-09 7.5082E-09 8.7849E-09 1.0166E-08 1.1627E-08 1.3137E-08 1.4664E-08 1.6157E-08 1.7561E-08 1.8830E-08 1.9899E-08 2.0707E-08 2.1214E-08 2.1382E-08 2.1182E-08 2.0614E-08 1.9697E-08 1.8468E-08 1.6976E-08 1.5298E-08 1.3508E-08 1.1681E-08 9.8962E-09 8.2099E-09 6.6733E-09 5.3119E-09 4.1414E-09 3.1587E-09 2.3534E-09
0.0000E+00 0.0000E+00 0.0000E+00 0.0000E+00 0.0000E+00 0.0000E+00 0.0000E+00 0.0000E+00 0.0000E+00 0.0000E+00 0.0000E+00 5.1443E-13 2.4091E-11 6.8594E-11 1.1133E-10 1.7897E-10 2.6387E-10 3.6627E-10 5.0216E-10 6.7589E-10 9.4841E-10 1.2517E-09 1.6094E-09 2.0451E-09 2.5644E-09 3.1878E-09 3.9179E-09 4.7667E-09 5.7358E-09 6.8288E-09 8.0440E-09 9.3796E-09 1.0800E-08 1.2290E-08 1.3814E-08 1.5327E-08 1.6781E-08 1.8118E-08 1.9274E-08 2.0195E-08 2.0826E-08 2.1120E-08 2.1052E-08 2.0606E-08 1.9799E-08 1.8667E-08 1.7255E-08 1.5633E-08 1.3881E-08 1.2077E-08 1.0297E-08 8.6028E-09 7.0403E-09 5.6468E-09 4.4364E-09 3.4152E-09 2.5693E-09
0.0000E+00 0.0000E+00 0.0000E+00 0.0000E+00 0.0000E+00 0.0000E+00 0.0000E+00 0.0000E+00 0.0000E+00 0.0000E+00 0.0000E+00 0.0000E+00 1.6997E-12 4.2366E-11 8.8232E-11 1.4804E-10 2.2402E-10 3.1339E-10 4.3317E-10 5.7131E-10 7.7849E-10 1.0662E-09 1.3845E-09 1.7722E-09 2.2408E-09 2.8031E-09 3.4648E-09 4.2421E-09 5.1367E-09 6.1576E-09 7.3025E-09 8.5652E-09 9.9329E-09 1.1387E-08 1.2892E-08 1.4410E-08 1.5896E-08 1.7285E-08 1.8520E-08 1.9540E-08 2.0290E-08 2.0711E-08 2.0775E-08 2.0471E-08 1.9797E-08 1.8778E-08 1.7469E-08 1.5937E-08 1.4247E-08 1.2486E-08 1.0728E-08 9.0337E-09 7.4607E-09 6.0382E-09 4.7912E-09 3.7234E-09 2.8424E-09
0.0000E+00 0.0000E+00 0.0000E+00 0.0000E+00 0.0000E+00 0.0000E+00 0.0000E+00 0.0000E+00 0.0000E+00 0.0000E+00 0.0000E+00 0.0000E+00 0.0000E+00 3.9995E-12 5.6724E-11 1.1770E-10 1.8494E-10 2.6287E-10 3.6563E-10 4.8783E-10 6.5402E-10 8.7308E-10 1.1700E-09 1.5153E-09 1.9291E-09 2.4282E-09 3.0233E-09 3.7292E-09 4.5448E-09 5.4859E-09 6.5507E-09 7.7387E-09 9.0426E-09 1.0442E-08 1.1910E-08 1.3416E-08 1.4909E-08 1.6331E-08 1.7631E-08 1.8738E-08 1.9589E-08 2.0140E-08 2.0351E-08 2.0187E-08 1.9656E-08 1.8787E-08 1.7608E-08 1.6184E-08 1.4593E-08 1.2900E-08 1.1186E-08 9.5143E-09 7.9380E-09 6.4951E-09 5.2129E-09 4.0998E-09 3.1673E-09
0.0000E+00 0.0000E+00 0.0000E+00 0.0000E+00 0.0000E+00 0.0000E+00 0.0000E+00 0.0000E+00 0.0000E+00 0.0000E+00 0.0000E+00 0.0000E+00 0.0000E+00 0.0000E+00 9.4020E-12 7.3543E-11 1.4593E-10 2.1655E-10 3.0346E-10 4.0422E-10 5.4718E-10 7.2149E-10 9.6236E-10 1.2677E-09 1.6323E-09 2.0733E-09 2.5992E-09 3.2284E-09 3.9637E-09 4.8189E-09 5.7966E-09 6.9020E-09 8.1262E-09 9.4563E-09 1.0874E-08 1.2344E-08 1.3822E-08 1.5263E-08 1.6603E-08 1.7776E-08 1.8733E-08 1.9406E-08 1.9749E-08 1.9750E-08 1.9388E-08 1.8676E-08 1.7657E-08 1.6378E-08 1.4904E-08 1.3312E-08 1.1668E-08 1.0034E-08 8.4695E-09 7.0155E-09 5.6969E-09 4.5432E-09 3.5477E-09
0.0000E+00 0.0000E+00 0.0000E+00 0.0000E+00 0.0000E+00 0.0000E+00 0.0000E+00 0.0000E+00 0.0000E+00 0.0000E+00 0.0000E+00 0.0000E+00 0.0000E+00 0.0000E+00 0.0000E+00 1.8084E-11 8.6290E-11 1.7036E-10 2.4709E-10 3.2734E-10 4.4942E-10 5.9863E-10 7.8248E-10 1.0388E-09 1.3552E-09 1.7366E-09 2.1959E-09 2.7506E-09 3.4023E-09 4.1687E-09 5.0549E-09 6.0661E-09 7.1987E-09 8.4480E-09 9.7927E-09 1.1207E-08 1.2655E-08 1.4086E-08 1.5447E-08 1.6677E-08 1.7713E-08 1.8504E-08 1.8996E-08 1.9156E-08 1.8973E-08 1.8450E-08 1.7610E-08 1.6504E-08 1.5187E-08 1.3718E-08 1.2169E-08 1.0601E-08 9.0629E-09 7.6062E-09 6.2650E-09 5.0560E-09 3.9930E-09
0.0000E+00 0.0000E+00 0.0000E+00 0.0000E+00 0.0000E+00 0.0000E+00 0.0000E+00 0.0000E+00 0.0000E+00 0.0000E+00 0.0000E+00 0.0000E+00 0.0000E+00 0.0000E+00 0.0000E+00 6.0132E-13 2.8255E-11 9.8545E-11 1.8521E-10 2.6195E-10 3.5936E-10 4.8395E-10 6.4197E-10 8.3785E-10 1.1005E-09 1.4261E-09 1.8192E-09 2.2998E-09 2.8698E-09 3.5457E-09 4.3347E-09 5.2489E-09 6.2816E-09 7.4313E-09 8.6916E-09 1.0030E-08 1.1424E-08 1.2825E-08 1.4184E-08 1.5451E-08 1.6560E-08 1.7450E-08 1.8083E-08 1.8416E-08 1.8415E-08 1.8094E-08 1.7468E-08 1.6557E-08 1.5422E-08 1.4113E-08 1.2685E-08 1.1204E-08 9.7146E-09 8.2638E-09 6.8985E-09 5.6391E-09 4.5032E-09
0.0000E+00 0.0000E+00 0.0000E+00 0.0000E+00 0.0000E+00 0.0000E+00 0.0000E+00 0.0000E+00 0.0000E+00 0.0000E+00 0.0000E+00 0.0000E+00 0.0000E+00 0.0000E+00 0.0000E+00 0.0000E+00 2.2824E-12 3.5598E-11 1.1092E-10 1.8513E-10 2.7698E-10 3.7774E-10 5.1085E-10 6.7505E-10 8.8051E-10 1.1471E-09 1.4768E-09 1.8857E-09 2.3734E-09 2.9591E-09 3.6535E-09 4.4603E-09 5.3891E-09 6.4343E-09 7.5900E-09 8.8408E-09 1.0159E-08 1.1509E-08 1.2853E-08 1.4129E-08 1.5285E-08 1.6276E-08 1.7035E-08 1.7524E-08 1.7727E-08 1.7622E-08 1.7214E-08 1.6534E-08 1.5610E-08 1.4487E-08 1.3216E-08 1.1838E-08 1.0412E-08 8.9912E-09 7.6068E-09 6.2990E-09 5.0950E-09
0.0000E+00 0.0000E+00 0.0000E+00 0.0000E+00 0.0000E+00 0.0000E+00 0.0000E+00 0.0000E+00 0.0000E+00 0.0000E+00 0.0000E+00 0.0000E+00 0.0000E+00 0.0000E+00 0.0000E+00 0.0000E+00 0.0000E+00 4.5800E-12 4.2386E-11 1.0674E-10 1.8549E-10 2.7892E-10 3.8888E-10 5.2808E-10 6.9485E-10 9.0755E-10 1.1763E-09 1.5163E-09 1.9260E-09 2.4224E-09 3.0193E-09 3.7227E-09 4.5393E-09 5.4711E-09 6.5180E-09 7.6642E-09 8.8921E-09 1.0175E-08 1.1473E-08 1.2744E-08 1.3935E-08 1.4994E-08 1.5867E-08 1.6522E-08 1.6914E-08 1.7028E-08 1.6866E-08 1.6432E-08 1.5746E-08 1.4833E-08 1.3734E-08 1.2497E-08 1.1162E-08 9.7744E-09 8.3839E-09 7.0356E-09 5.7711E-09
0.0000E+00 0.0000E+00 0.0000E+00 0.0000E+00 0.0000E+00 0.0000E+00 0.0000E+00 0.0000E+00 0.0000E+00 0.0000E+00 0.0000E+00 0.0000E+00 0.0000E+00 0.0000E+00 0.0000E+00 0.0000E+00 0.0000E+00 0.0000E+00 7.0837E-12 4.9949E-11 9.9772E-11 1.7531E-10 2.7048E-10 3.8969E-10 5.3412E-10 7.0889E-10 9.2165E-10 1.1953E-09 1.5319E-09 1.9461E-09 2.4481E-09 3.0478E-09 3.7555E-09 4.5689E-09 5.4996E-09 6.5320E-09 7.6593E-09 8.8558E-09 1.0096E-08 1.1335E-08 1.2539E-08 1.3648E-08 1.4620E-08 1.5417E-08 1.5997E-08 1.6334E-08 1.6423E-08 1.6247E-08 1.5809E-08 1.5136E-08 1.4243E-08 1.3162E-08 1.1931E-08 1.0602E-08 9.2293E-09 7.8598E-09 6.5436E-09
0.0000E+00 0.0000E+00 0.0000E+00 0.0000E+00 0.0000E+00 0.0000E+00 0.0000E+00 0.0000E+00 0.0000E+00 0.0000E+00 0.0000E+00 0.0000E+00 0.0000E+00 0.0000E+00 0.0000E+00 0.0000E+00 0.0000E+00 0.0000E+00 0.0000E+00 9.4300E-12 5.1479E-11 8.7138E-11 1.5820E-10 2.5654E-10 3.8187E-10 5.3060E-10 7.0611E-10 9.2784E-10 1.1953E-09 1.5316E-09 1.9487E-09 2.4482E-09 3.0488E-09 3.7484E-09 4.5617E-09 5.4754E-09 6.4926E-09 7.5913E-09 8.7526E-09 9.9479E-09 1.1131E-08 1.2269E-08 1.3325E-08 1.4242E-08 1.4996E-08 1.5555E-08 1.5884E-08 1.5969E-08 1.5803E-08 1.5381E-08 1.4707E-08 1.3804E-08 1.2714E-08 1.1479E-08 1.0146E-08 8.7724E-09 7.4194E-09
0.0000E+00 0.0000E+00 0.0000E+00 0.0000E+00 0.0000E+00 0.0000E+00 0.0000E+00 0.0000E+00 0.0000E+00 0.0000E+00 0.0000E+00 0.0000E+00 0.0000E+00 0.0000E+00 0.0000E+00 0.0000E+00 0.0000E+00 0.0000E+00 0.0000E+00 0.0000E+00 1.1397E-11 4.7620E-11 7.5431E-11 1.3742E-10 2.3957E-10 3.7199E-10 5.1461E-10 6.9613E-10 9.1421E-10 1.1844E-09 1.5196E-09 1.9298E-09 2.4284E-09 3.0206E-09 3.7163E-09 4.5138E-09 5.4136E-09 6.4089E-09 7.4742E-09 8.6041E-09 9.7548E-09 1.0902E-08 1.2004E-08 1.3027E-08 1.3937E-08 1.4690E-08 1.5252E-08 1.5601E-08 1.5702E-08 1.5536E-08 1.5103E-08 1.4416E-08 1.3495E-08 1.2376E-08 1.1111E-08 9.7682E-09 8.3988E-09
0.0000E+00 0.0000E+00 0.0000E+00 0.0000E+00 0.0000E+00 0.0000E+00 0.0000E+00 0.0000E+00 0.0000E+00 0.0000E+00 0.0000E+00 0.0000E+00 0.0000E+00 0.0000E+00 0.0000E+00 0.0000E+00 0.0000E+00 0.0000E+00 0.0000E+00 0.0000E+00 0.0000E+00 1.2001E-11 4.1378E-11 6.6150E-11 1.1418E-10 2.2691E-10 3.5208E-10 4.9502E-10 6.7068E-10 8.9175E-10 1.1631E-09 1.4936E-09 1.8998E-09 2.3889E-09 2.9772E-09 3.6604E-09 4.4409E-09 5.3223E-09 6.2947E-09 7.3366E-09 8.4342E-09 9.5680E-09 1.0694E-08 1.1794E-08 1.2830E-08 1.3752E-08 1.4533E-08 1.5123E-08 1.5481E-08 1.5584E-08 1.5416E-08 1.4964E-08 1.4238E-08 1.3276E-08 1.2131E-08 1.0846E-08 9.4882E-09
0.0000E+00 0.0000E+00 0.0000E+00 0.0000E+00 0.0000E+00 0.0000E+00 0.0000E+00 0.0000E+00 0.0000E+00 0.0000E+00 0.0000E+00 0.0000E+00 0.0000E+00 0.0000E+00 0.0000E+00 0.0000E+00 0.0000E+00 0.0000E+00 0.0000E+00 0.0000E+00 0.0000E+00 0.0000E+00 1.0258E-11 3.3587E-11 5.5179E-11 9.1762E-11 2.1315E-10 3.3741E-10 4.6768E-10 6.4110E-10 8.6263E-10 1.1285E-09 1.4593E-09 1.8578E-09 2.3422E-09 2.9158E-09 3.5874E-09 4.3555E-09 5.2169E-09 6.1712E-09 7.1987E-09 8.2867E-09 9.4193E-09 1.0565E-08 1.1684E-08 1.2750E-08 1.3713E-08 1.4520E-08 1.5132E-08 1.5508E-08 1.5608E-08 1.5413E-08 1.4932E-08 1.4178E-08 1.3181E-08 1.1991E-08 1.0678E-08
0.0000E+00 0.0000E+00 0.0000E+00 0.0000E+00 0.0000E+00 0.0000E+00 0.0000E+00 0.0000E+00 0.0000E+00 0.0000E+00 0.0000E+00 0.0000E+00 0.0000E+00 0.0000E+00 0.0000E+00 0.0000E+00 0.0000E+00 0.0000E+00 0.0000E+00 0.0000E+00 0.0000E+00 0.0000E+00 0.0000E+00 7.4897E-12 2.4962E-11 4.3034E-11 8.3932E-11 2.0325E-10 3.1095E-10 4.3897E-10 6.1176E-10 8.2735E-10 1.0914E-09 1.4132E-09 1.8100E-09 2.2837E-09 2.8432E-09 3.5078E-09 4.2585E-09 5.1093E-09 6.0571E-09 7.0854E-09 8.1894E-09 9.3420E-09 1.0516E-08 1.1683E-08 1.2791E-08 1.3794E-08 1.4644E-08 1.5280E-08 1.5660E-08 1.5757E-08 1.5549E-08 1.5029E-08 1.4224E-08 1.3181E-08 1.1946E-08
0.0000E+00 0.0000E+00 0.0000E+00 0.0000E+00 0.0000E+00 0.0000E+00 0.0000E+00 0.0000E+00 0.0000E+00 0.0000E+00 0.0000E+00 0.0000E+00 0.0000E+00 0.0000E+00 0.0000E+00 0.0000E+00 0.0000E+00 0.0000E+00 0.0000E+00 0.0000E+00 0.0000E+00 0.0000E+00 0.0000E+00 0.0000E+00 4.5679E-12 1.6578E-11 3.1857E-11 7.7677E-11 1.9200E-10 2.8834E-10 4.1489E-10 5.8025E-10 7.9225E-10 1.0483E-09 1.3643E-09 1.7512E-09 2.2158E-09 2.7705E-09 3.4139E-09 4.1636E-09 5.0128E-09 5.9616E-09 7.0110E-09 8.1395E-09 9.3341E-09 1.0561E-08 1.1779E-08 1.2948E-08 1.4005E-08 1.4893E-08 1.5561E-08 1.5959E-08 1.6042E-08 1.5801E-08 1.5247E-08 1.4391E-08 1.3279E-08
0.0000E+00 0.0000E+00 0.0000E+00 0.0000E+00 0.0000E+00 0.0000E+00 0.0000E+00 0.0000E+00 0.0000E+00 0.0000E+00 0.0000E+00 0.0000E+00 0.0000E+00 0.0000E+00 0.0000E+00 0.0000E+00 0.0000E+00 0.0000E+00 0.0000E+00 0.0000E+00 0.0000E+00 0.0000E+00 0.0000E+00 0.0000E+00 0.0000E+00 2.1488E-12 9.5391E-12 2.1902E-11 7.0874E-11 1.7267E-10 2.7165E-10 3.8976E-10 5.4968E-10 7.5189E-10 1.0031E-09 1.3075E-09 1.6834E-09 2.1420E-09 2.6800E-09 3.3233E-09 4.0700E-09 4.9271E-09 5.8987E-09 6.9779E-09 8.1556E-09 9.4035E-09 1.0698E-08 1.1991E-08 1.3225E-08 1.4346E-08 1.5290E-08 1.5984E-08 1.6390E-08 1.6469E-08 1.6197E-08 1.5578E-08 1.4645E-08
0.0000E+00 0.0000E+00 0.0000E+00 0.0000E+00 0.0000E+00 0.0000E+00 0.0000E+00 0.0000E+00 0.0000E+00 0.0000E+00 0.0000E+00 0.0000E+00 0.0000E+00 0.0000E+00 0.0000E+00 0.0000E+00 0.0000E+00 0.0000E+00 0.0000E+00 0.0000E+00 0.0000E+00 0.0000E+00 0.0000E+00 0.0000E+00 0.0000E+00 0.0000E+00 7.1642E-13 4.3720E-12 1.3658E-11 5.8527E-11 1.5484E-10 2.5452E-10 3.7010E-10 5.1976E-10 7.1225E-10 9.5097E-10 1.2454E-09 1.6156E-09 2.0564E-09 2.5958E-09 3.2389E-09 3.9952E-09 4.8732E-09 5.8783E-09 7.0053E-09 8.2442E-09 9.5681E-09 1.0942E-08 1.2318E-08 1.3638E-08 1.4828E-08 1.5824E-08 1.6562E-08 1.6974E-08 1.7026E-08 1.6703E-08 1.6014E-08
