Assets/Resources/2015_m01_d20_0400(utc+0800)_l00_csi_1hr_conc.grd
DSAA
         159         159
     -79.000      79.000
     -79.000      79.000
  0.0000E+00  0.9441E-05
[rows 125 to 149 of 159, columns 57 to 113 of 159]
4.8228E-11 6.3493E-11 7.2977E-11 8.1212E-11 9.0149E-11 9.8057E-11 1.0656E-10 1.1545E-10 1.2435E-10 1.3338E-10 1.4292E-10 1.5230E-10 1.6263E-10 1.7243E-10 1.8269E-10 1.9285E-10 2.0393E-10 2.1893E-10 2.3364E-10 2.4919E-10 2.6207E-10 2.7326E-10 2.8705E-10 2.9912E-10 3.1111E-10 3.2572E-10 3.3787E-10 3.4977E-10 3.6333E-10 3.7420E-10 3.8469E-10 3.9947E-10 4.1157E-10 4.2201E-10 4.3203E-10 4.4180E-10 4.5560E-10 4.6594E-10 4.7527E-10 4.8409E-10 4.9195E-10 5.0005E-10 5.1191E-10 5.1975E-10 5.2558E-10 5.3264E-10 5.3702E-10 5.5142E-10 5.5511E-10 5.6073E-10 5.7104E-10 5.7134E-10 5.7062E-10 5.7590E-10 5.7566E-10 5.7486E-10 5.6847E-10
2.2071E-11 4.5417E-11 6.1773E-11 7.1393E-11 7.8851E-11 8.7122E-11 9.5059E-11 1.0376E-10 1.1170E-10 1.2022E-10 1.2945E-10 1.3796E-10 1.4754E-10 1.5678E-10 1.6601E-10 1.7655E-10 1.8554E-10 1.9610E-10 2.1051E-10 2.2459E-10 2.3951E-10 2.5179E-10 2.6368E-10 2.7556E-10 2.8701E-10 2.9855E-10 3.1250E-10 3.2403E-10 3.3515E-10 3.4805E-10 3.5832E-10 3.6833E-10 3.8242E-10 3.9377E-10 4.0308E-10 4.1262E-10 4.2183E-10 4.3422E-10 4.4468E-10 4.5209E-10 4.6050E-10 4.6843E-10 4.7468E-10 4.8723E-10 4.9249E-10 4.9938E-10 5.0375E-10 5.1003E-10 5.1571E-10 5.1657E-10 5.1789E-10 5.2952E-10 5.2744E-10 5.2872E-10 5.2448E-10 5.2979E-10 5.2449E-10
1.0222E-11 2.1138E-11 4.1464E-11 5.9212E-11 6.9100E-11 7.6037E-11 8.3776E-11 9.1852E-11 1.0042E-10 1.0800E-10 1.1616E-10 1.2490E-10 1.3311E-10 1.4226E-10 1.5106E-10 1.5986E-10 1.6991E-10 1.7844E-10 1.8850E-10 2.0192E-10 2.1582E-10 2.3014E-10 2.4184E-10 2.5315E-10 2.6525E-10 2.7532E-10 2.8627E-10 2.9991E-10 3.1055E-10 3.2108E-10 3.3348E-10 3.4256E-10 3.5200E-10 3.6542E-10 3.7573E-10 3.8502E-10 3.9337E-10 4.0142E-10 4.1387E-10 4.2237E-10 4.3065E-10 4.3789E-10 4.4405E-10 4.5114E-10 4.5973E-10 4.6786E-10 4.6679E-10 4.6865E-10 4.6942E-10 4.8233E-10 4.7537E-10 4.8032E-10 4.8321E-10 4.8499E-10 4.8332E-10 4.8037E-10 4.7819E-10
2.1665E-12 9.9657E-12 1.9870E-11 3.5749E-11 5.7280E-11 6.6833E-11 7.3729E-11 8.1166E-11 8.8913E-11 9.7033E-11 1.0496E-10 1.1218E-10 1.2054E-10 1.2836E-10 1.3702E-10 1.4549E-10 1.5386E-10 1.6346E-10 1.7154E-10 1.8103E-10 1.9365E-10 2.0732E-10 2.2106E-10 2.3222E-10 2.4298E-10 2.5452E-10 2.6405E-10 2.7401E-10 2.8720E-10 2.9713E-10 3.0725E-10 3.1838E-10 3.2753E-10 3.3594E-10 3.4803E-10 3.5832E-10 3.6653E-10 3.7426E-10 3.8191E-10 3.9113E-10 4.0166E-10 4.0887E-10 4.1480E-10 4.2137E-10 4.2159E-10 4.2604E-10 4.3033E-10 4.3651E-10 4.3063E-10 4.3146E-10 4.3832E-10 4.4177E-10 4.3253E-10 4.3340E-10 4.3790E-10 4.3771E-10 4.3441E-10
9.6657E-13 1.7287E-12 8.9631E-12 1.8412E-11 3.1581E-11 5.4011E-11 6.4269E-11 7.1457E-11 7.8593E-11 8.6022E-11 9.3802E-11 1.0139E-10 1.0828E-10 1.1628E-10 1.2433E-10 1.3200E-10 1.4068E-10 1.4803E-10 1.5719E-10 1.6485E-10 1.7466E-10 1.8560E-10 1.9891E-10 2.1192E-10 2.2255E-10 2.3278E-10 2.4392E-10 2.5234E-10 2.6234E-10 2.7480E-10 2.8377E-10 2.9294E-10 3.0388E-10 3.1201E-10 3.1983E-10 3.3009E-10 3.4055E-10 3.4815E-10 3.5560E-10 3.6197E-10 3.7131E-10 3.7602E-10 3.7835E-10 3.8476E-10 3.8749E-10 3.9385E-10 3.8858E-10 3.9515E-10 3.9582E-10 3.9983E-10 3.9158E-10 3.9011E-10 3.9576E-10 3.9849E-10 3.9312E-10 3.9593E-10 3.9075E-10
2.0356E-13 8.4514E-13 1.3084E-12 7.9792E-12 1.6854E-11 2.6022E-11 5.0249E-11 6.2310E-11 6.9217E-11 7.5969E-11 8.3182E-11 9.0336E-11 9.7904E-11 1.0447E-10 1.1203E-10 1.1981E-10 1.2702E-10 1.3540E-10 1.4271E-10 1.5134E-10 1.5806E-10 1.6732E-10 1.7712E-10 1.9006E-10 2.0382E-10 2.1284E-10 2.2256E-10 2.3271E-10 2.4106E-10 2.5011E-10 2.6200E-10 2.7052E-10 2.7911E-10 2.8898E-10 2.9652E-10 3.0394E-10 3.1366E-10 3.2297E-10 3.3019E-10 3.3243E-10 3.3528E-10 3.3975E-10 3.5043E-10 3.4823E-10 3.5322E-10 3.5540E-10 3.5491E-10 3.6054E-10 3.5692E-10 3.5624E-10 3.5732E-10 3.6034E-10 3.5133E-10 3.5473E-10 3.5335E-10 3.5430E-10 3.5376E-10
0.0000E+00 1.0016E-13 8.2531E-13 1.2774E-12 5.8355E-12 1.4780E-11 2.4250E-11 4.5125E-11 6.0379E-11 6.7013E-11 7.3393E-11 7.9558E-11 8.7256E-11 9.4281E-11 1.0053E-10 1.0820E-10 1.1516E-10 1.2202E-10 1.2972E-10 1.3692E-10 1.4505E-10 1.5118E-10 1.5991E-10 1.6896E-10 1.8132E-10 1.9475E-10 2.0344E-10 2.1222E-10 2.2192E-10 2.2951E-10 2.3834E-10 2.4930E-10 2.5727E-10 2.6527E-10 2.7419E-10 2.8134E-10 2.8460E-10 2.8962E-10 2.9803E-10 3.0335E-10 3.0980E-10 3.0719E-10 3.0985E-10 3.1645E-10 3.2142E-10 3.1930E-10 3.1994E-10 3.1990E-10 3.2103E-10 3.2926E-10 3.2069E-10 3.1961E-10 3.2035E-10 3.2181E-10 3.2088E-10 3.2189E-10 3.2345E-10
0.0000E+00 0.0000E+00 9.7779E-14 7.0766E-13 1.2466E-12 4.9475E-12 1.4017E-11 2.3220E-11 4.1889E-11 5.8387E-11 6.4848E-11 7.0109E-11 7.6864E-11 8.4032E-11 9.0443E-11 9.6470E-11 1.0379E-10 1.1040E-10 1.1662E-10 1.2420E-10 1.3104E-10 1.3846E-10 1.4451E-10 1.5212E-10 1.6109E-10 1.7236E-10 1.8559E-10 1.9356E-10 2.0194E-10 2.1105E-10 2.1825E-10 2.2606E-10 2.3657E-10 2.4082E-10 2.4383E-10 2.5260E-10 2.5795E-10 2.6436E-10 2.6432E-10 2.7059E-10 2.7588E-10 2.7954E-10 2.8438E-10 2.7925E-10 2.8469E-10 2.8701E-10 2.8962E-10 2.9082E-10 2.8681E-10 2.8622E-10 2.9200E-10 2.9450E-10 2.9043E-10 2.9311E-10 2.9419E-10 2.9836E-10 2.9403E-10
0.0000E+00 0.0000E+00 0.0000E+00 0.0000E+00 5.9357E-13 1.2162E-12 4.0114E-12 1.2850E-11 2.1762E-11 3.7549E-11 5.5007E-11 6.1863E-11 6.7758E-11 7.4015E-11 8.0667E-11 8.6682E-11 9.2495E-11 9.9167E-11 1.0523E-10 1.1138E-10 1.1850E-10 1.2416E-10 1.3199E-10 1.3706E-10 1.4492E-10 1.5279E-10 1.6283E-10 1.7612E-10 1.8371E-10 1.8807E-10 1.9460E-10 2.0107E-10 2.0699E-10 2.1659E-10 2.2338E-10 2.2410E-10 2.2866E-10 2.3392E-10 2.3769E-10 2.4384E-10 2.4511E-10 2.4479E-10 2.4862E-10 2.5159E-10 2.5574E-10 2.5535E-10 2.5496E-10 2.5668E-10 2.5839E-10 2.6110E-10 2.5916E-10 2.6116E-10 2.6779E-10 2.6975E-10 2.6934E-10 2.7031E-10 2.7056E-10
0.0000E+00 0.0000E+00 0.0000E+00 0.0000E+00 0.0000E+00 4.8345E-13 1.0938E-12 3.2009E-12 1.0778E-11 1.9764E-11 2.9471E-11 5.1118E-11 5.9413E-11 6.5240E-11 7.1014E-11 7.7365E-11 8.2703E-11 8.8188E-11 9.4429E-11 1.0044E-10 1.0604E-10 1.1248E-10 1.1809E-10 1.2473E-10 1.3021E-10 1.3460E-10 1.4024E-10 1.4870E-10 1.6113E-10 1.6826E-10 1.7399E-10 1.7827E-10 1.8332E-10 1.8662E-10 1.9598E-10 2.0015E-10 2.0536E-10 2.0642E-10 2.0650E-10 2.1154E-10 2.1345E-10 2.2254E-10 2.2040E-10 2.1874E-10 2.2193E-10 2.2480E-10 2.3205E-10 2.3120E-10 2.3393E-10 2.3629E-10 2.3766E-10 2.3990E-10 2.4082E-10 2.4468E-10 2.4728E-10 2.4970E-10 2.4989E-10
0.0000E+00 0.0000E+00 0.0000E+00 0.0000E+00 0.0000E+00 0.0000E+00 3.7768E-13 9.7489E-13 1.9994E-12 1.0138E-11 1.6641E-11 2.4840E-11 4.7402E-11 5.7200E-11 6.2561E-11 6.7982E-11 7.3740E-11 7.8601E-11 8.3669E-11 8.9871E-11 9.3434E-11 9.8543E-11 1.0271E-10 1.0681E-10 1.1361E-10 1.1791E-10 1.2382E-10 1.2785E-10 1.3397E-10 1.4417E-10 1.5019E-10 1.5683E-10 1.6324E-10 1.6415E-10 1.6736E-10 1.7208E-10 1.7746E-10 1.7968E-10 1.8670E-10 1.8515E-10 1.8394E-10 1.8831E-10 1.9479E-10 1.9887E-10 1.9873E-10 2.0056E-10 2.0528E-10 2.0889E-10 2.1371E-10 2.1535E-10 2.1774E-10 2.1969E-10 2.2250E-10 2.2545E-10 2.2970E-10 2.3021E-10 2.3196E-10
0.0000E+00 0.0000E+00 0.0000E+00 0.0000E+00 0.0000E+00 0.0000E+00 0.0000E+00 2.7765E-13 9.4967E-13 1.5174E-12 6.7825E-12 1.4749E-11 2.3755E-11 4.1343E-11 5.3438E-11 5.8086E-11 6.1639E-11 6.7043E-11 7.0333E-11 7.5752E-11 8.1256E-11 8.5571E-11 9.0537E-11 9.2393E-11 9.5326E-11 1.0015E-10 1.0411E-10 1.1024E-10 1.1540E-10 1.1990E-10 1.2876E-10 1.3119E-10 1.3582E-10 1.4271E-10 1.4592E-10 1.5073E-10 1.5374E-10 1.5328E-10 1.5765E-10 1.6176E-10 1.6638E-10 1.6649E-10 1.6841E-10 1.7743E-10 1.7953E-10 1.8311E-10 1.8503E-10 1.8673E-10 1.9089E-10 1.9710E-10 1.9959E-10 2.0286E-10 2.0610E-10 2.0800E-10 2.1035E-10 2.1322E-10 2.1556E-10
0.0000E+00 0.0000E+00 0.0000E+00 0.0000E+00 0.0000E+00 0.0000E+00 0.0000E+00 0.0000E+00 1.8116E-13 7.4860E-13 1.1560E-12 6.2699E-12 1.4014E-11 2.1531E-11 3.3876E-11 4.8727E-11 5.1601E-11 5.4976E-11 5.8116E-11 6.2114E-11 6.5876E-11 7.0282E-11 7.4815E-11 7.9172E-11 8.3632E-11 8.3676E-11 8.6236E-11 8.9227E-11 9.3301E-11 9.8409E-11 1.0226E-10 1.1354E-10 1.1607E-10 1.1734E-10 1.2267E-10 1.2602E-10 1.2964E-10 1.3671E-10 1.3823E-10 1.4033E-10 1.4678E-10 1.4954E-10 1.5293E-10 1.5666E-10 1.6264E-10 1.6553E-10 1.6781E-10 1.7199E-10 1.7454E-10 1.7693E-10 1.8404E-10 1.8705E-10 1.8922E-10 1.9198E-10 1.9332E-10 1.9351E-10 1.9580E-10
0.0000E+00 0.0000E+00 0.0000E+00 0.0000E+00 0.0000E+00 0.0000E+00 0.0000E+00 0.0000E+00 0.0000E+00 8.8528E-14 7.2867E-13 1.1251E-12 5.4735E-12 1.2018E-11 1.9291E-11 2.5191E-11 4.0090E-11 4.5587E-11 4.9159E-11 5.0777E-11 5.3729E-11 5.6654E-11 5.9249E-11 6.2367E-11 6.6615E-11 6.9716E-11 7.3009E-11 7.4589E-11 7.7342E-11 7.7878E-11 8.1842E-11 8.6158E-11 9.6730E-11 1.0212E-10 1.0475E-10 1.0915E-10 1.1213E-10 1.1695E-10 1.2224E-10 1.2665E-10 1.2885E-10 1.3287E-10 1.3751E-10 1.4001E-10 1.4380E-10 1.4839E-10 1.5465E-10 1.5737E-10 1.5968E-10 1.6336E-10 1.6559E-10 1.7036E-10 1.7321E-10 1.7446E-10 1.7710E-10 1.7834E-10 1.7905E-10
0.0000E+00 0.0000E+00 0.0000E+00 0.0000E+00 0.0000E+00 0.0000E+00 0.0000E+00 0.0000E+00 0.0000E+00 0.0000E+00 0.0000E+00 4.4715E-13 1.0948E-12 4.0337E-12 1.1062E-11 1.5991E-11 2.1307E-11 3.0077E-11 3.7046E-11 4.0158E-11 4.3353E-11 4.5584E-11 4.7162E-11 5.0608E-11 5.0833E-11 5.4297E-11 5.6878E-11 6.0170E-11 6.3848E-11 6.6465E-11 6.8507E-11 7.2232E-11 7.4380E-11 8.4310E-11 8.9923E-11 9.4949E-11 9.9075E-11 1.0233E-10 1.0560E-10 1.1146E-10 1.1595E-10 1.1934E-10 1.2264E-10 1.2831E-10 1.3097E-10 1.3474E-10 1.3679E-10 1.4322E-10 1.4712E-10 1.4916E-10 1.5103E-10 1.5341E-10 1.5596E-10 1.5837E-10 1.6052E-10 1.6149E-10 1.6378E-10
0.0000E+00 0.0000E+00 0.0000E+00 0.0000E+00 0.0000E+00 0.0000E+00 0.0000E+00 0.0000E+00 0.0000E+00 0.0000E+00 0.0000E+00 0.0000E+00 3.4941E-13 1.0651E-12 3.1394E-12 7.2836E-12 1.3426E-11 1.8991E-11 2.3009E-11 2.8609E-11 3.1081E-11 3.3491E-11 3.6192E-11 3.9560E-11 4.1674E-11 4.3447E-11 4.7280E-11 4.8408E-11 5.1398E-11 5.5353E-11 5.7116E-11 5.9955E-11 6.4838E-11 6.6873E-11 7.3039E-11 8.1707E-11 8.5765E-11 8.9033E-11 9.4616E-11 9.8295E-11 1.0213E-10 1.0796E-10 1.1173E-10 1.1382E-10 1.1928E-10 1.2227E-10 1.2427E-10 1.2761E-10 1.3338E-10 1.3538E-10 1.3865E-10 1.3955E-10 1.4186E-10 1.4289E-10 1.4600E-10 1.4588E-10 1.4846E-10
0.0000E+00 0.0000E+00 0.0000E+00 0.0000E+00 0.0000E+00 0.0000E+00 0.0000E+00 0.0000E+00 0.0000E+00 0.0000E+00 0.0000E+00 0.0000E+00 0.0000E+00 3.4003E-13 9.5374E-13 1.9829E-12 6.4193E-12 1.0972E-11 1.4728E-11 1.9133E-11 2.3777E-11 2.5125E-11 2.7631E-11 3.0031E-11 3.2893E-11 3.4933E-11 3.8074E-11 4.1150E-11 4.2742E-11 4.5522E-11 4.8482E-11 5.1078E-11 5.2390E-11 5.7210E-11 6.0811E-11 6.4394E-11 7.4894E-11 7.9571E-11 8.2397E-11 8.7522E-11 9.0939E-11 9.5170E-11 1.0065E-10 1.0356E-10 1.0602E-10 1.1020E-10 1.1285E-10 1.1555E-10 1.1708E-10 1.2307E-10 1.2552E-10 1.2602E-10 1.2823E-10 1.2781E-10 1.2882E-10 1.2883E-10 1.3076E-10
0.0000E+00 0.0000E+00 0.0000E+00 0.0000E+00 0.0000E+00 0.0000E+00 0.0000E+00 0.0000E+00 0.0000E+00 0.0000E+00 0.0000E+00 0.0000E+00 0.0000E+00 0.0000E+00 2.4872E-13 6.8449E-13 1.0554E-12 4.7191E-12 8.9020E-12 1.2205E-11 1.5361E-11 1.8679E-11 2.1762E-11 2.2898E-11 2.5836E-11 2.8908E-11 3.0270E-11 3.2696E-11 3.6239E-11 3.7609E-11 4.1230E-11 4.3474E-11 4.6470E-11 4.8147E-11 5.2724E-11 5.6288E-11 5.8983E-11 6.8721E-11 7.3335E-11 7.6508E-11 8.1485E-11 8.4164E-11 8.7596E-11 9.3408E-11 9.5121E-11 9.7721E-11 1.0137E-10 1.0371E-10 1.0505E-10 1.0715E-10 1.0993E-10 1.1215E-10 1.1386E-10 1.1402E-10 1.1685E-10 1.1431E-10 1.1556E-10
0.0000E+00 0.0000E+00 0.0000E+00 0.0000E+00 0.0000E+00 0.0000E+00 0.0000E+00 0.0000E+00 0.0000E+00 0.0000E+00 0.0000E+00 0.0000E+00 0.0000E+00 0.0000E+00 0.0000E+00 0.0000E+00 5.0151E-13 1.0255E-12 3.7565E-12 7.1257E-12 1.0427E-11 1.2816E-11 1.5686E-11 1.7906E-11 2.0194E-11 2.2980E-11 2.5432E-11 2.7186E-11 2.9880E-11 3.2637E-11 3.4543E-11 3.7420E-11 3.9396E-11 4.2098E-11 4.3885E-11 4.8041E-11 5.1256E-11 5.3100E-11 6.3011E-11 6.7508E-11 7.0514E-11 7.4308E-11 7.7394E-11 7.9867E-11 8.4666E-11 8.6697E-11 8.8172E-11 8.9887E-11 9.2507E-11 9.4659E-11 9.5049E-11 9.7667E-11 9.9164E-11 9.9217E-11 1.0001E-10 9.9856E-11 1.0093E-10
0.0000E+00 0.0000E+00 0.0000E+00 0.0000E+00 0.0000E+00 0.0000E+00 0.0000E+00 0.0000E+00 0.0000E+00 0.0000E+00 0.0000E+00 0.0000E+00 0.0000E+00 0.0000E+00 0.0000E+00 0.0000E+00 0.0000E+00 3.2788E-13 9.1309E-13 3.5428E-12 6.0285E-12 8.9799E-12 1.1724E-11 1.3993E-11 1.6053E-11 1.8291E-11 2.0770E-11 2.2253E-11 2.4497E-11 2.7123E-11 2.8453E-11 3.1413E-11 3.4199E-11 3.5807E-11 3.8180E-11 3.9297E-11 4.3513E-11 4.5926E-11 4.8129E-11 5.6170E-11 6.0027E-11 6.2760E-11 6.6700E-11 6.8411E-11 7.2139E-11 7.3113E-11 7.7327E-11 7.9035E-11 7.9994E-11 8.2654E-11 8.1896E-11 8.4516E-11 8.3033E-11 8.4936E-11 8.5956E-11 8.4033E-11 8.2638E-11
0.0000E+00 0.0000E+00 0.0000E+00 0.0000E+00 0.0000E+00 0.0000E+00 0.0000E+00 0.0000E+00 0.0000E+00 0.0000E+00 0.0000E+00 0.0000E+00 0.0000E+00 0.0000E+00 0.0000E+00 0.0000E+00 0.0000E+00 0.0000E+00 3.1866E-13 8.8715E-13 2.8339E-12 5.7241E-12 8.3042E-12 1.0194E-11 1.2257E-11 1.4223E-11 1.6304E-11 1.8705E-11 1.9261E-11 2.1326E-11 2.4300E-11 2.5054E-11 2.8227E-11 2.9744E-11 3.1132E-11 3.4321E-11 3.4490E-11 3.7072E-11 4.0938E-11 4.0753E-11 4.5024E-11 5.3328E-11 5.5271E-11 5.6458E-11 6.0447E-11 6.2431E-11 6.5295E-11 6.6345E-11 6.8640E-11 6.9338E-11 7.1176E-11 7.1936E-11 6.8388E-11 7.0681E-11 6.9232E-11 6.9144E-11 6.7999E-11
0.0000E+00 0.0000E+00 0.0000E+00 0.0000E+00 0.0000E+00 0.0000E+00 0.0000E+00 0.0000E+00 0.0000E+00 0.0000E+00 0.0000E+00 0.0000E+00 0.0000E+00 0.0000E+00 0.0000E+00 0.0000E+00 0.0000E+00 0.0000E+00 0.0000E+00 3.0965E-13 4.8042E-13 8.1786E-13 4.0737E-12 6.1529E-12 8.8190E-12 1.0218E-11 1.2313E-11 1.3940E-11 1.4944E-11 1.6490E-11 1.8895E-11 2.0592E-11 2.1528E-11 2.3579E-11 2.4792E-11 2.6483E-11 2.8977E-11 3.0115E-11 2.9670E-11 3.4820E-11 3.5835E-11 3.8036E-11 4.4513E-11 4.8227E-11 4.8393E-11 5.2233E-11 5.3185E-11 5.3746E-11 5.6859E-11 5.5389E-11 5.7574E-11 5.7514E-11 5.7542E-11 5.7361E-11 5.1877E-11 5.2561E-11 5.1495E-11
0.0000E+00 0.0000E+00 0.0000E+00 0.0000E+00 0.0000E+00 0.0000E+00 0.0000E+00 0.0000E+00 0.0000E+00 0.0000E+00 0.0000E+00 0.0000E+00 0.0000E+00 0.0000E+00 0.0000E+00 0.0000E+00 0.0000E+00 0.0000E+00 0.0000E+00 0.0000E+00 0.0000E+00 2.3566E-13 5.5604E-13 2.4963E-12 4.2718E-12 6.0340E-12 6.9313E-12 9.0386E-12 1.0384E-11 1.1901E-11 1.3372E-11 1.5171E-11 1.6143E-11 1.7912E-11 1.9481E-11 2.0349E-11 2.2042E-11 2.2579E-11 2.4550E-11 2.5013E-11 2.8593E-11 2.9502E-11 3.1571E-11 3.6567E-11 3.9203E-11 4.0393E-11 4.1444E-11 4.3712E-11 4.3675E-11 4.4218E-11 4.3015E-11 4.1731E-11 4.2791E-11 4.2317E-11 4.2590E-11 4.2254E-11 3.9809E-11
0.0000E+00 0.0000E+00 0.0000E+00 0.0000E+00 0.0000E+00 0.0000E+00 0.0000E+00 0.0000E+00 0.0000E+00 0.0000E+00 0.0000E+00 0.0000E+00 0.0000E+00 0.0000E+00 0.0000E+00 0.0000E+00 0.0000E+00 0.0000E+00 0.0000E+00 0.0000E+00 0.0000E+00 0.0000E+00 1.5263E-13 3.8339E-13 1.8399E-12 2.7216E-12 3.9254E-12 4.9059E-12 6.3552E-12 7.4689E-12 9.0214E-12 1.0345E-11 1.1141E-11 1.1973E-11 1.3860E-11 1.5575E-11 1.5853E-11 1.7295E-11 1.7905E-11 1.9296E-11 1.8910E-11 2.1870E-11 2.2886E-11 2.3576E-11 2.7305E-11 2.9748E-11 2.9148E-11 3.1318E-11 3.1209E-11 3.3603E-11 3.3711E-11 3.3092E-11 3.1477E-11 3.0362E-11 3.1038E-11 3.0652E-11 3.0989E-11
0.0000E+00 0.0000E+00 0.0000E+00 0.0000E+00 0.0000E+00 0.0000E+00 0.0000E+00 0.0000E+00 0.0000E+00 0.0000E+00 0.0000E+00 0.0000E+00 0.0000E+00 0.0000E+00 0.0000E+00 0.0000E+00 0.0000E+00 0.0000E+00 0.0000E+00 0.0000E+00 0.0000E+00 0.0000E+00 0.0000E+00 7.4154E-14 2.2261E-13 4.7746E-13 1.7058E-12 2.3938E-12 3.0552E-12 4.0756E-12 4.9091E-12 5.4021E-12 7.0833E-12 7.0014E-12 8.4809E-12 9.4688E-12 9.5346E-12 1.0733E-11 1.2355E-11 1.1981E-11 1.2631E-11 1.2731E-11 1.2308E-11 1.5976E-11 1.6163E-11 1.6966E-11 2.0994E-11 2.0751E-11 2.0949E-11 2.2933E-11 2.3763E-11 2.4464E-11 2.4185E-11 2.4431E-11 2.2346E-11 2.1773E-11 2.1908E-11
