Assets/Resources/2015_m01_d07_0300(utc+0800)_l00_csi_1hr_conc.grd
DSAA
         159         159
     -79.000      79.000
     -79.000      79.000
  0.0000E+00  0.1429E-04
[rows 50 to 74 of 159, columns 57 to 113 of 159]
3.0390E-09 3.5286E-09 4.0991E-09 4.7485E-09 5.5093E-09 6.3928E-09 7.4232E-09 8.6190E-09 1.0014E-08 1.1615E-08 1.3437E-08 1.5495E-08 1.7782E-08 2.0281E-08 2.2973E-08 2.5814E-08 2.8865E-08 3.1873E-08 3.4989E-08 3.7865E-08 4.0526E-08 4.3021E-08 4.4998E-08 4.6495E-08 4.7525E-08 4.8002E-08 4.7999E-08 4.7485E-08 4.6535E-08 4.5153E-08 4.3433E-08 4.1441E-08 3.9227E-08 3.6906E-08 3.4516E-08 3.2144E-08 2.9810E-08 2.7455E-08 2.5347E-08 2.3361E-08 2.1490E-08 1.9748E-08 1.8030E-08 1.6553E-08 1.5197E-08 1.3842E-08 1.2727E-08 1.1681E-08 1.0734E-08 9.8431E-09 9.0377E-09 8.2787E-09 7.5952E-09 6.9504E-09 6.3719E-09 5.8249E-09 5.3260E-09
2.9052E-09 3.3858E-09 3.9369E-09 4.5784E-09 5.3386E-09 6.2283E-09 7.2636E-09 8.4864E-09 9.9065E-09 1.1555E-08 1.3448E-08 1.5592E-08 1.7979E-08 2.0609E-08 2.3446E-08 2.6536E-08 2.9680E-08 3.3018E-08 3.6207E-08 3.9267E-08 4.2264E-08 4.4779E-08 4.6859E-08 4.8452E-08 4.9505E-08 5.0218E-08 5.0189E-08 4.9641E-08 4.8573E-08 4.7064E-08 4.5173E-08 4.2960E-08 4.0550E-08 3.7837E-08 3.5262E-08 3.2680E-08 3.0184E-08 2.7795E-08 2.5545E-08 2.3315E-08 2.1370E-08 1.9575E-08 1.7921E-08 1.6292E-08 1.4925E-08 1.3663E-08 1.2425E-08 1.1389E-08 1.0448E-08 9.5721E-09 8.7743E-09 8.0311E-09 7.3569E-09 6.7256E-09 6.1591E-09 5.6245E-09 5.1364E-09
2.7621E-09 3.2338E-09 3.7889E-09 4.4232E-09 5.1687E-09 6.0455E-09 7.0925E-09 8.3229E-09 9.7685E-09 1.1453E-08 1.3397E-08 1.5609E-08 1.8093E-08 2.0828E-08 2.3790E-08 2.7029E-08 3.0456E-08 3.3855E-08 3.7387E-08 4.0656E-08 4.3680E-08 4.6319E-08 4.8686E-08 5.0374E-08 5.1514E-08 5.2072E-08 5.2059E-08 5.1463E-08 5.0326E-08 4.8687E-08 4.6614E-08 4.4233E-08 4.1589E-08 3.8847E-08 3.6022E-08 3.3109E-08 3.0434E-08 2.7903E-08 2.5528E-08 2.3326E-08 2.1161E-08 1.9312E-08 1.7628E-08 1.6083E-08 1.4582E-08 1.3323E-08 1.2184E-08 1.1049E-08 1.0119E-08 9.2630E-09 8.4781E-09 7.7537E-09 7.0935E-09 6.4786E-09 5.9269E-09 5.4071E-09 4.9315E-09
2.6180E-09 3.0840E-09 3.6296E-09 4.2409E-09 4.9778E-09 5.8479E-09 6.8957E-09 8.1338E-09 9.5900E-09 1.1303E-08 1.3283E-08 1.5546E-08 1.8095E-08 2.0919E-08 2.4050E-08 2.7440E-08 3.0921E-08 3.4636E-08 3.8205E-08 4.1634E-08 4.5014E-08 4.7830E-08 5.0160E-08 5.1931E-08 5.3126E-08 5.3742E-08 5.3929E-08 5.3330E-08 5.2133E-08 5.0368E-08 4.7977E-08 4.5384E-08 4.2569E-08 3.9580E-08 3.6594E-08 3.3620E-08 3.0764E-08 2.7906E-08 2.5413E-08 2.3120E-08 2.1018E-08 1.8966E-08 1.7253E-08 1.5699E-08 1.4172E-08 1.2927E-08 1.1796E-08 1.0662E-08 9.7491E-09 8.9181E-09 8.1514E-09 7.4487E-09 6.8071E-09 6.2110E-09 5.6770E-09 5.1747E-09 4.7122E-09
2.4815E-09 2.9253E-09 3.4567E-09 4.0566E-09 4.7805E-09 5.6386E-09 6.6756E-09 7.9091E-09 9.3707E-09 1.1091E-08 1.3090E-08 1.5389E-08 1.7985E-08 2.0862E-08 2.4072E-08 2.7563E-08 3.1288E-08 3.5012E-08 3.8730E-08 4.2561E-08 4.5931E-08 4.8886E-08 5.1549E-08 5.3464E-08 5.4765E-08 5.5448E-08 5.5503E-08 5.4900E-08 5.3650E-08 5.1811E-08 4.9430E-08 4.6666E-08 4.3600E-08 4.0419E-08 3.7018E-08 3.3880E-08 3.0849E-08 2.7997E-08 2.5357E-08 2.2814E-08 2.0655E-08 1.8696E-08 1.6804E-08 1.5248E-08 1.3844E-08 1.2473E-08 1.1361E-08 1.0355E-08 9.3430E-09 8.5400E-09 7.7973E-09 7.1182E-09 6.5003E-09 5.9252E-09 5.4102E-09 4.9287E-09 4.4833E-09
2.3395E-09 2.7567E-09 3.2926E-09 3.8718E-09 4.5683E-09 5.4111E-09 6.4308E-09 7.6494E-09 9.1023E-09 1.0816E-08 1.2817E-08 1.5121E-08 1.7737E-08 2.0652E-08 2.3969E-08 2.7457E-08 3.1271E-08 3.5276E-08 3.9162E-08 4.2957E-08 4.6700E-08 4.9883E-08 5.2540E-08 5.4571E-08 5.5996E-08 5.6771E-08 5.6875E-08 5.6280E-08 5.4995E-08 5.3039E-08 5.0553E-08 4.7600E-08 4.4376E-08 4.0965E-08 3.7543E-08 3.4174E-08 3.0818E-08 2.7831E-08 2.5083E-08 2.2578E-08 2.0198E-08 1.8217E-08 1.6438E-08 1.4730E-08 1.3340E-08 1.2102E-08 1.0882E-08 9.9052E-09 8.9043E-09 8.1329E-09 7.4193E-09 6.7656E-09 6.1610E-09 5.6242E-09 5.1289E-09 4.6689E-09 4.2463E-09
2.1937E-09 2.5848E-09 3.1075E-09 3.6664E-09 4.3428E-09 5.1621E-09 6.1589E-09 7.3581E-09 8.7822E-09 1.0470E-08 1.2454E-08 1.4747E-08 1.7354E-08 2.0265E-08 2.3593E-08 2.7206E-08 3.0970E-08 3.5066E-08 3.9056E-08 4.3246E-08 4.6979E-08 5.0351E-08 5.3204E-08 5.5471E-08 5.7092E-08 5.7993E-08 5.8178E-08 5.7603E-08 5.6283E-08 5.4260E-08 5.1604E-08 4.8496E-08 4.5052E-08 4.1458E-08 3.7812E-08 3.4261E-08 3.0872E-08 2.7546E-08 2.4700E-08 2.2122E-08 1.9821E-08 1.7654E-08 1.5876E-08 1.4295E-08 1.2783E-08 1.1572E-08 1.0361E-08 9.4200E-09 8.5566E-09 7.7004E-09 7.0208E-09 6.3950E-09 5.8346E-09 5.3108E-09 4.8349E-09 4.3985E-09 4.0009E-09
2.0425E-09 2.4119E-09 2.9158E-09 3.4534E-09 4.1035E-09 4.8908E-09 5.8564E-09 7.0225E-09 8.4087E-09 1.0059E-08 1.1999E-08 1.4251E-08 1.6825E-08 1.9703E-08 2.3060E-08 2.6600E-08 3.0525E-08 3.4517E-08 3.8836E-08 4.2917E-08 4.6891E-08 5.0503E-08 5.3621E-08 5.6131E-08 5.7996E-08 5.9126E-08 5.9458E-08 5.8945E-08 5.7584E-08 5.5449E-08 5.2673E-08 4.9367E-08 4.5715E-08 4.1860E-08 3.8004E-08 3.4244E-08 3.0680E-08 2.7371E-08 2.4203E-08 2.1571E-08 1.9227E-08 1.7015E-08 1.5247E-08 1.3683E-08 1.2175E-08 1.1001E-08 9.9424E-09 8.9053E-09 8.0809E-09 7.2467E-09 6.6058E-09 6.0125E-09 5.4803E-09 4.9856E-09 4.5372E-09 4.1213E-09 3.7506E-09
1.8899E-09 2.2413E-09 2.7085E-09 3.2325E-09 3.8496E-09 4.6004E-09 5.5256E-09 6.6472E-09 7.9837E-09 9.5787E-09 1.1461E-08 1.3652E-08 1.6151E-08 1.8961E-08 2.2248E-08 2.5838E-08 2.9634E-08 3.3855E-08 3.8045E-08 4.2232E-08 4.6435E-08 5.0272E-08 5.3758E-08 5.6685E-08 5.8889E-08 6.0308E-08 6.0865E-08 6.0457E-08 5.9106E-08 5.6872E-08 5.3924E-08 5.0368E-08 4.6435E-08 4.2319E-08 3.8172E-08 3.4147E-08 3.0385E-08 2.6933E-08 2.3830E-08 2.0922E-08 1.8554E-08 1.6495E-08 1.4554E-08 1.3019E-08 1.1676E-08 1.0393E-08 9.3779E-09 8.3655E-09 7.5848E-09 6.7768E-09 6.1757E-09 5.6189E-09 5.1165E-09 4.6535E-09 4.2328E-09 3.8439E-09 3.4947E-09
1.7391E-09 2.0742E-09 2.4943E-09 3.0051E-09 3.5845E-09 4.2935E-09 5.1702E-09 6.2359E-09 7.5095E-09 9.0310E-09 1.0837E-08 1.2940E-08 1.5347E-08 1.8058E-08 2.1169E-08 2.4720E-08 2.8615E-08 3.2666E-08 3.6890E-08 4.1178E-08 4.5620E-08 4.9754E-08 5.3636E-08 5.6986E-08 5.9700E-08 6.1581E-08 6.2438E-08 6.2236E-08 6.0929E-08 5.8577E-08 5.5366E-08 5.1501E-08 4.7269E-08 4.2779E-08 3.8312E-08 3.4022E-08 3.0027E-08 2.6407E-08 2.3197E-08 2.0400E-08 1.7804E-08 1.5750E-08 1.3979E-08 1.2303E-08 1.1010E-08 9.7501E-09 8.7895E-09 7.8073E-09 7.0736E-09 6.2990E-09 5.7354E-09 5.2173E-09 4.7510E-09 4.3188E-09 3.9273E-09 3.5662E-09 3.2407E-09
1.5846E-09 1.8988E-09 2.2777E-09 2.7688E-09 3.3126E-09 3.9741E-09 4.7951E-09 5.7957E-09 6.9931E-09 8.4293E-09 1.0139E-08 1.2128E-08 1.4415E-08 1.6997E-08 1.9849E-08 2.3478E-08 2.7168E-08 3.1163E-08 3.5400E-08 3.9773E-08 4.4263E-08 4.8898E-08 5.3295E-08 5.7298E-08 6.0645E-08 6.3174E-08 6.4523E-08 6.4616E-08 6.3365E-08 6.0911E-08 5.7417E-08 5.3092E-08 4.8310E-08 4.3346E-08 3.8483E-08 3.3844E-08 2.9609E-08 2.5828E-08 2.2499E-08 1.9640E-08 1.7177E-08 1.4952E-08 1.3213E-08 1.1549E-08 1.0308E-08 9.0835E-09 8.1805E-09 7.3713E-09 6.5546E-09 5.9364E-09 5.2919E-09 4.8162E-09 4.3814E-09 3.9795E-09 3.6183E-09 3.2946E-09 2.9921E-09
1.4258E-09 1.7243E-09 2.0715E-09 2.5188E-09 3.0370E-09 3.6469E-09 4.4048E-09 5.3337E-09 6.4454E-09 7.7840E-09 9.3763E-09 1.1239E-08 1.3384E-08 1.5805E-08 1.8492E-08 2.1922E-08 2.5470E-08 2.9375E-08 3.3594E-08 3.8037E-08 4.2608E-08 4.7707E-08 5.2681E-08 5.7478E-08 6.1863E-08 6.5267E-08 6.7406E-08 6.7982E-08 6.6853E-08 6.4095E-08 6.0044E-08 5.5167E-08 4.9745E-08 4.4123E-08 3.8694E-08 3.3658E-08 2.9146E-08 2.5170E-08 2.1732E-08 1.8828E-08 1.6349E-08 1.4097E-08 1.2415E-08 1.0932E-08 9.5879E-09 8.5634E-09 7.5533E-09 6.8027E-09 6.0289E-09 5.4579E-09 4.8517E-09 4.4137E-09 4.0109E-09 3.6522E-09 3.3226E-09 3.0218E-09 2.7482E-09
1.2829E-09 1.5454E-09 1.8685E-09 2.2690E-09 2.7587E-09 3.3158E-09 4.0083E-09 4.8594E-09 5.8778E-09 7.1055E-09 8.5712E-09 1.0288E-08 1.2268E-08 1.4510E-08 1.7006E-08 2.0135E-08 2.3558E-08 2.7329E-08 3.1496E-08 3.5984E-08 4.0640E-08 4.6091E-08 5.1774E-08 5.7696E-08 6.3410E-08 6.8390E-08 7.1738E-08 7.2995E-08 7.1946E-08 6.8809E-08 6.3967E-08 5.7948E-08 5.1482E-08 4.5084E-08 3.8992E-08 3.3455E-08 2.8624E-08 2.4461E-08 2.0916E-08 1.7953E-08 1.5468E-08 1.3406E-08 1.1576E-08 1.0156E-08 8.8534E-09 7.8907E-09 6.9274E-09 6.2265E-09 5.5001E-09 4.9769E-09 4.4126E-09 4.0196E-09 3.6600E-09 3.3377E-09 3.0376E-09 2.7606E-09 2.5043E-09
1.1417E-09 1.3658E-09 1.6711E-09 2.0258E-09 2.4720E-09 2.9884E-09 3.6133E-09 4.3821E-09 5.3012E-09 6.4114E-09 7.7410E-09 9.2986E-09 1.1099E-08 1.3144E-08 1.5429E-08 1.8232E-08 2.1474E-08 2.5068E-08 2.9131E-08 3.3611E-08 3.8360E-08 4.3870E-08 5.0446E-08 5.7761E-08 6.5701E-08 7.2941E-08 7.8278E-08 8.0608E-08 7.9549E-08 7.5532E-08 6.9223E-08 6.1755E-08 5.3852E-08 4.6192E-08 3.9274E-08 3.3219E-08 2.8033E-08 2.3625E-08 1.9976E-08 1.7019E-08 1.4564E-08 1.2515E-08 1.0719E-08 9.3597E-09 8.1054E-09 7.2195E-09 6.3057E-09 5.6588E-09 4.9757E-09 4.5033E-09 3.9867E-09 3.6399E-09 3.3225E-09 3.0270E-09 2.7618E-09 2.5091E-09 2.2757E-09
1.0241E-09 1.2081E-09 1.4617E-09 1.7882E-09 2.1908E-09 2.6642E-09 3.2253E-09 3.9113E-09 4.7283E-09 5.7187E-09 6.9048E-09 8.2981E-09 9.9071E-09 1.1742E-08 1.3801E-08 1.6264E-08 1.9279E-08 2.2628E-08 2.6518E-08 3.0928E-08 3.5739E-08 4.1126E-08 4.8664E-08 5.7766E-08 6.8708E-08 7.9866E-08 8.8491E-08 9.2564E-08 9.1239E-08 8.5365E-08 7.6536E-08 6.6444E-08 5.6565E-08 4.7432E-08 3.9484E-08 3.2761E-08 2.7238E-08 2.2717E-08 1.8954E-08 1.5976E-08 1.3555E-08 1.1591E-08 9.8517E-09 8.5623E-09 7.3631E-09 6.5380E-09 5.6860E-09 5.0992E-09 4.4713E-09 4.0534E-09 3.5870E-09 3.2767E-09 2.9976E-09 2.7352E-09 2.4905E-09 2.2624E-09 2.0510E-09
9.1478E-10 1.0592E-09 1.2800E-09 1.5564E-09 1.9231E-09 2.3429E-09 2.8504E-09 3.4563E-09 4.1689E-09 5.0403E-09 6.0811E-09 7.3044E-09 8.7191E-09 1.0338E-08 1.2165E-08 1.4194E-08 1.6960E-08 2.0092E-08 2.3719E-08 2.7963E-08 3.2759E-08 3.8023E-08 4.5774E-08 5.7215E-08 7.2870E-08 9.0091E-08 1.0444E-07 1.1117E-07 1.0896E-07 9.9506E-08 8.6417E-08 7.2403E-08 5.9463E-08 4.8405E-08 3.9287E-08 3.1971E-08 2.6136E-08 2.1451E-08 1.7746E-08 1.4879E-08 1.2520E-08 1.0623E-08 9.1381E-09 7.7505E-09 6.6246E-09 5.8725E-09 5.0689E-09 4.5533E-09 3.9828E-09 3.6239E-09 3.2042E-09 2.9339E-09 2.6816E-09 2.4492E-09 2.2308E-09 2.0272E-09 1.8322E-09
8.1929E-10 9.3321E-10 1.1053E-09 1.3458E-09 1.6650E-09 2.0380E-09 2.4871E-09 3.0229E-09 3.6360E-09 4.3892E-09 5.2833E-09 6.3419E-09 7.5642E-09 8.9667E-09 1.0558E-08 1.2337E-08 1.4592E-08 1.7527E-08 2.0824E-08 2.4815E-08 2.9460E-08 3.4621E-08 4.2360E-08 5.5776E-08 7.7299E-08 1.0475E-07 1.2852E-07 1.3950E-07 1.3489E-07 1.1900E-07 9.8501E-08 7.8683E-08 6.1899E-08 4.8574E-08 3.8361E-08 3.0582E-08 2.4555E-08 1.9968E-08 1.6325E-08 1.3579E-08 1.1379E-08 9.6230E-09 8.2414E-09 6.9461E-09 6.0690E-09 5.2008E-09 4.4849E-09 4.0403E-09 3.5254E-09 3.0961E-09 2.8416E-09 2.6006E-09 2.3832E-09 2.1778E-09 1.9854E-09 1.7986E-09 1.6322E-09
7.2676E-10 8.1944E-10 9.5185E-10 1.1539E-09 1.4076E-09 1.7555E-09 2.1429E-09 2.6106E-09 3.1364E-09 3.7745E-09 4.5301E-09 5.4301E-09 6.4647E-09 7.6593E-09 9.0217E-09 1.0552E-08 1.2378E-08 1.5008E-08 1.7925E-08 2.1563E-08 2.5943E-08 3.1019E-08 3.7946E-08 5.2292E-08 8.2663E-08 1.2579E-07 1.6531E-07 1.8087E-07 1.6998E-07 1.4219E-07 1.1073E-07 8.3281E-08 6.2231E-08 4.7067E-08 3.6045E-08 2.8223E-08 2.2440E-08 1.8068E-08 1.4679E-08 1.2171E-08 1.0183E-08 8.6043E-09 7.3157E-09 6.1506E-09 5.3604E-09 4.5793E-09 3.9277E-09 3.5359E-09 3.0907E-09 2.7247E-09 2.4858E-09 2.2861E-09 2.0980E-09 1.9197E-09 1.7497E-09 1.5904E-09 1.4453E-09
6.4166E-10 7.2073E-10 8.2042E-10 9.6180E-10 1.1880E-09 1.4790E-09 1.8262E-09 2.2233E-09 2.6712E-09 3.2031E-09 3.8344E-09 4.5842E-09 5.4471E-09 6.4465E-09 7.5906E-09 8.8813E-09 1.0311E-08 1.2614E-08 1.5114E-08 1.8305E-08 2.2310E-08 2.7116E-08 3.3067E-08 4.6922E-08 8.5577E-08 1.5595E-07 2.2270E-07 2.4308E-07 2.1338E-07 1.6340E-07 1.1744E-07 8.2592E-08 5.8587E-08 4.2681E-08 3.2149E-08 2.4957E-08 1.9701E-08 1.5828E-08 1.2911E-08 1.0622E-08 8.8988E-09 7.5402E-09 6.4228E-09 5.3702E-09 4.4889E-09 3.9674E-09 3.4073E-09 2.9510E-09 2.6832E-09 2.3588E-09 2.1740E-09 2.0047E-09 1.8372E-09 1.6771E-09 1.5294E-09 1.3926E-09 1.2680E-09
5.6715E-10 6.3455E-10 7.1246E-10 8.2038E-10 9.8420E-10 1.2150E-09 1.5223E-09 1.8696E-09 2.2432E-09 2.6804E-09 3.2050E-09 3.8216E-09 4.5300E-09 5.3505E-09 6.2927E-09 7.3595E-09 8.5449E-09 1.0424E-08 1.2487E-08 1.5160E-08 1.8663E-08 2.2999E-08 2.7997E-08 4.0783E-08 8.6579E-08 2.0064E-07 3.1740E-07 3.2825E-07 2.5484E-07 1.7265E-07 1.1098E-07 7.2355E-08 4.9371E-08 3.5347E-08 2.6752E-08 2.0946E-08 1.6675E-08 1.3220E-08 1.0969E-08 9.1620E-09 7.6977E-09 6.5082E-09 5.5331E-09 4.5974E-09 3.8416E-09 3.3984E-09 2.9159E-09 2.5357E-09 2.3014E-09 2.0631E-09 1.9005E-09 1.7457E-09 1.5940E-09 1.4615E-09 1.3406E-09 1.2208E-09 1.1124E-09
4.9752E-10 5.6143E-10 6.2751E-10 7.0259E-10 8.1541E-10 9.8795E-10 1.2176E-09 1.5306E-09 1.8580E-09 2.2118E-09 2.6433E-09 3.1456E-09 3.7244E-09 4.3861E-09 5.1474E-09 6.0098E-09 6.9688E-09 8.3873E-09 1.0143E-08 1.2275E-08 1.5154E-08 1.8821E-08 2.3254E-08 3.2561E-08 8.3437E-08 2.7332E-07 4.8627E-07 4.2539E-07 2.6599E-07 1.4974E-07 8.5486E-08 5.3798E-08 3.6663E-08 2.6912E-08 2.0731E-08 1.6385E-08 1.3489E-08 1.1188E-08 9.2813E-09 7.7311E-09 6.4862E-09 5.4835E-09 4.6805E-09 3.8664E-09 3.2410E-09 2.8721E-09 2.4858E-09 2.1770E-09 1.9436E-09 1.7880E-09 1.6499E-09 1.5168E-09 1.3988E-09 1.2803E-09 1.1607E-09 1.0491E-09 9.3799E-10
4.2817E-10 4.8981E-10 5.5183E-10 6.1566E-10 6.9354E-10 8.0201E-10 9.7539E-10 1.2146E-09 1.4876E-09 1.7984E-09 2.1425E-09 2.5550E-09 3.0310E-09 3.5585E-09 4.1604E-09 4.8413E-09 5.6012E-09 6.6625E-09 8.1102E-09 9.7835E-09 1.1975E-08 1.4850E-08 1.8475E-08 2.3877E-08 7.3358E-08 4.2787E-07 8.4769E-07 4.5874E-07 1.9843E-07 9.2263E-08 5.0507E-08 3.2814E-08 2.4449E-08 1.9199E-08 1.6069E-08 1.3397E-08 1.1109E-08 9.1950E-09 7.6155E-09 6.3418E-09 5.3211E-09 4.5105E-09 3.6823E-09 3.1978E-09 2.7068E-09 2.3334E-09 2.0456E-09 1.8803E-09 1.6950E-09 1.5685E-09 1.4476E-09 1.3326E-09 1.2042E-09 1.0776E-09 9.7716E-10 8.8211E-10 8.0185E-10
3.5588E-10 4.1620E-10 4.7758E-10 5.3852E-10 6.0291E-10 6.7901E-10 7.8290E-10 9.3728E-10 1.1544E-09 1.4175E-09 1.7055E-09 2.0338E-09 2.4268E-09 2.8556E-09 3.3271E-09 3.8568E-09 4.4471E-09 5.1913E-09 6.2481E-09 7.6144E-09 9.2630E-09 1.1396E-08 1.4056E-08 1.7208E-08 7.5631E-08 1.0478E-06 1.0793E-06 2.3383E-07 7.5035E-08 3.7584E-08 2.5571E-08 2.0317E-08 1.7646E-08 1.5053E-08 1.2667E-08 1.0561E-08 8.7611E-09 7.2594E-09 6.0307E-09 5.0400E-09 4.2572E-09 3.6227E-09 2.9831E-09 2.5167E-09 2.2476E-09 1.9647E-09 1.7152E-09 1.5909E-09 1.4763E-09 1.3659E-09 1.2512E-09 1.1145E-09 1.0073E-09 9.2076E-10 8.4485E-10 7.6279E-10 6.8545E-10
2.9380E-10 3.4288E-10 3.9628E-10 4.5748E-10 5.2329E-10 5.8270E-10 6.5587E-10 7.5445E-10 8.9445E-10 1.0857E-09 1.3202E-09 1.5773E-09 1.8920E-09 2.2520E-09 2.6306E-09 3.0408E-09 3.4897E-09 3.9761E-09 4.7557E-09 5.7549E-09 6.9792E-09 8.4957E-09 1.0374E-08 1.2551E-08 2.3191E-07 2.2670E-06 4.5937E-07 4.4164E-08 2.2037E-08 1.8517E-08 1.7016E-08 1.5160E-08 1.3152E-08 1.1236E-08 9.4556E-09 7.9128E-09 6.5967E-09 5.5011E-09 4.6104E-09 3.9005E-09 3.3335E-09 2.8548E-09 2.3912E-09 2.0536E-09 1.7190E-09 1.5995E-09 1.4891E-09 1.3812E-09 1.2816E-09 1.1505E-09 1.0385E-09 9.3874E-10 8.5661E-10 7.7768E-10 7.1438E-10 6.4376E-10 5.7216E-10
2.4380E-10 2.8595E-10 3.3046E-10 3.7846E-10 4.3563E-10 4.9194E-10 5.5742E-10 6.2750E-10 7.1495E-10 8.4872E-10 1.0152E-09 1.2176E-09 1.4443E-09 1.7220E-09 2.0394E-09 2.3624E-09 2.7043E-09 3.0709E-09 3.5649E-09 4.2771E-09 5.1164E-09 6.1899E-09 7.4442E-09 8.8880E-09 1.3486E-06 1.7377E-06 3.6150E-08 1.3478E-08 1.3471E-08 1.2872E-08 1.1894E-08 1.0629E-08 9.2787E-09 7.9580E-09 6.7361E-09 5.6740E-09 4.7661E-09 4.0309E-09 3.4381E-09 2.9485E-09 2.5332E-09 2.0784E-09 1.7128E-09 1.5925E-09 1.4830E-09 1.3810E-09 1.2841E-09 1.1649E-09 1.0540E-09 9.5180E-10 8.6618E-10 7.9241E-10 7.2141E-10 6.6580E-10 6.0612E-10 5.5566E-10 5.0777E-10
