Assets/Resources/2015_m01_d19_2200(utc+0800)_l00_csi_1hr_conc.grd
DSAA
         159         159
     -79.000      79.000
     -79.000      79.000
  0.0000E+00  0.1109E-04
[rows 50 to 74 of 159, columns 0 to 56 of 159]
1.5011E-09 1.7004E-09 1.9113E-09 2.1387E-09 2.3652E-09 2.6139E-09 2.8625E-09 3.1189E-09 3.3763E-09 3.6407E-09 3.9021E-09 4.1779E-09 4.4445E-09 4.7110E-09 4.9816E-09 5.2442E-09 5.5120E-09 5.7677E-09 6.0168E-09 6.2662E-09 6.5285E-09 6.7585E-09 6.9789E-09 7.1857E-09 7.3868E-09 7.5787E-09 7.7551E-09 7.9235E-09 8.0781E-09 8.2257E-09 8.3615E-09 8.4831E-09 8.5978E-09 8.7072E-09 8.8073E-09 8.8969E-09 8.9807E-09 9.0558E-09 9.1304E-09 9.1885E-09 9.2528E-09 9.3025E-09 9.3506E-09 9.3970E-09 9.4475E-09 9.5008E-09 9.5547E-09 9.6159E-09 9.6854E-09 9.7626E-09 9.8491E-09 9.9516E-09 1.0064E-08 1.0186E-08 1.0323E-08 1.0473E-08 1.0633E-08
1.4247E-09 1.6136E-09 1.8110E-09 2.0293E-09 2.2526E-09 2.4869E-09 2.7320E-09 2.9767E-09 3.2313E-09 3.4863E-09 3.7435E-09 4.0147E-09 4.2767E-09 4.5400E-09 4.8029E-09 5.0696E-09 5.3349E-09 5.5901E-09 5.8429E-09 6.0902E-09 6.3557E-09 6.5912E-09 6.8121E-09 7.0240E-09 7.2320E-09 7.4284E-09 7.6140E-09 7.7868E-09 7.9499E-09 8.1075E-09 8.2491E-09 8.3796E-09 8.5039E-09 8.6226E-09 8.7299E-09 8.8298E-09 8.9238E-09 9.0052E-09 9.0893E-09 9.1562E-09 9.2297E-09 9.2886E-09 9.3457E-09 9.4019E-09 9.4634E-09 9.5258E-09 9.5908E-09 9.6644E-09 9.7459E-09 9.8355E-09 9.9380E-09 1.0055E-08 1.0181E-08 1.0319E-08 1.0473E-08 1.0638E-08 1.0813E-08
1.3482E-09 1.5282E-09 1.7176E-09 1.9224E-09 2.1393E-09 2.3627E-09 2.5961E-09 2.8390E-09 3.0884E-09 3.3360E-09 3.5866E-09 3.8527E-09 4.1079E-09 4.3688E-09 4.6283E-09 4.8928E-09 5.1563E-09 5.4089E-09 5.6652E-09 5.9114E-09 6.1815E-09 6.4160E-09 6.6411E-09 6.8594E-09 7.0701E-09 7.2717E-09 7.4633E-09 7.6414E-09 7.8139E-09 7.9781E-09 8.1285E-09 8.2666E-09 8.4000E-09 8.5291E-09 8.6462E-09 8.7513E-09 8.8557E-09 8.9437E-09 9.0370E-09 9.1126E-09 9.1952E-09 9.2635E-09 9.3293E-09 9.3963E-09 9.4677E-09 9.5391E-09 9.6158E-09 9.7013E-09 9.7944E-09 9.8972E-09 1.0015E-08 1.0145E-08 1.0284E-08 1.0440E-08 1.0610E-08 1.0789E-08 1.0982E-08
1.2723E-09 1.4453E-09 1.6250E-09 1.8212E-09 2.0261E-09 2.2432E-09 2.4671E-09 2.7015E-09 2.9437E-09 3.1876E-09 3.4294E-09 3.6919E-09 3.9411E-09 4.1989E-09 4.4526E-09 4.7141E-09 4.9752E-09 5.2278E-09 5.4841E-09 5.7289E-09 6.0005E-09 6.2377E-09 6.4650E-09 6.6866E-09 6.9031E-09 7.1082E-09 7.3045E-09 7.4895E-09 7.6694E-09 7.8401E-09 7.9975E-09 8.1468E-09 8.2870E-09 8.4246E-09 8.5476E-09 8.6638E-09 8.7744E-09 8.8711E-09 8.9734E-09 9.0574E-09 9.1490E-09 9.2263E-09 9.3009E-09 9.3787E-09 9.4593E-09 9.5401E-09 9.6286E-09 9.7250E-09 9.8299E-09 9.9464E-09 1.0078E-08 1.0220E-08 1.0374E-08 1.0546E-08 1.0729E-08 1.0924E-08 1.1136E-08
1.2000E-09 1.3653E-09 1.5368E-09 1.7235E-09 1.9192E-09 2.1279E-09 2.3435E-09 2.5654E-09 2.8020E-09 3.0374E-09 3.2765E-09 3.5302E-09 3.7775E-09 4.0287E-09 4.2791E-09 4.5370E-09 4.7922E-09 5.0459E-09 5.3000E-09 5.5451E-09 5.8200E-09 6.0552E-09 6.2845E-09 6.5107E-09 6.7299E-09 6.9408E-09 7.1403E-09 7.3303E-09 7.5171E-09 7.6936E-09 7.8567E-09 8.0140E-09 8.1640E-09 8.3118E-09 8.4392E-09 8.5653E-09 8.6828E-09 8.7873E-09 8.8983E-09 8.9902E-09 9.0909E-09 9.1766E-09 9.2602E-09 9.3482E-09 9.4374E-09 9.5284E-09 9.6281E-09 9.7353E-09 9.8516E-09 9.9817E-09 1.0126E-08 1.0280E-08 1.0449E-08 1.0635E-08 1.0830E-08 1.1041E-08 1.1271E-08
1.1304E-09 1.2875E-09 1.4512E-09 1.6300E-09 1.8168E-09 2.0173E-09 2.2229E-09 2.4338E-09 2.6595E-09 2.8919E-09 3.1245E-09 3.3721E-09 3.6149E-09 3.8591E-09 4.1052E-09 4.3621E-09 4.6110E-09 4.8648E-09 5.1158E-09 5.3594E-09 5.6337E-09 5.8705E-09 6.1008E-09 6.3295E-09 6.5521E-09 6.7662E-09 6.9687E-09 7.1647E-09 7.3578E-09 7.5384E-09 7.7116E-09 7.8725E-09 8.0294E-09 8.1861E-09 8.3202E-09 8.4548E-09 8.5794E-09 8.6901E-09 8.8111E-09 8.9108E-09 9.0203E-09 9.1142E-09 9.2070E-09 9.3044E-09 9.4019E-09 9.5032E-09 9.6134E-09 9.7310E-09 9.8589E-09 1.0002E-08 1.0157E-08 1.0323E-08 1.0506E-08 1.0704E-08 1.0913E-08 1.1140E-08 1.1386E-08
1.0630E-09 1.2126E-09 1.3662E-09 1.5377E-09 1.7158E-09 1.9081E-09 2.1070E-09 2.3099E-09 2.5247E-09 2.7469E-09 2.9729E-09 3.2181E-09 3.4503E-09 3.6931E-09 3.9365E-09 4.1858E-09 4.4300E-09 4.6784E-09 4.9295E-09 5.1711E-09 5.4463E-09 5.6831E-09 5.9154E-09 6.1451E-09 6.3694E-09 6.5854E-09 6.7922E-09 6.9928E-09 7.1902E-09 7.3762E-09 7.5550E-09 7.7214E-09 7.8863E-09 8.0487E-09 8.1899E-09 8.3344E-09 8.4638E-09 8.5829E-09 8.7118E-09 8.8190E-09 8.9370E-09 9.0387E-09 9.1406E-09 9.2468E-09 9.3523E-09 9.4637E-09 9.5838E-09 9.7115E-09 9.8508E-09 1.0006E-08 1.0171E-08 1.0349E-08 1.0545E-08 1.0753E-08 1.0975E-08 1.1217E-08 1.1475E-08
9.9894E-10 1.1390E-09 1.2868E-09 1.4502E-09 1.6197E-09 1.8039E-09 1.9938E-09 2.1894E-09 2.3964E-09 2.6071E-09 2.8267E-09 3.0629E-09 3.2928E-09 3.5267E-09 3.7668E-09 4.0115E-09 4.2514E-09 4.4961E-09 4.7415E-09 4.9863E-09 5.2568E-09 5.4930E-09 5.7264E-09 5.9572E-09 6.1818E-09 6.4009E-09 6.6101E-09 6.8139E-09 7.0165E-09 7.2066E-09 7.3896E-09 7.5625E-09 7.7368E-09 7.9014E-09 8.0495E-09 8.2017E-09 8.3383E-09 8.4646E-09 8.5989E-09 8.7147E-09 8.8408E-09 8.9500E-09 9.0606E-09 9.1749E-09 9.2884E-09 9.4096E-09 9.5389E-09 9.6760E-09 9.8262E-09 9.9917E-09 1.0166E-08 1.0356E-08 1.0563E-08 1.0780E-08 1.1015E-08 1.1271E-08 1.1538E-08
9.3711E-10 1.0699E-09 1.2102E-09 1.3644E-09 1.5241E-09 1.7018E-09 1.8852E-09 2.0719E-09 2.2710E-09 2.4724E-09 2.6808E-09 2.9139E-09 3.1354E-09 3.3646E-09 3.5993E-09 3.8383E-09 4.0739E-09 4.3175E-09 4.5559E-09 4.7965E-09 5.0678E-09 5.3024E-09 5.5345E-09 5.7663E-09 5.9919E-09 6.2115E-09 6.4235E-09 6.6306E-09 6.8364E-09 7.0295E-09 7.2180E-09 7.3950E-09 7.5756E-09 7.7453E-09 7.8984E-09 8.0584E-09 8.2014E-09 8.3339E-09 8.4757E-09 8.5969E-09 8.7317E-09 8.8481E-09 8.9669E-09 9.0888E-09 9.2100E-09 9.3404E-09 9.4784E-09 9.6244E-09 9.7852E-09 9.9590E-09 1.0143E-08 1.0343E-08 1.0559E-08 1.0785E-08 1.1033E-08 1.1300E-08 1.1576E-08
8.7664E-10 1.0016E-09 1.1367E-09 1.2818E-09 1.4339E-09 1.6033E-09 1.7767E-09 1.9588E-09 2.1501E-09 2.3438E-09 2.5423E-09 2.7658E-09 2.9832E-09 3.2055E-09 3.4332E-09 3.6674E-09 3.8977E-09 4.1369E-09 4.3717E-09 4.6062E-09 4.8772E-09 5.1096E-09 5.3420E-09 5.5733E-09 5.8008E-09 6.0195E-09 6.2331E-09 6.4414E-09 6.6509E-09 6.8504E-09 7.0388E-09 7.2205E-09 7.4065E-09 7.5797E-09 7.7389E-09 7.9046E-09 8.0528E-09 8.1925E-09 8.3402E-09 8.4687E-09 8.6100E-09 8.7336E-09 8.8595E-09 8.9884E-09 9.1170E-09 9.2559E-09 9.4020E-09 9.5562E-09 9.7266E-09 9.9078E-09 1.0100E-08 1.0310E-08 1.0532E-08 1.0768E-08 1.1027E-08 1.1301E-08 1.1586E-08
8.1886E-10 9.3854E-10 1.0666E-09 1.2037E-09 1.3487E-09 1.5101E-09 1.6757E-09 1.8488E-09 2.0325E-09 2.2191E-09 2.4100E-09 2.6218E-09 2.8326E-09 3.0489E-09 3.2731E-09 3.4983E-09 3.7257E-09 3.9591E-09 4.1890E-09 4.4190E-09 4.6846E-09 4.9175E-09 5.1472E-09 5.3785E-09 5.6058E-09 5.8238E-09 6.0382E-09 6.2487E-09 6.4602E-09 6.6614E-09 6.8543E-09 7.0390E-09 7.2286E-09 7.4069E-09 7.5702E-09 7.7414E-09 7.8953E-09 8.0394E-09 8.1934E-09 8.3286E-09 8.4744E-09 8.6063E-09 8.7387E-09 8.8740E-09 9.0094E-09 9.1562E-09 9.3095E-09 9.4711E-09 9.6501E-09 9.8377E-09 1.0037E-08 1.0255E-08 1.0484E-08 1.0728E-08 1.0995E-08 1.1275E-08 1.1568E-08
7.6391E-10 8.7663E-10 9.9988E-10 1.1280E-09 1.2658E-09 1.4178E-09 1.5771E-09 1.7430E-09 1.9176E-09 2.0979E-09 2.2811E-09 2.4855E-09 2.6882E-09 2.8990E-09 3.1124E-09 3.3354E-09 3.5538E-09 3.7845E-09 4.0089E-09 4.2348E-09 4.4957E-09 4.7231E-09 4.9539E-09 5.1835E-09 5.4087E-09 5.6269E-09 5.8412E-09 6.0519E-09 6.2649E-09 6.4686E-09 6.6633E-09 6.8508E-09 7.0445E-09 7.2255E-09 7.3936E-09 7.5698E-09 7.7276E-09 7.8772E-09 8.0363E-09 8.1763E-09 8.3286E-09 8.4648E-09 8.6048E-09 8.7459E-09 8.8875E-09 9.0419E-09 9.2011E-09 9.3696E-09 9.5555E-09 9.7487E-09 9.9544E-09 1.0179E-08 1.0413E-08 1.0664E-08 1.0938E-08 1.1222E-08 1.1521E-08
7.0992E-10 8.1952E-10 9.3626E-10 1.0554E-09 1.1867E-09 1.3292E-09 1.4827E-09 1.6403E-09 1.8083E-09 1.9815E-09 2.1553E-09 2.3543E-09 2.5474E-09 2.7502E-09 2.9598E-09 3.1745E-09 3.3865E-09 3.6129E-09 3.8307E-09 4.0519E-09 4.3091E-09 4.5321E-09 4.7585E-09 4.9876E-09 5.2116E-09 5.4283E-09 5.6418E-09 5.8534E-09 6.0663E-09 6.2711E-09 6.4681E-09 6.6610E-09 6.8529E-09 7.0381E-09 7.2094E-09 7.3888E-09 7.5519E-09 7.7050E-09 7.8690E-09 8.0142E-09 8.1710E-09 8.3131E-09 8.4577E-09 8.6046E-09 8.7517E-09 8.9126E-09 9.0770E-09 9.2517E-09 9.4430E-09 9.6410E-09 9.8517E-09 1.0081E-08 1.0319E-08 1.0576E-08 1.0855E-08 1.1142E-08 1.1446E-08
6.5909E-10 7.6398E-10 8.7376E-10 9.8808E-10 1.1125E-09 1.2464E-09 1.3923E-09 1.5423E-09 1.7042E-09 1.8689E-09 2.0352E-09 2.2275E-09 2.4124E-09 2.6085E-09 2.8110E-09 3.0175E-09 3.2241E-09 3.4432E-09 3.6563E-09 3.8725E-09 4.1244E-09 4.3430E-09 4.5633E-09 4.7919E-09 5.0128E-09 5.2290E-09 5.4411E-09 5.6518E-09 5.8650E-09 6.0708E-09 6.2684E-09 6.4629E-09 6.6572E-09 6.8442E-09 7.0182E-09 7.2010E-09 7.3671E-09 7.5243E-09 7.6925E-09 7.8412E-09 8.0038E-09 8.1498E-09 8.2983E-09 8.4499E-09 8.6023E-09 8.7688E-09 8.9376E-09 9.1175E-09 9.3131E-09 9.5147E-09 9.7293E-09 9.9624E-09 1.0204E-08 1.0464E-08 1.0746E-08 1.1035E-08 1.1343E-08
6.0457E-10 7.0957E-10 8.1295E-10 9.2444E-10 1.0400E-09 1.1671E-09 1.3074E-09 1.4480E-09 1.6037E-09 1.7590E-09 1.9203E-09 2.1045E-09 2.2792E-09 2.4699E-09 2.6643E-09 2.8661E-09 3.0662E-09 3.2786E-09 3.4853E-09 3.6963E-09 3.9432E-09 4.1571E-09 4.3734E-09 4.5955E-09 4.8151E-09 5.0286E-09 5.2394E-09 5.4493E-09 5.6613E-09 5.8675E-09 6.0656E-09 6.2606E-09 6.4557E-09 6.6454E-09 6.8217E-09 7.0059E-09 7.1758E-09 7.3354E-09 7.5071E-09 7.6599E-09 7.8261E-09 7.9762E-09 8.1287E-09 8.2832E-09 8.4404E-09 8.6110E-09 8.7835E-09 8.9676E-09 9.1663E-09 9.3706E-09 9.5879E-09 9.8231E-09 1.0066E-08 1.0329E-08 1.0611E-08 1.0902E-08 1.1212E-08
5.4620E-10 6.5679E-10 7.5889E-10 8.6422E-10 9.7155E-10 1.0923E-09 1.2252E-09 1.3566E-09 1.5082E-09 1.6543E-09 1.8094E-09 1.9843E-09 2.1537E-09 2.3368E-09 2.5233E-09 2.7190E-09 2.9123E-09 3.1165E-09 3.3184E-09 3.5229E-09 3.7646E-09 3.9734E-09 4.1858E-09 4.4027E-09 4.6196E-09 4.8304E-09 5.0381E-09 5.2463E-09 5.4570E-09 5.6625E-09 5.8598E-09 6.0554E-09 6.2508E-09 6.4417E-09 6.6197E-09 6.8052E-09 6.9771E-09 7.1401E-09 7.3141E-09 7.4693E-09 7.6395E-09 7.7925E-09 7.9482E-09 8.1068E-09 8.2661E-09 8.4401E-09 8.6160E-09 8.8026E-09 9.0034E-09 9.2094E-09 9.4280E-09 9.6641E-09 9.9076E-09 1.0172E-08 1.0453E-08 1.0743E-08 1.1053E-08
5.0721E-10 5.8537E-10 7.0610E-10 8.0551E-10 9.0626E-10 1.0212E-09 1.1436E-09 1.2715E-09 1.4164E-09 1.5541E-09 1.7039E-09 1.8694E-09 2.0328E-09 2.2057E-09 2.3882E-09 2.5727E-09 2.7615E-09 2.9576E-09 3.1555E-09 3.3536E-09 3.5897E-09 3.7930E-09 4.0004E-09 4.2124E-09 4.4253E-09 4.6324E-09 4.8380E-09 5.0438E-09 5.2523E-09 5.4566E-09 5.6534E-09 5.8480E-09 6.0425E-09 6.2345E-09 6.4136E-09 6.5991E-09 6.7736E-09 6.9382E-09 7.1139E-09 7.2725E-09 7.4442E-09 7.6000E-09 7.7585E-09 7.9190E-09 8.0825E-09 8.2572E-09 8.4354E-09 8.6234E-09 8.8251E-09 9.0317E-09 9.2506E-09 9.4864E-09 9.7290E-09 9.9922E-09 1.0272E-08 1.0560E-08 1.0868E-08
4.6812E-10 5.4129E-10 6.4486E-10 7.4794E-10 8.4638E-10 9.5519E-10 1.0679E-09 1.1907E-09 1.3266E-09 1.4598E-09 1.6024E-09 1.7586E-09 1.9175E-09 2.0816E-09 2.2567E-09 2.4352E-09 2.6167E-09 2.8045E-09 2.9970E-09 3.1856E-09 3.4182E-09 3.6162E-09 3.8184E-09 4.0252E-09 4.2336E-09 4.4370E-09 4.6395E-09 4.8416E-09 5.0483E-09 5.2507E-09 5.4457E-09 5.6391E-09 5.8328E-09 6.0248E-09 6.2041E-09 6.3888E-09 6.5647E-09 6.7312E-09 6.9082E-09 7.0684E-09 7.2417E-09 7.3997E-09 7.5590E-09 7.7225E-09 7.8881E-09 8.0638E-09 8.2446E-09 8.4311E-09 8.6326E-09 8.8388E-09 9.0567E-09 9.2910E-09 9.5315E-09 9.7924E-09 1.0069E-08 1.0353E-08 1.0659E-08
4.3387E-10 5.0485E-10 5.7783E-10 6.9767E-10 7.9014E-10 8.8716E-10 9.9802E-10 1.1141E-09 1.2406E-09 1.3700E-09 1.5037E-09 1.6556E-09 1.8065E-09 1.9614E-09 2.1315E-09 2.3004E-09 2.4756E-09 2.6553E-09 2.8421E-09 3.0257E-09 3.2515E-09 3.4434E-09 3.6399E-09 3.8413E-09 4.0449E-09 4.2440E-09 4.4426E-09 4.6410E-09 4.8446E-09 5.0449E-09 5.2378E-09 5.4301E-09 5.6212E-09 5.8127E-09 5.9927E-09 6.1747E-09 6.3526E-09 6.5201E-09 6.6970E-09 6.8587E-09 7.0331E-09 7.1917E-09 7.3523E-09 7.5176E-09 7.6842E-09 7.8609E-09 8.0422E-09 8.2290E-09 8.4275E-09 8.6318E-09 8.8476E-09 9.0794E-09 9.3165E-09 9.5738E-09 9.8453E-09 1.0126E-08 1.0425E-08
4.0405E-10 4.6815E-10 5.3934E-10 6.1760E-10 7.3188E-10 8.2837E-10 9.3198E-10 1.0393E-09 1.1616E-09 1.2847E-09 1.4083E-09 1.5566E-09 1.6984E-09 1.8454E-09 2.0097E-09 2.1704E-09 2.3407E-09 2.5135E-09 2.6919E-09 2.8699E-09 3.0888E-09 3.2753E-09 3.4658E-09 3.6613E-09 3.8592E-09 4.0548E-09 4.2489E-09 4.4435E-09 4.6431E-09 4.8408E-09 5.0308E-09 5.2210E-09 5.4092E-09 5.5996E-09 5.7797E-09 5.9585E-09 6.1369E-09 6.3053E-09 6.4820E-09 6.6445E-09 6.8186E-09 6.9780E-09 7.1387E-09 7.3051E-09 7.4719E-09 7.6491E-09 7.8296E-09 8.0159E-09 8.2128E-09 8.4130E-09 8.6247E-09 8.8527E-09 9.0853E-09 9.3375E-09 9.6032E-09 9.8775E-09 1.0170E-08
3.7632E-10 4.3642E-10 5.0021E-10 5.7489E-10 6.7769E-10 7.7300E-10 8.6548E-10 9.6909E-10 1.0868E-09 1.2009E-09 1.3211E-09 1.4629E-09 1.5958E-09 1.7372E-09 1.8911E-09 2.0469E-09 2.2096E-09 2.3766E-09 2.5480E-09 2.7195E-09 2.9312E-09 3.1112E-09 3.2955E-09 3.4849E-09 3.6752E-09 3.8685E-09 4.0583E-09 4.2483E-09 4.4438E-09 4.6385E-09 4.8252E-09 5.0098E-09 5.1971E-09 5.3853E-09 5.5654E-09 5.7407E-09 5.9193E-09 6.0876E-09 6.2643E-09 6.4264E-09 6.5998E-09 6.7587E-09 6.9191E-09 7.0856E-09 7.2525E-09 7.4287E-09 7.6086E-09 7.7929E-09 7.9872E-09 8.1849E-09 8.3910E-09 8.6123E-09 8.8397E-09 9.0851E-09 9.3446E-09 9.6108E-09 9.8947E-09
3.4993E-10 4.0425E-10 4.6607E-10 5.3410E-10 6.0616E-10 7.1582E-10 8.0846E-10 9.0479E-10 1.0143E-09 1.1220E-09 1.2390E-09 1.3714E-09 1.4976E-09 1.6347E-09 1.7781E-09 1.9288E-09 2.0833E-09 2.2439E-09 2.4061E-09 2.5744E-09 2.7760E-09 2.9521E-09 3.1281E-09 3.3133E-09 3.4979E-09 3.6860E-09 3.8707E-09 4.0567E-09 4.2466E-09 4.4383E-09 4.6219E-09 4.8032E-09 4.9868E-09 5.1720E-09 5.3513E-09 5.5232E-09 5.6997E-09 5.8685E-09 6.0439E-09 6.2054E-09 6.3772E-09 6.5356E-09 6.6949E-09 6.8607E-09 7.0268E-09 7.2013E-09 7.3793E-09 7.5614E-09 7.7521E-09 7.9466E-09 8.1480E-09 8.3621E-09 8.5812E-09 8.8189E-09 9.0706E-09 9.3280E-09 9.6012E-09
3.2300E-10 3.7401E-10 4.3399E-10 4.9817E-10 5.6417E-10 6.5113E-10 7.5449E-10 8.3870E-10 9.4409E-10 1.0494E-09 1.1606E-09 1.2828E-09 1.4069E-09 1.5345E-09 1.6700E-09 1.8170E-09 1.9596E-09 2.1175E-09 2.2709E-09 2.4334E-09 2.6268E-09 2.7987E-09 2.9682E-09 3.1461E-09 3.3255E-09 3.5082E-09 3.6881E-09 3.8689E-09 4.0531E-09 4.2407E-09 4.4212E-09 4.5990E-09 4.7784E-09 4.9593E-09 5.1375E-09 5.3066E-09 5.4795E-09 5.6482E-09 5.8225E-09 5.9821E-09 6.1523E-09 6.3094E-09 6.4675E-09 6.6309E-09 6.7969E-09 6.9678E-09 7.1437E-09 7.3221E-09 7.5088E-09 7.6994E-09 7.8952E-09 8.1032E-09 8.3143E-09 8.5405E-09 8.7834E-09 9.0307E-09 9.2924E-09
2.9799E-10 3.4795E-10 4.0182E-10 4.6202E-10 5.2621E-10 5.9851E-10 6.9508E-10 7.8224E-10 8.8164E-10 9.7905E-10 1.0811E-09 1.2032E-09 1.3202E-09 1.4371E-09 1.5684E-09 1.7070E-09 1.8462E-09 1.9952E-09 2.1436E-09 2.2989E-09 2.4850E-09 2.6504E-09 2.8139E-09 2.9844E-09 3.1585E-09 3.3342E-09 3.5099E-09 3.6852E-09 3.8633E-09 4.0437E-09 4.2235E-09 4.3973E-09 4.5728E-09 4.7481E-09 4.9241E-09 5.0916E-09 5.2590E-09 5.4276E-09 5.6005E-09 5.7581E-09 5.9255E-09 6.0809E-09 6.2373E-09 6.3977E-09 6.5624E-09 6.7300E-09 6.9027E-09 7.0774E-09 7.2586E-09 7.4446E-09 7.6342E-09 7.8348E-09 8.0393E-09 8.2553E-09 8.4850E-09 8.7212E-09 8.9709E-09
2.7687E-10 3.2353E-10 3.7402E-10 4.2773E-10 4.8941E-10 5.5709E-10 6.3236E-10 7.2833E-10 8.1754E-10 9.1117E-10 1.0122E-09 1.1273E-09 1.2324E-09 1.3489E-09 1.4735E-09 1.5997E-09 1.7370E-09 1.8735E-09 2.0214E-09 2.1664E-09 2.3490E-09 2.5070E-09 2.6644E-09 2.8277E-09 2.9961E-09 3.1660E-09 3.3363E-09 3.5067E-09 3.6786E-09 3.8539E-09 4.0300E-09 4.1996E-09 4.3712E-09 4.5406E-09 4.7122E-09 4.8791E-09 5.0412E-09 5.2069E-09 5.3788E-09 5.5337E-09 5.6984E-09 5.8511E-09 6.0059E-09 6.1624E-09 6.3253E-09 6.4888E-09 6.6574E-09 6.8276E-09 7.0029E-09 7.1833E-09 7.3666E-09 7.5588E-09 7.7564E-09 7.9623E-09 8.1814E-09 8.4028E-09 8.6382E-09
