Assets/Resources/2015_m01_d20_1000(utc+0800)_l00_csi_1hr_conc.grd
DSAA
         159         159
     -79.000      79.000
     -79.000      79.000
  0.1388E-09  0.4282E-05
[rows 125 to 149 of 159, columns 0 to 56 of 159]
3.4105E-10 3.5178E-10 3.6196E-10 3.7282E-10 3.8424E-10 3.9557E-10 4.0713E-10 4.1893E-10 4.3057E-10 4.4325E-10 4.5576E-10 4.6812E-10 4.8153E-10 4.9506E-10 5.0815E-10 5.2218E-10 5.3576E-10 5.5031E-10 5.6541E-10 5.8051E-10 5.9541E-10 6.1057E-10 6.2596E-10 6.4243E-10 6.5836E-10 6.7457E-10 6.9100E-10 7.0895E-10 7.2596E-10 7.4367E-10 7.6373E-10 7.8081E-10 8.0196E-10 8.2092E-10 8.4106E-10 8.6064E-10 8.8186E-10 9.0211E-10 9.2267E-10 9.4397E-10 9.6561E-10 9.8618E-10 1.0084E-09 1.0300E-09 1.0523E-09 1.0745E-09 1.0981E-09 1.1203E-09 1.1441E-09 1.1676E-09 1.1914E-09 1.2155E-09 1.2393E-09 1.2656E-09 1.2900E-09 1.3155E-09 1.3404E-09
3.3376E-10 3.4388E-10 3.5457E-10 3.6521E-10 3.7641E-10 3.8712E-10 3.9845E-10 4.1041E-10 4.2181E-10 4.3384E-10 4.4610E-10 4.5862E-10 4.7136E-10 4.8392E-10 4.9786E-10 5.1162E-10 5.2493E-10 5.3919E-10 5.5328E-10 5.6806E-10 5.8267E-10 5.9826E-10 6.1260E-10 6.2949E-10 6.4435E-10 6.6100E-10 6.7632E-10 6.9470E-10 7.1057E-10 7.2874E-10 7.4636E-10 7.6515E-10 7.8420E-10 8.0321E-10 8.2292E-10 8.4212E-10 8.6247E-10 8.8273E-10 9.0418E-10 9.2374E-10 9.4581E-10 9.6642E-10 9.8819E-10 1.0089E-09 1.0312E-09 1.0525E-09 1.0749E-09 1.0979E-09 1.1207E-09 1.1434E-09 1.1670E-09 1.1911E-09 1.2145E-09 1.2394E-09 1.2633E-09 1.2883E-09 1.3135E-09
3.2684E-10 3.3676E-10 3.4690E-10 3.5726E-10 3.6824E-10 3.7912E-10 3.8982E-10 4.0155E-10 4.1311E-10 4.2449E-10 4.3651E-10 4.4918E-10 4.6125E-10 4.7398E-10 4.8764E-10 5.0000E-10 5.1416E-10 5.2771E-10 5.4195E-10 5.5643E-10 5.7075E-10 5.8529E-10 6.0008E-10 6.1587E-10 6.3119E-10 6.4673E-10 6.6252E-10 6.8053E-10 6.9608E-10 7.1389E-10 7.3115E-10 7.4955E-10 7.6741E-10 7.8684E-10 8.0532E-10 8.2496E-10 8.4404E-10 8.6474E-10 8.8444E-10 9.0492E-10 9.2564E-10 9.4627E-10 9.6715E-10 9.8833E-10 1.0093E-09 1.0310E-09 1.0525E-09 1.0750E-09 1.0966E-09 1.1197E-09 1.1432E-09 1.1661E-09 1.1897E-09 1.2133E-09 1.2375E-09 1.2620E-09 1.2859E-09
3.1997E-10 3.2931E-10 3.3962E-10 3.4977E-10 3.5981E-10 3.7079E-10 3.8166E-10 3.9235E-10 4.0408E-10 4.1563E-10 4.2699E-10 4.3940E-10 4.5122E-10 4.6368E-10 4.7707E-10 4.8959E-10 5.0305E-10 5.1603E-10 5.2997E-10 5.4372E-10 5.5890E-10 5.7315E-10 5.8764E-10 6.0235E-10 6.1811E-10 6.3256E-10 6.4881E-10 6.6450E-10 6.8168E-10 6.9791E-10 7.1483E-10 7.3282E-10 7.5031E-10 7.6932E-10 7.8741E-10 8.0663E-10 8.2530E-10 8.4557E-10 8.6484E-10 8.8575E-10 9.0473E-10 9.2668E-10 9.4624E-10 9.6741E-10 9.8796E-10 1.0092E-09 1.0303E-09 1.0523E-09 1.0739E-09 1.0960E-09 1.1188E-09 1.1409E-09 1.1643E-09 1.1869E-09 1.2111E-09 1.2350E-09 1.2584E-09
3.1247E-10 3.2198E-10 3.3208E-10 3.4195E-10 3.5217E-10 3.6292E-10 3.7317E-10 3.8403E-10 3.9552E-10 4.0643E-10 4.1795E-10 4.2970E-10 4.4168E-10 4.5388E-10 4.6589E-10 4.7926E-10 4.9201E-10 5.0515E-10 5.1880E-10 5.3227E-10 5.4640E-10 5.6036E-10 5.7453E-10 5.8895E-10 6.0512E-10 6.1927E-10 6.3518E-10 6.4977E-10 6.6737E-10 6.8247E-10 6.9983E-10 7.1664E-10 7.3457E-10 7.5195E-10 7.7089E-10 7.8886E-10 8.0798E-10 8.2695E-10 8.4668E-10 8.6670E-10 8.8573E-10 9.0631E-10 9.2635E-10 9.4616E-10 9.6672E-10 9.8706E-10 1.0081E-09 1.0290E-09 1.0513E-09 1.0724E-09 1.0945E-09 1.1169E-09 1.1398E-09 1.1619E-09 1.1856E-09 1.2082E-09 1.2319E-09
3.0541E-10 3.1504E-10 3.2455E-10 3.3427E-10 3.4420E-10 3.5440E-10 3.6515E-10 3.7538E-10 3.8663E-10 3.9770E-10 4.0858E-10 4.2008E-10 4.3222E-10 4.4375E-10 4.5591E-10 4.6859E-10 4.8079E-10 4.9393E-10 5.0729E-10 5.2091E-10 5.3431E-10 5.4841E-10 5.6228E-10 5.7639E-10 5.9148E-10 6.0608E-10 6.2089E-10 6.3594E-10 6.5120E-10 6.6795E-10 6.8372E-10 7.0018E-10 7.1894E-10 7.3471E-10 7.5322E-10 7.7080E-10 7.8950E-10 8.0763E-10 8.2736E-10 8.4606E-10 8.6684E-10 8.8479E-10 9.0613E-10 9.2508E-10 9.4562E-10 9.6553E-10 9.8660E-10 1.0065E-09 1.0284E-09 1.0488E-09 1.0706E-09 1.0923E-09 1.1137E-09 1.1363E-09 1.1589E-09 1.1815E-09 1.2047E-09
2.9874E-10 3.0784E-10 3.1708E-10 3.2665E-10 3.3669E-10 3.4628E-10 3.5680E-10 3.6721E-10 3.7742E-10 3.8865E-10 3.9970E-10 4.1055E-10 4.2243E-10 4.3371E-10 4.4561E-10 4.5843E-10 4.7037E-10 4.8323E-10 4.9560E-10 5.0891E-10 5.2203E-10 5.3654E-10 5.4939E-10 5.6393E-10 5.7720E-10 5.9298E-10 6.0672E-10 6.2221E-10 6.3636E-10 6.5353E-10 6.6817E-10 6.8507E-10 7.0141E-10 7.1885E-10 7.3615E-10 7.5416E-10 7.7245E-10 7.9019E-10 8.0948E-10 8.2777E-10 8.4721E-10 8.6565E-10 8.8562E-10 9.0505E-10 9.2469E-10 9.4461E-10 9.6383E-10 9.8471E-10 1.0046E-09 1.0260E-09 1.0464E-09 1.0686E-09 1.0895E-09 1.1116E-09 1.1330E-09 1.1558E-09 1.1785E-09
2.9181E-10 3.0033E-10 3.0975E-10 3.1905E-10 3.2854E-10 3.3864E-10 3.4893E-10 3.5872E-10 3.6910E-10 3.8009E-10 3.9050E-10 4.0151E-10 4.1272E-10 4.2417E-10 4.3581E-10 4.4725E-10 4.6004E-10 4.7220E-10 4.8472E-10 4.9732E-10 5.1058E-10 5.2362E-10 5.3735E-10 5.5084E-10 5.6456E-10 5.7925E-10 5.9343E-10 6.0783E-10 6.2243E-10 6.3845E-10 6.5355E-10 6.7007E-10 6.8606E-10 7.0312E-10 7.1963E-10 7.3764E-10 7.5470E-10 7.7160E-10 7.8918E-10 8.0834E-10 8.2646E-10 8.4665E-10 8.6399E-10 8.8516E-10 9.0303E-10 9.2338E-10 9.4218E-10 9.6257E-10 9.8181E-10 1.0030E-09 1.0234E-09 1.0438E-09 1.0655E-09 1.0853E-09 1.1079E-09 1.1290E-09 1.1516E-09
2.8527E-10 2.9360E-10 3.0281E-10 3.1190E-10 3.2119E-10 3.3068E-10 3.4042E-10 3.5031E-10 3.6046E-10 3.7081E-10 3.8138E-10 3.9215E-10 4.0271E-10 4.1431E-10 4.2570E-10 4.3687E-10 4.4938E-10 4.6100E-10 4.7352E-10 4.8555E-10 4.9924E-10 5.1127E-10 5.2542E-10 5.3787E-10 5.5203E-10 5.6489E-10 5.8026E-10 5.9357E-10 6.0863E-10 6.2233E-10 6.3905E-10 6.5322E-10 6.6964E-10 6.8550E-10 7.0244E-10 7.1923E-10 7.3670E-10 7.5447E-10 7.7164E-10 7.9037E-10 8.0807E-10 8.2736E-10 8.4475E-10 8.6322E-10 8.8290E-10 9.0189E-10 9.2115E-10 9.4016E-10 9.5989E-10 9.7913E-10 9.9980E-10 1.0195E-09 1.0409E-09 1.0610E-09 1.0824E-09 1.1037E-09 1.1251E-09
2.7812E-10 2.8663E-10 2.9563E-10 3.0445E-10 3.1360E-10 3.2319E-10 3.3233E-10 3.4238E-10 3.5231E-10 3.6204E-10 3.7276E-10 3.8289E-10 3.9362E-10 4.0495E-10 4.1568E-10 4.2702E-10 4.3884E-10 4.5061E-10 4.6243E-10 4.7461E-10 4.8728E-10 4.9976E-10 5.1243E-10 5.2577E-10 5.3887E-10 5.5218E-10 5.6646E-10 5.8022E-10 5.9418E-10 6.0834E-10 6.2391E-10 6.3853E-10 6.5459E-10 6.7009E-10 6.8664E-10 7.0264E-10 7.1804E-10 7.3664E-10 7.5299E-10 7.6999E-10 7.8858E-10 8.0609E-10 8.2568E-10 8.4240E-10 8.6293E-10 8.8015E-10 8.9939E-10 9.1797E-10 9.3767E-10 9.5695E-10 9.7664E-10 9.9637E-10 1.0160E-09 1.0369E-09 1.0568E-09 1.0779E-09 1.0990E-09
2.7111E-10 2.8004E-10 2.8816E-10 2.9715E-10 3.0602E-10 3.1508E-10 3.2432E-10 3.3382E-10 3.4346E-10 3.5335E-10 3.6343E-10 3.7373E-10 3.8421E-10 3.9489E-10 4.0577E-10 4.1685E-10 4.2771E-10 4.3990E-10 4.5118E-10 4.6336E-10 4.7575E-10 4.8836E-10 5.0074E-10 5.1379E-10 5.2659E-10 5.3960E-10 5.5204E-10 5.6700E-10 5.7987E-10 5.9449E-10 6.0773E-10 6.2399E-10 6.3768E-10 6.5361E-10 6.6897E-10 6.8540E-10 7.0166E-10 7.1859E-10 7.3580E-10 7.5241E-10 7.7055E-10 7.8637E-10 8.0634E-10 8.2311E-10 8.4095E-10 8.5996E-10 8.7784E-10 8.9689E-10 9.1521E-10 9.3424E-10 9.5278E-10 9.7271E-10 9.9167E-10 1.0123E-09 1.0317E-09 1.0522E-09 1.0728E-09
2.6480E-10 2.7322E-10 2.8146E-10 2.8993E-10 2.9891E-10 3.0744E-10 3.1680E-10 3.2608E-10 3.3549E-10 3.4516E-10 3.5501E-10 3.6507E-10 3.7531E-10 3.8534E-10 3.9638E-10 4.0721E-10 4.1782E-10 4.2973E-10 4.4075E-10 4.5266E-10 4.6406E-10 4.7636E-10 4.8847E-10 5.0193E-10 5.1371E-10 5.2640E-10 5.3931E-10 5.5316E-10 5.6649E-10 5.8001E-10 5.9371E-10 6.0882E-10 6.2296E-10 6.3852E-10 6.5353E-10 6.6956E-10 6.8504E-10 6.9990E-10 7.1710E-10 7.3374E-10 7.5059E-10 7.6815E-10 7.8504E-10 8.0400E-10 8.2010E-10 8.3997E-10 8.5653E-10 8.7557E-10 8.9299E-10 9.1200E-10 9.3056E-10 9.4953E-10 9.6851E-10 9.8719E-10 1.0076E-09 1.0266E-09 1.0469E-09
2.5827E-10 2.6581E-10 2.7453E-10 2.8243E-10 2.9119E-10 3.0022E-10 3.0865E-10 3.1804E-10 3.2729E-10 3.3667E-10 3.4630E-10 3.5651E-10 3.6612E-10 3.7631E-10 3.8669E-10 3.9727E-10 4.0762E-10 4.1885E-10 4.3002E-10 4.4165E-10 4.5278E-10 4.6480E-10 4.7705E-10 4.8905E-10 5.0170E-10 5.1410E-10 5.2670E-10 5.3949E-10 5.5325E-10 5.6645E-10 5.7983E-10 5.9261E-10 6.0839E-10 6.2160E-10 6.3703E-10 6.5189E-10 6.6778E-10 6.8352E-10 6.9988E-10 7.1653E-10 7.3255E-10 7.5011E-10 7.6533E-10 7.8336E-10 8.0080E-10 8.1800E-10 8.3634E-10 8.5355E-10 8.7146E-10 8.8861E-10 9.0785E-10 9.2567E-10 9.4485E-10 9.6307E-10 9.8293E-10 1.0015E-09 1.0213E-09
2.5181E-10 2.5948E-10 2.6769E-10 2.7571E-10 2.8395E-10 2.9270E-10 3.0099E-10 3.1010E-10 3.1914E-10 3.2829E-10 3.3769E-10 3.4726E-10 3.5704E-10 3.6699E-10 3.7712E-10 3.8745E-10 3.9796E-10 4.0824E-10 4.1983E-10 4.3050E-10 4.4206E-10 4.5309E-10 4.6576E-10 4.7676E-10 4.8939E-10 5.0121E-10 5.1424E-10 5.2597E-10 5.3940E-10 5.5228E-10 5.6535E-10 5.7859E-10 5.9323E-10 6.0688E-10 6.2194E-10 6.3644E-10 6.5113E-10 6.6689E-10 6.8121E-10 6.9784E-10 7.1390E-10 7.3016E-10 7.4711E-10 7.6338E-10 7.8170E-10 7.9716E-10 8.1461E-10 8.3225E-10 8.5061E-10 8.6734E-10 8.8564E-10 9.0348E-10 9.2123E-10 9.3994E-10 9.5786E-10 9.7745E-10 9.9575E-10
2.4482E-10 2.5292E-10 2.6062E-10 2.6876E-10 2.7681E-10 2.8535E-10 2.9375E-10 3.0232E-10 3.1147E-10 3.2007E-10 3.2957E-10 3.3853E-10 3.4846E-10 3.5778E-10 3.6767E-10 3.7815E-10 3.8801E-10 3.9804E-10 4.0893E-10 4.1976E-10 4.3104E-10 4.4181E-10 4.5346E-10 4.6534E-10 4.7695E-10 4.8920E-10 5.0119E-10 5.1337E-10 5.2574E-10 5.3905E-10 5.5180E-10 5.6472E-10 5.7703E-10 5.9155E-10 6.0504E-10 6.1996E-10 6.3430E-10 6.4965E-10 6.6485E-10 6.7981E-10 6.9672E-10 7.1089E-10 7.2867E-10 7.4371E-10 7.6111E-10 7.7789E-10 7.9446E-10 8.1210E-10 8.2818E-10 8.4586E-10 8.6230E-10 8.8081E-10 8.9791E-10 9.1633E-10 9.3379E-10 9.5288E-10 9.7070E-10
2.3886E-10 2.4676E-10 2.5391E-10 2.6190E-10 2.6970E-10 2.7771E-10 2.8623E-10 2.9427E-10 3.0313E-10 3.1190E-10 3.2079E-10 3.2991E-10 3.3921E-10 3.4869E-10 3.5835E-10 3.6817E-10 3.7819E-10 3.8838E-10 3.9832E-10 4.0957E-10 4.1989E-10 4.3109E-10 4.4176E-10 4.5405E-10 4.6467E-10 4.7690E-10 4.8831E-10 5.0092E-10 5.1223E-10 5.2522E-10 5.3766E-10 5.5027E-10 5.6303E-10 5.7719E-10 5.9035E-10 6.0490E-10 6.1889E-10 6.3182E-10 6.4826E-10 6.6204E-10 6.7807E-10 6.9355E-10 7.0921E-10 7.2554E-10 7.3992E-10 7.5711E-10 7.7367E-10 7.9046E-10 8.0741E-10 8.2463E-10 8.4065E-10 8.5868E-10 8.7579E-10 8.9186E-10 9.1075E-10 9.2791E-10 9.4669E-10
2.3267E-10 2.3946E-10 2.4766E-10 2.5483E-10 2.6306E-10 2.7056E-10 2.7918E-10 2.8703E-10 2.9535E-10 3.0423E-10 3.1257E-10 3.2180E-10 3.3087E-10 3.4012E-10 3.4954E-10 3.5873E-10 3.6849E-10 3.7843E-10 3.8854E-10 3.9869E-10 4.0916E-10 4.2009E-10 4.3050E-10 4.4177E-10 4.5326E-10 4.6448E-10 4.7633E-10 4.8717E-10 4.9966E-10 5.1159E-10 5.2445E-10 5.3675E-10 5.4920E-10 5.6104E-10 5.7507E-10 5.8805E-10 6.0246E-10 6.1628E-10 6.3108E-10 6.4572E-10 6.5887E-10 6.7643E-10 6.9002E-10 7.0591E-10 7.2161E-10 7.3706E-10 7.5448E-10 7.7040E-10 7.8559E-10 8.0229E-10 8.1972E-10 8.3545E-10 8.5276E-10 8.6959E-10 8.8679E-10 9.0395E-10 9.2129E-10
2.2687E-10 2.3349E-10 2.4118E-10 2.4812E-10 2.5620E-10 2.6345E-10 2.7123E-10 2.7951E-10 2.8730E-10 2.9590E-10 3.0441E-10 3.1302E-10 3.2187E-10 3.3088E-10 3.4006E-10 3.4941E-10 3.5893E-10 3.6862E-10 3.7849E-10 3.8810E-10 3.9900E-10 4.0896E-10 4.1980E-10 4.3010E-10 4.4201E-10 4.5223E-10 4.6407E-10 4.7507E-10 4.8650E-10 4.9813E-10 5.1067E-10 5.2265E-10 5.3480E-10 5.4709E-10 5.6076E-10 5.7342E-10 5.8666E-10 6.0092E-10 6.1334E-10 6.2797E-10 6.4243E-10 6.5663E-10 6.7277E-10 6.8655E-10 7.0352E-10 7.1728E-10 7.3382E-10 7.4971E-10 7.6539E-10 7.8075E-10 7.9860E-10 8.1392E-10 8.3029E-10 8.4714E-10 8.6293E-10 8.8104E-10 8.9744E-10
2.2025E-10 2.2761E-10 2.3389E-10 2.4187E-10 2.4883E-10 2.5682E-10 2.6409E-10 2.7247E-10 2.8007E-10 2.8813E-10 2.9675E-10 3.0482E-10 3.1377E-10 3.2256E-10 3.3111E-10 3.4063E-10 3.4951E-10 3.5895E-10 3.6856E-10 3.7793E-10 3.8815E-10 3.9827E-10 4.0884E-10 4.1887E-10 4.2977E-10 4.4087E-10 4.5169E-10 4.6313E-10 4.7355E-10 4.8561E-10 4.9711E-10 5.0951E-10 5.2058E-10 5.3257E-10 5.4470E-10 5.5822E-10 5.7070E-10 5.8458E-10 5.9787E-10 6.1131E-10 6.2620E-10 6.3880E-10 6.5406E-10 6.6875E-10 6.8401E-10 6.9908E-10 7.1348E-10 7.2890E-10 7.4500E-10 7.6042E-10 7.7640E-10 7.9268E-10 8.0770E-10 8.2427E-10 8.4081E-10 8.5678E-10 8.7364E-10
2.1405E-10 2.2152E-10 2.2793E-10 2.3541E-10 2.4212E-10 2.4966E-10 2.5700E-10 2.6422E-10 2.7256E-10 2.8010E-10 2.8844E-10 2.9668E-10 3.0501E-10 3.1358E-10 3.2230E-10 3.3118E-10 3.4023E-10 3.4943E-10 3.5880E-10 3.6833E-10 3.7829E-10 3.8815E-10 3.9775E-10 4.0823E-10 4.1772E-10 4.2924E-10 4.3950E-10 4.5092E-10 4.6151E-10 4.7252E-10 4.8371E-10 4.9507E-10 5.0733E-10 5.1901E-10 5.3083E-10 5.4400E-10 5.5539E-10 5.6768E-10 5.8261E-10 5.9451E-10 6.0857E-10 6.2247E-10 6.3484E-10 6.5161E-10 6.6438E-10 6.7943E-10 6.9427E-10 7.0887E-10 7.2535E-10 7.4037E-10 7.5462E-10 7.7172E-10 7.8679E-10 8.0106E-10 8.1855E-10 8.3359E-10 8.5046E-10
2.0854E-10 2.1461E-10 2.2207E-10 2.2814E-10 2.3589E-10 2.4263E-10 2.5039E-10 2.5742E-10 2.6555E-10 2.7290E-10 2.8038E-10 2.8906E-10 2.9685E-10 3.0552E-10 3.1402E-10 3.2227E-10 3.3148E-10 3.4045E-10 3.4917E-10 3.5804E-10 3.6748E-10 3.7735E-10 3.8712E-10 3.9732E-10 4.0698E-10 4.1749E-10 4.2820E-10 4.3789E-10 4.4964E-10 4.5965E-10 4.7127E-10 4.8233E-10 4.9352E-10 5.0488E-10 5.1640E-10 5.2805E-10 5.4107E-10 5.5304E-10 5.6559E-10 5.7915E-10 5.9083E-10 6.0595E-10 6.1841E-10 6.3224E-10 6.4714E-10 6.6010E-10 6.7621E-10 6.8999E-10 7.0474E-10 7.1970E-10 7.3446E-10 7.4843E-10 7.6574E-10 7.8005E-10 7.9588E-10 8.1122E-10 8.2594E-10
2.0311E-10 2.0873E-10 2.1599E-10 2.2220E-10 2.2915E-10 2.3632E-10 2.4295E-10 2.5073E-10 2.5771E-10 2.6542E-10 2.7270E-10 2.8116E-10 2.8875E-10 2.9647E-10 3.0507E-10 3.1350E-10 3.2208E-10 3.3081E-10 3.3970E-10 3.4874E-10 3.5793E-10 3.6755E-10 3.7706E-10 3.8630E-10 3.9640E-10 4.0552E-10 4.1664E-10 4.2651E-10 4.3752E-10 4.4769E-10 4.5827E-10 4.6903E-10 4.7994E-10 4.9173E-10 5.0295E-10 5.1352E-10 5.2499E-10 5.3785E-10 5.4963E-10 5.6281E-10 5.7539E-10 5.8808E-10 6.0221E-10 6.1403E-10 6.2848E-10 6.4234E-10 6.5550E-10 6.7096E-10 6.8448E-10 6.9898E-10 7.1504E-10 7.2863E-10 7.4277E-10 7.5891E-10 7.7292E-10 7.8918E-10 8.0349E-10
1.9693E-10 2.0325E-10 2.0882E-10 2.1636E-10 2.2222E-10 2.2975E-10 2.3626E-10 2.4377E-10 2.5057E-10 2.5813E-10 2.6554E-10 2.7276E-10 2.8116E-10 2.8868E-10 2.9667E-10 3.0527E-10 3.1323E-10 3.2172E-10 3.3078E-10 3.3918E-10 3.4771E-10 3.5681E-10 3.6633E-10 3.7574E-10 3.8557E-10 3.9486E-10 4.0498E-10 4.1529E-10 4.2459E-10 4.3548E-10 4.4550E-10 4.5669E-10 4.6654E-10 4.7730E-10 4.8894E-10 4.9999E-10 5.1115E-10 5.2366E-10 5.3436E-10 5.4595E-10 5.6017E-10 5.7132E-10 5.8463E-10 5.9776E-10 6.0976E-10 6.2527E-10 6.3765E-10 6.5141E-10 6.6580E-10 6.7907E-10 6.9331E-10 7.0869E-10 7.2198E-10 7.3808E-10 7.5170E-10 7.6587E-10 7.8184E-10
1.9083E-10 1.9760E-10 2.0327E-10 2.1002E-10 2.1632E-10 2.2304E-10 2.2999E-10 2.3607E-10 2.4392E-10 2.5066E-10 2.5811E-10 2.6513E-10 2.7332E-10 2.8063E-10 2.8808E-10 2.9638E-10 3.0452E-10 3.1239E-10 3.2121E-10 3.2977E-10 3.3807E-10 3.4733E-10 3.5661E-10 3.6535E-10 3.7422E-10 3.8395E-10 3.9311E-10 4.0383E-10 4.1330E-10 4.2318E-10 4.3365E-10 4.4308E-10 4.5413E-10 4.6459E-10 4.7592E-10 4.8590E-10 4.9677E-10 5.0775E-10 5.2010E-10 5.3060E-10 5.4321E-10 5.5604E-10 5.6697E-10 5.8173E-10 5.9299E-10 6.0602E-10 6.2008E-10 6.3220E-10 6.4615E-10 6.6032E-10 6.7288E-10 6.8906E-10 7.0197E-10 7.1497E-10 7.3126E-10 7.4456E-10 7.5917E-10
1.8546E-10 1.9141E-10 1.9782E-10 2.0319E-10 2.1052E-10 2.1615E-10 2.2345E-10 2.2974E-10 2.3670E-10 2.4356E-10 2.5024E-10 2.5802E-10 2.6498E-10 2.7310E-10 2.8035E-10 2.8804E-10 2.9595E-10 3.0400E-10 3.1219E-10 3.2052E-10 3.2860E-10 3.3720E-10 3.4596E-10 3.5513E-10 3.6417E-10 3.7364E-10 3.8255E-10 3.9115E-10 4.0177E-10 4.1110E-10 4.2157E-10 4.3117E-10 4.4117E-10 4.5134E-10 4.6164E-10 4.7281E-10 4.8339E-10 4.9330E-10 5.0529E-10 5.1627E-10 5.2734E-10 5.3979E-10 5.5163E-10 5.6357E-10 5.7691E-10 5.8794E-10 6.0074E-10 6.1457E-10 6.2688E-10 6.4143E-10 6.5407E-10 6.6636E-10 6.8229E-10 6.9536E-10 7.0855E-10 7.2363E-10 7.3662E-10
