Assets/Resources/2015_m01_d11_1900(utc+0800)_l00_csi_1hr_conc.grd
DSAA
         159         159
     -79.000      79.000
     -79.000      79.000
  0.0000E+00  0.1611E-04
[rows 25 to 49 of 159, columns 0 to 56 of 159]
2.2976E-09 2.5023E-09 2.7192E-09 2.9475E-09 3.1840E-09 3.4304E-09 3.6846E-09 3.9439E-09 4.2077E-09 4.4743E-09 4.7403E-09 5.0046E-09 5.2647E-09 5.5165E-09 5.7585E-09 5.9894E-09 6.2031E-09 6.3997E-09 6.5770E-09 6.7302E-09 6.8588E-09 6.9616E-09 7.0358E-09 7.0812E-09 7.0946E-09 7.0772E-09 7.0294E-09 6.9488E-09 6.8358E-09 6.6938E-09 6.5226E-09 6.3230E-09 6.0963E-09 5.8463E-09 5.5772E-09 5.2914E-09 4.9911E-09 4.6799E-09 4.3611E-09 4.0382E-09 3.7164E-09 3.3969E-09 3.0844E-09 2.7822E-09 2.4899E-09 2.2134E-09 1.9504E-09 1.7048E-09 1.4784E-09 1.2697E-09 1.0809E-09 9.1010E-10 7.5777E-10 6.2359E-10 5.0699E-10 4.0773E-10 3.2041E-10
2.1561E-09 2.3552E-09 2.5673E-09 2.7906E-09 3.0242E-09 3.2687E-09 3.5208E-09 3.7802E-09 4.0466E-09 4.3158E-09 4.5869E-09 4.8591E-09 5.1274E-09 5.3902E-09 5.6466E-09 5.8916E-09 6.1231E-09 6.3397E-09 6.5367E-09 6.7133E-09 6.8668E-09 6.9946E-09 7.0965E-09 7.1678E-09 7.2094E-09 7.2206E-09 7.1987E-09 7.1428E-09 7.0567E-09 6.9377E-09 6.7865E-09 6.6036E-09 6.3935E-09 6.1585E-09 5.9000E-09 5.6201E-09 5.3220E-09 5.0111E-09 4.6902E-09 4.3641E-09 4.0341E-09 3.7044E-09 3.3804E-09 3.0613E-09 2.7537E-09 2.4577E-09 2.1761E-09 1.9127E-09 1.6660E-09 1.4390E-09 1.2314E-09 1.0433E-09 8.7510E-10 7.2523E-10 5.9370E-10 4.8003E-10 3.8041E-10
2.0150E-09 2.2086E-09 2.4147E-09 2.6326E-09 2.8620E-09 3.1032E-09 3.3530E-09 3.6121E-09 3.8783E-09 4.1497E-09 4.4258E-09 4.7028E-09 4.9787E-09 5.2526E-09 5.5205E-09 5.7795E-09 6.0280E-09 6.2628E-09 6.4809E-09 6.6796E-09 6.8573E-09 7.0125E-09 7.1399E-09 7.2394E-09 7.3111E-09 7.3500E-09 7.3551E-09 7.3296E-09 7.2700E-09 7.1745E-09 7.0452E-09 6.8851E-09 6.6950E-09 6.4752E-09 6.2273E-09 5.9572E-09 5.6680E-09 5.3617E-09 5.0416E-09 4.7118E-09 4.3746E-09 4.0369E-09 3.6988E-09 3.3667E-09 3.0440E-09 2.7306E-09 2.4325E-09 2.1484E-09 1.8817E-09 1.6351E-09 1.4068E-09 1.1992E-09 1.0112E-09 8.4285E-10 6.9529E-10 5.6789E-10 4.5678E-10
1.8757E-09 2.0634E-09 2.2621E-09 2.4748E-09 2.6990E-09 2.9358E-09 3.1822E-09 3.4399E-09 3.7050E-09 3.9776E-09 4.2562E-09 4.5378E-09 4.8205E-09 5.1029E-09 5.3815E-09 5.6538E-09 5.9177E-09 6.1700E-09 6.4075E-09 6.6290E-09 6.8320E-09 7.0109E-09 7.1659E-09 7.2959E-09 7.3952E-09 7.4626E-09 7.5004E-09 7.5041E-09 7.4699E-09 7.4020E-09 7.3000E-09 7.1643E-09 6.9937E-09 6.7911E-09 6.5616E-09 6.3053E-09 6.0251E-09 5.7230E-09 5.4041E-09 5.0717E-09 4.7323E-09 4.3862E-09 4.0387E-09 3.6950E-09 3.3552E-09 3.0262E-09 2.7069E-09 2.4026E-09 2.1165E-09 1.8471E-09 1.5986E-09 1.3698E-09 1.1618E-09 9.7537E-10 8.0983E-10 6.6449E-10 5.3660E-10
1.7393E-09 1.9204E-09 2.1112E-09 2.3180E-09 2.5358E-09 2.7676E-09 3.0098E-09 3.2645E-09 3.5277E-09 3.8006E-09 4.0803E-09 4.3645E-09 4.6528E-09 4.9428E-09 5.2303E-09 5.5143E-09 5.7928E-09 6.0609E-09 6.3179E-09 6.5615E-09 6.7864E-09 6.9911E-09 7.1749E-09 7.3319E-09 7.4598E-09 7.5607E-09 7.6286E-09 7.6595E-09 7.6575E-09 7.6203E-09 7.5458E-09 7.4341E-09 7.2879E-09 7.1098E-09 6.8990E-09 6.6568E-09 6.3868E-09 6.0950E-09 5.7835E-09 5.4557E-09 5.1151E-09 4.7641E-09 4.4097E-09 4.0527E-09 3.6995E-09 3.3544E-09 3.0179E-09 2.6958E-09 2.3870E-09 2.0962E-09 1.8253E-09 1.5734E-09 1.3437E-09 1.1349E-09 9.4864E-10 7.8478E-10 6.4074E-10
1.6070E-09 1.7804E-09 1.9631E-09 2.1633E-09 2.3737E-09 2.6000E-09 2.8366E-09 3.0875E-09 3.3476E-09 3.6193E-09 3.8988E-09 4.1846E-09 4.4773E-09 4.7721E-09 5.0673E-09 5.3627E-09 5.6529E-09 5.9359E-09 6.2121E-09 6.4750E-09 6.7214E-09 6.9527E-09 7.1624E-09 7.3461E-09 7.5066E-09 7.6378E-09 7.7341E-09 7.7990E-09 7.8294E-09 7.8219E-09 7.7764E-09 7.6947E-09 7.5776E-09 7.4232E-09 7.2315E-09 7.0086E-09 6.7569E-09 6.4783E-09 6.1751E-09 5.8505E-09 5.5088E-09 5.1568E-09 4.7951E-09 4.4299E-09 4.0662E-09 3.7049E-09 3.3525E-09 3.0088E-09 2.6789E-09 2.3660E-09 2.0702E-09 1.7954E-09 1.5410E-09 1.3091E-09 1.1007E-09 9.1544E-10 7.5067E-10
1.4788E-09 1.6439E-09 1.8189E-09 2.0115E-09 2.2137E-09 2.4340E-09 2.6637E-09 2.9100E-09 3.1656E-09 3.4352E-09 3.7123E-09 3.9995E-09 4.2940E-09 4.5919E-09 4.8946E-09 5.1981E-09 5.4981E-09 5.7970E-09 6.0887E-09 6.3683E-09 6.6387E-09 6.8933E-09 7.1260E-09 7.3406E-09 7.5307E-09 7.6893E-09 7.8192E-09 7.9178E-09 7.9796E-09 8.0041E-09 7.9929E-09 7.9434E-09 7.8543E-09 7.7242E-09 7.5608E-09 7.3620E-09 7.1295E-09 6.8646E-09 6.5720E-09 6.2574E-09 5.9235E-09 5.5740E-09 5.2119E-09 4.8421E-09 4.4673E-09 4.0934E-09 3.7243E-09 3.3622E-09 3.0123E-09 2.6754E-09 2.3561E-09 2.0555E-09 1.7758E-09 1.5188E-09 1.2856E-09 1.0762E-09 8.8832E-10
1.3556E-09 1.5125E-09 1.6787E-09 1.8634E-09 2.0574E-09 2.2701E-09 2.4923E-09 2.7332E-09 2.9827E-09 3.2490E-09 3.5224E-09 3.8097E-09 4.1036E-09 4.4045E-09 4.7120E-09 5.0208E-09 5.3316E-09 5.6423E-09 5.9463E-09 6.2455E-09 6.5353E-09 6.8095E-09 7.0697E-09 7.3113E-09 7.5272E-09 7.7173E-09 7.8811E-09 8.0108E-09 8.1058E-09 8.1671E-09 8.1897E-09 8.1720E-09 8.1124E-09 8.0171E-09 7.8825E-09 7.7076E-09 7.4959E-09 7.2515E-09 6.9780E-09 6.6778E-09 6.3526E-09 6.0062E-09 5.6444E-09 5.2697E-09 4.8881E-09 4.5037E-09 4.1196E-09 3.7408E-09 3.3690E-09 3.0095E-09 2.6647E-09 2.3374E-09 2.0303E-09 1.7457E-09 1.4855E-09 1.2495E-09 1.0374E-09
1.2381E-09 1.3857E-09 1.5439E-09 1.7197E-09 1.9050E-09 2.1099E-09 2.3237E-09 2.5575E-09 2.8002E-09 3.0616E-09 3.3304E-09 3.6159E-09 3.9076E-09 4.2104E-09 4.5197E-09 4.8331E-09 5.1524E-09 5.4716E-09 5.7885E-09 6.1035E-09 6.4098E-09 6.7053E-09 6.9890E-09 7.2542E-09 7.4976E-09 7.7200E-09 7.9138E-09 8.0764E-09 8.2084E-09 8.3040E-09 8.3608E-09 8.3764E-09 8.3552E-09 8.2931E-09 8.1864E-09 8.0407E-09 7.8579E-09 7.6396E-09 7.3877E-09 7.1021E-09 6.7892E-09 6.4540E-09 6.0985E-09 5.7276E-09 5.3448E-09 4.9528E-09 4.5577E-09 4.1633E-09 3.7727E-09 3.3909E-09 3.0207E-09 2.6658E-09 2.3300E-09 2.0162E-09 1.7257E-09 1.4602E-09 1.2194E-09
1.1261E-09 1.2650E-09 1.4145E-09 1.5808E-09 1.7577E-09 1.9533E-09 2.1582E-09 2.3848E-09 2.6190E-09 2.8741E-09 3.1371E-09 3.4192E-09 3.7074E-09 4.0100E-09 4.3190E-09 4.6365E-09 4.9607E-09 5.2864E-09 5.6153E-09 5.9425E-09 6.2631E-09 6.5783E-09 6.8827E-09 7.1698E-09 7.4424E-09 7.6938E-09 7.9170E-09 8.1147E-09 8.2804E-09 8.4109E-09 8.5034E-09 8.5580E-09 8.5736E-09 8.5423E-09 8.4719E-09 8.3621E-09 8.2104E-09 8.0203E-09 7.7904E-09 7.5290E-09 7.2367E-09 6.9164E-09 6.5719E-09 6.2061E-09 5.8225E-09 5.4262E-09 5.0218E-09 4.6123E-09 4.2039E-09 3.7994E-09 3.4034E-09 3.0206E-09 2.6548E-09 2.3094E-09 1.9877E-09 1.6906E-09 1.4178E-09
1.0202E-09 1.1505E-09 1.2907E-09 1.4478E-09 1.6153E-09 1.8012E-09 1.9975E-09 2.2148E-09 2.4402E-09 2.6884E-09 2.9435E-09 3.2205E-09 3.5039E-09 3.8045E-09 4.1114E-09 4.4309E-09 4.7575E-09 5.0887E-09 5.4255E-09 5.7620E-09 6.0965E-09 6.4280E-09 6.7498E-09 7.0609E-09 7.3588E-09 7.6354E-09 7.8904E-09 8.1199E-09 8.3197E-09 8.4846E-09 8.6149E-09 8.7091E-09 8.7574E-09 8.7670E-09 8.7368E-09 8.6618E-09 8.5453E-09 8.3855E-09 8.1897E-09 7.9571E-09 7.6891E-09 7.3886E-09 7.0585E-09 6.7032E-09 6.3261E-09 5.9312E-09 5.5216E-09 5.1031E-09 4.6788E-09 4.2539E-09 3.8335E-09 3.4224E-09 3.0257E-09 2.6470E-09 2.2907E-09 1.9580E-09 1.6524E-09
9.2114E-10 1.0421E-09 1.1733E-09 1.3209E-09 1.4785E-09 1.6548E-09 1.8412E-09 2.0487E-09 2.2651E-09 2.5045E-09 2.7511E-09 3.0216E-09 3.2984E-09 3.5947E-09 3.8982E-09 4.2178E-09 4.5435E-09 4.8786E-09 5.2203E-09 5.5631E-09 5.9097E-09 6.2550E-09 6.5928E-09 6.9253E-09 7.2445E-09 7.5466E-09 7.8317E-09 8.0914E-09 8.3220E-09 8.5231E-09 8.6928E-09 8.8218E-09 8.9103E-09 8.9630E-09 8.9701E-09 8.9354E-09 8.8574E-09 8.7379E-09 8.5795E-09 8.3782E-09 8.1395E-09 7.8647E-09 7.5569E-09 7.2186E-09 6.8529E-09 6.4623E-09 6.0512E-09 5.6243E-09 5.1862E-09 4.7420E-09 4.2971E-09 3.8579E-09 3.4289E-09 3.0163E-09 2.6236E-09 2.2551E-09 1.9110E-09
8.2782E-10 9.4024E-10 1.0627E-09 1.1999E-09 1.3484E-09 1.5141E-09 1.6901E-09 1.8876E-09 2.0939E-09 2.3234E-09 2.5611E-09 2.8232E-09 3.0920E-09 3.3825E-09 3.6807E-09 3.9969E-09 4.3200E-09 4.6564E-09 4.9998E-09 5.3485E-09 5.7046E-09 6.0592E-09 6.4127E-09 6.7620E-09 7.1000E-09 7.4270E-09 7.7373E-09 8.0247E-09 8.2873E-09 8.5253E-09 8.7287E-09 8.8943E-09 9.0286E-09 9.1192E-09 9.1700E-09 9.1785E-09 9.1442E-09 9.0701E-09 8.9486E-09 8.7874E-09 8.5849E-09 8.3430E-09 8.0636E-09 7.7473E-09 7.3970E-09 7.0165E-09 6.6099E-09 6.1804E-09 5.7331E-09 5.2732E-09 4.8071E-09 4.3403E-09 3.8797E-09 3.4307E-09 2.9992E-09 2.5881E-09 2.2038E-09
7.4132E-10 8.4537E-10 9.5795E-10 1.0862E-09 1.2245E-09 1.3793E-09 1.5455E-09 1.7320E-09 1.9272E-09 2.1467E-09 2.3738E-09 2.6262E-09 2.8860E-09 3.1679E-09 3.4586E-09 3.7697E-09 4.0883E-09 4.4243E-09 4.7669E-09 5.1195E-09 5.4810E-09 5.8426E-09 6.2090E-09 6.5712E-09 6.9265E-09 7.2740E-09 7.6071E-09 7.9208E-09 8.2157E-09 8.4849E-09 8.7200E-09 8.9302E-09 9.1035E-09 9.2363E-09 9.3320E-09 9.3865E-09 9.4023E-09 9.3713E-09 9.2967E-09 9.1801E-09 9.0204E-09 8.8171E-09 8.5708E-09 8.2845E-09 7.9593E-09 7.5977E-09 7.2017E-09 6.7742E-09 6.3216E-09 5.8489E-09 5.3623E-09 4.8696E-09 4.3769E-09 3.8922E-09 3.4204E-09 2.9701E-09 2.5439E-09
6.6128E-10 7.5639E-10 8.6056E-10 9.7917E-10 1.1068E-09 1.2518E-09 1.4070E-09 1.5819E-09 1.7664E-09 1.9740E-09 2.1893E-09 2.4313E-09 2.6796E-09 2.9522E-09 3.2348E-09 3.5383E-09 3.8514E-09 4.1837E-09 4.5233E-09 4.8770E-09 5.2401E-09 5.6069E-09 5.9820E-09 6.3535E-09 6.7237E-09 7.0891E-09 7.4402E-09 7.7798E-09 8.1029E-09 8.3975E-09 8.6734E-09 8.9210E-09 9.1311E-09 9.3096E-09 9.4513E-09 9.5579E-09 9.6196E-09 9.6390E-09 9.6174E-09 9.5504E-09 9.4379E-09 9.2803E-09 9.0767E-09 8.8282E-09 8.5339E-09 8.1932E-09 7.8120E-09 7.3934E-09 6.9412E-09 6.4597E-09 5.9583E-09 5.4424E-09 4.9200E-09 4.3991E-09 3.8862E-09 3.3893E-09 2.9163E-09
5.8703E-10 6.7432E-10 7.6947E-10 8.7808E-10 9.9615E-10 1.1302E-09 1.2735E-09 1.4372E-09 1.6095E-09 1.8047E-09 2.0088E-09 2.2388E-09 2.4757E-09 2.7383E-09 3.0103E-09 3.3050E-09 3.6108E-09 3.9363E-09 4.2710E-09 4.6227E-09 4.9841E-09 5.3531E-09 5.7327E-09 6.1106E-09 6.4935E-09 6.8703E-09 7.2391E-09 7.6016E-09 7.9454E-09 8.2721E-09 8.5813E-09 8.8606E-09 9.1130E-09 9.3368E-09 9.5284E-09 9.6810E-09 9.7947E-09 9.8711E-09 9.9041E-09 9.8913E-09 9.8340E-09 9.7287E-09 9.5743E-09 9.3667E-09 9.1090E-09 8.8016E-09 8.4450E-09 8.0418E-09 7.5962E-09 7.1141E-09 6.6004E-09 6.0634E-09 5.5118E-09 4.9534E-09 4.3984E-09 3.8565E-09 3.3380E-09
5.1598E-10 5.9560E-10 6.8171E-10 7.8149E-10 8.8960E-10 1.0128E-09 1.1458E-09 1.2979E-09 1.4581E-09 1.6422E-09 1.8332E-09 2.0511E-09 2.2764E-09 2.5267E-09 2.7873E-09 3.0716E-09 3.3673E-09 3.6840E-09 4.0117E-09 4.3578E-09 4.7148E-09 5.0832E-09 5.4630E-09 5.8452E-09 6.2357E-09 6.6199E-09 7.0060E-09 7.3844E-09 7.7482E-09 8.1042E-09 8.4399E-09 8.7543E-09 9.0485E-09 9.3161E-09 9.5526E-09 9.7551E-09 9.9265E-09 1.0060E-08 1.0149E-08 1.0198E-08 1.0201E-08 1.0152E-08 1.0052E-08 9.8967E-09 9.6863E-09 9.4185E-09 9.0949E-09 8.7157E-09 8.2855E-09 7.8066E-09 7.2876E-09 6.7360E-09 6.1592E-09 5.5678E-09 4.9711E-09 4.3808E-09 3.8087E-09
4.4744E-10 5.2015E-10 5.9889E-10 6.9053E-10 7.8890E-10 9.0261E-10 1.0249E-09 1.1656E-09 1.3144E-09 1.4858E-09 1.6643E-09 1.8700E-09 2.0812E-09 2.3193E-09 2.5672E-09 2.8389E-09 3.1233E-09 3.4291E-09 3.7471E-09 4.0848E-09 4.4351E-09 4.7989E-09 5.1753E-09 5.5590E-09 5.9514E-09 6.3432E-09 6.7402E-09 7.1292E-09 7.5145E-09 7.8919E-09 8.2543E-09 8.6023E-09 8.9336E-09 9.2427E-09 9.5247E-09 9.7814E-09 1.0008E-08 1.0197E-08 1.0352E-08 1.0465E-08 1.0529E-08 1.0545E-08 1.0507E-08 1.0413E-08 1.0257E-08 1.0039E-08 9.7573E-09 9.4129E-09 9.0018E-09 8.5384E-09 8.0217E-09 7.4590E-09 6.8588E-09 6.2351E-09 5.5965E-09 4.9595E-09 4.3380E-09
3.8535E-10 4.5088E-10 5.2188E-10 6.0515E-10 6.9525E-10 7.9969E-10 9.1103E-10 1.0411E-09 1.1781E-09 1.3370E-09 1.5028E-09 1.6948E-09 1.8924E-09 2.1172E-09 2.3509E-09 2.6090E-09 2.8802E-09 3.1730E-09 3.4793E-09 3.8058E-09 4.1469E-09 4.5027E-09 4.8736E-09 5.2542E-09 5.6456E-09 6.0407E-09 6.4435E-09 6.8421E-09 7.2443E-09 7.6393E-09 8.0245E-09 8.4031E-09 8.7699E-09 9.1171E-09 9.4454E-09 9.7541E-09 1.0033E-08 1.0285E-08 1.0504E-08 1.0681E-08 1.0816E-08 1.0901E-08 1.0935E-08 1.0913E-08 1.0828E-08 1.0672E-08 1.0444E-08 1.0145E-08 9.7763E-09 9.3367E-09 8.8307E-09 8.2660E-09 7.6535E-09 7.0000E-09 6.3229E-09 5.6365E-09 4.9573E-09
3.3027E-10 3.9064E-10 4.5252E-10 5.2758E-10 6.0801E-10 7.0257E-10 8.0474E-10 9.2398E-10 1.0490E-09 1.1960E-09 1.3485E-09 1.5268E-09 1.7107E-09 1.9207E-09 2.1394E-09 2.3836E-09 2.6396E-09 2.9178E-09 3.2108E-09 3.5236E-09 3.8534E-09 4.1979E-09 4.5602E-09 4.9345E-09 5.3211E-09 5.7160E-09 6.1206E-09 6.5259E-09 6.9389E-09 7.3474E-09 7.7543E-09 8.1607E-09 8.5560E-09 8.9396E-09 9.3141E-09 9.6682E-09 1.0004E-08 1.0318E-08 1.0598E-08 1.0846E-08 1.1051E-08 1.1219E-08 1.1333E-08 1.1387E-08 1.1369E-08 1.1285E-08 1.1125E-08 1.0884E-08 1.0559E-08 1.0153E-08 9.6690E-09 9.1116E-09 8.4872E-09 7.8103E-09 7.0980E-09 6.3652E-09 5.6321E-09
2.7930E-10 3.3355E-10 3.8948E-10 4.5830E-10 5.2986E-10 6.1546E-10 7.0577E-10 8.1394E-10 9.2799E-10 1.0625E-09 1.2021E-09 1.3672E-09 1.5362E-09 1.7315E-09 1.9351E-09 2.1635E-09 2.4036E-09 2.6665E-09 2.9436E-09 3.2411E-09 3.5570E-09 3.8879E-09 4.2395E-09 4.6031E-09 4.9829E-09 5.3731E-09 5.7754E-09 6.1836E-09 6.6036E-09 7.0216E-09 7.4474E-09 7.8743E-09 8.2941E-09 8.7150E-09 9.1279E-09 9.5286E-09 9.9192E-09 1.0288E-08 1.0634E-08 1.0954E-08 1.1243E-08 1.1490E-08 1.1683E-08 1.1818E-08 1.1891E-08 1.1890E-08 1.1804E-08 1.1629E-08 1.1367E-08 1.1011E-08 1.0559E-08 1.0017E-08 9.3936E-09 8.7039E-09 7.9582E-09 7.1818E-09 6.3882E-09
2.3940E-10 2.8665E-10 3.3552E-10 3.9653E-10 4.5953E-10 5.3666E-10 6.1716E-10 7.1551E-10 8.1711E-10 9.3888E-10 1.0655E-09 1.2165E-09 1.3709E-09 1.5512E-09 1.7388E-09 1.9509E-09 2.1747E-09 2.4204E-09 2.6807E-09 2.9617E-09 3.2612E-09 3.5771E-09 3.9142E-09 4.2651E-09 4.6344E-09 5.0162E-09 5.4126E-09 5.8203E-09 6.2411E-09 6.6654E-09 7.1061E-09 7.5455E-09 7.9921E-09 8.4415E-09 8.8878E-09 9.3347E-09 9.7716E-09 1.0198E-08 1.0611E-08 1.1007E-08 1.1374E-08 1.1699E-08 1.1985E-08 1.2221E-08 1.2398E-08 1.2495E-08 1.2515E-08 1.2439E-08 1.2263E-08 1.1976E-08 1.1587E-08 1.1084E-08 1.0482E-08 9.7862E-09 9.0231E-09 8.2018E-09 7.3616E-09
2.0359E-10 2.4475E-10 2.8791E-10 3.4202E-10 3.9714E-10 4.6590E-10 5.3716E-10 6.2535E-10 7.1564E-10 8.2623E-10 9.3947E-10 1.0766E-09 1.2166E-09 1.3814E-09 1.5526E-09 1.7482E-09 1.9543E-09 2.1824E-09 2.4252E-09 2.6875E-09 2.9700E-09 3.2671E-09 3.5886E-09 3.9240E-09 4.2799E-09 4.6497E-09 5.0375E-09 5.4397E-09 5.8569E-09 6.2857E-09 6.7329E-09 7.1837E-09 7.6494E-09 8.1212E-09 8.6003E-09 9.0845E-09 9.5671E-09 1.0047E-08 1.0528E-08 1.0994E-08 1.1436E-08 1.1856E-08 1.2241E-08 1.2582E-08 1.2862E-08 1.3075E-08 1.3201E-08 1.3228E-08 1.3148E-08 1.2953E-08 1.2626E-08 1.2174E-08 1.1601E-08 1.0919E-08 1.0139E-08 9.2816E-09 8.3748E-09
1.7077E-10 2.0639E-10 2.4508E-10 2.9196E-10 3.4048E-10 4.0135E-10 4.6377E-10 5.4234E-10 6.2234E-10 7.2131E-10 8.2226E-10 9.4626E-10 1.0721E-09 1.2212E-09 1.3766E-09 1.5553E-09 1.7437E-09 1.9542E-09 2.1773E-09 2.4209E-09 2.6844E-09 2.9624E-09 3.2668E-09 3.5832E-09 3.9235E-09 4.2786E-09 4.6546E-09 5.0474E-09 5.4574E-09 5.8861E-09 6.3333E-09 6.7918E-09 7.2698E-09 7.7605E-09 8.2658E-09 8.7809E-09 9.3038E-09 9.8410E-09 1.0380E-08 1.0912E-08 1.1439E-08 1.1951E-08 1.2442E-08 1.2892E-08 1.3292E-08 1.3630E-08 1.3894E-08 1.4066E-08 1.4126E-08 1.4048E-08 1.3835E-08 1.3479E-08 1.2975E-08 1.2329E-08 1.1558E-08 1.0684E-08 9.7077E-09
1.4035E-10 1.7161E-10 2.0620E-10 2.4630E-10 2.8968E-10 3.4213E-10 3.9717E-10 4.6647E-10 5.3640E-10 6.2490E-10 7.1422E-10 8.2541E-10 9.3728E-10 1.0715E-09 1.2117E-09 1.3730E-09 1.5448E-09 1.7358E-09 1.9402E-09 2.1649E-09 2.4077E-09 2.6665E-09 2.9502E-09 3.2472E-09 3.5707E-09 3.9070E-09 4.2693E-09 4.6481E-09 5.0484E-09 5.4704E-09 5.9133E-09 6.3761E-09 6.8605E-09 7.3619E-09 7.8869E-09 8.4289E-09 8.9914E-09 9.5738E-09 1.0166E-08 1.0766E-08 1.1376E-08 1.1986E-08 1.2579E-08 1.3146E-08 1.3682E-08 1.4169E-08 1.4586E-08 1.4904E-08 1.5107E-08 1.5175E-08 1.5093E-08 1.4840E-08 1.4420E-08 1.3828E-08 1.3083E-08 1.2175E-08 1.1149E-08
