Assets/Resources/2015_m01_d09_1300(utc+0800)_l00_csi_1hr_conc.grd
DSAA
         159         159
     -79.000      79.000
     -79.000      79.000
  0.6643E-09  0.1087E-04
[rows 25 to 49 of 159, columns 57 to 113 of 159]
1.8879E-09 1.8995E-09 1.9108E-09 1.9219E-09 1.9327E-09 1.9432E-09 1.9534E-09 1.9633E-09 1.9729E-09 1.9822E-09 1.9911E-09 1.9997E-09 2.0080E-09 2.0158E-09 2.0233E-09 2.0303E-09 2.0370E-09 2.0432E-09 2.0491E-09 2.0545E-09 2.0619E-09 2.0664E-09 2.0704E-09 2.0716E-09 2.0747E-09 2.0774E-09 2.0796E-09 2.0814E-09 2.0827E-09 2.0838E-09 2.0844E-09 2.0845E-09 2.0842E-09 2.0835E-09 2.0823E-09 2.0807E-09 2.0787E-09 2.0763E-09 2.0735E-09 2.0703E-09 2.0668E-09 2.0629E-09 2.0586E-09 2.0538E-09 2.0488E-09 2.0432E-09 2.0319E-09 2.0117E-09 1.9958E-09 1.9693E-09 1.9279E-09 1.9216E-09 1.9172E-09 1.9134E-09 1.9105E-09 1.9073E-09 1.9044E-09
1.9233E-09 1.9354E-09 1.9472E-09 1.9587E-09 1.9700E-09 1.9810E-09 1.9917E-09 2.0021E-09 2.0122E-09 2.0220E-09 2.0313E-09 2.0404E-09 2.0490E-09 2.0573E-09 2.0652E-09 2.0758E-09 2.0828E-09 2.0894E-09 2.0955E-09 2.1037E-09 2.1088E-09 2.1135E-09 2.1154E-09 2.1217E-09 2.1249E-09 2.1229E-09 2.1254E-09 2.1273E-09 2.1288E-09 2.1300E-09 2.1307E-09 2.1310E-09 2.1307E-09 2.1301E-09 2.1289E-09 2.1273E-09 2.1253E-09 2.1228E-09 2.1199E-09 2.1167E-09 2.1130E-09 2.1089E-09 2.1044E-09 2.0995E-09 2.0942E-09 2.0884E-09 2.0823E-09 2.0701E-09 2.0509E-09 2.0313E-09 2.0042E-09 1.9708E-09 1.9528E-09 1.9486E-09 1.9446E-09 1.9416E-09 1.9390E-09
1.9593E-09 1.9719E-09 1.9842E-09 1.9963E-09 2.0081E-09 2.0196E-09 2.0308E-09 2.0417E-09 2.0523E-09 2.0625E-09 2.0761E-09 2.0855E-09 2.0946E-09 2.1033E-09 2.1147E-09 2.1225E-09 2.1298E-09 2.1400E-09 2.1463E-09 2.1570E-09 2.1576E-09 2.1626E-09 2.1695E-09 2.1685E-09 2.1720E-09 2.1750E-09 2.1724E-09 2.1745E-09 2.1762E-09 2.1776E-09 2.1784E-09 2.1788E-09 2.1787E-09 2.1781E-09 2.1770E-09 2.1754E-09 2.1733E-09 2.1708E-09 2.1679E-09 2.1645E-09 2.1607E-09 2.1565E-09 2.1518E-09 2.1467E-09 2.1411E-09 2.1351E-09 2.1287E-09 2.1219E-09 2.1111E-09 2.0909E-09 2.0687E-09 2.0397E-09 2.0022E-09 1.9849E-09 1.9800E-09 1.9772E-09 1.9735E-09
1.9959E-09 2.0090E-09 2.0219E-09 2.0345E-09 2.0469E-09 2.0589E-09 2.0707E-09 2.0862E-09 2.0972E-09 2.1116E-09 2.1219E-09 2.1319E-09 2.1414E-09 2.1604E-09 2.1689E-09 2.1770E-09 2.1878E-09 2.1948E-09 2.2014E-09 2.2074E-09 2.2163E-09 2.2212E-09 2.2209E-09 2.2250E-09 2.2285E-09 2.2265E-09 2.2291E-09 2.2312E-09 2.2250E-09 2.2265E-09 2.2275E-09 2.2281E-09 2.2281E-09 2.2275E-09 2.2265E-09 2.2250E-09 2.2229E-09 2.2204E-09 2.2174E-09 2.2140E-09 2.2100E-09 2.2057E-09 2.2008E-09 2.1956E-09 2.1897E-09 2.1834E-09 2.1767E-09 2.1696E-09 2.1621E-09 2.1505E-09 2.1321E-09 2.1066E-09 2.0856E-09 2.0342E-09 2.0174E-09 2.0128E-09 2.0089E-09
2.0332E-09 2.0469E-09 2.0603E-09 2.0735E-09 2.0908E-09 2.1034E-09 2.1198E-09 2.1317E-09 2.1433E-09 2.1659E-09 2.1766E-09 2.1869E-09 2.2006E-09 2.2100E-09 2.2218E-09 2.2341E-09 2.2483E-09 2.2555E-09 2.2622E-09 2.2717E-09 2.2748E-09 2.2799E-09 2.2878E-09 2.2815E-09 2.2852E-09 2.2883E-09 2.2828E-09 2.2850E-09 2.2868E-09 2.2768E-09 2.2781E-09 2.2788E-09 2.2789E-09 2.2785E-09 2.2776E-09 2.2761E-09 2.2741E-09 2.2716E-09 2.2686E-09 2.2650E-09 2.2610E-09 2.2566E-09 2.2515E-09 2.2461E-09 2.2400E-09 2.2335E-09 2.2265E-09 2.2190E-09 2.2111E-09 2.2029E-09 2.1909E-09 2.1716E-09 2.1479E-09 2.1227E-09 2.0826E-09 2.0499E-09 2.0462E-09
2.0711E-09 2.0901E-09 2.1086E-09 2.1223E-09 2.1358E-09 2.1571E-09 2.1744E-09 2.1869E-09 2.2032E-09 2.2183E-09 2.2295E-09 2.2521E-09 2.2623E-09 2.2720E-09 2.2852E-09 2.2939E-09 2.3047E-09 2.3151E-09 2.3326E-09 2.3364E-09 2.3421E-09 2.3506E-09 2.3500E-09 2.3540E-09 2.3573E-09 2.3442E-09 2.3470E-09 2.3491E-09 2.3396E-09 2.3411E-09 2.3421E-09 2.3310E-09 2.3313E-09 2.3311E-09 2.3303E-09 2.3289E-09 2.3269E-09 2.3244E-09 2.3214E-09 2.3178E-09 2.3137E-09 2.3091E-09 2.3040E-09 2.2984E-09 2.2921E-09 2.2854E-09 2.2780E-09 2.2702E-09 2.2619E-09 2.2533E-09 2.2446E-09 2.2320E-09 2.2100E-09 2.1834E-09 2.1591E-09 2.1170E-09 2.0835E-09
2.1194E-09 2.1343E-09 2.1578E-09 2.1771E-09 2.1911E-09 2.2134E-09 2.2268E-09 2.2482E-09 2.2655E-09 2.2776E-09 2.2937E-09 2.3082E-09 2.3224E-09 2.3403E-09 2.3600E-09 2.3688E-09 2.3811E-09 2.3887E-09 2.3957E-09 2.4029E-09 2.4087E-09 2.4156E-09 2.4201E-09 2.4187E-09 2.4195E-09 2.4225E-09 2.4021E-09 2.4045E-09 2.4063E-09 2.3957E-09 2.3970E-09 2.3977E-09 2.3853E-09 2.3852E-09 2.3845E-09 2.3833E-09 2.3814E-09 2.3789E-09 2.3759E-09 2.3723E-09 2.3682E-09 2.3635E-09 2.3583E-09 2.3525E-09 2.3460E-09 2.3391E-09 2.3313E-09 2.3233E-09 2.3146E-09 2.3057E-09 2.2964E-09 2.2872E-09 2.2723E-09 2.2467E-09 2.2194E-09 2.1952E-09 2.1514E-09
2.1687E-09 2.1895E-09 2.2140E-09 2.2290E-09 2.2529E-09 2.2724E-09 2.2901E-09 2.3085E-09 2.3257E-09 2.3451E-09 2.3659E-09 2.3825E-09 2.3935E-09 2.4119E-09 2.4254E-09 2.4346E-09 2.4512E-09 2.4647E-09 2.4718E-09 2.4782E-09 2.4840E-09 2.4792E-09 2.4818E-09 2.4860E-09 2.4895E-09 2.4813E-09 2.4839E-09 2.4858E-09 2.4636E-09 2.4652E-09 2.4663E-09 2.4544E-09 2.4547E-09 2.4510E-09 2.4405E-09 2.4393E-09 2.4376E-09 2.4352E-09 2.4322E-09 2.4286E-09 2.4244E-09 2.4197E-09 2.4144E-09 2.4085E-09 2.4018E-09 2.3947E-09 2.3866E-09 2.3784E-09 2.3692E-09 2.3599E-09 2.3501E-09 2.3405E-09 2.3296E-09 2.3101E-09 2.2838E-09 2.2558E-09 2.2310E-09
2.2253E-09 2.2514E-09 2.2674E-09 2.2927E-09 2.3178E-09 2.3405E-09 2.3646E-09 2.3787E-09 2.3978E-09 2.4199E-09 2.4367E-09 2.4559E-09 2.4764E-09 2.4872E-09 2.4974E-09 2.5070E-09 2.5193E-09 2.5313E-09 2.5388E-09 2.5515E-09 2.5574E-09 2.5626E-09 2.5512E-09 2.5556E-09 2.5511E-09 2.5544E-09 2.5539E-09 2.5472E-09 2.5488E-09 2.5245E-09 2.5259E-09 2.5266E-09 2.5134E-09 2.5132E-09 2.5124E-09 2.4971E-09 2.4955E-09 2.4932E-09 2.4903E-09 2.4867E-09 2.4826E-09 2.4778E-09 2.4724E-09 2.4663E-09 2.4595E-09 2.4522E-09 2.4439E-09 2.4353E-09 2.4258E-09 2.4161E-09 2.4058E-09 2.3959E-09 2.3850E-09 2.3684E-09 2.3483E-09 2.3213E-09 2.2937E-09
2.2889E-09 2.3194E-09 2.3416E-09 2.3683E-09 2.3843E-09 2.4101E-09 2.4307E-09 2.4583E-09 2.4726E-09 2.4963E-09 2.5096E-09 2.5262E-09 2.5427E-09 2.5541E-09 2.5721E-09 2.5821E-09 2.5914E-09 2.6001E-09 2.6115E-09 2.6187E-09 2.6251E-09 2.6307E-09 2.6414E-09 2.6454E-09 2.6266E-09 2.6183E-09 2.6212E-09 2.6234E-09 2.6125E-09 2.6136E-09 2.6143E-09 2.5883E-09 2.5886E-09 2.5846E-09 2.5733E-09 2.5720E-09 2.5627E-09 2.5531E-09 2.5503E-09 2.5467E-09 2.5426E-09 2.5378E-09 2.5324E-09 2.5262E-09 2.5193E-09 2.5117E-09 2.5033E-09 2.4943E-09 2.4845E-09 2.4744E-09 2.4636E-09 2.4532E-09 2.4421E-09 2.4249E-09 2.4077E-09 2.3868E-09 2.3578E-09
2.3541E-09 2.3829E-09 2.4052E-09 2.4284E-09 2.4650E-09 2.4815E-09 2.5083E-09 2.5283E-09 2.5434E-09 2.5628E-09 2.5850E-09 2.5983E-09 2.6110E-09 2.6273E-09 2.6386E-09 2.6493E-09 2.6668E-09 2.6759E-09 2.6842E-09 2.6918E-09 2.6986E-09 2.7046E-09 2.7098E-09 2.7143E-09 2.7179E-09 2.6972E-09 2.7001E-09 2.6902E-09 2.6919E-09 2.6864E-09 2.6807E-09 2.6809E-09 2.6526E-09 2.6523E-09 2.6513E-09 2.6351E-09 2.6332E-09 2.6267E-09 2.6121E-09 2.6087E-09 2.6046E-09 2.5998E-09 2.5944E-09 2.5881E-09 2.5812E-09 2.5734E-09 2.5647E-09 2.5555E-09 2.5453E-09 2.5348E-09 2.5236E-09 2.5127E-09 2.5011E-09 2.4837E-09 2.4652E-09 2.4473E-09 2.4259E-09
2.4243E-09 2.4642E-09 2.4826E-09 2.5122E-09 2.5349E-09 2.5522E-09 2.5837E-09 2.6000E-09 2.6159E-09 2.6312E-09 2.6506E-09 2.6647E-09 2.6868E-09 2.6996E-09 2.7116E-09 2.7229E-09 2.7335E-09 2.7434E-09 2.7525E-09 2.7607E-09 2.7682E-09 2.7748E-09 2.7806E-09 2.7855E-09 2.7896E-09 2.7929E-09 2.7953E-09 2.7726E-09 2.7614E-09 2.7627E-09 2.7634E-09 2.7499E-09 2.7495E-09 2.7412E-09 2.7179E-09 2.7164E-09 2.7025E-09 2.6960E-09 2.6928E-09 2.6726E-09 2.6686E-09 2.6639E-09 2.6585E-09 2.6522E-09 2.6451E-09 2.6372E-09 2.6284E-09 2.6188E-09 2.6084E-09 2.5974E-09 2.5859E-09 2.5744E-09 2.5623E-09 2.5449E-09 2.5251E-09 2.5059E-09 2.4873E-09
2.4962E-09 2.5334E-09 2.5528E-09 2.5877E-09 2.6064E-09 2.6246E-09 2.6475E-09 2.6648E-09 2.6913E-09 2.7074E-09 2.7230E-09 2.7379E-09 2.7522E-09 2.7658E-09 2.7787E-09 2.7909E-09 2.8023E-09 2.8130E-09 2.8228E-09 2.8318E-09 2.8400E-09 2.8473E-09 2.8537E-09 2.8592E-09 2.8638E-09 2.8676E-09 2.8705E-09 2.8724E-09 2.8474E-09 2.8453E-09 2.8359E-09 2.8363E-09 2.8249E-09 2.8203E-09 2.8185E-09 2.7854E-09 2.7832E-09 2.7762E-09 2.7605E-09 2.7567E-09 2.7436E-09 2.7300E-09 2.7246E-09 2.7183E-09 2.7113E-09 2.7032E-09 2.6943E-09 2.6845E-09 2.6739E-09 2.6624E-09 2.6505E-09 2.6384E-09 2.6260E-09 2.6085E-09 2.5874E-09 2.5669E-09 2.5469E-09
2.5774E-09 2.6042E-09 2.6247E-09 2.6447E-09 2.6700E-09 2.6998E-09 2.7186E-09 2.7368E-09 2.7545E-09 2.7717E-09 2.7882E-09 2.8041E-09 2.8194E-09 2.8340E-09 2.8478E-09 2.8609E-09 2.8732E-09 2.8847E-09 2.8954E-09 2.9052E-09 2.9141E-09 2.9221E-09 2.9292E-09 2.9354E-09 2.9406E-09 2.9450E-09 2.9484E-09 2.9508E-09 2.9522E-09 2.9459E-09 2.9257E-09 2.9117E-09 2.9115E-09 2.9065E-09 2.8932E-09 2.8908E-09 2.8632E-09 2.8520E-09 2.8484E-09 2.8268E-09 2.8222E-09 2.8125E-09 2.7930E-09 2.7868E-09 2.7798E-09 2.7716E-09 2.7626E-09 2.7524E-09 2.7417E-09 2.7298E-09 2.7175E-09 2.7049E-09 2.6921E-09 2.6748E-09 2.6523E-09 2.6303E-09 2.6090E-09
2.6386E-09 2.6663E-09 2.6992E-09 2.7203E-09 2.7411E-09 2.7614E-09 2.7812E-09 2.8006E-09 2.8194E-09 2.8376E-09 2.8552E-09 2.8721E-09 2.8884E-09 2.9040E-09 2.9188E-09 2.9329E-09 2.9462E-09 2.9586E-09 2.9702E-09 2.9808E-09 2.9906E-09 2.9994E-09 3.0072E-09 3.0141E-09 3.0201E-09 3.0250E-09 3.0290E-09 3.0320E-09 3.0339E-09 3.0349E-09 3.0349E-09 3.0055E-09 2.9938E-09 2.9891E-09 2.9872E-09 2.9684E-09 2.9653E-09 2.9442E-09 2.9227E-09 2.9184E-09 2.8996E-09 2.8896E-09 2.8788E-09 2.8574E-09 2.8505E-09 2.8422E-09 2.8333E-09 2.8229E-09 2.8120E-09 2.7997E-09 2.7871E-09 2.7739E-09 2.7607E-09 2.7437E-09 2.7198E-09 2.6964E-09 2.6736E-09
2.7131E-09 2.7361E-09 2.7588E-09 2.7811E-09 2.8030E-09 2.8244E-09 2.8454E-09 2.8659E-09 2.8858E-09 2.9051E-09 2.9238E-09 2.9419E-09 2.9593E-09 2.9760E-09 2.9919E-09 3.0070E-09 3.0213E-09 3.0347E-09 3.0472E-09 3.0588E-09 3.0695E-09 3.0792E-09 3.0879E-09 3.0955E-09 3.1022E-09 3.1079E-09 3.1125E-09 3.1161E-09 3.1186E-09 3.1200E-09 3.1205E-09 3.1202E-09 3.1038E-09 3.0830E-09 3.0692E-09 3.0667E-09 3.0504E-09 3.0421E-09 3.0283E-09 2.9955E-09 2.9904E-09 2.9750E-09 2.9588E-09 2.9519E-09 2.9290E-09 2.9153E-09 2.9064E-09 2.8958E-09 2.8848E-09 2.8721E-09 2.8593E-09 2.8454E-09 2.8320E-09 2.8155E-09 2.7901E-09 2.7651E-09 2.7408E-09
2.7716E-09 2.7958E-09 2.8197E-09 2.8432E-09 2.8663E-09 2.8889E-09 2.9111E-09 2.9327E-09 2.9538E-09 2.9744E-09 2.9943E-09 3.0135E-09 3.0321E-09 3.0499E-09 3.0669E-09 3.0831E-09 3.0985E-09 3.1130E-09 3.1266E-09 3.1392E-09 3.1509E-09 3.1615E-09 3.1711E-09 3.1796E-09 3.1871E-09 3.1936E-09 3.1989E-09 3.2032E-09 3.2063E-09 3.2083E-09 3.2093E-09 3.2095E-09 3.2086E-09 3.1985E-09 3.1716E-09 3.1520E-09 3.1487E-09 3.1354E-09 3.1214E-09 3.1157E-09 3.0805E-09 3.0646E-09 3.0528E-09 3.0298E-09 3.0220E-09 3.0023E-09 2.9819E-09 2.9712E-09 2.9600E-09 2.9471E-09 2.9341E-09 2.9197E-09 2.9060E-09 2.8903E-09 2.8632E-09 2.8367E-09 2.8108E-09
2.8314E-09 2.8568E-09 2.8819E-09 2.9066E-09 2.9309E-09 2.9548E-09 2.9782E-09 3.0012E-09 3.0235E-09 3.0453E-09 3.0664E-09 3.0869E-09 3.1067E-09 3.1258E-09 3.1440E-09 3.1614E-09 3.1780E-09 3.1936E-09 3.2083E-09 3.2221E-09 3.2348E-09 3.2464E-09 3.2570E-09 3.2665E-09 3.2749E-09 3.2822E-09 3.2884E-09 3.2934E-09 3.2972E-09 3.2999E-09 3.3014E-09 3.3022E-09 3.3017E-09 3.3000E-09 3.2971E-09 3.2591E-09 3.2422E-09 3.2334E-09 3.2236E-09 3.2031E-09 3.1966E-09 3.1691E-09 3.1408E-09 3.1279E-09 3.1027E-09 3.0937E-09 3.0723E-09 3.0493E-09 3.0379E-09 3.0249E-09 3.0114E-09 2.9967E-09 2.9826E-09 2.9670E-09 2.9394E-09 2.9112E-09 2.8836E-09
2.8922E-09 2.9189E-09 2.9453E-09 2.9713E-09 2.9970E-09 3.0222E-09 3.0469E-09 3.0711E-09 3.0948E-09 3.1179E-09 3.1404E-09 3.1622E-09 3.1833E-09 3.2036E-09 3.2232E-09 3.2419E-09 3.2597E-09 3.2766E-09 3.2925E-09 3.3074E-09 3.3212E-09 3.3340E-09 3.3457E-09 3.3561E-09 3.3656E-09 3.3738E-09 3.3809E-09 3.3868E-09 3.3914E-09 3.3948E-09 3.3970E-09 3.3983E-09 3.3984E-09 3.3973E-09 3.3948E-09 3.3911E-09 3.3591E-09 3.3358E-09 3.3210E-09 3.3149E-09 3.2927E-09 3.2800E-09 3.2501E-09 3.2194E-09 3.2107E-09 3.1836E-09 3.1672E-09 3.1496E-09 3.1185E-09 3.1054E-09 3.0916E-09 3.0766E-09 3.0620E-09 3.0460E-09 3.0186E-09 2.9887E-09 2.9594E-09
2.9543E-09 2.9823E-09 3.0100E-09 3.0374E-09 3.0644E-09 3.0910E-09 3.1171E-09 3.1427E-09 3.1678E-09 3.1923E-09 3.2161E-09 3.2393E-09 3.2618E-09 3.2835E-09 3.3044E-09 3.3245E-09 3.3436E-09 3.3618E-09 3.3790E-09 3.3952E-09 3.4103E-09 3.4243E-09 3.4371E-09 3.4487E-09 3.4592E-09 3.4685E-09 3.4765E-09 3.4834E-09 3.4889E-09 3.4931E-09 3.4961E-09 3.4980E-09 3.4988E-09 3.4983E-09 3.4963E-09 3.4930E-09 3.4884E-09 3.4635E-09 3.4330E-09 3.4115E-09 3.4045E-09 3.3858E-09 3.3661E-09 3.3455E-09 3.3000E-09 3.2903E-09 3.2605E-09 3.2422E-09 3.2230E-09 3.1958E-09 3.1746E-09 3.1593E-09 3.1442E-09 3.1280E-09 3.1011E-09 3.0694E-09 3.0384E-09
3.0174E-09 3.0468E-09 3.0760E-09 3.1048E-09 3.1332E-09 3.1612E-09 3.1888E-09 3.2158E-09 3.2424E-09 3.2683E-09 3.2937E-09 3.3183E-09 3.3423E-09 3.3654E-09 3.3878E-09 3.4093E-09 3.4299E-09 3.4495E-09 3.4681E-09 3.4856E-09 3.5020E-09 3.5173E-09 3.5314E-09 3.5442E-09 3.5559E-09 3.5663E-09 3.5754E-09 3.5833E-09 3.5898E-09 3.5950E-09 3.5988E-09 3.6014E-09 3.6030E-09 3.6032E-09 3.6018E-09 3.5991E-09 3.5949E-09 3.5893E-09 3.5724E-09 3.5339E-09 3.5106E-09 3.4971E-09 3.4766E-09 3.4552E-09 3.4324E-09 3.3964E-09 3.3718E-09 3.3463E-09 3.3190E-09 3.2979E-09 3.2683E-09 3.2451E-09 3.2295E-09 3.2131E-09 3.1869E-09 3.1534E-09 3.1205E-09
3.0817E-09 3.1126E-09 3.1432E-09 3.1734E-09 3.2033E-09 3.2329E-09 3.2619E-09 3.2905E-09 3.3186E-09 3.3461E-09 3.3730E-09 3.3992E-09 3.4247E-09 3.4494E-09 3.4733E-09 3.4963E-09 3.5184E-09 3.5395E-09 3.5596E-09 3.5786E-09 3.5964E-09 3.6131E-09 3.6286E-09 3.6427E-09 3.6556E-09 3.6673E-09 3.6776E-09 3.6866E-09 3.6943E-09 3.7004E-09 3.7052E-09 3.7087E-09 3.7112E-09 3.7121E-09 3.7115E-09 3.7093E-09 3.7057E-09 3.7005E-09 3.6939E-09 3.6859E-09 3.6448E-09 3.6079E-09 3.5928E-09 3.5706E-09 3.5469E-09 3.5223E-09 3.4825E-09 3.4557E-09 3.4274E-09 3.3977E-09 3.3743E-09 3.3424E-09 3.3179E-09 3.3014E-09 3.2761E-09 3.2408E-09 3.2060E-09
3.1472E-09 3.1795E-09 3.2116E-09 3.2434E-09 3.2749E-09 3.3059E-09 3.3366E-09 3.3668E-09 3.3965E-09 3.4256E-09 3.4541E-09 3.4819E-09 3.5091E-09 3.5354E-09 3.5609E-09 3.5856E-09 3.6093E-09 3.6320E-09 3.6536E-09 3.6742E-09 3.6936E-09 3.7117E-09 3.7286E-09 3.7442E-09 3.7585E-09 3.7715E-09 3.7832E-09 3.7934E-09 3.8023E-09 3.8096E-09 3.8154E-09 3.8199E-09 3.8233E-09 3.8251E-09 3.8253E-09 3.8239E-09 3.8209E-09 3.8163E-09 3.8102E-09 3.8025E-09 3.7934E-09 3.7487E-09 3.7149E-09 3.6921E-09 3.6743E-09 3.6419E-09 3.6282E-09 3.5715E-09 3.5412E-09 3.5110E-09 3.4778E-09 3.4531E-09 3.4188E-09 3.3929E-09 3.3688E-09 3.3317E-09 3.2949E-09
3.2137E-09 3.2476E-09 3.2813E-09 3.3146E-09 3.3477E-09 3.3804E-09 3.4128E-09 3.4446E-09 3.4760E-09 3.5068E-09 3.5370E-09 3.5666E-09 3.5954E-09 3.6235E-09 3.6507E-09 3.6771E-09 3.7025E-09 3.7269E-09 3.7502E-09 3.7724E-09 3.7934E-09 3.8132E-09 3.8317E-09 3.8488E-09 3.8646E-09 3.8791E-09 3.8921E-09 3.9038E-09 3.9139E-09 3.9225E-09 3.9295E-09 3.9351E-09 3.9396E-09 3.9424E-09 3.9436E-09 3.9430E-09 3.9408E-09 3.9368E-09 3.9313E-09 3.9241E-09 3.9153E-09 3.9050E-09 3.8694E-09 3.8198E-09 3.7947E-09 3.7754E-09 3.7469E-09 3.7250E-09 3.6784E-09 3.6300E-09 3.5959E-09 3.5608E-09 3.5339E-09 3.4980E-09 3.4652E-09 3.4261E-09 3.3873E-09
3.2813E-09 3.3168E-09 3.3521E-09 3.3872E-09 3.4219E-09 3.4564E-09 3.4904E-09 3.5240E-09 3.5571E-09 3.5897E-09 3.6217E-09 3.6531E-09 3.6837E-09 3.7136E-09 3.7426E-09 3.7708E-09 3.7980E-09 3.8242E-09 3.8493E-09 3.8733E-09 3.8961E-09 3.9176E-09 3.9378E-09 3.9566E-09 3.9739E-09 3.9900E-09 4.0046E-09 4.0177E-09 4.0293E-09 4.0393E-09 4.0476E-09 4.0545E-09 4.0601E-09 4.0641E-09 4.0663E-09 4.0667E-09 4.0653E-09 4.0622E-09 4.0573E-09 4.0507E-09 4.0424E-09 4.0325E-09 4.0211E-09 3.9825E-09 3.9355E-09 3.9011E-09 3.8795E-09 3.8490E-09 3.8238E-09 3.7744E-09 3.7200E-09 3.6938E-09 3.6555E-09 3.6186E-09 3.5860E-09 3.5243E-09 3.4834E-09
