Assets/Resources/2015_m01_d26_2100(utc+0800)_l00_csi_1hr_conc.grd
DSAA
         159         159
     -79.000      79.000
     -79.000      79.000
  0.0000E+00  0.2647E-05
[rows 0 to 24 of 159, columns 0 to 56 of 159]
0.0000E+00 0.0000E+00 0.0000E+00 9.9299E-13 2.3044E-12 4.5830E-12 7.6659E-12 1.1563E-11 1.6454E-11 2.3184E-11 3.1242E-11 4.1019E-11 5.3317E-11 6.9914E-11 8.8131E-11 1.1168E-10 1.4009E-10 1.7442E-10 2.1616E-10 2.6643E-10 3.2770E-10 4.0047E-10 4.8522E-10 5.8716E-10 7.0578E-10 8.4518E-10 1.0065E-09 1.1922E-09 1.4048E-09 1.6453E-09 1.9181E-09 2.2255E-09 2.5687E-09 2.9486E-09 3.3646E-09 3.8143E-09 4.2967E-09 4.8063E-09 5.3366E-09 5.8812E-09 6.4279E-09 6.9667E-09 7.4854E-09 7.9696E-09 8.4051E-09 8.7769E-09 9.0697E-09 9.2724E-09 9.3707E-09 9.3597E-09 9.2346E-09 8.9952E-09 8.6496E-09 8.2064E-09 7.6802E-09 7.0870E-09 6.4459E-09
0.0000E+00 0.0000E+00 0.0000E+00 9.7033E-13 2.1595E-12 4.5036E-12 7.5361E-12 1.1391E-11 1.6236E-11 2.2923E-11 3.0936E-11 4.0661E-11 5.2941E-11 6.9397E-11 8.7757E-11 1.1140E-10 1.3946E-10 1.7395E-10 2.1588E-10 2.6610E-10 3.2761E-10 4.0112E-10 4.8679E-10 5.8963E-10 7.1060E-10 8.5275E-10 1.0166E-09 1.2070E-09 1.4255E-09 1.6753E-09 1.9579E-09 2.2777E-09 2.6345E-09 3.0326E-09 3.4688E-09 3.9447E-09 4.4576E-09 5.0009E-09 5.5708E-09 6.1579E-09 6.7524E-09 7.3433E-09 7.9163E-09 8.4561E-09 8.9482E-09 9.3743E-09 9.7186E-09 9.9635E-09 1.0098E-08 1.0113E-08 1.0004E-08 9.7724E-09 9.4199E-09 8.9592E-09 8.4028E-09 7.7700E-09 7.0832E-09
0.0000E+00 0.0000E+00 0.0000E+00 9.4040E-13 1.9250E-12 4.3913E-12 7.3523E-12 1.1137E-11 1.5900E-11 2.2496E-11 3.0365E-11 4.0003E-11 5.2076E-11 6.8393E-11 8.6598E-11 1.0990E-10 1.3785E-10 1.7231E-10 2.1333E-10 2.6333E-10 3.2443E-10 3.9822E-10 4.8406E-10 5.8722E-10 7.0883E-10 8.5204E-10 1.0181E-09 1.2122E-09 1.4346E-09 1.6902E-09 1.9799E-09 2.3087E-09 2.6789E-09 3.0918E-09 3.5471E-09 4.0457E-09 4.5839E-09 5.1598E-09 5.7663E-09 6.3952E-09 7.0367E-09 7.6785E-09 8.3061E-09 8.9047E-09 9.4544E-09 9.9373E-09 1.0333E-08 1.0627E-08 1.0805E-08 1.0853E-08 1.0769E-08 1.0546E-08 1.0193E-08 9.7188E-09 9.1380E-09 8.4708E-09 7.7374E-09
0.0000E+00 0.0000E+00 0.0000E+00 9.0392E-13 1.6785E-12 4.2487E-12 7.1183E-12 1.0807E-11 1.5454E-11 2.1911E-11 2.9520E-11 3.8984E-11 5.0881E-11 6.6616E-11 8.4512E-11 1.0766E-10 1.3516E-10 1.6876E-10 2.0903E-10 2.5828E-10 3.1728E-10 3.9184E-10 4.7743E-10 5.7990E-10 7.0060E-10 8.4463E-10 1.0104E-09 1.2051E-09 1.4303E-09 1.6893E-09 1.9861E-09 2.3208E-09 2.7002E-09 3.1231E-09 3.5950E-09 4.1119E-09 4.6750E-09 5.2794E-09 5.9183E-09 6.5864E-09 7.2723E-09 7.9637E-09 8.6472E-09 9.3018E-09 9.9108E-09 1.0452E-08 1.0906E-08 1.1254E-08 1.1477E-08 1.1565E-08 1.1508E-08 1.1306E-08 1.0959E-08 1.0477E-08 9.8773E-09 9.1768E-09 8.4042E-09
0.0000E+00 0.0000E+00 0.0000E+00 7.4215E-13 1.6052E-12 4.0789E-12 6.8395E-12 1.0408E-11 1.4908E-11 2.1183E-11 2.8451E-11 3.7651E-11 4.9022E-11 6.4424E-11 8.1870E-11 1.0435E-10 1.3108E-10 1.6399E-10 2.0302E-10 2.5095E-10 3.0906E-10 3.7895E-10 4.6660E-10 5.6740E-10 6.8698E-10 8.2855E-10 9.9342E-10 1.1882E-09 1.4136E-09 1.6731E-09 1.9721E-09 2.3112E-09 2.6953E-09 3.1292E-09 3.6113E-09 4.1432E-09 4.7252E-09 5.3524E-09 6.0223E-09 6.7258E-09 7.4530E-09 8.1932E-09 8.9271E-09 9.6389E-09 1.0306E-08 1.0908E-08 1.1422E-08 1.1826E-08 1.2105E-08 1.2238E-08 1.2220E-08 1.2041E-08 1.1706E-08 1.1226E-08 1.0612E-08 9.8884E-09 9.0773E-09
0.0000E+00 0.0000E+00 0.0000E+00 1.7472E-13 1.5231E-12 3.8856E-12 6.5218E-12 9.9484E-12 1.4273E-11 2.0400E-11 2.7312E-11 3.5749E-11 4.6945E-11 6.1742E-11 7.8437E-11 1.0001E-10 1.2622E-10 1.5731E-10 1.9569E-10 2.4198E-10 2.9817E-10 3.6648E-10 4.4996E-10 5.5032E-10 6.6710E-10 8.0546E-10 9.6828E-10 1.1597E-09 1.3833E-09 1.6417E-09 1.9409E-09 2.2818E-09 2.6673E-09 3.1049E-09 3.5932E-09 4.1367E-09 4.7328E-09 5.3809E-09 6.0740E-09 6.8077E-09 7.5738E-09 8.3556E-09 9.1399E-09 9.9056E-09 1.0632E-08 1.1296E-08 1.1872E-08 1.2339E-08 1.2674E-08 1.2860E-08 1.2884E-08 1.2739E-08 1.2426E-08 1.1952E-08 1.1333E-08 1.0589E-08 9.7479E-09
0.0000E+00 0.0000E+00 0.0000E+00 0.0000E+00 1.4339E-12 3.6149E-12 6.1717E-12 9.4376E-12 1.3646E-11 1.9390E-11 2.5910E-11 3.3901E-11 4.4376E-11 5.8438E-11 7.4290E-11 9.5183E-11 1.2011E-10 1.4976E-10 1.8684E-10 2.3142E-10 2.8551E-10 3.5069E-10 4.2867E-10 5.2883E-10 6.4202E-10 7.7636E-10 9.3413E-10 1.1218E-09 1.3411E-09 1.5959E-09 1.8907E-09 2.2295E-09 2.6145E-09 3.0524E-09 3.5442E-09 4.0918E-09 4.6970E-09 5.3573E-09 6.0702E-09 6.8319E-09 7.6281E-09 8.4490E-09 9.2778E-09 1.0096E-08 1.0880E-08 1.1604E-08 1.2245E-08 1.2777E-08 1.3175E-08 1.3419E-08 1.3494E-08 1.3391E-08 1.3105E-08 1.2651E-08 1.2034E-08 1.1280E-08 1.0414E-08
0.0000E+00 0.0000E+00 0.0000E+00 0.0000E+00 1.3394E-12 2.6190E-12 5.7962E-12 8.9630E-12 1.2795E-11 1.8204E-11 2.4470E-11 3.1958E-11 4.1485E-11 5.4466E-11 6.9585E-11 8.9497E-11 1.1318E-10 1.4168E-10 1.7625E-10 2.1839E-10 2.6992E-10 3.3240E-10 4.0783E-10 4.9581E-10 6.1232E-10 7.4105E-10 8.9281E-10 1.0745E-09 1.2874E-09 1.5359E-09 1.8249E-09 2.1582E-09 2.5394E-09 2.9707E-09 3.4606E-09 4.0082E-09 4.6183E-09 5.2865E-09 6.0134E-09 6.7913E-09 7.6137E-09 8.4674E-09 9.3378E-09 1.0204E-08 1.1041E-08 1.1828E-08 1.2535E-08 1.3133E-08 1.3598E-08 1.3905E-08 1.4039E-08 1.3984E-08 1.3740E-08 1.3309E-08 1.2703E-08 1.1945E-08 1.1061E-08
0.0000E+00 0.0000E+00 0.0000E+00 0.0000E+00 1.0654E-12 2.4602E-12 5.4478E-12 8.2849E-12 1.1903E-11 1.7030E-11 2.2791E-11 2.9318E-11 3.8327E-11 5.0457E-11 6.4637E-11 8.2926E-11 1.0580E-10 1.3244E-10 1.6523E-10 2.0460E-10 2.5362E-10 3.1188E-10 3.8320E-10 4.6842E-10 5.6966E-10 7.0079E-10 8.4554E-10 1.0189E-09 1.2241E-09 1.4636E-09 1.7431E-09 2.0670E-09 2.4402E-09 2.8649E-09 3.3473E-09 3.8901E-09 4.4958E-09 5.1661E-09 5.8984E-09 6.6898E-09 7.5321E-09 8.4122E-09 9.3166E-09 1.0224E-08 1.1116E-08 1.1960E-08 1.2731E-08 1.3399E-08 1.3934E-08 1.4311E-08 1.4508E-08 1.4512E-08 1.4314E-08 1.3919E-08 1.3336E-08 1.2585E-08 1.1694E-08
0.0000E+00 0.0000E+00 0.0000E+00 0.0000E+00 3.7021E-13 2.2611E-12 4.9652E-12 7.6412E-12 1.0986E-11 1.5645E-11 2.0985E-11 2.7107E-11 3.5042E-11 4.6262E-11 5.9095E-11 7.6089E-11 9.7507E-11 1.2294E-10 1.5272E-10 1.9006E-10 2.3523E-10 2.8986E-10 3.5693E-10 4.3719E-10 5.3112E-10 6.5276E-10 7.9283E-10 9.5669E-10 1.1515E-09 1.3801E-09 1.6485E-09 1.9608E-09 2.3215E-09 2.7345E-09 3.2034E-09 3.7364E-09 4.3346E-09 5.0009E-09 5.7319E-09 6.5278E-09 7.3809E-09 8.2808E-09 9.2130E-09 1.0161E-08 1.1097E-08 1.1998E-08 1.2833E-08 1.3569E-08 1.4177E-08 1.4625E-08 1.4896E-08 1.4966E-08 1.4826E-08 1.4475E-08 1.3922E-08 1.3185E-08 1.2292E-08
0.0000E+00 0.0000E+00 0.0000E+00 0.0000E+00 3.2737E-13 2.0422E-12 3.3655E-12 6.9237E-12 9.9248E-12 1.4252E-11 1.9164E-11 2.4662E-11 3.1882E-11 4.2081E-11 5.3423E-11 6.8947E-11 8.9220E-11 1.1264E-10 1.4022E-10 1.7427E-10 2.1557E-10 2.6674E-10 3.2918E-10 4.0434E-10 4.9317E-10 5.9390E-10 7.3602E-10 8.8906E-10 1.0719E-09 1.2882E-09 1.5423E-09 1.8398E-09 2.1846E-09 2.5835E-09 3.0373E-09 3.5537E-09 4.1376E-09 4.7912E-09 5.5151E-09 6.3098E-09 7.1671E-09 8.0784E-09 9.0331E-09 1.0010E-08 1.0988E-08 1.1941E-08 1.2834E-08 1.3640E-08 1.4321E-08 1.4851E-08 1.5196E-08 1.5337E-08 1.5261E-08 1.4964E-08 1.4454E-08 1.3743E-08 1.2861E-08
0.0000E+00 0.0000E+00 0.0000E+00 0.0000E+00 0.0000E+00 7.0500E-13 2.6717E-12 5.5135E-12 8.9405E-12 1.2798E-11 1.7200E-11 2.2270E-11 2.8458E-11 3.7222E-11 4.7922E-11 6.2165E-11 7.9831E-11 1.0164E-10 1.2775E-10 1.5772E-10 1.9664E-10 2.4241E-10 2.9946E-10 3.6821E-10 4.5191E-10 5.4662E-10 6.6090E-10 8.1701E-10 9.8739E-10 1.1889E-09 1.4283E-09 1.7085E-09 2.0347E-09 2.4137E-09 2.8481E-09 3.3433E-09 3.9100E-09 4.5456E-09 5.2562E-09 6.0389E-09 6.8923E-09 7.8099E-09 8.7766E-09 9.7786E-09 1.0792E-08 1.1787E-08 1.2740E-08 1.3612E-08 1.4368E-08 1.4974E-08 1.5400E-08 1.5622E-08 1.5620E-08 1.5387E-08 1.4925E-08 1.4250E-08 1.3387E-08
0.0000E+00 0.0000E+00 0.0000E+00 0.0000E+00 0.0000E+00 0.0000E+00 1.7093E-12 4.5402E-12 7.2342E-12 1.1019E-11 1.5358E-11 1.9845E-11 2.5374E-11 3.2906E-11 4.2316E-11 5.4782E-11 7.0830E-11 9.0959E-11 1.1453E-10 1.4241E-10 1.7611E-10 2.1852E-10 2.7047E-10 3.3325E-10 4.0912E-10 4.9685E-10 5.9849E-10 7.3457E-10 8.9844E-10 1.0857E-09 1.3075E-09 1.5682E-09 1.8741E-09 2.2308E-09 2.6433E-09 3.1152E-09 3.6550E-09 4.2684E-09 4.9583E-09 5.7252E-09 6.5693E-09 7.4808E-09 8.4532E-09 9.4699E-09 1.0508E-08 1.1547E-08 1.2549E-08 1.3483E-08 1.4313E-08 1.5000E-08 1.5513E-08 1.5816E-08 1.5893E-08 1.5731E-08 1.5332E-08 1.4704E-08 1.3871E-08
0.0000E+00 0.0000E+00 0.0000E+00 0.0000E+00 0.0000E+00 0.0000E+00 0.0000E+00 2.5785E-12 5.3598E-12 8.6881E-12 1.2790E-11 1.7455E-11 2.2451E-11 2.8810E-11 3.6939E-11 4.8272E-11 6.2351E-11 7.9278E-11 1.0187E-10 1.2699E-10 1.5653E-10 1.9496E-10 2.3970E-10 2.9658E-10 3.6607E-10 4.4694E-10 5.4038E-10 6.4826E-10 8.0479E-10 9.7876E-10 1.1835E-09 1.4242E-09 1.7071E-09 2.0384E-09 2.4246E-09 2.8709E-09 3.3823E-09 3.9694E-09 4.6308E-09 5.3747E-09 6.1983E-09 7.0994E-09 8.0685E-09 9.0915E-09 1.0151E-08 1.1220E-08 1.2267E-08 1.3262E-08 1.4161E-08 1.4928E-08 1.5522E-08 1.5917E-08 1.6080E-08 1.6001E-08 1.5671E-08 1.5098E-08 1.4306E-08
0.0000E+00 0.0000E+00 0.0000E+00 0.0000E+00 0.0000E+00 0.0000E+00 0.0000E+00 1.2987E-12 3.3887E-12 6.1840E-12 1.0028E-11 1.4511E-11 1.9589E-11 2.5123E-11 3.1408E-11 4.0968E-11 5.3496E-11 6.9360E-11 8.8626E-11 1.1161E-10 1.3855E-10 1.7018E-10 2.1219E-10 2.6209E-10 3.2272E-10 3.9362E-10 4.8140E-10 5.8051E-10 6.9931E-10 8.6998E-10 1.0572E-09 1.2777E-09 1.5370E-09 1.8426E-09 2.2007E-09 2.6180E-09 3.0968E-09 3.6503E-09 4.2813E-09 4.9962E-09 5.7954E-09 6.6758E-09 7.6323E-09 8.6546E-09 9.7227E-09 1.0815E-08 1.1902E-08 1.2948E-08 1.3914E-08 1.4757E-08 1.5442E-08 1.5926E-08 1.6182E-08 1.6189E-08 1.5939E-08 1.5434E-08 1.4691E-08
0.0000E+00 0.0000E+00 0.0000E+00 0.0000E+00 0.0000E+00 0.0000E+00 0.0000E+00 0.0000E+00 1.4113E-12 3.9608E-12 7.3240E-12 1.1072E-11 1.6298E-11 2.1151E-11 2.6244E-11 3.4806E-11 4.5677E-11 5.8645E-11 7.5793E-11 9.6826E-11 1.2069E-10 1.4897E-10 1.8457E-10 2.2766E-10 2.8239E-10 3.4589E-10 4.2158E-10 5.1271E-10 6.1561E-10 7.5336E-10 9.3057E-10 1.1305E-09 1.3680E-09 1.6456E-09 1.9743E-09 2.3592E-09 2.8061E-09 3.3230E-09 3.9194E-09 4.5980E-09 5.3647E-09 6.2169E-09 7.1544E-09 8.1662E-09 9.2365E-09 1.0345E-08 1.1461E-08 1.2552E-08 1.3577E-08 1.4498E-08 1.5266E-08 1.5845E-08 1.6199E-08 1.6301E-08 1.6138E-08 1.5707E-08 1.5024E-08
0.0000E+00 0.0000E+00 0.0000E+00 0.0000E+00 0.0000E+00 0.0000E+00 0.0000E+00 0.0000E+00 9.0164E-13 1.5209E-12 4.5609E-12 7.6172E-12 1.1961E-11 1.7334E-11 2.2363E-11 2.7956E-11 3.7118E-11 4.9778E-11 6.4212E-11 8.1267E-11 1.0400E-10 1.2892E-10 1.5746E-10 1.9734E-10 2.4157E-10 2.9707E-10 3.6561E-10 4.4662E-10 5.3976E-10 6.4514E-10 8.0254E-10 9.8598E-10 1.2007E-09 1.4533E-09 1.7515E-09 2.1029E-09 2.5149E-09 2.9930E-09 3.5486E-09 4.1889E-09 4.9184E-09 5.7384E-09 6.6487E-09 7.6389E-09 8.7013E-09 9.8136E-09 1.0953E-08 1.2082E-08 1.3164E-08 1.4153E-08 1.5007E-08 1.5680E-08 1.6133E-08 1.6335E-08 1.6265E-08 1.5919E-08 1.5305E-08
0.0000E+00 0.0000E+00 0.0000E+00 0.0000E+00 0.0000E+00 0.0000E+00 0.0000E+00 0.0000E+00 0.0000E+00 9.6971E-13 2.3828E-12 4.4854E-12 7.8334E-12 1.2407E-11 1.7890E-11 2.2793E-11 2.9014E-11 3.9428E-11 5.2069E-11 6.7809E-11 8.6522E-11 1.0914E-10 1.3535E-10 1.6554E-10 2.0732E-10 2.5346E-10 3.1043E-10 3.8007E-10 4.6552E-10 5.6004E-10 6.7407E-10 8.4491E-10 1.0381E-09 1.2655E-09 1.5346E-09 1.8525E-09 2.2273E-09 2.6679E-09 3.1817E-09 3.7792E-09 4.4638E-09 5.2441E-09 6.1167E-09 7.0846E-09 8.1309E-09 9.2401E-09 1.0389E-08 1.1548E-08 1.2675E-08 1.3733E-08 1.4668E-08 1.5435E-08 1.5989E-08 1.6293E-08 1.6325E-08 1.6070E-08 1.5535E-08
0.0000E+00 0.0000E+00 0.0000E+00 0.0000E+00 0.0000E+00 0.0000E+00 0.0000E+00 0.0000E+00 0.0000E+00 8.2377E-13 1.8365E-12 2.3727E-12 4.3349E-12 7.9215E-12 1.2835E-11 1.7792E-11 2.2824E-11 3.1319E-11 4.2115E-11 5.3898E-11 7.0532E-11 9.0667E-11 1.1294E-10 1.3977E-10 1.7324E-10 2.1211E-10 2.6187E-10 3.2170E-10 3.9305E-10 4.7806E-10 5.7358E-10 7.0631E-10 8.8214E-10 1.0839E-09 1.3272E-09 1.6128E-09 1.9509E-09 2.3513E-09 2.8201E-09 3.3713E-09 4.0134E-09 4.7483E-09 5.5817E-09 6.5112E-09 7.5299E-09 8.6266E-09 9.7816E-09 1.0960E-08 1.2130E-08 1.3245E-08 1.4257E-08 1.5116E-08 1.5772E-08 1.6185E-08 1.6322E-08 1.6166E-08 1.5718E-08
0.0000E+00 0.0000E+00 0.0000E+00 0.0000E+00 0.0000E+00 0.0000E+00 0.0000E+00 0.0000E+00 0.0000E+00 6.9404E-13 1.0894E-13 1.9288E-12 2.3798E-12 4.1134E-12 7.5921E-12 1.2476E-11 1.7224E-11 2.2816E-11 3.2038E-11 4.3639E-11 5.6615E-11 7.2036E-11 9.3496E-11 1.1589E-10 1.4209E-10 1.7626E-10 2.1423E-10 2.6515E-10 3.2760E-10 4.0139E-10 4.8642E-10 5.8215E-10 7.3588E-10 9.1624E-10 1.1291E-09 1.3849E-09 1.6865E-09 2.0485E-09 2.4754E-09 2.9786E-09 3.5693E-09 4.2541E-09 5.0405E-09 5.9307E-09 6.9178E-09 7.9934E-09 9.1381E-09 1.0330E-08 1.1531E-08 1.2699E-08 1.3782E-08 1.4728E-08 1.5486E-08 1.6006E-08 1.6254E-08 1.6206E-08 1.5852E-08
0.0000E+00 0.0000E+00 0.0000E+00 0.0000E+00 0.0000E+00 0.0000E+00 0.0000E+00 0.0000E+00 0.0000E+00 0.0000E+00 5.3337E-13 1.0011E-12 1.3392E-12 2.4383E-12 3.6836E-12 6.9449E-12 1.1657E-11 1.6291E-11 2.2440E-11 3.2134E-11 4.4227E-11 5.7716E-11 7.4259E-11 9.4457E-11 1.1752E-10 1.4155E-10 1.7593E-10 2.1646E-10 2.6634E-10 3.2770E-10 4.0375E-10 4.8724E-10 5.9449E-10 7.5534E-10 9.4638E-10 1.1717E-09 1.4395E-09 1.7606E-09 2.1436E-09 2.6000E-09 3.1420E-09 3.7764E-09 4.5108E-09 5.3508E-09 6.2972E-09 7.3423E-09 8.4761E-09 9.6699E-09 1.0892E-08 1.2102E-08 1.3249E-08 1.4281E-08 1.5139E-08 1.5772E-08 1.6135E-08 1.6198E-08 1.5949E-08
0.0000E+00 0.0000E+00 0.0000E+00 0.0000E+00 0.0000E+00 0.0000E+00 0.0000E+00 0.0000E+00 0.0000E+00 0.0000E+00 0.0000E+00 0.0000E+00 8.1319E-13 1.4728E-12 2.4574E-12 3.2103E-12 6.1569E-12 1.0609E-11 1.5003E-11 2.2995E-11 3.2619E-11 4.3243E-11 5.8398E-11 7.5044E-11 9.4942E-11 1.1512E-10 1.4132E-10 1.7350E-10 2.1531E-10 2.6586E-10 3.2778E-10 4.0054E-10 4.8258E-10 6.1006E-10 7.7969E-10 9.7409E-10 1.2100E-09 1.4945E-09 1.8348E-09 2.2446E-09 2.7317E-09 3.3125E-09 3.9926E-09 4.7834E-09 5.6823E-09 6.6919E-09 7.7987E-09 8.9836E-09 1.0221E-08 1.1466E-08 1.2672E-08 1.3781E-08 1.4736E-08 1.5479E-08 1.5959E-08 1.6140E-08 1.5999E-08
0.0000E+00 0.0000E+00 0.0000E+00 0.0000E+00 0.0000E+00 0.0000E+00 0.0000E+00 0.0000E+00 0.0000E+00 0.0000E+00 0.0000E+00 0.0000E+00 0.0000E+00 2.9569E-13 1.4799E-12 2.4361E-12 2.9083E-12 5.3441E-12 9.1352E-12 1.3520E-11 2.1409E-11 3.1713E-11 4.3431E-11 5.7044E-11 7.5541E-11 9.1842E-11 1.1075E-10 1.3884E-10 1.6932E-10 2.0974E-10 2.6218E-10 3.2354E-10 3.9462E-10 4.7506E-10 6.1952E-10 7.9800E-10 1.0005E-09 1.2493E-09 1.5476E-09 1.9120E-09 2.3507E-09 2.8752E-09 3.4993E-09 4.2300E-09 5.0796E-09 6.0456E-09 7.1197E-09 8.2914E-09 9.5291E-09 1.0800E-08 1.2055E-08 1.3238E-08 1.4287E-08 1.5140E-08 1.5741E-08 1.6044E-08 1.6018E-08
0.0000E+00 0.0000E+00 0.0000E+00 0.0000E+00 0.0000E+00 0.0000E+00 0.0000E+00 0.0000E+00 0.0000E+00 0.0000E+00 0.0000E+00 0.0000E+00 0.0000E+00 0.0000E+00 1.9389E-13 1.3236E-12 2.3754E-12 2.8126E-12 4.0760E-12 7.5574E-12 1.2468E-11 1.9520E-11 2.9818E-11 4.2025E-11 5.6033E-11 7.1287E-11 8.7512E-11 1.0604E-10 1.3334E-10 1.6492E-10 2.0368E-10 2.5286E-10 3.1562E-10 3.8288E-10 4.7554E-10 6.3250E-10 8.1285E-10 1.0279E-09 1.2882E-09 1.6070E-09 1.9955E-09 2.4652E-09 3.0321E-09 3.7069E-09 4.5009E-09 5.4138E-09 6.4500E-09 7.5947E-09 8.8281E-09 1.0114E-08 1.1411E-08 1.2659E-08 1.3799E-08 1.4760E-08 1.5480E-08 1.5908E-08 1.6005E-08
0.0000E+00 0.0000E+00 0.0000E+00 0.0000E+00 0.0000E+00 0.0000E+00 0.0000E+00 0.0000E+00 0.0000E+00 0.0000E+00 0.0000E+00 0.0000E+00 0.0000E+00 0.0000E+00 0.0000E+00 0.0000E+00 8.8719E-13 2.1823E-12 2.6578E-12 3.1056E-12 5.9035E-12 1.1179E-11 1.8709E-11 2.6968E-11 3.9560E-11 5.2448E-11 6.6011E-11 8.1110E-11 1.0162E-10 1.2606E-10 1.5777E-10 1.9704E-10 2.4488E-10 3.0284E-10 3.6757E-10 4.8101E-10 6.4570E-10 8.2874E-10 1.0540E-09 1.3302E-09 1.6727E-09 2.0899E-09 2.5973E-09 3.2134E-09 3.9461E-09 4.8069E-09 5.7961E-09 6.9083E-09 8.1247E-09 9.4193E-09 1.0748E-08 1.2055E-08 1.3276E-08 1.4342E-08 1.5184E-08 1.5740E-08 1.5965E-08
