Assets/Resources/2015_m01_d08_0700(utc+0800)_l00_csi_1hr_conc.grd
DSAA
         159         159
     -79.000      79.000
     -79.000      79.000
  0.0000E+00  0.1814E-04
[rows 75 to 99 of 159, columns 57 to 113 of 159]
3.9151E-09 4.0667E-09 4.2215E-09 4.4178E-09 4.7054E-09 5.0576E-09 5.4633E-09 5.9575E-09 6.6531E-09 7.6955E-09 8.9075E-09 1.0326E-08 1.2140E-08 1.4420E-08 1.7150E-08 2.0553E-08 2.6531E-08 3.2800E-08 4.0535E-08 5.0647E-08 6.4225E-08 8.0105E-08 9.9700E-08 1.2315E-07 1.5091E-07 8.3798E-06 2.1496E-07 2.4708E-07 2.7757E-07 3.0388E-07 3.2583E-07 3.4283E-07 3.5576E-07 3.6565E-07 3.7338E-07 3.7965E-07 3.8470E-07 3.8867E-07 3.9141E-07 3.9270E-07 3.9257E-07 3.9097E-07 3.8789E-07 3.8326E-07 3.7691E-07 3.6900E-07 3.5932E-07 3.4811E-07 3.3580E-07 3.2252E-07 3.0794E-07 2.9069E-07 2.7410E-07 2.5586E-07 2.3902E-07 2.2207E-07 2.0320E-07
3.7948E-09 3.9417E-09 4.0918E-09 4.2649E-09 4.5256E-09 4.8636E-09 5.2537E-09 5.7219E-09 6.3791E-09 7.3853E-09 8.5519E-09 9.9060E-09 1.1636E-08 1.3814E-08 1.6420E-08 1.9667E-08 2.4288E-08 3.0803E-08 3.7921E-08 4.6422E-08 5.7598E-08 7.2279E-08 8.8915E-08 1.0857E-07 5.3450E-06 7.1406E-07 1.8430E-07 2.1221E-07 2.4009E-07 2.6582E-07 2.8853E-07 3.0794E-07 3.2380E-07 3.3655E-07 3.4695E-07 3.5547E-07 3.6242E-07 3.6804E-07 3.7223E-07 3.7480E-07 3.7568E-07 3.7496E-07 3.7268E-07 3.6869E-07 3.6309E-07 3.5579E-07 3.4688E-07 3.3654E-07 3.2491E-07 3.1200E-07 2.9631E-07 2.8080E-07 2.6476E-07 2.4732E-07 2.3102E-07 2.1368E-07 1.9665E-07
3.6743E-09 3.8167E-09 3.9621E-09 4.1156E-09 4.3441E-09 4.6576E-09 5.0283E-09 5.4711E-09 6.0845E-09 7.0476E-09 8.1699E-09 9.4505E-09 1.1087E-08 1.3147E-08 1.5610E-08 1.8673E-08 2.2464E-08 2.8368E-08 3.5248E-08 4.2963E-08 5.2120E-08 6.4696E-08 7.9263E-08 2.2007E-07 3.4526E-06 1.3567E-07 1.5840E-07 1.8212E-07 2.0571E-07 2.2894E-07 2.5085E-07 2.7093E-07 2.8856E-07 3.0377E-07 3.1660E-07 3.2736E-07 3.3635E-07 3.4373E-07 3.4943E-07 3.5327E-07 3.5528E-07 3.5557E-07 3.5411E-07 3.5098E-07 3.4618E-07 3.3965E-07 3.3179E-07 3.2227E-07 3.1116E-07 2.9892E-07 2.8369E-07 2.6886E-07 2.5239E-07 2.3694E-07 2.2134E-07 2.0492E-07 1.8857E-07
3.5542E-09 3.6918E-09 3.8324E-09 3.9787E-09 4.1775E-09 4.4527E-09 4.8024E-09 5.2155E-09 5.7762E-09 6.6820E-09 7.7684E-09 8.9710E-09 1.0504E-08 1.2431E-08 1.4745E-08 1.7604E-08 2.1147E-08 2.6017E-08 3.2166E-08 3.9564E-08 4.7753E-08 5.7411E-08 6.9654E-08 1.8140E-05 1.0061E-07 1.1817E-07 1.3698E-07 1.5668E-07 1.7709E-07 1.9719E-07 2.1683E-07 2.3596E-07 2.5394E-07 2.7020E-07 2.8478E-07 2.9737E-07 3.0809E-07 3.1700E-07 3.2404E-07 3.2909E-07 3.3220E-07 3.3346E-07 3.3291E-07 3.3073E-07 3.2672E-07 3.2128E-07 3.1427E-07 3.0535E-07 2.9516E-07 2.8217E-07 2.6917E-07 2.5512E-07 2.3966E-07 2.2496E-07 2.0944E-07 1.9380E-07 1.7931E-07
3.4345E-09 3.5674E-09 3.7033E-09 3.8423E-09 4.0134E-09 4.2485E-09 4.5709E-09 4.9645E-09 5.4306E-09 6.2930E-09 7.3508E-09 8.4768E-09 9.9020E-09 1.1682E-08 1.3842E-08 1.6475E-08 1.9748E-08 2.3774E-08 2.9248E-08 3.6259E-08 4.3577E-08 5.2156E-08 6.2081E-08 7.4330E-08 8.8202E-08 1.0357E-07 1.1955E-07 1.3630E-07 1.5337E-07 1.7116E-07 1.8863E-07 2.0567E-07 2.2278E-07 2.3901E-07 2.5393E-07 2.6749E-07 2.7927E-07 2.8925E-07 2.9732E-07 3.0335E-07 3.0738E-07 3.0950E-07 3.0989E-07 3.0852E-07 3.0550E-07 3.0094E-07 2.9458E-07 2.8654E-07 2.7703E-07 2.6517E-07 2.5304E-07 2.3916E-07 2.2558E-07 2.1108E-07 1.9728E-07 1.8263E-07 1.6905E-07
3.3155E-09 3.4438E-09 3.5748E-09 3.7086E-09 3.8608E-09 4.0608E-09 4.3363E-09 4.7020E-09 5.1245E-09 5.8255E-09 6.9136E-09 7.9759E-09 9.2826E-09 1.0912E-08 1.2907E-08 1.5323E-08 1.8316E-08 2.2009E-08 2.6499E-08 3.2382E-08 3.9616E-08 4.7228E-08 5.6013E-08 6.6029E-08 7.7212E-08 9.0340E-08 1.0456E-07 1.1961E-07 1.3459E-07 1.4971E-07 1.6535E-07 1.8086E-07 1.9614E-07 2.1149E-07 2.2598E-07 2.3931E-07 2.5139E-07 2.6183E-07 2.7047E-07 2.7712E-07 2.8179E-07 2.8462E-07 2.8574E-07 2.8514E-07 2.8299E-07 2.7910E-07 2.7343E-07 2.6621E-07 2.5679E-07 2.4687E-07 2.3508E-07 2.2307E-07 2.1045E-07 1.9709E-07 1.8340E-07 1.7066E-07 1.5796E-07
3.1975E-09 3.3211E-09 3.4474E-09 3.5763E-09 3.7124E-09 3.8929E-09 4.1132E-09 4.4385E-09 4.8400E-09 5.3704E-09 6.3935E-09 7.4672E-09 8.6500E-09 1.0137E-08 1.1955E-08 1.4162E-08 1.6856E-08 2.0208E-08 2.4298E-08 2.9181E-08 3.5232E-08 4.2253E-08 5.0398E-08 5.9209E-08 6.9115E-08 7.9932E-08 9.1620E-08 1.0404E-07 1.1702E-07 1.3122E-07 1.4475E-07 1.5789E-07 1.7195E-07 1.8588E-07 1.9934E-07 2.1284E-07 2.2433E-07 2.3522E-07 2.4383E-07 2.5128E-07 2.5629E-07 2.5958E-07 2.6118E-07 2.6128E-07 2.5970E-07 2.5634E-07 2.5141E-07 2.4437E-07 2.3668E-07 2.2772E-07 2.1718E-07 2.0619E-07 1.9426E-07 1.8241E-07 1.6987E-07 1.5809E-07 1.4580E-07
3.0807E-09 3.1996E-09 3.3211E-09 3.4452E-09 3.5734E-09 3.7329E-09 3.9157E-09 4.1757E-09 4.5463E-09 4.9879E-09 5.8330E-09 6.9643E-09 8.0303E-09 9.3770E-09 1.1020E-08 1.3017E-08 1.5437E-08 1.8437E-08 2.2109E-08 2.6557E-08 3.1620E-08 3.7283E-08 4.4879E-08 5.2975E-08 6.1691E-08 7.1291E-08 8.1663E-08 9.2733E-08 1.0438E-07 1.1644E-07 1.2877E-07 1.4117E-07 1.5374E-07 1.6623E-07 1.7851E-07 1.9018E-07 2.0096E-07 2.1055E-07 2.1877E-07 2.2539E-07 2.3039E-07 2.3379E-07 2.3575E-07 2.3621E-07 2.3501E-07 2.3227E-07 2.2795E-07 2.2233E-07 2.1556E-07 2.0760E-07 1.9853E-07 1.8863E-07 1.7815E-07 1.6679E-07 1.5599E-07 1.4519E-07 1.3406E-07
2.9652E-09 3.0796E-09 3.1964E-09 3.3156E-09 3.4371E-09 3.5784E-09 3.7469E-09 3.9390E-09 4.2472E-09 4.6559E-09 5.2303E-09 6.3827E-09 7.4209E-09 8.6308E-09 1.0106E-08 1.1892E-08 1.4055E-08 1.6708E-08 1.9983E-08 2.3956E-08 2.8595E-08 3.3717E-08 3.9528E-08 4.6611E-08 5.4553E-08 6.3397E-08 7.2578E-08 8.2420E-08 9.2823E-08 1.0366E-07 1.1478E-07 1.2604E-07 1.3726E-07 1.4839E-07 1.5930E-07 1.6984E-07 1.7966E-07 1.8856E-07 1.9627E-07 2.0259E-07 2.0740E-07 2.1079E-07 2.1281E-07 2.1336E-07 2.1243E-07 2.1003E-07 2.0627E-07 2.0138E-07 1.9540E-07 1.8828E-07 1.8020E-07 1.7135E-07 1.6145E-07 1.5180E-07 1.4203E-07 1.3185E-07 1.2222E-07
2.8486E-09 2.9612E-09 3.0733E-09 3.1877E-09 3.3044E-09 3.4283E-09 3.5881E-09 3.7467E-09 3.9656E-09 4.3235E-09 4.8079E-09 5.6214E-09 6.8398E-09 7.9082E-09 9.2264E-09 1.0813E-08 1.2737E-08 1.5060E-08 1.7947E-08 2.1442E-08 2.5632E-08 3.0272E-08 3.5446E-08 4.1297E-08 4.7835E-08 5.5055E-08 6.3555E-08 7.2150E-08 8.1798E-08 9.1855E-08 1.0181E-07 1.1192E-07 1.2204E-07 1.3143E-07 1.4066E-07 1.5016E-07 1.5893E-07 1.6742E-07 1.7443E-07 1.8072E-07 1.8523E-07 1.8845E-07 1.9037E-07 1.9099E-07 1.9028E-07 1.8824E-07 1.8502E-07 1.8078E-07 1.7551E-07 1.6922E-07 1.6209E-07 1.5426E-07 1.4557E-07 1.3697E-07 1.2789E-07 1.1917E-07 1.1046E-07
2.7338E-09 2.8446E-09 2.9521E-09 3.0618E-09 3.1736E-09 3.2887E-09 3.4290E-09 3.5875E-09 3.7393E-09 3.9955E-09 4.4145E-09 5.0166E-09 6.0833E-09 7.2207E-09 8.3887E-09 9.7973E-09 1.1495E-08 1.3530E-08 1.6020E-08 1.9068E-08 2.2764E-08 2.6974E-08 3.1559E-08 3.6722E-08 4.2495E-08 4.8882E-08 5.5900E-08 6.3486E-08 7.1539E-08 8.0010E-08 8.8803E-08 9.7795E-08 1.0685E-07 1.1583E-07 1.2456E-07 1.3288E-07 1.4065E-07 1.4771E-07 1.5393E-07 1.5912E-07 1.6315E-07 1.6644E-07 1.6820E-07 1.6920E-07 1.6868E-07 1.6729E-07 1.6457E-07 1.6090E-07 1.5626E-07 1.5076E-07 1.4451E-07 1.3739E-07 1.3010E-07 1.2226E-07 1.1456E-07 1.0681E-07 9.8877E-08
2.6182E-09 2.7272E-09 2.8330E-09 2.9380E-09 3.0451E-09 3.1541E-09 3.2745E-09 3.4331E-09 3.5685E-09 3.7268E-09 4.0200E-09 4.5533E-09 5.2793E-09 6.5012E-09 7.6053E-09 8.8510E-09 1.0326E-08 1.2104E-08 1.4233E-08 1.6859E-08 2.0040E-08 2.3814E-08 2.7904E-08 3.2416E-08 3.7470E-08 4.3066E-08 4.9188E-08 5.5879E-08 6.2951E-08 7.0398E-08 7.8133E-08 8.6053E-08 9.4037E-08 1.0195E-07 1.0967E-07 1.1703E-07 1.2391E-07 1.3019E-07 1.3572E-07 1.4033E-07 1.4389E-07 1.4646E-07 1.4804E-07 1.4868E-07 1.4828E-07 1.4688E-07 1.4458E-07 1.4141E-07 1.3739E-07 1.3260E-07 1.2720E-07 1.2128E-07 1.1496E-07 1.0834E-07 1.0161E-07 9.4769E-08 8.8024E-08
2.5080E-09 2.6120E-09 2.7161E-09 2.8166E-09 2.9189E-09 3.0232E-09 3.1319E-09 3.2686E-09 3.4163E-09 3.5409E-09 3.6978E-09 4.0752E-09 4.7285E-09 5.6440E-09 6.8697E-09 7.9613E-09 9.2481E-09 1.0788E-08 1.2616E-08 1.4827E-08 1.7536E-08 2.0808E-08 2.4490E-08 2.8422E-08 3.2806E-08 3.7664E-08 4.2984E-08 4.8734E-08 5.4946E-08 6.1428E-08 6.8167E-08 7.5074E-08 8.2044E-08 8.8963E-08 9.5710E-08 1.0216E-07 1.0821E-07 1.1372E-07 1.1855E-07 1.2257E-07 1.2573E-07 1.2801E-07 1.2949E-07 1.3010E-07 1.2980E-07 1.2866E-07 1.2673E-07 1.2403E-07 1.2053E-07 1.1635E-07 1.1167E-07 1.0656E-07 1.0108E-07 9.5399E-08 8.9505E-08 8.3620E-08 7.7650E-08
2.4002E-09 2.4982E-09 2.6017E-09 2.6976E-09 2.7954E-09 2.8949E-09 2.9962E-09 3.1113E-09 3.2574E-09 3.3866E-09 3.5075E-09 3.6420E-09 4.1112E-09 4.8689E-09 6.1222E-09 7.1362E-09 8.2616E-09 9.5777E-09 1.1150E-08 1.2996E-08 1.5264E-08 1.8011E-08 2.1279E-08 2.4768E-08 2.8535E-08 3.2713E-08 3.7291E-08 4.2239E-08 4.7523E-08 5.3175E-08 5.8990E-08 6.4955E-08 7.0981E-08 7.6970E-08 8.2815E-08 8.8417E-08 9.3666E-08 9.8425E-08 1.0258E-07 1.0608E-07 1.0885E-07 1.1093E-07 1.1227E-07 1.1284E-07 1.1264E-07 1.1173E-07 1.1015E-07 1.0786E-07 1.0485E-07 1.0126E-07 9.7228E-08 9.2811E-08 8.8164E-08 8.3244E-08 7.8261E-08 7.3197E-08 6.8050E-08
2.2955E-09 2.3879E-09 2.4842E-09 2.5814E-09 2.6746E-09 2.7695E-09 2.8661E-09 2.9675E-09 3.0976E-09 3.2356E-09 3.3504E-09 3.4682E-09 3.6362E-09 4.0957E-09 5.1605E-09 6.3820E-09 7.3523E-09 8.4805E-09 9.8116E-09 1.1379E-08 1.3235E-08 1.5518E-08 1.8279E-08 2.1411E-08 2.4673E-08 2.8233E-08 3.2134E-08 3.6350E-08 4.0859E-08 4.5619E-08 5.0654E-08 5.5757E-08 6.0917E-08 6.6050E-08 7.1068E-08 7.5878E-08 8.0364E-08 8.4399E-08 8.7958E-08 9.0993E-08 9.3443E-08 9.5304E-08 9.6508E-08 9.7042E-08 9.6922E-08 9.6215E-08 9.4936E-08 9.3004E-08 9.0464E-08 8.7424E-08 8.3961E-08 8.0229E-08 7.6216E-08 7.2118E-08 6.7884E-08 6.3505E-08 5.9188E-08
2.1959E-09 2.2806E-09 2.3720E-09 2.4650E-09 2.5567E-09 2.6471E-09 2.7391E-09 2.8325E-09 2.9404E-09 3.0774E-09 3.1972E-09 3.3088E-09 3.4258E-09 3.6636E-09 4.1351E-09 5.2689E-09 6.5169E-09 7.4921E-09 8.6143E-09 9.9423E-09 1.1481E-08 1.3321E-08 1.5582E-08 1.8288E-08 2.1208E-08 2.4228E-08 2.7517E-08 3.1079E-08 3.4892E-08 3.8919E-08 4.3115E-08 4.7504E-08 5.1880E-08 5.6238E-08 6.0499E-08 6.4574E-08 6.8324E-08 7.1726E-08 7.4782E-08 7.7391E-08 7.9566E-08 8.1196E-08 8.2265E-08 8.2762E-08 8.2716E-08 8.2186E-08 8.1148E-08 7.9552E-08 7.7419E-08 7.4854E-08 7.1976E-08 6.8774E-08 6.5453E-08 6.1987E-08 5.8376E-08 5.4760E-08 5.1022E-08
2.0989E-09 2.1764E-09 2.2627E-09 2.3518E-09 2.4419E-09 2.5279E-09 2.6153E-09 2.7041E-09 2.7972E-09 2.9180E-09 3.0474E-09 3.1535E-09 3.2616E-09 3.3995E-09 3.6979E-09 4.2917E-09 5.3228E-09 6.4089E-09 7.5530E-09 8.6628E-09 9.9576E-09 1.1444E-08 1.3239E-08 1.5439E-08 1.8022E-08 2.0684E-08 2.3435E-08 2.6417E-08 2.9611E-08 3.2987E-08 3.6508E-08 4.0127E-08 4.3868E-08 4.7525E-08 5.1105E-08 5.4464E-08 5.7577E-08 6.0478E-08 6.3050E-08 6.5335E-08 6.7203E-08 6.8619E-08 6.9562E-08 7.0024E-08 7.0035E-08 6.9645E-08 6.8824E-08 6.7488E-08 6.5733E-08 6.3632E-08 6.1179E-08 5.8578E-08 5.5779E-08 5.2865E-08 4.9917E-08 4.6811E-08 4.3761E-08
2.0045E-09 2.0779E-09 2.1566E-09 2.2413E-09 2.3273E-09 2.4119E-09 2.4949E-09 2.5793E-09 2.6648E-09 2.7625E-09 2.8853E-09 3.0026E-09 3.1047E-09 3.2091E-09 3.3861E-09 3.7286E-09 4.4959E-09 5.2975E-09 6.1691E-09 7.4730E-09 8.6166E-09 9.8476E-09 1.1268E-08 1.2984E-08 1.5094E-08 1.7490E-08 1.9866E-08 2.2341E-08 2.4993E-08 2.7798E-08 3.0725E-08 3.3736E-08 3.6779E-08 3.9849E-08 4.2800E-08 4.5552E-08 4.8177E-08 5.0590E-08 5.2807E-08 5.4737E-08 5.6326E-08 5.7546E-08 5.8371E-08 5.8796E-08 5.8853E-08 5.8578E-08 5.7909E-08 5.6844E-08 5.5397E-08 5.3643E-08 5.1687E-08 4.9489E-08 4.7199E-08 4.4854E-08 4.2333E-08 3.9831E-08 3.7284E-08
1.9128E-09 1.9826E-09 2.0539E-09 2.1336E-09 2.2131E-09 2.2992E-09 2.3780E-09 2.4580E-09 2.5392E-09 2.6231E-09 2.7271E-09 2.8495E-09 2.9525E-09 3.0508E-09 3.1550E-09 3.3756E-09 3.7924E-09 4.6018E-09 5.2717E-09 6.0126E-09 7.2124E-09 8.4720E-09 9.6237E-09 1.0950E-08 1.2560E-08 1.4530E-08 1.6712E-08 1.8816E-08 2.0999E-08 2.3309E-08 2.5721E-08 2.8196E-08 3.0699E-08 3.3152E-08 3.5533E-08 3.7846E-08 4.0019E-08 4.2059E-08 4.3920E-08 4.5532E-08 4.6871E-08 4.7912E-08 4.8628E-08 4.9014E-08 4.9082E-08 4.8909E-08 4.8390E-08 4.7495E-08 4.6350E-08 4.4945E-08 4.3299E-08 4.1556E-08 3.9704E-08 3.7730E-08 3.5757E-08 3.3683E-08 3.1527E-08
1.8239E-09 1.8902E-09 1.9576E-09 2.0296E-09 2.1074E-09 2.1844E-09 2.2647E-09 2.3405E-09 2.4174E-09 2.4952E-09 2.5808E-09 2.6925E-09 2.8005E-09 2.8976E-09 2.9921E-09 3.1023E-09 3.3492E-09 3.8769E-09 4.6019E-09 5.2298E-09 5.9040E-09 6.9138E-09 8.1186E-09 9.2884E-09 1.0494E-08 1.1970E-08 1.3778E-08 1.5735E-08 1.7580E-08 1.9466E-08 2.1431E-08 2.3444E-08 2.5462E-08 2.7405E-08 2.9315E-08 3.1191E-08 3.3020E-08 3.4760E-08 3.6294E-08 3.7629E-08 3.8748E-08 3.9616E-08 4.0215E-08 4.0567E-08 4.0680E-08 4.0536E-08 4.0135E-08 3.9456E-08 3.8515E-08 3.7376E-08 3.6105E-08 3.4668E-08 3.3155E-08 3.1628E-08 2.9993E-08 2.8296E-08 2.6603E-08
1.7377E-09 1.8007E-09 1.8647E-09 1.9296E-09 2.0022E-09 2.0762E-09 2.1522E-09 2.2267E-09 2.2994E-09 2.3731E-09 2.4475E-09 2.5376E-09 2.6473E-09 2.7497E-09 2.8383E-09 2.9287E-09 3.0474E-09 3.3027E-09 3.9315E-09 4.5254E-09 5.1327E-09 5.7807E-09 6.5186E-09 7.6188E-09 8.7929E-09 9.8736E-09 1.1185E-08 1.2813E-08 1.4545E-08 1.6148E-08 1.7726E-08 1.9345E-08 2.0912E-08 2.2468E-08 2.4046E-08 2.5573E-08 2.7072E-08 2.8458E-08 2.9781E-08 3.0881E-08 3.1811E-08 3.2547E-08 3.3065E-08 3.3358E-08 3.3477E-08 3.3407E-08 3.3095E-08 3.2545E-08 3.1829E-08 3.0935E-08 2.9886E-08 2.8767E-08 2.7577E-08 2.6316E-08 2.5025E-08 2.3704E-08 2.2276E-08
1.6544E-09 1.7141E-09 1.7747E-09 1.8363E-09 1.9009E-09 1.9718E-09 2.0405E-09 2.1139E-09 2.1855E-09 2.2550E-09 2.3253E-09 2.3984E-09 2.4913E-09 2.5956E-09 2.6901E-09 2.7747E-09 2.8610E-09 2.9818E-09 3.2702E-09 3.8638E-09 4.3983E-09 4.9763E-09 5.5967E-09 6.2341E-09 7.1246E-09 8.1845E-09 9.1670E-09 1.0308E-08 1.1749E-08 1.3250E-08 1.4631E-08 1.5870E-08 1.7104E-08 1.8384E-08 1.9648E-08 2.0918E-08 2.2130E-08 2.3253E-08 2.4267E-08 2.5151E-08 2.5936E-08 2.6572E-08 2.7014E-08 2.7285E-08 2.7404E-08 2.7366E-08 2.7143E-08 2.6729E-08 2.6149E-08 2.5452E-08 2.4653E-08 2.3751E-08 2.2782E-08 2.1819E-08 2.0804E-08 1.9706E-08 1.8631E-08
1.5739E-09 1.6304E-09 1.6879E-09 1.7462E-09 1.8052E-09 1.8699E-09 1.9385E-09 2.0052E-09 2.0755E-09 2.1412E-09 2.2075E-09 2.2744E-09 2.3479E-09 2.4408E-09 2.5382E-09 2.6266E-09 2.7072E-09 2.7890E-09 2.9037E-09 3.2107E-09 3.7173E-09 4.2178E-09 4.7615E-09 5.3438E-09 5.9197E-09 6.5785E-09 7.4247E-09 8.3571E-09 9.2909E-09 1.0492E-08 1.1743E-08 1.2874E-08 1.3901E-08 1.4920E-08 1.5958E-08 1.6980E-08 1.7954E-08 1.8860E-08 1.9681E-08 2.0405E-08 2.1026E-08 2.1528E-08 2.1940E-08 2.2213E-08 2.2344E-08 2.2327E-08 2.2153E-08 2.1842E-08 2.1411E-08 2.0865E-08 2.0231E-08 1.9526E-08 1.8784E-08 1.8003E-08 1.7186E-08 1.6390E-08 1.5504E-08
1.4963E-09 1.5498E-09 1.6041E-09 1.6593E-09 1.7151E-09 1.7721E-09 1.8361E-09 1.9006E-09 1.9640E-09 2.0314E-09 2.0940E-09 2.1570E-09 2.2205E-09 2.2942E-09 2.3863E-09 2.4801E-09 2.5595E-09 2.6358E-09 2.7133E-09 2.8225E-09 3.0965E-09 3.5299E-09 3.9940E-09 4.4950E-09 5.0261E-09 5.5636E-09 6.1588E-09 6.7967E-09 7.5160E-09 8.2280E-09 9.1086E-09 1.0164E-08 1.1186E-08 1.2102E-08 1.2939E-08 1.3749E-08 1.4524E-08 1.5248E-08 1.5907E-08 1.6491E-08 1.6997E-08 1.7421E-08 1.7750E-08 1.7969E-08 1.8083E-08 1.8081E-08 1.7999E-08 1.7796E-08 1.7463E-08 1.7033E-08 1.6555E-08 1.6010E-08 1.5418E-08 1.4817E-08 1.4200E-08 1.3546E-08 1.2860E-08
1.4215E-09 1.4720E-09 1.5234E-09 1.5755E-09 1.6283E-09 1.6817E-09 1.7381E-09 1.7998E-09 1.8598E-09 1.9203E-09 1.9848E-09 2.0441E-09 2.1039E-09 2.1639E-09 2.2318E-09 2.3275E-09 2.4138E-09 2.4891E-09 2.5611E-09 2.6340E-09 2.7225E-09 2.9386E-09 3.2927E-09 3.7371E-09 4.1800E-09 4.6605E-09 5.1403E-09 5.6320E-09 6.1616E-09 6.6302E-09 7.1414E-09 7.7477E-09 8.5865E-09 9.4869E-09 1.0411E-08 1.1120E-08 1.1731E-08 1.2304E-08 1.2829E-08 1.3296E-08 1.3705E-08 1.4053E-08 1.4332E-08 1.4534E-08 1.4652E-08 1.4681E-08 1.4587E-08 1.4397E-08 1.4150E-08 1.3831E-08 1.3456E-08 1.3023E-08 1.2577E-08 1.2106E-08 1.1620E-08 1.1140E-08 1.0268E-08
