Assets/Resources/2015_m01_d09_2000(utc+0800)_l00_csi_1hr_conc.grd
DSAA
         159         159
     -79.000      79.000
     -79.000      79.000
  0.1095E-08  0.8572E-05
[rows 0 to 24 of 159, columns 0 to 56 of 159]
1.0946E-09 1.1054E-09 1.1211E-09 1.1370E-09 1.1505E-09 1.1617E-09 1.1753E-09 1.1939E-09 1.2127E-09 1.2243E-09 1.2383E-09 1.2499E-09 1.2640E-09 1.2857E-09 1.3025E-09 1.3144E-09 1.3288E-09 1.3407E-09 1.3576E-09 1.3772E-09 1.3944E-09 1.4065E-09 1.4211E-09 1.4331E-09 1.4450E-09 1.4647E-09 1.4819E-09 1.4992E-09 1.5112E-09 1.5257E-09 1.5376E-09 1.5494E-09 1.5637E-09 1.5753E-09 1.5922E-09 1.6036E-09 1.6150E-09 1.6262E-09 1.6373E-09 1.6483E-09 1.6591E-09 1.6698E-09 1.6803E-09 1.6907E-09 1.7009E-09 1.7109E-09 1.7208E-09 1.7305E-09 1.7400E-09 1.7493E-09 1.7585E-09 1.7674E-09 1.7762E-09 1.7847E-09 1.7931E-09 1.8012E-09 1.8091E-09
1.1089E-09 1.1297E-09 1.1409E-09 1.1547E-09 1.1685E-09 1.1849E-09 1.2014E-09 1.2180E-09 1.2323E-09 1.2441E-09 1.2585E-09 1.2804E-09 1.2975E-09 1.3097E-09 1.3244E-09 1.3366E-09 1.3513E-09 1.3737E-09 1.3912E-09 1.4037E-09 1.4186E-09 1.4310E-09 1.4460E-09 1.4635E-09 1.4811E-09 1.4988E-09 1.5113E-09 1.5263E-09 1.5386E-09 1.5535E-09 1.5657E-09 1.5831E-09 1.5952E-09 1.6072E-09 1.6190E-09 1.6308E-09 1.6424E-09 1.6539E-09 1.6653E-09 1.6765E-09 1.6876E-09 1.6985E-09 1.7093E-09 1.7199E-09 1.7304E-09 1.7407E-09 1.7508E-09 1.7607E-09 1.7705E-09 1.7800E-09 1.7894E-09 1.7985E-09 1.8075E-09 1.8162E-09 1.8248E-09 1.8331E-09 1.8412E-09
1.1332E-09 1.1471E-09 1.1587E-09 1.1776E-09 1.1942E-09 1.2111E-09 1.2256E-09 1.2377E-09 1.2522E-09 1.2718E-09 1.2867E-09 1.3041E-09 1.3191E-09 1.3316E-09 1.3466E-09 1.3693E-09 1.3871E-09 1.3999E-09 1.4153E-09 1.4280E-09 1.4433E-09 1.4664E-09 1.4793E-09 1.4974E-09 1.5103E-09 1.5257E-09 1.5385E-09 1.5539E-09 1.5718E-09 1.5845E-09 1.5971E-09 1.6095E-09 1.6219E-09 1.6342E-09 1.6463E-09 1.6584E-09 1.6703E-09 1.6821E-09 1.6937E-09 1.7052E-09 1.7165E-09 1.7277E-09 1.7388E-09 1.7497E-09 1.7604E-09 1.7709E-09 1.7813E-09 1.7914E-09 1.8014E-09 1.8112E-09 1.8208E-09 1.8302E-09 1.8393E-09 1.8483E-09 1.8570E-09 1.8655E-09 1.8738E-09
1.1506E-09 1.1648E-09 1.1816E-09 1.1985E-09 1.2157E-09 1.2304E-09 1.2452E-09 1.2626E-09 1.2801E-09 1.2978E-09 1.3130E-09 1.3258E-09 1.3411E-09 1.3615E-09 1.3771E-09 1.3953E-09 1.4110E-09 1.4241E-09 1.4397E-09 1.4606E-09 1.4764E-09 1.4950E-09 1.5109E-09 1.5242E-09 1.5374E-09 1.5532E-09 1.5716E-09 1.5848E-09 1.5978E-09 1.6108E-09 1.6237E-09 1.6365E-09 1.6491E-09 1.6617E-09 1.6741E-09 1.6864E-09 1.6986E-09 1.7107E-09 1.7226E-09 1.7344E-09 1.7460E-09 1.7575E-09 1.7688E-09 1.7799E-09 1.7909E-09 1.8017E-09 1.8123E-09 1.8227E-09 1.8329E-09 1.8429E-09 1.8527E-09 1.8623E-09 1.8717E-09 1.8809E-09 1.8898E-09 1.8985E-09 1.9069E-09
1.1732E-09 1.1878E-09 1.2075E-09 1.2225E-09 1.2350E-09 1.2500E-09 1.2702E-09 1.2906E-09 1.3036E-09 1.3191E-09 1.3347E-09 1.3529E-09 1.3712E-09 1.3897E-09 1.4057E-09 1.4192E-09 1.4352E-09 1.4564E-09 1.4726E-09 1.4915E-09 1.5078E-09 1.5215E-09 1.5351E-09 1.5514E-09 1.5703E-09 1.5839E-09 1.5974E-09 1.6109E-09 1.6243E-09 1.6375E-09 1.6507E-09 1.6638E-09 1.6768E-09 1.6896E-09 1.7024E-09 1.7150E-09 1.7275E-09 1.7398E-09 1.7520E-09 1.7641E-09 1.7760E-09 1.7877E-09 1.7993E-09 1.8107E-09 1.8219E-09 1.8330E-09 1.8438E-09 1.8545E-09 1.8650E-09 1.8752E-09 1.8853E-09 1.8951E-09 1.9047E-09 1.9140E-09 1.9232E-09 1.9320E-09 1.9407E-09
1.1938E-09 1.2114E-09 1.2265E-09 1.2418E-09 1.2596E-09 1.2776E-09 1.2958E-09 1.3116E-09 1.3249E-09 1.3408E-09 1.3644E-09 1.3832E-09 1.3969E-09 1.4133E-09 1.4296E-09 1.4486E-09 1.4677E-09 1.4870E-09 1.5011E-09 1.5178E-09 1.5318E-09 1.5485E-09 1.5678E-09 1.5819E-09 1.5959E-09 1.6098E-09 1.6237E-09 1.6375E-09 1.6511E-09 1.6647E-09 1.6782E-09 1.6916E-09 1.7049E-09 1.7180E-09 1.7311E-09 1.7440E-09 1.7568E-09 1.7694E-09 1.7819E-09 1.7943E-09 1.8065E-09 1.8185E-09 1.8303E-09 1.8420E-09 1.8535E-09 1.8648E-09 1.8759E-09 1.8868E-09 1.8975E-09 1.9080E-09 1.9183E-09 1.9283E-09 1.9382E-09 1.9477E-09 1.9571E-09 1.9661E-09 1.9750E-09
1.2174E-09 1.2304E-09 1.2459E-09 1.2640E-09 1.2873E-09 1.3033E-09 1.3169E-09 1.3330E-09 1.3518E-09 1.3707E-09 1.3898E-09 1.4065E-09 1.4206E-09 1.4373E-09 1.4618E-09 1.4814E-09 1.4959E-09 1.5130E-09 1.5274E-09 1.5445E-09 1.5643E-09 1.5788E-09 1.5932E-09 1.6076E-09 1.6219E-09 1.6362E-09 1.6503E-09 1.6644E-09 1.6784E-09 1.6923E-09 1.7061E-09 1.7198E-09 1.7334E-09 1.7469E-09 1.7603E-09 1.7735E-09 1.7866E-09 1.7995E-09 1.8123E-09 1.8250E-09 1.8374E-09 1.8497E-09 1.8619E-09 1.8738E-09 1.8856E-09 1.8972E-09 1.9086E-09 1.9197E-09 1.9307E-09 1.9414E-09 1.9519E-09 1.9622E-09 1.9722E-09 1.9820E-09 1.9915E-09 2.0008E-09 2.0098E-09
1.2364E-09 1.2547E-09 1.2731E-09 1.2917E-09 1.3080E-09 1.3244E-09 1.3434E-09 1.3625E-09 1.3818E-09 1.3987E-09 1.4131E-09 1.4301E-09 1.4524E-09 1.4748E-09 1.4896E-09 1.5071E-09 1.5219E-09 1.5394E-09 1.5596E-09 1.5745E-09 1.5894E-09 1.6042E-09 1.6190E-09 1.6337E-09 1.6483E-09 1.6629E-09 1.6774E-09 1.6918E-09 1.7061E-09 1.7204E-09 1.7345E-09 1.7485E-09 1.7625E-09 1.7762E-09 1.7899E-09 1.8035E-09 1.8169E-09 1.8301E-09 1.8432E-09 1.8562E-09 1.8689E-09 1.8815E-09 1.8939E-09 1.9062E-09 1.9182E-09 1.9301E-09 1.9417E-09 1.9531E-09 1.9643E-09 1.9753E-09 1.9860E-09 1.9965E-09 2.0068E-09 2.0168E-09 2.0265E-09 2.0360E-09 2.0452E-09
1.2582E-09 1.2819E-09 1.2984E-09 1.3124E-09 1.3291E-09 1.3484E-09 1.3730E-09 1.3876E-09 1.4048E-09 1.4221E-09 1.4420E-09 1.4621E-09 1.4824E-09 1.5002E-09 1.5154E-09 1.5332E-09 1.5537E-09 1.5691E-09 1.5844E-09 1.5996E-09 1.6148E-09 1.6300E-09 1.6451E-09 1.6602E-09 1.6751E-09 1.6901E-09 1.7049E-09 1.7196E-09 1.7343E-09 1.7489E-09 1.7633E-09 1.7777E-09 1.7919E-09 1.8061E-09 1.8201E-09 1.8339E-09 1.8476E-09 1.8612E-09 1.8746E-09 1.8878E-09 1.9009E-09 1.9138E-09 1.9265E-09 1.9390E-09 1.9514E-09 1.9635E-09 1.9754E-09 1.9871E-09 1.9985E-09 2.0097E-09 2.0207E-09 2.0314E-09 2.0419E-09 2.0521E-09 2.0769E-09 2.0867E-09 2.0961E-09
1.2855E-09 1.3022E-09 1.3191E-09 1.3385E-09 1.3582E-09 1.3781E-09 1.3955E-09 1.4105E-09 1.4281E-09 1.4510E-09 1.4741E-09 1.4896E-09 1.5078E-09 1.5260E-09 1.5468E-09 1.5625E-09 1.5782E-09 1.5939E-09 1.6095E-09 1.6251E-09 1.6407E-09 1.6562E-09 1.6717E-09 1.6870E-09 1.7024E-09 1.7176E-09 1.7328E-09 1.7479E-09 1.7629E-09 1.7778E-09 1.7926E-09 1.8073E-09 1.8219E-09 1.8364E-09 1.8507E-09 1.8649E-09 1.8789E-09 1.8928E-09 1.9065E-09 1.9200E-09 1.9334E-09 1.9466E-09 1.9596E-09 1.9724E-09 2.0000E-09 2.0126E-09 2.0249E-09 2.0370E-09 2.0537E-09 2.0653E-09 2.0767E-09 2.0878E-09 2.0986E-09 2.1091E-09 2.1194E-09 2.1293E-09 2.1389E-09
1.3058E-09 1.3229E-09 1.3427E-09 1.3626E-09 1.3828E-09 1.4006E-09 1.4184E-09 1.4390E-09 1.4597E-09 1.4807E-09 1.4991E-09 1.5150E-09 1.5388E-09 1.5549E-09 1.5710E-09 1.5870E-09 1.6031E-09 1.6191E-09 1.6351E-09 1.6510E-09 1.6669E-09 1.6828E-09 1.6986E-09 1.7143E-09 1.7300E-09 1.7456E-09 1.7611E-09 1.7766E-09 1.7920E-09 1.8072E-09 1.8224E-09 1.8374E-09 1.8523E-09 1.8671E-09 1.8818E-09 1.8963E-09 1.9106E-09 1.9248E-09 1.9536E-09 1.9678E-09 1.9817E-09 1.9955E-09 2.0139E-09 2.0273E-09 2.0405E-09 2.0534E-09 2.0661E-09 2.0785E-09 2.0907E-09 2.1026E-09 2.1142E-09 2.1303E-09 2.1414E-09 2.1562E-09 2.1667E-09 2.1809E-09 2.1908E-09
1.3314E-09 1.3465E-09 1.3718E-09 1.3898E-09 1.4053E-09 1.4287E-09 1.4470E-09 1.4707E-09 1.4895E-09 1.5057E-09 1.5245E-09 1.5462E-09 1.5626E-09 1.5790E-09 1.5954E-09 1.6119E-09 1.6283E-09 1.6446E-09 1.6610E-09 1.6773E-09 1.6935E-09 1.7098E-09 1.7259E-09 1.7420E-09 1.7581E-09 1.7740E-09 1.7899E-09 1.8057E-09 1.8215E-09 1.8371E-09 1.8526E-09 1.8680E-09 1.8832E-09 1.8983E-09 1.9133E-09 1.9432E-09 1.9582E-09 1.9779E-09 1.9927E-09 2.0073E-09 2.0216E-09 2.0358E-09 2.0497E-09 2.0634E-09 2.0818E-09 2.0950E-09 2.1081E-09 2.1208E-09 2.1373E-09 2.1648E-09 2.1810E-09 2.1928E-09 2.2122E-09 2.2235E-09 2.2422E-09 2.2577E-09 2.2680E-09
1.3550E-09 1.3757E-09 1.3939E-09 1.4123E-09 1.4334E-09 1.4547E-09 1.4762E-09 1.4953E-09 1.5145E-09 1.5364E-09 1.5531E-09 1.5699E-09 1.5867E-09 1.6035E-09 1.6203E-09 1.6370E-09 1.6538E-09 1.6705E-09 1.6872E-09 1.7039E-09 1.7205E-09 1.7371E-09 1.7537E-09 1.7701E-09 1.7865E-09 1.8029E-09 1.8191E-09 1.8353E-09 1.8514E-09 1.8674E-09 1.8832E-09 1.9137E-09 1.9297E-09 1.9456E-09 1.9662E-09 1.9818E-09 1.9973E-09 2.0126E-09 2.0278E-09 2.0475E-09 2.0623E-09 2.0769E-09 2.1065E-09 2.1208E-09 2.1388E-09 2.1567E-09 2.1802E-09 2.2015E-09 2.2148E-09 2.2355E-09 2.2482E-09 2.2690E-09 2.2883E-09 2.3001E-09 2.3130E-09 2.3241E-09 2.3348E-09
1.3817E-09 1.3977E-09 1.4215E-09 1.4378E-09 1.4646E-09 1.4840E-09 1.5008E-09 1.5203E-09 1.5426E-09 1.5597E-09 1.5768E-09 1.5940E-09 1.6111E-09 1.6283E-09 1.6454E-09 1.6626E-09 1.6797E-09 1.6968E-09 1.7139E-09 1.7309E-09 1.7479E-09 1.7649E-09 1.7818E-09 1.7987E-09 1.8154E-09 1.8322E-09 1.8488E-09 1.8653E-09 1.8818E-09 1.9132E-09 1.9298E-09 1.9513E-09 1.9678E-09 1.9842E-09 2.0004E-09 2.0164E-09 2.0372E-09 2.0529E-09 2.0839E-09 2.0995E-09 2.1150E-09 2.1480E-09 2.1633E-09 2.1783E-09 2.2009E-09 2.2374E-09 2.2603E-09 2.2747E-09 2.2901E-09 2.3088E-09 2.3221E-09 2.3351E-09 2.3517E-09 2.3687E-09 2.3847E-09 2.3977E-09 2.4168E-09
1.4037E-09 1.4253E-09 1.4444E-09 1.4691E-09 1.4887E-09 1.5085E-09 1.5310E-09 1.5484E-09 1.5658E-09 1.5833E-09 1.6008E-09 1.6183E-09 1.6359E-09 1.6534E-09 1.6709E-09 1.6884E-09 1.7059E-09 1.7234E-09 1.7409E-09 1.7583E-09 1.7757E-09 1.7931E-09 1.8104E-09 1.8276E-09 1.8448E-09 1.8618E-09 1.8938E-09 1.9111E-09 1.9333E-09 1.9506E-09 1.9678E-09 1.9848E-09 2.0066E-09 2.0234E-09 2.0554E-09 2.0723E-09 2.0890E-09 2.1153E-09 2.1398E-09 2.1563E-09 2.1867E-09 2.2108E-09 2.2430E-09 2.2640E-09 2.2859E-09 2.3015E-09 2.3167E-09 2.3473E-09 2.3660E-09 2.3861E-09 2.4001E-09 2.4266E-09 2.4451E-09 2.4660E-09 2.4785E-09 2.4991E-09 2.5108E-09
1.4286E-09 1.4507E-09 1.4731E-09 1.4931E-09 1.5131E-09 1.5361E-09 1.5538E-09 1.5716E-09 1.5894E-09 1.6073E-09 1.6251E-09 1.6430E-09 1.6609E-09 1.6788E-09 1.6967E-09 1.7147E-09 1.7325E-09 1.7504E-09 1.7683E-09 1.7861E-09 1.8039E-09 1.8216E-09 1.8393E-09 1.8569E-09 1.8896E-09 1.9075E-09 1.9304E-09 1.9483E-09 1.9662E-09 1.9839E-09 2.0064E-09 2.0392E-09 2.0571E-09 2.0748E-09 2.1022E-09 2.1278E-09 2.1595E-09 2.1771E-09 2.2108E-09 2.2457E-09 2.2647E-09 2.2820E-09 2.3148E-09 2.3317E-09 2.3539E-09 2.3845E-09 2.4052E-09 2.4290E-09 2.4446E-09 2.4749E-09 2.4984E-09 2.5201E-09 2.5342E-09 2.5509E-09 2.5640E-09 2.5766E-09 2.5887E-09
1.4592E-09 1.4794E-09 1.4970E-09 1.5227E-09 1.5407E-09 1.5588E-09 1.5769E-09 1.5951E-09 1.6133E-09 1.6315E-09 1.6498E-09 1.6680E-09 1.6863E-09 1.7046E-09 1.7229E-09 1.7412E-09 1.7595E-09 1.7778E-09 1.7960E-09 1.8143E-09 1.8324E-09 1.8506E-09 1.8838E-09 1.9072E-09 1.9259E-09 1.9444E-09 1.9629E-09 1.9861E-09 2.0045E-09 2.0383E-09 2.0570E-09 2.0853E-09 2.1078E-09 2.1447E-09 2.1635E-09 2.2079E-09 2.2346E-09 2.2548E-09 2.2894E-09 2.3080E-09 2.3377E-09 2.3691E-09 2.3873E-09 2.4051E-09 2.4453E-09 2.4792E-09 2.4965E-09 2.5216E-09 2.5381E-09 2.5635E-09 2.5791E-09 2.5984E-09 2.6130E-09 2.6491E-09 2.6629E-09 2.6842E-09 2.6969E-09
1.4826E-09 1.5032E-09 1.5267E-09 1.5450E-09 1.5634E-09 1.5818E-09 1.6003E-09 1.6189E-09 1.6374E-09 1.6561E-09 1.6747E-09 1.6934E-09 1.7121E-09 1.7307E-09 1.7494E-09 1.7681E-09 1.7868E-09 1.8055E-09 1.8242E-09 1.8428E-09 1.8766E-09 1.9005E-09 1.9197E-09 1.9389E-09 1.9580E-09 1.9819E-09 2.0162E-09 2.0357E-09 2.0601E-09 2.0843E-09 2.1259E-09 2.1458E-09 2.1829E-09 2.2113E-09 2.2562E-09 2.2765E-09 2.3011E-09 2.3327E-09 2.3608E-09 2.3877E-09 2.4226E-09 2.4506E-09 2.4876E-09 2.5148E-09 2.5337E-09 2.5522E-09 2.5866E-09 2.6085E-09 2.6317E-09 2.6486E-09 2.6789E-09 2.7032E-09 2.7268E-09 2.7466E-09 2.7698E-09 2.7856E-09 2.7989E-09
1.5116E-09 1.5302E-09 1.5488E-09 1.5675E-09 1.5863E-09 1.6051E-09 1.6240E-09 1.6429E-09 1.6619E-09 1.6809E-09 1.7000E-09 1.7190E-09 1.7381E-09 1.7572E-09 1.7763E-09 1.7954E-09 1.8145E-09 1.8336E-09 1.8678E-09 1.8923E-09 1.9120E-09 1.9318E-09 1.9514E-09 1.9760E-09 2.0110E-09 2.0312E-09 2.0564E-09 2.0885E-09 2.1241E-09 2.1495E-09 2.1915E-09 2.2373E-09 2.2589E-09 2.2848E-09 2.3178E-09 2.3473E-09 2.3831E-09 2.4044E-09 2.4565E-09 2.4874E-09 2.5100E-09 2.5471E-09 2.5678E-09 2.5914E-09 2.6317E-09 2.6562E-09 2.6755E-09 2.7026E-09 2.7384E-09 2.7761E-09 2.7938E-09 2.8141E-09 2.8306E-09 2.8518E-09 2.8670E-09 2.8857E-09 2.8995E-09
1.5333E-09 1.5522E-09 1.5712E-09 1.5903E-09 1.6095E-09 1.6287E-09 1.6479E-09 1.6673E-09 1.6866E-09 1.7061E-09 1.7255E-09 1.7450E-09 1.7645E-09 1.7840E-09 1.8035E-09 1.8231E-09 1.8575E-09 1.8777E-09 1.9028E-09 1.9230E-09 1.9433E-09 1.9684E-09 2.0041E-09 2.0249E-09 2.0556E-09 2.0837E-09 2.1249E-09 2.1515E-09 2.1896E-09 2.2367E-09 2.2639E-09 2.2980E-09 2.3207E-09 2.3660E-09 2.3933E-09 2.4425E-09 2.4750E-09 2.5155E-09 2.5385E-09 2.5645E-09 2.6036E-09 2.6342E-09 2.6561E-09 2.7041E-09 2.7274E-09 2.7653E-09 2.7930E-09 2.8244E-09 2.8442E-09 2.8666E-09 2.8852E-09 2.9241E-09 2.9474E-09 2.9661E-09 2.9905E-09 3.0059E-09 3.0340E-09
1.5551E-09 1.5745E-09 1.5939E-09 1.6133E-09 1.6329E-09 1.6525E-09 1.6722E-09 1.6919E-09 1.7117E-09 1.7315E-09 1.7514E-09 1.7713E-09 1.7912E-09 1.8112E-09 1.8458E-09 1.8664E-09 1.8920E-09 1.9127E-09 1.9335E-09 1.9591E-09 1.9954E-09 2.0169E-09 2.0482E-09 2.0771E-09 2.1191E-09 2.1548E-09 2.1869E-09 2.2383E-09 2.2671E-09 2.2973E-09 2.3364E-09 2.3724E-09 2.4014E-09 2.4490E-09 2.4990E-09 2.5271E-09 2.5616E-09 2.5927E-09 2.6253E-09 2.6676E-09 2.7016E-09 2.7387E-09 2.7824E-09 2.8106E-09 2.8335E-09 2.8727E-09 2.8947E-09 2.9239E-09 2.9667E-09 2.9871E-09 3.0202E-09 3.0415E-09 3.0683E-09 3.1047E-09 3.1218E-09 3.1381E-09 3.1662E-09
1.5773E-09 1.5970E-09 1.6168E-09 1.6366E-09 1.6566E-09 1.6766E-09 1.6967E-09 1.7169E-09 1.7371E-09 1.7573E-09 1.7776E-09 1.7979E-09 1.8183E-09 1.8537E-09 1.8796E-09 1.9009E-09 1.9222E-09 1.9483E-09 1.9849E-09 2.0070E-09 2.0342E-09 2.0685E-09 2.1112E-09 2.1477E-09 2.1962E-09 2.2330E-09 2.2628E-09 2.3012E-09 2.3462E-09 2.3765E-09 2.4236E-09 2.4525E-09 2.5062E-09 2.5371E-09 2.5753E-09 2.6097E-09 2.6542E-09 2.6867E-09 2.7398E-09 2.7789E-09 2.8063E-09 2.8486E-09 2.8773E-09 2.9144E-09 2.9575E-09 2.9837E-09 3.0155E-09 3.0591E-09 3.0988E-09 3.1208E-09 3.1438E-09 3.1712E-09 3.1908E-09 3.2195E-09 3.2409E-09 3.2623E-09 3.2828E-09
1.5996E-09 1.6197E-09 1.6399E-09 1.6602E-09 1.6806E-09 1.7010E-09 1.7215E-09 1.7421E-09 1.7627E-09 1.7834E-09 1.8041E-09 1.8396E-09 1.8611E-09 1.8876E-09 1.9093E-09 1.9311E-09 1.9578E-09 1.9954E-09 2.0231E-09 2.0579E-09 2.1012E-09 2.1384E-09 2.1877E-09 2.2254E-09 2.2576E-09 2.2955E-09 2.3464E-09 2.3731E-09 2.4231E-09 2.4792E-09 2.5117E-09 2.5464E-09 2.5792E-09 2.6337E-09 2.6732E-09 2.7233E-09 2.7565E-09 2.8109E-09 2.8426E-09 2.8772E-09 2.9204E-09 2.9584E-09 2.9963E-09 3.0409E-09 3.0760E-09 3.1203E-09 3.1540E-09 3.1821E-09 3.2061E-09 3.2292E-09 3.2557E-09 3.2852E-09 3.3059E-09 3.3343E-09 3.3654E-09 3.3834E-09 3.4089E-09
1.6222E-09 1.6427E-09 1.6633E-09 1.6840E-09 1.7048E-09 1.7257E-09 1.7466E-09 1.7676E-09 1.7887E-09 1.8098E-09 1.8460E-09 1.8727E-09 1.8949E-09 1.9171E-09 1.9442E-09 1.9821E-09 2.0053E-09 2.0455E-09 2.0893E-09 2.1139E-09 2.1615E-09 2.2153E-09 2.2484E-09 2.2873E-09 2.3392E-09 2.3670E-09 2.4181E-09 2.4756E-09 2.5095E-09 2.5506E-09 2.5907E-09 2.6427E-09 2.6775E-09 2.7346E-09 2.7910E-09 2.8249E-09 2.8708E-09 2.9078E-09 2.9484E-09 2.9970E-09 3.0284E-09 3.0902E-09 3.1294E-09 3.1630E-09 3.1910E-09 3.2182E-09 3.2503E-09 3.2953E-09 3.3256E-09 3.3521E-09 3.3843E-09 3.4235E-09 3.4565E-09 3.4891E-09 3.5093E-09 3.5317E-09 3.5497E-09
1.6450E-09 1.6660E-09 1.6870E-09 1.7081E-09 1.7293E-09 1.7506E-09 1.7720E-09 1.7934E-09 1.8149E-09 1.8518E-09 1.8791E-09 1.9017E-09 1.9243E-09 1.9520E-09 1.9908E-09 2.0266E-09 2.0645E-09 2.1006E-09 2.1409E-09 2.1953E-09 2.2368E-09 2.2765E-09 2.3293E-09 2.3581E-09 2.4103E-09 2.4657E-09 2.5041E-09 2.5499E-09 2.5924E-09 2.6468E-09 2.6955E-09 2.7388E-09 2.7993E-09 2.8418E-09 2.8866E-09 2.9245E-09 2.9808E-09 3.0198E-09 3.0797E-09 3.1268E-09 3.1586E-09 3.1898E-09 3.2260E-09 3.2714E-09 3.3097E-09 3.3408E-09 3.3969E-09 3.4266E-09 3.4712E-09 3.4991E-09 3.5308E-09 3.5603E-09 3.5871E-09 3.6092E-09 3.6302E-09 3.6517E-09 3.6704E-09
