Assets/Resources/2015_m01_d03_1200(utc+0800)_l00_csi_1hr_conc.grd
DSAA
         159         159
     -79.000      79.000
     -79.000      79.000
  0.2130E-10  0.3434E-05
[rows 25 to 49 of 159, columns 57 to 113 of 159]
6.8460E-10 7.0090E-10 7.1709E-10 7.3312E-10 7.4928E-10 7.6463E-10 7.8008E-10 7.9526E-10 8.0985E-10 8.2480E-10 8.3877E-10 8.5306E-10 8.6666E-10 8.7954E-10 8.9233E-10 9.0465E-10 9.1655E-10 9.2794E-10 9.3888E-10 9.4927E-10 9.5886E-10 9.6847E-10 9.7697E-10 9.8545E-10 9.9279E-10 9.9982E-10 1.0062E-09 1.0121E-09 1.0173E-09 1.0216E-09 1.0258E-09 1.0288E-09 1.0315E-09 1.0335E-09 1.0349E-09 1.0357E-09 1.0355E-09 1.0350E-09 1.0338E-09 1.0318E-09 1.0294E-09 1.0261E-09 1.0228E-09 1.0184E-09 1.0136E-09 1.0080E-09 1.0022E-09 9.9552E-10 9.8862E-10 9.8095E-10 9.7279E-10 9.6447E-10 9.5541E-10 9.4592E-10 9.3685E-10 9.2658E-10 9.1594E-10
7.0255E-10 7.1959E-10 7.3618E-10 7.5261E-10 7.6888E-10 7.8461E-10 8.0043E-10 8.1632E-10 8.3130E-10 8.4661E-10 8.6096E-10 8.7528E-10 8.8922E-10 9.0272E-10 9.1584E-10 9.2847E-10 9.4069E-10 9.5238E-10 9.6329E-10 9.7425E-10 9.8410E-10 9.9396E-10 1.0027E-09 1.0114E-09 1.0190E-09 1.0265E-09 1.0328E-09 1.0391E-09 1.0442E-09 1.0489E-09 1.0530E-09 1.0565E-09 1.0592E-09 1.0611E-09 1.0626E-09 1.0634E-09 1.0632E-09 1.0628E-09 1.0619E-09 1.0599E-09 1.0575E-09 1.0542E-09 1.0505E-09 1.0463E-09 1.0412E-09 1.0358E-09 1.0296E-09 1.0236E-09 1.0163E-09 1.0085E-09 1.0005E-09 9.9171E-10 9.8300E-10 9.7332E-10 9.6323E-10 9.5274E-10 9.4216E-10
7.2100E-10 7.3844E-10 7.5512E-10 7.7198E-10 7.8863E-10 8.0509E-10 8.2131E-10 8.3759E-10 8.5295E-10 8.6834E-10 8.8304E-10 8.9800E-10 9.1229E-10 9.2614E-10 9.3959E-10 9.5256E-10 9.6478E-10 9.7706E-10 9.8827E-10 9.9951E-10 1.0096E-09 1.0198E-09 1.0291E-09 1.0377E-09 1.0455E-09 1.0533E-09 1.0598E-09 1.0663E-09 1.0715E-09 1.0767E-09 1.0807E-09 1.0843E-09 1.0872E-09 1.0891E-09 1.0909E-09 1.0918E-09 1.0921E-09 1.0913E-09 1.0902E-09 1.0885E-09 1.0858E-09 1.0827E-09 1.0788E-09 1.0750E-09 1.0698E-09 1.0644E-09 1.0581E-09 1.0517E-09 1.0443E-09 1.0366E-09 1.0282E-09 1.0198E-09 1.0104E-09 1.0010E-09 9.9103E-10 9.8033E-10 9.6923E-10
7.3959E-10 7.5714E-10 7.7424E-10 7.9148E-10 8.0889E-10 8.2542E-10 8.4238E-10 8.5875E-10 8.7449E-10 8.9025E-10 9.0562E-10 9.2094E-10 9.3560E-10 9.4980E-10 9.6329E-10 9.7687E-10 9.8942E-10 1.0020E-09 1.0135E-09 1.0251E-09 1.0358E-09 1.0459E-09 1.0555E-09 1.0644E-09 1.0727E-09 1.0804E-09 1.0875E-09 1.0939E-09 1.0996E-09 1.1047E-09 1.1088E-09 1.1125E-09 1.1158E-09 1.1181E-09 1.1195E-09 1.1205E-09 1.1208E-09 1.1201E-09 1.1190E-09 1.1178E-09 1.1151E-09 1.1121E-09 1.1081E-09 1.1040E-09 1.0991E-09 1.0933E-09 1.0874E-09 1.0804E-09 1.0737E-09 1.0656E-09 1.0576E-09 1.0485E-09 1.0394E-09 1.0294E-09 1.0189E-09 1.0085E-09 9.9713E-10
7.5801E-10 7.7598E-10 7.9383E-10 8.1150E-10 8.2931E-10 8.4627E-10 8.6331E-10 8.8007E-10 8.9650E-10 9.1264E-10 9.2840E-10 9.4411E-10 9.5882E-10 9.7366E-10 9.8751E-10 1.0014E-09 1.0143E-09 1.0272E-09 1.0394E-09 1.0510E-09 1.0620E-09 1.0724E-09 1.0822E-09 1.0914E-09 1.1003E-09 1.1079E-09 1.1152E-09 1.1218E-09 1.1277E-09 1.1330E-09 1.1376E-09 1.1414E-09 1.1446E-09 1.1471E-09 1.1485E-09 1.1496E-09 1.1505E-09 1.1499E-09 1.1488E-09 1.1474E-09 1.1450E-09 1.1417E-09 1.1382E-09 1.1336E-09 1.1291E-09 1.1238E-09 1.1173E-09 1.1108E-09 1.1031E-09 1.0955E-09 1.0867E-09 1.0780E-09 1.0683E-09 1.0580E-09 1.0478E-09 1.0367E-09 1.0251E-09
7.7655E-10 7.9528E-10 8.1322E-10 8.3166E-10 8.4959E-10 8.6696E-10 8.8469E-10 9.0186E-10 9.1869E-10 9.3524E-10 9.5139E-10 9.6744E-10 9.8254E-10 9.9775E-10 1.0120E-09 1.0262E-09 1.0395E-09 1.0528E-09 1.0652E-09 1.0771E-09 1.0885E-09 1.0992E-09 1.1096E-09 1.1188E-09 1.1279E-09 1.1358E-09 1.1433E-09 1.1501E-09 1.1566E-09 1.1618E-09 1.1665E-09 1.1705E-09 1.1739E-09 1.1764E-09 1.1786E-09 1.1797E-09 1.1804E-09 1.1802E-09 1.1789E-09 1.1775E-09 1.1757E-09 1.1724E-09 1.1689E-09 1.1648E-09 1.1595E-09 1.1541E-09 1.1475E-09 1.1409E-09 1.1332E-09 1.1254E-09 1.1165E-09 1.1077E-09 1.0977E-09 1.0873E-09 1.0764E-09 1.0655E-09 1.0537E-09
7.9555E-10 8.1471E-10 8.3310E-10 8.5165E-10 8.7000E-10 8.8807E-10 9.0622E-10 9.2382E-10 9.4106E-10 9.5770E-10 9.7454E-10 9.9098E-10 1.0065E-09 1.0221E-09 1.0366E-09 1.0513E-09 1.0649E-09 1.0786E-09 1.0914E-09 1.1036E-09 1.1155E-09 1.1263E-09 1.1370E-09 1.1465E-09 1.1559E-09 1.1644E-09 1.1721E-09 1.1789E-09 1.1856E-09 1.1909E-09 1.1962E-09 1.2006E-09 1.2041E-09 1.2071E-09 1.2091E-09 1.2101E-09 1.2108E-09 1.2112E-09 1.2101E-09 1.2087E-09 1.2066E-09 1.2038E-09 1.1999E-09 1.1957E-09 1.1904E-09 1.1850E-09 1.1789E-09 1.1717E-09 1.1638E-09 1.1554E-09 1.1469E-09 1.1374E-09 1.1273E-09 1.1166E-09 1.1066E-09 1.0950E-09 1.0830E-09
8.1467E-10 8.3397E-10 8.5279E-10 8.7204E-10 8.9082E-10 9.0934E-10 9.2791E-10 9.4562E-10 9.6357E-10 9.8063E-10 9.9787E-10 1.0147E-09 1.0306E-09 1.0466E-09 1.0616E-09 1.0767E-09 1.0906E-09 1.1046E-09 1.1181E-09 1.1304E-09 1.1427E-09 1.1537E-09 1.1648E-09 1.1749E-09 1.1843E-09 1.1930E-09 1.2010E-09 1.2084E-09 1.2149E-09 1.2211E-09 1.2262E-09 1.2308E-09 1.2345E-09 1.2376E-09 1.2398E-09 1.2414E-09 1.2423E-09 1.2425E-09 1.2419E-09 1.2401E-09 1.2381E-09 1.2354E-09 1.2314E-09 1.2273E-09 1.2220E-09 1.2159E-09 1.2098E-09 1.2025E-09 1.1946E-09 1.1871E-09 1.1780E-09 1.1683E-09 1.1580E-09 1.1478E-09 1.1365E-09 1.1246E-09 1.1123E-09
8.3358E-10 8.5331E-10 8.7286E-10 8.9229E-10 9.1179E-10 9.3074E-10 9.4916E-10 9.6786E-10 9.8624E-10 1.0037E-09 1.0214E-09 1.0384E-09 1.0550E-09 1.0714E-09 1.0868E-09 1.1022E-09 1.1166E-09 1.1310E-09 1.1448E-09 1.1575E-09 1.1701E-09 1.1815E-09 1.1929E-09 1.2033E-09 1.2130E-09 1.2220E-09 1.2303E-09 1.2384E-09 1.2450E-09 1.2513E-09 1.2567E-09 1.2615E-09 1.2659E-09 1.2692E-09 1.2712E-09 1.2730E-09 1.2740E-09 1.2743E-09 1.2738E-09 1.2721E-09 1.2702E-09 1.2669E-09 1.2635E-09 1.2589E-09 1.2535E-09 1.2486E-09 1.2418E-09 1.2345E-09 1.2270E-09 1.2184E-09 1.2091E-09 1.1993E-09 1.1894E-09 1.1805E-09 1.1711E-09 1.1599E-09 1.1474E-09
8.5257E-10 8.7304E-10 8.9305E-10 9.1292E-10 9.3256E-10 9.5224E-10 9.7111E-10 9.9025E-10 1.0091E-09 1.0270E-09 1.0451E-09 1.0623E-09 1.0796E-09 1.0964E-09 1.1122E-09 1.1280E-09 1.1428E-09 1.1576E-09 1.1718E-09 1.1848E-09 1.1978E-09 1.2096E-09 1.2213E-09 1.2320E-09 1.2420E-09 1.2519E-09 1.2602E-09 1.2686E-09 1.2754E-09 1.2822E-09 1.2881E-09 1.2931E-09 1.2974E-09 1.3009E-09 1.3031E-09 1.3056E-09 1.3062E-09 1.3066E-09 1.3058E-09 1.3046E-09 1.3022E-09 1.2990E-09 1.2962E-09 1.2916E-09 1.2862E-09 1.2807E-09 1.2740E-09 1.2665E-09 1.2590E-09 1.2523E-09 1.2451E-09 1.2365E-09 1.2267E-09 1.2204E-09 1.2096E-09 1.1977E-09 1.1864E-09
8.7194E-10 8.9254E-10 9.1333E-10 9.3335E-10 9.5372E-10 9.7385E-10 9.9318E-10 1.0128E-09 1.0318E-09 1.0504E-09 1.0690E-09 1.0866E-09 1.1043E-09 1.1216E-09 1.1378E-09 1.1541E-09 1.1693E-09 1.1844E-09 1.1991E-09 1.2125E-09 1.2259E-09 1.2380E-09 1.2500E-09 1.2616E-09 1.2717E-09 1.2818E-09 1.2904E-09 1.2991E-09 1.3067E-09 1.3135E-09 1.3196E-09 1.3249E-09 1.3294E-09 1.3331E-09 1.3360E-09 1.3376E-09 1.3384E-09 1.3389E-09 1.3381E-09 1.3376E-09 1.3353E-09 1.3328E-09 1.3289E-09 1.3243E-09 1.3195E-09 1.3134E-09 1.3108E-09 1.3047E-09 1.2973E-09 1.2934E-09 1.2849E-09 1.2757E-09 1.2699E-09 1.2597E-09 1.2490E-09 1.2382E-09 1.2296E-09
8.9137E-10 9.1245E-10 9.3337E-10 9.5415E-10 9.7498E-10 9.9530E-10 1.0154E-09 1.0354E-09 1.0546E-09 1.0740E-09 1.0930E-09 1.1111E-09 1.1293E-09 1.1470E-09 1.1637E-09 1.1804E-09 1.1960E-09 1.2116E-09 1.2266E-09 1.2404E-09 1.2541E-09 1.2672E-09 1.2793E-09 1.2912E-09 1.3016E-09 1.3121E-09 1.3215E-09 1.3302E-09 1.3381E-09 1.3452E-09 1.3515E-09 1.3571E-09 1.3618E-09 1.3652E-09 1.3683E-09 1.3700E-09 1.3716E-09 1.3722E-09 1.3716E-09 1.3707E-09 1.3685E-09 1.3660E-09 1.3622E-09 1.3596E-09 1.3577E-09 1.3532E-09 1.3507E-09 1.3448E-09 1.3376E-09 1.3338E-09 1.3260E-09 1.3170E-09 1.3113E-09 1.3012E-09 1.2899E-09 1.2805E-09 1.2705E-09
9.1056E-10 9.3238E-10 9.5378E-10 9.7503E-10 9.9634E-10 1.0169E-09 1.0377E-09 1.0582E-09 1.0779E-09 1.0978E-09 1.1173E-09 1.1358E-09 1.1544E-09 1.1726E-09 1.1897E-09 1.2069E-09 1.2229E-09 1.2389E-09 1.2544E-09 1.2686E-09 1.2829E-09 1.2964E-09 1.3088E-09 1.3211E-09 1.3324E-09 1.3429E-09 1.3527E-09 1.3617E-09 1.3699E-09 1.3772E-09 1.3838E-09 1.3891E-09 1.3941E-09 1.3977E-09 1.4015E-09 1.4035E-09 1.4052E-09 1.4055E-09 1.4050E-09 1.4042E-09 1.4021E-09 1.4039E-09 1.4023E-09 1.4021E-09 1.3984E-09 1.3942E-09 1.3919E-09 1.3862E-09 1.3819E-09 1.3757E-09 1.3675E-09 1.3612E-09 1.3531E-09 1.3431E-09 1.3324E-09 1.3249E-09 1.3131E-09
9.3008E-10 9.5209E-10 9.7400E-10 9.9599E-10 1.0175E-09 1.0388E-09 1.0601E-09 1.0812E-09 1.1013E-09 1.1217E-09 1.1413E-09 1.1606E-09 1.1797E-09 1.1978E-09 1.2160E-09 1.2336E-09 1.2500E-09 1.2665E-09 1.2826E-09 1.2972E-09 1.3120E-09 1.3258E-09 1.3386E-09 1.3515E-09 1.3632E-09 1.3740E-09 1.3841E-09 1.3934E-09 1.4019E-09 1.4091E-09 1.4160E-09 1.4215E-09 1.4273E-09 1.4311E-09 1.4347E-09 1.4369E-09 1.4387E-09 1.4392E-09 1.4414E-09 1.4431E-09 1.4427E-09 1.4448E-09 1.4436E-09 1.4443E-09 1.4404E-09 1.4384E-09 1.4345E-09 1.4292E-09 1.4263E-09 1.4191E-09 1.4111E-09 1.4062E-09 1.3970E-09 1.3865E-09 1.3760E-09 1.3648E-09 1.3524E-09
9.4963E-10 9.7214E-10 9.9453E-10 1.0170E-09 1.0391E-09 1.0609E-09 1.0827E-09 1.1036E-09 1.1248E-09 1.1457E-09 1.1658E-09 1.1856E-09 1.2052E-09 1.2238E-09 1.2424E-09 1.2604E-09 1.2773E-09 1.2945E-09 1.3110E-09 1.3260E-09 1.3412E-09 1.3559E-09 1.3689E-09 1.3822E-09 1.3937E-09 1.4054E-09 1.4159E-09 1.4250E-09 1.4338E-09 1.4413E-09 1.4490E-09 1.4548E-09 1.4603E-09 1.4644E-09 1.4682E-09 1.4706E-09 1.4747E-09 1.4789E-09 1.4823E-09 1.4844E-09 1.4844E-09 1.4869E-09 1.4862E-09 1.4867E-09 1.4838E-09 1.4815E-09 1.4786E-09 1.4736E-09 1.4704E-09 1.4634E-09 1.4557E-09 1.4473E-09 1.4376E-09 1.4271E-09 1.4160E-09 1.4042E-09 1.3917E-09
9.6894E-10 9.9197E-10 1.0151E-09 1.0378E-09 1.0604E-09 1.0830E-09 1.1050E-09 1.1268E-09 1.1485E-09 1.1698E-09 1.1902E-09 1.2108E-09 1.2308E-09 1.2499E-09 1.2689E-09 1.2877E-09 1.3051E-09 1.3226E-09 1.3396E-09 1.3550E-09 1.3709E-09 1.3860E-09 1.3994E-09 1.4131E-09 1.4249E-09 1.4365E-09 1.4473E-09 1.4568E-09 1.4665E-09 1.4743E-09 1.4818E-09 1.4879E-09 1.4937E-09 1.4981E-09 1.5042E-09 1.5110E-09 1.5157E-09 1.5204E-09 1.5242E-09 1.5268E-09 1.5293E-09 1.5298E-09 1.5295E-09 1.5304E-09 1.5286E-09 1.5279E-09 1.5235E-09 1.5188E-09 1.5123E-09 1.5049E-09 1.4967E-09 1.4878E-09 1.4781E-09 1.4677E-09 1.4566E-09 1.4448E-09 1.4323E-09
9.8829E-10 1.0121E-09 1.0358E-09 1.0590E-09 1.0820E-09 1.1051E-09 1.1277E-09 1.1500E-09 1.1722E-09 1.1937E-09 1.2149E-09 1.2360E-09 1.2565E-09 1.2760E-09 1.2958E-09 1.3150E-09 1.3329E-09 1.3509E-09 1.3685E-09 1.3844E-09 1.4007E-09 1.4158E-09 1.4301E-09 1.4436E-09 1.4559E-09 1.4679E-09 1.4796E-09 1.4894E-09 1.4990E-09 1.5071E-09 1.5150E-09 1.5214E-09 1.5274E-09 1.5370E-09 1.5450E-09 1.5524E-09 1.5576E-09 1.5635E-09 1.5668E-09 1.5699E-09 1.5729E-09 1.5745E-09 1.5741E-09 1.5755E-09 1.5741E-09 1.5702E-09 1.5655E-09 1.5599E-09 1.5535E-09 1.5463E-09 1.5383E-09 1.5295E-09 1.5199E-09 1.5096E-09 1.4985E-09 1.4867E-09 1.4748E-09
1.0079E-09 1.0323E-09 1.0564E-09 1.0799E-09 1.1038E-09 1.1274E-09 1.1504E-09 1.1732E-09 1.1960E-09 1.2180E-09 1.2397E-09 1.2613E-09 1.2820E-09 1.3025E-09 1.3228E-09 1.3425E-09 1.3608E-09 1.3795E-09 1.3976E-09 1.4140E-09 1.4307E-09 1.4462E-09 1.4604E-09 1.4743E-09 1.4870E-09 1.4999E-09 1.5116E-09 1.5218E-09 1.5317E-09 1.5402E-09 1.5483E-09 1.5599E-09 1.5680E-09 1.5781E-09 1.5868E-09 1.5948E-09 1.6001E-09 1.6066E-09 1.6104E-09 1.6148E-09 1.6177E-09 1.6200E-09 1.6201E-09 1.6182E-09 1.6155E-09 1.6118E-09 1.6074E-09 1.6020E-09 1.5959E-09 1.5889E-09 1.5810E-09 1.5724E-09 1.5636E-09 1.5534E-09 1.5431E-09 1.5320E-09 1.5195E-09
1.0276E-09 1.0524E-09 1.0766E-09 1.1011E-09 1.1255E-09 1.1493E-09 1.1729E-09 1.1965E-09 1.2198E-09 1.2421E-09 1.2645E-09 1.2868E-09 1.3078E-09 1.3291E-09 1.3498E-09 1.3702E-09 1.3890E-09 1.4082E-09 1.4267E-09 1.4436E-09 1.4603E-09 1.4762E-09 1.4908E-09 1.5058E-09 1.5188E-09 1.5317E-09 1.5431E-09 1.5543E-09 1.5646E-09 1.5755E-09 1.5884E-09 1.6006E-09 1.6094E-09 1.6202E-09 1.6290E-09 1.6376E-09 1.6437E-09 1.6508E-09 1.6553E-09 1.6609E-09 1.6621E-09 1.6623E-09 1.6617E-09 1.6602E-09 1.6578E-09 1.6545E-09 1.6503E-09 1.6453E-09 1.6401E-09 1.6333E-09 1.6264E-09 1.6186E-09 1.6094E-09 1.6000E-09 1.5899E-09 1.5789E-09 1.5665E-09
1.0472E-09 1.0723E-09 1.0972E-09 1.1223E-09 1.1472E-09 1.1713E-09 1.1957E-09 1.2198E-09 1.2433E-09 1.2664E-09 1.2896E-09 1.3123E-09 1.3338E-09 1.3556E-09 1.3771E-09 1.3969E-09 1.4172E-09 1.4369E-09 1.4554E-09 1.4728E-09 1.4899E-09 1.5062E-09 1.5219E-09 1.5368E-09 1.5503E-09 1.5636E-09 1.5755E-09 1.5870E-09 1.6026E-09 1.6156E-09 1.6292E-09 1.6401E-09 1.6512E-09 1.6627E-09 1.6722E-09 1.6816E-09 1.6883E-09 1.6962E-09 1.6996E-09 1.7021E-09 1.7038E-09 1.7045E-09 1.7043E-09 1.7032E-09 1.7012E-09 1.6989E-09 1.6951E-09 1.6911E-09 1.6869E-09 1.6805E-09 1.6739E-09 1.6671E-09 1.6589E-09 1.6524E-09 1.6425E-09 1.6311E-09 1.6203E-09
1.0665E-09 1.0921E-09 1.1179E-09 1.1435E-09 1.1683E-09 1.1935E-09 1.2185E-09 1.2431E-09 1.2667E-09 1.2909E-09 1.3146E-09 1.3378E-09 1.3598E-09 1.3823E-09 1.4043E-09 1.4247E-09 1.4455E-09 1.4652E-09 1.4836E-09 1.5019E-09 1.5201E-09 1.5364E-09 1.5526E-09 1.5679E-09 1.5819E-09 1.5956E-09 1.6106E-09 1.6263E-09 1.6426E-09 1.6565E-09 1.6703E-09 1.6820E-09 1.6938E-09 1.7061E-09 1.7164E-09 1.7260E-09 1.7324E-09 1.7372E-09 1.7412E-09 1.7442E-09 1.7463E-09 1.7476E-09 1.7478E-09 1.7479E-09 1.7470E-09 1.7459E-09 1.7432E-09 1.7397E-09 1.7386E-09 1.7334E-09 1.7279E-09 1.7210E-09 1.7157E-09 1.7064E-09 1.6975E-09 1.6871E-09 1.6758E-09
1.0858E-09 1.1122E-09 1.1385E-09 1.1643E-09 1.1900E-09 1.2157E-09 1.2411E-09 1.2656E-09 1.2906E-09 1.3153E-09 1.3395E-09 1.3624E-09 1.3860E-09 1.4090E-09 1.4315E-09 1.4524E-09 1.4732E-09 1.4934E-09 1.5123E-09 1.5317E-09 1.5499E-09 1.5667E-09 1.5833E-09 1.5991E-09 1.6136E-09 1.6306E-09 1.6491E-09 1.6663E-09 1.6829E-09 1.6956E-09 1.7122E-09 1.7242E-09 1.7375E-09 1.7506E-09 1.7599E-09 1.7672E-09 1.7736E-09 1.7790E-09 1.7836E-09 1.7872E-09 1.7899E-09 1.7929E-09 1.7945E-09 1.7951E-09 1.7981E-09 1.7977E-09 1.7964E-09 1.7935E-09 1.7924E-09 1.7878E-09 1.7829E-09 1.7790E-09 1.7717E-09 1.7634E-09 1.7543E-09 1.7443E-09 1.7358E-09
1.1052E-09 1.1321E-09 1.1587E-09 1.1850E-09 1.2115E-09 1.2377E-09 1.2633E-09 1.2889E-09 1.3144E-09 1.3396E-09 1.3640E-09 1.3880E-09 1.4121E-09 1.4357E-09 1.4582E-09 1.4796E-09 1.5009E-09 1.5215E-09 1.5416E-09 1.5610E-09 1.5791E-09 1.5970E-09 1.6141E-09 1.6299E-09 1.6510E-09 1.6695E-09 1.6869E-09 1.7064E-09 1.7219E-09 1.7375E-09 1.7543E-09 1.7679E-09 1.7821E-09 1.7918E-09 1.8006E-09 1.8085E-09 1.8156E-09 1.8217E-09 1.8268E-09 1.8324E-09 1.8364E-09 1.8435E-09 1.8459E-09 1.8480E-09 1.8511E-09 1.8515E-09 1.8510E-09 1.8520E-09 1.8484E-09 1.8451E-09 1.8408E-09 1.8369E-09 1.8302E-09 1.8225E-09 1.8139E-09 1.8061E-09 1.7950E-09
1.1245E-09 1.1517E-09 1.1790E-09 1.2059E-09 1.2328E-09 1.2593E-09 1.2856E-09 1.3120E-09 1.3381E-09 1.3634E-09 1.3884E-09 1.4135E-09 1.4381E-09 1.4617E-09 1.4842E-09 1.5066E-09 1.5284E-09 1.5497E-09 1.5703E-09 1.5902E-09 1.6088E-09 1.6273E-09 1.6476E-09 1.6676E-09 1.6896E-09 1.7085E-09 1.7268E-09 1.7465E-09 1.7637E-09 1.7802E-09 1.7979E-09 1.8107E-09 1.8220E-09 1.8324E-09 1.8420E-09 1.8506E-09 1.8583E-09 1.8664E-09 1.8737E-09 1.8828E-09 1.8878E-09 1.8957E-09 1.8991E-09 1.9027E-09 1.9061E-09 1.9074E-09 1.9077E-09 1.9095E-09 1.9073E-09 1.9042E-09 1.9025E-09 1.8968E-09 1.8907E-09 1.8830E-09 1.8767E-09 1.8670E-09 1.8563E-09
1.1434E-09 1.1713E-09 1.1989E-09 1.2265E-09 1.2537E-09 1.2812E-09 1.3081E-09 1.3350E-09 1.3618E-09 1.3877E-09 1.4132E-09 1.4388E-09 1.4634E-09 1.4875E-09 1.5106E-09 1.5341E-09 1.5560E-09 1.5778E-09 1.5990E-09 1.6194E-09 1.6386E-09 1.6603E-09 1.6829E-09 1.7058E-09 1.7281E-09 1.7480E-09 1.7674E-09 1.7880E-09 1.8062E-09 1.8238E-09 1.8375E-09 1.8505E-09 1.8625E-09 1.8737E-09 1.8840E-09 1.8947E-09 1.9046E-09 1.9164E-09 1.9247E-09 1.9348E-09 1.9415E-09 1.9498E-09 1.9542E-09 1.9588E-09 1.9638E-09 1.9654E-09 1.9691E-09 1.9688E-09 1.9675E-09 1.9647E-09 1.9631E-09 1.9582E-09 1.9522E-09 1.9451E-09 1.9369E-09 1.9276E-09 1.9173E-09
