Assets/Resources/2015_m01_d06_0600(utc+0800)_l00_csi_1hr_conc.grd
DSAA
         159         159
     -79.000      79.000
     -79.000      79.000
  0.0000E+00  0.2792E-05
[rows 0 to 24 of 159, columns 57 to 113 of 159]
0.0000E+00 0.0000E+00 0.0000E+00 0.0000E+00 0.0000E+00 0.0000E+00 0.0000E+00 0.0000E+00 3.4247E-12 1.5182E-11 2.9376E-11 5.0331E-11 8.5215E-11 1.3046E-10 1.8977E-10 2.6871E-10 3.7014E-10 4.9583E-10 6.5322E-10 8.4680E-10 1.0800E-09 1.3548E-09 1.6732E-09 2.0343E-09 2.4355E-09 2.8720E-09 3.3365E-09 3.8161E-09 4.3005E-09 4.7720E-09 5.2158E-09 5.6159E-09 5.9552E-09 6.2189E-09 6.3973E-09 6.4823E-09 6.4691E-09 6.3585E-09 6.1545E-09 5.8665E-09 5.5067E-09 5.0899E-09 4.6322E-09 4.1504E-09 3.6605E-09 3.1774E-09 2.7142E-09 2.2813E-09 1.8862E-09 1.5336E-09 1.2260E-09 9.6191E-10 7.3584E-10 5.5082E-10 4.0445E-10 2.9059E-10 2.0297E-10
0.0000E+00 0.0000E+00 0.0000E+00 0.0000E+00 0.0000E+00 0.0000E+00 0.0000E+00 0.0000E+00 2.6847E-12 1.3573E-11 2.8132E-11 4.9132E-11 8.4080E-11 1.2998E-10 1.9205E-10 2.7414E-10 3.7835E-10 5.0984E-10 6.7508E-10 8.7795E-10 1.1235E-09 1.4160E-09 1.7552E-09 2.1432E-09 2.5758E-09 3.0497E-09 3.5542E-09 4.0812E-09 4.6126E-09 5.1350E-09 5.6302E-09 6.0785E-09 6.4630E-09 6.7682E-09 6.9799E-09 7.0880E-09 7.0877E-09 6.9784E-09 6.7653E-09 6.4578E-09 6.0689E-09 5.6151E-09 5.1142E-09 4.5853E-09 4.0465E-09 3.5146E-09 3.0038E-09 2.5261E-09 2.0896E-09 1.6991E-09 1.3578E-09 1.0637E-09 8.1344E-10 6.0995E-10 4.4797E-10 3.2148E-10 2.2471E-10
0.0000E+00 0.0000E+00 0.0000E+00 0.0000E+00 0.0000E+00 0.0000E+00 0.0000E+00 0.0000E+00 1.7946E-12 1.1868E-11 2.6205E-11 4.6980E-11 8.1106E-11 1.2936E-10 1.9052E-10 2.7384E-10 3.8143E-10 5.1650E-10 6.8714E-10 8.9881E-10 1.1560E-09 1.4627E-09 1.8215E-09 2.2322E-09 2.6943E-09 3.2015E-09 3.7473E-09 4.3163E-09 4.8976E-09 5.4713E-09 6.0172E-09 6.5177E-09 6.9515E-09 7.2985E-09 7.5451E-09 7.6803E-09 7.6975E-09 7.5952E-09 7.3777E-09 7.0551E-09 6.6411E-09 6.1533E-09 5.6112E-09 5.0357E-09 4.4469E-09 3.8639E-09 3.3029E-09 2.7771E-09 2.2962E-09 1.8679E-09 1.4944E-09 1.1715E-09 8.9455E-10 6.7023E-10 4.9311E-10 3.5382E-10 2.4767E-10
0.0000E+00 0.0000E+00 0.0000E+00 0.0000E+00 0.0000E+00 0.0000E+00 0.0000E+00 0.0000E+00 8.2566E-13 9.1895E-12 2.3255E-11 4.3577E-11 7.6504E-11 1.2443E-10 1.8686E-10 2.7123E-10 3.7946E-10 5.1719E-10 6.9106E-10 9.0828E-10 1.1731E-09 1.4914E-09 1.8658E-09 2.2967E-09 2.7857E-09 3.3256E-09 3.9069E-09 4.5208E-09 5.1481E-09 5.7715E-09 6.3714E-09 6.9230E-09 7.4053E-09 7.7996E-09 8.0873E-09 8.2551E-09 8.2940E-09 8.2016E-09 7.9826E-09 7.6469E-09 7.2095E-09 6.6891E-09 6.1074E-09 5.4870E-09 4.8503E-09 4.2187E-09 3.6093E-09 3.0371E-09 2.5123E-09 2.0430E-09 1.6329E-09 1.2805E-09 9.7922E-10 7.3404E-10 5.3906E-10 3.8779E-10 2.7214E-10
0.0000E+00 0.0000E+00 0.0000E+00 0.0000E+00 0.0000E+00 0.0000E+00 0.0000E+00 0.0000E+00 4.7573E-14 6.2454E-12 1.9663E-11 3.9183E-11 7.0290E-11 1.1860E-10 1.7953E-10 2.6289E-10 3.7252E-10 5.0981E-10 6.8560E-10 9.0594E-10 1.1773E-09 1.5039E-09 1.8902E-09 2.3398E-09 2.8495E-09 3.4168E-09 4.0336E-09 4.6848E-09 5.3572E-09 6.0312E-09 6.6814E-09 7.2876E-09 7.8248E-09 8.2684E-09 8.5979E-09 8.7995E-09 8.8635E-09 8.7861E-09 8.5712E-09 8.2280E-09 7.7718E-09 7.2230E-09 6.6046E-09 5.9413E-09 5.2575E-09 4.5761E-09 3.9174E-09 3.2982E-09 2.7317E-09 2.2237E-09 1.7780E-09 1.3932E-09 1.0651E-09 8.0029E-10 5.8877E-10 4.2257E-10 2.9581E-10
0.0000E+00 0.0000E+00 0.0000E+00 0.0000E+00 0.0000E+00 0.0000E+00 0.0000E+00 0.0000E+00 0.0000E+00 3.2122E-12 1.5421E-11 3.3956E-11 6.2613E-11 1.0969E-10 1.6951E-10 2.5179E-10 3.5982E-10 4.9725E-10 6.7195E-10 8.9250E-10 1.1657E-09 1.4968E-09 1.8910E-09 2.3536E-09 2.8839E-09 3.4749E-09 4.1204E-09 4.8093E-09 5.5249E-09 6.2443E-09 6.9477E-09 7.6071E-09 8.1955E-09 8.6900E-09 9.0686E-09 9.3122E-09 9.4085E-09 9.3525E-09 9.1468E-09 8.8008E-09 8.3306E-09 7.7571E-09 7.1050E-09 6.4013E-09 5.6722E-09 4.9429E-09 4.2355E-09 3.5679E-09 2.9547E-09 2.4051E-09 1.9250E-09 1.5091E-09 1.1561E-09 8.6735E-10 6.3835E-10 4.6023E-10 3.2178E-10
0.0000E+00 0.0000E+00 0.0000E+00 0.0000E+00 0.0000E+00 0.0000E+00 0.0000E+00 0.0000E+00 0.0000E+00 7.0112E-13 1.0643E-11 2.7982E-11 5.4684E-11 1.0015E-10 1.5672E-10 2.3555E-10 3.4319E-10 4.7717E-10 6.4946E-10 8.6833E-10 1.1412E-09 1.4745E-09 1.8731E-09 2.3461E-09 2.8866E-09 3.4974E-09 4.1691E-09 4.8902E-09 5.6429E-09 6.4100E-09 7.1623E-09 7.8752E-09 8.5212E-09 9.0710E-09 9.4987E-09 9.7848E-09 9.9159E-09 9.8856E-09 9.6945E-09 9.3507E-09 8.8714E-09 8.2778E-09 7.5962E-09 6.8552E-09 6.0831E-09 5.3078E-09 4.5538E-09 3.8410E-09 3.1836E-09 2.5929E-09 2.0739E-09 1.6266E-09 1.2486E-09 9.3840E-10 6.9044E-10 4.9634E-10 3.4928E-10
0.0000E+00 0.0000E+00 0.0000E+00 0.0000E+00 0.0000E+00 0.0000E+00 0.0000E+00 0.0000E+00 0.0000E+00 0.0000E+00 5.6217E-12 2.1834E-11 4.5491E-11 8.8475E-11 1.4242E-10 2.1753E-10 3.2122E-10 4.5238E-10 6.2053E-10 8.3431E-10 1.1028E-09 1.4337E-09 1.8325E-09 2.3099E-09 2.8624E-09 3.4866E-09 4.1794E-09 4.9276E-09 5.7182E-09 6.5251E-09 7.3269E-09 8.0937E-09 8.7934E-09 9.3979E-09 9.8813E-09 1.0219E-08 1.0394E-08 1.0397E-08 1.0227E-08 9.8916E-09 9.4080E-09 8.7982E-09 8.0900E-09 7.3138E-09 6.5001E-09 5.6797E-09 4.8774E-09 4.1163E-09 3.4142E-09 2.7842E-09 2.2275E-09 1.7485E-09 1.3415E-09 1.0098E-09 7.4471E-10 5.3613E-10 3.7585E-10
0.0000E+00 0.0000E+00 0.0000E+00 0.0000E+00 0.0000E+00 0.0000E+00 0.0000E+00 0.0000E+00 0.0000E+00 0.0000E+00 1.5841E-12 1.4827E-11 3.6643E-11 7.6206E-11 1.2632E-10 1.9705E-10 2.9519E-10 4.2241E-10 5.8412E-10 7.9210E-10 1.0554E-09 1.3814E-09 1.7760E-09 2.2552E-09 2.8096E-09 3.4444E-09 4.1520E-09 4.9252E-09 5.7447E-09 6.5928E-09 7.4398E-09 8.2578E-09 9.0167E-09 9.6827E-09 1.0223E-08 1.0612E-08 1.0833E-08 1.0872E-08 1.0729E-08 1.0409E-08 9.9267E-09 9.3065E-09 8.5761E-09 7.7683E-09 6.9162E-09 6.0521E-09 5.2048E-09 4.3977E-09 3.6510E-09 2.9768E-09 2.3828E-09 1.8732E-09 1.4395E-09 1.0828E-09 7.9793E-10 5.7614E-10 4.0432E-10
0.0000E+00 0.0000E+00 0.0000E+00 0.0000E+00 0.0000E+00 0.0000E+00 0.0000E+00 0.0000E+00 0.0000E+00 0.0000E+00 0.0000E+00 8.0113E-12 2.7744E-11 6.2423E-11 1.0937E-10 1.7528E-10 2.6659E-10 3.8827E-10 5.4369E-10 7.4283E-10 9.9670E-10 1.3128E-09 1.7005E-09 2.1780E-09 2.7338E-09 3.3730E-09 4.0938E-09 4.8845E-09 5.7326E-09 6.6135E-09 7.5054E-09 8.3776E-09 9.1924E-09 9.9161E-09 1.0519E-08 1.0969E-08 1.1245E-08 1.1329E-08 1.1219E-08 1.0918E-08 1.0442E-08 9.8155E-09 9.0661E-09 8.2281E-09 7.3376E-09 6.4311E-09 5.5364E-09 4.6831E-09 3.8926E-09 3.1752E-09 2.5439E-09 1.9995E-09 1.5384E-09 1.1576E-09 8.5353E-10 6.1565E-10 4.3456E-10
0.0000E+00 0.0000E+00 0.0000E+00 0.0000E+00 0.0000E+00 0.0000E+00 0.0000E+00 0.0000E+00 0.0000E+00 0.0000E+00 0.0000E+00 3.0771E-12 1.8250E-11 4.9274E-11 9.1414E-11 1.5186E-10 2.3725E-10 3.4858E-10 4.9841E-10 6.8973E-10 9.3301E-10 1.2386E-09 1.6153E-09 2.0866E-09 2.6374E-09 3.2775E-09 4.0037E-09 4.8097E-09 5.6791E-09 6.5959E-09 7.5312E-09 8.4518E-09 9.3261E-09 1.0116E-08 1.0785E-08 1.1296E-08 1.1627E-08 1.1761E-08 1.1690E-08 1.1416E-08 1.0952E-08 1.0322E-08 9.5571E-09 8.6932E-09 7.7679E-09 6.8173E-09 5.8770E-09 4.9763E-09 4.1366E-09 3.3768E-09 2.7076E-09 2.1277E-09 1.6383E-09 1.2332E-09 9.0858E-10 6.5494E-10 4.6192E-10
0.0000E+00 0.0000E+00 0.0000E+00 0.0000E+00 0.0000E+00 0.0000E+00 0.0000E+00 0.0000E+00 0.0000E+00 0.0000E+00 0.0000E+00 0.0000E+00 1.0256E-11 3.6152E-11 7.3047E-11 1.2855E-10 2.0596E-10 3.0984E-10 4.5035E-10 6.3155E-10 8.6163E-10 1.1536E-09 1.5162E-09 1.9799E-09 2.5252E-09 3.1618E-09 3.8919E-09 4.7074E-09 5.5980E-09 6.5432E-09 7.5170E-09 8.4911E-09 9.4252E-09 1.0278E-08 1.1013E-08 1.1595E-08 1.1992E-08 1.2183E-08 1.2156E-08 1.1912E-08 1.1465E-08 1.0836E-08 1.0057E-08 9.1663E-09 8.2038E-09 7.2122E-09 6.2265E-09 5.2769E-09 4.3898E-09 3.5859E-09 2.8734E-09 2.2603E-09 1.7388E-09 1.3085E-09 9.6523E-10 6.9620E-10 4.8882E-10
0.0000E+00 0.0000E+00 0.0000E+00 0.0000E+00 0.0000E+00 0.0000E+00 0.0000E+00 0.0000E+00 0.0000E+00 0.0000E+00 0.0000E+00 0.0000E+00 4.1762E-12 2.3393E-11 5.6431E-11 1.0509E-10 1.7498E-10 2.6909E-10 3.9923E-10 5.7202E-10 7.9083E-10 1.0677E-09 1.4144E-09 1.8669E-09 2.4003E-09 3.0301E-09 3.7577E-09 4.5807E-09 5.4875E-09 6.4613E-09 7.4778E-09 8.5003E-09 9.4930E-09 1.0416E-08 1.1225E-08 1.1881E-08 1.2346E-08 1.2598E-08 1.2623E-08 1.2416E-08 1.1989E-08 1.1365E-08 1.0577E-08 9.6614E-09 8.6632E-09 7.6254E-09 6.5871E-09 5.5852E-09 4.6491E-09 3.7979E-09 3.0431E-09 2.3927E-09 1.8428E-09 1.3843E-09 1.0180E-09 7.3395E-10 5.1678E-10
0.0000E+00 0.0000E+00 0.0000E+00 0.0000E+00 0.0000E+00 0.0000E+00 0.0000E+00 0.0000E+00 0.0000E+00 0.0000E+00 0.0000E+00 0.0000E+00 0.0000E+00 1.3606E-11 4.0270E-11 8.2777E-11 1.4593E-10 2.3110E-10 3.4997E-10 5.0938E-10 7.1509E-10 9.7590E-10 1.3049E-09 1.7455E-09 2.2677E-09 2.8876E-09 3.6113E-09 4.4381E-09 5.3593E-09 6.3578E-09 7.4083E-09 8.4828E-09 9.5396E-09 1.0532E-08 1.1416E-08 1.2148E-08 1.2688E-08 1.3008E-08 1.3089E-08 1.2924E-08 1.2523E-08 1.1906E-08 1.1107E-08 1.0167E-08 9.1337E-09 8.0521E-09 6.9637E-09 5.9073E-09 4.9170E-09 4.0148E-09 3.2171E-09 2.5249E-09 1.9416E-09 1.4585E-09 1.0736E-09 7.7242E-10 5.4211E-10
0.0000E+00 0.0000E+00 0.0000E+00 0.0000E+00 0.0000E+00 0.0000E+00 0.0000E+00 0.0000E+00 0.0000E+00 0.0000E+00 0.0000E+00 0.0000E+00 0.0000E+00 5.9462E-12 2.6588E-11 6.2845E-11 1.1738E-10 1.9335E-10 3.0124E-10 4.4800E-10 6.4118E-10 8.8759E-10 1.1971E-09 1.6228E-09 2.1289E-09 2.7349E-09 3.4509E-09 4.2798E-09 5.2123E-09 6.2349E-09 7.3257E-09 8.4501E-09 9.5678E-09 1.0635E-08 1.1603E-08 1.2421E-08 1.3046E-08 1.3442E-08 1.3587E-08 1.3469E-08 1.3097E-08 1.2490E-08 1.1680E-08 1.0713E-08 9.6349E-09 8.4981E-09 7.3506E-09 6.2375E-09 5.1907E-09 4.2351E-09 3.3883E-09 2.6589E-09 2.0420E-09 1.5291E-09 1.1215E-09 8.0503E-10 5.6425E-10
0.0000E+00 0.0000E+00 0.0000E+00 0.0000E+00 0.0000E+00 0.0000E+00 0.0000E+00 0.0000E+00 0.0000E+00 0.0000E+00 0.0000E+00 0.0000E+00 0.0000E+00 2.5818E-13 1.6105E-11 4.4569E-11 9.1516E-11 1.5900E-10 2.5453E-10 3.8750E-10 5.6515E-10 7.9578E-10 1.0860E-09 1.4975E-09 1.9875E-09 2.5791E-09 3.2885E-09 4.1140E-09 5.0561E-09 6.0993E-09 7.2242E-09 8.4006E-09 9.5862E-09 1.0732E-08 1.1784E-08 1.2691E-08 1.3404E-08 1.3881E-08 1.4094E-08 1.4028E-08 1.3687E-08 1.3089E-08 1.2270E-08 1.1274E-08 1.0157E-08 8.9659E-09 7.7595E-09 6.5805E-09 5.4695E-09 4.4595E-09 3.5613E-09 2.7867E-09 2.1350E-09 1.5975E-09 1.1693E-09 8.3741E-10 5.8289E-10
0.0000E+00 0.0000E+00 0.0000E+00 0.0000E+00 0.0000E+00 0.0000E+00 0.0000E+00 0.0000E+00 0.0000E+00 0.0000E+00 0.0000E+00 0.0000E+00 0.0000E+00 0.0000E+00 7.2066E-12 2.9919E-11 6.8838E-11 1.2638E-10 2.1165E-10 3.3032E-10 4.9285E-10 7.0716E-10 9.7981E-10 1.3735E-09 1.8460E-09 2.4212E-09 3.1160E-09 3.9412E-09 4.8897E-09 5.9558E-09 7.1187E-09 8.3463E-09 9.5976E-09 1.0825E-08 1.1972E-08 1.2978E-08 1.3789E-08 1.4356E-08 1.4647E-08 1.4640E-08 1.4334E-08 1.3746E-08 1.2912E-08 1.1881E-08 1.0708E-08 9.4540E-09 8.1784E-09 6.9308E-09 5.7551E-09 4.6811E-09 3.7317E-09 2.9141E-09 2.2263E-09 1.6586E-09 1.2073E-09 8.6091E-10 6.0025E-10
0.0000E+00 0.0000E+00 0.0000E+00 0.0000E+00 0.0000E+00 0.0000E+00 0.0000E+00 0.0000E+00 0.0000E+00 0.0000E+00 0.0000E+00 0.0000E+00 0.0000E+00 0.0000E+00 1.2926E-12 1.8434E-11 4.9436E-11 9.8107E-11 1.7123E-10 2.7558E-10 4.2178E-10 6.1857E-10 8.7265E-10 1.2453E-09 1.7063E-09 2.2643E-09 2.9501E-09 3.7672E-09 4.7237E-09 5.8074E-09 7.0022E-09 8.2850E-09 9.6101E-09 1.0925E-08 1.2170E-08 1.3281E-08 1.4196E-08 1.4861E-08 1.5230E-08 1.5282E-08 1.5010E-08 1.4433E-08 1.3585E-08 1.2515E-08 1.1288E-08 9.9677E-09 8.6163E-09 7.2905E-09 6.0422E-09 4.9027E-09 3.8966E-09 3.0310E-09 2.3054E-09 1.7125E-09 1.2443E-09 8.8068E-10 6.1043E-10
0.0000E+00 0.0000E+00 0.0000E+00 0.0000E+00 0.0000E+00 0.0000E+00 0.0000E+00 0.0000E+00 0.0000E+00 0.0000E+00 0.0000E+00 0.0000E+00 0.0000E+00 0.0000E+00 0.0000E+00 8.7741E-12 3.3345E-11 7.3497E-11 1.3640E-10 2.2839E-10 3.5759E-10 5.3571E-10 7.6985E-10 1.1183E-09 1.5671E-09 2.1084E-09 2.7786E-09 3.5924E-09 4.5511E-09 5.6548E-09 6.8917E-09 8.2294E-09 9.6277E-09 1.1035E-08 1.2386E-08 1.3610E-08 1.4637E-08 1.5408E-08 1.5869E-08 1.5987E-08 1.5753E-08 1.5182E-08 1.4311E-08 1.3195E-08 1.1900E-08 1.0500E-08 9.0630E-09 7.6559E-09 6.3280E-09 5.1189E-09 4.0518E-09 3.1413E-09 2.3804E-09 1.7551E-09 1.2658E-09 8.9299E-10 6.1359E-10
0.0000E+00 0.0000E+00 0.0000E+00 0.0000E+00 0.0000E+00 0.0000E+00 0.0000E+00 0.0000E+00 0.0000E+00 0.0000E+00 0.0000E+00 0.0000E+00 0.0000E+00 0.0000E+00 0.0000E+00 2.4630E-12 2.0823E-11 5.3039E-11 1.0618E-10 1.8516E-10 2.9792E-10 4.5682E-10 6.7035E-10 9.9397E-10 1.4296E-09 1.9575E-09 2.6147E-09 3.4203E-09 4.3841E-09 5.5089E-09 6.7783E-09 8.1741E-09 9.6542E-09 1.1161E-08 1.2626E-08 1.3973E-08 1.5123E-08 1.6003E-08 1.6554E-08 1.6739E-08 1.6542E-08 1.5975E-08 1.5077E-08 1.3907E-08 1.2539E-08 1.1051E-08 9.5211E-09 8.0202E-09 6.6066E-09 5.3247E-09 4.1959E-09 3.2320E-09 2.4347E-09 1.7894E-09 1.2812E-09 8.9688E-10 6.1046E-10
0.0000E+00 0.0000E+00 0.0000E+00 0.0000E+00 0.0000E+00 0.0000E+00 0.0000E+00 0.0000E+00 0.0000E+00 0.0000E+00 0.0000E+00 0.0000E+00 0.0000E+00 0.0000E+00 0.0000E+00 0.0000E+00 1.0542E-11 3.6451E-11 7.9694E-11 1.4748E-10 2.4699E-10 3.8657E-10 5.7997E-10 8.7698E-10 1.3003E-09 1.8072E-09 2.4482E-09 3.2468E-09 4.2171E-09 5.3585E-09 6.6741E-09 8.1335E-09 9.6957E-09 1.1307E-08 1.2893E-08 1.4370E-08 1.5649E-08 1.6651E-08 1.7303E-08 1.7560E-08 1.7399E-08 1.6831E-08 1.5898E-08 1.4664E-08 1.3207E-08 1.1617E-08 9.9822E-09 8.3792E-09 6.8749E-09 5.5121E-09 4.3234E-09 3.3138E-09 2.4790E-09 1.8074E-09 1.2844E-09 8.8997E-10 6.0266E-10
0.0000E+00 0.0000E+00 0.0000E+00 0.0000E+00 0.0000E+00 0.0000E+00 0.0000E+00 0.0000E+00 0.0000E+00 0.0000E+00 0.0000E+00 0.0000E+00 0.0000E+00 0.0000E+00 0.0000E+00 0.0000E+00 3.5083E-12 2.2188E-11 5.7840E-11 1.1485E-10 2.0105E-10 3.2264E-10 4.9367E-10 7.6764E-10 1.1757E-09 1.6674E-09 2.2939E-09 3.0842E-09 4.0548E-09 5.2229E-09 6.5742E-09 8.0948E-09 9.7516E-09 1.1479E-08 1.3197E-08 1.4814E-08 1.6233E-08 1.7359E-08 1.8113E-08 1.8437E-08 1.8306E-08 1.7730E-08 1.6751E-08 1.5440E-08 1.3886E-08 1.2186E-08 1.0437E-08 8.7257E-09 7.1241E-09 5.6797E-09 4.4229E-09 3.3667E-09 2.5010E-09 1.8081E-09 1.2753E-09 8.7416E-10 5.8905E-10
0.0000E+00 0.0000E+00 0.0000E+00 0.0000E+00 0.0000E+00 0.0000E+00 0.0000E+00 0.0000E+00 0.0000E+00 0.0000E+00 0.0000E+00 0.0000E+00 0.0000E+00 0.0000E+00 0.0000E+00 0.0000E+00 0.0000E+00 1.1866E-11 3.9849E-11 8.6926E-11 1.5953E-10 2.6720E-10 4.1797E-10 6.6566E-10 1.0587E-09 1.5323E-09 2.1429E-09 2.9239E-09 3.9030E-09 5.0872E-09 6.4851E-09 8.0823E-09 9.8332E-09 1.1677E-08 1.3531E-08 1.5296E-08 1.6861E-08 1.8120E-08 1.8982E-08 1.9378E-08 1.9275E-08 1.8683E-08 1.7647E-08 1.6243E-08 1.4574E-08 1.2749E-08 1.0875E-08 9.0497E-09 7.3465E-09 5.8221E-09 4.5017E-09 3.3984E-09 2.5062E-09 1.7952E-09 1.2496E-09 8.5183E-10 5.6313E-10
0.0000E+00 0.0000E+00 0.0000E+00 0.0000E+00 0.0000E+00 0.0000E+00 0.0000E+00 0.0000E+00 0.0000E+00 0.0000E+00 0.0000E+00 0.0000E+00 0.0000E+00 0.0000E+00 0.0000E+00 0.0000E+00 0.0000E+00 4.4428E-12 2.4661E-11 6.3418E-11 1.2449E-10 2.1704E-10 3.4826E-10 5.7286E-10 9.4396E-10 1.4089E-09 2.0068E-09 2.7813E-09 3.7618E-09 4.9695E-09 6.4160E-09 8.0810E-09 9.9330E-09 1.1906E-08 1.3910E-08 1.5835E-08 1.7556E-08 1.8953E-08 1.9920E-08 2.0380E-08 2.0295E-08 1.9673E-08 1.8564E-08 1.7056E-08 1.5259E-08 1.3297E-08 1.1289E-08 9.3394E-09 7.5312E-09 5.9235E-09 4.5456E-09 3.3986E-09 2.4775E-09 1.7630E-09 1.2139E-09 8.1945E-10 5.2832E-10
0.0000E+00 0.0000E+00 0.0000E+00 0.0000E+00 0.0000E+00 0.0000E+00 0.0000E+00 0.0000E+00 0.0000E+00 0.0000E+00 0.0000E+00 0.0000E+00 0.0000E+00 0.0000E+00 0.0000E+00 0.0000E+00 0.0000E+00 0.0000E+00 1.3698E-11 4.4134E-11 9.4512E-11 1.7249E-10 2.8772E-10 4.8480E-10 8.3857E-10 1.2854E-09 1.8742E-09 2.6390E-09 3.6266E-09 4.8634E-09 6.3574E-09 8.1035E-09 1.0064E-08 1.2173E-08 1.4333E-08 1.6420E-08 1.8300E-08 1.9839E-08 2.0914E-08 2.1440E-08 2.1366E-08 2.0701E-08 1.9503E-08 1.7871E-08 1.5932E-08 1.3819E-08 1.1665E-08 9.5881E-09 7.6785E-09 5.9877E-09 4.5528E-09 3.3778E-09 2.4363E-09 1.7098E-09 1.1677E-09 7.7122E-10 4.8827E-10
