Assets/Resources/2015_m01_d04_2000(utc+0800)_l00_csi_1hr_conc.grd
DSAA
         159         159
     -79.000      79.000
     -79.000      79.000
  0.2546E-09  0.1220E-04
[rows 25 to 49 of 159, columns 0 to 56 of 159]
7.3936E-09 7.5555E-09 7.7058E-09 7.8427E-09 7.9673E-09 8.0795E-09 8.1794E-09 8.2670E-09 8.3425E-09 8.4063E-09 8.4594E-09 8.5015E-09 8.5322E-09 8.5534E-09 8.5644E-09 8.5641E-09 8.5553E-09 8.5366E-09 8.5096E-09 8.4724E-09 8.4273E-09 8.3711E-09 8.3095E-09 8.2386E-09 8.1598E-09 8.0741E-09 7.9816E-09 7.8825E-09 7.7771E-09 7.6662E-09 7.5508E-09 7.4312E-09 7.3101E-09 7.1839E-09 7.0551E-09 6.9265E-09 6.7945E-09 6.6629E-09 6.5313E-09 6.3977E-09 6.2618E-09 6.1275E-09 5.9902E-09 5.8516E-09 5.7153E-09 5.5750E-09 5.4338E-09 5.2924E-09 5.1515E-09 5.0116E-09 4.8732E-09 4.7366E-09 4.6043E-09 4.4744E-09 4.3473E-09 4.2226E-09 4.1025E-09
7.6329E-09 7.8010E-09 7.9557E-09 8.0978E-09 8.2271E-09 8.3437E-09 8.4476E-09 8.5388E-09 8.6178E-09 8.6856E-09 8.7421E-09 8.7863E-09 8.8209E-09 8.8443E-09 8.8558E-09 8.8588E-09 8.8506E-09 8.8339E-09 8.8068E-09 8.7702E-09 8.7227E-09 8.6692E-09 8.6047E-09 8.5323E-09 8.4523E-09 8.3652E-09 8.2710E-09 8.1698E-09 8.0621E-09 7.9484E-09 7.8305E-09 7.7093E-09 7.5830E-09 7.4552E-09 7.3226E-09 7.1885E-09 7.0540E-09 6.9198E-09 6.7808E-09 6.6427E-09 6.5012E-09 6.3591E-09 6.2192E-09 6.0747E-09 5.9315E-09 5.7844E-09 5.6360E-09 5.4901E-09 5.3416E-09 5.1932E-09 5.0466E-09 4.9021E-09 4.7606E-09 4.6228E-09 4.4879E-09 4.3569E-09 4.2280E-09
7.8727E-09 8.0460E-09 8.2063E-09 8.3536E-09 8.4878E-09 8.6089E-09 8.7169E-09 8.8122E-09 8.8957E-09 8.9677E-09 9.0265E-09 9.0756E-09 9.1122E-09 9.1371E-09 9.1528E-09 9.1563E-09 9.1514E-09 9.1353E-09 9.1089E-09 9.0715E-09 9.0266E-09 8.9704E-09 8.9057E-09 8.8328E-09 8.7522E-09 8.6641E-09 8.5684E-09 8.4656E-09 8.3559E-09 8.2415E-09 8.1211E-09 7.9964E-09 7.8689E-09 7.7359E-09 7.6018E-09 7.4677E-09 7.3276E-09 7.1878E-09 7.0459E-09 6.9020E-09 6.7586E-09 6.6148E-09 6.4668E-09 6.3168E-09 6.1685E-09 6.0152E-09 5.8602E-09 5.7041E-09 5.5477E-09 5.3918E-09 5.2374E-09 5.0853E-09 4.9361E-09 4.7908E-09 4.6488E-09 4.5103E-09 4.3753E-09
8.1113E-09 8.2905E-09 8.4565E-09 8.6092E-09 8.7484E-09 8.8742E-09 8.9866E-09 9.0871E-09 9.1749E-09 9.2497E-09 9.3146E-09 9.3654E-09 9.4051E-09 9.4341E-09 9.4508E-09 9.4588E-09 9.4548E-09 9.4401E-09 9.4140E-09 9.3790E-09 9.3325E-09 9.2768E-09 9.2124E-09 9.1396E-09 9.0587E-09 8.9700E-09 8.8734E-09 8.7693E-09 8.6602E-09 8.5431E-09 8.4220E-09 8.2951E-09 8.1643E-09 8.0324E-09 7.8963E-09 7.7568E-09 7.6126E-09 7.4697E-09 7.3262E-09 7.1786E-09 7.0277E-09 6.8760E-09 6.7262E-09 6.5707E-09 6.4126E-09 6.2524E-09 6.0902E-09 5.9285E-09 5.7663E-09 5.6026E-09 5.4402E-09 5.2801E-09 5.1269E-09 4.9737E-09 4.8232E-09 4.6756E-09 4.5322E-09
8.3480E-09 8.5334E-09 8.7053E-09 8.8636E-09 9.0080E-09 9.1386E-09 9.2565E-09 9.3615E-09 9.4533E-09 9.5346E-09 9.6009E-09 9.6563E-09 9.7000E-09 9.7309E-09 9.7524E-09 9.7621E-09 9.7604E-09 9.7468E-09 9.7232E-09 9.6877E-09 9.6424E-09 9.5877E-09 9.5241E-09 9.4518E-09 9.3711E-09 9.2822E-09 9.1852E-09 9.0825E-09 8.9710E-09 8.8549E-09 8.7310E-09 8.6054E-09 8.4741E-09 8.3398E-09 8.2004E-09 8.0580E-09 7.9132E-09 7.7683E-09 7.6174E-09 7.4679E-09 7.3167E-09 7.1605E-09 7.0027E-09 6.8420E-09 6.6823E-09 6.5162E-09 6.3477E-09 6.1772E-09 6.0059E-09 5.8393E-09 5.6696E-09 5.5021E-09 5.3370E-09 5.1747E-09 5.0159E-09 4.8597E-09 4.7074E-09
8.5820E-09 8.7738E-09 8.9517E-09 9.1156E-09 9.2653E-09 9.4015E-09 9.5244E-09 9.6347E-09 9.7325E-09 9.8159E-09 9.8877E-09 9.9475E-09 9.9936E-09 1.0029E-08 1.0054E-08 1.0067E-08 1.0066E-08 1.0056E-08 1.0032E-08 9.9988E-09 9.9552E-09 9.9020E-09 9.8397E-09 9.7685E-09 9.6885E-09 9.5999E-09 9.5050E-09 9.4011E-09 9.2913E-09 9.1730E-09 9.0529E-09 8.9245E-09 8.7945E-09 8.6563E-09 8.5169E-09 8.3751E-09 8.2269E-09 8.0784E-09 7.9283E-09 7.7720E-09 7.6144E-09 7.4574E-09 7.2951E-09 7.1296E-09 6.9605E-09 6.7880E-09 6.6130E-09 6.4398E-09 6.2616E-09 6.0832E-09 5.9055E-09 5.7295E-09 5.5591E-09 5.3896E-09 5.2265E-09 5.0616E-09 4.9000E-09
8.8122E-09 9.0105E-09 9.1945E-09 9.3641E-09 9.5194E-09 9.6615E-09 9.7896E-09 9.9057E-09 1.0008E-08 1.0096E-08 1.0173E-08 1.0236E-08 1.0286E-08 1.0327E-08 1.0355E-08 1.0369E-08 1.0373E-08 1.0363E-08 1.0343E-08 1.0311E-08 1.0270E-08 1.0219E-08 1.0158E-08 1.0089E-08 1.0010E-08 9.9241E-09 9.8290E-09 9.7271E-09 9.6170E-09 9.5030E-09 9.3804E-09 9.2551E-09 9.1213E-09 8.9876E-09 8.8476E-09 8.7024E-09 8.5556E-09 8.4031E-09 8.2473E-09 8.0917E-09 7.9313E-09 7.7674E-09 7.6004E-09 7.4301E-09 7.2565E-09 7.0821E-09 6.9010E-09 6.7172E-09 6.5319E-09 6.3510E-09 6.1660E-09 5.9871E-09 5.8055E-09 5.6255E-09 5.4480E-09 5.2733E-09 5.1017E-09
9.0375E-09 9.2423E-09 9.4325E-09 9.6079E-09 9.7696E-09 9.9172E-09 1.0050E-08 1.0173E-08 1.0279E-08 1.0372E-08 1.0454E-08 1.0521E-08 1.0579E-08 1.0622E-08 1.0652E-08 1.0672E-08 1.0676E-08 1.0670E-08 1.0652E-08 1.0624E-08 1.0585E-08 1.0537E-08 1.0479E-08 1.0411E-08 1.0336E-08 1.0251E-08 1.0158E-08 1.0058E-08 9.9516E-09 9.8370E-09 9.7185E-09 9.5911E-09 9.4620E-09 9.3272E-09 9.1876E-09 9.0441E-09 8.8930E-09 8.7393E-09 8.5844E-09 8.4238E-09 8.2602E-09 8.0933E-09 7.9221E-09 7.7521E-09 7.5736E-09 7.3908E-09 7.2087E-09 7.0194E-09 6.8318E-09 6.6407E-09 6.4487E-09 6.2572E-09 6.0680E-09 5.8815E-09 5.6999E-09 5.5181E-09 5.3844E-09
9.2568E-09 9.4681E-09 9.6645E-09 9.8463E-09 1.0014E-08 1.0167E-08 1.0306E-08 1.0434E-08 1.0546E-08 1.0643E-08 1.0730E-08 1.0803E-08 1.0864E-08 1.0912E-08 1.0948E-08 1.0969E-08 1.0977E-08 1.0974E-08 1.0960E-08 1.0935E-08 1.0900E-08 1.0855E-08 1.0799E-08 1.0735E-08 1.0662E-08 1.0581E-08 1.0491E-08 1.0394E-08 1.0289E-08 1.0179E-08 1.0061E-08 9.9387E-09 9.8100E-09 9.6770E-09 9.5385E-09 9.3923E-09 9.2452E-09 9.0904E-09 8.9318E-09 8.7702E-09 8.6042E-09 8.4376E-09 8.2655E-09 8.0880E-09 7.9104E-09 7.7239E-09 7.5354E-09 7.3433E-09 7.1467E-09 6.9539E-09 6.7551E-09 6.5616E-09 6.3629E-09 6.1705E-09 5.9742E-09 5.7800E-09 5.6419E-09
9.4687E-09 9.6866E-09 9.8891E-09 1.0078E-08 1.0252E-08 1.0411E-08 1.0555E-08 1.0688E-08 1.0805E-08 1.0907E-08 1.1001E-08 1.1079E-08 1.1146E-08 1.1198E-08 1.1236E-08 1.1261E-08 1.1274E-08 1.1275E-08 1.1265E-08 1.1244E-08 1.1212E-08 1.1171E-08 1.1119E-08 1.1059E-08 1.0990E-08 1.0912E-08 1.0826E-08 1.0732E-08 1.0633E-08 1.0525E-08 1.0411E-08 1.0292E-08 1.0167E-08 1.0035E-08 9.8966E-09 9.7549E-09 9.6056E-09 9.4514E-09 9.2924E-09 9.1303E-09 8.9677E-09 8.7974E-09 8.6239E-09 8.4467E-09 8.2625E-09 8.0774E-09 7.8886E-09 7.6909E-09 7.4950E-09 7.2921E-09 7.0924E-09 6.8870E-09 6.6806E-09 6.4740E-09 6.2707E-09 6.0695E-09 5.9379E-09
9.6720E-09 9.8964E-09 1.0106E-08 1.0301E-08 1.0481E-08 1.0645E-08 1.0795E-08 1.0934E-08 1.1057E-08 1.1164E-08 1.1265E-08 1.1347E-08 1.1419E-08 1.1477E-08 1.1518E-08 1.1548E-08 1.1565E-08 1.1571E-08 1.1565E-08 1.1548E-08 1.1521E-08 1.1484E-08 1.1438E-08 1.1382E-08 1.1317E-08 1.1244E-08 1.1161E-08 1.1074E-08 1.0978E-08 1.0875E-08 1.0766E-08 1.0651E-08 1.0529E-08 1.0400E-08 1.0265E-08 1.0123E-08 9.9762E-09 9.8236E-09 9.6661E-09 9.5084E-09 9.3423E-09 9.1759E-09 9.0007E-09 8.8230E-09 8.6441E-09 8.4536E-09 8.2628E-09 8.0626E-09 7.8631E-09 7.6562E-09 7.4490E-09 7.2400E-09 7.0318E-09 6.8175E-09 6.6087E-09 6.3952E-09 6.2635E-09
9.8655E-09 1.0096E-08 1.0313E-08 1.0514E-08 1.0700E-08 1.0871E-08 1.1026E-08 1.1170E-08 1.1299E-08 1.1413E-08 1.1519E-08 1.1607E-08 1.1684E-08 1.1746E-08 1.1792E-08 1.1827E-08 1.1849E-08 1.1859E-08 1.1859E-08 1.1847E-08 1.1825E-08 1.1793E-08 1.1752E-08 1.1701E-08 1.1641E-08 1.1573E-08 1.1498E-08 1.1414E-08 1.1325E-08 1.1227E-08 1.1125E-08 1.1013E-08 1.0896E-08 1.0770E-08 1.0638E-08 1.0500E-08 1.0356E-08 1.0207E-08 1.0055E-08 9.8962E-09 9.7357E-09 9.5657E-09 9.4011E-09 9.2218E-09 9.0401E-09 8.8516E-09 8.6565E-09 8.4588E-09 8.2584E-09 8.0482E-09 7.8397E-09 7.6226E-09 7.4084E-09 7.1867E-09 6.9643E-09 6.8350E-09 6.6311E-09
1.0048E-08 1.0286E-08 1.0509E-08 1.0717E-08 1.0908E-08 1.1085E-08 1.1246E-08 1.1396E-08 1.1531E-08 1.1650E-08 1.1763E-08 1.1856E-08 1.1938E-08 1.2005E-08 1.2057E-08 1.2096E-08 1.2124E-08 1.2140E-08 1.2145E-08 1.2139E-08 1.2122E-08 1.2096E-08 1.2061E-08 1.2016E-08 1.1962E-08 1.1900E-08 1.1831E-08 1.1754E-08 1.1670E-08 1.1581E-08 1.1483E-08 1.1378E-08 1.1265E-08 1.1144E-08 1.1016E-08 1.0883E-08 1.0744E-08 1.0602E-08 1.0453E-08 1.0299E-08 1.0139E-08 9.9810E-09 9.8098E-09 9.6382E-09 9.4550E-09 9.2708E-09 9.0822E-09 8.8816E-09 8.6804E-09 8.4685E-09 8.2569E-09 8.0359E-09 7.8171E-09 7.5892E-09 7.3653E-09 7.2459E-09 8.3440E-09
1.0218E-08 1.0463E-08 1.0693E-08 1.0906E-08 1.1104E-08 1.1286E-08 1.1453E-08 1.1609E-08 1.1751E-08 1.1876E-08 1.1995E-08 1.2093E-08 1.2180E-08 1.2252E-08 1.2310E-08 1.2355E-08 1.2389E-08 1.2411E-08 1.2421E-08 1.2421E-08 1.2411E-08 1.2392E-08 1.2363E-08 1.2323E-08 1.2276E-08 1.2222E-08 1.2160E-08 1.2089E-08 1.2015E-08 1.1932E-08 1.1841E-08 1.1742E-08 1.1634E-08 1.1520E-08 1.1398E-08 1.1272E-08 1.1141E-08 1.1004E-08 1.0861E-08 1.0714E-08 1.0562E-08 1.0403E-08 1.0239E-08 1.0067E-08 9.8984E-09 9.7141E-09 9.5273E-09 9.3297E-09 9.1262E-09 8.9172E-09 8.7056E-09 8.4823E-09 8.2599E-09 8.0274E-09 7.7972E-09 7.6575E-09 8.9720E-09
1.0375E-08 1.0627E-08 1.0863E-08 1.1082E-08 1.1286E-08 1.1474E-08 1.1646E-08 1.1810E-08 1.1957E-08 1.2089E-08 1.2214E-08 1.2316E-08 1.2409E-08 1.2487E-08 1.2551E-08 1.2602E-08 1.2641E-08 1.2669E-08 1.2686E-08 1.2692E-08 1.2690E-08 1.2677E-08 1.2654E-08 1.2622E-08 1.2582E-08 1.2537E-08 1.2482E-08 1.2422E-08 1.2354E-08 1.2279E-08 1.2195E-08 1.2103E-08 1.2003E-08 1.1896E-08 1.1782E-08 1.1666E-08 1.1543E-08 1.1412E-08 1.1279E-08 1.1139E-08 1.0992E-08 1.0840E-08 1.0682E-08 1.0524E-08 1.0352E-08 1.0178E-08 9.9918E-09 9.8036E-09 9.6064E-09 9.3967E-09 9.1859E-09 8.9622E-09 8.7378E-09 8.5021E-09 8.3747E-09 8.1526E-09 9.6465E-09
1.0517E-08 1.0776E-08 1.1018E-08 1.1243E-08 1.1453E-08 1.1646E-08 1.1825E-08 1.1995E-08 1.2149E-08 1.2286E-08 1.2416E-08 1.2524E-08 1.2623E-08 1.2708E-08 1.2777E-08 1.2835E-08 1.2880E-08 1.2915E-08 1.2938E-08 1.2952E-08 1.2956E-08 1.2950E-08 1.2935E-08 1.2911E-08 1.2879E-08 1.2843E-08 1.2797E-08 1.2746E-08 1.2686E-08 1.2620E-08 1.2543E-08 1.2460E-08 1.2369E-08 1.2271E-08 1.2169E-08 1.2060E-08 1.1945E-08 1.1827E-08 1.1702E-08 1.1569E-08 1.1430E-08 1.1290E-08 1.1144E-08 1.0989E-08 1.0829E-08 1.0657E-08 1.0489E-08 1.0302E-08 1.0111E-08 9.9058E-09 9.6956E-09 9.4806E-09 9.2532E-09 9.0189E-09 8.9062E-09 1.0641E-08 1.0434E-08
1.0644E-08 1.0908E-08 1.1156E-08 1.1388E-08 1.1603E-08 1.1803E-08 1.1988E-08 1.2164E-08 1.2324E-08 1.2467E-08 1.2602E-08 1.2716E-08 1.2821E-08 1.2912E-08 1.2988E-08 1.3052E-08 1.3104E-08 1.3144E-08 1.3175E-08 1.3197E-08 1.3209E-08 1.3210E-08 1.3203E-08 1.3187E-08 1.3163E-08 1.3136E-08 1.3103E-08 1.3060E-08 1.3010E-08 1.2951E-08 1.2884E-08 1.2810E-08 1.2729E-08 1.2644E-08 1.2552E-08 1.2454E-08 1.2352E-08 1.2243E-08 1.2127E-08 1.2004E-08 1.1881E-08 1.1750E-08 1.1614E-08 1.1469E-08 1.1321E-08 1.1167E-08 1.0998E-08 1.0824E-08 1.0636E-08 1.0447E-08 1.0243E-08 1.0027E-08 9.8060E-09 9.5711E-09 9.4848E-09 1.1614E-08 1.3738E-08
1.0753E-08 1.1024E-08 1.1278E-08 1.1515E-08 1.1736E-08 1.1942E-08 1.2133E-08 1.2316E-08 1.2482E-08 1.2629E-08 1.2771E-08 1.2890E-08 1.3002E-08 1.3099E-08 1.3181E-08 1.3251E-08 1.3310E-08 1.3358E-08 1.3396E-08 1.3426E-08 1.3445E-08 1.3454E-08 1.3456E-08 1.3449E-08 1.3432E-08 1.3417E-08 1.3394E-08 1.3362E-08 1.3321E-08 1.3272E-08 1.3216E-08 1.3152E-08 1.3083E-08 1.3010E-08 1.2930E-08 1.2845E-08 1.2754E-08 1.2656E-08 1.2552E-08 1.2446E-08 1.2334E-08 1.2216E-08 1.2092E-08 1.1966E-08 1.1831E-08 1.1686E-08 1.1531E-08 1.1364E-08 1.1198E-08 1.1011E-08 1.0820E-08 1.0610E-08 1.0395E-08 1.0174E-08 1.0119E-08 1.2544E-08 1.7296E-08
1.0845E-08 1.1121E-08 1.1381E-08 1.1624E-08 1.1851E-08 1.2063E-08 1.2260E-08 1.2449E-08 1.2620E-08 1.2772E-08 1.2920E-08 1.3045E-08 1.3163E-08 1.3267E-08 1.3356E-08 1.3432E-08 1.3497E-08 1.3552E-08 1.3599E-08 1.3637E-08 1.3663E-08 1.3682E-08 1.3693E-08 1.3693E-08 1.3685E-08 1.3683E-08 1.3671E-08 1.3648E-08 1.3617E-08 1.3580E-08 1.3535E-08 1.3483E-08 1.3428E-08 1.3368E-08 1.3301E-08 1.3229E-08 1.3150E-08 1.3065E-08 1.2978E-08 1.2887E-08 1.2789E-08 1.2685E-08 1.2582E-08 1.2469E-08 1.2349E-08 1.2218E-08 1.2081E-08 1.1936E-08 1.1775E-08 1.1606E-08 1.1420E-08 1.1235E-08 1.1026E-08 1.0993E-08 1.0842E-08 1.3547E-08 1.9043E-08
1.0917E-08 1.1199E-08 1.1465E-08 1.1713E-08 1.1946E-08 1.2164E-08 1.2367E-08 1.2562E-08 1.2738E-08 1.2895E-08 1.3049E-08 1.3179E-08 1.3304E-08 1.3414E-08 1.3510E-08 1.3593E-08 1.3665E-08 1.3728E-08 1.3783E-08 1.3827E-08 1.3863E-08 1.3891E-08 1.3910E-08 1.3919E-08 1.3922E-08 1.3931E-08 1.3931E-08 1.3917E-08 1.3898E-08 1.3872E-08 1.3839E-08 1.3801E-08 1.3760E-08 1.3713E-08 1.3661E-08 1.3602E-08 1.3538E-08 1.3470E-08 1.3399E-08 1.3323E-08 1.3242E-08 1.3161E-08 1.3073E-08 1.2978E-08 1.2874E-08 1.2767E-08 1.2647E-08 1.2517E-08 1.2376E-08 1.2222E-08 1.2064E-08 1.1881E-08 1.1692E-08 1.1698E-08 1.4935E-08 1.4692E-08 2.0761E-08
1.0970E-08 1.1257E-08 1.1528E-08 1.1782E-08 1.2021E-08 1.2245E-08 1.2453E-08 1.2653E-08 1.2834E-08 1.2996E-08 1.3156E-08 1.3293E-08 1.3424E-08 1.3541E-08 1.3642E-08 1.3731E-08 1.3810E-08 1.3882E-08 1.3945E-08 1.3997E-08 1.4042E-08 1.4079E-08 1.4106E-08 1.4124E-08 1.4139E-08 1.4159E-08 1.4169E-08 1.4168E-08 1.4160E-08 1.4145E-08 1.4125E-08 1.4103E-08 1.4076E-08 1.4044E-08 1.4005E-08 1.3963E-08 1.3915E-08 1.3864E-08 1.3810E-08 1.3754E-08 1.3695E-08 1.3632E-08 1.3563E-08 1.3487E-08 1.3409E-08 1.3320E-08 1.3223E-08 1.3113E-08 1.2997E-08 1.2869E-08 1.2723E-08 1.2565E-08 1.2386E-08 1.2455E-08 1.6058E-08 2.2902E-08 2.2665E-08
1.1002E-08 1.1294E-08 1.1571E-08 1.1831E-08 1.2076E-08 1.2304E-08 1.2517E-08 1.2722E-08 1.2908E-08 1.3076E-08 1.3242E-08 1.3384E-08 1.3521E-08 1.3644E-08 1.3751E-08 1.3847E-08 1.3934E-08 1.4014E-08 1.4083E-08 1.4144E-08 1.4198E-08 1.4243E-08 1.4279E-08 1.4307E-08 1.4333E-08 1.4366E-08 1.4386E-08 1.4396E-08 1.4400E-08 1.4398E-08 1.4393E-08 1.4386E-08 1.4374E-08 1.4355E-08 1.4333E-08 1.4307E-08 1.4277E-08 1.4244E-08 1.4211E-08 1.4176E-08 1.4137E-08 1.4095E-08 1.4048E-08 1.3999E-08 1.3943E-08 1.3877E-08 1.3803E-08 1.3725E-08 1.3633E-08 1.3528E-08 1.3407E-08 1.3271E-08 1.3376E-08 1.3267E-08 1.7255E-08 2.5057E-08 3.2207E-08
1.1013E-08 1.1311E-08 1.1592E-08 1.1857E-08 1.2108E-08 1.2341E-08 1.2559E-08 1.2769E-08 1.2959E-08 1.3132E-08 1.3304E-08 1.3451E-08 1.3595E-08 1.3724E-08 1.3837E-08 1.3939E-08 1.4034E-08 1.4121E-08 1.4198E-08 1.4267E-08 1.4330E-08 1.4383E-08 1.4428E-08 1.4468E-08 1.4504E-08 1.4547E-08 1.4579E-08 1.4601E-08 1.4617E-08 1.4629E-08 1.4639E-08 1.4646E-08 1.4648E-08 1.4646E-08 1.4641E-08 1.4632E-08 1.4620E-08 1.4608E-08 1.4596E-08 1.4582E-08 1.4567E-08 1.4548E-08 1.4528E-08 1.4502E-08 1.4470E-08 1.4431E-08 1.4391E-08 1.4339E-08 1.4277E-08 1.4200E-08 1.4112E-08 1.4003E-08 1.4165E-08 1.8413E-08 1.8538E-08 2.7044E-08 3.8855E-08
1.1003E-08 1.1305E-08 1.1591E-08 1.1862E-08 1.2117E-08 1.2354E-08 1.2577E-08 1.2791E-08 1.2987E-08 1.3164E-08 1.3342E-08 1.3495E-08 1.3644E-08 1.3778E-08 1.3897E-08 1.4006E-08 1.4109E-08 1.4203E-08 1.4287E-08 1.4365E-08 1.4436E-08 1.4497E-08 1.4551E-08 1.4602E-08 1.4649E-08 1.4702E-08 1.4746E-08 1.4780E-08 1.4808E-08 1.4834E-08 1.4859E-08 1.4881E-08 1.4897E-08 1.4912E-08 1.4924E-08 1.4933E-08 1.4942E-08 1.4951E-08 1.4961E-08 1.4970E-08 1.4979E-08 1.4986E-08 1.4991E-08 1.4992E-08 1.4988E-08 1.4984E-08 1.4974E-08 1.4954E-08 1.4923E-08 1.4885E-08 1.4825E-08 1.4749E-08 1.4991E-08 1.9955E-08 2.4546E-08 2.9139E-08 4.1859E-08
1.0971E-08 1.1278E-08 1.1568E-08 1.1844E-08 1.2103E-08 1.2345E-08 1.2572E-08 1.2790E-08 1.2990E-08 1.3173E-08 1.3356E-08 1.3514E-08 1.3668E-08 1.3808E-08 1.3932E-08 1.4048E-08 1.4159E-08 1.4259E-08 1.4351E-08 1.4437E-08 1.4516E-08 1.4585E-08 1.4648E-08 1.4710E-08 1.4765E-08 1.4829E-08 1.4886E-08 1.4931E-08 1.4971E-08 1.5012E-08 1.5052E-08 1.5087E-08 1.5119E-08 1.5151E-08 1.5180E-08 1.5207E-08 1.5238E-08 1.5270E-08 1.5301E-08 1.5335E-08 1.5369E-08 1.5401E-08 1.5433E-08 1.5464E-08 1.5494E-08 1.5522E-08 1.5545E-08 1.5562E-08 1.5573E-08 1.5565E-08 1.5544E-08 1.5512E-08 1.5823E-08 2.1174E-08 3.1133E-08 3.5837E-08 4.4923E-08
