Assets/Resources/2015_m01_d05_1200(utc+0800)_l00_csi_1hr_conc.grd
DSAA
         159         159
     -79.000      79.000
     -79.000      79.000
  0.1359E-09  0.2480E-04
[rows 100 to 124 of 159, columns 57 to 113 of 159]
4.7393E-09 4.5657E-09 4.3899E-09 4.2099E-09 4.0321E-09 3.8527E-09 3.6381E-09 3.4625E-09 3.2064E-09 3.0224E-09 2.8645E-09 2.6583E-09 2.5038E-09 2.3565E-09 2.2068E-09 2.0856E-09 1.9681E-09 1.8547E-09 1.7459E-09 1.6419E-09 1.5431E-09 1.4295E-09 1.3225E-09 1.2266E-09 1.1493E-09 9.9814E-10 9.4875E-10 9.1103E-10 8.7051E-10 8.3361E-10 8.0133E-10 7.6654E-10 7.3787E-10 7.0824E-10 6.7876E-10 6.5540E-10 6.3118E-10 6.0168E-10 5.7200E-10 5.5085E-10 5.0863E-10 4.7756E-10 4.6614E-10 4.6167E-10 4.5712E-10 4.5249E-10 4.4777E-10 4.4298E-10 4.3810E-10 4.3315E-10 4.2813E-10 4.2304E-10 4.1789E-10 4.1266E-10 4.0738E-10 4.0204E-10 3.9664E-10
4.5484E-09 4.3886E-09 4.2226E-09 4.0573E-09 3.8898E-09 3.6843E-09 3.5188E-09 3.2634E-09 3.0830E-09 2.9327E-09 2.7237E-09 2.5713E-09 2.4404E-09 2.2744E-09 2.1561E-09 2.0405E-09 1.9283E-09 1.8198E-09 1.7155E-09 1.6156E-09 1.5205E-09 1.4210E-09 1.3012E-09 1.2071E-09 1.1366E-09 1.0011E-09 9.3757E-10 8.9856E-10 8.5845E-10 8.2579E-10 7.9445E-10 7.6044E-10 7.2973E-10 7.0353E-10 6.7457E-10 6.4913E-10 6.2787E-10 6.0179E-10 5.7184E-10 5.5291E-10 5.2900E-10 4.7467E-10 4.6385E-10 4.5828E-10 4.5381E-10 4.4925E-10 4.4461E-10 4.3990E-10 4.3510E-10 4.3024E-10 4.2530E-10 4.2029E-10 4.1522E-10 4.1008E-10 4.0488E-10 3.9962E-10 3.9431E-10
4.3714E-09 4.2201E-09 4.0662E-09 3.8698E-09 3.7155E-09 3.5603E-09 3.3068E-09 3.1308E-09 2.9890E-09 2.7784E-09 2.6290E-09 2.5029E-09 2.3336E-09 2.2188E-09 2.1061E-09 1.9960E-09 1.8888E-09 1.7850E-09 1.6850E-09 1.5892E-09 1.4866E-09 1.3964E-09 1.2983E-09 1.2036E-09 1.1131E-09 9.9808E-10 9.2629E-10 8.8479E-10 8.4943E-10 8.1778E-10 7.8498E-10 7.5415E-10 7.2417E-10 6.9863E-10 6.6725E-10 6.4524E-10 6.2243E-10 5.9859E-10 5.7288E-10 5.5000E-10 5.2983E-10 4.7325E-10 4.6275E-10 4.5487E-10 4.5047E-10 4.4599E-10 4.4143E-10 4.3679E-10 4.3208E-10 4.2729E-10 4.2244E-10 4.1751E-10 4.1252E-10 4.0746E-10 4.0234E-10 3.9717E-10 3.9194E-10
4.2026E-09 4.0606E-09 3.8745E-09 3.7321E-09 3.5493E-09 3.3369E-09 3.1677E-09 3.0335E-09 2.8224E-09 2.6766E-09 2.5559E-09 2.3841E-09 2.2736E-09 2.1644E-09 2.0571E-09 1.9520E-09 1.8497E-09 1.7504E-09 1.6546E-09 1.5498E-09 1.4579E-09 1.3660E-09 1.2687E-09 1.1727E-09 1.0913E-09 1.0181E-09 9.0781E-10 8.7463E-10 8.4031E-10 8.0685E-10 7.7771E-10 7.4450E-10 7.1844E-10 6.9111E-10 6.6480E-10 6.3893E-10 6.1654E-10 5.9421E-10 5.6974E-10 5.4835E-10 5.2825E-10 4.8300E-10 4.5930E-10 4.5144E-10 4.4712E-10 4.4271E-10 4.3823E-10 4.3367E-10 4.2904E-10 4.2433E-10 4.1955E-10 4.1470E-10 4.0979E-10 4.0482E-10 3.9978E-10 3.9469E-10 3.8954E-10
3.9943E-09 3.8663E-09 3.7348E-09 3.4812E-09 3.3184E-09 3.1926E-09 3.0664E-09 2.8559E-09 2.7144E-09 2.5994E-09 2.4258E-09 2.3201E-09 2.2151E-09 2.1112E-09 2.0090E-09 1.9088E-09 1.8110E-09 1.7161E-09 1.6097E-09 1.5169E-09 1.4225E-09 1.3342E-09 1.2330E-09 1.1438E-09 1.0670E-09 9.8413E-10 8.9646E-10 8.6180E-10 8.2787E-10 7.9858E-10 7.6672E-10 7.3788E-10 7.0974E-10 6.8254E-10 6.5757E-10 6.3213E-10 6.1273E-10 5.9095E-10 5.6889E-10 5.4524E-10 5.2664E-10 4.9667E-10 4.5926E-10 4.4800E-10 4.4375E-10 4.3942E-10 4.3501E-10 4.3053E-10 4.2597E-10 4.2134E-10 4.1664E-10 4.1187E-10 4.0704E-10 4.0215E-10 3.9719E-10 3.9218E-10 3.8711E-10
3.8432E-09 3.6804E-09 3.4778E-09 3.3224E-09 3.2063E-09 3.0554E-09 2.8792E-09 2.7424E-09 2.6337E-09 2.4589E-09 2.3583E-09 2.2578E-09 2.1580E-09 2.0592E-09 1.9618E-09 1.8662E-09 1.7729E-09 1.6656E-09 1.5726E-09 1.4817E-09 1.3861E-09 1.2855E-09 1.1910E-09 1.1098E-09 1.0223E-09 9.6847E-10 8.8758E-10 8.4785E-10 8.1858E-10 7.8620E-10 7.5679E-10 7.3115E-10 7.0001E-10 6.7431E-10 6.4770E-10 6.2777E-10 6.0490E-10 5.8539E-10 5.6548E-10 5.4325E-10 5.2757E-10 5.0587E-10 4.5581E-10 4.4675E-10 4.4037E-10 4.3611E-10 4.3178E-10 4.2737E-10 4.2289E-10 4.1833E-10 4.1371E-10 4.0902E-10 4.0427E-10 3.9945E-10 3.9457E-10 3.8964E-10 3.8466E-10
3.5686E-09 3.4222E-09 3.3170E-09 3.2095E-09 2.9955E-09 2.8624E-09 2.7611E-09 2.6320E-09 2.4836E-09 2.3884E-09 2.2929E-09 2.1974E-09 2.1025E-09 2.0084E-09 1.9156E-09 1.8245E-09 1.7170E-09 1.6244E-09 1.5430E-09 1.4353E-09 1.3310E-09 1.2318E-09 1.1563E-09 1.0587E-09 1.0020E-09 9.3084E-10 8.7219E-10 8.3754E-10 8.0482E-10 7.7498E-10 7.4920E-10 7.1707E-10 6.9077E-10 6.6308E-10 6.4273E-10 6.1888E-10 5.9856E-10 5.7997E-10 5.6201E-10 5.4370E-10 5.2445E-10 5.0744E-10 4.5425E-10 4.4442E-10 4.3698E-10 4.3279E-10 4.2853E-10 4.2420E-10 4.1979E-10 4.1531E-10 4.1076E-10 4.0615E-10 4.0147E-10 3.9673E-10 3.9194E-10 3.8708E-10 3.8217E-10
3.3979E-09 3.3019E-09 3.2028E-09 2.9930E-09 2.8655E-09 2.7711E-09 2.6466E-09 2.5004E-09 2.4107E-09 2.3202E-09 2.2295E-09 2.1388E-09 2.0484E-09 1.9589E-09 1.8704E-09 1.7635E-09 1.6719E-09 1.5917E-09 1.4813E-09 1.3740E-09 1.2771E-09 1.2042E-09 1.0945E-09 1.0301E-09 9.6899E-10 9.0407E-10 8.6656E-10 8.2242E-10 7.9229E-10 7.6651E-10 7.3355E-10 7.1020E-10 6.8179E-10 6.5750E-10 6.3275E-10 6.1170E-10 5.9245E-10 5.7437E-10 5.5744E-10 5.4035E-10 5.2252E-10 5.0436E-10 4.6296E-10 4.4098E-10 4.3358E-10 4.2946E-10 4.2527E-10 4.2101E-10 4.1668E-10 4.1227E-10 4.0780E-10 4.0326E-10 3.9866E-10 3.9400E-10 3.8928E-10 3.8450E-10 3.7967E-10
3.2746E-09 3.1467E-09 2.9818E-09 2.8603E-09 2.7728E-09 2.5924E-09 2.5096E-09 2.4255E-09 2.3403E-09 2.2544E-09 2.1681E-09 2.0819E-09 1.9959E-09 1.9106E-09 1.8046E-09 1.7146E-09 1.6267E-09 1.5238E-09 1.4140E-09 1.3142E-09 1.2396E-09 1.1236E-09 1.0568E-09 1.0002E-09 9.3117E-10 8.9185E-10 8.3887E-10 8.0859E-10 7.8296E-10 7.4931E-10 7.2591E-10 6.9674E-10 6.7192E-10 6.4639E-10 6.2471E-10 6.0701E-10 5.8616E-10 5.6862E-10 5.5229E-10 5.3640E-10 5.1924E-10 5.0250E-10 4.7767E-10 4.4073E-10 4.3017E-10 4.2612E-10 4.2200E-10 4.1781E-10 4.1355E-10 4.0922E-10 4.0482E-10 4.0035E-10 3.9583E-10 3.9124E-10 3.8660E-10 3.8189E-10 3.7714E-10
3.0407E-09 2.9259E-09 2.8473E-09 2.7665E-09 2.5885E-09 2.5116E-09 2.4331E-09 2.3533E-09 2.2724E-09 2.1908E-09 2.1088E-09 2.0267E-09 1.9448E-09 1.8404E-09 1.7524E-09 1.6660E-09 1.5621E-09 1.4505E-09 1.3484E-09 1.2827E-09 1.1508E-09 1.0817E-09 1.0233E-09 9.5034E-10 9.1029E-10 8.5408E-10 8.2378E-10 7.9841E-10 7.6422E-10 7.3696E-10 7.1111E-10 6.8586E-10 6.5967E-10 6.3746E-10 6.1951E-10 5.9787E-10 5.7978E-10 5.6287E-10 5.4852E-10 5.3287E-10 5.1703E-10 5.0170E-10 4.8281E-10 4.3730E-10 4.2932E-10 4.2278E-10 4.1873E-10 4.1460E-10 4.1041E-10 4.0615E-10 4.0183E-10 3.9743E-10 3.9298E-10 3.8847E-10 3.8390E-10 3.7927E-10 3.7459E-10
2.8969E-09 2.8270E-09 2.7175E-09 2.5777E-09 2.5066E-09 2.4337E-09 2.3594E-09 2.2836E-09 2.2068E-09 2.1293E-09 2.0514E-09 1.9625E-09 1.8706E-09 1.7850E-09 1.6864E-09 1.5882E-09 1.4835E-09 1.3858E-09 1.2985E-09 1.1757E-09 1.1047E-09 1.0446E-09 9.6799E-10 9.2735E-10 8.8355E-10 8.3776E-10 8.1277E-10 7.7819E-10 7.5086E-10 7.2861E-10 6.9921E-10 6.7247E-10 6.4983E-10 6.3172E-10 6.0939E-10 5.9082E-10 5.7341E-10 5.5873E-10 5.4308E-10 5.2926E-10 5.1320E-10 4.9844E-10 4.8431E-10 4.3562E-10 4.2643E-10 4.1943E-10 4.1544E-10 4.1139E-10 4.0727E-10 4.0308E-10 3.9882E-10 3.9450E-10 3.9012E-10 3.8568E-10 3.8118E-10 3.7663E-10 3.7203E-10
2.7571E-09 2.6227E-09 2.5601E-09 2.4951E-09 2.4278E-09 2.3587E-09 2.2881E-09 2.2163E-09 2.1435E-09 2.0698E-09 1.9845E-09 1.8839E-09 1.8125E-09 1.7062E-09 1.6177E-09 1.5125E-09 1.4071E-09 1.3256E-09 1.1982E-09 1.1255E-09 1.0641E-09 9.8404E-10 9.3630E-10 8.9827E-10 8.5048E-10 8.1978E-10 7.9113E-10 7.6386E-10 7.4181E-10 7.1188E-10 6.8470E-10 6.6172E-10 6.4354E-10 6.2060E-10 6.0164E-10 5.8379E-10 5.6888E-10 5.5274E-10 5.3915E-10 5.2316E-10 5.0971E-10 4.9631E-10 4.8112E-10 4.4337E-10 4.2303E-10 4.1607E-10 4.1215E-10 4.0817E-10 4.0411E-10 3.9999E-10 3.9581E-10 3.9156E-10 3.8725E-10 3.8288E-10 3.7845E-10 3.7398E-10 3.6944E-10
2.5908E-09 2.5345E-09 2.4758E-09 2.4147E-09 2.3515E-09 2.2862E-09 2.2193E-09 2.1512E-09 2.0821E-09 2.0006E-09 1.9026E-09 1.8226E-09 1.7297E-09 1.6260E-09 1.5377E-09 1.4313E-09 1.3208E-09 1.2183E-09 1.1442E-09 1.0816E-09 9.9836E-10 9.5007E-10 9.1160E-10 8.6189E-10 8.2577E-10 8.0298E-10 7.7587E-10 7.4429E-10 7.2376E-10 6.9626E-10 6.7305E-10 6.5488E-10 6.3143E-10 6.1215E-10 5.9630E-10 5.7885E-10 5.6230E-10 5.4846E-10 5.3515E-10 5.1941E-10 5.0700E-10 4.9131E-10 4.7755E-10 4.5462E-10 4.2259E-10 4.1271E-10 4.0886E-10 4.0494E-10 4.0095E-10 3.9690E-10 3.9278E-10 3.8860E-10 3.8436E-10 3.8007E-10 3.7571E-10 3.7131E-10 3.6685E-10
2.5007E-09 2.4482E-09 2.3934E-09 2.3363E-09 2.2770E-09 2.2159E-09 2.1528E-09 2.0754E-09 1.9923E-09 1.9158E-09 1.8391E-09 1.7389E-09 1.6157E-09 1.5387E-09 1.4520E-09 1.3401E-09 1.2357E-09 1.1605E-09 1.0908E-09 1.0110E-09 9.6226E-10 9.2345E-10 8.7195E-10 8.3595E-10 8.1370E-10 7.8684E-10 7.5503E-10 7.3481E-10 7.0709E-10 6.8373E-10 6.6566E-10 6.4178E-10 6.2228E-10 6.0636E-10 5.8858E-10 5.7167E-10 5.5765E-10 5.4412E-10 5.2777E-10 5.1560E-10 5.0056E-10 4.8685E-10 4.7352E-10 4.4841E-10 4.1822E-10 4.1032E-10 4.0556E-10 4.0171E-10 3.9779E-10 3.9380E-10 3.8975E-10 3.8564E-10 3.8147E-10 3.7724E-10 3.7296E-10 3.6862E-10 3.6423E-10
2.4126E-09 2.3634E-09 2.3125E-09 2.2594E-09 2.2042E-09 2.1469E-09 2.0748E-09 1.9827E-09 1.9098E-09 1.8313E-09 1.7363E-09 1.6298E-09 1.5439E-09 1.4599E-09 1.3392E-09 1.2331E-09 1.1745E-09 1.0964E-09 1.0140E-09 9.7284E-10 9.3386E-10 8.7338E-10 8.4488E-10 8.1786E-10 7.9673E-10 7.6481E-10 7.4496E-10 7.1713E-10 6.9371E-10 6.7581E-10 6.5160E-10 6.3194E-10 6.1602E-10 5.9799E-10 5.8079E-10 5.6665E-10 5.5296E-10 5.3605E-10 5.2367E-10 5.0861E-10 4.9640E-10 4.8232E-10 4.5969E-10 4.4535E-10 4.1590E-10 4.0790E-10 4.0227E-10 3.9848E-10 3.9462E-10 3.9070E-10 3.8672E-10 3.8267E-10 3.7857E-10 3.7441E-10 3.7020E-10 3.6593E-10 3.6161E-10
2.3266E-09 2.2807E-09 2.2330E-09 2.1836E-09 2.1187E-09 2.0454E-09 1.9789E-09 1.9111E-09 1.8151E-09 1.7018E-09 1.6166E-09 1.5554E-09 1.4429E-09 1.3009E-09 1.2443E-09 1.1861E-09 1.1071E-09 1.0229E-09 9.8186E-10 9.3628E-10 8.8059E-10 8.5260E-10 8.2608E-10 8.0550E-10 7.7357E-10 7.4964E-10 7.2632E-10 7.0293E-10 6.8526E-10 6.6081E-10 6.4107E-10 6.2522E-10 6.0700E-10 5.8958E-10 5.7538E-10 5.6158E-10 5.4417E-10 5.3163E-10 5.1646E-10 5.0437E-10 4.9025E-10 4.6954E-10 4.5185E-10 4.4020E-10 4.1396E-10 4.0455E-10 3.9897E-10 3.9524E-10 3.9145E-10 3.8759E-10 3.8368E-10 3.7970E-10 3.7566E-10 3.7157E-10 3.6742E-10 3.6322E-10 3.5897E-10
2.2423E-09 2.1995E-09 2.1551E-09 2.0956E-09 2.0148E-09 1.9538E-09 1.8951E-09 1.8133E-09 1.6915E-09 1.6214E-09 1.5367E-09 1.4369E-09 1.3079E-09 1.2426E-09 1.1866E-09 1.0563E-09 1.0145E-09 9.8924E-10 9.4346E-10 8.7940E-10 8.5907E-10 8.3311E-10 8.0649E-10 7.8133E-10 7.5280E-10 7.3462E-10 7.1136E-10 6.9003E-10 6.6937E-10 6.4963E-10 6.3390E-10 6.1556E-10 5.9798E-10 5.8377E-10 5.6993E-10 5.5207E-10 5.3942E-10 5.2572E-10 5.1151E-10 4.9827E-10 4.7514E-10 4.5693E-10 4.4495E-10 4.2498E-10 4.1231E-10 4.0115E-10 3.9567E-10 3.9201E-10 3.8828E-10 3.8449E-10 3.8063E-10 3.7672E-10 3.7275E-10 3.6872E-10 3.6464E-10 3.6051E-10 3.5633E-10
2.1603E-09 2.1065E-09 2.0316E-09 1.9771E-09 1.9248E-09 1.8602E-09 1.7410E-09 1.6632E-09 1.5995E-09 1.4963E-09 1.3567E-09 1.2912E-09 1.2476E-09 1.1655E-09 1.0602E-09 1.0189E-09 9.9474E-10 9.4100E-10 8.8390E-10 8.5833E-10 8.3902E-10 8.1286E-10 7.8805E-10 7.5977E-10 7.4204E-10 7.1893E-10 6.9777E-10 6.7721E-10 6.5755E-10 6.3861E-10 6.2361E-10 6.0594E-10 5.9178E-10 5.7795E-10 5.5970E-10 5.4700E-10 5.3408E-10 5.1851E-10 5.0494E-10 4.8764E-10 4.6109E-10 4.4916E-10 4.2745E-10 4.1995E-10 4.0803E-10 3.9781E-10 3.9238E-10 3.8878E-10 3.8511E-10 3.8138E-10 3.7759E-10 3.7374E-10 3.6983E-10 3.6587E-10 3.6186E-10 3.5779E-10 3.5368E-10
2.0333E-09 1.9836E-09 1.9367E-09 1.8777E-09 1.8043E-09 1.6897E-09 1.6400E-09 1.5931E-09 1.4936E-09 1.3447E-09 1.2916E-09 1.2258E-09 1.1597E-09 1.0619E-09 1.0212E-09 9.9037E-10 9.1352E-10 8.8709E-10 8.6235E-10 8.4377E-10 8.1164E-10 7.8851E-10 7.6576E-10 7.4242E-10 7.2566E-10 7.0029E-10 6.8435E-10 6.6479E-10 6.4590E-10 6.3111E-10 6.1340E-10 5.9935E-10 5.8558E-10 5.6700E-10 5.5429E-10 5.4129E-10 5.2533E-10 5.1145E-10 4.9384E-10 4.6674E-10 4.5460E-10 4.3626E-10 4.2171E-10 4.1364E-10 3.9809E-10 3.9355E-10 3.8909E-10 3.8555E-10 3.8194E-10 3.7827E-10 3.7454E-10 3.7076E-10 3.6691E-10 3.6302E-10 3.5907E-10 3.5507E-10 3.5102E-10
1.9362E-09 1.9022E-09 1.8118E-09 1.7014E-09 1.6599E-09 1.6147E-09 1.5293E-09 1.3803E-09 1.3183E-09 1.2780E-09 1.1862E-09 1.0835E-09 1.0429E-09 1.0218E-09 9.6730E-10 9.0634E-10 8.8272E-10 8.6525E-10 8.3996E-10 8.1569E-10 7.8751E-10 7.7080E-10 7.4784E-10 7.3155E-10 7.0629E-10 6.9072E-10 6.7136E-10 6.5258E-10 6.3800E-10 6.2032E-10 6.0643E-10 5.9277E-10 5.7393E-10 5.6125E-10 5.4821E-10 5.3190E-10 5.1777E-10 4.9951E-10 4.7142E-10 4.5869E-10 4.3961E-10 4.2407E-10 4.1499E-10 3.9821E-10 3.9368E-10 3.8923E-10 3.8581E-10 3.8232E-10 3.7877E-10 3.7516E-10 3.7150E-10 3.6777E-10 3.6399E-10 3.6016E-10 3.5627E-10 3.5234E-10 3.4835E-10
1.8097E-09 1.7151E-09 1.6643E-09 1.6228E-09 1.5609E-09 1.4534E-09 1.3563E-09 1.2975E-09 1.2550E-09 1.1829E-09 1.0799E-09 1.0402E-09 1.0123E-09 9.5859E-10 8.9956E-10 8.8322E-10 8.6657E-10 8.4232E-10 8.1305E-10 7.9106E-10 7.7494E-10 7.5235E-10 7.3173E-10 7.1152E-10 6.9202E-10 6.7720E-10 6.5858E-10 6.4430E-10 6.2669E-10 6.1298E-10 5.9948E-10 5.8043E-10 5.6785E-10 5.5550E-10 5.3820E-10 5.2386E-10 5.0536E-10 4.7540E-10 4.6327E-10 4.4290E-10 4.2564E-10 4.1707E-10 3.9816E-10 3.9363E-10 3.8973E-10 3.8590E-10 3.8253E-10 3.7910E-10 3.7561E-10 3.7206E-10 3.6845E-10 3.6479E-10 3.6107E-10 3.5730E-10 3.5348E-10 3.4960E-10 3.4568E-10
1.6615E-09 1.6225E-09 1.5634E-09 1.4584E-09 1.3749E-09 1.3189E-09 1.2678E-09 1.1973E-09 1.0937E-09 1.0544E-09 1.0280E-09 9.8194E-10 9.1262E-10 8.9749E-10 8.8213E-10 8.5912E-10 8.3611E-10 8.0908E-10 7.9365E-10 7.7122E-10 7.5602E-10 7.3068E-10 7.1593E-10 6.9675E-10 6.8234E-10 6.6393E-10 6.4994E-10 6.3246E-10 6.1898E-10 6.0569E-10 5.8649E-10 5.7402E-10 5.6176E-10 5.4469E-10 5.2967E-10 5.1131E-10 4.7918E-10 4.6759E-10 4.4658E-10 4.2707E-10 4.1823E-10 4.0157E-10 3.9401E-10 3.9020E-10 3.8582E-10 3.8257E-10 3.7926E-10 3.7589E-10 3.7245E-10 3.6896E-10 3.6541E-10 3.6181E-10 3.5815E-10 3.5444E-10 3.5068E-10 3.4687E-10 3.4301E-10
1.5602E-09 1.4696E-09 1.3941E-09 1.3218E-09 1.2727E-09 1.2221E-09 1.1844E-09 1.0761E-09 1.0396E-09 1.0147E-09 9.6350E-10 9.0862E-10 8.9439E-10 8.7233E-10 8.5022E-10 8.2416E-10 8.0978E-10 7.9527E-10 7.7347E-10 7.5880E-10 7.3382E-10 7.1959E-10 7.0076E-10 6.8230E-10 6.6858E-10 6.5097E-10 6.3764E-10 6.2443E-10 6.0793E-10 5.9206E-10 5.7976E-10 5.6477E-10 5.5033E-10 5.3515E-10 5.1635E-10 4.8275E-10 4.7094E-10 4.5327E-10 4.2836E-10 4.2076E-10 4.0507E-10 3.9443E-10 3.8995E-10 3.8558E-10 3.8245E-10 3.7925E-10 3.7600E-10 3.7268E-10 3.6930E-10 3.6587E-10 3.6238E-10 3.5883E-10 3.5523E-10 3.5158E-10 3.4788E-10 3.4413E-10 3.4033E-10
1.3906E-09 1.3115E-09 1.2729E-09 1.2239E-09 1.1877E-09 1.0806E-09 1.0451E-09 1.0220E-09 9.7244E-10 9.1695E-10 9.0373E-10 8.8270E-10 8.6917E-10 8.4235E-10 8.2303E-10 8.0938E-10 7.8841E-10 7.7463E-10 7.4990E-10 7.3620E-10 7.1757E-10 7.0400E-10 6.8590E-10 6.7257E-10 6.5519E-10 6.4219E-10 6.2927E-10 6.0941E-10 5.9715E-10 5.8502E-10 5.7005E-10 5.5560E-10 5.4029E-10 5.2109E-10 4.8609E-10 4.7407E-10 4.6008E-10 4.3133E-10 4.2176E-10 4.0610E-10 3.9403E-10 3.8956E-10 3.8519E-10 3.8217E-10 3.7909E-10 3.7595E-10 3.7274E-10 3.6948E-10 3.6616E-10 3.6278E-10 3.5935E-10 3.5586E-10 3.5232E-10 3.4873E-10 3.4508E-10 3.4139E-10 3.3766E-10
1.2691E-09 1.2219E-09 1.1791E-09 1.1005E-09 1.0473E-09 1.0256E-09 9.9799E-10 9.6417E-10 9.1037E-10 8.9040E-10 8.7794E-10 8.5201E-10 8.3362E-10 8.2087E-10 8.0078E-10 7.8790E-10 7.6939E-10 7.5086E-10 7.3776E-10 7.1963E-10 7.0655E-10 6.8877E-10 6.7586E-10 6.5876E-10 6.4614E-10 6.3354E-10 6.1371E-10 6.0169E-10 5.8981E-10 5.7490E-10 5.6043E-10 5.4506E-10 5.2550E-10 4.8917E-10 4.7698E-10 4.6263E-10 4.3312E-10 4.2260E-10 4.0617E-10 3.9349E-10 3.8901E-10 3.8465E-10 3.8174E-10 3.7877E-10 3.7574E-10 3.7265E-10 3.6950E-10 3.6629E-10 3.6302E-10 3.5970E-10 3.5632E-10 3.5289E-10 3.4941E-10 3.4587E-10 3.4229E-10 3.3866E-10 3.3498E-10
