Assets/Resources/2015_m01_d03_1200(utc+0800)_l00_csi_1hr_conc.grd
DSAA
         159         159
     -79.000      79.000
     -79.000      79.000
  0.2130E-10  0.3434E-05
[rows 0 to 24 of 159, columns 0 to 56 of 159]
2.1303E-11 2.2856E-11 2.4498E-11 2.6224E-11 2.8044E-11 2.9954E-11 3.1963E-11 3.4067E-11 3.6275E-11 3.8583E-11 4.0999E-11 4.3519E-11 4.6066E-11 4.8728E-11 5.1506E-11 5.4641E-11 5.8141E-11 6.1375E-11 6.5347E-11 6.9458E-11 7.3883E-11 7.8341E-11 8.2733E-11 8.7276E-11 9.1984E-11 9.6608E-11 1.0126E-10 1.0595E-10 1.1089E-10 1.1586E-10 1.2108E-10 1.2634E-10 1.3185E-10 1.3739E-10 1.4307E-10 1.4888E-10 1.5505E-10 1.6113E-10 1.6734E-10 1.7366E-10 1.8011E-10 1.8679E-10 1.9358E-10 2.0036E-10 2.0724E-10 2.1433E-10 2.2140E-10 2.2855E-10 2.3577E-10 2.4306E-10 2.5040E-10 2.5792E-10 2.6525E-10 2.7284E-10 2.8023E-10 2.8786E-10 2.9527E-10
2.2137E-11 2.3826E-11 2.5524E-11 2.7316E-11 2.9198E-11 3.1181E-11 3.3258E-11 3.5441E-11 3.7724E-11 4.0116E-11 4.2613E-11 4.5058E-11 4.7782E-11 5.0542E-11 5.3662E-11 5.7150E-11 6.0702E-11 6.4343E-11 6.8699E-11 7.2999E-11 7.7589E-11 8.1763E-11 8.6325E-11 9.1058E-11 9.5710E-11 1.0039E-10 1.0522E-10 1.1020E-10 1.1522E-10 1.2039E-10 1.2581E-10 1.3139E-10 1.3700E-10 1.4276E-10 1.4866E-10 1.5481E-10 1.6099E-10 1.6742E-10 1.7387E-10 1.8056E-10 1.8726E-10 1.9409E-10 2.0102E-10 2.0818E-10 2.1545E-10 2.2271E-10 2.3005E-10 2.3748E-10 2.4499E-10 2.5268E-10 2.6021E-10 2.6802E-10 2.7564E-10 2.8352E-10 2.9133E-10 2.9914E-10 3.0684E-10
2.2989E-11 2.4812E-11 2.6574E-11 2.8427E-11 3.0380E-11 3.2428E-11 3.4582E-11 3.6838E-11 3.9119E-11 4.1592E-11 4.4096E-11 4.6797E-11 4.9536E-11 5.2635E-11 5.6107E-11 5.9886E-11 6.3507E-11 6.7630E-11 7.1930E-11 7.6526E-11 8.1170E-11 8.5519E-11 9.0141E-11 9.4817E-11 9.9410E-11 1.0426E-10 1.0928E-10 1.1434E-10 1.1955E-10 1.2514E-10 1.3066E-10 1.3634E-10 1.4228E-10 1.4837E-10 1.5450E-10 1.6078E-10 1.6720E-10 1.7386E-10 1.8068E-10 1.8752E-10 1.9448E-10 2.0157E-10 2.0890E-10 2.1622E-10 2.2377E-10 2.3130E-10 2.3893E-10 2.4677E-10 2.5446E-10 2.6245E-10 2.7027E-10 2.7837E-10 2.8653E-10 2.9449E-10 3.0260E-10 3.1071E-10 3.1883E-10
2.3858E-11 2.5743E-11 2.7641E-11 2.9562E-11 3.1580E-11 3.3703E-11 3.5928E-11 3.8180E-11 4.0624E-11 4.3101E-11 4.5775E-11 4.8489E-11 5.1564E-11 5.5015E-11 5.8776E-11 6.2627E-11 6.6496E-11 7.1032E-11 7.5497E-11 8.0035E-11 8.4620E-11 8.9254E-11 9.3818E-11 9.8430E-11 1.0331E-10 1.0824E-10 1.1344E-10 1.1869E-10 1.2421E-10 1.2979E-10 1.3563E-10 1.4153E-10 1.4769E-10 1.5390E-10 1.6037E-10 1.6689E-10 1.7367E-10 1.8049E-10 1.8756E-10 1.9465E-10 2.0200E-10 2.0936E-10 2.1685E-10 2.2446E-10 2.3229E-10 2.4023E-10 2.4804E-10 2.5618E-10 2.6416E-10 2.7245E-10 2.8070E-10 2.8900E-10 2.9747E-10 3.0574E-10 3.1426E-10 3.2257E-10 3.3122E-10
2.4821E-11 2.6609E-11 2.8731E-11 3.0715E-11 3.2722E-11 3.4997E-11 3.7217E-11 3.9630E-11 4.2076E-11 4.4721E-11 4.7405E-11 5.0453E-11 5.3877E-11 5.7615E-11 6.1448E-11 6.5300E-11 6.9827E-11 7.4285E-11 7.8928E-11 8.3518E-11 8.8045E-11 9.2614E-11 9.7340E-11 1.0224E-10 1.0719E-10 1.1231E-10 1.1769E-10 1.2326E-10 1.2888E-10 1.3466E-10 1.4072E-10 1.4695E-10 1.5323E-10 1.5967E-10 1.6639E-10 1.7327E-10 1.8019E-10 1.8726E-10 1.9459E-10 2.0208E-10 2.0959E-10 2.1723E-10 2.2500E-10 2.3301E-10 2.4103E-10 2.4926E-10 2.5738E-10 2.6581E-10 2.7411E-10 2.8272E-10 2.9128E-10 2.9989E-10 3.0867E-10 3.1725E-10 3.2620E-10 3.3483E-10 3.4379E-10
2.5806E-11 2.7652E-11 2.9601E-11 3.1728E-11 3.3967E-11 3.6153E-11 3.8532E-11 4.0946E-11 4.3558E-11 4.6289E-11 4.9304E-11 5.2698E-11 5.6408E-11 6.0217E-11 6.4288E-11 6.8558E-11 7.3242E-11 7.7638E-11 8.2223E-11 8.6747E-11 9.1316E-11 9.6046E-11 1.0095E-10 1.0592E-10 1.1105E-10 1.1646E-10 1.2206E-10 1.2782E-10 1.3365E-10 1.3976E-10 1.4593E-10 1.5238E-10 1.5890E-10 1.6570E-10 1.7255E-10 1.7968E-10 1.8686E-10 1.9431E-10 2.0181E-10 2.0956E-10 2.1735E-10 2.2528E-10 2.3346E-10 2.4166E-10 2.4997E-10 2.5851E-10 2.6693E-10 2.7569E-10 2.8430E-10 2.9323E-10 3.0199E-10 3.1104E-10 3.2025E-10 3.2916E-10 3.3842E-10 3.4737E-10 3.5664E-10
2.6804E-11 2.8716E-11 3.0727E-11 3.2848E-11 3.5075E-11 3.7494E-11 3.9872E-11 4.2447E-11 4.5142E-11 4.8122E-11 5.1481E-11 5.5077E-11 5.8937E-11 6.2982E-11 6.7230E-11 7.1896E-11 7.6276E-11 8.0957E-11 8.5475E-11 8.9927E-11 9.4655E-11 9.9564E-11 1.0464E-10 1.0979E-10 1.1522E-10 1.2072E-10 1.2651E-10 1.3248E-10 1.3863E-10 1.4486E-10 1.5125E-10 1.5794E-10 1.6481E-10 1.7175E-10 1.7885E-10 1.8624E-10 1.9380E-10 2.0141E-10 2.0918E-10 2.1722E-10 2.2541E-10 2.3352E-10 2.4200E-10 2.5038E-10 2.5912E-10 2.6798E-10 2.7672E-10 2.8580E-10 2.9473E-10 3.0398E-10 3.1329E-10 3.2256E-10 3.3209E-10 3.4133E-10 3.5092E-10 3.6019E-10 3.6990E-10
2.7822E-11 2.9793E-11 3.1874E-11 3.4061E-11 3.6363E-11 3.8778E-11 4.1229E-11 4.3886E-11 4.6827E-11 5.0147E-11 5.3548E-11 5.7614E-11 6.1628E-11 6.5847E-11 7.0488E-11 7.5083E-11 7.9510E-11 8.4013E-11 8.8452E-11 9.3171E-11 9.8075E-11 1.0315E-10 1.0841E-10 1.1385E-10 1.1937E-10 1.2507E-10 1.3106E-10 1.3725E-10 1.4351E-10 1.4995E-10 1.5681E-10 1.6363E-10 1.7074E-10 1.7793E-10 1.8541E-10 1.9295E-10 2.0078E-10 2.0867E-10 2.1672E-10 2.2505E-10 2.3343E-10 2.4195E-10 2.5074E-10 2.5943E-10 2.6849E-10 2.7767E-10 2.8674E-10 2.9613E-10 3.0539E-10 3.1509E-10 3.2473E-10 3.3433E-10 3.4419E-10 3.5377E-10 3.6380E-10 3.7341E-10 3.8344E-10
2.8852E-11 3.0807E-11 3.3035E-11 3.5210E-11 3.7583E-11 4.0076E-11 4.2691E-11 4.5350E-11 4.8387E-11 5.1993E-11 5.6022E-11 6.0228E-11 6.4413E-11 6.9023E-11 7.3591E-11 7.7994E-11 8.2582E-11 8.7005E-11 9.1712E-11 9.6491E-11 1.0156E-10 1.0681E-10 1.1226E-10 1.1778E-10 1.2349E-10 1.2950E-10 1.3571E-10 1.4211E-10 1.4860E-10 1.5539E-10 1.6226E-10 1.6944E-10 1.7680E-10 1.8436E-10 1.9199E-10 1.9980E-10 2.0791E-10 2.1620E-10 2.2443E-10 2.3306E-10 2.4174E-10 2.5057E-10 2.5967E-10 2.6868E-10 2.7807E-10 2.8757E-10 2.9697E-10 3.0681E-10 3.1641E-10 3.2644E-10 3.3641E-10 3.4636E-10 3.5667E-10 3.6659E-10 3.7696E-10 3.8690E-10 3.9726E-10
2.9660E-11 3.1918E-11 3.4050E-11 3.6460E-11 3.8826E-11 4.1396E-11 4.4012E-11 4.7005E-11 5.0642E-11 5.4625E-11 5.8787E-11 6.2932E-11 6.7506E-11 7.2041E-11 7.6646E-11 8.0975E-11 8.5372E-11 9.0057E-11 9.4817E-11 9.9873E-11 1.0511E-10 1.1055E-10 1.1618E-10 1.2190E-10 1.2792E-10 1.3403E-10 1.4046E-10 1.4708E-10 1.5391E-10 1.6082E-10 1.6794E-10 1.7536E-10 1.8299E-10 1.9070E-10 1.9860E-10 2.0680E-10 2.1520E-10 2.2366E-10 2.3230E-10 2.4123E-10 2.5010E-10 2.5938E-10 2.6880E-10 2.7814E-10 2.8785E-10 2.9780E-10 3.0753E-10 3.1771E-10 3.2766E-10 3.3802E-10 3.4857E-10 3.5875E-10 3.6941E-10 3.7967E-10 3.9037E-10 4.0088E-10 4.1137E-10
3.0724E-11 3.2887E-11 3.5246E-11 3.7566E-11 4.0168E-11 4.2737E-11 4.5680E-11 4.9265E-11 5.2953E-11 5.7071E-11 6.1410E-11 6.5941E-11 7.0437E-11 7.5007E-11 7.9302E-11 8.3772E-11 8.8433E-11 9.3059E-11 9.8093E-11 1.0332E-10 1.0874E-10 1.1436E-10 1.2018E-10 1.2621E-10 1.3222E-10 1.3865E-10 1.4529E-10 1.5215E-10 1.5921E-10 1.6636E-10 1.7372E-10 1.8141E-10 1.8930E-10 1.9727E-10 2.0545E-10 2.1394E-10 2.2263E-10 2.3128E-10 2.4034E-10 2.4959E-10 2.5878E-10 2.6837E-10 2.7812E-10 2.8779E-10 2.9795E-10 3.0823E-10 3.1832E-10 3.2884E-10 3.3913E-10 3.4996E-10 3.6086E-10 3.7139E-10 3.8239E-10 3.9300E-10 4.0407E-10 4.1492E-10 4.2575E-10
3.1798E-11 3.4029E-11 3.6378E-11 3.8765E-11 4.1448E-11 4.4338E-11 4.7621E-11 5.1500E-11 5.5563E-11 5.9851E-11 6.4333E-11 6.8785E-11 7.3313E-11 7.7569E-11 8.2002E-11 8.6628E-11 9.1223E-11 9.6228E-11 1.0143E-10 1.0683E-10 1.1244E-10 1.1824E-10 1.2426E-10 1.3038E-10 1.3671E-10 1.4336E-10 1.5023E-10 1.5731E-10 1.6450E-10 1.7201E-10 1.7963E-10 1.8757E-10 1.9573E-10 2.0410E-10 2.1245E-10 2.2123E-10 2.3021E-10 2.3917E-10 2.4855E-10 2.5811E-10 2.6763E-10 2.7755E-10 2.8774E-10 2.9775E-10 3.0825E-10 3.1855E-10 3.2931E-10 3.4030E-10 3.5095E-10 3.6213E-10 3.7317E-10 3.8426E-10 3.9564E-10 4.0660E-10 4.1802E-10 4.2921E-10 4.4037E-10
3.2803E-11 3.5099E-11 3.7518E-11 4.0063E-11 4.2898E-11 4.6206E-11 5.0024E-11 5.4028E-11 5.8259E-11 6.2687E-11 6.7088E-11 7.1570E-11 7.5781E-11 8.0172E-11 8.4757E-11 8.9425E-11 9.4284E-11 9.9450E-11 1.0483E-10 1.1041E-10 1.1619E-10 1.2220E-10 1.2841E-10 1.3463E-10 1.4127E-10 1.4815E-10 1.5525E-10 1.6257E-10 1.7011E-10 1.7777E-10 1.8564E-10 1.9385E-10 2.0229E-10 2.1082E-10 2.1958E-10 2.2866E-10 2.3783E-10 2.4722E-10 2.5692E-10 2.6681E-10 2.7666E-10 2.8702E-10 2.9733E-10 3.0791E-10 3.1875E-10 3.2963E-10 3.4064E-10 3.5198E-10 3.6299E-10 3.7453E-10 3.8615E-10 3.9740E-10 4.0912E-10 4.2044E-10 4.3220E-10 4.4374E-10 4.5527E-10
3.3822E-11 3.6185E-11 3.8674E-11 4.1293E-11 4.4696E-11 4.8449E-11 5.2390E-11 5.6640E-11 6.1008E-11 6.5354E-11 6.9782E-11 7.3944E-11 7.8286E-11 8.2826E-11 8.7337E-11 9.2266E-11 9.7393E-11 1.0273E-10 1.0828E-10 1.1404E-10 1.2002E-10 1.2622E-10 1.3253E-10 1.3917E-10 1.4593E-10 1.5303E-10 1.6036E-10 1.6792E-10 1.7572E-10 1.8351E-10 1.9177E-10 2.0026E-10 2.0897E-10 2.1769E-10 2.2685E-10 2.3624E-10 2.4573E-10 2.5544E-10 2.6546E-10 2.7545E-10 2.8597E-10 2.9667E-10 3.0722E-10 3.1826E-10 3.2957E-10 3.4059E-10 3.5217E-10 3.6387E-10 3.7525E-10 3.8716E-10 3.9915E-10 4.1075E-10 4.2284E-10 4.3451E-10 4.4664E-10 4.5853E-10 4.7041E-10
3.4854E-11 3.7365E-11 3.9845E-11 4.2703E-11 4.6470E-11 5.0816E-11 5.4997E-11 5.9301E-11 6.3585E-11 6.7956E-11 7.2062E-11 7.6352E-11 8.0839E-11 8.5300E-11 9.0181E-11 9.5263E-11 1.0056E-10 1.0607E-10 1.1179E-10 1.1774E-10 1.2391E-10 1.3030E-10 1.3682E-10 1.4357E-10 1.5066E-10 1.5799E-10 1.6556E-10 1.7337E-10 1.8131E-10 1.8948E-10 1.9801E-10 2.0678E-10 2.1578E-10 2.2479E-10 2.3427E-10 2.4397E-10 2.5378E-10 2.6381E-10 2.7426E-10 2.8459E-10 2.9546E-10 3.0650E-10 3.1740E-10 3.2892E-10 3.4058E-10 3.5196E-10 3.6391E-10 3.7599E-10 3.8773E-10 4.0001E-10 4.1235E-10 4.2432E-10 4.3655E-10 4.4882E-10 4.6131E-10 4.7355E-10 4.8578E-10
3.5892E-11 3.8476E-11 4.1269E-11 4.4713E-11 4.8520E-11 5.2636E-11 5.6877E-11 6.1325E-11 6.5864E-11 7.0143E-11 7.4373E-11 7.8582E-11 8.3209E-11 8.8035E-11 9.3065E-11 9.8313E-11 1.0377E-10 1.0945E-10 1.1536E-10 1.2149E-10 1.2786E-10 1.3446E-10 1.4107E-10 1.4815E-10 1.5547E-10 1.6304E-10 1.7085E-10 1.7891E-10 1.8711E-10 1.9556E-10 2.0437E-10 2.1342E-10 2.2261E-10 2.3204E-10 2.4183E-10 2.5172E-10 2.6186E-10 2.7244E-10 2.8323E-10 2.9391E-10 3.0512E-10 3.1662E-10 3.2789E-10 3.3976E-10 3.5178E-10 3.6353E-10 3.7586E-10 3.8831E-10 4.0042E-10 4.1306E-10 4.2556E-10 4.3813E-10 4.5072E-10 4.6335E-10 4.7620E-10 4.8859E-10 5.0116E-10
3.7023E-11 3.9751E-11 4.2957E-11 4.6688E-11 5.0970E-11 5.5135E-11 5.9509E-11 6.3865E-11 6.8079E-11 7.2248E-11 7.6504E-11 8.1069E-11 8.5835E-11 9.0806E-11 9.5998E-11 1.0141E-10 1.0703E-10 1.1289E-10 1.1898E-10 1.2530E-10 1.3187E-10 1.3857E-10 1.4551E-10 1.5280E-10 1.6036E-10 1.6817E-10 1.7623E-10 1.8444E-10 1.9291E-10 2.0175E-10 2.1084E-10 2.2007E-10 2.2957E-10 2.3942E-10 2.4952E-10 2.5963E-10 2.7031E-10 2.8122E-10 2.9214E-10 3.0338E-10 3.1505E-10 3.2692E-10 3.3854E-10 3.5077E-10 3.6318E-10 3.7530E-10 3.8800E-10 4.0081E-10 4.1330E-10 4.2609E-10 4.3897E-10 4.5213E-10 4.6509E-10 4.7809E-10 4.9108E-10 5.0382E-10 5.1700E-10
3.8001E-11 4.1130E-11 4.5017E-11 4.8946E-11 5.3034E-11 5.7333E-11 6.1849E-11 6.5995E-11 7.0097E-11 7.4389E-11 7.8887E-11 8.3587E-11 8.8494E-11 9.3623E-11 9.8969E-11 1.0454E-10 1.1034E-10 1.1638E-10 1.2265E-10 1.2917E-10 1.3583E-10 1.4273E-10 1.5000E-10 1.5754E-10 1.6533E-10 1.7339E-10 1.8159E-10 1.9018E-10 1.9893E-10 2.0804E-10 2.1731E-10 2.2696E-10 2.3676E-10 2.4693E-10 2.5723E-10 2.6789E-10 2.7891E-10 2.9016E-10 3.0131E-10 3.1313E-10 3.2515E-10 3.3737E-10 3.4937E-10 3.6198E-10 3.7453E-10 3.8725E-10 4.0031E-10 4.1328E-10 4.2637E-10 4.3954E-10 4.5280E-10 4.6632E-10 4.7944E-10 4.9280E-10 5.0618E-10 5.1952E-10 5.3306E-10
3.9313E-11 4.2957E-11 4.7192E-11 5.1275E-11 5.5491E-11 5.9695E-11 6.3995E-11 6.8024E-11 7.2244E-11 7.6670E-11 8.1298E-11 8.6135E-11 9.1194E-11 9.6473E-11 1.0198E-10 1.0772E-10 1.1369E-10 1.1991E-10 1.2638E-10 1.3287E-10 1.3985E-10 1.4708E-10 1.5458E-10 1.6235E-10 1.7038E-10 1.7870E-10 1.8717E-10 1.9591E-10 2.0505E-10 2.1446E-10 2.2402E-10 2.3387E-10 2.4408E-10 2.5445E-10 2.6519E-10 2.7630E-10 2.8765E-10 2.9913E-10 3.1086E-10 3.2303E-10 3.3541E-10 3.4757E-10 3.6037E-10 3.7335E-10 3.8627E-10 3.9936E-10 4.1258E-10 4.2594E-10 4.3963E-10 4.5317E-10 4.6681E-10 4.8049E-10 4.9422E-10 5.0795E-10 5.2170E-10 5.3542E-10 5.4910E-10
4.1134E-11 4.5058E-11 4.9053E-11 5.3641E-11 5.7762E-11 6.1979E-11 6.5931E-11 7.0074E-11 7.4423E-11 7.8974E-11 8.3735E-11 8.8719E-11 9.3924E-11 9.9355E-11 1.0503E-10 1.1093E-10 1.1708E-10 1.2338E-10 1.2993E-10 1.3685E-10 1.4404E-10 1.5150E-10 1.5923E-10 1.6724E-10 1.7553E-10 1.8398E-10 1.9272E-10 2.0186E-10 2.1128E-10 2.2087E-10 2.3085E-10 2.4100E-10 2.5164E-10 2.6233E-10 2.7339E-10 2.8483E-10 2.9664E-10 3.0825E-10 3.2055E-10 3.3307E-10 3.4560E-10 3.5836E-10 3.7153E-10 3.8487E-10 3.9796E-10 4.1165E-10 4.2525E-10 4.3899E-10 4.5305E-10 4.6676E-10 4.8077E-10 4.9507E-10 5.0894E-10 5.2329E-10 5.3742E-10 5.5128E-10 5.6533E-10
4.2832E-11 4.7059E-11 5.1338E-11 5.5593E-11 5.9952E-11 6.3823E-11 6.7885E-11 7.2152E-11 7.6622E-11 8.1302E-11 8.6205E-11 9.1330E-11 9.6682E-11 1.0228E-10 1.0811E-10 1.1419E-10 1.2030E-10 1.2690E-10 1.3376E-10 1.4089E-10 1.4830E-10 1.5599E-10 1.6396E-10 1.7221E-10 1.8064E-10 1.8948E-10 1.9849E-10 2.0791E-10 2.1750E-10 2.2750E-10 2.3767E-10 2.4835E-10 2.5908E-10 2.7032E-10 2.8172E-10 2.9361E-10 3.0575E-10 3.1772E-10 3.3037E-10 3.4327E-10 3.5616E-10 3.6929E-10 3.8282E-10 3.9633E-10 4.1002E-10 4.2386E-10 4.3807E-10 4.5219E-10 4.6642E-10 4.8050E-10 4.9514E-10 5.0982E-10 5.2408E-10 5.3859E-10 5.5309E-10 5.6764E-10 5.8207E-10
4.4888E-11 4.8911E-11 5.3419E-11 5.7574E-11 6.1706E-11 6.5683E-11 6.9751E-11 7.4248E-11 7.8841E-11 8.3544E-11 8.8585E-11 9.3965E-11 9.9360E-11 1.0511E-10 1.1101E-10 1.1726E-10 1.2379E-10 1.3059E-10 1.3765E-10 1.4500E-10 1.5263E-10 1.6055E-10 1.6865E-10 1.7716E-10 1.8596E-10 1.9495E-10 2.0436E-10 2.1394E-10 2.2394E-10 2.3412E-10 2.4482E-10 2.5581E-10 2.6687E-10 2.7832E-10 2.9028E-10 3.0250E-10 3.1477E-10 3.2732E-10 3.4034E-10 3.5360E-10 3.6665E-10 3.8035E-10 3.9404E-10 4.0815E-10 4.2223E-10 4.3644E-10 4.5082E-10 4.6532E-10 4.7995E-10 4.9465E-10 5.0967E-10 5.2452E-10 5.3916E-10 5.5405E-10 5.6925E-10 5.8419E-10 5.9901E-10
4.6858E-11 5.1147E-11 5.5208E-11 5.9476E-11 6.3365E-11 6.7345E-11 7.1748E-11 7.6251E-11 8.0865E-11 8.5816E-11 9.1101E-11 9.6411E-11 1.0208E-10 1.0800E-10 1.1417E-10 1.2062E-10 1.2733E-10 1.3432E-10 1.4161E-10 1.4917E-10 1.5703E-10 1.6507E-10 1.7354E-10 1.8230E-10 1.9125E-10 2.0063E-10 2.1020E-10 2.2018E-10 2.3037E-10 2.4107E-10 2.5207E-10 2.6316E-10 2.7465E-10 2.8665E-10 2.9894E-10 3.1151E-10 3.2392E-10 3.3705E-10 3.5043E-10 3.6382E-10 3.7746E-10 3.9132E-10 4.0562E-10 4.1989E-10 4.3456E-10 4.4895E-10 4.6371E-10 4.7884E-10 4.9385E-10 5.0895E-10 5.2414E-10 5.3937E-10 5.5471E-10 5.7000E-10 5.8558E-10 6.0091E-10 6.1589E-10
4.8777E-11 5.3190E-11 5.7253E-11 6.1051E-11 6.5044E-11 6.9244E-11 7.3654E-11 7.8278E-11 8.3132E-11 8.8217E-11 9.3539E-11 9.9113E-11 1.0494E-10 1.1102E-10 1.1738E-10 1.2402E-10 1.3093E-10 1.3813E-10 1.4562E-10 1.5341E-10 1.6139E-10 1.6980E-10 1.7850E-10 1.8741E-10 1.9675E-10 2.0628E-10 2.1625E-10 2.2641E-10 2.3710E-10 2.4811E-10 2.5921E-10 2.7071E-10 2.8275E-10 2.9509E-10 3.0771E-10 3.2020E-10 3.3341E-10 3.4689E-10 3.6062E-10 3.7417E-10 3.8817E-10 4.0264E-10 4.1732E-10 4.3198E-10 4.4658E-10 4.6158E-10 4.7697E-10 4.9248E-10 5.0790E-10 5.2316E-10 5.3873E-10 5.5467E-10 5.7042E-10 5.8610E-10 6.0186E-10 6.1757E-10 6.3326E-10
5.0957E-11 5.5144E-11 5.8847E-11 6.2743E-11 6.6845E-11 7.1156E-11 7.5680E-11 8.0435E-11 8.5420E-11 9.0642E-11 9.6119E-11 1.0185E-10 1.0784E-10 1.1410E-10 1.2064E-10 1.2746E-10 1.3458E-10 1.4199E-10 1.4971E-10 1.5761E-10 1.6594E-10 1.7459E-10 1.8344E-10 1.9260E-10 2.0221E-10 2.1213E-10 2.2227E-10 2.3294E-10 2.4393E-10 2.5523E-10 2.6653E-10 2.7859E-10 2.9095E-10 3.0362E-10 3.1637E-10 3.2943E-10 3.4299E-10 3.5683E-10 3.7049E-10 3.8486E-10 3.9924E-10 4.1408E-10 4.2892E-10 4.4395E-10 4.5894E-10 4.7457E-10 4.9035E-10 5.0604E-10 5.2161E-10 5.3750E-10 5.5379E-10 5.7013E-10 5.8597E-10 6.0213E-10 6.1828E-10 6.3441E-10 6.5048E-10
