Assets/Resources/2015_m01_d25_2100(utc+0800)_l00_csi_1hr_conc.grd
DSAA
         159         159
     -79.000      79.000
     -79.000      79.000
  0.0000E+00  0.1640E-04
[rows 75 to 99 of 159, columns 57 to 113 of 159]
1.9089E-09 2.2080E-09 2.7038E-09 3.2728E-09 3.8431E-09 4.5708E-09 5.6095E-09 6.9297E-09 8.4982E-09 1.0747E-08 1.3448E-08 1.6870E-08 2.1119E-08 2.6272E-08 3.2405E-08 3.9528E-08 4.7558E-08 5.7476E-08 7.0765E-08 9.1354E-08 1.2213E-07 1.6936E-07 2.3179E-07 3.7966E-07 4.9527E-07 4.9343E-07 4.1249E-07 3.0963E-07 2.3317E-07 1.7262E-07 1.2536E-07 8.6015E-08 6.5542E-08 5.2318E-08 3.9138E-08 3.4587E-08 3.1266E-08 2.8284E-08 2.5496E-08 2.2912E-08 2.0540E-08 1.8377E-08 1.6412E-08 1.4656E-08 1.2597E-08 1.1319E-08 1.0181E-08 9.2010E-09 7.9559E-09 7.2468E-09 6.6521E-09 5.7921E-09 5.3550E-09 4.9920E-09 4.6522E-09 4.3483E-09 4.0958E-09
2.0224E-09 2.3643E-09 2.9036E-09 3.4652E-09 4.1093E-09 4.8542E-09 5.9619E-09 7.3678E-09 9.0349E-09 1.1428E-08 1.4315E-08 1.7951E-08 2.2454E-08 2.7925E-08 3.4444E-08 4.2015E-08 5.0540E-08 6.1343E-08 7.7869E-08 1.0751E-07 1.6227E-07 2.5897E-07 4.5763E-07 8.1049E-07 9.3680E-07 8.3274E-07 6.3727E-07 4.6561E-07 3.2200E-07 2.2721E-07 1.5769E-07 1.0252E-07 7.4804E-08 5.7830E-08 4.1747E-08 3.6634E-08 3.2711E-08 2.9564E-08 2.6619E-08 2.3890E-08 2.1384E-08 1.9105E-08 1.7036E-08 1.5187E-08 1.3551E-08 1.1694E-08 1.0497E-08 9.4664E-09 8.1794E-09 7.4275E-09 6.7984E-09 5.9154E-09 5.4535E-09 5.0704E-09 4.7217E-09 4.4000E-09 4.1355E-09
2.1553E-09 2.5263E-09 3.0636E-09 3.6554E-09 4.3405E-09 5.1269E-09 6.2898E-09 7.7617E-09 9.5032E-09 1.2005E-08 1.5016E-08 1.8793E-08 2.3442E-08 2.9100E-08 3.5844E-08 4.3678E-08 5.2513E-08 6.3854E-08 8.3106E-08 1.2354E-07 2.2177E-07 4.7321E-07 1.0531E-06 1.6524E-06 1.6184E-06 1.2860E-06 9.1854E-07 6.3463E-07 4.1837E-07 2.8224E-07 1.8775E-07 1.1679E-07 8.2915E-08 6.2350E-08 4.9857E-08 3.8327E-08 3.3947E-08 3.0661E-08 2.7587E-08 2.4734E-08 2.2116E-08 1.9739E-08 1.7584E-08 1.5655E-08 1.3949E-08 1.2030E-08 1.0782E-08 9.7040E-09 8.3822E-09 7.5934E-09 6.9334E-09 6.0302E-09 5.5474E-09 5.1436E-09 4.7858E-09 4.4483E-09 4.1720E-09
2.2483E-09 2.6409E-09 3.2274E-09 3.8681E-09 4.5570E-09 5.3835E-09 6.5879E-09 8.1050E-09 9.8974E-09 1.2459E-08 1.5536E-08 1.9368E-08 2.4073E-08 2.9782E-08 3.6570E-08 4.4441E-08 5.3311E-08 6.4699E-08 8.5002E-08 1.3282E-07 3.0268E-07 9.2634E-07 2.2997E-06 2.7783E-06 2.3650E-06 1.7268E-06 1.1911E-06 7.7093E-07 4.8646E-07 3.1614E-07 2.0568E-07 1.3544E-07 8.7864E-08 6.5207E-08 5.1855E-08 3.9578E-08 3.4937E-08 3.1548E-08 2.8370E-08 2.5423E-08 2.2719E-08 2.0265E-08 1.8042E-08 1.6049E-08 1.4287E-08 1.2320E-08 1.1029E-08 9.9116E-09 8.5616E-09 7.7431E-09 7.0547E-09 6.1347E-09 5.6329E-09 5.2121E-09 4.8429E-09 4.4936E-09 4.2051E-09
2.3495E-09 2.7559E-09 3.3457E-09 4.0181E-09 4.7379E-09 5.5991E-09 6.8354E-09 8.3804E-09 1.0202E-08 1.2781E-08 1.5872E-08 1.9677E-08 2.4340E-08 2.9975E-08 3.6649E-08 4.4366E-08 5.3044E-08 6.3978E-08 8.2948E-08 1.2966E-07 3.3762E-07 1.2071E-06 3.1774E-06 1.6404E-05 5.5147E-06 2.5776E-06 1.2737E-06 7.8924E-07 5.0820E-07 3.1699E-07 2.0634E-07 1.3619E-07 8.8585E-08 6.6003E-08 5.2681E-08 4.0338E-08 3.5656E-08 3.2196E-08 2.8951E-08 2.5940E-08 2.3177E-08 2.0669E-08 1.8399E-08 1.6360E-08 1.4557E-08 1.2558E-08 1.1233E-08 1.0084E-08 8.7148E-09 7.8716E-09 7.1611E-09 6.2263E-09 5.7084E-09 5.2730E-09 4.8925E-09 4.5333E-09 4.2337E-09
2.4368E-09 2.8457E-09 3.4828E-09 4.1449E-09 4.8851E-09 5.7699E-09 7.0183E-09 8.5704E-09 1.0407E-08 1.2961E-08 1.6008E-08 1.9723E-08 2.4255E-08 2.9702E-08 3.6123E-08 4.3518E-08 5.1809E-08 6.1385E-08 7.7938E-08 1.1402E-07 2.5568E-07 8.1167E-07 2.0159E-06 2.5420E-06 2.1723E-06 1.5658E-06 1.0558E-06 6.8686E-07 4.3451E-07 2.8554E-07 1.8974E-07 1.2793E-07 8.5176E-08 6.4759E-08 5.2382E-08 4.0611E-08 3.6081E-08 3.2591E-08 2.9314E-08 2.6272E-08 2.3480E-08 2.0944E-08 1.8648E-08 1.6583E-08 1.4255E-08 1.2738E-08 1.1389E-08 1.0218E-08 8.8371E-09 7.9764E-09 7.2477E-09 6.3022E-09 5.7719E-09 5.3241E-09 4.9319E-09 4.5664E-09 4.2569E-09
2.5079E-09 2.9364E-09 3.5685E-09 4.2508E-09 5.0049E-09 5.9046E-09 7.1487E-09 8.5487E-09 1.0507E-08 1.3000E-08 1.5958E-08 1.9537E-08 2.3866E-08 2.9028E-08 3.5076E-08 4.2006E-08 4.9749E-08 5.8130E-08 7.0757E-08 9.0986E-08 1.4956E-07 3.3921E-07 7.1677E-07 1.2122E-06 1.2824E-06 1.0415E-06 7.5608E-07 5.2008E-07 3.4339E-07 2.3408E-07 1.6182E-07 1.0557E-07 7.8768E-08 6.1948E-08 4.5829E-08 4.0414E-08 3.6203E-08 3.2724E-08 2.9454E-08 2.6414E-08 2.3621E-08 2.1082E-08 1.8783E-08 1.6711E-08 1.4390E-08 1.2859E-08 1.1496E-08 9.8988E-09 8.9258E-09 8.0549E-09 6.9548E-09 6.3630E-09 5.8224E-09 5.3647E-09 4.9615E-09 4.5922E-09 4.2743E-09
2.5682E-09 3.0358E-09 3.6328E-09 4.3341E-09 5.0962E-09 6.0031E-09 7.0812E-09 8.6241E-09 1.0520E-08 1.2926E-08 1.5753E-08 1.9156E-08 2.3235E-08 2.8059E-08 3.3663E-08 4.0036E-08 4.7115E-08 5.4744E-08 6.3057E-08 7.5770E-08 9.4921E-08 1.3802E-07 2.3956E-07 4.2116E-07 5.8812E-07 5.7971E-07 4.7303E-07 3.3598E-07 2.4935E-07 1.7990E-07 1.3098E-07 9.0748E-08 7.0833E-08 5.8072E-08 4.4674E-08 3.9729E-08 3.6004E-08 3.2593E-08 2.9370E-08 2.6366E-08 2.3600E-08 2.1084E-08 1.8804E-08 1.6745E-08 1.4450E-08 1.2916E-08 1.1551E-08 9.9652E-09 8.9811E-09 8.1044E-09 7.0103E-09 6.4056E-09 5.8582E-09 5.3952E-09 4.9815E-09 4.6094E-09 4.2851E-09
2.6182E-09 3.0902E-09 3.6754E-09 4.3911E-09 5.1578E-09 6.0638E-09 7.1371E-09 8.6346E-09 1.0455E-08 1.2601E-08 1.5420E-08 1.8614E-08 2.2407E-08 2.6852E-08 3.1976E-08 3.7765E-08 4.4148E-08 5.0903E-08 5.7792E-08 6.5451E-08 7.6104E-08 9.6038E-08 1.2206E-07 1.5263E-07 2.3038E-07 2.8051E-07 2.4990E-07 2.1669E-07 1.7324E-07 1.3436E-07 9.6056E-08 7.7053E-08 6.3518E-08 4.8073E-08 4.3020E-08 3.8769E-08 3.5387E-08 3.2125E-08 2.9020E-08 2.6114E-08 2.3416E-08 2.0952E-08 1.8712E-08 1.6685E-08 1.4435E-08 1.2911E-08 1.1555E-08 9.9907E-09 9.0016E-09 8.1259E-09 7.0452E-09 6.4295E-09 5.8783E-09 5.4122E-09 4.9915E-09 4.6171E-09 4.2886E-09
2.6571E-09 3.1301E-09 3.6919E-09 4.4105E-09 5.1889E-09 6.0875E-09 7.1472E-09 8.5891E-09 1.0181E-08 1.2366E-08 1.4988E-08 1.7955E-08 2.1441E-08 2.5485E-08 3.0108E-08 3.5291E-08 4.0914E-08 4.6774E-08 5.2616E-08 5.8384E-08 6.4997E-08 7.2862E-08 8.1705E-08 9.0957E-08 1.0855E-07 1.3484E-07 1.4503E-07 1.3860E-07 1.2105E-07 9.2505E-08 7.8173E-08 6.6220E-08 5.7127E-08 4.5534E-08 4.1111E-08 3.7700E-08 3.4488E-08 3.1380E-08 2.8417E-08 2.5632E-08 2.3044E-08 2.0667E-08 1.8502E-08 1.6022E-08 1.4346E-08 1.2843E-08 1.1509E-08 9.9750E-09 8.9863E-09 8.1207E-09 7.0564E-09 6.4342E-09 5.8848E-09 5.4154E-09 4.9900E-09 4.6151E-09 4.2844E-09
2.6824E-09 3.1582E-09 3.6956E-09 4.4010E-09 5.1914E-09 6.0751E-09 7.1172E-09 8.3544E-09 1.0021E-08 1.2054E-08 1.4333E-08 1.7218E-08 2.0392E-08 2.4037E-08 2.8163E-08 3.2717E-08 3.7581E-08 4.2597E-08 4.7564E-08 5.2277E-08 5.6620E-08 6.0727E-08 6.4977E-08 7.2278E-08 7.5698E-08 7.7453E-08 8.9303E-08 8.3578E-08 7.9520E-08 7.3139E-08 6.5725E-08 5.8231E-08 4.7129E-08 4.2946E-08 3.9600E-08 3.6439E-08 3.3411E-08 3.0470E-08 2.7658E-08 2.5007E-08 2.2538E-08 2.0260E-08 1.8181E-08 1.5807E-08 1.4181E-08 1.2712E-08 1.1000E-08 9.9176E-09 8.9358E-09 7.7290E-09 7.0447E-09 6.4184E-09 5.8761E-09 5.4053E-09 4.9767E-09 4.6034E-09 4.2716E-09
2.7261E-09 3.1707E-09 3.6867E-09 4.3551E-09 5.1606E-09 6.0284E-09 7.0468E-09 8.2461E-09 9.8095E-09 1.1551E-08 1.3817E-08 1.6435E-08 1.9308E-08 2.2570E-08 2.6207E-08 3.0158E-08 3.4326E-08 3.8585E-08 4.2797E-08 4.6876E-08 5.0696E-08 5.4036E-08 5.7519E-08 6.0095E-08 6.1085E-08 6.3510E-08 6.0001E-08 6.5502E-08 6.4362E-08 6.1612E-08 5.1307E-08 4.7619E-08 4.3888E-08 4.0917E-08 3.7963E-08 3.5022E-08 3.2185E-08 2.9427E-08 2.6781E-08 2.4277E-08 2.1936E-08 1.9768E-08 1.7783E-08 1.5527E-08 1.3954E-08 1.2531E-08 1.0887E-08 9.8212E-09 8.8559E-09 7.6907E-09 7.0091E-09 6.3833E-09 5.8510E-09 5.3805E-09 4.9508E-09 4.5817E-09 4.2502E-09
2.7272E-09 3.1656E-09 3.6704E-09 4.2864E-09 5.0626E-09 5.9504E-09 6.9384E-09 8.0893E-09 9.4285E-09 1.1186E-08 1.3263E-08 1.5498E-08 1.8223E-08 2.1123E-08 2.4304E-08 2.7716E-08 3.1270E-08 3.4891E-08 3.8515E-08 4.2056E-08 4.5418E-08 4.8333E-08 5.1567E-08 5.3676E-08 5.4942E-08 5.5157E-08 5.4561E-08 5.3366E-08 5.1654E-08 4.9485E-08 4.6961E-08 4.4427E-08 4.1758E-08 3.9009E-08 3.6250E-08 3.3513E-08 3.0855E-08 2.8282E-08 2.5806E-08 2.3458E-08 2.1254E-08 1.9205E-08 1.6836E-08 1.5191E-08 1.3676E-08 1.1888E-08 1.0739E-08 9.6929E-09 8.7583E-09 7.6334E-09 6.9523E-09 6.3379E-09 5.8150E-09 5.3422E-09 4.9166E-09 4.5501E-09 4.2200E-09
2.7143E-09 3.1440E-09 3.6419E-09 4.2145E-09 4.9419E-09 5.7927E-09 6.7926E-09 7.8966E-09 9.1715E-09 1.0646E-08 1.2567E-08 1.4732E-08 1.7009E-08 1.9728E-08 2.2508E-08 2.5449E-08 2.8494E-08 3.1612E-08 3.4751E-08 3.7840E-08 4.0782E-08 4.3290E-08 4.6175E-08 4.8281E-08 4.9458E-08 4.9856E-08 4.9643E-08 4.8906E-08 4.7706E-08 4.6104E-08 4.4158E-08 4.1932E-08 3.9535E-08 3.7031E-08 3.4493E-08 3.1961E-08 2.9487E-08 2.7086E-08 2.4774E-08 2.2577E-08 2.0511E-08 1.8584E-08 1.6368E-08 1.4805E-08 1.3353E-08 1.1667E-08 1.0557E-08 9.5321E-09 8.2903E-09 7.5524E-09 6.8748E-09 6.2810E-09 5.7630E-09 5.2917E-09 4.8750E-09 4.5089E-09 4.1813E-09
2.6875E-09 3.1066E-09 3.5965E-09 4.1491E-09 4.8037E-09 5.5880E-09 6.5582E-09 7.6664E-09 8.8774E-09 1.0263E-08 1.1860E-08 1.3841E-08 1.6025E-08 1.8254E-08 2.0841E-08 2.3394E-08 2.6035E-08 2.8741E-08 3.1475E-08 3.4170E-08 3.6682E-08 3.8814E-08 4.1257E-08 4.3282E-08 4.4588E-08 4.5262E-08 4.5370E-08 4.4981E-08 4.4130E-08 4.2864E-08 4.1232E-08 3.9326E-08 3.7214E-08 3.4960E-08 3.2653E-08 3.0338E-08 2.8057E-08 2.5835E-08 2.3690E-08 2.1645E-08 1.9717E-08 1.7441E-08 1.5854E-08 1.4372E-08 1.2582E-08 1.1413E-08 1.0338E-08 9.3520E-09 8.1729E-09 7.4472E-09 6.7775E-09 6.2087E-09 5.6970E-09 5.2285E-09 4.8219E-09 4.4579E-09 4.1344E-09
2.6483E-09 3.0551E-09 3.5314E-09 4.0696E-09 4.6847E-09 5.4110E-09 6.2746E-09 7.3430E-09 8.5457E-09 9.8439E-09 1.1334E-08 1.2976E-08 1.4950E-08 1.7067E-08 1.9165E-08 2.1554E-08 2.3863E-08 2.6229E-08 2.8618E-08 3.0941E-08 3.3071E-08 3.4862E-08 3.6842E-08 3.8740E-08 4.0104E-08 4.0954E-08 4.1300E-08 4.1159E-08 4.0574E-08 3.9597E-08 3.8281E-08 3.6662E-08 3.4830E-08 3.2839E-08 3.0761E-08 2.8661E-08 2.6575E-08 2.4533E-08 2.2553E-08 2.0660E-08 1.8368E-08 1.6771E-08 1.5282E-08 1.3887E-08 1.2231E-08 1.1121E-08 1.0082E-08 8.8157E-09 8.0368E-09 7.3186E-09 6.6780E-09 6.1207E-09 5.6139E-09 5.1569E-09 4.7572E-09 4.3979E-09 4.0795E-09
2.5946E-09 2.9931E-09 3.4482E-09 3.9732E-09 4.5553E-09 5.2367E-09 6.0366E-09 6.9709E-09 8.1222E-09 9.4034E-09 1.0782E-08 1.2311E-08 1.3937E-08 1.5833E-08 1.7664E-08 1.9765E-08 2.1934E-08 2.4013E-08 2.6095E-08 2.8076E-08 2.9858E-08 3.1384E-08 3.2994E-08 3.4730E-08 3.6078E-08 3.6991E-08 3.7460E-08 3.7504E-08 3.7131E-08 3.6394E-08 3.5333E-08 3.4002E-08 3.2441E-08 3.0695E-08 2.8854E-08 2.6961E-08 2.5068E-08 2.3201E-08 2.1386E-08 1.9122E-08 1.7547E-08 1.6062E-08 1.4661E-08 1.2970E-08 1.1833E-08 1.0771E-08 9.4306E-09 8.6134E-09 7.8652E-09 7.1638E-09 6.5635E-09 6.0194E-09 5.5192E-09 5.0774E-09 4.6852E-09 4.3305E-09 4.0163E-09
2.5301E-09 2.9172E-09 3.3525E-09 3.8562E-09 4.4206E-09 5.0467E-09 5.7962E-09 6.6142E-09 7.6536E-09 8.9430E-09 1.0218E-08 1.1634E-08 1.3135E-08 1.4700E-08 1.6317E-08 1.8177E-08 2.0085E-08 2.1874E-08 2.3818E-08 2.5506E-08 2.7034E-08 2.8359E-08 2.9689E-08 3.1220E-08 3.2483E-08 3.3391E-08 3.3923E-08 3.4070E-08 3.3856E-08 3.3314E-08 3.2477E-08 3.1380E-08 3.0072E-08 2.8573E-08 2.6953E-08 2.5265E-08 2.3558E-08 2.1862E-08 1.9675E-08 1.8155E-08 1.6702E-08 1.5319E-08 1.3607E-08 1.2472E-08 1.1404E-08 1.0385E-08 9.1568E-09 8.3775E-09 7.6515E-09 6.9989E-09 6.4194E-09 5.8906E-09 5.4102E-09 4.9845E-09 4.6029E-09 4.2542E-09 3.9480E-09
2.4232E-09 2.8292E-09 3.2458E-09 3.7237E-09 4.2653E-09 4.8648E-09 5.5443E-09 6.3456E-09 7.2077E-09 8.3587E-09 9.6457E-09 1.0953E-08 1.2336E-08 1.3771E-08 1.5249E-08 1.6756E-08 1.8280E-08 1.9982E-08 2.1476E-08 2.3074E-08 2.4369E-08 2.5720E-08 2.6840E-08 2.8169E-08 2.9312E-08 3.0158E-08 3.0686E-08 3.0896E-08 3.0797E-08 3.0401E-08 2.9744E-08 2.8854E-08 2.7765E-08 2.6481E-08 2.5085E-08 2.3592E-08 2.2066E-08 2.0002E-08 1.8569E-08 1.7178E-08 1.5838E-08 1.4137E-08 1.3008E-08 1.1952E-08 1.0936E-08 9.6644E-09 8.8599E-09 8.1138E-09 7.4213E-09 6.8112E-09 6.2553E-09 5.7415E-09 5.2855E-09 4.8729E-09 4.5039E-09 4.1661E-09 3.8696E-09
2.3418E-09 2.7284E-09 3.1296E-09 3.5784E-09 4.0922E-09 4.6656E-09 5.3035E-09 6.0239E-09 6.8655E-09 7.8140E-09 9.0134E-09 1.0274E-08 1.1544E-08 1.2856E-08 1.4203E-08 1.5574E-08 1.6949E-08 1.8298E-08 1.9598E-08 2.0814E-08 2.1935E-08 2.2957E-08 2.3868E-08 2.5514E-08 2.6504E-08 2.7270E-08 2.7766E-08 2.8000E-08 2.7971E-08 2.7691E-08 2.7173E-08 2.6448E-08 2.5547E-08 2.4467E-08 2.3260E-08 2.1956E-08 2.0088E-08 1.8772E-08 1.7472E-08 1.6199E-08 1.4542E-08 1.3440E-08 1.2396E-08 1.1401E-08 1.0118E-08 9.3045E-09 8.5415E-09 7.8223E-09 7.1872E-09 6.6038E-09 6.0709E-09 5.5824E-09 5.1465E-09 4.7515E-09 4.3929E-09 4.0684E-09 3.7814E-09
2.2559E-09 2.6182E-09 3.0024E-09 3.4263E-09 3.9070E-09 4.4483E-09 5.0485E-09 5.7266E-09 6.4728E-09 7.2966E-09 8.4068E-09 9.5474E-09 1.0760E-08 1.1960E-08 1.3186E-08 1.4427E-08 1.5665E-08 1.6868E-08 1.8025E-08 1.9122E-08 2.0149E-08 2.1100E-08 2.1948E-08 2.3022E-08 2.4021E-08 2.4697E-08 2.5148E-08 2.5377E-08 2.5387E-08 2.5186E-08 2.4783E-08 2.4193E-08 2.3445E-08 2.2535E-08 2.1508E-08 1.9877E-08 1.8743E-08 1.7570E-08 1.6387E-08 1.4806E-08 1.3751E-08 1.2740E-08 1.1764E-08 1.0497E-08 9.6907E-09 8.9230E-09 8.1944E-09 7.5387E-09 6.9396E-09 6.3853E-09 5.8746E-09 5.4170E-09 4.9983E-09 4.6211E-09 4.2733E-09 3.9643E-09 3.6868E-09
2.1644E-09 2.5031E-09 2.8645E-09 3.2687E-09 3.7140E-09 4.2185E-09 4.7799E-09 5.4105E-09 6.1076E-09 6.8724E-09 7.7843E-09 8.8495E-09 9.9435E-09 1.1087E-08 1.2200E-08 1.3324E-08 1.4435E-08 1.5513E-08 1.6553E-08 1.7549E-08 1.8493E-08 1.9366E-08 2.0148E-08 2.0811E-08 2.1813E-08 2.2395E-08 2.2800E-08 2.3014E-08 2.3048E-08 2.2899E-08 2.2577E-08 2.2097E-08 2.1478E-08 2.0193E-08 1.9365E-08 1.8438E-08 1.7443E-08 1.6388E-08 1.4919E-08 1.3930E-08 1.2968E-08 1.2028E-08 1.0784E-08 9.9998E-09 9.2477E-09 8.5187E-09 7.8551E-09 7.2448E-09 6.6781E-09 6.1514E-09 5.6738E-09 5.2387E-09 4.8434E-09 4.4807E-09 4.1480E-09 3.8541E-09 3.5864E-09
2.0684E-09 2.3535E-09 2.7205E-09 3.1010E-09 3.5190E-09 3.9840E-09 4.5047E-09 5.0944E-09 5.7396E-09 6.4395E-09 7.2366E-09 8.1474E-09 9.1707E-09 1.0201E-08 1.1254E-08 1.2271E-08 1.3273E-08 1.4243E-08 1.5180E-08 1.6086E-08 1.6947E-08 1.7746E-08 1.8462E-08 1.9071E-08 1.9553E-08 2.0336E-08 2.0701E-08 2.0893E-08 2.0929E-08 2.0816E-08 2.0559E-08 1.9734E-08 1.9202E-08 1.8577E-08 1.7865E-08 1.7063E-08 1.5737E-08 1.4866E-08 1.3966E-08 1.3072E-08 1.1803E-08 1.0986E-08 1.0222E-08 9.4932E-09 8.7811E-09 8.1221E-09 7.5103E-09 6.9391E-09 6.4045E-09 5.9164E-09 5.4666E-09 5.0562E-09 4.6819E-09 4.3335E-09 4.0188E-09 3.7380E-09 3.4790E-09
1.9647E-09 2.2365E-09 2.5744E-09 2.9273E-09 3.3204E-09 3.7501E-09 4.2273E-09 4.7631E-09 5.3634E-09 6.0091E-09 6.7028E-09 7.5197E-09 8.4034E-09 9.3636E-09 1.0320E-08 1.1274E-08 1.2180E-08 1.3055E-08 1.3901E-08 1.4722E-08 1.5505E-08 1.6233E-08 1.6885E-08 1.7443E-08 1.7892E-08 1.8216E-08 1.8665E-08 1.8794E-08 1.8785E-08 1.8655E-08 1.8407E-08 1.8054E-08 1.7602E-08 1.7066E-08 1.6026E-08 1.5344E-08 1.4618E-08 1.3845E-08 1.3037E-08 1.1852E-08 1.1090E-08 1.0363E-08 9.6560E-09 8.9644E-09 8.3319E-09 7.7305E-09 7.1598E-09 6.6250E-09 6.1325E-09 5.6718E-09 5.2528E-09 4.8683E-09 4.5094E-09 4.1817E-09 3.8859E-09 3.6174E-09 3.3661E-09
1.8522E-09 2.1167E-09 2.4290E-09 2.7526E-09 3.1164E-09 3.5175E-09 3.9525E-09 4.4343E-09 4.9868E-09 5.5797E-09 6.2145E-09 6.9205E-09 7.7176E-09 8.5520E-09 9.4468E-09 1.0312E-08 1.1155E-08 1.1945E-08 1.2708E-08 1.3450E-08 1.4158E-08 1.4818E-08 1.5411E-08 1.5924E-08 1.6342E-08 1.6650E-08 1.6833E-08 1.7133E-08 1.7130E-08 1.7019E-08 1.6807E-08 1.6228E-08 1.5794E-08 1.5321E-08 1.4784E-08 1.4190E-08 1.3551E-08 1.2483E-08 1.1780E-08 1.1091E-08 1.0413E-08 9.7378E-09 9.0759E-09 8.4677E-09 7.8908E-09 7.3316E-09 6.8032E-09 6.3139E-09 5.8497E-09 5.4258E-09 5.0379E-09 4.6729E-09 4.3354E-09 4.0270E-09 3.7484E-09 3.4911E-09 3.2485E-09
