Assets/Resources/2015_m01_d08_1300(utc+0800)_l00_csi_1hr_conc.grd
DSAA
         159         159
     -79.000      79.000
     -79.000      79.000
  0.1823E-09  0.1672E-04
[rows 100 to 124 of 159, columns 57 to 113 of 159]
3.3322E-09 3.4838E-09 3.6569E-09 3.8226E-09 4.0107E-09 4.1914E-09 4.3936E-09 4.6015E-09 4.8372E-09 5.1032E-09 5.4280E-09 5.8189E-09 6.3223E-09 6.9306E-09 7.7071E-09 8.6575E-09 9.8818E-09 1.1369E-08 1.3247E-08 1.5492E-08 1.8202E-08 2.1355E-08 2.4991E-08 2.9082E-08 3.3540E-08 3.8270E-08 4.3135E-08 4.7961E-08 5.2566E-08 5.6773E-08 6.0431E-08 6.3433E-08 6.5722E-08 6.7277E-08 6.8131E-08 6.8341E-08 6.7978E-08 6.7180E-08 6.6019E-08 6.4572E-08 6.2910E-08 6.1100E-08 5.9189E-08 5.7220E-08 5.5217E-08 5.3203E-08 5.1177E-08 4.9146E-08 4.7139E-08 4.5139E-08 4.3024E-08 4.0956E-08 3.9117E-08 3.7483E-08 3.6027E-08 3.4653E-08 3.3389E-08
3.3024E-09 3.4528E-09 3.6247E-09 3.7891E-09 3.9758E-09 4.1551E-09 4.3557E-09 4.5628E-09 4.7953E-09 5.0561E-09 5.3747E-09 5.7610E-09 6.2384E-09 6.8388E-09 7.5752E-09 8.5031E-09 9.6666E-09 1.1095E-08 1.2892E-08 1.5046E-08 1.7649E-08 2.0677E-08 2.4192E-08 2.8156E-08 3.2502E-08 3.7162E-08 4.2007E-08 4.6881E-08 5.1613E-08 5.6026E-08 5.9963E-08 6.3285E-08 6.5918E-08 6.7813E-08 6.8966E-08 6.9423E-08 6.9253E-08 6.8525E-08 6.7372E-08 6.5861E-08 6.4085E-08 6.2112E-08 6.0014E-08 5.7843E-08 5.5637E-08 5.3429E-08 5.1229E-08 4.9057E-08 4.6945E-08 4.4875E-08 4.2845E-08 4.0741E-08 3.8871E-08 3.7137E-08 3.5591E-08 3.4235E-08 3.2981E-08
3.2703E-09 3.4194E-09 3.5897E-09 3.7527E-09 3.9377E-09 4.1154E-09 4.3139E-09 4.5200E-09 4.7512E-09 5.0096E-09 5.3185E-09 5.6897E-09 6.1439E-09 6.7222E-09 7.4256E-09 8.3125E-09 9.4122E-09 1.0777E-08 1.2470E-08 1.4518E-08 1.6995E-08 1.9883E-08 2.3256E-08 2.7065E-08 3.1274E-08 3.5822E-08 4.0601E-08 4.5468E-08 5.0258E-08 5.4802E-08 5.8938E-08 6.2527E-08 6.5439E-08 6.7624E-08 6.9055E-08 6.9749E-08 6.9761E-08 6.9159E-08 6.8027E-08 6.6489E-08 6.4638E-08 6.2552E-08 6.0311E-08 5.7982E-08 5.5614E-08 5.3249E-08 5.0906E-08 4.8614E-08 4.6405E-08 4.4276E-08 4.2227E-08 4.0223E-08 3.8374E-08 3.6632E-08 3.5045E-08 3.3664E-08 3.2432E-08
3.2360E-09 3.3835E-09 3.5522E-09 3.7135E-09 3.8966E-09 4.0725E-09 4.2693E-09 4.4731E-09 4.7016E-09 4.9573E-09 5.2593E-09 5.6211E-09 6.0606E-09 6.6176E-09 7.2945E-09 8.1499E-09 9.1886E-09 1.0504E-08 1.2112E-08 1.4063E-08 1.6415E-08 1.9185E-08 2.2405E-08 2.6058E-08 3.0112E-08 3.4514E-08 3.9173E-08 4.3959E-08 4.8720E-08 5.3295E-08 5.7522E-08 6.1260E-08 6.4384E-08 6.6780E-08 6.8422E-08 6.9311E-08 6.9480E-08 6.8994E-08 6.7936E-08 6.6410E-08 6.4519E-08 6.2368E-08 6.0035E-08 5.7596E-08 5.5114E-08 5.2637E-08 5.0195E-08 4.7820E-08 4.5547E-08 4.3374E-08 4.1315E-08 3.9366E-08 3.7555E-08 3.5911E-08 3.4347E-08 3.2974E-08 3.1758E-08
3.1995E-09 3.3453E-09 3.5120E-09 3.6714E-09 3.8525E-09 4.0263E-09 4.2216E-09 4.4211E-09 4.6472E-09 4.8980E-09 5.1938E-09 5.5443E-09 5.9677E-09 6.5005E-09 7.1452E-09 7.9606E-09 8.9528E-09 1.0200E-08 1.1718E-08 1.3569E-08 1.5783E-08 1.8416E-08 2.1463E-08 2.4941E-08 2.8805E-08 3.3027E-08 3.7523E-08 4.2175E-08 4.6845E-08 5.1379E-08 5.5623E-08 5.9426E-08 6.2663E-08 6.5240E-08 6.7054E-08 6.8100E-08 6.8405E-08 6.8037E-08 6.7062E-08 6.5582E-08 6.3699E-08 6.1530E-08 5.9162E-08 5.6669E-08 5.4126E-08 5.1585E-08 4.9091E-08 4.6678E-08 4.4380E-08 4.2198E-08 4.0150E-08 3.8240E-08 3.6473E-08 3.4919E-08 3.3463E-08 3.2139E-08 3.0966E-08
3.1608E-09 3.3048E-09 3.4694E-09 3.6268E-09 3.8055E-09 3.9771E-09 4.1690E-09 4.3654E-09 4.5865E-09 4.8322E-09 5.1190E-09 5.4569E-09 5.8644E-09 6.3607E-09 6.9878E-09 7.7469E-09 8.6938E-09 9.8633E-09 1.1288E-08 1.3035E-08 1.5110E-08 1.7586E-08 2.0448E-08 2.3734E-08 2.7390E-08 3.1395E-08 3.5680E-08 4.0142E-08 4.4656E-08 4.9077E-08 5.3256E-08 5.7047E-08 6.0318E-08 6.2968E-08 6.4928E-08 6.6124E-08 6.6556E-08 6.6295E-08 6.5418E-08 6.4010E-08 6.2183E-08 6.0034E-08 5.7680E-08 5.5203E-08 5.2652E-08 5.0102E-08 4.7606E-08 4.5201E-08 4.2919E-08 4.0768E-08 3.8764E-08 3.6916E-08 3.5228E-08 3.3733E-08 3.2378E-08 3.1151E-08 3.0052E-08
3.1090E-09 3.2545E-09 3.4129E-09 3.5717E-09 3.7557E-09 3.9167E-09 4.1123E-09 4.3046E-09 4.5183E-09 4.7599E-09 5.0357E-09 5.3622E-09 5.7491E-09 6.2162E-09 6.8051E-09 7.5165E-09 8.4059E-09 9.4908E-09 1.0831E-08 1.2442E-08 1.4379E-08 1.6676E-08 1.9341E-08 2.2407E-08 2.5826E-08 2.9583E-08 3.3618E-08 3.7846E-08 4.2147E-08 4.6394E-08 5.0443E-08 5.4153E-08 5.7394E-08 6.0058E-08 6.2073E-08 6.3386E-08 6.3972E-08 6.3818E-08 6.3048E-08 6.1744E-08 6.0001E-08 5.7933E-08 5.5631E-08 5.3196E-08 5.0718E-08 4.8214E-08 4.5766E-08 4.3417E-08 4.1195E-08 3.9112E-08 3.7185E-08 3.5425E-08 3.3833E-08 3.2419E-08 3.1156E-08 3.0032E-08 2.9026E-08
3.0581E-09 3.2099E-09 3.3591E-09 3.5221E-09 3.6882E-09 3.8615E-09 4.0480E-09 4.2383E-09 4.4457E-09 4.6796E-09 4.9410E-09 5.2566E-09 5.6228E-09 6.0669E-09 6.6009E-09 7.2786E-09 8.0959E-09 9.1000E-09 1.0337E-08 1.1818E-08 1.3604E-08 1.5712E-08 1.8174E-08 2.0987E-08 2.4156E-08 2.7640E-08 3.1391E-08 3.5338E-08 3.9379E-08 4.3395E-08 4.7255E-08 5.0820E-08 5.3971E-08 5.6595E-08 5.8614E-08 5.9976E-08 6.0661E-08 6.0682E-08 6.0025E-08 5.8841E-08 5.7223E-08 5.5271E-08 5.3086E-08 5.0747E-08 4.8339E-08 4.5962E-08 4.3617E-08 4.1368E-08 3.9246E-08 3.7268E-08 3.5447E-08 3.3801E-08 3.2325E-08 3.1013E-08 2.9850E-08 2.8821E-08 2.7920E-08
3.0104E-09 3.1592E-09 3.3042E-09 3.4702E-09 3.6239E-09 3.8036E-09 3.9787E-09 4.1714E-09 4.3701E-09 4.5931E-09 4.8453E-09 5.1425E-09 5.4885E-09 5.9046E-09 6.3982E-09 7.0209E-09 7.7669E-09 8.6979E-09 9.8139E-09 1.1173E-08 1.2787E-08 1.4704E-08 1.6944E-08 1.9495E-08 2.2396E-08 2.5576E-08 2.9018E-08 3.2654E-08 3.6397E-08 4.0135E-08 4.3753E-08 4.7124E-08 5.0130E-08 5.2669E-08 5.4648E-08 5.6025E-08 5.6768E-08 5.6893E-08 5.6432E-08 5.5389E-08 5.3925E-08 5.2131E-08 5.0097E-08 4.7909E-08 4.5649E-08 4.3388E-08 4.1201E-08 3.9101E-08 3.7115E-08 3.5274E-08 3.3590E-08 3.2076E-08 3.0730E-08 2.9539E-08 2.8490E-08 2.7559E-08 2.6752E-08
2.9646E-09 3.1108E-09 3.2531E-09 3.4119E-09 3.5667E-09 3.7429E-09 3.9104E-09 4.1004E-09 4.2907E-09 4.5045E-09 4.7466E-09 5.0232E-09 5.3512E-09 5.7339E-09 6.1933E-09 6.7490E-09 7.4397E-09 8.2734E-09 9.2876E-09 1.0510E-08 1.1958E-08 1.3688E-08 1.5683E-08 1.7985E-08 2.0585E-08 2.3463E-08 2.6574E-08 2.9872E-08 3.3282E-08 3.6710E-08 4.0045E-08 4.3177E-08 4.5993E-08 4.8395E-08 5.0302E-08 5.1655E-08 5.2437E-08 5.2644E-08 5.2314E-08 5.1498E-08 5.0218E-08 4.8607E-08 4.6760E-08 4.4761E-08 4.2690E-08 4.0615E-08 3.8592E-08 3.6665E-08 3.4856E-08 3.3178E-08 3.1651E-08 3.0289E-08 2.9085E-08 2.8025E-08 2.7096E-08 2.6275E-08 2.5559E-08
2.9132E-09 3.0606E-09 3.2001E-09 3.3556E-09 3.5072E-09 3.6794E-09 3.8436E-09 4.0234E-09 4.2094E-09 4.4134E-09 4.6373E-09 4.9038E-09 5.2071E-09 5.5616E-09 5.9861E-09 6.4856E-09 7.1039E-09 7.8541E-09 8.7685E-09 9.8415E-09 1.1141E-08 1.2662E-08 1.4438E-08 1.6480E-08 1.8772E-08 2.1343E-08 2.4115E-08 2.7066E-08 3.0126E-08 3.3216E-08 3.6238E-08 3.9094E-08 4.1687E-08 4.3919E-08 4.5721E-08 4.7034E-08 4.7833E-08 4.8115E-08 4.7902E-08 4.7249E-08 4.6208E-08 4.4819E-08 4.3182E-08 4.1401E-08 3.9549E-08 3.7690E-08 3.5874E-08 3.4140E-08 3.2519E-08 3.1027E-08 2.9673E-08 2.8473E-08 2.7417E-08 2.6495E-08 2.5689E-08 2.4982E-08 2.4364E-08
2.8527E-09 2.9900E-09 3.1333E-09 3.2973E-09 3.4451E-09 3.6136E-09 3.7737E-09 3.9484E-09 4.1270E-09 4.3157E-09 4.5346E-09 4.7771E-09 5.0579E-09 5.3913E-09 5.7674E-09 6.2299E-09 6.7731E-09 7.4473E-09 8.2467E-09 9.2042E-09 1.0343E-08 1.1673E-08 1.3238E-08 1.5005E-08 1.7028E-08 1.9266E-08 2.1709E-08 2.4303E-08 2.7005E-08 2.9746E-08 3.2444E-08 3.5011E-08 3.7359E-08 3.9404E-08 4.1076E-08 4.2327E-08 4.3123E-08 4.3463E-08 4.3362E-08 4.2858E-08 4.2007E-08 4.0862E-08 3.9477E-08 3.7931E-08 3.6317E-08 3.4691E-08 3.3100E-08 3.1583E-08 3.0169E-08 2.8870E-08 2.7702E-08 2.6666E-08 2.5758E-08 2.4973E-08 2.4289E-08 2.3695E-08 2.3175E-08
2.8028E-09 2.9278E-09 3.0769E-09 3.2186E-09 3.3733E-09 3.5301E-09 3.6932E-09 3.8718E-09 4.0376E-09 4.2227E-09 4.4270E-09 4.6495E-09 4.9195E-09 5.2084E-09 5.5635E-09 5.9736E-09 6.4563E-09 7.0415E-09 7.7513E-09 8.5842E-09 9.5794E-09 1.0745E-08 1.2076E-08 1.3625E-08 1.5364E-08 1.7298E-08 1.9424E-08 2.1675E-08 2.4026E-08 2.6421E-08 2.8789E-08 3.1058E-08 3.3147E-08 3.4988E-08 3.6514E-08 3.7681E-08 3.8459E-08 3.8838E-08 3.8836E-08 3.8477E-08 3.7806E-08 3.6872E-08 3.5735E-08 3.4452E-08 3.3082E-08 3.1696E-08 3.0340E-08 2.9047E-08 2.7845E-08 2.6749E-08 2.5769E-08 2.4899E-08 2.4137E-08 2.3481E-08 2.2913E-08 2.2427E-08 2.2001E-08
2.7474E-09 2.8734E-09 3.0186E-09 3.1509E-09 3.3074E-09 3.4504E-09 3.6190E-09 3.7817E-09 3.9515E-09 4.1282E-09 4.3134E-09 4.5310E-09 4.7633E-09 5.0435E-09 5.3597E-09 5.7223E-09 6.1597E-09 6.6580E-09 7.2679E-09 8.0053E-09 8.8514E-09 9.8400E-09 1.0997E-08 1.2299E-08 1.3784E-08 1.5441E-08 1.7232E-08 1.9179E-08 2.1195E-08 2.3256E-08 2.5306E-08 2.7282E-08 2.9118E-08 3.0750E-08 3.2127E-08 3.3202E-08 3.3951E-08 3.4363E-08 3.4446E-08 3.4224E-08 3.3726E-08 3.2994E-08 3.2081E-08 3.1040E-08 2.9923E-08 2.8778E-08 2.7656E-08 2.6585E-08 2.5594E-08 2.4696E-08 2.3897E-08 2.3193E-08 2.2576E-08 2.2042E-08 2.1582E-08 2.1191E-08 2.0849E-08
2.6770E-09 2.8175E-09 2.9547E-09 3.0876E-09 3.2353E-09 3.3787E-09 3.5421E-09 3.6965E-09 3.8652E-09 4.0258E-09 4.2089E-09 4.4028E-09 4.6279E-09 4.8791E-09 5.1585E-09 5.4911E-09 5.8683E-09 6.3173E-09 6.8434E-09 7.4539E-09 8.1991E-09 9.0470E-09 1.0015E-08 1.1138E-08 1.2388E-08 1.3774E-08 1.5308E-08 1.6936E-08 1.8661E-08 2.0413E-08 2.2162E-08 2.3857E-08 2.5445E-08 2.6870E-08 2.8088E-08 2.9061E-08 2.9763E-08 3.0187E-08 3.0334E-08 3.0221E-08 2.9871E-08 2.9322E-08 2.8616E-08 2.7796E-08 2.6909E-08 2.5998E-08 2.5099E-08 2.4243E-08 2.3455E-08 2.2742E-08 2.2110E-08 2.1557E-08 2.1081E-08 2.0663E-08 2.0307E-08 1.9999E-08 1.9729E-08
2.6077E-09 2.7487E-09 2.8758E-09 3.0146E-09 3.1659E-09 3.3049E-09 3.4635E-09 3.6132E-09 3.7765E-09 3.9323E-09 4.0997E-09 4.2834E-09 4.4888E-09 4.7087E-09 4.9744E-09 5.2661E-09 5.5991E-09 5.9984E-09 6.4427E-09 6.9756E-09 7.5898E-09 8.3191E-09 9.1453E-09 1.0074E-08 1.1128E-08 1.2302E-08 1.3563E-08 1.4942E-08 1.6383E-08 1.7862E-08 1.9336E-08 2.0773E-08 2.2127E-08 2.3356E-08 2.4420E-08 2.5288E-08 2.5938E-08 2.6360E-08 2.6554E-08 2.6531E-08 2.6312E-08 2.5925E-08 2.5404E-08 2.4787E-08 2.4111E-08 2.3407E-08 2.2712E-08 2.2057E-08 2.1454E-08 2.0911E-08 2.0429E-08 2.0013E-08 1.9656E-08 1.9350E-08 1.9086E-08 1.8855E-08 1.8649E-08
2.5496E-09 2.6862E-09 2.8038E-09 2.9442E-09 3.0711E-09 3.2216E-09 3.3645E-09 3.5196E-09 3.6859E-09 3.8361E-09 3.9925E-09 4.1668E-09 4.3479E-09 4.5604E-09 4.7916E-09 5.0548E-09 5.3499E-09 5.6845E-09 6.0869E-09 6.5346E-09 7.0569E-09 7.6536E-09 8.3529E-09 9.1345E-09 9.9987E-09 1.0969E-08 1.2029E-08 1.3145E-08 1.4348E-08 1.5586E-08 1.6819E-08 1.8023E-08 1.9168E-08 2.0217E-08 2.1139E-08 2.1907E-08 2.2503E-08 2.2917E-08 2.3148E-08 2.3203E-08 2.3096E-08 2.2849E-08 2.2491E-08 2.2051E-08 2.1558E-08 2.1045E-08 2.0537E-08 2.0050E-08 1.9608E-08 1.9214E-08 1.8867E-08 1.8570E-08 1.8315E-08 1.8103E-08 1.7921E-08 1.7754E-08 1.7597E-08
2.4789E-09 2.6122E-09 2.7408E-09 2.8728E-09 2.9993E-09 3.1452E-09 3.2769E-09 3.4329E-09 3.5787E-09 3.7381E-09 3.8890E-09 4.0456E-09 4.2212E-09 4.4063E-09 4.6206E-09 4.8609E-09 5.1154E-09 5.4135E-09 5.7566E-09 6.1404E-09 6.5850E-09 7.0906E-09 7.6627E-09 8.3159E-09 9.0353E-09 9.8372E-09 1.0713E-08 1.1647E-08 1.2618E-08 1.3644E-08 1.4676E-08 1.5682E-08 1.6639E-08 1.7525E-08 1.8315E-08 1.8986E-08 1.9523E-08 1.9917E-08 2.0166E-08 2.0274E-08 2.0251E-08 2.0119E-08 1.9896E-08 1.9605E-08 1.9275E-08 1.8928E-08 1.8577E-08 1.8240E-08 1.7929E-08 1.7658E-08 1.7427E-08 1.7231E-08 1.7066E-08 1.6930E-08 1.6807E-08 1.6692E-08 1.6582E-08
2.4088E-09 2.5299E-09 2.6696E-09 2.7863E-09 2.9189E-09 3.0631E-09 3.1942E-09 3.3447E-09 3.4849E-09 3.6387E-09 3.7835E-09 3.9342E-09 4.0908E-09 4.2681E-09 4.4555E-09 4.6658E-09 4.9077E-09 5.1623E-09 5.4525E-09 5.7882E-09 6.1547E-09 6.5850E-09 7.0595E-09 7.5919E-09 8.1972E-09 8.8391E-09 9.5522E-09 1.0328E-08 1.1117E-08 1.1955E-08 1.2808E-08 1.3631E-08 1.4451E-08 1.5195E-08 1.5869E-08 1.6453E-08 1.6934E-08 1.7305E-08 1.7563E-08 1.7714E-08 1.7766E-08 1.7728E-08 1.7620E-08 1.7461E-08 1.7265E-08 1.7049E-08 1.6828E-08 1.6617E-08 1.6421E-08 1.6250E-08 1.6109E-08 1.5995E-08 1.5904E-08 1.5822E-08 1.5740E-08 1.5669E-08 1.5599E-08
2.3495E-09 2.4662E-09 2.5896E-09 2.7119E-09 2.8410E-09 2.9602E-09 3.1027E-09 3.2397E-09 3.3819E-09 3.5377E-09 3.6768E-09 3.8214E-09 3.9714E-09 4.1271E-09 4.3034E-09 4.4898E-09 4.6978E-09 4.9330E-09 5.1842E-09 5.4669E-09 5.7953E-09 6.1404E-09 6.5482E-09 6.9965E-09 7.4765E-09 8.0120E-09 8.6012E-09 9.2340E-09 9.8802E-09 1.0569E-08 1.1274E-08 1.1955E-08 1.2626E-08 1.3271E-08 1.3839E-08 1.4340E-08 1.4765E-08 1.5109E-08 1.5369E-08 1.5547E-08 1.5649E-08 1.5685E-08 1.5666E-08 1.5603E-08 1.5509E-08 1.5399E-08 1.5283E-08 1.5170E-08 1.5068E-08 1.4982E-08 1.4911E-08 1.4860E-08 1.4816E-08 1.4770E-08 1.4732E-08 1.4691E-08 1.4649E-08
2.2656E-09 2.3878E-09 2.5026E-09 2.6308E-09 2.7626E-09 2.8814E-09 3.0180E-09 3.1404E-09 3.2861E-09 3.4210E-09 3.5690E-09 3.7074E-09 3.8509E-09 3.9994E-09 4.1532E-09 4.3173E-09 4.5108E-09 4.7068E-09 4.9318E-09 5.1875E-09 5.4540E-09 5.7572E-09 6.1048E-09 6.4748E-09 6.8878E-09 7.3280E-09 7.7899E-09 8.2967E-09 8.8336E-09 9.3873E-09 9.9595E-09 1.0519E-08 1.1079E-08 1.1619E-08 1.2113E-08 1.2563E-08 1.2945E-08 1.3267E-08 1.3526E-08 1.3722E-08 1.3861E-08 1.3949E-08 1.3991E-08 1.4001E-08 1.3987E-08 1.3959E-08 1.3922E-08 1.3887E-08 1.3857E-08 1.3835E-08 1.3824E-08 1.3810E-08 1.3792E-08 1.3783E-08 1.3771E-08 1.3753E-08 1.3741E-08
2.2016E-09 2.3152E-09 2.4296E-09 2.5499E-09 2.6644E-09 2.7940E-09 2.9218E-09 3.0421E-09 3.1896E-09 3.3188E-09 3.4603E-09 3.5924E-09 3.7291E-09 3.8707E-09 4.0170E-09 4.1681E-09 4.3243E-09 4.5029E-09 4.6983E-09 4.9103E-09 5.1592E-09 5.4012E-09 5.6970E-09 6.0147E-09 6.3499E-09 6.7496E-09 7.1356E-09 7.5471E-09 7.9853E-09 8.4332E-09 8.8996E-09 9.3750E-09 9.8368E-09 1.0279E-08 1.0701E-08 1.1094E-08 1.1447E-08 1.1745E-08 1.1993E-08 1.2195E-08 1.2355E-08 1.2477E-08 1.2566E-08 1.2631E-08 1.2675E-08 1.2703E-08 1.2727E-08 1.2749E-08 1.2771E-08 1.2799E-08 1.2821E-08 1.2830E-08 1.2838E-08 1.2846E-08 1.2850E-08 1.2863E-08 1.2882E-08
2.1226E-09 2.2347E-09 2.3425E-09 2.4725E-09 2.5900E-09 2.7098E-09 2.8197E-09 2.9514E-09 3.0680E-09 3.2079E-09 3.3438E-09 3.4768E-09 3.6068E-09 3.7413E-09 3.8800E-09 4.0233E-09 4.1711E-09 4.3237E-09 4.4870E-09 4.6636E-09 4.8730E-09 5.1042E-09 5.3362E-09 5.6038E-09 5.8945E-09 6.1997E-09 6.5585E-09 6.9168E-09 7.2709E-09 7.6431E-09 8.0170E-09 8.3983E-09 8.7826E-09 9.1578E-09 9.5159E-09 9.8502E-09 1.0163E-08 1.0447E-08 1.0701E-08 1.0919E-08 1.1093E-08 1.1238E-08 1.1358E-08 1.1455E-08 1.1537E-08 1.1610E-08 1.1676E-08 1.1737E-08 1.1797E-08 1.1843E-08 1.1876E-08 1.1903E-08 1.1927E-08 1.1948E-08 1.1979E-08 1.2021E-08 1.2057E-08
2.0495E-09 2.1447E-09 2.2786E-09 2.3762E-09 2.4926E-09 2.6081E-09 2.7269E-09 2.8565E-09 2.9718E-09 3.1052E-09 3.2271E-09 3.3610E-09 3.4843E-09 3.6115E-09 3.7427E-09 3.8781E-09 4.0178E-09 4.1618E-09 4.3101E-09 4.4678E-09 4.6272E-09 4.8149E-09 5.0198E-09 5.2530E-09 5.5044E-09 5.7536E-09 6.0344E-09 6.3552E-09 6.6734E-09 6.9941E-09 7.3100E-09 7.6239E-09 7.9362E-09 8.2424E-09 8.5384E-09 8.8232E-09 9.0958E-09 9.3505E-09 9.5846E-09 9.7978E-09 9.9892E-09 1.0162E-08 1.0311E-08 1.0438E-08 1.0547E-08 1.0643E-08 1.0730E-08 1.0807E-08 1.0868E-08 1.0914E-08 1.0962E-08 1.1006E-08 1.1046E-08 1.1106E-08 1.1176E-08 1.1241E-08 1.1291E-08
1.9770E-09 2.0733E-09 2.1814E-09 2.2899E-09 2.4149E-09 2.5121E-09 2.6423E-09 2.7419E-09 2.8677E-09 2.9871E-09 3.1100E-09 3.2451E-09 3.3616E-09 3.4817E-09 3.6056E-09 3.7332E-09 3.8648E-09 4.0002E-09 4.1397E-09 4.2834E-09 4.4314E-09 4.5892E-09 4.7528E-09 4.9423E-09 5.1484E-09 5.3674E-09 5.6093E-09 5.8634E-09 6.1209E-09 6.4110E-09 6.7193E-09 6.9876E-09 7.2567E-09 7.5169E-09 7.7695E-09 8.0120E-09 8.2420E-09 8.4575E-09 8.6565E-09 8.8404E-09 9.0087E-09 9.1628E-09 9.3040E-09 9.4340E-09 9.5553E-09 9.6704E-09 9.7720E-09 9.8607E-09 9.9433E-09 1.0026E-08 1.0107E-08 1.0188E-08 1.0280E-08 1.0377E-08 1.0462E-08 1.0530E-08 1.0580E-08
