Assets/Resources/2015_m01_d09_2000(utc+0800)_l00_csi_1hr_conc.grd
DSAA
         159         159
     -79.000      79.000
     -79.000      79.000
  0.1095E-08  0.8572E-05
[rows 50 to 74 of 159, columns 0 to 56 of 159]
2.9116E-09 3.0132E-09 3.1069E-09 3.2149E-09 3.3233E-09 3.4240E-09 3.5173E-09 3.6091E-09 3.7014E-09 3.8015E-09 3.9130E-09 4.0570E-09 4.1741E-09 4.3322E-09 4.4943E-09 4.6410E-09 4.8050E-09 4.9773E-09 5.1805E-09 5.3680E-09 5.5562E-09 5.7711E-09 5.9946E-09 6.2515E-09 6.4964E-09 6.7675E-09 7.0315E-09 7.3594E-09 7.6923E-09 8.0628E-09 8.4122E-09 8.7745E-09 9.1715E-09 9.5733E-09 1.0003E-08 1.0463E-08 1.0942E-08 1.1432E-08 1.1946E-08 1.2491E-08 1.3049E-08 1.3615E-08 1.4187E-08 1.4775E-08 1.5385E-08 1.5989E-08 1.6591E-08 1.7188E-08 1.7777E-08 1.8346E-08 1.8891E-08 1.9403E-08 1.9882E-08 2.0331E-08 2.0728E-08 2.1081E-08 2.1384E-08
2.9952E-09 3.0907E-09 3.1975E-09 3.2968E-09 3.4075E-09 3.5053E-09 3.5979E-09 3.6913E-09 3.7925E-09 3.9051E-09 4.0499E-09 4.1683E-09 4.3271E-09 4.4597E-09 4.6309E-09 4.7890E-09 4.9747E-09 5.1735E-09 5.3626E-09 5.5576E-09 5.7701E-09 5.9958E-09 6.2595E-09 6.5041E-09 6.7801E-09 7.0656E-09 7.4012E-09 7.7217E-09 8.1015E-09 8.4647E-09 8.8395E-09 9.2376E-09 9.6649E-09 1.0113E-08 1.0597E-08 1.1103E-08 1.1621E-08 1.2173E-08 1.2758E-08 1.3363E-08 1.3975E-08 1.4603E-08 1.5263E-08 1.5943E-08 1.6624E-08 1.7308E-08 1.7993E-08 1.8682E-08 1.9357E-08 2.0012E-08 2.0644E-08 2.1261E-08 2.1839E-08 2.2373E-08 2.2865E-08 2.3294E-08 2.3671E-08
3.0690E-09 3.1814E-09 3.2757E-09 3.3921E-09 3.4906E-09 3.5840E-09 3.6783E-09 3.7805E-09 3.8801E-09 4.0257E-09 4.1442E-09 4.2894E-09 4.4511E-09 4.6206E-09 4.7747E-09 4.9649E-09 5.1644E-09 5.3496E-09 5.5501E-09 5.7639E-09 5.9871E-09 6.2578E-09 6.5040E-09 6.7795E-09 7.0706E-09 7.4116E-09 7.7515E-09 8.1212E-09 8.4936E-09 8.8797E-09 9.2878E-09 9.7156E-09 1.0193E-08 1.0688E-08 1.1222E-08 1.1768E-08 1.2352E-08 1.2974E-08 1.3621E-08 1.4277E-08 1.4964E-08 1.5686E-08 1.6435E-08 1.7190E-08 1.7951E-08 1.8728E-08 1.9514E-08 2.0292E-08 2.1058E-08 2.1816E-08 2.2565E-08 2.3281E-08 2.3964E-08 2.4599E-08 2.5183E-08 2.5722E-08 2.6199E-08
3.1554E-09 3.2494E-09 3.3744E-09 3.4733E-09 3.5638E-09 3.6625E-09 3.7618E-09 3.8662E-09 4.0119E-09 4.1314E-09 4.2617E-09 4.4391E-09 4.6074E-09 4.7576E-09 4.9463E-09 5.1211E-09 5.3318E-09 5.5315E-09 5.7514E-09 6.0029E-09 6.2438E-09 6.4940E-09 6.7661E-09 7.0619E-09 7.4064E-09 7.7462E-09 8.1212E-09 8.4994E-09 8.8961E-09 9.3120E-09 9.7491E-09 1.0229E-08 1.0750E-08 1.1290E-08 1.1871E-08 1.2481E-08 1.3135E-08 1.3818E-08 1.4518E-08 1.5258E-08 1.6036E-08 1.6850E-08 1.7673E-08 1.8512E-08 1.9379E-08 2.0261E-08 2.1144E-08 2.2026E-08 2.2910E-08 2.3791E-08 2.4650E-08 2.5482E-08 2.6279E-08 2.7042E-08 2.7755E-08 2.8408E-08 2.9019E-08
3.2294E-09 3.3509E-09 3.4517E-09 3.5447E-09 3.6439E-09 3.7439E-09 3.8491E-09 3.9668E-09 4.1149E-09 4.2461E-09 4.4149E-09 4.5767E-09 4.7243E-09 4.8999E-09 5.0993E-09 5.3126E-09 5.5071E-09 5.7293E-09 5.9821E-09 6.2196E-09 6.4750E-09 6.7442E-09 7.0396E-09 7.3866E-09 7.7270E-09 8.1052E-09 8.4831E-09 8.8888E-09 9.3128E-09 9.7559E-09 1.0245E-08 1.0762E-08 1.1330E-08 1.1918E-08 1.2563E-08 1.3236E-08 1.3954E-08 1.4696E-08 1.5480E-08 1.6310E-08 1.7179E-08 1.8068E-08 1.8981E-08 1.9932E-08 2.0907E-08 2.1894E-08 2.2892E-08 2.3900E-08 2.4916E-08 2.5916E-08 2.6903E-08 2.7868E-08 2.8814E-08 2.9718E-08 3.0573E-08 3.1388E-08 3.2151E-08
3.3050E-09 3.4245E-09 3.5230E-09 3.6226E-09 3.7232E-09 3.8290E-09 3.9471E-09 4.0949E-09 4.2118E-09 4.3605E-09 4.5569E-09 4.7034E-09 4.8602E-09 5.0696E-09 5.2875E-09 5.4792E-09 5.6964E-09 5.9226E-09 6.1884E-09 6.4431E-09 6.7146E-09 7.0377E-09 7.3530E-09 7.6941E-09 8.0699E-09 8.4486E-09 8.8581E-09 9.2888E-09 9.7364E-09 1.0228E-08 1.0757E-08 1.1315E-08 1.1932E-08 1.2583E-08 1.3289E-08 1.4021E-08 1.4808E-08 1.5629E-08 1.6503E-08 1.7418E-08 1.8368E-08 1.9351E-08 2.0376E-08 2.1442E-08 2.2526E-08 2.3635E-08 2.4764E-08 2.5912E-08 2.7055E-08 2.8198E-08 2.9333E-08 3.0460E-08 3.1560E-08 3.2627E-08 3.3660E-08 3.4664E-08 3.5642E-08
3.3980E-09 3.4970E-09 3.5988E-09 3.6962E-09 3.8041E-09 3.9071E-09 4.0583E-09 4.1892E-09 4.3224E-09 4.4956E-09 4.6792E-09 4.8342E-09 5.0376E-09 5.2526E-09 5.4335E-09 5.6513E-09 5.8842E-09 6.1539E-09 6.4027E-09 6.6765E-09 6.9948E-09 7.3075E-09 7.6476E-09 8.0181E-09 8.4007E-09 8.8066E-09 9.2415E-09 9.6949E-09 1.0183E-08 1.0720E-08 1.1284E-08 1.1887E-08 1.2570E-08 1.3273E-08 1.4038E-08 1.4840E-08 1.5704E-08 1.6610E-08 1.7568E-08 1.8571E-08 1.9616E-08 2.0708E-08 2.1853E-08 2.3027E-08 2.4238E-08 2.5482E-08 2.6756E-08 2.8044E-08 2.9338E-08 3.0640E-08 3.1945E-08 3.3240E-08 3.4518E-08 3.5781E-08 3.7041E-08 3.8263E-08 3.9770E-08
3.4705E-09 3.5686E-09 3.6702E-09 3.7783E-09 3.8818E-09 4.0042E-09 4.1631E-09 4.2965E-09 4.4479E-09 4.6513E-09 4.8050E-09 4.9689E-09 5.1985E-09 5.3943E-09 5.5974E-09 5.8381E-09 6.1095E-09 6.3573E-09 6.6248E-09 6.9129E-09 7.2510E-09 7.5849E-09 7.9552E-09 8.3350E-09 8.7360E-09 9.1717E-09 9.6312E-09 1.0112E-08 1.0650E-08 1.1223E-08 1.1822E-08 1.2491E-08 1.3227E-08 1.3982E-08 1.4820E-08 1.5695E-08 1.6639E-08 1.7623E-08 1.8674E-08 1.9770E-08 2.0920E-08 2.2133E-08 2.3392E-08 2.4693E-08 2.6044E-08 2.7436E-08 2.8854E-08 3.0294E-08 3.1757E-08 3.3238E-08 3.4722E-08 3.6210E-08 3.7699E-08 3.9201E-08 4.0683E-08 4.2152E-08 4.3961E-08
3.5363E-09 3.6394E-09 3.7475E-09 3.8537E-09 3.9621E-09 4.1165E-09 4.2524E-09 4.3881E-09 4.5972E-09 4.7575E-09 4.9180E-09 5.1283E-09 5.3467E-09 5.5541E-09 5.7894E-09 6.0544E-09 6.2897E-09 6.5661E-09 6.8534E-09 7.1898E-09 7.5152E-09 7.8810E-09 8.2542E-09 8.6517E-09 9.0828E-09 9.5444E-09 1.0024E-08 1.0552E-08 1.1128E-08 1.1729E-08 1.2390E-08 1.3113E-08 1.3894E-08 1.4720E-08 1.5632E-08 1.6577E-08 1.7600E-08 1.8669E-08 1.9815E-08 2.1017E-08 2.2281E-08 2.3613E-08 2.4995E-08 2.6436E-08 2.7932E-08 2.9471E-08 3.1046E-08 3.2659E-08 3.4310E-08 3.5981E-08 3.7667E-08 3.9368E-08 4.1099E-08 4.2843E-08 4.4595E-08 4.6678E-08 4.8497E-08
3.6084E-09 3.7127E-09 3.8227E-09 3.9314E-09 4.0560E-09 4.2200E-09 4.3556E-09 4.5121E-09 4.7216E-09 4.8808E-09 5.0652E-09 5.3011E-09 5.5006E-09 5.7171E-09 5.9806E-09 6.2277E-09 6.4886E-09 6.7837E-09 7.1211E-09 7.4378E-09 7.7885E-09 8.1628E-09 8.5556E-09 8.9786E-09 9.4343E-09 9.9170E-09 1.0433E-08 1.1003E-08 1.1608E-08 1.2255E-08 1.2976E-08 1.3741E-08 1.4583E-08 1.5483E-08 1.6462E-08 1.7477E-08 1.8589E-08 1.9744E-08 2.0996E-08 2.2299E-08 2.3688E-08 2.5140E-08 2.6654E-08 2.8246E-08 2.9888E-08 3.1585E-08 3.3333E-08 3.5138E-08 3.6977E-08 3.8851E-08 4.0755E-08 4.2704E-08 4.4693E-08 4.6709E-08 4.8754E-08 5.1200E-08 5.3358E-08
3.6757E-09 3.7892E-09 3.8979E-09 4.0060E-09 4.1683E-09 4.3047E-09 4.4448E-09 4.6520E-09 4.8250E-09 4.9906E-09 5.2379E-09 5.4307E-09 5.6401E-09 5.8895E-09 6.1588E-09 6.4198E-09 6.7101E-09 7.0392E-09 7.3580E-09 7.6934E-09 8.0627E-09 8.4530E-09 8.8587E-09 9.3124E-09 9.7917E-09 1.0297E-08 1.0854E-08 1.1459E-08 1.2098E-08 1.2801E-08 1.3572E-08 1.4379E-08 1.5300E-08 1.6265E-08 1.7303E-08 1.8404E-08 1.9600E-08 2.0850E-08 2.2209E-08 2.3617E-08 2.5133E-08 2.6711E-08 2.8369E-08 3.0104E-08 3.1904E-08 3.3767E-08 3.5703E-08 3.7696E-08 3.9737E-08 4.1835E-08 4.3988E-08 4.6193E-08 4.8455E-08 5.0771E-08 5.3478E-08 5.5966E-08 5.8517E-08
3.7511E-09 3.8581E-09 3.9698E-09 4.1016E-09 4.2659E-09 4.4055E-09 4.5961E-09 4.7809E-09 4.9455E-09 5.1415E-09 5.3759E-09 5.5783E-09 5.8220E-09 6.0915E-09 6.3430E-09 6.6150E-09 6.9368E-09 7.2500E-09 7.5987E-09 7.9545E-09 8.3446E-09 8.7361E-09 9.1737E-09 9.6485E-09 1.0148E-08 1.0693E-08 1.1286E-08 1.1918E-08 1.2604E-08 1.3362E-08 1.4168E-08 1.5042E-08 1.6031E-08 1.7047E-08 1.8165E-08 1.9348E-08 2.0626E-08 2.1980E-08 2.3440E-08 2.4962E-08 2.6609E-08 2.8313E-08 3.0120E-08 3.2000E-08 3.3960E-08 3.6006E-08 3.8128E-08 4.0316E-08 4.2580E-08 4.4916E-08 4.7323E-08 4.9801E-08 5.2352E-08 5.4994E-08 5.8083E-08 6.0958E-08 6.3940E-08
3.8195E-09 3.9310E-09 4.0444E-09 4.2104E-09 4.3479E-09 4.5065E-09 4.7179E-09 4.8966E-09 5.0829E-09 5.3180E-09 5.5005E-09 5.7290E-09 6.0000E-09 6.2481E-09 6.5102E-09 6.8464E-09 7.1501E-09 7.4788E-09 7.8423E-09 8.2186E-09 8.6116E-09 9.0266E-09 9.5007E-09 9.9886E-09 1.0515E-08 1.1095E-08 1.1718E-08 1.2392E-08 1.3122E-08 1.3925E-08 1.4785E-08 1.5723E-08 1.6768E-08 1.7843E-08 1.9046E-08 2.0306E-08 2.1675E-08 2.3130E-08 2.4688E-08 2.6335E-08 2.8105E-08 2.9942E-08 3.1893E-08 3.3921E-08 3.6050E-08 3.8276E-08 4.0589E-08 4.2982E-08 4.5478E-08 4.8054E-08 5.0722E-08 5.3482E-08 5.6349E-08 5.9340E-08 6.2816E-08 6.6123E-08 6.9960E-08
3.8897E-09 4.0028E-09 4.1378E-09 4.3029E-09 4.4458E-09 4.6404E-09 4.8209E-09 4.9979E-09 5.2220E-09 5.4364E-09 5.6433E-09 5.8872E-09 6.1646E-09 6.4232E-09 6.7145E-09 7.0489E-09 7.3685E-09 7.7273E-09 8.0872E-09 8.4751E-09 8.8851E-09 9.3418E-09 9.8267E-09 1.0329E-08 1.0894E-08 1.1504E-08 1.2156E-08 1.2874E-08 1.3650E-08 1.4497E-08 1.5410E-08 1.6409E-08 1.7505E-08 1.8651E-08 1.9932E-08 2.1266E-08 2.2733E-08 2.4283E-08 2.5941E-08 2.7713E-08 2.9598E-08 3.1576E-08 3.3664E-08 3.5844E-08 3.8146E-08 4.0551E-08 4.3049E-08 4.5666E-08 4.8380E-08 5.1212E-08 5.4156E-08 5.7203E-08 6.0398E-08 6.4073E-08 6.7636E-08 7.1393E-08 7.5772E-08
3.9565E-09 4.0763E-09 4.2413E-09 4.3818E-09 4.5437E-09 4.7515E-09 4.9324E-09 5.1314E-09 5.3624E-09 5.5722E-09 5.8035E-09 6.0729E-09 6.3318E-09 6.6001E-09 6.9220E-09 7.2369E-09 7.6028E-09 7.9574E-09 8.3252E-09 8.7352E-09 9.1775E-09 9.6462E-09 1.0144E-08 1.0684E-08 1.1285E-08 1.1911E-08 1.2608E-08 1.3362E-08 1.4178E-08 1.5080E-08 1.6047E-08 1.7093E-08 1.8247E-08 1.9468E-08 2.0822E-08 2.2231E-08 2.3795E-08 2.5432E-08 2.7203E-08 2.9090E-08 3.1086E-08 3.3206E-08 3.5424E-08 3.7763E-08 4.0232E-08 4.2807E-08 4.5501E-08 4.8332E-08 5.1274E-08 5.4353E-08 5.7567E-08 6.0907E-08 6.4436E-08 6.8490E-08 7.2478E-08 7.6707E-08 8.1637E-08
4.0255E-09 4.1631E-09 4.3304E-09 4.4763E-09 4.6737E-09 4.8497E-09 5.0376E-09 5.2661E-09 5.4828E-09 5.6927E-09 5.9718E-09 6.2139E-09 6.4835E-09 6.8103E-09 7.1151E-09 7.4577E-09 7.8179E-09 8.1804E-09 8.5703E-09 9.0113E-09 9.4580E-09 9.9470E-09 1.0476E-08 1.1052E-08 1.1664E-08 1.2322E-08 1.3063E-08 1.3847E-08 1.4714E-08 1.5662E-08 1.6676E-08 1.7775E-08 1.8986E-08 2.0279E-08 2.1701E-08 2.3190E-08 2.4843E-08 2.6564E-08 2.8448E-08 3.0437E-08 3.2549E-08 3.4802E-08 3.7145E-08 3.9618E-08 4.2208E-08 4.4924E-08 4.7788E-08 5.0787E-08 5.3923E-08 5.7218E-08 6.0666E-08 6.4288E-08 6.8116E-08 7.2533E-08 7.6929E-08 8.2002E-08 8.7093E-08
4.0986E-09 4.2630E-09 4.4060E-09 4.5559E-09 4.7598E-09 4.9411E-09 5.1500E-09 5.3933E-09 5.6119E-09 5.8464E-09 6.1184E-09 6.3730E-09 6.6687E-09 6.9899E-09 7.3178E-09 7.6684E-09 8.0148E-09 8.3933E-09 8.8101E-09 9.2519E-09 9.7103E-09 1.0229E-08 1.0777E-08 1.1358E-08 1.1989E-08 1.2689E-08 1.3447E-08 1.4245E-08 1.5155E-08 1.6126E-08 1.7169E-08 1.8299E-08 1.9553E-08 2.0888E-08 2.2351E-08 2.3892E-08 2.5600E-08 2.7375E-08 2.9336E-08 3.1384E-08 3.3586E-08 3.5922E-08 3.8354E-08 4.0968E-08 4.3698E-08 4.6579E-08 4.9624E-08 5.2806E-08 5.6168E-08 5.9698E-08 6.3418E-08 6.7328E-08 7.1498E-08 7.6295E-08 8.1119E-08 8.6687E-08 9.2328E-08
4.1797E-09 4.3485E-09 4.4965E-09 4.6505E-09 4.8673E-09 5.0563E-09 5.2959E-09 5.5067E-09 5.7254E-09 6.0011E-09 6.2506E-09 6.5153E-09 6.8539E-09 7.1597E-09 7.4995E-09 7.8547E-09 8.2180E-09 8.6252E-09 9.0446E-09 9.4971E-09 9.9868E-09 1.0528E-08 1.1080E-08 1.1686E-08 1.2361E-08 1.3083E-08 1.3854E-08 1.4688E-08 1.5630E-08 1.6617E-08 1.7694E-08 1.8851E-08 2.0145E-08 2.1513E-08 2.3011E-08 2.4596E-08 2.6347E-08 2.8170E-08 3.0190E-08 3.2286E-08 3.4562E-08 3.6956E-08 3.9471E-08 4.2173E-08 4.4988E-08 4.7988E-08 5.1148E-08 5.4467E-08 5.7995E-08 6.1696E-08 6.5637E-08 6.9796E-08 7.4224E-08 7.9352E-08 8.4551E-08 9.0577E-08 9.6741E-08
4.2469E-09 4.4204E-09 4.5723E-09 4.7775E-09 4.9609E-09 5.1633E-09 5.3955E-09 5.6206E-09 5.8550E-09 6.1474E-09 6.4002E-09 6.6915E-09 7.0255E-09 7.3462E-09 7.6927E-09 8.0381E-09 8.4236E-09 8.8269E-09 9.2528E-09 9.7269E-09 1.0233E-08 1.0772E-08 1.1334E-08 1.1977E-08 1.2654E-08 1.3383E-08 1.4174E-08 1.5049E-08 1.6001E-08 1.7009E-08 1.8116E-08 1.9302E-08 2.0635E-08 2.2037E-08 2.3581E-08 2.5213E-08 2.7013E-08 2.8895E-08 3.0980E-08 3.3136E-08 3.5496E-08 3.7963E-08 4.0582E-08 4.3375E-08 4.6298E-08 4.9431E-08 5.2721E-08 5.6204E-08 5.9899E-08 6.3794E-08 6.7948E-08 7.2357E-08 7.7068E-08 8.2531E-08 8.8101E-08 9.4554E-08 1.0124E-07
4.3435E-09 4.4920E-09 4.6626E-09 4.8734E-09 5.0630E-09 5.2637E-09 5.5171E-09 5.7431E-09 6.0196E-09 6.2705E-09 6.5330E-09 6.8683E-09 7.1807E-09 7.5120E-09 7.8661E-09 8.2320E-09 8.6241E-09 9.0326E-09 9.4786E-09 9.9694E-09 1.0476E-08 1.1026E-08 1.1624E-08 1.2273E-08 1.2956E-08 1.3711E-08 1.4532E-08 1.5412E-08 1.6376E-08 1.7402E-08 1.8529E-08 1.9732E-08 2.1090E-08 2.2508E-08 2.4076E-08 2.5730E-08 2.7554E-08 2.9465E-08 3.1578E-08 3.3759E-08 3.6161E-08 3.8658E-08 4.1328E-08 4.4156E-08 4.7149E-08 5.0345E-08 5.3698E-08 5.7279E-08 6.1074E-08 6.5109E-08 6.9410E-08 7.3996E-08 7.8911E-08 8.4619E-08 9.0498E-08 9.7346E-08 1.0447E-07
4.4250E-09 4.5632E-09 4.7381E-09 4.9615E-09 5.1493E-09 5.4048E-09 5.6239E-09 5.8650E-09 6.1504E-09 6.4102E-09 6.7000E-09 7.0290E-09 7.3530E-09 7.6946E-09 8.0432E-09 8.4191E-09 8.8169E-09 9.2394E-09 9.6999E-09 1.0193E-08 1.0712E-08 1.1295E-08 1.1897E-08 1.2556E-08 1.3263E-08 1.4051E-08 1.4874E-08 1.5775E-08 1.6759E-08 1.7809E-08 1.8960E-08 2.0191E-08 2.1579E-08 2.3024E-08 2.4628E-08 2.6315E-08 2.8181E-08 3.0133E-08 3.2290E-08 3.4518E-08 3.6979E-08 3.9526E-08 4.2268E-08 4.5151E-08 4.8231E-08 5.1504E-08 5.4961E-08 5.8658E-08 6.2557E-08 6.6726E-08 7.1169E-08 7.5890E-08 8.0951E-08 8.6869E-08 9.2952E-08 1.0009E-07 1.0753E-07
4.4925E-09 4.6494E-09 4.8603E-09 5.0424E-09 5.2582E-09 5.5128E-09 5.7390E-09 6.0204E-09 6.2724E-09 6.5327E-09 6.8683E-09 7.1718E-09 7.5062E-09 7.8580E-09 8.2166E-09 8.6028E-09 9.0101E-09 9.4471E-09 9.9147E-09 1.0417E-08 1.0959E-08 1.1544E-08 1.2150E-08 1.2830E-08 1.3562E-08 1.4346E-08 1.5180E-08 1.6095E-08 1.7087E-08 1.8149E-08 1.9310E-08 2.0550E-08 2.1947E-08 2.3398E-08 2.5010E-08 2.6700E-08 2.8574E-08 3.0530E-08 3.2690E-08 3.4918E-08 3.7383E-08 3.9926E-08 4.2678E-08 4.5562E-08 4.8673E-08 5.1945E-08 5.5427E-08 5.9141E-08 6.3083E-08 6.7316E-08 7.1831E-08 7.6697E-08 8.1924E-08 8.8044E-08 9.4380E-08 1.0182E-07 1.0963E-07
4.5595E-09 4.7347E-09 4.9506E-09 5.1383E-09 5.3751E-09 5.6122E-09 5.8372E-09 6.1269E-09 6.3859E-09 6.6721E-09 7.0176E-09 7.3313E-09 7.6755E-09 8.0186E-09 8.3873E-09 8.7821E-09 9.2020E-09 9.6481E-09 1.0124E-08 1.0645E-08 1.1195E-08 1.1788E-08 1.2414E-08 1.3121E-08 1.3852E-08 1.4652E-08 1.5501E-08 1.6434E-08 1.7442E-08 1.8522E-08 1.9701E-08 2.0962E-08 2.2378E-08 2.3849E-08 2.5481E-08 2.7177E-08 2.9064E-08 3.1020E-08 3.3182E-08 3.5413E-08 3.7879E-08 4.0423E-08 4.3174E-08 4.6047E-08 4.9159E-08 5.2419E-08 5.5920E-08 5.9637E-08 6.3590E-08 6.7831E-08 7.2376E-08 7.7298E-08 8.2606E-08 8.8791E-08 9.5247E-08 1.0285E-07 1.1085E-07
4.6257E-09 4.8049E-09 5.0260E-09 5.2253E-09 5.4777E-09 5.7035E-09 5.9585E-09 6.2482E-09 6.5151E-09 6.8463E-09 7.1489E-09 7.4714E-09 7.8232E-09 8.1767E-09 8.5545E-09 8.9593E-09 9.3883E-09 9.8442E-09 1.0334E-08 1.0863E-08 1.1422E-08 1.2027E-08 1.2668E-08 1.3371E-08 1.4111E-08 1.4918E-08 1.5775E-08 1.6715E-08 1.7726E-08 1.8812E-08 1.9992E-08 2.1254E-08 2.2666E-08 2.4131E-08 2.5759E-08 2.7454E-08 2.9342E-08 3.1296E-08 3.3457E-08 3.5685E-08 3.8145E-08 4.0694E-08 4.3446E-08 4.6322E-08 4.9443E-08 5.2697E-08 5.6206E-08 5.9917E-08 6.3899E-08 6.8163E-08 7.2742E-08 7.7680E-08 8.3045E-08 8.9289E-08 9.5871E-08 1.0355E-07 1.1166E-07
4.7063E-09 4.9049E-09 5.1004E-09 5.3195E-09 5.5779E-09 5.8102E-09 6.0877E-09 6.3598E-09 6.6271E-09 6.9681E-09 7.2782E-09 7.6100E-09 7.9670E-09 8.3314E-09 8.7184E-09 9.1311E-09 9.5696E-09 1.0037E-08 1.0536E-08 1.1076E-08 1.1644E-08 1.2265E-08 1.2913E-08 1.3623E-08 1.4374E-08 1.5191E-08 1.6059E-08 1.7008E-08 1.8029E-08 1.9125E-08 2.0312E-08 2.1581E-08 2.2998E-08 2.4467E-08 2.6098E-08 2.7793E-08 2.9679E-08 3.1626E-08 3.3777E-08 3.6007E-08 3.8457E-08 4.1002E-08 4.3730E-08 4.6593E-08 4.9699E-08 5.2932E-08 5.6431E-08 6.0111E-08 6.4073E-08 6.8295E-08 7.2865E-08 7.7794E-08 8.3163E-08 8.9395E-08 9.5930E-08 1.0360E-07 1.1177E-07
