Assets/Resources/2015_m01_d10_2000(utc+0800)_l00_csi_1hr_conc.grd
DSAA
         159         159
     -79.000      79.000
     -79.000      79.000
  0.6968E-12  0.3810E-05
[rows 50 to 74 of 159, columns 0 to 56 of 159]
1.6877E-12 1.7289E-12 1.7709E-12 1.8136E-12 1.8571E-12 1.9013E-12 1.9463E-12 1.9920E-12 2.0385E-12 2.0858E-12 2.5721E-12 3.2255E-12 3.9061E-12 4.5468E-12 5.2093E-12 5.6821E-12 5.8890E-12 6.2124E-12 6.4383E-12 6.6715E-12 6.9124E-12 7.1610E-12 7.4176E-12 7.6823E-12 7.9553E-12 8.2369E-12 8.5272E-12 8.8264E-12 9.4087E-12 1.0849E-11 1.2751E-11 1.5986E-11 1.9656E-11 2.2967E-11 2.4762E-11 2.6676E-11 2.8177E-11 2.9584E-11 3.1047E-11 3.2413E-11 3.4001E-11 3.5652E-11 3.7200E-11 3.8804E-11 4.0467E-11 4.2189E-11 4.3974E-11 4.5821E-11 4.7733E-11 4.9710E-11 5.1755E-11 5.3869E-11 5.6052E-11 5.8307E-11 6.0634E-11 6.3036E-11 6.5512E-11
1.7112E-12 1.7530E-12 1.7955E-12 1.8389E-12 1.8829E-12 1.9278E-12 1.9734E-12 2.0197E-12 2.0669E-12 2.1148E-12 3.1833E-12 3.8505E-12 4.4797E-12 5.1310E-12 5.4569E-12 5.8016E-12 6.1210E-12 6.3448E-12 6.5759E-12 6.8146E-12 7.0611E-12 7.3155E-12 7.5781E-12 7.8491E-12 8.1286E-12 8.4168E-12 8.7140E-12 9.0203E-12 1.0173E-11 1.1926E-11 1.4976E-11 1.8826E-11 2.2592E-11 2.4355E-11 2.5808E-11 2.7407E-11 2.8953E-11 3.0553E-11 3.1906E-11 3.3477E-11 3.5111E-11 3.6645E-11 3.8237E-11 3.9888E-11 4.1600E-11 4.3373E-11 4.5209E-11 4.7111E-11 4.9078E-11 5.1114E-11 5.3218E-11 5.5394E-11 5.7641E-11 5.9962E-11 6.2358E-11 6.4830E-11 6.7379E-11
1.7347E-12 1.7771E-12 1.8202E-12 1.8641E-12 1.9088E-12 1.9543E-12 2.0005E-12 2.0475E-12 2.0953E-12 2.5829E-12 3.2387E-12 3.9223E-12 4.5673E-12 5.2353E-12 5.7129E-12 6.0282E-12 6.2497E-12 6.4786E-12 6.7150E-12 6.9593E-12 7.2114E-12 7.4718E-12 7.7405E-12 8.0177E-12 8.3037E-12 8.5987E-12 8.9029E-12 1.0036E-11 1.1490E-11 1.3410E-11 1.6673E-11 2.0983E-11 2.3311E-11 2.5010E-11 2.6945E-11 2.8467E-11 2.9897E-11 3.1385E-11 3.2777E-11 3.4393E-11 3.6074E-11 3.7653E-11 3.9291E-11 4.0989E-11 4.2750E-11 4.4574E-11 4.6463E-11 4.8420E-11 5.0444E-11 5.2538E-11 5.4704E-11 5.6942E-11 5.9255E-11 6.1643E-11 6.4108E-11 6.6652E-11 6.9275E-11
1.7583E-12 1.8012E-12 1.8450E-12 1.8895E-12 1.9348E-12 1.9808E-12 2.0277E-12 2.0753E-12 2.1238E-12 3.1943E-12 3.8640E-12 4.4968E-12 5.1529E-12 5.6229E-12 5.8302E-12 6.1531E-12 6.3797E-12 6.6137E-12 6.8556E-12 7.1054E-12 7.3633E-12 7.6296E-12 7.9045E-12 8.1881E-12 8.4808E-12 8.7826E-12 9.3646E-12 1.0529E-11 1.2566E-11 1.5638E-11 1.9264E-11 2.2793E-11 2.4574E-11 2.6045E-11 2.7664E-11 2.9230E-11 3.0700E-11 3.2230E-11 3.3826E-11 3.5488E-11 3.7052E-11 3.8676E-11 4.0360E-11 4.2106E-11 4.3917E-11 4.5793E-11 4.7736E-11 4.9748E-11 5.1830E-11 5.3983E-11 5.6211E-11 5.8513E-11 6.0891E-11 6.3348E-11 6.5884E-11 6.8500E-11 7.1199E-11
1.7819E-12 1.8255E-12 1.8698E-12 1.9149E-12 1.9608E-12 2.0075E-12 2.0550E-12 2.1032E-12 2.5915E-12 3.2485E-12 3.9342E-12 4.5825E-12 5.2550E-12 5.7367E-12 6.0552E-12 6.2793E-12 6.5109E-12 6.7502E-12 6.9975E-12 7.2529E-12 7.5167E-12 7.7891E-12 8.0702E-12 8.3603E-12 8.6596E-12 8.9683E-12 1.0113E-11 1.1583E-11 1.3799E-11 1.7428E-11 2.1266E-11 2.3502E-11 2.5217E-11 2.7011E-11 2.8710E-11 3.0160E-11 3.1670E-11 3.3087E-11 3.4728E-11 3.6436E-11 3.8043E-11 3.9712E-11 4.1443E-11 4.3239E-11 4.5100E-11 4.7028E-11 4.9026E-11 5.1094E-11 5.3235E-11 5.5449E-11 5.7739E-11 6.0106E-11 6.2551E-11 6.5077E-11 6.7684E-11 7.0374E-11 7.3149E-11
1.8056E-12 1.8497E-12 1.8946E-12 1.9403E-12 1.9868E-12 2.0341E-12 2.0823E-12 2.1312E-12 3.2021E-12 3.8731E-12 4.5085E-12 5.1685E-12 5.6421E-12 5.8515E-12 6.1776E-12 6.4066E-12 6.6433E-12 6.8880E-12 7.1408E-12 7.4019E-12 7.6716E-12 7.9500E-12 8.2375E-12 8.5341E-12 8.8401E-12 9.4285E-12 1.0874E-11 1.2660E-11 1.5634E-11 1.9129E-11 2.2957E-11 2.4751E-11 2.6239E-11 2.7874E-11 2.9457E-11 3.0947E-11 3.2500E-11 3.4119E-11 3.5805E-11 3.7396E-11 3.9048E-11 4.0763E-11 4.2541E-11 4.4386E-11 4.6299E-11 4.8281E-11 5.0333E-11 5.2459E-11 5.4659E-11 5.6934E-11 5.9288E-11 6.1720E-11 6.4234E-11 6.6830E-11 6.9509E-11 7.2274E-11 7.5126E-11
1.8293E-12 1.8740E-12 1.9195E-12 1.9658E-12 2.0129E-12 2.0609E-12 2.1096E-12 2.5977E-12 3.2551E-12 3.9417E-12 4.7326E-12 5.2683E-12 5.7534E-12 6.0747E-12 6.3011E-12 6.5351E-12 6.7770E-12 7.0270E-12 7.2854E-12 7.5522E-12 7.8279E-12 8.1125E-12 8.4063E-12 8.7095E-12 9.0223E-12 1.0177E-11 1.1660E-11 1.4042E-11 1.8182E-11 2.1781E-11 2.3654E-11 2.5382E-11 2.7190E-11 2.8903E-11 3.0371E-11 3.1901E-11 3.3339E-11 3.5002E-11 3.6734E-11 3.8368E-11 4.0065E-11 4.1826E-11 4.3654E-11 4.5549E-11 4.7513E-11 4.9549E-11 5.1658E-11 5.3841E-11 5.6101E-11 5.8439E-11 6.0856E-11 6.3356E-11 6.5938E-11 6.8605E-11 7.1358E-11 7.4199E-11 7.7129E-11
1.8530E-12 1.8983E-12 1.9444E-12 1.9913E-12 2.0390E-12 2.0876E-12 2.1370E-12 3.2066E-12 3.8780E-12 4.5150E-12 5.1778E-12 5.6544E-12 5.9708E-12 6.1944E-12 6.4256E-12 6.6646E-12 6.9118E-12 7.1672E-12 7.4312E-12 7.7039E-12 7.9855E-12 8.2763E-12 8.5766E-12 8.8864E-12 9.4803E-12 1.0936E-11 1.3269E-11 1.6256E-11 1.9767E-11 2.2682E-11 2.4887E-11 2.6388E-11 2.8036E-11 2.9635E-11 3.1142E-11 3.2713E-11 3.4352E-11 3.6060E-11 3.7675E-11 3.9353E-11 4.1095E-11 4.2903E-11 4.4779E-11 4.6725E-11 4.8742E-11 5.0833E-11 5.2998E-11 5.5240E-11 5.7561E-11 5.9962E-11 6.2445E-11 6.5011E-11 6.7663E-11 7.0402E-11 7.3229E-11 7.6147E-11 7.9156E-11
1.8768E-12 1.9227E-12 1.9694E-12 2.0169E-12 2.0652E-12 2.1144E-12 2.6017E-12 3.2582E-12 3.9448E-12 4.7373E-12 5.4150E-12 5.7630E-12 6.0867E-12 6.3150E-12 6.5511E-12 6.7952E-12 7.0476E-12 7.3085E-12 7.5782E-12 7.8567E-12 8.1444E-12 8.4415E-12 8.7483E-12 9.0648E-12 1.0227E-11 1.2258E-11 1.4382E-11 1.8403E-11 2.1886E-11 2.3766E-11 2.5503E-11 2.7043E-11 2.8892E-11 3.0530E-11 3.2077E-11 3.3534E-11 3.5216E-11 3.6969E-11 3.8626E-11 4.0349E-11 4.2137E-11 4.3993E-11 4.5918E-11 4.7915E-11 4.9986E-11 5.2132E-11 5.4354E-11 5.6656E-11 5.9038E-11 6.1502E-11 6.4051E-11 6.6686E-11 6.9408E-11 7.2220E-11 7.5122E-11 7.8118E-11 8.1207E-11
1.9006E-12 1.9470E-12 1.9943E-12 2.0424E-12 2.0914E-12 2.1412E-12 2.6390E-12 3.8785E-12 4.5162E-12 5.1808E-12 5.6596E-12 5.9781E-12 6.2034E-12 6.4364E-12 6.6775E-12 6.9268E-12 7.1846E-12 7.4510E-12 7.7263E-12 8.0108E-12 8.3046E-12 8.6080E-12 8.9213E-12 9.5196E-12 1.1521E-11 1.3330E-11 1.6329E-11 1.9732E-11 2.2653E-11 2.4705E-11 2.6492E-11 2.8149E-11 2.9760E-11 3.1282E-11 3.2869E-11 3.4364E-11 3.6251E-11 3.7888E-11 3.9589E-11 4.1355E-11 4.3190E-11 4.5094E-11 4.7070E-11 4.9119E-11 5.1243E-11 5.3445E-11 5.5725E-11 5.8087E-11 6.0531E-11 6.3060E-11 6.5675E-11 6.8379E-11 7.1173E-11 7.4058E-11 7.7037E-11 8.0110E-11 8.3281E-11
1.9244E-12 1.9714E-12 2.0193E-12 2.0680E-12 2.1175E-12 2.6032E-12 3.2581E-12 4.0846E-12 4.7365E-12 5.4157E-12 5.7655E-12 6.0910E-12 6.3209E-12 6.5588E-12 6.8048E-12 7.0593E-12 7.3224E-12 7.5944E-12 7.8755E-12 8.1660E-12 8.4659E-12 8.7758E-12 9.0957E-12 1.0530E-11 1.2303E-11 1.4438E-11 1.8232E-11 2.1675E-11 2.3838E-11 2.5581E-11 2.7131E-11 2.8986E-11 3.0482E-11 3.2196E-11 3.3670E-11 3.5368E-11 3.7138E-11 3.8816E-11 4.0561E-11 4.2372E-11 4.4254E-11 4.6207E-11 4.8233E-11 5.0335E-11 5.2514E-11 5.4772E-11 5.7111E-11 5.9533E-11 6.2040E-11 6.4634E-11 6.7317E-11 7.0090E-11 7.2956E-11 7.5915E-11 7.8971E-11 8.2124E-11 8.5377E-11
1.9482E-12 1.9958E-12 2.0442E-12 2.0935E-12 2.1437E-12 2.6396E-12 3.8747E-12 4.5121E-12 5.1776E-12 5.6579E-12 5.9779E-12 6.2046E-12 6.4392E-12 6.6819E-12 6.9330E-12 7.1927E-12 7.4613E-12 7.7389E-12 8.0257E-12 8.3222E-12 8.6284E-12 8.9447E-12 9.5465E-12 1.1554E-11 1.3371E-11 1.6137E-11 2.0056E-11 2.2706E-11 2.4638E-11 2.6550E-11 2.8058E-11 2.9834E-11 3.1368E-11 3.2968E-11 3.4478E-11 3.6219E-11 3.8033E-11 3.9754E-11 4.1542E-11 4.3399E-11 4.5328E-11 4.7330E-11 4.9408E-11 5.1562E-11 5.3796E-11 5.6112E-11 5.8510E-11 6.0993E-11 6.3564E-11 6.6224E-11 6.8975E-11 7.1818E-11 7.4756E-11 7.7791E-11 8.0925E-11 8.4158E-11 8.7493E-11
1.9720E-12 2.0201E-12 2.0692E-12 2.1191E-12 2.6024E-12 3.2546E-12 3.9378E-12 4.7300E-12 5.4099E-12 5.7608E-12 6.0877E-12 6.3189E-12 6.5582E-12 6.8058E-12 7.0620E-12 7.3270E-12 7.6009E-12 7.8842E-12 8.1769E-12 8.4794E-12 8.7919E-12 9.1147E-12 1.0553E-11 1.2331E-11 1.4736E-11 1.8046E-11 2.1353E-11 2.3478E-11 2.5615E-11 2.7171E-11 2.8876E-11 3.0535E-11 3.2106E-11 3.3746E-11 3.5457E-11 3.7241E-11 3.8937E-11 4.0700E-11 4.2532E-11 4.4436E-11 4.6413E-11 4.8464E-11 5.0593E-11 5.2802E-11 5.5091E-11 5.7464E-11 5.9922E-11 6.2467E-11 6.5102E-11 6.7828E-11 7.0647E-11 7.3562E-11 7.6574E-11 7.9684E-11 8.2896E-11 8.6210E-11 8.9629E-11
1.9957E-12 2.0445E-12 2.0941E-12 2.1446E-12 2.6378E-12 3.3035E-12 4.5028E-12 5.1680E-12 5.6491E-12 5.9703E-12 6.1980E-12 6.4339E-12 6.6779E-12 6.9305E-12 7.1917E-12 7.4620E-12 7.7415E-12 8.0304E-12 8.3290E-12 8.6376E-12 8.9564E-12 9.5607E-12 1.1571E-11 1.3393E-11 1.6046E-11 1.9836E-11 2.2450E-11 2.4533E-11 2.6322E-11 2.8077E-11 2.9701E-11 3.1398E-11 3.3008E-11 3.4531E-11 3.6283E-11 3.8111E-11 3.9848E-11 4.1654E-11 4.3531E-11 4.5481E-11 4.7506E-11 4.9608E-11 5.1789E-11 5.4051E-11 5.6397E-11 5.8828E-11 6.1346E-11 6.3954E-11 6.6653E-11 6.9446E-11 7.2335E-11 7.5321E-11 7.8407E-11 8.1594E-11 8.4885E-11 8.8281E-11 9.1784E-11
2.0195E-12 2.0688E-12 2.1190E-12 2.1702E-12 3.2477E-12 3.9278E-12 4.7179E-12 5.3974E-12 5.7489E-12 6.0768E-12 6.3090E-12 6.5494E-12 6.7982E-12 7.0558E-12 7.3222E-12 7.5978E-12 7.8827E-12 8.1774E-12 8.4819E-12 8.7967E-12 9.1218E-12 1.0561E-11 1.2340E-11 1.4749E-11 1.7705E-11 2.1246E-11 2.3353E-11 2.5330E-11 2.7165E-11 2.8714E-11 3.0535E-11 3.2114E-11 3.3763E-11 3.5322E-11 3.7278E-11 3.8988E-11 4.0767E-11 4.2616E-11 4.4538E-11 4.6535E-11 4.8608E-11 5.0761E-11 5.2994E-11 5.5311E-11 5.7713E-11 6.0202E-11 6.2781E-11 6.5452E-11 6.8217E-11 7.1077E-11 7.4035E-11 7.7094E-11 8.0254E-11 8.3519E-11 8.6889E-11 9.0367E-11 9.3955E-11
2.0432E-12 2.0931E-12 2.1439E-12 2.6337E-12 3.2952E-12 4.3454E-12 5.1522E-12 5.6334E-12 5.9552E-12 6.1837E-12 6.4204E-12 6.6655E-12 6.9191E-12 7.1816E-12 7.4532E-12 7.7342E-12 8.0247E-12 8.3251E-12 8.6356E-12 8.9565E-12 9.5622E-12 1.1571E-11 1.3394E-11 1.5931E-11 1.9320E-11 2.2067E-11 2.4236E-11 2.6174E-11 2.7771E-11 2.9673E-11 3.1220E-11 3.2990E-11 3.4523E-11 3.6284E-11 3.8121E-11 3.9872E-11 4.1692E-11 4.3585E-11 4.5552E-11 4.7596E-11 4.9719E-11 5.1922E-11 5.4208E-11 5.6580E-11 5.9039E-11 6.1587E-11 6.4227E-11 6.6961E-11 6.9792E-11 7.2720E-11 7.5749E-11 7.8880E-11 8.2115E-11 8.5458E-11 8.8908E-11 9.2469E-11 9.6143E-11
2.0669E-12 2.1174E-12 2.1688E-12 2.8113E-12 3.9135E-12 4.5605E-12 5.3783E-12 5.7300E-12 6.0583E-12 6.2912E-12 6.5324E-12 6.7821E-12 7.0406E-12 7.3081E-12 7.5848E-12 7.8712E-12 8.1673E-12 8.4735E-12 8.7900E-12 9.1171E-12 1.0288E-11 1.2060E-11 1.4476E-11 1.7572E-11 2.0752E-11 2.3038E-11 2.5160E-11 2.6989E-11 2.8663E-11 3.0327E-11 3.2066E-11 3.3720E-11 3.5289E-11 3.7090E-11 3.8970E-11 4.0761E-11 4.2624E-11 4.4560E-11 4.6573E-11 4.8664E-11 5.0836E-11 5.3091E-11 5.5430E-11 5.7857E-11 6.0373E-11 6.2981E-11 6.5683E-11 6.8481E-11 7.1377E-11 7.4374E-11 7.7473E-11 8.0678E-11 8.3989E-11 8.7409E-11 9.0941E-11 9.4585E-11 9.8345E-11
2.0905E-12 2.1416E-12 2.6272E-12 3.2835E-12 4.1157E-12 5.1303E-12 5.6109E-12 5.9328E-12 6.1618E-12 6.3990E-12 6.6447E-12 6.8991E-12 7.1624E-12 7.4350E-12 7.7170E-12 8.0087E-12 8.3104E-12 8.6224E-12 8.9450E-12 9.5510E-12 1.1019E-11 1.3375E-11 1.5682E-11 1.8930E-11 2.1897E-11 2.3812E-11 2.5949E-11 2.7696E-11 2.9283E-11 3.1143E-11 3.2763E-11 3.4454E-11 3.6059E-11 3.8063E-11 3.9824E-11 4.1655E-11 4.3560E-11 4.5541E-11 4.7600E-11 4.9739E-11 5.1960E-11 5.4266E-11 5.6659E-11 5.9142E-11 6.1716E-11 6.4383E-11 6.7147E-11 7.0009E-11 7.2972E-11 7.6037E-11 7.9208E-11 8.2486E-11 8.5874E-11 8.9373E-11 9.2985E-11 9.6714E-11 1.0056E-10
2.1141E-12 2.1658E-12 2.6605E-12 3.8949E-12 4.5383E-12 5.2138E-12 5.7042E-12 6.0324E-12 6.2656E-12 6.5072E-12 6.7574E-12 7.0165E-12 7.2847E-12 7.5623E-12 7.8496E-12 8.1467E-12 8.4541E-12 8.7719E-12 9.1005E-12 1.0268E-11 1.2036E-11 1.4170E-11 1.7415E-11 2.0346E-11 2.2598E-11 2.4800E-11 2.6772E-11 2.8285E-11 3.0224E-11 3.1808E-11 3.3618E-11 3.5193E-11 3.6997E-11 3.8882E-11 4.0682E-11 4.2555E-11 4.4502E-11 4.6528E-11 4.8632E-11 5.0819E-11 5.3091E-11 5.5449E-11 5.7895E-11 6.0433E-11 6.3065E-11 6.5793E-11 6.8619E-11 7.1546E-11 7.4575E-11 7.7710E-11 8.0952E-11 8.4304E-11 8.7768E-11 9.1347E-11 9.5041E-11 9.8854E-11 1.0279E-10
2.1376E-12 2.1899E-12 3.2686E-12 4.0940E-12 4.8923E-12 5.5816E-12 5.9031E-12 6.1323E-12 6.3697E-12 6.6157E-12 6.8704E-12 7.1342E-12 7.4073E-12 7.6900E-12 7.9825E-12 8.2851E-12 8.5982E-12 8.9219E-12 9.5273E-12 1.0722E-11 1.3337E-11 1.5526E-11 1.8639E-11 2.1456E-11 2.3440E-11 2.5592E-11 2.7575E-11 2.9159E-11 3.0857E-11 3.2632E-11 3.4325E-11 3.5934E-11 3.7779E-11 3.9705E-11 4.1544E-11 4.3458E-11 4.5449E-11 4.7518E-11 4.9670E-11 5.1905E-11 5.4226E-11 5.6636E-11 5.9137E-11 6.1731E-11 6.4421E-11 6.7209E-11 7.0098E-11 7.3089E-11 7.6186E-11 7.9390E-11 8.2704E-11 8.6131E-11 8.9672E-11 9.3329E-11 9.7106E-11 1.0100E-10 1.0502E-10
2.1611E-12 2.6506E-12 3.3129E-12 4.5110E-12 5.1827E-12 5.6714E-12 5.9991E-12 6.2323E-12 6.4740E-12 6.7244E-12 6.9837E-12 7.2522E-12 7.5302E-12 7.8180E-12 8.1158E-12 8.4239E-12 8.7426E-12 9.0721E-12 1.0235E-11 1.1731E-11 1.3851E-11 1.6973E-11 1.9904E-11 2.2257E-11 2.4313E-11 2.6364E-11 2.8141E-11 2.9759E-11 3.1651E-11 3.3306E-11 3.5035E-11 3.6679E-11 3.8726E-11 4.0531E-11 4.2410E-11 4.4365E-11 4.6398E-11 4.8513E-11 5.0711E-11 5.2994E-11 5.5366E-11 5.7828E-11 6.0383E-11 6.3034E-11 6.5782E-11 6.8631E-11 7.1582E-11 7.4639E-11 7.7803E-11 8.1077E-11 8.4464E-11 8.7965E-11 9.1583E-11 9.5320E-11 9.9179E-11 1.0316E-10 1.0727E-10
2.1845E-12 2.6828E-12 3.9272E-12 4.8602E-12 5.5456E-12 5.8663E-12 6.0953E-12 6.3326E-12 6.5785E-12 6.8333E-12 7.0972E-12 7.3704E-12 7.6534E-12 7.9462E-12 8.2493E-12 8.5629E-12 8.8873E-12 9.2227E-12 1.0680E-11 1.2749E-11 1.5457E-11 1.8216E-11 2.0883E-11 2.2943E-11 2.5169E-11 2.7167E-11 2.8709E-11 3.0677E-11 3.2292E-11 3.4136E-11 3.5748E-11 3.7591E-11 3.9516E-11 4.1359E-11 4.3278E-11 4.5275E-11 4.7352E-11 4.9511E-11 5.1756E-11 5.4088E-11 5.6510E-11 5.9025E-11 6.1634E-11 6.4341E-11 6.7148E-11 7.0058E-11 7.3072E-11 7.6194E-11 7.9425E-11 8.2769E-11 8.6228E-11 8.9804E-11 9.3500E-11 9.7317E-11 1.0126E-10 1.0533E-10 1.0952E-10
2.6385E-12 3.2931E-12 4.1257E-12 5.1457E-12 5.6320E-12 5.9587E-12 6.1916E-12 6.4330E-12 6.6831E-12 6.9423E-12 7.2108E-12 7.4888E-12 7.7767E-12 8.0746E-12 8.3830E-12 8.7021E-12 9.0322E-12 9.6480E-12 1.1674E-11 1.3520E-11 1.6121E-11 1.9562E-11 2.1763E-11 2.3641E-11 2.5942E-11 2.7827E-11 2.9560E-11 3.1287E-11 3.3091E-11 3.4817E-11 3.6462E-11 3.8343E-11 4.0309E-11 4.2190E-11 4.4149E-11 4.6187E-11 4.8307E-11 5.0512E-11 5.2803E-11 5.5184E-11 5.7657E-11 6.0224E-11 6.2888E-11 6.5651E-11 6.8517E-11 7.1488E-11 7.4565E-11 7.7752E-11 8.1052E-11 8.4466E-11 8.7997E-11 9.1649E-11 9.5422E-11 9.9319E-11 1.0334E-10 1.0750E-10 1.1178E-10
2.6694E-12 3.3356E-12 4.5432E-12 5.3630E-12 5.7185E-12 6.0511E-12 6.2879E-12 6.5334E-12 6.7878E-12 7.0514E-12 7.3245E-12 7.6072E-12 7.9000E-12 8.2031E-12 8.5168E-12 8.8414E-12 9.1772E-12 1.0357E-11 1.2142E-11 1.4565E-11 1.7990E-11 2.0173E-11 2.2547E-11 2.4466E-11 2.6569E-11 2.8493E-11 3.0137E-11 3.2055E-11 3.3739E-11 3.5500E-11 3.7178E-11 3.9259E-11 4.1102E-11 4.3022E-11 4.5021E-11 4.7101E-11 4.9264E-11 5.1514E-11 5.3852E-11 5.6282E-11 5.8805E-11 6.1425E-11 6.4144E-11 6.6964E-11 6.9889E-11 7.2920E-11 7.6061E-11 7.9314E-11 8.2681E-11 8.6166E-11 8.9770E-11 9.3496E-11 9.7347E-11 1.0132E-10 1.0543E-10 1.0967E-10 1.1404E-10
3.1269E-12 4.0930E-12 4.8927E-12 5.5861E-12 5.9113E-12 6.1435E-12 6.3843E-12 6.6339E-12 6.8925E-12 7.1605E-12 7.4382E-12 7.7257E-12 8.0234E-12 8.3317E-12 8.6507E-12 8.9808E-12 9.5935E-12 1.0798E-11 1.3433E-11 1.5904E-11 1.8553E-11 2.1128E-11 2.3216E-11 2.5332E-11 2.7473E-11 2.9038E-11 3.0870E-11 3.2669E-11 3.4540E-11 3.6183E-11 3.8057E-11 4.0017E-11 4.1897E-11 4.3856E-11 4.5894E-11 4.8016E-11 5.0223E-11 5.2518E-11 5.4903E-11 5.7381E-11 5.9955E-11 6.2628E-11 6.5401E-11 6.8279E-11 7.1262E-11 7.4355E-11 7.7559E-11 8.0877E-11 8.4312E-11 8.7867E-11 9.1544E-11 9.5346E-11 9.9274E-11 1.0333E-10 1.0752E-10 1.1185E-10 1.1631E-10
