Assets/Resources/2015_m01_d20_1700(utc+0800)_l00_csi_1hr_conc.grd
DSAA
         159         159
     -79.000      79.000
     -79.000      79.000
  0.1300E-10  0.2886E-05
[rows 0 to 24 of 159, columns 57 to 113 of 159]
1.4964E-09 1.4972E-09 1.4948E-09 1.4918E-09 1.4880E-09 1.4837E-09 1.4787E-09 1.4730E-09 1.4667E-09 1.4596E-09 1.4518E-09 1.4434E-09 1.4369E-09 1.4271E-09 1.4165E-09 1.4052E-09 1.3932E-09 1.3806E-09 1.3672E-09 1.3531E-09 1.3384E-09 1.3230E-09 1.3097E-09 1.2930E-09 1.2757E-09 1.2577E-09 1.2392E-09 1.2201E-09 1.2006E-09 1.1806E-09 1.1602E-09 1.1394E-09 1.1182E-09 1.0968E-09 1.0750E-09 1.0530E-09 1.0308E-09 1.0085E-09 9.8603E-10 9.6351E-10 9.4095E-10 9.1659E-10 8.9419E-10 8.7188E-10 8.4971E-10 8.2773E-10 8.0596E-10 7.8444E-10 7.6321E-10 7.4230E-10 7.2180E-10 7.0112E-10 6.7925E-10 6.5742E-10 6.3498E-10 6.1749E-10 6.0122E-10
1.5270E-09 1.5253E-09 1.5230E-09 1.5201E-09 1.5165E-09 1.5123E-09 1.5073E-09 1.5044E-09 1.4981E-09 1.4911E-09 1.4834E-09 1.4750E-09 1.4658E-09 1.4559E-09 1.4481E-09 1.4368E-09 1.4247E-09 1.4120E-09 1.3985E-09 1.3843E-09 1.3694E-09 1.3538E-09 1.3375E-09 1.3205E-09 1.3029E-09 1.2847E-09 1.2658E-09 1.2465E-09 1.2266E-09 1.2062E-09 1.1854E-09 1.1642E-09 1.1427E-09 1.1208E-09 1.0986E-09 1.0761E-09 1.0534E-09 1.0306E-09 1.0077E-09 9.8462E-10 9.6155E-10 9.3849E-10 9.1548E-10 8.9257E-10 8.6979E-10 8.4720E-10 8.2482E-10 8.0270E-10 7.8087E-10 7.5804E-10 7.3705E-10 7.1594E-10 6.9474E-10 6.7367E-10 6.5231E-10 6.3220E-10 6.1593E-10
1.5552E-09 1.5537E-09 1.5516E-09 1.5515E-09 1.5480E-09 1.5439E-09 1.5391E-09 1.5336E-09 1.5302E-09 1.5233E-09 1.5156E-09 1.5072E-09 1.4981E-09 1.4882E-09 1.4775E-09 1.4661E-09 1.4540E-09 1.4411E-09 1.4274E-09 1.4131E-09 1.3980E-09 1.3822E-09 1.3657E-09 1.3485E-09 1.3306E-09 1.3121E-09 1.2929E-09 1.2761E-09 1.2558E-09 1.2350E-09 1.2138E-09 1.1921E-09 1.1701E-09 1.1477E-09 1.1250E-09 1.1020E-09 1.0788E-09 1.0554E-09 1.0318E-09 1.0061E-09 9.8252E-10 9.5892E-10 9.3537E-10 9.1191E-10 8.8859E-10 8.6545E-10 8.4252E-10 8.1985E-10 7.9748E-10 7.7546E-10 7.5390E-10 7.3311E-10 7.1071E-10 6.9057E-10 6.6733E-10 6.4668E-10 6.2943E-10
1.5865E-09 1.5852E-09 1.5833E-09 1.5807E-09 1.5802E-09 1.5762E-09 1.5715E-09 1.5661E-09 1.5600E-09 1.5531E-09 1.5455E-09 1.5371E-09 1.5280E-09 1.5180E-09 1.5073E-09 1.4959E-09 1.4836E-09 1.4735E-09 1.4598E-09 1.4453E-09 1.4301E-09 1.4185E-09 1.4018E-09 1.3844E-09 1.3663E-09 1.3474E-09 1.3279E-09 1.3077E-09 1.2870E-09 1.2658E-09 1.2441E-09 1.2219E-09 1.1993E-09 1.1764E-09 1.1531E-09 1.1295E-09 1.1057E-09 1.0817E-09 1.0575E-09 1.0333E-09 1.0090E-09 9.8177E-10 9.5760E-10 9.3352E-10 9.0956E-10 8.8578E-10 8.6222E-10 8.3892E-10 8.1591E-10 7.9184E-10 7.6982E-10 7.4871E-10 7.2782E-10 7.0653E-10 6.8483E-10 6.6301E-10 6.4437E-10
1.6184E-09 1.6173E-09 1.6156E-09 1.6131E-09 1.6100E-09 1.6061E-09 1.6016E-09 1.5963E-09 1.5902E-09 1.5834E-09 1.5758E-09 1.5703E-09 1.5612E-09 1.5513E-09 1.5450E-09 1.5336E-09 1.5213E-09 1.5082E-09 1.4944E-09 1.4798E-09 1.4644E-09 1.4482E-09 1.4313E-09 1.4136E-09 1.3997E-09 1.3805E-09 1.3605E-09 1.3399E-09 1.3188E-09 1.2971E-09 1.2749E-09 1.2522E-09 1.2291E-09 1.2056E-09 1.1817E-09 1.1541E-09 1.1298E-09 1.1053E-09 1.0806E-09 1.0558E-09 1.0309E-09 1.0060E-09 9.8119E-10 9.5642E-10 9.3178E-10 9.0731E-10 8.8305E-10 8.5906E-10 8.3537E-10 8.1005E-10 7.8752E-10 7.6601E-10 7.4528E-10 7.2381E-10 7.0231E-10 6.7791E-10 6.5873E-10
1.6479E-09 1.6470E-09 1.6455E-09 1.6432E-09 1.6402E-09 1.6365E-09 1.6320E-09 1.6297E-09 1.6282E-09 1.6215E-09 1.6140E-09 1.6058E-09 1.5967E-09 1.5868E-09 1.5807E-09 1.5692E-09 1.5569E-09 1.5438E-09 1.5298E-09 1.5151E-09 1.5025E-09 1.4862E-09 1.4691E-09 1.4511E-09 1.4324E-09 1.4128E-09 1.3972E-09 1.3762E-09 1.3546E-09 1.3323E-09 1.3096E-09 1.2863E-09 1.2626E-09 1.2385E-09 1.2140E-09 1.1891E-09 1.1640E-09 1.1387E-09 1.1131E-09 1.0875E-09 1.0585E-09 1.0329E-09 1.0073E-09 9.8170E-10 9.5626E-10 9.2865E-10 9.0373E-10 8.7907E-10 8.5474E-10 8.2927E-10 8.0620E-10 7.8426E-10 7.6369E-10 7.4176E-10 7.1850E-10 6.9477E-10 6.7359E-10
1.6778E-09 1.6771E-09 1.6757E-09 1.6765E-09 1.6782E-09 1.6747E-09 1.6704E-09 1.6654E-09 1.6642E-09 1.6576E-09 1.6502E-09 1.6420E-09 1.6330E-09 1.6231E-09 1.6154E-09 1.6039E-09 1.5915E-09 1.5829E-09 1.5689E-09 1.5541E-09 1.5384E-09 1.5219E-09 1.5046E-09 1.4864E-09 1.4673E-09 1.4475E-09 1.4269E-09 1.4056E-09 1.3836E-09 1.3610E-09 1.3378E-09 1.3142E-09 1.2900E-09 1.2654E-09 1.2404E-09 1.2150E-09 1.1894E-09 1.1635E-09 1.1374E-09 1.1112E-09 1.0849E-09 1.0585E-09 1.0322E-09 1.0059E-09 9.7975E-10 9.5376E-10 9.2798E-10 9.0247E-10 8.7731E-10 8.5039E-10 8.2674E-10 8.0260E-10 7.8171E-10 7.6180E-10 7.3878E-10 7.1268E-10 6.9081E-10
1.7110E-09 1.7150E-09 1.7139E-09 1.7120E-09 1.7141E-09 1.7108E-09 1.7067E-09 1.7018E-09 1.6962E-09 1.6926E-09 1.6854E-09 1.6818E-09 1.6729E-09 1.6631E-09 1.6548E-09 1.6433E-09 1.6309E-09 1.6225E-09 1.6084E-09 1.5934E-09 1.5776E-09 1.5609E-09 1.5434E-09 1.5249E-09 1.5055E-09 1.4853E-09 1.4642E-09 1.4424E-09 1.4199E-09 1.3967E-09 1.3730E-09 1.3487E-09 1.3239E-09 1.3029E-09 1.2771E-09 1.2470E-09 1.2206E-09 1.1940E-09 1.1672E-09 1.1402E-09 1.1131E-09 1.0859E-09 1.0575E-09 1.0305E-09 1.0036E-09 9.7427E-10 9.4787E-10 9.2173E-10 8.9599E-10 8.7083E-10 8.4670E-10 8.2391E-10 8.0246E-10 7.8190E-10 7.6129E-10 7.3130E-10 7.0702E-10
1.7510E-09 1.7508E-09 1.7499E-09 1.7483E-09 1.7460E-09 1.7428E-09 1.7419E-09 1.7418E-09 1.7387E-09 1.7324E-09 1.7252E-09 1.7220E-09 1.7131E-09 1.7034E-09 1.6928E-09 1.6813E-09 1.6688E-09 1.6555E-09 1.6413E-09 1.6263E-09 1.6151E-09 1.5982E-09 1.5805E-09 1.5617E-09 1.5421E-09 1.5215E-09 1.5001E-09 1.4780E-09 1.4551E-09 1.4314E-09 1.4072E-09 1.3824E-09 1.3570E-09 1.3312E-09 1.3049E-09 1.2783E-09 1.2513E-09 1.2240E-09 1.1964E-09 1.1687E-09 1.1409E-09 1.1130E-09 1.0851E-09 1.0573E-09 1.0295E-09 1.0020E-09 9.7460E-10 9.4751E-10 9.1989E-10 8.9153E-10 8.6692E-10 8.4184E-10 8.2007E-10 7.9906E-10 7.7842E-10 7.5444E-10 7.2616E-10
1.7824E-09 1.7825E-09 1.7848E-09 1.7905E-09 1.7884E-09 1.7855E-09 1.7818E-09 1.7822E-09 1.7768E-09 1.7707E-09 1.7636E-09 1.7557E-09 1.7469E-09 1.7371E-09 1.7313E-09 1.7198E-09 1.7073E-09 1.6965E-09 1.6822E-09 1.6671E-09 1.6510E-09 1.6414E-09 1.6234E-09 1.6043E-09 1.5843E-09 1.5634E-09 1.5416E-09 1.5188E-09 1.4953E-09 1.4711E-09 1.4462E-09 1.4207E-09 1.3947E-09 1.3663E-09 1.3394E-09 1.3120E-09 1.2842E-09 1.2562E-09 1.2279E-09 1.1994E-09 1.1707E-09 1.1420E-09 1.1119E-09 1.0832E-09 1.0518E-09 1.0236E-09 9.9553E-10 9.6781E-10 9.4054E-10 9.1412E-10 8.8898E-10 8.6534E-10 8.4287E-10 8.2036E-10 7.9892E-10 7.7464E-10 7.4573E-10
1.8243E-09 1.8248E-09 1.8244E-09 1.8282E-09 1.8263E-09 1.8237E-09 1.8202E-09 1.8159E-09 1.8107E-09 1.8094E-09 1.8025E-09 1.7997E-09 1.7910E-09 1.7814E-09 1.7758E-09 1.7643E-09 1.7519E-09 1.7385E-09 1.7242E-09 1.7090E-09 1.6928E-09 1.6755E-09 1.6573E-09 1.6380E-09 1.6176E-09 1.5964E-09 1.5742E-09 1.5511E-09 1.5272E-09 1.5026E-09 1.4773E-09 1.4513E-09 1.4248E-09 1.3978E-09 1.3702E-09 1.3422E-09 1.3138E-09 1.2851E-09 1.2561E-09 1.2269E-09 1.1976E-09 1.1682E-09 1.1375E-09 1.1081E-09 1.0789E-09 1.0497E-09 1.0208E-09 9.9226E-10 9.6316E-10 9.3620E-10 9.1062E-10 8.8443E-10 8.6150E-10 8.3913E-10 8.1705E-10 7.9447E-10 7.6968E-10
1.8618E-09 1.8625E-09 1.8625E-09 1.8616E-09 1.8600E-09 1.8576E-09 1.8641E-09 1.8600E-09 1.8550E-09 1.8542E-09 1.8474E-09 1.8398E-09 1.8312E-09 1.8216E-09 1.8111E-09 1.7996E-09 1.7872E-09 1.7738E-09 1.7594E-09 1.7440E-09 1.7276E-09 1.7128E-09 1.6943E-09 1.6747E-09 1.6541E-09 1.6325E-09 1.6099E-09 1.5864E-09 1.5621E-09 1.5370E-09 1.5112E-09 1.4848E-09 1.4577E-09 1.4301E-09 1.4019E-09 1.3733E-09 1.3443E-09 1.3149E-09 1.2853E-09 1.2554E-09 1.2253E-09 1.1936E-09 1.1634E-09 1.1333E-09 1.1033E-09 1.0734E-09 1.0438E-09 1.0145E-09 9.8495E-10 9.5752E-10 9.3158E-10 9.0706E-10 8.8344E-10 8.5950E-10 8.3669E-10 8.1393E-10 7.8675E-10
1.8949E-09 1.8984E-09 1.9059E-09 1.9054E-09 1.9041E-09 1.9069E-09 1.9040E-09 1.9001E-09 1.8954E-09 1.8897E-09 1.8831E-09 1.8755E-09 1.8670E-09 1.8575E-09 1.8496E-09 1.8432E-09 1.8308E-09 1.8174E-09 1.8029E-09 1.7874E-09 1.7709E-09 1.7532E-09 1.7344E-09 1.7145E-09 1.6935E-09 1.6714E-09 1.6484E-09 1.6244E-09 1.5995E-09 1.5739E-09 1.5476E-09 1.5206E-09 1.4929E-09 1.4646E-09 1.4358E-09 1.4065E-09 1.3752E-09 1.3451E-09 1.3148E-09 1.2842E-09 1.2534E-09 1.2225E-09 1.1902E-09 1.1593E-09 1.1285E-09 1.0979E-09 1.0675E-09 1.0375E-09 1.0070E-09 9.7916E-10 9.5286E-10 9.2789E-10 9.0299E-10 8.7921E-10 8.5572E-10 8.3257E-10 8.0704E-10
1.9383E-09 1.9397E-09 1.9453E-09 1.9451E-09 1.9441E-09 1.9422E-09 1.9395E-09 1.9358E-09 1.9338E-09 1.9335E-09 1.9270E-09 1.9196E-09 1.9112E-09 1.9018E-09 1.8914E-09 1.8799E-09 1.8675E-09 1.8540E-09 1.8394E-09 1.8238E-09 1.8071E-09 1.7892E-09 1.7701E-09 1.7499E-09 1.7287E-09 1.7063E-09 1.6829E-09 1.6585E-09 1.6333E-09 1.6073E-09 1.5805E-09 1.5530E-09 1.5249E-09 1.4961E-09 1.4667E-09 1.4368E-09 1.4065E-09 1.3758E-09 1.3447E-09 1.3134E-09 1.2819E-09 1.2502E-09 1.2185E-09 1.1857E-09 1.1541E-09 1.1227E-09 1.0915E-09 1.0607E-09 1.0300E-09 1.0017E-09 9.7498E-10 9.4946E-10 9.2460E-10 8.9918E-10 8.7501E-10 8.5061E-10 8.2554E-10
1.9777E-09 1.9794E-09 1.9804E-09 1.9830E-09 1.9848E-09 1.9858E-09 1.9834E-09 1.9799E-09 1.9756E-09 1.9702E-09 1.9639E-09 1.9566E-09 1.9483E-09 1.9390E-09 1.9286E-09 1.9171E-09 1.9046E-09 1.8911E-09 1.8791E-09 1.8661E-09 1.8492E-09 1.8311E-09 1.8118E-09 1.7912E-09 1.7696E-09 1.7468E-09 1.7229E-09 1.6981E-09 1.6724E-09 1.6458E-09 1.6185E-09 1.5904E-09 1.5616E-09 1.5321E-09 1.5021E-09 1.4697E-09 1.4387E-09 1.4073E-09 1.3755E-09 1.3435E-09 1.3112E-09 1.2788E-09 1.2448E-09 1.2124E-09 1.1800E-09 1.1478E-09 1.1158E-09 1.0844E-09 1.0533E-09 1.0246E-09 9.9749E-10 9.7137E-10 9.4580E-10 9.1980E-10 8.9492E-10 8.7037E-10 8.4454E-10
2.0178E-09 2.0224E-09 2.0237E-09 2.0241E-09 2.0237E-09 2.0224E-09 2.0201E-09 2.0169E-09 2.0127E-09 2.0075E-09 2.0039E-09 2.0021E-09 1.9939E-09 1.9847E-09 1.9744E-09 1.9630E-09 1.9505E-09 1.9370E-09 1.9223E-09 1.9064E-09 1.8893E-09 1.8709E-09 1.8513E-09 1.8305E-09 1.8084E-09 1.7852E-09 1.7610E-09 1.7357E-09 1.7096E-09 1.6825E-09 1.6547E-09 1.6261E-09 1.5967E-09 1.5666E-09 1.5359E-09 1.5047E-09 1.4729E-09 1.4407E-09 1.4068E-09 1.3740E-09 1.3410E-09 1.3078E-09 1.2745E-09 1.2399E-09 1.2067E-09 1.1737E-09 1.1410E-09 1.1089E-09 1.0770E-09 1.0479E-09 1.0203E-09 9.9359E-10 9.6665E-10 9.4070E-10 9.1510E-10 8.8983E-10 8.6323E-10
2.0559E-09 2.0583E-09 2.0599E-09 2.0606E-09 2.0604E-09 2.0619E-09 2.0626E-09 2.0623E-09 2.0584E-09 2.0534E-09 2.0474E-09 2.0404E-09 2.0323E-09 2.0232E-09 2.0129E-09 2.0016E-09 1.9891E-09 1.9755E-09 1.9607E-09 1.9447E-09 1.9274E-09 1.9088E-09 1.8889E-09 1.8679E-09 1.8482E-09 1.8246E-09 1.7999E-09 1.7743E-09 1.7477E-09 1.7202E-09 1.6918E-09 1.6627E-09 1.6327E-09 1.6000E-09 1.5687E-09 1.5369E-09 1.5045E-09 1.4717E-09 1.4385E-09 1.4049E-09 1.3711E-09 1.3371E-09 1.3030E-09 1.2689E-09 1.2338E-09 1.1999E-09 1.1664E-09 1.1338E-09 1.1025E-09 1.0721E-09 1.0440E-09 1.0165E-09 9.8945E-10 9.6189E-10 9.3500E-10 9.0906E-10 8.8320E-10
2.0945E-09 2.0999E-09 2.1018E-09 2.1055E-09 2.1057E-09 2.1049E-09 2.1032E-09 2.1005E-09 2.0967E-09 2.0919E-09 2.0861E-09 2.0792E-09 2.0713E-09 2.0622E-09 2.0575E-09 2.0462E-09 2.0337E-09 2.0201E-09 2.0053E-09 1.9891E-09 1.9717E-09 1.9528E-09 1.9327E-09 1.9112E-09 1.8885E-09 1.8645E-09 1.8395E-09 1.8134E-09 1.7864E-09 1.7584E-09 1.7295E-09 1.6998E-09 1.6692E-09 1.6380E-09 1.6060E-09 1.5734E-09 1.5403E-09 1.5066E-09 1.4711E-09 1.4367E-09 1.4021E-09 1.3673E-09 1.3324E-09 1.2961E-09 1.2612E-09 1.2265E-09 1.1923E-09 1.1591E-09 1.1275E-09 1.0967E-09 1.0680E-09 1.0398E-09 1.0119E-09 9.8376E-10 9.5605E-10 9.2936E-10 9.0304E-10
2.1364E-09 2.1395E-09 2.1418E-09 2.1431E-09 2.1436E-09 2.1431E-09 2.1416E-09 2.1418E-09 2.1410E-09 2.1365E-09 2.1345E-09 2.1278E-09 2.1200E-09 2.1111E-09 2.1010E-09 2.0897E-09 2.0773E-09 2.0636E-09 2.0486E-09 2.0323E-09 2.0146E-09 1.9954E-09 1.9750E-09 1.9531E-09 1.9300E-09 1.9057E-09 1.8802E-09 1.8537E-09 1.8262E-09 1.7977E-09 1.7683E-09 1.7380E-09 1.7068E-09 1.6749E-09 1.6423E-09 1.6090E-09 1.5731E-09 1.5388E-09 1.5041E-09 1.4690E-09 1.4336E-09 1.3980E-09 1.3622E-09 1.3264E-09 1.2895E-09 1.2540E-09 1.2191E-09 1.1853E-09 1.1533E-09 1.1218E-09 1.0923E-09 1.0634E-09 1.0342E-09 1.0059E-09 9.7801E-10 9.4937E-10 9.2234E-10
2.1734E-09 2.1769E-09 2.1795E-09 2.1839E-09 2.1910E-09 2.1909E-09 2.1897E-09 2.1875E-09 2.1843E-09 2.1800E-09 2.1745E-09 2.1680E-09 2.1603E-09 2.1515E-09 2.1415E-09 2.1303E-09 2.1178E-09 2.1069E-09 2.0918E-09 2.0754E-09 2.0575E-09 2.0382E-09 2.0174E-09 1.9953E-09 1.9718E-09 1.9471E-09 1.9213E-09 1.8944E-09 1.8664E-09 1.8374E-09 1.8075E-09 1.7766E-09 1.7449E-09 1.7123E-09 1.6790E-09 1.6450E-09 1.6104E-09 1.5735E-09 1.5380E-09 1.5021E-09 1.4658E-09 1.4293E-09 1.3913E-09 1.3547E-09 1.3181E-09 1.2818E-09 1.2462E-09 1.2120E-09 1.1795E-09 1.1476E-09 1.1175E-09 1.0877E-09 1.0576E-09 1.0278E-09 9.9921E-10 9.6975E-10 9.4202E-10
2.2173E-09 2.2239E-09 2.2269E-09 2.2290E-09 2.2302E-09 2.2303E-09 2.2294E-09 2.2274E-09 2.2244E-09 2.2203E-09 2.2179E-09 2.2115E-09 2.2040E-09 2.1990E-09 2.1891E-09 2.1780E-09 2.1656E-09 2.1519E-09 2.1367E-09 2.1201E-09 2.1019E-09 2.0823E-09 2.0613E-09 2.0388E-09 2.0150E-09 1.9899E-09 1.9637E-09 1.9363E-09 1.9079E-09 1.8784E-09 1.8478E-09 1.8164E-09 1.7840E-09 1.7508E-09 1.7168E-09 1.6821E-09 1.6446E-09 1.6088E-09 1.5724E-09 1.5357E-09 1.4986E-09 1.4613E-09 1.4238E-09 1.3862E-09 1.3474E-09 1.3103E-09 1.2741E-09 1.2384E-09 1.2055E-09 1.1739E-09 1.1430E-09 1.1123E-09 1.0821E-09 1.0510E-09 1.0215E-09 9.9245E-10 9.6205E-10
2.2582E-09 2.2625E-09 2.2658E-09 2.2682E-09 2.2697E-09 2.2729E-09 2.2723E-09 2.2744E-09 2.2717E-09 2.2678E-09 2.2628E-09 2.2567E-09 2.2493E-09 2.2407E-09 2.2309E-09 2.2198E-09 2.2075E-09 2.1937E-09 2.1784E-09 2.1616E-09 2.1433E-09 2.1235E-09 2.1022E-09 2.0795E-09 2.0554E-09 2.0301E-09 2.0036E-09 1.9758E-09 1.9470E-09 1.9171E-09 1.8861E-09 1.8542E-09 1.8213E-09 1.7875E-09 1.7529E-09 1.7176E-09 1.6816E-09 1.6450E-09 1.6078E-09 1.5702E-09 1.5323E-09 1.4941E-09 1.4541E-09 1.4157E-09 1.3774E-09 1.3395E-09 1.3027E-09 1.2676E-09 1.2341E-09 1.2008E-09 1.1682E-09 1.1368E-09 1.1057E-09 1.0738E-09 1.0436E-09 1.0137E-09 9.8246E-10
2.2967E-09 2.3014E-09 2.3117E-09 2.3145E-09 2.3163E-09 2.3171E-09 2.3169E-09 2.3155E-09 2.3169E-09 2.3133E-09 2.3085E-09 2.3025E-09 2.2953E-09 2.2869E-09 2.2772E-09 2.2662E-09 2.2537E-09 2.2437E-09 2.2284E-09 2.2114E-09 2.1928E-09 2.1727E-09 2.1510E-09 2.1279E-09 2.1033E-09 2.0775E-09 2.0505E-09 2.0222E-09 1.9928E-09 1.9622E-09 1.9306E-09 1.8979E-09 1.8643E-09 1.8297E-09 1.7943E-09 1.7537E-09 1.7170E-09 1.6797E-09 1.6418E-09 1.6035E-09 1.5648E-09 1.5258E-09 1.4866E-09 1.4473E-09 1.4081E-09 1.3694E-09 1.3321E-09 1.2953E-09 1.2613E-09 1.2283E-09 1.1956E-09 1.1625E-09 1.1306E-09 1.0983E-09 1.0660E-09 1.0354E-09 1.0052E-09
2.3424E-09 2.3475E-09 2.3516E-09 2.3587E-09 2.3609E-09 2.3620E-09 2.3621E-09 2.3610E-09 2.3588E-09 2.3554E-09 2.3548E-09 2.3490E-09 2.3420E-09 2.3337E-09 2.3242E-09 2.3133E-09 2.3008E-09 2.2869E-09 2.2714E-09 2.2543E-09 2.2356E-09 2.2152E-09 2.1934E-09 2.1700E-09 2.1452E-09 2.1192E-09 2.0918E-09 2.0632E-09 2.0334E-09 2.0024E-09 1.9703E-09 1.9372E-09 1.9030E-09 1.8679E-09 1.8319E-09 1.7950E-09 1.7575E-09 1.7192E-09 1.6804E-09 1.6411E-09 1.6014E-09 1.5599E-09 1.5198E-09 1.4779E-09 1.4379E-09 1.3987E-09 1.3609E-09 1.3249E-09 1.2903E-09 1.2564E-09 1.2228E-09 1.1880E-09 1.1552E-09 1.1228E-09 1.0889E-09 1.0575E-09 1.0265E-09
2.3859E-09 2.3914E-09 2.3960E-09 2.3995E-09 2.4020E-09 2.4075E-09 2.4078E-09 2.4071E-09 2.4052E-09 2.4021E-09 2.3978E-09 2.3922E-09 2.3894E-09 2.3813E-09 2.3718E-09 2.3610E-09 2.3486E-09 2.3346E-09 2.3190E-09 2.3017E-09 2.2827E-09 2.2621E-09 2.2399E-09 2.2163E-09 2.1912E-09 2.1647E-09 2.1370E-09 2.1079E-09 2.0776E-09 2.0461E-09 2.0135E-09 1.9797E-09 1.9449E-09 1.9091E-09 1.8723E-09 1.8325E-09 1.7943E-09 1.7553E-09 1.7158E-09 1.6757E-09 1.6352E-09 1.5944E-09 1.5533E-09 1.5121E-09 1.4712E-09 1.4302E-09 1.3919E-09 1.3540E-09 1.3188E-09 1.2841E-09 1.2497E-09 1.2156E-09 1.1803E-09 1.1471E-09 1.1143E-09 1.0800E-09 1.0482E-09
