Assets/Resources/2015_m01_d10_1100(utc+0800)_l00_csi_1hr_conc.grd
DSAA
         159         159
     -79.000      79.000
     -79.000      79.000
  0.1116E-08  0.1686E-04
[rows 50 to 74 of 159, columns 57 to 113 of 159]
1.6256E-08 1.6760E-08 1.7272E-08 1.7790E-08 1.8327E-08 1.8871E-08 1.9429E-08 1.9994E-08 2.0573E-08 2.1158E-08 2.1746E-08 2.2344E-08 2.2943E-08 2.3552E-08 2.4161E-08 2.4758E-08 2.5356E-08 2.5941E-08 2.6501E-08 2.7054E-08 2.7586E-08 2.8084E-08 2.8564E-08 2.9024E-08 2.9455E-08 2.9869E-08 3.0279E-08 3.0683E-08 3.1038E-08 3.1333E-08 3.1582E-08 3.1789E-08 3.1958E-08 3.2089E-08 3.2174E-08 3.2220E-08 3.2227E-08 3.2207E-08 3.2150E-08 3.2056E-08 3.1925E-08 3.1750E-08 3.1541E-08 3.1299E-08 3.1027E-08 3.0725E-08 3.0394E-08 3.0038E-08 2.9657E-08 2.9254E-08 2.8829E-08 2.8384E-08 2.7920E-08 2.7443E-08 2.6953E-08 2.6455E-08 2.5949E-08
1.6534E-08 1.7046E-08 1.7562E-08 1.8094E-08 1.8639E-08 1.9196E-08 1.9764E-08 2.0340E-08 2.0929E-08 2.1520E-08 2.2123E-08 2.2729E-08 2.3346E-08 2.3961E-08 2.4574E-08 2.5186E-08 2.5787E-08 2.6365E-08 2.6939E-08 2.7493E-08 2.8015E-08 2.8529E-08 2.9018E-08 2.9500E-08 2.9977E-08 3.0439E-08 3.0865E-08 3.1243E-08 3.1561E-08 3.1847E-08 3.2107E-08 3.2320E-08 3.2489E-08 3.2618E-08 3.2720E-08 3.2783E-08 3.2808E-08 3.2794E-08 3.2732E-08 3.2632E-08 3.2496E-08 3.2324E-08 3.2130E-08 3.1904E-08 3.1632E-08 3.1342E-08 3.1024E-08 3.0666E-08 3.0282E-08 2.9874E-08 2.9442E-08 2.8987E-08 2.8515E-08 2.8029E-08 2.7531E-08 2.7022E-08 2.6504E-08
1.6798E-08 1.7317E-08 1.7843E-08 1.8388E-08 1.8939E-08 1.9505E-08 2.0079E-08 2.0667E-08 2.1258E-08 2.1864E-08 2.2477E-08 2.3095E-08 2.3723E-08 2.4344E-08 2.4967E-08 2.5581E-08 2.6175E-08 2.6766E-08 2.7340E-08 2.7885E-08 2.8426E-08 2.8958E-08 2.9487E-08 3.0006E-08 3.0501E-08 3.0958E-08 3.1354E-08 3.1716E-08 3.2045E-08 3.2340E-08 3.2599E-08 3.2813E-08 3.3000E-08 3.3149E-08 3.3260E-08 3.3331E-08 3.3354E-08 3.3338E-08 3.3296E-08 3.3217E-08 3.3100E-08 3.2934E-08 3.2744E-08 3.2602E-08 3.2422E-08 3.2128E-08 3.1886E-08 3.1533E-08 3.1231E-08 3.0822E-08 3.0386E-08 2.9929E-08 2.9451E-08 2.8956E-08 2.8446E-08 2.7923E-08 2.7389E-08
1.7049E-08 1.7573E-08 1.8111E-08 1.8660E-08 1.9223E-08 1.9796E-08 2.0378E-08 2.0972E-08 2.1573E-08 2.2188E-08 2.2808E-08 2.3441E-08 2.4073E-08 2.4699E-08 2.5324E-08 2.5935E-08 2.6540E-08 2.7131E-08 2.7695E-08 2.8272E-08 2.8843E-08 2.9410E-08 2.9960E-08 3.0486E-08 3.0961E-08 3.1384E-08 3.1795E-08 3.2166E-08 3.2504E-08 3.2800E-08 3.3071E-08 3.3305E-08 3.3503E-08 3.3662E-08 3.3773E-08 3.3858E-08 3.3904E-08 3.3911E-08 3.3879E-08 3.3891E-08 3.3863E-08 3.3797E-08 3.3693E-08 3.3478E-08 3.3228E-08 3.2944E-08 3.2627E-08 3.2276E-08 3.1894E-08 3.1481E-08 3.1042E-08 3.0580E-08 3.0095E-08 2.9593E-08 2.9075E-08 2.8540E-08 2.7995E-08
1.7291E-08 1.7816E-08 1.8367E-08 1.8920E-08 1.9488E-08 2.0066E-08 2.0656E-08 2.1254E-08 2.1873E-08 2.2494E-08 2.3128E-08 2.3764E-08 2.4396E-08 2.5028E-08 2.5648E-08 2.6265E-08 2.6864E-08 2.7458E-08 2.8063E-08 2.8674E-08 2.9258E-08 2.9843E-08 3.0384E-08 3.0882E-08 3.1350E-08 3.1790E-08 3.2209E-08 3.2582E-08 3.2932E-08 3.3249E-08 3.3532E-08 3.3779E-08 3.3978E-08 3.4153E-08 3.4290E-08 3.4388E-08 3.4541E-08 3.4644E-08 3.4708E-08 3.4734E-08 3.4646E-08 3.4517E-08 3.4351E-08 3.4146E-08 3.3904E-08 3.3626E-08 3.3311E-08 3.2960E-08 3.2576E-08 3.2163E-08 3.1723E-08 3.1256E-08 3.0767E-08 3.0257E-08 2.9729E-08 2.9185E-08 2.8629E-08
1.7514E-08 1.8052E-08 1.8601E-08 1.9162E-08 1.9734E-08 2.0318E-08 2.0916E-08 2.1528E-08 2.2152E-08 2.2781E-08 2.3418E-08 2.4051E-08 2.4688E-08 2.5319E-08 2.5939E-08 2.6555E-08 2.7171E-08 2.7803E-08 2.8429E-08 2.9043E-08 2.9649E-08 3.0212E-08 3.0734E-08 3.1235E-08 3.1719E-08 3.2169E-08 3.2581E-08 3.2986E-08 3.3348E-08 3.3678E-08 3.3964E-08 3.4227E-08 3.4455E-08 3.4645E-08 3.4979E-08 3.5177E-08 3.5338E-08 3.5388E-08 3.5398E-08 3.5366E-08 3.5293E-08 3.5180E-08 3.5026E-08 3.4832E-08 3.4601E-08 3.4328E-08 3.4016E-08 3.3774E-08 3.3396E-08 3.3085E-08 3.2645E-08 3.2176E-08 3.1681E-08 3.1162E-08 3.0523E-08 2.9862E-08 2.9292E-08
1.7723E-08 1.8269E-08 1.8817E-08 1.9385E-08 1.9959E-08 2.0554E-08 2.1157E-08 2.1781E-08 2.2406E-08 2.3042E-08 2.3680E-08 2.4318E-08 2.4954E-08 2.5579E-08 2.6204E-08 2.6838E-08 2.7492E-08 2.8133E-08 2.8765E-08 2.9388E-08 2.9970E-08 3.0519E-08 3.1059E-08 3.1568E-08 3.2054E-08 3.2516E-08 3.2951E-08 3.3358E-08 3.3734E-08 3.4082E-08 3.4396E-08 3.4765E-08 3.5104E-08 3.5399E-08 3.5660E-08 3.5811E-08 3.5923E-08 3.5994E-08 3.6024E-08 3.6011E-08 3.5958E-08 3.5966E-08 3.5833E-08 3.5762E-08 3.5645E-08 3.5481E-08 3.5193E-08 3.4866E-08 3.4501E-08 3.4101E-08 3.3665E-08 3.3197E-08 3.2699E-08 3.2174E-08 3.1624E-08 3.1052E-08 3.0461E-08
1.7921E-08 1.8466E-08 1.9018E-08 1.9591E-08 2.0174E-08 2.0775E-08 2.1390E-08 2.2014E-08 2.2641E-08 2.3281E-08 2.3914E-08 2.4550E-08 2.5178E-08 2.5812E-08 2.6462E-08 2.7124E-08 2.7785E-08 2.8432E-08 2.9070E-08 2.9668E-08 3.0242E-08 3.0809E-08 3.1348E-08 3.1867E-08 3.2366E-08 3.2850E-08 3.3299E-08 3.3709E-08 3.4117E-08 3.4482E-08 3.4910E-08 3.5382E-08 3.5739E-08 3.5991E-08 3.6206E-08 3.6382E-08 3.6524E-08 3.6633E-08 3.6804E-08 3.6935E-08 3.7023E-08 3.7066E-08 3.6980E-08 3.6844E-08 3.6657E-08 3.6426E-08 3.6150E-08 3.5830E-08 3.5469E-08 3.5063E-08 3.4615E-08 3.4131E-08 3.3619E-08 3.3076E-08 3.2511E-08 3.1926E-08 3.1320E-08
1.8099E-08 1.8644E-08 1.9208E-08 1.9779E-08 2.0375E-08 2.0978E-08 2.1599E-08 2.2219E-08 2.2855E-08 2.3484E-08 2.4118E-08 2.4751E-08 2.5392E-08 2.6049E-08 2.6715E-08 2.7388E-08 2.8049E-08 2.8699E-08 2.9311E-08 2.9906E-08 3.0497E-08 3.1063E-08 3.1612E-08 3.2155E-08 3.2665E-08 3.3153E-08 3.3620E-08 3.4060E-08 3.4566E-08 3.5051E-08 3.5500E-08 3.5923E-08 3.6239E-08 3.6536E-08 3.6799E-08 3.7023E-08 3.7325E-08 3.7588E-08 3.7803E-08 3.7975E-08 3.8014E-08 3.8004E-08 3.7942E-08 3.7827E-08 3.7664E-08 3.7452E-08 3.7189E-08 3.6879E-08 3.6521E-08 3.6117E-08 3.5673E-08 3.5193E-08 3.4672E-08 3.4116E-08 3.3529E-08 3.2904E-08 3.2266E-08
1.8262E-08 1.8809E-08 1.9381E-08 1.9959E-08 2.0561E-08 2.1165E-08 2.1786E-08 2.2406E-08 2.3038E-08 2.3663E-08 2.4298E-08 2.4935E-08 2.5597E-08 2.6264E-08 2.6942E-08 2.7620E-08 2.8273E-08 2.8905E-08 2.9517E-08 3.0129E-08 3.0718E-08 3.1293E-08 3.1865E-08 3.2409E-08 3.2933E-08 3.3440E-08 3.3935E-08 3.4579E-08 3.5106E-08 3.5612E-08 3.6034E-08 3.6436E-08 3.6810E-08 3.7166E-08 3.7678E-08 3.8056E-08 3.8399E-08 3.8615E-08 3.8779E-08 3.8896E-08 3.8963E-08 3.8979E-08 3.8942E-08 3.8856E-08 3.8719E-08 3.8531E-08 3.8292E-08 3.8003E-08 3.7663E-08 3.7276E-08 3.6843E-08 3.6356E-08 3.5826E-08 3.5254E-08 3.4643E-08 3.4008E-08 3.3345E-08
1.8413E-08 1.8964E-08 1.9539E-08 2.0125E-08 2.0723E-08 2.1335E-08 2.1945E-08 2.2570E-08 2.3188E-08 2.3814E-08 2.4453E-08 2.5115E-08 2.5786E-08 2.6468E-08 2.7150E-08 2.7812E-08 2.8454E-08 2.9080E-08 2.9708E-08 3.0317E-08 3.0914E-08 3.1513E-08 3.2086E-08 3.2642E-08 3.3199E-08 3.3813E-08 3.4418E-08 3.4998E-08 3.5584E-08 3.6079E-08 3.6572E-08 3.7022E-08 3.7549E-08 3.8140E-08 3.8589E-08 3.8923E-08 3.9217E-08 3.9470E-08 3.9679E-08 3.9837E-08 3.9943E-08 3.9998E-08 4.0000E-08 3.9948E-08 3.9842E-08 3.9681E-08 3.9465E-08 3.9194E-08 3.8868E-08 3.8490E-08 3.8060E-08 3.7580E-08 3.7056E-08 3.6487E-08 3.5878E-08 3.5222E-08 3.4527E-08
1.8549E-08 1.9113E-08 1.9683E-08 2.0277E-08 2.0869E-08 2.1478E-08 2.2084E-08 2.2703E-08 2.3317E-08 2.3954E-08 2.4607E-08 2.5282E-08 2.5956E-08 2.6640E-08 2.7306E-08 2.7957E-08 2.8599E-08 2.9231E-08 2.9865E-08 3.0481E-08 3.1102E-08 3.1700E-08 3.2286E-08 3.2875E-08 3.3529E-08 3.4258E-08 3.4907E-08 3.5485E-08 3.6070E-08 3.6612E-08 3.7237E-08 3.7822E-08 3.8385E-08 3.8926E-08 3.9348E-08 3.9735E-08 4.0083E-08 4.0389E-08 4.0646E-08 4.0851E-08 4.1005E-08 4.1106E-08 4.1152E-08 4.1140E-08 4.1070E-08 4.0940E-08 4.0749E-08 4.0499E-08 4.0189E-08 3.9820E-08 3.9395E-08 3.8915E-08 3.8383E-08 3.7802E-08 3.7177E-08 3.6511E-08 3.5811E-08
1.8676E-08 1.9244E-08 1.9813E-08 2.0401E-08 2.0994E-08 2.1593E-08 2.2198E-08 2.2807E-08 2.3435E-08 2.4078E-08 2.4745E-08 2.5420E-08 2.6102E-08 2.6775E-08 2.7433E-08 2.8082E-08 2.8722E-08 2.9368E-08 2.9999E-08 3.0637E-08 3.1257E-08 3.1881E-08 3.2485E-08 3.3186E-08 3.3957E-08 3.4667E-08 3.5327E-08 3.5953E-08 3.6553E-08 3.7322E-08 3.7981E-08 3.8627E-08 3.9167E-08 3.9680E-08 4.0161E-08 4.0608E-08 4.1016E-08 4.1377E-08 4.1688E-08 4.1951E-08 4.2161E-08 4.2315E-08 4.2410E-08 4.2444E-08 4.2413E-08 4.2318E-08 4.2157E-08 4.1930E-08 4.1638E-08 4.1281E-08 4.0860E-08 4.0379E-08 3.9840E-08 3.9245E-08 3.8602E-08 3.7920E-08 3.7215E-08
1.8788E-08 1.9355E-08 1.9926E-08 2.0505E-08 2.1096E-08 2.1685E-08 2.2292E-08 2.2897E-08 2.3541E-08 2.4196E-08 2.4869E-08 2.5537E-08 2.6218E-08 2.6873E-08 2.7525E-08 2.8169E-08 2.8823E-08 2.9474E-08 3.0125E-08 3.0763E-08 3.1407E-08 3.2035E-08 3.2765E-08 3.3590E-08 3.4370E-08 3.5072E-08 3.5744E-08 3.6482E-08 3.7220E-08 3.7954E-08 3.8683E-08 3.9308E-08 3.9911E-08 4.0488E-08 4.1036E-08 4.1549E-08 4.2020E-08 4.2444E-08 4.2980E-08 4.3316E-08 4.3746E-08 4.3971E-08 4.4273E-08 4.4366E-08 4.4519E-08 4.4466E-08 4.4335E-08 4.4128E-08 4.3842E-08 4.3478E-08 4.2469E-08 4.1986E-08 4.1437E-08 4.0830E-08 4.0180E-08 3.9491E-08 3.8775E-08
1.8892E-08 1.9449E-08 2.0022E-08 2.0591E-08 2.1176E-08 2.1763E-08 2.2356E-08 2.2985E-08 2.3634E-08 2.4298E-08 2.4953E-08 2.5634E-08 2.6290E-08 2.6942E-08 2.7595E-08 2.8253E-08 2.8911E-08 2.9561E-08 3.0222E-08 3.0869E-08 3.1530E-08 3.2376E-08 3.3170E-08 3.4010E-08 3.4731E-08 3.5428E-08 3.6222E-08 3.7115E-08 3.7920E-08 3.8638E-08 3.9344E-08 4.0036E-08 4.0709E-08 4.1360E-08 4.2134E-08 4.2732E-08 4.3445E-08 4.4115E-08 4.4735E-08 4.5175E-08 4.5553E-08 4.5864E-08 4.6101E-08 4.6260E-08 4.6337E-08 4.6328E-08 4.6234E-08 4.6053E-08 4.5783E-08 4.5428E-08 4.4990E-08 4.4469E-08 4.3874E-08 4.3226E-08 4.2220E-08 4.1229E-08 4.0521E-08
1.8976E-08 1.9524E-08 2.0090E-08 2.0657E-08 2.1231E-08 2.1816E-08 2.2421E-08 2.3063E-08 2.3705E-08 2.4364E-08 2.5027E-08 2.5697E-08 2.6338E-08 2.6996E-08 2.7646E-08 2.8308E-08 2.8972E-08 2.9641E-08 3.0300E-08 3.0976E-08 3.1765E-08 3.2690E-08 3.3563E-08 3.4319E-08 3.5048E-08 3.5894E-08 3.6829E-08 3.7700E-08 3.8488E-08 3.9274E-08 4.0052E-08 4.0819E-08 4.1737E-08 4.2637E-08 4.3514E-08 4.4364E-08 4.5054E-08 4.5699E-08 4.6293E-08 4.6826E-08 4.7294E-08 4.7687E-08 4.8000E-08 4.8228E-08 4.8363E-08 4.8405E-08 4.8350E-08 4.8197E-08 4.7946E-08 4.7598E-08 4.7156E-08 4.6623E-08 4.6028E-08 4.5364E-08 4.4657E-08 4.3945E-08 4.3211E-08
1.9043E-08 1.9583E-08 2.0139E-08 2.0704E-08 2.1266E-08 2.1864E-08 2.2479E-08 2.3112E-08 2.3758E-08 2.4415E-08 2.5082E-08 2.5717E-08 2.6372E-08 2.7017E-08 2.7687E-08 2.8343E-08 2.9016E-08 2.9693E-08 3.0379E-08 3.1150E-08 3.2147E-08 3.3041E-08 3.3820E-08 3.4594E-08 3.5484E-08 3.6474E-08 3.7407E-08 3.8237E-08 3.9096E-08 3.9956E-08 4.0982E-08 4.2015E-08 4.3043E-08 4.4059E-08 4.4927E-08 4.5767E-08 4.6569E-08 4.7326E-08 4.8028E-08 4.8666E-08 4.9233E-08 4.9720E-08 5.0118E-08 5.0422E-08 5.0623E-08 5.0720E-08 5.0708E-08 5.0584E-08 5.0352E-08 5.0010E-08 4.9564E-08 4.9039E-08 4.8428E-08 4.7777E-08 4.7093E-08 4.6383E-08 4.5631E-08
1.9088E-08 1.9625E-08 2.0170E-08 2.0731E-08 2.1292E-08 2.1897E-08 2.2521E-08 2.3147E-08 2.3800E-08 2.4446E-08 2.5093E-08 2.5733E-08 2.6380E-08 2.7037E-08 2.7700E-08 2.8374E-08 2.9053E-08 2.9732E-08 3.0523E-08 3.1546E-08 3.2459E-08 3.3251E-08 3.4054E-08 3.4980E-08 3.6032E-08 3.7020E-08 3.7912E-08 3.8842E-08 3.9910E-08 4.1036E-08 4.2181E-08 4.3335E-08 4.4356E-08 4.5367E-08 4.6360E-08 4.7325E-08 4.8254E-08 4.9135E-08 4.9959E-08 5.0715E-08 5.1394E-08 5.1984E-08 5.2478E-08 5.2866E-08 5.3140E-08 5.3296E-08 5.3329E-08 5.3238E-08 5.3024E-08 5.2693E-08 5.2256E-08 5.1725E-08 5.1145E-08 5.0511E-08 4.9837E-08 4.9098E-08 4.8303E-08
1.9116E-08 1.9653E-08 2.0184E-08 2.0736E-08 2.1321E-08 2.1920E-08 2.2543E-08 2.3162E-08 2.3810E-08 2.4456E-08 2.5078E-08 2.5724E-08 2.6372E-08 2.7031E-08 2.7699E-08 2.8378E-08 2.9069E-08 2.9859E-08 3.0815E-08 3.1815E-08 3.2624E-08 3.3450E-08 3.4403E-08 3.5489E-08 3.6520E-08 3.7491E-08 3.8638E-08 3.9788E-08 4.0971E-08 4.2223E-08 4.3367E-08 4.4516E-08 4.5669E-08 4.6816E-08 4.7948E-08 4.9055E-08 5.0125E-08 5.1146E-08 5.2107E-08 5.2994E-08 5.3796E-08 5.4503E-08 5.5102E-08 5.5582E-08 5.5936E-08 5.6156E-08 5.6238E-08 5.6182E-08 5.5994E-08 5.5675E-08 5.5251E-08 5.4760E-08 5.4204E-08 5.3575E-08 5.2864E-08 5.2081E-08 5.1201E-08
1.9128E-08 1.9658E-08 2.0188E-08 2.0740E-08 2.1334E-08 2.1924E-08 2.2541E-08 2.3173E-08 2.3808E-08 2.4432E-08 2.5054E-08 2.5698E-08 2.6348E-08 2.7008E-08 2.7683E-08 2.8367E-08 2.9070E-08 3.0015E-08 3.1125E-08 3.1945E-08 3.2788E-08 3.3760E-08 3.4870E-08 3.5935E-08 3.6949E-08 3.8121E-08 3.9380E-08 4.0823E-08 4.2007E-08 4.3258E-08 4.4531E-08 4.5822E-08 4.7122E-08 4.8421E-08 4.9709E-08 5.0973E-08 5.2200E-08 5.3377E-08 5.4490E-08 5.5523E-08 5.6464E-08 5.7298E-08 5.8013E-08 5.8595E-08 5.9035E-08 5.9323E-08 5.9458E-08 5.9446E-08 5.9279E-08 5.8991E-08 5.8618E-08 5.8156E-08 5.7594E-08 5.6929E-08 5.6165E-08 5.5275E-08 5.4266E-08
1.9125E-08 1.9647E-08 2.0175E-08 2.0735E-08 2.1324E-08 2.1919E-08 2.2525E-08 2.3157E-08 2.3774E-08 2.4388E-08 2.5020E-08 2.5658E-08 2.6309E-08 2.6973E-08 2.7662E-08 2.8347E-08 2.9166E-08 3.0320E-08 3.1223E-08 3.2075E-08 3.3058E-08 3.4090E-08 3.5270E-08 3.6318E-08 3.7539E-08 3.9000E-08 4.0389E-08 4.1654E-08 4.3005E-08 4.4393E-08 4.5814E-08 4.7262E-08 4.8725E-08 5.0194E-08 5.1655E-08 5.3094E-08 5.4496E-08 5.5846E-08 5.7127E-08 5.8322E-08 5.9415E-08 6.0389E-08 6.1230E-08 6.1924E-08 6.2456E-08 6.2819E-08 6.3017E-08 6.3038E-08 6.2926E-08 6.2702E-08 6.2353E-08 6.1883E-08 6.1279E-08 6.0546E-08 5.9657E-08 5.8623E-08 5.7464E-08
1.9107E-08 1.9620E-08 2.0164E-08 2.0722E-08 2.1301E-08 2.1899E-08 2.2499E-08 2.3118E-08 2.3723E-08 2.4334E-08 2.4964E-08 2.5604E-08 2.6255E-08 2.6924E-08 2.7608E-08 2.8416E-08 2.9565E-08 3.0463E-08 3.1319E-08 3.2206E-08 3.3344E-08 3.4534E-08 3.5607E-08 3.7007E-08 3.8377E-08 3.9783E-08 4.1166E-08 4.2604E-08 4.4096E-08 4.5639E-08 4.7225E-08 4.8846E-08 5.0491E-08 5.2147E-08 5.3799E-08 5.5432E-08 5.7028E-08 5.8569E-08 6.0035E-08 6.1509E-08 6.2778E-08 6.4012E-08 6.5004E-08 6.5828E-08 6.6468E-08 6.6917E-08 6.7164E-08 6.7271E-08 6.7219E-08 6.7006E-08 6.6637E-08 6.5993E-08 6.5204E-08 6.4328E-08 6.3282E-08 6.2085E-08 6.0758E-08
1.9075E-08 1.9586E-08 2.0136E-08 2.0693E-08 2.1264E-08 2.1859E-08 2.2458E-08 2.3051E-08 2.3658E-08 2.4267E-08 2.4888E-08 2.5535E-08 2.6190E-08 2.6873E-08 2.7569E-08 2.8592E-08 2.9675E-08 3.0527E-08 3.1415E-08 3.2449E-08 3.3648E-08 3.4822E-08 3.6245E-08 3.7651E-08 3.9104E-08 4.0547E-08 4.2057E-08 4.3640E-08 4.5291E-08 4.7003E-08 4.8771E-08 5.0583E-08 5.2428E-08 5.4290E-08 5.6153E-08 5.7999E-08 5.9912E-08 6.1771E-08 6.3465E-08 6.5416E-08 6.6899E-08 6.8566E-08 6.9734E-08 7.0916E-08 7.1663E-08 7.1962E-08 7.1819E-08 7.1982E-08 7.1945E-08 7.1697E-08 7.1047E-08 7.0400E-08 6.9532E-08 6.8464E-08 6.7228E-08 6.5848E-08 6.4348E-08
1.9030E-08 1.9551E-08 2.0097E-08 2.0653E-08 2.1212E-08 2.1803E-08 2.2405E-08 2.2983E-08 2.3573E-08 2.4186E-08 2.4808E-08 2.5454E-08 2.6123E-08 2.6803E-08 2.7598E-08 2.8788E-08 2.9708E-08 3.0589E-08 3.1613E-08 3.2800E-08 3.3974E-08 3.5404E-08 3.6831E-08 3.8314E-08 3.9800E-08 4.1369E-08 4.3026E-08 4.4768E-08 4.6592E-08 4.8492E-08 5.0458E-08 5.2479E-08 5.4543E-08 5.6631E-08 5.8833E-08 6.1291E-08 6.3743E-08 6.6139E-08 6.8355E-08 7.0269E-08 7.2028E-08 7.3605E-08 7.4971E-08 7.6091E-08 7.6961E-08 7.7601E-08 7.7997E-08 7.8125E-08 7.7982E-08 7.7591E-08 7.6660E-08 7.5564E-08 7.4281E-08 7.3025E-08 7.1740E-08 7.0290E-08 6.8798E-08
1.8978E-08 1.9505E-08 2.0044E-08 2.0598E-08 2.1155E-08 2.1735E-08 2.2317E-08 2.2896E-08 2.3483E-08 2.4093E-08 2.4723E-08 2.5363E-08 2.6034E-08 2.6722E-08 2.7885E-08 2.8866E-08 2.9736E-08 3.0647E-08 3.1821E-08 3.3039E-08 3.4354E-08 3.5926E-08 3.7423E-08 3.8937E-08 4.0546E-08 4.2259E-08 4.4075E-08 4.5991E-08 4.8004E-08 5.0107E-08 5.2288E-08 5.4538E-08 5.7186E-08 6.0009E-08 6.2796E-08 6.5510E-08 6.8021E-08 7.0463E-08 7.2800E-08 7.4996E-08 7.7017E-08 7.8822E-08 8.0371E-08 8.1661E-08 8.2671E-08 8.3390E-08 8.3784E-08 8.3852E-08 8.3605E-08 8.3016E-08 8.2173E-08 8.1076E-08 7.9797E-08 7.8359E-08 7.6774E-08 7.5016E-08 7.3104E-08
