Assets/Resources/2015_m01_d05_1000(utc+0800)_l00_csi_1hr_conc.grd
DSAA
         159         159
     -79.000      79.000
     -79.000      79.000
  0.1153E-09  0.1174E-04
[rows 25 to 49 of 159, columns 0 to 56 of 159]
5.4411E-09 5.6408E-09 5.8449E-09 6.0766E-09 6.2715E-09 6.4704E-09 6.6732E-09 6.8790E-09 7.0868E-09 7.2972E-09 7.5095E-09 7.7234E-09 7.9387E-09 8.1542E-09 8.4077E-09 8.7369E-09 8.9601E-09 9.1812E-09 9.3981E-09 9.6104E-09 9.8598E-09 1.0142E-08 1.0384E-08 1.0579E-08 1.0765E-08 1.0940E-08 1.1103E-08 1.1254E-08 1.1433E-08 1.1645E-08 1.1764E-08 1.1909E-08 1.1997E-08 1.2067E-08 1.2118E-08 1.2149E-08 1.2161E-08 1.2150E-08 1.2117E-08 1.2060E-08 1.1975E-08 1.1858E-08 1.1714E-08 1.1539E-08 1.1336E-08 1.1110E-08 1.0856E-08 1.0541E-08 1.0177E-08 9.8387E-09 9.5241E-09 9.1959E-09 8.8323E-09 8.4442E-09 8.0758E-09 7.7173E-09 7.3106E-09
5.6211E-09 5.8302E-09 6.0674E-09 6.2686E-09 6.4745E-09 6.6848E-09 6.8986E-09 7.1154E-09 7.3354E-09 7.5592E-09 7.7844E-09 8.0115E-09 8.2400E-09 8.5822E-09 8.8583E-09 9.0984E-09 9.3368E-09 9.5721E-09 9.8457E-09 1.0156E-08 1.0428E-08 1.0655E-08 1.0873E-08 1.1082E-08 1.1283E-08 1.1517E-08 1.1784E-08 1.1999E-08 1.2155E-08 1.2295E-08 1.2427E-08 1.2542E-08 1.2642E-08 1.2722E-08 1.2782E-08 1.2869E-08 1.2886E-08 1.2878E-08 1.2845E-08 1.2794E-08 1.2695E-08 1.2574E-08 1.2423E-08 1.2240E-08 1.1981E-08 1.1740E-08 1.1473E-08 1.1181E-08 1.0864E-08 1.0533E-08 1.0153E-08 9.7356E-09 9.3392E-09 8.9634E-09 8.5801E-09 8.1433E-09 7.7441E-09
5.7825E-09 6.0461E-09 6.2528E-09 6.4651E-09 6.6821E-09 6.9033E-09 7.1284E-09 7.3576E-09 7.5913E-09 7.8278E-09 8.0661E-09 8.3451E-09 8.7036E-09 8.9592E-09 9.2161E-09 9.4719E-09 9.7662E-09 1.0101E-08 1.0399E-08 1.0655E-08 1.0905E-08 1.1146E-08 1.1425E-08 1.1737E-08 1.2003E-08 1.2218E-08 1.2424E-08 1.2615E-08 1.2791E-08 1.2947E-08 1.3130E-08 1.3260E-08 1.3464E-08 1.3605E-08 1.3680E-08 1.3730E-08 1.3755E-08 1.3755E-08 1.3729E-08 1.3675E-08 1.3580E-08 1.3457E-08 1.3295E-08 1.3102E-08 1.2876E-08 1.2615E-08 1.2325E-08 1.1960E-08 1.1533E-08 1.1134E-08 1.0761E-08 1.0368E-08 9.9674E-09 9.5307E-09 9.0481E-09 8.6302E-09 8.2068E-09
6.0127E-09 6.2241E-09 6.4421E-09 6.6651E-09 6.8932E-09 7.1258E-09 7.3633E-09 7.6059E-09 7.8526E-09 8.1018E-09 8.4661E-09 8.7694E-09 9.0401E-09 9.3130E-09 9.5855E-09 9.9768E-09 1.0298E-08 1.0580E-08 1.0858E-08 1.1131E-08 1.1441E-08 1.1788E-08 1.2093E-08 1.2347E-08 1.2592E-08 1.2827E-08 1.3051E-08 1.3309E-08 1.3597E-08 1.3824E-08 1.3973E-08 1.4123E-08 1.4253E-08 1.4363E-08 1.4449E-08 1.4509E-08 1.4543E-08 1.4549E-08 1.4525E-08 1.4464E-08 1.4369E-08 1.4237E-08 1.4069E-08 1.3868E-08 1.3627E-08 1.3355E-08 1.3048E-08 1.2707E-08 1.2340E-08 1.1945E-08 1.1533E-08 1.1070E-08 1.0567E-08 1.0083E-08 9.6309E-09 9.1548E-09 8.6477E-09
6.1830E-09 6.4055E-09 6.6341E-09 6.8681E-09 7.1075E-09 7.3526E-09 7.6034E-09 7.8593E-09 8.1185E-09 8.4960E-09 8.8133E-09 9.0987E-09 9.3869E-09 9.7157E-09 1.0128E-08 1.0431E-08 1.0734E-08 1.1035E-08 1.1331E-08 1.1752E-08 1.2092E-08 1.2385E-08 1.2668E-08 1.2942E-08 1.3209E-08 1.3602E-08 1.3899E-08 1.4140E-08 1.4366E-08 1.4570E-08 1.4753E-08 1.4897E-08 1.5040E-08 1.5163E-08 1.5262E-08 1.5333E-08 1.5375E-08 1.5387E-08 1.5364E-08 1.5306E-08 1.5233E-08 1.5078E-08 1.4905E-08 1.4692E-08 1.4438E-08 1.4148E-08 1.3816E-08 1.3451E-08 1.3060E-08 1.2642E-08 1.2203E-08 1.1745E-08 1.1264E-08 1.0776E-08 1.0252E-08 9.6752E-09 9.1810E-09
6.3558E-09 6.5891E-09 6.8283E-09 7.0736E-09 7.3253E-09 7.5836E-09 7.8476E-09 8.1161E-09 8.5422E-09 8.8354E-09 9.1341E-09 9.4361E-09 9.8574E-09 1.0215E-08 1.0539E-08 1.0863E-08 1.1184E-08 1.1629E-08 1.1999E-08 1.2326E-08 1.2647E-08 1.2959E-08 1.3266E-08 1.3702E-08 1.4047E-08 1.4337E-08 1.4614E-08 1.4880E-08 1.5127E-08 1.5355E-08 1.5560E-08 1.5738E-08 1.5869E-08 1.6008E-08 1.6121E-08 1.6204E-08 1.6257E-08 1.6277E-08 1.6257E-08 1.6200E-08 1.6105E-08 1.5964E-08 1.5781E-08 1.5554E-08 1.5289E-08 1.4980E-08 1.4631E-08 1.4249E-08 1.3835E-08 1.3393E-08 1.2922E-08 1.2430E-08 1.1918E-08 1.1391E-08 1.0850E-08 1.0311E-08 9.7471E-09
6.5305E-09 6.7742E-09 7.0244E-09 7.2818E-09 7.5466E-09 7.8178E-09 8.0946E-09 8.5313E-09 8.8348E-09 9.1459E-09 9.4611E-09 9.8995E-09 1.0275E-08 1.0617E-08 1.0961E-08 1.1304E-08 1.1776E-08 1.2173E-08 1.2527E-08 1.2876E-08 1.3218E-08 1.3693E-08 1.4080E-08 1.4417E-08 1.4743E-08 1.5057E-08 1.5362E-08 1.5651E-08 1.5923E-08 1.6175E-08 1.6402E-08 1.6605E-08 1.6779E-08 1.6903E-08 1.7025E-08 1.7121E-08 1.7185E-08 1.7210E-08 1.7195E-08 1.7141E-08 1.7043E-08 1.6907E-08 1.6718E-08 1.6482E-08 1.6203E-08 1.5873E-08 1.5503E-08 1.5095E-08 1.4652E-08 1.4178E-08 1.3678E-08 1.3155E-08 1.2612E-08 1.2046E-08 1.1475E-08 1.0890E-08 1.0297E-08
6.7061E-09 6.9602E-09 7.2222E-09 7.4926E-09 7.7701E-09 8.0542E-09 8.4993E-09 8.8122E-09 9.1341E-09 9.4615E-09 9.9146E-09 1.0307E-08 1.0666E-08 1.1029E-08 1.1436E-08 1.1933E-08 1.2313E-08 1.2694E-08 1.3070E-08 1.3489E-08 1.4000E-08 1.4380E-08 1.4750E-08 1.5113E-08 1.5467E-08 1.5811E-08 1.6142E-08 1.6456E-08 1.6755E-08 1.7036E-08 1.7291E-08 1.7517E-08 1.7712E-08 1.7872E-08 1.7976E-08 1.8087E-08 1.8162E-08 1.8195E-08 1.8189E-08 1.8136E-08 1.8040E-08 1.7918E-08 1.7708E-08 1.7463E-08 1.7164E-08 1.6817E-08 1.6428E-08 1.5999E-08 1.5532E-08 1.5030E-08 1.4497E-08 1.3934E-08 1.3347E-08 1.2741E-08 1.2125E-08 1.1498E-08 1.0874E-08
6.8817E-09 7.1474E-09 7.4221E-09 7.7049E-09 7.9949E-09 8.4465E-09 8.7678E-09 9.0988E-09 9.4372E-09 9.9416E-09 1.0309E-08 1.0685E-08 1.1066E-08 1.1573E-08 1.2014E-08 1.2418E-08 1.2824E-08 1.3227E-08 1.3766E-08 1.4225E-08 1.4639E-08 1.5044E-08 1.5444E-08 1.5838E-08 1.6222E-08 1.6595E-08 1.6952E-08 1.7296E-08 1.7627E-08 1.7935E-08 1.8221E-08 1.8474E-08 1.8693E-08 1.8876E-08 1.9021E-08 1.9108E-08 1.9191E-08 1.9236E-08 1.9237E-08 1.9189E-08 1.9095E-08 1.8951E-08 1.8755E-08 1.8499E-08 1.8183E-08 1.7819E-08 1.7408E-08 1.6953E-08 1.6456E-08 1.5920E-08 1.5350E-08 1.4752E-08 1.4128E-08 1.3485E-08 1.2820E-08 1.2151E-08 1.1477E-08
7.0578E-09 7.3357E-09 7.6226E-09 7.9178E-09 8.3735E-09 8.7018E-09 9.0403E-09 9.3883E-09 9.9037E-09 1.0283E-08 1.0674E-08 1.1070E-08 1.1597E-08 1.2058E-08 1.2485E-08 1.2915E-08 1.3345E-08 1.3960E-08 1.4408E-08 1.4855E-08 1.5295E-08 1.5730E-08 1.6164E-08 1.6589E-08 1.7004E-08 1.7405E-08 1.7796E-08 1.8175E-08 1.8534E-08 1.8875E-08 1.9192E-08 1.9476E-08 1.9724E-08 1.9931E-08 2.0096E-08 2.0204E-08 2.0274E-08 2.0334E-08 2.0343E-08 2.0302E-08 2.0209E-08 2.0061E-08 1.9914E-08 1.9597E-08 1.9269E-08 1.8886E-08 1.8452E-08 1.7970E-08 1.7442E-08 1.6872E-08 1.6264E-08 1.5623E-08 1.4954E-08 1.4260E-08 1.3552E-08 1.2836E-08 1.2111E-08
7.2342E-09 7.5242E-09 7.8232E-09 8.2806E-09 8.6145E-09 8.9595E-09 9.3154E-09 9.8392E-09 1.0229E-08 1.0632E-08 1.1043E-08 1.1586E-08 1.2066E-08 1.2514E-08 1.2967E-08 1.3467E-08 1.4068E-08 1.4546E-08 1.5024E-08 1.5499E-08 1.5970E-08 1.6441E-08 1.6908E-08 1.7363E-08 1.7811E-08 1.8249E-08 1.8675E-08 1.9085E-08 1.9477E-08 1.9853E-08 2.0205E-08 2.0525E-08 2.0804E-08 2.1040E-08 2.1230E-08 2.1370E-08 2.1439E-08 2.1489E-08 2.1508E-08 2.1478E-08 2.1389E-08 2.1244E-08 2.1050E-08 2.0775E-08 2.0430E-08 2.0031E-08 1.9573E-08 1.9061E-08 1.8497E-08 1.7885E-08 1.7230E-08 1.6542E-08 1.5825E-08 1.5084E-08 1.4326E-08 1.3556E-08 1.2776E-08
7.4102E-09 7.7120E-09 8.1337E-09 8.5070E-09 8.8570E-09 9.2189E-09 9.7105E-09 1.0147E-08 1.0560E-08 1.0984E-08 1.1541E-08 1.2037E-08 1.2504E-08 1.2977E-08 1.3587E-08 1.4129E-08 1.4636E-08 1.5145E-08 1.5652E-08 1.6159E-08 1.6666E-08 1.7173E-08 1.7670E-08 1.8162E-08 1.8649E-08 1.9123E-08 1.9582E-08 2.0025E-08 2.0458E-08 2.0873E-08 2.1260E-08 2.1616E-08 2.1931E-08 2.2201E-08 2.2419E-08 2.2583E-08 2.2695E-08 2.2729E-08 2.2743E-08 2.2723E-08 2.2640E-08 2.2497E-08 2.2291E-08 2.2019E-08 2.1668E-08 2.1247E-08 2.0765E-08 2.0222E-08 1.9622E-08 1.8971E-08 1.8274E-08 1.7536E-08 1.6765E-08 1.5957E-08 1.5138E-08 1.4310E-08 1.3479E-08
7.5850E-09 7.8981E-09 8.3803E-09 8.7337E-09 9.1001E-09 9.5952E-09 1.0038E-08 1.0458E-08 1.0893E-08 1.1462E-08 1.1972E-08 1.2454E-08 1.2947E-08 1.3578E-08 1.4144E-08 1.4677E-08 1.5215E-08 1.5754E-08 1.6293E-08 1.6836E-08 1.7380E-08 1.7919E-08 1.8454E-08 1.8988E-08 1.9511E-08 2.0021E-08 2.0517E-08 2.1004E-08 2.1478E-08 2.1929E-08 2.2354E-08 2.2748E-08 2.3103E-08 2.3411E-08 2.3669E-08 2.3867E-08 2.4002E-08 2.4074E-08 2.4059E-08 2.4038E-08 2.3966E-08 2.3825E-08 2.3615E-08 2.3423E-08 2.2988E-08 2.2550E-08 2.2040E-08 2.1463E-08 2.0823E-08 2.0126E-08 1.9375E-08 1.8579E-08 1.7750E-08 1.6892E-08 1.6013E-08 1.5113E-08 1.4218E-08
7.7576E-09 8.2357E-09 8.5909E-09 8.9600E-09 9.3421E-09 9.9041E-09 1.0330E-08 1.0772E-08 1.1349E-08 1.1871E-08 1.2366E-08 1.2875E-08 1.3524E-08 1.4111E-08 1.4668E-08 1.5233E-08 1.5801E-08 1.6372E-08 1.6948E-08 1.7528E-08 1.8107E-08 1.8683E-08 1.9262E-08 1.9833E-08 2.0393E-08 2.0944E-08 2.1485E-08 2.2016E-08 2.2528E-08 2.3017E-08 2.3485E-08 2.3922E-08 2.4322E-08 2.4678E-08 2.4977E-08 2.5216E-08 2.5385E-08 2.5481E-08 2.5510E-08 2.5437E-08 2.5370E-08 2.5234E-08 2.5025E-08 2.4754E-08 2.4398E-08 2.3939E-08 2.3401E-08 2.2788E-08 2.2104E-08 2.1355E-08 2.0552E-08 1.9700E-08 1.8806E-08 1.7880E-08 1.6924E-08 1.5963E-08 1.4999E-08
8.0390E-09 8.4299E-09 8.7999E-09 9.1845E-09 9.7452E-09 1.0175E-08 1.0622E-08 1.1084E-08 1.1735E-08 1.2241E-08 1.2763E-08 1.3342E-08 1.4031E-08 1.4608E-08 1.5197E-08 1.5792E-08 1.6392E-08 1.7000E-08 1.7613E-08 1.8229E-08 1.8845E-08 1.9466E-08 2.0085E-08 2.0694E-08 2.1296E-08 2.1894E-08 2.2482E-08 2.3054E-08 2.3606E-08 2.4141E-08 2.4653E-08 2.5139E-08 2.5588E-08 2.5990E-08 2.6342E-08 2.6627E-08 2.6840E-08 2.6972E-08 2.7023E-08 2.6996E-08 2.6859E-08 2.6734E-08 2.6532E-08 2.6254E-08 2.6012E-08 2.5451E-08 2.4898E-08 2.4254E-08 2.3529E-08 2.2727E-08 2.1854E-08 2.0914E-08 1.9926E-08 1.8921E-08 1.7898E-08 1.6861E-08 1.5811E-08
8.2524E-09 8.6218E-09 9.0067E-09 9.5251E-09 9.9953E-09 1.0445E-08 1.0913E-08 1.1567E-08 1.2081E-08 1.2613E-08 1.3159E-08 1.3906E-08 1.4500E-08 1.5109E-08 1.5729E-08 1.6354E-08 1.6991E-08 1.7635E-08 1.8285E-08 1.8938E-08 1.9598E-08 2.0262E-08 2.0918E-08 2.1570E-08 2.2223E-08 2.2866E-08 2.3499E-08 2.4114E-08 2.4716E-08 2.5298E-08 2.5859E-08 2.6392E-08 2.6895E-08 2.7354E-08 2.7759E-08 2.8103E-08 2.8368E-08 2.8547E-08 2.8635E-08 2.8632E-08 2.8545E-08 2.8351E-08 2.8164E-08 2.7903E-08 2.7587E-08 2.7120E-08 2.6524E-08 2.5842E-08 2.5068E-08 2.4207E-08 2.3271E-08 2.2270E-08 2.1216E-08 2.0122E-08 1.8979E-08 1.7799E-08 1.6676E-08
8.4272E-09 8.8104E-09 9.2096E-09 9.7931E-09 1.0243E-08 1.0713E-08 1.1326E-08 1.1887E-08 1.2425E-08 1.2982E-08 1.3737E-08 1.4343E-08 1.4970E-08 1.5610E-08 1.6259E-08 1.6919E-08 1.7592E-08 1.8273E-08 1.8961E-08 1.9657E-08 2.0360E-08 2.1063E-08 2.1762E-08 2.2465E-08 2.3164E-08 2.3855E-08 2.4534E-08 2.5200E-08 2.5851E-08 2.6485E-08 2.7096E-08 2.7684E-08 2.8243E-08 2.8763E-08 2.9233E-08 2.9635E-08 2.9964E-08 3.0208E-08 3.0350E-08 3.0386E-08 3.0336E-08 3.0197E-08 2.9956E-08 2.9689E-08 2.9348E-08 2.8908E-08 2.8328E-08 2.7621E-08 2.6812E-08 2.5898E-08 2.4885E-08 2.3784E-08 2.2608E-08 2.1386E-08 2.0134E-08 1.8896E-08 1.7609E-08
8.5980E-09 8.9950E-09 9.5696E-09 1.0019E-08 1.0487E-08 1.0976E-08 1.1661E-08 1.2203E-08 1.2767E-08 1.3482E-08 1.4143E-08 1.4780E-08 1.5437E-08 1.6107E-08 1.6787E-08 1.7485E-08 1.8193E-08 1.8912E-08 1.9640E-08 2.0380E-08 2.1125E-08 2.1868E-08 2.2618E-08 2.3369E-08 2.4115E-08 2.4856E-08 2.5587E-08 2.6305E-08 2.7010E-08 2.7695E-08 2.8361E-08 2.9009E-08 2.9632E-08 3.0216E-08 3.0750E-08 3.1224E-08 3.1628E-08 3.1947E-08 3.2171E-08 3.2288E-08 3.2287E-08 3.2167E-08 3.1966E-08 3.1664E-08 3.1344E-08 3.1089E-08 3.0367E-08 2.9644E-08 2.8780E-08 2.7801E-08 2.6707E-08 2.5512E-08 2.4230E-08 2.2897E-08 2.1525E-08 2.0098E-08 1.8653E-08
8.7639E-09 9.2502E-09 9.7739E-09 1.0239E-08 1.0727E-08 1.1407E-08 1.1950E-08 1.2516E-08 1.3102E-08 1.3900E-08 1.4545E-08 1.5214E-08 1.5900E-08 1.6598E-08 1.7314E-08 1.8047E-08 1.8791E-08 1.9548E-08 2.0320E-08 2.1104E-08 2.1889E-08 2.2679E-08 2.3479E-08 2.4277E-08 2.5074E-08 2.5868E-08 2.6652E-08 2.7426E-08 2.8184E-08 2.8925E-08 2.9654E-08 3.0368E-08 3.1054E-08 3.1707E-08 3.2315E-08 3.2871E-08 3.3360E-08 3.3772E-08 3.4099E-08 3.4309E-08 3.4383E-08 3.4335E-08 3.4188E-08 3.3941E-08 3.3591E-08 3.3216E-08 3.2683E-08 3.1959E-08 3.1078E-08 3.0038E-08 2.8859E-08 2.7550E-08 2.6127E-08 2.4623E-08 2.3062E-08 2.1485E-08 1.9913E-08
8.9244E-09 9.5105E-09 9.9720E-09 1.0455E-08 1.1084E-08 1.1669E-08 1.2233E-08 1.2822E-08 1.3616E-08 1.4267E-08 1.4942E-08 1.5640E-08 1.6353E-08 1.7084E-08 1.7835E-08 1.8603E-08 1.9385E-08 2.0183E-08 2.0997E-08 2.1821E-08 2.2649E-08 2.3491E-08 2.4339E-08 2.5186E-08 2.6037E-08 2.6883E-08 2.7725E-08 2.8554E-08 2.9370E-08 3.0172E-08 3.0971E-08 3.1751E-08 3.2508E-08 3.3237E-08 3.3925E-08 3.4568E-08 3.5154E-08 3.5678E-08 3.6115E-08 3.6449E-08 3.6663E-08 3.6743E-08 3.6670E-08 3.6486E-08 3.6201E-08 3.5829E-08 3.5365E-08 3.4695E-08 3.3808E-08 3.2727E-08 3.1456E-08 3.0016E-08 2.8432E-08 2.6739E-08 2.4971E-08 2.3162E-08 2.1326E-08
9.1545E-09 9.6872E-09 1.0163E-08 1.0664E-08 1.1360E-08 1.1923E-08 1.2509E-08 1.3252E-08 1.3949E-08 1.4626E-08 1.5330E-08 1.6056E-08 1.6797E-08 1.7562E-08 1.8347E-08 1.9149E-08 1.9969E-08 2.0810E-08 2.1667E-08 2.2530E-08 2.3407E-08 2.4298E-08 2.5191E-08 2.6092E-08 2.6997E-08 2.7899E-08 2.8798E-08 2.9685E-08 3.0561E-08 3.1435E-08 3.2303E-08 3.3154E-08 3.3990E-08 3.4799E-08 3.5577E-08 3.6314E-08 3.7011E-08 3.7654E-08 3.8226E-08 3.8720E-08 3.9106E-08 3.9357E-08 3.9439E-08 3.9386E-08 3.9220E-08 3.8938E-08 3.8671E-08 3.7964E-08 3.7118E-08 3.6015E-08 3.4670E-08 3.3091E-08 3.1305E-08 2.9359E-08 2.7306E-08 2.5195E-08 2.3113E-08
9.3865E-09 9.8555E-09 1.0347E-08 1.0988E-08 1.1587E-08 1.2167E-08 1.2775E-08 1.3595E-08 1.4272E-08 1.4976E-08 1.5707E-08 1.6458E-08 1.7230E-08 1.8028E-08 1.8847E-08 1.9685E-08 2.0544E-08 2.1426E-08 2.2321E-08 2.3228E-08 2.4155E-08 2.5092E-08 2.6037E-08 2.6992E-08 2.7949E-08 2.8909E-08 2.9863E-08 3.0812E-08 3.1755E-08 3.2703E-08 3.3643E-08 3.4573E-08 3.5492E-08 3.6390E-08 3.7259E-08 3.8106E-08 3.8927E-08 3.9701E-08 4.0430E-08 4.1104E-08 4.1701E-08 4.2181E-08 4.2520E-08 4.2707E-08 4.2739E-08 4.2638E-08 4.2408E-08 4.1958E-08 4.1217E-08 4.0145E-08 3.8751E-08 3.7037E-08 3.5027E-08 3.2779E-08 3.0365E-08 2.7855E-08 2.5334E-08
9.5341E-09 1.0015E-08 1.0523E-08 1.1228E-08 1.1803E-08 1.2402E-08 1.3164E-08 1.3882E-08 1.4582E-08 1.5313E-08 1.6070E-08 1.6847E-08 1.7650E-08 1.8480E-08 1.9332E-08 2.0205E-08 2.1104E-08 2.2026E-08 2.2959E-08 2.3914E-08 2.4887E-08 2.5870E-08 2.6868E-08 2.7875E-08 2.8888E-08 2.9904E-08 3.0918E-08 3.1929E-08 3.2949E-08 3.3969E-08 3.4983E-08 3.5999E-08 3.7005E-08 3.7998E-08 3.8974E-08 3.9941E-08 4.0888E-08 4.1811E-08 4.2718E-08 4.3595E-08 4.4436E-08 4.5216E-08 4.5905E-08 4.6450E-08 4.6817E-08 4.7013E-08 4.7052E-08 4.7127E-08 4.6357E-08 4.5407E-08 4.3994E-08 4.2138E-08 3.9868E-08 3.7243E-08 3.4357E-08 3.1328E-08 2.8269E-08
9.6721E-09 1.0166E-08 1.0769E-08 1.1417E-08 1.2007E-08 1.2625E-08 1.3460E-08 1.4156E-08 1.4879E-08 1.5635E-08 1.6415E-08 1.7220E-08 1.8054E-08 1.8915E-08 1.9800E-08 2.0708E-08 2.1647E-08 2.2605E-08 2.3579E-08 2.4580E-08 2.5598E-08 2.6630E-08 2.7680E-08 2.8738E-08 2.9807E-08 3.0879E-08 3.1953E-08 3.3036E-08 3.4130E-08 3.5222E-08 3.6321E-08 3.7423E-08 3.8523E-08 3.9614E-08 4.0708E-08 4.1803E-08 4.2887E-08 4.3977E-08 4.5075E-08 4.6181E-08 4.7302E-08 4.8446E-08 4.9570E-08 5.0601E-08 5.1488E-08 5.2206E-08 5.2710E-08 5.2979E-08 5.2796E-08 5.2058E-08 5.0742E-08 4.8809E-08 4.6261E-08 4.3178E-08 3.9691E-08 3.5945E-08 3.2124E-08
9.8001E-09 1.0306E-08 1.1012E-08 1.1593E-08 1.2199E-08 1.2922E-08 1.3699E-08 1.4414E-08 1.5161E-08 1.5939E-08 1.6743E-08 1.7575E-08 1.8438E-08 1.9329E-08 2.0246E-08 2.1192E-08 2.2167E-08 2.3159E-08 2.4177E-08 2.5221E-08 2.6283E-08 2.7365E-08 2.8463E-08 2.9575E-08 3.0697E-08 3.1827E-08 3.2963E-08 3.4122E-08 3.5287E-08 3.6459E-08 3.7644E-08 3.8834E-08 4.0033E-08 4.1232E-08 4.2455E-08 4.3677E-08 4.4910E-08 4.6179E-08 4.7489E-08 4.8850E-08 5.0294E-08 5.1847E-08 5.3470E-08 5.5126E-08 5.6741E-08 5.8199E-08 5.9405E-08 6.0293E-08 6.0719E-08 6.0460E-08 5.9395E-08 5.7475E-08 5.4688E-08 5.1099E-08 4.6865E-08 4.2215E-08 3.7392E-08
