Assets/Resources/2015_m01_d22_0800(utc+0800)_l00_csi_1hr_conc.grd
DSAA
         159         159
     -79.000      79.000
     -79.000      79.000
  0.0000E+00  0.2894E-05
[rows 75 to 99 of 159, columns 57 to 113 of 159]
0.0000E+00 0.0000E+00 0.0000E+00 0.0000E+00 0.0000E+00 0.0000E+00 0.0000E+00 8.7516E-13 7.5690E-12 2.2682E-11 4.9048E-11 8.5438E-11 2.1751E-10 7.2039E-10 1.7152E-09 7.3214E-09 1.8363E-08 3.7668E-08 6.6638E-08 1.0158E-07 1.3969E-07 9.8068E-08 8.4733E-08 8.0781E-08 7.8921E-08 7.7651E-08 7.6060E-08 7.3617E-08 7.0335E-08 6.6471E-08 6.2017E-08 5.7991E-08 5.3731E-08 5.0127E-08 4.6617E-08 4.3173E-08 4.0233E-08 3.7418E-08 3.5125E-08 3.2873E-08 3.1102E-08 2.9520E-08 2.8105E-08 2.6823E-08 2.5651E-08 2.4556E-08 2.3511E-08 2.2517E-08 2.1552E-08 2.0615E-08 1.9721E-08 1.8871E-08 1.8065E-08 1.7305E-08 1.6602E-08 1.5944E-08 1.5323E-08
0.0000E+00 0.0000E+00 0.0000E+00 0.0000E+00 0.0000E+00 0.0000E+00 0.0000E+00 6.5108E-13 6.7130E-12 2.1207E-11 4.8996E-11 8.7863E-11 2.7248E-10 9.0094E-10 4.5862E-09 1.3321E-08 3.1963E-08 6.6445E-08 1.1899E-07 1.8281E-07 1.8411E-07 1.2441E-07 1.0803E-07 1.0047E-07 9.6114E-08 9.3166E-08 8.9906E-08 8.5396E-08 8.0160E-08 7.4564E-08 6.8926E-08 6.3319E-08 5.8347E-08 5.3577E-08 4.9464E-08 4.5470E-08 4.2141E-08 3.9178E-08 3.6410E-08 3.4143E-08 3.1990E-08 3.0271E-08 2.8734E-08 2.7352E-08 2.6095E-08 2.4926E-08 2.3816E-08 2.2768E-08 2.1757E-08 2.0777E-08 1.9840E-08 1.8945E-08 1.8100E-08 1.7303E-08 1.6568E-08 1.5882E-08 1.5239E-08
0.0000E+00 0.0000E+00 0.0000E+00 0.0000E+00 0.0000E+00 0.0000E+00 0.0000E+00 3.9302E-13 5.6436E-12 1.9267E-11 4.7346E-11 8.7290E-11 3.2427E-10 1.0437E-09 6.3876E-09 1.9590E-08 4.8326E-08 1.0226E-07 1.8482E-07 2.7738E-07 1.8814E-07 1.4373E-07 1.2650E-07 1.1684E-07 1.1082E-07 1.0643E-07 1.0154E-07 9.5305E-08 8.8271E-08 8.1057E-08 7.4066E-08 6.7284E-08 6.1420E-08 5.5901E-08 5.1328E-08 4.7152E-08 4.3286E-08 4.0085E-08 3.7102E-08 3.4700E-08 3.2412E-08 3.0608E-08 2.9002E-08 2.7560E-08 2.6254E-08 2.5047E-08 2.3903E-08 2.2822E-08 2.1789E-08 2.0784E-08 1.9819E-08 1.8900E-08 1.8029E-08 1.7207E-08 1.6448E-08 1.5742E-08 1.5082E-08
0.0000E+00 0.0000E+00 0.0000E+00 0.0000E+00 0.0000E+00 0.0000E+00 0.0000E+00 1.3257E-13 4.2919E-12 1.6890E-11 4.3942E-11 8.5311E-11 3.5804E-10 1.1214E-09 7.8393E-09 2.5482E-08 6.3118E-08 1.3462E-07 2.4387E-07 3.0152E-07 1.8480E-07 1.5257E-07 1.3659E-07 1.2704E-07 1.2181E-07 1.1754E-07 1.1091E-07 1.0359E-07 9.4252E-08 8.5055E-08 7.7109E-08 6.9510E-08 6.3026E-08 5.7228E-08 5.2037E-08 4.7653E-08 4.3574E-08 4.0261E-08 3.7153E-08 3.4696E-08 3.2536E-08 3.0497E-08 2.8862E-08 2.7405E-08 2.6080E-08 2.4861E-08 2.3713E-08 2.2631E-08 2.1598E-08 2.0594E-08 1.9629E-08 1.8706E-08 1.7828E-08 1.6996E-08 1.6224E-08 1.5509E-08 1.4840E-08
0.0000E+00 0.0000E+00 0.0000E+00 0.0000E+00 0.0000E+00 0.0000E+00 0.0000E+00 0.0000E+00 2.7995E-12 1.3997E-11 4.0507E-11 8.3505E-11 3.5957E-10 2.6542E-09 8.3174E-09 2.7913E-08 6.9881E-08 1.5034E-07 2.6859E-07 2.1571E-07 4.9851E-07 2.8945E-06 4.5995E-07 4.0038E-07 1.6091E-07 1.5048E-07 1.3285E-07 1.1971E-07 1.0431E-07 9.1277E-08 7.9693E-08 7.0393E-08 6.3085E-08 5.6864E-08 5.1538E-08 4.7118E-08 4.2997E-08 3.9697E-08 3.6796E-08 3.4146E-08 3.2007E-08 2.9961E-08 2.8348E-08 2.6905E-08 2.5584E-08 2.4380E-08 2.3248E-08 2.2184E-08 2.1172E-08 2.0193E-08 1.9249E-08 1.8342E-08 1.7477E-08 1.6657E-08 1.5892E-08 1.5180E-08 1.4515E-08
0.0000E+00 0.0000E+00 0.0000E+00 0.0000E+00 0.0000E+00 0.0000E+00 0.0000E+00 0.0000E+00 1.4776E-12 1.0717E-11 3.4316E-11 7.7729E-11 3.3213E-10 1.0112E-09 7.5759E-09 2.6031E-08 6.5688E-08 1.4234E-07 2.5340E-07 1.6039E-07 1.4136E-07 1.7547E-07 4.1581E-07 9.7408E-07 1.8937E-06 8.0943E-07 3.5183E-07 2.1190E-07 1.4789E-07 1.0860E-07 8.4007E-08 7.0316E-08 6.1593E-08 5.5165E-08 4.9888E-08 4.5566E-08 4.1588E-08 3.8422E-08 3.5642E-08 3.3072E-08 3.1034E-08 2.9049E-08 2.7499E-08 2.6104E-08 2.4824E-08 2.3655E-08 2.2561E-08 2.1531E-08 2.0550E-08 1.9604E-08 1.8692E-08 1.7818E-08 1.6980E-08 1.6184E-08 1.5441E-08 1.4747E-08 1.4097E-08
0.0000E+00 0.0000E+00 0.0000E+00 0.0000E+00 0.0000E+00 0.0000E+00 0.0000E+00 0.0000E+00 6.1483E-13 7.8800E-12 2.7124E-11 6.9649E-11 2.8344E-10 8.4680E-10 5.9331E-09 2.0702E-08 5.2376E-08 1.1676E-07 1.3006E-07 1.1359E-07 1.1153E-07 1.1176E-07 1.2578E-07 1.8817E-07 3.1648E-07 5.4142E-07 5.0928E-07 3.3118E-07 2.0985E-07 1.3145E-07 8.9615E-08 6.9149E-08 5.8656E-08 5.2263E-08 4.7170E-08 4.3119E-08 3.9426E-08 3.6502E-08 3.3925E-08 3.1545E-08 2.9655E-08 2.7790E-08 2.6347E-08 2.5037E-08 2.3823E-08 2.2720E-08 2.1684E-08 2.0700E-08 1.9769E-08 1.8870E-08 1.8005E-08 1.7172E-08 1.6372E-08 1.5609E-08 1.4895E-08 1.4227E-08 1.3602E-08
0.0000E+00 0.0000E+00 0.0000E+00 0.0000E+00 0.0000E+00 0.0000E+00 0.0000E+00 0.0000E+00 7.8792E-14 5.1526E-12 1.9975E-11 5.9272E-11 2.1557E-10 6.5082E-10 4.0346E-09 1.4164E-08 3.5735E-08 8.5854E-08 7.5443E-08 7.7751E-08 8.2593E-08 8.6679E-08 9.2450E-08 1.0593E-07 1.3793E-07 1.8859E-07 2.5340E-07 2.5541E-07 1.9660E-07 1.3013E-07 8.6809E-08 6.4319E-08 5.4109E-08 4.8218E-08 4.3617E-08 3.9947E-08 3.6643E-08 3.4039E-08 3.1741E-08 2.9626E-08 2.7932E-08 2.6238E-08 2.4939E-08 2.3734E-08 2.2620E-08 2.1605E-08 2.0636E-08 1.9720E-08 1.8851E-08 1.8010E-08 1.7201E-08 1.6421E-08 1.5668E-08 1.4950E-08 1.4274E-08 1.3639E-08 1.3044E-08
0.0000E+00 0.0000E+00 0.0000E+00 0.0000E+00 0.0000E+00 0.0000E+00 0.0000E+00 0.0000E+00 0.0000E+00 2.5391E-12 1.3961E-11 4.6816E-11 1.5086E-10 4.7493E-10 1.1914E-09 8.0940E-09 2.2880E-08 3.9780E-08 4.3806E-08 5.1283E-08 5.8182E-08 6.4400E-08 7.0748E-08 7.7757E-08 8.8476E-08 1.0404E-07 1.2475E-07 1.4080E-07 1.2783E-07 9.8717E-08 7.2189E-08 5.5994E-08 4.8091E-08 4.3045E-08 3.9387E-08 3.6246E-08 3.3415E-08 3.1173E-08 2.9213E-08 2.7406E-08 2.5940E-08 2.4451E-08 2.3319E-08 2.2243E-08 2.1251E-08 2.0334E-08 1.9452E-08 1.8613E-08 1.7818E-08 1.7044E-08 1.6299E-08 1.5581E-08 1.4884E-08 1.4219E-08 1.3588E-08 1.2993E-08 1.2434E-08
0.0000E+00 0.0000E+00 0.0000E+00 0.0000E+00 0.0000E+00 0.0000E+00 0.0000E+00 0.0000E+00 0.0000E+00 8.8958E-13 9.6759E-12 3.3858E-11 9.3593E-11 3.2894E-10 8.0409E-10 1.7712E-09 1.3814E-08 1.9152E-08 2.5415E-08 3.2531E-08 3.9335E-08 4.5943E-08 5.2328E-08 5.7932E-08 6.2894E-08 6.8345E-08 7.3734E-08 7.8443E-08 7.5733E-08 6.5740E-08 5.4039E-08 4.6176E-08 4.1298E-08 3.7600E-08 3.4754E-08 3.2240E-08 2.9899E-08 2.8061E-08 2.6476E-08 2.4976E-08 2.3756E-08 2.2510E-08 2.1546E-08 2.0613E-08 1.9762E-08 1.8951E-08 1.8158E-08 1.7414E-08 1.6696E-08 1.5996E-08 1.5323E-08 1.4669E-08 1.4034E-08 1.3427E-08 1.2849E-08 1.2299E-08 1.1782E-08
0.0000E+00 0.0000E+00 0.0000E+00 0.0000E+00 0.0000E+00 0.0000E+00 0.0000E+00 0.0000E+00 0.0000E+00 0.0000E+00 5.7988E-12 2.1959E-11 7.1441E-11 2.0015E-10 5.1614E-10 1.1679E-09 4.6067E-09 9.8640E-09 1.4668E-08 2.0116E-08 2.5775E-08 3.1765E-08 3.7518E-08 4.2242E-08 4.5641E-08 4.8187E-08 4.9634E-08 5.0071E-08 4.8790E-08 4.5152E-08 4.0907E-08 3.7350E-08 3.4564E-08 3.2057E-08 2.9968E-08 2.7887E-08 2.6277E-08 2.4864E-08 2.3472E-08 2.2437E-08 2.1474E-08 2.0473E-08 1.9675E-08 1.8900E-08 1.8190E-08 1.7485E-08 1.6798E-08 1.6148E-08 1.5510E-08 1.4889E-08 1.4291E-08 1.3706E-08 1.3136E-08 1.2591E-08 1.2069E-08 1.1569E-08 1.1097E-08
0.0000E+00 0.0000E+00 0.0000E+00 0.0000E+00 0.0000E+00 0.0000E+00 0.0000E+00 0.0000E+00 0.0000E+00 0.0000E+00 2.1173E-12 1.2896E-11 4.9836E-11 1.2941E-10 3.2309E-10 7.2953E-10 1.4440E-09 4.9238E-09 8.4444E-09 1.2246E-08 1.6616E-08 2.1450E-08 2.6178E-08 3.0050E-08 3.2885E-08 3.4630E-08 3.5482E-08 3.5466E-08 3.4814E-08 3.3425E-08 3.1649E-08 2.9947E-08 2.8172E-08 2.6694E-08 2.5295E-08 2.3835E-08 2.2711E-08 2.1699E-08 2.0657E-08 1.9884E-08 1.9186E-08 1.8398E-08 1.7767E-08 1.7160E-08 1.6573E-08 1.5978E-08 1.5405E-08 1.4845E-08 1.4288E-08 1.3749E-08 1.3225E-08 1.2708E-08 1.2209E-08 1.1727E-08 1.1261E-08 1.0814E-08 1.0391E-08
0.0000E+00 0.0000E+00 0.0000E+00 0.0000E+00 0.0000E+00 0.0000E+00 0.0000E+00 0.0000E+00 0.0000E+00 0.0000E+00 4.4264E-13 8.7677E-12 3.1078E-11 9.4827E-11 2.0896E-10 4.2996E-10 9.1152E-10 2.4373E-09 4.8837E-09 7.4316E-09 1.0607E-08 1.4246E-08 1.7837E-08 2.0921E-08 2.3265E-08 2.4815E-08 2.5682E-08 2.5667E-08 2.5608E-08 2.5202E-08 2.4527E-08 2.3503E-08 2.2686E-08 2.1811E-08 2.0747E-08 2.0005E-08 1.9304E-08 1.8472E-08 1.7930E-08 1.7423E-08 1.6785E-08 1.6342E-08 1.5879E-08 1.5427E-08 1.4951E-08 1.4469E-08 1.4004E-08 1.3529E-08 1.3055E-08 1.2598E-08 1.2145E-08 1.1698E-08 1.1266E-08 1.0846E-08 1.0438E-08 1.0046E-08 9.6723E-09
0.0000E+00 0.0000E+00 0.0000E+00 0.0000E+00 0.0000E+00 0.0000E+00 0.0000E+00 0.0000E+00 0.0000E+00 0.0000E+00 0.0000E+00 3.5481E-12 1.6027E-11 6.6205E-11 1.4990E-10 2.8419E-10 5.5638E-10 9.8299E-10 2.7221E-09 4.4982E-09 6.7481E-09 9.3425E-09 1.1929E-08 1.4322E-08 1.6209E-08 1.7624E-08 1.8262E-08 1.8846E-08 1.9085E-08 1.9051E-08 1.8616E-08 1.8347E-08 1.7958E-08 1.7512E-08 1.6915E-08 1.6538E-08 1.6175E-08 1.5677E-08 1.5388E-08 1.5092E-08 1.4651E-08 1.4365E-08 1.4062E-08 1.3724E-08 1.3359E-08 1.2996E-08 1.2619E-08 1.2227E-08 1.1840E-08 1.1456E-08 1.1071E-08 1.0694E-08 1.0325E-08 9.9644E-09 9.6135E-09 9.2755E-09 8.9515E-09
0.0000E+00 0.0000E+00 0.0000E+00 0.0000E+00 0.0000E+00 0.0000E+00 0.0000E+00 0.0000E+00 0.0000E+00 0.0000E+00 0.0000E+00 9.1600E-13 1.0080E-11 3.6493E-11 1.0937E-10 2.0061E-10 3.5416E-10 6.2270E-10 1.0456E-09 2.5300E-09 3.9197E-09 5.6229E-09 7.4933E-09 9.3119E-09 1.0894E-08 1.2154E-08 1.3062E-08 1.3685E-08 1.4052E-08 1.4023E-08 1.4141E-08 1.4142E-08 1.4052E-08 1.3740E-08 1.3628E-08 1.3511E-08 1.3221E-08 1.3142E-08 1.3049E-08 1.2772E-08 1.2660E-08 1.2510E-08 1.2327E-08 1.2092E-08 1.1840E-08 1.1571E-08 1.1274E-08 1.0967E-08 1.0657E-08 1.0339E-08 1.0020E-08 9.7082E-09 9.3995E-09 9.0953E-09 8.7987E-09 8.5126E-09 8.2378E-09
0.0000E+00 0.0000E+00 0.0000E+00 0.0000E+00 0.0000E+00 0.0000E+00 0.0000E+00 0.0000E+00 0.0000E+00 0.0000E+00 0.0000E+00 0.0000E+00 4.2968E-12 1.7526E-11 7.4662E-11 1.5036E-10 2.4608E-10 4.1121E-10 6.8368E-10 1.4430E-09 2.5161E-09 3.6756E-09 5.0313E-09 6.3047E-09 7.5003E-09 8.4894E-09 9.2731E-09 9.6307E-09 1.0102E-08 1.0441E-08 1.0670E-08 1.0816E-08 1.0744E-08 1.0846E-08 1.0903E-08 1.0757E-08 1.0848E-08 1.0918E-08 1.0959E-08 1.0837E-08 1.0836E-08 1.0796E-08 1.0698E-08 1.0566E-08 1.0407E-08 1.0213E-08 9.9932E-09 9.7636E-09 9.5189E-09 9.2652E-09 9.0100E-09 8.7556E-09 8.5019E-09 8.2505E-09 8.0051E-09 7.7682E-09 7.5377E-09
0.0000E+00 0.0000E+00 0.0000E+00 0.0000E+00 0.0000E+00 0.0000E+00 0.0000E+00 0.0000E+00 0.0000E+00 0.0000E+00 0.0000E+00 0.0000E+00 9.5642E-13 9.7987E-12 3.6184E-11 1.1338E-10 1.8222E-10 2.8264E-10 4.5455E-10 7.1216E-10 1.4959E-09 2.2111E-09 3.0766E-09 3.9823E-09 4.8755E-09 5.6844E-09 6.3941E-09 6.9395E-09 7.3944E-09 7.7381E-09 7.8075E-09 8.0863E-09 8.3246E-09 8.5203E-09 8.5007E-09 8.6880E-09 8.8419E-09 8.9946E-09 8.9798E-09 9.1125E-09 9.1967E-09 9.2273E-09 9.2086E-09 9.1579E-09 9.0688E-09 8.9405E-09 8.7964E-09 8.6276E-09 8.4419E-09 8.2476E-09 8.0488E-09 7.8465E-09 7.6423E-09 7.4393E-09 7.2408E-09 7.0477E-09 6.8592E-09
0.0000E+00 0.0000E+00 0.0000E+00 0.0000E+00 0.0000E+00 0.0000E+00 0.0000E+00 0.0000E+00 0.0000E+00 0.0000E+00 0.0000E+00 0.0000E+00 0.0000E+00 3.8805E-12 1.6526E-11 7.0033E-11 1.4404E-10 2.0767E-10 3.1734E-10 4.8566E-10 8.8621E-10 1.3121E-09 2.0525E-09 2.7018E-09 3.3546E-09 3.9886E-09 4.5314E-09 4.7601E-09 5.1998E-09 5.5703E-09 5.9013E-09 6.1895E-09 6.4453E-09 6.5123E-09 6.7684E-09 6.9921E-09 7.1907E-09 7.2253E-09 7.4319E-09 7.6065E-09 7.7377E-09 7.8208E-09 7.8679E-09 7.8732E-09 7.8365E-09 7.7744E-09 7.6832E-09 7.5690E-09 7.4370E-09 7.2951E-09 7.1449E-09 6.9888E-09 6.8296E-09 6.6709E-09 6.5145E-09 6.3600E-09 6.2098E-09
0.0000E+00 0.0000E+00 0.0000E+00 0.0000E+00 0.0000E+00 0.0000E+00 0.0000E+00 0.0000E+00 0.0000E+00 0.0000E+00 0.0000E+00 0.0000E+00 0.0000E+00 7.1646E-13 8.0582E-12 3.0392E-11 1.0252E-10 1.6640E-10 2.3370E-10 3.4524E-10 4.7936E-10 8.9617E-10 1.2560E-09 1.6810E-09 2.1493E-09 2.6087E-09 3.0533E-09 3.4619E-09 3.8140E-09 4.1424E-09 4.4459E-09 4.5443E-09 4.8481E-09 5.1295E-09 5.3871E-09 5.6213E-09 5.6916E-09 5.9143E-09 6.1211E-09 6.3011E-09 6.4603E-09 6.5867E-09 6.6695E-09 6.7136E-09 6.7269E-09 6.7099E-09 6.6650E-09 6.5957E-09 6.5108E-09 6.4127E-09 6.3049E-09 6.1895E-09 6.0701E-09 5.9500E-09 5.8286E-09 5.7092E-09 5.5948E-09
0.0000E+00 0.0000E+00 0.0000E+00 0.0000E+00 0.0000E+00 0.0000E+00 0.0000E+00 0.0000E+00 0.0000E+00 0.0000E+00 0.0000E+00 0.0000E+00 0.0000E+00 0.0000E+00 2.5854E-12 1.2738E-11 5.3566E-11 1.2667E-10 1.8454E-10 2.5753E-10 3.4889E-10 4.8427E-10 7.6232E-10 1.0157E-09 1.2994E-09 1.5953E-09 1.9242E-09 2.2961E-09 2.6077E-09 2.9212E-09 3.2251E-09 3.5201E-09 3.7918E-09 4.0482E-09 4.1234E-09 4.3825E-09 4.6148E-09 4.8304E-09 5.0273E-09 5.2128E-09 5.3679E-09 5.5031E-09 5.6123E-09 5.6891E-09 5.7346E-09 5.7517E-09 5.7430E-09 5.7130E-09 5.6653E-09 5.6029E-09 5.5310E-09 5.4515E-09 5.3673E-09 5.2783E-09 5.1887E-09 5.1021E-09 5.0182E-09
0.0000E+00 0.0000E+00 0.0000E+00 0.0000E+00 0.0000E+00 0.0000E+00 0.0000E+00 0.0000E+00 0.0000E+00 0.0000E+00 0.0000E+00 0.0000E+00 0.0000E+00 0.0000E+00 3.5542E-13 5.4081E-12 2.0937E-11 7.5561E-11 1.4291E-10 2.0023E-10 2.7485E-10 3.6407E-10 4.7287E-10 7.2040E-10 9.2797E-10 1.1707E-09 1.4392E-09 1.7094E-09 1.9599E-09 2.2125E-09 2.4651E-09 2.7120E-09 2.7918E-09 3.0596E-09 3.3114E-09 3.5485E-09 3.7626E-09 3.9568E-09 4.1371E-09 4.3065E-09 4.4510E-09 4.5807E-09 4.6931E-09 4.7913E-09 4.8574E-09 4.8996E-09 4.9194E-09 4.9189E-09 4.9010E-09 4.8688E-09 4.8271E-09 4.7777E-09 4.7212E-09 4.6601E-09 4.5997E-09 4.5396E-09 4.4801E-09
0.0000E+00 0.0000E+00 0.0000E+00 0.0000E+00 0.0000E+00 0.0000E+00 0.0000E+00 0.0000E+00 0.0000E+00 0.0000E+00 0.0000E+00 0.0000E+00 0.0000E+00 0.0000E+00 0.0000E+00 1.2378E-12 8.0386E-12 3.4419E-11 9.1439E-11 1.5393E-10 2.1276E-10 2.8489E-10 3.7055E-10 4.6720E-10 5.8465E-10 7.1494E-10 8.6625E-10 1.0400E-09 1.2793E-09 1.5027E-09 1.7390E-09 1.9774E-09 2.2108E-09 2.4440E-09 2.6590E-09 2.8604E-09 3.0494E-09 3.2245E-09 3.3858E-09 3.5386E-09 3.6830E-09 3.8071E-09 3.9153E-09 4.0096E-09 4.0894E-09 4.1497E-09 4.1898E-09 4.2115E-09 4.2163E-09 4.2091E-09 4.1920E-09 4.1657E-09 4.1330E-09 4.0976E-09 4.0605E-09 4.0216E-09 3.9831E-09
0.0000E+00 0.0000E+00 0.0000E+00 0.0000E+00 0.0000E+00 0.0000E+00 0.0000E+00 0.0000E+00 0.0000E+00 0.0000E+00 0.0000E+00 0.0000E+00 0.0000E+00 0.0000E+00 0.0000E+00 5.3396E-14 2.7463E-12 1.1548E-11 4.7834E-11 1.0159E-10 1.6145E-10 2.1949E-10 2.8720E-10 3.6869E-10 4.5685E-10 5.6414E-10 6.8410E-10 8.1518E-10 9.7619E-10 1.1873E-09 1.3698E-09 1.5610E-09 1.7539E-09 1.9450E-09 2.1301E-09 2.3026E-09 2.4706E-09 2.6233E-09 2.7642E-09 2.8938E-09 3.0207E-09 3.1428E-09 3.2452E-09 3.3383E-09 3.4246E-09 3.4945E-09 3.5484E-09 3.5857E-09 3.6092E-09 3.6212E-09 3.6229E-09 3.6161E-09 3.6045E-09 3.5883E-09 3.5689E-09 3.5483E-09 3.5292E-09
0.0000E+00 0.0000E+00 0.0000E+00 0.0000E+00 0.0000E+00 0.0000E+00 0.0000E+00 0.0000E+00 0.0000E+00 0.0000E+00 0.0000E+00 0.0000E+00 0.0000E+00 0.0000E+00 0.0000E+00 0.0000E+00 3.6293E-13 4.2860E-12 1.6564E-11 5.7004E-11 1.0667E-10 1.6488E-10 2.1989E-10 2.8671E-10 3.6006E-10 4.4547E-10 5.3615E-10 6.3761E-10 7.5731E-10 9.2121E-10 1.0842E-09 1.2387E-09 1.3956E-09 1.5530E-09 1.7096E-09 1.8519E-09 1.9913E-09 2.1183E-09 2.2387E-09 2.3546E-09 2.4657E-09 2.5786E-09 2.6751E-09 2.7659E-09 2.8527E-09 2.9281E-09 2.9903E-09 3.0390E-09 3.0755E-09 3.1007E-09 3.1174E-09 3.1270E-09 3.1301E-09 3.1296E-09 3.1263E-09 3.1220E-09 3.1166E-09
0.0000E+00 0.0000E+00 0.0000E+00 0.0000E+00 0.0000E+00 0.0000E+00 0.0000E+00 0.0000E+00 0.0000E+00 0.0000E+00 0.0000E+00 0.0000E+00 0.0000E+00 0.0000E+00 0.0000E+00 0.0000E+00 0.0000E+00 8.8006E-13 5.5370E-12 2.2533E-11 6.1344E-11 1.0887E-10 1.6399E-10 2.1954E-10 2.8202E-10 3.4356E-10 4.2206E-10 5.0440E-10 5.9346E-10 6.9474E-10 8.4015E-10 9.7219E-10 1.1027E-09 1.2297E-09 1.3576E-09 1.4787E-09 1.5962E-09 1.7048E-09 1.8065E-09 1.9073E-09 2.0096E-09 2.1052E-09 2.1919E-09 2.2765E-09 2.3597E-09 2.4401E-09 2.5084E-09 2.5632E-09 2.6084E-09 2.6448E-09 2.6728E-09 2.6932E-09 2.7082E-09 2.7208E-09 2.7301E-09 2.7365E-09 2.7420E-09
