Assets/Resources/2015_m01_d12_0200(utc+0800)_l00_csi_1hr_conc.grd
DSAA
         159         159
     -79.000      79.000
     -79.000      79.000
  0.0000E+00  0.1158E-04
[rows 25 to 49 of 159, columns 57 to 113 of 159]
0.0000E+00 0.0000E+00 0.0000E+00 0.0000E+00 0.0000E+00 2.7728E-11 8.9493E-11 2.0742E-10 3.9437E-10 6.6404E-10 1.0605E-09 1.6532E-09 2.4885E-09 3.5765E-09 4.9786E-09 6.7691E-09 8.9767E-09 1.1643E-08 1.4741E-08 1.8211E-08 2.1963E-08 2.5833E-08 2.9656E-08 3.3213E-08 3.6282E-08 3.8678E-08 4.0238E-08 4.0853E-08 4.0504E-08 3.9232E-08 3.7145E-08 3.4407E-08 3.1206E-08 2.7747E-08 2.4207E-08 2.0749E-08 1.7507E-08 1.4553E-08 1.1938E-08 9.6732E-09 7.7479E-09 6.1375E-09 4.7879E-09 3.7216E-09 2.9081E-09 2.2371E-09 1.6981E-09 1.2730E-09 9.3670E-10 6.7923E-10 4.7890E-10 3.3314E-10 2.2786E-10 1.4331E-10 8.4147E-11 4.2765E-11 1.8538E-11
0.0000E+00 0.0000E+00 0.0000E+00 0.0000E+00 0.0000E+00 9.6460E-12 7.6768E-11 1.8559E-10 3.6204E-10 6.3562E-10 1.0243E-09 1.5976E-09 2.4191E-09 3.4969E-09 4.9028E-09 6.7042E-09 8.9556E-09 1.1675E-08 1.4846E-08 1.8422E-08 2.2291E-08 2.6298E-08 3.0245E-08 3.3905E-08 3.7049E-08 3.9449E-08 4.0963E-08 4.1480E-08 4.0970E-08 3.9485E-08 3.7158E-08 3.4166E-08 3.0726E-08 2.7057E-08 2.3353E-08 1.9797E-08 1.6497E-08 1.3533E-08 1.0956E-08 8.7648E-09 6.9272E-09 5.4033E-09 4.1516E-09 3.1870E-09 2.4602E-09 1.8679E-09 1.3979E-09 1.0235E-09 7.3986E-10 5.2461E-10 3.6065E-10 2.4196E-10 1.5815E-10 9.3852E-11 5.0200E-11 2.1623E-11 7.3193E-12
0.0000E+00 0.0000E+00 0.0000E+00 0.0000E+00 0.0000E+00 1.1266E-12 5.0571E-11 1.5341E-10 3.2446E-10 5.8648E-10 9.7049E-10 1.5275E-09 2.3248E-09 3.3921E-09 4.7843E-09 6.5885E-09 8.8568E-09 1.1608E-08 1.4848E-08 1.8512E-08 2.2489E-08 2.6610E-08 3.0681E-08 3.4458E-08 3.7678E-08 4.0120E-08 4.1609E-08 4.2028E-08 4.1360E-08 3.9674E-08 3.7112E-08 3.3877E-08 3.0206E-08 2.6334E-08 2.2479E-08 1.8813E-08 1.5472E-08 1.2533E-08 1.0003E-08 7.8823E-09 6.1398E-09 4.7125E-09 3.5491E-09 2.6932E-09 2.0435E-09 1.5236E-09 1.1172E-09 8.0228E-10 5.6835E-10 3.9256E-10 2.6198E-10 1.6944E-10 1.0176E-10 5.3114E-11 2.2432E-11 8.6195E-12 3.0280E-12
0.0000E+00 0.0000E+00 0.0000E+00 0.0000E+00 0.0000E+00 0.0000E+00 1.9579E-11 1.2958E-10 2.8585E-10 5.3355E-10 9.1039E-10 1.4473E-09 2.2104E-09 3.2417E-09 4.6193E-09 6.4069E-09 8.6695E-09 1.1456E-08 1.4732E-08 1.8461E-08 2.2534E-08 2.6782E-08 3.0979E-08 3.4860E-08 3.8171E-08 4.0651E-08 4.2125E-08 4.2475E-08 4.1676E-08 3.9798E-08 3.7012E-08 3.3544E-08 2.9650E-08 2.5596E-08 2.1604E-08 1.7859E-08 1.4483E-08 1.1547E-08 9.0795E-09 7.0441E-09 5.3937E-09 4.0582E-09 3.0093E-09 2.2408E-09 1.6592E-09 1.2102E-09 8.6952E-10 6.1235E-10 4.2029E-10 2.8131E-10 1.8086E-10 1.0966E-10 5.9881E-11 2.5927E-11 9.1709E-12 3.9474E-12 7.6977E-13
0.0000E+00 0.0000E+00 0.0000E+00 0.0000E+00 0.0000E+00 0.0000E+00 5.7399E-12 7.9991E-11 2.4141E-10 4.7421E-10 8.2700E-10 1.3407E-09 2.0645E-09 3.0669E-09 4.4171E-09 6.1731E-09 8.4178E-09 1.1188E-08 1.4488E-08 1.8273E-08 2.2430E-08 2.6771E-08 3.1085E-08 3.5095E-08 3.8516E-08 4.1073E-08 4.2566E-08 4.2863E-08 4.1944E-08 3.9900E-08 3.6912E-08 3.3222E-08 2.9116E-08 2.4873E-08 2.0741E-08 1.6914E-08 1.3519E-08 1.0620E-08 8.2042E-09 6.2584E-09 4.7021E-09 3.4549E-09 2.5022E-09 1.8209E-09 1.3186E-09 9.4402E-10 6.6390E-10 4.5591E-10 2.9943E-10 1.9146E-10 1.1422E-10 6.1724E-11 2.7217E-11 1.1510E-11 4.3276E-12 1.0634E-12 0.0000E+00
0.0000E+00 0.0000E+00 0.0000E+00 0.0000E+00 0.0000E+00 0.0000E+00 0.0000E+00 4.0391E-11 1.8994E-10 4.0668E-10 7.4279E-10 1.2322E-09 1.9087E-09 2.8655E-09 4.1585E-09 5.8742E-09 8.0833E-09 1.0828E-08 1.4132E-08 1.7940E-08 2.2150E-08 2.6596E-08 3.1041E-08 3.5182E-08 3.8720E-08 4.1365E-08 4.2903E-08 4.3181E-08 4.2183E-08 3.9993E-08 3.6809E-08 3.2909E-08 2.8600E-08 2.4197E-08 1.9942E-08 1.6040E-08 1.2618E-08 9.7391E-09 7.3920E-09 5.5294E-09 4.0679E-09 2.9047E-09 2.0374E-09 1.4493E-09 1.0222E-09 7.1594E-10 4.8991E-10 3.2789E-10 2.0413E-10 1.2214E-10 6.6666E-11 3.2326E-11 1.3315E-11 4.2155E-12 1.1826E-12 0.0000E+00 0.0000E+00
0.0000E+00 0.0000E+00 0.0000E+00 0.0000E+00 0.0000E+00 0.0000E+00 0.0000E+00 1.1673E-11 1.1411E-10 3.3762E-10 6.5279E-10 1.1029E-09 1.7353E-09 2.6309E-09 3.8746E-09 5.5237E-09 7.6764E-09 1.0383E-08 1.3650E-08 1.7460E-08 2.1723E-08 2.6261E-08 3.0808E-08 3.5095E-08 3.8790E-08 4.1564E-08 4.3179E-08 4.3478E-08 4.2422E-08 4.0114E-08 3.6767E-08 3.2671E-08 2.8165E-08 2.3578E-08 1.9194E-08 1.5229E-08 1.1798E-08 8.9430E-09 6.6573E-09 4.8770E-09 3.4892E-09 2.4070E-09 1.6421E-09 1.1291E-09 7.6996E-10 5.2410E-10 3.4702E-10 2.2233E-10 1.2905E-10 6.9190E-11 3.5016E-11 1.5405E-11 5.1622E-12 1.1364E-12 0.0000E+00 0.0000E+00 0.0000E+00
0.0000E+00 0.0000E+00 0.0000E+00 0.0000E+00 0.0000E+00 0.0000E+00 0.0000E+00 8.9161E-13 5.8245E-11 2.5260E-10 5.5183E-10 9.6862E-10 1.5508E-09 2.3819E-09 3.5467E-09 5.1127E-09 7.1951E-09 9.8321E-09 1.3060E-08 1.6858E-08 2.1138E-08 2.5743E-08 3.0429E-08 3.4882E-08 3.8742E-08 4.1683E-08 4.3411E-08 4.3764E-08 4.2696E-08 4.0297E-08 3.6792E-08 3.2513E-08 2.7830E-08 2.3086E-08 1.8573E-08 1.4518E-08 1.1060E-08 8.2324E-09 6.0028E-09 4.2971E-09 2.9693E-09 1.9740E-09 1.3041E-09 8.6353E-10 5.6171E-10 3.6741E-10 2.3122E-10 1.3668E-10 7.3948E-11 3.7976E-11 1.6498E-11 4.9906E-12 9.4871E-13 0.0000E+00 0.0000E+00 0.0000E+00 0.0000E+00
0.0000E+00 0.0000E+00 0.0000E+00 0.0000E+00 0.0000E+00 0.0000E+00 0.0000E+00 0.0000E+00 2.3630E-11 1.6786E-10 4.4169E-10 8.2404E-10 1.3578E-09 2.1189E-09 3.1994E-09 4.6716E-09 6.6576E-09 9.2023E-09 1.2360E-08 1.6119E-08 2.0415E-08 2.5095E-08 2.9900E-08 3.4514E-08 3.8585E-08 4.1726E-08 4.3621E-08 4.4082E-08 4.3033E-08 4.0578E-08 3.6952E-08 3.2500E-08 2.7617E-08 2.2691E-08 1.8057E-08 1.3931E-08 1.0434E-08 7.6147E-09 5.4333E-09 3.7836E-09 2.5195E-09 1.6022E-09 1.0201E-09 6.4578E-10 3.9527E-10 2.4478E-10 1.4403E-10 7.6157E-11 3.9489E-11 1.8096E-11 5.4893E-12 9.2898E-13 0.0000E+00 0.0000E+00 0.0000E+00 0.0000E+00 0.0000E+00
0.0000E+00 0.0000E+00 0.0000E+00 0.0000E+00 0.0000E+00 0.0000E+00 0.0000E+00 0.0000E+00 3.7367E-12 9.4047E-11 3.2102E-10 6.7000E-10 1.1585E-09 1.8513E-09 2.8305E-09 4.1938E-09 6.0636E-09 8.5017E-09 1.1576E-08 1.5279E-08 1.9569E-08 2.4301E-08 2.9241E-08 3.4056E-08 3.8359E-08 4.1746E-08 4.3861E-08 4.4469E-08 4.3481E-08 4.0990E-08 3.7247E-08 3.2641E-08 2.7574E-08 2.2466E-08 1.7674E-08 1.3445E-08 9.9144E-09 7.0975E-09 4.9408E-09 3.3496E-09 2.1269E-09 1.2828E-09 7.8499E-10 4.6193E-10 2.6005E-10 1.4976E-10 8.0432E-11 3.9530E-11 1.7327E-11 5.1275E-12 7.2735E-13 0.0000E+00 0.0000E+00 0.0000E+00 0.0000E+00 0.0000E+00 0.0000E+00
0.0000E+00 0.0000E+00 0.0000E+00 0.0000E+00 0.0000E+00 0.0000E+00 0.0000E+00 0.0000E+00 0.0000E+00 4.0895E-11 2.1370E-10 5.1387E-10 9.5477E-10 1.5763E-09 2.4642E-09 3.7072E-09 5.4483E-09 7.7593E-09 1.0708E-08 1.4343E-08 1.8616E-08 2.3415E-08 2.8490E-08 3.3518E-08 3.8089E-08 4.1767E-08 4.4144E-08 4.4950E-08 4.4081E-08 4.1589E-08 3.7747E-08 3.2956E-08 2.7679E-08 2.2386E-08 1.7441E-08 1.3095E-08 9.4939E-09 6.6642E-09 4.5279E-09 2.9867E-09 1.8227E-09 1.0472E-09 5.9766E-10 3.1263E-10 1.5503E-10 8.0603E-11 3.8440E-11 1.7315E-11 4.8709E-12 4.0706E-13 0.0000E+00 0.0000E+00 0.0000E+00 0.0000E+00 0.0000E+00 0.0000E+00 0.0000E+00
0.0000E+00 0.0000E+00 0.0000E+00 0.0000E+00 0.0000E+00 0.0000E+00 0.0000E+00 0.0000E+00 0.0000E+00 8.3589E-12 1.2020E-10 3.6063E-10 7.5280E-10 1.3094E-09 2.0969E-09 3.2077E-09 4.8102E-09 6.9819E-09 9.8129E-09 1.3349E-08 1.7590E-08 2.2444E-08 2.7672E-08 3.2951E-08 3.7838E-08 4.1849E-08 4.4547E-08 4.5605E-08 4.4857E-08 4.2375E-08 3.8438E-08 3.3482E-08 2.7985E-08 2.2459E-08 1.7320E-08 1.2853E-08 9.1876E-09 6.3220E-09 4.2025E-09 2.6810E-09 1.5584E-09 8.6404E-10 4.5668E-10 2.0239E-10 8.1070E-11 3.5428E-11 1.4659E-11 3.9060E-12 2.0983E-13 0.0000E+00 0.0000E+00 0.0000E+00 0.0000E+00 0.0000E+00 0.0000E+00 0.0000E+00 0.0000E+00
0.0000E+00 0.0000E+00 0.0000E+00 0.0000E+00 0.0000E+00 0.0000E+00 0.0000E+00 0.0000E+00 0.0000E+00 0.0000E+00 5.6078E-11 2.3792E-10 5.4763E-10 1.0430E-09 1.7413E-09 2.7274E-09 4.1821E-09 6.1996E-09 8.8777E-09 1.2315E-08 1.6535E-08 2.1443E-08 2.6835E-08 3.2383E-08 3.7626E-08 4.2028E-08 4.5095E-08 4.6436E-08 4.5863E-08 4.3412E-08 3.9366E-08 3.4195E-08 2.8458E-08 2.2695E-08 1.7347E-08 1.2715E-08 8.9521E-09 6.0586E-09 3.9478E-09 2.4437E-09 1.3561E-09 7.1842E-10 3.4338E-10 1.1892E-10 3.3165E-11 1.2259E-11 3.0510E-12 0.0000E+00 0.0000E+00 0.0000E+00 0.0000E+00 0.0000E+00 0.0000E+00 0.0000E+00 0.0000E+00 0.0000E+00 0.0000E+00
0.0000E+00 0.0000E+00 0.0000E+00 0.0000E+00 0.0000E+00 0.0000E+00 0.0000E+00 0.0000E+00 0.0000E+00 0.0000E+00 1.6528E-11 1.3164E-10 3.6846E-10 7.9355E-10 1.3957E-09 2.2546E-09 3.5691E-09 5.4248E-09 7.9545E-09 1.1285E-08 1.5440E-08 2.0409E-08 2.6011E-08 3.1878E-08 3.7525E-08 4.2368E-08 4.5846E-08 4.7505E-08 4.7096E-08 4.4664E-08 4.0496E-08 3.5113E-08 2.9092E-08 2.3044E-08 1.7468E-08 1.2678E-08 8.8121E-09 5.8585E-09 3.7346E-09 2.2274E-09 1.1888E-09 6.0294E-10 2.5714E-10 6.2927E-11 9.3070E-12 1.7299E-12 0.0000E+00 0.0000E+00 0.0000E+00 0.0000E+00 0.0000E+00 0.0000E+00 0.0000E+00 0.0000E+00 0.0000E+00 0.0000E+00 0.0000E+00
0.0000E+00 0.0000E+00 0.0000E+00 0.0000E+00 0.0000E+00 0.0000E+00 0.0000E+00 0.0000E+00 0.0000E+00 0.0000E+00 1.4438E-12 4.7027E-11 2.3074E-10 5.6136E-10 1.0826E-09 1.8208E-09 2.9776E-09 4.6720E-09 7.0567E-09 1.0255E-08 1.4383E-08 1.9432E-08 2.5220E-08 3.1418E-08 3.7509E-08 4.2852E-08 4.6797E-08 4.8808E-08 4.8603E-08 4.6183E-08 4.1863E-08 3.6203E-08 2.9868E-08 2.3514E-08 1.7668E-08 1.2676E-08 8.6947E-09 5.7075E-09 3.5669E-09 2.0868E-09 1.0584E-09 5.1091E-10 1.8756E-10 3.3130E-11 2.3623E-13 0.0000E+00 0.0000E+00 0.0000E+00 0.0000E+00 0.0000E+00 0.0000E+00 0.0000E+00 0.0000E+00 0.0000E+00 0.0000E+00 0.0000E+00 0.0000E+00
0.0000E+00 0.0000E+00 0.0000E+00 0.0000E+00 0.0000E+00 0.0000E+00 0.0000E+00 0.0000E+00 0.0000E+00 0.0000E+00 0.0000E+00 1.6537E-11 1.1659E-10 3.4990E-10 7.8154E-10 1.4290E-09 2.4279E-09 3.9733E-09 6.1907E-09 9.2658E-09 1.3355E-08 1.8474E-08 2.4501E-08 3.1091E-08 3.7680E-08 4.3551E-08 4.7982E-08 5.0356E-08 5.0326E-08 4.7891E-08 4.3383E-08 3.7432E-08 3.0736E-08 2.4047E-08 1.7921E-08 1.2732E-08 8.6218E-09 5.5584E-09 3.4013E-09 1.9301E-09 9.6080E-10 4.4603E-10 1.4314E-10 2.0337E-11 0.0000E+00 0.0000E+00 0.0000E+00 0.0000E+00 0.0000E+00 0.0000E+00 0.0000E+00 0.0000E+00 0.0000E+00 0.0000E+00 0.0000E+00 0.0000E+00 0.0000E+00
0.0000E+00 0.0000E+00 0.0000E+00 0.0000E+00 0.0000E+00 0.0000E+00 0.0000E+00 0.0000E+00 0.0000E+00 0.0000E+00 0.0000E+00 3.5077E-12 3.0760E-11 1.9750E-10 5.2281E-10 1.0735E-09 1.9364E-09 3.3297E-09 5.3882E-09 8.3557E-09 1.2399E-08 1.7616E-08 2.3891E-08 3.0889E-08 3.7994E-08 4.4435E-08 4.9382E-08 5.2139E-08 5.2288E-08 4.9805E-08 4.5065E-08 3.8744E-08 3.1656E-08 2.4581E-08 1.8151E-08 1.2753E-08 8.5292E-09 5.4199E-09 3.2543E-09 1.8029E-09 8.7844E-10 3.9551E-10 1.1273E-10 9.9747E-12 0.0000E+00 0.0000E+00 0.0000E+00 0.0000E+00 0.0000E+00 0.0000E+00 0.0000E+00 0.0000E+00 0.0000E+00 0.0000E+00 0.0000E+00 0.0000E+00 0.0000E+00
0.0000E+00 0.0000E+00 0.0000E+00 0.0000E+00 0.0000E+00 0.0000E+00 0.0000E+00 0.0000E+00 0.0000E+00 0.0000E+00 0.0000E+00 0.0000E+00 1.0041E-11 8.7104E-11 2.9897E-10 7.5954E-10 1.5056E-09 2.7497E-09 4.6676E-09 7.5267E-09 1.1553E-08 1.6868E-08 2.3416E-08 3.0853E-08 3.8537E-08 4.5578E-08 5.1045E-08 5.4142E-08 5.4406E-08 5.1817E-08 4.6786E-08 4.0074E-08 3.2556E-08 2.5094E-08 1.8357E-08 1.2749E-08 8.4159E-09 5.2523E-09 3.0958E-09 1.6726E-09 8.1798E-10 3.5861E-10 7.9135E-11 0.0000E+00 0.0000E+00 0.0000E+00 0.0000E+00 0.0000E+00 0.0000E+00 0.0000E+00 0.0000E+00 0.0000E+00 0.0000E+00 0.0000E+00 0.0000E+00 0.0000E+00 0.0000E+00
0.0000E+00 0.0000E+00 0.0000E+00 0.0000E+00 0.0000E+00 0.0000E+00 0.0000E+00 0.0000E+00 0.0000E+00 0.0000E+00 0.0000E+00 0.0000E+00 1.5457E-12 1.3339E-11 1.3501E-10 4.9247E-10 1.1523E-09 2.2629E-09 4.0540E-09 6.8007E-09 1.0814E-08 1.6267E-08 2.3146E-08 3.1067E-08 3.9333E-08 4.6980E-08 5.2942E-08 5.6353E-08 5.6686E-08 5.3918E-08 4.8522E-08 4.1334E-08 3.3342E-08 2.5478E-08 1.8452E-08 1.2667E-08 8.2379E-09 5.0685E-09 2.9403E-09 1.5653E-09 7.5159E-10 2.9457E-10 4.3214E-11 0.0000E+00 0.0000E+00 0.0000E+00 0.0000E+00 0.0000E+00 0.0000E+00 0.0000E+00 0.0000E+00 0.0000E+00 0.0000E+00 0.0000E+00 0.0000E+00 0.0000E+00 0.0000E+00
0.0000E+00 0.0000E+00 0.0000E+00 0.0000E+00 0.0000E+00 0.0000E+00 0.0000E+00 0.0000E+00 0.0000E+00 0.0000E+00 0.0000E+00 0.0000E+00 0.0000E+00 3.3125E-12 3.8348E-11 2.7075E-10 8.2184E-10 1.8353E-09 3.5321E-09 6.2184E-09 1.0252E-08 1.5880E-08 2.3093E-08 3.1525E-08 4.0418E-08 4.8674E-08 5.5111E-08 5.8750E-08 5.9035E-08 5.5969E-08 5.0125E-08 4.2454E-08 3.3982E-08 2.5721E-08 1.8418E-08 1.2481E-08 8.0042E-09 4.8303E-09 2.7573E-09 1.4548E-09 6.7514E-10 2.1734E-10 2.0360E-11 0.0000E+00 0.0000E+00 0.0000E+00 0.0000E+00 0.0000E+00 0.0000E+00 0.0000E+00 0.0000E+00 0.0000E+00 0.0000E+00 0.0000E+00 0.0000E+00 0.0000E+00 0.0000E+00
0.0000E+00 0.0000E+00 0.0000E+00 0.0000E+00 0.0000E+00 0.0000E+00 0.0000E+00 0.0000E+00 0.0000E+00 0.0000E+00 0.0000E+00 0.0000E+00 0.0000E+00 0.0000E+00 3.8854E-12 1.0840E-10 5.5105E-10 1.5018E-09 3.0930E-09 5.7585E-09 9.8481E-09 1.5711E-08 2.3344E-08 3.2362E-08 4.1896E-08 5.0724E-08 5.7541E-08 6.1283E-08 6.1418E-08 5.7974E-08 5.1594E-08 4.3331E-08 3.4354E-08 2.5741E-08 1.8209E-08 1.2165E-08 7.6785E-09 4.5716E-09 2.5644E-09 1.3343E-09 5.6168E-10 1.4758E-10 6.2988E-12 0.0000E+00 0.0000E+00 0.0000E+00 0.0000E+00 0.0000E+00 0.0000E+00 0.0000E+00 0.0000E+00 0.0000E+00 0.0000E+00 0.0000E+00 0.0000E+00 0.0000E+00 0.0000E+00
0.0000E+00 0.0000E+00 0.0000E+00 0.0000E+00 0.0000E+00 0.0000E+00 0.0000E+00 0.0000E+00 0.0000E+00 0.0000E+00 0.0000E+00 0.0000E+00 0.0000E+00 0.0000E+00 0.0000E+00 3.2126E-11 3.3965E-10 1.1994E-09 2.7835E-09 5.4330E-09 9.6661E-09 1.5829E-08 2.3968E-08 3.3625E-08 4.3816E-08 5.3168E-08 6.0277E-08 6.3996E-08 6.3757E-08 5.9738E-08 5.2727E-08 4.3901E-08 3.4449E-08 2.5494E-08 1.7800E-08 1.1728E-08 7.2923E-09 4.2591E-09 2.3307E-09 1.1416E-09 4.5052E-10 8.6234E-11 0.0000E+00 0.0000E+00 0.0000E+00 0.0000E+00 0.0000E+00 0.0000E+00 0.0000E+00 0.0000E+00 0.0000E+00 0.0000E+00 0.0000E+00 0.0000E+00 0.0000E+00 0.0000E+00 0.0000E+00
0.0000E+00 0.0000E+00 0.0000E+00 0.0000E+00 0.0000E+00 0.0000E+00 0.0000E+00 0.0000E+00 0.0000E+00 0.0000E+00 0.0000E+00 0.0000E+00 0.0000E+00 0.0000E+00 0.0000E+00 2.6653E-11 2.0053E-10 9.4032E-10 2.5020E-09 5.2492E-09 9.7079E-09 1.6282E-08 2.5022E-08 3.5407E-08 4.6284E-08 5.6104E-08 6.3325E-08 6.6786E-08 6.6026E-08 6.1321E-08 5.3580E-08 4.4070E-08 3.4159E-08 2.4958E-08 1.7165E-08 1.1125E-08 6.7914E-09 3.8901E-09 2.0696E-09 9.7730E-10 3.3019E-10 4.0355E-11 0.0000E+00 0.0000E+00 0.0000E+00 0.0000E+00 0.0000E+00 0.0000E+00 0.0000E+00 0.0000E+00 0.0000E+00 0.0000E+00 0.0000E+00 0.0000E+00 0.0000E+00 0.0000E+00 0.0000E+00
0.0000E+00 0.0000E+00 0.0000E+00 0.0000E+00 0.0000E+00 0.0000E+00 0.0000E+00 0.0000E+00 0.0000E+00 0.0000E+00 0.0000E+00 0.0000E+00 0.0000E+00 0.0000E+00 0.0000E+00 8.0680E-12 1.6043E-10 7.7363E-10 2.3652E-09 5.1979E-09 9.9695E-09 1.7136E-08 2.6688E-08 3.7926E-08 4.9492E-08 5.9630E-08 6.6770E-08 6.9730E-08 6.8161E-08 6.2527E-08 5.3930E-08 4.3816E-08 3.3497E-08 2.4101E-08 1.6306E-08 1.0390E-08 6.2241E-09 3.4547E-09 1.7702E-09 7.9771E-10 2.3792E-10 1.5756E-11 0.0000E+00 0.0000E+00 0.0000E+00 0.0000E+00 0.0000E+00 0.0000E+00 0.0000E+00 0.0000E+00 0.0000E+00 0.0000E+00 0.0000E+00 0.0000E+00 0.0000E+00 0.0000E+00 0.0000E+00
0.0000E+00 0.0000E+00 0.0000E+00 0.0000E+00 0.0000E+00 0.0000E+00 0.0000E+00 0.0000E+00 0.0000E+00 0.0000E+00 0.0000E+00 0.0000E+00 0.0000E+00 0.0000E+00 0.0000E+00 0.0000E+00 1.4645E-10 6.9889E-10 2.1934E-09 5.2973E-09 1.0548E-08 1.8508E-08 2.9065E-08 4.1264E-08 5.3533E-08 6.3893E-08 7.0629E-08 7.2738E-08 7.0073E-08 6.3393E-08 5.3891E-08 4.3065E-08 3.2378E-08 2.2910E-08 1.5214E-08 9.4981E-09 5.5285E-09 2.9831E-09 1.4890E-09 6.3739E-10 1.5305E-10 0.0000E+00 0.0000E+00 0.0000E+00 0.0000E+00 0.0000E+00 0.0000E+00 0.0000E+00 0.0000E+00 0.0000E+00 0.0000E+00 0.0000E+00 0.0000E+00 0.0000E+00 0.0000E+00 0.0000E+00 0.0000E+00
