Assets/Resources/2015_m01_d23_1900(utc+0800)_l00_csi_1hr_conc.grd
DSAA
         159         159
     -79.000      79.000
     -79.000      79.000
  0.0000E+00  0.1269E-04
[rows 75 to 99 of 159, columns 0 to 56 of 159]
0.0000E+00 0.0000E+00 0.0000E+00 0.0000E+00 0.0000E+00 0.0000E+00 0.0000E+00 0.0000E+00 0.0000E+00 0.0000E+00 0.0000E+00 0.0000E+00 0.0000E+00 2.0867E-12 5.8525E-12 8.8305E-12 1.2211E-11 1.5516E-11 1.9820E-11 2.5607E-11 3.2373E-11 3.9630E-11 4.5772E-11 4.9760E-11 5.4146E-11 5.8829E-11 6.3678E-11 6.8847E-11 7.4349E-11 7.9906E-11 8.5942E-11 9.2053E-11 9.8686E-11 1.0570E-10 1.1313E-10 1.2097E-10 1.2898E-10 1.3802E-10 1.4698E-10 1.5703E-10 1.6702E-10 1.7816E-10 1.8942E-10 2.0126E-10 2.1393E-10 2.2703E-10 2.4101E-10 2.5524E-10 2.7061E-10 2.8651E-10 3.0315E-10 3.2058E-10 3.3882E-10 3.5811E-10 3.7781E-10 3.9860E-10 4.2029E-10
0.0000E+00 0.0000E+00 0.0000E+00 0.0000E+00 0.0000E+00 0.0000E+00 0.0000E+00 0.0000E+00 0.0000E+00 0.0000E+00 0.0000E+00 0.0000E+00 0.0000E+00 1.0642E-12 5.3409E-12 8.3178E-12 1.2183E-11 1.5478E-11 1.9770E-11 2.4975E-11 3.2289E-11 3.9529E-11 4.5660E-11 4.9641E-11 5.4022E-11 5.8703E-11 6.3688E-11 6.8997E-11 7.4223E-11 7.9916E-11 8.5819E-11 9.1930E-11 9.8852E-11 1.0559E-10 1.1302E-10 1.2087E-10 1.2917E-10 1.3794E-10 1.4720E-10 1.5697E-10 1.6728E-10 1.7813E-10 1.8962E-10 2.0148E-10 2.1417E-10 2.2730E-10 2.4108E-10 2.5578E-10 2.7074E-10 2.8690E-10 3.0335E-10 3.2128E-10 3.3933E-10 3.5867E-10 3.7818E-10 3.9926E-10 4.2078E-10
0.0000E+00 0.0000E+00 0.0000E+00 0.0000E+00 0.0000E+00 0.0000E+00 0.0000E+00 0.0000E+00 0.0000E+00 0.0000E+00 0.0000E+00 0.0000E+00 0.0000E+00 1.0618E-12 5.3281E-12 7.7949E-12 1.2149E-11 1.5197E-11 1.9710E-11 2.4897E-11 3.2189E-11 3.9406E-11 4.5247E-11 4.9496E-11 5.3870E-11 5.8675E-11 6.3526E-11 6.8833E-11 7.4332E-11 7.9891E-11 8.5794E-11 9.2050E-11 9.8684E-11 1.0541E-10 1.1314E-10 1.2070E-10 1.2930E-10 1.3778E-10 1.4735E-10 1.5682E-10 1.6744E-10 1.7823E-10 1.8972E-10 2.0160E-10 2.1409E-10 2.2745E-10 2.4103E-10 2.5597E-10 2.7096E-10 2.8714E-10 3.0386E-10 3.2136E-10 3.3968E-10 3.5883E-10 3.7860E-10 3.9973E-10 4.2105E-10
0.0000E+00 0.0000E+00 0.0000E+00 0.0000E+00 0.0000E+00 0.0000E+00 0.0000E+00 0.0000E+00 0.0000E+00 0.0000E+00 0.0000E+00 0.0000E+00 0.0000E+00 1.0589E-12 5.3126E-12 7.7713E-12 1.1621E-11 1.5145E-11 1.9019E-11 2.4807E-11 3.1778E-11 3.9263E-11 4.5087E-11 4.9324E-11 5.3688E-11 5.8619E-11 6.3603E-11 6.8772E-11 7.4127E-11 7.9681E-11 8.5720E-11 9.1832E-11 9.8745E-11 1.0548E-10 1.1291E-10 1.2047E-10 1.2908E-10 1.3785E-10 1.4712E-10 1.5690E-10 1.6751E-10 1.7801E-10 1.8951E-10 2.0161E-10 2.1411E-10 2.2748E-10 2.4130E-10 2.5581E-10 2.7127E-10 2.8701E-10 3.0398E-10 3.2127E-10 3.4007E-10 3.5880E-10 3.7907E-10 3.9976E-10 4.2135E-10
0.0000E+00 0.0000E+00 0.0000E+00 0.0000E+00 0.0000E+00 0.0000E+00 0.0000E+00 0.0000E+00 0.0000E+00 0.0000E+00 0.0000E+00 0.0000E+00 0.0000E+00 1.0554E-12 4.3037E-12 7.7439E-12 1.0848E-11 1.5085E-11 1.8462E-11 2.4704E-11 3.0547E-11 3.9099E-11 4.4903E-11 4.9126E-11 5.3609E-11 5.8399E-11 6.3509E-11 6.8669E-11 7.4021E-11 7.9569E-11 8.5461E-11 9.1854E-11 9.8475E-11 1.0520E-10 1.1291E-10 1.2048E-10 1.2907E-10 1.3755E-10 1.4711E-10 1.5659E-10 1.6721E-10 1.7792E-10 1.8942E-10 2.0152E-10 2.1403E-10 2.2718E-10 2.4123E-10 2.5552E-10 2.7121E-10 2.8697E-10 3.0394E-10 3.2149E-10 3.3985E-10 3.5882E-10 3.7911E-10 3.9959E-10 4.2166E-10
0.0000E+00 0.0000E+00 0.0000E+00 0.0000E+00 0.0000E+00 0.0000E+00 0.0000E+00 0.0000E+00 0.0000E+00 0.0000E+00 0.0000E+00 0.0000E+00 0.0000E+00 1.0514E-12 4.2869E-12 7.7127E-12 1.0802E-11 1.4310E-11 1.8379E-11 2.3363E-11 3.0113E-11 3.7776E-11 4.4695E-11 4.8903E-11 5.3505E-11 5.8284E-11 6.3247E-11 6.8397E-11 7.3882E-11 7.9421E-11 8.5157E-11 9.1542E-11 9.8153E-11 1.0516E-10 1.1257E-10 1.2042E-10 1.2871E-10 1.3748E-10 1.4673E-10 1.5651E-10 1.6682E-10 1.7774E-10 1.8901E-10 2.0111E-10 2.1383E-10 2.2699E-10 2.4103E-10 2.5555E-10 2.7079E-10 2.8678E-10 3.0353E-10 3.2131E-10 3.3945E-10 3.5866E-10 3.7873E-10 3.9944E-10 4.2154E-10
0.0000E+00 0.0000E+00 0.0000E+00 0.0000E+00 0.0000E+00 0.0000E+00 0.0000E+00 0.0000E+00 0.0000E+00 0.0000E+00 0.0000E+00 0.0000E+00 0.0000E+00 1.0468E-12 4.2679E-12 7.6777E-12 1.0751E-11 1.4239E-11 1.8056E-11 2.3000E-11 2.9348E-11 3.7295E-11 4.4465E-11 4.8653E-11 5.3376E-11 5.8003E-11 6.3090E-11 6.8368E-11 7.3562E-11 7.9224E-11 8.4947E-11 9.1466E-11 9.7778E-11 1.0477E-10 1.1217E-10 1.2000E-10 1.2828E-10 1.3704E-10 1.4628E-10 1.5634E-10 1.6656E-10 1.7746E-10 1.8873E-10 2.0059E-10 2.1331E-10 2.2668E-10 2.4049E-10 2.5523E-10 2.7023E-10 2.8667E-10 3.0320E-10 3.2097E-10 3.3887E-10 3.5854E-10 3.7815E-10 3.9910E-10 4.2097E-10
0.0000E+00 0.0000E+00 0.0000E+00 0.0000E+00 0.0000E+00 0.0000E+00 0.0000E+00 0.0000E+00 0.0000E+00 0.0000E+00 0.0000E+00 0.0000E+00 0.0000E+00 1.0417E-12 4.2468E-12 7.6389E-12 1.0695E-11 1.4163E-11 1.7725E-11 2.2647E-11 2.9180E-11 3.7079E-11 4.3410E-11 4.8379E-11 5.3083E-11 5.7831E-11 6.2763E-11 6.8026E-11 7.3204E-11 7.8994E-11 8.4554E-11 9.1061E-11 9.7351E-11 1.0462E-10 1.1171E-10 1.1982E-10 1.2778E-10 1.3682E-10 1.4605E-10 1.5580E-10 1.6621E-10 1.7688E-10 1.8835E-10 2.0020E-10 2.1289E-10 2.2625E-10 2.4005E-10 2.5477E-10 2.6977E-10 2.8596E-10 3.0271E-10 3.2025E-10 3.3860E-10 3.5779E-10 3.7738E-10 3.9879E-10 4.2018E-10
0.0000E+00 0.0000E+00 0.0000E+00 0.0000E+00 0.0000E+00 0.0000E+00 0.0000E+00 0.0000E+00 0.0000E+00 0.0000E+00 0.0000E+00 0.0000E+00 0.0000E+00 1.0362E-12 4.2237E-12 7.0965E-12 1.0634E-11 1.3841E-11 1.6986E-11 2.2282E-11 2.8737E-11 3.6559E-11 4.3138E-11 4.8080E-11 5.2762E-11 5.7491E-11 6.2544E-11 6.7649E-11 7.3085E-11 7.8580E-11 8.4414E-11 9.0887E-11 9.7173E-11 1.0413E-10 1.1149E-10 1.1928E-10 1.2752E-10 1.3653E-10 1.4545E-10 1.5547E-10 1.6557E-10 1.7643E-10 1.8787E-10 1.9971E-10 2.1215E-10 2.2549E-10 2.3949E-10 2.5397E-10 2.6939E-10 2.8511E-10 3.0207E-10 3.1935E-10 3.3792E-10 3.5686E-10 3.7666E-10 3.9782E-10 4.1918E-10
0.0000E+00 0.0000E+00 0.0000E+00 0.0000E+00 0.0000E+00 0.0000E+00 0.0000E+00 0.0000E+00 0.0000E+00 0.0000E+00 0.0000E+00 0.0000E+00 0.0000E+00 0.0000E+00 3.6939E-12 7.0537E-12 9.0955E-12 1.3753E-11 1.6645E-11 2.1264E-11 2.7941E-11 3.6011E-11 4.2567E-11 4.7757E-11 5.2283E-11 5.7120E-11 6.2154E-11 6.7377E-11 7.2653E-11 7.8125E-11 8.3937E-11 9.0390E-11 9.6649E-11 1.0386E-10 1.1092E-10 1.1897E-10 1.2690E-10 1.3588E-10 1.4507E-10 1.5476E-10 1.6505E-10 1.7589E-10 1.8708E-10 1.9911E-10 2.1153E-10 2.2483E-10 2.3881E-10 2.5303E-10 2.6866E-10 2.8435E-10 3.0128E-10 3.1853E-10 3.3706E-10 3.5574E-10 3.7598E-10 3.9664E-10 4.1821E-10
0.0000E+00 0.0000E+00 0.0000E+00 0.0000E+00 0.0000E+00 0.0000E+00 0.0000E+00 0.0000E+00 0.0000E+00 0.0000E+00 0.0000E+00 0.0000E+00 0.0000E+00 0.0000E+00 2.6672E-12 6.5163E-12 9.0351E-12 1.2462E-11 1.6042E-11 2.1113E-11 2.6314E-11 3.5205E-11 4.2254E-11 4.7410E-11 5.1910E-11 5.6722E-11 6.1731E-11 6.6932E-11 7.2183E-11 7.7772E-11 8.3707E-11 8.9847E-11 9.6368E-11 1.0327E-10 1.1058E-10 1.1832E-10 1.2651E-10 1.3516E-10 1.4432E-10 1.5420E-10 1.6423E-10 1.7504E-10 1.8642E-10 1.9840E-10 2.1081E-10 2.2384E-10 2.3779E-10 2.5220E-10 2.6756E-10 2.8345E-10 3.0011E-10 3.1756E-10 3.3582E-10 3.5469E-10 3.7488E-10 3.9527E-10 4.1703E-10
0.0000E+00 0.0000E+00 0.0000E+00 0.0000E+00 0.0000E+00 0.0000E+00 0.0000E+00 0.0000E+00 0.0000E+00 0.0000E+00 0.0000E+00 0.0000E+00 0.0000E+00 0.0000E+00 2.6486E-12 6.4705E-12 8.9706E-12 1.2371E-11 1.5923E-11 2.0707E-11 2.6110E-11 3.2938E-11 4.1921E-11 4.7040E-11 5.1511E-11 5.6295E-11 6.1278E-11 6.6587E-11 7.1962E-11 7.7240E-11 8.3147E-11 8.9258E-11 9.5749E-11 1.0261E-10 1.0990E-10 1.1760E-10 1.2576E-10 1.3437E-10 1.4380E-10 1.5334E-10 1.6355E-10 1.7432E-10 1.8567E-10 1.9739E-10 2.0997E-10 2.2297E-10 2.3687E-10 2.5125E-10 2.6633E-10 2.8241E-10 2.9879E-10 3.1642E-10 3.3440E-10 3.5345E-10 3.7337E-10 3.9369E-10 4.1588E-10
0.0000E+00 0.0000E+00 0.0000E+00 0.0000E+00 0.0000E+00 0.0000E+00 0.0000E+00 0.0000E+00 0.0000E+00 0.0000E+00 0.0000E+00 0.0000E+00 0.0000E+00 0.0000E+00 2.6288E-12 5.9144E-12 8.9020E-12 1.2274E-11 1.5563E-11 2.0084E-11 2.5894E-11 3.2661E-11 4.0741E-11 4.6647E-11 5.0953E-11 5.5840E-11 6.0795E-11 6.6076E-11 7.1423E-11 7.6669E-11 8.2547E-11 8.8624E-11 9.5082E-11 1.0191E-10 1.0916E-10 1.1682E-10 1.2524E-10 1.3383E-10 1.4290E-10 1.5263E-10 1.6279E-10 1.7330E-10 1.8460E-10 1.9650E-10 2.0903E-10 2.2199E-10 2.3561E-10 2.5016E-10 2.6521E-10 2.8123E-10 2.9755E-10 3.1513E-10 3.3282E-10 3.5204E-10 3.7167E-10 3.9217E-10 4.1499E-10
0.0000E+00 0.0000E+00 0.0000E+00 0.0000E+00 0.0000E+00 0.0000E+00 0.0000E+00 0.0000E+00 0.0000E+00 0.0000E+00 0.0000E+00 0.0000E+00 0.0000E+00 0.0000E+00 2.0959E-12 5.8671E-12 7.8368E-12 1.1445E-11 1.5198E-11 1.8837E-11 2.5667E-11 3.1776E-11 3.9800E-11 4.5969E-11 5.0505E-11 5.5359E-11 6.0551E-11 6.5676E-11 7.0849E-11 7.6198E-11 8.2191E-11 8.7947E-11 9.4657E-11 1.0116E-10 1.0866E-10 1.1629E-10 1.2437E-10 1.3291E-10 1.4224E-10 1.5162E-10 1.6174E-10 1.7240E-10 1.8366E-10 1.9552E-10 2.0776E-10 2.2090E-10 2.3447E-10 2.4896E-10 2.6395E-10 2.7968E-10 2.9617E-10 3.1345E-10 3.3131E-10 3.5046E-10 3.6978E-10 3.9076E-10 4.1550E-10
0.0000E+00 0.0000E+00 0.0000E+00 0.0000E+00 0.0000E+00 0.0000E+00 0.0000E+00 0.0000E+00 0.0000E+00 0.0000E+00 0.0000E+00 0.0000E+00 0.0000E+00 0.0000E+00 1.0621E-12 5.3201E-12 7.7695E-12 1.0859E-11 1.4357E-11 1.8416E-11 2.3393E-11 3.0321E-11 3.8879E-11 4.5262E-11 4.9778E-11 5.4852E-11 6.0010E-11 6.5103E-11 7.0241E-11 7.5554E-11 8.1512E-11 8.7524E-11 9.3900E-11 1.0066E-10 1.0782E-10 1.1540E-10 1.2372E-10 1.3223E-10 1.4121E-10 1.5075E-10 1.6082E-10 1.7144E-10 1.8242E-10 1.9422E-10 2.0663E-10 2.1969E-10 2.3321E-10 2.4741E-10 2.6257E-10 2.7800E-10 2.9465E-10 3.1163E-10 3.2964E-10 3.4848E-10 3.6771E-10 3.8977E-10 4.1755E-10
0.0000E+00 0.0000E+00 0.0000E+00 0.0000E+00 0.0000E+00 0.0000E+00 0.0000E+00 0.0000E+00 0.0000E+00 0.0000E+00 0.0000E+00 0.0000E+00 0.0000E+00 0.0000E+00 1.0526E-12 4.2859E-12 7.6989E-12 1.0759E-11 1.4222E-11 1.8010E-11 2.2924E-11 2.9229E-11 3.7398E-11 4.4558E-11 4.9285E-11 5.4190E-11 5.9580E-11 6.4636E-11 6.9743E-11 7.5169E-11 8.0795E-11 8.6765E-11 9.3098E-11 9.9811E-11 1.0693E-10 1.1446E-10 1.2273E-10 1.3119E-10 1.4033E-10 1.4960E-10 1.5961E-10 1.7017E-10 1.8130E-10 1.9304E-10 2.0517E-10 2.1817E-10 2.3184E-10 2.4598E-10 2.6106E-10 2.7641E-10 2.9299E-10 3.0965E-10 3.2781E-10 3.4634E-10 3.6595E-10 3.9003E-10 4.1966E-10
0.0000E+00 0.0000E+00 0.0000E+00 0.0000E+00 0.0000E+00 0.0000E+00 0.0000E+00 0.0000E+00 0.0000E+00 0.0000E+00 0.0000E+00 0.0000E+00 0.0000E+00 0.0000E+00 1.0426E-12 4.2451E-12 7.1249E-12 1.0163E-11 1.3844E-11 1.6740E-11 2.1629E-11 2.8323E-11 3.6419E-11 4.3546E-11 4.8635E-11 5.3633E-11 5.8851E-11 6.4003E-11 6.9071E-11 7.4457E-11 8.0040E-11 8.5966E-11 9.2535E-11 9.8917E-11 1.0627E-10 1.1376E-10 1.2168E-10 1.3008E-10 1.3917E-10 1.4858E-10 1.5854E-10 1.6904E-10 1.8011E-10 1.9156E-10 2.0384E-10 2.1677E-10 2.3036E-10 2.4443E-10 2.5920E-10 2.7470E-10 2.9096E-10 3.0776E-10 3.2582E-10 3.4402E-10 3.6427E-10 3.9163E-10 4.2040E-10
0.0000E+00 0.0000E+00 0.0000E+00 0.0000E+00 0.0000E+00 0.0000E+00 0.0000E+00 0.0000E+00 0.0000E+00 0.0000E+00 0.0000E+00 0.0000E+00 0.0000E+00 0.0000E+00 0.0000E+00 3.6980E-12 6.5591E-12 9.0831E-12 1.2507E-11 1.6079E-11 2.1399E-11 2.7403E-11 3.5132E-11 4.2787E-11 4.7967E-11 5.3054E-11 5.8230E-11 6.3341E-11 6.8504E-11 7.3711E-11 7.9528E-11 8.5127E-11 9.1649E-11 9.8273E-11 1.0528E-10 1.1272E-10 1.2058E-10 1.2921E-10 1.3794E-10 1.4751E-10 1.5718E-10 1.6761E-10 1.7861E-10 1.9020E-10 2.0242E-10 2.1504E-10 2.2855E-10 2.4276E-10 2.5722E-10 2.7286E-10 2.8879E-10 3.0572E-10 3.2346E-10 3.4154E-10 3.6397E-10 3.9325E-10 4.1983E-10
0.0000E+00 0.0000E+00 0.0000E+00 0.0000E+00 0.0000E+00 0.0000E+00 0.0000E+00 0.0000E+00 0.0000E+00 0.0000E+00 0.0000E+00 0.0000E+00 0.0000E+00 0.0000E+00 0.0000E+00 2.6591E-12 6.4898E-12 8.9862E-12 1.2371E-11 1.5668E-11 2.0660E-11 2.6029E-11 3.3068E-11 4.1744E-11 4.7414E-11 5.2190E-11 5.7583E-11 6.2651E-11 6.7771E-11 7.2932E-11 7.8703E-11 8.4542E-11 9.0721E-11 9.7292E-11 1.0424E-10 1.1162E-10 1.1972E-10 1.2799E-10 1.3687E-10 1.4615E-10 1.5596E-10 1.6633E-10 1.7725E-10 1.8877E-10 2.0068E-10 2.1345E-10 2.2687E-10 2.4076E-10 2.5535E-10 2.7066E-10 2.8649E-10 3.0332E-10 3.2094E-10 3.3936E-10 3.6497E-10 3.9337E-10 4.1901E-10
0.0000E+00 0.0000E+00 0.0000E+00 0.0000E+00 0.0000E+00 0.0000E+00 0.0000E+00 0.0000E+00 0.0000E+00 0.0000E+00 0.0000E+00 0.0000E+00 0.0000E+00 0.0000E+00 0.0000E+00 2.6297E-12 5.9125E-12 7.8899E-12 1.1504E-11 1.5255E-11 1.9350E-11 2.4494E-11 3.1826E-11 4.0141E-11 4.6583E-11 5.1568E-11 5.6912E-11 6.1935E-11 6.7009E-11 7.2122E-11 7.7844E-11 8.3631E-11 8.9754E-11 9.6267E-11 1.0315E-10 1.1076E-10 1.1851E-10 1.2671E-10 1.3552E-10 1.4473E-10 1.5469E-10 1.6475E-10 1.7560E-10 1.8703E-10 1.9906E-10 2.1175E-10 2.2486E-10 2.3888E-10 2.5314E-10 2.6857E-10 2.8406E-10 3.0101E-10 3.1828E-10 3.3789E-10 3.6618E-10 3.9249E-10 4.2560E-10
0.0000E+00 0.0000E+00 0.0000E+00 0.0000E+00 0.0000E+00 0.0000E+00 0.0000E+00 0.0000E+00 0.0000E+00 0.0000E+00 0.0000E+00 0.0000E+00 0.0000E+00 0.0000E+00 0.0000E+00 2.0895E-12 5.3452E-12 7.7983E-12 1.0884E-11 1.4371E-11 1.8415E-11 2.3629E-11 3.0535E-11 3.9070E-11 4.5585E-11 5.0926E-11 5.6083E-11 6.1193E-11 6.6219E-11 7.1571E-11 7.6952E-11 8.2683E-11 8.8749E-11 9.5201E-11 1.0202E-10 1.0957E-10 1.1725E-10 1.2566E-10 1.3411E-10 1.4346E-10 1.5312E-10 1.6331E-10 1.7408E-10 1.8543E-10 1.9738E-10 2.0974E-10 2.2298E-10 2.3666E-10 2.5104E-10 2.6614E-10 2.8174E-10 2.9856E-10 3.1547E-10 3.3755E-10 3.6641E-10 3.9602E-10 4.4262E-10
0.0000E+00 0.0000E+00 0.0000E+00 0.0000E+00 0.0000E+00 0.0000E+00 0.0000E+00 0.0000E+00 0.0000E+00 0.0000E+00 0.0000E+00 0.0000E+00 0.0000E+00 0.0000E+00 0.0000E+00 1.0550E-12 4.2927E-12 7.7039E-12 1.0751E-11 1.3954E-11 1.7094E-11 2.2222E-11 2.8486E-11 3.7417E-11 4.4849E-11 4.9997E-11 5.5367E-11 6.0427E-11 6.5402E-11 7.0702E-11 7.6028E-11 8.1702E-11 8.7706E-11 9.4095E-11 1.0115E-10 1.0833E-10 1.1593E-10 1.2428E-10 1.3285E-10 1.4192E-10 1.5149E-10 1.6182E-10 1.7227E-10 1.8352E-10 1.9538E-10 2.0786E-10 2.2100E-10 2.3434E-10 2.4884E-10 2.6359E-10 2.7929E-10 2.9575E-10 3.1289E-10 3.3801E-10 3.6535E-10 4.0689E-10 4.5523E-10
0.0000E+00 0.0000E+00 0.0000E+00 0.0000E+00 0.0000E+00 0.0000E+00 0.0000E+00 0.0000E+00 0.0000E+00 0.0000E+00 0.0000E+00 0.0000E+00 0.0000E+00 0.0000E+00 0.0000E+00 1.0418E-12 4.2388E-12 7.1089E-12 9.1462E-12 1.3060E-11 1.6155E-11 2.1482E-11 2.7493E-11 3.5230E-11 4.2899E-11 4.9188E-11 5.4499E-11 5.9637E-11 6.4560E-11 6.9806E-11 7.5074E-11 8.0688E-11 8.6629E-11 9.2952E-11 9.9942E-11 1.0705E-10 1.1487E-10 1.2284E-10 1.3133E-10 1.4031E-10 1.5002E-10 1.6003E-10 1.7060E-10 1.8176E-10 1.9352E-10 2.0567E-10 2.1870E-10 2.3216E-10 2.4631E-10 2.6092E-10 2.7649E-10 2.9282E-10 3.1059E-10 3.3836E-10 3.7020E-10 4.1522E-10 4.5916E-10
0.0000E+00 0.0000E+00 0.0000E+00 0.0000E+00 0.0000E+00 0.0000E+00 0.0000E+00 0.0000E+00 0.0000E+00 0.0000E+00 0.0000E+00 0.0000E+00 0.0000E+00 0.0000E+00 0.0000E+00 0.0000E+00 2.6753E-12 6.5246E-12 9.0257E-12 1.2410E-11 1.5939E-11 2.0065E-11 2.6554E-11 3.3031E-11 4.1712E-11 4.7966E-11 5.3605E-11 5.8825E-11 6.3693E-11 6.8884E-11 7.4091E-11 7.9643E-11 8.5517E-11 9.2063E-11 9.8691E-11 1.0572E-10 1.1347E-10 1.2157E-10 1.2976E-10 1.3886E-10 1.4826E-10 1.5818E-10 1.6888E-10 1.7971E-10 1.9136E-10 2.0363E-10 2.1653E-10 2.2965E-10 2.4389E-10 2.5814E-10 2.7381E-10 2.8976E-10 3.0928E-10 3.3943E-10 3.7748E-10 4.1834E-10 4.6324E-10
0.0000E+00 0.0000E+00 0.0000E+00 0.0000E+00 0.0000E+00 0.0000E+00 0.0000E+00 0.0000E+00 0.0000E+00 0.0000E+00 0.0000E+00 0.0000E+00 0.0000E+00 0.0000E+00 0.0000E+00 0.0000E+00 2.6388E-12 5.9301E-12 7.9068E-12 1.1514E-11 1.4777E-11 1.9099E-11 2.4450E-11 3.1135E-11 3.9978E-11 4.7127E-11 5.2701E-11 5.7993E-11 6.2804E-11 6.7936E-11 7.3081E-11 7.8568E-11 8.4374E-11 9.0849E-11 9.7402E-11 1.0435E-10 1.1202E-10 1.2004E-10 1.2813E-10 1.3715E-10 1.4645E-10 1.5649E-10 1.6687E-10 1.7758E-10 1.8935E-10 2.0127E-10 2.1406E-10 2.2728E-10 2.4116E-10 2.5550E-10 2.7102E-10 2.8659E-10 3.0851E-10 3.4166E-10 3.7878E-10 4.2035E-10 4.6841E-10
