Assets/Resources/2015_m01_d10_1000(utc+0800)_l00_csi_1hr_conc.grd
DSAA
         159         159
     -79.000      79.000
     -79.000      79.000
  0.1284E-08  0.1690E-04
[rows 50 to 74 of 159, columns 57 to 113 of 159]
1.9291E-08 1.9898E-08 2.0530E-08 2.1172E-08 2.1828E-08 2.2502E-08 2.3192E-08 2.3897E-08 2.4613E-08 2.5343E-08 2.6067E-08 2.6795E-08 2.7518E-08 2.8226E-08 2.8927E-08 2.9607E-08 3.0269E-08 3.0917E-08 3.1534E-08 3.2127E-08 3.2690E-08 3.3229E-08 3.3720E-08 3.4182E-08 3.4606E-08 3.5008E-08 3.5387E-08 3.5750E-08 3.6090E-08 3.6365E-08 3.6568E-08 3.6695E-08 3.6775E-08 3.6805E-08 3.6799E-08 3.6745E-08 3.6634E-08 3.6475E-08 3.6271E-08 3.6023E-08 3.5734E-08 3.5404E-08 3.5035E-08 3.4632E-08 3.4208E-08 3.3738E-08 3.3239E-08 3.2728E-08 3.2178E-08 3.1609E-08 3.1021E-08 3.0416E-08 2.9798E-08 2.9155E-08 2.8503E-08 2.7864E-08 2.7223E-08
1.9556E-08 2.0176E-08 2.0815E-08 2.1460E-08 2.2132E-08 2.2813E-08 2.3515E-08 2.4228E-08 2.4959E-08 2.5689E-08 2.6422E-08 2.7152E-08 2.7870E-08 2.8579E-08 2.9279E-08 2.9961E-08 3.0631E-08 3.1274E-08 3.1896E-08 3.2498E-08 3.3065E-08 3.3594E-08 3.4100E-08 3.4593E-08 3.5074E-08 3.5537E-08 3.5971E-08 3.6341E-08 3.6644E-08 3.6879E-08 3.7067E-08 3.7207E-08 3.7311E-08 3.7367E-08 3.7363E-08 3.7311E-08 3.7209E-08 3.7061E-08 3.6866E-08 3.6642E-08 3.6374E-08 3.6050E-08 3.5803E-08 3.5404E-08 3.5078E-08 3.4612E-08 3.4113E-08 3.3687E-08 3.3133E-08 3.2554E-08 3.1952E-08 3.1227E-08 3.0363E-08 2.9720E-08 2.9072E-08 2.8418E-08 2.7760E-08
1.9804E-08 2.0430E-08 2.1071E-08 2.1730E-08 2.2407E-08 2.3104E-08 2.3819E-08 2.4544E-08 2.5274E-08 2.6003E-08 2.6736E-08 2.7459E-08 2.8183E-08 2.8895E-08 2.9592E-08 3.0280E-08 3.0945E-08 3.1591E-08 3.2222E-08 3.2821E-08 3.3385E-08 3.3950E-08 3.4518E-08 3.5062E-08 3.5575E-08 3.6052E-08 3.6457E-08 3.6795E-08 3.7090E-08 3.7339E-08 3.7554E-08 3.7723E-08 3.7832E-08 3.7892E-08 3.7903E-08 3.7864E-08 3.7792E-08 3.7787E-08 3.7612E-08 3.7503E-08 3.7346E-08 3.7142E-08 3.6803E-08 3.6421E-08 3.5999E-08 3.5540E-08 3.5045E-08 3.4517E-08 3.3958E-08 3.3369E-08 3.2755E-08 3.2120E-08 3.1466E-08 3.0801E-08 3.0123E-08 2.9437E-08 2.8747E-08
2.0031E-08 2.0665E-08 2.1310E-08 2.1981E-08 2.2670E-08 2.3378E-08 2.4091E-08 2.4822E-08 2.5548E-08 2.6281E-08 2.7012E-08 2.7734E-08 2.8455E-08 2.9161E-08 2.9864E-08 3.0552E-08 3.1219E-08 3.1874E-08 3.2500E-08 3.3112E-08 3.3733E-08 3.4361E-08 3.4948E-08 3.5506E-08 3.6009E-08 3.6452E-08 3.6847E-08 3.7201E-08 3.7523E-08 3.7802E-08 3.8025E-08 3.8200E-08 3.8326E-08 3.8419E-08 3.8578E-08 3.8676E-08 3.8725E-08 3.8630E-08 3.8587E-08 3.8401E-08 3.8167E-08 3.7885E-08 3.7557E-08 3.7183E-08 3.6768E-08 3.6312E-08 3.5818E-08 3.5286E-08 3.4719E-08 3.4120E-08 3.3496E-08 3.2848E-08 3.2182E-08 3.1500E-08 3.0804E-08 3.0101E-08 2.9391E-08
2.0242E-08 2.0883E-08 2.1538E-08 2.2217E-08 2.2916E-08 2.3624E-08 2.4342E-08 2.5069E-08 2.5792E-08 2.6527E-08 2.7251E-08 2.7975E-08 2.8689E-08 2.9402E-08 3.0103E-08 3.0786E-08 3.1460E-08 3.2116E-08 3.2770E-08 3.3447E-08 3.4101E-08 3.4728E-08 3.5319E-08 3.5865E-08 3.6350E-08 3.6800E-08 3.7210E-08 3.7606E-08 3.7937E-08 3.8225E-08 3.8467E-08 3.8677E-08 3.8961E-08 3.9186E-08 3.9364E-08 3.9496E-08 3.9484E-08 3.9421E-08 3.9308E-08 3.9142E-08 3.8925E-08 3.8660E-08 3.8344E-08 3.7982E-08 3.7575E-08 3.7124E-08 3.6629E-08 3.6093E-08 3.5519E-08 3.4912E-08 3.4278E-08 3.3618E-08 3.2937E-08 3.2238E-08 3.1525E-08 3.0801E-08 3.0069E-08
2.0437E-08 2.1080E-08 2.1750E-08 2.2433E-08 2.3134E-08 2.3837E-08 2.4560E-08 2.5277E-08 2.6007E-08 2.6728E-08 2.7453E-08 2.8175E-08 2.8888E-08 2.9598E-08 3.0291E-08 3.0981E-08 3.1675E-08 3.2366E-08 3.3075E-08 3.3761E-08 3.4419E-08 3.5042E-08 3.5622E-08 3.6155E-08 3.6655E-08 3.7133E-08 3.7576E-08 3.7969E-08 3.8321E-08 3.8645E-08 3.9048E-08 3.9398E-08 3.9705E-08 3.9969E-08 4.0091E-08 4.0161E-08 4.0179E-08 4.0145E-08 4.0057E-08 3.9915E-08 3.9854E-08 3.9613E-08 3.9449E-08 3.9229E-08 3.8844E-08 3.8520E-08 3.8036E-08 3.7505E-08 3.6930E-08 3.6317E-08 3.5668E-08 3.4987E-08 3.4280E-08 3.3548E-08 3.2797E-08 3.1544E-08 3.0787E-08
2.0617E-08 2.1265E-08 2.1946E-08 2.2625E-08 2.3325E-08 2.4032E-08 2.4744E-08 2.5457E-08 2.6182E-08 2.6899E-08 2.7621E-08 2.8340E-08 2.9055E-08 2.9756E-08 3.0457E-08 3.1176E-08 3.1898E-08 3.2620E-08 3.3340E-08 3.4022E-08 3.4682E-08 3.5292E-08 3.5869E-08 3.6417E-08 3.6947E-08 3.7446E-08 3.7899E-08 3.8313E-08 3.8839E-08 3.9305E-08 3.9735E-08 4.0128E-08 4.0382E-08 4.0589E-08 4.0746E-08 4.0852E-08 4.0904E-08 4.1042E-08 4.1125E-08 4.1152E-08 4.1121E-08 4.0928E-08 4.0678E-08 4.0370E-08 4.0003E-08 3.9579E-08 3.9101E-08 3.8570E-08 3.7994E-08 3.7374E-08 3.6712E-08 3.6018E-08 3.5290E-08 3.4535E-08 3.3756E-08 3.2957E-08 3.2143E-08
2.0786E-08 2.1442E-08 2.2110E-08 2.2796E-08 2.3485E-08 2.4191E-08 2.4893E-08 2.5610E-08 2.6320E-08 2.7038E-08 2.7754E-08 2.8470E-08 2.9181E-08 2.9888E-08 3.0620E-08 3.1367E-08 3.2110E-08 3.2850E-08 3.3553E-08 3.4238E-08 3.4883E-08 3.5498E-08 3.6090E-08 3.6680E-08 3.7220E-08 3.7728E-08 3.8333E-08 3.8915E-08 3.9456E-08 3.9967E-08 4.0349E-08 4.0689E-08 4.0984E-08 4.1232E-08 4.1567E-08 4.1855E-08 4.2093E-08 4.2277E-08 4.2300E-08 4.2263E-08 4.2165E-08 4.2007E-08 4.1785E-08 4.1497E-08 4.1147E-08 4.0736E-08 4.0265E-08 3.9741E-08 3.9162E-08 3.8533E-08 3.7862E-08 3.7149E-08 3.6399E-08 3.5617E-08 3.4807E-08 3.3974E-08 3.3148E-08
2.0932E-08 2.1589E-08 2.2251E-08 2.2937E-08 2.3620E-08 2.4320E-08 2.5015E-08 2.5727E-08 2.6432E-08 2.7148E-08 2.7856E-08 2.8566E-08 2.9286E-08 3.0029E-08 3.0782E-08 3.1539E-08 3.2299E-08 3.3020E-08 3.3725E-08 3.4400E-08 3.5049E-08 3.5691E-08 3.6313E-08 3.6900E-08 3.7461E-08 3.8144E-08 3.8882E-08 3.9498E-08 3.9996E-08 4.0460E-08 4.0886E-08 4.1270E-08 4.1751E-08 4.2200E-08 4.2624E-08 4.3011E-08 4.3238E-08 4.3404E-08 4.3505E-08 4.3533E-08 4.3491E-08 4.3373E-08 4.3179E-08 4.2911E-08 4.2571E-08 4.2160E-08 4.1682E-08 4.1142E-08 4.0538E-08 3.9886E-08 3.9179E-08 3.8423E-08 3.7634E-08 3.6809E-08 3.5968E-08 3.5125E-08 3.4279E-08
2.1056E-08 2.1714E-08 2.2371E-08 2.3047E-08 2.3727E-08 2.4414E-08 2.5114E-08 2.5809E-08 2.6518E-08 2.7218E-08 2.7925E-08 2.8644E-08 2.9392E-08 3.0155E-08 3.0910E-08 3.1684E-08 3.2428E-08 3.3141E-08 3.3850E-08 3.4528E-08 3.5203E-08 3.5863E-08 3.6493E-08 3.7116E-08 3.7951E-08 3.8653E-08 3.9341E-08 3.9914E-08 4.0457E-08 4.0967E-08 4.1587E-08 4.2220E-08 4.2829E-08 4.3411E-08 4.3847E-08 4.4213E-08 4.4507E-08 4.4735E-08 4.4896E-08 4.4981E-08 4.4986E-08 4.4910E-08 4.4753E-08 4.4516E-08 4.4200E-08 4.3805E-08 4.3333E-08 4.2784E-08 4.2158E-08 4.1464E-08 4.0707E-08 3.9910E-08 3.9066E-08 3.8205E-08 3.7323E-08 3.6441E-08 3.5571E-08
2.1165E-08 2.1812E-08 2.2471E-08 2.3130E-08 2.3807E-08 2.4488E-08 2.5180E-08 2.5867E-08 2.6569E-08 2.7263E-08 2.7984E-08 2.8722E-08 2.9486E-08 3.0251E-08 3.1030E-08 3.1786E-08 3.2513E-08 3.3241E-08 3.3942E-08 3.4644E-08 3.5337E-08 3.6004E-08 3.6782E-08 3.7561E-08 3.8323E-08 3.9079E-08 3.9721E-08 4.0340E-08 4.1096E-08 4.1872E-08 4.2652E-08 4.3438E-08 4.4044E-08 4.4602E-08 4.5106E-08 4.5536E-08 4.5896E-08 4.6183E-08 4.6399E-08 4.6537E-08 4.6591E-08 4.6562E-08 4.6449E-08 4.6251E-08 4.5968E-08 4.5595E-08 4.5133E-08 4.4587E-08 4.3956E-08 4.3253E-08 4.2487E-08 4.1643E-08 4.0755E-08 3.9837E-08 3.8907E-08 3.8008E-08 3.7115E-08
2.1249E-08 2.1885E-08 2.2540E-08 2.3192E-08 2.3862E-08 2.4535E-08 2.5214E-08 2.5898E-08 2.6587E-08 2.7298E-08 2.8027E-08 2.8796E-08 2.9559E-08 3.0331E-08 3.1101E-08 3.1840E-08 3.2571E-08 3.3299E-08 3.4023E-08 3.4742E-08 3.5441E-08 3.6257E-08 3.7082E-08 3.7993E-08 3.8713E-08 3.9420E-08 4.0150E-08 4.1040E-08 4.2102E-08 4.3023E-08 4.3798E-08 4.4530E-08 4.5187E-08 4.5797E-08 4.6358E-08 4.6863E-08 4.7305E-08 4.7676E-08 4.7968E-08 4.8176E-08 4.8295E-08 4.8325E-08 4.8264E-08 4.8108E-08 4.7856E-08 4.7512E-08 4.7073E-08 4.6542E-08 4.5923E-08 4.5220E-08 4.4418E-08 4.3566E-08 4.2671E-08 4.1738E-08 4.0803E-08 3.9863E-08 3.8915E-08
2.1312E-08 2.1935E-08 2.2583E-08 2.3231E-08 2.3887E-08 2.4557E-08 2.5221E-08 2.5909E-08 2.6592E-08 2.7323E-08 2.8070E-08 2.8841E-08 2.9598E-08 3.0380E-08 3.1119E-08 3.1867E-08 3.2608E-08 3.3336E-08 3.4086E-08 3.4810E-08 3.5658E-08 3.6520E-08 3.7478E-08 3.8250E-08 3.9038E-08 3.9880E-08 4.1062E-08 4.2105E-08 4.3129E-08 4.3981E-08 4.4800E-08 4.5591E-08 4.6347E-08 4.7063E-08 4.7728E-08 4.8336E-08 4.8878E-08 4.9341E-08 4.9719E-08 5.0226E-08 5.0425E-08 5.0524E-08 5.0518E-08 5.0192E-08 4.9979E-08 4.9659E-08 4.9232E-08 4.8703E-08 4.8072E-08 4.7346E-08 4.6563E-08 4.5715E-08 4.4814E-08 4.3883E-08 4.2955E-08 4.1982E-08 4.0975E-08
2.1352E-08 2.1969E-08 2.2603E-08 2.3246E-08 2.3889E-08 2.4554E-08 2.5216E-08 2.5885E-08 2.6598E-08 2.7337E-08 2.8099E-08 2.8850E-08 2.9625E-08 3.0377E-08 3.1118E-08 3.1875E-08 3.2614E-08 3.3378E-08 3.4121E-08 3.4992E-08 3.5884E-08 3.6879E-08 3.7694E-08 3.8584E-08 3.9688E-08 4.0835E-08 4.1961E-08 4.3031E-08 4.3986E-08 4.4932E-08 4.5861E-08 4.6766E-08 4.7641E-08 4.8691E-08 4.9691E-08 5.0448E-08 5.1319E-08 5.2099E-08 5.2622E-08 5.3041E-08 5.3349E-08 5.3536E-08 5.3598E-08 5.3534E-08 5.3340E-08 5.3015E-08 5.2561E-08 5.1983E-08 5.1072E-08 4.9764E-08 4.8962E-08 4.8099E-08 4.7208E-08 4.6296E-08 4.5527E-08 4.4480E-08 4.3433E-08
2.1370E-08 2.1981E-08 2.2601E-08 2.3240E-08 2.3878E-08 2.4523E-08 2.5181E-08 2.5866E-08 2.6603E-08 2.7332E-08 2.8086E-08 2.8849E-08 2.9613E-08 3.0352E-08 3.1109E-08 3.1853E-08 3.2614E-08 3.3382E-08 3.4155E-08 3.5180E-08 3.6203E-08 3.7074E-08 3.8068E-08 3.9295E-08 4.0466E-08 4.1734E-08 4.2791E-08 4.3856E-08 4.4924E-08 4.5989E-08 4.7256E-08 4.8517E-08 4.9757E-08 5.0963E-08 5.1964E-08 5.2895E-08 5.3744E-08 5.4503E-08 5.5158E-08 5.5699E-08 5.6112E-08 5.6390E-08 5.6527E-08 5.6518E-08 5.6361E-08 5.6053E-08 5.5599E-08 5.5011E-08 5.4305E-08 5.3500E-08 5.2651E-08 5.1758E-08 5.0838E-08 4.9687E-08 4.8827E-08 4.7741E-08 4.6583E-08
2.1367E-08 2.1977E-08 2.2579E-08 2.3208E-08 2.3841E-08 2.4470E-08 2.5147E-08 2.5852E-08 2.6565E-08 2.7312E-08 2.8060E-08 2.8824E-08 2.9556E-08 3.0308E-08 3.1062E-08 3.1827E-08 3.2600E-08 3.3370E-08 3.4419E-08 3.5460E-08 3.6350E-08 3.7479E-08 3.8777E-08 3.9991E-08 4.1319E-08 4.2419E-08 4.3586E-08 4.4769E-08 4.6184E-08 4.7623E-08 4.9076E-08 5.0528E-08 5.1801E-08 5.3033E-08 5.4207E-08 5.5311E-08 5.6331E-08 5.7253E-08 5.8059E-08 5.8736E-08 5.9271E-08 5.9651E-08 5.9870E-08 5.9921E-08 5.9801E-08 5.9511E-08 5.9064E-08 5.8466E-08 5.7748E-08 5.6973E-08 5.6135E-08 5.5228E-08 5.4244E-08 5.3189E-08 5.2045E-08 5.0808E-08 4.9493E-08
2.1347E-08 2.1947E-08 2.2548E-08 2.3157E-08 2.3784E-08 2.4414E-08 2.5096E-08 2.5805E-08 2.6527E-08 2.7272E-08 2.8015E-08 2.8756E-08 2.9491E-08 3.0249E-08 3.1000E-08 3.1785E-08 3.2560E-08 3.3609E-08 3.4564E-08 3.5558E-08 3.6794E-08 3.7997E-08 3.9388E-08 4.0787E-08 4.1984E-08 4.3241E-08 4.4710E-08 4.6237E-08 4.7843E-08 4.9486E-08 5.0985E-08 5.2481E-08 5.3953E-08 5.5386E-08 5.6764E-08 5.8070E-08 5.9286E-08 6.0392E-08 6.1370E-08 6.2203E-08 6.2874E-08 6.3367E-08 6.3676E-08 6.3792E-08 6.3713E-08 6.3450E-08 6.3001E-08 6.2407E-08 6.1741E-08 6.0978E-08 6.0108E-08 5.9134E-08 5.8059E-08 5.6859E-08 5.5540E-08 5.4121E-08 5.2623E-08
2.1308E-08 2.1898E-08 2.2493E-08 2.3086E-08 2.3703E-08 2.4356E-08 2.5037E-08 2.5750E-08 2.6462E-08 2.7202E-08 2.7941E-08 2.8662E-08 2.9411E-08 3.0165E-08 3.0934E-08 3.1720E-08 3.2643E-08 3.3716E-08 3.4718E-08 3.6019E-08 3.7255E-08 3.8651E-08 4.0101E-08 4.1405E-08 4.2762E-08 4.4378E-08 4.6219E-08 4.7997E-08 4.9557E-08 5.1257E-08 5.2976E-08 5.4694E-08 5.6395E-08 5.8062E-08 5.9675E-08 6.1213E-08 6.2651E-08 6.3967E-08 6.5141E-08 6.6149E-08 6.6970E-08 6.7591E-08 6.7998E-08 6.8184E-08 6.8156E-08 6.7903E-08 6.7489E-08 6.6966E-08 6.6302E-08 6.5501E-08 6.4549E-08 6.3465E-08 6.2214E-08 6.0812E-08 5.9284E-08 5.7654E-08 5.5945E-08
2.1253E-08 2.1833E-08 2.2421E-08 2.3003E-08 2.3626E-08 2.4296E-08 2.4962E-08 2.5664E-08 2.6390E-08 2.7116E-08 2.7840E-08 2.8565E-08 2.9317E-08 3.0065E-08 3.0856E-08 3.1657E-08 3.2830E-08 3.3831E-08 3.5014E-08 3.6412E-08 3.7822E-08 3.9200E-08 4.0665E-08 4.2294E-08 4.4030E-08 4.5872E-08 4.7817E-08 4.9431E-08 5.1323E-08 5.3259E-08 5.5223E-08 5.7197E-08 5.9163E-08 6.1099E-08 6.2980E-08 6.4780E-08 6.6470E-08 6.8025E-08 6.9418E-08 7.0622E-08 7.1613E-08 7.2374E-08 7.2889E-08 7.3152E-08 7.3152E-08 7.2986E-08 7.2642E-08 7.2117E-08 7.1407E-08 7.0505E-08 6.9424E-08 6.8129E-08 6.6647E-08 6.5008E-08 6.3241E-08 6.1371E-08 5.9426E-08
2.1182E-08 2.1751E-08 2.2328E-08 2.2909E-08 2.3540E-08 2.4204E-08 2.4883E-08 2.5576E-08 2.6298E-08 2.7003E-08 2.7717E-08 2.8454E-08 2.9199E-08 2.9978E-08 3.0756E-08 3.1821E-08 3.2906E-08 3.3852E-08 3.5498E-08 3.6796E-08 3.8313E-08 3.9812E-08 4.1500E-08 4.3319E-08 4.5435E-08 4.7229E-08 4.9223E-08 5.1308E-08 5.3309E-08 5.5511E-08 5.7755E-08 6.0023E-08 6.2291E-08 6.4533E-08 6.6717E-08 6.8813E-08 7.0788E-08 7.2610E-08 7.4248E-08 7.5671E-08 7.6852E-08 7.7766E-08 7.8388E-08 7.8717E-08 7.8849E-08 7.8748E-08 7.8406E-08 7.7815E-08 7.6997E-08 7.5934E-08 7.4610E-08 7.3057E-08 7.1310E-08 6.9402E-08 6.7366E-08 6.5232E-08 6.3030E-08
2.1097E-08 2.1654E-08 2.2219E-08 2.2819E-08 2.3442E-08 2.4100E-08 2.4780E-08 2.5472E-08 2.6181E-08 2.6883E-08 2.7591E-08 2.8330E-08 2.9082E-08 2.9858E-08 3.0777E-08 3.1862E-08 3.2892E-08 3.4529E-08 3.5695E-08 3.7340E-08 3.8857E-08 4.0583E-08 4.2460E-08 4.4665E-08 4.6559E-08 4.8684E-08 5.0929E-08 5.3107E-08 5.5532E-08 5.8035E-08 6.0600E-08 6.3201E-08 6.5810E-08 6.8394E-08 7.0920E-08 7.3348E-08 7.5642E-08 7.7763E-08 7.9674E-08 8.1342E-08 8.2726E-08 8.3787E-08 8.4531E-08 8.5018E-08 8.5229E-08 8.5122E-08 8.4698E-08 8.3993E-08 8.2972E-08 8.1640E-08 8.0031E-08 7.8185E-08 7.6141E-08 7.3937E-08 7.1609E-08 6.9190E-08 6.6712E-08
2.0997E-08 2.1543E-08 2.2105E-08 2.2719E-08 2.3335E-08 2.3983E-08 2.4660E-08 2.5356E-08 2.6034E-08 2.6736E-08 2.7454E-08 2.8185E-08 2.8954E-08 2.9726E-08 3.0801E-08 3.1907E-08 3.3426E-08 3.4677E-08 3.6188E-08 3.7813E-08 3.9553E-08 4.1464E-08 4.3728E-08 4.5698E-08 4.7928E-08 5.0144E-08 5.2640E-08 5.5266E-08 5.8009E-08 6.0854E-08 6.3779E-08 6.6753E-08 6.9743E-08 7.2712E-08 7.5618E-08 7.8417E-08 8.1066E-08 8.3519E-08 8.5735E-08 8.7659E-08 8.9238E-08 9.0484E-08 9.1408E-08 9.1989E-08 9.2183E-08 9.1989E-08 9.1435E-08 9.0492E-08 8.9179E-08 8.7538E-08 8.5612E-08 8.3444E-08 8.1078E-08 7.8555E-08 7.5916E-08 7.3197E-08 7.0429E-08
2.0885E-08 2.1420E-08 2.1993E-08 2.2600E-08 2.3223E-08 2.3852E-08 2.4526E-08 2.5223E-08 2.5884E-08 2.6577E-08 2.7306E-08 2.8030E-08 2.8805E-08 2.9720E-08 3.0907E-08 3.1923E-08 3.3616E-08 3.4976E-08 3.6588E-08 3.8426E-08 4.0344E-08 4.2636E-08 4.4656E-08 4.6962E-08 4.9275E-08 5.1904E-08 5.4700E-08 5.7656E-08 6.0756E-08 6.3984E-08 6.7307E-08 7.0695E-08 7.4110E-08 7.7850E-08 8.1224E-08 8.4820E-08 8.8231E-08 9.1399E-08 9.4003E-08 9.6227E-08 9.8078E-08 9.9513E-08 1.0048E-07 1.0098E-07 1.0098E-07 9.9836E-08 9.8414E-08 9.7161E-08 9.5861E-08 9.3889E-08 9.1620E-08 8.9390E-08 8.6674E-08 8.3801E-08 8.0817E-08 7.7994E-08 7.4894E-08
2.0762E-08 2.1290E-08 2.1872E-08 2.2471E-08 2.3091E-08 2.3719E-08 2.4383E-08 2.5057E-08 2.5733E-08 2.6417E-08 2.7137E-08 2.7889E-08 2.8647E-08 2.9714E-08 3.0824E-08 3.2518E-08 3.3723E-08 3.5303E-08 3.7025E-08 3.9119E-08 4.1404E-08 4.3448E-08 4.5798E-08 4.8176E-08 5.0903E-08 5.3833E-08 5.6964E-08 6.0285E-08 6.3782E-08 6.7428E-08 7.1192E-08 7.5427E-08 7.9730E-08 8.4041E-08 8.8295E-08 9.2161E-08 9.5818E-08 9.9159E-08 1.0211E-07 1.0468E-07 1.0676E-07 1.0828E-07 1.0922E-07 1.0957E-07 1.0936E-07 1.0859E-07 1.0736E-07 1.0572E-07 1.0370E-07 1.0135E-07 9.8731E-08 9.5846E-08 9.2751E-08 8.9499E-08 8.6139E-08 8.2715E-08 7.9265E-08
2.0627E-08 2.1163E-08 2.1738E-08 2.2332E-08 2.2945E-08 2.3580E-08 2.4233E-08 2.4882E-08 2.5555E-08 2.6248E-08 2.6960E-08 2.7716E-08 2.8612E-08 2.9790E-08 3.1307E-08 3.2572E-08 3.3974E-08 3.5764E-08 3.7805E-08 3.9983E-08 4.2096E-08 4.4455E-08 4.6864E-08 4.9650E-08 5.2672E-08 5.5934E-08 5.9432E-08 6.3155E-08 6.7083E-08 7.1577E-08 7.6279E-08 8.1394E-08 8.6089E-08 9.0782E-08 9.5398E-08 9.9850E-08 1.0402E-07 1.0782E-07 1.1120E-07 1.1404E-07 1.1623E-07 1.1773E-07 1.1854E-07 1.1866E-07 1.1816E-07 1.1711E-07 1.1557E-07 1.1358E-07 1.1119E-07 1.0847E-07 1.0542E-07 1.0210E-07 9.8569E-08 9.4896E-08 9.1130E-08 8.7317E-08 8.3498E-08
