Assets/Resources/2015_m01_d20_0400(utc+0800)_l00_csi_1hr_conc.grd
DSAA
         159         159
     -79.000      79.000
     -79.000      79.000
  0.0000E+00  0.9441E-05
[rows 50 to 74 of 159, columns 0 to 56 of 159]
3.3917E-10 3.7387E-10 4.1135E-10 4.5304E-10 4.9719E-10 5.4258E-10 5.9129E-10 6.4394E-10 6.9911E-10 7.5791E-10 8.2019E-10 8.8778E-10 9.5900E-10 1.0352E-09 1.1140E-09 1.1978E-09 1.2857E-09 1.3797E-09 1.4772E-09 1.5810E-09 1.6921E-09 1.8109E-09 1.9386E-09 2.0721E-09 2.2103E-09 2.3516E-09 2.4939E-09 2.6385E-09 2.7831E-09 2.9288E-09 3.0745E-09 3.2182E-09 3.3638E-09 3.5058E-09 3.6452E-09 3.7840E-09 3.9165E-09 4.0476E-09 4.1752E-09 4.2982E-09 4.4186E-09 4.5342E-09 4.6468E-09 4.7552E-09 4.8592E-09 4.9612E-09 5.0577E-09 5.1504E-09 5.2438E-09 5.3279E-09 5.4106E-09 5.4946E-09 5.5696E-09 5.6487E-09 5.7260E-09 5.7948E-09 5.8733E-09
3.2450E-10 3.5822E-10 3.9401E-10 4.3324E-10 4.7667E-10 5.2071E-10 5.6761E-10 6.1839E-10 6.7191E-10 7.2858E-10 7.8901E-10 8.5324E-10 9.2198E-10 9.9603E-10 1.0722E-09 1.1533E-09 1.2380E-09 1.3290E-09 1.4233E-09 1.5236E-09 1.6311E-09 1.7461E-09 1.8701E-09 2.0002E-09 2.1357E-09 2.2743E-09 2.4144E-09 2.5575E-09 2.6995E-09 2.8435E-09 2.9879E-09 3.1313E-09 3.2753E-09 3.4170E-09 3.5573E-09 3.6951E-09 3.8280E-09 3.9607E-09 4.0880E-09 4.2119E-09 4.3345E-09 4.4503E-09 4.5645E-09 4.6746E-09 4.7805E-09 4.8864E-09 4.9831E-09 5.0802E-09 5.1741E-09 5.2606E-09 5.3459E-09 5.4328E-09 5.5105E-09 5.5927E-09 5.6731E-09 5.7489E-09 5.8271E-09
3.0882E-10 3.4218E-10 3.7626E-10 4.1359E-10 4.5604E-10 4.9898E-10 5.4410E-10 5.9297E-10 6.4484E-10 6.9919E-10 7.5739E-10 8.1948E-10 8.8589E-10 9.5712E-10 1.0306E-09 1.1092E-09 1.1913E-09 1.2785E-09 1.3695E-09 1.4662E-09 1.5699E-09 1.6811E-09 1.8018E-09 1.9279E-09 2.0612E-09 2.1963E-09 2.3347E-09 2.4747E-09 2.6146E-09 2.7577E-09 2.8998E-09 3.0419E-09 3.1857E-09 3.3258E-09 3.4660E-09 3.6037E-09 3.7378E-09 3.8699E-09 3.9978E-09 4.1236E-09 4.2462E-09 4.3631E-09 4.4797E-09 4.5904E-09 4.7000E-09 4.8060E-09 4.9047E-09 5.0040E-09 5.1002E-09 5.1891E-09 5.2793E-09 5.3666E-09 5.4471E-09 5.5323E-09 5.6158E-09 5.6946E-09 5.7795E-09
2.9286E-10 3.2653E-10 3.5956E-10 3.9510E-10 4.3498E-10 4.7712E-10 5.2080E-10 5.6776E-10 6.1741E-10 6.7023E-10 7.2619E-10 7.8593E-10 8.4923E-10 9.1786E-10 9.8894E-10 1.0649E-09 1.1440E-09 1.2281E-09 1.3159E-09 1.4091E-09 1.5089E-09 1.6168E-09 1.7330E-09 1.8563E-09 1.9855E-09 2.1178E-09 2.2536E-09 2.3912E-09 2.5289E-09 2.6699E-09 2.8103E-09 2.9519E-09 3.0936E-09 3.2327E-09 3.3736E-09 3.5101E-09 3.6442E-09 3.7775E-09 3.9048E-09 4.0313E-09 4.1547E-09 4.2739E-09 4.3906E-09 4.5028E-09 4.6141E-09 4.7219E-09 4.8225E-09 4.9259E-09 5.0224E-09 5.1136E-09 5.2062E-09 5.2962E-09 5.3792E-09 5.4707E-09 5.5538E-09 5.6393E-09 5.7239E-09
2.7784E-10 3.0981E-10 3.4307E-10 3.7633E-10 4.1335E-10 4.5526E-10 4.9774E-10 5.4280E-10 5.9048E-10 6.4154E-10 6.9508E-10 7.5248E-10 8.1332E-10 8.7891E-10 9.4845E-10 1.0210E-09 1.0971E-09 1.1781E-09 1.2626E-09 1.3531E-09 1.4481E-09 1.5522E-09 1.6644E-09 1.7839E-09 1.9099E-09 2.0391E-09 2.1719E-09 2.3071E-09 2.4432E-09 2.5813E-09 2.7197E-09 2.8597E-09 3.0000E-09 3.1390E-09 3.2783E-09 3.4144E-09 3.5493E-09 3.6817E-09 3.8093E-09 3.9373E-09 4.0604E-09 4.1804E-09 4.2994E-09 4.4118E-09 4.5246E-09 4.6342E-09 4.7387E-09 4.8421E-09 4.9406E-09 5.0339E-09 5.1290E-09 5.2215E-09 5.3071E-09 5.4013E-09 5.4873E-09 5.5757E-09 5.6634E-09
2.6361E-10 2.9306E-10 3.2554E-10 3.5833E-10 3.9289E-10 4.3274E-10 4.7412E-10 5.1763E-10 5.6388E-10 6.1263E-10 6.6454E-10 7.1939E-10 7.7800E-10 8.4016E-10 9.0718E-10 9.7724E-10 1.0506E-09 1.1292E-09 1.2098E-09 1.2967E-09 1.3880E-09 1.4880E-09 1.5961E-09 1.7119E-09 1.8352E-09 1.9603E-09 2.0902E-09 2.2227E-09 2.3561E-09 2.4928E-09 2.6283E-09 2.7665E-09 2.9052E-09 3.0428E-09 3.1812E-09 3.3168E-09 3.4514E-09 3.5837E-09 3.7124E-09 3.8397E-09 3.9633E-09 4.0841E-09 4.2041E-09 4.3176E-09 4.4337E-09 4.5430E-09 4.6492E-09 4.7545E-09 4.8549E-09 4.9504E-09 5.0498E-09 5.1425E-09 5.2342E-09 5.3275E-09 5.4162E-09 5.5075E-09 5.5981E-09
2.4998E-10 2.7732E-10 3.0837E-10 3.4033E-10 3.7370E-10 4.1014E-10 4.5084E-10 4.9339E-10 5.3768E-10 5.8436E-10 6.3443E-10 6.8676E-10 7.4294E-10 8.0233E-10 8.6643E-10 9.3424E-10 1.0047E-09 1.0802E-09 1.1581E-09 1.2411E-09 1.3287E-09 1.4245E-09 1.5285E-09 1.6403E-09 1.7600E-09 1.8817E-09 2.0094E-09 2.1381E-09 2.2688E-09 2.4031E-09 2.5362E-09 2.6734E-09 2.8094E-09 2.9455E-09 3.0836E-09 3.2177E-09 3.3517E-09 3.4837E-09 3.6124E-09 3.7398E-09 3.8638E-09 3.9862E-09 4.1059E-09 4.2224E-09 4.3378E-09 4.4485E-09 4.5562E-09 4.6651E-09 4.7656E-09 4.8630E-09 4.9645E-09 5.0595E-09 5.1535E-09 5.2493E-09 5.3405E-09 5.4345E-09 5.5279E-09
2.3747E-10 2.6191E-10 2.9027E-10 3.2238E-10 3.5487E-10 3.8878E-10 4.2736E-10 4.6875E-10 5.1080E-10 5.5656E-10 6.0425E-10 6.5487E-10 7.0842E-10 7.6548E-10 8.2607E-10 8.9127E-10 9.5913E-10 1.0316E-09 1.1066E-09 1.1862E-09 1.2699E-09 1.3618E-09 1.4617E-09 1.5701E-09 1.6853E-09 1.8044E-09 1.9281E-09 2.0536E-09 2.1824E-09 2.3132E-09 2.4438E-09 2.5789E-09 2.7128E-09 2.8484E-09 2.9837E-09 3.1169E-09 3.2515E-09 3.3820E-09 3.5104E-09 3.6388E-09 3.7619E-09 3.8848E-09 4.0052E-09 4.1225E-09 4.2390E-09 4.3509E-09 4.4600E-09 4.5705E-09 4.6726E-09 4.7741E-09 4.8753E-09 4.9724E-09 5.0686E-09 5.1667E-09 5.2603E-09 5.3568E-09 5.4528E-09
2.2504E-10 2.4852E-10 2.7336E-10 3.0322E-10 3.3647E-10 3.6879E-10 4.0381E-10 4.4423E-10 4.8557E-10 5.2875E-10 5.7426E-10 6.2356E-10 6.7451E-10 7.2907E-10 7.8681E-10 8.4901E-10 9.1436E-10 9.8398E-10 1.0558E-09 1.1319E-09 1.2121E-09 1.3000E-09 1.3957E-09 1.4999E-09 1.6113E-09 1.7269E-09 1.8472E-09 1.9695E-09 2.0953E-09 2.2232E-09 2.3524E-09 2.4839E-09 2.6158E-09 2.7495E-09 2.8833E-09 3.0162E-09 3.1490E-09 3.2788E-09 3.4068E-09 3.5350E-09 3.6581E-09 3.7812E-09 3.9020E-09 4.0200E-09 4.1373E-09 4.2503E-09 4.3626E-09 4.4725E-09 4.5762E-09 4.6793E-09 4.7824E-09 4.8813E-09 4.9795E-09 5.0799E-09 5.1757E-09 5.2745E-09 5.3729E-09
2.1210E-10 2.3526E-10 2.5910E-10 2.8536E-10 3.1536E-10 3.4958E-10 3.8263E-10 4.1996E-10 4.5997E-10 5.0151E-10 5.4487E-10 5.9231E-10 6.4091E-10 6.9337E-10 7.4872E-10 8.0712E-10 8.7020E-10 9.3701E-10 1.0057E-09 1.0788E-09 1.1553E-09 1.2390E-09 1.3308E-09 1.4308E-09 1.5383E-09 1.6502E-09 1.7669E-09 1.8861E-09 2.0087E-09 2.1336E-09 2.2600E-09 2.3890E-09 2.5186E-09 2.6501E-09 2.7823E-09 2.9134E-09 3.0452E-09 3.1744E-09 3.3028E-09 3.4295E-09 3.5524E-09 3.6755E-09 3.7966E-09 3.9150E-09 4.0349E-09 4.1469E-09 4.2603E-09 4.3714E-09 4.4764E-09 4.5810E-09 4.6858E-09 4.7865E-09 4.8865E-09 4.9888E-09 5.0867E-09 5.1877E-09 5.2883E-09
2.0000E-10 2.2200E-10 2.4536E-10 2.6953E-10 2.9568E-10 3.2842E-10 3.6133E-10 3.9569E-10 4.3468E-10 4.7516E-10 5.1677E-10 5.6145E-10 6.0842E-10 6.5845E-10 7.1043E-10 7.6696E-10 8.2657E-10 8.9032E-10 9.5680E-10 1.0267E-09 1.0995E-09 1.1794E-09 1.2670E-09 1.3627E-09 1.4661E-09 1.5743E-09 1.6876E-09 1.8034E-09 1.9227E-09 2.0445E-09 2.1679E-09 2.2943E-09 2.4213E-09 2.5507E-09 2.6809E-09 2.8103E-09 2.9406E-09 3.0689E-09 3.1965E-09 3.3226E-09 3.4451E-09 3.5691E-09 3.6892E-09 3.8079E-09 3.9283E-09 4.0410E-09 4.1553E-09 4.2674E-09 4.3735E-09 4.4795E-09 4.5856E-09 4.6879E-09 4.7897E-09 4.8937E-09 4.9935E-09 5.0964E-09 5.1990E-09
1.8842E-10 2.0917E-10 2.3148E-10 2.5478E-10 2.7909E-10 3.0708E-10 3.4069E-10 3.7305E-10 4.0919E-10 4.4886E-10 4.8938E-10 5.3129E-10 5.7659E-10 6.2380E-10 6.7405E-10 7.2692E-10 7.8370E-10 8.4493E-10 9.0874E-10 9.7547E-10 1.0451E-09 1.1210E-09 1.2044E-09 1.2960E-09 1.3953E-09 1.4997E-09 1.6093E-09 1.7215E-09 1.8376E-09 1.9562E-09 2.0765E-09 2.2001E-09 2.3244E-09 2.4513E-09 2.5793E-09 2.7069E-09 2.8353E-09 2.9626E-09 3.0894E-09 3.2147E-09 3.3365E-09 3.4602E-09 3.5801E-09 3.6989E-09 3.8195E-09 3.9328E-09 4.0477E-09 4.1606E-09 4.2677E-09 4.3748E-09 4.4822E-09 4.5859E-09 4.6891E-09 4.7947E-09 4.8961E-09 5.0007E-09 5.1051E-09
1.7655E-10 1.9650E-10 2.1788E-10 2.4024E-10 2.6284E-10 2.8821E-10 3.1800E-10 3.5095E-10 3.8475E-10 4.2213E-10 4.6150E-10 5.0255E-10 5.4501E-10 5.9081E-10 6.3817E-10 6.8889E-10 7.4273E-10 8.0024E-10 8.6110E-10 9.2543E-10 9.9193E-10 1.0639E-09 1.1434E-09 1.2307E-09 1.3258E-09 1.4263E-09 1.5321E-09 1.6408E-09 1.7535E-09 1.8687E-09 1.9859E-09 2.1064E-09 2.2279E-09 2.3522E-09 2.4779E-09 2.6035E-09 2.7301E-09 2.8558E-09 2.9815E-09 3.1058E-09 3.2269E-09 3.3499E-09 3.4695E-09 3.5881E-09 3.7089E-09 3.8224E-09 3.9378E-09 4.0513E-09 4.1592E-09 4.2671E-09 4.3756E-09 4.4805E-09 4.5850E-09 4.6919E-09 4.7948E-09 4.9009E-09 5.0068E-09
1.6478E-10 1.8393E-10 2.0484E-10 2.2588E-10 2.4806E-10 2.7124E-10 2.9650E-10 3.2791E-10 3.6161E-10 3.9624E-10 4.3353E-10 4.7373E-10 5.1490E-10 5.5784E-10 6.0371E-10 6.5146E-10 7.0263E-10 7.5713E-10 8.1463E-10 8.7666E-10 9.3998E-10 1.0084E-09 1.0839E-09 1.1668E-09 1.2580E-09 1.3545E-09 1.4563E-09 1.5614E-09 1.6705E-09 1.7824E-09 1.8963E-09 2.0136E-09 2.1321E-09 2.2537E-09 2.3769E-09 2.5001E-09 2.6249E-09 2.7485E-09 2.8731E-09 2.9964E-09 3.1164E-09 3.2387E-09 3.3577E-09 3.4760E-09 3.5966E-09 3.7102E-09 3.8258E-09 3.9397E-09 4.0482E-09 4.1546E-09 4.2661E-09 4.3719E-09 4.4740E-09 4.5855E-09 4.6897E-09 4.7970E-09 4.9042E-09
1.5291E-10 1.7181E-10 1.9176E-10 2.1195E-10 2.3294E-10 2.5552E-10 2.7925E-10 3.0543E-10 3.3802E-10 3.7143E-10 4.0704E-10 4.4519E-10 4.8456E-10 5.2582E-10 5.6971E-10 6.1555E-10 6.6390E-10 7.1545E-10 7.6986E-10 8.2834E-10 8.8939E-10 9.5441E-10 1.0259E-09 1.1040E-09 1.1917E-09 1.2842E-09 1.3822E-09 1.4836E-09 1.5889E-09 1.6973E-09 1.8079E-09 1.9219E-09 2.0374E-09 2.1561E-09 2.2764E-09 2.3973E-09 2.5198E-09 2.6417E-09 2.7642E-09 2.8866E-09 3.0054E-09 3.1267E-09 3.2449E-09 3.3627E-09 3.4830E-09 3.5964E-09 3.7100E-09 3.8261E-09 3.9350E-09 4.0419E-09 4.1519E-09 4.2605E-09 4.3635E-09 4.4725E-09 4.5810E-09 4.6858E-09 4.7975E-09
1.4182E-10 1.6100E-10 1.7878E-10 1.9870E-10 2.1887E-10 2.3979E-10 2.6205E-10 2.8666E-10 3.1318E-10 3.4716E-10 3.8090E-10 4.1758E-10 4.5574E-10 4.9487E-10 5.3580E-10 5.8055E-10 6.2565E-10 6.7434E-10 7.2603E-10 7.8195E-10 8.4030E-10 9.0186E-10 9.6956E-10 1.0436E-09 1.1270E-09 1.2157E-09 1.3098E-09 1.4073E-09 1.5090E-09 1.6139E-09 1.7209E-09 1.8316E-09 1.9439E-09 2.0594E-09 2.1770E-09 2.2951E-09 2.4154E-09 2.5350E-09 2.6558E-09 2.7763E-09 2.8942E-09 3.0132E-09 3.1315E-09 3.2485E-09 3.3664E-09 3.4812E-09 3.5947E-09 3.7089E-09 3.8198E-09 3.9270E-09 4.0373E-09 4.1465E-09 4.2501E-09 4.3598E-09 4.4689E-09 4.5746E-09 4.6838E-09
1.3103E-10 1.4866E-10 1.6684E-10 1.8582E-10 2.0509E-10 2.2488E-10 2.4617E-10 2.6865E-10 2.9374E-10 3.2176E-10 3.5539E-10 3.8948E-10 4.2667E-10 4.6522E-10 5.0421E-10 5.4544E-10 5.8936E-10 6.3566E-10 6.8419E-10 7.3621E-10 7.9253E-10 8.5111E-10 9.1491E-10 9.8508E-10 1.0635E-09 1.1489E-09 1.2391E-09 1.3329E-09 1.4309E-09 1.5319E-09 1.6355E-09 1.7428E-09 1.8516E-09 1.9640E-09 2.0785E-09 2.1940E-09 2.3116E-09 2.4291E-09 2.5478E-09 2.6664E-09 2.7827E-09 2.9006E-09 3.0176E-09 3.1337E-09 3.2508E-09 3.3650E-09 3.4781E-09 3.5920E-09 3.7028E-09 3.8102E-09 3.9206E-09 4.0300E-09 4.1341E-09 4.2442E-09 4.3538E-09 4.4601E-09 4.5698E-09
1.2105E-10 1.3717E-10 1.5405E-10 1.7256E-10 1.9143E-10 2.1051E-10 2.3003E-10 2.5220E-10 2.7485E-10 2.9955E-10 3.2841E-10 3.6360E-10 3.9757E-10 4.3454E-10 4.7377E-10 5.1269E-10 5.5398E-10 5.9790E-10 6.4420E-10 6.9301E-10 7.4536E-10 8.0113E-10 8.6146E-10 9.2851E-10 1.0027E-09 1.0832E-09 1.1703E-09 1.2602E-09 1.3545E-09 1.4520E-09 1.5518E-09 1.6555E-09 1.7611E-09 1.8700E-09 1.9815E-09 2.0939E-09 2.2090E-09 2.3239E-09 2.4393E-09 2.5570E-09 2.6715E-09 2.7880E-09 2.9036E-09 3.0185E-09 3.1346E-09 3.2480E-09 3.3605E-09 3.4739E-09 3.5844E-09 3.6916E-09 3.8020E-09 3.9115E-09 4.0158E-09 4.1226E-09 4.2359E-09 4.3389E-09 4.4525E-09
1.1200E-10 1.2537E-10 1.4181E-10 1.6068E-10 1.7859E-10 1.9624E-10 2.1556E-10 2.3545E-10 2.5770E-10 2.8048E-10 3.0544E-10 3.3646E-10 3.7016E-10 4.0560E-10 4.4241E-10 4.8000E-10 5.1953E-10 5.6171E-10 6.0522E-10 6.5061E-10 6.9974E-10 7.5263E-10 8.1039E-10 8.7367E-10 9.4397E-10 1.0204E-09 1.1028E-09 1.1896E-09 1.2801E-09 1.3739E-09 1.4701E-09 1.5701E-09 1.6721E-09 1.7778E-09 1.8858E-09 1.9942E-09 2.1074E-09 2.2198E-09 2.3328E-09 2.4472E-09 2.5606E-09 2.6755E-09 2.7898E-09 2.9032E-09 3.0181E-09 3.1306E-09 3.2401E-09 3.3548E-09 3.4648E-09 3.5718E-09 3.6797E-09 3.7891E-09 3.8955E-09 4.0023E-09 4.1123E-09 4.2187E-09 4.3289E-09
1.0250E-10 1.1476E-10 1.3033E-10 1.4840E-10 1.6585E-10 1.8341E-10 2.0084E-10 2.1967E-10 2.4027E-10 2.6212E-10 2.8564E-10 3.1082E-10 3.4130E-10 3.7664E-10 4.1218E-10 4.4854E-10 4.8643E-10 5.2551E-10 5.6726E-10 6.1071E-10 6.5667E-10 7.0576E-10 7.6080E-10 8.2000E-10 8.8717E-10 9.5965E-10 1.0383E-09 1.1212E-09 1.2070E-09 1.2978E-09 1.3893E-09 1.4868E-09 1.5851E-09 1.6863E-09 1.7920E-09 1.8971E-09 2.0064E-09 2.1170E-09 2.2275E-09 2.3395E-09 2.4508E-09 2.5634E-09 2.6763E-09 2.7863E-09 2.9016E-09 3.0129E-09 3.1214E-09 3.2333E-09 3.3444E-09 3.4508E-09 3.5582E-09 3.6672E-09 3.7734E-09 3.8800E-09 3.9897E-09 4.0960E-09 4.2060E-09
9.1760E-11 1.0613E-10 1.1830E-10 1.3552E-10 1.5285E-10 1.7011E-10 1.8681E-10 2.0497E-10 2.2387E-10 2.4463E-10 2.6659E-10 2.8964E-10 3.1550E-10 3.4598E-10 3.8152E-10 4.1772E-10 4.5405E-10 4.9141E-10 5.3112E-10 5.7165E-10 6.1569E-10 6.6098E-10 7.1168E-10 7.6895E-10 8.3168E-10 9.0106E-10 9.7583E-10 1.0548E-09 1.1369E-09 1.2232E-09 1.3117E-09 1.4045E-09 1.5003E-09 1.5977E-09 1.6991E-09 1.8019E-09 1.9080E-09 2.0157E-09 2.1235E-09 2.2331E-09 2.3420E-09 2.4513E-09 2.5631E-09 2.6718E-09 2.7836E-09 2.8952E-09 3.0026E-09 3.1133E-09 3.2234E-09 3.3291E-09 3.4336E-09 3.5441E-09 3.6498E-09 3.7526E-09 3.8619E-09 3.9711E-09 4.0772E-09
8.1503E-11 9.3970E-11 1.0831E-10 1.2267E-10 1.4040E-10 1.5761E-10 1.7356E-10 1.9040E-10 2.0810E-10 2.2769E-10 2.4791E-10 2.7053E-10 2.9362E-10 3.1893E-10 3.5102E-10 3.8675E-10 4.2150E-10 4.5833E-10 4.9542E-10 5.3492E-10 5.7547E-10 6.1875E-10 6.6583E-10 7.1917E-10 7.7908E-10 8.4464E-10 9.1487E-10 9.9080E-10 1.0691E-09 1.1516E-09 1.2364E-09 1.3255E-09 1.4175E-09 1.5115E-09 1.6092E-09 1.7087E-09 1.8114E-09 1.9161E-09 2.0201E-09 2.1280E-09 2.2345E-09 2.3414E-09 2.4498E-09 2.5578E-09 2.6680E-09 2.7780E-09 2.8840E-09 2.9913E-09 3.1022E-09 3.2069E-09 3.3106E-09 3.4181E-09 3.5251E-09 3.6274E-09 3.7360E-09 3.8445E-09 3.9464E-09
7.2271E-11 8.4499E-11 9.6647E-11 1.1126E-10 1.2721E-10 1.4574E-10 1.6117E-10 1.7680E-10 1.9306E-10 2.1137E-10 2.3045E-10 2.5131E-10 2.7331E-10 2.9700E-10 3.2229E-10 3.5404E-10 3.9065E-10 4.2558E-10 4.6254E-10 4.9850E-10 5.3785E-10 5.7831E-10 6.2222E-10 6.7128E-10 7.2733E-10 7.9038E-10 8.5698E-10 9.2840E-10 1.0030E-09 1.0824E-09 1.1635E-09 1.2489E-09 1.3372E-09 1.4275E-09 1.5216E-09 1.6176E-09 1.7160E-09 1.8184E-09 1.9195E-09 2.0235E-09 2.1285E-09 2.2329E-09 2.3391E-09 2.4446E-09 2.5533E-09 2.6614E-09 2.7658E-09 2.8716E-09 2.9792E-09 3.0845E-09 3.1872E-09 3.2914E-09 3.3996E-09 3.5012E-09 3.6055E-09 3.7133E-09 3.8177E-09
6.2404E-11 7.3743E-11 8.6062E-11 9.9110E-11 1.1502E-10 1.3252E-10 1.4883E-10 1.6333E-10 1.7960E-10 1.9583E-10 2.1421E-10 2.3329E-10 2.5341E-10 2.7617E-10 2.9916E-10 3.2497E-10 3.5722E-10 3.9342E-10 4.2773E-10 4.6484E-10 5.0050E-10 5.3919E-10 5.8000E-10 6.2564E-10 6.7781E-10 7.3747E-10 8.0131E-10 8.6912E-10 9.3998E-10 1.0149E-09 1.0930E-09 1.1737E-09 1.2592E-09 1.3449E-09 1.4355E-09 1.5287E-09 1.6238E-09 1.7219E-09 1.8209E-09 1.9221E-09 2.0242E-09 2.1250E-09 2.2297E-09 2.3329E-09 2.4374E-09 2.5440E-09 2.6483E-09 2.7504E-09 2.8584E-09 2.9623E-09 3.0638E-09 3.1668E-09 3.2717E-09 3.3743E-09 3.4741E-09 3.5842E-09 3.6877E-09
4.9272E-11 6.4488E-11 7.5457E-11 8.6989E-11 1.0006E-10 1.1885E-10 1.3615E-10 1.5114E-10 1.6569E-10 1.8143E-10 1.9826E-10 2.1599E-10 2.3564E-10 2.5571E-10 2.7835E-10 3.0133E-10 3.2621E-10 3.5870E-10 3.9550E-10 4.3031E-10 4.6557E-10 5.0219E-10 5.4043E-10 5.8317E-10 6.3056E-10 6.8667E-10 7.4702E-10 8.1146E-10 8.7946E-10 9.5062E-10 1.0251E-09 1.1021E-09 1.1830E-09 1.2659E-09 1.3528E-09 1.4424E-09 1.5339E-09 1.6288E-09 1.7245E-09 1.8216E-09 1.9218E-09 2.0200E-09 2.1211E-09 2.2228E-09 2.3247E-09 2.4293E-09 2.5318E-09 2.6321E-09 2.7364E-09 2.8405E-09 2.9406E-09 3.0400E-09 3.1437E-09 3.2471E-09 3.3458E-09 3.4513E-09 3.5568E-09
