Assets/Resources/2015_m01_d19_1500(utc+0800)_l00_csi_1hr_conc.grd
DSAA
         159         159
     -79.000      79.000
     -79.000      79.000
  0.0000E+00  0.5416E-05
[rows 75 to 99 of 159, columns 0 to 56 of 159]
1.3046E-10 1.5407E-10 2.0456E-10 2.4797E-10 2.9773E-10 3.4126E-10 3.8613E-10 4.3808E-10 4.9759E-10 5.6162E-10 6.3168E-10 7.0795E-10 8.0586E-10 9.0421E-10 1.0220E-09 1.1717E-09 1.3194E-09 1.4730E-09 1.6569E-09 1.8492E-09 2.0669E-09 2.3192E-09 2.5850E-09 2.8895E-09 3.2174E-09 3.5740E-09 3.9758E-09 4.3982E-09 4.8666E-09 5.3558E-09 5.8945E-09 6.4603E-09 7.0598E-09 7.6983E-09 8.3634E-09 9.0602E-09 9.7649E-09 1.0516E-08 1.1260E-08 1.2030E-08 1.2803E-08 1.3583E-08 1.4366E-08 1.5132E-08 1.5890E-08 1.6634E-08 1.7358E-08 1.8064E-08 1.8732E-08 1.9413E-08 2.0019E-08 2.0603E-08 2.1202E-08 2.1747E-08 2.2312E-08 2.2852E-08 2.3420E-08
9.3092E-11 1.1481E-10 1.3102E-10 1.5916E-10 1.9330E-10 2.2854E-10 2.6760E-10 3.2382E-10 3.7825E-10 4.3282E-10 4.8779E-10 5.5772E-10 6.4112E-10 7.2798E-10 8.3478E-10 9.4367E-10 1.0767E-09 1.2112E-09 1.4001E-09 1.5885E-09 1.7793E-09 2.0015E-09 2.2399E-09 2.5094E-09 2.8036E-09 3.1248E-09 3.4853E-09 3.8718E-09 4.2978E-09 4.7466E-09 5.2465E-09 5.7714E-09 6.3259E-09 6.9230E-09 7.5550E-09 8.2176E-09 8.9012E-09 9.6272E-09 1.0355E-08 1.1126E-08 1.1903E-08 1.2686E-08 1.3493E-08 1.4302E-08 1.5104E-08 1.5913E-08 1.6717E-08 1.7509E-08 1.8286E-08 1.9093E-08 1.9846E-08 2.0579E-08 2.1345E-08 2.2062E-08 2.2832E-08 2.3573E-08 2.4370E-08
7.1469E-11 8.5912E-11 1.0286E-10 1.2165E-10 1.4656E-10 1.7964E-10 2.0795E-10 2.4574E-10 2.8316E-10 3.2961E-10 3.7567E-10 4.3101E-10 4.9903E-10 5.6813E-10 6.5805E-10 7.5649E-10 8.7418E-10 9.9233E-10 1.1319E-09 1.2861E-09 1.4535E-09 1.6492E-09 1.8884E-09 2.1408E-09 2.4033E-09 2.6864E-09 3.0097E-09 3.3624E-09 3.7481E-09 4.1522E-09 4.6077E-09 5.0916E-09 5.6129E-09 6.1666E-09 6.7553E-09 7.3815E-09 8.0325E-09 8.7316E-09 9.4400E-09 1.0189E-08 1.0955E-08 1.1741E-08 1.2556E-08 1.3374E-08 1.4208E-08 1.5067E-08 1.5930E-08 1.6803E-08 1.7666E-08 1.8572E-08 1.9439E-08 2.0304E-08 2.1212E-08 2.2089E-08 2.3030E-08 2.3953E-08 2.4945E-08
4.7407E-11 5.9484E-11 6.8761E-11 8.6300E-11 1.0708E-10 1.2976E-10 1.5840E-10 1.8899E-10 2.1966E-10 2.6601E-10 3.0629E-10 3.4806E-10 4.0581E-10 4.6595E-10 5.4149E-10 6.2070E-10 7.2372E-10 8.2752E-10 9.5535E-10 1.0828E-09 1.2236E-09 1.3936E-09 1.5713E-09 1.7837E-09 2.0079E-09 2.2564E-09 2.5616E-09 2.8808E-09 3.2266E-09 3.5939E-09 4.0043E-09 4.4463E-09 4.9216E-09 5.4380E-09 5.9879E-09 6.5701E-09 7.1796E-09 7.8404E-09 8.5171E-09 9.2348E-09 9.9808E-09 1.0749E-08 1.1563E-08 1.2385E-08 1.3238E-08 1.4117E-08 1.5015E-08 1.5937E-08 1.6854E-08 1.7841E-08 1.8793E-08 1.9765E-08 2.0786E-08 2.1791E-08 2.2868E-08 2.3939E-08 2.5092E-08
3.2486E-11 3.8307E-11 5.4003E-11 6.4745E-11 8.1042E-11 9.6585E-11 1.1030E-10 1.4146E-10 1.7218E-10 2.0562E-10 2.4429E-10 2.7827E-10 3.2609E-10 3.7765E-10 4.4420E-10 5.0614E-10 5.8814E-10 6.7791E-10 7.8457E-10 9.0393E-10 1.0336E-09 1.1828E-09 1.3369E-09 1.5164E-09 1.7119E-09 1.9312E-09 2.1807E-09 2.4508E-09 2.7577E-09 3.0819E-09 3.4539E-09 3.8483E-09 4.2763E-09 4.7452E-09 5.2469E-09 5.7911E-09 6.3534E-09 6.9757E-09 7.6129E-09 8.2982E-09 9.0080E-09 9.7521E-09 1.0540E-08 1.1346E-08 1.2191E-08 1.3066E-08 1.3980E-08 1.4921E-08 1.5875E-08 1.6904E-08 1.7917E-08 1.8955E-08 2.0063E-08 2.1152E-08 2.2335E-08 2.3504E-08 2.4776E-08
1.9689E-11 2.9135E-11 3.3405E-11 4.8517E-11 6.1747E-11 7.5075E-11 9.0109E-11 1.0687E-10 1.2858E-10 1.5790E-10 1.8636E-10 2.1819E-10 2.6474E-10 3.0517E-10 3.6495E-10 4.1839E-10 4.8476E-10 5.5687E-10 6.4723E-10 7.4853E-10 8.5317E-10 9.8599E-10 1.1159E-09 1.2718E-09 1.4409E-09 1.6333E-09 1.8506E-09 2.0878E-09 2.3551E-09 2.6404E-09 2.9690E-09 3.3186E-09 3.7011E-09 4.1233E-09 4.5695E-09 5.0655E-09 5.5785E-09 6.1515E-09 6.7403E-09 7.3777E-09 8.0449E-09 8.7460E-09 9.4955E-09 1.0268E-08 1.1084E-08 1.1940E-08 1.2842E-08 1.3779E-08 1.4740E-08 1.5786E-08 1.6821E-08 1.7899E-08 1.9050E-08 2.0189E-08 2.1424E-08 2.2651E-08 2.3980E-08
1.0909E-11 1.5460E-11 2.0893E-11 2.7757E-11 4.2048E-11 5.4939E-11 6.7603E-11 8.4971E-11 1.0283E-10 1.2068E-10 1.4597E-10 1.7062E-10 2.0682E-10 2.4235E-10 2.8619E-10 3.3534E-10 3.9805E-10 4.5586E-10 5.3234E-10 6.1277E-10 7.0437E-10 8.1713E-10 9.3161E-10 1.0674E-09 1.2107E-09 1.3732E-09 1.5606E-09 1.7638E-09 1.9956E-09 2.2453E-09 2.5314E-09 2.8380E-09 3.1735E-09 3.5471E-09 3.9488E-09 4.3874E-09 4.8473E-09 5.3653E-09 5.8939E-09 6.4817E-09 7.0905E-09 7.7417E-09 8.4404E-09 9.1677E-09 9.9413E-09 1.0760E-08 1.1629E-08 1.2539E-08 1.3478E-08 1.4510E-08 1.5538E-08 1.6622E-08 1.7772E-08 1.8925E-08 2.0159E-08 2.1402E-08 2.2729E-08
4.2092E-12 6.0615E-12 1.0024E-11 1.7172E-11 2.3990E-11 3.4676E-11 4.8362E-11 5.9305E-11 7.8003E-11 9.5056E-11 1.1362E-10 1.3405E-10 1.6434E-10 1.9378E-10 2.2934E-10 2.6557E-10 3.1864E-10 3.7042E-10 4.3717E-10 4.9790E-10 5.7738E-10 6.7441E-10 7.7229E-10 8.9016E-10 1.0112E-09 1.1497E-09 1.3086E-09 1.4814E-09 1.6824E-09 1.8948E-09 2.1405E-09 2.4092E-09 2.6970E-09 3.0229E-09 3.3735E-09 3.7589E-09 4.1663E-09 4.6240E-09 5.0960E-09 5.6200E-09 6.1710E-09 6.7615E-09 7.4005E-09 8.0685E-09 8.7859E-09 9.5464E-09 1.0368E-08 1.1228E-08 1.2126E-08 1.3111E-08 1.4110E-08 1.5157E-08 1.6276E-08 1.7399E-08 1.8597E-08 1.9804E-08 2.1087E-08
4.7715E-13 7.5031E-13 1.7497E-12 4.6377E-12 9.9094E-12 1.6011E-11 2.5821E-11 4.0106E-11 5.0355E-11 6.7066E-11 8.6799E-11 1.0180E-10 1.2584E-10 1.5195E-10 1.8151E-10 2.1101E-10 2.5170E-10 2.9318E-10 3.4673E-10 4.0520E-10 4.6704E-10 5.4580E-10 6.3127E-10 7.3106E-10 8.3833E-10 9.5541E-10 1.0913E-09 1.2361E-09 1.4077E-09 1.5851E-09 1.7960E-09 2.0230E-09 2.2701E-09 2.5521E-09 2.8514E-09 3.1851E-09 3.5381E-09 3.9359E-09 4.3533E-09 4.8101E-09 5.2982E-09 5.8234E-09 6.3909E-09 6.9994E-09 7.6438E-09 8.3424E-09 9.0923E-09 9.8904E-09 1.0718E-08 1.1644E-08 1.2576E-08 1.3564E-08 1.4616E-08 1.5677E-08 1.6805E-08 1.7927E-08 1.9139E-08
1.4614E-13 3.5408E-13 5.6919E-13 7.8533E-13 2.9124E-12 6.0176E-12 1.2068E-11 2.0722E-11 3.1763E-11 4.4446E-11 5.6137E-11 7.6426E-11 9.1526E-11 1.1374E-10 1.3738E-10 1.6669E-10 1.9721E-10 2.3141E-10 2.6982E-10 3.2190E-10 3.7088E-10 4.4062E-10 5.0445E-10 5.8920E-10 6.8238E-10 7.8125E-10 8.9799E-10 1.0202E-09 1.1666E-09 1.3163E-09 1.4950E-09 1.6828E-09 1.8927E-09 2.1282E-09 2.3826E-09 2.6684E-09 2.9668E-09 3.3092E-09 3.6659E-09 4.0578E-09 4.4859E-09 4.9374E-09 5.4432E-09 5.9700E-09 6.5457E-09 7.1640E-09 7.8416E-09 8.5555E-09 9.3066E-09 1.0146E-08 1.0995E-08 1.1900E-08 1.2861E-08 1.3834E-08 1.4862E-08 1.5890E-08 1.6974E-08
0.0000E+00 0.0000E+00 1.6783E-13 4.0103E-13 6.4899E-13 1.9376E-12 4.4975E-12 7.5089E-12 1.4484E-11 2.6072E-11 3.9780E-11 4.9987E-11 6.6540E-11 8.4947E-11 1.0233E-10 1.2503E-10 1.4654E-10 1.7803E-10 2.0752E-10 2.4914E-10 2.9372E-10 3.4791E-10 4.0219E-10 4.7047E-10 5.4013E-10 6.2551E-10 7.2279E-10 8.2718E-10 9.4798E-10 1.0732E-09 1.2221E-09 1.3793E-09 1.5559E-09 1.7487E-09 1.9642E-09 2.1998E-09 2.4503E-09 2.7399E-09 3.0389E-09 3.3761E-09 3.7338E-09 4.1206E-09 4.5535E-09 5.0103E-09 5.5113E-09 6.0468E-09 6.6393E-09 7.2663E-09 7.9283E-09 8.6687E-09 9.4243E-09 1.0231E-08 1.1081E-08 1.1951E-08 1.2856E-08 1.3766E-08 1.4703E-08
0.0000E+00 0.0000E+00 0.0000E+00 0.0000E+00 1.4733E-13 3.9306E-13 1.6247E-12 3.5867E-12 5.4041E-12 9.3749E-12 1.8034E-11 2.9790E-11 4.3345E-11 5.8876E-11 7.7051E-11 8.8568E-11 1.1137E-10 1.3215E-10 1.5445E-10 1.8108E-10 2.1550E-10 2.5943E-10 3.1230E-10 3.6743E-10 4.3115E-10 4.9597E-10 5.7651E-10 6.6170E-10 7.5764E-10 8.6209E-10 9.8218E-10 1.1129E-09 1.2543E-09 1.4142E-09 1.5906E-09 1.7847E-09 1.9923E-09 2.2299E-09 2.4775E-09 2.7589E-09 3.0543E-09 3.3844E-09 3.7410E-09 4.1286E-09 4.5511E-09 5.0090E-09 5.5134E-09 6.0545E-09 6.6210E-09 7.2596E-09 7.9155E-09 8.6089E-09 9.3501E-09 1.0094E-08 1.0880E-08 1.1646E-08 1.2451E-08
0.0000E+00 0.0000E+00 0.0000E+00 0.0000E+00 0.0000E+00 0.0000E+00 9.8489E-14 9.6398E-13 3.1017E-12 4.0041E-12 7.0722E-12 1.1515E-11 1.8555E-11 3.0615E-11 4.7271E-11 6.4784E-11 8.0119E-11 9.8032E-11 1.1629E-10 1.3419E-10 1.5830E-10 1.8235E-10 2.1951E-10 2.6171E-10 3.1483E-10 3.7320E-10 4.4359E-10 5.1324E-10 5.9656E-10 6.7900E-10 7.7686E-10 8.8301E-10 9.9441E-10 1.1268E-09 1.2633E-09 1.4203E-09 1.5889E-09 1.7807E-09 1.9857E-09 2.2102E-09 2.4545E-09 2.7216E-09 3.0188E-09 3.3406E-09 3.6907E-09 4.0696E-09 4.4948E-09 4.9426E-09 5.4220E-09 5.9576E-09 6.5057E-09 7.0926E-09 7.7141E-09 8.3364E-09 8.9905E-09 9.6218E-09 1.0281E-08
0.0000E+00 0.0000E+00 0.0000E+00 0.0000E+00 0.0000E+00 0.0000E+00 0.0000E+00 0.0000E+00 6.0700E-13 1.4056E-12 2.8256E-12 5.8114E-12 1.0243E-11 1.3177E-11 1.7485E-11 2.9516E-11 4.5447E-11 6.4685E-11 8.2789E-11 1.0065E-10 1.1883E-10 1.3785E-10 1.5794E-10 1.8488E-10 2.1986E-10 2.5954E-10 3.0804E-10 3.6914E-10 4.3801E-10 5.0999E-10 5.9250E-10 6.7521E-10 7.6628E-10 8.7001E-10 9.8027E-10 1.1080E-09 1.2386E-09 1.3934E-09 1.5540E-09 1.7365E-09 1.9333E-09 2.1503E-09 2.3896E-09 2.6558E-09 2.9367E-09 3.2524E-09 3.5950E-09 3.9616E-09 4.3506E-09 4.7870E-09 5.2351E-09 5.7151E-09 6.2164E-09 6.7315E-09 7.2434E-09 7.7636E-09 8.2785E-09
0.0000E+00 0.0000E+00 0.0000E+00 0.0000E+00 0.0000E+00 0.0000E+00 0.0000E+00 0.0000E+00 0.0000E+00 0.0000E+00 0.0000E+00 5.2225E-13 3.2581E-12 4.9939E-12 8.8313E-12 1.4378E-11 2.0227E-11 2.4636E-11 3.4201E-11 5.7780E-11 7.7875E-11 1.0008E-10 1.1866E-10 1.3971E-10 1.6075E-10 1.9225E-10 2.2038E-10 2.6239E-10 3.0894E-10 3.6648E-10 4.2500E-10 4.9739E-10 5.7074E-10 6.5251E-10 7.3975E-10 8.3991E-10 9.4271E-10 1.0656E-09 1.1938E-09 1.3383E-09 1.4932E-09 1.6653E-09 1.8573E-09 2.0676E-09 2.2981E-09 2.5428E-09 2.8204E-09 3.1111E-09 3.4186E-09 3.7670E-09 4.1221E-09 4.5026E-09 4.8968E-09 5.2964E-09 5.7090E-09 6.1013E-09 6.5008E-09
0.0000E+00 0.0000E+00 0.0000E+00 0.0000E+00 0.0000E+00 0.0000E+00 0.0000E+00 0.0000E+00 0.0000E+00 0.0000E+00 0.0000E+00 0.0000E+00 4.5341E-13 1.1675E-12 1.8522E-12 3.1273E-12 6.9350E-12 1.2117E-11 1.7043E-11 2.3530E-11 2.9196E-11 3.2700E-11 6.1540E-11 8.9877E-11 1.1350E-10 1.3609E-10 1.5930E-10 1.8844E-10 2.2398E-10 2.6562E-10 3.0681E-10 3.6120E-10 4.2230E-10 4.8354E-10 5.5207E-10 6.2696E-10 7.0828E-10 7.9870E-10 9.0003E-10 1.0129E-09 1.1323E-09 1.2698E-09 1.4177E-09 1.5815E-09 1.7629E-09 1.9522E-09 2.1684E-09 2.3938E-09 2.6298E-09 2.8939E-09 3.1725E-09 3.4656E-09 3.7667E-09 4.0711E-09 4.3855E-09 4.6863E-09 4.9719E-09
0.0000E+00 0.0000E+00 0.0000E+00 0.0000E+00 0.0000E+00 0.0000E+00 0.0000E+00 0.0000E+00 0.0000E+00 0.0000E+00 0.0000E+00 0.0000E+00 0.0000E+00 4.3329E-13 1.1168E-12 1.7527E-12 2.8342E-12 4.0026E-12 5.7884E-12 7.3444E-12 1.1506E-11 1.7051E-11 2.2946E-11 3.0153E-11 3.7448E-11 4.3862E-11 9.2664E-11 1.2506E-10 1.5443E-10 1.8376E-10 2.1089E-10 2.5222E-10 2.9852E-10 3.5197E-10 4.0361E-10 4.6008E-10 5.2784E-10 5.9188E-10 6.6972E-10 7.5659E-10 8.4432E-10 9.4999E-10 1.0615E-09 1.1882E-09 1.3221E-09 1.4678E-09 1.6290E-09 1.7985E-09 1.9786E-09 2.1755E-09 2.3787E-09 2.6015E-09 2.8208E-09 3.0557E-09 3.2771E-09 3.5059E-09 3.7055E-09
0.0000E+00 0.0000E+00 0.0000E+00 0.0000E+00 0.0000E+00 0.0000E+00 0.0000E+00 0.0000E+00 0.0000E+00 0.0000E+00 0.0000E+00 0.0000E+00 0.0000E+00 0.0000E+00 4.1275E-13 1.0651E-12 1.6699E-12 2.5025E-12 3.9803E-12 5.1369E-12 6.7066E-12 8.3119E-12 1.0617E-11 1.2598E-11 1.7490E-11 2.4209E-11 3.0692E-11 4.0387E-11 5.0336E-11 6.3465E-11 1.2634E-10 1.6216E-10 1.9565E-10 2.3498E-10 2.7217E-10 3.2038E-10 3.7473E-10 4.2667E-10 4.8458E-10 5.4350E-10 6.1906E-10 6.9000E-10 7.7543E-10 8.6583E-10 9.6554E-10 1.0750E-09 1.1924E-09 1.3224E-09 1.4543E-09 1.5991E-09 1.7466E-09 1.9032E-09 2.0628E-09 2.2260E-09 2.3945E-09 2.5399E-09 2.6883E-09
0.0000E+00 0.0000E+00 0.0000E+00 0.0000E+00 0.0000E+00 0.0000E+00 0.0000E+00 0.0000E+00 0.0000E+00 0.0000E+00 0.0000E+00 0.0000E+00 0.0000E+00 0.0000E+00 0.0000E+00 3.9188E-13 1.0124E-12 1.4065E-12 2.1924E-12 3.7845E-12 4.8836E-12 6.3791E-12 7.9110E-12 9.4807E-12 1.0726E-11 1.1972E-11 1.4280E-11 2.0389E-11 2.7641E-11 3.5447E-11 4.6200E-11 6.2783E-11 8.4852E-11 1.0724E-10 1.5947E-10 1.9123E-10 2.2986E-10 2.7294E-10 3.1169E-10 3.6871E-10 4.1808E-10 4.8270E-10 5.3925E-10 6.0432E-10 6.8089E-10 7.5617E-10 8.4497E-10 9.3216E-10 1.0336E-09 1.1381E-09 1.2466E-09 1.3650E-09 1.4784E-09 1.5942E-09 1.7061E-09 1.8091E-09 1.9012E-09
0.0000E+00 0.0000E+00 0.0000E+00 0.0000E+00 0.0000E+00 0.0000E+00 0.0000E+00 0.0000E+00 0.0000E+00 0.0000E+00 0.0000E+00 0.0000E+00 0.0000E+00 0.0000E+00 0.0000E+00 0.0000E+00 3.7079E-13 9.5900E-13 1.3331E-12 2.0789E-12 3.2262E-12 3.8512E-12 5.2729E-12 7.5040E-12 8.9948E-12 1.0337E-11 1.1357E-11 1.2718E-11 1.3962E-11 1.5254E-11 1.6914E-11 2.4490E-11 3.6417E-11 5.6020E-11 7.6971E-11 1.0313E-10 1.2917E-10 1.5433E-10 1.9730E-10 2.2301E-10 2.5684E-10 2.9391E-10 3.4266E-10 3.9480E-10 4.4708E-10 5.0775E-10 5.6030E-10 6.2951E-10 7.0309E-10 7.7598E-10 8.5728E-10 9.3737E-10 1.0223E-09 1.1061E-09 1.1888E-09 1.2595E-09 1.3196E-09
0.0000E+00 0.0000E+00 0.0000E+00 0.0000E+00 0.0000E+00 0.0000E+00 0.0000E+00 0.0000E+00 0.0000E+00 0.0000E+00 0.0000E+00 0.0000E+00 0.0000E+00 0.0000E+00 0.0000E+00 0.0000E+00 0.0000E+00 1.7748E-13 9.0525E-13 1.2592E-12 1.9644E-12 2.9095E-12 3.6432E-12 4.9916E-12 6.3475E-12 7.5370E-12 8.5686E-12 1.0534E-11 1.2024E-11 1.3350E-11 1.4421E-11 1.5555E-11 1.7102E-11 2.0288E-11 2.3961E-11 2.8696E-11 4.5917E-11 6.4487E-11 8.3310E-11 1.1132E-10 1.4777E-10 1.7662E-10 1.9924E-10 2.2288E-10 2.5428E-10 2.9054E-10 3.3605E-10 3.8456E-10 4.4334E-10 4.9885E-10 5.5116E-10 6.1531E-10 6.7138E-10 7.3172E-10 7.9136E-10 8.3912E-10 8.8638E-10
0.0000E+00 0.0000E+00 0.0000E+00 0.0000E+00 0.0000E+00 0.0000E+00 0.0000E+00 0.0000E+00 0.0000E+00 0.0000E+00 0.0000E+00 0.0000E+00 0.0000E+00 0.0000E+00 0.0000E+00 0.0000E+00 0.0000E+00 0.0000E+00 0.0000E+00 5.1724E-13 8.3920E-13 1.3121E-12 2.7411E-12 3.4340E-12 4.7084E-12 5.9904E-12 7.1157E-12 8.0903E-12 8.9586E-12 1.0137E-11 1.1562E-11 1.2969E-11 1.4233E-11 1.5898E-11 1.7180E-11 1.9427E-11 2.4882E-11 3.1765E-11 3.8863E-11 4.1936E-11 5.4851E-11 6.8366E-11 8.6768E-11 1.0772E-10 1.3144E-10 1.5192E-10 1.7273E-10 2.0190E-10 2.2989E-10 2.7988E-10 3.2164E-10 3.7233E-10 4.1941E-10 4.5481E-10 4.9625E-10 5.3032E-10 5.6181E-10
0.0000E+00 0.0000E+00 0.0000E+00 0.0000E+00 0.0000E+00 0.0000E+00 0.0000E+00 0.0000E+00 0.0000E+00 0.0000E+00 0.0000E+00 0.0000E+00 0.0000E+00 0.0000E+00 0.0000E+00 0.0000E+00 0.0000E+00 0.0000E+00 0.0000E+00 0.0000E+00 0.0000E+00 0.0000E+00 7.1170E-13 1.8799E-12 2.5083E-12 3.3055E-12 5.4448E-12 6.5518E-12 7.3486E-12 8.4263E-12 9.5369E-12 1.0542E-11 1.1461E-11 1.2549E-11 1.3887E-11 1.5069E-11 1.6091E-11 1.7920E-11 2.1130E-11 2.6120E-11 3.3904E-11 4.4907E-11 5.4205E-11 6.1945E-11 7.1444E-11 7.9404E-11 8.9231E-11 1.0019E-10 1.1715E-10 1.3771E-10 1.5569E-10 1.7809E-10 2.1062E-10 2.4274E-10 2.7536E-10 2.9638E-10 3.1893E-10
0.0000E+00 0.0000E+00 0.0000E+00 0.0000E+00 0.0000E+00 0.0000E+00 0.0000E+00 0.0000E+00 0.0000E+00 0.0000E+00 0.0000E+00 0.0000E+00 0.0000E+00 0.0000E+00 0.0000E+00 0.0000E+00 0.0000E+00 0.0000E+00 0.0000E+00 0.0000E+00 0.0000E+00 0.0000E+00 0.0000E+00 0.0000E+00 0.0000E+00 0.0000E+00 2.1996E-12 3.8879E-12 4.9112E-12 5.7402E-12 7.3194E-12 8.5477E-12 9.6828E-12 1.0740E-11 1.1759E-11 1.3014E-11 1.3907E-11 1.4635E-11 1.5745E-11 1.6753E-11 1.7266E-11 1.8888E-11 2.2305E-11 3.0733E-11 4.1678E-11 5.0839E-11 6.0407E-11 6.8436E-11 7.4011E-11 8.3818E-11 8.9139E-11 1.0082E-10 1.1010E-10 1.2400E-10 1.3456E-10 1.5010E-10 1.6455E-10
0.0000E+00 0.0000E+00 0.0000E+00 0.0000E+00 0.0000E+00 0.0000E+00 0.0000E+00 0.0000E+00 0.0000E+00 0.0000E+00 0.0000E+00 0.0000E+00 0.0000E+00 0.0000E+00 0.0000E+00 0.0000E+00 0.0000E+00 0.0000E+00 0.0000E+00 0.0000E+00 0.0000E+00 0.0000E+00 0.0000E+00 0.0000E+00 0.0000E+00 0.0000E+00 0.0000E+00 0.0000E+00 0.0000E+00 1.3493E-12 3.8962E-12 5.5381E-12 6.8457E-12 7.7610E-12 8.9378E-12 1.0183E-11 1.1550E-11 1.2576E-11 1.3238E-11 1.4475E-11 1.5406E-11 1.5863E-11 1.6707E-11 1.7436E-11 1.8149E-11 1.8646E-11 1.9544E-11 2.2366E-11 2.5006E-11 2.6993E-11 3.1297E-11 3.4018E-11 4.0516E-11 4.3244E-11 4.5770E-11 4.8995E-11 5.4299E-11
