Assets/Resources/2015_m01_d06_2300(utc+0800)_l00_csi_1hr_conc.grd
DSAA
         159         159
     -79.000      79.000
     -79.000      79.000
  0.0000E+00  0.2873E-05
[rows 0 to 24 of 159, columns 0 to 56 of 159]
0.0000E+00 0.0000E+00 0.0000E+00 0.0000E+00 0.0000E+00 0.0000E+00 0.0000E+00 1.1455E-12 2.1598E-12 4.4566E-12 6.7445E-12 1.1524E-11 1.6043E-11 2.1561E-11 2.8059E-11 3.5146E-11 4.3950E-11 5.2482E-11 6.2598E-11 7.2673E-11 8.2909E-11 9.3992E-11 1.0540E-10 1.1750E-10 1.2969E-10 1.4262E-10 1.5683E-10 1.7226E-10 1.8855E-10 2.0568E-10 2.2381E-10 2.4393E-10 2.6560E-10 2.8836E-10 3.1446E-10 3.3883E-10 3.6746E-10 3.9460E-10 4.2757E-10 4.6129E-10 4.9329E-10 5.2931E-10 5.6618E-10 6.0719E-10 6.4772E-10 6.9014E-10 7.3394E-10 7.7888E-10 8.2745E-10 8.7597E-10 9.2584E-10 9.7887E-10 1.0326E-09 1.0864E-09 1.1447E-09 1.2027E-09 1.2628E-09
0.0000E+00 0.0000E+00 0.0000E+00 0.0000E+00 0.0000E+00 0.0000E+00 0.0000E+00 1.1443E-12 2.1602E-12 4.4614E-12 7.6822E-12 1.1562E-11 1.7042E-11 2.1663E-11 2.9156E-11 3.5358E-11 4.4833E-11 5.3301E-11 6.4424E-11 7.4172E-11 8.3628E-11 9.5351E-11 1.0645E-10 1.1922E-10 1.3239E-10 1.4551E-10 1.6019E-10 1.7523E-10 1.9233E-10 2.1063E-10 2.2909E-10 2.4939E-10 2.7178E-10 2.9370E-10 3.1963E-10 3.4737E-10 3.7446E-10 4.0568E-10 4.3565E-10 4.7057E-10 5.0580E-10 5.4281E-10 5.8222E-10 6.2301E-10 6.6486E-10 7.0811E-10 7.5267E-10 8.0089E-10 8.4916E-10 9.0054E-10 9.5202E-10 1.0059E-09 1.0615E-09 1.1199E-09 1.1772E-09 1.2380E-09 1.2987E-09
0.0000E+00 0.0000E+00 0.0000E+00 0.0000E+00 0.0000E+00 0.0000E+00 0.0000E+00 1.1419E-12 2.1583E-12 4.4614E-12 7.6971E-12 1.1587E-11 1.7094E-11 2.2648E-11 2.9868E-11 3.6459E-11 4.6049E-11 5.4575E-11 6.4845E-11 7.6586E-11 8.5655E-11 9.7073E-11 1.0814E-10 1.2084E-10 1.3373E-10 1.4785E-10 1.6325E-10 1.7903E-10 1.9600E-10 2.1413E-10 2.3379E-10 2.5499E-10 2.7653E-10 3.0230E-10 3.2776E-10 3.5473E-10 3.8558E-10 4.1496E-10 4.4931E-10 4.8392E-10 5.2019E-10 5.5890E-10 5.9756E-10 6.4031E-10 6.8303E-10 7.2721E-10 7.7413E-10 8.2305E-10 8.7440E-10 9.2589E-10 9.7984E-10 1.0370E-09 1.0943E-09 1.1524E-09 1.2139E-09 1.2772E-09 1.3414E-09
0.0000E+00 0.0000E+00 0.0000E+00 0.0000E+00 0.0000E+00 0.0000E+00 0.0000E+00 1.1382E-12 2.1540E-12 4.4566E-12 7.7035E-12 1.1600E-11 1.7127E-11 2.2706E-11 3.0400E-11 3.6600E-11 4.6251E-11 5.4854E-11 6.6670E-11 7.7067E-11 8.7730E-11 9.8726E-11 1.1041E-10 1.2358E-10 1.3569E-10 1.5028E-10 1.6574E-10 1.8176E-10 2.0002E-10 2.1795E-10 2.3773E-10 2.5965E-10 2.8250E-10 3.0747E-10 3.3490E-10 3.6403E-10 3.9398E-10 4.2648E-10 4.6095E-10 4.9632E-10 5.3412E-10 5.7101E-10 6.1388E-10 6.5584E-10 6.9936E-10 7.4566E-10 7.9400E-10 8.4504E-10 8.9619E-10 9.4990E-10 1.0068E-09 1.0645E-09 1.1244E-09 1.1846E-09 1.2480E-09 1.3127E-09 1.3781E-09
0.0000E+00 0.0000E+00 0.0000E+00 0.0000E+00 0.0000E+00 0.0000E+00 0.0000E+00 1.1334E-12 2.1475E-12 4.4469E-12 7.7014E-12 1.2489E-11 1.6577E-11 2.3176E-11 3.0468E-11 3.7153E-11 4.7304E-11 5.5525E-11 6.7597E-11 7.7463E-11 8.8720E-11 9.9355E-11 1.1271E-10 1.2549E-10 1.3903E-10 1.5333E-10 1.6727E-10 1.8490E-10 2.0294E-10 2.2202E-10 2.4264E-10 2.6366E-10 2.8842E-10 3.1532E-10 3.4058E-10 3.7146E-10 4.0370E-10 4.3478E-10 4.7062E-10 5.0825E-10 5.4423E-10 5.8616E-10 6.2581E-10 6.7088E-10 7.1643E-10 7.6409E-10 8.1460E-10 8.6526E-10 9.1848E-10 9.7505E-10 1.0329E-09 1.0928E-09 1.1530E-09 1.2164E-09 1.2819E-09 1.3482E-09 1.4162E-09
0.0000E+00 0.0000E+00 0.0000E+00 0.0000E+00 0.0000E+00 0.0000E+00 0.0000E+00 1.1274E-12 2.1387E-12 4.4325E-12 7.6907E-12 1.2476E-11 1.6452E-11 2.4130E-11 3.0939E-11 3.8630E-11 4.8031E-11 5.7124E-11 6.9727E-11 7.9237E-11 9.0137E-11 1.0064E-10 1.1387E-10 1.2632E-10 1.4054E-10 1.5584E-10 1.7124E-10 1.8786E-10 2.0486E-10 2.2478E-10 2.4662E-10 2.6978E-10 2.9478E-10 3.2034E-10 3.5091E-10 3.8058E-10 4.1195E-10 4.4683E-10 4.8074E-10 5.1901E-10 5.6015E-10 5.9895E-10 6.4318E-10 6.8797E-10 7.3497E-10 7.8490E-10 8.3505E-10 8.8780E-10 9.4421E-10 1.0019E-09 1.0618E-09 1.1237E-09 1.1855E-09 1.2519E-09 1.3189E-09 1.3877E-09 1.4597E-09
0.0000E+00 0.0000E+00 0.0000E+00 0.0000E+00 0.0000E+00 0.0000E+00 0.0000E+00 1.1202E-12 2.1276E-12 4.4132E-12 7.6716E-12 1.1560E-11 1.6438E-11 2.4122E-11 3.0356E-11 3.8668E-11 4.9502E-11 5.7244E-11 7.0364E-11 8.0428E-11 9.1415E-11 1.0257E-10 1.1523E-10 1.2779E-10 1.4191E-10 1.5692E-10 1.7334E-10 1.9120E-10 2.0879E-10 2.2958E-10 2.5133E-10 2.7405E-10 3.0046E-10 3.2841E-10 3.5594E-10 3.8766E-10 4.2224E-10 4.5500E-10 4.9315E-10 5.3189E-10 5.7168E-10 6.1501E-10 6.5892E-10 7.0513E-10 7.5432E-10 8.0286E-10 8.5598E-10 9.1052E-10 9.6946E-10 1.0291E-09 1.0908E-09 1.1545E-09 1.2197E-09 1.2871E-09 1.3582E-09 1.4287E-09 1.5018E-09
0.0000E+00 0.0000E+00 0.0000E+00 0.0000E+00 0.0000E+00 0.0000E+00 0.0000E+00 1.1119E-12 2.1143E-12 4.3893E-12 7.6441E-12 1.1944E-11 1.6406E-11 2.4519E-11 3.0329E-11 3.9103E-11 4.9523E-11 5.8220E-11 7.0476E-11 8.0604E-11 9.2135E-11 1.0388E-10 1.1666E-10 1.2967E-10 1.4345E-10 1.5862E-10 1.7551E-10 1.9258E-10 2.1124E-10 2.3287E-10 2.5535E-10 2.7967E-10 3.0488E-10 3.3438E-10 3.6542E-10 3.9624E-10 4.2947E-10 4.6636E-10 5.0298E-10 5.4265E-10 5.8509E-10 6.2676E-10 6.7368E-10 7.2289E-10 7.7065E-10 8.2300E-10 8.7700E-10 9.3543E-10 9.9471E-10 1.0559E-09 1.1198E-09 1.1851E-09 1.2527E-09 1.3237E-09 1.3949E-09 1.4691E-09 1.5564E-09
0.0000E+00 0.0000E+00 0.0000E+00 0.0000E+00 0.0000E+00 0.0000E+00 0.0000E+00 0.0000E+00 2.0988E-12 4.3608E-12 7.6082E-12 1.1895E-11 1.6356E-11 2.4460E-11 2.8580E-11 3.9058E-11 4.9488E-11 5.8225E-11 7.0509E-11 8.1632E-11 9.3047E-11 1.0459E-10 1.1749E-10 1.3063E-10 1.4588E-10 1.6022E-10 1.7730E-10 1.9464E-10 2.1543E-10 2.3694E-10 2.5982E-10 2.8450E-10 3.1306E-10 3.4134E-10 3.7085E-10 4.0519E-10 4.3841E-10 4.7463E-10 5.1458E-10 5.5422E-10 5.9631E-10 6.4238E-10 6.8774E-10 7.3775E-10 7.8921E-10 8.4247E-10 9.0020E-10 9.5886E-10 1.0195E-09 1.0834E-09 1.1486E-09 1.2161E-09 1.2868E-09 1.3588E-09 1.4445E-09 1.5224E-09 1.6019E-09
0.0000E+00 0.0000E+00 0.0000E+00 0.0000E+00 0.0000E+00 0.0000E+00 0.0000E+00 0.0000E+00 2.0813E-12 4.3277E-12 7.5641E-12 1.1832E-11 1.6288E-11 2.4373E-11 2.8947E-11 3.9424E-11 4.9226E-11 5.8165E-11 7.0912E-11 8.1641E-11 9.3580E-11 1.0601E-10 1.1928E-10 1.3197E-10 1.4687E-10 1.6270E-10 1.7946E-10 1.9731E-10 2.1811E-10 2.3947E-10 2.6462E-10 2.9078E-10 3.1724E-10 3.4739E-10 3.7860E-10 4.1069E-10 4.4706E-10 4.8569E-10 5.2337E-10 5.6572E-10 6.1053E-10 6.5465E-10 7.0379E-10 7.5451E-10 8.0700E-10 8.6381E-10 9.2007E-10 9.8170E-10 1.0452E-09 1.1100E-09 1.1770E-09 1.2476E-09 1.3306E-09 1.4066E-09 1.4851E-09 1.5649E-09 1.6475E-09
0.0000E+00 0.0000E+00 0.0000E+00 0.0000E+00 0.0000E+00 0.0000E+00 0.0000E+00 0.0000E+00 2.0616E-12 3.7335E-12 7.5120E-12 1.1758E-11 1.6202E-11 2.4260E-11 2.9271E-11 3.9298E-11 4.7256E-11 5.8505E-11 7.0789E-11 8.1558E-11 9.3554E-11 1.0606E-10 1.1991E-10 1.3431E-10 1.4800E-10 1.6373E-10 1.8153E-10 2.0090E-10 2.2154E-10 2.4407E-10 2.6702E-10 2.9401E-10 3.2319E-10 3.5181E-10 3.8578E-10 4.1998E-10 4.5548E-10 4.9343E-10 5.3437E-10 5.7606E-10 6.2052E-10 6.6920E-10 7.1632E-10 7.7046E-10 8.2648E-10 8.8193E-10 9.4278E-10 1.0038E-09 1.0698E-09 1.1362E-09 1.2067E-09 1.2901E-09 1.3663E-09 1.4447E-09 1.5251E-09 1.6088E-09 1.7065E-09
0.0000E+00 0.0000E+00 0.0000E+00 0.0000E+00 0.0000E+00 0.0000E+00 0.0000E+00 0.0000E+00 2.0399E-12 3.1317E-12 7.4519E-12 1.1670E-11 1.6098E-11 2.3656E-11 2.9133E-11 3.9581E-11 4.6502E-11 5.8780E-11 7.1552E-11 8.1861E-11 9.3898E-11 1.0600E-10 1.1993E-10 1.3444E-10 1.4988E-10 1.6540E-10 1.8205E-10 2.0220E-10 2.2396E-10 2.4763E-10 2.7341E-10 2.9711E-10 3.2747E-10 3.5822E-10 3.9151E-10 4.2589E-10 4.6395E-10 5.0276E-10 5.4294E-10 5.8744E-10 6.3308E-10 6.8043E-10 7.3312E-10 7.8632E-10 8.4245E-10 9.0260E-10 9.6291E-10 1.0280E-09 1.0936E-09 1.1638E-09 1.2472E-09 1.3233E-09 1.4015E-09 1.4824E-09 1.5779E-09 1.6659E-09 1.7561E-09
0.0000E+00 0.0000E+00 0.0000E+00 0.0000E+00 0.0000E+00 0.0000E+00 0.0000E+00 0.0000E+00 2.0163E-12 3.0985E-12 7.3842E-12 1.0449E-11 1.5977E-11 2.2554E-11 2.8962E-11 3.9372E-11 4.6756E-11 5.8535E-11 7.0149E-11 8.2074E-11 9.4174E-11 1.0678E-10 1.2030E-10 1.3443E-10 1.4998E-10 1.6732E-10 1.8537E-10 2.0552E-10 2.2626E-10 2.4933E-10 2.7586E-10 3.0117E-10 3.3248E-10 3.6314E-10 3.9764E-10 4.3451E-10 4.7044E-10 5.1076E-10 5.5353E-10 5.9605E-10 6.4447E-10 6.9560E-10 7.4573E-10 8.0214E-10 8.6115E-10 9.2054E-10 9.8497E-10 1.0498E-09 1.1299E-09 1.2024E-09 1.2782E-09 1.3560E-09 1.4371E-09 1.5335E-09 1.6220E-09 1.7126E-09 1.8062E-09
0.0000E+00 0.0000E+00 0.0000E+00 0.0000E+00 0.0000E+00 0.0000E+00 0.0000E+00 0.0000E+00 1.1323E-12 3.0622E-12 7.3089E-12 9.7721E-12 1.5839E-11 2.1821E-11 2.8760E-11 3.9120E-11 4.6495E-11 5.8226E-11 6.8341E-11 8.2495E-11 9.4636E-11 1.0910E-10 1.2058E-10 1.3525E-10 1.5093E-10 1.6738E-10 1.8647E-10 2.0681E-10 2.2859E-10 2.5467E-10 2.7863E-10 3.0566E-10 3.3632E-10 3.6839E-10 4.0202E-10 4.3971E-10 4.7807E-10 5.1779E-10 5.6190E-10 6.0853E-10 6.5548E-10 7.0669E-10 7.6159E-10 8.1739E-10 8.7714E-10 9.4026E-10 1.0042E-09 1.0839E-09 1.1558E-09 1.2309E-09 1.3081E-09 1.4003E-09 1.4860E-09 1.5747E-09 1.6656E-09 1.7604E-09 1.8704E-09
0.0000E+00 0.0000E+00 0.0000E+00 0.0000E+00 0.0000E+00 0.0000E+00 0.0000E+00 0.0000E+00 5.6776E-13 2.1377E-12 7.2264E-12 9.6710E-12 1.5684E-11 2.1063E-11 2.8527E-11 3.7345E-11 4.5681E-11 5.7853E-11 6.7963E-11 8.2073E-11 9.5194E-11 1.0873E-10 1.2283E-10 1.3739E-10 1.5070E-10 1.6827E-10 1.8895E-10 2.0942E-10 2.3132E-10 2.5634E-10 2.8139E-10 3.0863E-10 3.3911E-10 3.7166E-10 4.0912E-10 4.4606E-10 4.8424E-10 5.2786E-10 5.7158E-10 6.1671E-10 6.6782E-10 7.1926E-10 7.7365E-10 8.3334E-10 8.9491E-10 9.5754E-10 1.0360E-09 1.1067E-09 1.1808E-09 1.2572E-09 1.3491E-09 1.4343E-09 1.5227E-09 1.6136E-09 1.7205E-09 1.8203E-09 1.9230E-09
0.0000E+00 0.0000E+00 0.0000E+00 0.0000E+00 0.0000E+00 0.0000E+00 0.0000E+00 0.0000E+00 0.0000E+00 2.1062E-12 5.3342E-12 9.5603E-12 1.5514E-11 1.9688E-11 2.8276E-11 3.6461E-11 4.5326E-11 5.6862E-11 6.7510E-11 8.1561E-11 9.4687E-11 1.0824E-10 1.2239E-10 1.3699E-10 1.5385E-10 1.7182E-10 1.8884E-10 2.1000E-10 2.3514E-10 2.5777E-10 2.8448E-10 3.1297E-10 3.4396E-10 3.7361E-10 4.1051E-10 4.5158E-10 4.9257E-10 5.3330E-10 5.8000E-10 6.2809E-10 6.7712E-10 7.3138E-10 7.8936E-10 8.4750E-10 9.1032E-10 9.8747E-10 1.0572E-09 1.1304E-09 1.2060E-09 1.2974E-09 1.3821E-09 1.4700E-09 1.5610E-09 1.6686E-09 1.7690E-09 1.8723E-09 1.9785E-09
0.0000E+00 0.0000E+00 0.0000E+00 0.0000E+00 0.0000E+00 0.0000E+00 0.0000E+00 0.0000E+00 0.0000E+00 2.0728E-12 4.6999E-12 8.5344E-12 1.5328E-11 1.9473E-11 2.7986E-11 3.4575E-11 4.4923E-11 5.5809E-11 6.6984E-11 8.0959E-11 9.4077E-11 1.0810E-10 1.2179E-10 1.3691E-10 1.5336E-10 1.7142E-10 1.9160E-10 2.1286E-10 2.3524E-10 2.5956E-10 2.8659E-10 3.1472E-10 3.4757E-10 3.8020E-10 4.1427E-10 4.5155E-10 4.9708E-10 5.3954E-10 5.8651E-10 6.3656E-10 6.8924E-10 7.4354E-10 8.0168E-10 8.6285E-10 9.3641E-10 1.0063E-09 1.0782E-09 1.1529E-09 1.2436E-09 1.3277E-09 1.4149E-09 1.5167E-09 1.6133E-09 1.7139E-09 1.8175E-09 1.9252E-09 2.0498E-09
0.0000E+00 0.0000E+00 0.0000E+00 0.0000E+00 0.0000E+00 0.0000E+00 0.0000E+00 0.0000E+00 0.0000E+00 2.0379E-12 3.1464E-12 7.9947E-12 1.3675E-11 1.9240E-11 2.7667E-11 3.3618E-11 4.4472E-11 5.4243E-11 6.5408E-11 7.9706E-11 9.4148E-11 1.0736E-10 1.2105E-10 1.3619E-10 1.5267E-10 1.7223E-10 1.9262E-10 2.1499E-10 2.3730E-10 2.6262E-10 2.8889E-10 3.1675E-10 3.5013E-10 3.8246E-10 4.1697E-10 4.5731E-10 4.9736E-10 5.4554E-10 5.9517E-10 6.4491E-10 6.9823E-10 7.5590E-10 8.1511E-10 8.8686E-10 9.5495E-10 1.0251E-09 1.0983E-09 1.1878E-09 1.2710E-09 1.3576E-09 1.4589E-09 1.5552E-09 1.6556E-09 1.7593E-09 1.8795E-09 1.9940E-09 2.1123E-09
0.0000E+00 0.0000E+00 0.0000E+00 0.0000E+00 0.0000E+00 0.0000E+00 0.0000E+00 0.0000E+00 0.0000E+00 2.0013E-12 3.0927E-12 7.8724E-12 1.1976E-11 1.8061E-11 2.6323E-11 3.2624E-11 4.3976E-11 5.3085E-11 6.4746E-11 8.0107E-11 9.3333E-11 1.0862E-10 1.2182E-10 1.3612E-10 1.5313E-10 1.7143E-10 1.9191E-10 2.1587E-10 2.3931E-10 2.6489E-10 2.9058E-10 3.1861E-10 3.5226E-10 3.8494E-10 4.2080E-10 4.6056E-10 5.0131E-10 5.4802E-10 6.0047E-10 6.5201E-10 7.0958E-10 7.6567E-10 8.3725E-10 9.0328E-10 9.7144E-10 1.0430E-09 1.1308E-09 1.2124E-09 1.2977E-09 1.3979E-09 1.4932E-09 1.5930E-09 1.6962E-09 1.8169E-09 1.9318E-09 2.0509E-09 2.1724E-09
0.0000E+00 0.0000E+00 0.0000E+00 0.0000E+00 0.0000E+00 0.0000E+00 0.0000E+00 0.0000E+00 0.0000E+00 5.6663E-13 3.0366E-12 7.7433E-12 1.0279E-11 1.7803E-11 2.4482E-11 3.2203E-11 4.2444E-11 5.0886E-11 6.4684E-11 7.7718E-11 9.2892E-11 1.0766E-10 1.2130E-10 1.3726E-10 1.5378E-10 1.7325E-10 1.9231E-10 2.1507E-10 2.3862E-10 2.6582E-10 2.9268E-10 3.2078E-10 3.5429E-10 3.8544E-10 4.2520E-10 4.6333E-10 5.0629E-10 5.5264E-10 6.0323E-10 6.5672E-10 7.1598E-10 7.8607E-10 8.4897E-10 9.1725E-10 9.8734E-10 1.0729E-09 1.1528E-09 1.2365E-09 1.3352E-09 1.4293E-09 1.5284E-09 1.6315E-09 1.7523E-09 1.8673E-09 1.9866E-09 2.1091E-09 2.2500E-09
0.0000E+00 0.0000E+00 0.0000E+00 0.0000E+00 0.0000E+00 0.0000E+00 0.0000E+00 0.0000E+00 0.0000E+00 0.0000E+00 2.0924E-12 7.0462E-12 1.0109E-11 1.7099E-11 2.2582E-11 3.0805E-11 4.1308E-11 4.9612E-11 6.3324E-11 7.5741E-11 9.1639E-11 1.0598E-10 1.2092E-10 1.3656E-10 1.5447E-10 1.7429E-10 1.9502E-10 2.1538E-10 2.3899E-10 2.6500E-10 2.9198E-10 3.2342E-10 3.5668E-10 3.8887E-10 4.2702E-10 4.6637E-10 5.1027E-10 5.5640E-10 6.0859E-10 6.6224E-10 7.2310E-10 7.9412E-10 8.6098E-10 9.2978E-10 1.0139E-09 1.0923E-09 1.1743E-09 1.2712E-09 1.3635E-09 1.4613E-09 1.5633E-09 1.6832E-09 1.7978E-09 1.9167E-09 2.0397E-09 2.1817E-09 2.3168E-09
0.0000E+00 0.0000E+00 0.0000E+00 0.0000E+00 0.0000E+00 0.0000E+00 0.0000E+00 0.0000E+00 0.0000E+00 0.0000E+00 2.0482E-12 5.6317E-12 9.9310E-12 1.6257E-11 2.1633E-11 3.0328E-11 3.9191E-11 4.8899E-11 6.1887E-11 7.3127E-11 8.9919E-11 1.0473E-10 1.1959E-10 1.3514E-10 1.5388E-10 1.7290E-10 1.9593E-10 2.1735E-10 2.4113E-10 2.6436E-10 2.9232E-10 3.2258E-10 3.5619E-10 3.9045E-10 4.2841E-10 4.7001E-10 5.1380E-10 5.6051E-10 6.1235E-10 6.6612E-10 7.3672E-10 8.0327E-10 8.6995E-10 9.5194E-10 1.0289E-09 1.1098E-09 1.2057E-09 1.2962E-09 1.3923E-09 1.4929E-09 1.6115E-09 1.7250E-09 1.8432E-09 1.9662E-09 2.1086E-09 2.2445E-09 2.3849E-09
0.0000E+00 0.0000E+00 0.0000E+00 0.0000E+00 0.0000E+00 0.0000E+00 0.0000E+00 0.0000E+00 0.0000E+00 0.0000E+00 1.4534E-12 4.0282E-12 8.4112E-12 1.4497E-11 2.0316E-11 2.8828E-11 3.6986E-11 4.7571E-11 6.0509E-11 7.1414E-11 8.8083E-11 1.0333E-10 1.1806E-10 1.3491E-10 1.5226E-10 1.7281E-10 1.9436E-10 2.1578E-10 2.4193E-10 2.6715E-10 2.9441E-10 3.2131E-10 3.5524E-10 3.9162E-10 4.3005E-10 4.7244E-10 5.1628E-10 5.6421E-10 6.1889E-10 6.8260E-10 7.4283E-10 8.0808E-10 8.8921E-10 9.6320E-10 1.0422E-09 1.1251E-09 1.2256E-09 1.3206E-09 1.4203E-09 1.5374E-09 1.6495E-09 1.7666E-09 1.9008E-09 2.0311E-09 2.1672E-09 2.3082E-09 2.4676E-09
0.0000E+00 0.0000E+00 0.0000E+00 0.0000E+00 0.0000E+00 0.0000E+00 0.0000E+00 0.0000E+00 0.0000E+00 0.0000E+00 0.0000E+00 3.0361E-12 8.2355E-12 1.2763E-11 1.9930E-11 2.7736E-11 3.5279E-11 4.5217E-11 5.7958E-11 6.9694E-11 8.6929E-11 1.0209E-10 1.1726E-10 1.3366E-10 1.5192E-10 1.7291E-10 1.9250E-10 2.1442E-10 2.4015E-10 2.6539E-10 2.9510E-10 3.2404E-10 3.5903E-10 3.9076E-10 4.2977E-10 4.7447E-10 5.1911E-10 5.6616E-10 6.2162E-10 6.8703E-10 7.5046E-10 8.1440E-10 8.9535E-10 9.7379E-10 1.0547E-09 1.1518E-09 1.2445E-09 1.3430E-09 1.4594E-09 1.5707E-09 1.6868E-09 1.8203E-09 1.9496E-09 2.0853E-09 2.2262E-09 2.3866E-09 2.5414E-09
0.0000E+00 0.0000E+00 0.0000E+00 0.0000E+00 0.0000E+00 0.0000E+00 0.0000E+00 0.0000E+00 0.0000E+00 0.0000E+00 0.0000E+00 2.0674E-12 7.4927E-12 1.1541E-11 1.8039E-11 2.5690E-11 3.3618E-11 4.3765E-11 5.6299E-11 6.7853E-11 8.4369E-11 1.0042E-10 1.1626E-10 1.3400E-10 1.5081E-10 1.7085E-10 1.9191E-10 2.1536E-10 2.3803E-10 2.6326E-10 2.9310E-10 3.2210E-10 3.5916E-10 3.9295E-10 4.3144E-10 4.7443E-10 5.1979E-10 5.7124E-10 6.3661E-10 6.9092E-10 7.5563E-10 8.3258E-10 9.0429E-10 9.8166E-10 1.0784E-09 1.1669E-09 1.2628E-09 1.3765E-09 1.4862E-09 1.6016E-09 1.7349E-09 1.8639E-09 1.9990E-09 2.1396E-09 2.3000E-09 2.4552E-09 2.6166E-09
