Assets/Resources/2015_m01_d05_1400(utc+0800)_l00_csi_1hr_conc.grd
DSAA
         159         159
     -79.000      79.000
     -79.000      79.000
  0.1203E-09  0.1072E-03
[rows 75 to 99 of 159, columns 57 to 113 of 159]
7.9222E-08 7.7481E-08 7.5491E-08 7.3291E-08 6.9728E-08 6.4020E-08 5.6611E-08 4.8028E-08 3.8526E-08 2.9668E-08 2.3614E-08 1.8152E-08 1.4652E-08 1.2085E-08 1.0067E-08 8.4152E-09 7.1917E-09 6.2078E-09 5.3686E-09 4.7347E-09 4.2185E-09 3.7848E-09 3.4652E-09 3.2248E-09 3.0434E-09 2.8611E-09 2.7371E-09 2.6190E-09 2.4730E-09 2.2823E-09 2.1896E-09 2.0683E-09 1.9210E-09 1.8479E-09 1.7774E-09 1.7095E-09 1.6441E-09 1.5812E-09 1.5207E-09 1.4626E-09 1.3762E-09 1.3077E-09 1.2299E-09 1.1417E-09 1.0101E-09 9.5391E-10 9.0050E-10 8.1093E-10 7.8976E-10 7.5186E-10 7.3274E-10 7.1410E-10 6.8797E-10 6.6190E-10 6.4554E-10 6.2959E-10 5.9782E-10
8.3600E-08 8.3493E-08 8.3519E-08 8.3376E-08 8.1024E-08 7.6027E-08 6.8573E-08 5.8831E-08 4.7463E-08 3.5662E-08 2.6774E-08 2.0405E-08 1.5251E-08 1.2371E-08 1.0155E-08 8.4878E-09 7.1818E-09 6.1949E-09 5.3644E-09 4.7134E-09 4.2355E-09 3.7780E-09 3.4678E-09 3.2378E-09 3.0540E-09 2.8690E-09 2.7486E-09 2.6330E-09 2.4858E-09 2.2924E-09 2.2015E-09 2.0794E-09 1.9280E-09 1.8564E-09 1.7873E-09 1.7206E-09 1.6562E-09 1.5942E-09 1.5345E-09 1.4770E-09 1.3901E-09 1.3212E-09 1.2425E-09 1.1525E-09 1.0161E-09 9.4870E-10 9.0473E-10 8.1128E-10 7.9053E-10 7.5248E-10 7.3371E-10 7.1539E-10 6.8930E-10 6.6329E-10 6.4719E-10 6.3147E-10 5.9950E-10
8.8115E-08 9.0187E-08 9.3175E-08 9.5806E-08 9.5858E-08 9.2993E-08 8.6683E-08 7.6178E-08 6.2308E-08 4.6648E-08 3.2383E-08 2.3555E-08 1.6194E-08 1.2825E-08 1.0242E-08 8.5023E-09 7.1707E-09 6.1354E-09 5.2837E-09 4.6768E-09 4.2044E-09 3.7551E-09 3.4621E-09 3.2355E-09 3.0538E-09 2.8760E-09 2.7550E-09 2.6421E-09 2.4941E-09 2.2987E-09 2.2097E-09 2.0860E-09 1.9319E-09 1.8619E-09 1.7943E-09 1.7288E-09 1.6657E-09 1.6047E-09 1.5459E-09 1.4892E-09 1.4019E-09 1.3328E-09 1.2534E-09 1.1479E-09 1.0209E-09 9.5245E-10 8.9600E-10 8.1092E-10 7.8154E-10 7.5244E-10 7.3403E-10 7.1605E-10 6.9004E-10 6.6413E-10 6.4829E-10 6.3282E-10 6.0070E-10
9.2358E-08 9.7345E-08 1.0406E-07 1.1027E-07 1.1465E-07 1.1643E-07 1.1370E-07 1.0424E-07 8.7745E-08 6.7284E-08 4.7911E-08 2.9383E-08 2.0351E-08 1.4002E-08 1.0452E-08 8.5256E-09 7.0937E-09 6.0569E-09 5.2500E-09 4.6208E-09 4.1661E-09 3.7196E-09 3.4479E-09 3.2264E-09 3.0458E-09 2.8821E-09 2.7563E-09 2.6463E-09 2.4628E-09 2.3011E-09 2.2142E-09 2.0606E-09 1.9329E-09 1.8646E-09 1.7986E-09 1.7346E-09 1.6727E-09 1.6129E-09 1.5551E-09 1.4994E-09 1.4118E-09 1.3427E-09 1.2627E-09 1.1556E-09 1.0247E-09 9.5535E-10 8.9818E-10 8.0998E-10 7.7032E-10 7.5188E-10 7.3385E-10 7.0708E-10 6.8046E-10 6.6454E-10 6.4897E-10 6.1554E-10 6.0153E-10
9.5821E-08 1.0418E-07 1.1495E-07 1.2586E-07 1.3689E-07 1.4690E-07 1.5204E-07 1.4785E-07 1.3040E-07 1.0331E-07 7.3665E-08 4.6299E-08 2.7562E-08 1.6585E-08 1.1283E-08 8.8019E-09 7.0244E-09 1.7267E-08 5.5336E-08 7.7878E-08 1.0662E-07 1.7156E-07 3.4173E-09 3.2111E-09 3.0268E-09 2.8757E-09 2.7531E-09 2.6457E-09 2.4626E-09 2.3000E-09 2.2155E-09 2.0603E-09 1.9313E-09 1.8648E-09 1.8004E-09 1.7379E-09 1.6774E-09 1.6188E-09 1.5621E-09 1.4857E-09 1.4197E-09 1.3360E-09 1.2518E-09 1.1396E-09 1.0146E-09 9.5734E-10 8.8077E-10 8.0844E-10 7.6883E-10 7.5080E-10 7.3314E-10 7.0654E-10 6.8010E-10 6.6448E-10 6.4919E-10 6.1573E-10 5.9442E-10
9.7959E-08 1.0949E-07 1.2371E-07 1.4025E-07 1.6005E-07 1.8179E-07 2.0043E-07 2.0807E-07 1.9545E-07 1.6385E-07 1.2074E-07 7.7646E-08 4.2214E-08 2.4620E-08 1.3492E-08 9.5610E-09 3.5549E-08 1.5327E-06 2.1937E-06 2.4881E-06 2.8098E-06 3.3181E-06 1.0716E-04 3.1876E-09 3.0015E-09 2.8646E-09 2.7457E-09 2.5967E-09 2.3806E-09 2.2957E-09 2.1674E-09 1.9937E-09 1.9272E-09 1.8625E-09 1.7998E-09 1.7389E-09 1.6798E-09 1.6225E-09 1.5670E-09 1.4758E-09 1.4043E-09 1.3202E-09 1.2209E-09 1.1033E-09 9.9753E-10 9.5847E-10 8.6205E-10 8.0635E-10 7.6683E-10 7.4920E-10 7.3193E-10 7.0551E-10 6.7928E-10 6.6397E-10 6.4898E-10 6.1553E-10 5.9438E-10
9.7979E-08 1.1163E-07 1.2847E-07 1.5028E-07 1.7903E-07 2.1368E-07 2.5018E-07 2.7680E-07 2.8022E-07 2.5412E-07 2.0217E-07 1.3702E-07 7.9786E-08 3.6874E-08 2.2690E-08 3.6823E-08 9.9642E-07 2.9544E-06 2.1056E-06 2.2098E-06 2.4442E-06 2.7490E-06 1.9472E-05 3.1504E-09 2.9815E-09 2.8461E-09 2.7342E-09 2.5856E-09 2.3706E-09 2.2883E-09 2.1603E-09 1.9852E-09 1.9206E-09 1.8579E-09 1.7968E-09 1.7375E-09 1.6799E-09 1.6240E-09 1.5698E-09 1.4790E-09 1.4079E-09 1.3239E-09 1.2082E-09 1.0600E-09 9.8556E-10 9.3829E-10 8.2260E-10 7.9326E-10 7.6429E-10 7.4707E-10 7.3020E-10 7.0399E-10 6.7799E-10 6.6300E-10 6.4830E-10 6.1491E-10 5.9393E-10
9.5166E-08 1.0919E-07 1.2741E-07 1.5262E-07 1.8741E-07 2.3215E-07 2.8476E-07 3.3278E-07 3.6315E-07 3.6346E-07 3.2220E-07 2.4301E-07 1.5513E-07 7.1387E-08 7.7028E-08 6.5414E-07 2.5234E-06 2.7060E-06 1.6313E-06 1.5300E-06 1.4404E-06 1.2374E-06 7.7903E-07 3.1138E-09 2.9573E-09 2.8199E-09 2.7189E-09 2.5724E-09 2.3577E-09 2.2780E-09 2.1496E-09 1.9745E-09 1.9120E-09 1.8512E-09 1.7919E-09 1.7342E-09 1.6782E-09 1.6236E-09 1.5707E-09 1.4805E-09 1.4099E-09 1.3261E-09 1.2099E-09 1.0592E-09 9.8448E-10 9.2302E-10 8.1902E-10 7.7849E-10 7.6137E-10 7.4456E-10 7.1781E-10 6.9132E-10 6.7636E-10 6.6168E-10 6.3690E-10 6.1398E-10 5.9320E-10
8.9204E-08 1.0225E-07 1.2001E-07 1.4544E-07 1.8110E-07 2.2901E-07 2.8824E-07 3.5170E-07 4.0939E-07 4.5780E-07 4.6856E-07 4.3587E-07 4.2171E-07 5.4297E-07 1.0334E-06 2.1916E-06 2.6443E-06 1.3854E-06 1.5125E-07 3.0912E-08 4.7104E-09 3.4686E-09 3.2385E-09 3.0784E-09 2.9296E-09 2.7971E-09 2.6986E-09 2.5115E-09 2.3422E-09 2.2651E-09 2.1378E-09 1.9619E-09 1.9015E-09 1.8425E-09 1.7850E-09 1.7290E-09 1.6745E-09 1.6214E-09 1.5452E-09 1.4803E-09 1.3939E-09 1.3269E-09 1.2103E-09 1.0430E-09 9.8262E-10 9.2102E-10 8.1499E-10 7.7472E-10 7.5803E-10 7.4163E-10 7.1516E-10 6.8897E-10 6.7434E-10 6.5999E-10 6.2571E-10 6.0459E-10 5.8467E-10
8.0328E-08 9.1519E-08 1.0710E-07 1.2957E-07 1.6110E-07 2.0404E-07 2.5904E-07 3.2440E-07 3.9819E-07 4.7833E-07 5.7845E-07 7.1646E-07 1.0760E-06 1.8676E-06 2.5130E-06 2.6605E-06 1.7402E-06 3.0855E-07 9.7281E-09 4.6762E-09 3.6622E-09 3.3893E-09 3.1891E-09 3.0402E-09 2.8976E-09 2.7720E-09 2.6259E-09 2.4006E-09 2.3243E-09 2.1954E-09 2.0852E-09 1.9476E-09 1.8891E-09 1.8321E-09 1.7763E-09 1.7220E-09 1.6690E-09 1.6174E-09 1.5254E-09 1.4538E-09 1.3676E-09 1.3044E-09 1.1831E-09 1.0277E-09 9.8001E-10 8.9532E-10 8.1055E-10 7.7057E-10 7.5431E-10 7.3832E-10 7.1215E-10 6.8627E-10 6.7198E-10 6.5794E-10 6.2386E-10 6.0298E-10 5.8327E-10
6.9796E-08 7.8514E-08 9.0731E-08 1.0828E-07 1.3277E-07 1.6604E-07 2.1000E-07 2.6427E-07 3.3274E-07 4.2064E-07 5.5161E-07 7.8060E-07 1.2676E-06 1.8539E-06 1.8152E-06 1.4378E-06 7.1170E-07 8.9178E-08 1.3314E-08 5.3412E-09 3.5482E-09 3.3098E-09 3.1325E-09 2.9868E-09 2.8546E-09 2.7438E-09 2.6008E-09 2.3778E-09 2.3043E-09 2.1758E-09 1.9893E-09 1.9316E-09 1.8752E-09 1.8200E-09 1.7660E-09 1.7133E-09 1.6619E-09 1.6118E-09 1.5208E-09 1.4502E-09 1.3646E-09 1.2431E-09 1.1323E-09 1.0018E-09 9.5312E-10 8.9156E-10 7.8210E-10 7.6600E-10 7.5016E-10 7.3458E-10 6.9736E-10 6.8317E-10 6.6922E-10 6.4460E-10 6.2163E-10 6.0101E-10 5.8152E-10
5.8656E-08 6.4808E-08 7.3382E-08 8.5609E-08 1.0254E-07 1.2567E-07 1.5680E-07 1.9628E-07 2.4844E-07 3.2020E-07 4.3044E-07 6.1273E-07 8.7992E-07 1.0976E-06 1.0227E-06 7.0772E-07 3.2249E-07 7.0235E-08 1.4574E-08 5.5424E-09 3.4532E-09 3.2279E-09 3.0730E-09 2.9293E-09 2.8139E-09 2.7113E-09 2.5742E-09 2.3532E-09 2.2824E-09 2.1552E-09 1.9699E-09 1.9143E-09 1.8597E-09 1.8064E-09 1.7542E-09 1.7031E-09 1.6533E-09 1.6046E-09 1.5147E-09 1.4275E-09 1.3603E-09 1.2391E-09 1.0747E-09 9.9699E-10 9.3316E-10 8.1710E-10 7.7666E-10 7.6098E-10 7.4554E-10 7.1930E-10 6.9349E-10 6.7963E-10 6.6600E-10 6.3147E-10 6.1067E-10 5.9879E-10 5.6959E-10
4.8049E-08 5.1843E-08 5.7226E-08 6.4752E-08 7.5328E-08 8.9964E-08 1.1001E-07 1.3599E-07 1.7134E-07 2.2143E-07 2.9605E-07 4.0444E-07 5.2710E-07 5.9586E-07 5.4428E-07 3.6661E-07 1.7052E-07 5.4533E-08 1.2498E-08 5.1843E-09 3.3507E-09 3.1583E-09 3.0211E-09 2.8865E-09 2.7710E-09 2.6259E-09 2.4966E-09 2.3276E-09 2.2590E-09 2.1342E-09 1.9496E-09 1.8958E-09 1.8431E-09 1.7915E-09 1.7409E-09 1.6915E-09 1.6431E-09 1.5514E-09 1.5070E-09 1.4208E-09 1.3544E-09 1.2051E-09 1.0400E-09 9.9143E-10 9.2783E-10 8.1069E-10 7.7081E-10 7.5552E-10 7.4046E-10 7.1456E-10 6.8925E-10 6.7572E-10 6.6240E-10 6.2829E-10 6.0788E-10 5.8844E-10 5.6731E-10
3.8583E-08 4.0609E-08 4.3460E-08 4.7696E-08 5.3528E-08 6.1907E-08 7.3634E-08 8.9321E-08 1.1075E-07 1.4140E-07 1.8416E-07 2.4068E-07 2.9353E-07 3.0952E-07 2.7250E-07 1.7894E-07 8.4015E-08 3.0517E-08 9.6846E-09 4.4747E-09 3.2448E-09 3.0886E-09 2.9578E-09 2.8337E-09 2.7265E-09 2.5917E-09 2.3675E-09 2.3004E-09 2.1734E-09 2.0681E-09 1.9281E-09 1.8761E-09 1.8252E-09 1.7752E-09 1.7262E-09 1.6782E-09 1.6312E-09 1.5410E-09 1.4712E-09 1.3856E-09 1.2613E-09 1.1988E-09 1.0334E-09 9.8527E-10 8.9633E-10 7.7972E-10 7.6460E-10 7.4968E-10 7.3498E-10 6.9802E-10 6.8460E-10 6.7138E-10 6.4747E-10 6.2469E-10 6.0465E-10 5.8555E-10 5.6473E-10
3.0705E-08 3.1474E-08 3.2652E-08 3.4475E-08 3.7311E-08 4.1486E-08 4.7630E-08 5.5873E-08 6.7338E-08 8.3303E-08 1.0460E-07 1.3004E-07 1.4991E-07 1.5052E-07 1.2832E-07 8.3316E-08 3.9534E-08 1.4725E-08 6.2905E-09 3.7516E-09 3.1526E-09 3.0190E-09 2.8876E-09 2.7790E-09 2.6835E-09 2.5555E-09 2.3368E-09 2.2720E-09 2.1476E-09 1.9570E-09 1.9059E-09 1.8557E-09 1.8063E-09 1.7578E-09 1.7103E-09 1.6637E-09 1.6180E-09 1.5296E-09 1.4432E-09 1.3765E-09 1.2531E-09 1.0805E-09 1.0015E-09 9.3635E-10 8.8945E-10 7.7265E-10 7.5787E-10 7.4330E-10 7.1758E-10 6.9260E-10 6.7947E-10 6.6653E-10 6.3245E-10 6.1230E-10 6.0099E-10 5.7209E-10 5.6174E-10
2.4405E-08 2.4344E-08 2.4602E-08 2.4938E-08 2.5959E-08 2.7582E-08 3.0178E-08 3.3873E-08 3.8888E-08 4.5893E-08 5.4495E-08 6.4493E-08 7.0873E-08 6.8883E-08 5.7222E-08 3.7795E-08 1.8201E-08 7.7506E-09 4.2913E-09 3.3122E-09 3.0773E-09 2.9531E-09 2.8309E-09 2.7253E-09 2.5911E-09 2.3686E-09 2.3047E-09 2.2409E-09 2.1207E-09 1.9324E-09 1.8829E-09 1.8341E-09 1.7862E-09 1.7391E-09 1.6929E-09 1.6475E-09 1.5582E-09 1.5164E-09 1.4314E-09 1.3656E-09 1.2437E-09 1.0422E-09 9.9320E-10 9.2870E-10 8.0440E-10 7.6529E-10 7.5085E-10 7.3659E-10 7.1134E-10 6.8681E-10 6.7397E-10 6.5033E-10 6.2778E-10 6.0799E-10 5.8912E-10 5.6847E-10 5.5053E-10
1.9498E-08 1.9079E-08 1.8689E-08 1.8406E-08 1.8456E-08 1.8716E-08 1.9249E-08 2.0464E-08 2.2052E-08 2.4279E-08 2.7239E-08 3.0418E-08 3.1895E-08 3.0086E-08 2.4812E-08 1.7028E-08 8.9341E-09 4.6236E-09 3.4597E-09 3.1285E-09 3.0007E-09 2.8763E-09 2.7684E-09 2.6754E-09 2.5500E-09 2.3327E-09 2.2706E-09 2.1480E-09 2.0461E-09 1.9070E-09 1.8588E-09 1.8113E-09 1.7647E-09 1.7188E-09 1.6738E-09 1.6296E-09 1.5420E-09 1.4739E-09 1.3897E-09 1.2655E-09 1.2039E-09 1.0332E-09 9.8465E-10 9.2081E-10 7.7218E-10 7.5786E-10 7.4372E-10 7.2976E-10 6.9363E-10 6.8088E-10 6.6829E-10 6.4507E-10 6.1447E-10 6.0346E-10 5.8491E-10 5.6461E-10 5.4696E-10
1.5762E-08 1.5185E-08 1.4581E-08 1.4049E-08 1.3575E-08 1.3234E-08 1.2971E-08 1.3004E-08 1.3139E-08 1.3463E-08 1.4031E-08 1.4745E-08 1.4775E-08 1.3575E-08 1.1184E-08 8.2920E-09 5.2235E-09 3.6009E-09 3.2282E-09 3.0489E-09 2.9293E-09 2.8131E-09 2.7121E-09 2.5797E-09 2.4591E-09 2.2972E-09 2.2360E-09 2.1171E-09 1.9291E-09 1.8814E-09 1.8344E-09 1.7882E-09 1.7427E-09 1.6979E-09 1.6539E-09 1.6107E-09 1.5248E-09 1.4405E-09 1.3754E-09 1.2532E-09 1.1376E-09 9.9782E-10 9.3272E-10 8.8543E-10 7.6433E-10 7.5029E-10 7.3642E-10 7.1144E-10 6.8720E-10 6.7469E-10 6.6234E-10 6.2897E-10 6.0941E-10 5.9075E-10 5.7027E-10 5.6036E-10 5.3594E-10
1.2952E-08 1.2374E-08 1.1739E-08 1.1141E-08 1.0551E-08 1.0006E-08 9.4674E-09 9.0065E-09 8.6378E-09 8.4059E-09 8.3186E-09 8.1718E-09 7.7570E-09 6.9795E-09 5.8855E-09 4.8195E-09 3.8414E-09 3.2856E-09 3.0938E-09 2.9738E-09 2.8531E-09 2.7503E-09 2.6616E-09 2.5387E-09 2.3227E-09 2.2627E-09 2.1414E-09 2.0865E-09 1.9023E-09 1.8556E-09 1.8096E-09 1.7643E-09 1.7197E-09 1.6759E-09 1.6327E-09 1.5458E-09 1.5060E-09 1.4231E-09 1.3417E-09 1.2092E-09 1.0364E-09 9.8761E-10 9.2358E-10 8.3743E-10 7.5640E-10 7.4261E-10 7.2899E-10 6.9304E-10 6.8059E-10 6.6829E-10 6.4529E-10 6.2330E-10 6.0406E-10 5.8569E-10 5.6553E-10 5.4802E-10 5.2438E-10
1.0882E-08 1.0350E-08 9.7879E-09 9.2060E-09 8.6283E-09 8.0427E-09 7.4819E-09 6.9752E-09 6.5273E-09 6.0929E-09 5.8351E-09 5.5323E-09 5.1209E-09 4.6516E-09 4.1398E-09 3.6377E-09 3.2942E-09 3.1344E-09 3.0134E-09 2.8969E-09 2.7906E-09 2.6937E-09 2.5670E-09 2.4481E-09 2.2875E-09 2.2279E-09 2.1102E-09 1.9223E-09 1.8759E-09 1.8301E-09 1.7850E-09 1.7406E-09 1.6968E-09 1.6537E-09 1.6114E-09 1.5260E-09 1.4421E-09 1.3774E-09 1.2552E-09 1.1951E-09 1.0251E-09 9.7708E-10 9.1408E-10 7.6218E-10 7.4845E-10 7.3488E-10 7.1012E-10 6.8610E-10 6.7384E-10 6.6173E-10 6.2849E-10 6.0911E-10 5.9850E-10 5.7027E-10 5.6054E-10 5.3620E-10 5.1998E-10
9.2868E-09 8.8412E-09 8.3755E-09 7.8729E-09 7.3603E-09 6.8394E-09 6.3641E-09 5.9013E-09 5.4649E-09 5.0465E-09 4.6515E-09 4.2793E-09 3.9850E-09 3.7356E-09 3.5248E-09 3.3387E-09 3.1734E-09 3.0510E-09 2.9358E-09 2.8255E-09 2.7289E-09 2.6469E-09 2.5263E-09 2.3117E-09 2.2531E-09 2.1797E-09 2.0794E-09 1.8953E-09 1.8497E-09 1.8047E-09 1.7604E-09 1.7167E-09 1.6736E-09 1.6313E-09 1.5449E-09 1.5057E-09 1.4232E-09 1.3420E-09 1.2394E-09 1.0357E-09 9.8700E-10 9.2297E-10 8.6428E-10 7.5399E-10 7.4047E-10 7.2710E-10 6.9132E-10 6.7909E-10 6.6701E-10 6.4420E-10 6.2235E-10 6.0327E-10 5.8504E-10 5.6499E-10 5.4760E-10 5.3140E-10 5.1540E-10
8.0608E-09 7.6696E-09 7.2555E-09 6.8344E-09 6.4350E-09 6.0411E-09 5.6536E-09 5.2776E-09 4.9242E-09 4.5804E-09 4.2439E-09 3.9820E-09 3.7495E-09 3.5506E-09 3.3705E-09 3.2066E-09 3.0834E-09 2.9690E-09 2.8568E-09 2.7600E-09 2.6755E-09 2.5530E-09 2.4863E-09 2.2766E-09 2.2180E-09 2.1016E-09 2.0039E-09 1.8687E-09 1.8238E-09 1.7795E-09 1.7359E-09 1.6929E-09 1.6505E-09 1.6088E-09 1.5239E-09 1.4403E-09 1.3760E-09 1.2538E-09 1.1939E-09 1.0232E-09 9.7523E-10 9.1220E-10 8.1506E-10 7.4582E-10 7.3249E-10 7.1930E-10 6.8409E-10 6.7203E-10 6.6011E-10 6.3765E-10 6.0777E-10 5.9732E-10 5.6917E-10 5.5959E-10 5.4244E-10 5.1918E-10 5.1068E-10
7.0420E-09 6.7162E-09 6.3902E-09 6.0677E-09 5.7407E-09 5.4185E-09 5.1002E-09 4.7872E-09 4.4793E-09 4.1955E-09 3.9600E-09 3.7466E-09 3.5616E-09 3.3880E-09 3.2322E-09 3.1097E-09 2.9962E-09 2.8855E-09 2.7905E-09 2.7028E-09 2.6300E-09 2.5114E-09 2.2986E-09 2.2412E-09 2.1692E-09 2.0700E-09 1.8865E-09 1.8418E-09 1.7977E-09 1.7541E-09 1.7112E-09 1.6688E-09 1.6272E-09 1.5413E-09 1.5027E-09 1.4206E-09 1.3398E-09 1.2373E-09 1.1103E-09 1.0105E-09 9.4734E-10 8.6180E-10 7.5089E-10 7.3759E-10 7.2444E-10 6.8884E-10 6.7680E-10 6.6491E-10 6.4228E-10 6.2056E-10 6.0163E-10 5.8354E-10 5.6360E-10 5.4632E-10 5.3022E-10 5.1431E-10 5.0591E-10
6.2383E-09 5.9853E-09 5.7193E-09 5.4502E-09 5.1796E-09 4.9106E-09 4.6380E-09 4.3669E-09 4.1303E-09 3.9225E-09 3.7337E-09 3.5581E-09 3.3938E-09 3.2500E-09 3.1297E-09 3.0181E-09 2.9102E-09 2.8158E-09 2.7277E-09 2.6538E-09 2.5345E-09 2.4192E-09 2.2619E-09 2.2041E-09 2.0896E-09 1.9930E-09 1.8586E-09 1.8147E-09 1.7713E-09 1.7284E-09 1.6862E-09 1.6446E-09 1.6036E-09 1.5193E-09 1.4363E-09 1.4007E-09 1.2922E-09 1.1909E-09 1.0199E-09 9.7210E-10 9.0918E-10 8.1192E-10 7.4242E-10 7.2931E-10 7.1635E-10 6.8134E-10 6.6947E-10 6.5774E-10 6.3547E-10 6.0575E-10 5.9546E-10 5.7763E-10 5.5799E-10 5.4096E-10 5.1779E-10 5.0940E-10 5.0112E-10
5.6070E-09 5.3916E-09 5.1679E-09 4.9445E-09 4.7120E-09 4.4831E-09 4.2521E-09 4.0581E-09 3.8767E-09 3.7027E-09 3.5397E-09 3.3917E-09 3.2603E-09 3.1431E-09 3.0332E-09 2.9295E-09 2.8361E-09 2.7496E-09 2.6760E-09 2.6071E-09 2.4908E-09 2.2808E-09 2.2241E-09 2.1543E-09 2.0564E-09 1.8742E-09 1.8305E-09 1.7873E-09 1.7446E-09 1.7025E-09 1.6610E-09 1.6201E-09 1.5350E-09 1.4971E-09 1.4156E-09 1.3353E-09 1.2331E-09 1.1319E-09 1.0067E-09 9.4367E-10 8.5822E-10 7.4695E-10 7.3390E-10 7.2098E-10 6.8562E-10 6.7379E-10 6.6210E-10 6.3968E-10 6.1814E-10 5.9939E-10 5.8146E-10 5.6167E-10 5.4452E-10 5.2854E-10 5.1274E-10 5.0447E-10 4.9629E-10
