Assets/Resources/2015_m01_d31_1700(utc+0800)_l00_csi_1hr_conc.grd
DSAA
         159         159
     -79.000      79.000
     -79.000      79.000
  0.0000E+00  0.4920E-05
[rows 25 to 49 of 159, columns 0 to 56 of 159]
3.5203E-09 3.8426E-09 4.1836E-09 4.5412E-09 4.9158E-09 5.3066E-09 5.7108E-09 6.1272E-09 6.5547E-09 6.9900E-09 7.4297E-09 7.8721E-09 8.3137E-09 8.7489E-09 9.1739E-09 9.5854E-09 9.9767E-09 1.0344E-08 1.0681E-08 1.0982E-08 1.1245E-08 1.1464E-08 1.1631E-08 1.1746E-08 1.1806E-08 1.1805E-08 1.1747E-08 1.1624E-08 1.1437E-08 1.1188E-08 1.0881E-08 1.0518E-08 1.0104E-08 9.6444E-09 9.1461E-09 8.6151E-09 8.0596E-09 7.4877E-09 6.9068E-09 6.3248E-09 5.7491E-09 5.1865E-09 4.6427E-09 4.1237E-09 3.6310E-09 3.1718E-09 2.7488E-09 2.3617E-09 2.0119E-09 1.6994E-09 1.4229E-09 1.1804E-09 9.6732E-10 7.8113E-10 6.2113E-10 4.8243E-10 3.5682E-10
3.4150E-09 3.7344E-09 4.0719E-09 4.4271E-09 4.8011E-09 5.1919E-09 5.5968E-09 6.0162E-09 6.4481E-09 6.8889E-09 7.3364E-09 7.7885E-09 8.2408E-09 8.6881E-09 9.1279E-09 9.5552E-09 9.9643E-09 1.0350E-08 1.0706E-08 1.1030E-08 1.1315E-08 1.1553E-08 1.1745E-08 1.1884E-08 1.1964E-08 1.1987E-08 1.1946E-08 1.1838E-08 1.1670E-08 1.1438E-08 1.1144E-08 1.0792E-08 1.0386E-08 9.9315E-09 9.4342E-09 8.9033E-09 8.3448E-09 7.7664E-09 7.1768E-09 6.5838E-09 5.9953E-09 5.4176E-09 4.8578E-09 4.3198E-09 3.8095E-09 3.3339E-09 2.8925E-09 2.4888E-09 2.1232E-09 1.7950E-09 1.5046E-09 1.2497E-09 1.0240E-09 8.2735E-10 6.5747E-10 5.1073E-10 3.8019E-10
3.3013E-09 3.6149E-09 3.9482E-09 4.3003E-09 4.6721E-09 5.0603E-09 5.4651E-09 5.8863E-09 6.3202E-09 6.7644E-09 7.2181E-09 7.6780E-09 8.1386E-09 8.5970E-09 9.0505E-09 9.4921E-09 9.9163E-09 1.0320E-08 1.0697E-08 1.1041E-08 1.1345E-08 1.1609E-08 1.1824E-08 1.1984E-08 1.2090E-08 1.2134E-08 1.2112E-08 1.2029E-08 1.1881E-08 1.1665E-08 1.1386E-08 1.1048E-08 1.0651E-08 1.0205E-08 9.7152E-09 9.1859E-09 8.6265E-09 8.0448E-09 7.4484E-09 6.8459E-09 6.2448E-09 5.6535E-09 5.0762E-09 4.5214E-09 3.9953E-09 3.5011E-09 3.0425E-09 2.6213E-09 2.2391E-09 1.8959E-09 1.5912E-09 1.3218E-09 1.0852E-09 8.7756E-10 6.9772E-10 5.4123E-10 4.0406E-10
3.1780E-09 3.4861E-09 3.8141E-09 4.1608E-09 4.5285E-09 4.9136E-09 5.3167E-09 5.7366E-09 6.1704E-09 6.6173E-09 7.0756E-09 7.5402E-09 8.0076E-09 8.4766E-09 8.9407E-09 9.3936E-09 9.8338E-09 1.0254E-08 1.0647E-08 1.1011E-08 1.1339E-08 1.1624E-08 1.1861E-08 1.2047E-08 1.2177E-08 1.2244E-08 1.2250E-08 1.2191E-08 1.2061E-08 1.1867E-08 1.1609E-08 1.1286E-08 1.0908E-08 1.0474E-08 9.9906E-09 9.4672E-09 8.9093E-09 8.3258E-09 7.7249E-09 7.1147E-09 6.5035E-09 5.8976E-09 5.3064E-09 4.7380E-09 4.1957E-09 3.6845E-09 3.2080E-09 2.7698E-09 2.3706E-09 2.0085E-09 1.6878E-09 1.4037E-09 1.1523E-09 9.3046E-10 7.3798E-10 5.7463E-10 4.3330E-10
3.0481E-09 3.3481E-09 3.6693E-09 4.0097E-09 4.3718E-09 4.7517E-09 5.1514E-09 5.5683E-09 6.0008E-09 6.4486E-09 6.9080E-09 7.3751E-09 7.8492E-09 8.3248E-09 8.7963E-09 9.2618E-09 9.7148E-09 1.0148E-08 1.0561E-08 1.0944E-08 1.1290E-08 1.1598E-08 1.1860E-08 1.2069E-08 1.2224E-08 1.2321E-08 1.2352E-08 1.2315E-08 1.2215E-08 1.2045E-08 1.1808E-08 1.1508E-08 1.1144E-08 1.0724E-08 1.0253E-08 9.7370E-09 9.1847E-09 8.6023E-09 7.9996E-09 7.3823E-09 6.7638E-09 6.1470E-09 5.5447E-09 4.9613E-09 4.4018E-09 3.8731E-09 3.3793E-09 2.9218E-09 2.5046E-09 2.1282E-09 1.7905E-09 1.4883E-09 1.2212E-09 9.8630E-10 7.8483E-10 6.1082E-10 4.6314E-10
2.9104E-09 3.2022E-09 3.5158E-09 3.8481E-09 4.2026E-09 4.5766E-09 4.9706E-09 5.3822E-09 5.8117E-09 6.2576E-09 6.7160E-09 7.1849E-09 7.6617E-09 8.1411E-09 8.6207E-09 9.0949E-09 9.5575E-09 1.0007E-08 1.0434E-08 1.0833E-08 1.1201E-08 1.1531E-08 1.1814E-08 1.2052E-08 1.2235E-08 1.2355E-08 1.2415E-08 1.2410E-08 1.2336E-08 1.2193E-08 1.1981E-08 1.1703E-08 1.1361E-08 1.0960E-08 1.0504E-08 9.9999E-09 9.4540E-09 8.8760E-09 8.2715E-09 7.6536E-09 7.0270E-09 6.4038E-09 5.7899E-09 5.1926E-09 4.6196E-09 4.0745E-09 3.5632E-09 3.0888E-09 2.6534E-09 2.2569E-09 1.8996E-09 1.5812E-09 1.2969E-09 1.0466E-09 8.3181E-10 6.5111E-10 4.9972E-10
2.7671E-09 3.0499E-09 3.3539E-09 3.6769E-09 4.0228E-09 4.3888E-09 4.7750E-09 5.1802E-09 5.6047E-09 6.0459E-09 6.5012E-09 6.9693E-09 7.4466E-09 7.9289E-09 8.4123E-09 8.8922E-09 9.3655E-09 9.8257E-09 1.0266E-08 1.0683E-08 1.1070E-08 1.1418E-08 1.1730E-08 1.1993E-08 1.2200E-08 1.2353E-08 1.2443E-08 1.2466E-08 1.2422E-08 1.2308E-08 1.2125E-08 1.1874E-08 1.1556E-08 1.1175E-08 1.0735E-08 1.0245E-08 9.7113E-09 9.1395E-09 8.5419E-09 7.9234E-09 7.2966E-09 6.6671E-09 6.0441E-09 5.4347E-09 4.8458E-09 4.2846E-09 3.7550E-09 3.2606E-09 2.8048E-09 2.3911E-09 2.0162E-09 1.6781E-09 1.3745E-09 1.1107E-09 8.8780E-10 6.9697E-10 5.3829E-10
2.6189E-09 2.8911E-09 3.1849E-09 3.4973E-09 3.8336E-09 4.1901E-09 4.5665E-09 4.9636E-09 5.3806E-09 5.8153E-09 6.2656E-09 6.7299E-09 7.2048E-09 7.6867E-09 8.1721E-09 8.6572E-09 9.1364E-09 9.6056E-09 1.0060E-08 1.0491E-08 1.0895E-08 1.1268E-08 1.1602E-08 1.1889E-08 1.2127E-08 1.2309E-08 1.2429E-08 1.2484E-08 1.2472E-08 1.2390E-08 1.2237E-08 1.2013E-08 1.1721E-08 1.1365E-08 1.0950E-08 1.0477E-08 9.9584E-09 9.3977E-09 8.8073E-09 8.1932E-09 7.5650E-09 6.9308E-09 6.2997E-09 5.6800E-09 5.0789E-09 4.5019E-09 3.9552E-09 3.4434E-09 2.9694E-09 2.5344E-09 2.1373E-09 1.7772E-09 1.4579E-09 1.1829E-09 9.4746E-10 7.4837E-10 5.8307E-10
2.4664E-09 2.7275E-09 3.0101E-09 3.3107E-09 3.6360E-09 3.9810E-09 4.3469E-09 4.7338E-09 5.1414E-09 5.5672E-09 6.0102E-09 6.4688E-09 6.9391E-09 7.4183E-09 7.9031E-09 8.3896E-09 8.8742E-09 9.3508E-09 9.8129E-09 1.0259E-08 1.0682E-08 1.1074E-08 1.1430E-08 1.1744E-08 1.2010E-08 1.2221E-08 1.2373E-08 1.2462E-08 1.2482E-08 1.2434E-08 1.2315E-08 1.2124E-08 1.1864E-08 1.1533E-08 1.1143E-08 1.0694E-08 1.0193E-08 9.6493E-09 9.0707E-09 8.4648E-09 7.8396E-09 7.2047E-09 6.5686E-09 5.9397E-09 5.3249E-09 4.7325E-09 4.1678E-09 3.6357E-09 3.1390E-09 2.6812E-09 2.2622E-09 1.8841E-09 1.5494E-09 1.2608E-09 1.0138E-09 8.0553E-10 6.2910E-10
2.3110E-09 2.5602E-09 2.8301E-09 3.1185E-09 3.4317E-09 3.7637E-09 4.1170E-09 4.4927E-09 4.8886E-09 5.3035E-09 5.7373E-09 6.1874E-09 6.6504E-09 7.1245E-09 7.6068E-09 8.0935E-09 8.5794E-09 9.0605E-09 9.5332E-09 9.9908E-09 1.0428E-08 1.0839E-08 1.1217E-08 1.1555E-08 1.1848E-08 1.2090E-08 1.2275E-08 1.2396E-08 1.2453E-08 1.2439E-08 1.2355E-08 1.2198E-08 1.1970E-08 1.1675E-08 1.1312E-08 1.0892E-08 1.0418E-08 9.8947E-09 9.3303E-09 8.7336E-09 8.1136E-09 7.4796E-09 6.8394E-09 6.2024E-09 5.5766E-09 4.9685E-09 4.3871E-09 3.8360E-09 3.3204E-09 2.8384E-09 2.3957E-09 1.9982E-09 1.6485E-09 1.3466E-09 1.0882E-09 8.6614E-10 6.7893E-10
2.1539E-09 2.3900E-09 2.6467E-09 2.9221E-09 3.2210E-09 3.5392E-09 3.8796E-09 4.2409E-09 4.6234E-09 5.0266E-09 5.4486E-09 5.8876E-09 6.3416E-09 6.8085E-09 7.2855E-09 7.7688E-09 8.2547E-09 8.7396E-09 9.2185E-09 9.6857E-09 1.0136E-08 1.0564E-08 1.0962E-08 1.1324E-08 1.1644E-08 1.1914E-08 1.2131E-08 1.2288E-08 1.2377E-08 1.2402E-08 1.2356E-08 1.2238E-08 1.2048E-08 1.1790E-08 1.1466E-08 1.1077E-08 1.0629E-08 1.0127E-08 9.5818E-09 8.9992E-09 8.3893E-09 7.7599E-09 7.1191E-09 6.4767E-09 5.8399E-09 5.2185E-09 4.6185E-09 4.0475E-09 3.5080E-09 3.0028E-09 2.5377E-09 2.1189E-09 1.7572E-09 1.4419E-09 1.1661E-09 9.3024E-10 7.3222E-10
1.9957E-09 2.2184E-09 2.4613E-09 2.7222E-09 3.0060E-09 3.3100E-09 3.6344E-09 3.9809E-09 4.3495E-09 4.7375E-09 5.1456E-09 5.5724E-09 6.0147E-09 6.4721E-09 6.9420E-09 7.4193E-09 7.9033E-09 8.3891E-09 8.8715E-09 9.3463E-09 9.8080E-09 1.0250E-08 1.0667E-08 1.1051E-08 1.1395E-08 1.1694E-08 1.1942E-08 1.2133E-08 1.2263E-08 1.2327E-08 1.2319E-08 1.2243E-08 1.2097E-08 1.1879E-08 1.1591E-08 1.1235E-08 1.0819E-08 1.0346E-08 9.8240E-09 9.2600E-09 8.6617E-09 8.0378E-09 7.3971E-09 6.7498E-09 6.1042E-09 5.4695E-09 4.8528E-09 4.2604E-09 3.6991E-09 3.1761E-09 2.6947E-09 2.2599E-09 1.8717E-09 1.5373E-09 1.2493E-09 9.9995E-10 7.9091E-10
1.8388E-09 2.0471E-09 2.2748E-09 2.5210E-09 2.7894E-09 3.0763E-09 3.3852E-09 3.7156E-09 4.0665E-09 4.4393E-09 4.8327E-09 5.2440E-09 5.6732E-09 6.1194E-09 6.5777E-09 7.0488E-09 7.5280E-09 8.0116E-09 8.4960E-09 8.9746E-09 9.4431E-09 9.8985E-09 1.0331E-08 1.0736E-08 1.1105E-08 1.1433E-08 1.1714E-08 1.1938E-08 1.2106E-08 1.2210E-08 1.2248E-08 1.2217E-08 1.2113E-08 1.1937E-08 1.1690E-08 1.1376E-08 1.0997E-08 1.0555E-08 1.0060E-08 9.5169E-09 8.9351E-09 8.3207E-09 7.6851E-09 7.0354E-09 6.3836E-09 5.7355E-09 5.1011E-09 4.4907E-09 3.9086E-09 3.3637E-09 2.8633E-09 2.4124E-09 2.0064E-09 1.6463E-09 1.3346E-09 1.0723E-09 8.5361E-10
1.6829E-09 1.8768E-09 2.0904E-09 2.3207E-09 2.5715E-09 2.8426E-09 3.1346E-09 3.4455E-09 3.7792E-09 4.1360E-09 4.5101E-09 4.9059E-09 5.3208E-09 5.7521E-09 6.1990E-09 6.6601E-09 7.1318E-09 7.6093E-09 8.0921E-09 8.5747E-09 9.0513E-09 9.5159E-09 9.9631E-09 1.0384E-08 1.0776E-08 1.1132E-08 1.1443E-08 1.1705E-08 1.1912E-08 1.2059E-08 1.2141E-08 1.2154E-08 1.2096E-08 1.1966E-08 1.1765E-08 1.1492E-08 1.1151E-08 1.0746E-08 1.0282E-08 9.7654E-09 9.2009E-09 8.5995E-09 7.9694E-09 7.3191E-09 6.6613E-09 6.0015E-09 5.3545E-09 4.7245E-09 4.1234E-09 3.5619E-09 3.0447E-09 2.5763E-09 2.1503E-09 1.7689E-09 1.4350E-09 1.1499E-09 9.2014E-10
1.5301E-09 1.7102E-09 1.9072E-09 2.1216E-09 2.3565E-09 2.6087E-09 2.8827E-09 3.1758E-09 3.4909E-09 3.8279E-09 4.1837E-09 4.5624E-09 4.9594E-09 5.3743E-09 5.8085E-09 6.2570E-09 6.7178E-09 7.1908E-09 7.6679E-09 8.1504E-09 8.6313E-09 9.1034E-09 9.5624E-09 1.0002E-08 1.0416E-08 1.0797E-08 1.1139E-08 1.1437E-08 1.1683E-08 1.1872E-08 1.1998E-08 1.2058E-08 1.2049E-08 1.1967E-08 1.1812E-08 1.1586E-08 1.1289E-08 1.0925E-08 1.0495E-08 1.0005E-08 9.4649E-09 8.8793E-09 8.2568E-09 7.6084E-09 6.9463E-09 6.2787E-09 5.6192E-09 4.9744E-09 4.3583E-09 3.7771E-09 3.2405E-09 2.7505E-09 2.3054E-09 1.9046E-09 1.5513E-09 1.2466E-09 9.8577E-10
1.3822E-09 1.5466E-09 1.7282E-09 1.9274E-09 2.1431E-09 2.3775E-09 2.6346E-09 2.9064E-09 3.2018E-09 3.5208E-09 3.8563E-09 4.2152E-09 4.5939E-09 4.9926E-09 5.4081E-09 5.8436E-09 6.2929E-09 6.7562E-09 7.2302E-09 7.7108E-09 8.1915E-09 8.6693E-09 9.1385E-09 9.5930E-09 1.0026E-08 1.0432E-08 1.0804E-08 1.1136E-08 1.1420E-08 1.1651E-08 1.1823E-08 1.1931E-08 1.1970E-08 1.1938E-08 1.1836E-08 1.1659E-08 1.1407E-08 1.1083E-08 1.0690E-08 1.0233E-08 9.7154E-09 9.1492E-09 8.5367E-09 7.8957E-09 7.2313E-09 6.5585E-09 5.8905E-09 5.2333E-09 4.6030E-09 4.0067E-09 3.4517E-09 2.9399E-09 2.4750E-09 2.0541E-09 1.6820E-09 1.3565E-09 1.0778E-09
1.2388E-09 1.3887E-09 1.5558E-09 1.7370E-09 1.9353E-09 2.1527E-09 2.3891E-09 2.6412E-09 2.9179E-09 3.2148E-09 3.5304E-09 3.8698E-09 4.2272E-09 4.6065E-09 5.0079E-09 5.4260E-09 5.8631E-09 6.3161E-09 6.7823E-09 7.2564E-09 7.7364E-09 8.2174E-09 8.6943E-09 9.1610E-09 9.6116E-09 1.0040E-08 1.0441E-08 1.0805E-08 1.1126E-08 1.1399E-08 1.1616E-08 1.1772E-08 1.1863E-08 1.1886E-08 1.1834E-08 1.1707E-08 1.1503E-08 1.1224E-08 1.0870E-08 1.0445E-08 9.9561E-09 9.4093E-09 8.8145E-09 8.1828E-09 7.5226E-09 6.8517E-09 6.1731E-09 5.5070E-09 4.8648E-09 4.2526E-09 3.6794E-09 3.1464E-09 2.6597E-09 2.2221E-09 1.8281E-09 1.4812E-09 1.1811E-09
1.1028E-09 1.2383E-09 1.3888E-09 1.5543E-09 1.7356E-09 1.9330E-09 2.1507E-09 2.3838E-09 2.6380E-09 2.9154E-09 3.2097E-09 3.5265E-09 3.8659E-09 4.2251E-09 4.6076E-09 5.0104E-09 5.4326E-09 5.8726E-09 6.3282E-09 6.7954E-09 7.2714E-09 7.7538E-09 8.2357E-09 8.7120E-09 9.1778E-09 9.6273E-09 1.0053E-08 1.0448E-08 1.0804E-08 1.1118E-08 1.1380E-08 1.1587E-08 1.1730E-08 1.1804E-08 1.1806E-08 1.1730E-08 1.1577E-08 1.1342E-08 1.1030E-08 1.0642E-08 1.0184E-08 9.6618E-09 9.0850E-09 8.4674E-09 7.8141E-09 7.1445E-09 6.4651E-09 5.7978E-09 5.1445E-09 4.5182E-09 3.9261E-09 3.3726E-09 2.8632E-09 2.4012E-09 1.9888E-09 1.6239E-09 1.3024E-09
9.7215E-10 1.0941E-09 1.2314E-09 1.3798E-09 1.5430E-09 1.7229E-09 1.9220E-09 2.1343E-09 2.3668E-09 2.6246E-09 2.8981E-09 3.1921E-09 3.5127E-09 3.8537E-09 4.2153E-09 4.6000E-09 5.0051E-09 5.4310E-09 5.8740E-09 6.3320E-09 6.8035E-09 7.2835E-09 7.7673E-09 8.2511E-09 8.7301E-09 9.1970E-09 9.6448E-09 1.0068E-08 1.0460E-08 1.0812E-08 1.1120E-08 1.1374E-08 1.1568E-08 1.1696E-08 1.1749E-08 1.1728E-08 1.1623E-08 1.1438E-08 1.1169E-08 1.0820E-08 1.0398E-08 9.9048E-09 9.3569E-09 8.7536E-09 8.1146E-09 7.4530E-09 6.7779E-09 6.1074E-09 5.4450E-09 4.8066E-09 4.1958E-09 3.6210E-09 3.0893E-09 2.6025E-09 2.1656E-09 1.7795E-09 1.4427E-09
8.4882E-10 9.5957E-10 1.0802E-09 1.2133E-09 1.3620E-09 1.5218E-09 1.7020E-09 1.8957E-09 2.1102E-09 2.3447E-09 2.5983E-09 2.8736E-09 3.1720E-09 3.4925E-09 3.8345E-09 4.1995E-09 4.5874E-09 4.9961E-09 5.4250E-09 5.8725E-09 6.3364E-09 6.8115E-09 7.2953E-09 7.7841E-09 8.2722E-09 8.7524E-09 9.2210E-09 9.6711E-09 1.0094E-08 1.0485E-08 1.0834E-08 1.1136E-08 1.1379E-08 1.1557E-08 1.1664E-08 1.1693E-08 1.1643E-08 1.1506E-08 1.1285E-08 1.0980E-08 1.0598E-08 1.0141E-08 9.6207E-09 9.0434E-09 8.4289E-09 7.7783E-09 7.1128E-09 6.4455E-09 5.7809E-09 5.1339E-09 4.5063E-09 3.9130E-09 3.3562E-09 2.8449E-09 2.3810E-09 1.9684E-09 1.6053E-09
7.3647E-10 8.3193E-10 9.3877E-10 1.0582E-09 1.1886E-09 1.3335E-09 1.4951E-09 1.6707E-09 1.8652E-09 2.0838E-09 2.3159E-09 2.5688E-09 2.8469E-09 3.1469E-09 3.4667E-09 3.8124E-09 4.1820E-09 4.5732E-09 4.9865E-09 5.4215E-09 5.8742E-09 6.3428E-09 6.8236E-09 7.3134E-09 7.8066E-09 8.2998E-09 8.7857E-09 9.2578E-09 9.7106E-09 1.0135E-08 1.0525E-08 1.0868E-08 1.1158E-08 1.1386E-08 1.1545E-08 1.1630E-08 1.1630E-08 1.1549E-08 1.1379E-08 1.1125E-08 1.0785E-08 1.0368E-08 9.8854E-09 9.3397E-09 8.7491E-09 8.1207E-09 7.4740E-09 6.8068E-09 6.1376E-09 5.4771E-09 4.8332E-09 4.2186E-09 3.6386E-09 3.1021E-09 2.6114E-09 2.1708E-09 1.7800E-09
6.2844E-10 7.1248E-10 8.0722E-10 9.1355E-10 1.0276E-09 1.1573E-09 1.3043E-09 1.4617E-09 1.6387E-09 1.8365E-09 2.0501E-09 2.2830E-09 2.5396E-09 2.8181E-09 3.1161E-09 3.4432E-09 3.7937E-09 4.1650E-09 4.5622E-09 4.9824E-09 5.4222E-09 5.8805E-09 6.3558E-09 6.8435E-09 7.3400E-09 7.8407E-09 8.3399E-09 8.8323E-09 9.3097E-09 9.7648E-09 1.0188E-08 1.0572E-08 1.0906E-08 1.1185E-08 1.1396E-08 1.1534E-08 1.1592E-08 1.1565E-08 1.1449E-08 1.1248E-08 1.0959E-08 1.0594E-08 1.0149E-08 9.6438E-09 9.0886E-09 8.4870E-09 7.8570E-09 7.1995E-09 6.5351E-09 5.8684E-09 5.2177E-09 4.5859E-09 3.9848E-09 3.4231E-09 2.9052E-09 2.4351E-09 2.0134E-09
5.3152E-10 6.0278E-10 6.8716E-10 7.7903E-10 8.8220E-10 9.9769E-10 1.1281E-09 1.2694E-09 1.4278E-09 1.6083E-09 1.8022E-09 2.0143E-09 2.2513E-09 2.5092E-09 2.7863E-09 3.0927E-09 3.4219E-09 3.7749E-09 4.1544E-09 4.5571E-09 4.9813E-09 5.4277E-09 5.8945E-09 6.3767E-09 6.8715E-09 7.3771E-09 7.8859E-09 8.3930E-09 8.8908E-09 9.3715E-09 9.8276E-09 1.0248E-08 1.0627E-08 1.0952E-08 1.1215E-08 1.1408E-08 1.1522E-08 1.1554E-08 1.1497E-08 1.1354E-08 1.1121E-08 1.0810E-08 1.0419E-08 9.9658E-09 9.4455E-09 8.8739E-09 8.2637E-09 7.6197E-09 6.9621E-09 6.2926E-09 5.6310E-09 4.9810E-09 4.3587E-09 3.7702E-09 3.2242E-09 2.7235E-09 2.2689E-09
4.4355E-10 5.0769E-10 5.8009E-10 6.5963E-10 7.4858E-10 8.5155E-10 9.6705E-10 1.0925E-09 1.2353E-09 1.3978E-09 1.5734E-09 1.7659E-09 1.9834E-09 2.2203E-09 2.4772E-09 2.7634E-09 3.0716E-09 3.4034E-09 3.7634E-09 4.1463E-09 4.5542E-09 4.9861E-09 5.4401E-09 5.9139E-09 6.4061E-09 6.9110E-09 7.4254E-09 7.9427E-09 8.4575E-09 8.9601E-09 9.4432E-09 9.9006E-09 1.0319E-08 1.0691E-08 1.1004E-08 1.1252E-08 1.1425E-08 1.1516E-08 1.1523E-08 1.1442E-08 1.1275E-08 1.1026E-08 1.0694E-08 1.0291E-08 9.8144E-09 9.2839E-09 8.6974E-09 8.0732E-09 7.4265E-09 6.7624E-09 6.0991E-09 5.4417E-09 4.8054E-09 4.1964E-09 3.6226E-09 3.0898E-09 2.6005E-09
3.6644E-10 4.2147E-10 4.8276E-10 5.5363E-10 6.3190E-10 7.2090E-10 8.2221E-10 9.3362E-10 1.0605E-09 1.2058E-09 1.3634E-09 1.5374E-09 1.7353E-09 1.9532E-09 2.1909E-09 2.4551E-09 2.7420E-09 3.0527E-09 3.3915E-09 3.7538E-09 4.1429E-09 4.5574E-09 4.9970E-09 5.4599E-09 5.9438E-09 6.4447E-09 6.9594E-09 7.4844E-09 8.0102E-09 8.5310E-09 9.0409E-09 9.5291E-09 9.9859E-09 1.0400E-08 1.0764E-08 1.1067E-08 1.1298E-08 1.1453E-08 1.1528E-08 1.1517E-08 1.1423E-08 1.1238E-08 1.0969E-08 1.0621E-08 1.0196E-08 9.7071E-09 9.1551E-09 8.5631E-09 7.9317E-09 7.2817E-09 6.6158E-09 5.9507E-09 5.2989E-09 4.6678E-09 4.0661E-09 3.5020E-09 2.9795E-09
