Assets/Resources/2015_m01_d10_1700(utc+0800)_l00_csi_1hr_conc.grd
DSAA
         159         159
     -79.000      79.000
     -79.000      79.000
  0.1055E-09  0.7696E-05
[rows 50 to 74 of 159, columns 57 to 113 of 159]
1.2218E-09 1.2524E-09 1.2838E-09 1.3158E-09 1.3484E-09 1.3817E-09 1.4152E-09 1.4500E-09 1.4849E-09 1.5202E-09 1.5565E-09 1.5935E-09 1.6313E-09 1.6696E-09 1.7085E-09 1.7483E-09 1.7888E-09 1.8301E-09 1.8718E-09 1.9138E-09 1.9568E-09 2.0005E-09 2.0447E-09 2.0891E-09 2.1346E-09 2.1805E-09 2.2271E-09 2.2739E-09 2.3215E-09 2.3696E-09 2.4180E-09 2.4671E-09 2.5166E-09 2.5664E-09 2.6169E-09 2.6675E-09 2.7184E-09 2.7697E-09 2.8210E-09 2.8728E-09 2.9244E-09 2.9762E-09 3.0281E-09 3.0800E-09 3.1319E-09 3.1835E-09 3.2352E-09 3.2864E-09 3.3375E-09 3.3882E-09 3.4388E-09 3.4887E-09 3.5383E-09 3.5872E-09 3.6355E-09 3.6833E-09 3.7305E-09
1.2439E-09 1.2759E-09 1.3079E-09 1.3399E-09 1.3733E-09 1.4075E-09 1.4422E-09 1.4771E-09 1.5128E-09 1.5492E-09 1.5863E-09 1.6240E-09 1.6624E-09 1.7018E-09 1.7419E-09 1.7826E-09 1.8239E-09 1.8657E-09 1.9086E-09 1.9519E-09 1.9959E-09 2.0401E-09 2.0854E-09 2.1313E-09 2.1777E-09 2.2244E-09 2.2722E-09 2.3204E-09 2.3689E-09 2.4182E-09 2.4680E-09 2.5182E-09 2.5689E-09 2.6201E-09 2.6715E-09 2.7235E-09 2.7757E-09 2.8280E-09 2.8809E-09 2.9336E-09 2.9867E-09 3.0398E-09 3.0929E-09 3.1461E-09 3.1990E-09 3.2521E-09 3.3048E-09 3.3574E-09 3.4097E-09 3.4617E-09 3.5132E-09 3.5644E-09 3.6150E-09 3.6652E-09 3.7147E-09 3.7647E-09 3.8129E-09
1.2661E-09 1.2988E-09 1.3315E-09 1.3649E-09 1.3983E-09 1.4332E-09 1.4688E-09 1.5046E-09 1.5409E-09 1.5780E-09 1.6160E-09 1.6547E-09 1.6942E-09 1.7343E-09 1.7751E-09 1.8167E-09 1.8591E-09 1.9022E-09 1.9457E-09 1.9897E-09 2.0348E-09 2.0804E-09 2.1267E-09 2.1733E-09 2.2208E-09 2.2690E-09 2.3178E-09 2.3668E-09 2.4168E-09 2.4673E-09 2.5180E-09 2.5696E-09 2.6216E-09 2.6738E-09 2.7267E-09 2.7798E-09 2.8331E-09 2.8870E-09 2.9408E-09 2.9949E-09 3.0492E-09 3.1036E-09 3.1580E-09 3.2122E-09 3.2667E-09 3.3207E-09 3.3747E-09 3.4286E-09 3.4821E-09 3.5353E-09 3.5880E-09 3.6402E-09 3.6921E-09 3.7435E-09 3.7952E-09 3.8463E-09 3.8956E-09
1.2897E-09 1.3217E-09 1.3551E-09 1.3892E-09 1.4241E-09 1.4596E-09 1.4953E-09 1.5319E-09 1.5692E-09 1.6072E-09 1.6458E-09 1.6854E-09 1.7257E-09 1.7669E-09 1.8088E-09 1.8511E-09 1.8944E-09 1.9382E-09 1.9828E-09 2.0281E-09 2.0741E-09 2.1204E-09 2.1678E-09 2.2157E-09 2.2644E-09 2.3134E-09 2.3632E-09 2.4137E-09 2.4648E-09 2.5162E-09 2.5685E-09 2.6212E-09 2.6742E-09 2.7279E-09 2.7819E-09 2.8361E-09 2.8910E-09 2.9458E-09 3.0010E-09 3.0565E-09 3.1119E-09 3.1675E-09 3.2230E-09 3.2788E-09 3.3344E-09 3.3896E-09 3.4449E-09 3.4999E-09 3.5547E-09 3.6089E-09 3.6629E-09 3.7164E-09 3.7705E-09 3.8229E-09 3.8758E-09 3.9270E-09 3.9775E-09
1.3120E-09 1.3454E-09 1.3795E-09 1.4136E-09 1.4493E-09 1.4857E-09 1.5221E-09 1.5593E-09 1.5973E-09 1.6363E-09 1.6759E-09 1.7163E-09 1.7575E-09 1.7995E-09 1.8420E-09 1.8856E-09 1.9299E-09 1.9747E-09 2.0202E-09 2.0662E-09 2.1132E-09 2.1609E-09 2.2092E-09 2.2579E-09 2.3078E-09 2.3581E-09 2.4091E-09 2.4605E-09 2.5128E-09 2.5656E-09 2.6188E-09 2.6727E-09 2.7272E-09 2.7819E-09 2.8371E-09 2.8929E-09 2.9487E-09 3.0049E-09 3.0615E-09 3.1180E-09 3.1748E-09 3.2316E-09 3.2885E-09 3.3454E-09 3.4020E-09 3.4588E-09 3.5151E-09 3.5714E-09 3.6272E-09 3.6828E-09 3.7378E-09 3.7937E-09 3.8489E-09 3.9025E-09 3.9555E-09 4.0079E-09 4.0595E-09
1.3345E-09 1.3685E-09 1.4032E-09 1.4387E-09 1.4751E-09 1.5116E-09 1.5489E-09 1.5870E-09 1.6259E-09 1.6654E-09 1.7059E-09 1.7471E-09 1.7893E-09 1.8323E-09 1.8758E-09 1.9201E-09 1.9650E-09 2.0109E-09 2.0575E-09 2.1048E-09 2.1527E-09 2.2011E-09 2.2505E-09 2.3007E-09 2.3515E-09 2.4027E-09 2.4548E-09 2.5076E-09 2.5611E-09 2.6148E-09 2.6695E-09 2.7247E-09 2.7801E-09 2.8361E-09 2.8928E-09 2.9494E-09 3.0066E-09 3.0642E-09 3.1218E-09 3.1797E-09 3.2377E-09 3.2958E-09 3.3539E-09 3.4118E-09 3.4700E-09 3.5277E-09 3.5854E-09 3.6427E-09 3.6999E-09 3.7577E-09 3.8140E-09 3.8709E-09 3.9263E-09 3.9811E-09 4.0353E-09 4.0888E-09 4.1415E-09
1.3576E-09 1.3916E-09 1.4270E-09 1.4634E-09 1.5005E-09 1.5377E-09 1.5756E-09 1.6145E-09 1.6542E-09 1.6948E-09 1.7361E-09 1.7782E-09 1.8212E-09 1.8647E-09 1.9093E-09 1.9547E-09 2.0007E-09 2.0475E-09 2.0948E-09 2.1429E-09 2.1920E-09 2.2417E-09 2.2922E-09 2.3431E-09 2.3950E-09 2.4476E-09 2.5009E-09 2.5545E-09 2.6091E-09 2.6644E-09 2.7202E-09 2.7764E-09 2.8331E-09 2.8906E-09 2.9481E-09 3.0062E-09 3.0646E-09 3.1233E-09 3.1822E-09 3.2412E-09 3.3006E-09 3.3599E-09 3.4191E-09 3.4786E-09 3.5377E-09 3.5968E-09 3.6557E-09 3.7142E-09 3.7736E-09 3.8315E-09 3.8901E-09 3.9471E-09 4.0037E-09 4.0597E-09 4.1150E-09 4.1696E-09 4.2246E-09
1.3800E-09 1.4154E-09 1.4515E-09 1.4879E-09 1.5257E-09 1.5638E-09 1.6026E-09 1.6423E-09 1.6827E-09 1.7240E-09 1.7661E-09 1.8092E-09 1.8531E-09 1.8977E-09 1.9430E-09 1.9892E-09 2.0360E-09 2.0837E-09 2.1323E-09 2.1816E-09 2.2315E-09 2.2819E-09 2.3335E-09 2.3858E-09 2.4388E-09 2.4922E-09 2.5466E-09 2.6018E-09 2.6575E-09 2.7137E-09 2.7707E-09 2.8282E-09 2.8860E-09 2.9447E-09 3.0036E-09 3.0629E-09 3.1226E-09 3.1825E-09 3.2425E-09 3.3030E-09 3.3635E-09 3.4239E-09 3.4846E-09 3.5451E-09 3.6054E-09 3.6657E-09 3.7257E-09 3.7866E-09 3.8460E-09 3.9062E-09 3.9650E-09 4.0232E-09 4.0810E-09 4.1381E-09 4.1945E-09 4.2515E-09 4.3077E-09
1.4025E-09 1.4385E-09 1.4755E-09 1.5131E-09 1.5509E-09 1.5898E-09 1.6293E-09 1.6699E-09 1.7111E-09 1.7534E-09 1.7963E-09 1.8403E-09 1.8847E-09 1.9303E-09 1.9767E-09 2.0238E-09 2.0717E-09 2.1202E-09 2.1696E-09 2.2197E-09 2.2707E-09 2.3226E-09 2.3752E-09 2.4283E-09 2.4823E-09 2.5371E-09 2.5927E-09 2.6487E-09 2.7056E-09 2.7633E-09 2.8213E-09 2.8799E-09 2.9392E-09 2.9989E-09 3.0589E-09 3.1196E-09 3.1804E-09 3.2414E-09 3.3030E-09 3.3645E-09 3.4261E-09 3.4880E-09 3.5498E-09 3.6113E-09 3.6730E-09 3.7343E-09 3.7967E-09 3.8587E-09 3.9195E-09 3.9798E-09 4.0397E-09 4.0991E-09 4.1580E-09 4.2175E-09 4.2751E-09 4.3333E-09 4.3895E-09
1.4256E-09 1.4616E-09 1.4993E-09 1.5377E-09 1.5765E-09 1.6158E-09 1.6562E-09 1.6973E-09 1.7396E-09 1.7825E-09 1.8263E-09 1.8711E-09 1.9166E-09 1.9631E-09 2.0102E-09 2.0582E-09 2.1069E-09 2.1565E-09 2.2070E-09 2.2582E-09 2.3102E-09 2.3628E-09 2.4164E-09 2.4708E-09 2.5260E-09 2.5818E-09 2.6384E-09 2.6958E-09 2.7539E-09 2.8124E-09 2.8717E-09 2.9318E-09 2.9922E-09 3.0529E-09 3.1144E-09 3.1761E-09 3.2380E-09 3.3005E-09 3.3631E-09 3.4257E-09 3.4888E-09 3.5518E-09 3.6146E-09 3.6775E-09 3.7402E-09 3.8040E-09 3.8675E-09 3.9297E-09 3.9915E-09 4.0531E-09 4.1141E-09 4.1747E-09 4.2360E-09 4.2955E-09 4.3555E-09 4.4137E-09 4.4710E-09
1.4480E-09 1.4854E-09 1.5237E-09 1.5622E-09 1.6016E-09 1.6419E-09 1.6831E-09 1.7250E-09 1.7679E-09 1.8117E-09 1.8564E-09 1.9019E-09 1.9484E-09 1.9958E-09 2.0438E-09 2.0927E-09 2.1423E-09 2.1928E-09 2.2441E-09 2.2962E-09 2.3494E-09 2.4032E-09 2.4579E-09 2.5131E-09 2.5694E-09 2.6265E-09 2.6843E-09 2.7427E-09 2.8019E-09 2.8617E-09 2.9223E-09 2.9832E-09 3.0448E-09 3.1070E-09 3.1696E-09 3.2323E-09 3.2957E-09 3.3593E-09 3.4229E-09 3.4870E-09 3.5511E-09 3.6151E-09 3.6793E-09 3.7444E-09 3.8084E-09 3.8732E-09 3.9369E-09 4.0002E-09 4.0633E-09 4.1260E-09 4.1882E-09 4.2512E-09 4.3137E-09 4.3744E-09 4.4345E-09 4.4937E-09 4.5522E-09
1.4704E-09 1.5086E-09 1.5476E-09 1.5867E-09 1.6267E-09 1.6679E-09 1.7097E-09 1.7525E-09 1.7962E-09 1.8409E-09 1.8865E-09 1.9328E-09 1.9801E-09 2.0282E-09 2.0772E-09 2.1268E-09 2.1775E-09 2.2291E-09 2.2814E-09 2.3345E-09 2.3885E-09 2.4432E-09 2.4990E-09 2.5555E-09 2.6129E-09 2.6708E-09 2.7297E-09 2.7895E-09 2.8498E-09 2.9107E-09 2.9724E-09 3.0346E-09 3.0975E-09 3.1606E-09 3.2243E-09 3.2886E-09 3.3529E-09 3.4176E-09 3.4827E-09 3.5479E-09 3.6130E-09 3.6783E-09 3.7447E-09 3.8099E-09 3.8761E-09 3.9411E-09 4.0059E-09 4.0704E-09 4.1347E-09 4.1985E-09 4.2632E-09 4.3274E-09 4.3899E-09 4.4517E-09 4.5129E-09 4.5733E-09 4.6329E-09
1.4933E-09 1.5315E-09 1.5712E-09 1.6112E-09 1.6519E-09 1.6938E-09 1.7363E-09 1.7799E-09 1.8245E-09 1.8700E-09 1.9163E-09 1.9634E-09 2.0118E-09 2.0607E-09 2.1106E-09 2.1611E-09 2.2127E-09 2.2651E-09 2.3182E-09 2.3725E-09 2.4275E-09 2.4834E-09 2.5400E-09 2.5975E-09 2.6560E-09 2.7153E-09 2.7754E-09 2.8361E-09 2.8973E-09 2.9596E-09 3.0224E-09 3.0859E-09 3.1497E-09 3.2141E-09 3.2791E-09 3.3442E-09 3.4098E-09 3.4759E-09 3.5419E-09 3.6082E-09 3.6746E-09 3.7421E-09 3.8085E-09 3.8760E-09 3.9423E-09 4.0085E-09 4.0745E-09 4.1401E-09 4.2067E-09 4.2718E-09 4.3377E-09 4.4019E-09 4.4655E-09 4.5286E-09 4.5909E-09 4.6524E-09 4.7130E-09
1.5156E-09 1.5550E-09 1.5947E-09 1.6354E-09 1.6770E-09 1.7196E-09 1.7629E-09 1.8074E-09 1.8526E-09 1.8989E-09 1.9459E-09 1.9942E-09 2.0431E-09 2.0929E-09 2.1435E-09 2.1951E-09 2.2476E-09 2.3009E-09 2.3552E-09 2.4103E-09 2.4663E-09 2.5231E-09 2.5809E-09 2.6396E-09 2.6991E-09 2.7594E-09 2.8204E-09 2.8822E-09 2.9449E-09 3.0082E-09 3.0720E-09 3.1367E-09 3.2017E-09 3.2674E-09 3.3333E-09 3.3997E-09 3.4666E-09 3.5335E-09 3.6008E-09 3.6682E-09 3.7368E-09 3.8044E-09 3.8730E-09 3.9406E-09 4.0080E-09 4.0754E-09 4.1425E-09 4.2105E-09 4.2771E-09 4.3446E-09 4.4105E-09 4.4758E-09 4.5406E-09 4.6048E-09 4.6682E-09 4.7308E-09 4.7925E-09
1.5378E-09 1.5780E-09 1.6184E-09 1.6597E-09 1.7020E-09 1.7451E-09 1.7894E-09 1.8345E-09 1.8805E-09 1.9276E-09 1.9756E-09 2.0246E-09 2.0743E-09 2.1250E-09 2.1764E-09 2.2289E-09 2.2824E-09 2.3366E-09 2.3918E-09 2.4479E-09 2.5049E-09 2.5629E-09 2.6217E-09 2.6812E-09 2.7418E-09 2.8032E-09 2.8654E-09 2.9284E-09 2.9920E-09 3.0563E-09 3.1215E-09 3.1872E-09 3.2532E-09 3.3200E-09 3.3872E-09 3.4549E-09 3.5226E-09 3.5908E-09 3.6592E-09 3.7286E-09 3.7974E-09 3.8671E-09 3.9359E-09 4.0046E-09 4.0732E-09 4.1416E-09 4.2111E-09 4.2792E-09 4.3481E-09 4.4156E-09 4.4826E-09 4.5491E-09 4.6150E-09 4.6803E-09 4.7448E-09 4.8100E-09 4.8733E-09
1.5599E-09 1.6006E-09 1.6418E-09 1.6839E-09 1.7268E-09 1.7706E-09 1.8157E-09 1.8615E-09 1.9084E-09 1.9563E-09 2.0051E-09 2.0547E-09 2.1053E-09 2.1568E-09 2.2093E-09 2.2627E-09 2.3169E-09 2.3721E-09 2.4282E-09 2.4853E-09 2.5431E-09 2.6021E-09 2.6620E-09 2.7227E-09 2.7844E-09 2.8468E-09 2.9098E-09 2.9740E-09 3.0388E-09 3.1044E-09 3.1704E-09 3.2371E-09 3.3046E-09 3.3724E-09 3.4406E-09 3.5093E-09 3.5783E-09 3.6475E-09 3.7169E-09 3.7877E-09 3.8584E-09 3.9283E-09 3.9982E-09 4.0680E-09 4.1377E-09 4.2084E-09 4.2779E-09 4.3483E-09 4.4173E-09 4.4859E-09 4.5540E-09 4.6216E-09 4.6887E-09 4.7550E-09 4.8226E-09 4.8894E-09 4.9539E-09
1.5824E-09 1.6232E-09 1.6650E-09 1.7077E-09 1.7515E-09 1.7960E-09 1.8418E-09 1.8883E-09 1.9362E-09 1.9847E-09 2.0343E-09 2.0849E-09 2.1362E-09 2.1884E-09 2.2418E-09 2.2959E-09 2.3512E-09 2.4073E-09 2.4643E-09 2.5224E-09 2.5813E-09 2.6413E-09 2.7020E-09 2.7637E-09 2.8264E-09 2.8898E-09 2.9543E-09 3.0194E-09 3.0852E-09 3.1518E-09 3.2190E-09 3.2870E-09 3.3553E-09 3.4240E-09 3.4935E-09 3.5633E-09 3.6333E-09 3.7035E-09 3.7752E-09 3.8470E-09 3.9178E-09 3.9888E-09 4.0597E-09 4.1306E-09 4.2026E-09 4.2734E-09 4.3452E-09 4.4156E-09 4.4857E-09 4.5554E-09 4.6246E-09 4.6933E-09 4.7630E-09 4.8309E-09 4.8997E-09 4.9666E-09 5.0346E-09
1.6041E-09 1.6457E-09 1.6880E-09 1.7315E-09 1.7758E-09 1.8213E-09 1.8677E-09 1.9151E-09 1.9636E-09 2.0128E-09 2.0632E-09 2.1146E-09 2.1668E-09 2.2198E-09 2.2740E-09 2.3291E-09 2.3852E-09 2.4422E-09 2.5002E-09 2.5590E-09 2.6190E-09 2.6799E-09 2.7418E-09 2.8046E-09 2.8682E-09 2.9327E-09 2.9980E-09 3.0641E-09 3.1312E-09 3.1988E-09 3.2671E-09 3.3359E-09 3.4054E-09 3.4755E-09 3.5459E-09 3.6167E-09 3.6876E-09 3.7602E-09 3.8328E-09 3.9046E-09 3.9765E-09 4.0485E-09 4.1205E-09 4.1937E-09 4.2657E-09 4.3388E-09 4.4105E-09 4.4821E-09 4.5532E-09 4.6240E-09 4.6943E-09 4.7657E-09 4.8354E-09 4.9065E-09 4.9768E-09 5.0449E-09 5.1141E-09
1.6258E-09 1.6680E-09 1.7110E-09 1.7552E-09 1.8001E-09 1.8463E-09 1.8934E-09 1.9417E-09 1.9907E-09 2.0409E-09 2.0920E-09 2.1441E-09 2.1969E-09 2.2511E-09 2.3059E-09 2.3618E-09 2.4189E-09 2.4768E-09 2.5357E-09 2.5956E-09 2.6565E-09 2.7183E-09 2.7812E-09 2.8448E-09 2.9094E-09 2.9751E-09 3.0414E-09 3.1088E-09 3.1765E-09 3.2452E-09 3.3146E-09 3.3845E-09 3.4552E-09 3.5260E-09 3.5974E-09 3.6692E-09 3.7425E-09 3.8159E-09 3.8886E-09 3.9614E-09 4.0344E-09 4.1075E-09 4.1817E-09 4.2549E-09 4.3291E-09 4.4022E-09 4.4750E-09 4.5476E-09 4.6198E-09 4.6917E-09 4.7651E-09 4.8376E-09 4.9089E-09 4.9811E-09 5.0516E-09 5.1225E-09 5.1929E-09
1.6472E-09 1.6900E-09 1.7337E-09 1.7786E-09 1.8242E-09 1.8711E-09 1.9188E-09 1.9679E-09 2.0176E-09 2.0687E-09 2.1205E-09 2.1732E-09 2.2270E-09 2.2819E-09 2.3376E-09 2.3944E-09 2.4522E-09 2.5110E-09 2.5707E-09 2.6315E-09 2.6934E-09 2.7563E-09 2.8201E-09 2.8848E-09 2.9505E-09 3.0170E-09 3.0842E-09 3.1526E-09 3.2215E-09 3.2913E-09 3.3616E-09 3.4325E-09 3.5040E-09 3.5760E-09 3.6484E-09 3.7223E-09 3.7964E-09 3.8699E-09 3.9436E-09 4.0175E-09 4.0915E-09 4.1667E-09 4.2409E-09 4.3163E-09 4.3905E-09 4.4646E-09 4.5385E-09 4.6121E-09 4.6854E-09 4.7603E-09 4.8348E-09 4.9075E-09 4.9819E-09 5.0553E-09 5.1271E-09 5.1996E-09 5.2694E-09
1.6684E-09 1.7118E-09 1.7563E-09 1.8016E-09 1.8482E-09 1.8954E-09 1.9442E-09 1.9938E-09 2.0444E-09 2.0959E-09 2.1486E-09 2.2021E-09 2.2567E-09 2.3123E-09 2.3689E-09 2.4266E-09 2.4852E-09 2.5449E-09 2.6056E-09 2.6674E-09 2.7300E-09 2.7938E-09 2.8584E-09 2.9241E-09 2.9908E-09 3.0583E-09 3.1268E-09 3.1959E-09 3.2658E-09 3.3364E-09 3.4077E-09 3.4798E-09 3.5523E-09 3.6252E-09 3.6997E-09 3.7734E-09 3.8486E-09 3.9231E-09 3.9977E-09 4.0726E-09 4.1488E-09 4.2239E-09 4.3003E-09 4.3756E-09 4.4509E-09 4.5260E-09 4.6009E-09 4.6771E-09 4.7519E-09 4.8280E-09 4.9026E-09 4.9783E-09 5.0539E-09 5.1272E-09 5.2016E-09 5.2749E-09 5.3461E-09
1.6895E-09 1.7335E-09 1.7785E-09 1.8245E-09 1.8718E-09 1.9199E-09 1.9693E-09 2.0194E-09 2.0709E-09 2.1231E-09 2.1764E-09 2.2307E-09 2.2860E-09 2.3424E-09 2.3998E-09 2.4583E-09 2.5178E-09 2.5782E-09 2.6398E-09 2.7024E-09 2.7661E-09 2.8309E-09 2.8964E-09 2.9632E-09 3.0307E-09 3.0991E-09 3.1684E-09 3.2385E-09 3.3095E-09 3.3811E-09 3.4535E-09 3.5263E-09 3.5998E-09 3.6746E-09 3.7490E-09 3.8248E-09 3.8999E-09 3.9753E-09 4.0509E-09 4.1268E-09 4.2040E-09 4.2813E-09 4.3576E-09 4.4339E-09 4.5102E-09 4.5863E-09 4.6637E-09 4.7399E-09 4.8178E-09 4.8950E-09 4.9708E-09 5.0481E-09 5.1235E-09 5.1995E-09 5.2751E-09 5.3479E-09 5.4209E-09
1.7104E-09 1.7548E-09 1.8005E-09 1.8472E-09 1.8949E-09 1.9438E-09 1.9938E-09 2.0447E-09 2.0967E-09 2.1498E-09 2.2038E-09 2.2589E-09 2.3150E-09 2.3722E-09 2.4303E-09 2.4897E-09 2.5500E-09 2.6112E-09 2.6738E-09 2.7372E-09 2.8018E-09 2.8673E-09 2.9339E-09 3.0014E-09 3.0698E-09 3.1393E-09 3.2096E-09 3.2807E-09 3.3525E-09 3.4250E-09 3.4982E-09 3.5720E-09 3.6463E-09 3.7223E-09 3.7985E-09 3.8742E-09 3.9503E-09 4.0266E-09 4.1032E-09 4.1812E-09 4.2594E-09 4.3366E-09 4.4138E-09 4.4911E-09 4.5683E-09 4.6469E-09 4.7244E-09 4.8036E-09 4.8822E-09 4.9595E-09 5.0387E-09 5.1168E-09 5.1931E-09 5.2709E-09 5.3460E-09 5.4217E-09 5.4953E-09
1.7309E-09 1.7760E-09 1.8223E-09 1.8695E-09 1.9180E-09 1.9675E-09 2.0181E-09 2.0697E-09 2.1224E-09 2.1763E-09 2.2309E-09 2.2868E-09 2.3435E-09 2.4015E-09 2.4604E-09 2.5204E-09 2.5815E-09 2.6437E-09 2.7070E-09 2.7714E-09 2.8369E-09 2.9032E-09 2.9708E-09 3.0392E-09 3.1085E-09 3.1789E-09 3.2500E-09 3.3219E-09 3.3946E-09 3.4682E-09 3.5422E-09 3.6169E-09 3.6932E-09 3.7699E-09 3.8461E-09 3.9227E-09 4.0001E-09 4.0781E-09 4.1573E-09 4.2361E-09 4.3130E-09 4.3907E-09 4.4689E-09 4.5471E-09 4.6268E-09 4.7054E-09 4.7858E-09 4.8657E-09 4.9444E-09 5.0251E-09 5.1049E-09 5.1833E-09 5.2639E-09 5.3429E-09 5.4203E-09 5.4973E-09 5.5734E-09
1.7510E-09 1.7969E-09 1.8436E-09 1.8917E-09 1.9408E-09 1.9908E-09 2.0422E-09 2.0943E-09 2.1479E-09 2.2022E-09 2.2576E-09 2.3141E-09 2.3717E-09 2.4304E-09 2.4900E-09 2.5508E-09 2.6128E-09 2.6758E-09 2.7399E-09 2.8051E-09 2.8713E-09 2.9386E-09 3.0069E-09 3.0761E-09 3.1465E-09 3.2176E-09 3.2897E-09 3.3625E-09 3.4362E-09 3.5105E-09 3.5854E-09 3.6618E-09 3.7380E-09 3.8164E-09 3.8954E-09 3.9766E-09 4.0592E-09 4.1435E-09 4.2275E-09 4.3135E-09 4.3966E-09 4.4763E-09 4.5553E-09 4.6283E-09 4.7032E-09 4.7797E-09 4.8559E-09 4.9314E-09 5.0104E-09 5.0901E-09 5.1701E-09 5.2530E-09 5.3350E-09 5.4154E-09 5.4957E-09 5.5753E-09 5.6577E-09
