Assets/Resources/2015_m01_d31_0500(utc+0800)_l00_csi_1hr_conc.grd
DSAA
         159         159
     -79.000      79.000
     -79.000      79.000
  0.0000E+00  0.5275E-05
[rows 25 to 49 of 159, columns 57 to 113 of 159]
5.9480E-09 6.9512E-09 8.0443E-09 9.2129E-09 1.0446E-08 1.1714E-08 1.2987E-08 1.4233E-08 1.5405E-08 1.6456E-08 1.7343E-08 1.8021E-08 1.8456E-08 1.8618E-08 1.8487E-08 1.8080E-08 1.7394E-08 1.6494E-08 1.5372E-08 1.4089E-08 1.2670E-08 1.1174E-08 9.6446E-09 8.1337E-09 6.7003E-09 5.3891E-09 4.2341E-09 3.2508E-09 2.4477E-09 1.8050E-09 1.3066E-09 9.2525E-10 6.4191E-10 4.3140E-10 2.4497E-10 7.5017E-11 2.3220E-11 6.9863E-12 1.7670E-13 0.0000E+00 0.0000E+00 0.0000E+00 0.0000E+00 0.0000E+00 0.0000E+00 0.0000E+00 0.0000E+00 0.0000E+00 0.0000E+00 0.0000E+00 0.0000E+00 0.0000E+00 0.0000E+00 0.0000E+00 0.0000E+00 0.0000E+00 0.0000E+00
5.8907E-09 6.9393E-09 8.0941E-09 9.3507E-09 1.0688E-08 1.2080E-08 1.3500E-08 1.4903E-08 1.6244E-08 1.7473E-08 1.8540E-08 1.9392E-08 1.9972E-08 2.0256E-08 2.0232E-08 1.9886E-08 1.9257E-08 1.8330E-08 1.7167E-08 1.5775E-08 1.4220E-08 1.2550E-08 1.0823E-08 9.1162E-09 7.4927E-09 6.0118E-09 4.7086E-09 3.5976E-09 2.6921E-09 1.9838E-09 1.4241E-09 9.9976E-10 6.8605E-10 4.5056E-10 2.5414E-10 6.1324E-11 2.0921E-11 6.1944E-12 0.0000E+00 0.0000E+00 0.0000E+00 0.0000E+00 0.0000E+00 0.0000E+00 0.0000E+00 0.0000E+00 0.0000E+00 0.0000E+00 0.0000E+00 0.0000E+00 0.0000E+00 0.0000E+00 0.0000E+00 0.0000E+00 0.0000E+00 0.0000E+00 0.0000E+00
5.8139E-09 6.9074E-09 8.1284E-09 9.4703E-09 1.0911E-08 1.2436E-08 1.4006E-08 1.5582E-08 1.7113E-08 1.8544E-08 1.9812E-08 2.0855E-08 2.1616E-08 2.2060E-08 2.2163E-08 2.1931E-08 2.1336E-08 2.0428E-08 1.9200E-08 1.7716E-08 1.6010E-08 1.4142E-08 1.2198E-08 1.0253E-08 8.4040E-09 6.7237E-09 5.2472E-09 3.9990E-09 2.9759E-09 2.1702E-09 1.5521E-09 1.0821E-09 7.3572E-10 4.7008E-10 2.4962E-10 7.4857E-11 2.0341E-11 4.6162E-12 0.0000E+00 0.0000E+00 0.0000E+00 0.0000E+00 0.0000E+00 0.0000E+00 0.0000E+00 0.0000E+00 0.0000E+00 0.0000E+00 0.0000E+00 0.0000E+00 0.0000E+00 0.0000E+00 0.0000E+00 0.0000E+00 0.0000E+00 0.0000E+00 0.0000E+00
5.7155E-09 6.8524E-09 8.1365E-09 9.5585E-09 1.1110E-08 1.2770E-08 1.4499E-08 1.6261E-08 1.7997E-08 1.9645E-08 2.1133E-08 2.2391E-08 2.3360E-08 2.3996E-08 2.4278E-08 2.4169E-08 2.3675E-08 2.2766E-08 2.1506E-08 1.9903E-08 1.8013E-08 1.5928E-08 1.3724E-08 1.1532E-08 9.4417E-09 7.5305E-09 5.8519E-09 4.4373E-09 3.2901E-09 2.3915E-09 1.6893E-09 1.1675E-09 7.8537E-10 4.8648E-10 2.4169E-10 7.7384E-11 1.9235E-11 2.1319E-12 0.0000E+00 0.0000E+00 0.0000E+00 0.0000E+00 0.0000E+00 0.0000E+00 0.0000E+00 0.0000E+00 0.0000E+00 0.0000E+00 0.0000E+00 0.0000E+00 0.0000E+00 0.0000E+00 0.0000E+00 0.0000E+00 0.0000E+00 0.0000E+00 0.0000E+00
5.5941E-09 6.7697E-09 8.1112E-09 9.6125E-09 1.1271E-08 1.3063E-08 1.4960E-08 1.6911E-08 1.8863E-08 2.0743E-08 2.2476E-08 2.3983E-08 2.5214E-08 2.6095E-08 2.6588E-08 2.6651E-08 2.6238E-08 2.5380E-08 2.4068E-08 2.2347E-08 2.0272E-08 1.7922E-08 1.5446E-08 1.2957E-08 1.0589E-08 8.4339E-09 6.5384E-09 4.9359E-09 3.6376E-09 2.6239E-09 1.8456E-09 1.2595E-09 8.3968E-10 5.1373E-10 2.3447E-10 7.6064E-11 1.7019E-11 5.4877E-13 0.0000E+00 0.0000E+00 0.0000E+00 0.0000E+00 0.0000E+00 0.0000E+00 0.0000E+00 0.0000E+00 0.0000E+00 0.0000E+00 0.0000E+00 0.0000E+00 0.0000E+00 0.0000E+00 0.0000E+00 0.0000E+00 0.0000E+00 0.0000E+00 0.0000E+00
5.4451E-09 6.6519E-09 8.0406E-09 9.6170E-09 1.1379E-08 1.3307E-08 1.5367E-08 1.7514E-08 1.9693E-08 2.1823E-08 2.3827E-08 2.5637E-08 2.7154E-08 2.8320E-08 2.9063E-08 2.9320E-08 2.9063E-08 2.8255E-08 2.6919E-08 2.5061E-08 2.2758E-08 2.0143E-08 1.7351E-08 1.4551E-08 1.1870E-08 9.4261E-09 7.2834E-09 5.4759E-09 4.0213E-09 2.8825E-09 2.0132E-09 1.3639E-09 8.8959E-10 5.3035E-10 2.5958E-10 7.4462E-11 1.2759E-11 0.0000E+00 0.0000E+00 0.0000E+00 0.0000E+00 0.0000E+00 0.0000E+00 0.0000E+00 0.0000E+00 0.0000E+00 0.0000E+00 0.0000E+00 0.0000E+00 0.0000E+00 0.0000E+00 0.0000E+00 0.0000E+00 0.0000E+00 0.0000E+00 0.0000E+00 0.0000E+00
5.2679E-09 6.4978E-09 7.9281E-09 9.5734E-09 1.1429E-08 1.3478E-08 1.5698E-08 1.8048E-08 2.0458E-08 2.2856E-08 2.5170E-08 2.7287E-08 2.9154E-08 3.0643E-08 3.1684E-08 3.2191E-08 3.2100E-08 3.1378E-08 2.9989E-08 2.7999E-08 2.5474E-08 2.2557E-08 1.9439E-08 1.6280E-08 1.3265E-08 1.0516E-08 8.1099E-09 6.0684E-09 4.4262E-09 3.1539E-09 2.1799E-09 1.4648E-09 9.3717E-10 5.4163E-10 2.5839E-10 8.2781E-11 7.2344E-12 0.0000E+00 0.0000E+00 0.0000E+00 0.0000E+00 0.0000E+00 0.0000E+00 0.0000E+00 0.0000E+00 0.0000E+00 0.0000E+00 0.0000E+00 0.0000E+00 0.0000E+00 0.0000E+00 0.0000E+00 0.0000E+00 0.0000E+00 0.0000E+00 0.0000E+00 0.0000E+00
5.0616E-09 6.3034E-09 7.7649E-09 9.4654E-09 1.1400E-08 1.3568E-08 1.5948E-08 1.8487E-08 2.1133E-08 2.3823E-08 2.6442E-08 2.8942E-08 3.1167E-08 3.3036E-08 3.4409E-08 3.5207E-08 3.5339E-08 3.4701E-08 3.3316E-08 3.1174E-08 2.8413E-08 2.5193E-08 2.1702E-08 1.8168E-08 1.4775E-08 1.1681E-08 8.9793E-09 6.6999E-09 4.8586E-09 3.4325E-09 2.3534E-09 1.5633E-09 9.9453E-10 5.4850E-10 2.4572E-10 8.3164E-11 2.2859E-12 0.0000E+00 0.0000E+00 0.0000E+00 0.0000E+00 0.0000E+00 0.0000E+00 0.0000E+00 0.0000E+00 0.0000E+00 0.0000E+00 0.0000E+00 0.0000E+00 0.0000E+00 0.0000E+00 0.0000E+00 0.0000E+00 0.0000E+00 0.0000E+00 0.0000E+00 0.0000E+00
4.8189E-09 6.0692E-09 7.5535E-09 9.2906E-09 1.1290E-08 1.3563E-08 1.6080E-08 1.8806E-08 2.1699E-08 2.4666E-08 2.7650E-08 3.0509E-08 3.3165E-08 3.5431E-08 3.7204E-08 3.8343E-08 3.8693E-08 3.8208E-08 3.6789E-08 3.4551E-08 3.1563E-08 2.8013E-08 2.4147E-08 2.0191E-08 1.6392E-08 1.2930E-08 9.9095E-09 7.3663E-09 5.3140E-09 3.7208E-09 2.5237E-09 1.6559E-09 1.0378E-09 5.7467E-10 2.1080E-10 7.1704E-11 2.3565E-13 0.0000E+00 0.0000E+00 0.0000E+00 0.0000E+00 0.0000E+00 0.0000E+00 0.0000E+00 0.0000E+00 0.0000E+00 0.0000E+00 0.0000E+00 0.0000E+00 0.0000E+00 0.0000E+00 0.0000E+00 0.0000E+00 0.0000E+00 0.0000E+00 0.0000E+00 0.0000E+00
4.5555E-09 5.7938E-09 7.2807E-09 9.0356E-09 1.1091E-08 1.3446E-08 1.6089E-08 1.8994E-08 2.2106E-08 2.5380E-08 2.8698E-08 3.1988E-08 3.5048E-08 3.7773E-08 3.9971E-08 4.1474E-08 4.2153E-08 4.1803E-08 4.0470E-08 3.8117E-08 3.4906E-08 3.1032E-08 2.6749E-08 2.2363E-08 1.8124E-08 1.4246E-08 1.0869E-08 8.0474E-09 5.7699E-09 4.0125E-09 2.6995E-09 1.7453E-09 1.0615E-09 5.8263E-10 2.0558E-10 5.6172E-11 0.0000E+00 0.0000E+00 0.0000E+00 0.0000E+00 0.0000E+00 0.0000E+00 0.0000E+00 0.0000E+00 0.0000E+00 0.0000E+00 0.0000E+00 0.0000E+00 0.0000E+00 0.0000E+00 0.0000E+00 0.0000E+00 0.0000E+00 0.0000E+00 0.0000E+00 0.0000E+00 0.0000E+00
4.2662E-09 5.4729E-09 6.9528E-09 8.7152E-09 1.0798E-08 1.3207E-08 1.5949E-08 1.9004E-08 2.2341E-08 2.5890E-08 2.9580E-08 3.3241E-08 3.6784E-08 3.9980E-08 4.2657E-08 4.4612E-08 4.5578E-08 4.5498E-08 4.4211E-08 4.1834E-08 3.8423E-08 3.4211E-08 2.9515E-08 2.4651E-08 1.9942E-08 1.5633E-08 1.1876E-08 8.7406E-09 6.2236E-09 4.2897E-09 2.8523E-09 1.8269E-09 1.0789E-09 5.7416E-10 2.0619E-10 4.0041E-11 0.0000E+00 0.0000E+00 0.0000E+00 0.0000E+00 0.0000E+00 0.0000E+00 0.0000E+00 0.0000E+00 0.0000E+00 0.0000E+00 0.0000E+00 0.0000E+00 0.0000E+00 0.0000E+00 0.0000E+00 0.0000E+00 0.0000E+00 0.0000E+00 0.0000E+00 0.0000E+00 0.0000E+00
3.9535E-09 5.1204E-09 6.5632E-09 8.3135E-09 1.0398E-08 1.2840E-08 1.5658E-08 1.8845E-08 2.2368E-08 2.6186E-08 3.0181E-08 3.4275E-08 3.8259E-08 4.1975E-08 4.5153E-08 4.7553E-08 4.8989E-08 4.9177E-08 4.8110E-08 4.5694E-08 4.2099E-08 3.7559E-08 3.2419E-08 2.7068E-08 2.1850E-08 1.7059E-08 1.2895E-08 9.4288E-09 6.6657E-09 4.5486E-09 2.9891E-09 1.8899E-09 1.0981E-09 5.3128E-10 1.8393E-10 2.7612E-11 0.0000E+00 0.0000E+00 0.0000E+00 0.0000E+00 0.0000E+00 0.0000E+00 0.0000E+00 0.0000E+00 0.0000E+00 0.0000E+00 0.0000E+00 0.0000E+00 0.0000E+00 0.0000E+00 0.0000E+00 0.0000E+00 0.0000E+00 0.0000E+00 0.0000E+00 0.0000E+00 0.0000E+00
3.6065E-09 4.7337E-09 6.1289E-09 7.8444E-09 9.9053E-09 1.2346E-08 1.5202E-08 1.8475E-08 2.2156E-08 2.6186E-08 3.0507E-08 3.4962E-08 3.9434E-08 4.3652E-08 4.7384E-08 5.0361E-08 5.2238E-08 5.2866E-08 5.1978E-08 4.9645E-08 4.5907E-08 4.1047E-08 3.5468E-08 2.9584E-08 2.3831E-08 1.8546E-08 1.3937E-08 1.0109E-08 7.0811E-09 4.7788E-09 3.1029E-09 1.9376E-09 1.1169E-09 4.5404E-10 1.5273E-10 1.4779E-11 0.0000E+00 0.0000E+00 0.0000E+00 0.0000E+00 0.0000E+00 0.0000E+00 0.0000E+00 0.0000E+00 0.0000E+00 0.0000E+00 0.0000E+00 0.0000E+00 0.0000E+00 0.0000E+00 0.0000E+00 0.0000E+00 0.0000E+00 0.0000E+00 0.0000E+00 0.0000E+00 0.0000E+00
3.2540E-09 4.3188E-09 5.6523E-09 7.3029E-09 9.3134E-09 1.1723E-08 1.4586E-08 1.7906E-08 2.1682E-08 2.5892E-08 3.0454E-08 3.5294E-08 4.0183E-08 4.4949E-08 4.9271E-08 5.2830E-08 5.5343E-08 5.6400E-08 5.5885E-08 5.3632E-08 4.9787E-08 4.4639E-08 3.8604E-08 3.2195E-08 2.5876E-08 2.0053E-08 1.4979E-08 1.0774E-08 7.4564E-09 4.9750E-09 3.1911E-09 1.9618E-09 1.0953E-09 4.0683E-10 1.2132E-10 6.3228E-12 0.0000E+00 0.0000E+00 0.0000E+00 0.0000E+00 0.0000E+00 0.0000E+00 0.0000E+00 0.0000E+00 0.0000E+00 0.0000E+00 0.0000E+00 0.0000E+00 0.0000E+00 0.0000E+00 0.0000E+00 0.0000E+00 0.0000E+00 0.0000E+00 0.0000E+00 0.0000E+00 0.0000E+00
2.8988E-09 3.8753E-09 5.1412E-09 6.7131E-09 8.6404E-09 1.0987E-08 1.3796E-08 1.7104E-08 2.0930E-08 2.5251E-08 3.0045E-08 3.5158E-08 4.0499E-08 4.5777E-08 5.0727E-08 5.4983E-08 5.8109E-08 5.9799E-08 5.9660E-08 5.7630E-08 5.3759E-08 4.8345E-08 4.1877E-08 3.4896E-08 2.7983E-08 2.1585E-08 1.6014E-08 1.1423E-08 7.8228E-09 5.1360E-09 3.2477E-09 1.9563E-09 1.0554E-09 3.6924E-10 9.2195E-11 0.0000E+00 0.0000E+00 0.0000E+00 0.0000E+00 0.0000E+00 0.0000E+00 0.0000E+00 0.0000E+00 0.0000E+00 0.0000E+00 0.0000E+00 0.0000E+00 0.0000E+00 0.0000E+00 0.0000E+00 0.0000E+00 0.0000E+00 0.0000E+00 0.0000E+00 0.0000E+00 0.0000E+00 0.0000E+00
2.5268E-09 3.4336E-09 4.5928E-09 6.0691E-09 7.8933E-09 1.0137E-08 1.2859E-08 1.6105E-08 1.9902E-08 2.4276E-08 2.9187E-08 3.4582E-08 4.0274E-08 4.6094E-08 5.1677E-08 5.6650E-08 6.0583E-08 6.2902E-08 6.3323E-08 6.1573E-08 5.7745E-08 5.2141E-08 4.5240E-08 3.7714E-08 3.0179E-08 2.3173E-08 1.7061E-08 1.2037E-08 8.1447E-09 5.2828E-09 3.2705E-09 1.9264E-09 9.5508E-10 3.2271E-10 6.6366E-11 0.0000E+00 0.0000E+00 0.0000E+00 0.0000E+00 0.0000E+00 0.0000E+00 0.0000E+00 0.0000E+00 0.0000E+00 0.0000E+00 0.0000E+00 0.0000E+00 0.0000E+00 0.0000E+00 0.0000E+00 0.0000E+00 0.0000E+00 0.0000E+00 0.0000E+00 0.0000E+00 0.0000E+00 0.0000E+00
2.1629E-09 2.9761E-09 4.0340E-09 5.4035E-09 7.0938E-09 9.2025E-09 1.1774E-08 1.4900E-08 1.8611E-08 2.2959E-08 2.7943E-08 3.3487E-08 3.9537E-08 4.5811E-08 5.2075E-08 5.7839E-08 6.2536E-08 6.5693E-08 6.6739E-08 6.5469E-08 6.1817E-08 5.6068E-08 4.8778E-08 4.0662E-08 3.2465E-08 2.4800E-08 1.8123E-08 1.2659E-08 8.4431E-09 5.3809E-09 3.2734E-09 1.8773E-09 8.6291E-10 2.7023E-10 3.6713E-11 0.0000E+00 0.0000E+00 0.0000E+00 0.0000E+00 0.0000E+00 0.0000E+00 0.0000E+00 0.0000E+00 0.0000E+00 0.0000E+00 0.0000E+00 0.0000E+00 0.0000E+00 0.0000E+00 0.0000E+00 0.0000E+00 0.0000E+00 0.0000E+00 0.0000E+00 0.0000E+00 0.0000E+00 0.0000E+00
1.8482E-09 2.5300E-09 3.4746E-09 4.7070E-09 6.2491E-09 8.1947E-09 1.0589E-08 1.3541E-08 1.7093E-08 2.1336E-08 2.6273E-08 3.1946E-08 3.8206E-08 4.4975E-08 5.1857E-08 5.8392E-08 6.4036E-08 6.8055E-08 6.9977E-08 6.9285E-08 6.5949E-08 6.0167E-08 5.2539E-08 4.3852E-08 3.4941E-08 2.6549E-08 1.9220E-08 1.3259E-08 8.7284E-09 5.4532E-09 3.2397E-09 1.7858E-09 7.0182E-10 2.1968E-10 1.1952E-11 0.0000E+00 0.0000E+00 0.0000E+00 0.0000E+00 0.0000E+00 0.0000E+00 0.0000E+00 0.0000E+00 0.0000E+00 0.0000E+00 0.0000E+00 0.0000E+00 0.0000E+00 0.0000E+00 0.0000E+00 0.0000E+00 0.0000E+00 0.0000E+00 0.0000E+00 0.0000E+00 0.0000E+00 0.0000E+00
1.5437E-09 2.1219E-09 2.9176E-09 4.0154E-09 5.3912E-09 7.1443E-09 9.3332E-09 1.2050E-08 1.5390E-08 1.9443E-08 2.4282E-08 2.9930E-08 3.6408E-08 4.3511E-08 5.0976E-08 5.8325E-08 6.4890E-08 7.0044E-08 7.2921E-08 7.3092E-08 7.0209E-08 6.4529E-08 5.6603E-08 4.7326E-08 3.7639E-08 2.8446E-08 2.0409E-08 1.3888E-08 8.9481E-09 5.5091E-09 3.1770E-09 1.6802E-09 5.9522E-10 1.7035E-10 1.6449E-12 0.0000E+00 0.0000E+00 0.0000E+00 0.0000E+00 0.0000E+00 0.0000E+00 0.0000E+00 0.0000E+00 0.0000E+00 0.0000E+00 0.0000E+00 0.0000E+00 0.0000E+00 0.0000E+00 0.0000E+00 0.0000E+00 0.0000E+00 0.0000E+00 0.0000E+00 0.0000E+00 0.0000E+00 0.0000E+00
1.2734E-09 1.7683E-09 2.4048E-09 3.3187E-09 4.5482E-09 6.0870E-09 8.0467E-09 1.0499E-08 1.3573E-08 1.7364E-08 2.2001E-08 2.7571E-08 3.4074E-08 4.1463E-08 4.9450E-08 5.7570E-08 6.5227E-08 7.1496E-08 7.5651E-08 7.6794E-08 7.4679E-08 6.9273E-08 6.1172E-08 5.1278E-08 4.0709E-08 3.0566E-08 2.1681E-08 1.4549E-08 9.2200E-09 5.4854E-09 3.0803E-09 1.4938E-09 5.1200E-10 1.1894E-10 0.0000E+00 0.0000E+00 0.0000E+00 0.0000E+00 0.0000E+00 0.0000E+00 0.0000E+00 0.0000E+00 0.0000E+00 0.0000E+00 0.0000E+00 0.0000E+00 0.0000E+00 0.0000E+00 0.0000E+00 0.0000E+00 0.0000E+00 0.0000E+00 0.0000E+00 0.0000E+00 0.0000E+00 0.0000E+00 0.0000E+00
1.0166E-09 1.4448E-09 1.9594E-09 2.7017E-09 3.7173E-09 5.0577E-09 6.7678E-09 8.9434E-09 1.1695E-08 1.5170E-08 1.9537E-08 2.4887E-08 3.1347E-08 3.8855E-08 4.7241E-08 5.6123E-08 6.4813E-08 7.2519E-08 7.8031E-08 8.0580E-08 7.9440E-08 7.4543E-08 6.6326E-08 5.5787E-08 4.4235E-08 3.3012E-08 2.3145E-08 1.5241E-08 9.4443E-09 5.5112E-09 2.9533E-09 1.2547E-09 4.2809E-10 5.9895E-11 0.0000E+00 0.0000E+00 0.0000E+00 0.0000E+00 0.0000E+00 0.0000E+00 0.0000E+00 0.0000E+00 0.0000E+00 0.0000E+00 0.0000E+00 0.0000E+00 0.0000E+00 0.0000E+00 0.0000E+00 0.0000E+00 0.0000E+00 0.0000E+00 0.0000E+00 0.0000E+00 0.0000E+00 0.0000E+00 0.0000E+00
7.7833E-10 1.1231E-09 1.5720E-09 2.1398E-09 2.9526E-09 4.0757E-09 5.5290E-09 7.4125E-09 9.8195E-09 1.2945E-08 1.6942E-08 2.1983E-08 2.8242E-08 3.5739E-08 4.4426E-08 5.3962E-08 6.3796E-08 7.2861E-08 8.0136E-08 8.4336E-08 8.4607E-08 8.0492E-08 7.2312E-08 6.1085E-08 4.8388E-08 3.5845E-08 2.4827E-08 1.6074E-08 9.6836E-09 5.4457E-09 2.7972E-09 1.0336E-09 3.4618E-10 1.5166E-11 0.0000E+00 0.0000E+00 0.0000E+00 0.0000E+00 0.0000E+00 0.0000E+00 0.0000E+00 0.0000E+00 0.0000E+00 0.0000E+00 0.0000E+00 0.0000E+00 0.0000E+00 0.0000E+00 0.0000E+00 0.0000E+00 0.0000E+00 0.0000E+00 0.0000E+00 0.0000E+00 0.0000E+00 0.0000E+00 0.0000E+00
5.6646E-10 8.4691E-10 1.2147E-09 1.6637E-09 2.2878E-09 3.1954E-09 4.3590E-09 5.9670E-09 8.0384E-09 1.0767E-08 1.4328E-08 1.8954E-08 2.4855E-08 3.2193E-08 4.1014E-08 5.1135E-08 6.1984E-08 7.2698E-08 8.1878E-08 8.8183E-08 9.0250E-08 8.7237E-08 7.9240E-08 6.7322E-08 5.3304E-08 3.9231E-08 2.6795E-08 1.6946E-08 9.9897E-09 5.3869E-09 2.6257E-09 8.4955E-10 2.5246E-10 7.9371E-13 0.0000E+00 0.0000E+00 0.0000E+00 0.0000E+00 0.0000E+00 0.0000E+00 0.0000E+00 0.0000E+00 0.0000E+00 0.0000E+00 0.0000E+00 0.0000E+00 0.0000E+00 0.0000E+00 0.0000E+00 0.0000E+00 0.0000E+00 0.0000E+00 0.0000E+00 0.0000E+00 0.0000E+00 0.0000E+00 0.0000E+00
3.9889E-10 6.0683E-10 9.0338E-10 1.2608E-09 1.7155E-09 2.3879E-09 3.3532E-09 4.6347E-09 6.3503E-09 8.6589E-09 1.1774E-08 1.5905E-08 2.1333E-08 2.8347E-08 3.7127E-08 4.7624E-08 5.9477E-08 7.1786E-08 8.3224E-08 9.2023E-08 9.6328E-08 9.4821E-08 8.7262E-08 7.4673E-08 5.9151E-08 4.3250E-08 2.9141E-08 1.8041E-08 1.0233E-08 5.3703E-09 2.3902E-09 7.4021E-10 1.4241E-10 0.0000E+00 0.0000E+00 0.0000E+00 0.0000E+00 0.0000E+00 0.0000E+00 0.0000E+00 0.0000E+00 0.0000E+00 0.0000E+00 0.0000E+00 0.0000E+00 0.0000E+00 0.0000E+00 0.0000E+00 0.0000E+00 0.0000E+00 0.0000E+00 0.0000E+00 0.0000E+00 0.0000E+00 0.0000E+00 0.0000E+00 0.0000E+00
2.6973E-10 4.0990E-10 6.3738E-10 9.1991E-10 1.2659E-09 1.7362E-09 2.4643E-09 3.4574E-09 4.8338E-09 6.7218E-09 9.3517E-09 1.2922E-08 1.7774E-08 2.4334E-08 3.2856E-08 4.3559E-08 5.6244E-08 7.0218E-08 8.4038E-08 9.5698E-08 1.0280E-07 1.0336E-07 9.6581E-08 8.3356E-08 6.6129E-08 4.8038E-08 3.1847E-08 1.9283E-08 1.0640E-08 5.2870E-09 2.1421E-09 6.2838E-10 5.2122E-11 0.0000E+00 0.0000E+00 0.0000E+00 0.0000E+00 0.0000E+00 0.0000E+00 0.0000E+00 0.0000E+00 0.0000E+00 0.0000E+00 0.0000E+00 0.0000E+00 0.0000E+00 0.0000E+00 0.0000E+00 0.0000E+00 0.0000E+00 0.0000E+00 0.0000E+00 0.0000E+00 0.0000E+00 0.0000E+00 0.0000E+00 0.0000E+00
