Assets/Resources/2015_m01_d09_0800(utc+0800)_l00_csi_1hr_conc.grd
DSAA
         159         159
     -79.000      79.000
     -79.000      79.000
  0.4382E-09  0.5875E-04
[rows 0 to 24 of 159, columns 57 to 113 of 159]
9.9727E-10 1.0098E-09 1.0228E-09 1.0421E-09 1.0588E-09 1.0775E-09 1.0849E-09 1.0977E-09 1.1107E-09 1.1297E-09 1.1373E-09 1.1450E-09 1.1527E-09 1.1719E-09 1.1798E-09 1.1983E-09 1.2138E-09 1.2223E-09 1.2370E-09 1.2462E-09 1.2612E-09 1.2706E-09 1.2859E-09 1.2954E-09 1.3050E-09 1.3145E-09 1.3240E-09 1.3335E-09 1.3430E-09 1.3527E-09 1.3624E-09 1.3721E-09 1.3817E-09 1.3909E-09 1.4000E-09 1.4087E-09 1.4172E-09 1.4258E-09 1.4343E-09 1.4426E-09 1.4505E-09 1.4579E-09 1.4649E-09 1.4714E-09 1.4774E-09 1.4831E-09 1.4883E-09 1.4931E-09 1.4928E-09 1.4972E-09 1.5014E-09 1.5052E-09 1.5034E-09 1.5075E-09 1.5115E-09 1.5126E-09 1.5147E-09
1.0293E-09 1.0427E-09 1.0647E-09 1.0720E-09 1.0848E-09 1.1036E-09 1.1167E-09 1.1243E-09 1.1318E-09 1.1453E-09 1.1692E-09 1.1843E-09 1.1922E-09 1.2059E-09 1.2140E-09 1.2279E-09 1.2363E-09 1.2509E-09 1.2601E-09 1.2695E-09 1.2790E-09 1.2886E-09 1.2984E-09 1.3081E-09 1.3179E-09 1.3276E-09 1.3373E-09 1.3470E-09 1.3568E-09 1.3669E-09 1.3769E-09 1.3869E-09 1.3967E-09 1.4062E-09 1.4155E-09 1.4245E-09 1.4334E-09 1.4423E-09 1.4511E-09 1.4597E-09 1.4679E-09 1.4756E-09 1.4828E-09 1.4895E-09 1.4958E-09 1.5016E-09 1.5070E-09 1.5119E-09 1.5164E-09 1.5206E-09 1.5244E-09 1.5278E-09 1.5311E-09 1.5342E-09 1.5349E-09 1.5354E-09 1.5370E-09
1.0591E-09 1.0719E-09 1.0906E-09 1.1037E-09 1.1112E-09 1.1245E-09 1.1426E-09 1.1632E-09 1.1710E-09 1.1847E-09 1.1926E-09 1.2063E-09 1.2201E-09 1.2282E-09 1.2364E-09 1.2448E-09 1.2534E-09 1.2625E-09 1.2719E-09 1.2815E-09 1.2912E-09 1.3258E-09 1.3358E-09 1.3458E-09 1.3558E-09 1.3658E-09 1.3758E-09 1.3859E-09 1.3961E-09 1.4065E-09 1.4169E-09 1.4272E-09 1.4373E-09 1.4471E-09 1.4566E-09 1.4658E-09 1.4749E-09 1.4839E-09 1.4928E-09 1.5014E-09 1.5095E-09 1.5170E-09 1.5239E-09 1.5302E-09 1.5360E-09 1.5413E-09 1.5460E-09 1.5419E-09 1.5460E-09 1.5400E-09 1.5438E-09 1.5473E-09 1.5505E-09 1.5537E-09 1.5569E-09 1.5570E-09 1.5583E-09
1.0905E-09 1.0980E-09 1.1113E-09 1.1294E-09 1.1500E-09 1.1578E-09 1.1714E-09 1.1792E-09 1.1929E-09 1.2066E-09 1.2147E-09 1.2228E-09 1.2309E-09 1.2391E-09 1.2474E-09 1.2671E-09 1.2897E-09 1.2991E-09 1.3088E-09 1.3187E-09 1.3287E-09 1.3388E-09 1.3489E-09 1.3592E-09 1.3694E-09 1.3796E-09 1.3899E-09 1.4003E-09 1.4108E-09 1.4216E-09 1.4323E-09 1.4429E-09 1.4533E-09 1.4633E-09 1.4731E-09 1.4827E-09 1.4922E-09 1.5016E-09 1.5109E-09 1.5198E-09 1.5281E-09 1.5359E-09 1.5430E-09 1.5496E-09 1.5556E-09 1.5611E-09 1.5659E-09 1.5702E-09 1.5739E-09 1.5771E-09 1.5798E-09 1.5821E-09 1.5840E-09 1.5807E-09 1.5750E-09 1.5769E-09 1.5782E-09
1.1160E-09 1.1366E-09 1.1501E-09 1.1579E-09 1.1658E-09 1.1851E-09 1.1931E-09 1.2011E-09 1.2091E-09 1.2172E-09 1.2254E-09 1.2584E-09 1.2667E-09 1.2751E-09 1.2837E-09 1.2925E-09 1.3017E-09 1.3113E-09 1.3212E-09 1.3313E-09 1.3415E-09 1.3518E-09 1.3622E-09 1.3727E-09 1.3831E-09 1.3936E-09 1.4042E-09 1.4148E-09 1.4258E-09 1.4369E-09 1.4480E-09 1.4589E-09 1.4841E-09 1.4944E-09 1.5045E-09 1.5144E-09 1.5243E-09 1.5341E-09 1.5436E-09 1.5385E-09 1.5471E-09 1.5551E-09 1.5626E-09 1.5694E-09 1.5756E-09 1.5813E-09 1.5863E-09 1.5907E-09 1.5945E-09 1.5977E-09 1.6004E-09 1.6026E-09 1.6046E-09 1.6064E-09 1.6066E-09 1.6099E-09 1.6098E-09
1.1444E-09 1.1522E-09 1.1715E-09 1.1794E-09 1.1874E-09 1.1954E-09 1.2034E-09 1.2226E-09 1.2446E-09 1.2529E-09 1.2613E-09 1.2697E-09 1.2781E-09 1.2866E-09 1.2953E-09 1.3043E-09 1.3138E-09 1.3236E-09 1.3337E-09 1.3440E-09 1.3544E-09 1.3650E-09 1.3901E-09 1.4009E-09 1.4305E-09 1.4413E-09 1.4522E-09 1.4633E-09 1.4748E-09 1.4862E-09 1.4977E-09 1.5091E-09 1.5201E-09 1.5308E-09 1.5413E-09 1.5516E-09 1.5619E-09 1.5720E-09 1.5818E-09 1.5910E-09 1.5995E-09 1.6073E-09 1.6144E-09 1.6208E-09 1.6265E-09 1.6314E-09 1.6356E-09 1.6390E-09 1.6417E-09 1.6292E-09 1.6213E-09 1.6235E-09 1.6254E-09 1.6272E-09 1.6294E-09 1.6327E-09 1.6339E-09
1.1656E-09 1.1736E-09 1.1816E-09 1.1896E-09 1.2225E-09 1.2307E-09 1.2390E-09 1.2473E-09 1.2556E-09 1.2640E-09 1.2725E-09 1.2809E-09 1.2895E-09 1.2981E-09 1.3070E-09 1.3162E-09 1.3404E-09 1.3505E-09 1.3798E-09 1.3905E-09 1.4012E-09 1.4121E-09 1.4231E-09 1.4341E-09 1.4451E-09 1.4562E-09 1.4675E-09 1.4789E-09 1.4908E-09 1.5026E-09 1.5145E-09 1.5261E-09 1.5375E-09 1.5486E-09 1.5595E-09 1.5703E-09 1.5810E-09 1.5916E-09 1.6017E-09 1.6112E-09 1.6200E-09 1.6281E-09 1.6355E-09 1.6422E-09 1.6481E-09 1.6532E-09 1.6575E-09 1.6611E-09 1.6638E-09 1.6657E-09 1.6668E-09 1.6674E-09 1.6676E-09 1.6676E-09 1.6684E-09 1.6545E-09 1.6574E-09
1.1755E-09 1.2084E-09 1.2166E-09 1.2249E-09 1.2332E-09 1.2415E-09 1.2498E-09 1.2582E-09 1.2667E-09 1.2752E-09 1.2837E-09 1.2923E-09 1.3154E-09 1.3242E-09 1.3523E-09 1.3619E-09 1.3720E-09 1.3824E-09 1.3932E-09 1.4040E-09 1.4150E-09 1.4261E-09 1.4373E-09 1.4486E-09 1.4599E-09 1.4713E-09 1.4829E-09 1.4948E-09 1.5070E-09 1.5193E-09 1.5315E-09 1.5435E-09 1.5552E-09 1.5667E-09 1.5779E-09 1.5893E-09 1.6005E-09 1.6115E-09 1.6220E-09 1.6319E-09 1.6410E-09 1.6494E-09 1.6571E-09 1.6641E-09 1.6702E-09 1.6755E-09 1.6799E-09 1.6835E-09 1.6863E-09 1.6882E-09 1.6893E-09 1.6898E-09 1.6899E-09 1.6897E-09 1.6909E-09 1.6928E-09 1.6940E-09
1.2106E-09 1.2189E-09 1.2272E-09 1.2355E-09 1.2439E-09 1.2523E-09 1.2607E-09 1.2692E-09 1.2922E-09 1.3009E-09 1.3285E-09 1.3374E-09 1.3462E-09 1.3553E-09 1.3647E-09 1.3746E-09 1.3849E-09 1.3956E-09 1.4066E-09 1.4177E-09 1.4289E-09 1.4402E-09 1.4517E-09 1.4632E-09 1.4948E-09 1.5329E-09 1.5450E-09 1.5575E-09 1.5701E-09 1.5829E-09 1.5956E-09 1.6080E-09 1.6203E-09 1.6324E-09 1.6443E-09 1.6562E-09 1.6679E-09 1.6793E-09 1.6900E-09 1.6999E-09 1.7090E-09 1.7173E-09 1.7247E-09 1.7312E-09 1.7367E-09 1.7411E-09 1.7445E-09 1.7469E-09 1.7482E-09 1.7484E-09 1.7476E-09 1.7126E-09 1.7125E-09 1.7125E-09 1.7138E-09 1.7161E-09 1.7193E-09
1.2210E-09 1.2293E-09 1.2377E-09 1.2462E-09 1.2546E-09 1.2776E-09 1.2862E-09 1.3138E-09 1.3227E-09 1.3315E-09 1.3404E-09 1.3493E-09 1.3583E-09 1.3676E-09 1.3772E-09 1.3874E-09 1.3980E-09 1.4089E-09 1.4201E-09 1.4515E-09 1.4894E-09 1.5012E-09 1.5131E-09 1.5250E-09 1.5370E-09 1.5492E-09 1.5617E-09 1.5747E-09 1.5878E-09 1.6009E-09 1.6140E-09 1.6268E-09 1.6396E-09 1.6521E-09 1.6646E-09 1.6770E-09 1.6892E-09 1.7011E-09 1.7122E-09 1.7225E-09 1.7320E-09 1.7406E-09 1.7484E-09 1.7551E-09 1.7608E-09 1.7655E-09 1.7690E-09 1.7715E-09 1.7727E-09 1.7728E-09 1.7719E-09 1.7702E-09 1.7679E-09 1.7660E-09 1.7649E-09 1.7648E-09 1.7569E-09
1.2314E-09 1.2398E-09 1.2628E-09 1.2714E-09 1.2990E-09 1.3078E-09 1.3166E-09 1.3255E-09 1.3344E-09 1.3433E-09 1.3523E-09 1.3613E-09 1.3705E-09 1.3799E-09 1.4098E-09 1.4467E-09 1.4577E-09 1.4691E-09 1.4807E-09 1.4925E-09 1.5044E-09 1.5164E-09 1.5286E-09 1.5408E-09 1.5532E-09 1.5658E-09 1.5787E-09 1.6238E-09 1.6374E-09 1.6510E-09 1.6645E-09 1.6779E-09 1.6912E-09 1.7042E-09 1.7174E-09 1.7305E-09 1.7435E-09 1.7558E-09 1.7954E-09 1.8060E-09 1.8156E-09 1.7967E-09 1.8046E-09 1.8113E-09 1.8169E-09 1.8212E-09 1.8243E-09 1.8261E-09 1.8265E-09 1.8257E-09 1.8236E-09 1.8206E-09 1.8169E-09 1.8140E-09 1.7899E-09 1.7900E-09 1.7911E-09
1.2564E-09 1.2839E-09 1.2927E-09 1.3015E-09 1.3103E-09 1.3192E-09 1.3281E-09 1.3371E-09 1.3461E-09 1.3551E-09 1.3642E-09 1.3934E-09 1.4292E-09 1.4391E-09 1.4495E-09 1.4605E-09 1.4718E-09 1.4835E-09 1.4953E-09 1.5074E-09 1.5195E-09 1.5635E-09 1.5760E-09 1.5886E-09 1.6015E-09 1.6146E-09 1.6561E-09 1.6701E-09 1.6842E-09 1.7329E-09 1.7470E-09 1.7610E-09 1.7748E-09 1.7886E-09 1.8027E-09 1.8166E-09 1.8302E-09 1.8432E-09 1.8553E-09 1.8665E-09 1.8766E-09 1.8855E-09 1.8933E-09 1.8998E-09 1.9049E-09 1.9086E-09 1.9107E-09 1.9113E-09 1.9102E-09 1.9075E-09 1.9034E-09 1.8981E-09 1.8919E-09 1.8679E-09 1.8644E-09 1.8367E-09 1.8363E-09
1.2861E-09 1.2950E-09 1.3039E-09 1.3128E-09 1.3217E-09 1.3307E-09 1.3397E-09 1.3488E-09 1.3779E-09 1.4136E-09 1.4231E-09 1.4326E-09 1.4423E-09 1.4525E-09 1.4632E-09 1.4744E-09 1.4860E-09 1.5296E-09 1.5418E-09 1.5543E-09 1.5948E-09 1.6076E-09 1.6206E-09 1.6336E-09 1.6816E-09 1.6953E-09 1.7097E-09 1.7242E-09 1.7389E-09 1.7536E-09 1.7681E-09 1.8205E-09 1.8350E-09 1.8496E-09 1.8644E-09 1.8790E-09 1.8934E-09 1.9408E-09 1.9536E-09 1.9654E-09 1.9760E-09 1.9854E-09 1.9934E-09 1.9999E-09 2.0047E-09 1.9757E-09 2.0193E-09 1.9778E-09 1.9762E-09 1.9728E-09 1.9678E-09 1.9613E-09 1.9543E-09 1.9478E-09 1.9418E-09 1.9363E-09 1.9313E-09
1.2972E-09 1.3061E-09 1.3151E-09 1.3241E-09 1.3331E-09 1.3623E-09 1.3979E-09 1.4074E-09 1.4168E-09 1.4263E-09 1.4359E-09 1.4455E-09 1.4555E-09 1.4975E-09 1.5087E-09 1.5204E-09 1.5604E-09 1.5728E-09 1.5855E-09 1.6329E-09 1.6460E-09 1.6593E-09 1.6727E-09 1.6863E-09 1.7002E-09 1.7144E-09 1.7672E-09 1.8160E-09 1.8314E-09 1.8467E-09 1.8620E-09 1.8772E-09 1.8923E-09 1.9494E-09 1.9650E-09 1.9806E-09 1.9958E-09 2.1899E-09 2.2038E-09 2.2165E-09 2.2281E-09 2.2387E-09 2.2851E-09 2.2927E-09 2.2617E-09 2.2652E-09 2.2665E-09 2.2653E-09 2.2615E-09 2.2553E-09 2.2466E-09 2.2357E-09 2.2241E-09 2.2117E-09 2.1990E-09 2.1639E-09 2.1522E-09
1.3082E-09 1.3172E-09 1.3463E-09 1.3819E-09 1.3913E-09 1.4008E-09 1.4103E-09 1.4199E-09 1.4295E-09 1.4391E-09 1.4803E-09 1.4903E-09 1.5286E-09 1.5396E-09 1.5513E-09 1.5634E-09 1.6106E-09 1.6235E-09 1.6366E-09 1.6499E-09 1.6633E-09 1.6770E-09 1.7624E-09 1.7767E-09 1.7913E-09 1.8064E-09 1.8219E-09 1.8793E-09 1.8953E-09 1.9113E-09 2.1436E-09 2.1603E-09 2.1769E-09 2.1939E-09 2.2109E-09 2.2278E-09 2.2442E-09 2.2597E-09 2.2744E-09 2.2879E-09 2.3002E-09 2.3116E-09 2.3217E-09 2.3298E-09 2.3762E-09 2.3393E-09 2.3404E-09 2.3387E-09 2.3343E-09 2.3272E-09 2.3175E-09 2.3053E-09 2.2927E-09 2.2791E-09 2.2651E-09 2.2502E-09 2.2093E-09
1.3393E-09 1.3750E-09 1.3845E-09 1.3940E-09 1.4036E-09 1.4132E-09 1.4228E-09 1.4324E-09 1.4739E-09 1.5117E-09 1.5218E-09 1.5322E-09 1.5430E-09 1.5891E-09 1.6012E-09 1.6139E-09 1.6269E-09 1.6400E-09 1.7252E-09 1.7391E-09 1.7533E-09 1.7675E-09 1.7819E-09 1.8383E-09 1.8902E-09 1.9063E-09 2.1027E-09 2.1202E-09 2.1377E-09 2.1550E-09 2.1723E-09 2.1896E-09 2.2474E-09 2.2653E-09 2.2832E-09 2.3010E-09 2.3181E-09 2.3345E-09 2.3499E-09 2.3642E-09 2.3774E-09 2.3900E-09 2.4008E-09 2.4540E-09 2.4604E-09 2.4641E-09 2.4651E-09 2.4630E-09 2.4579E-09 2.4497E-09 2.4385E-09 2.3824E-09 2.3688E-09 2.3542E-09 2.3388E-09 2.3224E-09 2.3050E-09
1.3774E-09 1.3870E-09 1.3966E-09 1.4062E-09 1.4158E-09 1.4572E-09 1.4672E-09 1.5052E-09 1.5154E-09 1.5256E-09 1.5705E-09 1.5814E-09 1.5926E-09 1.6045E-09 1.6506E-09 1.7018E-09 1.7155E-09 1.7294E-09 1.7435E-09 1.7578E-09 1.8508E-09 1.8658E-09 2.0609E-09 2.0774E-09 2.0943E-09 2.1119E-09 2.1699E-09 2.1881E-09 2.2062E-09 2.2243E-09 2.2424E-09 2.2605E-09 2.2789E-09 2.3418E-09 2.3607E-09 2.3795E-09 2.3974E-09 2.6060E-09 2.6227E-09 2.6383E-09 2.6528E-09 2.6668E-09 2.6792E-09 2.6896E-09 2.6973E-09 2.7020E-09 2.7033E-09 2.7011E-09 2.6953E-09 2.6859E-09 2.6728E-09 2.6573E-09 2.6401E-09 2.6211E-09 2.6003E-09 2.5777E-09 2.5529E-09
1.3893E-09 1.3989E-09 1.4086E-09 1.4501E-09 1.4881E-09 1.4983E-09 1.5085E-09 1.5534E-09 1.5639E-09 1.5745E-09 1.5852E-09 1.6299E-09 1.6797E-09 1.6924E-09 1.7057E-09 1.7194E-09 1.7334E-09 1.8262E-09 1.8411E-09 2.0364E-09 2.0527E-09 2.0691E-09 2.1262E-09 2.1434E-09 2.1611E-09 2.1794E-09 2.1979E-09 2.2166E-09 2.2796E-09 2.2985E-09 2.3175E-09 2.5280E-09 2.5483E-09 2.5686E-09 2.5891E-09 2.6092E-09 2.6284E-09 2.6470E-09 2.6645E-09 2.6809E-09 2.6966E-09 2.7115E-09 2.7250E-09 2.7362E-09 2.7445E-09 2.7497E-09 2.7514E-09 2.7495E-09 2.7438E-09 2.7343E-09 2.7211E-09 2.7062E-09 2.6890E-09 2.6702E-09 2.6492E-09 2.6263E-09 2.6012E-09
1.4011E-09 1.4427E-09 1.4808E-09 1.4911E-09 1.5014E-09 1.5464E-09 1.5570E-09 1.5677E-09 1.5783E-09 1.6228E-09 1.6721E-09 1.6839E-09 1.6964E-09 1.7094E-09 1.8017E-09 1.8162E-09 2.0111E-09 2.0273E-09 2.0437E-09 2.1008E-09 2.1177E-09 2.1348E-09 2.1522E-09 2.1699E-09 2.2326E-09 2.2516E-09 2.4622E-09 2.4827E-09 2.5030E-09 2.5234E-09 2.5439E-09 2.5645E-09 2.5857E-09 2.6069E-09 2.6283E-09 2.6492E-09 2.6694E-09 2.6888E-09 2.7071E-09 2.7245E-09 2.7414E-09 2.7572E-09 2.7719E-09 2.7839E-09 2.7930E-09 2.7987E-09 2.8008E-09 2.7992E-09 2.7936E-09 2.7841E-09 2.7709E-09 2.7564E-09 2.7396E-09 2.7208E-09 2.6998E-09 2.6766E-09 2.6513E-09
1.4732E-09 1.4835E-09 1.4939E-09 1.5390E-09 1.5497E-09 1.5605E-09 1.6049E-09 1.6539E-09 1.6652E-09 1.6766E-09 1.6883E-09 1.7787E-09 1.7921E-09 1.8061E-09 2.0015E-09 2.0177E-09 2.0745E-09 2.0914E-09 2.1084E-09 2.1256E-09 2.1871E-09 2.2049E-09 2.2231E-09 2.4335E-09 2.4539E-09 2.4745E-09 2.4955E-09 2.5166E-09 2.5376E-09 2.5588E-09 2.5800E-09 2.6016E-09 2.6237E-09 2.6459E-09 2.6683E-09 2.6900E-09 2.7111E-09 2.7314E-09 2.7506E-09 2.7689E-09 2.7874E-09 2.8044E-09 2.8201E-09 2.8330E-09 2.8427E-09 2.8490E-09 2.8516E-09 2.8502E-09 2.8448E-09 2.8353E-09 2.8227E-09 2.8082E-09 2.7917E-09 2.7730E-09 2.7521E-09 2.7284E-09 2.7029E-09
1.4861E-09 1.5313E-09 1.5421E-09 1.5529E-09 1.5975E-09 1.6466E-09 1.6581E-09 1.6695E-09 1.7177E-09 1.7712E-09 1.7837E-09 1.9768E-09 1.9920E-09 2.0482E-09 2.0647E-09 2.0814E-09 2.0984E-09 2.1157E-09 2.1775E-09 2.1954E-09 2.4055E-09 2.4251E-09 2.4449E-09 2.4653E-09 2.4863E-09 2.5077E-09 2.5293E-09 2.5510E-09 2.5727E-09 2.5947E-09 2.6166E-09 2.6393E-09 2.6623E-09 2.6856E-09 2.7090E-09 2.7315E-09 2.7537E-09 2.7748E-09 2.7952E-09 2.8148E-09 2.8344E-09 2.8529E-09 2.8696E-09 2.8833E-09 2.8938E-09 2.9007E-09 2.9037E-09 2.9026E-09 2.8974E-09 2.8879E-09 2.8761E-09 2.8619E-09 2.8455E-09 2.8268E-09 2.8059E-09 2.7822E-09 2.7561E-09
1.5341E-09 1.5449E-09 1.5896E-09 1.6389E-09 1.6504E-09 1.6620E-09 1.7104E-09 1.7640E-09 1.7762E-09 1.9690E-09 1.9833E-09 2.0388E-09 2.0547E-09 2.0711E-09 2.0880E-09 2.1495E-09 2.1672E-09 2.3770E-09 2.3965E-09 2.4161E-09 2.4358E-09 2.4559E-09 2.4763E-09 2.4974E-09 2.5191E-09 2.5411E-09 2.5634E-09 2.5857E-09 2.6082E-09 2.6310E-09 2.6538E-09 2.6776E-09 2.7016E-09 2.7261E-09 2.7503E-09 2.7739E-09 2.7971E-09 2.8192E-09 2.8406E-09 2.8619E-09 2.8826E-09 2.9027E-09 2.9203E-09 2.9349E-09 2.9462E-09 2.9537E-09 2.9572E-09 2.9566E-09 2.9515E-09 2.9421E-09 2.9311E-09 2.9172E-09 2.9014E-09 2.8828E-09 2.8617E-09 2.8378E-09 2.8112E-09
1.5814E-09 1.6307E-09 1.6424E-09 1.6540E-09 1.7026E-09 1.7563E-09 1.7687E-09 1.9616E-09 2.0159E-09 2.0304E-09 2.0454E-09 2.0610E-09 2.1216E-09 2.1387E-09 2.3475E-09 2.3668E-09 2.3864E-09 2.4061E-09 2.4261E-09 2.4461E-09 2.4664E-09 2.4870E-09 2.5080E-09 2.5299E-09 2.5522E-09 2.5749E-09 2.5979E-09 2.6210E-09 2.6442E-09 2.6678E-09 2.6917E-09 2.7166E-09 2.7417E-09 2.7673E-09 2.7924E-09 2.8171E-09 2.8412E-09 2.8645E-09 2.8871E-09 2.9101E-09 2.9322E-09 2.9537E-09 2.9724E-09 2.9880E-09 3.0001E-09 3.0083E-09 3.0123E-09 3.0120E-09 3.0072E-09 2.9983E-09 2.9877E-09 2.9746E-09 2.9590E-09 2.9407E-09 2.9192E-09 2.8953E-09 2.8683E-09
1.6338E-09 1.6456E-09 1.6942E-09 1.7480E-09 1.7606E-09 1.9535E-09 2.0081E-09 2.0226E-09 2.0372E-09 2.0520E-09 2.1116E-09 2.1281E-09 2.3369E-09 2.3561E-09 2.3756E-09 2.3953E-09 2.4153E-09 2.4354E-09 2.4558E-09 2.4763E-09 2.4971E-09 2.5183E-09 2.5401E-09 2.5627E-09 2.5857E-09 2.6092E-09 2.6328E-09 2.6566E-09 2.6808E-09 2.7051E-09 2.7303E-09 2.7561E-09 2.7824E-09 2.8091E-09 2.8352E-09 2.8612E-09 2.8863E-09 2.9108E-09 2.9348E-09 2.9595E-09 2.9834E-09 3.0060E-09 3.0259E-09 3.0425E-09 3.0554E-09 3.0643E-09 3.0689E-09 3.0690E-09 3.0644E-09 3.0566E-09 3.0464E-09 3.0337E-09 3.0184E-09 3.0003E-09 2.9788E-09 2.9547E-09 2.9274E-09
1.6854E-09 1.7392E-09 1.7519E-09 1.9447E-09 1.9996E-09 2.0143E-09 2.0290E-09 2.0437E-09 2.1028E-09 2.1184E-09 2.3264E-09 2.3451E-09 2.3642E-09 2.3839E-09 2.4038E-09 2.4240E-09 2.4444E-09 2.4650E-09 2.4858E-09 2.5068E-09 2.5282E-09 2.5500E-09 2.5725E-09 2.5958E-09 2.6196E-09 2.6438E-09 2.6681E-09 2.6927E-09 2.7177E-09 2.7430E-09 2.7694E-09 2.7964E-09 2.8239E-09 2.8517E-09 2.8789E-09 2.9060E-09 2.9323E-09 2.9581E-09 2.9840E-09 3.0101E-09 3.0359E-09 3.0598E-09 3.0808E-09 3.0985E-09 3.1123E-09 3.1219E-09 3.1271E-09 3.1276E-09 3.1233E-09 3.1167E-09 3.1071E-09 3.0950E-09 3.0799E-09 3.0620E-09 3.0406E-09 3.0161E-09 2.9886E-09
