Assets/Resources/2015_m01_d03_1800(utc+0800)_l00_csi_1hr_conc.grd
DSAA
         159         159
     -79.000      79.000
     -79.000      79.000
  0.0000E+00  0.2243E-04
[rows 0 to 24 of 159, columns 57 to 113 of 159]
5.9351E-11 6.4530E-11 7.0481E-11 7.6517E-11 8.2085E-11 8.7987E-11 9.3636E-11 9.9653E-11 1.0563E-10 1.1127E-10 1.1683E-10 1.2230E-10 1.2767E-10 1.3292E-10 1.3804E-10 1.4367E-10 1.4854E-10 1.5390E-10 1.5849E-10 1.6291E-10 1.6715E-10 1.7120E-10 1.7507E-10 1.7875E-10 1.8328E-10 1.8664E-10 1.9110E-10 1.9415E-10 1.9703E-10 1.9972E-10 2.0224E-10 2.0457E-10 2.0673E-10 2.0873E-10 2.1055E-10 2.1411E-10 2.1569E-10 2.1898E-10 2.2032E-10 2.2151E-10 2.2256E-10 2.2347E-10 2.2425E-10 2.2491E-10 2.2544E-10 2.2586E-10 2.2616E-10 2.2635E-10 2.2892E-10 2.2896E-10 2.2890E-10 2.3124E-10 2.3104E-10 2.3076E-10 2.3040E-10 2.2996E-10 2.2945E-10
6.0083E-11 6.5381E-11 7.1458E-11 7.7624E-11 8.3324E-11 8.9664E-11 9.5487E-11 1.0160E-10 1.0742E-10 1.1318E-10 1.1888E-10 1.2448E-10 1.2998E-10 1.3591E-10 1.4170E-10 1.4688E-10 1.5191E-10 1.5678E-10 1.6147E-10 1.6597E-10 1.7030E-10 1.7443E-10 1.7931E-10 1.8420E-10 1.8788E-10 1.9137E-10 1.9467E-10 1.9778E-10 2.0069E-10 2.0342E-10 2.0596E-10 2.0832E-10 2.1223E-10 2.1594E-10 2.1792E-10 2.1973E-10 2.2137E-10 2.2286E-10 2.2419E-10 2.2538E-10 2.2642E-10 2.2732E-10 2.2809E-10 2.2873E-10 2.3156E-10 2.3200E-10 2.3462E-10 2.3489E-10 2.3505E-10 2.3511E-10 2.3507E-10 2.3493E-10 2.3470E-10 2.3439E-10 2.3399E-10 2.3351E-10 2.3296E-10
6.0822E-11 6.6242E-11 7.2448E-11 7.8145E-11 8.4584E-11 9.1063E-11 9.7027E-11 1.0328E-10 1.0924E-10 1.1514E-10 1.2140E-10 1.2718E-10 1.3327E-10 1.3886E-10 1.4431E-10 1.4962E-10 1.5476E-10 1.5973E-10 1.6451E-10 1.6989E-10 1.7436E-10 1.7958E-10 1.8373E-10 1.8768E-10 1.9143E-10 1.9498E-10 1.9833E-10 2.0148E-10 2.0444E-10 2.0873E-10 2.1283E-10 2.1536E-10 2.1771E-10 2.1987E-10 2.2186E-10 2.2368E-10 2.2533E-10 2.2682E-10 2.2816E-10 2.2934E-10 2.3248E-10 2.3344E-10 2.3634E-10 2.3708E-10 2.3769E-10 2.3817E-10 2.3853E-10 2.3878E-10 2.3891E-10 2.3894E-10 2.3887E-10 2.3870E-10 2.3844E-10 2.3809E-10 2.3765E-10 2.3714E-10 2.3930E-10
6.1566E-11 6.7112E-11 7.3450E-11 7.9283E-11 8.5864E-11 9.2487E-11 9.8595E-11 1.0469E-10 1.1144E-10 1.1753E-10 1.2387E-10 1.2983E-10 1.3569E-10 1.4141E-10 1.4699E-10 1.5241E-10 1.5767E-10 1.6341E-10 1.6912E-10 1.7394E-10 1.7857E-10 1.8300E-10 1.8722E-10 1.9125E-10 1.9506E-10 1.9867E-10 2.0340E-10 2.0793E-10 2.1108E-10 2.1403E-10 2.1678E-10 2.1934E-10 2.2171E-10 2.2389E-10 2.2590E-10 2.2773E-10 2.2938E-10 2.3283E-10 2.3423E-10 2.3740E-10 2.3855E-10 2.3956E-10 2.4042E-10 2.4114E-10 2.4173E-10 2.4219E-10 2.4252E-10 2.4274E-10 2.4285E-10 2.4285E-10 2.4274E-10 2.4513E-10 2.4488E-10 2.4710E-10 2.4671E-10 2.4623E-10 2.4568E-10
6.2317E-11 6.7991E-11 7.4466E-11 8.0438E-11 8.7164E-11 9.3327E-11 1.0019E-10 1.0644E-10 1.1333E-10 1.1957E-10 1.2607E-10 1.3217E-10 1.3816E-10 1.4402E-10 1.5024E-10 1.5584E-10 1.6190E-10 1.6721E-10 1.7233E-10 1.7725E-10 1.8198E-10 1.8649E-10 1.9080E-10 1.9602E-10 1.9998E-10 2.0484E-10 2.0845E-10 2.1185E-10 2.1505E-10 2.1804E-10 2.2082E-10 2.2341E-10 2.2581E-10 2.2971E-10 2.3180E-10 2.3540E-10 2.3721E-10 2.3884E-10 2.4030E-10 2.4160E-10 2.4274E-10 2.4373E-10 2.4458E-10 2.4528E-10 2.4585E-10 2.4629E-10 2.4898E-10 2.4923E-10 2.5171E-10 2.5178E-10 2.5174E-10 2.5160E-10 2.5136E-10 2.5102E-10 2.5060E-10 2.5009E-10 2.4949E-10
6.3073E-11 6.8878E-11 7.5493E-11 8.1610E-11 8.8485E-11 9.4799E-11 1.0182E-10 1.0822E-10 1.1527E-10 1.2166E-10 1.2830E-10 1.3456E-10 1.4111E-10 1.4715E-10 1.5357E-10 1.5935E-10 1.6496E-10 1.7039E-10 1.7562E-10 1.8065E-10 1.8547E-10 1.9106E-10 1.9644E-10 2.0076E-10 2.0486E-10 2.0875E-10 2.1242E-10 2.1587E-10 2.1911E-10 2.2214E-10 2.2647E-10 2.2916E-10 2.3315E-10 2.3552E-10 2.3770E-10 2.3969E-10 2.4150E-10 2.4313E-10 2.4460E-10 2.4589E-10 2.4702E-10 2.4800E-10 2.5102E-10 2.5176E-10 2.5453E-10 2.5506E-10 2.5546E-10 2.5574E-10 2.5589E-10 2.5593E-10 2.5586E-10 2.5568E-10 2.5540E-10 2.5503E-10 2.5456E-10 2.5401E-10 2.5338E-10
6.3834E-11 6.9775E-11 7.6533E-11 8.2797E-11 8.9827E-11 9.6296E-11 1.0348E-10 1.1004E-10 1.1725E-10 1.2379E-10 1.3093E-10 1.3737E-10 1.4412E-10 1.5036E-10 1.5644E-10 1.6236E-10 1.6810E-10 1.7365E-10 1.7977E-10 1.8498E-10 1.9075E-10 1.9560E-10 2.0022E-10 2.0462E-10 2.0880E-10 2.1275E-10 2.1648E-10 2.2128E-10 2.2465E-10 2.2909E-10 2.3210E-10 2.3490E-10 2.3749E-10 2.3988E-10 2.4208E-10 2.4408E-10 2.4590E-10 2.4753E-10 2.4899E-10 2.5230E-10 2.5349E-10 2.5652E-10 2.5746E-10 2.5826E-10 2.5890E-10 2.5941E-10 2.5979E-10 2.6004E-10 2.6016E-10 2.6017E-10 2.6006E-10 2.5985E-10 2.5953E-10 2.6382E-10 2.6340E-10 2.6288E-10 2.6228E-10
6.4599E-11 7.0680E-11 7.7586E-11 8.4002E-11 9.1189E-11 9.7818E-11 1.0516E-10 1.1189E-10 1.1926E-10 1.2597E-10 1.3326E-10 1.3987E-10 1.4677E-10 1.5316E-10 1.5939E-10 1.6544E-10 1.7196E-10 1.7770E-10 1.8389E-10 1.8927E-10 1.9444E-10 1.9938E-10 2.0409E-10 2.0858E-10 2.1283E-10 2.1801E-10 2.2188E-10 2.2667E-10 2.3016E-10 2.3343E-10 2.3648E-10 2.3931E-10 2.4193E-10 2.4434E-10 2.4655E-10 2.5033E-10 2.5223E-10 2.5394E-10 2.5728E-10 2.5870E-10 2.5996E-10 2.6105E-10 2.6197E-10 2.6275E-10 2.6338E-10 2.6386E-10 2.6421E-10 2.6442E-10 2.6452E-10 2.6890E-10 2.6885E-10 2.6870E-10 2.6843E-10 2.6807E-10 2.6760E-10 2.6704E-10 2.6640E-10
6.5370E-11 7.1592E-11 7.8650E-11 8.5222E-11 9.2573E-11 9.9366E-11 1.0688E-10 1.1377E-10 1.2132E-10 1.2819E-10 1.3565E-10 1.4242E-10 1.4948E-10 1.5602E-10 1.6293E-10 1.6967E-10 1.7580E-10 1.8172E-10 1.8744E-10 1.9294E-10 1.9821E-10 2.0325E-10 2.0900E-10 2.1365E-10 2.1900E-10 2.2324E-10 2.2725E-10 2.3102E-10 2.3457E-10 2.3788E-10 2.4097E-10 2.4383E-10 2.4803E-10 2.5055E-10 2.5439E-10 2.5657E-10 2.5855E-10 2.6034E-10 2.6194E-10 2.6335E-10 2.6460E-10 2.6567E-10 2.6658E-10 2.6734E-10 2.7020E-10 2.7245E-10 2.7288E-10 2.7318E-10 2.7334E-10 2.7338E-10 2.7330E-10 2.7311E-10 2.7280E-10 2.7239E-10 2.7188E-10 2.7128E-10 2.7270E-10
6.6144E-11 7.2513E-11 7.9725E-11 8.6458E-11 9.3976E-11 1.0094E-10 1.0863E-10 1.1569E-10 1.2341E-10 1.3046E-10 1.3809E-10 1.4503E-10 1.5267E-10 1.5942E-10 1.6644E-10 1.7291E-10 1.7917E-10 1.8523E-10 1.9108E-10 1.9669E-10 2.0288E-10 2.0810E-10 2.1389E-10 2.1869E-10 2.2325E-10 2.2757E-10 2.3165E-10 2.3548E-10 2.3908E-10 2.4378E-10 2.4698E-10 2.4996E-10 2.5412E-10 2.5673E-10 2.5913E-10 2.6132E-10 2.6331E-10 2.6510E-10 2.6670E-10 2.6811E-10 2.6934E-10 2.7402E-10 2.7504E-10 2.7590E-10 2.7660E-10 2.7715E-10 2.7756E-10 2.7782E-10 2.7795E-10 2.7796E-10 2.7784E-10 2.7953E-10 2.7923E-10 2.8095E-10 2.8049E-10 2.7992E-10 2.7925E-10
6.6921E-11 7.3440E-11 8.0812E-11 8.7711E-11 9.5401E-11 1.0254E-10 1.1041E-10 1.1765E-10 1.2555E-10 1.3278E-10 1.4059E-10 1.4769E-10 1.5550E-10 1.6243E-10 1.6960E-10 1.7622E-10 1.8263E-10 1.8883E-10 1.9548E-10 2.0128E-10 2.0753E-10 2.1293E-10 2.1807E-10 2.2297E-10 2.2761E-10 2.3201E-10 2.3615E-10 2.4125E-10 2.4497E-10 2.4965E-10 2.5298E-10 2.5607E-10 2.5893E-10 2.6157E-10 2.6398E-10 2.6619E-10 2.6818E-10 2.6997E-10 2.7484E-10 2.7638E-10 2.7774E-10 2.7891E-10 2.7992E-10 2.8076E-10 2.8143E-10 2.8196E-10 2.8233E-10 2.8432E-10 2.8447E-10 2.8647E-10 2.8641E-10 2.8623E-10 2.8593E-10 2.8553E-10 2.8501E-10 2.8440E-10 2.8369E-10
6.7321E-11 7.4375E-11 8.1910E-11 8.8979E-11 9.6846E-11 1.0416E-10 1.1221E-10 1.1964E-10 1.2773E-10 1.3514E-10 1.4313E-10 1.5042E-10 1.5841E-10 1.6549E-10 1.7284E-10 1.8010E-10 1.8672E-10 1.9362E-10 1.9986E-10 2.0585E-10 2.1161E-10 2.1711E-10 2.2236E-10 2.2735E-10 2.3306E-10 2.3761E-10 2.4288E-10 2.4699E-10 2.5085E-10 2.5447E-10 2.5784E-10 2.6096E-10 2.6385E-10 2.6651E-10 2.7056E-10 2.7406E-10 2.7620E-10 2.7814E-10 2.7987E-10 2.8141E-10 2.8275E-10 2.8392E-10 2.8490E-10 2.8572E-10 2.8799E-10 2.9035E-10 2.9080E-10 2.9111E-10 2.9127E-10 2.9130E-10 2.9121E-10 2.9098E-10 2.9064E-10 2.9019E-10 2.9164E-10 2.9102E-10 2.9251E-10
6.8103E-11 7.5316E-11 8.3019E-11 9.0262E-11 9.8311E-11 1.0582E-10 1.1406E-10 1.2168E-10 1.2995E-10 1.3755E-10 1.4574E-10 1.5320E-10 1.6137E-10 1.6864E-10 1.7658E-10 1.8357E-10 1.9079E-10 1.9740E-10 2.0377E-10 2.0990E-10 2.1578E-10 2.2140E-10 2.2758E-10 2.3275E-10 2.3848E-10 2.4319E-10 2.4763E-10 2.5181E-10 2.5573E-10 2.5940E-10 2.6281E-10 2.6598E-10 2.7036E-10 2.7423E-10 2.7682E-10 2.7920E-10 2.8135E-10 2.8329E-10 2.8502E-10 2.8655E-10 2.8788E-10 2.9209E-10 2.9318E-10 2.9409E-10 2.9484E-10 2.9542E-10 2.9584E-10 2.9612E-10 2.9625E-10 2.9624E-10 2.9794E-10 2.9974E-10 2.9945E-10 2.9905E-10 2.9854E-10 2.9791E-10 2.9719E-10
6.8887E-11 7.6262E-11 8.3441E-11 9.1560E-11 9.9797E-11 1.0749E-10 1.1593E-10 1.2374E-10 1.3222E-10 1.4002E-10 1.4839E-10 1.5605E-10 1.6440E-10 1.7185E-10 1.7997E-10 1.8713E-10 1.9451E-10 2.0127E-10 2.0779E-10 2.1405E-10 2.2075E-10 2.2656E-10 2.3280E-10 2.3813E-10 2.4319E-10 2.4798E-10 2.5250E-10 2.5675E-10 2.6073E-10 2.6569E-10 2.7014E-10 2.7349E-10 2.7659E-10 2.7945E-10 2.8207E-10 2.8445E-10 2.8662E-10 2.8856E-10 2.9301E-10 2.9466E-10 2.9611E-10 2.9737E-10 2.9844E-10 2.9933E-10 3.0005E-10 3.0060E-10 3.0263E-10 3.0477E-10 3.0497E-10 3.0503E-10 3.0496E-10 3.0476E-10 3.0442E-10 3.0397E-10 3.0341E-10 3.0274E-10 3.0401E-10
6.9672E-11 7.7214E-11 8.4568E-11 9.2874E-11 1.0130E-10 1.0919E-10 1.1783E-10 1.2585E-10 1.3453E-10 1.4253E-10 1.5042E-10 1.5896E-10 1.6751E-10 1.7514E-10 1.8344E-10 1.9077E-10 1.9832E-10 2.0574E-10 2.1247E-10 2.1894E-10 2.2571E-10 2.3171E-10 2.3742E-10 2.4286E-10 2.4802E-10 2.5290E-10 2.5850E-10 2.6364E-10 2.6782E-10 2.7174E-10 2.7539E-10 2.7878E-10 2.8192E-10 2.8480E-10 2.8744E-10 2.9220E-10 2.9450E-10 2.9658E-10 2.9844E-10 3.0008E-10 3.0152E-10 3.0277E-10 3.0382E-10 3.0616E-10 3.0860E-10 3.0925E-10 3.0973E-10 3.1005E-10 3.1022E-10 3.1024E-10 3.1012E-10 3.0987E-10 3.1136E-10 3.1092E-10 3.1246E-10 3.1184E-10 3.1110E-10
7.0458E-11 7.8170E-11 8.5704E-11 9.4201E-11 1.0212E-10 1.1092E-10 1.1977E-10 1.2800E-10 1.3689E-10 1.4509E-10 1.5319E-10 1.6193E-10 1.6982E-10 1.7850E-10 1.8699E-10 1.9450E-10 2.0266E-10 2.0980E-10 2.1714E-10 2.2381E-10 2.3021E-10 2.3633E-10 2.4217E-10 2.4771E-10 2.5383E-10 2.5950E-10 2.6431E-10 2.6885E-10 2.7310E-10 2.7707E-10 2.8077E-10 2.8420E-10 2.8828E-10 2.9240E-10 2.9519E-10 2.9774E-10 3.0005E-10 3.0213E-10 3.0399E-10 3.0563E-10 3.0836E-10 3.1117E-10 3.1233E-10 3.1331E-10 3.1410E-10 3.1472E-10 3.1516E-10 3.1545E-10 3.1724E-10 3.1728E-10 3.1910E-10 3.1892E-10 3.1860E-10 3.1816E-10 3.1760E-10 3.1692E-10 3.1614E-10
7.1244E-11 7.9130E-11 8.6850E-11 9.5542E-11 1.0366E-10 1.1268E-10 1.2138E-10 1.3018E-10 1.3858E-10 1.4771E-10 1.5602E-10 1.6497E-10 1.7306E-10 1.8194E-10 1.9062E-10 1.9832E-10 2.0666E-10 2.1397E-10 2.2146E-10 2.2829E-10 2.3483E-10 2.4108E-10 2.4775E-10 2.5399E-10 2.5948E-10 2.6468E-10 2.6958E-10 2.7418E-10 2.7850E-10 2.8253E-10 2.8802E-10 2.9163E-10 2.9497E-10 2.9804E-10 3.0085E-10 3.0342E-10 3.0574E-10 3.0893E-10 3.1219E-10 3.1396E-10 3.1552E-10 3.1686E-10 3.1801E-10 3.1895E-10 3.1972E-10 3.2180E-10 3.2398E-10 3.2436E-10 3.2457E-10 3.2463E-10 3.2455E-10 3.2432E-10 3.2395E-10 3.2346E-10 3.2475E-10 3.2407E-10 3.2542E-10
7.2028E-11 8.0093E-11 8.8003E-11 9.6897E-11 1.0523E-10 1.1446E-10 1.2302E-10 1.3240E-10 1.4103E-10 1.5038E-10 1.5891E-10 1.6807E-10 1.7638E-10 1.8546E-10 1.9434E-10 2.0223E-10 2.1075E-10 2.1823E-10 2.2589E-10 2.3287E-10 2.4014E-10 2.4700E-10 2.5320E-10 2.5910E-10 2.6469E-10 2.6998E-10 2.7497E-10 2.8103E-10 2.8554E-10 2.8976E-10 2.9369E-10 2.9734E-10 3.0071E-10 3.0381E-10 3.0757E-10 3.1136E-10 3.1383E-10 3.1606E-10 3.1805E-10 3.1981E-10 3.2135E-10 3.2268E-10 3.2511E-10 3.2765E-10 3.2852E-10 3.2920E-10 3.2971E-10 3.3005E-10 3.3022E-10 3.3024E-10 3.3179E-10 3.3158E-10 3.3318E-10 3.3275E-10 3.3220E-10 3.3152E-10 3.3073E-10
7.2810E-11 8.1058E-11 8.9163E-11 9.8264E-11 1.0681E-10 1.1626E-10 1.2505E-10 1.3467E-10 1.4352E-10 1.5310E-10 1.6186E-10 1.7125E-10 1.7977E-10 1.8906E-10 1.9815E-10 2.0623E-10 2.1494E-10 2.2260E-10 2.3089E-10 2.3809E-10 2.4535E-10 2.5199E-10 2.5832E-10 2.6433E-10 2.7004E-10 2.7657E-10 2.8176E-10 2.8665E-10 2.9123E-10 2.9551E-10 2.9949E-10 3.0319E-10 3.0834E-10 3.1161E-10 3.1461E-10 3.1734E-10 3.1982E-10 3.2205E-10 3.2404E-10 3.2691E-10 3.2987E-10 3.3132E-10 3.3256E-10 3.3360E-10 3.3444E-10 3.3509E-10 3.3556E-10 3.3738E-10 3.3931E-10 3.3941E-10 3.3936E-10 3.3916E-10 3.3882E-10 3.3834E-10 3.3773E-10 3.3699E-10 3.3938E-10
7.3590E-11 8.2025E-11 9.0330E-11 9.9644E-11 1.0841E-10 1.1809E-10 1.2712E-10 1.3697E-10 1.4606E-10 1.5588E-10 1.6487E-10 1.7449E-10 1.8323E-10 1.9274E-10 2.0116E-10 2.1033E-10 2.1924E-10 2.2708E-10 2.3554E-10 2.4290E-10 2.5032E-10 2.5710E-10 2.6356E-10 2.7063E-10 2.7655E-10 2.8216E-10 2.8744E-10 2.9241E-10 2.9706E-10 3.0140E-10 3.0694E-10 3.1081E-10 3.1439E-10 3.1769E-10 3.2071E-10 3.2346E-10 3.2595E-10 3.3033E-10 3.3246E-10 3.3435E-10 3.3601E-10 3.3745E-10 3.3867E-10 3.3968E-10 3.4182E-10 3.4407E-10 3.4464E-10 3.4504E-10 3.4526E-10 3.4532E-10 3.4522E-10 3.4497E-10 3.4744E-10 3.4702E-10 3.4845E-10 3.4782E-10 3.4707E-10
7.4366E-11 8.2993E-11 9.1503E-11 1.0103E-10 1.1003E-10 1.1995E-10 1.2921E-10 1.3931E-10 1.4864E-10 1.5871E-10 1.6794E-10 1.7780E-10 1.8677E-10 1.9651E-10 2.0514E-10 2.1452E-10 2.2363E-10 2.3166E-10 2.4031E-10 2.4784E-10 2.5541E-10 2.6276E-10 2.6977E-10 2.7614E-10 2.8217E-10 2.8788E-10 2.9326E-10 2.9944E-10 3.0429E-10 3.0883E-10 3.1305E-10 3.1697E-10 3.2059E-10 3.2392E-10 3.2872E-10 3.3162E-10 3.3426E-10 3.3664E-10 3.3877E-10 3.4065E-10 3.4230E-10 3.4485E-10 3.4748E-10 3.4861E-10 3.4954E-10 3.5027E-10 3.5080E-10 3.5116E-10 3.5134E-10 3.5392E-10 3.5566E-10 3.5553E-10 3.5526E-10 3.5485E-10 3.5429E-10 3.5361E-10 3.5279E-10
7.5137E-11 8.3960E-11 9.2680E-11 1.0244E-10 1.1166E-10 1.2183E-10 1.3134E-10 1.4169E-10 1.5127E-10 1.6159E-10 1.7107E-10 1.8118E-10 1.9039E-10 2.0037E-10 2.0922E-10 2.1882E-10 2.2813E-10 2.3636E-10 2.4519E-10 2.5290E-10 2.6100E-10 2.6813E-10 2.7528E-10 2.8178E-10 2.8794E-10 2.9467E-10 3.0025E-10 3.0551E-10 3.1043E-10 3.1503E-10 3.1931E-10 3.2328E-10 3.2844E-10 3.3193E-10 3.3514E-10 3.3806E-10 3.4071E-10 3.4310E-10 3.4522E-10 3.4926E-10 3.5104E-10 3.5259E-10 3.5391E-10 3.5502E-10 3.5591E-10 3.5660E-10 3.5935E-10 3.6137E-10 3.6170E-10 3.6185E-10 3.6184E-10 3.6167E-10 3.6134E-10 3.6087E-10 3.6320E-10 3.6257E-10 3.6520E-10
7.5902E-11 8.4925E-11 9.3862E-11 1.0385E-10 1.1331E-10 1.2373E-10 1.3349E-10 1.4410E-10 1.5395E-10 1.6454E-10 1.7427E-10 1.8463E-10 1.9409E-10 2.0431E-10 2.1339E-10 2.2321E-10 2.3183E-10 2.4117E-10 2.5020E-10 2.5808E-10 2.6636E-10 2.7365E-10 2.8094E-10 2.8798E-10 2.9431E-10 3.0069E-10 3.0637E-10 3.1172E-10 3.1672E-10 3.2139E-10 3.2698E-10 3.3112E-10 3.3496E-10 3.3849E-10 3.4172E-10 3.4466E-10 3.4812E-10 3.5161E-10 3.5388E-10 3.5589E-10 3.5766E-10 3.5919E-10 3.6049E-10 3.6348E-10 3.6585E-10 3.6670E-10 3.6736E-10 3.6783E-10 3.6811E-10 3.6822E-10 3.6815E-10 3.7057E-10 3.7331E-10 3.7302E-10 3.7257E-10 3.7199E-10 3.7127E-10
7.6732E-11 8.5443E-11 9.5046E-11 1.0527E-10 1.1498E-10 1.2565E-10 1.3568E-10 1.4656E-10 1.5668E-10 1.6753E-10 1.7754E-10 1.8816E-10 1.9788E-10 2.0834E-10 2.1767E-10 2.2771E-10 2.3655E-10 2.4610E-10 2.5533E-10 2.6340E-10 2.7185E-10 2.7929E-10 2.8710E-10 2.9391E-10 3.0037E-10 3.0686E-10 3.1265E-10 3.1898E-10 3.2418E-10 3.2904E-10 3.3356E-10 3.3776E-10 3.4164E-10 3.4520E-10 3.4995E-10 3.5305E-10 3.5586E-10 3.5840E-10 3.6067E-10 3.6267E-10 3.6443E-10 3.6880E-10 3.7028E-10 3.7153E-10 3.7256E-10 3.7338E-10 3.7400E-10 3.7442E-10 3.7697E-10 3.7984E-10 3.7998E-10 3.7994E-10 3.7975E-10 3.7940E-10 3.7889E-10 3.7825E-10 3.7747E-10
7.7567E-11 8.6402E-11 9.6232E-11 1.0669E-10 1.1666E-10 1.2760E-10 1.3790E-10 1.4906E-10 1.5946E-10 1.7059E-10 1.8087E-10 1.9176E-10 2.0174E-10 2.1246E-10 2.2203E-10 2.3232E-10 2.4139E-10 2.5116E-10 2.6058E-10 2.6884E-10 2.7747E-10 2.8508E-10 2.9232E-10 3.0000E-10 3.0658E-10 3.1360E-10 3.1954E-10 3.2552E-10 3.3080E-10 3.3572E-10 3.4031E-10 3.4456E-10 3.4972E-10 3.5345E-10 3.5687E-10 3.5999E-10 3.6281E-10 3.6535E-10 3.6896E-10 3.7212E-10 3.7406E-10 3.7575E-10 3.7720E-10 3.7842E-10 3.7942E-10 3.8216E-10 3.8522E-10 3.8586E-10 3.8631E-10 3.8657E-10 3.8665E-10 3.8657E-10 3.8632E-10 3.8591E-10 3.8843E-10 3.8785E-10 3.8712E-10
