Assets/Resources/2015_m01_d02_0100(utc+0800)_l00_csi_1hr_conc.grd
DSAA
         159         159
     -79.000      79.000
     -79.000      79.000
  0.0000E+00  0.6645E-05
[rows 100 to 124 of 159, columns 57 to 113 of 159]
0.0000E+00 0.0000E+00 0.0000E+00 0.0000E+00 0.0000E+00 0.0000E+00 0.0000E+00 0.0000E+00 0.0000E+00 0.0000E+00 1.3041E-12 1.3699E-11 3.9485E-11 7.5875E-11 1.2029E-10 1.7075E-10 2.2490E-10 3.0466E-10 3.9523E-10 5.2087E-10 6.4886E-10 8.1646E-10 1.0095E-09 1.2710E-09 1.5630E-09 2.0083E-09 5.1215E-09 1.1152E-08 2.2631E-08 4.1506E-08 7.0929E-08 1.1055E-07 1.5457E-07 1.9328E-07 2.1567E-07 2.1837E-07 2.0645E-07 1.8822E-07 1.6910E-07 1.5205E-07 1.3800E-07 1.2648E-07 1.1710E-07 1.0943E-07 1.0311E-07 9.7823E-08 9.3134E-08 8.8864E-08 8.4795E-08 8.0795E-08 7.6749E-08 7.2803E-08 6.8829E-08 6.4902E-08 6.1078E-08 5.7371E-08 5.3803E-08
0.0000E+00 0.0000E+00 0.0000E+00 0.0000E+00 0.0000E+00 0.0000E+00 0.0000E+00 0.0000E+00 0.0000E+00 0.0000E+00 1.8010E-12 1.6126E-11 4.4457E-11 8.2756E-11 1.2886E-10 1.7992E-10 2.3479E-10 3.1620E-10 4.2760E-10 5.3934E-10 6.8864E-10 8.4689E-10 1.0722E-09 1.3216E-09 1.6509E-09 2.0829E-09 4.6477E-09 9.9993E-09 1.9639E-08 3.5631E-08 5.9317E-08 9.1053E-08 1.2672E-07 1.5967E-07 1.8331E-07 1.9420E-07 1.9399E-07 1.8627E-07 1.7534E-07 1.6407E-07 1.5309E-07 1.4323E-07 1.3455E-07 1.2685E-07 1.2010E-07 1.1408E-07 1.0850E-07 1.0326E-07 9.8101E-08 9.2993E-08 8.7843E-08 8.2782E-08 7.7749E-08 7.2824E-08 6.8047E-08 6.3491E-08 5.9131E-08
0.0000E+00 0.0000E+00 0.0000E+00 0.0000E+00 0.0000E+00 0.0000E+00 0.0000E+00 0.0000E+00 0.0000E+00 0.0000E+00 2.1878E-12 1.8662E-11 4.9375E-11 8.9197E-11 1.3558E-10 1.8729E-10 2.4354E-10 3.2608E-10 4.4032E-10 5.7243E-10 7.1007E-10 8.7397E-10 1.1069E-09 1.3880E-09 1.7121E-09 2.1828E-09 4.3162E-09 9.0144E-09 1.7159E-08 3.0439E-08 5.0267E-08 7.6382E-08 1.0575E-07 1.3435E-07 1.5783E-07 1.7324E-07 1.8022E-07 1.8114E-07 1.7772E-07 1.7152E-07 1.6450E-07 1.5718E-07 1.4986E-07 1.4285E-07 1.3616E-07 1.2981E-07 1.2365E-07 1.1758E-07 1.1146E-07 1.0533E-07 9.9093E-08 9.2923E-08 8.6833E-08 8.0860E-08 7.5113E-08 6.9684E-08 6.4494E-08
0.0000E+00 0.0000E+00 0.0000E+00 0.0000E+00 0.0000E+00 0.0000E+00 0.0000E+00 0.0000E+00 0.0000E+00 0.0000E+00 2.4638E-12 2.0807E-11 5.3582E-11 9.4961E-11 1.4185E-10 1.9376E-10 2.5101E-10 3.3442E-10 4.5126E-10 5.8697E-10 7.2843E-10 8.9728E-10 1.1365E-09 1.4276E-09 1.7629E-09 2.2897E-09 3.9684E-09 8.0719E-09 1.5093E-08 2.6415E-08 4.2946E-08 6.4577E-08 8.9488E-08 1.1475E-07 1.3731E-07 1.5508E-07 1.6725E-07 1.7398E-07 1.7606E-07 1.7521E-07 1.7206E-07 1.6760E-07 1.6226E-07 1.5650E-07 1.5037E-07 1.4415E-07 1.3769E-07 1.3108E-07 1.2421E-07 1.1718E-07 1.0997E-07 1.0280E-07 9.5675E-08 8.8714E-08 8.2040E-08 7.5724E-08 6.9726E-08
0.0000E+00 0.0000E+00 0.0000E+00 0.0000E+00 0.0000E+00 0.0000E+00 0.0000E+00 0.0000E+00 0.0000E+00 0.0000E+00 2.6073E-12 2.2423E-11 5.7458E-11 9.9421E-11 1.4653E-10 1.9900E-10 2.5693E-10 3.4111E-10 4.6010E-10 5.9871E-10 7.5968E-10 9.1649E-10 1.1607E-09 1.4593E-09 1.8246E-09 2.3606E-09 3.5839E-09 7.3123E-09 1.3366E-08 2.2933E-08 3.6881E-08 5.5058E-08 7.6317E-08 9.8797E-08 1.2043E-07 1.3931E-07 1.5424E-07 1.6495E-07 1.7174E-07 1.7502E-07 1.7558E-07 1.7414E-07 1.7126E-07 1.6708E-07 1.6201E-07 1.5626E-07 1.4988E-07 1.4301E-07 1.3564E-07 1.2793E-07 1.1996E-07 1.1191E-07 1.0389E-07 9.6048E-08 8.8490E-08 8.1363E-08 7.4628E-08
0.0000E+00 0.0000E+00 0.0000E+00 0.0000E+00 0.0000E+00 0.0000E+00 0.0000E+00 0.0000E+00 0.0000E+00 0.0000E+00 2.6046E-12 2.3779E-11 6.0904E-11 1.0341E-10 1.5016E-10 2.0306E-10 2.6172E-10 3.4623E-10 4.6666E-10 6.0752E-10 7.7192E-10 9.3131E-10 1.1789E-09 1.4831E-09 1.8526E-09 2.4072E-09 3.2222E-09 6.7232E-09 1.1988E-08 2.0139E-08 3.1799E-08 4.7085E-08 6.5451E-08 8.5579E-08 1.0584E-07 1.2484E-07 1.4141E-07 1.5480E-07 1.6481E-07 1.7141E-07 1.7533E-07 1.7688E-07 1.7637E-07 1.7416E-07 1.7048E-07 1.6550E-07 1.5953E-07 1.5270E-07 1.4512E-07 1.3700E-07 1.2846E-07 1.1978E-07 1.1105E-07 1.0247E-07 9.4185E-08 8.6365E-08 7.8965E-08
0.0000E+00 0.0000E+00 0.0000E+00 0.0000E+00 0.0000E+00 0.0000E+00 0.0000E+00 0.0000E+00 0.0000E+00 0.0000E+00 2.4436E-12 2.4631E-11 6.3392E-11 1.0613E-10 1.5291E-10 2.0600E-10 2.6521E-10 3.4964E-10 4.8900E-10 6.2998E-10 7.8036E-10 9.4151E-10 1.1909E-09 1.4995E-09 1.8715E-09 2.4311E-09 3.2696E-09 6.1231E-09 1.0803E-08 1.7753E-08 2.7553E-08 4.0502E-08 5.6371E-08 7.4208E-08 9.3038E-08 1.1156E-07 1.2867E-07 1.4354E-07 1.5565E-07 1.6510E-07 1.7169E-07 1.7583E-07 1.7771E-07 1.7750E-07 1.7534E-07 1.7144E-07 1.6613E-07 1.5961E-07 1.5210E-07 1.4387E-07 1.3506E-07 1.2599E-07 1.1678E-07 1.0766E-07 9.8840E-08 9.0456E-08 8.2541E-08
0.0000E+00 0.0000E+00 0.0000E+00 0.0000E+00 0.0000E+00 0.0000E+00 0.0000E+00 0.0000E+00 0.0000E+00 0.0000E+00 2.1141E-12 2.4927E-11 6.4768E-11 1.0805E-10 1.5409E-10 2.0761E-10 2.6710E-10 3.5133E-10 4.9121E-10 6.3322E-10 7.8488E-10 9.4695E-10 1.1966E-09 1.5288E-09 1.9022E-09 2.4228E-09 3.2823E-09 5.6435E-09 9.8255E-09 1.5629E-08 2.3907E-08 3.4940E-08 4.8539E-08 6.4396E-08 8.1544E-08 9.9077E-08 1.1601E-07 1.3156E-07 1.4510E-07 1.5632E-07 1.6505E-07 1.7137E-07 1.7539E-07 1.7703E-07 1.7642E-07 1.7379E-07 1.6933E-07 1.6339E-07 1.5625E-07 1.4816E-07 1.3939E-07 1.3018E-07 1.2076E-07 1.1136E-07 1.0218E-07 9.3451E-08 8.5182E-08
0.0000E+00 0.0000E+00 0.0000E+00 0.0000E+00 0.0000E+00 0.0000E+00 0.0000E+00 0.0000E+00 0.0000E+00 0.0000E+00 1.6141E-12 2.4622E-11 6.5303E-11 1.0888E-10 1.5427E-10 2.0795E-10 2.6745E-10 3.5129E-10 4.9094E-10 6.3327E-10 7.8541E-10 9.4756E-10 1.1959E-09 1.5277E-09 1.9028E-09 2.3762E-09 3.2552E-09 4.9198E-09 8.8530E-09 1.3834E-08 2.0871E-08 3.0176E-08 4.1977E-08 5.5860E-08 7.1260E-08 8.7508E-08 1.0379E-07 1.1928E-07 1.3345E-07 1.4571E-07 1.5599E-07 1.6398E-07 1.6968E-07 1.7299E-07 1.7388E-07 1.7249E-07 1.6908E-07 1.6393E-07 1.5736E-07 1.4969E-07 1.4120E-07 1.3216E-07 1.2279E-07 1.1335E-07 1.0407E-07 9.5185E-08 8.6733E-08
0.0000E+00 0.0000E+00 0.0000E+00 0.0000E+00 0.0000E+00 0.0000E+00 0.0000E+00 0.0000E+00 0.0000E+00 0.0000E+00 9.2167E-13 2.3681E-11 6.4954E-11 1.0881E-10 1.5333E-10 2.0700E-10 2.6645E-10 3.2936E-10 4.8817E-10 6.3014E-10 7.8197E-10 9.4334E-10 1.1889E-09 1.5178E-09 1.8928E-09 2.3244E-09 3.1868E-09 4.3945E-09 8.0208E-09 1.2304E-08 1.8159E-08 2.6132E-08 3.6185E-08 4.8251E-08 6.1971E-08 7.6745E-08 9.1960E-08 1.0694E-07 1.2109E-07 1.3393E-07 1.4500E-07 1.5413E-07 1.6107E-07 1.6573E-07 1.6794E-07 1.6780E-07 1.6546E-07 1.6125E-07 1.5545E-07 1.4845E-07 1.4046E-07 1.3185E-07 1.2279E-07 1.1354E-07 1.0440E-07 9.5557E-08 8.7137E-08
0.0000E+00 0.0000E+00 0.0000E+00 0.0000E+00 0.0000E+00 0.0000E+00 0.0000E+00 0.0000E+00 0.0000E+00 0.0000E+00 3.9091E-14 2.2354E-11 6.3854E-11 1.0789E-10 1.5143E-10 2.0481E-10 2.6407E-10 3.2665E-10 4.8302E-10 6.2388E-10 7.7461E-10 9.3437E-10 1.1503E-09 1.5001E-09 1.8771E-09 2.2827E-09 3.0627E-09 4.2509E-09 7.2222E-09 1.0972E-08 1.5964E-08 2.2668E-08 3.1261E-08 4.1698E-08 5.3708E-08 6.6899E-08 8.0833E-08 9.4910E-08 1.0856E-07 1.2129E-07 1.3269E-07 1.4242E-07 1.5019E-07 1.5580E-07 1.5916E-07 1.6011E-07 1.5886E-07 1.5567E-07 1.5080E-07 1.4456E-07 1.3732E-07 1.2930E-07 1.2077E-07 1.1196E-07 1.0316E-07 9.4573E-08 8.6369E-08
0.0000E+00 0.0000E+00 0.0000E+00 0.0000E+00 0.0000E+00 0.0000E+00 0.0000E+00 0.0000E+00 0.0000E+00 0.0000E+00 0.0000E+00 2.0277E-11 6.1087E-11 1.0601E-10 1.4849E-10 2.0137E-10 2.6047E-10 3.2238E-10 4.5763E-10 6.1462E-10 7.6347E-10 9.2081E-10 1.1069E-09 1.4774E-09 1.8507E-09 2.2523E-09 2.9068E-09 4.0832E-09 6.4851E-09 9.7570E-09 1.3992E-08 1.9662E-08 2.6945E-08 3.5817E-08 4.6235E-08 5.7893E-08 7.0391E-08 8.3285E-08 9.6119E-08 1.0836E-07 1.1963E-07 1.2949E-07 1.3769E-07 1.4394E-07 1.4805E-07 1.4996E-07 1.4978E-07 1.4756E-07 1.4367E-07 1.3837E-07 1.3198E-07 1.2473E-07 1.1689E-07 1.0870E-07 1.0042E-07 9.2285E-08 8.4469E-08
0.0000E+00 0.0000E+00 0.0000E+00 0.0000E+00 0.0000E+00 0.0000E+00 0.0000E+00 0.0000E+00 0.0000E+00 0.0000E+00 0.0000E+00 1.6441E-11 5.7116E-11 1.0326E-10 1.4472E-10 1.9680E-10 2.5569E-10 3.1640E-10 4.4839E-10 6.0249E-10 7.4873E-10 9.0432E-10 1.0883E-09 1.4243E-09 1.8175E-09 2.2151E-09 2.7740E-09 3.7991E-09 5.6564E-09 8.7140E-09 1.2324E-08 1.7102E-08 2.3215E-08 3.0762E-08 3.9710E-08 4.9810E-08 6.0827E-08 7.2425E-08 8.4154E-08 9.5612E-08 1.0633E-07 1.1599E-07 1.2423E-07 1.3074E-07 1.3538E-07 1.3809E-07 1.3874E-07 1.3754E-07 1.3463E-07 1.3029E-07 1.2478E-07 1.1842E-07 1.1140E-07 1.0396E-07 9.6361E-08 8.8824E-08 8.1532E-08
0.0000E+00 0.0000E+00 0.0000E+00 0.0000E+00 0.0000E+00 0.0000E+00 0.0000E+00 0.0000E+00 0.0000E+00 0.0000E+00 0.0000E+00 1.1665E-11 5.1995E-11 9.9627E-11 1.4006E-10 1.9073E-10 2.4951E-10 3.0870E-10 4.1857E-10 5.8769E-10 7.3217E-10 8.8493E-10 1.0662E-09 1.3928E-09 1.7786E-09 2.1722E-09 2.6623E-09 3.5446E-09 4.9055E-09 7.7729E-09 1.0842E-08 1.4840E-08 1.9966E-08 2.6329E-08 3.3905E-08 4.2568E-08 5.2158E-08 6.2370E-08 7.2872E-08 8.3304E-08 9.3277E-08 1.0243E-07 1.1040E-07 1.1695E-07 1.2188E-07 1.2505E-07 1.2644E-07 1.2614E-07 1.2416E-07 1.2074E-07 1.1620E-07 1.1073E-07 1.0460E-07 9.8020E-08 9.1197E-08 8.4378E-08 7.7706E-08
0.0000E+00 0.0000E+00 0.0000E+00 0.0000E+00 0.0000E+00 0.0000E+00 0.0000E+00 0.0000E+00 0.0000E+00 0.0000E+00 0.0000E+00 5.9431E-12 4.5707E-11 9.4974E-11 1.3439E-10 1.8335E-10 2.4208E-10 2.9959E-10 3.6731E-10 5.7201E-10 7.1312E-10 8.6330E-10 1.0405E-09 1.3349E-09 1.7331E-09 2.1208E-09 2.5722E-09 3.3222E-09 4.5171E-09 6.9253E-09 9.5604E-09 1.2910E-08 1.7191E-08 2.2512E-08 2.8880E-08 3.6235E-08 4.4435E-08 5.3289E-08 6.2537E-08 7.1830E-08 8.0874E-08 8.9286E-08 9.6806E-08 1.0314E-07 1.0809E-07 1.1157E-07 1.1356E-07 1.1390E-07 1.1280E-07 1.1029E-07 1.0663E-07 1.0208E-07 9.6875E-08 9.1169E-08 8.5192E-08 7.9149E-08 7.3179E-08
0.0000E+00 0.0000E+00 0.0000E+00 0.0000E+00 0.0000E+00 0.0000E+00 0.0000E+00 0.0000E+00 0.0000E+00 0.0000E+00 0.0000E+00 2.7973E-13 4.0376E-11 8.9674E-11 1.2860E-10 1.7532E-10 2.3344E-10 2.8927E-10 3.5634E-10 5.3738E-10 6.9282E-10 8.3869E-10 1.0121E-09 1.2743E-09 1.6799E-09 2.0622E-09 2.4920E-09 3.1320E-09 4.1766E-09 6.1021E-09 8.3971E-09 1.1227E-08 1.4807E-08 1.9230E-08 2.4523E-08 3.0695E-08 3.7646E-08 4.5227E-08 5.3197E-08 6.1343E-08 6.9353E-08 7.6969E-08 8.3853E-08 8.9797E-08 9.4648E-08 9.8260E-08 1.0055E-07 1.0148E-07 1.0106E-07 9.9349E-08 9.6539E-08 9.2886E-08 8.8548E-08 8.3735E-08 7.8631E-08 7.3374E-08 6.8147E-08
0.0000E+00 0.0000E+00 0.0000E+00 0.0000E+00 0.0000E+00 0.0000E+00 0.0000E+00 0.0000E+00 0.0000E+00 0.0000E+00 0.0000E+00 0.0000E+00 3.6726E-11 8.2431E-11 1.2246E-10 1.6643E-10 2.2340E-10 2.7848E-10 3.4409E-10 5.1967E-10 6.7016E-10 8.1259E-10 9.8035E-10 1.2364E-09 1.6243E-09 1.9953E-09 2.4154E-09 2.9600E-09 3.8574E-09 5.2903E-09 7.3800E-09 9.7504E-09 1.2753E-08 1.6426E-08 2.0814E-08 2.5961E-08 3.1766E-08 3.8165E-08 4.4960E-08 5.1977E-08 5.8967E-08 6.5683E-08 7.1872E-08 7.7351E-08 8.1913E-08 8.5482E-08 8.7944E-08 8.9285E-08 8.9404E-08 8.8391E-08 8.6354E-08 8.3484E-08 7.9989E-08 7.6042E-08 7.1754E-08 6.7296E-08 6.2834E-08
0.0000E+00 0.0000E+00 0.0000E+00 0.0000E+00 0.0000E+00 0.0000E+00 0.0000E+00 0.0000E+00 0.0000E+00 0.0000E+00 0.0000E+00 0.0000E+00 2.5872E-11 7.0209E-11 1.1477E-10 1.5680E-10 2.1210E-10 2.6738E-10 3.2993E-10 4.4561E-10 6.4666E-10 7.8386E-10 9.4692E-10 1.1941E-09 1.5471E-09 1.9251E-09 2.3312E-09 2.8125E-09 3.5743E-09 4.5847E-09 6.5191E-09 8.5150E-09 1.0988E-08 1.4039E-08 1.7689E-08 2.1953E-08 2.6774E-08 3.2120E-08 3.7847E-08 4.3787E-08 4.9791E-08 5.5616E-08 6.1090E-08 6.5998E-08 7.0206E-08 7.3610E-08 7.6121E-08 7.7660E-08 7.8227E-08 7.7767E-08 7.6372E-08 7.4227E-08 7.1509E-08 6.8334E-08 6.4826E-08 6.1144E-08 5.7388E-08
0.0000E+00 0.0000E+00 0.0000E+00 0.0000E+00 0.0000E+00 0.0000E+00 0.0000E+00 0.0000E+00 0.0000E+00 0.0000E+00 0.0000E+00 0.0000E+00 1.3222E-11 5.6736E-11 1.0631E-10 1.4592E-10 1.9830E-10 2.5450E-10 3.1347E-10 4.4735E-10 6.2138E-10 7.5413E-10 9.1065E-10 1.1498E-09 1.4429E-09 1.8424E-09 2.2434E-09 2.6902E-09 3.3203E-09 4.2190E-09 5.7746E-09 7.4500E-09 9.4872E-09 1.2004E-08 1.5020E-08 1.8538E-08 2.2547E-08 2.6972E-08 3.1738E-08 3.6742E-08 4.1817E-08 4.6812E-08 5.1550E-08 5.5879E-08 5.9693E-08 6.2843E-08 6.5282E-08 6.6953E-08 6.7777E-08 6.7748E-08 6.6905E-08 6.5397E-08 6.3333E-08 6.0851E-08 5.8071E-08 5.5088E-08 5.2005E-08
0.0000E+00 0.0000E+00 0.0000E+00 0.0000E+00 0.0000E+00 0.0000E+00 0.0000E+00 0.0000E+00 0.0000E+00 0.0000E+00 0.0000E+00 0.0000E+00 3.8979E-12 4.6524E-11 9.8353E-11 1.3556E-10 1.8436E-10 2.4094E-10 2.9621E-10 4.2838E-10 5.9536E-10 7.2257E-10 8.7331E-10 1.1023E-09 1.3835E-09 1.7562E-09 2.1508E-09 2.5790E-09 3.1063E-09 3.8947E-09 5.1296E-09 6.5500E-09 8.2445E-09 1.0295E-08 1.2789E-08 1.5693E-08 1.8986E-08 2.2626E-08 2.6586E-08 3.0746E-08 3.5003E-08 3.9230E-08 4.3289E-08 4.7071E-08 5.0437E-08 5.3309E-08 5.5603E-08 5.7269E-08 5.8257E-08 5.8553E-08 5.8163E-08 5.7154E-08 5.5654E-08 5.3791E-08 5.1649E-08 4.9292E-08 4.6820E-08
0.0000E+00 0.0000E+00 0.0000E+00 0.0000E+00 0.0000E+00 0.0000E+00 0.0000E+00 0.0000E+00 0.0000E+00 0.0000E+00 0.0000E+00 0.0000E+00 0.0000E+00 3.7754E-11 8.7270E-11 1.2583E-10 1.7070E-10 2.2668E-10 2.7937E-10 4.0823E-10 5.3446E-10 6.9026E-10 8.3420E-10 1.0297E-09 1.3215E-09 1.6784E-09 2.0503E-09 2.4607E-09 2.9290E-09 3.5966E-09 4.5728E-09 5.8118E-09 7.2078E-09 8.8962E-09 1.0942E-08 1.3304E-08 1.6006E-08 1.9029E-08 2.2293E-08 2.5734E-08 2.9283E-08 3.2832E-08 3.6274E-08 3.9511E-08 4.2448E-08 4.5006E-08 4.7111E-08 4.8717E-08 4.9783E-08 5.0281E-08 5.0212E-08 4.9624E-08 4.8624E-08 4.7287E-08 4.5675E-08 4.3869E-08 4.1950E-08
0.0000E+00 0.0000E+00 0.0000E+00 0.0000E+00 0.0000E+00 0.0000E+00 0.0000E+00 0.0000E+00 0.0000E+00 0.0000E+00 0.0000E+00 0.0000E+00 0.0000E+00 2.4780E-11 7.0113E-11 1.1449E-10 1.5611E-10 2.1035E-10 2.6247E-10 3.8588E-10 5.0880E-10 6.5708E-10 7.9442E-10 9.8027E-10 1.2591E-09 1.5762E-09 1.9413E-09 2.3384E-09 2.7814E-09 3.3235E-09 4.0624E-09 5.2014E-09 6.3570E-09 7.7530E-09 9.4233E-09 1.1371E-08 1.3596E-08 1.6039E-08 1.8719E-08 2.1571E-08 2.4509E-08 2.7465E-08 3.0356E-08 3.3108E-08 3.5638E-08 3.7878E-08 3.9769E-08 4.1268E-08 4.2344E-08 4.2973E-08 4.3160E-08 4.2929E-08 4.2314E-08 4.1391E-08 4.0231E-08 3.8903E-08 3.7445E-08
0.0000E+00 0.0000E+00 0.0000E+00 0.0000E+00 0.0000E+00 0.0000E+00 0.0000E+00 0.0000E+00 0.0000E+00 0.0000E+00 0.0000E+00 0.0000E+00 0.0000E+00 1.1781E-11 5.3566E-11 1.0185E-10 1.4202E-10 1.9242E-10 2.4471E-10 3.6175E-10 4.8231E-10 6.2348E-10 7.5398E-10 9.0694E-10 1.1945E-09 1.4930E-09 1.8301E-09 2.2140E-09 2.6303E-09 3.1006E-09 3.7245E-09 4.6489E-09 5.6493E-09 6.7829E-09 8.1701E-09 9.7830E-09 1.1592E-08 1.3612E-08 1.5806E-08 1.8124E-08 2.0537E-08 2.2981E-08 2.5400E-08 2.7721E-08 2.9884E-08 3.1835E-08 3.3514E-08 3.4893E-08 3.5948E-08 3.6666E-08 3.7025E-08 3.7024E-08 3.6704E-08 3.6135E-08 3.5363E-08 3.4416E-08 3.3333E-08
0.0000E+00 0.0000E+00 0.0000E+00 0.0000E+00 0.0000E+00 0.0000E+00 0.0000E+00 0.0000E+00 0.0000E+00 0.0000E+00 0.0000E+00 0.0000E+00 0.0000E+00 3.7578E-12 3.6516E-11 8.5834E-11 1.2711E-10 1.7342E-10 2.2617E-10 3.2011E-10 4.5452E-10 5.8986E-10 7.1334E-10 8.5743E-10 1.1284E-09 1.4080E-09 1.7256E-09 2.0831E-09 2.4782E-09 2.9185E-09 3.4142E-09 4.1847E-09 5.0631E-09 6.0558E-09 7.1698E-09 8.4891E-09 9.9994E-09 1.1662E-08 1.3469E-08 1.5376E-08 1.7378E-08 1.9402E-08 2.1410E-08 2.3354E-08 2.5188E-08 2.6858E-08 2.8329E-08 2.9573E-08 3.0564E-08 3.1290E-08 3.1741E-08 3.1919E-08 3.1848E-08 3.1555E-08 3.1066E-08 3.0416E-08 2.9655E-08
0.0000E+00 0.0000E+00 0.0000E+00 0.0000E+00 0.0000E+00 0.0000E+00 0.0000E+00 0.0000E+00 0.0000E+00 0.0000E+00 0.0000E+00 0.0000E+00 0.0000E+00 8.1358E-14 2.3993E-11 6.9718E-11 1.1332E-10 1.5638E-10 2.0776E-10 2.9644E-10 4.2543E-10 5.5619E-10 6.7218E-10 8.0738E-10 1.0617E-09 1.3250E-09 1.6229E-09 1.9494E-09 2.3228E-09 2.7366E-09 3.1975E-09 3.7842E-09 4.5442E-09 5.3797E-09 6.3222E-09 7.4048E-09 8.6624E-09 1.0030E-08 1.1540E-08 1.3120E-08 1.4739E-08 1.6413E-08 1.8081E-08 1.9717E-08 2.1272E-08 2.2714E-08 2.4007E-08 2.5119E-08 2.6042E-08 2.6767E-08 2.7285E-08 2.7588E-08 2.7672E-08 2.7565E-08 2.7297E-08 2.6903E-08 2.6402E-08
