Assets/Resources/2015_m01_d14_0100(utc+0800)_l00_csi_1hr_conc.grd
DSAA
         159         159
     -79.000      79.000
     -79.000      79.000
  0.0000E+00  0.9977E-05
[rows 75 to 99 of 159, columns 0 to 56 of 159]
1.5923E-09 1.6926E-09 1.7962E-09 1.9042E-09 2.0162E-09 2.1339E-09 2.2539E-09 2.3789E-09 2.5082E-09 2.6442E-09 2.7809E-09 2.9262E-09 3.0748E-09 3.2293E-09 3.3872E-09 3.5511E-09 3.7227E-09 3.8964E-09 4.0775E-09 4.2766E-09 4.4693E-09 4.6849E-09 4.9062E-09 5.1213E-09 5.3645E-09 5.6029E-09 5.8475E-09 6.1109E-09 6.3895E-09 6.6701E-09 6.9747E-09 7.2907E-09 7.6109E-09 7.9541E-09 8.2988E-09 8.6669E-09 9.0443E-09 9.4474E-09 9.8939E-09 1.0353E-08 1.0853E-08 1.1391E-08 1.1959E-08 1.2567E-08 1.3213E-08 1.3903E-08 1.4611E-08 1.5368E-08 1.6170E-08 1.7027E-08 1.7942E-08 1.8919E-08 1.9941E-08 2.1024E-08 2.2151E-08 2.3295E-08 2.4444E-08
1.4055E-09 1.4964E-09 1.5918E-09 1.6913E-09 1.7949E-09 1.9030E-09 2.0159E-09 2.1332E-09 2.2548E-09 2.3813E-09 2.5124E-09 2.6502E-09 2.7883E-09 2.9362E-09 3.0892E-09 3.2446E-09 3.4078E-09 3.5739E-09 3.7477E-09 3.9415E-09 4.1260E-09 4.3337E-09 4.5478E-09 4.7553E-09 4.9916E-09 5.2204E-09 5.4553E-09 5.7115E-09 5.9756E-09 6.2484E-09 6.5381E-09 6.8345E-09 7.1393E-09 7.4597E-09 7.7875E-09 8.1325E-09 8.4968E-09 8.8950E-09 9.3166E-09 9.7516E-09 1.0227E-08 1.0730E-08 1.1272E-08 1.1845E-08 1.2453E-08 1.3095E-08 1.3770E-08 1.4482E-08 1.5244E-08 1.6056E-08 1.6921E-08 1.7832E-08 1.8785E-08 1.9781E-08 2.0801E-08 2.1815E-08 2.2841E-08
1.2386E-09 1.3217E-09 1.4105E-09 1.5004E-09 1.5962E-09 1.6981E-09 1.8030E-09 1.9108E-09 2.0255E-09 2.1448E-09 2.2679E-09 2.3964E-09 2.5280E-09 2.6673E-09 2.8115E-09 2.9589E-09 3.1136E-09 3.2724E-09 3.4371E-09 3.6228E-09 3.8001E-09 3.9978E-09 4.2032E-09 4.4014E-09 4.6279E-09 4.8441E-09 5.0725E-09 5.3156E-09 5.5607E-09 5.8241E-09 6.0938E-09 6.3656E-09 6.6611E-09 6.9640E-09 7.2648E-09 7.5932E-09 7.9447E-09 8.3213E-09 8.7160E-09 9.1284E-09 9.5714E-09 1.0039E-08 1.0547E-08 1.1075E-08 1.1640E-08 1.2234E-08 1.2862E-08 1.3526E-08 1.4224E-08 1.4982E-08 1.5776E-08 1.6602E-08 1.7467E-08 1.8363E-08 1.9245E-08 2.0142E-08 2.1017E-08
1.0927E-09 1.1686E-09 1.2501E-09 1.3327E-09 1.4210E-09 1.5153E-09 1.6124E-09 1.7121E-09 1.8180E-09 1.9300E-09 2.0446E-09 2.1617E-09 2.2876E-09 2.4182E-09 2.5518E-09 2.6907E-09 2.8372E-09 2.9891E-09 3.1438E-09 3.3199E-09 3.4870E-09 3.6782E-09 3.8729E-09 4.0588E-09 4.2769E-09 4.4806E-09 4.6973E-09 4.9281E-09 5.1524E-09 5.3970E-09 5.6480E-09 5.9041E-09 6.1801E-09 6.4512E-09 6.7409E-09 7.0605E-09 7.3882E-09 7.7397E-09 8.1016E-09 8.4852E-09 8.8919E-09 9.3254E-09 9.7916E-09 1.0272E-08 1.0784E-08 1.1330E-08 1.1902E-08 1.2500E-08 1.3140E-08 1.3824E-08 1.4526E-08 1.5266E-08 1.6031E-08 1.6790E-08 1.7564E-08 1.8306E-08 1.9038E-08
9.6338E-10 1.0338E-09 1.1068E-09 1.1839E-09 1.2648E-09 1.3499E-09 1.4393E-09 1.5328E-09 1.6303E-09 1.7319E-09 1.8381E-09 1.9486E-09 2.0657E-09 2.1834E-09 2.3105E-09 2.4430E-09 2.5780E-09 2.7211E-09 2.8670E-09 3.0325E-09 3.1926E-09 3.3695E-09 3.5537E-09 3.7327E-09 3.9331E-09 4.1304E-09 4.3296E-09 4.5302E-09 4.7500E-09 4.9758E-09 5.2040E-09 5.4476E-09 5.6956E-09 5.9499E-09 6.2353E-09 6.5260E-09 6.8321E-09 7.1486E-09 7.4843E-09 7.8392E-09 8.2035E-09 8.6013E-09 9.0148E-09 9.4510E-09 9.9078E-09 1.0391E-08 1.0901E-08 1.1439E-08 1.2006E-08 1.2599E-08 1.3220E-08 1.3861E-08 1.4502E-08 1.5156E-08 1.5800E-08 1.6413E-08 1.7003E-08
8.5065E-10 9.1322E-10 9.8056E-10 1.0512E-09 1.1243E-09 1.2011E-09 1.2843E-09 1.3699E-09 1.4576E-09 1.5512E-09 1.6508E-09 1.7529E-09 1.8574E-09 1.9709E-09 2.0892E-09 2.2104E-09 2.3368E-09 2.4709E-09 2.6100E-09 2.7645E-09 2.9120E-09 3.0772E-09 3.2529E-09 3.4177E-09 3.6028E-09 3.7819E-09 3.9599E-09 4.1517E-09 4.3527E-09 4.5544E-09 4.7741E-09 4.9924E-09 5.2266E-09 5.4729E-09 5.7342E-09 5.9994E-09 6.2809E-09 6.5681E-09 6.8714E-09 7.1905E-09 7.5165E-09 7.8643E-09 8.2345E-09 8.6171E-09 9.0218E-09 9.4381E-09 9.8898E-09 1.0357E-08 1.0848E-08 1.1349E-08 1.1881E-08 1.2417E-08 1.2960E-08 1.3497E-08 1.4016E-08 1.4512E-08 1.4965E-08
7.4805E-10 8.0732E-10 8.6721E-10 9.3218E-10 9.9769E-10 1.0682E-09 1.1440E-09 1.2220E-09 1.3023E-09 1.3879E-09 1.4794E-09 1.5724E-09 1.6700E-09 1.7750E-09 1.8830E-09 1.9952E-09 2.1152E-09 2.2400E-09 2.3697E-09 2.5081E-09 2.6482E-09 2.8022E-09 2.9614E-09 3.1112E-09 3.2782E-09 3.4395E-09 3.6110E-09 3.7891E-09 3.9648E-09 4.1587E-09 4.3539E-09 4.5606E-09 4.7753E-09 5.0073E-09 5.2410E-09 5.4848E-09 5.7379E-09 5.9950E-09 6.2648E-09 6.5447E-09 6.8354E-09 7.1402E-09 7.4552E-09 7.7905E-09 8.1354E-09 8.4980E-09 8.8815E-09 9.2732E-09 9.6864E-09 1.0116E-08 1.0554E-08 1.0997E-08 1.1432E-08 1.1856E-08 1.2269E-08 1.2658E-08 1.3009E-08
6.1729E-10 7.0115E-10 7.6661E-10 8.2391E-10 8.8449E-10 9.4833E-10 1.0144E-09 1.0865E-09 1.1610E-09 1.2393E-09 1.3196E-09 1.4077E-09 1.4981E-09 1.5927E-09 1.6924E-09 1.7986E-09 1.9097E-09 2.0198E-09 2.1394E-09 2.2681E-09 2.3926E-09 2.5307E-09 2.6709E-09 2.8159E-09 2.9723E-09 3.1233E-09 3.2746E-09 3.4367E-09 3.5975E-09 3.7648E-09 3.9463E-09 4.1453E-09 4.3480E-09 4.5593E-09 4.7654E-09 4.9855E-09 5.2078E-09 5.4396E-09 5.6751E-09 5.9137E-09 6.1697E-09 6.4263E-09 6.6973E-09 6.9836E-09 7.2766E-09 7.5798E-09 7.8902E-09 8.2267E-09 8.5701E-09 8.9155E-09 9.2675E-09 9.6213E-09 9.9671E-09 1.0299E-08 1.0607E-08 1.0904E-08 1.1183E-08
5.1244E-10 5.6232E-10 6.1776E-10 7.1792E-10 7.8095E-10 8.3705E-10 8.9956E-10 9.6527E-10 1.0329E-09 1.1007E-09 1.1756E-09 1.2562E-09 1.3387E-09 1.4227E-09 1.5162E-09 1.6091E-09 1.7067E-09 1.8101E-09 1.9159E-09 2.0362E-09 2.1462E-09 2.2728E-09 2.4078E-09 2.5380E-09 2.6808E-09 2.8164E-09 2.9532E-09 3.0910E-09 3.2420E-09 3.4025E-09 3.5784E-09 3.7508E-09 3.9324E-09 4.1182E-09 4.3108E-09 4.5035E-09 4.7011E-09 4.9023E-09 5.0994E-09 5.3064E-09 5.5261E-09 5.7467E-09 5.9735E-09 6.2053E-09 6.4489E-09 6.6997E-09 6.9593E-09 7.2276E-09 7.5036E-09 7.7838E-09 8.0628E-09 8.3325E-09 8.5921E-09 8.8456E-09 9.0852E-09 9.3115E-09 9.5169E-09
4.4638E-10 4.8420E-10 5.2069E-10 5.6495E-10 6.0855E-10 6.8432E-10 7.6495E-10 8.2943E-10 8.9579E-10 9.6232E-10 1.0305E-09 1.1006E-09 1.1766E-09 1.2548E-09 1.3366E-09 1.4232E-09 1.5137E-09 1.6109E-09 1.7053E-09 1.8133E-09 1.9206E-09 2.0382E-09 2.1586E-09 2.2750E-09 2.4071E-09 2.5266E-09 2.6527E-09 2.7798E-09 2.9252E-09 3.0658E-09 3.2178E-09 3.3795E-09 3.5436E-09 3.7038E-09 3.8752E-09 4.0437E-09 4.2153E-09 4.3860E-09 4.5614E-09 4.7374E-09 4.9176E-09 5.1003E-09 5.2848E-09 5.4770E-09 5.6777E-09 5.8815E-09 6.0854E-09 6.2985E-09 6.5174E-09 6.7307E-09 6.9430E-09 7.1492E-09 7.3511E-09 7.5351E-09 7.7153E-09 7.8874E-09 8.0424E-09
3.9498E-10 4.2571E-10 4.6007E-10 4.9679E-10 5.3743E-10 5.7966E-10 6.2311E-10 6.7387E-10 7.4541E-10 8.1170E-10 8.7851E-10 9.5051E-10 1.0215E-09 1.0932E-09 1.1700E-09 1.2529E-09 1.3355E-09 1.4220E-09 1.5167E-09 1.6126E-09 1.7087E-09 1.8145E-09 1.9236E-09 2.0318E-09 2.1460E-09 2.2542E-09 2.3713E-09 2.4997E-09 2.6248E-09 2.7553E-09 2.8906E-09 3.0210E-09 3.1648E-09 3.3167E-09 3.4630E-09 3.6054E-09 3.7599E-09 3.9089E-09 4.0554E-09 4.1987E-09 4.3463E-09 4.4997E-09 4.6526E-09 4.8033E-09 4.9596E-09 5.1257E-09 5.2901E-09 5.4535E-09 5.6139E-09 5.7784E-09 5.9340E-09 6.0877E-09 6.2392E-09 6.3856E-09 6.5123E-09 6.6394E-09 6.7390E-09
3.4514E-10 3.7622E-10 4.0720E-10 4.3882E-10 4.7491E-10 5.1371E-10 5.5443E-10 5.9803E-10 6.4363E-10 6.9492E-10 7.5183E-10 8.1965E-10 8.8483E-10 9.5294E-10 1.0250E-09 1.0950E-09 1.1731E-09 1.2585E-09 1.3366E-09 1.4204E-09 1.5114E-09 1.6088E-09 1.7079E-09 1.7948E-09 1.9033E-09 2.0132E-09 2.1233E-09 2.2366E-09 2.3495E-09 2.4594E-09 2.5789E-09 2.7015E-09 2.8149E-09 2.9434E-09 3.0806E-09 3.2092E-09 3.3372E-09 3.4591E-09 3.5847E-09 3.7058E-09 3.8253E-09 3.9427E-09 4.0695E-09 4.1927E-09 4.3164E-09 4.4384E-09 4.5658E-09 4.6895E-09 4.8114E-09 4.9270E-09 5.0442E-09 5.1580E-09 5.2676E-09 5.3745E-09 5.4767E-09 5.5514E-09 5.6039E-09
2.9995E-10 3.2706E-10 3.5378E-10 3.8343E-10 4.1516E-10 4.5022E-10 4.8720E-10 5.2535E-10 5.6773E-10 6.1482E-10 6.6217E-10 7.1431E-10 7.6986E-10 8.3007E-10 8.9462E-10 9.5848E-10 1.0303E-09 1.1020E-09 1.1765E-09 1.2530E-09 1.3274E-09 1.4040E-09 1.4924E-09 1.5864E-09 1.6818E-09 1.7720E-09 1.8781E-09 1.9826E-09 2.0867E-09 2.1870E-09 2.2906E-09 2.3957E-09 2.5065E-09 2.6122E-09 2.7142E-09 2.8333E-09 2.9424E-09 3.0513E-09 3.1489E-09 3.2521E-09 3.3500E-09 3.4474E-09 3.5433E-09 3.6376E-09 3.7307E-09 3.8222E-09 3.9119E-09 3.9993E-09 4.0908E-09 4.1768E-09 4.2672E-09 4.3491E-09 4.4274E-09 4.4972E-09 4.5618E-09 4.6119E-09 4.6363E-09
2.6278E-10 2.8631E-10 3.1101E-10 3.3742E-10 3.6439E-10 3.9493E-10 4.2941E-10 4.6498E-10 5.0326E-10 5.4084E-10 5.8678E-10 6.3199E-10 6.8113E-10 7.3407E-10 7.9004E-10 8.4630E-10 9.0771E-10 9.6704E-10 1.0291E-09 1.0931E-09 1.1669E-09 1.2463E-09 1.3246E-09 1.4064E-09 1.4925E-09 1.5802E-09 1.6690E-09 1.7569E-09 1.8464E-09 1.9371E-09 2.0242E-09 2.1101E-09 2.1941E-09 2.2756E-09 2.3632E-09 2.4466E-09 2.5375E-09 2.6384E-09 2.7342E-09 2.8146E-09 2.9051E-09 2.9806E-09 3.0548E-09 3.1278E-09 3.1960E-09 3.2629E-09 3.3271E-09 3.3906E-09 3.4515E-09 3.5084E-09 3.5712E-09 3.6414E-09 3.6930E-09 3.7348E-09 3.7721E-09 3.7958E-09 3.8044E-09
2.2522E-10 2.4466E-10 2.6707E-10 2.9057E-10 3.1592E-10 3.4322E-10 3.7234E-10 4.0473E-10 4.3934E-10 4.7653E-10 5.1641E-10 5.5728E-10 6.0270E-10 6.4888E-10 6.9375E-10 7.4160E-10 7.9559E-10 8.4828E-10 9.0825E-10 9.7304E-10 1.0378E-09 1.1082E-09 1.1810E-09 1.2537E-09 1.3273E-09 1.4035E-09 1.4827E-09 1.5635E-09 1.6413E-09 1.7192E-09 1.7978E-09 1.8725E-09 1.9453E-09 2.0157E-09 2.0830E-09 2.1541E-09 2.2248E-09 2.2860E-09 2.3637E-09 2.4425E-09 2.5131E-09 2.5687E-09 2.6348E-09 2.6881E-09 2.7404E-09 2.7886E-09 2.8351E-09 2.8803E-09 2.9228E-09 2.9611E-09 2.9948E-09 3.0231E-09 3.0483E-09 3.0691E-09 3.0823E-09 3.0868E-09 3.0774E-09
1.9375E-10 2.1312E-10 2.3271E-10 2.5354E-10 2.7501E-10 2.9937E-10 3.2579E-10 3.5403E-10 3.8475E-10 4.1710E-10 4.4619E-10 4.8552E-10 5.1883E-10 5.5731E-10 6.0350E-10 6.4935E-10 6.9991E-10 7.5238E-10 8.0602E-10 8.6343E-10 9.2273E-10 9.8212E-10 1.0449E-09 1.1107E-09 1.1769E-09 1.2435E-09 1.3103E-09 1.3806E-09 1.4522E-09 1.5203E-09 1.5877E-09 1.6541E-09 1.7168E-09 1.7772E-09 1.8347E-09 1.8887E-09 1.9460E-09 2.0029E-09 2.0582E-09 2.1105E-09 2.1720E-09 2.2249E-09 2.2740E-09 2.3111E-09 2.3464E-09 2.3802E-09 2.4106E-09 2.4386E-09 2.4643E-09 2.4863E-09 2.5031E-09 2.5151E-09 2.5219E-09 2.5250E-09 2.5256E-09 2.5110E-09 2.4854E-09
1.5996E-10 1.7696E-10 1.9447E-10 2.1350E-10 2.3118E-10 2.5027E-10 2.7308E-10 2.9624E-10 3.2329E-10 3.5108E-10 3.8327E-10 4.1443E-10 4.5255E-10 4.9092E-10 5.3131E-10 5.7427E-10 6.1913E-10 6.6533E-10 7.1325E-10 7.6256E-10 8.1536E-10 8.6882E-10 9.2260E-10 9.7867E-10 1.0368E-09 1.0958E-09 1.1557E-09 1.2142E-09 1.2754E-09 1.3376E-09 1.3958E-09 1.4530E-09 1.5082E-09 1.5596E-09 1.6084E-09 1.6539E-09 1.6957E-09 1.7403E-09 1.7837E-09 1.8316E-09 1.8701E-09 1.9068E-09 1.9433E-09 1.9769E-09 1.9994E-09 2.0201E-09 2.0382E-09 2.0531E-09 2.0660E-09 2.0754E-09 2.0810E-09 2.0812E-09 2.0749E-09 2.0680E-09 2.0572E-09 2.0399E-09 2.0130E-09
1.2350E-10 1.3904E-10 1.5527E-10 1.7136E-10 1.8996E-10 2.0956E-10 2.3091E-10 2.5374E-10 2.7802E-10 3.0619E-10 3.3514E-10 3.6594E-10 3.9813E-10 4.3318E-10 4.6887E-10 5.0615E-10 5.4503E-10 5.8614E-10 6.2798E-10 6.7151E-10 7.1643E-10 7.6417E-10 8.1163E-10 8.5946E-10 9.0923E-10 9.6059E-10 1.0126E-09 1.0651E-09 1.1157E-09 1.1682E-09 1.2211E-09 1.2699E-09 1.3174E-09 1.3625E-09 1.4035E-09 1.4415E-09 1.4762E-09 1.5126E-09 1.5397E-09 1.5692E-09 1.6029E-09 1.6352E-09 1.6515E-09 1.6738E-09 1.6949E-09 1.7052E-09 1.7136E-09 1.7204E-09 1.7233E-09 1.7224E-09 1.7186E-09 1.7112E-09 1.7007E-09 1.6850E-09 1.6659E-09 1.6419E-09 1.6131E-09
1.0449E-10 1.1914E-10 1.3343E-10 1.5002E-10 1.6546E-10 1.8282E-10 2.0156E-10 2.2204E-10 2.4415E-10 2.6802E-10 2.9341E-10 3.2051E-10 3.4934E-10 3.7978E-10 4.1169E-10 4.4449E-10 4.7850E-10 5.1368E-10 5.5089E-10 5.8880E-10 6.2813E-10 6.6815E-10 7.1045E-10 7.5214E-10 7.9390E-10 8.3823E-10 8.8342E-10 9.2787E-10 9.7289E-10 1.0161E-09 1.0601E-09 1.1043E-09 1.1444E-09 1.1829E-09 1.2191E-09 1.2507E-09 1.2791E-09 1.3041E-09 1.3296E-09 1.3501E-09 1.3620E-09 1.3837E-09 1.4039E-09 1.4157E-09 1.4217E-09 1.4324E-09 1.4335E-09 1.4334E-09 1.4310E-09 1.4249E-09 1.4132E-09 1.3979E-09 1.3815E-09 1.3647E-09 1.3464E-09 1.3209E-09 1.2872E-09
8.8375E-11 9.9897E-11 1.1419E-10 1.2820E-10 1.4392E-10 1.5932E-10 1.7560E-10 1.9310E-10 2.1251E-10 2.3334E-10 2.5643E-10 2.7978E-10 3.0469E-10 3.3137E-10 3.5936E-10 3.8840E-10 4.1814E-10 4.4897E-10 4.8102E-10 5.1427E-10 5.4842E-10 5.8319E-10 6.1811E-10 6.5496E-10 6.9152E-10 7.2775E-10 7.6667E-10 8.0540E-10 8.4230E-10 8.8039E-10 9.1692E-10 9.5291E-10 9.8877E-10 1.0213E-09 1.0517E-09 1.0801E-09 1.1033E-09 1.1234E-09 1.1393E-09 1.1525E-09 1.1625E-09 1.1684E-09 1.1751E-09 1.1859E-09 1.1899E-09 1.1911E-09 1.1939E-09 1.1874E-09 1.1802E-09 1.1701E-09 1.1568E-09 1.1396E-09 1.1183E-09 1.0972E-09 1.0756E-09 1.0514E-09 1.0238E-09
7.2328E-11 8.3824E-11 9.5290E-11 1.0897E-10 1.2268E-10 1.3747E-10 1.5261E-10 1.6781E-10 1.8433E-10 2.0219E-10 2.2170E-10 2.4338E-10 2.6510E-10 2.8788E-10 3.1218E-10 3.3756E-10 3.6355E-10 3.9054E-10 4.1847E-10 4.4728E-10 4.7682E-10 5.0684E-10 5.3703E-10 5.6737E-10 5.9876E-10 6.3097E-10 6.6194E-10 6.9430E-10 7.2747E-10 7.5750E-10 7.8891E-10 8.1946E-10 8.4740E-10 8.7609E-10 9.0212E-10 9.2515E-10 9.4637E-10 9.6325E-10 9.7535E-10 9.8230E-10 9.8486E-10 9.8609E-10 9.8443E-10 9.8212E-10 9.8362E-10 9.8332E-10 9.8048E-10 9.7860E-10 9.6929E-10 9.5381E-10 9.3777E-10 9.2026E-10 9.0215E-10 8.8333E-10 8.6155E-10 8.3427E-10 8.0386E-10
5.8592E-11 6.6769E-11 7.9180E-11 9.0511E-11 1.0374E-10 1.1682E-10 1.3082E-10 1.4519E-10 1.5933E-10 1.7481E-10 1.9142E-10 2.0952E-10 2.2948E-10 2.4929E-10 2.7004E-10 2.9191E-10 3.1491E-10 3.3805E-10 3.6230E-10 3.8722E-10 4.1283E-10 4.3890E-10 4.6454E-10 4.9072E-10 5.1671E-10 5.4302E-10 5.7067E-10 5.9650E-10 6.2269E-10 6.5005E-10 6.7531E-10 6.9951E-10 7.2444E-10 7.4630E-10 7.6756E-10 7.8818E-10 8.0521E-10 8.2001E-10 8.3108E-10 8.3532E-10 8.3494E-10 8.3072E-10 8.2448E-10 8.1793E-10 8.0977E-10 8.0241E-10 7.9704E-10 7.9131E-10 7.8319E-10 7.7443E-10 7.6005E-10 7.4000E-10 7.1957E-10 7.0081E-10 6.8122E-10 6.5898E-10 6.2916E-10
4.3181E-11 5.1724E-11 6.1041E-11 7.4514E-11 8.5462E-11 9.8514E-11 1.1058E-10 1.2381E-10 1.3729E-10 1.5039E-10 1.6488E-10 1.8024E-10 1.9673E-10 2.1479E-10 2.3264E-10 2.5138E-10 2.7121E-10 2.9193E-10 3.1214E-10 3.3364E-10 3.5575E-10 3.7819E-10 4.0110E-10 4.2253E-10 4.4469E-10 4.6667E-10 4.8821E-10 5.1083E-10 5.3255E-10 5.5315E-10 5.7455E-10 5.9565E-10 6.1392E-10 6.3253E-10 6.5019E-10 6.6478E-10 6.7934E-10 6.9220E-10 7.0059E-10 7.0530E-10 7.0509E-10 6.9989E-10 6.9174E-10 6.8117E-10 6.6899E-10 6.5662E-10 6.4419E-10 6.3240E-10 6.2207E-10 6.1138E-10 5.9969E-10 5.8811E-10 5.7376E-10 5.5752E-10 5.3816E-10 5.1413E-10 4.8819E-10
3.4134E-11 3.8667E-11 4.5743E-11 5.2578E-11 6.5253E-11 7.8294E-11 9.2552E-11 1.0298E-10 1.1661E-10 1.2924E-10 1.4120E-10 1.5445E-10 1.6845E-10 1.8338E-10 1.9941E-10 2.1557E-10 2.3259E-10 2.5024E-10 2.6836E-10 2.8610E-10 3.0510E-10 3.2434E-10 3.4378E-10 3.6318E-10 3.8113E-10 3.9914E-10 4.1738E-10 4.3520E-10 4.5270E-10 4.7027E-10 4.8648E-10 5.0220E-10 5.1836E-10 5.3321E-10 5.4588E-10 5.5863E-10 5.6972E-10 5.7813E-10 5.8531E-10 5.8888E-10 5.8807E-10 5.8472E-10 5.7737E-10 5.6698E-10 5.5431E-10 5.4002E-10 5.2513E-10 5.1030E-10 4.9520E-10 4.8017E-10 4.6519E-10 4.5025E-10 4.3362E-10 4.1408E-10 3.9645E-10 3.7818E-10 3.5967E-10
2.5712E-11 2.8666E-11 3.3549E-11 3.9577E-11 4.8865E-11 5.7187E-11 6.9410E-11 8.2804E-11 9.6538E-11 1.0732E-10 1.1889E-10 1.3161E-10 1.4359E-10 1.5632E-10 1.6968E-10 1.8361E-10 1.9841E-10 2.1338E-10 2.2889E-10 2.4499E-10 2.6087E-10 2.7682E-10 2.9335E-10 3.0972E-10 3.2578E-10 3.4131E-10 3.5527E-10 3.6963E-10 3.8377E-10 3.9736E-10 4.1076E-10 4.2340E-10 4.3476E-10 4.4553E-10 4.5659E-10 4.6622E-10 4.7361E-10 4.8051E-10 4.8491E-10 4.8494E-10 4.8292E-10 4.7801E-10 4.7215E-10 4.6461E-10 4.5392E-10 4.4452E-10 4.3150E-10 4.1723E-10 4.0141E-10 3.8471E-10 3.6783E-10 3.4963E-10 3.2885E-10 3.1333E-10 2.9784E-10 2.8148E-10 2.4471E-10
