Assets/Resources/2015_m01_d23_2200(utc+0800)_l00_csi_1hr_conc.grd
DSAA
         159         159
     -79.000      79.000
     -79.000      79.000
  0.5231E-10  0.7339E-05
[rows 125 to 149 of 159, columns 57 to 113 of 159]
6.6593E-10 7.1127E-10 7.6186E-10 8.1606E-10 8.7277E-10 9.3466E-10 1.0128E-09 1.0919E-09 1.1790E-09 1.2733E-09 1.3715E-09 1.4738E-09 1.5883E-09 1.7329E-09 1.8828E-09 2.0345E-09 2.1936E-09 2.3733E-09 2.5593E-09 2.7630E-09 2.9836E-09 3.2196E-09 3.4800E-09 3.7539E-09 4.0473E-09 4.3668E-09 4.7022E-09 5.0574E-09 5.4406E-09 5.8645E-09 6.3128E-09 6.7670E-09 7.2159E-09 7.6509E-09 8.0663E-09 8.4586E-09 8.8247E-09 9.1648E-09 9.4790E-09 9.7682E-09 1.0034E-08 1.0277E-08 1.0499E-08 1.0702E-08 1.0888E-08 1.1058E-08 1.1214E-08 1.1356E-08 1.1482E-08 1.1600E-08 1.1705E-08 1.1773E-08 1.1809E-08 1.1822E-08 1.1817E-08 1.1801E-08 1.1763E-08
6.5802E-10 7.0546E-10 7.5388E-10 8.0716E-10 8.6503E-10 9.2809E-10 1.0048E-09 1.0841E-09 1.1653E-09 1.2619E-09 1.3548E-09 1.4549E-09 1.5638E-09 1.7019E-09 1.8497E-09 2.0049E-09 2.1618E-09 2.3318E-09 2.5188E-09 2.7152E-09 2.9298E-09 3.1615E-09 3.4082E-09 3.6797E-09 3.9654E-09 4.2705E-09 4.5958E-09 4.9468E-09 5.3163E-09 5.7220E-09 6.1591E-09 6.6099E-09 7.0565E-09 7.4914E-09 7.9082E-09 8.3029E-09 8.6737E-09 9.0198E-09 9.3410E-09 9.6379E-09 9.9117E-09 1.0164E-08 1.0395E-08 1.0608E-08 1.0804E-08 1.0984E-08 1.1150E-08 1.1302E-08 1.1441E-08 1.1569E-08 1.1686E-08 1.1769E-08 1.1814E-08 1.1839E-08 1.1849E-08 1.1841E-08 1.1814E-08
6.5429E-10 6.9780E-10 7.4845E-10 7.9955E-10 8.5666E-10 9.1953E-10 9.9527E-10 1.0732E-09 1.1562E-09 1.2440E-09 1.3375E-09 1.4356E-09 1.5387E-09 1.6733E-09 1.8214E-09 1.9733E-09 2.1284E-09 2.2933E-09 2.4729E-09 2.6701E-09 2.8770E-09 3.1024E-09 3.3452E-09 3.6029E-09 3.8788E-09 4.1812E-09 4.4974E-09 4.8324E-09 5.1947E-09 5.5840E-09 6.0084E-09 6.4487E-09 6.8912E-09 7.3274E-09 7.7450E-09 8.1428E-09 8.5178E-09 8.8696E-09 9.1979E-09 9.5027E-09 9.7850E-09 1.0046E-08 1.0287E-08 1.0509E-08 1.0714E-08 1.0903E-08 1.1074E-08 1.1236E-08 1.1386E-08 1.1524E-08 1.1651E-08 1.1756E-08 1.1818E-08 1.1855E-08 1.1872E-08 1.1871E-08 1.1856E-08
6.4560E-10 6.9151E-10 7.4029E-10 7.9119E-10 8.4830E-10 9.0938E-10 9.8829E-10 1.0634E-09 1.1463E-09 1.2322E-09 1.3202E-09 1.4147E-09 1.5179E-09 1.6414E-09 1.7876E-09 1.9389E-09 2.0937E-09 2.2554E-09 2.4295E-09 2.6196E-09 2.8268E-09 3.0440E-09 3.2773E-09 3.5337E-09 3.8023E-09 4.0889E-09 4.4001E-09 4.7255E-09 5.0700E-09 5.4437E-09 5.8579E-09 6.2907E-09 6.7283E-09 7.1597E-09 7.5766E-09 7.9784E-09 8.3569E-09 8.7133E-09 9.0470E-09 9.3584E-09 9.6480E-09 9.9169E-09 1.0166E-08 1.0398E-08 1.0613E-08 1.0812E-08 1.0997E-08 1.1169E-08 1.1328E-08 1.1476E-08 1.1610E-08 1.1731E-08 1.1810E-08 1.1859E-08 1.1887E-08 1.1897E-08 1.1892E-08
6.3689E-10 6.8422E-10 7.3141E-10 7.8411E-10 8.3769E-10 8.9884E-10 9.7745E-10 1.0519E-09 1.1331E-09 1.2183E-09 1.3029E-09 1.3958E-09 1.4971E-09 1.6099E-09 1.7557E-09 1.9052E-09 2.0591E-09 2.2170E-09 2.3874E-09 2.5709E-09 2.7708E-09 2.9885E-09 3.2159E-09 3.4595E-09 3.7260E-09 4.0047E-09 4.3013E-09 4.6155E-09 4.9545E-09 5.3117E-09 5.7045E-09 6.1266E-09 6.5607E-09 6.9918E-09 7.4077E-09 7.8073E-09 8.1912E-09 8.5521E-09 8.8918E-09 9.2098E-09 9.5069E-09 9.7837E-09 1.0041E-08 1.0281E-08 1.0505E-08 1.0713E-08 1.0908E-08 1.1089E-08 1.1258E-08 1.1415E-08 1.1562E-08 1.1696E-08 1.1793E-08 1.1852E-08 1.1889E-08 1.1910E-08 1.1916E-08
6.3011E-10 6.7469E-10 7.2302E-10 7.7431E-10 8.2996E-10 8.9070E-10 9.6733E-10 1.0421E-09 1.1206E-09 1.2038E-09 1.2874E-09 1.3769E-09 1.4749E-09 1.5830E-09 1.7204E-09 1.8713E-09 2.0220E-09 2.1792E-09 2.3455E-09 2.5247E-09 2.7168E-09 2.9233E-09 3.1539E-09 3.3916E-09 3.6450E-09 3.9206E-09 4.2086E-09 4.5137E-09 4.8365E-09 5.1815E-09 5.5608E-09 5.9706E-09 6.3932E-09 6.8159E-09 7.2357E-09 7.6364E-09 8.0197E-09 8.3872E-09 8.7320E-09 9.0560E-09 9.3597E-09 9.6440E-09 9.9100E-09 1.0159E-08 1.0391E-08 1.0609E-08 1.0812E-08 1.1002E-08 1.1179E-08 1.1344E-08 1.1500E-08 1.1645E-08 1.1761E-08 1.1835E-08 1.1884E-08 1.1916E-08 1.1929E-08
6.2072E-10 6.6487E-10 7.1200E-10 7.6357E-10 8.1925E-10 8.7967E-10 9.5404E-10 1.0289E-09 1.1074E-09 1.1889E-09 1.2714E-09 1.3598E-09 1.4543E-09 1.5584E-09 1.6870E-09 1.8348E-09 1.9846E-09 2.1380E-09 2.3039E-09 2.4786E-09 2.6660E-09 2.8674E-09 3.0827E-09 3.3221E-09 3.5691E-09 3.8323E-09 4.1108E-09 4.4124E-09 4.7252E-09 5.0558E-09 5.4154E-09 5.8129E-09 6.2298E-09 6.6477E-09 7.0584E-09 7.4634E-09 7.8475E-09 8.2138E-09 8.5647E-09 8.8936E-09 9.2035E-09 9.4948E-09 9.7683E-09 1.0025E-08 1.0266E-08 1.0492E-08 1.0704E-08 1.0903E-08 1.1090E-08 1.1266E-08 1.1431E-08 1.1584E-08 1.1717E-08 1.1806E-08 1.1867E-08 1.1910E-08 1.1931E-08
6.1142E-10 6.5866E-10 7.0336E-10 7.5258E-10 8.0638E-10 8.6784E-10 9.4029E-10 1.0118E-09 1.0918E-09 1.1703E-09 1.2515E-09 1.3383E-09 1.4313E-09 1.5306E-09 1.6471E-09 1.7946E-09 1.9419E-09 2.0944E-09 2.2524E-09 2.4260E-09 2.6084E-09 2.8041E-09 3.0134E-09 3.2368E-09 3.4810E-09 3.7384E-09 4.0092E-09 4.2960E-09 4.5990E-09 4.9239E-09 5.2679E-09 5.6462E-09 6.0492E-09 6.4627E-09 6.8732E-09 7.2728E-09 7.6597E-09 8.0281E-09 8.3790E-09 8.7152E-09 9.0307E-09 9.3284E-09 9.6089E-09 9.8732E-09 1.0122E-08 1.0356E-08 1.0577E-08 1.0785E-08 1.0982E-08 1.1166E-08 1.1339E-08 1.1502E-08 1.1650E-08 1.1756E-08 1.1830E-08 1.1878E-08 1.1910E-08
6.0315E-10 6.4856E-10 6.9245E-10 7.4069E-10 7.9428E-10 8.5442E-10 9.2489E-10 9.9801E-10 1.0742E-09 1.1511E-09 1.2314E-09 1.3170E-09 1.4084E-09 1.5060E-09 1.6105E-09 1.7554E-09 1.8975E-09 2.0457E-09 2.2059E-09 2.3743E-09 2.5519E-09 2.7421E-09 2.9452E-09 3.1621E-09 3.3933E-09 3.6390E-09 3.9091E-09 4.1871E-09 4.4803E-09 4.7891E-09 5.1179E-09 5.4857E-09 5.8772E-09 6.2796E-09 6.6873E-09 7.0820E-09 7.4673E-09 7.8393E-09 8.1929E-09 8.5322E-09 8.8525E-09 9.1559E-09 9.4429E-09 9.7142E-09 9.9707E-09 1.0213E-08 1.0442E-08 1.0658E-08 1.0863E-08 1.1055E-08 1.1237E-08 1.1406E-08 1.1566E-08 1.1690E-08 1.1776E-08 1.1837E-08 1.1880E-08
5.9711E-10 6.3964E-10 6.8245E-10 7.3145E-10 7.8316E-10 8.4196E-10 9.1160E-10 9.8459E-10 1.0594E-09 1.1345E-09 1.2140E-09 1.2989E-09 1.3893E-09 1.4856E-09 1.5884E-09 1.7179E-09 1.8644E-09 2.0074E-09 2.1593E-09 2.3267E-09 2.5028E-09 2.6881E-09 2.8855E-09 3.0964E-09 3.3209E-09 3.5599E-09 3.8133E-09 4.0818E-09 4.3738E-09 4.6732E-09 4.9891E-09 5.3337E-09 5.7136E-09 6.1095E-09 6.5060E-09 6.9027E-09 7.2847E-09 7.6565E-09 8.0147E-09 8.3549E-09 8.6812E-09 8.9897E-09 9.2827E-09 9.5605E-09 9.8235E-09 1.0072E-08 1.0308E-08 1.0531E-08 1.0744E-08 1.0944E-08 1.1134E-08 1.1312E-08 1.1480E-08 1.1622E-08 1.1718E-08 1.1790E-08 1.1845E-08
5.9108E-10 6.3087E-10 6.7476E-10 7.1952E-10 7.7105E-10 8.3025E-10 8.9653E-10 9.6897E-10 1.0421E-09 1.1155E-09 1.1929E-09 1.2765E-09 1.3659E-09 1.4609E-09 1.5620E-09 1.6776E-09 1.8244E-09 1.9645E-09 2.1150E-09 2.2738E-09 2.4447E-09 2.6271E-09 2.8195E-09 3.0240E-09 3.2418E-09 3.4735E-09 3.7189E-09 3.9789E-09 4.2534E-09 4.5421E-09 4.8545E-09 5.1828E-09 5.5435E-09 5.9282E-09 6.3206E-09 6.7072E-09 7.0914E-09 7.4596E-09 7.8173E-09 8.1619E-09 8.4894E-09 8.8041E-09 9.1023E-09 9.3859E-09 9.6555E-09 9.9116E-09 1.0155E-08 1.0386E-08 1.0606E-08 1.0813E-08 1.1008E-08 1.1194E-08 1.1369E-08 1.1526E-08 1.1639E-08 1.1723E-08 1.1787E-08
5.8257E-10 6.2287E-10 6.6523E-10 7.0903E-10 7.5917E-10 8.1977E-10 8.8224E-10 9.5518E-10 1.0283E-09 1.0994E-09 1.1753E-09 1.2569E-09 1.3450E-09 1.4392E-09 1.5394E-09 1.6455E-09 1.7884E-09 1.9278E-09 2.0705E-09 2.2275E-09 2.3931E-09 2.5704E-09 2.7599E-09 2.9588E-09 3.1711E-09 3.3960E-09 3.6341E-09 3.8862E-09 4.1519E-09 4.4311E-09 4.7242E-09 5.0398E-09 5.3897E-09 5.7599E-09 6.1431E-09 6.5270E-09 6.9017E-09 7.2731E-09 7.6286E-09 7.9737E-09 8.3062E-09 8.6223E-09 8.9265E-09 9.2153E-09 9.4906E-09 9.7528E-09 1.0002E-08 1.0240E-08 1.0466E-08 1.0680E-08 1.0884E-08 1.1076E-08 1.1258E-08 1.1424E-08 1.1553E-08 1.1648E-08 1.1719E-08
5.7387E-10 6.1364E-10 6.5543E-10 6.9953E-10 7.4956E-10 8.0685E-10 8.6967E-10 9.4059E-10 1.0121E-09 1.0822E-09 1.1575E-09 1.2377E-09 1.3238E-09 1.4164E-09 1.5152E-09 1.6203E-09 1.7487E-09 1.8927E-09 2.0319E-09 2.1793E-09 2.3423E-09 2.5141E-09 2.6984E-09 2.8910E-09 3.0999E-09 3.3180E-09 3.5499E-09 3.7943E-09 4.0514E-09 4.3220E-09 4.6057E-09 4.9045E-09 5.2334E-09 5.5945E-09 5.9652E-09 6.3420E-09 6.7158E-09 7.0796E-09 7.4392E-09 7.7829E-09 8.1165E-09 8.4380E-09 8.7439E-09 9.0387E-09 9.3187E-09 9.5860E-09 9.8408E-09 1.0084E-08 1.0314E-08 1.0534E-08 1.0744E-08 1.0943E-08 1.1131E-08 1.1308E-08 1.1453E-08 1.1560E-08 1.1641E-08
5.6497E-10 6.0524E-10 6.4538E-10 6.9079E-10 7.3816E-10 7.9424E-10 8.5480E-10 9.2578E-10 9.9610E-10 1.0645E-09 1.1386E-09 1.2181E-09 1.3027E-09 1.3930E-09 1.4900E-09 1.5931E-09 1.7087E-09 1.8517E-09 1.9910E-09 2.1363E-09 2.2901E-09 2.4595E-09 2.6372E-09 2.8276E-09 3.0267E-09 3.2415E-09 3.4656E-09 3.7019E-09 3.9513E-09 4.2141E-09 4.4886E-09 4.7757E-09 5.0853E-09 5.4284E-09 5.7933E-09 6.1600E-09 6.5300E-09 6.8901E-09 7.2419E-09 7.5894E-09 7.9213E-09 8.2435E-09 8.5542E-09 8.8503E-09 9.1340E-09 9.4083E-09 9.6685E-09 9.9172E-09 1.0155E-08 1.0381E-08 1.0596E-08 1.0801E-08 1.0993E-08 1.1175E-08 1.1335E-08 1.1454E-08 1.1546E-08
5.5591E-10 5.9560E-10 6.3605E-10 6.7983E-10 7.2747E-10 7.8326E-10 8.4102E-10 9.0991E-10 9.7991E-10 1.0471E-09 1.1193E-09 1.1972E-09 1.2808E-09 1.3698E-09 1.4642E-09 1.5653E-09 1.6731E-09 1.8056E-09 1.9491E-09 2.0930E-09 2.2447E-09 2.4027E-09 2.5785E-09 2.7586E-09 2.9577E-09 3.1625E-09 3.3827E-09 3.6117E-09 3.8531E-09 4.1064E-09 4.3713E-09 4.6485E-09 4.9450E-09 5.2694E-09 5.6209E-09 5.9808E-09 6.3392E-09 6.6990E-09 7.0483E-09 7.3890E-09 7.7253E-09 8.0464E-09 8.3583E-09 8.6593E-09 8.9464E-09 9.2217E-09 9.4881E-09 9.7413E-09 9.9835E-09 1.0215E-08 1.0435E-08 1.0645E-08 1.0844E-08 1.1032E-08 1.1202E-08 1.1334E-08 1.1435E-08
5.4670E-10 5.8577E-10 6.2556E-10 6.6863E-10 7.1648E-10 7.7220E-10 8.2902E-10 8.9430E-10 9.6290E-10 1.0291E-09 1.1001E-09 1.1760E-09 1.2576E-09 1.3451E-09 1.4382E-09 1.5372E-09 1.6425E-09 1.7625E-09 1.9052E-09 2.0470E-09 2.1951E-09 2.3528E-09 2.5168E-09 2.6983E-09 2.8843E-09 3.0885E-09 3.2978E-09 3.5192E-09 3.7560E-09 4.0010E-09 4.2573E-09 4.5251E-09 4.8080E-09 5.1155E-09 5.4476E-09 5.7987E-09 6.1528E-09 6.5028E-09 6.8531E-09 7.1924E-09 7.5227E-09 7.8485E-09 8.1595E-09 8.4615E-09 8.7531E-09 9.0318E-09 9.2995E-09 9.5583E-09 9.8041E-09 1.0038E-08 1.0262E-08 1.0475E-08 1.0679E-08 1.0872E-08 1.1052E-08 1.1199E-08 1.1313E-08
5.3734E-10 5.7769E-10 6.1488E-10 6.5720E-10 7.0429E-10 7.5920E-10 8.1509E-10 8.7853E-10 9.4619E-10 1.0104E-09 1.0800E-09 1.1546E-09 1.2343E-09 1.3196E-09 1.4110E-09 1.5084E-09 1.6119E-09 1.7233E-09 1.8599E-09 1.9989E-09 2.1464E-09 2.2983E-09 2.4620E-09 2.6316E-09 2.8184E-09 3.0097E-09 3.2152E-09 3.4325E-09 3.6575E-09 3.8935E-09 4.1448E-09 4.4037E-09 4.6742E-09 4.9665E-09 5.2851E-09 5.6199E-09 5.9671E-09 6.3128E-09 6.6527E-09 6.9918E-09 7.3200E-09 7.6396E-09 7.9545E-09 8.2556E-09 8.5463E-09 8.8311E-09 9.1016E-09 9.3615E-09 9.6129E-09 9.8522E-09 1.0081E-08 1.0299E-08 1.0507E-08 1.0703E-08 1.0889E-08 1.1049E-08 1.1172E-08
5.2786E-10 5.6755E-10 6.0404E-10 6.4565E-10 6.9192E-10 7.4593E-10 8.0080E-10 8.6225E-10 9.2935E-10 9.9208E-10 1.0595E-09 1.1324E-09 1.2106E-09 1.2941E-09 1.3831E-09 1.4786E-09 1.5802E-09 1.6882E-09 1.8121E-09 1.9512E-09 2.0942E-09 2.2453E-09 2.4023E-09 2.5712E-09 2.7463E-09 2.9380E-09 3.1340E-09 3.3404E-09 3.5645E-09 3.7929E-09 4.0318E-09 4.2809E-09 4.5442E-09 4.8223E-09 5.1260E-09 5.4489E-09 5.7814E-09 6.1208E-09 6.4572E-09 6.7874E-09 7.1163E-09 7.4342E-09 7.7438E-09 8.0487E-09 8.3405E-09 8.6223E-09 8.8983E-09 9.1608E-09 9.4130E-09 9.6569E-09 9.8890E-09 1.0111E-08 1.0322E-08 1.0523E-08 1.0713E-08 1.0884E-08 1.1018E-08
5.1799E-10 5.5733E-10 5.9411E-10 6.3393E-10 6.7931E-10 7.3232E-10 7.8613E-10 8.4566E-10 9.1214E-10 9.7339E-10 1.0393E-09 1.1099E-09 1.1861E-09 1.2680E-09 1.3553E-09 1.4484E-09 1.5478E-09 1.6535E-09 1.7696E-09 1.9028E-09 2.0426E-09 2.1906E-09 2.3448E-09 2.5067E-09 2.6802E-09 2.8598E-09 3.0493E-09 3.2562E-09 3.4663E-09 3.6865E-09 3.9241E-09 4.1650E-09 4.4155E-09 4.6803E-09 4.9713E-09 5.2806E-09 5.6025E-09 5.9288E-09 6.2598E-09 6.5874E-09 6.9083E-09 7.2274E-09 7.5358E-09 7.8359E-09 8.1313E-09 8.4140E-09 8.6872E-09 8.9546E-09 9.2090E-09 9.4532E-09 9.6888E-09 9.9127E-09 1.0127E-08 1.0331E-08 1.0524E-08 1.0704E-08 1.0850E-08
5.0841E-10 5.4701E-10 5.8204E-10 6.2199E-10 6.6643E-10 7.1844E-10 7.7119E-10 8.2883E-10 8.9310E-10 9.5285E-10 1.0171E-09 1.0860E-09 1.1599E-09 1.2393E-09 1.3246E-09 1.4157E-09 1.5126E-09 1.6158E-09 1.7256E-09 1.8513E-09 1.9883E-09 2.1315E-09 2.2821E-09 2.4406E-09 2.6066E-09 2.7822E-09 2.9677E-09 3.1607E-09 3.3703E-09 3.5837E-09 3.8066E-09 4.0386E-09 4.2871E-09 4.5402E-09 4.8128E-09 5.1114E-09 5.4218E-09 5.7393E-09 6.0581E-09 6.3803E-09 6.6981E-09 7.0091E-09 7.3179E-09 7.6163E-09 7.9067E-09 8.1926E-09 8.4664E-09 8.7310E-09 8.9899E-09 9.2362E-09 9.4729E-09 9.7012E-09 9.9182E-09 1.0125E-08 1.0321E-08 1.0506E-08 1.0663E-08
4.9857E-10 5.3658E-10 5.7077E-10 6.0985E-10 6.5336E-10 7.0375E-10 7.5602E-10 8.1197E-10 8.7391E-10 9.3219E-10 9.9474E-10 1.0620E-09 1.1341E-09 1.2113E-09 1.2940E-09 1.3826E-09 1.4775E-09 1.5782E-09 1.6851E-09 1.8004E-09 1.9344E-09 2.0726E-09 2.2185E-09 2.3736E-09 2.5341E-09 2.7058E-09 2.8830E-09 3.0737E-09 3.2699E-09 3.4754E-09 3.6972E-09 3.9214E-09 4.1546E-09 4.3972E-09 4.6631E-09 4.9437E-09 5.2448E-09 5.5525E-09 5.8632E-09 6.1740E-09 6.4873E-09 6.7957E-09 7.0971E-09 7.3962E-09 7.6851E-09 7.9662E-09 8.2428E-09 8.5078E-09 8.7638E-09 9.0141E-09 9.2521E-09 9.4806E-09 9.6993E-09 9.9096E-09 1.0108E-08 1.0295E-08 1.0463E-08
4.8762E-10 5.2472E-10 5.5938E-10 5.9759E-10 6.3916E-10 6.8949E-10 7.3901E-10 7.9514E-10 8.5592E-10 9.1270E-10 9.7381E-10 1.0394E-09 1.1099E-09 1.1853E-09 1.2660E-09 1.3522E-09 1.4442E-09 1.5426E-09 1.6471E-09 1.7579E-09 1.8809E-09 2.0161E-09 2.1588E-09 2.3088E-09 2.4678E-09 2.6302E-09 2.8078E-09 2.9882E-09 3.1817E-09 3.3807E-09 3.5882E-09 3.8044E-09 4.0364E-09 4.2703E-09 4.5165E-09 4.7889E-09 5.0734E-09 5.3737E-09 5.6758E-09 5.9793E-09 6.2820E-09 6.5864E-09 6.8855E-09 7.1776E-09 7.4653E-09 7.7466E-09 8.0184E-09 8.2838E-09 8.5412E-09 8.7884E-09 9.0283E-09 9.2593E-09 9.4793E-09 9.6894E-09 9.8910E-09 1.0081E-08 1.0255E-08
4.7445E-10 5.1299E-10 5.4765E-10 5.8523E-10 6.2481E-10 6.7508E-10 7.2346E-10 7.7827E-10 8.3645E-10 8.9175E-10 9.5124E-10 1.0151E-09 1.0837E-09 1.1572E-09 1.2358E-09 1.3198E-09 1.4092E-09 1.5044E-09 1.6059E-09 1.7138E-09 1.8300E-09 1.9589E-09 2.0985E-09 2.2414E-09 2.3951E-09 2.5576E-09 2.7232E-09 2.9033E-09 3.0866E-09 3.2786E-09 3.4829E-09 3.6920E-09 3.9093E-09 4.1342E-09 4.3760E-09 4.6275E-09 4.9051E-09 5.1932E-09 5.4860E-09 5.7812E-09 6.0767E-09 6.3707E-09 6.6656E-09 6.9553E-09 7.2379E-09 7.5161E-09 7.7880E-09 8.0507E-09 8.3072E-09 8.5559E-09 8.7944E-09 9.0239E-09 9.2473E-09 9.4576E-09 9.6590E-09 9.8516E-09 1.0031E-08
4.6207E-10 4.9902E-10 5.3508E-10 5.7246E-10 6.1138E-10 6.5794E-10 7.0776E-10 7.6129E-10 8.1809E-10 8.7197E-10 9.2992E-10 9.9218E-10 1.0590E-09 1.1306E-09 1.2070E-09 1.2888E-09 1.3758E-09 1.4687E-09 1.5674E-09 1.6721E-09 1.7833E-09 1.9049E-09 2.0398E-09 2.1798E-09 2.3263E-09 2.4834E-09 2.6472E-09 2.8175E-09 2.9943E-09 3.1858E-09 3.3793E-09 3.5809E-09 3.7948E-09 4.0123E-09 4.2378E-09 4.4800E-09 4.7435E-09 5.0196E-09 5.3044E-09 5.5905E-09 5.8782E-09 6.1655E-09 6.4509E-09 6.7348E-09 7.0168E-09 7.2901E-09 7.5572E-09 7.8212E-09 8.0748E-09 8.3204E-09 8.5613E-09 8.7906E-09 9.0111E-09 9.2252E-09 9.4262E-09 9.6183E-09 9.8001E-09
4.5061E-10 4.8693E-10 5.2220E-10 5.5897E-10 5.9748E-10 6.4330E-10 6.9194E-10 7.4318E-10 7.9956E-10 8.5198E-10 9.0837E-10 9.6896E-10 1.0338E-09 1.1034E-09 1.1777E-09 1.2572E-09 1.3421E-09 1.4323E-09 1.5284E-09 1.6304E-09 1.7385E-09 1.8530E-09 1.9814E-09 2.1165E-09 2.2599E-09 2.4097E-09 2.5697E-09 2.7324E-09 2.9091E-09 3.0880E-09 3.2784E-09 3.4756E-09 3.6781E-09 3.8878E-09 4.1067E-09 4.3364E-09 4.5861E-09 4.8488E-09 5.1229E-09 5.4021E-09 5.6815E-09 5.9616E-09 6.2408E-09 6.5175E-09 6.7923E-09 7.0648E-09 7.3285E-09 7.5860E-09 7.8399E-09 8.0837E-09 8.3198E-09 8.5511E-09 8.7711E-09 8.9821E-09 9.1866E-09 9.3790E-09 9.5615E-09
