Assets/Resources/2015_m01_d20_0200(utc+0800)_l00_csi_1hr_conc.grd
DSAA
         159         159
     -79.000      79.000
     -79.000      79.000
  0.0000E+00  0.6780E-05
[rows 100 to 124 of 159, columns 57 to 113 of 159]
6.5121E-10 6.9655E-10 7.4030E-10 7.8294E-10 8.2979E-10 8.8435E-10 9.3032E-10 9.8147E-10 1.0359E-09 1.0907E-09 1.1484E-09 1.2169E-09 1.2676E-09 1.3200E-09 1.3748E-09 1.4234E-09 1.4715E-09 1.5189E-09 1.5652E-09 1.6122E-09 1.6721E-09 1.7192E-09 1.7706E-09 1.8303E-09 1.8845E-09 1.9328E-09 1.9804E-09 2.0387E-09 2.0974E-09 2.1458E-09 2.2129E-09 2.2946E-09 2.3662E-09 2.4328E-09 2.5028E-09 2.5685E-09 2.6287E-09 2.6817E-09 2.7421E-09 2.7936E-09 2.8456E-09 2.8966E-09 2.9585E-09 3.0024E-09 3.0546E-09 3.0747E-09 3.0511E-09 3.0502E-09 3.0398E-09 3.0274E-09 2.9858E-09 2.9755E-09 2.9576E-09 2.9322E-09 2.9058E-09 2.8732E-09 2.8337E-09
5.7579E-10 6.1459E-10 6.5758E-10 7.0006E-10 7.4007E-10 7.8176E-10 8.3123E-10 8.7706E-10 9.2571E-10 9.7335E-10 1.0266E-09 1.0828E-09 1.1326E-09 1.1909E-09 1.2439E-09 1.2964E-09 1.3428E-09 1.3874E-09 1.4320E-09 1.4767E-09 1.5203E-09 1.5644E-09 1.6145E-09 1.6648E-09 1.7259E-09 1.7772E-09 1.8222E-09 1.8662E-09 1.9200E-09 1.9739E-09 2.0179E-09 2.0776E-09 2.1491E-09 2.2176E-09 2.2817E-09 2.3368E-09 2.3896E-09 2.4373E-09 2.4873E-09 2.5361E-09 2.5824E-09 2.6359E-09 2.6779E-09 2.7130E-09 2.7368E-09 2.7376E-09 2.7439E-09 2.7163E-09 2.7096E-09 2.6749E-09 2.6909E-09 2.6815E-09 2.6883E-09 2.6664E-09 2.6370E-09 2.6011E-09 2.5592E-09
5.0881E-10 5.4399E-10 5.8050E-10 6.1896E-10 6.6098E-10 6.9857E-10 7.3779E-10 7.7854E-10 8.2695E-10 8.7012E-10 9.1520E-10 9.6571E-10 1.0188E-09 1.0655E-09 1.1094E-09 1.1705E-09 1.2185E-09 1.2633E-09 1.3070E-09 1.3487E-09 1.3908E-09 1.4326E-09 1.4737E-09 1.5147E-09 1.5585E-09 1.6199E-09 1.6731E-09 1.7151E-09 1.7553E-09 1.8045E-09 1.8540E-09 1.8942E-09 1.9465E-09 2.0090E-09 2.0697E-09 2.1267E-09 2.1728E-09 2.2184E-09 2.2609E-09 2.3072E-09 2.3508E-09 2.3899E-09 2.4338E-09 2.4634E-09 2.4819E-09 2.4702E-09 2.4508E-09 2.4250E-09 2.4231E-09 2.4177E-09 2.4118E-09 2.4233E-09 2.4095E-09 2.3893E-09 2.3837E-09 2.3529E-09 2.3160E-09
4.4409E-10 4.7870E-10 5.1303E-10 5.4718E-10 5.8023E-10 6.2289E-10 6.5829E-10 6.9513E-10 7.3019E-10 7.7622E-10 8.1922E-10 8.5860E-10 9.0490E-10 9.5790E-10 1.0014E-09 1.0429E-09 1.0893E-09 1.1461E-09 1.1876E-09 1.2285E-09 1.2694E-09 1.3082E-09 1.3479E-09 1.3869E-09 1.4246E-09 1.4647E-09 1.5186E-09 1.5707E-09 1.6111E-09 1.6477E-09 1.6881E-09 1.7338E-09 1.7749E-09 1.8153E-09 1.8686E-09 1.9150E-09 1.9604E-09 2.0145E-09 2.0550E-09 2.0965E-09 2.1370E-09 2.1717E-09 2.2041E-09 2.2355E-09 2.2319E-09 2.2216E-09 2.2281E-09 2.2093E-09 2.1885E-09 2.1895E-09 2.1861E-09 2.1780E-09 2.1824E-09 2.1649E-09 2.1419E-09 2.1327E-09 2.1009E-09
3.9085E-10 4.1847E-10 4.4782E-10 4.8309E-10 5.1508E-10 5.4585E-10 5.8364E-10 6.1943E-10 6.5377E-10 6.8650E-10 7.2203E-10 7.6975E-10 8.0544E-10 8.4716E-10 8.9662E-10 9.4014E-10 9.8005E-10 1.0239E-09 1.0654E-09 1.1088E-09 1.1541E-09 1.1924E-09 1.2295E-09 1.2665E-09 1.3030E-09 1.3385E-09 1.3739E-09 1.4218E-09 1.4718E-09 1.5095E-09 1.5440E-09 1.5810E-09 1.6223E-09 1.6573E-09 1.6886E-09 1.7259E-09 1.7667E-09 1.8079E-09 1.8452E-09 1.8931E-09 1.9276E-09 1.9748E-09 2.0009E-09 2.0058E-09 2.0266E-09 2.0197E-09 2.0079E-09 2.0123E-09 1.9986E-09 2.0007E-09 1.9978E-09 1.9908E-09 1.9808E-09 1.9647E-09 1.9448E-09 1.9210E-09 1.9077E-09
3.3708E-10 3.6652E-10 3.9371E-10 4.2107E-10 4.4992E-10 4.8306E-10 5.1285E-10 5.4375E-10 5.8162E-10 6.1400E-10 6.4447E-10 6.7786E-10 7.1208E-10 7.5581E-10 7.9381E-10 8.3977E-10 8.8046E-10 9.1733E-10 9.5952E-10 9.9945E-10 1.0355E-09 1.0711E-09 1.1096E-09 1.1540E-09 1.1886E-09 1.2226E-09 1.2549E-09 1.2866E-09 1.3255E-09 1.3719E-09 1.4117E-09 1.4433E-09 1.4718E-09 1.5109E-09 1.5388E-09 1.5609E-09 1.5964E-09 1.6295E-09 1.6653E-09 1.7005E-09 1.7396E-09 1.7688E-09 1.8031E-09 1.8067E-09 1.8209E-09 1.8325E-09 1.8282E-09 1.8188E-09 1.8249E-09 1.8269E-09 1.8254E-09 1.8202E-09 1.8106E-09 1.7973E-09 1.7817E-09 1.7595E-09 1.7362E-09
2.9348E-10 3.1626E-10 3.4004E-10 3.6988E-10 3.9452E-10 4.2081E-10 4.5339E-10 4.8111E-10 5.0907E-10 5.3941E-10 5.7563E-10 6.0432E-10 6.3546E-10 6.6768E-10 6.9839E-10 7.3937E-10 7.8451E-10 8.2544E-10 8.6046E-10 8.9817E-10 9.3482E-10 9.6880E-10 1.0040E-09 1.0377E-09 1.0762E-09 1.1138E-09 1.1449E-09 1.1745E-09 1.2027E-09 1.2365E-09 1.2772E-09 1.3152E-09 1.3447E-09 1.3672E-09 1.3958E-09 1.4257E-09 1.4466E-09 1.4769E-09 1.5077E-09 1.5321E-09 1.5618E-09 1.5950E-09 1.6031E-09 1.6313E-09 1.6311E-09 1.6281E-09 1.6366E-09 1.6465E-09 1.6654E-09 1.6680E-09 1.6668E-09 1.6633E-09 1.6557E-09 1.6440E-09 1.6301E-09 1.6114E-09 1.5909E-09
2.4854E-10 2.7385E-10 2.9630E-10 3.1922E-10 3.4134E-10 3.6992E-10 3.9365E-10 4.1740E-10 4.4869E-10 4.7483E-10 5.0313E-10 5.3062E-10 5.6615E-10 5.9489E-10 6.2548E-10 6.5457E-10 6.8511E-10 7.2293E-10 7.6990E-10 8.0567E-10 8.4055E-10 8.7561E-10 9.0735E-10 9.3854E-10 9.7018E-10 1.0066E-09 1.0414E-09 1.0697E-09 1.0970E-09 1.1229E-09 1.1489E-09 1.1857E-09 1.2111E-09 1.2347E-09 1.2598E-09 1.2882E-09 1.3205E-09 1.3414E-09 1.3657E-09 1.3967E-09 1.4164E-09 1.4277E-09 1.4494E-09 1.4523E-09 1.4624E-09 1.4739E-09 1.4700E-09 1.4867E-09 1.4987E-09 1.5119E-09 1.5114E-09 1.5158E-09 1.5100E-09 1.5007E-09 1.4869E-09 1.4653E-09 1.4367E-09
2.1447E-10 2.3290E-10 2.5198E-10 2.7790E-10 2.9890E-10 3.1991E-10 3.4089E-10 3.6864E-10 3.9101E-10 4.1435E-10 4.4188E-10 4.6972E-10 4.9538E-10 5.2411E-10 5.5341E-10 5.8521E-10 6.1202E-10 6.4088E-10 6.7354E-10 7.1236E-10 7.4342E-10 7.8246E-10 8.1789E-10 8.5013E-10 8.7860E-10 9.0732E-10 9.4036E-10 9.7193E-10 9.9776E-10 1.0229E-09 1.0459E-09 1.0612E-09 1.0885E-09 1.1125E-09 1.1264E-09 1.1482E-09 1.1815E-09 1.2128E-09 1.2431E-09 1.2600E-09 1.2876E-09 1.2971E-09 1.3046E-09 1.3234E-09 1.3250E-09 1.3245E-09 1.3341E-09 1.3381E-09 1.3537E-09 1.3622E-09 1.3714E-09 1.3694E-09 1.3700E-09 1.3622E-09 1.3466E-09 1.3258E-09 1.3092E-09
1.6817E-10 1.9560E-10 2.1804E-10 2.3574E-10 2.5470E-10 2.7892E-10 2.9970E-10 3.1933E-10 3.3931E-10 3.6599E-10 3.8787E-10 4.0926E-10 4.3333E-10 4.6303E-10 4.8906E-10 5.1457E-10 5.4013E-10 5.6944E-10 5.9849E-10 6.2647E-10 6.6181E-10 6.9544E-10 7.2585E-10 7.6051E-10 7.9241E-10 8.2158E-10 8.4781E-10 8.7561E-10 9.0714E-10 9.3061E-10 9.4740E-10 9.6741E-10 9.8052E-10 9.9679E-10 1.0156E-09 1.0342E-09 1.0544E-09 1.0805E-09 1.1074E-09 1.1425E-09 1.1567E-09 1.1682E-09 1.1872E-09 1.1896E-09 1.1953E-09 1.2089E-09 1.2171E-09 1.2240E-09 1.2291E-09 1.2321E-09 1.2337E-09 1.2444E-09 1.2386E-09 1.2218E-09 1.2171E-09 1.1993E-09 1.1737E-09
1.2364E-10 1.4811E-10 1.7979E-10 1.9822E-10 2.2085E-10 2.3778E-10 2.5581E-10 2.7688E-10 2.9893E-10 3.1751E-10 3.3675E-10 3.5992E-10 3.8271E-10 4.0410E-10 4.2623E-10 4.5275E-10 4.7896E-10 5.0378E-10 5.2788E-10 5.5305E-10 5.8227E-10 6.1380E-10 6.4716E-10 6.7725E-10 7.0845E-10 7.3705E-10 7.6347E-10 7.9094E-10 8.1645E-10 8.4289E-10 8.6190E-10 8.7674E-10 8.8973E-10 9.0084E-10 9.1905E-10 9.3876E-10 9.5552E-10 9.6861E-10 9.9142E-10 1.0110E-09 1.0452E-09 1.0586E-09 1.0627E-09 1.0852E-09 1.0834E-09 1.0982E-09 1.1079E-09 1.1159E-09 1.1222E-09 1.1257E-09 1.1277E-09 1.1189E-09 1.1135E-09 1.1069E-09 1.0924E-09 1.0789E-09 1.0671E-09
8.6501E-11 1.0773E-10 1.2732E-10 1.5569E-10 1.8572E-10 2.0039E-10 2.2074E-10 2.3919E-10 2.5589E-10 2.7410E-10 2.9411E-10 3.1500E-10 3.3312E-10 3.5223E-10 3.7480E-10 3.9764E-10 4.2048E-10 4.4287E-10 4.6662E-10 4.9117E-10 5.1399E-10 5.4107E-10 5.6879E-10 5.9982E-10 6.2918E-10 6.5832E-10 6.8445E-10 7.0849E-10 7.2962E-10 7.5392E-10 7.7681E-10 7.9358E-10 8.1073E-10 8.2259E-10 8.3784E-10 8.5190E-10 8.6991E-10 8.8727E-10 8.9920E-10 9.0873E-10 9.2251E-10 9.5202E-10 9.6593E-10 9.6779E-10 9.8062E-10 9.9398E-10 1.0017E-09 1.0133E-09 1.0210E-09 1.0263E-09 1.0220E-09 1.0154E-09 1.0133E-09 1.0040E-09 9.9127E-10 9.8089E-10 9.5793E-10
4.6921E-11 6.9039E-11 8.9882E-11 1.0672E-10 1.3053E-10 1.6410E-10 1.8396E-10 2.0245E-10 2.1762E-10 2.3656E-10 2.5556E-10 2.7271E-10 2.8897E-10 3.1022E-10 3.2956E-10 3.4761E-10 3.6762E-10 3.9027E-10 4.1201E-10 4.3452E-10 4.5675E-10 4.7798E-10 5.0239E-10 5.2706E-10 5.5452E-10 5.8138E-10 6.0821E-10 6.3214E-10 6.5064E-10 6.7259E-10 6.9121E-10 7.1652E-10 7.3414E-10 7.5005E-10 7.6479E-10 7.7865E-10 7.9142E-10 8.0468E-10 8.2285E-10 8.3276E-10 8.4208E-10 8.4897E-10 8.6203E-10 8.8090E-10 8.8676E-10 8.9246E-10 9.0942E-10 9.1164E-10 9.1496E-10 9.1879E-10 9.1923E-10 9.1189E-10 9.0757E-10 9.0267E-10 8.8405E-10 8.7855E-10 8.6759E-10
3.0712E-11 4.0822E-11 6.0623E-11 8.2494E-11 9.7416E-11 1.1368E-10 1.3859E-10 1.6636E-10 1.8217E-10 2.0040E-10 2.1847E-10 2.3347E-10 2.5366E-10 2.7049E-10 2.8744E-10 3.0690E-10 3.2400E-10 3.4345E-10 3.6314E-10 3.8291E-10 4.0239E-10 4.2315E-10 4.4285E-10 4.6270E-10 4.8629E-10 5.0882E-10 5.3284E-10 5.5896E-10 5.8018E-10 5.9927E-10 6.1920E-10 6.3599E-10 6.5951E-10 6.8263E-10 6.9714E-10 7.0999E-10 7.2260E-10 7.3355E-10 7.4396E-10 7.5920E-10 7.7090E-10 7.7783E-10 7.8309E-10 7.8953E-10 8.0355E-10 8.1130E-10 8.0979E-10 8.1229E-10 8.2042E-10 8.2178E-10 8.2132E-10 8.1788E-10 8.1688E-10 8.0713E-10 7.9542E-10 7.8883E-10 7.7677E-10
1.9423E-11 2.7250E-11 3.6565E-11 4.9289E-11 7.1843E-11 9.0570E-11 1.0301E-10 1.2302E-10 1.5177E-10 1.6991E-10 1.8538E-10 2.0200E-10 2.1853E-10 2.3522E-10 2.5310E-10 2.6730E-10 2.8496E-10 3.0258E-10 3.1992E-10 3.3891E-10 3.5634E-10 3.7311E-10 3.9270E-10 4.0684E-10 4.2627E-10 4.4664E-10 4.6483E-10 4.8935E-10 5.1262E-10 5.3481E-10 5.5237E-10 5.7037E-10 5.8863E-10 6.0744E-10 6.2850E-10 6.4645E-10 6.5867E-10 6.6893E-10 6.7948E-10 6.8758E-10 7.0000E-10 7.1116E-10 7.1646E-10 7.2325E-10 7.2598E-10 7.2495E-10 7.3406E-10 7.3272E-10 7.2474E-10 7.3251E-10 7.2989E-10 7.2261E-10 7.2153E-10 7.2131E-10 7.1133E-10 7.0115E-10 6.9702E-10
9.5788E-12 1.6631E-11 2.4423E-11 3.2304E-11 4.2934E-11 5.9523E-11 8.2001E-11 9.6397E-11 1.0859E-10 1.3274E-10 1.5928E-10 1.7266E-10 1.8917E-10 2.0339E-10 2.1993E-10 2.3558E-10 2.4968E-10 2.6582E-10 2.8211E-10 2.9734E-10 3.1460E-10 3.3078E-10 3.4685E-10 3.6380E-10 3.7860E-10 3.9477E-10 4.1194E-10 4.2752E-10 4.4690E-10 4.7203E-10 4.9524E-10 5.1086E-10 5.2694E-10 5.4332E-10 5.5909E-10 5.7913E-10 5.9582E-10 6.0822E-10 6.1888E-10 6.2710E-10 6.3441E-10 6.4146E-10 6.5403E-10 6.5480E-10 6.5429E-10 6.5424E-10 6.5413E-10 6.5510E-10 6.5406E-10 6.4995E-10 6.3825E-10 6.4567E-10 6.4537E-10 6.3790E-10 6.3438E-10 6.3471E-10 6.2497E-10
2.4815E-12 8.4034E-12 1.4990E-11 2.1821E-11 2.9883E-11 3.7805E-11 5.0816E-11 7.1725E-11 8.8049E-11 9.9756E-11 1.1748E-10 1.4522E-10 1.6152E-10 1.7603E-10 1.9024E-10 2.0352E-10 2.2016E-10 2.3319E-10 2.4793E-10 2.6302E-10 2.7534E-10 2.9094E-10 3.0697E-10 3.2068E-10 3.3788E-10 3.5251E-10 3.6540E-10 3.8158E-10 3.9706E-10 4.1127E-10 4.3193E-10 4.5567E-10 4.7223E-10 4.8599E-10 5.0116E-10 5.1404E-10 5.2953E-10 5.4746E-10 5.5913E-10 5.6811E-10 5.7489E-10 5.7963E-10 5.7996E-10 5.8866E-10 5.9537E-10 5.9014E-10 5.8877E-10 5.8737E-10 5.7675E-10 5.8247E-10 5.8063E-10 5.6970E-10 5.6728E-10 5.6907E-10 5.6407E-10 5.6546E-10 5.6584E-10
0.0000E+00 1.1983E-12 6.2024E-12 1.1930E-11 1.8844E-11 2.6464E-11 3.4748E-11 4.3355E-11 5.9696E-11 7.9351E-11 9.2339E-11 1.0444E-10 1.2578E-10 1.5052E-10 1.6411E-10 1.7755E-10 1.8960E-10 2.0420E-10 2.1666E-10 2.3191E-10 2.4596E-10 2.5731E-10 2.7185E-10 2.8676E-10 2.9878E-10 3.1340E-10 3.2752E-10 3.3793E-10 3.5421E-10 3.6832E-10 3.8005E-10 3.9496E-10 4.1797E-10 4.3450E-10 4.4782E-10 4.6064E-10 4.7313E-10 4.8214E-10 4.9958E-10 5.0788E-10 5.1066E-10 5.1825E-10 5.2261E-10 5.2069E-10 5.2165E-10 5.2757E-10 5.2314E-10 5.1833E-10 5.1577E-10 5.1130E-10 5.0156E-10 5.0763E-10 5.0826E-10 4.9998E-10 5.0733E-10 5.0644E-10 5.0257E-10
0.0000E+00 0.0000E+00 0.0000E+00 4.1767E-12 1.0567E-11 1.6558E-11 2.3676E-11 3.0313E-11 3.8655E-11 4.7655E-11 6.9177E-11 8.4679E-11 9.5728E-11 1.0901E-10 1.3216E-10 1.5229E-10 1.6400E-10 1.7704E-10 1.8933E-10 2.0215E-10 2.1346E-10 2.2726E-10 2.3980E-10 2.5092E-10 2.6587E-10 2.7627E-10 2.8770E-10 3.0157E-10 3.1178E-10 3.2481E-10 3.4002E-10 3.5103E-10 3.6274E-10 3.8069E-10 4.0014E-10 4.0936E-10 4.2190E-10 4.2923E-10 4.3325E-10 4.4488E-10 4.5548E-10 4.5769E-10 4.5944E-10 4.6173E-10 4.6102E-10 4.5659E-10 4.5770E-10 4.6136E-10 4.5649E-10 4.5253E-10 4.5053E-10 4.4488E-10 4.5178E-10 4.5030E-10 4.4877E-10 4.4453E-10 4.5072E-10
0.0000E+00 0.0000E+00 0.0000E+00 0.0000E+00 2.2765E-12 7.7759E-12 1.4403E-11 1.9962E-11 2.7923E-11 3.4818E-11 4.2179E-11 5.5503E-11 7.5862E-11 8.9418E-11 9.7708E-11 1.1478E-10 1.3855E-10 1.5290E-10 1.6299E-10 1.7664E-10 1.8729E-10 1.9900E-10 2.1071E-10 2.2213E-10 2.3273E-10 2.4484E-10 2.5540E-10 2.6447E-10 2.7584E-10 2.8601E-10 2.9618E-10 3.1096E-10 3.2226E-10 3.3198E-10 3.4470E-10 3.6123E-10 3.6864E-10 3.7612E-10 3.8647E-10 3.8843E-10 3.9074E-10 4.0177E-10 4.0367E-10 3.9943E-10 4.0342E-10 4.0501E-10 3.9951E-10 3.9723E-10 4.0007E-10 3.9923E-10 3.9819E-10 3.9683E-10 3.9438E-10 3.9244E-10 4.0124E-10 3.9679E-10 3.9428E-10
0.0000E+00 0.0000E+00 0.0000E+00 0.0000E+00 0.0000E+00 1.0876E-12 5.6616E-12 1.1398E-11 1.8211E-11 2.3947E-11 3.0895E-11 3.7552E-11 4.6954E-11 6.3118E-11 7.8619E-11 9.0175E-11 1.0040E-10 1.1914E-10 1.4057E-10 1.5195E-10 1.6259E-10 1.7439E-10 1.8358E-10 1.9463E-10 2.0614E-10 2.1472E-10 2.2601E-10 2.3550E-10 2.4396E-10 2.5472E-10 2.6360E-10 2.7068E-10 2.8248E-10 2.9063E-10 2.9718E-10 3.0398E-10 3.2230E-10 3.2986E-10 3.3399E-10 3.3953E-10 3.4242E-10 3.3919E-10 3.4698E-10 3.5287E-10 3.5130E-10 3.4832E-10 3.4975E-10 3.4770E-10 3.4844E-10 3.4583E-10 3.5403E-10 3.5168E-10 3.5005E-10 3.5147E-10 3.5000E-10 3.4945E-10 3.5211E-10
0.0000E+00 0.0000E+00 0.0000E+00 0.0000E+00 0.0000E+00 0.0000E+00 0.0000E+00 3.2745E-12 9.0613E-12 1.4985E-11 2.0293E-11 2.7807E-11 3.4381E-11 4.1216E-11 4.9516E-11 7.1597E-11 8.2355E-11 9.2209E-11 1.0417E-10 1.2293E-10 1.4150E-10 1.5047E-10 1.6228E-10 1.7002E-10 1.8073E-10 1.9053E-10 1.9828E-10 2.0772E-10 2.1765E-10 2.2486E-10 2.3369E-10 2.3986E-10 2.4417E-10 2.5178E-10 2.5956E-10 2.6169E-10 2.6752E-10 2.7892E-10 2.9120E-10 2.8980E-10 2.9588E-10 3.0109E-10 2.9871E-10 2.9777E-10 3.0556E-10 3.0877E-10 3.0730E-10 3.0748E-10 3.0947E-10 3.0899E-10 3.0836E-10 3.0925E-10 3.1652E-10 3.1657E-10 3.1704E-10 3.1679E-10 3.1264E-10
0.0000E+00 0.0000E+00 0.0000E+00 0.0000E+00 0.0000E+00 0.0000E+00 0.0000E+00 0.0000E+00 1.5532E-12 6.4996E-12 1.2431E-11 1.7883E-11 2.3911E-11 3.0522E-11 3.5910E-11 4.4060E-11 5.6615E-11 7.4616E-11 8.5064E-11 9.3175E-11 1.0733E-10 1.2764E-10 1.3988E-10 1.4887E-10 1.5759E-10 1.6590E-10 1.7583E-10 1.8253E-10 1.8832E-10 1.9595E-10 2.0082E-10 2.0824E-10 2.1397E-10 2.1598E-10 2.2099E-10 2.2985E-10 2.3192E-10 2.3261E-10 2.3726E-10 2.4990E-10 2.5316E-10 2.5746E-10 2.6051E-10 2.6303E-10 2.6362E-10 2.6746E-10 2.7497E-10 2.7665E-10 2.7645E-10 2.7928E-10 2.8080E-10 2.8073E-10 2.8262E-10 2.8200E-10 2.8656E-10 2.8673E-10 2.8646E-10
0.0000E+00 0.0000E+00 0.0000E+00 0.0000E+00 0.0000E+00 0.0000E+00 0.0000E+00 0.0000E+00 0.0000E+00 0.0000E+00 4.5888E-12 9.6776E-12 1.5284E-11 2.0295E-11 2.6746E-11 3.2930E-11 3.8858E-11 4.5881E-11 6.1687E-11 7.5779E-11 8.5740E-11 9.3204E-11 1.0696E-10 1.2766E-10 1.3707E-10 1.4362E-10 1.4800E-10 1.5706E-10 1.6328E-10 1.6748E-10 1.7152E-10 1.7818E-10 1.8303E-10 1.8654E-10 1.8724E-10 1.9058E-10 1.9785E-10 2.0194E-10 2.0217E-10 2.0447E-10 2.1046E-10 2.2326E-10 2.2787E-10 2.3314E-10 2.3626E-10 2.3840E-10 2.3990E-10 2.4654E-10 2.5044E-10 2.5240E-10 2.5403E-10 2.5541E-10 2.5610E-10 2.5693E-10 2.5709E-10 2.5880E-10 2.5823E-10
0.0000E+00 0.0000E+00 0.0000E+00 0.0000E+00 0.0000E+00 0.0000E+00 0.0000E+00 0.0000E+00 0.0000E+00 0.0000E+00 0.0000E+00 1.4659E-12 6.1446E-12 1.1721E-11 1.7388E-11 2.3554E-11 2.8851E-11 3.4741E-11 4.1001E-11 4.8873E-11 6.8072E-11 7.6371E-11 8.5807E-11 9.4236E-11 1.0469E-10 1.2193E-10 1.2812E-10 1.3187E-10 1.3739E-10 1.4349E-10 1.4816E-10 1.5119E-10 1.5445E-10 1.5706E-10 1.6180E-10 1.6346E-10 1.6470E-10 1.6778E-10 1.7486E-10 1.7546E-10 1.7996E-10 1.8352E-10 1.9729E-10 2.0488E-10 2.0856E-10 2.1249E-10 2.1543E-10 2.1760E-10 2.1932E-10 2.2909E-10 2.2988E-10 2.3115E-10 2.3233E-10 2.3320E-10 2.3317E-10 2.3346E-10 2.3218E-10
