Assets/Resources/2015_m01_d04_1600(utc+0800)_l00_csi_1hr_conc.grd
DSAA
         159         159
     -79.000      79.000
     -79.000      79.000
  0.2028E-09  0.5904E-05
[rows 0 to 24 of 159, columns 57 to 113 of 159]
1.8196E-09 1.7612E-09 1.7619E-09 1.7618E-09 1.7608E-09 1.7484E-09 1.7458E-09 1.7423E-09 1.7378E-09 1.7322E-09 1.7171E-09 1.7099E-09 1.7015E-09 1.6921E-09 1.6816E-09 1.6699E-09 1.6500E-09 1.6366E-09 1.6220E-09 1.6063E-09 1.5840E-09 1.5665E-09 1.5480E-09 1.5284E-09 1.5030E-09 1.4817E-09 1.4595E-09 1.4328E-09 1.4091E-09 1.3811E-09 1.3561E-09 1.3304E-09 1.3040E-09 1.2748E-09 1.2451E-09 1.2177E-09 1.1897E-09 1.1566E-09 1.1287E-09 1.1006E-09 1.0676E-09 1.0398E-09 1.0120E-09 9.8056E-10 9.5347E-10 9.2505E-10 8.9851E-10 8.7223E-10 8.4629E-10 8.2077E-10 7.9576E-10 7.7135E-10 7.4759E-10 7.2455E-10 6.9114E-10 6.6758E-10 6.4947E-10
1.8752E-09 1.8642E-09 1.8336E-09 1.8049E-09 1.8037E-09 1.8015E-09 1.7881E-09 1.7842E-09 1.7793E-09 1.7733E-09 1.7662E-09 1.7498E-09 1.7409E-09 1.7308E-09 1.7196E-09 1.7071E-09 1.6935E-09 1.6721E-09 1.6566E-09 1.6399E-09 1.6221E-09 1.5982E-09 1.5785E-09 1.5577E-09 1.5313E-09 1.5088E-09 1.4854E-09 1.4610E-09 1.4326E-09 1.4068E-09 1.3771E-09 1.3501E-09 1.3225E-09 1.2921E-09 1.2613E-09 1.2326E-09 1.2034E-09 1.1739E-09 1.1404E-09 1.1110E-09 1.0816E-09 1.0485E-09 1.0197E-09 9.8762E-10 9.5800E-10 9.3039E-10 9.0303E-10 8.7597E-10 8.4932E-10 8.2319E-10 7.9764E-10 7.7276E-10 7.4863E-10 7.1760E-10 6.9295E-10 6.6957E-10 6.4926E-10
1.9217E-09 1.9206E-09 1.9086E-09 1.8774E-09 1.8482E-09 1.8457E-09 1.8422E-09 1.8277E-09 1.8223E-09 1.8158E-09 1.8081E-09 1.7993E-09 1.7816E-09 1.7708E-09 1.7587E-09 1.7455E-09 1.7310E-09 1.7152E-09 1.6921E-09 1.6744E-09 1.6554E-09 1.6353E-09 1.6096E-09 1.5877E-09 1.5646E-09 1.5363E-09 1.5116E-09 1.4859E-09 1.4592E-09 1.4291E-09 1.4012E-09 1.3699E-09 1.3409E-09 1.3112E-09 1.2794E-09 1.2473E-09 1.2168E-09 1.1861E-09 1.1540E-09 1.1212E-09 1.0889E-09 1.0568E-09 1.0254E-09 9.9592E-10 9.6385E-10 9.3534E-10 9.0711E-10 8.7929E-10 8.5198E-10 8.2524E-10 7.9918E-10 7.7389E-10 7.4113E-10 7.1519E-10 6.9060E-10 6.6927E-10 6.5106E-10
1.9802E-09 1.9686E-09 1.9662E-09 1.9531E-09 1.9213E-09 1.8916E-09 1.8877E-09 1.8826E-09 1.8668E-09 1.8598E-09 1.8515E-09 1.8420E-09 1.8312E-09 1.8119E-09 1.7991E-09 1.7849E-09 1.7694E-09 1.7527E-09 1.7346E-09 1.7097E-09 1.6896E-09 1.6682E-09 1.6414E-09 1.6181E-09 1.5937E-09 1.5682E-09 1.5381E-09 1.5110E-09 1.4829E-09 1.4516E-09 1.4222E-09 1.3897E-09 1.3592E-09 1.3282E-09 1.2966E-09 1.2634E-09 1.2300E-09 1.1980E-09 1.1648E-09 1.1310E-09 1.0978E-09 1.0631E-09 1.0325E-09 9.9895E-10 9.6925E-10 9.3981E-10 9.1077E-10 8.8220E-10 8.5421E-10 8.2693E-10 8.0040E-10 7.7472E-10 7.3851E-10 7.1262E-10 6.9019E-10 6.7112E-10 6.5063E-10
2.1047E-09 2.0589E-09 2.0156E-09 2.0116E-09 1.9974E-09 1.9651E-09 1.9348E-09 1.9293E-09 1.9224E-09 1.9052E-09 1.8963E-09 1.8861E-09 1.8745E-09 1.8615E-09 1.8407E-09 1.8255E-09 1.8090E-09 1.7911E-09 1.7719E-09 1.7514E-09 1.7245E-09 1.7018E-09 1.6780E-09 1.6492E-09 1.6233E-09 1.5964E-09 1.5684E-09 1.5364E-09 1.5068E-09 1.4764E-09 1.4432E-09 1.4116E-09 1.3775E-09 1.3450E-09 1.3120E-09 1.2776E-09 1.2429E-09 1.2085E-09 1.1753E-09 1.1389E-09 1.1027E-09 1.0708E-09 1.0358E-09 1.0049E-09 9.7417E-10 9.4383E-10 9.1395E-10 8.8467E-10 8.5607E-10 8.2825E-10 8.0129E-10 7.6295E-10 7.3568E-10 7.1455E-10 6.9211E-10 6.7056E-10 6.5239E-10
2.1779E-09 2.1523E-09 2.1062E-09 2.0625E-09 2.0568E-09 2.0413E-09 2.0085E-09 1.9776E-09 1.9702E-09 1.9614E-09 1.9426E-09 1.9316E-09 1.9192E-09 1.9053E-09 1.8835E-09 1.8673E-09 1.8496E-09 1.8306E-09 1.8101E-09 1.7883E-09 1.7602E-09 1.7361E-09 1.7108E-09 1.6842E-09 1.6534E-09 1.6249E-09 1.5953E-09 1.5648E-09 1.5308E-09 1.4989E-09 1.4661E-09 1.4311E-09 1.3974E-09 1.3616E-09 1.3272E-09 1.2914E-09 1.2566E-09 1.2199E-09 1.1820E-09 1.1480E-09 1.1111E-09 1.0745E-09 1.0423E-09 1.0103E-09 9.7858E-10 9.4734E-10 9.1669E-10 8.8671E-10 8.5752E-10 8.2922E-10 7.9338E-10 7.6477E-10 7.3770E-10 7.1409E-10 6.9382E-10 6.7235E-10 6.5183E-10
2.2409E-09 2.2258E-09 2.1994E-09 2.1529E-09 2.1090E-09 2.1013E-09 2.0843E-09 2.0511E-09 2.0196E-09 2.0101E-09 1.9991E-09 1.9786E-09 1.9652E-09 1.9504E-09 1.9340E-09 1.9102E-09 1.8914E-09 1.8711E-09 1.8493E-09 1.8260E-09 1.8014E-09 1.7711E-09 1.7442E-09 1.7161E-09 1.6868E-09 1.6538E-09 1.6226E-09 1.5904E-09 1.5549E-09 1.5213E-09 1.4869E-09 1.4519E-09 1.4152E-09 1.3780E-09 1.3420E-09 1.3049E-09 1.2668E-09 1.2272E-09 1.1920E-09 1.1534E-09 1.1190E-09 1.0816E-09 1.0482E-09 1.0151E-09 9.8247E-10 9.5037E-10 9.1894E-10 8.8832E-10 8.5859E-10 8.2068E-10 7.9052E-10 7.6197E-10 7.3712E-10 7.1584E-10 6.9322E-10 6.7161E-10 6.5365E-10
2.3148E-09 2.2891E-09 2.2727E-09 2.2454E-09 2.1988E-09 2.1547E-09 2.1449E-09 2.1263E-09 2.0926E-09 2.0605E-09 2.0486E-09 2.0352E-09 2.0128E-09 1.9968E-09 1.9793E-09 1.9601E-09 1.9343E-09 1.9126E-09 1.8893E-09 1.8646E-09 1.8384E-09 1.8108E-09 1.7782E-09 1.7485E-09 1.7174E-09 1.6829E-09 1.6500E-09 1.6160E-09 1.5812E-09 1.5437E-09 1.5077E-09 1.4710E-09 1.4327E-09 1.3953E-09 1.3556E-09 1.3159E-09 1.2787E-09 1.2382E-09 1.1979E-09 1.1621E-09 1.1230E-09 1.0882E-09 1.0536E-09 1.0194E-09 9.8582E-10 9.5287E-10 9.2073E-10 8.8950E-10 8.5928E-10 8.1756E-10 7.8744E-10 7.6127E-10 7.3892E-10 7.1509E-10 6.9487E-10 6.7343E-10 6.5303E-10
2.3837E-09 2.3577E-09 2.3307E-09 2.3123E-09 2.2835E-09 2.2436E-09 2.1993E-09 2.1871E-09 2.1668E-09 2.1325E-09 2.0997E-09 2.0853E-09 2.0692E-09 2.0447E-09 2.0259E-09 2.0054E-09 1.9833E-09 1.9551E-09 1.9303E-09 1.9040E-09 1.8762E-09 1.8469E-09 1.8162E-09 1.7812E-09 1.7484E-09 1.7145E-09 1.6775E-09 1.6418E-09 1.6052E-09 1.5677E-09 1.5282E-09 1.4887E-09 1.4500E-09 1.4089E-09 1.3676E-09 1.3290E-09 1.2867E-09 1.2486E-09 1.2074E-09 1.1665E-09 1.1302E-09 1.0941E-09 1.0584E-09 1.0232E-09 9.8861E-10 9.5486E-10 9.2203E-10 8.9025E-10 8.4599E-10 8.1419E-10 7.8933E-10 7.6312E-10 7.3800E-10 7.1674E-10 6.9413E-10 6.7261E-10 6.5243E-10
2.4614E-09 2.4230E-09 2.4052E-09 2.3774E-09 2.3573E-09 2.3275E-09 2.2867E-09 2.2424E-09 2.2276E-09 2.2054E-09 2.1706E-09 2.1370E-09 2.1197E-09 2.1006E-09 2.0738E-09 2.0519E-09 2.0283E-09 2.0030E-09 1.9723E-09 1.9442E-09 1.9147E-09 1.8836E-09 1.8510E-09 1.8144E-09 1.7797E-09 1.7439E-09 1.7069E-09 1.6676E-09 1.6291E-09 1.5898E-09 1.5487E-09 1.5075E-09 1.4647E-09 1.4244E-09 1.3818E-09 1.3377E-09 1.2981E-09 1.2550E-09 1.2123E-09 1.1744E-09 1.1367E-09 1.0994E-09 1.0625E-09 1.0263E-09 9.9083E-10 9.5632E-10 9.2288E-10 8.8120E-10 8.4776E-10 8.1617E-10 7.8853E-10 7.6337E-10 7.3966E-10 7.1579E-10 6.9583E-10 6.7460E-10 6.4708E-10
2.5240E-09 2.4941E-09 2.4704E-09 2.4509E-09 2.4223E-09 2.4004E-09 2.3694E-09 2.3226E-09 2.2836E-09 2.2659E-09 2.2417E-09 2.2062E-09 2.1717E-09 2.1512E-09 2.1289E-09 2.0996E-09 2.0744E-09 2.0474E-09 2.0151E-09 1.9853E-09 1.9538E-09 1.9208E-09 1.8864E-09 1.8505E-09 1.8113E-09 1.7735E-09 1.7345E-09 1.6934E-09 1.6529E-09 1.6117E-09 1.5678E-09 1.5260E-09 1.4817E-09 1.4374E-09 1.3914E-09 1.3502E-09 1.3052E-09 1.2648E-09 1.2210E-09 1.1817E-09 1.1426E-09 1.1040E-09 1.0660E-09 1.0288E-09 9.9247E-10 9.5727E-10 9.1310E-10 8.7777E-10 8.4438E-10 8.1522E-10 7.9013E-10 7.6370E-10 7.3849E-10 7.1748E-10 6.9506E-10 6.7162E-10 6.4670E-10
2.5952E-09 2.5711E-09 2.5415E-09 2.5161E-09 2.4947E-09 2.4650E-09 2.4411E-09 2.4089E-09 2.3623E-09 2.3225E-09 2.3017E-09 2.2752E-09 2.2253E-09 2.2033E-09 2.1794E-09 2.1536E-09 2.1216E-09 2.0928E-09 2.0622E-09 2.0271E-09 1.9936E-09 1.9586E-09 1.9221E-09 1.8842E-09 1.8451E-09 1.8032E-09 1.7622E-09 1.7192E-09 1.6767E-09 1.6312E-09 1.5879E-09 1.5419E-09 1.4958E-09 1.4523E-09 1.4051E-09 1.3580E-09 1.3159E-09 1.2701E-09 1.2290E-09 1.1882E-09 1.1477E-09 1.1079E-09 1.0688E-09 1.0306E-09 9.9355E-10 9.5771E-10 9.0936E-10 8.7406E-10 8.4328E-10 8.1686E-10 7.8893E-10 7.6514E-10 7.4015E-10 7.1646E-10 6.9164E-10 6.6924E-10 6.4664E-10
2.6704E-09 2.6420E-09 2.6165E-09 2.5870E-09 2.5580E-09 2.5274E-09 2.5024E-09 2.4757E-09 2.4457E-09 2.3993E-09 2.3585E-09 2.3307E-09 2.2935E-09 2.2568E-09 2.2312E-09 2.2036E-09 2.1699E-09 2.1392E-09 2.1065E-09 2.0722E-09 2.0341E-09 1.9969E-09 1.9582E-09 1.9182E-09 1.8768E-09 1.8330E-09 1.7887E-09 1.7448E-09 1.6977E-09 1.6529E-09 1.6052E-09 1.5573E-09 1.5122E-09 1.4628E-09 1.4181E-09 1.3698E-09 1.3218E-09 1.2789E-09 1.2362E-09 1.1939E-09 1.1521E-09 1.1110E-09 1.0709E-09 1.0318E-09 9.9406E-10 9.4265E-10 9.0529E-10 8.7580E-10 8.4495E-10 8.1542E-10 7.9035E-10 7.6392E-10 7.3887E-10 7.1257E-10 6.8885E-10 6.6916E-10 6.4696E-10
2.7383E-09 2.7129E-09 2.6840E-09 2.6578E-09 2.6287E-09 2.6000E-09 2.5682E-09 2.5408E-09 2.5117E-09 2.4793E-09 2.4171E-09 2.3914E-09 2.3609E-09 2.3226E-09 2.2843E-09 2.2548E-09 2.2233E-09 2.1865E-09 2.1518E-09 2.1152E-09 2.0751E-09 2.0357E-09 1.9947E-09 1.9524E-09 1.9088E-09 1.8615E-09 1.8164E-09 1.7703E-09 1.7213E-09 1.6717E-09 1.6248E-09 1.5751E-09 1.5236E-09 1.4772E-09 1.4266E-09 1.3764E-09 1.3316E-09 1.2870E-09 1.2426E-09 1.1987E-09 1.1556E-09 1.1134E-09 1.0723E-09 1.0324E-09 9.8364E-10 9.4427E-10 9.0713E-10 8.7450E-10 8.4477E-10 8.1683E-10 7.8887E-10 7.6541E-10 7.4073E-10 7.0932E-10 6.8854E-10 6.6948E-10 6.5201E-10
2.8103E-09 2.7789E-09 2.7531E-09 2.7242E-09 2.6958E-09 2.6641E-09 2.6380E-09 2.6060E-09 2.5760E-09 2.5398E-09 2.4929E-09 2.4499E-09 2.4205E-09 2.3871E-09 2.3473E-09 2.3072E-09 2.2736E-09 2.2379E-09 2.1978E-09 2.1590E-09 2.1184E-09 2.0748E-09 2.0315E-09 1.9868E-09 1.9408E-09 1.8915E-09 1.8440E-09 1.7932E-09 1.7446E-09 1.6931E-09 1.6414E-09 1.5900E-09 1.5394E-09 1.4865E-09 1.4388E-09 1.3872E-09 1.3405E-09 1.2941E-09 1.2481E-09 1.2027E-09 1.1583E-09 1.1150E-09 1.0730E-09 1.0212E-09 9.7947E-10 9.4012E-10 9.0563E-10 8.7580E-10 8.4465E-10 8.1505E-10 7.9030E-10 7.6417E-10 7.3715E-10 7.0874E-10 6.8864E-10 6.7024E-10 6.5269E-10
2.8828E-09 2.8514E-09 2.8264E-09 2.7972E-09 2.7683E-09 2.7363E-09 2.7045E-09 2.6735E-09 2.6396E-09 2.6063E-09 2.5698E-09 2.5229E-09 2.4787E-09 2.4436E-09 2.4088E-09 2.3609E-09 2.3249E-09 2.2869E-09 2.2469E-09 2.2033E-09 2.1603E-09 2.1144E-09 2.0685E-09 2.0213E-09 1.9704E-09 1.9214E-09 1.8687E-09 1.8185E-09 1.7650E-09 1.7112E-09 1.6603E-09 1.6049E-09 1.5497E-09 1.4999E-09 1.4458E-09 1.3971E-09 1.3484E-09 1.3002E-09 1.2526E-09 1.2058E-09 1.1602E-09 1.1158E-09 1.0730E-09 1.0166E-09 9.7492E-10 9.3841E-10 9.0692E-10 8.7394E-10 8.4417E-10 8.1642E-10 7.8874E-10 7.6006E-10 7.3432E-10 7.0860E-10 6.8921E-10 6.7545E-10 6.5839E-10
2.9514E-09 2.9264E-09 2.8967E-09 2.8696E-09 2.8377E-09 2.8085E-09 2.7743E-09 2.7405E-09 2.7049E-09 2.6700E-09 2.6351E-09 2.5946E-09 2.5487E-09 2.5031E-09 2.4645E-09 2.4213E-09 2.3772E-09 2.3367E-09 2.2942E-09 2.2483E-09 2.2013E-09 2.1543E-09 2.1057E-09 2.0532E-09 2.0027E-09 1.9482E-09 1.8962E-09 1.8406E-09 1.7862E-09 1.7318E-09 1.6740E-09 1.6214E-09 1.5645E-09 1.5078E-09 1.4568E-09 1.4059E-09 1.3553E-09 1.3052E-09 1.2561E-09 1.2080E-09 1.1612E-09 1.1159E-09 1.0558E-09 1.0116E-09 9.7633E-10 9.3971E-10 9.0476E-10 8.7495E-10 8.4387E-10 8.1453E-10 7.8404E-10 7.5673E-10 7.3179E-10 7.0895E-10 6.9460E-10 6.7665E-10 6.6407E-10
3.0304E-09 3.0003E-09 2.9732E-09 2.9408E-09 2.9114E-09 2.8803E-09 2.8448E-09 2.8114E-09 2.7734E-09 2.7355E-09 2.6970E-09 2.6565E-09 2.6171E-09 2.5609E-09 2.5216E-09 2.4766E-09 2.4306E-09 2.3874E-09 2.3422E-09 2.2923E-09 2.2442E-09 2.1944E-09 2.1402E-09 2.0881E-09 2.0348E-09 1.9780E-09 1.9203E-09 1.8654E-09 1.8073E-09 1.7469E-09 1.6921E-09 1.6325E-09 1.5731E-09 1.5199E-09 1.4666E-09 1.4135E-09 1.3610E-09 1.3092E-09 1.2585E-09 1.2091E-09 1.1613E-09 1.1038E-09 1.0571E-09 1.0131E-09 9.7430E-10 9.3724E-10 9.0570E-10 8.7273E-10 8.4330E-10 8.1612E-10 7.8017E-10 7.5623E-10 7.3199E-10 7.1453E-10 6.9562E-10 6.8254E-10 6.6972E-10
3.1082E-09 3.0811E-09 3.0522E-09 3.0186E-09 2.9874E-09 2.9512E-09 2.9175E-09 2.8788E-09 2.8426E-09 2.8012E-09 2.7625E-09 2.7220E-09 2.6769E-09 2.6286E-09 2.5757E-09 2.5287E-09 2.4849E-09 2.4389E-09 2.3877E-09 2.3385E-09 2.2874E-09 2.2346E-09 2.1779E-09 2.1230E-09 2.0640E-09 2.0074E-09 1.9473E-09 1.8868E-09 1.8264E-09 1.7668E-09 1.7044E-09 1.6478E-09 1.5866E-09 1.5308E-09 1.4752E-09 1.4200E-09 1.3655E-09 1.3121E-09 1.2599E-09 1.2094E-09 1.1482E-09 1.0986E-09 1.0519E-09 1.0108E-09 9.7504E-10 9.3810E-10 9.0310E-10 8.7371E-10 8.4309E-10 8.1179E-10 7.7935E-10 7.5627E-10 7.3530E-10 7.1534E-10 7.0173E-10 6.8839E-10 6.7068E-10
3.1936E-09 3.1646E-09 3.1304E-09 3.0990E-09 3.0622E-09 3.0283E-09 2.9888E-09 2.9522E-09 2.9138E-09 2.8707E-09 2.8297E-09 2.7835E-09 2.7400E-09 2.6853E-09 2.6408E-09 2.5869E-09 2.5401E-09 2.4911E-09 2.4373E-09 2.3850E-09 2.3308E-09 2.2723E-09 2.2156E-09 2.1546E-09 2.0960E-09 2.0336E-09 1.9706E-09 1.9106E-09 1.8455E-09 1.7803E-09 1.7212E-09 1.6571E-09 1.5987E-09 1.5404E-09 1.4825E-09 1.4251E-09 1.3688E-09 1.3138E-09 1.2603E-09 1.2020E-09 1.1426E-09 1.0930E-09 1.0493E-09 1.0115E-09 9.7225E-10 9.3507E-10 9.0394E-10 8.7142E-10 8.3811E-10 8.0600E-10 7.7908E-10 7.5692E-10 7.3849E-10 7.2169E-10 7.0781E-10 6.9423E-10 6.7708E-10
3.2818E-09 3.2470E-09 3.2154E-09 3.1780E-09 3.1438E-09 3.1076E-09 3.0666E-09 3.0277E-09 2.9837E-09 2.9422E-09 2.8988E-09 2.8507E-09 2.8047E-09 2.7490E-09 2.6935E-09 2.6460E-09 2.5961E-09 2.5410E-09 2.4874E-09 2.4318E-09 2.3714E-09 2.3130E-09 2.2498E-09 2.1893E-09 2.1244E-09 2.0606E-09 1.9967E-09 1.9287E-09 1.8662E-09 1.7989E-09 1.7316E-09 1.6706E-09 1.6095E-09 1.5486E-09 1.4883E-09 1.4289E-09 1.3708E-09 1.3143E-09 1.2596E-09 1.1890E-09 1.1363E-09 1.0919E-09 1.0500E-09 1.0083E-09 9.7255E-10 9.3576E-10 9.0119E-10 8.6571E-10 8.3413E-10 8.0290E-10 7.7948E-10 7.6285E-10 7.4246E-10 7.2800E-10 7.1384E-10 6.9580E-10 6.8346E-10
3.3686E-09 3.3369E-09 3.3032E-09 3.2643E-09 3.2278E-09 3.1860E-09 3.1467E-09 3.1018E-09 3.0597E-09 3.0156E-09 2.9665E-09 2.9197E-09 2.8622E-09 2.8051E-09 2.7569E-09 2.7061E-09 2.6496E-09 2.5949E-09 2.5379E-09 2.4755E-09 2.4154E-09 2.3536E-09 2.2875E-09 2.2201E-09 2.1558E-09 2.0875E-09 2.0164E-09 1.9514E-09 1.8809E-09 1.8103E-09 1.7466E-09 1.6826E-09 1.6187E-09 1.5552E-09 1.4926E-09 1.4313E-09 1.3715E-09 1.3136E-09 1.2419E-09 1.1860E-09 1.1371E-09 1.0906E-09 1.0463E-09 1.0084E-09 9.6928E-10 9.3250E-10 8.9854E-10 8.6106E-10 8.3337E-10 8.0299E-10 7.8560E-10 7.6408E-10 7.4899E-10 7.3424E-10 7.1523E-10 7.0241E-10 6.8980E-10
3.4637E-09 3.4297E-09 3.3901E-09 3.3533E-09 3.3106E-09 3.2709E-09 3.2292E-09 3.1825E-09 3.1378E-09 3.0875E-09 3.0400E-09 2.9806E-09 2.9317E-09 2.8730E-09 2.8213E-09 2.7634E-09 2.7075E-09 2.6492E-09 2.5885E-09 2.5231E-09 2.4594E-09 2.3909E-09 2.3247E-09 2.2543E-09 2.1832E-09 2.1090E-09 2.0414E-09 1.9676E-09 1.8999E-09 1.8270E-09 1.7600E-09 1.6929E-09 1.6261E-09 1.5602E-09 1.4954E-09 1.4322E-09 1.3709E-09 1.2982E-09 1.2388E-09 1.1830E-09 1.1336E-09 1.0885E-09 1.0463E-09 1.0046E-09 9.6948E-10 9.3340E-10 8.8928E-10 8.5989E-10 8.3047E-10 8.0932E-10 7.8658E-10 7.7085E-10 7.5546E-10 7.3541E-10 7.2210E-10 7.0900E-10 6.9615E-10
3.5618E-09 3.5214E-09 3.4844E-09 3.4407E-09 3.4007E-09 3.3585E-09 3.3107E-09 3.2655E-09 3.2181E-09 3.1658E-09 3.1043E-09 3.0549E-09 2.9944E-09 2.9420E-09 2.8867E-09 2.8257E-09 2.7660E-09 2.7038E-09 2.6363E-09 2.5706E-09 2.4997E-09 2.4313E-09 2.3581E-09 2.2841E-09 2.2133E-09 2.1364E-09 2.0591E-09 1.9886E-09 1.9121E-09 1.8419E-09 1.7715E-09 1.7013E-09 1.6318E-09 1.5634E-09 1.4966E-09 1.4316E-09 1.3541E-09 1.2910E-09 1.2316E-09 1.1791E-09 1.1332E-09 1.0862E-09 1.0419E-09 1.0046E-09 9.6613E-10 9.2732E-10 8.8763E-10 8.5945E-10 8.3407E-10 8.1001E-10 7.9360E-10 7.7755E-10 7.5638E-10 7.4256E-10 7.2894E-10 7.1558E-10 6.9760E-10
3.6585E-09 3.6212E-09 3.5815E-09 3.5363E-09 3.4935E-09 3.4447E-09 3.3989E-09 3.3508E-09 3.2973E-09 3.2461E-09 3.1836E-09 3.1213E-09 3.0683E-09 3.0121E-09 2.9496E-09 2.8886E-09 2.8248E-09 2.7552E-09 2.6876E-09 2.6141E-09 2.5435E-09 2.4675E-09 2.3926E-09 2.3171E-09 2.2367E-09 2.1592E-09 2.0824E-09 2.0020E-09 1.9287E-09 1.8548E-09 1.7810E-09 1.7078E-09 1.6356E-09 1.5649E-09 1.4961E-09 1.4296E-09 1.3463E-09 1.2830E-09 1.2272E-09 1.1785E-09 1.1285E-09 1.0833E-09 1.0415E-09 1.0006E-09 9.5912E-10 9.1965E-10 8.8677E-10 8.5988E-10 8.3753E-10 8.1730E-10 8.0053E-10 7.8418E-10 7.6381E-10 7.4966E-10 7.3576E-10 7.1956E-10 7.0486E-10
