Assets/Resources/2015_m01_d25_2100(utc+0800)_l00_csi_1hr_conc.grd
DSAA
         159         159
     -79.000      79.000
     -79.000      79.000
  0.0000E+00  0.1640E-04
[rows 0 to 24 of 159, columns 0 to 56 of 159]
0.0000E+00 0.0000E+00 0.0000E+00 0.0000E+00 0.0000E+00 0.0000E+00 0.0000E+00 0.0000E+00 0.0000E+00 0.0000E+00 0.0000E+00 0.0000E+00 0.0000E+00 0.0000E+00 0.0000E+00 0.0000E+00 0.0000E+00 0.0000E+00 0.0000E+00 0.0000E+00 0.0000E+00 0.0000E+00 0.0000E+00 0.0000E+00 0.0000E+00 5.9855E-13 1.6930E-12 3.3134E-12 4.1081E-12 5.5048E-12 7.4733E-12 8.7418E-12 1.0662E-11 1.2757E-11 1.4638E-11 1.7663E-11 2.0014E-11 2.3120E-11 2.6501E-11 2.9767E-11 3.4385E-11 3.9962E-11 4.5548E-11 5.1675E-11 5.7853E-11 6.5166E-11 7.3113E-11 8.1540E-11 9.0476E-11 9.9949E-11 1.1016E-10 1.2075E-10 1.3177E-10 1.4437E-10 1.5741E-10 1.7134E-10 1.8577E-10
0.0000E+00 0.0000E+00 0.0000E+00 0.0000E+00 0.0000E+00 0.0000E+00 0.0000E+00 0.0000E+00 0.0000E+00 0.0000E+00 0.0000E+00 0.0000E+00 0.0000E+00 0.0000E+00 0.0000E+00 0.0000E+00 0.0000E+00 0.0000E+00 0.0000E+00 0.0000E+00 0.0000E+00 0.0000E+00 0.0000E+00 0.0000E+00 0.0000E+00 6.0717E-13 1.7185E-12 3.3657E-12 4.6019E-12 5.5976E-12 7.6076E-12 9.3467E-12 1.0866E-11 1.3473E-11 1.5395E-11 1.8039E-11 2.0921E-11 2.3636E-11 2.7610E-11 3.1948E-11 3.6248E-11 4.1502E-11 4.7290E-11 5.4156E-11 6.1123E-11 6.8716E-11 7.6788E-11 8.4835E-11 9.4128E-11 1.0397E-10 1.1383E-10 1.2525E-10 1.3749E-10 1.5018E-10 1.6376E-10 1.7785E-10 1.9327E-10
0.0000E+00 0.0000E+00 0.0000E+00 0.0000E+00 0.0000E+00 0.0000E+00 0.0000E+00 0.0000E+00 0.0000E+00 0.0000E+00 0.0000E+00 0.0000E+00 0.0000E+00 0.0000E+00 0.0000E+00 0.0000E+00 0.0000E+00 0.0000E+00 0.0000E+00 0.0000E+00 0.0000E+00 0.0000E+00 0.0000E+00 0.0000E+00 5.5157E-13 6.1510E-13 1.7421E-12 3.4142E-12 5.1076E-12 5.6842E-12 7.7338E-12 9.9584E-12 1.1501E-11 1.3727E-11 1.6155E-11 1.8398E-11 2.1826E-11 2.4609E-11 2.8216E-11 3.2680E-11 3.8108E-11 4.3558E-11 4.9560E-11 5.6153E-11 6.3370E-11 7.1070E-11 7.9452E-11 8.8359E-11 9.7824E-11 1.0768E-10 1.1871E-10 1.3057E-10 1.4288E-10 1.5609E-10 1.6980E-10 1.8486E-10 2.0047E-10
0.0000E+00 0.0000E+00 0.0000E+00 0.0000E+00 0.0000E+00 0.0000E+00 0.0000E+00 0.0000E+00 0.0000E+00 0.0000E+00 0.0000E+00 0.0000E+00 0.0000E+00 0.0000E+00 0.0000E+00 0.0000E+00 0.0000E+00 0.0000E+00 0.0000E+00 0.0000E+00 0.0000E+00 0.0000E+00 0.0000E+00 0.0000E+00 5.5803E-13 1.0415E-12 1.7636E-12 3.4589E-12 5.1797E-12 6.1945E-12 7.8515E-12 1.0121E-11 1.2141E-11 1.3966E-11 1.6915E-11 1.9203E-11 2.2252E-11 2.6062E-11 2.9299E-11 3.3902E-11 3.9486E-11 4.5122E-11 5.1843E-11 5.8687E-11 6.6177E-11 7.4160E-11 8.2670E-11 9.1738E-11 1.0157E-10 1.1220E-10 1.2365E-10 1.3555E-10 1.4836E-10 1.6207E-10 1.7633E-10 1.9196E-10 2.0818E-10
0.0000E+00 0.0000E+00 0.0000E+00 0.0000E+00 0.0000E+00 0.0000E+00 0.0000E+00 0.0000E+00 0.0000E+00 0.0000E+00 0.0000E+00 0.0000E+00 0.0000E+00 0.0000E+00 0.0000E+00 0.0000E+00 0.0000E+00 0.0000E+00 0.0000E+00 0.0000E+00 0.0000E+00 0.0000E+00 0.0000E+00 0.0000E+00 5.6381E-13 1.0534E-12 1.7830E-12 3.4994E-12 5.2457E-12 7.1554E-12 7.9603E-12 1.0272E-11 1.2330E-11 1.4190E-11 1.7204E-11 2.0006E-11 2.2656E-11 2.6561E-11 3.0845E-11 3.5110E-11 4.1367E-11 4.7205E-11 5.4165E-11 6.1252E-11 6.8829E-11 7.6932E-11 8.5762E-11 9.5537E-11 1.0574E-10 1.1676E-10 1.2824E-10 1.4023E-10 1.5390E-10 1.6813E-10 1.8293E-10 1.9914E-10 2.1639E-10
0.0000E+00 0.0000E+00 0.0000E+00 0.0000E+00 0.0000E+00 0.0000E+00 0.0000E+00 0.0000E+00 0.0000E+00 0.0000E+00 0.0000E+00 0.0000E+00 0.0000E+00 0.0000E+00 0.0000E+00 0.0000E+00 0.0000E+00 0.0000E+00 0.0000E+00 0.0000E+00 0.0000E+00 0.0000E+00 0.0000E+00 0.0000E+00 5.6889E-13 1.6146E-12 1.8002E-12 3.5356E-12 5.3054E-12 7.2447E-12 8.4934E-12 1.0412E-11 1.2972E-11 1.4855E-11 1.7474E-11 2.0334E-11 2.3505E-11 2.7033E-11 3.1930E-11 3.6817E-11 4.2758E-11 4.8789E-11 5.5964E-11 6.3299E-11 7.1513E-11 8.0271E-11 8.9248E-11 9.9004E-11 1.0995E-10 1.2098E-10 1.3252E-10 1.4574E-10 1.5950E-10 1.7384E-10 1.8960E-10 2.0640E-10 2.2388E-10
0.0000E+00 0.0000E+00 0.0000E+00 0.0000E+00 0.0000E+00 0.0000E+00 0.0000E+00 0.0000E+00 0.0000E+00 0.0000E+00 0.0000E+00 0.0000E+00 0.0000E+00 0.0000E+00 0.0000E+00 0.0000E+00 0.0000E+00 0.0000E+00 0.0000E+00 0.0000E+00 0.0000E+00 0.0000E+00 0.0000E+00 0.0000E+00 5.7325E-13 1.6280E-12 2.6635E-12 3.5674E-12 5.3586E-12 7.3252E-12 9.0334E-12 1.0539E-11 1.3144E-11 1.5520E-11 1.7725E-11 2.1125E-11 2.4358E-11 2.7983E-11 3.2991E-11 3.8538E-11 4.4653E-11 5.0896E-11 5.8319E-11 6.5722E-11 7.4035E-11 8.3095E-11 9.2393E-11 1.0288E-10 1.1306E-10 1.2488E-10 1.3762E-10 1.5089E-10 1.6515E-10 1.8002E-10 1.9633E-10 2.1332E-10 2.3184E-10
0.0000E+00 0.0000E+00 0.0000E+00 0.0000E+00 0.0000E+00 0.0000E+00 0.0000E+00 0.0000E+00 0.0000E+00 0.0000E+00 0.0000E+00 0.0000E+00 0.0000E+00 0.0000E+00 0.0000E+00 0.0000E+00 0.0000E+00 0.0000E+00 0.0000E+00 0.0000E+00 0.0000E+00 0.0000E+00 0.0000E+00 0.0000E+00 5.7687E-13 1.6393E-12 2.6848E-12 3.5947E-12 5.4050E-12 7.3965E-12 9.5797E-12 1.0653E-11 1.3301E-11 1.6184E-11 1.8415E-11 2.1421E-11 2.5202E-11 2.8902E-11 3.4059E-11 3.9737E-11 4.6050E-11 5.2490E-11 6.0499E-11 6.8163E-11 7.6752E-11 8.5934E-11 9.5563E-11 1.0603E-10 1.1736E-10 1.2959E-10 1.4236E-10 1.5570E-10 1.7045E-10 1.8624E-10 2.0271E-10 2.2072E-10 2.3947E-10
0.0000E+00 0.0000E+00 0.0000E+00 0.0000E+00 0.0000E+00 0.0000E+00 0.0000E+00 0.0000E+00 0.0000E+00 0.0000E+00 0.0000E+00 0.0000E+00 0.0000E+00 0.0000E+00 0.0000E+00 0.0000E+00 0.0000E+00 0.0000E+00 0.0000E+00 0.0000E+00 0.0000E+00 0.0000E+00 0.0000E+00 0.0000E+00 5.7975E-13 1.6485E-12 2.7026E-12 3.6173E-12 5.4445E-12 7.4585E-12 9.6704E-12 1.1198E-11 1.3441E-11 1.6372E-11 1.9101E-11 2.1691E-11 2.5546E-11 3.0314E-11 3.5087E-11 4.1466E-11 4.7956E-11 5.5147E-11 6.2697E-11 7.0973E-11 7.9683E-11 8.8815E-11 9.9151E-11 1.0997E-10 1.2169E-10 1.3392E-10 1.4674E-10 1.6094E-10 1.7618E-10 1.9210E-10 2.0956E-10 2.2775E-10 2.4757E-10
0.0000E+00 0.0000E+00 0.0000E+00 0.0000E+00 0.0000E+00 0.0000E+00 0.0000E+00 0.0000E+00 0.0000E+00 0.0000E+00 0.0000E+00 0.0000E+00 0.0000E+00 0.0000E+00 0.0000E+00 0.0000E+00 0.0000E+00 0.0000E+00 0.0000E+00 0.0000E+00 0.0000E+00 0.0000E+00 0.0000E+00 0.0000E+00 5.8186E-13 1.6555E-12 2.7169E-12 4.4993E-12 5.4769E-12 7.5109E-12 9.7486E-12 1.2203E-11 1.3564E-11 1.6539E-11 1.9781E-11 2.1935E-11 2.6362E-11 3.0729E-11 3.6645E-11 4.3163E-11 4.9351E-11 5.7104E-11 6.5260E-11 7.3279E-11 8.2639E-11 9.2089E-11 1.0276E-10 1.1394E-10 1.2524E-10 1.3791E-10 1.5154E-10 1.6621E-10 1.8196E-10 1.9841E-10 2.1602E-10 2.3526E-10 2.5531E-10
0.0000E+00 0.0000E+00 0.0000E+00 0.0000E+00 0.0000E+00 0.0000E+00 0.0000E+00 0.0000E+00 0.0000E+00 0.0000E+00 0.0000E+00 0.0000E+00 0.0000E+00 0.0000E+00 0.0000E+00 0.0000E+00 0.0000E+00 0.0000E+00 0.0000E+00 0.0000E+00 0.0000E+00 0.0000E+00 0.0000E+00 0.0000E+00 5.8320E-13 1.6603E-12 2.7276E-12 4.5200E-12 5.5021E-12 7.5534E-12 9.8142E-12 1.2298E-11 1.3670E-11 1.6685E-11 1.9976E-11 2.3116E-11 2.6660E-11 3.2131E-11 3.7163E-11 4.4385E-11 5.1789E-11 5.9081E-11 6.6931E-11 7.5954E-11 8.5240E-11 9.5384E-11 1.0562E-10 1.1676E-10 1.2924E-10 1.4229E-10 1.5637E-10 1.7152E-10 1.8777E-10 2.0477E-10 2.2339E-10 2.4238E-10 2.6365E-10
0.0000E+00 0.0000E+00 0.0000E+00 0.0000E+00 0.0000E+00 0.0000E+00 0.0000E+00 0.0000E+00 0.0000E+00 0.0000E+00 0.0000E+00 0.0000E+00 0.0000E+00 0.0000E+00 0.0000E+00 0.0000E+00 0.0000E+00 0.0000E+00 0.0000E+00 0.0000E+00 0.0000E+00 0.0000E+00 0.0000E+00 0.0000E+00 5.8376E-13 1.6629E-12 2.7347E-12 4.9531E-12 5.9601E-12 7.5858E-12 9.8669E-12 1.2376E-11 1.4670E-11 1.6810E-11 2.0146E-11 2.3810E-11 2.7920E-11 3.3020E-11 3.9206E-11 4.6079E-11 5.3020E-11 6.1411E-11 6.9159E-11 7.8266E-11 8.8237E-11 9.7921E-11 1.0889E-10 1.2078E-10 1.3323E-10 1.4670E-10 1.6123E-10 1.7684E-10 1.9319E-10 2.1116E-10 2.2991E-10 2.5010E-10 2.7160E-10
0.0000E+00 0.0000E+00 0.0000E+00 0.0000E+00 0.0000E+00 0.0000E+00 0.0000E+00 0.0000E+00 0.0000E+00 0.0000E+00 0.0000E+00 0.0000E+00 0.0000E+00 0.0000E+00 0.0000E+00 0.0000E+00 0.0000E+00 0.0000E+00 0.0000E+00 0.0000E+00 0.0000E+00 0.0000E+00 0.0000E+00 0.0000E+00 5.8355E-13 1.6633E-12 2.7381E-12 4.9624E-12 6.4089E-12 7.6082E-12 9.9064E-12 1.2439E-11 1.5221E-11 1.6913E-11 2.0289E-11 2.4495E-11 2.8658E-11 3.4370E-11 4.0741E-11 4.7286E-11 5.5294E-11 6.3225E-11 7.1585E-11 8.0982E-11 9.0866E-11 1.0126E-10 1.1256E-10 1.2440E-10 1.3684E-10 1.5113E-10 1.6609E-10 1.8177E-10 1.9906E-10 2.1712E-10 2.3661E-10 2.5741E-10 2.7957E-10
0.0000E+00 0.0000E+00 0.0000E+00 0.0000E+00 0.0000E+00 0.0000E+00 0.0000E+00 0.0000E+00 0.0000E+00 0.0000E+00 0.0000E+00 0.0000E+00 0.0000E+00 0.0000E+00 0.0000E+00 0.0000E+00 0.0000E+00 0.0000E+00 0.0000E+00 0.0000E+00 0.0000E+00 0.0000E+00 0.0000E+00 0.0000E+00 5.8256E-13 1.6615E-12 2.7378E-12 4.9651E-12 6.4185E-12 7.6202E-12 9.9326E-12 1.2485E-11 1.5293E-11 1.7450E-11 2.0406E-11 2.4671E-11 2.9898E-11 3.5239E-11 4.1734E-11 4.9341E-11 5.6516E-11 6.5581E-11 7.4029E-11 8.3715E-11 9.3517E-11 1.0460E-10 1.1542E-10 1.2764E-10 1.4128E-10 1.5556E-10 1.7056E-10 1.8714E-10 2.0448E-10 2.2325E-10 2.4332E-10 2.6473E-10 2.8694E-10
0.0000E+00 0.0000E+00 0.0000E+00 0.0000E+00 0.0000E+00 0.0000E+00 0.0000E+00 0.0000E+00 0.0000E+00 0.0000E+00 0.0000E+00 0.0000E+00 0.0000E+00 0.0000E+00 0.0000E+00 0.0000E+00 0.0000E+00 0.0000E+00 0.0000E+00 0.0000E+00 0.0000E+00 0.0000E+00 0.0000E+00 0.0000E+00 5.8080E-13 1.6574E-12 2.7338E-12 4.9611E-12 6.4193E-12 8.0699E-12 9.9453E-12 1.2514E-11 1.5345E-11 1.8454E-11 2.0979E-11 2.4815E-11 3.0126E-11 3.6078E-11 4.3259E-11 5.0353E-11 5.8993E-11 6.7389E-11 7.6490E-11 8.6070E-11 9.5755E-11 1.0676E-10 1.1873E-10 1.3170E-10 1.4530E-10 1.5960E-10 1.7545E-10 1.9205E-10 2.1007E-10 2.2937E-10 2.5001E-10 2.7204E-10 2.9551E-10
0.0000E+00 0.0000E+00 0.0000E+00 0.0000E+00 0.0000E+00 0.0000E+00 0.0000E+00 0.0000E+00 0.0000E+00 0.0000E+00 0.0000E+00 0.0000E+00 0.0000E+00 0.0000E+00 0.0000E+00 0.0000E+00 0.0000E+00 0.0000E+00 0.0000E+00 0.0000E+00 0.0000E+00 0.0000E+00 0.0000E+00 0.0000E+00 5.7826E-13 1.6512E-12 2.7262E-12 4.5326E-12 6.4115E-12 8.5049E-12 9.9446E-12 1.2526E-11 1.5375E-11 1.8510E-11 2.1051E-11 2.5434E-11 3.0843E-11 3.7920E-11 4.4585E-11 5.2420E-11 6.1118E-11 6.9595E-11 7.8571E-11 8.8430E-11 9.8813E-11 1.1013E-10 1.2243E-10 1.3492E-10 1.4893E-10 1.6405E-10 1.8048E-10 1.9714E-10 2.1565E-10 2.3548E-10 2.5670E-10 2.7934E-10 3.0347E-10
0.0000E+00 0.0000E+00 0.0000E+00 0.0000E+00 0.0000E+00 0.0000E+00 0.0000E+00 0.0000E+00 0.0000E+00 0.0000E+00 0.0000E+00 0.0000E+00 0.0000E+00 0.0000E+00 0.0000E+00 0.0000E+00 0.0000E+00 0.0000E+00 0.0000E+00 0.0000E+00 0.0000E+00 0.0000E+00 0.0000E+00 0.0000E+00 5.7497E-13 1.6427E-12 2.7150E-12 4.5169E-12 6.3951E-12 8.4914E-12 9.9304E-12 1.2521E-11 1.5385E-11 1.8540E-11 2.2034E-11 2.6012E-11 3.2037E-11 3.8220E-11 4.6438E-11 5.4310E-11 6.3080E-11 7.1435E-11 8.1060E-11 9.1196E-11 1.0187E-10 1.1307E-10 1.2489E-10 1.3859E-10 1.5296E-10 1.6863E-10 1.8450E-10 2.0220E-10 2.2120E-10 2.4157E-10 2.6336E-10 2.8662E-10 3.1081E-10
0.0000E+00 0.0000E+00 0.0000E+00 0.0000E+00 0.0000E+00 0.0000E+00 0.0000E+00 0.0000E+00 0.0000E+00 0.0000E+00 0.0000E+00 0.0000E+00 0.0000E+00 0.0000E+00 0.0000E+00 0.0000E+00 0.0000E+00 0.0000E+00 0.0000E+00 0.0000E+00 0.0000E+00 0.0000E+00 0.0000E+00 0.0000E+00 5.7094E-13 1.6322E-12 2.7001E-12 4.4951E-12 6.3701E-12 8.4664E-12 1.0358E-11 1.2499E-11 1.5374E-11 1.8545E-11 2.2556E-11 2.6594E-11 3.2195E-11 4.0047E-11 4.7780E-11 5.6055E-11 6.5058E-11 7.3665E-11 8.3552E-11 9.3571E-11 1.0370E-10 1.1564E-10 1.2861E-10 1.4223E-10 1.5712E-10 1.7220E-10 1.8907E-10 2.0722E-10 2.2673E-10 2.4763E-10 2.6999E-10 2.9387E-10 3.1872E-10
0.0000E+00 0.0000E+00 0.0000E+00 0.0000E+00 0.0000E+00 0.0000E+00 0.0000E+00 0.0000E+00 0.0000E+00 0.0000E+00 0.0000E+00 0.0000E+00 0.0000E+00 0.0000E+00 0.0000E+00 0.0000E+00 0.0000E+00 0.0000E+00 0.0000E+00 0.0000E+00 0.0000E+00 0.0000E+00 0.0000E+00 0.0000E+00 5.6619E-13 1.0731E-12 2.6817E-12 4.4674E-12 6.3366E-12 8.4301E-12 1.0320E-11 1.2461E-11 1.5342E-11 1.8525E-11 2.2563E-11 2.7153E-11 3.3846E-11 4.1033E-11 4.9463E-11 5.7972E-11 6.6658E-11 7.5505E-11 8.5253E-11 9.5534E-11 1.0677E-10 1.1902E-10 1.3189E-10 1.4558E-10 1.6028E-10 1.7632E-10 1.9360E-10 2.1222E-10 2.3222E-10 2.5365E-10 2.7659E-10 3.0109E-10 3.2720E-10
0.0000E+00 0.0000E+00 0.0000E+00 0.0000E+00 0.0000E+00 0.0000E+00 0.0000E+00 0.0000E+00 0.0000E+00 0.0000E+00 0.0000E+00 0.0000E+00 0.0000E+00 0.0000E+00 0.0000E+00 0.0000E+00 0.0000E+00 0.0000E+00 0.0000E+00 0.0000E+00 0.0000E+00 0.0000E+00 0.0000E+00 0.0000E+00 5.6071E-13 1.0637E-12 2.6599E-12 4.4339E-12 6.2948E-12 8.3825E-12 1.0269E-11 1.2405E-11 1.5289E-11 1.8479E-11 2.3037E-11 2.8147E-11 3.4470E-11 4.2686E-11 5.0633E-11 5.9724E-11 6.8661E-11 7.7757E-11 8.7759E-11 9.8309E-11 1.0984E-10 1.2196E-10 1.3430E-10 1.4877E-10 1.6397E-10 1.8039E-10 1.9811E-10 2.1718E-10 2.3766E-10 2.5964E-10 2.8315E-10 3.0827E-10 3.3443E-10
0.0000E+00 0.0000E+00 0.0000E+00 0.0000E+00 0.0000E+00 0.0000E+00 0.0000E+00 0.0000E+00 0.0000E+00 0.0000E+00 0.0000E+00 0.0000E+00 0.0000E+00 0.0000E+00 0.0000E+00 0.0000E+00 0.0000E+00 0.0000E+00 0.0000E+00 0.0000E+00 0.0000E+00 0.0000E+00 0.0000E+00 0.0000E+00 5.5456E-13 1.0531E-12 2.6347E-12 4.3947E-12 6.2448E-12 8.3240E-12 1.0204E-11 1.2333E-11 1.5215E-11 1.8409E-11 2.2994E-11 2.8674E-11 3.5099E-11 4.3829E-11 5.2336E-11 6.1857E-11 7.0284E-11 8.0010E-11 8.9869E-11 9.9833E-11 1.1164E-10 1.2405E-10 1.3772E-10 1.5208E-10 1.6762E-10 1.8444E-10 2.0257E-10 2.2209E-10 2.4308E-10 2.6558E-10 2.8966E-10 3.1478E-10 3.4222E-10
0.0000E+00 0.0000E+00 0.0000E+00 0.0000E+00 0.0000E+00 0.0000E+00 0.0000E+00 0.0000E+00 0.0000E+00 0.0000E+00 0.0000E+00 0.0000E+00 0.0000E+00 0.0000E+00 0.0000E+00 0.0000E+00 0.0000E+00 0.0000E+00 0.0000E+00 0.0000E+00 0.0000E+00 0.0000E+00 0.0000E+00 0.0000E+00 0.0000E+00 1.0411E-12 2.1912E-12 4.3500E-12 6.1868E-12 8.2546E-12 1.0125E-11 1.2709E-11 1.5121E-11 1.8796E-11 2.3424E-11 2.9674E-11 3.6910E-11 4.5312E-11 5.4423E-11 6.3250E-11 7.1897E-11 8.1454E-11 9.1551E-11 1.0262E-10 1.1427E-10 1.2713E-10 1.4066E-10 1.5533E-10 1.7124E-10 1.8844E-10 2.0698E-10 2.2696E-10 2.4843E-10 2.7145E-10 2.9611E-10 3.2185E-10 3.4994E-10
0.0000E+00 0.0000E+00 0.0000E+00 0.0000E+00 0.0000E+00 0.0000E+00 0.0000E+00 0.0000E+00 0.0000E+00 0.0000E+00 0.0000E+00 0.0000E+00 0.0000E+00 0.0000E+00 0.0000E+00 0.0000E+00 0.0000E+00 0.0000E+00 0.0000E+00 0.0000E+00 0.0000E+00 0.0000E+00 0.0000E+00 0.0000E+00 0.0000E+00 1.0279E-12 2.1644E-12 3.8780E-12 6.1210E-12 8.1747E-12 1.0034E-11 1.2606E-11 1.5008E-11 1.8681E-11 2.3329E-11 2.9637E-11 3.8241E-11 4.7173E-11 5.5977E-11 6.4657E-11 7.3926E-11 8.3318E-11 9.4067E-11 1.0496E-10 1.1703E-10 1.2974E-10 1.4354E-10 1.5856E-10 1.7481E-10 1.9237E-10 2.1135E-10 2.3177E-10 2.5372E-10 2.7728E-10 3.0189E-10 3.2885E-10 3.5760E-10
0.0000E+00 0.0000E+00 0.0000E+00 0.0000E+00 0.0000E+00 0.0000E+00 0.0000E+00 0.0000E+00 0.0000E+00 0.0000E+00 0.0000E+00 0.0000E+00 0.0000E+00 0.0000E+00 0.0000E+00 0.0000E+00 0.0000E+00 0.0000E+00 0.0000E+00 0.0000E+00 0.0000E+00 0.0000E+00 0.0000E+00 0.0000E+00 0.0000E+00 1.0135E-12 2.1350E-12 3.8273E-12 5.6194E-12 7.6472E-12 9.9300E-12 1.2488E-11 1.4875E-11 1.8542E-11 2.3720E-11 3.0605E-11 3.9177E-11 4.8168E-11 5.7515E-11 6.6465E-11 7.5551E-11 8.5584E-11 9.5731E-11 1.0701E-10 1.1933E-10 1.3171E-10 1.4641E-10 1.6173E-10 1.7831E-10 1.9628E-10 2.1565E-10 2.3651E-10 2.5896E-10 2.8243E-10 3.0822E-10 3.3577E-10 3.6518E-10
0.0000E+00 0.0000E+00 0.0000E+00 0.0000E+00 0.0000E+00 0.0000E+00 0.0000E+00 0.0000E+00 0.0000E+00 0.0000E+00 0.0000E+00 0.0000E+00 0.0000E+00 0.0000E+00 0.0000E+00 0.0000E+00 0.0000E+00 0.0000E+00 0.0000E+00 0.0000E+00 0.0000E+00 0.0000E+00 0.0000E+00 0.0000E+00 0.0000E+00 5.8388E-13 2.1032E-12 3.2293E-12 5.5430E-12 7.5503E-12 9.8136E-12 1.2354E-11 1.4723E-11 1.8866E-11 2.4091E-11 3.1753E-11 4.0138E-11 4.9691E-11 5.9091E-11 6.7869E-11 7.7167E-11 8.7010E-11 9.7944E-11 1.0889E-10 1.2102E-10 1.3482E-10 1.4922E-10 1.6425E-10 1.8179E-10 2.0011E-10 2.1928E-10 2.4120E-10 2.6351E-10 2.8811E-10 3.1445E-10 3.4262E-10 3.7267E-10
