Assets/Resources/2015_m01_d18_0700(utc+0800)_l00_csi_1hr_conc.grd
DSAA
         159         159
     -79.000      79.000
     -79.000      79.000
  0.5150E-10  0.3909E-05
[rows 0 to 24 of 159, columns 0 to 56 of 159]
5.1502E-11 5.4118E-11 5.7128E-11 5.9959E-11 6.2778E-11 6.5813E-11 6.9132E-11 7.2267E-11 7.5530E-11 7.9448E-11 8.2670E-11 8.6558E-11 9.2176E-11 9.6739E-11 1.0276E-10 1.0775E-10 1.1441E-10 1.1982E-10 1.2689E-10 1.3244E-10 1.3948E-10 1.4586E-10 1.5197E-10 1.5826E-10 1.6441E-10 1.7097E-10 1.7746E-10 1.8412E-10 1.9096E-10 1.9796E-10 2.0514E-10 2.1274E-10 2.2016E-10 2.2785E-10 2.3570E-10 2.4362E-10 2.5196E-10 2.6021E-10 2.6847E-10 2.7729E-10 2.8616E-10 2.9503E-10 3.0391E-10 3.1322E-10 3.2268E-10 3.3197E-10 3.4155E-10 3.5140E-10 3.6123E-10 3.7117E-10 3.8123E-10 3.9138E-10 4.0180E-10 4.1214E-10 4.2258E-10 4.3309E-10 4.4382E-10
5.3167E-11 5.6151E-11 5.8567E-11 6.1756E-11 6.4770E-11 6.8066E-11 7.0915E-11 7.4428E-11 7.7782E-11 8.1536E-11 8.5133E-11 9.1007E-11 9.5284E-11 1.0157E-10 1.0656E-10 1.1321E-10 1.1863E-10 1.2571E-10 1.3128E-10 1.3903E-10 1.4474E-10 1.5120E-10 1.5721E-10 1.6340E-10 1.7000E-10 1.7654E-10 1.8326E-10 1.9015E-10 1.9747E-10 2.0472E-10 2.1215E-10 2.1966E-10 2.2744E-10 2.3554E-10 2.4368E-10 2.5188E-10 2.6025E-10 2.6905E-10 2.7761E-10 2.8663E-10 2.9566E-10 3.0485E-10 3.1419E-10 3.2384E-10 3.3348E-10 3.4326E-10 3.5334E-10 3.6339E-10 3.7357E-10 3.8387E-10 3.9444E-10 4.0497E-10 4.1560E-10 4.2633E-10 4.3714E-10 4.4803E-10 4.5915E-10
5.5149E-11 5.7544E-11 6.0705E-11 6.3305E-11 6.6967E-11 6.9797E-11 7.3288E-11 7.6338E-11 8.0357E-11 8.3939E-11 8.9477E-11 9.4048E-11 1.0031E-10 1.0530E-10 1.1194E-10 1.1736E-10 1.2444E-10 1.3002E-10 1.3779E-10 1.4352E-10 1.5000E-10 1.5604E-10 1.6250E-10 1.6890E-10 1.7549E-10 1.8225E-10 1.8945E-10 1.9658E-10 2.0390E-10 2.1140E-10 2.1898E-10 2.2710E-10 2.3505E-10 2.4344E-10 2.5161E-10 2.6009E-10 2.6901E-10 2.7801E-10 2.8687E-10 2.9606E-10 3.0556E-10 3.1522E-10 3.2475E-10 3.3458E-10 3.4471E-10 3.5500E-10 3.6512E-10 3.7553E-10 3.8623E-10 3.9691E-10 4.0770E-10 4.1860E-10 4.2962E-10 4.4089E-10 4.5209E-10 4.6338E-10 4.7474E-10
5.6497E-11 5.9628E-11 6.2206E-11 6.5836E-11 6.8646E-11 7.2111E-11 7.5142E-11 7.9136E-11 8.2414E-11 8.8205E-11 9.2473E-11 9.8996E-11 1.0368E-10 1.1060E-10 1.1573E-10 1.2309E-10 1.2867E-10 1.3645E-10 1.4250E-10 1.4893E-10 1.5475E-10 1.6124E-10 1.6767E-10 1.7429E-10 1.8135E-10 1.8835E-10 1.9553E-10 2.0291E-10 2.1063E-10 2.1839E-10 2.2634E-10 2.3438E-10 2.4286E-10 2.5127E-10 2.5998E-10 2.6876E-10 2.7789E-10 2.8704E-10 2.9637E-10 3.0587E-10 3.1570E-10 3.2555E-10 3.3557E-10 3.4590E-10 3.5624E-10 3.6673E-10 3.7737E-10 3.8830E-10 3.9923E-10 4.1028E-10 4.2146E-10 4.3291E-10 4.4432E-10 4.5583E-10 4.6744E-10 4.7931E-10 4.9109E-10
5.8258E-11 6.1080E-11 6.4675E-11 6.7462E-11 7.0899E-11 7.3909E-11 7.7874E-11 8.1132E-11 8.5528E-11 9.1131E-11 9.7622E-11 1.0229E-10 1.0919E-10 1.1430E-10 1.2165E-10 1.2723E-10 1.3501E-10 1.4107E-10 1.4751E-10 1.5335E-10 1.5986E-10 1.6632E-10 1.7321E-10 1.8006E-10 1.8710E-10 1.9433E-10 2.0202E-10 2.0954E-10 2.1737E-10 2.2554E-10 2.3376E-10 2.4208E-10 2.5059E-10 2.5955E-10 2.6830E-10 2.7754E-10 2.8682E-10 2.9644E-10 3.0624E-10 3.1593E-10 3.2594E-10 3.3629E-10 3.4681E-10 3.5719E-10 3.6789E-10 3.7890E-10 3.9007E-10 4.0108E-10 4.1255E-10 4.2415E-10 4.3572E-10 4.4742E-10 4.5924E-10 4.7115E-10 4.8336E-10 4.9548E-10 5.0751E-10
5.9930E-11 6.2945E-11 6.6249E-11 6.9377E-11 7.2641E-11 7.6574E-11 7.9810E-11 8.4175E-11 8.9740E-11 9.4839E-11 1.0084E-10 1.0680E-10 1.1281E-10 1.1968E-10 1.2571E-10 1.3302E-10 1.3954E-10 1.4599E-10 1.5209E-10 1.5861E-10 1.6484E-10 1.7176E-10 1.7864E-10 1.8571E-10 1.9324E-10 2.0071E-10 2.0829E-10 2.1618E-10 2.2442E-10 2.3271E-10 2.4111E-10 2.4971E-10 2.5876E-10 2.6792E-10 2.7697E-10 2.8637E-10 2.9612E-10 3.0606E-10 3.1605E-10 3.2607E-10 3.3659E-10 3.4729E-10 3.5802E-10 3.6892E-10 3.8014E-10 3.9138E-10 4.0279E-10 4.1434E-10 4.2620E-10 4.3805E-10 4.5003E-10 4.6214E-10 4.7456E-10 4.8691E-10 4.9935E-10 5.1192E-10 5.2474E-10
6.1348E-11 6.5009E-11 6.7840E-11 7.1341E-11 7.4961E-11 7.8450E-11 8.2340E-11 8.8302E-11 9.3368E-11 9.9335E-11 1.0481E-10 1.1125E-10 1.1719E-10 1.2411E-10 1.3096E-10 1.3792E-10 1.4437E-10 1.5047E-10 1.5700E-10 1.6324E-10 1.7018E-10 1.7708E-10 1.8443E-10 1.9174E-10 1.9926E-10 2.0688E-10 2.1507E-10 2.2312E-10 2.3163E-10 2.4010E-10 2.4888E-10 2.5777E-10 2.6702E-10 2.7633E-10 2.8584E-10 2.9556E-10 3.0564E-10 3.1576E-10 3.2624E-10 3.3677E-10 3.4749E-10 3.5840E-10 3.6964E-10 3.8093E-10 3.9238E-10 4.0401E-10 4.1596E-10 4.2808E-10 4.4019E-10 4.5246E-10 4.6504E-10 4.7758E-10 4.9024E-10 5.0305E-10 5.1593E-10 5.2911E-10 5.4221E-10
6.3744E-11 6.6546E-11 7.0011E-11 7.3044E-11 7.7054E-11 8.0634E-11 8.6508E-11 9.1409E-11 9.7772E-11 1.0322E-10 1.0962E-10 1.1554E-10 1.2243E-10 1.2880E-10 1.3620E-10 1.4264E-10 1.4874E-10 1.5528E-10 1.6153E-10 1.6848E-10 1.7539E-10 1.8276E-10 1.9010E-10 1.9765E-10 2.0531E-10 2.1355E-10 2.2164E-10 2.3021E-10 2.3874E-10 2.4760E-10 2.5657E-10 2.6591E-10 2.7531E-10 2.8507E-10 2.9491E-10 3.0496E-10 3.1522E-10 3.2584E-10 3.3667E-10 3.4740E-10 3.5848E-10 3.6992E-10 3.8155E-10 3.9322E-10 4.0507E-10 4.1726E-10 4.2946E-10 4.4183E-10 4.5437E-10 4.6724E-10 4.8007E-10 4.9304E-10 5.0617E-10 5.1974E-10 5.3292E-10 5.4639E-10 5.6011E-10
6.5228E-11 6.8654E-11 7.1656E-11 7.5625E-11 7.8887E-11 8.4987E-11 8.9572E-11 9.5848E-11 1.0113E-10 1.0761E-10 1.1382E-10 1.2036E-10 1.2702E-10 1.3408E-10 1.4083E-10 1.4692E-10 1.5345E-10 1.5970E-10 1.6665E-10 1.7358E-10 1.8096E-10 1.8832E-10 1.9589E-10 2.0384E-10 2.1185E-10 2.1999E-10 2.2861E-10 2.3720E-10 2.4627E-10 2.5531E-10 2.6458E-10 2.7407E-10 2.8393E-10 2.9402E-10 3.0403E-10 3.1442E-10 3.2517E-10 3.3615E-10 3.4718E-10 3.5843E-10 3.7005E-10 3.8171E-10 3.9358E-10 4.0579E-10 4.1821E-10 4.3065E-10 4.4327E-10 4.5607E-10 4.6922E-10 4.8234E-10 4.9565E-10 5.0907E-10 5.2281E-10 5.3652E-10 5.5016E-10 5.6426E-10 5.7848E-10
6.6994E-11 7.0242E-11 7.4166E-11 7.7397E-11 8.1770E-11 8.7688E-11 9.4189E-11 9.9434E-11 1.0586E-10 1.1159E-10 1.1853E-10 1.2472E-10 1.3219E-10 1.3892E-10 1.4499E-10 1.5151E-10 1.5776E-10 1.6471E-10 1.7164E-10 1.7903E-10 1.8640E-10 1.9399E-10 2.0196E-10 2.1000E-10 2.1818E-10 2.2684E-10 2.3547E-10 2.4460E-10 2.5370E-10 2.6304E-10 2.7260E-10 2.8255E-10 2.9274E-10 3.0301E-10 3.1350E-10 3.2423E-10 3.3535E-10 3.4653E-10 3.5808E-10 3.6987E-10 3.8156E-10 3.9361E-10 4.0619E-10 4.1866E-10 4.3133E-10 4.4420E-10 4.5743E-10 4.7066E-10 4.8407E-10 4.9783E-10 5.1174E-10 5.2547E-10 5.3952E-10 5.5386E-10 5.6816E-10 5.8258E-10 5.9710E-10
6.8803E-11 7.2402E-11 7.5876E-11 8.0200E-11 8.6052E-11 9.0828E-11 9.7402E-11 1.0375E-10 1.0975E-10 1.1663E-10 1.2280E-10 1.3022E-10 1.3692E-10 1.4273E-10 1.4948E-10 1.5571E-10 1.6266E-10 1.6958E-10 1.7697E-10 1.8434E-10 1.9194E-10 1.9993E-10 2.0799E-10 2.1644E-10 2.2489E-10 2.3356E-10 2.4273E-10 2.5189E-10 2.6144E-10 2.7092E-10 2.8095E-10 2.9122E-10 3.0159E-10 3.1234E-10 3.2318E-10 3.3427E-10 3.4558E-10 3.5728E-10 3.6923E-10 3.8124E-10 3.9348E-10 4.0609E-10 4.1877E-10 4.3166E-10 4.4491E-10 4.5839E-10 4.7188E-10 4.8540E-10 4.9945E-10 5.1367E-10 5.2790E-10 5.4209E-10 5.5678E-10 5.7163E-10 5.8624E-10 6.0115E-10 6.1635E-10
7.0345E-11 7.4328E-11 7.7889E-11 8.4068E-11 8.9107E-11 9.5372E-11 1.0055E-10 1.0756E-10 1.1392E-10 1.2080E-10 1.2817E-10 1.3484E-10 1.4062E-10 1.4735E-10 1.5357E-10 1.6049E-10 1.6740E-10 1.7478E-10 1.8216E-10 1.8976E-10 1.9775E-10 2.0583E-10 2.1430E-10 2.2277E-10 2.3147E-10 2.4068E-10 2.5003E-10 2.5948E-10 2.6917E-10 2.7912E-10 2.8947E-10 2.9992E-10 3.1076E-10 3.2186E-10 3.3291E-10 3.4435E-10 3.5619E-10 3.6828E-10 3.8045E-10 3.9301E-10 4.0581E-10 4.1868E-10 4.3178E-10 4.4509E-10 4.5881E-10 4.7256E-10 4.8652E-10 5.0066E-10 5.1518E-10 5.2971E-10 5.4457E-10 5.5925E-10 5.7446E-10 5.8962E-10 6.0491E-10 6.2033E-10 6.3604E-10
7.2756E-11 7.5989E-11 8.1157E-11 8.6637E-11 9.3229E-11 9.8224E-11 1.0537E-10 1.1100E-10 1.1850E-10 1.2530E-10 1.3268E-10 1.3843E-10 1.4513E-10 1.5132E-10 1.5823E-10 1.6512E-10 1.7248E-10 1.7985E-10 1.8744E-10 1.9543E-10 2.0352E-10 2.1200E-10 2.2048E-10 2.2920E-10 2.3844E-10 2.4783E-10 2.5732E-10 2.6706E-10 2.7707E-10 2.8749E-10 2.9801E-10 3.0894E-10 3.2013E-10 3.3143E-10 3.4299E-10 3.5495E-10 3.6702E-10 3.7934E-10 3.9206E-10 4.0503E-10 4.1809E-10 4.3138E-10 4.4509E-10 4.5885E-10 4.7283E-10 4.8721E-10 5.0180E-10 5.1644E-10 5.3108E-10 5.4626E-10 5.6145E-10 5.7682E-10 5.9234E-10 6.0820E-10 6.2400E-10 6.3994E-10 6.5599E-10
7.4355E-11 7.8687E-11 8.4574E-11 9.0607E-11 9.6306E-11 1.0306E-10 1.0851E-10 1.1606E-10 1.2221E-10 1.3021E-10 1.3616E-10 1.4259E-10 1.4898E-10 1.5586E-10 1.6273E-10 1.7007E-10 1.7741E-10 1.8500E-10 1.9298E-10 2.0106E-10 2.0954E-10 2.1803E-10 2.2677E-10 2.3602E-10 2.4544E-10 2.5496E-10 2.6474E-10 2.7495E-10 2.8527E-10 2.9586E-10 3.0686E-10 3.1814E-10 3.2953E-10 3.4134E-10 3.5327E-10 3.6546E-10 3.7791E-10 3.9078E-10 4.0391E-10 4.1714E-10 4.3077E-10 4.4469E-10 4.5866E-10 4.7271E-10 4.8733E-10 5.0217E-10 5.1708E-10 5.3217E-10 5.4749E-10 5.6319E-10 5.7889E-10 5.9476E-10 6.1080E-10 6.2719E-10 6.4352E-10 6.5980E-10 6.7657E-10
7.6533E-11 8.2771E-11 8.7511E-11 9.4066E-11 1.0026E-10 1.0642E-10 1.1364E-10 1.1954E-10 1.2735E-10 1.3382E-10 1.4020E-10 1.4656E-10 1.5340E-10 1.6023E-10 1.6755E-10 1.7487E-10 1.8243E-10 1.9039E-10 1.9846E-10 2.0694E-10 2.1542E-10 2.2442E-10 2.3343E-10 2.4286E-10 2.5241E-10 2.6222E-10 2.7246E-10 2.8283E-10 2.9347E-10 3.0454E-10 3.1589E-10 3.2736E-10 3.3926E-10 3.5144E-10 3.6359E-10 3.7617E-10 3.8917E-10 4.0245E-10 4.1584E-10 4.2965E-10 4.4375E-10 4.5792E-10 4.7236E-10 4.8703E-10 5.0212E-10 5.1729E-10 5.3284E-10 5.4845E-10 5.6427E-10 5.8029E-10 5.9669E-10 6.1290E-10 6.2966E-10 6.4639E-10 6.6326E-10 6.8027E-10 6.9760E-10
8.0181E-11 8.5180E-11 9.2081E-11 9.6987E-11 1.0399E-10 1.1066E-10 1.1726E-10 1.2498E-10 1.3140E-10 1.3749E-10 1.4406E-10 1.5085E-10 1.5765E-10 1.6492E-10 1.7221E-10 1.7975E-10 1.8768E-10 1.9573E-10 2.0419E-10 2.1267E-10 2.2166E-10 2.3067E-10 2.4011E-10 2.4967E-10 2.5950E-10 2.6977E-10 2.8017E-10 2.9085E-10 3.0197E-10 3.1338E-10 3.2492E-10 3.3690E-10 3.4917E-10 3.6158E-10 3.7427E-10 3.8740E-10 4.0066E-10 4.1419E-10 4.2816E-10 4.4243E-10 4.5679E-10 4.7159E-10 4.8647E-10 5.0164E-10 5.1706E-10 5.3287E-10 5.4875E-10 5.6487E-10 5.8120E-10 5.9793E-10 6.1467E-10 6.3161E-10 6.4871E-10 6.6618E-10 6.8360E-10 7.0118E-10 7.1888E-10
8.2709E-11 8.9063E-11 9.4468E-11 1.0182E-10 1.0719E-10 1.1493E-10 1.2181E-10 1.2892E-10 1.3496E-10 1.4147E-10 1.4798E-10 1.5472E-10 1.6196E-10 1.6920E-10 1.7695E-10 1.8485E-10 1.9288E-10 2.0131E-10 2.0977E-10 2.1849E-10 2.2775E-10 2.3703E-10 2.4674E-10 2.5659E-10 2.6687E-10 2.7730E-10 2.8816E-10 2.9917E-10 3.1063E-10 3.2223E-10 3.3427E-10 3.4662E-10 3.5912E-10 3.7205E-10 3.8514E-10 3.9852E-10 4.1219E-10 4.2630E-10 4.4074E-10 4.5527E-10 4.7026E-10 4.8534E-10 5.0092E-10 5.1638E-10 5.3244E-10 5.4859E-10 5.6518E-10 5.8180E-10 5.9866E-10 6.1593E-10 6.3321E-10 6.5068E-10 6.6835E-10 6.8638E-10 7.0438E-10 7.2232E-10 7.4079E-10
8.5515E-11 9.2079E-11 9.8604E-11 1.0447E-10 1.1255E-10 1.1813E-10 1.2638E-10 1.3211E-10 1.3882E-10 1.4527E-10 1.5196E-10 1.5915E-10 1.6634E-10 1.7405E-10 1.8166E-10 1.8990E-10 1.9805E-10 2.0673E-10 2.1543E-10 2.2467E-10 2.3394E-10 2.4364E-10 2.5349E-10 2.6377E-10 2.7421E-10 2.8510E-10 2.9614E-10 3.0763E-10 3.1927E-10 3.3138E-10 3.4379E-10 3.5636E-10 3.6938E-10 3.8272E-10 3.9605E-10 4.0984E-10 4.2409E-10 4.3867E-10 4.5336E-10 4.6853E-10 4.8380E-10 4.9957E-10 5.1541E-10 5.3155E-10 5.4814E-10 5.6481E-10 5.8172E-10 5.9888E-10 6.1646E-10 6.3408E-10 6.5191E-10 6.6995E-10 6.8838E-10 7.0678E-10 7.2555E-10 7.4408E-10 7.6316E-10
8.9956E-11 9.4854E-11 1.0188E-10 1.0933E-10 1.1520E-10 1.2379E-10 1.2946E-10 1.3610E-10 1.4224E-10 1.4912E-10 1.5625E-10 1.6339E-10 1.7105E-10 1.7861E-10 1.8680E-10 1.9491E-10 2.0356E-10 2.1222E-10 2.2144E-10 2.3068E-10 2.4037E-10 2.5021E-10 2.6049E-10 2.7093E-10 2.8182E-10 2.9288E-10 3.0440E-10 3.1608E-10 3.2822E-10 3.4069E-10 3.5331E-10 3.6641E-10 3.7983E-10 3.9341E-10 4.0731E-10 4.2152E-10 4.3623E-10 4.5107E-10 4.6639E-10 4.8203E-10 4.9780E-10 5.1384E-10 5.3020E-10 5.4703E-10 5.6394E-10 5.8112E-10 5.9876E-10 6.1646E-10 6.3441E-10 6.5277E-10 6.7117E-10 6.8978E-10 7.0859E-10 7.2778E-10 7.4714E-10 7.6628E-10 7.8575E-10
9.2195E-11 9.9542E-11 1.0491E-10 1.1268E-10 1.2035E-10 1.2675E-10 1.3308E-10 1.3940E-10 1.4621E-10 1.5303E-10 1.6036E-10 1.6795E-10 1.7546E-10 1.8360E-10 1.9166E-10 2.0011E-10 2.0889E-10 2.1791E-10 2.2728E-10 2.3694E-10 2.4675E-10 2.5702E-10 2.6745E-10 2.7819E-10 2.8940E-10 3.0093E-10 3.1263E-10 3.2481E-10 3.3731E-10 3.4999E-10 3.6314E-10 3.7663E-10 3.9030E-10 4.0428E-10 4.1860E-10 4.3343E-10 4.4839E-10 4.6386E-10 4.7965E-10 4.9560E-10 5.1183E-10 5.2857E-10 5.4544E-10 5.6259E-10 5.8022E-10 5.9793E-10 6.1593E-10 6.3417E-10 6.5287E-10 6.7161E-10 6.9059E-10 7.0978E-10 7.2937E-10 7.4917E-10 7.6894E-10 7.8869E-10 8.0898E-10
9.6039E-11 1.0203E-10 1.1012E-10 1.1602E-10 1.2400E-10 1.3000E-10 1.3649E-10 1.4323E-10 1.4999E-10 1.5724E-10 1.6452E-10 1.7207E-10 1.8005E-10 1.8830E-10 1.9670E-10 2.0542E-10 2.1441E-10 2.2373E-10 2.3320E-10 2.4313E-10 2.5323E-10 2.6379E-10 2.7452E-10 2.8572E-10 2.9725E-10 3.0896E-10 3.2115E-10 3.3368E-10 3.4639E-10 3.5959E-10 3.7313E-10 3.8686E-10 4.0093E-10 4.1533E-10 4.3026E-10 4.4534E-10 4.6094E-10 4.7687E-10 4.9298E-10 5.0937E-10 5.2631E-10 5.4337E-10 5.6075E-10 5.7861E-10 5.9658E-10 6.1485E-10 6.3358E-10 6.5239E-10 6.7166E-10 6.9099E-10 7.1054E-10 7.3034E-10 7.5054E-10 7.7075E-10 7.9134E-10 8.1171E-10 8.3268E-10
9.9286E-11 1.0683E-10 1.1259E-10 1.2120E-10 1.2687E-10 1.3354E-10 1.3995E-10 1.4662E-10 1.5406E-10 1.6127E-10 1.6875E-10 1.7665E-10 1.8469E-10 1.9318E-10 2.0184E-10 2.1077E-10 2.2004E-10 2.2947E-10 2.3936E-10 2.4942E-10 2.5995E-10 2.7065E-10 2.8183E-10 2.9335E-10 3.0506E-10 3.1725E-10 3.2979E-10 3.4253E-10 3.5576E-10 3.6934E-10 3.8312E-10 3.9724E-10 4.1172E-10 4.2674E-10 4.4192E-10 4.5763E-10 4.7369E-10 4.8993E-10 5.0648E-10 5.2359E-10 5.4084E-10 5.5860E-10 5.7650E-10 5.9471E-10 6.1342E-10 6.3223E-10 6.5134E-10 6.7092E-10 6.9058E-10 7.1049E-10 7.3066E-10 7.5126E-10 7.7188E-10 7.9291E-10 8.1394E-10 8.3519E-10 8.5656E-10
1.0246E-10 1.0989E-10 1.1791E-10 1.2396E-10 1.3053E-10 1.3662E-10 1.4346E-10 1.5056E-10 1.5769E-10 1.6534E-10 1.7317E-10 1.8114E-10 1.8955E-10 1.9800E-10 2.0701E-10 2.1608E-10 2.2560E-10 2.3543E-10 2.4545E-10 2.5593E-10 2.6660E-10 2.7775E-10 2.8909E-10 3.0094E-10 3.1312E-10 3.2551E-10 3.3840E-10 3.5165E-10 3.6510E-10 3.7892E-10 3.9309E-10 4.0778E-10 4.2287E-10 4.3813E-10 4.5393E-10 4.7010E-10 4.8647E-10 5.0316E-10 5.2042E-10 5.3784E-10 5.5578E-10 5.7388E-10 5.9231E-10 6.1126E-10 6.3033E-10 6.4971E-10 6.6959E-10 6.8956E-10 7.1001E-10 7.3052E-10 7.5131E-10 7.7233E-10 7.9378E-10 8.1525E-10 8.3717E-10 8.5883E-10 8.8110E-10
1.0717E-10 1.1304E-10 1.2100E-10 1.2748E-10 1.3349E-10 1.4024E-10 1.4700E-10 1.5429E-10 1.6186E-10 1.6936E-10 1.7750E-10 1.8583E-10 1.9421E-10 2.0314E-10 2.1214E-10 2.2145E-10 2.3122E-10 2.4133E-10 2.5161E-10 2.6238E-10 2.7334E-10 2.8480E-10 2.9661E-10 3.0862E-10 3.2114E-10 3.3388E-10 3.4713E-10 3.6059E-10 3.7458E-10 3.8879E-10 4.0352E-10 4.1866E-10 4.3399E-10 4.4987E-10 4.6613E-10 4.8260E-10 4.9941E-10 5.1680E-10 5.3437E-10 5.5249E-10 5.7077E-10 5.8940E-10 6.0857E-10 6.2787E-10 6.4751E-10 6.6766E-10 6.8793E-10 7.0869E-10 7.2955E-10 7.5069E-10 7.7209E-10 7.9395E-10 8.1584E-10 8.3821E-10 8.6054E-10 8.8311E-10 9.0581E-10
1.0945E-10 1.1802E-10 1.2392E-10 1.3032E-10 1.3697E-10 1.4365E-10 1.5084E-10 1.5807E-10 1.6558E-10 1.7378E-10 1.8177E-10 1.9017E-10 1.9892E-10 2.0809E-10 2.1732E-10 2.2703E-10 2.3691E-10 2.4728E-10 2.5800E-10 2.6890E-10 2.8031E-10 2.9193E-10 3.0406E-10 3.1640E-10 3.2927E-10 3.4251E-10 3.5597E-10 3.6997E-10 3.8419E-10 3.9895E-10 4.1412E-10 4.2950E-10 4.4544E-10 4.6158E-10 4.7833E-10 4.9524E-10 5.1275E-10 5.3045E-10 5.4871E-10 5.6716E-10 5.8597E-10 6.0534E-10 6.2486E-10 6.4493E-10 6.6514E-10 6.8569E-10 7.0674E-10 7.2792E-10 7.4940E-10 7.7136E-10 7.9340E-10 8.1595E-10 8.3850E-10 8.6128E-10 8.8453E-10 9.0753E-10 9.3121E-10
