Assets/Resources/2015_m01_d17_1600(utc+0800)_l00_csi_1hr_conc.grd
DSAA
         159         159
     -79.000      79.000
     -79.000      79.000
  0.0000E+00  0.2774E-05
[rows 50 to 74 of 159, columns 0 to 56 of 159]
7.8165E-09 8.4806E-09 9.1960E-09 9.9386E-09 1.0724E-08 1.1538E-08 1.2384E-08 1.3264E-08 1.4163E-08 1.5091E-08 1.6032E-08 1.6990E-08 1.7956E-08 1.8924E-08 1.9892E-08 2.0848E-08 2.1787E-08 2.2706E-08 2.3591E-08 2.4434E-08 2.5223E-08 2.5956E-08 2.6628E-08 2.7225E-08 2.7743E-08 2.8154E-08 2.8476E-08 2.8697E-08 2.8807E-08 2.8814E-08 2.8714E-08 2.8494E-08 2.8151E-08 2.7682E-08 2.7087E-08 2.6365E-08 2.5526E-08 2.4577E-08 2.3527E-08 2.2388E-08 2.1179E-08 1.9918E-08 1.8630E-08 1.7328E-08 1.6029E-08 1.4751E-08 1.3524E-08 1.2355E-08 1.1261E-08 1.0239E-08 9.2788E-09 8.3756E-09 7.5321E-09 6.6707E-09 5.9264E-09 5.2299E-09 4.5702E-09
7.6845E-09 8.3458E-09 9.0599E-09 9.8014E-09 1.0588E-08 1.1402E-08 1.2252E-08 1.3135E-08 1.4039E-08 1.4977E-08 1.5926E-08 1.6894E-08 1.7874E-08 1.8855E-08 1.9838E-08 2.0815E-08 2.1771E-08 2.2715E-08 2.3621E-08 2.4491E-08 2.5313E-08 2.6068E-08 2.6759E-08 2.7371E-08 2.7903E-08 2.8338E-08 2.8660E-08 2.8887E-08 2.9006E-08 2.9012E-08 2.8908E-08 2.8687E-08 2.8337E-08 2.7857E-08 2.7247E-08 2.6509E-08 2.5655E-08 2.4687E-08 2.3620E-08 2.2471E-08 2.1257E-08 2.0004E-08 1.8726E-08 1.7442E-08 1.6182E-08 1.4960E-08 1.3801E-08 1.2710E-08 1.1675E-08 1.0685E-08 9.7326E-09 8.8318E-09 7.9280E-09 7.0777E-09 6.3161E-09 5.5808E-09 4.8775E-09
7.5199E-09 8.1749E-09 8.8841E-09 9.6207E-09 1.0403E-08 1.1215E-08 1.2063E-08 1.2944E-08 1.3852E-08 1.4790E-08 1.5745E-08 1.6718E-08 1.7708E-08 1.8697E-08 1.9694E-08 2.0685E-08 2.1658E-08 2.2618E-08 2.3544E-08 2.4431E-08 2.5274E-08 2.6052E-08 2.6754E-08 2.7376E-08 2.7920E-08 2.8366E-08 2.8698E-08 2.8925E-08 2.9052E-08 2.9058E-08 2.8949E-08 2.8724E-08 2.8369E-08 2.7880E-08 2.7258E-08 2.6513E-08 2.5647E-08 2.4671E-08 2.3603E-08 2.2459E-08 2.1266E-08 2.0037E-08 1.8795E-08 1.7575E-08 1.6394E-08 1.5269E-08 1.4203E-08 1.3176E-08 1.2178E-08 1.1210E-08 1.0263E-08 9.3623E-09 8.4496E-09 7.5880E-09 6.7950E-09 6.0278E-09 5.2881E-09
7.3234E-09 7.9686E-09 8.6691E-09 9.3967E-09 1.0171E-08 1.0976E-08 1.1818E-08 1.2694E-08 1.3598E-08 1.4535E-08 1.5487E-08 1.6462E-08 1.7455E-08 1.8447E-08 1.9454E-08 2.0455E-08 2.1436E-08 2.2411E-08 2.3347E-08 2.4246E-08 2.5100E-08 2.5893E-08 2.6599E-08 2.7231E-08 2.7777E-08 2.8227E-08 2.8569E-08 2.8804E-08 2.8928E-08 2.8936E-08 2.8825E-08 2.8592E-08 2.8231E-08 2.7735E-08 2.7110E-08 2.6363E-08 2.5494E-08 2.4527E-08 2.3473E-08 2.2361E-08 2.1207E-08 2.0040E-08 1.8884E-08 1.7769E-08 1.6708E-08 1.5686E-08 1.4689E-08 1.3714E-08 1.2755E-08 1.1807E-08 1.0878E-08 9.9812E-09 9.0684E-09 8.1985E-09 7.3839E-09 6.5844E-09 5.7690E-09
7.0958E-09 7.7276E-09 8.4153E-09 9.1299E-09 9.8922E-09 1.0686E-08 1.1515E-08 1.2382E-08 1.3276E-08 1.4206E-08 1.5150E-08 1.6124E-08 1.7114E-08 1.8105E-08 1.9115E-08 2.0117E-08 2.1105E-08 2.2083E-08 2.3023E-08 2.3924E-08 2.4781E-08 2.5572E-08 2.6289E-08 2.6919E-08 2.7467E-08 2.7914E-08 2.8256E-08 2.8506E-08 2.8621E-08 2.8631E-08 2.8518E-08 2.8277E-08 2.7911E-08 2.7414E-08 2.6794E-08 2.6050E-08 2.5198E-08 2.4253E-08 2.3242E-08 2.2190E-08 2.1116E-08 2.0057E-08 1.9032E-08 1.8050E-08 1.7098E-08 1.6161E-08 1.5236E-08 1.4315E-08 1.3400E-08 1.2483E-08 1.1584E-08 1.0686E-08 9.7992E-09 8.9134E-09 8.0691E-09 7.2371E-09 6.3828E-09
6.8390E-09 7.4537E-09 8.1247E-09 8.8217E-09 9.5677E-09 1.0345E-08 1.1158E-08 1.2009E-08 1.2890E-08 1.3805E-08 1.4738E-08 1.5702E-08 1.6682E-08 1.7668E-08 1.8673E-08 1.9672E-08 2.0654E-08 2.1629E-08 2.2565E-08 2.3457E-08 2.4309E-08 2.5089E-08 2.5801E-08 2.6434E-08 2.6977E-08 2.7418E-08 2.7761E-08 2.8015E-08 2.8128E-08 2.8134E-08 2.8017E-08 2.7773E-08 2.7405E-08 2.6914E-08 2.6306E-08 2.5577E-08 2.4759E-08 2.3868E-08 2.2939E-08 2.1985E-08 2.1038E-08 2.0128E-08 1.9243E-08 1.8376E-08 1.7528E-08 1.6679E-08 1.5827E-08 1.4970E-08 1.4108E-08 1.3235E-08 1.2373E-08 1.1471E-08 1.0582E-08 9.7412E-09 8.8937E-09 8.0134E-09 7.1594E-09
6.5553E-09 7.1495E-09 7.7999E-09 8.4755E-09 9.2002E-09 9.9554E-09 1.0747E-08 1.1576E-08 1.2439E-08 1.3334E-08 1.4250E-08 1.5199E-08 1.6164E-08 1.7137E-08 1.8129E-08 1.9116E-08 2.0084E-08 2.1047E-08 2.1965E-08 2.2845E-08 2.3680E-08 2.4445E-08 2.5145E-08 2.5766E-08 2.6304E-08 2.6736E-08 2.7077E-08 2.7319E-08 2.7436E-08 2.7442E-08 2.7318E-08 2.7074E-08 2.6708E-08 2.6235E-08 2.5646E-08 2.4961E-08 2.4211E-08 2.3413E-08 2.2603E-08 2.1791E-08 2.1001E-08 2.0227E-08 1.9471E-08 1.8725E-08 1.7976E-08 1.7221E-08 1.6453E-08 1.5669E-08 1.4873E-08 1.4057E-08 1.3235E-08 1.2373E-08 1.1521E-08 1.0698E-08 9.8451E-09 8.9478E-09 8.1036E-09
6.2484E-09 6.8189E-09 7.4443E-09 8.0947E-09 8.7933E-09 9.5230E-09 1.0287E-08 1.1092E-08 1.1929E-08 1.2798E-08 1.3692E-08 1.4616E-08 1.5560E-08 1.6511E-08 1.7482E-08 1.8446E-08 1.9393E-08 2.0330E-08 2.1226E-08 2.2083E-08 2.2894E-08 2.3640E-08 2.4319E-08 2.4922E-08 2.5446E-08 2.5869E-08 2.6198E-08 2.6431E-08 2.6545E-08 2.6549E-08 2.6425E-08 2.6184E-08 2.5837E-08 2.5389E-08 2.4846E-08 2.4245E-08 2.3599E-08 2.2935E-08 2.2273E-08 2.1612E-08 2.0965E-08 2.0327E-08 1.9697E-08 1.9066E-08 1.8429E-08 1.7773E-08 1.7099E-08 1.6401E-08 1.5681E-08 1.4928E-08 1.4132E-08 1.3366E-08 1.2576E-08 1.1787E-08 1.0941E-08 1.0082E-08 9.2045E-09
5.9210E-09 6.4647E-09 7.0629E-09 7.6841E-09 8.3527E-09 9.0517E-09 9.7839E-09 1.0558E-08 1.1362E-08 1.2202E-08 1.3065E-08 1.3960E-08 1.4873E-08 1.5795E-08 1.6735E-08 1.7667E-08 1.8579E-08 1.9488E-08 2.0350E-08 2.1176E-08 2.1957E-08 2.2675E-08 2.3327E-08 2.3907E-08 2.4410E-08 2.4824E-08 2.5131E-08 2.5356E-08 2.5462E-08 2.5469E-08 2.5349E-08 2.5120E-08 2.4810E-08 2.4417E-08 2.3964E-08 2.3475E-08 2.2975E-08 2.2459E-08 2.1931E-08 2.1419E-08 2.0906E-08 2.0402E-08 1.9899E-08 1.9391E-08 1.8867E-08 1.8321E-08 1.7750E-08 1.7148E-08 1.6509E-08 1.5847E-08 1.5148E-08 1.4439E-08 1.3743E-08 1.3002E-08 1.2194E-08 1.1392E-08 1.0530E-08
5.5774E-09 6.0917E-09 6.6592E-09 7.2469E-09 7.8820E-09 8.5463E-09 9.2428E-09 9.9814E-09 1.0749E-08 1.1551E-08 1.2378E-08 1.3233E-08 1.4109E-08 1.4991E-08 1.5891E-08 1.6783E-08 1.7656E-08 1.8521E-08 1.9347E-08 2.0134E-08 2.0879E-08 2.1563E-08 2.2187E-08 2.2736E-08 2.3212E-08 2.3604E-08 2.3895E-08 2.4110E-08 2.4208E-08 2.4218E-08 2.4116E-08 2.3929E-08 2.3687E-08 2.3386E-08 2.3053E-08 2.2703E-08 2.2336E-08 2.1952E-08 2.1568E-08 2.1190E-08 2.0808E-08 2.0435E-08 2.0063E-08 1.9680E-08 1.9275E-08 1.8849E-08 1.8382E-08 1.7886E-08 1.7350E-08 1.6771E-08 1.6207E-08 1.5611E-08 1.5011E-08 1.4330E-08 1.3645E-08 1.2884E-08 1.2088E-08
5.2273E-09 5.7099E-09 6.2436E-09 6.7940E-09 7.3922E-09 8.0172E-09 8.6739E-09 9.3703E-09 1.0094E-08 1.0854E-08 1.1638E-08 1.2448E-08 1.3278E-08 1.4111E-08 1.4964E-08 1.5808E-08 1.6631E-08 1.7452E-08 1.8230E-08 1.8971E-08 1.9677E-08 2.0320E-08 2.0910E-08 2.1421E-08 2.1872E-08 2.2236E-08 2.2511E-08 2.2715E-08 2.2811E-08 2.2838E-08 2.2788E-08 2.2676E-08 2.2530E-08 2.2348E-08 2.2139E-08 2.1912E-08 2.1669E-08 2.1412E-08 2.1158E-08 2.0906E-08 2.0658E-08 2.0416E-08 2.0173E-08 1.9913E-08 1.9635E-08 1.9325E-08 1.8978E-08 1.8597E-08 1.8182E-08 1.7751E-08 1.7283E-08 1.6840E-08 1.6355E-08 1.5821E-08 1.5250E-08 1.4613E-08 1.3907E-08
4.8736E-09 5.3246E-09 5.8243E-09 6.3397E-09 6.8986E-09 7.4825E-09 8.0953E-09 8.7459E-09 9.4225E-09 1.0132E-08 1.0865E-08 1.1620E-08 1.2394E-08 1.3173E-08 1.3970E-08 1.4757E-08 1.5525E-08 1.6293E-08 1.7019E-08 1.7712E-08 1.8369E-08 1.8971E-08 1.9517E-08 1.9990E-08 2.0414E-08 2.0751E-08 2.1007E-08 2.1211E-08 2.1331E-08 2.1410E-08 2.1431E-08 2.1422E-08 2.1385E-08 2.1307E-08 2.1207E-08 2.1091E-08 2.0961E-08 2.0821E-08 2.0691E-08 2.0560E-08 2.0441E-08 2.0330E-08 2.0213E-08 2.0077E-08 1.9927E-08 1.9732E-08 1.9515E-08 1.9252E-08 1.8975E-08 1.8693E-08 1.8394E-08 1.8104E-08 1.7777E-08 1.7430E-08 1.7023E-08 1.6551E-08 1.5991E-08
4.5136E-09 4.9330E-09 5.3987E-09 5.8785E-09 6.3986E-09 6.9408E-09 7.5089E-09 8.1144E-09 8.7422E-09 9.3997E-09 1.0078E-08 1.0775E-08 1.1491E-08 1.2208E-08 1.2942E-08 1.3667E-08 1.4374E-08 1.5081E-08 1.5750E-08 1.6385E-08 1.6988E-08 1.7543E-08 1.8043E-08 1.8480E-08 1.8872E-08 1.9187E-08 1.9441E-08 1.9672E-08 1.9843E-08 1.9996E-08 2.0109E-08 2.0189E-08 2.0235E-08 2.0256E-08 2.0250E-08 2.0231E-08 2.0200E-08 2.0177E-08 2.0158E-08 2.0148E-08 2.0151E-08 2.0160E-08 2.0166E-08 2.0152E-08 2.0122E-08 2.0053E-08 1.9967E-08 1.9828E-08 1.9730E-08 1.9582E-08 1.9470E-08 1.9365E-08 1.9271E-08 1.9126E-08 1.8945E-08 1.8678E-08 1.8347E-08
4.1505E-09 4.5376E-09 4.9682E-09 5.4108E-09 5.8902E-09 6.3902E-09 6.9146E-09 7.4726E-09 8.0507E-09 8.6559E-09 9.2773E-09 9.9190E-09 1.0575E-08 1.1229E-08 1.1901E-08 1.2563E-08 1.3206E-08 1.3851E-08 1.4459E-08 1.5034E-08 1.5582E-08 1.6088E-08 1.6539E-08 1.6939E-08 1.7307E-08 1.7624E-08 1.7898E-08 1.8178E-08 1.8415E-08 1.8641E-08 1.8817E-08 1.8962E-08 1.9088E-08 1.9179E-08 1.9258E-08 1.9329E-08 1.9393E-08 1.9474E-08 1.9555E-08 1.9659E-08 1.9778E-08 1.9898E-08 2.0013E-08 2.0121E-08 2.0199E-08 2.0262E-08 2.0282E-08 2.0328E-08 2.0343E-08 2.0419E-08 2.0490E-08 2.0635E-08 2.0752E-08 2.0868E-08 2.0949E-08 2.0959E-08 2.0920E-08
3.7886E-09 4.1429E-09 4.5369E-09 4.9422E-09 5.3816E-09 5.8391E-09 6.3180E-09 6.8277E-09 7.3555E-09 7.9061E-09 8.4733E-09 9.0564E-09 9.6515E-09 1.0245E-08 1.0855E-08 1.1454E-08 1.2036E-08 1.2619E-08 1.3168E-08 1.3685E-08 1.4182E-08 1.4638E-08 1.5051E-08 1.5432E-08 1.5802E-08 1.6138E-08 1.6456E-08 1.6790E-08 1.7070E-08 1.7340E-08 1.7566E-08 1.7758E-08 1.7945E-08 1.8098E-08 1.8252E-08 1.8395E-08 1.8545E-08 1.8714E-08 1.8892E-08 1.9093E-08 1.9309E-08 1.9531E-08 1.9746E-08 1.9962E-08 2.0150E-08 2.0313E-08 2.0488E-08 2.0672E-08 2.0872E-08 2.1114E-08 2.1431E-08 2.1808E-08 2.2198E-08 2.2586E-08 2.2963E-08 2.3309E-08 2.3696E-08
3.4257E-09 3.7527E-09 4.1124E-09 4.4795E-09 4.8789E-09 5.2933E-09 5.7276E-09 6.1876E-09 6.6660E-09 7.1627E-09 7.6744E-09 8.2010E-09 8.7379E-09 9.2697E-09 9.8193E-09 1.0359E-08 1.0880E-08 1.1399E-08 1.1891E-08 1.2358E-08 1.2811E-08 1.3231E-08 1.3631E-08 1.4014E-08 1.4403E-08 1.4776E-08 1.5126E-08 1.5482E-08 1.5788E-08 1.6091E-08 1.6348E-08 1.6585E-08 1.6812E-08 1.7023E-08 1.7237E-08 1.7441E-08 1.7671E-08 1.7909E-08 1.8172E-08 1.8456E-08 1.8754E-08 1.9059E-08 1.9367E-08 1.9667E-08 1.9940E-08 2.0223E-08 2.0527E-08 2.0854E-08 2.1207E-08 2.1686E-08 2.2218E-08 2.2842E-08 2.3491E-08 2.4182E-08 2.4902E-08 2.5679E-08 2.6586E-08
3.0723E-09 3.3693E-09 3.6944E-09 4.0243E-09 4.3849E-09 4.7543E-09 5.1456E-09 5.5591E-09 5.9895E-09 6.4374E-09 6.8932E-09 7.3651E-09 7.8456E-09 8.3233E-09 8.8153E-09 9.2946E-09 9.7565E-09 1.0226E-08 1.0665E-08 1.1083E-08 1.1506E-08 1.1912E-08 1.2317E-08 1.2721E-08 1.3134E-08 1.3512E-08 1.3874E-08 1.4241E-08 1.4557E-08 1.4877E-08 1.5157E-08 1.5426E-08 1.5689E-08 1.5947E-08 1.6206E-08 1.6471E-08 1.6760E-08 1.7060E-08 1.7389E-08 1.7742E-08 1.8106E-08 1.8481E-08 1.8852E-08 1.9216E-08 1.9597E-08 1.9984E-08 2.0383E-08 2.0834E-08 2.1398E-08 2.2068E-08 2.2809E-08 2.3660E-08 2.4569E-08 2.5571E-08 2.6684E-08 2.7919E-08 2.9395E-08
2.7278E-09 2.9903E-09 3.2917E-09 3.5865E-09 3.9091E-09 4.2406E-09 4.5908E-09 4.9600E-09 5.3416E-09 5.7410E-09 6.1483E-09 6.5694E-09 6.9965E-09 7.4188E-09 7.8553E-09 8.2844E-09 8.6977E-09 9.1200E-09 9.5170E-09 9.9122E-09 1.0321E-08 1.0724E-08 1.1133E-08 1.1540E-08 1.1944E-08 1.2323E-08 1.2678E-08 1.3050E-08 1.3370E-08 1.3699E-08 1.3995E-08 1.4283E-08 1.4575E-08 1.4868E-08 1.5161E-08 1.5471E-08 1.5802E-08 1.6154E-08 1.6536E-08 1.6939E-08 1.7355E-08 1.7774E-08 1.8187E-08 1.8640E-08 1.9071E-08 1.9536E-08 2.0053E-08 2.0655E-08 2.1381E-08 2.2208E-08 2.3114E-08 2.4195E-08 2.5359E-08 2.6654E-08 2.8164E-08 2.9871E-08 3.1929E-08
2.4097E-09 2.6413E-09 2.9050E-09 3.1759E-09 3.4627E-09 3.7551E-09 4.0660E-09 4.3939E-09 4.7345E-09 5.0889E-09 5.4482E-09 5.8210E-09 6.1973E-09 6.5744E-09 6.9642E-09 7.3464E-09 7.7154E-09 8.1051E-09 8.4795E-09 8.8654E-09 9.2709E-09 9.6694E-09 1.0063E-08 1.0450E-08 1.0836E-08 1.1192E-08 1.1542E-08 1.1898E-08 1.2215E-08 1.2555E-08 1.2860E-08 1.3155E-08 1.3473E-08 1.3787E-08 1.4108E-08 1.4446E-08 1.4810E-08 1.5194E-08 1.5612E-08 1.6040E-08 1.6480E-08 1.6938E-08 1.7420E-08 1.7889E-08 1.8349E-08 1.8919E-08 1.9544E-08 2.0261E-08 2.1109E-08 2.2049E-08 2.3116E-08 2.4384E-08 2.5756E-08 2.7328E-08 2.9183E-08 3.1331E-08 3.3965E-08
2.1114E-09 2.3150E-09 2.5464E-09 2.7852E-09 3.0458E-09 3.3062E-09 3.5808E-09 3.8688E-09 4.1684E-09 4.4807E-09 4.7959E-09 5.1295E-09 5.4646E-09 5.7961E-09 6.1449E-09 6.4913E-09 6.8337E-09 7.1979E-09 7.5636E-09 7.9435E-09 8.3272E-09 8.7016E-09 9.0780E-09 9.4343E-09 9.7960E-09 1.0132E-08 1.0464E-08 1.0808E-08 1.1117E-08 1.1444E-08 1.1757E-08 1.2059E-08 1.2379E-08 1.2702E-08 1.3036E-08 1.3394E-08 1.3780E-08 1.4183E-08 1.4596E-08 1.5043E-08 1.5521E-08 1.5998E-08 1.6464E-08 1.6954E-08 1.7509E-08 1.8149E-08 1.8837E-08 1.9625E-08 2.0547E-08 2.1592E-08 2.2777E-08 2.4187E-08 2.5700E-08 2.7481E-08 2.9629E-08 3.2156E-08 3.5312E-08
1.8435E-09 2.0171E-09 2.2224E-09 2.4254E-09 2.6573E-09 2.8925E-09 3.1339E-09 3.3880E-09 3.6489E-09 3.9292E-09 4.2066E-09 4.4884E-09 4.7864E-09 5.0849E-09 5.3866E-09 5.7181E-09 6.0554E-09 6.4093E-09 6.7581E-09 7.1082E-09 7.4632E-09 7.8127E-09 8.1536E-09 8.4811E-09 8.8171E-09 9.1362E-09 9.4443E-09 9.7726E-09 1.0069E-08 1.0387E-08 1.0685E-08 1.0992E-08 1.1313E-08 1.1637E-08 1.1977E-08 1.2322E-08 1.2700E-08 1.3099E-08 1.3543E-08 1.4008E-08 1.4452E-08 1.4889E-08 1.5404E-08 1.5948E-08 1.6548E-08 1.7207E-08 1.7932E-08 1.8759E-08 1.9728E-08 2.0831E-08 2.2071E-08 2.3542E-08 2.5147E-08 2.7075E-08 2.9440E-08 3.2242E-08 3.5740E-08
1.5759E-09 1.7276E-09 1.9029E-09 2.0801E-09 2.2786E-09 2.4848E-09 2.7018E-09 2.9304E-09 3.1494E-09 3.3978E-09 3.6431E-09 3.8864E-09 4.1607E-09 4.4495E-09 4.7434E-09 5.0440E-09 5.3428E-09 5.6687E-09 5.9971E-09 6.3433E-09 6.6663E-09 6.9825E-09 7.2911E-09 7.5893E-09 7.8987E-09 8.1979E-09 8.4818E-09 8.7912E-09 9.0722E-09 9.3751E-09 9.6664E-09 9.9620E-09 1.0264E-08 1.0570E-08 1.0908E-08 1.1249E-08 1.1634E-08 1.2039E-08 1.2438E-08 1.2855E-08 1.3301E-08 1.3789E-08 1.4306E-08 1.4858E-08 1.5449E-08 1.6105E-08 1.6830E-08 1.7670E-08 1.8660E-08 1.9771E-08 2.1009E-08 2.2476E-08 2.4121E-08 2.6106E-08 2.8552E-08 3.1473E-08 3.5122E-08
1.3405E-09 1.4748E-09 1.6242E-09 1.7635E-09 1.9354E-09 2.1130E-09 2.3017E-09 2.5054E-09 2.6994E-09 2.9140E-09 3.1221E-09 3.3418E-09 3.5833E-09 3.8346E-09 4.1036E-09 4.4417E-09 4.7443E-09 5.0424E-09 5.3259E-09 5.6058E-09 5.8965E-09 6.1725E-09 6.4513E-09 6.7345E-09 7.0220E-09 7.3051E-09 7.5660E-09 7.8408E-09 8.1030E-09 8.3901E-09 8.6531E-09 8.9376E-09 9.2407E-09 9.5484E-09 9.8731E-09 1.0196E-08 1.0530E-08 1.0874E-08 1.1279E-08 1.1714E-08 1.2165E-08 1.2634E-08 1.3135E-08 1.3662E-08 1.4227E-08 1.4865E-08 1.5583E-08 1.6413E-08 1.7363E-08 1.8430E-08 1.9635E-08 2.1049E-08 2.2638E-08 2.4587E-08 2.6986E-08 2.9859E-08 3.3447E-08
1.1031E-09 1.2176E-09 1.3483E-09 1.4810E-09 1.6285E-09 1.7782E-09 1.9384E-09 2.1111E-09 2.2972E-09 2.4924E-09 2.6883E-09 2.8928E-09 3.1074E-09 3.3281E-09 3.5937E-09 3.8480E-09 4.0943E-09 4.3642E-09 4.6487E-09 4.9335E-09 5.2253E-09 5.4719E-09 5.7197E-09 5.9638E-09 6.2212E-09 6.4657E-09 6.7032E-09 6.9681E-09 7.2088E-09 7.4759E-09 7.7232E-09 7.9817E-09 8.2570E-09 8.5111E-09 8.7811E-09 9.0863E-09 9.4329E-09 9.8005E-09 1.0181E-08 1.0585E-08 1.0994E-08 1.1438E-08 1.1899E-08 1.2399E-08 1.2925E-08 1.3531E-08 1.4225E-08 1.5008E-08 1.5898E-08 1.6888E-08 1.7988E-08 1.9292E-08 2.0764E-08 2.2581E-08 2.4823E-08 2.7493E-08 3.0805E-08
9.4370E-10 1.0471E-09 1.1654E-09 1.2833E-09 1.4153E-09 1.5492E-09 1.6900E-09 1.8439E-09 2.0072E-09 2.1816E-09 2.3651E-09 2.5523E-09 2.7495E-09 2.9432E-09 3.1551E-09 3.3670E-09 3.5783E-09 3.8283E-09 4.0542E-09 4.2660E-09 4.4887E-09 4.7247E-09 4.9460E-09 5.1890E-09 5.4127E-09 5.6381E-09 5.8531E-09 6.0909E-09 6.3095E-09 6.5375E-09 6.7658E-09 7.0033E-09 7.2631E-09 7.5322E-09 7.8137E-09 8.1097E-09 8.4223E-09 8.7439E-09 9.0806E-09 9.4524E-09 9.8332E-09 1.0232E-08 1.0642E-08 1.1106E-08 1.1604E-08 1.2169E-08 1.2802E-08 1.3507E-08 1.4298E-08 1.5177E-08 1.6142E-08 1.7291E-08 1.8612E-08 2.0213E-08 2.2203E-08 2.4538E-08 2.7410E-08
