Assets/Resources/2015_m01_d15_1300(utc+0800)_l00_csi_1hr_conc.grd
DSAA
         159         159
     -79.000      79.000
     -79.000      79.000
  0.0000E+00  0.5265E-05
[rows 125 to 149 of 159, columns 0 to 56 of 159]
8.1061E-11 8.4327E-11 8.7196E-11 9.0373E-11 9.3404E-11 9.6843E-11 1.0033E-10 1.0340E-10 1.0711E-10 1.1091E-10 1.1396E-10 1.1796E-10 1.2176E-10 1.2507E-10 1.2935E-10 1.3344E-10 1.3701E-10 1.4128E-10 1.4596E-10 1.5014E-10 1.5441E-10 1.5943E-10 1.6491E-10 1.7018E-10 1.7562E-10 1.8186E-10 1.8723E-10 1.9380E-10 2.0018E-10 2.0605E-10 2.1404E-10 2.2079E-10 2.2777E-10 2.3622E-10 2.4342E-10 2.5221E-10 2.6185E-10 2.7171E-10 2.8456E-10 2.9672E-10 3.1030E-10 3.2919E-10 3.4769E-10 3.6696E-10 3.9033E-10 4.1411E-10 4.3933E-10 4.6415E-10 4.8786E-10 5.1336E-10 5.3656E-10 5.6101E-10 5.8127E-10 6.0220E-10 6.2154E-10 6.4141E-10 6.6180E-10
7.7248E-11 8.0121E-11 8.3079E-11 8.5887E-11 8.9051E-11 9.2300E-11 9.5361E-11 9.8832E-11 1.0211E-10 1.0519E-10 1.0893E-10 1.1275E-10 1.1581E-10 1.1953E-10 1.2363E-10 1.2694E-10 1.3093E-10 1.3501E-10 1.3888E-10 1.4315E-10 1.4721E-10 1.5232E-10 1.5660E-10 1.6163E-10 1.6778E-10 1.7210E-10 1.7822E-10 1.8448E-10 1.8988E-10 1.9683E-10 2.0376E-10 2.0969E-10 2.1755E-10 2.2435E-10 2.3137E-10 2.3969E-10 2.4752E-10 2.5822E-10 2.6791E-10 2.7921E-10 2.9248E-10 3.0657E-10 3.2437E-10 3.4321E-10 3.6280E-10 3.8138E-10 4.0756E-10 4.2840E-10 4.5080E-10 4.7618E-10 4.9877E-10 5.2178E-10 5.4380E-10 5.6261E-10 5.8385E-10 6.0320E-10 6.2213E-10
7.3542E-11 7.6028E-11 7.8849E-11 8.1793E-11 8.4777E-11 8.7610E-11 9.0840E-11 9.4117E-11 9.6965E-11 1.0045E-10 1.0403E-10 1.0684E-10 1.1059E-10 1.1414E-10 1.1719E-10 1.2120E-10 1.2471E-10 1.2831E-10 1.3229E-10 1.3635E-10 1.4053E-10 1.4449E-10 1.4916E-10 1.5428E-10 1.5856E-10 1.6425E-10 1.7009E-10 1.7442E-10 1.8122E-10 1.8719E-10 1.9261E-10 2.0010E-10 2.0587E-10 2.1285E-10 2.2075E-10 2.2741E-10 2.3445E-10 2.4340E-10 2.5314E-10 2.6320E-10 2.7493E-10 2.8667E-10 3.0319E-10 3.1845E-10 3.3741E-10 3.5531E-10 3.7476E-10 3.9588E-10 4.1623E-10 4.3850E-10 4.5956E-10 4.8098E-10 5.0380E-10 5.2460E-10 5.4422E-10 5.6400E-10 5.8213E-10
6.9692E-11 7.2309E-11 7.4778E-11 7.7775E-11 8.0396E-11 8.3365E-11 8.6407E-11 8.9264E-11 9.2520E-11 9.5577E-11 9.8435E-11 1.0194E-10 1.0552E-10 1.0834E-10 1.1180E-10 1.1535E-10 1.1868E-10 1.2239E-10 1.2589E-10 1.2976E-10 1.3374E-10 1.3749E-10 1.4225E-10 1.4621E-10 1.5089E-10 1.5663E-10 1.6060E-10 1.6631E-10 1.7217E-10 1.7715E-10 1.8364E-10 1.8963E-10 1.9558E-10 2.0239E-10 2.0870E-10 2.1571E-10 2.2290E-10 2.2958E-10 2.3894E-10 2.4844E-10 2.5949E-10 2.6858E-10 2.8178E-10 2.9741E-10 3.1303E-10 3.3155E-10 3.4906E-10 3.6874E-10 3.8414E-10 4.0566E-10 4.2387E-10 4.4609E-10 4.6323E-10 4.8078E-10 4.9857E-10 5.1888E-10 5.3969E-10
6.5990E-11 6.8484E-11 7.1022E-11 7.3662E-11 7.6413E-11 7.9204E-11 8.1848E-11 8.4866E-11 8.7930E-11 9.0570E-11 9.3838E-11 9.6905E-11 9.9762E-11 1.0327E-10 1.0629E-10 1.0938E-10 1.1312E-10 1.1607E-10 1.1968E-10 1.2338E-10 1.2684E-10 1.3072E-10 1.3467E-10 1.3899E-10 1.4344E-10 1.4771E-10 1.5300E-10 1.5811E-10 1.6241E-10 1.6875E-10 1.7429E-10 1.7929E-10 1.8628E-10 1.9160E-10 1.9805E-10 2.0490E-10 2.1051E-10 2.1806E-10 2.2585E-10 2.3372E-10 2.4358E-10 2.5379E-10 2.6562E-10 2.7688E-10 2.9014E-10 3.0786E-10 3.2323E-10 3.4142E-10 3.5927E-10 3.7658E-10 3.9305E-10 4.0984E-10 4.2893E-10 4.4472E-10 4.5972E-10 4.7819E-10 4.9505E-10
6.2419E-11 6.4756E-11 6.7203E-11 6.9460E-11 7.2522E-11 7.4731E-11 7.7463E-11 8.0563E-11 8.2989E-11 8.5985E-11 8.9103E-11 9.1750E-11 9.5012E-11 9.8085E-11 1.0094E-10 1.0416E-10 1.0716E-10 1.1052E-10 1.1396E-10 1.1689E-10 1.2048E-10 1.2445E-10 1.2790E-10 1.3145E-10 1.3597E-10 1.4029E-10 1.4471E-10 1.4928E-10 1.5457E-10 1.5903E-10 1.6459E-10 1.6999E-10 1.7549E-10 1.8165E-10 1.8730E-10 1.9379E-10 2.0027E-10 2.0693E-10 2.1257E-10 2.2070E-10 2.2999E-10 2.3743E-10 2.4794E-10 2.5891E-10 2.7112E-10 2.8395E-10 3.0064E-10 3.1668E-10 3.3252E-10 3.4952E-10 3.6622E-10 3.8203E-10 4.0040E-10 4.1459E-10 4.2829E-10 4.4070E-10 4.5687E-10
5.8969E-11 6.1199E-11 6.3488E-11 6.5873E-11 6.8333E-11 7.0856E-11 7.3483E-11 7.5936E-11 7.8703E-11 8.1564E-11 8.4263E-11 8.7028E-11 8.9882E-11 9.2783E-11 9.6048E-11 9.8548E-11 1.0168E-10 1.0488E-10 1.0786E-10 1.1119E-10 1.1461E-10 1.1779E-10 1.2138E-10 1.2502E-10 1.2901E-10 1.3254E-10 1.3705E-10 1.4195E-10 1.4546E-10 1.5061E-10 1.5590E-10 1.6034E-10 1.6620E-10 1.7160E-10 1.7759E-10 1.8306E-10 1.8873E-10 1.9503E-10 2.0202E-10 2.0800E-10 2.1594E-10 2.2448E-10 2.3282E-10 2.4253E-10 2.5265E-10 2.6679E-10 2.7740E-10 2.9311E-10 3.0931E-10 3.2448E-10 3.3897E-10 3.5374E-10 3.7091E-10 3.8829E-10 4.0183E-10 4.1488E-10 4.2670E-10
5.5652E-11 5.7971E-11 5.9935E-11 6.2417E-11 6.4506E-11 6.6906E-11 6.9403E-11 7.1940E-11 7.4328E-11 7.7064E-11 7.9846E-11 8.2215E-11 8.5184E-11 8.8207E-11 9.0501E-11 9.3681E-11 9.6652E-11 9.9137E-11 1.0252E-10 1.0541E-10 1.0836E-10 1.1168E-10 1.1506E-10 1.1851E-10 1.2176E-10 1.2563E-10 1.2991E-10 1.3343E-10 1.3818E-10 1.4307E-10 1.4657E-10 1.5229E-10 1.5727E-10 1.6170E-10 1.6802E-10 1.7277E-10 1.7855E-10 1.8473E-10 1.8971E-10 1.9651E-10 2.0351E-10 2.1003E-10 2.1834E-10 2.2902E-10 2.3642E-10 2.4682E-10 2.5876E-10 2.7308E-10 2.8477E-10 2.9920E-10 3.1501E-10 3.2956E-10 3.4297E-10 3.5837E-10 3.7280E-10 3.8490E-10 3.9983E-10
5.2658E-11 5.4660E-11 5.6728E-11 5.8851E-11 6.1062E-11 6.3343E-11 6.5682E-11 6.7876E-11 7.0384E-11 7.2948E-11 7.5346E-11 7.8092E-11 8.0645E-11 8.3014E-11 8.5956E-11 8.8721E-11 9.1264E-11 9.4148E-11 9.7101E-11 9.9827E-11 1.0290E-10 1.0577E-10 1.0869E-10 1.1224E-10 1.1530E-10 1.1844E-10 1.2249E-10 1.2634E-10 1.3058E-10 1.3435E-10 1.3909E-10 1.4397E-10 1.4803E-10 1.5285E-10 1.5841E-10 1.6329E-10 1.6896E-10 1.7417E-10 1.7951E-10 1.8593E-10 1.9094E-10 1.9823E-10 2.0507E-10 2.1313E-10 2.2249E-10 2.3019E-10 2.4027E-10 2.5124E-10 2.6505E-10 2.7672E-10 2.9020E-10 3.0531E-10 3.1938E-10 3.3073E-10 3.4351E-10 3.6052E-10 3.7186E-10
4.9390E-11 5.1288E-11 5.3434E-11 5.5251E-11 5.7318E-11 5.9677E-11 6.1898E-11 6.4207E-11 6.6555E-11 6.8756E-11 7.1286E-11 7.3857E-11 7.6033E-11 7.8777E-11 8.1327E-11 8.3663E-11 8.6598E-11 8.9075E-11 9.1597E-11 9.4458E-11 9.7089E-11 1.0006E-10 1.0310E-10 1.0620E-10 1.0909E-10 1.1232E-10 1.1587E-10 1.1898E-10 1.2301E-10 1.2738E-10 1.3045E-10 1.3505E-10 1.3978E-10 1.4429E-10 1.4895E-10 1.5379E-10 1.5914E-10 1.6402E-10 1.6906E-10 1.7469E-10 1.8047E-10 1.8645E-10 1.9240E-10 2.0000E-10 2.0783E-10 2.1588E-10 2.2486E-10 2.3307E-10 2.4470E-10 2.5689E-10 2.6978E-10 2.8101E-10 2.9376E-10 3.0586E-10 3.1723E-10 3.3179E-10 3.4484E-10
4.6443E-11 4.8244E-11 5.0089E-11 5.2186E-11 5.3943E-11 5.6188E-11 5.8057E-11 6.0423E-11 6.2461E-11 6.4743E-11 6.7117E-11 6.9336E-11 7.1834E-11 7.4191E-11 7.6604E-11 7.9315E-11 8.1855E-11 8.4179E-11 8.6825E-11 8.9276E-11 9.2020E-11 9.4577E-11 9.7176E-11 1.0011E-10 1.0310E-10 1.0615E-10 1.0901E-10 1.1272E-10 1.1623E-10 1.1932E-10 1.2356E-10 1.2791E-10 1.3097E-10 1.3556E-10 1.4052E-10 1.4444E-10 1.4969E-10 1.5431E-10 1.5966E-10 1.6497E-10 1.6938E-10 1.7543E-10 1.8122E-10 1.8652E-10 1.9387E-10 2.0143E-10 2.1017E-10 2.1787E-10 2.2628E-10 2.3693E-10 2.4809E-10 2.6090E-10 2.6997E-10 2.8383E-10 2.9536E-10 3.0616E-10 3.1696E-10
4.3628E-11 4.5315E-11 4.7255E-11 4.9052E-11 5.0908E-11 5.2812E-11 5.4795E-11 5.6842E-11 5.8938E-11 6.0893E-11 6.3141E-11 6.5437E-11 6.7573E-11 7.0033E-11 7.2305E-11 7.4399E-11 7.7027E-11 7.9485E-11 8.1725E-11 8.4282E-11 8.6899E-11 8.9293E-11 9.2003E-11 9.4525E-11 9.7086E-11 1.0023E-10 1.0291E-10 1.0565E-10 1.0924E-10 1.1263E-10 1.1588E-10 1.1970E-10 1.2392E-10 1.2826E-10 1.3183E-10 1.3612E-10 1.4108E-10 1.4540E-10 1.4946E-10 1.5506E-10 1.5979E-10 1.6508E-10 1.6990E-10 1.7549E-10 1.8107E-10 1.8769E-10 1.9594E-10 2.0387E-10 2.1166E-10 2.1985E-10 2.2910E-10 2.3974E-10 2.5142E-10 2.6171E-10 2.7157E-10 2.8181E-10 2.9375E-10
4.0255E-11 4.2346E-11 4.4173E-11 4.5871E-11 4.7989E-11 4.9415E-11 5.1457E-11 5.3381E-11 5.5366E-11 5.7430E-11 5.9526E-11 6.1481E-11 6.3739E-11 6.6033E-11 6.7950E-11 7.0399E-11 7.2659E-11 7.4709E-11 7.7322E-11 7.9497E-11 8.1707E-11 8.4233E-11 8.6533E-11 8.9145E-11 9.1816E-11 9.4297E-11 9.7063E-11 9.9893E-11 1.0252E-10 1.0573E-10 1.0928E-10 1.1315E-10 1.1582E-10 1.1991E-10 1.2411E-10 1.2755E-10 1.3170E-10 1.3650E-10 1.4126E-10 1.4556E-10 1.5002E-10 1.5459E-10 1.5970E-10 1.6433E-10 1.7018E-10 1.7553E-10 1.8194E-10 1.8940E-10 1.9750E-10 2.0448E-10 2.1232E-10 2.2117E-10 2.3033E-10 2.4038E-10 2.4901E-10 2.5933E-10 2.7124E-10
3.6386E-11 3.9035E-11 4.1034E-11 4.2637E-11 4.4406E-11 4.6282E-11 4.7835E-11 4.9843E-11 5.1625E-11 5.3742E-11 5.5545E-11 5.7574E-11 5.9462E-11 6.1853E-11 6.4106E-11 6.5950E-11 6.8081E-11 7.0262E-11 7.2727E-11 7.4757E-11 7.7084E-11 7.9227E-11 8.1632E-11 8.3860E-11 8.6120E-11 8.8689E-11 9.1304E-11 9.3868E-11 9.6590E-11 9.9854E-11 1.0246E-10 1.0563E-10 1.0938E-10 1.1273E-10 1.1588E-10 1.1995E-10 1.2435E-10 1.2778E-10 1.3193E-10 1.3652E-10 1.4067E-10 1.4553E-10 1.4977E-10 1.5430E-10 1.5978E-10 1.6437E-10 1.6996E-10 1.7566E-10 1.8282E-10 1.9102E-10 1.9862E-10 2.0473E-10 2.1318E-10 2.2240E-10 2.3071E-10 2.3909E-10 2.4679E-10
3.1945E-11 3.4710E-11 3.7107E-11 3.8877E-11 4.1027E-11 4.2442E-11 4.4382E-11 4.6063E-11 4.7947E-11 4.9757E-11 5.1610E-11 5.3460E-11 5.5583E-11 5.7612E-11 5.9491E-11 6.1667E-11 6.3663E-11 6.5489E-11 6.7808E-11 6.9967E-11 7.1912E-11 7.4151E-11 7.6205E-11 7.8515E-11 8.0649E-11 8.3063E-11 8.5277E-11 8.8029E-11 9.0478E-11 9.2853E-11 9.6424E-11 9.9401E-11 1.0198E-10 1.0560E-10 1.0932E-10 1.1214E-10 1.1580E-10 1.2006E-10 1.2445E-10 1.2787E-10 1.3179E-10 1.3635E-10 1.4086E-10 1.4453E-10 1.4888E-10 1.5415E-10 1.5855E-10 1.6391E-10 1.6978E-10 1.7620E-10 1.8404E-10 1.9052E-10 1.9709E-10 2.0444E-10 2.1247E-10 2.2030E-10 2.2971E-10
2.7481E-11 3.0364E-11 3.3238E-11 3.5092E-11 3.7103E-11 3.8714E-11 4.0235E-11 4.1940E-11 4.3687E-11 4.5554E-11 4.7244E-11 4.9025E-11 5.1000E-11 5.3048E-11 5.5031E-11 5.6833E-11 5.8842E-11 6.1133E-11 6.3107E-11 6.4877E-11 6.7170E-11 6.9051E-11 7.0959E-11 7.3158E-11 7.5137E-11 7.7402E-11 7.9490E-11 8.1855E-11 8.4245E-11 8.6588E-11 8.8854E-11 9.2159E-11 9.5415E-11 9.8452E-11 1.0183E-10 1.0542E-10 1.0864E-10 1.1166E-10 1.1577E-10 1.2001E-10 1.2329E-10 1.2706E-10 1.3145E-10 1.3578E-10 1.3984E-10 1.4421E-10 1.4851E-10 1.5350E-10 1.5783E-10 1.6388E-10 1.6956E-10 1.7702E-10 1.8318E-10 1.8987E-10 1.9639E-10 2.0401E-10 2.1143E-10
2.2632E-11 2.5323E-11 2.7694E-11 3.0392E-11 3.2317E-11 3.4412E-11 3.6085E-11 3.8113E-11 3.9407E-11 4.1267E-11 4.2881E-11 4.4685E-11 4.6692E-11 4.8458E-11 5.0226E-11 5.2267E-11 5.4203E-11 5.5787E-11 5.7995E-11 5.9885E-11 6.1808E-11 6.3774E-11 6.5711E-11 6.7771E-11 6.9636E-11 7.1755E-11 7.3687E-11 7.5677E-11 7.7938E-11 8.0220E-11 8.2699E-11 8.4846E-11 8.7503E-11 9.0776E-11 9.3731E-11 9.7087E-11 1.0098E-10 1.0498E-10 1.0799E-10 1.1150E-10 1.1558E-10 1.1925E-10 1.2283E-10 1.2656E-10 1.3070E-10 1.3496E-10 1.3876E-10 1.4287E-10 1.4763E-10 1.5175E-10 1.5751E-10 1.6290E-10 1.6934E-10 1.7515E-10 1.8216E-10 1.8832E-10 1.9553E-10
1.8122E-11 2.0266E-11 2.2385E-11 2.4644E-11 2.7518E-11 2.9588E-11 3.1229E-11 3.2965E-11 3.4784E-11 3.6486E-11 3.8119E-11 4.0052E-11 4.1781E-11 4.3574E-11 4.5082E-11 4.7119E-11 4.9063E-11 5.1085E-11 5.2589E-11 5.4353E-11 5.6298E-11 5.8356E-11 6.0009E-11 6.1931E-11 6.4117E-11 6.5891E-11 6.7913E-11 6.9749E-11 7.1863E-11 7.3651E-11 7.5676E-11 7.7897E-11 7.9868E-11 8.2455E-11 8.6352E-11 8.9462E-11 9.2517E-11 9.5717E-11 9.9727E-11 1.0372E-10 1.0668E-10 1.1089E-10 1.1488E-10 1.1811E-10 1.2167E-10 1.2563E-10 1.2970E-10 1.3384E-10 1.3723E-10 1.4142E-10 1.4608E-10 1.5115E-10 1.5624E-10 1.6235E-10 1.6784E-10 1.7315E-10 1.7822E-10
1.4826E-11 1.7019E-11 1.9324E-11 2.1405E-11 2.3479E-11 2.5637E-11 2.7393E-11 2.8790E-11 3.0273E-11 3.1883E-11 3.3452E-11 3.5007E-11 3.6779E-11 3.8619E-11 4.0184E-11 4.2134E-11 4.3607E-11 4.5610E-11 4.7405E-11 4.9539E-11 5.1011E-11 5.2851E-11 5.4765E-11 5.6554E-11 5.8163E-11 5.9824E-11 6.1851E-11 6.3574E-11 6.5542E-11 6.7323E-11 6.9584E-11 7.1226E-11 7.3188E-11 7.5761E-11 7.7742E-11 8.0217E-11 8.3614E-11 8.7751E-11 9.1211E-11 9.4829E-11 9.8657E-11 1.0184E-10 1.0538E-10 1.0934E-10 1.1307E-10 1.1687E-10 1.2030E-10 1.2417E-10 1.2826E-10 1.3146E-10 1.3558E-10 1.4000E-10 1.4480E-10 1.4976E-10 1.5408E-10 1.6056E-10 1.6556E-10
1.2193E-11 1.4025E-11 1.6151E-11 1.8339E-11 2.0340E-11 2.2426E-11 2.4443E-11 2.6301E-11 2.7562E-11 2.8627E-11 3.0199E-11 3.1575E-11 3.3176E-11 3.4495E-11 3.5934E-11 3.7567E-11 3.9282E-11 4.1037E-11 4.2486E-11 4.4139E-11 4.5983E-11 4.7724E-11 4.9127E-11 5.1101E-11 5.2801E-11 5.4321E-11 5.6103E-11 5.7826E-11 5.9690E-11 6.1560E-11 6.3473E-11 6.5398E-11 6.6944E-11 6.8948E-11 7.1400E-11 7.3419E-11 7.5538E-11 7.8186E-11 8.0496E-11 8.3653E-11 8.8322E-11 9.3515E-11 9.6983E-11 9.9940E-11 1.0372E-10 1.0728E-10 1.1090E-10 1.1415E-10 1.1811E-10 1.2204E-10 1.2565E-10 1.2921E-10 1.3354E-10 1.3759E-10 1.4289E-10 1.4695E-10 1.5128E-10
9.7162E-12 1.1273E-11 1.3146E-11 1.5232E-11 1.7195E-11 1.9278E-11 2.1301E-11 2.3104E-11 2.4902E-11 2.6114E-11 2.7440E-11 2.8649E-11 3.0136E-11 3.1514E-11 3.2941E-11 3.4158E-11 3.5935E-11 3.7320E-11 3.8864E-11 4.0246E-11 4.1850E-11 4.3537E-11 4.5057E-11 4.6601E-11 4.8071E-11 4.9835E-11 5.1577E-11 5.3054E-11 5.4543E-11 5.6084E-11 5.7857E-11 5.9671E-11 6.1493E-11 6.3144E-11 6.4843E-11 6.7175E-11 6.9171E-11 7.1392E-11 7.3842E-11 7.6499E-11 7.9095E-11 8.1310E-11 8.4806E-11 8.9148E-11 9.3516E-11 9.8013E-11 1.0171E-10 1.0515E-10 1.0822E-10 1.1169E-10 1.1556E-10 1.1897E-10 1.2234E-10 1.2671E-10 1.3039E-10 1.3431E-10 1.3759E-10
7.0018E-12 8.7677E-12 1.0425E-11 1.2079E-11 1.4313E-11 1.6344E-11 1.8387E-11 2.0041E-11 2.1858E-11 2.3670E-11 2.4832E-11 2.6263E-11 2.7115E-11 2.8625E-11 2.9949E-11 3.1402E-11 3.2663E-11 3.4112E-11 3.5438E-11 3.7088E-11 3.8783E-11 3.9970E-11 4.1387E-11 4.2837E-11 4.4592E-11 4.5979E-11 4.7330E-11 4.8907E-11 5.0391E-11 5.2004E-11 5.3447E-11 5.4940E-11 5.6750E-11 5.8477E-11 6.0243E-11 6.1639E-11 6.3856E-11 6.6134E-11 6.7850E-11 7.0174E-11 7.2694E-11 7.5072E-11 7.7161E-11 8.0506E-11 8.3585E-11 8.5713E-11 8.9194E-11 9.3655E-11 9.7699E-11 1.0180E-10 1.0521E-10 1.0918E-10 1.1255E-10 1.1571E-10 1.1913E-10 1.2272E-10 1.2621E-10
3.2274E-12 5.5512E-12 7.4790E-12 9.0528E-12 1.1090E-11 1.3249E-11 1.5151E-11 1.7203E-11 1.9091E-11 2.0697E-11 2.2300E-11 2.3413E-11 2.4792E-11 2.5980E-11 2.7054E-11 2.8483E-11 2.9714E-11 3.1160E-11 3.2391E-11 3.3575E-11 3.5322E-11 3.6785E-11 3.7910E-11 3.9259E-11 4.0723E-11 4.2404E-11 4.3636E-11 4.4915E-11 4.6500E-11 4.7822E-11 4.9438E-11 5.0800E-11 5.2210E-11 5.3842E-11 5.5475E-11 5.7144E-11 5.8452E-11 6.0555E-11 6.2717E-11 6.4330E-11 6.6740E-11 6.9006E-11 7.1260E-11 7.3225E-11 7.6326E-11 7.9247E-11 8.1780E-11 8.4415E-11 8.7206E-11 9.0084E-11 9.3541E-11 9.7182E-11 1.0127E-10 1.0448E-10 1.0817E-10 1.1183E-10 1.1491E-10
1.3496E-13 1.3062E-12 3.1132E-12 4.5604E-12 7.0961E-12 9.2131E-12 1.1608E-11 1.4051E-11 1.5912E-11 1.7708E-11 1.9514E-11 2.0871E-11 2.2083E-11 2.3407E-11 2.4625E-11 2.5584E-11 2.6873E-11 2.8047E-11 2.9593E-11 3.0787E-11 3.1994E-11 3.3414E-11 3.4809E-11 3.6246E-11 3.7432E-11 3.8636E-11 4.0156E-11 4.1514E-11 4.2795E-11 4.4123E-11 4.5370E-11 4.6816E-11 4.8297E-11 4.9427E-11 5.0970E-11 5.2510E-11 5.4175E-11 5.5599E-11 5.7388E-11 5.9435E-11 6.0948E-11 6.3229E-11 6.5461E-11 6.7500E-11 6.9664E-11 7.2201E-11 7.4965E-11 7.7368E-11 7.9857E-11 8.2586E-11 8.5308E-11 8.8173E-11 9.0877E-11 9.3998E-11 9.6206E-11 9.9066E-11 1.0254E-10
0.0000E+00 1.3119E-13 3.7895E-13 1.0081E-12 2.1181E-12 5.1193E-12 7.3002E-12 9.3223E-12 1.1847E-11 1.3769E-11 1.5800E-11 1.7717E-11 1.9239E-11 2.0484E-11 2.1703E-11 2.2867E-11 2.4055E-11 2.5207E-11 2.6323E-11 2.7807E-11 2.9097E-11 3.0008E-11 3.1532E-11 3.2860E-11 3.4313E-11 3.5353E-11 3.6407E-11 3.7938E-11 3.9311E-11 4.0523E-11 4.1693E-11 4.2866E-11 4.4231E-11 4.5628E-11 4.6950E-11 4.8229E-11 4.9679E-11 5.1160E-11 5.2673E-11 5.4179E-11 5.6112E-11 5.7526E-11 5.9679E-11 6.1694E-11 6.3705E-11 6.5831E-11 6.8234E-11 7.0844E-11 7.3118E-11 7.5371E-11 7.8045E-11 8.0522E-11 8.3054E-11 8.5765E-11 8.8707E-11 9.0611E-11 9.3228E-11
