Assets/Resources/2015_m01_d29_0900(utc+0800)_l00_csi_1hr_conc.grd
DSAA
         159         159
     -79.000      79.000
     -79.000      79.000
  0.0000E+00  0.1099E-04
[rows 75 to 99 of 159, columns 57 to 113 of 159]
1.6091E-09 1.7269E-09 1.8882E-09 2.0741E-09 2.3068E-09 2.5830E-09 2.8375E-09 3.1253E-09 3.4501E-09 3.8162E-09 4.3192E-09 4.9733E-09 5.9166E-09 7.3640E-09 9.5865E-09 1.5761E-08 2.8813E-08 4.8767E-08 7.9837E-08 1.2226E-07 1.7142E-07 2.1747E-07 2.4830E-07 3.2496E-07 2.3845E-07 1.6313E-07 1.3120E-07 9.3480E-08 8.4679E-08 7.9702E-08 7.5748E-08 6.4973E-08 6.2051E-08 5.5358E-08 5.2822E-08 5.0352E-08 4.6803E-08 4.2375E-08 4.1088E-08 3.9572E-08 3.8096E-08 3.5580E-08 3.2244E-08 2.8974E-08 2.6095E-08 2.3612E-08 2.1458E-08 1.9551E-08 1.7780E-08 1.5990E-08 1.4288E-08 1.2655E-08 1.1416E-08 1.0333E-08 9.2367E-09 8.2975E-09 7.6188E-09
1.5623E-09 1.6790E-09 1.8401E-09 2.0265E-09 2.3183E-09 2.5465E-09 2.8049E-09 3.0979E-09 3.4295E-09 3.8041E-09 4.3558E-09 5.1450E-09 6.3019E-09 8.1062E-09 1.0915E-08 2.2393E-08 3.9536E-08 6.9739E-08 1.1746E-07 1.8313E-07 2.5950E-07 3.3100E-07 3.7856E-07 5.3244E-07 2.9350E-07 1.9971E-07 1.6244E-07 1.4101E-07 1.0716E-07 9.9998E-08 9.3543E-08 7.9502E-08 7.3822E-08 6.8590E-08 6.0455E-08 5.6581E-08 5.1729E-08 4.6504E-08 4.4344E-08 4.2166E-08 4.0053E-08 3.7142E-08 3.3590E-08 3.0207E-08 2.7163E-08 2.4552E-08 2.2239E-08 2.0216E-08 1.8337E-08 1.6432E-08 1.4664E-08 1.2950E-08 1.1664E-08 1.0541E-08 9.3952E-09 8.4409E-09 7.7169E-09
1.5146E-09 1.6301E-09 1.7906E-09 1.9767E-09 2.2757E-09 2.5061E-09 2.7676E-09 3.0648E-09 3.4019E-09 3.7870E-09 4.4190E-09 5.2807E-09 6.6538E-09 8.8882E-09 1.4647E-08 2.7868E-08 5.1024E-08 9.2425E-08 1.5825E-07 2.4917E-07 3.7839E-07 6.5121E-07 1.0393E-06 7.2515E-07 3.4337E-07 2.3999E-07 1.9811E-07 1.7380E-07 1.3531E-07 1.2530E-07 1.1516E-07 1.0469E-07 8.7728E-08 7.9442E-08 6.8892E-08 6.3272E-08 5.6852E-08 5.0668E-08 4.7480E-08 4.4591E-08 4.1991E-08 3.8660E-08 3.4927E-08 3.1381E-08 2.8196E-08 2.5452E-08 2.3036E-08 2.0852E-08 1.8864E-08 1.6849E-08 1.5015E-08 1.3222E-08 1.1889E-08 1.0727E-08 9.5342E-09 8.5516E-09 7.7977E-09
1.4664E-09 1.5803E-09 1.7699E-09 1.9248E-09 2.2299E-09 2.4616E-09 2.7252E-09 3.0254E-09 3.3667E-09 3.7537E-09 4.4583E-09 5.4307E-09 7.0219E-09 9.5823E-09 1.6539E-08 3.2606E-08 6.1038E-08 1.1195E-07 1.9310E-07 3.0537E-07 5.7837E-07 1.5475E-06 3.2683E-06 8.2909E-07 3.8422E-07 2.7929E-07 2.3373E-07 2.0957E-07 1.9042E-07 1.5523E-07 1.4016E-07 1.2447E-07 1.0308E-07 9.1337E-08 7.7968E-08 7.0285E-08 6.2076E-08 5.4777E-08 5.0533E-08 4.6859E-08 4.3714E-08 4.0109E-08 3.6165E-08 3.2532E-08 2.9201E-08 2.6300E-08 2.3762E-08 2.1442E-08 1.9349E-08 1.7231E-08 1.5332E-08 1.3463E-08 1.2085E-08 1.0888E-08 9.6509E-09 8.6340E-09 7.8680E-09
1.4174E-09 1.5297E-09 1.7176E-09 1.9278E-09 2.1806E-09 2.4128E-09 2.6775E-09 2.9794E-09 3.3234E-09 3.7140E-09 4.4964E-09 5.5107E-09 7.0493E-09 1.0225E-08 1.7899E-08 3.5653E-08 6.7076E-08 1.2325E-07 2.1269E-07 3.3638E-07 7.2887E-07 2.3550E-06 5.3097E-06 1.0989E-05 4.0816E-07 3.1124E-07 2.6856E-07 2.4674E-07 2.2773E-07 1.8812E-07 1.6705E-07 1.4532E-07 1.1885E-07 1.0334E-07 8.7114E-08 7.7364E-08 6.7321E-08 5.8766E-08 5.3346E-08 4.8950E-08 4.5278E-08 4.1423E-08 3.7319E-08 3.3551E-08 3.0090E-08 2.7057E-08 2.4413E-08 2.2008E-08 1.9771E-08 1.7561E-08 1.5604E-08 1.3664E-08 1.2246E-08 1.1016E-08 9.7402E-09 8.6926E-09 7.9292E-09
1.3680E-09 1.4782E-09 1.6337E-09 1.8739E-09 2.1279E-09 2.3595E-09 2.6242E-09 2.9265E-09 3.2715E-09 3.6640E-09 4.3493E-09 5.5380E-09 7.0714E-09 1.0593E-08 1.8462E-08 3.6332E-08 6.7757E-08 1.2354E-07 2.1194E-07 3.3398E-07 6.2846E-07 1.6814E-06 3.0583E-06 7.5390E-07 4.1666E-07 3.3454E-07 2.9880E-07 2.8311E-07 2.6545E-07 2.2136E-07 1.9347E-07 1.6563E-07 1.3400E-07 1.1469E-07 9.5940E-08 8.3962E-08 7.2277E-08 6.2521E-08 5.5958E-08 5.0910E-08 4.6642E-08 4.2538E-08 3.8293E-08 3.4427E-08 3.0898E-08 2.7713E-08 2.4959E-08 2.2465E-08 2.0125E-08 1.7828E-08 1.5820E-08 1.3818E-08 1.2366E-08 1.1109E-08 9.7986E-09 8.7248E-09 7.9552E-09
1.3181E-09 1.4260E-09 1.5788E-09 1.8178E-09 2.0716E-09 2.3018E-09 2.5652E-09 2.8665E-09 3.2109E-09 3.6032E-09 4.2125E-09 5.5228E-09 7.0643E-09 9.7303E-09 1.8216E-08 3.4684E-08 6.3360E-08 1.1359E-07 1.9252E-07 3.0083E-07 4.5152E-07 7.7525E-07 1.3648E-06 6.5006E-07 4.1026E-07 3.4758E-07 3.2262E-07 3.1645E-07 2.7879E-07 2.5161E-07 2.1731E-07 1.8362E-07 1.4764E-07 1.2492E-07 1.0384E-07 8.9824E-08 7.6680E-08 6.5790E-08 5.8196E-08 5.2569E-08 4.7835E-08 4.3457E-08 3.9075E-08 3.5123E-08 3.1515E-08 2.8241E-08 2.5376E-08 2.2804E-08 2.0397E-08 1.8025E-08 1.5969E-08 1.3916E-08 1.2438E-08 1.1160E-08 9.8229E-09 8.7283E-09 7.9511E-09
1.2678E-09 1.3733E-09 1.5228E-09 1.7595E-09 2.0118E-09 2.2396E-09 2.5006E-09 2.7995E-09 3.1415E-09 3.5317E-09 4.0861E-09 4.9165E-09 7.0178E-09 9.6787E-09 1.4499E-08 3.1396E-08 5.5574E-08 9.7097E-08 1.6116E-07 2.4784E-07 3.4872E-07 4.4566E-07 6.8962E-07 5.4338E-07 3.9127E-07 3.4849E-07 3.3831E-07 3.4456E-07 3.0896E-07 2.7592E-07 2.3601E-07 1.9012E-07 1.5861E-07 1.3357E-07 1.1027E-07 9.4545E-08 8.0198E-08 6.8361E-08 5.9895E-08 5.3823E-08 4.8733E-08 4.4172E-08 3.9713E-08 3.5642E-08 3.1933E-08 2.8592E-08 2.5647E-08 2.3010E-08 2.0555E-08 1.8136E-08 1.6051E-08 1.3953E-08 1.2457E-08 1.1167E-08 9.8103E-09 8.7013E-09 7.9205E-09
1.2173E-09 1.3201E-09 1.4658E-09 1.6991E-09 1.9487E-09 2.1730E-09 2.4304E-09 2.7255E-09 3.0635E-09 3.4497E-09 4.0189E-09 4.8408E-09 6.3561E-09 9.1573E-09 1.3262E-08 2.5579E-08 4.6614E-08 7.8590E-08 1.2692E-07 1.9193E-07 2.6769E-07 3.4172E-07 4.3360E-07 4.4589E-07 3.6086E-07 3.3703E-07 3.4845E-07 3.4532E-07 3.2961E-07 2.9095E-07 2.4696E-07 1.9918E-07 1.6611E-07 1.3596E-07 1.1517E-07 9.7759E-08 8.2537E-08 6.9978E-08 6.1227E-08 5.4566E-08 4.9234E-08 4.4567E-08 4.0153E-08 3.5974E-08 3.2198E-08 2.8795E-08 2.5753E-08 2.3075E-08 2.0572E-08 1.8143E-08 1.6053E-08 1.3929E-08 1.2419E-08 1.1125E-08 9.7586E-09 8.6425E-09 7.8628E-09
1.1667E-09 1.2665E-09 1.4081E-09 1.6367E-09 1.8825E-09 2.1023E-09 2.3549E-09 2.6448E-09 2.9769E-09 3.3591E-09 3.9191E-09 4.5570E-09 5.8160E-09 8.7567E-09 1.2016E-08 2.0796E-08 3.8167E-08 6.1809E-08 9.6776E-08 1.4323E-07 1.9754E-07 2.5182E-07 3.1194E-07 3.6131E-07 3.2481E-07 3.1837E-07 3.3013E-07 3.5593E-07 3.3694E-07 2.9491E-07 2.4166E-07 2.0220E-07 1.6958E-07 1.3906E-07 1.1776E-07 9.9469E-08 8.1571E-08 7.0562E-08 6.1569E-08 5.4716E-08 4.9285E-08 4.4580E-08 4.0188E-08 3.6026E-08 3.2245E-08 2.8834E-08 2.5739E-08 2.3006E-08 2.0456E-08 1.8036E-08 1.5962E-08 1.3836E-08 1.2329E-08 1.1033E-08 9.6668E-09 8.5515E-09 7.7776E-09
1.1161E-09 1.2127E-09 1.3194E-09 1.5727E-09 1.8133E-09 2.0277E-09 2.2744E-09 2.5577E-09 2.8824E-09 3.2572E-09 3.7932E-09 4.4317E-09 5.3329E-09 7.6647E-09 1.1240E-08 1.6620E-08 2.7825E-08 4.8287E-08 7.3109E-08 1.0571E-07 1.4392E-07 1.8315E-07 2.3068E-07 2.6564E-07 2.6459E-07 2.7270E-07 3.2190E-07 3.4971E-07 3.2967E-07 2.7993E-07 2.3627E-07 1.9892E-07 1.6458E-07 1.3899E-07 1.1788E-07 9.9440E-08 8.1440E-08 7.0011E-08 6.1128E-08 5.4211E-08 4.8822E-08 4.4179E-08 3.9871E-08 3.5764E-08 3.2033E-08 2.8653E-08 2.5561E-08 2.2830E-08 2.0259E-08 1.7836E-08 1.5772E-08 1.3667E-08 1.2181E-08 1.0895E-08 9.5347E-09 8.4282E-09 7.6653E-09
1.0657E-09 1.1588E-09 1.2620E-09 1.5073E-09 1.7416E-09 1.9497E-09 2.1893E-09 2.4647E-09 2.7806E-09 3.1445E-09 3.6497E-09 4.2837E-09 5.1468E-09 6.7605E-09 1.0347E-08 1.4176E-08 2.3958E-08 3.4913E-08 5.5672E-08 7.8638E-08 1.0584E-07 1.3512E-07 1.8106E-07 2.1593E-07 2.2517E-07 2.4201E-07 2.9786E-07 3.2663E-07 3.0129E-07 2.6337E-07 2.2401E-07 1.9021E-07 1.5853E-07 1.3552E-07 1.1574E-07 9.5578E-08 8.0223E-08 6.8508E-08 5.9744E-08 5.3065E-08 4.7842E-08 4.3338E-08 3.9172E-08 3.5186E-08 3.1558E-08 2.8239E-08 2.5197E-08 2.2504E-08 1.9952E-08 1.7571E-08 1.5530E-08 1.3430E-08 1.1970E-08 1.0710E-08 9.3671E-09 8.2739E-09 7.5268E-09
1.0156E-09 1.1051E-09 1.2045E-09 1.4407E-09 1.6676E-09 1.8686E-09 2.1002E-09 2.3666E-09 2.6722E-09 3.0223E-09 3.4989E-09 4.0980E-09 4.9408E-09 5.9951E-09 9.4052E-09 1.2683E-08 1.9675E-08 2.9004E-08 4.0742E-08 5.5758E-08 7.6788E-08 1.0129E-07 1.4005E-07 1.7130E-07 1.8556E-07 2.0571E-07 2.5289E-07 2.8292E-07 2.7084E-07 2.3944E-07 2.0639E-07 1.7346E-07 1.4879E-07 1.2831E-07 1.1130E-07 9.2186E-08 7.7704E-08 6.6425E-08 5.7717E-08 5.1200E-08 4.6244E-08 4.2051E-08 3.8115E-08 3.4286E-08 3.0808E-08 2.7601E-08 2.4648E-08 2.2018E-08 1.9518E-08 1.7208E-08 1.5217E-08 1.3159E-08 1.1725E-08 1.0484E-08 9.1648E-09 8.0930E-09 7.3636E-09
9.6582E-10 1.0517E-09 1.1470E-09 1.3444E-09 1.5919E-09 1.7850E-09 2.0078E-09 2.2640E-09 2.5580E-09 2.8945E-09 3.3513E-09 3.9007E-09 4.7114E-09 5.6447E-09 8.0853E-09 1.1225E-08 1.6060E-08 2.3691E-08 3.2692E-08 4.4283E-08 5.8348E-08 7.4302E-08 1.0676E-07 1.2662E-07 1.3962E-07 1.6089E-07 2.0948E-07 2.3955E-07 2.3416E-07 2.1114E-07 1.8150E-07 1.5734E-07 1.3634E-07 1.1878E-07 1.0218E-07 8.7401E-08 7.4090E-08 6.3509E-08 5.5305E-08 4.9044E-08 4.4163E-08 4.0283E-08 3.6623E-08 3.3091E-08 2.9815E-08 2.6739E-08 2.3913E-08 2.1385E-08 1.8965E-08 1.6741E-08 1.4823E-08 1.2829E-08 1.1438E-08 1.0233E-08 8.9474E-09 7.8935E-09 7.1800E-09
9.1664E-10 9.9874E-10 1.0899E-09 1.2784E-09 1.5149E-09 1.6995E-09 1.9126E-09 2.1577E-09 2.4391E-09 2.7610E-09 3.1973E-09 3.6833E-09 4.4312E-09 5.2825E-09 6.9797E-09 9.8535E-09 1.2955E-08 1.8902E-08 2.5963E-08 3.4693E-08 4.5331E-08 5.7522E-08 8.0445E-08 9.7908E-08 1.0897E-07 1.2667E-07 1.6573E-07 1.9442E-07 1.9200E-07 1.7766E-07 1.5848E-07 1.3939E-07 1.2241E-07 1.0583E-07 9.3539E-08 8.0848E-08 6.9573E-08 5.9930E-08 5.2405E-08 4.6546E-08 4.1792E-08 3.8199E-08 3.4800E-08 3.1558E-08 2.8520E-08 2.5655E-08 2.3022E-08 2.0609E-08 1.8292E-08 1.6184E-08 1.4353E-08 1.2437E-08 1.1104E-08 9.9464E-09 8.7030E-09 7.6867E-09 6.9928E-09
8.6817E-10 9.4644E-10 1.0333E-09 1.1298E-09 1.4370E-09 1.6127E-09 1.8154E-09 2.0487E-09 2.3164E-09 2.6228E-09 3.0315E-09 3.4645E-09 4.1290E-09 4.9521E-09 5.8974E-09 8.2069E-09 1.1065E-08 1.5069E-08 2.0380E-08 2.7027E-08 3.4910E-08 4.4040E-08 6.0243E-08 7.4982E-08 8.4063E-08 9.3433E-08 1.2314E-07 1.4898E-07 1.5557E-07 1.4833E-07 1.3519E-07 1.2107E-07 1.0589E-07 9.4253E-08 8.4265E-08 7.3247E-08 6.3975E-08 5.5789E-08 4.9063E-08 4.3709E-08 3.9479E-08 3.5885E-08 3.2773E-08 2.9827E-08 2.7023E-08 2.4327E-08 2.1928E-08 1.9703E-08 1.7519E-08 1.5539E-08 1.3809E-08 1.1993E-08 1.0727E-08 9.6224E-09 8.4314E-09 7.4569E-09 6.7933E-09
8.2054E-10 8.9494E-10 9.7748E-10 1.0692E-09 1.3292E-09 1.5251E-09 1.7170E-09 1.9379E-09 2.1913E-09 2.4811E-09 2.8432E-09 3.2743E-09 3.7481E-09 4.6161E-09 5.4616E-09 6.9237E-09 9.0981E-09 1.1682E-08 1.6299E-08 2.1108E-08 2.6874E-08 3.3654E-08 4.3154E-08 5.2974E-08 6.0152E-08 7.0092E-08 9.1822E-08 1.1351E-07 1.2296E-07 1.2103E-07 1.1111E-07 1.0139E-07 9.1626E-08 8.2729E-08 7.4694E-08 6.5434E-08 5.7654E-08 5.1032E-08 4.5366E-08 4.0614E-08 3.6830E-08 3.3493E-08 3.0608E-08 2.7951E-08 2.5395E-08 2.2923E-08 2.0709E-08 1.8644E-08 1.6612E-08 1.4819E-08 1.3211E-08 1.1499E-08 1.0308E-08 9.2679E-09 8.1356E-09 7.2068E-09 6.5692E-09
7.7391E-10 8.4440E-10 9.2254E-10 1.0094E-09 1.1990E-09 1.4375E-09 1.6182E-09 1.8261E-09 2.0647E-09 2.3374E-09 2.6539E-09 3.0797E-09 3.5147E-09 4.1794E-09 4.8996E-09 5.9647E-09 7.7192E-09 9.7252E-09 1.2334E-08 1.6019E-08 2.0804E-08 2.5822E-08 3.2691E-08 4.0364E-08 4.6305E-08 5.3148E-08 6.7939E-08 8.5086E-08 9.3385E-08 9.5063E-08 9.1267E-08 8.5044E-08 7.8237E-08 7.1660E-08 6.5326E-08 5.7803E-08 5.1377E-08 4.5815E-08 4.1301E-08 3.7352E-08 3.3951E-08 3.0987E-08 2.8419E-08 2.5982E-08 2.3653E-08 2.1447E-08 1.9422E-08 1.7525E-08 1.5657E-08 1.4004E-08 1.2534E-08 1.0964E-08 9.8596E-09 8.8834E-09 7.8169E-09 6.9417E-09 6.3190E-09
7.2839E-10 7.9498E-10 8.6874E-10 9.5073E-10 1.1000E-09 1.3504E-09 1.5197E-09 1.7145E-09 1.9378E-09 2.1930E-09 2.4837E-09 2.8832E-09 3.2878E-09 3.8143E-09 4.4558E-09 5.2828E-09 6.4317E-09 8.1759E-09 9.9615E-09 1.2578E-08 1.5913E-08 2.0152E-08 2.4307E-08 2.8702E-08 3.3069E-08 3.8366E-08 4.8434E-08 6.1491E-08 7.1211E-08 7.4854E-08 7.3940E-08 7.0489E-08 6.6079E-08 6.1400E-08 5.6603E-08 5.0552E-08 4.5354E-08 4.0643E-08 3.7017E-08 3.3866E-08 3.0998E-08 2.8413E-08 2.6185E-08 2.3997E-08 2.1866E-08 1.9929E-08 1.8097E-08 1.6360E-08 1.4673E-08 1.3163E-08 1.1817E-08 1.0372E-08 9.3651E-09 8.4766E-09 7.4836E-09 6.6613E-09 6.0697E-09
6.8412E-10 7.4683E-10 8.1627E-10 8.9337E-10 9.7883E-10 1.2363E-09 1.4223E-09 1.6037E-09 1.8117E-09 2.0492E-09 2.3195E-09 2.6752E-09 3.0608E-09 3.4935E-09 4.0732E-09 4.7498E-09 5.4912E-09 6.7976E-09 8.1435E-09 1.0208E-08 1.2564E-08 1.4983E-08 1.9030E-08 2.2350E-08 2.5759E-08 2.9049E-08 3.4921E-08 4.5567E-08 5.3869E-08 5.8392E-08 5.9325E-08 5.7911E-08 5.5287E-08 5.2174E-08 4.8651E-08 4.3880E-08 3.9657E-08 3.5861E-08 3.2839E-08 3.0274E-08 2.7978E-08 2.5829E-08 2.3895E-08 2.1961E-08 2.0130E-08 1.8403E-08 1.6762E-08 1.5178E-08 1.3680E-08 1.2314E-08 1.1092E-08 9.7720E-09 8.8514E-09 8.0357E-09 7.1245E-09 6.3611E-09 5.8234E-09
6.4120E-10 7.0007E-10 7.6525E-10 8.3751E-10 9.1765E-10 1.1265E-09 1.3266E-09 1.4948E-09 1.6874E-09 1.9073E-09 2.1573E-09 2.4445E-09 2.8362E-09 3.2280E-09 3.7543E-09 4.2990E-09 4.9247E-09 5.9066E-09 6.9163E-09 8.3459E-09 1.0168E-08 1.1997E-08 1.4410E-08 1.7338E-08 2.0387E-08 2.2995E-08 2.6993E-08 3.4096E-08 4.0797E-08 4.5345E-08 4.7276E-08 4.7222E-08 4.5958E-08 4.4088E-08 4.1530E-08 3.7784E-08 3.4497E-08 3.1570E-08 2.8985E-08 2.6814E-08 2.5000E-08 2.3308E-08 2.1623E-08 1.9941E-08 1.8399E-08 1.6897E-08 1.5431E-08 1.4032E-08 1.2696E-08 1.1472E-08 1.0370E-08 9.1755E-09 8.3385E-09 7.5945E-09 6.7515E-09 6.0287E-09 5.5600E-09
5.9073E-10 6.5485E-10 7.1583E-10 7.8334E-10 8.5825E-10 9.9932E-10 1.2051E-09 1.3883E-09 1.5660E-09 1.7684E-09 1.9985E-09 2.2587E-09 2.6164E-09 2.9734E-09 3.3878E-09 3.9335E-09 4.4942E-09 5.1329E-09 5.9557E-09 7.0253E-09 8.0705E-09 1.0086E-08 1.1627E-08 1.3738E-08 1.6169E-08 1.8184E-08 2.0264E-08 2.4526E-08 3.1055E-08 3.5160E-08 3.7565E-08 3.8371E-08 3.8055E-08 3.7011E-08 3.5195E-08 3.2435E-08 2.9888E-08 2.7548E-08 2.5396E-08 2.3698E-08 2.2201E-08 2.0795E-08 1.9354E-08 1.8009E-08 1.6687E-08 1.5410E-08 1.4138E-08 1.2916E-08 1.1736E-08 1.0648E-08 9.6621E-09 8.5903E-09 7.8325E-09 7.1502E-09 6.3819E-09 5.7226E-09 5.2876E-09
5.3615E-10 6.1126E-10 6.6814E-10 7.3104E-10 8.0081E-10 8.7810E-10 1.0899E-09 1.2853E-09 1.4481E-09 1.6336E-09 1.8441E-09 2.0821E-09 2.3595E-09 2.7268E-09 3.0927E-09 3.5800E-09 4.0814E-09 4.6475E-09 5.2870E-09 6.0757E-09 6.8962E-09 8.0899E-09 9.5495E-09 1.1167E-08 1.3034E-08 1.4560E-08 1.6327E-08 1.9270E-08 2.3913E-08 2.7434E-08 2.9831E-08 3.1071E-08 3.1328E-08 3.0969E-08 2.9793E-08 2.7751E-08 2.5758E-08 2.3905E-08 2.2245E-08 2.0859E-08 1.9636E-08 1.8415E-08 1.7276E-08 1.6157E-08 1.5046E-08 1.3930E-08 1.2892E-08 1.1846E-08 1.0813E-08 9.8535E-09 8.9772E-09 8.0213E-09 7.3297E-09 6.7176E-09 5.9952E-09 5.4213E-09 5.0181E-09
4.9319E-10 5.6301E-10 6.2230E-10 6.8076E-10 7.4550E-10 8.1726E-10 9.5654E-10 1.1281E-09 1.3346E-09 1.5037E-09 1.6954E-09 1.9119E-09 2.1552E-09 2.4901E-09 2.8191E-09 3.1885E-09 3.6901E-09 4.1889E-09 4.7495E-09 5.3769E-09 6.0736E-09 6.8461E-09 7.9976E-09 9.3192E-09 1.0459E-08 1.1804E-08 1.3315E-08 1.4952E-08 1.8138E-08 2.1505E-08 2.3734E-08 2.5163E-08 2.5814E-08 2.5870E-08 2.5114E-08 2.3628E-08 2.2171E-08 2.0760E-08 1.9432E-08 1.8309E-08 1.7251E-08 1.6334E-08 1.5391E-08 1.4429E-08 1.3476E-08 1.2570E-08 1.1686E-08 1.0812E-08 9.9368E-09 9.0960E-09 8.3175E-09 7.4635E-09 6.8445E-09 6.2841E-09 5.6497E-09 5.1230E-09 4.7490E-09
4.5616E-10 5.0734E-10 5.7840E-10 6.3258E-10 6.9247E-10 7.5889E-10 8.3225E-10 1.0405E-09 1.1965E-09 1.3795E-09 1.5532E-09 1.7491E-09 1.9690E-09 2.2150E-09 2.5592E-09 2.8886E-09 3.2706E-09 3.7601E-09 4.2490E-09 4.7935E-09 5.3952E-09 6.0546E-09 6.7709E-09 7.8016E-09 8.6915E-09 9.8281E-09 1.0768E-08 1.1811E-08 1.4116E-08 1.6974E-08 1.9012E-08 2.0372E-08 2.1202E-08 2.1509E-08 2.1134E-08 2.0129E-08 1.9087E-08 1.7998E-08 1.6911E-08 1.5988E-08 1.5203E-08 1.4457E-08 1.3685E-08 1.2864E-08 1.2060E-08 1.1307E-08 1.0562E-08 9.8193E-09 9.0976E-09 8.3716E-09 7.6800E-09 6.9307E-09 6.3732E-09 5.8755E-09 5.3106E-09 4.8299E-09 4.4984E-09
