Assets/Resources/2015_m01_d19_1600(utc+0800)_l00_csi_1hr_conc.grd
DSAA
         159         159
     -79.000      79.000
     -79.000      79.000
  0.0000E+00  0.4163E-05
[rows 75 to 99 of 159, columns 0 to 56 of 159]
6.5730E-10 7.0259E-10 7.4646E-10 8.0102E-10 8.6043E-10 9.2672E-10 1.0015E-09 1.0824E-09 1.1692E-09 1.2653E-09 1.3693E-09 1.4803E-09 1.6007E-09 1.7212E-09 1.8521E-09 2.0114E-09 2.1845E-09 2.3844E-09 2.6078E-09 2.8432E-09 3.1009E-09 3.3820E-09 3.6813E-09 4.0153E-09 4.3649E-09 4.7357E-09 5.1419E-09 5.5557E-09 5.9848E-09 6.4614E-09 6.9327E-09 7.4448E-09 7.9554E-09 8.4847E-09 9.0477E-09 9.6153E-09 1.0204E-08 1.0815E-08 1.1473E-08 1.2118E-08 1.2769E-08 1.3473E-08 1.4173E-08 1.4868E-08 1.5639E-08 1.6393E-08 1.7226E-08 1.8072E-08 1.8986E-08 1.9942E-08 2.0992E-08 2.2110E-08 2.3353E-08 2.4698E-08 2.6165E-08 2.7838E-08 2.9709E-08
5.6925E-10 6.1037E-10 6.5009E-10 6.9463E-10 7.4563E-10 7.9859E-10 8.6697E-10 9.3735E-10 1.0140E-09 1.0991E-09 1.1815E-09 1.2561E-09 1.3432E-09 1.4612E-09 1.5939E-09 1.7485E-09 1.9133E-09 2.0946E-09 2.2957E-09 2.5113E-09 2.7466E-09 3.0051E-09 3.2873E-09 3.5984E-09 3.9220E-09 4.2634E-09 4.6383E-09 5.0244E-09 5.4222E-09 5.8700E-09 6.3140E-09 6.7996E-09 7.2852E-09 7.7908E-09 8.3334E-09 8.8814E-09 9.4511E-09 1.0047E-08 1.0687E-08 1.1323E-08 1.1968E-08 1.2673E-08 1.3371E-08 1.4075E-08 1.4855E-08 1.5617E-08 1.6467E-08 1.7317E-08 1.8242E-08 1.9190E-08 2.0235E-08 2.1317E-08 2.2484E-08 2.3757E-08 2.5087E-08 2.6545E-08 2.8162E-08
4.9385E-10 5.2650E-10 5.6217E-10 6.0179E-10 6.4355E-10 6.9292E-10 7.4220E-10 7.9603E-10 8.4208E-10 8.9472E-10 9.7101E-10 1.0575E-09 1.1542E-09 1.2647E-09 1.3799E-09 1.5250E-09 1.6718E-09 1.8328E-09 2.0155E-09 2.2094E-09 2.4290E-09 2.6692E-09 2.9243E-09 3.2068E-09 3.5017E-09 3.8126E-09 4.1574E-09 4.5125E-09 4.8804E-09 5.2988E-09 5.7092E-09 6.1640E-09 6.6196E-09 7.0926E-09 7.6058E-09 8.1235E-09 8.6663E-09 9.2384E-09 9.8595E-09 1.0477E-08 1.1107E-08 1.1799E-08 1.2488E-08 1.3186E-08 1.3958E-08 1.4717E-08 1.5556E-08 1.6390E-08 1.7295E-08 1.8226E-08 1.9216E-08 2.0256E-08 2.1321E-08 2.2473E-08 2.3662E-08 2.4899E-08 2.6214E-08
4.2213E-10 4.5282E-10 4.8227E-10 5.1713E-10 5.3678E-10 5.4785E-10 5.8273E-10 6.3397E-10 6.9280E-10 7.5264E-10 8.2689E-10 9.0476E-10 9.9498E-10 1.0915E-09 1.1942E-09 1.3196E-09 1.4509E-09 1.5986E-09 1.7684E-09 1.9466E-09 2.1425E-09 2.3575E-09 2.5859E-09 2.8416E-09 3.1065E-09 3.3879E-09 3.7031E-09 4.0214E-09 4.3573E-09 4.7396E-09 5.1154E-09 5.5355E-09 5.9523E-09 6.3922E-09 6.8720E-09 7.3594E-09 7.8739E-09 8.4181E-09 9.0087E-09 9.6021E-09 1.0211E-08 1.0876E-08 1.1539E-08 1.2218E-08 1.2965E-08 1.3699E-08 1.4510E-08 1.5309E-08 1.6169E-08 1.7050E-08 1.7967E-08 1.8931E-08 1.9919E-08 2.0919E-08 2.1946E-08 2.2986E-08 2.4022E-08
3.3506E-10 3.4934E-10 3.5659E-10 3.8746E-10 4.2164E-10 4.5072E-10 4.9181E-10 5.2971E-10 5.8065E-10 6.4210E-10 7.0506E-10 7.7537E-10 8.5014E-10 9.3465E-10 1.0297E-09 1.1453E-09 1.2675E-09 1.4000E-09 1.5490E-09 1.7056E-09 1.8798E-09 2.0698E-09 2.2732E-09 2.5029E-09 2.7365E-09 2.9887E-09 3.2714E-09 3.5573E-09 3.8628E-09 4.2040E-09 4.5447E-09 4.9273E-09 5.3088E-09 5.7151E-09 6.1586E-09 6.6088E-09 7.0875E-09 7.5984E-09 8.1520E-09 8.7108E-09 9.2859E-09 9.9141E-09 1.0543E-08 1.1187E-08 1.1899E-08 1.2592E-08 1.3360E-08 1.4106E-08 1.4896E-08 1.5707E-08 1.6545E-08 1.7406E-08 1.8289E-08 1.9158E-08 2.0029E-08 2.0858E-08 2.1682E-08
2.5361E-10 2.6963E-10 2.9102E-10 3.1646E-10 3.4372E-10 3.7553E-10 4.1016E-10 4.5609E-10 4.9280E-10 5.3866E-10 5.9033E-10 6.5185E-10 7.3160E-10 8.1014E-10 8.9607E-10 9.9713E-10 1.1023E-09 1.2190E-09 1.3500E-09 1.4870E-09 1.6407E-09 1.8060E-09 1.9843E-09 2.1875E-09 2.3930E-09 2.6186E-09 2.8660E-09 3.1178E-09 3.3894E-09 3.6941E-09 4.0030E-09 4.3480E-09 4.6947E-09 5.0627E-09 5.4676E-09 5.8818E-09 6.3182E-09 6.7900E-09 7.3005E-09 7.8170E-09 8.3526E-09 8.9365E-09 9.5234E-09 1.0121E-08 1.0785E-08 1.1426E-08 1.2130E-08 1.2812E-08 1.3519E-08 1.4248E-08 1.4995E-08 1.5745E-08 1.6509E-08 1.7256E-08 1.7969E-08 1.8650E-08 1.9244E-08
1.8830E-10 2.1773E-10 2.3629E-10 2.5924E-10 2.9329E-10 3.1340E-10 3.3666E-10 3.7208E-10 4.1403E-10 4.5834E-10 5.1145E-10 5.6430E-10 6.2999E-10 7.0212E-10 7.7191E-10 8.6335E-10 9.5587E-10 1.0571E-09 1.1702E-09 1.2884E-09 1.4212E-09 1.5654E-09 1.7209E-09 1.8971E-09 2.0742E-09 2.2678E-09 2.4850E-09 2.7098E-09 2.9475E-09 3.2232E-09 3.4961E-09 3.8047E-09 4.1160E-09 4.4415E-09 4.8087E-09 5.1810E-09 5.5728E-09 6.0020E-09 6.4683E-09 6.9382E-09 7.4297E-09 7.9634E-09 8.4985E-09 9.0452E-09 9.6463E-09 1.0226E-08 1.0851E-08 1.1465E-08 1.2090E-08 1.2724E-08 1.3373E-08 1.4011E-08 1.4650E-08 1.5276E-08 1.5853E-08 1.6379E-08 1.6832E-08
1.5162E-10 1.6592E-10 1.8481E-10 2.0466E-10 2.2768E-10 2.5925E-10 2.8717E-10 3.2144E-10 3.5364E-10 3.9774E-10 4.4159E-10 4.8746E-10 5.3952E-10 6.0167E-10 6.6619E-10 7.4515E-10 8.2449E-10 9.0981E-10 1.0097E-09 1.1103E-09 1.2238E-09 1.3475E-09 1.4758E-09 1.6276E-09 1.7837E-09 1.9510E-09 2.1487E-09 2.3405E-09 2.5471E-09 2.7917E-09 3.0259E-09 3.2997E-09 3.5723E-09 3.8601E-09 4.1838E-09 4.5155E-09 4.8648E-09 5.2497E-09 5.6679E-09 6.0881E-09 6.5311E-09 7.0119E-09 7.4888E-09 7.9773E-09 8.5061E-09 9.0225E-09 9.5715E-09 1.0106E-08 1.0650E-08 1.1185E-08 1.1735E-08 1.2268E-08 1.2792E-08 1.3289E-08 1.3756E-08 1.4151E-08 1.4455E-08
1.0306E-10 1.2773E-10 1.4472E-10 1.7014E-10 1.9522E-10 2.1663E-10 2.4507E-10 2.7364E-10 3.0246E-10 3.3766E-10 3.7625E-10 4.1607E-10 4.6520E-10 5.1555E-10 5.6771E-10 6.3518E-10 7.0563E-10 7.7813E-10 8.6283E-10 9.4553E-10 1.0387E-09 1.1473E-09 1.2594E-09 1.3963E-09 1.5291E-09 1.6702E-09 1.8402E-09 2.0045E-09 2.1838E-09 2.3935E-09 2.5948E-09 2.8332E-09 3.0684E-09 3.3216E-09 3.6034E-09 3.8958E-09 4.2029E-09 4.5393E-09 4.9116E-09 5.2809E-09 5.6700E-09 6.0932E-09 6.5092E-09 6.9387E-09 7.3983E-09 7.8433E-09 8.3203E-09 8.7710E-09 9.2357E-09 9.6851E-09 1.0131E-08 1.0568E-08 1.0982E-08 1.1385E-08 1.1729E-08 1.2017E-08 1.2212E-08
7.8458E-11 9.7106E-11 1.2012E-10 1.3624E-10 1.5624E-10 1.8353E-10 2.0303E-10 2.2359E-10 2.5538E-10 2.8617E-10 3.1601E-10 3.5416E-10 3.9253E-10 4.3525E-10 4.7865E-10 5.3256E-10 5.8885E-10 6.5117E-10 7.2473E-10 7.9977E-10 8.8392E-10 9.7687E-10 1.0701E-09 1.1827E-09 1.2990E-09 1.4229E-09 1.5628E-09 1.7024E-09 1.8500E-09 2.0305E-09 2.2071E-09 2.4076E-09 2.6112E-09 2.8279E-09 3.0708E-09 3.3248E-09 3.5912E-09 3.8803E-09 4.2011E-09 4.5233E-09 4.8549E-09 5.2245E-09 5.5813E-09 5.9500E-09 6.3463E-09 6.7192E-09 7.1219E-09 7.5039E-09 7.8777E-09 8.2557E-09 8.6137E-09 8.9664E-09 9.2919E-09 9.5786E-09 9.8459E-09 1.0029E-08 1.0133E-08
5.5593E-11 7.1920E-11 8.9970E-11 1.0631E-10 1.2612E-10 1.4702E-10 1.6718E-10 1.9160E-10 2.1118E-10 2.3181E-10 2.6232E-10 2.8837E-10 3.1685E-10 3.4897E-10 3.9286E-10 4.4122E-10 4.9071E-10 5.4613E-10 6.0790E-10 6.7288E-10 7.4322E-10 8.2170E-10 9.0510E-10 9.9567E-10 1.0911E-09 1.1944E-09 1.3105E-09 1.4337E-09 1.5546E-09 1.7046E-09 1.8533E-09 2.0231E-09 2.1975E-09 2.3806E-09 2.5867E-09 2.7997E-09 3.0299E-09 3.2758E-09 3.5471E-09 3.8223E-09 4.1052E-09 4.4179E-09 4.7246E-09 5.0311E-09 5.3627E-09 5.6774E-09 5.9975E-09 6.3229E-09 6.6248E-09 6.9255E-09 7.2184E-09 7.4877E-09 7.7374E-09 7.9495E-09 8.1151E-09 8.2336E-09 8.2763E-09
4.1002E-11 5.1257E-11 6.6125E-11 8.2609E-11 9.3815E-11 1.1121E-10 1.3000E-10 1.4674E-10 1.6571E-10 1.8062E-10 2.0635E-10 2.2965E-10 2.5408E-10 2.8958E-10 3.1821E-10 3.5552E-10 4.0458E-10 4.5084E-10 5.0382E-10 5.6142E-10 6.1843E-10 6.8182E-10 7.5220E-10 8.2824E-10 9.0978E-10 9.9387E-10 1.0889E-09 1.1879E-09 1.2908E-09 1.4155E-09 1.5401E-09 1.6806E-09 1.8253E-09 1.9801E-09 2.1534E-09 2.3308E-09 2.5226E-09 2.7303E-09 2.9568E-09 3.1895E-09 3.4279E-09 3.6854E-09 3.9400E-09 4.1953E-09 4.4632E-09 4.7268E-09 4.9884E-09 5.2395E-09 5.4939E-09 5.7315E-09 5.9498E-09 6.1642E-09 6.3401E-09 6.4929E-09 6.5982E-09 6.6497E-09 6.6416E-09
2.8314E-11 3.6246E-11 4.3448E-11 5.4474E-11 7.0870E-11 7.8292E-11 9.4536E-11 1.0876E-10 1.2164E-10 1.4292E-10 1.6114E-10 1.7915E-10 2.0429E-10 2.3233E-10 2.6049E-10 2.9084E-10 3.2270E-10 3.6145E-10 4.0418E-10 4.5834E-10 5.0579E-10 5.6173E-10 6.1845E-10 6.8191E-10 7.4623E-10 8.1583E-10 8.9755E-10 9.7189E-10 1.0583E-09 1.1602E-09 1.2594E-09 1.3807E-09 1.4967E-09 1.6252E-09 1.7685E-09 1.9163E-09 2.0739E-09 2.2490E-09 2.4361E-09 2.6236E-09 2.8217E-09 3.0337E-09 3.2387E-09 3.4488E-09 3.6639E-09 3.8769E-09 4.0894E-09 4.2907E-09 4.4813E-09 4.6752E-09 4.8426E-09 4.9947E-09 5.1257E-09 5.2196E-09 5.2745E-09 5.2907E-09 5.2395E-09
1.6893E-11 2.0281E-11 2.3890E-11 3.2968E-11 4.2522E-11 5.4489E-11 6.6524E-11 8.0898E-11 9.5749E-11 1.0968E-10 1.2224E-10 1.3896E-10 1.5792E-10 1.7844E-10 2.0400E-10 2.3165E-10 2.6079E-10 2.9139E-10 3.2320E-10 3.6346E-10 4.0591E-10 4.4927E-10 4.9684E-10 5.5238E-10 6.0227E-10 6.5691E-10 7.2491E-10 7.8613E-10 8.5462E-10 9.3906E-10 1.0164E-09 1.1137E-09 1.2131E-09 1.3171E-09 1.4350E-09 1.5581E-09 1.6861E-09 1.8245E-09 1.9821E-09 2.1330E-09 2.2906E-09 2.4633E-09 2.6270E-09 2.7953E-09 2.9699E-09 3.1373E-09 3.3040E-09 3.4685E-09 3.6122E-09 3.7578E-09 3.8799E-09 3.9959E-09 4.0781E-09 4.1296E-09 4.1578E-09 4.1341E-09 4.0622E-09
6.4983E-12 1.2285E-11 1.3829E-11 2.0554E-11 2.8793E-11 3.5796E-11 4.6693E-11 5.8327E-11 7.0523E-11 8.3385E-11 9.5349E-11 1.0618E-10 1.2130E-10 1.3499E-10 1.5354E-10 1.7546E-10 1.9935E-10 2.2811E-10 2.5900E-10 2.8714E-10 3.2083E-10 3.5338E-10 3.9278E-10 4.3674E-10 4.7793E-10 5.2281E-10 5.7320E-10 6.2561E-10 6.7775E-10 7.4671E-10 8.1324E-10 8.8205E-10 9.7032E-10 1.0535E-09 1.1454E-09 1.2508E-09 1.3550E-09 1.4648E-09 1.5901E-09 1.7144E-09 1.8372E-09 1.9732E-09 2.1034E-09 2.2349E-09 2.3711E-09 2.5077E-09 2.6307E-09 2.7643E-09 2.8781E-09 2.9832E-09 3.0734E-09 3.1493E-09 3.1936E-09 3.2274E-09 3.2192E-09 3.1770E-09 3.1080E-09
2.7933E-12 6.2069E-12 8.9627E-12 1.3190E-11 1.9600E-11 2.7438E-11 3.3936E-11 3.8615E-11 4.7581E-11 5.8741E-11 6.9613E-11 8.1228E-11 9.1497E-11 1.0449E-10 1.1762E-10 1.3212E-10 1.4950E-10 1.7102E-10 1.9391E-10 2.2130E-10 2.5077E-10 2.7899E-10 3.0694E-10 3.4160E-10 3.7482E-10 4.1106E-10 4.5041E-10 4.9417E-10 5.3636E-10 5.8446E-10 6.4357E-10 6.9842E-10 7.6304E-10 8.3870E-10 9.1018E-10 9.9265E-10 1.0801E-09 1.1663E-09 1.2622E-09 1.3589E-09 1.4570E-09 1.5614E-09 1.6623E-09 1.7671E-09 1.8694E-09 1.9760E-09 2.0722E-09 2.1731E-09 2.2574E-09 2.3441E-09 2.4004E-09 2.4508E-09 2.4767E-09 2.4773E-09 2.4526E-09 2.4085E-09 2.3355E-09
0.0000E+00 2.6313E-12 5.8907E-12 8.5110E-12 1.2522E-11 1.7888E-11 2.5163E-11 2.9750E-11 3.5941E-11 4.4095E-11 5.1802E-11 5.8803E-11 6.7684E-11 7.7514E-11 8.9215E-11 9.9892E-11 1.1438E-10 1.2914E-10 1.4579E-10 1.6406E-10 1.8672E-10 2.0920E-10 2.3135E-10 2.5704E-10 2.8700E-10 3.1689E-10 3.4949E-10 3.8199E-10 4.1991E-10 4.5799E-10 5.0227E-10 5.5263E-10 5.9932E-10 6.5802E-10 7.2001E-10 7.7853E-10 8.4940E-10 9.1827E-10 9.8912E-10 1.0647E-09 1.1393E-09 1.2172E-09 1.2959E-09 1.3766E-09 1.4503E-09 1.5393E-09 1.6111E-09 1.6874E-09 1.7504E-09 1.8123E-09 1.8542E-09 1.8784E-09 1.8827E-09 1.8770E-09 1.8476E-09 1.7991E-09 1.7267E-09
0.0000E+00 0.0000E+00 2.4682E-12 5.5708E-12 6.3663E-12 1.1834E-11 1.6289E-11 2.2114E-11 2.8147E-11 3.3342E-11 4.0831E-11 4.6041E-11 5.4656E-11 6.1843E-11 6.8127E-11 7.4447E-11 8.2794E-11 9.4381E-11 1.0846E-10 1.2003E-10 1.3370E-10 1.5250E-10 1.6867E-10 1.8679E-10 2.0920E-10 2.3180E-10 2.5394E-10 2.8666E-10 3.1620E-10 3.5073E-10 3.8214E-10 4.2194E-10 4.6288E-10 5.0413E-10 5.5580E-10 6.0535E-10 6.5369E-10 7.1105E-10 7.6413E-10 8.1954E-10 8.7861E-10 9.3554E-10 9.9565E-10 1.0608E-09 1.1134E-09 1.1790E-09 1.2405E-09 1.2967E-09 1.3372E-09 1.3810E-09 1.4064E-09 1.4195E-09 1.4207E-09 1.4036E-09 1.3694E-09 1.3267E-09 1.2613E-09
0.0000E+00 0.0000E+00 0.0000E+00 1.5694E-12 3.6943E-12 6.0099E-12 9.7455E-12 1.3781E-11 1.8637E-11 2.6524E-11 3.1413E-11 3.4633E-11 4.3057E-11 5.0407E-11 5.5142E-11 6.2369E-11 6.7803E-11 7.5037E-11 8.1096E-11 8.9835E-11 1.0032E-10 1.0965E-10 1.2483E-10 1.3743E-10 1.5022E-10 1.6945E-10 1.8681E-10 2.0631E-10 2.2905E-10 2.5326E-10 2.8060E-10 3.0712E-10 3.4003E-10 3.7295E-10 4.1031E-10 4.5206E-10 4.9177E-10 5.3206E-10 5.7932E-10 6.1998E-10 6.6314E-10 7.1190E-10 7.5412E-10 8.0338E-10 8.5002E-10 8.9701E-10 9.3448E-10 9.7201E-10 9.9985E-10 1.0264E-09 1.0318E-09 1.0372E-09 1.0243E-09 9.9340E-10 9.5416E-10 9.0195E-10 8.3732E-10
0.0000E+00 0.0000E+00 0.0000E+00 0.0000E+00 0.0000E+00 3.4758E-12 5.6526E-12 7.6868E-12 1.2406E-11 1.6927E-11 2.2322E-11 2.7428E-11 3.2515E-11 3.9457E-11 4.4851E-11 4.9311E-11 5.5864E-11 6.0728E-11 6.5235E-11 7.0821E-11 7.9100E-11 8.6912E-11 9.2980E-11 1.0263E-10 1.1148E-10 1.2111E-10 1.3481E-10 1.4786E-10 1.6179E-10 1.7942E-10 2.0075E-10 2.2371E-10 2.5008E-10 2.7894E-10 3.0328E-10 3.3086E-10 3.6314E-10 3.9169E-10 4.2077E-10 4.5805E-10 4.9084E-10 5.2694E-10 5.6198E-10 5.9619E-10 6.2806E-10 6.6643E-10 6.9405E-10 7.2241E-10 7.3971E-10 7.4770E-10 7.4699E-10 7.4007E-10 7.1578E-10 6.8109E-10 6.3675E-10 5.8600E-10 5.3037E-10
0.0000E+00 0.0000E+00 0.0000E+00 0.0000E+00 0.0000E+00 0.0000E+00 2.6273E-12 3.9365E-12 5.8247E-12 1.0992E-11 1.5301E-11 1.7544E-11 2.5144E-11 2.9838E-11 3.5015E-11 3.9967E-11 4.5886E-11 5.0254E-11 5.3143E-11 5.6326E-11 5.8393E-11 6.2885E-11 6.7401E-11 7.3400E-11 8.2057E-11 8.7825E-11 9.4180E-11 1.0529E-10 1.1503E-10 1.2440E-10 1.3826E-10 1.5248E-10 1.6556E-10 1.8339E-10 2.0450E-10 2.2010E-10 2.4210E-10 2.6566E-10 2.8656E-10 3.0639E-10 3.3080E-10 3.5792E-10 3.8192E-10 4.1163E-10 4.3108E-10 4.6054E-10 4.8177E-10 5.0451E-10 5.1194E-10 5.1588E-10 5.0557E-10 4.9612E-10 4.7179E-10 4.4259E-10 4.0960E-10 3.7163E-10 3.2994E-10
0.0000E+00 0.0000E+00 0.0000E+00 0.0000E+00 0.0000E+00 0.0000E+00 0.0000E+00 1.2064E-12 3.6883E-12 5.4424E-12 9.0144E-12 1.2034E-11 1.6374E-11 2.1809E-11 2.5510E-11 2.9737E-11 3.5794E-11 4.0785E-11 4.4191E-11 4.7680E-11 5.0543E-11 5.3348E-11 5.5961E-11 5.8286E-11 6.0681E-11 6.4507E-11 6.8264E-11 7.1712E-11 7.7723E-11 8.2494E-11 8.7536E-11 9.4707E-11 1.0403E-10 1.1283E-10 1.2546E-10 1.4153E-10 1.5010E-10 1.6498E-10 1.8231E-10 1.9654E-10 2.1201E-10 2.3728E-10 2.6005E-10 2.8522E-10 3.0654E-10 3.3575E-10 3.5040E-10 3.6709E-10 3.7014E-10 3.7205E-10 3.6411E-10 3.5337E-10 3.3468E-10 3.1034E-10 2.8260E-10 2.4959E-10 1.9305E-10
0.0000E+00 0.0000E+00 0.0000E+00 0.0000E+00 0.0000E+00 0.0000E+00 0.0000E+00 0.0000E+00 0.0000E+00 2.9191E-12 3.9079E-12 7.2568E-12 1.0683E-11 1.4237E-11 1.7968E-11 2.1924E-11 2.6560E-11 3.0493E-11 3.4814E-11 4.0408E-11 4.2593E-11 4.5385E-11 4.9373E-11 5.1803E-11 5.2998E-11 5.5219E-11 5.8737E-11 5.9692E-11 6.1563E-11 6.7980E-11 7.1819E-11 7.4463E-11 8.0487E-11 8.7997E-11 8.9892E-11 9.6181E-11 1.1022E-10 1.1748E-10 1.2868E-10 1.4579E-10 1.6237E-10 1.7848E-10 1.9521E-10 2.1565E-10 2.2908E-10 2.4496E-10 2.5476E-10 2.6411E-10 2.6453E-10 2.6224E-10 2.5219E-10 2.3818E-10 2.2119E-10 2.0099E-10 1.6783E-10 1.2116E-10 9.0540E-11
0.0000E+00 0.0000E+00 0.0000E+00 0.0000E+00 0.0000E+00 0.0000E+00 0.0000E+00 0.0000E+00 0.0000E+00 0.0000E+00 1.6776E-12 3.1705E-12 5.7090E-12 7.8187E-12 1.0834E-11 1.6673E-11 1.9256E-11 2.1297E-11 2.7637E-11 3.2181E-11 3.4910E-11 3.9308E-11 4.0986E-11 4.3804E-11 4.6087E-11 4.6750E-11 4.7853E-11 4.9710E-11 5.2752E-11 5.3419E-11 5.5750E-11 5.7899E-11 6.0108E-11 6.2962E-11 6.7175E-11 7.1141E-11 7.7431E-11 8.5497E-11 9.2166E-11 1.0024E-10 1.1268E-10 1.2397E-10 1.3307E-10 1.4207E-10 1.4830E-10 1.5726E-10 1.5728E-10 1.5690E-10 1.5518E-10 1.5001E-10 1.4199E-10 1.3440E-10 1.2531E-10 9.6931E-11 7.9852E-11 7.3194E-11 6.9575E-11
0.0000E+00 0.0000E+00 0.0000E+00 0.0000E+00 0.0000E+00 0.0000E+00 0.0000E+00 0.0000E+00 0.0000E+00 0.0000E+00 0.0000E+00 1.0553E-12 2.5642E-12 3.3827E-12 7.2787E-12 1.0030E-11 1.2206E-11 1.6459E-11 1.8843E-11 2.2869E-11 2.6205E-11 2.9822E-11 3.2883E-11 3.5590E-11 3.8302E-11 3.9443E-11 3.9205E-11 3.9807E-11 3.9039E-11 3.9274E-11 3.6965E-11 4.1137E-11 4.6046E-11 4.7301E-11 4.7754E-11 5.3390E-11 5.6506E-11 5.8990E-11 6.0565E-11 6.2415E-11 6.4912E-11 7.0303E-11 7.1723E-11 7.3695E-11 7.5424E-11 7.5904E-11 7.4352E-11 7.3023E-11 7.1021E-11 6.9747E-11 6.7803E-11 6.0020E-11 5.3242E-11 5.1391E-11 4.8641E-11 4.4858E-11 4.0456E-11
