Assets/Resources/2015_m01_d11_0800(utc+0800)_l00_csi_1hr_conc.grd
DSAA
         159         159
     -79.000      79.000
     -79.000      79.000
  0.0000E+00  0.5217E-05
[rows 25 to 49 of 159, columns 57 to 113 of 159]
0.0000E+00 0.0000E+00 0.0000E+00 0.0000E+00 0.0000E+00 0.0000E+00 0.0000E+00 0.0000E+00 0.0000E+00 0.0000E+00 0.0000E+00 0.0000E+00 0.0000E+00 0.0000E+00 0.0000E+00 0.0000E+00 0.0000E+00 0.0000E+00 0.0000E+00 0.0000E+00 0.0000E+00 0.0000E+00 0.0000E+00 0.0000E+00 0.0000E+00 0.0000E+00 0.0000E+00 0.0000E+00 0.0000E+00 0.0000E+00 0.0000E+00 0.0000E+00 0.0000E+00 0.0000E+00 0.0000E+00 0.0000E+00 0.0000E+00 0.0000E+00 0.0000E+00 0.0000E+00 0.0000E+00 0.0000E+00 0.0000E+00 0.0000E+00 0.0000E+00 0.0000E+00 0.0000E+00 0.0000E+00 0.0000E+00 0.0000E+00 0.0000E+00 0.0000E+00 0.0000E+00 0.0000E+00 0.0000E+00 0.0000E+00 0.0000E+00
0.0000E+00 0.0000E+00 0.0000E+00 0.0000E+00 0.0000E+00 0.0000E+00 0.0000E+00 0.0000E+00 0.0000E+00 0.0000E+00 0.0000E+00 0.0000E+00 0.0000E+00 0.0000E+00 0.0000E+00 0.0000E+00 0.0000E+00 0.0000E+00 0.0000E+00 0.0000E+00 0.0000E+00 0.0000E+00 0.0000E+00 0.0000E+00 0.0000E+00 0.0000E+00 0.0000E+00 0.0000E+00 0.0000E+00 0.0000E+00 0.0000E+00 0.0000E+00 0.0000E+00 0.0000E+00 0.0000E+00 0.0000E+00 0.0000E+00 0.0000E+00 0.0000E+00 0.0000E+00 0.0000E+00 0.0000E+00 0.0000E+00 0.0000E+00 0.0000E+00 0.0000E+00 0.0000E+00 0.0000E+00 0.0000E+00 0.0000E+00 0.0000E+00 0.0000E+00 0.0000E+00 0.0000E+00 0.0000E+00 0.0000E+00 0.0000E+00
0.0000E+00 0.0000E+00 0.0000E+00 0.0000E+00 0.0000E+00 0.0000E+00 0.0000E+00 0.0000E+00 0.0000E+00 0.0000E+00 0.0000E+00 0.0000E+00 0.0000E+00 0.0000E+00 0.0000E+00 0.0000E+00 0.0000E+00 0.0000E+00 0.0000E+00 0.0000E+00 0.0000E+00 0.0000E+00 0.0000E+00 0.0000E+00 0.0000E+00 0.0000E+00 0.0000E+00 0.0000E+00 0.0000E+00 0.0000E+00 0.0000E+00 0.0000E+00 0.0000E+00 0.0000E+00 0.0000E+00 0.0000E+00 0.0000E+00 0.0000E+00 0.0000E+00 0.0000E+00 0.0000E+00 0.0000E+00 0.0000E+00 0.0000E+00 0.0000E+00 0.0000E+00 0.0000E+00 0.0000E+00 0.0000E+00 0.0000E+00 0.0000E+00 0.0000E+00 0.0000E+00 0.0000E+00 0.0000E+00 0.0000E+00 0.0000E+00
0.0000E+00 0.0000E+00 0.0000E+00 0.0000E+00 0.0000E+00 0.0000E+00 0.0000E+00 0.0000E+00 0.0000E+00 0.0000E+00 0.0000E+00 0.0000E+00 0.0000E+00 0.0000E+00 0.0000E+00 0.0000E+00 0.0000E+00 0.0000E+00 0.0000E+00 0.0000E+00 0.0000E+00 0.0000E+00 0.0000E+00 0.0000E+00 0.0000E+00 0.0000E+00 0.0000E+00 0.0000E+00 0.0000E+00 0.0000E+00 0.0000E+00 0.0000E+00 0.0000E+00 0.0000E+00 0.0000E+00 0.0000E+00 0.0000E+00 0.0000E+00 0.0000E+00 0.0000E+00 0.0000E+00 0.0000E+00 0.0000E+00 0.0000E+00 0.0000E+00 0.0000E+00 0.0000E+00 0.0000E+00 0.0000E+00 0.0000E+00 0.0000E+00 0.0000E+00 0.0000E+00 0.0000E+00 0.0000E+00 0.0000E+00 0.0000E+00
0.0000E+00 0.0000E+00 0.0000E+00 0.0000E+00 0.0000E+00 0.0000E+00 0.0000E+00 0.0000E+00 0.0000E+00 0.0000E+00 0.0000E+00 0.0000E+00 0.0000E+00 0.0000E+00 0.0000E+00 0.0000E+00 0.0000E+00 0.0000E+00 0.0000E+00 0.0000E+00 0.0000E+00 0.0000E+00 0.0000E+00 0.0000E+00 0.0000E+00 0.0000E+00 0.0000E+00 0.0000E+00 0.0000E+00 0.0000E+00 0.0000E+00 0.0000E+00 0.0000E+00 0.0000E+00 0.0000E+00 0.0000E+00 0.0000E+00 0.0000E+00 0.0000E+00 0.0000E+00 0.0000E+00 0.0000E+00 0.0000E+00 0.0000E+00 0.0000E+00 0.0000E+00 0.0000E+00 0.0000E+00 0.0000E+00 0.0000E+00 0.0000E+00 0.0000E+00 0.0000E+00 0.0000E+00 0.0000E+00 0.0000E+00 0.0000E+00
0.0000E+00 0.0000E+00 0.0000E+00 0.0000E+00 0.0000E+00 0.0000E+00 0.0000E+00 0.0000E+00 0.0000E+00 0.0000E+00 0.0000E+00 0.0000E+00 0.0000E+00 0.0000E+00 0.0000E+00 0.0000E+00 0.0000E+00 0.0000E+00 0.0000E+00 0.0000E+00 0.0000E+00 0.0000E+00 0.0000E+00 0.0000E+00 0.0000E+00 0.0000E+00 0.0000E+00 0.0000E+00 0.0000E+00 0.0000E+00 0.0000E+00 0.0000E+00 0.0000E+00 0.0000E+00 0.0000E+00 0.0000E+00 0.0000E+00 0.0000E+00 0.0000E+00 0.0000E+00 0.0000E+00 0.0000E+00 0.0000E+00 0.0000E+00 0.0000E+00 0.0000E+00 0.0000E+00 0.0000E+00 0.0000E+00 0.0000E+00 0.0000E+00 0.0000E+00 0.0000E+00 0.0000E+00 0.0000E+00 0.0000E+00 0.0000E+00
0.0000E+00 0.0000E+00 0.0000E+00 0.0000E+00 0.0000E+00 0.0000E+00 0.0000E+00 0.0000E+00 0.0000E+00 0.0000E+00 0.0000E+00 0.0000E+00 0.0000E+00 0.0000E+00 0.0000E+00 0.0000E+00 0.0000E+00 0.0000E+00 0.0000E+00 0.0000E+00 0.0000E+00 0.0000E+00 0.0000E+00 0.0000E+00 0.0000E+00 0.0000E+00 0.0000E+00 0.0000E+00 0.0000E+00 0.0000E+00 0.0000E+00 0.0000E+00 0.0000E+00 0.0000E+00 0.0000E+00 1.9866E-13 8.5526E-13 1.4319E-12 2.1511E-12 2.7991E-12 3.2759E-12 3.7742E-12 4.0392E-12 4.0372E-12 3.7933E-12 3.3403E-12 2.9025E-12 2.2278E-12 1.2818E-12 2.5411E-13 0.0000E+00 0.0000E+00 0.0000E+00 0.0000E+00 0.0000E+00 0.0000E+00 0.0000E+00
0.0000E+00 0.0000E+00 0.0000E+00 0.0000E+00 0.0000E+00 0.0000E+00 0.0000E+00 0.0000E+00 0.0000E+00 0.0000E+00 0.0000E+00 0.0000E+00 0.0000E+00 0.0000E+00 0.0000E+00 0.0000E+00 0.0000E+00 0.0000E+00 0.0000E+00 0.0000E+00 0.0000E+00 0.0000E+00 0.0000E+00 0.0000E+00 0.0000E+00 0.0000E+00 0.0000E+00 0.0000E+00 0.0000E+00 0.0000E+00 0.0000E+00 3.1500E-14 1.0190E-12 2.4992E-12 4.2240E-12 6.2054E-12 8.0582E-12 9.9710E-12 1.1542E-11 1.3055E-11 1.4181E-11 1.5207E-11 1.5934E-11 1.6255E-11 1.6303E-11 1.6051E-11 1.5476E-11 1.4600E-11 1.3323E-11 1.1642E-11 1.0173E-11 8.0800E-12 5.5407E-12 3.5400E-12 1.9703E-12 7.8664E-13 4.0467E-14
0.0000E+00 0.0000E+00 0.0000E+00 0.0000E+00 0.0000E+00 0.0000E+00 0.0000E+00 0.0000E+00 0.0000E+00 0.0000E+00 0.0000E+00 0.0000E+00 0.0000E+00 0.0000E+00 0.0000E+00 0.0000E+00 0.0000E+00 0.0000E+00 0.0000E+00 0.0000E+00 0.0000E+00 0.0000E+00 0.0000E+00 0.0000E+00 0.0000E+00 0.0000E+00 0.0000E+00 0.0000E+00 0.0000E+00 8.2704E-13 3.4201E-12 6.4097E-12 9.9157E-12 1.3297E-11 1.6925E-11 1.9621E-11 2.2425E-11 2.4549E-11 2.6831E-11 2.8731E-11 3.0312E-11 3.1992E-11 3.2950E-11 3.2800E-11 3.2541E-11 3.2592E-11 3.1969E-11 3.0857E-11 3.0316E-11 3.0112E-11 2.9495E-11 2.8345E-11 2.6019E-11 2.2314E-11 1.8121E-11 1.4824E-11 1.2196E-11
0.0000E+00 0.0000E+00 0.0000E+00 0.0000E+00 0.0000E+00 0.0000E+00 0.0000E+00 0.0000E+00 0.0000E+00 0.0000E+00 0.0000E+00 0.0000E+00 0.0000E+00 0.0000E+00 0.0000E+00 0.0000E+00 0.0000E+00 0.0000E+00 0.0000E+00 0.0000E+00 0.0000E+00 0.0000E+00 0.0000E+00 0.0000E+00 0.0000E+00 0.0000E+00 0.0000E+00 2.2441E-12 6.0166E-12 1.0110E-11 1.4970E-11 1.9721E-11 2.3981E-11 2.7984E-11 3.2718E-11 3.7523E-11 4.2436E-11 4.6992E-11 5.1162E-11 5.4647E-11 5.7513E-11 5.9754E-11 6.0634E-11 6.1538E-11 6.2515E-11 6.2635E-11 6.1906E-11 6.0614E-11 5.9422E-11 5.7068E-11 5.4055E-11 5.1099E-11 4.7219E-11 4.2776E-11 3.8677E-11 3.5017E-11 3.0428E-11
0.0000E+00 0.0000E+00 0.0000E+00 0.0000E+00 0.0000E+00 0.0000E+00 0.0000E+00 0.0000E+00 0.0000E+00 0.0000E+00 0.0000E+00 0.0000E+00 0.0000E+00 0.0000E+00 0.0000E+00 0.0000E+00 0.0000E+00 0.0000E+00 0.0000E+00 0.0000E+00 0.0000E+00 0.0000E+00 0.0000E+00 0.0000E+00 4.2598E-14 2.5598E-12 6.7632E-12 1.2416E-11 1.9010E-11 2.4808E-11 2.9916E-11 3.6793E-11 4.4469E-11 5.2440E-11 6.0448E-11 6.8207E-11 7.5322E-11 8.1299E-11 8.6264E-11 9.0679E-11 9.4403E-11 9.7981E-11 1.0144E-10 1.0337E-10 1.0427E-10 1.0392E-10 1.0271E-10 1.0187E-10 1.0008E-10 9.7530E-11 9.5067E-11 9.0714E-11 8.4084E-11 7.7420E-11 7.0139E-11 6.2116E-11 5.5490E-11
0.0000E+00 0.0000E+00 0.0000E+00 0.0000E+00 0.0000E+00 0.0000E+00 0.0000E+00 0.0000E+00 0.0000E+00 0.0000E+00 0.0000E+00 0.0000E+00 0.0000E+00 0.0000E+00 0.0000E+00 0.0000E+00 0.0000E+00 0.0000E+00 0.0000E+00 0.0000E+00 0.0000E+00 0.0000E+00 0.0000E+00 1.6570E-12 6.1124E-12 1.2753E-11 2.0194E-11 2.6560E-11 3.3542E-11 4.3765E-11 5.4365E-11 6.5508E-11 7.7125E-11 8.8341E-11 9.8659E-11 1.0904E-10 1.1891E-10 1.2779E-10 1.3533E-10 1.4210E-10 1.4874E-10 1.5432E-10 1.5809E-10 1.6135E-10 1.6277E-10 1.6202E-10 1.6041E-10 1.5689E-10 1.5359E-10 1.4916E-10 1.4214E-10 1.3541E-10 1.2835E-10 1.1940E-10 1.1183E-10 1.0414E-10 9.5064E-11
0.0000E+00 0.0000E+00 0.0000E+00 0.0000E+00 0.0000E+00 0.0000E+00 0.0000E+00 0.0000E+00 0.0000E+00 0.0000E+00 0.0000E+00 0.0000E+00 0.0000E+00 0.0000E+00 0.0000E+00 0.0000E+00 0.0000E+00 0.0000E+00 0.0000E+00 0.0000E+00 0.0000E+00 4.7404E-13 3.8260E-12 1.0298E-11 1.8442E-11 2.5719E-11 3.4163E-11 4.5425E-11 5.8153E-11 7.2956E-11 8.8158E-11 1.0254E-10 1.1704E-10 1.3292E-10 1.4870E-10 1.6420E-10 1.7835E-10 1.9151E-10 2.0285E-10 2.1369E-10 2.2440E-10 2.3328E-10 2.3879E-10 2.4178E-10 2.4190E-10 2.4074E-10 2.3864E-10 2.3489E-10 2.2902E-10 2.2143E-10 2.1315E-10 2.0258E-10 1.8977E-10 1.7849E-10 1.6538E-10 1.5130E-10 1.4026E-10
0.0000E+00 0.0000E+00 0.0000E+00 0.0000E+00 0.0000E+00 0.0000E+00 0.0000E+00 0.0000E+00 0.0000E+00 0.0000E+00 0.0000E+00 0.0000E+00 0.0000E+00 0.0000E+00 0.0000E+00 0.0000E+00 0.0000E+00 0.0000E+00 0.0000E+00 0.0000E+00 1.1960E-12 6.2944E-12 1.4012E-11 2.2426E-11 3.0955E-11 4.2315E-11 5.7758E-11 7.4595E-11 9.2408E-11 1.0973E-10 1.3016E-10 1.5285E-10 1.7561E-10 1.9866E-10 2.2092E-10 2.4156E-10 2.6016E-10 2.7667E-10 2.9223E-10 3.0956E-10 3.2522E-10 3.3601E-10 3.4309E-10 3.4683E-10 3.4679E-10 3.4326E-10 3.3723E-10 3.3050E-10 3.2257E-10 3.1191E-10 2.9739E-10 2.8520E-10 2.7198E-10 2.5423E-10 2.3986E-10 2.2374E-10 2.0581E-10
0.0000E+00 0.0000E+00 0.0000E+00 0.0000E+00 0.0000E+00 0.0000E+00 0.0000E+00 0.0000E+00 0.0000E+00 0.0000E+00 0.0000E+00 0.0000E+00 0.0000E+00 0.0000E+00 0.0000E+00 0.0000E+00 0.0000E+00 0.0000E+00 0.0000E+00 1.9008E-12 8.0442E-12 1.6504E-11 2.5213E-11 3.5895E-11 5.0936E-11 6.9692E-11 8.9316E-11 1.1082E-10 1.3696E-10 1.6500E-10 1.9466E-10 2.2598E-10 2.5626E-10 2.8500E-10 3.1332E-10 3.3983E-10 3.6462E-10 3.8803E-10 4.1445E-10 4.3943E-10 4.6032E-10 4.7434E-10 4.8351E-10 4.8626E-10 4.8463E-10 4.8057E-10 4.7197E-10 4.6003E-10 4.4715E-10 4.3297E-10 4.1666E-10 3.9410E-10 3.7296E-10 3.5201E-10 3.2790E-10 3.0681E-10 2.8794E-10
0.0000E+00 0.0000E+00 0.0000E+00 0.0000E+00 0.0000E+00 0.0000E+00 0.0000E+00 0.0000E+00 0.0000E+00 0.0000E+00 0.0000E+00 0.0000E+00 0.0000E+00 0.0000E+00 0.0000E+00 0.0000E+00 0.0000E+00 0.0000E+00 2.2943E-12 8.8963E-12 1.7828E-11 2.7106E-11 4.0535E-11 5.8093E-11 8.0117E-11 1.0411E-10 1.3203E-10 1.6550E-10 2.0222E-10 2.4170E-10 2.8021E-10 3.1946E-10 3.6120E-10 4.0233E-10 4.4160E-10 4.7773E-10 5.1116E-10 5.4580E-10 5.7852E-10 6.0822E-10 6.3399E-10 6.5192E-10 6.6096E-10 6.6343E-10 6.5983E-10 6.5104E-10 6.3923E-10 6.2419E-10 6.0425E-10 5.8327E-10 5.5917E-10 5.3711E-10 5.0894E-10 4.7997E-10 4.5339E-10 4.2237E-10 3.9320E-10
0.0000E+00 0.0000E+00 0.0000E+00 0.0000E+00 0.0000E+00 0.0000E+00 0.0000E+00 0.0000E+00 0.0000E+00 0.0000E+00 0.0000E+00 0.0000E+00 0.0000E+00 0.0000E+00 0.0000E+00 0.0000E+00 0.0000E+00 2.0875E-12 8.8678E-12 1.8047E-11 2.8047E-11 4.3453E-11 6.3597E-11 8.8810E-11 1.1711E-10 1.5191E-10 1.9331E-10 2.3737E-10 2.8329E-10 3.3497E-10 3.8974E-10 4.4551E-10 5.0143E-10 5.5550E-10 6.0606E-10 6.5221E-10 7.0054E-10 7.4855E-10 7.9592E-10 8.3422E-10 8.6312E-10 8.8037E-10 8.9040E-10 8.9121E-10 8.8470E-10 8.7301E-10 8.5571E-10 8.3267E-10 8.0753E-10 7.7707E-10 7.4607E-10 7.0942E-10 6.7424E-10 6.3538E-10 5.9602E-10 5.6124E-10 5.2553E-10
0.0000E+00 0.0000E+00 0.0000E+00 0.0000E+00 0.0000E+00 0.0000E+00 0.0000E+00 0.0000E+00 0.0000E+00 0.0000E+00 0.0000E+00 0.0000E+00 0.0000E+00 0.0000E+00 0.0000E+00 0.0000E+00 1.3643E-12 8.0252E-12 1.7330E-11 2.7804E-11 4.4293E-11 6.6906E-11 9.4220E-11 1.2754E-10 1.6793E-10 2.1581E-10 2.6854E-10 3.2704E-10 3.9316E-10 4.6377E-10 5.3769E-10 6.1149E-10 6.8246E-10 7.5285E-10 8.1966E-10 8.8686E-10 9.5448E-10 1.0188E-09 1.0773E-09 1.1239E-09 1.1561E-09 1.1744E-09 1.1789E-09 1.1775E-09 1.1668E-09 1.1482E-09 1.1239E-09 1.0946E-09 1.0590E-09 1.0219E-09 9.7593E-10 9.3474E-10 8.8531E-10 8.3586E-10 7.8672E-10 7.3679E-10 6.8979E-10
0.0000E+00 0.0000E+00 0.0000E+00 0.0000E+00 0.0000E+00 0.0000E+00 0.0000E+00 0.0000E+00 0.0000E+00 0.0000E+00 0.0000E+00 0.0000E+00 0.0000E+00 0.0000E+00 0.0000E+00 5.6053E-13 6.2797E-12 1.5664E-11 2.6020E-11 4.2921E-11 6.7301E-11 9.6287E-11 1.3346E-10 1.7845E-10 2.3407E-10 3.0045E-10 3.7738E-10 4.6775E-10 5.6317E-10 6.5496E-10 7.4470E-10 8.3337E-10 9.2298E-10 1.0140E-09 1.1046E-09 1.1952E-09 1.2840E-09 1.3656E-09 1.4348E-09 1.4876E-09 1.5223E-09 1.5423E-09 1.5453E-09 1.5340E-09 1.5174E-09 1.4919E-09 1.4584E-09 1.4170E-09 1.3713E-09 1.3177E-09 1.2628E-09 1.1975E-09 1.1397E-09 1.0767E-09 1.0131E-09 9.5363E-10 8.9440E-10
0.0000E+00 0.0000E+00 0.0000E+00 0.0000E+00 0.0000E+00 0.0000E+00 0.0000E+00 0.0000E+00 0.0000E+00 0.0000E+00 0.0000E+00 0.0000E+00 0.0000E+00 0.0000E+00 0.0000E+00 4.2508E-12 1.2925E-11 2.2980E-11 3.9803E-11 6.4562E-11 9.4533E-11 1.3845E-10 2.0385E-10 2.8675E-10 3.8018E-10 4.8345E-10 5.9710E-10 7.0923E-10 8.3052E-10 9.4848E-10 1.0531E-09 1.1630E-09 1.2730E-09 1.3750E-09 1.4811E-09 1.5966E-09 1.7061E-09 1.8045E-09 1.8877E-09 1.9455E-09 1.9826E-09 1.9989E-09 1.9960E-09 1.9824E-09 1.9514E-09 1.9139E-09 1.8697E-09 1.8158E-09 1.7535E-09 1.6873E-09 1.6119E-09 1.5371E-09 1.4536E-09 1.3753E-09 1.2953E-09 1.2144E-09 1.1378E-09
0.0000E+00 0.0000E+00 0.0000E+00 0.0000E+00 0.0000E+00 0.0000E+00 0.0000E+00 0.0000E+00 0.0000E+00 0.0000E+00 0.0000E+00 0.0000E+00 0.0000E+00 0.0000E+00 1.8183E-12 9.8218E-12 1.9345E-11 3.6136E-11 8.9309E-11 1.5255E-10 2.2840E-10 3.1959E-10 4.2537E-10 5.4365E-10 6.7888E-10 8.2022E-10 9.5324E-10 1.1049E-09 1.2560E-09 1.3880E-09 1.5122E-09 1.6241E-09 1.7388E-09 1.8644E-09 1.9913E-09 2.1266E-09 2.2546E-09 2.3655E-09 2.4486E-09 2.5107E-09 2.5458E-09 2.5591E-09 2.5500E-09 2.5202E-09 2.4820E-09 2.4262E-09 2.3640E-09 2.2933E-09 2.2135E-09 2.1254E-09 2.0325E-09 1.9304E-09 1.8331E-09 1.7331E-09 1.6342E-09 1.5383E-09 1.4392E-09
0.0000E+00 0.0000E+00 0.0000E+00 0.0000E+00 0.0000E+00 0.0000E+00 0.0000E+00 0.0000E+00 0.0000E+00 2.8538E-12 9.7367E-12 2.0132E-11 4.5489E-11 6.6806E-11 8.3194E-11 9.0271E-11 1.4382E-10 2.2426E-10 3.4291E-10 4.6717E-10 5.9635E-10 7.3374E-10 8.9093E-10 1.0584E-09 1.2302E-09 1.4027E-09 1.5909E-09 1.7656E-09 1.9264E-09 2.0692E-09 2.1763E-09 2.2872E-09 2.4061E-09 2.5260E-09 2.6660E-09 2.8138E-09 2.9401E-09 3.0533E-09 3.1424E-09 3.1977E-09 3.2333E-09 3.2380E-09 3.2173E-09 3.1795E-09 3.1198E-09 3.0490E-09 2.9639E-09 2.8723E-09 2.7686E-09 2.6579E-09 2.5384E-09 2.4179E-09 2.2884E-09 2.1618E-09 2.0370E-09 1.9122E-09 1.7944E-09
0.0000E+00 0.0000E+00 0.0000E+00 0.0000E+00 0.0000E+00 0.0000E+00 0.0000E+00 0.0000E+00 6.0887E-12 1.7802E-11 6.5428E-11 1.2597E-10 2.0991E-10 3.0016E-10 4.1032E-10 5.6459E-10 7.3084E-10 8.8105E-10 1.0368E-09 1.1676E-09 1.3597E-09 1.5872E-09 1.8170E-09 2.0346E-09 2.2622E-09 2.4641E-09 2.6386E-09 2.8287E-09 2.9811E-09 3.0818E-09 3.1761E-09 3.2465E-09 3.3135E-09 3.4290E-09 3.5528E-09 3.6778E-09 3.8107E-09 3.9066E-09 3.9884E-09 4.0388E-09 4.0557E-09 4.0514E-09 4.0175E-09 3.9570E-09 3.8803E-09 3.7822E-09 3.6728E-09 3.5522E-09 3.4231E-09 3.2837E-09 3.1378E-09 2.9824E-09 2.8308E-09 2.6747E-09 2.5210E-09 2.3728E-09 2.2220E-09
0.0000E+00 0.0000E+00 0.0000E+00 0.0000E+00 0.0000E+00 0.0000E+00 0.0000E+00 6.6426E-12 2.8047E-11 9.8661E-11 2.1152E-10 4.0598E-10 6.3973E-10 9.7357E-10 1.3400E-09 1.7091E-09 2.0546E-09 2.3816E-09 2.6195E-09 2.8658E-09 3.0842E-09 3.3164E-09 3.5931E-09 3.8438E-09 4.0344E-09 4.2266E-09 4.4068E-09 4.5085E-09 4.6104E-09 4.6513E-09 4.6139E-09 4.5939E-09 4.5906E-09 4.6097E-09 4.6944E-09 4.7830E-09 4.8630E-09 4.9474E-09 4.9963E-09 5.0369E-09 5.0426E-09 5.0146E-09 4.9612E-09 4.8813E-09 4.7738E-09 4.6525E-09 4.5123E-09 4.3571E-09 4.1967E-09 4.0243E-09 3.8420E-09 3.6564E-09 3.4627E-09 3.2735E-09 3.0822E-09 2.8971E-09 2.7221E-09
0.0000E+00 0.0000E+00 0.0000E+00 0.0000E+00 0.0000E+00 0.0000E+00 3.5278E-12 2.1135E-11 1.0357E-10 2.5914E-10 5.5645E-10 1.0239E-09 1.7234E-09 2.5521E-09 3.4309E-09 4.2690E-09 4.9856E-09 5.5699E-09 5.9696E-09 6.2781E-09 6.4709E-09 6.6251E-09 6.7465E-09 6.8932E-09 7.0440E-09 7.1099E-09 7.1290E-09 7.1466E-09 7.0325E-09 6.9006E-09 6.7108E-09 6.4785E-09 6.3071E-09 6.2039E-09 6.1412E-09 6.1320E-09 6.1535E-09 6.1798E-09 6.2127E-09 6.2149E-09 6.1983E-09 6.1448E-09 6.0666E-09 5.9546E-09 5.8210E-09 5.6598E-09 5.4847E-09 5.2971E-09 5.0946E-09 4.8838E-09 4.6649E-09 4.4363E-09 4.2083E-09 3.9766E-09 3.7459E-09 3.5263E-09 3.3066E-09
