Assets/Resources/2015_m01_d31_0800(utc+0800)_l00_csi_1hr_conc.grd
DSAA
         159         159
     -79.000      79.000
     -79.000      79.000
  0.0000E+00  0.5654E-05
[rows 25 to 49 of 159, columns 57 to 113 of 159]
3.9202E-10 4.9370E-10 6.1853E-10 7.7777E-10 9.6788E-10 1.2020E-09 1.4814E-09 1.8239E-09 2.2557E-09 2.8211E-09 3.4736E-09 4.2469E-09 5.1796E-09 6.2651E-09 7.5365E-09 8.9776E-09 1.0605E-08 1.2394E-08 1.4312E-08 1.6314E-08 1.8345E-08 2.0329E-08 2.2186E-08 2.3827E-08 2.5167E-08 2.6135E-08 2.6672E-08 2.6749E-08 2.6346E-08 2.5484E-08 2.4209E-08 2.2585E-08 2.0694E-08 1.8623E-08 1.6463E-08 1.4299E-08 1.2205E-08 1.0237E-08 8.4459E-09 6.8546E-09 5.4687E-09 4.2983E-09 3.3255E-09 2.5308E-09 1.8975E-09 1.3888E-09 9.9127E-10 6.8686E-10 4.5563E-10 2.8512E-10 1.5624E-10 6.1601E-11 1.6512E-11 0.0000E+00 0.0000E+00 0.0000E+00 0.0000E+00
3.1342E-10 3.9899E-10 5.1355E-10 6.5517E-10 8.2428E-10 1.0350E-09 1.2954E-09 1.6113E-09 2.0121E-09 2.5434E-09 3.1692E-09 3.9223E-09 4.8200E-09 5.9016E-09 7.1585E-09 8.6209E-09 1.0277E-08 1.2111E-08 1.4101E-08 1.6199E-08 1.8342E-08 2.0447E-08 2.2430E-08 2.4194E-08 2.5647E-08 2.6706E-08 2.7307E-08 2.7413E-08 2.7011E-08 2.6125E-08 2.4799E-08 2.3105E-08 2.1123E-08 1.8955E-08 1.6702E-08 1.4453E-08 1.2287E-08 1.0262E-08 8.4207E-09 6.7984E-09 5.3977E-09 4.2121E-09 3.2412E-09 2.4499E-09 1.8188E-09 1.3219E-09 9.3168E-10 6.4212E-10 4.2077E-10 2.5401E-10 1.2332E-10 4.6398E-11 8.3597E-12 0.0000E+00 0.0000E+00 0.0000E+00 0.0000E+00
2.5269E-10 3.2539E-10 4.2457E-10 5.4969E-10 7.0054E-10 8.8758E-10 1.1209E-09 1.4123E-09 1.7810E-09 2.2754E-09 2.8752E-09 3.5997E-09 4.4792E-09 5.5301E-09 6.7893E-09 8.2556E-09 9.9342E-09 1.1819E-08 1.3879E-08 1.6066E-08 1.8313E-08 2.0538E-08 2.2645E-08 2.4531E-08 2.6094E-08 2.7245E-08 2.7911E-08 2.8050E-08 2.7644E-08 2.6720E-08 2.5330E-08 2.3553E-08 2.1484E-08 1.9224E-08 1.6878E-08 1.4545E-08 1.2308E-08 1.0231E-08 8.3544E-09 6.7015E-09 5.2906E-09 4.1069E-09 3.1340E-09 2.3525E-09 1.7248E-09 1.2459E-09 8.6983E-10 5.9440E-10 3.8449E-10 2.1552E-10 9.5476E-11 3.2781E-11 2.2735E-12 0.0000E+00 0.0000E+00 0.0000E+00 0.0000E+00
1.9719E-10 2.5923E-10 3.4344E-10 4.5173E-10 5.8526E-10 7.5140E-10 9.6001E-10 1.2259E-09 1.5635E-09 2.0104E-09 2.5933E-09 3.2885E-09 4.1403E-09 5.1775E-09 6.4209E-09 7.8896E-09 9.5942E-09 1.1519E-08 1.3641E-08 1.5913E-08 1.8269E-08 2.0616E-08 2.2852E-08 2.4862E-08 2.6537E-08 2.7772E-08 2.8493E-08 2.8655E-08 2.8240E-08 2.7279E-08 2.5819E-08 2.3951E-08 2.1779E-08 1.9419E-08 1.6982E-08 1.4570E-08 1.2265E-08 1.0135E-08 8.2295E-09 6.5651E-09 5.1427E-09 3.9672E-09 3.0012E-09 2.2301E-09 1.6271E-09 1.1618E-09 8.0523E-10 5.4858E-10 3.4328E-10 1.7116E-10 7.3466E-11 1.4101E-11 0.0000E+00 0.0000E+00 0.0000E+00 0.0000E+00 0.0000E+00
1.5455E-10 1.9902E-10 2.6409E-10 3.5656E-10 4.7234E-10 6.2041E-10 8.0494E-10 1.0505E-09 1.3661E-09 1.7743E-09 2.3266E-09 2.9968E-09 3.8130E-09 4.8259E-09 6.0547E-09 7.5271E-09 9.2440E-09 1.1209E-08 1.3396E-08 1.5756E-08 1.8216E-08 2.0679E-08 2.3033E-08 2.5159E-08 2.6938E-08 2.8259E-08 2.9038E-08 2.9217E-08 2.8785E-08 2.7770E-08 2.6236E-08 2.4278E-08 2.2006E-08 1.9542E-08 1.7009E-08 1.4517E-08 1.2159E-08 9.9890E-09 8.0548E-09 6.3846E-09 4.9684E-09 3.7957E-09 2.8507E-09 2.0986E-09 1.5185E-09 1.0712E-09 7.3718E-10 5.0051E-10 2.8525E-10 1.3026E-10 4.7256E-11 6.1543E-12 0.0000E+00 0.0000E+00 0.0000E+00 0.0000E+00 0.0000E+00
1.1489E-10 1.4939E-10 1.9805E-10 2.7200E-10 3.7114E-10 5.0151E-10 6.6663E-10 8.9158E-10 1.1816E-09 1.5571E-09 2.0743E-09 2.7108E-09 3.5056E-09 4.4843E-09 5.7026E-09 7.1632E-09 8.8989E-09 1.0901E-08 1.3145E-08 1.5581E-08 1.8138E-08 2.0716E-08 2.3195E-08 2.5445E-08 2.7327E-08 2.8726E-08 2.9548E-08 2.9736E-08 2.9282E-08 2.8209E-08 2.6590E-08 2.4528E-08 2.2150E-08 1.9585E-08 1.6962E-08 1.4394E-08 1.1976E-08 9.7761E-09 7.8286E-09 6.1521E-09 4.7505E-09 3.5966E-09 2.6783E-09 1.9563E-09 1.4012E-09 9.7724E-10 6.7050E-10 4.4461E-10 2.2975E-10 9.6839E-11 2.2469E-11 1.1299E-12 0.0000E+00 0.0000E+00 0.0000E+00 0.0000E+00 0.0000E+00
8.4103E-11 1.1282E-10 1.5023E-10 2.0731E-10 2.8955E-10 3.9946E-10 5.4315E-10 7.3942E-10 1.0099E-09 1.3568E-09 1.8386E-09 2.4446E-09 3.1978E-09 4.1606E-09 5.3466E-09 6.8087E-09 8.5520E-09 1.0581E-08 1.2877E-08 1.5395E-08 1.8055E-08 2.0749E-08 2.3350E-08 2.5713E-08 2.7699E-08 2.9178E-08 3.0042E-08 3.0233E-08 2.9740E-08 2.8598E-08 2.6884E-08 2.4711E-08 2.2215E-08 1.9542E-08 1.6830E-08 1.4196E-08 1.1734E-08 9.5055E-09 7.5538E-09 5.8866E-09 4.5027E-09 3.3822E-09 2.4918E-09 1.8030E-09 1.2741E-09 8.7902E-10 5.9671E-10 3.7662E-10 1.7405E-10 6.0168E-11 9.6890E-12 0.0000E+00 0.0000E+00 0.0000E+00 0.0000E+00 0.0000E+00 0.0000E+00
5.7858E-11 7.9882E-11 1.1000E-10 1.5156E-10 2.1518E-10 3.0576E-10 4.2545E-10 5.8983E-10 8.4701E-10 1.1678E-09 1.6130E-09 2.1915E-09 2.9201E-09 3.8431E-09 5.0132E-09 6.4615E-09 8.2062E-09 1.0262E-08 1.2610E-08 1.5202E-08 1.7956E-08 2.0762E-08 2.3485E-08 2.5965E-08 2.8050E-08 2.9597E-08 3.0496E-08 3.0682E-08 3.0139E-08 2.8915E-08 2.7097E-08 2.4809E-08 2.2201E-08 1.9427E-08 1.6625E-08 1.3923E-08 1.1419E-08 9.1734E-09 7.2252E-09 5.5827E-09 4.2273E-09 3.1469E-09 2.2944E-09 1.6415E-09 1.1448E-09 7.7631E-10 5.1702E-10 3.0061E-10 1.2320E-10 2.8419E-11 2.0498E-12 0.0000E+00 0.0000E+00 0.0000E+00 0.0000E+00 0.0000E+00 0.0000E+00
3.5967E-11 5.1888E-11 7.4761E-11 1.0578E-10 1.4902E-10 2.1715E-10 3.1422E-10 4.4601E-10 6.9106E-10 1.0009E-09 1.4041E-09 1.9483E-09 2.6469E-09 3.5401E-09 4.6857E-09 6.1129E-09 7.8627E-09 9.9412E-09 1.2332E-08 1.4995E-08 1.7846E-08 2.0764E-08 2.3602E-08 2.6195E-08 2.8374E-08 2.9986E-08 3.0912E-08 3.1085E-08 3.0494E-08 2.9185E-08 2.7252E-08 2.4836E-08 2.2103E-08 1.9222E-08 1.6338E-08 1.3585E-08 1.1055E-08 8.8040E-09 6.8657E-09 5.2507E-09 3.9383E-09 2.8969E-09 2.0892E-09 1.4753E-09 1.0117E-09 6.7382E-10 4.2911E-10 2.2401E-10 7.1811E-11 1.1901E-11 0.0000E+00 0.0000E+00 0.0000E+00 0.0000E+00 0.0000E+00 0.0000E+00 0.0000E+00
1.8589E-11 2.9689E-11 4.7712E-11 7.1880E-11 1.0569E-10 1.5497E-10 2.3107E-10 3.3581E-10 5.4549E-10 8.3928E-10 1.2178E-09 1.7307E-09 2.3918E-09 3.2589E-09 4.3684E-09 5.7792E-09 7.5223E-09 9.6144E-09 1.2050E-08 1.4781E-08 1.7721E-08 2.0748E-08 2.3703E-08 2.6405E-08 2.8678E-08 3.0354E-08 3.1305E-08 3.1452E-08 3.0788E-08 2.9380E-08 2.7333E-08 2.4799E-08 2.1950E-08 1.8961E-08 1.5995E-08 1.3185E-08 1.0627E-08 8.3840E-09 6.4730E-09 4.8930E-09 3.6315E-09 2.6371E-09 1.8806E-09 1.3050E-09 8.7488E-10 5.7008E-10 3.4044E-10 1.4370E-10 3.1911E-11 2.0129E-12 0.0000E+00 0.0000E+00 0.0000E+00 0.0000E+00 0.0000E+00 0.0000E+00 0.0000E+00
8.5359E-12 1.4794E-11 2.5033E-11 4.2763E-11 6.9201E-11 1.0612E-10 1.6175E-10 2.4571E-10 4.0580E-10 6.8815E-10 1.0427E-09 1.5189E-09 2.1558E-09 2.9759E-09 4.0581E-09 5.4479E-09 7.1804E-09 9.2856E-09 1.1759E-08 1.4550E-08 1.7572E-08 2.0701E-08 2.3769E-08 2.6585E-08 2.8949E-08 3.0685E-08 3.1658E-08 3.1787E-08 3.1066E-08 2.9556E-08 2.7380E-08 2.4706E-08 2.1725E-08 1.8629E-08 1.5589E-08 1.2736E-08 1.0167E-08 7.9334E-09 6.0595E-09 4.5274E-09 3.3142E-09 2.3764E-09 1.6697E-09 1.1325E-09 7.3423E-10 4.6368E-10 2.4661E-10 8.5455E-11 1.1614E-11 0.0000E+00 0.0000E+00 0.0000E+00 0.0000E+00 0.0000E+00 0.0000E+00 0.0000E+00 0.0000E+00
2.6585E-12 5.7633E-12 1.1411E-11 2.0150E-11 3.8384E-11 6.2964E-11 1.0040E-10 1.6290E-10 2.8043E-10 5.4693E-10 8.7101E-10 1.3260E-09 1.9285E-09 2.7189E-09 3.7657E-09 5.1250E-09 6.8455E-09 8.9529E-09 1.1450E-08 1.4295E-08 1.7400E-08 2.0631E-08 2.3812E-08 2.6739E-08 2.9199E-08 3.1002E-08 3.1998E-08 3.2097E-08 3.1301E-08 2.9686E-08 2.7386E-08 2.4577E-08 2.1467E-08 1.8261E-08 1.5138E-08 1.2242E-08 9.6646E-09 7.4521E-09 5.6179E-09 4.1484E-09 2.9929E-09 2.1156E-09 1.4535E-09 9.6015E-10 6.0359E-10 3.6106E-10 1.5920E-10 3.5928E-11 1.0564E-12 0.0000E+00 0.0000E+00 0.0000E+00 0.0000E+00 0.0000E+00 0.0000E+00 0.0000E+00 0.0000E+00
3.5461E-13 1.2833E-12 3.4863E-12 7.3422E-12 1.5301E-11 3.2672E-11 6.0346E-11 1.0349E-10 1.7739E-10 4.1311E-10 7.3196E-10 1.1557E-09 1.7072E-09 2.4651E-09 3.4756E-09 4.8021E-09 6.5035E-09 8.6069E-09 1.1125E-08 1.4015E-08 1.7192E-08 2.0519E-08 2.3811E-08 2.6851E-08 2.9415E-08 3.1291E-08 3.2318E-08 3.2403E-08 3.1540E-08 2.9808E-08 2.7361E-08 2.4401E-08 2.1156E-08 1.7844E-08 1.4648E-08 1.1715E-08 9.1369E-09 6.9573E-09 5.1739E-09 3.7641E-09 2.6750E-09 1.8546E-09 1.2369E-09 7.8600E-10 4.7866E-10 2.4917E-10 9.0833E-11 9.2135E-12 0.0000E+00 0.0000E+00 0.0000E+00 0.0000E+00 0.0000E+00 0.0000E+00 0.0000E+00 0.0000E+00 0.0000E+00
0.0000E+00 1.0939E-13 3.5755E-13 1.6373E-12 3.7153E-12 1.0716E-11 2.7689E-11 5.8490E-11 1.0807E-10 2.8760E-10 6.0029E-10 9.9603E-10 1.5074E-09 2.2265E-09 3.1985E-09 4.4918E-09 6.1593E-09 8.2519E-09 1.0777E-08 1.3701E-08 1.6949E-08 2.0372E-08 2.3784E-08 2.6949E-08 2.9622E-08 3.1572E-08 3.2632E-08 3.2692E-08 3.1757E-08 2.9912E-08 2.7322E-08 2.4211E-08 2.0823E-08 1.7390E-08 1.4125E-08 1.1162E-08 8.5870E-09 6.4429E-09 4.7219E-09 3.3798E-09 2.3564E-09 1.5941E-09 1.0303E-09 6.2574E-10 3.6121E-10 1.4838E-10 3.6719E-11 2.5755E-13 0.0000E+00 0.0000E+00 0.0000E+00 0.0000E+00 0.0000E+00 0.0000E+00 0.0000E+00 0.0000E+00 0.0000E+00
0.0000E+00 0.0000E+00 0.0000E+00 9.1649E-14 2.5002E-13 1.3103E-12 6.9341E-12 2.2705E-11 5.6412E-11 1.7648E-10 4.7273E-10 8.4838E-10 1.3222E-09 1.9963E-09 2.9229E-09 4.1719E-09 5.7998E-09 7.8706E-09 1.0400E-08 1.3360E-08 1.6670E-08 2.0189E-08 2.3718E-08 2.7004E-08 2.9795E-08 3.1839E-08 3.2941E-08 3.2990E-08 3.1980E-08 3.0009E-08 2.7262E-08 2.3994E-08 2.0462E-08 1.6917E-08 1.3573E-08 1.0586E-08 8.0358E-09 5.9304E-09 4.2706E-09 3.0003E-09 2.0474E-09 1.3462E-09 8.3269E-10 4.7787E-10 2.4515E-10 7.7791E-11 7.6326E-12 0.0000E+00 0.0000E+00 0.0000E+00 0.0000E+00 0.0000E+00 0.0000E+00 0.0000E+00 0.0000E+00 0.0000E+00 0.0000E+00
0.0000E+00 0.0000E+00 0.0000E+00 0.0000E+00 0.0000E+00 2.2282E-14 1.4389E-13 4.6475E-12 2.0527E-11 8.6924E-11 3.4796E-10 7.0608E-10 1.1487E-09 1.7829E-09 2.6602E-09 3.8560E-09 5.4415E-09 7.4796E-09 1.0002E-08 1.2985E-08 1.6357E-08 1.9967E-08 2.3624E-08 2.7063E-08 2.9994E-08 3.2140E-08 3.3295E-08 3.3329E-08 3.2237E-08 3.0134E-08 2.7224E-08 2.3779E-08 2.0091E-08 1.6437E-08 1.3025E-08 1.0003E-08 7.4661E-09 5.4231E-09 3.8296E-09 2.6339E-09 1.7521E-09 1.1101E-09 6.4288E-10 3.4948E-10 1.2417E-10 2.9326E-11 0.0000E+00 0.0000E+00 0.0000E+00 0.0000E+00 0.0000E+00 0.0000E+00 0.0000E+00 0.0000E+00 0.0000E+00 0.0000E+00 0.0000E+00
0.0000E+00 0.0000E+00 0.0000E+00 0.0000E+00 0.0000E+00 0.0000E+00 0.0000E+00 0.0000E+00 3.5530E-12 2.8841E-11 2.4838E-10 5.6017E-10 9.8464E-10 1.5596E-09 2.3853E-09 3.5260E-09 5.0522E-09 7.0576E-09 9.5638E-09 1.2568E-08 1.5996E-08 1.9725E-08 2.3530E-08 2.7129E-08 3.0218E-08 3.2486E-08 3.3704E-08 3.3728E-08 3.2555E-08 3.0306E-08 2.7215E-08 2.3583E-08 1.9721E-08 1.5936E-08 1.2460E-08 9.4317E-09 6.9164E-09 4.9258E-09 3.4120E-09 2.2923E-09 1.4778E-09 8.8747E-10 4.8769E-10 2.2200E-10 5.9352E-11 6.5232E-12 0.0000E+00 0.0000E+00 0.0000E+00 0.0000E+00 0.0000E+00 0.0000E+00 0.0000E+00 0.0000E+00 0.0000E+00 0.0000E+00 0.0000E+00
0.0000E+00 0.0000E+00 0.0000E+00 0.0000E+00 0.0000E+00 0.0000E+00 0.0000E+00 0.0000E+00 0.0000E+00 4.2085E-12 1.5685E-10 4.3695E-10 8.2295E-10 1.3586E-09 2.1295E-09 3.2023E-09 4.6654E-09 6.6154E-09 9.0959E-09 1.2114E-08 1.5617E-08 1.9463E-08 2.3426E-08 2.7218E-08 3.0500E-08 3.2924E-08 3.4234E-08 3.4259E-08 3.2991E-08 3.0572E-08 2.7270E-08 2.3422E-08 1.9386E-08 1.5470E-08 1.1909E-08 8.8602E-09 6.3791E-09 4.4454E-09 3.0140E-09 1.9790E-09 1.2261E-09 6.8876E-10 3.5561E-10 1.1557E-10 1.7340E-11 0.0000E+00 0.0000E+00 0.0000E+00 0.0000E+00 0.0000E+00 0.0000E+00 0.0000E+00 0.0000E+00 0.0000E+00 0.0000E+00 0.0000E+00 0.0000E+00
0.0000E+00 0.0000E+00 0.0000E+00 0.0000E+00 0.0000E+00 0.0000E+00 0.0000E+00 0.0000E+00 0.0000E+00 0.0000E+00 8.4510E-11 3.2291E-10 6.6220E-10 1.1543E-09 1.8602E-09 2.8695E-09 4.2554E-09 6.1475E-09 8.5985E-09 1.1631E-08 1.5197E-08 1.9176E-08 2.3343E-08 2.7376E-08 3.0893E-08 3.3511E-08 3.4914E-08 3.4929E-08 3.3553E-08 3.0943E-08 2.7405E-08 2.3320E-08 1.9074E-08 1.5011E-08 1.1379E-08 8.3142E-09 5.8696E-09 4.0088E-09 2.6489E-09 1.6880E-09 9.8245E-10 5.2411E-10 2.2366E-10 4.8522E-11 2.7575E-12 0.0000E+00 0.0000E+00 0.0000E+00 0.0000E+00 0.0000E+00 0.0000E+00 0.0000E+00 0.0000E+00 0.0000E+00 0.0000E+00 0.0000E+00 0.0000E+00
0.0000E+00 0.0000E+00 0.0000E+00 0.0000E+00 0.0000E+00 0.0000E+00 0.0000E+00 0.0000E+00 0.0000E+00 0.0000E+00 3.6840E-11 2.2897E-10 5.0811E-10 9.5188E-10 1.6010E-09 2.5389E-09 3.8396E-09 5.6584E-09 8.0700E-09 1.1100E-08 1.4746E-08 1.8890E-08 2.3295E-08 2.7597E-08 3.1381E-08 3.4229E-08 3.5772E-08 3.5801E-08 3.4305E-08 3.1473E-08 2.7651E-08 2.3283E-08 1.8801E-08 1.4576E-08 1.0862E-08 7.8000E-09 5.3915E-09 3.5968E-09 2.3153E-09 1.4107E-09 7.6444E-10 3.8763E-10 1.2918E-10 1.2743E-11 0.0000E+00 0.0000E+00 0.0000E+00 0.0000E+00 0.0000E+00 0.0000E+00 0.0000E+00 0.0000E+00 0.0000E+00 0.0000E+00 0.0000E+00 0.0000E+00 0.0000E+00
0.0000E+00 0.0000E+00 0.0000E+00 0.0000E+00 0.0000E+00 0.0000E+00 0.0000E+00 0.0000E+00 0.0000E+00 0.0000E+00 7.7921E-12 1.5054E-10 3.7685E-10 7.6243E-10 1.3525E-09 2.2028E-09 3.4139E-09 5.1520E-09 7.5047E-09 1.0547E-08 1.4285E-08 1.8601E-08 2.3264E-08 2.7906E-08 3.2034E-08 3.5152E-08 3.6840E-08 3.6866E-08 3.5216E-08 3.2117E-08 2.7979E-08 2.3300E-08 1.8561E-08 1.4167E-08 1.0368E-08 7.2840E-09 4.9323E-09 3.2104E-09 2.0118E-09 1.1505E-09 5.9825E-10 2.4979E-10 6.3282E-11 9.2011E-14 0.0000E+00 0.0000E+00 0.0000E+00 0.0000E+00 0.0000E+00 0.0000E+00 0.0000E+00 0.0000E+00 0.0000E+00 0.0000E+00 0.0000E+00 0.0000E+00 0.0000E+00
0.0000E+00 0.0000E+00 0.0000E+00 0.0000E+00 0.0000E+00 0.0000E+00 0.0000E+00 0.0000E+00 0.0000E+00 0.0000E+00 3.8723E-13 8.7142E-11 2.7382E-10 5.7754E-10 1.0929E-09 1.8663E-09 2.9845E-09 4.6179E-09 6.9246E-09 9.9746E-09 1.3790E-08 1.8329E-08 2.3324E-08 2.8355E-08 3.2864E-08 3.6292E-08 3.8145E-08 3.8150E-08 3.6312E-08 3.2897E-08 2.8386E-08 2.3351E-08 1.8331E-08 1.3752E-08 9.8795E-09 6.7980E-09 4.4928E-09 2.8505E-09 1.7245E-09 9.1203E-10 4.3707E-10 1.6301E-10 3.2318E-11 0.0000E+00 0.0000E+00 0.0000E+00 0.0000E+00 0.0000E+00 0.0000E+00 0.0000E+00 0.0000E+00 0.0000E+00 0.0000E+00 0.0000E+00 0.0000E+00 0.0000E+00 0.0000E+00
0.0000E+00 0.0000E+00 0.0000E+00 0.0000E+00 0.0000E+00 0.0000E+00 0.0000E+00 0.0000E+00 0.0000E+00 0.0000E+00 0.0000E+00 3.8370E-11 1.8241E-10 4.2943E-10 8.7320E-10 1.5497E-09 2.5660E-09 4.0872E-09 6.3254E-09 9.3606E-09 1.3306E-08 1.8090E-08 2.3440E-08 2.8922E-08 3.3888E-08 3.7664E-08 3.9691E-08 3.9651E-08 3.7557E-08 3.3757E-08 2.8821E-08 2.3391E-08 1.8074E-08 1.3311E-08 9.3621E-09 6.3123E-09 4.0677E-09 2.5143E-09 1.4490E-09 7.2405E-10 3.2211E-10 1.0406E-10 2.0007E-11 0.0000E+00 0.0000E+00 0.0000E+00 0.0000E+00 0.0000E+00 0.0000E+00 0.0000E+00 0.0000E+00 0.0000E+00 0.0000E+00 0.0000E+00 0.0000E+00 0.0000E+00 0.0000E+00
0.0000E+00 0.0000E+00 0.0000E+00 0.0000E+00 0.0000E+00 0.0000E+00 0.0000E+00 0.0000E+00 0.0000E+00 0.0000E+00 0.0000E+00 1.5471E-11 9.9535E-11 2.8757E-10 6.5365E-10 1.2556E-09 2.1632E-09 3.5601E-09 5.7189E-09 8.7682E-09 1.2819E-08 1.7873E-08 2.3681E-08 2.9693E-08 3.5164E-08 3.9318E-08 4.1483E-08 4.1329E-08 3.8925E-08 3.4670E-08 2.9241E-08 2.3388E-08 1.7768E-08 1.2841E-08 8.8393E-09 5.8062E-09 3.6524E-09 2.1813E-09 1.1610E-09 5.6727E-10 2.2699E-10 7.2604E-11 9.4248E-12 0.0000E+00 0.0000E+00 0.0000E+00 0.0000E+00 0.0000E+00 0.0000E+00 0.0000E+00 0.0000E+00 0.0000E+00 0.0000E+00 0.0000E+00 0.0000E+00 0.0000E+00 0.0000E+00
0.0000E+00 0.0000E+00 0.0000E+00 0.0000E+00 0.0000E+00 0.0000E+00 0.0000E+00 0.0000E+00 0.0000E+00 0.0000E+00 0.0000E+00 3.4906E-12 3.8764E-11 1.6473E-10 4.7006E-10 9.7831E-10 1.7917E-09 3.0465E-09 5.1301E-09 8.1640E-09 1.2357E-08 1.7753E-08 2.4046E-08 3.0650E-08 3.6698E-08 4.1244E-08 4.3543E-08 4.3220E-08 4.0376E-08 3.5565E-08 2.9598E-08 2.3297E-08 1.7369E-08 1.2296E-08 8.2806E-09 5.3080E-09 3.2505E-09 1.8732E-09 9.3710E-10 4.2692E-10 1.6889E-10 4.8268E-11 7.3027E-12 0.0000E+00 0.0000E+00 0.0000E+00 0.0000E+00 0.0000E+00 0.0000E+00 0.0000E+00 0.0000E+00 0.0000E+00 0.0000E+00 0.0000E+00 0.0000E+00 0.0000E+00 0.0000E+00
