Assets/Resources/2015_m01_d19_1000(utc+0800)_l00_csi_1hr_conc.grd
DSAA
         159         159
     -79.000      79.000
     -79.000      79.000
  0.0000E+00  0.1753E-05
[rows 0 to 24 of 159, columns 0 to 56 of 159]
0.0000E+00 0.0000E+00 0.0000E+00 0.0000E+00 0.0000E+00 0.0000E+00 0.0000E+00 0.0000E+00 0.0000E+00 0.0000E+00 0.0000E+00 0.0000E+00 0.0000E+00 0.0000E+00 0.0000E+00 0.0000E+00 0.0000E+00 0.0000E+00 0.0000E+00 0.0000E+00 0.0000E+00 0.0000E+00 0.0000E+00 0.0000E+00 0.0000E+00 0.0000E+00 0.0000E+00 0.0000E+00 0.0000E+00 0.0000E+00 0.0000E+00 0.0000E+00 0.0000E+00 0.0000E+00 0.0000E+00 0.0000E+00 0.0000E+00 1.0429E-13 2.5800E-13 5.4885E-13 1.2897E-12 2.7925E-12 5.0091E-12 7.7695E-12 1.1944E-11 1.6775E-11 2.1803E-11 2.8304E-11 3.5710E-11 4.3773E-11 5.3634E-11 6.4966E-11 7.7682E-11 9.1946E-11 1.0917E-10 1.2792E-10 1.4857E-10
0.0000E+00 0.0000E+00 0.0000E+00 0.0000E+00 0.0000E+00 0.0000E+00 0.0000E+00 0.0000E+00 0.0000E+00 0.0000E+00 0.0000E+00 0.0000E+00 0.0000E+00 0.0000E+00 0.0000E+00 0.0000E+00 0.0000E+00 0.0000E+00 0.0000E+00 0.0000E+00 0.0000E+00 0.0000E+00 0.0000E+00 0.0000E+00 0.0000E+00 0.0000E+00 0.0000E+00 0.0000E+00 0.0000E+00 0.0000E+00 0.0000E+00 0.0000E+00 0.0000E+00 0.0000E+00 0.0000E+00 0.0000E+00 1.1537E-13 2.9387E-13 5.9396E-13 1.0314E-12 2.5793E-12 4.6466E-12 7.1342E-12 1.1206E-11 1.5963E-11 2.1047E-11 2.7397E-11 3.4751E-11 4.3168E-11 5.2838E-11 6.4577E-11 7.7699E-11 9.2328E-11 1.0934E-10 1.2940E-10 1.5067E-10 1.7388E-10
0.0000E+00 0.0000E+00 0.0000E+00 0.0000E+00 0.0000E+00 0.0000E+00 0.0000E+00 0.0000E+00 0.0000E+00 0.0000E+00 0.0000E+00 0.0000E+00 0.0000E+00 0.0000E+00 0.0000E+00 0.0000E+00 0.0000E+00 0.0000E+00 0.0000E+00 0.0000E+00 0.0000E+00 0.0000E+00 0.0000E+00 0.0000E+00 0.0000E+00 0.0000E+00 0.0000E+00 0.0000E+00 0.0000E+00 0.0000E+00 0.0000E+00 0.0000E+00 0.0000E+00 0.0000E+00 0.0000E+00 1.1660E-13 3.2073E-13 6.3519E-13 9.7434E-13 2.2507E-12 4.0741E-12 6.6270E-12 1.0211E-11 1.4909E-11 2.0225E-11 2.6334E-11 3.3562E-11 4.2159E-11 5.1356E-11 6.3253E-11 7.6867E-11 9.1493E-11 1.0850E-10 1.2866E-10 1.5073E-10 1.7564E-10 2.0179E-10
0.0000E+00 0.0000E+00 0.0000E+00 0.0000E+00 0.0000E+00 0.0000E+00 0.0000E+00 0.0000E+00 0.0000E+00 0.0000E+00 0.0000E+00 0.0000E+00 0.0000E+00 0.0000E+00 0.0000E+00 0.0000E+00 0.0000E+00 0.0000E+00 0.0000E+00 0.0000E+00 0.0000E+00 0.0000E+00 0.0000E+00 0.0000E+00 0.0000E+00 0.0000E+00 0.0000E+00 0.0000E+00 0.0000E+00 0.0000E+00 0.0000E+00 0.0000E+00 0.0000E+00 0.0000E+00 1.0822E-13 3.2617E-13 6.4962E-13 1.0102E-12 1.8891E-12 3.7516E-12 6.2834E-12 9.2444E-12 1.3717E-11 1.9009E-11 2.4860E-11 3.2242E-11 4.0723E-11 4.9898E-11 6.1630E-11 7.5097E-11 9.0006E-11 1.0737E-10 1.2756E-10 1.5040E-10 1.7574E-10 2.0280E-10 2.3298E-10
0.0000E+00 0.0000E+00 0.0000E+00 0.0000E+00 0.0000E+00 0.0000E+00 0.0000E+00 0.0000E+00 0.0000E+00 0.0000E+00 0.0000E+00 0.0000E+00 0.0000E+00 0.0000E+00 0.0000E+00 0.0000E+00 0.0000E+00 0.0000E+00 0.0000E+00 0.0000E+00 0.0000E+00 0.0000E+00 0.0000E+00 0.0000E+00 0.0000E+00 0.0000E+00 0.0000E+00 0.0000E+00 0.0000E+00 0.0000E+00 0.0000E+00 0.0000E+00 0.0000E+00 9.0631E-14 3.1067E-13 6.4840E-13 1.0475E-12 1.6569E-12 3.3506E-12 5.5941E-12 8.5059E-12 1.2690E-11 1.7464E-11 2.3192E-11 3.0465E-11 3.8936E-11 4.8241E-11 5.9401E-11 7.2749E-11 8.8017E-11 1.0533E-10 1.2515E-10 1.4907E-10 1.7458E-10 2.0271E-10 2.3393E-10 2.6784E-10
0.0000E+00 0.0000E+00 0.0000E+00 0.0000E+00 0.0000E+00 0.0000E+00 0.0000E+00 0.0000E+00 0.0000E+00 0.0000E+00 0.0000E+00 0.0000E+00 0.0000E+00 0.0000E+00 0.0000E+00 0.0000E+00 0.0000E+00 0.0000E+00 0.0000E+00 0.0000E+00 0.0000E+00 0.0000E+00 0.0000E+00 0.0000E+00 0.0000E+00 0.0000E+00 0.0000E+00 0.0000E+00 0.0000E+00 0.0000E+00 0.0000E+00 0.0000E+00 6.4390E-14 2.7507E-13 6.3192E-13 1.0407E-12 1.6043E-12 2.8947E-12 5.0482E-12 7.8822E-12 1.1300E-11 1.6286E-11 2.1621E-11 2.8159E-11 3.6512E-11 4.6032E-11 5.6836E-11 7.0205E-11 8.5676E-11 1.0244E-10 1.2254E-10 1.4574E-10 1.7130E-10 2.0071E-10 2.3185E-10 2.6682E-10 3.0511E-10
0.0000E+00 0.0000E+00 0.0000E+00 0.0000E+00 0.0000E+00 0.0000E+00 0.0000E+00 0.0000E+00 0.0000E+00 0.0000E+00 0.0000E+00 0.0000E+00 0.0000E+00 0.0000E+00 0.0000E+00 0.0000E+00 0.0000E+00 0.0000E+00 0.0000E+00 0.0000E+00 0.0000E+00 0.0000E+00 0.0000E+00 0.0000E+00 0.0000E+00 0.0000E+00 0.0000E+00 0.0000E+00 0.0000E+00 0.0000E+00 0.0000E+00 3.0163E-14 2.2058E-13 5.7972E-13 1.0159E-12 1.6005E-12 2.6207E-12 4.4738E-12 7.0699E-12 1.0176E-11 1.4898E-11 2.0102E-11 2.6090E-11 3.3850E-11 4.3292E-11 5.3772E-11 6.7128E-11 8.2341E-11 9.9187E-11 1.1890E-10 1.4216E-10 1.6754E-10 1.9739E-10 2.2964E-10 2.6507E-10 3.0428E-10 3.4657E-10
0.0000E+00 0.0000E+00 0.0000E+00 0.0000E+00 0.0000E+00 0.0000E+00 0.0000E+00 0.0000E+00 0.0000E+00 0.0000E+00 0.0000E+00 0.0000E+00 0.0000E+00 0.0000E+00 0.0000E+00 0.0000E+00 0.0000E+00 0.0000E+00 0.0000E+00 0.0000E+00 0.0000E+00 0.0000E+00 0.0000E+00 0.0000E+00 0.0000E+00 0.0000E+00 0.0000E+00 0.0000E+00 0.0000E+00 0.0000E+00 0.0000E+00 1.5367E-13 5.0588E-13 9.6293E-13 1.5543E-12 2.4793E-12 3.9043E-12 6.2651E-12 9.2746E-12 1.3233E-11 1.8476E-11 2.4486E-11 3.1334E-11 4.0214E-11 5.0513E-11 6.2896E-11 7.8051E-11 9.5344E-11 1.1453E-10 1.3706E-10 1.6274E-10 1.9173E-10 2.2440E-10 2.6031E-10 2.9964E-10 3.4387E-10 3.9167E-10
0.0000E+00 0.0000E+00 0.0000E+00 0.0000E+00 0.0000E+00 0.0000E+00 0.0000E+00 0.0000E+00 0.0000E+00 0.0000E+00 0.0000E+00 0.0000E+00 0.0000E+00 0.0000E+00 0.0000E+00 0.0000E+00 0.0000E+00 0.0000E+00 0.0000E+00 0.0000E+00 0.0000E+00 0.0000E+00 0.0000E+00 0.0000E+00 0.0000E+00 0.0000E+00 0.0000E+00 0.0000E+00 0.0000E+00 0.0000E+00 1.0266E-13 4.1366E-13 8.8372E-13 1.4641E-12 2.3244E-12 3.5612E-12 5.5105E-12 8.1792E-12 1.1854E-11 1.6808E-11 2.2418E-11 2.9124E-11 3.7598E-11 4.7105E-11 5.8594E-11 7.3202E-11 9.0144E-11 1.0913E-10 1.3178E-10 1.5755E-10 1.8575E-10 2.1829E-10 2.5531E-10 2.9459E-10 3.3963E-10 3.8794E-10 4.3895E-10
0.0000E+00 0.0000E+00 0.0000E+00 0.0000E+00 0.0000E+00 0.0000E+00 0.0000E+00 0.0000E+00 0.0000E+00 0.0000E+00 0.0000E+00 0.0000E+00 0.0000E+00 0.0000E+00 0.0000E+00 0.0000E+00 0.0000E+00 0.0000E+00 0.0000E+00 0.0000E+00 0.0000E+00 0.0000E+00 0.0000E+00 0.0000E+00 0.0000E+00 0.0000E+00 0.0000E+00 0.0000E+00 0.0000E+00 4.5203E-14 3.0517E-13 7.8053E-13 1.3331E-12 2.1188E-12 3.2784E-12 4.7383E-12 7.2424E-12 1.0690E-11 1.4807E-11 2.0404E-11 2.7108E-11 3.4728E-11 4.4129E-11 5.4769E-11 6.7811E-11 8.4081E-11 1.0310E-10 1.2495E-10 1.5000E-10 1.7841E-10 2.1045E-10 2.4718E-10 2.8693E-10 3.3179E-10 3.8115E-10 4.3425E-10 4.9063E-10
0.0000E+00 0.0000E+00 0.0000E+00 0.0000E+00 0.0000E+00 0.0000E+00 0.0000E+00 0.0000E+00 0.0000E+00 0.0000E+00 0.0000E+00 0.0000E+00 0.0000E+00 0.0000E+00 0.0000E+00 0.0000E+00 0.0000E+00 0.0000E+00 0.0000E+00 0.0000E+00 0.0000E+00 0.0000E+00 0.0000E+00 0.0000E+00 0.0000E+00 0.0000E+00 0.0000E+00 0.0000E+00 0.0000E+00 1.8266E-13 6.1706E-13 1.1839E-12 1.9271E-12 2.9330E-12 4.3146E-12 6.2938E-12 9.2875E-12 1.3234E-11 1.8270E-11 2.4616E-11 3.2050E-11 4.1005E-11 5.1188E-11 6.3111E-11 7.8176E-11 9.6234E-11 1.1685E-10 1.4196E-10 1.6976E-10 2.0088E-10 2.3777E-10 2.7910E-10 3.2227E-10 3.7233E-10 4.2619E-10 4.8365E-10 5.4750E-10
0.0000E+00 0.0000E+00 0.0000E+00 0.0000E+00 0.0000E+00 0.0000E+00 0.0000E+00 0.0000E+00 0.0000E+00 0.0000E+00 0.0000E+00 0.0000E+00 0.0000E+00 0.0000E+00 0.0000E+00 0.0000E+00 0.0000E+00 0.0000E+00 0.0000E+00 0.0000E+00 0.0000E+00 0.0000E+00 0.0000E+00 0.0000E+00 0.0000E+00 0.0000E+00 0.0000E+00 0.0000E+00 8.1109E-14 4.2104E-13 9.9602E-13 1.7126E-12 2.6114E-12 3.8880E-12 5.5628E-12 8.0516E-12 1.1572E-11 1.6034E-11 2.2203E-11 2.9434E-11 3.7450E-11 4.7422E-11 5.9077E-11 7.2416E-11 8.9043E-11 1.0904E-10 1.3254E-10 1.5983E-10 1.9135E-10 2.2694E-10 2.6787E-10 3.1207E-10 3.6161E-10 4.1668E-10 4.7545E-10 5.3897E-10 6.0842E-10
0.0000E+00 0.0000E+00 0.0000E+00 0.0000E+00 0.0000E+00 0.0000E+00 0.0000E+00 0.0000E+00 0.0000E+00 0.0000E+00 0.0000E+00 0.0000E+00 0.0000E+00 0.0000E+00 0.0000E+00 0.0000E+00 0.0000E+00 0.0000E+00 0.0000E+00 0.0000E+00 0.0000E+00 0.0000E+00 0.0000E+00 0.0000E+00 0.0000E+00 0.0000E+00 0.0000E+00 3.4542E-15 2.5962E-13 7.9846E-13 1.4641E-12 2.2843E-12 3.4223E-12 4.9436E-12 6.9141E-12 1.0032E-11 1.4274E-11 1.9465E-11 2.6350E-11 3.4233E-11 4.3483E-11 5.4609E-11 6.7401E-11 8.2777E-11 1.0098E-10 1.2286E-10 1.4913E-10 1.7949E-10 2.1419E-10 2.5492E-10 3.0038E-10 3.4865E-10 4.0470E-10 4.6476E-10 5.2738E-10 5.9792E-10 6.7286E-10
0.0000E+00 0.0000E+00 0.0000E+00 0.0000E+00 0.0000E+00 0.0000E+00 0.0000E+00 0.0000E+00 0.0000E+00 0.0000E+00 0.0000E+00 0.0000E+00 0.0000E+00 0.0000E+00 0.0000E+00 0.0000E+00 0.0000E+00 0.0000E+00 0.0000E+00 0.0000E+00 0.0000E+00 0.0000E+00 0.0000E+00 0.0000E+00 0.0000E+00 0.0000E+00 0.0000E+00 9.4862E-14 5.4510E-13 1.2340E-12 1.9705E-12 2.9611E-12 4.3511E-12 6.1746E-12 8.5055E-12 1.2264E-11 1.7166E-11 2.3286E-11 3.0659E-11 3.9364E-11 5.0063E-11 6.2428E-11 7.6332E-11 9.3701E-11 1.1410E-10 1.3809E-10 1.6761E-10 2.0217E-10 2.4115E-10 2.8594E-10 3.3511E-10 3.8905E-10 4.4980E-10 5.1492E-10 5.8583E-10 6.6223E-10 7.4333E-10
0.0000E+00 0.0000E+00 0.0000E+00 0.0000E+00 0.0000E+00 0.0000E+00 0.0000E+00 0.0000E+00 0.0000E+00 0.0000E+00 0.0000E+00 0.0000E+00 0.0000E+00 0.0000E+00 0.0000E+00 0.0000E+00 0.0000E+00 0.0000E+00 0.0000E+00 0.0000E+00 0.0000E+00 0.0000E+00 0.0000E+00 0.0000E+00 0.0000E+00 0.0000E+00 3.3587E-15 2.8839E-13 9.4678E-13 1.6646E-12 2.5247E-12 3.7273E-12 5.3829E-12 7.4218E-12 1.0493E-11 1.4806E-11 2.0174E-11 2.7170E-11 3.5557E-11 4.5108E-11 5.6910E-11 7.0398E-11 8.6274E-11 1.0572E-10 1.2885E-10 1.5603E-10 1.8824E-10 2.2529E-10 2.6844E-10 3.1824E-10 3.7239E-10 4.3395E-10 5.0051E-10 5.7067E-10 6.4842E-10 7.3140E-10 8.1833E-10
0.0000E+00 0.0000E+00 0.0000E+00 0.0000E+00 0.0000E+00 0.0000E+00 0.0000E+00 0.0000E+00 0.0000E+00 0.0000E+00 0.0000E+00 0.0000E+00 0.0000E+00 0.0000E+00 0.0000E+00 0.0000E+00 0.0000E+00 0.0000E+00 0.0000E+00 0.0000E+00 0.0000E+00 0.0000E+00 0.0000E+00 0.0000E+00 0.0000E+00 0.0000E+00 9.2046E-14 5.9052E-13 1.3748E-12 2.1196E-12 3.1429E-12 4.6589E-12 6.5048E-12 8.9706E-12 1.2709E-11 1.7617E-11 2.3355E-11 3.1298E-11 4.0644E-11 5.1316E-11 6.4128E-11 7.8972E-11 9.7685E-11 1.2011E-10 1.4527E-10 1.7521E-10 2.0939E-10 2.5078E-10 2.9919E-10 3.5416E-10 4.1499E-10 4.8143E-10 5.5310E-10 6.2985E-10 7.1469E-10 8.0433E-10 9.0083E-10
0.0000E+00 0.0000E+00 0.0000E+00 0.0000E+00 0.0000E+00 0.0000E+00 0.0000E+00 0.0000E+00 0.0000E+00 0.0000E+00 0.0000E+00 0.0000E+00 0.0000E+00 0.0000E+00 0.0000E+00 0.0000E+00 0.0000E+00 0.0000E+00 0.0000E+00 0.0000E+00 0.0000E+00 0.0000E+00 0.0000E+00 0.0000E+00 0.0000E+00 0.0000E+00 2.7433E-13 1.0120E-12 1.7554E-12 2.5985E-12 3.9223E-12 5.6053E-12 7.7259E-12 1.0713E-11 1.5059E-11 2.0340E-11 2.7058E-11 3.5769E-11 4.5719E-11 5.7760E-11 7.1993E-11 8.9319E-11 1.1064E-10 1.3532E-10 1.6294E-10 1.9660E-10 2.3560E-10 2.8074E-10 3.3414E-10 3.9198E-10 4.5816E-10 5.3241E-10 6.1097E-10 6.9706E-10 7.8935E-10 8.8625E-10 9.9052E-10
0.0000E+00 0.0000E+00 0.0000E+00 0.0000E+00 0.0000E+00 0.0000E+00 0.0000E+00 0.0000E+00 0.0000E+00 0.0000E+00 0.0000E+00 0.0000E+00 0.0000E+00 0.0000E+00 0.0000E+00 0.0000E+00 0.0000E+00 0.0000E+00 0.0000E+00 0.0000E+00 0.0000E+00 0.0000E+00 0.0000E+00 0.0000E+00 0.0000E+00 5.4116E-14 5.5914E-13 1.4108E-12 2.1504E-12 3.1606E-12 4.7228E-12 6.5850E-12 9.1952E-12 1.2596E-11 1.7273E-11 2.3321E-11 3.1117E-11 4.0415E-11 5.1113E-11 6.4645E-11 8.1560E-11 1.0102E-10 1.2434E-10 1.5087E-10 1.8371E-10 2.2111E-10 2.6328E-10 3.1183E-10 3.6939E-10 4.3470E-10 5.0827E-10 5.8874E-10 6.7468E-10 7.6751E-10 8.9781E-10 1.0066E-09 1.1235E-09
0.0000E+00 0.0000E+00 0.0000E+00 0.0000E+00 0.0000E+00 0.0000E+00 0.0000E+00 0.0000E+00 0.0000E+00 0.0000E+00 0.0000E+00 0.0000E+00 0.0000E+00 0.0000E+00 0.0000E+00 0.0000E+00 0.0000E+00 0.0000E+00 0.0000E+00 0.0000E+00 0.0000E+00 0.0000E+00 0.0000E+00 0.0000E+00 0.0000E+00 1.9763E-13 9.5858E-13 1.7395E-12 2.5580E-12 3.9195E-12 5.5520E-12 7.7754E-12 1.0850E-11 1.4567E-11 1.9712E-11 2.6496E-11 3.5125E-11 4.5210E-11 5.7180E-11 7.3253E-11 9.1525E-11 1.1312E-10 1.3914E-10 1.6996E-10 2.0626E-10 2.4686E-10 2.9267E-10 3.4768E-10 4.1066E-10 4.8282E-10 5.9319E-10 6.8433E-10 7.8596E-10 8.9653E-10 1.0117E-09 1.1339E-09 1.2610E-09
0.0000E+00 0.0000E+00 0.0000E+00 0.0000E+00 0.0000E+00 0.0000E+00 0.0000E+00 0.0000E+00 0.0000E+00 0.0000E+00 0.0000E+00 0.0000E+00 0.0000E+00 0.0000E+00 0.0000E+00 0.0000E+00 0.0000E+00 0.0000E+00 0.0000E+00 0.0000E+00 0.0000E+00 0.0000E+00 0.0000E+00 0.0000E+00 9.7704E-16 4.4385E-13 1.3403E-12 2.0546E-12 3.0661E-12 4.6205E-12 6.4933E-12 9.1269E-12 1.2489E-11 1.6583E-11 2.2394E-11 2.9745E-11 3.8986E-11 5.0298E-11 6.4924E-11 8.2231E-11 1.0177E-10 1.2670E-10 1.5673E-10 1.9058E-10 2.2971E-10 2.7502E-10 3.2798E-10 3.8817E-10 4.8968E-10 5.7535E-10 6.7309E-10 7.7936E-10 8.9220E-10 1.0125E-09 1.1366E-09 1.3004E-09 1.4427E-09
0.0000E+00 0.0000E+00 0.0000E+00 0.0000E+00 0.0000E+00 0.0000E+00 0.0000E+00 0.0000E+00 0.0000E+00 0.0000E+00 0.0000E+00 0.0000E+00 0.0000E+00 0.0000E+00 0.0000E+00 0.0000E+00 0.0000E+00 0.0000E+00 0.0000E+00 0.0000E+00 0.0000E+00 0.0000E+00 0.0000E+00 0.0000E+00 8.1429E-14 7.8977E-13 1.6520E-12 2.3827E-12 3.6888E-12 5.2585E-12 7.4873E-12 1.0582E-11 1.4014E-11 1.8750E-11 2.5229E-11 3.2958E-11 4.3174E-11 5.6793E-11 7.2824E-11 9.1370E-11 1.1386E-10 1.4233E-10 1.7479E-10 2.1199E-10 2.5701E-10 3.0828E-10 4.0105E-10 4.7658E-10 5.6245E-10 6.6067E-10 7.6802E-10 8.8292E-10 1.0421E-09 1.1805E-09 1.3273E-09 1.4801E-09 1.6377E-09
0.0000E+00 0.0000E+00 0.0000E+00 0.0000E+00 0.0000E+00 0.0000E+00 0.0000E+00 0.0000E+00 0.0000E+00 0.0000E+00 0.0000E+00 0.0000E+00 0.0000E+00 0.0000E+00 0.0000E+00 0.0000E+00 0.0000E+00 0.0000E+00 0.0000E+00 0.0000E+00 0.0000E+00 0.0000E+00 0.0000E+00 0.0000E+00 2.4914E-13 1.1371E-12 1.8864E-12 2.8136E-12 4.3313E-12 6.0736E-12 8.6334E-12 1.1889E-11 1.5680E-11 2.1089E-11 2.7959E-11 3.6293E-11 4.8673E-11 6.3425E-11 8.0517E-11 1.0189E-10 1.2781E-10 1.5851E-10 1.9398E-10 2.3747E-10 3.1866E-10 3.8415E-10 4.6146E-10 5.5069E-10 6.4811E-10 7.8703E-10 9.1043E-10 1.0485E-09 1.1976E-09 1.3539E-09 1.5156E-09 1.6816E-09 1.8860E-09
0.0000E+00 0.0000E+00 0.0000E+00 0.0000E+00 0.0000E+00 0.0000E+00 0.0000E+00 0.0000E+00 0.0000E+00 0.0000E+00 0.0000E+00 0.0000E+00 0.0000E+00 0.0000E+00 0.0000E+00 0.0000E+00 0.0000E+00 0.0000E+00 0.0000E+00 0.0000E+00 0.0000E+00 0.0000E+00 0.0000E+00 0.0000E+00 5.1279E-13 1.4641E-12 2.1118E-12 3.3233E-12 4.8979E-12 6.9421E-12 9.8941E-12 1.3135E-11 1.7374E-11 2.3439E-11 3.0526E-11 4.0393E-11 5.4520E-11 7.0053E-11 8.9274E-11 1.1388E-10 1.4213E-10 1.7605E-10 2.1672E-10 2.9997E-10 3.6647E-10 4.4436E-10 5.3461E-10 6.6508E-10 7.8146E-10 9.1219E-10 1.0567E-09 1.2126E-09 1.3788E-09 1.5868E-09 1.7734E-09 1.9688E-09 2.1676E-09
0.0000E+00 0.0000E+00 0.0000E+00 0.0000E+00 0.0000E+00 0.0000E+00 0.0000E+00 0.0000E+00 0.0000E+00 0.0000E+00 0.0000E+00 0.0000E+00 0.0000E+00 0.0000E+00 0.0000E+00 0.0000E+00 0.0000E+00 0.0000E+00 0.0000E+00 0.0000E+00 0.0000E+00 0.0000E+00 0.0000E+00 2.4315E-14 7.9743E-13 1.7124E-12 2.4153E-12 3.8309E-12 5.4842E-12 7.8849E-12 1.1048E-11 1.4559E-11 1.9250E-11 2.5574E-11 3.3303E-11 4.5233E-11 6.0332E-11 7.7089E-11 9.9620E-11 1.2602E-10 1.5736E-10 1.9631E-10 2.7900E-10 3.4597E-10 4.2413E-10 5.1385E-10 6.5086E-10 7.7331E-10 9.1120E-10 1.0631E-09 1.2247E-09 1.4372E-09 1.6316E-09 1.8388E-09 2.0539E-09 2.2731E-09 2.4928E-09
0.0000E+00 0.0000E+00 0.0000E+00 0.0000E+00 0.0000E+00 0.0000E+00 0.0000E+00 0.0000E+00 0.0000E+00 0.0000E+00 0.0000E+00 0.0000E+00 0.0000E+00 0.0000E+00 0.0000E+00 0.0000E+00 0.0000E+00 0.0000E+00 0.0000E+00 0.0000E+00 0.0000E+00 0.0000E+00 0.0000E+00 1.4976E-13 1.0758E-12 1.8627E-12 2.8139E-12 4.3338E-12 6.0805E-12 8.8591E-12 1.2052E-11 1.6000E-11 2.1197E-11 2.7675E-11 3.7064E-11 5.0085E-11 6.6029E-11 8.5583E-11 1.1026E-10 1.3895E-10 1.7466E-10 2.5699E-10 3.2225E-10 3.9998E-10 5.1899E-10 6.3040E-10 7.5778E-10 9.0163E-10 1.0611E-09 1.2707E-09 1.4663E-09 1.6773E-09 1.9038E-09 2.1405E-09 2.4183E-09 2.6700E-09 2.9271E-09
