Assets/Resources/2015_m01_d10_1300(utc+0800)_l00_csi_1hr_conc.grd
DSAA
         159         159
     -79.000      79.000
     -79.000      79.000
  0.7197E-09  0.2923E-05
[rows 50 to 74 of 159, columns 57 to 113 of 159]
4.9905E-09 5.0938E-09 5.1974E-09 5.3023E-09 5.4074E-09 5.5135E-09 5.6198E-09 5.7265E-09 5.8341E-09 5.9412E-09 6.0490E-09 6.1574E-09 6.2655E-09 6.3737E-09 6.4819E-09 6.5899E-09 6.6977E-09 6.8051E-09 6.9122E-09 7.0186E-09 7.1236E-09 7.2286E-09 7.3326E-09 7.4355E-09 7.5367E-09 7.6369E-09 7.7354E-09 7.8316E-09 7.9255E-09 8.0173E-09 8.1064E-09 8.1920E-09 8.2743E-09 8.3530E-09 8.4284E-09 8.4993E-09 8.5661E-09 8.6289E-09 8.6868E-09 8.7398E-09 8.7886E-09 8.8331E-09 8.8724E-09 8.9072E-09 8.9453E-09 8.9728E-09 8.9982E-09 9.0135E-09 9.0238E-09 9.0294E-09 9.0303E-09 9.0264E-09 9.0180E-09 9.0049E-09 8.9906E-09 8.9722E-09 8.9495E-09
5.0771E-09 5.1820E-09 5.2881E-09 5.3947E-09 5.5019E-09 5.6101E-09 5.7186E-09 5.8280E-09 5.9374E-09 6.0472E-09 6.1574E-09 6.2677E-09 6.3782E-09 6.4892E-09 6.5998E-09 6.7103E-09 6.8206E-09 6.9306E-09 7.0401E-09 7.1484E-09 7.2568E-09 7.3643E-09 7.4710E-09 7.5761E-09 7.6803E-09 7.7830E-09 7.8836E-09 7.9822E-09 8.0789E-09 8.1730E-09 8.2638E-09 8.3513E-09 8.4359E-09 8.5169E-09 8.5934E-09 8.6659E-09 8.7340E-09 8.7976E-09 8.8572E-09 8.9116E-09 8.9612E-09 9.0125E-09 9.0552E-09 9.0957E-09 9.1286E-09 9.1539E-09 9.1742E-09 9.1894E-09 9.1996E-09 9.2049E-09 9.2054E-09 9.2010E-09 9.1919E-09 9.1817E-09 9.1671E-09 9.1483E-09 9.1251E-09
5.1627E-09 5.2701E-09 5.3782E-09 5.4869E-09 5.5962E-09 5.7063E-09 5.8169E-09 5.9285E-09 6.0402E-09 6.1526E-09 6.2651E-09 6.3778E-09 6.4907E-09 6.6037E-09 6.7167E-09 6.8301E-09 6.9425E-09 7.0545E-09 7.1666E-09 7.2783E-09 7.3892E-09 7.4994E-09 7.6087E-09 7.7168E-09 7.8236E-09 7.9285E-09 8.0320E-09 8.1334E-09 8.2321E-09 8.3279E-09 8.4208E-09 8.5109E-09 8.5969E-09 8.6796E-09 8.7578E-09 8.8317E-09 8.9017E-09 8.9667E-09 9.0269E-09 9.0885E-09 9.1424E-09 9.1937E-09 9.2373E-09 9.2732E-09 9.3040E-09 9.3295E-09 9.3499E-09 9.3651E-09 9.3751E-09 9.3803E-09 9.3804E-09 9.3791E-09 9.3733E-09 9.3725E-09 9.3546E-09 9.3323E-09 9.3054E-09
5.2482E-09 5.3572E-09 5.4670E-09 5.5781E-09 5.6899E-09 5.8021E-09 5.9153E-09 6.0283E-09 6.1422E-09 6.2569E-09 6.3716E-09 6.4870E-09 6.6019E-09 6.7173E-09 6.8331E-09 6.9481E-09 7.0634E-09 7.1784E-09 7.2931E-09 7.4073E-09 7.5208E-09 7.6336E-09 7.7455E-09 7.8562E-09 7.9652E-09 8.0731E-09 8.1791E-09 8.2825E-09 8.3835E-09 8.4820E-09 8.5775E-09 8.6691E-09 8.7571E-09 8.8411E-09 8.9214E-09 8.9973E-09 9.0713E-09 9.1407E-09 9.2054E-09 9.2677E-09 9.3224E-09 9.3693E-09 9.4111E-09 9.4476E-09 9.4788E-09 9.5047E-09 9.5252E-09 9.5404E-09 9.5504E-09 9.5657E-09 9.5726E-09 9.5715E-09 9.5627E-09 9.5490E-09 9.5305E-09 9.5075E-09 9.4798E-09
5.3326E-09 5.4440E-09 5.5558E-09 5.6689E-09 5.7824E-09 5.8967E-09 6.0120E-09 6.1276E-09 6.2440E-09 6.3606E-09 6.4772E-09 6.5949E-09 6.7125E-09 6.8303E-09 6.9481E-09 7.0660E-09 7.1837E-09 7.3012E-09 7.4184E-09 7.5351E-09 7.6513E-09 7.7667E-09 7.8812E-09 7.9941E-09 8.1061E-09 8.2166E-09 8.3247E-09 8.4305E-09 8.5342E-09 8.6350E-09 8.7321E-09 8.8262E-09 8.9165E-09 9.0023E-09 9.0868E-09 9.1675E-09 9.2432E-09 9.3138E-09 9.3823E-09 9.4406E-09 9.4938E-09 9.5417E-09 9.5842E-09 9.6213E-09 9.6530E-09 9.6791E-09 9.7070E-09 9.7294E-09 9.7465E-09 9.7523E-09 9.7532E-09 9.7489E-09 9.7397E-09 9.7256E-09 9.7066E-09 9.6829E-09 9.6545E-09
5.4163E-09 5.5292E-09 5.6434E-09 5.7585E-09 5.8744E-09 5.9908E-09 6.1078E-09 6.2258E-09 6.3441E-09 6.4629E-09 6.5825E-09 6.7021E-09 6.8220E-09 6.9421E-09 7.0624E-09 7.1826E-09 7.3028E-09 7.4228E-09 7.5425E-09 7.6618E-09 7.7805E-09 7.8985E-09 8.0152E-09 8.1311E-09 8.2457E-09 8.3583E-09 8.4693E-09 8.5780E-09 8.6840E-09 8.7866E-09 8.8863E-09 8.9824E-09 9.0742E-09 9.1678E-09 9.2543E-09 9.3364E-09 9.4134E-09 9.4857E-09 9.5504E-09 9.6100E-09 9.6642E-09 9.7130E-09 9.7563E-09 9.7976E-09 9.8369E-09 9.8706E-09 9.8958E-09 9.9125E-09 9.9238E-09 9.9296E-09 9.9304E-09 9.9261E-09 9.9166E-09 9.9022E-09 9.8827E-09 9.8584E-09 9.8293E-09
5.4994E-09 5.6146E-09 5.7307E-09 5.8470E-09 5.9650E-09 6.0834E-09 6.2028E-09 6.3230E-09 6.4430E-09 6.5643E-09 6.6857E-09 6.8076E-09 6.9302E-09 7.0526E-09 7.1752E-09 7.2979E-09 7.4205E-09 7.5430E-09 7.6652E-09 7.7870E-09 7.9082E-09 8.0288E-09 8.1485E-09 8.2671E-09 8.3838E-09 8.4993E-09 8.6128E-09 8.7234E-09 8.8313E-09 8.9365E-09 9.0384E-09 9.1391E-09 9.2361E-09 9.3293E-09 9.4174E-09 9.5037E-09 9.5799E-09 9.6511E-09 9.7172E-09 9.7779E-09 9.8332E-09 9.8901E-09 9.9381E-09 9.9838E-09 1.0021E-08 1.0049E-08 1.0072E-08 1.0089E-08 1.0101E-08 1.0107E-08 1.0107E-08 1.0103E-08 1.0093E-08 1.0079E-08 1.0059E-08 1.0034E-08 1.0010E-08
5.5807E-09 5.6978E-09 5.8159E-09 5.9349E-09 6.0548E-09 6.1751E-09 6.2966E-09 6.4181E-09 6.5409E-09 6.6644E-09 6.7876E-09 6.9120E-09 7.0365E-09 7.1612E-09 7.2865E-09 7.4115E-09 7.5365E-09 7.6615E-09 7.7862E-09 7.9105E-09 8.0343E-09 8.1574E-09 8.2797E-09 8.4004E-09 8.5201E-09 8.6381E-09 8.7536E-09 8.8670E-09 8.9777E-09 9.0881E-09 9.1947E-09 9.2978E-09 9.3969E-09 9.4914E-09 9.5815E-09 9.6643E-09 9.7422E-09 9.8149E-09 9.8858E-09 9.9515E-09 1.0012E-08 1.0070E-08 1.0119E-08 1.0160E-08 1.0195E-08 1.0224E-08 1.0247E-08 1.0265E-08 1.0277E-08 1.0283E-08 1.0284E-08 1.0279E-08 1.0270E-08 1.0255E-08 1.0240E-08 1.0227E-08 1.0205E-08
5.6621E-09 5.7809E-09 5.9005E-09 6.0210E-09 6.1425E-09 6.2652E-09 6.3886E-09 6.5125E-09 6.6374E-09 6.7625E-09 6.8883E-09 7.0149E-09 7.1415E-09 7.2685E-09 7.3957E-09 7.5231E-09 7.6508E-09 7.7782E-09 7.9053E-09 8.0321E-09 8.1584E-09 8.2841E-09 8.4084E-09 8.5321E-09 8.6544E-09 8.7744E-09 8.8928E-09 9.0086E-09 9.1245E-09 9.2370E-09 9.3460E-09 9.4514E-09 9.5523E-09 9.6490E-09 9.7384E-09 9.8230E-09 9.9059E-09 9.9838E-09 1.0057E-08 1.0124E-08 1.0186E-08 1.0243E-08 1.0290E-08 1.0332E-08 1.0368E-08 1.0398E-08 1.0421E-08 1.0439E-08 1.0452E-08 1.0458E-08 1.0460E-08 1.0455E-08 1.0451E-08 1.0444E-08 1.0432E-08 1.0421E-08 1.0402E-08
5.7411E-09 5.8617E-09 5.9835E-09 6.1062E-09 6.2299E-09 6.3540E-09 6.4791E-09 6.6049E-09 6.7318E-09 6.8590E-09 6.9872E-09 7.1155E-09 7.2448E-09 7.3740E-09 7.5034E-09 7.6330E-09 7.7628E-09 7.8924E-09 8.0224E-09 8.1516E-09 8.2804E-09 8.4086E-09 8.5359E-09 8.6621E-09 8.7865E-09 8.9089E-09 9.0297E-09 9.1509E-09 9.2690E-09 9.3867E-09 9.4981E-09 9.6053E-09 9.7058E-09 9.8018E-09 9.8931E-09 9.9831E-09 1.0071E-08 1.0151E-08 1.0226E-08 1.0295E-08 1.0356E-08 1.0411E-08 1.0460E-08 1.0503E-08 1.0539E-08 1.0570E-08 1.0595E-08 1.0613E-08 1.0626E-08 1.0633E-08 1.0639E-08 1.0642E-08 1.0641E-08 1.0636E-08 1.0628E-08 1.0616E-08 1.0592E-08
5.8198E-09 5.9418E-09 6.0646E-09 6.1891E-09 6.3146E-09 6.4410E-09 6.5683E-09 6.6964E-09 6.8245E-09 6.9540E-09 7.0839E-09 7.2143E-09 7.3456E-09 7.4770E-09 7.6090E-09 7.7409E-09 7.8729E-09 8.0049E-09 8.1368E-09 8.2684E-09 8.4001E-09 8.5308E-09 8.6601E-09 8.7888E-09 8.9161E-09 9.0443E-09 9.1701E-09 9.2935E-09 9.4140E-09 9.5314E-09 9.6447E-09 9.7516E-09 9.8542E-09 9.9557E-09 1.0053E-08 1.0145E-08 1.0232E-08 1.0314E-08 1.0391E-08 1.0459E-08 1.0521E-08 1.0577E-08 1.0627E-08 1.0671E-08 1.0709E-08 1.0741E-08 1.0766E-08 1.0786E-08 1.0804E-08 1.0818E-08 1.0828E-08 1.0834E-08 1.0837E-08 1.0836E-08 1.0829E-08 1.0810E-08 1.0784E-08
5.8959E-09 6.0200E-09 6.1452E-09 6.2715E-09 6.3987E-09 6.5261E-09 6.6553E-09 6.7849E-09 6.9156E-09 7.0471E-09 7.1789E-09 7.3118E-09 7.4444E-09 7.5778E-09 7.7120E-09 7.8461E-09 7.9807E-09 8.1150E-09 8.2492E-09 8.3832E-09 8.5169E-09 8.6499E-09 8.7826E-09 8.9137E-09 9.0460E-09 9.1769E-09 9.3048E-09 9.4307E-09 9.5537E-09 9.6731E-09 9.7862E-09 9.8952E-09 1.0007E-08 1.0111E-08 1.0210E-08 1.0304E-08 1.0394E-08 1.0475E-08 1.0550E-08 1.0620E-08 1.0684E-08 1.0742E-08 1.0793E-08 1.0839E-08 1.0877E-08 1.0910E-08 1.0936E-08 1.0963E-08 1.0984E-08 1.1013E-08 1.1034E-08 1.1042E-08 1.1040E-08 1.1032E-08 1.1017E-08 1.0998E-08 1.0973E-08
5.9705E-09 6.0962E-09 6.2231E-09 6.3510E-09 6.4799E-09 6.6099E-09 6.7407E-09 6.8721E-09 7.0047E-09 7.1377E-09 7.2714E-09 7.4062E-09 7.5412E-09 7.6771E-09 7.8130E-09 7.9491E-09 8.0856E-09 8.2221E-09 8.3590E-09 8.4953E-09 8.6313E-09 8.7668E-09 8.9014E-09 9.0380E-09 9.1732E-09 9.3063E-09 9.4372E-09 9.5652E-09 9.6903E-09 9.8094E-09 9.9282E-09 1.0043E-08 1.0154E-08 1.0260E-08 1.0362E-08 1.0458E-08 1.0547E-08 1.0630E-08 1.0708E-08 1.0779E-08 1.0845E-08 1.0904E-08 1.0957E-08 1.1004E-08 1.1044E-08 1.1089E-08 1.1139E-08 1.1176E-08 1.1199E-08 1.1216E-08 1.1226E-08 1.1229E-08 1.1226E-08 1.1219E-08 1.1206E-08 1.1187E-08 1.1163E-08
6.0445E-09 6.1718E-09 6.3002E-09 6.4297E-09 6.5599E-09 6.6911E-09 6.8233E-09 6.9568E-09 7.0912E-09 7.2264E-09 7.3624E-09 7.4982E-09 7.6355E-09 7.7730E-09 7.9109E-09 8.0496E-09 8.1882E-09 8.3272E-09 8.4660E-09 8.6041E-09 8.7428E-09 8.8806E-09 9.0207E-09 9.1598E-09 9.2972E-09 9.4328E-09 9.5658E-09 9.6962E-09 9.8211E-09 9.9460E-09 1.0067E-08 1.0185E-08 1.0298E-08 1.0407E-08 1.0511E-08 1.0607E-08 1.0698E-08 1.0783E-08 1.0862E-08 1.0935E-08 1.1003E-08 1.1064E-08 1.1131E-08 1.1192E-08 1.1253E-08 1.1296E-08 1.1333E-08 1.1362E-08 1.1384E-08 1.1399E-08 1.1410E-08 1.1414E-08 1.1413E-08 1.1407E-08 1.1395E-08 1.1378E-08 1.1354E-08
6.1156E-09 6.2444E-09 6.3743E-09 6.5054E-09 6.6375E-09 6.7707E-09 6.9049E-09 7.0400E-09 7.1753E-09 7.3123E-09 7.4496E-09 7.5882E-09 7.7273E-09 7.8667E-09 8.0070E-09 8.1468E-09 8.2874E-09 8.4286E-09 8.5695E-09 8.7107E-09 8.8512E-09 8.9944E-09 9.1369E-09 9.2782E-09 9.4176E-09 9.5557E-09 9.6911E-09 9.8214E-09 9.9522E-09 1.0080E-08 1.0207E-08 1.0326E-08 1.0442E-08 1.0550E-08 1.0654E-08 1.0752E-08 1.0845E-08 1.0932E-08 1.1014E-08 1.1095E-08 1.1177E-08 1.1250E-08 1.1323E-08 1.1382E-08 1.1433E-08 1.1476E-08 1.1512E-08 1.1541E-08 1.1564E-08 1.1582E-08 1.1594E-08 1.1601E-08 1.1601E-08 1.1597E-08 1.1587E-08 1.1570E-08 1.1547E-08
6.1856E-09 6.3161E-09 6.4472E-09 6.5796E-09 6.7125E-09 6.8472E-09 6.9830E-09 7.1197E-09 7.2574E-09 7.3960E-09 7.5351E-09 7.6753E-09 7.8159E-09 7.9575E-09 8.0993E-09 8.2415E-09 8.3845E-09 8.5273E-09 8.6707E-09 8.8136E-09 8.9594E-09 9.1045E-09 9.2491E-09 9.3928E-09 9.5350E-09 9.6752E-09 9.8138E-09 9.9499E-09 1.0083E-08 1.0213E-08 1.0340E-08 1.0462E-08 1.0577E-08 1.0688E-08 1.0794E-08 1.0894E-08 1.0989E-08 1.1090E-08 1.1181E-08 1.1269E-08 1.1357E-08 1.1431E-08 1.1498E-08 1.1556E-08 1.1607E-08 1.1651E-08 1.1688E-08 1.1719E-08 1.1745E-08 1.1765E-08 1.1779E-08 1.1788E-08 1.1790E-08 1.1788E-08 1.1779E-08 1.1764E-08 1.1742E-08
6.2532E-09 6.3847E-09 6.5174E-09 6.6514E-09 6.7864E-09 6.9226E-09 7.0598E-09 7.1980E-09 7.3368E-09 7.4763E-09 7.6174E-09 7.7593E-09 7.9020E-09 8.0454E-09 8.1889E-09 8.3330E-09 8.4775E-09 8.6223E-09 8.7676E-09 8.9157E-09 9.0638E-09 9.2113E-09 9.3582E-09 9.5043E-09 9.6485E-09 9.7918E-09 9.9330E-09 1.0072E-08 1.0207E-08 1.0340E-08 1.0469E-08 1.0591E-08 1.0709E-08 1.0822E-08 1.0930E-08 1.1043E-08 1.1149E-08 1.1250E-08 1.1349E-08 1.1442E-08 1.1523E-08 1.1598E-08 1.1665E-08 1.1725E-08 1.1777E-08 1.1823E-08 1.1863E-08 1.1897E-08 1.1926E-08 1.1948E-08 1.1965E-08 1.1976E-08 1.1981E-08 1.1980E-08 1.1973E-08 1.1960E-08 1.1943E-08
6.3191E-09 6.4515E-09 6.5851E-09 6.7204E-09 6.8567E-09 6.9942E-09 7.1328E-09 7.2725E-09 7.4132E-09 7.5550E-09 7.6976E-09 7.8407E-09 7.9850E-09 8.1292E-09 8.2750E-09 8.4213E-09 8.5675E-09 8.7146E-09 8.8645E-09 9.0148E-09 9.1647E-09 9.3145E-09 9.4637E-09 9.6117E-09 9.7591E-09 9.9048E-09 1.0048E-08 1.0190E-08 1.0328E-08 1.0463E-08 1.0592E-08 1.0716E-08 1.0836E-08 1.0958E-08 1.1076E-08 1.1194E-08 1.1306E-08 1.1412E-08 1.1510E-08 1.1601E-08 1.1684E-08 1.1761E-08 1.1829E-08 1.1891E-08 1.1947E-08 1.1996E-08 1.2039E-08 1.2075E-08 1.2107E-08 1.2132E-08 1.2151E-08 1.2165E-08 1.2173E-08 1.2174E-08 1.2173E-08 1.2165E-08 1.2160E-08
6.3824E-09 6.5163E-09 6.6516E-09 6.7881E-09 6.9257E-09 7.0645E-09 7.2044E-09 7.3451E-09 7.4867E-09 7.6295E-09 7.7736E-09 7.9186E-09 8.0645E-09 8.2111E-09 8.3585E-09 8.5060E-09 8.6541E-09 8.8056E-09 8.9575E-09 9.1098E-09 9.2619E-09 9.4139E-09 9.5649E-09 9.7160E-09 9.8658E-09 1.0014E-08 1.0160E-08 1.0304E-08 1.0445E-08 1.0579E-08 1.0710E-08 1.0842E-08 1.0971E-08 1.1098E-08 1.1221E-08 1.1341E-08 1.1458E-08 1.1563E-08 1.1662E-08 1.1755E-08 1.1841E-08 1.1919E-08 1.1991E-08 1.2057E-08 1.2115E-08 1.2167E-08 1.2214E-08 1.2254E-08 1.2288E-08 1.2317E-08 1.2339E-08 1.2356E-08 1.2370E-08 1.2378E-08 1.2392E-08 1.2398E-08 1.2398E-08
6.4430E-09 6.5781E-09 6.7145E-09 6.8521E-09 6.9909E-09 7.1309E-09 7.2720E-09 7.4143E-09 7.5577E-09 7.7022E-09 7.8477E-09 7.9941E-09 8.1410E-09 8.2887E-09 8.4372E-09 8.5868E-09 8.7399E-09 8.8932E-09 9.0472E-09 9.2011E-09 9.3552E-09 9.5063E-09 9.6629E-09 9.8163E-09 9.9684E-09 1.0119E-08 1.0267E-08 1.0414E-08 1.0554E-08 1.0691E-08 1.0831E-08 1.0968E-08 1.1106E-08 1.1238E-08 1.1367E-08 1.1487E-08 1.1601E-08 1.1709E-08 1.1811E-08 1.1906E-08 1.1994E-08 1.2077E-08 1.2152E-08 1.2221E-08 1.2283E-08 1.2339E-08 1.2388E-08 1.2432E-08 1.2470E-08 1.2502E-08 1.2531E-08 1.2555E-08 1.2587E-08 1.2610E-08 1.2627E-08 1.2638E-08 1.2639E-08
6.5021E-09 6.6383E-09 6.7757E-09 6.9143E-09 7.0542E-09 7.1953E-09 7.3376E-09 7.4810E-09 7.6248E-09 7.7705E-09 7.9173E-09 8.0650E-09 8.2137E-09 8.3633E-09 8.5136E-09 8.6676E-09 8.8220E-09 8.9744E-09 9.1294E-09 9.2853E-09 9.4415E-09 9.6006E-09 9.7569E-09 9.9124E-09 1.0067E-08 1.0220E-08 1.0368E-08 1.0516E-08 1.0664E-08 1.0810E-08 1.0954E-08 1.1096E-08 1.1236E-08 1.1372E-08 1.1500E-08 1.1623E-08 1.1740E-08 1.1851E-08 1.1955E-08 1.2054E-08 1.2146E-08 1.2232E-08 1.2311E-08 1.2384E-08 1.2450E-08 1.2510E-08 1.2563E-08 1.2611E-08 1.2652E-08 1.2692E-08 1.2730E-08 1.2786E-08 1.2818E-08 1.2845E-08 1.2865E-08 1.2878E-08 1.2875E-08
6.5583E-09 6.6955E-09 6.8338E-09 6.9734E-09 7.1143E-09 7.2564E-09 7.3997E-09 7.5443E-09 7.6900E-09 7.8368E-09 7.9847E-09 8.1337E-09 8.2836E-09 8.4341E-09 8.5858E-09 8.7406E-09 8.8967E-09 9.0536E-09 9.2108E-09 9.3685E-09 9.5295E-09 9.6881E-09 9.8434E-09 1.0001E-08 1.0158E-08 1.0313E-08 1.0466E-08 1.0619E-08 1.0771E-08 1.0923E-08 1.1071E-08 1.1218E-08 1.1362E-08 1.1497E-08 1.1629E-08 1.1755E-08 1.1875E-08 1.1988E-08 1.2097E-08 1.2199E-08 1.2296E-08 1.2386E-08 1.2469E-08 1.2546E-08 1.2616E-08 1.2680E-08 1.2738E-08 1.2801E-08 1.2858E-08 1.2914E-08 1.2963E-08 1.3014E-08 1.3049E-08 1.3086E-08 1.3102E-08 1.3111E-08 1.3111E-08
6.6121E-09 6.7501E-09 6.8893E-09 7.0298E-09 7.1715E-09 7.3146E-09 7.4592E-09 7.6043E-09 7.7510E-09 7.8985E-09 8.0475E-09 8.1976E-09 8.3486E-09 8.5008E-09 8.6568E-09 8.8134E-09 8.9711E-09 9.1291E-09 9.2880E-09 9.4470E-09 9.6075E-09 9.7682E-09 9.9288E-09 1.0089E-08 1.0247E-08 1.0405E-08 1.0564E-08 1.0721E-08 1.0877E-08 1.1032E-08 1.1186E-08 1.1337E-08 1.1479E-08 1.1619E-08 1.1753E-08 1.1882E-08 1.2005E-08 1.2123E-08 1.2236E-08 1.2343E-08 1.2444E-08 1.2538E-08 1.2626E-08 1.2707E-08 1.2789E-08 1.2865E-08 1.2932E-08 1.3012E-08 1.3081E-08 1.3156E-08 1.3209E-08 1.3251E-08 1.3287E-08 1.3316E-08 1.3337E-08 1.3350E-08 1.3354E-08
6.6633E-09 6.8020E-09 6.9424E-09 7.0832E-09 7.2262E-09 7.3700E-09 7.5152E-09 7.6615E-09 7.8092E-09 7.9580E-09 8.1080E-09 8.2591E-09 8.4112E-09 8.5674E-09 8.7243E-09 8.8822E-09 9.0409E-09 9.1974E-09 9.3579E-09 9.5222E-09 9.6845E-09 9.8471E-09 1.0010E-08 1.0171E-08 1.0332E-08 1.0495E-08 1.0658E-08 1.0818E-08 1.0979E-08 1.1139E-08 1.1297E-08 1.1446E-08 1.1593E-08 1.1736E-08 1.1873E-08 1.2005E-08 1.2133E-08 1.2255E-08 1.2372E-08 1.2484E-08 1.2589E-08 1.2692E-08 1.2792E-08 1.2882E-08 1.2977E-08 1.3075E-08 1.3167E-08 1.3250E-08 1.3315E-08 1.3374E-08 1.3429E-08 1.3477E-08 1.3519E-08 1.3554E-08 1.3580E-08 1.3598E-08 1.3606E-08
6.7118E-09 6.8511E-09 6.9918E-09 7.1342E-09 7.2775E-09 7.4220E-09 7.5679E-09 7.7151E-09 7.8635E-09 8.0131E-09 8.1635E-09 8.3160E-09 8.4686E-09 8.6260E-09 8.7842E-09 8.9435E-09 9.1036E-09 9.2645E-09 9.4295E-09 9.5929E-09 9.7569E-09 9.9212E-09 1.0086E-08 1.0249E-08 1.0416E-08 1.0583E-08 1.0749E-08 1.0913E-08 1.1079E-08 1.1242E-08 1.1399E-08 1.1552E-08 1.1702E-08 1.1848E-08 1.1988E-08 1.2125E-08 1.2257E-08 1.2384E-08 1.2506E-08 1.2626E-08 1.2744E-08 1.2860E-08 1.2981E-08 1.3093E-08 1.3201E-08 1.3294E-08 1.3376E-08 1.3453E-08 1.3526E-08 1.3593E-08 1.3654E-08 1.3710E-08 1.3758E-08 1.3799E-08 1.3831E-08 1.3854E-08 1.3866E-08
