Assets/Resources/2015_m01_d17_2300(utc+0800)_l00_csi_1hr_conc.grd
DSAA
         159         159
     -79.000      79.000
     -79.000      79.000
  0.0000E+00  0.7454E-05
[rows 100 to 124 of 159, columns 57 to 113 of 159]
2.2247E-09 2.2578E-09 2.2889E-09 2.3178E-09 2.3457E-09 2.3720E-09 2.3960E-09 2.4182E-09 2.4420E-09 2.4601E-09 2.4779E-09 2.4925E-09 2.5102E-09 2.5232E-09 2.5320E-09 2.5437E-09 2.5543E-09 2.5658E-09 2.5791E-09 2.5928E-09 2.6336E-09 2.7846E-09 2.9617E-09 3.2766E-09 3.7746E-09 4.1541E-09 4.6604E-09 4.9966E-09 5.0491E-09 5.1005E-09 4.8648E-09 4.6280E-09 4.4847E-09 4.3544E-09 4.2354E-09 4.1447E-09 4.0473E-09 3.9495E-09 3.8352E-09 3.6974E-09 3.5326E-09 3.3582E-09 3.1394E-09 2.9432E-09 2.7461E-09 2.5688E-09 2.3752E-09 2.1771E-09 1.9778E-09 1.7522E-09 1.5753E-09 1.4207E-09 1.2585E-09 1.0999E-09 9.7182E-10 8.6691E-10 7.9471E-10
2.1044E-09 2.1348E-09 2.1632E-09 2.1894E-09 2.2131E-09 2.2365E-09 2.2582E-09 2.2764E-09 2.2961E-09 2.3125E-09 2.3293E-09 2.3431E-09 2.3537E-09 2.3632E-09 2.3764E-09 2.3816E-09 2.3856E-09 2.3981E-09 2.4040E-09 2.4287E-09 2.4744E-09 2.5886E-09 2.8376E-09 3.0870E-09 3.3801E-09 3.8203E-09 4.0596E-09 4.2484E-09 4.2508E-09 4.0824E-09 3.9413E-09 3.8189E-09 3.6687E-09 3.5196E-09 3.4045E-09 3.3044E-09 3.2041E-09 3.0837E-09 2.9672E-09 2.8658E-09 2.7790E-09 2.6505E-09 2.5279E-09 2.3812E-09 2.2249E-09 2.0426E-09 1.8698E-09 1.7097E-09 1.5516E-09 1.4198E-09 1.2598E-09 1.1071E-09 9.8234E-10 9.0370E-10 8.3772E-10 7.7142E-10 7.0990E-10
1.9903E-09 2.0182E-09 2.0442E-09 2.0678E-09 2.0893E-09 2.1087E-09 2.1281E-09 2.1457E-09 2.1601E-09 2.1733E-09 2.1874E-09 2.1988E-09 2.2090E-09 2.2176E-09 2.2248E-09 2.2275E-09 2.2370E-09 2.2337E-09 2.2181E-09 2.2232E-09 2.2395E-09 2.2877E-09 2.4125E-09 2.6588E-09 2.9190E-09 3.2548E-09 3.4331E-09 3.4904E-09 3.4525E-09 3.3254E-09 3.1707E-09 3.0010E-09 2.9211E-09 2.8440E-09 2.7866E-09 2.7185E-09 2.6418E-09 2.5658E-09 2.4822E-09 2.3716E-09 2.2389E-09 2.0936E-09 1.9666E-09 1.8491E-09 1.7363E-09 1.6243E-09 1.5046E-09 1.3591E-09 1.2157E-09 1.0813E-09 9.8320E-10 9.2648E-10 8.7086E-10 8.0884E-10 7.4520E-10 6.8091E-10 6.2030E-10
1.8822E-09 1.9078E-09 1.9314E-09 1.9529E-09 1.9723E-09 1.9900E-09 2.0057E-09 2.0214E-09 2.0228E-09 2.0351E-09 2.0446E-09 2.0527E-09 2.0605E-09 2.0666E-09 2.0714E-09 2.0781E-09 2.0772E-09 2.0711E-09 2.0772E-09 2.0795E-09 2.0949E-09 2.1890E-09 2.2995E-09 2.4318E-09 2.7213E-09 2.6720E-09 2.8473E-09 2.9052E-09 2.8086E-09 2.6691E-09 2.5593E-09 2.4393E-09 2.2995E-09 2.2023E-09 2.1150E-09 2.0728E-09 2.0204E-09 1.9771E-09 1.9277E-09 1.8705E-09 1.7889E-09 1.7079E-09 1.5982E-09 1.4985E-09 1.3738E-09 1.2534E-09 1.1348E-09 1.0567E-09 9.9793E-10 9.4097E-10 8.8896E-10 8.3620E-10 7.7268E-10 7.0775E-10 6.5018E-10 6.0045E-10 5.5274E-10
1.7723E-09 1.7956E-09 1.8167E-09 1.8361E-09 1.8536E-09 1.8694E-09 1.8837E-09 1.8959E-09 1.9078E-09 1.9173E-09 1.9244E-09 1.9323E-09 1.9383E-09 1.9401E-09 1.9301E-09 1.9314E-09 1.9279E-09 1.9301E-09 1.9245E-09 1.9143E-09 1.9208E-09 1.9333E-09 2.0244E-09 2.1374E-09 2.3064E-09 2.4676E-09 2.4521E-09 2.4607E-09 2.3305E-09 2.1992E-09 2.1291E-09 1.9474E-09 1.9109E-09 1.8377E-09 1.7497E-09 1.7071E-09 1.5927E-09 1.5441E-09 1.4789E-09 1.4016E-09 1.3328E-09 1.2610E-09 1.2164E-09 1.1679E-09 1.1234E-09 1.0569E-09 1.0052E-09 9.4911E-10 8.9597E-10 8.3637E-10 7.8929E-10 7.3334E-10 6.8016E-10 6.2844E-10 5.8247E-10 5.4026E-10 4.8525E-10
1.6768E-09 1.6982E-09 1.7175E-09 1.7351E-09 1.7424E-09 1.7566E-09 1.7694E-09 1.7804E-09 1.7895E-09 1.7971E-09 1.8053E-09 1.8095E-09 1.8117E-09 1.8149E-09 1.8164E-09 1.8135E-09 1.8090E-09 1.8067E-09 1.8001E-09 1.8012E-09 1.7886E-09 1.7597E-09 1.7748E-09 1.8490E-09 1.9213E-09 1.9847E-09 2.0249E-09 1.9886E-09 1.9118E-09 1.8299E-09 1.7452E-09 1.6769E-09 1.5724E-09 1.4576E-09 1.4284E-09 1.3916E-09 1.3466E-09 1.3192E-09 1.2742E-09 1.2346E-09 1.1822E-09 1.1416E-09 1.0935E-09 1.0501E-09 9.9134E-10 9.4320E-10 8.9189E-10 8.4714E-10 7.9740E-10 7.5368E-10 7.0553E-10 6.5525E-10 6.0474E-10 5.5472E-10 5.1363E-10 4.6434E-10 4.2188E-10
1.5781E-09 1.5973E-09 1.6168E-09 1.6327E-09 1.6473E-09 1.6605E-09 1.6719E-09 1.6819E-09 1.6904E-09 1.6972E-09 1.7024E-09 1.6952E-09 1.6990E-09 1.6986E-09 1.6963E-09 1.6952E-09 1.6926E-09 1.6855E-09 1.6769E-09 1.6670E-09 1.6571E-09 1.6638E-09 1.6828E-09 1.7353E-09 1.7956E-09 1.8237E-09 1.7643E-09 1.7113E-09 1.4940E-09 1.4769E-09 1.4492E-09 1.4107E-09 1.3792E-09 1.3422E-09 1.3172E-09 1.2711E-09 1.2330E-09 1.1976E-09 1.1636E-09 1.1128E-09 1.0675E-09 1.0286E-09 9.9232E-10 9.4069E-10 8.9395E-10 8.5111E-10 8.0621E-10 7.5711E-10 7.1319E-10 6.6772E-10 6.1209E-10 5.6990E-10 5.2966E-10 4.9021E-10 4.5165E-10 4.1157E-10 3.6731E-10
1.4922E-09 1.5040E-09 1.5200E-09 1.5354E-09 1.5497E-09 1.5617E-09 1.5721E-09 1.5810E-09 1.5886E-09 1.5947E-09 1.5992E-09 1.6019E-09 1.6027E-09 1.6018E-09 1.6017E-09 1.5974E-09 1.5915E-09 1.5808E-09 1.5641E-09 1.5524E-09 1.5389E-09 1.5234E-09 1.5068E-09 1.4962E-09 1.4771E-09 1.4565E-09 1.4420E-09 1.4190E-09 1.3984E-09 1.3782E-09 1.3422E-09 1.3128E-09 1.2778E-09 1.2418E-09 1.2034E-09 1.1633E-09 1.1372E-09 1.0965E-09 1.0563E-09 1.0151E-09 9.7837E-10 9.2902E-10 8.8873E-10 8.4320E-10 8.0147E-10 7.5239E-10 7.1489E-10 6.7158E-10 6.3021E-10 5.8882E-10 5.5173E-10 5.1325E-10 4.7573E-10 4.3780E-10 3.9694E-10 3.5474E-10 3.2044E-10
1.4048E-09 1.4227E-09 1.4370E-09 1.4522E-09 1.4643E-09 1.4760E-09 1.4868E-09 1.4950E-09 1.4933E-09 1.4987E-09 1.5025E-09 1.5047E-09 1.5051E-09 1.5038E-09 1.5008E-09 1.4960E-09 1.4922E-09 1.4841E-09 1.4711E-09 1.4594E-09 1.4495E-09 1.4348E-09 1.4186E-09 1.4044E-09 1.3854E-09 1.3723E-09 1.3512E-09 1.3289E-09 1.3065E-09 1.2742E-09 1.2409E-09 1.2198E-09 1.1849E-09 1.1490E-09 1.1111E-09 1.0791E-09 1.0380E-09 1.0020E-09 9.6223E-10 9.3279E-10 8.8655E-10 8.4851E-10 8.0489E-10 7.6530E-10 7.2134E-10 6.8745E-10 6.4277E-10 6.0734E-10 5.6792E-10 5.3160E-10 4.9286E-10 4.4987E-10 4.1521E-10 3.8384E-10 3.4476E-10 3.1231E-10 2.8334E-10
1.3220E-09 1.3373E-09 1.3530E-09 1.3660E-09 1.3770E-09 1.3887E-09 1.3972E-09 1.4047E-09 1.4130E-09 1.4179E-09 1.4213E-09 1.4231E-09 1.4233E-09 1.4218E-09 1.4188E-09 1.4140E-09 1.4076E-09 1.3996E-09 1.3898E-09 1.3786E-09 1.3658E-09 1.3515E-09 1.3390E-09 1.3220E-09 1.3037E-09 1.2873E-09 1.2667E-09 1.2426E-09 1.2140E-09 1.1843E-09 1.1566E-09 1.1236E-09 1.0841E-09 1.0550E-09 1.0209E-09 9.8805E-10 9.4254E-10 9.0859E-10 8.7754E-10 8.3730E-10 8.0062E-10 7.6221E-10 7.2215E-10 6.8123E-10 6.5181E-10 6.1149E-10 5.7391E-10 5.3771E-10 5.0744E-10 4.7127E-10 4.3540E-10 4.0129E-10 3.6914E-10 3.3556E-10 3.0301E-10 2.7419E-10 2.5215E-10
1.2510E-09 1.2623E-09 1.2793E-09 1.2901E-09 1.3036E-09 1.3129E-09 1.3206E-09 1.3294E-09 1.3351E-09 1.3393E-09 1.3444E-09 1.3459E-09 1.3458E-09 1.3443E-09 1.3411E-09 1.3364E-09 1.3301E-09 1.3224E-09 1.3130E-09 1.3022E-09 1.2899E-09 1.2762E-09 1.2611E-09 1.2446E-09 1.2299E-09 1.2085E-09 1.1790E-09 1.1553E-09 1.1261E-09 1.1058E-09 1.0674E-09 1.0373E-09 1.0083E-09 9.7339E-10 9.3720E-10 9.0706E-10 8.7453E-10 8.3399E-10 7.9994E-10 7.6319E-10 7.2681E-10 6.8710E-10 6.5456E-10 6.1827E-10 5.8628E-10 5.4785E-10 5.1742E-10 4.8673E-10 4.5551E-10 4.1339E-10 3.8455E-10 3.4877E-10 3.2273E-10 2.8996E-10 2.6111E-10 2.4260E-10 2.2117E-10
1.1782E-09 1.1963E-09 1.2072E-09 1.2173E-09 1.2312E-09 1.2392E-09 1.2482E-09 1.2564E-09 1.2614E-09 1.2672E-09 1.2697E-09 1.2708E-09 1.2705E-09 1.2687E-09 1.2676E-09 1.2630E-09 1.2569E-09 1.2493E-09 1.2403E-09 1.2299E-09 1.2181E-09 1.2049E-09 1.1905E-09 1.1747E-09 1.1487E-09 1.1247E-09 1.1027E-09 1.0770E-09 1.0493E-09 1.0199E-09 9.8782E-10 9.5671E-10 9.2990E-10 8.9258E-10 8.6242E-10 8.2786E-10 7.9174E-10 7.5463E-10 7.2182E-10 6.8850E-10 6.4954E-10 6.1970E-10 5.8555E-10 5.5358E-10 5.2021E-10 4.9084E-10 4.6146E-10 4.2891E-10 3.9346E-10 3.6501E-10 3.3169E-10 3.0219E-10 2.7984E-10 2.5369E-10 2.2944E-10 2.0888E-10 1.9055E-10
1.1158E-09 1.1307E-09 1.1390E-09 1.1532E-09 1.1613E-09 1.1688E-09 1.1801E-09 1.1856E-09 1.1915E-09 1.1951E-09 1.1992E-09 1.2000E-09 1.2014E-09 1.1995E-09 1.1963E-09 1.1916E-09 1.1855E-09 1.1781E-09 1.1703E-09 1.1614E-09 1.1501E-09 1.1374E-09 1.1171E-09 1.0958E-09 1.0737E-09 1.0490E-09 1.0250E-09 9.9634E-10 9.7243E-10 9.4214E-10 9.1351E-10 8.8024E-10 8.4853E-10 8.1783E-10 7.8013E-10 7.5792E-10 7.2382E-10 6.8859E-10 6.5075E-10 6.2053E-10 5.8856E-10 5.6189E-10 5.2920E-10 4.9681E-10 4.7328E-10 4.4261E-10 4.1076E-10 3.7460E-10 3.4502E-10 3.1844E-10 2.9311E-10 2.6856E-10 2.4310E-10 2.2068E-10 2.0412E-10 1.8374E-10 1.6702E-10
1.0540E-09 1.0634E-09 1.0783E-09 1.0881E-09 1.0953E-09 1.1036E-09 1.1127E-09 1.1175E-09 1.1250E-09 1.1292E-09 1.1308E-09 1.1331E-09 1.1323E-09 1.1308E-09 1.1289E-09 1.1241E-09 1.1203E-09 1.1131E-09 1.1046E-09 1.0949E-09 1.0812E-09 1.0594E-09 1.0402E-09 1.0183E-09 9.9668E-10 9.7331E-10 9.5122E-10 9.1895E-10 8.9502E-10 8.7483E-10 8.4014E-10 8.1456E-10 7.7811E-10 7.4908E-10 7.1355E-10 6.8387E-10 6.5144E-10 6.1530E-10 5.8999E-10 5.6136E-10 5.3027E-10 4.9697E-10 4.7411E-10 4.4574E-10 4.2144E-10 3.8322E-10 3.5653E-10 3.3282E-10 3.0918E-10 2.8030E-10 2.5391E-10 2.3241E-10 2.1608E-10 1.9772E-10 1.7240E-10 1.6083E-10 1.4993E-10
9.9695E-10 1.0056E-09 1.0178E-09 1.0253E-09 1.0332E-09 1.0440E-09 1.0491E-09 1.0551E-09 1.0597E-09 1.0636E-09 1.0669E-09 1.0684E-09 1.0691E-09 1.0668E-09 1.0653E-09 1.0607E-09 1.0548E-09 1.0477E-09 1.0394E-09 1.0179E-09 1.0022E-09 9.8432E-10 9.6582E-10 9.5015E-10 9.2500E-10 8.9776E-10 8.7524E-10 8.5597E-10 8.2528E-10 7.9980E-10 7.6367E-10 7.3835E-10 7.1655E-10 6.8290E-10 6.4975E-10 6.1383E-10 5.8523E-10 5.5593E-10 5.3226E-10 5.0476E-10 4.7731E-10 4.5202E-10 4.2667E-10 3.9141E-10 3.6306E-10 3.3410E-10 3.1453E-10 2.8760E-10 2.6212E-10 2.4071E-10 2.2042E-10 2.1117E-10 1.8579E-10 1.6933E-10 1.5450E-10 1.4787E-10 1.3076E-10
9.4294E-10 9.5266E-10 9.6235E-10 9.6912E-10 9.7822E-10 9.8350E-10 9.8869E-10 9.9596E-10 1.0006E-09 1.0024E-09 1.0063E-09 1.0060E-09 1.0046E-09 1.0044E-09 1.0032E-09 9.9928E-10 9.9503E-10 9.7573E-10 9.6357E-10 9.4682E-10 9.3051E-10 9.2008E-10 8.9474E-10 8.6976E-10 8.4931E-10 8.3260E-10 8.0961E-10 7.8447E-10 7.6014E-10 7.2781E-10 7.0698E-10 6.7467E-10 6.4792E-10 6.0856E-10 5.8075E-10 5.6168E-10 5.3036E-10 5.0383E-10 4.7243E-10 4.5213E-10 4.2846E-10 4.0585E-10 3.6431E-10 3.3887E-10 3.2299E-10 2.9959E-10 2.7349E-10 2.5130E-10 2.2851E-10 2.1508E-10 1.9523E-10 1.7086E-10 1.5972E-10 1.4922E-10 1.3942E-10 1.2557E-10 1.1554E-10
8.9454E-10 9.0207E-10 9.0746E-10 9.1767E-10 9.2329E-10 9.2809E-10 9.3576E-10 9.3961E-10 9.4192E-10 9.4754E-10 9.4801E-10 9.4914E-10 9.4893E-10 9.4751E-10 9.4176E-10 9.2384E-10 9.1233E-10 9.0317E-10 8.8934E-10 8.8135E-10 8.6183E-10 8.3592E-10 8.1802E-10 7.9946E-10 7.8889E-10 7.6534E-10 7.3498E-10 7.0964E-10 6.9141E-10 6.7087E-10 6.3947E-10 6.1122E-10 5.7812E-10 5.5394E-10 5.2607E-10 5.0371E-10 4.7527E-10 4.4858E-10 4.2944E-10 4.0238E-10 3.5960E-10 3.4058E-10 3.2422E-10 3.0435E-10 2.8507E-10 2.5367E-10 2.3435E-10 2.2268E-10 2.0747E-10 1.8347E-10 1.6736E-10 1.5321E-10 1.4679E-10 1.3510E-10 1.1628E-10 1.0665E-10 1.0457E-10
8.4729E-10 8.5435E-10 8.6066E-10 8.6857E-10 8.7375E-10 8.7917E-10 8.8352E-10 8.8632E-10 8.8944E-10 8.9296E-10 8.9377E-10 8.9299E-10 8.8793E-10 8.7631E-10 8.6549E-10 8.5338E-10 8.4826E-10 8.4366E-10 8.1941E-10 8.0459E-10 7.9049E-10 7.7509E-10 7.6196E-10 7.4150E-10 7.1306E-10 6.8978E-10 6.7487E-10 6.5662E-10 6.2738E-10 5.9736E-10 5.6638E-10 5.4377E-10 5.2054E-10 5.0025E-10 4.7350E-10 4.4604E-10 4.2504E-10 3.9740E-10 3.6253E-10 3.4020E-10 3.2361E-10 3.0796E-10 2.8616E-10 2.5780E-10 2.3661E-10 2.2258E-10 2.1027E-10 1.8948E-10 1.6802E-10 1.5389E-10 1.4753E-10 1.4121E-10 1.2027E-10 1.1445E-10 1.0509E-10 1.0308E-10 9.7100E-11
7.9937E-10 8.0888E-10 8.1464E-10 8.2127E-10 8.2826E-10 8.3238E-10 8.3575E-10 8.3828E-10 8.4171E-10 8.4260E-10 8.2650E-10 8.2024E-10 8.1091E-10 8.1017E-10 8.0701E-10 8.0251E-10 7.7794E-10 7.6320E-10 7.5262E-10 7.3949E-10 7.3023E-10 7.1180E-10 6.8067E-10 6.6424E-10 6.4659E-10 6.3531E-10 6.1064E-10 5.8224E-10 5.5616E-10 5.3292E-10 5.1025E-10 4.9144E-10 4.6780E-10 4.4080E-10 4.1438E-10 3.8198E-10 3.6374E-10 3.4012E-10 3.2273E-10 3.0564E-10 2.8952E-10 2.5304E-10 2.3764E-10 2.2447E-10 2.1377E-10 1.9532E-10 1.7277E-10 1.5707E-10 1.5090E-10 1.4475E-10 1.2930E-10 1.1480E-10 1.0542E-10 1.0348E-10 9.9562E-11 9.3568E-11 9.1799E-11
7.5667E-10 7.6425E-10 7.7057E-10 7.7696E-10 7.8324E-10 7.8691E-10 7.8984E-10 7.7079E-10 7.6703E-10 7.6828E-10 7.6573E-10 7.6524E-10 7.5909E-10 7.5030E-10 7.3142E-10 7.2555E-10 7.1238E-10 7.0629E-10 6.9951E-10 6.7607E-10 6.5660E-10 6.4289E-10 6.2702E-10 6.1476E-10 5.9158E-10 5.6179E-10 5.3693E-10 5.1865E-10 4.9687E-10 4.7649E-10 4.5409E-10 4.2029E-10 3.9013E-10 3.7610E-10 3.5879E-10 3.3737E-10 3.1892E-10 3.0234E-10 2.7744E-10 2.5727E-10 2.3850E-10 2.2575E-10 2.0854E-10 1.9719E-10 1.7252E-10 1.5698E-10 1.5092E-10 1.4488E-10 1.3488E-10 1.1709E-10 1.0558E-10 1.0370E-10 1.0182E-10 9.5944E-11 9.2106E-11 8.9458E-11 8.7773E-11
7.1467E-10 7.2076E-10 7.2730E-10 7.1270E-10 7.1056E-10 7.1363E-10 7.1645E-10 7.1717E-10 7.1970E-10 7.1575E-10 7.1161E-10 6.9141E-10 6.8279E-10 6.7645E-10 6.7408E-10 6.7279E-10 6.6370E-10 6.3762E-10 6.2376E-10 6.0731E-10 6.0159E-10 5.8947E-10 5.6977E-10 5.3126E-10 5.1170E-10 4.9564E-10 4.7795E-10 4.5115E-10 4.2444E-10 3.9565E-10 3.8202E-10 3.6712E-10 3.5642E-10 3.3576E-10 3.1474E-10 2.9267E-10 2.6712E-10 2.5444E-10 2.3592E-10 2.2257E-10 2.0732E-10 1.9625E-10 1.7224E-10 1.5868E-10 1.5342E-10 1.4760E-10 1.3480E-10 1.1701E-10 1.0555E-10 1.0374E-10 1.0193E-10 9.8147E-11 9.2258E-11 9.0604E-11 8.8026E-11 8.5490E-11 7.9114E-11
6.4831E-10 6.5282E-10 6.5651E-10 6.5713E-10 6.5470E-10 6.6177E-10 6.6348E-10 6.5308E-10 6.4397E-10 6.3503E-10 6.3758E-10 6.3452E-10 6.3526E-10 6.2717E-10 6.0885E-10 5.9373E-10 5.8589E-10 5.7285E-10 5.6229E-10 5.4620E-10 5.2352E-10 5.0147E-10 4.8405E-10 4.6157E-10 4.4478E-10 4.1910E-10 3.9981E-10 3.8350E-10 3.7118E-10 3.5870E-10 3.4621E-10 3.2167E-10 2.9386E-10 2.7346E-10 2.6693E-10 2.4972E-10 2.3183E-10 2.1746E-10 2.0774E-10 1.8751E-10 1.7121E-10 1.5777E-10 1.5268E-10 1.4302E-10 1.3747E-10 1.2106E-10 1.0535E-10 1.0361E-10 1.0187E-10 1.0013E-10 9.4384E-11 9.0662E-11 8.8132E-11 8.6558E-11 8.2173E-11 7.7826E-11 7.5538E-11
5.9774E-10 5.9989E-10 6.0513E-10 6.0029E-10 5.8856E-10 5.8896E-10 5.9028E-10 5.8864E-10 5.8961E-10 5.8501E-10 5.8380E-10 5.7239E-10 5.5345E-10 5.4441E-10 5.3533E-10 5.3034E-10 5.1884E-10 5.0614E-10 4.7878E-10 4.5695E-10 4.3879E-10 4.2160E-10 4.1164E-10 3.9619E-10 3.8222E-10 3.6600E-10 3.5498E-10 3.3566E-10 3.2682E-10 2.9369E-10 2.7405E-10 2.6475E-10 2.5634E-10 2.4621E-10 2.2869E-10 2.1468E-10 1.9783E-10 1.7872E-10 1.6972E-10 1.5644E-10 1.4755E-10 1.4216E-10 1.3370E-10 1.1428E-10 1.0714E-10 1.0330E-10 1.0164E-10 9.9963E-11 9.6322E-11 9.0567E-11 8.9033E-11 8.6575E-11 8.4154E-11 7.7886E-11 7.5640E-11 7.2095E-11 6.8640E-11
5.3073E-10 5.3134E-10 5.3260E-10 5.3223E-10 5.3400E-10 5.3338E-10 5.3473E-10 5.3144E-10 5.1272E-10 5.0311E-10 4.9328E-10 4.8709E-10 4.8382E-10 4.7626E-10 4.5724E-10 4.4134E-10 4.2404E-10 4.1055E-10 3.9871E-10 3.9002E-10 3.7741E-10 3.6245E-10 3.4835E-10 3.3809E-10 3.2808E-10 3.1471E-10 2.8749E-10 2.7849E-10 2.6617E-10 2.5967E-10 2.4787E-10 2.3567E-10 2.1806E-10 1.9369E-10 1.7938E-10 1.7658E-10 1.6381E-10 1.5081E-10 1.4329E-10 1.3800E-10 1.2221E-10 1.1368E-10 1.0659E-10 1.0282E-10 1.0123E-10 9.9628E-11 9.7052E-11 9.2439E-11 8.8849E-11 8.6445E-11 8.4077E-11 7.9833E-11 7.5617E-11 7.3025E-11 6.9585E-11 6.5305E-11 5.7982E-11
4.6265E-10 4.6518E-10 4.6194E-10 4.5940E-10 4.5149E-10 4.4384E-10 4.4494E-10 4.4278E-10 4.4102E-10 4.4338E-10 4.3331E-10 4.2780E-10 4.0970E-10 3.9734E-10 3.8452E-10 3.7352E-10 3.6729E-10 3.5401E-10 3.3641E-10 3.2741E-10 3.1760E-10 3.0488E-10 2.9576E-10 2.8869E-10 2.7405E-10 2.6388E-10 2.4970E-10 2.3865E-10 2.2508E-10 2.1338E-10 1.9637E-10 1.8005E-10 1.7267E-10 1.6786E-10 1.6168E-10 1.4889E-10 1.3783E-10 1.2246E-10 1.1452E-10 1.1288E-10 1.0586E-10 1.0216E-10 1.0065E-10 9.9125E-11 9.6618E-11 9.2055E-11 8.8515E-11 8.6170E-11 8.3859E-11 8.1530E-11 7.6344E-11 7.2924E-11 6.9522E-11 6.6207E-11 5.7972E-11 5.3983E-11 5.0558E-11
