Assets/Resources/2015_m01_d31_2200(utc+0800)_l00_csi_1hr_conc.grd
DSAA
         159         159
     -79.000      79.000
     -79.000      79.000
  0.0000E+00  0.4183E-04
[rows 50 to 74 of 159, columns 0 to 56 of 159]
5.2012E-10 5.6452E-10 6.1282E-10 6.6032E-10 7.1391E-10 7.6909E-10 8.2702E-10 8.8999E-10 9.5260E-10 1.0217E-09 1.0926E-09 1.1666E-09 1.2459E-09 1.3251E-09 1.4081E-09 1.4951E-09 1.5936E-09 1.7092E-09 1.8285E-09 1.9564E-09 2.0858E-09 2.2257E-09 2.3846E-09 2.5662E-09 2.7587E-09 2.9812E-09 3.2201E-09 3.4673E-09 3.7165E-09 3.9604E-09 4.1930E-09 4.4096E-09 4.6107E-09 4.7948E-09 4.9601E-09 5.1147E-09 5.2565E-09 5.3852E-09 5.4972E-09 5.6022E-09 5.7021E-09 5.7987E-09 5.8956E-09 5.9921E-09 6.0872E-09 6.1804E-09 6.2761E-09 6.3739E-09 6.4726E-09 6.5683E-09 6.6632E-09 6.7583E-09 6.8545E-09 6.9497E-09 7.0419E-09 7.1284E-09 7.2129E-09
4.8522E-10 5.2708E-10 5.7269E-10 6.1747E-10 6.6831E-10 7.2061E-10 7.7552E-10 8.3545E-10 8.9497E-10 9.6100E-10 1.0288E-09 1.0997E-09 1.1759E-09 1.2520E-09 1.3321E-09 1.4161E-09 1.5025E-09 1.6053E-09 1.7229E-09 1.8462E-09 1.9751E-09 2.1070E-09 2.2566E-09 2.4285E-09 2.6098E-09 2.8211E-09 3.0496E-09 3.2878E-09 3.5314E-09 3.7724E-09 4.0049E-09 4.2239E-09 4.4301E-09 4.6215E-09 4.7952E-09 4.9616E-09 5.1154E-09 5.2566E-09 5.3814E-09 5.4991E-09 5.6118E-09 5.7219E-09 5.8319E-09 5.9414E-09 6.0477E-09 6.1543E-09 6.2637E-09 6.3745E-09 6.4843E-09 6.5926E-09 6.7009E-09 6.8117E-09 6.9224E-09 7.0316E-09 7.1352E-09 7.2364E-09 7.3387E-09
4.5159E-10 4.9103E-10 5.3411E-10 5.7623E-10 6.2429E-10 6.7374E-10 7.2576E-10 7.8278E-10 8.3927E-10 9.0228E-10 9.6706E-10 1.0348E-09 1.1080E-09 1.1809E-09 1.2582E-09 1.3390E-09 1.4225E-09 1.5100E-09 1.6165E-09 1.7378E-09 1.8653E-09 1.9927E-09 2.1336E-09 2.2961E-09 2.4665E-09 2.6669E-09 2.8845E-09 3.1130E-09 3.3500E-09 3.5872E-09 3.8176E-09 4.0380E-09 4.2485E-09 4.4448E-09 4.6264E-09 4.8028E-09 4.9678E-09 5.1206E-09 5.2573E-09 5.3872E-09 5.5119E-09 5.6356E-09 5.7585E-09 5.8788E-09 5.9966E-09 6.1166E-09 6.2391E-09 6.3623E-09 6.4834E-09 6.6046E-09 6.7274E-09 6.8521E-09 6.9766E-09 7.0975E-09 7.2147E-09 7.3334E-09 7.4526E-09
4.1938E-10 4.5646E-10 4.9702E-10 5.3652E-10 5.8195E-10 6.2867E-10 6.7788E-10 7.3205E-10 7.8557E-10 8.4561E-10 9.0736E-10 9.7204E-10 1.0422E-09 1.1120E-09 1.1864E-09 1.2641E-09 1.3445E-09 1.4293E-09 1.5170E-09 1.6259E-09 1.7541E-09 1.8828E-09 2.0158E-09 2.1691E-09 2.3291E-09 2.5187E-09 2.7253E-09 2.9437E-09 3.1734E-09 3.4053E-09 3.6323E-09 3.8533E-09 4.0659E-09 4.2660E-09 4.4547E-09 4.6399E-09 4.8139E-09 4.9778E-09 5.1255E-09 5.2666E-09 5.4034E-09 5.5392E-09 5.6737E-09 5.8045E-09 5.9345E-09 6.0675E-09 6.2023E-09 6.3365E-09 6.4698E-09 6.6036E-09 6.7409E-09 6.8788E-09 7.0156E-09 7.1485E-09 7.2816E-09 7.4175E-09 7.5548E-09
3.8855E-10 4.2331E-10 4.6150E-10 4.9851E-10 5.4139E-10 5.8546E-10 6.3193E-10 6.8331E-10 7.3393E-10 7.9105E-10 8.4982E-10 9.1147E-10 9.7859E-10 1.0453E-09 1.1167E-09 1.1914E-09 1.2688E-09 1.3507E-09 1.4353E-09 1.5230E-09 1.6306E-09 1.7680E-09 1.9029E-09 2.0477E-09 2.1977E-09 2.3769E-09 2.5725E-09 2.7806E-09 3.0021E-09 3.2274E-09 3.4504E-09 3.6702E-09 3.8837E-09 4.0864E-09 4.2809E-09 4.4730E-09 4.6551E-09 4.8290E-09 4.9866E-09 5.1380E-09 5.2861E-09 5.4335E-09 5.5782E-09 5.7190E-09 5.8613E-09 6.0068E-09 6.1534E-09 6.2976E-09 6.4422E-09 6.5890E-09 6.7389E-09 6.8900E-09 7.0377E-09 7.1839E-09 7.3344E-09 7.4883E-09 7.6419E-09
3.5914E-10 3.9171E-10 4.2763E-10 4.6224E-10 5.0264E-10 5.4413E-10 5.8794E-10 6.3659E-10 6.8438E-10 7.3864E-10 7.9448E-10 8.5315E-10 9.1728E-10 9.8094E-10 1.0493E-09 1.1210E-09 1.1954E-09 1.2743E-09 1.3558E-09 1.4407E-09 1.5304E-09 1.6306E-09 1.7918E-09 1.9316E-09 2.0724E-09 2.2413E-09 2.4261E-09 2.6241E-09 2.8363E-09 3.0545E-09 3.2723E-09 3.4897E-09 3.7027E-09 3.9070E-09 4.1053E-09 4.3032E-09 4.4922E-09 4.6747E-09 4.8412E-09 5.0020E-09 5.1610E-09 5.3184E-09 5.4722E-09 5.6237E-09 5.7782E-09 5.9343E-09 6.0901E-09 6.2448E-09 6.4005E-09 6.5605E-09 6.7226E-09 6.8841E-09 7.0433E-09 7.2046E-09 7.3718E-09 7.5415E-09 7.7096E-09
3.3121E-10 3.6166E-10 3.9540E-10 4.2770E-10 4.6570E-10 5.0470E-10 5.4593E-10 5.9192E-10 6.3696E-10 6.8842E-10 7.4138E-10 7.9713E-10 8.5830E-10 9.1893E-10 9.8436E-10 1.0529E-09 1.1243E-09 1.2003E-09 1.2787E-09 1.3606E-09 1.4475E-09 1.5402E-09 1.6544E-09 1.8209E-09 1.9530E-09 2.1121E-09 2.2864E-09 2.4740E-09 2.6769E-09 2.8869E-09 3.0988E-09 3.3128E-09 3.5233E-09 3.7283E-09 3.9294E-09 4.1313E-09 4.3259E-09 4.5157E-09 4.6900E-09 4.8595E-09 5.0279E-09 5.1947E-09 5.3569E-09 5.5185E-09 5.6828E-09 5.8491E-09 6.0134E-09 6.1780E-09 6.3448E-09 6.5160E-09 6.6896E-09 6.8609E-09 7.0318E-09 7.2096E-09 7.3925E-09 7.5752E-09 7.7621E-09
3.0474E-10 3.3317E-10 3.6482E-10 3.9490E-10 4.3059E-10 4.6718E-10 5.0591E-10 5.4932E-10 5.9169E-10 6.4041E-10 6.9056E-10 7.4342E-10 8.0168E-10 8.5933E-10 9.2177E-10 9.8728E-10 1.0556E-09 1.1286E-09 1.2038E-09 1.2829E-09 1.3668E-09 1.4531E-09 1.5609E-09 1.6839E-09 1.8393E-09 1.9891E-09 2.1533E-09 2.3306E-09 2.5238E-09 2.7248E-09 2.9305E-09 3.1398E-09 3.3467E-09 3.5513E-09 3.7537E-09 3.9578E-09 4.1571E-09 4.3528E-09 4.5338E-09 4.7112E-09 4.8883E-09 5.0624E-09 5.2320E-09 5.4028E-09 5.5768E-09 5.7510E-09 5.9236E-09 6.0972E-09 6.2748E-09 6.4570E-09 6.6394E-09 6.8200E-09 7.0038E-09 7.1964E-09 7.3930E-09 7.5910E-09 7.7974E-09
2.7965E-10 3.0623E-10 3.3588E-10 3.6384E-10 3.9730E-10 4.3156E-10 4.6787E-10 5.0878E-10 5.4856E-10 5.9461E-10 6.4201E-10 6.9206E-10 7.4744E-10 8.0215E-10 8.6163E-10 9.2410E-10 9.8940E-10 1.0593E-09 1.1315E-09 1.2075E-09 1.2883E-09 1.3716E-09 1.4662E-09 1.5845E-09 1.7085E-09 1.8720E-09 2.0266E-09 2.1937E-09 2.3771E-09 2.5688E-09 2.7675E-09 2.9709E-09 3.1736E-09 3.3766E-09 3.5785E-09 3.7840E-09 3.9866E-09 4.1872E-09 4.3736E-09 4.5579E-09 4.7418E-09 4.9214E-09 5.0982E-09 5.2776E-09 5.4593E-09 5.6402E-09 5.8207E-09 6.0028E-09 6.1904E-09 6.3808E-09 6.5708E-09 6.7609E-09 6.9592E-09 7.1657E-09 7.3746E-09 7.5891E-09 7.8134E-09
2.5596E-10 2.8080E-10 3.0856E-10 3.3449E-10 3.6580E-10 3.9783E-10 4.3182E-10 4.7030E-10 5.0757E-10 5.5102E-10 5.9574E-10 6.4304E-10 6.9559E-10 7.4741E-10 8.0395E-10 8.6342E-10 9.2568E-10 9.9253E-10 1.0616E-09 1.1345E-09 1.2123E-09 1.2924E-09 1.3808E-09 1.4925E-09 1.6025E-09 1.7412E-09 1.9060E-09 2.0632E-09 2.2368E-09 2.4190E-09 2.6101E-09 2.8069E-09 3.0044E-09 3.2046E-09 3.4050E-09 3.6107E-09 3.8152E-09 4.0192E-09 4.2096E-09 4.3995E-09 4.5883E-09 4.7730E-09 4.9562E-09 5.1425E-09 5.3308E-09 5.5176E-09 5.7048E-09 5.8944E-09 6.0897E-09 6.2882E-09 6.4852E-09 6.6864E-09 6.8978E-09 7.1156E-09 7.3372E-09 7.5685E-09 7.8080E-09
2.3367E-10 2.5689E-10 2.8283E-10 3.0683E-10 3.3609E-10 3.6597E-10 3.9772E-10 4.3385E-10 4.6871E-10 5.0963E-10 5.5175E-10 5.9636E-10 6.4614E-10 6.9512E-10 7.4873E-10 8.0525E-10 8.6449E-10 9.2827E-10 9.9422E-10 1.0640E-09 1.1386E-09 1.2156E-09 1.3008E-09 1.4023E-09 1.5047E-09 1.6369E-09 1.7776E-09 1.9389E-09 2.1027E-09 2.2755E-09 2.4585E-09 2.6481E-09 2.8397E-09 3.0360E-09 3.2338E-09 3.4383E-09 3.6434E-09 3.8492E-09 4.0427E-09 4.2364E-09 4.4292E-09 4.6178E-09 4.8062E-09 4.9984E-09 5.1920E-09 5.3832E-09 5.5756E-09 5.7722E-09 5.9750E-09 6.1791E-09 6.3841E-09 6.5955E-09 6.8175E-09 7.0475E-09 7.2806E-09 7.5265E-09 7.7809E-09
2.1275E-10 2.3444E-10 2.5868E-10 2.8084E-10 3.0812E-10 3.3594E-10 3.6555E-10 3.9942E-10 4.3195E-10 4.7042E-10 5.1001E-10 5.5200E-10 5.9907E-10 6.4527E-10 6.9600E-10 7.4961E-10 8.0583E-10 8.6655E-10 9.2941E-10 9.9602E-10 1.0675E-09 1.1412E-09 1.2233E-09 1.3160E-09 1.4144E-09 1.5353E-09 1.6659E-09 1.8153E-09 1.9748E-09 2.1381E-09 2.3126E-09 2.4946E-09 2.6796E-09 2.8712E-09 3.0652E-09 3.2674E-09 3.4718E-09 3.6782E-09 3.8733E-09 4.0694E-09 4.2652E-09 4.4565E-09 4.6489E-09 4.8455E-09 5.0420E-09 5.2374E-09 5.4345E-09 5.6376E-09 5.8459E-09 6.0554E-09 6.2676E-09 6.4883E-09 6.7215E-09 6.9589E-09 7.2054E-09 7.4645E-09 7.7291E-09
1.9309E-10 2.1336E-10 2.3605E-10 2.5647E-10 2.8187E-10 3.0772E-10 3.3528E-10 3.6696E-10 3.9726E-10 4.3336E-10 4.7050E-10 5.0995E-10 5.5436E-10 5.9786E-10 6.4572E-10 6.9649E-10 7.4972E-10 8.0739E-10 8.6719E-10 9.3061E-10 9.9882E-10 1.0694E-09 1.1481E-09 1.2375E-09 1.3235E-09 1.4364E-09 1.5632E-09 1.6988E-09 1.8500E-09 2.0067E-09 2.1725E-09 2.3466E-09 2.5244E-09 2.7103E-09 2.8998E-09 3.0985E-09 3.3010E-09 3.5066E-09 3.7023E-09 3.8994E-09 4.0964E-09 4.2894E-09 4.4848E-09 4.6843E-09 4.8830E-09 5.0817E-09 5.2828E-09 5.4907E-09 5.7036E-09 5.9180E-09 6.1359E-09 6.3660E-09 6.6070E-09 6.8521E-09 7.1099E-09 7.3795E-09 7.6559E-09
1.7454E-10 1.9365E-10 2.1492E-10 2.3368E-10 2.5728E-10 2.8127E-10 3.0685E-10 3.3644E-10 3.6460E-10 3.9842E-10 4.3318E-10 4.7018E-10 5.1199E-10 5.5285E-10 5.9790E-10 6.4585E-10 6.9615E-10 7.5080E-10 8.0758E-10 8.6779E-10 9.3276E-10 1.0001E-09 1.0754E-09 1.1614E-09 1.2413E-09 1.3475E-09 1.4630E-09 1.5859E-09 1.7316E-09 1.8812E-09 2.0382E-09 2.2040E-09 2.3742E-09 2.5538E-09 2.7378E-09 2.9321E-09 3.1316E-09 3.3353E-09 3.5301E-09 3.7269E-09 3.9239E-09 4.1174E-09 4.3149E-09 4.5160E-09 4.7162E-09 4.9170E-09 5.1211E-09 5.3322E-09 5.5495E-09 5.7670E-09 5.9905E-09 6.2276E-09 6.4750E-09 6.7268E-09 6.9942E-09 7.2732E-09 7.5601E-09
1.5689E-10 1.7509E-10 1.9516E-10 2.1243E-10 2.3432E-10 2.5652E-10 2.8024E-10 3.0781E-10 3.3393E-10 3.6554E-10 3.9801E-10 4.3263E-10 4.7193E-10 5.1023E-10 5.5251E-10 5.9766E-10 6.4512E-10 6.9672E-10 7.5057E-10 8.0759E-10 8.6931E-10 9.3338E-10 1.0053E-09 1.0877E-09 1.1641E-09 1.2582E-09 1.3657E-09 1.4846E-09 1.6169E-09 1.7586E-09 1.9096E-09 2.0669E-09 2.2293E-09 2.4019E-09 2.5797E-09 2.7688E-09 2.9641E-09 3.1647E-09 3.3574E-09 3.5528E-09 3.7488E-09 3.9420E-09 4.1403E-09 4.3418E-09 4.5425E-09 4.7444E-09 4.9502E-09 5.1638E-09 5.3835E-09 5.6035E-09 5.8317E-09 6.0743E-09 6.3261E-09 6.5838E-09 6.8596E-09 7.1434E-09 7.4430E-09
1.4082E-10 1.5746E-10 1.7672E-10 1.9266E-10 2.1293E-10 2.3343E-10 2.5537E-10 2.8102E-10 3.0519E-10 3.3468E-10 3.6496E-10 3.9728E-10 4.3413E-10 4.6994E-10 5.0948E-10 5.5194E-10 5.9661E-10 6.4517E-10 6.9619E-10 7.5001E-10 8.0839E-10 8.6929E-10 9.3775E-10 1.0165E-09 1.0893E-09 1.1772E-09 1.2756E-09 1.3836E-09 1.5060E-09 1.6423E-09 1.7865E-09 1.9353E-09 2.0896E-09 2.2548E-09 2.4258E-09 2.6090E-09 2.7992E-09 2.9956E-09 3.1853E-09 3.3782E-09 3.5722E-09 3.7640E-09 3.9620E-09 4.1629E-09 4.3629E-09 4.5648E-09 4.7715E-09 4.9863E-09 5.2068E-09 5.4288E-09 5.6599E-09 5.9065E-09 6.1600E-09 6.4239E-09 6.7049E-09 6.9940E-09 7.3030E-09
1.2468E-10 1.4061E-10 1.5917E-10 1.7432E-10 1.9305E-10 2.1195E-10 2.3220E-10 2.5601E-10 2.7832E-10 3.0579E-10 3.3395E-10 3.6406E-10 3.9855E-10 4.3197E-10 4.6876E-10 5.0864E-10 5.5060E-10 5.9616E-10 6.4440E-10 6.9502E-10 7.4999E-10 8.0775E-10 8.7274E-10 9.4786E-10 1.0171E-09 1.1011E-09 1.1903E-09 1.2904E-09 1.4063E-09 1.5299E-09 1.6662E-09 1.8091E-09 1.9553E-09 2.1127E-09 2.2765E-09 2.4531E-09 2.6375E-09 2.8289E-09 3.0145E-09 3.2039E-09 3.3951E-09 3.5846E-09 3.7807E-09 3.9801E-09 4.1786E-09 4.3795E-09 4.5860E-09 4.8005E-09 5.0210E-09 5.2435E-09 5.4759E-09 5.7251E-09 5.9789E-09 6.2473E-09 6.5312E-09 6.8244E-09 7.1393E-09
1.1045E-10 1.2439E-10 1.4200E-10 1.5736E-10 1.7462E-10 1.9201E-10 2.1066E-10 2.3273E-10 2.5328E-10 2.7880E-10 3.0494E-10 3.3294E-10 3.6514E-10 3.9624E-10 4.3035E-10 4.6775E-10 5.0705E-10 5.4961E-10 5.9503E-10 6.4252E-10 6.9415E-10 7.4887E-10 8.1043E-10 8.8189E-10 9.4749E-10 1.0276E-09 1.1105E-09 1.1999E-09 1.3072E-09 1.4214E-09 1.5522E-09 1.6884E-09 1.8264E-09 1.9757E-09 2.1320E-09 2.3016E-09 2.4795E-09 2.6653E-09 2.8458E-09 3.0309E-09 3.2183E-09 3.4044E-09 3.5978E-09 3.7946E-09 3.9906E-09 4.1895E-09 4.3944E-09 4.6076E-09 4.8271E-09 5.0486E-09 5.2810E-09 5.5307E-09 5.7839E-09 6.0546E-09 6.3401E-09 6.6355E-09 6.9543E-09
9.0982E-11 1.0916E-10 1.2443E-10 1.4057E-10 1.5647E-10 1.7299E-10 1.9070E-10 2.1110E-10 2.2998E-10 2.5365E-10 2.7786E-10 3.0383E-10 3.3383E-10 3.6272E-10 3.9420E-10 4.2904E-10 4.6583E-10 5.0545E-10 5.4805E-10 5.9262E-10 6.4098E-10 6.9258E-10 7.5087E-10 8.1867E-10 8.8067E-10 9.5687E-10 1.0355E-09 1.1159E-09 1.2135E-09 1.3214E-09 1.4398E-09 1.5708E-09 1.7031E-09 1.8442E-09 1.9928E-09 2.1549E-09 2.3259E-09 2.5053E-09 2.6799E-09 2.8599E-09 3.0427E-09 3.2246E-09 3.4142E-09 3.6074E-09 3.8001E-09 3.9959E-09 4.1982E-09 4.4088E-09 4.6261E-09 4.8455E-09 5.0763E-09 5.3247E-09 5.5763E-09 5.8470E-09 6.1327E-09 6.4284E-09 6.7489E-09
7.3552E-11 8.8891E-11 1.0958E-10 1.2388E-10 1.3980E-10 1.5433E-10 1.7059E-10 1.8995E-10 2.0782E-10 2.2970E-10 2.5265E-10 2.7669E-10 3.0457E-10 3.3128E-10 3.6027E-10 3.9248E-10 4.2691E-10 4.6370E-10 5.0362E-10 5.4534E-10 5.9050E-10 6.3901E-10 6.9410E-10 7.5823E-10 8.1667E-10 8.8894E-10 9.6332E-10 1.0393E-09 1.1268E-09 1.2251E-09 1.3362E-09 1.4570E-09 1.5854E-09 1.7182E-09 1.8588E-09 2.0134E-09 2.1769E-09 2.3493E-09 2.5174E-09 2.6917E-09 2.8690E-09 3.0460E-09 3.2307E-09 3.4194E-09 3.6079E-09 3.7998E-09 3.9982E-09 4.2054E-09 4.4192E-09 4.6354E-09 4.8633E-09 5.1090E-09 5.3576E-09 5.6264E-09 5.9104E-09 6.2046E-09 6.5216E-09
6.1691E-11 7.5811E-11 8.8986E-11 1.0763E-10 1.2393E-10 1.3776E-10 1.5265E-10 1.6989E-10 1.8625E-10 2.0700E-10 2.2757E-10 2.5028E-10 2.7605E-10 3.0125E-10 3.2788E-10 3.5817E-10 3.9029E-10 4.2439E-10 4.6168E-10 5.0074E-10 5.4267E-10 5.8818E-10 6.4013E-10 7.0065E-10 7.5562E-10 8.2407E-10 8.9430E-10 9.6573E-10 1.0446E-09 1.1344E-09 1.2365E-09 1.3502E-09 1.4711E-09 1.5977E-09 1.7303E-09 1.8771E-09 2.0329E-09 2.1979E-09 2.3588E-09 2.5267E-09 2.6981E-09 2.8693E-09 3.0483E-09 3.2316E-09 3.4153E-09 3.6022E-09 3.7958E-09 3.9985E-09 4.2079E-09 4.4197E-09 4.6433E-09 4.8848E-09 5.1293E-09 5.3944E-09 5.6721E-09 5.9628E-09 6.2765E-09
4.2570E-11 5.9897E-11 7.6866E-11 9.3249E-11 1.0850E-10 1.2200E-10 1.3561E-10 1.5201E-10 1.6633E-10 1.8545E-10 2.0427E-10 2.2517E-10 2.4955E-10 2.7219E-10 2.9718E-10 3.2444E-10 3.5430E-10 3.8583E-10 4.2036E-10 4.5764E-10 4.9634E-10 5.3880E-10 5.8847E-10 6.4550E-10 6.9709E-10 7.6175E-10 8.2844E-10 8.9535E-10 9.6938E-10 1.0488E-09 1.1428E-09 1.2476E-09 1.3590E-09 1.4827E-09 1.6073E-09 1.7464E-09 1.8942E-09 2.0514E-09 2.2048E-09 2.3656E-09 2.5306E-09 2.6954E-09 2.8676E-09 3.0450E-09 3.2230E-09 3.4041E-09 3.5922E-09 3.7894E-09 3.9935E-09 4.1999E-09 4.4178E-09 4.6514E-09 4.8905E-09 5.1501E-09 5.4222E-09 5.7078E-09 6.0161E-09
2.4340E-11 3.8129E-11 5.5427E-11 7.3986E-11 9.3992E-11 1.0817E-10 1.1996E-10 1.3499E-10 1.4857E-10 1.6550E-10 1.8332E-10 2.0192E-10 2.2444E-10 2.4582E-10 2.6823E-10 2.9298E-10 3.2061E-10 3.4989E-10 3.8224E-10 4.1650E-10 4.5304E-10 4.9243E-10 5.3934E-10 5.9298E-10 6.4123E-10 7.0213E-10 7.6416E-10 8.2662E-10 8.9749E-10 9.7249E-10 1.0547E-09 1.1511E-09 1.2558E-09 1.3692E-09 1.4901E-09 1.6213E-09 1.7610E-09 1.9101E-09 2.0556E-09 2.2089E-09 2.3671E-09 2.5246E-09 2.6895E-09 2.8604E-09 3.0320E-09 3.2069E-09 3.3884E-09 3.5793E-09 3.7750E-09 3.9751E-09 4.1862E-09 4.4128E-09 4.6455E-09 4.8979E-09 5.1628E-09 5.4388E-09 5.7398E-09
3.7742E-12 1.7203E-11 2.9305E-11 4.8846E-11 7.4342E-11 9.3758E-11 1.0621E-10 1.1995E-10 1.3165E-10 1.4775E-10 1.6346E-10 1.8109E-10 2.0184E-10 2.2086E-10 2.4139E-10 2.6385E-10 2.8971E-10 3.1694E-10 3.4680E-10 3.7870E-10 4.1272E-10 4.4913E-10 4.9245E-10 5.4297E-10 5.8799E-10 6.4520E-10 7.0328E-10 7.6157E-10 8.2736E-10 8.9955E-10 9.7359E-10 1.0605E-09 1.1572E-09 1.2626E-09 1.3784E-09 1.5020E-09 1.6336E-09 1.7744E-09 1.9117E-09 2.0573E-09 2.2076E-09 2.3579E-09 2.5149E-09 2.6784E-09 2.8433E-09 3.0095E-09 3.1837E-09 3.3673E-09 3.5562E-09 3.7490E-09 3.9522E-09 4.1703E-09 4.3938E-09 4.6373E-09 4.8932E-09 5.1606E-09 5.4527E-09
0.0000E+00 1.1178E-12 6.4139E-12 2.0516E-11 4.4372E-11 6.3915E-11 9.2463E-11 1.0561E-10 1.1678E-10 1.3090E-10 1.4584E-10 1.6198E-10 1.8044E-10 1.9779E-10 2.1655E-10 2.3755E-10 2.6061E-10 2.8644E-10 3.1331E-10 3.4349E-10 3.7464E-10 4.0802E-10 4.4855E-10 4.9602E-10 5.3792E-10 5.9154E-10 6.4578E-10 7.0185E-10 7.6263E-10 8.2817E-10 8.9962E-10 9.7557E-10 1.0645E-09 1.1610E-09 1.2666E-09 1.3886E-09 1.5119E-09 1.6445E-09 1.7735E-09 1.9106E-09 2.0527E-09 2.1943E-09 2.3424E-09 2.4983E-09 2.6563E-09 2.8149E-09 2.9812E-09 3.1569E-09 3.3382E-09 3.5210E-09 3.7152E-09 3.9234E-09 4.1392E-09 4.3724E-09 4.6181E-09 4.8730E-09 5.1542E-09
