Assets/Resources/2015_m01_d26_0500(utc+0800)_l00_csi_1hr_conc.grd
DSAA
         159         159
     -79.000      79.000
     -79.000      79.000
  0.0000E+00  0.2212E-05
[rows 75 to 99 of 159, columns 57 to 113 of 159]
7.1297E-09 7.6066E-09 8.1213E-09 8.6876E-09 9.3298E-09 9.9473E-09 1.0559E-08 1.1171E-08 1.1779E-08 1.2392E-08 1.3016E-08 1.3909E-08 1.5517E-08 1.9477E-08 2.9864E-08 5.3377E-08 9.9357E-08 1.7768E-07 2.4184E-07 2.6881E-07 3.0363E-07 9.3063E-07 7.5022E-08 1.5981E-08 1.5779E-08 1.5529E-08 1.5232E-08 1.4892E-08 1.4515E-08 1.4105E-08 1.3673E-08 1.3227E-08 1.2764E-08 1.2282E-08 1.1779E-08 1.1277E-08 1.0761E-08 1.0270E-08 9.8057E-09 9.3497E-09 8.9038E-09 8.4677E-09 8.0426E-09 7.6328E-09 7.2390E-09 6.8617E-09 6.5011E-09 6.1570E-09 5.8294E-09 5.5097E-09 5.1258E-09 4.7817E-09 4.5383E-09 4.3055E-09 4.0811E-09 3.8747E-09 3.6762E-09
6.7582E-09 7.2014E-09 7.6654E-09 8.1478E-09 8.6617E-09 9.2201E-09 9.7855E-09 1.0345E-08 1.0894E-08 1.1431E-08 1.1947E-08 1.2443E-08 1.3064E-08 1.3981E-08 1.5795E-08 1.9459E-08 2.5175E-08 5.3068E-08 1.6694E-07 3.0012E-07 3.4884E-07 1.1286E-06 1.6193E-07 1.4856E-08 1.4689E-08 1.4475E-08 1.4220E-08 1.3927E-08 1.3590E-08 1.3227E-08 1.2843E-08 1.2438E-08 1.2017E-08 1.1571E-08 1.1119E-08 1.0649E-08 1.0195E-08 9.7596E-09 9.3277E-09 8.9021E-09 8.4851E-09 8.0786E-09 7.6840E-09 7.3024E-09 6.9347E-09 6.5814E-09 6.2427E-09 5.9187E-09 5.6009E-09 5.2556E-09 4.8926E-09 4.6199E-09 4.3910E-09 4.1611E-09 3.9525E-09 3.7525E-09 3.5601E-09
6.4022E-09 6.8142E-09 7.2433E-09 7.6885E-09 8.1474E-09 8.6172E-09 9.1009E-09 9.5993E-09 1.0099E-08 1.0592E-08 1.1072E-08 1.1529E-08 1.1965E-08 1.2360E-08 1.2740E-08 1.3112E-08 1.3377E-08 1.3754E-08 2.3395E-08 1.3214E-07 4.1292E-07 6.0910E-07 4.5251E-07 1.3795E-08 1.3654E-08 1.3471E-08 1.3247E-08 1.2990E-08 1.2702E-08 1.2388E-08 1.2048E-08 1.1675E-08 1.1280E-08 1.0873E-08 1.0459E-08 1.0042E-08 9.6444E-09 9.2461E-09 8.8500E-09 8.4587E-09 8.0743E-09 7.6984E-09 7.3325E-09 6.9777E-09 6.6348E-09 6.3043E-09 5.9865E-09 5.6730E-09 5.3440E-09 4.9956E-09 4.6898E-09 4.4647E-09 4.2351E-09 4.0222E-09 3.8214E-09 3.6278E-09 3.4414E-09
6.0199E-09 6.4316E-09 6.8441E-09 7.2571E-09 7.6830E-09 8.1194E-09 8.5628E-09 9.0106E-09 9.4542E-09 9.8811E-09 1.0298E-08 1.0699E-08 1.1080E-08 1.1430E-08 1.1749E-08 1.2033E-08 1.2280E-08 1.2486E-08 1.2649E-08 1.2778E-08 3.5654E-08 6.9956E-07 2.2123E-06 1.2792E-08 1.2681E-08 1.2533E-08 1.2349E-08 1.2126E-08 1.1869E-08 1.1584E-08 1.1265E-08 1.0926E-08 1.0572E-08 1.0208E-08 9.8356E-09 9.4774E-09 9.1151E-09 8.7513E-09 8.3886E-09 8.0293E-09 7.6753E-09 7.3281E-09 6.9890E-09 6.6592E-09 6.3396E-09 6.0308E-09 5.7244E-09 5.4002E-09 5.0558E-09 4.7549E-09 4.5235E-09 4.2981E-09 4.0823E-09 3.8817E-09 3.6880E-09 3.5011E-09 3.3211E-09
5.6806E-09 6.0257E-09 6.4496E-09 6.8484E-09 7.2458E-09 7.6365E-09 8.0313E-09 8.4276E-09 8.8209E-09 9.2057E-09 9.5810E-09 9.9423E-09 1.0286E-08 1.0607E-08 1.0895E-08 1.1152E-08 1.1376E-08 1.1565E-08 1.1716E-08 1.1829E-08 1.1904E-08 1.1940E-08 1.1934E-08 1.1881E-08 1.1785E-08 1.1654E-08 1.1488E-08 1.1291E-08 1.1054E-08 1.0791E-08 1.0507E-08 1.0204E-08 9.8865E-09 9.5796E-09 9.2622E-09 8.9373E-09 8.6077E-09 8.2758E-09 7.9439E-09 7.6141E-09 7.2883E-09 6.9679E-09 6.6540E-09 6.3478E-09 6.0502E-09 5.7532E-09 5.4491E-09 5.1049E-09 4.7998E-09 4.5691E-09 4.3485E-09 4.1321E-09 3.9329E-09 3.7397E-09 3.5530E-09 3.3729E-09 3.1993E-09
5.3869E-09 5.7017E-09 6.0264E-09 6.3833E-09 6.7651E-09 7.1352E-09 7.5086E-09 7.8697E-09 8.2285E-09 8.5773E-09 8.9148E-09 9.2390E-09 9.5464E-09 9.8336E-09 1.0097E-08 1.0335E-08 1.0543E-08 1.0720E-08 1.0856E-08 1.0958E-08 1.1027E-08 1.1060E-08 1.1057E-08 1.1017E-08 1.0938E-08 1.0814E-08 1.0673E-08 1.0490E-08 1.0280E-08 1.0065E-08 9.8127E-09 9.5433E-09 9.2798E-09 9.0032E-09 8.7163E-09 8.4219E-09 8.1222E-09 7.8196E-09 7.5161E-09 7.2137E-09 6.9140E-09 6.6183E-09 6.3279E-09 6.0436E-09 5.7582E-09 5.4642E-09 5.1459E-09 4.8288E-09 4.6006E-09 4.3852E-09 4.1711E-09 3.9732E-09 3.7818E-09 3.5963E-09 3.4168E-09 3.2436E-09 3.0767E-09
5.0803E-09 5.3727E-09 5.6736E-09 5.9820E-09 6.2947E-09 6.6327E-09 6.9731E-09 7.3127E-09 7.6488E-09 7.9645E-09 8.2857E-09 8.5817E-09 8.8629E-09 9.1227E-09 9.3593E-09 9.5720E-09 9.7581E-09 9.9158E-09 1.0043E-08 1.0140E-08 1.0208E-08 1.0230E-08 1.0234E-08 1.0207E-08 1.0130E-08 1.0038E-08 9.9028E-09 9.7588E-09 9.5747E-09 9.3680E-09 9.1638E-09 8.9421E-09 8.7055E-09 8.4565E-09 8.1974E-09 7.9306E-09 7.6583E-09 7.3825E-09 7.1050E-09 6.8277E-09 6.5521E-09 6.2794E-09 6.0108E-09 5.7351E-09 5.4531E-09 5.1492E-09 4.8569E-09 4.6168E-09 4.4071E-09 4.1974E-09 4.0018E-09 3.8134E-09 3.6301E-09 3.4522E-09 3.2800E-09 3.1138E-09 2.9534E-09
4.7866E-09 5.0555E-09 5.3314E-09 5.6136E-09 5.9001E-09 6.1898E-09 6.4804E-09 6.7930E-09 7.1006E-09 7.3830E-09 7.6742E-09 7.9384E-09 8.1889E-09 8.4380E-09 8.6537E-09 8.8482E-09 9.0193E-09 9.1653E-09 9.2847E-09 9.3619E-09 9.4291E-09 9.4681E-09 9.4787E-09 9.4456E-09 9.3970E-09 9.3038E-09 9.2041E-09 9.0619E-09 8.9186E-09 8.7551E-09 8.5731E-09 8.3749E-09 8.1627E-09 7.9385E-09 7.7045E-09 7.4628E-09 7.2153E-09 6.9640E-09 6.7105E-09 6.4563E-09 6.2028E-09 5.9514E-09 5.6914E-09 5.4114E-09 5.1253E-09 4.8496E-09 4.6167E-09 4.4134E-09 4.2096E-09 4.0179E-09 3.8333E-09 3.6532E-09 3.4778E-09 3.3075E-09 3.1426E-09 2.9833E-09 2.8296E-09
4.4999E-09 4.7487E-09 5.0039E-09 5.2644E-09 5.5265E-09 5.7906E-09 6.0549E-09 6.3181E-09 6.5776E-09 6.8316E-09 7.1001E-09 7.3387E-09 7.5836E-09 7.7967E-09 7.9931E-09 8.1709E-09 8.3283E-09 8.4636E-09 8.5754E-09 8.6628E-09 8.7279E-09 8.7511E-09 8.7673E-09 8.7582E-09 8.7015E-09 8.6405E-09 8.5565E-09 8.4506E-09 8.3243E-09 8.1793E-09 8.0173E-09 7.8401E-09 7.6496E-09 7.4478E-09 7.2365E-09 7.0176E-09 6.7928E-09 6.5637E-09 6.3320E-09 6.0989E-09 5.8576E-09 5.6045E-09 5.3439E-09 5.0811E-09 4.8067E-09 4.5994E-09 4.4032E-09 4.2067E-09 4.0205E-09 3.8407E-09 3.6646E-09 3.4928E-09 3.3255E-09 3.1629E-09 3.0053E-09 2.8529E-09 2.7058E-09
4.1994E-09 4.4536E-09 4.6873E-09 4.9250E-09 5.1655E-09 5.4079E-09 5.6504E-09 5.8913E-09 6.1290E-09 6.3618E-09 6.5873E-09 6.8040E-09 7.0099E-09 7.2031E-09 7.3817E-09 7.5440E-09 7.6886E-09 7.8138E-09 7.9186E-09 8.0018E-09 8.0651E-09 8.1072E-09 8.1268E-09 8.1237E-09 8.0954E-09 8.0437E-09 7.9710E-09 7.8783E-09 7.7671E-09 7.6386E-09 7.4943E-09 7.3359E-09 7.1650E-09 6.9833E-09 6.7924E-09 6.5940E-09 6.3897E-09 6.1809E-09 5.9691E-09 5.7440E-09 5.5058E-09 5.2651E-09 5.0052E-09 4.7617E-09 4.5643E-09 4.3758E-09 4.1881E-09 4.0091E-09 3.8351E-09 3.6640E-09 3.4966E-09 3.3329E-09 3.1734E-09 3.0183E-09 2.8679E-09 2.7225E-09 2.5721E-09
3.7882E-09 4.1160E-09 4.3814E-09 4.6042E-09 4.8254E-09 5.0478E-09 5.2704E-09 5.4911E-09 5.7091E-09 5.9219E-09 6.1284E-09 6.3269E-09 6.5156E-09 6.6927E-09 6.8565E-09 7.0057E-09 7.1388E-09 7.2546E-09 7.3519E-09 7.4300E-09 7.4898E-09 7.5308E-09 7.5516E-09 7.5520E-09 7.5300E-09 7.4863E-09 7.4235E-09 7.3426E-09 7.2446E-09 7.1307E-09 7.0022E-09 6.8605E-09 6.7070E-09 6.5434E-09 6.3709E-09 6.1911E-09 6.0054E-09 5.8033E-09 5.5845E-09 5.3654E-09 5.1377E-09 4.9049E-09 4.6900E-09 4.5112E-09 4.3316E-09 4.1537E-09 3.9830E-09 3.8157E-09 3.6506E-09 3.4882E-09 3.3290E-09 3.1735E-09 3.0219E-09 2.8744E-09 2.7313E-09 2.5830E-09 2.4335E-09
3.5687E-09 3.7434E-09 3.9886E-09 4.2468E-09 4.4917E-09 4.7087E-09 4.9128E-09 5.1153E-09 5.3152E-09 5.5102E-09 5.6995E-09 5.8815E-09 6.0544E-09 6.2169E-09 6.3675E-09 6.5046E-09 6.6273E-09 6.7345E-09 6.8250E-09 6.8982E-09 6.9545E-09 6.9944E-09 7.0159E-09 7.0191E-09 7.0025E-09 6.9657E-09 6.9115E-09 6.8408E-09 6.7544E-09 6.6534E-09 6.5389E-09 6.4121E-09 6.2743E-09 6.1268E-09 5.9709E-09 5.7961E-09 5.6018E-09 5.4094E-09 5.2159E-09 5.0174E-09 4.8004E-09 4.6074E-09 4.4398E-09 4.2703E-09 4.1035E-09 3.9419E-09 3.7821E-09 3.6238E-09 3.4675E-09 3.3138E-09 3.1631E-09 3.0158E-09 2.8721E-09 2.7322E-09 2.5866E-09 2.4392E-09 2.2993E-09
3.3558E-09 3.5196E-09 3.6854E-09 3.8527E-09 4.1189E-09 4.3366E-09 4.5521E-09 4.7627E-09 4.9458E-09 5.1246E-09 5.2981E-09 5.4650E-09 5.6236E-09 5.7729E-09 5.9113E-09 6.0379E-09 6.1511E-09 6.2504E-09 6.3346E-09 6.4031E-09 6.4562E-09 6.4947E-09 6.5165E-09 6.5219E-09 6.5098E-09 6.4789E-09 6.4323E-09 6.3705E-09 6.2943E-09 6.2047E-09 6.1026E-09 5.9891E-09 5.8530E-09 5.7125E-09 5.5550E-09 5.3879E-09 5.2293E-09 5.0395E-09 4.8406E-09 4.6611E-09 4.5064E-09 4.3504E-09 4.1929E-09 4.0380E-09 3.8861E-09 3.7346E-09 3.5840E-09 3.4347E-09 3.2873E-09 3.1421E-09 2.9998E-09 2.8607E-09 2.7249E-09 2.5829E-09 2.4507E-09 2.3009E-09 2.1780E-09
3.1493E-09 3.3029E-09 3.4582E-09 3.6147E-09 3.7716E-09 3.9278E-09 4.1743E-09 4.3758E-09 4.5615E-09 4.7390E-09 4.9188E-09 5.0757E-09 5.2215E-09 5.3587E-09 5.4859E-09 5.6025E-09 5.7071E-09 5.7990E-09 5.8775E-09 5.9419E-09 5.9918E-09 6.0288E-09 6.0507E-09 6.0578E-09 6.0492E-09 6.0235E-09 5.9833E-09 5.9293E-09 5.8621E-09 5.7705E-09 5.6718E-09 5.5528E-09 5.4441E-09 5.2950E-09 5.1602E-09 5.0061E-09 4.8286E-09 4.6756E-09 4.5293E-09 4.3880E-09 4.2443E-09 4.1004E-09 3.9579E-09 3.8159E-09 3.6735E-09 3.5311E-09 3.3895E-09 3.2492E-09 3.1105E-09 2.9740E-09 2.8400E-09 2.7090E-09 2.5714E-09 2.4404E-09 2.2962E-09 2.1759E-09 2.0615E-09
2.9297E-09 3.0848E-09 3.2373E-09 3.3851E-09 3.5317E-09 3.6778E-09 3.8229E-09 3.9660E-09 4.1595E-09 4.3453E-09 4.5170E-09 4.6600E-09 4.8186E-09 4.9478E-09 5.0640E-09 5.1837E-09 5.2886E-09 5.3737E-09 5.4509E-09 5.5111E-09 5.5583E-09 5.5937E-09 5.6115E-09 5.6116E-09 5.6063E-09 5.5854E-09 5.5390E-09 5.4780E-09 5.4205E-09 5.3414E-09 5.2407E-09 5.1416E-09 5.0202E-09 4.9032E-09 4.7637E-09 4.6243E-09 4.5048E-09 4.3809E-09 4.2536E-09 4.1241E-09 3.9939E-09 3.8636E-09 3.7320E-09 3.5991E-09 3.4657E-09 3.3324E-09 3.1997E-09 3.0682E-09 2.9382E-09 2.8100E-09 2.6792E-09 2.5516E-09 2.4130E-09 2.2850E-09 2.1680E-09 2.0564E-09 1.9532E-09
2.7281E-09 2.8621E-09 3.0040E-09 3.1507E-09 3.2958E-09 3.4361E-09 3.5726E-09 3.7061E-09 3.8373E-09 3.9650E-09 4.1134E-09 4.2601E-09 4.4126E-09 4.5310E-09 4.6540E-09 4.7631E-09 4.8565E-09 4.9345E-09 5.0019E-09 5.0630E-09 5.1181E-09 5.1414E-09 5.1634E-09 5.1685E-09 5.1665E-09 5.1330E-09 5.1058E-09 5.0551E-09 4.9941E-09 4.9213E-09 4.8388E-09 4.7317E-09 4.6304E-09 4.5304E-09 4.4316E-09 4.3273E-09 4.2183E-09 4.1060E-09 3.9912E-09 3.8747E-09 3.7559E-09 3.6348E-09 3.5120E-09 3.3881E-09 3.2636E-09 3.1391E-09 3.0151E-09 2.8922E-09 2.7707E-09 2.6460E-09 2.5239E-09 2.3905E-09 2.2669E-09 2.1539E-09 2.0458E-09 1.9455E-09 1.8456E-09
2.5492E-09 2.6716E-09 2.7952E-09 2.9210E-09 3.0513E-09 3.1849E-09 3.3188E-09 3.4493E-09 3.5753E-09 3.6963E-09 3.8125E-09 3.9235E-09 4.0288E-09 4.1283E-09 4.2459E-09 4.3571E-09 4.4365E-09 4.5279E-09 4.5893E-09 4.6409E-09 4.6808E-09 4.7152E-09 4.7369E-09 4.7483E-09 4.7487E-09 4.7151E-09 4.6913E-09 4.6354E-09 4.5931E-09 4.5170E-09 4.4570E-09 4.3879E-09 4.3104E-09 4.2274E-09 4.1384E-09 4.0451E-09 3.9478E-09 3.8472E-09 3.7433E-09 3.6359E-09 3.5255E-09 3.4130E-09 3.2988E-09 3.1836E-09 3.0678E-09 2.9519E-09 2.8365E-09 2.7219E-09 2.6040E-09 2.4828E-09 2.3605E-09 2.2393E-09 2.1332E-09 2.0288E-09 1.9319E-09 1.8350E-09 1.7373E-09
2.3766E-09 2.4910E-09 2.6066E-09 2.7227E-09 2.8391E-09 2.9549E-09 3.0716E-09 3.1891E-09 3.3065E-09 3.4214E-09 3.5327E-09 3.6387E-09 3.7393E-09 3.8331E-09 3.9202E-09 3.9991E-09 4.0702E-09 4.1326E-09 4.1859E-09 4.2307E-09 4.2669E-09 4.2958E-09 4.3181E-09 4.3317E-09 4.3366E-09 4.3271E-09 4.3068E-09 4.2775E-09 4.2411E-09 4.1951E-09 4.1414E-09 4.0819E-09 4.0152E-09 3.9421E-09 3.8638E-09 3.7806E-09 3.6930E-09 3.6007E-09 3.5045E-09 3.4052E-09 3.3031E-09 3.1988E-09 3.0931E-09 2.9863E-09 2.8789E-09 2.7714E-09 2.6594E-09 2.5483E-09 2.4362E-09 2.3201E-09 2.2069E-09 2.1054E-09 2.0052E-09 1.9095E-09 1.8185E-09 1.7238E-09 1.6395E-09
2.2104E-09 2.3170E-09 2.4247E-09 2.5328E-09 2.6414E-09 2.7493E-09 2.8565E-09 2.9620E-09 3.0657E-09 3.1669E-09 3.2661E-09 3.3619E-09 3.4530E-09 3.5392E-09 3.6197E-09 3.6938E-09 3.7592E-09 3.8180E-09 3.8689E-09 3.9124E-09 3.9475E-09 3.9739E-09 3.9929E-09 4.0046E-09 4.0101E-09 4.0071E-09 3.9908E-09 3.9669E-09 3.9358E-09 3.8979E-09 3.8526E-09 3.8002E-09 3.7410E-09 3.6759E-09 3.6050E-09 3.5288E-09 3.4479E-09 3.3630E-09 3.2746E-09 3.1830E-09 3.0890E-09 2.9929E-09 2.8951E-09 2.7964E-09 2.6920E-09 2.5876E-09 2.4891E-09 2.3718E-09 2.2619E-09 2.1669E-09 2.0634E-09 1.9725E-09 1.8833E-09 1.7959E-09 1.7047E-09 1.6233E-09 1.5425E-09
2.0508E-09 2.1498E-09 2.2500E-09 2.3506E-09 2.4514E-09 2.5516E-09 2.6512E-09 2.7491E-09 2.8455E-09 2.9392E-09 3.0301E-09 3.1173E-09 3.2007E-09 3.2793E-09 3.3528E-09 3.4207E-09 3.4827E-09 3.5384E-09 3.5870E-09 3.6286E-09 3.6631E-09 3.6896E-09 3.7088E-09 3.7199E-09 3.7230E-09 3.7186E-09 3.7062E-09 3.6865E-09 3.6590E-09 3.6246E-09 3.5833E-09 3.5355E-09 3.4815E-09 3.4219E-09 3.3571E-09 3.2873E-09 3.2133E-09 3.1355E-09 3.0542E-09 2.9699E-09 2.8835E-09 2.7949E-09 2.7050E-09 2.6091E-09 2.5128E-09 2.4140E-09 2.3095E-09 2.2063E-09 2.1140E-09 2.0216E-09 1.9355E-09 1.8507E-09 1.7647E-09 1.6800E-09 1.6003E-09 1.5241E-09 1.4481E-09
1.8975E-09 1.9893E-09 2.0821E-09 2.1756E-09 2.2689E-09 2.3621E-09 2.4542E-09 2.5453E-09 2.6345E-09 2.7214E-09 2.8055E-09 2.8866E-09 2.9638E-09 3.0367E-09 3.1050E-09 3.1683E-09 3.2259E-09 3.2776E-09 3.3230E-09 3.3619E-09 3.3942E-09 3.4192E-09 3.4372E-09 3.4482E-09 3.4516E-09 3.4482E-09 3.4373E-09 3.4196E-09 3.3949E-09 3.3640E-09 3.3264E-09 3.2831E-09 3.2341E-09 3.1797E-09 3.1206E-09 3.0571E-09 2.9893E-09 2.9181E-09 2.8435E-09 2.7664E-09 2.6868E-09 2.6006E-09 2.5131E-09 2.4223E-09 2.3246E-09 2.2298E-09 2.1463E-09 2.0600E-09 1.9709E-09 1.8898E-09 1.8096E-09 1.7305E-09 1.6483E-09 1.5738E-09 1.5007E-09 1.4262E-09 1.3571E-09
1.7456E-09 1.8358E-09 1.9216E-09 2.0081E-09 2.0946E-09 2.1809E-09 2.2663E-09 2.3506E-09 2.4332E-09 2.5140E-09 2.5920E-09 2.6669E-09 2.7384E-09 2.8063E-09 2.8696E-09 2.9282E-09 2.9816E-09 3.0297E-09 3.0720E-09 3.1083E-09 3.1383E-09 3.1620E-09 3.1792E-09 3.1899E-09 3.1936E-09 3.1910E-09 3.1816E-09 3.1662E-09 3.1442E-09 3.1164E-09 3.0827E-09 3.0436E-09 2.9990E-09 2.9498E-09 2.8959E-09 2.8380E-09 2.7763E-09 2.7111E-09 2.6379E-09 2.5676E-09 2.4900E-09 2.4084E-09 2.3214E-09 2.2442E-09 2.1545E-09 2.0742E-09 1.9927E-09 1.9165E-09 1.8406E-09 1.7653E-09 1.6909E-09 1.6130E-09 1.5423E-09 1.4713E-09 1.4018E-09 1.3359E-09 1.2700E-09
1.5946E-09 1.6802E-09 1.7644E-09 1.8493E-09 1.9292E-09 2.0091E-09 2.0881E-09 2.1660E-09 2.2426E-09 2.3171E-09 2.3893E-09 2.4586E-09 2.5250E-09 2.5876E-09 2.6462E-09 2.7005E-09 2.7503E-09 2.7950E-09 2.8344E-09 2.8682E-09 2.8964E-09 2.9188E-09 2.9351E-09 2.9455E-09 2.9496E-09 2.9480E-09 2.9401E-09 2.9267E-09 2.9072E-09 2.8824E-09 2.8520E-09 2.8167E-09 2.7767E-09 2.7319E-09 2.6831E-09 2.6304E-09 2.5693E-09 2.5049E-09 2.4434E-09 2.3717E-09 2.2917E-09 2.2253E-09 2.1434E-09 2.0701E-09 1.9952E-09 1.9249E-09 1.8543E-09 1.7837E-09 1.7135E-09 1.6390E-09 1.5715E-09 1.5049E-09 1.4390E-09 1.3731E-09 1.3086E-09 1.2472E-09 1.1874E-09
1.4331E-09 1.5085E-09 1.5950E-09 1.6827E-09 1.7639E-09 1.8425E-09 1.9151E-09 1.9923E-09 2.0629E-09 2.1317E-09 2.1986E-09 2.2627E-09 2.3238E-09 2.3817E-09 2.4362E-09 2.4865E-09 2.5325E-09 2.5740E-09 2.6106E-09 2.6423E-09 2.6687E-09 2.6898E-09 2.7052E-09 2.7156E-09 2.7200E-09 2.7193E-09 2.7127E-09 2.7009E-09 2.6836E-09 2.6617E-09 2.6345E-09 2.6026E-09 2.5617E-09 2.5214E-09 2.4772E-09 2.4248E-09 2.3662E-09 2.3133E-09 2.2432E-09 2.1863E-09 2.1130E-09 2.0477E-09 1.9801E-09 1.9166E-09 1.8522E-09 1.7872E-09 1.7219E-09 1.6594E-09 1.5900E-09 1.5270E-09 1.4645E-09 1.4013E-09 1.3390E-09 1.2796E-09 1.2213E-09 1.1629E-09 1.1076E-09
1.3043E-09 1.3701E-09 1.4464E-09 1.5173E-09 1.5985E-09 1.6772E-09 1.7463E-09 1.8200E-09 1.8846E-09 1.9534E-09 2.0148E-09 2.0789E-09 2.1356E-09 2.1891E-09 2.2392E-09 2.2855E-09 2.3281E-09 2.3668E-09 2.4009E-09 2.4303E-09 2.4549E-09 2.4750E-09 2.4899E-09 2.4998E-09 2.5044E-09 2.5042E-09 2.4987E-09 2.4888E-09 2.4687E-09 2.4494E-09 2.4253E-09 2.3918E-09 2.3596E-09 2.3158E-09 2.2766E-09 2.2197E-09 2.1749E-09 2.1125E-09 2.0637E-09 2.0070E-09 1.9450E-09 1.8914E-09 1.8339E-09 1.7753E-09 1.7186E-09 1.6591E-09 1.5944E-09 1.5358E-09 1.4772E-09 1.4190E-09 1.3597E-09 1.3030E-09 1.2469E-09 1.1901E-09 1.1365E-09 1.0838E-09 1.0309E-09
