Assets/Resources/2015_m01_d26_0000(utc+0800)_l00_csi_1hr_conc.grd
DSAA
         159         159
     -79.000      79.000
     -79.000      79.000
  0.0000E+00  0.7457E-05
[rows 100 to 124 of 159, columns 57 to 113 of 159]
1.2806E-09 1.4330E-09 1.6321E-09 1.8197E-09 2.0547E-09 2.3191E-09 2.5736E-09 2.8455E-09 3.1383E-09 3.4658E-09 3.8440E-09 4.2805E-09 4.7395E-09 5.4799E-09 6.1932E-09 6.9608E-09 7.7593E-09 8.5594E-09 9.3329E-09 1.0060E-08 1.0719E-08 1.1925E-08 1.2619E-08 1.3245E-08 1.3784E-08 1.4254E-08 1.4635E-08 1.4935E-08 1.5228E-08 1.5395E-08 1.6999E-08 1.7058E-08 1.7045E-08 1.6970E-08 1.6828E-08 1.5219E-08 1.4964E-08 1.4632E-08 1.4224E-08 1.3765E-08 1.3352E-08 1.2915E-08 1.2458E-08 1.1990E-08 1.1510E-08 1.1013E-08 9.4605E-09 8.9466E-09 8.4769E-09 8.0723E-09 7.6751E-09 7.2870E-09 6.9123E-09 6.5491E-09 6.1985E-09 5.8615E-09 5.5396E-09
1.2016E-09 1.3652E-09 1.5230E-09 1.7293E-09 1.9219E-09 2.1632E-09 2.4324E-09 2.6887E-09 2.9635E-09 3.2923E-09 3.6367E-09 4.0568E-09 4.5052E-09 5.2172E-09 5.8934E-09 6.6090E-09 7.3479E-09 8.0832E-09 8.7921E-09 9.4345E-09 9.9754E-09 1.0442E-08 1.0940E-08 1.2235E-08 1.2719E-08 1.3126E-08 1.3465E-08 1.3729E-08 1.3912E-08 1.4044E-08 1.4152E-08 1.4193E-08 1.4196E-08 1.4135E-08 1.4035E-08 1.3885E-08 1.3668E-08 1.3400E-08 1.3092E-08 1.2749E-08 1.2376E-08 1.1985E-08 1.1574E-08 1.1147E-08 9.6546E-09 9.1982E-09 8.7496E-09 8.3840E-09 8.0121E-09 7.6395E-09 7.2713E-09 6.9149E-09 6.5670E-09 6.2306E-09 5.9042E-09 5.5919E-09 5.2913E-09
1.1429E-09 1.2769E-09 1.4456E-09 1.6093E-09 1.8209E-09 2.0171E-09 2.2618E-09 2.5333E-09 2.7902E-09 3.1056E-09 3.4492E-09 3.8366E-09 4.2775E-09 4.9566E-09 5.5942E-09 6.2598E-09 6.9415E-09 7.6162E-09 8.2632E-09 8.8219E-09 9.3153E-09 9.7431E-09 1.0112E-08 1.0429E-08 1.0755E-08 1.2122E-08 1.2420E-08 1.2653E-08 1.2814E-08 1.2930E-08 1.3011E-08 1.3067E-08 1.3058E-08 1.3015E-08 1.2938E-08 1.2801E-08 1.2604E-08 1.2377E-08 1.2109E-08 1.1809E-08 1.1481E-08 1.1116E-08 9.6800E-09 9.2821E-09 8.8916E-09 8.5688E-09 8.2369E-09 7.8973E-09 7.5615E-09 7.2205E-09 6.8834E-09 6.5537E-09 6.2333E-09 5.9207E-09 5.6195E-09 5.3289E-09 5.0505E-09
1.0840E-09 1.2107E-09 1.3486E-09 1.5222E-09 1.6894E-09 1.9034E-09 2.1038E-09 2.3817E-09 2.6221E-09 2.9243E-09 3.2650E-09 3.6186E-09 4.0417E-09 4.7126E-09 5.2977E-09 5.9147E-09 6.5422E-09 7.1612E-09 7.7316E-09 8.2402E-09 8.6912E-09 9.0868E-09 9.4306E-09 9.7292E-09 9.9847E-09 1.0200E-08 1.0378E-08 1.0553E-08 1.1807E-08 1.1916E-08 1.1991E-08 1.2046E-08 1.2040E-08 1.2009E-08 1.1933E-08 1.1803E-08 1.1633E-08 1.1419E-08 1.0111E-08 9.8515E-09 9.5469E-09 9.2131E-09 8.9281E-09 8.6442E-09 8.3498E-09 8.0507E-09 7.7452E-09 7.4361E-09 7.1256E-09 6.8170E-09 6.5097E-09 6.2064E-09 5.9102E-09 5.6217E-09 5.3433E-09 5.0738E-09 4.8170E-09
1.0252E-09 1.1446E-09 1.2741E-09 1.4154E-09 1.5917E-09 1.7616E-09 1.9773E-09 2.1783E-09 2.4852E-09 2.7480E-09 3.0740E-09 3.4063E-09 3.9465E-09 4.4576E-09 5.0051E-09 5.5759E-09 6.1532E-09 6.7139E-09 7.2266E-09 7.6909E-09 8.1053E-09 8.4708E-09 8.7920E-09 9.0708E-09 9.3108E-09 9.5137E-09 9.6796E-09 9.8100E-09 9.9050E-09 9.9676E-09 1.0010E-08 1.0023E-08 1.0021E-08 9.9986E-09 9.9287E-09 9.8145E-09 9.6523E-09 9.4887E-09 9.3022E-09 9.0950E-09 8.8693E-09 8.6275E-09 8.3718E-09 8.1076E-09 7.8366E-09 7.5580E-09 7.2772E-09 6.9965E-09 6.7113E-09 6.4298E-09 6.1502E-09 5.8726E-09 5.5989E-09 5.3342E-09 5.0763E-09 4.8288E-09 4.5906E-09
9.6122E-10 1.0788E-09 1.2013E-09 1.3331E-09 1.4762E-09 1.6550E-09 1.8551E-09 2.0413E-09 2.3016E-09 2.5754E-09 2.8884E-09 3.2257E-09 3.7262E-09 4.2074E-09 4.7162E-09 5.2428E-09 5.7763E-09 6.2818E-09 6.7497E-09 7.1748E-09 7.5557E-09 7.8941E-09 8.1919E-09 8.4523E-09 8.6763E-09 8.8665E-09 9.0214E-09 9.1443E-09 9.2343E-09 9.3009E-09 9.3423E-09 9.3583E-09 9.3563E-09 9.3190E-09 9.2454E-09 9.1443E-09 9.0180E-09 8.8685E-09 8.6979E-09 8.5082E-09 8.3014E-09 8.0797E-09 7.8451E-09 7.5999E-09 7.3492E-09 7.0925E-09 6.8362E-09 6.5782E-09 6.3202E-09 6.0619E-09 5.8060E-09 5.5521E-09 5.3018E-09 5.0576E-09 4.8206E-09 4.5926E-09 4.3720E-09
9.0411E-10 1.0102E-09 1.1287E-09 1.2529E-09 1.3861E-09 1.5305E-09 1.7352E-09 1.9087E-09 2.1543E-09 2.3946E-09 2.7066E-09 3.0283E-09 3.5168E-09 3.9631E-09 4.4349E-09 4.9213E-09 5.4089E-09 5.8706E-09 6.3009E-09 6.6905E-09 7.0409E-09 7.3532E-09 7.6296E-09 7.8713E-09 8.0807E-09 8.2571E-09 8.4034E-09 8.5174E-09 8.6060E-09 8.6717E-09 8.7117E-09 8.7353E-09 8.7318E-09 8.6930E-09 8.6259E-09 8.5339E-09 8.4188E-09 8.2824E-09 8.1265E-09 7.9530E-09 7.7638E-09 7.5608E-09 7.3459E-09 7.1209E-09 6.8880E-09 6.6548E-09 6.4199E-09 6.1834E-09 5.9500E-09 5.7145E-09 5.4791E-09 5.2457E-09 5.0175E-09 4.7925E-09 4.5760E-09 4.3653E-09 3.8691E-09
8.4892E-10 9.4595E-10 1.0563E-09 1.1736E-09 1.2987E-09 1.4322E-09 1.5764E-09 1.7914E-09 1.9923E-09 2.2574E-09 2.5054E-09 2.8356E-09 3.3124E-09 3.7258E-09 4.1634E-09 4.6137E-09 5.0619E-09 5.4839E-09 5.8770E-09 6.2336E-09 6.5557E-09 6.8467E-09 7.1025E-09 7.3269E-09 7.5214E-09 7.6863E-09 7.8221E-09 7.9302E-09 8.0171E-09 8.0802E-09 8.1232E-09 8.1474E-09 8.1398E-09 8.1037E-09 8.0429E-09 7.9593E-09 7.8544E-09 7.7300E-09 7.5877E-09 7.4293E-09 7.2564E-09 7.0707E-09 6.8740E-09 6.6680E-09 6.4549E-09 6.2424E-09 6.0275E-09 5.8142E-09 5.5999E-09 5.3861E-09 5.1699E-09 4.9567E-09 4.7457E-09 4.5411E-09 4.3417E-09 3.8575E-09 3.6844E-09
7.9408E-10 8.8547E-10 9.8371E-10 1.0971E-09 1.2128E-09 1.3378E-09 1.4711E-09 1.6600E-09 1.8352E-09 2.0898E-09 2.3514E-09 2.6256E-09 3.1103E-09 3.4947E-09 3.8997E-09 4.3219E-09 4.7348E-09 5.1204E-09 5.4798E-09 5.8063E-09 6.1042E-09 6.3700E-09 6.6060E-09 6.8177E-09 6.9981E-09 7.1520E-09 7.2787E-09 7.3829E-09 7.4649E-09 7.5255E-09 7.5711E-09 7.5914E-09 7.5831E-09 7.5506E-09 7.4956E-09 7.4197E-09 7.3243E-09 7.2109E-09 7.0812E-09 6.9366E-09 6.7787E-09 6.6091E-09 6.4292E-09 6.2408E-09 6.0500E-09 5.8549E-09 5.6601E-09 5.4662E-09 5.2716E-09 5.0757E-09 4.8795E-09 4.6836E-09 4.4898E-09 4.3014E-09 3.8317E-09 3.6670E-09 3.5077E-09
7.3388E-10 8.2580E-10 9.1802E-10 1.0168E-09 1.1303E-09 1.2456E-09 1.3687E-09 1.5291E-09 1.7091E-09 1.9273E-09 2.1864E-09 2.4827E-09 2.8927E-09 3.2720E-09 3.6587E-09 4.0487E-09 4.4240E-09 4.7762E-09 5.1069E-09 5.4063E-09 5.6802E-09 5.9249E-09 6.1433E-09 6.3388E-09 6.5068E-09 6.6494E-09 6.7724E-09 6.8705E-09 6.9477E-09 7.0098E-09 7.0525E-09 7.0692E-09 7.0620E-09 7.0328E-09 6.9831E-09 6.9142E-09 6.8275E-09 6.7243E-09 6.6061E-09 6.4742E-09 6.3302E-09 6.1753E-09 6.0111E-09 5.8414E-09 5.6687E-09 5.4917E-09 5.3164E-09 5.1396E-09 4.9626E-09 4.7839E-09 4.6057E-09 4.4259E-09 3.9571E-09 3.7939E-09 3.6364E-09 3.4839E-09 3.3309E-09
6.8106E-10 7.6325E-10 8.5362E-10 9.4602E-10 1.0446E-09 1.1565E-09 1.2714E-09 1.4225E-09 1.5917E-09 1.7975E-09 2.0184E-09 2.3322E-09 2.6107E-09 2.9354E-09 3.4315E-09 3.7875E-09 4.1321E-09 4.4531E-09 4.7554E-09 5.0294E-09 5.2842E-09 5.5097E-09 5.7121E-09 5.8934E-09 6.0494E-09 6.1824E-09 6.2969E-09 6.3890E-09 6.4639E-09 6.5277E-09 6.5660E-09 6.5812E-09 6.5752E-09 6.5491E-09 6.5042E-09 6.4417E-09 6.3629E-09 6.2691E-09 6.1614E-09 6.0413E-09 5.9100E-09 5.7687E-09 5.6191E-09 5.4680E-09 5.3108E-09 5.1535E-09 4.9938E-09 4.8337E-09 4.6715E-09 4.5104E-09 4.3477E-09 3.8996E-09 3.7479E-09 3.5983E-09 3.4486E-09 3.3020E-09 3.1693E-09
6.3339E-10 7.0419E-10 7.8722E-10 8.7707E-10 9.6854E-10 1.0666E-09 1.1866E-09 1.3218E-09 1.4828E-09 1.6559E-09 1.8821E-09 2.1598E-09 2.4411E-09 2.7365E-09 3.0561E-09 3.3682E-09 3.8572E-09 4.1504E-09 4.4268E-09 4.6784E-09 4.9120E-09 5.1203E-09 5.3077E-09 5.4792E-09 5.6240E-09 5.7478E-09 5.8546E-09 5.9411E-09 6.0145E-09 6.0733E-09 6.1082E-09 6.1226E-09 6.1176E-09 6.0980E-09 6.0575E-09 6.0009E-09 5.9294E-09 5.8441E-09 5.7462E-09 5.6368E-09 5.5172E-09 5.3884E-09 5.2559E-09 5.1181E-09 4.9778E-09 4.8361E-09 4.6925E-09 4.5465E-09 4.3999E-09 3.9655E-09 3.8276E-09 3.6903E-09 3.5498E-09 3.4074E-09 3.2708E-09 3.1416E-09 2.7715E-09
5.7585E-10 6.5297E-10 7.2381E-10 8.0612E-10 8.9575E-10 9.8565E-10 1.1029E-09 1.2229E-09 1.3848E-09 1.5491E-09 1.7364E-09 1.9627E-09 2.2744E-09 2.5704E-09 2.8436E-09 3.1281E-09 3.3999E-09 3.6410E-09 4.1202E-09 4.3511E-09 4.5643E-09 4.7595E-09 4.9327E-09 5.0914E-09 5.2256E-09 5.3398E-09 5.4429E-09 5.5264E-09 5.5960E-09 5.6506E-09 5.6830E-09 5.6966E-09 5.6953E-09 5.6745E-09 5.6379E-09 5.5866E-09 5.5217E-09 5.4481E-09 5.3590E-09 5.2595E-09 5.1506E-09 5.0353E-09 4.9164E-09 4.7919E-09 4.6677E-09 4.5398E-09 4.1150E-09 3.9908E-09 3.8671E-09 3.7417E-09 3.6170E-09 3.4871E-09 3.3571E-09 3.2338E-09 2.8588E-09 2.7493E-09 2.6410E-09
5.2833E-10 5.9205E-10 6.6875E-10 7.3959E-10 8.2060E-10 9.0935E-10 1.0197E-09 1.1287E-09 1.2804E-09 1.4493E-09 1.6176E-09 1.8182E-09 2.0608E-09 2.3940E-09 2.6628E-09 2.9039E-09 3.1522E-09 3.3873E-09 3.5946E-09 3.7868E-09 3.9657E-09 4.4244E-09 4.5852E-09 4.7325E-09 4.8554E-09 4.9640E-09 5.0583E-09 5.1380E-09 5.2062E-09 5.2576E-09 5.2876E-09 5.3006E-09 5.3001E-09 5.2816E-09 5.2486E-09 5.2022E-09 5.1463E-09 5.0759E-09 4.9949E-09 4.9044E-09 4.8052E-09 4.7040E-09 4.6000E-09 4.4908E-09 4.0877E-09 3.9803E-09 3.8694E-09 3.7585E-09 3.6446E-09 3.5274E-09 3.4098E-09 3.2979E-09 3.1873E-09 2.8277E-09 2.7234E-09 2.6180E-09 2.5134E-09
4.8790E-10 5.4127E-10 6.0518E-10 6.8092E-10 7.5126E-10 8.3085E-10 9.4144E-10 1.0596E-09 1.1871E-09 1.3422E-09 1.5139E-09 1.7122E-09 1.9197E-09 2.1418E-09 2.3440E-09 2.7116E-09 2.9227E-09 3.1384E-09 3.3271E-09 3.5184E-09 3.6844E-09 3.8369E-09 3.9741E-09 4.1018E-09 4.2110E-09 4.6157E-09 4.7029E-09 4.7787E-09 4.8451E-09 4.8894E-09 4.9172E-09 4.9294E-09 4.9333E-09 4.9168E-09 4.8871E-09 4.8452E-09 4.7948E-09 4.7309E-09 4.6573E-09 4.5750E-09 4.1946E-09 4.1106E-09 4.0205E-09 3.9289E-09 3.8345E-09 3.7372E-09 3.6347E-09 3.5294E-09 3.4245E-09 3.3247E-09 3.2277E-09 2.8787E-09 2.7856E-09 2.6882E-09 2.5882E-09 2.4906E-09 2.3981E-09
4.3520E-10 4.9886E-10 5.5182E-10 6.1503E-10 6.7695E-10 7.5865E-10 8.5899E-10 9.8089E-10 1.1005E-09 1.2478E-09 1.4177E-09 1.6062E-09 1.8017E-09 1.9908E-09 2.1877E-09 2.3642E-09 2.5506E-09 2.7102E-09 3.0947E-09 3.2586E-09 3.4107E-09 3.5518E-09 3.6916E-09 3.8114E-09 3.9129E-09 4.0074E-09 4.0874E-09 4.1567E-09 4.2164E-09 4.2559E-09 4.2809E-09 4.2921E-09 4.2959E-09 4.2818E-09 4.2564E-09 4.2232E-09 4.1808E-09 4.1256E-09 4.0621E-09 3.9926E-09 3.9199E-09 3.8449E-09 3.7665E-09 3.6808E-09 3.5922E-09 3.5001E-09 3.4125E-09 3.3222E-09 2.9809E-09 2.8966E-09 2.8125E-09 2.7254E-09 2.6357E-09 2.5469E-09 2.4585E-09 2.3749E-09 2.2910E-09
3.9175E-10 4.3343E-10 5.0716E-10 5.5937E-10 6.2145E-10 6.9852E-10 7.9033E-10 8.9712E-10 1.0184E-09 1.1623E-09 1.3375E-09 1.5103E-09 1.6848E-09 1.8622E-09 2.0293E-09 2.2046E-09 2.3599E-09 2.5198E-09 2.6624E-09 2.8064E-09 3.1730E-09 3.3035E-09 3.4209E-09 3.5308E-09 3.6247E-09 3.7137E-09 3.7993E-09 3.8677E-09 3.9240E-09 3.9605E-09 3.9837E-09 3.9972E-09 3.9987E-09 3.9863E-09 3.9634E-09 3.9338E-09 3.8949E-09 3.8445E-09 3.7848E-09 3.7226E-09 3.6570E-09 3.5898E-09 3.5192E-09 3.4473E-09 3.3714E-09 3.2943E-09 2.9638E-09 2.8918E-09 2.8154E-09 2.7352E-09 2.6546E-09 2.5752E-09 2.4952E-09 2.4212E-09 2.3449E-09 2.2673E-09 2.1936E-09
3.5942E-10 3.9858E-10 4.3975E-10 5.1267E-10 5.6379E-10 6.4218E-10 7.2729E-10 8.3212E-10 9.4780E-10 1.0923E-09 1.2595E-09 1.4197E-09 1.5792E-09 1.7354E-09 1.8897E-09 2.0424E-09 2.1968E-09 2.3325E-09 2.4656E-09 2.5980E-09 2.7168E-09 2.8236E-09 2.9340E-09 3.0289E-09 3.3738E-09 3.4569E-09 3.5315E-09 3.5906E-09 3.6419E-09 3.6754E-09 3.6969E-09 3.7124E-09 3.7117E-09 3.7008E-09 3.6804E-09 3.6570E-09 3.6195E-09 3.5746E-09 3.5256E-09 3.4753E-09 3.4211E-09 3.3627E-09 3.0467E-09 2.9859E-09 2.9229E-09 2.8575E-09 2.7906E-09 2.7201E-09 2.6513E-09 2.5796E-09 2.5083E-09 2.4414E-09 2.3734E-09 2.3040E-09 2.2365E-09 2.1679E-09 2.0962E-09
3.2750E-10 3.6471E-10 4.0234E-10 4.4370E-10 5.0335E-10 5.8610E-10 6.7637E-10 7.7004E-10 8.9118E-10 1.0288E-09 1.1754E-09 1.3323E-09 1.4781E-09 1.6240E-09 1.7639E-09 1.8987E-09 2.0302E-09 2.1720E-09 2.2926E-09 2.4078E-09 2.5133E-09 2.6208E-09 2.7203E-09 2.8080E-09 2.8876E-09 2.9728E-09 3.0422E-09 3.0947E-09 3.1407E-09 3.1703E-09 3.1893E-09 3.2037E-09 3.4609E-09 3.4513E-09 3.1760E-09 3.1565E-09 3.1240E-09 3.0862E-09 3.0459E-09 3.0038E-09 2.9611E-09 2.9112E-09 2.8577E-09 2.8002E-09 2.7413E-09 2.6835E-09 2.6216E-09 2.5602E-09 2.4997E-09 2.4397E-09 2.3768E-09 2.3137E-09 2.2533E-09 2.1910E-09 2.1273E-09 2.0659E-09 2.0046E-09
2.8931E-10 3.2117E-10 3.6806E-10 4.0490E-10 4.4527E-10 5.1348E-10 6.2613E-10 7.1367E-10 8.4181E-10 9.7374E-10 1.1060E-09 1.2393E-09 1.3796E-09 1.5170E-09 1.6461E-09 1.7729E-09 1.8927E-09 2.0080E-09 2.1213E-09 2.2397E-09 2.3431E-09 2.4371E-09 2.5228E-09 2.6056E-09 2.6849E-09 2.7644E-09 2.8281E-09 2.8760E-09 2.9186E-09 2.9458E-09 2.9641E-09 2.9804E-09 2.9817E-09 2.9741E-09 2.9615E-09 2.9412E-09 2.9112E-09 2.8788E-09 2.8411E-09 2.8081E-09 2.7676E-09 2.7231E-09 2.6745E-09 2.6239E-09 2.5751E-09 2.5244E-09 2.4754E-09 2.4207E-09 2.3650E-09 2.3081E-09 2.2531E-09 2.1955E-09 2.1372E-09 2.0833E-09 2.0318E-09 1.9757E-09 1.9216E-09
2.6360E-10 2.9214E-10 3.2178E-10 3.6941E-10 4.2082E-10 4.7034E-10 5.6396E-10 6.6931E-10 7.8951E-10 9.1765E-10 1.0389E-09 1.1635E-09 1.2864E-09 1.4075E-09 1.5330E-09 1.6529E-09 1.7653E-09 1.8756E-09 1.9786E-09 2.0754E-09 2.1707E-09 2.2615E-09 2.3528E-09 2.4339E-09 2.5103E-09 2.5768E-09 2.6308E-09 2.6774E-09 2.7143E-09 2.7394E-09 2.7556E-09 2.7712E-09 2.7727E-09 2.7660E-09 2.7578E-09 2.7369E-09 2.7120E-09 2.6831E-09 2.6545E-09 2.6258E-09 2.5912E-09 2.5537E-09 2.5137E-09 2.4750E-09 2.4293E-09 2.3853E-09 2.3361E-09 2.2885E-09 2.2374E-09 2.1849E-09 2.1335E-09 2.0848E-09 2.0371E-09 1.9867E-09 1.9375E-09 1.8883E-09 1.8398E-09
2.4045E-10 2.6552E-10 2.9343E-10 3.2232E-10 3.8649E-10 4.3258E-10 5.2879E-10 6.2987E-10 7.4559E-10 8.5884E-10 9.7658E-10 1.0903E-09 1.2037E-09 1.3179E-09 1.4267E-09 1.5334E-09 1.6437E-09 1.7506E-09 1.8460E-09 1.9409E-09 2.0260E-09 2.1073E-09 2.1869E-09 2.2650E-09 2.3355E-09 2.4036E-09 2.4594E-09 2.5025E-09 2.5384E-09 2.5619E-09 2.5802E-09 2.5905E-09 2.5910E-09 2.5846E-09 2.5780E-09 2.5604E-09 2.5406E-09 2.5164E-09 2.4975E-09 2.4684E-09 2.4372E-09 2.4021E-09 2.3656E-09 2.3306E-09 2.2932E-09 2.2501E-09 2.2052E-09 2.1612E-09 2.1179E-09 2.0739E-09 2.0311E-09 1.9842E-09 1.9388E-09 1.8958E-09 1.8520E-09 1.8103E-09 1.7682E-09
2.1786E-10 2.4057E-10 2.6602E-10 2.9434E-10 3.4109E-10 3.9716E-10 4.9218E-10 5.9676E-10 6.8861E-10 7.9407E-10 9.1236E-10 1.0169E-09 1.1285E-09 1.2317E-09 1.3330E-09 1.4356E-09 1.5321E-09 1.6251E-09 1.7176E-09 1.8127E-09 1.8934E-09 1.9753E-09 2.0516E-09 2.1234E-09 2.1889E-09 2.2461E-09 2.2920E-09 2.3320E-09 2.3613E-09 2.3884E-09 2.4055E-09 2.4173E-09 2.4192E-09 2.4175E-09 2.4094E-09 2.3961E-09 2.3781E-09 2.3614E-09 2.3418E-09 2.3169E-09 2.2883E-09 2.2575E-09 2.2274E-09 2.1974E-09 2.1632E-09 2.1268E-09 2.0900E-09 2.0503E-09 2.0091E-09 1.9709E-09 1.9292E-09 1.8899E-09 1.8505E-09 1.8111E-09 1.7726E-09 1.7336E-09 1.6918E-09
1.9381E-10 2.1698E-10 2.4042E-10 2.6833E-10 3.1330E-10 3.7555E-10 4.5613E-10 5.5413E-10 6.5632E-10 7.4808E-10 8.4251E-10 9.5083E-10 1.0518E-09 1.1468E-09 1.2493E-09 1.3418E-09 1.4326E-09 1.5228E-09 1.6065E-09 1.6854E-09 1.7663E-09 1.8414E-09 1.9241E-09 1.9942E-09 2.0556E-09 2.1064E-09 2.1492E-09 2.1866E-09 2.2170E-09 2.2373E-09 2.2534E-09 2.2604E-09 2.2644E-09 2.2597E-09 2.2543E-09 2.2430E-09 2.2317E-09 2.2163E-09 2.2010E-09 2.1802E-09 2.1566E-09 2.1346E-09 2.1095E-09 2.0803E-09 2.0478E-09 2.0138E-09 1.9782E-09 1.9420E-09 1.9085E-09 1.8725E-09 1.8395E-09 1.8039E-09 1.7680E-09 1.7320E-09 1.6931E-09 1.6539E-09 1.6199E-09
1.6623E-10 1.9309E-10 2.1733E-10 2.4904E-10 2.9180E-10 3.5688E-10 4.2866E-10 5.1200E-10 6.0975E-10 7.0454E-10 7.9390E-10 8.8265E-10 9.8100E-10 1.0731E-09 1.1647E-09 1.2515E-09 1.3435E-09 1.4255E-09 1.5033E-09 1.5830E-09 1.6566E-09 1.7305E-09 1.8040E-09 1.8657E-09 1.9199E-09 1.9682E-09 2.0184E-09 2.0540E-09 2.0806E-09 2.1024E-09 2.1182E-09 2.1251E-09 2.1264E-09 2.1257E-09 2.1202E-09 2.1138E-09 2.1032E-09 2.0927E-09 2.0768E-09 2.0572E-09 2.0394E-09 2.0151E-09 1.9917E-09 1.9644E-09 1.9352E-09 1.9054E-09 1.8755E-09 1.8481E-09 1.8167E-09 1.7875E-09 1.7552E-09 1.7222E-09 1.6858E-09 1.6494E-09 1.6172E-09 1.5861E-09 1.5558E-09
