Assets/Resources/2015_m01_d24_0200(utc+0800)_l00_csi_1hr_conc.grd
DSAA
         159         159
     -79.000      79.000
     -79.000      79.000
  0.1238E-10  0.3420E-04
[rows 50 to 74 of 159, columns 0 to 56 of 159]
2.7582E-11 2.8693E-11 2.9842E-11 3.1029E-11 3.2255E-11 3.3521E-11 3.4828E-11 3.6177E-11 3.7569E-11 3.9004E-11 4.0485E-11 4.2011E-11 4.3584E-11 4.5204E-11 4.6873E-11 4.8592E-11 5.0360E-11 5.2181E-11 5.4053E-11 5.5979E-11 5.7958E-11 5.9993E-11 6.2084E-11 6.4231E-11 6.6436E-11 6.8700E-11 7.1022E-11 7.3405E-11 7.5849E-11 7.8355E-11 8.0923E-11 8.3554E-11 8.6249E-11 8.9009E-11 9.1834E-11 9.4725E-11 9.7682E-11 1.0071E-10 1.0380E-10 1.0696E-10 1.1019E-10 1.1348E-10 1.1685E-10 1.2029E-10 1.2379E-10 1.2737E-10 1.3101E-10 1.3473E-10 1.3852E-10 1.4237E-10 1.4630E-10 1.5030E-10 1.5437E-10 1.5851E-10 1.6272E-10 1.6700E-10 1.7134E-10
2.7743E-11 2.8861E-11 3.0016E-11 3.1210E-11 3.2443E-11 3.3717E-11 3.5032E-11 3.6389E-11 3.7789E-11 3.9234E-11 4.0723E-11 4.2259E-11 4.3841E-11 4.5471E-11 4.7150E-11 4.8879E-11 5.0659E-11 5.2490E-11 5.4374E-11 5.6312E-11 5.8304E-11 6.0351E-11 6.2454E-11 6.4615E-11 6.6834E-11 6.9111E-11 7.1448E-11 7.3846E-11 7.6305E-11 7.8826E-11 8.1410E-11 8.4058E-11 8.6770E-11 8.9546E-11 9.2389E-11 9.5298E-11 9.8273E-11 1.0132E-10 1.0443E-10 1.0761E-10 1.1086E-10 1.1417E-10 1.1756E-10 1.2102E-10 1.2455E-10 1.2814E-10 1.3181E-10 1.3555E-10 1.3937E-10 1.4325E-10 1.4720E-10 1.5122E-10 1.5532E-10 1.5948E-10 1.6372E-10 1.6803E-10 1.7240E-10
2.7897E-11 2.9022E-11 3.0184E-11 3.1385E-11 3.2625E-11 3.3906E-11 3.5229E-11 3.6594E-11 3.8002E-11 3.9455E-11 4.0953E-11 4.2497E-11 4.4089E-11 4.5729E-11 4.7418E-11 4.9157E-11 5.0947E-11 5.2789E-11 5.4684E-11 5.6633E-11 5.8637E-11 6.0696E-11 6.2812E-11 6.4985E-11 6.7217E-11 6.9508E-11 7.1859E-11 7.4271E-11 7.6745E-11 7.9281E-11 8.1880E-11 8.4543E-11 8.7271E-11 9.0065E-11 9.2924E-11 9.5851E-11 9.8844E-11 1.0191E-10 1.0504E-10 1.0823E-10 1.1150E-10 1.1484E-10 1.1825E-10 1.2173E-10 1.2528E-10 1.2890E-10 1.3259E-10 1.3635E-10 1.4018E-10 1.4409E-10 1.4807E-10 1.5211E-10 1.5623E-10 1.6043E-10 1.6469E-10 1.6902E-10 1.7342E-10
2.8046E-11 2.9177E-11 3.0345E-11 3.1553E-11 3.2800E-11 3.4088E-11 3.5418E-11 3.6791E-11 3.8207E-11 3.9668E-11 4.1174E-11 4.2727E-11 4.4328E-11 4.5977E-11 4.7675E-11 4.9424E-11 5.1224E-11 5.3076E-11 5.4982E-11 5.6942E-11 5.8957E-11 6.1028E-11 6.3156E-11 6.5341E-11 6.7586E-11 6.9890E-11 7.2254E-11 7.4680E-11 7.7168E-11 7.9718E-11 8.2332E-11 8.5011E-11 8.7755E-11 9.0564E-11 9.3440E-11 9.6383E-11 9.9394E-11 1.0247E-10 1.0562E-10 1.0884E-10 1.1212E-10 1.1548E-10 1.1891E-10 1.2241E-10 1.2598E-10 1.2962E-10 1.3333E-10 1.3712E-10 1.4097E-10 1.4490E-10 1.4890E-10 1.5297E-10 1.5712E-10 1.6133E-10 1.6562E-10 1.6998E-10 1.7440E-10
2.8189E-11 2.9325E-11 3.0500E-11 3.1714E-11 3.2968E-11 3.4263E-11 3.5600E-11 3.6979E-11 3.8403E-11 3.9872E-11 4.1386E-11 4.2948E-11 4.4557E-11 4.6215E-11 4.7922E-11 4.9680E-11 5.1490E-11 5.3352E-11 5.5268E-11 5.7239E-11 5.9265E-11 6.1347E-11 6.3486E-11 6.5684E-11 6.7940E-11 7.0257E-11 7.2634E-11 7.5073E-11 7.7574E-11 8.0139E-11 8.2767E-11 8.5460E-11 8.8219E-11 9.1044E-11 9.3936E-11 9.6895E-11 9.9922E-11 1.0302E-10 1.0618E-10 1.0942E-10 1.1272E-10 1.1610E-10 1.1955E-10 1.2306E-10 1.2665E-10 1.3031E-10 1.3405E-10 1.3785E-10 1.4173E-10 1.4568E-10 1.4970E-10 1.5380E-10 1.5797E-10 1.6221E-10 1.6652E-10 1.7090E-10 1.7535E-10
2.8325E-11 2.9467E-11 3.0648E-11 3.1868E-11 3.3128E-11 3.4430E-11 3.5773E-11 3.7160E-11 3.8591E-11 4.0067E-11 4.1590E-11 4.3159E-11 4.4776E-11 4.6442E-11 4.8159E-11 4.9926E-11 5.1745E-11 5.3617E-11 5.5543E-11 5.7523E-11 5.9559E-11 6.1652E-11 6.3803E-11 6.6012E-11 6.8280E-11 7.0608E-11 7.2998E-11 7.5449E-11 7.7964E-11 8.0542E-11 8.3184E-11 8.5891E-11 8.8664E-11 9.1504E-11 9.4411E-11 9.7386E-11 1.0043E-10 1.0354E-10 1.0672E-10 1.0998E-10 1.1330E-10 1.1669E-10 1.2016E-10 1.2369E-10 1.2730E-10 1.3098E-10 1.3474E-10 1.3856E-10 1.4246E-10 1.4643E-10 1.5048E-10 1.5459E-10 1.5878E-10 1.6304E-10 1.6738E-10 1.7178E-10 1.7626E-10
2.8456E-11 2.9603E-11 3.0789E-11 3.2015E-11 3.3281E-11 3.4589E-11 3.5939E-11 3.7333E-11 3.8771E-11 4.0254E-11 4.1783E-11 4.3360E-11 4.4985E-11 4.6660E-11 4.8384E-11 5.0160E-11 5.1988E-11 5.3869E-11 5.5804E-11 5.7795E-11 5.9841E-11 6.1944E-11 6.4105E-11 6.6325E-11 6.8604E-11 7.0944E-11 7.3346E-11 7.5809E-11 7.8336E-11 8.0927E-11 8.3582E-11 8.6303E-11 8.9090E-11 9.1944E-11 9.4865E-11 9.7855E-11 1.0091E-10 1.0404E-10 1.0724E-10 1.1051E-10 1.1385E-10 1.1726E-10 1.2074E-10 1.2429E-10 1.2792E-10 1.3162E-10 1.3539E-10 1.3924E-10 1.4316E-10 1.4715E-10 1.5121E-10 1.5535E-10 1.5956E-10 1.6384E-10 1.6820E-10 1.7263E-10 1.7713E-10
2.8579E-11 2.9732E-11 3.0924E-11 3.2155E-11 3.3427E-11 3.4741E-11 3.6097E-11 3.7497E-11 3.8941E-11 4.0432E-11 4.1968E-11 4.3552E-11 4.5185E-11 4.6867E-11 4.8599E-11 5.0383E-11 5.2220E-11 5.4110E-11 5.6054E-11 5.8053E-11 6.0109E-11 6.2222E-11 6.4393E-11 6.6623E-11 6.8913E-11 7.1264E-11 7.3677E-11 7.6152E-11 7.8691E-11 8.1294E-11 8.3962E-11 8.6695E-11 8.9496E-11 9.2363E-11 9.5299E-11 9.8302E-11 1.0138E-10 1.0452E-10 1.0773E-10 1.1102E-10 1.1437E-10 1.1780E-10 1.2130E-10 1.2487E-10 1.2851E-10 1.3223E-10 1.3602E-10 1.3988E-10 1.4382E-10 1.4783E-10 1.5192E-10 1.5607E-10 1.6031E-10 1.6461E-10 1.6899E-10 1.7344E-10 1.7796E-10
2.8697E-11 2.9854E-11 3.1051E-11 3.2288E-11 3.3565E-11 3.4884E-11 3.6247E-11 3.7653E-11 3.9103E-11 4.0600E-11 4.2143E-11 4.3734E-11 4.5374E-11 4.7063E-11 4.8803E-11 5.0595E-11 5.2440E-11 5.4338E-11 5.6291E-11 5.8299E-11 6.0364E-11 6.2486E-11 6.4667E-11 6.6907E-11 6.9207E-11 7.1569E-11 7.3992E-11 7.6478E-11 7.9028E-11 8.1643E-11 8.4323E-11 8.7068E-11 8.9881E-11 9.2762E-11 9.5710E-11 9.8728E-11 1.0181E-10 1.0497E-10 1.0820E-10 1.1150E-10 1.1487E-10 1.1831E-10 1.2183E-10 1.2541E-10 1.2908E-10 1.3281E-10 1.3662E-10 1.4050E-10 1.4445E-10 1.4848E-10 1.5259E-10 1.5676E-10 1.6101E-10 1.6534E-10 1.6974E-10 1.7421E-10 1.7875E-10
2.8807E-11 2.9970E-11 3.1171E-11 3.2413E-11 3.3696E-11 3.5020E-11 3.6388E-11 3.7800E-11 3.9256E-11 4.0759E-11 4.2309E-11 4.3906E-11 4.5553E-11 4.7249E-11 4.8996E-11 5.0795E-11 5.2647E-11 5.4554E-11 5.6514E-11 5.8531E-11 6.0605E-11 6.2736E-11 6.4926E-11 6.7175E-11 6.9485E-11 7.1856E-11 7.4290E-11 7.6787E-11 7.9348E-11 8.1973E-11 8.4664E-11 8.7422E-11 9.0247E-11 9.3139E-11 9.6100E-11 9.9131E-11 1.0223E-10 1.0540E-10 1.0864E-10 1.1196E-10 1.1534E-10 1.1880E-10 1.2233E-10 1.2593E-10 1.2961E-10 1.3336E-10 1.3718E-10 1.4108E-10 1.4505E-10 1.4910E-10 1.5322E-10 1.5742E-10 1.6169E-10 1.6603E-10 1.7045E-10 1.7494E-10 1.7950E-10
2.8911E-11 3.0078E-11 3.1284E-11 3.2531E-11 3.3818E-11 3.5148E-11 3.6521E-11 3.7938E-11 3.9400E-11 4.0909E-11 4.2464E-11 4.4068E-11 4.5721E-11 4.7424E-11 4.9178E-11 5.0984E-11 5.2843E-11 5.4757E-11 5.6725E-11 5.8750E-11 6.0831E-11 6.2971E-11 6.5169E-11 6.7428E-11 6.9747E-11 7.2128E-11 7.4571E-11 7.7078E-11 7.9649E-11 8.2285E-11 8.4986E-11 8.7755E-11 9.0591E-11 9.3495E-11 9.6468E-11 9.9511E-11 1.0262E-10 1.0581E-10 1.0906E-10 1.1239E-10 1.1579E-10 1.1926E-10 1.2280E-10 1.2642E-10 1.3011E-10 1.3388E-10 1.3772E-10 1.4163E-10 1.4562E-10 1.4968E-10 1.5382E-10 1.5804E-10 1.6232E-10 1.6668E-10 1.7112E-10 1.7563E-10 1.8021E-10
2.9009E-11 3.0180E-11 3.1390E-11 3.2641E-11 3.3933E-11 3.5268E-11 3.6645E-11 3.8068E-11 3.9535E-11 4.1049E-11 4.2610E-11 4.4220E-11 4.5878E-11 4.7587E-11 4.9348E-11 5.1161E-11 5.3027E-11 5.4947E-11 5.6923E-11 5.8955E-11 6.1044E-11 6.3192E-11 6.5398E-11 6.7665E-11 6.9993E-11 7.2382E-11 7.4834E-11 7.7351E-11 7.9931E-11 8.2577E-11 8.5289E-11 8.8068E-11 9.0915E-11 9.3830E-11 9.6814E-11 9.9868E-11 1.0299E-10 1.0619E-10 1.0945E-10 1.1279E-10 1.1621E-10 1.1969E-10 1.2325E-10 1.2688E-10 1.3059E-10 1.3437E-10 1.3822E-10 1.4215E-10 1.4615E-10 1.5023E-10 1.5439E-10 1.5862E-10 1.6292E-10 1.6730E-10 1.7175E-10 1.7628E-10 1.8087E-10
2.9099E-11 3.0274E-11 3.1488E-11 3.2743E-11 3.4040E-11 3.5379E-11 3.6761E-11 3.8188E-11 3.9661E-11 4.1180E-11 4.2746E-11 4.4361E-11 4.6025E-11 4.7740E-11 4.9507E-11 5.1326E-11 5.3198E-11 5.5125E-11 5.7108E-11 5.9146E-11 6.1243E-11 6.3398E-11 6.5612E-11 6.7886E-11 7.0222E-11 7.2620E-11 7.5081E-11 7.7605E-11 8.0195E-11 8.2850E-11 8.5571E-11 8.8360E-11 9.1217E-11 9.4142E-11 9.7137E-11 1.0020E-10 1.0334E-10 1.0654E-10 1.0982E-10 1.1317E-10 1.1660E-10 1.2009E-10 1.2366E-10 1.2731E-10 1.3103E-10 1.3482E-10 1.3869E-10 1.4264E-10 1.4665E-10 1.5075E-10 1.5492E-10 1.5916E-10 1.6348E-10 1.6787E-10 1.7234E-10 1.7688E-10 1.8150E-10
2.9183E-11 3.0361E-11 3.1579E-11 3.2838E-11 3.4139E-11 3.5482E-11 3.6868E-11 3.8300E-11 3.9777E-11 4.1300E-11 4.2872E-11 4.4492E-11 4.6161E-11 4.7882E-11 4.9654E-11 5.1478E-11 5.3357E-11 5.5290E-11 5.7279E-11 5.9324E-11 6.1427E-11 6.3589E-11 6.5810E-11 6.8092E-11 7.0435E-11 7.2840E-11 7.5309E-11 7.7842E-11 8.0440E-11 8.3104E-11 8.5834E-11 8.8632E-11 9.1498E-11 9.4433E-11 9.7437E-11 1.0051E-10 1.0366E-10 1.0687E-10 1.1016E-10 1.1353E-10 1.1696E-10 1.2047E-10 1.2405E-10 1.2771E-10 1.3144E-10 1.3525E-10 1.3913E-10 1.4309E-10 1.4712E-10 1.5123E-10 1.5541E-10 1.5967E-10 1.6400E-10 1.6841E-10 1.7289E-10 1.7745E-10 1.8208E-10
2.9260E-11 3.0441E-11 3.1663E-11 3.2925E-11 3.4229E-11 3.5576E-11 3.6967E-11 3.8402E-11 3.9884E-11 4.1412E-11 4.2987E-11 4.4612E-11 4.6286E-11 4.8012E-11 4.9789E-11 5.1619E-11 5.3502E-11 5.5441E-11 5.7436E-11 5.9487E-11 6.1596E-11 6.3765E-11 6.5992E-11 6.8281E-11 7.0631E-11 7.3044E-11 7.5520E-11 7.8060E-11 8.0666E-11 8.3338E-11 8.6076E-11 8.8882E-11 9.1757E-11 9.4701E-11 9.7714E-11 1.0080E-10 1.0395E-10 1.0718E-10 1.1048E-10 1.1385E-10 1.1730E-10 1.2082E-10 1.2441E-10 1.2808E-10 1.3182E-10 1.3564E-10 1.3953E-10 1.4350E-10 1.4755E-10 1.5167E-10 1.5587E-10 1.6014E-10 1.6448E-10 1.6891E-10 1.7340E-10 1.7798E-10 1.8262E-10
2.9330E-11 3.0514E-11 3.1739E-11 3.3004E-11 3.4312E-11 3.5662E-11 3.7057E-11 3.8496E-11 3.9981E-11 4.1513E-11 4.3093E-11 4.4722E-11 4.6400E-11 4.8130E-11 4.9912E-11 5.1747E-11 5.3636E-11 5.5580E-11 5.7580E-11 5.9636E-11 6.1751E-11 6.3925E-11 6.6159E-11 6.8454E-11 7.0810E-11 7.3230E-11 7.5713E-11 7.8260E-11 8.0873E-11 8.3552E-11 8.6298E-11 8.9112E-11 9.1994E-11 9.4946E-11 9.7968E-11 1.0106E-10 1.0423E-10 1.0746E-10 1.1077E-10 1.1415E-10 1.1761E-10 1.2114E-10 1.2474E-10 1.2842E-10 1.3217E-10 1.3600E-10 1.3991E-10 1.4389E-10 1.4794E-10 1.5208E-10 1.5628E-10 1.6057E-10 1.6493E-10 1.6936E-10 1.7387E-10 1.7846E-10 1.8402E-10
2.9392E-11 3.0580E-11 3.1807E-11 3.3076E-11 3.4386E-11 3.5740E-11 3.7137E-11 3.8580E-11 4.0068E-11 4.1604E-11 4.3188E-11 4.4821E-11 4.6503E-11 4.8237E-11 5.0023E-11 5.1863E-11 5.3756E-11 5.5705E-11 5.7710E-11 5.9771E-11 6.1891E-11 6.4071E-11 6.6310E-11 6.8610E-11 7.0973E-11 7.3398E-11 7.5887E-11 7.8441E-11 8.1060E-11 8.3746E-11 8.6499E-11 8.9320E-11 9.2210E-11 9.5169E-11 9.8199E-11 1.0130E-10 1.0447E-10 1.0772E-10 1.1103E-10 1.1442E-10 1.1789E-10 1.2143E-10 1.2504E-10 1.2873E-10 1.3249E-10 1.3633E-10 1.4025E-10 1.4424E-10 1.4830E-10 1.5245E-10 1.5667E-10 1.6096E-10 1.6533E-10 1.6978E-10 1.7430E-10 1.7890E-10 1.8583E-10
2.9448E-11 3.0638E-11 3.1868E-11 3.3139E-11 3.4452E-11 3.5809E-11 3.7209E-11 3.8655E-11 4.0146E-11 4.1685E-11 4.3272E-11 4.4909E-11 4.6595E-11 4.8333E-11 5.0123E-11 5.1966E-11 5.3863E-11 5.5816E-11 5.7826E-11 5.9892E-11 6.2017E-11 6.4201E-11 6.6445E-11 6.8750E-11 7.1118E-11 7.3549E-11 7.6043E-11 7.8603E-11 8.1228E-11 8.3920E-11 8.6679E-11 8.9507E-11 9.2403E-11 9.5369E-11 9.8406E-11 1.0151E-10 1.0469E-10 1.0794E-10 1.1127E-10 1.1467E-10 1.1814E-10 1.2169E-10 1.2531E-10 1.2901E-10 1.3278E-10 1.3663E-10 1.4055E-10 1.4455E-10 1.4863E-10 1.5278E-10 1.5701E-10 1.6131E-10 1.6570E-10 1.7015E-10 1.7469E-10 1.7930E-10 1.8757E-10
2.9496E-11 3.0688E-11 3.1921E-11 3.3194E-11 3.4510E-11 3.5869E-11 3.7272E-11 3.8720E-11 4.0215E-11 4.1756E-11 4.3346E-11 4.4986E-11 4.6675E-11 4.8417E-11 5.0210E-11 5.2057E-11 5.3958E-11 5.5914E-11 5.7927E-11 5.9998E-11 6.2127E-11 6.4315E-11 6.6564E-11 6.8874E-11 7.1246E-11 7.3682E-11 7.6181E-11 7.8746E-11 8.1377E-11 8.4074E-11 8.6838E-11 8.9672E-11 9.2574E-11 9.5546E-11 9.8589E-11 1.0170E-10 1.0489E-10 1.0815E-10 1.1148E-10 1.1488E-10 1.1836E-10 1.2192E-10 1.2555E-10 1.2925E-10 1.3303E-10 1.3689E-10 1.4082E-10 1.4483E-10 1.4891E-10 1.5308E-10 1.5732E-10 1.6163E-10 1.6602E-10 1.7049E-10 1.7503E-10 1.7965E-10 1.8920E-10
2.9538E-11 3.0732E-11 3.1966E-11 3.3241E-11 3.4559E-11 3.5920E-11 3.7326E-11 3.8776E-11 4.0273E-11 4.1817E-11 4.3410E-11 4.5052E-11 4.6745E-11 4.8488E-11 5.0285E-11 5.2135E-11 5.4039E-11 5.5999E-11 5.8015E-11 6.0089E-11 6.2222E-11 6.4414E-11 6.6667E-11 6.8981E-11 7.1357E-11 7.3797E-11 7.6301E-11 7.8870E-11 8.1505E-11 8.4207E-11 8.6976E-11 8.9815E-11 9.2722E-11 9.5700E-11 9.8748E-11 1.0187E-10 1.0506E-10 1.0832E-10 1.1166E-10 1.1507E-10 1.1856E-10 1.2212E-10 1.2576E-10 1.2947E-10 1.3325E-10 1.3712E-10 1.4106E-10 1.4507E-10 1.4917E-10 1.5334E-10 1.5758E-10 1.6191E-10 1.6631E-10 1.7078E-10 1.7533E-10 1.7996E-10 1.9019E-10
2.9572E-11 3.0767E-11 3.2003E-11 3.3280E-11 3.4600E-11 3.5963E-11 3.7370E-11 3.8823E-11 4.0322E-11 4.1868E-11 4.3463E-11 4.5107E-11 4.6802E-11 4.8549E-11 5.0348E-11 5.2200E-11 5.4107E-11 5.6070E-11 5.8089E-11 6.0166E-11 6.2302E-11 6.4497E-11 6.6753E-11 6.9070E-11 7.1450E-11 7.3894E-11 7.6401E-11 7.8974E-11 8.1614E-11 8.4320E-11 8.7093E-11 8.9936E-11 9.2848E-11 9.5830E-11 9.8883E-11 1.0201E-10 1.0520E-10 1.0847E-10 1.1182E-10 1.1523E-10 1.1873E-10 1.2229E-10 1.2593E-10 1.2965E-10 1.3344E-10 1.3731E-10 1.4126E-10 1.4528E-10 1.4938E-10 1.5356E-10 1.5781E-10 1.6214E-10 1.6655E-10 1.7103E-10 1.7559E-10 1.8023E-10 1.9060E-10
2.9599E-11 3.0796E-11 3.2033E-11 3.3311E-11 3.4632E-11 3.5997E-11 3.7406E-11 3.8860E-11 4.0361E-11 4.1909E-11 4.3505E-11 4.5152E-11 4.6848E-11 4.8597E-11 5.0398E-11 5.2253E-11 5.4162E-11 5.6127E-11 5.8149E-11 6.0228E-11 6.2366E-11 6.4564E-11 6.6823E-11 6.9143E-11 7.1526E-11 7.3973E-11 7.6484E-11 7.9060E-11 8.1702E-11 8.4412E-11 8.7189E-11 9.0035E-11 9.2951E-11 9.5937E-11 9.8994E-11 1.0212E-10 1.0532E-10 1.0860E-10 1.1194E-10 1.1537E-10 1.1886E-10 1.2243E-10 1.2608E-10 1.2980E-10 1.3360E-10 1.3748E-10 1.4143E-10 1.4546E-10 1.4956E-10 1.5374E-10 1.5800E-10 1.6234E-10 1.6675E-10 1.7124E-10 1.7581E-10 1.8045E-10 1.9093E-10
2.9618E-11 3.0816E-11 3.2054E-11 3.3334E-11 3.4656E-11 3.6022E-11 3.7432E-11 3.8887E-11 4.0389E-11 4.1939E-11 4.3537E-11 4.5185E-11 4.6883E-11 4.8633E-11 5.0436E-11 5.2292E-11 5.4203E-11 5.6170E-11 5.8194E-11 6.0276E-11 6.2416E-11 6.4616E-11 6.6877E-11 6.9199E-11 7.1585E-11 7.4033E-11 7.6547E-11 7.9126E-11 8.1771E-11 8.4483E-11 8.7264E-11 9.0112E-11 9.3031E-11 9.6020E-11 9.9080E-11 1.0221E-10 1.0542E-10 1.0869E-10 1.1205E-10 1.1547E-10 1.1897E-10 1.2255E-10 1.2620E-10 1.2992E-10 1.3373E-10 1.3760E-10 1.4156E-10 1.4559E-10 1.4970E-10 1.5389E-10 1.5815E-10 1.6250E-10 1.6691E-10 1.7141E-10 1.7598E-10 1.8099E-10 1.9121E-10
2.9631E-11 3.0829E-11 3.2068E-11 3.3349E-11 3.4672E-11 3.6038E-11 3.7449E-11 3.8905E-11 4.0408E-11 4.1959E-11 4.3558E-11 4.5207E-11 4.6906E-11 4.8658E-11 5.0462E-11 5.2319E-11 5.4232E-11 5.6200E-11 5.8225E-11 6.0308E-11 6.2450E-11 6.4652E-11 6.6914E-11 6.9238E-11 7.1625E-11 7.4076E-11 7.6591E-11 7.9172E-11 8.1819E-11 8.4534E-11 8.7316E-11 9.0168E-11 9.3089E-11 9.6080E-11 9.9143E-11 1.0228E-10 1.0548E-10 1.0876E-10 1.1212E-10 1.1555E-10 1.1905E-10 1.2263E-10 1.2628E-10 1.3001E-10 1.3382E-10 1.3770E-10 1.4166E-10 1.4570E-10 1.4981E-10 1.5400E-10 1.5827E-10 1.6261E-10 1.6704E-10 1.7153E-10 1.7611E-10 1.8141E-10 1.9141E-10
2.9636E-11 3.0835E-11 3.2074E-11 3.3355E-11 3.4679E-11 3.6045E-11 3.7457E-11 3.8914E-11 4.0418E-11 4.1969E-11 4.3568E-11 4.5218E-11 4.6918E-11 4.8670E-11 5.0475E-11 5.2333E-11 5.4247E-11 5.6216E-11 5.8242E-11 6.0326E-11 6.2469E-11 6.4671E-11 6.6935E-11 6.9260E-11 7.1649E-11 7.4101E-11 7.6617E-11 7.9199E-11 8.1848E-11 8.4564E-11 8.7348E-11 9.0200E-11 9.3123E-11 9.6116E-11 9.9181E-11 1.0232E-10 1.0553E-10 1.0881E-10 1.1216E-10 1.1559E-10 1.1910E-10 1.2268E-10 1.2633E-10 1.3007E-10 1.3388E-10 1.3776E-10 1.4172E-10 1.4576E-10 1.4988E-10 1.5407E-10 1.5834E-10 1.6269E-10 1.6712E-10 1.7162E-10 1.7620E-10 1.8166E-10 1.9155E-10
