Assets/Resources/2015_m01_d18_1000(utc+0800)_l00_csi_1hr_conc.grd
DSAA
         159         159
     -79.000      79.000
     -79.000      79.000
  0.6503E-11  0.1432E-05
[rows 25 to 49 of 159, columns 57 to 113 of 159]
2.6763E-10 2.7619E-10 2.8501E-10 2.9396E-10 3.0313E-10 3.1232E-10 3.2181E-10 3.3142E-10 3.4118E-10 3.5109E-10 3.6120E-10 3.7141E-10 3.8176E-10 3.9223E-10 4.0285E-10 4.1360E-10 4.2449E-10 4.3553E-10 4.4659E-10 4.5778E-10 4.6910E-10 4.8058E-10 4.9202E-10 5.0355E-10 5.1528E-10 5.2695E-10 5.3875E-10 5.5046E-10 5.6233E-10 5.7425E-10 5.8611E-10 5.9807E-10 6.0989E-10 6.2170E-10 6.3371E-10 6.4548E-10 6.5736E-10 6.6915E-10 6.8072E-10 6.9248E-10 7.0397E-10 7.1529E-10 7.2684E-10 7.3794E-10 7.4897E-10 7.6007E-10 7.7077E-10 7.8148E-10 7.9198E-10 8.0207E-10 8.1216E-10 8.2206E-10 8.3152E-10 8.4088E-10 8.5008E-10 8.5880E-10 8.6726E-10
2.7544E-10 2.8437E-10 2.9342E-10 3.0265E-10 3.1204E-10 3.2162E-10 3.3136E-10 3.4127E-10 3.5134E-10 3.6156E-10 3.7199E-10 3.8252E-10 3.9320E-10 4.0408E-10 4.1501E-10 4.2605E-10 4.3727E-10 4.4862E-10 4.6016E-10 4.7168E-10 4.8333E-10 4.9516E-10 5.0706E-10 5.1895E-10 5.3092E-10 5.4305E-10 5.5514E-10 5.6744E-10 5.7958E-10 5.9181E-10 6.0414E-10 6.1638E-10 6.2881E-10 6.4100E-10 6.5313E-10 6.6550E-10 6.7761E-10 6.8982E-10 7.0196E-10 7.1383E-10 7.2588E-10 7.3765E-10 7.4922E-10 7.6097E-10 7.7238E-10 7.8376E-10 7.9494E-10 8.0574E-10 8.1655E-10 8.2719E-10 8.3740E-10 8.4752E-10 8.5750E-10 8.6702E-10 8.7629E-10 8.8558E-10 8.9431E-10
2.8346E-10 2.9265E-10 3.0200E-10 3.1150E-10 3.2119E-10 3.3110E-10 3.4110E-10 3.5132E-10 3.6170E-10 3.7230E-10 3.8295E-10 3.9386E-10 4.0493E-10 4.1604E-10 4.2740E-10 4.3881E-10 4.5040E-10 4.6206E-10 4.7388E-10 4.8589E-10 4.9784E-10 5.1003E-10 5.2232E-10 5.3468E-10 5.4699E-10 5.5948E-10 5.7205E-10 5.8458E-10 5.9726E-10 6.0982E-10 6.2254E-10 6.3527E-10 6.4787E-10 6.6067E-10 6.7325E-10 6.8574E-10 6.9858E-10 7.1093E-10 7.2358E-10 7.3591E-10 7.4808E-10 7.6037E-10 7.7247E-10 7.8437E-10 7.9628E-10 8.0785E-10 8.1937E-10 8.3074E-10 8.4169E-10 8.5258E-10 8.6333E-10 8.7364E-10 8.8371E-10 8.9382E-10 9.0337E-10 9.1265E-10 9.2187E-10
2.9163E-10 3.0107E-10 3.1068E-10 3.2053E-10 3.3056E-10 3.4068E-10 3.5107E-10 3.6161E-10 3.7227E-10 3.8314E-10 3.9423E-10 4.0542E-10 4.1679E-10 4.2834E-10 4.3996E-10 4.5183E-10 4.6373E-10 4.7581E-10 4.8796E-10 5.0030E-10 5.1279E-10 5.2522E-10 5.3788E-10 5.5060E-10 5.6350E-10 5.7627E-10 5.8917E-10 6.0223E-10 6.1516E-10 6.2834E-10 6.4133E-10 6.5441E-10 6.6760E-10 6.8054E-10 6.9373E-10 7.0670E-10 7.1962E-10 7.3275E-10 7.4548E-10 7.5834E-10 7.7106E-10 7.8351E-10 7.9614E-10 8.0838E-10 8.2046E-10 8.3267E-10 8.4436E-10 8.5599E-10 8.6751E-10 8.7860E-10 8.8947E-10 9.0039E-10 9.1078E-10 9.2089E-10 9.3097E-10 9.4053E-10 9.4980E-10
2.9992E-10 3.0967E-10 3.1958E-10 3.2973E-10 3.4002E-10 3.5054E-10 3.6121E-10 3.7205E-10 3.8309E-10 3.9425E-10 4.0567E-10 4.1722E-10 4.2892E-10 4.4079E-10 4.5288E-10 4.6500E-10 4.7732E-10 4.8978E-10 5.0239E-10 5.1503E-10 5.2787E-10 5.4081E-10 5.5373E-10 5.6695E-10 5.8015E-10 5.9347E-10 6.0670E-10 6.2013E-10 6.3365E-10 6.4697E-10 6.6059E-10 6.7400E-10 6.8750E-10 7.0112E-10 7.1446E-10 7.2810E-10 7.4137E-10 7.5471E-10 7.6813E-10 7.8119E-10 7.9436E-10 8.0732E-10 8.2000E-10 8.3289E-10 8.4536E-10 8.5773E-10 8.7000E-10 8.8186E-10 8.9352E-10 9.0525E-10 9.1645E-10 9.2741E-10 9.3834E-10 9.4877E-10 9.5900E-10 9.6893E-10 9.7848E-10
3.0839E-10 3.1845E-10 3.2865E-10 3.3905E-10 3.4969E-10 3.6054E-10 3.7152E-10 3.8270E-10 3.9405E-10 4.0562E-10 4.1729E-10 4.2923E-10 4.4136E-10 4.5354E-10 4.6593E-10 4.7854E-10 4.9113E-10 5.0400E-10 5.1701E-10 5.3013E-10 5.4325E-10 5.5665E-10 5.7010E-10 5.8352E-10 5.9717E-10 6.1086E-10 6.2473E-10 6.3844E-10 6.5228E-10 6.6625E-10 6.8002E-10 6.9415E-10 7.0794E-10 7.2192E-10 7.3587E-10 7.4960E-10 7.6357E-10 7.7727E-10 7.9097E-10 8.0466E-10 8.1799E-10 8.3147E-10 8.4470E-10 8.5764E-10 8.7071E-10 8.8339E-10 8.9582E-10 9.0834E-10 9.2036E-10 9.3215E-10 9.4392E-10 9.5522E-10 9.6632E-10 9.7715E-10 9.8768E-10 9.9792E-10 1.0078E-09
3.1703E-10 3.2732E-10 3.3783E-10 3.4858E-10 3.5955E-10 3.7067E-10 3.8203E-10 3.9359E-10 4.0524E-10 4.1708E-10 4.2922E-10 4.4149E-10 4.5392E-10 4.6658E-10 4.7929E-10 4.9217E-10 5.0538E-10 5.1850E-10 5.3189E-10 5.4539E-10 5.5910E-10 5.7273E-10 5.8661E-10 6.0056E-10 6.1448E-10 6.2871E-10 6.4283E-10 6.5718E-10 6.7137E-10 6.8568E-10 7.0014E-10 7.1435E-10 7.2891E-10 7.4313E-10 7.5752E-10 7.7189E-10 7.8601E-10 8.0035E-10 8.1436E-10 8.2840E-10 8.4236E-10 8.5599E-10 8.6968E-10 8.8317E-10 8.9635E-10 9.0965E-10 9.2246E-10 9.3507E-10 9.4767E-10 9.5982E-10 9.7172E-10 9.8351E-10 9.9495E-10 1.0061E-09 1.0169E-09 1.0274E-09 1.0375E-09
3.2575E-10 3.3641E-10 3.4721E-10 3.5829E-10 3.6953E-10 3.8102E-10 3.9272E-10 4.0453E-10 4.1667E-10 4.2887E-10 4.4128E-10 4.5395E-10 4.6676E-10 4.7969E-10 4.9291E-10 5.0623E-10 5.1965E-10 5.3336E-10 5.4702E-10 5.6102E-10 5.7505E-10 5.8925E-10 6.0341E-10 6.1787E-10 6.3234E-10 6.4673E-10 6.6145E-10 6.7607E-10 6.9091E-10 7.0560E-10 7.2038E-10 7.3529E-10 7.4995E-10 7.6490E-10 7.7961E-10 7.9441E-10 8.0913E-10 8.2357E-10 8.3827E-10 8.5262E-10 8.6693E-10 8.8119E-10 8.9510E-10 9.0900E-10 9.2272E-10 9.3613E-10 9.4955E-10 9.6254E-10 9.7529E-10 9.8796E-10 1.0002E-09 1.0123E-09 1.0241E-09 1.0355E-09 1.0466E-09 1.0574E-09 1.0678E-09
3.3472E-10 3.4558E-10 3.5676E-10 3.6811E-10 3.7972E-10 3.9156E-10 4.0355E-10 4.1580E-10 4.2815E-10 4.4083E-10 4.5363E-10 4.6659E-10 4.7982E-10 4.9322E-10 5.0671E-10 5.2048E-10 5.3433E-10 5.4837E-10 5.6263E-10 5.7685E-10 5.9134E-10 6.0592E-10 6.2072E-10 6.3542E-10 6.5036E-10 6.6535E-10 6.8025E-10 6.9561E-10 7.1063E-10 7.2596E-10 7.4112E-10 7.5637E-10 7.7176E-10 7.8687E-10 8.0224E-10 8.1732E-10 8.3247E-10 8.4757E-10 8.6238E-10 8.7737E-10 8.9205E-10 9.0652E-10 9.2114E-10 9.3531E-10 9.4946E-10 9.6333E-10 9.7693E-10 9.9046E-10 1.0036E-09 1.0166E-09 1.0293E-09 1.0417E-09 1.0537E-09 1.0655E-09 1.0769E-09 1.0879E-09 1.0987E-09
3.4370E-10 3.5503E-10 3.6642E-10 3.7814E-10 3.9010E-10 4.0222E-10 4.1461E-10 4.2716E-10 4.4000E-10 4.5292E-10 4.6611E-10 4.7949E-10 4.9309E-10 5.0685E-10 5.2087E-10 5.3488E-10 5.4925E-10 5.6371E-10 5.7827E-10 5.9310E-10 6.0787E-10 6.2300E-10 6.3808E-10 6.5343E-10 6.6867E-10 6.8414E-10 6.9969E-10 7.1510E-10 7.3097E-10 7.4649E-10 7.6226E-10 7.7798E-10 7.9369E-10 8.0949E-10 8.2498E-10 8.4079E-10 8.5627E-10 8.7174E-10 8.8722E-10 9.0238E-10 9.1771E-10 9.3262E-10 9.4737E-10 9.6219E-10 9.7661E-10 9.9097E-10 1.0050E-09 1.0188E-09 1.0324E-09 1.0457E-09 1.0588E-09 1.0715E-09 1.0839E-09 1.0959E-09 1.1077E-09 1.1192E-09 1.1302E-09
3.5297E-10 3.6446E-10 3.7628E-10 3.8834E-10 4.0059E-10 4.1310E-10 4.2579E-10 4.3878E-10 4.5191E-10 4.6533E-10 4.7879E-10 4.9263E-10 5.0660E-10 5.2079E-10 5.3508E-10 5.4976E-10 5.6436E-10 5.7926E-10 5.9430E-10 6.0937E-10 6.2492E-10 6.4021E-10 6.5590E-10 6.7154E-10 6.8745E-10 7.0325E-10 7.1927E-10 7.3534E-10 7.5128E-10 7.6769E-10 7.8371E-10 7.9996E-10 8.1611E-10 8.3223E-10 8.4848E-10 8.6440E-10 8.8056E-10 8.9643E-10 9.1215E-10 9.2805E-10 9.4354E-10 9.5911E-10 9.7431E-10 9.8933E-10 1.0043E-09 1.0190E-09 1.0335E-09 1.0477E-09 1.0617E-09 1.0754E-09 1.0887E-09 1.1018E-09 1.1145E-09 1.1270E-09 1.1391E-09 1.1508E-09 1.1622E-09
3.6223E-10 3.7419E-10 3.8630E-10 3.9865E-10 4.1128E-10 4.2411E-10 4.3723E-10 4.5051E-10 4.6409E-10 4.7777E-10 4.9185E-10 5.0591E-10 5.2031E-10 5.3488E-10 5.4973E-10 5.6463E-10 5.7986E-10 5.9506E-10 6.1062E-10 6.2625E-10 6.4186E-10 6.5799E-10 6.7386E-10 6.9020E-10 7.0635E-10 7.2282E-10 7.3918E-10 7.5573E-10 7.7237E-10 7.8883E-10 8.0569E-10 8.2216E-10 8.3891E-10 8.5552E-10 8.7210E-10 8.8872E-10 9.0506E-10 9.2163E-10 9.3781E-10 9.5388E-10 9.7005E-10 9.8585E-10 1.0016E-09 1.0171E-09 1.0325E-09 1.0476E-09 1.0625E-09 1.0771E-09 1.0914E-09 1.1055E-09 1.1192E-09 1.1327E-09 1.1458E-09 1.1586E-09 1.1710E-09 1.1831E-09 1.1947E-09
3.7172E-10 3.8397E-10 3.9642E-10 4.0916E-10 4.2210E-10 4.3535E-10 4.4877E-10 4.6249E-10 4.7634E-10 4.9059E-10 5.0483E-10 5.1948E-10 5.3420E-10 5.4928E-10 5.6447E-10 5.7989E-10 5.9540E-10 6.1130E-10 6.2711E-10 6.4323E-10 6.5946E-10 6.7567E-10 6.9241E-10 7.0887E-10 7.2579E-10 7.4247E-10 7.5949E-10 7.7648E-10 7.9359E-10 8.1070E-10 8.2763E-10 8.4501E-10 8.6197E-10 8.7913E-10 8.9621E-10 9.1309E-10 9.3021E-10 9.4696E-10 9.6383E-10 9.8037E-10 9.9678E-10 1.0132E-09 1.0294E-09 1.0454E-09 1.0611E-09 1.0766E-09 1.0919E-09 1.1069E-09 1.1216E-09 1.1361E-09 1.1503E-09 1.1641E-09 1.1776E-09 1.1907E-09 1.2035E-09 1.2159E-09 1.2278E-09
3.8135E-10 3.9389E-10 4.0673E-10 4.1977E-10 4.3314E-10 4.4668E-10 4.6055E-10 4.7454E-10 4.8895E-10 5.0341E-10 5.1825E-10 5.3312E-10 5.4841E-10 5.6381E-10 5.7947E-10 5.9528E-10 6.1140E-10 6.2748E-10 6.4401E-10 6.6044E-10 6.7710E-10 6.9404E-10 7.1085E-10 7.2819E-10 7.4525E-10 7.6277E-10 7.8002E-10 7.9762E-10 8.1511E-10 8.3270E-10 8.5036E-10 8.6781E-10 8.8562E-10 9.0307E-10 9.2064E-10 9.3816E-10 9.5547E-10 9.7293E-10 9.9006E-10 1.0072E-09 1.0241E-09 1.0409E-09 1.0575E-09 1.0740E-09 1.0902E-09 1.1061E-09 1.1218E-09 1.1372E-09 1.1524E-09 1.1673E-09 1.1818E-09 1.1960E-09 1.2099E-09 1.2234E-09 1.2365E-09 1.2492E-09 1.2615E-09
3.9107E-10 4.0399E-10 4.1713E-10 4.3060E-10 4.4426E-10 4.5825E-10 4.7237E-10 4.8693E-10 5.0156E-10 5.1656E-10 5.3166E-10 5.4721E-10 5.6272E-10 5.7860E-10 5.9465E-10 6.1102E-10 6.2737E-10 6.4417E-10 6.6090E-10 6.7799E-10 6.9513E-10 7.1242E-10 7.2998E-10 7.4741E-10 7.6537E-10 7.8303E-10 8.0106E-10 8.1892E-10 8.3704E-10 8.5508E-10 8.7315E-10 8.9133E-10 9.0929E-10 9.2754E-10 9.4546E-10 9.6348E-10 9.8136E-10 9.9908E-10 1.0169E-09 1.0344E-09 1.0519E-09 1.0691E-09 1.0862E-09 1.1030E-09 1.1196E-09 1.1360E-09 1.1522E-09 1.1681E-09 1.1836E-09 1.1989E-09 1.2138E-09 1.2284E-09 1.2426E-09 1.2565E-09 1.2700E-09 1.2830E-09 1.2957E-09
4.0096E-10 4.1418E-10 4.2774E-10 4.4150E-10 4.5560E-10 4.6985E-10 4.8455E-10 4.9932E-10 5.1448E-10 5.2975E-10 5.4548E-10 5.6119E-10 5.7733E-10 5.9355E-10 6.1016E-10 6.2681E-10 6.4384E-10 6.6084E-10 6.7829E-10 6.9569E-10 7.1342E-10 7.3120E-10 7.4906E-10 7.6733E-10 7.8538E-10 8.0390E-10 8.2211E-10 8.4074E-10 8.5917E-10 8.7779E-10 8.9638E-10 9.1485E-10 9.3362E-10 9.5208E-10 9.7073E-10 9.8911E-10 1.0076E-09 1.0258E-09 1.0440E-09 1.0620E-09 1.0800E-09 1.0977E-09 1.1152E-09 1.1325E-09 1.1495E-09 1.1664E-09 1.1830E-09 1.1993E-09 1.2153E-09 1.2310E-09 1.2463E-09 1.2613E-09 1.2759E-09 1.2902E-09 1.3040E-09 1.3174E-09 1.3304E-09
4.1093E-10 4.2457E-10 4.3842E-10 4.5262E-10 4.6698E-10 4.8179E-10 4.9670E-10 5.1201E-10 5.2743E-10 5.4333E-10 5.5922E-10 5.7561E-10 5.9199E-10 6.0882E-10 6.2572E-10 6.4299E-10 6.6032E-10 6.7800E-10 6.9570E-10 7.1381E-10 7.3186E-10 7.5019E-10 7.6870E-10 7.8719E-10 8.0604E-10 8.2466E-10 8.4380E-10 8.6261E-10 8.8176E-10 9.0076E-10 9.1988E-10 9.3901E-10 9.5800E-10 9.7720E-10 9.9615E-10 1.0152E-09 1.0341E-09 1.0529E-09 1.0715E-09 1.0901E-09 1.1084E-09 1.1266E-09 1.1446E-09 1.1624E-09 1.1800E-09 1.1973E-09 1.2143E-09 1.2310E-09 1.2474E-09 1.2635E-09 1.2793E-09 1.2947E-09 1.3097E-09 1.3243E-09 1.3385E-09 1.3523E-09 1.3656E-09
4.2109E-10 4.3501E-10 4.4930E-10 4.6375E-10 4.7868E-10 4.9370E-10 5.0914E-10 5.2471E-10 5.4076E-10 5.5682E-10 5.7340E-10 5.8997E-10 6.0706E-10 6.2413E-10 6.4164E-10 6.5922E-10 6.7725E-10 6.9521E-10 7.1357E-10 7.3194E-10 7.5067E-10 7.6946E-10 7.8845E-10 8.0756E-10 8.2664E-10 8.4613E-10 8.6538E-10 8.8506E-10 9.0446E-10 9.2413E-10 9.4370E-10 9.6336E-10 9.8296E-10 1.0025E-09 1.0221E-09 1.0416E-09 1.0610E-09 1.0803E-09 1.0994E-09 1.1184E-09 1.1373E-09 1.1559E-09 1.1745E-09 1.1927E-09 1.2107E-09 1.2285E-09 1.2460E-09 1.2632E-09 1.2800E-09 1.2966E-09 1.3127E-09 1.3285E-09 1.3439E-09 1.3589E-09 1.3735E-09 1.3876E-09 1.4013E-09
4.3129E-10 4.4565E-10 4.6019E-10 4.7520E-10 4.9033E-10 5.0588E-10 5.2159E-10 5.3778E-10 5.5399E-10 5.7073E-10 5.8749E-10 6.0483E-10 6.2205E-10 6.3979E-10 6.5761E-10 6.7589E-10 6.9412E-10 7.1277E-10 7.3144E-10 7.5049E-10 7.6962E-10 7.8903E-10 8.0844E-10 8.2798E-10 8.4781E-10 8.6747E-10 8.8759E-10 9.0745E-10 9.2768E-10 9.4767E-10 9.6785E-10 9.8797E-10 1.0081E-09 1.0282E-09 1.0483E-09 1.0683E-09 1.0882E-09 1.1080E-09 1.1276E-09 1.1471E-09 1.1666E-09 1.1857E-09 1.2047E-09 1.2234E-09 1.2419E-09 1.2602E-09 1.2781E-09 1.2958E-09 1.3131E-09 1.3300E-09 1.3466E-09 1.3628E-09 1.3787E-09 1.3940E-09 1.4090E-09 1.4235E-09 1.4375E-09
4.4162E-10 4.5628E-10 4.7132E-10 4.8659E-10 5.0225E-10 5.1807E-10 5.3439E-10 5.5074E-10 5.6763E-10 5.8455E-10 6.0202E-10 6.1949E-10 6.3744E-10 6.5548E-10 6.7400E-10 6.9248E-10 7.1140E-10 7.3041E-10 7.4971E-10 7.6916E-10 7.8891E-10 8.0868E-10 8.2865E-10 8.4881E-10 8.6902E-10 8.8944E-10 9.0974E-10 9.3043E-10 9.5090E-10 9.7166E-10 9.9223E-10 1.0130E-09 1.0336E-09 1.0542E-09 1.0748E-09 1.0954E-09 1.1158E-09 1.1361E-09 1.1562E-09 1.1763E-09 1.1962E-09 1.2159E-09 1.2353E-09 1.2546E-09 1.2735E-09 1.2923E-09 1.3107E-09 1.3288E-09 1.3465E-09 1.3639E-09 1.3810E-09 1.3976E-09 1.4138E-09 1.4296E-09 1.4449E-09 1.4597E-09 1.4741E-09
4.5200E-10 4.6710E-10 4.8245E-10 4.9814E-10 5.1411E-10 5.3054E-10 5.4707E-10 5.6404E-10 5.8116E-10 5.9874E-10 6.1644E-10 6.3458E-10 6.5283E-10 6.7157E-10 6.9029E-10 7.0954E-10 7.2875E-10 7.4834E-10 7.6809E-10 7.8816E-10 8.0827E-10 8.2861E-10 8.4914E-10 8.6974E-10 8.9057E-10 9.1131E-10 9.3245E-10 9.5339E-10 9.7463E-10 9.9571E-10 1.0170E-09 1.0382E-09 1.0594E-09 1.0805E-09 1.1017E-09 1.1227E-09 1.1436E-09 1.1645E-09 1.1852E-09 1.2058E-09 1.2262E-09 1.2464E-09 1.2663E-09 1.2861E-09 1.3055E-09 1.3247E-09 1.3436E-09 1.3622E-09 1.3804E-09 1.3983E-09 1.4157E-09 1.4328E-09 1.4494E-09 1.4656E-09 1.4813E-09 1.4965E-09 1.5112E-09
4.6260E-10 4.7801E-10 4.9377E-10 5.0983E-10 5.2629E-10 5.4298E-10 5.6003E-10 5.7733E-10 5.9506E-10 6.1292E-10 6.3123E-10 6.4967E-10 6.6855E-10 6.8756E-10 7.0697E-10 7.2651E-10 7.4637E-10 7.6646E-10 7.8679E-10 8.0722E-10 8.2790E-10 8.4879E-10 8.6977E-10 8.9100E-10 9.1215E-10 9.3373E-10 9.5513E-10 9.7684E-10 9.9842E-10 1.0202E-09 1.0420E-09 1.0637E-09 1.0855E-09 1.1072E-09 1.1288E-09 1.1503E-09 1.1718E-09 1.1933E-09 1.2145E-09 1.2356E-09 1.2565E-09 1.2772E-09 1.2977E-09 1.3179E-09 1.3379E-09 1.3576E-09 1.3770E-09 1.3960E-09 1.4147E-09 1.4330E-09 1.4509E-09 1.4684E-09 1.4854E-09 1.5020E-09 1.5180E-09 1.5336E-09 1.5487E-09
4.7318E-10 4.8905E-10 5.0512E-10 5.2171E-10 5.3849E-10 5.5564E-10 5.7306E-10 5.9092E-10 6.0892E-10 6.2740E-10 6.4601E-10 6.6507E-10 6.8429E-10 7.0392E-10 7.2369E-10 7.4381E-10 7.6417E-10 7.8478E-10 8.0552E-10 8.2652E-10 8.4776E-10 8.6910E-10 8.9071E-10 9.1226E-10 9.3426E-10 9.5610E-10 9.7828E-10 1.0003E-09 1.0226E-09 1.0449E-09 1.0672E-09 1.0895E-09 1.1118E-09 1.1340E-09 1.1562E-09 1.1784E-09 1.2004E-09 1.2223E-09 1.2441E-09 1.2657E-09 1.2872E-09 1.3084E-09 1.3294E-09 1.3502E-09 1.3706E-09 1.3908E-09 1.4107E-09 1.4302E-09 1.4494E-09 1.4681E-09 1.4864E-09 1.5043E-09 1.5218E-09 1.5388E-09 1.5552E-09 1.5712E-09 1.5866E-09
4.8384E-10 5.0010E-10 5.1669E-10 5.3356E-10 5.5084E-10 5.6832E-10 5.8633E-10 6.0447E-10 6.2308E-10 6.4184E-10 6.6108E-10 6.8048E-10 7.0032E-10 7.2030E-10 7.4065E-10 7.6127E-10 7.8215E-10 8.0317E-10 8.2448E-10 8.4605E-10 8.6773E-10 8.8970E-10 9.1164E-10 9.3404E-10 9.5630E-10 9.7892E-10 1.0014E-09 1.0242E-09 1.0470E-09 1.0698E-09 1.0927E-09 1.1155E-09 1.1383E-09 1.1611E-09 1.1839E-09 1.2066E-09 1.2292E-09 1.2517E-09 1.2740E-09 1.2962E-09 1.3181E-09 1.3399E-09 1.3614E-09 1.3827E-09 1.4037E-09 1.4244E-09 1.4448E-09 1.4648E-09 1.4844E-09 1.5036E-09 1.5224E-09 1.5407E-09 1.5586E-09 1.5759E-09 1.5928E-09 1.6091E-09 1.6249E-09
4.9472E-10 5.1123E-10 5.2829E-10 5.4551E-10 5.6320E-10 5.8125E-10 5.9950E-10 6.1829E-10 6.3714E-10 6.5658E-10 6.7609E-10 6.9616E-10 7.1630E-10 7.3691E-10 7.5771E-10 7.7889E-10 8.0018E-10 8.2178E-10 8.4365E-10 8.6566E-10 8.8798E-10 9.1028E-10 9.3306E-10 9.5573E-10 9.7877E-10 1.0017E-09 1.0250E-09 1.0482E-09 1.0716E-09 1.0950E-09 1.1184E-09 1.1417E-09 1.1651E-09 1.1886E-09 1.2119E-09 1.2351E-09 1.2583E-09 1.2813E-09 1.3042E-09 1.3269E-09 1.3494E-09 1.3717E-09 1.3938E-09 1.4156E-09 1.4371E-09 1.4583E-09 1.4792E-09 1.4996E-09 1.5197E-09 1.5394E-09 1.5586E-09 1.5774E-09 1.5957E-09 1.6134E-09 1.6307E-09 1.6474E-09 1.6635E-09
