Assets/Resources/2015_m01_d08_0900(utc+0800)_l00_csi_1hr_conc.grd
DSAA
         159         159
     -79.000      79.000
     -79.000      79.000
  0.5229E-10  0.1163E-04
[rows 25 to 49 of 159, columns 57 to 113 of 159]
3.7433E-09 3.8616E-09 3.9807E-09 4.1008E-09 4.2215E-09 4.3424E-09 4.4633E-09 4.5828E-09 4.7019E-09 4.8203E-09 4.9378E-09 5.0541E-09 5.2400E-09 5.3849E-09 5.5074E-09 5.6286E-09 5.7485E-09 5.8668E-09 5.9833E-09 6.0978E-09 6.2377E-09 6.4319E-09 6.5507E-09 6.6676E-09 6.7822E-09 6.8943E-09 7.0037E-09 7.1103E-09 7.2137E-09 7.3138E-09 7.4101E-09 7.5026E-09 7.5908E-09 7.6747E-09 7.7537E-09 7.8322E-09 7.9077E-09 7.9761E-09 8.1097E-09 8.2031E-09 8.2919E-09 8.3428E-09 8.3870E-09 8.4241E-09 8.4538E-09 8.4758E-09 8.4899E-09 8.5081E-09 8.5225E-09 8.5217E-09 8.5087E-09 8.4823E-09 8.4467E-09 8.4022E-09 8.3486E-09 8.2862E-09 8.2151E-09
3.7900E-09 3.9076E-09 4.0282E-09 4.1484E-09 4.2690E-09 4.3887E-09 4.5096E-09 4.6290E-09 4.7479E-09 4.8661E-09 4.9834E-09 5.1703E-09 5.3170E-09 5.4414E-09 5.5650E-09 5.6874E-09 5.8085E-09 5.9282E-09 6.0461E-09 6.2168E-09 6.3908E-09 6.5148E-09 6.6373E-09 6.7579E-09 6.8765E-09 6.9929E-09 7.1068E-09 7.2181E-09 7.3264E-09 7.4315E-09 7.5331E-09 7.6310E-09 7.7249E-09 7.8162E-09 7.9083E-09 7.9946E-09 8.1463E-09 8.2590E-09 8.3683E-09 8.4398E-09 8.5051E-09 8.5638E-09 8.6155E-09 8.6598E-09 8.6965E-09 8.7368E-09 8.7872E-09 8.8051E-09 8.8104E-09 8.8066E-09 8.7957E-09 8.7797E-09 8.7542E-09 8.7183E-09 8.6719E-09 8.6150E-09 8.5478E-09
3.8321E-09 3.9518E-09 4.0714E-09 4.1915E-09 4.3108E-09 4.4315E-09 4.5509E-09 4.6700E-09 4.7887E-09 4.9065E-09 5.0939E-09 5.2419E-09 5.3679E-09 5.4932E-09 5.6178E-09 5.7414E-09 5.8638E-09 5.9849E-09 6.1851E-09 6.3388E-09 6.4676E-09 6.5952E-09 6.7215E-09 6.8463E-09 6.9693E-09 7.0903E-09 7.2092E-09 7.3256E-09 7.4393E-09 7.5500E-09 7.6574E-09 7.7613E-09 7.8671E-09 7.9705E-09 8.1391E-09 8.2698E-09 8.3985E-09 8.4901E-09 8.5763E-09 8.6566E-09 8.7307E-09 8.7981E-09 8.8583E-09 8.9255E-09 9.0032E-09 9.0426E-09 9.0731E-09 9.0993E-09 9.1265E-09 9.1384E-09 9.1396E-09 9.1285E-09 9.1030E-09 9.0650E-09 9.0162E-09 8.9567E-09 8.8866E-09
3.8723E-09 3.9897E-09 4.1091E-09 4.2289E-09 4.3491E-09 4.4683E-09 4.5873E-09 4.7060E-09 4.8242E-09 4.9891E-09 5.1601E-09 5.2873E-09 5.4141E-09 5.5404E-09 5.6661E-09 5.7909E-09 5.9147E-09 6.1185E-09 6.2764E-09 6.4095E-09 6.5419E-09 6.6734E-09 6.8039E-09 6.9331E-09 7.0610E-09 7.1871E-09 7.3113E-09 7.4333E-09 7.5529E-09 7.6697E-09 7.7847E-09 7.9033E-09 8.0539E-09 8.2350E-09 8.3814E-09 8.4921E-09 8.5984E-09 8.6999E-09 8.7960E-09 8.8863E-09 8.9703E-09 9.0543E-09 9.1664E-09 9.2320E-09 9.2892E-09 9.3473E-09 9.4130E-09 9.4532E-09 9.4770E-09 9.4881E-09 9.4881E-09 9.4769E-09 9.4541E-09 9.4197E-09 9.3735E-09 9.3156E-09 9.2460E-09
3.9064E-09 4.0247E-09 4.1437E-09 4.2631E-09 4.3817E-09 4.5004E-09 4.6189E-09 4.7371E-09 4.8784E-09 5.0724E-09 5.2003E-09 5.3282E-09 5.4559E-09 5.5832E-09 5.7100E-09 5.8360E-09 6.0426E-09 6.2041E-09 6.3409E-09 6.4776E-09 6.6139E-09 6.7497E-09 6.8847E-09 7.0189E-09 7.1519E-09 7.2835E-09 7.4135E-09 7.5417E-09 7.6676E-09 7.7950E-09 7.9244E-09 8.1218E-09 8.3171E-09 8.4454E-09 8.5706E-09 8.6921E-09 8.8093E-09 8.9218E-09 9.0289E-09 9.1373E-09 9.2553E-09 9.3672E-09 9.4518E-09 9.5346E-09 9.6435E-09 9.7078E-09 9.7598E-09 9.8013E-09 9.8318E-09 9.8509E-09 9.8581E-09 9.8530E-09 9.9008E-09 9.8729E-09 9.9012E-09 9.8593E-09 9.8079E-09
3.9377E-09 4.0555E-09 4.1740E-09 4.2918E-09 4.4098E-09 4.5279E-09 4.6457E-09 4.7633E-09 4.9793E-09 5.1077E-09 5.2363E-09 5.3649E-09 5.4934E-09 5.6217E-09 5.7497E-09 5.9581E-09 6.1224E-09 6.2626E-09 6.4030E-09 6.5436E-09 6.6841E-09 6.8244E-09 6.9644E-09 7.1038E-09 7.2424E-09 7.3801E-09 7.5164E-09 7.6512E-09 7.7902E-09 7.9663E-09 8.1750E-09 8.3514E-09 8.4934E-09 8.6330E-09 8.7696E-09 8.9029E-09 9.0321E-09 9.1567E-09 9.2836E-09 9.4222E-09 9.5558E-09 9.6679E-09 9.8097E-09 9.9024E-09 9.9859E-09 1.0060E-08 1.0123E-08 1.0175E-08 1.0282E-08 1.0377E-08 1.0400E-08 1.0469E-08 1.0466E-08 1.0568E-08 1.0542E-08 1.0497E-08 1.0436E-08
3.9651E-09 4.0824E-09 4.1991E-09 4.3162E-09 4.4335E-09 4.5509E-09 4.6680E-09 4.8817E-09 5.0100E-09 5.1389E-09 5.2680E-09 5.3974E-09 5.5269E-09 5.6563E-09 5.8655E-09 6.0321E-09 6.1750E-09 6.3187E-09 6.4629E-09 6.6077E-09 6.7527E-09 6.8980E-09 7.0433E-09 7.1884E-09 7.3331E-09 7.4772E-09 7.6206E-09 7.7701E-09 7.9566E-09 8.2123E-09 8.3689E-09 8.5244E-09 8.6784E-09 8.8303E-09 8.9796E-09 9.1257E-09 9.2681E-09 9.4061E-09 9.5573E-09 9.7253E-09 9.8871E-09 1.0032E-08 1.0148E-08 1.0255E-08 1.0352E-08 1.0507E-08 1.0652E-08 1.0786E-08 1.0908E-08 1.0972E-08 1.1024E-08 1.1091E-08 1.1166E-08 1.1170E-08 1.1153E-08 1.1113E-08 1.1055E-08
3.9875E-09 4.1041E-09 4.2201E-09 4.3364E-09 4.4530E-09 4.5695E-09 4.7801E-09 4.9081E-09 5.0368E-09 5.1661E-09 5.2959E-09 5.4260E-09 5.5564E-09 5.7142E-09 5.9339E-09 6.0790E-09 6.2253E-09 6.3727E-09 6.5211E-09 6.6703E-09 6.8202E-09 6.9708E-09 7.1217E-09 7.2729E-09 7.4241E-09 7.5758E-09 7.7346E-09 7.9668E-09 8.2005E-09 8.3692E-09 8.5387E-09 8.7081E-09 8.8764E-09 9.0429E-09 9.2070E-09 9.3682E-09 9.5256E-09 9.6785E-09 9.8785E-09 1.0092E-08 1.0244E-08 1.0386E-08 1.0524E-08 1.0794E-08 1.0993E-08 1.1193E-08 1.1331E-08 1.1452E-08 1.1556E-08 1.1643E-08 1.1712E-08 1.1829E-08 1.1869E-08 1.1889E-08 1.1841E-08 1.1777E-08 1.1700E-08
4.0075E-09 4.1221E-09 4.2371E-09 4.3525E-09 4.4681E-09 4.6514E-09 4.8025E-09 4.9308E-09 5.0599E-09 5.1897E-09 5.3201E-09 5.4511E-09 5.5824E-09 5.8284E-09 5.9752E-09 6.1235E-09 6.2734E-09 6.4248E-09 6.5775E-09 6.7315E-09 6.8867E-09 7.0429E-09 7.2000E-09 7.3577E-09 7.5168E-09 7.6840E-09 7.9614E-09 8.1786E-09 8.3663E-09 8.5546E-09 8.7448E-09 8.9378E-09 9.1281E-09 9.3148E-09 9.4984E-09 9.6786E-09 9.8725E-09 1.0091E-08 1.0291E-08 1.0493E-08 1.0679E-08 1.0999E-08 1.1268E-08 1.1529E-08 1.1724E-08 1.1962E-08 1.2228E-08 1.2362E-08 1.2476E-08 1.2578E-08 1.2662E-08 1.2730E-08 1.2782E-08 1.2812E-08 1.2817E-08 1.2789E-08 1.2735E-08
4.0226E-09 4.1363E-09 4.2505E-09 4.3649E-09 4.4796E-09 4.6938E-09 4.8213E-09 4.9497E-09 5.0792E-09 5.2095E-09 5.3407E-09 5.4725E-09 5.7166E-09 5.8644E-09 6.0143E-09 6.1660E-09 6.3197E-09 6.4753E-09 6.6326E-09 6.7917E-09 6.9524E-09 7.1147E-09 7.2783E-09 7.4445E-09 7.6257E-09 7.9213E-09 8.1534E-09 8.3586E-09 8.5639E-09 8.7692E-09 8.9785E-09 9.1895E-09 9.3969E-09 9.6032E-09 9.8275E-09 1.0069E-08 1.0274E-08 1.0497E-08 1.0757E-08 1.1144E-08 1.1496E-08 1.1838E-08 1.2146E-08 1.2466E-08 1.2676E-08 1.2868E-08 1.3044E-08 1.3197E-08 1.3324E-08 1.3414E-08 1.3484E-08 1.3552E-08 1.3618E-08 1.3662E-08 1.3679E-08 1.3656E-08 1.3683E-08
4.0341E-09 4.1468E-09 4.2600E-09 4.3734E-09 4.5828E-09 4.7092E-09 4.8367E-09 4.9655E-09 5.0953E-09 5.2261E-09 5.3579E-09 5.5989E-09 5.7472E-09 5.8980E-09 6.0511E-09 6.2065E-09 6.3643E-09 6.5243E-09 6.6867E-09 6.8512E-09 7.0178E-09 7.1885E-09 7.3696E-09 7.5624E-09 7.9038E-09 8.1169E-09 8.3320E-09 8.5534E-09 8.7770E-09 9.0011E-09 9.2305E-09 9.4610E-09 9.6955E-09 9.9662E-09 1.0207E-08 1.0451E-08 1.0733E-08 1.1131E-08 1.1589E-08 1.1979E-08 1.2332E-08 1.2719E-08 1.3003E-08 1.3266E-08 1.3513E-08 1.3741E-08 1.3949E-08 1.4136E-08 1.4300E-08 1.4439E-08 1.4547E-08 1.4674E-08 1.4705E-08 1.4809E-08 1.4839E-08 1.4907E-08 1.4871E-08
4.0424E-09 4.1539E-09 4.2659E-09 4.4232E-09 4.5947E-09 4.7210E-09 4.8487E-09 4.9777E-09 5.1080E-09 5.2394E-09 5.4493E-09 5.6249E-09 5.7759E-09 5.9296E-09 6.0860E-09 6.2452E-09 6.4072E-09 6.5720E-09 6.7396E-09 6.9121E-09 7.0963E-09 7.2858E-09 7.4875E-09 7.8383E-09 8.0615E-09 8.2916E-09 8.5243E-09 8.7633E-09 9.0075E-09 9.2525E-09 9.5047E-09 9.7835E-09 1.0064E-08 1.0324E-08 1.0637E-08 1.1006E-08 1.1515E-08 1.2049E-08 1.2489E-08 1.2834E-08 1.3175E-08 1.3505E-08 1.3825E-08 1.4124E-08 1.4403E-08 1.4663E-08 1.4905E-08 1.5125E-08 1.5403E-08 1.5656E-08 1.5881E-08 1.6008E-08 1.6187E-08 1.6213E-08 1.6202E-08 1.6163E-08 1.6118E-08
4.0472E-09 4.1577E-09 4.2685E-09 4.4789E-09 4.6037E-09 4.7300E-09 4.8577E-09 4.9869E-09 5.1174E-09 5.2494E-09 5.4977E-09 5.6484E-09 5.8022E-09 5.9591E-09 6.1192E-09 6.2825E-09 6.4490E-09 6.6200E-09 6.8027E-09 6.9945E-09 7.1901E-09 7.3971E-09 7.7569E-09 7.9912E-09 8.2314E-09 8.4794E-09 8.7324E-09 8.9920E-09 9.2608E-09 9.5424E-09 9.8415E-09 1.0134E-08 1.0447E-08 1.0836E-08 1.1327E-08 1.1998E-08 1.2458E-08 1.2847E-08 1.3226E-08 1.3603E-08 1.3981E-08 1.4380E-08 1.4754E-08 1.5105E-08 1.5429E-08 1.5732E-08 1.6100E-08 1.6450E-08 1.6775E-08 1.7073E-08 1.7268E-08 1.7427E-08 1.7564E-08 1.7662E-08 1.7696E-08 1.7654E-08 1.7559E-08
4.0488E-09 4.1581E-09 4.3379E-09 4.4849E-09 4.6096E-09 4.7358E-09 4.8637E-09 4.9932E-09 5.1242E-09 5.3667E-09 5.5166E-09 5.6698E-09 5.8264E-09 5.9867E-09 6.1506E-09 6.3183E-09 6.4947E-09 6.6857E-09 6.8812E-09 7.0829E-09 7.2937E-09 7.6271E-09 7.9041E-09 8.1556E-09 8.4148E-09 8.6830E-09 8.9619E-09 9.2476E-09 9.5482E-09 9.8697E-09 1.0200E-08 1.0599E-08 1.1091E-08 1.1684E-08 1.2315E-08 1.2747E-08 1.3170E-08 1.3592E-08 1.4015E-08 1.4494E-08 1.4921E-08 1.5345E-08 1.5765E-08 1.6170E-08 1.6867E-08 1.7316E-08 1.7744E-08 1.8078E-08 1.8380E-08 1.8649E-08 1.8881E-08 1.9073E-08 1.9238E-08 1.9356E-08 1.9421E-08 1.9418E-08 1.9351E-08
4.0476E-09 4.1556E-09 4.3654E-09 4.4880E-09 4.6125E-09 4.7387E-09 4.8668E-09 4.9965E-09 5.1794E-09 5.3812E-09 5.5334E-09 5.6894E-09 5.8491E-09 6.0128E-09 6.1820E-09 6.3642E-09 6.5584E-09 6.7566E-09 6.9643E-09 7.1785E-09 7.4098E-09 7.8015E-09 8.0628E-09 8.3354E-09 8.6205E-09 8.9148E-09 9.2170E-09 9.5404E-09 9.8882E-09 1.0269E-08 1.0737E-08 1.1293E-08 1.1875E-08 1.2548E-08 1.3045E-08 1.3544E-08 1.4079E-08 1.4615E-08 1.5107E-08 1.5594E-08 1.6077E-08 1.6559E-08 1.7122E-08 1.7763E-08 1.8314E-08 1.8765E-08 1.9183E-08 1.9570E-08 1.9923E-08 2.0237E-08 2.0510E-08 2.0736E-08 2.0930E-08 2.1075E-08 2.1171E-08 2.1203E-08 2.1168E-08
4.0434E-09 4.2456E-09 4.3662E-09 4.4887E-09 4.6130E-09 4.7392E-09 4.8673E-09 4.9972E-09 5.2429E-09 5.3935E-09 5.5481E-09 5.7069E-09 5.8699E-09 6.0405E-09 6.2276E-09 6.4239E-09 6.6268E-09 6.8388E-09 7.0574E-09 7.2949E-09 7.6918E-09 7.9644E-09 8.2495E-09 8.5492E-09 8.8571E-09 9.1782E-09 9.5210E-09 9.8923E-09 1.0323E-08 1.0863E-08 1.1449E-08 1.2150E-08 1.2794E-08 1.3335E-08 1.3900E-08 1.4472E-08 1.5020E-08 1.5572E-08 1.6125E-08 1.6675E-08 1.7220E-08 1.7935E-08 1.8655E-08 1.9231E-08 1.9788E-08 2.0304E-08 2.0784E-08 2.1229E-08 2.1635E-08 2.1998E-08 2.2315E-08 2.2580E-08 2.2805E-08 2.2981E-08 2.3097E-08 2.3234E-08 2.3207E-08
4.0586E-09 4.2441E-09 4.3643E-09 4.4866E-09 4.6108E-09 4.7370E-09 4.8655E-09 5.0766E-09 5.2533E-09 5.4069E-09 5.5651E-09 5.7280E-09 5.9008E-09 6.0913E-09 6.2898E-09 6.4964E-09 6.7119E-09 6.9364E-09 7.1752E-09 7.5787E-09 7.8600E-09 8.1579E-09 8.4687E-09 8.7903E-09 9.1286E-09 9.4865E-09 9.8862E-09 1.0365E-08 1.0967E-08 1.1612E-08 1.2321E-08 1.2997E-08 1.3621E-08 1.4202E-08 1.4798E-08 1.5403E-08 1.6019E-08 1.6640E-08 1.7261E-08 1.7963E-08 1.8826E-08 1.9480E-08 2.0134E-08 2.0784E-08 2.1413E-08 2.2011E-08 2.2562E-08 2.3070E-08 2.3534E-08 2.3952E-08 2.4316E-08 2.4623E-08 2.4977E-08 2.5279E-08 2.5429E-08 2.5505E-08 2.5488E-08
4.1237E-09 4.2420E-09 4.3625E-09 4.4852E-09 4.6102E-09 4.7380E-09 4.8682E-09 5.1170E-09 5.2699E-09 5.4275E-09 5.5903E-09 5.7646E-09 5.9569E-09 6.1565E-09 6.3668E-09 6.5848E-09 6.8145E-09 7.0548E-09 7.4227E-09 7.7504E-09 8.0581E-09 8.3796E-09 8.7174E-09 9.0695E-09 9.4443E-09 9.8693E-09 1.0398E-08 1.1065E-08 1.1739E-08 1.2404E-08 1.3197E-08 1.3811E-08 1.4442E-08 1.5091E-08 1.5756E-08 1.6435E-08 1.7124E-08 1.7818E-08 1.8681E-08 1.9561E-08 2.0302E-08 2.1039E-08 2.1770E-08 2.2490E-08 2.3209E-08 2.3889E-08 2.4519E-08 2.5098E-08 2.5626E-08 2.6196E-08 2.6712E-08 2.7083E-08 2.7394E-08 2.7649E-08 2.7826E-08 2.7921E-08 2.7912E-08
4.1239E-09 4.2429E-09 4.3642E-09 4.4883E-09 4.6151E-09 4.7447E-09 4.9583E-09 5.1375E-09 5.2943E-09 5.4567E-09 5.6316E-09 5.8244E-09 6.0250E-09 6.2379E-09 6.4588E-09 6.6931E-09 6.9358E-09 7.2029E-09 7.6382E-09 7.9552E-09 8.2850E-09 8.6358E-09 8.9991E-09 9.3906E-09 9.8369E-09 1.0420E-08 1.1110E-08 1.1805E-08 1.2447E-08 1.3311E-08 1.3965E-08 1.4648E-08 1.5350E-08 1.6073E-08 1.6814E-08 1.7563E-08 1.8330E-08 1.9352E-08 2.0251E-08 2.1084E-08 2.1916E-08 2.2741E-08 2.3558E-08 2.4368E-08 2.5175E-08 2.5944E-08 2.6659E-08 2.7415E-08 2.8120E-08 2.8683E-08 2.9181E-08 2.9607E-08 2.9962E-08 3.0258E-08 3.0466E-08 3.0583E-08 3.0584E-08
4.1276E-09 4.2477E-09 4.3709E-09 4.4969E-09 4.6257E-09 4.7574E-09 5.0099E-09 5.1663E-09 5.3286E-09 5.5028E-09 5.6950E-09 5.8970E-09 6.1107E-09 6.3335E-09 6.5702E-09 6.8161E-09 7.0830E-09 7.5203E-09 7.8439E-09 8.1828E-09 8.5425E-09 8.9182E-09 9.3212E-09 9.7906E-09 1.0411E-08 1.1145E-08 1.1861E-08 1.2493E-08 1.3387E-08 1.4082E-08 1.4808E-08 1.5560E-08 1.6337E-08 1.7138E-08 1.7959E-08 1.8796E-08 1.9901E-08 2.0890E-08 2.1819E-08 2.2751E-08 2.3683E-08 2.4608E-08 2.5521E-08 2.6421E-08 2.7323E-08 2.8285E-08 2.9203E-08 2.9981E-08 3.0690E-08 3.1331E-08 3.1899E-08 3.2388E-08 3.2794E-08 3.3133E-08 3.3374E-08 3.3512E-08 3.3524E-08
4.1347E-09 4.2562E-09 4.3806E-09 4.5080E-09 4.6383E-09 4.8857E-09 5.0409E-09 5.2020E-09 5.3747E-09 5.5653E-09 5.7685E-09 5.9820E-09 6.2063E-09 6.4445E-09 6.6926E-09 6.9601E-09 7.2853E-09 7.7234E-09 8.0694E-09 8.4364E-09 8.8235E-09 9.2390E-09 9.7349E-09 1.0366E-08 1.1104E-08 1.1840E-08 1.2501E-08 1.3416E-08 1.4148E-08 1.4915E-08 1.5716E-08 1.6547E-08 1.7407E-08 1.8293E-08 1.9202E-08 2.0456E-08 2.1463E-08 2.2490E-08 2.3529E-08 2.4573E-08 2.5617E-08 2.6654E-08 2.7676E-08 2.8682E-08 2.9880E-08 3.0885E-08 3.1824E-08 3.2705E-08 3.3512E-08 3.4237E-08 3.4883E-08 3.5439E-08 3.5899E-08 3.6283E-08 3.6557E-08 3.6715E-08 3.6739E-08
4.1414E-09 4.2640E-09 4.3896E-09 4.5457E-09 4.7381E-09 4.9173E-09 5.0771E-09 5.2480E-09 5.4353E-09 5.6395E-09 5.8516E-09 6.0773E-09 6.3155E-09 6.5657E-09 6.8340E-09 7.1219E-09 7.5922E-09 7.9419E-09 8.3142E-09 8.7076E-09 9.1348E-09 9.6447E-09 1.0278E-08 1.1048E-08 1.1805E-08 1.2465E-08 1.3328E-08 1.4157E-08 1.4963E-08 1.5810E-08 1.6696E-08 1.7617E-08 1.8570E-08 1.9552E-08 2.0885E-08 2.1981E-08 2.3104E-08 2.4248E-08 2.5407E-08 2.6572E-08 2.7738E-08 2.8895E-08 3.0135E-08 3.1372E-08 3.2512E-08 3.3634E-08 3.4689E-08 3.5677E-08 3.6589E-08 3.7409E-08 3.8136E-08 3.8763E-08 3.9283E-08 3.9711E-08 4.0020E-08 4.0200E-08 4.0233E-08
4.1474E-09 4.2710E-09 4.4515E-09 4.6180E-09 4.7954E-09 4.9541E-09 5.1222E-09 5.3053E-09 5.5083E-09 5.7176E-09 5.9436E-09 6.1795E-09 6.4303E-09 6.6975E-09 6.9813E-09 7.3704E-09 7.7964E-09 8.1717E-09 8.5700E-09 9.0065E-09 9.5200E-09 1.0134E-08 1.0940E-08 1.1702E-08 1.2392E-08 1.3097E-08 1.4127E-08 1.4968E-08 1.5857E-08 1.6792E-08 1.7770E-08 1.8789E-08 1.9844E-08 2.1250E-08 2.2434E-08 2.3651E-08 2.4897E-08 2.6169E-08 2.7456E-08 2.8752E-08 3.0049E-08 3.1528E-08 3.2835E-08 3.4118E-08 3.5381E-08 3.6622E-08 3.7800E-08 3.8902E-08 3.9922E-08 4.0843E-08 4.1656E-08 4.2359E-08 4.2942E-08 4.3417E-08 4.3762E-08 4.3963E-08 4.4005E-08
4.1526E-09 4.3319E-09 4.5226E-09 4.6733E-09 4.8299E-09 4.9946E-09 5.1735E-09 5.3717E-09 5.5787E-09 5.8029E-09 6.0353E-09 6.2860E-09 6.5499E-09 6.8325E-09 7.1444E-09 7.6366E-09 8.0142E-09 8.4164E-09 8.8614E-09 9.3729E-09 9.9951E-09 1.0781E-08 1.1561E-08 1.2286E-08 1.3015E-08 1.4056E-08 1.4930E-08 1.5856E-08 1.6833E-08 1.7862E-08 1.8940E-08 2.0063E-08 2.1392E-08 2.2807E-08 2.4118E-08 2.5465E-08 2.6845E-08 2.8251E-08 2.9677E-08 3.1112E-08 3.2744E-08 3.4207E-08 3.5656E-08 3.7080E-08 3.8477E-08 3.9843E-08 4.1150E-08 4.2373E-08 4.3508E-08 4.4537E-08 4.5450E-08 4.6238E-08 4.6893E-08 4.7422E-08 4.7806E-08 4.8030E-08 4.8084E-08
4.2368E-09 4.4018E-09 4.5502E-09 4.7044E-09 4.8655E-09 5.0395E-09 5.2305E-09 5.4373E-09 5.6557E-09 5.8848E-09 6.1334E-09 6.3927E-09 6.6743E-09 6.9783E-09 7.4625E-09 7.8451E-09 8.2492E-09 8.6999E-09 9.2103E-09 9.8138E-09 1.0576E-08 1.1381E-08 1.2139E-08 1.2895E-08 1.3816E-08 1.4843E-08 1.5802E-08 1.6818E-08 1.7892E-08 1.9022E-08 2.0206E-08 2.1441E-08 2.3082E-08 2.4481E-08 2.5926E-08 2.7411E-08 2.8931E-08 3.0480E-08 3.2051E-08 3.3833E-08 3.5456E-08 3.7075E-08 3.8684E-08 4.0266E-08 4.1814E-08 4.3323E-08 4.4768E-08 4.6126E-08 4.7386E-08 4.8534E-08 4.9550E-08 5.0425E-08 5.1151E-08 5.1731E-08 5.2152E-08 5.2397E-08 5.2456E-08
