Assets/Resources/2015_m01_d11_2100(utc+0800)_l00_csi_1hr_conc.grd
DSAA
         159         159
     -79.000      79.000
     -79.000      79.000
  0.0000E+00  0.5588E-05
[rows 50 to 74 of 159, columns 0 to 56 of 159]
4.6466E-11 5.6792E-11 6.8066E-11 8.0207E-11 9.3217E-11 1.0691E-10 1.2242E-10 1.3936E-10 1.5758E-10 1.7671E-10 1.9785E-10 2.2213E-10 2.4893E-10 2.8030E-10 3.1305E-10 3.4809E-10 3.8853E-10 4.3355E-10 4.8585E-10 5.4316E-10 6.0832E-10 6.8527E-10 7.7111E-10 8.7339E-10 9.9596E-10 1.1673E-09 1.4640E-09 1.7700E-09 2.1719E-09 2.7624E-09 3.4254E-09 4.4311E-09 5.5318E-09 6.9599E-09 8.8256E-09 1.1058E-08 1.3617E-08 1.7068E-08 2.0643E-08 2.4894E-08 2.9453E-08 3.3181E-08 3.8108E-08 4.1068E-08 4.5067E-08 4.7484E-08 4.9861E-08 5.2166E-08 5.4477E-08 5.6790E-08 5.9174E-08 6.1657E-08 6.4203E-08 6.6864E-08 6.9513E-08 7.2060E-08 7.4403E-08
3.2350E-11 4.0758E-11 5.0433E-11 6.0712E-11 7.1519E-11 8.3088E-11 9.5876E-11 1.1004E-10 1.2542E-10 1.4271E-10 1.6095E-10 1.8104E-10 2.0372E-10 2.2958E-10 2.5747E-10 2.8770E-10 3.2170E-10 3.5997E-10 4.0473E-10 4.5396E-10 5.0962E-10 5.7579E-10 6.5077E-10 7.3986E-10 8.5371E-10 1.0107E-09 1.3555E-09 1.6330E-09 2.1111E-09 2.6577E-09 3.4064E-09 4.3431E-09 5.6469E-09 6.9245E-09 9.1654E-09 1.1123E-08 1.4234E-08 1.7133E-08 2.1264E-08 2.3966E-08 2.8665E-08 3.1241E-08 3.5233E-08 3.7613E-08 3.9969E-08 4.2298E-08 4.4674E-08 4.7036E-08 4.9495E-08 5.2025E-08 5.4689E-08 5.7536E-08 6.0526E-08 6.3676E-08 6.6917E-08 7.0115E-08 7.3136E-08
2.0569E-11 2.7211E-11 3.5274E-11 4.3853E-11 5.2773E-11 6.2510E-11 7.3105E-11 8.4571E-11 9.7463E-11 1.1213E-10 1.2728E-10 1.4441E-10 1.6316E-10 1.8486E-10 2.0862E-10 2.3428E-10 2.6257E-10 2.9476E-10 3.3240E-10 3.7462E-10 4.2143E-10 4.7713E-10 5.4198E-10 6.1920E-10 7.2866E-10 8.6810E-10 1.2244E-09 1.5235E-09 2.0412E-09 2.5955E-09 3.3987E-09 4.3230E-09 5.6966E-09 6.9795E-09 9.3361E-09 1.1197E-08 1.4552E-08 1.6771E-08 2.0523E-08 2.2676E-08 2.6148E-08 2.8285E-08 3.0638E-08 3.2837E-08 3.5035E-08 3.7279E-08 3.9619E-08 4.1983E-08 4.4509E-08 4.7179E-08 5.0023E-08 5.3144E-08 5.6446E-08 6.0011E-08 6.3727E-08 6.7465E-08 7.1122E-08
1.1216E-11 1.6631E-11 2.2793E-11 2.9775E-11 3.6985E-11 4.5037E-11 5.3638E-11 6.2813E-11 7.3530E-11 8.5235E-11 9.8131E-11 1.1241E-10 1.2842E-10 1.4493E-10 1.6436E-10 1.8639E-10 2.1010E-10 2.3728E-10 2.6858E-10 3.0450E-10 3.4302E-10 3.9007E-10 4.4523E-10 5.1115E-10 6.1445E-10 7.4868E-10 1.1029E-09 1.3963E-09 1.9464E-09 2.5147E-09 3.3931E-09 4.3290E-09 5.7961E-09 7.0596E-09 9.3981E-09 1.1105E-08 1.3557E-08 1.5805E-08 1.8104E-08 2.0291E-08 2.2309E-08 2.4193E-08 2.6326E-08 2.8327E-08 3.0369E-08 3.2490E-08 3.4729E-08 3.7053E-08 3.9571E-08 4.2266E-08 4.5201E-08 4.8454E-08 5.1962E-08 5.5799E-08 5.9856E-08 6.4043E-08 6.8223E-08
4.6826E-12 8.6497E-12 1.3158E-11 1.8597E-11 2.4392E-11 3.0600E-11 3.7536E-11 4.4848E-11 5.3441E-11 6.2544E-11 7.2963E-11 8.4826E-11 9.7722E-11 1.1167E-10 1.2682E-10 1.4354E-10 1.6289E-10 1.8537E-10 2.1115E-10 2.4120E-10 2.7422E-10 3.1250E-10 3.5884E-10 4.1577E-10 5.1398E-10 6.4373E-10 9.9592E-10 1.2899E-09 1.8631E-09 2.4251E-09 3.3857E-09 4.3202E-09 5.8161E-09 7.0092E-09 8.7702E-09 1.0411E-08 1.1896E-08 1.3978E-08 1.5449E-08 1.7022E-08 1.8787E-08 2.0443E-08 2.2350E-08 2.4146E-08 2.6006E-08 2.7964E-08 3.0062E-08 3.2268E-08 3.4686E-08 3.7332E-08 4.0235E-08 4.3496E-08 4.7056E-08 5.1039E-08 5.5315E-08 5.9795E-08 6.4398E-08
1.3848E-12 3.2901E-12 6.2721E-12 1.0102E-11 1.4778E-11 1.9525E-11 2.4833E-11 3.0479E-11 3.7126E-11 4.3966E-11 5.2167E-11 6.1723E-11 7.1850E-11 8.3277E-11 9.6027E-11 1.0905E-10 1.2246E-10 1.4068E-10 1.6132E-10 1.8405E-10 2.1217E-10 2.4281E-10 2.8166E-10 3.3146E-10 4.2929E-10 5.6087E-10 8.8815E-10 1.2100E-09 1.7442E-09 2.3609E-09 3.2041E-09 4.2154E-09 5.2193E-09 6.4849E-09 7.6209E-09 9.0821E-09 1.0180E-08 1.1511E-08 1.2760E-08 1.4104E-08 1.5631E-08 1.7059E-08 1.8737E-08 2.0327E-08 2.1974E-08 2.3741E-08 2.5642E-08 2.7665E-08 2.9934E-08 3.2406E-08 3.5167E-08 3.8309E-08 4.1806E-08 4.5765E-08 5.0101E-08 5.4740E-08 5.9586E-08
1.2824E-13 6.6674E-13 1.8216E-12 4.2075E-12 7.5980E-12 1.1332E-11 1.5240E-11 1.9804E-11 2.4557E-11 2.9666E-11 3.5782E-11 4.3206E-11 5.1013E-11 5.9935E-11 7.0360E-11 8.0639E-11 9.1840E-11 1.0394E-10 1.1932E-10 1.3661E-10 1.5884E-10 1.8346E-10 2.1438E-10 2.5724E-10 3.3816E-10 4.9423E-10 7.8218E-10 1.1507E-09 1.5993E-09 2.2742E-09 2.8040E-09 3.8110E-09 4.4986E-09 5.5412E-09 6.4423E-09 7.3285E-09 8.2401E-09 9.3754E-09 1.0428E-08 1.1545E-08 1.2843E-08 1.4053E-08 1.5493E-08 1.6858E-08 1.8289E-08 1.9829E-08 2.1497E-08 2.3291E-08 2.5324E-08 2.7556E-08 3.0081E-08 3.3002E-08 3.6293E-08 4.0109E-08 4.4328E-08 4.8933E-08 5.3830E-08
0.0000E+00 0.0000E+00 0.0000E+00 5.8615E-13 2.5740E-12 5.0625E-12 7.9717E-12 1.1737E-11 1.5236E-11 1.9101E-11 2.3606E-11 2.8796E-11 3.4705E-11 4.1771E-11 4.9388E-11 5.7627E-11 6.6830E-11 7.6500E-11 8.5811E-11 9.7661E-11 1.1295E-10 1.3314E-10 1.5717E-10 1.9507E-10 2.6783E-10 4.3496E-10 6.7942E-10 1.0824E-09 1.4051E-09 1.9984E-09 2.4253E-09 3.1541E-09 3.7176E-09 4.3189E-09 5.0690E-09 5.8079E-09 6.5798E-09 7.5195E-09 8.3988E-09 9.3295E-09 1.0406E-08 1.1404E-08 1.2614E-08 1.3756E-08 1.4957E-08 1.6255E-08 1.7670E-08 1.9198E-08 2.0939E-08 2.2874E-08 2.5099E-08 2.7691E-08 3.0680E-08 3.4195E-08 3.8149E-08 4.2521E-08 4.7250E-08
0.0000E+00 0.0000E+00 0.0000E+00 0.0000E+00 1.3238E-13 7.8152E-13 2.5753E-12 5.3437E-12 7.9742E-12 1.1037E-11 1.4798E-11 1.8095E-11 2.2155E-11 2.7587E-11 3.3126E-11 3.9290E-11 4.6820E-11 5.4096E-11 6.1638E-11 6.9211E-11 7.7641E-11 9.1186E-11 1.0967E-10 1.4462E-10 2.0818E-10 3.7724E-10 5.7710E-10 8.6633E-10 1.1795E-09 1.5464E-09 1.9425E-09 2.3845E-09 2.8259E-09 3.3141E-09 3.9202E-09 4.5175E-09 5.1513E-09 5.9218E-09 6.6344E-09 7.4010E-09 8.2715E-09 9.0840E-09 1.0073E-08 1.1004E-08 1.1983E-08 1.3038E-08 1.4186E-08 1.5439E-08 1.6862E-08 1.8457E-08 2.0322E-08 2.2539E-08 2.5132E-08 2.8230E-08 3.1760E-08 3.5725E-08 4.0071E-08
0.0000E+00 0.0000E+00 0.0000E+00 0.0000E+00 0.0000E+00 1.9477E-14 5.2700E-13 1.1539E-12 2.2660E-12 4.5596E-12 7.4168E-12 9.8022E-12 1.3031E-11 1.6841E-11 2.0693E-11 2.5338E-11 3.1031E-11 3.6468E-11 4.2185E-11 4.8335E-11 5.3994E-11 6.0266E-11 7.2246E-11 1.0015E-10 1.4778E-10 2.6208E-10 4.5139E-10 6.1442E-10 8.8380E-10 1.1257E-09 1.3979E-09 1.7591E-09 2.1071E-09 2.4946E-09 2.9713E-09 3.4497E-09 3.9434E-09 4.5466E-09 5.1131E-09 5.7159E-09 6.4086E-09 7.0476E-09 7.8377E-09 8.5726E-09 9.3396E-09 1.0155E-08 1.1055E-08 1.2022E-08 1.3126E-08 1.4380E-08 1.5866E-08 1.7678E-08 1.9819E-08 2.2418E-08 2.5404E-08 2.8808E-08 3.2655E-08
0.0000E+00 0.0000E+00 0.0000E+00 0.0000E+00 0.0000E+00 0.0000E+00 0.0000E+00 2.0077E-13 6.9528E-13 1.3814E-12 2.3539E-12 3.3929E-12 5.9237E-12 8.3011E-12 1.0875E-11 1.4490E-11 1.8591E-11 2.2298E-11 2.6785E-11 3.1363E-11 3.5754E-11 4.0585E-11 4.7065E-11 5.5899E-11 8.0497E-11 1.3078E-10 2.8155E-10 4.0370E-10 5.6798E-10 7.6793E-10 9.7508E-10 1.2595E-09 1.5292E-09 1.8340E-09 2.2101E-09 2.5742E-09 2.9478E-09 3.4148E-09 3.8463E-09 4.3082E-09 4.8330E-09 5.3192E-09 5.9220E-09 6.4772E-09 7.0512E-09 7.6545E-09 8.3118E-09 9.0188E-09 9.8260E-09 1.0757E-08 1.1885E-08 1.3275E-08 1.4953E-08 1.6996E-08 1.9395E-08 2.2158E-08 2.5421E-08
0.0000E+00 0.0000E+00 0.0000E+00 0.0000E+00 0.0000E+00 0.0000E+00 0.0000E+00 0.0000E+00 0.0000E+00 2.8424E-13 7.3040E-13 1.3652E-12 2.1705E-12 2.8983E-12 4.1603E-12 6.3759E-12 8.7649E-12 1.1411E-11 1.4583E-11 1.7929E-11 2.1393E-11 2.5232E-11 2.9093E-11 3.5782E-11 4.2862E-11 6.1029E-11 1.2511E-10 1.9602E-10 3.4003E-10 4.8085E-10 6.4871E-10 8.6412E-10 1.0770E-09 1.3034E-09 1.5892E-09 1.8597E-09 2.1407E-09 2.4945E-09 2.8121E-09 3.1563E-09 3.5425E-09 3.8975E-09 4.3412E-09 4.7335E-09 5.1394E-09 5.5582E-09 6.0091E-09 6.4905E-09 7.0370E-09 7.6987E-09 8.4953E-09 9.5072E-09 1.0728E-08 1.2243E-08 1.4032E-08 1.6180E-08 1.8743E-08
0.0000E+00 0.0000E+00 0.0000E+00 0.0000E+00 0.0000E+00 0.0000E+00 0.0000E+00 0.0000E+00 0.0000E+00 0.0000E+00 1.3992E-14 2.4996E-13 6.3361E-13 1.1387E-12 1.7680E-12 2.3794E-12 2.9979E-12 4.1742E-12 6.1280E-12 7.9954E-12 1.0755E-11 1.3637E-11 1.6384E-11 2.0734E-11 2.6022E-11 3.2146E-11 5.8845E-11 8.2022E-11 1.6012E-10 2.6504E-10 3.9443E-10 5.5009E-10 7.1279E-10 8.7929E-10 1.0930E-09 1.2884E-09 1.4986E-09 1.7557E-09 1.9844E-09 2.2330E-09 2.5059E-09 2.7576E-09 3.0620E-09 3.3335E-09 3.6071E-09 3.8747E-09 4.1521E-09 4.4560E-09 4.7997E-09 5.2332E-09 5.7625E-09 6.4392E-09 7.2775E-09 8.2994E-09 9.5578E-09 1.1096E-08 1.2981E-08
0.0000E+00 0.0000E+00 0.0000E+00 0.0000E+00 0.0000E+00 0.0000E+00 0.0000E+00 0.0000E+00 0.0000E+00 0.0000E+00 0.0000E+00 0.0000E+00 1.0773E-14 1.7240E-13 4.1890E-13 7.8355E-13 1.2271E-12 1.6878E-12 2.1130E-12 2.8765E-12 4.1923E-12 5.9805E-12 7.7859E-12 1.0456E-11 1.3909E-11 1.8242E-11 3.5070E-11 4.6460E-11 6.8326E-11 1.2064E-10 1.9225E-10 3.0792E-10 4.2261E-10 5.5017E-10 6.9707E-10 8.4351E-10 9.9513E-10 1.1722E-09 1.3337E-09 1.5087E-09 1.6940E-09 1.8593E-09 2.0638E-09 2.2398E-09 2.4106E-09 2.5662E-09 2.7196E-09 2.8935E-09 3.0953E-09 3.3465E-09 3.6702E-09 4.0806E-09 4.6010E-09 5.2296E-09 6.0474E-09 7.0992E-09 8.3894E-09
0.0000E+00 0.0000E+00 0.0000E+00 0.0000E+00 0.0000E+00 0.0000E+00 0.0000E+00 0.0000E+00 0.0000E+00 0.0000E+00 0.0000E+00 0.0000E+00 0.0000E+00 0.0000E+00 0.0000E+00 7.3658E-14 2.1313E-13 3.9812E-13 6.2817E-13 9.3347E-13 1.4051E-12 2.1234E-12 3.2559E-12 4.4210E-12 6.3729E-12 9.0138E-12 1.7919E-11 2.5063E-11 3.7296E-11 5.2274E-11 7.6842E-11 1.3234E-10 2.0487E-10 2.9366E-10 3.9406E-10 4.9909E-10 6.1055E-10 7.2199E-10 8.3495E-10 9.5500E-10 1.0706E-09 1.1762E-09 1.3031E-09 1.4116E-09 1.5083E-09 1.5899E-09 1.6604E-09 1.7461E-09 1.8437E-09 1.9779E-09 2.1469E-09 2.3718E-09 2.6550E-09 3.0204E-09 3.5330E-09 4.2172E-09 5.0721E-09
0.0000E+00 0.0000E+00 0.0000E+00 0.0000E+00 0.0000E+00 0.0000E+00 0.0000E+00 0.0000E+00 0.0000E+00 0.0000E+00 0.0000E+00 0.0000E+00 0.0000E+00 0.0000E+00 0.0000E+00 0.0000E+00 0.0000E+00 0.0000E+00 5.9318E-14 1.3709E-13 2.2443E-13 3.6763E-13 8.7570E-13 1.4804E-12 2.5096E-12 3.6393E-12 6.4965E-12 1.0374E-11 1.6177E-11 2.3626E-11 3.2897E-11 4.6101E-11 7.4432E-11 1.1584E-10 1.7504E-10 2.4415E-10 3.1311E-10 3.8878E-10 4.6002E-10 5.3603E-10 6.0427E-10 6.6971E-10 7.4129E-10 8.0278E-10 8.5129E-10 8.8517E-10 9.1443E-10 9.3879E-10 9.7814E-10 1.0312E-09 1.1198E-09 1.2202E-09 1.3542E-09 1.5661E-09 1.8775E-09 2.3208E-09 2.8560E-09
0.0000E+00 0.0000E+00 0.0000E+00 0.0000E+00 0.0000E+00 0.0000E+00 0.0000E+00 0.0000E+00 0.0000E+00 0.0000E+00 0.0000E+00 0.0000E+00 0.0000E+00 0.0000E+00 0.0000E+00 0.0000E+00 0.0000E+00 0.0000E+00 0.0000E+00 0.0000E+00 0.0000E+00 0.0000E+00 2.0393E-14 2.4868E-13 5.0262E-13 1.1152E-12 1.8078E-12 3.4350E-12 5.5357E-12 9.3387E-12 1.2680E-11 1.8157E-11 2.4344E-11 3.3466E-11 5.5064E-11 8.3578E-11 1.1693E-10 1.5837E-10 2.0462E-10 2.4108E-10 2.7914E-10 3.1323E-10 3.4804E-10 3.7623E-10 3.9701E-10 4.1000E-10 4.2011E-10 4.2350E-10 4.2184E-10 4.4115E-10 4.7872E-10 5.1677E-10 5.8026E-10 7.0547E-10 9.0195E-10 1.1800E-09 1.5155E-09
0.0000E+00 0.0000E+00 0.0000E+00 0.0000E+00 0.0000E+00 0.0000E+00 0.0000E+00 0.0000E+00 0.0000E+00 0.0000E+00 0.0000E+00 0.0000E+00 0.0000E+00 0.0000E+00 0.0000E+00 0.0000E+00 0.0000E+00 0.0000E+00 0.0000E+00 0.0000E+00 0.0000E+00 0.0000E+00 0.0000E+00 0.0000E+00 0.0000E+00 1.4465E-13 3.4738E-13 7.2663E-13 1.6597E-12 3.1906E-12 5.7138E-12 8.6105E-12 1.2496E-11 1.7895E-11 2.3541E-11 3.2160E-11 4.2975E-11 6.0578E-11 7.6793E-11 9.4140E-11 1.1287E-10 1.3068E-10 1.4638E-10 1.5780E-10 1.6438E-10 1.6605E-10 1.6251E-10 1.5585E-10 1.4510E-10 1.4141E-10 1.4911E-10 1.6133E-10 2.0114E-10 2.7693E-10 3.9830E-10 5.4404E-10 7.3373E-10
0.0000E+00 0.0000E+00 0.0000E+00 0.0000E+00 0.0000E+00 0.0000E+00 0.0000E+00 0.0000E+00 0.0000E+00 0.0000E+00 0.0000E+00 0.0000E+00 0.0000E+00 0.0000E+00 0.0000E+00 0.0000E+00 0.0000E+00 0.0000E+00 0.0000E+00 0.0000E+00 0.0000E+00 0.0000E+00 0.0000E+00 0.0000E+00 0.0000E+00 0.0000E+00 0.0000E+00 4.4667E-14 1.7965E-13 4.6735E-13 1.3543E-12 2.6059E-12 5.0502E-12 7.5232E-12 1.1422E-11 1.5836E-11 2.0976E-11 2.7832E-11 3.4098E-11 4.1428E-11 4.8965E-11 5.8132E-11 6.6297E-11 7.2514E-11 7.6789E-11 7.8934E-11 7.8748E-11 7.6158E-11 7.3722E-11 7.1362E-11 6.7890E-11 6.3704E-11 6.7627E-11 1.0914E-10 1.6682E-10 2.3427E-10 3.1946E-10
0.0000E+00 0.0000E+00 0.0000E+00 0.0000E+00 0.0000E+00 0.0000E+00 0.0000E+00 0.0000E+00 0.0000E+00 0.0000E+00 0.0000E+00 0.0000E+00 0.0000E+00 0.0000E+00 0.0000E+00 0.0000E+00 0.0000E+00 0.0000E+00 0.0000E+00 0.0000E+00 0.0000E+00 0.0000E+00 0.0000E+00 0.0000E+00 0.0000E+00 0.0000E+00 0.0000E+00 0.0000E+00 0.0000E+00 0.0000E+00 0.0000E+00 3.1619E-13 9.7122E-13 1.9175E-12 3.8484E-12 5.7026E-12 8.6398E-12 1.2052E-11 1.5732E-11 2.0324E-11 2.4914E-11 2.9460E-11 3.3812E-11 3.7204E-11 4.0033E-11 4.2052E-11 4.3182E-11 4.3478E-11 4.2900E-11 4.1487E-11 3.9217E-11 3.6123E-11 3.1932E-11 3.0596E-11 5.1376E-11 7.6413E-11 1.0744E-10
0.0000E+00 0.0000E+00 0.0000E+00 0.0000E+00 0.0000E+00 0.0000E+00 0.0000E+00 0.0000E+00 0.0000E+00 0.0000E+00 0.0000E+00 0.0000E+00 0.0000E+00 0.0000E+00 0.0000E+00 0.0000E+00 0.0000E+00 0.0000E+00 0.0000E+00 0.0000E+00 0.0000E+00 0.0000E+00 0.0000E+00 0.0000E+00 0.0000E+00 0.0000E+00 0.0000E+00 0.0000E+00 0.0000E+00 0.0000E+00 0.0000E+00 0.0000E+00 0.0000E+00 2.1711E-13 6.5853E-13 1.1775E-12 2.4380E-12 3.7927E-12 5.4022E-12 7.4861E-12 9.8701E-12 1.2509E-11 1.5047E-11 1.7364E-11 1.9399E-11 2.0910E-11 2.1752E-11 2.1944E-11 2.1458E-11 2.0296E-11 1.8321E-11 1.5495E-11 1.2114E-11 8.4084E-12 4.7510E-12 6.9751E-12 1.1320E-11
0.0000E+00 0.0000E+00 0.0000E+00 0.0000E+00 0.0000E+00 0.0000E+00 0.0000E+00 0.0000E+00 0.0000E+00 0.0000E+00 0.0000E+00 0.0000E+00 0.0000E+00 0.0000E+00 0.0000E+00 0.0000E+00 0.0000E+00 0.0000E+00 0.0000E+00 0.0000E+00 0.0000E+00 0.0000E+00 0.0000E+00 0.0000E+00 0.0000E+00 0.0000E+00 0.0000E+00 0.0000E+00 0.0000E+00 0.0000E+00 0.0000E+00 0.0000E+00 0.0000E+00 0.0000E+00 0.0000E+00 2.9916E-14 3.5428E-13 6.8256E-13 1.1547E-12 1.9202E-12 2.7425E-12 3.6657E-12 4.6395E-12 5.5535E-12 6.3550E-12 6.9908E-12 7.2695E-12 7.1647E-12 6.6274E-12 5.6208E-12 4.2197E-12 2.6978E-12 1.3473E-12 5.0657E-13 2.8781E-14 0.0000E+00 0.0000E+00
0.0000E+00 0.0000E+00 0.0000E+00 0.0000E+00 0.0000E+00 0.0000E+00 0.0000E+00 0.0000E+00 0.0000E+00 0.0000E+00 0.0000E+00 0.0000E+00 0.0000E+00 0.0000E+00 0.0000E+00 0.0000E+00 0.0000E+00 0.0000E+00 0.0000E+00 0.0000E+00 0.0000E+00 0.0000E+00 0.0000E+00 0.0000E+00 0.0000E+00 0.0000E+00 0.0000E+00 0.0000E+00 0.0000E+00 0.0000E+00 0.0000E+00 0.0000E+00 0.0000E+00 0.0000E+00 0.0000E+00 0.0000E+00 0.0000E+00 0.0000E+00 0.0000E+00 1.2344E-13 3.0590E-13 4.6429E-13 5.9220E-13 7.7756E-13 9.2323E-13 9.7855E-13 9.3829E-13 8.0109E-13 5.6952E-13 3.3474E-13 1.3511E-13 0.0000E+00 0.0000E+00 0.0000E+00 0.0000E+00 0.0000E+00 0.0000E+00
0.0000E+00 0.0000E+00 0.0000E+00 0.0000E+00 0.0000E+00 0.0000E+00 0.0000E+00 0.0000E+00 0.0000E+00 0.0000E+00 0.0000E+00 0.0000E+00 0.0000E+00 0.0000E+00 0.0000E+00 0.0000E+00 0.0000E+00 0.0000E+00 0.0000E+00 0.0000E+00 0.0000E+00 0.0000E+00 0.0000E+00 0.0000E+00 0.0000E+00 0.0000E+00 0.0000E+00 0.0000E+00 0.0000E+00 0.0000E+00 0.0000E+00 0.0000E+00 0.0000E+00 0.0000E+00 0.0000E+00 0.0000E+00 0.0000E+00 0.0000E+00 0.0000E+00 0.0000E+00 0.0000E+00 0.0000E+00 0.0000E+00 0.0000E+00 0.0000E+00 0.0000E+00 0.0000E+00 0.0000E+00 0.0000E+00 0.0000E+00 0.0000E+00 0.0000E+00 0.0000E+00 0.0000E+00 0.0000E+00 0.0000E+00 0.0000E+00
0.0000E+00 0.0000E+00 0.0000E+00 0.0000E+00 0.0000E+00 0.0000E+00 0.0000E+00 0.0000E+00 0.0000E+00 0.0000E+00 0.0000E+00 0.0000E+00 0.0000E+00 0.0000E+00 0.0000E+00 0.0000E+00 0.0000E+00 0.0000E+00 0.0000E+00 0.0000E+00 0.0000E+00 0.0000E+00 0.0000E+00 0.0000E+00 0.0000E+00 0.0000E+00 0.0000E+00 0.0000E+00 0.0000E+00 0.0000E+00 0.0000E+00 0.0000E+00 0.0000E+00 0.0000E+00 0.0000E+00 0.0000E+00 0.0000E+00 0.0000E+00 0.0000E+00 0.0000E+00 0.0000E+00 0.0000E+00 0.0000E+00 0.0000E+00 0.0000E+00 0.0000E+00 0.0000E+00 0.0000E+00 0.0000E+00 0.0000E+00 0.0000E+00 0.0000E+00 0.0000E+00 0.0000E+00 0.0000E+00 0.0000E+00 0.0000E+00
