Assets/Resources/2015_m01_d22_0600(utc+0800)_l00_csi_1hr_conc.grd
DSAA
         159         159
     -79.000      79.000
     -79.000      79.000
  0.0000E+00  0.8712E-04
[rows 25 to 49 of 159, columns 57 to 113 of 159]
0.0000E+00 0.0000E+00 0.0000E+00 0.0000E+00 0.0000E+00 0.0000E+00 0.0000E+00 0.0000E+00 0.0000E+00 0.0000E+00 0.0000E+00 0.0000E+00 0.0000E+00 0.0000E+00 0.0000E+00 0.0000E+00 0.0000E+00 0.0000E+00 0.0000E+00 0.0000E+00 0.0000E+00 0.0000E+00 0.0000E+00 0.0000E+00 0.0000E+00 0.0000E+00 0.0000E+00 0.0000E+00 0.0000E+00 0.0000E+00 0.0000E+00 2.6192E-12 4.2928E-12 1.3998E-11 2.4413E-11 4.0668E-11 5.5368E-11 6.9849E-11 8.4559E-11 1.0032E-10 1.1704E-10 1.3248E-10 1.4957E-10 1.6988E-10 1.9080E-10 2.1372E-10 2.4018E-10 2.6762E-10 2.9741E-10 3.2964E-10 3.6582E-10 4.0332E-10 4.4348E-10 4.8635E-10 5.3196E-10 5.8174E-10 6.3292E-10
0.0000E+00 0.0000E+00 0.0000E+00 0.0000E+00 0.0000E+00 0.0000E+00 0.0000E+00 0.0000E+00 0.0000E+00 0.0000E+00 0.0000E+00 0.0000E+00 0.0000E+00 0.0000E+00 0.0000E+00 0.0000E+00 0.0000E+00 0.0000E+00 0.0000E+00 0.0000E+00 0.0000E+00 0.0000E+00 0.0000E+00 0.0000E+00 0.0000E+00 0.0000E+00 0.0000E+00 0.0000E+00 0.0000E+00 0.0000E+00 1.2178E-12 2.6622E-12 7.3199E-12 1.4253E-11 2.4965E-11 4.1782E-11 5.9833E-11 7.4783E-11 8.9966E-11 1.0622E-10 1.2215E-10 1.3828E-10 1.5759E-10 1.7745E-10 1.9930E-10 2.2471E-10 2.5105E-10 2.7974E-10 3.1224E-10 3.4608E-10 3.8257E-10 4.2178E-10 4.6377E-10 5.1003E-10 5.5784E-10 6.0850E-10 6.6200E-10
0.0000E+00 0.0000E+00 0.0000E+00 0.0000E+00 0.0000E+00 0.0000E+00 0.0000E+00 0.0000E+00 0.0000E+00 0.0000E+00 0.0000E+00 0.0000E+00 0.0000E+00 0.0000E+00 0.0000E+00 0.0000E+00 0.0000E+00 0.0000E+00 0.0000E+00 0.0000E+00 0.0000E+00 0.0000E+00 0.0000E+00 0.0000E+00 0.0000E+00 0.0000E+00 0.0000E+00 0.0000E+00 0.0000E+00 0.0000E+00 1.2368E-12 2.6994E-12 8.5749E-12 1.7850E-11 2.9166E-11 4.6718E-11 6.1727E-11 7.7377E-11 9.5418E-11 1.1054E-10 1.2728E-10 1.4557E-10 1.6436E-10 1.8509E-10 2.0938E-10 2.3454E-10 2.6203E-10 2.9339E-10 3.2606E-10 3.6140E-10 3.9950E-10 4.4185E-10 4.8583E-10 5.3276E-10 5.8267E-10 6.3556E-10 6.9140E-10
0.0000E+00 0.0000E+00 0.0000E+00 0.0000E+00 0.0000E+00 0.0000E+00 0.0000E+00 0.0000E+00 0.0000E+00 0.0000E+00 0.0000E+00 0.0000E+00 0.0000E+00 0.0000E+00 0.0000E+00 0.0000E+00 0.0000E+00 0.0000E+00 0.0000E+00 0.0000E+00 0.0000E+00 0.0000E+00 0.0000E+00 0.0000E+00 0.0000E+00 0.0000E+00 0.0000E+00 0.0000E+00 0.0000E+00 0.0000E+00 1.2530E-12 2.7306E-12 1.1728E-11 2.1530E-11 3.3491E-11 5.1767E-11 6.6368E-11 8.1442E-11 9.8995E-11 1.1663E-10 1.3239E-10 1.5157E-10 1.7249E-10 1.9426E-10 2.1820E-10 2.4443E-10 2.7457E-10 3.0595E-10 3.4001E-10 3.7684E-10 4.1806E-10 4.6090E-10 5.0677E-10 5.5570E-10 6.0773E-10 6.6285E-10 7.2104E-10
0.0000E+00 0.0000E+00 0.0000E+00 0.0000E+00 0.0000E+00 0.0000E+00 0.0000E+00 0.0000E+00 0.0000E+00 0.0000E+00 0.0000E+00 0.0000E+00 0.0000E+00 0.0000E+00 0.0000E+00 0.0000E+00 0.0000E+00 0.0000E+00 0.0000E+00 0.0000E+00 0.0000E+00 0.0000E+00 0.0000E+00 0.0000E+00 0.0000E+00 0.0000E+00 0.0000E+00 0.0000E+00 0.0000E+00 0.0000E+00 1.2664E-12 5.4581E-12 1.4947E-11 2.1882E-11 3.7935E-11 5.5967E-11 7.1055E-11 8.6614E-11 1.0464E-10 1.2110E-10 1.3915E-10 1.5891E-10 1.7946E-10 2.0212E-10 2.2704E-10 2.5588E-10 2.8589E-10 3.1857E-10 3.5547E-10 3.9399E-10 4.3551E-10 4.8011E-10 5.2785E-10 5.7879E-10 6.3296E-10 6.9033E-10 7.5088E-10
0.0000E+00 0.0000E+00 0.0000E+00 0.0000E+00 0.0000E+00 0.0000E+00 0.0000E+00 0.0000E+00 0.0000E+00 0.0000E+00 0.0000E+00 0.0000E+00 0.0000E+00 0.0000E+00 0.0000E+00 0.0000E+00 0.0000E+00 0.0000E+00 0.0000E+00 0.0000E+00 0.0000E+00 0.0000E+00 0.0000E+00 0.0000E+00 0.0000E+00 0.0000E+00 0.0000E+00 0.0000E+00 0.0000E+00 0.0000E+00 1.2769E-12 8.2491E-12 1.5130E-11 2.5747E-11 4.2545E-11 5.7393E-11 7.4708E-11 9.1813E-11 1.0831E-10 1.2552E-10 1.4440E-10 1.6506E-10 1.8641E-10 2.1135E-10 2.3743E-10 2.6601E-10 2.9722E-10 3.3271E-10 3.6976E-10 4.0983E-10 4.5302E-10 4.9941E-10 5.4905E-10 6.0201E-10 6.5830E-10 7.1791E-10 7.8081E-10
0.0000E+00 0.0000E+00 0.0000E+00 0.0000E+00 0.0000E+00 0.0000E+00 0.0000E+00 0.0000E+00 0.0000E+00 0.0000E+00 0.0000E+00 0.0000E+00 0.0000E+00 0.0000E+00 0.0000E+00 0.0000E+00 0.0000E+00 0.0000E+00 0.0000E+00 0.0000E+00 0.0000E+00 0.0000E+00 0.0000E+00 0.0000E+00 0.0000E+00 0.0000E+00 0.0000E+00 0.0000E+00 0.0000E+00 0.0000E+00 1.2843E-12 8.3283E-12 1.8465E-11 2.9732E-11 4.7305E-11 6.1733E-11 7.6888E-11 9.4765E-11 1.1408E-10 1.3174E-10 1.4959E-10 1.7116E-10 1.9473E-10 2.1937E-10 2.4645E-10 2.7612E-10 3.1010E-10 3.4558E-10 3.8407E-10 4.2569E-10 4.7055E-10 5.1872E-10 5.7027E-10 6.3382E-10 6.9311E-10 7.5587E-10 8.2207E-10
0.0000E+00 0.0000E+00 0.0000E+00 0.0000E+00 0.0000E+00 0.0000E+00 0.0000E+00 0.0000E+00 0.0000E+00 0.0000E+00 0.0000E+00 0.0000E+00 0.0000E+00 0.0000E+00 0.0000E+00 0.0000E+00 0.0000E+00 0.0000E+00 0.0000E+00 0.0000E+00 0.0000E+00 0.0000E+00 0.0000E+00 0.0000E+00 0.0000E+00 0.0000E+00 0.0000E+00 0.0000E+00 0.0000E+00 0.0000E+00 3.6930E-12 1.1206E-11 1.7515E-11 3.3830E-11 5.1182E-11 6.5034E-11 8.1770E-11 1.0012E-10 1.1783E-10 1.3624E-10 1.5647E-10 1.7721E-10 2.0179E-10 2.2733E-10 2.5541E-10 2.8780E-10 3.2161E-10 3.5841E-10 3.9834E-10 4.4819E-10 4.9551E-10 5.5359E-10 6.0867E-10 6.6737E-10 7.2970E-10 7.9045E-10 8.5958E-10
0.0000E+00 0.0000E+00 0.0000E+00 0.0000E+00 0.0000E+00 0.0000E+00 0.0000E+00 0.0000E+00 0.0000E+00 0.0000E+00 0.0000E+00 0.0000E+00 0.0000E+00 0.0000E+00 0.0000E+00 0.0000E+00 0.0000E+00 0.0000E+00 0.0000E+00 0.0000E+00 0.0000E+00 0.0000E+00 0.0000E+00 0.0000E+00 0.0000E+00 0.0000E+00 0.0000E+00 0.0000E+00 0.0000E+00 0.0000E+00 6.1561E-12 1.1286E-11 2.1006E-11 3.4320E-11 5.2169E-11 6.9465E-11 8.6671E-11 1.0311E-10 1.2148E-10 1.4066E-10 1.6172E-10 1.8481E-10 2.0878E-10 2.3668E-10 2.6595E-10 2.9802E-10 3.3305E-10 3.7742E-10 4.2725E-10 4.8812E-10 5.3509E-10 5.9002E-10 6.4875E-10 7.1129E-10 7.7765E-10 8.4779E-10 9.1462E-10
0.0000E+00 0.0000E+00 0.0000E+00 0.0000E+00 0.0000E+00 0.0000E+00 0.0000E+00 0.0000E+00 0.0000E+00 0.0000E+00 0.0000E+00 0.0000E+00 0.0000E+00 0.0000E+00 0.0000E+00 0.0000E+00 0.0000E+00 0.0000E+00 0.0000E+00 0.0000E+00 0.0000E+00 0.0000E+00 0.0000E+00 0.0000E+00 0.0000E+00 0.0000E+00 0.0000E+00 0.0000E+00 0.0000E+00 2.0871E-12 6.1772E-12 1.4252E-11 2.4611E-11 3.7491E-11 5.5097E-11 7.1105E-11 8.8997E-11 1.0856E-10 1.2730E-10 1.4497E-10 1.6688E-10 1.9090E-10 2.1716E-10 2.4470E-10 2.7498E-10 3.0816E-10 3.5895E-10 4.1486E-10 4.6516E-10 5.1576E-10 5.7020E-10 6.2853E-10 6.9504E-10 7.6194E-10 8.3283E-10 9.0766E-10 9.8632E-10
0.0000E+00 0.0000E+00 0.0000E+00 0.0000E+00 0.0000E+00 0.0000E+00 0.0000E+00 0.0000E+00 0.0000E+00 0.0000E+00 0.0000E+00 0.0000E+00 0.0000E+00 0.0000E+00 0.0000E+00 0.0000E+00 0.0000E+00 0.0000E+00 0.0000E+00 0.0000E+00 0.0000E+00 0.0000E+00 0.0000E+00 0.0000E+00 0.0000E+00 0.0000E+00 0.0000E+00 0.0000E+00 0.0000E+00 2.0869E-12 8.6985E-12 1.7320E-11 2.8324E-11 4.1892E-11 5.9169E-11 7.5680E-11 9.4051E-11 1.1159E-10 1.2993E-10 1.5137E-10 1.7194E-10 1.9688E-10 2.2416E-10 2.6086E-10 3.0109E-10 3.5160E-10 3.9824E-10 4.5186E-10 5.0254E-10 5.5722E-10 6.1596E-10 6.7884E-10 7.4587E-10 8.0768E-10 8.8246E-10 9.6128E-10 1.0440E-09
0.0000E+00 0.0000E+00 0.0000E+00 0.0000E+00 0.0000E+00 0.0000E+00 0.0000E+00 0.0000E+00 0.0000E+00 0.0000E+00 0.0000E+00 0.0000E+00 0.0000E+00 0.0000E+00 0.0000E+00 0.0000E+00 0.0000E+00 0.0000E+00 0.0000E+00 0.0000E+00 0.0000E+00 0.0000E+00 0.0000E+00 0.0000E+00 0.0000E+00 0.0000E+00 0.0000E+00 0.0000E+00 0.0000E+00 4.2187E-12 8.7058E-12 1.7402E-11 2.8577E-11 4.5411E-11 6.3277E-11 8.0275E-11 9.9061E-11 1.1450E-10 1.3354E-10 1.5571E-10 1.7897E-10 2.1157E-10 2.4943E-10 2.8892E-10 3.4537E-10 3.9448E-10 4.3370E-10 4.8370E-10 5.3778E-10 5.9603E-10 6.5854E-10 7.2532E-10 7.9640E-10 8.7173E-10 9.4745E-10 1.0302E-09 1.1168E-09
0.0000E+00 0.0000E+00 0.0000E+00 0.0000E+00 0.0000E+00 0.0000E+00 0.0000E+00 0.0000E+00 0.0000E+00 0.0000E+00 0.0000E+00 0.0000E+00 0.0000E+00 0.0000E+00 0.0000E+00 0.0000E+00 0.0000E+00 0.0000E+00 0.0000E+00 0.0000E+00 0.0000E+00 0.0000E+00 0.0000E+00 0.0000E+00 0.0000E+00 0.0000E+00 0.0000E+00 0.0000E+00 1.7804E-12 4.2069E-12 1.1287E-11 2.0589E-11 3.2437E-11 4.6000E-11 6.4381E-11 8.1975E-11 1.0149E-10 1.1889E-10 1.3699E-10 1.7340E-10 2.0739E-10 2.4083E-10 2.7961E-10 3.3240E-10 3.8122E-10 4.2741E-10 4.6801E-10 5.2168E-10 5.7964E-10 6.4194E-10 7.0865E-10 7.7978E-10 8.6731E-10 9.4673E-10 1.0158E-09 1.1030E-09 1.1942E-09
0.0000E+00 0.0000E+00 0.0000E+00 0.0000E+00 0.0000E+00 0.0000E+00 0.0000E+00 0.0000E+00 0.0000E+00 0.0000E+00 0.0000E+00 0.0000E+00 0.0000E+00 0.0000E+00 0.0000E+00 0.0000E+00 0.0000E+00 0.0000E+00 0.0000E+00 0.0000E+00 0.0000E+00 0.0000E+00 0.0000E+00 0.0000E+00 0.0000E+00 0.0000E+00 0.0000E+00 0.0000E+00 1.7671E-12 6.3731E-12 1.3960E-11 2.3877E-11 3.6403E-11 4.9601E-11 6.8587E-11 8.6673E-11 1.1326E-10 1.4166E-10 1.6768E-10 1.9620E-10 2.3328E-10 2.7134E-10 3.2285E-10 3.7164E-10 4.1768E-10 4.6779E-10 5.0984E-10 5.6775E-10 6.3010E-10 6.9696E-10 7.8508E-10 8.6066E-10 9.4057E-10 1.0247E-09 1.0958E-09 1.1878E-09 1.2837E-09
0.0000E+00 0.0000E+00 0.0000E+00 0.0000E+00 0.0000E+00 0.0000E+00 0.0000E+00 0.0000E+00 0.0000E+00 0.0000E+00 0.0000E+00 0.0000E+00 0.0000E+00 0.0000E+00 0.0000E+00 0.0000E+00 0.0000E+00 0.0000E+00 0.0000E+00 0.0000E+00 0.0000E+00 0.0000E+00 0.0000E+00 0.0000E+00 0.0000E+00 0.0000E+00 0.0000E+00 0.0000E+00 3.5671E-12 6.3383E-12 1.3935E-11 2.7264E-11 3.9516E-11 5.3248E-11 8.2897E-11 1.1246E-10 1.3783E-10 1.6640E-10 1.9340E-10 2.2776E-10 2.6249E-10 3.2422E-10 3.6652E-10 4.1279E-10 4.6320E-10 5.1788E-10 5.6144E-10 6.4641E-10 7.1391E-10 7.8582E-10 8.6214E-10 9.4282E-10 1.0278E-09 1.1258E-09 1.1984E-09 1.2871E-09 1.3879E-09
0.0000E+00 0.0000E+00 0.0000E+00 0.0000E+00 0.0000E+00 0.0000E+00 0.0000E+00 0.0000E+00 0.0000E+00 0.0000E+00 0.0000E+00 0.0000E+00 0.0000E+00 0.0000E+00 0.0000E+00 0.0000E+00 0.0000E+00 0.0000E+00 0.0000E+00 0.0000E+00 0.0000E+00 0.0000E+00 0.0000E+00 0.0000E+00 0.0000E+00 0.0000E+00 0.0000E+00 1.4817E-12 3.5305E-12 8.5403E-12 1.6695E-11 2.7334E-11 4.9423E-11 7.2947E-11 1.0467E-10 1.2823E-10 1.5981E-10 1.8816E-10 2.2308E-10 2.6065E-10 3.2387E-10 3.6683E-10 4.1384E-10 4.6505E-10 5.2057E-10 6.0838E-10 6.5421E-10 7.2296E-10 7.9612E-10 8.7367E-10 9.5555E-10 1.0552E-09 1.1449E-09 1.2384E-09 1.3130E-09 1.4370E-09 1.5429E-09
0.0000E+00 0.0000E+00 0.0000E+00 0.0000E+00 0.0000E+00 0.0000E+00 0.0000E+00 0.0000E+00 0.0000E+00 0.0000E+00 0.0000E+00 0.0000E+00 0.0000E+00 0.0000E+00 0.0000E+00 0.0000E+00 0.0000E+00 0.0000E+00 0.0000E+00 0.0000E+00 0.0000E+00 0.0000E+00 0.0000E+00 0.0000E+00 0.0000E+00 0.0000E+00 0.0000E+00 1.4597E-12 5.3411E-12 1.0821E-11 2.3093E-11 4.0170E-11 6.3522E-11 8.9541E-11 1.1645E-10 1.4753E-10 1.7823E-10 2.1253E-10 2.4680E-10 3.0976E-10 3.5607E-10 4.0317E-10 4.5461E-10 5.4409E-10 6.0600E-10 6.7229E-10 7.4298E-10 8.1805E-10 9.1741E-10 1.0007E-09 1.0879E-09 1.1790E-09 1.2737E-09 1.3732E-09 1.4770E-09 1.5839E-09 1.6936E-09
0.0000E+00 0.0000E+00 0.0000E+00 0.0000E+00 0.0000E+00 0.0000E+00 0.0000E+00 0.0000E+00 0.0000E+00 0.0000E+00 0.0000E+00 0.0000E+00 0.0000E+00 0.0000E+00 0.0000E+00 0.0000E+00 0.0000E+00 0.0000E+00 0.0000E+00 0.0000E+00 0.0000E+00 0.0000E+00 0.0000E+00 0.0000E+00 0.0000E+00 0.0000E+00 0.0000E+00 2.9419E-12 5.2720E-12 1.5805E-11 3.6990E-11 5.5507E-11 7.6907E-11 1.0936E-10 1.3898E-10 1.6589E-10 1.9982E-10 2.3773E-10 2.9882E-10 3.4230E-10 4.2940E-10 4.8377E-10 5.4263E-10 6.0605E-10 6.7404E-10 7.4659E-10 8.5067E-10 9.3225E-10 1.0179E-09 1.1076E-09 1.2010E-09 1.2982E-09 1.3989E-09 1.5045E-09 1.6140E-09 1.7263E-09 1.8411E-09
0.0000E+00 0.0000E+00 0.0000E+00 0.0000E+00 0.0000E+00 0.0000E+00 0.0000E+00 0.0000E+00 0.0000E+00 0.0000E+00 0.0000E+00 0.0000E+00 0.0000E+00 0.0000E+00 0.0000E+00 0.0000E+00 0.0000E+00 0.0000E+00 0.0000E+00 0.0000E+00 0.0000E+00 0.0000E+00 0.0000E+00 0.0000E+00 0.0000E+00 0.0000E+00 0.0000E+00 2.8900E-12 1.6916E-11 2.9458E-11 4.5473E-11 6.9671E-11 9.6392E-11 1.2793E-10 1.5738E-10 1.9070E-10 2.2496E-10 2.7881E-10 3.7095E-10 4.2552E-10 4.8115E-10 5.4271E-10 6.0803E-10 6.7817E-10 7.8784E-10 8.6828E-10 9.5303E-10 1.0419E-09 1.1349E-09 1.2316E-09 1.3459E-09 1.4489E-09 1.5550E-09 1.6662E-09 1.7807E-09 1.8975E-09 2.0085E-09
0.0000E+00 0.0000E+00 0.0000E+00 0.0000E+00 0.0000E+00 0.0000E+00 0.0000E+00 0.0000E+00 0.0000E+00 0.0000E+00 0.0000E+00 0.0000E+00 0.0000E+00 0.0000E+00 0.0000E+00 0.0000E+00 0.0000E+00 0.0000E+00 0.0000E+00 0.0000E+00 0.0000E+00 0.0000E+00 0.0000E+00 0.0000E+00 0.0000E+00 0.0000E+00 0.0000E+00 1.3074E-11 2.5837E-11 4.0466E-11 5.8897E-11 8.4822E-11 1.1132E-10 1.4598E-10 1.7875E-10 2.1583E-10 2.6876E-10 3.1824E-10 4.1859E-10 4.8033E-10 5.4266E-10 6.5159E-10 7.2648E-10 8.0614E-10 8.9046E-10 9.7926E-10 1.0724E-09 1.1695E-09 1.2919E-09 1.3957E-09 1.5026E-09 1.6125E-09 1.7251E-09 1.8430E-09 1.9635E-09 2.0857E-09 2.2095E-09
0.0000E+00 0.0000E+00 0.0000E+00 0.0000E+00 0.0000E+00 0.0000E+00 0.0000E+00 0.0000E+00 0.0000E+00 0.0000E+00 0.0000E+00 0.0000E+00 0.0000E+00 0.0000E+00 0.0000E+00 0.0000E+00 0.0000E+00 0.0000E+00 0.0000E+00 0.0000E+00 0.0000E+00 0.0000E+00 0.0000E+00 0.0000E+00 0.0000E+00 4.5462E-12 1.0182E-11 1.9995E-11 3.6280E-11 5.3214E-11 7.3497E-11 1.0219E-10 1.3193E-10 1.7023E-10 2.0224E-10 2.4365E-10 3.0785E-10 3.5951E-10 4.7019E-10 5.8886E-10 6.6338E-10 7.4323E-10 8.2728E-10 9.1631E-10 1.0101E-09 1.1084E-09 1.2418E-09 1.3478E-09 1.4570E-09 1.5692E-09 1.6955E-09 1.8118E-09 1.9303E-09 2.0459E-09 2.1724E-09 2.3000E-09 2.4285E-09
0.0000E+00 0.0000E+00 0.0000E+00 0.0000E+00 0.0000E+00 0.0000E+00 0.0000E+00 0.0000E+00 0.0000E+00 0.0000E+00 0.0000E+00 0.0000E+00 0.0000E+00 0.0000E+00 0.0000E+00 0.0000E+00 0.0000E+00 0.0000E+00 0.0000E+00 0.0000E+00 0.0000E+00 0.0000E+00 0.0000E+00 0.0000E+00 4.5033E-12 1.0110E-11 1.6987E-11 2.8368E-11 4.6071E-11 6.4974E-11 8.7637E-11 1.1842E-10 1.5414E-10 1.9316E-10 2.3401E-10 2.9344E-10 3.4528E-10 5.0190E-10 5.8651E-10 6.7565E-10 7.5998E-10 8.6667E-10 9.6257E-10 1.1036E-09 1.2087E-09 1.3176E-09 1.4134E-09 1.5296E-09 1.6676E-09 1.7877E-09 1.9099E-09 2.0337E-09 2.1594E-09 2.2897E-09 2.4207E-09 2.5432E-09 2.6763E-09
0.0000E+00 0.0000E+00 0.0000E+00 0.0000E+00 0.0000E+00 0.0000E+00 0.0000E+00 0.0000E+00 0.0000E+00 0.0000E+00 0.0000E+00 0.0000E+00 0.0000E+00 0.0000E+00 0.0000E+00 0.0000E+00 0.0000E+00 0.0000E+00 0.0000E+00 0.0000E+00 0.0000E+00 0.0000E+00 0.0000E+00 0.0000E+00 9.8711E-12 1.6640E-11 2.4895E-11 3.9498E-11 5.9513E-11 8.1270E-11 1.0641E-10 1.3668E-10 1.7390E-10 2.1723E-10 3.2494E-10 3.8294E-10 4.6339E-10 5.9287E-10 6.9265E-10 7.9617E-10 8.9651E-10 1.0509E-09 1.1611E-09 1.2748E-09 1.3924E-09 1.5437E-09 1.6667E-09 1.7917E-09 1.9183E-09 2.0461E-09 2.1750E-09 2.2889E-09 2.4221E-09 2.5586E-09 2.6949E-09 2.8309E-09 2.9662E-09
0.0000E+00 0.0000E+00 0.0000E+00 0.0000E+00 0.0000E+00 0.0000E+00 0.0000E+00 0.0000E+00 0.0000E+00 0.0000E+00 0.0000E+00 0.0000E+00 0.0000E+00 0.0000E+00 0.0000E+00 0.0000E+00 0.0000E+00 0.0000E+00 0.0000E+00 0.0000E+00 0.0000E+00 0.0000E+00 0.0000E+00 5.3151E-12 1.6036E-11 2.4088E-11 3.3875E-11 5.0540E-11 7.4565E-11 9.8774E-11 1.2745E-10 1.6179E-10 2.4327E-10 3.1457E-10 3.9378E-10 4.6260E-10 5.3775E-10 6.8436E-10 7.9920E-10 9.7815E-10 1.1030E-09 1.2230E-09 1.3468E-09 1.5192E-09 1.6508E-09 1.7846E-09 1.9199E-09 2.0563E-09 2.1933E-09 2.3305E-09 2.4676E-09 2.6043E-09 2.7421E-09 2.8818E-09 3.0056E-09 3.1454E-09 3.2836E-09
0.0000E+00 0.0000E+00 0.0000E+00 0.0000E+00 0.0000E+00 0.0000E+00 0.0000E+00 0.0000E+00 0.0000E+00 0.0000E+00 0.0000E+00 0.0000E+00 0.0000E+00 0.0000E+00 0.0000E+00 0.0000E+00 0.0000E+00 0.0000E+00 0.0000E+00 0.0000E+00 0.0000E+00 0.0000E+00 5.0422E-12 1.1349E-11 1.9144E-11 2.8682E-11 4.0245E-11 5.8935E-11 8.5280E-11 1.1823E-10 1.8571E-10 2.5232E-10 3.0714E-10 3.8939E-10 4.5541E-10 5.3453E-10 6.8275E-10 8.6347E-10 9.9760E-10 1.1379E-09 1.2854E-09 1.4827E-09 1.6249E-09 1.7711E-09 1.9184E-09 2.0668E-09 2.2157E-09 2.3644E-09 2.5123E-09 2.6590E-09 2.8042E-09 2.9477E-09 3.0915E-09 3.2354E-09 3.3771E-09 3.5164E-09 3.6386E-09
