Assets/Resources/2015_m01_d15_1700(utc+0800)_l00_csi_1hr_conc.grd
DSAA
         159         159
     -79.000      79.000
     -79.000      79.000
  0.0000E+00  0.4864E-05
[rows 75 to 99 of 159, columns 0 to 56 of 159]
1.7745E-09 1.9013E-09 2.0366E-09 2.1498E-09 2.3009E-09 2.4558E-09 2.5907E-09 2.7433E-09 2.8970E-09 3.0840E-09 3.2675E-09 3.4793E-09 3.6970E-09 3.9364E-09 4.1942E-09 4.4766E-09 4.7793E-09 5.1090E-09 5.4613E-09 5.8462E-09 6.2573E-09 6.6994E-09 7.1740E-09 7.6844E-09 8.2266E-09 8.8097E-09 9.4213E-09 1.0081E-08 1.0772E-08 1.1523E-08 1.2301E-08 1.3136E-08 1.4012E-08 1.4932E-08 1.5897E-08 1.6889E-08 1.7927E-08 1.9000E-08 2.0095E-08 2.1214E-08 2.2347E-08 2.3486E-08 2.4621E-08 2.5762E-08 2.6872E-08 2.8214E-08 2.9370E-08 3.0519E-08 3.1610E-08 3.2552E-08 3.3316E-08 3.3885E-08 3.4271E-08 3.4485E-08 3.4508E-08 3.4367E-08 3.3977E-08
1.6927E-09 1.8234E-09 1.9439E-09 2.0685E-09 2.2264E-09 2.3757E-09 2.5078E-09 2.6533E-09 2.8043E-09 2.9848E-09 3.1631E-09 3.3680E-09 3.5789E-09 3.8095E-09 4.0588E-09 4.3314E-09 4.6264E-09 4.9453E-09 5.2861E-09 5.6581E-09 6.0553E-09 6.4832E-09 6.9411E-09 7.4312E-09 7.9559E-09 8.5157E-09 9.1070E-09 9.7358E-09 1.0405E-08 1.1107E-08 1.1869E-08 1.2652E-08 1.3491E-08 1.4366E-08 1.5280E-08 1.6227E-08 1.7205E-08 1.8211E-08 1.9253E-08 2.0305E-08 2.1367E-08 2.2433E-08 2.3496E-08 2.4548E-08 2.5597E-08 2.6614E-08 2.7604E-08 2.8519E-08 2.9357E-08 3.0097E-08 3.0684E-08 3.1101E-08 3.1356E-08 3.1419E-08 3.1312E-08 3.1039E-08 3.0620E-08
1.6381E-09 1.7502E-09 1.8769E-09 1.9962E-09 2.1354E-09 2.2909E-09 2.4199E-09 2.5602E-09 2.7058E-09 2.8797E-09 3.0515E-09 3.2475E-09 3.4522E-09 3.6724E-09 3.9146E-09 4.1768E-09 4.4610E-09 4.7681E-09 5.0956E-09 5.4525E-09 5.8354E-09 6.2455E-09 6.6856E-09 7.1546E-09 7.6589E-09 8.1910E-09 8.7621E-09 9.3593E-09 1.0000E-08 1.0671E-08 1.1381E-08 1.2139E-08 1.2919E-08 1.3751E-08 1.4608E-08 1.5507E-08 1.6424E-08 1.7374E-08 1.8337E-08 1.9326E-08 2.0317E-08 2.1308E-08 2.2293E-08 2.3263E-08 2.4215E-08 2.5154E-08 2.6027E-08 2.6829E-08 2.7527E-08 2.8079E-08 2.8525E-08 2.8823E-08 2.8945E-08 2.8919E-08 2.8733E-08 2.8369E-08 2.7835E-08
1.5798E-09 1.6873E-09 1.7977E-09 1.9225E-09 2.0560E-09 2.1753E-09 2.3276E-09 2.4615E-09 2.6018E-09 2.7682E-09 2.9333E-09 3.1201E-09 3.3177E-09 3.5288E-09 3.7609E-09 4.0122E-09 4.2844E-09 4.5769E-09 4.8923E-09 5.2304E-09 5.6001E-09 5.9907E-09 6.4102E-09 6.8578E-09 7.3367E-09 7.8444E-09 8.3810E-09 8.9544E-09 9.5532E-09 1.0197E-08 1.0867E-08 1.1575E-08 1.2321E-08 1.3087E-08 1.3899E-08 1.4726E-08 1.5596E-08 1.6474E-08 1.7373E-08 1.8282E-08 1.9192E-08 2.0111E-08 2.1013E-08 2.1901E-08 2.2762E-08 2.3588E-08 2.4363E-08 2.5040E-08 2.5621E-08 2.6091E-08 2.6420E-08 2.6610E-08 2.6658E-08 2.6544E-08 2.6259E-08 2.5800E-08 2.5180E-08
1.4971E-09 1.5933E-09 1.7121E-09 1.8224E-09 1.9563E-09 2.0866E-09 2.2307E-09 2.3588E-09 2.4905E-09 2.6513E-09 2.8086E-09 2.9877E-09 3.1761E-09 3.3775E-09 3.5987E-09 3.8351E-09 4.0963E-09 4.3747E-09 4.6761E-09 4.9983E-09 5.3466E-09 5.7194E-09 6.1149E-09 6.5397E-09 6.9893E-09 7.4732E-09 7.9787E-09 8.5214E-09 9.0863E-09 9.6876E-09 1.0322E-08 1.0980E-08 1.1673E-08 1.2399E-08 1.3141E-08 1.3919E-08 1.4709E-08 1.5522E-08 1.6355E-08 1.7181E-08 1.8017E-08 1.8844E-08 1.9658E-08 2.0458E-08 2.1226E-08 2.1943E-08 2.2596E-08 2.3169E-08 2.3645E-08 2.4004E-08 2.4236E-08 2.4338E-08 2.4296E-08 2.4102E-08 2.3750E-08 2.3244E-08 2.2596E-08
1.4379E-09 1.5256E-09 1.6400E-09 1.7430E-09 1.8573E-09 1.9917E-09 2.1282E-09 2.2520E-09 2.3769E-09 2.5303E-09 2.6796E-09 2.8497E-09 3.0271E-09 3.2195E-09 3.4261E-09 3.6525E-09 3.8985E-09 4.1633E-09 4.4487E-09 4.7517E-09 5.0821E-09 5.4317E-09 5.8050E-09 6.2056E-09 6.6278E-09 7.0773E-09 7.5573E-09 8.0571E-09 8.5948E-09 9.1511E-09 9.7433E-09 1.0360E-08 1.1000E-08 1.1665E-08 1.2358E-08 1.3065E-08 1.3793E-08 1.4536E-08 1.5279E-08 1.6040E-08 1.6791E-08 1.7526E-08 1.8250E-08 1.8951E-08 1.9610E-08 2.0220E-08 2.0769E-08 2.1236E-08 2.1610E-08 2.1871E-08 2.2013E-08 2.2028E-08 2.1909E-08 2.1650E-08 2.1250E-08 2.0722E-08 2.0076E-08
1.3646E-09 1.4472E-09 1.5462E-09 1.6539E-09 1.7512E-09 1.8722E-09 2.0034E-09 2.1419E-09 2.2596E-09 2.4055E-09 2.5451E-09 2.7056E-09 2.8722E-09 3.0552E-09 3.2494E-09 3.4634E-09 3.6934E-09 3.9431E-09 4.2107E-09 4.4959E-09 4.8024E-09 5.1310E-09 5.4835E-09 5.8534E-09 6.2523E-09 6.6693E-09 7.1181E-09 7.5835E-09 8.0800E-09 8.5984E-09 9.1403E-09 9.7114E-09 1.0301E-08 1.0913E-08 1.1540E-08 1.2186E-08 1.2848E-08 1.3514E-08 1.4188E-08 1.4856E-08 1.5515E-08 1.6170E-08 1.6800E-08 1.7399E-08 1.7954E-08 1.8461E-08 1.8904E-08 1.9270E-08 1.9546E-08 1.9718E-08 1.9776E-08 1.9717E-08 1.9536E-08 1.9231E-08 1.8813E-08 1.8293E-08 1.7696E-08
1.2971E-09 1.3699E-09 1.4578E-09 1.5618E-09 1.6661E-09 1.7774E-09 1.8991E-09 2.0262E-09 2.1400E-09 2.2731E-09 2.4071E-09 2.5571E-09 2.7138E-09 2.8855E-09 3.0677E-09 3.2676E-09 3.4812E-09 3.7151E-09 3.9651E-09 4.2343E-09 4.5180E-09 4.8258E-09 5.1495E-09 5.4952E-09 5.8642E-09 6.2520E-09 6.6581E-09 7.0964E-09 7.5467E-09 8.0269E-09 8.5263E-09 9.0458E-09 9.5844E-09 1.0138E-08 1.0710E-08 1.1289E-08 1.1879E-08 1.2474E-08 1.3070E-08 1.3654E-08 1.4232E-08 1.4789E-08 1.5321E-08 1.5826E-08 1.6289E-08 1.6697E-08 1.7045E-08 1.7318E-08 1.7504E-08 1.7595E-08 1.7584E-08 1.7468E-08 1.7245E-08 1.6925E-08 1.6522E-08 1.6061E-08 1.5556E-08
1.2307E-09 1.3022E-09 1.3777E-09 1.4706E-09 1.5673E-09 1.6624E-09 1.7830E-09 1.8931E-09 2.0174E-09 2.1415E-09 2.2669E-09 2.4077E-09 2.5533E-09 2.7107E-09 2.8846E-09 3.0675E-09 3.2688E-09 3.4846E-09 3.7177E-09 3.9665E-09 4.2283E-09 4.5118E-09 4.8097E-09 5.1301E-09 5.4649E-09 5.8269E-09 6.2007E-09 6.5983E-09 7.0128E-09 7.4471E-09 7.9003E-09 8.3709E-09 8.8575E-09 9.3577E-09 9.8652E-09 1.0385E-08 1.0906E-08 1.1427E-08 1.1942E-08 1.2448E-08 1.2943E-08 1.3411E-08 1.3858E-08 1.4275E-08 1.4645E-08 1.4964E-08 1.5226E-08 1.5418E-08 1.5531E-08 1.5558E-08 1.5496E-08 1.5345E-08 1.5112E-08 1.4816E-08 1.4474E-08 1.4097E-08 1.3686E-08
1.1628E-09 1.2187E-09 1.2853E-09 1.3693E-09 1.4679E-09 1.5586E-09 1.6668E-09 1.7801E-09 1.8918E-09 2.0097E-09 2.1233E-09 2.2557E-09 2.3910E-09 2.5384E-09 2.6989E-09 2.8696E-09 3.0551E-09 3.2511E-09 3.4672E-09 3.6925E-09 3.9369E-09 4.1946E-09 4.4709E-09 4.7617E-09 5.0698E-09 5.3913E-09 5.7395E-09 6.0952E-09 6.4739E-09 6.8658E-09 7.2735E-09 7.6953E-09 8.1291E-09 8.5743E-09 9.0259E-09 9.4816E-09 9.9369E-09 1.0390E-08 1.0829E-08 1.1258E-08 1.1668E-08 1.2061E-08 1.2431E-08 1.2767E-08 1.3058E-08 1.3302E-08 1.3490E-08 1.3615E-08 1.3670E-08 1.3637E-08 1.3531E-08 1.3346E-08 1.3132E-08 1.2889E-08 1.2629E-08 1.2345E-08 1.2035E-08
1.0912E-09 1.1465E-09 1.2128E-09 1.2832E-09 1.3793E-09 1.4619E-09 1.5396E-09 1.6570E-09 1.7536E-09 1.8782E-09 1.9839E-09 2.1062E-09 2.2315E-09 2.3667E-09 2.5115E-09 2.6708E-09 2.8387E-09 3.0214E-09 3.2156E-09 3.4245E-09 3.6466E-09 3.8790E-09 4.1315E-09 4.3946E-09 4.6767E-09 4.9677E-09 5.2790E-09 5.6016E-09 5.9382E-09 6.2891E-09 6.6529E-09 7.0281E-09 7.4122E-09 7.8022E-09 8.2004E-09 8.5949E-09 8.9889E-09 9.3720E-09 9.7463E-09 1.0106E-08 1.0447E-08 1.0770E-08 1.1068E-08 1.1333E-08 1.1559E-08 1.1729E-08 1.1847E-08 1.1900E-08 1.1908E-08 1.1848E-08 1.1733E-08 1.1605E-08 1.1443E-08 1.1260E-08 1.1062E-08 1.0839E-08 1.0590E-08
1.0258E-09 1.0733E-09 1.1264E-09 1.1886E-09 1.2676E-09 1.3545E-09 1.4411E-09 1.5391E-09 1.6348E-09 1.7451E-09 1.8444E-09 1.9550E-09 2.0726E-09 2.1961E-09 2.3298E-09 2.4745E-09 2.6273E-09 2.7926E-09 2.9671E-09 3.1556E-09 3.3571E-09 3.5706E-09 3.7930E-09 4.0349E-09 4.2836E-09 4.5503E-09 4.8238E-09 5.1163E-09 5.4149E-09 5.7258E-09 6.0476E-09 6.3773E-09 6.7148E-09 7.0571E-09 7.3978E-09 7.7407E-09 8.0732E-09 8.3969E-09 8.7088E-09 9.0069E-09 9.2825E-09 9.5370E-09 9.7659E-09 9.9701E-09 1.0127E-08 1.0244E-08 1.0325E-08 1.0374E-08 1.0375E-08 1.0337E-08 1.0265E-08 1.0161E-08 1.0046E-08 9.9094E-09 9.7569E-09 9.5798E-09 9.4000E-09
9.5904E-10 1.0025E-09 1.0527E-09 1.1127E-09 1.1805E-09 1.2591E-09 1.3401E-09 1.4206E-09 1.5113E-09 1.6094E-09 1.7094E-09 1.8099E-09 1.9172E-09 2.0308E-09 2.1501E-09 2.2805E-09 2.4199E-09 2.5661E-09 2.7262E-09 2.8957E-09 3.0769E-09 3.2655E-09 3.4691E-09 3.6820E-09 3.9076E-09 4.1433E-09 4.3878E-09 4.6436E-09 4.9111E-09 5.1836E-09 5.4664E-09 5.7545E-09 6.0389E-09 6.3345E-09 6.6201E-09 6.8985E-09 7.1736E-09 7.4478E-09 7.7014E-09 7.9354E-09 8.1636E-09 8.3728E-09 8.5743E-09 8.7442E-09 8.8825E-09 8.9903E-09 9.0602E-09 9.0801E-09 9.0654E-09 9.0311E-09 8.9960E-09 8.9513E-09 8.8810E-09 8.7837E-09 8.6670E-09 8.5313E-09 8.3764E-09
8.9515E-10 9.3322E-10 9.7910E-10 1.0281E-09 1.0875E-09 1.1553E-09 1.2348E-09 1.3121E-09 1.3915E-09 1.4848E-09 1.5764E-09 1.6694E-09 1.7635E-09 1.8669E-09 1.9761E-09 2.0925E-09 2.2154E-09 2.3505E-09 2.4902E-09 2.6421E-09 2.7977E-09 2.9631E-09 3.1382E-09 3.3252E-09 3.5279E-09 3.7339E-09 3.9533E-09 4.1720E-09 4.4017E-09 4.6421E-09 4.8818E-09 5.1255E-09 5.3799E-09 5.6247E-09 5.8673E-09 6.1114E-09 6.3493E-09 6.5774E-09 6.8004E-09 7.0109E-09 7.2102E-09 7.3954E-09 7.5476E-09 7.6788E-09 7.7847E-09 7.8710E-09 7.9218E-09 7.9488E-09 7.9468E-09 7.9436E-09 7.9320E-09 7.9004E-09 7.8431E-09 7.7700E-09 7.6777E-09 7.5600E-09 7.4319E-09
8.3395E-10 8.6942E-10 9.0874E-10 9.5149E-10 1.0112E-09 1.0640E-09 1.1337E-09 1.1971E-09 1.2734E-09 1.3487E-09 1.4317E-09 1.5150E-09 1.5991E-09 1.6896E-09 1.7886E-09 1.8917E-09 2.0022E-09 2.1218E-09 2.2407E-09 2.3703E-09 2.5044E-09 2.6559E-09 2.8160E-09 2.9845E-09 3.1573E-09 3.3407E-09 3.5343E-09 3.7356E-09 3.9380E-09 4.1506E-09 4.3618E-09 4.5794E-09 4.7965E-09 5.0143E-09 5.2256E-09 5.4295E-09 5.6229E-09 5.8164E-09 5.9979E-09 6.1779E-09 6.3499E-09 6.5004E-09 6.6358E-09 6.7511E-09 6.8352E-09 6.8763E-09 6.8908E-09 6.9379E-09 6.9849E-09 6.9931E-09 7.0048E-09 6.9956E-09 6.9584E-09 6.8715E-09 6.7963E-09 6.6751E-09 6.5471E-09
7.7725E-10 8.0586E-10 8.3985E-10 8.8038E-10 9.2694E-10 9.7801E-10 1.0346E-09 1.1025E-09 1.1595E-09 1.2320E-09 1.3005E-09 1.3771E-09 1.4540E-09 1.5349E-09 1.6230E-09 1.7157E-09 1.8127E-09 1.9153E-09 2.0267E-09 2.1432E-09 2.2668E-09 2.4013E-09 2.5431E-09 2.6928E-09 2.8446E-09 3.0067E-09 3.1674E-09 3.3402E-09 3.5211E-09 3.7023E-09 3.8901E-09 4.0762E-09 4.2644E-09 4.4497E-09 4.6309E-09 4.8056E-09 4.9767E-09 5.1455E-09 5.3006E-09 5.4513E-09 5.5945E-09 5.6881E-09 5.7747E-09 5.8534E-09 5.9249E-09 5.9923E-09 6.0297E-09 6.0642E-09 6.0959E-09 6.0980E-09 6.0958E-09 6.0719E-09 6.0360E-09 5.9790E-09 5.9314E-09 5.8530E-09 5.7703E-09
7.2336E-10 7.4643E-10 7.7394E-10 8.0922E-10 8.5171E-10 8.9784E-10 9.4499E-10 1.0066E-09 1.0601E-09 1.1210E-09 1.1817E-09 1.2489E-09 1.3178E-09 1.3908E-09 1.4670E-09 1.5506E-09 1.6376E-09 1.7286E-09 1.8258E-09 1.9283E-09 2.0411E-09 2.1558E-09 2.2808E-09 2.4079E-09 2.5506E-09 2.6899E-09 2.8422E-09 2.9918E-09 3.1534E-09 3.3113E-09 3.4719E-09 3.6315E-09 3.7914E-09 3.9495E-09 4.0952E-09 4.2373E-09 4.3867E-09 4.5043E-09 4.6234E-09 4.7271E-09 4.8582E-09 4.9711E-09 5.0637E-09 5.1532E-09 5.2398E-09 5.2968E-09 5.3507E-09 5.3850E-09 5.4136E-09 5.4211E-09 5.4206E-09 5.4020E-09 5.3728E-09 5.3275E-09 5.2749E-09 5.2110E-09 5.1410E-09
6.7060E-10 6.9059E-10 7.1524E-10 7.4417E-10 7.8336E-10 8.2080E-10 8.6715E-10 9.1113E-10 9.7082E-10 1.0239E-09 1.0802E-09 1.1364E-09 1.2017E-09 1.2635E-09 1.3329E-09 1.4028E-09 1.4821E-09 1.5637E-09 1.6506E-09 1.7417E-09 1.8350E-09 1.9404E-09 2.0429E-09 2.1585E-09 2.2708E-09 2.3929E-09 2.5213E-09 2.6565E-09 2.7912E-09 2.9325E-09 3.0727E-09 3.1928E-09 3.3117E-09 3.4462E-09 3.5578E-09 3.6983E-09 3.8245E-09 3.9493E-09 4.0708E-09 4.1863E-09 4.2917E-09 4.3972E-09 4.4915E-09 4.5747E-09 4.6439E-09 4.7064E-09 4.7556E-09 4.7890E-09 4.8139E-09 4.8234E-09 4.8261E-09 4.8156E-09 4.7948E-09 4.7618E-09 4.7186E-09 4.6656E-09 4.6044E-09
6.2027E-10 6.3789E-10 6.5748E-10 6.7981E-10 7.1258E-10 7.4532E-10 7.8682E-10 8.2870E-10 8.7286E-10 9.2906E-10 9.7388E-10 1.0259E-09 1.0769E-09 1.1335E-09 1.1890E-09 1.2545E-09 1.3219E-09 1.3971E-09 1.4724E-09 1.5533E-09 1.6381E-09 1.7273E-09 1.8252E-09 1.9205E-09 2.0115E-09 2.1049E-09 2.2177E-09 2.3244E-09 2.4446E-09 2.5660E-09 2.6824E-09 2.8031E-09 2.9194E-09 3.0347E-09 3.1599E-09 3.2704E-09 3.3892E-09 3.5012E-09 3.6109E-09 3.7173E-09 3.8124E-09 3.9043E-09 3.9878E-09 4.0620E-09 4.1245E-09 4.1829E-09 4.2294E-09 4.2650E-09 4.2886E-09 4.3013E-09 4.3037E-09 4.2969E-09 4.2778E-09 4.2467E-09 4.2082E-09 4.1583E-09 4.1010E-09
5.6881E-10 5.8599E-10 6.0229E-10 6.2030E-10 6.4490E-10 6.7761E-10 7.0722E-10 7.5200E-10 7.8635E-10 8.4008E-10 8.8275E-10 9.2458E-10 9.6919E-10 1.0183E-09 1.0630E-09 1.1090E-09 1.1608E-09 1.2233E-09 1.2948E-09 1.3656E-09 1.4362E-09 1.5100E-09 1.5929E-09 1.6786E-09 1.7646E-09 1.8596E-09 1.9569E-09 2.0544E-09 2.1643E-09 2.2695E-09 2.3760E-09 2.4802E-09 2.5911E-09 2.6980E-09 2.7992E-09 2.9008E-09 3.0113E-09 3.1094E-09 3.2123E-09 3.3053E-09 3.3914E-09 3.4752E-09 3.5463E-09 3.6072E-09 3.6623E-09 3.7189E-09 3.7639E-09 3.7959E-09 3.8158E-09 3.8218E-09 3.8198E-09 3.8114E-09 3.7913E-09 3.7640E-09 3.7271E-09 3.6825E-09 3.6329E-09
5.0200E-10 5.1694E-10 5.3144E-10 5.4740E-10 5.6689E-10 5.9454E-10 6.1790E-10 6.5124E-10 6.8003E-10 7.2562E-10 7.6349E-10 8.0525E-10 8.4470E-10 8.8463E-10 9.2937E-10 9.7617E-10 1.0287E-09 1.0851E-09 1.1420E-09 1.2098E-09 1.2723E-09 1.3435E-09 1.4149E-09 1.4874E-09 1.5661E-09 1.6552E-09 1.7382E-09 1.8302E-09 1.9216E-09 2.0204E-09 2.1130E-09 2.2000E-09 2.2890E-09 2.3982E-09 2.4924E-09 2.5943E-09 2.6844E-09 2.7743E-09 2.8646E-09 2.9390E-09 3.0098E-09 3.0764E-09 3.1404E-09 3.2009E-09 3.2526E-09 3.2956E-09 3.3301E-09 3.3520E-09 3.3661E-09 3.3722E-09 3.3715E-09 3.3644E-09 3.3501E-09 3.3279E-09 3.3002E-09 3.2666E-09 3.2225E-09
4.4409E-10 4.5499E-10 4.6721E-10 4.8041E-10 4.9714E-10 5.1794E-10 5.4188E-10 5.7070E-10 6.0198E-10 6.2964E-10 6.7076E-10 7.0591E-10 7.4234E-10 7.7723E-10 8.2218E-10 8.6329E-10 9.1145E-10 9.6050E-10 1.0144E-09 1.0698E-09 1.1336E-09 1.1962E-09 1.2623E-09 1.3311E-09 1.4022E-09 1.4760E-09 1.5576E-09 1.6365E-09 1.7126E-09 1.7836E-09 1.8702E-09 1.9519E-09 2.0415E-09 2.1230E-09 2.2105E-09 2.2943E-09 2.3729E-09 2.4566E-09 2.5285E-09 2.6077E-09 2.6742E-09 2.7371E-09 2.7954E-09 2.8479E-09 2.8925E-09 2.9306E-09 2.9582E-09 2.9767E-09 2.9868E-09 2.9897E-09 2.9883E-09 2.9781E-09 2.9631E-09 2.9391E-09 2.9075E-09 2.8760E-09 2.8411E-09
4.0312E-10 4.1504E-10 4.2653E-10 4.3811E-10 4.5050E-10 4.6537E-10 4.8845E-10 5.0989E-10 5.3536E-10 5.6794E-10 5.9989E-10 6.3793E-10 6.6588E-10 7.0161E-10 7.3573E-10 7.7709E-10 8.1853E-10 8.6539E-10 9.1076E-10 9.6316E-10 1.0150E-09 1.0746E-09 1.1327E-09 1.1946E-09 1.2574E-09 1.3225E-09 1.3899E-09 1.4598E-09 1.5312E-09 1.6019E-09 1.6741E-09 1.7486E-09 1.8180E-09 1.8898E-09 1.9650E-09 2.0347E-09 2.1166E-09 2.1824E-09 2.2559E-09 2.3178E-09 2.3821E-09 2.4373E-09 2.4866E-09 2.5299E-09 2.5675E-09 2.5990E-09 2.6203E-09 2.6296E-09 2.6320E-09 2.6314E-09 2.6240E-09 2.6154E-09 2.5990E-09 2.5800E-09 2.5585E-09 2.5280E-09 2.4892E-09
3.7562E-10 3.8559E-10 3.9686E-10 4.0776E-10 4.1859E-10 4.3077E-10 4.4777E-10 4.6848E-10 4.9250E-10 5.1760E-10 5.4958E-10 5.7914E-10 6.1156E-10 6.3980E-10 6.7448E-10 7.0710E-10 7.4675E-10 7.8418E-10 8.2819E-10 8.7183E-10 9.2040E-10 9.6833E-10 1.0237E-09 1.0781E-09 1.1353E-09 1.1937E-09 1.2533E-09 1.3145E-09 1.3772E-09 1.4409E-09 1.5045E-09 1.5670E-09 1.6329E-09 1.6934E-09 1.7534E-09 1.8193E-09 1.8776E-09 1.9469E-09 2.0020E-09 2.0570E-09 2.1065E-09 2.1567E-09 2.1936E-09 2.2284E-09 2.2561E-09 2.2808E-09 2.3003E-09 2.3080E-09 2.3114E-09 2.3078E-09 2.3038E-09 2.2977E-09 2.2871E-09 2.2683E-09 2.2463E-09 2.2081E-09 2.1826E-09
3.4639E-10 3.5544E-10 3.6612E-10 3.7600E-10 3.8578E-10 3.9593E-10 4.0742E-10 4.2510E-10 4.4504E-10 4.6882E-10 4.9447E-10 5.2369E-10 5.5375E-10 5.8401E-10 6.1052E-10 6.4311E-10 6.7403E-10 7.1158E-10 7.4718E-10 7.8937E-10 8.3129E-10 8.7721E-10 9.2277E-10 9.7145E-10 1.0236E-09 1.0761E-09 1.1293E-09 1.1832E-09 1.2391E-09 1.2945E-09 1.3478E-09 1.4001E-09 1.4531E-09 1.5033E-09 1.5595E-09 1.6071E-09 1.6590E-09 1.7050E-09 1.7613E-09 1.8069E-09 1.8513E-09 1.8867E-09 1.9214E-09 1.9551E-09 1.9805E-09 2.0030E-09 2.0177E-09 2.0263E-09 2.0273E-09 2.0206E-09 2.0138E-09 2.0068E-09 1.9952E-09 1.9848E-09 1.9630E-09 1.9411E-09 1.9254E-09
