Assets/Resources/2015_m01_d11_0900(utc+0800)_l00_csi_1hr_conc.grd
DSAA
         159         159
     -79.000      79.000
     -79.000      79.000
  0.0000E+00  0.8653E-06
[rows 25 to 49 of 159, columns 57 to 113 of 159]
0.0000E+00 0.0000E+00 0.0000E+00 1.5263E-14 9.7012E-13 2.9094E-12 5.1104E-12 8.1639E-12 1.2706E-11 1.8317E-11 2.5120E-11 3.6162E-11 5.0264E-11 6.6319E-11 8.4670E-11 1.0389E-10 1.2448E-10 1.4528E-10 1.6605E-10 1.8909E-10 2.1319E-10 2.3634E-10 2.5745E-10 2.7863E-10 2.9893E-10 3.1771E-10 3.3732E-10 3.5591E-10 3.7421E-10 3.9333E-10 4.1205E-10 4.2883E-10 4.4409E-10 4.5590E-10 4.6449E-10 4.6984E-10 4.7227E-10 4.7145E-10 4.6868E-10 4.6272E-10 4.5587E-10 4.4726E-10 4.3674E-10 4.2472E-10 4.1062E-10 3.9625E-10 3.8002E-10 3.6356E-10 3.4721E-10 3.3081E-10 3.1411E-10 2.9759E-10 2.8187E-10 2.6615E-10 2.5067E-10 2.3561E-10 2.2139E-10
1.3674E-12 2.2893E-12 3.2248E-12 4.7110E-12 7.1000E-12 1.0401E-11 1.3982E-11 2.0056E-11 3.1069E-11 4.5604E-11 6.2965E-11 8.1431E-11 1.0055E-10 1.2112E-10 1.4282E-10 1.6650E-10 1.9089E-10 2.1599E-10 2.4433E-10 2.7274E-10 2.9947E-10 3.2571E-10 3.5093E-10 3.7351E-10 3.9548E-10 4.1802E-10 4.3704E-10 4.5639E-10 4.7920E-10 5.0102E-10 5.2065E-10 5.4074E-10 5.5727E-10 5.6963E-10 5.7955E-10 5.8516E-10 5.8699E-10 5.8589E-10 5.8109E-10 5.7389E-10 5.6360E-10 5.5260E-10 5.3940E-10 5.2391E-10 5.0754E-10 4.8862E-10 4.7048E-10 4.5042E-10 4.2956E-10 4.0928E-10 3.8916E-10 3.6848E-10 3.4769E-10 3.2897E-10 3.0987E-10 2.9109E-10 2.7379E-10
3.9226E-12 6.5735E-12 1.1103E-11 1.6881E-11 2.4022E-11 3.3945E-11 5.2847E-11 7.3884E-11 9.6525E-11 1.1998E-10 1.4132E-10 1.5762E-10 1.7996E-10 2.0820E-10 2.3755E-10 2.6666E-10 2.9810E-10 3.3068E-10 3.6032E-10 3.8860E-10 4.2016E-10 4.4932E-10 4.7493E-10 5.0072E-10 5.2386E-10 5.4363E-10 5.6530E-10 5.8932E-10 6.1024E-10 6.3399E-10 6.5870E-10 6.7619E-10 6.9430E-10 7.0828E-10 7.1635E-10 7.2239E-10 7.2381E-10 7.2102E-10 7.1478E-10 7.0515E-10 6.9244E-10 6.7702E-10 6.6018E-10 6.4176E-10 6.2055E-10 5.9873E-10 5.7446E-10 5.5021E-10 5.2584E-10 5.0064E-10 4.7592E-10 4.5238E-10 4.2837E-10 4.0431E-10 3.8172E-10 3.5934E-10 3.3799E-10
1.2913E-11 2.1212E-11 3.5058E-11 5.0830E-11 7.3508E-11 1.0446E-10 1.4054E-10 1.7750E-10 2.1271E-10 2.4866E-10 2.8182E-10 3.0918E-10 3.3391E-10 3.5891E-10 3.8998E-10 4.2875E-10 4.6161E-10 4.9225E-10 5.2475E-10 5.6251E-10 5.9299E-10 6.1827E-10 6.4748E-10 6.7022E-10 6.8906E-10 7.1212E-10 7.3093E-10 7.5003E-10 7.7604E-10 7.9904E-10 8.2055E-10 8.4223E-10 8.5807E-10 8.7063E-10 8.8110E-10 8.8423E-10 8.8489E-10 8.8072E-10 8.7202E-10 8.5895E-10 8.4379E-10 8.2442E-10 8.0269E-10 7.7955E-10 7.5436E-10 7.2736E-10 6.9931E-10 6.7006E-10 6.3969E-10 6.0921E-10 5.8011E-10 5.4975E-10 5.2038E-10 4.9209E-10 4.6427E-10 4.3755E-10 4.1268E-10
3.4851E-11 5.4214E-11 7.9346E-11 1.1917E-10 1.6635E-10 2.1992E-10 2.7955E-10 3.4184E-10 4.0099E-10 4.5644E-10 5.0599E-10 5.4897E-10 5.8449E-10 6.1339E-10 6.4154E-10 6.7355E-10 7.0688E-10 7.4424E-10 7.7744E-10 8.0378E-10 8.3178E-10 8.6063E-10 8.7458E-10 8.9415E-10 9.1361E-10 9.2321E-10 9.3921E-10 9.6037E-10 9.7863E-10 9.9987E-10 1.0225E-09 1.0403E-09 1.0552E-09 1.0662E-09 1.0728E-09 1.0763E-09 1.0729E-09 1.0669E-09 1.0552E-09 1.0401E-09 1.0195E-09 9.9675E-10 9.7008E-10 9.4057E-10 9.1005E-10 8.7731E-10 8.4381E-10 8.0793E-10 7.7217E-10 7.3557E-10 6.9984E-10 6.6578E-10 6.3107E-10 5.9696E-10 5.6404E-10 5.3222E-10 5.0095E-10
7.0542E-11 1.1327E-10 1.6958E-10 2.3855E-10 3.2031E-10 4.1494E-10 5.1576E-10 6.1940E-10 7.1555E-10 8.0102E-10 8.7292E-10 9.3080E-10 9.7425E-10 1.0088E-09 1.0408E-09 1.0684E-09 1.0898E-09 1.1075E-09 1.1231E-09 1.1504E-09 1.1685E-09 1.1785E-09 1.1919E-09 1.1927E-09 1.1963E-09 1.2022E-09 1.2075E-09 1.2156E-09 1.2312E-09 1.2466E-09 1.2601E-09 1.2742E-09 1.2873E-09 1.2949E-09 1.2978E-09 1.2995E-09 1.2955E-09 1.2847E-09 1.2706E-09 1.2503E-09 1.2261E-09 1.1971E-09 1.1655E-09 1.1302E-09 1.0928E-09 1.0548E-09 1.0134E-09 9.7270E-10 9.2941E-10 8.8588E-10 8.4159E-10 7.9945E-10 7.5808E-10 7.1702E-10 6.7676E-10 6.3926E-10 6.0268E-10
1.3767E-10 2.1627E-10 3.1482E-10 4.2905E-10 5.6694E-10 7.2259E-10 8.8588E-10 1.0492E-09 1.2017E-09 1.3288E-09 1.4339E-09 1.5143E-09 1.5728E-09 1.6118E-09 1.6302E-09 1.6408E-09 1.6452E-09 1.6457E-09 1.6415E-09 1.6303E-09 1.6240E-09 1.6216E-09 1.6042E-09 1.5873E-09 1.5675E-09 1.5543E-09 1.5427E-09 1.5382E-09 1.5375E-09 1.5407E-09 1.5482E-09 1.5551E-09 1.5583E-09 1.5664E-09 1.5649E-09 1.5591E-09 1.5504E-09 1.5357E-09 1.5156E-09 1.4912E-09 1.4613E-09 1.4265E-09 1.3877E-09 1.3452E-09 1.3010E-09 1.2548E-09 1.2079E-09 1.1578E-09 1.1082E-09 1.0583E-09 1.0078E-09 9.5761E-10 9.0949E-10 8.6113E-10 8.1313E-10 7.6745E-10 7.2418E-10
2.4612E-10 3.7180E-10 5.2504E-10 7.2078E-10 9.4296E-10 1.1895E-09 1.4499E-09 1.7065E-09 1.9430E-09 2.1400E-09 2.2911E-09 2.3968E-09 2.4570E-09 2.4860E-09 2.4874E-09 2.4732E-09 2.4390E-09 2.3948E-09 2.3431E-09 2.2848E-09 2.2484E-09 2.1944E-09 2.1476E-09 2.1004E-09 2.0481E-09 1.9957E-09 1.9619E-09 1.9318E-09 1.9085E-09 1.8955E-09 1.8853E-09 1.8828E-09 1.8795E-09 1.8731E-09 1.8686E-09 1.8573E-09 1.8407E-09 1.8205E-09 1.7943E-09 1.7637E-09 1.7270E-09 1.6861E-09 1.6400E-09 1.5902E-09 1.5369E-09 1.4821E-09 1.4259E-09 1.3687E-09 1.3103E-09 1.2511E-09 1.1920E-09 1.1337E-09 1.0770E-09 1.0211E-09 9.6769E-10 9.1351E-10 8.6319E-10
3.9567E-10 5.8737E-10 8.3872E-10 1.1451E-09 1.4904E-09 1.8685E-09 2.2699E-09 2.6591E-09 3.0109E-09 3.3044E-09 3.5141E-09 3.6550E-09 3.7298E-09 3.7412E-09 3.6999E-09 3.6239E-09 3.5258E-09 3.4158E-09 3.3027E-09 3.1766E-09 3.0565E-09 2.9530E-09 2.8527E-09 2.7411E-09 2.6506E-09 2.5612E-09 2.4748E-09 2.4087E-09 2.3561E-09 2.3149E-09 2.2816E-09 2.2614E-09 2.2452E-09 2.2287E-09 2.2106E-09 2.1911E-09 2.1679E-09 2.1417E-09 2.1089E-09 2.0694E-09 2.0277E-09 1.9776E-09 1.9238E-09 1.8656E-09 1.8037E-09 1.7379E-09 1.6726E-09 1.6054E-09 1.5368E-09 1.4682E-09 1.3989E-09 1.3301E-09 1.2646E-09 1.2002E-09 1.1372E-09 1.0757E-09 1.0168E-09
5.9731E-10 8.9137E-10 1.2701E-09 1.7201E-09 2.2491E-09 2.8197E-09 3.4111E-09 3.9902E-09 4.5079E-09 4.9344E-09 5.2390E-09 5.4188E-09 5.4875E-09 5.4533E-09 5.3441E-09 5.1854E-09 4.9877E-09 4.7729E-09 4.5500E-09 4.3292E-09 4.1131E-09 3.9233E-09 3.7366E-09 3.5672E-09 3.3948E-09 3.2368E-09 3.0986E-09 2.9812E-09 2.8783E-09 2.8024E-09 2.7439E-09 2.6901E-09 2.6585E-09 2.6270E-09 2.5977E-09 2.5704E-09 2.5373E-09 2.5017E-09 2.4611E-09 2.4132E-09 2.3616E-09 2.3047E-09 2.2410E-09 2.1732E-09 2.1000E-09 2.0236E-09 1.9476E-09 1.8689E-09 1.7902E-09 1.7101E-09 1.6305E-09 1.5510E-09 1.4727E-09 1.3988E-09 1.3262E-09 1.2556E-09 1.1878E-09
8.6327E-10 1.2866E-09 1.8239E-09 2.4876E-09 3.2553E-09 4.0916E-09 4.9440E-09 5.7792E-09 6.5232E-09 7.1214E-09 7.5408E-09 7.7685E-09 7.8321E-09 7.7439E-09 7.5282E-09 7.2301E-09 6.8838E-09 6.5203E-09 6.1559E-09 5.7885E-09 5.4405E-09 5.1310E-09 4.8386E-09 4.5743E-09 4.3092E-09 4.0692E-09 3.8443E-09 3.6526E-09 3.4978E-09 3.3621E-09 3.2653E-09 3.1883E-09 3.1267E-09 3.0763E-09 3.0325E-09 2.9915E-09 2.9496E-09 2.8983E-09 2.8502E-09 2.7954E-09 2.7344E-09 2.6672E-09 2.5932E-09 2.5129E-09 2.4288E-09 2.3417E-09 2.2519E-09 2.1627E-09 2.0702E-09 1.9786E-09 1.8869E-09 1.7959E-09 1.7062E-09 1.6209E-09 1.5378E-09 1.4574E-09 1.3789E-09
1.1881E-09 1.7674E-09 2.5198E-09 3.4506E-09 4.5210E-09 5.6992E-09 6.9104E-09 8.0774E-09 9.1189E-09 9.9443E-09 1.0511E-08 1.0806E-08 1.0848E-08 1.0668E-08 1.0304E-08 9.8222E-09 9.2816E-09 8.7092E-09 8.1460E-09 7.5911E-09 7.0809E-09 6.6035E-09 6.1737E-09 5.7753E-09 5.3965E-09 5.0417E-09 4.7206E-09 4.4327E-09 4.2048E-09 4.0094E-09 3.8620E-09 3.7445E-09 3.6494E-09 3.5810E-09 3.5133E-09 3.4563E-09 3.4017E-09 3.3393E-09 3.2802E-09 3.2165E-09 3.1435E-09 3.0651E-09 2.9797E-09 2.8885E-09 2.7917E-09 2.6897E-09 2.5869E-09 2.4843E-09 2.3810E-09 2.2753E-09 2.1707E-09 2.0682E-09 1.9658E-09 1.8669E-09 1.7727E-09 1.6803E-09 1.5904E-09
1.5631E-09 2.3324E-09 3.3447E-09 4.5870E-09 6.0465E-09 7.6586E-09 9.3217E-09 1.0921E-08 1.2335E-08 1.3457E-08 1.4206E-08 1.4575E-08 1.4590E-08 1.4291E-08 1.3741E-08 1.3023E-08 1.2211E-08 1.1382E-08 1.0560E-08 9.7728E-09 9.0377E-09 8.3644E-09 7.7654E-09 7.1945E-09 6.6685E-09 6.1711E-09 5.7269E-09 5.3276E-09 5.0097E-09 4.7489E-09 4.5310E-09 4.3685E-09 4.2352E-09 4.1337E-09 4.0454E-09 3.9649E-09 3.8942E-09 3.8239E-09 3.7514E-09 3.6760E-09 3.5883E-09 3.4984E-09 3.4001E-09 3.2961E-09 3.1871E-09 3.0725E-09 2.9536E-09 2.8368E-09 2.7193E-09 2.6017E-09 2.4833E-09 2.3659E-09 2.2507E-09 2.1384E-09 2.0308E-09 1.9262E-09 1.8254E-09
1.9658E-09 2.9562E-09 4.2569E-09 5.8764E-09 7.7959E-09 9.9228E-09 1.2132E-08 1.4275E-08 1.6154E-08 1.7640E-08 1.8624E-08 1.9079E-08 1.9070E-08 1.8629E-08 1.7844E-08 1.6827E-08 1.5699E-08 1.4532E-08 1.3396E-08 1.2319E-08 1.1307E-08 1.0422E-08 9.5946E-09 8.8298E-09 8.1384E-09 7.4648E-09 6.8741E-09 6.3538E-09 5.9231E-09 5.5687E-09 5.2805E-09 5.0592E-09 4.8771E-09 4.7369E-09 4.6251E-09 4.5213E-09 4.4361E-09 4.3484E-09 4.2610E-09 4.1704E-09 4.0709E-09 3.9660E-09 3.8558E-09 3.7370E-09 3.6132E-09 3.4856E-09 3.3531E-09 3.2209E-09 3.0876E-09 2.9548E-09 2.8227E-09 2.6910E-09 2.5612E-09 2.4337E-09 2.3135E-09 2.1954E-09 2.0811E-09
2.3806E-09 3.5984E-09 5.2128E-09 7.2559E-09 9.6843E-09 1.2406E-08 1.5267E-08 1.8045E-08 2.0520E-08 2.2443E-08 2.3727E-08 2.4310E-08 2.4255E-08 2.3655E-08 2.2597E-08 2.1231E-08 1.9712E-08 1.8161E-08 1.6653E-08 1.5233E-08 1.3911E-08 1.2735E-08 1.1649E-08 1.0685E-08 9.7726E-09 8.9329E-09 8.1713E-09 7.4960E-09 6.9375E-09 6.4826E-09 6.0982E-09 5.8054E-09 5.5799E-09 5.3939E-09 5.2491E-09 5.1217E-09 5.0177E-09 4.9141E-09 4.8060E-09 4.7028E-09 4.5873E-09 4.4685E-09 4.3425E-09 4.2109E-09 4.0724E-09 3.9298E-09 3.7823E-09 3.6337E-09 3.4863E-09 3.3366E-09 3.1884E-09 3.0423E-09 2.8991E-09 2.7544E-09 2.6191E-09 2.4883E-09 2.3592E-09
2.7540E-09 4.2026E-09 6.1491E-09 8.6280E-09 1.1608E-08 1.4994E-08 1.8582E-08 2.2089E-08 2.5240E-08 2.7732E-08 2.9384E-08 3.0150E-08 3.0051E-08 2.9275E-08 2.7915E-08 2.6166E-08 2.4221E-08 2.2222E-08 2.0280E-08 1.8456E-08 1.6796E-08 1.5321E-08 1.3950E-08 1.2726E-08 1.1575E-08 1.0547E-08 9.5954E-09 8.7608E-09 8.0536E-09 7.4726E-09 6.9952E-09 6.6279E-09 6.3321E-09 6.0948E-09 5.9204E-09 5.7598E-09 5.6339E-09 5.5140E-09 5.3856E-09 5.2677E-09 5.1383E-09 5.0001E-09 4.8605E-09 4.7135E-09 4.5611E-09 4.4029E-09 4.2398E-09 4.0735E-09 3.9107E-09 3.7468E-09 3.5815E-09 3.4188E-09 3.2594E-09 3.1004E-09 2.9481E-09 2.8023E-09 2.6602E-09
3.0687E-09 4.7241E-09 6.9777E-09 9.8853E-09 1.3438E-08 1.7518E-08 2.1870E-08 2.6209E-08 3.0131E-08 3.3318E-08 3.5438E-08 3.6438E-08 3.6365E-08 3.5382E-08 3.3711E-08 3.1545E-08 2.9118E-08 2.6637E-08 2.4238E-08 2.1982E-08 1.9940E-08 1.8109E-08 1.6434E-08 1.4952E-08 1.3550E-08 1.2298E-08 1.1146E-08 1.0149E-08 9.2700E-09 8.5657E-09 7.9709E-09 7.5030E-09 7.1427E-09 6.8421E-09 6.6252E-09 6.4422E-09 6.2819E-09 6.1415E-09 5.9924E-09 5.8573E-09 5.7127E-09 5.5599E-09 5.4061E-09 5.2429E-09 5.0743E-09 4.9003E-09 4.7229E-09 4.5384E-09 4.3597E-09 4.1795E-09 3.9994E-09 3.8193E-09 3.6421E-09 3.4686E-09 3.3003E-09 3.1384E-09 2.9818E-09
3.2648E-09 5.0890E-09 7.6176E-09 1.0924E-08 1.5016E-08 1.9772E-08 2.4948E-08 3.0159E-08 3.4963E-08 3.8915E-08 4.1655E-08 4.2998E-08 4.3002E-08 4.1822E-08 3.9830E-08 3.7241E-08 3.4343E-08 3.1349E-08 2.8446E-08 2.5718E-08 2.3271E-08 2.1092E-08 1.9114E-08 1.7316E-08 1.5679E-08 1.4207E-08 1.2831E-08 1.1653E-08 1.0599E-08 9.7442E-09 9.0225E-09 8.4488E-09 8.0023E-09 7.6369E-09 7.3686E-09 7.1514E-09 6.9567E-09 6.7946E-09 6.6211E-09 6.4658E-09 6.3081E-09 6.1391E-09 5.9718E-09 5.7964E-09 5.6106E-09 5.4211E-09 5.2276E-09 5.0256E-09 4.8303E-09 4.6337E-09 4.4372E-09 4.2412E-09 4.0479E-09 3.8584E-09 3.6731E-09 3.4951E-09 3.3238E-09
3.3379E-09 5.2805E-09 8.0033E-09 1.1621E-08 1.6191E-08 2.1590E-08 2.7571E-08 3.3683E-08 3.9431E-08 4.4291E-08 4.7794E-08 4.9599E-08 4.9764E-08 4.8507E-08 4.6164E-08 4.3171E-08 3.9764E-08 3.6259E-08 3.2841E-08 2.9652E-08 2.6794E-08 2.4245E-08 2.1937E-08 1.9841E-08 1.7945E-08 1.6234E-08 1.4655E-08 1.3279E-08 1.2027E-08 1.1006E-08 1.0151E-08 9.4499E-09 8.9066E-09 8.4798E-09 8.1493E-09 7.8833E-09 7.6502E-09 7.4602E-09 7.2674E-09 7.0896E-09 6.9179E-09 6.7329E-09 6.5523E-09 6.3627E-09 6.1656E-09 5.9591E-09 5.7495E-09 5.5312E-09 5.3188E-09 5.1064E-09 4.8941E-09 4.6832E-09 4.4732E-09 4.2670E-09 4.0645E-09 3.8729E-09 3.6851E-09
3.2511E-09 5.2369E-09 8.0640E-09 1.1915E-08 1.6850E-08 2.2812E-08 2.9528E-08 3.6572E-08 4.3331E-08 4.9168E-08 5.3532E-08 5.5994E-08 5.6471E-08 5.5208E-08 5.2593E-08 4.9201E-08 4.5352E-08 4.1351E-08 3.7441E-08 3.3774E-08 3.0488E-08 2.7552E-08 2.4912E-08 2.2512E-08 2.0341E-08 1.8377E-08 1.6581E-08 1.4981E-08 1.3544E-08 1.2341E-08 1.1323E-08 1.0500E-08 9.8536E-09 9.3330E-09 8.9458E-09 8.6318E-09 8.3503E-09 8.1297E-09 7.9196E-09 7.7201E-09 7.5336E-09 7.3351E-09 7.1403E-09 6.9380E-09 6.7272E-09 6.5088E-09 6.2816E-09 6.0499E-09 5.8209E-09 5.5936E-09 5.3659E-09 5.1393E-09 4.9156E-09 4.6922E-09 4.4723E-09 4.2656E-09 4.0642E-09
3.0339E-09 4.9809E-09 7.8052E-09 1.1740E-08 1.6905E-08 2.3292E-08 3.0662E-08 3.8586E-08 4.6396E-08 5.3314E-08 5.8697E-08 6.2015E-08 6.2959E-08 6.1871E-08 5.9141E-08 5.5356E-08 5.1095E-08 4.6608E-08 4.2184E-08 3.8033E-08 3.4293E-08 3.0961E-08 2.7966E-08 2.5270E-08 2.2844E-08 2.0610E-08 1.8596E-08 1.6770E-08 1.5136E-08 1.3739E-08 1.2561E-08 1.1577E-08 1.0823E-08 1.0213E-08 9.7358E-09 9.3671E-09 9.0543E-09 8.7966E-09 8.5672E-09 8.3452E-09 8.1468E-09 7.9365E-09 7.7276E-09 7.5144E-09 7.2914E-09 7.0610E-09 6.8211E-09 6.5764E-09 6.3316E-09 6.0901E-09 5.8479E-09 5.6068E-09 5.3680E-09 5.1302E-09 4.8944E-09 4.6721E-09 4.4562E-09
2.6940E-09 4.5082E-09 7.2318E-09 1.1112E-08 1.6354E-08 2.2994E-08 3.0886E-08 3.9593E-08 4.8425E-08 5.6542E-08 6.3079E-08 6.7419E-08 6.9157E-08 6.8394E-08 6.5694E-08 6.1649E-08 5.6984E-08 5.2046E-08 4.7094E-08 4.2420E-08 3.8220E-08 3.4486E-08 3.1144E-08 2.8112E-08 2.5399E-08 2.2927E-08 2.0678E-08 1.8628E-08 1.6794E-08 1.5179E-08 1.3825E-08 1.2687E-08 1.1790E-08 1.1084E-08 1.0526E-08 1.0090E-08 9.7334E-09 9.4501E-09 9.1965E-09 8.9572E-09 8.7436E-09 8.5271E-09 8.3058E-09 8.0828E-09 7.8502E-09 7.6092E-09 7.3615E-09 7.1033E-09 6.8441E-09 6.5906E-09 6.3354E-09 6.0806E-09 5.8280E-09 5.5781E-09 5.3270E-09 5.0893E-09 4.8594E-09
2.2678E-09 3.8953E-09 6.4103E-09 1.0087E-08 1.5209E-08 2.1909E-08 3.0118E-08 3.9508E-08 4.9344E-08 5.8707E-08 6.6569E-08 7.2117E-08 7.4911E-08 7.4772E-08 7.2287E-08 6.8102E-08 6.2955E-08 5.7588E-08 5.2198E-08 4.7045E-08 4.2326E-08 3.8122E-08 3.4385E-08 3.1008E-08 2.8011E-08 2.5249E-08 2.2779E-08 2.0502E-08 1.8461E-08 1.6626E-08 1.5085E-08 1.3785E-08 1.2748E-08 1.1923E-08 1.1273E-08 1.0783E-08 1.0380E-08 1.0064E-08 9.7906E-09 9.5417E-09 9.3225E-09 9.0960E-09 8.8642E-09 8.6348E-09 8.3950E-09 8.1464E-09 7.8897E-09 7.6229E-09 7.3525E-09 7.0883E-09 6.8220E-09 6.5555E-09 6.2907E-09 6.0282E-09 5.7655E-09 5.5131E-09 5.2698E-09
1.8034E-09 3.1895E-09 5.4066E-09 8.7589E-09 1.3602E-08 2.0146E-08 2.8474E-08 3.8316E-08 4.9046E-08 5.9656E-08 6.9068E-08 7.6121E-08 8.0184E-08 8.0991E-08 7.8826E-08 7.4657E-08 6.9191E-08 6.3329E-08 5.7431E-08 5.1724E-08 4.6482E-08 4.1813E-08 3.7633E-08 3.3864E-08 3.0546E-08 2.7527E-08 2.4807E-08 2.2300E-08 2.0041E-08 1.8024E-08 1.6296E-08 1.4828E-08 1.3641E-08 1.2706E-08 1.1960E-08 1.1413E-08 1.0975E-08 1.0631E-08 1.0355E-08 1.0090E-08 9.8600E-09 9.6343E-09 9.3937E-09 9.1609E-09 8.9167E-09 8.6637E-09 8.4011E-09 8.1310E-09 7.8498E-09 7.5769E-09 7.3017E-09 7.0257E-09 6.7505E-09 6.4772E-09 6.2058E-09 5.9387E-09 5.6838E-09
1.3405E-09 2.4768E-09 4.3420E-09 7.2856E-09 1.1663E-08 1.7840E-08 2.6014E-08 3.6127E-08 4.7591E-08 5.9452E-08 7.0429E-08 7.9219E-08 8.4806E-08 8.6839E-08 8.5349E-08 8.1258E-08 7.5542E-08 6.9054E-08 6.2612E-08 5.6316E-08 5.0486E-08 4.5271E-08 4.0644E-08 3.6509E-08 3.2851E-08 2.9558E-08 2.6635E-08 2.3911E-08 2.1493E-08 1.9266E-08 1.7380E-08 1.5755E-08 1.4422E-08 1.3383E-08 1.2563E-08 1.1967E-08 1.1510E-08 1.1137E-08 1.0853E-08 1.0589E-08 1.0350E-08 1.0125E-08 9.8846E-09 9.6512E-09 9.4075E-09 9.1522E-09 8.8873E-09 8.6140E-09 8.3289E-09 8.0495E-09 7.7680E-09 7.4849E-09 7.2016E-09 6.9190E-09 6.6397E-09 6.3616E-09 6.0968E-09
