Assets/Resources/2015_m01_d08_1400(utc+0800)_l00_csi_1hr_conc.grd
DSAA
         159         159
     -79.000      79.000
     -79.000      79.000
  0.2693E-09  0.3316E-05
[rows 100 to 124 of 159, columns 0 to 56 of 159]
7.7813E-10 7.9660E-10 8.1483E-10 8.3390E-10 8.5272E-10 8.7182E-10 8.9178E-10 9.1146E-10 9.3141E-10 9.5164E-10 9.7214E-10 9.9359E-10 1.0147E-09 1.0368E-09 1.0585E-09 1.0806E-09 1.1037E-09 1.1264E-09 1.1502E-09 1.1737E-09 1.1982E-09 1.2225E-09 1.2472E-09 1.2722E-09 1.2994E-09 1.3254E-09 1.3535E-09 1.3895E-09 1.4219E-09 1.4533E-09 1.4978E-09 1.5360E-09 1.5947E-09 1.6569E-09 1.7166E-09 1.7846E-09 1.8501E-09 1.9421E-09 2.0203E-09 2.1134E-09 2.2191E-09 2.3291E-09 2.4354E-09 2.5537E-09 2.6649E-09 2.7834E-09 2.9140E-09 3.0366E-09 3.1708E-09 3.3024E-09 3.4523E-09 3.5977E-09 3.7524E-09 3.9225E-09 4.1110E-09 4.3224E-09 4.5729E-09
7.7114E-10 7.8944E-10 8.0750E-10 8.2639E-10 8.4504E-10 8.6397E-10 8.8373E-10 9.0323E-10 9.2299E-10 9.4302E-10 9.6332E-10 9.8457E-10 1.0055E-09 1.0273E-09 1.0489E-09 1.0707E-09 1.0936E-09 1.1161E-09 1.1397E-09 1.1629E-09 1.1873E-09 1.2113E-09 1.2357E-09 1.2606E-09 1.2875E-09 1.3132E-09 1.3411E-09 1.3678E-09 1.4087E-09 1.4398E-09 1.4838E-09 1.5216E-09 1.5772E-09 1.6387E-09 1.6978E-09 1.7631E-09 1.8300E-09 1.9118E-09 2.0002E-09 2.0892E-09 2.1876E-09 2.2973E-09 2.4024E-09 2.5237E-09 2.6376E-09 2.7507E-09 2.8839E-09 3.0051E-09 3.1378E-09 3.2679E-09 3.4161E-09 3.5596E-09 3.7116E-09 3.8781E-09 4.0634E-09 4.2709E-09 4.5103E-09
7.6402E-10 7.8215E-10 8.0005E-10 8.1876E-10 8.3723E-10 8.5597E-10 8.7555E-10 8.9484E-10 9.1441E-10 9.3424E-10 9.5434E-10 9.7537E-10 9.9607E-10 1.0177E-09 1.0390E-09 1.0607E-09 1.0833E-09 1.1056E-09 1.1289E-09 1.1520E-09 1.1761E-09 1.1999E-09 1.2241E-09 1.2486E-09 1.2753E-09 1.3008E-09 1.3284E-09 1.3549E-09 1.3936E-09 1.4260E-09 1.4694E-09 1.5046E-09 1.5589E-09 1.6140E-09 1.6681E-09 1.7344E-09 1.8113E-09 1.8920E-09 1.9793E-09 2.0673E-09 2.1619E-09 2.2674E-09 2.3766E-09 2.4892E-09 2.6089E-09 2.7206E-09 2.8522E-09 2.9720E-09 3.1006E-09 3.2314E-09 3.3701E-09 3.5187E-09 3.6682E-09 3.8317E-09 4.0120E-09 4.2122E-09 4.4468E-09
7.5680E-10 7.7475E-10 7.9247E-10 8.1047E-10 8.2929E-10 8.4784E-10 8.6722E-10 8.8631E-10 9.0568E-10 9.2530E-10 9.4519E-10 9.6600E-10 9.8648E-10 1.0072E-09 1.0290E-09 1.0504E-09 1.0728E-09 1.0949E-09 1.1180E-09 1.1408E-09 1.1639E-09 1.1882E-09 1.2121E-09 1.2365E-09 1.2629E-09 1.2881E-09 1.3154E-09 1.3416E-09 1.3798E-09 1.4119E-09 1.4524E-09 1.4894E-09 1.5314E-09 1.5847E-09 1.6489E-09 1.7161E-09 1.7890E-09 1.8692E-09 1.9552E-09 2.0297E-09 2.1214E-09 2.2318E-09 2.3378E-09 2.4569E-09 2.5789E-09 2.6891E-09 2.8103E-09 2.9240E-09 3.0600E-09 3.1931E-09 3.3256E-09 3.4756E-09 3.6219E-09 3.7816E-09 3.9577E-09 4.1514E-09 4.3761E-09
7.4946E-10 7.6724E-10 7.8478E-10 8.0260E-10 8.2122E-10 8.3958E-10 8.5875E-10 8.7764E-10 8.9680E-10 9.1620E-10 9.3588E-10 9.5646E-10 9.7672E-10 9.9726E-10 1.0188E-09 1.0399E-09 1.0621E-09 1.0840E-09 1.1068E-09 1.1294E-09 1.1523E-09 1.1763E-09 1.2000E-09 1.2240E-09 1.2501E-09 1.2751E-09 1.3005E-09 1.3280E-09 1.3635E-09 1.3952E-09 1.4260E-09 1.4717E-09 1.5153E-09 1.5661E-09 1.6281E-09 1.6949E-09 1.7667E-09 1.8458E-09 1.9305E-09 2.0042E-09 2.0852E-09 2.1986E-09 2.3101E-09 2.4274E-09 2.5477E-09 2.6564E-09 2.7734E-09 2.8878E-09 3.0142E-09 3.1530E-09 3.2835E-09 3.4301E-09 3.5731E-09 3.7274E-09 3.9001E-09 4.0876E-09 4.3053E-09
7.4202E-10 7.5909E-10 7.7698E-10 7.9461E-10 8.1303E-10 8.3119E-10 8.5015E-10 8.6883E-10 8.8776E-10 9.0696E-10 9.2641E-10 9.4613E-10 9.6679E-10 9.8709E-10 1.0084E-09 1.0293E-09 1.0512E-09 1.0728E-09 1.0948E-09 1.1177E-09 1.1404E-09 1.1641E-09 1.1876E-09 1.2114E-09 1.2372E-09 1.2618E-09 1.2869E-09 1.3142E-09 1.3402E-09 1.3805E-09 1.4109E-09 1.4559E-09 1.4942E-09 1.5465E-09 1.6099E-09 1.6757E-09 1.7463E-09 1.8069E-09 1.8794E-09 1.9709E-09 2.0599E-09 2.1645E-09 2.2814E-09 2.3968E-09 2.5021E-09 2.6049E-09 2.7290E-09 2.8502E-09 2.9704E-09 3.1113E-09 3.2397E-09 3.3820E-09 3.5218E-09 3.6732E-09 3.8401E-09 4.0227E-09 4.2296E-09
7.3448E-10 7.5137E-10 7.6908E-10 7.8649E-10 8.0472E-10 8.2267E-10 8.4141E-10 8.5988E-10 8.7859E-10 8.9756E-10 9.1678E-10 9.3628E-10 9.5669E-10 9.7676E-10 9.9779E-10 1.0185E-09 1.0395E-09 1.0615E-09 1.0832E-09 1.1059E-09 1.1283E-09 1.1518E-09 1.1749E-09 1.1984E-09 1.2223E-09 1.2483E-09 1.2731E-09 1.3000E-09 1.3258E-09 1.3654E-09 1.3954E-09 1.4357E-09 1.4746E-09 1.5290E-09 1.5890E-09 1.6440E-09 1.7125E-09 1.7821E-09 1.8564E-09 1.9431E-09 2.0339E-09 2.1367E-09 2.2517E-09 2.3449E-09 2.4665E-09 2.5698E-09 2.6846E-09 2.8111E-09 2.9293E-09 3.0679E-09 3.1942E-09 3.3340E-09 3.4697E-09 3.6165E-09 3.7766E-09 3.9544E-09 4.1498E-09
7.2685E-10 7.4355E-10 7.6105E-10 7.7828E-10 7.9629E-10 8.1403E-10 8.3200E-10 8.5079E-10 8.6928E-10 8.8802E-10 9.0701E-10 9.2626E-10 9.4643E-10 9.6626E-10 9.8703E-10 1.0075E-09 1.0282E-09 1.0500E-09 1.0714E-09 1.0938E-09 1.1160E-09 1.1392E-09 1.1620E-09 1.1853E-09 1.2089E-09 1.2345E-09 1.2590E-09 1.2856E-09 1.3110E-09 1.3461E-09 1.3796E-09 1.4193E-09 1.4554E-09 1.4994E-09 1.5575E-09 1.6171E-09 1.6787E-09 1.7537E-09 1.8302E-09 1.9154E-09 2.0072E-09 2.0965E-09 2.2031E-09 2.2946E-09 2.4167E-09 2.5337E-09 2.6424E-09 2.7708E-09 2.8869E-09 3.0140E-09 3.1381E-09 3.2763E-09 3.4149E-09 3.5569E-09 3.7107E-09 3.8823E-09 4.0708E-09
7.1912E-10 7.3564E-10 7.5293E-10 7.6995E-10 7.8774E-10 8.0526E-10 8.2301E-10 8.4157E-10 8.5984E-10 8.7833E-10 8.9709E-10 9.1609E-10 9.3601E-10 9.5560E-10 9.7546E-10 9.9631E-10 1.0168E-09 1.0383E-09 1.0594E-09 1.0816E-09 1.1034E-09 1.1256E-09 1.1489E-09 1.1719E-09 1.1952E-09 1.2205E-09 1.2447E-09 1.2709E-09 1.2960E-09 1.3306E-09 1.3614E-09 1.3913E-09 1.4359E-09 1.4786E-09 1.5385E-09 1.5921E-09 1.6550E-09 1.7256E-09 1.8061E-09 1.8785E-09 1.9673E-09 2.0531E-09 2.1596E-09 2.2619E-09 2.3777E-09 2.4965E-09 2.6031E-09 2.7204E-09 2.8344E-09 2.9654E-09 3.0896E-09 3.2168E-09 3.3578E-09 3.4972E-09 3.6448E-09 3.8077E-09 3.9895E-09
7.1130E-10 7.2762E-10 7.4470E-10 7.6151E-10 7.7855E-10 7.9639E-10 8.1390E-10 8.3223E-10 8.5025E-10 8.6851E-10 8.8702E-10 9.0578E-10 9.2480E-10 9.4478E-10 9.6439E-10 9.8496E-10 1.0052E-09 1.0264E-09 1.0473E-09 1.0691E-09 1.0907E-09 1.1126E-09 1.1356E-09 1.1582E-09 1.1812E-09 1.2062E-09 1.2301E-09 1.2544E-09 1.2808E-09 1.3060E-09 1.3451E-09 1.3745E-09 1.4183E-09 1.4556E-09 1.5067E-09 1.5558E-09 1.6235E-09 1.6918E-09 1.7692E-09 1.8461E-09 1.9320E-09 2.0102E-09 2.1130E-09 2.2283E-09 2.3418E-09 2.4583E-09 2.5544E-09 2.6754E-09 2.7851E-09 2.9064E-09 3.0397E-09 3.1643E-09 3.3025E-09 3.4352E-09 3.5775E-09 3.7335E-09 3.9051E-09
7.0339E-10 7.1950E-10 7.3585E-10 7.5297E-10 7.6979E-10 7.8738E-10 8.0467E-10 8.2276E-10 8.4054E-10 8.5856E-10 8.7681E-10 8.9532E-10 9.1409E-10 9.3381E-10 9.5315E-10 9.7344E-10 9.9340E-10 1.0143E-09 1.0349E-09 1.0558E-09 1.0778E-09 1.0994E-09 1.1220E-09 1.1444E-09 1.1671E-09 1.1901E-09 1.2153E-09 1.2392E-09 1.2653E-09 1.2901E-09 1.3263E-09 1.3575E-09 1.3965E-09 1.4319E-09 1.4754E-09 1.5355E-09 1.5994E-09 1.6664E-09 1.7414E-09 1.8040E-09 1.8945E-09 1.9804E-09 2.0694E-09 2.1940E-09 2.2851E-09 2.4085E-09 2.5089E-09 2.6159E-09 2.7392E-09 2.8537E-09 2.9885E-09 3.1104E-09 3.2457E-09 3.3707E-09 3.5109E-09 3.6569E-09 3.8217E-09
6.9539E-10 7.1130E-10 7.2743E-10 7.4432E-10 7.6092E-10 7.7827E-10 7.9533E-10 8.1316E-10 8.3070E-10 8.4847E-10 8.6647E-10 8.8473E-10 9.0325E-10 9.2269E-10 9.4175E-10 9.6177E-10 9.8144E-10 1.0014E-09 1.0224E-09 1.0430E-09 1.0646E-09 1.0859E-09 1.1083E-09 1.1303E-09 1.1527E-09 1.1754E-09 1.2002E-09 1.2238E-09 1.2495E-09 1.2740E-09 1.2988E-09 1.3380E-09 1.3671E-09 1.4132E-09 1.4560E-09 1.5125E-09 1.5744E-09 1.6404E-09 1.6921E-09 1.7775E-09 1.8493E-09 1.9395E-09 2.0268E-09 2.1487E-09 2.2439E-09 2.3531E-09 2.4624E-09 2.5676E-09 2.6922E-09 2.8043E-09 2.9270E-09 3.0464E-09 3.1795E-09 3.3092E-09 3.4412E-09 3.5821E-09 3.7373E-09
6.8679E-10 7.0301E-10 7.1891E-10 7.3559E-10 7.5194E-10 7.6906E-10 7.8587E-10 8.0290E-10 8.2074E-10 8.3825E-10 8.5600E-10 8.7400E-10 8.9226E-10 9.1141E-10 9.3021E-10 9.4929E-10 9.6933E-10 9.8901E-10 1.0097E-09 1.0300E-09 1.0513E-09 1.0723E-09 1.0943E-09 1.1160E-09 1.1381E-09 1.1605E-09 1.1849E-09 1.2082E-09 1.2318E-09 1.2576E-09 1.2821E-09 1.3205E-09 1.3491E-09 1.3898E-09 1.4315E-09 1.4892E-09 1.5274E-09 1.5942E-09 1.6618E-09 1.7382E-09 1.8184E-09 1.9067E-09 1.9901E-09 2.0889E-09 2.1924E-09 2.2925E-09 2.4197E-09 2.5226E-09 2.6356E-09 2.7452E-09 2.8634E-09 2.9903E-09 3.1119E-09 3.2468E-09 3.3699E-09 3.5086E-09 3.6506E-09
6.7864E-10 6.9463E-10 7.1032E-10 7.2674E-10 7.4286E-10 7.5920E-10 7.7630E-10 7.9309E-10 8.1066E-10 8.2791E-10 8.4541E-10 8.6315E-10 8.8114E-10 8.9936E-10 9.1853E-10 9.3731E-10 9.5706E-10 9.7644E-10 9.9680E-10 1.0168E-09 1.0378E-09 1.0585E-09 1.0795E-09 1.1016E-09 1.1233E-09 1.1454E-09 1.1678E-09 1.1923E-09 1.2156E-09 1.2410E-09 1.2651E-09 1.3005E-09 1.3287E-09 1.3615E-09 1.4036E-09 1.4463E-09 1.5054E-09 1.5683E-09 1.6343E-09 1.7112E-09 1.7830E-09 1.8518E-09 1.9435E-09 2.0313E-09 2.1545E-09 2.2523E-09 2.3656E-09 2.4684E-09 2.5772E-09 2.6895E-09 2.8013E-09 2.9332E-09 3.0518E-09 3.1832E-09 3.3032E-09 3.4309E-09 3.5702E-09
6.7041E-10 6.8616E-10 7.0163E-10 7.1781E-10 7.3369E-10 7.4977E-10 7.6663E-10 7.8316E-10 8.0046E-10 8.1747E-10 8.3470E-10 8.5218E-10 8.6987E-10 8.8782E-10 9.0670E-10 9.2519E-10 9.4464E-10 9.6372E-10 9.8377E-10 1.0035E-09 1.0235E-09 1.0445E-09 1.0652E-09 1.0869E-09 1.1083E-09 1.1301E-09 1.1522E-09 1.1763E-09 1.1992E-09 1.2242E-09 1.2479E-09 1.2737E-09 1.3102E-09 1.3385E-09 1.3814E-09 1.4254E-09 1.4785E-09 1.5340E-09 1.6065E-09 1.6544E-09 1.7305E-09 1.8113E-09 1.8998E-09 1.9881E-09 2.1057E-09 2.1992E-09 2.2986E-09 2.4177E-09 2.5156E-09 2.6376E-09 2.7466E-09 2.8751E-09 2.9815E-09 3.1185E-09 3.2350E-09 3.3555E-09 3.4880E-09
6.6209E-10 6.7762E-10 6.9284E-10 7.0825E-10 7.2443E-10 7.4026E-10 7.5686E-10 7.7312E-10 7.9016E-10 8.0690E-10 8.2387E-10 8.4108E-10 8.5849E-10 8.7616E-10 8.9473E-10 9.1294E-10 9.3207E-10 9.5085E-10 9.6991E-10 9.8996E-10 1.0096E-09 1.0303E-09 1.0507E-09 1.0721E-09 1.0931E-09 1.1145E-09 1.1363E-09 1.1600E-09 1.1826E-09 1.2071E-09 1.2305E-09 1.2542E-09 1.2893E-09 1.3193E-09 1.3589E-09 1.4001E-09 1.4466E-09 1.4932E-09 1.5561E-09 1.6246E-09 1.6994E-09 1.7780E-09 1.8531E-09 1.9460E-09 2.0389E-09 2.1582E-09 2.2419E-09 2.3662E-09 2.4663E-09 2.5762E-09 2.6825E-09 2.8011E-09 2.9196E-09 3.0409E-09 3.1657E-09 3.2828E-09 3.4035E-09
6.5371E-10 6.6849E-10 6.8398E-10 6.9916E-10 7.1506E-10 7.3065E-10 7.4698E-10 7.6298E-10 7.7921E-10 7.9624E-10 8.1295E-10 8.2984E-10 8.4699E-10 8.6437E-10 8.8264E-10 9.0055E-10 9.1871E-10 9.3784E-10 9.5658E-10 9.7630E-10 9.9565E-10 1.0160E-09 1.0360E-09 1.0564E-09 1.0778E-09 1.0988E-09 1.1202E-09 1.1420E-09 1.1658E-09 1.1883E-09 1.2129E-09 1.2362E-09 1.2616E-09 1.2977E-09 1.3273E-09 1.3703E-09 1.4119E-09 1.4674E-09 1.5205E-09 1.5929E-09 1.6597E-09 1.7404E-09 1.8124E-09 1.9104E-09 1.9823E-09 2.1028E-09 2.1899E-09 2.3082E-09 2.4080E-09 2.5134E-09 2.6221E-09 2.7297E-09 2.8569E-09 2.9700E-09 3.0955E-09 3.2088E-09 3.3257E-09
6.4476E-10 6.5978E-10 6.7504E-10 6.8997E-10 7.0562E-10 7.2096E-10 7.3646E-10 7.5276E-10 7.6872E-10 7.8548E-10 8.0189E-10 8.1851E-10 8.3538E-10 8.5245E-10 8.6979E-10 8.8803E-10 9.0589E-10 9.2468E-10 9.4311E-10 9.6249E-10 9.8150E-10 1.0008E-09 1.0212E-09 1.0412E-09 1.0623E-09 1.0830E-09 1.1040E-09 1.1254E-09 1.1488E-09 1.1709E-09 1.1950E-09 1.2180E-09 1.2429E-09 1.2759E-09 1.3055E-09 1.3446E-09 1.3897E-09 1.4319E-09 1.4931E-09 1.5561E-09 1.6090E-09 1.6835E-09 1.7645E-09 1.8370E-09 1.9340E-09 2.0322E-09 2.1418E-09 2.2341E-09 2.3534E-09 2.4478E-09 2.5657E-09 2.6701E-09 2.7843E-09 2.8939E-09 3.0246E-09 3.1340E-09 3.2472E-09
6.3624E-10 6.5101E-10 6.6603E-10 6.8070E-10 6.9557E-10 7.1116E-10 7.2642E-10 7.4245E-10 7.5814E-10 7.7462E-10 7.9073E-10 8.0708E-10 8.2364E-10 8.4044E-10 8.5747E-10 8.7539E-10 8.9294E-10 9.1140E-10 9.2950E-10 9.4787E-10 9.6723E-10 9.8624E-10 1.0063E-09 1.0259E-09 1.0466E-09 1.0670E-09 1.0876E-09 1.1086E-09 1.1316E-09 1.1533E-09 1.1770E-09 1.1995E-09 1.2224E-09 1.2473E-09 1.2830E-09 1.3143E-09 1.3546E-09 1.4062E-09 1.4532E-09 1.5037E-09 1.5758E-09 1.6423E-09 1.7226E-09 1.7994E-09 1.8919E-09 1.9820E-09 2.0977E-09 2.1782E-09 2.2861E-09 2.3861E-09 2.4977E-09 2.6014E-09 2.7101E-09 2.8265E-09 2.9363E-09 3.0584E-09 3.1677E-09
6.2764E-10 6.4218E-10 6.5641E-10 6.7136E-10 6.8597E-10 7.0129E-10 7.1629E-10 7.3204E-10 7.4748E-10 7.6364E-10 7.7948E-10 7.9554E-10 8.1180E-10 8.2831E-10 8.4502E-10 8.6264E-10 8.7986E-10 8.9734E-10 9.1576E-10 9.3380E-10 9.5283E-10 9.7151E-10 9.9118E-10 1.0105E-09 1.0308E-09 1.0508E-09 1.0711E-09 1.0917E-09 1.1126E-09 1.1356E-09 1.1572E-09 1.1810E-09 1.2034E-09 1.2279E-09 1.2603E-09 1.2910E-09 1.3279E-09 1.3725E-09 1.4143E-09 1.4751E-09 1.5376E-09 1.6096E-09 1.6663E-09 1.7486E-09 1.8276E-09 1.9149E-09 2.0175E-09 2.1233E-09 2.2181E-09 2.3282E-09 2.4253E-09 2.5364E-09 2.6379E-09 2.7585E-09 2.8644E-09 2.9825E-09 3.0875E-09
6.1848E-10 6.3329E-10 6.4726E-10 6.6195E-10 6.7629E-10 6.9135E-10 7.0609E-10 7.2157E-10 7.3672E-10 7.5203E-10 7.6815E-10 7.8390E-10 7.9988E-10 8.1607E-10 8.3249E-10 8.4913E-10 8.6667E-10 8.8383E-10 9.0190E-10 9.1962E-10 9.3832E-10 9.5665E-10 9.7529E-10 9.9495E-10 1.0142E-09 1.0345E-09 1.0544E-09 1.0747E-09 1.0952E-09 1.1177E-09 1.1390E-09 1.1622E-09 1.1842E-09 1.2082E-09 1.2309E-09 1.2659E-09 1.2967E-09 1.3469E-09 1.3875E-09 1.4381E-09 1.4926E-09 1.5551E-09 1.6211E-09 1.7046E-09 1.7792E-09 1.8682E-09 1.9597E-09 2.0605E-09 2.1608E-09 2.2625E-09 2.3640E-09 2.4668E-09 2.5651E-09 2.6784E-09 2.7832E-09 2.8976E-09 3.0068E-09
6.0978E-10 6.2382E-10 6.3804E-10 6.5247E-10 6.6654E-10 6.8134E-10 6.9581E-10 7.1048E-10 7.2586E-10 7.4091E-10 7.5672E-10 7.7218E-10 7.8786E-10 8.0374E-10 8.1985E-10 8.3617E-10 8.5339E-10 8.7021E-10 8.8794E-10 9.0534E-10 9.2302E-10 9.4169E-10 9.5998E-10 9.7927E-10 9.9819E-10 1.0181E-09 1.0376E-09 1.0575E-09 1.0776E-09 1.0997E-09 1.1205E-09 1.1417E-09 1.1648E-09 1.1867E-09 1.2106E-09 1.2424E-09 1.2725E-09 1.2993E-09 1.3522E-09 1.3938E-09 1.4540E-09 1.5051E-09 1.5869E-09 1.6428E-09 1.7345E-09 1.8147E-09 1.8960E-09 2.0015E-09 2.0937E-09 2.1941E-09 2.2986E-09 2.3924E-09 2.4963E-09 2.5942E-09 2.7110E-09 2.8126E-09 2.9260E-09
6.0102E-10 6.1480E-10 6.2877E-10 6.4239E-10 6.5674E-10 6.7074E-10 6.8547E-10 6.9985E-10 7.1494E-10 7.2971E-10 7.4520E-10 7.6038E-10 7.7574E-10 7.9133E-10 8.0711E-10 8.2312E-10 8.3935E-10 8.5648E-10 8.7324E-10 8.9097E-10 9.0831E-10 9.2663E-10 9.4457E-10 9.6349E-10 9.8203E-10 1.0016E-09 1.0207E-09 1.0402E-09 1.0599E-09 1.0799E-09 1.1019E-09 1.1226E-09 1.1454E-09 1.1668E-09 1.1902E-09 1.2124E-09 1.2466E-09 1.2744E-09 1.3261E-09 1.3661E-09 1.4163E-09 1.4739E-09 1.5308E-09 1.6050E-09 1.6568E-09 1.7491E-09 1.8280E-09 1.9294E-09 2.0286E-09 2.1265E-09 2.2255E-09 2.3282E-09 2.4319E-09 2.5174E-09 2.6292E-09 2.7270E-09 2.8366E-09
5.9220E-10 6.0522E-10 6.1943E-10 6.3279E-10 6.4688E-10 6.6061E-10 6.7507E-10 6.8914E-10 7.0396E-10 7.1842E-10 7.3307E-10 7.4850E-10 7.6355E-10 7.7883E-10 7.9429E-10 8.0998E-10 8.2587E-10 8.4268E-10 8.5912E-10 8.7650E-10 8.9351E-10 9.1147E-10 9.2906E-10 9.4693E-10 9.6578E-10 9.8424E-10 1.0037E-09 1.0228E-09 1.0421E-09 1.0617E-09 1.0832E-09 1.1035E-09 1.1241E-09 1.1467E-09 1.1680E-09 1.1913E-09 1.2133E-09 1.2517E-09 1.2778E-09 1.3383E-09 1.3706E-09 1.4298E-09 1.4800E-09 1.5604E-09 1.6153E-09 1.7074E-09 1.7844E-09 1.8714E-09 1.9718E-09 2.0445E-09 2.1539E-09 2.2427E-09 2.3489E-09 2.4450E-09 2.5386E-09 2.6509E-09 2.7473E-09
5.8333E-10 5.9611E-10 6.0953E-10 6.2315E-10 6.3696E-10 6.5043E-10 6.6459E-10 6.7838E-10 6.9237E-10 7.0706E-10 7.2143E-10 7.3653E-10 7.5130E-10 7.6624E-10 7.8140E-10 7.9676E-10 8.1232E-10 8.2880E-10 8.4492E-10 8.6130E-10 8.7864E-10 8.9557E-10 9.1347E-10 9.3097E-10 9.4945E-10 9.6752E-10 9.8658E-10 1.0052E-09 1.0242E-09 1.0434E-09 1.0628E-09 1.0843E-09 1.1044E-09 1.1265E-09 1.1473E-09 1.1702E-09 1.1916E-09 1.2267E-09 1.2521E-09 1.2975E-09 1.3419E-09 1.3811E-09 1.4477E-09 1.4871E-09 1.5737E-09 1.6266E-09 1.7169E-09 1.7938E-09 1.8926E-09 1.9891E-09 2.0835E-09 2.1791E-09 2.2777E-09 2.3773E-09 2.4583E-09 2.5653E-09 2.6578E-09
