Assets/Resources/2015_m01_d25_1900(utc+0800)_l00_csi_1hr_conc.grd
DSAA
         159         159
     -79.000      79.000
     -79.000      79.000
  0.0000E+00  0.1469E-04
[rows 50 to 74 of 159, columns 57 to 113 of 159]
1.1667E-10 1.3266E-10 1.4935E-10 1.6660E-10 1.8646E-10 2.0719E-10 2.2988E-10 2.5484E-10 2.7999E-10 3.0684E-10 3.3915E-10 3.7236E-10 4.0658E-10 4.4121E-10 4.8038E-10 5.2040E-10 5.6261E-10 6.0608E-10 6.4993E-10 6.9652E-10 7.4278E-10 7.8960E-10 8.3925E-10 8.8713E-10 9.3743E-10 9.8540E-10 1.0327E-09 1.0800E-09 1.1262E-09 1.1712E-09 1.5915E-09 2.6374E-09 4.0292E-09 5.1583E-09 5.8561E-09 6.1181E-09 6.1890E-09 6.2539E-09 6.2753E-09 6.1960E-09 6.0049E-09 5.7114E-09 5.3701E-09 5.0148E-09 4.6682E-09 4.3405E-09 4.0323E-09 3.7396E-09 3.4679E-09 3.2192E-09 2.9935E-09 2.7877E-09 2.6004E-09 2.4275E-09 2.2701E-09 2.1242E-09 1.9909E-09
1.1856E-10 1.3552E-10 1.5291E-10 1.7170E-10 1.9143E-10 2.1330E-10 2.3707E-10 2.6121E-10 2.8806E-10 3.2030E-10 3.5256E-10 3.8468E-10 4.2099E-10 4.5930E-10 4.9947E-10 5.4185E-10 5.8629E-10 6.2987E-10 6.7770E-10 7.2680E-10 7.7448E-10 8.2303E-10 8.7216E-10 9.2185E-10 9.7158E-10 1.0213E-09 1.0705E-09 1.1188E-09 1.1664E-09 1.2541E-09 1.8729E-09 3.1444E-09 4.5241E-09 5.5010E-09 6.0285E-09 6.1722E-09 6.1523E-09 6.1547E-09 6.1327E-09 6.0359E-09 5.8493E-09 5.5753E-09 5.2588E-09 4.9286E-09 4.6049E-09 4.2975E-09 4.0063E-09 3.7282E-09 3.4696E-09 3.2312E-09 3.0123E-09 2.8102E-09 2.6265E-09 2.4580E-09 2.3027E-09 2.1580E-09 2.0250E-09
1.2370E-10 1.4002E-10 1.5774E-10 1.7660E-10 1.9747E-10 2.2024E-10 2.4337E-10 2.7129E-10 3.0262E-10 3.3231E-10 3.6594E-10 4.0141E-10 4.3950E-10 4.8042E-10 5.2244E-10 5.6708E-10 6.1389E-10 6.5967E-10 7.0690E-10 7.5540E-10 8.0496E-10 8.5632E-10 9.0968E-10 9.6137E-10 1.0132E-09 1.0646E-09 1.1155E-09 1.1658E-09 1.2147E-09 1.3468E-09 2.2910E-09 3.6921E-09 4.9835E-09 5.7992E-09 6.1526E-09 6.1973E-09 6.1234E-09 6.0698E-09 6.0105E-09 5.8990E-09 5.7151E-09 5.4554E-09 5.1589E-09 4.8536E-09 4.5525E-09 4.2632E-09 3.9882E-09 3.7229E-09 3.4754E-09 3.2462E-09 3.0346E-09 2.8393E-09 2.6594E-09 2.4904E-09 2.3371E-09 2.1945E-09 2.0619E-09
1.2630E-10 1.4435E-10 1.6262E-10 1.8249E-10 2.0425E-10 2.2637E-10 2.5499E-10 2.8423E-10 3.1375E-10 3.4606E-10 3.8237E-10 4.2177E-10 4.6137E-10 5.0558E-10 5.4911E-10 5.9353E-10 6.3973E-10 6.8758E-10 7.3993E-10 8.1226E-10 8.6462E-10 9.2043E-10 9.7458E-10 1.0281E-09 1.0818E-09 1.1473E-09 1.2000E-09 1.2515E-09 1.3012E-09 1.6322E-09 2.7537E-09 4.2591E-09 5.3852E-09 6.0270E-09 6.2336E-09 6.2034E-09 6.0864E-09 5.9931E-09 5.9046E-09 5.7798E-09 5.5917E-09 5.3509E-09 5.0791E-09 4.7948E-09 4.5079E-09 4.2368E-09 3.9763E-09 3.7254E-09 3.4887E-09 3.2654E-09 3.0607E-09 2.8708E-09 2.6944E-09 2.5305E-09 2.3775E-09 2.2323E-09 2.1001E-09
1.3050E-10 1.4791E-10 1.6829E-10 1.8904E-10 2.1044E-10 2.3958E-10 2.6627E-10 2.9629E-10 3.2773E-10 3.6448E-10 4.0356E-10 4.4470E-10 4.8635E-10 5.2886E-10 5.7347E-10 6.3193E-10 6.8142E-10 7.6205E-10 8.1583E-10 8.7074E-10 9.2654E-10 9.8295E-10 1.0519E-09 1.1098E-09 1.1673E-09 1.2358E-09 1.2909E-09 1.3439E-09 1.3947E-09 1.9354E-09 3.3042E-09 4.7691E-09 5.7271E-09 6.2029E-09 6.2986E-09 6.1993E-09 6.0541E-09 5.9291E-09 5.8086E-09 5.6710E-09 5.4919E-09 5.2651E-09 5.0063E-09 4.7426E-09 4.4796E-09 4.2249E-09 3.9730E-09 3.7341E-09 3.5071E-09 3.2938E-09 3.0931E-09 2.9051E-09 2.7322E-09 2.5707E-09 2.4196E-09 2.2780E-09 2.1412E-09
1.3547E-10 1.5482E-10 1.7454E-10 1.9523E-10 2.2409E-10 2.4946E-10 2.7811E-10 3.1030E-10 3.4922E-10 3.9238E-10 4.3314E-10 4.8198E-10 5.2603E-10 5.7537E-10 6.2657E-10 7.0991E-10 7.6463E-10 8.2094E-10 8.7856E-10 9.3734E-10 1.0099E-09 1.0765E-09 1.1382E-09 1.1933E-09 1.2537E-09 1.3130E-09 1.3705E-09 1.4388E-09 1.5173E-09 2.3331E-09 3.8276E-09 5.2234E-09 5.9920E-09 6.3401E-09 6.3622E-09 6.2269E-09 6.0359E-09 5.8813E-09 5.7430E-09 5.5944E-09 5.4130E-09 5.1923E-09 4.9540E-09 4.7080E-09 4.4564E-09 4.2170E-09 3.9819E-09 3.7540E-09 3.5310E-09 3.3253E-09 3.1315E-09 2.9492E-09 2.7754E-09 2.6140E-09 2.4639E-09 2.3226E-09 2.1894E-09
1.4037E-10 1.5921E-10 1.8060E-10 2.0833E-10 2.3366E-10 2.6041E-10 2.9465E-10 3.5113E-10 3.9043E-10 4.3057E-10 4.7307E-10 5.2111E-10 5.7229E-10 6.5880E-10 7.1416E-10 7.7158E-10 8.3082E-10 8.9657E-10 9.8792E-10 1.0518E-09 1.1162E-09 1.1813E-09 1.2462E-09 1.3384E-09 1.4027E-09 1.4653E-09 1.5244E-09 1.5801E-09 1.7208E-09 2.8224E-09 4.3669E-09 5.6070E-09 6.1995E-09 6.4407E-09 6.4110E-09 6.2416E-09 6.0463E-09 5.8665E-09 5.7037E-09 5.5254E-09 5.3486E-09 5.1445E-09 4.9194E-09 4.6870E-09 4.4501E-09 4.2239E-09 3.9957E-09 3.7777E-09 3.5661E-09 3.3655E-09 3.1721E-09 2.9937E-09 2.8254E-09 2.6655E-09 2.5115E-09 2.3702E-09 2.2365E-09
1.4244E-10 1.6643E-10 1.9283E-10 2.1806E-10 2.4363E-10 2.9591E-10 3.3454E-10 3.7385E-10 4.1364E-10 4.5841E-10 5.5111E-10 6.0403E-10 6.5971E-10 7.1801E-10 7.8675E-10 8.5016E-10 9.4835E-10 1.0164E-09 1.0853E-09 1.1547E-09 1.2392E-09 1.3249E-09 1.3961E-09 1.4658E-09 1.5337E-09 1.5992E-09 1.6607E-09 1.7177E-09 1.9655E-09 3.2927E-09 4.9022E-09 5.9619E-09 6.4255E-09 6.5395E-09 6.4456E-09 6.2680E-09 6.0557E-09 5.8535E-09 5.6561E-09 5.4907E-09 5.3176E-09 5.1101E-09 4.8949E-09 4.6790E-09 4.4555E-09 4.2407E-09 4.0234E-09 3.8137E-09 3.6057E-09 3.4111E-09 3.2234E-09 3.0424E-09 2.8760E-09 2.7181E-09 2.5682E-09 2.4222E-09 2.2863E-09
1.4245E-10 1.7320E-10 2.0228E-10 2.3583E-10 2.8335E-10 3.1880E-10 3.5696E-10 3.9661E-10 4.9524E-10 5.4910E-10 6.0458E-10 6.6323E-10 7.3404E-10 7.9931E-10 9.0597E-10 9.7814E-10 1.0666E-09 1.1422E-09 1.2185E-09 1.2948E-09 1.3716E-09 1.4489E-09 1.5251E-09 1.5993E-09 1.6711E-09 1.7400E-09 1.8041E-09 1.8629E-09 2.3142E-09 3.7620E-09 5.3218E-09 6.2299E-09 6.5780E-09 6.6462E-09 6.5164E-09 6.3286E-09 6.0750E-09 5.8450E-09 5.6468E-09 5.4722E-09 5.2965E-09 5.1068E-09 4.8899E-09 4.6853E-09 4.4733E-09 4.2692E-09 4.0600E-09 3.8529E-09 3.6556E-09 3.4603E-09 3.2784E-09 3.1015E-09 2.9331E-09 2.7734E-09 2.6234E-09 2.4804E-09 2.3414E-09
1.4614E-10 1.7988E-10 2.2103E-10 2.6853E-10 3.0293E-10 3.3988E-10 3.9563E-10 4.9172E-10 5.4904E-10 6.0744E-10 6.6949E-10 7.4598E-10 8.5985E-10 9.3592E-10 1.0144E-09 1.1015E-09 1.1857E-09 1.2691E-09 1.3527E-09 1.4359E-09 1.5190E-09 1.6025E-09 1.6841E-09 1.7632E-09 1.8390E-09 1.9111E-09 1.9775E-09 2.0376E-09 2.7075E-09 4.2469E-09 5.6756E-09 6.4509E-09 6.7147E-09 6.7367E-09 6.5996E-09 6.3937E-09 6.1335E-09 5.8835E-09 5.6509E-09 5.4686E-09 5.2971E-09 5.1127E-09 4.9153E-09 4.7182E-09 4.5045E-09 4.3043E-09 4.1065E-09 3.9053E-09 3.7131E-09 3.5208E-09 3.3381E-09 3.1638E-09 2.9979E-09 2.8373E-09 2.6819E-09 2.5378E-09 2.3999E-09
1.5937E-10 1.9697E-10 2.4507E-10 2.8303E-10 3.2854E-10 3.8708E-10 4.3588E-10 5.3354E-10 5.9974E-10 6.6489E-10 7.9414E-10 8.7219E-10 9.5371E-10 1.0383E-09 1.1359E-09 1.2258E-09 1.3170E-09 1.4167E-09 1.5104E-09 1.6018E-09 1.6924E-09 1.7830E-09 1.8710E-09 1.9555E-09 2.0357E-09 2.1112E-09 2.1800E-09 2.2412E-09 3.1055E-09 4.6891E-09 6.0381E-09 6.6488E-09 6.8503E-09 6.8391E-09 6.6941E-09 6.4761E-09 6.1875E-09 5.9284E-09 5.7056E-09 5.5101E-09 5.3122E-09 5.1321E-09 4.9476E-09 4.7543E-09 4.5618E-09 4.3543E-09 4.1640E-09 3.9672E-09 3.7749E-09 3.5892E-09 3.4050E-09 3.2321E-09 3.0629E-09 2.9042E-09 2.7489E-09 2.5981E-09 2.4584E-09
1.7973E-10 2.1994E-10 2.5798E-10 3.1096E-10 3.6814E-10 4.5983E-10 5.1787E-10 5.8095E-10 7.0469E-10 8.0071E-10 8.8388E-10 9.7125E-10 1.0744E-09 1.1699E-09 1.2680E-09 1.3680E-09 1.4811E-09 1.5835E-09 1.6853E-09 1.7856E-09 1.8843E-09 1.9825E-09 2.0774E-09 2.1676E-09 2.2525E-09 2.3316E-09 2.4029E-09 2.4652E-09 3.4918E-09 5.0836E-09 6.3194E-09 6.8601E-09 6.9874E-09 6.9744E-09 6.8298E-09 6.5787E-09 6.2702E-09 5.9930E-09 5.7574E-09 5.5564E-09 5.3768E-09 5.1803E-09 4.9913E-09 4.8085E-09 4.6234E-09 4.4312E-09 4.2312E-09 4.0391E-09 3.8468E-09 3.6628E-09 3.4810E-09 3.3048E-09 3.1368E-09 2.9715E-09 2.8176E-09 2.6664E-09 2.5192E-09
2.0545E-10 2.4053E-10 2.8850E-10 3.8369E-10 4.4019E-10 5.0178E-10 5.6695E-10 6.5154E-10 7.9320E-10 8.9317E-10 9.8741E-10 1.1001E-09 1.2039E-09 1.3110E-09 1.4208E-09 1.5475E-09 1.6615E-09 1.7753E-09 1.8878E-09 1.9982E-09 2.1280E-09 2.2359E-09 2.3390E-09 2.4359E-09 2.5259E-09 2.6084E-09 2.6814E-09 2.7770E-09 3.8708E-09 5.4691E-09 6.5773E-09 7.0527E-09 7.1672E-09 7.1134E-09 6.9811E-09 6.7198E-09 6.3881E-09 6.0783E-09 5.8312E-09 5.6229E-09 5.4396E-09 5.2593E-09 5.0772E-09 4.8740E-09 4.6936E-09 4.5109E-09 4.3192E-09 4.1249E-09 3.9296E-09 3.7428E-09 3.5623E-09 3.3845E-09 3.2143E-09 3.0481E-09 2.8868E-09 2.7358E-09 2.5876E-09
2.2882E-10 3.0863E-10 3.6291E-10 4.1804E-10 4.8004E-10 5.4805E-10 6.3760E-10 7.7442E-10 8.7715E-10 9.9591E-10 1.1236E-09 1.2361E-09 1.3530E-09 1.4736E-09 1.6153E-09 1.7423E-09 1.8697E-09 2.0092E-09 2.1393E-09 2.2931E-09 2.4152E-09 2.5346E-09 2.6477E-09 2.7526E-09 2.8483E-09 2.9343E-09 3.0088E-09 3.1416E-09 4.2574E-09 5.8160E-09 6.8300E-09 7.2514E-09 7.3601E-09 7.3241E-09 7.1689E-09 6.8676E-09 6.5151E-09 6.2039E-09 5.9434E-09 5.7119E-09 5.5243E-09 5.3431E-09 5.1635E-09 4.9829E-09 4.7775E-09 4.5971E-09 4.4128E-09 4.2198E-09 4.0274E-09 3.8321E-09 3.6490E-09 3.4703E-09 3.2952E-09 3.1282E-09 2.9645E-09 2.8056E-09 2.6572E-09
2.9453E-10 3.4850E-10 4.0038E-10 4.5927E-10 5.2565E-10 6.7224E-10 7.6503E-10 8.6419E-10 9.8993E-10 1.1277E-09 1.2641E-09 1.3921E-09 1.5436E-09 1.6822E-09 1.8235E-09 1.9686E-09 2.1457E-09 2.2921E-09 2.4625E-09 2.6856E-09 2.8499E-09 2.9925E-09 3.1600E-09 3.2952E-09 4.6572E-09 5.4956E-09 3.4046E-09 3.5529E-09 4.6566E-09 6.1156E-09 7.0572E-09 7.4758E-09 7.5973E-09 7.5566E-09 7.3800E-09 7.0489E-09 6.6751E-09 6.3393E-09 6.0685E-09 5.8415E-09 5.6292E-09 5.4472E-09 5.2667E-09 5.0857E-09 4.9036E-09 4.6952E-09 4.5111E-09 4.3232E-09 4.1299E-09 3.9355E-09 3.7422E-09 3.5609E-09 3.3829E-09 3.2108E-09 3.0453E-09 2.8824E-09 2.7262E-09
3.4720E-10 4.0241E-10 4.6167E-10 5.9137E-10 6.5639E-10 7.4988E-10 8.5459E-10 9.8731E-10 1.1095E-09 1.2549E-09 1.4190E-09 1.5926E-09 1.7453E-09 1.9060E-09 2.0822E-09 2.2687E-09 2.5368E-09 2.7614E-09 3.0219E-09 3.2570E-09 3.5249E-09 3.7243E-09 3.9041E-09 4.0342E-09 6.2698E-09 6.9766E-09 6.7769E-09 6.4564E-09 5.2351E-09 6.4716E-09 7.3115E-09 7.7185E-09 7.8492E-09 7.8220E-09 7.6299E-09 7.2611E-09 6.8571E-09 6.5126E-09 6.2292E-09 5.9755E-09 5.7746E-09 5.5857E-09 5.3883E-09 5.2050E-09 5.0208E-09 4.8344E-09 4.6207E-09 4.4302E-09 4.2389E-09 4.0439E-09 3.8463E-09 3.6570E-09 3.4757E-09 3.2979E-09 3.1279E-09 2.9621E-09 2.7996E-09
3.8422E-10 4.8859E-10 5.8205E-10 6.6809E-10 7.6233E-10 8.6697E-10 9.7802E-10 1.1094E-09 1.2503E-09 1.4023E-09 1.6126E-09 1.7983E-09 1.9942E-09 2.1781E-09 2.4641E-09 2.7452E-09 3.0640E-09 3.4321E-09 3.7499E-09 4.0787E-09 4.3664E-09 4.6210E-09 4.8267E-09 6.3184E-09 8.3237E-09 8.5677E-09 7.9909E-09 7.4659E-09 7.8553E-09 8.8711E-09 7.7757E-09 8.0283E-09 8.1607E-09 8.1486E-09 7.9137E-09 7.4972E-09 7.0777E-09 6.7158E-09 6.4055E-09 6.1543E-09 5.9384E-09 5.7370E-09 5.5442E-09 5.3406E-09 5.1521E-09 4.9622E-09 4.7676E-09 4.5460E-09 4.3519E-09 4.1578E-09 3.9598E-09 3.7564E-09 3.5730E-09 3.3897E-09 3.2115E-09 3.0440E-09 2.8763E-09
4.6863E-10 5.8108E-10 6.7530E-10 7.7812E-10 8.8598E-10 1.0043E-09 1.1365E-09 1.2762E-09 1.4076E-09 1.6046E-09 1.8110E-09 2.0495E-09 2.3102E-09 2.6118E-09 2.9521E-09 3.3775E-09 3.7999E-09 4.2511E-09 4.8476E-09 5.3370E-09 5.8560E-09 6.2615E-09 6.5682E-09 1.2499E-08 1.5770E-08 1.4834E-08 9.5827E-09 8.7531E-09 8.9211E-09 9.7128E-09 1.0151E-08 8.5675E-09 8.6070E-09 8.5493E-09 8.2229E-09 7.7829E-09 7.3401E-09 6.9514E-09 6.6259E-09 6.3563E-09 6.1290E-09 5.9218E-09 5.7065E-09 5.5083E-09 5.2975E-09 5.1026E-09 4.9028E-09 4.6997E-09 4.4723E-09 4.2734E-09 4.0759E-09 3.8755E-09 3.6699E-09 3.4870E-09 3.3028E-09 3.1250E-09 2.9578E-09
5.5742E-10 6.5242E-10 7.5958E-10 8.9908E-10 1.0317E-09 1.1717E-09 1.3226E-09 1.4772E-09 1.6536E-09 1.8588E-09 2.0529E-09 2.3661E-09 2.7154E-09 3.1617E-09 3.6374E-09 4.1811E-09 4.8631E-09 5.6726E-09 6.5028E-09 7.3719E-09 8.1308E-09 8.7518E-09 9.1668E-09 1.9764E-08 2.1003E-08 1.8372E-08 1.5462E-08 1.3856E-08 1.0496E-08 1.0892E-08 1.1083E-08 1.1072E-08 9.2277E-09 9.0660E-09 8.6544E-09 8.1072E-09 7.6359E-09 7.2388E-09 6.9002E-09 6.6177E-09 6.3691E-09 6.1278E-09 5.9040E-09 5.6801E-09 5.4737E-09 5.2554E-09 5.0483E-09 4.8380E-09 4.6268E-09 4.3944E-09 4.1910E-09 3.9901E-09 3.7877E-09 3.5816E-09 3.3976E-09 3.2129E-09 3.0352E-09
6.2393E-10 7.3162E-10 8.7266E-10 1.0134E-09 1.1696E-09 1.3343E-09 1.5335E-09 1.7241E-09 1.9364E-09 2.1326E-09 2.4278E-09 2.7998E-09 3.2701E-09 3.8042E-09 4.5333E-09 5.3714E-09 6.4474E-09 7.7037E-09 9.0327E-09 1.0394E-08 1.1647E-08 1.2647E-08 2.0031E-08 2.9694E-08 2.7551E-08 2.2995E-08 1.9016E-08 1.6859E-08 1.5931E-08 1.2626E-08 1.2483E-08 1.2200E-08 1.1880E-08 9.7713E-09 9.1988E-09 8.6063E-09 8.0234E-09 7.6059E-09 7.2486E-09 6.9287E-09 6.6325E-09 6.3683E-09 6.1178E-09 5.8856E-09 5.6512E-09 5.4342E-09 5.2029E-09 4.9842E-09 4.7648E-09 4.5441E-09 4.3101E-09 4.1029E-09 3.8982E-09 3.6877E-09 3.4883E-09 3.3011E-09 3.1146E-09
6.9716E-10 8.3782E-10 9.8007E-10 1.1398E-09 1.3176E-09 1.5362E-09 1.7454E-09 1.9820E-09 2.2655E-09 2.5399E-09 2.8546E-09 3.2930E-09 3.9186E-09 4.6589E-09 5.7302E-09 7.0481E-09 8.6939E-09 1.0632E-08 1.2822E-08 1.5090E-08 1.7177E-08 1.8810E-08 3.7155E-08 4.2453E-08 3.5955E-08 2.9358E-08 2.4190E-08 2.1122E-08 1.9379E-08 1.8348E-08 1.4423E-08 1.3777E-08 1.3161E-08 1.2447E-08 9.9218E-09 9.1912E-09 8.6023E-09 8.0367E-09 7.6364E-09 7.2671E-09 6.9410E-09 6.6378E-09 6.3633E-09 6.1019E-09 5.8599E-09 5.6125E-09 5.3780E-09 5.1373E-09 4.9087E-09 4.6818E-09 4.4417E-09 4.2184E-09 4.0073E-09 3.7961E-09 3.5796E-09 3.3881E-09 3.1964E-09
7.9519E-10 9.3701E-10 1.0977E-09 1.2958E-09 1.5020E-09 1.7303E-09 1.9844E-09 2.2944E-09 2.6085E-09 2.9299E-09 3.3802E-09 3.9786E-09 4.7252E-09 5.8677E-09 7.3434E-09 9.2326E-09 1.1810E-08 1.4904E-08 1.8462E-08 2.2183E-08 2.5612E-08 2.8258E-08 6.3160E-08 5.8241E-08 4.7031E-08 3.8154E-08 3.1604E-08 2.7160E-08 2.4274E-08 2.2085E-08 2.0280E-08 1.5831E-08 1.4801E-08 1.3727E-08 1.2558E-08 9.9849E-09 9.2378E-09 8.6311E-09 8.0611E-09 7.6444E-09 7.2761E-09 6.9446E-09 6.6317E-09 6.3441E-09 6.0743E-09 5.8182E-09 5.5554E-09 5.3029E-09 5.0581E-09 4.8210E-09 4.5873E-09 4.3355E-09 4.1165E-09 3.9023E-09 3.6875E-09 3.4727E-09 3.2801E-09
8.8520E-10 1.0446E-09 1.2415E-09 1.4497E-09 1.6823E-09 1.9408E-09 2.2740E-09 2.6187E-09 2.9729E-09 3.4107E-09 4.0330E-09 4.6861E-09 5.7292E-09 7.3146E-09 9.3563E-09 1.2275E-08 1.6083E-08 2.0890E-08 2.6498E-08 3.2418E-08 3.7881E-08 6.6557E-08 9.6023E-08 7.7433E-08 6.1672E-08 5.0252E-08 4.1739E-08 3.5359E-08 3.0716E-08 2.7049E-08 2.4010E-08 1.8477E-08 1.6784E-08 1.5267E-08 1.3818E-08 1.0888E-08 9.9899E-09 9.2318E-09 8.5756E-09 8.0613E-09 7.6404E-09 7.2719E-09 6.9279E-09 6.6071E-09 6.3062E-09 6.0263E-09 5.7500E-09 5.4791E-09 5.2109E-09 4.9627E-09 4.7186E-09 4.4755E-09 4.2258E-09 4.0034E-09 3.7848E-09 3.5568E-09 3.3571E-09
9.8185E-10 1.1747E-09 1.3818E-09 1.6154E-09 1.8765E-09 2.2121E-09 2.5711E-09 2.9509E-09 3.3836E-09 3.9579E-09 4.6908E-09 5.5491E-09 6.9898E-09 9.0172E-09 1.1887E-08 1.6068E-08 2.1647E-08 2.8810E-08 3.7274E-08 4.6278E-08 5.4608E-08 1.4276E-07 1.3224E-07 1.0035E-07 8.0547E-08 6.6210E-08 5.4759E-08 4.5392E-08 3.8537E-08 3.2946E-08 2.8421E-08 2.4832E-08 1.9161E-08 1.7088E-08 1.5235E-08 1.1930E-08 1.0822E-08 9.8967E-09 9.1824E-09 8.5129E-09 8.0449E-09 7.6260E-09 7.2444E-09 6.8836E-09 6.5490E-09 6.2420E-09 5.9514E-09 5.6504E-09 5.3790E-09 5.1058E-09 4.8504E-09 4.6007E-09 4.3342E-09 4.1034E-09 3.8787E-09 3.6552E-09 3.4309E-09
1.0973E-09 1.3002E-09 1.5312E-09 1.8097E-09 2.1151E-09 2.4744E-09 2.8716E-09 3.3241E-09 3.8387E-09 4.5143E-09 5.3882E-09 6.6201E-09 8.5081E-09 1.1001E-08 1.4878E-08 2.0643E-08 2.8412E-08 3.8548E-08 5.0647E-08 6.3590E-08 7.5635E-08 2.4398E-07 1.6843E-07 1.2677E-07 1.0350E-07 8.4743E-08 6.9381E-08 5.7138E-08 4.7489E-08 3.9643E-08 3.3421E-08 2.8631E-08 2.1965E-08 1.9171E-08 1.6786E-08 1.4911E-08 1.1707E-08 1.0624E-08 9.7992E-09 9.0473E-09 8.4721E-09 7.9955E-09 7.5742E-09 7.1884E-09 6.8115E-09 6.4715E-09 6.1521E-09 5.8488E-09 5.5400E-09 5.2522E-09 4.9814E-09 4.7208E-09 4.4660E-09 4.2001E-09 3.9666E-09 3.7385E-09 3.5014E-09
