Assets/Resources/2015_m01_d01_1100(utc+0800)_l00_csi_1hr_conc.grd
DSAA
         159         159
     -79.000      79.000
     -79.000      79.000
  0.0000E+00  0.4056E-05
[rows 50 to 74 of 159, columns 57 to 113 of 159]
0.0000E+00 0.0000E+00 0.0000E+00 0.0000E+00 0.0000E+00 0.0000E+00 0.0000E+00 0.0000E+00 0.0000E+00 0.0000E+00 0.0000E+00 0.0000E+00 0.0000E+00 0.0000E+00 0.0000E+00 0.0000E+00 0.0000E+00 0.0000E+00 0.0000E+00 0.0000E+00 0.0000E+00 0.0000E+00 0.0000E+00 1.4932E-11 4.6591E-11 1.1127E-10 1.8946E-10 2.7432E-10 3.8257E-10 5.2318E-10 7.0520E-10 9.3133E-10 1.2136E-09 1.5711E-09 2.0134E-09 2.5363E-09 3.1318E-09 3.8027E-09 4.5557E-09 5.3790E-09 6.2640E-09 7.1940E-09 8.1471E-09 9.1104E-09 1.0049E-08 1.0929E-08 1.1723E-08 1.2401E-08 1.2942E-08 1.3329E-08 1.3551E-08 1.3598E-08 1.3473E-08 1.3187E-08 1.2757E-08 1.2202E-08 1.1544E-08
0.0000E+00 0.0000E+00 0.0000E+00 0.0000E+00 0.0000E+00 0.0000E+00 0.0000E+00 0.0000E+00 0.0000E+00 0.0000E+00 0.0000E+00 0.0000E+00 0.0000E+00 0.0000E+00 0.0000E+00 0.0000E+00 0.0000E+00 0.0000E+00 0.0000E+00 0.0000E+00 0.0000E+00 0.0000E+00 0.0000E+00 1.0998E-11 3.4499E-11 9.6655E-11 1.7324E-10 2.5981E-10 3.6713E-10 5.0413E-10 6.8210E-10 9.0358E-10 1.1981E-09 1.5744E-09 2.0302E-09 2.5648E-09 3.1867E-09 3.8845E-09 4.6669E-09 5.5255E-09 6.4484E-09 7.4229E-09 8.4336E-09 9.4419E-09 1.0419E-08 1.1331E-08 1.2138E-08 1.2818E-08 1.3348E-08 1.3709E-08 1.3894E-08 1.3893E-08 1.3712E-08 1.3363E-08 1.2866E-08 1.2243E-08 1.1520E-08
0.0000E+00 0.0000E+00 0.0000E+00 0.0000E+00 0.0000E+00 0.0000E+00 0.0000E+00 0.0000E+00 0.0000E+00 0.0000E+00 0.0000E+00 0.0000E+00 0.0000E+00 0.0000E+00 0.0000E+00 0.0000E+00 0.0000E+00 0.0000E+00 0.0000E+00 0.0000E+00 0.0000E+00 0.0000E+00 0.0000E+00 7.4564E-12 2.5926E-11 8.1226E-11 1.5672E-10 2.4454E-10 3.4871E-10 4.8358E-10 6.5446E-10 8.7748E-10 1.1836E-09 1.5757E-09 2.0431E-09 2.6050E-09 3.2545E-09 3.9918E-09 4.8134E-09 5.7188E-09 6.7000E-09 7.7371E-09 8.8003E-09 9.8569E-09 1.0872E-08 1.1808E-08 1.2632E-08 1.3313E-08 1.3830E-08 1.4162E-08 1.4299E-08 1.4238E-08 1.3991E-08 1.3573E-08 1.3005E-08 1.2311E-08 1.1517E-08
0.0000E+00 0.0000E+00 0.0000E+00 0.0000E+00 0.0000E+00 0.0000E+00 0.0000E+00 0.0000E+00 0.0000E+00 0.0000E+00 0.0000E+00 0.0000E+00 0.0000E+00 0.0000E+00 0.0000E+00 0.0000E+00 0.0000E+00 0.0000E+00 0.0000E+00 0.0000E+00 0.0000E+00 0.0000E+00 0.0000E+00 4.5863E-12 1.9808E-11 6.5237E-11 1.3878E-10 2.2557E-10 3.2810E-10 4.5930E-10 6.2751E-10 8.5815E-10 1.1690E-09 1.5768E-09 2.0846E-09 2.6747E-09 3.3600E-09 4.1355E-09 5.0046E-09 5.9619E-09 7.0141E-09 8.1166E-09 9.2411E-09 1.0351E-08 1.1410E-08 1.2374E-08 1.3209E-08 1.3887E-08 1.4383E-08 1.4677E-08 1.4763E-08 1.4637E-08 1.4312E-08 1.3810E-08 1.3160E-08 1.2389E-08 1.1526E-08
0.0000E+00 0.0000E+00 0.0000E+00 0.0000E+00 0.0000E+00 0.0000E+00 0.0000E+00 0.0000E+00 0.0000E+00 0.0000E+00 0.0000E+00 0.0000E+00 0.0000E+00 0.0000E+00 0.0000E+00 0.0000E+00 0.0000E+00 0.0000E+00 0.0000E+00 0.0000E+00 0.0000E+00 0.0000E+00 0.0000E+00 2.5348E-12 1.4157E-11 5.0955E-11 1.1752E-10 2.0205E-10 3.0668E-10 4.3482E-10 6.0170E-10 8.4063E-10 1.1814E-09 1.6094E-09 2.1397E-09 2.7674E-09 3.4921E-09 4.3176E-09 5.2516E-09 6.2946E-09 7.4230E-09 8.5998E-09 9.7922E-09 1.0962E-08 1.2060E-08 1.3052E-08 1.3898E-08 1.4568E-08 1.5034E-08 1.5275E-08 1.5293E-08 1.5090E-08 1.4681E-08 1.4090E-08 1.3345E-08 1.2483E-08 1.1539E-08
0.0000E+00 0.0000E+00 0.0000E+00 0.0000E+00 0.0000E+00 0.0000E+00 0.0000E+00 0.0000E+00 0.0000E+00 0.0000E+00 0.0000E+00 0.0000E+00 0.0000E+00 0.0000E+00 0.0000E+00 0.0000E+00 0.0000E+00 0.0000E+00 0.0000E+00 0.0000E+00 0.0000E+00 0.0000E+00 0.0000E+00 1.1213E-12 9.3538E-12 3.8599E-11 9.6257E-11 1.7680E-10 2.8228E-10 4.1308E-10 5.8640E-10 8.5657E-10 1.2088E-09 1.6687E-09 2.2363E-09 2.8997E-09 3.6715E-09 4.5582E-09 5.5742E-09 6.7124E-09 7.9317E-09 9.2020E-09 1.0466E-08 1.1692E-08 1.2831E-08 1.3842E-08 1.4688E-08 1.5335E-08 1.5759E-08 1.5945E-08 1.5881E-08 1.5586E-08 1.5079E-08 1.4390E-08 1.3552E-08 1.2594E-08 1.1561E-08
0.0000E+00 0.0000E+00 0.0000E+00 0.0000E+00 0.0000E+00 0.0000E+00 0.0000E+00 0.0000E+00 0.0000E+00 0.0000E+00 0.0000E+00 0.0000E+00 0.0000E+00 0.0000E+00 0.0000E+00 0.0000E+00 0.0000E+00 0.0000E+00 0.0000E+00 0.0000E+00 0.0000E+00 0.0000E+00 0.0000E+00 3.8200E-13 5.4616E-12 2.8581E-11 7.6369E-11 1.5117E-10 2.5384E-10 4.1029E-10 5.9565E-10 8.6570E-10 1.2768E-09 1.7877E-09 2.3962E-09 3.1139E-09 3.9452E-09 4.9349E-09 6.0454E-09 7.2867E-09 8.6101E-09 9.9730E-09 1.1318E-08 1.2605E-08 1.3785E-08 1.4810E-08 1.5645E-08 1.6248E-08 1.6603E-08 1.6703E-08 1.6543E-08 1.6141E-08 1.5516E-08 1.4709E-08 1.3763E-08 1.2709E-08 1.1584E-08
0.0000E+00 0.0000E+00 0.0000E+00 0.0000E+00 0.0000E+00 0.0000E+00 0.0000E+00 0.0000E+00 0.0000E+00 0.0000E+00 0.0000E+00 0.0000E+00 0.0000E+00 0.0000E+00 0.0000E+00 0.0000E+00 0.0000E+00 0.0000E+00 0.0000E+00 0.0000E+00 0.0000E+00 0.0000E+00 0.0000E+00 0.0000E+00 2.7518E-12 2.1337E-11 5.9026E-11 1.2622E-10 2.4212E-10 4.0387E-10 6.2470E-10 9.4348E-10 1.3981E-09 1.9657E-09 2.6379E-09 3.4441E-09 4.3704E-09 5.4557E-09 6.6974E-09 8.0672E-09 9.4990E-09 1.0961E-08 1.2375E-08 1.3707E-08 1.4898E-08 1.5912E-08 1.6709E-08 1.7253E-08 1.7526E-08 1.7519E-08 1.7241E-08 1.6721E-08 1.5977E-08 1.5045E-08 1.3975E-08 1.2814E-08 1.1598E-08
0.0000E+00 0.0000E+00 0.0000E+00 0.0000E+00 0.0000E+00 0.0000E+00 0.0000E+00 0.0000E+00 0.0000E+00 0.0000E+00 0.0000E+00 0.0000E+00 0.0000E+00 0.0000E+00 0.0000E+00 0.0000E+00 0.0000E+00 0.0000E+00 0.0000E+00 0.0000E+00 0.0000E+00 0.0000E+00 0.0000E+00 0.0000E+00 1.0828E-12 1.4871E-11 4.6680E-11 1.1256E-10 2.2956E-10 4.2880E-10 6.8425E-10 1.1032E-09 1.6329E-09 2.2736E-09 3.0495E-09 3.9426E-09 4.9845E-09 6.1954E-09 7.5745E-09 9.0836E-09 1.0649E-08 1.2202E-08 1.3686E-08 1.5042E-08 1.6231E-08 1.7203E-08 1.7934E-08 1.8378E-08 1.8537E-08 1.8407E-08 1.7986E-08 1.7318E-08 1.6439E-08 1.5379E-08 1.4182E-08 1.2904E-08 1.1591E-08
0.0000E+00 0.0000E+00 0.0000E+00 0.0000E+00 0.0000E+00 0.0000E+00 0.0000E+00 0.0000E+00 0.0000E+00 0.0000E+00 0.0000E+00 0.0000E+00 0.0000E+00 0.0000E+00 0.0000E+00 0.0000E+00 0.0000E+00 0.0000E+00 0.0000E+00 0.0000E+00 0.0000E+00 0.0000E+00 0.0000E+00 0.0000E+00 2.8458E-13 9.4824E-12 4.4926E-11 1.1263E-10 2.5997E-10 4.7762E-10 8.3512E-10 1.3562E-09 1.9858E-09 2.7394E-09 3.6417E-09 4.6778E-09 5.8656E-09 7.2408E-09 8.7885E-09 1.0444E-08 1.2129E-08 1.3754E-08 1.5270E-08 1.6614E-08 1.7761E-08 1.8662E-08 1.9289E-08 1.9603E-08 1.9616E-08 1.9331E-08 1.8758E-08 1.7930E-08 1.6887E-08 1.5690E-08 1.4367E-08 1.2972E-08 1.1561E-08
0.0000E+00 0.0000E+00 0.0000E+00 0.0000E+00 0.0000E+00 0.0000E+00 0.0000E+00 0.0000E+00 0.0000E+00 0.0000E+00 0.0000E+00 0.0000E+00 0.0000E+00 0.0000E+00 0.0000E+00 0.0000E+00 0.0000E+00 0.0000E+00 0.0000E+00 0.0000E+00 0.0000E+00 0.0000E+00 0.0000E+00 0.0000E+00 0.0000E+00 5.4316E-12 5.6802E-11 1.4093E-10 3.0709E-10 6.2096E-10 1.0936E-09 1.7469E-09 2.5374E-09 3.4686E-09 4.5299E-09 5.7277E-09 7.0868E-09 8.6672E-09 1.0405E-08 1.2211E-08 1.3987E-08 1.5644E-08 1.7151E-08 1.8452E-08 1.9510E-08 2.0280E-08 2.0764E-08 2.0916E-08 2.0745E-08 2.0272E-08 1.9520E-08 1.8520E-08 1.7311E-08 1.5957E-08 1.4507E-08 1.3001E-08 1.1494E-08
0.0000E+00 0.0000E+00 0.0000E+00 0.0000E+00 0.0000E+00 0.0000E+00 0.0000E+00 0.0000E+00 0.0000E+00 0.0000E+00 0.0000E+00 0.0000E+00 0.0000E+00 0.0000E+00 0.0000E+00 0.0000E+00 0.0000E+00 0.0000E+00 0.0000E+00 0.0000E+00 0.0000E+00 0.0000E+00 0.0000E+00 0.0000E+00 0.0000E+00 2.5054E-11 7.8723E-11 1.8601E-10 4.2575E-10 8.4030E-10 1.5417E-09 2.3813E-09 3.3981E-09 4.5498E-09 5.8285E-09 7.2283E-09 8.8040E-09 1.0600E-08 1.2517E-08 1.4445E-08 1.6266E-08 1.7914E-08 1.9355E-08 2.0547E-08 2.1458E-08 2.2048E-08 2.2320E-08 2.2264E-08 2.1887E-08 2.1196E-08 2.0236E-08 1.9055E-08 1.7674E-08 1.6161E-08 1.4581E-08 1.2970E-08 1.1375E-08
0.0000E+00 0.0000E+00 0.0000E+00 0.0000E+00 0.0000E+00 0.0000E+00 0.0000E+00 0.0000E+00 0.0000E+00 0.0000E+00 0.0000E+00 0.0000E+00 0.0000E+00 0.0000E+00 0.0000E+00 0.0000E+00 0.0000E+00 0.0000E+00 0.0000E+00 0.0000E+00 0.0000E+00 0.0000E+00 0.0000E+00 0.0000E+00 1.3063E-11 4.5174E-11 1.2384E-10 3.1402E-10 6.4552E-10 1.2963E-09 2.2298E-09 3.3804E-09 4.6910E-09 6.1032E-09 7.6205E-09 9.2968E-09 1.1105E-08 1.3115E-08 1.5184E-08 1.7190E-08 1.9002E-08 2.0578E-08 2.1867E-08 2.2864E-08 2.3557E-08 2.3909E-08 2.3928E-08 2.3602E-08 2.2980E-08 2.2062E-08 2.0876E-08 1.9492E-08 1.7947E-08 1.6278E-08 1.4569E-08 1.2863E-08 1.1191E-08
0.0000E+00 0.0000E+00 0.0000E+00 0.0000E+00 0.0000E+00 0.0000E+00 0.0000E+00 0.0000E+00 0.0000E+00 0.0000E+00 0.0000E+00 0.0000E+00 0.0000E+00 0.0000E+00 0.0000E+00 0.0000E+00 0.0000E+00 0.0000E+00 0.0000E+00 0.0000E+00 0.0000E+00 0.0000E+00 0.0000E+00 9.7061E-12 2.5449E-11 9.1670E-11 2.3387E-10 5.1517E-10 1.0141E-09 2.0378E-09 3.3578E-09 4.9126E-09 6.5953E-09 8.3438E-09 1.0139E-08 1.2062E-08 1.4102E-08 1.6294E-08 1.8464E-08 2.0474E-08 2.2173E-08 2.3569E-08 2.4632E-08 2.5356E-08 2.5743E-08 2.5792E-08 2.5506E-08 2.4885E-08 2.3975E-08 2.2802E-08 2.1394E-08 1.9802E-08 1.8082E-08 1.6275E-08 1.4449E-08 1.2655E-08 1.0928E-08
0.0000E+00 0.0000E+00 0.0000E+00 0.0000E+00 0.0000E+00 0.0000E+00 0.0000E+00 0.0000E+00 0.0000E+00 0.0000E+00 0.0000E+00 0.0000E+00 0.0000E+00 0.0000E+00 0.0000E+00 0.0000E+00 0.0000E+00 0.0000E+00 0.0000E+00 0.0000E+00 0.0000E+00 0.0000E+00 0.0000E+00 1.4420E-11 6.0628E-11 1.8407E-10 4.1114E-10 8.4059E-10 1.7748E-09 3.3009E-09 5.1630E-09 7.2148E-09 9.2914E-09 1.1356E-08 1.3458E-08 1.5603E-08 1.7834E-08 2.0157E-08 2.2354E-08 2.4236E-08 2.5719E-08 2.6813E-08 2.7544E-08 2.7914E-08 2.7932E-08 2.7601E-08 2.6972E-08 2.6031E-08 2.4808E-08 2.3366E-08 2.1729E-08 1.9940E-08 1.8059E-08 1.6124E-08 1.4206E-08 1.2343E-08 1.0574E-08
0.0000E+00 0.0000E+00 0.0000E+00 0.0000E+00 0.0000E+00 0.0000E+00 0.0000E+00 0.0000E+00 0.0000E+00 0.0000E+00 0.0000E+00 0.0000E+00 0.0000E+00 0.0000E+00 0.0000E+00 0.0000E+00 0.0000E+00 0.0000E+00 0.0000E+00 0.0000E+00 0.0000E+00 0.0000E+00 8.3351E-12 3.3620E-11 1.2555E-10 3.1709E-10 7.1224E-10 1.5999E-09 3.1797E-09 5.4207E-09 7.9969E-09 1.0574E-08 1.3048E-08 1.5406E-08 1.7675E-08 1.9968E-08 2.2329E-08 2.4667E-08 2.6748E-08 2.8364E-08 2.9500E-08 3.0179E-08 3.0466E-08 3.0394E-08 2.9985E-08 2.9237E-08 2.8210E-08 2.6934E-08 2.5408E-08 2.3694E-08 2.1841E-08 1.9877E-08 1.7853E-08 1.5815E-08 1.3828E-08 1.1919E-08 1.0134E-08
0.0000E+00 0.0000E+00 0.0000E+00 0.0000E+00 0.0000E+00 0.0000E+00 0.0000E+00 0.0000E+00 0.0000E+00 0.0000E+00 0.0000E+00 0.0000E+00 0.0000E+00 0.0000E+00 0.0000E+00 0.0000E+00 0.0000E+00 0.0000E+00 0.0000E+00 0.0000E+00 0.0000E+00 0.0000E+00 1.6882E-11 6.6248E-11 2.0880E-10 5.5627E-10 1.5486E-09 3.0237E-09 5.7168E-09 9.0681E-09 1.2397E-08 1.5407E-08 1.8095E-08 2.0521E-08 2.2835E-08 2.5119E-08 2.7462E-08 2.9651E-08 3.1456E-08 3.2658E-08 3.3294E-08 3.3459E-08 3.3219E-08 3.2636E-08 3.1745E-08 3.0570E-08 2.9146E-08 2.7520E-08 2.5709E-08 2.3753E-08 2.1693E-08 1.9582E-08 1.7452E-08 1.5332E-08 1.3309E-08 1.1387E-08 9.6058E-09
0.0000E+00 0.0000E+00 0.0000E+00 0.0000E+00 0.0000E+00 0.0000E+00 0.0000E+00 0.0000E+00 0.0000E+00 0.0000E+00 0.0000E+00 0.0000E+00 0.0000E+00 0.0000E+00 0.0000E+00 0.0000E+00 0.0000E+00 0.0000E+00 0.0000E+00 0.0000E+00 0.0000E+00 2.0485E-12 2.7410E-11 9.8683E-11 3.5776E-10 1.2896E-09 3.0912E-09 6.1906E-09 1.0648E-08 1.5342E-08 1.9207E-08 2.2167E-08 2.4545E-08 2.6692E-08 2.8764E-08 3.0847E-08 3.2952E-08 3.4823E-08 3.6149E-08 3.6810E-08 3.6843E-08 3.6413E-08 3.5595E-08 3.4472E-08 3.3085E-08 3.1477E-08 2.9673E-08 2.7726E-08 2.5651E-08 2.3487E-08 2.1270E-08 1.9041E-08 1.6840E-08 1.4682E-08 1.2652E-08 1.0749E-08 9.0005E-09
0.0000E+00 0.0000E+00 0.0000E+00 0.0000E+00 0.0000E+00 0.0000E+00 0.0000E+00 0.0000E+00 0.0000E+00 0.0000E+00 0.0000E+00 0.0000E+00 0.0000E+00 0.0000E+00 0.0000E+00 0.0000E+00 0.0000E+00 0.0000E+00 0.0000E+00 0.0000E+00 0.0000E+00 5.1448E-12 4.7752E-11 1.7198E-10 5.6537E-10 2.2399E-09 6.3160E-09 1.2455E-08 1.9663E-08 2.5705E-08 2.9230E-08 3.1115E-08 3.2380E-08 3.3637E-08 3.5081E-08 3.6712E-08 3.8356E-08 3.9711E-08 4.0427E-08 4.0451E-08 3.9835E-08 3.8774E-08 3.7365E-08 3.5712E-08 3.3855E-08 3.1849E-08 2.9705E-08 2.7487E-08 2.5202E-08 2.2881E-08 2.0545E-08 1.8253E-08 1.6027E-08 1.3867E-08 1.1868E-08 1.0014E-08 8.3252E-09
0.0000E+00 0.0000E+00 0.0000E+00 0.0000E+00 0.0000E+00 0.0000E+00 0.0000E+00 0.0000E+00 0.0000E+00 0.0000E+00 0.0000E+00 0.0000E+00 0.0000E+00 0.0000E+00 0.0000E+00 0.0000E+00 0.0000E+00 0.0000E+00 0.0000E+00 0.0000E+00 0.0000E+00 8.6924E-12 6.6439E-11 2.4874E-10 8.5475E-10 5.2700E-09 1.3261E-08 2.4742E-08 3.5642E-08 4.1623E-08 4.2866E-08 4.1947E-08 4.0960E-08 4.0733E-08 4.1137E-08 4.2100E-08 4.3086E-08 4.3786E-08 4.3828E-08 4.3178E-08 4.1940E-08 4.0275E-08 3.8334E-08 3.6204E-08 3.3938E-08 3.1597E-08 2.9189E-08 2.6765E-08 2.4335E-08 2.1920E-08 1.9535E-08 1.7223E-08 1.5019E-08 1.2904E-08 1.0968E-08 9.1948E-09 7.5920E-09
0.0000E+00 0.0000E+00 0.0000E+00 0.0000E+00 0.0000E+00 0.0000E+00 0.0000E+00 0.0000E+00 0.0000E+00 0.0000E+00 0.0000E+00 0.0000E+00 0.0000E+00 0.0000E+00 0.0000E+00 0.0000E+00 0.0000E+00 0.0000E+00 0.0000E+00 0.0000E+00 0.0000E+00 1.3409E-11 8.9988E-11 3.6299E-10 2.1643E-09 1.0261E-08 2.7145E-08 4.7504E-08 6.1655E-08 6.3961E-08 5.9140E-08 5.3285E-08 4.9096E-08 4.6865E-08 4.6085E-08 4.6211E-08 4.6476E-08 4.6485E-08 4.5889E-08 4.4634E-08 4.2865E-08 4.0714E-08 3.8344E-08 3.5838E-08 3.3267E-08 3.0685E-08 2.8099E-08 2.5560E-08 2.3062E-08 2.0618E-08 1.8248E-08 1.5976E-08 1.3837E-08 1.1809E-08 9.9720E-09 8.3057E-09 6.8124E-09
0.0000E+00 0.0000E+00 0.0000E+00 0.0000E+00 0.0000E+00 0.0000E+00 0.0000E+00 0.0000E+00 0.0000E+00 0.0000E+00 0.0000E+00 0.0000E+00 0.0000E+00 0.0000E+00 0.0000E+00 0.0000E+00 0.0000E+00 0.0000E+00 0.0000E+00 0.0000E+00 0.0000E+00 1.7271E-11 1.2112E-10 4.8128E-10 3.7990E-09 2.0949E-08 5.4242E-08 8.6880E-08 9.7823E-08 9.0020E-08 7.5172E-08 6.2451E-08 5.4852E-08 5.0797E-08 4.8963E-08 4.8324E-08 4.7953E-08 4.7363E-08 4.6250E-08 4.4563E-08 4.2429E-08 3.9950E-08 3.7305E-08 3.4578E-08 3.1825E-08 2.9125E-08 2.6470E-08 2.3901E-08 2.1421E-08 1.9025E-08 1.6727E-08 1.4550E-08 1.2523E-08 1.0613E-08 8.9111E-09 7.3757E-09 6.0109E-09
0.0000E+00 0.0000E+00 0.0000E+00 0.0000E+00 0.0000E+00 0.0000E+00 0.0000E+00 0.0000E+00 0.0000E+00 0.0000E+00 0.0000E+00 0.0000E+00 0.0000E+00 0.0000E+00 0.0000E+00 0.0000E+00 0.0000E+00 0.0000E+00 0.0000E+00 0.0000E+00 0.0000E+00 1.9557E-11 1.3794E-10 6.8027E-10 8.1302E-09 4.3952E-08 1.0402E-07 1.4342E-07 1.3931E-07 1.1119E-07 8.4192E-08 6.6320E-08 5.6400E-08 5.1486E-08 4.9064E-08 4.7940E-08 4.7131E-08 4.6170E-08 4.4760E-08 4.2868E-08 4.0559E-08 3.7977E-08 3.5237E-08 3.2445E-08 2.9669E-08 2.6978E-08 2.4360E-08 2.1865E-08 1.9478E-08 1.7197E-08 1.5035E-08 1.3000E-08 1.1122E-08 9.3704E-09 7.8206E-09 6.4339E-09 5.2092E-09
0.0000E+00 0.0000E+00 0.0000E+00 0.0000E+00 0.0000E+00 0.0000E+00 0.0000E+00 0.0000E+00 0.0000E+00 0.0000E+00 0.0000E+00 0.0000E+00 0.0000E+00 0.0000E+00 0.0000E+00 0.0000E+00 0.0000E+00 0.0000E+00 0.0000E+00 0.0000E+00 0.0000E+00 2.2061E-11 1.4474E-10 8.7608E-10 1.5899E-08 9.3312E-08 1.9057E-07 2.0694E-07 1.6411E-07 1.1491E-07 8.0579E-08 6.2294E-08 5.2948E-08 4.8486E-08 4.6182E-08 4.4940E-08 4.4023E-08 4.2949E-08 4.1494E-08 3.9641E-08 3.7401E-08 3.4903E-08 3.2259E-08 2.9579E-08 2.6913E-08 2.4356E-08 2.1883E-08 1.9542E-08 1.7322E-08 1.5218E-08 1.3233E-08 1.1382E-08 9.6838E-09 8.1132E-09 6.7325E-09 5.5084E-09 4.4310E-09
0.0000E+00 0.0000E+00 0.0000E+00 0.0000E+00 0.0000E+00 0.0000E+00 0.0000E+00 0.0000E+00 0.0000E+00 0.0000E+00 0.0000E+00 0.0000E+00 0.0000E+00 0.0000E+00 0.0000E+00 0.0000E+00 0.0000E+00 0.0000E+00 0.0000E+00 0.0000E+00 0.0000E+00 1.9799E-11 1.3714E-10 8.9258E-10 3.8584E-08 2.1126E-07 2.9865E-07 2.3676E-07 1.4825E-07 9.2311E-08 6.4451E-08 5.1424E-08 4.5364E-08 4.2289E-08 4.0612E-08 3.9692E-08 3.8952E-08 3.8035E-08 3.6789E-08 3.5178E-08 3.3207E-08 3.0974E-08 2.8585E-08 2.6151E-08 2.3732E-08 2.1413E-08 1.9174E-08 1.7056E-08 1.5059E-08 1.3174E-08 1.1405E-08 9.7622E-09 8.2644E-09 6.8898E-09 5.6851E-09 4.6270E-09 3.6986E-09
