Assets/Resources/2015_m01_d15_1500(utc+0800)_l00_csi_1hr_conc.grd
DSAA
         159         159
     -79.000      79.000
     -79.000      79.000
  0.0000E+00  0.1390E-04
[rows 125 to 149 of 159, columns 57 to 113 of 159]
5.6987E-10 5.8135E-10 5.9299E-10 6.0402E-10 6.1326E-10 6.2220E-10 6.3229E-10 6.4289E-10 6.5329E-10 6.6258E-10 6.7066E-10 6.8548E-10 6.9271E-10 7.0620E-10 7.1460E-10 7.2529E-10 7.3551E-10 7.4503E-10 7.5329E-10 7.5990E-10 7.6499E-10 7.7024E-10 7.7600E-10 7.8217E-10 7.8882E-10 7.9388E-10 7.9736E-10 8.0038E-10 8.0342E-10 8.0519E-10 8.0659E-10 8.0775E-10 8.0848E-10 8.0744E-10 8.0691E-10 8.0579E-10 8.0303E-10 8.0093E-10 7.9644E-10 7.9260E-10 7.8841E-10 7.8248E-10 7.7625E-10 7.6952E-10 7.6224E-10 7.5531E-10 7.4694E-10 7.3823E-10 7.2824E-10 7.1889E-10 7.0875E-10 6.9960E-10 6.8975E-10 6.7952E-10 6.6891E-10 6.5776E-10 6.4620E-10
5.1346E-10 5.2422E-10 5.3505E-10 5.4445E-10 5.5376E-10 5.6323E-10 5.7166E-10 5.8045E-10 5.8896E-10 5.9751E-10 6.0797E-10 6.2048E-10 6.3038E-10 6.3859E-10 6.4629E-10 6.5687E-10 6.6564E-10 6.7644E-10 6.8362E-10 6.9058E-10 6.9789E-10 7.0506E-10 7.1109E-10 7.1592E-10 7.2073E-10 7.2484E-10 7.2819E-10 7.3182E-10 7.3667E-10 7.3838E-10 7.3824E-10 7.3928E-10 7.3921E-10 7.3937E-10 7.3909E-10 7.3652E-10 7.3357E-10 7.3157E-10 7.2790E-10 7.2457E-10 7.2073E-10 7.1560E-10 7.0990E-10 7.0449E-10 6.9765E-10 6.9225E-10 6.8345E-10 6.7725E-10 6.7027E-10 6.6260E-10 6.5474E-10 6.4708E-10 6.3723E-10 6.2796E-10 6.1799E-10 6.0796E-10 5.9776E-10
4.7319E-10 4.8142E-10 4.8959E-10 4.9692E-10 5.0524E-10 5.1381E-10 5.2233E-10 5.3062E-10 5.3866E-10 5.4541E-10 5.5282E-10 5.6000E-10 5.6696E-10 5.7793E-10 5.8605E-10 5.9627E-10 6.0483E-10 6.1200E-10 6.1852E-10 6.2462E-10 6.3061E-10 6.3657E-10 6.4356E-10 6.4821E-10 6.5312E-10 6.5625E-10 6.5942E-10 6.6340E-10 6.6632E-10 6.6885E-10 6.6970E-10 6.7092E-10 6.7139E-10 6.7180E-10 6.7059E-10 6.7019E-10 6.6937E-10 6.6688E-10 6.6432E-10 6.6224E-10 6.5854E-10 6.5367E-10 6.4983E-10 6.4564E-10 6.4114E-10 6.3517E-10 6.3051E-10 6.2447E-10 6.1899E-10 6.1134E-10 6.0470E-10 5.9638E-10 5.8894E-10 5.8046E-10 5.7056E-10 5.6215E-10 5.5122E-10
4.3925E-10 4.4671E-10 4.5337E-10 4.6071E-10 4.6796E-10 4.7511E-10 4.8213E-10 4.8903E-10 4.9497E-10 5.0320E-10 5.0989E-10 5.1639E-10 5.2272E-10 5.2886E-10 5.3481E-10 5.4059E-10 5.4618E-10 5.5419E-10 5.6028E-10 5.6663E-10 5.7352E-10 5.7954E-10 5.8370E-10 5.8880E-10 5.9270E-10 5.9633E-10 5.9964E-10 6.0261E-10 6.0526E-10 6.0755E-10 6.0949E-10 6.1110E-10 6.1187E-10 6.1115E-10 6.1172E-10 6.1191E-10 6.1126E-10 6.0904E-10 6.0796E-10 6.0618E-10 6.0261E-10 6.0019E-10 5.9774E-10 5.9376E-10 5.9040E-10 5.8489E-10 5.8064E-10 5.7515E-10 5.6938E-10 5.6415E-10 5.5742E-10 5.5123E-10 5.4312E-10 5.3575E-10 5.2676E-10 5.1731E-10 5.0913E-10
4.0729E-10 4.1407E-10 4.2079E-10 4.2744E-10 4.3400E-10 4.4046E-10 4.4600E-10 4.5222E-10 4.5829E-10 4.6423E-10 4.7001E-10 4.7480E-10 4.8029E-10 4.8977E-10 4.9509E-10 5.0027E-10 5.0530E-10 5.1017E-10 5.1487E-10 5.1940E-10 5.2372E-10 5.2785E-10 5.3263E-10 5.3717E-10 5.4063E-10 5.4467E-10 5.4759E-10 5.5026E-10 5.5262E-10 5.5469E-10 5.5649E-10 5.5795E-10 5.5917E-10 5.6007E-10 5.6050E-10 5.5992E-10 5.5971E-10 5.5931E-10 5.5825E-10 5.5633E-10 5.5455E-10 5.5186E-10 5.4857E-10 5.4601E-10 5.4216E-10 5.3876E-10 5.3439E-10 5.2995E-10 5.2485E-10 5.1914E-10 5.1331E-10 5.0685E-10 5.0005E-10 4.9275E-10 4.8526E-10 4.7720E-10 4.6801E-10
3.7646E-10 3.8258E-10 3.8791E-10 3.9391E-10 3.9982E-10 4.0564E-10 4.1136E-10 4.1695E-10 4.2240E-10 4.2691E-10 4.3207E-10 4.3709E-10 4.4437E-10 4.4918E-10 4.5384E-10 4.5837E-10 4.6278E-10 4.6963E-10 4.7545E-10 4.8028E-10 4.8418E-10 4.8788E-10 4.9137E-10 4.9466E-10 4.9772E-10 5.0056E-10 5.0317E-10 5.0553E-10 5.0763E-10 5.0950E-10 5.1109E-10 5.1231E-10 5.1342E-10 5.1412E-10 5.1468E-10 5.1390E-10 5.1390E-10 5.1330E-10 5.1179E-10 5.1056E-10 5.0923E-10 5.0661E-10 5.0455E-10 5.0234E-10 4.9885E-10 4.9514E-10 4.9101E-10 4.8666E-10 4.8240E-10 4.7651E-10 4.7192E-10 4.6611E-10 4.5982E-10 4.5341E-10 4.4638E-10 4.3850E-10 4.3146E-10
3.4831E-10 3.5385E-10 3.5862E-10 3.6403E-10 3.6936E-10 3.7460E-10 3.7895E-10 3.8397E-10 3.8886E-10 3.9286E-10 3.9747E-10 4.0192E-10 4.0779E-10 4.1117E-10 4.1526E-10 4.1922E-10 4.2724E-10 4.3186E-10 4.3556E-10 4.3912E-10 4.4251E-10 4.4575E-10 4.4969E-10 4.5344E-10 4.5700E-10 4.5953E-10 4.6185E-10 4.6380E-10 4.6652E-10 4.6805E-10 4.6954E-10 4.7047E-10 4.7074E-10 4.7139E-10 4.7182E-10 4.7182E-10 4.7175E-10 4.7044E-10 4.6983E-10 4.6865E-10 4.6693E-10 4.6461E-10 4.6286E-10 4.6007E-10 4.5696E-10 4.5359E-10 4.5059E-10 4.4761E-10 4.4245E-10 4.3850E-10 4.3279E-10 4.2828E-10 4.2180E-10 4.1648E-10 4.1032E-10 4.0452E-10 3.9702E-10
3.2062E-10 3.2560E-10 3.3053E-10 3.3540E-10 3.4018E-10 3.4488E-10 3.4873E-10 3.5322E-10 3.5760E-10 3.6185E-10 3.6596E-10 3.6995E-10 3.7379E-10 3.7670E-10 3.8028E-10 3.8373E-10 3.9107E-10 3.9440E-10 3.9762E-10 4.0069E-10 4.0451E-10 4.0904E-10 4.1240E-10 4.1576E-10 4.1817E-10 4.2024E-10 4.2230E-10 4.2463E-10 4.2635E-10 4.2695E-10 4.2815E-10 4.2936E-10 4.2985E-10 4.3068E-10 4.3076E-10 4.3116E-10 4.3007E-10 4.3002E-10 4.2926E-10 4.2860E-10 4.2680E-10 4.2557E-10 4.2410E-10 4.2161E-10 4.1891E-10 4.1671E-10 4.1268E-10 4.0958E-10 4.0588E-10 4.0157E-10 3.9791E-10 3.9303E-10 3.8885E-10 3.8260E-10 3.7752E-10 3.7101E-10 3.6537E-10
2.9538E-10 2.9985E-10 3.0428E-10 3.0864E-10 3.1292E-10 3.1642E-10 3.2054E-10 3.2455E-10 3.2846E-10 3.3225E-10 3.3592E-10 3.3870E-10 3.4211E-10 3.4538E-10 3.5001E-10 3.5387E-10 3.5669E-10 3.5956E-10 3.6231E-10 3.6480E-10 3.6982E-10 3.7310E-10 3.7592E-10 3.7891E-10 3.8103E-10 3.8266E-10 3.8535E-10 3.8655E-10 3.8893E-10 3.9037E-10 3.9115E-10 3.9226E-10 3.9274E-10 3.9352E-10 3.9364E-10 3.9391E-10 3.9398E-10 3.9280E-10 3.9186E-10 3.9125E-10 3.9027E-10 3.8870E-10 3.8650E-10 3.8526E-10 3.8252E-10 3.8099E-10 3.7849E-10 3.7566E-10 3.7265E-10 3.6844E-10 3.6495E-10 3.6077E-10 3.5603E-10 3.5114E-10 3.4673E-10 3.4114E-10 3.3570E-10
2.7247E-10 2.7649E-10 2.8046E-10 2.8437E-10 2.8821E-10 2.9197E-10 2.9565E-10 2.9855E-10 3.0188E-10 3.0452E-10 3.0778E-10 3.1093E-10 3.1307E-10 3.1597E-10 3.2019E-10 3.2209E-10 3.2434E-10 3.2681E-10 3.2917E-10 3.3583E-10 3.3812E-10 3.4029E-10 3.4201E-10 3.4380E-10 3.4563E-10 3.4769E-10 3.5014E-10 3.5166E-10 3.5339E-10 3.5470E-10 3.5536E-10 3.5644E-10 3.5720E-10 3.5765E-10 3.5794E-10 3.5809E-10 3.5809E-10 3.5793E-10 3.5763E-10 3.5638E-10 3.5577E-10 3.5500E-10 3.5402E-10 3.5204E-10 3.5011E-10 3.4839E-10 3.4689E-10 3.4311E-10 3.4102E-10 3.3749E-10 3.3478E-10 3.3137E-10 3.2722E-10 3.2276E-10 3.1785E-10 3.1310E-10 3.0770E-10
2.4890E-10 2.5249E-10 2.5603E-10 2.5951E-10 2.6292E-10 2.6611E-10 2.6938E-10 2.7240E-10 2.7550E-10 2.7851E-10 2.8125E-10 2.8266E-10 2.8519E-10 2.8777E-10 2.9022E-10 2.9221E-10 2.9293E-10 2.9700E-10 3.0180E-10 3.0444E-10 3.0623E-10 3.0808E-10 3.0968E-10 3.1342E-10 3.1581E-10 3.1778E-10 3.1907E-10 3.2031E-10 3.2199E-10 3.2319E-10 3.2396E-10 3.2462E-10 3.2517E-10 3.2560E-10 3.2590E-10 3.2625E-10 3.2577E-10 3.2555E-10 3.2555E-10 3.2507E-10 3.2407E-10 3.2337E-10 3.2277E-10 3.2216E-10 3.2013E-10 3.1910E-10 3.1743E-10 3.1509E-10 3.1282E-10 3.0998E-10 3.0647E-10 3.0296E-10 2.9902E-10 2.9511E-10 2.9071E-10 2.8673E-10 2.8148E-10
2.2597E-10 2.2898E-10 2.3211E-10 2.3519E-10 2.3822E-10 2.4100E-10 2.4390E-10 2.4672E-10 2.4930E-10 2.5180E-10 2.5373E-10 2.5622E-10 2.5844E-10 2.6074E-10 2.6203E-10 2.6409E-10 2.6517E-10 2.6682E-10 2.6836E-10 2.7115E-10 2.7247E-10 2.7758E-10 2.8180E-10 2.8458E-10 2.8674E-10 2.8758E-10 2.8875E-10 2.8965E-10 2.9163E-10 2.9239E-10 2.9387E-10 2.9448E-10 2.9500E-10 2.9561E-10 2.9609E-10 2.9691E-10 2.9646E-10 2.9668E-10 2.9652E-10 2.9669E-10 2.9628E-10 2.9617E-10 2.9561E-10 2.9360E-10 2.9267E-10 2.9171E-10 2.8899E-10 2.8740E-10 2.8563E-10 2.8212E-10 2.7997E-10 2.7652E-10 2.7320E-10 2.7003E-10 2.6551E-10 2.6127E-10 2.5613E-10
2.0491E-10 2.0772E-10 2.1049E-10 2.1383E-10 2.1650E-10 2.1913E-10 2.2169E-10 2.2419E-10 2.2645E-10 2.2881E-10 2.3093E-10 2.3219E-10 2.3432E-10 2.3549E-10 2.3726E-10 2.3891E-10 2.4046E-10 2.4107E-10 2.4237E-10 2.4540E-10 2.4583E-10 2.4705E-10 2.4787E-10 2.5004E-10 2.5402E-10 2.5633E-10 2.5855E-10 2.6114E-10 2.6313E-10 2.6475E-10 2.6536E-10 2.6665E-10 2.6750E-10 2.6789E-10 2.6831E-10 2.6893E-10 2.6904E-10 2.6952E-10 2.6961E-10 2.6980E-10 2.6995E-10 2.6886E-10 2.6805E-10 2.6754E-10 2.6694E-10 2.6526E-10 2.6349E-10 2.6217E-10 2.5974E-10 2.5735E-10 2.5512E-10 2.5157E-10 2.4821E-10 2.4500E-10 2.4206E-10 2.3831E-10 2.3433E-10
1.8586E-10 1.8835E-10 1.9080E-10 1.9321E-10 1.9557E-10 1.9788E-10 2.0014E-10 2.0234E-10 2.0432E-10 2.0624E-10 2.0809E-10 2.1004E-10 2.1192E-10 2.1355E-10 2.1508E-10 2.1537E-10 2.1688E-10 2.1829E-10 2.1924E-10 2.2010E-10 2.2121E-10 2.2082E-10 2.2160E-10 2.2748E-10 2.2811E-10 2.2888E-10 2.2964E-10 2.3035E-10 2.3326E-10 2.3455E-10 2.3609E-10 2.3732E-10 2.3941E-10 2.4088E-10 2.4128E-10 2.4185E-10 2.4305E-10 2.4338E-10 2.4384E-10 2.4409E-10 2.4413E-10 2.4415E-10 2.4314E-10 2.4229E-10 2.4096E-10 2.4024E-10 2.3929E-10 2.3734E-10 2.3533E-10 2.3353E-10 2.3116E-10 2.2906E-10 2.2623E-10 2.2295E-10 2.2040E-10 2.1673E-10 2.1315E-10
1.6800E-10 1.7020E-10 1.7236E-10 1.7448E-10 1.7656E-10 1.7860E-10 1.8059E-10 1.8254E-10 1.8443E-10 1.8610E-10 1.8771E-10 1.8943E-10 1.9110E-10 1.9232E-10 1.9384E-10 1.9508E-10 1.9624E-10 1.9655E-10 1.9828E-10 1.9935E-10 2.0016E-10 2.0109E-10 2.0159E-10 2.0232E-10 2.0309E-10 2.0349E-10 2.0412E-10 2.0908E-10 2.1070E-10 2.1238E-10 2.1306E-10 2.1361E-10 2.1423E-10 2.1555E-10 2.1687E-10 2.1743E-10 2.1795E-10 2.1912E-10 2.1950E-10 2.1980E-10 2.2000E-10 2.1998E-10 2.1992E-10 2.1967E-10 2.1852E-10 2.1787E-10 2.1692E-10 2.1599E-10 2.1463E-10 2.1163E-10 2.0982E-10 2.0814E-10 2.0510E-10 2.0225E-10 1.9987E-10 1.9655E-10 1.9387E-10
1.5191E-10 1.5386E-10 1.5597E-10 1.5785E-10 1.5970E-10 1.6151E-10 1.6329E-10 1.6502E-10 1.6671E-10 1.6835E-10 1.6994E-10 1.7148E-10 1.7285E-10 1.7427E-10 1.7542E-10 1.7558E-10 1.7677E-10 1.7786E-10 1.7876E-10 1.7967E-10 1.8033E-10 1.8012E-10 1.8459E-10 1.8534E-10 1.8581E-10 1.8643E-10 1.8716E-10 1.8775E-10 1.8834E-10 1.8902E-10 1.8957E-10 1.9012E-10 1.9280E-10 1.9441E-10 1.9499E-10 1.9667E-10 1.9719E-10 1.9755E-10 1.9795E-10 1.9828E-10 1.9851E-10 1.9862E-10 1.9858E-10 1.9836E-10 1.9796E-10 1.9738E-10 1.9662E-10 1.9557E-10 1.9358E-10 1.9220E-10 1.9075E-10 1.8904E-10 1.8637E-10 1.8435E-10 1.8228E-10 1.7880E-10 1.7647E-10
1.3654E-10 1.3823E-10 1.3990E-10 1.4238E-10 1.4411E-10 1.4571E-10 1.4726E-10 1.4879E-10 1.5028E-10 1.5173E-10 1.5313E-10 1.5448E-10 1.5579E-10 1.5692E-10 1.5810E-10 1.5911E-10 1.5927E-10 1.6023E-10 1.6111E-10 1.6083E-10 1.6236E-10 1.6306E-10 1.6371E-10 1.6422E-10 1.6470E-10 1.6527E-10 1.6970E-10 1.7215E-10 1.7283E-10 1.7340E-10 1.7397E-10 1.7463E-10 1.7520E-10 1.7566E-10 1.7622E-10 1.7676E-10 1.7737E-10 1.7782E-10 1.7822E-10 1.7854E-10 1.7984E-10 1.7994E-10 1.7989E-10 1.7958E-10 1.7931E-10 1.7867E-10 1.7809E-10 1.7713E-10 1.7613E-10 1.7507E-10 1.7261E-10 1.7115E-10 1.6931E-10 1.6757E-10 1.6466E-10 1.6254E-10 1.5936E-10
1.2340E-10 1.2566E-10 1.2715E-10 1.2871E-10 1.3014E-10 1.3154E-10 1.3292E-10 1.3426E-10 1.3558E-10 1.3685E-10 1.3809E-10 1.3929E-10 1.4043E-10 1.4153E-10 1.4170E-10 1.4268E-10 1.4349E-10 1.4423E-10 1.4500E-10 1.4570E-10 1.4542E-10 1.4590E-10 1.4633E-10 1.4682E-10 1.5101E-10 1.5146E-10 1.5191E-10 1.5235E-10 1.5281E-10 1.5336E-10 1.5383E-10 1.5735E-10 1.5897E-10 1.6048E-10 1.6106E-10 1.6264E-10 1.6316E-10 1.6363E-10 1.6403E-10 1.6426E-10 1.6459E-10 1.6467E-10 1.6460E-10 1.6429E-10 1.6394E-10 1.6263E-10 1.6189E-10 1.6122E-10 1.6009E-10 1.5900E-10 1.5678E-10 1.5543E-10 1.5384E-10 1.5118E-10 1.4936E-10 1.4738E-10 1.4438E-10
1.1050E-10 1.1179E-10 1.1317E-10 1.1517E-10 1.1641E-10 1.1763E-10 1.1965E-10 1.2083E-10 1.2121E-10 1.2233E-10 1.2341E-10 1.2446E-10 1.2547E-10 1.2643E-10 1.2734E-10 1.2820E-10 1.2816E-10 1.2890E-10 1.2868E-10 1.2908E-10 1.2965E-10 1.3015E-10 1.2972E-10 1.3268E-10 1.3300E-10 1.3344E-10 1.3385E-10 1.3417E-10 1.3935E-10 1.4072E-10 1.4121E-10 1.4172E-10 1.4225E-10 1.4289E-10 1.4341E-10 1.4391E-10 1.4539E-10 1.4583E-10 1.4732E-10 1.4751E-10 1.4770E-10 1.4883E-10 1.4866E-10 1.4857E-10 1.4824E-10 1.4769E-10 1.4696E-10 1.4529E-10 1.4442E-10 1.4322E-10 1.4211E-10 1.4077E-10 1.3830E-10 1.3675E-10 1.3504E-10 1.3253E-10 1.2950E-10
9.8640E-11 9.9756E-11 1.0172E-10 1.0281E-10 1.0400E-10 1.0506E-10 1.0611E-10 1.0725E-10 1.0825E-10 1.0923E-10 1.1018E-10 1.1109E-10 1.1197E-10 1.1281E-10 1.1350E-10 1.1426E-10 1.1456E-10 1.1522E-10 1.1582E-10 1.1638E-10 1.1589E-10 1.1582E-10 1.1622E-10 1.1732E-10 1.1757E-10 1.1696E-10 1.1729E-10 1.2208E-10 1.2339E-10 1.2377E-10 1.2420E-10 1.2474E-10 1.2616E-10 1.2855E-10 1.3008E-10 1.3137E-10 1.3195E-10 1.3247E-10 1.3360E-10 1.3396E-10 1.3388E-10 1.3402E-10 1.3390E-10 1.3359E-10 1.3324E-10 1.3184E-10 1.3112E-10 1.3048E-10 1.2969E-10 1.2853E-10 1.2753E-10 1.2539E-10 1.2419E-10 1.2259E-10 1.2031E-10 1.1869E-10 1.1698E-10
8.8543E-11 8.9866E-11 9.0832E-11 9.1785E-11 9.2831E-11 9.3762E-11 9.4780E-11 9.5785E-11 9.7033E-11 9.7892E-11 9.8343E-11 9.9142E-11 9.9912E-11 1.0065E-10 1.0134E-10 1.0200E-10 1.0262E-10 1.0309E-10 1.0363E-10 1.0401E-10 1.0405E-10 1.0435E-10 1.0473E-10 1.0507E-10 1.0538E-10 1.0503E-10 1.0531E-10 1.0777E-10 1.0803E-10 1.0834E-10 1.0878E-10 1.1110E-10 1.1334E-10 1.1552E-10 1.1609E-10 1.1632E-10 1.1683E-10 1.1729E-10 1.1828E-10 1.1858E-10 1.1958E-10 1.1948E-10 1.1920E-10 1.1901E-10 1.1869E-10 1.1800E-10 1.1747E-10 1.1685E-10 1.1598E-10 1.1502E-10 1.1411E-10 1.1297E-10 1.1188E-10 1.0863E-10 1.0740E-10 1.0593E-10 1.0442E-10
7.9985E-11 8.0950E-11 8.2238E-11 8.3082E-11 8.4026E-11 8.4846E-11 8.5659E-11 8.6558E-11 8.7338E-11 8.8094E-11 8.8828E-11 8.9181E-11 8.9859E-11 9.0506E-11 9.1122E-11 9.1707E-11 9.2254E-11 9.2773E-11 9.2866E-11 9.3209E-11 9.3613E-11 9.3994E-11 9.4230E-11 9.4547E-11 9.4442E-11 9.5809E-11 9.6119E-11 9.6333E-11 9.6696E-11 9.6871E-11 9.7283E-11 9.9487E-11 1.0044E-10 1.0094E-10 1.0143E-10 1.0153E-10 1.0291E-10 1.0407E-10 1.0503E-10 1.0528E-10 1.0603E-10 1.0586E-10 1.0571E-10 1.0548E-10 1.0501E-10 1.0446E-10 1.0397E-10 1.0341E-10 1.0260E-10 1.0171E-10 1.0090E-10 1.0001E-10 9.8023E-11 9.6861E-11 9.5599E-11 9.4454E-11 9.2044E-11
7.1696E-11 7.2595E-11 7.3451E-11 7.4531E-11 7.5374E-11 7.6105E-11 7.6929E-11 7.7743E-11 7.8429E-11 7.9564E-11 8.0220E-11 8.0851E-11 8.1456E-11 8.2036E-11 8.2217E-11 8.2738E-11 8.3233E-11 8.3693E-11 8.4026E-11 8.4426E-11 8.4808E-11 8.5153E-11 8.4977E-11 8.5283E-11 8.5325E-11 8.5621E-11 8.5917E-11 8.6140E-11 8.5814E-11 8.8209E-11 8.9081E-11 8.9384E-11 8.9593E-11 9.0057E-11 9.0354E-11 9.0518E-11 9.1642E-11 9.2251E-11 9.2788E-11 9.3248E-11 9.3067E-11 9.2972E-11 9.2650E-11 9.2564E-11 9.2504E-11 9.2892E-11 9.2034E-11 9.1510E-11 9.0757E-11 8.9961E-11 8.9227E-11 8.8292E-11 8.7291E-11 8.4892E-11 8.3774E-11 8.2761E-11 8.1390E-11
6.4161E-11 6.4983E-11 6.5956E-11 6.6613E-11 6.7576E-11 6.8373E-11 6.9163E-11 6.9786E-11 7.0400E-11 7.1258E-11 7.1836E-11 7.2393E-11 7.2930E-11 7.3442E-11 7.3594E-11 7.4061E-11 7.4503E-11 7.4924E-11 7.5314E-11 7.5692E-11 7.5679E-11 7.5718E-11 7.6031E-11 7.6334E-11 7.6626E-11 7.6544E-11 7.7580E-11 7.7938E-11 7.8326E-11 7.8728E-11 7.8837E-11 7.9112E-11 7.9539E-11 8.0647E-11 8.1978E-11 8.2769E-11 8.2812E-11 8.2946E-11 8.3173E-11 8.3029E-11 8.2975E-11 8.2705E-11 8.2975E-11 8.2738E-11 8.2716E-11 8.2382E-11 8.1797E-11 8.1336E-11 8.0783E-11 8.0038E-11 7.9393E-11 7.8527E-11 7.7631E-11 7.6649E-11 7.5641E-11 7.4148E-11 7.3038E-11
5.5719E-11 5.6911E-11 5.7637E-11 5.8369E-11 5.9249E-11 6.0292E-11 6.1004E-11 6.1718E-11 6.2414E-11 6.3095E-11 6.3606E-11 6.4101E-11 6.4732E-11 6.5193E-11 6.5632E-11 6.6212E-11 6.6616E-11 6.6998E-11 6.7013E-11 6.7356E-11 6.7696E-11 6.7856E-11 6.8014E-11 6.8164E-11 6.8096E-11 6.8426E-11 6.8766E-11 6.9125E-11 6.9035E-11 6.9023E-11 7.1720E-11 7.2160E-11 7.2128E-11 7.2558E-11 7.2952E-11 7.2982E-11 7.3116E-11 7.3353E-11 7.3644E-11 7.4040E-11 7.4408E-11 7.4527E-11 7.4512E-11 7.4306E-11 7.4115E-11 7.3798E-11 7.3396E-11 7.2967E-11 7.2348E-11 7.1645E-11 7.0916E-11 7.0136E-11 6.9052E-11 6.8172E-11 6.7244E-11 6.6408E-11 6.5389E-11
