Assets/Resources/2015_m01_d25_2200(utc+0800)_l00_csi_1hr_conc.grd
DSAA
         159         159
     -79.000      79.000
     -79.000      79.000
  0.0000E+00  0.8626E-04
[rows 0 to 24 of 159, columns 57 to 113 of 159]
2.6104E-10 2.7759E-10 2.9486E-10 3.1430E-10 3.3308E-10 3.5256E-10 3.7276E-10 3.9506E-10 4.1672E-10 4.3906E-10 4.6205E-10 4.8568E-10 5.0992E-10 5.3620E-10 5.6165E-10 5.8761E-10 6.1405E-10 6.4092E-10 6.6819E-10 6.9579E-10 7.2519E-10 7.5337E-10 7.8173E-10 8.1020E-10 8.3871E-10 8.6720E-10 8.9560E-10 9.2384E-10 9.5334E-10 9.8108E-10 1.0084E-09 1.0353E-09 1.0617E-09 1.0874E-09 1.1125E-09 1.1367E-09 1.1602E-09 1.1827E-09 1.2042E-09 1.2247E-09 1.2441E-09 1.2623E-09 1.2792E-09 1.2948E-09 1.3091E-09 1.3220E-09 1.3334E-09 1.3434E-09 1.3518E-09 1.3587E-09 1.3641E-09 1.3678E-09 1.3699E-09 1.3705E-09 1.3694E-09 1.3667E-09 1.3625E-09
2.6951E-10 2.8805E-10 3.0599E-10 3.2467E-10 3.4409E-10 3.6424E-10 3.8660E-10 4.0830E-10 4.3070E-10 4.5381E-10 4.7760E-10 5.0352E-10 5.2867E-10 5.5443E-10 5.8076E-10 6.0762E-10 6.3498E-10 6.6427E-10 6.9255E-10 7.2118E-10 7.5011E-10 7.7927E-10 8.0862E-10 8.3807E-10 8.6757E-10 8.9858E-10 9.2801E-10 9.5727E-10 9.8629E-10 1.0150E-09 1.0433E-09 1.0711E-09 1.0983E-09 1.1250E-09 1.1509E-09 1.1759E-09 1.2017E-09 1.2250E-09 1.2473E-09 1.2684E-09 1.2884E-09 1.3072E-09 1.3247E-09 1.3408E-09 1.3556E-09 1.3688E-09 1.3806E-09 1.3908E-09 1.3995E-09 1.4065E-09 1.4120E-09 1.4157E-09 1.4179E-09 1.4183E-09 1.4171E-09 1.4143E-09 1.4097E-09
2.7952E-10 2.9729E-10 3.1582E-10 3.3512E-10 3.5663E-10 3.7755E-10 3.9923E-10 4.2165E-10 4.4481E-10 4.7017E-10 4.9484E-10 5.2020E-10 5.4621E-10 5.7284E-10 6.0006E-10 6.2936E-10 6.5772E-10 6.8654E-10 7.1579E-10 7.4539E-10 7.7530E-10 8.0546E-10 8.3734E-10 8.6785E-10 8.9841E-10 9.2894E-10 9.5937E-10 9.8963E-10 1.0196E-09 1.0493E-09 1.0785E-09 1.1088E-09 1.1370E-09 1.1645E-09 1.1913E-09 1.2173E-09 1.2423E-09 1.2664E-09 1.2893E-09 1.3112E-09 1.3318E-09 1.3512E-09 1.3692E-09 1.3858E-09 1.4010E-09 1.4147E-09 1.4268E-09 1.4373E-09 1.4461E-09 1.4534E-09 1.4589E-09 1.4627E-09 1.4648E-09 1.4652E-09 1.4639E-09 1.4608E-09 1.4561E-09
2.8824E-10 3.0658E-10 3.2713E-10 3.4715E-10 3.6796E-10 3.8956E-10 4.1195E-10 4.3657E-10 4.6058E-10 4.8535E-10 5.1084E-10 5.3703E-10 5.6390E-10 5.9295E-10 6.2116E-10 6.4994E-10 6.7924E-10 7.0903E-10 7.3925E-10 7.7136E-10 8.0234E-10 8.3356E-10 8.6498E-10 8.9651E-10 9.2808E-10 9.5963E-10 9.9106E-10 1.0239E-09 1.0549E-09 1.0856E-09 1.1158E-09 1.1455E-09 1.1746E-09 1.2031E-09 1.2307E-09 1.2575E-09 1.2833E-09 1.3081E-09 1.3319E-09 1.3544E-09 1.3757E-09 1.3972E-09 1.4157E-09 1.4329E-09 1.4485E-09 1.4625E-09 1.4749E-09 1.4857E-09 1.4948E-09 1.5022E-09 1.5078E-09 1.5116E-09 1.5137E-09 1.5140E-09 1.5110E-09 1.5077E-09 1.5027E-09
2.9700E-10 3.1738E-10 3.3722E-10 3.5788E-10 3.7936E-10 4.0308E-10 4.2628E-10 4.5028E-10 4.7507E-10 5.0064E-10 5.2695E-10 5.5553E-10 5.8335E-10 6.1185E-10 6.4098E-10 6.7070E-10 7.0096E-10 7.3327E-10 7.6455E-10 7.9621E-10 8.2819E-10 8.6044E-10 8.9287E-10 9.2543E-10 9.5959E-10 9.9221E-10 1.0247E-09 1.0570E-09 1.0891E-09 1.1207E-09 1.1519E-09 1.1826E-09 1.2126E-09 1.2420E-09 1.2720E-09 1.2997E-09 1.3264E-09 1.3520E-09 1.3764E-09 1.3997E-09 1.4216E-09 1.4421E-09 1.4613E-09 1.4789E-09 1.4949E-09 1.5093E-09 1.5221E-09 1.5331E-09 1.5424E-09 1.5499E-09 1.5556E-09 1.5595E-09 1.5616E-09 1.5618E-09 1.5601E-09 1.5566E-09 1.5513E-09
3.0730E-10 3.2691E-10 3.4737E-10 3.6867E-10 3.9230E-10 4.1539E-10 4.3932E-10 4.6408E-10 4.8965E-10 5.1754E-10 5.4478E-10 5.7277E-10 6.0149E-10 6.3089E-10 6.6245E-10 6.9319E-10 7.2450E-10 7.5631E-10 7.8859E-10 8.2126E-10 8.5426E-10 8.8909E-10 9.2262E-10 9.5627E-10 9.8997E-10 1.0236E-09 1.0572E-09 1.0905E-09 1.1235E-09 1.1577E-09 1.1900E-09 1.2216E-09 1.2527E-09 1.2829E-09 1.3123E-09 1.3408E-09 1.3683E-09 1.3947E-09 1.4199E-09 1.4438E-09 1.4663E-09 1.4875E-09 1.5071E-09 1.5252E-09 1.5417E-09 1.5565E-09 1.5695E-09 1.5808E-09 1.5903E-09 1.5980E-09 1.6038E-09 1.6077E-09 1.6097E-09 1.6098E-09 1.6080E-09 1.6043E-09 1.5987E-09
3.1626E-10 3.3647E-10 3.5899E-10 3.8104E-10 4.0396E-10 4.2776E-10 4.5243E-10 4.7944E-10 5.0590E-10 5.3318E-10 5.6127E-10 5.9013E-10 6.2124E-10 6.5164E-10 6.8272E-10 7.1442E-10 7.4671E-10 7.7952E-10 8.1432E-10 8.4808E-10 8.8219E-10 9.1657E-10 9.5114E-10 9.8584E-10 1.0206E-09 1.0553E-09 1.0914E-09 1.1259E-09 1.1600E-09 1.1937E-09 1.2269E-09 1.2595E-09 1.2915E-09 1.3226E-09 1.3529E-09 1.3823E-09 1.4105E-09 1.4393E-09 1.4652E-09 1.4898E-09 1.5130E-09 1.5348E-09 1.5550E-09 1.5736E-09 1.5905E-09 1.6057E-09 1.6190E-09 1.6306E-09 1.6403E-09 1.6481E-09 1.6539E-09 1.6578E-09 1.6597E-09 1.6597E-09 1.6577E-09 1.6538E-09 1.6479E-09
3.2525E-10 3.4754E-10 3.6934E-10 3.9205E-10 4.1566E-10 4.4164E-10 4.6714E-10 4.9353E-10 5.2079E-10 5.4890E-10 5.7932E-10 6.0915E-10 6.3975E-10 6.7108E-10 7.0311E-10 7.3578E-10 7.7059E-10 8.0448E-10 8.3886E-10 8.7365E-10 9.0880E-10 9.4423E-10 9.7985E-10 1.0172E-09 1.0530E-09 1.0889E-09 1.1245E-09 1.1600E-09 1.1951E-09 1.2298E-09 1.2640E-09 1.2976E-09 1.3321E-09 1.3642E-09 1.3954E-09 1.4257E-09 1.4548E-09 1.4827E-09 1.5094E-09 1.5347E-09 1.5585E-09 1.5809E-09 1.6016E-09 1.6207E-09 1.6380E-09 1.6535E-09 1.6672E-09 1.6790E-09 1.6889E-09 1.6968E-09 1.7027E-09 1.7066E-09 1.7085E-09 1.7083E-09 1.7061E-09 1.7019E-09 1.6957E-09
3.3576E-10 3.5728E-10 3.7972E-10 4.0309E-10 4.2890E-10 4.5424E-10 4.8049E-10 5.0766E-10 5.3573E-10 5.6623E-10 5.9612E-10 6.2684E-10 6.5835E-10 6.9061E-10 7.2515E-10 7.5888E-10 7.9322E-10 8.2813E-10 8.6353E-10 8.9936E-10 9.3711E-10 9.7367E-10 1.0104E-09 1.0473E-09 1.0842E-09 1.1211E-09 1.1578E-09 1.1943E-09 1.2321E-09 1.2678E-09 1.3031E-09 1.3377E-09 1.3716E-09 1.4046E-09 1.4367E-09 1.4678E-09 1.4977E-09 1.5264E-09 1.5538E-09 1.5798E-09 1.6061E-09 1.6290E-09 1.6503E-09 1.6699E-09 1.6876E-09 1.7035E-09 1.7175E-09 1.7295E-09 1.7396E-09 1.7476E-09 1.7535E-09 1.7574E-09 1.7592E-09 1.7589E-09 1.7565E-09 1.7520E-09 1.7437E-09
3.4490E-10 3.6702E-10 3.9156E-10 4.1570E-10 4.4080E-10 4.6686E-10 4.9388E-10 5.2336E-10 5.5233E-10 5.8221E-10 6.1297E-10 6.4458E-10 6.7856E-10 7.1185E-10 7.4588E-10 7.8060E-10 8.1595E-10 8.5188E-10 8.8990E-10 9.2685E-10 9.6417E-10 1.0018E-09 1.0396E-09 1.0776E-09 1.1156E-09 1.1551E-09 1.1929E-09 1.2305E-09 1.2678E-09 1.3046E-09 1.3408E-09 1.3764E-09 1.4112E-09 1.4452E-09 1.4800E-09 1.5120E-09 1.5428E-09 1.5723E-09 1.6004E-09 1.6271E-09 1.6522E-09 1.6757E-09 1.6975E-09 1.7176E-09 1.7357E-09 1.7520E-09 1.7662E-09 1.7785E-09 1.7887E-09 1.7968E-09 1.8028E-09 1.8066E-09 1.8083E-09 1.8079E-09 1.8053E-09 1.8005E-09 1.7936E-09
3.5403E-10 3.7826E-10 4.0209E-10 4.2690E-10 4.5271E-10 4.8099E-10 5.0886E-10 5.3770E-10 5.6750E-10 5.9823E-10 6.3139E-10 6.6399E-10 6.9744E-10 7.3168E-10 7.6669E-10 8.0239E-10 8.4035E-10 8.7739E-10 9.1494E-10 9.5295E-10 9.9134E-10 1.0300E-09 1.0705E-09 1.1096E-09 1.1487E-09 1.1878E-09 1.2267E-09 1.2654E-09 1.3037E-09 1.3433E-09 1.3806E-09 1.4172E-09 1.4530E-09 1.4879E-09 1.5219E-09 1.5547E-09 1.5863E-09 1.6165E-09 1.6454E-09 1.6728E-09 1.6985E-09 1.7226E-09 1.7449E-09 1.7672E-09 1.7858E-09 1.8024E-09 1.8169E-09 1.8294E-09 1.8398E-09 1.8480E-09 1.8540E-09 1.8578E-09 1.8575E-09 1.8569E-09 1.8541E-09 1.8490E-09 1.8418E-09
3.6467E-10 3.8813E-10 4.1260E-10 4.3810E-10 4.6614E-10 4.9378E-10 5.2242E-10 5.5206E-10 5.8268E-10 6.1585E-10 6.4846E-10 6.8197E-10 7.1635E-10 7.5155E-10 7.8913E-10 8.2593E-10 8.6339E-10 9.0145E-10 9.4006E-10 9.7912E-10 1.0202E-09 1.0600E-09 1.1001E-09 1.1403E-09 1.1805E-09 1.2206E-09 1.2624E-09 1.3022E-09 1.3416E-09 1.3805E-09 1.4188E-09 1.4564E-09 1.4932E-09 1.5290E-09 1.5638E-09 1.5993E-09 1.6318E-09 1.6629E-09 1.6925E-09 1.7205E-09 1.7469E-09 1.7716E-09 1.7944E-09 1.8154E-09 1.8343E-09 1.8512E-09 1.8661E-09 1.8788E-09 1.8892E-09 1.8975E-09 1.9035E-09 1.9073E-09 1.9087E-09 1.9079E-09 1.9048E-09 1.8994E-09 1.8918E-09
3.7390E-10 3.9798E-10 4.2310E-10 4.5085E-10 4.7818E-10 5.0656E-10 5.3597E-10 5.6796E-10 5.9951E-10 6.3205E-10 6.6554E-10 6.9997E-10 7.3687E-10 7.7312E-10 8.1018E-10 8.4797E-10 8.8646E-10 9.2556E-10 9.6686E-10 1.0071E-09 1.0477E-09 1.0886E-09 1.1297E-09 1.1728E-09 1.2142E-09 1.2555E-09 1.2966E-09 1.3374E-09 1.3779E-09 1.4178E-09 1.4590E-09 1.4976E-09 1.5354E-09 1.5722E-09 1.6079E-09 1.6425E-09 1.6757E-09 1.7076E-09 1.7379E-09 1.7666E-09 1.7936E-09 1.8188E-09 1.8422E-09 1.8635E-09 1.8829E-09 1.9001E-09 1.9152E-09 1.9281E-09 1.9387E-09 1.9470E-09 1.9530E-09 1.9567E-09 1.9580E-09 1.9570E-09 1.9537E-09 1.9480E-09 1.9400E-09
3.8309E-10 4.0930E-10 4.3518E-10 4.6215E-10 4.9019E-10 5.1931E-10 5.5110E-10 5.8245E-10 6.1484E-10 6.4823E-10 6.8418E-10 7.1962E-10 7.5597E-10 7.9319E-10 8.3123E-10 8.7003E-10 9.1119E-10 9.5143E-10 9.9222E-10 1.0335E-09 1.0752E-09 1.1191E-09 1.1614E-09 1.2038E-09 1.2463E-09 1.2886E-09 1.3308E-09 1.3746E-09 1.4162E-09 1.4572E-09 1.4976E-09 1.5372E-09 1.5759E-09 1.6137E-09 1.6503E-09 1.6857E-09 1.7197E-09 1.7542E-09 1.7853E-09 1.8147E-09 1.8423E-09 1.8681E-09 1.8919E-09 1.9138E-09 1.9335E-09 1.9510E-09 1.9664E-09 1.9794E-09 1.9901E-09 1.9985E-09 2.0045E-09 2.0081E-09 2.0092E-09 2.0080E-09 2.0043E-09 1.9982E-09 1.9879E-09
3.9377E-10 4.1921E-10 4.4575E-10 4.7340E-10 5.0371E-10 5.3368E-10 5.6475E-10 5.9691E-10 6.3013E-10 6.6602E-10 7.0139E-10 7.3775E-10 7.7505E-10 8.1323E-10 8.5391E-10 8.9382E-10 9.3445E-10 9.7573E-10 1.0176E-09 1.0618E-09 1.1047E-09 1.1479E-09 1.1913E-09 1.2348E-09 1.2803E-09 1.3238E-09 1.3671E-09 1.4102E-09 1.4528E-09 1.4948E-09 1.5362E-09 1.5787E-09 1.6184E-09 1.6571E-09 1.6947E-09 1.7309E-09 1.7658E-09 1.7992E-09 1.8310E-09 1.8610E-09 1.8892E-09 1.9156E-09 1.9399E-09 1.9621E-09 1.9822E-09 2.0001E-09 2.0156E-09 2.0288E-09 2.0397E-09 2.0481E-09 2.0540E-09 2.0575E-09 2.0585E-09 2.0570E-09 2.0530E-09 2.0466E-09 2.0378E-09
4.0301E-10 4.2907E-10 4.5627E-10 4.8619E-10 5.1578E-10 5.4650E-10 5.7835E-10 6.1290E-10 6.4706E-10 6.8229E-10 7.1857E-10 7.5584E-10 7.9572E-10 8.3497E-10 8.7509E-10 9.1601E-10 9.5948E-10 1.0019E-09 1.0449E-09 1.0885E-09 1.1324E-09 1.1786E-09 1.2231E-09 1.2679E-09 1.3126E-09 1.3572E-09 1.4016E-09 1.4476E-09 1.4913E-09 1.5345E-09 1.5769E-09 1.6185E-09 1.6592E-09 1.6988E-09 1.7373E-09 1.7744E-09 1.8100E-09 1.8442E-09 1.8766E-09 1.9073E-09 1.9361E-09 1.9630E-09 1.9897E-09 2.0124E-09 2.0328E-09 2.0509E-09 2.0667E-09 2.0801E-09 2.0910E-09 2.0994E-09 2.1034E-09 2.1067E-09 2.1075E-09 2.1058E-09 2.1015E-09 2.0948E-09 2.0855E-09
4.1218E-10 4.4037E-10 4.6834E-10 4.9748E-10 5.2779E-10 5.5926E-10 5.9352E-10 6.2740E-10 6.6241E-10 6.9851E-10 7.3728E-10 7.7558E-10 8.1487E-10 8.5510E-10 8.9622E-10 9.4006E-10 9.8287E-10 1.0264E-09 1.0704E-09 1.1170E-09 1.1621E-09 1.2075E-09 1.2532E-09 1.2991E-09 1.3468E-09 1.3926E-09 1.4381E-09 1.4834E-09 1.5281E-09 1.5723E-09 1.6158E-09 1.6584E-09 1.7000E-09 1.7405E-09 1.7818E-09 1.8198E-09 1.8562E-09 1.8911E-09 1.9243E-09 1.9557E-09 1.9851E-09 2.0125E-09 2.0377E-09 2.0608E-09 2.0816E-09 2.1000E-09 2.1159E-09 2.1294E-09 2.1404E-09 2.1488E-09 2.1546E-09 2.1578E-09 2.1584E-09 2.1564E-09 2.1518E-09 2.1446E-09 2.1348E-09
4.2281E-10 4.5024E-10 4.7887E-10 5.0870E-10 5.4128E-10 5.7362E-10 6.0714E-10 6.4184E-10 6.7768E-10 7.1631E-10 7.5449E-10 7.9372E-10 8.3396E-10 8.7705E-10 9.1928E-10 9.6235E-10 1.0062E-09 1.0527E-09 1.0979E-09 1.1437E-09 1.1899E-09 1.2365E-09 1.2852E-09 1.3322E-09 1.3793E-09 1.4261E-09 1.4728E-09 1.5191E-09 1.5649E-09 1.6121E-09 1.6566E-09 1.7002E-09 1.7428E-09 1.7843E-09 1.8245E-09 1.8633E-09 1.9006E-09 1.9362E-09 1.9701E-09 2.0020E-09 2.0320E-09 2.0599E-09 2.0856E-09 2.1091E-09 2.1302E-09 2.1488E-09 2.1650E-09 2.1786E-09 2.1896E-09 2.1980E-09 2.2037E-09 2.2068E-09 2.2072E-09 2.2049E-09 2.1999E-09 2.1923E-09 2.1821E-09
4.3196E-10 4.6002E-10 4.8931E-10 5.2142E-10 5.5328E-10 5.8637E-10 6.2068E-10 6.5778E-10 6.9458E-10 7.3253E-10 7.7161E-10 8.1362E-10 8.5493E-10 8.9723E-10 9.4046E-10 9.8648E-10 1.0315E-09 1.0772E-09 1.1235E-09 1.1723E-09 1.2197E-09 1.2675E-09 1.3155E-09 1.3636E-09 1.4117E-09 1.4616E-09 1.5094E-09 1.5568E-09 1.6038E-09 1.6500E-09 1.6956E-09 1.7402E-09 1.7837E-09 1.8261E-09 1.8672E-09 1.9068E-09 1.9448E-09 1.9831E-09 2.0177E-09 2.0503E-09 2.0809E-09 2.1093E-09 2.1354E-09 2.1592E-09 2.1806E-09 2.1995E-09 2.2158E-09 2.2296E-09 2.2406E-09 2.2489E-09 2.2546E-09 2.2574E-09 2.2575E-09 2.2530E-09 2.2476E-09 2.2396E-09 2.2289E-09
4.4102E-10 4.6971E-10 5.0127E-10 5.3260E-10 5.6518E-10 5.9902E-10 6.3575E-10 6.7218E-10 7.0982E-10 7.5045E-10 7.9055E-10 8.3175E-10 8.7402E-10 9.1922E-10 9.6357E-10 1.0088E-09 1.0548E-09 1.1035E-09 1.1511E-09 1.1991E-09 1.2476E-09 1.2965E-09 1.3475E-09 1.3968E-09 1.4461E-09 1.4952E-09 1.5441E-09 1.5926E-09 1.6406E-09 1.6879E-09 1.7344E-09 1.7820E-09 1.8265E-09 1.8698E-09 1.9118E-09 1.9523E-09 1.9911E-09 2.0282E-09 2.0634E-09 2.0966E-09 2.1277E-09 2.1566E-09 2.1832E-09 2.2073E-09 2.2290E-09 2.2481E-09 2.2646E-09 2.2784E-09 2.2895E-09 2.2978E-09 2.3033E-09 2.3059E-09 2.3058E-09 2.3028E-09 2.2971E-09 2.2886E-09 2.2773E-09
4.4998E-10 4.8094E-10 5.1166E-10 5.4366E-10 5.7696E-10 6.1324E-10 6.4922E-10 6.8646E-10 7.2681E-10 7.6663E-10 8.0764E-10 8.5166E-10 8.9501E-10 9.3939E-10 9.8474E-10 1.0329E-09 1.0801E-09 1.1281E-09 1.1767E-09 1.2258E-09 1.2774E-09 1.3275E-09 1.3778E-09 1.4281E-09 1.4785E-09 1.5288E-09 1.5787E-09 1.6303E-09 1.6794E-09 1.7278E-09 1.7754E-09 1.8219E-09 1.8674E-09 1.9116E-09 1.9544E-09 1.9957E-09 2.0353E-09 2.0731E-09 2.1089E-09 2.1427E-09 2.1743E-09 2.2037E-09 2.2307E-09 2.2552E-09 2.2771E-09 2.2964E-09 2.3131E-09 2.3269E-09 2.3380E-09 2.3462E-09 2.3516E-09 2.3540E-09 2.3536E-09 2.3503E-09 2.3442E-09 2.3352E-09 2.3234E-09
4.6049E-10 4.9055E-10 5.2192E-10 5.5621E-10 5.9034E-10 6.2580E-10 6.6256E-10 7.0254E-10 7.4199E-10 7.8453E-10 8.2656E-10 8.6975E-10 9.1406E-10 9.6136E-10 1.0078E-09 1.0552E-09 1.1035E-09 1.1525E-09 1.2042E-09 1.2545E-09 1.3053E-09 1.3565E-09 1.4079E-09 1.4594E-09 1.5129E-09 1.5643E-09 1.6154E-09 1.6661E-09 1.7162E-09 1.7657E-09 1.8142E-09 1.8617E-09 1.9081E-09 1.9532E-09 1.9989E-09 2.0410E-09 2.0814E-09 2.1199E-09 2.1564E-09 2.1908E-09 2.2229E-09 2.2528E-09 2.2801E-09 2.3050E-09 2.3272E-09 2.3467E-09 2.3634E-09 2.3773E-09 2.3883E-09 2.3964E-09 2.4016E-09 2.4038E-09 2.4031E-09 2.3994E-09 2.3907E-09 2.3813E-09 2.3689E-09
4.6936E-10 5.0003E-10 5.3367E-10 5.6717E-10 6.0202E-10 6.4005E-10 6.7773E-10 7.1673E-10 7.5893E-10 8.0064E-10 8.4357E-10 8.8961E-10 9.3500E-10 9.8147E-10 1.0290E-09 1.0793E-09 1.1287E-09 1.1789E-09 1.2298E-09 1.2812E-09 1.3331E-09 1.3874E-09 1.4400E-09 1.4927E-09 1.5453E-09 1.5978E-09 1.6500E-09 1.7018E-09 1.7529E-09 1.8054E-09 1.8550E-09 1.9035E-09 1.9509E-09 1.9969E-09 2.0414E-09 2.0843E-09 2.1254E-09 2.1646E-09 2.2017E-09 2.2367E-09 2.2693E-09 2.2996E-09 2.3273E-09 2.3525E-09 2.3749E-09 2.3946E-09 2.4114E-09 2.4253E-09 2.4363E-09 2.4443E-09 2.4493E-09 2.4513E-09 2.4502E-09 2.4462E-09 2.4391E-09 2.4291E-09 2.4161E-09
4.7808E-10 5.1101E-10 5.4381E-10 5.7798E-10 6.1542E-10 6.5251E-10 6.9096E-10 7.3274E-10 7.7401E-10 8.1659E-10 8.6242E-10 9.0761E-10 9.5397E-10 1.0014E-09 1.0520E-09 1.1015E-09 1.1520E-09 1.2032E-09 1.2552E-09 1.3098E-09 1.3629E-09 1.4163E-09 1.4700E-09 1.5238E-09 1.5776E-09 1.6332E-09 1.6866E-09 1.7394E-09 1.7917E-09 1.8432E-09 1.8937E-09 1.9432E-09 1.9915E-09 2.0383E-09 2.0837E-09 2.1273E-09 2.1691E-09 2.2090E-09 2.2467E-09 2.2822E-09 2.3175E-09 2.3482E-09 2.3763E-09 2.4017E-09 2.4244E-09 2.4442E-09 2.4611E-09 2.4729E-09 2.4839E-09 2.4917E-09 2.4965E-09 2.4982E-09 2.4968E-09 2.4924E-09 2.4848E-09 2.4743E-09 2.4607E-09
4.8833E-10 5.2035E-10 5.5379E-10 5.9055E-10 6.2697E-10 6.6667E-10 7.0605E-10 7.4681E-10 7.9086E-10 8.3445E-10 8.7933E-10 9.2545E-10 9.7478E-10 1.0234E-09 1.0730E-09 1.1236E-09 1.1771E-09 1.2295E-09 1.2826E-09 1.3364E-09 1.3906E-09 1.4451E-09 1.5020E-09 1.5569E-09 1.6119E-09 1.6666E-09 1.7210E-09 1.7750E-09 1.8282E-09 1.8807E-09 1.9323E-09 1.9827E-09 2.0340E-09 2.0817E-09 2.1279E-09 2.1724E-09 2.2149E-09 2.2555E-09 2.2938E-09 2.3299E-09 2.3635E-09 2.3947E-09 2.4231E-09 2.4488E-09 2.4717E-09 2.4916E-09 2.5086E-09 2.5225E-09 2.5333E-09 2.5410E-09 2.5455E-09 2.5469E-09 2.5451E-09 2.5402E-09 2.5321E-09 2.5189E-09 2.5047E-09
