Assets/Resources/2015_m01_d21_1400(utc+0800)_l00_csi_1hr_conc.grd
DSAA
         159         159
     -79.000      79.000
     -79.000      79.000
  0.4256E-10  0.5869E-05
[rows 75 to 99 of 159, columns 0 to 56 of 159]
3.2798E-10 3.4036E-10 3.5327E-10 3.6653E-10 3.8036E-10 3.9455E-10 4.0910E-10 4.2426E-10 4.4012E-10 4.5637E-10 4.7297E-10 4.9036E-10 5.0819E-10 5.2651E-10 5.4567E-10 5.6541E-10 5.8577E-10 6.0635E-10 6.2777E-10 6.5009E-10 6.7286E-10 6.9618E-10 7.1999E-10 7.4465E-10 7.6996E-10 7.9577E-10 8.2235E-10 8.4962E-10 8.7748E-10 9.0602E-10 9.3537E-10 9.6541E-10 9.9604E-10 1.0274E-09 1.0595E-09 1.0923E-09 1.1257E-09 1.1599E-09 1.1947E-09 1.2302E-09 1.2664E-09 1.3032E-09 1.3407E-09 1.3788E-09 1.4176E-09 1.4571E-09 1.4970E-09 1.5377E-09 1.5789E-09 1.6207E-09 1.6631E-09 1.7060E-09 1.7494E-09 1.7934E-09 1.8377E-09 1.8824E-09 1.9276E-09
3.2310E-10 3.3555E-10 3.4814E-10 3.6117E-10 3.7478E-10 3.8884E-10 4.0328E-10 4.1831E-10 4.3360E-10 4.4946E-10 4.6597E-10 4.8300E-10 5.0064E-10 5.1865E-10 5.3729E-10 5.5652E-10 5.7651E-10 5.9713E-10 6.1834E-10 6.3979E-10 6.6218E-10 6.8520E-10 7.0885E-10 7.3307E-10 7.5766E-10 7.8330E-10 8.0931E-10 8.3599E-10 8.6346E-10 8.9159E-10 9.2030E-10 9.4971E-10 9.7990E-10 1.0108E-09 1.0422E-09 1.0744E-09 1.1073E-09 1.1409E-09 1.1750E-09 1.2098E-09 1.2453E-09 1.2816E-09 1.3184E-09 1.3558E-09 1.3939E-09 1.4325E-09 1.4719E-09 1.5118E-09 1.5522E-09 1.5933E-09 1.6349E-09 1.6769E-09 1.7197E-09 1.7627E-09 1.8062E-09 1.8503E-09 1.8945E-09
3.1844E-10 3.3056E-10 3.4322E-10 3.5593E-10 3.6942E-10 3.8303E-10 3.9720E-10 4.1198E-10 4.2713E-10 4.4296E-10 4.5900E-10 4.7563E-10 4.9277E-10 5.1066E-10 5.2910E-10 5.4799E-10 5.6744E-10 5.8768E-10 6.0834E-10 6.2980E-10 6.5186E-10 6.7427E-10 6.9733E-10 7.2130E-10 7.4563E-10 7.7070E-10 7.9626E-10 8.2256E-10 8.4941E-10 8.7695E-10 9.0524E-10 9.3420E-10 9.6374E-10 9.9396E-10 1.0249E-09 1.0566E-09 1.0888E-09 1.1217E-09 1.1553E-09 1.1895E-09 1.2243E-09 1.2599E-09 1.2960E-09 1.3327E-09 1.3701E-09 1.4081E-09 1.4466E-09 1.4858E-09 1.5256E-09 1.5658E-09 1.6066E-09 1.6480E-09 1.6898E-09 1.7321E-09 1.7749E-09 1.8179E-09 1.8615E-09
3.1365E-10 3.2574E-10 3.3779E-10 3.5067E-10 3.6382E-10 3.7731E-10 3.9136E-10 4.0577E-10 4.2053E-10 4.3591E-10 4.5197E-10 4.6843E-10 4.8521E-10 5.0278E-10 5.2059E-10 5.3926E-10 5.5856E-10 5.7825E-10 5.9852E-10 6.1959E-10 6.4108E-10 6.6346E-10 6.8627E-10 7.0942E-10 7.3341E-10 7.5803E-10 7.8319E-10 8.0901E-10 8.3538E-10 8.6250E-10 8.9017E-10 9.1851E-10 9.4770E-10 9.7734E-10 1.0076E-09 1.0387E-09 1.0703E-09 1.1027E-09 1.1356E-09 1.1691E-09 1.2034E-09 1.2381E-09 1.2736E-09 1.3098E-09 1.3463E-09 1.3837E-09 1.4215E-09 1.4598E-09 1.4989E-09 1.5384E-09 1.5784E-09 1.6189E-09 1.6600E-09 1.7015E-09 1.7434E-09 1.7858E-09 1.8285E-09
3.0898E-10 3.2085E-10 3.3275E-10 3.4541E-10 3.5811E-10 3.7146E-10 3.8528E-10 3.9943E-10 4.1418E-10 4.2928E-10 4.4476E-10 4.6092E-10 4.7759E-10 4.9478E-10 5.1239E-10 5.3072E-10 5.4948E-10 5.6881E-10 5.8890E-10 6.0959E-10 6.3066E-10 6.5235E-10 6.7475E-10 6.9776E-10 7.2138E-10 7.4526E-10 7.7005E-10 7.9548E-10 8.2135E-10 8.4796E-10 8.7522E-10 9.0301E-10 9.3146E-10 9.6065E-10 9.9048E-10 1.0208E-09 1.0519E-09 1.0836E-09 1.1159E-09 1.1488E-09 1.1824E-09 1.2166E-09 1.2514E-09 1.2867E-09 1.3227E-09 1.3592E-09 1.3963E-09 1.4341E-09 1.4722E-09 1.5110E-09 1.5502E-09 1.5900E-09 1.6303E-09 1.6710E-09 1.7121E-09 1.7537E-09 1.7955E-09
3.0430E-10 3.1558E-10 3.2766E-10 3.3998E-10 3.5262E-10 3.6574E-10 3.7920E-10 3.9309E-10 4.0757E-10 4.2241E-10 4.3784E-10 4.5353E-10 4.7001E-10 4.8666E-10 5.0406E-10 5.2206E-10 5.4042E-10 5.5938E-10 5.7910E-10 5.9921E-10 6.2009E-10 6.4155E-10 6.6323E-10 6.8581E-10 7.0900E-10 7.3279E-10 7.5702E-10 7.8178E-10 8.0744E-10 8.3345E-10 8.6008E-10 8.8745E-10 9.1545E-10 9.4397E-10 9.7314E-10 1.0030E-09 1.0334E-09 1.0645E-09 1.0962E-09 1.1286E-09 1.1615E-09 1.1950E-09 1.2292E-09 1.2638E-09 1.2992E-09 1.3349E-09 1.3713E-09 1.4082E-09 1.4457E-09 1.4837E-09 1.5221E-09 1.5612E-09 1.6005E-09 1.6405E-09 1.6808E-09 1.7215E-09 1.7627E-09
2.9947E-10 3.1071E-10 3.2246E-10 3.3445E-10 3.4697E-10 3.6002E-10 3.7312E-10 3.8699E-10 4.0098E-10 4.1566E-10 4.3069E-10 4.4621E-10 4.6240E-10 4.7878E-10 4.9586E-10 5.1342E-10 5.3142E-10 5.5016E-10 5.6933E-10 5.8904E-10 6.0951E-10 6.3040E-10 6.5204E-10 6.7426E-10 6.9663E-10 7.1997E-10 7.4401E-10 7.6838E-10 7.9336E-10 8.1896E-10 8.4518E-10 8.7191E-10 8.9927E-10 9.2735E-10 9.5593E-10 9.8515E-10 1.0151E-09 1.0456E-09 1.0766E-09 1.1083E-09 1.1406E-09 1.1734E-09 1.2070E-09 1.2409E-09 1.2755E-09 1.3107E-09 1.3462E-09 1.3825E-09 1.4192E-09 1.4564E-09 1.4943E-09 1.5323E-09 1.5711E-09 1.6102E-09 1.6497E-09 1.6896E-09 1.7298E-09
2.9463E-10 3.0583E-10 3.1726E-10 3.2904E-10 3.4149E-10 3.5392E-10 3.6716E-10 3.8056E-10 3.9451E-10 4.0892E-10 4.2368E-10 4.3890E-10 4.5449E-10 4.7087E-10 4.8763E-10 5.0471E-10 5.2257E-10 5.4064E-10 5.5956E-10 5.7909E-10 5.9899E-10 6.1944E-10 6.4049E-10 6.6229E-10 6.8477E-10 7.0756E-10 7.3066E-10 7.5484E-10 7.7942E-10 8.0451E-10 8.3012E-10 8.5643E-10 8.8324E-10 9.1066E-10 9.3879E-10 9.6751E-10 9.9675E-10 1.0266E-09 1.0571E-09 1.0881E-09 1.1198E-09 1.1520E-09 1.1848E-09 1.2181E-09 1.2520E-09 1.2864E-09 1.3214E-09 1.3568E-09 1.3929E-09 1.4294E-09 1.4663E-09 1.5038E-09 1.5415E-09 1.5799E-09 1.6187E-09 1.6578E-09 1.6973E-09
2.8982E-10 3.0082E-10 3.1203E-10 3.2375E-10 3.3586E-10 3.4822E-10 3.6121E-10 3.7425E-10 3.8794E-10 4.0208E-10 4.1655E-10 4.3161E-10 4.4702E-10 4.6279E-10 4.7923E-10 4.9617E-10 5.1361E-10 5.3146E-10 5.5001E-10 5.6878E-10 5.8848E-10 6.0872E-10 6.2953E-10 6.5053E-10 6.7229E-10 6.9491E-10 7.1792E-10 7.4123E-10 7.6534E-10 7.9002E-10 8.1520E-10 8.4089E-10 8.6727E-10 8.9423E-10 9.2170E-10 9.4976E-10 9.7849E-10 1.0077E-09 1.0375E-09 1.0681E-09 1.0991E-09 1.1306E-09 1.1627E-09 1.1954E-09 1.2286E-09 1.2623E-09 1.2966E-09 1.3314E-09 1.3666E-09 1.4023E-09 1.4386E-09 1.4752E-09 1.5124E-09 1.5498E-09 1.5878E-09 1.6261E-09 1.6648E-09
2.8512E-10 2.9581E-10 3.0681E-10 3.1847E-10 3.3008E-10 3.4248E-10 3.5501E-10 3.6807E-10 3.8150E-10 3.9526E-10 4.0945E-10 4.2410E-10 4.3933E-10 4.5503E-10 4.7097E-10 4.8758E-10 5.0457E-10 5.2218E-10 5.4037E-10 5.5890E-10 5.7801E-10 5.9767E-10 6.1806E-10 6.3901E-10 6.6032E-10 6.8220E-10 7.0476E-10 7.2789E-10 7.5148E-10 7.7549E-10 8.0026E-10 8.2561E-10 8.5135E-10 8.7768E-10 9.0468E-10 9.3216E-10 9.6023E-10 9.8905E-10 1.0182E-09 1.0480E-09 1.0784E-09 1.1093E-09 1.1407E-09 1.1728E-09 1.2053E-09 1.2383E-09 1.2718E-09 1.3060E-09 1.3405E-09 1.3754E-09 1.4109E-09 1.4469E-09 1.4831E-09 1.5200E-09 1.5570E-09 1.5946E-09 1.6325E-09
2.8044E-10 2.9092E-10 3.0172E-10 3.1294E-10 3.2460E-10 3.3649E-10 3.4894E-10 3.6175E-10 3.7486E-10 3.8846E-10 4.0250E-10 4.1686E-10 4.3166E-10 4.4695E-10 4.6280E-10 4.7910E-10 4.9579E-10 5.1282E-10 5.3058E-10 5.4892E-10 5.6777E-10 5.8685E-10 6.0683E-10 6.2716E-10 6.4824E-10 6.6986E-10 6.9165E-10 7.1432E-10 7.3753E-10 7.6131E-10 7.8529E-10 8.1012E-10 8.3551E-10 8.6130E-10 8.8765E-10 9.1466E-10 9.4223E-10 9.7027E-10 9.9897E-10 1.0281E-09 1.0578E-09 1.0881E-09 1.1189E-09 1.1502E-09 1.1821E-09 1.2145E-09 1.2474E-09 1.2806E-09 1.3145E-09 1.3487E-09 1.3834E-09 1.4186E-09 1.4543E-09 1.4901E-09 1.5266E-09 1.5632E-09 1.6004E-09
2.7561E-10 2.8590E-10 2.9653E-10 3.0765E-10 3.1886E-10 3.3084E-10 3.4289E-10 3.5534E-10 3.6830E-10 3.8169E-10 3.9533E-10 4.0964E-10 4.2404E-10 4.3925E-10 4.5455E-10 4.7045E-10 4.8700E-10 5.0373E-10 5.2103E-10 5.3880E-10 5.5728E-10 5.7627E-10 5.9566E-10 6.1557E-10 6.3601E-10 6.5720E-10 6.7892E-10 7.0099E-10 7.2355E-10 7.4684E-10 7.7067E-10 7.9489E-10 8.1958E-10 8.4500E-10 8.7080E-10 8.9725E-10 9.2425E-10 9.5170E-10 9.7969E-10 1.0083E-09 1.0374E-09 1.0670E-09 1.0972E-09 1.1279E-09 1.1590E-09 1.1907E-09 1.2229E-09 1.2556E-09 1.2885E-09 1.3222E-09 1.3562E-09 1.3906E-09 1.4254E-09 1.4607E-09 1.4962E-09 1.5322E-09 1.5684E-09
2.7112E-10 2.8089E-10 2.9132E-10 3.0227E-10 3.1338E-10 3.2501E-10 3.3687E-10 3.4907E-10 3.6178E-10 3.7478E-10 3.8832E-10 4.0211E-10 4.1656E-10 4.3123E-10 4.4647E-10 4.6204E-10 4.7795E-10 4.9464E-10 5.1170E-10 5.2904E-10 5.4703E-10 5.6544E-10 5.8454E-10 6.0422E-10 6.2405E-10 6.4478E-10 6.6587E-10 6.8767E-10 7.0982E-10 7.3244E-10 7.5578E-10 7.7967E-10 8.0392E-10 8.2862E-10 8.5415E-10 8.7994E-10 9.0627E-10 9.3324E-10 9.6063E-10 9.8856E-10 1.0171E-09 1.0461E-09 1.0755E-09 1.1056E-09 1.1361E-09 1.1672E-09 1.1986E-09 1.2305E-09 1.2630E-09 1.2957E-09 1.3291E-09 1.3627E-09 1.3968E-09 1.4312E-09 1.4661E-09 1.5012E-09 1.5368E-09
2.6623E-10 2.7622E-10 2.8645E-10 2.9688E-10 3.0780E-10 3.1905E-10 3.3083E-10 3.4283E-10 3.5533E-10 3.6819E-10 3.8129E-10 3.9496E-10 4.0890E-10 4.2338E-10 4.3829E-10 4.5355E-10 4.6937E-10 4.8530E-10 5.0212E-10 5.1929E-10 5.3676E-10 5.5497E-10 5.7337E-10 5.9257E-10 6.1235E-10 6.3246E-10 6.5308E-10 6.7424E-10 6.9611E-10 7.1851E-10 7.4098E-10 7.6436E-10 7.8827E-10 8.1253E-10 8.3723E-10 8.6275E-10 8.8851E-10 9.1479E-10 9.4170E-10 9.6902E-10 9.9685E-10 1.0253E-09 1.0541E-09 1.0835E-09 1.1134E-09 1.1437E-09 1.1745E-09 1.2058E-09 1.2374E-09 1.2696E-09 1.3020E-09 1.3351E-09 1.3684E-09 1.4021E-09 1.4362E-09 1.4707E-09 1.5053E-09
2.6161E-10 2.7116E-10 2.8129E-10 2.9165E-10 3.0253E-10 3.1344E-10 3.2483E-10 3.3658E-10 3.4883E-10 3.6147E-10 3.7435E-10 3.8758E-10 4.0139E-10 4.1545E-10 4.3006E-10 4.4510E-10 4.6060E-10 4.7643E-10 4.9259E-10 5.0941E-10 5.2669E-10 5.4445E-10 5.6257E-10 5.8126E-10 6.0036E-10 6.2022E-10 6.4040E-10 6.6108E-10 6.8230E-10 7.0422E-10 7.2665E-10 7.4915E-10 7.7255E-10 7.9646E-10 8.2081E-10 8.4539E-10 8.7088E-10 8.9658E-10 9.2280E-10 9.4963E-10 9.7685E-10 1.0046E-09 1.0329E-09 1.0616E-09 1.0907E-09 1.1205E-09 1.1506E-09 1.1811E-09 1.2122E-09 1.2435E-09 1.2753E-09 1.3076E-09 1.3402E-09 1.3732E-09 1.4064E-09 1.4402E-09 1.4741E-09
2.5724E-10 2.6638E-10 2.7615E-10 2.8631E-10 2.9681E-10 3.0781E-10 3.1886E-10 3.3037E-10 3.4225E-10 3.5464E-10 3.6741E-10 3.8041E-10 3.9388E-10 4.0769E-10 4.2200E-10 4.3661E-10 4.5177E-10 4.6738E-10 4.8332E-10 4.9959E-10 5.1650E-10 5.3389E-10 5.5173E-10 5.6995E-10 5.8882E-10 6.0788E-10 6.2781E-10 6.4823E-10 6.6878E-10 6.9004E-10 7.1198E-10 7.3443E-10 7.5694E-10 7.8033E-10 8.0423E-10 8.2855E-10 8.5309E-10 8.7852E-10 9.0416E-10 9.3029E-10 9.5701E-10 9.8411E-10 1.0117E-09 1.0399E-09 1.0684E-09 1.0973E-09 1.1269E-09 1.1567E-09 1.1870E-09 1.2177E-09 1.2489E-09 1.2804E-09 1.3122E-09 1.3445E-09 1.3771E-09 1.4099E-09 1.4433E-09
2.5257E-10 2.6185E-10 2.7142E-10 2.8116E-10 2.9128E-10 3.0190E-10 3.1303E-10 3.2436E-10 3.3584E-10 3.4784E-10 3.6035E-10 3.7324E-10 3.8636E-10 4.0011E-10 4.1399E-10 4.2830E-10 4.4312E-10 4.5828E-10 4.7399E-10 4.9003E-10 5.0650E-10 5.2339E-10 5.4086E-10 5.5878E-10 5.7707E-10 5.9601E-10 6.1512E-10 6.3510E-10 6.5556E-10 6.7614E-10 6.9743E-10 7.1938E-10 7.4184E-10 7.6433E-10 7.8770E-10 8.1156E-10 8.3574E-10 8.6031E-10 8.8566E-10 9.1121E-10 9.3723E-10 9.6383E-10 9.9079E-10 1.0182E-09 1.0462E-09 1.0745E-09 1.1033E-09 1.1326E-09 1.1621E-09 1.1921E-09 1.2225E-09 1.2534E-09 1.2846E-09 1.3161E-09 1.3479E-09 1.3802E-09 1.4125E-09
2.4808E-10 2.5711E-10 2.6640E-10 2.7610E-10 2.8611E-10 2.9619E-10 3.0693E-10 3.1818E-10 3.2962E-10 3.4138E-10 3.5334E-10 3.6596E-10 3.7896E-10 3.9219E-10 4.0604E-10 4.2003E-10 4.3444E-10 4.4937E-10 4.6461E-10 4.8042E-10 4.9654E-10 5.1310E-10 5.3006E-10 5.4760E-10 5.6559E-10 5.8393E-10 6.0292E-10 6.2208E-10 6.4209E-10 6.6257E-10 6.8317E-10 7.0446E-10 7.2641E-10 7.4885E-10 7.7131E-10 7.9464E-10 8.1844E-10 8.4255E-10 8.6705E-10 8.9220E-10 9.1763E-10 9.4353E-10 9.6997E-10 9.9677E-10 1.0241E-09 1.0518E-09 1.0800E-09 1.1085E-09 1.1374E-09 1.1669E-09 1.1966E-09 1.2266E-09 1.2571E-09 1.2879E-09 1.3191E-09 1.3505E-09 1.3822E-09
2.4378E-10 2.5263E-10 2.6151E-10 2.7101E-10 2.8072E-10 2.9101E-10 3.0104E-10 3.1189E-10 3.2325E-10 3.3480E-10 3.4667E-10 3.5873E-10 3.7145E-10 3.8456E-10 3.9789E-10 4.1184E-10 4.2593E-10 4.4042E-10 4.5544E-10 4.7077E-10 4.8665E-10 5.0285E-10 5.1948E-10 5.3651E-10 5.5410E-10 5.7214E-10 5.9052E-10 6.0955E-10 6.2873E-10 6.4876E-10 6.6925E-10 6.8985E-10 7.1112E-10 7.3305E-10 7.5545E-10 7.7787E-10 8.0114E-10 8.2487E-10 8.4888E-10 8.7328E-10 8.9831E-10 9.2361E-10 9.4936E-10 9.7563E-10 1.0022E-09 1.0293E-09 1.0568E-09 1.0847E-09 1.1130E-09 1.1417E-09 1.1707E-09 1.2001E-09 1.2299E-09 1.2600E-09 1.2904E-09 1.3211E-09 1.3521E-09
2.3923E-10 2.4791E-10 2.5686E-10 2.6585E-10 2.7546E-10 2.8527E-10 2.9567E-10 3.0596E-10 3.1676E-10 3.2823E-10 3.3988E-10 3.5200E-10 3.6401E-10 3.7683E-10 3.9003E-10 4.0345E-10 4.1749E-10 4.3166E-10 4.4624E-10 4.6133E-10 4.7673E-10 4.9268E-10 5.0894E-10 5.2563E-10 5.4271E-10 5.6034E-10 5.7842E-10 5.9683E-10 6.1588E-10 6.3507E-10 6.5510E-10 6.7558E-10 6.9616E-10 7.1741E-10 7.3929E-10 7.6145E-10 7.8399E-10 8.0718E-10 8.3082E-10 8.5473E-10 8.7900E-10 9.0389E-10 9.2904E-10 9.5461E-10 9.8070E-10 1.0071E-09 1.0339E-09 1.0612E-09 1.0888E-09 1.1168E-09 1.1453E-09 1.1740E-09 1.2030E-09 1.2324E-09 1.2622E-09 1.2920E-09 1.3224E-09
2.3498E-10 2.4332E-10 2.5199E-10 2.6105E-10 2.7013E-10 2.7984E-10 2.8986E-10 3.0026E-10 3.1081E-10 3.2154E-10 3.3311E-10 3.4486E-10 3.5707E-10 3.6917E-10 3.8208E-10 3.9536E-10 4.0886E-10 4.2282E-10 4.3723E-10 4.5187E-10 4.6692E-10 4.8249E-10 4.9850E-10 5.1481E-10 5.3154E-10 5.4865E-10 5.6632E-10 5.8442E-10 6.0284E-10 6.2189E-10 6.4108E-10 6.6110E-10 6.8119E-10 7.0210E-10 7.2330E-10 7.4513E-10 7.6721E-10 7.8967E-10 8.1276E-10 8.3619E-10 8.5988E-10 8.8420E-10 9.0883E-10 9.3381E-10 9.5929E-10 9.8507E-10 1.0113E-09 1.0379E-09 1.0649E-09 1.0922E-09 1.1200E-09 1.1480E-09 1.1763E-09 1.2051E-09 1.2341E-09 1.2634E-09 1.2929E-09
2.3066E-10 2.3892E-10 2.4725E-10 2.5612E-10 2.6517E-10 2.7451E-10 2.8416E-10 2.9427E-10 3.0476E-10 3.1541E-10 3.2623E-10 3.3788E-10 3.4972E-10 3.6202E-10 3.7420E-10 3.8707E-10 4.0054E-10 4.1412E-10 4.2803E-10 4.4261E-10 4.5732E-10 4.7242E-10 4.8793E-10 5.0409E-10 5.2044E-10 5.3708E-10 5.5434E-10 5.7202E-10 5.9012E-10 6.0855E-10 6.2728E-10 6.4676E-10 6.6675E-10 6.8679E-10 7.0747E-10 7.2879E-10 7.5054E-10 7.7235E-10 7.9489E-10 8.1786E-10 8.4116E-10 8.6471E-10 8.8887E-10 9.1332E-10 9.3811E-10 9.6338E-10 9.8893E-10 1.0149E-09 1.0412E-09 1.0679E-09 1.0950E-09 1.1223E-09 1.1500E-09 1.1781E-09 1.2064E-09 1.2350E-09 1.2638E-09
2.2635E-10 2.3435E-10 2.4270E-10 2.5122E-10 2.6009E-10 2.6923E-10 2.7866E-10 2.8839E-10 2.9859E-10 3.0917E-10 3.1990E-10 3.3097E-10 3.4255E-10 3.5446E-10 3.6684E-10 3.7909E-10 3.9203E-10 4.0557E-10 4.1921E-10 4.3318E-10 4.4759E-10 4.6257E-10 4.7771E-10 4.9326E-10 5.0945E-10 5.2582E-10 5.4248E-10 5.5975E-10 5.7743E-10 5.9553E-10 6.1394E-10 6.3265E-10 6.5209E-10 6.7203E-10 6.9202E-10 7.1263E-10 7.3387E-10 7.5533E-10 7.7723E-10 7.9965E-10 8.2239E-10 8.4545E-10 8.6903E-10 8.9290E-10 9.1717E-10 9.4183E-10 9.6677E-10 9.9209E-10 1.0179E-09 1.0439E-09 1.0702E-09 1.0969E-09 1.1241E-09 1.1514E-09 1.1790E-09 1.2069E-09 1.2351E-09
2.2219E-10 2.3001E-10 2.3808E-10 2.4643E-10 2.5504E-10 2.6398E-10 2.7321E-10 2.8272E-10 2.9255E-10 3.0283E-10 3.1349E-10 3.2429E-10 3.3544E-10 3.4709E-10 3.5908E-10 3.7119E-10 3.8384E-10 3.9684E-10 4.1032E-10 4.2396E-10 4.3814E-10 4.5259E-10 4.6761E-10 4.8278E-10 4.9836E-10 5.1445E-10 5.3095E-10 5.4761E-10 5.6487E-10 5.8255E-10 6.0044E-10 6.1900E-10 6.3768E-10 6.5707E-10 6.7657E-10 6.9686E-10 7.1739E-10 7.3833E-10 7.5969E-10 7.8165E-10 8.0394E-10 8.2634E-10 8.4924E-10 8.7271E-10 8.9639E-10 9.2036E-10 9.4488E-10 9.6958E-10 9.9463E-10 1.0201E-09 1.0458E-09 1.0719E-09 1.0983E-09 1.1250E-09 1.1519E-09 1.1792E-09 1.2067E-09
2.1795E-10 2.2561E-10 2.3351E-10 2.4167E-10 2.5009E-10 2.5878E-10 2.6791E-10 2.7722E-10 2.8671E-10 2.9660E-10 3.0696E-10 3.1769E-10 3.2841E-10 3.3978E-10 3.5150E-10 3.6355E-10 3.7573E-10 3.8832E-10 4.0148E-10 4.1500E-10 4.2857E-10 4.4280E-10 4.5739E-10 4.7220E-10 4.8751E-10 5.0321E-10 5.1931E-10 5.3558E-10 5.5235E-10 5.6971E-10 5.8736E-10 6.0510E-10 6.2343E-10 6.4235E-10 6.6168E-10 6.8110E-10 7.0112E-10 7.2173E-10 7.4237E-10 7.6380E-10 7.8544E-10 8.0765E-10 8.2979E-10 8.5270E-10 8.7597E-10 8.9944E-10 9.2317E-10 9.4735E-10 9.7188E-10 9.9665E-10 1.0217E-09 1.0471E-09 1.0730E-09 1.0989E-09 1.1252E-09 1.1518E-09 1.1787E-09
