Assets/Resources/2015_m01_d03_1500(utc+0800)_l00_csi_1hr_conc.grd
DSAA
         159         159
     -79.000      79.000
     -79.000      79.000
  0.0000E+00  0.3486E-05
[rows 0 to 24 of 159, columns 0 to 56 of 159]
0.0000E+00 0.0000E+00 0.0000E+00 0.0000E+00 0.0000E+00 0.0000E+00 0.0000E+00 0.0000E+00 0.0000E+00 0.0000E+00 0.0000E+00 0.0000E+00 0.0000E+00 0.0000E+00 0.0000E+00 0.0000E+00 0.0000E+00 0.0000E+00 0.0000E+00 0.0000E+00 0.0000E+00 0.0000E+00 0.0000E+00 0.0000E+00 5.2507E-13 1.4617E-12 2.4538E-12 2.9845E-12 3.7125E-12 4.2478E-12 4.8025E-12 5.2223E-12 5.8177E-12 6.2802E-12 6.6013E-12 7.2705E-12 7.9598E-12 8.5150E-12 8.9274E-12 9.6889E-12 1.0475E-11 1.0961E-11 1.1794E-11 1.2650E-11 1.3370E-11 1.3956E-11 1.4725E-11 1.5682E-11 1.6498E-11 1.7177E-11 1.8042E-11 1.9096E-11 2.0005E-11 2.0895E-11 2.1685E-11 2.2781E-11 2.3730E-11
0.0000E+00 0.0000E+00 0.0000E+00 0.0000E+00 0.0000E+00 0.0000E+00 0.0000E+00 0.0000E+00 0.0000E+00 0.0000E+00 0.0000E+00 0.0000E+00 0.0000E+00 0.0000E+00 0.0000E+00 0.0000E+00 0.0000E+00 0.0000E+00 0.0000E+00 0.0000E+00 0.0000E+00 0.0000E+00 0.0000E+00 3.9134E-13 1.3302E-12 2.3179E-12 2.9725E-12 3.7029E-12 4.3992E-12 4.8002E-12 5.2241E-12 5.8255E-12 6.2936E-12 6.7861E-12 7.4580E-12 8.1554E-12 8.5614E-12 8.9818E-12 9.9186E-12 1.0558E-11 1.1055E-11 1.1905E-11 1.2781E-11 1.3518E-11 1.4284E-11 1.5234E-11 1.5892E-11 1.6731E-11 1.7598E-11 1.8653E-11 1.9568E-11 2.0348E-11 2.1268E-11 2.2375E-11 2.3339E-11 2.4207E-11 2.5333E-11
0.0000E+00 0.0000E+00 0.0000E+00 0.0000E+00 0.0000E+00 0.0000E+00 0.0000E+00 0.0000E+00 0.0000E+00 0.0000E+00 0.0000E+00 0.0000E+00 0.0000E+00 0.0000E+00 0.0000E+00 0.0000E+00 0.0000E+00 0.0000E+00 0.0000E+00 0.0000E+00 0.0000E+00 0.0000E+00 2.6173E-13 1.0648E-12 2.3028E-12 2.9567E-12 3.8516E-12 4.3879E-12 4.7919E-12 5.2193E-12 5.8259E-12 6.2991E-12 6.7974E-12 7.4775E-12 8.1842E-12 8.5971E-12 9.3533E-12 1.0137E-11 1.0628E-11 1.1136E-11 1.2003E-11 1.2897E-11 1.3651E-11 1.4435E-11 1.5409E-11 1.6245E-11 1.7110E-11 1.7838E-11 1.8923E-11 1.9866E-11 2.0793E-11 2.1907E-11 2.2881E-11 2.3762E-11 2.4903E-11 2.5950E-11 2.7015E-11
0.0000E+00 0.0000E+00 0.0000E+00 0.0000E+00 0.0000E+00 0.0000E+00 0.0000E+00 0.0000E+00 0.0000E+00 0.0000E+00 0.0000E+00 0.0000E+00 0.0000E+00 0.0000E+00 0.0000E+00 0.0000E+00 0.0000E+00 0.0000E+00 0.0000E+00 0.0000E+00 0.0000E+00 1.3011E-13 1.0541E-12 2.1591E-12 2.9373E-12 3.8327E-12 4.3711E-12 4.7775E-12 5.2079E-12 5.8189E-12 6.2966E-12 6.8001E-12 7.4874E-12 8.2027E-12 8.6221E-12 9.3889E-12 1.0184E-11 1.0685E-11 1.1534E-11 1.2412E-11 1.3156E-11 1.3930E-11 1.4569E-11 1.5565E-11 1.6422E-11 1.7310E-11 1.8390E-11 1.9333E-11 2.0263E-11 2.1097E-11 2.2245E-11 2.3251E-11 2.4402E-11 2.5462E-11 2.6426E-11 2.7530E-11 2.8778E-11
0.0000E+00 0.0000E+00 0.0000E+00 0.0000E+00 0.0000E+00 0.0000E+00 0.0000E+00 0.0000E+00 0.0000E+00 0.0000E+00 0.0000E+00 0.0000E+00 0.0000E+00 0.0000E+00 0.0000E+00 0.0000E+00 0.0000E+00 0.0000E+00 0.0000E+00 0.0000E+00 1.2825E-13 7.9248E-13 2.1392E-12 2.9144E-12 3.8092E-12 4.3488E-12 4.7571E-12 5.1899E-12 5.8045E-12 6.2861E-12 6.7941E-12 7.4880E-12 8.2108E-12 8.6361E-12 9.4128E-12 1.0219E-11 1.0728E-11 1.1591E-11 1.2484E-11 1.3243E-11 1.4033E-11 1.5015E-11 1.5863E-11 1.6744E-11 1.7490E-11 1.8597E-11 1.9565E-11 2.0520E-11 2.1668E-11 2.2678E-11 2.3834E-11 2.4904E-11 2.5880E-11 2.6998E-11 2.8261E-11 2.9433E-11 3.0508E-11
0.0000E+00 0.0000E+00 0.0000E+00 0.0000E+00 0.0000E+00 0.0000E+00 0.0000E+00 0.0000E+00 0.0000E+00 0.0000E+00 0.0000E+00 0.0000E+00 0.0000E+00 0.0000E+00 0.0000E+00 0.0000E+00 0.0000E+00 0.0000E+00 0.0000E+00 0.0000E+00 5.2632E-13 1.8672E-12 2.8880E-12 3.6185E-12 4.3211E-12 4.7308E-12 5.1655E-12 5.7829E-12 6.2677E-12 6.7796E-12 7.4790E-12 8.2085E-12 8.6392E-12 9.4247E-12 1.0241E-11 1.0758E-11 1.1634E-11 1.2541E-11 1.3313E-11 1.4118E-11 1.5119E-11 1.5985E-11 1.6886E-11 1.7981E-11 1.8942E-11 1.9895E-11 2.0873E-11 2.1933E-11 2.2972E-11 2.4162E-11 2.5264E-11 2.6391E-11 2.7664E-11 2.8851E-11 2.9944E-11 3.1179E-11 3.2559E-11
0.0000E+00 0.0000E+00 0.0000E+00 0.0000E+00 0.0000E+00 0.0000E+00 0.0000E+00 0.0000E+00 0.0000E+00 0.0000E+00 0.0000E+00 0.0000E+00 0.0000E+00 0.0000E+00 0.0000E+00 0.0000E+00 0.0000E+00 0.0000E+00 0.0000E+00 5.1856E-13 1.5989E-12 2.7346E-12 3.5863E-12 4.2882E-12 4.6987E-12 5.1346E-12 5.7540E-12 6.2414E-12 6.7565E-12 7.6208E-12 8.1957E-12 8.6313E-12 9.5869E-12 1.0250E-11 1.0775E-11 1.1985E-11 1.2740E-11 1.3367E-11 1.4186E-11 1.5363E-11 1.6088E-11 1.7007E-11 1.8125E-11 1.9108E-11 2.0083E-11 2.1254E-11 2.2291E-11 2.3479E-11 2.4583E-11 2.5714E-11 2.6879E-11 2.8071E-11 2.9295E-11 3.0545E-11 3.1942E-11 3.3132E-11 3.4467E-11
0.0000E+00 0.0000E+00 0.0000E+00 0.0000E+00 0.0000E+00 0.0000E+00 0.0000E+00 0.0000E+00 0.0000E+00 0.0000E+00 0.0000E+00 0.0000E+00 0.0000E+00 0.0000E+00 0.0000E+00 0.0000E+00 0.0000E+00 0.0000E+00 2.5859E-13 1.1949E-12 2.7027E-12 3.4250E-12 4.0928E-12 4.6609E-12 5.0975E-12 5.7180E-12 6.2073E-12 6.7250E-12 7.5935E-12 8.1726E-12 8.7769E-12 9.7352E-12 1.0246E-11 1.1107E-11 1.2001E-11 1.2767E-11 1.3569E-11 1.4564E-11 1.5432E-11 1.6335E-11 1.7434E-11 1.8406E-11 1.9371E-11 2.0248E-11 2.1446E-11 2.2508E-11 2.3726E-11 2.4860E-11 2.6022E-11 2.7337E-11 2.8569E-11 2.9828E-11 3.1121E-11 3.2441E-11 3.3795E-11 3.5174E-11 3.6700E-11
0.0000E+00 0.0000E+00 0.0000E+00 0.0000E+00 0.0000E+00 0.0000E+00 0.0000E+00 0.0000E+00 0.0000E+00 0.0000E+00 0.0000E+00 0.0000E+00 0.0000E+00 0.0000E+00 0.0000E+00 0.0000E+00 0.0000E+00 0.0000E+00 1.0534E-12 2.4194E-12 3.3853E-12 4.0505E-12 4.6176E-12 5.0542E-12 5.6750E-12 6.1656E-12 6.6851E-12 7.5566E-12 8.1393E-12 8.7479E-12 9.7129E-12 1.0230E-11 1.1098E-11 1.2003E-11 1.2778E-11 1.3590E-11 1.4600E-11 1.5481E-11 1.6400E-11 1.7518E-11 1.8508E-11 1.9493E-11 2.0675E-11 2.1729E-11 2.2937E-11 2.4066E-11 2.5225E-11 2.6538E-11 2.7771E-11 2.8917E-11 3.0213E-11 3.1664E-11 3.3030E-11 3.4424E-11 3.5852E-11 3.7308E-11 3.8797E-11
0.0000E+00 0.0000E+00 0.0000E+00 0.0000E+00 0.0000E+00 0.0000E+00 0.0000E+00 0.0000E+00 0.0000E+00 0.0000E+00 0.0000E+00 0.0000E+00 0.0000E+00 0.0000E+00 0.0000E+00 0.0000E+00 0.0000E+00 6.5473E-13 2.0075E-12 3.3419E-12 3.8441E-12 4.5689E-12 5.0050E-12 5.6252E-12 6.1164E-12 6.6371E-12 7.5103E-12 8.0957E-12 8.8693E-12 9.6783E-12 1.0200E-11 1.1076E-11 1.1988E-11 1.2773E-11 1.3595E-11 1.4617E-11 1.5511E-11 1.6444E-11 1.7580E-11 1.8587E-11 1.9590E-11 2.0795E-11 2.1871E-11 2.3105E-11 2.4259E-11 2.5446E-11 2.6790E-11 2.8055E-11 2.9352E-11 3.0805E-11 3.2177E-11 3.3463E-11 3.4900E-11 3.6494E-11 3.8001E-11 3.9537E-11 4.0984E-11
0.0000E+00 0.0000E+00 0.0000E+00 0.0000E+00 0.0000E+00 0.0000E+00 0.0000E+00 0.0000E+00 0.0000E+00 0.0000E+00 0.0000E+00 0.0000E+00 0.0000E+00 0.0000E+00 0.0000E+00 0.0000E+00 3.8946E-13 1.7292E-12 3.1709E-12 3.7939E-12 4.5149E-12 4.9499E-12 5.5688E-12 6.0600E-12 6.5810E-12 7.4549E-12 8.0422E-12 8.8186E-12 9.6316E-12 1.0157E-11 1.1039E-11 1.1959E-11 1.2751E-11 1.3582E-11 1.4616E-11 1.5521E-11 1.6467E-11 1.7620E-11 1.8643E-11 1.9782E-11 2.1006E-11 2.2222E-11 2.3364E-11 2.4540E-11 2.5873E-11 2.7131E-11 2.8424E-11 2.9636E-11 3.1127E-11 3.2537E-11 3.3981E-11 3.5582E-11 3.7103E-11 3.8654E-11 4.0121E-11 4.1864E-11 4.3520E-11
0.0000E+00 0.0000E+00 0.0000E+00 0.0000E+00 0.0000E+00 0.0000E+00 0.0000E+00 0.0000E+00 0.0000E+00 0.0000E+00 0.0000E+00 0.0000E+00 0.0000E+00 0.0000E+00 0.0000E+00 0.0000E+00 1.4482E-12 2.7067E-12 3.7397E-12 4.4559E-12 4.7260E-12 5.5059E-12 5.9964E-12 6.5171E-12 7.3905E-12 7.9789E-12 8.7571E-12 9.5729E-12 1.0102E-11 1.0988E-11 1.1915E-11 1.2714E-11 1.3552E-11 1.4755E-11 1.5512E-11 1.6797E-11 1.7798E-11 1.8797E-11 1.9998E-11 2.1076E-11 2.2313E-11 2.3476E-11 2.4676E-11 2.6037E-11 2.7322E-11 2.8644E-11 3.0128E-11 3.1535E-11 3.2979E-11 3.4582E-11 3.5988E-11 3.7552E-11 3.9150E-11 4.0908E-11 4.2584E-11 4.4172E-11 4.5912E-11
0.0000E+00 0.0000E+00 0.0000E+00 0.0000E+00 0.0000E+00 0.0000E+00 0.0000E+00 0.0000E+00 0.0000E+00 0.0000E+00 0.0000E+00 0.0000E+00 0.0000E+00 0.0000E+00 0.0000E+00 9.1577E-13 2.5371E-12 3.6815E-12 4.2357E-12 4.6614E-12 5.2782E-12 5.9259E-12 6.4456E-12 7.3173E-12 7.9061E-12 8.5236E-12 9.5025E-12 1.0034E-11 1.0924E-11 1.1855E-11 1.2660E-11 1.3830E-11 1.4718E-11 1.5648E-11 1.6782E-11 1.7794E-11 1.8807E-11 2.0024E-11 2.1119E-11 2.2376E-11 2.3559E-11 2.4781E-11 2.6168E-11 2.7479E-11 2.8830E-11 3.0346E-11 3.1787E-11 3.3265E-11 3.4909E-11 3.6476E-11 3.8080E-11 3.9845E-11 4.1534E-11 4.3139E-11 4.4900E-11 4.6821E-11 4.8659E-11
0.0000E+00 0.0000E+00 0.0000E+00 0.0000E+00 0.0000E+00 0.0000E+00 0.0000E+00 0.0000E+00 0.0000E+00 0.0000E+00 0.0000E+00 0.0000E+00 0.0000E+00 0.0000E+00 3.8917E-13 1.9970E-12 3.4581E-12 4.1689E-12 4.5918E-12 5.0432E-12 5.8489E-12 6.3669E-12 7.0763E-12 7.8239E-12 8.4416E-12 9.4206E-12 9.9536E-12 1.0847E-11 1.1781E-11 1.2590E-11 1.3767E-11 1.4662E-11 1.5600E-11 1.6744E-11 1.7768E-11 1.8792E-11 2.0025E-11 2.1256E-11 2.2530E-11 2.3730E-11 2.5094E-11 2.6387E-11 2.7722E-11 2.9221E-11 3.0650E-11 3.2119E-11 3.3753E-11 3.5316E-11 3.6919E-11 3.8446E-11 4.0259E-11 4.1995E-11 4.3768E-11 4.5705E-11 4.7563E-11 4.9338E-11 5.1268E-11
0.0000E+00 0.0000E+00 0.0000E+00 0.0000E+00 0.0000E+00 0.0000E+00 0.0000E+00 0.0000E+00 0.0000E+00 0.0000E+00 0.0000E+00 0.0000E+00 0.0000E+00 0.0000E+00 1.4573E-12 3.2713E-12 3.9410E-12 4.5175E-12 4.9657E-12 5.7656E-12 6.2811E-12 6.9875E-12 7.7328E-12 8.1856E-12 9.3275E-12 9.8616E-12 1.0756E-11 1.1693E-11 1.2505E-11 1.3687E-11 1.4588E-11 1.5533E-11 1.6686E-11 1.7719E-11 1.8754E-11 2.0117E-11 2.1362E-11 2.2538E-11 2.3755E-11 2.5140E-11 2.6455E-11 2.7812E-11 2.9339E-11 3.0795E-11 3.2295E-11 3.3964E-11 3.5562E-11 3.7202E-11 3.9012E-11 4.0749E-11 4.2528E-11 4.4354E-11 4.6221E-11 4.8135E-11 5.0086E-11 5.2200E-11 5.4113E-11
0.0000E+00 0.0000E+00 0.0000E+00 0.0000E+00 0.0000E+00 0.0000E+00 0.0000E+00 0.0000E+00 0.0000E+00 0.0000E+00 0.0000E+00 0.0000E+00 0.0000E+00 9.1929E-13 2.7959E-12 3.7093E-12 4.4387E-12 4.8831E-12 5.6762E-12 6.0238E-12 6.8909E-12 7.6330E-12 8.0852E-12 9.2236E-12 9.7581E-12 1.0652E-11 1.1590E-11 1.2405E-11 1.3591E-11 1.4496E-11 1.5446E-11 1.6607E-11 1.7648E-11 1.8811E-11 2.0068E-11 2.1326E-11 2.2517E-11 2.3750E-11 2.5154E-11 2.6489E-11 2.7990E-11 2.9541E-11 3.1021E-11 3.2671E-11 3.4254E-11 3.5883E-11 3.7565E-11 3.9291E-11 4.1070E-11 4.2893E-11 4.4888E-11 4.6810E-11 4.8773E-11 5.0660E-11 5.2838E-11 5.4936E-11 5.7072E-11
0.0000E+00 0.0000E+00 0.0000E+00 0.0000E+00 0.0000E+00 0.0000E+00 0.0000E+00 0.0000E+00 0.0000E+00 0.0000E+00 0.0000E+00 0.0000E+00 0.0000E+00 2.1220E-12 3.6355E-12 4.3559E-12 4.7958E-12 5.4236E-12 5.9267E-12 6.6270E-12 7.5249E-12 7.9758E-12 8.9505E-12 9.6433E-12 1.0536E-11 1.1474E-11 1.2290E-11 1.3477E-11 1.4385E-11 1.5340E-11 1.6507E-11 1.7555E-11 1.8726E-11 1.9994E-11 2.1264E-11 2.2467E-11 2.3837E-11 2.5257E-11 2.6607E-11 2.8129E-11 2.9587E-11 3.1092E-11 3.2770E-11 3.4383E-11 3.6044E-11 3.7879E-11 3.9647E-11 4.1463E-11 4.3452E-11 4.5374E-11 4.7222E-11 4.9238E-11 5.1426E-11 5.3541E-11 5.5698E-11 5.7778E-11 6.0147E-11
0.0000E+00 0.0000E+00 0.0000E+00 0.0000E+00 0.0000E+00 0.0000E+00 0.0000E+00 0.0000E+00 0.0000E+00 0.0000E+00 0.0000E+00 0.0000E+00 1.5804E-12 3.3969E-12 4.1129E-12 4.5423E-12 5.3250E-12 5.8237E-12 6.3555E-12 7.4089E-12 7.8579E-12 8.8272E-12 9.5178E-12 1.0408E-11 1.1345E-11 1.2160E-11 1.3348E-11 1.4258E-11 1.5216E-11 1.6387E-11 1.7440E-11 1.8619E-11 1.9895E-11 2.1175E-11 2.2389E-11 2.3888E-11 2.5208E-11 2.6575E-11 2.8117E-11 2.9595E-11 3.1123E-11 3.2828E-11 3.4468E-11 3.6159E-11 3.8029E-11 3.9833E-11 4.1687E-11 4.3720E-11 4.5686E-11 4.7701E-11 4.9891E-11 5.2013E-11 5.4062E-11 5.6279E-11 5.8669E-11 6.0860E-11 6.3221E-11
0.0000E+00 0.0000E+00 0.0000E+00 0.0000E+00 0.0000E+00 0.0000E+00 0.0000E+00 0.0000E+00 0.0000E+00 0.0000E+00 0.0000E+00 7.8746E-13 2.9500E-12 3.8680E-12 4.4490E-12 4.9032E-12 5.7153E-12 6.2420E-12 7.2854E-12 7.7319E-12 8.5344E-12 9.3819E-12 1.0268E-11 1.1202E-11 1.2017E-11 1.3203E-11 1.4114E-11 1.5073E-11 1.6247E-11 1.7424E-11 1.8654E-11 1.9771E-11 2.1060E-11 2.2401E-11 2.3795E-11 2.5128E-11 2.6510E-11 2.8069E-11 2.9684E-11 3.1355E-11 3.2967E-11 3.4630E-11 3.6472E-11 3.8255E-11 4.0090E-11 4.2104E-11 4.4057E-11 4.6062E-11 4.8002E-11 5.0244E-11 5.2418E-11 5.4642E-11 5.6916E-11 5.9251E-11 6.1632E-11 6.4059E-11 6.6530E-11
0.0000E+00 0.0000E+00 0.0000E+00 0.0000E+00 0.0000E+00 0.0000E+00 0.0000E+00 0.0000E+00 0.0000E+00 0.0000E+00 0.0000E+00 1.8556E-12 3.6215E-12 4.3521E-12 4.8003E-12 5.6017E-12 6.1229E-12 6.9989E-12 7.5983E-12 8.3943E-12 9.2362E-12 9.7903E-12 1.1047E-11 1.1860E-11 1.3043E-11 1.3953E-11 1.4913E-11 1.6087E-11 1.7267E-11 1.8501E-11 1.9623E-11 2.1037E-11 2.2268E-11 2.3672E-11 2.5016E-11 2.6533E-11 2.8107E-11 2.9619E-11 3.1310E-11 3.2943E-11 3.4630E-11 3.6500E-11 3.8311E-11 4.0177E-11 4.2228E-11 4.4218E-11 4.6264E-11 4.8493E-11 5.0660E-11 5.2882E-11 5.5156E-11 5.7497E-11 5.9890E-11 6.2332E-11 6.4704E-11 6.7376E-11 6.9849E-11
0.0000E+00 0.0000E+00 0.0000E+00 0.0000E+00 0.0000E+00 0.0000E+00 0.0000E+00 0.0000E+00 0.0000E+00 0.0000E+00 1.3115E-12 3.3709E-12 4.2520E-12 4.5298E-12 5.3252E-12 5.8342E-12 6.7059E-12 7.4575E-12 8.0848E-12 9.0812E-12 9.6322E-12 1.0881E-11 1.1690E-11 1.2545E-11 1.3777E-11 1.4735E-11 1.5909E-11 1.7090E-11 1.8326E-11 1.9451E-11 2.0871E-11 2.2107E-11 2.3520E-11 2.4872E-11 2.6518E-11 2.7990E-11 2.9516E-11 3.1226E-11 3.2878E-11 3.4710E-11 3.6604E-11 3.8439E-11 4.0458E-11 4.2422E-11 4.4445E-11 4.6526E-11 4.8680E-11 5.0892E-11 5.3162E-11 5.5616E-11 5.8008E-11 6.0335E-11 6.2840E-11 6.5526E-11 6.8020E-11 7.0693E-11 7.3414E-11
0.0000E+00 0.0000E+00 0.0000E+00 0.0000E+00 0.0000E+00 0.0000E+00 0.0000E+00 0.0000E+00 0.0000E+00 3.9373E-13 2.5524E-12 3.8360E-12 4.4228E-12 5.0463E-12 5.7074E-12 6.4079E-12 7.3099E-12 7.7679E-12 8.9174E-12 9.4646E-12 1.0543E-11 1.1508E-11 1.2359E-11 1.3585E-11 1.4541E-11 1.5713E-11 1.6773E-11 1.8129E-11 1.9256E-11 2.0679E-11 2.1920E-11 2.3338E-11 2.4816E-11 2.6355E-11 2.7837E-11 2.9377E-11 3.1102E-11 3.2890E-11 3.4742E-11 3.6541E-11 3.8400E-11 4.0448E-11 4.2442E-11 4.4498E-11 4.6742E-11 4.8932E-11 5.1184E-11 5.3495E-11 5.5881E-11 5.8327E-11 6.0831E-11 6.3393E-11 6.6025E-11 6.8713E-11 7.1454E-11 7.4127E-11 7.7106E-11
0.0000E+00 0.0000E+00 0.0000E+00 0.0000E+00 0.0000E+00 0.0000E+00 0.0000E+00 0.0000E+00 0.0000E+00 1.4524E-12 3.5779E-12 4.3128E-12 4.7654E-12 5.5763E-12 6.1056E-12 7.1562E-12 7.6094E-12 8.5868E-12 9.2880E-12 1.0195E-11 1.1314E-11 1.2160E-11 1.3379E-11 1.4331E-11 1.5499E-11 1.6557E-11 1.7911E-11 1.9038E-11 2.0463E-11 2.1706E-11 2.3129E-11 2.4613E-11 2.6159E-11 2.7650E-11 2.9324E-11 3.1061E-11 3.2743E-11 3.4613E-11 3.6432E-11 3.8313E-11 4.0387E-11 4.2408E-11 4.4494E-11 4.6773E-11 4.9000E-11 5.1291E-11 5.3774E-11 5.6204E-11 5.8697E-11 6.1131E-11 6.3881E-11 6.6572E-11 6.9322E-11 7.2010E-11 7.5009E-11 7.7815E-11 8.0805E-11
0.0000E+00 0.0000E+00 0.0000E+00 0.0000E+00 0.0000E+00 0.0000E+00 0.0000E+00 0.0000E+00 5.2772E-13 3.0757E-12 4.2002E-12 4.6447E-12 5.4413E-12 5.9625E-12 6.8406E-12 7.4447E-12 8.2491E-12 9.1032E-12 1.0001E-11 1.1109E-11 1.1949E-11 1.3002E-11 1.3943E-11 1.5269E-11 1.6323E-11 1.7508E-11 1.8799E-11 2.0223E-11 2.1467E-11 2.2892E-11 2.4380E-11 2.5932E-11 2.7430E-11 2.9229E-11 3.0861E-11 3.2556E-11 3.4441E-11 3.6277E-11 3.8302E-11 4.0398E-11 4.2442E-11 4.4680E-11 4.6870E-11 4.9128E-11 5.1453E-11 5.3859E-11 5.6333E-11 5.8873E-11 6.1607E-11 6.4164E-11 6.6914E-11 6.9727E-11 7.2732E-11 7.5553E-11 7.8563E-11 8.1630E-11 8.5119E-11
0.0000E+00 0.0000E+00 0.0000E+00 0.0000E+00 0.0000E+00 0.0000E+00 0.0000E+00 0.0000E+00 1.8438E-12 3.7730E-12 4.3606E-12 4.9868E-12 5.6528E-12 6.3604E-12 7.2742E-12 7.9057E-12 8.9106E-12 9.6355E-12 1.0738E-11 1.1564E-11 1.2771E-11 1.3705E-11 1.5023E-11 1.6072E-11 1.7253E-11 1.8540E-11 1.9961E-11 2.1204E-11 2.2629E-11 2.4119E-11 2.5673E-11 2.7176E-11 2.8983E-11 3.0623E-11 3.2328E-11 3.4227E-11 3.6197E-11 3.8239E-11 4.0237E-11 4.2303E-11 4.4567E-11 4.6785E-11 4.9074E-11 5.1561E-11 5.4002E-11 5.6514E-11 5.9096E-11 6.1761E-11 6.4495E-11 6.7298E-11 7.0169E-11 7.3119E-11 7.6136E-11 7.9215E-11 8.2599E-11 8.5819E-11 8.9342E-11
