Assets/Resources/2015_m01_d13_1600(utc+0800)_l00_csi_1hr_conc.grd
DSAA
         159         159
     -79.000      79.000
     -79.000      79.000
  0.0000E+00  0.7243E-05
[rows 0 to 24 of 159, columns 0 to 56 of 159]
2.2577E-10 2.3097E-10 2.3224E-10 2.3314E-10 2.3375E-10 2.3801E-10 2.3788E-10 2.4535E-10 2.4867E-10 2.4724E-10 2.4531E-10 2.4291E-10 2.4005E-10 2.3670E-10 2.3289E-10 2.2486E-10 2.2006E-10 2.1469E-10 2.0881E-10 1.9802E-10 1.8701E-10 1.7140E-10 1.6027E-10 1.5229E-10 1.4417E-10 1.2875E-10 1.1817E-10 1.1074E-10 9.1741E-11 8.3618E-11 7.2681E-11 6.4448E-11 5.3063E-11 4.7303E-11 3.9686E-11 3.3054E-11 2.8912E-11 2.3857E-11 2.0354E-11 1.5371E-11 1.0342E-11 2.0314E-12 0.0000E+00 0.0000E+00 0.0000E+00 0.0000E+00 0.0000E+00 0.0000E+00 0.0000E+00 0.0000E+00 0.0000E+00 0.0000E+00 0.0000E+00 0.0000E+00 0.0000E+00 0.0000E+00 0.0000E+00
2.5495E-10 2.6118E-10 2.6713E-10 2.7236E-10 2.7334E-10 2.7384E-10 2.7824E-10 2.7776E-10 2.7680E-10 2.7528E-10 2.7327E-10 2.7459E-10 2.7155E-10 2.6795E-10 2.5994E-10 2.5522E-10 2.4993E-10 2.4402E-10 2.3756E-10 2.3044E-10 2.2275E-10 2.1442E-10 1.9725E-10 1.8434E-10 1.7488E-10 1.6518E-10 1.4169E-10 1.2894E-10 1.2046E-10 1.0347E-10 9.5912E-11 7.8495E-11 7.0694E-11 5.8305E-11 5.3142E-11 4.2056E-11 3.4977E-11 2.8878E-11 2.5014E-11 1.9469E-11 1.4074E-11 7.1628E-12 0.0000E+00 0.0000E+00 0.0000E+00 0.0000E+00 0.0000E+00 0.0000E+00 0.0000E+00 0.0000E+00 0.0000E+00 0.0000E+00 0.0000E+00 0.0000E+00 0.0000E+00 0.0000E+00 0.0000E+00
2.9226E-10 2.9847E-10 3.0050E-10 3.0215E-10 3.0330E-10 3.0818E-10 3.0834E-10 3.1252E-10 3.2086E-10 3.1950E-10 3.1754E-10 3.1502E-10 3.1185E-10 3.0809E-10 3.0362E-10 2.9857E-10 2.9278E-10 2.8632E-10 2.7917E-10 2.7130E-10 2.6271E-10 2.5346E-10 2.3462E-10 2.1949E-10 2.0013E-10 1.8917E-10 1.7821E-10 1.5697E-10 1.4677E-10 1.3349E-10 1.1540E-10 1.0338E-10 8.7676E-11 8.0268E-11 6.4812E-11 5.3996E-11 4.6838E-11 3.7723E-11 3.0245E-11 2.4736E-11 1.6490E-11 1.0496E-11 0.0000E+00 0.0000E+00 0.0000E+00 0.0000E+00 0.0000E+00 0.0000E+00 0.0000E+00 0.0000E+00 0.0000E+00 0.0000E+00 0.0000E+00 0.0000E+00 0.0000E+00 0.0000E+00 0.0000E+00
3.2316E-10 3.2589E-10 3.3280E-10 3.4409E-10 3.4985E-10 3.5100E-10 3.5594E-10 3.5590E-10 3.5518E-10 3.5384E-10 3.5203E-10 3.4956E-10 3.4640E-10 3.4247E-10 3.3784E-10 3.3238E-10 3.2613E-10 3.1914E-10 3.1123E-10 3.0255E-10 2.9290E-10 2.8255E-10 2.7143E-10 2.5974E-10 2.3883E-10 2.2634E-10 2.1344E-10 2.0055E-10 1.7269E-10 1.5708E-10 1.4282E-10 1.2634E-10 1.1625E-10 9.6802E-11 8.3343E-11 7.1523E-11 5.7169E-11 4.7141E-11 4.0478E-11 3.1400E-11 2.0857E-11 1.5059E-11 6.5325E-12 0.0000E+00 0.0000E+00 0.0000E+00 0.0000E+00 0.0000E+00 0.0000E+00 0.0000E+00 0.0000E+00 0.0000E+00 0.0000E+00 0.0000E+00 0.0000E+00 0.0000E+00 0.0000E+00
3.6646E-10 3.7437E-10 3.7750E-10 3.8003E-10 3.8219E-10 3.8378E-10 3.8912E-10 3.9418E-10 3.9877E-10 4.0251E-10 4.0073E-10 3.9814E-10 3.9481E-10 3.9062E-10 3.8566E-10 3.7980E-10 3.7309E-10 3.6547E-10 3.5696E-10 3.4750E-10 3.3708E-10 3.2556E-10 3.1353E-10 3.0041E-10 2.8672E-10 2.5823E-10 2.3852E-10 2.2429E-10 2.1011E-10 1.8887E-10 1.7547E-10 1.5638E-10 1.3390E-10 1.2016E-10 1.0482E-10 8.8961E-11 7.5571E-11 6.2512E-11 5.1302E-11 4.0299E-11 3.1871E-11 1.7558E-11 9.8952E-12 0.0000E+00 0.0000E+00 0.0000E+00 0.0000E+00 0.0000E+00 0.0000E+00 0.0000E+00 0.0000E+00 0.0000E+00 0.0000E+00 0.0000E+00 0.0000E+00 0.0000E+00 0.0000E+00
3.9949E-10 4.0818E-10 4.1204E-10 4.2960E-10 4.3249E-10 4.3438E-10 4.4018E-10 4.4068E-10 4.4045E-10 4.3942E-10 4.3778E-10 4.3536E-10 4.3201E-10 4.2781E-10 4.2261E-10 4.1645E-10 4.0935E-10 4.0111E-10 3.9190E-10 3.8150E-10 3.7008E-10 3.5768E-10 3.4434E-10 3.3027E-10 3.1536E-10 2.9962E-10 2.8191E-10 2.6093E-10 2.4469E-10 2.2476E-10 2.0086E-10 1.8212E-10 1.6491E-10 1.4817E-10 1.3018E-10 1.0976E-10 9.2762E-11 7.7863E-11 6.5397E-11 5.3468E-11 4.3360E-11 2.1189E-11 1.4446E-11 3.7144E-12 0.0000E+00 0.0000E+00 0.0000E+00 0.0000E+00 0.0000E+00 0.0000E+00 0.0000E+00 0.0000E+00 0.0000E+00 0.0000E+00 0.0000E+00 0.0000E+00 0.0000E+00
4.5036E-10 4.5541E-10 4.6433E-10 4.6809E-10 4.7105E-10 4.7355E-10 4.7532E-10 4.7630E-10 4.8141E-10 4.9086E-10 4.8927E-10 4.8677E-10 4.8325E-10 4.7877E-10 4.7319E-10 4.6668E-10 4.5904E-10 4.5027E-10 4.4028E-10 4.2918E-10 4.1683E-10 4.0354E-10 3.8905E-10 3.7373E-10 3.5731E-10 3.4021E-10 3.2214E-10 2.9660E-10 2.6870E-10 2.5116E-10 2.3377E-10 2.1286E-10 1.9633E-10 1.7370E-10 1.5202E-10 1.3284E-10 1.1999E-10 9.8759E-11 8.2459E-11 6.8217E-11 5.5298E-11 3.9124E-11 1.7002E-11 8.4974E-12 0.0000E+00 0.0000E+00 0.0000E+00 0.0000E+00 0.0000E+00 0.0000E+00 0.0000E+00 0.0000E+00 0.0000E+00 0.0000E+00 0.0000E+00 0.0000E+00 0.0000E+00
4.8973E-10 4.9533E-10 5.0058E-10 5.0506E-10 5.2366E-10 5.2681E-10 5.2890E-10 5.3012E-10 5.3077E-10 5.3045E-10 5.2927E-10 5.2715E-10 5.2401E-10 5.1964E-10 5.1395E-10 5.1224E-10 5.0414E-10 4.9481E-10 4.8949E-10 4.7734E-10 4.6387E-10 4.4383E-10 4.2790E-10 4.0577E-10 3.8802E-10 3.6927E-10 3.4966E-10 3.2663E-10 3.0593E-10 2.8619E-10 2.6665E-10 2.4734E-10 2.1623E-10 1.9861E-10 1.7827E-10 1.6204E-10 1.3807E-10 1.1920E-10 1.0424E-10 8.6876E-11 6.9798E-11 5.5659E-11 1.8962E-11 1.2203E-11 7.5620E-13 0.0000E+00 0.0000E+00 0.0000E+00 0.0000E+00 0.0000E+00 0.0000E+00 0.0000E+00 0.0000E+00 0.0000E+00 0.0000E+00 0.0000E+00 0.0000E+00
5.3258E-10 5.4921E-10 5.5518E-10 5.6016E-10 5.6475E-10 5.6842E-10 5.7159E-10 5.7379E-10 5.7985E-10 5.8511E-10 5.8399E-10 5.8156E-10 5.7796E-10 5.7308E-10 5.6707E-10 5.5981E-10 5.5122E-10 5.4120E-10 5.2977E-10 5.1690E-10 5.0272E-10 4.8712E-10 4.7037E-10 4.5218E-10 4.3315E-10 4.1265E-10 3.9147E-10 3.6779E-10 3.4248E-10 3.2069E-10 2.8905E-10 2.6817E-10 2.4724E-10 2.2731E-10 2.0791E-10 1.8228E-10 1.6171E-10 1.4275E-10 1.2532E-10 1.0240E-10 8.8391E-11 7.2648E-11 3.2227E-11 1.6301E-11 4.7658E-12 0.0000E+00 0.0000E+00 0.0000E+00 0.0000E+00 0.0000E+00 0.0000E+00 0.0000E+00 0.0000E+00 0.0000E+00 0.0000E+00 0.0000E+00 0.0000E+00
5.8368E-10 5.9136E-10 5.9833E-10 6.0474E-10 6.1515E-10 6.2478E-10 6.2810E-10 6.3025E-10 6.3142E-10 6.3174E-10 6.3080E-10 6.2897E-10 6.2579E-10 6.2126E-10 6.1509E-10 6.0745E-10 6.0381E-10 5.9324E-10 5.8093E-10 5.6725E-10 5.5189E-10 5.3517E-10 5.1667E-10 4.9706E-10 4.7620E-10 4.4868E-10 4.2574E-10 3.9972E-10 3.7503E-10 3.4797E-10 3.2455E-10 3.0146E-10 2.7863E-10 2.5628E-10 2.2640E-10 2.0510E-10 1.8564E-10 1.6703E-10 1.4096E-10 1.2287E-10 1.0646E-10 8.5718E-11 7.2938E-11 1.8950E-11 9.0321E-12 0.0000E+00 0.0000E+00 0.0000E+00 0.0000E+00 0.0000E+00 0.0000E+00 0.0000E+00 0.0000E+00 0.0000E+00 0.0000E+00 0.0000E+00 0.0000E+00
6.2889E-10 6.4267E-10 6.5570E-10 6.6244E-10 6.6809E-10 6.7319E-10 6.7727E-10 6.8061E-10 6.8276E-10 6.8330E-10 6.8814E-10 6.8593E-10 6.8223E-10 6.7712E-10 6.7047E-10 6.6247E-10 6.5281E-10 6.4149E-10 6.2851E-10 6.1389E-10 5.9767E-10 5.7991E-10 5.6040E-10 5.3957E-10 5.1722E-10 4.9393E-10 4.6900E-10 4.4079E-10 4.1282E-10 3.8347E-10 3.5810E-10 3.3287E-10 3.0298E-10 2.7894E-10 2.5501E-10 2.3237E-10 2.1052E-10 1.8274E-10 1.6214E-10 1.4409E-10 1.2233E-10 1.0303E-10 8.7970E-11 3.8000E-11 1.3817E-11 1.6216E-12 0.0000E+00 0.0000E+00 0.0000E+00 0.0000E+00 0.0000E+00 0.0000E+00 0.0000E+00 0.0000E+00 0.0000E+00 0.0000E+00 0.0000E+00
6.8732E-10 6.9647E-10 7.0521E-10 7.1314E-10 7.2039E-10 7.2635E-10 7.3652E-10 7.3984E-10 7.4181E-10 7.4264E-10 7.4228E-10 7.4049E-10 7.3744E-10 7.3273E-10 7.2618E-10 7.1774E-10 7.0759E-10 6.9550E-10 6.8164E-10 6.6583E-10 6.4852E-10 6.2926E-10 6.0863E-10 5.8619E-10 5.6233E-10 5.3688E-10 5.1011E-10 4.8204E-10 4.4908E-10 4.2020E-10 3.8897E-10 3.6185E-10 3.3498E-10 3.0878E-10 2.8289E-10 2.5357E-10 2.2971E-10 2.0602E-10 1.8449E-10 1.6113E-10 1.3812E-10 1.2105E-10 1.0120E-10 7.9512E-11 1.7291E-11 5.0532E-12 0.0000E+00 0.0000E+00 0.0000E+00 0.0000E+00 0.0000E+00 0.0000E+00 0.0000E+00 0.0000E+00 0.0000E+00 0.0000E+00 0.0000E+00
7.3822E-10 7.4927E-10 7.5930E-10 7.7347E-10 7.8099E-10 7.8724E-10 7.9272E-10 7.9703E-10 8.0027E-10 8.0201E-10 8.0200E-10 8.0066E-10 7.9736E-10 7.9222E-10 7.8531E-10 7.7678E-10 7.6625E-10 7.5364E-10 7.3899E-10 7.2250E-10 7.0399E-10 6.8336E-10 6.6118E-10 6.3693E-10 6.1131E-10 5.8399E-10 5.5512E-10 5.2477E-10 4.9358E-10 4.5622E-10 4.2298E-10 3.9336E-10 3.6456E-10 3.3605E-10 3.0835E-10 2.8105E-10 2.5459E-10 2.2964E-10 2.0227E-10 1.7841E-10 1.5767E-10 1.3833E-10 1.1435E-10 9.8669E-11 3.1865E-11 8.7706E-12 0.0000E+00 0.0000E+00 0.0000E+00 0.0000E+00 0.0000E+00 0.0000E+00 0.0000E+00 0.0000E+00 0.0000E+00 0.0000E+00 0.0000E+00
7.9345E-10 8.1067E-10 8.2107E-10 8.3088E-10 8.3972E-10 8.4775E-10 8.5430E-10 8.5970E-10 8.6328E-10 8.6522E-10 8.6579E-10 8.6440E-10 8.6115E-10 8.5602E-10 8.4883E-10 8.3939E-10 8.2782E-10 8.1433E-10 7.9877E-10 7.8129E-10 7.6147E-10 7.3989E-10 7.1613E-10 6.9086E-10 6.6353E-10 6.3483E-10 6.0389E-10 5.7119E-10 5.3636E-10 4.9963E-10 4.6354E-10 4.2849E-10 3.9716E-10 3.6596E-10 3.3581E-10 3.0672E-10 2.7835E-10 2.5104E-10 2.2402E-10 1.9942E-10 1.7641E-10 1.5109E-10 1.3100E-10 1.1315E-10 7.4474E-11 1.4521E-11 1.7154E-12 0.0000E+00 0.0000E+00 0.0000E+00 0.0000E+00 0.0000E+00 0.0000E+00 0.0000E+00 0.0000E+00 0.0000E+00 0.0000E+00
8.5831E-10 8.7161E-10 8.8426E-10 8.9590E-10 9.0647E-10 9.1546E-10 9.2292E-10 9.2901E-10 9.3342E-10 9.3608E-10 9.3683E-10 9.3575E-10 9.3286E-10 9.2820E-10 9.2079E-10 9.1131E-10 8.9978E-10 8.8557E-10 8.6922E-10 8.5044E-10 8.2946E-10 8.0637E-10 7.8111E-10 7.5372E-10 7.2404E-10 6.9272E-10 6.5804E-10 6.2202E-10 5.8582E-10 5.4655E-10 5.0626E-10 4.6959E-10 4.3361E-10 4.0025E-10 3.6760E-10 3.3566E-10 3.0372E-10 2.7352E-10 2.4549E-10 2.1886E-10 1.9367E-10 1.6863E-10 1.4698E-10 1.2305E-10 1.0338E-10 3.0124E-11 5.2876E-12 0.0000E+00 0.0000E+00 0.0000E+00 0.0000E+00 0.0000E+00 0.0000E+00 0.0000E+00 0.0000E+00 0.0000E+00 0.0000E+00
9.2061E-10 9.3592E-10 9.5013E-10 9.6264E-10 9.7408E-10 9.8397E-10 9.9236E-10 9.9906E-10 1.0043E-09 1.0076E-09 1.0096E-09 1.0098E-09 1.0075E-09 1.0034E-09 9.9641E-10 9.8657E-10 9.7333E-10 9.5767E-10 9.4144E-10 9.2314E-10 9.0294E-10 8.7982E-10 8.5479E-10 8.2707E-10 7.9708E-10 7.6418E-10 7.2880E-10 6.9015E-10 6.4905E-10 6.0722E-10 5.6053E-10 5.1663E-10 4.7652E-10 4.3779E-10 4.0216E-10 3.6716E-10 3.3364E-10 3.0159E-10 2.6902E-10 2.3968E-10 2.1097E-10 1.8548E-10 1.6181E-10 1.3836E-10 1.1862E-10 6.3323E-11 1.1744E-11 0.0000E+00 0.0000E+00 0.0000E+00 0.0000E+00 0.0000E+00 0.0000E+00 0.0000E+00 0.0000E+00 0.0000E+00 0.0000E+00
9.9099E-10 1.0076E-09 1.0233E-09 1.0376E-09 1.0505E-09 1.0622E-09 1.0722E-09 1.0814E-09 1.0892E-09 1.0943E-09 1.0974E-09 1.0991E-09 1.0982E-09 1.0952E-09 1.0900E-09 1.0838E-09 1.0727E-09 1.0576E-09 1.0394E-09 1.0186E-09 9.9551E-10 9.6967E-10 9.4157E-10 9.1082E-10 8.7766E-10 8.4143E-10 8.0238E-10 7.6094E-10 7.1576E-10 6.6916E-10 6.2355E-10 5.7714E-10 5.3444E-10 4.9410E-10 4.5316E-10 4.1154E-10 3.7163E-10 3.3111E-10 2.9618E-10 2.6357E-10 2.3298E-10 2.0391E-10 1.7624E-10 1.5255E-10 1.3091E-10 9.7219E-11 1.8898E-11 3.5649E-12 1.2313E-12 0.0000E+00 0.0000E+00 0.0000E+00 0.0000E+00 0.0000E+00 0.0000E+00 0.0000E+00 0.0000E+00
1.0609E-09 1.0792E-09 1.0964E-09 1.1124E-09 1.1273E-09 1.1416E-09 1.1541E-09 1.1645E-09 1.1737E-09 1.1809E-09 1.1851E-09 1.1889E-09 1.1911E-09 1.1906E-09 1.1864E-09 1.1785E-09 1.1660E-09 1.1501E-09 1.1301E-09 1.1090E-09 1.0866E-09 1.0614E-09 1.0330E-09 1.0022E-09 9.6785E-10 9.2994E-10 8.8882E-10 8.4477E-10 7.9840E-10 7.4914E-10 6.9729E-10 6.4398E-10 5.9524E-10 5.4945E-10 5.0427E-10 4.5963E-10 4.1812E-10 3.7859E-10 3.3595E-10 2.9808E-10 2.5778E-10 2.2448E-10 1.9431E-10 1.6809E-10 1.4259E-10 1.1921E-10 5.1086E-11 7.5886E-12 1.8423E-12 1.6498E-12 0.0000E+00 0.0000E+00 0.0000E+00 0.0000E+00 0.0000E+00 0.0000E+00 0.0000E+00
1.1377E-09 1.1583E-09 1.1783E-09 1.1978E-09 1.2157E-09 1.2319E-09 1.2469E-09 1.2600E-09 1.2717E-09 1.2826E-09 1.2909E-09 1.2969E-09 1.2994E-09 1.2992E-09 1.2956E-09 1.2901E-09 1.2812E-09 1.2683E-09 1.2496E-09 1.2265E-09 1.2007E-09 1.1722E-09 1.1414E-09 1.1075E-09 1.0702E-09 1.0286E-09 9.8374E-10 9.3598E-10 8.8533E-10 8.3232E-10 7.7497E-10 7.1696E-10 6.6146E-10 6.1441E-10 5.6764E-10 5.2061E-10 4.7327E-10 4.2598E-10 3.8132E-10 3.3589E-10 2.9868E-10 2.5594E-10 2.2227E-10 1.8678E-10 1.5737E-10 1.3400E-10 8.1803E-11 1.3084E-11 4.0080E-12 3.5892E-12 1.6935E-12 0.0000E+00 0.0000E+00 0.0000E+00 0.0000E+00 0.0000E+00 0.0000E+00
1.2171E-09 1.2419E-09 1.2648E-09 1.2863E-09 1.3068E-09 1.3260E-09 1.3436E-09 1.3609E-09 1.3763E-09 1.3897E-09 1.3993E-09 1.4059E-09 1.4111E-09 1.4149E-09 1.4142E-09 1.4107E-09 1.4006E-09 1.3866E-09 1.3684E-09 1.3459E-09 1.3209E-09 1.2926E-09 1.2619E-09 1.2270E-09 1.1883E-09 1.1444E-09 1.0961E-09 1.0453E-09 9.9134E-10 9.3535E-10 8.7762E-10 8.1386E-10 7.4390E-10 6.9079E-10 6.3733E-10 5.8335E-10 5.3058E-10 4.7935E-10 4.3236E-10 3.8682E-10 3.3792E-10 2.9651E-10 2.5476E-10 2.1364E-10 1.8237E-10 1.4992E-10 1.0774E-10 3.3164E-11 7.4794E-12 5.4196E-12 3.6862E-12 1.7261E-12 1.6608E-13 0.0000E+00 0.0000E+00 0.0000E+00 0.0000E+00
1.3033E-09 1.3302E-09 1.3568E-09 1.3826E-09 1.4068E-09 1.4300E-09 1.4523E-09 1.4736E-09 1.4906E-09 1.5060E-09 1.5198E-09 1.5314E-09 1.5398E-09 1.5452E-09 1.5457E-09 1.5439E-09 1.5381E-09 1.5293E-09 1.5140E-09 1.4937E-09 1.4662E-09 1.4354E-09 1.4019E-09 1.3654E-09 1.3244E-09 1.2789E-09 1.2276E-09 1.1725E-09 1.1144E-09 1.0528E-09 9.8995E-10 9.2336E-10 8.5064E-10 7.7644E-10 7.1860E-10 6.6219E-10 6.0310E-10 5.4849E-10 4.9323E-10 4.3941E-10 3.8726E-10 3.3975E-10 2.9086E-10 2.5125E-10 2.1107E-10 1.7188E-10 1.3892E-10 6.0239E-11 1.2398E-11 6.7488E-12 6.0215E-12 3.7588E-12 1.7470E-12 5.4840E-13 0.0000E+00 0.0000E+00 0.0000E+00
1.3931E-09 1.4240E-09 1.4551E-09 1.4839E-09 1.5125E-09 1.5408E-09 1.5655E-09 1.5886E-09 1.6100E-09 1.6302E-09 1.6479E-09 1.6617E-09 1.6722E-09 1.6811E-09 1.6876E-09 1.6897E-09 1.6857E-09 1.6761E-09 1.6607E-09 1.6408E-09 1.6165E-09 1.5874E-09 1.5534E-09 1.5157E-09 1.4732E-09 1.4249E-09 1.3696E-09 1.3104E-09 1.2480E-09 1.1822E-09 1.1148E-09 1.0467E-09 9.7274E-10 8.9247E-10 8.1718E-10 7.5310E-10 6.8890E-10 6.2163E-10 5.6029E-10 5.0054E-10 4.4796E-10 3.9292E-10 3.4317E-10 2.9185E-10 2.4508E-10 2.0660E-10 1.6533E-10 9.8700E-11 2.5686E-11 9.8049E-12 8.7480E-12 6.1422E-12 3.8053E-12 2.2365E-12 6.8662E-13 0.0000E+00 0.0000E+00
1.4897E-09 1.5241E-09 1.5590E-09 1.5941E-09 1.6275E-09 1.6588E-09 1.6877E-09 1.7161E-09 1.7433E-09 1.7667E-09 1.7875E-09 1.8067E-09 1.8241E-09 1.8372E-09 1.8460E-09 1.8498E-09 1.8484E-09 1.8440E-09 1.8346E-09 1.8182E-09 1.7963E-09 1.7654E-09 1.7296E-09 1.6894E-09 1.6447E-09 1.5944E-09 1.5386E-09 1.4751E-09 1.4078E-09 1.3365E-09 1.2626E-09 1.1870E-09 1.1085E-09 1.0246E-09 9.3571E-10 8.5369E-10 7.8320E-10 7.1220E-10 6.4399E-10 5.8035E-10 5.1606E-10 4.5675E-10 3.9490E-10 3.4479E-10 2.9167E-10 2.4944E-10 1.9875E-10 1.4430E-10 5.4561E-11 2.2040E-11 1.1327E-11 8.9257E-12 6.2196E-12 4.1431E-12 2.4976E-12 6.5034E-13 0.0000E+00
1.5907E-09 1.6314E-09 1.6717E-09 1.7105E-09 1.7464E-09 1.7831E-09 1.8186E-09 1.8515E-09 1.8817E-09 1.9100E-09 1.9378E-09 1.9625E-09 1.9823E-09 1.9978E-09 2.0108E-09 2.0228E-09 2.0276E-09 2.0262E-09 2.0170E-09 2.0008E-09 1.9798E-09 1.9529E-09 1.9209E-09 1.8807E-09 1.8352E-09 1.7818E-09 1.7214E-09 1.6529E-09 1.5806E-09 1.5048E-09 1.4252E-09 1.3433E-09 1.2602E-09 1.1736E-09 1.0813E-09 9.8563E-10 8.9855E-10 8.2151E-10 7.3692E-10 6.6298E-10 5.9199E-10 5.2527E-10 4.6563E-10 4.0130E-10 3.4766E-10 2.9236E-10 2.3923E-10 1.9120E-10 9.1989E-11 4.1170E-11 2.2782E-11 1.3398E-11 9.0399E-12 6.2570E-12 4.5717E-12 2.5262E-12 4.8667E-13
1.7006E-09 1.7464E-09 1.7892E-09 1.8317E-09 1.8748E-09 1.9171E-09 1.9567E-09 1.9936E-09 2.0320E-09 2.0676E-09 2.0992E-09 2.1267E-09 2.1528E-09 2.1782E-09 2.1982E-09 2.2135E-09 2.2202E-09 2.2219E-09 2.2182E-09 2.2083E-09 2.1915E-09 2.1664E-09 2.1326E-09 2.0919E-09 2.0458E-09 1.9903E-09 1.9291E-09 1.8589E-09 1.7815E-09 1.6984E-09 1.6107E-09 1.5205E-09 1.4284E-09 1.3346E-09 1.2386E-09 1.1348E-09 1.0304E-09 9.3842E-10 8.5503E-10 7.6028E-10 6.8545E-10 6.1144E-10 5.3690E-10 4.7140E-10 4.0564E-10 3.4268E-10 2.9336E-10 2.3493E-10 1.4746E-10 6.4765E-11 4.2890E-11 2.3425E-11 1.8508E-11 9.0877E-12 6.9215E-12 4.6893E-12 2.3839E-12
