Assets/Resources/2015_m01_d24_0600(utc+0800)_l00_csi_1hr_conc.grd
DSAA
         159         159
     -79.000      79.000
     -79.000      79.000
  0.0000E+00  0.9275E-05
[rows 125 to 149 of 159, columns 0 to 56 of 159]
0.0000E+00 0.0000E+00 0.0000E+00 7.3162E-13 5.6661E-12 9.9487E-12 1.7048E-11 2.2271E-11 3.3540E-11 4.4159E-11 5.9230E-11 7.0601E-11 8.9540E-11 1.0270E-10 1.1907E-10 1.3260E-10 1.4880E-10 1.6256E-10 1.7707E-10 1.9055E-10 2.0349E-10 2.1656E-10 2.2895E-10 2.4132E-10 2.5397E-10 2.6654E-10 2.7918E-10 2.9299E-10 3.0688E-10 3.2107E-10 3.3603E-10 3.5211E-10 3.6842E-10 3.8467E-10 4.0219E-10 4.2124E-10 4.3934E-10 4.5865E-10 4.7751E-10 4.9749E-10 5.1756E-10 5.3824E-10 5.5955E-10 5.8301E-10 6.0669E-10 6.3006E-10 6.5410E-10 6.7884E-10 7.0428E-10 7.3044E-10 7.5735E-10 7.8499E-10 8.1340E-10 8.4259E-10 8.7337E-10 9.0500E-10 9.3747E-10
0.0000E+00 0.0000E+00 0.0000E+00 0.0000E+00 4.0447E-12 8.1738E-12 1.6061E-11 2.1085E-11 3.1621E-11 4.1213E-11 5.6159E-11 6.8642E-11 8.7278E-11 1.0007E-10 1.1688E-10 1.2981E-10 1.4581E-10 1.5934E-10 1.7448E-10 1.8772E-10 2.0053E-10 2.1333E-10 2.2563E-10 2.3773E-10 2.5021E-10 2.6261E-10 2.7538E-10 2.8823E-10 3.0193E-10 3.1608E-10 3.3052E-10 3.4623E-10 3.6203E-10 3.7858E-10 3.9564E-10 4.1283E-10 4.3121E-10 4.4907E-10 4.6990E-10 4.8901E-10 5.0920E-10 5.2951E-10 5.5044E-10 5.7198E-10 5.9417E-10 6.1700E-10 6.4102E-10 6.6629E-10 6.9176E-10 7.1798E-10 7.4439E-10 7.7153E-10 7.9943E-10 8.2808E-10 8.5751E-10 8.8773E-10 9.1876E-10
0.0000E+00 0.0000E+00 0.0000E+00 0.0000E+00 2.5008E-12 7.6727E-12 1.2477E-11 2.0422E-11 2.7358E-11 4.0734E-11 5.0365E-11 6.4356E-11 8.1210E-11 9.6931E-11 1.1303E-10 1.2742E-10 1.4353E-10 1.5621E-10 1.7183E-10 1.8445E-10 1.9791E-10 2.0971E-10 2.2222E-10 2.3371E-10 2.4648E-10 2.5854E-10 2.7081E-10 2.8382E-10 2.9761E-10 3.1086E-10 3.2525E-10 3.4063E-10 3.5585E-10 3.7188E-10 3.8900E-10 4.0592E-10 4.2334E-10 4.4192E-10 4.6053E-10 4.7921E-10 4.9846E-10 5.2020E-10 5.4120E-10 5.6234E-10 5.8411E-10 6.0653E-10 6.2959E-10 6.5332E-10 6.7773E-10 7.0283E-10 7.2920E-10 7.5687E-10 7.8476E-10 8.1287E-10 8.4231E-10 8.7198E-10 9.0244E-10
0.0000E+00 0.0000E+00 0.0000E+00 0.0000E+00 1.7360E-12 7.1801E-12 1.1166E-11 1.8824E-11 2.5176E-11 3.5795E-11 4.8344E-11 6.1128E-11 7.7070E-11 9.4957E-11 1.1042E-10 1.2391E-10 1.3911E-10 1.5238E-10 1.6911E-10 1.8150E-10 1.9483E-10 2.0651E-10 2.1842E-10 2.3046E-10 2.4261E-10 2.5421E-10 2.6650E-10 2.7969E-10 2.9224E-10 3.0625E-10 3.2009E-10 3.3436E-10 3.4994E-10 3.6570E-10 3.8170E-10 3.9810E-10 4.1649E-10 4.3420E-10 4.5241E-10 4.7122E-10 4.9011E-10 5.0957E-10 5.2962E-10 5.5027E-10 5.7251E-10 5.9544E-10 6.1855E-10 6.4184E-10 6.6579E-10 6.9042E-10 7.1574E-10 7.4177E-10 7.6853E-10 7.9602E-10 8.2485E-10 8.5446E-10 8.8488E-10
0.0000E+00 0.0000E+00 0.0000E+00 0.0000E+00 1.7206E-12 6.2987E-12 1.1044E-11 1.7778E-11 2.4876E-11 3.4233E-11 4.5933E-11 5.9631E-11 7.4214E-11 9.1603E-11 1.0759E-10 1.2063E-10 1.3650E-10 1.4989E-10 1.6565E-10 1.7862E-10 1.9136E-10 2.0323E-10 2.1488E-10 2.2679E-10 2.3836E-10 2.5011E-10 2.6221E-10 2.7484E-10 2.8783E-10 3.0093E-10 3.1482E-10 3.2916E-10 3.4412E-10 3.5914E-10 3.7510E-10 3.9130E-10 4.0789E-10 4.2517E-10 4.4301E-10 4.6134E-10 4.8164E-10 5.0073E-10 5.2039E-10 5.4064E-10 5.6149E-10 5.8296E-10 6.0505E-10 6.2779E-10 6.5222E-10 6.7736E-10 7.0270E-10 7.2823E-10 7.5447E-10 7.8145E-10 8.0916E-10 8.3762E-10 8.6684E-10
0.0000E+00 0.0000E+00 0.0000E+00 0.0000E+00 1.7046E-12 5.4474E-12 1.0506E-11 1.6346E-11 2.2813E-11 3.2335E-11 4.4741E-11 5.7408E-11 7.2685E-11 8.9211E-11 1.0429E-10 1.1690E-10 1.3284E-10 1.4528E-10 1.6298E-10 1.7567E-10 1.8783E-10 1.9957E-10 2.1143E-10 2.2277E-10 2.3447E-10 2.4604E-10 2.5795E-10 2.7022E-10 2.8272E-10 2.9591E-10 3.0958E-10 3.2331E-10 3.3784E-10 3.5287E-10 3.6780E-10 3.8431E-10 4.0098E-10 4.1744E-10 4.3489E-10 4.5290E-10 4.7097E-10 4.8959E-10 5.0878E-10 5.3044E-10 5.5134E-10 5.7238E-10 5.9405E-10 6.1633E-10 6.3926E-10 6.6284E-10 6.8709E-10 7.1256E-10 7.3877E-10 7.6570E-10 7.9338E-10 8.2127E-10 8.5048E-10
0.0000E+00 0.0000E+00 0.0000E+00 0.0000E+00 0.0000E+00 3.2943E-12 8.9996E-12 1.5364E-11 2.1536E-11 3.0001E-11 4.2428E-11 5.4039E-11 6.9995E-11 8.5189E-11 1.0129E-10 1.1392E-10 1.2999E-10 1.4319E-10 1.5959E-10 1.7172E-10 1.8337E-10 1.9618E-10 2.0791E-10 2.1867E-10 2.3060E-10 2.4184E-10 2.5357E-10 2.6538E-10 2.7820E-10 2.9112E-10 3.0390E-10 3.1798E-10 3.3197E-10 3.4636E-10 3.6156E-10 3.7666E-10 3.9252E-10 4.0888E-10 4.2633E-10 4.4434E-10 4.6250E-10 4.8076E-10 4.9955E-10 5.1892E-10 5.3886E-10 5.5939E-10 5.8198E-10 6.0427E-10 6.2722E-10 6.5033E-10 6.7410E-10 6.9855E-10 7.2368E-10 7.4951E-10 7.7605E-10 8.0331E-10 8.3188E-10
0.0000E+00 0.0000E+00 0.0000E+00 0.0000E+00 0.0000E+00 2.5097E-12 6.8150E-12 1.2275E-11 1.8713E-11 2.6648E-11 3.8092E-11 4.9487E-11 6.5024E-11 8.0110E-11 9.7703E-11 1.1071E-10 1.2746E-10 1.4011E-10 1.5495E-10 1.6881E-10 1.8059E-10 1.9158E-10 2.0405E-10 2.1528E-10 2.2662E-10 2.3741E-10 2.4882E-10 2.6107E-10 2.7273E-10 2.8571E-10 2.9881E-10 3.1177E-10 3.2578E-10 3.4013E-10 3.5468E-10 3.7002E-10 3.8528E-10 4.0129E-10 4.1781E-10 4.3457E-10 4.5183E-10 4.6962E-10 4.9022E-10 5.0919E-10 5.2873E-10 5.4883E-10 5.6953E-10 5.9083E-10 6.1274E-10 6.3580E-10 6.5953E-10 6.8445E-10 7.0906E-10 7.3488E-10 7.6088E-10 7.8759E-10 8.1503E-10
0.0000E+00 0.0000E+00 0.0000E+00 0.0000E+00 0.0000E+00 1.7407E-12 5.9398E-12 1.0664E-11 1.7669E-11 2.4558E-11 3.6747E-11 4.6650E-11 6.3074E-11 7.6023E-11 9.4798E-11 1.0728E-10 1.2301E-10 1.3640E-10 1.5091E-10 1.6431E-10 1.7649E-10 1.8823E-10 1.9947E-10 2.1125E-10 2.2230E-10 2.3320E-10 2.4442E-10 2.5611E-10 2.6813E-10 2.8026E-10 2.9310E-10 3.0633E-10 3.2002E-10 3.3359E-10 3.4786E-10 3.6261E-10 3.7753E-10 3.9388E-10 4.0979E-10 4.2645E-10 4.4336E-10 4.6078E-10 4.7873E-10 4.9722E-10 5.1625E-10 5.3725E-10 5.5842E-10 5.7928E-10 6.0075E-10 6.2284E-10 6.4556E-10 6.6893E-10 6.9295E-10 7.1817E-10 7.4410E-10 7.7074E-10 7.9756E-10
0.0000E+00 0.0000E+00 0.0000E+00 0.0000E+00 0.0000E+00 1.7213E-12 5.0929E-12 1.0127E-11 1.5932E-11 2.3030E-11 3.4042E-11 4.4214E-11 5.7748E-11 7.2532E-11 8.9696E-11 1.0390E-10 1.1898E-10 1.3244E-10 1.4798E-10 1.6013E-10 1.7274E-10 1.8454E-10 1.9626E-10 2.0744E-10 2.1831E-10 2.2902E-10 2.4003E-10 2.5136E-10 2.6291E-10 2.7507E-10 2.8788E-10 3.0030E-10 3.1365E-10 3.2746E-10 3.4117E-10 3.5557E-10 3.7044E-10 3.8550E-10 4.0103E-10 4.1704E-10 4.3478E-10 4.5184E-10 4.6941E-10 4.8749E-10 5.0613E-10 5.2531E-10 5.4505E-10 5.6539E-10 5.8680E-10 6.0933E-10 6.3204E-10 6.5539E-10 6.7891E-10 7.0308E-10 7.2792E-10 7.5343E-10 7.7962E-10
0.0000E+00 0.0000E+00 0.0000E+00 0.0000E+00 0.0000E+00 1.7014E-12 4.2709E-12 9.1934E-12 1.4159E-11 2.1227E-11 2.9092E-11 4.1808E-11 5.3329E-11 6.9022E-11 8.2645E-11 1.0010E-10 1.1196E-10 1.2815E-10 1.4064E-10 1.5664E-10 1.6898E-10 1.8032E-10 1.9267E-10 2.0266E-10 2.1401E-10 2.2472E-10 2.3527E-10 2.4642E-10 2.5788E-10 2.6979E-10 2.8183E-10 2.9453E-10 3.0734E-10 3.2074E-10 3.3465E-10 3.4873E-10 3.6301E-10 3.7799E-10 3.9319E-10 4.0885E-10 4.2499E-10 4.4162E-10 4.5875E-10 4.7742E-10 4.9589E-10 5.1466E-10 5.3400E-10 5.5389E-10 5.7437E-10 5.9544E-10 6.1712E-10 6.3941E-10 6.6284E-10 6.8694E-10 7.1170E-10 7.3713E-10 7.6326E-10
0.0000E+00 0.0000E+00 0.0000E+00 0.0000E+00 0.0000E+00 0.0000E+00 2.5212E-12 6.0160E-12 1.1837E-11 1.9509E-11 2.6391E-11 4.0384E-11 4.9778E-11 6.5506E-11 7.9928E-11 9.6194E-11 1.0967E-10 1.2428E-10 1.3776E-10 1.5258E-10 1.6537E-10 1.7640E-10 1.8822E-10 1.9886E-10 2.0939E-10 2.2023E-10 2.3072E-10 2.4165E-10 2.5265E-10 2.6454E-10 2.7651E-10 2.8837E-10 3.0117E-10 3.1409E-10 3.2743E-10 3.4093E-10 3.5484E-10 3.7016E-10 3.8525E-10 4.0057E-10 4.1634E-10 4.3260E-10 4.4935E-10 4.6660E-10 4.8438E-10 5.0270E-10 5.2207E-10 5.4204E-10 5.6232E-10 5.8293E-10 6.0413E-10 6.2594E-10 6.4835E-10 6.7137E-10 6.9504E-10 7.1935E-10 7.4483E-10
0.0000E+00 0.0000E+00 0.0000E+00 0.0000E+00 0.0000E+00 0.0000E+00 1.7475E-12 5.5451E-12 9.8195E-12 1.6347E-11 2.3536E-11 3.5648E-11 4.6514E-11 6.1250E-11 7.4353E-11 9.2857E-11 1.0511E-10 1.2111E-10 1.3332E-10 1.4893E-10 1.6137E-10 1.7254E-10 1.8406E-10 1.9509E-10 2.0529E-10 2.1592E-10 2.2597E-10 2.3689E-10 2.4787E-10 2.5869E-10 2.7044E-10 2.8271E-10 2.9519E-10 3.0756E-10 3.2057E-10 3.3401E-10 3.4761E-10 3.6164E-10 3.7612E-10 3.9102E-10 4.0761E-10 4.2350E-10 4.3986E-10 4.5673E-10 4.7411E-10 4.9201E-10 5.1044E-10 5.2941E-10 5.4894E-10 5.6903E-10 5.9026E-10 6.1181E-10 6.3396E-10 6.5674E-10 6.7985E-10 7.0360E-10 7.2801E-10
0.0000E+00 0.0000E+00 0.0000E+00 0.0000E+00 0.0000E+00 0.0000E+00 1.7250E-12 4.3229E-12 9.2889E-12 1.4998E-11 2.1997E-11 3.3667E-11 4.3092E-11 5.7764E-11 7.1157E-11 8.8685E-11 1.0232E-10 1.1712E-10 1.2942E-10 1.4487E-10 1.5730E-10 1.6925E-10 1.7991E-10 1.9045E-10 2.0098E-10 2.1129E-10 2.2139E-10 2.3175E-10 2.4253E-10 2.5359E-10 2.6475E-10 2.7633E-10 2.8825E-10 3.0057E-10 3.1368E-10 3.2678E-10 3.4031E-10 3.5401E-10 3.6813E-10 3.8269E-10 3.9770E-10 4.1316E-10 4.2911E-10 4.4630E-10 4.6376E-10 4.8124E-10 4.9924E-10 5.1778E-10 5.3685E-10 5.5648E-10 5.7666E-10 5.9740E-10 6.1873E-10 6.4065E-10 6.6347E-10 6.8693E-10 7.1104E-10
0.0000E+00 0.0000E+00 0.0000E+00 0.0000E+00 0.0000E+00 0.0000E+00 1.7019E-12 3.5100E-12 8.7645E-12 1.3629E-11 2.0897E-11 3.0520E-11 4.0842E-11 5.5292E-11 6.8140E-11 8.4287E-11 9.7987E-11 1.1455E-10 1.2602E-10 1.4144E-10 1.5326E-10 1.6486E-10 1.7591E-10 1.8690E-10 1.9686E-10 2.0673E-10 2.1683E-10 2.2696E-10 2.3715E-10 2.4796E-10 2.5909E-10 2.7060E-10 2.8198E-10 2.9398E-10 3.0637E-10 3.1890E-10 3.3182E-10 3.4630E-10 3.6009E-10 3.7429E-10 3.8894E-10 4.0405E-10 4.1962E-10 4.3565E-10 4.5218E-10 4.6920E-10 4.8698E-10 5.0556E-10 5.2442E-10 5.4382E-10 5.6351E-10 5.8376E-10 6.0456E-10 6.2595E-10 6.4795E-10 6.7055E-10 6.9378E-10
0.0000E+00 0.0000E+00 0.0000E+00 0.0000E+00 0.0000E+00 0.0000E+00 0.0000E+00 1.7661E-12 5.1986E-12 1.1314E-11 1.9071E-11 2.5513E-11 3.8699E-11 5.0805E-11 6.4871E-11 8.0233E-11 9.5343E-11 1.0860E-10 1.2258E-10 1.3780E-10 1.4925E-10 1.6141E-10 1.7207E-10 1.8184E-10 1.9230E-10 2.0265E-10 2.1190E-10 2.2184E-10 2.3203E-10 2.4258E-10 2.5295E-10 2.6392E-10 2.7591E-10 2.8760E-10 2.9944E-10 3.1189E-10 3.2449E-10 3.3748E-10 3.5088E-10 3.6470E-10 3.7967E-10 3.9488E-10 4.1006E-10 4.2571E-10 4.4183E-10 4.5843E-10 4.7553E-10 4.9312E-10 5.1122E-10 5.2983E-10 5.4925E-10 5.6922E-10 5.8977E-10 6.1090E-10 6.3263E-10 6.5468E-10 6.7736E-10
0.0000E+00 0.0000E+00 0.0000E+00 0.0000E+00 0.0000E+00 0.0000E+00 0.0000E+00 1.7410E-12 4.3557E-12 8.9378E-12 1.5325E-11 2.1199E-11 3.3569E-11 4.3981E-11 5.9979E-11 7.3479E-11 8.9586E-11 1.0254E-10 1.1731E-10 1.2914E-10 1.4482E-10 1.5574E-10 1.6632E-10 1.7829E-10 1.8817E-10 1.9754E-10 2.0732E-10 2.1688E-10 2.2662E-10 2.3687E-10 2.4747E-10 2.5815E-10 2.6894E-10 2.8034E-10 2.9184E-10 3.0460E-10 3.1711E-10 3.2977E-10 3.4284E-10 3.5632E-10 3.7021E-10 3.8453E-10 3.9930E-10 4.1476E-10 4.3094E-10 4.4761E-10 4.6427E-10 4.8140E-10 4.9903E-10 5.1717E-10 5.3582E-10 5.5500E-10 5.7474E-10 5.9504E-10 6.1620E-10 6.3796E-10 6.6004E-10
0.0000E+00 0.0000E+00 0.0000E+00 0.0000E+00 0.0000E+00 0.0000E+00 0.0000E+00 1.7154E-12 3.5349E-12 8.4148E-12 1.3243E-11 2.0432E-11 3.1776E-11 4.0958E-11 5.5277E-11 6.7061E-11 8.4958E-11 9.7942E-11 1.1328E-10 1.2498E-10 1.3985E-10 1.5129E-10 1.6302E-10 1.7285E-10 1.8321E-10 1.9342E-10 2.0241E-10 2.1178E-10 2.2149E-10 2.3123E-10 2.4147E-10 2.5212E-10 2.6285E-10 2.7370E-10 2.8513E-10 2.9669E-10 3.0861E-10 3.2091E-10 3.3430E-10 3.4789E-10 3.6143E-10 3.7539E-10 3.8977E-10 4.0459E-10 4.1985E-10 4.3557E-10 4.5172E-10 4.6863E-10 4.8628E-10 5.0417E-10 5.2260E-10 5.4129E-10 5.6051E-10 5.8029E-10 6.0064E-10 6.2155E-10 6.4306E-10
0.0000E+00 0.0000E+00 0.0000E+00 0.0000E+00 0.0000E+00 0.0000E+00 0.0000E+00 0.0000E+00 1.7768E-12 6.9511E-12 1.1894E-11 1.8649E-11 2.8398E-11 3.9509E-11 5.2376E-11 6.5071E-11 8.1705E-11 9.3611E-11 1.0980E-10 1.2017E-10 1.3577E-10 1.4766E-10 1.5710E-10 1.6890E-10 1.7847E-10 1.8795E-10 1.9757E-10 2.0682E-10 2.1602E-10 2.2576E-10 2.3556E-10 2.4543E-10 2.5588E-10 2.6684E-10 2.7839E-10 2.8964E-10 3.0126E-10 3.1324E-10 3.2560E-10 3.3835E-10 3.5148E-10 3.6527E-10 3.7996E-10 3.9463E-10 4.0948E-10 4.2475E-10 4.4048E-10 4.5666E-10 4.7331E-10 4.9045E-10 5.0809E-10 5.2651E-10 5.4547E-10 5.6498E-10 5.8504E-10 6.0541E-10 6.2663E-10
0.0000E+00 0.0000E+00 0.0000E+00 0.0000E+00 0.0000E+00 0.0000E+00 0.0000E+00 0.0000E+00 1.7492E-12 4.3688E-12 8.8969E-12 1.4869E-11 2.4798E-11 3.6938E-11 4.7872E-11 6.1627E-11 7.6759E-11 9.1064E-11 1.0493E-10 1.1742E-10 1.3199E-10 1.4251E-10 1.5384E-10 1.6447E-10 1.7335E-10 1.8319E-10 1.9271E-10 2.0132E-10 2.1064E-10 2.2003E-10 2.2980E-10 2.3962E-10 2.4954E-10 2.6002E-10 2.7059E-10 2.8151E-10 2.9277E-10 3.0554E-10 3.1757E-10 3.2997E-10 3.4275E-10 3.5593E-10 3.6951E-10 3.8348E-10 3.9786E-10 4.1318E-10 4.2869E-10 4.4466E-10 4.6111E-10 4.7778E-10 4.9493E-10 5.1259E-10 5.3076E-10 5.4946E-10 5.6870E-10 5.8849E-10 6.0913E-10
0.0000E+00 0.0000E+00 0.0000E+00 0.0000E+00 0.0000E+00 0.0000E+00 0.0000E+00 0.0000E+00 1.7212E-12 3.5438E-12 8.3683E-12 1.3470E-11 1.9479E-11 3.1428E-11 4.0704E-11 5.6214E-11 7.1829E-11 8.6270E-11 1.0028E-10 1.1327E-10 1.2615E-10 1.3885E-10 1.4849E-10 1.5927E-10 1.6930E-10 1.7764E-10 1.8750E-10 1.9641E-10 2.0544E-10 2.1439E-10 2.2339E-10 2.3295E-10 2.4343E-10 2.5361E-10 2.6390E-10 2.7452E-10 2.8546E-10 2.9676E-10 3.0842E-10 3.2043E-10 3.3353E-10 3.4680E-10 3.5998E-10 3.7355E-10 3.8753E-10 4.0190E-10 4.1671E-10 4.3196E-10 4.4765E-10 4.6407E-10 4.8100E-10 4.9841E-10 5.1633E-10 5.3478E-10 5.5349E-10 5.7274E-10 5.9254E-10
0.0000E+00 0.0000E+00 0.0000E+00 0.0000E+00 0.0000E+00 0.0000E+00 0.0000E+00 0.0000E+00 0.0000E+00 1.7796E-12 7.8455E-12 1.1405E-11 1.8375E-11 2.8308E-11 3.8232E-11 5.2108E-11 6.3679E-11 8.1575E-11 9.3093E-11 1.0931E-10 1.2097E-10 1.3393E-10 1.4526E-10 1.5570E-10 1.6390E-10 1.7335E-10 1.8268E-10 1.9096E-10 1.9988E-10 2.0891E-10 2.1788E-10 2.2716E-10 2.3650E-10 2.4615E-10 2.5611E-10 2.6728E-10 2.7814E-10 2.8913E-10 3.0045E-10 3.1212E-10 3.2415E-10 3.3653E-10 3.4928E-10 3.6265E-10 3.7667E-10 3.9087E-10 4.0549E-10 4.2030E-10 4.3554E-10 4.5124E-10 4.6741E-10 4.8405E-10 5.0118E-10 5.1909E-10 5.3751E-10 5.5620E-10 5.7572E-10
0.0000E+00 0.0000E+00 0.0000E+00 0.0000E+00 0.0000E+00 0.0000E+00 0.0000E+00 0.0000E+00 0.0000E+00 1.7495E-12 4.3236E-12 8.3927E-12 1.3494E-11 2.4914E-11 3.5705E-11 4.8168E-11 6.0683E-11 7.4753E-11 8.8455E-11 1.0431E-10 1.1416E-10 1.2968E-10 1.4035E-10 1.4894E-10 1.6009E-10 1.6858E-10 1.7720E-10 1.8591E-10 1.9418E-10 2.0270E-10 2.1214E-10 2.2113E-10 2.3043E-10 2.3980E-10 2.4948E-10 2.5946E-10 2.6976E-10 2.8037E-10 2.9179E-10 3.0379E-10 3.1544E-10 3.2746E-10 3.3982E-10 3.5254E-10 3.6566E-10 3.7916E-10 3.9307E-10 4.0765E-10 4.2269E-10 4.3816E-10 4.5410E-10 4.7052E-10 4.8716E-10 5.0428E-10 5.2192E-10 5.4007E-10 5.5875E-10
0.0000E+00 0.0000E+00 0.0000E+00 0.0000E+00 0.0000E+00 0.0000E+00 0.0000E+00 0.0000E+00 0.0000E+00 1.7192E-12 3.5136E-12 7.8521E-12 1.2094E-11 1.9328E-11 3.0762E-11 4.2616E-11 5.5822E-11 7.0313E-11 8.4094E-11 9.9202E-11 1.1061E-10 1.2477E-10 1.3438E-10 1.4481E-10 1.5468E-10 1.6278E-10 1.7281E-10 1.8020E-10 1.8890E-10 1.9750E-10 2.0571E-10 2.1454E-10 2.2331E-10 2.3302E-10 2.4283E-10 2.5252E-10 2.6251E-10 2.7282E-10 2.8343E-10 2.9435E-10 3.0562E-10 3.1744E-10 3.2986E-10 3.4243E-10 3.5538E-10 3.6848E-10 3.8197E-10 3.9587E-10 4.1019E-10 4.2493E-10 4.4012E-10 4.5603E-10 4.7241E-10 4.8901E-10 5.0639E-10 5.2401E-10 5.4244E-10
0.0000E+00 0.0000E+00 0.0000E+00 0.0000E+00 0.0000E+00 0.0000E+00 0.0000E+00 0.0000E+00 0.0000E+00 0.0000E+00 1.7595E-12 5.2694E-12 1.0761E-11 1.7514E-11 2.7585E-11 3.7478E-11 5.0986E-11 6.3044E-11 7.9340E-11 9.4089E-11 1.0599E-10 1.1829E-10 1.3117E-10 1.3961E-10 1.4945E-10 1.5843E-10 1.6620E-10 1.7505E-10 1.8281E-10 1.9166E-10 2.0026E-10 2.0849E-10 2.1732E-10 2.2610E-10 2.3517E-10 2.4452E-10 2.5439E-10 2.6501E-10 2.7550E-10 2.8609E-10 2.9699E-10 3.0821E-10 3.1978E-10 3.3169E-10 3.4396E-10 3.5686E-10 3.7016E-10 3.8386E-10 3.9798E-10 4.1253E-10 4.2725E-10 4.4242E-10 4.5805E-10 4.7415E-10 4.9074E-10 5.0784E-10 5.2572E-10
