Assets/Resources/2015_m01_d04_0700(utc+0800)_l00_csi_1hr_conc.grd
DSAA
         159         159
     -79.000      79.000
     -79.000      79.000
  0.2496E-10  0.5347E-05
[rows 25 to 49 of 159, columns 57 to 113 of 159]
1.1404E-10 1.1580E-10 1.1756E-10 1.1933E-10 1.2110E-10 1.2289E-10 1.2468E-10 1.2647E-10 1.2827E-10 1.3008E-10 1.3189E-10 1.3370E-10 1.3552E-10 1.3964E-10 1.4593E-10 1.5660E-10 1.6020E-10 1.6820E-10 1.7180E-10 1.7653E-10 1.8620E-10 1.9729E-10 2.0238E-10 2.0815E-10 2.1410E-10 2.2023E-10 2.2654E-10 2.3302E-10 2.3967E-10 2.5579E-10 2.7297E-10 2.8171E-10 2.9066E-10 2.9983E-10 3.0874E-10 3.1831E-10 3.5026E-10 4.0004E-10 4.1420E-10 4.4760E-10 4.7293E-10 4.9984E-10 5.2560E-10 5.4221E-10 5.5869E-10 5.7454E-10 5.9057E-10 6.0584E-10 6.2116E-10 6.3557E-10 6.4990E-10 6.6319E-10 6.7627E-10 6.8820E-10 7.0013E-10 7.1047E-10 7.2071E-10
1.1561E-10 1.1738E-10 1.1917E-10 1.2096E-10 1.2276E-10 1.2457E-10 1.2639E-10 1.2821E-10 1.3003E-10 1.3186E-10 1.3370E-10 1.3554E-10 1.3969E-10 1.4676E-10 1.5733E-10 1.6046E-10 1.6857E-10 1.7225E-10 1.7708E-10 1.8743E-10 1.9824E-10 2.0399E-10 2.0993E-10 2.1558E-10 2.2241E-10 2.2847E-10 2.3520E-10 2.5144E-10 2.5935E-10 2.7722E-10 2.8592E-10 2.9534E-10 3.0502E-10 3.1493E-10 3.2506E-10 3.9810E-10 4.1318E-10 4.7978E-10 4.9746E-10 5.2365E-10 5.5211E-10 5.8088E-10 6.0359E-10 6.2246E-10 6.4064E-10 6.5894E-10 6.7640E-10 6.9382E-10 7.1025E-10 7.2648E-10 7.4157E-10 7.5666E-10 7.7015E-10 7.8351E-10 7.9513E-10 7.8577E-10 7.8671E-10
1.1717E-10 1.1898E-10 1.2079E-10 1.2260E-10 1.2443E-10 1.2626E-10 1.2810E-10 1.2995E-10 1.3180E-10 1.3365E-10 1.3551E-10 1.3970E-10 1.4681E-10 1.5744E-10 1.6063E-10 1.6883E-10 1.7309E-10 1.8298E-10 1.8802E-10 1.9902E-10 2.0492E-10 2.1104E-10 2.1736E-10 2.2391E-10 2.3067E-10 2.3764E-10 2.5440E-10 2.7187E-10 2.8070E-10 2.9029E-10 3.0019E-10 3.1036E-10 3.2080E-10 3.3105E-10 4.0977E-10 4.8003E-10 5.3281E-10 5.5379E-10 5.7495E-10 5.9580E-10 6.1714E-10 6.3844E-10 6.5919E-10 6.8018E-10 7.0088E-10 7.2077E-10 7.4063E-10 7.5950E-10 7.7851E-10 7.9603E-10 8.1352E-10 8.2936E-10 8.4500E-10 8.5886E-10 8.7239E-10 8.8401E-10 8.9441E-10
1.1874E-10 1.2057E-10 1.2240E-10 1.2425E-10 1.2610E-10 1.2795E-10 1.2982E-10 1.3169E-10 1.3356E-10 1.3544E-10 1.3965E-10 1.4679E-10 1.5747E-10 1.6123E-10 1.6897E-10 1.7331E-10 1.8331E-10 1.8895E-10 1.9961E-10 2.0615E-10 2.1194E-10 2.1893E-10 2.2519E-10 2.3264E-10 2.3938E-10 2.5661E-10 2.7463E-10 2.8431E-10 2.9433E-10 3.0421E-10 3.1488E-10 3.2586E-10 3.8058E-10 4.6010E-10 5.3463E-10 5.5737E-10 5.8046E-10 6.0340E-10 6.2700E-10 6.5073E-10 6.7405E-10 6.9777E-10 7.2135E-10 7.4425E-10 7.6725E-10 7.9015E-10 8.1176E-10 8.7565E-10 8.9723E-10 9.1863E-10 9.8061E-10 1.0009E-09 1.0624E-09 1.0803E-09 1.0957E-09 1.1101E-09 1.1219E-09
1.2032E-10 1.2217E-10 1.2403E-10 1.2589E-10 1.2777E-10 1.2965E-10 1.3154E-10 1.3343E-10 1.3533E-10 1.3956E-10 1.4671E-10 1.5740E-10 1.6121E-10 1.6900E-10 1.7391E-10 1.8349E-10 1.8924E-10 2.0002E-10 2.0670E-10 2.1312E-10 2.1980E-10 2.2672E-10 2.3390E-10 2.4085E-10 2.5900E-10 2.7704E-10 2.8710E-10 2.9753E-10 3.0832E-10 3.1947E-10 3.3096E-10 3.8854E-10 5.3292E-10 5.5726E-10 5.8213E-10 6.0703E-10 6.3278E-10 6.5885E-10 6.8514E-10 7.1112E-10 7.3759E-10 7.6397E-10 7.8976E-10 8.5877E-10 8.8586E-10 9.9917E-10 1.0511E-09 1.1449E-09 1.1750E-09 1.2247E-09 1.2519E-09 1.2763E-09 1.2994E-09 1.3418E-09 1.3379E-09 1.3531E-09 1.3665E-09
1.2189E-10 1.2377E-10 1.2565E-10 1.2754E-10 1.2944E-10 1.3135E-10 1.3326E-10 1.3518E-10 1.3942E-10 1.4656E-10 1.5724E-10 1.6109E-10 1.6892E-10 1.7389E-10 1.8353E-10 1.8936E-10 2.0074E-10 2.0705E-10 2.1361E-10 2.2045E-10 2.2754E-10 2.3491E-10 2.5179E-10 2.6061E-10 2.7955E-10 2.8997E-10 3.0079E-10 3.1201E-10 3.2317E-10 3.5277E-10 5.1073E-10 5.5335E-10 5.7980E-10 6.0648E-10 6.3420E-10 6.6246E-10 6.9114E-10 7.1973E-10 7.4901E-10 7.7842E-10 8.5072E-10 9.9240E-10 1.0958E-09 1.1776E-09 1.2855E-09 1.3491E-09 1.3895E-09 1.4271E-09 1.4634E-09 1.4973E-09 1.5279E-09 1.5565E-09 1.5814E-09 1.6040E-09 1.6234E-09 1.6387E-09 1.6289E-09
1.2347E-10 1.2537E-10 1.2728E-10 1.2919E-10 1.3112E-10 1.3305E-10 1.3499E-10 1.3923E-10 1.4563E-10 1.5343E-10 1.6088E-10 1.6872E-10 1.7375E-10 1.8341E-10 1.8933E-10 2.0078E-10 2.0720E-10 2.1437E-10 2.2086E-10 2.2860E-10 2.3567E-10 2.5329E-10 2.6189E-10 2.8122E-10 2.9198E-10 3.0317E-10 3.1480E-10 3.2687E-10 4.7721E-10 5.4519E-10 5.7341E-10 6.0162E-10 6.3109E-10 6.6131E-10 6.9175E-10 7.2321E-10 7.5516E-10 8.7511E-10 1.0006E-09 1.1318E-09 1.2682E-09 1.3198E-09 1.3714E-09 1.4219E-09 1.4704E-09 1.5180E-09 1.5628E-09 1.6062E-09 1.6471E-09 1.6845E-09 1.7197E-09 1.7517E-09 1.7801E-09 1.8056E-09 1.8268E-09 1.8441E-09 1.8575E-09
1.2505E-10 1.2697E-10 1.2890E-10 1.3085E-10 1.3280E-10 1.3475E-10 1.3899E-10 1.4447E-10 1.5314E-10 1.6057E-10 1.6841E-10 1.7349E-10 1.7824E-10 1.8914E-10 2.0111E-10 2.0714E-10 2.1443E-10 2.2105E-10 2.2893E-10 2.3663E-10 2.5401E-10 2.6330E-10 2.8295E-10 2.9356E-10 3.0556E-10 3.1713E-10 3.7852E-10 4.9068E-10 5.6260E-10 5.9249E-10 6.2340E-10 6.5530E-10 6.8767E-10 7.2131E-10 8.0146E-10 9.6863E-10 1.0617E-09 1.2444E-09 1.3045E-09 1.3640E-09 1.4240E-09 1.4835E-09 1.6388E-09 1.6974E-09 1.7540E-09 1.8075E-09 1.8592E-09 1.9079E-09 1.9533E-09 1.8964E-09 1.9370E-09 1.9720E-09 2.0042E-09 2.0317E-09 2.0549E-09 2.0737E-09 2.0874E-09
1.2663E-10 1.2858E-10 1.3053E-10 1.3250E-10 1.3447E-10 1.3808E-10 1.4416E-10 1.5014E-10 1.6018E-10 1.6798E-10 1.7310E-10 1.7790E-10 1.8879E-10 2.0077E-10 2.0688E-10 2.1427E-10 2.2148E-10 2.2901E-10 2.3686E-10 2.5441E-10 2.6390E-10 2.8381E-10 2.9517E-10 3.0705E-10 3.6801E-10 4.3501E-10 5.3188E-10 5.7923E-10 6.1081E-10 6.4405E-10 6.7845E-10 7.3695E-10 8.2001E-10 1.0150E-09 1.1333E-09 1.3575E-09 1.4285E-09 1.4993E-09 1.6694E-09 1.7440E-09 1.8168E-09 1.8891E-09 1.9595E-09 2.0277E-09 2.0925E-09 2.1549E-09 2.2138E-09 2.2694E-09 2.3201E-09 2.3667E-09 2.4073E-09 2.4440E-09 2.4748E-09 2.4994E-09 2.5190E-09 2.5329E-09 2.3455E-09
1.2821E-10 1.3018E-10 1.3216E-10 1.3415E-10 1.3615E-10 1.4378E-10 1.4975E-10 1.5916E-10 1.6745E-10 1.7260E-10 1.7743E-10 1.8828E-10 2.0024E-10 2.0641E-10 2.1389E-10 2.2119E-10 2.2884E-10 2.3682E-10 2.5447E-10 2.6461E-10 2.8426E-10 2.9634E-10 3.0805E-10 4.2301E-10 4.4465E-10 5.4410E-10 5.9380E-10 6.2844E-10 6.6422E-10 7.2427E-10 8.3269E-10 1.1038E-09 1.1908E-09 1.3696E-09 1.5485E-09 1.6325E-09 1.7179E-09 1.8037E-09 1.8893E-09 1.9735E-09 2.0574E-09 2.1396E-09 2.2190E-09 2.2971E-09 2.3707E-09 2.4425E-09 2.5089E-09 2.5708E-09 2.6283E-09 2.6799E-09 2.7252E-09 2.7652E-09 2.7989E-09 2.8257E-09 2.8471E-09 2.8609E-09 2.8685E-09
1.2979E-10 1.3179E-10 1.3379E-10 1.3581E-10 1.4076E-10 1.4873E-10 1.5859E-10 1.6325E-10 1.7198E-10 1.7684E-10 1.8762E-10 1.9952E-10 2.0624E-10 2.1329E-10 2.2068E-10 2.2842E-10 2.3698E-10 2.5421E-10 2.6452E-10 2.8428E-10 2.9660E-10 4.0803E-10 4.3047E-10 4.7025E-10 5.5551E-10 6.0695E-10 6.4416E-10 7.0586E-10 8.1570E-10 1.0514E-09 1.2799E-09 1.4682E-09 1.5590E-09 1.6527E-09 1.7481E-09 1.8447E-09 1.9415E-09 2.0392E-09 2.1368E-09 2.2336E-09 2.3282E-09 2.4224E-09 2.5132E-09 2.6016E-09 2.6862E-09 2.7653E-09 2.8409E-09 2.9105E-09 2.9738E-09 3.0320E-09 3.0826E-09 3.1273E-09 3.1637E-09 3.1934E-09 3.2158E-09 3.2298E-09 3.2378E-09
1.3137E-10 1.3339E-10 1.3542E-10 1.4034E-10 1.4821E-10 1.5436E-10 1.6260E-10 1.7125E-10 1.7613E-10 1.8681E-10 1.9320E-10 2.0538E-10 2.1249E-10 2.2041E-10 2.2775E-10 2.3641E-10 2.5362E-10 2.6407E-10 2.8435E-10 3.4438E-10 4.1399E-10 4.3678E-10 4.6092E-10 5.6519E-10 6.1884E-10 6.8132E-10 8.6741E-10 9.9015E-10 1.2634E-09 1.4536E-09 1.5521E-09 1.6537E-09 1.7581E-09 1.8642E-09 1.9729E-09 2.0831E-09 2.1941E-09 2.3054E-09 2.4156E-09 2.5264E-09 2.6346E-09 2.7413E-09 2.8448E-09 2.9442E-09 3.0392E-09 3.1292E-09 3.2136E-09 3.2919E-09 3.3635E-09 3.4278E-09 3.4840E-09 3.5336E-09 3.5736E-09 3.6067E-09 3.6295E-09 3.6452E-09 3.6514E-09
1.3295E-10 1.3500E-10 1.3932E-10 1.4489E-10 1.5371E-10 1.6185E-10 1.7041E-10 1.7480E-10 1.8585E-10 1.9227E-10 2.0433E-10 2.1147E-10 2.1944E-10 2.2684E-10 2.3557E-10 2.4423E-10 2.6328E-10 2.8354E-10 3.9641E-10 4.1895E-10 4.4270E-10 4.9492E-10 5.7376E-10 6.5171E-10 8.1612E-10 9.1817E-10 1.2109E-09 1.3428E-09 1.5258E-09 1.6339E-09 1.7472E-09 1.8622E-09 1.9811E-09 2.1026E-09 2.2256E-09 2.3516E-09 2.4771E-09 2.6043E-09 2.7303E-09 2.8557E-09 2.9791E-09 3.0992E-09 3.2163E-09 3.3281E-09 3.4359E-09 3.5368E-09 3.6323E-09 3.7196E-09 3.7996E-09 3.8717E-09 3.9349E-09 3.9890E-09 4.0343E-09 4.0691E-09 4.0940E-09 4.1096E-09 4.1883E-09
1.3453E-10 1.3660E-10 1.4431E-10 1.5043E-10 1.6102E-10 1.6947E-10 1.7386E-10 1.7948E-10 1.9118E-10 2.0310E-10 2.1026E-10 2.1825E-10 2.2569E-10 2.3448E-10 2.4320E-10 2.6214E-10 3.7780E-10 3.9951E-10 4.2343E-10 4.4777E-10 5.0162E-10 5.8129E-10 7.6013E-10 8.6028E-10 1.0702E-09 1.2796E-09 1.3988E-09 1.5940E-09 1.7127E-09 1.8364E-09 1.9646E-09 2.0965E-09 2.2308E-09 2.3689E-09 2.5095E-09 2.6524E-09 2.7950E-09 2.9397E-09 3.0830E-09 3.2244E-09 3.3640E-09 3.4993E-09 3.6316E-09 3.7577E-09 3.8792E-09 3.9928E-09 4.1002E-09 4.1981E-09 4.2886E-09 4.3680E-09 4.4388E-09 4.4983E-09 4.5477E-09 4.5851E-09 4.6112E-09 4.6988E-09 4.8075E-09
1.3610E-10 1.4113E-10 1.4972E-10 1.6010E-10 1.6391E-10 1.7281E-10 1.7843E-10 1.8995E-10 2.0122E-10 2.0886E-10 2.1686E-10 2.2432E-10 2.3314E-10 2.4191E-10 3.0406E-10 3.7920E-10 4.0165E-10 4.2644E-10 4.5177E-10 5.3387E-10 7.0584E-10 7.9783E-10 1.0028E-09 1.1257E-09 1.3241E-09 1.5360E-09 1.6580E-09 1.7876E-09 1.9216E-09 2.0618E-09 2.2072E-09 2.3571E-09 2.5106E-09 2.6672E-09 2.8265E-09 2.9889E-09 3.1516E-09 3.3134E-09 3.4756E-09 3.6354E-09 3.7931E-09 3.9459E-09 4.0950E-09 4.2372E-09 4.3740E-09 4.5016E-09 4.6223E-09 4.7326E-09 4.8335E-09 4.9226E-09 5.0008E-09 5.0655E-09 5.1191E-09 5.1585E-09 5.2578E-09 5.3762E-09 5.4370E-09
1.4053E-10 1.4751E-10 1.5511E-10 1.6290E-10 1.7167E-10 1.7726E-10 1.8857E-10 1.9431E-10 2.0728E-10 2.1527E-10 2.2273E-10 2.3156E-10 2.7979E-10 3.4911E-10 3.7066E-10 4.0279E-10 4.2837E-10 4.7879E-10 5.3736E-10 7.1673E-10 9.3014E-10 1.0498E-09 1.1787E-09 1.3852E-09 1.5860E-09 1.7178E-09 1.8568E-09 2.0025E-09 2.1549E-09 2.3129E-09 2.4781E-09 2.6471E-09 2.8220E-09 2.9992E-09 3.1806E-09 3.3628E-09 3.5467E-09 3.7301E-09 3.9131E-09 4.0930E-09 4.2707E-09 4.4429E-09 4.6109E-09 4.7708E-09 4.9246E-09 5.0694E-09 5.2034E-09 5.3266E-09 5.4388E-09 5.5376E-09 5.6232E-09 5.6949E-09 5.7530E-09 5.7973E-09 5.9970E-09 6.0730E-09 6.1749E-09
1.4228E-10 1.5112E-10 1.6182E-10 1.7042E-10 1.7599E-10 1.8179E-10 1.9278E-10 2.0552E-10 2.1349E-10 2.2093E-10 2.6503E-10 3.2027E-10 3.3943E-10 3.7046E-10 4.0289E-10 4.2917E-10 4.7995E-10 6.3474E-10 7.2560E-10 9.4693E-10 1.0723E-09 1.2479E-09 1.4219E-09 1.6304E-09 1.7708E-09 1.9197E-09 2.0766E-09 2.2413E-09 2.4133E-09 2.5924E-09 2.7788E-09 2.9703E-09 3.1677E-09 3.3689E-09 3.5728E-09 3.7784E-09 3.9852E-09 4.1920E-09 4.3981E-09 4.6006E-09 4.8007E-09 4.9944E-09 5.1833E-09 5.3644E-09 5.5358E-09 5.6976E-09 5.8474E-09 5.9854E-09 6.1084E-09 6.2185E-09 6.3128E-09 6.3934E-09 6.4550E-09 6.5956E-09 6.7617E-09 6.8450E-09 7.0008E-09
1.5024E-10 1.5711E-10 1.6561E-10 1.7461E-10 1.7942E-10 1.9113E-10 2.0361E-10 2.1153E-10 2.1894E-10 3.0059E-10 3.1870E-10 3.3820E-10 3.6931E-10 4.0237E-10 4.2881E-10 4.7971E-10 6.3868E-10 8.2600E-10 9.4315E-10 1.0901E-09 1.2714E-09 1.4519E-09 1.6684E-09 1.8180E-09 1.9754E-09 2.1438E-09 2.3199E-09 2.5063E-09 2.6994E-09 2.9017E-09 3.1121E-09 3.3284E-09 3.5499E-09 3.7767E-09 4.0056E-09 4.2376E-09 4.4708E-09 4.7028E-09 4.9347E-09 5.1623E-09 5.3871E-09 5.6060E-09 5.8168E-09 6.0194E-09 6.2110E-09 6.3916E-09 6.5577E-09 6.7111E-09 6.8483E-09 6.9713E-09 7.1147E-09 7.1995E-09 7.3483E-09 7.5039E-09 7.6109E-09 7.7019E-09 7.9164E-09
1.5341E-10 1.6434E-10 1.7217E-10 1.7792E-10 1.8936E-10 1.9627E-10 2.0894E-10 2.4750E-10 2.9809E-10 3.1638E-10 3.3614E-10 3.6722E-10 4.0033E-10 4.2727E-10 5.0126E-10 6.4030E-10 8.1533E-10 9.5269E-10 1.1031E-09 1.2897E-09 1.4755E-09 1.6997E-09 1.8566E-09 2.0240E-09 2.2019E-09 2.3903E-09 2.5891E-09 2.7985E-09 3.0164E-09 3.2436E-09 3.4789E-09 3.7219E-09 3.9708E-09 4.2255E-09 4.4830E-09 4.7438E-09 5.0058E-09 5.2662E-09 5.5264E-09 5.7824E-09 6.0340E-09 6.2789E-09 6.5146E-09 6.7408E-09 6.9538E-09 7.1549E-09 7.3932E-09 7.5645E-09 7.7166E-09 7.8486E-09 7.9606E-09 8.1392E-09 8.3450E-09 8.4786E-09 8.5952E-09 8.7124E-09 8.9639E-09
1.6201E-10 1.6710E-10 1.7634E-10 1.8230E-10 1.9431E-10 2.0620E-10 2.4129E-10 2.9495E-10 3.1334E-10 3.3326E-10 3.5524E-10 3.8850E-10 4.3203E-10 5.9031E-10 6.6135E-10 8.1854E-10 9.5846E-10 1.1112E-09 1.3016E-09 1.4921E-09 1.7220E-09 1.8865E-09 2.0625E-09 2.2504E-09 2.4500E-09 2.6613E-09 2.8849E-09 3.1194E-09 3.3652E-09 3.6194E-09 3.8830E-09 4.1539E-09 4.4334E-09 4.7187E-09 5.0073E-09 5.3000E-09 5.5938E-09 5.8853E-09 6.1771E-09 6.4633E-09 6.7444E-09 7.0176E-09 7.3432E-09 7.5966E-09 7.8354E-09 8.0608E-09 8.3188E-09 8.5048E-09 8.6703E-09 8.8141E-09 8.9352E-09 9.2467E-09 9.4114E-09 9.5589E-09 9.6828E-09 9.8229E-09 1.0077E-08
1.6566E-10 1.7466E-10 1.8056E-10 1.9224E-10 1.9843E-10 2.3273E-10 2.8839E-10 3.0913E-10 3.2959E-10 3.5170E-10 3.8429E-10 4.2350E-10 5.8576E-10 6.3630E-10 8.1816E-10 9.5942E-10 1.0970E-09 1.2665E-09 1.5012E-09 1.7364E-09 1.9069E-09 2.0916E-09 2.2880E-09 2.4990E-09 2.7217E-09 2.9590E-09 3.2095E-09 3.4718E-09 3.7459E-09 4.0303E-09 4.3252E-09 4.6279E-09 4.9400E-09 5.2590E-09 5.5823E-09 5.9089E-09 6.2373E-09 6.5645E-09 6.8891E-09 7.2809E-09 7.5956E-09 7.9023E-09 8.2613E-09 8.5452E-09 8.8117E-09 9.0588E-09 9.3355E-09 9.5941E-09 9.7739E-09 9.9284E-09 1.0175E-08 1.0458E-08 1.0600E-08 1.0760E-08 1.0888E-08 1.1085E-08 1.1331E-08
1.6934E-10 1.7825E-10 1.8390E-10 1.9618E-10 2.2227E-10 2.7924E-10 3.0473E-10 3.2516E-10 3.4730E-10 3.7953E-10 4.0843E-10 5.7213E-10 6.3066E-10 8.1413E-10 9.3921E-10 1.0953E-09 1.2671E-09 1.5027E-09 1.7411E-09 1.9173E-09 2.1092E-09 2.3138E-09 2.5347E-09 2.7702E-09 3.0196E-09 3.2848E-09 3.5636E-09 3.8564E-09 4.1609E-09 4.4788E-09 4.8077E-09 5.1467E-09 5.4932E-09 5.8489E-09 6.2100E-09 6.5737E-09 6.9478E-09 7.3982E-09 7.7765E-09 8.2121E-09 8.5658E-09 8.9098E-09 9.3048E-09 9.6879E-09 9.9820E-09 1.0254E-08 1.0503E-08 1.0777E-08 1.0958E-08 1.1226E-08 1.1542E-08 1.1745E-08 1.1922E-08 1.2090E-08 1.2217E-08 1.2510E-08 1.2699E-08
1.7589E-10 1.8194E-10 1.9383E-10 2.1497E-10 2.6803E-10 2.9971E-10 3.2002E-10 3.4209E-10 3.6516E-10 4.0095E-10 5.5329E-10 6.2264E-10 8.0647E-10 9.3210E-10 1.0883E-09 1.2607E-09 1.4965E-09 1.7365E-09 1.9176E-09 2.1154E-09 2.3282E-09 2.5569E-09 2.8027E-09 3.0646E-09 3.3437E-09 3.6383E-09 3.9482E-09 4.2739E-09 4.6129E-09 4.9665E-09 5.3326E-09 5.7099E-09 6.1071E-09 6.5180E-09 6.9210E-09 7.4038E-09 7.8997E-09 8.3218E-09 8.8151E-09 9.2224E-09 9.7007E-09 1.0086E-08 1.0453E-08 1.0870E-08 1.1195E-08 1.1495E-08 1.1817E-08 1.2058E-08 1.2348E-08 1.2679E-08 1.2951E-08 1.3198E-08 1.3410E-08 1.3556E-08 1.3739E-08 1.3998E-08 1.4181E-08
1.7990E-10 1.8616E-10 2.0171E-10 2.5337E-10 2.9414E-10 3.1423E-10 3.3567E-10 3.5906E-10 3.9425E-10 5.3312E-10 6.1028E-10 7.9527E-10 9.2065E-10 1.0759E-09 1.2313E-09 1.4620E-09 1.6839E-09 1.9084E-09 2.1103E-09 2.3290E-09 2.5652E-09 2.8200E-09 3.0933E-09 3.3842E-09 3.6933E-09 4.0199E-09 4.3645E-09 4.7261E-09 5.1034E-09 5.4951E-09 5.9014E-09 6.4191E-09 6.8561E-09 7.3036E-09 7.8366E-09 8.3858E-09 8.8617E-09 9.4282E-09 9.9066E-09 1.0452E-08 1.0901E-08 1.1330E-08 1.1737E-08 1.2187E-08 1.2537E-08 1.2861E-08 1.3158E-08 1.3421E-08 1.3802E-08 1.4234E-08 1.4537E-08 1.4804E-08 1.5023E-08 1.5145E-08 1.5382E-08 1.5638E-08 1.5993E-08
1.8300E-10 1.9503E-10 2.3509E-10 2.8716E-10 3.0785E-10 3.2856E-10 3.5217E-10 3.7789E-10 4.1580E-10 5.8816E-10 7.8067E-10 9.0499E-10 1.0212E-09 1.1724E-09 1.4027E-09 1.6228E-09 1.8882E-09 2.0936E-09 2.3179E-09 2.5594E-09 2.8217E-09 3.1047E-09 3.4066E-09 3.7282E-09 4.0704E-09 4.4320E-09 4.8136E-09 5.2689E-09 5.6936E-09 6.1681E-09 6.6291E-09 7.1811E-09 7.6761E-09 8.2004E-09 8.8312E-09 9.3672E-09 1.0090E-08 1.0639E-08 1.1172E-08 1.1772E-08 1.2266E-08 1.2741E-08 1.3191E-08 1.3614E-08 1.4006E-08 1.4364E-08 1.4685E-08 1.5112E-08 1.5591E-08 1.5932E-08 1.6238E-08 1.6522E-08 1.6745E-08 1.6904E-08 1.7184E-08 1.7506E-08 1.8043E-08
