Assets/Resources/2015_m01_d17_1100(utc+0800)_l00_csi_1hr_conc.grd
DSAA
         159         159
     -79.000      79.000
     -79.000      79.000
  0.0000E+00  0.4391E-06
[rows 50 to 74 of 159, columns 57 to 113 of 159]
3.6353E-08 3.5727E-08 3.4756E-08 3.3501E-08 3.2016E-08 3.0347E-08 2.8552E-08 2.6681E-08 2.4770E-08 2.2910E-08 2.1124E-08 1.9392E-08 1.7796E-08 1.6315E-08 1.4930E-08 1.3692E-08 1.2555E-08 1.1501E-08 1.0574E-08 9.7054E-09 8.8637E-09 8.1862E-09 7.5817E-09 7.0218E-09 6.4859E-09 5.9908E-09 5.5027E-09 5.0529E-09 4.6432E-09 4.2520E-09 3.9101E-09 3.6144E-09 3.3487E-09 3.0859E-09 2.8476E-09 2.6219E-09 2.4080E-09 2.2041E-09 2.0121E-09 1.8322E-09 1.6658E-09 1.5106E-09 1.3661E-09 1.2322E-09 1.1098E-09 9.9411E-10 8.8811E-10 7.9384E-10 7.1097E-10 6.2850E-10 5.5730E-10 4.9304E-10 4.3473E-10 3.8171E-10 3.3358E-10 2.9126E-10 2.5298E-10
4.0413E-08 3.9608E-08 3.8394E-08 3.6854E-08 3.5042E-08 3.3057E-08 3.0928E-08 2.8739E-08 2.6530E-08 2.4349E-08 2.2286E-08 2.0330E-08 1.8492E-08 1.6833E-08 1.5300E-08 1.3919E-08 1.2686E-08 1.1559E-08 1.0552E-08 9.6545E-09 8.7969E-09 8.0453E-09 7.4299E-09 6.8603E-09 6.3143E-09 5.8132E-09 5.3224E-09 4.8716E-09 4.4648E-09 4.0775E-09 3.7475E-09 3.4504E-09 3.1828E-09 2.9380E-09 2.7092E-09 2.4927E-09 2.2877E-09 2.0925E-09 1.9200E-09 1.7369E-09 1.5780E-09 1.4301E-09 1.2995E-09 1.1635E-09 1.0465E-09 9.3800E-10 8.4213E-10 7.4877E-10 6.6667E-10 5.9209E-10 5.2577E-10 4.6394E-10 4.0884E-10 3.5865E-10 3.1344E-10 2.7344E-10 2.3579E-10
4.4810E-08 4.3798E-08 4.2320E-08 4.0458E-08 3.8280E-08 3.5912E-08 3.3430E-08 3.0883E-08 2.8353E-08 2.5870E-08 2.3483E-08 2.1275E-08 1.9205E-08 1.7329E-08 1.5642E-08 1.4116E-08 1.2776E-08 1.1578E-08 1.0505E-08 9.5638E-09 8.6928E-09 7.8970E-09 7.2491E-09 6.6731E-09 6.1254E-09 5.6216E-09 5.1293E-09 4.6798E-09 4.2796E-09 3.8975E-09 3.5772E-09 3.2846E-09 3.0260E-09 2.7896E-09 2.5704E-09 2.3634E-09 2.1675E-09 1.9811E-09 1.8060E-09 1.6420E-09 1.4907E-09 1.3494E-09 1.2176E-09 1.0956E-09 9.8460E-10 8.8263E-10 7.8819E-10 7.0392E-10 6.2688E-10 5.5629E-10 4.9270E-10 4.3677E-10 3.8338E-10 3.3602E-10 2.9386E-10 2.5576E-10 2.1903E-10
4.9420E-08 4.8199E-08 4.6428E-08 4.4214E-08 4.1646E-08 3.8854E-08 3.5992E-08 3.3068E-08 3.0169E-08 2.7376E-08 2.4679E-08 2.2177E-08 1.9884E-08 1.7786E-08 1.5930E-08 1.4275E-08 1.2822E-08 1.1549E-08 1.0421E-08 9.4303E-09 8.5392E-09 7.7275E-09 7.0386E-09 6.4600E-09 5.9136E-09 5.4130E-09 4.9245E-09 4.4791E-09 4.0873E-09 3.7131E-09 3.4033E-09 3.1191E-09 2.8723E-09 2.6414E-09 2.4320E-09 2.2346E-09 2.0479E-09 1.8704E-09 1.7040E-09 1.5474E-09 1.4028E-09 1.2728E-09 1.1448E-09 1.0290E-09 9.2504E-10 8.3326E-10 7.3935E-10 6.5954E-10 5.8656E-10 5.2398E-10 4.6137E-10 4.0739E-10 3.5850E-10 3.1554E-10 2.7430E-10 2.3714E-10 2.0265E-10
5.4114E-08 5.2619E-08 5.0565E-08 4.8034E-08 4.5057E-08 4.1848E-08 3.8515E-08 3.5208E-08 3.1931E-08 2.8782E-08 2.5794E-08 2.2996E-08 2.0465E-08 1.8178E-08 1.6150E-08 1.4373E-08 1.2815E-08 1.1467E-08 1.0288E-08 9.2557E-09 8.3396E-09 7.5220E-09 6.8085E-09 6.2224E-09 5.6797E-09 5.1858E-09 4.7057E-09 4.2666E-09 3.8875E-09 3.5256E-09 3.2257E-09 2.9521E-09 2.7112E-09 2.4939E-09 2.2947E-09 2.1070E-09 1.9294E-09 1.7610E-09 1.6016E-09 1.4533E-09 1.3164E-09 1.1899E-09 1.0730E-09 9.6463E-10 8.6619E-10 7.7494E-10 6.9182E-10 6.1660E-10 5.4832E-10 4.8698E-10 4.3083E-10 3.8015E-10 3.3428E-10 2.9270E-10 2.5553E-10 2.1900E-10 1.8573E-10
5.8797E-08 5.7072E-08 5.4602E-08 5.1706E-08 4.8363E-08 4.4692E-08 4.0913E-08 3.7174E-08 3.3522E-08 3.0023E-08 2.6733E-08 2.3684E-08 2.0927E-08 1.8465E-08 1.6287E-08 1.4393E-08 1.2748E-08 1.1328E-08 1.0102E-08 9.0369E-09 8.0958E-09 7.2744E-09 6.5526E-09 5.9595E-09 5.4279E-09 4.9434E-09 4.4779E-09 4.0484E-09 3.6825E-09 3.3351E-09 3.0470E-09 2.7851E-09 2.5547E-09 2.3479E-09 2.1589E-09 1.9810E-09 1.8112E-09 1.6510E-09 1.5012E-09 1.3608E-09 1.2335E-09 1.1137E-09 1.0037E-09 9.0136E-10 8.0994E-10 7.2324E-10 6.4553E-10 5.7500E-10 5.1379E-10 4.5368E-10 4.0114E-10 3.5378E-10 3.1226E-10 2.7185E-10 2.3545E-10 2.0023E-10 1.6925E-10
6.3443E-08 6.1325E-08 5.8517E-08 5.5095E-08 5.1369E-08 4.7299E-08 4.3058E-08 3.8858E-08 3.4857E-08 3.1042E-08 2.7469E-08 2.4185E-08 2.1227E-08 1.8614E-08 1.6315E-08 1.4318E-08 1.2602E-08 1.1125E-08 9.8614E-09 8.7712E-09 7.8121E-09 6.9894E-09 6.2691E-09 5.6743E-09 5.1554E-09 4.6865E-09 4.2391E-09 3.8258E-09 3.4755E-09 3.1435E-09 2.8685E-09 2.6175E-09 2.3995E-09 2.2038E-09 2.0238E-09 1.8549E-09 1.6948E-09 1.5446E-09 1.4034E-09 1.2716E-09 1.1504E-09 1.0393E-09 9.3574E-10 8.3990E-10 7.5336E-10 6.7337E-10 5.9977E-10 5.3393E-10 4.7519E-10 4.2149E-10 3.7240E-10 3.2828E-10 2.8787E-10 2.5146E-10 2.1632E-10 1.8344E-10 1.5400E-10
6.7770E-08 6.5237E-08 6.1983E-08 5.8147E-08 5.3881E-08 4.9447E-08 4.4867E-08 4.0258E-08 3.5874E-08 3.1784E-08 2.7972E-08 2.4481E-08 2.1349E-08 1.8592E-08 1.6200E-08 1.4127E-08 1.2358E-08 1.0843E-08 9.5563E-09 8.4550E-09 7.4910E-09 6.6694E-09 5.9617E-09 5.3737E-09 4.8699E-09 4.4190E-09 3.9927E-09 3.6001E-09 3.2662E-09 2.9518E-09 2.6901E-09 2.4506E-09 2.2448E-09 2.0596E-09 1.8908E-09 1.7320E-09 1.5817E-09 1.4405E-09 1.3086E-09 1.1844E-09 1.0712E-09 9.6699E-10 8.6978E-10 7.8339E-10 6.9907E-10 6.2467E-10 5.5638E-10 4.9521E-10 4.4018E-10 3.9042E-10 3.4474E-10 3.0434E-10 2.6598E-10 2.3054E-10 1.9656E-10 1.6646E-10 1.3764E-10
7.1528E-08 6.8567E-08 6.4826E-08 6.0508E-08 5.5735E-08 5.0946E-08 4.6062E-08 4.1213E-08 3.6538E-08 3.2219E-08 2.8213E-08 2.4559E-08 2.1291E-08 1.8415E-08 1.5936E-08 1.3808E-08 1.2006E-08 1.0473E-08 9.1783E-09 8.0818E-09 7.1212E-09 6.3124E-09 5.6230E-09 5.0515E-09 4.5708E-09 4.1419E-09 3.7388E-09 3.3678E-09 3.0554E-09 2.7606E-09 2.5119E-09 2.2861E-09 2.0926E-09 1.9188E-09 1.7614E-09 1.6128E-09 1.4719E-09 1.3393E-09 1.2160E-09 1.1000E-09 9.9422E-10 8.9697E-10 8.0605E-10 7.2320E-10 6.4702E-10 5.7803E-10 5.1375E-10 4.5772E-10 4.0711E-10 3.6068E-10 3.1818E-10 2.7996E-10 2.4491E-10 2.1090E-10 1.7852E-10 1.4944E-10 1.2479E-10
7.4541E-08 7.1108E-08 6.6838E-08 6.2035E-08 5.6889E-08 5.1558E-08 4.6499E-08 4.1474E-08 3.6683E-08 3.2217E-08 2.8109E-08 2.4362E-08 2.1019E-08 1.8078E-08 1.5547E-08 1.3383E-08 1.1562E-08 1.0027E-08 8.7380E-09 7.6591E-09 6.7109E-09 5.9204E-09 5.2558E-09 4.7101E-09 4.2583E-09 3.8481E-09 3.4731E-09 3.1300E-09 2.8412E-09 2.5679E-09 2.3353E-09 2.1246E-09 1.9444E-09 1.7831E-09 1.6354E-09 1.4962E-09 1.3644E-09 1.2414E-09 1.1261E-09 1.0182E-09 9.2009E-10 8.2960E-10 7.4473E-10 6.6791E-10 5.9735E-10 5.3249E-10 4.7636E-10 4.2229E-10 3.7502E-10 3.3176E-10 2.9289E-10 2.5734E-10 2.2204E-10 1.8900E-10 1.6026E-10 1.3249E-10 1.0942E-10
7.7044E-08 7.3065E-08 6.8210E-08 6.2840E-08 5.7215E-08 5.1593E-08 4.6051E-08 4.0957E-08 3.6113E-08 3.1635E-08 2.7541E-08 2.3806E-08 2.0471E-08 1.7540E-08 1.5015E-08 1.2859E-08 1.1045E-08 9.5247E-09 8.2553E-09 7.2003E-09 6.2984E-09 5.5107E-09 4.8709E-09 4.3539E-09 3.9318E-09 3.5519E-09 3.2028E-09 2.8864E-09 2.6249E-09 2.3759E-09 2.1616E-09 1.9685E-09 1.8003E-09 1.6508E-09 1.5132E-09 1.3831E-09 1.2603E-09 1.1461E-09 1.0392E-09 9.3957E-10 8.4867E-10 7.6473E-10 6.8611E-10 6.1402E-10 5.4995E-10 4.8974E-10 4.3564E-10 3.8810E-10 3.4447E-10 3.0459E-10 2.6873E-10 2.3427E-10 2.0218E-10 1.6931E-10 1.4136E-10 1.1605E-10 9.4745E-11
7.9234E-08 7.4658E-08 6.9205E-08 6.3188E-08 5.7040E-08 5.1013E-08 4.5231E-08 3.9838E-08 3.4943E-08 3.0508E-08 2.6495E-08 2.2872E-08 1.9625E-08 1.6771E-08 1.4313E-08 1.2220E-08 1.0456E-08 8.9793E-09 7.7507E-09 6.7306E-09 5.8646E-09 5.1436E-09 4.4860E-09 3.9982E-09 3.6084E-09 3.2578E-09 2.9440E-09 2.6532E-09 2.4089E-09 2.1863E-09 1.9909E-09 1.8164E-09 1.6611E-09 1.5229E-09 1.3950E-09 1.2738E-09 1.1603E-09 1.0544E-09 9.5492E-10 8.6328E-10 7.8023E-10 7.0211E-10 6.2972E-10 5.6393E-10 5.0349E-10 4.4813E-10 3.9964E-10 3.5574E-10 3.1525E-10 2.8010E-10 2.4521E-10 2.1109E-10 1.7945E-10 1.5177E-10 1.2566E-10 1.0195E-10 7.9567E-11
8.1146E-08 7.6140E-08 7.0107E-08 6.3461E-08 5.6706E-08 5.0161E-08 4.4071E-08 3.8371E-08 3.3393E-08 2.8959E-08 2.5042E-08 2.1572E-08 1.8487E-08 1.5773E-08 1.3433E-08 1.1445E-08 9.7692E-09 8.3687E-09 7.2041E-09 6.2379E-09 5.4197E-09 4.7341E-09 4.1530E-09 3.6573E-09 3.3003E-09 2.9799E-09 2.6941E-09 2.4332E-09 2.2060E-09 2.0099E-09 1.8309E-09 1.6690E-09 1.5272E-09 1.3999E-09 1.2812E-09 1.1691E-09 1.0640E-09 9.6605E-10 8.7397E-10 7.9003E-10 7.1366E-10 6.4190E-10 5.7543E-10 5.1496E-10 4.5958E-10 4.0981E-10 3.6520E-10 3.2520E-10 2.8779E-10 2.5388E-10 2.2055E-10 1.8823E-10 1.5835E-10 1.3179E-10 1.0784E-10 8.5367E-11 6.8242E-11
8.2712E-08 7.7434E-08 7.0899E-08 6.3737E-08 5.6388E-08 4.9340E-08 4.2818E-08 3.6978E-08 3.1721E-08 2.7127E-08 2.3315E-08 1.9989E-08 1.7093E-08 1.4559E-08 1.2379E-08 1.0533E-08 8.9799E-09 7.6866E-09 6.6122E-09 5.7115E-09 4.9546E-09 4.3241E-09 3.7922E-09 3.3589E-09 3.0028E-09 2.7121E-09 2.4522E-09 2.2257E-09 2.0199E-09 1.8405E-09 1.6757E-09 1.5281E-09 1.3985E-09 1.2820E-09 1.1724E-09 1.0685E-09 9.7204E-10 8.8151E-10 7.9672E-10 7.2036E-10 6.5010E-10 5.8436E-10 5.2401E-10 4.6976E-10 4.1863E-10 3.7333E-10 3.3280E-10 2.9574E-10 2.6188E-10 2.2819E-10 1.9565E-10 1.6732E-10 1.3939E-10 1.1428E-10 9.1013E-11 7.2054E-11 5.8304E-11
8.3703E-08 7.8388E-08 7.1675E-08 6.4082E-08 5.6244E-08 4.8686E-08 4.1717E-08 3.5568E-08 3.0117E-08 2.5375E-08 2.1401E-08 1.8216E-08 1.5512E-08 1.3188E-08 1.1198E-08 9.5201E-09 8.1120E-09 6.9397E-09 5.9633E-09 5.1523E-09 4.4759E-09 3.9096E-09 3.4343E-09 3.0478E-09 2.7243E-09 2.4588E-09 2.2350E-09 2.0293E-09 1.8407E-09 1.6763E-09 1.5263E-09 1.3938E-09 1.2767E-09 1.1696E-09 1.0682E-09 9.7310E-10 8.8436E-10 8.0076E-10 7.2367E-10 6.5462E-10 5.8995E-10 5.2906E-10 4.7448E-10 4.2475E-10 3.7981E-10 3.3921E-10 3.0246E-10 2.6823E-10 2.3542E-10 2.0386E-10 1.7374E-10 1.4690E-10 1.2162E-10 9.7250E-11 7.5704E-11 6.1776E-11 4.9098E-11
8.3963E-08 7.8988E-08 7.2395E-08 6.4713E-08 5.6582E-08 4.8626E-08 4.1194E-08 3.4588E-08 2.8806E-08 2.3924E-08 1.9734E-08 1.6348E-08 1.3823E-08 1.1721E-08 9.9463E-09 8.4543E-09 7.2053E-09 6.1674E-09 5.3102E-09 4.5971E-09 4.0037E-09 3.5068E-09 3.0895E-09 2.7485E-09 2.4649E-09 2.2374E-09 2.0314E-09 1.8396E-09 1.6693E-09 1.5197E-09 1.3841E-09 1.2652E-09 1.1604E-09 1.0628E-09 9.6957E-10 8.8208E-10 8.0095E-10 7.2441E-10 6.5487E-10 5.9200E-10 5.3146E-10 4.7774E-10 4.2865E-10 3.8314E-10 3.4255E-10 3.0654E-10 2.7357E-10 2.4116E-10 2.1035E-10 1.8001E-10 1.5151E-10 1.2514E-10 1.0126E-10 7.9534E-11 6.4392E-11 5.2402E-11 4.1195E-11
8.3160E-08 7.8952E-08 7.2973E-08 6.5718E-08 5.7729E-08 4.9571E-08 4.1777E-08 3.4596E-08 2.8279E-08 2.2937E-08 1.8436E-08 1.4848E-08 1.2147E-08 1.0235E-08 8.6779E-09 7.3789E-09 6.3008E-09 5.4118E-09 4.6752E-09 4.0623E-09 3.5545E-09 3.1241E-09 2.7656E-09 2.4802E-09 2.2325E-09 2.0271E-09 1.8382E-09 1.6622E-09 1.5070E-09 1.3703E-09 1.2493E-09 1.1439E-09 1.0494E-09 9.6041E-10 8.7605E-10 7.9710E-10 7.2226E-10 6.5249E-10 5.9038E-10 5.3306E-10 4.7782E-10 4.2858E-10 3.8436E-10 3.4418E-10 3.0775E-10 2.7572E-10 2.4557E-10 2.1407E-10 1.8465E-10 1.5629E-10 1.2805E-10 1.0348E-10 8.1775E-11 6.7061E-11 5.5571E-11 4.3969E-11 3.4778E-11
8.0932E-08 7.7965E-08 7.3222E-08 6.6930E-08 5.9727E-08 5.1864E-08 4.3939E-08 3.6312E-08 2.9473E-08 2.3328E-08 1.8267E-08 1.4145E-08 1.0811E-08 8.8261E-09 7.4551E-09 6.3595E-09 5.4500E-09 4.6968E-09 4.0731E-09 3.5585E-09 3.1301E-09 2.7721E-09 2.4783E-09 2.2304E-09 2.0120E-09 1.8277E-09 1.6550E-09 1.4967E-09 1.3572E-09 1.2325E-09 1.1239E-09 1.0306E-09 9.4526E-10 8.6373E-10 7.8704E-10 7.1565E-10 6.4793E-10 5.8575E-10 5.2961E-10 4.7604E-10 4.2694E-10 3.8348E-10 3.4376E-10 3.0760E-10 2.7563E-10 2.4665E-10 2.1519E-10 1.8619E-10 1.5822E-10 1.3140E-10 1.0651E-10 8.4504E-11 6.8859E-11 5.6549E-11 4.5845E-11 3.7452E-11 3.0479E-11
7.7135E-08 7.5765E-08 7.2744E-08 6.8225E-08 6.2329E-08 5.5529E-08 4.8081E-08 4.0393E-08 3.2995E-08 2.6004E-08 1.9879E-08 1.4712E-08 1.0827E-08 7.6695E-09 6.3612E-09 5.4316E-09 4.6771E-09 4.0483E-09 3.5244E-09 3.1000E-09 2.7488E-09 2.4535E-09 2.2038E-09 1.9891E-09 1.8009E-09 1.6364E-09 1.4820E-09 1.3413E-09 1.2169E-09 1.1065E-09 1.0104E-09 9.2595E-10 8.4707E-10 7.7318E-10 7.0420E-10 6.3901E-10 5.7782E-10 5.2312E-10 4.7181E-10 4.2306E-10 3.7946E-10 3.4168E-10 3.0575E-10 2.7357E-10 2.4578E-10 2.1522E-10 1.8550E-10 1.5808E-10 1.3270E-10 1.0789E-10 8.6110E-11 7.1137E-11 5.8484E-11 4.7935E-11 4.0098E-11 3.2734E-11 2.6226E-11
7.1513E-08 7.1951E-08 7.0951E-08 6.8607E-08 6.4920E-08 5.9944E-08 5.3871E-08 4.7086E-08 3.9607E-08 3.2081E-08 2.4627E-08 1.7878E-08 1.2333E-08 8.3615E-09 5.5287E-09 4.6232E-09 3.9976E-09 3.4814E-09 3.0542E-09 2.6992E-09 2.4008E-09 2.1526E-09 1.9438E-09 1.7594E-09 1.5983E-09 1.4535E-09 1.3181E-09 1.1964E-09 1.0868E-09 9.9024E-10 9.0700E-10 8.3037E-10 7.5741E-10 6.8955E-10 6.2648E-10 5.6752E-10 5.1328E-10 4.6373E-10 4.1721E-10 3.7532E-10 3.3724E-10 3.0247E-10 2.7060E-10 2.3985E-10 2.1341E-10 1.8424E-10 1.5699E-10 1.3119E-10 1.0820E-10 8.5836E-11 7.1346E-11 5.9664E-11 5.0336E-11 4.2328E-11 3.4795E-11 2.8176E-11 2.2258E-11
6.3947E-08 6.5909E-08 6.6978E-08 6.6996E-08 6.5973E-08 6.3638E-08 6.0004E-08 5.5202E-08 4.9048E-08 4.1877E-08 3.3640E-08 2.5276E-08 1.7202E-08 1.0880E-08 6.6254E-09 4.1217E-09 3.4244E-09 3.0001E-09 2.6412E-09 2.3380E-09 2.0842E-09 1.8744E-09 1.6979E-09 1.5436E-09 1.4065E-09 1.2795E-09 1.1638E-09 1.0603E-09 9.6663E-10 8.8439E-10 8.1140E-10 7.4170E-10 6.7579E-10 6.1410E-10 5.5590E-10 5.0169E-10 4.5403E-10 4.0940E-10 3.6735E-10 3.3020E-10 2.9763E-10 2.6652E-10 2.3475E-10 2.0647E-10 1.8015E-10 1.5365E-10 1.2932E-10 1.0655E-10 8.5297E-11 7.1299E-11 5.9902E-11 5.1489E-11 4.3400E-11 3.6336E-11 2.9810E-11 2.3709E-11 1.8104E-11
5.4557E-08 5.7595E-08 6.0258E-08 6.2433E-08 6.3917E-08 6.4598E-08 6.4253E-08 6.2544E-08 5.9414E-08 5.4312E-08 4.7185E-08 3.8065E-08 2.7688E-08 1.7977E-08 1.0115E-08 5.1336E-09 3.0864E-09 2.5782E-09 2.2737E-09 2.0182E-09 1.8037E-09 1.6249E-09 1.4714E-09 1.3402E-09 1.2250E-09 1.1177E-09 1.0203E-09 9.3286E-10 8.5587E-10 7.8745E-10 7.2236E-10 6.5935E-10 6.0014E-10 5.4396E-10 4.9078E-10 4.4324E-10 3.9968E-10 3.5859E-10 3.2143E-10 2.8973E-10 2.5989E-10 2.2861E-10 1.9940E-10 1.7207E-10 1.4559E-10 1.2499E-10 1.0379E-10 8.3301E-11 6.9076E-11 5.9631E-11 5.1198E-11 4.3261E-11 3.6324E-11 3.0424E-11 2.4965E-11 1.9304E-11 1.3869E-11
4.4061E-08 4.7540E-08 5.0985E-08 5.4537E-08 5.7993E-08 6.1237E-08 6.4161E-08 6.6306E-08 6.7352E-08 6.6445E-08 6.3147E-08 5.6065E-08 4.5789E-08 3.3042E-08 2.0105E-08 1.0222E-08 4.3888E-09 2.3481E-09 1.9519E-09 1.7375E-09 1.5586E-09 1.4045E-09 1.2705E-09 1.1559E-09 1.0558E-09 9.6759E-10 8.8778E-10 8.1618E-10 7.5401E-10 6.9663E-10 6.3909E-10 5.8337E-10 5.3038E-10 4.7890E-10 4.3171E-10 3.9009E-10 3.4905E-10 3.1035E-10 2.7890E-10 2.5078E-10 2.1859E-10 1.8983E-10 1.6512E-10 1.3969E-10 1.1619E-10 9.4480E-11 7.9260E-11 6.8191E-11 5.8682E-11 5.0249E-11 4.3334E-11 3.7001E-11 3.0993E-11 2.5744E-11 2.0222E-11 1.4606E-11 9.3496E-12
3.3459E-08 3.6709E-08 4.0220E-08 4.4138E-08 4.8507E-08 5.3378E-08 5.8503E-08 6.3935E-08 6.9134E-08 7.3557E-08 7.5999E-08 7.5174E-08 6.9613E-08 5.8159E-08 4.2045E-08 2.4920E-08 1.1454E-08 3.7925E-09 1.7406E-09 1.4909E-09 1.3423E-09 1.2098E-09 1.0935E-09 9.9317E-10 9.0607E-10 8.3136E-10 7.6700E-10 7.1113E-10 6.6062E-10 6.0986E-10 5.6068E-10 5.1276E-10 4.6479E-10 4.1908E-10 3.7879E-10 3.4025E-10 3.0279E-10 2.7052E-10 2.3594E-10 2.0232E-10 1.7515E-10 1.5272E-10 1.2910E-10 1.0718E-10 8.7198E-11 7.6969E-11 6.6846E-11 5.8059E-11 5.0428E-11 4.3752E-11 3.7359E-11 3.1409E-11 2.6016E-11 2.0518E-11 1.5140E-11 9.7494E-12 5.7515E-12
2.3824E-08 2.6376E-08 2.9330E-08 3.2902E-08 3.7041E-08 4.2140E-08 4.7988E-08 5.4928E-08 6.2604E-08 7.1111E-08 7.9268E-08 8.6633E-08 9.0632E-08 8.8147E-08 7.7432E-08 5.7910E-08 3.3673E-08 1.3787E-08 3.5711E-09 1.3115E-09 1.1476E-09 1.0367E-09 9.3722E-10 8.5191E-10 7.7688E-10 7.1332E-10 6.6108E-10 6.1677E-10 5.7287E-10 5.2994E-10 4.8772E-10 4.4558E-10 4.0295E-10 3.6454E-10 3.2931E-10 2.9259E-10 2.5753E-10 2.2696E-10 1.9471E-10 1.6596E-10 1.4215E-10 1.1941E-10 9.9800E-11 8.6919E-11 7.6583E-11 6.7115E-11 5.8207E-11 5.0583E-11 4.3755E-11 3.7107E-11 3.1490E-11 2.5839E-11 2.0462E-11 1.5247E-11 9.8115E-12 5.7936E-12 3.0015E-12
