Assets/Resources/2015_m01_d14_2300(utc+0800)_l00_csi_1hr_conc.grd
DSAA
         159         159
     -79.000      79.000
     -79.000      79.000
  0.0000E+00  0.5639E-05
[rows 75 to 99 of 159, columns 57 to 113 of 159]
2.2329E-09 2.4249E-09 2.6346E-09 2.8512E-09 3.0756E-09 3.3160E-09 3.5664E-09 3.8259E-09 4.0904E-09 4.3638E-09 4.6550E-09 4.9494E-09 5.2527E-09 5.5672E-09 5.9046E-09 6.2388E-09 6.5982E-09 6.9660E-09 7.3558E-09 7.7557E-09 8.1993E-09 8.6614E-09 9.1741E-09 2.0702E-06 3.3140E-07 1.1046E-08 1.1814E-08 1.2689E-08 1.3876E-08 1.5198E-08 1.6970E-08 1.9192E-08 2.2789E-08 3.4567E-08 4.1470E-08 4.6731E-08 5.2523E-08 5.9804E-08 7.0424E-08 8.0643E-08 8.8158E-08 9.2081E-08 9.3044E-08 1.0419E-07 1.1308E-07 1.0664E-07 9.9863E-08 9.2526E-08 8.5812E-08 7.8967E-08 7.2823E-08 6.6392E-08 6.0066E-08 5.3666E-08 4.7899E-08 4.2486E-08 3.7474E-08
2.0568E-09 2.2439E-09 2.4437E-09 2.6540E-09 2.8724E-09 3.0987E-09 3.3426E-09 3.5918E-09 3.8472E-09 4.1121E-09 4.3939E-09 4.6827E-09 4.9833E-09 5.2877E-09 5.6127E-09 5.9496E-09 6.3143E-09 6.6875E-09 7.0860E-09 7.5024E-09 7.9532E-09 8.4322E-09 8.9610E-09 5.6388E-06 1.0106E-06 2.9839E-08 1.1750E-08 1.2665E-08 1.4021E-08 1.5578E-08 1.7790E-08 2.0922E-08 3.1114E-08 4.1947E-08 4.8350E-08 5.5765E-08 6.4542E-08 7.8674E-08 9.4596E-08 1.0644E-07 1.1387E-07 1.1592E-07 1.1580E-07 1.2325E-07 1.2809E-07 1.1923E-07 1.1010E-07 1.0086E-07 9.2739E-08 8.4564E-08 7.7528E-08 7.0073E-08 6.3093E-08 5.6104E-08 4.9991E-08 4.4219E-08 3.8903E-08
1.9051E-09 2.0807E-09 2.2691E-09 2.4702E-09 2.6772E-09 2.8960E-09 3.1273E-09 3.3677E-09 3.6131E-09 3.8638E-09 4.1336E-09 4.4092E-09 4.7061E-09 5.0181E-09 5.3352E-09 5.6719E-09 6.0395E-09 6.4173E-09 6.8199E-09 7.2534E-09 7.7051E-09 8.1981E-09 8.7286E-09 2.1786E-06 1.4969E-06 2.2480E-07 1.1613E-08 1.2771E-08 1.4105E-08 1.6488E-08 1.9858E-08 2.6770E-08 4.2517E-08 5.3515E-08 6.2194E-08 7.1957E-08 8.8802E-08 1.1378E-07 1.3288E-07 1.4301E-07 1.4629E-07 1.4368E-07 1.5100E-07 1.5440E-07 1.4434E-07 1.3291E-07 1.2110E-07 1.0959E-07 9.9818E-08 9.0337E-08 8.2028E-08 7.3431E-08 6.5857E-08 5.8265E-08 5.1768E-08 4.5700E-08 4.0075E-08
1.7630E-09 1.9308E-09 2.1052E-09 2.2927E-09 2.4892E-09 2.6958E-09 2.9126E-09 3.1365E-09 3.3747E-09 3.6211E-09 3.8822E-09 4.1566E-09 4.4475E-09 4.7594E-09 5.0740E-09 5.4049E-09 5.7721E-09 6.1483E-09 6.5515E-09 6.9854E-09 7.4409E-09 7.9454E-09 8.9059E-09 2.1792E-06 1.7093E-06 7.4103E-07 2.6499E-08 1.2795E-08 1.4948E-08 1.9080E-08 2.8239E-08 4.7959E-08 6.7562E-08 8.0168E-08 9.0727E-08 1.0413E-07 1.4023E-07 1.7364E-07 1.8838E-07 1.9188E-07 1.8723E-07 1.7733E-07 1.7828E-07 1.7743E-07 1.6225E-07 1.4766E-07 1.3277E-07 1.1866E-07 1.0682E-07 9.5862E-08 8.6067E-08 7.6392E-08 6.8192E-08 6.0049E-08 5.3159E-08 4.6810E-08 4.0984E-08
1.6161E-09 1.7683E-09 1.9324E-09 2.1123E-09 2.3011E-09 2.4989E-09 2.7093E-09 2.9292E-09 3.1597E-09 3.3987E-09 3.6534E-09 3.9198E-09 4.2026E-09 4.5089E-09 4.8184E-09 5.1426E-09 5.5011E-09 5.8748E-09 6.2770E-09 6.7115E-09 7.1654E-09 7.6706E-09 1.7420E-06 2.4973E-06 1.8557E-06 1.2684E-06 2.1404E-07 5.4483E-08 3.3293E-08 5.0200E-08 7.8062E-08 1.0485E-07 1.2341E-07 1.3628E-07 1.4506E-07 1.7218E-07 2.3574E-07 2.6382E-07 2.6221E-07 2.5163E-07 2.3325E-07 2.2179E-07 2.1152E-07 2.0078E-07 1.8148E-07 1.6297E-07 1.4458E-07 1.2768E-07 1.1360E-07 1.0091E-07 8.9483E-08 7.8835E-08 6.9956E-08 6.1343E-08 5.4146E-08 4.7544E-08 4.1565E-08
1.4856E-09 1.6330E-09 1.7913E-09 1.9609E-09 2.1407E-09 2.3304E-09 2.5296E-09 2.7401E-09 2.9605E-09 3.1892E-09 3.4336E-09 3.6888E-09 3.9621E-09 4.2601E-09 4.5626E-09 4.8828E-09 5.2313E-09 5.5980E-09 5.9943E-09 6.4263E-09 6.8798E-09 7.3818E-09 7.9334E-09 2.7197E-06 2.0033E-06 1.5335E-06 9.1089E-07 6.0408E-07 3.8155E-07 2.5585E-07 2.2211E-07 2.1760E-07 2.2802E-07 2.3510E-07 2.3573E-07 3.0348E-07 3.8194E-07 3.8229E-07 3.5158E-07 3.1800E-07 2.8212E-07 2.6460E-07 2.4986E-07 2.2464E-07 2.0066E-07 1.7795E-07 1.5588E-07 1.3596E-07 1.1965E-07 1.0489E-07 9.2053E-08 8.0576E-08 7.1122E-08 6.2085E-08 5.4636E-08 4.7841E-08 4.1743E-08
1.3753E-09 1.5145E-09 1.6614E-09 1.8208E-09 1.9902E-09 2.1697E-09 2.3589E-09 2.5574E-09 2.7671E-09 2.9867E-09 3.2195E-09 3.4663E-09 3.7264E-09 4.0136E-09 4.3083E-09 4.6211E-09 4.9600E-09 5.3198E-09 5.7074E-09 6.1321E-09 6.5792E-09 7.0760E-09 7.6239E-09 2.9617E-06 2.1806E-06 1.5754E-06 1.1356E-06 1.0260E-06 8.7249E-07 6.4233E-07 4.4405E-07 3.8903E-07 3.8274E-07 3.7731E-07 3.6412E-07 4.9823E-07 5.6942E-07 5.1989E-07 4.4601E-07 3.8331E-07 3.3099E-07 3.0152E-07 2.7761E-07 2.4760E-07 2.1844E-07 1.9145E-07 1.6578E-07 1.4297E-07 1.2445E-07 1.0771E-07 9.3611E-08 8.1414E-08 7.1518E-08 6.2169E-08 5.4544E-08 4.7655E-08 4.1497E-08
1.2729E-09 1.4018E-09 1.5391E-09 1.6892E-09 1.8484E-09 2.0174E-09 2.1944E-09 2.3831E-09 2.5819E-09 2.7907E-09 3.0104E-09 3.2479E-09 3.4959E-09 3.7734E-09 4.0566E-09 4.3589E-09 4.6887E-09 5.0385E-09 5.4178E-09 5.8331E-09 6.2683E-09 6.7531E-09 7.2947E-09 4.8900E-08 2.4232E-06 1.5609E-06 1.2342E-06 1.1116E-06 1.0500E-06 9.7541E-07 6.5607E-07 5.9114E-07 5.7112E-07 5.4470E-07 5.1552E-07 7.2994E-07 7.7724E-07 6.5635E-07 5.2961E-07 4.3716E-07 3.8121E-07 3.4306E-07 3.0102E-07 2.6689E-07 2.3289E-07 2.0209E-07 1.7315E-07 1.4791E-07 1.2732E-07 1.0901E-07 9.3915E-08 8.1198E-08 7.1028E-08 6.1563E-08 5.3855E-08 4.6991E-08 4.0833E-08
1.1745E-09 1.2957E-09 1.4238E-09 1.5641E-09 1.7126E-09 1.8713E-09 2.0380E-09 2.2152E-09 2.4028E-09 2.6005E-09 2.8072E-09 3.0328E-09 3.2723E-09 3.5355E-09 3.8083E-09 4.0995E-09 4.4187E-09 4.7554E-09 5.1237E-09 5.5271E-09 5.9512E-09 6.4177E-09 6.9457E-09 7.5442E-09 2.7259E-06 1.5797E-06 1.3488E-06 1.1877E-06 1.0859E-06 1.0815E-06 8.6851E-07 7.9059E-07 7.6199E-07 7.1247E-07 6.6423E-07 9.7303E-07 9.7723E-07 7.5593E-07 5.8270E-07 4.6965E-07 4.0681E-07 3.6333E-07 3.1771E-07 2.8011E-07 2.4220E-07 2.0849E-07 1.7705E-07 1.5012E-07 1.2773E-07 1.0857E-07 9.2891E-08 7.9889E-08 6.9637E-08 6.0245E-08 5.2568E-08 4.5822E-08 3.9752E-08
1.0814E-09 1.1945E-09 1.3151E-09 1.4444E-09 1.5846E-09 1.7324E-09 1.8893E-09 2.0552E-09 2.2312E-09 2.4176E-09 2.6111E-09 2.8244E-09 3.0516E-09 3.3055E-09 3.5630E-09 3.8428E-09 4.1459E-09 4.4738E-09 4.8269E-09 5.2152E-09 5.6238E-09 6.0722E-09 6.5806E-09 7.1581E-09 7.8569E-07 1.7867E-06 1.5011E-06 1.2903E-06 1.1528E-06 1.0827E-06 9.9670E-07 9.7753E-07 9.6162E-07 8.7708E-07 8.0540E-07 1.2112E-06 1.0945E-06 7.7839E-07 5.9058E-07 4.8357E-07 4.1845E-07 3.6888E-07 3.2378E-07 2.8497E-07 2.4464E-07 2.0933E-07 1.7667E-07 1.4897E-07 1.2558E-07 1.0620E-07 9.0429E-08 7.7442E-08 6.7341E-08 5.8199E-08 5.0695E-08 4.4144E-08 3.8273E-08
9.8769E-10 1.0953E-09 1.2090E-09 1.3297E-09 1.4614E-09 1.5994E-09 1.7477E-09 1.9024E-09 2.0673E-09 2.2418E-09 2.4245E-09 2.6230E-09 2.8372E-09 3.0765E-09 3.3254E-09 3.5882E-09 3.8766E-09 4.1875E-09 4.5281E-09 4.9014E-09 5.2929E-09 5.7209E-09 6.2075E-09 6.7565E-09 7.3975E-09 3.9186E-08 4.1635E-07 8.7295E-07 1.0428E-06 1.0025E-06 9.5213E-07 9.7470E-07 9.8472E-07 9.3253E-07 8.4321E-07 1.2820E-06 1.0118E-06 7.0853E-07 5.5256E-07 4.6556E-07 4.1361E-07 3.5915E-07 3.1765E-07 2.7953E-07 2.3925E-07 2.0399E-07 1.7162E-07 1.4407E-07 1.2087E-07 1.0198E-07 8.6576E-08 7.3969E-08 6.4216E-08 5.5462E-08 4.8285E-08 4.1996E-08 3.6434E-08
8.8183E-10 9.9680E-10 1.1073E-09 1.2199E-09 1.3419E-09 1.4726E-09 1.6110E-09 1.7536E-09 1.9082E-09 2.0729E-09 2.2448E-09 2.4296E-09 2.6291E-09 2.8502E-09 3.0899E-09 3.3395E-09 3.6101E-09 3.9040E-09 4.2294E-09 4.5861E-09 4.9582E-09 5.3656E-09 5.8271E-09 6.3460E-09 6.9587E-09 7.6870E-09 1.0641E-08 2.2110E-08 9.5835E-08 2.4076E-07 2.7089E-07 2.7982E-07 3.1594E-07 3.8708E-07 4.2585E-07 7.9834E-07 7.4148E-07 5.7583E-07 4.8200E-07 4.2190E-07 3.8150E-07 3.3568E-07 2.9897E-07 2.6358E-07 2.2577E-07 1.9247E-07 1.6195E-07 1.3566E-07 1.1371E-07 9.5962E-08 8.1408E-08 6.9528E-08 6.0350E-08 5.2145E-08 4.5415E-08 3.9505E-08 3.4288E-08
7.9313E-10 8.9345E-10 9.9723E-10 1.1105E-09 1.2278E-09 1.3505E-09 1.4799E-09 1.6110E-09 1.7582E-09 1.9108E-09 2.0716E-09 2.2402E-09 2.4291E-09 2.6307E-09 2.8600E-09 3.0982E-09 3.3535E-09 3.6260E-09 3.9319E-09 4.2692E-09 4.6243E-09 5.0115E-09 5.4445E-09 5.9362E-09 6.5182E-09 7.5556E-09 1.3511E-08 1.6345E-08 1.8015E-08 2.0722E-08 2.5001E-08 3.2081E-08 4.4009E-08 6.5396E-08 1.0851E-07 3.2457E-07 4.5943E-07 4.3158E-07 4.0244E-07 3.7271E-07 3.3534E-07 2.9925E-07 2.6981E-07 2.3872E-07 2.0535E-07 1.7568E-07 1.4826E-07 1.2442E-07 1.0454E-07 8.8518E-08 7.5215E-08 6.4372E-08 5.5936E-08 4.8308E-08 4.2181E-08 3.6681E-08 3.1899E-08
7.3589E-10 8.1482E-10 8.9666E-10 9.9863E-10 1.1136E-09 1.2293E-09 1.3536E-09 1.4793E-09 1.6128E-09 1.7539E-09 1.9081E-09 2.0617E-09 2.2367E-09 2.4256E-09 2.6388E-09 2.8604E-09 3.1035E-09 3.3543E-09 3.6404E-09 3.9553E-09 4.2955E-09 4.6574E-09 5.0609E-09 5.5262E-09 6.1048E-09 8.9830E-09 1.4218E-08 1.5180E-08 1.6577E-08 1.8690E-08 2.1940E-08 2.6831E-08 3.4816E-08 4.7477E-08 6.6379E-08 1.4048E-07 2.7217E-07 3.0744E-07 3.1332E-07 3.0537E-07 2.8123E-07 2.5502E-07 2.3270E-07 2.0746E-07 1.7983E-07 1.5500E-07 1.3155E-07 1.1114E-07 9.3925E-08 8.0019E-08 6.8275E-08 5.8668E-08 5.1104E-08 4.4246E-08 3.8630E-08 3.3706E-08 2.9340E-08
6.8194E-10 7.5515E-10 8.3177E-10 9.1315E-10 1.0008E-09 1.1065E-09 1.2261E-09 1.3478E-09 1.4719E-09 1.6061E-09 1.7481E-09 1.8912E-09 2.0496E-09 2.2278E-09 2.4246E-09 2.6315E-09 2.8565E-09 3.0901E-09 3.3558E-09 3.6507E-09 3.9690E-09 4.3082E-09 4.6808E-09 5.1261E-09 6.0763E-09 1.1121E-08 1.3213E-08 1.4054E-08 1.5135E-08 1.6867E-08 1.9524E-08 2.3326E-08 2.9316E-08 3.8693E-08 5.2552E-08 8.0782E-08 1.6156E-07 2.1553E-07 2.3738E-07 2.3877E-07 2.2579E-07 2.0912E-07 1.9256E-07 1.7339E-07 1.5196E-07 1.3233E-07 1.1338E-07 9.6784E-08 8.2548E-08 7.0949E-08 6.1001E-08 5.2626E-08 4.6076E-08 3.9941E-08 3.5029E-08 3.0616E-08 2.6629E-08
6.2943E-10 6.9716E-10 7.6888E-10 8.4403E-10 9.2435E-10 1.0137E-09 1.1103E-09 1.2180E-09 1.3322E-09 1.4581E-09 1.5910E-09 1.7296E-09 1.8718E-09 2.0347E-09 2.2130E-09 2.4080E-09 2.6164E-09 2.8369E-09 3.0792E-09 3.3493E-09 3.6531E-09 3.9652E-09 4.3159E-09 4.7702E-09 8.0837E-09 1.1514E-08 1.2205E-08 1.2947E-08 1.3808E-08 1.5089E-08 1.7164E-08 2.0133E-08 2.4408E-08 3.0960E-08 4.0475E-08 5.3321E-08 9.8968E-08 1.4686E-07 1.7518E-07 1.7971E-07 1.7470E-07 1.6518E-07 1.5368E-07 1.3982E-07 1.2424E-07 1.0948E-07 9.5100E-08 8.2283E-08 7.1055E-08 6.1749E-08 5.3620E-08 4.6614E-08 4.0938E-08 3.5638E-08 3.1333E-08 2.7498E-08 2.3961E-08
5.7898E-10 6.4107E-10 7.0824E-10 7.7737E-10 8.5128E-10 9.3157E-10 1.0211E-09 1.1166E-09 1.2146E-09 1.3224E-09 1.4423E-09 1.5700E-09 1.7017E-09 1.8473E-09 2.0109E-09 2.1932E-09 2.3835E-09 2.5944E-09 2.8085E-09 3.0596E-09 3.3388E-09 3.6341E-09 3.9704E-09 5.6764E-09 1.0016E-08 1.0582E-08 1.1196E-08 1.1857E-08 1.2587E-08 1.3508E-08 1.4958E-08 1.7247E-08 2.0334E-08 2.4727E-08 3.0961E-08 3.9346E-08 6.4324E-08 9.8688E-08 1.2385E-07 1.3156E-07 1.3160E-07 1.2679E-07 1.1919E-07 1.0963E-07 9.8818E-08 8.8222E-08 7.7864E-08 6.8457E-08 6.0008E-08 5.2764E-08 4.6325E-08 4.0671E-08 3.5963E-08 3.1506E-08 2.7773E-08 2.4375E-08 2.1285E-08
5.3015E-10 5.8747E-10 6.4939E-10 7.1341E-10 7.8115E-10 8.5347E-10 9.3466E-10 1.0228E-09 1.1143E-09 1.2091E-09 1.3146E-09 1.4279E-09 1.5430E-09 1.6717E-09 1.8184E-09 1.9845E-09 2.1613E-09 2.3552E-09 2.5524E-09 2.7772E-09 3.0327E-09 3.3148E-09 3.7060E-09 6.5477E-09 9.1567E-09 9.6634E-09 1.0210E-08 1.0792E-08 1.1431E-08 1.2149E-08 1.3122E-08 1.4654E-08 1.6933E-08 1.9987E-08 2.3996E-08 2.9457E-08 4.5295E-08 6.5983E-08 7.7666E-08 8.6500E-08 9.0450E-08 9.0144E-08 8.6708E-08 8.1491E-08 7.5216E-08 6.8458E-08 6.1832E-08 5.5622E-08 4.9536E-08 4.4417E-08 3.9503E-08 3.5033E-08 3.1135E-08 2.7466E-08 2.4325E-08 2.1425E-08 1.8720E-08
4.8412E-10 5.3580E-10 5.9280E-10 6.5233E-10 7.1417E-10 7.8005E-10 8.5197E-10 9.3249E-10 1.0181E-09 1.1039E-09 1.1985E-09 1.3013E-09 1.4094E-09 1.5182E-09 1.6471E-09 1.7929E-09 1.9534E-09 2.1268E-09 2.3135E-09 2.5061E-09 2.7394E-09 3.0214E-09 4.4750E-09 7.9165E-09 8.3315E-09 8.7729E-09 9.2496E-09 9.7618E-09 1.0322E-08 1.0921E-08 1.1642E-08 1.2636E-08 1.4124E-08 1.6202E-08 1.9019E-08 2.3079E-08 3.3745E-08 4.8783E-08 5.6885E-08 6.3890E-08 6.7679E-08 6.8081E-08 6.5891E-08 6.2472E-08 5.8225E-08 5.3648E-08 4.9140E-08 4.4800E-08 4.0559E-08 3.6865E-08 3.3206E-08 2.9745E-08 2.6715E-08 2.3726E-08 2.1086E-08 1.8619E-08 1.6340E-08
4.4121E-10 4.8667E-10 5.3847E-10 5.9422E-10 6.5053E-10 7.1044E-10 7.7439E-10 8.4636E-10 9.2510E-10 1.0049E-09 1.0879E-09 1.1810E-09 1.2803E-09 1.3793E-09 1.4886E-09 1.6191E-09 1.7643E-09 1.9204E-09 2.0925E-09 2.2637E-09 2.4728E-09 2.9209E-09 5.9259E-09 7.1825E-09 7.5448E-09 7.9212E-09 8.3347E-09 8.7794E-09 9.2600E-09 9.7858E-09 1.0354E-08 1.1080E-08 1.2052E-08 1.3399E-08 1.5236E-08 2.1960E-08 2.9049E-08 3.6405E-08 4.2901E-08 4.7961E-08 5.1015E-08 5.1486E-08 5.0058E-08 4.7827E-08 4.5025E-08 4.1949E-08 3.8804E-08 3.5816E-08 3.2875E-08 3.0252E-08 2.7595E-08 2.4991E-08 2.2618E-08 2.0225E-08 1.8066E-08 1.6020E-08 1.4091E-08
4.0080E-10 4.4088E-10 4.8697E-10 5.3813E-10 5.9035E-10 6.4460E-10 7.0218E-10 7.6507E-10 8.3601E-10 9.1115E-10 9.8504E-10 1.0663E-09 1.1562E-09 1.2489E-09 1.3417E-09 1.4544E-09 1.5841E-09 1.7228E-09 1.8785E-09 2.0424E-09 2.2399E-09 3.9317E-09 6.1648E-09 6.4774E-09 6.7927E-09 7.1170E-09 7.4644E-09 7.8481E-09 8.2541E-09 8.7100E-09 9.1973E-09 9.7606E-09 1.0484E-08 1.1409E-08 1.2917E-08 2.0025E-08 2.7313E-08 2.8553E-08 2.9733E-08 3.2626E-08 3.4342E-08 3.5070E-08 3.4700E-08 3.3820E-08 3.2501E-08 3.0863E-08 2.9155E-08 2.7460E-08 2.5799E-08 2.4122E-08 2.2370E-08 2.0601E-08 1.8816E-08 1.7058E-08 1.5322E-08 1.3644E-08 1.2033E-08
3.6225E-10 3.9865E-10 4.3864E-10 4.8456E-10 5.3372E-10 5.8265E-10 6.3458E-10 6.8965E-10 7.5216E-10 8.2097E-10 8.8918E-10 9.5922E-10 1.0386E-09 1.1242E-09 1.2082E-09 1.2992E-09 1.4129E-09 1.5383E-09 1.6742E-09 1.8357E-09 2.2517E-09 4.6002E-09 5.5235E-09 5.8044E-09 6.0779E-09 6.3586E-09 6.6486E-09 6.9676E-09 7.3178E-09 7.6903E-09 8.1265E-09 8.6045E-09 9.1601E-09 9.9267E-09 1.2264E-08 1.7619E-08 2.2891E-08 2.3509E-08 2.4060E-08 2.4648E-08 2.6483E-08 2.6920E-08 2.6829E-08 2.6388E-08 2.5582E-08 2.4538E-08 2.3399E-08 2.2209E-08 2.0912E-08 1.9598E-08 1.8288E-08 1.6954E-08 1.5621E-08 1.4177E-08 1.2805E-08 1.1458E-08 1.0180E-08
3.2529E-10 3.5937E-10 3.9410E-10 4.3442E-10 4.7942E-10 5.2462E-10 5.7126E-10 6.2057E-10 6.7376E-10 7.3466E-10 7.9900E-10 8.6117E-10 9.2820E-10 1.0048E-09 1.0838E-09 1.1604E-09 1.2519E-09 1.3643E-09 1.4846E-09 1.6567E-09 3.1547E-09 4.6721E-09 4.9110E-09 5.1642E-09 5.4043E-09 5.6450E-09 5.8921E-09 6.1495E-09 6.4418E-09 6.7620E-09 7.1176E-09 7.5499E-09 8.0289E-09 8.7265E-09 1.3923E-08 1.9260E-08 1.9735E-08 2.0178E-08 2.0515E-08 2.0728E-08 2.1403E-08 2.1806E-08 2.1513E-08 2.1101E-08 2.0529E-08 1.9703E-08 1.8760E-08 1.7710E-08 1.6720E-08 1.5787E-08 1.4772E-08 1.3786E-08 1.2736E-08 1.1669E-08 1.0631E-08 9.5864E-09 8.5478E-09
2.9047E-10 3.2214E-10 3.5368E-10 3.8766E-10 4.2761E-10 4.7034E-10 5.1225E-10 5.5634E-10 6.0271E-10 6.5426E-10 7.1253E-10 7.7050E-10 8.2756E-10 8.9214E-10 9.6499E-10 1.0353E-09 1.1071E-09 1.2005E-09 1.3175E-09 2.0506E-09 3.9596E-09 4.1504E-09 4.3381E-09 4.5529E-09 4.7745E-09 4.9793E-09 5.1888E-09 5.4043E-09 5.6354E-09 5.9074E-09 6.2157E-09 6.5610E-09 7.0154E-09 7.9211E-09 1.2321E-08 1.6633E-08 1.6934E-08 1.7197E-08 1.7360E-08 1.7420E-08 1.7364E-08 1.7168E-08 1.6893E-08 1.6544E-08 1.6113E-08 1.5656E-08 1.5108E-08 1.4417E-08 1.3577E-08 1.2763E-08 1.1968E-08 1.1171E-08 1.0407E-08 9.5983E-09 8.7689E-09 7.9375E-09 7.1073E-09
2.5810E-10 2.8653E-10 3.1631E-10 3.4575E-10 3.7950E-10 4.1839E-10 4.5751E-10 4.9677E-10 5.3797E-10 5.8125E-10 6.3088E-10 6.8513E-10 7.3665E-10 7.8970E-10 8.5158E-10 9.1798E-10 9.8077E-10 1.0524E-09 1.2071E-09 2.4681E-09 3.4855E-09 3.6617E-09 3.8190E-09 3.9838E-09 4.1772E-09 4.3637E-09 4.5396E-09 4.7206E-09 4.9122E-09 5.1256E-09 5.3914E-09 5.6954E-09 6.1061E-09 9.4944E-09 1.2554E-08 1.4338E-08 1.4497E-08 1.4609E-08 1.4656E-08 1.4602E-08 1.4446E-08 1.4176E-08 1.3914E-08 1.3618E-08 1.3278E-08 1.2893E-08 1.2364E-08 1.1774E-08 1.1130E-08 1.0441E-08 9.7491E-09 9.0940E-09 8.4504E-09 7.8078E-09 7.1688E-09 6.4618E-09 5.7789E-09
