Assets/Resources/2015_m01_d12_0800(utc+0800)_l00_csi_1hr_conc.grd
DSAA
         159         159
     -79.000      79.000
     -79.000      79.000
  0.0000E+00  0.1096E-05
[rows 25 to 49 of 159, columns 0 to 56 of 159]
1.9231E-11 3.0770E-11 5.0175E-11 7.4852E-11 1.0885E-10 1.5139E-10 2.0563E-10 2.6935E-10 3.4859E-10 4.4474E-10 5.6311E-10 7.0782E-10 8.7722E-10 1.0776E-09 1.3149E-09 1.5850E-09 1.9024E-09 2.2615E-09 2.6619E-09 3.1109E-09 3.6072E-09 4.1491E-09 4.7396E-09 5.3719E-09 6.0400E-09 6.7404E-09 7.4643E-09 8.1975E-09 8.9275E-09 9.6439E-09 1.0329E-08 1.0966E-08 1.1540E-08 1.2036E-08 1.2436E-08 1.2727E-08 1.2901E-08 1.2952E-08 1.2872E-08 1.2661E-08 1.2322E-08 1.1867E-08 1.1306E-08 1.0654E-08 9.9257E-09 9.1424E-09 8.3237E-09 7.4903E-09 6.6613E-09 5.8530E-09 5.0808E-09 4.3563E-09 3.6900E-09 3.0613E-09 2.4880E-09 2.0076E-09 1.6246E-09
1.4904E-11 2.4879E-11 4.2263E-11 6.5189E-11 9.5942E-11 1.3591E-10 1.8646E-10 2.4669E-10 3.2190E-10 4.1197E-10 5.2579E-10 6.6402E-10 8.2710E-10 1.0215E-09 1.2511E-09 1.5152E-09 1.8269E-09 2.1816E-09 2.5804E-09 3.0288E-09 3.5244E-09 4.0711E-09 4.6689E-09 5.3094E-09 5.9934E-09 6.7147E-09 7.4598E-09 8.2199E-09 8.9867E-09 9.7392E-09 1.0462E-08 1.1144E-08 1.1764E-08 1.2302E-08 1.2744E-08 1.3077E-08 1.3287E-08 1.3365E-08 1.3306E-08 1.3110E-08 1.2779E-08 1.2317E-08 1.1741E-08 1.1065E-08 1.0308E-08 9.4903E-09 8.6327E-09 7.7565E-09 6.8846E-09 6.0339E-09 5.2216E-09 4.4621E-09 3.7624E-09 3.1319E-09 2.5463E-09 2.0202E-09 1.5838E-09
1.1125E-11 2.0686E-11 3.4817E-11 5.6756E-11 8.3654E-11 1.2097E-10 1.6745E-10 2.2441E-10 2.9492E-10 3.8002E-10 4.8805E-10 6.1960E-10 7.7657E-10 9.6425E-10 1.1851E-09 1.4437E-09 1.7477E-09 2.0957E-09 2.4936E-09 2.9389E-09 3.4344E-09 3.9861E-09 4.5880E-09 5.2395E-09 5.9410E-09 6.6798E-09 7.4496E-09 8.2444E-09 9.0459E-09 9.8369E-09 1.0609E-08 1.1340E-08 1.2007E-08 1.2598E-08 1.3092E-08 1.3470E-08 1.3721E-08 1.3836E-08 1.3807E-08 1.3628E-08 1.3304E-08 1.2841E-08 1.2254E-08 1.1557E-08 1.0767E-08 9.9090E-09 9.0061E-09 8.0822E-09 7.1607E-09 6.2621E-09 5.4031E-09 4.5998E-09 3.8642E-09 3.2001E-09 2.6147E-09 2.0821E-09 1.6001E-09
7.9081E-12 1.6022E-11 2.8431E-11 4.7063E-11 7.2894E-11 1.0625E-10 1.5015E-10 2.0183E-10 2.6928E-10 3.4726E-10 4.5018E-10 5.7349E-10 7.2464E-10 9.0408E-10 1.1172E-09 1.3682E-09 1.6633E-09 2.0056E-09 2.3996E-09 2.8397E-09 3.3379E-09 3.8915E-09 4.4976E-09 5.1636E-09 5.8790E-09 6.6367E-09 7.4375E-09 8.2641E-09 9.1021E-09 9.9431E-09 1.0765E-08 1.1546E-08 1.2273E-08 1.2924E-08 1.3473E-08 1.3906E-08 1.4211E-08 1.4370E-08 1.4373E-08 1.4221E-08 1.3913E-08 1.3453E-08 1.2853E-08 1.2134E-08 1.1314E-08 1.0416E-08 9.4649E-09 8.4863E-09 7.5079E-09 6.5512E-09 5.6373E-09 4.7838E-09 4.0014E-09 3.3004E-09 2.6841E-09 2.1473E-09 1.6634E-09
5.3408E-12 1.1631E-11 2.2894E-11 3.8176E-11 6.1568E-11 9.1579E-11 1.3205E-10 1.8002E-10 2.4171E-10 3.1538E-10 4.1027E-10 5.2825E-10 6.7002E-10 8.4201E-10 1.0461E-09 1.2885E-09 1.5737E-09 1.9096E-09 2.2954E-09 2.7339E-09 3.2309E-09 3.7825E-09 4.3989E-09 5.0746E-09 5.8013E-09 6.5858E-09 7.4145E-09 8.2721E-09 9.1574E-09 1.0048E-08 1.0920E-08 1.1765E-08 1.2557E-08 1.3269E-08 1.3887E-08 1.4386E-08 1.4748E-08 1.4959E-08 1.5010E-08 1.4892E-08 1.4603E-08 1.4151E-08 1.3548E-08 1.2811E-08 1.1957E-08 1.1015E-08 1.0012E-08 8.9755E-09 7.9341E-09 6.9134E-09 5.9365E-09 5.0217E-09 4.1853E-09 3.4360E-09 2.7783E-09 2.2108E-09 1.7208E-09
3.7178E-12 8.2516E-12 1.7215E-11 3.0655E-11 4.9912E-11 7.7679E-11 1.1356E-10 1.5881E-10 2.1428E-10 2.8270E-10 3.6976E-10 4.8080E-10 6.1387E-10 7.7656E-10 9.7170E-10 1.2029E-09 1.4791E-09 1.8061E-09 2.1824E-09 2.6171E-09 3.1102E-09 3.6631E-09 4.2840E-09 4.9660E-09 5.7108E-09 6.5172E-09 7.3696E-09 8.2683E-09 9.1982E-09 1.0135E-08 1.1071E-08 1.1982E-08 1.2840E-08 1.3629E-08 1.4322E-08 1.4893E-08 1.5327E-08 1.5605E-08 1.5711E-08 1.5635E-08 1.5380E-08 1.4945E-08 1.4343E-08 1.3589E-08 1.2707E-08 1.1724E-08 1.0666E-08 9.5668E-09 8.4560E-09 7.3635E-09 6.3143E-09 5.3321E-09 4.4313E-09 3.6247E-09 2.9169E-09 2.3062E-09 1.7836E-09
2.1631E-12 5.9222E-12 1.2152E-11 2.3703E-11 3.9920E-11 6.3813E-11 9.6120E-11 1.3570E-10 1.8814E-10 2.4903E-10 3.2923E-10 4.3136E-10 5.5650E-10 7.0831E-10 8.9481E-10 1.1123E-09 1.3794E-09 1.6935E-09 2.0621E-09 2.4884E-09 2.9741E-09 3.5280E-09 4.1502E-09 4.8371E-09 5.5970E-09 6.4209E-09 7.3021E-09 8.2386E-09 9.2092E-09 1.0202E-08 1.1201E-08 1.2178E-08 1.3113E-08 1.3983E-08 1.4758E-08 1.5415E-08 1.5930E-08 1.6283E-08 1.6456E-08 1.6439E-08 1.6225E-08 1.5816E-08 1.5224E-08 1.4464E-08 1.3559E-08 1.2534E-08 1.1423E-08 1.0259E-08 9.0743E-09 7.9039E-09 6.7759E-09 5.7151E-09 4.7417E-09 3.8679E-09 3.0998E-09 2.4372E-09 1.8738E-09
8.0853E-13 4.3730E-12 7.9344E-12 1.7149E-11 3.0938E-11 5.0805E-11 7.9065E-11 1.1418E-10 1.6090E-10 2.1659E-10 2.8924E-10 3.8293E-10 4.9706E-10 6.3967E-10 8.1339E-10 1.0202E-09 1.2734E-09 1.5738E-09 1.9317E-09 2.3472E-09 2.8261E-09 3.3742E-09 3.9935E-09 4.6855E-09 5.4556E-09 6.2915E-09 7.2017E-09 8.1705E-09 9.1806E-09 1.0230E-08 1.1289E-08 1.2336E-08 1.3353E-08 1.4308E-08 1.5172E-08 1.5923E-08 1.6530E-08 1.6969E-08 1.7223E-08 1.7275E-08 1.7116E-08 1.6748E-08 1.6179E-08 1.5423E-08 1.4501E-08 1.3443E-08 1.2283E-08 1.1056E-08 9.7994E-09 8.5489E-09 7.3349E-09 6.1912E-09 5.1352E-09 4.1848E-09 3.3475E-09 2.6231E-09 2.0115E-09
0.0000E+00 2.4436E-12 6.1238E-12 1.0868E-11 2.3057E-11 3.9243E-11 6.3827E-11 9.3379E-11 1.3548E-10 1.8481E-10 2.4991E-10 3.3535E-10 4.3788E-10 5.7091E-10 7.2937E-10 9.2670E-10 1.1626E-09 1.4494E-09 1.7924E-09 2.1932E-09 2.6629E-09 3.2017E-09 3.8143E-09 4.5068E-09 5.2787E-09 6.1279E-09 7.0586E-09 8.0506E-09 9.1044E-09 1.0203E-08 1.1317E-08 1.2438E-08 1.3535E-08 1.4574E-08 1.5536E-08 1.6385E-08 1.7092E-08 1.7630E-08 1.7977E-08 1.8110E-08 1.8024E-08 1.7711E-08 1.7179E-08 1.6438E-08 1.5514E-08 1.4434E-08 1.3234E-08 1.1951E-08 1.0624E-08 9.2917E-09 7.9928E-09 6.7572E-09 5.6123E-09 4.5768E-09 3.6577E-09 2.8644E-09 2.1950E-09
0.0000E+00 5.9825E-13 4.5779E-12 7.2793E-12 1.5352E-11 2.9155E-11 4.9286E-11 7.4881E-11 1.1051E-10 1.5464E-10 2.1207E-10 2.8877E-10 3.8132E-10 5.0224E-10 6.4754E-10 8.2998E-10 1.0504E-09 1.3195E-09 1.6460E-09 2.0293E-09 2.4840E-09 3.0096E-09 3.6117E-09 4.2986E-09 5.0659E-09 5.9232E-09 6.8638E-09 7.8771E-09 8.9638E-09 1.0100E-08 1.1271E-08 1.2459E-08 1.3627E-08 1.4758E-08 1.5817E-08 1.6768E-08 1.7581E-08 1.8228E-08 1.8676E-08 1.8907E-08 1.8905E-08 1.8665E-08 1.8186E-08 1.7482E-08 1.6573E-08 1.5487E-08 1.4259E-08 1.2931E-08 1.1542E-08 1.0135E-08 8.7499E-09 7.4229E-09 6.1857E-09 5.0584E-09 4.0549E-09 3.1817E-09 2.4464E-09
0.0000E+00 0.0000E+00 2.2325E-12 6.1334E-12 9.4034E-12 2.0400E-11 3.6420E-11 5.8071E-11 8.7860E-11 1.2610E-10 1.7637E-10 2.4349E-10 3.2698E-10 4.3358E-10 5.6777E-10 7.3290E-10 9.3857E-10 1.1862E-09 1.4942E-09 1.8569E-09 2.2914E-09 2.7994E-09 3.3858E-09 4.0580E-09 4.8161E-09 5.6718E-09 6.6115E-09 7.6410E-09 8.7477E-09 9.9141E-09 1.1133E-08 1.2375E-08 1.3614E-08 1.4828E-08 1.5979E-08 1.7032E-08 1.7958E-08 1.8714E-08 1.9275E-08 1.9615E-08 1.9716E-08 1.9563E-08 1.9159E-08 1.8513E-08 1.7641E-08 1.6569E-08 1.5333E-08 1.3975E-08 1.2538E-08 1.1064E-08 9.5993E-09 8.1849E-09 6.8536E-09 5.6306E-09 4.5321E-09 3.5762E-09 2.7605E-09
0.0000E+00 0.0000E+00 1.8896E-13 3.9622E-12 6.7696E-12 1.2277E-11 2.5023E-11 4.3271E-11 6.7992E-11 1.0091E-10 1.4336E-10 2.0203E-10 2.7419E-10 3.6984E-10 4.8779E-10 6.3854E-10 8.2456E-10 1.0540E-09 1.3374E-09 1.6787E-09 2.0891E-09 2.5700E-09 3.1389E-09 3.7876E-09 4.5300E-09 5.3707E-09 6.3042E-09 7.3344E-09 8.4478E-09 9.6370E-09 1.0888E-08 1.2169E-08 1.3471E-08 1.4758E-08 1.5992E-08 1.7145E-08 1.8177E-08 1.9046E-08 1.9728E-08 2.0187E-08 2.0401E-08 2.0356E-08 2.0051E-08 1.9480E-08 1.8670E-08 1.7636E-08 1.6420E-08 1.5056E-08 1.3588E-08 1.2065E-08 1.0535E-08 9.0408E-09 7.6198E-09 6.3016E-09 5.1103E-09 4.0588E-09 3.1567E-09
0.0000E+00 0.0000E+00 0.0000E+00 1.3868E-12 5.4037E-12 8.1078E-12 1.6071E-11 2.8888E-11 5.0815E-11 7.6523E-11 1.1399E-10 1.6256E-10 2.2516E-10 3.0875E-10 4.1184E-10 5.4781E-10 7.1337E-10 9.2306E-10 1.1807E-09 1.4968E-09 1.8789E-09 2.3302E-09 2.8711E-09 3.4921E-09 4.2093E-09 5.0240E-09 5.9402E-09 6.9568E-09 8.0642E-09 9.2600E-09 1.0522E-08 1.1837E-08 1.3183E-08 1.4524E-08 1.5835E-08 1.7077E-08 1.8202E-08 1.9189E-08 1.9990E-08 2.0573E-08 2.0913E-08 2.0996E-08 2.0801E-08 2.0339E-08 1.9616E-08 1.8655E-08 1.7482E-08 1.6139E-08 1.4670E-08 1.3122E-08 1.1543E-08 9.9827E-09 8.4798E-09 7.0653E-09 5.7780E-09 4.6315E-09 3.6316E-09
0.0000E+00 0.0000E+00 0.0000E+00 0.0000E+00 2.5825E-12 5.9255E-12 9.7179E-12 1.8808E-11 3.4589E-11 5.7415E-11 8.6772E-11 1.2801E-10 1.8114E-10 2.5177E-10 3.4174E-10 4.5948E-10 6.0779E-10 7.9389E-10 1.0276E-09 1.3143E-09 1.6652E-09 2.0857E-09 2.5875E-09 3.1795E-09 3.8608E-09 4.6409E-09 5.5273E-09 6.5134E-09 7.6023E-09 8.7847E-09 1.0045E-08 1.1373E-08 1.2742E-08 1.4124E-08 1.5493E-08 1.6802E-08 1.8022E-08 1.9112E-08 2.0027E-08 2.0738E-08 2.1216E-08 2.1431E-08 2.1375E-08 2.1041E-08 2.0435E-08 1.9571E-08 1.8477E-08 1.7188E-08 1.5746E-08 1.4195E-08 1.2594E-08 1.0987E-08 9.4163E-09 7.9212E-09 6.5379E-09 5.2904E-09 4.1912E-09
0.0000E+00 0.0000E+00 0.0000E+00 0.0000E+00 5.6124E-13 3.6384E-12 6.4631E-12 1.1252E-11 2.2244E-11 4.0053E-11 6.4642E-11 9.7978E-11 1.4243E-10 2.0134E-10 2.7937E-10 3.7948E-10 5.0958E-10 6.7286E-10 8.8080E-10 1.1374E-09 1.4547E-09 1.8400E-09 2.3026E-09 2.8502E-09 3.4937E-09 4.2297E-09 5.0707E-09 6.0186E-09 7.0701E-09 8.2225E-09 9.4631E-09 1.0781E-08 1.2153E-08 1.3557E-08 1.4959E-08 1.6322E-08 1.7616E-08 1.8794E-08 1.9820E-08 2.0656E-08 2.1269E-08 2.1632E-08 2.1727E-08 2.1541E-08 2.1077E-08 2.0344E-08 1.9360E-08 1.8157E-08 1.6773E-08 1.5260E-08 1.3663E-08 1.2032E-08 1.0411E-08 8.8466E-09 7.3782E-09 6.0301E-09 4.8267E-09
0.0000E+00 0.0000E+00 0.0000E+00 0.0000E+00 0.0000E+00 1.2092E-12 4.0983E-12 7.2353E-12 1.3927E-11 2.5973E-11 4.5490E-11 7.2709E-11 1.0892E-10 1.5899E-10 2.2344E-10 3.0983E-10 4.2056E-10 5.6302E-10 7.4343E-10 9.7217E-10 1.2525E-09 1.6017E-09 2.0190E-09 2.5210E-09 3.1138E-09 3.8010E-09 4.5913E-09 5.4833E-09 6.4843E-09 7.5901E-09 8.7894E-09 1.0081E-08 1.1429E-08 1.2829E-08 1.4240E-08 1.5638E-08 1.6981E-08 1.8234E-08 1.9355E-08 2.0309E-08 2.1054E-08 2.1569E-08 2.1822E-08 2.1803E-08 2.1504E-08 2.0929E-08 2.0088E-08 1.9008E-08 1.7727E-08 1.6281E-08 1.4724E-08 1.3096E-08 1.1450E-08 9.8344E-09 8.2898E-09 6.8494E-09 5.5385E-09
0.0000E+00 0.0000E+00 0.0000E+00 0.0000E+00 0.0000E+00 4.9352E-14 1.7502E-12 4.2201E-12 8.3967E-12 1.6360E-11 2.9264E-11 5.2461E-11 8.0937E-11 1.2310E-10 1.7565E-10 2.4868E-10 3.4194E-10 4.6558E-10 6.1936E-10 8.1875E-10 1.0653E-09 1.3728E-09 1.7464E-09 2.1979E-09 2.7344E-09 3.3667E-09 4.0955E-09 4.9251E-09 5.8595E-09 6.9012E-09 8.0455E-09 9.2791E-09 1.0591E-08 1.1959E-08 1.3358E-08 1.4761E-08 1.6134E-08 1.7437E-08 1.8639E-08 1.9692E-08 2.0567E-08 2.1229E-08 2.1649E-08 2.1808E-08 2.1694E-08 2.1298E-08 2.0632E-08 1.9712E-08 1.8567E-08 1.7232E-08 1.5748E-08 1.4160E-08 1.2519E-08 1.0873E-08 9.2699E-09 7.7451E-09 6.3296E-09
0.0000E+00 0.0000E+00 5.7616E-14 4.6602E-14 0.0000E+00 0.0000E+00 2.3749E-13 2.1510E-12 4.5541E-12 9.8375E-12 1.8017E-11 3.3860E-11 5.9073E-11 9.1176E-11 1.3710E-10 1.9510E-10 2.7529E-10 3.7552E-10 5.0966E-10 6.7899E-10 8.9307E-10 1.1630E-09 1.4888E-09 1.8892E-09 2.3689E-09 2.9350E-09 3.6009E-09 4.3593E-09 5.2200E-09 6.1859E-09 7.2534E-09 8.4191E-09 9.6637E-09 1.0982E-08 1.2343E-08 1.3726E-08 1.5101E-08 1.6434E-08 1.7688E-08 1.8827E-08 1.9816E-08 2.0617E-08 2.1202E-08 2.1546E-08 2.1626E-08 2.1435E-08 2.0968E-08 2.0239E-08 1.9267E-08 1.8079E-08 1.6707E-08 1.5198E-08 1.3592E-08 1.1945E-08 1.0301E-08 8.7053E-09 7.1963E-09
0.0000E+00 0.0000E+00 0.0000E+00 0.0000E+00 0.0000E+00 0.0000E+00 0.0000E+00 6.0247E-13 2.2426E-12 5.6517E-12 1.0784E-11 2.1096E-11 3.8694E-11 6.6719E-11 1.0140E-10 1.5186E-10 2.1556E-10 3.0185E-10 4.1214E-10 5.5829E-10 7.3754E-10 9.7041E-10 1.2507E-09 1.6027E-09 2.0216E-09 2.5241E-09 3.1157E-09 3.8019E-09 4.5814E-09 5.4624E-09 6.4429E-09 7.5224E-09 8.6867E-09 9.9317E-09 1.1232E-08 1.2571E-08 1.3925E-08 1.5260E-08 1.6543E-08 1.7746E-08 1.8829E-08 1.9757E-08 2.0501E-08 2.1024E-08 2.1308E-08 2.1332E-08 2.1090E-08 2.0580E-08 1.9814E-08 1.8803E-08 1.7583E-08 1.6184E-08 1.4652E-08 1.3031E-08 1.1374E-08 9.7241E-09 8.1330E-09
0.0000E+00 0.0000E+00 0.0000E+00 0.0000E+00 0.0000E+00 0.0000E+00 0.0000E+00 0.0000E+00 5.0650E-13 3.0512E-12 6.7081E-12 1.2835E-11 2.3959E-11 4.3643E-11 7.4149E-11 1.1256E-10 1.6716E-10 2.3650E-10 3.3007E-10 4.5076E-10 6.0402E-10 7.9926E-10 1.0405E-09 1.3391E-09 1.7048E-09 2.1386E-09 2.6608E-09 3.2648E-09 3.9636E-09 4.7536E-09 5.6394E-09 6.6212E-09 7.6919E-09 8.8487E-09 1.0070E-08 1.1347E-08 1.2656E-08 1.3969E-08 1.5263E-08 1.6503E-08 1.7657E-08 1.8695E-08 1.9576E-08 2.0271E-08 2.0755E-08 2.1001E-08 2.0991E-08 2.0719E-08 2.0182E-08 1.9391E-08 1.8357E-08 1.7111E-08 1.5687E-08 1.4130E-08 1.2485E-08 1.0808E-08 9.1438E-09
0.0000E+00 0.0000E+00 0.0000E+00 0.0000E+00 0.0000E+00 0.0000E+00 0.0000E+00 0.0000E+00 0.0000E+00 7.8839E-13 3.8867E-12 7.3360E-12 1.5054E-11 2.6867E-11 5.0099E-11 8.1769E-11 1.2497E-10 1.8257E-10 2.5804E-10 3.5953E-10 4.8517E-10 6.5081E-10 8.5208E-10 1.1072E-09 1.4174E-09 1.7915E-09 2.2416E-09 2.7676E-09 3.3791E-09 4.0823E-09 4.8689E-09 5.7494E-09 6.7180E-09 7.7736E-09 8.9031E-09 1.0099E-08 1.1340E-08 1.2612E-08 1.3887E-08 1.5139E-08 1.6341E-08 1.7460E-08 1.8461E-08 1.9315E-08 1.9988E-08 2.0451E-08 2.0682E-08 2.0661E-08 2.0377E-08 1.9825E-08 1.9010E-08 1.7954E-08 1.6681E-08 1.5223E-08 1.3626E-08 1.1944E-08 1.0229E-08
0.0000E+00 0.0000E+00 0.0000E+00 0.0000E+00 0.0000E+00 0.0000E+00 0.0000E+00 0.0000E+00 0.0000E+00 0.0000E+00 1.6636E-12 4.4921E-12 9.5491E-12 1.7530E-11 3.1770E-11 5.7174E-11 8.9525E-11 1.3806E-10 1.9694E-10 2.8218E-10 3.8404E-10 5.2206E-10 6.9005E-10 9.0343E-10 1.1656E-09 1.4812E-09 1.8650E-09 2.3158E-09 2.8421E-09 3.4550E-09 4.1468E-09 4.9280E-09 5.7877E-09 6.7362E-09 7.7650E-09 8.8649E-09 1.0026E-08 1.1234E-08 1.2468E-08 1.3710E-08 1.4931E-08 1.6105E-08 1.7204E-08 1.8192E-08 1.9038E-08 1.9708E-08 2.0176E-08 2.0409E-08 2.0391E-08 2.0101E-08 1.9539E-08 1.8700E-08 1.7613E-08 1.6288E-08 1.4781E-08 1.3127E-08 1.1396E-08
0.0000E+00 0.0000E+00 0.0000E+00 0.0000E+00 0.0000E+00 0.0000E+00 0.0000E+00 0.0000E+00 0.0000E+00 0.0000E+00 4.0637E-13 2.5021E-12 5.4786E-12 1.1622E-11 2.0135E-11 3.7759E-11 6.3141E-11 9.9255E-11 1.4946E-10 2.1535E-10 3.0246E-10 4.1261E-10 5.5377E-10 7.2810E-10 9.4832E-10 1.2099E-09 1.5333E-09 1.9144E-09 2.3624E-09 2.8851E-09 3.4861E-09 4.1663E-09 4.9231E-09 5.7647E-09 6.6854E-09 7.6824E-09 8.7494E-09 9.8784E-09 1.1053E-08 1.2260E-08 1.3475E-08 1.4681E-08 1.5847E-08 1.6942E-08 1.7937E-08 1.8798E-08 1.9485E-08 1.9972E-08 2.0223E-08 2.0208E-08 1.9912E-08 1.9337E-08 1.8468E-08 1.7333E-08 1.5948E-08 1.4367E-08 1.2650E-08
0.0000E+00 0.0000E+00 0.0000E+00 0.0000E+00 0.0000E+00 0.0000E+00 0.0000E+00 0.0000E+00 0.0000E+00 0.0000E+00 0.0000E+00 1.1954E-12 2.8644E-12 7.3786E-12 1.4108E-11 2.4177E-11 4.4314E-11 6.9866E-11 1.0991E-10 1.6102E-10 2.3261E-10 3.2101E-10 4.3663E-10 5.7870E-10 7.5956E-10 9.7547E-10 1.2425E-09 1.5608E-09 1.9358E-09 2.3774E-09 2.8863E-09 3.4745E-09 4.1293E-09 4.8650E-09 5.6798E-09 6.5674E-09 7.5354E-09 8.5724E-09 9.6709E-09 1.0822E-08 1.2008E-08 1.3219E-08 1.4423E-08 1.5598E-08 1.6717E-08 1.7739E-08 1.8630E-08 1.9355E-08 1.9866E-08 2.0136E-08 2.0137E-08 1.9839E-08 1.9227E-08 1.8315E-08 1.7109E-08 1.5651E-08 1.3980E-08
0.0000E+00 0.0000E+00 0.0000E+00 0.0000E+00 0.0000E+00 0.0000E+00 0.0000E+00 0.0000E+00 0.0000E+00 0.0000E+00 0.0000E+00 1.2469E-13 1.9738E-12 3.8297E-12 9.1750E-12 1.6019E-11 2.8727E-11 4.8947E-11 7.7595E-11 1.1927E-10 1.7236E-10 2.4638E-10 3.3285E-10 4.5310E-10 5.9418E-10 7.7449E-10 9.8775E-10 1.2534E-09 1.5600E-09 1.9297E-09 2.3533E-09 2.8510E-09 3.4086E-09 4.0447E-09 4.7521E-09 5.5343E-09 6.3969E-09 7.3346E-09 8.3462E-09 9.4260E-09 1.0562E-08 1.1750E-08 1.2964E-08 1.4189E-08 1.5397E-08 1.6550E-08 1.7620E-08 1.8558E-08 1.9326E-08 1.9880E-08 2.0181E-08 2.0183E-08 1.9878E-08 1.9230E-08 1.8253E-08 1.6956E-08 1.5393E-08
