Assets/Resources/2015_m01_d31_0700(utc+0800)_l00_csi_1hr_conc.grd
DSAA
         159         159
     -79.000      79.000
     -79.000      79.000
  0.0000E+00  0.7841E-05
[rows 25 to 49 of 159, columns 57 to 113 of 159]
1.4459E-09 1.7850E-09 2.1918E-09 2.6660E-09 3.2343E-09 3.9101E-09 4.6960E-09 5.6354E-09 6.7144E-09 7.9867E-09 9.4605E-09 1.1133E-08 1.3044E-08 1.5144E-08 1.7466E-08 1.9974E-08 2.2611E-08 2.5323E-08 2.8052E-08 3.0692E-08 3.3157E-08 3.5336E-08 3.7117E-08 3.8395E-08 3.9079E-08 3.9108E-08 3.8453E-08 3.7123E-08 3.5174E-08 3.2694E-08 2.9804E-08 2.6634E-08 2.3326E-08 2.0019E-08 1.6838E-08 1.3889E-08 1.1230E-08 8.8898E-09 6.8946E-09 5.2552E-09 3.9250E-09 2.8691E-09 2.0516E-09 1.4276E-09 9.3203E-10 5.4998E-10 3.1576E-10 1.5359E-10 4.7985E-11 3.8145E-12 0.0000E+00 0.0000E+00 0.0000E+00 0.0000E+00 0.0000E+00 0.0000E+00 0.0000E+00
1.2655E-09 1.5696E-09 1.9435E-09 2.3747E-09 2.8946E-09 3.5237E-09 4.2477E-09 5.1386E-09 6.1556E-09 7.3882E-09 8.8013E-09 1.0458E-08 1.2330E-08 1.4437E-08 1.6797E-08 1.9355E-08 2.2094E-08 2.4972E-08 2.7893E-08 3.0777E-08 3.3522E-08 3.6000E-08 3.8088E-08 3.9657E-08 4.0601E-08 4.0839E-08 4.0331E-08 3.9086E-08 3.7143E-08 3.4596E-08 3.1576E-08 2.8230E-08 2.4718E-08 2.1193E-08 1.7787E-08 1.4615E-08 1.1759E-08 9.2824E-09 7.1707E-09 5.4157E-09 4.0210E-09 2.9235E-09 2.0686E-09 1.4240E-09 9.0575E-10 5.2666E-10 2.9658E-10 1.2772E-10 3.1090E-11 9.8194E-13 0.0000E+00 0.0000E+00 0.0000E+00 0.0000E+00 0.0000E+00 0.0000E+00 0.0000E+00
1.0871E-09 1.3631E-09 1.6887E-09 2.0839E-09 2.5615E-09 3.1374E-09 3.8053E-09 4.6284E-09 5.5913E-09 6.7548E-09 8.1136E-09 9.7209E-09 1.1547E-08 1.3662E-08 1.6027E-08 1.8638E-08 2.1488E-08 2.4505E-08 2.7617E-08 3.0755E-08 3.3792E-08 3.6591E-08 3.9007E-08 4.0896E-08 4.2132E-08 4.2617E-08 4.2287E-08 4.1146E-08 3.9219E-08 3.6612E-08 3.3461E-08 2.9925E-08 2.6183E-08 2.2421E-08 1.8786E-08 1.5400E-08 1.2341E-08 9.6742E-09 7.4393E-09 5.6019E-09 4.1158E-09 2.9714E-09 2.0889E-09 1.4143E-09 8.6626E-10 5.0977E-10 2.7284E-10 1.0103E-10 1.8833E-11 0.0000E+00 0.0000E+00 0.0000E+00 0.0000E+00 0.0000E+00 0.0000E+00 0.0000E+00 0.0000E+00
9.2717E-10 1.1685E-09 1.4541E-09 1.8112E-09 2.2381E-09 2.7577E-09 3.3681E-09 4.1195E-09 5.0274E-09 6.1046E-09 7.4094E-09 8.9382E-09 1.0733E-08 1.2816E-08 1.5172E-08 1.7836E-08 2.0768E-08 2.3921E-08 2.7243E-08 3.0639E-08 3.3972E-08 3.7107E-08 3.9877E-08 4.2120E-08 4.3681E-08 4.4438E-08 4.4314E-08 4.3290E-08 4.1397E-08 3.8735E-08 3.5448E-08 3.1727E-08 2.7756E-08 2.3731E-08 1.9826E-08 1.6200E-08 1.2946E-08 1.0107E-08 7.7078E-09 5.7647E-09 4.2216E-09 3.0076E-09 2.0973E-09 1.3816E-09 8.3611E-10 4.8625E-10 2.4190E-10 7.5981E-11 8.8448E-12 0.0000E+00 0.0000E+00 0.0000E+00 0.0000E+00 0.0000E+00 0.0000E+00 0.0000E+00 0.0000E+00
7.1905E-10 9.8579E-10 1.2338E-09 1.5470E-09 1.9234E-09 2.3929E-09 2.9466E-09 3.6212E-09 4.4668E-09 5.4550E-09 6.6895E-09 8.1362E-09 9.8846E-09 1.1917E-08 1.4274E-08 1.6966E-08 1.9961E-08 2.3251E-08 2.6765E-08 3.0413E-08 3.4058E-08 3.7544E-08 4.0690E-08 4.3304E-08 4.5222E-08 4.6288E-08 4.6407E-08 4.5524E-08 4.3673E-08 4.0964E-08 3.7540E-08 3.3610E-08 2.9389E-08 2.5096E-08 2.0922E-08 1.7031E-08 1.3538E-08 1.0527E-08 7.9973E-09 5.9220E-09 4.3046E-09 3.0483E-09 2.0936E-09 1.3419E-09 8.1852E-10 4.5960E-10 2.1441E-10 6.0401E-11 2.1609E-12 0.0000E+00 0.0000E+00 0.0000E+00 0.0000E+00 0.0000E+00 0.0000E+00 0.0000E+00 0.0000E+00
5.9805E-10 7.7003E-10 1.0189E-09 1.2907E-09 1.6364E-09 2.0498E-09 2.5446E-09 3.1453E-09 3.9190E-09 4.8260E-09 5.9669E-09 7.3405E-09 9.0174E-09 1.0989E-08 1.3333E-08 1.6021E-08 1.9084E-08 2.2500E-08 2.6198E-08 3.0092E-08 3.4047E-08 3.7899E-08 4.1443E-08 4.4477E-08 4.6788E-08 4.8192E-08 4.8572E-08 4.7861E-08 4.6074E-08 4.3310E-08 3.9737E-08 3.5594E-08 3.1092E-08 2.6496E-08 2.2037E-08 1.7881E-08 1.4150E-08 1.0925E-08 8.2523E-09 6.0879E-09 4.3650E-09 3.0737E-09 2.0771E-09 1.3079E-09 7.8513E-10 4.3478E-10 1.9012E-10 4.2501E-11 0.0000E+00 0.0000E+00 0.0000E+00 0.0000E+00 0.0000E+00 0.0000E+00 0.0000E+00 0.0000E+00 0.0000E+00
4.9458E-10 6.1285E-10 7.9151E-10 1.0621E-09 1.3429E-09 1.7129E-09 2.1685E-09 2.7001E-09 3.3941E-09 4.2254E-09 5.2623E-09 6.5637E-09 8.1463E-09 1.0066E-08 1.2359E-08 1.5043E-08 1.8159E-08 2.1664E-08 2.5536E-08 2.9677E-08 3.3953E-08 3.8184E-08 4.2148E-08 4.5621E-08 4.8354E-08 5.0133E-08 5.0807E-08 5.0277E-08 4.8568E-08 4.5763E-08 4.2045E-08 3.7653E-08 3.2856E-08 2.7937E-08 2.3146E-08 1.8701E-08 1.4737E-08 1.1316E-08 8.4711E-09 6.2072E-09 4.4320E-09 3.0717E-09 2.0485E-09 1.2865E-09 7.5916E-10 4.0295E-10 1.6993E-10 1.8521E-11 0.0000E+00 0.0000E+00 0.0000E+00 0.0000E+00 0.0000E+00 0.0000E+00 0.0000E+00 0.0000E+00 0.0000E+00
4.0715E-10 5.0033E-10 6.1873E-10 8.1278E-10 1.0945E-09 1.4050E-09 1.7855E-09 2.2878E-09 2.9057E-09 3.6617E-09 4.5876E-09 5.8055E-09 7.2913E-09 9.1469E-09 1.1375E-08 1.4043E-08 1.7174E-08 2.0774E-08 2.4804E-08 2.9175E-08 3.3767E-08 3.8389E-08 4.2791E-08 4.6723E-08 4.9904E-08 5.2084E-08 5.3074E-08 5.2756E-08 5.1118E-08 4.8257E-08 4.4366E-08 3.9736E-08 3.4637E-08 2.9388E-08 2.4263E-08 1.9499E-08 1.5264E-08 1.1660E-08 8.6735E-09 6.2832E-09 4.4588E-09 3.0506E-09 2.0084E-09 1.2403E-09 7.2659E-10 3.7830E-10 1.4411E-10 3.5644E-12 0.0000E+00 0.0000E+00 0.0000E+00 0.0000E+00 0.0000E+00 0.0000E+00 0.0000E+00 0.0000E+00 0.0000E+00
3.2712E-10 4.0239E-10 5.0405E-10 6.3062E-10 8.3152E-10 1.1384E-09 1.4743E-09 1.9029E-09 2.4528E-09 3.1328E-09 3.9591E-09 5.0748E-09 6.4678E-09 8.2289E-09 1.0390E-08 1.3026E-08 1.6165E-08 1.9821E-08 2.3981E-08 2.8584E-08 3.3494E-08 3.8504E-08 4.3369E-08 4.7797E-08 5.1464E-08 5.4079E-08 5.5410E-08 5.5310E-08 5.3754E-08 5.0836E-08 4.6761E-08 4.1822E-08 3.6370E-08 3.0755E-08 2.5304E-08 2.0249E-08 1.5749E-08 1.1925E-08 8.8141E-09 6.3348E-09 4.4354E-09 3.0167E-09 1.9614E-09 1.2024E-09 6.8948E-10 3.4741E-10 1.1099E-10 0.0000E+00 0.0000E+00 0.0000E+00 0.0000E+00 0.0000E+00 0.0000E+00 0.0000E+00 0.0000E+00 0.0000E+00 0.0000E+00
2.6201E-10 3.2069E-10 3.9946E-10 4.9540E-10 6.2375E-10 8.4070E-10 1.1713E-09 1.5546E-09 2.0326E-09 2.6445E-09 3.3763E-09 4.3859E-09 5.6839E-09 7.3376E-09 9.4165E-09 1.1993E-08 1.5115E-08 1.8812E-08 2.3102E-08 2.7927E-08 3.3151E-08 3.8575E-08 4.3906E-08 4.8837E-08 5.3000E-08 5.6066E-08 5.7750E-08 5.7870E-08 5.6377E-08 5.3376E-08 4.9111E-08 4.3879E-08 3.8074E-08 3.2068E-08 2.6238E-08 2.0871E-08 1.6148E-08 1.2136E-08 8.8768E-09 6.3327E-09 4.3775E-09 2.9512E-09 1.8878E-09 1.1563E-09 6.5522E-10 3.0635E-10 8.2012E-11 0.0000E+00 0.0000E+00 0.0000E+00 0.0000E+00 0.0000E+00 0.0000E+00 0.0000E+00 0.0000E+00 0.0000E+00 0.0000E+00
1.7213E-10 2.4148E-10 3.0510E-10 3.8940E-10 4.9759E-10 6.3094E-10 8.6048E-10 1.2118E-09 1.6425E-09 2.1942E-09 2.8496E-09 3.7395E-09 4.9387E-09 6.4734E-09 8.4688E-09 1.0966E-08 1.4039E-08 1.7769E-08 2.2174E-08 2.7198E-08 3.2724E-08 3.8542E-08 4.4364E-08 4.9824E-08 5.4516E-08 5.8042E-08 6.0084E-08 6.0423E-08 5.8995E-08 5.5901E-08 5.1366E-08 4.5786E-08 3.9600E-08 3.3231E-08 2.7056E-08 2.1374E-08 1.6404E-08 1.2247E-08 8.8715E-09 6.2525E-09 4.2884E-09 2.8542E-09 1.8191E-09 1.1174E-09 6.1353E-10 2.4830E-10 6.2087E-11 0.0000E+00 0.0000E+00 0.0000E+00 0.0000E+00 0.0000E+00 0.0000E+00 0.0000E+00 0.0000E+00 0.0000E+00 0.0000E+00
1.1289E-10 1.4117E-10 2.1683E-10 2.8021E-10 3.8717E-10 4.9186E-10 6.4351E-10 9.1731E-10 1.2885E-09 1.7548E-09 2.3665E-09 3.1442E-09 4.2339E-09 5.6581E-09 7.5368E-09 9.9379E-09 1.2967E-08 1.6708E-08 2.1191E-08 2.6403E-08 3.2233E-08 3.8469E-08 4.4794E-08 5.0803E-08 5.6038E-08 6.0049E-08 6.2454E-08 6.2975E-08 6.1556E-08 5.8304E-08 5.3525E-08 4.7592E-08 4.0985E-08 3.4199E-08 2.7680E-08 2.1725E-08 1.6534E-08 1.2224E-08 8.7879E-09 6.1133E-09 4.1542E-09 2.7326E-09 1.7303E-09 1.0582E-09 5.3890E-10 1.9785E-10 4.1117E-11 0.0000E+00 0.0000E+00 0.0000E+00 0.0000E+00 0.0000E+00 0.0000E+00 0.0000E+00 0.0000E+00 0.0000E+00 0.0000E+00
3.9783E-11 9.0068E-11 1.1325E-10 1.8765E-10 2.5805E-10 3.7195E-10 4.8742E-10 6.5243E-10 9.8784E-10 1.4048E-09 1.9202E-09 2.6122E-09 3.5801E-09 4.8897E-09 6.6386E-09 8.9449E-09 1.1908E-08 1.5627E-08 2.0185E-08 2.5580E-08 3.1710E-08 3.8361E-08 4.5190E-08 5.1752E-08 5.7525E-08 6.2002E-08 6.4741E-08 6.5465E-08 6.4066E-08 6.0636E-08 5.5515E-08 4.9174E-08 4.2149E-08 3.4964E-08 2.8085E-08 2.1866E-08 1.6508E-08 1.2074E-08 8.5830E-09 5.9200E-09 3.9710E-09 2.6024E-09 1.6426E-09 9.7379E-10 4.4546E-10 1.5409E-10 2.3734E-11 0.0000E+00 0.0000E+00 0.0000E+00 0.0000E+00 0.0000E+00 0.0000E+00 0.0000E+00 0.0000E+00 0.0000E+00 0.0000E+00
1.1780E-11 2.0998E-11 6.3791E-11 8.6991E-11 1.5589E-10 2.3507E-10 3.6778E-10 4.8877E-10 6.6618E-10 1.0424E-09 1.5125E-09 2.1321E-09 2.9797E-09 4.1722E-09 5.7985E-09 7.9911E-09 1.0869E-08 1.4564E-08 1.9178E-08 2.4731E-08 3.1142E-08 3.8194E-08 4.5531E-08 5.2659E-08 5.9009E-08 6.3996E-08 6.7084E-08 6.7947E-08 6.6479E-08 6.2820E-08 5.7336E-08 5.0552E-08 4.3063E-08 3.5472E-08 2.8262E-08 2.1789E-08 1.6285E-08 1.1803E-08 8.2917E-09 5.6627E-09 3.7593E-09 2.4381E-09 1.5111E-09 8.6110E-10 3.6011E-10 1.1312E-10 1.3136E-12 0.0000E+00 0.0000E+00 0.0000E+00 0.0000E+00 0.0000E+00 0.0000E+00 0.0000E+00 0.0000E+00 0.0000E+00 0.0000E+00
1.6027E-12 6.5515E-12 1.3555E-11 4.3955E-11 6.3777E-11 1.2641E-10 2.1377E-10 3.5857E-10 5.0207E-10 6.9145E-10 1.1151E-09 1.6648E-09 2.4516E-09 3.5132E-09 5.0134E-09 7.0779E-09 9.8705E-09 1.3531E-08 1.8174E-08 2.3863E-08 3.0550E-08 3.8025E-08 4.5901E-08 5.3622E-08 6.0544E-08 6.6000E-08 6.9413E-08 7.0400E-08 6.8833E-08 6.4867E-08 5.8942E-08 5.1658E-08 4.3692E-08 3.5681E-08 2.8159E-08 2.1498E-08 1.5873E-08 1.1380E-08 7.9049E-09 5.3403E-09 3.5130E-09 2.2473E-09 1.3634E-09 7.3208E-10 2.6327E-10 5.6245E-11 0.0000E+00 0.0000E+00 0.0000E+00 0.0000E+00 0.0000E+00 0.0000E+00 0.0000E+00 0.0000E+00 0.0000E+00 0.0000E+00 0.0000E+00
0.0000E+00 5.1956E-13 3.0455E-12 7.4866E-12 2.6224E-11 4.5077E-11 9.8197E-11 1.9348E-10 3.4286E-10 5.0448E-10 7.6354E-10 1.2812E-09 1.9487E-09 2.9194E-09 4.3047E-09 6.2399E-09 8.9464E-09 1.2537E-08 1.7191E-08 2.3012E-08 2.9975E-08 3.7854E-08 4.6240E-08 5.4543E-08 6.2041E-08 6.7971E-08 7.1678E-08 7.2722E-08 7.0993E-08 6.6683E-08 6.0285E-08 5.2439E-08 4.3956E-08 3.5541E-08 2.7741E-08 2.0940E-08 1.5290E-08 1.0806E-08 7.4347E-09 4.9479E-09 3.2062E-09 2.0000E-09 1.1828E-09 5.7725E-10 1.8906E-10 1.9428E-11 0.0000E+00 0.0000E+00 0.0000E+00 0.0000E+00 0.0000E+00 0.0000E+00 0.0000E+00 0.0000E+00 0.0000E+00 0.0000E+00 0.0000E+00
0.0000E+00 0.0000E+00 8.7763E-14 1.0630E-12 3.3646E-12 1.1302E-11 2.6564E-11 6.8111E-11 1.7247E-10 3.2277E-10 5.0307E-10 8.6827E-10 1.5609E-09 2.4179E-09 3.6519E-09 5.5025E-09 8.0955E-09 1.1619E-08 1.6279E-08 2.2214E-08 2.9408E-08 3.7665E-08 4.6564E-08 5.5447E-08 6.3507E-08 6.9894E-08 7.3864E-08 7.4931E-08 7.2915E-08 6.8123E-08 6.1162E-08 5.2786E-08 4.3833E-08 3.5051E-08 2.7028E-08 2.0133E-08 1.4530E-08 1.0138E-08 6.8595E-09 4.4768E-09 2.8410E-09 1.7350E-09 9.5691E-10 4.2399E-10 8.0496E-11 5.0610E-12 0.0000E+00 0.0000E+00 0.0000E+00 0.0000E+00 0.0000E+00 0.0000E+00 0.0000E+00 0.0000E+00 0.0000E+00 0.0000E+00 0.0000E+00
0.0000E+00 0.0000E+00 0.0000E+00 0.0000E+00 2.2403E-13 1.0949E-12 2.7194E-12 1.2000E-11 4.0154E-11 1.4951E-10 3.1840E-10 6.0845E-10 1.1025E-09 1.9839E-09 3.1456E-09 4.8327E-09 7.3257E-09 1.0799E-08 1.5449E-08 2.1465E-08 2.8882E-08 3.7518E-08 4.6927E-08 5.6390E-08 6.5002E-08 7.1782E-08 7.5905E-08 7.6868E-08 7.4557E-08 6.9282E-08 6.1694E-08 5.2707E-08 4.3266E-08 3.4170E-08 2.6010E-08 1.9103E-08 1.3552E-08 9.3236E-09 6.1853E-09 3.9568E-09 2.4591E-09 1.4340E-09 7.3944E-10 2.5233E-10 3.8347E-11 1.3118E-13 0.0000E+00 0.0000E+00 0.0000E+00 0.0000E+00 0.0000E+00 0.0000E+00 0.0000E+00 0.0000E+00 0.0000E+00 0.0000E+00 0.0000E+00
0.0000E+00 0.0000E+00 0.0000E+00 0.0000E+00 0.0000E+00 0.0000E+00 1.9197E-13 6.9601E-13 3.3553E-12 1.8543E-11 1.2602E-10 4.1219E-10 8.3523E-10 1.5259E-09 2.6395E-09 4.2547E-09 6.6305E-09 1.0057E-08 1.4692E-08 2.0798E-08 2.8443E-08 3.7435E-08 4.7304E-08 5.7297E-08 6.6403E-08 7.3559E-08 7.7838E-08 7.8642E-08 7.5882E-08 6.9975E-08 6.1726E-08 5.2159E-08 4.2275E-08 3.2919E-08 2.4670E-08 1.7827E-08 1.2441E-08 8.3963E-09 5.4614E-09 3.4086E-09 2.0680E-09 1.1067E-09 5.0925E-10 1.0966E-10 1.0650E-11 0.0000E+00 0.0000E+00 0.0000E+00 0.0000E+00 0.0000E+00 0.0000E+00 0.0000E+00 0.0000E+00 0.0000E+00 0.0000E+00 0.0000E+00 0.0000E+00
0.0000E+00 0.0000E+00 0.0000E+00 0.0000E+00 0.0000E+00 0.0000E+00 0.0000E+00 0.0000E+00 2.4867E-14 2.8855E-13 7.3272E-12 2.0150E-10 6.2144E-10 1.2477E-09 2.2503E-09 3.7678E-09 6.0479E-09 9.4153E-09 1.4033E-08 2.0240E-08 2.8091E-08 3.7421E-08 4.7771E-08 5.8298E-08 6.7890E-08 7.5352E-08 7.9659E-08 8.0196E-08 7.6914E-08 7.0355E-08 6.1423E-08 5.1253E-08 4.0928E-08 3.1343E-08 2.3062E-08 1.6346E-08 1.1172E-08 7.3592E-09 4.6698E-09 2.8373E-09 1.6558E-09 8.2437E-10 2.6491E-10 4.9372E-11 8.1545E-13 0.0000E+00 0.0000E+00 0.0000E+00 0.0000E+00 0.0000E+00 0.0000E+00 0.0000E+00 0.0000E+00 0.0000E+00 0.0000E+00 0.0000E+00 0.0000E+00
0.0000E+00 0.0000E+00 0.0000E+00 0.0000E+00 0.0000E+00 0.0000E+00 0.0000E+00 0.0000E+00 0.0000E+00 0.0000E+00 0.0000E+00 7.4754E-11 3.8444E-10 9.8517E-10 1.8685E-09 3.3434E-09 5.5476E-09 8.8001E-09 1.3473E-08 1.9763E-08 2.7811E-08 3.7497E-08 4.8324E-08 5.9372E-08 6.9422E-08 7.7159E-08 8.1456E-08 8.1662E-08 7.7775E-08 7.0423E-08 6.0695E-08 4.9859E-08 3.9141E-08 2.9425E-08 2.1206E-08 1.4690E-08 9.7970E-09 6.3146E-09 3.8854E-09 2.2795E-09 1.2187E-09 4.9228E-10 1.2234E-10 1.1585E-11 0.0000E+00 0.0000E+00 0.0000E+00 0.0000E+00 0.0000E+00 0.0000E+00 0.0000E+00 0.0000E+00 0.0000E+00 0.0000E+00 0.0000E+00 0.0000E+00 0.0000E+00
0.0000E+00 0.0000E+00 0.0000E+00 0.0000E+00 0.0000E+00 0.0000E+00 0.0000E+00 0.0000E+00 0.0000E+00 0.0000E+00 0.0000E+00 5.2385E-11 2.3868E-10 7.3063E-10 1.5852E-09 2.9092E-09 5.0848E-09 8.3275E-09 1.2960E-08 1.9291E-08 2.7574E-08 3.7666E-08 4.9016E-08 6.0613E-08 7.1100E-08 7.9067E-08 8.3269E-08 8.3029E-08 7.8412E-08 7.0222E-08 5.9671E-08 4.8208E-08 3.7098E-08 2.7267E-08 1.9208E-08 1.2957E-08 8.4209E-09 5.2399E-09 3.0829E-09 1.7284E-09 8.4059E-10 2.2595E-10 4.5215E-11 0.0000E+00 0.0000E+00 0.0000E+00 0.0000E+00 0.0000E+00 0.0000E+00 0.0000E+00 0.0000E+00 0.0000E+00 0.0000E+00 0.0000E+00 0.0000E+00 0.0000E+00 0.0000E+00
0.0000E+00 0.0000E+00 0.0000E+00 0.0000E+00 0.0000E+00 0.0000E+00 0.0000E+00 0.0000E+00 0.0000E+00 0.0000E+00 0.0000E+00 8.8133E-12 1.7162E-10 5.2751E-10 1.2366E-09 2.5448E-09 4.5701E-09 7.7759E-09 1.2369E-08 1.8809E-08 2.7352E-08 3.7853E-08 4.9706E-08 6.1864E-08 7.2882E-08 8.1111E-08 8.5195E-08 8.4425E-08 7.8941E-08 6.9730E-08 5.8279E-08 4.6175E-08 3.4764E-08 2.4918E-08 1.7049E-08 1.1188E-08 7.0541E-09 4.2222E-09 2.3500E-09 1.2242E-09 3.4930E-10 1.0407E-10 7.2069E-12 0.0000E+00 0.0000E+00 0.0000E+00 0.0000E+00 0.0000E+00 0.0000E+00 0.0000E+00 0.0000E+00 0.0000E+00 0.0000E+00 0.0000E+00 0.0000E+00 0.0000E+00 0.0000E+00
0.0000E+00 0.0000E+00 0.0000E+00 0.0000E+00 0.0000E+00 0.0000E+00 0.0000E+00 0.0000E+00 0.0000E+00 0.0000E+00 0.0000E+00 0.0000E+00 8.7603E-11 4.4128E-10 1.0114E-09 2.1360E-09 4.1390E-09 7.1759E-09 1.1745E-08 1.8247E-08 2.6964E-08 3.7869E-08 5.0387E-08 6.3312E-08 7.4962E-08 8.3465E-08 8.7378E-08 8.5976E-08 7.9549E-08 6.9274E-08 5.6892E-08 4.4084E-08 3.2343E-08 2.2541E-08 1.4962E-08 9.4967E-09 5.7513E-09 3.2428E-09 1.6844E-09 7.1570E-10 1.8844E-10 2.8211E-11 0.0000E+00 0.0000E+00 0.0000E+00 0.0000E+00 0.0000E+00 0.0000E+00 0.0000E+00 0.0000E+00 0.0000E+00 0.0000E+00 0.0000E+00 0.0000E+00 0.0000E+00 0.0000E+00 0.0000E+00
0.0000E+00 0.0000E+00 0.0000E+00 0.0000E+00 0.0000E+00 0.0000E+00 0.0000E+00 0.0000E+00 0.0000E+00 0.0000E+00 0.0000E+00 0.0000E+00 4.5907E-11 3.0470E-10 8.4774E-10 1.7949E-09 3.5540E-09 6.4944E-09 1.0944E-08 1.7446E-08 2.6367E-08 3.7764E-08 5.0991E-08 6.4689E-08 7.7043E-08 8.5999E-08 8.9867E-08 8.7871E-08 8.0412E-08 6.8910E-08 5.5410E-08 4.1895E-08 2.9839E-08 2.0120E-08 1.2913E-08 7.8614E-09 4.5065E-09 2.3661E-09 1.1312E-09 3.1367E-10 6.0182E-11 1.0248E-12 0.0000E+00 0.0000E+00 0.0000E+00 0.0000E+00 0.0000E+00 0.0000E+00 0.0000E+00 0.0000E+00 0.0000E+00 0.0000E+00 0.0000E+00 0.0000E+00 0.0000E+00 0.0000E+00 0.0000E+00
