Assets/Resources/2015_m01_d13_0600(utc+0800)_l00_csi_1hr_conc.grd
DSAA
         159         159
     -79.000      79.000
     -79.000      79.000
  0.0000E+00  0.7491E-05
[rows 100 to 124 of 159, columns 0 to 56 of 159]
1.5174E-09 1.5677E-09 1.6192E-09 1.6697E-09 1.7187E-09 1.7689E-09 1.8174E-09 1.8641E-09 1.9116E-09 1.9575E-09 2.0039E-09 2.0495E-09 2.0960E-09 2.1431E-09 2.1901E-09 2.2413E-09 2.2942E-09 2.3463E-09 2.4062E-09 2.4650E-09 2.5248E-09 2.5946E-09 2.6622E-09 2.7332E-09 2.8120E-09 2.8867E-09 2.9656E-09 3.0505E-09 3.1306E-09 3.2132E-09 3.3040E-09 3.3905E-09 3.4792E-09 3.5726E-09 3.6589E-09 3.7425E-09 3.8288E-09 3.9074E-09 3.9779E-09 4.0467E-09 4.1024E-09 4.1536E-09 4.1935E-09 4.2261E-09 4.2379E-09 4.2331E-09 4.2150E-09 4.1775E-09 4.1183E-09 4.0287E-09 3.9192E-09 3.7871E-09 3.6426E-09 3.4733E-09 3.2852E-09 3.0605E-09 2.8352E-09
1.3705E-09 1.4153E-09 1.4593E-09 1.5021E-09 1.5443E-09 1.5865E-09 1.6280E-09 1.6677E-09 1.7079E-09 1.7461E-09 1.7846E-09 1.8242E-09 1.8619E-09 1.9022E-09 1.9419E-09 1.9833E-09 2.0296E-09 2.0734E-09 2.1201E-09 2.1730E-09 2.2232E-09 2.2793E-09 2.3403E-09 2.3990E-09 2.4631E-09 2.5292E-09 2.5927E-09 2.6625E-09 2.7315E-09 2.7968E-09 2.8717E-09 2.9485E-09 3.0190E-09 3.0926E-09 3.1672E-09 3.2337E-09 3.2984E-09 3.3626E-09 3.4179E-09 3.4618E-09 3.5074E-09 3.5452E-09 3.5671E-09 3.5785E-09 3.5807E-09 3.5676E-09 3.5329E-09 3.4837E-09 3.4150E-09 3.3209E-09 3.2119E-09 3.0922E-09 2.9554E-09 2.8000E-09 2.6172E-09 2.4195E-09 2.2284E-09
1.2351E-09 1.2725E-09 1.3098E-09 1.3468E-09 1.3826E-09 1.4177E-09 1.4524E-09 1.4866E-09 1.5192E-09 1.5520E-09 1.5836E-09 1.6163E-09 1.6491E-09 1.6811E-09 1.7147E-09 1.7499E-09 1.7863E-09 1.8247E-09 1.8616E-09 1.9044E-09 1.9495E-09 1.9938E-09 2.0452E-09 2.0968E-09 2.1461E-09 2.2026E-09 2.2568E-09 2.3077E-09 2.3678E-09 2.4253E-09 2.4810E-09 2.5444E-09 2.6061E-09 2.6604E-09 2.7190E-09 2.7757E-09 2.8242E-09 2.8678E-09 2.9080E-09 2.9473E-09 2.9748E-09 2.9988E-09 3.0105E-09 3.0119E-09 2.9994E-09 2.9754E-09 2.9392E-09 2.8797E-09 2.8019E-09 2.7127E-09 2.6136E-09 2.5014E-09 2.3685E-09 2.2092E-09 2.0527E-09 1.9188E-09 1.7833E-09
1.1082E-09 1.1404E-09 1.1722E-09 1.2029E-09 1.2329E-09 1.2626E-09 1.2914E-09 1.3193E-09 1.3468E-09 1.3738E-09 1.4002E-09 1.4271E-09 1.4543E-09 1.4806E-09 1.5083E-09 1.5375E-09 1.5664E-09 1.5984E-09 1.6300E-09 1.6612E-09 1.7011E-09 1.7390E-09 1.7774E-09 1.8231E-09 1.8643E-09 1.9051E-09 1.9522E-09 1.9943E-09 2.0383E-09 2.0910E-09 2.1368E-09 2.1802E-09 2.2319E-09 2.2787E-09 2.3186E-09 2.3618E-09 2.3987E-09 2.4295E-09 2.4596E-09 2.4859E-09 2.5089E-09 2.5170E-09 2.5191E-09 2.5109E-09 2.4921E-09 2.4546E-09 2.4084E-09 2.3475E-09 2.2734E-09 2.1901E-09 2.0980E-09 1.9812E-09 1.8620E-09 1.7492E-09 1.6377E-09 1.5278E-09 1.4145E-09
9.9003E-10 1.0176E-09 1.0444E-09 1.0711E-09 1.0963E-09 1.1195E-09 1.1441E-09 1.1670E-09 1.1889E-09 1.2116E-09 1.2337E-09 1.2546E-09 1.2772E-09 1.2993E-09 1.3205E-09 1.3456E-09 1.3695E-09 1.3932E-09 1.4215E-09 1.4476E-09 1.4752E-09 1.5106E-09 1.5415E-09 1.5734E-09 1.6118E-09 1.6428E-09 1.6750E-09 1.7164E-09 1.7516E-09 1.7863E-09 1.8297E-09 1.8638E-09 1.8963E-09 1.9353E-09 1.9680E-09 1.9914E-09 2.0203E-09 2.0471E-09 2.0681E-09 2.0820E-09 2.0936E-09 2.0958E-09 2.0879E-09 2.0696E-09 2.0441E-09 2.0083E-09 1.9581E-09 1.8940E-09 1.8274E-09 1.7490E-09 1.6638E-09 1.5718E-09 1.4772E-09 1.3858E-09 1.2959E-09 1.2050E-09 1.1157E-09
8.8031E-10 9.0317E-10 9.2592E-10 9.4658E-10 9.6889E-10 9.9000E-10 1.0078E-09 1.0276E-09 1.0462E-09 1.0633E-09 1.0818E-09 1.0992E-09 1.1159E-09 1.1348E-09 1.1532E-09 1.1715E-09 1.1926E-09 1.2123E-09 1.2323E-09 1.2567E-09 1.2780E-09 1.3019E-09 1.3313E-09 1.3557E-09 1.3803E-09 1.4102E-09 1.4366E-09 1.4642E-09 1.4980E-09 1.5244E-09 1.5507E-09 1.5843E-09 1.6079E-09 1.6260E-09 1.6517E-09 1.6769E-09 1.6935E-09 1.7099E-09 1.7234E-09 1.7352E-09 1.7362E-09 1.7315E-09 1.7180E-09 1.6969E-09 1.6674E-09 1.6280E-09 1.5758E-09 1.5155E-09 1.4586E-09 1.3906E-09 1.3128E-09 1.2386E-09 1.1637E-09 1.0908E-09 1.0221E-09 9.4768E-10 8.7117E-10
7.8104E-10 7.9950E-10 8.1720E-10 8.3449E-10 8.5036E-10 8.6730E-10 8.8329E-10 8.9802E-10 9.1502E-10 9.3025E-10 9.4398E-10 9.5852E-10 9.7224E-10 9.8581E-10 1.0022E-09 1.0174E-09 1.0329E-09 1.0501E-09 1.0658E-09 1.0833E-09 1.1037E-09 1.1207E-09 1.1386E-09 1.1625E-09 1.1801E-09 1.2015E-09 1.2275E-09 1.2478E-09 1.2686E-09 1.2950E-09 1.3133E-09 1.3279E-09 1.3511E-09 1.3671E-09 1.3803E-09 1.3970E-09 1.4133E-09 1.4219E-09 1.4256E-09 1.4288E-09 1.4255E-09 1.4133E-09 1.3963E-09 1.3737E-09 1.3410E-09 1.2953E-09 1.2531E-09 1.2095E-09 1.1543E-09 1.0934E-09 1.0283E-09 9.6701E-10 9.1256E-10 8.5223E-10 7.9109E-10 7.2929E-10 6.6329E-10
6.9062E-10 7.0612E-10 7.1935E-10 7.3248E-10 7.4522E-10 7.5803E-10 7.7108E-10 7.8335E-10 7.9489E-10 8.0677E-10 8.1865E-10 8.2947E-10 8.4046E-10 8.5079E-10 8.6272E-10 8.7600E-10 8.9160E-10 9.0431E-10 9.1851E-10 9.3133E-10 9.4588E-10 9.6094E-10 9.7216E-10 9.8798E-10 1.0079E-09 1.0227E-09 1.0384E-09 1.0595E-09 1.0730E-09 1.0842E-09 1.1029E-09 1.1149E-09 1.1260E-09 1.1415E-09 1.1534E-09 1.1586E-09 1.1632E-09 1.1706E-09 1.1701E-09 1.1624E-09 1.1565E-09 1.1436E-09 1.1228E-09 1.0985E-09 1.0682E-09 1.0327E-09 9.9685E-10 9.5118E-10 8.9661E-10 8.4349E-10 7.9905E-10 7.5522E-10 7.0601E-10 6.5619E-10 6.0550E-10 5.5317E-10 4.9814E-10
6.1038E-10 6.2149E-10 6.3230E-10 6.4224E-10 6.5293E-10 6.6225E-10 6.7196E-10 6.8038E-10 6.8881E-10 6.9773E-10 7.0670E-10 7.1449E-10 7.2197E-10 7.2946E-10 7.3997E-10 7.5064E-10 7.6104E-10 7.7005E-10 7.8169E-10 7.9391E-10 8.0548E-10 8.1603E-10 8.3037E-10 8.4075E-10 8.5129E-10 8.6727E-10 8.7674E-10 8.8544E-10 9.0116E-10 9.1003E-10 9.1821E-10 9.3026E-10 9.3991E-10 9.4433E-10 9.4810E-10 9.5735E-10 9.5627E-10 9.5215E-10 9.5086E-10 9.4645E-10 9.3674E-10 9.1662E-10 8.9903E-10 8.7377E-10 8.4635E-10 8.1582E-10 7.7666E-10 7.3337E-10 6.9154E-10 6.5703E-10 6.1769E-10 5.7748E-10 5.3932E-10 4.9809E-10 4.5208E-10 4.0614E-10 3.6002E-10
5.3735E-10 5.4749E-10 5.5602E-10 5.6429E-10 5.7110E-10 5.7741E-10 5.8320E-10 5.8944E-10 5.9576E-10 6.0203E-10 6.0813E-10 6.1265E-10 6.1745E-10 6.2621E-10 6.3243E-10 6.3831E-10 6.4561E-10 6.5294E-10 6.6132E-10 6.6786E-10 6.7740E-10 6.8530E-10 6.9377E-10 7.0754E-10 7.1467E-10 7.2100E-10 7.3396E-10 7.4160E-10 7.4766E-10 7.5709E-10 7.6519E-10 7.6874E-10 7.7195E-10 7.7952E-10 7.7816E-10 7.7517E-10 7.7703E-10 7.7623E-10 7.6860E-10 7.5747E-10 7.4896E-10 7.3155E-10 7.1214E-10 6.8751E-10 6.5966E-10 6.2813E-10 5.9139E-10 5.6300E-10 5.3227E-10 5.0047E-10 4.7719E-10 4.4326E-10 4.0650E-10 3.6742E-10 3.2300E-10 2.8761E-10 2.5381E-10
4.7528E-10 4.8187E-10 4.8930E-10 4.9542E-10 5.0031E-10 5.0419E-10 5.0784E-10 5.1135E-10 5.1497E-10 5.1719E-10 5.2059E-10 5.2452E-10 5.2934E-10 5.3309E-10 5.3799E-10 5.3982E-10 5.4452E-10 5.5150E-10 5.5236E-10 5.5909E-10 5.6505E-10 5.7309E-10 5.7980E-10 5.8482E-10 5.9521E-10 6.0182E-10 6.0668E-10 6.1525E-10 6.2239E-10 6.2474E-10 6.2661E-10 6.3438E-10 6.3357E-10 6.3144E-10 6.3220E-10 6.3310E-10 6.2811E-10 6.2114E-10 6.1908E-10 6.0983E-10 5.9060E-10 5.7045E-10 5.4830E-10 5.3076E-10 5.0170E-10 4.7789E-10 4.5334E-10 4.2895E-10 4.0804E-10 3.8152E-10 3.5233E-10 3.2075E-10 2.8634E-10 2.4464E-10 2.1784E-10 1.9359E-10 1.7056E-10
4.1866E-10 4.2561E-10 4.3022E-10 4.3433E-10 4.3883E-10 4.4243E-10 4.4416E-10 4.4519E-10 4.4697E-10 4.4790E-10 4.4818E-10 4.4880E-10 4.5101E-10 4.5022E-10 4.5226E-10 4.5486E-10 4.5627E-10 4.5626E-10 4.6053E-10 4.6654E-10 4.6954E-10 4.7493E-10 4.8265E-10 4.8777E-10 4.9175E-10 4.9791E-10 5.0419E-10 5.0739E-10 5.0929E-10 5.1714E-10 5.1663E-10 5.1440E-10 5.1453E-10 5.1750E-10 5.1338E-10 5.0810E-10 5.0551E-10 5.0185E-10 4.8833E-10 4.7091E-10 4.4798E-10 4.4076E-10 4.2183E-10 3.9802E-10 3.7757E-10 3.5977E-10 3.4407E-10 3.2360E-10 3.0038E-10 2.7546E-10 2.4964E-10 2.1222E-10 1.8260E-10 1.6289E-10 1.3999E-10 1.2155E-10 1.0475E-10
3.6811E-10 3.7185E-10 3.7697E-10 3.8177E-10 3.8385E-10 3.8542E-10 3.8669E-10 3.8893E-10 3.8858E-10 3.8835E-10 3.8836E-10 3.8716E-10 3.8431E-10 3.8289E-10 3.8094E-10 3.7748E-10 3.7957E-10 3.8185E-10 3.8341E-10 3.8698E-10 3.9196E-10 3.9533E-10 3.9854E-10 4.0292E-10 4.0813E-10 4.1088E-10 4.1296E-10 4.1963E-10 4.2114E-10 4.2028E-10 4.1926E-10 4.2375E-10 4.2084E-10 4.1647E-10 4.0986E-10 4.0951E-10 4.0009E-10 3.8749E-10 3.6812E-10 3.5826E-10 3.4254E-10 3.2672E-10 3.0931E-10 2.9644E-10 2.8632E-10 2.7032E-10 2.5217E-10 2.3212E-10 2.1145E-10 1.8366E-10 1.4881E-10 1.2739E-10 1.1288E-10 9.8782E-11 8.5304E-11 7.2328E-11 5.8849E-11
3.2121E-10 3.2755E-10 3.2991E-10 3.3150E-10 3.3323E-10 3.3733E-10 3.3738E-10 3.3697E-10 3.3630E-10 3.3484E-10 3.3530E-10 3.3022E-10 3.2559E-10 3.2233E-10 3.2085E-10 3.2060E-10 3.2028E-10 3.2237E-10 3.2211E-10 3.2414E-10 3.2537E-10 3.2812E-10 3.3095E-10 3.3123E-10 3.3275E-10 3.3747E-10 3.4036E-10 3.4178E-10 3.4217E-10 3.4712E-10 3.4568E-10 3.3999E-10 3.3567E-10 3.3391E-10 3.2405E-10 3.1163E-10 2.9997E-10 2.8970E-10 2.7561E-10 2.6423E-10 2.5050E-10 2.4019E-10 2.3112E-10 2.1813E-10 2.0342E-10 1.8512E-10 1.6824E-10 1.4467E-10 1.2291E-10 9.9226E-11 8.7221E-11 7.6133E-11 6.5558E-11 5.5249E-11 4.5421E-11 3.3937E-11 2.3314E-11
2.8134E-10 2.8337E-10 2.8479E-10 2.9094E-10 2.9142E-10 2.9128E-10 2.9138E-10 2.8977E-10 2.9115E-10 2.8839E-10 2.8292E-10 2.7792E-10 2.7500E-10 2.7358E-10 2.7346E-10 2.7408E-10 2.7148E-10 2.7049E-10 2.6975E-10 2.6934E-10 2.7082E-10 2.6938E-10 2.7068E-10 2.7292E-10 2.7369E-10 2.7332E-10 2.7378E-10 2.7353E-10 2.7142E-10 2.7148E-10 2.6896E-10 2.6783E-10 2.6192E-10 2.5104E-10 2.3876E-10 2.2953E-10 2.2314E-10 2.1292E-10 1.9771E-10 1.8543E-10 1.7650E-10 1.6941E-10 1.5822E-10 1.4674E-10 1.3511E-10 1.1824E-10 9.9501E-11 8.0273E-11 6.9099E-11 6.0498E-11 4.9309E-11 4.1303E-11 3.3682E-11 2.6433E-11 1.9100E-11 1.1188E-11 4.3595E-12
2.4004E-10 2.4754E-10 2.4923E-10 2.4973E-10 2.4926E-10 2.4783E-10 2.5176E-10 2.4903E-10 2.4620E-10 2.4099E-10 2.3679E-10 2.3523E-10 2.3653E-10 2.3616E-10 2.3252E-10 2.2992E-10 2.2810E-10 2.2539E-10 2.2466E-10 2.2142E-10 2.2056E-10 2.2021E-10 2.1885E-10 2.1840E-10 2.1792E-10 2.1798E-10 2.1324E-10 2.1040E-10 2.0947E-10 2.0623E-10 1.9848E-10 1.9053E-10 1.7914E-10 1.6903E-10 1.6410E-10 1.6155E-10 1.5465E-10 1.4751E-10 1.3753E-10 1.2769E-10 1.2058E-10 1.1312E-10 1.0377E-10 8.8856E-11 7.5570E-11 6.1883E-11 4.9962E-11 4.3614E-11 3.7156E-11 3.1018E-11 2.4818E-11 1.9487E-11 1.4090E-11 8.3380E-12 3.7649E-12 8.2762E-13 0.0000E+00
2.0791E-10 2.0847E-10 2.0835E-10 2.0824E-10 2.1419E-10 2.1356E-10 2.1207E-10 2.0925E-10 2.0601E-10 2.0242E-10 2.0568E-10 2.0433E-10 2.0140E-10 1.9892E-10 1.9660E-10 1.9248E-10 1.9040E-10 1.8623E-10 1.8293E-10 1.8126E-10 1.7817E-10 1.7658E-10 1.7424E-10 1.7153E-10 1.6607E-10 1.6575E-10 1.6052E-10 1.5786E-10 1.5139E-10 1.4115E-10 1.3059E-10 1.2167E-10 1.1975E-10 1.1775E-10 1.1110E-10 1.0589E-10 1.0096E-10 9.2510E-11 8.2450E-11 7.6116E-11 6.9403E-11 6.0632E-11 5.2276E-11 4.1372E-11 3.1388E-11 2.7429E-11 2.3556E-11 1.9568E-11 1.5842E-11 1.1954E-11 8.6115E-12 5.5125E-12 2.3842E-12 6.3729E-13 0.0000E+00 0.0000E+00 0.0000E+00
1.7340E-10 1.7354E-10 1.7775E-10 1.7830E-10 1.7726E-10 1.7713E-10 1.7657E-10 1.7378E-10 1.7750E-10 1.7613E-10 1.7438E-10 1.7221E-10 1.6954E-10 1.6637E-10 1.6375E-10 1.6062E-10 1.5735E-10 1.5476E-10 1.5066E-10 1.4782E-10 1.4404E-10 1.3856E-10 1.3101E-10 1.2877E-10 1.2467E-10 1.1731E-10 1.1129E-10 1.0371E-10 9.3579E-11 8.5504E-11 8.3891E-11 8.4475E-11 7.9427E-11 7.3295E-11 6.8599E-11 6.4006E-11 5.8575E-11 5.0188E-11 4.0042E-11 3.6832E-11 3.2149E-11 2.7101E-11 1.8804E-11 1.5668E-11 1.3077E-11 1.0778E-11 8.5772E-12 6.5591E-12 4.4007E-12 2.4515E-12 1.2764E-12 3.1237E-13 0.0000E+00 0.0000E+00 0.0000E+00 0.0000E+00 0.0000E+00
1.4610E-10 1.4753E-10 1.4819E-10 1.4834E-10 1.4855E-10 1.4827E-10 1.5076E-10 1.4813E-10 1.4796E-10 1.4682E-10 1.4522E-10 1.4292E-10 1.4008E-10 1.3690E-10 1.3501E-10 1.3230E-10 1.2927E-10 1.2615E-10 1.2243E-10 1.1696E-10 1.1125E-10 1.0356E-10 9.7766E-11 9.0061E-11 8.1958E-11 7.4131E-11 6.8712E-11 6.1551E-11 5.9468E-11 5.9486E-11 5.5419E-11 5.0247E-11 4.4794E-11 4.1464E-11 3.6048E-11 3.1410E-11 2.9150E-11 2.2119E-11 1.7725E-11 1.4333E-11 1.0870E-11 8.7998E-12 6.8235E-12 5.3885E-12 4.0314E-12 2.9421E-12 2.0679E-12 1.1710E-12 3.1634E-13 0.0000E+00 0.0000E+00 0.0000E+00 0.0000E+00 0.0000E+00 0.0000E+00 0.0000E+00 0.0000E+00
1.2268E-10 1.2355E-10 1.2404E-10 1.2433E-10 1.2728E-10 1.2507E-10 1.2342E-10 1.2304E-10 1.2284E-10 1.2203E-10 1.1994E-10 1.1755E-10 1.1589E-10 1.1410E-10 1.1141E-10 1.0827E-10 1.0440E-10 9.9585E-11 9.5560E-11 9.0171E-11 8.2142E-11 7.7717E-11 7.0897E-11 6.5832E-11 5.8566E-11 5.3254E-11 4.8347E-11 4.3790E-11 4.0145E-11 3.5915E-11 3.2324E-11 2.8113E-11 2.4779E-11 2.1691E-11 1.9293E-11 1.7456E-11 1.3353E-11 6.9747E-12 4.4144E-12 3.9050E-12 2.6334E-12 1.6374E-12 1.0455E-12 4.6020E-13 0.0000E+00 0.0000E+00 0.0000E+00 0.0000E+00 0.0000E+00 0.0000E+00 0.0000E+00 0.0000E+00 0.0000E+00 0.0000E+00 0.0000E+00 0.0000E+00 0.0000E+00
1.0367E-10 1.0402E-10 1.0543E-10 1.0541E-10 1.0364E-10 1.0214E-10 1.0236E-10 1.0186E-10 1.0087E-10 9.9476E-11 9.8137E-11 9.7362E-11 9.5961E-11 9.3562E-11 9.0496E-11 8.7012E-11 8.3210E-11 7.8172E-11 7.2440E-11 6.8145E-11 6.2291E-11 5.8194E-11 5.3832E-11 4.8844E-11 4.4357E-11 4.0751E-11 3.8138E-11 3.5470E-11 3.0825E-11 2.7446E-11 2.4420E-11 2.1352E-11 1.7493E-11 1.4952E-11 1.2488E-11 9.2178E-12 5.3640E-12 1.7020E-12 1.4357E-12 5.2647E-13 0.0000E+00 0.0000E+00 0.0000E+00 0.0000E+00 0.0000E+00 0.0000E+00 0.0000E+00 0.0000E+00 0.0000E+00 0.0000E+00 0.0000E+00 0.0000E+00 0.0000E+00 0.0000E+00 0.0000E+00 0.0000E+00 0.0000E+00
8.8819E-11 8.8846E-11 8.8399E-11 8.7095E-11 8.5430E-11 8.5465E-11 8.5180E-11 8.4316E-11 8.3344E-11 8.3617E-11 8.2703E-11 8.0596E-11 7.8240E-11 7.5649E-11 7.2879E-11 6.9517E-11 6.4811E-11 6.1159E-11 5.7287E-11 5.3520E-11 5.0277E-11 4.6837E-11 4.3787E-11 4.0681E-11 3.7654E-11 3.5190E-11 3.2813E-11 2.9676E-11 2.5882E-11 2.3009E-11 1.9680E-11 1.7061E-11 1.4650E-11 1.1253E-11 8.1953E-12 5.2678E-12 1.6731E-12 1.3314E-12 3.9264E-13 0.0000E+00 0.0000E+00 0.0000E+00 0.0000E+00 0.0000E+00 0.0000E+00 0.0000E+00 0.0000E+00 0.0000E+00 0.0000E+00 0.0000E+00 0.0000E+00 0.0000E+00 0.0000E+00 0.0000E+00 0.0000E+00 0.0000E+00 0.0000E+00
7.5990E-11 7.6120E-11 7.4444E-11 7.3545E-11 7.3418E-11 7.2871E-11 7.2144E-11 7.1244E-11 7.0178E-11 6.8968E-11 6.7249E-11 6.5415E-11 6.3278E-11 6.0896E-11 5.8469E-11 5.5965E-11 5.3461E-11 5.0757E-11 4.8047E-11 4.5473E-11 4.2675E-11 3.9984E-11 3.7337E-11 3.4619E-11 3.2329E-11 3.0223E-11 2.7539E-11 2.4433E-11 2.2214E-11 1.8706E-11 1.5610E-11 1.3242E-11 1.1075E-11 8.1450E-12 5.3316E-12 3.8149E-12 1.1498E-12 2.1710E-13 0.0000E+00 0.0000E+00 0.0000E+00 0.0000E+00 0.0000E+00 0.0000E+00 0.0000E+00 0.0000E+00 0.0000E+00 0.0000E+00 0.0000E+00 0.0000E+00 0.0000E+00 0.0000E+00 0.0000E+00 0.0000E+00 0.0000E+00 0.0000E+00 0.0000E+00
6.6240E-11 6.4955E-11 6.3330E-11 6.3046E-11 6.2663E-11 6.2164E-11 6.1516E-11 6.0723E-11 5.9791E-11 5.8726E-11 5.7342E-11 5.5638E-11 5.3848E-11 5.1926E-11 5.0129E-11 4.7852E-11 4.5538E-11 4.3349E-11 4.1349E-11 3.8865E-11 3.6419E-11 3.4136E-11 3.1702E-11 2.9567E-11 2.7445E-11 2.5117E-11 2.3297E-11 2.0468E-11 1.7199E-11 1.5044E-11 1.2840E-11 9.8797E-12 7.0267E-12 4.3734E-12 3.8963E-12 1.8486E-12 1.1083E-13 0.0000E+00 0.0000E+00 0.0000E+00 0.0000E+00 0.0000E+00 0.0000E+00 0.0000E+00 0.0000E+00 0.0000E+00 0.0000E+00 0.0000E+00 0.0000E+00 0.0000E+00 0.0000E+00 0.0000E+00 0.0000E+00 0.0000E+00 0.0000E+00 0.0000E+00 0.0000E+00
5.5567E-11 5.4023E-11 5.3857E-11 5.3571E-11 5.3210E-11 5.2760E-11 5.2186E-11 5.1491E-11 5.0680E-11 4.9759E-11 4.8734E-11 4.7640E-11 4.6326E-11 4.4929E-11 4.3123E-11 4.1095E-11 3.9044E-11 3.7349E-11 3.5266E-11 3.3095E-11 3.1085E-11 2.8761E-11 2.6269E-11 2.4183E-11 2.2133E-11 2.1263E-11 1.9642E-11 1.6002E-11 1.3994E-11 1.1563E-11 9.6744E-12 6.9671E-12 4.4273E-12 3.7933E-12 2.6598E-12 0.0000E+00 0.0000E+00 0.0000E+00 0.0000E+00 0.0000E+00 0.0000E+00 0.0000E+00 0.0000E+00 0.0000E+00 0.0000E+00 0.0000E+00 0.0000E+00 0.0000E+00 0.0000E+00 0.0000E+00 0.0000E+00 0.0000E+00 0.0000E+00 0.0000E+00 0.0000E+00 0.0000E+00 0.0000E+00
