Assets/Resources/2015_m01_d25_1600(utc+0800)_l00_csi_1hr_conc.grd
DSAA
         159         159
     -79.000      79.000
     -79.000      79.000
  0.0000E+00  0.1678E-04
[rows 100 to 124 of 159, columns 57 to 113 of 159]
0.0000E+00 0.0000E+00 0.0000E+00 0.0000E+00 5.5760E-11 1.0477E-10 2.5542E-10 4.2043E-10 7.3837E-10 1.1052E-09 1.5741E-09 2.1848E-09 2.9333E-09 3.8314E-09 4.8799E-09 6.0691E-09 7.3347E-09 8.6382E-09 9.9152E-09 1.1113E-08 1.2163E-08 1.3007E-08 1.3626E-08 1.4005E-08 1.4143E-08 1.4167E-08 1.4102E-08 1.3724E-08 1.3105E-08 1.2365E-08 1.1618E-08 1.0875E-08 1.0194E-08 9.5971E-09 9.0129E-09 8.4887E-09 7.9941E-09 7.5080E-09 7.0535E-09 6.6321E-09 6.2129E-09 5.7916E-09 5.3994E-09 5.0148E-09 4.6428E-09 4.2828E-09 3.9222E-09 3.5843E-09 3.2619E-09 2.9458E-09 2.6511E-09 2.3736E-09 2.1154E-09 1.8745E-09 1.6514E-09 1.4467E-09 1.2632E-09
0.0000E+00 0.0000E+00 0.0000E+00 0.0000E+00 0.0000E+00 7.3789E-11 1.3686E-10 3.1392E-10 4.9910E-10 8.1241E-10 1.1819E-09 1.6388E-09 2.1950E-09 2.8817E-09 3.6634E-09 4.5388E-09 5.4887E-09 6.4811E-09 7.4575E-09 8.3746E-09 9.1891E-09 9.8662E-09 1.0400E-08 1.0767E-08 1.0965E-08 1.1025E-08 1.1093E-08 1.1005E-08 1.0666E-08 1.0197E-08 9.6659E-09 9.1485E-09 8.6362E-09 8.1694E-09 7.7473E-09 7.3433E-09 6.9417E-09 6.5537E-09 6.1962E-09 5.8404E-09 5.4794E-09 5.1251E-09 4.7888E-09 4.4552E-09 4.1325E-09 3.8080E-09 3.4924E-09 3.1963E-09 2.9056E-09 2.6239E-09 2.3621E-09 2.1156E-09 1.8826E-09 1.6665E-09 1.4657E-09 1.2838E-09 1.1196E-09
0.0000E+00 0.0000E+00 0.0000E+00 0.0000E+00 0.0000E+00 3.5854E-11 9.6276E-11 1.9697E-10 3.5567E-10 5.4644E-10 8.5892E-10 1.2043E-09 1.6262E-09 2.1185E-09 2.7077E-09 3.3549E-09 4.0551E-09 4.7870E-09 5.5177E-09 6.2151E-09 6.8496E-09 7.3941E-09 7.8336E-09 8.1690E-09 8.3973E-09 8.5067E-09 8.6063E-09 8.6979E-09 8.5754E-09 8.3086E-09 7.9615E-09 7.6032E-09 7.2432E-09 6.9067E-09 6.5994E-09 6.2861E-09 5.9753E-09 5.6808E-09 5.3907E-09 5.0947E-09 4.7849E-09 4.4985E-09 4.2110E-09 3.9276E-09 3.6438E-09 3.3589E-09 3.0888E-09 2.8265E-09 2.5658E-09 2.3207E-09 2.0881E-09 1.8691E-09 1.6629E-09 1.4707E-09 1.2931E-09 1.1334E-09 9.8695E-10
0.0000E+00 0.0000E+00 0.0000E+00 0.0000E+00 0.0000E+00 0.0000E+00 7.0006E-11 1.2328E-10 2.5896E-10 3.9839E-10 5.7273E-10 8.1745E-10 1.1734E-09 1.5451E-09 1.9621E-09 2.4334E-09 2.9610E-09 3.4982E-09 4.0443E-09 4.5711E-09 5.0616E-09 5.4919E-09 5.8563E-09 6.1444E-09 6.3661E-09 6.5151E-09 6.6109E-09 6.7489E-09 6.8067E-09 6.6825E-09 6.5000E-09 6.2596E-09 6.0310E-09 5.7848E-09 5.5618E-09 5.3358E-09 5.1059E-09 4.8827E-09 4.6515E-09 4.3980E-09 4.1545E-09 3.9158E-09 3.6744E-09 3.4315E-09 3.1825E-09 2.9423E-09 2.7097E-09 2.4755E-09 2.2490E-09 2.0353E-09 1.8327E-09 1.6392E-09 1.4582E-09 1.2891E-09 1.1342E-09 9.9317E-10 8.6214E-10
0.0000E+00 0.0000E+00 0.0000E+00 0.0000E+00 0.0000E+00 0.0000E+00 3.9103E-12 8.0366E-11 1.4288E-10 2.1927E-10 4.1550E-10 5.7893E-10 7.8112E-10 1.0561E-09 1.4098E-09 1.7551E-09 2.1258E-09 2.5219E-09 2.9258E-09 3.3240E-09 3.7000E-09 4.0317E-09 4.3235E-09 4.5723E-09 4.7864E-09 4.9564E-09 5.0807E-09 5.1894E-09 5.3296E-09 5.3373E-09 5.2451E-09 5.1220E-09 4.9667E-09 4.8093E-09 4.6578E-09 4.4950E-09 4.3353E-09 4.1606E-09 3.9660E-09 3.7692E-09 3.5798E-09 3.3826E-09 3.1789E-09 2.9676E-09 2.7608E-09 2.5588E-09 2.3541E-09 2.1497E-09 1.9575E-09 1.7728E-09 1.5960E-09 1.4277E-09 1.2686E-09 1.1210E-09 9.8696E-10 8.6281E-10 7.4733E-10
0.0000E+00 0.0000E+00 0.0000E+00 0.0000E+00 0.0000E+00 0.0000E+00 3.5331E-13 1.2640E-11 9.0434E-11 1.5336E-10 2.3656E-10 4.0272E-10 5.5077E-10 7.3316E-10 9.2588E-10 1.1818E-09 1.4799E-09 1.7813E-09 2.0840E-09 2.3772E-09 2.6567E-09 2.9155E-09 3.1475E-09 3.3615E-09 3.5529E-09 3.7411E-09 3.8916E-09 4.0018E-09 4.1233E-09 4.2189E-09 4.1989E-09 4.1412E-09 4.0671E-09 3.9689E-09 3.8695E-09 3.7645E-09 3.6405E-09 3.5044E-09 3.3558E-09 3.2128E-09 3.0597E-09 2.8949E-09 2.7226E-09 2.5509E-09 2.3792E-09 2.2047E-09 2.0262E-09 1.8566E-09 1.6914E-09 1.5323E-09 1.3782E-09 1.2324E-09 1.0948E-09 9.6865E-10 8.5232E-10 7.4330E-10 6.4374E-10
0.0000E+00 0.0000E+00 0.0000E+00 0.0000E+00 0.0000E+00 0.0000E+00 0.0000E+00 5.3672E-12 1.7924E-11 1.0094E-10 1.5784E-10 2.3928E-10 3.4576E-10 5.1488E-10 6.6837E-10 8.3020E-10 1.0128E-09 1.2155E-09 1.4454E-09 1.6692E-09 1.8809E-09 2.0869E-09 2.2816E-09 2.4682E-09 2.6444E-09 2.8101E-09 2.9565E-09 3.0794E-09 3.1732E-09 3.2807E-09 3.3364E-09 3.3307E-09 3.2988E-09 3.2537E-09 3.1937E-09 3.1177E-09 3.0358E-09 2.9314E-09 2.8307E-09 2.7180E-09 2.5908E-09 2.4570E-09 2.3195E-09 2.1786E-09 2.0332E-09 1.8812E-09 1.7339E-09 1.5899E-09 1.4502E-09 1.3128E-09 1.1811E-09 1.0550E-09 9.3882E-10 8.3214E-10 7.3094E-10 6.3578E-10 5.5218E-10
0.0000E+00 0.0000E+00 0.0000E+00 0.0000E+00 0.0000E+00 0.0000E+00 0.0000E+00 7.4703E-13 1.0943E-11 2.3982E-11 9.8375E-11 1.5862E-10 2.3310E-10 3.1033E-10 4.0446E-10 5.7963E-10 7.2565E-10 8.6722E-10 1.0214E-09 1.1757E-09 1.3394E-09 1.5003E-09 1.6521E-09 1.8028E-09 1.9512E-09 2.0928E-09 2.2282E-09 2.3504E-09 2.4562E-09 2.5456E-09 2.6362E-09 2.6625E-09 2.6636E-09 2.6406E-09 2.6130E-09 2.5710E-09 2.5093E-09 2.4469E-09 2.3671E-09 2.2750E-09 2.1778E-09 2.0721E-09 1.9616E-09 1.8438E-09 1.7181E-09 1.5947E-09 1.4726E-09 1.3523E-09 1.2325E-09 1.1163E-09 1.0037E-09 8.9852E-10 8.0101E-10 7.0837E-10 6.1963E-10 5.3985E-10 4.7014E-10
0.0000E+00 0.0000E+00 0.0000E+00 0.0000E+00 0.0000E+00 0.0000E+00 0.0000E+00 0.0000E+00 4.6262E-12 1.6377E-11 3.0399E-11 5.7410E-11 1.5010E-10 2.2124E-10 2.8987E-10 3.6228E-10 4.5600E-10 5.6996E-10 6.8740E-10 8.1173E-10 9.3422E-10 1.0531E-09 1.1686E-09 1.2837E-09 1.4201E-09 1.5586E-09 1.6860E-09 1.8048E-09 1.9021E-09 1.9799E-09 2.0601E-09 2.1138E-09 2.1329E-09 2.1397E-09 2.1278E-09 2.1040E-09 2.0709E-09 2.0197E-09 1.9610E-09 1.8958E-09 1.8183E-09 1.7364E-09 1.6436E-09 1.5425E-09 1.4439E-09 1.3439E-09 1.2433E-09 1.1411E-09 1.0402E-09 9.4103E-10 8.4765E-10 7.6041E-10 6.7688E-10 5.9543E-10 5.2103E-10 4.5656E-10 3.9690E-10
0.0000E+00 0.0000E+00 0.0000E+00 0.0000E+00 0.0000E+00 0.0000E+00 0.0000E+00 0.0000E+00 5.6539E-13 8.7162E-12 2.0417E-11 3.6252E-11 6.0724E-11 9.2188E-11 1.9323E-10 2.6408E-10 3.2675E-10 4.0283E-10 4.7747E-10 5.6032E-10 6.6254E-10 7.5372E-10 8.4841E-10 9.4759E-10 1.0560E-09 1.1644E-09 1.2724E-09 1.3741E-09 1.4632E-09 1.5370E-09 1.6011E-09 1.6679E-09 1.7030E-09 1.7200E-09 1.7263E-09 1.7145E-09 1.6907E-09 1.6629E-09 1.6211E-09 1.5690E-09 1.5106E-09 1.4405E-09 1.3632E-09 1.2865E-09 1.2072E-09 1.1249E-09 1.0398E-09 9.5438E-10 8.6908E-10 7.8803E-10 7.1141E-10 6.3759E-10 5.6479E-10 4.9658E-10 4.3700E-10 3.8202E-10 3.2982E-10
0.0000E+00 0.0000E+00 0.0000E+00 0.0000E+00 0.0000E+00 0.0000E+00 0.0000E+00 0.0000E+00 0.0000E+00 2.1853E-12 1.1437E-11 2.3261E-11 4.1052E-11 6.4871E-11 8.8262E-11 1.2958E-10 1.9937E-10 2.7342E-10 3.3886E-10 4.0912E-10 4.7557E-10 5.4392E-10 6.1187E-10 6.8174E-10 7.7249E-10 8.6445E-10 9.5031E-10 1.0313E-09 1.1199E-09 1.2008E-09 1.2658E-09 1.3186E-09 1.3594E-09 1.3816E-09 1.3908E-09 1.3934E-09 1.3816E-09 1.3589E-09 1.3295E-09 1.2885E-09 1.2375E-09 1.1843E-09 1.1274E-09 1.0668E-09 1.0010E-09 9.3180E-10 8.6117E-10 7.9004E-10 7.2197E-10 6.5650E-10 5.9209E-10 5.2743E-10 4.6571E-10 4.1252E-10 3.6337E-10 3.1681E-10 2.7078E-10
0.0000E+00 0.0000E+00 0.0000E+00 0.0000E+00 0.0000E+00 0.0000E+00 0.0000E+00 0.0000E+00 0.0000E+00 0.0000E+00 5.7725E-12 1.3041E-11 2.7726E-11 4.2584E-11 6.6516E-11 8.9390E-11 1.1521E-10 1.5510E-10 1.9930E-10 2.5665E-10 3.0367E-10 3.5565E-10 4.1027E-10 4.7162E-10 5.4271E-10 6.3019E-10 7.1319E-10 7.9302E-10 8.6842E-10 9.3814E-10 9.9629E-10 1.0431E-09 1.0795E-09 1.1056E-09 1.1193E-09 1.1198E-09 1.1152E-09 1.1007E-09 1.0751E-09 1.0448E-09 1.0108E-09 9.7157E-10 9.2665E-10 8.7614E-10 8.2133E-10 7.6455E-10 7.0677E-10 6.5090E-10 5.9576E-10 5.4059E-10 4.8432E-10 4.3080E-10 3.8459E-10 3.4128E-10 2.9940E-10 2.5693E-10 2.2151E-10
0.0000E+00 0.0000E+00 0.0000E+00 0.0000E+00 0.0000E+00 0.0000E+00 0.0000E+00 0.0000E+00 0.0000E+00 0.0000E+00 1.1331E-12 6.8405E-12 1.4703E-11 2.9731E-11 4.3476E-11 6.6099E-11 8.7715E-11 1.1319E-10 1.4475E-10 1.7590E-10 2.1215E-10 2.5493E-10 3.0120E-10 3.4917E-10 4.0453E-10 4.7329E-10 5.3790E-10 6.0292E-10 6.6602E-10 7.2477E-10 7.7666E-10 8.2040E-10 8.5294E-10 8.7594E-10 8.8918E-10 8.9459E-10 8.9047E-10 8.8157E-10 8.6821E-10 8.4835E-10 8.2241E-10 7.8989E-10 7.5224E-10 7.1060E-10 6.6609E-10 6.2170E-10 5.7744E-10 5.3244E-10 4.8600E-10 4.3778E-10 3.9291E-10 3.5353E-10 3.1535E-10 2.7772E-10 2.3917E-10 2.0730E-10 1.7998E-10
0.0000E+00 0.0000E+00 0.0000E+00 0.0000E+00 0.0000E+00 0.0000E+00 0.0000E+00 0.0000E+00 0.0000E+00 0.0000E+00 0.0000E+00 1.8293E-12 7.1467E-12 1.5992E-11 3.0169E-11 4.3592E-11 6.1828E-11 8.5194E-11 1.0591E-10 1.3062E-10 1.5905E-10 1.9179E-10 2.2383E-10 2.5935E-10 3.0043E-10 3.5526E-10 4.1328E-10 4.6380E-10 5.1190E-10 5.5869E-10 6.0187E-10 6.3958E-10 6.6868E-10 6.8868E-10 7.0289E-10 7.1123E-10 7.1333E-10 7.0920E-10 6.9879E-10 6.8227E-10 6.6024E-10 6.3329E-10 6.0301E-10 5.7088E-10 5.3847E-10 5.0424E-10 4.6848E-10 4.2928E-10 3.8905E-10 3.5272E-10 3.1904E-10 2.8613E-10 2.5276E-10 2.1912E-10 1.9174E-10 1.6802E-10 1.4563E-10
0.0000E+00 0.0000E+00 0.0000E+00 0.0000E+00 0.0000E+00 0.0000E+00 0.0000E+00 0.0000E+00 0.0000E+00 0.0000E+00 0.0000E+00 0.0000E+00 1.9011E-12 7.3422E-12 1.6189E-11 3.0068E-11 3.9516E-11 5.6707E-11 7.9212E-11 9.7270E-11 1.1992E-10 1.4274E-10 1.6619E-10 1.9529E-10 2.2506E-10 2.6911E-10 3.1415E-10 3.5643E-10 3.9747E-10 4.3600E-10 4.7083E-10 5.0338E-10 5.2894E-10 5.4614E-10 5.5850E-10 5.6523E-10 5.6671E-10 5.6251E-10 5.5231E-10 5.3901E-10 5.2163E-10 5.0278E-10 4.8179E-10 4.5805E-10 4.3212E-10 4.0280E-10 3.7075E-10 3.3915E-10 3.1089E-10 2.8319E-10 2.5581E-10 2.2639E-10 1.9774E-10 1.7532E-10 1.5460E-10 1.3266E-10 1.0578E-10
0.0000E+00 0.0000E+00 0.0000E+00 0.0000E+00 0.0000E+00 0.0000E+00 0.0000E+00 0.0000E+00 0.0000E+00 0.0000E+00 0.0000E+00 0.0000E+00 0.0000E+00 1.9437E-12 7.4174E-12 1.6107E-11 2.8398E-11 3.6836E-11 5.2491E-11 6.6892E-11 8.6609E-11 1.0437E-10 1.2455E-10 1.4552E-10 1.6708E-10 1.9729E-10 2.3383E-10 2.7091E-10 3.0271E-10 3.3439E-10 3.6470E-10 3.9094E-10 4.1136E-10 4.2551E-10 4.3383E-10 4.3896E-10 4.3999E-10 4.3692E-10 4.3184E-10 4.2409E-10 4.1321E-10 3.9932E-10 3.8279E-10 3.6232E-10 3.3855E-10 3.1372E-10 2.9158E-10 2.6988E-10 2.4789E-10 2.2463E-10 1.9956E-10 1.7620E-10 1.5725E-10 1.3846E-10 1.1610E-10 9.2378E-11 7.6323E-11
0.0000E+00 0.0000E+00 0.0000E+00 0.0000E+00 0.0000E+00 0.0000E+00 0.0000E+00 0.0000E+00 0.0000E+00 0.0000E+00 0.0000E+00 0.0000E+00 0.0000E+00 0.0000E+00 1.9551E-12 7.3686E-12 1.5750E-11 2.0808E-11 3.4470E-11 4.4572E-11 5.8357E-11 7.2629E-11 8.8872E-11 1.0533E-10 1.2234E-10 1.4142E-10 1.7091E-10 2.0028E-10 2.2858E-10 2.5322E-10 2.7720E-10 2.9708E-10 3.1338E-10 3.2639E-10 3.3542E-10 3.4073E-10 3.4309E-10 3.4263E-10 3.3961E-10 3.3381E-10 3.2455E-10 3.1159E-10 2.9587E-10 2.7922E-10 2.6370E-10 2.4769E-10 2.3080E-10 2.1263E-10 1.9225E-10 1.7134E-10 1.5347E-10 1.3695E-10 1.1943E-10 9.9003E-11 8.0025E-11 6.9382E-11 6.0649E-11
0.0000E+00 0.0000E+00 0.0000E+00 0.0000E+00 0.0000E+00 0.0000E+00 0.0000E+00 0.0000E+00 0.0000E+00 0.0000E+00 0.0000E+00 0.0000E+00 0.0000E+00 0.0000E+00 0.0000E+00 1.9347E-12 7.1984E-12 1.2815E-11 1.9219E-11 3.0004E-11 3.8297E-11 5.0328E-11 6.0703E-11 7.2670E-11 8.6096E-11 1.0035E-10 1.2176E-10 1.4400E-10 1.6710E-10 1.8931E-10 2.0946E-10 2.2705E-10 2.4036E-10 2.5119E-10 2.5852E-10 2.6299E-10 2.6464E-10 2.6373E-10 2.5988E-10 2.5348E-10 2.4566E-10 2.3716E-10 2.2821E-10 2.1778E-10 2.0591E-10 1.9208E-10 1.7619E-10 1.5918E-10 1.4365E-10 1.2984E-10 1.1593E-10 1.0017E-10 8.3482E-11 7.0626E-11 6.2701E-11 5.4995E-11 4.5468E-11
0.0000E+00 0.0000E+00 0.0000E+00 0.0000E+00 0.0000E+00 0.0000E+00 0.0000E+00 0.0000E+00 0.0000E+00 0.0000E+00 0.0000E+00 0.0000E+00 0.0000E+00 0.0000E+00 0.0000E+00 0.0000E+00 1.8836E-12 6.9150E-12 9.5442E-12 1.6351E-11 2.1977E-11 3.1629E-11 3.9385E-11 4.9614E-11 5.9210E-11 6.8888E-11 8.2331E-11 9.9650E-11 1.1891E-10 1.3784E-10 1.5391E-10 1.6843E-10 1.7899E-10 1.8619E-10 1.9162E-10 1.9510E-10 1.9608E-10 1.9594E-10 1.9479E-10 1.9211E-10 1.8779E-10 1.8167E-10 1.7383E-10 1.6422E-10 1.5283E-10 1.4088E-10 1.2938E-10 1.1899E-10 1.0827E-10 9.6110E-11 8.2705E-11 7.0570E-11 6.2333E-11 5.5170E-11 4.7550E-11 3.7011E-11 2.6151E-11
0.0000E+00 0.0000E+00 0.0000E+00 0.0000E+00 0.0000E+00 0.0000E+00 0.0000E+00 0.0000E+00 0.0000E+00 0.0000E+00 0.0000E+00 0.0000E+00 0.0000E+00 0.0000E+00 0.0000E+00 0.0000E+00 0.0000E+00 1.8041E-12 4.1720E-12 7.6797E-12 1.2278E-11 1.7879E-11 2.3108E-11 3.0532E-11 3.7081E-11 4.5748E-11 5.4367E-11 6.7183E-11 8.1346E-11 9.6863E-11 1.0950E-10 1.2128E-10 1.3038E-10 1.3658E-10 1.4184E-10 1.4571E-10 1.4828E-10 1.4840E-10 1.4716E-10 1.4428E-10 1.3987E-10 1.3411E-10 1.2731E-10 1.1981E-10 1.1232E-10 1.0515E-10 9.6965E-11 8.7507E-11 7.7003E-11 6.6985E-11 5.9262E-11 5.2992E-11 4.6214E-11 3.8342E-11 2.8809E-11 2.1195E-11 1.8574E-11
0.0000E+00 0.0000E+00 0.0000E+00 0.0000E+00 0.0000E+00 0.0000E+00 0.0000E+00 0.0000E+00 0.0000E+00 0.0000E+00 0.0000E+00 0.0000E+00 0.0000E+00 0.0000E+00 0.0000E+00 0.0000E+00 0.0000E+00 0.0000E+00 1.5031E-12 1.9953E-12 6.4403E-12 8.8483E-12 1.3325E-11 1.7845E-11 2.2093E-11 2.7859E-11 3.2888E-11 4.1175E-11 5.2345E-11 6.5041E-11 7.5392E-11 8.4267E-11 9.1667E-11 9.7207E-11 1.0123E-10 1.0411E-10 1.0580E-10 1.0589E-10 1.0454E-10 1.0278E-10 1.0000E-10 9.6578E-11 9.2987E-11 8.7850E-11 8.1831E-11 7.4757E-11 6.6678E-11 5.9583E-11 5.3259E-11 4.8119E-11 4.2647E-11 3.6642E-11 2.9205E-11 2.2241E-11 1.8793E-11 1.6665E-11 1.4125E-11
0.0000E+00 0.0000E+00 0.0000E+00 0.0000E+00 0.0000E+00 0.0000E+00 0.0000E+00 0.0000E+00 0.0000E+00 0.0000E+00 0.0000E+00 0.0000E+00 0.0000E+00 0.0000E+00 0.0000E+00 0.0000E+00 0.0000E+00 0.0000E+00 0.0000E+00 0.0000E+00 1.8348E-12 3.1082E-12 6.0626E-12 8.6272E-12 1.1639E-11 1.5918E-11 1.9543E-11 2.4125E-11 3.0501E-11 3.9952E-11 4.8976E-11 5.5043E-11 6.0557E-11 6.4790E-11 6.8371E-11 7.0869E-11 7.2830E-11 7.4106E-11 7.3781E-11 7.2562E-11 7.0497E-11 6.7315E-11 6.3396E-11 5.9262E-11 5.4549E-11 5.0082E-11 4.6078E-11 4.2351E-11 3.8236E-11 3.3437E-11 2.7553E-11 2.1875E-11 1.8280E-11 1.6177E-11 1.3679E-11 1.0384E-11 5.1123E-12
0.0000E+00 0.0000E+00 0.0000E+00 0.0000E+00 0.0000E+00 0.0000E+00 0.0000E+00 0.0000E+00 0.0000E+00 0.0000E+00 0.0000E+00 0.0000E+00 0.0000E+00 0.0000E+00 0.0000E+00 0.0000E+00 0.0000E+00 0.0000E+00 0.0000E+00 0.0000E+00 0.0000E+00 8.7644E-13 1.9011E-12 3.4023E-12 5.4357E-12 7.4031E-12 9.7418E-12 1.2917E-11 1.6016E-11 2.2705E-11 3.0587E-11 3.5428E-11 3.8778E-11 4.2605E-11 4.5757E-11 4.8174E-11 4.9161E-11 4.9817E-11 4.9243E-11 4.8039E-11 4.6548E-11 4.4740E-11 4.2507E-11 4.0467E-11 3.8336E-11 3.5706E-11 3.2464E-11 2.8633E-11 2.3831E-11 1.9344E-11 1.6591E-11 1.4541E-11 1.2149E-11 9.5815E-12 5.6205E-12 1.7113E-12 0.0000E+00
0.0000E+00 0.0000E+00 0.0000E+00 0.0000E+00 0.0000E+00 0.0000E+00 0.0000E+00 0.0000E+00 0.0000E+00 0.0000E+00 0.0000E+00 0.0000E+00 0.0000E+00 0.0000E+00 0.0000E+00 0.0000E+00 0.0000E+00 0.0000E+00 0.0000E+00 0.0000E+00 0.0000E+00 0.0000E+00 0.0000E+00 1.0722E-12 1.8911E-12 3.0028E-12 4.4659E-12 5.6909E-12 7.4926E-12 1.0883E-11 1.6716E-11 2.0316E-11 2.2710E-11 2.4982E-11 2.7455E-11 2.9441E-11 3.0761E-11 3.1350E-11 3.1949E-11 3.2082E-11 3.1640E-11 3.0808E-11 2.9118E-11 2.6949E-11 2.4379E-11 2.1202E-11 1.7748E-11 1.5402E-11 1.3683E-11 1.2056E-11 1.0133E-11 8.1269E-12 5.0000E-12 1.9325E-12 0.0000E+00 0.0000E+00 0.0000E+00
0.0000E+00 0.0000E+00 0.0000E+00 0.0000E+00 0.0000E+00 0.0000E+00 0.0000E+00 0.0000E+00 0.0000E+00 0.0000E+00 0.0000E+00 0.0000E+00 0.0000E+00 0.0000E+00 0.0000E+00 0.0000E+00 0.0000E+00 0.0000E+00 0.0000E+00 0.0000E+00 0.0000E+00 0.0000E+00 0.0000E+00 0.0000E+00 0.0000E+00 6.2812E-13 1.8059E-12 2.0850E-12 3.3449E-12 4.1128E-12 7.3897E-12 1.0287E-11 1.1905E-11 1.3159E-11 1.4471E-11 1.5740E-11 1.6865E-11 1.7540E-11 1.7882E-11 1.7639E-11 1.6880E-11 1.5880E-11 1.4891E-11 1.3684E-11 1.2335E-11 1.1556E-11 1.0504E-11 9.2656E-12 7.8292E-12 6.0967E-12 3.5670E-12 1.2801E-12 0.0000E+00 0.0000E+00 0.0000E+00 0.0000E+00 0.0000E+00
