Assets/Resources/2015_m01_d16_0800(utc+0800)_l00_csi_1hr_conc.grd
DSAA
         159         159
     -79.000      79.000
     -79.000      79.000
  0.2461E-10  0.4353E-05
[rows 100 to 124 of 159, columns 0 to 56 of 159]
9.3250E-11 1.0235E-10 1.1205E-10 1.2184E-10 1.3176E-10 1.4118E-10 1.4963E-10 1.5843E-10 1.6922E-10 1.8195E-10 1.9359E-10 2.0608E-10 2.2011E-10 2.3598E-10 2.5159E-10 2.6594E-10 2.7996E-10 2.9493E-10 3.1027E-10 3.2671E-10 3.4401E-10 3.6186E-10 3.8066E-10 4.0039E-10 4.2109E-10 4.4252E-10 4.6568E-10 4.8984E-10 5.1523E-10 5.4233E-10 5.7079E-10 6.0020E-10 6.3152E-10 6.6491E-10 7.0102E-10 7.3914E-10 7.7790E-10 8.1823E-10 8.5977E-10 9.0290E-10 9.4802E-10 9.9511E-10 1.0440E-09 1.0953E-09 1.1482E-09 1.2039E-09 1.2617E-09 1.3218E-09 1.3847E-09 1.4497E-09 1.5174E-09 1.5882E-09 1.6621E-09 1.7385E-09 1.8177E-09 1.9002E-09 1.9857E-09
9.1627E-11 1.0042E-10 1.1013E-10 1.1917E-10 1.2914E-10 1.3937E-10 1.4743E-10 1.5614E-10 1.6644E-10 1.7927E-10 1.9091E-10 2.0227E-10 2.1675E-10 2.3223E-10 2.4808E-10 2.6254E-10 2.7638E-10 2.9116E-10 3.0630E-10 3.2252E-10 3.3931E-10 3.5693E-10 3.7578E-10 3.9527E-10 4.1570E-10 4.3685E-10 4.5971E-10 4.8356E-10 5.0841E-10 5.3494E-10 5.6302E-10 5.9248E-10 6.2338E-10 6.5608E-10 6.9013E-10 7.2801E-10 7.6740E-10 8.0670E-10 8.4784E-10 8.9062E-10 9.3508E-10 9.8152E-10 1.0300E-09 1.0803E-09 1.1327E-09 1.1873E-09 1.2445E-09 1.3035E-09 1.3654E-09 1.4295E-09 1.4965E-09 1.5661E-09 1.6381E-09 1.7137E-09 1.7921E-09 1.8729E-09 1.9571E-09
8.8247E-11 9.7252E-11 1.0694E-10 1.1647E-10 1.2683E-10 1.3673E-10 1.4524E-10 1.5382E-10 1.6363E-10 1.7635E-10 1.8773E-10 1.9940E-10 2.1274E-10 2.2836E-10 2.4398E-10 2.5907E-10 2.7272E-10 2.8701E-10 3.0196E-10 3.1797E-10 3.3481E-10 3.5220E-10 3.7048E-10 3.9002E-10 4.1018E-10 4.3105E-10 4.5328E-10 4.7682E-10 5.0164E-10 5.2781E-10 5.5550E-10 5.8407E-10 6.1431E-10 6.4625E-10 6.8081E-10 7.1788E-10 7.5546E-10 7.9534E-10 8.3613E-10 8.7803E-10 9.2182E-10 9.6756E-10 1.0150E-09 1.0651E-09 1.1165E-09 1.1703E-09 1.2266E-09 1.2849E-09 1.3456E-09 1.4090E-09 1.4746E-09 1.5431E-09 1.6143E-09 1.6886E-09 1.7657E-09 1.8449E-09 1.9277E-09
8.6080E-11 9.5429E-11 1.0460E-10 1.1421E-10 1.2400E-10 1.3408E-10 1.4291E-10 1.5148E-10 1.6078E-10 1.7298E-10 1.8462E-10 1.9649E-10 2.0916E-10 2.2426E-10 2.3934E-10 2.5442E-10 2.6863E-10 2.8308E-10 2.9783E-10 3.1330E-10 3.3022E-10 3.4737E-10 3.6539E-10 3.8435E-10 4.0424E-10 4.2512E-10 4.4704E-10 4.7001E-10 4.9448E-10 5.2028E-10 5.4734E-10 5.7575E-10 6.0577E-10 6.3700E-10 6.7081E-10 7.0627E-10 7.4447E-10 7.8326E-10 8.2287E-10 8.6512E-10 9.0821E-10 9.5326E-10 1.0002E-09 1.0490E-09 1.1001E-09 1.1528E-09 1.2085E-09 1.2656E-09 1.3253E-09 1.3877E-09 1.4521E-09 1.5196E-09 1.5899E-09 1.6622E-09 1.7380E-09 1.8166E-09 1.8980E-09
8.4097E-11 9.2836E-11 1.0171E-10 1.1131E-10 1.2148E-10 1.3124E-10 1.4040E-10 1.4876E-10 1.5831E-10 1.6997E-10 1.8173E-10 1.9322E-10 2.0558E-10 2.2001E-10 2.3554E-10 2.5085E-10 2.6485E-10 2.7909E-10 2.9362E-10 3.0887E-10 3.2525E-10 3.4215E-10 3.6021E-10 3.7889E-10 3.9849E-10 4.1873E-10 4.4034E-10 4.6331E-10 4.8720E-10 5.1239E-10 5.3928E-10 5.6747E-10 5.9656E-10 6.2733E-10 6.6032E-10 6.9572E-10 7.3206E-10 7.7140E-10 8.1063E-10 8.5194E-10 8.9408E-10 9.3864E-10 9.8485E-10 1.0331E-09 1.0831E-09 1.1352E-09 1.1894E-09 1.2461E-09 1.3045E-09 1.3661E-09 1.4292E-09 1.4954E-09 1.5642E-09 1.6360E-09 1.7104E-09 1.7869E-09 1.8668E-09
8.2224E-11 9.0340E-11 9.9581E-11 1.0898E-10 1.1892E-10 1.2904E-10 1.3778E-10 1.4601E-10 1.5581E-10 1.6634E-10 1.7819E-10 1.8966E-10 2.0174E-10 2.1609E-10 2.3091E-10 2.4626E-10 2.6063E-10 2.7437E-10 2.8906E-10 3.0409E-10 3.2050E-10 3.3715E-10 3.5461E-10 3.7334E-10 3.9264E-10 4.1257E-10 4.3386E-10 4.5616E-10 4.8000E-10 5.0481E-10 5.3127E-10 5.5835E-10 5.8745E-10 6.1770E-10 6.4993E-10 6.8369E-10 7.2069E-10 7.5816E-10 7.9716E-10 8.3848E-10 8.7992E-10 9.2372E-10 9.6917E-10 1.0163E-09 1.0657E-09 1.1169E-09 1.1705E-09 1.2259E-09 1.2836E-09 1.3436E-09 1.4061E-09 1.4709E-09 1.5387E-09 1.6085E-09 1.6816E-09 1.7573E-09 1.8358E-09
8.0180E-11 8.8631E-11 9.6420E-11 1.0587E-10 1.1603E-10 1.2600E-10 1.3532E-10 1.4351E-10 1.5303E-10 1.6329E-10 1.7549E-10 1.8667E-10 1.9821E-10 2.1163E-10 2.2660E-10 2.4216E-10 2.5645E-10 2.7027E-10 2.8473E-10 2.9952E-10 3.1537E-10 3.3177E-10 3.4897E-10 3.6738E-10 3.8639E-10 4.0631E-10 4.2726E-10 4.4921E-10 4.7244E-10 4.9664E-10 5.2246E-10 5.4977E-10 5.7791E-10 6.0767E-10 6.3907E-10 6.7255E-10 7.0788E-10 7.4441E-10 7.8446E-10 8.2382E-10 8.6551E-10 9.0853E-10 9.5318E-10 9.9946E-10 1.0480E-09 1.0986E-09 1.1506E-09 1.2056E-09 1.2620E-09 1.3212E-09 1.3823E-09 1.4458E-09 1.5121E-09 1.5812E-09 1.6526E-09 1.7269E-09 1.8035E-09
7.7928E-11 8.4432E-11 9.3726E-11 1.0334E-10 1.1313E-10 1.2322E-10 1.3282E-10 1.4093E-10 1.5026E-10 1.6014E-10 1.7242E-10 1.8273E-10 1.9429E-10 2.0750E-10 2.2270E-10 2.3714E-10 2.5208E-10 2.6574E-10 2.8034E-10 2.9461E-10 3.1021E-10 3.2662E-10 3.4354E-10 3.6165E-10 3.8035E-10 3.9994E-10 4.2023E-10 4.4183E-10 4.6469E-10 4.8880E-10 5.1419E-10 5.4057E-10 5.6848E-10 5.9796E-10 6.2812E-10 6.6097E-10 6.9616E-10 7.3227E-10 7.6986E-10 8.0993E-10 8.5085E-10 8.9285E-10 9.3694E-10 9.8238E-10 1.0300E-09 1.0796E-09 1.1310E-09 1.1845E-09 1.2403E-09 1.2978E-09 1.3584E-09 1.4203E-09 1.4857E-09 1.5531E-09 1.6231E-09 1.6959E-09 1.7710E-09
7.5999E-11 8.2963E-11 9.1055E-11 1.0004E-10 1.0956E-10 1.1975E-10 1.2966E-10 1.3834E-10 1.4745E-10 1.5642E-10 1.6804E-10 1.7971E-10 1.9086E-10 2.0311E-10 2.1721E-10 2.3223E-10 2.4744E-10 2.6154E-10 2.7560E-10 2.8993E-10 3.0527E-10 3.2140E-10 3.3775E-10 3.5553E-10 3.7393E-10 3.9320E-10 4.1344E-10 4.3468E-10 4.5715E-10 4.8084E-10 5.0512E-10 5.3150E-10 5.5915E-10 5.8742E-10 6.1773E-10 6.4951E-10 6.8302E-10 7.1821E-10 7.5681E-10 7.9540E-10 8.3529E-10 8.7695E-10 9.2045E-10 9.6503E-10 1.0117E-09 1.0604E-09 1.1108E-09 1.1635E-09 1.2180E-09 1.2747E-09 1.3335E-09 1.3948E-09 1.4582E-09 1.5243E-09 1.5932E-09 1.6642E-09 1.7381E-09
7.3761E-11 7.9475E-11 8.8478E-11 9.7447E-11 1.0647E-10 1.1699E-10 1.2718E-10 1.3550E-10 1.4445E-10 1.5400E-10 1.6509E-10 1.7656E-10 1.8706E-10 1.9946E-10 2.1328E-10 2.2717E-10 2.4271E-10 2.5692E-10 2.7075E-10 2.8490E-10 2.9968E-10 3.1583E-10 3.3219E-10 3.4966E-10 3.6774E-10 3.8668E-10 4.0656E-10 4.2743E-10 4.4896E-10 4.7233E-10 4.9663E-10 5.2254E-10 5.4901E-10 5.7744E-10 6.0649E-10 6.3763E-10 6.7005E-10 7.0577E-10 7.4188E-10 7.7970E-10 8.2025E-10 8.6136E-10 9.0324E-10 9.4747E-10 9.9325E-10 1.0407E-09 1.0906E-09 1.1417E-09 1.1955E-09 1.2509E-09 1.3086E-09 1.3686E-09 1.4310E-09 1.4954E-09 1.5625E-09 1.6324E-09 1.7048E-09
7.1850E-11 7.8247E-11 8.5752E-11 9.4199E-11 1.0355E-10 1.1417E-10 1.2375E-10 1.3272E-10 1.4135E-10 1.5104E-10 1.6068E-10 1.7265E-10 1.8348E-10 1.9544E-10 2.0811E-10 2.2299E-10 2.3831E-10 2.5192E-10 2.6593E-10 2.8013E-10 2.9465E-10 3.1022E-10 3.2657E-10 3.4345E-10 3.6117E-10 3.7979E-10 3.9927E-10 4.1978E-10 4.4124E-10 4.6418E-10 4.8804E-10 5.1281E-10 5.3945E-10 5.6665E-10 5.9585E-10 6.2570E-10 6.5795E-10 6.9143E-10 7.2833E-10 7.6562E-10 8.0435E-10 8.4436E-10 8.8637E-10 9.2969E-10 9.7458E-10 1.0213E-09 1.0697E-09 1.1200E-09 1.1726E-09 1.2272E-09 1.2833E-09 1.3422E-09 1.4029E-09 1.4663E-09 1.5322E-09 1.5999E-09 1.6710E-09
7.0630E-11 7.5844E-11 8.2452E-11 9.1824E-11 1.0036E-10 1.1049E-10 1.2086E-10 1.3035E-10 1.3789E-10 1.4770E-10 1.5783E-10 1.6949E-10 1.7965E-10 1.9118E-10 2.0370E-10 2.1742E-10 2.3252E-10 2.4763E-10 2.6101E-10 2.7531E-10 2.8928E-10 3.0456E-10 3.2061E-10 3.3715E-10 3.5487E-10 3.7313E-10 3.9196E-10 4.1238E-10 4.3313E-10 4.5542E-10 4.7892E-10 5.0365E-10 5.2910E-10 5.5646E-10 5.8441E-10 6.1436E-10 6.4496E-10 6.7830E-10 7.1342E-10 7.4966E-10 7.8904E-10 8.2848E-10 8.6935E-10 9.1152E-10 9.5545E-10 1.0012E-09 1.0491E-09 1.0983E-09 1.1495E-09 1.2027E-09 1.2579E-09 1.3155E-09 1.3748E-09 1.4368E-09 1.5006E-09 1.5678E-09 1.6367E-09
6.8337E-11 7.3875E-11 8.0353E-11 8.8311E-11 9.7462E-11 1.0757E-10 1.1708E-10 1.2657E-10 1.3534E-10 1.4507E-10 1.5422E-10 1.6504E-10 1.7594E-10 1.8677E-10 1.9905E-10 2.1302E-10 2.2775E-10 2.4191E-10 2.5643E-10 2.6981E-10 2.8417E-10 2.9887E-10 3.1491E-10 3.3084E-10 3.4850E-10 3.6612E-10 3.8489E-10 4.0459E-10 4.2527E-10 4.4713E-10 4.7017E-10 4.9375E-10 5.1936E-10 5.4550E-10 5.7357E-10 6.0221E-10 6.3243E-10 6.6479E-10 6.9814E-10 7.3513E-10 7.7247E-10 8.1122E-10 8.5122E-10 8.9343E-10 9.3641E-10 9.8118E-10 1.0278E-09 1.0759E-09 1.1263E-09 1.1783E-09 1.2325E-09 1.2886E-09 1.3466E-09 1.4067E-09 1.4695E-09 1.5347E-09 1.6016E-09
6.7246E-11 7.1599E-11 7.7209E-11 8.5965E-11 9.3853E-11 1.0321E-10 1.1422E-10 1.2421E-10 1.3202E-10 1.4089E-10 1.5059E-10 1.6152E-10 1.7245E-10 1.8298E-10 1.9476E-10 2.0804E-10 2.2194E-10 2.3759E-10 2.5073E-10 2.6494E-10 2.7873E-10 2.9313E-10 3.0858E-10 3.2479E-10 3.4151E-10 3.5937E-10 3.7747E-10 3.9708E-10 4.1735E-10 4.3824E-10 4.6090E-10 4.8446E-10 5.0889E-10 5.3516E-10 5.6195E-10 5.9045E-10 6.2005E-10 6.5148E-10 6.8436E-10 7.1927E-10 7.5551E-10 7.9512E-10 8.3423E-10 8.7500E-10 9.1703E-10 9.6078E-10 1.0060E-09 1.0539E-09 1.1029E-09 1.1537E-09 1.2064E-09 1.2611E-09 1.3181E-09 1.3772E-09 1.4381E-09 1.5019E-09 1.5675E-09
6.4961E-11 6.9659E-11 7.5453E-11 8.1748E-11 9.1302E-11 1.0038E-10 1.1055E-10 1.2056E-10 1.2948E-10 1.3810E-10 1.4789E-10 1.5707E-10 1.6883E-10 1.7883E-10 1.9030E-10 2.0293E-10 2.1747E-10 2.3112E-10 2.4613E-10 2.5939E-10 2.7357E-10 2.8739E-10 3.0282E-10 3.1841E-10 3.3508E-10 3.5227E-10 3.7032E-10 3.8890E-10 4.0906E-10 4.2984E-10 4.5173E-10 4.7466E-10 4.9903E-10 5.2406E-10 5.5097E-10 5.7842E-10 6.0711E-10 6.3783E-10 6.6974E-10 7.0461E-10 7.4026E-10 7.7728E-10 8.1592E-10 8.5576E-10 8.9753E-10 9.4080E-10 9.8501E-10 1.0313E-09 1.0791E-09 1.1290E-09 1.1808E-09 1.2342E-09 1.2896E-09 1.3469E-09 1.4067E-09 1.4685E-09 1.5325E-09
6.3900E-11 6.8016E-11 7.2738E-11 7.9571E-11 8.7813E-11 9.6675E-11 1.0680E-10 1.1739E-10 1.2614E-10 1.3424E-10 1.4378E-10 1.5383E-10 1.6448E-10 1.7504E-10 1.8597E-10 1.9828E-10 2.1145E-10 2.2602E-10 2.4011E-10 2.5449E-10 2.6772E-10 2.8192E-10 2.9645E-10 3.1229E-10 3.2802E-10 3.4546E-10 3.6282E-10 3.8132E-10 4.0106E-10 4.2109E-10 4.4261E-10 4.6527E-10 4.8844E-10 5.1361E-10 5.3927E-10 5.6631E-10 5.9485E-10 6.2419E-10 6.5585E-10 6.8865E-10 7.2325E-10 7.5936E-10 7.9735E-10 8.3771E-10 8.7823E-10 9.1998E-10 9.6339E-10 1.0086E-09 1.0557E-09 1.1042E-09 1.1544E-09 1.2066E-09 1.2606E-09 1.3171E-09 1.3750E-09 1.4350E-09 1.4978E-09
6.2841E-11 6.6098E-11 7.1021E-11 7.6099E-11 8.5224E-11 9.3721E-11 1.0308E-10 1.1314E-10 1.2311E-10 1.3106E-10 1.4085E-10 1.4978E-10 1.6063E-10 1.7102E-10 1.8170E-10 1.9355E-10 2.0689E-10 2.1990E-10 2.3508E-10 2.4850E-10 2.6254E-10 2.7614E-10 2.9066E-10 3.0559E-10 3.2156E-10 3.3802E-10 3.5561E-10 3.7342E-10 3.9271E-10 4.1263E-10 4.3337E-10 4.5540E-10 4.7851E-10 5.0246E-10 5.2821E-10 5.5443E-10 5.8185E-10 6.1098E-10 6.4115E-10 6.7297E-10 7.0771E-10 7.4319E-10 7.8000E-10 8.1838E-10 8.5793E-10 8.9935E-10 9.4200E-10 9.8602E-10 1.0318E-09 1.0790E-09 1.1283E-09 1.1795E-09 1.2321E-09 1.2867E-09 1.3432E-09 1.4019E-09 1.4624E-09
6.1785E-11 6.4586E-11 6.8441E-11 7.4682E-11 8.1338E-11 9.0068E-11 9.8990E-11 1.0958E-10 1.1980E-10 1.2815E-10 1.3668E-10 1.4629E-10 1.5619E-10 1.6748E-10 1.7726E-10 1.8869E-10 2.0090E-10 2.1484E-10 2.2879E-10 2.4331E-10 2.5668E-10 2.7065E-10 2.8426E-10 2.9946E-10 3.1479E-10 3.3119E-10 3.4808E-10 3.6580E-10 3.8437E-10 4.0383E-10 4.2420E-10 4.4565E-10 4.6811E-10 4.9196E-10 5.1644E-10 5.4227E-10 5.6953E-10 5.9751E-10 6.2674E-10 6.5827E-10 6.9090E-10 7.2529E-10 7.6116E-10 7.9860E-10 8.3813E-10 8.7827E-10 9.2031E-10 9.6324E-10 1.0079E-09 1.0542E-09 1.1020E-09 1.1518E-09 1.2031E-09 1.2562E-09 1.3118E-09 1.3687E-09 1.4279E-09
6.0733E-11 6.2691E-11 6.6767E-11 7.1443E-11 7.8248E-11 8.7185E-11 9.5594E-11 1.0555E-10 1.1603E-10 1.2471E-10 1.3366E-10 1.4284E-10 1.5251E-10 1.6273E-10 1.7341E-10 1.8386E-10 1.9593E-10 2.0895E-10 2.2315E-10 2.3734E-10 2.5076E-10 2.6450E-10 2.7847E-10 2.9274E-10 3.0831E-10 3.2373E-10 3.4085E-10 3.5787E-10 3.7600E-10 3.9534E-10 4.1493E-10 4.3598E-10 4.5815E-10 4.8078E-10 5.0535E-10 5.3037E-10 5.5650E-10 5.8403E-10 6.1304E-10 6.4280E-10 6.7442E-10 7.0812E-10 7.4387E-10 7.8058E-10 8.1857E-10 8.5769E-10 8.9837E-10 9.4049E-10 9.8419E-10 1.0293E-09 1.0759E-09 1.1241E-09 1.1747E-09 1.2264E-09 1.2800E-09 1.3353E-09 1.3929E-09
5.9686E-11 6.1610E-11 6.4821E-11 6.9797E-11 7.5109E-11 8.3399E-11 9.1820E-11 1.0195E-10 1.1220E-10 1.2183E-10 1.2978E-10 1.3938E-10 1.4810E-10 1.5885E-10 1.6888E-10 1.7941E-10 1.9100E-10 2.0383E-10 2.1710E-10 2.3146E-10 2.4524E-10 2.5903E-10 2.7238E-10 2.8662E-10 3.0126E-10 3.1690E-10 3.3303E-10 3.5025E-10 3.6766E-10 3.8652E-10 4.0598E-10 4.2624E-10 4.4773E-10 4.7027E-10 4.9361E-10 5.1799E-10 5.4417E-10 5.7082E-10 5.9863E-10 6.2766E-10 6.5895E-10 6.9131E-10 7.2538E-10 7.6088E-10 7.9789E-10 8.3669E-10 8.7631E-10 9.1777E-10 9.6008E-10 1.0043E-09 1.0498E-09 1.0968E-09 1.1457E-09 1.1961E-09 1.2481E-09 1.3023E-09 1.3579E-09
5.8642E-11 6.0534E-11 6.3284E-11 6.7086E-11 7.2881E-11 7.9452E-11 8.8582E-11 9.7595E-11 1.0847E-10 1.1825E-10 1.2608E-10 1.3524E-10 1.4448E-10 1.5414E-10 1.6492E-10 1.7482E-10 1.8587E-10 1.9799E-10 2.1153E-10 2.2519E-10 2.3907E-10 2.5260E-10 2.6623E-10 2.7992E-10 2.9480E-10 3.0979E-10 3.2582E-10 3.4233E-10 3.5963E-10 3.7775E-10 3.9672E-10 4.1658E-10 4.3748E-10 4.5934E-10 4.8230E-10 5.0632E-10 5.3119E-10 5.5715E-10 5.8471E-10 6.1326E-10 6.4276E-10 6.7407E-10 7.0668E-10 7.4125E-10 7.7824E-10 8.1647E-10 8.5503E-10 8.9509E-10 9.3627E-10 9.7899E-10 1.0236E-09 1.0695E-09 1.1168E-09 1.1661E-09 1.2167E-09 1.2694E-09 1.3235E-09
5.7604E-11 5.9462E-11 6.1368E-11 6.5491E-11 7.0204E-11 7.5960E-11 8.4990E-11 9.3975E-11 1.0395E-10 1.1402E-10 1.2298E-10 1.3197E-10 1.4066E-10 1.5033E-10 1.6029E-10 1.7059E-10 1.8097E-10 1.9285E-10 2.0538E-10 2.1865E-10 2.3316E-10 2.4637E-10 2.6018E-10 2.7383E-10 2.8778E-10 3.0270E-10 3.1803E-10 3.3445E-10 3.5132E-10 3.6897E-10 3.8780E-10 4.0686E-10 4.2702E-10 4.4887E-10 4.7084E-10 4.9402E-10 5.1868E-10 5.4422E-10 5.7064E-10 5.9819E-10 6.2693E-10 6.5763E-10 6.8963E-10 7.2348E-10 7.5849E-10 7.9496E-10 8.3288E-10 8.7212E-10 9.1286E-10 9.5440E-10 9.9746E-10 1.0424E-09 1.0884E-09 1.1362E-09 1.1855E-09 1.2363E-09 1.2889E-09
5.6571E-11 5.8397E-11 6.0269E-11 6.3422E-11 6.8329E-11 7.3360E-11 8.0895E-11 8.9887E-11 1.0028E-10 1.1031E-10 1.1985E-10 1.2788E-10 1.3705E-10 1.4569E-10 1.5602E-10 1.6614E-10 1.7616E-10 1.8786E-10 1.9963E-10 2.1265E-10 2.2678E-10 2.4039E-10 2.5408E-10 2.6747E-10 2.8137E-10 2.9563E-10 3.1058E-10 3.2658E-10 3.4333E-10 3.6026E-10 3.7830E-10 3.9749E-10 4.1715E-10 4.3769E-10 4.5940E-10 4.8243E-10 5.0602E-10 5.3066E-10 5.5637E-10 5.8364E-10 6.1187E-10 6.4100E-10 6.7191E-10 7.0407E-10 7.3812E-10 7.7355E-10 8.1042E-10 8.4900E-10 8.8833E-10 9.2941E-10 9.7126E-10 1.0149E-09 1.0598E-09 1.1060E-09 1.1541E-09 1.2035E-09 1.2548E-09
5.5543E-11 5.7337E-11 5.9175E-11 6.1868E-11 6.5601E-11 7.0538E-11 7.7592E-11 8.6420E-11 9.5685E-11 1.0557E-10 1.1594E-10 1.2380E-10 1.3274E-10 1.4161E-10 1.5146E-10 1.6183E-10 1.7152E-10 1.8212E-10 1.9409E-10 2.0633E-10 2.2062E-10 2.3423E-10 2.4737E-10 2.6108E-10 2.7440E-10 2.8861E-10 3.0346E-10 3.1877E-10 3.3508E-10 3.5188E-10 3.6946E-10 3.8785E-10 4.0677E-10 4.2732E-10 4.4846E-10 4.7023E-10 4.9319E-10 5.1785E-10 5.4287E-10 5.6898E-10 5.9618E-10 6.2453E-10 6.5403E-10 6.8607E-10 7.1938E-10 7.5379E-10 7.8983E-10 8.2702E-10 8.6449E-10 9.0439E-10 9.4576E-10 9.8785E-10 1.0315E-09 1.0766E-09 1.1230E-09 1.1712E-09 1.2207E-09
5.4522E-11 5.6283E-11 5.8088E-11 5.9939E-11 6.3196E-11 6.8416E-11 7.4277E-11 8.2802E-11 9.1079E-11 1.0147E-10 1.1214E-10 1.2065E-10 1.2912E-10 1.3792E-10 1.4705E-10 1.5706E-10 1.6679E-10 1.7705E-10 1.8834E-10 2.0084E-10 2.1349E-10 2.2718E-10 2.4106E-10 2.5443E-10 2.6777E-10 2.8161E-10 2.9581E-10 3.1097E-10 3.2690E-10 3.4324E-10 3.6004E-10 3.7824E-10 3.9699E-10 4.1648E-10 4.3682E-10 4.5877E-10 4.8112E-10 5.0443E-10 5.2877E-10 5.5414E-10 5.8082E-10 6.0862E-10 6.3755E-10 6.6794E-10 6.9955E-10 7.3298E-10 7.6772E-10 8.0384E-10 8.4160E-10 8.8005E-10 9.2019E-10 9.6105E-10 1.0034E-09 1.0471E-09 1.0924E-09 1.1391E-09 1.1871E-09
