Assets/Resources/2015_m01_d31_0800(utc+0800)_l00_csi_1hr_conc.grd
DSAA
         159         159
     -79.000      79.000
     -79.000      79.000
  0.0000E+00  0.5654E-05
[rows 0 to 24 of 159, columns 57 to 113 of 159]
1.7487E-09 2.0198E-09 2.3170E-09 2.6425E-09 2.9957E-09 3.3749E-09 3.7791E-09 4.2037E-09 4.6481E-09 5.1079E-09 5.5763E-09 6.0494E-09 6.5209E-09 6.9820E-09 7.4264E-09 7.8463E-09 8.2329E-09 8.5807E-09 8.8859E-09 9.1444E-09 9.3480E-09 9.4897E-09 9.5632E-09 9.5641E-09 9.4857E-09 9.3281E-09 9.0908E-09 8.7762E-09 8.3935E-09 7.9533E-09 7.4659E-09 6.9442E-09 6.4008E-09 5.8471E-09 5.2920E-09 4.7462E-09 4.2177E-09 3.7134E-09 3.2412E-09 2.8030E-09 2.3995E-09 2.0339E-09 1.7104E-09 1.4224E-09 1.1702E-09 9.5452E-10 7.6829E-10 6.1367E-10 4.8179E-10 3.7556E-10 2.8536E-10 2.0693E-10 1.4168E-10 9.4174E-11 5.4671E-11 2.7241E-11 1.3830E-11
1.7975E-09 2.0777E-09 2.3873E-09 2.7277E-09 3.0960E-09 3.4934E-09 3.9170E-09 4.3659E-09 4.8366E-09 5.3234E-09 5.8230E-09 6.3294E-09 6.8348E-09 7.3323E-09 7.8134E-09 8.2685E-09 8.6921E-09 9.0812E-09 9.4287E-09 9.7251E-09 9.9611E-09 1.0132E-08 1.0226E-08 1.0240E-08 1.0167E-08 1.0006E-08 9.7557E-09 9.4220E-09 9.0146E-09 8.5428E-09 8.0184E-09 7.4572E-09 6.8725E-09 6.2760E-09 5.6796E-09 5.0944E-09 4.5258E-09 3.9815E-09 3.4694E-09 2.9950E-09 2.5619E-09 2.1697E-09 1.8179E-09 1.5107E-09 1.2410E-09 1.0087E-09 8.1129E-10 6.4355E-10 5.0662E-10 3.9107E-10 2.9954E-10 2.1281E-10 1.4644E-10 9.6361E-11 5.3580E-11 2.8164E-11 1.3945E-11
1.8366E-09 2.1250E-09 2.4463E-09 2.7984E-09 3.1818E-09 3.5967E-09 4.0403E-09 4.5114E-09 5.0058E-09 5.5209E-09 6.0509E-09 6.5893E-09 7.1287E-09 7.6620E-09 8.1800E-09 8.6762E-09 9.1459E-09 9.5804E-09 9.9700E-09 1.0305E-08 1.0578E-08 1.0777E-08 1.0896E-08 1.0927E-08 1.0861E-08 1.0694E-08 1.0432E-08 1.0082E-08 9.6493E-09 9.1458E-09 8.5881E-09 7.9895E-09 7.3635E-09 6.7234E-09 6.0815E-09 5.4488E-09 4.8358E-09 4.2533E-09 3.7043E-09 3.1932E-09 2.7252E-09 2.3049E-09 1.9288E-09 1.5969E-09 1.3103E-09 1.0623E-09 8.5305E-10 6.7519E-10 5.2835E-10 4.0744E-10 3.0975E-10 2.1927E-10 1.5178E-10 9.6911E-11 5.0901E-11 2.8417E-11 1.4190E-11
1.8631E-09 2.1611E-09 2.4919E-09 2.8548E-09 3.2518E-09 3.6817E-09 4.1437E-09 4.6351E-09 5.1538E-09 5.6951E-09 6.2548E-09 6.8257E-09 7.3997E-09 7.9700E-09 8.5296E-09 9.0718E-09 9.5864E-09 1.0067E-08 1.0502E-08 1.0882E-08 1.1194E-08 1.1428E-08 1.1576E-08 1.1622E-08 1.1561E-08 1.1394E-08 1.1124E-08 1.0754E-08 1.0295E-08 9.7615E-09 9.1691E-09 8.5328E-09 7.8662E-09 7.1843E-09 6.4989E-09 5.8202E-09 5.1611E-09 4.5317E-09 3.9402E-09 3.3936E-09 2.8930E-09 2.4395E-09 2.0385E-09 1.6845E-09 1.3774E-09 1.1150E-09 8.9104E-10 7.0614E-10 5.4897E-10 4.2318E-10 3.1904E-10 2.2713E-10 1.5480E-10 9.4423E-11 5.1462E-11 2.8162E-11 1.4182E-11
1.8791E-09 2.1832E-09 2.5213E-09 2.8936E-09 3.3034E-09 3.7471E-09 4.2252E-09 4.7361E-09 5.2775E-09 5.8452E-09 6.4334E-09 7.0349E-09 7.6436E-09 8.2541E-09 8.8576E-09 9.4461E-09 1.0010E-08 1.0541E-08 1.1025E-08 1.1450E-08 1.1806E-08 1.2080E-08 1.2252E-08 1.2316E-08 1.2266E-08 1.2101E-08 1.1820E-08 1.1434E-08 1.0953E-08 1.0392E-08 9.7665E-09 9.0913E-09 8.3811E-09 7.6516E-09 6.9172E-09 6.1922E-09 5.4901E-09 4.8172E-09 4.1827E-09 3.5947E-09 3.0591E-09 2.5767E-09 2.1466E-09 1.7707E-09 1.4440E-09 1.1655E-09 9.2957E-10 7.3200E-10 5.7038E-10 4.3541E-10 3.2754E-10 2.3426E-10 1.5436E-10 8.8492E-11 5.1427E-11 2.8519E-11 1.2678E-11
1.8850E-09 2.1937E-09 2.5359E-09 2.9174E-09 3.3352E-09 3.7905E-09 4.2836E-09 4.8131E-09 5.3752E-09 5.9666E-09 6.5817E-09 7.2158E-09 7.8623E-09 8.5129E-09 9.1607E-09 9.7972E-09 1.0414E-08 1.0997E-08 1.1533E-08 1.2011E-08 1.2415E-08 1.2723E-08 1.2924E-08 1.3010E-08 1.2972E-08 1.2807E-08 1.2521E-08 1.2121E-08 1.1620E-08 1.1033E-08 1.0377E-08 9.6648E-09 8.9131E-09 8.1371E-09 7.3533E-09 6.5775E-09 5.8231E-09 5.1029E-09 4.4277E-09 3.8006E-09 3.2263E-09 2.7117E-09 2.2547E-09 1.8546E-09 1.5091E-09 1.2130E-09 9.6609E-10 7.5768E-10 5.8825E-10 4.4776E-10 3.3400E-10 2.3824E-10 1.5271E-10 8.5699E-11 5.1341E-11 2.8546E-11 1.2462E-11
1.8752E-09 2.1873E-09 2.5348E-09 2.9218E-09 3.3473E-09 3.8129E-09 4.3195E-09 4.8637E-09 5.4457E-09 6.0591E-09 6.7019E-09 7.3671E-09 8.0483E-09 8.7403E-09 9.4354E-09 1.0125E-08 1.0794E-08 1.1430E-08 1.2024E-08 1.2555E-08 1.3003E-08 1.3352E-08 1.3587E-08 1.3694E-08 1.3669E-08 1.3511E-08 1.3222E-08 1.2812E-08 1.2295E-08 1.1685E-08 1.0996E-08 1.0244E-08 9.4474E-09 8.6244E-09 7.7930E-09 6.9693E-09 6.1655E-09 5.3962E-09 4.6725E-09 4.0039E-09 3.3955E-09 2.8464E-09 2.3607E-09 1.9363E-09 1.5712E-09 1.2602E-09 9.9750E-10 7.8262E-10 6.0256E-10 4.5888E-10 3.3915E-10 2.3810E-10 1.4712E-10 8.6500E-11 4.9663E-11 2.8394E-11 1.2071E-11
1.8546E-09 2.1664E-09 2.5175E-09 2.9077E-09 3.3378E-09 3.8125E-09 4.3297E-09 4.8886E-09 5.4861E-09 6.1222E-09 6.7898E-09 7.4846E-09 8.2029E-09 8.9376E-09 9.6807E-09 1.0419E-08 1.1141E-08 1.1840E-08 1.2492E-08 1.3077E-08 1.3573E-08 1.3963E-08 1.4232E-08 1.4368E-08 1.4362E-08 1.4213E-08 1.3925E-08 1.3511E-08 1.2982E-08 1.2350E-08 1.1630E-08 1.0840E-08 9.9978E-09 9.1245E-09 8.2393E-09 7.3612E-09 6.5070E-09 5.6919E-09 4.9227E-09 4.2096E-09 3.5606E-09 2.9797E-09 2.4655E-09 2.0164E-09 1.6300E-09 1.3044E-09 1.0296E-09 8.0313E-10 6.1785E-10 4.6671E-10 3.4321E-10 2.3711E-10 1.4456E-10 8.7405E-11 4.9297E-11 2.5419E-11 9.0777E-12
1.8254E-09 2.1358E-09 2.4856E-09 2.8757E-09 3.3105E-09 3.7885E-09 4.3145E-09 4.8845E-09 5.4983E-09 6.1517E-09 6.8413E-09 7.5678E-09 8.3227E-09 9.1003E-09 9.8887E-09 1.0681E-08 1.1465E-08 1.2222E-08 1.2933E-08 1.3573E-08 1.4120E-08 1.4554E-08 1.4862E-08 1.5029E-08 1.5044E-08 1.4909E-08 1.4631E-08 1.4218E-08 1.3678E-08 1.3025E-08 1.2274E-08 1.1445E-08 1.0560E-08 9.6381E-09 8.7011E-09 7.7681E-09 6.8582E-09 5.9874E-09 5.1705E-09 4.4166E-09 3.7274E-09 3.1103E-09 2.5666E-09 2.0943E-09 1.6883E-09 1.3441E-09 1.0599E-09 8.2162E-10 6.3024E-10 4.7413E-10 3.4367E-10 2.3175E-10 1.4408E-10 8.7103E-11 4.8342E-11 2.3405E-11 6.8838E-12
1.7797E-09 2.0886E-09 2.4371E-09 2.8261E-09 3.2619E-09 3.7426E-09 4.2738E-09 4.8525E-09 5.4783E-09 6.1466E-09 6.8620E-09 7.6164E-09 8.4062E-09 9.2217E-09 1.0060E-08 1.0909E-08 1.1752E-08 1.2571E-08 1.3340E-08 1.4034E-08 1.4632E-08 1.5117E-08 1.5468E-08 1.5667E-08 1.5712E-08 1.5602E-08 1.5339E-08 1.4930E-08 1.4382E-08 1.3709E-08 1.2928E-08 1.2059E-08 1.1127E-08 1.0153E-08 9.1613E-09 8.1746E-09 7.2124E-09 6.2895E-09 5.4210E-09 4.6187E-09 3.8925E-09 3.2414E-09 2.6658E-09 2.1680E-09 1.7436E-09 1.3839E-09 1.0845E-09 8.4120E-10 6.4007E-10 4.8032E-10 3.4228E-10 2.2899E-10 1.4253E-10 8.4212E-11 4.5506E-11 2.1936E-11 5.7397E-12
1.7244E-09 2.0267E-09 2.3709E-09 2.7588E-09 3.1925E-09 3.6725E-09 4.2085E-09 4.7940E-09 5.4266E-09 6.1121E-09 6.8469E-09 7.6273E-09 8.4491E-09 9.3082E-09 1.0198E-08 1.1100E-08 1.2002E-08 1.2878E-08 1.3705E-08 1.4458E-08 1.5117E-08 1.5657E-08 1.6051E-08 1.6293E-08 1.6376E-08 1.6297E-08 1.6054E-08 1.5651E-08 1.5097E-08 1.4406E-08 1.3597E-08 1.2691E-08 1.1711E-08 1.0684E-08 9.6352E-09 8.5885E-09 7.5668E-09 6.5900E-09 5.6731E-09 4.8239E-09 4.0532E-09 3.3671E-09 2.7647E-09 2.2405E-09 1.7943E-09 1.4216E-09 1.1096E-09 8.5617E-10 6.4981E-10 4.8346E-10 3.3663E-10 2.2998E-10 1.4233E-10 8.2739E-11 4.3026E-11 1.7676E-11 3.6590E-12
1.6620E-09 1.9579E-09 2.2954E-09 2.6769E-09 3.1053E-09 3.5841E-09 4.1186E-09 4.7063E-09 5.3472E-09 6.0454E-09 6.7959E-09 7.6007E-09 8.4552E-09 9.3569E-09 1.0291E-08 1.1251E-08 1.2208E-08 1.3141E-08 1.4030E-08 1.4849E-08 1.5565E-08 1.6157E-08 1.6607E-08 1.6899E-08 1.7027E-08 1.6982E-08 1.6764E-08 1.6372E-08 1.5815E-08 1.5108E-08 1.4270E-08 1.3326E-08 1.2299E-08 1.1220E-08 1.0114E-08 9.0094E-09 7.9280E-09 6.8925E-09 5.9207E-09 5.0271E-09 4.2154E-09 3.4904E-09 2.8571E-09 2.3111E-09 1.8437E-09 1.4532E-09 1.1333E-09 8.6811E-10 6.5768E-10 4.8452E-10 3.3132E-10 2.2794E-10 1.3894E-10 8.2021E-11 4.0258E-11 1.3705E-11 1.0216E-12
1.5874E-09 1.8756E-09 2.2074E-09 2.5811E-09 3.0013E-09 3.4760E-09 4.0061E-09 4.5929E-09 5.2394E-09 5.9434E-09 6.7118E-09 7.5381E-09 8.4263E-09 9.3634E-09 1.0349E-08 1.1355E-08 1.2366E-08 1.3363E-08 1.4315E-08 1.5192E-08 1.5968E-08 1.6623E-08 1.7135E-08 1.7490E-08 1.7673E-08 1.7671E-08 1.7479E-08 1.7100E-08 1.6543E-08 1.5822E-08 1.4956E-08 1.3971E-08 1.2895E-08 1.1761E-08 1.0596E-08 9.4296E-09 8.2895E-09 7.1981E-09 6.1712E-09 5.2255E-09 4.3717E-09 3.6133E-09 2.9463E-09 2.3751E-09 1.8917E-09 1.4846E-09 1.1515E-09 8.8029E-10 6.6045E-10 4.7904E-10 3.3140E-10 2.2414E-10 1.3563E-10 7.6160E-11 3.3495E-11 1.0011E-11 1.8637E-13
1.5067E-09 1.7844E-09 2.1039E-09 2.4683E-09 2.8816E-09 3.3479E-09 3.8706E-09 4.4571E-09 5.1029E-09 5.8141E-09 6.5927E-09 7.4422E-09 8.3556E-09 9.3346E-09 1.0359E-08 1.1414E-08 1.2481E-08 1.3534E-08 1.4545E-08 1.5491E-08 1.6342E-08 1.7067E-08 1.7653E-08 1.8074E-08 1.8311E-08 1.8355E-08 1.8198E-08 1.7837E-08 1.7282E-08 1.6549E-08 1.5657E-08 1.4634E-08 1.3509E-08 1.2317E-08 1.1089E-08 9.8578E-09 8.6529E-09 7.5001E-09 6.4199E-09 5.4248E-09 4.5251E-09 3.7284E-09 3.0350E-09 2.4354E-09 1.9321E-09 1.5139E-09 1.1667E-09 8.8943E-10 6.6372E-10 4.6782E-10 3.2907E-10 2.2127E-10 1.3374E-10 7.3015E-11 2.9338E-11 5.2388E-12 0.0000E+00
1.4195E-09 1.6862E-09 1.9925E-09 2.3444E-09 2.7467E-09 3.2017E-09 3.7152E-09 4.2961E-09 4.9391E-09 5.6555E-09 6.4450E-09 7.3109E-09 8.2535E-09 9.2630E-09 1.0325E-08 1.1425E-08 1.2542E-08 1.3655E-08 1.4737E-08 1.5754E-08 1.6676E-08 1.7480E-08 1.8144E-08 1.8640E-08 1.8945E-08 1.9042E-08 1.8921E-08 1.8582E-08 1.8032E-08 1.7286E-08 1.6366E-08 1.5301E-08 1.4125E-08 1.2876E-08 1.1585E-08 1.0289E-08 9.0199E-09 7.8031E-09 6.6639E-09 5.6182E-09 4.6764E-09 3.8398E-09 3.1146E-09 2.4952E-09 1.9692E-09 1.5361E-09 1.1807E-09 8.9233E-10 6.6499E-10 4.6713E-10 3.2391E-10 2.1387E-10 1.2675E-10 6.5403E-11 2.3211E-11 3.3163E-12 0.0000E+00
1.3261E-09 1.5818E-09 1.8757E-09 2.2160E-09 2.6037E-09 3.0450E-09 3.5431E-09 4.1143E-09 4.7556E-09 5.4700E-09 6.2689E-09 7.1489E-09 8.1134E-09 9.1478E-09 1.0245E-08 1.1385E-08 1.2560E-08 1.3734E-08 1.4879E-08 1.5964E-08 1.6973E-08 1.7869E-08 1.8619E-08 1.9193E-08 1.9567E-08 1.9721E-08 1.9643E-08 1.9328E-08 1.8787E-08 1.8031E-08 1.7085E-08 1.5979E-08 1.4750E-08 1.3437E-08 1.2080E-08 1.0716E-08 9.3810E-09 8.1043E-09 6.9069E-09 5.8072E-09 4.8195E-09 3.9481E-09 3.1881E-09 2.5447E-09 2.0057E-09 1.5554E-09 1.1918E-09 8.9599E-10 6.5311E-10 4.6312E-10 3.1846E-10 2.0871E-10 1.2267E-10 5.8566E-11 1.6285E-11 8.3346E-13 0.0000E+00
1.2312E-09 1.4727E-09 1.7515E-09 2.0771E-09 2.4481E-09 2.8736E-09 3.3563E-09 3.9156E-09 4.5500E-09 5.2660E-09 6.0633E-09 6.9593E-09 7.9345E-09 8.9923E-09 1.0118E-08 1.1306E-08 1.2530E-08 1.3757E-08 1.4974E-08 1.6149E-08 1.7248E-08 1.8237E-08 1.9077E-08 1.9735E-08 2.0185E-08 2.0401E-08 2.0369E-08 2.0084E-08 1.9551E-08 1.8785E-08 1.7812E-08 1.6665E-08 1.5383E-08 1.4009E-08 1.2583E-08 1.1147E-08 9.7398E-09 8.3962E-09 7.1406E-09 5.9909E-09 4.9561E-09 4.0469E-09 3.2605E-09 2.5879E-09 2.0308E-09 1.5717E-09 1.1961E-09 8.9880E-10 6.4703E-10 4.5601E-10 3.1419E-10 2.0079E-10 1.1309E-10 5.0348E-11 1.2041E-11 0.0000E+00 0.0000E+00
1.1317E-09 1.3580E-09 1.6208E-09 1.9288E-09 2.2813E-09 2.6893E-09 3.1545E-09 3.7023E-09 4.3283E-09 5.0359E-09 5.8408E-09 6.7324E-09 7.7212E-09 8.7958E-09 9.9573E-09 1.1180E-08 1.2445E-08 1.3742E-08 1.5038E-08 1.6298E-08 1.7487E-08 1.8572E-08 1.9509E-08 2.0259E-08 2.0790E-08 2.1074E-08 2.1093E-08 2.0840E-08 2.0321E-08 1.9548E-08 1.8548E-08 1.7358E-08 1.6019E-08 1.4577E-08 1.3081E-08 1.1574E-08 1.0098E-08 8.6847E-09 7.3652E-09 6.1618E-09 5.0843E-09 4.1353E-09 3.3200E-09 2.6303E-09 2.0514E-09 1.5837E-09 1.1985E-09 8.9250E-10 6.3935E-10 4.4526E-10 3.0692E-10 1.9303E-10 1.0362E-10 4.3833E-11 5.6749E-12 0.0000E+00 0.0000E+00
1.0345E-09 1.2421E-09 1.4909E-09 1.7792E-09 2.1144E-09 2.5021E-09 2.9485E-09 3.4782E-09 4.0913E-09 4.7926E-09 5.5883E-09 6.4820E-09 7.4749E-09 8.5703E-09 9.7485E-09 1.1006E-08 1.2329E-08 1.3689E-08 1.5056E-08 1.6407E-08 1.7698E-08 1.8884E-08 1.9922E-08 2.0767E-08 2.1382E-08 2.1737E-08 2.1811E-08 2.1594E-08 2.1088E-08 2.0309E-08 1.9285E-08 1.8053E-08 1.6659E-08 1.5150E-08 1.3579E-08 1.1994E-08 1.0443E-08 8.9626E-09 7.5819E-09 6.3212E-09 5.1990E-09 4.2170E-09 3.3700E-09 2.6588E-09 2.0689E-09 1.5842E-09 1.1988E-09 8.8149E-10 6.2566E-10 4.3819E-10 2.9737E-10 1.7856E-10 9.0385E-11 3.7830E-11 5.5683E-13 0.0000E+00 0.0000E+00
9.3219E-10 1.1291E-09 1.3606E-09 1.6288E-09 1.9443E-09 2.3108E-09 2.7374E-09 3.2392E-09 3.8435E-09 4.5354E-09 5.3151E-09 6.2062E-09 7.2040E-09 8.3031E-09 9.5048E-09 1.0802E-08 1.2168E-08 1.3593E-08 1.5049E-08 1.6492E-08 1.7882E-08 1.9169E-08 2.0311E-08 2.1259E-08 2.1968E-08 2.2403E-08 2.2537E-08 2.2359E-08 2.1871E-08 2.1086E-08 2.0033E-08 1.8753E-08 1.7296E-08 1.5717E-08 1.4070E-08 1.2408E-08 1.0777E-08 9.2240E-09 7.7808E-09 6.4689E-09 5.2990E-09 4.2817E-09 3.4134E-09 2.6797E-09 2.0778E-09 1.5846E-09 1.1896E-09 8.6603E-10 6.0896E-10 4.2628E-10 2.8542E-10 1.6199E-10 7.9917E-11 3.0366E-11 0.0000E+00 0.0000E+00 0.0000E+00
8.3336E-10 1.0138E-09 1.2275E-09 1.4755E-09 1.7700E-09 2.1145E-09 2.5190E-09 2.9950E-09 3.5883E-09 4.2575E-09 5.0307E-09 5.9088E-09 6.9014E-09 8.0083E-09 9.2332E-09 1.0553E-08 1.1976E-08 1.3470E-08 1.5001E-08 1.6532E-08 1.8025E-08 1.9425E-08 2.0679E-08 2.1733E-08 2.2539E-08 2.3057E-08 2.3255E-08 2.3119E-08 2.2646E-08 2.1853E-08 2.0772E-08 1.9444E-08 1.7926E-08 1.6271E-08 1.4541E-08 1.2800E-08 1.1096E-08 9.4715E-09 7.9624E-09 6.5972E-09 5.3875E-09 4.3325E-09 3.4384E-09 2.6915E-09 2.0740E-09 1.5781E-09 1.1758E-09 8.4481E-10 5.9606E-10 4.1245E-10 2.6576E-10 1.4486E-10 7.1953E-11 1.9741E-11 0.0000E+00 0.0000E+00 0.0000E+00
7.3629E-10 9.0048E-10 1.0965E-09 1.3244E-09 1.5972E-09 1.9214E-09 2.3018E-09 2.7526E-09 3.3223E-09 3.9745E-09 4.7275E-09 5.5947E-09 6.5758E-09 7.6922E-09 8.9220E-09 1.0286E-08 1.1757E-08 1.3306E-08 1.4917E-08 1.6549E-08 1.8148E-08 1.9660E-08 2.1028E-08 2.2193E-08 2.3100E-08 2.3703E-08 2.3965E-08 2.3872E-08 2.3418E-08 2.2619E-08 2.1506E-08 2.0127E-08 1.8541E-08 1.6809E-08 1.4997E-08 1.3170E-08 1.1386E-08 9.6932E-09 8.1251E-09 6.7043E-09 5.4520E-09 4.3708E-09 3.4506E-09 2.6890E-09 2.0649E-09 1.5589E-09 1.1546E-09 8.1922E-10 5.7700E-10 3.9148E-10 2.4342E-10 1.2894E-10 6.2819E-11 1.4805E-11 0.0000E+00 0.0000E+00 0.0000E+00
6.3590E-10 7.8388E-10 9.6471E-10 1.1795E-09 1.4327E-09 1.7361E-09 2.0907E-09 2.5164E-09 3.0546E-09 3.6870E-09 4.4173E-09 5.2617E-09 6.2427E-09 7.3477E-09 8.6021E-09 9.9895E-09 1.1497E-08 1.3116E-08 1.4811E-08 1.6534E-08 1.8236E-08 1.9864E-08 2.1349E-08 2.2628E-08 2.3641E-08 2.4334E-08 2.4667E-08 2.4616E-08 2.4175E-08 2.3366E-08 2.2218E-08 2.0785E-08 1.9130E-08 1.7317E-08 1.5425E-08 1.3516E-08 1.1651E-08 9.8842E-09 8.2565E-09 6.7913E-09 5.4975E-09 4.3852E-09 3.4488E-09 2.6709E-09 2.0430E-09 1.5334E-09 1.1243E-09 7.9588E-10 5.5493E-10 3.6709E-10 2.1973E-10 1.1767E-10 4.4696E-11 1.0439E-11 0.0000E+00 0.0000E+00 0.0000E+00
5.4809E-10 6.7964E-10 8.4165E-10 1.0390E-09 1.2707E-09 1.5513E-09 1.8788E-09 2.2775E-09 2.7794E-09 3.3957E-09 4.1023E-09 4.9274E-09 5.8863E-09 6.9987E-09 8.2590E-09 9.6682E-09 1.1226E-08 1.2903E-08 1.4666E-08 1.6483E-08 1.8298E-08 2.0046E-08 2.1656E-08 2.3055E-08 2.4174E-08 2.4955E-08 2.5355E-08 2.5349E-08 2.4926E-08 2.4104E-08 2.2917E-08 2.1425E-08 1.9692E-08 1.7796E-08 1.5814E-08 1.3820E-08 1.1882E-08 1.0047E-08 8.3561E-09 6.8436E-09 5.5199E-09 4.3804E-09 3.4275E-09 2.6422E-09 2.0059E-09 1.4969E-09 1.0823E-09 7.6633E-10 5.2462E-10 3.3848E-10 1.9812E-10 1.0111E-10 3.5416E-11 3.0653E-12 0.0000E+00 0.0000E+00 0.0000E+00
4.6839E-10 5.8388E-10 7.2809E-10 9.0522E-10 1.1166E-09 1.3731E-09 1.6743E-09 2.0449E-09 2.5075E-09 3.1063E-09 3.7829E-09 4.5891E-09 5.5329E-09 6.6355E-09 7.8980E-09 9.3347E-09 1.0922E-08 1.2655E-08 1.4501E-08 1.6417E-08 1.8339E-08 2.0202E-08 2.1929E-08 2.3448E-08 2.4678E-08 2.5555E-08 2.6026E-08 2.6057E-08 2.5645E-08 2.4806E-08 2.3579E-08 2.2028E-08 2.0219E-08 1.8237E-08 1.6165E-08 1.4084E-08 1.2064E-08 1.0165E-08 8.4235E-09 6.8646E-09 5.5084E-09 4.3537E-09 3.3841E-09 2.5947E-09 1.9572E-09 1.4502E-09 1.0416E-09 7.2934E-10 4.9199E-10 3.0980E-10 1.8148E-10 7.7631E-11 2.7845E-11 2.6313E-12 0.0000E+00 0.0000E+00 0.0000E+00
