Assets/Resources/2015_m01_d30_0600(utc+0800)_l00_csi_1hr_conc.grd
DSAA
         159         159
     -79.000      79.000
     -79.000      79.000
  0.0000E+00  0.1962E-04
[rows 25 to 49 of 159, columns 57 to 113 of 159]
0.0000E+00 0.0000E+00 0.0000E+00 0.0000E+00 0.0000E+00 0.0000E+00 0.0000E+00 0.0000E+00 0.0000E+00 0.0000E+00 0.0000E+00 0.0000E+00 0.0000E+00 0.0000E+00 0.0000E+00 0.0000E+00 0.0000E+00 0.0000E+00 0.0000E+00 0.0000E+00 0.0000E+00 0.0000E+00 0.0000E+00 0.0000E+00 0.0000E+00 0.0000E+00 0.0000E+00 0.0000E+00 0.0000E+00 0.0000E+00 3.9828E-12 1.5986E-11 3.1454E-11 7.0823E-11 1.4237E-10 2.0987E-10 2.6621E-10 3.1778E-10 3.8334E-10 4.7038E-10 5.5475E-10 6.4615E-10 7.4394E-10 8.5177E-10 9.7238E-10 1.1000E-09 1.2330E-09 1.3690E-09 1.5092E-09 1.6537E-09 1.8043E-09 1.9612E-09 2.1326E-09 2.3237E-09 2.5445E-09 2.7728E-09 2.9879E-09
0.0000E+00 0.0000E+00 0.0000E+00 0.0000E+00 0.0000E+00 0.0000E+00 0.0000E+00 0.0000E+00 0.0000E+00 0.0000E+00 0.0000E+00 0.0000E+00 0.0000E+00 0.0000E+00 0.0000E+00 0.0000E+00 0.0000E+00 0.0000E+00 0.0000E+00 0.0000E+00 0.0000E+00 0.0000E+00 0.0000E+00 0.0000E+00 0.0000E+00 0.0000E+00 0.0000E+00 0.0000E+00 0.0000E+00 3.2038E-12 1.4326E-11 2.9337E-11 5.3624E-11 1.1425E-10 1.9411E-10 2.5127E-10 3.1172E-10 3.8572E-10 4.8275E-10 5.7352E-10 6.7891E-10 7.8120E-10 8.9488E-10 1.0234E-09 1.1645E-09 1.3139E-09 1.4667E-09 1.6225E-09 1.7825E-09 1.9475E-09 2.1179E-09 2.2925E-09 2.4820E-09 2.6972E-09 2.9306E-09 3.1720E-09 3.4010E-09
0.0000E+00 0.0000E+00 0.0000E+00 0.0000E+00 0.0000E+00 0.0000E+00 0.0000E+00 0.0000E+00 0.0000E+00 0.0000E+00 0.0000E+00 0.0000E+00 0.0000E+00 0.0000E+00 0.0000E+00 0.0000E+00 0.0000E+00 0.0000E+00 0.0000E+00 0.0000E+00 0.0000E+00 0.0000E+00 0.0000E+00 0.0000E+00 0.0000E+00 0.0000E+00 0.0000E+00 0.0000E+00 2.0033E-12 1.1605E-11 2.6440E-11 4.5403E-11 9.3983E-11 1.6673E-10 2.2939E-10 2.9383E-10 3.8257E-10 4.8454E-10 5.7812E-10 6.9982E-10 8.1418E-10 9.4183E-10 1.0786E-09 1.2316E-09 1.3954E-09 1.5668E-09 1.7419E-09 1.9201E-09 2.1010E-09 2.2882E-09 2.4815E-09 2.6756E-09 2.8803E-09 3.1220E-09 3.3782E-09 3.6210E-09 3.8603E-09
0.0000E+00 0.0000E+00 0.0000E+00 0.0000E+00 0.0000E+00 0.0000E+00 0.0000E+00 0.0000E+00 0.0000E+00 0.0000E+00 0.0000E+00 0.0000E+00 0.0000E+00 0.0000E+00 0.0000E+00 0.0000E+00 0.0000E+00 0.0000E+00 0.0000E+00 0.0000E+00 0.0000E+00 0.0000E+00 0.0000E+00 0.0000E+00 0.0000E+00 0.0000E+00 0.0000E+00 5.1286E-13 8.1286E-12 2.2584E-11 3.9804E-11 8.3040E-11 1.4384E-10 2.0252E-10 2.6976E-10 3.6277E-10 4.7107E-10 5.7623E-10 7.0767E-10 8.3987E-10 9.8381E-10 1.1309E-09 1.2924E-09 1.4704E-09 1.6611E-09 1.8598E-09 2.0628E-09 2.2668E-09 2.4739E-09 2.6859E-09 2.9008E-09 3.1120E-09 3.3484E-09 3.5957E-09 3.8705E-09 4.1267E-09 4.3700E-09
0.0000E+00 0.0000E+00 0.0000E+00 0.0000E+00 0.0000E+00 0.0000E+00 0.0000E+00 0.0000E+00 0.0000E+00 0.0000E+00 0.0000E+00 0.0000E+00 0.0000E+00 0.0000E+00 0.0000E+00 0.0000E+00 0.0000E+00 0.0000E+00 0.0000E+00 0.0000E+00 0.0000E+00 0.0000E+00 0.0000E+00 0.0000E+00 0.0000E+00 0.0000E+00 0.0000E+00 5.1783E-12 1.8781E-11 3.6479E-11 6.9665E-11 1.2278E-10 1.7896E-10 2.4195E-10 3.3758E-10 4.4822E-10 5.6269E-10 6.9660E-10 8.4232E-10 1.0071E-09 1.1758E-09 1.3535E-09 1.5463E-09 1.7549E-09 1.9755E-09 2.2049E-09 2.4369E-09 2.6678E-09 2.9011E-09 3.1366E-09 3.3752E-09 3.6133E-09 3.8780E-09 4.1486E-09 4.4246E-09 4.6905E-09 4.9390E-09
0.0000E+00 0.0000E+00 0.0000E+00 0.0000E+00 0.0000E+00 0.0000E+00 0.0000E+00 0.0000E+00 0.0000E+00 0.0000E+00 0.0000E+00 0.0000E+00 0.0000E+00 0.0000E+00 0.0000E+00 0.0000E+00 0.0000E+00 0.0000E+00 0.0000E+00 0.0000E+00 0.0000E+00 0.0000E+00 0.0000E+00 0.0000E+00 0.0000E+00 0.0000E+00 2.6520E-12 1.3549E-11 3.0879E-11 6.2502E-11 1.0360E-10 1.5772E-10 2.1863E-10 3.1326E-10 4.1136E-10 5.4011E-10 6.7252E-10 8.3161E-10 1.0114E-09 1.1987E-09 1.4032E-09 1.6153E-09 1.8438E-09 2.0866E-09 2.3400E-09 2.6027E-09 2.8686E-09 3.1347E-09 3.4016E-09 3.6688E-09 3.9267E-09 4.1873E-09 4.4665E-09 4.7540E-09 5.0377E-09 5.3096E-09 5.5627E-09
0.0000E+00 0.0000E+00 0.0000E+00 0.0000E+00 0.0000E+00 0.0000E+00 0.0000E+00 0.0000E+00 0.0000E+00 0.0000E+00 0.0000E+00 0.0000E+00 0.0000E+00 0.0000E+00 0.0000E+00 0.0000E+00 0.0000E+00 0.0000E+00 0.0000E+00 0.0000E+00 0.0000E+00 0.0000E+00 0.0000E+00 0.0000E+00 0.0000E+00 4.7120E-13 7.7438E-12 2.2913E-11 5.1341E-11 8.5325E-11 1.3388E-10 1.9305E-10 2.8439E-10 3.8027E-10 5.0234E-10 6.4072E-10 8.0865E-10 9.9145E-10 1.2004E-09 1.4224E-09 1.6624E-09 1.9209E-09 2.1928E-09 2.4763E-09 2.7696E-09 3.0691E-09 3.3681E-09 3.6712E-09 3.9718E-09 4.2687E-09 4.5584E-09 4.8398E-09 5.1306E-09 5.4312E-09 5.7223E-09 5.9907E-09 6.2442E-09
0.0000E+00 0.0000E+00 0.0000E+00 0.0000E+00 0.0000E+00 0.0000E+00 0.0000E+00 0.0000E+00 0.0000E+00 0.0000E+00 0.0000E+00 0.0000E+00 0.0000E+00 0.0000E+00 0.0000E+00 0.0000E+00 0.0000E+00 0.0000E+00 0.0000E+00 0.0000E+00 0.0000E+00 0.0000E+00 0.0000E+00 0.0000E+00 0.0000E+00 3.6629E-12 1.6089E-11 4.0049E-11 7.1691E-11 1.1149E-10 1.7092E-10 2.5140E-10 3.4261E-10 4.6873E-10 6.0567E-10 7.7212E-10 9.5654E-10 1.1858E-09 1.4259E-09 1.6917E-09 1.9794E-09 2.2815E-09 2.5997E-09 2.9328E-09 3.2739E-09 3.6201E-09 3.9619E-09 4.3016E-09 4.6365E-09 4.9609E-09 5.2646E-09 5.5641E-09 5.8687E-09 6.1745E-09 6.4698E-09 6.7436E-09 6.9912E-09
0.0000E+00 0.0000E+00 0.0000E+00 0.0000E+00 0.0000E+00 0.0000E+00 0.0000E+00 0.0000E+00 0.0000E+00 0.0000E+00 0.0000E+00 0.0000E+00 0.0000E+00 0.0000E+00 0.0000E+00 0.0000E+00 0.0000E+00 0.0000E+00 0.0000E+00 0.0000E+00 0.0000E+00 0.0000E+00 0.0000E+00 0.0000E+00 7.6673E-13 8.6999E-12 2.7672E-11 5.7414E-11 8.9956E-11 1.4442E-10 2.1970E-10 3.0896E-10 4.2241E-10 5.6558E-10 7.3290E-10 9.2046E-10 1.1520E-09 1.4138E-09 1.6956E-09 2.0090E-09 2.3483E-09 2.7032E-09 3.0758E-09 3.4605E-09 3.8525E-09 4.2445E-09 4.6302E-09 5.0113E-09 5.3815E-09 5.7350E-09 6.0634E-09 6.3773E-09 6.6913E-09 7.0014E-09 7.2917E-09 7.5561E-09 7.7921E-09
0.0000E+00 0.0000E+00 0.0000E+00 0.0000E+00 0.0000E+00 0.0000E+00 0.0000E+00 0.0000E+00 0.0000E+00 0.0000E+00 0.0000E+00 0.0000E+00 0.0000E+00 0.0000E+00 0.0000E+00 0.0000E+00 0.0000E+00 0.0000E+00 0.0000E+00 0.0000E+00 0.0000E+00 0.0000E+00 0.0000E+00 0.0000E+00 3.4518E-12 1.6384E-11 4.2092E-11 7.3701E-11 1.1769E-10 1.8659E-10 2.7273E-10 3.7712E-10 5.0237E-10 6.7246E-10 8.7415E-10 1.1175E-09 1.3814E-09 1.6821E-09 2.0185E-09 2.3887E-09 2.7839E-09 3.1983E-09 3.6335E-09 4.0806E-09 4.5291E-09 4.9732E-09 5.4095E-09 5.8267E-09 6.2286E-09 6.6077E-09 6.9555E-09 7.2778E-09 7.5908E-09 7.8983E-09 8.1814E-09 8.4388E-09 8.6590E-09
0.0000E+00 0.0000E+00 0.0000E+00 0.0000E+00 0.0000E+00 0.0000E+00 0.0000E+00 0.0000E+00 0.0000E+00 0.0000E+00 0.0000E+00 0.0000E+00 0.0000E+00 0.0000E+00 0.0000E+00 0.0000E+00 0.0000E+00 0.0000E+00 0.0000E+00 0.0000E+00 0.0000E+00 0.0000E+00 0.0000E+00 4.7664E-13 7.5348E-12 2.6960E-11 5.7263E-11 9.0971E-11 1.4901E-10 2.3586E-10 3.2920E-10 4.5494E-10 6.0075E-10 8.0481E-10 1.0634E-09 1.3363E-09 1.6544E-09 2.0071E-09 2.4007E-09 2.8352E-09 3.2939E-09 3.7766E-09 4.2808E-09 4.7914E-09 5.3025E-09 5.8049E-09 6.2829E-09 6.7463E-09 7.1821E-09 7.5792E-09 7.9377E-09 8.2638E-09 8.5828E-09 8.8811E-09 9.1437E-09 9.3744E-09 9.5716E-09
0.0000E+00 0.0000E+00 0.0000E+00 0.0000E+00 0.0000E+00 0.0000E+00 0.0000E+00 0.0000E+00 0.0000E+00 0.0000E+00 0.0000E+00 0.0000E+00 0.0000E+00 0.0000E+00 0.0000E+00 0.0000E+00 0.0000E+00 0.0000E+00 0.0000E+00 0.0000E+00 0.0000E+00 0.0000E+00 0.0000E+00 2.1732E-12 1.3711E-11 3.8961E-11 7.0799E-11 1.1445E-10 1.9179E-10 2.8307E-10 4.0622E-10 5.3655E-10 7.3554E-10 9.9147E-10 1.2753E-09 1.5972E-09 1.9695E-09 2.3900E-09 2.8574E-09 3.3602E-09 3.8955E-09 4.4601E-09 5.0391E-09 5.6196E-09 6.1939E-09 6.7540E-09 7.2860E-09 7.7810E-09 8.2440E-09 8.6571E-09 9.0280E-09 9.3478E-09 9.6444E-09 9.9202E-09 1.0177E-08 1.0387E-08 1.0541E-08
0.0000E+00 0.0000E+00 0.0000E+00 0.0000E+00 0.0000E+00 0.0000E+00 0.0000E+00 0.0000E+00 0.0000E+00 0.0000E+00 0.0000E+00 0.0000E+00 0.0000E+00 0.0000E+00 0.0000E+00 0.0000E+00 0.0000E+00 0.0000E+00 0.0000E+00 0.0000E+00 0.0000E+00 0.0000E+00 1.9743E-14 4.8577E-12 2.1835E-11 5.1474E-11 8.5860E-11 1.4506E-10 2.3306E-10 3.4448E-10 4.6803E-10 6.6062E-10 9.1068E-10 1.1963E-09 1.5217E-09 1.9093E-09 2.3483E-09 2.8431E-09 3.3911E-09 3.9779E-09 4.6017E-09 5.2532E-09 5.9180E-09 6.5753E-09 7.2176E-09 7.8365E-09 8.4086E-09 8.9415E-09 9.4212E-09 9.8399E-09 1.0206E-08 1.0523E-08 1.0805E-08 1.1051E-08 1.1255E-08 1.1433E-08 1.1562E-08
0.0000E+00 0.0000E+00 0.0000E+00 0.0000E+00 0.0000E+00 0.0000E+00 0.0000E+00 0.0000E+00 0.0000E+00 0.0000E+00 0.0000E+00 0.0000E+00 0.0000E+00 0.0000E+00 0.0000E+00 0.0000E+00 0.0000E+00 0.0000E+00 0.0000E+00 0.0000E+00 0.0000E+00 0.0000E+00 7.1459E-13 8.5435E-12 3.1151E-11 6.2875E-11 1.0503E-10 1.7887E-10 2.8260E-10 4.0133E-10 5.7501E-10 8.1159E-10 1.1052E-09 1.4318E-09 1.8171E-09 2.2707E-09 2.7947E-09 3.3823E-09 4.0210E-09 4.7054E-09 5.4303E-09 6.1815E-09 6.9361E-09 7.6781E-09 8.3917E-09 9.0636E-09 9.6761E-09 1.0234E-08 1.0719E-08 1.1144E-08 1.1498E-08 1.1779E-08 1.2021E-08 1.2237E-08 1.2422E-08 1.2535E-08 1.2601E-08
0.0000E+00 0.0000E+00 0.0000E+00 0.0000E+00 0.0000E+00 0.0000E+00 0.0000E+00 0.0000E+00 0.0000E+00 0.0000E+00 0.0000E+00 0.0000E+00 0.0000E+00 0.0000E+00 0.0000E+00 0.0000E+00 0.0000E+00 0.0000E+00 0.0000E+00 0.0000E+00 0.0000E+00 0.0000E+00 1.9057E-12 1.3764E-11 4.0439E-11 7.4849E-11 1.2865E-10 2.1905E-10 3.3483E-10 4.7533E-10 7.2553E-10 1.0018E-09 1.3233E-09 1.7090E-09 2.1706E-09 2.7078E-09 3.3205E-09 4.0095E-09 4.7588E-09 5.5582E-09 6.3963E-09 7.2556E-09 8.1138E-09 8.9467E-09 9.7310E-09 1.0448E-08 1.1100E-08 1.1668E-08 1.2150E-08 1.2552E-08 1.2884E-08 1.3141E-08 1.3333E-08 1.3480E-08 1.3611E-08 1.3678E-08 1.3688E-08
0.0000E+00 0.0000E+00 0.0000E+00 0.0000E+00 0.0000E+00 0.0000E+00 0.0000E+00 0.0000E+00 0.0000E+00 0.0000E+00 0.0000E+00 0.0000E+00 0.0000E+00 0.0000E+00 0.0000E+00 0.0000E+00 0.0000E+00 0.0000E+00 0.0000E+00 0.0000E+00 0.0000E+00 0.0000E+00 3.4971E-12 1.9742E-11 4.9495E-11 8.8421E-11 1.5659E-10 2.5925E-10 3.9261E-10 6.1010E-10 8.9056E-10 1.2011E-09 1.5842E-09 2.0417E-09 2.5832E-09 3.2196E-09 3.9481E-09 4.7529E-09 5.6261E-09 6.5541E-09 7.5162E-09 8.4924E-09 9.4598E-09 1.0384E-08 1.1243E-08 1.2009E-08 1.2679E-08 1.3251E-08 1.3721E-08 1.4093E-08 1.4370E-08 1.4564E-08 1.4707E-08 1.4799E-08 1.4840E-08 1.4824E-08 1.4781E-08
0.0000E+00 0.0000E+00 0.0000E+00 0.0000E+00 0.0000E+00 0.0000E+00 0.0000E+00 0.0000E+00 0.0000E+00 0.0000E+00 0.0000E+00 0.0000E+00 0.0000E+00 0.0000E+00 0.0000E+00 0.0000E+00 0.0000E+00 0.0000E+00 0.0000E+00 0.0000E+00 0.0000E+00 0.0000E+00 5.5240E-12 2.5933E-11 5.8048E-11 1.0459E-10 1.8711E-10 3.0516E-10 4.7477E-10 7.5959E-10 1.0683E-09 1.4386E-09 1.8919E-09 2.4364E-09 3.0781E-09 3.8257E-09 4.6743E-09 5.6132E-09 6.6340E-09 7.7105E-09 8.8141E-09 9.9221E-09 1.1005E-08 1.2028E-08 1.2958E-08 1.3770E-08 1.4454E-08 1.4996E-08 1.5427E-08 1.5747E-08 1.5957E-08 1.6087E-08 1.6125E-08 1.6127E-08 1.6101E-08 1.6012E-08 1.5859E-08
0.0000E+00 0.0000E+00 0.0000E+00 0.0000E+00 0.0000E+00 0.0000E+00 0.0000E+00 0.0000E+00 0.0000E+00 0.0000E+00 0.0000E+00 0.0000E+00 0.0000E+00 0.0000E+00 0.0000E+00 0.0000E+00 0.0000E+00 0.0000E+00 0.0000E+00 0.0000E+00 0.0000E+00 0.0000E+00 7.8024E-12 3.1656E-11 6.6637E-11 1.2337E-10 2.2006E-10 3.5990E-10 6.0735E-10 9.1947E-10 1.2782E-09 1.7182E-09 2.2559E-09 2.8961E-09 3.6529E-09 4.5340E-09 5.5327E-09 6.6320E-09 7.8154E-09 9.0513E-09 1.0309E-08 1.1557E-08 1.2760E-08 1.3876E-08 1.4866E-08 1.5711E-08 1.6393E-08 1.6913E-08 1.7281E-08 1.7520E-08 1.7640E-08 1.7668E-08 1.7615E-08 1.7502E-08 1.7353E-08 1.7179E-08 1.6944E-08
0.0000E+00 0.0000E+00 0.0000E+00 0.0000E+00 0.0000E+00 0.0000E+00 0.0000E+00 0.0000E+00 0.0000E+00 0.0000E+00 0.0000E+00 0.0000E+00 0.0000E+00 0.0000E+00 0.0000E+00 0.0000E+00 0.0000E+00 0.0000E+00 0.0000E+00 0.0000E+00 0.0000E+00 0.0000E+00 1.0081E-11 3.6704E-11 7.4874E-11 1.4394E-10 2.5823E-10 4.3541E-10 7.5175E-10 1.1049E-09 1.5245E-09 2.0419E-09 2.6752E-09 3.4338E-09 4.3301E-09 5.3641E-09 6.5257E-09 7.8042E-09 9.1685E-09 1.0583E-08 1.2012E-08 1.3411E-08 1.4735E-08 1.5940E-08 1.6990E-08 1.7851E-08 1.8524E-08 1.8984E-08 1.9273E-08 1.9412E-08 1.9412E-08 1.9305E-08 1.9121E-08 1.8885E-08 1.8612E-08 1.8305E-08 1.7976E-08
0.0000E+00 0.0000E+00 0.0000E+00 0.0000E+00 0.0000E+00 0.0000E+00 0.0000E+00 0.0000E+00 0.0000E+00 0.0000E+00 0.0000E+00 0.0000E+00 0.0000E+00 0.0000E+00 0.0000E+00 0.0000E+00 0.0000E+00 0.0000E+00 0.0000E+00 0.0000E+00 0.0000E+00 0.0000E+00 1.2120E-11 4.0616E-11 8.3111E-11 1.6690E-10 2.9483E-10 5.4359E-10 9.1402E-10 1.3122E-09 1.8050E-09 2.4100E-09 3.1559E-09 4.0575E-09 5.1127E-09 6.3196E-09 7.6785E-09 9.1639E-09 1.0729E-08 1.2341E-08 1.3947E-08 1.5498E-08 1.6927E-08 1.8216E-08 1.9308E-08 2.0177E-08 2.0815E-08 2.1220E-08 2.1398E-08 2.1400E-08 2.1262E-08 2.0997E-08 2.0649E-08 2.0248E-08 1.9840E-08 1.9417E-08 1.8946E-08
0.0000E+00 0.0000E+00 0.0000E+00 0.0000E+00 0.0000E+00 0.0000E+00 0.0000E+00 0.0000E+00 0.0000E+00 0.0000E+00 0.0000E+00 0.0000E+00 0.0000E+00 0.0000E+00 0.0000E+00 0.0000E+00 0.0000E+00 0.0000E+00 0.0000E+00 0.0000E+00 0.0000E+00 0.0000E+00 1.3854E-11 4.3736E-11 9.1403E-11 1.9191E-10 3.2756E-10 6.9080E-10 1.0957E-09 1.5448E-09 2.1094E-09 2.8279E-09 3.7158E-09 4.7748E-09 6.0146E-09 7.4308E-09 9.0042E-09 1.0705E-08 1.2491E-08 1.4312E-08 1.6103E-08 1.7804E-08 1.9357E-08 2.0712E-08 2.1831E-08 2.2681E-08 2.3261E-08 2.3575E-08 2.3634E-08 2.3478E-08 2.3147E-08 2.2712E-08 2.2191E-08 2.1602E-08 2.1008E-08 2.0439E-08 1.9853E-08
0.0000E+00 0.0000E+00 0.0000E+00 0.0000E+00 0.0000E+00 0.0000E+00 0.0000E+00 0.0000E+00 0.0000E+00 0.0000E+00 0.0000E+00 0.0000E+00 0.0000E+00 0.0000E+00 0.0000E+00 0.0000E+00 0.0000E+00 0.0000E+00 0.0000E+00 0.0000E+00 0.0000E+00 0.0000E+00 1.4970E-11 4.5717E-11 9.9861E-11 2.1526E-10 4.3366E-10 8.7123E-10 1.2805E-09 1.7857E-09 2.4614E-09 3.3108E-09 4.3452E-09 5.5876E-09 7.0369E-09 8.6792E-09 1.0491E-08 1.2441E-08 1.4477E-08 1.6522E-08 1.8511E-08 2.0367E-08 2.2026E-08 2.3433E-08 2.4549E-08 2.5359E-08 2.5843E-08 2.6029E-08 2.5937E-08 2.5599E-08 2.5081E-08 2.4411E-08 2.3682E-08 2.2917E-08 2.2122E-08 2.1357E-08 2.0648E-08
0.0000E+00 0.0000E+00 0.0000E+00 0.0000E+00 0.0000E+00 0.0000E+00 0.0000E+00 0.0000E+00 0.0000E+00 0.0000E+00 0.0000E+00 0.0000E+00 0.0000E+00 0.0000E+00 0.0000E+00 0.0000E+00 0.0000E+00 0.0000E+00 0.0000E+00 0.0000E+00 0.0000E+00 0.0000E+00 1.5528E-11 4.6854E-11 1.0851E-10 2.4415E-10 5.8725E-10 1.0179E-09 1.4671E-09 2.0742E-09 2.8583E-09 3.8380E-09 5.0536E-09 6.5017E-09 8.1809E-09 1.0081E-08 1.2163E-08 1.4385E-08 1.6678E-08 1.8963E-08 2.1148E-08 2.3154E-08 2.4907E-08 2.6339E-08 2.7420E-08 2.8147E-08 2.8517E-08 2.8543E-08 2.8263E-08 2.7724E-08 2.6983E-08 2.6106E-08 2.5125E-08 2.4128E-08 2.3146E-08 2.2202E-08 2.1321E-08
0.0000E+00 0.0000E+00 0.0000E+00 0.0000E+00 0.0000E+00 0.0000E+00 0.0000E+00 0.0000E+00 0.0000E+00 0.0000E+00 0.0000E+00 0.0000E+00 0.0000E+00 0.0000E+00 0.0000E+00 0.0000E+00 0.0000E+00 0.0000E+00 0.0000E+00 0.0000E+00 0.0000E+00 0.0000E+00 1.5522E-11 4.7160E-11 1.1550E-10 3.2714E-10 7.5337E-10 1.1580E-09 1.6922E-09 2.3879E-09 3.2903E-09 4.4420E-09 5.8449E-09 7.5146E-09 9.4532E-09 1.1627E-08 1.3994E-08 1.6500E-08 1.9062E-08 2.1587E-08 2.3977E-08 2.6125E-08 2.7950E-08 2.9399E-08 3.0417E-08 3.1025E-08 3.1224E-08 3.1063E-08 3.0577E-08 2.9800E-08 2.8811E-08 2.7686E-08 2.6489E-08 2.5250E-08 2.4035E-08 2.2908E-08 2.1869E-08
0.0000E+00 0.0000E+00 0.0000E+00 0.0000E+00 0.0000E+00 0.0000E+00 0.0000E+00 0.0000E+00 0.0000E+00 0.0000E+00 0.0000E+00 0.0000E+00 0.0000E+00 0.0000E+00 0.0000E+00 0.0000E+00 0.0000E+00 0.0000E+00 0.0000E+00 0.0000E+00 0.0000E+00 0.0000E+00 1.4951E-11 4.6624E-11 1.3582E-10 4.5645E-10 8.7066E-10 1.3223E-09 1.9305E-09 2.7304E-09 3.7867E-09 5.0980E-09 6.7104E-09 8.6351E-09 1.0848E-08 1.3316E-08 1.5989E-08 1.8786E-08 2.1619E-08 2.4409E-08 2.6985E-08 2.9253E-08 3.1138E-08 3.2563E-08 3.3506E-08 3.3963E-08 3.3959E-08 3.3546E-08 3.2786E-08 3.1769E-08 3.0531E-08 2.9137E-08 2.7690E-08 2.6231E-08 2.4809E-08 2.3460E-08 2.2254E-08
