Assets/Resources/2015_m01_d10_1100(utc+0800)_l00_csi_1hr_conc.grd
DSAA
         159         159
     -79.000      79.000
     -79.000      79.000
  0.1116E-08  0.1686E-04
[rows 100 to 124 of 159, columns 0 to 56 of 159]
3.3548E-09 3.4657E-09 3.5804E-09 3.7020E-09 3.8284E-09 3.9561E-09 4.0881E-09 4.2295E-09 4.3732E-09 4.5194E-09 4.6741E-09 4.8301E-09 4.9900E-09 5.1572E-09 5.3249E-09 5.4998E-09 5.6764E-09 5.8567E-09 6.0419E-09 6.2269E-09 6.4200E-09 6.6092E-09 6.8078E-09 7.0065E-09 7.2080E-09 7.4161E-09 7.6199E-09 7.8371E-09 8.0659E-09 8.2766E-09 8.4882E-09 8.7006E-09 8.9221E-09 9.1817E-09 9.4214E-09 9.6478E-09 9.9124E-09 1.0147E-08 1.0383E-08 1.0621E-08 1.0859E-08 1.1098E-08 1.1338E-08 1.1584E-08 1.1833E-08 1.2073E-08 1.2323E-08 1.2568E-08 1.2813E-08 1.3059E-08 1.3292E-08 1.3534E-08 1.3778E-08 1.4038E-08 1.4321E-08 1.4606E-08 1.4901E-08
3.3573E-09 3.4678E-09 3.5822E-09 3.7049E-09 3.8294E-09 3.9568E-09 4.0892E-09 4.2318E-09 4.3731E-09 4.5184E-09 4.6734E-09 4.8268E-09 4.9869E-09 5.1510E-09 5.3188E-09 5.4902E-09 5.6665E-09 5.8432E-09 6.0277E-09 6.2090E-09 6.3996E-09 6.5880E-09 6.7823E-09 6.9805E-09 7.1770E-09 7.3823E-09 7.5852E-09 7.8107E-09 8.0232E-09 8.2303E-09 8.4385E-09 8.6474E-09 8.8734E-09 9.1256E-09 9.3578E-09 9.5801E-09 9.8412E-09 1.0072E-08 1.0303E-08 1.0536E-08 1.0769E-08 1.1003E-08 1.1240E-08 1.1478E-08 1.1721E-08 1.1955E-08 1.2199E-08 1.2439E-08 1.2671E-08 1.2908E-08 1.3137E-08 1.3371E-08 1.3610E-08 1.3861E-08 1.4133E-08 1.4415E-08 1.4702E-08
3.3587E-09 3.4690E-09 3.5831E-09 3.7066E-09 3.8296E-09 3.9575E-09 4.0895E-09 4.2313E-09 4.3718E-09 4.5158E-09 4.6698E-09 4.8218E-09 4.9820E-09 5.1432E-09 5.3106E-09 5.4788E-09 5.6547E-09 5.8277E-09 6.0102E-09 6.1907E-09 6.3773E-09 6.5648E-09 6.7548E-09 6.9526E-09 7.1462E-09 7.3464E-09 7.5485E-09 7.7755E-09 7.9782E-09 8.1820E-09 8.3867E-09 8.5920E-09 8.8267E-09 9.0674E-09 9.2921E-09 9.5104E-09 9.7678E-09 9.9940E-09 1.0221E-08 1.0449E-08 1.0677E-08 1.0905E-08 1.1141E-08 1.1370E-08 1.1607E-08 1.1840E-08 1.2071E-08 1.2303E-08 1.2525E-08 1.2757E-08 1.2982E-08 1.3207E-08 1.3439E-08 1.3685E-08 1.3943E-08 1.4219E-08 1.4503E-08
3.3593E-09 3.4692E-09 3.5828E-09 3.7064E-09 3.8300E-09 3.9574E-09 4.0899E-09 4.2295E-09 4.3688E-09 4.5119E-09 4.6646E-09 4.8153E-09 4.9756E-09 5.1334E-09 5.3009E-09 5.4655E-09 5.6395E-09 5.8121E-09 5.9907E-09 6.1705E-09 6.3530E-09 6.5395E-09 6.7253E-09 6.9205E-09 7.1134E-09 7.3086E-09 7.5098E-09 7.7317E-09 7.9312E-09 8.1317E-09 8.3329E-09 8.5348E-09 8.7780E-09 9.0072E-09 9.2244E-09 9.4388E-09 9.6925E-09 9.9145E-09 1.0137E-08 1.0360E-08 1.0583E-08 1.0806E-08 1.1036E-08 1.1259E-08 1.1491E-08 1.1718E-08 1.1937E-08 1.2163E-08 1.2382E-08 1.2605E-08 1.2828E-08 1.3045E-08 1.3267E-08 1.3506E-08 1.3756E-08 1.4023E-08 1.4302E-08
3.3590E-09 3.4683E-09 3.5847E-09 3.7064E-09 3.8293E-09 3.9560E-09 4.0891E-09 4.2263E-09 4.3647E-09 4.5093E-09 4.6581E-09 4.8073E-09 4.9659E-09 5.1222E-09 5.2878E-09 5.4521E-09 5.6227E-09 5.7945E-09 5.9694E-09 6.1484E-09 6.3269E-09 6.5125E-09 6.6961E-09 6.8864E-09 7.0787E-09 7.2688E-09 7.4670E-09 7.6862E-09 7.8823E-09 8.0795E-09 8.2774E-09 8.4757E-09 8.7196E-09 8.9452E-09 9.1549E-09 9.3825E-09 9.6154E-09 9.8327E-09 1.0051E-08 1.0268E-08 1.0486E-08 1.0704E-08 1.0930E-08 1.1149E-08 1.1370E-08 1.1590E-08 1.1802E-08 1.2022E-08 1.2237E-08 1.2452E-08 1.2670E-08 1.2883E-08 1.3096E-08 1.3329E-08 1.3570E-08 1.3827E-08 1.4099E-08
3.3576E-09 3.4675E-09 3.5857E-09 3.7053E-09 3.8276E-09 3.9534E-09 4.0869E-09 4.2220E-09 4.3591E-09 4.5041E-09 4.6499E-09 4.7991E-09 4.9549E-09 5.1107E-09 5.2732E-09 5.4370E-09 5.6040E-09 5.7752E-09 5.9463E-09 6.1245E-09 6.2990E-09 6.4821E-09 6.6652E-09 6.8507E-09 7.0421E-09 7.2272E-09 7.4288E-09 7.6387E-09 7.8317E-09 8.0256E-09 8.2200E-09 8.4149E-09 8.6595E-09 8.8778E-09 9.0838E-09 9.3158E-09 9.5361E-09 9.7489E-09 9.9619E-09 1.0175E-08 1.0388E-08 1.0601E-08 1.0820E-08 1.1033E-08 1.1245E-08 1.1460E-08 1.1666E-08 1.1880E-08 1.2092E-08 1.2299E-08 1.2511E-08 1.2721E-08 1.2926E-08 1.3150E-08 1.3383E-08 1.3635E-08 1.3893E-08
3.3566E-09 3.4667E-09 3.5853E-09 3.7033E-09 3.8246E-09 3.9497E-09 4.0837E-09 4.2163E-09 4.3524E-09 4.4973E-09 4.6404E-09 4.7895E-09 4.9421E-09 5.0979E-09 5.2569E-09 5.4202E-09 5.5837E-09 5.7542E-09 5.9215E-09 6.0974E-09 6.2709E-09 6.4500E-09 6.6325E-09 6.8131E-09 7.0018E-09 7.1860E-09 7.3888E-09 7.5896E-09 7.7794E-09 7.9699E-09 8.1610E-09 8.3601E-09 8.5939E-09 8.8088E-09 9.0109E-09 9.2469E-09 9.4548E-09 9.6631E-09 9.8716E-09 1.0080E-08 1.0288E-08 1.0495E-08 1.0706E-08 1.0916E-08 1.1118E-08 1.1328E-08 1.1533E-08 1.1738E-08 1.1947E-08 1.2146E-08 1.2353E-08 1.2559E-08 1.2758E-08 1.2971E-08 1.3197E-08 1.3439E-08 1.3689E-08
3.3553E-09 3.4647E-09 3.5829E-09 3.7000E-09 3.8207E-09 3.9448E-09 4.0779E-09 4.2095E-09 4.3441E-09 4.4878E-09 4.6294E-09 4.7784E-09 4.9281E-09 5.0834E-09 5.2391E-09 5.4019E-09 5.5618E-09 5.7302E-09 5.8967E-09 6.0686E-09 6.2413E-09 6.4162E-09 6.5980E-09 6.7739E-09 6.9598E-09 7.1431E-09 7.3473E-09 7.5389E-09 7.7255E-09 7.9128E-09 8.1006E-09 8.3038E-09 8.5270E-09 8.7381E-09 8.9361E-09 9.1682E-09 9.3718E-09 9.5756E-09 9.7795E-09 9.9834E-09 1.0185E-08 1.0384E-08 1.0589E-08 1.0795E-08 1.0992E-08 1.1196E-08 1.1399E-08 1.1596E-08 1.1800E-08 1.1997E-08 1.2194E-08 1.2395E-08 1.2591E-08 1.2792E-08 1.3012E-08 1.3242E-08 1.3483E-08
3.3530E-09 3.4619E-09 3.5794E-09 3.6959E-09 3.8157E-09 3.9388E-09 4.0709E-09 4.2012E-09 4.3347E-09 4.4770E-09 4.6171E-09 4.7660E-09 4.9124E-09 5.0675E-09 5.2198E-09 5.3806E-09 5.5384E-09 5.7046E-09 5.8702E-09 6.0384E-09 6.2100E-09 6.3807E-09 6.5601E-09 6.7352E-09 6.9162E-09 7.0988E-09 7.3041E-09 7.4866E-09 7.6701E-09 7.8541E-09 8.0386E-09 8.2532E-09 8.4618E-09 8.6656E-09 8.8597E-09 9.0878E-09 9.2871E-09 9.4866E-09 9.6859E-09 9.8832E-09 1.0078E-08 1.0275E-08 1.0472E-08 1.0672E-08 1.0864E-08 1.1064E-08 1.1263E-08 1.1454E-08 1.1652E-08 1.1846E-08 1.2036E-08 1.2231E-08 1.2427E-08 1.2616E-08 1.2825E-08 1.3053E-08 1.3280E-08
3.3499E-09 3.4593E-09 3.5751E-09 3.6907E-09 3.8096E-09 3.9343E-09 4.0627E-09 4.1919E-09 4.3253E-09 4.4649E-09 4.6036E-09 4.7507E-09 4.8955E-09 5.0487E-09 5.1991E-09 5.3579E-09 5.5149E-09 5.6775E-09 5.8423E-09 6.0066E-09 6.1772E-09 6.3439E-09 6.5206E-09 6.6949E-09 6.8713E-09 7.0529E-09 7.2535E-09 7.4330E-09 7.6132E-09 7.7941E-09 7.9753E-09 8.1901E-09 8.3950E-09 8.5916E-09 8.7818E-09 9.0059E-09 9.2010E-09 9.3958E-09 9.5888E-09 9.7796E-09 9.9694E-09 1.0165E-08 1.0354E-08 1.0550E-08 1.0741E-08 1.0932E-08 1.1126E-08 1.1311E-08 1.1504E-08 1.1695E-08 1.1880E-08 1.2068E-08 1.2258E-08 1.2442E-08 1.2639E-08 1.2854E-08 1.3079E-08
3.3459E-09 3.4560E-09 3.5697E-09 3.6845E-09 3.8024E-09 3.9273E-09 4.0534E-09 4.1812E-09 4.3147E-09 4.4516E-09 4.5886E-09 4.7342E-09 4.8772E-09 5.0285E-09 5.1784E-09 5.3337E-09 5.4901E-09 5.6490E-09 5.8129E-09 5.9733E-09 6.1415E-09 6.3075E-09 6.4797E-09 6.6533E-09 6.8249E-09 7.0037E-09 7.2015E-09 7.3779E-09 7.5551E-09 7.7328E-09 7.9105E-09 8.1289E-09 8.3300E-09 8.5162E-09 8.7023E-09 8.9227E-09 9.1130E-09 9.3018E-09 9.4887E-09 9.6749E-09 9.8602E-09 1.0052E-08 1.0236E-08 1.0427E-08 1.0615E-08 1.0799E-08 1.0988E-08 1.1171E-08 1.1357E-08 1.1543E-08 1.1725E-08 1.1905E-08 1.2089E-08 1.2270E-08 1.2457E-08 1.2658E-08 1.2874E-08
3.3411E-09 3.4515E-09 3.5635E-09 3.6773E-09 3.7942E-09 3.9193E-09 4.0429E-09 4.1695E-09 4.3029E-09 4.4370E-09 4.5738E-09 4.7164E-09 4.8589E-09 5.0071E-09 5.1563E-09 5.3082E-09 5.4653E-09 5.6191E-09 5.7807E-09 5.9387E-09 6.1044E-09 6.2699E-09 6.4375E-09 6.6103E-09 6.7772E-09 6.9532E-09 7.1482E-09 7.3217E-09 7.4957E-09 7.6700E-09 7.8445E-09 8.0629E-09 8.2570E-09 8.4393E-09 8.6293E-09 8.8373E-09 9.0219E-09 9.2051E-09 9.3877E-09 9.5696E-09 9.7505E-09 9.9375E-09 1.0117E-08 1.0303E-08 1.0489E-08 1.0666E-08 1.0851E-08 1.1033E-08 1.1210E-08 1.1391E-08 1.1569E-08 1.1742E-08 1.1920E-08 1.2099E-08 1.2276E-08 1.2469E-08 1.2680E-08
3.3354E-09 3.4464E-09 3.5561E-09 3.6691E-09 3.7850E-09 3.9089E-09 4.0314E-09 4.1566E-09 4.2899E-09 4.4212E-09 4.5577E-09 4.6973E-09 4.8394E-09 4.9842E-09 5.1329E-09 5.2815E-09 5.4362E-09 5.5879E-09 5.7472E-09 5.9041E-09 6.0660E-09 6.2309E-09 6.3939E-09 6.5642E-09 6.7283E-09 6.9129E-09 7.0937E-09 7.2641E-09 7.4350E-09 7.6061E-09 7.7772E-09 7.9922E-09 8.1827E-09 8.3614E-09 8.5614E-09 8.7491E-09 8.9287E-09 9.1078E-09 9.2863E-09 9.4639E-09 9.6405E-09 9.8231E-09 9.9982E-09 1.0180E-08 1.0361E-08 1.0534E-08 1.0714E-08 1.0893E-08 1.1063E-08 1.1239E-08 1.1414E-08 1.1581E-08 1.1753E-08 1.1926E-08 1.2095E-08 1.2277E-08 1.2480E-08
3.3289E-09 3.4390E-09 3.5480E-09 3.6599E-09 3.7747E-09 3.8977E-09 4.0187E-09 4.1427E-09 4.2745E-09 4.4042E-09 4.5418E-09 4.6770E-09 4.8186E-09 4.9603E-09 5.1083E-09 5.2533E-09 5.4061E-09 5.5554E-09 5.7124E-09 5.8684E-09 6.0264E-09 6.1906E-09 6.3493E-09 6.5168E-09 6.6820E-09 6.8658E-09 7.0380E-09 7.2054E-09 7.3731E-09 7.5410E-09 7.7154E-09 7.9204E-09 8.1073E-09 8.2813E-09 8.4834E-09 8.6594E-09 8.8350E-09 9.0100E-09 9.1844E-09 9.3578E-09 9.5301E-09 9.7084E-09 9.8827E-09 1.0057E-08 1.0233E-08 1.0402E-08 1.0577E-08 1.0752E-08 1.0916E-08 1.1087E-08 1.1257E-08 1.1422E-08 1.1586E-08 1.1755E-08 1.1923E-08 1.2093E-08 1.2281E-08
3.3214E-09 3.4309E-09 3.5388E-09 3.6498E-09 3.7636E-09 3.8852E-09 4.0051E-09 4.1276E-09 4.2580E-09 4.3862E-09 4.5221E-09 4.6555E-09 4.7967E-09 4.9351E-09 5.0811E-09 5.2241E-09 5.3746E-09 5.5231E-09 5.6765E-09 5.8315E-09 5.9856E-09 6.1475E-09 6.3034E-09 6.4684E-09 6.6326E-09 6.8174E-09 6.9812E-09 7.1456E-09 7.3102E-09 7.4747E-09 7.6525E-09 7.8474E-09 8.0297E-09 8.1989E-09 8.3970E-09 8.5691E-09 8.7408E-09 8.9118E-09 9.0821E-09 9.2514E-09 9.4196E-09 9.5936E-09 9.7671E-09 9.9332E-09 1.0106E-08 1.0273E-08 1.0440E-08 1.0609E-08 1.0771E-08 1.0935E-08 1.1101E-08 1.1265E-08 1.1420E-08 1.1584E-08 1.1748E-08 1.1915E-08 1.2089E-08
3.3144E-09 3.4218E-09 3.5289E-09 3.6388E-09 3.7525E-09 3.8719E-09 3.9904E-09 4.1115E-09 4.2405E-09 4.3670E-09 4.5012E-09 4.6330E-09 4.7722E-09 4.9087E-09 5.0528E-09 5.1936E-09 5.3421E-09 5.4911E-09 5.6394E-09 5.7935E-09 5.9438E-09 6.1031E-09 6.2584E-09 6.4189E-09 6.5823E-09 6.7625E-09 6.9235E-09 7.0847E-09 7.2461E-09 7.4075E-09 7.5950E-09 7.7724E-09 7.9503E-09 8.1157E-09 8.3100E-09 8.4783E-09 8.6461E-09 8.8133E-09 8.9795E-09 9.1449E-09 9.3090E-09 9.4771E-09 9.6482E-09 9.8101E-09 9.9782E-09 1.0145E-08 1.0303E-08 1.0468E-08 1.0628E-08 1.0785E-08 1.0945E-08 1.1105E-08 1.1258E-08 1.1415E-08 1.1575E-08 1.1732E-08 1.1896E-08
3.3064E-09 3.4119E-09 3.5180E-09 3.6268E-09 3.7418E-09 3.8575E-09 3.9747E-09 4.0956E-09 4.2218E-09 4.3468E-09 4.4794E-09 4.6093E-09 4.7467E-09 4.8813E-09 5.0233E-09 5.1648E-09 5.3085E-09 5.4565E-09 5.6013E-09 5.7530E-09 5.9009E-09 6.0578E-09 6.2140E-09 6.3684E-09 6.5292E-09 6.7068E-09 6.8646E-09 7.0228E-09 7.1811E-09 7.3391E-09 7.5225E-09 7.6959E-09 7.8702E-09 8.0320E-09 8.2226E-09 8.3872E-09 8.5512E-09 8.7144E-09 8.8768E-09 9.0382E-09 9.1984E-09 9.3625E-09 9.5257E-09 9.6873E-09 9.8506E-09 1.0013E-08 1.0166E-08 1.0327E-08 1.0485E-08 1.0634E-08 1.0791E-08 1.0946E-08 1.1100E-08 1.1248E-08 1.1403E-08 1.1559E-08 1.1722E-08
3.2978E-09 3.4012E-09 3.5063E-09 3.6140E-09 3.7288E-09 3.8422E-09 3.9581E-09 4.0799E-09 4.2022E-09 4.3256E-09 4.4564E-09 4.5846E-09 4.7202E-09 4.8528E-09 4.9929E-09 5.1336E-09 5.2738E-09 5.4197E-09 5.5622E-09 5.7115E-09 5.8589E-09 6.0114E-09 6.1671E-09 6.3172E-09 6.4753E-09 6.6499E-09 6.8048E-09 6.9601E-09 7.1150E-09 7.2692E-09 7.4519E-09 7.6278E-09 7.7896E-09 7.9478E-09 8.1348E-09 8.2957E-09 8.4559E-09 8.6154E-09 8.7740E-09 8.9315E-09 9.0878E-09 9.2463E-09 9.4073E-09 9.5598E-09 9.7209E-09 9.8806E-09 1.0030E-08 1.0186E-08 1.0340E-08 1.0485E-08 1.0637E-08 1.0789E-08 1.0940E-08 1.1082E-08 1.1233E-08 1.1385E-08 1.1539E-08
3.2883E-09 3.3897E-09 3.4937E-09 3.6002E-09 3.7139E-09 3.8260E-09 3.9404E-09 4.0620E-09 4.1816E-09 4.3045E-09 4.4325E-09 4.5589E-09 4.6926E-09 4.8259E-09 4.9614E-09 5.1013E-09 5.2382E-09 5.3819E-09 5.5221E-09 5.6692E-09 5.8158E-09 5.9645E-09 6.1177E-09 6.2651E-09 6.4204E-09 6.5922E-09 6.7443E-09 6.8962E-09 7.0476E-09 7.1982E-09 7.3868E-09 7.5532E-09 7.7085E-09 7.8634E-09 8.0467E-09 8.2039E-09 8.3605E-09 8.5163E-09 8.6711E-09 8.8249E-09 8.9775E-09 9.1320E-09 9.2846E-09 9.4366E-09 9.5889E-09 9.7474E-09 9.8946E-09 1.0046E-08 1.0196E-08 1.0341E-08 1.0485E-08 1.0633E-08 1.0780E-08 1.0920E-08 1.1065E-08 1.1213E-08 1.1362E-08
3.2770E-09 3.3773E-09 3.4802E-09 3.5856E-09 3.6981E-09 3.8088E-09 3.9220E-09 4.0420E-09 4.1600E-09 4.2837E-09 4.4076E-09 4.5335E-09 4.6642E-09 4.7967E-09 4.9290E-09 5.0669E-09 5.2016E-09 5.3431E-09 5.4811E-09 5.6260E-09 5.7740E-09 5.9168E-09 6.0674E-09 6.2121E-09 6.3647E-09 6.5338E-09 6.6827E-09 6.8313E-09 6.9794E-09 7.1269E-09 7.3122E-09 7.4752E-09 7.6272E-09 7.7786E-09 7.9583E-09 8.1120E-09 8.2650E-09 8.4172E-09 8.5684E-09 8.7185E-09 8.8686E-09 9.0153E-09 9.1656E-09 9.3129E-09 9.4602E-09 9.6090E-09 9.7574E-09 9.9072E-09 1.0053E-08 1.0198E-08 1.0335E-08 1.0478E-08 1.0622E-08 1.0763E-08 1.0899E-08 1.1042E-08 1.1188E-08
3.2648E-09 3.3642E-09 3.4660E-09 3.5702E-09 3.6815E-09 3.7909E-09 3.9025E-09 4.0211E-09 4.1376E-09 4.2608E-09 4.3818E-09 4.5084E-09 4.6347E-09 4.7667E-09 4.8958E-09 5.0316E-09 5.1642E-09 5.3036E-09 5.4420E-09 5.5822E-09 5.7280E-09 5.8682E-09 6.0162E-09 6.1584E-09 6.3186E-09 6.4745E-09 6.6203E-09 6.7657E-09 6.9107E-09 7.0551E-09 7.2372E-09 7.3969E-09 7.5456E-09 7.6936E-09 7.8626E-09 8.0200E-09 8.1695E-09 8.3181E-09 8.4657E-09 8.6118E-09 8.7562E-09 8.9006E-09 9.0436E-09 9.1890E-09 9.3293E-09 9.4769E-09 9.6205E-09 9.7648E-09 9.9094E-09 1.0052E-08 1.0185E-08 1.0325E-08 1.0465E-08 1.0605E-08 1.0734E-08 1.0874E-08 1.1015E-08
3.2520E-09 3.3503E-09 3.4509E-09 3.5540E-09 3.6640E-09 3.7720E-09 3.8822E-09 3.9994E-09 4.1142E-09 4.2359E-09 4.3552E-09 4.4811E-09 4.6045E-09 4.7346E-09 4.8617E-09 4.9955E-09 5.1260E-09 5.2634E-09 5.4024E-09 5.5379E-09 5.6811E-09 5.8188E-09 5.9644E-09 6.1074E-09 6.2715E-09 6.4145E-09 6.5572E-09 6.6997E-09 6.8416E-09 6.9830E-09 7.1618E-09 7.3153E-09 7.4637E-09 7.6085E-09 7.7740E-09 7.9198E-09 8.0740E-09 8.2192E-09 8.3628E-09 8.5048E-09 8.6454E-09 8.7846E-09 8.9255E-09 9.0630E-09 9.2036E-09 9.3403E-09 9.4836E-09 9.6191E-09 9.7639E-09 9.9064E-09 1.0038E-08 1.0174E-08 1.0310E-08 1.0446E-08 1.0571E-08 1.0708E-08 1.0845E-08
3.2384E-09 3.3356E-09 3.4352E-09 3.5370E-09 3.6456E-09 3.7523E-09 3.8612E-09 3.9767E-09 4.0901E-09 4.2101E-09 4.3277E-09 4.4519E-09 4.5735E-09 4.7016E-09 4.8268E-09 4.9585E-09 5.0898E-09 5.2228E-09 5.3596E-09 5.4926E-09 5.6336E-09 5.7689E-09 5.9122E-09 6.0559E-09 6.2139E-09 6.3539E-09 6.4938E-09 6.6332E-09 6.7723E-09 6.9106E-09 7.0862E-09 7.2365E-09 7.3784E-09 7.5358E-09 7.6783E-09 7.8280E-09 7.9696E-09 8.1197E-09 8.2595E-09 8.3980E-09 8.5352E-09 8.6706E-09 8.8043E-09 8.9417E-09 9.0725E-09 9.2103E-09 9.3438E-09 9.4794E-09 9.6151E-09 9.7561E-09 9.8970E-09 1.0024E-08 1.0156E-08 1.0289E-08 1.0416E-08 1.0543E-08 1.0677E-08
3.2241E-09 3.3202E-09 3.4186E-09 3.5212E-09 3.6266E-09 3.7319E-09 3.8393E-09 3.9534E-09 4.0652E-09 4.1836E-09 4.2995E-09 4.4219E-09 4.5417E-09 4.6679E-09 4.7912E-09 4.9214E-09 5.0531E-09 5.1816E-09 5.3160E-09 5.4468E-09 5.5854E-09 5.7187E-09 5.8595E-09 6.0006E-09 6.1557E-09 6.2930E-09 6.4299E-09 6.5665E-09 6.7026E-09 6.8379E-09 7.0074E-09 7.1546E-09 7.2963E-09 7.4443E-09 7.5898E-09 7.7281E-09 7.8738E-09 8.0102E-09 8.1565E-09 8.2916E-09 8.4251E-09 8.5570E-09 8.6872E-09 8.8157E-09 8.9487E-09 9.0761E-09 9.2095E-09 9.3366E-09 9.4710E-09 9.6044E-09 9.7417E-09 9.8757E-09 1.0005E-08 1.0133E-08 1.0262E-08 1.0380E-08 1.0510E-08
3.2091E-09 3.3041E-09 3.4013E-09 3.5049E-09 3.6068E-09 3.7107E-09 3.8167E-09 3.9293E-09 4.0396E-09 4.1563E-09 4.2706E-09 4.3912E-09 4.5091E-09 4.6336E-09 4.7554E-09 4.8837E-09 5.0133E-09 5.1395E-09 5.2719E-09 5.4006E-09 5.5372E-09 5.6731E-09 5.8064E-09 5.9448E-09 6.0972E-09 6.2316E-09 6.3658E-09 6.4995E-09 6.6326E-09 6.7822E-09 6.9250E-09 7.0723E-09 7.2142E-09 7.3554E-09 7.4941E-09 7.6357E-09 7.7690E-09 7.9110E-09 8.0430E-09 8.1854E-09 8.3154E-09 8.4440E-09 8.5710E-09 8.6963E-09 8.8221E-09 8.9483E-09 9.0724E-09 9.1997E-09 9.3255E-09 9.4558E-09 9.5856E-09 9.7115E-09 9.8545E-09 9.9797E-09 1.0105E-08 1.0225E-08 1.0345E-08
