Assets/Resources/2015_m01_d07_0200(utc+0800)_l00_csi_1hr_conc.grd
DSAA
         159         159
     -79.000      79.000
     -79.000      79.000
  0.0000E+00  0.6605E-05
[rows 25 to 49 of 159, columns 0 to 56 of 159]
0.0000E+00 0.0000E+00 0.0000E+00 0.0000E+00 0.0000E+00 0.0000E+00 0.0000E+00 0.0000E+00 0.0000E+00 0.0000E+00 0.0000E+00 0.0000E+00 0.0000E+00 2.4024E-12 6.1227E-12 1.0274E-11 1.4924E-11 1.8468E-11 2.2949E-11 2.8462E-11 3.6290E-11 4.4925E-11 5.8240E-11 7.4057E-11 8.7001E-11 9.9030E-11 1.1105E-10 1.2435E-10 1.3901E-10 1.5515E-10 1.7470E-10 1.9745E-10 2.2737E-10 3.1571E-10 3.7295E-10 4.3470E-10 5.0331E-10 5.8166E-10 6.6420E-10 7.5590E-10 8.6027E-10 9.7385E-10 1.0970E-09 1.2329E-09 1.3819E-09 1.5395E-09 1.7107E-09 1.8936E-09 2.0858E-09 2.2946E-09 2.5125E-09 2.7400E-09 2.9771E-09 3.2227E-09 3.5152E-09 3.7812E-09 4.0916E-09
0.0000E+00 0.0000E+00 0.0000E+00 0.0000E+00 0.0000E+00 0.0000E+00 0.0000E+00 0.0000E+00 0.0000E+00 0.0000E+00 0.0000E+00 0.0000E+00 0.0000E+00 2.0107E-12 5.6159E-12 9.3321E-12 1.3179E-11 1.7601E-11 2.1971E-11 2.7740E-11 3.5460E-11 4.3998E-11 5.7258E-11 7.4242E-11 8.5929E-11 9.7867E-11 1.0978E-10 1.2296E-10 1.3749E-10 1.5350E-10 1.7301E-10 1.9486E-10 2.2344E-10 2.9038E-10 3.6513E-10 4.2287E-10 4.9417E-10 5.6688E-10 6.5509E-10 7.4838E-10 8.5164E-10 9.6637E-10 1.0926E-09 1.2292E-09 1.3812E-09 1.5440E-09 1.7173E-09 1.9045E-09 2.1076E-09 2.3178E-09 2.5428E-09 2.7822E-09 3.0265E-09 3.3165E-09 3.5890E-09 3.9019E-09 4.1971E-09
0.0000E+00 0.0000E+00 0.0000E+00 0.0000E+00 0.0000E+00 0.0000E+00 0.0000E+00 0.0000E+00 0.0000E+00 0.0000E+00 0.0000E+00 0.0000E+00 0.0000E+00 0.0000E+00 3.1790E-12 7.4353E-12 1.2170E-11 1.6725E-11 2.0994E-11 2.6078E-11 3.4597E-11 4.3026E-11 5.6208E-11 7.3146E-11 8.4740E-11 9.6568E-11 1.0836E-10 1.2139E-10 1.3578E-10 1.5183E-10 1.7107E-10 1.9390E-10 2.1875E-10 2.6012E-10 3.4977E-10 4.1179E-10 4.8525E-10 5.5613E-10 6.4401E-10 7.3863E-10 8.4246E-10 9.5668E-10 1.0843E-09 1.2260E-09 1.3774E-09 1.5435E-09 1.7225E-09 1.9127E-09 2.1216E-09 2.3414E-09 2.5738E-09 2.8186E-09 3.0747E-09 3.3775E-09 3.6600E-09 3.9927E-09 4.2989E-09
0.0000E+00 0.0000E+00 0.0000E+00 0.0000E+00 0.0000E+00 0.0000E+00 0.0000E+00 0.0000E+00 0.0000E+00 0.0000E+00 0.0000E+00 0.0000E+00 0.0000E+00 0.0000E+00 2.7461E-12 7.1895E-12 1.1449E-11 1.5866E-11 2.0361E-11 2.5334E-11 3.3144E-11 4.2012E-11 5.5094E-11 7.1956E-11 8.4632E-11 9.5137E-11 1.0678E-10 1.1966E-10 1.3388E-10 1.5133E-10 1.7018E-10 1.9170E-10 2.1488E-10 2.4624E-10 3.2749E-10 4.0211E-10 4.6858E-10 5.4572E-10 6.2831E-10 7.2580E-10 8.3024E-10 9.4648E-10 1.0735E-09 1.2169E-09 1.3722E-09 1.5395E-09 1.7223E-09 1.9227E-09 2.1316E-09 2.3579E-09 2.6017E-09 2.8545E-09 3.1522E-09 3.4356E-09 3.7667E-09 4.0781E-09 4.4454E-09
0.0000E+00 0.0000E+00 0.0000E+00 0.0000E+00 0.0000E+00 0.0000E+00 0.0000E+00 0.0000E+00 0.0000E+00 0.0000E+00 0.0000E+00 0.0000E+00 0.0000E+00 0.0000E+00 2.3279E-12 5.6434E-12 1.0423E-11 1.3775E-11 1.9143E-11 2.4573E-11 3.1649E-11 4.0961E-11 5.3921E-11 7.0675E-11 8.3222E-11 9.3578E-11 1.0506E-10 1.1776E-10 1.3179E-10 1.4912E-10 1.6840E-10 1.8923E-10 2.1227E-10 2.4806E-10 3.1804E-10 3.8865E-10 4.5116E-10 5.3289E-10 6.1405E-10 7.1125E-10 8.1543E-10 9.3205E-10 1.0628E-09 1.2051E-09 1.3622E-09 1.5338E-09 1.7181E-09 1.9231E-09 2.1412E-09 2.3738E-09 2.6213E-09 2.9123E-09 3.1952E-09 3.5213E-09 3.8346E-09 4.2012E-09 4.5401E-09
0.0000E+00 0.0000E+00 0.0000E+00 0.0000E+00 0.0000E+00 0.0000E+00 0.0000E+00 0.0000E+00 0.0000E+00 0.0000E+00 0.0000E+00 0.0000E+00 0.0000E+00 0.0000E+00 0.0000E+00 3.5318E-12 8.1631E-12 1.2941E-11 1.8501E-11 2.3801E-11 3.0730E-11 4.0351E-11 5.2692E-11 6.9309E-11 8.1706E-11 9.1897E-11 1.0320E-10 1.1570E-10 1.2952E-10 1.4671E-10 1.6619E-10 1.8676E-10 2.0937E-10 2.5165E-10 3.0617E-10 3.7089E-10 4.4412E-10 5.1792E-10 6.0002E-10 6.9684E-10 7.9898E-10 9.1524E-10 1.0469E-09 1.1913E-09 1.3489E-09 1.5229E-09 1.7158E-09 1.9192E-09 2.1423E-09 2.3853E-09 2.6399E-09 2.9384E-09 3.2546E-09 3.5691E-09 3.9301E-09 4.2762E-09 4.6729E-09
0.0000E+00 0.0000E+00 0.0000E+00 0.0000E+00 0.0000E+00 0.0000E+00 0.0000E+00 0.0000E+00 0.0000E+00 0.0000E+00 0.0000E+00 0.0000E+00 0.0000E+00 0.0000E+00 0.0000E+00 3.4023E-12 7.5210E-12 1.1795E-11 1.7165E-11 2.2449E-11 2.9793E-11 3.9248E-11 5.0788E-11 6.7861E-11 8.0087E-11 9.0101E-11 1.0121E-10 1.1350E-10 1.2748E-10 1.4435E-10 1.6406E-10 1.8465E-10 2.0726E-10 2.4963E-10 3.0171E-10 3.5308E-10 4.3377E-10 5.0533E-10 5.9012E-10 6.7542E-10 7.8236E-10 8.9758E-10 1.0280E-09 1.1728E-09 1.3330E-09 1.5074E-09 1.7041E-09 1.9152E-09 2.1427E-09 2.3878E-09 2.6774E-09 2.9613E-09 3.2897E-09 3.6125E-09 3.9893E-09 4.3450E-09 4.7694E-09
0.0000E+00 0.0000E+00 0.0000E+00 0.0000E+00 0.0000E+00 0.0000E+00 0.0000E+00 0.0000E+00 0.0000E+00 0.0000E+00 0.0000E+00 0.0000E+00 0.0000E+00 0.0000E+00 0.0000E+00 1.9680E-12 5.2721E-12 9.1119E-12 1.3771E-11 2.0976E-11 2.7316E-11 3.7545E-11 4.9471E-11 6.5288E-11 7.8373E-11 8.8195E-11 9.9091E-11 1.1116E-10 1.2580E-10 1.4278E-10 1.6142E-10 1.8170E-10 2.0419E-10 2.4734E-10 2.9699E-10 3.3993E-10 4.1035E-10 4.9468E-10 5.7792E-10 6.6616E-10 7.6981E-10 8.8089E-10 1.0070E-09 1.1516E-09 1.3123E-09 1.4921E-09 1.6867E-09 1.9016E-09 2.1388E-09 2.3894E-09 2.6822E-09 3.0015E-09 3.3173E-09 3.6841E-09 4.0376E-09 4.4566E-09 4.8507E-09
0.0000E+00 0.0000E+00 0.0000E+00 0.0000E+00 0.0000E+00 0.0000E+00 0.0000E+00 0.0000E+00 0.0000E+00 0.0000E+00 0.0000E+00 0.0000E+00 0.0000E+00 0.0000E+00 0.0000E+00 0.0000E+00 3.8518E-12 8.4555E-12 1.3240E-11 1.9664E-11 2.5830E-11 3.5240E-11 4.9306E-11 6.3706E-11 7.5392E-11 8.6188E-11 9.6860E-11 1.0868E-10 1.2359E-10 1.4028E-10 1.5828E-10 1.7829E-10 2.0864E-10 2.5218E-10 2.9386E-10 3.3435E-10 3.9150E-10 4.8216E-10 5.6612E-10 6.5651E-10 7.5523E-10 8.7012E-10 9.9369E-10 1.1311E-09 1.2886E-09 1.4705E-09 1.6692E-09 1.8866E-09 2.1238E-09 2.3937E-09 2.6857E-09 3.0092E-09 3.3645E-09 3.7130E-09 4.1219E-09 4.5145E-09 4.9248E-09
0.0000E+00 0.0000E+00 0.0000E+00 0.0000E+00 0.0000E+00 0.0000E+00 0.0000E+00 0.0000E+00 0.0000E+00 0.0000E+00 0.0000E+00 0.0000E+00 0.0000E+00 0.0000E+00 0.0000E+00 0.0000E+00 2.6997E-12 7.1357E-12 1.1715E-11 1.7388E-11 2.4910E-11 3.4112E-11 4.6667E-11 6.1069E-11 7.3519E-11 8.4086E-11 9.4521E-11 1.0608E-10 1.2076E-10 1.3722E-10 1.5494E-10 1.7467E-10 2.0495E-10 2.4916E-10 2.9096E-10 3.2936E-10 3.7652E-10 4.6054E-10 5.4697E-10 6.4672E-10 7.4127E-10 8.5751E-10 9.8060E-10 1.1188E-09 1.2731E-09 1.4469E-09 1.6440E-09 1.8676E-09 2.1089E-09 2.3790E-09 2.6993E-09 3.0133E-09 3.3773E-09 3.7652E-09 4.1578E-09 4.5646E-09 4.9908E-09
0.0000E+00 0.0000E+00 0.0000E+00 0.0000E+00 0.0000E+00 0.0000E+00 0.0000E+00 0.0000E+00 0.0000E+00 0.0000E+00 0.0000E+00 0.0000E+00 0.0000E+00 0.0000E+00 0.0000E+00 0.0000E+00 1.5945E-12 4.9335E-12 9.3716E-12 1.5447E-11 2.2437E-11 3.1918E-11 4.5266E-11 5.9386E-11 7.1573E-11 8.1899E-11 9.2083E-11 1.0337E-10 1.1779E-10 1.3401E-10 1.5162E-10 1.7130E-10 2.0162E-10 2.4568E-10 2.8743E-10 3.2563E-10 3.6845E-10 4.3638E-10 5.2935E-10 6.2767E-10 7.2890E-10 8.3966E-10 9.6613E-10 1.1038E-09 1.2593E-09 1.4319E-09 1.6251E-09 1.8428E-09 2.0952E-09 2.3667E-09 2.6839E-09 3.0319E-09 3.3777E-09 3.7854E-09 4.1856E-09 4.6066E-09 5.0484E-09
0.0000E+00 0.0000E+00 0.0000E+00 0.0000E+00 0.0000E+00 0.0000E+00 0.0000E+00 0.0000E+00 0.0000E+00 0.0000E+00 0.0000E+00 0.0000E+00 0.0000E+00 0.0000E+00 0.0000E+00 0.0000E+00 0.0000E+00 3.7811E-12 7.6468E-12 1.2896E-11 2.0327E-11 2.9229E-11 4.2080E-11 5.7024E-11 6.9562E-11 7.9633E-11 8.9556E-11 1.0055E-10 1.1497E-10 1.3082E-10 1.4830E-10 1.6777E-10 1.9810E-10 2.4164E-10 2.8285E-10 3.2075E-10 3.6330E-10 4.1969E-10 5.0946E-10 6.1219E-10 7.1291E-10 8.2231E-10 9.5081E-10 1.0872E-09 1.2447E-09 1.4187E-09 1.6138E-09 1.8282E-09 2.0779E-09 2.3494E-09 2.6445E-09 3.0171E-09 3.4025E-09 3.7887E-09 4.2005E-09 4.6369E-09 5.0967E-09
0.0000E+00 0.0000E+00 0.0000E+00 0.0000E+00 0.0000E+00 0.0000E+00 0.0000E+00 0.0000E+00 0.0000E+00 0.0000E+00 0.0000E+00 0.0000E+00 0.0000E+00 0.0000E+00 0.0000E+00 0.0000E+00 0.0000E+00 2.3166E-12 6.3623E-12 1.0543E-11 1.7039E-11 2.6010E-11 3.8927E-11 5.4171E-11 6.7494E-11 7.7298E-11 8.6949E-11 9.7870E-11 1.1229E-10 1.2753E-10 1.4476E-10 1.6398E-10 1.9386E-10 2.3697E-10 2.7780E-10 3.1534E-10 3.5775E-10 4.1152E-10 4.8112E-10 5.9229E-10 6.9617E-10 8.0908E-10 9.3192E-10 1.0715E-09 1.2261E-09 1.3996E-09 1.5974E-09 1.8215E-09 2.0653E-09 2.3354E-09 2.6364E-09 2.9975E-09 3.3889E-09 3.7836E-09 4.2059E-09 4.6550E-09 5.1296E-09
0.0000E+00 0.0000E+00 0.0000E+00 0.0000E+00 0.0000E+00 0.0000E+00 0.0000E+00 0.0000E+00 0.0000E+00 0.0000E+00 0.0000E+00 0.0000E+00 0.0000E+00 0.0000E+00 0.0000E+00 0.0000E+00 0.0000E+00 9.7602E-13 3.5328E-12 8.4917E-12 1.5059E-11 2.3712E-11 3.6503E-11 5.1790E-11 6.4275E-11 7.4902E-11 8.4273E-11 9.5176E-11 1.0942E-10 1.2407E-10 1.4100E-10 1.5970E-10 1.8921E-10 2.3196E-10 2.7237E-10 3.0968E-10 3.5176E-10 4.0506E-10 4.6164E-10 5.6109E-10 6.7845E-10 7.8950E-10 9.1088E-10 1.0545E-09 1.2079E-09 1.3796E-09 1.5762E-09 1.8051E-09 2.0511E-09 2.3238E-09 2.6221E-09 3.0118E-09 3.3761E-09 3.7716E-09 4.2022E-09 4.6628E-09 5.1513E-09
0.0000E+00 0.0000E+00 0.0000E+00 0.0000E+00 0.0000E+00 0.0000E+00 0.0000E+00 0.0000E+00 0.0000E+00 0.0000E+00 0.0000E+00 0.0000E+00 0.0000E+00 0.0000E+00 0.0000E+00 0.0000E+00 0.0000E+00 0.0000E+00 2.3662E-12 6.4608E-12 1.3108E-11 2.0808E-11 3.3202E-11 4.9415E-11 6.2141E-11 7.2456E-11 8.1537E-11 9.2340E-11 1.0638E-10 1.2046E-10 1.3707E-10 1.5521E-10 1.9230E-10 2.2669E-10 2.6688E-10 3.0384E-10 3.4509E-10 3.9571E-10 4.5342E-10 5.2841E-10 6.4846E-10 7.6977E-10 8.9515E-10 1.0318E-09 1.1894E-09 1.3608E-09 1.5569E-09 1.7837E-09 2.0338E-09 2.3100E-09 2.6084E-09 2.9807E-09 3.3629E-09 3.7628E-09 4.1956E-09 4.6616E-09 5.1620E-09
0.0000E+00 0.0000E+00 0.0000E+00 0.0000E+00 0.0000E+00 0.0000E+00 0.0000E+00 0.0000E+00 0.0000E+00 0.0000E+00 0.0000E+00 0.0000E+00 0.0000E+00 0.0000E+00 0.0000E+00 0.0000E+00 0.0000E+00 0.0000E+00 1.6571E-12 4.5821E-12 9.1553E-12 1.7150E-11 2.9508E-11 4.2786E-11 5.7944E-11 6.9967E-11 7.8752E-11 8.9376E-11 1.0317E-10 1.1671E-10 1.3296E-10 1.5057E-10 1.8722E-10 2.2126E-10 2.6090E-10 2.9741E-10 3.3777E-10 3.8543E-10 4.4417E-10 5.0792E-10 6.2892E-10 7.4919E-10 8.7327E-10 1.0096E-09 1.1720E-09 1.3450E-09 1.5443E-09 1.7688E-09 2.0133E-09 2.2908E-09 2.5936E-09 2.9158E-09 3.3451E-09 3.7487E-09 4.1863E-09 4.6584E-09 5.1650E-09
0.0000E+00 0.0000E+00 0.0000E+00 0.0000E+00 0.0000E+00 0.0000E+00 0.0000E+00 0.0000E+00 0.0000E+00 0.0000E+00 0.0000E+00 0.0000E+00 0.0000E+00 0.0000E+00 0.0000E+00 0.0000E+00 0.0000E+00 0.0000E+00 0.0000E+00 2.7539E-12 7.2371E-12 1.3626E-11 2.6797E-11 4.0517E-11 5.4029E-11 6.7444E-11 7.5928E-11 8.6303E-11 9.9821E-11 1.1284E-10 1.2869E-10 1.4602E-10 1.7404E-10 2.1548E-10 2.5445E-10 2.9028E-10 3.2983E-10 3.7464E-10 4.3412E-10 4.9462E-10 6.0782E-10 7.2707E-10 8.5028E-10 9.9257E-10 1.1467E-09 1.3259E-09 1.5262E-09 1.7491E-09 2.0000E-09 2.2697E-09 2.5742E-09 2.8949E-09 3.3230E-09 3.7296E-09 4.1714E-09 4.6488E-09 5.1621E-09
0.0000E+00 0.0000E+00 0.0000E+00 0.0000E+00 0.0000E+00 0.0000E+00 0.0000E+00 0.0000E+00 0.0000E+00 0.0000E+00 0.0000E+00 0.0000E+00 0.0000E+00 0.0000E+00 0.0000E+00 0.0000E+00 0.0000E+00 0.0000E+00 0.0000E+00 1.6836E-12 5.3039E-12 1.1044E-11 2.1719E-11 3.7349E-11 5.1328E-11 6.3759E-11 7.3075E-11 8.3136E-11 9.6318E-11 1.0887E-10 1.2431E-10 1.4135E-10 1.6863E-10 2.0937E-10 2.4756E-10 2.8248E-10 3.2131E-10 3.6514E-10 4.2371E-10 4.8085E-10 5.9376E-10 7.0233E-10 8.1443E-10 9.7318E-10 1.1176E-09 1.3033E-09 1.5064E-09 1.7304E-09 1.9802E-09 2.2522E-09 2.5518E-09 2.8746E-09 3.2665E-09 3.7080E-09 4.1510E-09 4.6335E-09 5.1527E-09
0.0000E+00 0.0000E+00 0.0000E+00 0.0000E+00 0.0000E+00 0.0000E+00 0.0000E+00 0.0000E+00 0.0000E+00 0.0000E+00 0.0000E+00 0.0000E+00 0.0000E+00 0.0000E+00 0.0000E+00 0.0000E+00 0.0000E+00 0.0000E+00 0.0000E+00 6.6731E-13 2.7791E-12 9.0016E-12 1.8345E-11 3.0820E-11 4.5605E-11 6.1235E-11 7.0204E-11 7.9893E-11 9.2737E-11 1.0482E-10 1.1982E-10 1.3653E-10 1.6308E-10 2.0296E-10 2.4028E-10 2.7429E-10 3.1225E-10 3.5530E-10 4.1262E-10 4.6832E-10 5.7185E-10 6.6677E-10 7.9461E-10 9.4052E-10 1.0939E-09 1.2617E-09 1.4823E-09 1.7051E-09 1.9581E-09 2.2345E-09 2.5284E-09 2.8513E-09 3.2039E-09 3.6869E-09 4.1337E-09 4.6153E-09 5.1368E-09
0.0000E+00 0.0000E+00 0.0000E+00 0.0000E+00 0.0000E+00 0.0000E+00 0.0000E+00 0.0000E+00 0.0000E+00 0.0000E+00 0.0000E+00 0.0000E+00 0.0000E+00 0.0000E+00 0.0000E+00 0.0000E+00 0.0000E+00 0.0000E+00 0.0000E+00 0.0000E+00 2.0470E-12 5.3231E-12 1.2806E-11 2.5204E-11 4.2732E-11 5.7643E-11 6.7324E-11 7.6589E-11 8.9110E-11 1.0070E-10 1.1524E-10 1.3159E-10 1.5740E-10 1.8849E-10 2.3264E-10 2.6573E-10 3.0271E-10 3.4490E-10 4.0078E-10 4.5496E-10 5.5016E-10 6.4173E-10 7.7271E-10 8.9423E-10 1.0679E-09 1.2378E-09 1.4570E-09 1.6816E-09 1.9315E-09 2.2069E-09 2.5037E-09 2.8275E-09 3.1798E-09 3.6405E-09 4.1114E-09 4.5978E-09 5.1251E-09
0.0000E+00 0.0000E+00 0.0000E+00 0.0000E+00 0.0000E+00 0.0000E+00 0.0000E+00 0.0000E+00 0.0000E+00 0.0000E+00 0.0000E+00 0.0000E+00 0.0000E+00 0.0000E+00 0.0000E+00 0.0000E+00 0.0000E+00 0.0000E+00 0.0000E+00 0.0000E+00 1.0001E-12 2.4821E-12 9.3425E-12 2.1039E-11 3.6728E-11 5.1370E-11 6.4445E-11 7.3242E-11 8.5381E-11 9.6532E-11 1.1060E-10 1.2655E-10 1.5163E-10 1.8180E-10 2.1693E-10 2.5685E-10 2.9272E-10 3.3395E-10 3.8054E-10 4.4083E-10 5.1683E-10 6.2178E-10 7.4902E-10 8.6010E-10 1.0394E-09 1.2086E-09 1.4240E-09 1.6487E-09 1.8974E-09 2.1711E-09 2.4696E-09 2.7966E-09 3.1541E-09 3.5662E-09 4.0867E-09 4.5769E-09 5.1077E-09
0.0000E+00 0.0000E+00 0.0000E+00 0.0000E+00 0.0000E+00 0.0000E+00 0.0000E+00 0.0000E+00 0.0000E+00 0.0000E+00 0.0000E+00 0.0000E+00 0.0000E+00 0.0000E+00 0.0000E+00 0.0000E+00 0.0000E+00 0.0000E+00 0.0000E+00 0.0000E+00 0.0000E+00 2.0540E-12 6.4110E-12 1.6489E-11 2.9181E-11 4.4411E-11 6.0143E-11 6.9867E-11 8.1605E-11 9.2338E-11 1.0590E-10 1.2144E-10 1.4577E-10 1.7494E-10 2.0899E-10 2.4769E-10 2.8235E-10 3.2253E-10 3.6785E-10 4.2602E-10 4.8463E-10 6.0087E-10 7.2386E-10 8.3158E-10 1.0057E-09 1.1736E-09 1.3858E-09 1.6085E-09 1.8555E-09 2.1257E-09 2.4237E-09 2.7531E-09 3.1142E-09 3.5047E-09 4.0593E-09 4.5534E-09 5.0873E-09
0.0000E+00 0.0000E+00 0.0000E+00 0.0000E+00 0.0000E+00 0.0000E+00 0.0000E+00 0.0000E+00 0.0000E+00 0.0000E+00 0.0000E+00 0.0000E+00 0.0000E+00 0.0000E+00 0.0000E+00 0.0000E+00 0.0000E+00 0.0000E+00 0.0000E+00 0.0000E+00 0.0000E+00 1.0026E-12 2.8345E-12 1.2168E-11 2.5146E-11 3.9717E-11 5.5316E-11 6.6482E-11 7.7800E-11 8.8133E-11 1.0119E-10 1.1626E-10 1.3986E-10 1.6794E-10 2.0084E-10 2.3828E-10 2.7164E-10 3.1068E-10 3.5464E-10 4.1062E-10 4.6742E-10 5.7916E-10 6.9742E-10 8.0150E-10 9.7031E-10 1.1348E-09 1.3407E-09 1.5586E-09 1.8031E-09 2.0691E-09 2.3648E-09 2.6945E-09 3.0564E-09 3.4521E-09 3.9529E-09 4.5164E-09 5.0634E-09
0.0000E+00 0.0000E+00 0.0000E+00 0.0000E+00 0.0000E+00 0.0000E+00 0.0000E+00 0.0000E+00 0.0000E+00 0.0000E+00 0.0000E+00 0.0000E+00 0.0000E+00 0.0000E+00 0.0000E+00 0.0000E+00 0.0000E+00 0.0000E+00 0.0000E+00 0.0000E+00 0.0000E+00 0.0000E+00 1.7378E-12 7.6833E-12 1.9434E-11 3.1829E-11 4.5982E-11 6.2515E-11 7.3984E-11 8.3995E-11 9.6461E-11 1.1106E-10 1.3391E-10 1.6077E-10 1.9252E-10 2.2869E-10 2.6067E-10 2.9848E-10 3.4099E-10 3.8904E-10 4.4959E-10 5.5659E-10 6.6990E-10 7.7011E-10 9.3290E-10 1.0939E-09 1.2940E-09 1.5059E-09 1.7398E-09 1.9982E-09 2.2909E-09 2.6189E-09 2.9791E-09 3.3769E-09 3.8075E-09 4.4511E-09 5.0114E-09
0.0000E+00 0.0000E+00 0.0000E+00 0.0000E+00 0.0000E+00 0.0000E+00 0.0000E+00 0.0000E+00 0.0000E+00 0.0000E+00 0.0000E+00 0.0000E+00 0.0000E+00 0.0000E+00 0.0000E+00 0.0000E+00 0.0000E+00 0.0000E+00 0.0000E+00 0.0000E+00 0.0000E+00 0.0000E+00 6.7814E-13 3.0928E-12 1.3712E-11 2.7019E-11 4.2164E-11 5.7160E-11 6.9886E-11 8.0001E-11 9.1705E-11 1.0570E-10 1.2030E-10 1.5336E-10 1.8408E-10 2.1895E-10 2.4949E-10 2.8599E-10 3.2697E-10 3.7112E-10 4.3126E-10 5.0017E-10 6.0861E-10 7.3331E-10 8.9062E-10 1.0463E-09 1.2440E-09 1.4492E-09 1.6728E-09 1.9217E-09 2.2038E-09 2.5222E-09 2.8801E-09 3.2771E-09 3.7070E-09 4.2650E-09 4.9064E-09
