Assets/Resources/2015_m01_d30_1800(utc+0800)_l00_csi_1hr_conc.grd
DSAA
         159         159
     -79.000      79.000
     -79.000      79.000
  0.0000E+00  0.3395E-05
[rows 25 to 49 of 159, columns 57 to 113 of 159]
3.2964E-10 4.2753E-10 5.4512E-10 6.8658E-10 8.5209E-10 1.0478E-09 1.2787E-09 1.5436E-09 1.8514E-09 2.1992E-09 2.5887E-09 3.0245E-09 3.5071E-09 4.0473E-09 4.6369E-09 5.2739E-09 5.9522E-09 6.6620E-09 7.3969E-09 8.1452E-09 8.8954E-09 9.6329E-09 1.0344E-08 1.1013E-08 1.1631E-08 1.2186E-08 1.2665E-08 1.3078E-08 1.3393E-08 1.3631E-08 1.3772E-08 1.3822E-08 1.3785E-08 1.3669E-08 1.3488E-08 1.3243E-08 1.2939E-08 1.2589E-08 1.2206E-08 1.1800E-08 1.1382E-08 1.0964E-08 1.0549E-08 1.0141E-08 9.7452E-09 9.3686E-09 9.0106E-09 8.6701E-09 8.3531E-09 8.0507E-09 7.7571E-09 7.4822E-09 7.2199E-09 6.9849E-09 6.7633E-09 6.5463E-09 6.3331E-09
3.5536E-10 4.6106E-10 5.8610E-10 7.3611E-10 9.1269E-10 1.1228E-09 1.3701E-09 1.6573E-09 1.9858E-09 2.3592E-09 2.7807E-09 3.2475E-09 3.7698E-09 4.3517E-09 4.9900E-09 5.6774E-09 6.4101E-09 7.1817E-09 7.9797E-09 8.7894E-09 9.6012E-09 1.0405E-08 1.1178E-08 1.1906E-08 1.2573E-08 1.3167E-08 1.3679E-08 1.4093E-08 1.4424E-08 1.4643E-08 1.4773E-08 1.4795E-08 1.4725E-08 1.4571E-08 1.4344E-08 1.4042E-08 1.3681E-08 1.3269E-08 1.2818E-08 1.2343E-08 1.1857E-08 1.1372E-08 1.0894E-08 1.0428E-08 9.9801E-09 9.5512E-09 9.1481E-09 8.7704E-09 8.4131E-09 8.0821E-09 7.7594E-09 7.4583E-09 7.1732E-09 6.9210E-09 6.6862E-09 6.4529E-09 6.2320E-09
3.8011E-10 4.9144E-10 6.2491E-10 7.8198E-10 9.7064E-10 1.1939E-09 1.4576E-09 1.7650E-09 2.1147E-09 2.5148E-09 2.9640E-09 3.4701E-09 4.0323E-09 4.6579E-09 5.3422E-09 6.0831E-09 6.8750E-09 7.7077E-09 8.5687E-09 9.4475E-09 1.0327E-08 1.1194E-08 1.2032E-08 1.2818E-08 1.3536E-08 1.4170E-08 1.4708E-08 1.5145E-08 1.5465E-08 1.5686E-08 1.5788E-08 1.5784E-08 1.5676E-08 1.5475E-08 1.5192E-08 1.4843E-08 1.4415E-08 1.3936E-08 1.3418E-08 1.2872E-08 1.2316E-08 1.1763E-08 1.1222E-08 1.0698E-08 1.0193E-08 9.7161E-09 9.2654E-09 8.8450E-09 8.4545E-09 8.0898E-09 7.7405E-09 7.4117E-09 7.1084E-09 6.8421E-09 6.5873E-09 6.3456E-09 6.1093E-09
4.0285E-10 5.1893E-10 6.6019E-10 8.2532E-10 1.0244E-09 1.2613E-09 1.5405E-09 1.8654E-09 2.2373E-09 2.6615E-09 3.1432E-09 3.6788E-09 4.2847E-09 4.9499E-09 5.6843E-09 6.4783E-09 7.3280E-09 8.2199E-09 9.1489E-09 1.0095E-08 1.1044E-08 1.1979E-08 1.2883E-08 1.3732E-08 1.4507E-08 1.5185E-08 1.5752E-08 1.6196E-08 1.6530E-08 1.6729E-08 1.6813E-08 1.6778E-08 1.6635E-08 1.6389E-08 1.6052E-08 1.5633E-08 1.5152E-08 1.4601E-08 1.4008E-08 1.3391E-08 1.2761E-08 1.2137E-08 1.1528E-08 1.0943E-08 1.0384E-08 9.8544E-09 9.3598E-09 8.8985E-09 8.4709E-09 8.0761E-09 7.7009E-09 7.3476E-09 7.0243E-09 6.7413E-09 6.4724E-09 6.2191E-09 5.9715E-09
4.2200E-10 5.4390E-10 6.9114E-10 8.6478E-10 1.0728E-09 1.3227E-09 1.6155E-09 1.9583E-09 2.3504E-09 2.7990E-09 3.3066E-09 3.8788E-09 4.5210E-09 5.2328E-09 6.0121E-09 6.8590E-09 7.7643E-09 8.7218E-09 9.7167E-09 1.0735E-08 1.1756E-08 1.2762E-08 1.3734E-08 1.4648E-08 1.5479E-08 1.6204E-08 1.6806E-08 1.7271E-08 1.7593E-08 1.7788E-08 1.7842E-08 1.7773E-08 1.7586E-08 1.7291E-08 1.6897E-08 1.6415E-08 1.5860E-08 1.5249E-08 1.4580E-08 1.3886E-08 1.3183E-08 1.2486E-08 1.1810E-08 1.1162E-08 1.0545E-08 9.9666E-09 9.4260E-09 8.9251E-09 8.4639E-09 8.0389E-09 7.6390E-09 7.2598E-09 6.9219E-09 6.6246E-09 6.3461E-09 6.0800E-09 5.8250E-09
4.3822E-10 5.6624E-10 7.1733E-10 8.9905E-10 1.1155E-09 1.3755E-09 1.6828E-09 2.0410E-09 2.4508E-09 2.9228E-09 3.4567E-09 4.0634E-09 4.7481E-09 5.5005E-09 6.3279E-09 7.2275E-09 8.1938E-09 9.2173E-09 1.0282E-08 1.1371E-08 1.2466E-08 1.3548E-08 1.4590E-08 1.5566E-08 1.6454E-08 1.7227E-08 1.7860E-08 1.8343E-08 1.8672E-08 1.8840E-08 1.8871E-08 1.8766E-08 1.8535E-08 1.8186E-08 1.7730E-08 1.7179E-08 1.6555E-08 1.5863E-08 1.5129E-08 1.4355E-08 1.3576E-08 1.2806E-08 1.2059E-08 1.1349E-08 1.0677E-08 1.0047E-08 9.4627E-09 8.9249E-09 8.4301E-09 7.9786E-09 7.5537E-09 7.1559E-09 6.7992E-09 6.4912E-09 6.1980E-09 5.9239E-09 5.6617E-09
4.5136E-10 5.8425E-10 7.3871E-10 9.2637E-10 1.1510E-09 1.4206E-09 1.7401E-09 2.1098E-09 2.5393E-09 3.0325E-09 3.5919E-09 4.2307E-09 4.9474E-09 5.7472E-09 6.6176E-09 7.5703E-09 8.5958E-09 9.6824E-09 1.0818E-08 1.1983E-08 1.3159E-08 1.4316E-08 1.5428E-08 1.6472E-08 1.7419E-08 1.8239E-08 1.8910E-08 1.9412E-08 1.9738E-08 1.9893E-08 1.9891E-08 1.9743E-08 1.9461E-08 1.9055E-08 1.8535E-08 1.7918E-08 1.7217E-08 1.6457E-08 1.5636E-08 1.4794E-08 1.3934E-08 1.3090E-08 1.2275E-08 1.1499E-08 1.0773E-08 1.0093E-08 9.4692E-09 8.8940E-09 8.3714E-09 7.8927E-09 7.4489E-09 7.0303E-09 6.6627E-09 6.3381E-09 6.0375E-09 5.7550E-09 5.4841E-09
4.6157E-10 5.9658E-10 7.5463E-10 9.4687E-10 1.1796E-09 1.4552E-09 1.7839E-09 2.1663E-09 2.6139E-09 3.1250E-09 3.7074E-09 4.3781E-09 5.1285E-09 5.9657E-09 6.8894E-09 7.8954E-09 8.9820E-09 1.0137E-08 1.1347E-08 1.2589E-08 1.3842E-08 1.5076E-08 1.6264E-08 1.7373E-08 1.8375E-08 1.9244E-08 1.9950E-08 2.0473E-08 2.0802E-08 2.0939E-08 2.0904E-08 2.0711E-08 2.0372E-08 1.9901E-08 1.9311E-08 1.8620E-08 1.7843E-08 1.6997E-08 1.6109E-08 1.5177E-08 1.4251E-08 1.3334E-08 1.2447E-08 1.1612E-08 1.0828E-08 1.0107E-08 9.4404E-09 8.8352E-09 8.2828E-09 7.7829E-09 7.3186E-09 6.8863E-09 6.5040E-09 6.1718E-09 5.8616E-09 5.5710E-09 5.2966E-09
4.6745E-10 6.0374E-10 7.6430E-10 9.5946E-10 1.1974E-09 1.4798E-09 1.8136E-09 2.2106E-09 2.6696E-09 3.1992E-09 3.8037E-09 4.5032E-09 5.2854E-09 6.1612E-09 7.1330E-09 8.1936E-09 9.3386E-09 1.0560E-08 1.1841E-08 1.3162E-08 1.4497E-08 1.5811E-08 1.7073E-08 1.8252E-08 1.9313E-08 2.0227E-08 2.0965E-08 2.1502E-08 2.1833E-08 2.1959E-08 2.1893E-08 2.1649E-08 2.1247E-08 2.0707E-08 2.0048E-08 1.9283E-08 1.8423E-08 1.7494E-08 1.6519E-08 1.5521E-08 1.4512E-08 1.3525E-08 1.2579E-08 1.1678E-08 1.0847E-08 1.0079E-08 9.3794E-09 8.7430E-09 8.1673E-09 7.6479E-09 7.1711E-09 6.7233E-09 6.3328E-09 5.9888E-09 5.6690E-09 5.3773E-09 5.0968E-09
4.7046E-10 6.0391E-10 7.6768E-10 9.6753E-10 1.2058E-09 1.4900E-09 1.8333E-09 2.2391E-09 2.7081E-09 3.2534E-09 3.8851E-09 4.6020E-09 5.4185E-09 6.3341E-09 7.3520E-09 8.4647E-09 9.6727E-09 1.0965E-08 1.2327E-08 1.3734E-08 1.5152E-08 1.6548E-08 1.7890E-08 1.9137E-08 2.0252E-08 2.1209E-08 2.1976E-08 2.2530E-08 2.2858E-08 2.2962E-08 2.2858E-08 2.2564E-08 2.2098E-08 2.1483E-08 2.0737E-08 1.9886E-08 1.8945E-08 1.7934E-08 1.6879E-08 1.5795E-08 1.4723E-08 1.3666E-08 1.2654E-08 1.1705E-08 1.0819E-08 1.0014E-08 9.2811E-09 8.6180E-09 8.0244E-09 7.4883E-09 6.9965E-09 6.5409E-09 6.1435E-09 5.7877E-09 5.4672E-09 5.1703E-09 4.8888E-09
4.6851E-10 6.0137E-10 7.6377E-10 9.6521E-10 1.2029E-09 1.4936E-09 1.8402E-09 2.2494E-09 2.7305E-09 3.2879E-09 3.9396E-09 4.6797E-09 5.5298E-09 6.4808E-09 7.5417E-09 8.7144E-09 9.9866E-09 1.1353E-08 1.2793E-08 1.4282E-08 1.5782E-08 1.7260E-08 1.8676E-08 1.9992E-08 2.1167E-08 2.2164E-08 2.2954E-08 2.3515E-08 2.3844E-08 2.3935E-08 2.3793E-08 2.3440E-08 2.2900E-08 2.2210E-08 2.1379E-08 2.0434E-08 1.9400E-08 1.8304E-08 1.7165E-08 1.6010E-08 1.4863E-08 1.3750E-08 1.2680E-08 1.1676E-08 1.0750E-08 9.9070E-09 9.1454E-09 8.4629E-09 7.8508E-09 7.3033E-09 6.7994E-09 6.3433E-09 5.9374E-09 5.5796E-09 5.2538E-09 4.9565E-09 4.6725E-09
4.6273E-10 5.9310E-10 7.5363E-10 9.5559E-10 1.1921E-09 1.4829E-09 1.8333E-09 2.2478E-09 2.7333E-09 3.3023E-09 3.9728E-09 4.7390E-09 5.6107E-09 6.6036E-09 7.7132E-09 8.9432E-09 1.0283E-08 1.1720E-08 1.3242E-08 1.4818E-08 1.6409E-08 1.7975E-08 1.9472E-08 2.0858E-08 2.2088E-08 2.3120E-08 2.3927E-08 2.4495E-08 2.4807E-08 2.4869E-08 2.4688E-08 2.4277E-08 2.3663E-08 2.2878E-08 2.1956E-08 2.0916E-08 1.9785E-08 1.8598E-08 1.7377E-08 1.6141E-08 1.4938E-08 1.3761E-08 1.2644E-08 1.1597E-08 1.0635E-08 9.7584E-09 8.9774E-09 8.2754E-09 7.6504E-09 7.0958E-09 6.5902E-09 6.1207E-09 5.7156E-09 5.3545E-09 5.0256E-09 4.7295E-09 4.4501E-09
4.5009E-10 5.7925E-10 7.3794E-10 9.3747E-10 1.1724E-09 1.4625E-09 1.8137E-09 2.2291E-09 2.7159E-09 3.3036E-09 3.9828E-09 4.7706E-09 5.6709E-09 6.7084E-09 7.8688E-09 9.1620E-09 1.0571E-08 1.2093E-08 1.3707E-08 1.5377E-08 1.7063E-08 1.8718E-08 2.0293E-08 2.1746E-08 2.3029E-08 2.4096E-08 2.4914E-08 2.5474E-08 2.5773E-08 2.5796E-08 2.5550E-08 2.5068E-08 2.4375E-08 2.3499E-08 2.2461E-08 2.1317E-08 2.0092E-08 1.8810E-08 1.7504E-08 1.6192E-08 1.4927E-08 1.3712E-08 1.2544E-08 1.1464E-08 1.0470E-08 9.5732E-09 8.7704E-09 8.0565E-09 7.4239E-09 6.8615E-09 6.3534E-09 5.8860E-09 5.4783E-09 5.1154E-09 4.7881E-09 4.4949E-09 4.2202E-09
4.3507E-10 5.5863E-10 7.1333E-10 9.1120E-10 1.1435E-09 1.4326E-09 1.7802E-09 2.1923E-09 2.6854E-09 3.2818E-09 3.9691E-09 4.7791E-09 5.7166E-09 6.7861E-09 8.0108E-09 9.3633E-09 1.0860E-08 1.2470E-08 1.4177E-08 1.5940E-08 1.7723E-08 1.9474E-08 2.1136E-08 2.2653E-08 2.3982E-08 2.5077E-08 2.5907E-08 2.6452E-08 2.6708E-08 2.6684E-08 2.6378E-08 2.5812E-08 2.5019E-08 2.4038E-08 2.2902E-08 2.1637E-08 2.0305E-08 1.8932E-08 1.7543E-08 1.6163E-08 1.4838E-08 1.3575E-08 1.2387E-08 1.1272E-08 1.0260E-08 9.3458E-09 8.5298E-09 7.8099E-09 7.1690E-09 6.6071E-09 6.0989E-09 5.6364E-09 5.2292E-09 4.8735E-09 4.5498E-09 4.2562E-09 3.9856E-09
4.1686E-10 5.3574E-10 6.8271E-10 8.7398E-10 1.1061E-09 1.3920E-09 1.7331E-09 2.1428E-09 2.6399E-09 3.2372E-09 3.9388E-09 4.7701E-09 5.7371E-09 6.8466E-09 8.1280E-09 9.5732E-09 1.1158E-08 1.2876E-08 1.4680E-08 1.6552E-08 1.8443E-08 2.0296E-08 2.2046E-08 2.3632E-08 2.5007E-08 2.6124E-08 2.6953E-08 2.7469E-08 2.7673E-08 2.7565E-08 2.7170E-08 2.6511E-08 2.5610E-08 2.4499E-08 2.3234E-08 2.1872E-08 2.0424E-08 1.8959E-08 1.7483E-08 1.6043E-08 1.4673E-08 1.3369E-08 1.2153E-08 1.1028E-08 1.0003E-08 9.0790E-09 8.2588E-09 7.5326E-09 6.8968E-09 6.3331E-09 5.8333E-09 5.3686E-09 4.9678E-09 4.6174E-09 4.2984E-09 4.0148E-09 3.7479E-09
3.9555E-10 5.0885E-10 6.4826E-10 8.3309E-10 1.0602E-09 1.3383E-09 1.6748E-09 2.0841E-09 2.5759E-09 3.1717E-09 3.8959E-09 4.7387E-09 5.7341E-09 6.8950E-09 8.2347E-09 9.7738E-09 1.1469E-08 1.3306E-08 1.5228E-08 1.7215E-08 1.9225E-08 2.1185E-08 2.3036E-08 2.4698E-08 2.6113E-08 2.7238E-08 2.8054E-08 2.8528E-08 2.8651E-08 2.8449E-08 2.7938E-08 2.7148E-08 2.6113E-08 2.4883E-08 2.3488E-08 2.1985E-08 2.0448E-08 1.8879E-08 1.7335E-08 1.5831E-08 1.4419E-08 1.3094E-08 1.1853E-08 1.0722E-08 9.6933E-09 8.7731E-09 7.9504E-09 7.2317E-09 6.5961E-09 6.0400E-09 5.5437E-09 5.0916E-09 4.6949E-09 4.3530E-09 4.0417E-09 3.7672E-09 3.5083E-09
3.7119E-10 4.7651E-10 6.0896E-10 7.8561E-10 1.0095E-09 1.2727E-09 1.6101E-09 2.0097E-09 2.4977E-09 3.0982E-09 3.8276E-09 4.6912E-09 5.7175E-09 6.9321E-09 8.3372E-09 9.9589E-09 1.1794E-08 1.3765E-08 1.5846E-08 1.7965E-08 2.0108E-08 2.2197E-08 2.4153E-08 2.5888E-08 2.7346E-08 2.8474E-08 2.9248E-08 2.9654E-08 2.9679E-08 2.9341E-08 2.8686E-08 2.7747E-08 2.6549E-08 2.5155E-08 2.3630E-08 2.2016E-08 2.0348E-08 1.8700E-08 1.7074E-08 1.5530E-08 1.4090E-08 1.2737E-08 1.1498E-08 1.0357E-08 9.3392E-09 8.4233E-09 7.6141E-09 6.8994E-09 6.2776E-09 5.7270E-09 5.2416E-09 4.8016E-09 4.4185E-09 4.0890E-09 3.7832E-09 3.5180E-09 3.2669E-09
3.4181E-10 4.4071E-10 5.6542E-10 7.3245E-10 9.5006E-10 1.2066E-09 1.5319E-09 1.9241E-09 2.4095E-09 3.0109E-09 3.7419E-09 4.6301E-09 5.6888E-09 6.9513E-09 8.4315E-09 1.0141E-08 1.2107E-08 1.4282E-08 1.6526E-08 1.8846E-08 2.1132E-08 2.3356E-08 2.5434E-08 2.7263E-08 2.8766E-08 2.9883E-08 3.0598E-08 3.0891E-08 3.0775E-08 3.0279E-08 2.9427E-08 2.8286E-08 2.6911E-08 2.5352E-08 2.3659E-08 2.1917E-08 2.0149E-08 1.8406E-08 1.6715E-08 1.5131E-08 1.3672E-08 1.2323E-08 1.1074E-08 9.9559E-09 8.9406E-09 8.0442E-09 7.2462E-09 6.5491E-09 5.9378E-09 5.4092E-09 4.9255E-09 4.5039E-09 4.1345E-09 3.8183E-09 3.5276E-09 3.2699E-09 3.0257E-09
3.1325E-10 4.0475E-10 5.1910E-10 6.7659E-10 8.8097E-10 1.1333E-09 1.4480E-09 1.8304E-09 2.3100E-09 2.9093E-09 3.6443E-09 4.5480E-09 5.6452E-09 6.9587E-09 8.5148E-09 1.0327E-08 1.2432E-08 1.4783E-08 1.7299E-08 1.9827E-08 2.2337E-08 2.4734E-08 2.6954E-08 2.8876E-08 3.0425E-08 3.1527E-08 3.2149E-08 3.2299E-08 3.1996E-08 3.1277E-08 3.0193E-08 2.8810E-08 2.7203E-08 2.5445E-08 2.3592E-08 2.1694E-08 1.9827E-08 1.7997E-08 1.6232E-08 1.4644E-08 1.3183E-08 1.1826E-08 1.0604E-08 9.4893E-09 8.5044E-09 7.6250E-09 6.8499E-09 6.1731E-09 5.5831E-09 5.0635E-09 4.6087E-09 4.1988E-09 3.8488E-09 3.5457E-09 3.2705E-09 3.0225E-09 2.7889E-09
2.8341E-10 3.6679E-10 4.7091E-10 6.1752E-10 8.1034E-10 1.0553E-09 1.3536E-09 1.7297E-09 2.2033E-09 2.7942E-09 3.5356E-09 4.4562E-09 5.5857E-09 6.9480E-09 8.5876E-09 1.0529E-08 1.2771E-08 1.5303E-08 1.8100E-08 2.0965E-08 2.3747E-08 2.6363E-08 2.8741E-08 3.0790E-08 3.2388E-08 3.3454E-08 3.3966E-08 3.3922E-08 3.3376E-08 3.2381E-08 3.1002E-08 2.9329E-08 2.7450E-08 2.5454E-08 2.3406E-08 2.1365E-08 1.9374E-08 1.7477E-08 1.5638E-08 1.4065E-08 1.2613E-08 1.1282E-08 1.0066E-08 8.9897E-09 8.0262E-09 7.1768E-09 6.4296E-09 5.7787E-09 5.2100E-09 4.7116E-09 4.2745E-09 3.8955E-09 3.5608E-09 3.2754E-09 3.0139E-09 2.7762E-09 2.5595E-09
2.4864E-10 3.2755E-10 4.2337E-10 5.6092E-10 7.3798E-10 9.7258E-10 1.2576E-09 1.6189E-09 2.0873E-09 2.6684E-09 3.4134E-09 4.3474E-09 5.5041E-09 6.9260E-09 8.6564E-09 1.0717E-08 1.3118E-08 1.5873E-08 1.8947E-08 2.2202E-08 2.5337E-08 2.8276E-08 3.0874E-08 3.3056E-08 3.4726E-08 3.5764E-08 3.6129E-08 3.5854E-08 3.4988E-08 3.3639E-08 3.1901E-08 2.9872E-08 2.7668E-08 2.5390E-08 2.3114E-08 2.0908E-08 1.8803E-08 1.6832E-08 1.4974E-08 1.3404E-08 1.1973E-08 1.0674E-08 9.5008E-09 8.4468E-09 7.5243E-09 6.7083E-09 5.9934E-09 5.3702E-09 4.8297E-09 4.3513E-09 3.9444E-09 3.5811E-09 3.2801E-09 3.0083E-09 2.7621E-09 2.5310E-09 2.3385E-09
2.1715E-10 2.8974E-10 3.7606E-10 5.0331E-10 6.6656E-10 8.8694E-10 1.1584E-09 1.5021E-09 1.9598E-09 2.5350E-09 3.2802E-09 4.2215E-09 5.4087E-09 6.8871E-09 8.7024E-09 1.0893E-08 1.3480E-08 1.6473E-08 1.9837E-08 2.3466E-08 2.7118E-08 3.0453E-08 3.3404E-08 3.5793E-08 3.7550E-08 3.8555E-08 3.8759E-08 3.8193E-08 3.6951E-08 3.5145E-08 3.2935E-08 3.0475E-08 2.7873E-08 2.5263E-08 2.2734E-08 2.0336E-08 1.8123E-08 1.6069E-08 1.4213E-08 1.2671E-08 1.1268E-08 1.0010E-08 8.8844E-09 7.8795E-09 6.9934E-09 6.2210E-09 5.5419E-09 4.9555E-09 4.4447E-09 3.9938E-09 3.6079E-09 3.2804E-09 2.9911E-09 2.7498E-09 2.5127E-09 2.2934E-09 2.1241E-09
1.8401E-10 2.5223E-10 3.2803E-10 4.4553E-10 5.9478E-10 8.0020E-10 1.0588E-09 1.3851E-09 1.8277E-09 2.3911E-09 3.1249E-09 4.0768E-09 5.2880E-09 6.8202E-09 8.7174E-09 1.1046E-08 1.3837E-08 1.7091E-08 2.0775E-08 2.4811E-08 2.9002E-08 3.2962E-08 3.6335E-08 3.9045E-08 4.0933E-08 4.1948E-08 4.1998E-08 4.1093E-08 3.9369E-08 3.7023E-08 3.4224E-08 3.1183E-08 2.8101E-08 2.5097E-08 2.2271E-08 1.9685E-08 1.7402E-08 1.5158E-08 1.3375E-08 1.1864E-08 1.0509E-08 9.3040E-09 8.2325E-09 7.2808E-09 6.4463E-09 5.7213E-09 5.0840E-09 4.5355E-09 4.0556E-09 3.6386E-09 3.2808E-09 2.9765E-09 2.7202E-09 2.4864E-09 2.2676E-09 2.0670E-09 1.9178E-09
1.5053E-10 2.1607E-10 2.8074E-10 3.8698E-10 5.2647E-10 7.1412E-10 9.5713E-10 1.2628E-09 1.6844E-09 2.2417E-09 2.9629E-09 3.9112E-09 5.1409E-09 6.7120E-09 8.6964E-09 1.1165E-08 1.4159E-08 1.7682E-08 2.1753E-08 2.6263E-08 3.1005E-08 3.5627E-08 3.9670E-08 4.2879E-08 4.5067E-08 4.6098E-08 4.5976E-08 4.4714E-08 4.2420E-08 3.9349E-08 3.5843E-08 3.2122E-08 2.8419E-08 2.4949E-08 2.1932E-08 1.9031E-08 1.6527E-08 1.4115E-08 1.2467E-08 1.1000E-08 9.7091E-09 8.5686E-09 7.5563E-09 6.6691E-09 5.8880E-09 5.2151E-09 4.6236E-09 4.1165E-09 3.6717E-09 3.2891E-09 2.9608E-09 2.6880E-09 2.4473E-09 2.2430E-09 2.0271E-09 1.8520E-09 1.7155E-09
1.1194E-10 1.7924E-10 2.3789E-10 3.3186E-10 4.5605E-10 6.2722E-10 8.5347E-10 1.1379E-09 1.5354E-09 2.0807E-09 2.7903E-09 3.7268E-09 4.9578E-09 6.5585E-09 8.6195E-09 1.1220E-08 1.4409E-08 1.8256E-08 2.2737E-08 2.7740E-08 3.3114E-08 3.8531E-08 4.3471E-08 4.7375E-08 5.0031E-08 5.1274E-08 5.0995E-08 4.9254E-08 4.6285E-08 4.2369E-08 3.7932E-08 3.3400E-08 2.9318E-08 2.5071E-08 2.1407E-08 1.8682E-08 1.5714E-08 1.3111E-08 1.1504E-08 1.0103E-08 8.8767E-09 7.8078E-09 6.8661E-09 6.0451E-09 5.3281E-09 4.7088E-09 4.1686E-09 3.7023E-09 3.2964E-09 2.9499E-09 2.6530E-09 2.4104E-09 2.1947E-09 1.9954E-09 1.8077E-09 1.6518E-09 1.5233E-09
