Assets/Resources/2015_m01_d25_1800(utc+0800)_l00_csi_1hr_conc.grd
DSAA
         159         159
     -79.000      79.000
     -79.000      79.000
  0.0000E+00  0.4448E-05
[rows 75 to 99 of 159, columns 57 to 113 of 159]
7.2773E-10 8.8156E-10 1.0618E-09 1.2680E-09 1.5110E-09 1.7936E-09 2.1153E-09 2.4810E-09 2.8914E-09 3.3413E-09 3.8495E-09 4.4166E-09 4.9861E-09 1.2328E-08 1.5756E-08 2.0197E-08 2.6270E-08 5.4171E-08 7.5095E-08 1.0109E-07 1.3451E-07 1.6626E-07 1.8630E-07 1.9077E-07 1.6837E-07 1.0677E-07 3.6272E-08 2.6494E-08 2.0176E-08 1.6216E-08 1.3772E-08 1.2333E-08 1.1521E-08 1.0835E-08 1.0411E-08 9.9936E-09 9.5727E-09 9.1656E-09 8.7954E-09 8.4690E-09 8.1493E-09 7.8360E-09 7.5571E-09 7.2718E-09 7.0076E-09 6.7416E-09 6.4669E-09 6.1795E-09 5.9177E-09 5.6539E-09 5.3638E-09 5.1049E-09 4.8449E-09 4.5739E-09 4.3188E-09 4.0657E-09 3.8057E-09
7.8220E-10 9.5115E-10 1.1490E-09 1.3792E-09 1.6592E-09 1.9778E-09 2.3426E-09 2.7567E-09 3.2259E-09 3.7734E-09 4.3843E-09 5.0386E-09 5.7731E-09 1.3907E-08 1.7898E-08 2.3362E-08 3.1285E-08 6.8618E-08 1.0118E-07 1.5082E-07 2.1481E-07 2.8321E-07 3.5351E-07 3.7692E-07 2.9942E-07 1.2926E-07 5.8829E-08 3.9953E-08 2.8320E-08 2.1209E-08 1.6959E-08 1.4583E-08 1.3215E-08 1.2282E-08 1.1477E-08 1.0880E-08 1.0323E-08 9.8168E-09 9.3482E-09 8.9404E-09 8.5623E-09 8.2222E-09 7.8807E-09 7.5774E-09 7.2626E-09 6.9693E-09 6.6770E-09 6.3793E-09 6.0726E-09 5.7908E-09 5.5002E-09 5.2065E-09 4.9336E-09 4.6489E-09 4.3833E-09 4.1210E-09 3.8510E-09
8.3818E-10 1.0279E-09 1.2467E-09 1.5110E-09 1.8195E-09 2.1769E-09 2.5871E-09 3.0580E-09 3.6067E-09 4.2449E-09 4.9591E-09 5.7334E-09 6.6173E-09 1.5394E-08 1.9930E-08 2.6318E-08 5.5150E-08 8.5728E-08 1.3622E-07 2.1583E-07 3.4135E-07 7.0221E-07 7.3563E-07 8.0014E-07 4.5821E-07 1.4576E-07 9.2832E-08 5.9466E-08 3.9534E-08 2.7664E-08 2.1137E-08 1.7347E-08 1.5258E-08 1.3807E-08 1.2726E-08 1.1889E-08 1.1151E-08 1.0533E-08 9.9718E-09 9.4572E-09 9.0170E-09 8.6077E-09 8.2128E-09 7.8671E-09 7.5195E-09 7.1934E-09 6.8746E-09 6.5524E-09 6.2198E-09 5.9193E-09 5.6206E-09 5.2998E-09 5.0139E-09 4.7308E-09 4.4405E-09 4.1692E-09 3.9014E-09
8.9792E-10 1.1084E-09 1.3510E-09 1.6504E-09 1.9930E-09 2.3894E-09 2.8495E-09 3.3870E-09 4.0170E-09 4.7524E-09 5.5609E-09 6.4838E-09 7.5658E-09 1.6538E-08 2.1752E-08 2.9213E-08 6.4384E-08 1.0410E-07 1.7175E-07 3.0522E-07 5.6699E-07 4.4476E-06 1.6676E-06 1.7038E-06 5.3166E-07 2.2661E-07 1.3908E-07 8.5459E-08 5.4061E-08 3.5859E-08 2.6058E-08 2.0693E-08 1.7572E-08 1.5543E-08 1.4067E-08 1.2979E-08 1.2082E-08 1.1288E-08 1.0618E-08 1.0026E-08 9.4602E-09 9.0085E-09 8.5737E-09 8.1520E-09 7.7834E-09 7.4090E-09 7.0625E-09 6.7224E-09 6.3819E-09 6.0369E-09 5.7216E-09 5.3908E-09 5.0844E-09 4.7900E-09 4.4882E-09 4.2083E-09 3.9346E-09
9.6692E-10 1.1930E-09 1.4654E-09 1.7928E-09 2.1728E-09 2.6167E-09 3.1350E-09 3.7436E-09 4.4635E-09 5.2827E-09 6.2000E-09 7.3011E-09 8.6503E-09 1.7695E-08 2.2985E-08 3.3418E-08 7.1372E-08 1.1582E-07 2.1118E-07 4.1127E-07 8.6282E-07 1.9123E-06 3.7892E-06 1.8805E-06 6.6381E-07 3.0972E-07 1.8829E-07 1.1398E-07 6.9750E-08 4.4849E-08 3.1469E-08 2.4192E-08 2.0086E-08 1.7415E-08 1.5546E-08 1.4185E-08 1.3057E-08 1.2110E-08 1.1284E-08 1.0585E-08 9.9607E-09 9.3906E-09 8.9055E-09 8.4376E-09 8.0236E-09 7.6220E-09 7.2395E-09 6.8744E-09 6.5110E-09 6.1439E-09 5.8124E-09 5.4869E-09 5.1449E-09 4.8399E-09 4.5377E-09 4.2381E-09 3.9573E-09
1.0350E-09 1.2814E-09 1.5833E-09 1.9398E-09 2.3593E-09 2.8503E-09 3.4341E-09 4.1171E-09 4.9280E-09 5.8489E-09 6.9106E-09 8.2119E-09 9.8217E-09 1.8542E-08 2.4288E-08 3.2950E-08 5.1719E-08 1.1358E-07 1.9721E-07 3.8386E-07 7.4330E-07 1.3983E-06 1.7123E-06 1.1167E-06 5.9352E-07 3.5493E-07 2.2547E-07 1.3903E-07 8.4299E-08 5.3367E-08 3.6825E-08 2.7744E-08 2.2678E-08 1.9374E-08 1.7105E-08 1.5420E-08 1.4076E-08 1.2939E-08 1.1953E-08 1.1145E-08 1.0434E-08 9.7634E-09 9.2359E-09 8.7351E-09 8.2498E-09 7.8216E-09 7.4035E-09 7.0141E-09 6.6361E-09 6.2585E-09 5.8913E-09 5.5520E-09 5.1950E-09 4.8787E-09 4.5710E-09 4.2601E-09 3.9729E-09
1.1008E-09 1.3698E-09 1.7034E-09 2.0892E-09 2.5488E-09 3.0932E-09 3.7323E-09 4.4921E-09 5.4069E-09 6.4457E-09 7.6797E-09 9.1927E-09 1.1076E-08 1.3446E-08 2.2745E-08 2.9706E-08 3.9133E-08 7.1175E-08 9.4729E-08 1.1512E-07 2.4692E-07 4.6939E-07 6.2219E-07 5.9514E-07 4.7338E-07 3.4960E-07 2.4236E-07 1.5389E-07 9.4569E-08 6.0065E-08 4.0315E-08 3.1100E-08 2.4797E-08 2.1179E-08 1.8699E-08 1.6690E-08 1.5102E-08 1.3773E-08 1.2650E-08 1.1686E-08 1.0886E-08 1.0165E-08 9.5374E-09 8.9879E-09 8.4602E-09 8.0039E-09 7.5525E-09 7.1370E-09 6.7381E-09 6.3463E-09 5.9558E-09 5.6031E-09 5.2460E-09 4.9073E-09 4.5914E-09 4.2742E-09 3.9783E-09
1.1669E-09 1.4622E-09 1.8189E-09 2.2397E-09 2.7389E-09 3.3365E-09 4.0327E-09 4.8674E-09 5.8674E-09 7.0176E-09 8.4163E-09 1.0155E-08 1.2325E-08 1.5062E-08 2.0343E-08 2.3561E-08 3.1782E-08 4.3233E-08 6.9333E-08 9.9906E-08 1.5229E-07 2.5405E-07 3.3892E-07 3.7987E-07 3.6138E-07 3.0569E-07 2.2804E-07 1.5290E-07 9.7783E-08 6.3889E-08 4.3885E-08 3.3669E-08 2.7285E-08 2.3139E-08 2.0279E-08 1.7945E-08 1.6107E-08 1.4576E-08 1.3301E-08 1.2204E-08 1.1312E-08 1.0525E-08 9.8188E-09 9.2330E-09 8.6602E-09 8.1610E-09 7.6882E-09 7.2418E-09 6.8228E-09 6.4127E-09 6.0049E-09 5.6401E-09 5.2869E-09 4.9226E-09 4.5995E-09 4.2823E-09 3.9753E-09
1.2312E-09 1.5511E-09 1.9311E-09 2.3838E-09 2.9214E-09 3.5704E-09 4.3258E-09 5.2341E-09 6.3099E-09 7.5571E-09 9.0970E-09 1.0993E-08 1.3384E-08 1.6472E-08 2.0528E-08 2.5982E-08 3.3399E-08 4.3515E-08 6.6804E-08 9.2467E-08 1.2401E-07 1.9148E-07 2.4462E-07 2.7808E-07 2.7954E-07 2.4704E-07 1.9414E-07 1.3910E-07 9.5084E-08 6.5555E-08 4.6604E-08 3.6294E-08 2.9576E-08 2.4990E-08 2.1636E-08 1.9133E-08 1.7052E-08 1.5329E-08 1.3902E-08 1.2687E-08 1.1703E-08 1.0857E-08 1.0074E-08 9.4417E-09 8.8487E-09 8.2949E-09 7.7972E-09 7.3255E-09 6.8879E-09 6.4645E-09 6.0533E-09 5.6614E-09 5.2987E-09 4.9247E-09 4.5955E-09 4.2764E-09 3.9611E-09
1.2921E-09 1.6341E-09 2.0355E-09 2.5181E-09 3.0956E-09 3.7854E-09 4.5989E-09 5.5720E-09 6.7190E-09 8.0548E-09 9.7045E-09 1.1745E-08 1.4296E-08 1.7577E-08 2.1911E-08 2.7652E-08 3.5466E-08 4.5837E-08 5.9284E-08 8.5650E-08 1.1163E-07 1.4938E-07 1.8820E-07 2.1228E-07 2.1517E-07 1.9544E-07 1.6050E-07 1.2236E-07 8.9452E-08 6.5558E-08 4.8423E-08 3.8431E-08 3.1296E-08 2.6606E-08 2.2971E-08 2.0197E-08 1.7896E-08 1.6000E-08 1.4436E-08 1.3125E-08 1.2047E-08 1.1141E-08 1.0317E-08 9.6191E-09 8.9934E-09 8.4045E-09 7.8857E-09 7.3879E-09 6.9316E-09 6.4986E-09 6.0795E-09 5.6671E-09 5.2953E-09 4.9166E-09 4.5786E-09 4.2569E-09 3.9365E-09
1.3447E-09 1.7063E-09 2.1300E-09 2.6382E-09 3.2526E-09 3.9782E-09 4.8411E-09 5.8717E-09 7.0820E-09 8.4921E-09 1.0224E-08 1.2373E-08 1.4998E-08 1.8415E-08 2.2849E-08 2.8666E-08 3.6452E-08 4.6664E-08 5.9710E-08 7.8529E-08 1.0095E-07 1.2320E-07 1.4952E-07 1.6561E-07 1.6713E-07 1.5381E-07 1.3170E-07 1.0622E-07 8.2961E-08 6.4319E-08 4.9700E-08 3.9988E-08 3.2913E-08 2.7927E-08 2.4075E-08 2.1082E-08 1.8600E-08 1.6559E-08 1.4881E-08 1.3490E-08 1.2330E-08 1.1368E-08 1.0515E-08 9.7579E-09 9.1054E-09 8.4847E-09 7.9490E-09 7.4327E-09 6.9552E-09 6.5079E-09 6.0766E-09 5.6540E-09 5.2768E-09 4.8972E-09 4.5498E-09 4.2253E-09 3.9031E-09
1.3896E-09 1.7656E-09 2.2090E-09 2.7413E-09 3.3853E-09 4.1423E-09 5.0456E-09 6.1148E-09 7.3860E-09 8.8576E-09 1.0626E-08 1.2856E-08 1.5536E-08 1.8959E-08 2.3377E-08 2.9098E-08 3.6585E-08 4.6187E-08 5.8322E-08 7.4274E-08 9.1047E-08 1.0934E-07 1.2392E-07 1.3335E-07 1.3249E-07 1.2370E-07 1.0918E-07 9.2826E-08 7.6557E-08 6.2304E-08 5.0172E-08 4.0936E-08 3.4020E-08 2.8901E-08 2.4886E-08 2.1738E-08 1.9128E-08 1.6981E-08 1.5216E-08 1.3762E-08 1.2542E-08 1.1534E-08 1.0644E-08 9.8532E-09 9.1804E-09 8.5322E-09 7.9776E-09 7.4489E-09 6.9558E-09 6.4976E-09 6.0564E-09 5.6248E-09 5.2421E-09 4.8627E-09 4.5075E-09 4.1802E-09 3.8601E-09
1.4235E-09 1.8119E-09 2.2700E-09 2.8214E-09 3.4907E-09 4.2718E-09 5.2047E-09 6.2858E-09 7.6191E-09 9.1273E-09 1.0927E-08 1.3180E-08 1.5856E-08 1.9189E-08 2.3489E-08 2.8935E-08 3.5886E-08 4.4716E-08 5.5500E-08 6.8178E-08 8.2706E-08 9.5986E-08 1.0586E-07 1.0989E-07 1.0932E-07 1.0397E-07 9.4181E-08 8.2498E-08 7.0787E-08 5.9715E-08 4.9807E-08 4.1366E-08 3.4600E-08 2.9513E-08 2.5352E-08 2.2130E-08 1.9452E-08 1.7245E-08 1.5429E-08 1.3930E-08 1.2675E-08 1.1633E-08 1.0717E-08 9.9013E-09 9.2102E-09 8.5421E-09 7.9744E-09 7.4336E-09 6.9293E-09 6.4632E-09 6.0156E-09 5.5816E-09 5.1910E-09 4.8121E-09 4.4505E-09 4.1238E-09 3.8055E-09
1.4477E-09 1.8418E-09 2.3119E-09 2.8764E-09 3.5628E-09 4.3634E-09 5.3123E-09 6.4233E-09 7.7735E-09 9.2955E-09 1.1111E-08 1.3342E-08 1.5966E-08 1.9174E-08 2.3228E-08 2.8278E-08 3.4599E-08 4.2423E-08 5.1798E-08 6.2546E-08 7.3387E-08 8.3141E-08 8.9786E-08 9.2409E-08 9.1791E-08 8.8632E-08 8.3122E-08 7.4678E-08 6.5553E-08 5.6648E-08 4.8361E-08 4.0783E-08 3.4934E-08 2.9621E-08 2.5662E-08 2.2239E-08 1.9556E-08 1.7337E-08 1.5506E-08 1.3986E-08 1.2721E-08 1.1655E-08 1.0730E-08 9.8989E-09 9.1942E-09 8.5149E-09 7.9366E-09 7.3877E-09 6.8767E-09 6.4058E-09 5.9541E-09 5.5212E-09 5.1245E-09 4.7472E-09 4.3822E-09 4.0556E-09 3.7390E-09
1.4580E-09 1.8570E-09 2.3332E-09 2.9048E-09 3.6009E-09 4.4116E-09 5.3584E-09 6.4942E-09 7.8454E-09 9.3661E-09 1.1169E-08 1.3262E-08 1.5872E-08 1.8913E-08 2.2608E-08 2.7236E-08 3.2843E-08 3.9609E-08 4.7552E-08 5.6268E-08 6.4879E-08 7.1584E-08 7.6049E-08 7.8357E-08 7.8502E-08 7.6535E-08 7.3008E-08 6.7688E-08 6.0468E-08 5.3008E-08 4.6080E-08 3.9539E-08 3.4138E-08 2.9174E-08 2.5378E-08 2.2067E-08 1.9441E-08 1.7257E-08 1.5447E-08 1.3931E-08 1.2677E-08 1.1602E-08 1.0677E-08 9.8418E-09 9.1303E-09 8.4464E-09 7.8627E-09 7.3098E-09 6.7957E-09 6.3229E-09 5.8701E-09 5.4396E-09 5.0401E-09 4.6650E-09 4.3001E-09 3.9758E-09 3.6614E-09
1.4556E-09 1.8543E-09 2.3318E-09 2.9047E-09 3.6011E-09 4.4143E-09 5.3628E-09 6.4958E-09 7.7857E-09 9.3343E-09 1.1101E-08 1.3107E-08 1.5504E-08 1.8439E-08 2.1823E-08 2.5866E-08 3.0804E-08 3.6555E-08 4.3105E-08 5.0105E-08 5.6717E-08 6.1803E-08 6.5035E-08 6.7051E-08 6.7734E-08 6.6861E-08 6.4246E-08 6.0476E-08 5.5303E-08 4.9250E-08 4.3330E-08 3.7681E-08 3.2682E-08 2.8308E-08 2.4746E-08 2.1631E-08 1.9117E-08 1.7011E-08 1.5254E-08 1.3771E-08 1.2545E-08 1.1476E-08 1.0555E-08 9.7306E-09 9.0102E-09 8.3369E-09 7.7524E-09 7.1998E-09 6.6860E-09 6.2144E-09 5.7634E-09 5.3363E-09 4.9381E-09 4.5658E-09 4.2043E-09 3.8835E-09 3.5729E-09
1.4393E-09 1.8332E-09 2.3073E-09 2.8748E-09 3.5642E-09 4.3702E-09 5.3104E-09 6.4276E-09 7.6868E-09 9.1476E-09 1.0910E-08 1.2844E-08 1.5079E-08 1.7650E-08 2.0855E-08 2.4428E-08 2.8618E-08 3.3462E-08 3.8822E-08 4.4451E-08 4.9670E-08 5.3774E-08 5.6399E-08 5.8078E-08 5.8809E-08 5.8365E-08 5.6598E-08 5.3640E-08 4.9993E-08 4.5253E-08 4.0136E-08 3.5404E-08 3.1007E-08 2.7096E-08 2.3830E-08 2.0961E-08 1.8606E-08 1.6613E-08 1.4939E-08 1.3512E-08 1.2326E-08 1.1280E-08 1.0365E-08 9.5667E-09 8.8402E-09 8.1878E-09 7.6044E-09 7.0589E-09 6.5493E-09 6.0819E-09 5.6355E-09 5.2129E-09 4.8196E-09 4.4510E-09 4.0959E-09 3.7802E-09 3.4748E-09
1.4093E-09 1.7952E-09 2.2591E-09 2.8166E-09 3.4892E-09 4.2816E-09 5.2021E-09 6.2638E-09 7.5206E-09 8.9342E-09 1.0511E-08 1.2325E-08 1.4525E-08 1.6896E-08 1.9569E-08 2.2894E-08 2.6445E-08 3.0477E-08 3.4972E-08 3.9566E-08 4.3741E-08 4.7156E-08 4.9400E-08 5.0679E-08 5.1340E-08 5.1060E-08 4.9790E-08 4.7565E-08 4.4552E-08 4.1119E-08 3.6915E-08 3.2865E-08 2.8946E-08 2.5628E-08 2.2618E-08 2.0098E-08 1.7930E-08 1.6079E-08 1.4501E-08 1.3162E-08 1.2016E-08 1.1018E-08 1.0120E-08 9.3507E-09 8.6277E-09 7.9987E-09 7.4212E-09 6.8869E-09 6.3849E-09 5.9250E-09 5.4859E-09 5.0689E-09 4.6841E-09 4.3203E-09 3.9743E-09 3.6651E-09 3.3662E-09
1.3663E-09 1.7376E-09 2.1896E-09 2.7312E-09 3.3774E-09 4.1501E-09 5.0420E-09 6.0698E-09 7.2393E-09 8.6185E-09 1.0144E-08 1.1816E-08 1.3648E-08 1.6063E-08 1.8448E-08 2.1097E-08 2.4006E-08 2.7854E-08 3.1562E-08 3.5333E-08 3.8704E-08 4.1492E-08 4.3539E-08 4.4516E-08 4.4948E-08 4.4666E-08 4.3726E-08 4.2048E-08 3.9642E-08 3.6798E-08 3.3622E-08 3.0187E-08 2.6892E-08 2.3994E-08 2.1350E-08 1.9090E-08 1.7124E-08 1.5429E-08 1.3961E-08 1.2725E-08 1.1634E-08 1.0691E-08 9.8233E-09 9.0855E-09 8.3770E-09 7.7718E-09 7.2049E-09 6.6852E-09 6.1945E-09 5.7448E-09 5.3158E-09 4.9059E-09 4.5326E-09 4.1748E-09 3.8403E-09 3.5390E-09 3.2468E-09
1.3114E-09 1.6606E-09 2.1006E-09 2.6211E-09 3.2383E-09 3.9809E-09 4.8349E-09 5.8186E-09 6.9379E-09 8.1938E-09 9.6676E-09 1.1265E-08 1.2986E-08 1.4838E-08 1.7289E-08 1.9642E-08 2.2220E-08 2.4936E-08 2.8589E-08 3.1619E-08 3.4338E-08 3.6633E-08 3.8402E-08 3.9227E-08 3.9375E-08 3.9205E-08 3.8399E-08 3.7094E-08 3.5242E-08 3.2916E-08 3.0294E-08 2.7516E-08 2.4765E-08 2.2272E-08 1.9982E-08 1.7985E-08 1.6226E-08 1.4682E-08 1.3351E-08 1.2201E-08 1.1188E-08 1.0284E-08 9.4820E-09 8.7579E-09 8.0937E-09 7.5098E-09 6.9583E-09 6.4539E-09 5.9799E-09 5.5407E-09 5.1268E-09 4.7257E-09 4.3665E-09 4.0161E-09 3.6949E-09 3.4028E-09 3.1184E-09
1.2446E-09 1.5781E-09 1.9942E-09 2.4887E-09 3.0753E-09 3.7784E-09 4.5876E-09 5.5188E-09 6.5771E-09 7.7648E-09 9.0781E-09 1.0609E-08 1.2231E-08 1.3947E-08 1.5757E-08 1.8204E-08 2.0475E-08 2.2797E-08 2.5821E-08 2.8313E-08 3.0525E-08 3.2394E-08 3.3836E-08 3.4684E-08 3.4661E-08 3.4438E-08 3.3819E-08 3.2735E-08 3.1248E-08 2.9396E-08 2.7246E-08 2.4935E-08 2.2644E-08 2.0494E-08 1.8564E-08 1.6820E-08 1.5264E-08 1.3875E-08 1.2683E-08 1.1618E-08 1.0661E-08 9.8265E-09 9.0902E-09 8.3899E-09 7.7741E-09 7.2130E-09 6.6859E-09 6.1975E-09 5.7435E-09 5.3176E-09 4.9208E-09 4.5306E-09 4.1872E-09 3.8456E-09 3.5396E-09 3.2571E-09 2.9823E-09
1.1702E-09 1.4846E-09 1.8748E-09 2.3384E-09 2.8902E-09 3.5435E-09 4.3071E-09 5.1792E-09 6.1693E-09 7.2787E-09 8.5057E-09 9.8418E-09 1.1278E-08 1.2981E-08 1.4635E-08 1.6617E-08 1.8517E-08 2.0794E-08 2.3253E-08 2.5273E-08 2.7084E-08 2.8612E-08 2.9802E-08 3.0564E-08 3.0638E-08 3.0253E-08 2.9790E-08 2.8907E-08 2.7711E-08 2.6226E-08 2.4460E-08 2.2558E-08 2.0604E-08 1.8788E-08 1.7139E-08 1.5630E-08 1.4250E-08 1.3038E-08 1.1956E-08 1.0962E-08 1.0114E-08 9.3478E-09 8.6332E-09 7.9945E-09 7.4198E-09 6.8825E-09 6.3870E-09 5.9195E-09 5.4881E-09 5.0782E-09 4.7000E-09 4.3241E-09 3.9967E-09 3.6658E-09 3.3755E-09 3.1027E-09 2.8396E-09
1.0873E-09 1.3816E-09 1.7359E-09 2.1750E-09 2.6882E-09 3.2890E-09 4.0015E-09 4.8093E-09 5.7256E-09 6.7515E-09 7.8841E-09 9.1172E-09 1.0439E-08 1.1832E-08 1.3465E-08 1.5235E-08 1.6912E-08 1.8830E-08 2.0834E-08 2.2519E-08 2.4001E-08 2.5264E-08 2.6247E-08 2.6885E-08 2.7093E-08 2.6746E-08 2.6257E-08 2.5566E-08 2.4557E-08 2.3357E-08 2.1947E-08 2.0366E-08 1.8735E-08 1.7136E-08 1.5737E-08 1.4424E-08 1.3238E-08 1.2167E-08 1.1161E-08 1.0320E-08 9.5364E-09 8.8174E-09 8.1694E-09 7.5751E-09 7.0391E-09 6.5292E-09 6.0644E-09 5.6205E-09 5.2146E-09 4.8250E-09 4.4627E-09 4.1091E-09 3.7915E-09 3.4794E-09 3.2044E-09 2.9423E-09 2.6919E-09
9.9885E-10 1.2711E-09 1.5996E-09 2.0020E-09 2.4731E-09 3.0266E-09 3.6786E-09 4.4194E-09 5.2585E-09 6.1969E-09 7.2320E-09 8.3572E-09 9.5619E-09 1.0831E-08 1.2145E-08 1.3833E-08 1.5312E-08 1.6745E-08 1.8423E-08 1.9960E-08 2.1201E-08 2.2257E-08 2.3081E-08 2.3620E-08 2.3850E-08 2.3642E-08 2.3146E-08 2.2579E-08 2.1788E-08 2.0799E-08 1.9649E-08 1.8352E-08 1.6996E-08 1.5645E-08 1.4362E-08 1.3253E-08 1.2225E-08 1.1236E-08 1.0414E-08 9.6033E-09 8.9191E-09 8.2763E-09 7.6746E-09 7.1397E-09 6.6328E-09 6.1618E-09 5.7226E-09 5.3086E-09 4.9230E-09 4.5596E-09 4.2097E-09 3.8849E-09 3.5769E-09 3.2871E-09 3.0278E-09 2.7767E-09 2.5414E-09
9.0975E-10 1.1563E-09 1.4574E-09 1.8145E-09 2.2536E-09 2.7568E-09 3.3387E-09 4.0194E-09 4.7797E-09 5.6293E-09 6.5654E-09 7.5819E-09 8.6690E-09 9.8127E-09 1.0996E-08 1.2353E-08 1.3609E-08 1.4975E-08 1.6385E-08 1.7532E-08 1.8691E-08 1.9576E-08 2.0267E-08 2.0727E-08 2.0935E-08 2.0867E-08 2.0465E-08 1.9939E-08 1.9293E-08 1.8492E-08 1.7567E-08 1.6512E-08 1.5358E-08 1.4208E-08 1.3109E-08 1.2035E-08 1.1174E-08 1.0388E-08 9.6030E-09 8.9354E-09 8.3096E-09 7.7098E-09 7.1834E-09 6.6888E-09 6.2144E-09 5.7824E-09 5.3693E-09 4.9870E-09 4.6232E-09 4.2860E-09 3.9505E-09 3.6533E-09 3.3577E-09 3.0910E-09 2.8464E-09 2.6074E-09 2.3883E-09
