Assets/Resources/2015_m01_d26_1600(utc+0800)_l00_csi_1hr_conc.grd
DSAA
         159         159
     -79.000      79.000
     -79.000      79.000
  0.0000E+00  0.7484E-05
[rows 25 to 49 of 159, columns 57 to 113 of 159]
1.4786E-09 1.3203E-09 1.1520E-09 1.0601E-09 9.7551E-10 8.9859E-10 8.3671E-10 7.9770E-10 7.7077E-10 7.4698E-10 7.2526E-10 7.0387E-10 6.8283E-10 6.6212E-10 6.4176E-10 6.2145E-10 5.9917E-10 5.7882E-10 5.5968E-10 5.4114E-10 5.2344E-10 5.0599E-10 4.8881E-10 4.7191E-10 4.5531E-10 4.3901E-10 4.2303E-10 4.0738E-10 3.9207E-10 3.7711E-10 3.6250E-10 3.4825E-10 3.3437E-10 3.2086E-10 3.0773E-10 2.9497E-10 2.8259E-10 2.7058E-10 2.5895E-10 2.4768E-10 2.3677E-10 2.2622E-10 2.1602E-10 2.0618E-10 1.9668E-10 1.8751E-10 1.7868E-10 1.7018E-10 1.6199E-10 1.5412E-10 1.4655E-10 1.3928E-10 1.3231E-10 1.2562E-10 1.1920E-10 1.1306E-10 1.0717E-10
1.5066E-09 1.3423E-09 1.1425E-09 1.0360E-09 9.5486E-10 8.7434E-10 8.2004E-10 7.8396E-10 7.5862E-10 7.3680E-10 7.1533E-10 6.9419E-10 6.7340E-10 6.5294E-10 6.3282E-10 6.1263E-10 5.9058E-10 5.7058E-10 5.5160E-10 5.3350E-10 5.1602E-10 4.9880E-10 4.8183E-10 4.6515E-10 4.4877E-10 4.3269E-10 4.1692E-10 4.0149E-10 3.8638E-10 3.7163E-10 3.5722E-10 3.4318E-10 3.2950E-10 3.1619E-10 3.0326E-10 2.9069E-10 2.7849E-10 2.6666E-10 2.5520E-10 2.4409E-10 2.3335E-10 2.2295E-10 2.1291E-10 2.0321E-10 1.9385E-10 1.8482E-10 1.7612E-10 1.6773E-10 1.5967E-10 1.5191E-10 1.4446E-10 1.3729E-10 1.3042E-10 1.2383E-10 1.1750E-10 1.1145E-10 1.0565E-10
1.5365E-09 1.3661E-09 1.1586E-09 1.0090E-09 9.2747E-10 8.5264E-10 7.9965E-10 7.7140E-10 7.4778E-10 7.2622E-10 7.0502E-10 6.8415E-10 6.6362E-10 6.4343E-10 6.2358E-10 6.0349E-10 5.8169E-10 5.6207E-10 5.4331E-10 5.2562E-10 5.0838E-10 4.9138E-10 4.7464E-10 4.5819E-10 4.4203E-10 4.2618E-10 4.1063E-10 3.9542E-10 3.8053E-10 3.6599E-10 3.5180E-10 3.3797E-10 3.2451E-10 3.1140E-10 2.9867E-10 2.8630E-10 2.7429E-10 2.6264E-10 2.5135E-10 2.4042E-10 2.2984E-10 2.1960E-10 2.0971E-10 2.0016E-10 1.9094E-10 1.8205E-10 1.7348E-10 1.6523E-10 1.5729E-10 1.4965E-10 1.4231E-10 1.3525E-10 1.2848E-10 1.2199E-10 1.1576E-10 1.0980E-10 1.0409E-10
1.5920E-09 1.4004E-09 1.1856E-09 1.0072E-09 9.0488E-10 8.3322E-10 7.8461E-10 7.5813E-10 7.3653E-10 7.1527E-10 6.9435E-10 6.7377E-10 6.5352E-10 6.3361E-10 6.1404E-10 5.9400E-10 5.7252E-10 5.5320E-10 5.3485E-10 5.1752E-10 5.0051E-10 4.8375E-10 4.6726E-10 4.5104E-10 4.3511E-10 4.1949E-10 4.0418E-10 3.8919E-10 3.7453E-10 3.6022E-10 3.4625E-10 3.3264E-10 3.1940E-10 3.0651E-10 2.9397E-10 2.8180E-10 2.6999E-10 2.5853E-10 2.4742E-10 2.3666E-10 2.2625E-10 2.1617E-10 2.0644E-10 1.9704E-10 1.8797E-10 1.7922E-10 1.7079E-10 1.6267E-10 1.5485E-10 1.4733E-10 1.4010E-10 1.3316E-10 1.2650E-10 1.2011E-10 1.1398E-10 1.0811E-10 1.0249E-10
1.6532E-09 1.4420E-09 1.2276E-09 1.0226E-09 8.8333E-10 8.1346E-10 7.7093E-10 7.4620E-10 7.2491E-10 7.0396E-10 6.8335E-10 6.6307E-10 6.4312E-10 6.2351E-10 6.0422E-10 5.8413E-10 5.6305E-10 5.4410E-10 5.2620E-10 5.0921E-10 4.9244E-10 4.7593E-10 4.5968E-10 4.4371E-10 4.2803E-10 4.1265E-10 3.9757E-10 3.8282E-10 3.6840E-10 3.5432E-10 3.4058E-10 3.2720E-10 3.1418E-10 3.0150E-10 2.8918E-10 2.7721E-10 2.6559E-10 2.5432E-10 2.4340E-10 2.3282E-10 2.2258E-10 2.1267E-10 2.0310E-10 1.9386E-10 1.8493E-10 1.7633E-10 1.6803E-10 1.6005E-10 1.5236E-10 1.4496E-10 1.3785E-10 1.3103E-10 1.2447E-10 1.1818E-10 1.1216E-10 1.0638E-10 1.0085E-10
1.7421E-09 1.5155E-09 1.2833E-09 1.0397E-09 8.8706E-10 7.9698E-10 7.5649E-10 7.3391E-10 7.1294E-10 6.9232E-10 6.7203E-10 6.5207E-10 6.3244E-10 6.1313E-10 5.9408E-10 5.7394E-10 5.5328E-10 5.3479E-10 5.1743E-10 5.0069E-10 4.8419E-10 4.6793E-10 4.5194E-10 4.3622E-10 4.2079E-10 4.0565E-10 3.9082E-10 3.7631E-10 3.6214E-10 3.4830E-10 3.3481E-10 3.2166E-10 3.0886E-10 2.9640E-10 2.8429E-10 2.7253E-10 2.6111E-10 2.5003E-10 2.3930E-10 2.2890E-10 2.1884E-10 2.0910E-10 1.9969E-10 1.9061E-10 1.8184E-10 1.7338E-10 1.6523E-10 1.5737E-10 1.4982E-10 1.4255E-10 1.3556E-10 1.2885E-10 1.2240E-10 1.1622E-10 1.1030E-10 1.0462E-10 9.9183E-11
1.8434E-09 1.5829E-09 1.3362E-09 1.0932E-09 9.1020E-10 7.9099E-10 7.4397E-10 7.2126E-10 7.0066E-10 6.8037E-10 6.6042E-10 6.4080E-10 6.2149E-10 6.0251E-10 5.8364E-10 5.6339E-10 5.4333E-10 5.2535E-10 5.0847E-10 4.9200E-10 4.7576E-10 4.5977E-10 4.4403E-10 4.2857E-10 4.1340E-10 3.9852E-10 3.8394E-10 3.6969E-10 3.5577E-10 3.4218E-10 3.2893E-10 3.1602E-10 3.0344E-10 2.9121E-10 2.7932E-10 2.6777E-10 2.5655E-10 2.4567E-10 2.3513E-10 2.2491E-10 2.1503E-10 2.0547E-10 1.9623E-10 1.8730E-10 1.7869E-10 1.7038E-10 1.6237E-10 1.5466E-10 1.4723E-10 1.4009E-10 1.3323E-10 1.2663E-10 1.2030E-10 1.1423E-10 1.0841E-10 1.0283E-10 9.7485E-11
2.0278E-09 1.6936E-09 1.4197E-09 1.1592E-09 9.4265E-10 8.0284E-10 7.3819E-10 7.0832E-10 6.8807E-10 6.6815E-10 6.4856E-10 6.2928E-10 6.1031E-10 5.9166E-10 5.7295E-10 5.5267E-10 5.3317E-10 5.1580E-10 4.9933E-10 4.8314E-10 4.6717E-10 4.5145E-10 4.3598E-10 4.2079E-10 4.0588E-10 3.9126E-10 3.7695E-10 3.6296E-10 3.4930E-10 3.3597E-10 3.2296E-10 3.1029E-10 2.9795E-10 2.8594E-10 2.7427E-10 2.6293E-10 2.5192E-10 2.4124E-10 2.3089E-10 2.2087E-10 2.1116E-10 2.0178E-10 1.9270E-10 1.8394E-10 1.7549E-10 1.6733E-10 1.5947E-10 1.5189E-10 1.4460E-10 1.3759E-10 1.3085E-10 1.2438E-10 1.1816E-10 1.1220E-10 1.0648E-10 1.0101E-10 9.5760E-11
2.2245E-09 1.8211E-09 1.5041E-09 1.2324E-09 1.0080E-09 8.4051E-10 7.3468E-10 6.9995E-10 6.7522E-10 6.5568E-10 6.3645E-10 6.1753E-10 5.9891E-10 5.8060E-10 5.6184E-10 5.4166E-10 5.2296E-10 5.0617E-10 4.9004E-10 4.7412E-10 4.5843E-10 4.4299E-10 4.2780E-10 4.1288E-10 3.9824E-10 3.8390E-10 3.6986E-10 3.5615E-10 3.4274E-10 3.2966E-10 3.1691E-10 3.0448E-10 2.9237E-10 2.8060E-10 2.6915E-10 2.5802E-10 2.4723E-10 2.3675E-10 2.2660E-10 2.1676E-10 2.0724E-10 1.9803E-10 1.8913E-10 1.8054E-10 1.7224E-10 1.6424E-10 1.5652E-10 1.4909E-10 1.4194E-10 1.3506E-10 1.2845E-10 1.2209E-10 1.1599E-10 1.1014E-10 1.0453E-10 9.9158E-11 9.4010E-11
2.5025E-09 2.0194E-09 1.6342E-09 1.3323E-09 1.0855E-09 8.9572E-10 7.3722E-10 6.9593E-10 6.6286E-10 6.4298E-10 6.2412E-10 6.0556E-10 5.8731E-10 5.6932E-10 5.5050E-10 5.3048E-10 5.1269E-10 4.9644E-10 4.8060E-10 4.6497E-10 4.4957E-10 4.3440E-10 4.1950E-10 4.0486E-10 3.9051E-10 3.7645E-10 3.6269E-10 3.4924E-10 3.3611E-10 3.2329E-10 3.1078E-10 2.9860E-10 2.8673E-10 2.7519E-10 2.6396E-10 2.5306E-10 2.4247E-10 2.3220E-10 2.2225E-10 2.1261E-10 2.0327E-10 1.9424E-10 1.8552E-10 1.7709E-10 1.6895E-10 1.6111E-10 1.5354E-10 1.4626E-10 1.3924E-10 1.3250E-10 1.2601E-10 1.1978E-10 1.1380E-10 1.0806E-10 1.0256E-10 9.7286E-11 9.2238E-11
2.7978E-09 2.2627E-09 1.7914E-09 1.4431E-09 1.1918E-09 9.6584E-10 7.8741E-10 6.9440E-10 6.5433E-10 6.3007E-10 6.1160E-10 5.9342E-10 5.7553E-10 5.5773E-10 5.3865E-10 5.1928E-10 5.0236E-10 4.8658E-10 4.7103E-10 4.5569E-10 4.4058E-10 4.2572E-10 4.1110E-10 3.9675E-10 3.8269E-10 3.6892E-10 3.5544E-10 3.4227E-10 3.2940E-10 3.1684E-10 3.0459E-10 2.9265E-10 2.8103E-10 2.6972E-10 2.5872E-10 2.4804E-10 2.3767E-10 2.2761E-10 2.1785E-10 2.0841E-10 1.9926E-10 1.9041E-10 1.8186E-10 1.7360E-10 1.6563E-10 1.5794E-10 1.5053E-10 1.4339E-10 1.3652E-10 1.2990E-10 1.2355E-10 1.1744E-10 1.1158E-10 1.0595E-10 1.0056E-10 9.5394E-11 9.0446E-11
3.1713E-09 2.5415E-09 2.0075E-09 1.6042E-09 1.3133E-09 1.0522E-09 8.5217E-10 6.9586E-10 6.4939E-10 6.1738E-10 5.9891E-10 5.8111E-10 5.6360E-10 5.4591E-10 5.2659E-10 5.0803E-10 4.9204E-10 4.7660E-10 4.6135E-10 4.4631E-10 4.3150E-10 4.1693E-10 4.0261E-10 3.8857E-10 3.7480E-10 3.6132E-10 3.4813E-10 3.3523E-10 3.2263E-10 3.1034E-10 2.9835E-10 2.8666E-10 2.7528E-10 2.6420E-10 2.5344E-10 2.4298E-10 2.3282E-10 2.2297E-10 2.1342E-10 2.0417E-10 1.9521E-10 1.8655E-10 1.7817E-10 1.7009E-10 1.6228E-10 1.5475E-10 1.4749E-10 1.4049E-10 1.3376E-10 1.2729E-10 1.2106E-10 1.1508E-10 1.0934E-10 1.0383E-10 9.8546E-11 9.3484E-11 8.8636E-11
3.5959E-09 2.8868E-09 2.2892E-09 1.7862E-09 1.4369E-09 1.1505E-09 9.3761E-10 7.1572E-10 6.4837E-10 6.0698E-10 5.8607E-10 5.6867E-10 5.5153E-10 5.3368E-10 5.1439E-10 4.9709E-10 4.8165E-10 4.6651E-10 4.5157E-10 4.3684E-10 4.2234E-10 4.0807E-10 3.9406E-10 3.8032E-10 3.6685E-10 3.5366E-10 3.4076E-10 3.2814E-10 3.1582E-10 3.0379E-10 2.9205E-10 2.8062E-10 2.6948E-10 2.5864E-10 2.4811E-10 2.3787E-10 2.2793E-10 2.1829E-10 2.0895E-10 1.9989E-10 1.9113E-10 1.8265E-10 1.7446E-10 1.6654E-10 1.5890E-10 1.5153E-10 1.4442E-10 1.3758E-10 1.3099E-10 1.2465E-10 1.1855E-10 1.1270E-10 1.0708E-10 1.0168E-10 9.6513E-11 9.1558E-11 8.6812E-11
4.1110E-09 3.2998E-09 2.6148E-09 2.0291E-09 1.6073E-09 1.2673E-09 1.0118E-09 7.7554E-10 6.5002E-10 5.9982E-10 5.7311E-10 5.5610E-10 5.3917E-10 5.2101E-10 5.0230E-10 4.8616E-10 4.7116E-10 4.5634E-10 4.4172E-10 4.2730E-10 4.1310E-10 3.9916E-10 3.8546E-10 3.7203E-10 3.5886E-10 3.4596E-10 3.3335E-10 3.2101E-10 3.0896E-10 2.9719E-10 2.8572E-10 2.7454E-10 2.6365E-10 2.5305E-10 2.4275E-10 2.3274E-10 2.2302E-10 2.1359E-10 2.0445E-10 1.9559E-10 1.8702E-10 1.7873E-10 1.7071E-10 1.6297E-10 1.5550E-10 1.4829E-10 1.4133E-10 1.3464E-10 1.2819E-10 1.2199E-10 1.1603E-10 1.1030E-10 1.0480E-10 9.9527E-11 9.4467E-11 8.9618E-11 8.4975E-11
4.7245E-09 3.7764E-09 2.9896E-09 2.3228E-09 1.8069E-09 1.4092E-09 1.1013E-09 8.6010E-10 6.5394E-10 5.9645E-10 5.6036E-10 5.4344E-10 5.2658E-10 5.0802E-10 4.9040E-10 4.7528E-10 4.6060E-10 4.4611E-10 4.3180E-10 4.1770E-10 4.0383E-10 3.9020E-10 3.7682E-10 3.6369E-10 3.5083E-10 3.3823E-10 3.2590E-10 3.1384E-10 3.0207E-10 2.9057E-10 2.7936E-10 2.6843E-10 2.5779E-10 2.4743E-10 2.3736E-10 2.2758E-10 2.1808E-10 2.0886E-10 1.9993E-10 1.9127E-10 1.8289E-10 1.7479E-10 1.6695E-10 1.5938E-10 1.5208E-10 1.4503E-10 1.3823E-10 1.3169E-10 1.2539E-10 1.1932E-10 1.1349E-10 1.0789E-10 1.0252E-10 9.7357E-11 9.2410E-11 8.7669E-11 8.3129E-11
5.4278E-09 4.3414E-09 3.4282E-09 2.6703E-09 2.0591E-09 1.5773E-09 1.2093E-09 9.4356E-10 6.8416E-10 5.9627E-10 5.4985E-10 5.3066E-10 5.1346E-10 4.9506E-10 4.7886E-10 4.6435E-10 4.4999E-10 4.3582E-10 4.2183E-10 4.0807E-10 3.9453E-10 3.8122E-10 3.6815E-10 3.5533E-10 3.4277E-10 3.3047E-10 3.1843E-10 3.0665E-10 2.9515E-10 2.8392E-10 2.7297E-10 2.6230E-10 2.5191E-10 2.4179E-10 2.3196E-10 2.2240E-10 2.1312E-10 2.0412E-10 1.9539E-10 1.8694E-10 1.7875E-10 1.7083E-10 1.6318E-10 1.5578E-10 1.4864E-10 1.4176E-10 1.3512E-10 1.2872E-10 1.2257E-10 1.1664E-10 1.1095E-10 1.0548E-10 1.0022E-10 9.5179E-11 9.0345E-11 8.5712E-11 8.1274E-11
6.2368E-09 5.0006E-09 3.9470E-09 3.0661E-09 2.3442E-09 1.7696E-09 1.3398E-09 1.0238E-09 7.4867E-10 6.0066E-10 5.4160E-10 5.1765E-10 4.9993E-10 4.8250E-10 4.6755E-10 4.5337E-10 4.3934E-10 4.2550E-10 4.1185E-10 3.9842E-10 3.8520E-10 3.7222E-10 3.5947E-10 3.4696E-10 3.3470E-10 3.2269E-10 3.1094E-10 2.9945E-10 2.8822E-10 2.7726E-10 2.6657E-10 2.5616E-10 2.4601E-10 2.3614E-10 2.2654E-10 2.1721E-10 2.0815E-10 1.9936E-10 1.9084E-10 1.8259E-10 1.7460E-10 1.6687E-10 1.5939E-10 1.5217E-10 1.4520E-10 1.3848E-10 1.3200E-10 1.2575E-10 1.1974E-10 1.1396E-10 1.0839E-10 1.0305E-10 9.7919E-11 9.2995E-11 8.8274E-11 8.3749E-11 7.9415E-11
7.1389E-09 5.7386E-09 4.5384E-09 3.5219E-09 2.6748E-09 2.0031E-09 1.4850E-09 1.1154E-09 8.4579E-10 6.0291E-10 5.3650E-10 5.0405E-10 4.8632E-10 4.7022E-10 4.5621E-10 4.4236E-10 4.2867E-10 4.1517E-10 4.0186E-10 3.8876E-10 3.7588E-10 3.6321E-10 3.5078E-10 3.3858E-10 3.2662E-10 3.1490E-10 3.0344E-10 2.9224E-10 2.8129E-10 2.7060E-10 2.6017E-10 2.5001E-10 2.4011E-10 2.3048E-10 2.2111E-10 2.1201E-10 2.0318E-10 1.9460E-10 1.8629E-10 1.7824E-10 1.7044E-10 1.6290E-10 1.5561E-10 1.4856E-10 1.4176E-10 1.3520E-10 1.2887E-10 1.2278E-10 1.1691E-10 1.1127E-10 1.0584E-10 1.0062E-10 9.5614E-11 9.0808E-11 8.6200E-11 8.1783E-11 7.7553E-11
8.1683E-09 6.6037E-09 5.2241E-09 4.0457E-09 3.0678E-09 2.2646E-09 1.6533E-09 1.2190E-09 9.1197E-10 6.2540E-10 5.3404E-10 4.9013E-10 4.7310E-10 4.5852E-10 4.4486E-10 4.3135E-10 4.1801E-10 4.0485E-10 3.9188E-10 3.7911E-10 3.6655E-10 3.5421E-10 3.4209E-10 3.3020E-10 3.1854E-10 3.0712E-10 2.9595E-10 2.8503E-10 2.7435E-10 2.6393E-10 2.5377E-10 2.4386E-10 2.3421E-10 2.2482E-10 2.1569E-10 2.0682E-10 1.9820E-10 1.8984E-10 1.8174E-10 1.7389E-10 1.6628E-10 1.5893E-10 1.5182E-10 1.4495E-10 1.3831E-10 1.3192E-10 1.2575E-10 1.1980E-10 1.1408E-10 1.0857E-10 1.0328E-10 9.8193E-11 9.3308E-11 8.8621E-11 8.4125E-11 7.9817E-11 7.5690E-11
9.3108E-09 7.5694E-09 6.0182E-09 4.6632E-09 3.5141E-09 2.5779E-09 1.8451E-09 1.3370E-09 9.8508E-10 7.0027E-10 5.3251E-10 4.7748E-10 4.6039E-10 4.4684E-10 4.3352E-10 4.2036E-10 4.0737E-10 3.9455E-10 3.8192E-10 3.6948E-10 3.5725E-10 3.4522E-10 3.3342E-10 3.2183E-10 3.1048E-10 2.9936E-10 2.8847E-10 2.7783E-10 2.6743E-10 2.5728E-10 2.4738E-10 2.3773E-10 2.2832E-10 2.1918E-10 2.1028E-10 2.0163E-10 1.9324E-10 1.8509E-10 1.7719E-10 1.6954E-10 1.6213E-10 1.5496E-10 1.4803E-10 1.4134E-10 1.3487E-10 1.2864E-10 1.2262E-10 1.1683E-10 1.1125E-10 1.0589E-10 1.0073E-10 9.5767E-11 9.1005E-11 8.6435E-11 8.2052E-11 7.7852E-11 7.3829E-11
1.0595E-08 8.6876E-09 6.9469E-09 5.3954E-09 4.0570E-09 2.9387E-09 2.0818E-09 1.4621E-09 1.0480E-09 7.7365E-10 5.3055E-10 4.7068E-10 4.4828E-10 4.3518E-10 4.2221E-10 4.0940E-10 3.9676E-10 3.8428E-10 3.7198E-10 3.5988E-10 3.4797E-10 3.3626E-10 3.2477E-10 3.1349E-10 3.0244E-10 2.9161E-10 2.8102E-10 2.7065E-10 2.6053E-10 2.5065E-10 2.4100E-10 2.3161E-10 2.2245E-10 2.1354E-10 2.0488E-10 1.9646E-10 1.8828E-10 1.8035E-10 1.7266E-10 1.6521E-10 1.5799E-10 1.5101E-10 1.4426E-10 1.3774E-10 1.3144E-10 1.2537E-10 1.1951E-10 1.1387E-10 1.0843E-10 1.0320E-10 9.8176E-11 9.3345E-11 8.8706E-11 8.4254E-11 7.9984E-11 7.5891E-11 7.1971E-11
1.2052E-08 9.9832E-09 8.0419E-09 6.2812E-09 4.7225E-09 3.4168E-09 2.3748E-09 1.6316E-09 1.1430E-09 8.1751E-10 5.4596E-10 4.6693E-10 4.3631E-10 4.2356E-10 4.1095E-10 3.9849E-10 3.8619E-10 3.7405E-10 3.6209E-10 3.5031E-10 3.3873E-10 3.2734E-10 3.1616E-10 3.0519E-10 2.9443E-10 2.8390E-10 2.7359E-10 2.6351E-10 2.5365E-10 2.4404E-10 2.3465E-10 2.2551E-10 2.1660E-10 2.0793E-10 1.9950E-10 1.9130E-10 1.8335E-10 1.7563E-10 1.6814E-10 1.6089E-10 1.5386E-10 1.4707E-10 1.4050E-10 1.3415E-10 1.2802E-10 1.2211E-10 1.1640E-10 1.1091E-10 1.0562E-10 1.0053E-10 9.5636E-11 9.0932E-11 8.6415E-11 8.2080E-11 7.7922E-11 7.3937E-11 7.0120E-11
1.3739E-08 1.1529E-08 9.3859E-09 7.3786E-09 5.5774E-09 4.0294E-09 2.7955E-09 1.8667E-09 1.2530E-09 8.7798E-10 5.9566E-10 4.5832E-10 4.2638E-10 4.1201E-10 3.9975E-10 3.8764E-10 3.7568E-10 3.6388E-10 3.5225E-10 3.4080E-10 3.2953E-10 3.1846E-10 3.0759E-10 2.9692E-10 2.8647E-10 2.7622E-10 2.6620E-10 2.5639E-10 2.4681E-10 2.3746E-10 2.2834E-10 2.1944E-10 2.1078E-10 2.0235E-10 1.9414E-10 1.8618E-10 1.7844E-10 1.7093E-10 1.6364E-10 1.5659E-10 1.4976E-10 1.4315E-10 1.3675E-10 1.3058E-10 1.2462E-10 1.1886E-10 1.1331E-10 1.0797E-10 1.0282E-10 9.7869E-11 9.3106E-11 8.8529E-11 8.4134E-11 7.9915E-11 7.5869E-11 7.1991E-11 6.8276E-11
1.5723E-08 1.3400E-08 1.1053E-08 8.7757E-09 6.6698E-09 4.8379E-09 3.3488E-09 2.2368E-09 1.4434E-09 9.4475E-10 6.5164E-10 4.5671E-10 4.1795E-10 4.0053E-10 3.8862E-10 3.7685E-10 3.6523E-10 3.5377E-10 3.4247E-10 3.3134E-10 3.2040E-10 3.0964E-10 2.9908E-10 2.8871E-10 2.7855E-10 2.6859E-10 2.5885E-10 2.4932E-10 2.4001E-10 2.3092E-10 2.2206E-10 2.1341E-10 2.0499E-10 1.9679E-10 1.8882E-10 1.8108E-10 1.7355E-10 1.6625E-10 1.5917E-10 1.5231E-10 1.4567E-10 1.3925E-10 1.3303E-10 1.2703E-10 1.2123E-10 1.1564E-10 1.1024E-10 1.0504E-10 1.0004E-10 9.5222E-11 9.0591E-11 8.6140E-11 8.1865E-11 7.7762E-11 7.3827E-11 7.0055E-11 6.6442E-11
1.8109E-08 1.5749E-08 1.3211E-08 1.0634E-08 8.1701E-09 5.9667E-09 4.1378E-09 2.7550E-09 1.7463E-09 1.0988E-09 6.9215E-10 4.6384E-10 4.1337E-10 3.8914E-10 3.7757E-10 3.6615E-10 3.5486E-10 3.4373E-10 3.3276E-10 3.2196E-10 3.1133E-10 3.0088E-10 2.9063E-10 2.8056E-10 2.7069E-10 2.6102E-10 2.5156E-10 2.4230E-10 2.3326E-10 2.2443E-10 2.1582E-10 2.0742E-10 1.9924E-10 1.9128E-10 1.8354E-10 1.7601E-10 1.6870E-10 1.6161E-10 1.5473E-10 1.4807E-10 1.4162E-10 1.3537E-10 1.2933E-10 1.2350E-10 1.1787E-10 1.1243E-10 1.0719E-10 1.0214E-10 9.7274E-11 9.2593E-11 8.8092E-11 8.3766E-11 7.9611E-11 7.5623E-11 7.1798E-11 6.8132E-11 6.4619E-11
