Assets/Resources/2015_m01_d16_0200(utc+0800)_l00_csi_1hr_conc.grd
DSAA
         159         159
     -79.000      79.000
     -79.000      79.000
  0.0000E+00  0.5206E-04
[rows 0 to 24 of 159, columns 0 to 56 of 159]
1.2513E-10 1.3151E-10 1.3840E-10 1.4506E-10 1.5247E-10 1.5992E-10 1.6739E-10 1.7588E-10 1.8397E-10 1.9262E-10 2.0190E-10 2.1103E-10 2.2099E-10 2.3103E-10 2.4112E-10 2.5199E-10 2.6291E-10 2.7384E-10 2.8560E-10 2.9732E-10 3.0896E-10 3.2171E-10 3.3380E-10 3.4607E-10 3.5910E-10 3.7201E-10 3.8476E-10 3.9760E-10 4.1053E-10 4.2449E-10 4.3756E-10 4.5064E-10 4.6373E-10 4.7779E-10 4.9089E-10 5.0394E-10 5.1696E-10 5.3110E-10 5.4447E-10 5.5799E-10 5.7355E-10 5.8701E-10 6.0026E-10 6.1544E-10 6.2841E-10 6.4754E-10 6.6193E-10 6.8183E-10 6.9493E-10 7.3210E-10 7.5639E-10 7.8599E-10 8.1271E-10 8.4189E-10 8.6985E-10 9.1521E-10 9.4682E-10
1.2681E-10 1.3377E-10 1.4028E-10 1.4729E-10 1.5482E-10 1.6214E-10 1.7022E-10 1.7836E-10 1.8657E-10 1.9585E-10 2.0479E-10 2.1405E-10 2.2442E-10 2.3436E-10 2.4460E-10 2.5590E-10 2.6673E-10 2.7812E-10 2.9007E-10 3.0167E-10 3.1379E-10 3.2644E-10 3.3871E-10 3.5115E-10 3.6470E-10 3.7751E-10 3.9044E-10 4.0347E-10 4.1755E-10 4.3077E-10 4.4403E-10 4.5731E-10 4.7124E-10 4.8488E-10 4.9818E-10 5.1142E-10 5.2564E-10 5.3900E-10 5.5255E-10 5.6764E-10 5.8210E-10 5.9575E-10 6.1127E-10 6.2465E-10 6.4420E-10 6.5859E-10 6.7937E-10 6.9292E-10 7.2435E-10 7.5126E-10 7.8290E-10 8.1033E-10 8.3985E-10 8.6870E-10 9.1328E-10 9.4521E-10 9.7305E-10
1.2870E-10 1.3552E-10 1.4213E-10 1.4949E-10 1.5689E-10 1.6456E-10 1.7277E-10 1.8079E-10 1.8961E-10 1.9855E-10 2.0761E-10 2.1752E-10 2.2755E-10 2.3763E-10 2.4853E-10 2.5949E-10 2.7048E-10 2.8263E-10 2.9417E-10 3.0594E-10 3.1885E-10 3.3110E-10 3.4354E-10 3.5709E-10 3.6993E-10 3.8292E-10 3.9604E-10 4.0989E-10 4.2356E-10 4.3698E-10 4.5043E-10 4.6390E-10 4.7838E-10 4.9190E-10 5.0539E-10 5.1916E-10 5.3328E-10 5.4682E-10 5.6125E-10 5.7659E-10 5.9059E-10 6.0513E-10 6.2023E-10 6.4020E-10 6.5501E-10 6.7621E-10 6.9123E-10 7.1496E-10 7.4787E-10 7.7761E-10 8.0727E-10 8.3712E-10 8.6566E-10 9.1045E-10 9.4242E-10 9.7171E-10 1.0002E-09
1.3055E-10 1.3723E-10 1.4418E-10 1.5164E-10 1.5890E-10 1.6693E-10 1.7503E-10 1.8316E-10 1.9236E-10 2.0119E-10 2.1063E-10 2.2069E-10 2.3061E-10 2.4109E-10 2.5215E-10 2.6302E-10 2.7447E-10 2.8650E-10 2.9821E-10 3.1075E-10 3.2326E-10 3.3567E-10 3.4861E-10 3.6206E-10 3.7508E-10 3.8825E-10 4.0156E-10 4.1594E-10 4.2950E-10 4.4311E-10 4.5675E-10 4.7140E-10 4.8512E-10 4.9884E-10 5.1252E-10 5.2718E-10 5.4084E-10 5.5457E-10 5.7059E-10 5.8482E-10 5.9900E-10 6.1517E-10 6.3551E-10 6.5176E-10 6.7235E-10 6.8885E-10 7.0799E-10 7.3943E-10 7.7160E-10 8.0433E-10 8.3305E-10 8.6248E-10 9.0344E-10 9.3800E-10 9.6947E-10 9.9856E-10 1.0285E-09
1.3237E-10 1.3890E-10 1.4618E-10 1.5351E-10 1.6112E-10 1.6926E-10 1.7723E-10 1.8597E-10 1.9482E-10 2.0377E-10 2.1383E-10 2.2355E-10 2.3360E-10 2.4473E-10 2.5545E-10 2.6647E-10 2.7868E-10 2.9030E-10 3.0246E-10 3.1519E-10 3.2758E-10 3.4017E-10 3.5390E-10 3.6694E-10 3.8014E-10 3.9350E-10 4.0794E-10 4.2160E-10 4.3534E-10 4.4914E-10 4.6363E-10 4.7786E-10 4.9178E-10 5.0568E-10 5.2057E-10 5.3446E-10 5.4831E-10 5.6428E-10 5.7854E-10 5.9296E-10 6.0944E-10 6.3015E-10 6.4680E-10 6.6710E-10 6.8577E-10 7.0538E-10 7.2985E-10 7.6335E-10 7.9679E-10 8.2817E-10 8.5633E-10 8.9914E-10 9.3352E-10 9.6545E-10 9.9656E-10 1.0264E-09 1.0577E-09
1.3390E-10 1.4076E-10 1.4814E-10 1.5533E-10 1.6328E-10 1.7130E-10 1.7937E-10 1.8849E-10 1.9721E-10 2.0653E-10 2.1649E-10 2.2633E-10 2.3677E-10 2.4781E-10 2.5868E-10 2.7044E-10 2.8223E-10 2.9401E-10 3.0694E-10 3.1926E-10 3.3181E-10 3.4519E-10 3.5852E-10 3.7173E-10 3.8511E-10 3.9897E-10 4.1332E-10 4.2716E-10 4.4109E-10 4.5508E-10 4.7012E-10 4.8423E-10 4.9833E-10 5.1278E-10 5.2756E-10 5.4165E-10 5.5638E-10 5.7195E-10 5.8640E-10 6.0241E-10 6.2409E-10 6.3915E-10 6.6041E-10 6.8092E-10 7.0151E-10 7.2170E-10 7.5358E-10 7.9039E-10 8.2238E-10 8.5146E-10 8.9329E-10 9.2829E-10 9.5969E-10 9.9307E-10 1.0240E-09 1.0553E-09 1.0891E-09
1.3539E-10 1.4258E-10 1.4982E-10 1.5734E-10 1.6540E-10 1.7328E-10 1.8195E-10 1.9070E-10 1.9953E-10 2.0947E-10 2.1908E-10 2.2905E-10 2.4013E-10 2.5082E-10 2.6182E-10 2.7405E-10 2.8570E-10 2.9793E-10 3.1075E-10 3.2324E-10 3.3595E-10 3.4983E-10 3.6304E-10 3.7643E-10 3.8999E-10 4.0467E-10 4.1859E-10 4.3262E-10 4.4674E-10 4.6190E-10 4.7618E-10 4.9049E-10 5.0479E-10 5.2011E-10 5.3445E-10 5.4873E-10 5.6506E-10 5.7951E-10 5.9416E-10 6.1736E-10 6.3278E-10 6.5443E-10 6.7529E-10 6.9742E-10 7.1592E-10 7.4261E-10 7.8129E-10 8.1337E-10 8.4573E-10 8.8593E-10 9.2323E-10 9.5381E-10 9.8871E-10 1.0207E-09 1.0525E-09 1.0852E-09 1.1253E-09
1.3707E-10 1.4435E-10 1.5144E-10 1.5930E-10 1.6722E-10 1.7520E-10 1.8423E-10 1.9285E-10 2.0204E-10 2.1187E-10 2.2159E-10 2.3194E-10 2.4292E-10 2.5374E-10 2.6549E-10 2.7728E-10 2.8908E-10 3.0207E-10 3.1447E-10 3.2712E-10 3.4062E-10 3.5407E-10 3.6745E-10 3.8102E-10 3.9539E-10 4.0966E-10 4.2376E-10 4.3797E-10 4.5261E-10 4.6767E-10 4.8214E-10 4.9664E-10 5.1181E-10 5.2669E-10 5.4122E-10 5.5709E-10 5.7233E-10 5.8697E-10 6.1009E-10 6.2574E-10 6.4770E-10 6.6826E-10 6.9201E-10 7.1044E-10 7.3316E-10 7.6794E-10 8.0455E-10 8.3903E-10 8.7396E-10 9.1710E-10 9.4711E-10 9.8041E-10 1.0165E-09 1.0487E-09 1.0819E-09 1.1197E-09 1.1645E-09
1.3870E-10 1.4583E-10 1.5300E-10 1.6120E-10 1.6898E-10 1.7755E-10 1.8620E-10 1.9492E-10 2.0473E-10 2.1419E-10 2.2403E-10 2.3501E-10 2.4562E-10 2.5657E-10 2.6877E-10 2.8042E-10 2.9267E-10 3.0554E-10 3.1809E-10 3.3120E-10 3.4489E-10 3.5821E-10 3.7176E-10 3.8550E-10 4.0039E-10 4.1453E-10 4.2881E-10 4.4321E-10 4.5870E-10 4.7332E-10 4.8798E-10 5.0301E-10 5.1840E-10 5.3316E-10 5.4857E-10 5.6469E-10 5.7947E-10 6.0179E-10 6.1814E-10 6.4027E-10 6.5876E-10 6.8584E-10 7.0472E-10 7.2730E-10 7.5300E-10 7.9284E-10 8.2780E-10 8.6664E-10 9.0892E-10 9.4036E-10 9.7463E-10 1.0114E-09 1.0439E-09 1.0776E-09 1.1137E-09 1.1579E-09 1.2125E-09
1.4028E-10 1.4726E-10 1.5500E-10 1.6281E-10 1.7068E-10 1.7959E-10 1.8811E-10 1.9718E-10 2.0686E-10 2.1643E-10 2.2664E-10 2.3750E-10 2.4824E-10 2.5992E-10 2.7168E-10 2.8347E-10 2.9647E-10 3.0891E-10 3.2161E-10 3.3549E-10 3.4875E-10 3.6224E-10 3.7596E-10 3.9051E-10 4.0497E-10 4.1928E-10 4.3374E-10 4.4898E-10 4.6404E-10 4.7884E-10 4.9370E-10 5.0959E-10 5.2454E-10 5.3949E-10 5.5649E-10 5.7151E-10 5.9055E-10 6.1017E-10 6.3226E-10 6.4889E-10 6.7888E-10 6.9823E-10 7.1953E-10 7.4156E-10 7.7935E-10 8.1530E-10 8.5744E-10 8.9943E-10 9.3351E-10 9.6902E-10 1.0044E-09 1.0383E-09 1.0724E-09 1.1077E-09 1.1507E-09 1.1970E-09 1.2604E-09
1.4158E-10 1.4863E-10 1.5670E-10 1.6436E-10 1.7256E-10 1.8133E-10 1.8994E-10 1.9937E-10 2.0891E-10 2.1858E-10 2.2941E-10 2.3991E-10 2.5077E-10 2.6289E-10 2.7449E-10 2.8672E-10 2.9959E-10 3.1217E-10 3.2533E-10 3.3909E-10 3.5251E-10 3.6616E-10 3.8035E-10 3.9509E-10 4.0942E-10 4.2391E-10 4.3855E-10 4.5432E-10 4.6925E-10 4.8424E-10 4.9963E-10 5.1541E-10 5.3055E-10 5.4640E-10 5.6297E-10 5.7922E-10 6.0117E-10 6.2290E-10 6.4053E-10 6.6871E-10 6.9033E-10 7.1148E-10 7.3444E-10 7.6382E-10 8.0072E-10 8.4325E-10 8.8897E-10 9.2777E-10 9.6350E-10 9.9637E-10 1.0317E-09 1.0661E-09 1.1018E-09 1.1412E-09 1.1889E-09 1.2461E-09 1.3144E-09
1.4282E-10 1.5019E-10 1.5810E-10 1.6584E-10 1.7462E-10 1.8300E-10 1.9195E-10 2.0148E-10 2.1088E-10 2.2092E-10 2.3162E-10 2.4222E-10 2.5380E-10 2.6547E-10 2.7720E-10 2.9017E-10 3.0260E-10 3.1531E-10 3.2924E-10 3.4256E-10 3.5614E-10 3.6995E-10 3.8464E-10 3.9925E-10 4.1375E-10 4.2841E-10 4.4389E-10 4.5921E-10 4.7432E-10 4.8950E-10 5.0576E-10 5.2109E-10 5.3642E-10 5.5386E-10 5.6932E-10 5.9169E-10 6.1216E-10 6.3174E-10 6.5610E-10 6.8164E-10 7.0315E-10 7.2647E-10 7.4902E-10 7.8624E-10 8.2731E-10 8.7583E-10 9.2115E-10 9.5520E-10 9.8727E-10 1.0229E-09 1.0589E-09 1.0949E-09 1.1335E-09 1.1797E-09 1.2319E-09 1.2992E-09 1.3681E-09
1.4400E-10 1.5192E-10 1.5944E-10 1.6750E-10 1.7613E-10 1.8459E-10 1.9388E-10 2.0327E-10 2.1277E-10 2.2316E-10 2.3373E-10 2.4444E-10 2.5645E-10 2.6795E-10 2.8011E-10 2.9293E-10 3.0549E-10 3.1866E-10 3.3245E-10 3.4592E-10 3.5965E-10 3.7394E-10 3.8880E-10 4.0327E-10 4.1794E-10 4.3278E-10 4.4877E-10 4.6396E-10 4.7926E-10 4.9529E-10 5.1110E-10 5.2662E-10 5.4353E-10 5.5986E-10 5.8163E-10 6.0094E-10 6.2257E-10 6.4272E-10 6.7164E-10 6.9401E-10 7.1565E-10 7.4000E-10 7.7118E-10 8.1552E-10 8.6294E-10 9.1322E-10 9.4587E-10 9.7828E-10 1.0130E-09 1.0505E-09 1.0870E-09 1.1247E-09 1.1695E-09 1.2197E-09 1.2808E-09 1.3544E-09 1.4251E-09
1.4537E-10 1.5313E-10 1.6071E-10 1.6910E-10 1.7757E-10 1.8611E-10 1.9574E-10 2.0498E-10 2.1483E-10 2.2533E-10 2.3575E-10 2.4717E-10 2.5871E-10 2.7033E-10 2.8322E-10 2.9559E-10 3.0828E-10 3.2190E-10 3.3554E-10 3.4915E-10 3.6303E-10 3.7780E-10 3.9253E-10 4.0716E-10 4.2199E-10 4.3766E-10 4.5321E-10 4.6857E-10 4.8404E-10 5.0062E-10 5.1629E-10 5.3200E-10 5.4983E-10 5.6976E-10 5.8876E-10 6.1287E-10 6.3310E-10 6.6118E-10 6.8328E-10 7.0453E-10 7.3067E-10 7.6341E-10 8.0764E-10 8.5233E-10 9.0228E-10 9.3553E-10 9.6821E-10 1.0021E-09 1.0397E-09 1.0778E-09 1.1161E-09 1.1582E-09 1.2089E-09 1.2627E-09 1.3366E-09 1.4102E-09 1.4841E-09
1.4667E-10 1.5427E-10 1.6216E-10 1.7062E-10 1.7893E-10 1.8805E-10 1.9728E-10 2.0661E-10 2.1680E-10 2.2715E-10 2.3767E-10 2.4950E-10 2.6087E-10 2.7291E-10 2.8563E-10 2.9812E-10 3.1125E-10 3.2502E-10 3.3850E-10 3.5226E-10 3.6660E-10 3.8154E-10 3.9611E-10 4.1091E-10 4.2590E-10 4.4209E-10 4.5749E-10 4.7303E-10 4.8935E-10 5.0547E-10 5.2132E-10 5.3861E-10 5.5532E-10 5.7771E-10 6.0160E-10 6.2195E-10 6.4918E-10 6.7108E-10 6.9332E-10 7.1814E-10 7.6002E-10 8.0062E-10 8.4078E-10 8.9025E-10 9.2442E-10 9.5711E-10 9.9125E-10 1.0279E-09 1.0674E-09 1.1061E-09 1.1475E-09 1.1936E-09 1.2482E-09 1.3141E-09 1.3925E-09 1.4690E-09 1.5401E-09
1.4792E-10 1.5534E-10 1.6355E-10 1.7184E-10 1.8022E-10 1.8967E-10 1.9874E-10 2.0815E-10 2.1868E-10 2.2889E-10 2.3980E-10 2.5145E-10 2.6292E-10 2.7538E-10 2.8793E-10 3.0054E-10 3.1410E-10 3.2771E-10 3.4133E-10 3.5523E-10 3.7004E-10 3.8483E-10 3.9956E-10 4.1451E-10 4.3033E-10 4.4604E-10 4.6161E-10 4.7732E-10 4.9418E-10 5.1015E-10 5.2688E-10 5.4439E-10 5.6678E-10 5.8708E-10 6.0912E-10 6.3692E-10 6.5903E-10 6.8257E-10 7.0530E-10 7.5651E-10 7.9133E-10 8.2691E-10 8.7318E-10 9.1277E-10 9.4522E-10 9.7934E-10 1.0150E-09 1.0547E-09 1.0949E-09 1.1354E-09 1.1801E-09 1.2352E-09 1.2943E-09 1.3716E-09 1.4512E-09 1.5272E-09 1.6010E-09
1.4887E-10 1.5634E-10 1.6486E-10 1.7299E-10 1.8168E-10 1.9097E-10 2.0011E-10 2.1010E-10 2.2023E-10 2.3052E-10 2.4183E-10 2.5329E-10 2.6516E-10 2.7774E-10 2.9011E-10 3.0284E-10 3.1684E-10 3.3028E-10 3.4403E-10 3.5806E-10 3.7334E-10 3.8797E-10 4.0285E-10 4.1795E-10 4.3428E-10 4.4984E-10 4.6557E-10 4.8213E-10 4.9852E-10 5.1467E-10 5.3229E-10 5.5341E-10 5.7332E-10 5.9775E-10 6.2259E-10 6.4710E-10 6.7135E-10 6.9751E-10 7.4636E-10 7.8068E-10 8.1739E-10 8.6004E-10 9.0002E-10 9.3279E-10 9.6662E-10 1.0022E-09 1.0408E-09 1.0824E-09 1.1232E-09 1.1670E-09 1.2193E-09 1.2751E-09 1.3455E-09 1.4304E-09 1.5108E-09 1.5858E-09 1.6633E-09
1.4975E-10 1.5752E-10 1.6587E-10 1.7405E-10 1.8306E-10 1.9218E-10 2.0139E-10 2.1172E-10 2.2168E-10 2.3235E-10 2.4376E-10 2.5502E-10 2.6730E-10 2.7969E-10 2.9217E-10 3.0563E-10 3.1915E-10 3.3271E-10 3.4659E-10 3.6139E-10 3.7620E-10 3.9097E-10 4.0599E-10 4.2191E-10 4.3775E-10 4.5348E-10 4.6937E-10 4.8645E-10 5.0269E-10 5.1970E-10 5.3753E-10 5.6042E-10 5.8419E-10 6.0855E-10 6.3522E-10 6.5628E-10 6.8706E-10 7.3287E-10 7.6981E-10 8.0666E-10 8.4647E-10 8.8612E-10 9.2055E-10 9.5337E-10 9.8863E-10 1.0258E-09 1.0688E-09 1.1098E-09 1.1525E-09 1.2033E-09 1.2598E-09 1.3209E-09 1.4057E-09 1.4889E-09 1.5690E-09 1.6488E-09 1.7267E-09
1.5056E-10 1.5863E-10 1.6680E-10 1.7504E-10 1.8436E-10 1.9331E-10 2.0284E-10 2.1300E-10 2.2304E-10 2.3409E-10 2.4530E-10 2.5665E-10 2.6932E-10 2.8153E-10 2.9411E-10 3.0798E-10 3.2133E-10 3.3501E-10 3.4900E-10 3.6427E-10 3.7891E-10 3.9381E-10 4.0898E-10 4.2538E-10 4.4106E-10 4.5694E-10 4.7367E-10 4.9027E-10 5.0668E-10 5.2457E-10 5.4706E-10 5.6745E-10 5.9299E-10 6.2173E-10 6.4219E-10 6.8069E-10 7.2046E-10 7.5860E-10 7.9331E-10 8.2884E-10 8.6878E-10 9.0840E-10 9.4037E-10 9.7452E-10 1.0125E-09 1.0541E-09 1.0952E-09 1.1381E-09 1.1857E-09 1.2430E-09 1.2990E-09 1.3792E-09 1.4643E-09 1.5497E-09 1.6307E-09 1.7111E-09 1.7932E-09
1.5130E-10 1.5968E-10 1.6765E-10 1.7620E-10 1.8535E-10 1.9434E-10 2.0420E-10 2.1418E-10 2.2429E-10 2.3572E-10 2.4672E-10 2.5846E-10 2.7094E-10 2.8324E-10 2.9623E-10 3.0992E-10 3.2338E-10 3.3717E-10 3.5160E-10 3.6669E-10 3.8146E-10 3.9650E-10 4.1213E-10 4.2837E-10 4.4420E-10 4.6023E-10 4.7747E-10 4.9391E-10 5.1048E-10 5.3131E-10 5.5360E-10 5.7777E-10 6.0660E-10 6.2918E-10 6.7349E-10 7.0689E-10 7.4364E-10 7.7867E-10 8.1536E-10 8.5305E-10 8.9415E-10 9.2750E-10 9.6071E-10 9.9881E-10 1.0388E-09 1.0796E-09 1.1225E-09 1.1688E-09 1.2209E-09 1.2822E-09 1.3515E-09 1.4372E-09 1.5261E-09 1.6101E-09 1.6936E-09 1.7765E-09 1.8644E-09
1.5222E-10 1.6041E-10 1.6843E-10 1.7728E-10 1.8624E-10 1.9529E-10 2.0547E-10 2.1527E-10 2.2575E-10 2.3696E-10 2.4804E-10 2.6017E-10 2.7244E-10 2.8482E-10 2.9822E-10 3.1172E-10 3.2528E-10 3.3918E-10 3.5436E-10 3.6896E-10 3.8385E-10 3.9902E-10 4.1544E-10 4.3119E-10 4.4717E-10 4.6369E-10 4.8077E-10 4.9737E-10 5.1548E-10 5.3928E-10 5.6107E-10 5.8983E-10 6.1554E-10 6.5740E-10 6.9163E-10 7.3004E-10 7.6489E-10 7.9994E-10 8.3555E-10 8.7429E-10 9.1437E-10 9.4710E-10 9.8553E-10 1.0229E-09 1.0632E-09 1.1058E-09 1.1506E-09 1.2006E-09 1.2651E-09 1.3361E-09 1.4149E-09 1.4985E-09 1.5870E-09 1.6714E-09 1.7576E-09 1.8449E-09 1.9407E-09
1.5308E-10 1.6106E-10 1.6938E-10 1.7828E-10 1.8705E-10 1.9641E-10 2.0640E-10 2.1626E-10 2.2710E-10 2.3810E-10 2.4954E-10 2.6175E-10 2.7382E-10 2.8659E-10 3.0009E-10 3.1339E-10 3.2704E-10 3.4136E-10 3.5636E-10 3.7107E-10 3.8608E-10 4.0170E-10 4.1796E-10 4.3384E-10 4.4995E-10 4.6729E-10 4.8388E-10 5.0063E-10 5.2269E-10 5.4530E-10 5.7034E-10 6.0039E-10 6.4231E-10 6.7519E-10 7.1425E-10 7.4852E-10 7.8254E-10 8.1652E-10 8.5741E-10 8.9878E-10 9.3322E-10 9.7121E-10 1.0074E-09 1.0463E-09 1.0883E-09 1.1328E-09 1.1824E-09 1.2478E-09 1.3231E-09 1.3919E-09 1.4751E-09 1.5647E-09 1.6472E-09 1.7358E-09 1.8247E-09 1.9199E-09 2.0176E-09
1.5386E-10 1.6164E-10 1.7000E-10 1.7896E-10 1.8777E-10 1.9744E-10 2.0724E-10 2.1715E-10 2.2835E-10 2.3912E-10 2.5094E-10 2.6293E-10 2.7507E-10 2.8823E-10 3.0152E-10 3.1491E-10 3.2866E-10 3.4340E-10 3.5820E-10 3.7302E-10 3.8815E-10 4.0423E-10 4.2030E-10 4.3631E-10 4.5290E-10 4.7007E-10 4.8679E-10 5.0440E-10 5.2912E-10 5.5221E-10 5.8324E-10 6.2758E-10 6.5877E-10 6.9506E-10 7.3220E-10 7.6629E-10 8.0117E-10 8.3986E-10 8.7971E-10 9.1929E-10 9.5658E-10 9.9224E-10 1.0299E-09 1.0704E-09 1.1142E-09 1.1632E-09 1.2312E-09 1.3040E-09 1.3719E-09 1.4521E-09 1.5404E-09 1.6224E-09 1.7098E-09 1.8013E-09 1.8966E-09 1.9970E-09 2.0980E-09
1.5433E-10 1.6215E-10 1.7080E-10 1.7955E-10 1.8840E-10 1.9837E-10 2.0797E-10 2.1824E-10 2.2921E-10 2.4003E-10 2.5221E-10 2.6399E-10 2.7619E-10 2.8974E-10 3.0282E-10 3.1629E-10 3.3012E-10 3.4529E-10 3.5989E-10 3.7481E-10 3.9004E-10 4.0658E-10 4.2246E-10 4.3859E-10 4.5566E-10 4.7265E-10 4.8952E-10 5.1271E-10 5.3459E-10 5.6318E-10 6.1128E-10 6.4243E-10 6.7635E-10 7.1271E-10 7.4920E-10 7.8262E-10 8.1799E-10 8.5917E-10 9.0431E-10 9.4064E-10 9.7677E-10 1.0138E-09 1.0530E-09 1.0951E-09 1.1449E-09 1.2105E-09 1.2807E-09 1.3546E-09 1.4283E-09 1.5151E-09 1.5983E-09 1.6831E-09 1.7757E-09 1.8699E-09 1.9720E-09 2.0761E-09 2.1821E-09
1.5472E-10 1.6257E-10 1.7151E-10 1.8006E-10 1.8920E-10 1.9897E-10 2.0861E-10 2.1923E-10 2.2996E-10 2.4114E-10 2.5309E-10 2.6492E-10 2.7750E-10 2.9083E-10 3.0398E-10 3.1752E-10 3.3177E-10 3.4672E-10 3.6141E-10 3.7644E-10 3.9243E-10 4.0844E-10 4.2443E-10 4.4069E-10 4.5823E-10 4.7503E-10 4.9273E-10 5.1759E-10 5.4149E-10 5.9163E-10 6.2547E-10 6.5892E-10 6.9370E-10 7.2930E-10 7.6468E-10 7.9878E-10 8.3873E-10 8.8481E-10 9.2358E-10 9.5994E-10 9.9745E-10 1.0360E-09 1.0767E-09 1.1247E-09 1.1927E-09 1.2576E-09 1.3332E-09 1.4061E-09 1.4871E-09 1.5710E-09 1.6564E-09 1.7492E-09 1.8425E-09 1.9435E-09 2.0511E-09 2.1588E-09 2.2734E-09
