Assets/Resources/2015_m01_d15_1400(utc+0800)_l00_csi_1hr_conc.grd
DSAA
         159         159
     -79.000      79.000
     -79.000      79.000
  0.0000E+00  0.2146E-04
[rows 125 to 149 of 159, columns 0 to 56 of 159]
8.4332E-11 8.6693E-11 8.9089E-11 9.1565E-11 9.4078E-11 9.6625E-11 9.9258E-11 1.0237E-10 1.0468E-10 1.0790E-10 1.1077E-10 1.1368E-10 1.1799E-10 1.2062E-10 1.2466E-10 1.2923E-10 1.3348E-10 1.3740E-10 1.4227E-10 1.4642E-10 1.5157E-10 1.5564E-10 1.6108E-10 1.6612E-10 1.7084E-10 1.7792E-10 1.8346E-10 1.8914E-10 1.9812E-10 2.0589E-10 2.1628E-10 2.2556E-10 2.3865E-10 2.5470E-10 2.6666E-10 2.8403E-10 2.9713E-10 3.1066E-10 3.2480E-10 3.3866E-10 3.4860E-10 3.5788E-10 3.6736E-10 3.7705E-10 3.8694E-10 3.9704E-10 4.0911E-10 4.2057E-10 4.3225E-10 4.4377E-10 4.5744E-10 4.6890E-10 4.8213E-10 4.9399E-10 5.0707E-10 5.1983E-10 5.3388E-10
7.9657E-11 8.1863E-11 8.4145E-11 8.6881E-11 8.9259E-11 9.1278E-11 9.4159E-11 9.6683E-11 9.9290E-11 1.0234E-10 1.0462E-10 1.0780E-10 1.1102E-10 1.1437E-10 1.1776E-10 1.2165E-10 1.2569E-10 1.2935E-10 1.3313E-10 1.3858E-10 1.4279E-10 1.4686E-10 1.5268E-10 1.5676E-10 1.6191E-10 1.6695E-10 1.7242E-10 1.7779E-10 1.8477E-10 1.9353E-10 2.0097E-10 2.0963E-10 2.2017E-10 2.3284E-10 2.4837E-10 2.6068E-10 2.7329E-10 2.8575E-10 2.9877E-10 3.1230E-10 3.2587E-10 3.3607E-10 3.4487E-10 3.5385E-10 3.6301E-10 3.7235E-10 3.8187E-10 3.9157E-10 4.0144E-10 4.1148E-10 4.2169E-10 4.3206E-10 4.4259E-10 4.5426E-10 4.6512E-10 4.7712E-10 4.8828E-10
7.5121E-11 7.7232E-11 7.9762E-11 8.1950E-11 8.4212E-11 8.6308E-11 8.8629E-11 9.1029E-11 9.3459E-11 9.5972E-11 9.8912E-11 1.0110E-10 1.0417E-10 1.0750E-10 1.1030E-10 1.1400E-10 1.1733E-10 1.2124E-10 1.2565E-10 1.2907E-10 1.3347E-10 1.3842E-10 1.4211E-10 1.4777E-10 1.5237E-10 1.5671E-10 1.6255E-10 1.6689E-10 1.7351E-10 1.8034E-10 1.8735E-10 1.9676E-10 2.0444E-10 2.1595E-10 2.2672E-10 2.3940E-10 2.5282E-10 2.6338E-10 2.7818E-10 2.8913E-10 3.0097E-10 3.1154E-10 3.1956E-10 3.2773E-10 3.3607E-10 3.4542E-10 3.5584E-10 3.6561E-10 3.7468E-10 3.8480E-10 3.9419E-10 4.0373E-10 4.1340E-10 4.2322E-10 4.3315E-10 4.4321E-10 4.5339E-10
7.0218E-11 7.2581E-11 7.4588E-11 7.6667E-11 7.8976E-11 8.0752E-11 8.2957E-11 8.5589E-11 8.7497E-11 9.0250E-11 9.2647E-11 9.4876E-11 9.7777E-11 9.9718E-11 1.0355E-10 1.0663E-10 1.0940E-10 1.1345E-10 1.1699E-10 1.2021E-10 1.2452E-10 1.2795E-10 1.3274E-10 1.3720E-10 1.4133E-10 1.4712E-10 1.5149E-10 1.5782E-10 1.6274E-10 1.6776E-10 1.7437E-10 1.8113E-10 1.9167E-10 1.9762E-10 2.0867E-10 2.1898E-10 2.3037E-10 2.4247E-10 2.5392E-10 2.6673E-10 2.7611E-10 2.8648E-10 2.9555E-10 3.0459E-10 3.1387E-10 3.2251E-10 3.3050E-10 3.3861E-10 3.4687E-10 3.5525E-10 3.6377E-10 3.7241E-10 3.8211E-10 3.9101E-10 4.0100E-10 4.1014E-10 4.1939E-10
6.5524E-11 6.7011E-11 6.9291E-11 7.1599E-11 7.3214E-11 7.5631E-11 7.7507E-11 7.9243E-11 8.1779E-11 8.3976E-11 8.6045E-11 8.8716E-11 9.0677E-11 9.3470E-11 9.6070E-11 9.9012E-11 1.0197E-10 1.0540E-10 1.0875E-10 1.1194E-10 1.1503E-10 1.2007E-10 1.2334E-10 1.2711E-10 1.3226E-10 1.3624E-10 1.4100E-10 1.4563E-10 1.5111E-10 1.5607E-10 1.6176E-10 1.7100E-10 1.7624E-10 1.8503E-10 1.9203E-10 2.0132E-10 2.1260E-10 2.2354E-10 2.3483E-10 2.4448E-10 2.5436E-10 2.6239E-10 2.7299E-10 2.8285E-10 2.9060E-10 2.9771E-10 3.0493E-10 3.1228E-10 3.1974E-10 3.2821E-10 3.3682E-10 3.4558E-10 3.5357E-10 3.6257E-10 3.7078E-10 3.7908E-10 3.8746E-10
6.0683E-11 6.2432E-11 6.4210E-11 6.6393E-11 6.8270E-11 7.0168E-11 7.2137E-11 7.3925E-11 7.5935E-11 7.8018E-11 8.0517E-11 8.2094E-11 8.4662E-11 8.6921E-11 8.9213E-11 9.2707E-11 9.4526E-11 9.7774E-11 1.0146E-10 1.0388E-10 1.0755E-10 1.1071E-10 1.1455E-10 1.1870E-10 1.2189E-10 1.2604E-10 1.3093E-10 1.3491E-10 1.4025E-10 1.4489E-10 1.4943E-10 1.5662E-10 1.6381E-10 1.6952E-10 1.7835E-10 1.8636E-10 1.9532E-10 2.0473E-10 2.1368E-10 2.2436E-10 2.3485E-10 2.4415E-10 2.5171E-10 2.6169E-10 2.6801E-10 2.7443E-10 2.8096E-10 2.8759E-10 2.9516E-10 3.0288E-10 3.1073E-10 3.1870E-10 3.2592E-10 3.3410E-10 3.4151E-10 3.4900E-10 3.5656E-10
5.5542E-11 5.7870E-11 5.9191E-11 6.1262E-11 6.2992E-11 6.4790E-11 6.6982E-11 6.8492E-11 7.0396E-11 7.2691E-11 7.3898E-11 7.6298E-11 7.8364E-11 8.0247E-11 8.2770E-11 8.4596E-11 8.7965E-11 9.0638E-11 9.3020E-11 9.6131E-11 9.9411E-11 1.0218E-10 1.0573E-10 1.0890E-10 1.1289E-10 1.1632E-10 1.1969E-10 1.2409E-10 1.2704E-10 1.3377E-10 1.3913E-10 1.4404E-10 1.5040E-10 1.5666E-10 1.6210E-10 1.7036E-10 1.7957E-10 1.8609E-10 1.9544E-10 2.0647E-10 2.1529E-10 2.2317E-10 2.3114E-10 2.3941E-10 2.4666E-10 2.5245E-10 2.6145E-10 2.6831E-10 2.7449E-10 2.8076E-10 2.8712E-10 2.9356E-10 3.0007E-10 3.0667E-10 3.1333E-10 3.2005E-10 3.2777E-10
5.0584E-11 5.1756E-11 5.3996E-11 5.5584E-11 5.7227E-11 5.9230E-11 6.0588E-11 6.2689E-11 6.4469E-11 6.5932E-11 6.8130E-11 7.0011E-11 7.1965E-11 7.4276E-11 7.5932E-11 7.8349E-11 8.0722E-11 8.2886E-11 8.5443E-11 8.8203E-11 9.1079E-11 9.3832E-11 9.6693E-11 1.0112E-10 1.0391E-10 1.0696E-10 1.1122E-10 1.1344E-10 1.1789E-10 1.2107E-10 1.2572E-10 1.2946E-10 1.3509E-10 1.4330E-10 1.4953E-10 1.5700E-10 1.6384E-10 1.7138E-10 1.7754E-10 1.8534E-10 1.9542E-10 2.0188E-10 2.1050E-10 2.1742E-10 2.2621E-10 2.3533E-10 2.4073E-10 2.4643E-10 2.5199E-10 2.5762E-10 2.6333E-10 2.6993E-10 2.7664E-10 2.8260E-10 2.8947E-10 2.9557E-10 3.0258E-10
4.5456E-11 4.7168E-11 4.8937E-11 5.0423E-11 5.1934E-11 5.3815E-11 5.5616E-11 5.7230E-11 5.8910E-11 6.0813E-11 6.2523E-11 6.4301E-11 6.6457E-11 6.7740E-11 6.9734E-11 7.1659E-11 7.3608E-11 7.6298E-11 7.8358E-11 8.1043E-11 8.3526E-11 8.6496E-11 8.9877E-11 9.2591E-11 9.5889E-11 9.9485E-11 1.0154E-10 1.0586E-10 1.0873E-10 1.1244E-10 1.1682E-10 1.1966E-10 1.2332E-10 1.2787E-10 1.3264E-10 1.3887E-10 1.4942E-10 1.5627E-10 1.6320E-10 1.6900E-10 1.7706E-10 1.8534E-10 1.9075E-10 1.9626E-10 2.0174E-10 2.1052E-10 2.1615E-10 2.2116E-10 2.2896E-10 2.3492E-10 2.4181E-10 2.4803E-10 2.5411E-10 2.5970E-10 2.6512E-10 2.7140E-10 2.7692E-10
4.1790E-11 4.3509E-11 4.4849E-11 4.6875E-11 4.7968E-11 4.9751E-11 5.1215E-11 5.2741E-11 5.4626E-11 5.5881E-11 5.7496E-11 5.9465E-11 6.0814E-11 6.2876E-11 6.4627E-11 6.6400E-11 6.8232E-11 7.0086E-11 7.3007E-11 7.4620E-11 7.7310E-11 8.0380E-11 8.3202E-11 8.5630E-11 8.8750E-11 9.1462E-11 9.4903E-11 9.8238E-11 1.0111E-10 1.0370E-10 1.0723E-10 1.1127E-10 1.1476E-10 1.1780E-10 1.2212E-10 1.2708E-10 1.3304E-10 1.3946E-10 1.4393E-10 1.5135E-10 1.5887E-10 1.6745E-10 1.7411E-10 1.8098E-10 1.8614E-10 1.9123E-10 1.9692E-10 2.0142E-10 2.0599E-10 2.1039E-10 2.1721E-10 2.2250E-10 2.2809E-10 2.3379E-10 2.3934E-10 2.4417E-10 2.5006E-10
3.8425E-11 3.9897E-11 4.1748E-11 4.2719E-11 4.4671E-11 4.5706E-11 4.7533E-11 4.9257E-11 5.0387E-11 5.2195E-11 5.3704E-11 5.4922E-11 5.6805E-11 5.8397E-11 6.0054E-11 6.1720E-11 6.3405E-11 6.5468E-11 6.6907E-11 6.9580E-11 7.1756E-11 7.3672E-11 7.6965E-11 7.9303E-11 8.1736E-11 8.5569E-11 8.7290E-11 9.0576E-11 9.3619E-11 9.6343E-11 1.0013E-10 1.0227E-10 1.0612E-10 1.0943E-10 1.1215E-10 1.1696E-10 1.2146E-10 1.2672E-10 1.3280E-10 1.3746E-10 1.4309E-10 1.5049E-10 1.5495E-10 1.6168E-10 1.6594E-10 1.7250E-10 1.7689E-10 1.8134E-10 1.8538E-10 1.9355E-10 1.9882E-10 2.0293E-10 2.0731E-10 2.1149E-10 2.1594E-10 2.2019E-10 2.2523E-10
3.5378E-11 3.6787E-11 3.7907E-11 3.9688E-11 4.1036E-11 4.2598E-11 4.3884E-11 4.5217E-11 4.6866E-11 4.8234E-11 4.9662E-11 5.1098E-11 5.2246E-11 5.4044E-11 5.5887E-11 5.7129E-11 5.9009E-11 6.0306E-11 6.2271E-11 6.4573E-11 6.6304E-11 6.8704E-11 7.0802E-11 7.3337E-11 7.6102E-11 7.7736E-11 8.1404E-11 8.3833E-11 8.6274E-11 8.9829E-11 9.1740E-11 9.5203E-11 9.7719E-11 1.0100E-10 1.0398E-10 1.0730E-10 1.1124E-10 1.1534E-10 1.2044E-10 1.2537E-10 1.2959E-10 1.3529E-10 1.4179E-10 1.4684E-10 1.5200E-10 1.5595E-10 1.6028E-10 1.6440E-10 1.6831E-10 1.7229E-10 1.7677E-10 1.8129E-10 1.8514E-10 1.8927E-10 1.9448E-10 1.9955E-10 2.0466E-10
3.2247E-11 3.3522E-11 3.5239E-11 3.6346E-11 3.7761E-11 3.9223E-11 4.0429E-11 4.1964E-11 4.3201E-11 4.4494E-11 4.6110E-11 4.7269E-11 4.8633E-11 5.0311E-11 5.1427E-11 5.3184E-11 5.4227E-11 5.6014E-11 5.7550E-11 5.9100E-11 6.1292E-11 6.2927E-11 6.5211E-11 6.7198E-11 6.9609E-11 7.2367E-11 7.4537E-11 7.7267E-11 7.9566E-11 8.1871E-11 8.5384E-11 8.7171E-11 9.0449E-11 9.3506E-11 9.5777E-11 9.9201E-11 1.0237E-10 1.0543E-10 1.0941E-10 1.1420E-10 1.1871E-10 1.2315E-10 1.2817E-10 1.3245E-10 1.3625E-10 1.4078E-10 1.4370E-10 1.5039E-10 1.5444E-10 1.5802E-10 1.6150E-10 1.6474E-10 1.6826E-10 1.7203E-10 1.7560E-10 1.7918E-10 1.8302E-10
2.9276E-11 3.0735E-11 3.2078E-11 3.3338E-11 3.4660E-11 3.5740E-11 3.7429E-11 3.8398E-11 3.9865E-11 4.1335E-11 4.2264E-11 4.3806E-11 4.4782E-11 4.6073E-11 4.7793E-11 4.8841E-11 5.0511E-11 5.1902E-11 5.3303E-11 5.4755E-11 5.6217E-11 5.8601E-11 5.9713E-11 6.1751E-11 6.4236E-11 6.5916E-11 6.8537E-11 7.0585E-11 7.3304E-11 7.6068E-11 7.7645E-11 8.0844E-11 8.2955E-11 8.5600E-11 8.8486E-11 9.0743E-11 9.3822E-11 9.6803E-11 9.9666E-11 1.0403E-10 1.0788E-10 1.1052E-10 1.1490E-10 1.2112E-10 1.2497E-10 1.2850E-10 1.3276E-10 1.3544E-10 1.3816E-10 1.4105E-10 1.4425E-10 1.4719E-10 1.5101E-10 1.5589E-10 1.5912E-10 1.6326E-10 1.6742E-10
2.6738E-11 2.8074E-11 2.9209E-11 3.0261E-11 3.1462E-11 3.2996E-11 3.4031E-11 3.5361E-11 3.6438E-11 3.7675E-11 3.9073E-11 4.0065E-11 4.1533E-11 4.2731E-11 4.3668E-11 4.5183E-11 4.6163E-11 4.7748E-11 4.9058E-11 5.0377E-11 5.2021E-11 5.3118E-11 5.5385E-11 5.6973E-11 5.8466E-11 6.1133E-11 6.2970E-11 6.4887E-11 6.7308E-11 6.9254E-11 7.1868E-11 7.3972E-11 7.6355E-11 7.8803E-11 8.0809E-11 8.3526E-11 8.5630E-11 8.8653E-11 9.1015E-11 9.3971E-11 9.7150E-11 9.9950E-11 1.0412E-10 1.0836E-10 1.1167E-10 1.1434E-10 1.1793E-10 1.2053E-10 1.2467E-10 1.2891E-10 1.3275E-10 1.3557E-10 1.3813E-10 1.4071E-10 1.4345E-10 1.4619E-10 1.4908E-10
2.3718E-11 2.5068E-11 2.6122E-11 2.7474E-11 2.8616E-11 2.9770E-11 3.1082E-11 3.2061E-11 3.3326E-11 3.4626E-11 3.5399E-11 3.6725E-11 3.7800E-11 3.9052E-11 4.0304E-11 4.1178E-11 4.2612E-11 4.4083E-11 4.5025E-11 4.6257E-11 4.7494E-11 4.8915E-11 5.0231E-11 5.2085E-11 5.3703E-11 5.5102E-11 5.7631E-11 5.9357E-11 6.1160E-11 6.3964E-11 6.5264E-11 6.7590E-11 6.9369E-11 7.1738E-11 7.4169E-11 7.6034E-11 7.8985E-11 8.0980E-11 8.3015E-11 8.5488E-11 8.7587E-11 9.1327E-11 9.3803E-11 9.6157E-11 9.9307E-11 1.0165E-10 1.0402E-10 1.1098E-10 1.1310E-10 1.1523E-10 1.1739E-10 1.2028E-10 1.2247E-10 1.2468E-10 1.2786E-10 1.3138E-10 1.3480E-10
2.0601E-11 2.2113E-11 2.2994E-11 2.3988E-11 2.5001E-11 2.6631E-11 2.7495E-11 2.8790E-11 2.9961E-11 3.1072E-11 3.2303E-11 3.3020E-11 3.4446E-11 3.5736E-11 3.6517E-11 3.7576E-11 3.8386E-11 3.9737E-11 4.1252E-11 4.2126E-11 4.3279E-11 4.4435E-11 4.5894E-11 4.7126E-11 4.8872E-11 5.0667E-11 5.1697E-11 5.3954E-11 5.5935E-11 5.6873E-11 5.9654E-11 6.1419E-11 6.3174E-11 6.5392E-11 6.7239E-11 6.9516E-11 7.1041E-11 7.3603E-11 7.5454E-11 7.7666E-11 7.9754E-11 8.1482E-11 8.4057E-11 8.6028E-11 8.8479E-11 9.1190E-11 9.5074E-11 9.7402E-11 9.9774E-11 1.0174E-10 1.0357E-10 1.0585E-10 1.0979E-10 1.1262E-10 1.1549E-10 1.1854E-10 1.2083E-10
1.7932E-11 1.8915E-11 1.9950E-11 2.0779E-11 2.1942E-11 2.3233E-11 2.4222E-11 2.5193E-11 2.6254E-11 2.7611E-11 2.8405E-11 2.9733E-11 3.0888E-11 3.1572E-11 3.2959E-11 3.3679E-11 3.4666E-11 3.5910E-11 3.6680E-11 3.7980E-11 3.8784E-11 4.0093E-11 4.1192E-11 4.2294E-11 4.3917E-11 4.5077E-11 4.6761E-11 4.8188E-11 4.9963E-11 5.2007E-11 5.3048E-11 5.5672E-11 5.7318E-11 5.8752E-11 6.1140E-11 6.2342E-11 6.4466E-11 6.6061E-11 6.8647E-11 7.0148E-11 7.1645E-11 7.3201E-11 7.4964E-11 7.7859E-11 7.9877E-11 8.1319E-11 8.3620E-11 8.6200E-11 8.8798E-11 9.0585E-11 9.2912E-11 9.5363E-11 9.8150E-11 1.0068E-10 1.0237E-10 1.0405E-10 1.0604E-10
1.4906E-11 1.5968E-11 1.6896E-11 1.8010E-11 1.8789E-11 2.0090E-11 2.0953E-11 2.2046E-11 2.3019E-11 2.4125E-11 2.5410E-11 2.5980E-11 2.7240E-11 2.8323E-11 2.8949E-11 3.0085E-11 3.0922E-11 3.1839E-11 3.3002E-11 3.3890E-11 3.5108E-11 3.5846E-11 3.7069E-11 3.8090E-11 3.9111E-11 4.0632E-11 4.1708E-11 4.3283E-11 4.4611E-11 4.6078E-11 4.7994E-11 4.8947E-11 5.1414E-11 5.2944E-11 5.4457E-11 5.6883E-11 5.7983E-11 5.9959E-11 6.0799E-11 6.3207E-11 6.4781E-11 6.6347E-11 6.7971E-11 6.9586E-11 7.0789E-11 7.2050E-11 7.3527E-11 7.5018E-11 7.8497E-11 8.1102E-11 8.3352E-11 8.5418E-11 8.7902E-11 8.9350E-11 9.1396E-11 9.3000E-11 9.4456E-11
1.1862E-11 1.2966E-11 1.3730E-11 1.4840E-11 1.5733E-11 1.6985E-11 1.7931E-11 1.8851E-11 1.9715E-11 2.1135E-11 2.1858E-11 2.2995E-11 2.3890E-11 2.4850E-11 2.5862E-11 2.6433E-11 2.7644E-11 2.8478E-11 2.9275E-11 3.0362E-11 3.1007E-11 3.2143E-11 3.3048E-11 3.4142E-11 3.5087E-11 3.6030E-11 3.7685E-11 3.8445E-11 3.9916E-11 4.1616E-11 4.2698E-11 4.4490E-11 4.5831E-11 4.7674E-11 4.9092E-11 5.0116E-11 5.2175E-11 5.3174E-11 5.5006E-11 5.6037E-11 5.7945E-11 5.9368E-11 6.0938E-11 6.2542E-11 6.4014E-11 6.5324E-11 6.6458E-11 6.7589E-11 6.8530E-11 6.9986E-11 7.1983E-11 7.4034E-11 7.5895E-11 7.8588E-11 8.0234E-11 8.2971E-11 8.5091E-11
9.1272E-12 9.6979E-12 1.0869E-11 1.1579E-11 1.2495E-11 1.3460E-11 1.4642E-11 1.5663E-11 1.6387E-11 1.7466E-11 1.8671E-11 1.9476E-11 2.0517E-11 2.1496E-11 2.2220E-11 2.3159E-11 2.4119E-11 2.5111E-11 2.5880E-11 2.6437E-11 2.7599E-11 2.8338E-11 2.9395E-11 3.0230E-11 3.1061E-11 3.1931E-11 3.2796E-11 3.4341E-11 3.5030E-11 3.6397E-11 3.7979E-11 3.8973E-11 4.0641E-11 4.1879E-11 4.3592E-11 4.4900E-11 4.6013E-11 4.7823E-11 4.9026E-11 5.0717E-11 5.1951E-11 5.3054E-11 5.4352E-11 5.5319E-11 5.6463E-11 5.7437E-11 5.8408E-11 5.9002E-11 6.1413E-11 6.2770E-11 6.3387E-11 6.4754E-11 6.6688E-11 6.8686E-11 7.0825E-11 7.2756E-11 7.4054E-11
7.4198E-12 8.1028E-12 8.6351E-12 9.4936E-12 1.0304E-11 1.1217E-11 1.1857E-11 1.2524E-11 1.3484E-11 1.4151E-11 1.5383E-11 1.6441E-11 1.7043E-11 1.8015E-11 1.9163E-11 1.9742E-11 2.0610E-11 2.1597E-11 2.2435E-11 2.3137E-11 2.3636E-11 2.4875E-11 2.5631E-11 2.6377E-11 2.7139E-11 2.8056E-11 2.8851E-11 2.9803E-11 3.1242E-11 3.1863E-11 3.3129E-11 3.4827E-11 3.5507E-11 3.7056E-11 3.8193E-11 3.9780E-11 4.0808E-11 4.1984E-11 4.3658E-11 4.4464E-11 4.5715E-11 4.6810E-11 4.7642E-11 4.9256E-11 5.0439E-11 5.1640E-11 5.2321E-11 5.2999E-11 5.3857E-11 5.4517E-11 5.5360E-11 5.6193E-11 5.6628E-11 5.7819E-11 5.9597E-11 6.1968E-11 6.4959E-11
5.9840E-12 6.4449E-12 7.2462E-12 8.1266E-12 8.9537E-12 9.3313E-12 1.0250E-11 1.0659E-11 1.1281E-11 1.2056E-11 1.3060E-11 1.3715E-11 1.4576E-11 1.5271E-11 1.6038E-11 1.6976E-11 1.7506E-11 1.8306E-11 1.9084E-11 1.9857E-11 2.0495E-11 2.1246E-11 2.2103E-11 2.2790E-11 2.3466E-11 2.4634E-11 2.5324E-11 2.6049E-11 2.6986E-11 2.8101E-11 2.8655E-11 2.9822E-11 3.1397E-11 3.2004E-11 3.3434E-11 3.4473E-11 3.5570E-11 3.6658E-11 3.7769E-11 3.9250E-11 4.0365E-11 4.1502E-11 4.2483E-11 4.3224E-11 4.3961E-11 4.4512E-11 4.5242E-11 4.5967E-11 4.6496E-11 4.8051E-11 4.9471E-11 5.0208E-11 5.0740E-11 5.1455E-11 5.2157E-11 5.2651E-11 5.3331E-11
4.6360E-12 5.2022E-12 6.1720E-12 6.9259E-12 7.2418E-12 7.8893E-12 8.2339E-12 9.0978E-12 9.6130E-12 1.0481E-11 1.1220E-11 1.2179E-11 1.2656E-11 1.3327E-11 1.4027E-11 1.4549E-11 1.5285E-11 1.5776E-11 1.6669E-11 1.7246E-11 1.7967E-11 1.8550E-11 1.8945E-11 1.9888E-11 2.0515E-11 2.1288E-11 2.1917E-11 2.2539E-11 2.3357E-11 2.4379E-11 2.5049E-11 2.5898E-11 2.6971E-11 2.8075E-11 2.8606E-11 2.9543E-11 3.1233E-11 3.2234E-11 3.3224E-11 3.4236E-11 3.4846E-11 3.5275E-11 3.5882E-11 3.6485E-11 3.7086E-11 3.9383E-11 4.0447E-11 4.0899E-11 4.1533E-11 4.1970E-11 4.2588E-11 4.3198E-11 4.3797E-11 4.4384E-11 4.4760E-11 4.5852E-11 4.6422E-11
3.2441E-12 4.2906E-12 4.9668E-12 5.3694E-12 5.9461E-12 6.2316E-12 6.8349E-12 7.2890E-12 8.3888E-12 8.8804E-12 9.5721E-12 1.0129E-11 1.0893E-11 1.1329E-11 1.1951E-11 1.2945E-11 1.3383E-11 1.4071E-11 1.4532E-11 1.5222E-11 1.5909E-11 1.6431E-11 1.6965E-11 1.7478E-11 1.8206E-11 1.8780E-11 1.9340E-11 2.0074E-11 2.0472E-11 2.1065E-11 2.1670E-11 2.2629E-11 2.3227E-11 2.3851E-11 2.4486E-11 2.4930E-11 2.6898E-11 2.7380E-11 2.8265E-11 2.8757E-11 2.9247E-11 3.0536E-11 3.2261E-11 3.2795E-11 3.3325E-11 3.3851E-11 3.4372E-11 3.4510E-11 3.5018E-11 3.5518E-11 3.6454E-11 3.7845E-11 3.8799E-11 3.9104E-11 4.0055E-11 4.0341E-11 4.0818E-11
