Assets/Resources/2015_m01_d06_0500(utc+0800)_l00_csi_1hr_conc.grd
DSAA
         159         159
     -79.000      79.000
     -79.000      79.000
  0.0000E+00  0.9598E-05
[rows 0 to 24 of 159, columns 57 to 113 of 159]
0.0000E+00 0.0000E+00 1.0636E-11 4.5159E-11 1.1014E-10 1.9135E-10 3.0944E-10 4.6432E-10 6.7385E-10 9.4241E-10 1.2800E-09 1.6940E-09 2.1828E-09 2.7465E-09 3.3721E-09 4.0446E-09 4.7419E-09 5.4380E-09 6.1024E-09 6.7059E-09 7.2205E-09 7.6245E-09 7.8975E-09 8.0332E-09 8.0255E-09 7.8787E-09 7.6062E-09 7.2238E-09 6.7510E-09 6.2116E-09 5.6274E-09 5.0204E-09 4.4109E-09 3.8175E-09 3.2541E-09 2.7306E-09 2.2551E-09 1.8326E-09 1.4648E-09 1.1513E-09 8.8718E-10 6.7103E-10 4.9621E-10 3.5961E-10 2.5418E-10 1.7547E-10 1.1598E-10 7.4131E-11 4.4903E-11 2.3270E-11 1.0110E-11 3.0172E-12 7.4294E-13 0.0000E+00 0.0000E+00 0.0000E+00 0.0000E+00
0.0000E+00 0.0000E+00 1.3890E-11 5.8499E-11 1.2385E-10 2.1413E-10 3.4011E-10 5.1333E-10 7.4167E-10 1.0396E-09 1.4107E-09 1.8663E-09 2.4053E-09 3.0227E-09 3.7094E-09 4.4442E-09 5.2043E-09 5.9600E-09 6.6781E-09 7.3296E-09 7.8826E-09 8.3116E-09 8.5983E-09 8.7324E-09 8.7134E-09 8.5444E-09 8.2413E-09 7.8213E-09 7.3044E-09 6.7163E-09 6.0822E-09 5.4242E-09 4.7641E-09 4.1212E-09 3.5115E-09 2.9453E-09 2.4313E-09 1.9751E-09 1.5774E-09 1.2388E-09 9.5353E-10 7.2005E-10 5.3108E-10 3.8483E-10 2.7100E-10 1.8646E-10 1.2358E-10 7.8364E-11 4.6833E-11 2.4407E-11 1.0047E-11 2.5279E-12 1.8889E-13 0.0000E+00 0.0000E+00 0.0000E+00 0.0000E+00
0.0000E+00 0.0000E+00 1.9538E-11 6.9322E-11 1.3690E-10 2.3575E-10 3.7172E-10 5.5956E-10 8.0888E-10 1.1319E-09 1.5386E-09 2.0316E-09 2.6178E-09 3.2867E-09 4.0284E-09 4.8216E-09 5.6389E-09 6.4500E-09 7.2182E-09 7.9114E-09 8.4958E-09 8.9463E-09 9.2441E-09 9.3781E-09 9.3495E-09 9.1615E-09 8.8288E-09 8.3727E-09 7.8159E-09 7.1835E-09 6.5032E-09 5.7988E-09 5.0933E-09 4.4061E-09 3.7541E-09 3.1493E-09 2.5989E-09 2.1103E-09 1.6845E-09 1.3217E-09 1.0156E-09 7.6590E-10 5.6445E-10 4.0858E-10 2.8699E-10 1.9674E-10 1.2971E-10 8.1953E-11 4.8308E-11 2.4948E-11 9.9915E-12 1.8278E-12 0.0000E+00 0.0000E+00 0.0000E+00 0.0000E+00 0.0000E+00
0.0000E+00 1.2907E-12 2.8792E-11 7.7900E-11 1.5161E-10 2.5506E-10 4.0326E-10 6.0219E-10 8.7344E-10 1.2192E-09 1.6575E-09 2.1868E-09 2.8147E-09 3.5321E-09 4.3234E-09 5.1693E-09 6.0388E-09 6.8979E-09 7.7103E-09 8.4379E-09 9.0514E-09 9.5199E-09 9.8255E-09 9.9594E-09 9.9183E-09 9.7118E-09 9.3543E-09 8.8679E-09 8.2774E-09 7.6080E-09 6.8888E-09 6.1442E-09 5.3979E-09 4.6708E-09 3.9800E-09 3.3394E-09 2.7566E-09 2.2384E-09 1.7864E-09 1.3995E-09 1.0747E-09 8.0885E-10 5.9537E-10 4.3085E-10 3.0202E-10 2.0628E-10 1.3632E-10 8.4922E-11 4.9436E-11 2.5484E-11 9.7005E-12 9.9794E-13 0.0000E+00 0.0000E+00 0.0000E+00 0.0000E+00 0.0000E+00
0.0000E+00 3.2603E-12 3.5710E-11 8.5301E-11 1.6463E-10 2.7253E-10 4.3073E-10 6.4448E-10 9.3016E-10 1.3012E-09 1.7641E-09 2.3302E-09 2.9916E-09 3.7521E-09 4.5868E-09 5.4780E-09 6.3919E-09 7.2926E-09 8.1411E-09 8.8996E-09 9.5354E-09 1.0019E-08 1.0331E-08 1.0464E-08 1.0414E-08 1.0193E-08 9.8152E-09 9.3044E-09 8.6851E-09 7.9847E-09 7.2315E-09 6.4531E-09 5.6734E-09 4.9127E-09 4.1890E-09 3.5167E-09 2.9042E-09 2.3579E-09 1.8822E-09 1.4726E-09 1.1305E-09 8.5103E-10 6.2548E-10 4.5119E-10 3.1585E-10 2.1518E-10 1.4158E-10 8.7765E-11 5.0626E-11 2.5803E-11 9.5618E-12 4.3673E-13 0.0000E+00 0.0000E+00 0.0000E+00 0.0000E+00 0.0000E+00
0.0000E+00 8.7930E-12 4.0389E-11 9.6299E-11 1.7384E-10 2.9049E-10 4.5409E-10 6.8093E-10 9.8045E-10 1.3726E-09 1.8595E-09 2.4522E-09 3.1483E-09 3.9410E-09 4.8160E-09 5.7417E-09 6.6935E-09 7.6269E-09 8.5071E-09 9.2907E-09 9.9437E-09 1.0440E-08 1.0756E-08 1.0887E-08 1.0831E-08 1.0599E-08 1.0206E-08 9.6776E-09 9.0378E-09 8.3145E-09 7.5375E-09 6.7324E-09 5.9236E-09 5.1348E-09 4.3820E-09 3.6814E-09 3.0435E-09 2.4721E-09 1.9731E-09 1.5426E-09 1.1835E-09 8.9048E-10 6.5529E-10 4.7171E-10 3.3008E-10 2.2366E-10 1.4676E-10 9.0914E-11 5.1986E-11 2.6459E-11 9.4497E-12 7.9409E-13 0.0000E+00 0.0000E+00 0.0000E+00 0.0000E+00 0.0000E+00
0.0000E+00 1.2884E-11 4.5133E-11 1.0142E-10 1.8189E-10 3.0368E-10 4.7544E-10 7.1034E-10 1.0256E-09 1.4300E-09 1.9411E-09 2.5539E-09 3.2787E-09 4.0982E-09 5.0026E-09 5.9592E-09 6.9386E-09 7.8995E-09 8.8009E-09 9.6024E-09 1.0270E-08 1.0776E-08 1.1099E-08 1.1229E-08 1.1173E-08 1.0934E-08 1.0532E-08 9.9915E-09 9.3379E-09 8.5989E-09 7.8034E-09 6.9786E-09 6.1485E-09 5.3365E-09 4.5611E-09 3.8361E-09 3.1745E-09 2.5801E-09 2.0593E-09 1.6111E-09 1.2371E-09 9.3119E-10 6.8410E-10 4.9127E-10 3.4439E-10 2.3276E-10 1.5188E-10 9.3643E-11 5.3956E-11 2.7172E-11 9.8018E-12 1.2441E-12 0.0000E+00 0.0000E+00 0.0000E+00 0.0000E+00 0.0000E+00
1.1844E-12 1.5902E-11 5.1307E-11 1.0494E-10 1.9074E-10 3.1178E-10 4.9105E-10 7.3293E-10 1.0578E-09 1.4762E-09 2.0033E-09 2.6370E-09 3.3780E-09 4.2225E-09 5.1466E-09 6.1291E-09 7.1269E-09 8.1100E-09 9.0269E-09 9.8448E-09 1.0524E-08 1.1035E-08 1.1363E-08 1.1496E-08 1.1439E-08 1.1199E-08 1.0796E-08 1.0252E-08 9.5924E-09 8.8448E-09 8.0384E-09 7.2002E-09 6.3542E-09 5.5240E-09 4.7291E-09 3.9840E-09 3.3020E-09 2.6849E-09 2.1437E-09 1.6788E-09 1.2894E-09 9.7156E-10 7.1380E-10 5.1308E-10 3.5816E-10 2.4295E-10 1.5799E-10 9.7091E-11 5.6421E-11 2.8551E-11 1.0860E-11 1.8660E-12 0.0000E+00 0.0000E+00 0.0000E+00 0.0000E+00 0.0000E+00
2.4018E-12 1.8898E-11 5.3822E-11 1.0873E-10 1.9419E-10 3.1966E-10 5.0003E-10 7.4972E-10 1.0800E-09 1.5093E-09 2.0452E-09 2.6939E-09 3.4501E-09 4.3104E-09 5.2521E-09 6.2492E-09 7.2640E-09 8.2593E-09 9.1918E-09 1.0018E-08 1.0705E-08 1.1223E-08 1.1557E-08 1.1697E-08 1.1644E-08 1.1409E-08 1.1007E-08 1.0464E-08 9.8054E-09 9.0563E-09 8.2456E-09 7.4011E-09 6.5445E-09 5.7006E-09 4.8899E-09 4.1268E-09 3.4250E-09 2.7876E-09 2.2292E-09 1.7489E-09 1.3454E-09 1.0127E-09 7.4597E-10 5.3602E-10 3.7439E-10 2.5311E-10 1.6430E-10 1.0207E-10 5.9264E-11 2.9649E-11 1.2584E-11 2.5551E-12 0.0000E+00 0.0000E+00 0.0000E+00 0.0000E+00 0.0000E+00
3.1139E-12 2.1452E-11 5.4744E-11 1.1136E-10 1.9437E-10 3.2334E-10 5.0247E-10 7.5710E-10 1.0909E-09 1.5244E-09 2.0702E-09 2.7266E-09 3.4946E-09 4.3626E-09 5.3170E-09 6.3235E-09 7.3513E-09 8.3549E-09 9.2978E-09 1.0132E-08 1.0825E-08 1.1354E-08 1.1695E-08 1.1841E-08 1.1798E-08 1.1571E-08 1.1178E-08 1.0643E-08 9.9914E-09 9.2463E-09 8.4365E-09 7.5886E-09 6.7255E-09 5.8714E-09 5.0474E-09 4.2695E-09 3.5478E-09 2.8919E-09 2.3166E-09 1.8216E-09 1.4028E-09 1.0590E-09 7.8030E-10 5.5966E-10 3.9161E-10 2.6480E-10 1.7207E-10 1.0716E-10 6.1537E-11 3.1346E-11 1.3637E-11 3.1707E-12 0.0000E+00 0.0000E+00 0.0000E+00 0.0000E+00 0.0000E+00
4.4494E-12 2.2494E-11 5.5358E-11 1.0994E-10 1.9569E-10 3.2021E-10 5.0216E-10 7.5194E-10 1.0899E-09 1.5232E-09 2.0734E-09 2.7334E-09 3.5074E-09 4.3823E-09 5.3418E-09 6.3581E-09 7.3907E-09 8.4038E-09 9.3519E-09 1.0194E-08 1.0897E-08 1.1435E-08 1.1785E-08 1.1944E-08 1.1912E-08 1.1699E-08 1.1320E-08 1.0797E-08 1.0156E-08 9.4196E-09 8.6149E-09 7.7695E-09 6.9037E-09 6.0425E-09 5.2076E-09 4.4140E-09 3.6729E-09 3.0033E-09 2.4119E-09 1.9005E-09 1.4663E-09 1.1077E-09 8.1729E-10 5.8774E-10 4.1044E-10 2.7783E-10 1.8146E-10 1.1212E-10 6.4640E-11 3.3714E-11 1.5263E-11 4.1420E-12 0.0000E+00 0.0000E+00 0.0000E+00 0.0000E+00 0.0000E+00
4.6709E-12 2.1851E-11 5.4928E-11 1.0687E-10 1.9191E-10 3.1355E-10 4.9239E-10 7.4008E-10 1.0750E-09 1.5071E-09 2.0515E-09 2.7148E-09 3.4886E-09 4.3663E-09 5.3284E-09 6.3474E-09 7.3865E-09 8.4054E-09 9.3603E-09 1.0213E-08 1.0926E-08 1.1474E-08 1.1840E-08 1.2013E-08 1.1996E-08 1.1801E-08 1.1441E-08 1.0935E-08 1.0309E-08 9.5867E-09 8.7910E-09 7.9490E-09 7.0837E-09 6.2177E-09 5.3727E-09 4.5635E-09 3.8085E-09 3.1222E-09 2.5138E-09 1.9855E-09 1.5360E-09 1.1618E-09 8.5730E-10 6.1664E-10 4.3078E-10 2.9284E-10 1.9157E-10 1.1871E-10 6.8649E-11 3.6670E-11 1.6519E-11 4.7578E-12 0.0000E+00 0.0000E+00 0.0000E+00 0.0000E+00 0.0000E+00
4.5559E-12 2.1107E-11 5.2477E-11 1.0364E-10 1.8379E-10 3.0521E-10 4.7531E-10 7.2252E-10 1.0459E-09 1.4740E-09 2.0126E-09 2.6692E-09 3.4414E-09 4.3156E-09 5.2784E-09 6.2980E-09 7.3417E-09 8.3662E-09 9.3273E-09 1.0192E-08 1.0918E-08 1.1483E-08 1.1866E-08 1.2057E-08 1.2063E-08 1.1889E-08 1.1550E-08 1.1066E-08 1.0458E-08 9.7510E-09 8.9683E-09 8.1344E-09 7.2722E-09 6.4029E-09 5.5465E-09 4.7239E-09 3.9553E-09 3.2547E-09 2.6267E-09 2.0797E-09 1.6114E-09 1.2201E-09 9.0185E-10 6.4932E-10 4.5563E-10 3.0888E-10 2.0095E-10 1.2500E-10 7.3505E-11 3.9596E-11 1.7705E-11 5.1958E-12 0.0000E+00 0.0000E+00 0.0000E+00 0.0000E+00 0.0000E+00
4.0824E-12 1.9463E-11 4.8211E-11 9.7354E-11 1.7458E-10 2.9038E-10 4.5672E-10 6.9159E-10 1.0106E-09 1.4258E-09 1.9547E-09 2.5986E-09 3.3654E-09 4.2334E-09 5.1935E-09 6.2119E-09 7.2572E-09 8.2849E-09 9.2596E-09 1.0136E-08 1.0881E-08 1.1464E-08 1.1868E-08 1.2085E-08 1.2114E-08 1.1966E-08 1.1652E-08 1.1193E-08 1.0608E-08 9.9203E-09 9.1530E-09 8.3296E-09 7.4724E-09 6.5983E-09 5.7351E-09 4.9012E-09 4.1170E-09 3.3971E-09 2.7514E-09 2.1827E-09 1.6943E-09 1.2868E-09 9.5057E-10 6.8715E-10 4.8123E-10 3.2639E-10 2.1365E-10 1.3429E-10 7.8887E-11 4.2576E-11 1.9631E-11 6.1577E-12 1.1698E-13 0.0000E+00 0.0000E+00 0.0000E+00 0.0000E+00
3.3523E-12 1.6969E-11 4.3802E-11 8.9007E-11 1.6354E-10 2.7061E-10 4.3158E-10 6.5578E-10 9.6365E-10 1.3637E-09 1.8776E-09 2.5097E-09 3.2606E-09 4.1229E-09 5.0732E-09 6.0934E-09 7.1388E-09 8.1713E-09 9.1599E-09 1.0051E-08 1.0818E-08 1.1423E-08 1.1857E-08 1.2102E-08 1.2158E-08 1.2040E-08 1.1756E-08 1.1323E-08 1.0764E-08 1.0100E-08 9.3506E-09 8.5384E-09 7.6856E-09 6.8087E-09 5.9389E-09 5.0929E-09 4.2950E-09 3.5560E-09 2.8862E-09 2.2942E-09 1.7855E-09 1.3557E-09 1.0077E-09 7.2914E-10 5.1018E-10 3.4718E-10 2.2727E-10 1.4251E-10 8.4792E-11 4.5948E-11 2.1420E-11 6.9307E-12 3.0517E-13 0.0000E+00 0.0000E+00 0.0000E+00 0.0000E+00
2.1655E-12 1.4752E-11 3.8483E-11 7.9776E-11 1.4864E-10 2.5150E-10 4.0115E-10 6.1559E-10 9.0540E-10 1.2934E-09 1.7859E-09 2.4015E-09 3.1321E-09 3.9832E-09 4.9271E-09 5.9417E-09 6.9878E-09 8.0308E-09 9.0306E-09 9.9443E-09 1.0733E-08 1.1367E-08 1.1829E-08 1.2107E-08 1.2199E-08 1.2113E-08 1.1862E-08 1.1462E-08 1.0931E-08 1.0292E-08 9.5596E-09 8.7621E-09 7.9170E-09 7.0423E-09 6.1611E-09 5.3043E-09 4.4881E-09 3.7269E-09 3.0322E-09 2.4183E-09 1.8836E-09 1.4359E-09 1.0674E-09 7.7184E-10 5.4184E-10 3.7027E-10 2.4409E-10 1.5344E-10 9.1087E-11 4.9666E-11 2.3580E-11 8.0936E-12 7.2210E-13 0.0000E+00 0.0000E+00 0.0000E+00 0.0000E+00
1.1653E-12 1.1524E-11 3.2479E-11 6.9719E-11 1.3293E-10 2.2834E-10 3.6596E-10 5.6798E-10 8.4279E-10 1.2116E-09 1.6846E-09 2.2750E-09 2.9901E-09 3.8182E-09 4.7549E-09 5.7601E-09 6.8070E-09 7.8637E-09 8.8781E-09 9.8154E-09 1.0631E-08 1.1300E-08 1.1795E-08 1.2111E-08 1.2240E-08 1.2190E-08 1.1976E-08 1.1611E-08 1.1109E-08 1.0497E-08 9.7886E-09 9.0057E-09 8.1679E-09 7.2923E-09 6.4074E-09 5.5363E-09 4.7009E-09 3.9154E-09 3.1953E-09 2.5531E-09 1.9961E-09 1.5251E-09 1.1342E-09 8.2213E-10 5.7857E-10 3.9497E-10 2.5965E-10 1.6372E-10 9.7922E-11 5.3738E-11 2.5842E-11 9.2063E-12 9.8187E-13 0.0000E+00 0.0000E+00 0.0000E+00 0.0000E+00
2.5565E-13 7.9447E-12 2.6775E-11 5.9479E-11 1.1549E-10 2.0190E-10 3.3246E-10 5.1526E-10 7.7674E-10 1.1198E-09 1.5719E-09 2.1391E-09 2.8290E-09 3.6383E-09 4.5596E-09 5.5560E-09 6.6058E-09 7.6690E-09 8.7030E-09 9.6645E-09 1.0514E-08 1.1216E-08 1.1753E-08 1.2109E-08 1.2279E-08 1.2272E-08 1.2097E-08 1.1769E-08 1.1303E-08 1.0718E-08 1.0036E-08 9.2693E-09 8.4438E-09 7.5632E-09 6.6671E-09 5.7808E-09 4.9245E-09 4.1112E-09 3.3689E-09 2.7017E-09 2.1154E-09 1.6164E-09 1.2076E-09 8.7704E-10 6.1954E-10 4.2357E-10 2.7976E-10 1.7650E-10 1.0525E-10 5.8167E-11 2.8380E-11 1.0267E-11 1.5652E-12 0.0000E+00 0.0000E+00 0.0000E+00 0.0000E+00
0.0000E+00 4.5721E-12 1.9870E-11 4.8192E-11 9.7949E-11 1.7641E-10 2.9391E-10 4.6382E-10 7.0319E-10 1.0280E-09 1.4524E-09 1.9949E-09 2.6559E-09 3.4444E-09 4.3442E-09 5.3307E-09 6.3821E-09 7.4537E-09 8.5086E-09 9.4955E-09 1.0380E-08 1.1121E-08 1.1704E-08 1.2104E-08 1.2322E-08 1.2359E-08 1.2227E-08 1.1939E-08 1.1514E-08 1.0961E-08 1.0304E-08 9.5568E-09 8.7341E-09 7.8531E-09 6.9501E-09 6.0456E-09 5.1682E-09 4.3353E-09 3.5622E-09 2.8595E-09 2.2462E-09 1.7239E-09 1.2883E-09 9.3751E-10 6.6215E-10 4.5455E-10 2.9958E-10 1.8959E-10 1.1340E-10 6.2759E-11 3.0755E-11 1.1578E-11 1.8992E-12 0.0000E+00 0.0000E+00 0.0000E+00 0.0000E+00
0.0000E+00 1.3119E-12 1.3414E-11 3.8381E-11 8.0605E-11 1.5029E-10 2.5453E-10 4.0955E-10 6.2862E-10 9.3184E-10 1.3282E-09 1.8436E-09 2.4772E-09 3.2385E-09 4.1146E-09 5.0957E-09 6.1411E-09 7.2252E-09 8.2928E-09 9.3118E-09 1.0232E-08 1.1020E-08 1.1647E-08 1.2100E-08 1.2368E-08 1.2453E-08 1.2371E-08 1.2128E-08 1.1739E-08 1.1221E-08 1.0589E-08 9.8556E-09 9.0381E-09 8.1558E-09 7.2459E-09 6.3320E-09 5.4309E-09 4.5651E-09 3.7602E-09 3.0307E-09 2.3877E-09 1.8365E-09 1.3779E-09 1.0049E-09 7.1150E-10 4.8765E-10 3.2326E-10 2.0528E-10 1.2258E-10 6.7846E-11 3.3543E-11 1.3092E-11 2.4475E-12 0.0000E+00 0.0000E+00 0.0000E+00 0.0000E+00
0.0000E+00 0.0000E+00 8.1045E-12 2.8015E-11 6.3769E-11 1.2487E-10 2.1729E-10 3.5567E-10 5.5756E-10 8.3218E-10 1.2060E-09 1.6868E-09 2.2951E-09 3.0245E-09 3.8760E-09 4.8422E-09 5.8853E-09 6.9769E-09 8.0644E-09 9.1146E-09 1.0073E-08 1.0908E-08 1.1585E-08 1.2094E-08 1.2415E-08 1.2554E-08 1.2523E-08 1.2328E-08 1.1978E-08 1.1495E-08 1.0882E-08 1.0164E-08 9.3533E-09 8.4817E-09 7.5679E-09 6.6329E-09 5.7052E-09 4.8179E-09 3.9834E-09 3.2208E-09 2.5456E-09 1.9621E-09 1.4728E-09 1.0756E-09 7.6389E-10 5.2542E-10 3.4712E-10 2.2030E-10 1.3351E-10 7.4261E-11 3.6494E-11 1.4345E-11 3.0530E-12 0.0000E+00 0.0000E+00 0.0000E+00 0.0000E+00
0.0000E+00 0.0000E+00 2.6237E-12 1.8266E-11 4.8401E-11 1.0105E-10 1.8220E-10 3.0274E-10 4.8488E-10 7.3575E-10 1.0810E-09 1.5327E-09 2.1078E-09 2.8047E-09 3.6353E-09 4.5802E-09 5.6220E-09 6.7149E-09 7.8267E-09 8.9031E-09 9.9067E-09 1.0790E-08 1.1524E-08 1.2087E-08 1.2468E-08 1.2666E-08 1.2684E-08 1.2535E-08 1.2224E-08 1.1772E-08 1.1186E-08 1.0490E-08 9.6992E-09 8.8271E-09 7.8961E-09 6.9506E-09 6.0067E-09 5.0874E-09 4.2214E-09 3.4246E-09 2.7129E-09 2.0983E-09 1.5800E-09 1.1565E-09 8.2089E-10 5.6554E-10 3.7648E-10 2.3889E-10 1.4334E-10 8.1152E-11 4.0725E-11 1.6112E-11 3.8853E-12 0.0000E+00 0.0000E+00 0.0000E+00 0.0000E+00
0.0000E+00 0.0000E+00 0.0000E+00 1.0547E-11 3.4433E-11 7.9249E-11 1.4775E-10 2.5562E-10 4.1552E-10 6.4579E-10 9.5740E-10 1.3821E-09 1.9196E-09 2.5848E-09 3.3898E-09 4.3127E-09 5.3465E-09 6.4443E-09 7.5743E-09 8.6824E-09 9.7291E-09 1.0663E-08 1.1457E-08 1.2078E-08 1.2524E-08 1.2779E-08 1.2851E-08 1.2750E-08 1.2481E-08 1.2064E-08 1.1513E-08 1.0835E-08 1.0051E-08 9.1840E-09 8.2585E-09 7.2966E-09 6.3295E-09 5.3844E-09 4.4807E-09 3.6468E-09 2.8985E-09 2.2444E-09 1.6945E-09 1.2432E-09 8.8527E-10 6.0982E-10 4.0452E-10 2.5948E-10 1.5754E-10 8.8786E-11 4.5758E-11 1.8608E-11 4.9662E-12 0.0000E+00 0.0000E+00 0.0000E+00 0.0000E+00
0.0000E+00 0.0000E+00 0.0000E+00 3.9798E-12 2.2096E-11 5.9029E-11 1.1837E-10 2.1105E-10 3.5235E-10 5.5654E-10 8.4454E-10 1.2325E-09 1.7338E-09 2.3710E-09 3.1400E-09 4.0464E-09 5.0608E-09 6.1668E-09 7.3088E-09 8.4527E-09 9.5395E-09 1.0531E-08 1.1381E-08 1.2070E-08 1.2579E-08 1.2896E-08 1.3024E-08 1.2967E-08 1.2752E-08 1.2373E-08 1.1848E-08 1.1194E-08 1.0434E-08 9.5757E-09 8.6416E-09 7.6695E-09 6.6787E-09 5.6996E-09 4.7631E-09 3.8888E-09 3.0990E-09 2.4088E-09 1.8210E-09 1.3379E-09 9.5511E-10 6.6023E-10 4.4012E-10 2.8070E-10 1.7099E-10 9.7714E-11 5.0680E-11 2.1992E-11 6.3773E-12 0.0000E+00 0.0000E+00 0.0000E+00 0.0000E+00
0.0000E+00 0.0000E+00 0.0000E+00 0.0000E+00 1.2174E-11 4.1955E-11 9.1253E-11 1.7075E-10 2.9512E-10 4.7468E-10 7.3619E-10 1.0883E-09 1.5551E-09 2.1576E-09 2.8945E-09 3.7730E-09 4.7731E-09 5.8777E-09 7.0358E-09 8.2085E-09 9.3400E-09 1.0387E-08 1.1298E-08 1.2058E-08 1.2632E-08 1.3011E-08 1.3202E-08 1.3204E-08 1.3029E-08 1.2681E-08 1.2198E-08 1.1575E-08 1.0831E-08 9.9852E-09 9.0505E-09 8.0624E-09 7.0522E-09 6.0440E-09 5.0652E-09 4.1494E-09 3.3171E-09 2.5832E-09 1.9603E-09 1.4428E-09 1.0309E-09 7.1368E-10 4.7720E-10 3.0617E-10 1.8750E-10 1.0845E-10 5.6730E-11 2.5207E-11 8.3912E-12 0.0000E+00 0.0000E+00 0.0000E+00 0.0000E+00
