Assets/Resources/2015_m01_d18_0700(utc+0800)_l00_csi_1hr_conc.grd
DSAA
         159         159
     -79.000      79.000
     -79.000      79.000
  0.5150E-10  0.3909E-05
[rows 125 to 149 of 159, columns 57 to 113 of 159]
1.6300E-09 1.6729E-09 1.7162E-09 1.7593E-09 1.8030E-09 1.8470E-09 1.8909E-09 1.9360E-09 1.9810E-09 2.0258E-09 2.0713E-09 2.1171E-09 2.1632E-09 2.2096E-09 2.2556E-09 2.3025E-09 2.3497E-09 2.3965E-09 2.4429E-09 2.4908E-09 2.5389E-09 2.5866E-09 2.6339E-09 2.6828E-09 2.7320E-09 2.7808E-09 2.8290E-09 2.8782E-09 2.9286E-09 2.9837E-09 3.0462E-09 3.1158E-09 3.1879E-09 3.2620E-09 3.3500E-09 3.4575E-09 3.5941E-09 3.7660E-09 3.9799E-09 4.2305E-09 4.5171E-09 4.8378E-09 5.2008E-09 5.6010E-09 6.0437E-09 6.5332E-09 7.0676E-09 7.6361E-09 8.3703E-09 9.1001E-09 9.9762E-09 1.0782E-08 1.1638E-08 1.2541E-08 1.3483E-08 1.4557E-08 1.5704E-08
1.6009E-09 1.6423E-09 1.6853E-09 1.7274E-09 1.7702E-09 1.8132E-09 1.8562E-09 1.8999E-09 1.9438E-09 1.9881E-09 2.0327E-09 2.0775E-09 2.1221E-09 2.1675E-09 2.2131E-09 2.2584E-09 2.3046E-09 2.3510E-09 2.3965E-09 2.4433E-09 2.4905E-09 2.5373E-09 2.5836E-09 2.6315E-09 2.6797E-09 2.7274E-09 2.7747E-09 2.8230E-09 2.8723E-09 2.9237E-09 2.9800E-09 3.0404E-09 3.1080E-09 3.1791E-09 3.2556E-09 3.3475E-09 3.4649E-09 3.6130E-09 3.7915E-09 4.0156E-09 4.2633E-09 4.5631E-09 4.8773E-09 5.2331E-09 5.6274E-09 6.0680E-09 6.5472E-09 7.0632E-09 7.7452E-09 8.5477E-09 9.2649E-09 1.0036E-08 1.0859E-08 1.1742E-08 1.2674E-08 1.3741E-08 1.4978E-08
1.5721E-09 1.6125E-09 1.6540E-09 1.6958E-09 1.7371E-09 1.7793E-09 1.8217E-09 1.8644E-09 1.9075E-09 1.9503E-09 1.9939E-09 2.0383E-09 2.0819E-09 2.1262E-09 2.1709E-09 2.2153E-09 2.2604E-09 2.3059E-09 2.3504E-09 2.3962E-09 2.4424E-09 2.4882E-09 2.5335E-09 2.5804E-09 2.6277E-09 2.6745E-09 2.7207E-09 2.7680E-09 2.8164E-09 2.8661E-09 2.9198E-09 2.9718E-09 3.0303E-09 3.0909E-09 3.1554E-09 3.2338E-09 3.3325E-09 3.4577E-09 3.6122E-09 3.8079E-09 4.0246E-09 4.2837E-09 4.5684E-09 4.8860E-09 5.2402E-09 5.6295E-09 6.0612E-09 6.5282E-09 7.1653E-09 7.9358E-09 8.6127E-09 9.3527E-09 1.0151E-08 1.1006E-08 1.1951E-08 1.3008E-08 1.4288E-08
1.5434E-09 1.5823E-09 1.6235E-09 1.6644E-09 1.7043E-09 1.7460E-09 1.7876E-09 1.8288E-09 1.8714E-09 1.9133E-09 1.9559E-09 1.9988E-09 2.0414E-09 2.0854E-09 2.1291E-09 2.1719E-09 2.2167E-09 2.2611E-09 2.3046E-09 2.3489E-09 2.3947E-09 2.4395E-09 2.4839E-09 2.5291E-09 2.5760E-09 2.6219E-09 2.6672E-09 2.7126E-09 2.7608E-09 2.8085E-09 2.8559E-09 2.9088E-09 2.9633E-09 3.0207E-09 3.0801E-09 3.1519E-09 3.2323E-09 3.3422E-09 3.4729E-09 3.6344E-09 3.8319E-09 4.0702E-09 4.3126E-09 4.6003E-09 4.9230E-09 5.2792E-09 5.6692E-09 6.1520E-09 6.7528E-09 7.4351E-09 8.0754E-09 8.7754E-09 9.5358E-09 1.0354E-08 1.1308E-08 1.2391E-08 1.3623E-08
1.5151E-09 1.5531E-09 1.5927E-09 1.6333E-09 1.6724E-09 1.7126E-09 1.7537E-09 1.7941E-09 1.8352E-09 1.8766E-09 1.9183E-09 1.9603E-09 2.0019E-09 2.0444E-09 2.0876E-09 2.1295E-09 2.1727E-09 2.2162E-09 2.2593E-09 2.3026E-09 2.3468E-09 2.3913E-09 2.4347E-09 2.4790E-09 2.5242E-09 2.5697E-09 2.6140E-09 2.6585E-09 2.7049E-09 2.7516E-09 2.7979E-09 2.8436E-09 2.8971E-09 2.9534E-09 3.0092E-09 3.0712E-09 3.1451E-09 3.2380E-09 3.3502E-09 3.4929E-09 3.6683E-09 3.8799E-09 4.0998E-09 4.3510E-09 4.6456E-09 4.9664E-09 5.3144E-09 5.8198E-09 6.3935E-09 6.9885E-09 7.5903E-09 8.2526E-09 8.9753E-09 9.7582E-09 1.0686E-08 1.1830E-08 1.2663E-08
1.4869E-09 1.5241E-09 1.5628E-09 1.6019E-09 1.6407E-09 1.6801E-09 1.7197E-09 1.7591E-09 1.7999E-09 1.8404E-09 1.8805E-09 1.9216E-09 1.9628E-09 2.0043E-09 2.0461E-09 2.0876E-09 2.1298E-09 2.1723E-09 2.2145E-09 2.2562E-09 2.3000E-09 2.3435E-09 2.3860E-09 2.4285E-09 2.4735E-09 2.5180E-09 2.5614E-09 2.6049E-09 2.6503E-09 2.6961E-09 2.7416E-09 2.7867E-09 2.8352E-09 2.8852E-09 2.9381E-09 2.9947E-09 3.0564E-09 3.1373E-09 3.2353E-09 3.3573E-09 3.5114E-09 3.6886E-09 3.8888E-09 4.1181E-09 4.3797E-09 4.6771E-09 5.0013E-09 5.5334E-09 6.0833E-09 6.5903E-09 7.1552E-09 7.7800E-09 8.4659E-09 9.2498E-09 9.9384E-09 1.0586E-08 1.1347E-08
1.4585E-09 1.4955E-09 1.5327E-09 1.5715E-09 1.6094E-09 1.6473E-09 1.6866E-09 1.7251E-09 1.7644E-09 1.8045E-09 1.8433E-09 1.8838E-09 1.9241E-09 1.9642E-09 2.0055E-09 2.0461E-09 2.0868E-09 2.1289E-09 2.1701E-09 2.2110E-09 2.2532E-09 2.2963E-09 2.3378E-09 2.3794E-09 2.4226E-09 2.4669E-09 2.5093E-09 2.5520E-09 2.5958E-09 2.6417E-09 2.6866E-09 2.7308E-09 2.7752E-09 2.8257E-09 2.8749E-09 2.9283E-09 2.9862E-09 3.0545E-09 3.1379E-09 3.2474E-09 3.3805E-09 3.5365E-09 3.7222E-09 3.9235E-09 4.1563E-09 4.4223E-09 4.7761E-09 5.2972E-09 5.7709E-09 6.2449E-09 6.7754E-09 7.3636E-09 7.8140E-09 8.2846E-09 8.9718E-09 9.7364E-09 1.0509E-08
1.4310E-09 1.4671E-09 1.5029E-09 1.5408E-09 1.5784E-09 1.6150E-09 1.6533E-09 1.6915E-09 1.7294E-09 1.7685E-09 1.8069E-09 1.8460E-09 1.8860E-09 1.9245E-09 1.9650E-09 2.0051E-09 2.0449E-09 2.0855E-09 2.1263E-09 2.1662E-09 2.2075E-09 2.2490E-09 2.2902E-09 2.3309E-09 2.3731E-09 2.4159E-09 2.4583E-09 2.5003E-09 2.5434E-09 2.5876E-09 2.6323E-09 2.6756E-09 2.7190E-09 2.7653E-09 2.8141E-09 2.8652E-09 2.9172E-09 2.9769E-09 3.0528E-09 3.1412E-09 3.2598E-09 3.4050E-09 3.5601E-09 3.7528E-09 3.9649E-09 4.2038E-09 4.5944E-09 5.0909E-09 5.4961E-09 5.9382E-09 6.2838E-09 6.6182E-09 7.0395E-09 7.5931E-09 8.3808E-09 9.1115E-09 9.7886E-09
1.4033E-09 1.4391E-09 1.4740E-09 1.5104E-09 1.5478E-09 1.5836E-09 1.6210E-09 1.6583E-09 1.6948E-09 1.7335E-09 1.7710E-09 1.8092E-09 1.8477E-09 1.8859E-09 1.9254E-09 1.9646E-09 2.0029E-09 2.0431E-09 2.0831E-09 2.1220E-09 2.1617E-09 2.2030E-09 2.2432E-09 2.2831E-09 2.3240E-09 2.3666E-09 2.4084E-09 2.4496E-09 2.4910E-09 2.5351E-09 2.5787E-09 2.6210E-09 2.6636E-09 2.7088E-09 2.7545E-09 2.8035E-09 2.8539E-09 2.9079E-09 2.9716E-09 3.0519E-09 3.1546E-09 3.2824E-09 3.4301E-09 3.5959E-09 3.7852E-09 4.0599E-09 4.4302E-09 4.8666E-09 5.1336E-09 5.4065E-09 5.7346E-09 6.1117E-09 6.5636E-09 7.1074E-09 7.8479E-09 8.4847E-09 9.0736E-09
1.3759E-09 1.4115E-09 1.4455E-09 1.4811E-09 1.5177E-09 1.5526E-09 1.5887E-09 1.6255E-09 1.6612E-09 1.6985E-09 1.7357E-09 1.7725E-09 1.8105E-09 1.8479E-09 1.8859E-09 1.9247E-09 1.9622E-09 2.0009E-09 2.0404E-09 2.0785E-09 2.1166E-09 2.1570E-09 2.1972E-09 2.2365E-09 2.2759E-09 2.3177E-09 2.3593E-09 2.3996E-09 2.4400E-09 2.4823E-09 2.5259E-09 2.5672E-09 2.6087E-09 2.6518E-09 2.6978E-09 2.7433E-09 2.7930E-09 2.8420E-09 2.8990E-09 2.9687E-09 3.0651E-09 3.1799E-09 3.3061E-09 3.4542E-09 3.6331E-09 3.9387E-09 4.2220E-09 4.4741E-09 4.7375E-09 5.0331E-09 5.3574E-09 5.7133E-09 6.1493E-09 6.6852E-09 7.3284E-09 7.8589E-09 8.5864E-09
1.3488E-09 1.3842E-09 1.4175E-09 1.4510E-09 1.4873E-09 1.5220E-09 1.5563E-09 1.5927E-09 1.6280E-09 1.6640E-09 1.7007E-09 1.7362E-09 1.7734E-09 1.8103E-09 1.8469E-09 1.8848E-09 1.9219E-09 1.9592E-09 1.9978E-09 2.0357E-09 2.0732E-09 2.1129E-09 2.1524E-09 2.1908E-09 2.2294E-09 2.2703E-09 2.3109E-09 2.3503E-09 2.3899E-09 2.4304E-09 2.4729E-09 2.5142E-09 2.5548E-09 2.5955E-09 2.6405E-09 2.6857E-09 2.7319E-09 2.7798E-09 2.8324E-09 2.8947E-09 2.9720E-09 3.0793E-09 3.1940E-09 3.3223E-09 3.4853E-09 3.7252E-09 3.9908E-09 4.2161E-09 4.4622E-09 4.7384E-09 5.0514E-09 5.3815E-09 5.7680E-09 6.3215E-09 6.9574E-09 7.7216E-09 8.2160E-09
1.3221E-09 1.3567E-09 1.3898E-09 1.4225E-09 1.4573E-09 1.4918E-09 1.5253E-09 1.5604E-09 1.5954E-09 1.6300E-09 1.6659E-09 1.7010E-09 1.7368E-09 1.7734E-09 1.8085E-09 1.8456E-09 1.8823E-09 1.9182E-09 1.9568E-09 1.9940E-09 2.0308E-09 2.0690E-09 2.1083E-09 2.1459E-09 2.1836E-09 2.2229E-09 2.2632E-09 2.3017E-09 2.3403E-09 2.3792E-09 2.4215E-09 2.4618E-09 2.5015E-09 2.5414E-09 2.5840E-09 2.6294E-09 2.6737E-09 2.7197E-09 2.7687E-09 2.8216E-09 2.8859E-09 2.9858E-09 3.0988E-09 3.2143E-09 3.3678E-09 3.5714E-09 3.7975E-09 4.0073E-09 4.2364E-09 4.4851E-09 4.7700E-09 5.0900E-09 5.4808E-09 6.2441E-09 6.6563E-09 7.0817E-09 7.5525E-09
1.2964E-09 1.3296E-09 1.3625E-09 1.3944E-09 1.4278E-09 1.4621E-09 1.4948E-09 1.5286E-09 1.5632E-09 1.5965E-09 1.6315E-09 1.6663E-09 1.7007E-09 1.7369E-09 1.7713E-09 1.8070E-09 1.8437E-09 1.8789E-09 1.9162E-09 1.9531E-09 1.9892E-09 2.0253E-09 2.0642E-09 2.1016E-09 2.1385E-09 2.1761E-09 2.2155E-09 2.2539E-09 2.2917E-09 2.3295E-09 2.3701E-09 2.4103E-09 2.4491E-09 2.4882E-09 2.5288E-09 2.5735E-09 2.6176E-09 2.6622E-09 2.7072E-09 2.7561E-09 2.8179E-09 2.9083E-09 3.0021E-09 3.1058E-09 3.2579E-09 3.4362E-09 3.6247E-09 3.8219E-09 4.0332E-09 4.2680E-09 4.5287E-09 4.8607E-09 5.3447E-09 5.7866E-09 6.1659E-09 6.5839E-09 7.0351E-09
1.2711E-09 1.3023E-09 1.3356E-09 1.3668E-09 1.3981E-09 1.4329E-09 1.4648E-09 1.4968E-09 1.5315E-09 1.5641E-09 1.5977E-09 1.6322E-09 1.6653E-09 1.7007E-09 1.7350E-09 1.7695E-09 1.8059E-09 1.8404E-09 1.8757E-09 1.9130E-09 1.9481E-09 1.9835E-09 2.0209E-09 2.0580E-09 2.0940E-09 2.1302E-09 2.1686E-09 2.2067E-09 2.2437E-09 2.2807E-09 2.3196E-09 2.3597E-09 2.3979E-09 2.4361E-09 2.4745E-09 2.5186E-09 2.5618E-09 2.6063E-09 2.6502E-09 2.6957E-09 2.7458E-09 2.8256E-09 2.9247E-09 3.0137E-09 3.1417E-09 3.3089E-09 3.4787E-09 3.6627E-09 3.8620E-09 4.0803E-09 4.3232E-09 4.6436E-09 5.0490E-09 5.4239E-09 5.7861E-09 6.1714E-09 6.5740E-09
1.2462E-09 1.2760E-09 1.3085E-09 1.3396E-09 1.3702E-09 1.4028E-09 1.4352E-09 1.4665E-09 1.4994E-09 1.5321E-09 1.5640E-09 1.5987E-09 1.6312E-09 1.6649E-09 1.6995E-09 1.7327E-09 1.7684E-09 1.8026E-09 1.8364E-09 1.8728E-09 1.9078E-09 1.9423E-09 1.9782E-09 2.0151E-09 2.0503E-09 2.0855E-09 2.1224E-09 2.1604E-09 2.1965E-09 2.2328E-09 2.2693E-09 2.3094E-09 2.3474E-09 2.3850E-09 2.4227E-09 2.4645E-09 2.5067E-09 2.5489E-09 2.5943E-09 2.6387E-09 2.6835E-09 2.7414E-09 2.8411E-09 2.9343E-09 3.0404E-09 3.1874E-09 3.3437E-09 3.5219E-09 3.7051E-09 3.9081E-09 4.1313E-09 4.4271E-09 4.7932E-09 5.1081E-09 5.4338E-09 5.7829E-09 6.1518E-09
1.2216E-09 1.2508E-09 1.2819E-09 1.3128E-09 1.3427E-09 1.3733E-09 1.4061E-09 1.4367E-09 1.4683E-09 1.5008E-09 1.5321E-09 1.5656E-09 1.5979E-09 1.6298E-09 1.6647E-09 1.6971E-09 1.7313E-09 1.7654E-09 1.7984E-09 1.8334E-09 1.8681E-09 1.9018E-09 1.9356E-09 1.9728E-09 2.0072E-09 2.0417E-09 2.0764E-09 2.1149E-09 2.1504E-09 2.1859E-09 2.2215E-09 2.2600E-09 2.2982E-09 2.3349E-09 2.3718E-09 2.4103E-09 2.4541E-09 2.4951E-09 2.5375E-09 2.5804E-09 2.6243E-09 2.6727E-09 2.7591E-09 2.8664E-09 2.9630E-09 3.0813E-09 3.2240E-09 3.3865E-09 3.5624E-09 3.7521E-09 3.9609E-09 4.2444E-09 4.5501E-09 4.8219E-09 5.1161E-09 5.4348E-09 5.7794E-09
1.1975E-09 1.2259E-09 1.2551E-09 1.2864E-09 1.3156E-09 1.3449E-09 1.3775E-09 1.4074E-09 1.4375E-09 1.4703E-09 1.5009E-09 1.5326E-09 1.5652E-09 1.5964E-09 1.6299E-09 1.6621E-09 1.6939E-09 1.7287E-09 1.7610E-09 1.7940E-09 1.8290E-09 1.8619E-09 1.8950E-09 1.9301E-09 1.9649E-09 1.9987E-09 2.0327E-09 2.0697E-09 2.1050E-09 2.1398E-09 2.1749E-09 2.2117E-09 2.2498E-09 2.2858E-09 2.3220E-09 2.3583E-09 2.4014E-09 2.4425E-09 2.4837E-09 2.5255E-09 2.5686E-09 2.6127E-09 2.7040E-09 2.7941E-09 2.8880E-09 2.9967E-09 3.1190E-09 3.2701E-09 3.4336E-09 3.6071E-09 3.8096E-09 4.0492E-09 4.3189E-09 4.5631E-09 4.8326E-09 5.1227E-09 5.4352E-09
1.1737E-09 1.2014E-09 1.2293E-09 1.2605E-09 1.2890E-09 1.3176E-09 1.3484E-09 1.3789E-09 1.4083E-09 1.4398E-09 1.4702E-09 1.5002E-09 1.5330E-09 1.5635E-09 1.5951E-09 1.6276E-09 1.6587E-09 1.6921E-09 1.7242E-09 1.7558E-09 1.7900E-09 1.8228E-09 1.8551E-09 1.8888E-09 1.9235E-09 1.9566E-09 1.9898E-09 2.0246E-09 2.0606E-09 2.0947E-09 2.1290E-09 2.1635E-09 2.2024E-09 2.2376E-09 2.2731E-09 2.3087E-09 2.3483E-09 2.3885E-09 2.4284E-09 2.4716E-09 2.5134E-09 2.5580E-09 2.6469E-09 2.7245E-09 2.8165E-09 2.9166E-09 3.0254E-09 3.1503E-09 3.2982E-09 3.4581E-09 3.6472E-09 3.8812E-09 4.1072E-09 4.3330E-09 4.5763E-09 4.8410E-09 5.1252E-09
1.1497E-09 1.1774E-09 1.2046E-09 1.2333E-09 1.2630E-09 1.2910E-09 1.3216E-09 1.3509E-09 1.3796E-09 1.4109E-09 1.4400E-09 1.4693E-09 1.5013E-09 1.5311E-09 1.5609E-09 1.5937E-09 1.6240E-09 1.6556E-09 1.6880E-09 1.7189E-09 1.7517E-09 1.7843E-09 1.8160E-09 1.8477E-09 1.8828E-09 1.9153E-09 1.9478E-09 1.9805E-09 2.0171E-09 2.0505E-09 2.0841E-09 2.1178E-09 2.1559E-09 2.1904E-09 2.2250E-09 2.2598E-09 2.2999E-09 2.3378E-09 2.3765E-09 2.4163E-09 2.4564E-09 2.5106E-09 2.5950E-09 2.6595E-09 2.7431E-09 2.8358E-09 2.9322E-09 3.0449E-09 3.1704E-09 3.3224E-09 3.5077E-09 3.7240E-09 3.9195E-09 4.1246E-09 4.3484E-09 4.5896E-09 4.8504E-09
1.1261E-09 1.1538E-09 1.1804E-09 1.2096E-09 1.2374E-09 1.2647E-09 1.2953E-09 1.3232E-09 1.3512E-09 1.3818E-09 1.4103E-09 1.4388E-09 1.4702E-09 1.4992E-09 1.5293E-09 1.5603E-09 1.5899E-09 1.6218E-09 1.6524E-09 1.6826E-09 1.7153E-09 1.7466E-09 1.7775E-09 1.8085E-09 1.8430E-09 1.8747E-09 1.9065E-09 1.9385E-09 1.9743E-09 2.0070E-09 2.0399E-09 2.0727E-09 2.1101E-09 2.1438E-09 2.1777E-09 2.2115E-09 2.2508E-09 2.2874E-09 2.3254E-09 2.3634E-09 2.4027E-09 2.4721E-09 2.5432E-09 2.5947E-09 2.6672E-09 2.7502E-09 2.8442E-09 2.9515E-09 3.0618E-09 3.1930E-09 3.3655E-09 3.5645E-09 3.7445E-09 3.9338E-09 4.1381E-09 4.3587E-09 4.5961E-09
1.1047E-09 1.1305E-09 1.1565E-09 1.1856E-09 1.2122E-09 1.2388E-09 1.2688E-09 1.2960E-09 1.3233E-09 1.3532E-09 1.3809E-09 1.4093E-09 1.4394E-09 1.4677E-09 1.4982E-09 1.5274E-09 1.5563E-09 1.5880E-09 1.6174E-09 1.6469E-09 1.6794E-09 1.7095E-09 1.7397E-09 1.7700E-09 1.8038E-09 1.8348E-09 1.8659E-09 1.8992E-09 1.9323E-09 1.9642E-09 1.9963E-09 2.0284E-09 2.0651E-09 2.0979E-09 2.1309E-09 2.1640E-09 2.2025E-09 2.2363E-09 2.2726E-09 2.3095E-09 2.3483E-09 2.4300E-09 2.4843E-09 2.5376E-09 2.5974E-09 2.6702E-09 2.7609E-09 2.8598E-09 2.9622E-09 3.0810E-09 3.2429E-09 3.4198E-09 3.5856E-09 3.7620E-09 3.9499E-09 4.1519E-09 4.3686E-09
1.0824E-09 1.1076E-09 1.1329E-09 1.1615E-09 1.1873E-09 1.2133E-09 1.2426E-09 1.2691E-09 1.2957E-09 1.3250E-09 1.3520E-09 1.3811E-09 1.4091E-09 1.4367E-09 1.4670E-09 1.4951E-09 1.5232E-09 1.5543E-09 1.5830E-09 1.6118E-09 1.6436E-09 1.6730E-09 1.7025E-09 1.7340E-09 1.7653E-09 1.7955E-09 1.8259E-09 1.8592E-09 1.8909E-09 1.9221E-09 1.9534E-09 1.9871E-09 2.0206E-09 2.0527E-09 2.0849E-09 2.1171E-09 2.1547E-09 2.1876E-09 2.2226E-09 2.2583E-09 2.2948E-09 2.3736E-09 2.4254E-09 2.4800E-09 2.5352E-09 2.5978E-09 2.6815E-09 2.7710E-09 2.8731E-09 2.9890E-09 3.1250E-09 3.2853E-09 3.4380E-09 3.6025E-09 3.7747E-09 3.9610E-09 4.1605E-09
1.0605E-09 1.0850E-09 1.1097E-09 1.1376E-09 1.1628E-09 1.1881E-09 1.2168E-09 1.2426E-09 1.2704E-09 1.2972E-09 1.3235E-09 1.3524E-09 1.3793E-09 1.4062E-09 1.4358E-09 1.4632E-09 1.4907E-09 1.5211E-09 1.5491E-09 1.5772E-09 1.6084E-09 1.6371E-09 1.6659E-09 1.6979E-09 1.7273E-09 1.7569E-09 1.7865E-09 1.8198E-09 1.8502E-09 1.8805E-09 1.9111E-09 1.9456E-09 1.9769E-09 2.0081E-09 2.0394E-09 2.0731E-09 2.1073E-09 2.1393E-09 2.1712E-09 2.2056E-09 2.2446E-09 2.3183E-09 2.3658E-09 2.4212E-09 2.4735E-09 2.5331E-09 2.6050E-09 2.6869E-09 2.7820E-09 2.8887E-09 3.0176E-09 3.1527E-09 3.2993E-09 3.4510E-09 3.6143E-09 3.7844E-09 3.9680E-09
1.0388E-09 1.0627E-09 1.0868E-09 1.1141E-09 1.1387E-09 1.1657E-09 1.1914E-09 1.2166E-09 1.2442E-09 1.2698E-09 1.2955E-09 1.3238E-09 1.3499E-09 1.3762E-09 1.4051E-09 1.4318E-09 1.4587E-09 1.4884E-09 1.5158E-09 1.5432E-09 1.5738E-09 1.6018E-09 1.6299E-09 1.6612E-09 1.6900E-09 1.7189E-09 1.7478E-09 1.7804E-09 1.8100E-09 1.8397E-09 1.8695E-09 1.9032E-09 1.9336E-09 1.9641E-09 1.9946E-09 2.0296E-09 2.0606E-09 2.0917E-09 2.1228E-09 2.1561E-09 2.1937E-09 2.2653E-09 2.3105E-09 2.3639E-09 2.4145E-09 2.4707E-09 2.5325E-09 2.6113E-09 2.6936E-09 2.8002E-09 2.9172E-09 3.0438E-09 3.1658E-09 3.3132E-09 3.4649E-09 3.6244E-09 3.7933E-09
1.0175E-09 1.0408E-09 1.0665E-09 1.0909E-09 1.1149E-09 1.1419E-09 1.1663E-09 1.1909E-09 1.2178E-09 1.2428E-09 1.2679E-09 1.2955E-09 1.3210E-09 1.3466E-09 1.3749E-09 1.4010E-09 1.4292E-09 1.4563E-09 1.4830E-09 1.5119E-09 1.5397E-09 1.5670E-09 1.5945E-09 1.6252E-09 1.6532E-09 1.6814E-09 1.7097E-09 1.7415E-09 1.7705E-09 1.7995E-09 1.8286E-09 1.8614E-09 1.8910E-09 1.9207E-09 1.9504E-09 1.9843E-09 2.0145E-09 2.0448E-09 2.0750E-09 2.1073E-09 2.1402E-09 2.2065E-09 2.2564E-09 2.3054E-09 2.3571E-09 2.4087E-09 2.4707E-09 2.5364E-09 2.6187E-09 2.7104E-09 2.8267E-09 2.9363E-09 3.0566E-09 3.1793E-09 3.3269E-09 3.4761E-09 3.6324E-09
