Assets/Resources/2015_m01_d07_0700(utc+0800)_l00_csi_1hr_conc.grd
DSAA
         159         159
     -79.000      79.000
     -79.000      79.000
  0.0000E+00  0.2282E-04
[rows 50 to 74 of 159, columns 57 to 113 of 159]
2.5195E-09 2.7959E-09 3.0972E-09 3.4244E-09 3.7782E-09 4.1592E-09 4.5677E-09 5.0037E-09 5.4667E-09 5.9709E-09 6.6434E-09 7.3984E-09 8.2468E-09 9.2986E-09 1.0439E-08 1.1579E-08 1.2886E-08 1.4345E-08 1.5951E-08 1.7695E-08 1.9599E-08 2.1577E-08 2.3789E-08 2.5957E-08 2.7892E-08 2.9432E-08 3.0668E-08 3.1630E-08 3.2319E-08 3.2747E-08 3.2930E-08 3.2887E-08 3.2617E-08 3.2121E-08 3.1459E-08 3.0644E-08 2.9696E-08 2.8626E-08 2.7477E-08 2.6259E-08 2.5018E-08 2.3768E-08 2.2511E-08 2.1246E-08 1.9997E-08 1.8788E-08 1.7625E-08 1.6503E-08 1.5436E-08 1.4420E-08 1.3472E-08 1.2573E-08 1.1720E-08 1.0917E-08 1.0165E-08 9.4649E-09 8.8047E-09
2.4240E-09 2.6914E-09 2.9830E-09 3.2997E-09 3.6424E-09 4.0116E-09 4.4075E-09 4.8301E-09 5.2791E-09 5.7540E-09 6.3540E-09 7.0424E-09 7.9549E-09 8.9312E-09 1.0116E-08 1.1279E-08 1.2614E-08 1.4080E-08 1.5701E-08 1.7540E-08 1.9494E-08 2.1578E-08 2.3818E-08 2.6230E-08 2.8374E-08 3.0148E-08 3.1507E-08 3.2545E-08 3.3290E-08 3.3748E-08 3.3938E-08 3.3884E-08 3.3608E-08 3.3070E-08 3.2332E-08 3.1429E-08 3.0392E-08 2.9259E-08 2.8025E-08 2.6731E-08 2.5390E-08 2.4048E-08 2.2712E-08 2.1399E-08 2.0107E-08 1.8838E-08 1.7639E-08 1.6496E-08 1.5399E-08 1.4365E-08 1.3394E-08 1.2489E-08 1.1631E-08 1.0824E-08 1.0070E-08 9.3702E-09 8.7161E-09
2.3251E-09 2.5828E-09 2.8640E-09 3.1695E-09 3.5002E-09 3.8566E-09 4.2387E-09 4.6469E-09 5.0808E-09 5.5399E-09 6.0423E-09 6.7443E-09 7.6268E-09 8.5701E-09 9.7271E-09 1.0955E-08 1.2319E-08 1.3820E-08 1.5511E-08 1.7372E-08 1.9450E-08 2.1652E-08 2.3987E-08 2.6520E-08 2.8888E-08 3.0921E-08 3.2439E-08 3.3957E-08 3.4764E-08 3.5256E-08 3.5447E-08 3.5010E-08 3.4688E-08 3.4121E-08 3.3319E-08 3.2344E-08 3.1209E-08 2.9950E-08 2.8600E-08 2.7214E-08 2.5789E-08 2.4347E-08 2.2913E-08 2.1530E-08 2.0180E-08 1.8872E-08 1.7611E-08 1.6440E-08 1.5325E-08 1.4274E-08 1.3284E-08 1.2369E-08 1.1513E-08 1.0705E-08 9.9515E-09 9.2519E-09 8.6057E-09
2.2233E-09 2.4708E-09 2.7410E-09 3.0347E-09 3.3525E-09 3.6949E-09 4.0625E-09 4.4554E-09 4.8731E-09 5.3152E-09 5.7977E-09 6.4506E-09 7.2226E-09 8.2273E-09 9.2984E-09 1.0623E-08 1.2005E-08 1.3567E-08 1.5302E-08 1.7271E-08 1.9414E-08 2.1740E-08 2.4432E-08 2.7160E-08 2.9841E-08 3.2161E-08 3.3983E-08 3.5264E-08 3.6145E-08 3.6680E-08 3.6875E-08 3.6759E-08 3.6356E-08 3.5702E-08 3.4785E-08 3.3334E-08 3.2090E-08 3.0721E-08 2.9253E-08 2.7718E-08 2.6175E-08 2.4641E-08 2.3131E-08 2.1646E-08 2.0227E-08 1.8875E-08 1.7571E-08 1.6342E-08 1.5210E-08 1.4145E-08 1.3142E-08 1.2215E-08 1.1362E-08 1.0558E-08 9.8084E-09 9.1119E-09 8.4734E-09
2.1193E-09 2.3562E-09 2.6148E-09 2.8958E-09 3.1999E-09 3.5280E-09 3.8802E-09 4.2566E-09 4.6573E-09 5.0817E-09 5.5474E-09 6.0998E-09 6.8818E-09 7.7524E-09 8.9063E-09 1.0187E-08 1.1668E-08 1.3322E-08 1.5134E-08 1.7165E-08 1.9557E-08 2.2094E-08 2.4812E-08 2.7660E-08 3.0579E-08 3.3161E-08 3.5276E-08 3.6729E-08 3.7709E-08 3.8286E-08 3.8486E-08 3.8338E-08 3.7873E-08 3.7123E-08 3.6107E-08 3.4848E-08 3.3421E-08 3.1529E-08 2.9930E-08 2.8271E-08 2.6588E-08 2.4931E-08 2.3320E-08 2.1754E-08 2.0254E-08 1.8837E-08 1.7498E-08 1.6224E-08 1.5056E-08 1.3974E-08 1.2966E-08 1.2027E-08 1.1174E-08 1.0380E-08 9.6377E-09 8.9502E-09 8.3168E-09
2.0137E-09 2.2396E-09 2.4858E-09 2.7536E-09 3.0437E-09 3.3567E-09 3.6927E-09 4.0522E-09 4.4351E-09 4.8552E-09 5.2889E-09 5.7738E-09 6.5648E-09 7.4362E-09 8.5131E-09 9.7643E-09 1.1320E-08 1.3054E-08 1.4960E-08 1.7125E-08 1.9649E-08 2.2354E-08 2.5559E-08 2.8699E-08 3.1890E-08 3.4817E-08 3.7209E-08 3.8942E-08 4.0034E-08 4.0644E-08 4.0829E-08 4.0607E-08 4.0020E-08 3.8693E-08 3.7545E-08 3.6136E-08 3.4537E-08 3.2803E-08 3.0993E-08 2.8820E-08 2.7010E-08 2.5218E-08 2.3487E-08 2.1835E-08 2.0255E-08 1.8765E-08 1.7380E-08 1.6080E-08 1.4864E-08 1.3767E-08 1.2754E-08 1.1810E-08 1.0950E-08 1.0169E-08 9.4373E-09 8.7570E-09 8.1363E-09
1.9071E-09 2.1212E-09 2.3549E-09 2.6093E-09 2.8848E-09 3.1820E-09 3.5016E-09 3.8438E-09 4.2083E-09 4.6101E-09 5.0430E-09 5.5323E-09 6.1637E-09 7.0844E-09 8.1452E-09 9.4052E-09 1.0917E-08 1.2742E-08 1.4814E-08 1.7092E-08 1.9983E-08 2.2995E-08 2.6223E-08 2.9574E-08 3.2968E-08 3.6195E-08 3.8876E-08 4.0908E-08 4.2139E-08 4.2814E-08 4.2991E-08 4.2710E-08 4.2011E-08 4.0945E-08 3.9566E-08 3.7504E-08 3.5710E-08 3.3786E-08 3.1782E-08 2.9751E-08 2.7401E-08 2.5484E-08 2.3627E-08 2.1868E-08 2.0216E-08 1.8659E-08 1.7216E-08 1.5888E-08 1.4645E-08 1.3521E-08 1.2500E-08 1.1562E-08 1.0696E-08 9.9247E-09 9.2074E-09 8.5401E-09 7.9303E-09
1.7997E-09 2.0020E-09 2.2231E-09 2.4635E-09 2.7241E-09 3.0056E-09 3.3084E-09 3.6327E-09 3.9897E-09 4.3611E-09 4.7751E-09 5.2487E-09 5.8080E-09 6.7467E-09 7.8188E-09 9.0563E-09 1.0601E-08 1.2390E-08 1.4597E-08 1.7103E-08 2.0256E-08 2.3537E-08 2.7480E-08 3.1202E-08 3.4907E-08 3.8444E-08 4.1414E-08 4.3668E-08 4.5121E-08 4.5817E-08 4.5940E-08 4.5000E-08 4.4167E-08 4.2921E-08 4.1332E-08 3.9470E-08 3.7391E-08 3.4781E-08 3.2573E-08 3.0348E-08 2.8155E-08 2.6045E-08 2.3724E-08 2.1856E-08 2.0116E-08 1.8503E-08 1.7007E-08 1.5640E-08 1.4388E-08 1.3237E-08 1.2213E-08 1.1275E-08 1.0414E-08 9.6461E-09 8.9464E-09 8.2972E-09 7.6996E-09
1.6924E-09 1.8829E-09 2.0909E-09 2.3173E-09 2.5631E-09 2.8286E-09 3.1144E-09 3.4204E-09 3.7587E-09 4.1249E-09 4.5404E-09 4.9609E-09 5.5305E-09 6.3456E-09 7.5166E-09 8.7740E-09 1.0283E-08 1.2182E-08 1.4387E-08 1.7033E-08 2.0833E-08 2.4617E-08 2.8595E-08 3.2652E-08 3.6633E-08 4.0422E-08 4.3705E-08 4.6183E-08 4.7871E-08 4.8580E-08 4.8658E-08 4.8128E-08 4.7076E-08 4.5003E-08 4.3173E-08 4.1054E-08 3.8724E-08 3.6258E-08 3.3324E-08 3.0898E-08 2.8523E-08 2.6242E-08 2.4096E-08 2.1780E-08 1.9953E-08 1.8278E-08 1.6741E-08 1.5342E-08 1.4077E-08 1.2911E-08 1.1881E-08 1.0953E-08 1.0102E-08 9.3359E-09 8.6561E-09 8.0242E-09 7.4446E-09
1.5858E-09 1.7642E-09 1.9593E-09 2.1720E-09 2.4027E-09 2.6522E-09 2.9207E-09 3.2118E-09 3.5276E-09 3.8740E-09 4.2708E-09 4.7170E-09 5.2781E-09 5.9877E-09 7.2349E-09 8.4860E-09 1.0048E-08 1.1924E-08 1.4249E-08 1.7033E-08 2.1253E-08 2.5472E-08 2.9925E-08 3.4372E-08 3.8670E-08 4.2696E-08 4.6281E-08 4.8996E-08 5.0810E-08 5.1622E-08 5.1601E-08 5.0888E-08 4.9617E-08 4.7832E-08 4.5655E-08 4.2640E-08 4.0027E-08 3.7293E-08 3.4520E-08 3.1800E-08 2.8805E-08 2.6362E-08 2.4072E-08 2.1615E-08 1.9713E-08 1.7981E-08 1.6409E-08 1.4985E-08 1.3705E-08 1.2547E-08 1.1509E-08 1.0592E-08 9.7560E-09 9.0032E-09 8.3409E-09 7.7271E-09 7.1670E-09
1.4803E-09 1.6471E-09 1.8295E-09 2.0283E-09 2.2441E-09 2.4775E-09 2.7288E-09 3.0022E-09 3.3045E-09 3.6466E-09 4.0014E-09 4.4300E-09 5.0070E-09 5.7717E-09 6.8463E-09 8.2349E-09 9.8071E-09 1.1747E-08 1.4141E-08 1.7014E-08 2.1786E-08 2.6509E-08 3.1432E-08 3.6336E-08 4.0985E-08 4.5284E-08 4.9069E-08 5.2061E-08 5.4000E-08 5.4939E-08 5.4765E-08 5.3832E-08 5.2274E-08 5.0155E-08 4.7644E-08 4.4813E-08 4.1801E-08 3.8225E-08 3.5193E-08 3.2223E-08 2.9395E-08 2.6368E-08 2.3947E-08 2.1730E-08 1.9382E-08 1.7602E-08 1.6000E-08 1.4563E-08 1.3280E-08 1.2130E-08 1.1095E-08 1.0192E-08 9.3758E-09 8.6398E-09 7.9957E-09 7.4108E-09 6.8711E-09
1.3770E-09 1.5322E-09 1.7020E-09 1.8871E-09 2.0881E-09 2.3056E-09 2.5397E-09 2.7951E-09 3.0783E-09 3.4019E-09 3.7680E-09 4.1855E-09 4.7312E-09 5.5165E-09 6.5477E-09 7.9719E-09 9.5788E-09 1.1579E-08 1.4076E-08 1.7104E-08 2.2374E-08 2.7695E-08 3.3185E-08 3.8611E-08 4.3606E-08 4.8146E-08 5.2054E-08 5.5247E-08 5.7332E-08 5.8297E-08 5.8093E-08 5.6917E-08 5.5023E-08 5.2518E-08 4.9606E-08 4.6374E-08 4.3001E-08 3.9560E-08 3.5702E-08 3.2503E-08 2.9465E-08 2.6227E-08 2.3695E-08 2.1386E-08 1.9307E-08 1.7127E-08 1.5512E-08 1.4068E-08 1.2792E-08 1.1659E-08 1.0642E-08 9.7538E-09 8.9673E-09 8.2502E-09 7.6319E-09 7.0718E-09 6.5546E-09
1.2763E-09 1.4201E-09 1.5776E-09 1.7492E-09 1.9357E-09 2.1373E-09 2.3545E-09 2.5918E-09 2.8564E-09 3.1590E-09 3.5040E-09 3.9272E-09 4.4768E-09 5.2727E-09 6.3222E-09 7.6993E-09 9.3711E-09 1.1425E-08 1.4000E-08 1.7504E-08 2.3172E-08 2.9082E-08 3.5160E-08 4.1086E-08 4.6375E-08 5.1200E-08 5.5252E-08 5.8432E-08 6.0634E-08 6.1584E-08 6.1401E-08 5.9976E-08 5.7754E-08 5.4854E-08 5.1500E-08 4.7830E-08 4.4054E-08 4.0248E-08 3.6560E-08 3.2577E-08 2.9357E-08 2.6386E-08 2.3286E-08 2.0907E-08 1.8783E-08 1.6553E-08 1.4935E-08 1.3502E-08 1.2245E-08 1.1135E-08 1.0146E-08 9.2826E-09 8.5281E-09 7.8355E-09 7.2486E-09 6.7156E-09 6.2258E-09
1.1787E-09 1.3115E-09 1.4569E-09 1.6154E-09 1.7875E-09 1.9738E-09 2.1744E-09 2.3934E-09 2.6384E-09 2.9273E-09 3.2648E-09 3.6710E-09 4.2597E-09 5.0363E-09 6.1089E-09 7.4602E-09 9.1752E-09 1.1285E-08 1.3923E-08 1.7634E-08 2.4070E-08 3.0772E-08 3.7526E-08 4.3789E-08 4.9409E-08 5.4347E-08 5.8392E-08 6.1605E-08 6.3821E-08 6.4728E-08 6.4375E-08 6.2796E-08 6.0243E-08 5.6976E-08 5.3198E-08 4.9106E-08 4.4911E-08 4.0734E-08 3.6731E-08 3.2426E-08 2.9039E-08 2.5934E-08 2.3145E-08 2.0284E-08 1.8136E-08 1.6244E-08 1.4270E-08 1.2863E-08 1.1634E-08 1.0562E-08 9.6068E-09 8.7829E-09 8.0604E-09 7.4043E-09 6.8480E-09 6.3475E-09 5.8852E-09
1.0848E-09 1.2068E-09 1.3404E-09 1.4861E-09 1.6444E-09 1.8156E-09 1.9999E-09 2.2001E-09 2.4256E-09 2.6946E-09 3.0212E-09 3.4438E-09 4.0123E-09 4.8110E-09 5.8205E-09 7.1581E-09 8.9604E-09 1.1146E-08 1.3859E-08 1.8237E-08 2.5137E-08 3.2798E-08 4.0262E-08 4.6947E-08 5.2673E-08 5.7455E-08 6.1529E-08 6.4534E-08 6.6521E-08 6.7443E-08 6.6918E-08 6.5176E-08 6.2255E-08 5.8643E-08 5.4479E-08 5.0022E-08 4.5454E-08 4.0949E-08 3.6653E-08 3.2640E-08 2.8496E-08 2.5282E-08 2.2428E-08 1.9501E-08 1.7358E-08 1.5484E-08 1.3515E-08 1.2151E-08 1.0964E-08 9.9402E-09 9.0306E-09 8.2534E-09 7.5701E-09 6.9545E-09 6.4336E-09 5.9680E-09 5.5363E-09
9.9469E-10 1.1064E-09 1.2287E-09 1.3621E-09 1.5069E-09 1.6633E-09 1.8313E-09 2.0135E-09 2.2197E-09 2.4722E-09 2.7913E-09 3.2502E-09 3.7784E-09 4.5571E-09 5.5808E-09 6.8905E-09 8.7155E-09 1.0965E-08 1.3738E-08 1.8460E-08 2.6467E-08 3.5385E-08 4.3696E-08 5.0596E-08 5.6232E-08 6.0832E-08 6.4477E-08 6.7232E-08 6.8893E-08 6.9439E-08 6.8751E-08 6.6762E-08 6.3620E-08 5.9651E-08 5.5149E-08 5.0352E-08 4.5509E-08 4.0755E-08 3.6234E-08 3.2042E-08 2.7708E-08 2.4428E-08 2.1532E-08 1.9008E-08 1.6451E-08 1.4620E-08 1.3037E-08 1.1373E-08 1.0244E-08 9.2781E-09 8.4237E-09 7.7001E-09 7.0642E-09 6.4916E-09 6.0138E-09 5.5808E-09 5.1866E-09
9.0885E-10 1.0107E-09 1.1221E-09 1.2436E-09 1.3751E-09 1.5170E-09 1.6699E-09 1.8348E-09 2.0222E-09 2.2524E-09 2.5806E-09 3.0125E-09 3.5923E-09 4.3625E-09 5.3301E-09 6.5717E-09 8.3740E-09 1.0725E-08 1.3536E-08 1.7958E-08 2.8042E-08 3.8780E-08 4.8120E-08 5.5228E-08 6.0480E-08 6.4522E-08 6.7556E-08 6.9746E-08 7.0846E-08 7.0681E-08 6.9699E-08 6.7359E-08 6.4020E-08 5.9748E-08 5.5037E-08 5.0001E-08 4.4922E-08 4.0004E-08 3.5367E-08 3.1089E-08 2.7236E-08 2.3341E-08 2.0454E-08 1.7962E-08 1.5426E-08 1.3663E-08 1.2148E-08 1.0540E-08 9.4846E-09 8.5836E-09 7.7944E-09 7.1309E-09 6.5463E-09 6.0234E-09 5.5890E-09 5.1904E-09 4.8381E-09
8.2748E-10 9.1988E-10 1.0209E-09 1.1305E-09 1.2494E-09 1.3779E-09 1.5165E-09 1.6651E-09 1.8336E-09 2.0477E-09 2.3851E-09 2.7931E-09 3.3759E-09 4.1082E-09 5.0262E-09 6.3030E-09 8.0306E-09 1.0389E-08 1.3232E-08 1.7888E-08 2.9844E-08 4.3125E-08 5.4024E-08 6.1303E-08 6.6057E-08 6.9341E-08 7.1643E-08 7.2875E-08 7.2896E-08 7.1742E-08 6.9761E-08 6.6872E-08 6.3201E-08 5.8720E-08 5.3875E-08 4.8762E-08 4.3623E-08 3.8648E-08 3.3982E-08 2.9706E-08 2.5879E-08 2.1991E-08 1.9178E-08 1.6761E-08 1.4288E-08 1.2620E-08 1.1196E-08 9.6628E-09 8.6951E-09 7.8693E-09 7.1529E-09 6.5523E-09 6.0243E-09 5.5575E-09 5.1619E-09 4.8044E-09 4.4934E-09
7.4680E-10 8.3407E-10 9.2470E-10 1.0234E-09 1.1306E-09 1.2466E-09 1.3715E-09 1.5059E-09 1.6555E-09 1.8559E-09 2.1634E-09 2.6069E-09 3.1717E-09 3.8428E-09 4.7471E-09 6.0032E-09 7.6280E-09 9.9044E-09 1.2802E-08 1.7608E-08 3.1718E-08 4.8588E-08 6.1742E-08 6.9526E-08 7.3870E-08 7.6527E-08 7.7927E-08 7.7812E-08 7.6211E-08 7.3247E-08 6.9404E-08 6.5523E-08 6.1210E-08 5.6556E-08 5.1562E-08 4.6523E-08 4.1494E-08 3.6610E-08 3.2070E-08 2.7910E-08 2.4194E-08 2.0947E-08 1.7706E-08 1.5411E-08 1.3479E-08 1.1498E-08 1.0189E-08 8.7518E-09 7.8829E-09 7.1444E-09 6.5100E-09 5.9739E-09 5.5049E-09 5.0972E-09 4.7415E-09 4.4245E-09 4.1523E-09
6.7497E-10 7.5292E-10 8.3430E-10 9.2297E-10 1.0192E-09 1.1234E-09 1.2361E-09 1.3573E-09 1.4897E-09 1.6815E-09 1.9660E-09 2.3956E-09 2.9196E-09 3.5644E-09 4.4408E-09 5.6230E-09 7.2407E-09 9.3250E-09 1.2153E-08 1.6982E-08 3.3251E-08 5.5031E-08 7.1755E-08 8.0594E-08 8.5258E-08 8.8125E-08 8.8920E-08 8.6894E-08 8.2224E-08 7.6123E-08 6.9627E-08 6.3713E-08 5.8372E-08 5.3295E-08 4.8266E-08 4.3365E-08 3.8550E-08 3.3913E-08 2.9631E-08 2.5708E-08 2.2216E-08 1.9161E-08 1.6077E-08 1.3950E-08 1.2176E-08 1.0324E-08 9.1456E-09 8.1744E-09 7.0600E-09 6.4176E-09 5.8667E-09 5.4044E-09 4.9962E-09 4.6456E-09 4.3374E-09 4.0574E-09 3.8087E-09
5.9559E-10 6.7365E-10 7.4998E-10 8.2926E-10 9.1537E-10 1.0091E-09 1.1102E-09 1.2186E-09 1.3351E-09 1.5046E-09 1.7823E-09 2.1950E-09 2.6650E-09 3.2744E-09 4.1080E-09 5.2381E-09 6.7435E-09 8.7545E-09 1.1360E-08 1.4603E-08 3.3830E-08 6.2082E-08 8.3827E-08 9.5287E-08 1.0222E-07 1.0751E-07 1.0830E-07 1.0290E-07 9.2768E-08 8.1282E-08 7.0676E-08 6.1838E-08 5.5098E-08 4.9387E-08 4.4311E-08 3.9534E-08 3.5026E-08 3.0747E-08 2.6798E-08 2.3200E-08 2.0007E-08 1.7219E-08 1.4348E-08 1.2437E-08 1.0841E-08 9.1386E-09 8.1003E-09 7.2483E-09 6.2455E-09 5.6996E-09 5.2354E-09 4.8470E-09 4.5074E-09 4.1968E-09 3.9269E-09 3.6870E-09 3.4783E-09
5.2171E-10 5.9183E-10 6.6822E-10 7.4249E-10 8.1975E-10 9.0334E-10 9.9336E-10 1.0899E-09 1.1928E-09 1.3376E-09 1.5806E-09 1.9630E-09 2.4101E-09 2.9753E-09 3.7520E-09 4.8094E-09 6.2218E-09 8.0611E-09 1.0443E-08 1.3440E-08 3.2352E-08 6.6073E-08 9.5477E-08 1.1283E-07 1.2728E-07 1.3947E-07 1.4223E-07 1.3091E-07 1.1025E-07 8.9159E-08 7.2325E-08 6.0146E-08 5.1615E-08 4.5227E-08 4.0033E-08 3.5409E-08 3.1239E-08 2.7357E-08 2.3794E-08 2.0571E-08 1.7715E-08 1.5229E-08 1.2595E-08 1.0918E-08 9.5194E-09 7.9817E-09 7.0933E-09 6.3613E-09 5.4647E-09 5.0144E-09 4.6254E-09 4.2920E-09 4.0020E-09 3.7583E-09 3.5377E-09 3.3448E-09 3.1701E-09
4.6450E-10 5.1616E-10 5.8476E-10 6.5954E-10 7.2766E-10 8.0577E-10 8.8555E-10 9.7104E-10 1.0618E-09 1.1859E-09 1.3916E-09 1.7339E-09 2.1485E-09 2.6713E-09 3.3799E-09 4.3465E-09 5.6395E-09 7.3249E-09 9.4544E-09 1.2112E-08 2.9053E-08 6.5312E-08 9.9082E-08 1.2340E-07 1.5787E-07 1.9698E-07 2.1221E-07 1.9173E-07 1.4611E-07 1.0333E-07 7.4940E-08 5.8095E-08 4.7669E-08 4.0911E-08 3.5728E-08 3.1362E-08 2.7483E-08 2.4012E-08 2.0844E-08 1.7998E-08 1.5486E-08 1.3304E-08 1.0933E-08 9.4782E-09 8.2708E-09 6.8939E-09 6.1475E-09 5.5259E-09 4.7077E-09 4.3260E-09 4.0231E-09 3.7620E-09 3.5343E-09 3.3414E-09 3.1766E-09 3.0218E-09 2.8782E-09
4.0153E-10 4.6029E-10 5.0846E-10 5.7518E-10 6.4728E-10 7.1228E-10 7.8656E-10 8.6149E-10 9.4119E-10 1.0469E-09 1.2173E-09 1.5132E-09 1.8921E-09 2.3688E-09 3.0003E-09 3.8623E-09 5.0164E-09 6.5213E-09 8.4226E-09 1.0739E-08 2.4942E-08 5.7676E-08 9.7820E-08 1.1265E-07 1.6062E-07 3.6913E-07 4.5495E-07 3.4591E-07 2.1037E-07 1.2027E-07 7.3678E-08 5.2192E-08 4.1584E-08 3.5416E-08 3.0958E-08 2.7197E-08 2.3835E-08 2.0844E-08 1.8097E-08 1.5624E-08 1.3429E-08 1.1539E-08 9.4184E-09 8.1649E-09 7.1111E-09 5.8431E-09 5.2309E-09 4.7171E-09 4.0131E-09 3.7114E-09 3.4866E-09 3.2860E-09 3.1176E-09 2.9632E-09 2.8431E-09 2.7307E-09 2.6262E-09
3.5524E-10 3.9916E-10 4.5191E-10 4.9805E-10 5.6212E-10 6.2174E-10 6.9186E-10 7.6130E-10 8.3118E-10 9.2071E-10 1.0616E-09 1.3057E-09 1.6339E-09 2.0661E-09 2.6229E-09 3.3727E-09 4.3763E-09 5.6846E-09 7.3362E-09 9.3465E-09 2.0123E-08 4.3145E-08 8.4679E-08 1.0836E-07 1.3843E-07 6.1966E-07 8.2194E-07 4.9936E-07 2.1587E-07 9.3498E-08 5.4722E-08 4.1221E-08 3.4726E-08 3.0270E-08 2.6738E-08 2.3486E-08 2.0563E-08 1.7905E-08 1.5539E-08 1.3441E-08 1.1586E-08 9.9338E-09 8.0550E-09 6.9203E-09 6.0629E-09 4.9624E-09 4.4520E-09 3.7060E-09 3.3937E-09 3.1906E-09 3.0274E-09 2.8890E-09 2.7713E-09 2.6691E-09 2.5748E-09 2.4845E-09 2.4015E-09
