Assets/Resources/2015_m01_d07_0200(utc+0800)_l00_csi_1hr_conc.grd
DSAA
         159         159
     -79.000      79.000
     -79.000      79.000
  0.0000E+00  0.6605E-05
[rows 0 to 24 of 159, columns 57 to 113 of 159]
1.9756E-09 2.0523E-09 2.1290E-09 2.2044E-09 2.2774E-09 2.3483E-09 2.4179E-09 2.4853E-09 2.5491E-09 2.6094E-09 2.6667E-09 2.7213E-09 2.7718E-09 2.8189E-09 2.8619E-09 2.9013E-09 2.9370E-09 2.9685E-09 2.9960E-09 3.0192E-09 3.0382E-09 3.0529E-09 3.0636E-09 3.0702E-09 3.0726E-09 3.0709E-09 3.0653E-09 3.0560E-09 3.0429E-09 3.0259E-09 3.0054E-09 2.9816E-09 2.9545E-09 2.9241E-09 2.8905E-09 2.8543E-09 2.8158E-09 2.7747E-09 2.7314E-09 2.6862E-09 2.6390E-09 2.5899E-09 2.5389E-09 2.4858E-09 2.4315E-09 2.3763E-09 2.3209E-09 2.2656E-09 2.2096E-09 2.1530E-09 2.0951E-09 2.0363E-09 1.9780E-09 1.9214E-09 1.8655E-09 1.8013E-09 1.7446E-09
2.0467E-09 2.1286E-09 2.2084E-09 2.2864E-09 2.3640E-09 2.4397E-09 2.5123E-09 2.5820E-09 2.6494E-09 2.7143E-09 2.7756E-09 2.8330E-09 2.8868E-09 2.9374E-09 2.9831E-09 3.0248E-09 3.0621E-09 3.0951E-09 3.1238E-09 3.1479E-09 3.1678E-09 3.1832E-09 3.1943E-09 3.2010E-09 3.2034E-09 3.2016E-09 3.1955E-09 3.1851E-09 3.1709E-09 3.1530E-09 3.1312E-09 3.1057E-09 3.0766E-09 3.0445E-09 3.0091E-09 2.9706E-09 2.9291E-09 2.8850E-09 2.8388E-09 2.7902E-09 2.7397E-09 2.6877E-09 2.6346E-09 2.5799E-09 2.5235E-09 2.4652E-09 2.4058E-09 2.3456E-09 2.2857E-09 2.2265E-09 2.1670E-09 2.1068E-09 2.0455E-09 1.9838E-09 1.9238E-09 1.8656E-09 1.7997E-09
2.1199E-09 2.2045E-09 2.2888E-09 2.3723E-09 2.4530E-09 2.5313E-09 2.6076E-09 2.6822E-09 2.7538E-09 2.8218E-09 2.8866E-09 2.9482E-09 3.0055E-09 3.0585E-09 3.1072E-09 3.1516E-09 3.1906E-09 3.2253E-09 3.2556E-09 3.2812E-09 3.3021E-09 3.3182E-09 3.3297E-09 3.3367E-09 3.3394E-09 3.3375E-09 3.3311E-09 3.3203E-09 3.3051E-09 3.2856E-09 3.2623E-09 3.2353E-09 3.2045E-09 3.1700E-09 3.1322E-09 3.0915E-09 3.0476E-09 3.0008E-09 2.9513E-09 2.8995E-09 2.8458E-09 2.7899E-09 2.7325E-09 2.6740E-09 2.6149E-09 2.5549E-09 2.4937E-09 2.4307E-09 2.3666E-09 2.3023E-09 2.2387E-09 2.1761E-09 2.1136E-09 2.0501E-09 1.9859E-09 1.9225E-09 1.8618E-09
2.1927E-09 2.2836E-09 2.3719E-09 2.4581E-09 2.5426E-09 2.6262E-09 2.7073E-09 2.7850E-09 2.8598E-09 2.9322E-09 3.0010E-09 3.0656E-09 3.1260E-09 3.1823E-09 3.2337E-09 3.2806E-09 3.3229E-09 3.3606E-09 3.3924E-09 3.4199E-09 3.4427E-09 3.4604E-09 3.4730E-09 3.4805E-09 3.4830E-09 3.4805E-09 3.4732E-09 3.4612E-09 3.4448E-09 3.4240E-09 3.3988E-09 3.3694E-09 3.3363E-09 3.2998E-09 3.2596E-09 3.2161E-09 3.1693E-09 3.1203E-09 3.0683E-09 3.0137E-09 2.9567E-09 2.8978E-09 2.8368E-09 2.7737E-09 2.7097E-09 2.6450E-09 2.5806E-09 2.5156E-09 2.4500E-09 2.3827E-09 2.3147E-09 2.2468E-09 2.1807E-09 2.1154E-09 2.0500E-09 1.9835E-09 1.9176E-09
2.2694E-09 2.3628E-09 2.4547E-09 2.5465E-09 2.6366E-09 2.7233E-09 2.8076E-09 2.8903E-09 2.9699E-09 3.0454E-09 3.1169E-09 3.1850E-09 3.2490E-09 3.3088E-09 3.3641E-09 3.4146E-09 3.4601E-09 3.5007E-09 3.5359E-09 3.5659E-09 3.5892E-09 3.6073E-09 3.6200E-09 3.6276E-09 3.6298E-09 3.6269E-09 3.6190E-09 3.6062E-09 3.5888E-09 3.5665E-09 3.5398E-09 3.5088E-09 3.4735E-09 3.4340E-09 3.3912E-09 3.3450E-09 3.2953E-09 3.2424E-09 3.1868E-09 3.1292E-09 3.0694E-09 3.0077E-09 2.9438E-09 2.8784E-09 2.8111E-09 2.7419E-09 2.6716E-09 2.6012E-09 2.5320E-09 2.4628E-09 2.3934E-09 2.3221E-09 2.2509E-09 2.1805E-09 2.1126E-09 2.0451E-09 1.9766E-09
2.3446E-09 2.4433E-09 2.5419E-09 2.6374E-09 2.7304E-09 2.8226E-09 2.9126E-09 2.9983E-09 3.0808E-09 3.1603E-09 3.2365E-09 3.3087E-09 3.3764E-09 3.4399E-09 3.4990E-09 3.5531E-09 3.6020E-09 3.6451E-09 3.6817E-09 3.7128E-09 3.7380E-09 3.7582E-09 3.7721E-09 3.7805E-09 3.7837E-09 3.7814E-09 3.7734E-09 3.7601E-09 3.7417E-09 3.7182E-09 3.6898E-09 3.6566E-09 3.6191E-09 3.5774E-09 3.5315E-09 3.4817E-09 3.4287E-09 3.3723E-09 3.3128E-09 3.2501E-09 3.1853E-09 3.1195E-09 3.0517E-09 2.9827E-09 2.9125E-09 2.8414E-09 2.7686E-09 2.6940E-09 2.6185E-09 2.5431E-09 2.4701E-09 2.3974E-09 2.3244E-09 2.2499E-09 2.1763E-09 2.1050E-09 2.0352E-09
2.4232E-09 2.5271E-09 2.6286E-09 2.7290E-09 2.8290E-09 2.9249E-09 3.0178E-09 3.1080E-09 3.1960E-09 3.2799E-09 3.3598E-09 3.4357E-09 3.5083E-09 3.5761E-09 3.6379E-09 3.6947E-09 3.7451E-09 3.7904E-09 3.8309E-09 3.8658E-09 3.8943E-09 3.9167E-09 3.9326E-09 3.9425E-09 3.9454E-09 3.9422E-09 3.9332E-09 3.9187E-09 3.8986E-09 3.8731E-09 3.8428E-09 3.8075E-09 3.7676E-09 3.7231E-09 3.6747E-09 3.6225E-09 3.5667E-09 3.5073E-09 3.4448E-09 3.3792E-09 3.3109E-09 3.2398E-09 3.1664E-09 3.0915E-09 3.0159E-09 2.9400E-09 2.8639E-09 2.7875E-09 2.7102E-09 2.6307E-09 2.5509E-09 2.4717E-09 2.3959E-09 2.3204E-09 2.2439E-09 2.1674E-09 2.0929E-09
2.5019E-09 2.6100E-09 2.7187E-09 2.8249E-09 2.9276E-09 3.0280E-09 3.1272E-09 3.2229E-09 3.3143E-09 3.4021E-09 3.4880E-09 3.5685E-09 3.6438E-09 3.7138E-09 3.7786E-09 3.8391E-09 3.8945E-09 3.9452E-09 3.9884E-09 4.0253E-09 4.0554E-09 4.0792E-09 4.0955E-09 4.1054E-09 4.1094E-09 4.1071E-09 4.0978E-09 4.0825E-09 4.0616E-09 4.0349E-09 4.0027E-09 3.9652E-09 3.9224E-09 3.8748E-09 3.8226E-09 3.7663E-09 3.7066E-09 3.6436E-09 3.5772E-09 3.5079E-09 3.4366E-09 3.3631E-09 3.2872E-09 3.2084E-09 3.1278E-09 3.0458E-09 2.9627E-09 2.8803E-09 2.7991E-09 2.7181E-09 2.6365E-09 2.5531E-09 2.4700E-09 2.3889E-09 2.3105E-09 2.2324E-09 2.1536E-09
2.5814E-09 2.6977E-09 2.8100E-09 2.9203E-09 3.0296E-09 3.1369E-09 3.2396E-09 3.3388E-09 3.4373E-09 3.5312E-09 3.6194E-09 3.7027E-09 3.7819E-09 3.8565E-09 3.9280E-09 3.9931E-09 4.0515E-09 4.1027E-09 4.1475E-09 4.1867E-09 4.2189E-09 4.2449E-09 4.2648E-09 4.2785E-09 4.2841E-09 4.2827E-09 4.2745E-09 4.2596E-09 4.2375E-09 4.2093E-09 4.1752E-09 4.1354E-09 4.0900E-09 4.0395E-09 3.9841E-09 3.9242E-09 3.8598E-09 3.7915E-09 3.7196E-09 3.6444E-09 3.5662E-09 3.4865E-09 3.4060E-09 3.3244E-09 3.2412E-09 3.1566E-09 3.0695E-09 2.9813E-09 2.8926E-09 2.8045E-09 2.7192E-09 2.6346E-09 2.5490E-09 2.4626E-09 2.3773E-09 2.2954E-09 2.2149E-09
2.6647E-09 2.7843E-09 2.9023E-09 3.0207E-09 3.1350E-09 3.2459E-09 3.3554E-09 3.4631E-09 3.5641E-09 3.6607E-09 3.7538E-09 3.8434E-09 3.9295E-09 4.0093E-09 4.0819E-09 4.1477E-09 4.2092E-09 4.2647E-09 4.3143E-09 4.3573E-09 4.3931E-09 4.4219E-09 4.4424E-09 4.4558E-09 4.4627E-09 4.4622E-09 4.4533E-09 4.4374E-09 4.4148E-09 4.3855E-09 4.3492E-09 4.3069E-09 4.2588E-09 4.2054E-09 4.1468E-09 4.0834E-09 4.0157E-09 3.9446E-09 3.8697E-09 3.7909E-09 3.7085E-09 3.6232E-09 3.5352E-09 3.4452E-09 3.3546E-09 3.2651E-09 3.1753E-09 3.0848E-09 2.9927E-09 2.8993E-09 2.8059E-09 2.7141E-09 2.6257E-09 2.5381E-09 2.4492E-09 2.3609E-09 2.2749E-09
2.7471E-09 2.8739E-09 2.9998E-09 3.1218E-09 3.2412E-09 3.3618E-09 3.4767E-09 3.5867E-09 3.6930E-09 3.7976E-09 3.8981E-09 3.9927E-09 4.0801E-09 4.1622E-09 4.2396E-09 4.3119E-09 4.3776E-09 4.4362E-09 4.4882E-09 4.5332E-09 4.5715E-09 4.6021E-09 4.6259E-09 4.6418E-09 4.6494E-09 4.6496E-09 4.6809E-09 4.6661E-09 4.6428E-09 4.6121E-09 4.5744E-09 4.5297E-09 4.4402E-09 4.3829E-09 4.3198E-09 4.2513E-09 4.1778E-09 4.1006E-09 4.0206E-09 3.9371E-09 3.8505E-09 3.7613E-09 3.6709E-09 3.5772E-09 3.4804E-09 3.3823E-09 3.2836E-09 3.1862E-09 3.0907E-09 2.9952E-09 2.8986E-09 2.8012E-09 2.7043E-09 2.6108E-09 2.5200E-09 2.4297E-09 2.3388E-09
2.8340E-09 2.9665E-09 3.0966E-09 3.2262E-09 3.3560E-09 3.4789E-09 3.5984E-09 3.7169E-09 3.8320E-09 3.9418E-09 4.0447E-09 4.1432E-09 4.2366E-09 4.3253E-09 4.4070E-09 4.4810E-09 4.5509E-09 4.6137E-09 4.6698E-09 4.7574E-09 4.8004E-09 4.8364E-09 4.8632E-09 4.8808E-09 4.8903E-09 4.8915E-09 4.8836E-09 4.8676E-09 4.8439E-09 4.8124E-09 4.7725E-09 4.7256E-09 4.6720E-09 4.6118E-09 4.5448E-09 4.4719E-09 4.3934E-09 4.3101E-09 4.1849E-09 4.0945E-09 4.0003E-09 3.9034E-09 3.8060E-09 3.7070E-09 3.6068E-09 3.5064E-09 3.4027E-09 3.2976E-09 3.1926E-09 3.0894E-09 2.9891E-09 2.8898E-09 2.7891E-09 2.6887E-09 2.5901E-09 2.4959E-09 2.4033E-09
2.9213E-09 3.0595E-09 3.1993E-09 3.3365E-09 3.4690E-09 3.5995E-09 3.7295E-09 3.8546E-09 3.9735E-09 4.0878E-09 4.1979E-09 4.3031E-09 4.4018E-09 4.4930E-09 4.5783E-09 4.6601E-09 4.7768E-09 4.8464E-09 4.9073E-09 4.9605E-09 5.0043E-09 5.0391E-09 5.0674E-09 5.0872E-09 5.0971E-09 5.0981E-09 5.0906E-09 5.0747E-09 5.0496E-09 5.0163E-09 4.9755E-09 4.9266E-09 4.8696E-09 4.8056E-09 4.7351E-09 4.6585E-09 4.5757E-09 4.4880E-09 4.3962E-09 4.3007E-09 4.2003E-09 4.0962E-09 3.9532E-09 3.8457E-09 3.7363E-09 3.6282E-09 3.5202E-09 3.4125E-09 3.3033E-09 3.1926E-09 3.0827E-09 2.9759E-09 2.8724E-09 2.7698E-09 2.6661E-09 2.5642E-09 2.4658E-09
3.0101E-09 3.1593E-09 3.3043E-09 3.4462E-09 3.5889E-09 3.7286E-09 3.8645E-09 3.9937E-09 4.1208E-09 4.2428E-09 4.3590E-09 4.4677E-09 4.5722E-09 4.7102E-09 4.8064E-09 4.8964E-09 4.9781E-09 5.0497E-09 5.1134E-09 5.1686E-09 5.2157E-09 5.2538E-09 5.3244E-09 5.3461E-09 5.3586E-09 5.3617E-09 5.3546E-09 5.3382E-09 5.3128E-09 5.2784E-09 5.2345E-09 5.1822E-09 5.1222E-09 5.0542E-09 4.9380E-09 4.8561E-09 4.7679E-09 4.6738E-09 4.5748E-09 4.4724E-09 4.3663E-09 4.2571E-09 4.1459E-09 4.0319E-09 3.8773E-09 3.7609E-09 3.6428E-09 3.5262E-09 3.4118E-09 3.2984E-09 3.1842E-09 3.0694E-09 2.9561E-09 2.8477E-09 2.7422E-09 2.6369E-09 2.5319E-09
3.1058E-09 3.2588E-09 3.4103E-09 3.5644E-09 3.7141E-09 3.8599E-09 4.0023E-09 4.1412E-09 4.2756E-09 4.4025E-09 4.5262E-09 4.6847E-09 4.7995E-09 4.9073E-09 5.0067E-09 5.0999E-09 5.1858E-09 5.3041E-09 5.3739E-09 5.4347E-09 5.4867E-09 5.5288E-09 5.5607E-09 5.5828E-09 5.5953E-09 5.5971E-09 5.5902E-09 5.5735E-09 5.5464E-09 5.5097E-09 5.4639E-09 5.4092E-09 5.3452E-09 5.2733E-09 5.1944E-09 5.1080E-09 5.0138E-09 4.9132E-09 4.8072E-09 4.6570E-09 4.5427E-09 4.4246E-09 4.3047E-09 4.1836E-09 4.0608E-09 3.9380E-09 3.8126E-09 3.6504E-09 3.5255E-09 3.4029E-09 3.2835E-09 3.1661E-09 3.0480E-09 2.9302E-09 2.8165E-09 2.7071E-09 2.6004E-09
3.1997E-09 3.3607E-09 3.5245E-09 3.6851E-09 3.8409E-09 3.9964E-09 4.1475E-09 4.2935E-09 4.4355E-09 4.6149E-09 4.7501E-09 4.8781E-09 4.9974E-09 5.1093E-09 5.2564E-09 5.3597E-09 5.4541E-09 5.5381E-09 5.6118E-09 5.6755E-09 5.7299E-09 5.7742E-09 5.8085E-09 5.8315E-09 5.8446E-09 5.8471E-09 5.8390E-09 5.8205E-09 5.7926E-09 5.7545E-09 5.7057E-09 5.6472E-09 5.5797E-09 5.5034E-09 5.4186E-09 5.3260E-09 5.2269E-09 5.1208E-09 5.0083E-09 4.8916E-09 4.7704E-09 4.6442E-09 4.4754E-09 4.3450E-09 4.2123E-09 4.0802E-09 3.9481E-09 3.8170E-09 3.6848E-09 3.5167E-09 3.3866E-09 3.2604E-09 3.1381E-09 3.0175E-09 2.8970E-09 2.7786E-09 2.6655E-09
3.2969E-09 3.4692E-09 3.6406E-09 3.8078E-09 3.9742E-09 4.1384E-09 4.2960E-09 4.4954E-09 4.6514E-09 4.8009E-09 4.9412E-09 5.0764E-09 5.2466E-09 5.3706E-09 5.4868E-09 5.5947E-09 5.6942E-09 5.7835E-09 5.8616E-09 5.9735E-09 6.0318E-09 6.0807E-09 6.1179E-09 6.1432E-09 6.1575E-09 6.1604E-09 6.1523E-09 6.1329E-09 6.1020E-09 6.0601E-09 6.0085E-09 5.9466E-09 5.8739E-09 5.7918E-09 5.7010E-09 5.5587E-09 5.4526E-09 5.3390E-09 5.2195E-09 5.0942E-09 4.9644E-09 4.8306E-09 4.6945E-09 4.5557E-09 4.3738E-09 4.2327E-09 4.0899E-09 3.9485E-09 3.8092E-09 3.6718E-09 3.4971E-09 3.3625E-09 3.2296E-09 3.1020E-09 2.9782E-09 2.8555E-09 2.7335E-09
3.3985E-09 3.5796E-09 3.7582E-09 3.9358E-09 4.1120E-09 4.2850E-09 4.5014E-09 4.6711E-09 4.8332E-09 4.9908E-09 5.1847E-09 5.3331E-09 5.4733E-09 5.6037E-09 5.7268E-09 5.8424E-09 5.9938E-09 6.0901E-09 6.1755E-09 6.2507E-09 6.3124E-09 6.3627E-09 6.4022E-09 6.4305E-09 6.4454E-09 6.4480E-09 6.4389E-09 6.4176E-09 6.3847E-09 6.3402E-09 6.2839E-09 6.2165E-09 6.1394E-09 6.0524E-09 5.9549E-09 5.8490E-09 5.7355E-09 5.6143E-09 5.4854E-09 5.3082E-09 5.1707E-09 5.0275E-09 4.8805E-09 4.7321E-09 4.5820E-09 4.4319E-09 4.2399E-09 4.0898E-09 3.9392E-09 3.7914E-09 3.6469E-09 3.5051E-09 3.3280E-09 3.1905E-09 3.0577E-09 2.9294E-09 2.8043E-09
3.5023E-09 3.6917E-09 3.8803E-09 4.0676E-09 4.2969E-09 4.4877E-09 4.6714E-09 4.8491E-09 5.0664E-09 5.2379E-09 5.4037E-09 5.5596E-09 5.7078E-09 5.8931E-09 6.0274E-09 6.1536E-09 6.2695E-09 6.3735E-09 6.4657E-09 6.5448E-09 6.6120E-09 6.6669E-09 6.7082E-09 6.7838E-09 6.7997E-09 6.8029E-09 6.7924E-09 6.7689E-09 6.7330E-09 6.6844E-09 6.6239E-09 6.5058E-09 6.4226E-09 6.3283E-09 6.2247E-09 6.1117E-09 5.9892E-09 5.8587E-09 5.7213E-09 5.5780E-09 5.4296E-09 5.2763E-09 5.0778E-09 4.9195E-09 4.7582E-09 4.5965E-09 4.4353E-09 4.2758E-09 4.0763E-09 3.9194E-09 3.7635E-09 3.6122E-09 3.4654E-09 3.2834E-09 3.1419E-09 3.0037E-09 2.8710E-09
3.6076E-09 3.8066E-09 4.0047E-09 4.2514E-09 4.4541E-09 4.6507E-09 4.8877E-09 5.0826E-09 5.2726E-09 5.4534E-09 5.6287E-09 5.8423E-09 6.0037E-09 6.1563E-09 6.3004E-09 6.4364E-09 6.5616E-09 6.7211E-09 6.8223E-09 6.9091E-09 6.9815E-09 7.0394E-09 7.0836E-09 7.1149E-09 7.1310E-09 7.1331E-09 7.1218E-09 7.0971E-09 7.0578E-09 7.0052E-09 6.9397E-09 6.8615E-09 6.7714E-09 6.6698E-09 6.5568E-09 6.4339E-09 6.2568E-09 6.1187E-09 5.9714E-09 5.8176E-09 5.6583E-09 5.4941E-09 5.3266E-09 5.1569E-09 4.9430E-09 4.7716E-09 4.5986E-09 4.4266E-09 4.2573E-09 4.0908E-09 3.8868E-09 3.7251E-09 3.5668E-09 3.4137E-09 3.2266E-09 3.0817E-09 2.9396E-09
3.7142E-09 3.9229E-09 4.1840E-09 4.3994E-09 4.6094E-09 4.8664E-09 5.0778E-09 5.2837E-09 5.4838E-09 5.7247E-09 5.9144E-09 6.0965E-09 6.2691E-09 6.4330E-09 6.6371E-09 6.7860E-09 6.9217E-09 7.0441E-09 7.1534E-09 7.2465E-09 7.3246E-09 7.3873E-09 7.4345E-09 7.4666E-09 7.4839E-09 7.4873E-09 7.4741E-09 7.4460E-09 7.4038E-09 7.3476E-09 7.2765E-09 7.1918E-09 7.0945E-09 6.9847E-09 6.8636E-09 6.7317E-09 6.5894E-09 6.4385E-09 6.2801E-09 6.0692E-09 5.8995E-09 5.7241E-09 5.5448E-09 5.3625E-09 5.1783E-09 4.9946E-09 4.7688E-09 4.5869E-09 4.4052E-09 4.2263E-09 4.0521E-09 3.8413E-09 3.6739E-09 3.5087E-09 3.3498E-09 3.1971E-09 3.0120E-09
3.8216E-09 4.0954E-09 4.3229E-09 4.5471E-09 4.8212E-09 5.0498E-09 5.2707E-09 5.5372E-09 5.7542E-09 5.9645E-09 6.1669E-09 6.3622E-09 6.5984E-09 6.7780E-09 6.9478E-09 7.1070E-09 7.2516E-09 7.3833E-09 7.5005E-09 7.6022E-09 7.6877E-09 7.7559E-09 7.8078E-09 7.8433E-09 7.8618E-09 7.8642E-09 7.8507E-09 7.8219E-09 7.7754E-09 7.7131E-09 7.6363E-09 7.5451E-09 7.4388E-09 7.3199E-09 7.1891E-09 7.0468E-09 6.8941E-09 6.7320E-09 6.5610E-09 6.3829E-09 6.1993E-09 6.0106E-09 5.7730E-09 5.5789E-09 5.3825E-09 5.1851E-09 4.9879E-09 4.7932E-09 4.5593E-09 4.3696E-09 4.1818E-09 3.9985E-09 3.8207E-09 3.6080E-09 3.4383E-09 3.2755E-09 3.1206E-09
3.9829E-09 4.2228E-09 4.5050E-09 4.7525E-09 4.9952E-09 5.2346E-09 5.5233E-09 5.7585E-09 5.9882E-09 6.2138E-09 6.4822E-09 6.6952E-09 6.8982E-09 7.0911E-09 7.2731E-09 7.4416E-09 7.5969E-09 7.7393E-09 7.8670E-09 7.9780E-09 8.0721E-09 8.1494E-09 8.2083E-09 8.2485E-09 8.2706E-09 8.2744E-09 8.2593E-09 8.2262E-09 8.1761E-09 8.1099E-09 8.0255E-09 7.9254E-09 7.8108E-09 7.6823E-09 7.5394E-09 7.3843E-09 7.2181E-09 7.0420E-09 6.8584E-09 6.6672E-09 6.4691E-09 6.2661E-09 6.0596E-09 5.8503E-09 5.5945E-09 5.3848E-09 5.1747E-09 4.9657E-09 4.7597E-09 4.5151E-09 4.3175E-09 4.1213E-09 3.9301E-09 3.7467E-09 3.5302E-09 3.3578E-09 3.1923E-09
4.0981E-09 4.3942E-09 4.6557E-09 4.9139E-09 5.2197E-09 5.4808E-09 5.7349E-09 5.9862E-09 6.2850E-09 6.5291E-09 6.7657E-09 6.9928E-09 7.2110E-09 7.4172E-09 7.6105E-09 7.7917E-09 7.9601E-09 8.1153E-09 8.2567E-09 8.3806E-09 8.4855E-09 8.5687E-09 8.6320E-09 8.6760E-09 8.7005E-09 8.7047E-09 8.6893E-09 8.6544E-09 8.5998E-09 8.5266E-09 8.4361E-09 8.3293E-09 8.2048E-09 8.0651E-09 7.9119E-09 7.7458E-09 7.5661E-09 7.3756E-09 7.1758E-09 6.9679E-09 6.7541E-09 6.5362E-09 6.3139E-09 6.0893E-09 5.8635E-09 5.6373E-09 5.3681E-09 5.1462E-09 4.9258E-09 4.7079E-09 4.4954E-09 4.2470E-09 4.0451E-09 3.8482E-09 3.6606E-09 3.4413E-09 3.2674E-09
4.2562E-09 4.5309E-09 4.8037E-09 5.1294E-09 5.4069E-09 5.6802E-09 6.0048E-09 6.2791E-09 6.5460E-09 6.8060E-09 7.0585E-09 7.3016E-09 7.5339E-09 7.7548E-09 7.9637E-09 8.1614E-09 8.3466E-09 8.5164E-09 8.6683E-09 8.8019E-09 8.9145E-09 9.0064E-09 9.0779E-09 9.1284E-09 9.1570E-09 9.1641E-09 9.1494E-09 9.1126E-09 9.0548E-09 8.9763E-09 8.8773E-09 8.7594E-09 8.6242E-09 8.4730E-09 8.3054E-09 8.1246E-09 7.9317E-09 7.7279E-09 7.5132E-09 7.2894E-09 7.0582E-09 6.8217E-09 6.5815E-09 6.3407E-09 6.0982E-09 5.8561E-09 5.6152E-09 5.3310E-09 5.0973E-09 4.8651E-09 4.6375E-09 4.4165E-09 4.1617E-09 3.9551E-09 3.7544E-09 3.5632E-09 3.3419E-09
