Assets/Resources/2015_m01_d23_0900(utc+0800)_l00_csi_1hr_conc.grd
DSAA
         159         159
     -79.000      79.000
     -79.000      79.000
  0.0000E+00  0.1583E-05
[rows 25 to 49 of 159, columns 57 to 113 of 159]
1.4281E-09 1.4945E-09 1.5619E-09 1.6311E-09 1.7010E-09 1.7722E-09 1.8449E-09 1.9182E-09 1.9929E-09 2.0681E-09 2.1440E-09 2.2210E-09 2.2983E-09 2.3760E-09 2.4546E-09 2.5335E-09 2.6117E-09 2.6910E-09 2.7697E-09 2.8484E-09 2.9416E-09 3.0212E-09 3.1004E-09 3.2034E-09 3.2839E-09 3.3639E-09 3.4557E-09 3.5483E-09 3.6286E-09 3.7204E-09 3.8124E-09 3.8926E-09 3.9719E-09 4.0633E-09 4.1666E-09 4.2463E-09 4.3374E-09 4.4283E-09 4.5190E-09 4.5977E-09 4.6747E-09 4.7644E-09 4.8537E-09 4.9424E-09 5.0305E-09 5.1055E-09 5.1931E-09 5.2798E-09 5.3657E-09 5.4506E-09 5.5222E-09 5.5920E-09 5.6750E-09 5.7565E-09 5.8364E-09 5.9145E-09 5.9781E-09
1.4318E-09 1.4974E-09 1.5649E-09 1.6337E-09 1.7033E-09 1.7740E-09 1.8463E-09 1.9193E-09 1.9936E-09 2.0683E-09 2.1439E-09 2.2205E-09 2.2974E-09 2.3753E-09 2.4531E-09 2.5313E-09 2.6101E-09 2.6887E-09 2.7672E-09 2.8602E-09 2.9399E-09 3.0194E-09 3.1109E-09 3.2036E-09 3.2844E-09 3.3770E-09 3.4703E-09 3.5523E-09 3.6455E-09 3.7392E-09 3.8213E-09 3.9027E-09 3.9963E-09 4.1023E-09 4.1847E-09 4.2789E-09 4.3732E-09 4.4675E-09 4.5499E-09 4.6310E-09 4.7252E-09 4.8192E-09 4.9131E-09 5.0066E-09 5.0871E-09 5.1807E-09 5.2739E-09 5.3666E-09 5.4587E-09 5.5373E-09 5.6289E-09 5.7195E-09 5.7958E-09 5.8846E-09 5.9720E-09 6.0856E-09 6.1984E-09
1.4346E-09 1.4999E-09 1.5670E-09 1.6349E-09 1.7045E-09 1.7753E-09 1.8463E-09 1.9193E-09 1.9932E-09 2.0675E-09 2.1427E-09 2.2190E-09 2.2955E-09 2.3730E-09 2.4505E-09 2.5284E-09 2.6070E-09 2.6852E-09 2.7773E-09 2.8575E-09 2.9371E-09 3.0286E-09 3.1216E-09 3.2030E-09 3.2961E-09 3.3902E-09 3.4733E-09 3.5552E-09 3.6627E-09 3.7464E-09 3.8297E-09 3.9254E-09 4.0336E-09 4.1185E-09 4.2155E-09 4.3128E-09 4.4105E-09 4.4965E-09 4.5814E-09 4.6797E-09 4.7908E-09 4.8893E-09 4.9758E-09 5.0615E-09 5.1610E-09 5.2605E-09 5.3598E-09 5.4589E-09 5.5445E-09 5.6438E-09 5.7427E-09 5.8408E-09 5.9381E-09 6.0609E-09 6.1460E-09 6.2702E-09 6.3940E-09
1.4361E-09 1.5015E-09 1.5681E-09 1.6357E-09 1.7049E-09 1.7748E-09 1.8458E-09 1.9183E-09 1.9914E-09 2.0658E-09 2.1410E-09 2.2160E-09 2.2926E-09 2.3698E-09 2.4470E-09 2.5245E-09 2.6028E-09 2.6942E-09 2.7737E-09 2.8537E-09 2.9451E-09 3.0376E-09 3.1198E-09 3.2010E-09 3.3078E-09 3.3914E-09 3.4748E-09 3.5831E-09 3.6684E-09 3.7532E-09 3.8506E-09 3.9608E-09 4.0480E-09 4.1474E-09 4.2475E-09 4.3483E-09 4.4375E-09 4.5260E-09 4.6410E-09 4.7436E-09 4.8467E-09 4.9380E-09 5.0288E-09 5.1339E-09 5.2524E-09 5.3578E-09 5.4510E-09 5.5435E-09 5.6504E-09 5.7573E-09 5.8639E-09 5.9701E-09 6.1032E-09 6.2369E-09 6.3711E-09 6.5459E-09 6.6488E-09
1.4377E-09 1.5026E-09 1.5680E-09 1.6356E-09 1.7043E-09 1.7738E-09 1.8448E-09 1.9165E-09 1.9891E-09 2.0631E-09 2.1374E-09 2.2130E-09 2.2888E-09 2.3651E-09 2.4425E-09 2.5201E-09 2.5972E-09 2.6898E-09 2.7696E-09 2.8486E-09 2.9528E-09 3.0348E-09 3.1167E-09 3.2235E-09 3.3078E-09 3.3920E-09 3.4888E-09 3.5873E-09 3.6736E-09 3.7723E-09 3.8721E-09 3.9733E-09 4.0749E-09 4.1774E-09 4.2809E-09 4.3732E-09 4.4649E-09 4.5835E-09 4.6901E-09 4.7974E-09 4.8932E-09 5.0026E-09 5.1128E-09 5.2237E-09 5.3353E-09 5.4348E-09 5.5483E-09 5.6623E-09 5.7766E-09 5.8911E-09 5.9930E-09 6.1361E-09 6.2806E-09 6.4261E-09 6.6144E-09 6.7692E-09 6.9250E-09
1.4380E-09 1.5021E-09 1.5675E-09 1.6345E-09 1.7024E-09 1.7719E-09 1.8425E-09 1.9133E-09 1.9859E-09 2.0595E-09 2.1335E-09 2.2086E-09 2.2840E-09 2.3600E-09 2.4370E-09 2.5139E-09 2.6050E-09 2.6844E-09 2.7636E-09 2.8553E-09 2.9489E-09 3.0310E-09 3.1257E-09 3.2222E-09 3.3070E-09 3.4044E-09 3.5035E-09 3.5909E-09 3.6908E-09 3.7919E-09 3.8948E-09 3.9854E-09 4.1027E-09 4.2086E-09 4.3036E-09 4.3983E-09 4.5202E-09 4.6303E-09 4.7416E-09 4.8417E-09 4.9556E-09 5.0708E-09 5.1872E-09 5.3046E-09 5.4102E-09 5.5304E-09 5.6515E-09 5.7735E-09 5.8961E-09 6.0456E-09 6.1974E-09 6.3512E-09 6.4709E-09 6.6723E-09 6.8400E-09 7.0094E-09 7.2241E-09
1.4376E-09 1.5007E-09 1.5661E-09 1.6327E-09 1.7002E-09 1.7692E-09 1.8389E-09 1.9101E-09 1.9823E-09 2.0546E-09 2.1286E-09 2.2034E-09 2.2780E-09 2.3540E-09 2.4306E-09 2.5206E-09 2.5994E-09 2.6782E-09 2.7691E-09 2.8622E-09 2.9442E-09 3.0386E-09 3.1346E-09 3.2202E-09 3.3178E-09 3.4169E-09 3.5056E-09 3.6063E-09 3.7085E-09 3.8126E-09 3.9049E-09 4.0238E-09 4.1317E-09 4.2292E-09 4.3265E-09 4.4383E-09 4.5645E-09 4.6794E-09 4.7833E-09 4.9015E-09 5.0214E-09 5.1428E-09 5.2657E-09 5.3771E-09 5.5036E-09 5.6315E-09 5.7608E-09 5.8913E-09 6.0497E-09 6.2110E-09 6.3750E-09 6.5416E-09 6.7581E-09 6.8992E-09 7.0822E-09 7.3125E-09 7.5773E-09
1.4359E-09 1.4991E-09 1.5644E-09 1.6297E-09 1.6971E-09 1.7657E-09 1.8350E-09 1.9057E-09 1.9771E-09 2.0493E-09 2.1230E-09 2.1969E-09 2.2719E-09 2.3476E-09 2.4229E-09 2.5139E-09 2.5925E-09 2.6706E-09 2.7744E-09 2.8566E-09 2.9383E-09 3.0461E-09 3.1318E-09 3.2170E-09 3.3286E-09 3.4179E-09 3.5067E-09 3.6220E-09 3.7267E-09 3.8208E-09 3.9285E-09 4.0505E-09 4.1500E-09 4.2497E-09 4.3640E-09 4.4929E-09 4.6110E-09 4.7184E-09 4.8405E-09 4.9645E-09 5.0906E-09 5.2186E-09 5.3354E-09 5.4678E-09 5.6022E-09 5.7385E-09 5.8765E-09 6.0432E-09 6.2136E-09 6.3875E-09 6.6058E-09 6.7935E-09 6.9850E-09 7.2220E-09 7.4286E-09 7.7091E-09 7.9978E-09
1.4336E-09 1.4971E-09 1.5611E-09 1.6264E-09 1.6934E-09 1.7610E-09 1.8303E-09 1.9006E-09 1.9710E-09 2.0433E-09 2.1165E-09 2.1899E-09 2.2646E-09 2.3394E-09 2.4285E-09 2.5064E-09 2.5843E-09 2.6749E-09 2.7680E-09 2.8497E-09 2.9445E-09 3.0418E-09 3.1275E-09 3.2264E-09 3.3278E-09 3.4175E-09 3.5207E-09 3.6382E-09 3.7334E-09 3.8422E-09 3.9652E-09 4.0664E-09 4.1681E-09 4.2845E-09 4.4157E-09 4.5365E-09 4.6472E-09 4.7589E-09 4.9005E-09 5.0308E-09 5.1634E-09 5.2853E-09 5.4232E-09 5.5636E-09 5.7063E-09 5.8514E-09 6.0259E-09 6.2049E-09 6.3883E-09 6.6173E-09 6.8160E-09 7.0195E-09 7.2701E-09 7.4906E-09 7.7875E-09 8.1557E-09 8.4318E-09
1.4310E-09 1.4940E-09 1.5572E-09 1.6224E-09 1.6889E-09 1.7561E-09 1.8249E-09 1.8943E-09 1.9652E-09 2.0370E-09 2.1088E-09 2.1823E-09 2.2565E-09 2.3304E-09 2.4205E-09 2.4981E-09 2.5875E-09 2.6794E-09 2.7607E-09 2.8547E-09 2.9512E-09 3.0367E-09 3.1352E-09 3.2363E-09 3.3263E-09 3.4296E-09 3.5470E-09 3.6430E-09 3.7525E-09 3.8643E-09 3.9789E-09 4.0822E-09 4.2002E-09 4.3208E-09 4.4564E-09 4.5698E-09 4.6846E-09 4.8294E-09 4.9634E-09 5.1003E-09 5.2267E-09 5.3696E-09 5.5155E-09 5.6644E-09 5.8160E-09 5.9978E-09 6.1848E-09 6.3770E-09 6.6160E-09 6.8252E-09 7.0401E-09 7.3037E-09 7.6032E-09 7.9143E-09 8.2367E-09 8.5308E-09 8.7737E-09
1.4282E-09 1.4900E-09 1.5530E-09 1.6182E-09 1.6833E-09 1.7505E-09 1.8188E-09 1.8873E-09 1.9581E-09 2.0290E-09 2.1008E-09 2.1738E-09 2.2471E-09 2.3351E-09 2.4121E-09 2.4885E-09 2.5905E-09 2.6715E-09 2.7523E-09 2.8595E-09 2.9450E-09 3.0305E-09 3.1430E-09 3.2334E-09 3.3239E-09 3.4418E-09 3.5501E-09 3.6472E-09 3.7722E-09 3.8871E-09 3.9922E-09 4.1115E-09 4.2336E-09 4.3709E-09 4.4867E-09 4.6042E-09 4.7382E-09 4.8889E-09 5.0294E-09 5.1600E-09 5.3074E-09 5.4583E-09 5.6126E-09 5.7704E-09 5.9587E-09 6.1531E-09 6.3534E-09 6.6016E-09 6.8206E-09 7.0463E-09 7.3220E-09 7.6347E-09 7.9607E-09 8.2996E-09 8.6113E-09 8.8719E-09 9.1377E-09
1.4244E-09 1.4852E-09 1.5482E-09 1.6125E-09 1.6776E-09 1.7442E-09 1.8116E-09 1.8805E-09 1.9504E-09 2.0203E-09 2.0921E-09 2.1647E-09 2.2370E-09 2.3263E-09 2.4021E-09 2.4906E-09 2.5818E-09 2.6623E-09 2.7559E-09 2.8524E-09 2.9378E-09 3.0490E-09 3.1388E-09 3.2296E-09 3.3468E-09 3.4544E-09 3.5523E-09 3.6647E-09 3.7925E-09 3.8985E-09 4.0057E-09 4.1419E-09 4.2684E-09 4.3981E-09 4.5179E-09 4.6542E-09 4.8074E-09 4.9511E-09 5.0854E-09 5.2366E-09 5.3919E-09 5.5512E-09 5.7145E-09 5.9087E-09 6.1097E-09 6.3536E-09 6.5739E-09 6.8020E-09 7.0378E-09 7.3245E-09 7.6495E-09 7.9892E-09 8.3436E-09 8.6719E-09 8.9498E-09 9.2341E-09 9.5245E-09
1.4196E-09 1.4804E-09 1.5433E-09 1.6062E-09 1.6712E-09 1.7374E-09 1.8038E-09 1.8726E-09 1.9415E-09 2.0115E-09 2.0827E-09 2.1543E-09 2.2412E-09 2.3163E-09 2.3913E-09 2.4924E-09 2.5724E-09 2.6523E-09 2.7594E-09 2.8446E-09 2.9426E-09 3.0436E-09 3.1340E-09 3.2381E-09 3.3573E-09 3.4553E-09 3.5674E-09 3.6949E-09 3.8015E-09 3.9095E-09 4.0332E-09 4.1735E-09 4.3045E-09 4.4261E-09 4.5642E-09 4.7063E-09 4.8656E-09 5.0030E-09 5.1577E-09 5.3168E-09 5.4804E-09 5.6485E-09 5.8478E-09 6.0547E-09 6.3053E-09 6.5329E-09 6.7692E-09 7.0142E-09 7.3110E-09 7.6469E-09 8.0371E-09 8.3679E-09 8.7118E-09 9.0062E-09 9.3083E-09 9.6180E-09 9.9346E-09
1.4143E-09 1.4749E-09 1.5369E-09 1.5993E-09 1.6643E-09 1.7295E-09 1.7962E-09 1.8641E-09 1.9321E-09 2.0019E-09 2.0726E-09 2.1432E-09 2.2309E-09 2.3052E-09 2.3923E-09 2.4824E-09 2.5619E-09 2.6668E-09 2.7512E-09 2.8357E-09 2.9473E-09 3.0375E-09 3.1282E-09 3.2468E-09 3.3564E-09 3.4553E-09 3.5829E-09 3.7017E-09 3.8101E-09 3.9341E-09 4.0744E-09 4.2063E-09 4.3292E-09 4.4686E-09 4.6124E-09 4.7734E-09 4.9135E-09 5.0567E-09 5.2331E-09 5.4005E-09 5.5728E-09 5.7764E-09 5.9884E-09 6.2087E-09 6.4786E-09 6.7222E-09 6.9754E-09 7.2812E-09 7.5613E-09 8.0282E-09 8.3719E-09 8.7303E-09 9.0403E-09 9.3594E-09 9.6874E-09 1.0024E-08 1.0368E-08
1.4084E-09 1.4690E-09 1.5301E-09 1.5928E-09 1.6567E-09 1.7210E-09 1.7877E-09 1.8545E-09 1.9224E-09 1.9921E-09 2.0615E-09 2.1465E-09 2.2199E-09 2.2933E-09 2.3931E-09 2.4718E-09 2.5629E-09 2.6573E-09 2.7414E-09 2.8390E-09 2.9400E-09 3.0305E-09 3.1351E-09 3.2557E-09 3.3547E-09 3.4686E-09 3.5989E-09 3.7078E-09 3.8185E-09 3.9594E-09 4.1038E-09 4.2277E-09 4.3544E-09 4.5127E-09 4.6624E-09 4.8171E-09 4.9628E-09 5.1275E-09 5.3117E-09 5.4876E-09 5.6947E-09 5.9109E-09 6.1361E-09 6.4112E-09 6.6611E-09 6.9216E-09 7.2351E-09 7.5242E-09 7.9622E-09 8.3553E-09 8.7268E-09 9.0513E-09 9.3864E-09 9.7318E-09 1.0087E-08 1.0452E-08 1.0826E-08
1.4025E-09 1.4626E-09 1.5226E-09 1.5853E-09 1.6483E-09 1.7124E-09 1.7785E-09 1.8444E-09 1.9122E-09 1.9809E-09 2.0496E-09 2.1353E-09 2.2078E-09 2.2932E-09 2.3819E-09 2.4599E-09 2.5638E-09 2.6472E-09 2.7309E-09 2.8422E-09 2.9322E-09 3.0355E-09 3.1542E-09 3.2526E-09 3.3655E-09 3.4944E-09 3.6031E-09 3.7138E-09 3.8409E-09 3.9856E-09 4.1220E-09 4.2494E-09 4.3946E-09 4.5584E-09 4.7143E-09 4.8619E-09 5.0285E-09 5.2147E-09 5.3934E-09 5.5645E-09 5.8226E-09 6.0519E-09 6.2911E-09 6.5862E-09 6.8528E-09 7.1728E-09 7.4698E-09 7.9149E-09 8.3179E-09 8.7010E-09 9.0389E-09 9.3887E-09 9.7503E-09 1.0123E-08 1.0508E-08 1.0903E-08 1.1310E-08
1.3965E-09 1.4553E-09 1.5152E-09 1.5773E-09 1.6392E-09 1.7032E-09 1.7684E-09 1.8336E-09 1.9013E-09 1.9690E-09 2.0514E-09 2.1234E-09 2.1950E-09 2.2929E-09 2.3700E-09 2.4474E-09 2.5530E-09 2.6360E-09 2.7328E-09 2.8333E-09 2.9233E-09 3.0405E-09 3.1496E-09 3.2487E-09 3.3766E-09 3.4964E-09 3.6067E-09 3.7330E-09 3.8767E-09 4.0127E-09 4.1403E-09 4.2855E-09 4.4362E-09 4.6057E-09 4.7546E-09 4.9224E-09 5.0965E-09 5.2907E-09 5.4646E-09 5.6859E-09 5.9564E-09 6.1995E-09 6.4584E-09 6.7695E-09 7.0537E-09 7.3982E-09 7.7859E-09 8.2597E-09 8.6529E-09 9.0029E-09 9.3661E-09 9.7425E-09 1.0132E-08 1.0534E-08 1.0949E-08 1.1381E-08 1.1830E-08
1.3897E-09 1.4475E-09 1.5073E-09 1.5684E-09 1.6297E-09 1.6940E-09 1.7577E-09 1.8232E-09 1.8898E-09 1.9564E-09 2.0398E-09 2.1104E-09 2.1939E-09 2.2811E-09 2.3571E-09 2.4595E-09 2.5415E-09 2.6241E-09 2.7345E-09 2.8238E-09 2.9267E-09 3.0456E-09 3.1441E-09 3.2575E-09 3.3878E-09 3.4977E-09 3.6099E-09 3.7528E-09 3.9002E-09 4.0277E-09 4.1588E-09 4.3227E-09 4.4919E-09 4.6415E-09 4.7957E-09 4.9849E-09 5.1669E-09 5.3560E-09 5.5787E-09 5.8503E-09 6.0961E-09 6.3581E-09 6.6721E-09 6.9612E-09 7.2696E-09 7.7023E-09 8.1193E-09 8.5827E-09 8.9433E-09 9.3184E-09 9.7082E-09 1.0113E-08 1.0531E-08 1.0965E-08 1.1419E-08 1.1892E-08 1.2378E-08
1.3821E-09 1.4392E-09 1.4993E-09 1.5590E-09 1.6206E-09 1.6834E-09 1.7464E-09 1.8118E-09 1.8773E-09 1.9573E-09 2.0272E-09 2.0968E-09 2.1926E-09 2.2679E-09 2.3435E-09 2.4474E-09 2.5290E-09 2.6245E-09 2.7244E-09 2.8132E-09 2.9300E-09 3.0389E-09 3.1380E-09 3.2665E-09 3.3873E-09 3.4986E-09 3.6267E-09 3.7730E-09 3.9119E-09 4.0427E-09 4.1919E-09 4.3609E-09 4.5231E-09 4.6778E-09 4.8528E-09 5.0493E-09 5.2394E-09 5.4626E-09 5.6976E-09 5.9817E-09 6.2455E-09 6.5234E-09 6.8538E-09 7.1661E-09 7.6008E-09 8.0221E-09 8.4908E-09 8.8604E-09 9.2458E-09 9.6473E-09 1.0065E-08 1.0499E-08 1.0949E-08 1.1424E-08 1.1918E-08 1.2425E-08 1.2941E-08
1.3739E-09 1.4309E-09 1.4901E-09 1.5490E-09 1.6105E-09 1.6723E-09 1.7351E-09 1.7998E-09 1.8642E-09 1.9447E-09 2.0136E-09 2.0826E-09 2.1795E-09 2.2540E-09 2.3422E-09 2.4347E-09 2.5158E-09 2.6248E-09 2.7129E-09 2.8149E-09 2.9332E-09 3.0313E-09 3.1447E-09 3.2756E-09 3.3860E-09 3.4991E-09 3.6437E-09 3.7937E-09 3.9236E-09 4.0576E-09 4.2257E-09 4.4001E-09 4.5547E-09 4.7292E-09 4.9251E-09 5.1155E-09 5.3000E-09 5.5732E-09 5.8210E-09 6.0819E-09 6.4009E-09 6.6953E-09 7.0473E-09 7.3795E-09 7.9060E-09 8.3184E-09 8.7548E-09 9.1489E-09 9.5603E-09 9.9893E-09 1.0436E-08 1.0901E-08 1.1394E-08 1.1908E-08 1.2434E-08 1.2971E-08 1.3523E-08
1.3654E-09 1.4227E-09 1.4803E-09 1.5391E-09 1.6000E-09 1.6606E-09 1.7232E-09 1.7868E-09 1.8506E-09 1.9319E-09 1.9994E-09 2.0805E-09 2.1658E-09 2.2395E-09 2.3412E-09 2.4210E-09 2.5148E-09 2.6133E-09 2.7008E-09 2.8165E-09 2.9247E-09 3.0232E-09 3.1515E-09 3.2726E-09 3.3842E-09 3.5131E-09 3.6734E-09 3.8021E-09 3.9350E-09 4.1008E-09 4.2732E-09 4.4271E-09 4.5866E-09 4.7819E-09 4.9850E-09 5.1698E-09 5.4029E-09 5.6879E-09 5.9489E-09 6.2275E-09 6.5620E-09 6.8737E-09 7.2482E-09 7.6707E-09 8.1869E-09 8.6274E-09 9.0283E-09 9.4478E-09 9.8864E-09 1.0344E-08 1.0822E-08 1.1331E-08 1.1861E-08 1.2405E-08 1.2962E-08 1.3536E-08 1.4127E-08
1.3565E-09 1.4136E-09 1.4702E-09 1.5287E-09 1.5885E-09 1.6484E-09 1.7113E-09 1.7733E-09 1.8506E-09 1.9177E-09 1.9846E-09 2.0786E-09 2.1511E-09 2.2371E-09 2.3274E-09 2.4068E-09 2.5137E-09 2.6003E-09 2.6881E-09 2.8180E-09 2.9151E-09 3.0277E-09 3.1587E-09 3.2686E-09 3.3819E-09 3.5400E-09 3.6787E-09 3.8101E-09 3.9602E-09 4.1307E-09 4.2956E-09 4.4541E-09 4.6335E-09 4.8357E-09 5.0330E-09 5.2247E-09 5.5093E-09 5.8064E-09 6.0839E-09 6.4165E-09 6.7286E-09 7.0622E-09 7.5229E-09 7.9746E-09 8.4791E-09 8.8850E-09 9.3107E-09 9.7568E-09 1.0224E-08 1.0712E-08 1.1234E-08 1.1778E-08 1.2337E-08 1.2912E-08 1.3506E-08 1.4120E-08 1.4752E-08
1.3476E-09 1.4036E-09 1.4595E-09 1.5179E-09 1.5766E-09 1.6363E-09 1.6980E-09 1.7593E-09 1.8374E-09 1.9030E-09 1.9692E-09 2.0642E-09 2.1358E-09 2.2345E-09 2.3128E-09 2.3919E-09 2.5005E-09 2.5868E-09 2.7007E-09 2.8075E-09 2.9050E-09 3.0322E-09 3.1528E-09 3.2641E-09 3.3931E-09 3.5542E-09 3.6836E-09 3.8178E-09 3.9857E-09 4.1611E-09 4.3180E-09 4.4810E-09 4.6813E-09 4.8905E-09 5.0814E-09 5.3616E-09 5.6553E-09 5.8914E-09 6.2231E-09 6.5712E-09 6.9038E-09 7.2568E-09 7.8089E-09 8.3113E-09 8.7203E-09 9.1502E-09 9.6017E-09 1.0076E-08 1.0572E-08 1.1104E-08 1.1660E-08 1.2232E-08 1.2822E-08 1.3434E-08 1.4067E-08 1.4721E-08 1.5407E-08
1.3387E-09 1.3932E-09 1.4485E-09 1.5066E-09 1.5641E-09 1.6241E-09 1.6842E-09 1.7449E-09 1.8233E-09 1.8878E-09 1.9783E-09 2.0490E-09 2.1201E-09 2.2202E-09 2.2975E-09 2.4019E-09 2.4867E-09 2.5726E-09 2.7004E-09 2.7961E-09 2.9073E-09 3.0371E-09 3.1463E-09 3.2591E-09 3.4170E-09 3.5561E-09 3.6880E-09 3.8392E-09 4.0116E-09 4.1789E-09 4.3400E-09 4.5230E-09 4.7431E-09 4.9325E-09 5.1704E-09 5.4616E-09 5.7315E-09 6.0198E-09 6.3663E-09 6.6931E-09 7.0841E-09 7.5645E-09 8.0666E-09 8.5355E-09 8.9677E-09 9.4233E-09 9.9018E-09 1.0404E-08 1.0942E-08 1.1508E-08 1.2091E-08 1.2694E-08 1.3320E-08 1.3971E-08 1.4644E-08 1.5339E-08 1.6092E-08
1.3290E-09 1.3825E-09 1.4379E-09 1.4945E-09 1.5513E-09 1.6111E-09 1.6700E-09 1.7441E-09 1.8082E-09 1.8721E-09 1.9634E-09 2.0331E-09 2.1166E-09 2.2047E-09 2.2817E-09 2.3875E-09 2.4718E-09 2.5710E-09 2.6882E-09 2.7841E-09 2.9096E-09 3.0288E-09 3.1392E-09 3.2673E-09 3.4280E-09 3.5574E-09 3.6919E-09 3.8606E-09 4.0376E-09 4.1962E-09 4.3617E-09 4.5791E-09 4.7789E-09 4.9743E-09 5.2615E-09 5.5642E-09 5.8083E-09 6.1514E-09 6.5132E-09 6.8596E-09 7.2691E-09 7.8047E-09 8.3323E-09 8.7655E-09 9.2224E-09 9.7031E-09 1.0208E-08 1.0750E-08 1.1323E-08 1.1915E-08 1.2528E-08 1.3166E-08 1.3830E-08 1.4519E-08 1.5233E-08 1.5970E-08 1.6780E-08
