Assets/Resources/2015_m01_d03_0400(utc+0800)_l00_csi_1hr_conc.grd
DSAA
         159         159
     -79.000      79.000
     -79.000      79.000
  0.0000E+00  0.6050E-04
[rows 100 to 124 of 159, columns 0 to 56 of 159]
0.0000E+00 0.0000E+00 0.0000E+00 0.0000E+00 0.0000E+00 0.0000E+00 0.0000E+00 1.5180E-12 2.1347E-12 4.9571E-12 7.9369E-12 1.3273E-11 1.7872E-11 2.1806E-11 2.7473E-11 3.2421E-11 3.7371E-11 4.1455E-11 4.7082E-11 5.1675E-11 5.6927E-11 6.3265E-11 6.9757E-11 7.6409E-11 8.4846E-11 9.2468E-11 1.0163E-10 1.0915E-10 1.1972E-10 1.2941E-10 1.3814E-10 1.5040E-10 1.6054E-10 1.7244E-10 1.8496E-10 1.9678E-10 2.0860E-10 2.2167E-10 2.3473E-10 2.4776E-10 2.6156E-10 2.7569E-10 2.9014E-10 3.0447E-10 3.1945E-10 3.3424E-10 3.5119E-10 3.6931E-10 3.8823E-10 4.0873E-10 4.3066E-10 4.5775E-10 4.9054E-10 5.2961E-10 5.6848E-10 6.1133E-10 6.6381E-10
0.0000E+00 0.0000E+00 0.0000E+00 0.0000E+00 0.0000E+00 0.0000E+00 0.0000E+00 0.0000E+00 4.8015E-13 2.1318E-12 4.9425E-12 6.8788E-12 1.2257E-11 1.7787E-11 2.2176E-11 2.6317E-11 3.1849E-11 3.7061E-11 4.1034E-11 4.6257E-11 5.1047E-11 5.6874E-11 6.2367E-11 6.9432E-11 7.5881E-11 8.3114E-11 9.1562E-11 9.9444E-11 1.0667E-10 1.1666E-10 1.2632E-10 1.3497E-10 1.4624E-10 1.5746E-10 1.6765E-10 1.7923E-10 1.9076E-10 2.0195E-10 2.1392E-10 2.2624E-10 2.3889E-10 2.5185E-10 2.6469E-10 2.7821E-10 2.9153E-10 3.0548E-10 3.2116E-10 3.3800E-10 3.5558E-10 3.7434E-10 3.9493E-10 4.1954E-10 4.4727E-10 4.8089E-10 5.1302E-10 5.5153E-10 5.9946E-10
0.0000E+00 0.0000E+00 0.0000E+00 0.0000E+00 0.0000E+00 0.0000E+00 0.0000E+00 0.0000E+00 0.0000E+00 4.7874E-13 2.1218E-12 4.9115E-12 6.8351E-12 1.2173E-11 1.7301E-11 2.1647E-11 2.6237E-11 3.1162E-11 3.6298E-11 4.0356E-11 4.5298E-11 4.9952E-11 5.5649E-11 6.0979E-11 6.7886E-11 7.4454E-11 8.1152E-11 8.9387E-11 9.7009E-11 1.0537E-10 1.1361E-10 1.2261E-10 1.3231E-10 1.4235E-10 1.5250E-10 1.6248E-10 1.7353E-10 1.8404E-10 1.9488E-10 2.0616E-10 2.1774E-10 2.2919E-10 2.4133E-10 2.5328E-10 2.6586E-10 2.7867E-10 2.9313E-10 3.0834E-10 3.2465E-10 3.4255E-10 3.6146E-10 3.8461E-10 4.0840E-10 4.3797E-10 4.6953E-10 4.9893E-10 5.3584E-10
0.0000E+00 0.0000E+00 0.0000E+00 0.0000E+00 0.0000E+00 0.0000E+00 0.0000E+00 0.0000E+00 0.0000E+00 0.0000E+00 4.7572E-13 2.1048E-12 3.8444E-12 6.7690E-12 1.2048E-11 1.5086E-11 2.1391E-11 2.5899E-11 3.0726E-11 3.5764E-11 3.9390E-11 4.4526E-11 4.8715E-11 5.4589E-11 5.9424E-11 6.6161E-11 7.2518E-11 8.0087E-11 8.6978E-11 9.4327E-11 1.0317E-10 1.1059E-10 1.1892E-10 1.2913E-10 1.3783E-10 1.4751E-10 1.5667E-10 1.6748E-10 1.7738E-10 1.8727E-10 1.9775E-10 2.0848E-10 2.1956E-10 2.3045E-10 2.4194E-10 2.5369E-10 2.6660E-10 2.8065E-10 2.9617E-10 3.1287E-10 3.3098E-10 3.5191E-10 3.7354E-10 3.9836E-10 4.2828E-10 4.5700E-10 4.8839E-10
0.0000E+00 0.0000E+00 0.0000E+00 0.0000E+00 0.0000E+00 0.0000E+00 0.0000E+00 0.0000E+00 0.0000E+00 0.0000E+00 0.0000E+00 4.7113E-13 1.6055E-12 3.7966E-12 6.6810E-12 1.1410E-11 1.4868E-11 2.0105E-11 2.5138E-11 2.9863E-11 3.4483E-11 3.9164E-11 4.3310E-11 4.7899E-11 5.3069E-11 5.8733E-11 6.4265E-11 7.0084E-11 7.7742E-11 8.4373E-11 9.1416E-11 9.9968E-11 1.0672E-10 1.1497E-10 1.2479E-10 1.3273E-10 1.4223E-10 1.5209E-10 1.6112E-10 1.7011E-10 1.7966E-10 1.8945E-10 1.9914E-10 2.0935E-10 2.1973E-10 2.3007E-10 2.4230E-10 2.5527E-10 2.6967E-10 2.8523E-10 3.0177E-10 3.2135E-10 3.4163E-10 3.6312E-10 3.8847E-10 4.1751E-10 4.4591E-10
0.0000E+00 0.0000E+00 0.0000E+00 0.0000E+00 0.0000E+00 0.0000E+00 0.0000E+00 0.0000E+00 0.0000E+00 0.0000E+00 0.0000E+00 0.0000E+00 0.0000E+00 1.5799E-12 2.7006E-12 6.1067E-12 9.1872E-12 1.3629E-11 1.9738E-11 2.3314E-11 2.8931E-11 3.3761E-11 3.7966E-11 4.1658E-11 4.6737E-11 5.1414E-11 5.6896E-11 6.2533E-11 6.9177E-11 7.4899E-11 8.1572E-11 8.8322E-11 9.6228E-11 1.0293E-10 1.1080E-10 1.1990E-10 1.2768E-10 1.3639E-10 1.4573E-10 1.5419E-10 1.6289E-10 1.7179E-10 1.8060E-10 1.8989E-10 1.9902E-10 2.0877E-10 2.1988E-10 2.3215E-10 2.4505E-10 2.5911E-10 2.7454E-10 2.9285E-10 3.1222E-10 3.3183E-10 3.5288E-10 3.7867E-10 4.0618E-10
0.0000E+00 0.0000E+00 0.0000E+00 0.0000E+00 0.0000E+00 0.0000E+00 0.0000E+00 0.0000E+00 0.0000E+00 0.0000E+00 0.0000E+00 0.0000E+00 0.0000E+00 0.0000E+00 1.5496E-12 2.6488E-12 5.9853E-12 9.0044E-12 1.3347E-11 1.8475E-11 2.2791E-11 2.7296E-11 3.2270E-11 3.6372E-11 4.0560E-11 4.4821E-11 4.9639E-11 5.4925E-11 6.0028E-11 6.6756E-11 7.2539E-11 7.8286E-11 8.5046E-11 9.2943E-11 9.8634E-11 1.0643E-10 1.1511E-10 1.2212E-10 1.3065E-10 1.3946E-10 1.4736E-10 1.5515E-10 1.6343E-10 1.7187E-10 1.8014E-10 1.8905E-10 1.9923E-10 2.1024E-10 2.2215E-10 2.3547E-10 2.4986E-10 2.6632E-10 2.8447E-10 3.0288E-10 3.2152E-10 3.4267E-10 3.6895E-10
0.0000E+00 0.0000E+00 0.0000E+00 0.0000E+00 0.0000E+00 0.0000E+00 0.0000E+00 0.0000E+00 0.0000E+00 0.0000E+00 0.0000E+00 0.0000E+00 0.0000E+00 0.0000E+00 0.0000E+00 4.8383E-13 2.1231E-12 4.3581E-12 7.2807E-12 1.2538E-11 1.6008E-11 2.1245E-11 2.5891E-11 3.1069E-11 3.4817E-11 3.8373E-11 4.3134E-11 4.7765E-11 5.2839E-11 5.7721E-11 6.3885E-11 6.9720E-11 7.5177E-11 8.1303E-11 8.9176E-11 9.4501E-11 1.0158E-10 1.1015E-10 1.1670E-10 1.2474E-10 1.3271E-10 1.4006E-10 1.4757E-10 1.5491E-10 1.6271E-10 1.7085E-10 1.7983E-10 1.9025E-10 2.0124E-10 2.1359E-10 2.2731E-10 2.4261E-10 2.5905E-10 2.7631E-10 2.9343E-10 3.1123E-10 3.3349E-10
0.0000E+00 0.0000E+00 0.0000E+00 0.0000E+00 0.0000E+00 0.0000E+00 0.0000E+00 0.0000E+00 0.0000E+00 0.0000E+00 0.0000E+00 0.0000E+00 0.0000E+00 0.0000E+00 0.0000E+00 0.0000E+00 0.0000E+00 2.0674E-12 3.2013E-12 7.0837E-12 1.0181E-11 1.4596E-11 1.9777E-11 2.4128E-11 2.9162E-11 3.2194E-11 3.7124E-11 4.1363E-11 4.5472E-11 5.0666E-11 5.5307E-11 6.1223E-11 6.6467E-11 7.2268E-11 7.7757E-11 8.4965E-11 9.0237E-11 9.6923E-11 1.0505E-10 1.1084E-10 1.1839E-10 1.2615E-10 1.3295E-10 1.3958E-10 1.4664E-10 1.5374E-10 1.6222E-10 1.7182E-10 1.8194E-10 1.9338E-10 2.0584E-10 2.2038E-10 2.3550E-10 2.5126E-10 2.6729E-10 2.8381E-10 3.0207E-10
0.0000E+00 0.0000E+00 0.0000E+00 0.0000E+00 0.0000E+00 0.0000E+00 0.0000E+00 0.0000E+00 0.0000E+00 0.0000E+00 0.0000E+00 0.0000E+00 0.0000E+00 0.0000E+00 0.0000E+00 0.0000E+00 0.0000E+00 0.0000E+00 4.9247E-13 2.6268E-12 4.8998E-12 7.8551E-12 1.3153E-11 1.6634E-11 2.1527E-11 2.7010E-11 3.1062E-11 3.5128E-11 3.8650E-11 4.3437E-11 4.7061E-11 5.2824E-11 5.7095E-11 6.3441E-11 6.8628E-11 7.4111E-11 8.0967E-11 8.5881E-11 9.1846E-11 9.8323E-11 1.0520E-10 1.1226E-10 1.1798E-10 1.2547E-10 1.3185E-10 1.3830E-10 1.4604E-10 1.5485E-10 1.6416E-10 1.7441E-10 1.8598E-10 1.9951E-10 2.1360E-10 2.2802E-10 2.4302E-10 2.5887E-10 2.7490E-10
0.0000E+00 0.0000E+00 0.0000E+00 0.0000E+00 0.0000E+00 0.0000E+00 0.0000E+00 0.0000E+00 0.0000E+00 0.0000E+00 0.0000E+00 0.0000E+00 0.0000E+00 0.0000E+00 0.0000E+00 0.0000E+00 0.0000E+00 0.0000E+00 0.0000E+00 4.7629E-13 2.0769E-12 3.2150E-12 7.0973E-12 1.0693E-11 1.5089E-11 1.9733E-11 2.4049E-11 2.8242E-11 3.3432E-11 3.6770E-11 4.1012E-11 4.4764E-11 4.9938E-11 5.4621E-11 5.8920E-11 6.5235E-11 7.0403E-11 7.6573E-11 8.1134E-11 8.7029E-11 9.3089E-11 9.9511E-11 1.0578E-10 1.1133E-10 1.1829E-10 1.2412E-10 1.3119E-10 1.3894E-10 1.4748E-10 1.5723E-10 1.6828E-10 1.8083E-10 1.9391E-10 2.0707E-10 2.2090E-10 2.3577E-10 2.5085E-10
0.0000E+00 0.0000E+00 0.0000E+00 0.0000E+00 0.0000E+00 0.0000E+00 0.0000E+00 0.0000E+00 0.0000E+00 0.0000E+00 0.0000E+00 0.0000E+00 0.0000E+00 0.0000E+00 0.0000E+00 0.0000E+00 0.0000E+00 0.0000E+00 0.0000E+00 0.0000E+00 0.0000E+00 4.9034E-13 2.1318E-12 5.3602E-12 8.2894E-12 1.1488E-11 1.6478E-11 2.1713E-11 2.6073E-11 2.9830E-11 3.3991E-11 3.8887E-11 4.1538E-11 4.7351E-11 5.1439E-11 5.5800E-11 6.1473E-11 6.6320E-11 7.0243E-11 7.6679E-11 8.2184E-11 8.6368E-11 9.3488E-11 9.8385E-11 1.0437E-10 1.1115E-10 1.1726E-10 1.2464E-10 1.3279E-10 1.4146E-10 1.5172E-10 1.6335E-10 1.7550E-10 1.8803E-10 2.0084E-10 2.1439E-10 2.2822E-10
0.0000E+00 0.0000E+00 0.0000E+00 0.0000E+00 0.0000E+00 0.0000E+00 0.0000E+00 0.0000E+00 0.0000E+00 0.0000E+00 0.0000E+00 0.0000E+00 0.0000E+00 0.0000E+00 0.0000E+00 0.0000E+00 0.0000E+00 0.0000E+00 0.0000E+00 0.0000E+00 0.0000E+00 0.0000E+00 0.0000E+00 9.8706E-13 3.1587E-12 5.4678E-12 1.0492E-11 1.3765E-11 1.7286E-11 2.3115E-11 2.6413E-11 3.0747E-11 3.5394E-11 3.8857E-11 4.3363E-11 4.7238E-11 5.2327E-11 5.6978E-11 6.2555E-11 6.5836E-11 7.1888E-11 7.7016E-11 8.1153E-11 8.7814E-11 9.1969E-11 9.7813E-11 1.0481E-10 1.1155E-10 1.1905E-10 1.2702E-10 1.3648E-10 1.4695E-10 1.5823E-10 1.6992E-10 1.8189E-10 1.9427E-10 2.0725E-10
0.0000E+00 0.0000E+00 0.0000E+00 0.0000E+00 0.0000E+00 0.0000E+00 0.0000E+00 0.0000E+00 0.0000E+00 0.0000E+00 0.0000E+00 0.0000E+00 0.0000E+00 0.0000E+00 0.0000E+00 0.0000E+00 0.0000E+00 0.0000E+00 0.0000E+00 0.0000E+00 0.0000E+00 0.0000E+00 0.0000E+00 0.0000E+00 0.0000E+00 2.0672E-12 3.1978E-12 7.0249E-12 1.1144E-11 1.4953E-11 1.9027E-11 2.3825E-11 2.8208E-11 3.1403E-11 3.6516E-11 3.9421E-11 4.4063E-11 4.8143E-11 5.3227E-11 5.7058E-11 6.1783E-11 6.7455E-11 7.0750E-11 7.5663E-11 8.0671E-11 8.5967E-11 9.2355E-11 9.8408E-11 1.0617E-10 1.1346E-10 1.2285E-10 1.3249E-10 1.4293E-10 1.5350E-10 1.6438E-10 1.7596E-10 1.8784E-10
0.0000E+00 0.0000E+00 0.0000E+00 0.0000E+00 0.0000E+00 0.0000E+00 0.0000E+00 0.0000E+00 0.0000E+00 0.0000E+00 0.0000E+00 0.0000E+00 0.0000E+00 0.0000E+00 0.0000E+00 0.0000E+00 0.0000E+00 0.0000E+00 0.0000E+00 0.0000E+00 0.0000E+00 0.0000E+00 0.0000E+00 0.0000E+00 0.0000E+00 0.0000E+00 4.8100E-13 2.0760E-12 4.2084E-12 7.0674E-12 1.2198E-11 1.5543E-11 1.9099E-11 2.3867E-11 2.6838E-11 3.1857E-11 3.5996E-11 3.9842E-11 4.3708E-11 4.8082E-11 5.2314E-11 5.7447E-11 6.0187E-11 6.6049E-11 7.0247E-11 7.4082E-11 8.1044E-11 8.6131E-11 9.3221E-11 1.0138E-10 1.0977E-10 1.1897E-10 1.2863E-10 1.3872E-10 1.4910E-10 1.5961E-10 1.7046E-10
0.0000E+00 0.0000E+00 0.0000E+00 0.0000E+00 0.0000E+00 0.0000E+00 0.0000E+00 0.0000E+00 0.0000E+00 0.0000E+00 0.0000E+00 0.0000E+00 0.0000E+00 0.0000E+00 0.0000E+00 0.0000E+00 0.0000E+00 0.0000E+00 0.0000E+00 0.0000E+00 0.0000E+00 0.0000E+00 0.0000E+00 0.0000E+00 0.0000E+00 0.0000E+00 0.0000E+00 0.0000E+00 0.0000E+00 1.5047E-12 4.2026E-12 8.0772E-12 1.1642E-11 1.4993E-11 1.8509E-11 2.3296E-11 2.7142E-11 3.2570E-11 3.5748E-11 4.0038E-11 4.3737E-11 4.8399E-11 5.1756E-11 5.5983E-11 6.1117E-11 6.4169E-11 6.9374E-11 7.5309E-11 8.1780E-11 8.8026E-11 9.6898E-11 1.0628E-10 1.1522E-10 1.2460E-10 1.3427E-10 1.4433E-10 1.5473E-10
0.0000E+00 0.0000E+00 0.0000E+00 0.0000E+00 0.0000E+00 0.0000E+00 0.0000E+00 0.0000E+00 0.0000E+00 0.0000E+00 0.0000E+00 0.0000E+00 0.0000E+00 0.0000E+00 0.0000E+00 0.0000E+00 0.0000E+00 0.0000E+00 0.0000E+00 0.0000E+00 0.0000E+00 0.0000E+00 0.0000E+00 0.0000E+00 0.0000E+00 0.0000E+00 0.0000E+00 0.0000E+00 0.0000E+00 0.0000E+00 0.0000E+00 1.4952E-12 4.1846E-12 7.5338E-12 1.0502E-11 1.5894E-11 1.8299E-11 2.1955E-11 2.6239E-11 2.9647E-11 3.5109E-11 3.8854E-11 4.3147E-11 4.6924E-11 5.1208E-11 5.4122E-11 5.9938E-11 6.4182E-11 7.0326E-11 7.6761E-11 8.5565E-11 9.4476E-11 1.0231E-10 1.1192E-10 1.2064E-10 1.3001E-10 1.3975E-10
0.0000E+00 0.0000E+00 0.0000E+00 0.0000E+00 0.0000E+00 0.0000E+00 0.0000E+00 0.0000E+00 0.0000E+00 0.0000E+00 0.0000E+00 0.0000E+00 0.0000E+00 0.0000E+00 0.0000E+00 0.0000E+00 0.0000E+00 0.0000E+00 0.0000E+00 0.0000E+00 0.0000E+00 0.0000E+00 0.0000E+00 0.0000E+00 0.0000E+00 0.0000E+00 0.0000E+00 0.0000E+00 0.0000E+00 0.0000E+00 0.0000E+00 0.0000E+00 0.0000E+00 9.8076E-13 2.5742E-12 6.3664E-12 1.0359E-11 1.3518E-11 1.7459E-11 2.0494E-11 2.4653E-11 2.6869E-11 3.2896E-11 3.7451E-11 4.1527E-11 4.6204E-11 5.0398E-11 5.4114E-11 6.0487E-11 6.6704E-11 7.3554E-11 8.1671E-11 9.0345E-11 9.9494E-11 1.0775E-10 1.1769E-10 1.2622E-10
0.0000E+00 0.0000E+00 0.0000E+00 0.0000E+00 0.0000E+00 0.0000E+00 0.0000E+00 0.0000E+00 0.0000E+00 0.0000E+00 0.0000E+00 0.0000E+00 0.0000E+00 0.0000E+00 0.0000E+00 0.0000E+00 0.0000E+00 0.0000E+00 0.0000E+00 0.0000E+00 0.0000E+00 0.0000E+00 0.0000E+00 0.0000E+00 0.0000E+00 0.0000E+00 0.0000E+00 0.0000E+00 0.0000E+00 0.0000E+00 0.0000E+00 0.0000E+00 0.0000E+00 0.0000E+00 0.0000E+00 0.0000E+00 2.0136E-12 4.1551E-12 8.1008E-12 1.2697E-11 1.4893E-11 1.8894E-11 2.1899E-11 2.4496E-11 2.9822E-11 3.4505E-11 3.7752E-11 4.4870E-11 5.0889E-11 5.5355E-11 6.3868E-11 7.1324E-11 7.8043E-11 8.6429E-11 9.5263E-11 1.0447E-10 1.1286E-10
0.0000E+00 0.0000E+00 0.0000E+00 0.0000E+00 0.0000E+00 0.0000E+00 0.0000E+00 0.0000E+00 0.0000E+00 0.0000E+00 0.0000E+00 0.0000E+00 0.0000E+00 0.0000E+00 0.0000E+00 0.0000E+00 0.0000E+00 0.0000E+00 0.0000E+00 0.0000E+00 0.0000E+00 0.0000E+00 0.0000E+00 0.0000E+00 0.0000E+00 0.0000E+00 0.0000E+00 0.0000E+00 0.0000E+00 0.0000E+00 0.0000E+00 0.0000E+00 0.0000E+00 0.0000E+00 0.0000E+00 0.0000E+00 0.0000E+00 0.0000E+00 0.0000E+00 3.0865E-12 5.8032E-12 9.2890E-12 1.3338E-11 1.6149E-11 2.0091E-11 2.1802E-11 2.8726E-11 3.2052E-11 3.9081E-11 4.7743E-11 5.4081E-11 6.0022E-11 6.8716E-11 7.6438E-11 8.3054E-11 9.1237E-11 1.0021E-10
0.0000E+00 0.0000E+00 0.0000E+00 0.0000E+00 0.0000E+00 0.0000E+00 0.0000E+00 0.0000E+00 0.0000E+00 0.0000E+00 0.0000E+00 0.0000E+00 0.0000E+00 0.0000E+00 0.0000E+00 0.0000E+00 0.0000E+00 0.0000E+00 0.0000E+00 0.0000E+00 0.0000E+00 0.0000E+00 0.0000E+00 0.0000E+00 0.0000E+00 0.0000E+00 0.0000E+00 0.0000E+00 0.0000E+00 0.0000E+00 0.0000E+00 0.0000E+00 0.0000E+00 0.0000E+00 0.0000E+00 0.0000E+00 0.0000E+00 0.0000E+00 0.0000E+00 0.0000E+00 0.0000E+00 0.0000E+00 3.1556E-12 6.4139E-12 7.7377E-12 1.6808E-11 1.9101E-11 2.5002E-11 3.0808E-11 3.5680E-11 4.4243E-11 5.1801E-11 5.9015E-11 6.4933E-11 7.3514E-11 8.0154E-11 8.8132E-11
0.0000E+00 0.0000E+00 0.0000E+00 0.0000E+00 0.0000E+00 0.0000E+00 0.0000E+00 0.0000E+00 0.0000E+00 0.0000E+00 0.0000E+00 0.0000E+00 0.0000E+00 0.0000E+00 0.0000E+00 0.0000E+00 0.0000E+00 0.0000E+00 0.0000E+00 0.0000E+00 0.0000E+00 0.0000E+00 0.0000E+00 0.0000E+00 0.0000E+00 0.0000E+00 0.0000E+00 0.0000E+00 0.0000E+00 0.0000E+00 0.0000E+00 0.0000E+00 0.0000E+00 0.0000E+00 0.0000E+00 0.0000E+00 0.0000E+00 0.0000E+00 0.0000E+00 0.0000E+00 0.0000E+00 0.0000E+00 0.0000E+00 0.0000E+00 0.0000E+00 2.6450E-12 9.9692E-12 1.6203E-11 2.2025E-11 2.9309E-11 3.4565E-11 4.1727E-11 4.7911E-11 5.5438E-11 6.2225E-11 6.9403E-11 7.6986E-11
0.0000E+00 0.0000E+00 0.0000E+00 0.0000E+00 0.0000E+00 0.0000E+00 0.0000E+00 0.0000E+00 0.0000E+00 0.0000E+00 0.0000E+00 0.0000E+00 0.0000E+00 0.0000E+00 0.0000E+00 0.0000E+00 0.0000E+00 0.0000E+00 0.0000E+00 0.0000E+00 0.0000E+00 0.0000E+00 0.0000E+00 0.0000E+00 0.0000E+00 0.0000E+00 0.0000E+00 0.0000E+00 0.0000E+00 0.0000E+00 0.0000E+00 0.0000E+00 0.0000E+00 0.0000E+00 0.0000E+00 0.0000E+00 0.0000E+00 0.0000E+00 0.0000E+00 0.0000E+00 0.0000E+00 0.0000E+00 0.0000E+00 0.0000E+00 0.0000E+00 0.0000E+00 2.4988E-12 6.1065E-12 1.1627E-11 1.7322E-11 2.5025E-11 3.2690E-11 3.8567E-11 4.4897E-11 5.1079E-11 5.8677E-11 6.5691E-11
0.0000E+00 0.0000E+00 0.0000E+00 0.0000E+00 0.0000E+00 0.0000E+00 0.0000E+00 0.0000E+00 0.0000E+00 0.0000E+00 0.0000E+00 0.0000E+00 0.0000E+00 0.0000E+00 0.0000E+00 0.0000E+00 0.0000E+00 0.0000E+00 0.0000E+00 0.0000E+00 0.0000E+00 0.0000E+00 0.0000E+00 0.0000E+00 0.0000E+00 0.0000E+00 0.0000E+00 0.0000E+00 0.0000E+00 0.0000E+00 0.0000E+00 0.0000E+00 0.0000E+00 0.0000E+00 0.0000E+00 0.0000E+00 0.0000E+00 0.0000E+00 0.0000E+00 0.0000E+00 0.0000E+00 0.0000E+00 0.0000E+00 0.0000E+00 0.0000E+00 0.0000E+00 0.0000E+00 4.5728E-12 6.6619E-12 1.2100E-11 1.5555E-11 2.1589E-11 2.8588E-11 3.4888E-11 4.1140E-11 4.8473E-11 5.4039E-11
0.0000E+00 0.0000E+00 0.0000E+00 0.0000E+00 0.0000E+00 0.0000E+00 0.0000E+00 0.0000E+00 0.0000E+00 0.0000E+00 0.0000E+00 0.0000E+00 0.0000E+00 0.0000E+00 0.0000E+00 0.0000E+00 0.0000E+00 0.0000E+00 0.0000E+00 0.0000E+00 0.0000E+00 0.0000E+00 0.0000E+00 0.0000E+00 0.0000E+00 0.0000E+00 0.0000E+00 0.0000E+00 0.0000E+00 0.0000E+00 0.0000E+00 0.0000E+00 0.0000E+00 0.0000E+00 0.0000E+00 0.0000E+00 0.0000E+00 0.0000E+00 0.0000E+00 0.0000E+00 0.0000E+00 0.0000E+00 0.0000E+00 0.0000E+00 0.0000E+00 0.0000E+00 0.0000E+00 0.0000E+00 4.6313E-12 6.7242E-12 1.2192E-11 1.8004E-11 2.2518E-11 2.8845E-11 3.4260E-11 3.9504E-11 4.5927E-11
