Assets/Resources/2015_m01_d13_0000(utc+0800)_l00_csi_1hr_conc.grd
DSAA
         159         159
     -79.000      79.000
     -79.000      79.000
  0.0000E+00  0.2317E-04
[rows 75 to 99 of 159, columns 0 to 56 of 159]
4.2773E-09 4.5622E-09 4.8569E-09 5.1572E-09 5.4685E-09 5.7841E-09 6.1078E-09 6.4408E-09 6.7765E-09 7.1236E-09 7.4706E-09 7.8209E-09 8.1733E-09 8.5252E-09 8.8766E-09 9.2226E-09 9.5585E-09 9.8871E-09 1.0207E-08 1.0531E-08 1.0840E-08 1.1136E-08 1.1417E-08 1.1679E-08 1.1920E-08 1.2147E-08 1.2346E-08 1.2523E-08 1.2678E-08 1.2795E-08 1.2892E-08 1.2956E-08 1.2979E-08 1.2984E-08 1.2950E-08 1.2881E-08 1.2790E-08 1.2653E-08 1.2480E-08 1.2274E-08 1.2002E-08 1.1700E-08 1.1341E-08 1.0931E-08 1.0488E-08 1.0023E-08 9.5362E-09 9.0740E-09 8.6571E-09 8.3063E-09 8.1096E-09 8.1342E-09 8.4319E-09 9.2611E-09 1.0572E-08 1.2993E-08 1.6642E-08
3.9825E-09 4.2519E-09 4.5313E-09 4.8166E-09 5.1126E-09 5.4129E-09 5.7207E-09 6.0391E-09 6.3585E-09 6.6890E-09 7.0190E-09 7.3515E-09 7.6848E-09 8.0171E-09 8.3432E-09 8.6604E-09 8.9701E-09 9.2812E-09 9.5862E-09 9.8774E-09 1.0160E-08 1.0420E-08 1.0665E-08 1.0890E-08 1.1090E-08 1.1268E-08 1.1425E-08 1.1545E-08 1.1644E-08 1.1707E-08 1.1727E-08 1.1725E-08 1.1677E-08 1.1591E-08 1.1478E-08 1.1315E-08 1.1118E-08 1.0892E-08 1.0607E-08 1.0291E-08 9.9332E-09 9.5253E-09 9.0817E-09 8.6071E-09 8.0955E-09 7.5891E-09 7.0855E-09 6.5729E-09 6.1252E-09 5.7339E-09 5.4368E-09 5.2741E-09 5.3298E-09 5.9260E-09 6.3147E-09 7.5298E-09 9.6967E-09
3.6893E-09 3.9421E-09 4.2050E-09 4.4736E-09 4.7526E-09 5.0355E-09 5.3258E-09 5.6265E-09 5.9276E-09 6.2379E-09 6.5487E-09 6.8610E-09 7.1689E-09 7.4686E-09 7.7662E-09 8.0680E-09 8.3650E-09 8.6506E-09 8.9282E-09 9.1901E-09 9.4371E-09 9.6689E-09 9.8761E-09 1.0066E-08 1.0230E-08 1.0365E-08 1.0476E-08 1.0558E-08 1.0601E-08 1.0614E-08 1.0585E-08 1.0515E-08 1.0420E-08 1.0269E-08 1.0084E-08 9.8667E-09 9.6001E-09 9.2987E-09 8.9678E-09 8.5843E-09 8.1688E-09 7.7217E-09 7.2350E-09 6.7328E-09 6.2330E-09 5.7138E-09 5.2175E-09 4.7451E-09 4.2918E-09 3.8847E-09 3.5517E-09 3.2870E-09 3.2891E-09 3.1564E-09 3.3333E-09 3.8012E-09 4.7472E-09
3.3998E-09 3.6350E-09 3.8807E-09 4.1310E-09 4.3917E-09 4.6561E-09 4.9268E-09 5.2077E-09 5.4887E-09 5.7757E-09 6.0571E-09 6.3359E-09 6.6191E-09 6.9068E-09 7.1903E-09 7.4685E-09 7.7392E-09 7.9973E-09 8.2437E-09 8.4786E-09 8.6935E-09 8.8920E-09 9.0707E-09 9.2230E-09 9.3544E-09 9.4562E-09 9.5243E-09 9.5669E-09 9.5741E-09 9.5375E-09 9.4742E-09 9.3602E-09 9.2117E-09 9.0293E-09 8.8006E-09 8.5329E-09 8.2401E-09 7.8995E-09 7.5275E-09 7.1335E-09 6.7034E-09 6.2431E-09 5.7748E-09 5.2856E-09 4.7918E-09 4.3102E-09 3.8506E-09 3.3979E-09 2.9601E-09 2.5847E-09 2.2586E-09 2.0388E-09 1.7785E-09 1.6131E-09 1.5447E-09 1.5888E-09 1.7524E-09
3.1072E-09 3.3240E-09 3.5525E-09 3.7852E-09 4.0276E-09 4.2714E-09 4.5153E-09 4.7709E-09 5.0260E-09 5.2880E-09 5.5549E-09 5.8222E-09 6.0875E-09 6.3503E-09 6.6066E-09 6.8576E-09 7.1006E-09 7.3324E-09 7.5501E-09 7.7537E-09 7.9426E-09 8.1081E-09 8.2568E-09 8.3818E-09 8.4786E-09 8.5515E-09 8.5909E-09 8.5948E-09 8.5704E-09 8.5081E-09 8.4046E-09 8.2685E-09 8.0917E-09 7.8735E-09 7.6283E-09 7.3445E-09 7.0230E-09 6.6774E-09 6.3054E-09 5.8997E-09 5.4856E-09 5.0532E-09 4.6031E-09 4.1536E-09 3.7088E-09 3.2737E-09 2.8307E-09 2.4412E-09 2.0888E-09 1.7699E-09 1.4690E-09 1.2211E-09 9.6494E-10 7.4917E-10 5.2315E-10 4.7044E-10 5.2429E-10
2.8205E-09 3.0189E-09 3.2278E-09 3.4385E-09 3.6587E-09 3.8826E-09 4.1112E-09 4.3494E-09 4.5886E-09 4.8319E-09 5.0737E-09 5.3159E-09 5.5546E-09 5.7913E-09 6.0219E-09 6.2452E-09 6.4609E-09 6.6655E-09 6.8582E-09 7.0333E-09 7.1934E-09 7.3357E-09 7.4530E-09 7.5509E-09 7.6240E-09 7.6661E-09 7.6797E-09 7.6650E-09 7.6074E-09 7.5250E-09 7.4055E-09 7.2451E-09 7.0527E-09 6.8276E-09 6.5664E-09 6.2750E-09 5.9623E-09 5.6152E-09 5.2571E-09 4.8785E-09 4.4804E-09 4.0660E-09 3.6538E-09 3.2433E-09 2.8597E-09 2.4947E-09 2.1540E-09 1.8346E-09 1.5340E-09 1.2519E-09 9.7598E-10 6.8973E-10 4.5129E-10 3.1239E-10 2.3238E-10 1.7910E-10 1.6246E-10
2.5537E-09 2.7338E-09 2.9237E-09 3.1175E-09 3.3186E-09 3.5238E-09 3.7318E-09 3.9465E-09 4.1623E-09 4.3816E-09 4.5982E-09 4.8148E-09 5.0287E-09 5.2387E-09 5.4442E-09 5.6412E-09 5.8307E-09 6.0097E-09 6.1763E-09 6.3283E-09 6.4623E-09 6.5776E-09 6.6755E-09 6.7461E-09 6.7939E-09 6.8179E-09 6.8095E-09 6.7720E-09 6.7052E-09 6.6044E-09 6.4663E-09 6.3036E-09 6.1054E-09 5.8763E-09 5.6183E-09 5.3330E-09 5.0292E-09 4.7055E-09 4.3652E-09 3.9945E-09 3.6303E-09 3.2672E-09 2.9224E-09 2.5787E-09 2.2512E-09 1.9464E-09 1.6513E-09 1.3738E-09 1.1079E-09 8.3488E-10 5.8096E-10 4.2044E-10 2.9676E-10 2.0254E-10 1.3078E-10 8.2024E-11 4.8869E-11
2.3023E-09 2.4651E-09 2.6361E-09 2.8110E-09 2.9911E-09 3.1755E-09 3.3628E-09 3.5544E-09 3.7466E-09 3.9419E-09 4.1352E-09 4.3268E-09 4.5162E-09 4.7008E-09 4.8812E-09 5.0551E-09 5.2190E-09 5.3739E-09 5.5172E-09 5.6448E-09 5.7586E-09 5.8521E-09 5.9246E-09 5.9792E-09 6.0067E-09 6.0070E-09 5.9870E-09 5.9407E-09 5.8570E-09 5.7495E-09 5.6101E-09 5.4410E-09 5.2423E-09 5.0191E-09 4.7710E-09 4.5031E-09 4.2063E-09 3.9018E-09 3.5909E-09 3.2828E-09 2.9763E-09 2.6683E-09 2.3624E-09 2.0660E-09 1.7872E-09 1.5247E-09 1.2676E-09 1.0122E-09 7.6842E-10 5.9558E-10 4.4533E-10 3.2268E-10 2.2222E-10 1.4791E-10 9.1135E-11 4.7753E-11 2.6218E-11
2.0614E-09 2.2083E-09 2.3602E-09 2.5162E-09 2.6773E-09 2.8407E-09 3.0076E-09 3.1769E-09 3.3467E-09 3.5188E-09 3.6890E-09 3.8574E-09 4.0233E-09 4.1853E-09 4.3413E-09 4.4916E-09 4.6344E-09 4.7661E-09 4.8880E-09 4.9961E-09 5.0866E-09 5.1634E-09 5.2190E-09 5.2505E-09 5.2641E-09 5.2569E-09 5.2209E-09 5.1607E-09 5.0774E-09 4.9642E-09 4.8253E-09 4.6600E-09 4.4695E-09 4.2523E-09 4.0103E-09 3.7648E-09 3.5104E-09 3.2498E-09 2.9854E-09 2.7152E-09 2.4448E-09 2.1767E-09 1.9137E-09 1.6619E-09 1.4189E-09 1.1775E-09 9.6732E-10 7.8249E-10 6.1972E-10 4.7682E-10 3.5285E-10 2.5165E-10 1.7400E-10 1.1040E-10 6.1391E-11 3.3490E-11 1.6407E-11
1.8332E-09 1.9638E-09 2.0986E-09 2.2363E-09 2.3792E-09 2.5220E-09 2.6688E-09 2.8185E-09 2.9662E-09 3.1162E-09 3.2649E-09 3.4119E-09 3.5558E-09 3.6956E-09 3.8308E-09 3.9591E-09 4.0811E-09 4.1942E-09 4.2949E-09 4.3851E-09 4.4602E-09 4.5155E-09 4.5558E-09 4.5789E-09 4.5785E-09 4.5571E-09 4.5178E-09 4.4502E-09 4.3609E-09 4.2498E-09 4.1148E-09 3.9498E-09 3.7732E-09 3.5838E-09 3.3778E-09 3.1616E-09 2.9377E-09 2.7078E-09 2.4740E-09 2.2387E-09 2.0047E-09 1.7721E-09 1.5446E-09 1.3320E-09 1.1330E-09 9.5344E-10 7.8913E-10 6.3684E-10 4.9733E-10 3.7800E-10 2.7872E-10 1.9635E-10 1.2890E-10 7.7217E-11 4.2255E-11 1.9609E-11 7.7063E-12
1.6194E-09 1.7337E-09 1.8532E-09 1.9727E-09 2.0975E-09 2.2233E-09 2.3498E-09 2.4801E-09 2.6089E-09 2.7379E-09 2.8671E-09 2.9930E-09 3.1175E-09 3.2382E-09 3.3532E-09 3.4630E-09 3.5652E-09 3.6598E-09 3.7451E-09 3.8166E-09 3.8747E-09 3.9200E-09 3.9470E-09 3.9571E-09 3.9511E-09 3.9237E-09 3.8754E-09 3.8084E-09 3.7209E-09 3.6084E-09 3.4815E-09 3.3413E-09 3.1846E-09 3.0116E-09 2.8279E-09 2.6385E-09 2.4434E-09 2.2433E-09 2.0346E-09 1.8324E-09 1.6354E-09 1.4424E-09 1.2586E-09 1.0867E-09 9.2599E-10 7.7685E-10 6.3366E-10 5.0313E-10 3.9345E-10 2.9805E-10 2.1734E-10 1.4662E-10 9.4327E-11 5.3925E-11 2.2457E-11 1.0393E-11 4.0269E-12
1.4215E-09 1.5194E-09 1.6236E-09 1.7281E-09 1.8350E-09 1.9446E-09 2.0534E-09 2.1647E-09 2.2772E-09 2.3864E-09 2.4971E-09 2.6062E-09 2.7110E-09 2.8142E-09 2.9127E-09 3.0050E-09 3.0909E-09 3.1685E-09 3.2350E-09 3.2941E-09 3.3410E-09 3.3733E-09 3.3931E-09 3.3959E-09 3.3800E-09 3.3500E-09 3.3024E-09 3.2346E-09 3.1490E-09 3.0496E-09 2.9349E-09 2.8062E-09 2.6657E-09 2.5134E-09 2.3540E-09 2.1884E-09 2.0160E-09 1.8436E-09 1.6716E-09 1.5026E-09 1.3375E-09 1.1782E-09 1.0270E-09 8.8500E-10 7.4959E-10 6.1827E-10 5.0485E-10 4.0266E-10 3.0978E-10 2.2762E-10 1.6090E-10 1.0859E-10 6.3858E-11 3.0189E-11 1.2850E-11 5.3506E-12 1.2364E-12
1.2381E-09 1.3228E-09 1.4110E-09 1.5024E-09 1.5928E-09 1.6868E-09 1.7813E-09 1.8743E-09 1.9702E-09 2.0656E-09 2.1575E-09 2.2505E-09 2.3405E-09 2.4265E-09 2.5096E-09 2.5868E-09 2.6556E-09 2.7200E-09 2.7761E-09 2.8209E-09 2.8569E-09 2.8821E-09 2.8913E-09 2.8878E-09 2.8711E-09 2.8376E-09 2.7882E-09 2.7246E-09 2.6478E-09 2.5570E-09 2.4535E-09 2.3395E-09 2.2148E-09 2.0820E-09 1.9451E-09 1.8026E-09 1.6565E-09 1.5104E-09 1.3670E-09 1.2256E-09 1.0881E-09 9.5653E-10 8.3069E-10 7.0840E-10 5.9816E-10 4.9611E-10 4.0381E-10 3.1271E-10 2.3623E-10 1.7200E-10 1.1891E-10 7.4112E-11 3.9204E-11 1.7510E-11 6.6403E-12 1.7880E-12 8.5045E-14
1.0688E-09 1.1436E-09 1.2171E-09 1.2949E-09 1.3733E-09 1.4513E-09 1.5321E-09 1.6123E-09 1.6909E-09 1.7722E-09 1.8509E-09 1.9274E-09 2.0031E-09 2.0749E-09 2.1425E-09 2.2078E-09 2.2678E-09 2.3189E-09 2.3630E-09 2.3995E-09 2.4247E-09 2.4389E-09 2.4443E-09 2.4374E-09 2.4157E-09 2.3812E-09 2.3347E-09 2.2761E-09 2.2063E-09 2.1255E-09 2.0342E-09 1.9323E-09 1.8236E-09 1.7103E-09 1.5931E-09 1.4712E-09 1.3474E-09 1.2260E-09 1.1063E-09 9.8971E-10 8.7589E-10 7.6684E-10 6.6179E-10 5.6487E-10 4.7544E-10 3.8859E-10 3.0877E-10 2.3962E-10 1.7773E-10 1.2520E-10 7.9864E-11 4.7115E-11 2.3197E-11 7.6039E-12 2.1067E-12 1.4068E-13 0.0000E+00
9.1500E-10 9.7845E-10 1.0427E-09 1.1061E-09 1.1729E-09 1.2395E-09 1.3051E-09 1.3736E-09 1.4402E-09 1.5062E-09 1.5728E-09 1.6374E-09 1.7003E-09 1.7621E-09 1.8193E-09 1.8719E-09 1.9195E-09 1.9621E-09 1.9969E-09 2.0225E-09 2.0415E-09 2.0512E-09 2.0487E-09 2.0360E-09 2.0141E-09 1.9816E-09 1.9388E-09 1.8859E-09 1.8223E-09 1.7499E-09 1.6689E-09 1.5820E-09 1.4886E-09 1.3914E-09 1.2902E-09 1.1880E-09 1.0852E-09 9.8477E-10 8.8678E-10 7.9086E-10 6.9967E-10 6.1035E-10 5.2714E-10 4.4572E-10 3.6773E-10 3.0292E-10 2.4029E-10 1.8066E-10 1.2648E-10 8.4660E-11 5.2629E-11 2.5607E-11 9.6564E-12 2.0750E-12 8.7274E-14 0.0000E+00 0.0000E+00
7.7896E-10 8.2981E-10 8.8431E-10 9.3836E-10 9.9222E-10 1.0493E-09 1.1040E-09 1.1598E-09 1.2175E-09 1.2724E-09 1.3271E-09 1.3825E-09 1.4341E-09 1.4849E-09 1.5323E-09 1.5757E-09 1.6136E-09 1.6458E-09 1.6727E-09 1.6937E-09 1.7050E-09 1.7067E-09 1.7021E-09 1.6898E-09 1.6666E-09 1.6356E-09 1.5961E-09 1.5481E-09 1.4912E-09 1.4275E-09 1.3571E-09 1.2810E-09 1.2026E-09 1.1207E-09 1.0375E-09 9.5249E-10 8.6927E-10 7.8690E-10 7.0726E-10 6.3017E-10 5.5672E-10 4.8224E-10 4.1083E-10 3.4790E-10 2.8977E-10 2.3479E-10 1.7539E-10 1.2745E-10 8.8941E-11 5.4327E-11 2.6867E-11 1.1417E-11 1.7922E-12 0.0000E+00 0.0000E+00 0.0000E+00 0.0000E+00
6.5689E-10 7.0026E-10 7.4347E-10 7.8998E-10 8.3495E-10 8.8056E-10 9.2827E-10 9.7423E-10 1.0203E-09 1.0685E-09 1.1127E-09 1.1572E-09 1.2010E-09 1.2418E-09 1.2803E-09 1.3161E-09 1.3458E-09 1.3713E-09 1.3913E-09 1.4025E-09 1.4091E-09 1.4110E-09 1.4039E-09 1.3894E-09 1.3674E-09 1.3388E-09 1.3021E-09 1.2597E-09 1.2110E-09 1.1548E-09 1.0931E-09 1.0295E-09 9.6403E-10 8.9630E-10 8.2648E-10 7.5809E-10 6.8946E-10 6.2287E-10 5.5845E-10 4.9410E-10 4.3233E-10 3.7528E-10 3.2056E-10 2.7052E-10 2.1782E-10 1.6845E-10 1.2513E-10 8.7609E-11 5.2346E-11 2.8057E-11 1.2040E-11 2.7613E-12 0.0000E+00 0.0000E+00 0.0000E+00 0.0000E+00 0.0000E+00
5.4873E-10 5.8604E-10 6.2241E-10 6.5883E-10 6.9751E-10 7.3534E-10 7.7262E-10 8.1265E-10 8.5005E-10 8.8785E-10 9.2691E-10 9.6270E-10 9.9697E-10 1.0317E-09 1.0615E-09 1.0893E-09 1.1135E-09 1.1307E-09 1.1444E-09 1.1549E-09 1.1588E-09 1.1555E-09 1.1467E-09 1.1325E-09 1.1120E-09 1.0852E-09 1.0538E-09 1.0156E-09 9.7020E-10 9.2212E-10 8.7107E-10 8.1846E-10 7.6327E-10 7.0663E-10 6.5096E-10 5.9483E-10 5.4007E-10 4.8698E-10 4.3540E-10 3.8529E-10 3.3737E-10 2.9216E-10 2.4615E-10 2.0012E-10 1.6200E-10 1.1985E-10 7.9892E-11 4.9735E-11 2.7231E-11 1.1302E-11 3.7749E-12 3.1734E-13 0.0000E+00 0.0000E+00 0.0000E+00 0.0000E+00 0.0000E+00
4.5645E-10 4.8472E-10 5.1608E-10 5.4687E-10 5.7658E-10 6.0888E-10 6.4013E-10 6.7060E-10 7.0316E-10 7.3440E-10 7.6357E-10 7.9520E-10 8.2294E-10 8.4776E-10 8.7125E-10 8.9281E-10 9.0999E-10 9.2602E-10 9.3785E-10 9.4220E-10 9.4162E-10 9.3929E-10 9.3099E-10 9.1487E-10 8.9613E-10 8.7338E-10 8.4261E-10 8.0726E-10 7.6895E-10 7.2827E-10 6.8656E-10 6.4261E-10 5.9711E-10 5.5274E-10 5.0908E-10 4.6301E-10 4.1976E-10 3.7646E-10 3.3769E-10 2.9977E-10 2.5930E-10 2.2052E-10 1.8495E-10 1.4885E-10 1.0878E-10 7.5828E-11 4.6511E-11 2.2998E-11 1.0299E-11 5.4929E-12 1.7948E-12 0.0000E+00 0.0000E+00 0.0000E+00 0.0000E+00 0.0000E+00 0.0000E+00
3.7562E-10 3.9958E-10 4.2285E-10 4.4890E-10 4.7467E-10 4.9871E-10 5.2452E-10 5.5098E-10 5.7473E-10 6.0058E-10 6.2490E-10 6.4687E-10 6.6977E-10 6.9263E-10 7.1059E-10 7.2683E-10 7.4134E-10 7.5125E-10 7.5610E-10 7.6094E-10 7.6228E-10 7.5505E-10 7.4512E-10 7.3414E-10 7.1653E-10 6.9309E-10 6.6564E-10 6.3633E-10 6.0419E-10 5.7002E-10 5.3485E-10 4.9999E-10 4.6348E-10 4.2796E-10 3.9251E-10 3.5730E-10 3.2278E-10 2.9063E-10 2.5888E-10 2.2721E-10 1.9622E-10 1.6369E-10 1.3012E-10 9.9470E-11 6.7585E-11 3.6347E-11 1.7686E-11 1.1731E-11 7.0635E-12 3.1943E-12 2.3731E-14 0.0000E+00 0.0000E+00 0.0000E+00 0.0000E+00 0.0000E+00 0.0000E+00
3.0239E-10 3.2259E-10 3.4325E-10 3.6277E-10 3.8306E-10 4.0511E-10 4.2434E-10 4.4505E-10 4.6662E-10 4.8653E-10 5.0533E-10 5.2582E-10 5.4352E-10 5.5852E-10 5.7407E-10 5.8760E-10 5.9566E-10 6.0231E-10 6.0832E-10 6.0895E-10 6.0578E-10 6.0150E-10 5.9333E-10 5.7909E-10 5.6171E-10 5.4126E-10 5.1928E-10 4.9605E-10 4.6811E-10 4.3956E-10 4.1143E-10 3.8265E-10 3.5230E-10 3.2436E-10 2.9716E-10 2.6997E-10 2.4695E-10 2.2148E-10 1.9629E-10 1.6592E-10 1.3750E-10 1.0947E-10 8.2270E-11 4.7909E-11 2.5624E-11 1.8691E-11 1.3188E-11 8.4761E-12 4.4997E-12 1.1773E-12 0.0000E+00 0.0000E+00 0.0000E+00 0.0000E+00 0.0000E+00 0.0000E+00 0.0000E+00
2.4115E-10 2.5649E-10 2.7299E-10 2.9092E-10 3.0682E-10 3.2313E-10 3.4122E-10 3.5881E-10 3.7413E-10 3.9165E-10 4.0804E-10 4.2142E-10 4.3482E-10 4.4861E-10 4.5846E-10 4.6617E-10 4.7490E-10 4.8090E-10 4.8190E-10 4.8035E-10 4.7844E-10 4.7189E-10 4.6193E-10 4.4727E-10 4.3254E-10 4.1915E-10 3.9891E-10 3.7855E-10 3.5602E-10 3.3265E-10 3.1172E-10 2.9015E-10 2.6641E-10 2.4445E-10 2.2371E-10 2.0511E-10 1.8062E-10 1.6021E-10 1.3613E-10 1.1304E-10 8.7674E-11 5.1057E-11 3.0593E-11 2.4881E-11 1.9154E-11 1.4370E-11 9.6796E-12 5.6517E-12 2.2435E-12 0.0000E+00 0.0000E+00 0.0000E+00 0.0000E+00 0.0000E+00 0.0000E+00 0.0000E+00 0.0000E+00
1.8617E-10 1.9971E-10 2.1394E-10 2.2877E-10 2.4275E-10 2.5673E-10 2.6846E-10 2.8241E-10 2.9654E-10 3.0804E-10 3.1924E-10 3.3379E-10 3.4415E-10 3.5288E-10 3.6080E-10 3.6958E-10 3.7314E-10 3.7301E-10 3.7286E-10 3.7170E-10 3.6712E-10 3.5695E-10 3.4677E-10 3.3891E-10 3.2552E-10 3.1101E-10 2.9454E-10 2.7706E-10 2.5907E-10 2.4179E-10 2.2408E-10 2.0617E-10 1.8784E-10 1.7324E-10 1.5163E-10 1.3628E-10 1.1620E-10 9.1836E-11 7.1937E-11 4.0997E-11 2.2688E-11 1.8921E-11 1.6158E-11 1.1508E-11 7.4850E-12 4.0476E-12 1.1299E-12 0.0000E+00 0.0000E+00 0.0000E+00 0.0000E+00 0.0000E+00 0.0000E+00 0.0000E+00 0.0000E+00 0.0000E+00 0.0000E+00
1.4065E-10 1.4938E-10 1.6040E-10 1.7325E-10 1.8199E-10 1.9327E-10 2.0557E-10 2.1717E-10 2.2665E-10 2.3719E-10 2.4864E-10 2.5578E-10 2.6232E-10 2.7228E-10 2.7881E-10 2.8058E-10 2.8144E-10 2.8328E-10 2.8231E-10 2.7653E-10 2.7042E-10 2.6569E-10 2.5834E-10 2.4849E-10 2.3842E-10 2.2691E-10 2.1431E-10 2.0122E-10 1.8719E-10 1.7277E-10 1.5771E-10 1.4388E-10 1.1796E-10 1.0369E-10 9.2913E-11 7.8939E-11 6.0068E-11 3.3397E-11 1.8548E-11 1.5959E-11 1.4204E-11 1.1985E-11 8.8470E-12 5.3816E-12 2.4111E-12 0.0000E+00 0.0000E+00 0.0000E+00 0.0000E+00 0.0000E+00 0.0000E+00 0.0000E+00 0.0000E+00 0.0000E+00 0.0000E+00 0.0000E+00 0.0000E+00
1.0102E-10 1.0806E-10 1.1660E-10 1.2502E-10 1.3502E-10 1.4576E-10 1.5252E-10 1.6087E-10 1.7138E-10 1.7698E-10 1.8324E-10 1.9255E-10 2.0018E-10 2.0276E-10 2.0432E-10 2.0765E-10 2.1081E-10 2.0879E-10 2.0504E-10 2.0094E-10 1.9817E-10 1.9428E-10 1.8816E-10 1.7982E-10 1.7060E-10 1.6250E-10 1.5191E-10 1.4092E-10 1.1750E-10 1.0281E-10 8.7341E-11 8.0495E-11 7.3387E-11 6.3080E-11 4.6383E-11 2.3584E-11 1.3251E-11 1.2275E-11 1.0928E-11 9.7910E-12 8.2984E-12 6.6592E-12 3.6556E-12 1.0730E-12 0.0000E+00 0.0000E+00 0.0000E+00 0.0000E+00 0.0000E+00 0.0000E+00 0.0000E+00 0.0000E+00 0.0000E+00 0.0000E+00 0.0000E+00 0.0000E+00 0.0000E+00
