Assets/Resources/2015_m01_d17_1300(utc+0800)_l00_csi_1hr_conc.grd
DSAA
         159         159
     -79.000      79.000
     -79.000      79.000
  0.0000E+00  0.1175E-04
[rows 0 to 24 of 159, columns 0 to 56 of 159]
4.8363E-10 5.2139E-10 5.5088E-10 5.7824E-10 6.1676E-10 6.4643E-10 6.8063E-10 7.1946E-10 7.5223E-10 7.8962E-10 8.2849E-10 8.7244E-10 9.0914E-10 9.4688E-10 9.8545E-10 1.0328E-09 1.0724E-09 1.1214E-09 1.1614E-09 1.2105E-09 1.2504E-09 1.2985E-09 1.3470E-09 1.3863E-09 1.4249E-09 1.4638E-09 1.5107E-09 1.5506E-09 1.5914E-09 1.6377E-09 1.6804E-09 1.7323E-09 1.7778E-09 1.8235E-09 1.8698E-09 1.9143E-09 1.9618E-09 2.0095E-09 2.0572E-09 2.1071E-09 2.1546E-09 2.1918E-09 2.2401E-09 2.2876E-09 2.3343E-09 2.3743E-09 2.4144E-09 2.4588E-09 2.5014E-09 2.5411E-09 2.5753E-09 2.6099E-09 2.6422E-09 2.6709E-09 2.6956E-09 2.7109E-09 2.7259E-09
5.0384E-10 5.3307E-10 5.6338E-10 6.0170E-10 6.3127E-10 6.6546E-10 7.0428E-10 7.3710E-10 7.7465E-10 8.1384E-10 8.5811E-10 8.9514E-10 9.3346E-10 9.8083E-10 1.0205E-09 1.0697E-09 1.1109E-09 1.1617E-09 1.2035E-09 1.2546E-09 1.2959E-09 1.3468E-09 1.3878E-09 1.4375E-09 1.4775E-09 1.5242E-09 1.5668E-09 1.6083E-09 1.6587E-09 1.7021E-09 1.7468E-09 1.7972E-09 1.8441E-09 1.8927E-09 1.9426E-09 1.9917E-09 2.0360E-09 2.0863E-09 2.1367E-09 2.1870E-09 2.2371E-09 2.2870E-09 2.3257E-09 2.3761E-09 2.4257E-09 2.4742E-09 2.5155E-09 2.5566E-09 2.6023E-09 2.6456E-09 2.6863E-09 2.7212E-09 2.7562E-09 2.7875E-09 2.8148E-09 2.8368E-09 2.8496E-09
5.1789E-10 5.4790E-10 5.8269E-10 6.1534E-10 6.4943E-10 6.8815E-10 7.2095E-10 7.5856E-10 7.9793E-10 8.4246E-10 8.7974E-10 9.1849E-10 9.6635E-10 1.0065E-09 1.0566E-09 1.1074E-09 1.1503E-09 1.2032E-09 1.2470E-09 1.3008E-09 1.3446E-09 1.3979E-09 1.4485E-09 1.4908E-09 1.5325E-09 1.5830E-09 1.6260E-09 1.6758E-09 1.7218E-09 1.7671E-09 1.8137E-09 1.8618E-09 1.9145E-09 1.9649E-09 2.0160E-09 2.0677E-09 2.1198E-09 2.1665E-09 2.2196E-09 2.2727E-09 2.3256E-09 2.3782E-09 2.4303E-09 2.4703E-09 2.5228E-09 2.5742E-09 2.6234E-09 2.6642E-09 2.7051E-09 2.7516E-09 2.7954E-09 2.8361E-09 2.8705E-09 2.9046E-09 2.9345E-09 2.9598E-09 2.9784E-09
5.3188E-10 5.6634E-10 5.9871E-10 6.3262E-10 6.7114E-10 7.0385E-10 7.4145E-10 7.8888E-10 8.2556E-10 8.6300E-10 9.0204E-10 9.5030E-10 9.9989E-10 1.0417E-09 1.0933E-09 1.1369E-09 1.1909E-09 1.2456E-09 1.2914E-09 1.3467E-09 1.4014E-09 1.4469E-09 1.4916E-09 1.5485E-09 1.6003E-09 1.6438E-09 1.6880E-09 1.7342E-09 1.7825E-09 1.8301E-09 1.8792E-09 1.9298E-09 1.9817E-09 2.0347E-09 2.0884E-09 2.1464E-09 2.2012E-09 2.2563E-09 2.3054E-09 2.3613E-09 2.4171E-09 2.4725E-09 2.5274E-09 2.5816E-09 2.6228E-09 2.6772E-09 2.7292E-09 2.7792E-09 2.8243E-09 2.8634E-09 2.9102E-09 2.9525E-09 2.9910E-09 3.0241E-09 3.0567E-09 3.0844E-09 3.1070E-09
5.4944E-10 5.8146E-10 6.1511E-10 6.5334E-10 6.8588E-10 7.2335E-10 7.7078E-10 8.0748E-10 8.4498E-10 8.9262E-10 9.4153E-10 9.8288E-10 1.0251E-09 1.0773E-09 1.1311E-09 1.1766E-09 1.2323E-09 1.2795E-09 1.3474E-09 1.3949E-09 1.4418E-09 1.5011E-09 1.5573E-09 1.6034E-09 1.6507E-09 1.6995E-09 1.7461E-09 1.7933E-09 1.8417E-09 1.8917E-09 1.9466E-09 1.9999E-09 2.0546E-09 2.1104E-09 2.1671E-09 2.2244E-09 2.2821E-09 2.3400E-09 2.4016E-09 2.4596E-09 2.5119E-09 2.5702E-09 2.6281E-09 2.6852E-09 2.7413E-09 2.7867E-09 2.8380E-09 2.8910E-09 2.9423E-09 2.9891E-09 3.0280E-09 3.0741E-09 3.1153E-09 3.1531E-09 3.1837E-09 3.2121E-09 3.2364E-09
5.6365E-10 5.9697E-10 6.3482E-10 6.6712E-10 7.0463E-10 7.5154E-10 7.8830E-10 8.2579E-10 8.7353E-10 9.2277E-10 9.6434E-10 1.0157E-09 1.0596E-09 1.1142E-09 1.1603E-09 1.2169E-09 1.2854E-09 1.3351E-09 1.3850E-09 1.4358E-09 1.5069E-09 1.5566E-09 1.6078E-09 1.6584E-09 1.7062E-09 1.7537E-09 1.8040E-09 1.8553E-09 1.9063E-09 1.9587E-09 2.0128E-09 2.0687E-09 2.1300E-09 2.1888E-09 2.2485E-09 2.3089E-09 2.3697E-09 2.4307E-09 2.4917E-09 2.5534E-09 2.6144E-09 2.6700E-09 2.7317E-09 2.7916E-09 2.8503E-09 2.9075E-09 2.9532E-09 3.0059E-09 3.0609E-09 3.1137E-09 3.1569E-09 3.1986E-09 3.2428E-09 3.2827E-09 3.3177E-09 3.3465E-09 3.3718E-09
5.7828E-10 6.0871E-10 6.4765E-10 6.8469E-10 7.2772E-10 7.6809E-10 8.0557E-10 8.5306E-10 9.0261E-10 9.4434E-10 9.9599E-10 1.0496E-09 1.0953E-09 1.1513E-09 1.2095E-09 1.2692E-09 1.3199E-09 1.3722E-09 1.4468E-09 1.5004E-09 1.5543E-09 1.6073E-09 1.6588E-09 1.7098E-09 1.7628E-09 1.8127E-09 1.8636E-09 1.9155E-09 1.9704E-09 2.0278E-09 2.0848E-09 2.1473E-09 2.2082E-09 2.2702E-09 2.3360E-09 2.4008E-09 2.4650E-09 2.5294E-09 2.5937E-09 2.6579E-09 2.7217E-09 2.7850E-09 2.8414E-09 2.9045E-09 2.9664E-09 3.0270E-09 3.0861E-09 3.1367E-09 3.1868E-09 3.2405E-09 3.2916E-09 3.3341E-09 3.3735E-09 3.4161E-09 3.4546E-09 3.4863E-09 3.5114E-09
5.8914E-10 6.2756E-10 6.6414E-10 7.0683E-10 7.4683E-10 7.8420E-10 8.3158E-10 8.8113E-10 9.2298E-10 9.7477E-10 1.0287E-09 1.0748E-09 1.1312E-09 1.2002E-09 1.2508E-09 1.3023E-09 1.3674E-09 1.4336E-09 1.4908E-09 1.5461E-09 1.6018E-09 1.6566E-09 1.7120E-09 1.7649E-09 1.8174E-09 1.8698E-09 1.9266E-09 1.9843E-09 2.0415E-09 2.0996E-09 2.1606E-09 2.2257E-09 2.2899E-09 2.3577E-09 2.4259E-09 2.4931E-09 2.5609E-09 2.6287E-09 2.6964E-09 2.7638E-09 2.8308E-09 2.8973E-09 2.9630E-09 3.0210E-09 3.0859E-09 3.1494E-09 3.2111E-09 3.2710E-09 3.3218E-09 3.3703E-09 3.4239E-09 3.4753E-09 3.5158E-09 3.5524E-09 3.5933E-09 3.6298E-09 3.6566E-09
6.0695E-10 6.4306E-10 6.8523E-10 7.2481E-10 7.6197E-10 8.0900E-10 8.5847E-10 9.0035E-10 9.5215E-10 1.0063E-09 1.0525E-09 1.1194E-09 1.1791E-09 1.2303E-09 1.2832E-09 1.3598E-09 1.4185E-09 1.4750E-09 1.5342E-09 1.5924E-09 1.6514E-09 1.7072E-09 1.7629E-09 1.8194E-09 1.8793E-09 1.9357E-09 1.9920E-09 2.0497E-09 2.1130E-09 2.1768E-09 2.2418E-09 2.3075E-09 2.3753E-09 2.4444E-09 2.5146E-09 2.5854E-09 2.6609E-09 2.7324E-09 2.8037E-09 2.8746E-09 2.9451E-09 3.0148E-09 3.0836E-09 3.1513E-09 3.2107E-09 3.2770E-09 3.3415E-09 3.4039E-09 3.4639E-09 3.5128E-09 3.5605E-09 3.6139E-09 3.6641E-09 3.7014E-09 3.7351E-09 3.7728E-09 3.8030E-09
6.2146E-10 6.6295E-10 7.0209E-10 7.3887E-10 7.9416E-10 8.3468E-10 8.7652E-10 9.2822E-10 9.8241E-10 1.0287E-09 1.0960E-09 1.1560E-09 1.2077E-09 1.2725E-09 1.3408E-09 1.3987E-09 1.4570E-09 1.5174E-09 1.5803E-09 1.6393E-09 1.6984E-09 1.7577E-09 1.8222E-09 1.8805E-09 1.9387E-09 1.9978E-09 2.0619E-09 2.1246E-09 2.1876E-09 2.2524E-09 2.3194E-09 2.3902E-09 2.4641E-09 2.5398E-09 2.6141E-09 2.6890E-09 2.7643E-09 2.8396E-09 2.9158E-09 2.9937E-09 3.0677E-09 3.1409E-09 3.2129E-09 3.2837E-09 3.3529E-09 3.4131E-09 3.4803E-09 3.5449E-09 3.6060E-09 3.6630E-09 3.7104E-09 3.7570E-09 3.8094E-09 3.8566E-09 3.8901E-09 3.9205E-09 3.9531E-09
6.4020E-10 6.7872E-10 7.1506E-10 7.6990E-10 8.1002E-10 8.5148E-10 9.0310E-10 9.5718E-10 1.0034E-09 1.0709E-09 1.1311E-09 1.1831E-09 1.2492E-09 1.3187E-09 1.3765E-09 1.4363E-09 1.4992E-09 1.5616E-09 1.6233E-09 1.6851E-09 1.7536E-09 1.8148E-09 1.8761E-09 1.9383E-09 2.0060E-09 2.0677E-09 2.1303E-09 2.1946E-09 2.2628E-09 2.3360E-09 2.4069E-09 2.4802E-09 2.5558E-09 2.6337E-09 2.7158E-09 2.7954E-09 2.8774E-09 2.9570E-09 3.0363E-09 3.1149E-09 3.1927E-09 3.2694E-09 3.3448E-09 3.4187E-09 3.4908E-09 3.5610E-09 3.6214E-09 3.6886E-09 3.7519E-09 3.8122E-09 3.8699E-09 3.9127E-09 3.9611E-09 4.0092E-09 4.0513E-09 4.0764E-09 4.1068E-09
6.5126E-10 6.9059E-10 7.3619E-10 7.8454E-10 8.2557E-10 8.7690E-10 9.3072E-10 9.8674E-10 1.0442E-09 1.1045E-09 1.1566E-09 1.2241E-09 1.2932E-09 1.3518E-09 1.4130E-09 1.4773E-09 1.5400E-09 1.6029E-09 1.6723E-09 1.7387E-09 1.8031E-09 1.8674E-09 1.9391E-09 2.0037E-09 2.0685E-09 2.1332E-09 2.2055E-09 2.2740E-09 2.3443E-09 2.4167E-09 2.4932E-09 2.5761E-09 2.6563E-09 2.7383E-09 2.8214E-09 2.9052E-09 2.9892E-09 3.0732E-09 3.1595E-09 3.2423E-09 3.3241E-09 3.4046E-09 3.4835E-09 3.5607E-09 3.6358E-09 3.7086E-09 3.7789E-09 3.8385E-09 3.9040E-09 3.9661E-09 4.0253E-09 4.0809E-09 4.1202E-09 4.1648E-09 4.2093E-09 4.2432E-09 4.2677E-09
6.6575E-10 7.1061E-10 7.5833E-10 7.9888E-10 8.5109E-10 9.0508E-10 9.6108E-10 1.0185E-09 1.0790E-09 1.1315E-09 1.2002E-09 1.2692E-09 1.3287E-09 1.3917E-09 1.4565E-09 1.5205E-09 1.5873E-09 1.6584E-09 1.7257E-09 1.7932E-09 1.8664E-09 1.9365E-09 2.0047E-09 2.0741E-09 2.1483E-09 2.2176E-09 2.2879E-09 2.3603E-09 2.4415E-09 2.5194E-09 2.5994E-09 2.6819E-09 2.7668E-09 2.8561E-09 2.9449E-09 3.0338E-09 3.1229E-09 3.2117E-09 3.2999E-09 3.3871E-09 3.4731E-09 3.5596E-09 3.6431E-09 3.7235E-09 3.8015E-09 3.8769E-09 3.9494E-09 4.0179E-09 4.0750E-09 4.1386E-09 4.1989E-09 4.2551E-09 4.3023E-09 4.3407E-09 4.3802E-09 4.4191E-09 4.4461E-09
6.7616E-10 7.3148E-10 7.7132E-10 8.1438E-10 8.7657E-10 9.3219E-10 9.8001E-10 1.0494E-09 1.1123E-09 1.1708E-09 1.2397E-09 1.2996E-09 1.3639E-09 1.4285E-09 1.4934E-09 1.5641E-09 1.6339E-09 1.7027E-09 1.7747E-09 1.8509E-09 1.9221E-09 1.9947E-09 2.0708E-09 2.1439E-09 2.2167E-09 2.2909E-09 2.3710E-09 2.4484E-09 2.5277E-09 2.6097E-09 2.6969E-09 2.7845E-09 2.8745E-09 2.9667E-09 3.0600E-09 3.1555E-09 3.2513E-09 3.3453E-09 3.4384E-09 3.5304E-09 3.6209E-09 3.7095E-09 3.7959E-09 3.8799E-09 3.9611E-09 4.0392E-09 4.1140E-09 4.1853E-09 4.2529E-09 4.3083E-09 4.3699E-09 4.4268E-09 4.4786E-09 4.5203E-09 4.5530E-09 4.5868E-09 4.6182E-09
7.0340E-10 7.4284E-10 7.8528E-10 8.4686E-10 9.0227E-10 9.4999E-10 1.0203E-09 1.0834E-09 1.1423E-09 1.2109E-09 1.2714E-09 1.3366E-09 1.4017E-09 1.4691E-09 1.5409E-09 1.6112E-09 1.6817E-09 1.7586E-09 1.8350E-09 1.9105E-09 1.9889E-09 2.0669E-09 2.1429E-09 2.2209E-09 2.3031E-09 2.3825E-09 2.4622E-09 2.5455E-09 2.6319E-09 2.7195E-09 2.8096E-09 2.9027E-09 3.0008E-09 3.0996E-09 3.1990E-09 3.2989E-09 3.3989E-09 3.4985E-09 3.5970E-09 3.6941E-09 3.7894E-09 3.8825E-09 3.9730E-09 4.0606E-09 4.1449E-09 4.2257E-09 4.3026E-09 4.3755E-09 4.4441E-09 4.5082E-09 4.5595E-09 4.6164E-09 4.6678E-09 4.7135E-09 4.7491E-09 4.7709E-09 4.8023E-09
7.1375E-10 7.5519E-10 8.1575E-10 8.7061E-10 9.1850E-10 9.8815E-10 1.0510E-09 1.1089E-09 1.1784E-09 1.2403E-09 1.3062E-09 1.3715E-09 1.4407E-09 1.5133E-09 1.5845E-09 1.6577E-09 1.7365E-09 1.8138E-09 1.8936E-09 1.9760E-09 2.0558E-09 2.1368E-09 2.2211E-09 2.3055E-09 2.3883E-09 2.4735E-09 2.5602E-09 2.6481E-09 2.7385E-09 2.8330E-09 2.9313E-09 3.0308E-09 3.1328E-09 3.2374E-09 3.3432E-09 3.4495E-09 3.5557E-09 3.6613E-09 3.7657E-09 3.8683E-09 3.9688E-09 4.0667E-09 4.1616E-09 4.2531E-09 4.3407E-09 4.4243E-09 4.5033E-09 4.5777E-09 4.6472E-09 4.7116E-09 4.7707E-09 4.8164E-09 4.8669E-09 4.9112E-09 4.9490E-09 4.9715E-09 4.9892E-09
7.2523E-10 7.8438E-10 8.2842E-10 8.8496E-10 9.5415E-10 1.0074E-09 1.0761E-09 1.1444E-09 1.2066E-09 1.2735E-09 1.3393E-09 1.4112E-09 1.4858E-09 1.5581E-09 1.6339E-09 1.7143E-09 1.7948E-09 1.8775E-09 1.9624E-09 2.0460E-09 2.1326E-09 2.2221E-09 2.3093E-09 2.3979E-09 2.4890E-09 2.5792E-09 2.6708E-09 2.7666E-09 2.8658E-09 2.9664E-09 3.0699E-09 3.1765E-09 3.2857E-09 3.3976E-09 3.5106E-09 3.6241E-09 3.7373E-09 3.8497E-09 3.9606E-09 4.0693E-09 4.1755E-09 4.2786E-09 4.3781E-09 4.4736E-09 4.5646E-09 4.6508E-09 4.7318E-09 4.8074E-09 4.8772E-09 4.9412E-09 4.9991E-09 5.0460E-09 5.0888E-09 5.1306E-09 5.1653E-09 5.1935E-09 5.2152E-09
7.3582E-10 7.9626E-10 8.5144E-10 9.0060E-10 9.7150E-10 1.0396E-09 1.1074E-09 1.1680E-09 1.2351E-09 1.3021E-09 1.3754E-09 1.4512E-09 1.5254E-09 1.6028E-09 1.6843E-09 1.7672E-09 1.8521E-09 1.9386E-09 2.0261E-09 2.1169E-09 2.2095E-09 2.3006E-09 2.3951E-09 2.4891E-09 2.5841E-09 2.6814E-09 2.7818E-09 2.8831E-09 2.9874E-09 3.0949E-09 3.2055E-09 3.3193E-09 3.4357E-09 3.5549E-09 3.6753E-09 3.7961E-09 3.9164E-09 4.0357E-09 4.1532E-09 4.2682E-09 4.3802E-09 4.4887E-09 4.5930E-09 4.6927E-09 4.7872E-09 4.8762E-09 4.9593E-09 5.0360E-09 5.1063E-09 5.1698E-09 5.2265E-09 5.2763E-09 5.3145E-09 5.3478E-09 5.3792E-09 5.4034E-09 5.4210E-09
7.6386E-10 8.1802E-10 8.6446E-10 9.3563E-10 1.0023E-09 1.0592E-09 1.1291E-09 1.1947E-09 1.2600E-09 1.3325E-09 1.4087E-09 1.4865E-09 1.5670E-09 1.6500E-09 1.7347E-09 1.8214E-09 1.9094E-09 2.0003E-09 2.0941E-09 2.1898E-09 2.2858E-09 2.3843E-09 2.4822E-09 2.5819E-09 2.6860E-09 2.7901E-09 2.8954E-09 3.0037E-09 3.1154E-09 3.2305E-09 3.3488E-09 3.4703E-09 3.5947E-09 3.7218E-09 3.8502E-09 3.9789E-09 4.1069E-09 4.2337E-09 4.3583E-09 4.4801E-09 4.5985E-09 4.7127E-09 4.8222E-09 4.9264E-09 5.0247E-09 5.1166E-09 5.2017E-09 5.2797E-09 5.3502E-09 5.4131E-09 5.4681E-09 5.5154E-09 5.5549E-09 5.5767E-09 5.6040E-09 5.6233E-09 5.6357E-09
7.8424E-10 8.2968E-10 8.9710E-10 9.6435E-10 1.0203E-09 1.0896E-09 1.1536E-09 1.2185E-09 1.2884E-09 1.3634E-09 1.4404E-09 1.5218E-09 1.6073E-09 1.6951E-09 1.7854E-09 1.8750E-09 1.9685E-09 2.0649E-09 2.1631E-09 2.2639E-09 2.3654E-09 2.4680E-09 2.5733E-09 2.6819E-09 2.7905E-09 2.9014E-09 3.0144E-09 3.1304E-09 3.2501E-09 3.3734E-09 3.5001E-09 3.6301E-09 3.7631E-09 3.8987E-09 4.0358E-09 4.1730E-09 4.3216E-09 4.4567E-09 4.5893E-09 4.7186E-09 4.8437E-09 4.9641E-09 5.0789E-09 5.1877E-09 5.2868E-09 5.3770E-09 5.4603E-09 5.5394E-09 5.6101E-09 5.6720E-09 5.7251E-09 5.7693E-09 5.8048E-09 5.8321E-09 5.8463E-09 5.8540E-09 5.8602E-09
7.9454E-10 8.4172E-10 9.2305E-10 9.8124E-10 1.0473E-09 1.1118E-09 1.1764E-09 1.2440E-09 1.3182E-09 1.3943E-09 1.4736E-09 1.5582E-09 1.6480E-09 1.7406E-09 1.8334E-09 1.9289E-09 2.0272E-09 2.1274E-09 2.2314E-09 2.3358E-09 2.4418E-09 2.5522E-09 2.6640E-09 2.7772E-09 2.8927E-09 3.0108E-09 3.1312E-09 3.2549E-09 3.3827E-09 3.5140E-09 3.6490E-09 3.7984E-09 3.9422E-09 4.0886E-09 4.2394E-09 4.3860E-09 4.5315E-09 4.6750E-09 4.8156E-09 4.9652E-09 5.0974E-09 5.2241E-09 5.3444E-09 5.4568E-09 5.5584E-09 5.6518E-09 5.7355E-09 5.8125E-09 5.8813E-09 5.9375E-09 5.9825E-09 6.0221E-09 6.0534E-09 6.0754E-09 6.0896E-09 6.0951E-09 6.0929E-09
8.0455E-10 8.7349E-10 9.3873E-10 9.9630E-10 1.0664E-09 1.1333E-09 1.1996E-09 1.2701E-09 1.3484E-09 1.4263E-09 1.5092E-09 1.5974E-09 1.6895E-09 1.7839E-09 1.8815E-09 1.9833E-09 2.0866E-09 2.1931E-09 2.2999E-09 2.4093E-09 2.5239E-09 2.6393E-09 2.7566E-09 2.8767E-09 2.9995E-09 3.1252E-09 3.2537E-09 3.3856E-09 3.5305E-09 3.6747E-09 3.8263E-09 3.9758E-09 4.1345E-09 4.2998E-09 4.4598E-09 4.6168E-09 4.7782E-09 4.9314E-09 5.0810E-09 5.2260E-09 5.3656E-09 5.4987E-09 5.6271E-09 5.7463E-09 5.8531E-09 5.9478E-09 6.0343E-09 6.1112E-09 6.1779E-09 6.2343E-09 6.2725E-09 6.3012E-09 6.3215E-09 6.3309E-09 6.3375E-09 6.3356E-09 6.3251E-09
8.2355E-10 8.9775E-10 9.5198E-10 1.0212E-09 1.0859E-09 1.1538E-09 1.2226E-09 1.2981E-09 1.3776E-09 1.4594E-09 1.5475E-09 1.6377E-09 1.7310E-09 1.8280E-09 1.9299E-09 2.0367E-09 2.1475E-09 2.2577E-09 2.3704E-09 2.4886E-09 2.6072E-09 2.7286E-09 2.8529E-09 2.9804E-09 3.1110E-09 3.2466E-09 3.3912E-09 3.5406E-09 3.6934E-09 3.8479E-09 4.0142E-09 4.1775E-09 4.3495E-09 4.5167E-09 4.6860E-09 4.8684E-09 5.0412E-09 5.2053E-09 5.3643E-09 5.5241E-09 5.6719E-09 5.8123E-09 5.9443E-09 6.0670E-09 6.1789E-09 6.2777E-09 6.3640E-09 6.4399E-09 6.5024E-09 6.5531E-09 6.5882E-09 6.6080E-09 6.6214E-09 6.6176E-09 6.6060E-09 6.5884E-09 6.5663E-09
8.5401E-10 9.1026E-10 9.6454E-10 1.0379E-09 1.1039E-09 1.1745E-09 1.2466E-09 1.3243E-09 1.4072E-09 1.4943E-09 1.5851E-09 1.6782E-09 1.7741E-09 1.8737E-09 1.9799E-09 2.0909E-09 2.2049E-09 2.3231E-09 2.4455E-09 2.5681E-09 2.6930E-09 2.8213E-09 2.9530E-09 3.0891E-09 3.2365E-09 3.3893E-09 3.5421E-09 3.7003E-09 3.8689E-09 4.0454E-09 4.2209E-09 4.3971E-09 4.5841E-09 4.7673E-09 4.9571E-09 5.1388E-09 5.3171E-09 5.5023E-09 5.6846E-09 5.8490E-09 6.0057E-09 6.1536E-09 6.2982E-09 6.4262E-09 6.5395E-09 6.6371E-09 6.7229E-09 6.7975E-09 6.8589E-09 6.9045E-09 6.9336E-09 6.9431E-09 6.9404E-09 6.9305E-09 6.9054E-09 6.8709E-09 6.8259E-09
8.6550E-10 9.2125E-10 9.8792E-10 1.0537E-09 1.1223E-09 1.1956E-09 1.2697E-09 1.3508E-09 1.4393E-09 1.5272E-09 1.6226E-09 1.7183E-09 1.8173E-09 1.9228E-09 2.0324E-09 2.1451E-09 2.2630E-09 2.3899E-09 2.5187E-09 2.6489E-09 2.7817E-09 2.9174E-09 3.0615E-09 3.2170E-09 3.3725E-09 3.5341E-09 3.7098E-09 3.8867E-09 4.0635E-09 4.2468E-09 4.4407E-09 4.6440E-09 4.8433E-09 5.0423E-09 5.2483E-09 5.4479E-09 5.6482E-09 5.8382E-09 6.0203E-09 6.1935E-09 6.3624E-09 6.5199E-09 6.6645E-09 6.7959E-09 6.9121E-09 7.0126E-09 7.0994E-09 7.1733E-09 7.2303E-09 7.2714E-09 7.2952E-09 7.3046E-09 7.2936E-09 7.2687E-09 7.2272E-09 7.1782E-09 7.1177E-09
