Assets/Resources/2015_m01_d18_0100(utc+0800)_l00_csi_1hr_conc.grd
DSAA
         159         159
     -79.000      79.000
     -79.000      79.000
  0.0000E+00  0.4287E-05
[rows 0 to 24 of 159, columns 57 to 113 of 159]
2.5407E-09 2.5611E-09 2.5791E-09 2.5944E-09 2.6080E-09 2.6190E-09 2.6279E-09 2.6343E-09 2.6384E-09 2.6400E-09 2.6397E-09 2.6373E-09 2.6325E-09 2.6259E-09 2.6174E-09 2.6070E-09 2.5947E-09 2.5803E-09 2.5646E-09 2.5471E-09 2.5278E-09 2.5077E-09 2.4857E-09 2.4625E-09 2.4383E-09 2.4125E-09 2.3856E-09 2.3577E-09 2.3284E-09 2.2989E-09 2.2683E-09 2.2372E-09 2.2051E-09 2.1720E-09 2.1387E-09 2.1049E-09 2.0706E-09 2.0356E-09 2.0007E-09 1.9655E-09 1.9298E-09 1.8939E-09 1.8583E-09 1.8226E-09 1.7869E-09 1.7512E-09 1.7157E-09 1.6798E-09 1.6444E-09 1.6092E-09 1.5737E-09 1.5384E-09 1.5030E-09 1.4677E-09 1.4327E-09 1.3974E-09 1.3628E-09
2.6399E-09 2.6604E-09 2.6785E-09 2.6944E-09 2.7075E-09 2.7183E-09 2.7263E-09 2.7322E-09 2.7361E-09 2.7375E-09 2.7365E-09 2.7333E-09 2.7280E-09 2.7203E-09 2.7108E-09 2.6993E-09 2.6860E-09 2.6705E-09 2.6539E-09 2.6350E-09 2.6148E-09 2.5931E-09 2.5695E-09 2.5449E-09 2.5190E-09 2.4919E-09 2.4636E-09 2.4346E-09 2.4042E-09 2.3729E-09 2.3408E-09 2.3079E-09 2.2739E-09 2.2397E-09 2.2048E-09 2.1695E-09 2.1342E-09 2.0977E-09 2.0613E-09 2.0246E-09 1.9878E-09 1.9505E-09 1.9134E-09 1.8763E-09 1.8392E-09 1.8018E-09 1.7645E-09 1.7273E-09 1.6902E-09 1.6533E-09 1.6165E-09 1.5799E-09 1.5435E-09 1.5070E-09 1.4710E-09 1.4344E-09 1.3990E-09
2.7420E-09 2.7623E-09 2.7804E-09 2.7962E-09 2.8092E-09 2.8197E-09 2.8279E-09 2.8334E-09 2.8362E-09 2.8369E-09 2.8352E-09 2.8312E-09 2.8247E-09 2.8163E-09 2.8060E-09 2.7932E-09 2.7788E-09 2.7625E-09 2.7445E-09 2.7243E-09 2.7028E-09 2.6797E-09 2.6555E-09 2.6295E-09 2.6022E-09 2.5737E-09 2.5436E-09 2.5127E-09 2.4809E-09 2.4477E-09 2.4144E-09 2.3803E-09 2.3452E-09 2.3094E-09 2.2731E-09 2.2359E-09 2.1986E-09 2.1610E-09 2.1227E-09 2.0845E-09 2.0462E-09 2.0073E-09 1.9684E-09 1.9299E-09 1.8914E-09 1.8529E-09 1.8145E-09 1.7763E-09 1.7378E-09 1.6998E-09 1.6620E-09 1.6244E-09 1.5863E-09 1.5488E-09 1.5112E-09 1.4738E-09 1.4366E-09
2.8459E-09 2.8667E-09 2.8850E-09 2.9008E-09 2.9133E-09 2.9234E-09 2.9310E-09 2.9361E-09 2.9386E-09 2.9390E-09 2.9366E-09 2.9319E-09 2.9246E-09 2.9153E-09 2.9039E-09 2.8900E-09 2.8744E-09 2.8569E-09 2.8372E-09 2.8161E-09 2.7929E-09 2.7685E-09 2.7426E-09 2.7148E-09 2.6860E-09 2.6560E-09 2.6247E-09 2.5924E-09 2.5594E-09 2.5251E-09 2.4898E-09 2.4538E-09 2.4171E-09 2.3794E-09 2.3415E-09 2.3031E-09 2.2642E-09 2.2254E-09 2.1856E-09 2.1459E-09 2.1060E-09 2.0660E-09 2.0256E-09 1.9856E-09 1.9456E-09 1.9053E-09 1.8655E-09 1.8254E-09 1.7855E-09 1.7458E-09 1.7063E-09 1.6670E-09 1.6279E-09 1.5890E-09 1.5500E-09 1.5117E-09 1.4733E-09
2.9526E-09 2.9734E-09 2.9915E-09 3.0072E-09 3.0198E-09 3.0297E-09 3.0372E-09 3.0418E-09 3.0434E-09 3.0428E-09 3.0396E-09 3.0341E-09 3.0257E-09 3.0155E-09 3.0030E-09 2.9884E-09 2.9717E-09 2.9526E-09 2.9320E-09 2.9095E-09 2.8854E-09 2.8591E-09 2.8317E-09 2.8032E-09 2.7726E-09 2.7410E-09 2.7083E-09 2.6740E-09 2.6390E-09 2.6031E-09 2.5659E-09 2.5287E-09 2.4904E-09 2.4514E-09 2.4123E-09 2.3719E-09 2.3315E-09 2.2907E-09 2.2493E-09 2.2080E-09 2.1665E-09 2.1250E-09 2.0831E-09 2.0411E-09 1.9993E-09 1.9575E-09 1.9162E-09 1.8750E-09 1.8340E-09 1.7932E-09 1.7526E-09 1.7122E-09 1.6714E-09 1.6315E-09 1.5915E-09 1.5519E-09 1.5117E-09
3.0614E-09 3.0827E-09 3.1011E-09 3.1162E-09 3.1287E-09 3.1382E-09 3.1446E-09 3.1487E-09 3.1504E-09 3.1494E-09 3.1451E-09 3.1387E-09 3.1299E-09 3.1186E-09 3.1046E-09 3.0888E-09 3.0709E-09 3.0505E-09 3.0285E-09 3.0043E-09 2.9788E-09 2.9511E-09 2.9223E-09 2.8919E-09 2.8597E-09 2.8266E-09 2.7922E-09 2.7563E-09 2.7201E-09 2.6830E-09 2.6442E-09 2.6054E-09 2.5654E-09 2.5244E-09 2.4833E-09 2.4416E-09 2.3992E-09 2.3567E-09 2.3140E-09 2.2712E-09 2.2281E-09 2.1850E-09 2.1415E-09 2.0984E-09 2.0554E-09 2.0124E-09 1.9692E-09 1.9266E-09 1.8841E-09 1.8414E-09 1.7990E-09 1.7569E-09 1.7150E-09 1.6734E-09 1.6321E-09 1.5906E-09 1.5499E-09
3.1729E-09 3.1942E-09 3.2123E-09 3.2270E-09 3.2395E-09 3.2491E-09 3.2551E-09 3.2589E-09 3.2596E-09 3.2575E-09 3.2524E-09 3.2451E-09 3.2352E-09 3.2229E-09 3.2081E-09 3.1912E-09 3.1720E-09 3.1503E-09 3.1270E-09 3.1018E-09 3.0748E-09 3.0456E-09 3.0152E-09 2.9833E-09 2.9499E-09 2.9148E-09 2.8789E-09 2.8418E-09 2.8032E-09 2.7640E-09 2.7239E-09 2.6826E-09 2.6409E-09 2.5986E-09 2.5558E-09 2.5129E-09 2.4688E-09 2.4247E-09 2.3804E-09 2.3359E-09 2.2908E-09 2.2461E-09 2.2013E-09 2.1563E-09 2.1116E-09 2.0668E-09 2.0220E-09 1.9774E-09 1.9335E-09 1.8897E-09 1.8462E-09 1.8030E-09 1.7600E-09 1.7169E-09 1.6745E-09 1.6321E-09 1.5901E-09
3.2863E-09 3.3078E-09 3.3258E-09 3.3411E-09 3.3529E-09 3.3618E-09 3.3676E-09 3.3701E-09 3.3705E-09 3.3676E-09 3.3621E-09 3.3542E-09 3.3429E-09 3.3295E-09 3.3137E-09 3.2951E-09 3.2746E-09 3.2520E-09 3.2273E-09 3.2002E-09 3.1713E-09 3.1406E-09 3.1087E-09 3.0752E-09 3.0398E-09 3.0035E-09 2.9659E-09 2.9267E-09 2.8868E-09 2.8459E-09 2.8041E-09 2.7619E-09 2.7186E-09 2.6746E-09 2.6301E-09 2.5847E-09 2.5392E-09 2.4935E-09 2.4471E-09 2.4008E-09 2.3549E-09 2.3086E-09 2.2618E-09 2.2155E-09 2.1693E-09 2.1232E-09 2.0769E-09 2.0311E-09 1.9856E-09 1.9399E-09 1.8949E-09 1.8498E-09 1.8050E-09 1.7605E-09 1.7164E-09 1.6726E-09 1.6287E-09
3.4023E-09 3.4235E-09 3.4418E-09 3.4561E-09 3.4677E-09 3.4765E-09 3.4822E-09 3.4841E-09 3.4838E-09 3.4802E-09 3.4737E-09 3.4641E-09 3.4522E-09 3.4376E-09 3.4206E-09 3.4011E-09 3.3794E-09 3.3554E-09 3.3289E-09 3.3008E-09 3.2708E-09 3.2390E-09 3.2051E-09 3.1699E-09 3.1333E-09 3.0949E-09 3.0552E-09 3.0147E-09 2.9731E-09 2.9301E-09 2.8866E-09 2.8423E-09 2.7968E-09 2.7511E-09 2.7048E-09 2.6580E-09 2.6109E-09 2.5638E-09 2.5161E-09 2.4678E-09 2.4198E-09 2.3717E-09 2.3237E-09 2.2754E-09 2.2275E-09 2.1798E-09 2.1319E-09 2.0845E-09 2.0375E-09 1.9906E-09 1.9441E-09 1.8979E-09 1.8516E-09 1.8060E-09 1.7607E-09 1.7155E-09 1.6706E-09
3.5201E-09 3.5413E-09 3.5591E-09 3.5740E-09 3.5853E-09 3.5936E-09 3.5984E-09 3.6001E-09 3.5983E-09 3.5938E-09 3.5869E-09 3.5767E-09 3.5637E-09 3.5481E-09 3.5298E-09 3.5091E-09 3.4856E-09 3.4602E-09 3.4327E-09 3.4027E-09 3.3711E-09 3.3373E-09 3.3017E-09 3.2645E-09 3.2263E-09 3.1866E-09 3.1452E-09 3.1030E-09 3.0596E-09 3.0148E-09 2.9696E-09 2.9239E-09 2.8766E-09 2.8296E-09 2.7820E-09 2.7330E-09 2.6841E-09 2.6349E-09 2.5850E-09 2.5354E-09 2.4861E-09 2.4364E-09 2.3867E-09 2.3371E-09 2.2876E-09 2.2378E-09 2.1887E-09 2.1397E-09 2.0910E-09 2.0422E-09 1.9941E-09 1.9460E-09 1.8981E-09 1.8507E-09 1.8036E-09 1.7569E-09 1.7107E-09
3.6399E-09 3.6611E-09 3.6792E-09 3.6938E-09 3.7044E-09 3.7119E-09 3.7166E-09 3.7172E-09 3.7155E-09 3.7106E-09 3.7023E-09 3.6907E-09 3.6766E-09 3.6598E-09 3.6399E-09 3.6179E-09 3.5934E-09 3.5667E-09 3.5377E-09 3.5062E-09 3.4731E-09 3.4381E-09 3.4013E-09 3.3624E-09 3.3225E-09 3.2810E-09 3.2378E-09 3.1938E-09 3.1488E-09 3.1022E-09 3.0552E-09 3.0073E-09 2.9582E-09 2.9090E-09 2.8591E-09 2.8084E-09 2.7582E-09 2.7076E-09 2.6564E-09 2.6050E-09 2.5536E-09 2.5022E-09 2.4503E-09 2.3990E-09 2.3478E-09 2.2964E-09 2.2456E-09 2.1946E-09 2.1443E-09 2.0943E-09 2.0446E-09 1.9953E-09 1.9459E-09 1.8973E-09 1.8491E-09 1.8013E-09 1.7540E-09
3.7615E-09 3.7830E-09 3.8003E-09 3.8148E-09 3.8253E-09 3.8328E-09 3.8366E-09 3.8369E-09 3.8340E-09 3.8279E-09 3.8187E-09 3.8060E-09 3.7913E-09 3.7737E-09 3.7526E-09 3.7293E-09 3.7035E-09 3.6748E-09 3.6443E-09 3.6117E-09 3.5766E-09 3.5399E-09 3.5015E-09 3.4609E-09 3.4188E-09 3.3757E-09 3.3307E-09 3.2850E-09 3.2381E-09 3.1897E-09 3.1408E-09 3.0911E-09 3.0407E-09 2.9901E-09 2.9384E-09 2.8864E-09 2.8343E-09 2.7811E-09 2.7281E-09 2.6750E-09 2.6213E-09 2.5686E-09 2.5154E-09 2.4624E-09 2.4095E-09 2.3564E-09 2.3039E-09 2.2516E-09 2.1997E-09 2.1476E-09 2.0964E-09 2.0454E-09 1.9945E-09 1.9439E-09 1.8938E-09 1.8442E-09 1.7950E-09
3.8848E-09 3.9061E-09 3.9240E-09 3.9378E-09 3.9480E-09 3.9551E-09 3.9582E-09 3.9575E-09 3.9542E-09 3.9472E-09 3.9371E-09 3.9243E-09 3.9076E-09 3.8884E-09 3.8664E-09 3.8414E-09 3.8141E-09 3.7844E-09 3.7525E-09 3.7183E-09 3.6820E-09 3.6438E-09 3.6032E-09 3.5614E-09 3.5180E-09 3.4731E-09 3.4263E-09 3.3788E-09 3.3300E-09 3.2803E-09 3.2296E-09 3.1777E-09 3.1254E-09 3.0725E-09 3.0186E-09 2.9647E-09 2.9104E-09 2.8558E-09 2.8015E-09 2.7465E-09 2.6915E-09 2.6366E-09 2.5812E-09 2.5265E-09 2.4718E-09 2.4169E-09 2.3627E-09 2.3088E-09 2.2547E-09 2.2010E-09 2.1477E-09 2.0947E-09 2.0421E-09 1.9900E-09 1.9383E-09 1.8872E-09 1.8365E-09
4.0099E-09 4.0315E-09 4.0485E-09 4.0624E-09 4.0723E-09 4.0781E-09 4.0811E-09 4.0805E-09 4.0764E-09 4.0682E-09 4.0571E-09 4.0428E-09 4.0250E-09 4.0046E-09 3.9818E-09 3.9559E-09 3.9277E-09 3.8961E-09 3.8626E-09 3.8269E-09 3.7886E-09 3.7487E-09 3.7069E-09 3.6629E-09 3.6177E-09 3.5710E-09 3.5225E-09 3.4731E-09 3.4226E-09 3.3710E-09 3.3185E-09 3.2647E-09 3.2105E-09 3.1562E-09 3.1009E-09 3.0452E-09 2.9890E-09 2.9322E-09 2.8756E-09 2.8188E-09 2.7616E-09 2.7048E-09 2.6481E-09 2.5911E-09 2.5346E-09 2.4780E-09 2.4216E-09 2.3659E-09 2.3106E-09 2.2552E-09 2.2006E-09 2.1464E-09 2.0926E-09 2.0389E-09 1.9861E-09 1.9339E-09 1.8821E-09
4.1360E-09 4.1576E-09 4.1748E-09 4.1882E-09 4.1981E-09 4.2038E-09 4.2062E-09 4.2046E-09 4.1989E-09 4.1902E-09 4.1786E-09 4.1628E-09 4.1448E-09 4.1236E-09 4.0991E-09 4.0714E-09 4.0414E-09 4.0088E-09 3.9738E-09 3.9365E-09 3.8974E-09 3.8559E-09 3.8120E-09 3.7668E-09 3.7199E-09 3.6714E-09 3.6210E-09 3.5698E-09 3.5174E-09 3.4635E-09 3.4092E-09 3.3535E-09 3.2975E-09 3.2409E-09 3.1832E-09 3.1256E-09 3.0676E-09 3.0088E-09 2.9503E-09 2.8917E-09 2.8326E-09 2.7745E-09 2.7155E-09 2.6571E-09 2.5989E-09 2.5405E-09 2.4828E-09 2.4254E-09 2.3679E-09 2.3112E-09 2.2549E-09 2.1990E-09 2.1432E-09 2.0879E-09 2.0331E-09 1.9788E-09 1.9251E-09
4.2638E-09 4.2850E-09 4.3026E-09 4.3156E-09 4.3248E-09 4.3305E-09 4.3319E-09 4.3296E-09 4.3236E-09 4.3145E-09 4.3015E-09 4.2851E-09 4.2655E-09 4.2427E-09 4.2174E-09 4.1883E-09 4.1574E-09 4.1238E-09 4.0873E-09 4.0480E-09 4.0069E-09 3.9637E-09 3.9181E-09 3.8711E-09 3.8224E-09 3.7716E-09 3.7200E-09 3.6670E-09 3.6123E-09 3.5570E-09 3.5007E-09 3.4436E-09 3.3853E-09 3.3267E-09 3.2676E-09 3.2080E-09 3.1477E-09 3.0875E-09 3.0267E-09 2.9663E-09 2.9058E-09 2.8449E-09 2.7845E-09 2.7243E-09 2.6638E-09 2.6040E-09 2.5445E-09 2.4848E-09 2.4260E-09 2.3672E-09 2.3087E-09 2.2507E-09 2.1932E-09 2.1362E-09 2.0798E-09 2.0239E-09 1.9687E-09
4.3929E-09 4.4141E-09 4.4311E-09 4.4443E-09 4.4531E-09 4.4580E-09 4.4593E-09 4.4563E-09 4.4496E-09 4.4396E-09 4.4252E-09 4.4082E-09 4.3880E-09 4.3640E-09 4.3370E-09 4.3075E-09 4.2743E-09 4.2388E-09 4.2008E-09 4.1599E-09 4.1177E-09 4.0733E-09 4.0265E-09 3.9773E-09 3.9269E-09 3.8749E-09 3.8209E-09 3.7660E-09 3.7099E-09 3.6522E-09 3.5941E-09 3.5345E-09 3.4743E-09 3.4133E-09 3.3524E-09 3.2909E-09 3.2286E-09 3.1666E-09 3.1043E-09 3.0415E-09 2.9792E-09 2.9168E-09 2.8541E-09 2.7920E-09 2.7301E-09 2.6680E-09 2.6062E-09 2.5447E-09 2.4837E-09 2.4230E-09 2.3633E-09 2.3041E-09 2.2453E-09 2.1871E-09 2.1291E-09 2.0721E-09 2.0157E-09
4.5226E-09 4.5441E-09 4.5606E-09 4.5737E-09 4.5826E-09 4.5874E-09 4.5873E-09 4.5841E-09 4.5771E-09 4.5654E-09 4.5510E-09 4.5330E-09 4.5108E-09 4.4861E-09 4.4578E-09 4.4266E-09 4.3925E-09 4.3560E-09 4.3170E-09 4.2746E-09 4.2303E-09 4.1838E-09 4.1348E-09 4.0844E-09 4.0321E-09 3.9778E-09 3.9225E-09 3.8653E-09 3.8068E-09 3.7473E-09 3.6867E-09 3.6258E-09 3.5636E-09 3.5012E-09 3.4383E-09 3.3745E-09 3.3107E-09 3.2468E-09 3.1821E-09 3.1178E-09 3.0535E-09 2.9888E-09 2.9247E-09 2.8607E-09 2.7965E-09 2.7330E-09 2.6699E-09 2.6066E-09 2.5442E-09 2.4822E-09 2.4208E-09 2.3593E-09 2.2989E-09 2.2390E-09 2.1793E-09 2.1202E-09 2.0618E-09
4.6531E-09 4.6747E-09 4.6920E-09 4.7044E-09 4.7126E-09 4.7169E-09 4.7172E-09 4.7130E-09 4.7048E-09 4.6932E-09 4.6774E-09 4.6580E-09 4.6351E-09 4.6093E-09 4.5803E-09 4.5478E-09 4.5122E-09 4.4740E-09 4.4330E-09 4.3890E-09 4.3431E-09 4.2950E-09 4.2443E-09 4.1921E-09 4.1376E-09 4.0820E-09 4.0249E-09 3.9664E-09 3.9060E-09 3.8451E-09 3.7831E-09 3.7198E-09 3.6561E-09 3.5918E-09 3.5269E-09 3.4612E-09 3.3950E-09 3.3285E-09 3.2619E-09 3.1958E-09 3.1291E-09 3.0630E-09 2.9969E-09 2.9306E-09 2.8649E-09 2.7996E-09 2.7346E-09 2.6695E-09 2.6052E-09 2.5415E-09 2.4778E-09 2.4145E-09 2.3528E-09 2.2916E-09 2.2311E-09 2.1711E-09 2.1119E-09
4.7848E-09 4.8060E-09 4.8233E-09 4.8361E-09 4.8446E-09 4.8482E-09 4.8476E-09 4.8432E-09 4.8344E-09 4.8220E-09 4.8054E-09 4.7856E-09 4.7617E-09 4.7344E-09 4.7042E-09 4.6700E-09 4.6332E-09 4.5935E-09 4.5511E-09 4.5057E-09 4.4588E-09 4.4091E-09 4.3568E-09 4.3030E-09 4.2474E-09 4.1900E-09 4.1306E-09 4.0703E-09 4.0086E-09 3.9453E-09 3.8815E-09 3.8163E-09 3.7502E-09 3.6835E-09 3.6162E-09 3.5485E-09 3.4809E-09 3.4131E-09 3.3446E-09 3.2765E-09 3.2084E-09 3.1398E-09 3.0719E-09 3.0041E-09 2.9360E-09 2.8697E-09 2.8028E-09 2.7368E-09 2.6712E-09 2.6060E-09 2.5405E-09 2.4764E-09 2.4129E-09 2.3491E-09 2.2877E-09 2.2270E-09 2.1661E-09
4.9169E-09 4.9384E-09 4.9557E-09 4.9684E-09 4.9761E-09 4.9793E-09 4.9786E-09 4.9732E-09 4.9642E-09 4.9511E-09 4.9341E-09 4.9124E-09 4.8880E-09 4.8596E-09 4.8274E-09 4.7923E-09 4.7547E-09 4.7132E-09 4.6699E-09 4.6235E-09 4.5740E-09 4.5228E-09 4.4693E-09 4.4138E-09 4.3559E-09 4.2968E-09 4.2360E-09 4.1734E-09 4.1094E-09 4.0442E-09 3.9780E-09 3.9108E-09 3.8428E-09 3.7747E-09 3.7060E-09 3.6363E-09 3.5668E-09 3.4970E-09 3.4265E-09 3.3565E-09 3.2864E-09 3.2169E-09 3.1480E-09 3.0783E-09 3.0094E-09 2.9407E-09 2.8715E-09 2.8046E-09 2.7381E-09 2.6703E-09 2.6049E-09 2.5400E-09 2.4749E-09 2.4095E-09 2.3456E-09 2.2823E-09 2.2199E-09
5.0495E-09 5.0712E-09 5.0880E-09 5.1005E-09 5.1083E-09 5.1112E-09 5.1103E-09 5.1053E-09 5.0955E-09 5.0813E-09 5.0636E-09 5.0416E-09 5.0153E-09 4.9864E-09 4.9536E-09 4.9180E-09 4.8787E-09 4.8360E-09 4.7909E-09 4.7431E-09 4.6922E-09 4.6395E-09 4.5845E-09 4.5274E-09 4.4679E-09 4.4067E-09 4.3437E-09 4.2799E-09 4.2148E-09 4.1484E-09 4.0803E-09 4.0119E-09 3.9426E-09 3.8722E-09 3.8016E-09 3.7306E-09 3.6592E-09 3.5880E-09 3.5157E-09 3.4442E-09 3.3728E-09 3.3004E-09 3.2292E-09 3.1592E-09 3.0885E-09 3.0190E-09 2.9489E-09 2.8794E-09 2.8111E-09 2.7427E-09 2.6756E-09 2.6092E-09 2.5414E-09 2.4762E-09 2.4106E-09 2.3448E-09 2.2806E-09
5.1820E-09 5.2040E-09 5.2208E-09 5.2328E-09 5.2412E-09 5.2443E-09 5.2433E-09 5.2372E-09 5.2270E-09 5.2123E-09 5.1929E-09 5.1706E-09 5.1444E-09 5.1136E-09 5.0803E-09 5.0431E-09 5.0022E-09 4.9587E-09 4.9122E-09 4.8626E-09 4.8108E-09 4.7565E-09 4.7001E-09 4.6416E-09 4.5805E-09 4.5181E-09 4.4541E-09 4.3885E-09 4.3211E-09 4.2529E-09 4.1836E-09 4.1128E-09 4.0417E-09 3.9693E-09 3.8974E-09 3.8240E-09 3.7512E-09 3.6782E-09 3.6040E-09 3.5318E-09 3.4575E-09 3.3854E-09 3.3134E-09 3.2396E-09 3.1692E-09 3.0980E-09 3.0263E-09 2.9561E-09 2.8853E-09 2.8151E-09 2.7463E-09 2.6762E-09 2.6077E-09 2.5405E-09 2.4732E-09 2.4064E-09 2.3403E-09
5.3141E-09 5.3363E-09 5.3537E-09 5.3664E-09 5.3740E-09 5.3773E-09 5.3753E-09 5.3685E-09 5.3574E-09 5.3426E-09 5.3237E-09 5.3001E-09 5.2735E-09 5.2425E-09 5.2073E-09 5.1691E-09 5.1276E-09 5.0830E-09 5.0355E-09 4.9850E-09 4.9321E-09 4.8766E-09 4.8182E-09 4.7583E-09 4.6962E-09 4.6324E-09 4.5662E-09 4.4991E-09 4.4316E-09 4.3623E-09 4.2908E-09 4.2194E-09 4.1471E-09 4.0731E-09 3.9995E-09 3.9253E-09 3.8519E-09 3.7762E-09 3.7024E-09 3.6275E-09 3.5517E-09 3.4780E-09 3.4045E-09 3.3291E-09 3.2561E-09 3.1834E-09 3.1091E-09 3.0372E-09 2.9656E-09 2.8935E-09 2.8221E-09 2.7521E-09 2.6816E-09 2.6110E-09 2.5417E-09 2.4731E-09 2.4044E-09
5.4463E-09 5.4689E-09 5.4863E-09 5.4992E-09 5.5066E-09 5.5094E-09 5.5071E-09 5.5009E-09 5.4898E-09 5.4744E-09 5.4552E-09 5.4314E-09 5.4029E-09 5.3710E-09 5.3354E-09 5.2962E-09 5.2538E-09 5.2087E-09 5.1600E-09 5.1080E-09 5.0538E-09 4.9970E-09 4.9373E-09 4.8769E-09 4.8135E-09 4.7487E-09 4.6826E-09 4.6136E-09 4.5440E-09 4.4731E-09 4.4012E-09 4.3292E-09 4.2563E-09 4.1816E-09 4.1065E-09 4.0308E-09 3.9538E-09 3.8774E-09 3.8021E-09 3.7257E-09 3.6492E-09 3.5729E-09 3.4967E-09 3.4196E-09 3.3448E-09 3.2694E-09 3.1942E-09 3.1205E-09 3.0464E-09 2.9726E-09 2.8992E-09 2.8256E-09 2.7533E-09 2.6816E-09 2.6097E-09 2.5392E-09 2.4686E-09
