Assets/Resources/2015_m01_d15_1100(utc+0800)_l00_csi_1hr_conc.grd
DSAA
         159         159
     -79.000      79.000
     -79.000      79.000
  0.0000E+00  0.5813E-05
[rows 50 to 74 of 159, columns 57 to 113 of 159]
2.0431E-09 2.1656E-09 2.3156E-09 2.4768E-09 2.6350E-09 2.7962E-09 2.9836E-09 3.1850E-09 3.3908E-09 3.6211E-09 3.8553E-09 4.1123E-09 4.3726E-09 4.6443E-09 4.9355E-09 5.2267E-09 5.5246E-09 5.8280E-09 6.1415E-09 6.4627E-09 6.7891E-09 7.1141E-09 7.4276E-09 7.7285E-09 8.0203E-09 8.3015E-09 8.5710E-09 8.8281E-09 9.0718E-09 9.2939E-09 9.5171E-09 9.7200E-09 9.8984E-09 1.0074E-08 1.0236E-08 1.0385E-08 1.0517E-08 1.0648E-08 1.0845E-08 1.0889E-08 1.0993E-08 1.1126E-08 1.1162E-08 1.1221E-08 1.1278E-08 1.1295E-08 1.1307E-08 1.1299E-08 1.1269E-08 1.1221E-08 1.1167E-08 1.1094E-08 1.0997E-08 1.0893E-08 1.0779E-08 1.0649E-08 1.0500E-08
2.0930E-09 2.2345E-09 2.3976E-09 2.5649E-09 2.7395E-09 2.9298E-09 3.1266E-09 3.3496E-09 3.5789E-09 3.8343E-09 4.0957E-09 4.3813E-09 4.6723E-09 4.9761E-09 5.2906E-09 5.6137E-09 5.9476E-09 6.2899E-09 6.6416E-09 7.0001E-09 7.3593E-09 7.7142E-09 8.0552E-09 8.3782E-09 8.6873E-09 8.9813E-09 9.2590E-09 9.5197E-09 9.7625E-09 9.9879E-09 1.0200E-08 1.0389E-08 1.0549E-08 1.0705E-08 1.0853E-08 1.0976E-08 1.1098E-08 1.1211E-08 1.1310E-08 1.1410E-08 1.1512E-08 1.1597E-08 1.1712E-08 1.1718E-08 1.1763E-08 1.1772E-08 1.1775E-08 1.1762E-08 1.1728E-08 1.1670E-08 1.1598E-08 1.1520E-08 1.1421E-08 1.1297E-08 1.1173E-08 1.1036E-08 1.0881E-08
2.1428E-09 2.3134E-09 2.4888E-09 2.6662E-09 2.8595E-09 3.0702E-09 3.2894E-09 3.5369E-09 3.7933E-09 4.0776E-09 4.3707E-09 4.6807E-09 5.0066E-09 5.3456E-09 5.6989E-09 6.0675E-09 6.4500E-09 6.8391E-09 7.2333E-09 7.6316E-09 8.0253E-09 8.4107E-09 8.7794E-09 9.1246E-09 9.4509E-09 9.7566E-09 1.0040E-08 1.0301E-08 1.0541E-08 1.0758E-08 1.0957E-08 1.1127E-08 1.1284E-08 1.1404E-08 1.1518E-08 1.1611E-08 1.1693E-08 1.1783E-08 1.1870E-08 1.2086E-08 1.2028E-08 1.2107E-08 1.2245E-08 1.2211E-08 1.2247E-08 1.2241E-08 1.2235E-08 1.2211E-08 1.2171E-08 1.2111E-08 1.2023E-08 1.1929E-08 1.1825E-08 1.1700E-08 1.1553E-08 1.1406E-08 1.1246E-08
2.2152E-09 2.3974E-09 2.5869E-09 2.7816E-09 2.9953E-09 3.2288E-09 3.4740E-09 3.7497E-09 4.0370E-09 4.3454E-09 4.6740E-09 5.0220E-09 5.3863E-09 5.7693E-09 6.1818E-09 6.6087E-09 7.0453E-09 7.4844E-09 7.9238E-09 8.3660E-09 8.7980E-09 9.2171E-09 9.6159E-09 9.9847E-09 1.0328E-08 1.0643E-08 1.0930E-08 1.1188E-08 1.1418E-08 1.1622E-08 1.1807E-08 1.1945E-08 1.2062E-08 1.2161E-08 1.2242E-08 1.2310E-08 1.2370E-08 1.2405E-08 1.2456E-08 1.2717E-08 1.2554E-08 1.2610E-08 1.2742E-08 1.2695E-08 1.2722E-08 1.2704E-08 1.2681E-08 1.2648E-08 1.2596E-08 1.2529E-08 1.2441E-08 1.2324E-08 1.2208E-08 1.2079E-08 1.1925E-08 1.1759E-08 1.1590E-08
2.3072E-09 2.4970E-09 2.6961E-09 2.9111E-09 3.1480E-09 3.4079E-09 3.6823E-09 3.9800E-09 4.3024E-09 4.6485E-09 5.0163E-09 5.4076E-09 5.8199E-09 6.2795E-09 6.7539E-09 7.2399E-09 7.7337E-09 8.2294E-09 8.7208E-09 9.2125E-09 9.6888E-09 1.0147E-08 1.0578E-08 1.0972E-08 1.1332E-08 1.1656E-08 1.1943E-08 1.2194E-08 1.2410E-08 1.2591E-08 1.2742E-08 1.2855E-08 1.2930E-08 1.2986E-08 1.3025E-08 1.3055E-08 1.3076E-08 1.3081E-08 1.3080E-08 1.3311E-08 1.3107E-08 1.3118E-08 1.3228E-08 1.3166E-08 1.3169E-08 1.3154E-08 1.3117E-08 1.3066E-08 1.3005E-08 1.2925E-08 1.2830E-08 1.2713E-08 1.2571E-08 1.2432E-08 1.2279E-08 1.2096E-08 1.1914E-08
2.4011E-09 2.6038E-09 2.8180E-09 3.0562E-09 3.3195E-09 3.5992E-09 3.9049E-09 4.2387E-09 4.6001E-09 4.9864E-09 5.4026E-09 5.8459E-09 6.3445E-09 6.8733E-09 7.4140E-09 7.9662E-09 8.5250E-09 9.0852E-09 9.6391E-09 1.0187E-08 1.0714E-08 1.1215E-08 1.1682E-08 1.2103E-08 1.2481E-08 1.2812E-08 1.3096E-08 1.3334E-08 1.3528E-08 1.3679E-08 1.3791E-08 1.3860E-08 1.3884E-08 1.3887E-08 1.3875E-08 1.3857E-08 1.3830E-08 1.3811E-08 1.3750E-08 1.3761E-08 1.3668E-08 1.3645E-08 1.3631E-08 1.3620E-08 1.3610E-08 1.3598E-08 1.3537E-08 1.3468E-08 1.3391E-08 1.3300E-08 1.3193E-08 1.3070E-08 1.2922E-08 1.2763E-08 1.2600E-08 1.2421E-08 1.2217E-08
2.4974E-09 2.7264E-09 2.9630E-09 3.2178E-09 3.5001E-09 3.8108E-09 4.1531E-09 4.5268E-09 4.9295E-09 5.3608E-09 5.8371E-09 6.3684E-09 6.9493E-09 7.5473E-09 8.1619E-09 8.7898E-09 9.4255E-09 1.0060E-08 1.0686E-08 1.1298E-08 1.1882E-08 1.2432E-08 1.2937E-08 1.3389E-08 1.3784E-08 1.4121E-08 1.4399E-08 1.4618E-08 1.4780E-08 1.4892E-08 1.4956E-08 1.4969E-08 1.4925E-08 1.4862E-08 1.4788E-08 1.4725E-08 1.4633E-08 1.4549E-08 1.4464E-08 1.4361E-08 1.4309E-08 1.4195E-08 1.4106E-08 1.4152E-08 1.4031E-08 1.4004E-08 1.3931E-08 1.3855E-08 1.3754E-08 1.3651E-08 1.3533E-08 1.3399E-08 1.3250E-08 1.3073E-08 1.2898E-08 1.2712E-08 1.2504E-08
2.6152E-09 2.8508E-09 3.1033E-09 3.3851E-09 3.6976E-09 4.0443E-09 4.4269E-09 4.8428E-09 5.2916E-09 5.7800E-09 6.3403E-09 6.9719E-09 7.6285E-09 8.3048E-09 9.0042E-09 9.7193E-09 1.0442E-08 1.1160E-08 1.1867E-08 1.2553E-08 1.3205E-08 1.3813E-08 1.4364E-08 1.4850E-08 1.5267E-08 1.5610E-08 1.5877E-08 1.6070E-08 1.6193E-08 1.6251E-08 1.6251E-08 1.6195E-08 1.6070E-08 1.5926E-08 1.5772E-08 1.5621E-08 1.5473E-08 1.5329E-08 1.5192E-08 1.5047E-08 1.5179E-08 1.4778E-08 1.4633E-08 1.4598E-08 1.4430E-08 1.4387E-08 1.4299E-08 1.4210E-08 1.4102E-08 1.3977E-08 1.3847E-08 1.3702E-08 1.3543E-08 1.3366E-08 1.3169E-08 1.2975E-08 1.2765E-08
2.7303E-09 2.9777E-09 3.2557E-09 3.5665E-09 3.9130E-09 4.2999E-09 4.7243E-09 5.1857E-09 5.6870E-09 6.2592E-09 6.9317E-09 7.6404E-09 8.3816E-09 9.1517E-09 9.9476E-09 1.0758E-08 1.1578E-08 1.2395E-08 1.3198E-08 1.3975E-08 1.4709E-08 1.5386E-08 1.5993E-08 1.6519E-08 1.6960E-08 1.7307E-08 1.7561E-08 1.7721E-08 1.7795E-08 1.7788E-08 1.7710E-08 1.7565E-08 1.7342E-08 1.7093E-08 1.6845E-08 1.6601E-08 1.6368E-08 1.6147E-08 1.5942E-08 1.5747E-08 1.5834E-08 1.5367E-08 1.5192E-08 1.5088E-08 1.4820E-08 1.4730E-08 1.4641E-08 1.4538E-08 1.4420E-08 1.4280E-08 1.4133E-08 1.3977E-08 1.3808E-08 1.3625E-08 1.3420E-08 1.3210E-08 1.2996E-08
2.8425E-09 3.1137E-09 3.4191E-09 3.7612E-09 4.1470E-09 4.5749E-09 5.0434E-09 5.5568E-09 6.1184E-09 6.8164E-09 7.5755E-09 8.3730E-09 9.2087E-09 1.0078E-08 1.0978E-08 1.1901E-08 1.2837E-08 1.3771E-08 1.4690E-08 1.5574E-08 1.6403E-08 1.7162E-08 1.7834E-08 1.8406E-08 1.8874E-08 1.9227E-08 1.9462E-08 1.9584E-08 1.9599E-08 1.9516E-08 1.9344E-08 1.9094E-08 1.8760E-08 1.8386E-08 1.8021E-08 1.7663E-08 1.7325E-08 1.7009E-08 1.6720E-08 1.6454E-08 1.6495E-08 1.5966E-08 1.5732E-08 1.5620E-08 1.5238E-08 1.5089E-08 1.4964E-08 1.4837E-08 1.4705E-08 1.4558E-08 1.4391E-08 1.4223E-08 1.4044E-08 1.3852E-08 1.3643E-08 1.3420E-08 1.3196E-08
2.9616E-09 3.2579E-09 3.5922E-09 3.9702E-09 4.3964E-09 4.8664E-09 5.3845E-09 5.9527E-09 6.6285E-09 7.4342E-09 8.2753E-09 9.1668E-09 1.0101E-08 1.1082E-08 1.2106E-08 1.3159E-08 1.4230E-08 1.5299E-08 1.6349E-08 1.7357E-08 1.8296E-08 1.9150E-08 1.9899E-08 2.0523E-08 2.1023E-08 2.1382E-08 2.1599E-08 2.1676E-08 2.1623E-08 2.1449E-08 2.1167E-08 2.0795E-08 2.0335E-08 1.9818E-08 1.9310E-08 1.8818E-08 1.8363E-08 1.7929E-08 1.7591E-08 1.7180E-08 1.6855E-08 1.6554E-08 1.6275E-08 1.6005E-08 1.5749E-08 1.5412E-08 1.5285E-08 1.5106E-08 1.4959E-08 1.4801E-08 1.4626E-08 1.4439E-08 1.4249E-08 1.4048E-08 1.3834E-08 1.3605E-08 1.3368E-08
3.0864E-09 3.4089E-09 3.7739E-09 4.1918E-09 4.6572E-09 5.1728E-09 5.7447E-09 6.3953E-09 7.2083E-09 8.0887E-09 9.0239E-09 1.0007E-08 1.1056E-08 1.2165E-08 1.3328E-08 1.4530E-08 1.5752E-08 1.6975E-08 1.8174E-08 1.9325E-08 2.0389E-08 2.1351E-08 2.2187E-08 2.2871E-08 2.3407E-08 2.3775E-08 2.3971E-08 2.3999E-08 2.3870E-08 2.3594E-08 2.3185E-08 2.2673E-08 2.2070E-08 2.1390E-08 2.0720E-08 2.0073E-08 1.9468E-08 1.8908E-08 1.8396E-08 1.7932E-08 1.7514E-08 1.7255E-08 1.6797E-08 1.6473E-08 1.6299E-08 1.5836E-08 1.5559E-08 1.5370E-08 1.5183E-08 1.5011E-08 1.4826E-08 1.4627E-08 1.4424E-08 1.4214E-08 1.3994E-08 1.3759E-08 1.3514E-08
3.2171E-09 3.5675E-09 3.9689E-09 4.4257E-09 4.9327E-09 5.4973E-09 6.1337E-09 6.8966E-09 7.8117E-09 8.7801E-09 9.7987E-09 1.0895E-08 1.2071E-08 1.3324E-08 1.4640E-08 1.6004E-08 1.7395E-08 1.8788E-08 2.0155E-08 2.1466E-08 2.2671E-08 2.3755E-08 2.4691E-08 2.5443E-08 2.6022E-08 2.6400E-08 2.6574E-08 2.6548E-08 2.6334E-08 2.5944E-08 2.5396E-08 2.4726E-08 2.3958E-08 2.3098E-08 2.2244E-08 2.1427E-08 2.0657E-08 1.9948E-08 1.9300E-08 1.8714E-08 1.8189E-08 1.8055E-08 1.7305E-08 1.6932E-08 1.6690E-08 1.6257E-08 1.5864E-08 1.5606E-08 1.5386E-08 1.5188E-08 1.4993E-08 1.4786E-08 1.4568E-08 1.4349E-08 1.4122E-08 1.3880E-08 1.3632E-08
3.3533E-09 3.7326E-09 4.1741E-09 4.6674E-09 5.2166E-09 5.8350E-09 6.5576E-09 7.4407E-09 8.4438E-09 9.4806E-09 1.0603E-08 1.1824E-08 1.3142E-08 1.4548E-08 1.6030E-08 1.7570E-08 1.9145E-08 2.0724E-08 2.2275E-08 2.3761E-08 2.5125E-08 2.6345E-08 2.7390E-08 2.8222E-08 2.8847E-08 2.9239E-08 2.9391E-08 2.9309E-08 2.9004E-08 2.8486E-08 2.7785E-08 2.6941E-08 2.5991E-08 2.4935E-08 2.3877E-08 2.2870E-08 2.1921E-08 2.1042E-08 2.0242E-08 1.9522E-08 1.8880E-08 1.8647E-08 1.7808E-08 1.7360E-08 1.7076E-08 1.6573E-08 1.6221E-08 1.5808E-08 1.5585E-08 1.5344E-08 1.5127E-08 1.4909E-08 1.4684E-08 1.4452E-08 1.4218E-08 1.3973E-08 1.3719E-08
3.4941E-09 3.9067E-09 4.3828E-09 4.9122E-09 5.5080E-09 6.1919E-09 7.0213E-09 8.0139E-09 9.0647E-09 1.0194E-08 1.1434E-08 1.2788E-08 1.4253E-08 1.5822E-08 1.7482E-08 1.9212E-08 2.0985E-08 2.2767E-08 2.4516E-08 2.6192E-08 2.7728E-08 2.9094E-08 3.0259E-08 3.1179E-08 3.1853E-08 3.2262E-08 3.2396E-08 3.2257E-08 3.1852E-08 3.1196E-08 3.0326E-08 2.9293E-08 2.8145E-08 2.6884E-08 2.5603E-08 2.4389E-08 2.3244E-08 2.2186E-08 2.1216E-08 2.0350E-08 1.9579E-08 1.9125E-08 1.8302E-08 1.7777E-08 1.7412E-08 1.6883E-08 1.6483E-08 1.6098E-08 1.5743E-08 1.5494E-08 1.5226E-08 1.5000E-08 1.4767E-08 1.4526E-08 1.4284E-08 1.4034E-08 1.3776E-08
3.6369E-09 4.0875E-09 4.5926E-09 5.1572E-09 5.8022E-09 6.5549E-09 7.5006E-09 8.5657E-09 9.6823E-09 1.0917E-08 1.2279E-08 1.3771E-08 1.5392E-08 1.7133E-08 1.8981E-08 2.0911E-08 2.2894E-08 2.4889E-08 2.6851E-08 2.8729E-08 3.0449E-08 3.1970E-08 3.3260E-08 3.4274E-08 3.5001E-08 3.5428E-08 3.5541E-08 3.5346E-08 3.4836E-08 3.4034E-08 3.2986E-08 3.1751E-08 3.0391E-08 2.8917E-08 2.7404E-08 2.5962E-08 2.4609E-08 2.3399E-08 2.2214E-08 2.1223E-08 2.0281E-08 1.9483E-08 1.8785E-08 1.8175E-08 1.7643E-08 1.7228E-08 1.6701E-08 1.6328E-08 1.5899E-08 1.5603E-08 1.5328E-08 1.5057E-08 1.4817E-08 1.4570E-08 1.4319E-08 1.4064E-08 1.3804E-08
3.7812E-09 4.2639E-09 4.7980E-09 5.4042E-09 6.0985E-09 6.9518E-09 7.9741E-09 9.0841E-09 1.0293E-08 1.1635E-08 1.3122E-08 1.4758E-08 1.6540E-08 1.8460E-08 2.0503E-08 2.2643E-08 2.4845E-08 2.7064E-08 2.9247E-08 3.1336E-08 3.3249E-08 3.4927E-08 3.6345E-08 3.7456E-08 3.8237E-08 3.8688E-08 3.8788E-08 3.8523E-08 3.7897E-08 3.6943E-08 3.5714E-08 3.4271E-08 3.2684E-08 3.0994E-08 2.9244E-08 2.7599E-08 2.5992E-08 2.4543E-08 2.3221E-08 2.2027E-08 2.0976E-08 2.0055E-08 1.9445E-08 1.8553E-08 1.7946E-08 1.7536E-08 1.6932E-08 1.6474E-08 1.6064E-08 1.5679E-08 1.5402E-08 1.5116E-08 1.4835E-08 1.4583E-08 1.4326E-08 1.4069E-08 1.3802E-08
3.9279E-09 4.4328E-09 4.9966E-09 5.6487E-09 6.4063E-09 7.3770E-09 8.4631E-09 9.6470E-09 1.0957E-08 1.2400E-08 1.3992E-08 1.5741E-08 1.7687E-08 1.9790E-08 2.2032E-08 2.4384E-08 2.6810E-08 2.9257E-08 3.1667E-08 3.3971E-08 3.6082E-08 3.7920E-08 3.9464E-08 4.0669E-08 4.1501E-08 4.1976E-08 4.2059E-08 4.1725E-08 4.0977E-08 3.9864E-08 3.8449E-08 3.6797E-08 3.4983E-08 3.3087E-08 3.1081E-08 2.9168E-08 2.7370E-08 2.5712E-08 2.4207E-08 2.2854E-08 2.1650E-08 2.0604E-08 2.0063E-08 1.8904E-08 1.8222E-08 1.7749E-08 1.7101E-08 1.6598E-08 1.6160E-08 1.5761E-08 1.5427E-08 1.5146E-08 1.4822E-08 1.4565E-08 1.4304E-08 1.4041E-08 1.3774E-08
4.0699E-09 4.5936E-09 5.1890E-09 5.9047E-09 6.7381E-09 7.7852E-09 8.9451E-09 1.0233E-08 1.1666E-08 1.3222E-08 1.4941E-08 1.6807E-08 1.8851E-08 2.1137E-08 2.3574E-08 2.6130E-08 2.8769E-08 3.1439E-08 3.4073E-08 3.6590E-08 3.8896E-08 4.0890E-08 4.2555E-08 4.3847E-08 4.4730E-08 4.5226E-08 4.5279E-08 4.4862E-08 4.3993E-08 4.2723E-08 4.1118E-08 3.9258E-08 3.7221E-08 3.5084E-08 3.2867E-08 3.0718E-08 2.8708E-08 2.6841E-08 2.5154E-08 2.3640E-08 2.2295E-08 2.1119E-08 2.0469E-08 1.9223E-08 1.8466E-08 1.7937E-08 1.7232E-08 1.6717E-08 1.6209E-08 1.5811E-08 1.5426E-08 1.5130E-08 1.4832E-08 1.4516E-08 1.4253E-08 1.3987E-08 1.3718E-08
4.1989E-09 4.7439E-09 5.3905E-09 6.1678E-09 7.0991E-09 8.2112E-09 9.4793E-09 1.0913E-08 1.2495E-08 1.4192E-08 1.6056E-08 1.8069E-08 2.0249E-08 2.2594E-08 2.5152E-08 2.7901E-08 3.0732E-08 3.3590E-08 3.6418E-08 3.9136E-08 4.1632E-08 4.3776E-08 4.5561E-08 4.6934E-08 4.7861E-08 4.8359E-08 4.8361E-08 4.7853E-08 4.6861E-08 4.5437E-08 4.3650E-08 4.1585E-08 3.9336E-08 3.6988E-08 3.4556E-08 3.2180E-08 2.9963E-08 2.7908E-08 2.6037E-08 2.4367E-08 2.2907E-08 2.1590E-08 2.0612E-08 1.9502E-08 1.8672E-08 1.8007E-08 1.7327E-08 1.6777E-08 1.6281E-08 1.5807E-08 1.5411E-08 1.5076E-08 1.4787E-08 1.4459E-08 1.4173E-08 1.3906E-08 1.3636E-08
4.3154E-09 4.8887E-09 5.5942E-09 6.4246E-09 7.4477E-09 8.6555E-09 1.0038E-08 1.1647E-08 1.3433E-08 1.5359E-08 1.7484E-08 1.9744E-08 2.2125E-08 2.4587E-08 2.7109E-08 2.9897E-08 3.2846E-08 3.5848E-08 3.8773E-08 4.1618E-08 4.4231E-08 4.6508E-08 4.8391E-08 4.9838E-08 5.0805E-08 5.1293E-08 5.1225E-08 5.0615E-08 4.9495E-08 4.7921E-08 4.5962E-08 4.3705E-08 4.1257E-08 3.8714E-08 3.6102E-08 3.3510E-08 3.1099E-08 2.8868E-08 2.6887E-08 2.5018E-08 2.3422E-08 2.2005E-08 2.0783E-08 1.9733E-08 1.8834E-08 1.8062E-08 1.7503E-08 1.6796E-08 1.6295E-08 1.5762E-08 1.5372E-08 1.5002E-08 1.4696E-08 1.4398E-08 1.4066E-08 1.3800E-08 1.3528E-08
4.4190E-09 5.0403E-09 5.7865E-09 6.6820E-09 7.7917E-09 9.1173E-09 1.0674E-08 1.2506E-08 1.4600E-08 1.6887E-08 1.9428E-08 2.2140E-08 2.4933E-08 2.7679E-08 3.0187E-08 3.2850E-08 3.5687E-08 3.8573E-08 4.1500E-08 4.4173E-08 4.6684E-08 4.9025E-08 5.0996E-08 5.2500E-08 5.3485E-08 5.3927E-08 5.3782E-08 5.3064E-08 5.1821E-08 5.0104E-08 4.7986E-08 4.5561E-08 4.2930E-08 4.0209E-08 3.7441E-08 3.4676E-08 3.2119E-08 2.9696E-08 2.7526E-08 2.5574E-08 2.3851E-08 2.2343E-08 2.1036E-08 2.0228E-08 1.8947E-08 1.8122E-08 1.7538E-08 1.6785E-08 1.6249E-08 1.5742E-08 1.5282E-08 1.4907E-08 1.4579E-08 1.4276E-08 1.3973E-08 1.3667E-08 1.3397E-08
4.5156E-09 5.1793E-09 5.9631E-09 6.9449E-09 8.1514E-09 9.6260E-09 1.1406E-08 1.3577E-08 1.6083E-08 1.8914E-08 2.2139E-08 2.5675E-08 2.9312E-08 3.2738E-08 3.5488E-08 3.7956E-08 4.0456E-08 4.2783E-08 4.5137E-08 4.7232E-08 4.9122E-08 5.1281E-08 5.3289E-08 5.4830E-08 5.5816E-08 5.6198E-08 5.5965E-08 5.5142E-08 5.3764E-08 5.1906E-08 4.9646E-08 4.7080E-08 4.4308E-08 4.1430E-08 3.8543E-08 3.5630E-08 3.2885E-08 3.0364E-08 2.8071E-08 2.6015E-08 2.4189E-08 2.2596E-08 2.1215E-08 2.0390E-08 1.9004E-08 1.8134E-08 1.7509E-08 1.6737E-08 1.6168E-08 1.5653E-08 1.5180E-08 1.4786E-08 1.4440E-08 1.4127E-08 1.3833E-08 1.3529E-08 1.3244E-08
4.6051E-09 5.2910E-09 6.1340E-09 7.1826E-09 8.5247E-09 1.0174E-08 1.2237E-08 1.4847E-08 1.7900E-08 2.1507E-08 2.5786E-08 3.0616E-08 3.5739E-08 4.0555E-08 4.4337E-08 4.6866E-08 4.8948E-08 5.0244E-08 5.1168E-08 5.1618E-08 5.2218E-08 5.3425E-08 5.5254E-08 5.6766E-08 5.7698E-08 5.8013E-08 5.7696E-08 5.6775E-08 5.5287E-08 5.3297E-08 5.0904E-08 4.8219E-08 4.5350E-08 4.2342E-08 3.9336E-08 3.6334E-08 3.3480E-08 3.0851E-08 2.8462E-08 2.6319E-08 2.4417E-08 2.2751E-08 2.1310E-08 2.0426E-08 1.9001E-08 1.8091E-08 1.7433E-08 1.6647E-08 1.6056E-08 1.5519E-08 1.5065E-08 1.4625E-08 1.4279E-08 1.3956E-08 1.3660E-08 1.3365E-08 1.3069E-08
4.6707E-09 5.3803E-09 6.2830E-09 7.4329E-09 8.9075E-09 1.0785E-08 1.3205E-08 1.6325E-08 2.0074E-08 2.4698E-08 3.0359E-08 3.6961E-08 4.4184E-08 5.1194E-08 5.7086E-08 6.0468E-08 6.2361E-08 6.3057E-08 6.1907E-08 5.9136E-08 5.6303E-08 5.5792E-08 5.6962E-08 5.8258E-08 5.9111E-08 5.9335E-08 5.8932E-08 5.7905E-08 5.6313E-08 5.4219E-08 5.1722E-08 4.8944E-08 4.5979E-08 4.2915E-08 3.9834E-08 3.6770E-08 3.3838E-08 3.1140E-08 2.8678E-08 2.6476E-08 2.4520E-08 2.2853E-08 2.1317E-08 2.0034E-08 1.8936E-08 1.7994E-08 1.7207E-08 1.6508E-08 1.5904E-08 1.5382E-08 1.4894E-08 1.4469E-08 1.4092E-08 1.3763E-08 1.3465E-08 1.3181E-08 1.2893E-08
