Assets/Resources/2015_m01_d26_0900(utc+0800)_l00_csi_1hr_conc.grd
DSAA
         159         159
     -79.000      79.000
     -79.000      79.000
  0.0000E+00  0.4347E-05
[rows 125 to 149 of 159, columns 0 to 56 of 159]
3.9038E-12 4.4746E-12 5.0038E-12 5.5500E-12 5.9807E-12 6.4250E-12 6.7512E-12 6.9543E-12 7.5092E-12 8.2979E-12 8.8928E-12 9.2885E-12 9.9150E-12 1.0198E-11 1.0625E-11 1.1062E-11 1.1508E-11 1.3843E-11 1.7654E-11 2.2794E-11 2.8407E-11 3.4836E-11 3.9479E-11 4.3423E-11 4.7015E-11 5.0637E-11 5.3532E-11 5.6481E-11 5.9399E-11 6.2255E-11 6.5290E-11 6.8740E-11 7.2517E-11 7.5697E-11 7.9400E-11 8.3409E-11 8.6810E-11 9.0866E-11 9.4307E-11 9.7864E-11 1.0138E-10 1.0500E-10 1.0864E-10 1.1215E-10 1.1657E-10 1.2012E-10 1.2383E-10 1.2814E-10 1.3185E-10 1.3605E-10 1.3973E-10 1.4331E-10 1.4749E-10 1.5099E-10 1.5444E-10 1.5781E-10 1.6224E-10
2.3933E-12 2.9731E-12 3.4423E-12 3.5485E-12 4.0535E-12 4.3094E-12 4.9808E-12 5.3351E-12 5.8356E-12 6.4873E-12 6.8124E-12 7.1459E-12 7.3502E-12 7.9236E-12 8.5137E-12 9.1188E-12 9.5103E-12 1.0001E-11 1.1210E-11 1.4725E-11 2.0411E-11 2.5766E-11 3.2081E-11 3.7906E-11 4.1254E-11 4.4832E-11 4.8285E-11 5.1721E-11 5.4657E-11 5.7476E-11 6.0334E-11 6.3120E-11 6.6076E-11 6.9441E-11 7.3120E-11 7.6189E-11 7.9765E-11 8.3034E-11 8.6884E-11 9.0095E-11 9.4036E-11 9.7408E-11 1.0065E-10 1.0406E-10 1.0748E-10 1.1084E-10 1.1427E-10 1.1829E-10 1.2164E-10 1.2564E-10 1.2906E-10 1.3236E-10 1.3563E-10 1.3952E-10 1.4271E-10 1.4584E-10 1.4891E-10
1.3784E-12 1.6018E-12 1.6512E-12 1.8342E-12 2.3500E-12 3.0772E-12 3.3642E-12 3.6607E-12 4.0426E-12 4.2986E-12 4.7728E-12 5.2625E-12 5.6263E-12 6.1413E-12 6.4557E-12 6.9970E-12 7.3314E-12 8.1392E-12 8.9052E-12 1.0277E-11 1.3251E-11 1.8046E-11 2.3089E-11 2.8567E-11 3.4930E-11 3.9407E-11 4.3245E-11 4.6678E-11 4.9535E-11 5.2705E-11 5.5478E-11 5.8312E-11 6.1015E-11 6.3717E-11 6.6580E-11 6.9843E-11 7.3405E-11 7.6348E-11 7.9781E-11 8.2901E-11 8.6501E-11 8.9542E-11 9.3280E-11 9.6456E-11 9.9567E-11 1.0276E-10 1.0588E-10 1.0899E-10 1.1209E-10 1.1525E-10 1.1898E-10 1.2204E-10 1.2506E-10 1.2878E-10 1.3173E-10 1.3463E-10 1.3746E-10
0.0000E+00 0.0000E+00 0.0000E+00 4.5291E-13 1.1108E-12 1.4691E-12 1.7030E-12 1.8903E-12 2.0850E-12 2.4896E-12 3.1111E-12 3.5461E-12 3.7876E-12 4.2448E-12 4.5056E-12 4.8486E-12 5.1274E-12 5.8661E-12 6.8044E-12 8.3484E-12 9.5339E-12 1.1144E-11 1.4765E-11 1.9219E-11 2.4801E-11 3.0327E-11 3.6731E-11 4.1196E-11 4.4392E-11 4.7671E-11 5.0366E-11 5.3582E-11 5.6064E-11 5.8820E-11 6.1434E-11 6.4040E-11 6.6796E-11 6.9942E-11 7.2772E-11 7.6097E-11 7.8852E-11 8.2331E-11 8.5233E-11 8.8683E-11 9.1629E-11 9.4506E-11 9.7995E-11 1.0096E-10 1.0384E-10 1.0679E-10 1.0963E-10 1.1245E-10 1.1524E-10 1.1865E-10 1.2138E-10 1.2405E-10 1.2668E-10
0.0000E+00 0.0000E+00 0.0000E+00 0.0000E+00 0.0000E+00 0.0000E+00 0.0000E+00 1.4010E-13 8.1499E-13 1.1758E-12 1.5492E-12 1.7908E-12 1.9855E-12 2.1866E-12 2.6067E-12 3.0391E-12 3.3353E-12 3.5745E-12 5.0315E-12 6.3704E-12 7.8762E-12 9.2041E-12 1.0742E-11 1.3465E-11 1.8310E-11 2.3069E-11 2.6579E-11 3.2673E-11 3.8005E-11 4.2087E-11 4.5243E-11 4.8354E-11 5.0986E-11 5.4121E-11 5.6409E-11 5.9074E-11 6.1588E-11 6.4086E-11 6.6644E-11 6.9738E-11 7.2350E-11 7.5518E-11 7.8196E-11 8.1490E-11 8.4136E-11 8.6786E-11 9.0123E-11 9.2790E-11 9.5526E-11 9.8771E-11 1.0141E-10 1.0403E-10 1.0670E-10 1.0918E-10 1.1177E-10 1.1424E-10 1.1658E-10
0.0000E+00 0.0000E+00 0.0000E+00 0.0000E+00 0.0000E+00 0.0000E+00 0.0000E+00 0.0000E+00 0.0000E+00 0.0000E+00 0.0000E+00 0.0000E+00 3.4819E-13 7.0965E-13 1.0830E-12 1.2634E-12 1.6564E-12 2.0583E-12 2.8675E-12 4.3582E-12 5.8014E-12 7.4844E-12 8.7024E-12 1.0293E-11 1.1631E-11 1.5078E-11 1.9319E-11 2.4520E-11 2.7616E-11 3.3598E-11 3.8758E-11 4.2800E-11 4.5673E-11 4.8163E-11 5.1272E-11 5.3762E-11 5.6510E-11 5.9072E-11 6.1258E-11 6.3855E-11 6.6206E-11 6.9234E-11 7.1621E-11 7.4104E-11 7.7133E-11 7.9651E-11 8.2695E-11 8.5230E-11 8.7681E-11 9.0716E-11 9.3154E-11 9.5648E-11 9.8039E-11 1.0040E-10 1.0333E-10 1.0562E-10 1.0787E-10
0.0000E+00 0.0000E+00 0.0000E+00 0.0000E+00 0.0000E+00 0.0000E+00 0.0000E+00 0.0000E+00 0.0000E+00 0.0000E+00 0.0000E+00 0.0000E+00 0.0000E+00 0.0000E+00 0.0000E+00 0.0000E+00 0.0000E+00 1.5438E-13 1.1176E-12 2.3036E-12 4.0838E-12 5.4314E-12 6.9246E-12 8.2770E-12 9.6571E-12 1.1044E-11 1.2117E-11 1.6121E-11 2.0396E-11 2.5719E-11 2.8806E-11 3.4366E-11 3.9353E-11 4.3329E-11 4.6126E-11 4.8321E-11 5.1337E-11 5.3621E-11 5.6366E-11 5.8735E-11 6.0884E-11 6.3271E-11 6.5462E-11 6.7773E-11 7.0675E-11 7.2917E-11 7.5240E-11 7.8098E-11 8.0353E-11 8.2599E-11 8.5517E-11 8.7745E-11 8.9949E-11 9.2126E-11 9.4873E-11 9.6994E-11 9.9149E-11
0.0000E+00 0.0000E+00 0.0000E+00 0.0000E+00 0.0000E+00 0.0000E+00 0.0000E+00 0.0000E+00 0.0000E+00 0.0000E+00 0.0000E+00 0.0000E+00 0.0000E+00 0.0000E+00 0.0000E+00 0.0000E+00 0.0000E+00 0.0000E+00 0.0000E+00 7.4741E-13 2.2757E-12 3.5190E-12 5.1287E-12 6.3797E-12 7.9057E-12 8.9724E-12 1.0464E-11 1.1731E-11 1.4571E-11 1.7097E-11 2.2159E-11 2.6573E-11 2.9393E-11 3.4759E-11 3.7563E-11 4.3445E-11 4.5605E-11 4.8269E-11 5.0629E-11 5.3034E-11 5.5439E-11 5.8119E-11 6.0253E-11 6.2396E-11 6.4556E-11 6.6610E-11 6.8777E-11 7.1444E-11 7.3517E-11 7.5660E-11 7.8317E-11 8.0368E-11 8.2398E-11 8.4401E-11 8.7059E-11 8.9016E-11 9.0933E-11
0.0000E+00 0.0000E+00 0.0000E+00 0.0000E+00 0.0000E+00 0.0000E+00 0.0000E+00 0.0000E+00 0.0000E+00 0.0000E+00 0.0000E+00 0.0000E+00 0.0000E+00 0.0000E+00 0.0000E+00 0.0000E+00 0.0000E+00 0.0000E+00 0.0000E+00 0.0000E+00 7.3894E-13 1.6761E-12 3.2454E-12 4.3936E-12 5.8210E-12 7.2528E-12 8.7936E-12 9.7334E-12 1.1098E-11 1.2144E-11 1.5519E-11 1.7523E-11 2.2680E-11 2.7059E-11 2.9844E-11 3.5006E-11 3.7746E-11 4.2869E-11 4.5449E-11 4.8010E-11 5.0267E-11 5.1999E-11 5.4757E-11 5.6621E-11 5.9295E-11 6.1194E-11 6.3313E-11 6.5218E-11 6.7118E-11 6.9119E-11 7.1604E-11 7.3489E-11 7.5434E-11 7.7276E-11 7.9700E-11 8.1501E-11 8.3267E-11
0.0000E+00 0.0000E+00 0.0000E+00 0.0000E+00 0.0000E+00 0.0000E+00 0.0000E+00 0.0000E+00 0.0000E+00 0.0000E+00 0.0000E+00 0.0000E+00 0.0000E+00 0.0000E+00 0.0000E+00 0.0000E+00 0.0000E+00 0.0000E+00 0.0000E+00 0.0000E+00 0.0000E+00 3.7019E-13 1.5015E-12 2.3256E-12 3.8822E-12 5.4199E-12 6.8813E-12 7.9617E-12 9.0113E-12 1.0336E-11 1.1848E-11 1.2655E-11 1.5887E-11 1.8516E-11 2.2874E-11 2.5203E-11 3.0046E-11 3.2381E-11 3.7652E-11 3.9496E-11 4.4880E-11 4.7001E-11 4.9473E-11 5.1317E-11 5.3273E-11 5.5671E-11 5.7331E-11 5.9404E-11 6.1618E-11 6.3583E-11 6.5326E-11 6.7054E-11 6.8872E-11 7.0566E-11 7.2839E-11 7.4495E-11 7.6121E-11
0.0000E+00 0.0000E+00 0.0000E+00 0.0000E+00 0.0000E+00 0.0000E+00 0.0000E+00 0.0000E+00 0.0000E+00 0.0000E+00 0.0000E+00 0.0000E+00 0.0000E+00 0.0000E+00 0.0000E+00 0.0000E+00 0.0000E+00 0.0000E+00 0.0000E+00 0.0000E+00 0.0000E+00 0.0000E+00 3.6515E-13 7.5667E-13 2.2848E-12 3.5130E-12 4.8830E-12 5.8611E-12 7.4210E-12 8.6534E-12 9.4833E-12 1.0813E-11 1.2046E-11 1.3223E-11 1.6445E-11 1.8925E-11 2.3224E-11 2.5265E-11 2.9504E-11 3.1848E-11 3.5068E-11 3.9162E-11 4.1285E-11 4.4665E-11 4.7835E-11 5.0430E-11 5.1939E-11 5.3889E-11 5.5484E-11 5.7663E-11 5.9479E-11 6.1065E-11 6.2773E-11 6.4881E-11 6.6425E-11 6.7866E-11 6.9545E-11
0.0000E+00 0.0000E+00 0.0000E+00 0.0000E+00 0.0000E+00 0.0000E+00 0.0000E+00 0.0000E+00 0.0000E+00 0.0000E+00 0.0000E+00 0.0000E+00 0.0000E+00 0.0000E+00 0.0000E+00 0.0000E+00 0.0000E+00 0.0000E+00 0.0000E+00 0.0000E+00 0.0000E+00 0.0000E+00 0.0000E+00 0.0000E+00 7.4397E-13 1.5252E-12 2.8043E-12 3.9100E-12 5.1481E-12 6.5154E-12 7.7182E-12 8.9576E-12 9.8696E-12 1.0973E-11 1.2200E-11 1.3369E-11 1.4561E-11 1.9125E-11 2.1014E-11 2.5336E-11 2.6757E-11 3.1620E-11 3.3052E-11 3.6627E-11 4.0144E-11 4.2287E-11 4.5351E-11 4.6898E-11 5.0190E-11 5.2120E-11 5.4016E-11 5.5389E-11 5.6748E-11 5.9052E-11 6.0391E-11 6.1788E-11 6.3297E-11
0.0000E+00 0.0000E+00 0.0000E+00 0.0000E+00 0.0000E+00 0.0000E+00 0.0000E+00 0.0000E+00 0.0000E+00 0.0000E+00 0.0000E+00 0.0000E+00 0.0000E+00 0.0000E+00 0.0000E+00 0.0000E+00 0.0000E+00 0.0000E+00 0.0000E+00 0.0000E+00 0.0000E+00 0.0000E+00 0.0000E+00 0.0000E+00 0.0000E+00 3.7171E-13 1.2809E-12 2.3019E-12 3.6719E-12 4.7342E-12 5.8411E-12 7.1468E-12 8.3460E-12 9.3677E-12 1.0272E-11 1.1369E-11 1.2580E-11 1.3462E-11 1.4639E-11 1.8624E-11 2.0461E-11 2.4943E-11 2.6444E-11 2.7810E-11 3.2509E-11 3.3895E-11 3.6982E-11 3.8987E-11 4.2177E-11 4.4528E-11 4.7194E-11 4.8524E-11 5.1317E-11 5.3528E-11 5.4829E-11 5.6030E-11 5.7533E-11
0.0000E+00 0.0000E+00 0.0000E+00 0.0000E+00 0.0000E+00 0.0000E+00 0.0000E+00 0.0000E+00 0.0000E+00 0.0000E+00 0.0000E+00 0.0000E+00 0.0000E+00 0.0000E+00 0.0000E+00 0.0000E+00 0.0000E+00 0.0000E+00 0.0000E+00 0.0000E+00 0.0000E+00 0.0000E+00 0.0000E+00 0.0000E+00 0.0000E+00 0.0000E+00 3.6462E-13 7.5106E-13 1.6835E-12 2.6554E-12 3.8978E-12 5.1156E-12 6.4519E-12 7.3912E-12 8.4471E-12 9.4639E-12 1.0738E-11 1.1446E-11 1.2780E-11 1.3539E-11 1.4658E-11 1.6470E-11 2.0348E-11 2.1285E-11 2.4548E-11 2.7327E-11 2.9038E-11 3.1570E-11 3.4451E-11 3.6829E-11 3.8600E-11 4.0706E-11 4.3329E-11 4.5763E-11 4.7565E-11 4.8625E-11 5.0295E-11
0.0000E+00 0.0000E+00 0.0000E+00 0.0000E+00 0.0000E+00 0.0000E+00 0.0000E+00 0.0000E+00 0.0000E+00 0.0000E+00 0.0000E+00 0.0000E+00 0.0000E+00 0.0000E+00 0.0000E+00 0.0000E+00 0.0000E+00 0.0000E+00 0.0000E+00 0.0000E+00 0.0000E+00 0.0000E+00 0.0000E+00 0.0000E+00 0.0000E+00 0.0000E+00 0.0000E+00 0.0000E+00 5.2726E-13 1.4970E-12 2.2953E-12 3.4401E-12 4.4743E-12 5.1883E-12 6.5293E-12 7.8328E-12 8.5157E-12 9.5234E-12 1.0785E-11 1.1478E-11 1.2652E-11 1.3529E-11 1.4375E-11 1.5646E-11 1.8334E-11 2.0933E-11 2.2446E-11 2.5174E-11 2.7887E-11 2.9029E-11 3.1348E-11 3.2940E-11 3.5733E-11 3.7675E-11 3.9780E-11 4.1319E-11 4.2224E-11
0.0000E+00 0.0000E+00 0.0000E+00 0.0000E+00 0.0000E+00 0.0000E+00 0.0000E+00 0.0000E+00 0.0000E+00 0.0000E+00 0.0000E+00 0.0000E+00 0.0000E+00 0.0000E+00 0.0000E+00 0.0000E+00 0.0000E+00 0.0000E+00 0.0000E+00 0.0000E+00 0.0000E+00 0.0000E+00 0.0000E+00 0.0000E+00 0.0000E+00 0.0000E+00 0.0000E+00 0.0000E+00 0.0000E+00 3.6593E-13 7.5046E-13 1.6752E-12 2.6315E-12 3.6976E-12 4.7422E-12 5.5307E-12 6.7231E-12 7.8798E-12 8.6161E-12 9.6833E-12 1.0329E-11 1.1465E-11 1.2389E-11 1.3331E-11 1.4284E-11 1.5520E-11 1.6273E-11 1.8812E-11 2.1722E-11 2.2714E-11 2.4975E-11 2.6425E-11 2.9061E-11 3.0534E-11 3.2262E-11 3.3880E-11 3.4642E-11
0.0000E+00 0.0000E+00 0.0000E+00 0.0000E+00 0.0000E+00 0.0000E+00 0.0000E+00 0.0000E+00 0.0000E+00 0.0000E+00 0.0000E+00 0.0000E+00 0.0000E+00 0.0000E+00 0.0000E+00 0.0000E+00 0.0000E+00 0.0000E+00 0.0000E+00 0.0000E+00 0.0000E+00 0.0000E+00 0.0000E+00 0.0000E+00 0.0000E+00 0.0000E+00 0.0000E+00 0.0000E+00 0.0000E+00 0.0000E+00 0.0000E+00 5.2536E-13 9.1567E-13 1.7007E-12 2.6647E-12 4.0286E-12 4.9235E-12 5.7840E-12 6.7505E-12 8.0365E-12 8.4773E-12 9.6684E-12 1.0156E-11 1.1407E-11 1.2072E-11 1.3218E-11 1.3906E-11 1.4957E-11 1.5806E-11 1.6772E-11 1.8121E-11 2.0421E-11 2.2681E-11 2.3856E-11 2.5846E-11 2.7327E-11 2.8194E-11
0.0000E+00 0.0000E+00 0.0000E+00 0.0000E+00 0.0000E+00 0.0000E+00 0.0000E+00 0.0000E+00 0.0000E+00 0.0000E+00 0.0000E+00 0.0000E+00 0.0000E+00 0.0000E+00 0.0000E+00 0.0000E+00 0.0000E+00 0.0000E+00 0.0000E+00 0.0000E+00 0.0000E+00 0.0000E+00 0.0000E+00 0.0000E+00 0.0000E+00 0.0000E+00 0.0000E+00 0.0000E+00 0.0000E+00 0.0000E+00 0.0000E+00 0.0000E+00 3.6349E-13 7.4220E-13 1.5028E-12 2.0186E-12 2.8338E-12 4.0528E-12 4.9431E-12 5.5784E-12 6.7514E-12 7.7963E-12 8.4484E-12 9.3903E-12 1.0085E-11 1.1081E-11 1.1946E-11 1.2833E-11 1.3713E-11 1.4375E-11 1.5290E-11 1.6340E-11 1.6909E-11 1.7827E-11 1.9930E-11 2.1057E-11 2.1909E-11
0.0000E+00 0.0000E+00 0.0000E+00 0.0000E+00 0.0000E+00 0.0000E+00 0.0000E+00 0.0000E+00 0.0000E+00 0.0000E+00 0.0000E+00 0.0000E+00 0.0000E+00 0.0000E+00 0.0000E+00 0.0000E+00 0.0000E+00 0.0000E+00 0.0000E+00 0.0000E+00 0.0000E+00 0.0000E+00 0.0000E+00 0.0000E+00 0.0000E+00 0.0000E+00 0.0000E+00 0.0000E+00 0.0000E+00 0.0000E+00 0.0000E+00 0.0000E+00 0.0000E+00 0.0000E+00 3.6866E-13 9.0028E-13 1.5161E-12 2.2459E-12 2.8472E-12 4.0612E-12 4.9432E-12 5.5695E-12 6.7257E-12 7.3965E-12 8.3865E-12 9.0899E-12 9.9754E-12 1.0571E-11 1.1415E-11 1.2128E-11 1.3115E-11 1.3850E-11 1.4606E-11 1.5369E-11 1.6501E-11 1.6914E-11 1.7555E-11
0.0000E+00 0.0000E+00 0.0000E+00 0.0000E+00 0.0000E+00 0.0000E+00 0.0000E+00 0.0000E+00 0.0000E+00 0.0000E+00 0.0000E+00 0.0000E+00 0.0000E+00 0.0000E+00 0.0000E+00 0.0000E+00 0.0000E+00 0.0000E+00 0.0000E+00 0.0000E+00 0.0000E+00 0.0000E+00 0.0000E+00 0.0000E+00 0.0000E+00 0.0000E+00 0.0000E+00 0.0000E+00 0.0000E+00 0.0000E+00 0.0000E+00 0.0000E+00 0.0000E+00 0.0000E+00 0.0000E+00 1.5202E-13 3.7244E-13 9.0722E-13 1.6726E-12 2.2522E-12 2.8495E-12 4.0536E-12 4.7141E-12 5.5388E-12 6.4639E-12 7.3279E-12 8.0672E-12 8.8350E-12 9.3905E-12 1.0261E-11 1.0977E-11 1.1666E-11 1.2352E-11 1.3080E-11 1.3910E-11 1.4605E-11 1.5097E-11
0.0000E+00 0.0000E+00 0.0000E+00 0.0000E+00 0.0000E+00 0.0000E+00 0.0000E+00 0.0000E+00 0.0000E+00 0.0000E+00 0.0000E+00 0.0000E+00 0.0000E+00 0.0000E+00 0.0000E+00 0.0000E+00 0.0000E+00 0.0000E+00 0.0000E+00 0.0000E+00 0.0000E+00 0.0000E+00 0.0000E+00 0.0000E+00 0.0000E+00 0.0000E+00 0.0000E+00 0.0000E+00 0.0000E+00 0.0000E+00 0.0000E+00 0.0000E+00 0.0000E+00 0.0000E+00 0.0000E+00 0.0000E+00 0.0000E+00 3.6017E-13 5.2621E-13 9.1064E-13 1.6742E-12 2.2497E-12 2.8405E-12 3.8261E-12 4.4617E-12 5.3422E-12 5.9524E-12 6.9465E-12 7.5969E-12 8.4129E-12 9.0837E-12 9.4832E-12 1.0332E-11 1.1028E-11 1.1691E-11 1.2465E-11 1.3045E-11
0.0000E+00 0.0000E+00 0.0000E+00 0.0000E+00 0.0000E+00 0.0000E+00 0.0000E+00 0.0000E+00 0.0000E+00 0.0000E+00 0.0000E+00 0.0000E+00 0.0000E+00 0.0000E+00 0.0000E+00 0.0000E+00 0.0000E+00 0.0000E+00 0.0000E+00 0.0000E+00 0.0000E+00 0.0000E+00 0.0000E+00 0.0000E+00 0.0000E+00 0.0000E+00 0.0000E+00 0.0000E+00 0.0000E+00 0.0000E+00 0.0000E+00 0.0000E+00 0.0000E+00 0.0000E+00 0.0000E+00 0.0000E+00 0.0000E+00 0.0000E+00 0.0000E+00 3.6157E-13 5.2717E-13 9.1048E-13 1.6691E-12 1.8783E-12 2.8205E-12 3.2834E-12 4.4119E-12 4.9164E-12 5.7252E-12 6.3987E-12 7.3170E-12 7.8081E-12 8.6061E-12 9.2608E-12 9.6389E-12 1.0017E-11 1.0993E-11
0.0000E+00 0.0000E+00 0.0000E+00 0.0000E+00 0.0000E+00 0.0000E+00 0.0000E+00 0.0000E+00 0.0000E+00 0.0000E+00 0.0000E+00 0.0000E+00 0.0000E+00 0.0000E+00 0.0000E+00 0.0000E+00 0.0000E+00 0.0000E+00 0.0000E+00 0.0000E+00 0.0000E+00 0.0000E+00 0.0000E+00 0.0000E+00 0.0000E+00 0.0000E+00 0.0000E+00 0.0000E+00 0.0000E+00 0.0000E+00 0.0000E+00 0.0000E+00 0.0000E+00 0.0000E+00 0.0000E+00 0.0000E+00 0.0000E+00 0.0000E+00 0.0000E+00 0.0000E+00 0.0000E+00 3.6154E-13 5.2605E-13 9.0676E-13 1.4531E-12 1.8627E-12 2.4406E-12 3.0249E-12 3.8570E-12 4.6194E-12 4.9773E-12 5.9207E-12 6.2271E-12 7.2756E-12 7.8213E-12 8.1585E-12 9.2287E-12
0.0000E+00 0.0000E+00 0.0000E+00 0.0000E+00 0.0000E+00 0.0000E+00 0.0000E+00 0.0000E+00 0.0000E+00 0.0000E+00 0.0000E+00 0.0000E+00 0.0000E+00 0.0000E+00 0.0000E+00 0.0000E+00 0.0000E+00 0.0000E+00 0.0000E+00 0.0000E+00 0.0000E+00 0.0000E+00 0.0000E+00 0.0000E+00 0.0000E+00 0.0000E+00 0.0000E+00 0.0000E+00 0.0000E+00 0.0000E+00 0.0000E+00 0.0000E+00 0.0000E+00 0.0000E+00 0.0000E+00 0.0000E+00 0.0000E+00 0.0000E+00 0.0000E+00 0.0000E+00 0.0000E+00 0.0000E+00 0.0000E+00 3.6008E-13 3.7290E-13 8.9950E-13 1.0803E-12 1.8400E-12 1.8985E-12 2.9760E-12 3.2837E-12 4.1833E-12 4.6525E-12 4.9994E-12 6.0694E-12 6.2240E-12 7.2499E-12
0.0000E+00 0.0000E+00 0.0000E+00 0.0000E+00 0.0000E+00 0.0000E+00 0.0000E+00 0.0000E+00 0.0000E+00 0.0000E+00 0.0000E+00 0.0000E+00 0.0000E+00 0.0000E+00 0.0000E+00 0.0000E+00 0.0000E+00 0.0000E+00 0.0000E+00 0.0000E+00 0.0000E+00 0.0000E+00 0.0000E+00 0.0000E+00 0.0000E+00 0.0000E+00 0.0000E+00 0.0000E+00 0.0000E+00 0.0000E+00 0.0000E+00 0.0000E+00 0.0000E+00 0.0000E+00 0.0000E+00 0.0000E+00 0.0000E+00 0.0000E+00 0.0000E+00 0.0000E+00 0.0000E+00 0.0000E+00 0.0000E+00 0.0000E+00 0.0000E+00 1.5255E-13 3.6935E-13 6.8378E-13 9.1729E-13 1.6067E-12 1.8651E-12 2.4298E-12 2.9989E-12 3.2999E-12 4.3320E-12 4.6493E-12 4.9824E-12
