Assets/Resources/2015_m01_d05_0300(utc+0800)_l00_csi_1hr_conc.grd
DSAA
         159         159
     -79.000      79.000
     -79.000      79.000
  0.2750E-09  0.5011E-05
[rows 75 to 99 of 159, columns 57 to 113 of 159]
6.6644E-08 7.7289E-08 8.9649E-08 1.0328E-07 1.1865E-07 1.3518E-07 1.5322E-07 1.7199E-07 1.9172E-07 2.1129E-07 2.3039E-07 2.4849E-07 2.6479E-07 2.7881E-07 2.8976E-07 2.9721E-07 3.0084E-07 3.0004E-07 2.9481E-07 2.8493E-07 2.7061E-07 2.5225E-07 2.3086E-07 2.0794E-07 1.8130E-07 1.5053E-07 1.2221E-07 9.7399E-08 7.6563E-08 5.9862E-08 4.6632E-08 3.6432E-08 2.8588E-08 2.3025E-08 1.8493E-08 1.5314E-08 1.2858E-08 1.0957E-08 9.3474E-09 7.9924E-09 6.8723E-09 5.9263E-09 5.1238E-09 4.4445E-09 3.8693E-09 3.3903E-09 2.9896E-09 2.6507E-09 2.3535E-09 2.1057E-09 1.8983E-09 1.7357E-09 1.6038E-09 1.4949E-09 1.3985E-09 1.3139E-09 1.2643E-09
6.9840E-08 8.1519E-08 9.4653E-08 1.0961E-07 1.2599E-07 1.4415E-07 1.6344E-07 1.8416E-07 2.0542E-07 2.2685E-07 2.4792E-07 2.6796E-07 2.8623E-07 3.0211E-07 3.1474E-07 3.2370E-07 3.2837E-07 3.2833E-07 3.2346E-07 3.1342E-07 2.9841E-07 2.7878E-07 2.5577E-07 2.3017E-07 2.0469E-07 1.6846E-07 1.3533E-07 1.0658E-07 8.2571E-08 6.3331E-08 4.8435E-08 3.7140E-08 2.9040E-08 2.2828E-08 1.8071E-08 1.4902E-08 1.2459E-08 1.0620E-08 9.0707E-09 7.7656E-09 6.6881E-09 5.7752E-09 4.9986E-09 4.3413E-09 3.7850E-09 3.3217E-09 2.9300E-09 2.5991E-09 2.3141E-09 2.0713E-09 1.8714E-09 1.7157E-09 1.5862E-09 1.4799E-09 1.3726E-09 1.3044E-09 1.2582E-09
7.2342E-08 8.4720E-08 9.8637E-08 1.1450E-07 1.3185E-07 1.5114E-07 1.7163E-07 1.9373E-07 2.1646E-07 2.3941E-07 2.6213E-07 2.8381E-07 3.0376E-07 3.2128E-07 3.3534E-07 3.4553E-07 3.5101E-07 3.5165E-07 3.4703E-07 3.3679E-07 3.2140E-07 3.0089E-07 2.7627E-07 2.4879E-07 2.2147E-07 1.8518E-07 1.4740E-07 1.1471E-07 8.7664E-08 6.6198E-08 4.9970E-08 3.7807E-08 2.8928E-08 2.2397E-08 1.7947E-08 1.4364E-08 1.1977E-08 1.0219E-08 8.7417E-09 7.5007E-09 6.4725E-09 5.5981E-09 4.8525E-09 4.2208E-09 3.6865E-09 3.2409E-09 2.8628E-09 2.5453E-09 2.2674E-09 2.0319E-09 1.8417E-09 1.6929E-09 1.5667E-09 1.4536E-09 1.3522E-09 1.2967E-09 1.2513E-09
7.4189E-08 8.6881E-08 1.0154E-07 1.1783E-07 1.3586E-07 1.5593E-07 1.7726E-07 2.0035E-07 2.2411E-07 2.4821E-07 2.7208E-07 2.9499E-07 3.1615E-07 3.3477E-07 3.4980E-07 3.6087E-07 3.6677E-07 3.6794E-07 3.6330E-07 3.5303E-07 3.3739E-07 3.1618E-07 2.9067E-07 2.6224E-07 2.3193E-07 1.9888E-07 1.5710E-07 1.2104E-07 9.1539E-08 6.8227E-08 5.0634E-08 3.7744E-08 2.8444E-08 2.1718E-08 1.7278E-08 1.3730E-08 1.1421E-08 9.7643E-09 8.3679E-09 7.2023E-09 6.2301E-09 5.3981E-09 4.6885E-09 4.0852E-09 3.5781E-09 3.1515E-09 2.7886E-09 2.4832E-09 2.2160E-09 1.9883E-09 1.8113E-09 1.6563E-09 1.5377E-09 1.4302E-09 1.3414E-09 1.2860E-09 1.2439E-09
7.4902E-08 8.7843E-08 1.0279E-07 1.1939E-07 1.3801E-07 1.5823E-07 1.8002E-07 2.0359E-07 2.2789E-07 2.5256E-07 2.7709E-07 3.0054E-07 3.2232E-07 3.4133E-07 3.5694E-07 3.6828E-07 3.7459E-07 3.7590E-07 3.7122E-07 3.6110E-07 3.4519E-07 3.2356E-07 2.9754E-07 2.6777E-07 2.3597E-07 2.0616E-07 1.6294E-07 1.2459E-07 9.3225E-08 6.8711E-08 5.0364E-08 3.7053E-08 2.7564E-08 2.0800E-08 1.6461E-08 1.3005E-08 1.0808E-08 9.2612E-09 7.9606E-09 6.8804E-09 5.9661E-09 5.1810E-09 4.5102E-09 3.9401E-09 3.4611E-09 3.0531E-09 2.7042E-09 2.4146E-09 2.1566E-09 1.9349E-09 1.7689E-09 1.6243E-09 1.5113E-09 1.4132E-09 1.3271E-09 1.2769E-09 1.2357E-09
7.4573E-08 8.7508E-08 1.0246E-07 1.1905E-07 1.3769E-07 1.5790E-07 1.7968E-07 2.0319E-07 2.2747E-07 2.5208E-07 2.7656E-07 2.9989E-07 3.2167E-07 3.4046E-07 3.5615E-07 3.6723E-07 3.7367E-07 4.0204E-07 7.2947E-07 3.8404E-06 4.1598E-06 2.4698E-06 3.4616E-06 2.6509E-07 2.3298E-07 2.0128E-07 1.6382E-07 1.2432E-07 9.2270E-08 6.7422E-08 4.8944E-08 3.5651E-08 2.6272E-08 1.9654E-08 1.5517E-08 1.2217E-08 1.0171E-08 8.7368E-09 7.5377E-09 6.5405E-09 5.6864E-09 4.9508E-09 4.3197E-09 3.7863E-09 3.3353E-09 2.9479E-09 2.6180E-09 2.3426E-09 2.0888E-09 1.8847E-09 1.7305E-09 1.5980E-09 1.4902E-09 1.3955E-09 1.3159E-09 1.2675E-09 1.2271E-09
7.3185E-08 8.5868E-08 1.0055E-07 1.1681E-07 1.3511E-07 1.5489E-07 1.7618E-07 1.9910E-07 2.2273E-07 2.4780E-07 2.7219E-07 2.9586E-07 3.1633E-07 3.4699E-07 4.1197E-07 6.4391E-07 1.3878E-06 2.5214E-06 2.1250E-06 2.0519E-06 3.1565E-06 4.4201E-06 5.0110E-06 2.5369E-07 2.2203E-07 1.8975E-07 1.5867E-07 1.1980E-07 8.8454E-08 6.4259E-08 4.6356E-08 3.3559E-08 2.4590E-08 1.8319E-08 1.4455E-08 1.1378E-08 9.5182E-09 8.1958E-09 7.1073E-09 6.1894E-09 5.3966E-09 4.7107E-09 4.1229E-09 3.6283E-09 3.2039E-09 2.8370E-09 2.5259E-09 2.2606E-09 2.0226E-09 1.8436E-09 1.6948E-09 1.5706E-09 1.4565E-09 1.3582E-09 1.3020E-09 1.2575E-09 1.2177E-09
7.0787E-08 8.3006E-08 9.7154E-08 1.1282E-07 1.3038E-07 1.4934E-07 1.6967E-07 1.9220E-07 2.1915E-07 2.5584E-07 3.0781E-07 3.7861E-07 5.0069E-07 7.7907E-07 1.2620E-06 1.6758E-06 1.7526E-06 2.0489E-06 2.7072E-06 2.9928E-06 2.1772E-06 5.7303E-07 2.6366E-07 2.3483E-07 2.0402E-07 1.7319E-07 1.4509E-07 1.1146E-07 8.2026E-08 5.9418E-08 4.2737E-08 3.0865E-08 2.2575E-08 1.6818E-08 1.3304E-08 1.0495E-08 8.8477E-09 7.6528E-09 6.6771E-09 5.8331E-09 5.1014E-09 4.4645E-09 3.9248E-09 3.4667E-09 3.0673E-09 2.7212E-09 2.4348E-09 2.1747E-09 1.9647E-09 1.8010E-09 1.6588E-09 1.5274E-09 1.4274E-09 1.3409E-09 1.2899E-09 1.2472E-09 1.2081E-09
6.7476E-08 7.9048E-08 9.2414E-08 1.0721E-07 1.2371E-07 1.4151E-07 1.6076E-07 1.8494E-07 2.2764E-07 3.2229E-07 4.9457E-07 7.4929E-07 1.0846E-06 1.3893E-06 1.6122E-06 1.8900E-06 2.1405E-06 1.9155E-06 1.1676E-06 4.6586E-07 2.8612E-07 2.6208E-07 2.3744E-07 2.1030E-07 1.8163E-07 1.5341E-07 1.2659E-07 1.0008E-07 7.3563E-08 5.3259E-08 3.8329E-08 2.7710E-08 2.0332E-08 1.5212E-08 1.2100E-08 9.6116E-09 8.1803E-09 7.1333E-09 6.2486E-09 5.4777E-09 4.8045E-09 4.2189E-09 3.7295E-09 3.3012E-09 2.9268E-09 2.6048E-09 2.3368E-09 2.0957E-09 1.9111E-09 1.7472E-09 1.6079E-09 1.4992E-09 1.4046E-09 1.3252E-09 1.2775E-09 1.2362E-09 1.1979E-09
6.3406E-08 7.4169E-08 8.6551E-08 1.0023E-07 1.1519E-07 1.3174E-07 1.5004E-07 1.7813E-07 2.5012E-07 4.3592E-07 7.3505E-07 1.0439E-06 1.2806E-06 1.4403E-06 1.4994E-06 1.2698E-06 7.8337E-07 4.0233E-07 2.8601E-07 2.6625E-07 2.5025E-07 2.3042E-07 2.0764E-07 1.8266E-07 1.5688E-07 1.3148E-07 1.0747E-07 8.6552E-08 6.3814E-08 4.6314E-08 3.3453E-08 2.4309E-08 1.7976E-08 1.3562E-08 1.0432E-08 8.7360E-09 7.5371E-09 6.6305E-09 5.8287E-09 5.1265E-09 4.5072E-09 3.9823E-09 3.5341E-09 3.1337E-09 2.7837E-09 2.4923E-09 2.2377E-09 2.0268E-09 1.8426E-09 1.6968E-09 1.5745E-09 1.4611E-09 1.3611E-09 1.3092E-09 1.2652E-09 1.2248E-09 1.1874E-09
5.8756E-08 6.8558E-08 7.9799E-08 9.2174E-08 1.0567E-07 1.2046E-07 1.3741E-07 1.6816E-07 2.5397E-07 4.5283E-07 7.3433E-07 9.5205E-07 1.0032E-06 8.8370E-07 6.3305E-07 3.7940E-07 2.6892E-07 2.4978E-07 2.4212E-07 2.3049E-07 2.1536E-07 1.9710E-07 1.7640E-07 1.5421E-07 1.3166E-07 1.0951E-07 8.8951E-08 7.0870E-08 5.3636E-08 3.9135E-08 2.8453E-08 2.0893E-08 1.5617E-08 1.1942E-08 9.3386E-09 7.9193E-09 6.9574E-09 6.1451E-09 5.4212E-09 4.7815E-09 4.2224E-09 3.7555E-09 3.3385E-09 2.9636E-09 2.6468E-09 2.3717E-09 2.1426E-09 1.9492E-09 1.7897E-09 1.6534E-09 1.5243E-09 1.4247E-09 1.3428E-09 1.2946E-09 1.2525E-09 1.2131E-09 1.1768E-09
5.3680E-08 6.2436E-08 7.2222E-08 8.3336E-08 9.5261E-08 1.0818E-07 1.2288E-07 1.4877E-07 2.1459E-07 3.5010E-07 5.1112E-07 5.8026E-07 5.1260E-07 3.7509E-07 2.6478E-07 2.2364E-07 2.1774E-07 2.1355E-07 2.0579E-07 1.9464E-07 1.8067E-07 1.6423E-07 1.4599E-07 1.2683E-07 1.0754E-07 8.8947E-08 7.1894E-08 5.6735E-08 4.3823E-08 3.2228E-08 2.3689E-08 1.7636E-08 1.2976E-08 1.0407E-08 8.3076E-09 7.2269E-09 6.4058E-09 5.6794E-09 5.0277E-09 4.4454E-09 3.9588E-09 3.5317E-09 3.1416E-09 2.7998E-09 2.5059E-09 2.2621E-09 2.0581E-09 1.8869E-09 1.7261E-09 1.5960E-09 1.4911E-09 1.3773E-09 1.3243E-09 1.2806E-09 1.2394E-09 1.2007E-09 1.1661E-09
4.8389E-08 5.6033E-08 6.4562E-08 7.4160E-08 8.4466E-08 9.5588E-08 1.0745E-07 1.2480E-07 1.5950E-07 2.1917E-07 2.7677E-07 2.8460E-07 2.4486E-07 2.0433E-07 1.8742E-07 1.8474E-07 1.8313E-07 1.7857E-07 1.7091E-07 1.6061E-07 1.4800E-07 1.3358E-07 1.1797E-07 1.0184E-07 8.5835E-08 7.0664E-08 5.6829E-08 4.4682E-08 3.4760E-08 2.5975E-08 1.9169E-08 1.4435E-08 1.1046E-08 8.6437E-09 7.4577E-09 6.6032E-09 5.8860E-09 5.2355E-09 4.6429E-09 4.1433E-09 3.7082E-09 3.3101E-09 2.9471E-09 2.6394E-09 2.3692E-09 2.1680E-09 1.9842E-09 1.8092E-09 1.6713E-09 1.5590E-09 1.4394E-09 1.3561E-09 1.3077E-09 1.2660E-09 1.2256E-09 1.1881E-09 1.1553E-09
4.2920E-08 4.9620E-08 5.6919E-08 6.5056E-08 7.3769E-08 8.3000E-08 9.2804E-08 1.0419E-07 1.1962E-07 1.4040E-07 1.5771E-07 1.6150E-07 1.5625E-07 1.5295E-07 1.5283E-07 1.5313E-07 1.5087E-07 1.4618E-07 1.3898E-07 1.2971E-07 1.1863E-07 1.0635E-07 9.3346E-08 8.0094E-08 6.7184E-08 5.5099E-08 4.4228E-08 3.4761E-08 2.6972E-08 2.0472E-08 1.5517E-08 1.1483E-08 8.8902E-09 7.6448E-09 6.7360E-09 6.0362E-09 5.3959E-09 4.7959E-09 4.3036E-09 3.8611E-09 3.4609E-09 3.0826E-09 2.7662E-09 2.4734E-09 2.2611E-09 2.0801E-09 1.8993E-09 1.7472E-09 1.6069E-09 1.5026E-09 1.3885E-09 1.3348E-09 1.2916E-09 1.2509E-09 1.2114E-09 1.1757E-09 1.1437E-09
3.7802E-08 4.3410E-08 4.9551E-08 5.6196E-08 6.3536E-08 7.1196E-08 7.9228E-08 8.7232E-08 9.6017E-08 1.0535E-07 1.1314E-07 1.1827E-07 1.2151E-07 1.2370E-07 1.2511E-07 1.2455E-07 1.2197E-07 1.1737E-07 1.1089E-07 1.0276E-07 9.3340E-08 8.3148E-08 7.2544E-08 6.1941E-08 5.1774E-08 4.2381E-08 3.3995E-08 2.6756E-08 2.0707E-08 1.6088E-08 1.1647E-08 8.9820E-09 7.7159E-09 6.8107E-09 6.1218E-09 5.5067E-09 4.9081E-09 4.4270E-09 3.9918E-09 3.5920E-09 3.2043E-09 2.8825E-09 2.5726E-09 2.3525E-09 2.1598E-09 1.9869E-09 1.8267E-09 1.6783E-09 1.5642E-09 1.4473E-09 1.3632E-09 1.3157E-09 1.2756E-09 1.2353E-09 1.1969E-09 1.1638E-09 1.1313E-09
3.2968E-08 3.7455E-08 4.2658E-08 4.8144E-08 5.4114E-08 6.0250E-08 6.6546E-08 7.3070E-08 7.9210E-08 8.4977E-08 9.0431E-08 9.4844E-08 9.8183E-08 1.0017E-07 1.0069E-07 9.9592E-08 9.6913E-08 9.2645E-08 8.6983E-08 8.0091E-08 7.2314E-08 6.4036E-08 5.5594E-08 4.7303E-08 3.9432E-08 3.2254E-08 2.5793E-08 2.0357E-08 1.5857E-08 1.1489E-08 8.9668E-09 7.7065E-09 6.8066E-09 6.1237E-09 5.5205E-09 4.9772E-09 4.5137E-09 4.0907E-09 3.6814E-09 3.3086E-09 2.9681E-09 2.6604E-09 2.4368E-09 2.2363E-09 2.0694E-09 1.8968E-09 1.7457E-09 1.6077E-09 1.5013E-09 1.3941E-09 1.3404E-09 1.2985E-09 1.2592E-09 1.2192E-09 1.1830E-09 1.1510E-09 1.1186E-09
2.8521E-08 3.2208E-08 3.6396E-08 4.0795E-08 4.5430E-08 5.0417E-08 5.5335E-08 6.0188E-08 6.5133E-08 6.9444E-08 7.3215E-08 7.6547E-08 7.8762E-08 7.9872E-08 7.9799E-08 7.8447E-08 7.5867E-08 7.2109E-08 6.7300E-08 6.1637E-08 5.5320E-08 4.8726E-08 4.2137E-08 3.5737E-08 2.9795E-08 2.4342E-08 1.9538E-08 1.5491E-08 1.1573E-08 8.8566E-09 7.6481E-09 6.7467E-09 6.0598E-09 5.5246E-09 4.9897E-09 4.5455E-09 4.1405E-09 3.7302E-09 3.3747E-09 3.0381E-09 2.7370E-09 2.5116E-09 2.3049E-09 2.1369E-09 1.9639E-09 1.8157E-09 1.6680E-09 1.5501E-09 1.4460E-09 1.3657E-09 1.3202E-09 1.2814E-09 1.2417E-09 1.2030E-09 1.1697E-09 1.1369E-09 1.1065E-09
2.4540E-08 2.7481E-08 3.0679E-08 3.4277E-08 3.7903E-08 4.1598E-08 4.5568E-08 4.9197E-08 5.2663E-08 5.6055E-08 5.8746E-08 6.0748E-08 6.2322E-08 6.2795E-08 6.2395E-08 6.1002E-08 5.8671E-08 5.5472E-08 5.1469E-08 4.6873E-08 4.1898E-08 3.6775E-08 3.1705E-08 2.6887E-08 2.2317E-08 1.8320E-08 1.4766E-08 1.1322E-08 8.6111E-09 7.5016E-09 6.6178E-09 5.9642E-09 5.4692E-09 4.9725E-09 4.5514E-09 4.1489E-09 3.7614E-09 3.4153E-09 3.0932E-09 2.8043E-09 2.5753E-09 2.3657E-09 2.1972E-09 2.0367E-09 1.8785E-09 1.7330E-09 1.5964E-09 1.4759E-09 1.3910E-09 1.3415E-09 1.3014E-09 1.2632E-09 1.2237E-09 1.1874E-09 1.1554E-09 1.1230E-09 1.0960E-09
2.0905E-08 2.3323E-08 2.5822E-08 2.8630E-08 3.1407E-08 3.4192E-08 3.6970E-08 3.9897E-08 4.2383E-08 4.4539E-08 4.6585E-08 4.7903E-08 4.8583E-08 4.8859E-08 4.8245E-08 4.6918E-08 4.4931E-08 4.2270E-08 3.9111E-08 3.5484E-08 3.1612E-08 2.7662E-08 2.3761E-08 2.0062E-08 1.6782E-08 1.3604E-08 1.0848E-08 8.2887E-09 7.2992E-09 6.4280E-09 5.8557E-09 5.3847E-09 4.9270E-09 4.5171E-09 4.1496E-09 3.7802E-09 3.4504E-09 3.1332E-09 2.8571E-09 2.6254E-09 2.4177E-09 2.2488E-09 2.0855E-09 1.9258E-09 1.7906E-09 1.6494E-09 1.5255E-09 1.4155E-09 1.3627E-09 1.3209E-09 1.2826E-09 1.2445E-09 1.2057E-09 1.1730E-09 1.1400E-09 1.1094E-09 1.0878E-09
1.7886E-08 1.9767E-08 2.1656E-08 2.3645E-08 2.5877E-08 2.7977E-08 2.9983E-08 3.1883E-08 3.3850E-08 3.5365E-08 3.6472E-08 3.7412E-08 3.7726E-08 3.7546E-08 3.6836E-08 3.5876E-08 3.4178E-08 3.2047E-08 2.9508E-08 2.6705E-08 2.3713E-08 2.0643E-08 1.7693E-08 1.5060E-08 1.2544E-08 1.0081E-08 7.8925E-09 6.9876E-09 6.2207E-09 5.7227E-09 5.2751E-09 4.8594E-09 4.4686E-09 4.1120E-09 3.7697E-09 3.4571E-09 3.1575E-09 2.8946E-09 2.6631E-09 2.4602E-09 2.2919E-09 2.1310E-09 1.9786E-09 1.8345E-09 1.7009E-09 1.5720E-09 1.4384E-09 1.3827E-09 1.3394E-09 1.3005E-09 1.2634E-09 1.2243E-09 1.1896E-09 1.1572E-09 1.1245E-09 1.0983E-09 1.0800E-09
1.5293E-08 1.6593E-08 1.8144E-08 1.9632E-08 2.1117E-08 2.2770E-08 2.4239E-08 2.5589E-08 2.6726E-08 2.7886E-08 2.8593E-08 2.8994E-08 2.9030E-08 2.8927E-08 2.8233E-08 2.7081E-08 2.5659E-08 2.3908E-08 2.1886E-08 2.0015E-08 1.7718E-08 1.5464E-08 1.3327E-08 1.1054E-08 9.1691E-09 7.4392E-09 6.6679E-09 6.0108E-09 5.5451E-09 5.1357E-09 4.7591E-09 4.4022E-09 4.0569E-09 3.7489E-09 3.4497E-09 3.1739E-09 2.9144E-09 2.6918E-09 2.4932E-09 2.3262E-09 2.1632E-09 2.0153E-09 1.8765E-09 1.7329E-09 1.6006E-09 1.4834E-09 1.4008E-09 1.3564E-09 1.3175E-09 1.2802E-09 1.2426E-09 1.2053E-09 1.1734E-09 1.1399E-09 1.1102E-09 1.0901E-09 1.0723E-09
1.3123E-08 1.4080E-08 1.5072E-08 1.6279E-08 1.7373E-08 1.8428E-08 1.9378E-08 2.0471E-08 2.1256E-08 2.1865E-08 2.2226E-08 2.2606E-08 2.2526E-08 2.2135E-08 2.1459E-08 2.0521E-08 1.9619E-08 1.8222E-08 1.6674E-08 1.4970E-08 1.3255E-08 1.1595E-08 1.0008E-08 8.3950E-09 6.9701E-09 6.3332E-09 5.7795E-09 5.3637E-09 4.9867E-09 4.6447E-09 4.3094E-09 3.9906E-09 3.7013E-09 3.4232E-09 3.1618E-09 2.9229E-09 2.7092E-09 2.5167E-09 2.3524E-09 2.1870E-09 2.0452E-09 1.9207E-09 1.7743E-09 1.6397E-09 1.5034E-09 1.4173E-09 1.3713E-09 1.3333E-09 1.2957E-09 1.2590E-09 1.2213E-09 1.1888E-09 1.1556E-09 1.1230E-09 1.0995E-09 1.0818E-09 1.0645E-09
1.1155E-08 1.1976E-08 1.2710E-08 1.3439E-08 1.4141E-08 1.5039E-08 1.5723E-08 1.6309E-08 1.6939E-08 1.7304E-08 1.7531E-08 1.7558E-08 1.7336E-08 1.7229E-08 1.6664E-08 1.5898E-08 1.4940E-08 1.3847E-08 1.2594E-08 1.1320E-08 1.0134E-08 8.9929E-09 7.5575E-09 6.5266E-09 6.0110E-09 5.5364E-09 5.1742E-09 4.8404E-09 4.5338E-09 4.2104E-09 3.9119E-09 3.6354E-09 3.3837E-09 3.1386E-09 2.9205E-09 2.7167E-09 2.5312E-09 2.3670E-09 2.2048E-09 2.0653E-09 1.9433E-09 1.8137E-09 1.6692E-09 1.5321E-09 1.4311E-09 1.3836E-09 1.3471E-09 1.3101E-09 1.2735E-09 1.2362E-09 1.2032E-09 1.1705E-09 1.1369E-09 1.1093E-09 1.0911E-09 1.0736E-09 1.0563E-09
9.6791E-09 1.0128E-08 1.0742E-08 1.1263E-08 1.1775E-08 1.2225E-08 1.2792E-08 1.3178E-08 1.3478E-08 1.3663E-08 1.3693E-08 1.3867E-08 1.3718E-08 1.3368E-08 1.2875E-08 1.2217E-08 1.1439E-08 1.0550E-08 9.6719E-09 8.8490E-09 7.9919E-09 7.1378E-09 6.1104E-09 5.6852E-09 5.2859E-09 4.9708E-09 4.6840E-09 4.3974E-09 4.1005E-09 3.8248E-09 3.5609E-09 3.3336E-09 3.1067E-09 2.9079E-09 2.7147E-09 2.5383E-09 2.3728E-09 2.2163E-09 2.0794E-09 1.9630E-09 1.8386E-09 1.6901E-09 1.5553E-09 1.4421E-09 1.3938E-09 1.3584E-09 1.3228E-09 1.2864E-09 1.2490E-09 1.2168E-09 1.1847E-09 1.1505E-09 1.1195E-09 1.0997E-09 1.0823E-09 1.0654E-09 1.0483E-09
8.4199E-09 8.7520E-09 9.0867E-09 9.3812E-09 9.8398E-09 1.0150E-08 1.0415E-08 1.0613E-08 1.0901E-08 1.1007E-08 1.1050E-08 1.0963E-08 1.0776E-08 1.0444E-08 1.0043E-08 9.4816E-09 8.8919E-09 8.3014E-09 7.7380E-09 7.1347E-09 6.4806E-09 5.7194E-09 5.4000E-09 5.0587E-09 4.7770E-09 4.5196E-09 4.2462E-09 3.9824E-09 3.7269E-09 3.4948E-09 3.2754E-09 3.0720E-09 2.8847E-09 2.7006E-09 2.5302E-09 2.3705E-09 2.2208E-09 2.0908E-09 1.9778E-09 1.8632E-09 1.7203E-09 1.5779E-09 1.4505E-09 1.4020E-09 1.3670E-09 1.3331E-09 1.2978E-09 1.2601E-09 1.2284E-09 1.1978E-09 1.1636E-09 1.1300E-09 1.1080E-09 1.0908E-09 1.0737E-09 1.0568E-09 1.0399E-09
