Assets/Resources/2015_m01_d31_1500(utc+0800)_l00_csi_1hr_conc.grd
DSAA
         159         159
     -79.000      79.000
     -79.000      79.000
  0.0000E+00  0.1521E-05
[rows 25 to 49 of 159, columns 0 to 56 of 159]
8.1561E-10 9.7413E-10 1.1563E-09 1.3662E-09 1.6006E-09 1.8684E-09 2.1665E-09 2.5016E-09 2.8701E-09 3.2776E-09 3.7208E-09 4.2034E-09 4.7214E-09 5.2768E-09 5.8654E-09 6.4860E-09 7.1356E-09 7.8094E-09 8.5021E-09 9.2079E-09 9.9207E-09 1.0628E-08 1.1327E-08 1.2006E-08 1.2654E-08 1.3257E-08 1.3811E-08 1.4301E-08 1.4712E-08 1.5033E-08 1.5259E-08 1.5375E-08 1.5372E-08 1.5247E-08 1.4996E-08 1.4617E-08 1.4112E-08 1.3492E-08 1.2768E-08 1.1952E-08 1.1063E-08 1.0119E-08 9.1488E-09 8.1659E-09 7.1985E-09 6.2668E-09 5.3829E-09 4.5601E-09 3.8184E-09 3.1502E-09 2.5656E-09 2.0630E-09 1.6358E-09 1.2789E-09 9.8390E-10 7.3027E-10 5.2163E-10
7.7018E-10 9.2169E-10 1.0972E-09 1.2968E-09 1.5202E-09 1.7787E-09 2.0664E-09 2.3887E-09 2.7464E-09 3.1444E-09 3.5753E-09 4.0482E-09 4.5584E-09 5.1061E-09 5.6897E-09 6.3090E-09 6.9609E-09 7.6402E-09 8.3431E-09 9.0640E-09 9.7955E-09 1.0530E-08 1.1261E-08 1.1974E-08 1.2664E-08 1.3318E-08 1.3924E-08 1.4463E-08 1.4933E-08 1.5315E-08 1.5597E-08 1.5764E-08 1.5813E-08 1.5732E-08 1.5515E-08 1.5163E-08 1.4679E-08 1.4068E-08 1.3340E-08 1.2510E-08 1.1598E-08 1.0627E-08 9.6158E-09 8.5943E-09 7.5862E-09 6.6064E-09 5.6756E-09 4.8177E-09 4.0269E-09 3.3220E-09 2.7039E-09 2.1629E-09 1.7067E-09 1.3319E-09 1.0141E-09 7.5268E-10 5.3428E-10
7.2380E-10 8.7033E-10 1.0350E-09 1.2254E-09 1.4408E-09 1.6864E-09 1.9613E-09 2.2729E-09 2.6172E-09 3.0016E-09 3.4205E-09 3.8818E-09 4.3807E-09 4.9188E-09 5.4960E-09 6.1111E-09 6.7614E-09 7.4435E-09 8.1537E-09 8.8866E-09 9.6356E-09 1.0394E-08 1.1151E-08 1.1903E-08 1.2635E-08 1.3334E-08 1.3990E-08 1.4591E-08 1.5119E-08 1.5557E-08 1.5900E-08 1.6128E-08 1.6230E-08 1.6195E-08 1.6024E-08 1.5707E-08 1.5245E-08 1.4646E-08 1.3920E-08 1.3083E-08 1.2155E-08 1.1158E-08 1.0118E-08 9.0597E-09 8.0066E-09 6.9822E-09 6.0105E-09 5.0977E-09 4.2625E-09 3.5177E-09 2.8579E-09 2.2871E-09 1.8064E-09 1.3942E-09 1.0577E-09 7.7816E-10 5.4637E-10
6.7913E-10 8.1632E-10 9.7296E-10 1.1558E-09 1.3566E-09 1.5911E-09 1.8555E-09 2.1514E-09 2.4822E-09 2.8544E-09 3.2565E-09 3.7043E-09 4.1920E-09 4.7172E-09 5.2838E-09 5.8921E-09 6.5382E-09 7.2195E-09 7.9335E-09 8.6751E-09 9.4378E-09 1.0216E-08 1.1003E-08 1.1787E-08 1.2556E-08 1.3304E-08 1.4012E-08 1.4667E-08 1.5253E-08 1.5758E-08 1.6162E-08 1.6448E-08 1.6612E-08 1.6635E-08 1.6508E-08 1.6227E-08 1.5795E-08 1.5216E-08 1.4499E-08 1.3662E-08 1.2723E-08 1.1707E-08 1.0638E-08 9.5428E-09 8.4536E-09 7.3842E-09 6.3613E-09 5.4042E-09 4.5284E-09 3.7341E-09 3.0326E-09 2.4243E-09 1.9041E-09 1.4722E-09 1.1143E-09 8.1218E-10 5.6353E-10
6.3262E-10 7.6192E-10 9.1277E-10 1.0821E-09 1.2718E-09 1.4967E-09 1.7443E-09 2.0270E-09 2.3448E-09 2.6981E-09 3.0848E-09 3.5203E-09 3.9888E-09 4.5001E-09 5.0571E-09 5.6533E-09 6.2907E-09 6.9691E-09 7.6840E-09 8.4295E-09 9.2031E-09 9.9984E-09 1.0807E-08 1.1621E-08 1.2429E-08 1.3220E-08 1.3976E-08 1.4688E-08 1.5335E-08 1.5902E-08 1.6368E-08 1.6724E-08 1.6948E-08 1.7025E-08 1.6950E-08 1.6718E-08 1.6324E-08 1.5772E-08 1.5073E-08 1.4242E-08 1.3298E-08 1.2270E-08 1.1178E-08 1.0059E-08 8.9280E-09 7.8187E-09 6.7542E-09 5.7480E-09 4.8171E-09 3.9767E-09 3.2329E-09 2.5837E-09 2.0307E-09 1.5677E-09 1.1719E-09 8.5378E-10 5.8749E-10
5.8546E-10 7.0972E-10 8.4881E-10 1.0094E-09 1.1895E-09 1.3992E-09 1.6326E-09 1.9020E-09 2.2003E-09 2.5382E-09 2.9089E-09 3.3237E-09 3.7749E-09 4.2735E-09 4.8114E-09 5.3941E-09 6.0231E-09 6.6931E-09 7.4023E-09 8.1490E-09 8.9292E-09 9.7365E-09 1.0565E-08 1.1405E-08 1.2246E-08 1.3076E-08 1.3881E-08 1.4645E-08 1.5349E-08 1.5978E-08 1.6513E-08 1.6933E-08 1.7218E-08 1.7361E-08 1.7347E-08 1.7162E-08 1.6811E-08 1.6294E-08 1.5620E-08 1.4804E-08 1.3871E-08 1.2838E-08 1.1737E-08 1.0588E-08 9.4266E-09 8.2807E-09 7.1689E-09 6.1129E-09 5.1403E-09 4.2478E-09 3.4555E-09 2.7615E-09 2.1661E-09 1.6675E-09 1.2505E-09 9.0877E-10 6.2408E-10
5.4025E-10 6.5462E-10 7.8631E-10 9.3812E-10 1.1044E-09 1.3014E-09 1.5213E-09 1.7728E-09 2.0548E-09 2.3747E-09 2.7245E-09 3.1225E-09 3.5549E-09 4.0308E-09 4.5515E-09 5.1204E-09 5.7328E-09 6.3895E-09 7.0914E-09 7.8355E-09 8.6160E-09 9.4307E-09 1.0273E-08 1.1134E-08 1.2003E-08 1.2868E-08 1.3716E-08 1.4529E-08 1.5290E-08 1.5980E-08 1.6577E-08 1.7060E-08 1.7418E-08 1.7628E-08 1.7670E-08 1.7546E-08 1.7247E-08 1.6774E-08 1.6142E-08 1.5359E-08 1.4441E-08 1.3415E-08 1.2305E-08 1.1143E-08 9.9557E-09 8.7728E-09 7.6167E-09 6.5211E-09 5.4895E-09 4.5500E-09 3.7102E-09 2.9717E-09 2.3357E-09 1.7979E-09 1.3410E-09 9.6347E-10 6.7134E-10
4.9212E-10 6.0127E-10 7.2436E-10 8.6343E-10 1.0207E-09 1.2047E-09 1.4089E-09 1.6441E-09 1.9085E-09 2.2082E-09 2.5392E-09 2.9150E-09 3.3234E-09 3.7809E-09 4.2820E-09 4.8269E-09 5.4223E-09 6.0648E-09 6.7540E-09 7.4868E-09 8.2640E-09 9.0813E-09 9.9300E-09 1.0805E-08 1.1697E-08 1.2591E-08 1.3475E-08 1.4334E-08 1.5147E-08 1.5893E-08 1.6550E-08 1.7104E-08 1.7529E-08 1.7801E-08 1.7916E-08 1.7858E-08 1.7620E-08 1.7209E-08 1.6624E-08 1.5875E-08 1.4987E-08 1.3977E-08 1.2876E-08 1.1705E-08 1.0499E-08 9.2849E-09 8.0949E-09 6.9472E-09 5.8699E-09 4.8816E-09 3.9876E-09 3.2005E-09 2.5197E-09 1.9346E-09 1.4445E-09 1.0485E-09 7.2620E-10
4.4624E-10 5.4567E-10 6.5828E-10 7.9108E-10 9.3532E-10 1.1060E-09 1.2958E-09 1.5140E-09 1.7609E-09 2.0406E-09 2.3495E-09 2.7018E-09 3.0908E-09 3.5225E-09 3.9977E-09 4.5217E-09 5.0973E-09 5.7163E-09 6.3879E-09 7.1086E-09 7.8759E-09 8.6865E-09 9.5375E-09 1.0421E-08 1.1326E-08 1.2242E-08 1.3158E-08 1.4055E-08 1.4909E-08 1.5708E-08 1.6429E-08 1.7045E-08 1.7534E-08 1.7882E-08 1.8073E-08 1.8087E-08 1.7924E-08 1.7579E-08 1.7050E-08 1.6360E-08 1.5517E-08 1.4539E-08 1.3452E-08 1.2288E-08 1.1071E-08 9.8360E-09 8.6099E-09 7.4218E-09 6.2990E-09 5.2550E-09 4.3096E-09 3.4728E-09 2.7381E-09 2.1057E-09 1.5747E-09 1.1405E-09 8.0539E-10
3.9825E-10 4.8879E-10 5.9569E-10 7.1438E-10 8.4711E-10 1.0070E-09 1.1817E-09 1.3837E-09 1.6110E-09 1.8695E-09 2.1588E-09 2.4877E-09 2.8488E-09 3.2554E-09 3.7084E-09 4.2048E-09 4.7541E-09 5.3490E-09 6.0011E-09 6.7008E-09 7.4516E-09 8.2510E-09 9.0963E-09 9.9780E-09 1.0890E-08 1.1822E-08 1.2760E-08 1.3683E-08 1.4579E-08 1.5427E-08 1.6197E-08 1.6875E-08 1.7436E-08 1.7860E-08 1.8127E-08 1.8226E-08 1.8145E-08 1.7875E-08 1.7429E-08 1.6806E-08 1.6012E-08 1.5077E-08 1.4021E-08 1.2867E-08 1.1650E-08 1.0399E-08 9.1468E-09 7.9219E-09 6.7501E-09 5.6558E-09 4.6596E-09 3.7623E-09 2.9730E-09 2.2930E-09 1.7266E-09 1.2678E-09 9.0294E-10
3.5289E-10 4.3657E-10 5.3037E-10 6.3815E-10 7.6058E-10 9.0701E-10 1.0661E-09 1.2521E-09 1.4605E-09 1.7004E-09 1.9649E-09 2.2687E-09 2.6049E-09 2.9863E-09 3.4081E-09 3.8772E-09 4.4007E-09 4.9676E-09 5.5908E-09 6.2670E-09 6.9970E-09 7.7786E-09 8.6089E-09 9.4818E-09 1.0393E-08 1.1330E-08 1.2279E-08 1.3225E-08 1.4153E-08 1.5037E-08 1.5859E-08 1.6597E-08 1.7224E-08 1.7726E-08 1.8081E-08 1.8265E-08 1.8273E-08 1.8103E-08 1.7740E-08 1.7187E-08 1.6471E-08 1.5593E-08 1.4579E-08 1.3457E-08 1.2253E-08 1.1000E-08 9.7283E-09 8.4703E-09 7.2606E-09 6.1158E-09 5.0579E-09 4.1029E-09 3.2550E-09 2.5220E-09 1.9076E-09 1.4063E-09 1.0086E-09
3.1187E-10 3.8198E-10 4.6566E-10 5.6594E-10 6.7429E-10 8.0566E-10 9.5183E-10 1.1214E-09 1.3106E-09 1.5286E-09 1.7704E-09 2.0521E-09 2.3600E-09 2.7117E-09 3.1047E-09 3.5456E-09 4.0364E-09 4.5714E-09 5.1644E-09 5.8126E-09 6.5132E-09 7.2705E-09 8.0789E-09 8.9366E-09 9.8373E-09 1.0769E-08 1.1721E-08 1.2681E-08 1.3629E-08 1.4547E-08 1.5414E-08 1.6205E-08 1.6905E-08 1.7486E-08 1.7919E-08 1.8204E-08 1.8316E-08 1.8234E-08 1.7971E-08 1.7520E-08 1.6884E-08 1.6079E-08 1.5124E-08 1.4042E-08 1.2861E-08 1.1613E-08 1.0330E-08 9.0521E-09 7.7994E-09 6.6066E-09 5.4928E-09 4.4768E-09 3.5686E-09 2.7815E-09 2.1194E-09 1.5789E-09 1.1399E-09
2.6788E-10 3.3035E-10 4.0729E-10 4.9257E-10 5.8973E-10 7.0948E-10 8.3912E-10 9.8999E-10 1.1616E-09 1.3592E-09 1.5800E-09 1.8336E-09 2.1158E-09 2.4406E-09 2.8022E-09 3.2087E-09 3.6665E-09 4.1683E-09 4.7263E-09 5.3392E-09 6.0077E-09 6.7330E-09 7.5126E-09 8.3478E-09 9.2273E-09 1.0145E-08 1.1092E-08 1.2055E-08 1.3018E-08 1.3961E-08 1.4863E-08 1.5712E-08 1.6475E-08 1.7125E-08 1.7658E-08 1.8038E-08 1.8243E-08 1.8281E-08 1.8125E-08 1.7774E-08 1.7240E-08 1.6522E-08 1.5641E-08 1.4614E-08 1.3471E-08 1.2245E-08 1.0965E-08 9.6655E-09 8.3821E-09 7.1428E-09 5.9721E-09 4.8919E-09 3.9210E-09 3.0728E-09 2.3602E-09 1.7648E-09 1.2823E-09
2.2915E-10 2.8430E-10 3.4820E-10 4.2439E-10 5.1034E-10 6.1337E-10 7.2754E-10 8.6439E-10 1.0165E-09 1.1946E-09 1.3897E-09 1.6208E-09 1.8771E-09 2.1697E-09 2.5003E-09 2.8751E-09 3.2971E-09 3.7603E-09 4.2804E-09 4.8554E-09 5.4854E-09 6.1730E-09 6.9188E-09 7.7212E-09 8.5716E-09 9.4683E-09 1.0401E-08 1.1358E-08 1.2324E-08 1.3284E-08 1.4224E-08 1.5114E-08 1.5933E-08 1.6664E-08 1.7279E-08 1.7754E-08 1.8076E-08 1.8224E-08 1.8184E-08 1.7954E-08 1.7531E-08 1.6918E-08 1.6128E-08 1.5181E-08 1.4099E-08 1.2908E-08 1.1644E-08 1.0341E-08 9.0317E-09 7.7484E-09 6.5215E-09 5.3736E-09 4.3386E-09 3.4243E-09 2.6418E-09 1.9876E-09 1.4535E-09
1.9216E-10 2.3917E-10 2.9432E-10 3.5979E-10 4.3235E-10 5.2147E-10 6.2463E-10 7.4191E-10 8.7624E-10 1.0353E-09 1.2071E-09 1.4158E-09 1.6416E-09 1.9055E-09 2.2064E-09 2.5447E-09 2.9300E-09 3.3551E-09 3.8348E-09 4.3676E-09 4.9548E-09 5.5999E-09 6.3038E-09 7.0680E-09 7.8819E-09 8.7497E-09 9.6583E-09 1.0602E-08 1.1563E-08 1.2535E-08 1.3492E-08 1.4421E-08 1.5293E-08 1.6091E-08 1.6789E-08 1.7363E-08 1.7796E-08 1.8059E-08 1.8148E-08 1.8049E-08 1.7747E-08 1.7255E-08 1.6576E-08 1.5718E-08 1.4709E-08 1.3571E-08 1.2338E-08 1.1038E-08 9.7113E-09 8.3867E-09 7.1026E-09 5.8910E-09 4.7816E-09 3.7985E-09 2.9479E-09 2.2289E-09 1.6381E-09
1.6097E-10 1.9925E-10 2.4521E-10 2.9863E-10 3.6075E-10 4.3819E-10 5.2470E-10 6.2559E-10 7.4561E-10 8.8228E-10 1.0335E-09 1.2173E-09 1.4187E-09 1.6523E-09 1.9198E-09 2.2239E-09 2.5724E-09 2.9569E-09 3.3937E-09 3.8844E-09 4.4242E-09 5.0209E-09 5.6807E-09 6.3996E-09 7.1711E-09 8.0008E-09 8.8830E-09 9.7990E-09 1.0749E-08 1.1720E-08 1.2690E-08 1.3641E-08 1.4560E-08 1.5417E-08 1.6192E-08 1.6862E-08 1.7399E-08 1.7790E-08 1.8013E-08 1.8043E-08 1.7885E-08 1.7529E-08 1.6973E-08 1.6232E-08 1.5321E-08 1.4257E-08 1.3067E-08 1.1786E-08 1.0444E-08 9.0848E-09 7.7456E-09 6.4671E-09 5.2906E-09 4.2287E-09 3.2975E-09 2.5074E-09 1.8528E-09
1.3208E-10 1.6375E-10 1.9944E-10 2.4664E-10 2.9636E-10 3.5982E-10 4.3419E-10 5.2210E-10 6.2075E-10 7.3767E-10 8.7311E-10 1.0296E-09 1.2054E-09 1.4120E-09 1.6485E-09 1.9173E-09 2.2282E-09 2.5728E-09 2.9670E-09 3.4087E-09 3.9003E-09 4.4515E-09 5.0594E-09 5.7283E-09 6.4514E-09 7.2422E-09 8.0800E-09 8.9661E-09 9.8949E-09 1.0852E-08 1.1822E-08 1.2792E-08 1.3741E-08 1.4653E-08 1.5495E-08 1.6254E-08 1.6902E-08 1.7413E-08 1.7766E-08 1.7950E-08 1.7941E-08 1.7732E-08 1.7324E-08 1.6715E-08 1.5913E-08 1.4933E-08 1.3798E-08 1.2541E-08 1.1196E-08 9.8047E-09 8.4187E-09 7.0796E-09 5.8235E-09 4.6807E-09 3.6715E-09 2.8078E-09 2.0907E-09
1.0406E-10 1.2934E-10 1.5985E-10 1.9920E-10 2.3913E-10 2.9112E-10 3.4962E-10 4.2642E-10 5.0887E-10 6.0848E-10 7.2137E-10 8.5577E-10 1.0066E-09 1.1859E-09 1.3926E-09 1.6271E-09 1.9026E-09 2.2075E-09 2.5555E-09 2.9519E-09 3.3985E-09 3.8940E-09 4.4517E-09 5.0708E-09 5.7404E-09 6.4788E-09 7.2727E-09 8.1184E-09 9.0141E-09 9.9473E-09 1.0909E-08 1.1884E-08 1.2858E-08 1.3805E-08 1.4713E-08 1.5553E-08 1.6299E-08 1.6932E-08 1.7427E-08 1.7758E-08 1.7909E-08 1.7867E-08 1.7615E-08 1.7148E-08 1.6470E-08 1.5591E-08 1.4530E-08 1.3310E-08 1.1973E-08 1.0565E-08 9.1373E-09 7.7380E-09 6.4081E-09 5.1841E-09 4.0877E-09 3.1436E-09 2.3538E-09
7.0533E-11 9.4603E-11 1.2306E-10 1.5349E-10 1.8914E-10 2.2880E-10 2.7816E-10 3.3794E-10 4.0659E-10 4.9506E-10 5.8592E-10 7.0017E-10 8.2817E-10 9.8105E-10 1.1553E-09 1.3597E-09 1.6002E-09 1.8627E-09 2.1691E-09 2.5231E-09 2.9158E-09 3.3606E-09 3.8685E-09 4.4266E-09 5.0439E-09 5.7329E-09 6.4699E-09 7.2683E-09 8.1245E-09 9.0264E-09 9.9660E-09 1.0938E-08 1.1921E-08 1.2901E-08 1.3856E-08 1.4768E-08 1.5612E-08 1.6360E-08 1.6990E-08 1.7477E-08 1.7794E-08 1.7918E-08 1.7831E-08 1.7522E-08 1.6984E-08 1.6216E-08 1.5231E-08 1.4064E-08 1.2750E-08 1.1336E-08 9.8767E-09 8.4207E-09 7.0145E-09 5.7057E-09 4.5254E-09 3.5040E-09 2.6451E-09
4.4307E-11 5.8617E-11 8.0857E-11 1.0726E-10 1.3855E-10 1.7357E-10 2.1268E-10 2.6002E-10 3.1882E-10 3.8792E-10 4.6630E-10 5.6176E-10 6.6717E-10 7.9580E-10 9.4318E-10 1.1167E-09 1.3222E-09 1.5494E-09 1.8154E-09 2.1228E-09 2.4667E-09 2.8642E-09 3.3118E-09 3.8166E-09 4.3798E-09 5.0057E-09 5.6859E-09 6.4357E-09 7.2414E-09 8.1007E-09 9.0155E-09 9.9686E-09 1.0951E-08 1.1950E-08 1.2947E-08 1.3920E-08 1.4849E-08 1.5708E-08 1.6470E-08 1.7104E-08 1.7583E-08 1.7878E-08 1.7963E-08 1.7816E-08 1.7418E-08 1.6770E-08 1.5889E-08 1.4791E-08 1.3517E-08 1.2111E-08 1.0627E-08 9.1228E-09 7.6504E-09 6.2684E-09 5.0084E-09 3.9010E-09 2.9630E-09
2.2396E-11 3.3409E-11 4.5820E-11 6.3249E-11 8.8544E-11 1.1585E-10 1.5102E-10 1.9516E-10 2.3928E-10 2.9260E-10 3.5969E-10 4.3737E-10 5.2943E-10 6.3363E-10 7.5583E-10 9.0089E-10 1.0759E-09 1.2673E-09 1.4953E-09 1.7601E-09 2.0602E-09 2.4022E-09 2.8002E-09 3.2499E-09 3.7505E-09 4.3146E-09 4.9435E-09 5.6298E-09 6.3822E-09 7.2007E-09 8.0757E-09 9.0020E-09 9.9785E-09 1.0982E-08 1.2002E-08 1.3026E-08 1.4028E-08 1.4982E-08 1.5862E-08 1.6637E-08 1.7272E-08 1.7732E-08 1.7984E-08 1.7995E-08 1.7754E-08 1.7249E-08 1.6477E-08 1.5470E-08 1.4250E-08 1.2868E-08 1.1376E-08 9.8356E-09 8.3093E-09 6.8504E-09 5.5094E-09 4.3212E-09 3.3108E-09
5.3452E-12 1.2911E-11 2.0480E-11 3.2400E-11 4.4752E-11 6.6671E-11 9.0781E-11 1.2473E-10 1.6222E-10 2.1388E-10 2.6676E-10 3.2815E-10 4.0168E-10 4.8915E-10 5.9658E-10 7.1566E-10 8.5722E-10 1.0198E-09 1.2141E-09 1.4372E-09 1.6912E-09 1.9922E-09 2.3357E-09 2.7284E-09 3.1723E-09 3.6806E-09 4.2412E-09 4.8748E-09 5.5708E-09 6.3354E-09 7.1643E-09 8.0626E-09 9.0096E-09 1.0006E-08 1.1042E-08 1.2097E-08 1.3154E-08 1.4188E-08 1.5170E-08 1.6070E-08 1.6846E-08 1.7460E-08 1.7873E-08 1.8057E-08 1.7976E-08 1.7616E-08 1.6982E-08 1.6075E-08 1.4932E-08 1.3588E-08 1.2104E-08 1.0544E-08 8.9709E-09 7.4545E-09 6.0430E-09 4.7766E-09 3.6841E-09
0.0000E+00 0.0000E+00 2.1233E-12 8.7700E-12 1.9159E-11 2.7524E-11 4.3723E-11 6.7676E-11 9.3511E-11 1.3215E-10 1.7489E-10 2.3189E-10 2.9345E-10 3.6648E-10 4.5374E-10 5.5419E-10 6.7297E-10 8.0872E-10 9.6739E-10 1.1556E-09 1.3745E-09 1.6242E-09 1.9205E-09 2.2653E-09 2.6536E-09 3.0993E-09 3.6049E-09 4.1772E-09 4.8123E-09 5.5200E-09 6.3031E-09 7.1484E-09 8.0633E-09 9.0426E-09 1.0071E-08 1.1141E-08 1.2234E-08 1.3328E-08 1.4395E-08 1.5398E-08 1.6298E-08 1.7052E-08 1.7628E-08 1.7972E-08 1.8061E-08 1.7864E-08 1.7367E-08 1.6587E-08 1.5537E-08 1.4262E-08 1.2811E-08 1.1252E-08 9.6529E-09 8.0813E-09 6.6005E-09 5.2547E-09 4.0858E-09
0.0000E+00 0.0000E+00 0.0000E+00 0.0000E+00 5.9747E-13 4.9231E-12 1.2478E-11 2.1001E-11 3.9565E-11 6.4228E-11 9.8090E-11 1.3859E-10 1.8261E-10 2.4710E-10 3.2226E-10 4.0414E-10 5.1314E-10 6.2439E-10 7.6029E-10 9.1887E-10 1.0969E-09 1.3085E-09 1.5633E-09 1.8557E-09 2.1927E-09 2.5875E-09 3.0327E-09 3.5453E-09 4.1168E-09 4.7668E-09 5.4889E-09 6.2835E-09 7.1547E-09 8.0963E-09 9.1055E-09 1.0171E-08 1.1281E-08 1.2410E-08 1.3534E-08 1.4616E-08 1.5622E-08 1.6510E-08 1.7229E-08 1.7740E-08 1.7995E-08 1.7963E-08 1.7635E-08 1.6995E-08 1.6068E-08 1.4874E-08 1.3477E-08 1.1936E-08 1.0324E-08 8.7171E-09 7.1825E-09 5.7707E-09 4.5165E-09
0.0000E+00 0.0000E+00 0.0000E+00 0.0000E+00 0.0000E+00 0.0000E+00 0.0000E+00 3.6625E-12 8.8379E-12 1.9066E-11 3.7974E-11 7.0069E-11 1.0147E-10 1.4781E-10 2.0749E-10 2.7692E-10 3.5851E-10 4.5805E-10 5.7665E-10 7.1044E-10 8.6218E-10 1.0427E-09 1.2557E-09 1.5041E-09 1.7965E-09 2.1329E-09 2.5241E-09 2.9790E-09 3.4892E-09 4.0732E-09 4.7353E-09 5.4688E-09 6.2848E-09 7.1795E-09 8.1521E-09 9.1921E-09 1.0291E-08 1.1431E-08 1.2589E-08 1.3732E-08 1.4828E-08 1.5826E-08 1.6686E-08 1.7348E-08 1.7778E-08 1.7928E-08 1.7768E-08 1.7290E-08 1.6494E-08 1.5419E-08 1.4097E-08 1.2601E-08 1.1005E-08 9.3751E-09 7.7904E-09 6.3018E-09 4.9609E-09
