Assets/Resources/2015_m01_d15_1600(utc+0800)_l00_csi_1hr_conc.grd
DSAA
         159         159
     -79.000      79.000
     -79.000      79.000
  0.0000E+00  0.7617E-05
[rows 100 to 124 of 159, columns 0 to 56 of 159]
4.7356E-10 5.1959E-10 5.6269E-10 6.2067E-10 6.6789E-10 7.2284E-10 7.8058E-10 8.2597E-10 8.8572E-10 9.3110E-10 9.9779E-10 1.0460E-09 1.0949E-09 1.1433E-09 1.1940E-09 1.2459E-09 1.2994E-09 1.3559E-09 1.4195E-09 1.4817E-09 1.5573E-09 1.6332E-09 1.7204E-09 1.8098E-09 1.9047E-09 1.9999E-09 2.1008E-09 2.2028E-09 2.3045E-09 2.4187E-09 2.5233E-09 2.6374E-09 2.7455E-09 2.8537E-09 2.9612E-09 3.0708E-09 3.1785E-09 3.2868E-09 3.3907E-09 3.4923E-09 3.5915E-09 3.6882E-09 3.7820E-09 3.8728E-09 3.9558E-09 4.0350E-09 4.1058E-09 4.1687E-09 4.2246E-09 4.2697E-09 4.3069E-09 4.3354E-09 4.3535E-09 4.3606E-09 4.3585E-09 4.3463E-09 4.3298E-09
4.5543E-10 4.8303E-10 5.3620E-10 5.7734E-10 6.3863E-10 6.8594E-10 7.4845E-10 7.8816E-10 8.4568E-10 8.9188E-10 9.5053E-10 1.0025E-09 1.0470E-09 1.0954E-09 1.1412E-09 1.1917E-09 1.2406E-09 1.2920E-09 1.3469E-09 1.4079E-09 1.4680E-09 1.5404E-09 1.6129E-09 1.6921E-09 1.7799E-09 1.8655E-09 1.9583E-09 2.0462E-09 2.1474E-09 2.2361E-09 2.3462E-09 2.4357E-09 2.5443E-09 2.6368E-09 2.7356E-09 2.8311E-09 2.9255E-09 3.0206E-09 3.1120E-09 3.2038E-09 3.2909E-09 3.3754E-09 3.4567E-09 3.5338E-09 3.6060E-09 3.6730E-09 3.7352E-09 3.7903E-09 3.8375E-09 3.8776E-09 3.9093E-09 3.9329E-09 3.9433E-09 3.9447E-09 3.9334E-09 3.9184E-09 3.9022E-09
4.3218E-10 4.6187E-10 4.9196E-10 5.4539E-10 5.8686E-10 6.4633E-10 6.9292E-10 7.5422E-10 7.9327E-10 8.5261E-10 8.9519E-10 9.5566E-10 1.0035E-09 1.0467E-09 1.0937E-09 1.1381E-09 1.1842E-09 1.2313E-09 1.2807E-09 1.3334E-09 1.3918E-09 1.4492E-09 1.5182E-09 1.5871E-09 1.6620E-09 1.7438E-09 1.8222E-09 1.9098E-09 1.9879E-09 2.0838E-09 2.1621E-09 2.2602E-09 2.3465E-09 2.4373E-09 2.5233E-09 2.6078E-09 2.6922E-09 2.7764E-09 2.8557E-09 2.9362E-09 3.0126E-09 3.0870E-09 3.1604E-09 3.2276E-09 3.2906E-09 3.3488E-09 3.4018E-09 3.4491E-09 3.4901E-09 3.5207E-09 3.5446E-09 3.5568E-09 3.5583E-09 3.5550E-09 3.5529E-09 3.5487E-09 3.5431E-09
4.1325E-10 4.4662E-10 4.7244E-10 5.0451E-10 5.6050E-10 5.9783E-10 6.6310E-10 7.0139E-10 7.6097E-10 7.9655E-10 8.5196E-10 8.9636E-10 9.5259E-10 1.0016E-09 1.0437E-09 1.0862E-09 1.1289E-09 1.1733E-09 1.2181E-09 1.2656E-09 1.3148E-09 1.3715E-09 1.4241E-09 1.4918E-09 1.5542E-09 1.6234E-09 1.6954E-09 1.7722E-09 1.8435E-09 1.9284E-09 2.0041E-09 2.0842E-09 2.1637E-09 2.2454E-09 2.3228E-09 2.4017E-09 2.4746E-09 2.5482E-09 2.6180E-09 2.6902E-09 2.7584E-09 2.8233E-09 2.8862E-09 2.9463E-09 3.0010E-09 3.0534E-09 3.0975E-09 3.1361E-09 3.1652E-09 3.1842E-09 3.1995E-09 3.2111E-09 3.2184E-09 3.2194E-09 3.2190E-09 3.2249E-09 3.2326E-09
3.9203E-10 4.1848E-10 4.5150E-10 4.7913E-10 5.2120E-10 5.6941E-10 6.0896E-10 6.6910E-10 7.0537E-10 7.6173E-10 7.9542E-10 8.5474E-10 8.9249E-10 9.5270E-10 9.9399E-10 1.0349E-09 1.0756E-09 1.1165E-09 1.1590E-09 1.2006E-09 1.2469E-09 1.2913E-09 1.3476E-09 1.3955E-09 1.4582E-09 1.5136E-09 1.5841E-09 1.6461E-09 1.7215E-09 1.7839E-09 1.8551E-09 1.9257E-09 2.0019E-09 2.0683E-09 2.1428E-09 2.2068E-09 2.2752E-09 2.3392E-09 2.4009E-09 2.4629E-09 2.5227E-09 2.5805E-09 2.6332E-09 2.6831E-09 2.7249E-09 2.7610E-09 2.7932E-09 2.8192E-09 2.8468E-09 2.8763E-09 2.8972E-09 2.9100E-09 2.9144E-09 2.9193E-09 2.9333E-09 2.9427E-09 2.9531E-09
3.7573E-10 4.0218E-10 4.2936E-10 4.5851E-10 4.8792E-10 5.2493E-10 5.7604E-10 6.1767E-10 6.6912E-10 7.1042E-10 7.6121E-10 7.9247E-10 8.5103E-10 8.8639E-10 9.4563E-10 9.8378E-10 1.0230E-09 1.0620E-09 1.1005E-09 1.1414E-09 1.1790E-09 1.2246E-09 1.2655E-09 1.3182E-09 1.3644E-09 1.4211E-09 1.4753E-09 1.5346E-09 1.5957E-09 1.6609E-09 1.7229E-09 1.7832E-09 1.8494E-09 1.9076E-09 1.9717E-09 2.0305E-09 2.0914E-09 2.1420E-09 2.1901E-09 2.2423E-09 2.2937E-09 2.3332E-09 2.3733E-09 2.4106E-09 2.4544E-09 2.4957E-09 2.5306E-09 2.5647E-09 2.5951E-09 2.6096E-09 2.6254E-09 2.6417E-09 2.6562E-09 2.6733E-09 2.6913E-09 2.7050E-09 2.7176E-09
3.5135E-10 3.8189E-10 4.0617E-10 4.3840E-10 4.6535E-10 5.0161E-10 5.3526E-10 5.8551E-10 6.2517E-10 6.7253E-10 7.0885E-10 7.5780E-10 7.9303E-10 8.4568E-10 8.7830E-10 9.3649E-10 9.7131E-10 1.0097E-09 1.0458E-09 1.0816E-09 1.1199E-09 1.1563E-09 1.1994E-09 1.2382E-09 1.2829E-09 1.3302E-09 1.3779E-09 1.4316E-09 1.4808E-09 1.5416E-09 1.5923E-09 1.6509E-09 1.7032E-09 1.7605E-09 1.8117E-09 1.8574E-09 1.8978E-09 1.9454E-09 1.9920E-09 2.0383E-09 2.0835E-09 2.1274E-09 2.1696E-09 2.2068E-09 2.2449E-09 2.2788E-09 2.3102E-09 2.3385E-09 2.3588E-09 2.3820E-09 2.4027E-09 2.4211E-09 2.4400E-09 2.4573E-09 2.4731E-09 2.4878E-09 2.5013E-09
3.3392E-10 3.5834E-10 3.8753E-10 4.1251E-10 4.4507E-10 4.7348E-10 5.0675E-10 5.4170E-10 5.9160E-10 6.2704E-10 6.7414E-10 7.0815E-10 7.5297E-10 7.8624E-10 8.3704E-10 8.6826E-10 9.2358E-10 9.5665E-10 9.9223E-10 1.0253E-09 1.0602E-09 1.0946E-09 1.1281E-09 1.1663E-09 1.2040E-09 1.2439E-09 1.2878E-09 1.3306E-09 1.3782E-09 1.4233E-09 1.4725E-09 1.5195E-09 1.5666E-09 1.6155E-09 1.6608E-09 1.7062E-09 1.7481E-09 1.7934E-09 1.8338E-09 1.8737E-09 1.9131E-09 1.9471E-09 1.9822E-09 2.0139E-09 2.0486E-09 2.0813E-09 2.1124E-09 2.1378E-09 2.1623E-09 2.1822E-09 2.2033E-09 2.2235E-09 2.2422E-09 2.2597E-09 2.2787E-09 2.2967E-09 2.3140E-09
3.1830E-10 3.3657E-10 3.6637E-10 3.8793E-10 4.2158E-10 4.4767E-10 4.7964E-10 5.1121E-10 5.4585E-10 5.9212E-10 6.2579E-10 6.7127E-10 7.0396E-10 7.4666E-10 7.7333E-10 8.2496E-10 8.5433E-10 9.0469E-10 9.3568E-10 9.6869E-10 9.9966E-10 1.0315E-09 1.0629E-09 1.0938E-09 1.1270E-09 1.1613E-09 1.1983E-09 1.2360E-09 1.2756E-09 1.3150E-09 1.3581E-09 1.3973E-09 1.4415E-09 1.4817E-09 1.5212E-09 1.5585E-09 1.5979E-09 1.6355E-09 1.6736E-09 1.7099E-09 1.7464E-09 1.7817E-09 1.8155E-09 1.8484E-09 1.8798E-09 1.9076E-09 1.9307E-09 1.9545E-09 1.9787E-09 2.0012E-09 2.0243E-09 2.0461E-09 2.0655E-09 2.0853E-09 2.1025E-09 2.1205E-09 2.1378E-09
3.0307E-10 3.2225E-10 3.4577E-10 3.7170E-10 3.9866E-10 4.2716E-10 4.5816E-10 4.8949E-10 5.1822E-10 5.5495E-10 5.9471E-10 6.2410E-10 6.6553E-10 6.9100E-10 7.3514E-10 7.6025E-10 8.0817E-10 8.3537E-10 8.8194E-10 9.1138E-10 9.4163E-10 9.7054E-10 9.9945E-10 1.0274E-09 1.0557E-09 1.0850E-09 1.1157E-09 1.1455E-09 1.1810E-09 1.2139E-09 1.2494E-09 1.2847E-09 1.3207E-09 1.3595E-09 1.3952E-09 1.4328E-09 1.4684E-09 1.5066E-09 1.5400E-09 1.5742E-09 1.6067E-09 1.6377E-09 1.6650E-09 1.6910E-09 1.7205E-09 1.7488E-09 1.7756E-09 1.8012E-09 1.8253E-09 1.8405E-09 1.8546E-09 1.8672E-09 1.8788E-09 1.8907E-09 1.9081E-09 1.9244E-09 1.9397E-09
2.8874E-10 3.0304E-10 3.2221E-10 3.4632E-10 3.7427E-10 4.0186E-10 4.3251E-10 4.6179E-10 4.9287E-10 5.2139E-10 5.5374E-10 5.9348E-10 6.2024E-10 6.6027E-10 6.8585E-10 7.2559E-10 7.4980E-10 7.9226E-10 8.1978E-10 8.6156E-10 8.9164E-10 9.1969E-10 9.4562E-10 9.7382E-10 9.9816E-10 1.0244E-09 1.0509E-09 1.0786E-09 1.1063E-09 1.1365E-09 1.1689E-09 1.2002E-09 1.2300E-09 1.2621E-09 1.2922E-09 1.3259E-09 1.3551E-09 1.3870E-09 1.4200E-09 1.4495E-09 1.4807E-09 1.5095E-09 1.5380E-09 1.5652E-09 1.5919E-09 1.6173E-09 1.6399E-09 1.6560E-09 1.6711E-09 1.6822E-09 1.6942E-09 1.7052E-09 1.7188E-09 1.7348E-09 1.7531E-09 1.7675E-09 1.7808E-09
2.7703E-10 2.9130E-10 3.0773E-10 3.2602E-10 3.5223E-10 3.7950E-10 4.0827E-10 4.3537E-10 4.6599E-10 4.9271E-10 5.2538E-10 5.5310E-10 5.9214E-10 6.1722E-10 6.5212E-10 6.7628E-10 7.0947E-10 7.3897E-10 7.6670E-10 8.0249E-10 8.3145E-10 8.6988E-10 8.9661E-10 9.2023E-10 9.4679E-10 9.6876E-10 9.9310E-10 1.0146E-09 1.0385E-09 1.0638E-09 1.0883E-09 1.1158E-09 1.1413E-09 1.1697E-09 1.1978E-09 1.2278E-09 1.2556E-09 1.2867E-09 1.3157E-09 1.3450E-09 1.3716E-09 1.3994E-09 1.4248E-09 1.4481E-09 1.4658E-09 1.4828E-09 1.4993E-09 1.5136E-09 1.5272E-09 1.5463E-09 1.5617E-09 1.5791E-09 1.5954E-09 1.6089E-09 1.6213E-09 1.6354E-09 1.6464E-09
2.6621E-10 2.7571E-10 2.9086E-10 3.1124E-10 3.2976E-10 3.5714E-10 3.8174E-10 4.1176E-10 4.3927E-10 4.7069E-10 4.9604E-10 5.2539E-10 5.5220E-10 5.7835E-10 6.1375E-10 6.3508E-10 6.6718E-10 6.9196E-10 7.2559E-10 7.5182E-10 7.8352E-10 8.1191E-10 8.4488E-10 8.6965E-10 8.9335E-10 9.1519E-10 9.3667E-10 9.5659E-10 9.7761E-10 9.9595E-10 1.0205E-09 1.0411E-09 1.0632E-09 1.0893E-09 1.1141E-09 1.1419E-09 1.1676E-09 1.1947E-09 1.2201E-09 1.2472E-09 1.2725E-09 1.2915E-09 1.3068E-09 1.3261E-09 1.3406E-09 1.3548E-09 1.3740E-09 1.3900E-09 1.4082E-09 1.4256E-09 1.4409E-09 1.4553E-09 1.4717E-09 1.4875E-09 1.5011E-09 1.5153E-09 1.5280E-09
2.5654E-10 2.6385E-10 2.7717E-10 2.9011E-10 3.1299E-10 3.2968E-10 3.6012E-10 3.8345E-10 4.1525E-10 4.4079E-10 4.6974E-10 4.9492E-10 5.2574E-10 5.4819E-10 5.7352E-10 6.0550E-10 6.2708E-10 6.5545E-10 6.7630E-10 7.0807E-10 7.3136E-10 7.6315E-10 7.8830E-10 8.1830E-10 8.4199E-10 8.6428E-10 8.8419E-10 9.0231E-10 9.2090E-10 9.3916E-10 9.5815E-10 9.7469E-10 9.9516E-10 1.0179E-09 1.0385E-09 1.0628E-09 1.0843E-09 1.1017E-09 1.1204E-09 1.1379E-09 1.1580E-09 1.1739E-09 1.1934E-09 1.2143E-09 1.2339E-09 1.2542E-09 1.2723E-09 1.2895E-09 1.3050E-09 1.3227E-09 1.3398E-09 1.3551E-09 1.3700E-09 1.3855E-09 1.3991E-09 1.4121E-09 1.4244E-09
2.4536E-10 2.5612E-10 2.6441E-10 2.7838E-10 2.9656E-10 3.1443E-10 3.3909E-10 3.6157E-10 3.9097E-10 4.1468E-10 4.4363E-10 4.6834E-10 4.9500E-10 5.2352E-10 5.4747E-10 5.6708E-10 5.9775E-10 6.1546E-10 6.3832E-10 6.6246E-10 6.8702E-10 7.1265E-10 7.3548E-10 7.6453E-10 7.8403E-10 8.1306E-10 8.3272E-10 8.5175E-10 8.6876E-10 8.8482E-10 9.0240E-10 9.1746E-10 9.3271E-10 9.4464E-10 9.5698E-10 9.6930E-10 9.8471E-10 1.0043E-09 1.0243E-09 1.0410E-09 1.0652E-09 1.0836E-09 1.1041E-09 1.1239E-09 1.1428E-09 1.1595E-09 1.1797E-09 1.1977E-09 1.2140E-09 1.2310E-09 1.2472E-09 1.2617E-09 1.2753E-09 1.2894E-09 1.3016E-09 1.3127E-09 1.3244E-09
2.3520E-10 2.4648E-10 2.5347E-10 2.6643E-10 2.7738E-10 2.9945E-10 3.1359E-10 3.4299E-10 3.6225E-10 3.9170E-10 4.1317E-10 4.4528E-10 4.6607E-10 4.9780E-10 5.1841E-10 5.4153E-10 5.6039E-10 5.8145E-10 6.0442E-10 6.2224E-10 6.4798E-10 6.6781E-10 6.9380E-10 7.1145E-10 7.3744E-10 7.5480E-10 7.7506E-10 7.9893E-10 8.1097E-10 8.1550E-10 8.2630E-10 8.4145E-10 8.5719E-10 8.6922E-10 8.8379E-10 8.9896E-10 9.1536E-10 9.3183E-10 9.4887E-10 9.6551E-10 9.8048E-10 9.9906E-10 1.0188E-09 1.0368E-09 1.0555E-09 1.0733E-09 1.0923E-09 1.1085E-09 1.1248E-09 1.1404E-09 1.1556E-09 1.1690E-09 1.1831E-09 1.1955E-09 1.2078E-09 1.2207E-09 1.2329E-09
2.2807E-10 2.3447E-10 2.4576E-10 2.5159E-10 2.6569E-10 2.7550E-10 2.9849E-10 3.1181E-10 3.4005E-10 3.6013E-10 3.9196E-10 4.1287E-10 4.4458E-10 4.6491E-10 4.9607E-10 5.1249E-10 5.3480E-10 5.5268E-10 5.7052E-10 5.8889E-10 6.0806E-10 6.2400E-10 6.4155E-10 6.6124E-10 6.7890E-10 6.9657E-10 7.1452E-10 7.3104E-10 7.4334E-10 7.6045E-10 7.7572E-10 7.9069E-10 8.0491E-10 8.1517E-10 8.2540E-10 8.3941E-10 8.5514E-10 8.6783E-10 8.8275E-10 8.9852E-10 9.1352E-10 9.2943E-10 9.4568E-10 9.6183E-10 9.7732E-10 9.9364E-10 1.0089E-09 1.0241E-09 1.0399E-09 1.0553E-09 1.0697E-09 1.0835E-09 1.0968E-09 1.1092E-09 1.1208E-09 1.1323E-09 1.1429E-09
2.2104E-10 2.2522E-10 2.3617E-10 2.4283E-10 2.5340E-10 2.6430E-10 2.8037E-10 2.9765E-10 3.1490E-10 3.4078E-10 3.6285E-10 3.9207E-10 4.1491E-10 4.3965E-10 4.6116E-10 4.8988E-10 5.0562E-10 5.2882E-10 5.4385E-10 5.6069E-10 5.7404E-10 5.8930E-10 6.0465E-10 6.2098E-10 6.3607E-10 6.5250E-10 6.6862E-10 6.7785E-10 6.9326E-10 7.0893E-10 7.2581E-10 7.4005E-10 7.5328E-10 7.6377E-10 7.7723E-10 7.9074E-10 8.0333E-10 8.1612E-10 8.2781E-10 8.4180E-10 8.5409E-10 8.6735E-10 8.8024E-10 8.9455E-10 9.0885E-10 9.2279E-10 9.3593E-10 9.5009E-10 9.6318E-10 9.7720E-10 9.9030E-10 1.0037E-09 1.0170E-09 1.0297E-09 1.0418E-09 1.0538E-09 1.0652E-09
2.1158E-10 2.1814E-10 2.2424E-10 2.3315E-10 2.3972E-10 2.5230E-10 2.6112E-10 2.8101E-10 2.9605E-10 3.1646E-10 3.3879E-10 3.6108E-10 3.8928E-10 4.1003E-10 4.3765E-10 4.5743E-10 4.8469E-10 4.9774E-10 5.1977E-10 5.3382E-10 5.4968E-10 5.6211E-10 5.7377E-10 5.8788E-10 6.0042E-10 6.1356E-10 6.2702E-10 6.4114E-10 6.5476E-10 6.6828E-10 6.8126E-10 6.9353E-10 7.0655E-10 7.2084E-10 7.3400E-10 7.4478E-10 7.5467E-10 7.6730E-10 7.7994E-10 7.9191E-10 8.0277E-10 8.1452E-10 8.2716E-10 8.3853E-10 8.5041E-10 8.6156E-10 8.7439E-10 8.8760E-10 9.0072E-10 9.1334E-10 9.2591E-10 9.3825E-10 9.5017E-10 9.6196E-10 9.7333E-10 9.8416E-10 9.9379E-10
2.0377E-10 2.1034E-10 2.1506E-10 2.2196E-10 2.3199E-10 2.3829E-10 2.5109E-10 2.6040E-10 2.8137E-10 2.9351E-10 3.1448E-10 3.3573E-10 3.6018E-10 3.8421E-10 4.0806E-10 4.3126E-10 4.5082E-10 4.7657E-10 4.8878E-10 5.0865E-10 5.2271E-10 5.3755E-10 5.4912E-10 5.5996E-10 5.7076E-10 5.8231E-10 5.9475E-10 6.0697E-10 6.1802E-10 6.3048E-10 6.4170E-10 6.5438E-10 6.6575E-10 6.7711E-10 6.8872E-10 7.0094E-10 7.1262E-10 7.2376E-10 7.3435E-10 7.4492E-10 7.5727E-10 7.6930E-10 7.8093E-10 7.9248E-10 8.0393E-10 8.1526E-10 8.2645E-10 8.3749E-10 8.4837E-10 8.5908E-10 8.6958E-10 8.7987E-10 8.8999E-10 8.9950E-10 9.0868E-10 9.1745E-10 9.2577E-10
1.9715E-10 2.0178E-10 2.0804E-10 2.1290E-10 2.2240E-10 2.2864E-10 2.3878E-10 2.4762E-10 2.6316E-10 2.7945E-10 2.9460E-10 3.1273E-10 3.3525E-10 3.5756E-10 3.8036E-10 4.0049E-10 4.2589E-10 4.4465E-10 4.6652E-10 4.7880E-10 4.9744E-10 5.0992E-10 5.2440E-10 5.3448E-10 5.4517E-10 5.5524E-10 5.6600E-10 5.7617E-10 5.8760E-10 5.9795E-10 6.0907E-10 6.1908E-10 6.2964E-10 6.4025E-10 6.5089E-10 6.6244E-10 6.7411E-10 6.8491E-10 6.9569E-10 7.0646E-10 7.1718E-10 7.2785E-10 7.3845E-10 7.4942E-10 7.6039E-10 7.7071E-10 7.8088E-10 7.9091E-10 8.0077E-10 8.1047E-10 8.1939E-10 8.2750E-10 8.3597E-10 8.4417E-10 8.5272E-10 8.6096E-10 8.6883E-10
1.8900E-10 1.9405E-10 1.9858E-10 2.0476E-10 2.1047E-10 2.1897E-10 2.2608E-10 2.3725E-10 2.4396E-10 2.6313E-10 2.7553E-10 2.9653E-10 3.1005E-10 3.3649E-10 3.5256E-10 3.7801E-10 3.9359E-10 4.1944E-10 4.3579E-10 4.5639E-10 4.6782E-10 4.8293E-10 4.9689E-10 5.0957E-10 5.1968E-10 5.2962E-10 5.3901E-10 5.4908E-10 5.5863E-10 5.6886E-10 5.7854E-10 5.8827E-10 5.9867E-10 6.0849E-10 6.1832E-10 6.2817E-10 6.3802E-10 6.4787E-10 6.5906E-10 6.6935E-10 6.7917E-10 6.8893E-10 6.9861E-10 7.0819E-10 7.1765E-10 7.2698E-10 7.3564E-10 7.4401E-10 7.5280E-10 7.6120E-10 7.6982E-10 7.7824E-10 7.8640E-10 7.9431E-10 8.0192E-10 8.0922E-10 8.1618E-10
1.8058E-10 1.8751E-10 1.9080E-10 1.9782E-10 2.0132E-10 2.0866E-10 2.1743E-10 2.2329E-10 2.3352E-10 2.4203E-10 2.5918E-10 2.7234E-10 2.9208E-10 3.0629E-10 3.3036E-10 3.4656E-10 3.7203E-10 3.8748E-10 4.1155E-10 4.2600E-10 4.4319E-10 4.5458E-10 4.6878E-10 4.8161E-10 4.9296E-10 5.0419E-10 5.1293E-10 5.2227E-10 5.3113E-10 5.4060E-10 5.4957E-10 5.5912E-10 5.6816E-10 5.7777E-10 5.8684E-10 5.9591E-10 6.0497E-10 6.1401E-10 6.2302E-10 6.3197E-10 6.4087E-10 6.5003E-10 6.5927E-10 6.6695E-10 6.7504E-10 6.8355E-10 6.9193E-10 7.0017E-10 7.0826E-10 7.1618E-10 7.2390E-10 7.3141E-10 7.3877E-10 7.4597E-10 7.5286E-10 7.5941E-10 7.6559E-10
1.7439E-10 1.7842E-10 1.8423E-10 1.8848E-10 1.9435E-10 1.9883E-10 2.0593E-10 2.1369E-10 2.2126E-10 2.3172E-10 2.4054E-10 2.5712E-10 2.7042E-10 2.8941E-10 3.0264E-10 3.2526E-10 3.3859E-10 3.6180E-10 3.7761E-10 3.9857E-10 4.1411E-10 4.2958E-10 4.4201E-10 4.5450E-10 4.6716E-10 4.7775E-10 4.8823E-10 4.9640E-10 5.0510E-10 5.1336E-10 5.2165E-10 5.3045E-10 5.3879E-10 5.4762E-10 5.5597E-10 5.6479E-10 5.7216E-10 5.7900E-10 5.8726E-10 5.9547E-10 6.0361E-10 6.1168E-10 6.1965E-10 6.2752E-10 6.3528E-10 6.4357E-10 6.5183E-10 6.5970E-10 6.6697E-10 6.7407E-10 6.8099E-10 6.8768E-10 6.9415E-10 7.0036E-10 7.0630E-10 7.1142E-10 7.1624E-10
1.6752E-10 1.7116E-10 1.7614E-10 1.8082E-10 1.8496E-10 1.9075E-10 1.9511E-10 2.0412E-10 2.0981E-10 2.2144E-10 2.2765E-10 2.4055E-10 2.5419E-10 2.6775E-10 2.8568E-10 2.9675E-10 3.1806E-10 3.3292E-10 3.5286E-10 3.7005E-10 3.8829E-10 4.0284E-10 4.1725E-10 4.2880E-10 4.3974E-10 4.5225E-10 4.6215E-10 4.7084E-10 4.7949E-10 4.8670E-10 4.9436E-10 5.0203E-10 5.0971E-10 5.1740E-10 5.2507E-10 5.3272E-10 5.4035E-10 5.4794E-10 5.5548E-10 5.6296E-10 5.7037E-10 5.7770E-10 5.8493E-10 5.9205E-10 5.9905E-10 6.0594E-10 6.1271E-10 6.1934E-10 6.2582E-10 6.3212E-10 6.3828E-10 6.4454E-10 6.5001E-10 6.5519E-10 6.6006E-10 6.6462E-10 6.6762E-10
