Assets/Resources/2015_m01_d13_1600(utc+0800)_l00_csi_1hr_conc.grd
DSAA
         159         159
     -79.000      79.000
     -79.000      79.000
  0.0000E+00  0.7243E-05
[rows 50 to 74 of 159, columns 0 to 56 of 159]
6.4058E-09 6.8001E-09 7.2102E-09 7.6512E-09 8.1054E-09 8.5841E-09 9.0950E-09 9.6167E-09 1.0156E-08 1.0714E-08 1.1288E-08 1.1873E-08 1.2468E-08 1.3076E-08 1.3683E-08 1.4295E-08 1.4924E-08 1.5552E-08 1.6187E-08 1.6841E-08 1.7463E-08 1.8101E-08 1.8731E-08 1.9345E-08 1.9963E-08 2.0541E-08 2.1097E-08 2.1616E-08 2.2100E-08 2.2532E-08 2.2946E-08 2.3317E-08 2.3681E-08 2.4007E-08 2.4289E-08 2.4571E-08 2.4797E-08 2.4998E-08 2.5166E-08 2.5272E-08 2.5318E-08 2.5299E-08 2.5186E-08 2.4963E-08 2.4640E-08 2.4165E-08 2.3544E-08 2.2766E-08 2.1842E-08 2.0800E-08 1.9666E-08 1.8423E-08 1.7050E-08 1.5550E-08 1.3934E-08 1.2243E-08 1.0476E-08
6.5871E-09 6.9976E-09 7.4256E-09 7.8839E-09 8.3589E-09 8.8579E-09 9.3913E-09 9.9355E-09 1.0499E-08 1.1082E-08 1.1683E-08 1.2295E-08 1.2920E-08 1.3557E-08 1.4193E-08 1.4838E-08 1.5496E-08 1.6143E-08 1.6809E-08 1.7507E-08 1.8189E-08 1.8882E-08 1.9554E-08 2.0220E-08 2.0887E-08 2.1518E-08 2.2138E-08 2.2713E-08 2.3263E-08 2.3765E-08 2.4252E-08 2.4704E-08 2.5152E-08 2.5568E-08 2.5951E-08 2.6347E-08 2.6690E-08 2.7027E-08 2.7341E-08 2.7598E-08 2.7812E-08 2.7976E-08 2.8054E-08 2.8053E-08 2.7943E-08 2.7693E-08 2.7254E-08 2.6600E-08 2.5760E-08 2.4715E-08 2.3496E-08 2.2150E-08 2.0643E-08 1.8971E-08 1.7153E-08 1.5193E-08 1.3114E-08
6.7570E-09 7.1835E-09 7.6272E-09 8.1027E-09 8.5966E-09 9.1143E-09 9.6689E-09 1.0234E-08 1.0820E-08 1.1427E-08 1.2052E-08 1.2690E-08 1.3342E-08 1.4005E-08 1.4669E-08 1.5346E-08 1.6032E-08 1.6709E-08 1.7392E-08 1.8110E-08 1.8836E-08 1.9592E-08 2.0319E-08 2.1038E-08 2.1747E-08 2.2428E-08 2.3109E-08 2.3739E-08 2.4351E-08 2.4918E-08 2.5473E-08 2.6005E-08 2.6538E-08 2.7046E-08 2.7528E-08 2.8034E-08 2.8498E-08 2.8970E-08 2.9432E-08 2.9847E-08 3.0237E-08 3.0577E-08 3.0859E-08 3.1087E-08 3.1212E-08 3.1224E-08 3.1038E-08 3.0635E-08 2.9964E-08 2.8998E-08 2.7791E-08 2.6351E-08 2.4749E-08 2.2935E-08 2.0913E-08 1.8683E-08 1.6292E-08
6.9143E-09 7.3564E-09 7.8137E-09 8.3056E-09 8.8161E-09 9.3512E-09 9.9248E-09 1.0509E-08 1.1116E-08 1.1745E-08 1.2391E-08 1.3052E-08 1.3728E-08 1.4417E-08 1.5106E-08 1.5811E-08 1.6523E-08 1.7230E-08 1.7942E-08 1.8675E-08 1.9417E-08 2.0202E-08 2.0982E-08 2.1777E-08 2.2532E-08 2.3261E-08 2.3994E-08 2.4672E-08 2.5341E-08 2.5970E-08 2.6592E-08 2.7197E-08 2.7806E-08 2.8403E-08 2.8980E-08 2.9590E-08 3.0172E-08 3.0774E-08 3.1378E-08 3.1947E-08 3.2516E-08 3.3037E-08 3.3519E-08 3.3944E-08 3.4322E-08 3.4582E-08 3.4703E-08 3.4629E-08 3.4220E-08 3.3479E-08 3.2384E-08 3.0979E-08 2.9291E-08 2.7365E-08 2.5183E-08 2.2738E-08 2.0039E-08
7.0586E-09 7.5136E-09 7.9836E-09 8.4899E-09 9.0153E-09 9.5661E-09 1.0157E-08 1.0758E-08 1.1384E-08 1.2031E-08 1.2697E-08 1.3379E-08 1.4077E-08 1.4785E-08 1.5498E-08 1.6225E-08 1.6961E-08 1.7695E-08 1.8433E-08 1.9195E-08 1.9957E-08 2.0743E-08 2.1542E-08 2.2388E-08 2.3216E-08 2.4000E-08 2.4776E-08 2.5497E-08 2.6218E-08 2.6898E-08 2.7582E-08 2.8251E-08 2.8930E-08 2.9607E-08 3.0266E-08 3.0976E-08 3.1664E-08 3.2386E-08 3.3117E-08 3.3830E-08 3.4565E-08 3.5267E-08 3.5939E-08 3.6562E-08 3.7139E-08 3.7633E-08 3.8055E-08 3.8305E-08 3.8271E-08 3.7881E-08 3.7054E-08 3.5805E-08 3.4166E-08 3.2206E-08 2.9951E-08 2.7357E-08 2.4400E-08
7.1879E-09 7.6538E-09 8.1354E-09 8.6541E-09 9.1926E-09 9.7569E-09 1.0362E-08 1.0978E-08 1.1619E-08 1.2282E-08 1.2966E-08 1.3665E-08 1.4381E-08 1.5108E-08 1.5840E-08 1.6587E-08 1.7342E-08 1.8099E-08 1.8858E-08 1.9647E-08 2.0430E-08 2.1240E-08 2.2033E-08 2.2881E-08 2.3748E-08 2.4601E-08 2.5438E-08 2.6200E-08 2.6963E-08 2.7688E-08 2.8422E-08 2.9142E-08 2.9880E-08 3.0629E-08 3.1356E-08 3.2149E-08 3.2932E-08 3.3756E-08 3.4595E-08 3.5437E-08 3.6314E-08 3.7180E-08 3.8023E-08 3.8832E-08 3.9566E-08 4.0282E-08 4.0935E-08 4.1475E-08 4.1846E-08 4.1876E-08 4.1470E-08 4.0553E-08 3.9142E-08 3.7307E-08 3.5070E-08 3.2445E-08 2.9367E-08
7.3007E-09 7.7764E-09 8.2672E-09 8.7966E-09 9.3459E-09 9.9215E-09 1.0538E-08 1.1167E-08 1.1821E-08 1.2497E-08 1.3194E-08 1.3908E-08 1.4639E-08 1.5379E-08 1.6128E-08 1.6890E-08 1.7661E-08 1.8433E-08 1.9211E-08 2.0021E-08 2.0823E-08 2.1654E-08 2.2467E-08 2.3304E-08 2.4160E-08 2.5033E-08 2.5928E-08 2.6755E-08 2.7561E-08 2.8319E-08 2.9094E-08 2.9854E-08 3.0638E-08 3.1436E-08 3.2221E-08 3.3079E-08 3.3932E-08 3.4839E-08 3.5765E-08 3.6708E-08 3.7707E-08 3.8693E-08 3.9692E-08 4.0646E-08 4.1532E-08 4.2409E-08 4.3233E-08 4.4032E-08 4.4724E-08 4.5180E-08 4.5282E-08 4.4891E-08 4.3905E-08 4.2378E-08 4.0376E-08 3.7907E-08 3.4870E-08
7.3958E-09 7.8797E-09 8.3778E-09 8.9160E-09 9.4737E-09 1.0058E-08 1.0684E-08 1.1322E-08 1.1986E-08 1.2673E-08 1.3381E-08 1.4105E-08 1.4847E-08 1.5597E-08 1.6357E-08 1.7130E-08 1.7913E-08 1.8697E-08 1.9487E-08 2.0314E-08 2.1127E-08 2.1972E-08 2.2803E-08 2.3649E-08 2.4500E-08 2.5345E-08 2.6238E-08 2.7107E-08 2.7983E-08 2.8780E-08 2.9580E-08 3.0366E-08 3.1183E-08 3.2015E-08 3.2834E-08 3.3736E-08 3.4638E-08 3.5601E-08 3.6593E-08 3.7593E-08 3.8687E-08 3.9763E-08 4.0861E-08 4.1938E-08 4.2942E-08 4.3930E-08 4.4891E-08 4.5858E-08 4.6798E-08 4.7632E-08 4.8210E-08 4.8416E-08 4.8074E-08 4.7107E-08 4.5589E-08 4.3471E-08 4.0713E-08
7.4733E-09 7.9624E-09 8.4665E-09 9.0107E-09 9.5746E-09 1.0165E-08 1.0798E-08 1.1442E-08 1.2114E-08 1.2807E-08 1.3522E-08 1.4253E-08 1.5001E-08 1.5758E-08 1.6526E-08 1.7305E-08 1.8095E-08 1.8886E-08 1.9683E-08 2.0520E-08 2.1339E-08 2.2191E-08 2.3031E-08 2.3879E-08 2.4734E-08 2.5569E-08 2.6427E-08 2.7274E-08 2.8174E-08 2.9029E-08 2.9869E-08 3.0669E-08 3.1500E-08 3.2344E-08 3.3183E-08 3.4108E-08 3.5028E-08 3.6022E-08 3.7044E-08 3.8082E-08 3.9216E-08 4.0345E-08 4.1486E-08 4.2634E-08 4.3709E-08 4.4782E-08 4.5823E-08 4.6897E-08 4.7994E-08 4.9100E-08 5.0096E-08 5.0889E-08 5.1248E-08 5.1092E-08 5.0279E-08 4.8820E-08 4.6663E-08
7.5315E-09 8.0238E-09 8.5320E-09 9.0798E-09 9.6475E-09 1.0241E-08 1.0878E-08 1.1526E-08 1.2201E-08 1.2897E-08 1.3616E-08 1.4350E-08 1.5102E-08 1.5861E-08 1.6631E-08 1.7412E-08 1.8204E-08 1.8997E-08 1.9795E-08 2.0635E-08 2.1455E-08 2.2304E-08 2.3145E-08 2.3989E-08 2.4839E-08 2.5668E-08 2.6517E-08 2.7322E-08 2.8178E-08 2.9032E-08 2.9912E-08 3.0748E-08 3.1581E-08 3.2423E-08 3.3257E-08 3.4178E-08 3.5096E-08 3.6090E-08 3.7108E-08 3.8145E-08 3.9286E-08 4.0413E-08 4.1554E-08 4.2699E-08 4.3788E-08 4.4900E-08 4.5972E-08 4.7094E-08 4.8276E-08 4.9518E-08 5.0844E-08 5.2102E-08 5.3160E-08 5.3883E-08 5.4003E-08 5.3507E-08 5.2244E-08
7.5698E-09 8.0637E-09 8.5737E-09 9.1226E-09 9.6918E-09 1.0286E-08 1.0924E-08 1.1573E-08 1.2248E-08 1.2944E-08 1.3663E-08 1.4396E-08 1.5146E-08 1.5904E-08 1.6671E-08 1.7449E-08 1.8238E-08 1.9028E-08 1.9821E-08 2.0657E-08 2.1473E-08 2.2313E-08 2.3144E-08 2.3975E-08 2.4811E-08 2.5624E-08 2.6461E-08 2.7247E-08 2.8059E-08 2.8852E-08 2.9706E-08 3.0555E-08 3.1411E-08 3.2243E-08 3.3058E-08 3.3952E-08 3.4839E-08 3.5800E-08 3.6799E-08 3.7783E-08 3.8891E-08 3.9969E-08 4.1052E-08 4.2149E-08 4.3181E-08 4.4247E-08 4.5308E-08 4.6405E-08 4.7604E-08 4.8897E-08 5.0383E-08 5.1986E-08 5.3624E-08 5.5102E-08 5.6294E-08 5.6946E-08 5.6848E-08
7.5880E-09 8.0813E-09 8.5911E-09 9.1387E-09 9.7069E-09 1.0299E-08 1.0936E-08 1.1581E-08 1.2254E-08 1.2946E-08 1.3661E-08 1.4389E-08 1.5134E-08 1.5887E-08 1.6646E-08 1.7417E-08 1.8197E-08 1.8980E-08 1.9763E-08 2.0587E-08 2.1393E-08 2.2216E-08 2.3027E-08 2.3840E-08 2.4652E-08 2.5440E-08 2.6251E-08 2.7009E-08 2.7792E-08 2.8544E-08 2.9321E-08 3.0117E-08 3.0955E-08 3.1792E-08 3.2586E-08 3.3436E-08 3.4274E-08 3.5181E-08 3.6109E-08 3.7032E-08 3.8044E-08 3.9034E-08 4.0018E-08 4.0996E-08 4.1929E-08 4.2874E-08 4.3821E-08 4.4841E-08 4.5958E-08 4.7228E-08 4.8728E-08 5.0498E-08 5.2500E-08 5.4585E-08 5.6680E-08 5.8487E-08 5.9810E-08
7.5861E-09 8.0765E-09 8.5840E-09 9.1277E-09 9.6925E-09 1.0281E-08 1.0912E-08 1.1552E-08 1.2219E-08 1.2904E-08 1.3611E-08 1.4331E-08 1.5066E-08 1.5809E-08 1.6556E-08 1.7316E-08 1.8082E-08 1.8852E-08 1.9621E-08 2.0425E-08 2.1213E-08 2.2013E-08 2.2799E-08 2.3584E-08 2.4367E-08 2.5118E-08 2.5892E-08 2.6613E-08 2.7355E-08 2.8069E-08 2.8795E-08 2.9509E-08 3.0264E-08 3.1054E-08 3.1831E-08 3.2644E-08 3.3416E-08 3.4241E-08 3.5075E-08 3.5904E-08 3.6789E-08 3.7657E-08 3.8493E-08 3.9309E-08 4.0064E-08 4.0845E-08 4.1614E-08 4.2465E-08 4.3408E-08 4.4534E-08 4.5933E-08 4.7674E-08 4.9770E-08 5.2222E-08 5.4912E-08 5.7701E-08 6.0373E-08
7.5637E-09 8.0490E-09 8.5526E-09 9.0901E-09 9.6488E-09 1.0230E-08 1.0854E-08 1.1486E-08 1.2142E-08 1.2818E-08 1.3513E-08 1.4222E-08 1.4942E-08 1.5672E-08 1.6402E-08 1.7147E-08 1.7895E-08 1.8646E-08 1.9396E-08 2.0173E-08 2.0939E-08 2.1711E-08 2.2463E-08 2.3213E-08 2.3958E-08 2.4664E-08 2.5389E-08 2.6065E-08 2.6756E-08 2.7422E-08 2.8093E-08 2.8746E-08 2.9413E-08 3.0102E-08 3.0803E-08 3.1561E-08 3.2289E-08 3.3008E-08 3.3746E-08 3.4437E-08 3.5183E-08 3.5893E-08 3.6532E-08 3.7165E-08 3.7706E-08 3.8249E-08 3.8803E-08 3.9373E-08 4.0101E-08 4.0961E-08 4.2111E-08 4.3652E-08 4.5569E-08 4.8049E-08 5.0984E-08 5.4351E-08 5.8024E-08
7.5211E-09 7.9993E-09 8.4966E-09 9.0267E-09 9.5763E-09 1.0149E-08 1.0761E-08 1.1383E-08 1.2026E-08 1.2690E-08 1.3368E-08 1.4063E-08 1.4764E-08 1.5478E-08 1.6188E-08 1.6912E-08 1.7639E-08 1.8365E-08 1.9093E-08 1.9838E-08 2.0573E-08 2.1312E-08 2.2024E-08 2.2731E-08 2.3430E-08 2.4086E-08 2.4752E-08 2.5378E-08 2.6009E-08 2.6615E-08 2.7222E-08 2.7807E-08 2.8400E-08 2.8993E-08 2.9584E-08 3.0238E-08 3.0883E-08 3.1527E-08 3.2145E-08 3.2692E-08 3.3272E-08 3.3792E-08 3.4252E-08 3.4652E-08 3.4950E-08 3.5251E-08 3.5511E-08 3.5800E-08 3.6205E-08 3.6713E-08 3.7533E-08 3.8653E-08 4.0212E-08 4.2367E-08 4.5128E-08 4.8611E-08 5.2719E-08
7.4589E-09 7.9284E-09 8.4166E-09 8.9377E-09 9.4756E-09 1.0037E-08 1.0635E-08 1.1245E-08 1.1871E-08 1.2519E-08 1.3179E-08 1.3857E-08 1.4536E-08 1.5229E-08 1.5916E-08 1.6612E-08 1.7317E-08 1.8012E-08 1.8712E-08 1.9423E-08 2.0120E-08 2.0821E-08 2.1490E-08 2.2148E-08 2.2793E-08 2.3395E-08 2.3999E-08 2.4562E-08 2.5129E-08 2.5666E-08 2.6200E-08 2.6710E-08 2.7223E-08 2.7729E-08 2.8225E-08 2.8755E-08 2.9269E-08 2.9809E-08 3.0303E-08 3.0732E-08 3.1134E-08 3.1455E-08 3.1713E-08 3.1881E-08 3.1941E-08 3.1998E-08 3.1949E-08 3.1958E-08 3.1970E-08 3.2118E-08 3.2486E-08 3.3113E-08 3.4156E-08 3.5721E-08 3.7983E-08 4.1019E-08 4.4946E-08
7.3771E-09 7.8367E-09 8.3135E-09 8.8238E-09 9.3478E-09 9.8968E-09 1.0477E-08 1.1072E-08 1.1680E-08 1.2309E-08 1.2948E-08 1.3603E-08 1.4260E-08 1.4926E-08 1.5590E-08 1.6254E-08 1.6934E-08 1.7593E-08 1.8261E-08 1.8935E-08 1.9590E-08 2.0247E-08 2.0868E-08 2.1473E-08 2.2054E-08 2.2603E-08 2.3139E-08 2.3637E-08 2.4131E-08 2.4596E-08 2.5050E-08 2.5483E-08 2.5904E-08 2.6322E-08 2.6724E-08 2.7146E-08 2.7537E-08 2.7925E-08 2.8287E-08 2.8583E-08 2.8824E-08 2.8973E-08 2.9022E-08 2.8974E-08 2.8820E-08 2.8605E-08 2.8323E-08 2.8012E-08 2.7707E-08 2.7494E-08 2.7386E-08 2.7526E-08 2.7934E-08 2.8802E-08 3.0301E-08 3.2578E-08 3.5800E-08
7.2765E-09 7.7247E-09 8.1882E-09 8.6860E-09 9.1942E-09 9.7280E-09 1.0290E-08 1.0866E-08 1.1455E-08 1.2061E-08 1.2678E-08 1.3306E-08 1.3940E-08 1.4574E-08 1.5212E-08 1.5841E-08 1.6491E-08 1.7115E-08 1.7744E-08 1.8379E-08 1.8986E-08 1.9596E-08 2.0165E-08 2.0716E-08 2.1233E-08 2.1720E-08 2.2188E-08 2.2617E-08 2.3034E-08 2.3424E-08 2.3794E-08 2.4146E-08 2.4474E-08 2.4806E-08 2.5110E-08 2.5425E-08 2.5702E-08 2.5953E-08 2.6170E-08 2.6318E-08 2.6414E-08 2.6399E-08 2.6269E-08 2.6050E-08 2.5688E-08 2.5272E-08 2.4769E-08 2.4207E-08 2.3662E-08 2.3088E-08 2.2610E-08 2.2278E-08 2.2117E-08 2.2358E-08 2.3031E-08 2.4412E-08 2.6628E-08
7.1579E-09 7.5932E-09 8.0425E-09 8.5249E-09 9.0170E-09 9.5322E-09 1.0076E-08 1.0629E-08 1.1197E-08 1.1778E-08 1.2371E-08 1.2969E-08 1.3577E-08 1.4178E-08 1.4787E-08 1.5381E-08 1.5993E-08 1.6584E-08 1.7168E-08 1.7762E-08 1.8318E-08 1.8879E-08 1.9391E-08 1.9888E-08 2.0342E-08 2.0760E-08 2.1163E-08 2.1518E-08 2.1859E-08 2.2169E-08 2.2459E-08 2.2727E-08 2.2973E-08 2.3203E-08 2.3419E-08 2.3614E-08 2.3793E-08 2.3917E-08 2.4011E-08 2.4020E-08 2.3965E-08 2.3810E-08 2.3539E-08 2.3171E-08 2.2666E-08 2.2098E-08 2.1430E-08 2.0719E-08 1.9958E-08 1.9175E-08 1.8435E-08 1.7736E-08 1.7194E-08 1.6853E-08 1.6890E-08 1.7430E-08 1.8664E-08
7.0223E-09 7.4437E-09 7.8774E-09 8.3420E-09 8.8176E-09 9.3115E-09 9.8354E-09 1.0363E-08 1.0910E-08 1.1462E-08 1.2030E-08 1.2597E-08 1.3175E-08 1.3745E-08 1.4317E-08 1.4879E-08 1.5446E-08 1.6005E-08 1.6541E-08 1.7091E-08 1.7597E-08 1.8104E-08 1.8562E-08 1.8997E-08 1.9391E-08 1.9739E-08 2.0077E-08 2.0360E-08 2.0625E-08 2.0856E-08 2.1069E-08 2.1253E-08 2.1415E-08 2.1551E-08 2.1678E-08 2.1771E-08 2.1844E-08 2.1866E-08 2.1829E-08 2.1735E-08 2.1541E-08 2.1287E-08 2.0904E-08 2.0419E-08 1.9835E-08 1.9150E-08 1.8413E-08 1.7593E-08 1.6737E-08 1.5854E-08 1.4941E-08 1.4081E-08 1.3258E-08 1.2616E-08 1.2175E-08 1.2137E-08 1.2593E-08
6.8709E-09 7.2768E-09 7.6941E-09 8.1391E-09 8.5969E-09 9.0688E-09 9.5702E-09 1.0074E-08 1.0593E-08 1.1121E-08 1.1656E-08 1.2195E-08 1.2736E-08 1.3277E-08 1.3808E-08 1.4339E-08 1.4861E-08 1.5380E-08 1.5873E-08 1.6371E-08 1.6831E-08 1.7279E-08 1.7685E-08 1.8056E-08 1.8393E-08 1.8674E-08 1.8943E-08 1.9161E-08 1.9351E-08 1.9513E-08 1.9643E-08 1.9753E-08 1.9824E-08 1.9881E-08 1.9908E-08 1.9916E-08 1.9881E-08 1.9806E-08 1.9669E-08 1.9468E-08 1.9191E-08 1.8822E-08 1.8363E-08 1.7819E-08 1.7177E-08 1.6469E-08 1.5697E-08 1.4861E-08 1.3989E-08 1.3081E-08 1.2131E-08 1.1192E-08 1.0301E-08 9.4806E-09 8.8339E-09 8.4335E-09 8.3669E-09
6.7048E-09 7.0940E-09 7.4939E-09 7.9193E-09 8.3559E-09 8.8062E-09 9.2824E-09 9.7621E-09 1.0251E-08 1.0753E-08 1.1255E-08 1.1765E-08 1.2268E-08 1.2777E-08 1.3271E-08 1.3762E-08 1.4245E-08 1.4714E-08 1.5171E-08 1.5611E-08 1.6028E-08 1.6416E-08 1.6771E-08 1.7081E-08 1.7357E-08 1.7579E-08 1.7780E-08 1.7932E-08 1.8060E-08 1.8151E-08 1.8216E-08 1.8247E-08 1.8257E-08 1.8231E-08 1.8188E-08 1.8102E-08 1.7988E-08 1.7817E-08 1.7595E-08 1.7303E-08 1.6945E-08 1.6506E-08 1.5987E-08 1.5390E-08 1.4717E-08 1.3986E-08 1.3203E-08 1.2375E-08 1.1506E-08 1.0613E-08 9.6866E-09 8.7620E-09 7.8810E-09 7.0509E-09 6.3541E-09 5.8147E-09 5.5015E-09
6.5251E-09 6.8970E-09 7.2785E-09 7.6834E-09 8.0970E-09 8.5263E-09 8.9750E-09 9.4298E-09 9.8900E-09 1.0361E-08 1.0833E-08 1.1308E-08 1.1780E-08 1.2246E-08 1.2708E-08 1.3154E-08 1.3602E-08 1.4022E-08 1.4437E-08 1.4828E-08 1.5191E-08 1.5530E-08 1.5824E-08 1.6084E-08 1.6295E-08 1.6465E-08 1.6601E-08 1.6696E-08 1.6762E-08 1.6793E-08 1.6795E-08 1.6767E-08 1.6708E-08 1.6625E-08 1.6507E-08 1.6364E-08 1.6174E-08 1.5949E-08 1.5665E-08 1.5330E-08 1.4930E-08 1.4471E-08 1.3952E-08 1.3372E-08 1.2738E-08 1.2059E-08 1.1338E-08 1.0582E-08 9.8002E-09 8.9985E-09 8.1683E-09 7.3260E-09 6.5032E-09 5.7297E-09 5.0350E-09 4.4307E-09 3.9737E-09
6.3330E-09 6.6868E-09 7.0490E-09 7.4329E-09 7.8240E-09 8.2286E-09 8.6518E-09 9.0784E-09 9.5117E-09 9.9479E-09 1.0392E-08 1.0829E-08 1.1270E-08 1.1696E-08 1.2123E-08 1.2530E-08 1.2932E-08 1.3314E-08 1.3674E-08 1.4026E-08 1.4331E-08 1.4625E-08 1.4860E-08 1.5070E-08 1.5228E-08 1.5341E-08 1.5426E-08 1.5463E-08 1.5476E-08 1.5454E-08 1.5401E-08 1.5319E-08 1.5208E-08 1.5067E-08 1.4900E-08 1.4695E-08 1.4459E-08 1.4175E-08 1.3856E-08 1.3485E-08 1.3062E-08 1.2599E-08 1.2086E-08 1.1540E-08 1.0953E-08 1.0334E-08 9.6860E-09 9.0090E-09 8.3119E-09 7.6047E-09 6.8784E-09 6.1401E-09 5.4048E-09 4.7036E-09 4.0375E-09 3.4512E-09 2.9596E-09
6.1299E-09 6.4649E-09 6.8077E-09 7.1696E-09 7.5382E-09 7.9172E-09 8.3149E-09 8.7124E-09 9.1174E-09 9.5230E-09 9.9322E-09 1.0339E-08 1.0740E-08 1.1134E-08 1.1514E-08 1.1891E-08 1.2245E-08 1.2588E-08 1.2901E-08 1.3204E-08 1.3467E-08 1.3702E-08 1.3896E-08 1.4046E-08 1.4162E-08 1.4219E-08 1.4261E-08 1.4250E-08 1.4217E-08 1.4147E-08 1.4049E-08 1.3923E-08 1.3768E-08 1.3584E-08 1.3368E-08 1.3121E-08 1.2843E-08 1.2528E-08 1.2175E-08 1.1790E-08 1.1364E-08 1.0901E-08 1.0415E-08 9.8964E-09 9.3596E-09 8.8038E-09 8.2302E-09 7.6378E-09 7.0232E-09 6.4007E-09 5.7626E-09 5.1281E-09 4.5022E-09 3.8945E-09 3.3096E-09 2.7755E-09 2.3030E-09
