Assets/Resources/2015_m01_d21_1200(utc+0800)_l00_csi_1hr_conc.grd
DSAA
         159         159
     -79.000      79.000
     -79.000      79.000
  0.1412E-09  0.2212E-05
[rows 50 to 74 of 159, columns 57 to 113 of 159]
5.6970E-09 5.7621E-09 5.8261E-09 5.8901E-09 5.9524E-09 6.0125E-09 6.0710E-09 6.1266E-09 6.1817E-09 6.2350E-09 6.2867E-09 6.3351E-09 6.3821E-09 6.4272E-09 6.4725E-09 6.5178E-09 6.5614E-09 6.6080E-09 6.6494E-09 6.6909E-09 6.7440E-09 6.8036E-09 6.8582E-09 6.9083E-09 6.9721E-09 7.0369E-09 7.1120E-09 7.1956E-09 7.2767E-09 7.3593E-09 7.4565E-09 7.5613E-09 7.6624E-09 7.7677E-09 7.8829E-09 8.0054E-09 8.1358E-09 8.3212E-09 8.7602E-09 9.9650E-09 1.2360E-08 1.6472E-08 2.2704E-08 3.0798E-08 3.9914E-08 4.9040E-08 5.7412E-08 6.3928E-08 6.8309E-08 7.0312E-08 6.9946E-08 6.7624E-08 6.3694E-08 5.8634E-08 5.2920E-08 4.7118E-08 4.1551E-08
5.6712E-09 5.7367E-09 5.8003E-09 5.8622E-09 5.9242E-09 5.9840E-09 6.0415E-09 6.0983E-09 6.1534E-09 6.2059E-09 6.2570E-09 6.3050E-09 6.3510E-09 6.3958E-09 6.4401E-09 6.4843E-09 6.5275E-09 6.5685E-09 6.6125E-09 6.6524E-09 6.6956E-09 6.7468E-09 6.8041E-09 6.8582E-09 6.9127E-09 6.9688E-09 7.0403E-09 7.1163E-09 7.1929E-09 7.2768E-09 7.3654E-09 7.4617E-09 7.5542E-09 7.6538E-09 7.7573E-09 7.8704E-09 7.9903E-09 8.1726E-09 8.9622E-09 1.0892E-08 1.4769E-08 2.1386E-08 3.0627E-08 4.1455E-08 5.2192E-08 6.1789E-08 6.9187E-08 7.3680E-08 7.5593E-08 7.4995E-08 7.2288E-08 6.8005E-08 6.2587E-08 5.6509E-08 5.0163E-08 4.4033E-08 3.8345E-08
5.6440E-09 5.7086E-09 5.7715E-09 5.8331E-09 5.8946E-09 5.9545E-09 6.0122E-09 6.0681E-09 6.1211E-09 6.1736E-09 6.2243E-09 6.2732E-09 6.3189E-09 6.3627E-09 6.4051E-09 6.4481E-09 6.4905E-09 6.5312E-09 6.5748E-09 6.6132E-09 6.6510E-09 6.7012E-09 6.7534E-09 6.8074E-09 6.8526E-09 6.9044E-09 6.9694E-09 7.0396E-09 7.1064E-09 7.1861E-09 7.2693E-09 7.3539E-09 7.4492E-09 7.5424E-09 7.6381E-09 7.7384E-09 7.8519E-09 8.2155E-09 9.5245E-09 1.2619E-08 1.8647E-08 2.8393E-08 4.0634E-08 5.3602E-08 6.4581E-08 7.3167E-08 7.8127E-08 7.9625E-08 7.8536E-08 7.5324E-08 7.0572E-08 6.4802E-08 5.8510E-08 5.2043E-08 4.5664E-08 3.9735E-08 3.4354E-08
5.6143E-09 5.6786E-09 5.7417E-09 5.8029E-09 5.8624E-09 5.9219E-09 5.9787E-09 6.0342E-09 6.0884E-09 6.1404E-09 6.1906E-09 6.2391E-09 6.2843E-09 6.3276E-09 6.3696E-09 6.4110E-09 6.4523E-09 6.4926E-09 6.5302E-09 6.5716E-09 6.6084E-09 6.6482E-09 6.6958E-09 6.7486E-09 6.7982E-09 6.8422E-09 6.8996E-09 6.9591E-09 7.0267E-09 7.1033E-09 7.1805E-09 7.2501E-09 7.3374E-09 7.4272E-09 7.5197E-09 7.6111E-09 7.7228E-09 8.4926E-09 1.0547E-08 1.5110E-08 2.3386E-08 3.5767E-08 4.9813E-08 6.3138E-08 7.2522E-08 7.8673E-08 8.0435E-08 7.8969E-08 7.5292E-08 7.0219E-08 6.4308E-08 5.7960E-08 5.1607E-08 4.5498E-08 3.9721E-08 3.4495E-08 2.9830E-08
5.5828E-09 5.6466E-09 5.7088E-09 5.7698E-09 5.8290E-09 5.8881E-09 5.9454E-09 6.0004E-09 6.0522E-09 6.1042E-09 6.1539E-09 6.2019E-09 6.2481E-09 6.2906E-09 6.3316E-09 6.3716E-09 6.4116E-09 6.4511E-09 6.4889E-09 6.5244E-09 6.5641E-09 6.5987E-09 6.6404E-09 6.6869E-09 6.7349E-09 6.7830E-09 6.8319E-09 6.8812E-09 6.9470E-09 7.0101E-09 7.0824E-09 7.1562E-09 7.2361E-09 7.3113E-09 7.4008E-09 7.4865E-09 7.8232E-09 9.1067E-09 1.2211E-08 1.8304E-08 2.8124E-08 4.1202E-08 5.4654E-08 6.5761E-08 7.2329E-08 7.5523E-08 7.4601E-08 7.1172E-08 6.6136E-08 6.0458E-08 5.4465E-08 4.8511E-08 4.2871E-08 3.7685E-08 3.2969E-08 2.8783E-08 2.5112E-08
5.5492E-09 5.6133E-09 5.6752E-09 5.7358E-09 5.7946E-09 5.8511E-09 5.9076E-09 5.9627E-09 6.0156E-09 6.0667E-09 6.1165E-09 6.1640E-09 6.2082E-09 6.2521E-09 6.2927E-09 6.3319E-09 6.3699E-09 6.4080E-09 6.4453E-09 6.4805E-09 6.5188E-09 6.5521E-09 6.5879E-09 6.6298E-09 6.6803E-09 6.7251E-09 6.7612E-09 6.8090E-09 6.8670E-09 6.9251E-09 6.9879E-09 7.0541E-09 7.1271E-09 7.2028E-09 7.2854E-09 7.3647E-09 8.1961E-09 1.0347E-08 1.4821E-08 2.2227E-08 3.2261E-08 4.3577E-08 5.3818E-08 6.0882E-08 6.4112E-08 6.4657E-08 6.2198E-08 5.8181E-08 5.3264E-08 4.8153E-08 4.3032E-08 3.8171E-08 3.3728E-08 2.9752E-08 2.6258E-08 2.3175E-08 2.0520E-08
5.5139E-09 5.5772E-09 5.6392E-09 5.6989E-09 5.7574E-09 5.8141E-09 5.8706E-09 5.9236E-09 5.9761E-09 6.0268E-09 6.0756E-09 6.1232E-09 6.1680E-09 6.2114E-09 6.2515E-09 6.2898E-09 6.3267E-09 6.3635E-09 6.4000E-09 6.4351E-09 6.4673E-09 6.5035E-09 6.5351E-09 6.5695E-09 6.6117E-09 6.6588E-09 6.7021E-09 6.7398E-09 6.7821E-09 6.8368E-09 6.9008E-09 6.9573E-09 7.0226E-09 7.0891E-09 7.1638E-09 7.5785E-09 9.1034E-09 1.2623E-08 1.8789E-08 2.7048E-08 3.5798E-08 4.3445E-08 4.8948E-08 5.1595E-08 5.1794E-08 5.0367E-08 4.7392E-08 4.3712E-08 3.9742E-08 3.5808E-08 3.2053E-08 2.8619E-08 2.5584E-08 2.2906E-08 2.0589E-08 1.8550E-08 1.6796E-08
5.4768E-09 5.5402E-09 5.6018E-09 5.6613E-09 5.7194E-09 5.7752E-09 5.8292E-09 5.8835E-09 5.9360E-09 5.9863E-09 6.0347E-09 6.0801E-09 6.1249E-09 6.1679E-09 6.2090E-09 6.2464E-09 6.2823E-09 6.3175E-09 6.3527E-09 6.3870E-09 6.4195E-09 6.4496E-09 6.4836E-09 6.5132E-09 6.5494E-09 6.5862E-09 6.6321E-09 6.6733E-09 6.7086E-09 6.7502E-09 6.8069E-09 6.8633E-09 6.9241E-09 6.9826E-09 7.0805E-09 8.1519E-09 1.0972E-08 1.6443E-08 2.4269E-08 3.2452E-08 3.8701E-08 4.2008E-08 4.2840E-08 4.1898E-08 3.9845E-08 3.7193E-08 3.4197E-08 3.1129E-08 2.8209E-08 2.5491E-08 2.3035E-08 2.0890E-08 1.9042E-08 1.7476E-08 1.6096E-08 1.4924E-08 1.3868E-08
5.4380E-09 5.5005E-09 5.5618E-09 5.6213E-09 5.6786E-09 5.7346E-09 5.7887E-09 5.8409E-09 5.8925E-09 5.9423E-09 5.9903E-09 6.0365E-09 6.0813E-09 6.1237E-09 6.1629E-09 6.2017E-09 6.2372E-09 6.2713E-09 6.3039E-09 6.3374E-09 6.3695E-09 6.3995E-09 6.4324E-09 6.4598E-09 6.4902E-09 6.5268E-09 6.5624E-09 6.5999E-09 6.6393E-09 6.6720E-09 6.7119E-09 6.7678E-09 6.8218E-09 6.8827E-09 7.4298E-09 9.5008E-09 1.4329E-08 2.2109E-08 3.0823E-08 3.7478E-08 4.0363E-08 3.9841E-08 3.7333E-08 3.4089E-08 3.0746E-08 2.7515E-08 2.4576E-08 2.2035E-08 1.9866E-08 1.8048E-08 1.6546E-08 1.5328E-08 1.4335E-08 1.3522E-08 1.2810E-08 1.2218E-08 1.1653E-08
5.3979E-09 5.4600E-09 5.5210E-09 5.5797E-09 5.6366E-09 5.6917E-09 5.7455E-09 5.7974E-09 5.8491E-09 5.8989E-09 5.9448E-09 5.9906E-09 6.0344E-09 6.0769E-09 6.1167E-09 6.1551E-09 6.1901E-09 6.2232E-09 6.2551E-09 6.2868E-09 6.3176E-09 6.3474E-09 6.3750E-09 6.4057E-09 6.4317E-09 6.4600E-09 6.4962E-09 6.5367E-09 6.5704E-09 6.6001E-09 6.6309E-09 6.6682E-09 6.7222E-09 6.8753E-09 8.3056E-09 1.2303E-08 1.9765E-08 2.9261E-08 3.7194E-08 4.0852E-08 4.0189E-08 3.6917E-08 3.2674E-08 2.8420E-08 2.4544E-08 2.1158E-08 1.8390E-08 1.6200E-08 1.4505E-08 1.3275E-08 1.2365E-08 1.1708E-08 1.1226E-08 1.0881E-08 1.0561E-08 1.0320E-08 1.0067E-08
5.3557E-09 5.4175E-09 5.4776E-09 5.5364E-09 5.5935E-09 5.6482E-09 5.7017E-09 5.7527E-09 5.8018E-09 5.8513E-09 5.8989E-09 5.9442E-09 5.9876E-09 6.0281E-09 6.0678E-09 6.1058E-09 6.1414E-09 6.1741E-09 6.2049E-09 6.2350E-09 6.2649E-09 6.2939E-09 6.3208E-09 6.3459E-09 6.3747E-09 6.3987E-09 6.4255E-09 6.4592E-09 6.4984E-09 6.5304E-09 6.5573E-09 6.5848E-09 6.6195E-09 7.3921E-09 1.0400E-08 1.7238E-08 2.7338E-08 3.6776E-08 4.1728E-08 4.1658E-08 3.8211E-08 3.3383E-08 2.8479E-08 2.3923E-08 2.0000E-08 1.6797E-08 1.4337E-08 1.2492E-08 1.1136E-08 1.0330E-08 9.7962E-09 9.4967E-09 9.3202E-09 9.1811E-09 9.0971E-09 9.0424E-09 8.9546E-09
5.3124E-09 5.3738E-09 5.4331E-09 5.4911E-09 5.5478E-09 5.6027E-09 5.6552E-09 5.7064E-09 5.7557E-09 5.8030E-09 5.8498E-09 5.8947E-09 5.9377E-09 5.9788E-09 6.0186E-09 6.0545E-09 6.0902E-09 6.1240E-09 6.1540E-09 6.1825E-09 6.2106E-09 6.2387E-09 6.2655E-09 6.2905E-09 6.3128E-09 6.3395E-09 6.3614E-09 6.3861E-09 6.4178E-09 6.4549E-09 6.4876E-09 6.5126E-09 6.7214E-09 8.7571E-09 1.4649E-08 2.4931E-08 3.5863E-08 4.2586E-08 4.3334E-08 3.9929E-08 3.4877E-08 2.9641E-08 2.4758E-08 2.0494E-08 1.6917E-08 1.4048E-08 1.1863E-08 1.0271E-08 9.2237E-09 8.5917E-09 8.2302E-09 8.0864E-09 8.0656E-09 8.0682E-09 8.1082E-09 8.1515E-09 8.1652E-09
5.2671E-09 5.3282E-09 5.3875E-09 5.4452E-09 5.5015E-09 5.5556E-09 5.6077E-09 5.6581E-09 5.7070E-09 5.7541E-09 5.8009E-09 5.8441E-09 5.8868E-09 5.9270E-09 5.9659E-09 6.0035E-09 6.0387E-09 6.0705E-09 6.1020E-09 6.1301E-09 6.1560E-09 6.1822E-09 6.2084E-09 6.2330E-09 6.2556E-09 6.2761E-09 6.3003E-09 6.3201E-09 6.3426E-09 6.3723E-09 6.4071E-09 6.4373E-09 7.5509E-09 1.2082E-08 2.1950E-08 3.4491E-08 4.3228E-08 4.5035E-08 4.1818E-08 3.6524E-08 3.0932E-08 2.5770E-08 2.1241E-08 1.7413E-08 1.4316E-08 1.1940E-08 1.0214E-08 9.0364E-09 8.2743E-09 7.8242E-09 7.5999E-09 7.5087E-09 7.4942E-09 7.5258E-09 7.5589E-09 7.6141E-09 7.6532E-09
5.2206E-09 5.2810E-09 5.3400E-09 5.3973E-09 5.4527E-09 5.5069E-09 5.5592E-09 5.6093E-09 5.6574E-09 5.7036E-09 5.7484E-09 5.7929E-09 5.8356E-09 5.8743E-09 5.9128E-09 5.9494E-09 5.9843E-09 6.0172E-09 6.0483E-09 6.0760E-09 6.1019E-09 6.1264E-09 6.1498E-09 6.1740E-09 6.1965E-09 6.2168E-09 6.2350E-09 6.2572E-09 6.2748E-09 6.2988E-09 6.3231E-09 6.6755E-09 9.7936E-09 1.8722E-08 3.2407E-08 4.3453E-08 4.6880E-08 4.3915E-08 3.8286E-08 3.2378E-08 2.6888E-08 2.2064E-08 1.7980E-08 1.4659E-08 1.2081E-08 1.0213E-08 8.9249E-09 8.1054E-09 7.6092E-09 7.3374E-09 7.2003E-09 7.1465E-09 7.1342E-09 7.1491E-09 7.1933E-09 7.2408E-09 7.2872E-09
5.1724E-09 5.2329E-09 5.2915E-09 5.3484E-09 5.4031E-09 5.4564E-09 5.5084E-09 5.5585E-09 5.6063E-09 5.6527E-09 5.6967E-09 5.7387E-09 5.7810E-09 5.8214E-09 5.8596E-09 5.8942E-09 5.9290E-09 5.9616E-09 5.9918E-09 6.0207E-09 6.0462E-09 6.0699E-09 6.0923E-09 6.1140E-09 6.1357E-09 6.1560E-09 6.1741E-09 6.1901E-09 6.2106E-09 6.2256E-09 6.2474E-09 7.9933E-09 1.5262E-08 2.9457E-08 4.3353E-08 4.8811E-08 4.6209E-08 4.0264E-08 3.3982E-08 2.8127E-08 2.3017E-08 1.8633E-08 1.5041E-08 1.2272E-08 1.0232E-08 8.8490E-09 7.9629E-09 7.4267E-09 7.1324E-09 6.9826E-09 6.9229E-09 6.9040E-09 6.9155E-09 6.9426E-09 6.9681E-09 6.9917E-09 7.0131E-09
5.1226E-09 5.1827E-09 5.2412E-09 5.2977E-09 5.3525E-09 5.4054E-09 5.4561E-09 5.5059E-09 5.5539E-09 5.5994E-09 5.6436E-09 5.6858E-09 5.7256E-09 5.7652E-09 5.8034E-09 5.8393E-09 5.8733E-09 5.9043E-09 5.9346E-09 5.9631E-09 5.9893E-09 6.0126E-09 6.0341E-09 6.0545E-09 6.0740E-09 6.0936E-09 6.1118E-09 6.1277E-09 6.1416E-09 6.1599E-09 6.7630E-09 1.1857E-08 2.5678E-08 4.2522E-08 5.0629E-08 4.8747E-08 4.2513E-08 3.5697E-08 2.9523E-08 2.4068E-08 1.9380E-08 1.5522E-08 1.2492E-08 1.0289E-08 8.7886E-09 7.8372E-09 7.2654E-09 6.9534E-09 6.7895E-09 6.7232E-09 6.6985E-09 6.7074E-09 6.7298E-09 6.7511E-09 6.7697E-09 6.7866E-09 6.8014E-09
5.0723E-09 5.1317E-09 5.1893E-09 5.2457E-09 5.3001E-09 5.3527E-09 5.4035E-09 5.4530E-09 5.4997E-09 5.5454E-09 5.5887E-09 5.6307E-09 5.6706E-09 5.7087E-09 5.7460E-09 5.7816E-09 5.8152E-09 5.8470E-09 5.8774E-09 5.9039E-09 5.9302E-09 5.9543E-09 5.9754E-09 5.9947E-09 6.0130E-09 6.0305E-09 6.0479E-09 6.0640E-09 6.0778E-09 6.0895E-09 9.0324E-09 2.1112E-08 4.0493E-08 5.2334E-08 5.1574E-08 4.4905E-08 3.7665E-08 3.1100E-08 2.5284E-08 2.0270E-08 1.6073E-08 1.2793E-08 1.0389E-08 8.7517E-09 7.7261E-09 7.1080E-09 6.7703E-09 6.6103E-09 6.5423E-09 6.5163E-09 6.5230E-09 6.5387E-09 6.5548E-09 6.5710E-09 6.5847E-09 6.5967E-09 6.6056E-09
5.0204E-09 5.0792E-09 5.1368E-09 5.1926E-09 5.2464E-09 5.2987E-09 5.3492E-09 5.3979E-09 5.4452E-09 5.4906E-09 5.5331E-09 5.5743E-09 5.6140E-09 5.6517E-09 5.6875E-09 5.7232E-09 5.7560E-09 5.7875E-09 5.8171E-09 5.8453E-09 5.8697E-09 5.8938E-09 5.9157E-09 5.9348E-09 5.9519E-09 5.9681E-09 5.9834E-09 5.9987E-09 6.0127E-09 7.0803E-09 1.6072E-08 3.7098E-08 5.3759E-08 5.4621E-08 4.7546E-08 3.9828E-08 3.2852E-08 2.6735E-08 2.1345E-08 1.6767E-08 1.3166E-08 1.0522E-08 8.7393E-09 7.6169E-09 6.9652E-09 6.6083E-09 6.4358E-09 6.3596E-09 6.3336E-09 6.3463E-09 6.3681E-09 6.3799E-09 6.3944E-09 6.4025E-09 6.4106E-09 6.4184E-09 6.4233E-09
4.9672E-09 5.0258E-09 5.0825E-09 5.1381E-09 5.1920E-09 5.2440E-09 5.2937E-09 5.3420E-09 5.3885E-09 5.4336E-09 5.4768E-09 5.5177E-09 5.5561E-09 5.5936E-09 5.6292E-09 5.6645E-09 5.6963E-09 5.7274E-09 5.7562E-09 5.7837E-09 5.8098E-09 5.8320E-09 5.8540E-09 5.8738E-09 5.8908E-09 5.9059E-09 5.9198E-09 5.9329E-09 5.9484E-09 1.1397E-08 3.1965E-08 5.4446E-08 5.8022E-08 5.0590E-08 4.2199E-08 3.4869E-08 2.8426E-08 2.2610E-08 1.7617E-08 1.3660E-08 1.0749E-08 8.7773E-09 7.5473E-09 6.8302E-09 6.4558E-09 6.2678E-09 6.1864E-09 6.1668E-09 6.1724E-09 6.1923E-09 6.2059E-09 6.2256E-09 6.2372E-09 6.2444E-09 6.2515E-09 6.2520E-09 6.2523E-09
4.9131E-09 4.9710E-09 5.0275E-09 5.0823E-09 5.1358E-09 5.1876E-09 5.2374E-09 5.2855E-09 5.3312E-09 5.3755E-09 5.4185E-09 5.4595E-09 5.4982E-09 5.5349E-09 5.5697E-09 5.6031E-09 5.6363E-09 5.6659E-09 5.6949E-09 5.7216E-09 5.7469E-09 5.7709E-09 5.7910E-09 5.8110E-09 5.8287E-09 5.8436E-09 5.8567E-09 5.8685E-09 7.7701E-09 2.4866E-08 5.3684E-08 6.1795E-08 5.4049E-08 4.4928E-08 3.7237E-08 3.0417E-08 2.4147E-08 1.8668E-08 1.4262E-08 1.1019E-08 8.8504E-09 7.5119E-09 6.7432E-09 6.3383E-09 6.1346E-09 6.0426E-09 6.0147E-09 6.0103E-09 6.0211E-09 6.0391E-09 6.0561E-09 6.0574E-09 6.0737E-09 6.0871E-09 6.0921E-09 6.0922E-09 6.0923E-09
4.8579E-09 4.9155E-09 4.9715E-09 5.0258E-09 5.0784E-09 5.1299E-09 5.1796E-09 5.2273E-09 5.2732E-09 5.3168E-09 5.3590E-09 5.3998E-09 5.4387E-09 5.4752E-09 5.5098E-09 5.5424E-09 5.5737E-09 5.6047E-09 5.6322E-09 5.6591E-09 5.6836E-09 5.7069E-09 5.7288E-09 5.7469E-09 5.7648E-09 5.7805E-09 5.7934E-09 5.8908E-09 1.6454E-08 5.0567E-08 6.6190E-08 5.8154E-08 4.8196E-08 3.9992E-08 3.2789E-08 2.6033E-08 1.9959E-08 1.4976E-08 1.1338E-08 8.9194E-09 7.4712E-09 6.6605E-09 6.2412E-09 6.0364E-09 5.9446E-09 5.9029E-09 5.8932E-09 5.8920E-09 5.8886E-09 5.9000E-09 5.8973E-09 5.9064E-09 5.9048E-09 5.9146E-09 5.9248E-09 5.9340E-09 5.9302E-09
4.8014E-09 4.8587E-09 4.9144E-09 4.9685E-09 5.0208E-09 5.0712E-09 5.1205E-09 5.1682E-09 5.2138E-09 5.2576E-09 5.2990E-09 5.3391E-09 5.3777E-09 5.4145E-09 5.4488E-09 5.4813E-09 5.5118E-09 5.5409E-09 5.5698E-09 5.5952E-09 5.6201E-09 5.6426E-09 5.6638E-09 5.6836E-09 5.6997E-09 5.7152E-09 5.7294E-09 9.2938E-09 4.3563E-08 7.1805E-08 6.3548E-08 5.2049E-08 4.3309E-08 3.5595E-08 2.8280E-08 2.1512E-08 1.5871E-08 1.1713E-08 8.9983E-09 7.4072E-09 6.5540E-09 6.1301E-09 5.9354E-09 5.8472E-09 5.8152E-09 5.8067E-09 5.8022E-09 5.7958E-09 5.7873E-09 5.7821E-09 5.7714E-09 5.7708E-09 5.7634E-09 5.7551E-09 5.7584E-09 5.7547E-09 5.7544E-09
4.7441E-09 4.8008E-09 4.8561E-09 4.9098E-09 4.9619E-09 5.0122E-09 5.0607E-09 5.1078E-09 5.1533E-09 5.1969E-09 5.2385E-09 5.2783E-09 5.3158E-09 5.3523E-09 5.3869E-09 5.4192E-09 5.4495E-09 5.4780E-09 5.5050E-09 5.5318E-09 5.5552E-09 5.5780E-09 5.5985E-09 5.6177E-09 5.6356E-09 5.6497E-09 6.2193E-09 3.0824E-08 7.7215E-08 7.1104E-08 5.6474E-08 4.7072E-08 3.9069E-08 3.1212E-08 2.3473E-08 1.6972E-08 1.2175E-08 9.1019E-09 7.3386E-09 6.4371E-09 6.0022E-09 5.8199E-09 5.7422E-09 5.7210E-09 5.7225E-09 5.7188E-09 5.7111E-09 5.7048E-09 5.6970E-09 5.6861E-09 5.6742E-09 5.6608E-09 5.6506E-09 5.6381E-09 5.6213E-09 5.6135E-09 5.6034E-09
4.6858E-09 4.7421E-09 4.7969E-09 4.8502E-09 4.9019E-09 4.9520E-09 5.0002E-09 5.0467E-09 5.0917E-09 5.1352E-09 5.1766E-09 5.2162E-09 5.2539E-09 5.2893E-09 5.3237E-09 5.3562E-09 5.3864E-09 5.4141E-09 5.4411E-09 5.4661E-09 5.4892E-09 5.5122E-09 5.5325E-09 5.5516E-09 5.5688E-09 5.5832E-09 1.7882E-08 7.8547E-08 7.9974E-08 6.1632E-08 5.1909E-08 4.4480E-08 3.5515E-08 2.6575E-08 1.8571E-08 1.2816E-08 9.2280E-09 7.2725E-09 6.3195E-09 5.8928E-09 5.7154E-09 5.6386E-09 5.6293E-09 5.6280E-09 5.6294E-09 5.6225E-09 5.6219E-09 5.6158E-09 5.6060E-09 5.5943E-09 5.5834E-09 5.5692E-09 5.5545E-09 5.5372E-09 5.5193E-09 5.5041E-09 5.4869E-09
4.6269E-09 4.6827E-09 4.7371E-09 4.7900E-09 4.8411E-09 4.8908E-09 4.9389E-09 4.9850E-09 5.0300E-09 5.0725E-09 5.1139E-09 5.1532E-09 5.1907E-09 5.2264E-09 5.2596E-09 5.2920E-09 5.3225E-09 5.3506E-09 5.3763E-09 5.4012E-09 5.4243E-09 5.4454E-09 5.4665E-09 5.4848E-09 5.5019E-09 8.1957E-09 7.5479E-08 8.8657E-08 6.7973E-08 6.0081E-08 5.5813E-08 4.6282E-08 3.2840E-08 2.1727E-08 1.4013E-08 9.5052E-09 7.2177E-09 6.1979E-09 5.7806E-09 5.6189E-09 5.5578E-09 5.5463E-09 5.5415E-09 5.5381E-09 5.5335E-09 5.5334E-09 5.5278E-09 5.5242E-09 5.5144E-09 5.5059E-09 5.4925E-09 5.4783E-09 5.4637E-09 5.4468E-09 5.4284E-09 5.4079E-09 5.3868E-09
