Assets/Resources/2015_m01_d20_0100(utc+0800)_l00_csi_1hr_conc.grd
DSAA
         159         159
     -79.000      79.000
     -79.000      79.000
  0.0000E+00  0.7351E-05
[rows 75 to 99 of 159, columns 0 to 56 of 159]
1.3693E-12 3.3366E-12 1.1994E-11 5.8473E-11 8.7900E-11 1.0506E-10 1.3955E-10 1.7614E-10 2.1156E-10 2.7106E-10 3.2500E-10 3.7168E-10 4.2318E-10 4.8024E-10 5.3974E-10 6.0219E-10 6.7077E-10 7.4116E-10 8.1820E-10 9.0199E-10 9.8742E-10 1.0785E-09 1.1691E-09 1.2676E-09 1.3652E-09 1.4722E-09 1.5791E-09 1.6874E-09 1.7952E-09 1.9102E-09 2.0202E-09 2.1365E-09 2.2488E-09 2.3656E-09 2.4829E-09 2.6027E-09 2.7242E-09 2.8387E-09 2.9630E-09 3.0809E-09 3.1966E-09 3.3213E-09 3.4378E-09 3.5580E-09 3.6804E-09 3.7969E-09 3.9243E-09 4.0470E-09 4.1663E-09 4.2964E-09 4.4217E-09 4.5483E-09 4.6739E-09 4.8085E-09 4.9478E-09 5.0807E-09 5.2221E-09
6.6277E-13 2.8210E-12 7.1176E-12 3.9411E-11 7.8566E-11 9.6963E-11 1.2164E-10 1.6070E-10 1.9005E-10 2.2799E-10 2.8903E-10 3.4272E-10 3.9244E-10 4.4454E-10 4.9947E-10 5.6068E-10 6.2419E-10 6.9037E-10 7.6378E-10 8.4056E-10 9.2417E-10 1.0103E-09 1.0976E-09 1.1915E-09 1.2842E-09 1.3864E-09 1.4872E-09 1.5926E-09 1.6974E-09 1.8068E-09 1.9140E-09 2.0245E-09 2.1344E-09 2.2453E-09 2.3593E-09 2.4731E-09 2.5947E-09 2.7068E-09 2.8256E-09 2.9428E-09 3.0556E-09 3.1752E-09 3.2920E-09 3.4062E-09 3.5292E-09 3.6436E-09 3.7633E-09 3.8889E-09 4.0055E-09 4.1235E-09 4.2561E-09 4.3796E-09 4.5032E-09 4.6248E-09 4.7689E-09 4.9009E-09 5.0298E-09
3.1715E-13 2.0198E-12 3.7530E-12 2.4226E-11 6.5023E-11 8.9416E-11 1.0966E-10 1.4670E-10 1.7569E-10 2.0759E-10 2.4837E-10 3.1092E-10 3.6098E-10 4.0977E-10 4.6397E-10 5.2009E-10 5.7884E-10 6.4359E-10 7.1095E-10 7.8458E-10 8.6406E-10 9.4481E-10 1.0294E-09 1.1162E-09 1.2072E-09 1.3021E-09 1.4006E-09 1.5010E-09 1.6021E-09 1.7055E-09 1.8103E-09 1.9156E-09 2.0235E-09 2.1283E-09 2.2414E-09 2.3498E-09 2.4667E-09 2.5772E-09 2.6911E-09 2.8075E-09 2.9174E-09 3.0332E-09 3.1481E-09 3.2595E-09 3.3795E-09 3.4918E-09 3.6041E-09 3.7313E-09 3.8453E-09 3.9614E-09 4.0904E-09 4.2111E-09 4.3323E-09 4.4514E-09 4.5906E-09 4.7186E-09 4.8457E-09
0.0000E+00 1.3006E-12 3.1593E-12 1.0159E-11 5.2470E-11 8.2123E-11 9.7473E-11 1.2801E-10 1.6204E-10 1.9031E-10 2.2299E-10 2.7234E-10 3.2869E-10 3.7978E-10 4.2798E-10 4.8064E-10 5.3835E-10 5.9814E-10 6.6064E-10 7.3084E-10 8.0477E-10 8.8256E-10 9.6440E-10 1.0453E-09 1.1336E-09 1.2202E-09 1.3181E-09 1.4130E-09 1.5104E-09 1.6090E-09 1.7114E-09 1.8104E-09 1.9166E-09 2.0177E-09 2.1266E-09 2.2314E-09 2.3406E-09 2.4513E-09 2.5616E-09 2.6751E-09 2.7821E-09 2.8894E-09 3.0063E-09 3.1152E-09 3.2300E-09 3.3417E-09 3.4515E-09 3.5757E-09 3.6865E-09 3.8002E-09 3.9172E-09 4.0427E-09 4.1619E-09 4.2784E-09 4.3965E-09 4.5373E-09 4.6600E-09
0.0000E+00 6.2681E-13 2.3441E-12 4.4172E-12 3.6940E-11 7.3304E-11 8.9892E-11 1.1324E-10 1.4777E-10 1.7390E-10 2.0611E-10 2.4013E-10 2.9437E-10 3.4707E-10 3.9543E-10 4.4627E-10 4.9904E-10 5.5423E-10 6.1547E-10 6.8099E-10 7.4826E-10 8.2456E-10 9.0114E-10 9.7946E-10 1.0619E-09 1.1459E-09 1.2376E-09 1.3276E-09 1.4225E-09 1.5163E-09 1.6152E-09 1.7114E-09 1.8132E-09 1.9107E-09 2.0135E-09 2.1169E-09 2.2200E-09 2.3291E-09 2.4367E-09 2.5414E-09 2.6500E-09 2.7542E-09 2.8676E-09 2.9733E-09 3.0801E-09 3.1946E-09 3.3009E-09 3.4136E-09 3.5304E-09 3.6404E-09 3.7505E-09 3.8761E-09 3.9918E-09 4.1065E-09 4.2203E-09 4.3557E-09 4.4762E-09
0.0000E+00 0.0000E+00 1.9094E-12 3.5254E-12 2.2617E-11 6.0554E-11 8.2834E-11 9.9356E-11 1.3327E-10 1.6038E-10 1.8902E-10 2.2045E-10 2.5805E-10 3.1204E-10 3.6613E-10 4.1038E-10 4.6090E-10 5.1545E-10 5.7164E-10 6.3015E-10 6.9647E-10 7.6958E-10 8.3952E-10 9.1687E-10 9.9196E-10 1.0751E-09 1.1583E-09 1.2478E-09 1.3378E-09 1.4282E-09 1.5212E-09 1.6162E-09 1.7101E-09 1.8073E-09 1.9022E-09 2.0064E-09 2.1053E-09 2.2084E-09 2.3146E-09 2.4140E-09 2.5216E-09 2.6222E-09 2.7271E-09 2.8353E-09 2.9383E-09 3.0498E-09 3.1538E-09 3.2583E-09 3.3765E-09 3.4835E-09 3.5905E-09 3.7026E-09 3.8242E-09 3.9357E-09 4.0461E-09 4.1610E-09 4.2930E-09
0.0000E+00 0.0000E+00 1.2247E-12 2.6966E-12 9.4698E-12 3.9660E-11 7.6020E-11 8.9678E-11 1.1586E-10 1.4778E-10 1.7307E-10 2.0207E-10 2.3409E-10 2.7463E-10 3.2817E-10 3.8022E-10 4.2781E-10 4.7504E-10 5.2916E-10 5.8679E-10 6.4856E-10 7.1284E-10 7.8384E-10 8.5609E-10 9.2935E-10 1.0078E-09 1.0847E-09 1.1722E-09 1.2552E-09 1.3438E-09 1.4303E-09 1.5238E-09 1.6126E-09 1.7082E-09 1.7991E-09 1.8993E-09 1.9946E-09 2.0920E-09 2.1967E-09 2.2933E-09 2.3949E-09 2.4943E-09 2.5931E-09 2.7001E-09 2.8002E-09 2.9035E-09 3.0094E-09 3.1107E-09 3.2215E-09 3.3287E-09 3.4335E-09 3.5373E-09 3.6583E-09 3.7679E-09 3.8742E-09 3.9846E-09 4.1073E-09
0.0000E+00 0.0000E+00 5.8798E-13 1.9310E-12 4.1265E-12 2.9852E-11 6.3134E-11 8.2655E-11 1.0209E-10 1.3482E-10 1.5796E-10 1.8664E-10 2.1675E-10 2.4873E-10 2.9611E-10 3.4602E-10 3.9327E-10 4.4096E-10 4.9200E-10 5.4348E-10 5.9971E-10 6.6415E-10 7.3115E-10 7.9695E-10 8.6943E-10 9.3915E-10 1.0170E-09 1.0954E-09 1.1787E-09 1.2616E-09 1.3469E-09 1.4336E-09 1.5213E-09 1.6109E-09 1.6999E-09 1.7920E-09 1.8883E-09 1.9793E-09 2.0825E-09 2.1760E-09 2.2692E-09 2.3705E-09 2.4654E-09 2.5666E-09 2.6662E-09 2.7634E-09 2.8688E-09 2.9665E-09 3.0655E-09 3.1773E-09 3.2793E-09 3.3800E-09 3.4814E-09 3.6022E-09 3.7059E-09 3.8115E-09 3.9198E-09
0.0000E+00 0.0000E+00 0.0000E+00 1.7910E-12 3.2875E-12 1.6544E-11 5.1300E-11 7.6126E-11 8.9999E-11 1.2073E-10 1.4559E-10 1.7097E-10 1.9852E-10 2.2879E-10 2.6157E-10 3.1199E-10 3.6429E-10 4.0531E-10 4.5352E-10 5.0411E-10 5.5852E-10 6.1477E-10 6.7664E-10 7.4415E-10 8.1115E-10 8.7885E-10 9.5257E-10 1.0245E-09 1.1058E-09 1.1825E-09 1.2662E-09 1.3456E-09 1.4338E-09 1.5158E-09 1.6046E-09 1.6913E-09 1.7855E-09 1.8728E-09 1.9680E-09 2.0626E-09 2.1526E-09 2.2502E-09 2.3418E-09 2.4342E-09 2.5355E-09 2.6293E-09 2.7266E-09 2.8258E-09 2.9217E-09 3.0257E-09 3.1277E-09 3.2261E-09 3.3240E-09 3.4392E-09 3.5408E-09 3.6419E-09 3.7463E-09
0.0000E+00 0.0000E+00 0.0000E+00 1.1448E-12 2.2123E-12 6.6645E-12 3.4375E-11 6.7641E-11 8.1922E-11 1.0379E-10 1.3408E-10 1.5639E-10 1.8177E-10 2.1024E-10 2.4058E-10 2.7581E-10 3.2955E-10 3.7594E-10 4.2070E-10 4.6488E-10 5.1587E-10 5.7062E-10 6.3011E-10 6.9121E-10 7.5457E-10 8.2171E-10 8.8684E-10 9.5940E-10 1.0338E-09 1.1106E-09 1.1876E-09 1.2661E-09 1.3494E-09 1.4284E-09 1.5138E-09 1.5966E-09 1.6825E-09 1.7708E-09 1.8597E-09 1.9532E-09 2.0403E-09 2.1299E-09 2.2225E-09 2.3114E-09 2.4090E-09 2.4995E-09 2.5911E-09 2.6893E-09 2.7815E-09 2.8739E-09 2.9801E-09 3.0754E-09 3.1702E-09 3.2665E-09 3.3793E-09 3.4764E-09 3.5762E-09
0.0000E+00 0.0000E+00 0.0000E+00 2.8112E-13 1.7998E-12 3.5444E-12 2.0920E-11 5.5746E-11 7.5477E-11 9.0310E-11 1.2157E-10 1.4262E-10 1.6801E-10 1.9433E-10 2.2100E-10 2.5451E-10 2.9194E-10 3.4276E-10 3.8671E-10 4.3197E-10 4.7941E-10 5.2651E-10 5.8252E-10 6.4270E-10 7.0424E-10 7.6301E-10 8.2948E-10 8.9772E-10 9.6538E-10 1.0414E-09 1.1114E-09 1.1904E-09 1.2639E-09 1.3454E-09 1.4214E-09 1.5060E-09 1.5861E-09 1.6733E-09 1.7579E-09 1.8436E-09 1.9318E-09 2.0158E-09 2.1072E-09 2.1927E-09 2.2793E-09 2.3741E-09 2.4619E-09 2.5522E-09 2.6458E-09 2.7351E-09 2.8238E-09 2.9287E-09 3.0206E-09 3.1125E-09 3.2068E-09 3.3151E-09 3.4103E-09
0.0000E+00 0.0000E+00 0.0000E+00 0.0000E+00 1.1478E-12 2.7656E-12 8.7307E-12 3.6451E-11 6.9493E-11 8.0714E-11 1.0660E-10 1.3139E-10 1.5378E-10 1.7804E-10 2.0466E-10 2.3322E-10 2.6568E-10 3.0834E-10 3.5515E-10 3.9736E-10 4.4210E-10 4.8983E-10 5.4088E-10 5.9351E-10 6.5207E-10 7.1248E-10 7.7530E-10 8.3530E-10 9.0313E-10 9.7079E-10 1.0433E-09 1.1158E-09 1.1876E-09 1.2661E-09 1.3386E-09 1.4193E-09 1.4965E-09 1.5752E-09 1.6605E-09 1.7407E-09 1.8275E-09 1.9084E-09 1.9892E-09 2.0783E-09 2.1611E-09 2.2501E-09 2.3369E-09 2.4219E-09 2.5142E-09 2.6003E-09 2.6865E-09 2.7860E-09 2.8755E-09 2.9637E-09 3.0545E-09 3.1584E-09 3.2490E-09
0.0000E+00 0.0000E+00 0.0000E+00 0.0000E+00 5.4792E-13 2.0514E-12 3.8122E-12 2.7383E-11 5.7623E-11 7.4394E-11 9.1122E-11 1.1952E-10 1.4035E-10 1.6289E-10 1.8792E-10 2.1432E-10 2.4447E-10 2.8045E-10 3.2248E-10 3.6505E-10 4.0720E-10 4.5178E-10 4.9908E-10 5.5232E-10 6.0743E-10 6.6076E-10 7.1967E-10 7.8098E-10 8.3991E-10 9.0799E-10 9.7866E-10 1.0434E-09 1.1159E-09 1.1848E-09 1.2596E-09 1.3317E-09 1.4106E-09 1.4836E-09 1.5674E-09 1.6441E-09 1.7208E-09 1.8057E-09 1.8834E-09 1.9687E-09 2.0478E-09 2.1284E-09 2.2163E-09 2.2984E-09 2.3799E-09 2.4697E-09 2.5536E-09 2.6358E-09 2.7344E-09 2.8196E-09 2.9061E-09 2.9930E-09 3.0933E-09
0.0000E+00 0.0000E+00 0.0000E+00 0.0000E+00 0.0000E+00 1.6677E-12 2.7498E-12 1.4176E-11 4.4478E-11 6.8526E-11 8.0160E-11 1.0628E-10 1.2790E-10 1.4907E-10 1.7191E-10 1.9694E-10 2.2550E-10 2.5725E-10 2.9252E-10 3.3625E-10 3.7566E-10 4.1742E-10 4.6079E-10 5.0902E-10 5.6084E-10 6.1628E-10 6.7185E-10 7.2500E-10 7.8564E-10 8.4904E-10 9.1186E-10 9.7811E-10 1.0429E-09 1.1126E-09 1.1795E-09 1.2533E-09 1.3268E-09 1.3985E-09 1.4719E-09 1.5517E-09 1.6258E-09 1.7068E-09 1.7816E-09 1.8566E-09 1.9389E-09 2.0158E-09 2.0931E-09 2.1790E-09 2.2579E-09 2.3442E-09 2.4246E-09 2.5048E-09 2.5846E-09 2.6805E-09 2.7629E-09 2.8467E-09 2.9292E-09
0.0000E+00 0.0000E+00 0.0000E+00 0.0000E+00 0.0000E+00 1.0604E-12 2.0396E-12 5.0803E-12 3.1148E-11 6.0845E-11 7.2945E-11 9.1358E-11 1.1778E-10 1.3625E-10 1.5727E-10 1.8233E-10 2.0710E-10 2.3580E-10 2.7127E-10 3.0783E-10 3.4648E-10 3.8451E-10 4.2588E-10 4.6974E-10 5.1804E-10 5.7019E-10 6.2306E-10 6.7712E-10 7.3270E-10 7.8882E-10 8.5349E-10 9.1226E-10 9.7799E-10 1.0441E-09 1.1079E-09 1.1787E-09 1.2454E-09 1.3173E-09 1.3880E-09 1.4633E-09 1.5348E-09 1.6056E-09 1.6839E-09 1.7563E-09 1.8277E-09 1.9080E-09 1.9821E-09 2.0643E-09 2.1402E-09 2.2162E-09 2.3001E-09 2.3779E-09 2.4547E-09 2.5459E-09 2.6252E-09 2.7052E-09 2.7855E-09
0.0000E+00 0.0000E+00 0.0000E+00 0.0000E+00 0.0000E+00 2.5812E-13 1.6580E-12 3.2399E-12 1.5970E-11 4.6128E-11 6.7224E-11 7.8976E-11 1.0610E-10 1.2418E-10 1.4538E-10 1.6710E-10 1.9040E-10 2.1662E-10 2.4856E-10 2.8249E-10 3.1822E-10 3.5636E-10 3.9369E-10 4.3372E-10 4.7845E-10 5.2737E-10 5.7675E-10 6.2817E-10 6.8173E-10 7.3725E-10 7.9278E-10 8.5517E-10 9.1309E-10 9.7547E-10 1.0401E-09 1.1029E-09 1.1715E-09 1.2347E-09 1.3076E-09 1.3731E-09 1.4472E-09 1.5158E-09 1.5840E-09 1.6599E-09 1.7287E-09 1.8052E-09 1.8759E-09 1.9475E-09 2.0273E-09 2.1008E-09 2.1734E-09 2.2556E-09 2.3297E-09 2.4039E-09 2.4923E-09 2.5687E-09 2.6464E-09
0.0000E+00 0.0000E+00 0.0000E+00 0.0000E+00 0.0000E+00 0.0000E+00 1.0523E-12 2.2564E-12 6.0119E-12 3.2720E-11 6.1917E-11 7.1193E-11 9.1624E-11 1.1420E-10 1.3298E-10 1.5298E-10 1.7489E-10 1.9971E-10 2.2779E-10 2.5863E-10 2.9550E-10 3.2989E-10 3.6385E-10 4.0248E-10 4.4255E-10 4.8718E-10 5.3475E-10 5.8359E-10 6.3278E-10 6.8466E-10 7.4090E-10 7.9551E-10 8.5387E-10 9.1451E-10 9.7088E-10 1.0366E-09 1.0962E-09 1.1618E-09 1.2292E-09 1.2938E-09 1.3571E-09 1.4299E-09 1.4954E-09 1.5677E-09 1.6341E-09 1.7003E-09 1.7743E-09 1.8430E-09 1.9119E-09 1.9896E-09 2.0599E-09 2.1303E-09 2.2093E-09 2.2809E-09 2.3521E-09 2.4378E-09 2.5117E-09
0.0000E+00 0.0000E+00 0.0000E+00 0.0000E+00 0.0000E+00 0.0000E+00 5.0004E-13 1.6407E-12 3.1948E-12 1.8906E-11 4.9111E-11 6.5646E-11 7.8420E-11 1.0346E-10 1.2130E-10 1.3990E-10 1.6168E-10 1.8206E-10 2.0864E-10 2.3680E-10 2.7221E-10 3.0495E-10 3.3834E-10 3.7308E-10 4.1029E-10 4.5140E-10 4.9693E-10 5.4202E-10 5.8777E-10 6.3582E-10 6.8744E-10 7.4338E-10 7.9696E-10 8.5219E-10 9.1140E-10 9.6780E-10 1.0303E-09 1.0910E-09 1.1536E-09 1.2184E-09 1.2789E-09 1.3454E-09 1.4109E-09 1.4733E-09 1.5434E-09 1.6070E-09 1.6706E-09 1.7427E-09 1.8090E-09 1.8758E-09 1.9508E-09 2.0187E-09 2.0886E-09 2.1627E-09 2.2311E-09 2.2997E-09 2.3825E-09
0.0000E+00 0.0000E+00 0.0000E+00 0.0000E+00 0.0000E+00 0.0000E+00 0.0000E+00 1.5221E-12 2.4884E-12 8.9388E-12 3.2083E-11 6.0498E-11 6.9200E-11 9.0690E-11 1.1051E-10 1.2932E-10 1.4673E-10 1.6724E-10 1.9137E-10 2.1966E-10 2.4932E-10 2.8095E-10 3.1427E-10 3.4590E-10 3.8064E-10 4.1788E-10 4.5946E-10 5.0315E-10 5.4796E-10 5.9273E-10 6.3963E-10 6.8921E-10 7.4445E-10 7.9486E-10 8.5036E-10 9.0805E-10 9.6458E-10 1.0225E-09 1.0851E-09 1.1416E-09 1.2049E-09 1.2636E-09 1.3303E-09 1.3905E-09 1.4507E-09 1.5180E-09 1.5794E-09 1.6406E-09 1.7107E-09 1.7749E-09 1.8413E-09 1.9115E-09 1.9766E-09 2.0466E-09 2.1151E-09 2.1807E-09 2.2462E-09
0.0000E+00 0.0000E+00 0.0000E+00 0.0000E+00 0.0000E+00 0.0000E+00 0.0000E+00 4.9320E-13 1.8468E-12 3.3936E-12 2.4073E-11 5.0077E-11 6.3845E-11 7.6644E-11 1.0126E-10 1.1696E-10 1.3420E-10 1.5487E-10 1.7505E-10 1.9858E-10 2.2802E-10 2.6081E-10 2.9054E-10 3.2166E-10 3.5410E-10 3.8848E-10 4.2548E-10 4.6789E-10 5.0846E-10 5.5112E-10 5.9628E-10 6.4256E-10 6.9182E-10 7.4372E-10 7.9519E-10 8.4659E-10 9.0444E-10 9.5725E-10 1.0151E-09 1.0744E-09 1.1290E-09 1.1898E-09 1.2475E-09 1.3113E-09 1.3691E-09 1.4267E-09 1.4921E-09 1.5508E-09 1.6124E-09 1.6782E-09 1.7388E-09 1.8040E-09 1.8716E-09 1.9339E-09 2.0006E-09 2.0670E-09 2.1293E-09
0.0000E+00 0.0000E+00 0.0000E+00 0.0000E+00 0.0000E+00 0.0000E+00 0.0000E+00 0.0000E+00 1.5005E-12 2.6660E-12 9.6654E-12 3.4986E-11 5.8874E-11 6.7946E-11 8.9483E-11 1.0639E-10 1.2411E-10 1.4169E-10 1.6089E-10 1.8233E-10 2.0880E-10 2.3987E-10 2.6876E-10 2.9772E-10 3.2818E-10 3.6063E-10 3.9579E-10 4.3366E-10 4.7430E-10 5.1457E-10 5.5640E-10 5.9792E-10 6.4630E-10 6.9391E-10 7.4198E-10 7.9255E-10 8.4326E-10 8.9753E-10 9.5227E-10 1.0055E-09 1.0625E-09 1.1150E-09 1.1752E-09 1.2298E-09 1.2914E-09 1.3467E-09 1.4022E-09 1.4653E-09 1.5219E-09 1.5813E-09 1.6449E-09 1.7033E-09 1.7684E-09 1.8312E-09 1.8907E-09 1.9570E-09 2.0186E-09
0.0000E+00 0.0000E+00 0.0000E+00 0.0000E+00 0.0000E+00 0.0000E+00 0.0000E+00 0.0000E+00 9.4871E-13 1.8137E-12 3.5381E-12 2.3502E-11 4.8722E-11 6.1871E-11 7.6135E-11 9.7525E-11 1.1352E-10 1.2837E-10 1.4777E-10 1.6790E-10 1.9115E-10 2.1931E-10 2.4743E-10 2.7645E-10 3.0411E-10 3.3420E-10 3.6604E-10 4.0240E-10 4.4063E-10 4.7901E-10 5.1806E-10 5.5899E-10 6.0178E-10 6.4776E-10 6.9492E-10 7.4185E-10 7.8968E-10 8.3931E-10 8.9033E-10 9.4217E-10 9.9423E-10 1.0500E-09 1.1009E-09 1.1591E-09 1.2115E-09 1.2706E-09 1.3240E-09 1.3774E-09 1.4383E-09 1.4925E-09 1.5526E-09 1.6111E-09 1.6670E-09 1.7323E-09 1.7886E-09 1.8491E-09 1.9105E-09
0.0000E+00 0.0000E+00 0.0000E+00 0.0000E+00 0.0000E+00 0.0000E+00 0.0000E+00 0.0000E+00 0.0000E+00 1.4738E-12 2.6108E-12 1.1495E-11 3.4255E-11 5.7090E-11 6.5604E-11 8.6192E-11 1.0212E-10 1.1878E-10 1.3541E-10 1.5312E-10 1.7476E-10 2.0078E-10 2.2947E-10 2.5562E-10 2.8163E-10 3.1080E-10 3.4090E-10 3.7235E-10 4.0948E-10 4.4642E-10 4.8243E-10 5.2234E-10 5.6111E-10 6.0511E-10 6.4988E-10 6.9268E-10 7.3915E-10 7.8538E-10 8.3397E-10 8.8365E-10 9.3364E-10 9.8257E-10 1.0341E-09 1.0882E-09 1.1419E-09 1.1918E-09 1.2498E-09 1.3009E-09 1.3541E-09 1.4110E-09 1.4626E-09 1.5229E-09 1.5768E-09 1.6348E-09 1.6929E-09 1.7465E-09 1.8094E-09
0.0000E+00 0.0000E+00 0.0000E+00 0.0000E+00 0.0000E+00 0.0000E+00 0.0000E+00 0.0000E+00 0.0000E+00 9.3055E-13 1.9890E-12 4.3619E-12 2.4669E-11 5.0915E-11 5.9767E-11 7.3939E-11 9.3657E-11 1.0868E-10 1.2378E-10 1.4067E-10 1.5948E-10 1.8378E-10 2.1073E-10 2.3637E-10 2.6140E-10 2.8807E-10 3.1596E-10 3.4544E-10 3.7923E-10 4.1474E-10 4.5025E-10 4.8675E-10 5.2285E-10 5.6411E-10 6.0659E-10 6.4869E-10 6.9194E-10 7.3639E-10 7.8270E-10 8.2740E-10 8.7463E-10 9.2266E-10 9.7218E-10 1.0208E-09 1.0723E-09 1.1221E-09 1.1745E-09 1.2280E-09 1.2791E-09 1.3331E-09 1.3827E-09 1.4370E-09 1.4906E-09 1.5423E-09 1.6000E-09 1.6528E-09 1.7086E-09
0.0000E+00 0.0000E+00 0.0000E+00 0.0000E+00 0.0000E+00 0.0000E+00 0.0000E+00 0.0000E+00 0.0000E+00 0.0000E+00 1.4426E-12 2.7841E-12 1.2894E-11 3.6654E-11 5.5186E-11 6.4436E-11 8.2787E-11 9.7959E-11 1.1341E-10 1.3017E-10 1.4542E-10 1.6569E-10 1.9021E-10 2.1750E-10 2.4169E-10 2.6685E-10 2.9284E-10 3.2069E-10 3.5091E-10 3.8428E-10 4.1850E-10 4.5291E-10 4.8862E-10 5.2598E-10 5.6584E-10 6.0800E-10 6.4826E-10 6.9040E-10 7.3357E-10 7.7734E-10 8.2057E-10 8.6672E-10 9.1148E-10 9.5888E-10 1.0068E-09 1.0579E-09 1.1057E-09 1.1566E-09 1.2031E-09 1.2544E-09 1.3039E-09 1.3561E-09 1.4084E-09 1.4571E-09 1.5091E-09 1.5619E-09 1.6129E-09
