Assets/Resources/2015_m01_d20_2000(utc+0800)_l00_csi_1hr_conc.grd
DSAA
         159         159
     -79.000      79.000
     -79.000      79.000
  0.4875E-09  0.5444E-05
[rows 125 to 149 of 159, columns 57 to 113 of 159]
1.3041E-08 1.2862E-08 1.2679E-08 1.2494E-08 1.2304E-08 1.2112E-08 1.1920E-08 1.1722E-08 1.1527E-08 1.1325E-08 1.1131E-08 1.0927E-08 1.0732E-08 1.0528E-08 1.0334E-08 1.0130E-08 9.9365E-09 9.7337E-09 9.5424E-09 9.3419E-09 9.1533E-09 8.9561E-09 8.7708E-09 8.5824E-09 8.3940E-09 8.2100E-09 8.0249E-09 7.8457E-09 7.6667E-09 7.4925E-09 7.3155E-09 7.1454E-09 6.9740E-09 6.8114E-09 6.6456E-09 6.4918E-09 6.3281E-09 6.1799E-09 6.0249E-09 5.8788E-09 5.7325E-09 5.5919E-09 5.4539E-09 5.3156E-09 5.1859E-09 5.0529E-09 4.9255E-09 4.8008E-09 4.6759E-09 4.5565E-09 4.4341E-09 4.3229E-09 4.2114E-09 4.0972E-09 3.9936E-09 3.8812E-09 3.7827E-09
1.2988E-08 1.2812E-08 1.2630E-08 1.2445E-08 1.2256E-08 1.2068E-08 1.1873E-08 1.1683E-08 1.1485E-08 1.1289E-08 1.1090E-08 1.0893E-08 1.0695E-08 1.0496E-08 1.0301E-08 1.0100E-08 9.9047E-09 9.7050E-09 9.5140E-09 9.3141E-09 9.1258E-09 8.9289E-09 8.7438E-09 8.5509E-09 8.3674E-09 8.1813E-09 7.9987E-09 7.8196E-09 7.6386E-09 7.4634E-09 7.2898E-09 7.1199E-09 6.9487E-09 6.7830E-09 6.6207E-09 6.4670E-09 6.3036E-09 6.1554E-09 6.0006E-09 5.8547E-09 5.7085E-09 5.5680E-09 5.4302E-09 5.2921E-09 5.1625E-09 5.0297E-09 4.9026E-09 4.7780E-09 4.6532E-09 4.5341E-09 4.4119E-09 4.3008E-09 4.1840E-09 4.0756E-09 3.9721E-09 3.8599E-09 3.7617E-09
1.2920E-08 1.2744E-08 1.2566E-08 1.2383E-08 1.2197E-08 1.2009E-08 1.1818E-08 1.1627E-08 1.1432E-08 1.1238E-08 1.1040E-08 1.0847E-08 1.0645E-08 1.0453E-08 1.0253E-08 1.0059E-08 9.8622E-09 9.6660E-09 9.4736E-09 9.2769E-09 9.0891E-09 8.8931E-09 8.7059E-09 8.5160E-09 8.3305E-09 8.1472E-09 7.9651E-09 7.7830E-09 7.6058E-09 7.4310E-09 7.2558E-09 7.0850E-09 6.9175E-09 6.7522E-09 6.5902E-09 6.4304E-09 6.2738E-09 6.1259E-09 5.9716E-09 5.8260E-09 5.6802E-09 5.5400E-09 5.3994E-09 5.2647E-09 5.1354E-09 5.0029E-09 4.8760E-09 4.7519E-09 4.6274E-09 4.5085E-09 4.3867E-09 4.2759E-09 4.1566E-09 4.0512E-09 3.9454E-09 3.8361E-09 3.7381E-09
1.2834E-08 1.2661E-08 1.2484E-08 1.2304E-08 1.2122E-08 1.1936E-08 1.1748E-08 1.1557E-08 1.1367E-08 1.1173E-08 1.0979E-08 1.0784E-08 1.0588E-08 1.0396E-08 1.0197E-08 1.0006E-08 9.8089E-09 9.6166E-09 9.4229E-09 9.2299E-09 9.0382E-09 8.8481E-09 8.6618E-09 8.4727E-09 8.2879E-09 8.1054E-09 7.9216E-09 7.7425E-09 7.5638E-09 7.3885E-09 7.2172E-09 7.0471E-09 6.8802E-09 6.7122E-09 6.5540E-09 6.3915E-09 6.2388E-09 6.0853E-09 5.9376E-09 5.7895E-09 5.6472E-09 5.5075E-09 5.3675E-09 5.2332E-09 5.1014E-09 4.9695E-09 4.8459E-09 4.7221E-09 4.5982E-09 4.4797E-09 4.3583E-09 4.2479E-09 4.1292E-09 4.0241E-09 3.9133E-09 3.8099E-09 3.7122E-09
1.2730E-08 1.2562E-08 1.2388E-08 1.2210E-08 1.2031E-08 1.1847E-08 1.1662E-08 1.1474E-08 1.1286E-08 1.1093E-08 1.0904E-08 1.0710E-08 1.0519E-08 1.0326E-08 1.0132E-08 9.9408E-09 9.7446E-09 9.5543E-09 9.3593E-09 9.1729E-09 8.9777E-09 8.7938E-09 8.6016E-09 8.4209E-09 8.2324E-09 8.0520E-09 7.8705E-09 7.6912E-09 7.5168E-09 7.3424E-09 7.1720E-09 6.9995E-09 6.8366E-09 6.6695E-09 6.5120E-09 6.3473E-09 6.1984E-09 6.0424E-09 5.8955E-09 5.7513E-09 5.6066E-09 5.4706E-09 5.3312E-09 5.1976E-09 5.0664E-09 4.9350E-09 4.8093E-09 4.6861E-09 4.5627E-09 4.4476E-09 4.3269E-09 4.2169E-09 4.0988E-09 3.9942E-09 3.8803E-09 3.7809E-09 3.6786E-09
1.2609E-08 1.2443E-08 1.2272E-08 1.2100E-08 1.1922E-08 1.1743E-08 1.1561E-08 1.1377E-08 1.1192E-08 1.1002E-08 1.0814E-08 1.0623E-08 1.0435E-08 1.0244E-08 1.0055E-08 9.8636E-09 9.6717E-09 9.4811E-09 9.2903E-09 9.1034E-09 8.9124E-09 8.7300E-09 8.5395E-09 8.3578E-09 8.1732E-09 7.9941E-09 7.8138E-09 7.6357E-09 7.4624E-09 7.2859E-09 7.1199E-09 6.9486E-09 6.7866E-09 6.6176E-09 6.4641E-09 6.3005E-09 6.1524E-09 5.9975E-09 5.8514E-09 5.7051E-09 5.5643E-09 5.4262E-09 5.2877E-09 5.1578E-09 5.0245E-09 4.8968E-09 4.7718E-09 4.6464E-09 4.5267E-09 4.4095E-09 4.2922E-09 4.1803E-09 4.0655E-09 3.9614E-09 3.8484E-09 3.7495E-09 3.6442E-09
1.2469E-08 1.2308E-08 1.2143E-08 1.1973E-08 1.1799E-08 1.1625E-08 1.1445E-08 1.1266E-08 1.1083E-08 1.0897E-08 1.0711E-08 1.0526E-08 1.0339E-08 1.0150E-08 9.9634E-09 9.7744E-09 9.5873E-09 9.3991E-09 9.2107E-09 9.0259E-09 8.8370E-09 8.6543E-09 8.4681E-09 8.2881E-09 8.1054E-09 7.9255E-09 7.7491E-09 7.5702E-09 7.4006E-09 7.2234E-09 7.0574E-09 6.8878E-09 6.7303E-09 6.5626E-09 6.4102E-09 6.2480E-09 6.1009E-09 5.9472E-09 5.8022E-09 5.6569E-09 5.5172E-09 5.3801E-09 5.2427E-09 5.1137E-09 4.9813E-09 4.8546E-09 4.7305E-09 4.6059E-09 4.4871E-09 4.3680E-09 4.2543E-09 4.1431E-09 4.0293E-09 3.9258E-09 3.8135E-09 3.7154E-09 3.6073E-09
1.2311E-08 1.2155E-08 1.1994E-08 1.1828E-08 1.1661E-08 1.1490E-08 1.1314E-08 1.1138E-08 1.0958E-08 1.0778E-08 1.0595E-08 1.0413E-08 1.0229E-08 1.0045E-08 9.8599E-09 9.6732E-09 9.4897E-09 9.3011E-09 9.1202E-09 8.9308E-09 8.7516E-09 8.5640E-09 8.3873E-09 8.2025E-09 8.0288E-09 7.8464E-09 7.6763E-09 7.4971E-09 7.3279E-09 7.1558E-09 6.9881E-09 6.8234E-09 6.6607E-09 6.5013E-09 6.3439E-09 6.1895E-09 6.0376E-09 5.8915E-09 5.7477E-09 5.6038E-09 5.4653E-09 5.3263E-09 5.1931E-09 5.0653E-09 4.9341E-09 4.8084E-09 4.6853E-09 4.5619E-09 4.4440E-09 4.3230E-09 4.2132E-09 4.1002E-09 3.9898E-09 3.8848E-09 3.7760E-09 3.6786E-09 3.5714E-09
1.2133E-08 1.1983E-08 1.1828E-08 1.1669E-08 1.1505E-08 1.1337E-08 1.1169E-08 1.0996E-08 1.0821E-08 1.0644E-08 1.0465E-08 1.0287E-08 1.0106E-08 9.9263E-09 9.7439E-09 9.5628E-09 9.3804E-09 9.1970E-09 9.0171E-09 8.8326E-09 8.6560E-09 8.4713E-09 8.2969E-09 8.1148E-09 7.9433E-09 7.7634E-09 7.5919E-09 7.4183E-09 7.2477E-09 7.0810E-09 6.9119E-09 6.7523E-09 6.5882E-09 6.4336E-09 6.2716E-09 6.1252E-09 5.9749E-09 5.8303E-09 5.6851E-09 5.5455E-09 5.4085E-09 5.2709E-09 5.1390E-09 5.0095E-09 4.8797E-09 4.7554E-09 4.6363E-09 4.5113E-09 4.3974E-09 4.2775E-09 4.1686E-09 4.0541E-09 3.9475E-09 3.8407E-09 3.7357E-09 3.6392E-09 3.5329E-09
1.1939E-08 1.1795E-08 1.1645E-08 1.1492E-08 1.1332E-08 1.1172E-08 1.1006E-08 1.0837E-08 1.0669E-08 1.0496E-08 1.0324E-08 1.0148E-08 9.9708E-09 9.7948E-09 9.6155E-09 9.4387E-09 9.2594E-09 9.0817E-09 8.9030E-09 8.7239E-09 8.5483E-09 8.3687E-09 8.1971E-09 8.0179E-09 7.8455E-09 7.6717E-09 7.4994E-09 7.3316E-09 7.1601E-09 6.9989E-09 6.8288E-09 6.6743E-09 6.5093E-09 6.3596E-09 6.1996E-09 6.0550E-09 5.9034E-09 5.7604E-09 5.6171E-09 5.4792E-09 5.3438E-09 5.2078E-09 5.0805E-09 4.9495E-09 4.8240E-09 4.7011E-09 4.5806E-09 4.4598E-09 4.3443E-09 4.2286E-09 4.1182E-09 4.0048E-09 3.9021E-09 3.7938E-09 3.6925E-09 3.5945E-09 3.4920E-09
1.1725E-08 1.1586E-08 1.1444E-08 1.1296E-08 1.1144E-08 1.0989E-08 1.0828E-08 1.0666E-08 1.0502E-08 1.0334E-08 1.0167E-08 9.9947E-09 9.8243E-09 9.6505E-09 9.4759E-09 9.3027E-09 9.1267E-09 8.9536E-09 8.7755E-09 8.6047E-09 8.4257E-09 8.2564E-09 8.0790E-09 7.9119E-09 7.7358E-09 7.5716E-09 7.3978E-09 7.2371E-09 7.0661E-09 6.9060E-09 6.7419E-09 6.5863E-09 6.4270E-09 6.2794E-09 6.1217E-09 5.9790E-09 5.8294E-09 5.6884E-09 5.5470E-09 5.4109E-09 5.2773E-09 5.1431E-09 5.0173E-09 4.8880E-09 4.7642E-09 4.6428E-09 4.5209E-09 4.4046E-09 4.2905E-09 4.1762E-09 4.0672E-09 3.9552E-09 3.8537E-09 3.7430E-09 3.6467E-09 3.5435E-09 3.4483E-09
1.1495E-08 1.1363E-08 1.1227E-08 1.1085E-08 1.0939E-08 1.0790E-08 1.0636E-08 1.0480E-08 1.0319E-08 1.0159E-08 9.9956E-09 9.8293E-09 9.6633E-09 9.4958E-09 9.3257E-09 9.1569E-09 8.9852E-09 8.8142E-09 8.6423E-09 8.4734E-09 8.3002E-09 8.1343E-09 7.9607E-09 7.7967E-09 7.6243E-09 7.4631E-09 7.2925E-09 7.1312E-09 6.9667E-09 6.8060E-09 6.6480E-09 6.4884E-09 6.3382E-09 6.1835E-09 6.0376E-09 5.8910E-09 5.7499E-09 5.6079E-09 5.4716E-09 5.3376E-09 5.2028E-09 5.0737E-09 4.9497E-09 4.8223E-09 4.7001E-09 4.5805E-09 4.4603E-09 4.3456E-09 4.2304E-09 4.1204E-09 4.0102E-09 3.9023E-09 3.7997E-09 3.6931E-09 3.5979E-09 3.4926E-09 3.4023E-09
1.1246E-08 1.1120E-08 1.0991E-08 1.0857E-08 1.0717E-08 1.0574E-08 1.0428E-08 1.0279E-08 1.0125E-08 9.9702E-09 9.8108E-09 9.6505E-09 9.4894E-09 9.3253E-09 9.1620E-09 8.9976E-09 8.8310E-09 8.6660E-09 8.4984E-09 8.3319E-09 8.1648E-09 8.0009E-09 7.8331E-09 7.6692E-09 7.5040E-09 7.3427E-09 7.1791E-09 7.0177E-09 6.8598E-09 6.6989E-09 6.5471E-09 6.3875E-09 6.2429E-09 6.0878E-09 5.9477E-09 5.8004E-09 5.6616E-09 5.5222E-09 5.3880E-09 5.2564E-09 5.1237E-09 4.9996E-09 4.8718E-09 4.7493E-09 4.6292E-09 4.5142E-09 4.3932E-09 4.2829E-09 4.1667E-09 4.0612E-09 3.9499E-09 3.8464E-09 3.7426E-09 3.6403E-09 3.5438E-09 3.4426E-09 3.3536E-09
1.0978E-08 1.0862E-08 1.0740E-08 1.0614E-08 1.0482E-08 1.0345E-08 1.0206E-08 1.0061E-08 9.9156E-09 9.7665E-09 9.6137E-09 9.4603E-09 9.3048E-09 9.1463E-09 8.9882E-09 8.8255E-09 8.6657E-09 8.5030E-09 8.3428E-09 8.1780E-09 8.0197E-09 7.8536E-09 7.6965E-09 7.5305E-09 7.3754E-09 7.2104E-09 7.0579E-09 6.8949E-09 6.7455E-09 6.5852E-09 6.4395E-09 6.2832E-09 6.1415E-09 5.9894E-09 5.8519E-09 5.7076E-09 5.5711E-09 5.4345E-09 5.3026E-09 5.1733E-09 5.0431E-09 4.9211E-09 4.7956E-09 4.6751E-09 4.5571E-09 4.4412E-09 4.3251E-09 4.2140E-09 4.1024E-09 3.9960E-09 3.8864E-09 3.7874E-09 3.6826E-09 3.5846E-09 3.4897E-09 3.3902E-09 3.3025E-09
1.0696E-08 1.0587E-08 1.0474E-08 1.0352E-08 1.0228E-08 1.0101E-08 9.9690E-09 9.8317E-09 9.6922E-09 9.5485E-09 9.4035E-09 9.2560E-09 9.1051E-09 8.9540E-09 8.8012E-09 8.6459E-09 8.4914E-09 8.3339E-09 8.1770E-09 8.0189E-09 7.8635E-09 7.7039E-09 7.5510E-09 7.3896E-09 7.2384E-09 7.0778E-09 6.9256E-09 6.7701E-09 6.6176E-09 6.4677E-09 6.3158E-09 6.1726E-09 6.0250E-09 5.8852E-09 5.7449E-09 5.6093E-09 5.4729E-09 5.3417E-09 5.2125E-09 5.0857E-09 4.9579E-09 4.8382E-09 4.7152E-09 4.5969E-09 4.4811E-09 4.3619E-09 4.2534E-09 4.1415E-09 4.0347E-09 3.9276E-09 3.8226E-09 3.7228E-09 3.6187E-09 3.5261E-09 3.4268E-09 3.3351E-09 3.2464E-09
1.0395E-08 1.0295E-08 1.0190E-08 1.0078E-08 9.9635E-09 9.8430E-09 9.7178E-09 9.5893E-09 9.4561E-09 9.3202E-09 9.1820E-09 9.0400E-09 8.8953E-09 8.7501E-09 8.6019E-09 8.4541E-09 8.3049E-09 8.1534E-09 8.0013E-09 7.8504E-09 7.6982E-09 7.5454E-09 7.3935E-09 7.2405E-09 7.0852E-09 6.9375E-09 6.7815E-09 6.6382E-09 6.4840E-09 6.3437E-09 6.1929E-09 6.0559E-09 5.9088E-09 5.7754E-09 5.6354E-09 5.5027E-09 5.3697E-09 5.2412E-09 5.1150E-09 4.9878E-09 4.8684E-09 4.7458E-09 4.6307E-09 4.5121E-09 4.4013E-09 4.2845E-09 4.1782E-09 4.0685E-09 3.9613E-09 3.8588E-09 3.7558E-09 3.6579E-09 3.5558E-09 3.4649E-09 3.3638E-09 3.2774E-09 3.1835E-09
1.0082E-08 9.9910E-09 9.8932E-09 9.7914E-09 9.6837E-09 9.5692E-09 9.4532E-09 9.3320E-09 9.2068E-09 9.0787E-09 8.9472E-09 8.8119E-09 8.6756E-09 8.5369E-09 8.3951E-09 8.2534E-09 8.1083E-09 7.9631E-09 7.8162E-09 7.6713E-09 7.5219E-09 7.3783E-09 7.2263E-09 7.0834E-09 6.9313E-09 6.7899E-09 6.6386E-09 6.4993E-09 6.3498E-09 6.2103E-09 6.0668E-09 5.9305E-09 5.7903E-09 5.6549E-09 5.5238E-09 5.3918E-09 5.2646E-09 5.1391E-09 5.0158E-09 4.8915E-09 4.7748E-09 4.6549E-09 4.5394E-09 4.4264E-09 4.3152E-09 4.2037E-09 4.0970E-09 3.9895E-09 3.8873E-09 3.7843E-09 3.6861E-09 3.5877E-09 3.4902E-09 3.3987E-09 3.3021E-09 3.2175E-09 3.1218E-09
9.7519E-09 9.6696E-09 9.5820E-09 9.4888E-09 9.3903E-09 9.2858E-09 9.1767E-09 9.0644E-09 8.9461E-09 8.8252E-09 8.7015E-09 8.5733E-09 8.4436E-09 8.3105E-09 8.1769E-09 8.0413E-09 7.9030E-09 7.7635E-09 7.6243E-09 7.4835E-09 7.3415E-09 7.2016E-09 7.0567E-09 6.9171E-09 6.7719E-09 6.6320E-09 6.4889E-09 6.3454E-09 6.2093E-09 6.0657E-09 5.9348E-09 5.7972E-09 5.6662E-09 5.5347E-09 5.4071E-09 5.2760E-09 5.1547E-09 5.0300E-09 4.9094E-09 4.7911E-09 4.6721E-09 4.5602E-09 4.4450E-09 4.3370E-09 4.2233E-09 4.1195E-09 4.0127E-09 3.9102E-09 3.8078E-09 3.7069E-09 3.6112E-09 3.5147E-09 3.4220E-09 3.3300E-09 3.2380E-09 3.1527E-09 3.0615E-09
9.4135E-09 9.3404E-09 9.2613E-09 9.1766E-09 9.0855E-09 8.9903E-09 8.8896E-09 8.7826E-09 8.6744E-09 8.5614E-09 8.4438E-09 8.3254E-09 8.2022E-09 8.0760E-09 7.9490E-09 7.8188E-09 7.6886E-09 7.5549E-09 7.4225E-09 7.2854E-09 7.1530E-09 7.0123E-09 6.8796E-09 6.7378E-09 6.6055E-09 6.4638E-09 6.3327E-09 6.1918E-09 6.0626E-09 5.9240E-09 5.7971E-09 5.6611E-09 5.5346E-09 5.4068E-09 5.2827E-09 5.1584E-09 5.0378E-09 4.9192E-09 4.7995E-09 4.6867E-09 4.5709E-09 4.4591E-09 4.3496E-09 4.2418E-09 4.1335E-09 4.0299E-09 3.9280E-09 3.8258E-09 3.7256E-09 3.6296E-09 3.5338E-09 3.4384E-09 3.3491E-09 3.2581E-09 3.1716E-09 3.0850E-09 2.9992E-09
9.0647E-09 9.0002E-09 8.9288E-09 8.8501E-09 8.7686E-09 8.6819E-09 8.5894E-09 8.4934E-09 8.3923E-09 8.2871E-09 8.1786E-09 8.0659E-09 7.9508E-09 7.8335E-09 7.7136E-09 7.5905E-09 7.4656E-09 7.3402E-09 7.2128E-09 7.0835E-09 6.9557E-09 6.8226E-09 6.6940E-09 6.5596E-09 6.4326E-09 6.2965E-09 6.1649E-09 6.0348E-09 5.9001E-09 5.7767E-09 5.6469E-09 5.5229E-09 5.3981E-09 5.2768E-09 5.1545E-09 5.0363E-09 4.9171E-09 4.8042E-09 4.6881E-09 4.5785E-09 4.4661E-09 4.3574E-09 4.2508E-09 4.1438E-09 4.0407E-09 3.9397E-09 3.8379E-09 3.7410E-09 3.6433E-09 3.5476E-09 3.4564E-09 3.3634E-09 3.2763E-09 3.1840E-09 3.1009E-09 3.0154E-09 2.9350E-09
8.7032E-09 8.6474E-09 8.5856E-09 8.5180E-09 8.4449E-09 8.3657E-09 8.2826E-09 8.1940E-09 8.1020E-09 8.0041E-09 7.9028E-09 7.7984E-09 7.6914E-09 7.5814E-09 7.4677E-09 7.3531E-09 7.2347E-09 7.1167E-09 6.9956E-09 6.8731E-09 6.7497E-09 6.6261E-09 6.4965E-09 6.3750E-09 6.2444E-09 6.1232E-09 5.9926E-09 5.8723E-09 5.7430E-09 5.6242E-09 5.4967E-09 5.3798E-09 5.2571E-09 5.1398E-09 5.0221E-09 4.9076E-09 4.7947E-09 4.6807E-09 4.5730E-09 4.4623E-09 4.3577E-09 4.2501E-09 4.1489E-09 4.0425E-09 3.9426E-09 3.8444E-09 3.7457E-09 3.6514E-09 3.5560E-09 3.4656E-09 3.3743E-09 3.2863E-09 3.1991E-09 3.1117E-09 3.0275E-09 2.9440E-09 2.8661E-09
8.3379E-09 8.2905E-09 8.2371E-09 8.1779E-09 8.1132E-09 8.0425E-09 7.9653E-09 7.8860E-09 7.8012E-09 7.7134E-09 7.6209E-09 7.5237E-09 7.4254E-09 7.3208E-09 7.2159E-09 7.1084E-09 6.9976E-09 6.8864E-09 6.7716E-09 6.6562E-09 6.5381E-09 6.4221E-09 6.3003E-09 6.1846E-09 6.0603E-09 5.9419E-09 5.8198E-09 5.6954E-09 5.5809E-09 5.4603E-09 5.3446E-09 5.2280E-09 5.1143E-09 4.9993E-09 4.8879E-09 4.7755E-09 4.6686E-09 4.5586E-09 4.4544E-09 4.3474E-09 4.2438E-09 4.1421E-09 4.0398E-09 3.9410E-09 3.8442E-09 3.7464E-09 3.6532E-09 3.5593E-09 3.4691E-09 3.3791E-09 3.2893E-09 3.2050E-09 3.1159E-09 3.0374E-09 2.9525E-09 2.8745E-09 2.7956E-09
7.9649E-09 7.9242E-09 7.8792E-09 7.8285E-09 7.7722E-09 7.7107E-09 7.6442E-09 7.5720E-09 7.4964E-09 7.4158E-09 7.3311E-09 7.2431E-09 7.1509E-09 7.0561E-09 6.9588E-09 6.8572E-09 6.7542E-09 6.6498E-09 6.5424E-09 6.4333E-09 6.3235E-09 6.2076E-09 6.0986E-09 5.9808E-09 5.8709E-09 5.7521E-09 5.6421E-09 5.5236E-09 5.4142E-09 5.2966E-09 5.1863E-09 5.0744E-09 4.9674E-09 4.8551E-09 4.7479E-09 4.6420E-09 4.5347E-09 4.4330E-09 4.3286E-09 4.2294E-09 4.1274E-09 4.0311E-09 3.9300E-09 3.8368E-09 3.7410E-09 3.6467E-09 3.5563E-09 3.4650E-09 3.3781E-09 3.2905E-09 3.2058E-09 3.1219E-09 3.0376E-09 2.9594E-09 2.8759E-09 2.8033E-09 2.7238E-09
7.5885E-09 7.5576E-09 7.5207E-09 7.4781E-09 7.4298E-09 7.3764E-09 7.3171E-09 7.2539E-09 7.1855E-09 7.1123E-09 7.0357E-09 6.9554E-09 6.8715E-09 6.7848E-09 6.6949E-09 6.6013E-09 6.5065E-09 6.4078E-09 6.3078E-09 6.2046E-09 6.1027E-09 5.9950E-09 5.8922E-09 5.7810E-09 5.6725E-09 5.5645E-09 5.4518E-09 5.3476E-09 5.2375E-09 5.1315E-09 5.0243E-09 4.9193E-09 4.8130E-09 4.7096E-09 4.6050E-09 4.5051E-09 4.4022E-09 4.3045E-09 4.2041E-09 4.1064E-09 4.0104E-09 3.9138E-09 3.8202E-09 3.7284E-09 3.6378E-09 3.5468E-09 3.4573E-09 3.3712E-09 3.2852E-09 3.1993E-09 3.1186E-09 3.0363E-09 2.9577E-09 2.8792E-09 2.8011E-09 2.7281E-09 2.6492E-09
7.2122E-09 7.1889E-09 7.1597E-09 7.1248E-09 7.0811E-09 7.0357E-09 6.9852E-09 6.9301E-09 6.8703E-09 6.8055E-09 6.7376E-09 6.6652E-09 6.5882E-09 6.5089E-09 6.4257E-09 6.3408E-09 6.2531E-09 6.1620E-09 6.0688E-09 5.9730E-09 5.8734E-09 5.7781E-09 5.6743E-09 5.5771E-09 5.4714E-09 5.3731E-09 5.2667E-09 5.1679E-09 5.0615E-09 4.9611E-09 4.8590E-09 4.7592E-09 4.6578E-09 4.5589E-09 4.4610E-09 4.3615E-09 4.2669E-09 4.1696E-09 4.0769E-09 3.9814E-09 3.8910E-09 3.7981E-09 3.7081E-09 3.6177E-09 3.5286E-09 3.4430E-09 3.3586E-09 3.2738E-09 3.1926E-09 3.1097E-09 3.0297E-09 2.9493E-09 2.8745E-09 2.7976E-09 2.7249E-09 2.6488E-09 2.5781E-09
