Assets/Resources/2015_m01_d04_0700(utc+0800)_l00_csi_1hr_conc.grd
DSAA
         159         159
     -79.000      79.000
     -79.000      79.000
  0.2496E-10  0.5347E-05
[rows 0 to 24 of 159, columns 57 to 113 of 159]
7.7292E-11 7.8477E-11 7.9667E-11 8.0863E-11 8.2063E-11 8.3268E-11 8.4477E-11 8.5690E-11 8.6907E-11 8.8126E-11 8.9349E-11 9.0574E-11 9.1802E-11 9.3030E-11 9.4261E-11 9.5492E-11 9.6725E-11 9.7957E-11 9.9190E-11 1.0042E-10 1.0165E-10 1.0288E-10 1.0411E-10 1.0534E-10 1.0656E-10 1.0778E-10 1.0900E-10 1.1021E-10 1.1142E-10 1.1262E-10 1.1382E-10 1.1501E-10 1.1620E-10 1.1738E-10 1.1855E-10 1.1972E-10 1.2088E-10 1.2203E-10 1.2317E-10 1.2430E-10 1.2542E-10 1.2653E-10 1.2764E-10 1.2873E-10 1.2981E-10 1.3087E-10 1.3193E-10 1.3297E-10 1.3400E-10 1.3502E-10 1.3602E-10 1.3701E-10 1.3798E-10 1.3894E-10 1.3988E-10 1.4080E-10 1.4171E-10
7.8645E-11 7.9851E-11 8.1062E-11 8.2279E-11 8.3500E-11 8.4726E-11 8.5956E-11 8.7191E-11 8.8429E-11 8.9670E-11 9.0914E-11 9.2161E-11 9.3410E-11 9.4661E-11 9.5913E-11 9.7166E-11 9.8420E-11 9.9674E-11 1.0093E-10 1.0218E-10 1.0343E-10 1.0469E-10 1.0594E-10 1.0718E-10 1.0843E-10 1.0967E-10 1.1091E-10 1.1214E-10 1.1337E-10 1.1460E-10 1.1582E-10 1.1703E-10 1.1824E-10 1.1944E-10 1.2063E-10 1.2182E-10 1.2300E-10 1.2417E-10 1.2533E-10 1.2648E-10 1.2762E-10 1.2876E-10 1.2988E-10 1.3099E-10 1.3209E-10 1.3317E-10 1.3425E-10 1.3531E-10 1.3635E-10 1.3739E-10 1.3841E-10 1.3941E-10 1.4040E-10 1.4138E-10 1.4233E-10 1.4328E-10 1.4420E-10
8.0010E-11 8.1236E-11 8.2469E-11 8.3707E-11 8.4949E-11 8.6197E-11 8.7449E-11 8.8705E-11 8.9964E-11 9.1227E-11 9.2493E-11 9.3762E-11 9.5033E-11 9.6305E-11 9.7579E-11 9.8854E-11 1.0013E-10 1.0141E-10 1.0268E-10 1.0396E-10 1.0523E-10 1.0651E-10 1.0778E-10 1.0905E-10 1.1031E-10 1.1158E-10 1.1284E-10 1.1409E-10 1.1534E-10 1.1659E-10 1.1783E-10 1.1907E-10 1.2029E-10 1.2152E-10 1.2273E-10 1.2394E-10 1.2514E-10 1.2633E-10 1.2751E-10 1.2868E-10 1.2985E-10 1.3100E-10 1.3214E-10 1.3327E-10 1.3438E-10 1.3549E-10 1.3658E-10 1.3766E-10 1.3873E-10 1.3978E-10 1.4082E-10 1.4184E-10 1.4285E-10 1.4384E-10 1.4481E-10 1.4577E-10 1.4671E-10
8.1386E-11 8.2634E-11 8.3888E-11 8.5147E-11 8.6411E-11 8.7680E-11 8.8954E-11 9.0232E-11 9.1513E-11 9.2798E-11 9.4086E-11 9.5376E-11 9.6669E-11 9.7964E-11 9.9260E-11 1.0056E-10 1.0186E-10 1.0315E-10 1.0445E-10 1.0575E-10 1.0705E-10 1.0834E-10 1.0963E-10 1.1093E-10 1.1221E-10 1.1350E-10 1.1478E-10 1.1606E-10 1.1733E-10 1.1860E-10 1.1986E-10 1.2112E-10 1.2237E-10 1.2361E-10 1.2485E-10 1.2608E-10 1.2730E-10 1.2851E-10 1.2971E-10 1.3090E-10 1.3209E-10 1.3326E-10 1.3442E-10 1.3557E-10 1.3670E-10 1.3783E-10 1.3894E-10 1.4004E-10 1.4112E-10 1.4219E-10 1.4325E-10 1.4429E-10 1.4531E-10 1.4632E-10 1.4731E-10 1.4829E-10 1.4924E-10
8.2773E-11 8.4043E-11 8.5318E-11 8.6599E-11 8.7885E-11 8.9176E-11 9.0471E-11 9.1771E-11 9.3074E-11 9.4381E-11 9.5691E-11 9.7004E-11 9.8319E-11 9.9636E-11 1.0095E-10 1.0227E-10 1.0359E-10 1.0491E-10 1.0624E-10 1.0756E-10 1.0887E-10 1.1019E-10 1.1151E-10 1.1282E-10 1.1413E-10 1.1544E-10 1.1674E-10 1.1804E-10 1.1934E-10 1.2063E-10 1.2191E-10 1.2319E-10 1.2446E-10 1.2573E-10 1.2698E-10 1.2823E-10 1.2947E-10 1.3071E-10 1.3193E-10 1.3314E-10 1.3434E-10 1.3554E-10 1.3672E-10 1.3789E-10 1.3904E-10 1.4019E-10 1.4132E-10 1.4243E-10 1.4354E-10 1.4462E-10 1.4570E-10 1.4676E-10 1.4780E-10 1.4882E-10 1.4983E-10 1.5082E-10 1.5180E-10
8.4172E-11 8.5463E-11 8.6760E-11 8.8062E-11 8.9370E-11 9.0684E-11 9.2001E-11 9.3323E-11 9.4648E-11 9.5978E-11 9.7310E-11 9.8645E-11 9.9982E-11 1.0132E-10 1.0266E-10 1.0400E-10 1.0535E-10 1.0669E-10 1.0803E-10 1.0938E-10 1.1072E-10 1.1206E-10 1.1339E-10 1.1473E-10 1.1606E-10 1.1739E-10 1.1872E-10 1.2004E-10 1.2136E-10 1.2267E-10 1.2398E-10 1.2528E-10 1.2657E-10 1.2786E-10 1.2913E-10 1.3040E-10 1.3167E-10 1.3292E-10 1.3416E-10 1.3540E-10 1.3662E-10 1.3783E-10 1.3903E-10 1.4022E-10 1.4140E-10 1.4256E-10 1.4371E-10 1.4485E-10 1.4597E-10 1.4708E-10 1.4817E-10 1.4924E-10 1.5123E-10 1.5230E-10 1.5682E-10 1.5948E-10 1.6132E-10
8.5581E-11 8.6894E-11 8.8213E-11 8.9538E-11 9.0868E-11 9.2203E-11 9.3542E-11 9.4887E-11 9.6235E-11 9.7586E-11 9.8941E-11 1.0030E-10 1.0166E-10 1.0302E-10 1.0438E-10 1.0575E-10 1.0711E-10 1.0848E-10 1.0985E-10 1.1121E-10 1.1257E-10 1.1394E-10 1.1530E-10 1.1666E-10 1.1801E-10 1.1936E-10 1.2071E-10 1.2206E-10 1.2339E-10 1.2473E-10 1.2606E-10 1.2738E-10 1.2869E-10 1.3000E-10 1.3130E-10 1.3259E-10 1.3388E-10 1.3515E-10 1.3642E-10 1.3767E-10 1.3892E-10 1.4015E-10 1.4137E-10 1.4258E-10 1.4377E-10 1.4496E-10 1.4613E-10 1.4728E-10 1.4936E-10 1.5398E-10 1.5677E-10 1.5876E-10 1.6276E-10 1.6525E-10 1.6653E-10 1.7150E-10 1.7337E-10
8.7001E-11 8.8336E-11 8.9677E-11 9.1024E-11 9.2376E-11 9.3734E-11 9.5096E-11 9.6462E-11 9.7833E-11 9.9207E-11 1.0058E-10 1.0196E-10 1.0335E-10 1.0473E-10 1.0612E-10 1.0751E-10 1.0889E-10 1.1028E-10 1.1167E-10 1.1306E-10 1.1445E-10 1.1583E-10 1.1721E-10 1.1860E-10 1.1997E-10 1.2135E-10 1.2272E-10 1.2409E-10 1.2545E-10 1.2680E-10 1.2815E-10 1.2950E-10 1.3084E-10 1.3217E-10 1.3349E-10 1.3480E-10 1.3611E-10 1.3740E-10 1.3869E-10 1.3996E-10 1.4123E-10 1.4248E-10 1.4372E-10 1.4495E-10 1.4709E-10 1.4907E-10 1.5465E-10 1.5675E-10 1.6089E-10 1.6354E-10 1.6871E-10 1.7079E-10 1.7598E-10 1.7753E-10 1.7958E-10 1.8106E-10 1.8303E-10
8.8432E-11 8.9789E-11 9.1152E-11 9.2521E-11 9.3896E-11 9.5276E-11 9.6660E-11 9.8049E-11 9.9443E-11 1.0084E-10 1.0224E-10 1.0364E-10 1.0505E-10 1.0646E-10 1.0787E-10 1.0928E-10 1.1069E-10 1.1210E-10 1.1351E-10 1.1492E-10 1.1633E-10 1.1774E-10 1.1915E-10 1.2055E-10 1.2195E-10 1.2335E-10 1.2474E-10 1.2613E-10 1.2751E-10 1.2889E-10 1.3027E-10 1.3163E-10 1.3299E-10 1.3434E-10 1.3569E-10 1.3702E-10 1.3835E-10 1.3967E-10 1.4097E-10 1.4227E-10 1.4356E-10 1.4576E-10 1.5051E-10 1.5349E-10 1.5840E-10 1.6117E-10 1.6648E-10 1.6872E-10 1.7411E-10 1.7641E-10 1.7815E-10 1.8039E-10 1.8208E-10 1.8372E-10 1.8532E-10 1.8740E-10 1.8892E-10
8.9873E-11 9.1252E-11 9.2637E-11 9.4029E-11 9.5426E-11 9.6828E-11 9.8236E-11 9.9648E-11 1.0106E-10 1.0248E-10 1.0391E-10 1.0533E-10 1.0676E-10 1.0819E-10 1.0963E-10 1.1106E-10 1.1249E-10 1.1393E-10 1.1536E-10 1.1680E-10 1.1823E-10 1.1966E-10 1.2109E-10 1.2252E-10 1.2394E-10 1.2536E-10 1.2678E-10 1.2819E-10 1.2960E-10 1.3100E-10 1.3239E-10 1.3378E-10 1.3516E-10 1.3654E-10 1.3791E-10 1.3926E-10 1.4061E-10 1.4195E-10 1.4419E-10 1.4629E-10 1.5202E-10 1.5700E-10 1.5987E-10 1.6532E-10 1.6771E-10 1.7330E-10 1.7577E-10 1.7769E-10 1.8013E-10 1.8200E-10 1.8385E-10 1.8618E-10 1.8796E-10 1.9023E-10 1.9759E-10 1.9936E-10 2.0107E-10
9.1323E-11 9.2724E-11 9.4132E-11 9.5547E-11 9.6967E-11 9.8392E-11 9.9822E-11 1.0126E-10 1.0270E-10 1.0414E-10 1.0559E-10 1.0704E-10 1.0849E-10 1.0994E-10 1.1140E-10 1.1285E-10 1.1431E-10 1.1577E-10 1.1723E-10 1.1869E-10 1.2014E-10 1.2160E-10 1.2305E-10 1.2450E-10 1.2595E-10 1.2739E-10 1.2883E-10 1.3026E-10 1.3169E-10 1.3312E-10 1.3454E-10 1.3595E-10 1.3735E-10 1.3875E-10 1.4014E-10 1.4152E-10 1.4382E-10 1.4872E-10 1.5185E-10 1.5819E-10 1.6373E-10 1.6623E-10 1.7249E-10 1.7459E-10 1.7721E-10 1.7929E-10 1.8135E-10 1.8391E-10 1.8593E-10 1.9408E-10 1.9621E-10 1.9830E-10 2.0659E-10 2.0874E-10 2.1133E-10 2.1336E-10 2.1531E-10
9.2783E-11 9.4207E-11 9.5638E-11 9.7075E-11 9.8518E-11 9.9966E-11 1.0142E-10 1.0288E-10 1.0434E-10 1.0581E-10 1.0728E-10 1.0875E-10 1.1022E-10 1.1170E-10 1.1318E-10 1.1466E-10 1.1614E-10 1.1762E-10 1.1911E-10 1.2059E-10 1.2207E-10 1.2354E-10 1.2502E-10 1.2649E-10 1.2796E-10 1.2943E-10 1.3089E-10 1.3235E-10 1.3380E-10 1.3525E-10 1.3669E-10 1.3813E-10 1.3955E-10 1.4097E-10 1.4333E-10 1.4986E-10 1.5497E-10 1.6169E-10 1.6373E-10 1.7007E-10 1.7285E-10 1.7508E-10 1.7786E-10 1.8009E-10 1.8284E-10 1.8557E-10 1.9354E-10 1.9592E-10 2.0453E-10 2.0704E-10 2.1001E-10 2.1243E-10 2.1479E-10 2.1759E-10 2.1983E-10 2.2199E-10 2.2458E-10
9.4252E-11 9.5699E-11 9.7153E-11 9.8612E-11 1.0008E-10 1.0155E-10 1.0303E-10 1.0451E-10 1.0599E-10 1.0748E-10 1.0898E-10 1.1047E-10 1.1197E-10 1.1347E-10 1.1498E-10 1.1648E-10 1.1798E-10 1.1949E-10 1.2099E-10 1.2250E-10 1.2400E-10 1.2550E-10 1.2700E-10 1.2850E-10 1.3000E-10 1.3149E-10 1.3297E-10 1.3445E-10 1.3593E-10 1.3740E-10 1.3886E-10 1.4032E-10 1.4345E-10 1.4933E-10 1.5509E-10 1.6138E-10 1.6409E-10 1.7057E-10 1.7294E-10 1.7585E-10 1.7824E-10 1.8115E-10 1.8911E-10 1.9225E-10 2.0045E-10 2.0378E-10 2.0658E-10 2.0987E-10 2.1261E-10 2.1580E-10 2.1845E-10 2.2155E-10 2.2409E-10 2.2656E-10 2.2895E-10 2.3177E-10 2.3400E-10
9.5730E-11 9.7200E-11 9.8677E-11 1.0016E-10 1.0165E-10 1.0314E-10 1.0464E-10 1.0615E-10 1.0766E-10 1.0917E-10 1.1069E-10 1.1221E-10 1.1373E-10 1.1525E-10 1.1678E-10 1.1831E-10 1.1984E-10 1.2137E-10 1.2290E-10 1.2442E-10 1.2595E-10 1.2748E-10 1.2900E-10 1.3052E-10 1.3204E-10 1.3355E-10 1.3506E-10 1.3657E-10 1.3807E-10 1.3956E-10 1.4273E-10 1.4864E-10 1.5446E-10 1.6085E-10 1.6365E-10 1.7027E-10 1.7276E-10 1.7581E-10 1.7886E-10 1.8140E-10 1.9020E-10 1.9302E-10 2.0213E-10 2.0519E-10 2.0877E-10 2.1180E-10 2.1532E-10 2.1831E-10 2.2176E-10 2.2467E-10 2.2801E-10 2.3080E-10 2.3353E-10 2.3668E-10 2.3926E-10 2.4174E-10 2.4462E-10
9.7217E-11 9.8710E-11 1.0021E-10 1.0172E-10 1.0323E-10 1.0475E-10 1.0627E-10 1.0780E-10 1.0933E-10 1.1087E-10 1.1241E-10 1.1395E-10 1.1550E-10 1.1705E-10 1.1860E-10 1.2015E-10 1.2170E-10 1.2326E-10 1.2481E-10 1.2636E-10 1.2791E-10 1.2946E-10 1.3101E-10 1.3255E-10 1.3409E-10 1.3563E-10 1.3716E-10 1.3869E-10 1.4115E-10 1.4690E-10 1.5365E-10 1.6009E-10 1.6298E-10 1.6970E-10 1.7283E-10 1.7547E-10 1.7865E-10 1.8743E-10 1.9042E-10 1.9958E-10 2.0288E-10 2.0670E-10 2.1001E-10 2.1382E-10 2.1711E-10 2.2089E-10 2.2414E-10 2.2786E-10 2.3104E-10 2.3466E-10 2.3773E-10 2.4122E-10 2.4416E-10 2.4701E-10 2.5027E-10 2.5294E-10 2.5551E-10
9.8712E-11 1.0023E-10 1.0175E-10 1.0328E-10 1.0482E-10 1.0636E-10 1.0790E-10 1.0946E-10 1.1101E-10 1.1257E-10 1.1414E-10 1.1571E-10 1.1728E-10 1.1885E-10 1.2042E-10 1.2200E-10 1.2358E-10 1.2515E-10 1.2673E-10 1.2831E-10 1.2988E-10 1.3146E-10 1.3303E-10 1.3460E-10 1.3616E-10 1.3772E-10 1.4020E-10 1.4593E-10 1.4945E-10 1.5912E-10 1.6208E-10 1.6886E-10 1.7209E-10 1.7484E-10 1.7815E-10 1.8710E-10 1.9026E-10 1.9968E-10 2.0369E-10 2.0724E-10 2.1129E-10 2.1486E-10 2.1893E-10 2.2250E-10 2.2655E-10 2.3008E-10 2.3409E-10 2.3756E-10 2.4148E-10 2.4485E-10 2.4865E-10 2.5189E-10 2.6462E-10 2.6844E-10 2.8111E-10 2.8496E-10 2.8817E-10
1.0022E-10 1.0175E-10 1.0330E-10 1.0485E-10 1.0641E-10 1.0798E-10 1.0955E-10 1.1112E-10 1.1271E-10 1.1429E-10 1.1588E-10 1.1747E-10 1.1906E-10 1.2066E-10 1.2226E-10 1.2386E-10 1.2546E-10 1.2706E-10 1.2866E-10 1.3026E-10 1.3186E-10 1.3346E-10 1.3506E-10 1.3665E-10 1.3824E-10 1.4420E-10 1.4762E-10 1.5431E-10 1.6096E-10 1.6774E-10 1.7107E-10 1.7392E-10 1.7733E-10 1.8641E-10 1.9022E-10 1.9932E-10 2.0354E-10 2.0730E-10 2.1159E-10 2.1590E-10 2.1974E-10 2.2409E-10 2.2794E-10 2.3228E-10 2.3612E-10 2.4043E-10 2.4421E-10 2.4845E-10 2.6174E-10 2.6621E-10 2.7968E-10 2.8432E-10 2.8838E-10 2.9231E-10 2.9658E-10 3.0023E-10 3.0419E-10
1.0173E-10 1.0329E-10 1.0486E-10 1.0643E-10 1.0802E-10 1.0961E-10 1.1120E-10 1.1280E-10 1.1441E-10 1.1601E-10 1.1763E-10 1.1924E-10 1.2086E-10 1.2248E-10 1.2411E-10 1.2573E-10 1.2736E-10 1.2898E-10 1.3061E-10 1.3223E-10 1.3386E-10 1.3548E-10 1.3710E-10 1.3964E-10 1.4549E-10 1.5238E-10 1.5905E-10 1.6637E-10 1.6924E-10 1.7271E-10 1.7621E-10 1.8535E-10 1.8929E-10 1.9852E-10 2.0292E-10 2.0737E-10 2.1138E-10 2.1593E-10 2.2050E-10 2.2463E-10 2.2926E-10 2.3342E-10 2.3807E-10 2.4222E-10 2.4686E-10 2.6067E-10 2.6567E-10 2.7985E-10 2.8514E-10 2.8988E-10 2.9500E-10 2.9953E-10 3.0442E-10 3.0870E-10 3.1283E-10 3.1726E-10 3.2105E-10
1.0324E-10 1.0483E-10 1.0642E-10 1.0802E-10 1.0963E-10 1.1124E-10 1.1286E-10 1.1449E-10 1.1611E-10 1.1775E-10 1.1938E-10 1.2102E-10 1.2267E-10 1.2431E-10 1.2596E-10 1.2761E-10 1.2926E-10 1.3091E-10 1.3256E-10 1.3421E-10 1.3586E-10 1.3750E-10 1.4415E-10 1.4760E-10 1.5750E-10 1.6121E-10 1.6769E-10 1.7121E-10 1.7480E-10 1.7844E-10 1.8798E-10 1.9726E-10 2.0182E-10 2.0645E-10 2.1065E-10 2.1541E-10 2.2022E-10 2.2459E-10 2.2950E-10 2.3443E-10 2.3890E-10 2.4388E-10 2.5796E-10 2.6342E-10 2.7806E-10 2.8395E-10 2.8932E-10 2.9511E-10 3.0036E-10 3.0600E-10 3.1106E-10 3.1647E-10 3.2128E-10 3.2640E-10 3.3090E-10 3.3520E-10 3.3978E-10
1.0477E-10 1.0638E-10 1.0800E-10 1.0962E-10 1.1125E-10 1.1289E-10 1.1453E-10 1.1618E-10 1.1783E-10 1.1949E-10 1.2115E-10 1.2281E-10 1.2448E-10 1.2615E-10 1.2782E-10 1.2950E-10 1.3117E-10 1.3285E-10 1.3452E-10 1.3620E-10 1.3879E-10 1.4467E-10 1.5225E-10 1.5897E-10 1.6588E-10 1.6945E-10 1.7310E-10 1.7630E-10 1.8580E-10 1.9556E-10 2.0026E-10 2.0504E-10 2.0941E-10 2.1436E-10 2.1938E-10 2.2397E-10 2.2913E-10 2.3433E-10 2.3909E-10 2.5366E-10 2.5950E-10 2.7432E-10 2.8073E-10 2.8666E-10 2.9306E-10 2.9896E-10 3.0529E-10 3.1109E-10 3.1728E-10 3.2291E-10 3.2890E-10 3.3428E-10 3.4378E-10 3.5399E-10 3.6460E-10 3.9125E-10 3.9633E-10
1.0630E-10 1.0793E-10 1.0957E-10 1.1122E-10 1.1288E-10 1.1454E-10 1.1621E-10 1.1788E-10 1.1956E-10 1.2124E-10 1.2292E-10 1.2461E-10 1.2630E-10 1.2800E-10 1.2970E-10 1.3139E-10 1.3309E-10 1.3479E-10 1.3649E-10 1.3987E-10 1.4606E-10 1.5291E-10 1.6034E-10 1.6692E-10 1.7061E-10 1.7439E-10 1.8377E-10 1.8810E-10 1.9825E-10 2.0315E-10 2.0766E-10 2.1277E-10 2.1797E-10 2.2277E-10 2.2814E-10 2.3359E-10 2.3861E-10 2.5355E-10 2.5975E-10 2.7509E-10 2.8196E-10 2.8887E-10 2.9533E-10 3.0227E-10 3.0873E-10 3.1563E-10 3.2225E-10 3.3632E-10 3.5087E-10 3.6071E-10 3.8503E-10 3.9252E-10 3.9931E-10 4.2450E-10 4.3132E-10 4.3855E-10 4.4708E-10
1.0784E-10 1.0950E-10 1.1116E-10 1.1283E-10 1.1451E-10 1.1620E-10 1.1789E-10 1.1958E-10 1.2129E-10 1.2299E-10 1.2470E-10 1.2642E-10 1.2813E-10 1.2985E-10 1.3157E-10 1.3330E-10 1.3502E-10 1.3675E-10 1.4349E-10 1.4781E-10 1.5718E-10 1.6112E-10 1.6841E-10 1.7221E-10 1.7610E-10 1.8580E-10 1.9531E-10 2.0031E-10 2.0543E-10 2.1067E-10 2.1602E-10 2.2098E-10 2.2654E-10 2.3220E-10 2.3795E-10 2.5264E-10 2.5917E-10 2.7536E-10 2.8219E-10 2.8956E-10 2.9653E-10 3.0401E-10 3.1152E-10 3.2418E-10 3.4128E-10 3.5257E-10 3.6078E-10 3.8810E-10 4.0359E-10 4.3731E-10 4.5008E-10 4.5899E-10 4.6802E-10 4.7622E-10 4.8400E-10 4.9178E-10 4.9863E-10
1.0938E-10 1.1106E-10 1.1275E-10 1.1445E-10 1.1615E-10 1.1786E-10 1.1958E-10 1.2130E-10 1.2302E-10 1.2476E-10 1.2649E-10 1.2823E-10 1.2997E-10 1.3171E-10 1.3346E-10 1.3521E-10 1.3787E-10 1.4381E-10 1.4884E-10 1.5887E-10 1.6546E-10 1.6927E-10 1.7319E-10 1.7720E-10 1.8721E-10 1.9755E-10 2.0275E-10 2.0808E-10 2.1354E-10 2.1864E-10 2.2436E-10 2.3019E-10 2.3565E-10 2.5093E-10 2.5775E-10 2.7417E-10 2.8138E-10 2.8919E-10 2.9709E-10 3.0461E-10 3.1823E-10 3.3700E-10 3.4837E-10 3.6083E-10 3.9631E-10 4.1368E-10 4.4212E-10 4.5355E-10 4.6432E-10 4.7531E-10 4.8554E-10 4.9589E-10 5.0541E-10 5.1495E-10 5.2357E-10 5.3167E-10 5.3968E-10
1.1093E-10 1.1264E-10 1.1435E-10 1.1607E-10 1.1780E-10 1.1953E-10 1.2127E-10 1.2302E-10 1.2477E-10 1.2652E-10 1.2828E-10 1.3005E-10 1.3181E-10 1.3358E-10 1.3535E-10 1.3878E-10 1.4408E-10 1.5187E-10 1.5940E-10 1.6612E-10 1.7057E-10 1.7407E-10 1.8432E-10 1.8849E-10 1.9965E-10 2.0455E-10 2.1008E-10 2.1578E-10 2.2161E-10 2.2758E-10 2.3320E-10 2.3945E-10 2.5550E-10 2.7202E-10 2.7956E-10 2.8774E-10 2.9606E-10 3.0403E-10 3.1259E-10 3.4105E-10 3.5614E-10 3.9408E-10 4.0918E-10 4.3859E-10 4.5162E-10 4.6412E-10 4.7695E-10 4.8916E-10 5.0159E-10 5.1330E-10 5.2512E-10 5.3612E-10 5.4712E-10 5.5720E-10 5.6719E-10 5.7616E-10 5.8451E-10
1.1249E-10 1.1421E-10 1.1595E-10 1.1770E-10 1.1945E-10 1.2121E-10 1.2297E-10 1.2474E-10 1.2652E-10 1.2830E-10 1.3008E-10 1.3187E-10 1.3366E-10 1.3546E-10 1.3892E-10 1.4576E-10 1.5219E-10 1.5985E-10 1.6722E-10 1.7124E-10 1.7536E-10 1.8533E-10 1.9568E-10 2.0110E-10 2.0668E-10 2.1242E-10 2.1784E-10 2.2440E-10 2.3015E-10 2.3654E-10 2.5247E-10 2.5940E-10 2.7674E-10 2.8523E-10 2.9390E-10 3.0274E-10 3.1128E-10 3.4084E-10 3.6514E-10 3.9971E-10 4.1284E-10 4.4377E-10 4.5822E-10 4.7269E-10 4.8668E-10 5.0104E-10 5.1481E-10 5.2884E-10 5.4216E-10 5.5562E-10 5.6825E-10 5.8091E-10 5.9262E-10 6.0423E-10 6.1480E-10 6.2516E-10 6.3438E-10
