Assets/Resources/2015_m01_d07_0300(utc+0800)_l00_csi_1hr_conc.grd
DSAA
         159         159
     -79.000      79.000
     -79.000      79.000
  0.0000E+00  0.1429E-04
[rows 75 to 99 of 159, columns 57 to 113 of 159]
2.1224E-10 2.4064E-10 2.7679E-10 3.1429E-10 3.5855E-10 4.1171E-10 4.6094E-10 5.2030E-10 5.8636E-10 6.6719E-10 7.8566E-10 9.3805E-10 1.1071E-09 1.2884E-09 1.5265E-09 1.7960E-09 2.0637E-09 2.3398E-09 2.6342E-09 3.0725E-09 3.7052E-09 4.4039E-09 5.2486E-09 2.6549E-08 4.9109E-06 1.5705E-07 8.6023E-09 8.9327E-09 8.8816E-09 8.5050E-09 7.8922E-09 7.0803E-09 6.2534E-09 5.4098E-09 4.6332E-09 3.9578E-09 3.3803E-09 2.9062E-09 2.3839E-09 2.0182E-09 1.6866E-09 1.5612E-09 1.4596E-09 1.3615E-09 1.2694E-09 1.1572E-09 1.0491E-09 9.6455E-10 8.4901E-10 7.9419E-10 7.4069E-10 6.8836E-10 6.3531E-10 5.8299E-10 5.3554E-10 4.9047E-10 4.4819E-10
1.7687E-10 2.0812E-10 2.3372E-10 2.6318E-10 3.0020E-10 3.3684E-10 3.8242E-10 4.3321E-10 4.8003E-10 5.3976E-10 6.0450E-10 6.9718E-10 8.2889E-10 9.7437E-10 1.1238E-09 1.3332E-09 1.5460E-09 1.7644E-09 1.9842E-09 2.2159E-09 2.5870E-09 3.0425E-09 3.5759E-09 7.1269E-07 1.4738E-06 5.2704E-09 5.6493E-09 5.8232E-09 5.8089E-09 5.5612E-09 5.1408E-09 4.6458E-09 4.1275E-09 3.6041E-09 3.1496E-09 2.7268E-09 2.1945E-09 1.8738E-09 1.6311E-09 1.5102E-09 1.4076E-09 1.3174E-09 1.2171E-09 1.1232E-09 1.0303E-09 9.6390E-10 8.4301E-10 7.9531E-10 7.4724E-10 6.9923E-10 6.4901E-10 5.9977E-10 5.5545E-10 5.1266E-10 4.7158E-10 4.3137E-10 3.9393E-10
1.5097E-10 1.7208E-10 1.9558E-10 2.2673E-10 2.5325E-10 2.8315E-10 3.1909E-10 3.5656E-10 3.9784E-10 4.4246E-10 4.9232E-10 5.4327E-10 6.1070E-10 7.1158E-10 8.2211E-10 9.5375E-10 1.1266E-09 1.3179E-09 1.4802E-09 1.6602E-09 1.8342E-09 2.1244E-09 2.4549E-09 1.4292E-05 3.1064E-09 3.4436E-09 3.6468E-09 3.8039E-09 3.7845E-09 3.6382E-09 3.3866E-09 3.0755E-09 2.7467E-09 2.3727E-09 1.9048E-09 1.6631E-09 1.5384E-09 1.4318E-09 1.3378E-09 1.2383E-09 1.1426E-09 1.0557E-09 9.8155E-10 9.2852E-10 8.1685E-10 7.7799E-10 7.3769E-10 6.9524E-10 6.5117E-10 6.0725E-10 5.6616E-10 5.2519E-10 4.8639E-10 4.4892E-10 4.1294E-10 3.7810E-10 3.4475E-10
1.1457E-10 1.4434E-10 1.6809E-10 1.8796E-10 2.1181E-10 2.4324E-10 2.6981E-10 2.9947E-10 3.2849E-10 3.6892E-10 4.0597E-10 4.4515E-10 4.8806E-10 5.3780E-10 5.9665E-10 6.7601E-10 7.7150E-10 9.0613E-10 1.0455E-09 1.1717E-09 1.3037E-09 1.4275E-09 1.6478E-09 1.8046E-09 2.0252E-09 2.1597E-09 2.3271E-09 2.3777E-09 2.3596E-09 2.2769E-09 2.1434E-09 1.9062E-09 1.5788E-09 1.4881E-09 1.3826E-09 1.2930E-09 1.2077E-09 1.1255E-09 1.0535E-09 9.8741E-10 9.2386E-10 8.5857E-10 7.7597E-10 7.4427E-10 7.1111E-10 6.7535E-10 6.3731E-10 6.0192E-10 5.6584E-10 5.2968E-10 4.9407E-10 4.5897E-10 4.2409E-10 3.9141E-10 3.6004E-10 3.2983E-10 2.9922E-10
7.4188E-11 1.1023E-10 1.3806E-10 1.6050E-10 1.8121E-10 2.0160E-10 2.2547E-10 2.4997E-10 2.8221E-10 3.0935E-10 3.3848E-10 3.6783E-10 4.0519E-10 4.4264E-10 4.7726E-10 5.1629E-10 5.5850E-10 6.2638E-10 7.1809E-10 8.1662E-10 8.9549E-10 9.8285E-10 1.0550E-09 1.1194E-09 1.1967E-09 1.3430E-09 1.3981E-09 1.4336E-09 1.4194E-09 1.3798E-09 1.2486E-09 1.2041E-09 1.1501E-09 1.1041E-09 1.0549E-09 1.0069E-09 9.4660E-10 8.9333E-10 8.3874E-10 7.8971E-10 7.2476E-10 6.9492E-10 6.6805E-10 6.4057E-10 6.1209E-10 5.8343E-10 5.5295E-10 5.2247E-10 4.9133E-10 4.6006E-10 4.2885E-10 3.9860E-10 3.6814E-10 3.3859E-10 3.1097E-10 2.8477E-10 2.5875E-10
4.4353E-11 6.8959E-11 1.0266E-10 1.3161E-10 1.5204E-10 1.7079E-10 1.9140E-10 2.1194E-10 2.3578E-10 2.5900E-10 2.8322E-10 3.1532E-10 3.4107E-10 3.6899E-10 3.9656E-10 4.2389E-10 4.5329E-10 4.8937E-10 5.2556E-10 5.7943E-10 6.4899E-10 7.0042E-10 7.5513E-10 8.1010E-10 8.4821E-10 8.7904E-10 9.1428E-10 9.2733E-10 9.3455E-10 9.3166E-10 9.2007E-10 9.0450E-10 8.7570E-10 8.5388E-10 8.1506E-10 7.8275E-10 7.4034E-10 6.9225E-10 6.6560E-10 6.4004E-10 6.1852E-10 5.9600E-10 5.7371E-10 5.5119E-10 5.2789E-10 5.0361E-10 4.7813E-10 4.5135E-10 4.2449E-10 3.9758E-10 3.7041E-10 3.4310E-10 3.1774E-10 2.9126E-10 2.6739E-10 2.4350E-10 2.2103E-10
2.7322E-11 4.0532E-11 6.3001E-11 9.3000E-11 1.2208E-10 1.4415E-10 1.6099E-10 1.7944E-10 1.9881E-10 2.1904E-10 2.3983E-10 2.6261E-10 2.8574E-10 3.0846E-10 3.3265E-10 3.6231E-10 3.8630E-10 4.1005E-10 4.3503E-10 4.6070E-10 4.9347E-10 5.2996E-10 5.6848E-10 6.0278E-10 6.3313E-10 6.7128E-10 6.9076E-10 7.0484E-10 7.1346E-10 7.1608E-10 7.1360E-10 7.0521E-10 6.7795E-10 6.5526E-10 6.3792E-10 6.1895E-10 5.9719E-10 5.7945E-10 5.6365E-10 5.4757E-10 5.3015E-10 5.1164E-10 4.9264E-10 4.7281E-10 4.5260E-10 4.3199E-10 4.1063E-10 3.8832E-10 3.6428E-10 3.4055E-10 3.1762E-10 2.9356E-10 2.7048E-10 2.4805E-10 2.2730E-10 2.0551E-10 1.8600E-10
1.8831E-11 2.4620E-11 3.5401E-11 5.5543E-11 8.2980E-11 1.1088E-10 1.3377E-10 1.5069E-10 1.6643E-10 1.8465E-10 2.0302E-10 2.2159E-10 2.4054E-10 2.6116E-10 2.8153E-10 3.0308E-10 3.2347E-10 3.4450E-10 3.6475E-10 3.8417E-10 4.0358E-10 4.2501E-10 4.4807E-10 4.7187E-10 4.9437E-10 5.1469E-10 5.3044E-10 5.4263E-10 5.5067E-10 5.5458E-10 5.5454E-10 5.5109E-10 5.4415E-10 5.3487E-10 5.2354E-10 5.1358E-10 5.0466E-10 4.9441E-10 4.8218E-10 4.6865E-10 4.5325E-10 4.3684E-10 4.2037E-10 4.0364E-10 3.8576E-10 3.6794E-10 3.4966E-10 3.3104E-10 3.1053E-10 2.8942E-10 2.6952E-10 2.4855E-10 2.2890E-10 2.0888E-10 1.9039E-10 1.7197E-10 1.5401E-10
1.0897E-11 1.5784E-11 2.1266E-11 2.9423E-11 4.6156E-11 7.0832E-11 9.8708E-11 1.2076E-10 1.3919E-10 1.5451E-10 1.6981E-10 1.8492E-10 2.0216E-10 2.1967E-10 2.3673E-10 2.5342E-10 2.7288E-10 2.9031E-10 3.0774E-10 3.2555E-10 3.4178E-10 3.5772E-10 3.7212E-10 3.8811E-10 4.0146E-10 4.1415E-10 4.2499E-10 4.3350E-10 4.4072E-10 4.4516E-10 4.4757E-10 4.4834E-10 4.4752E-10 4.4548E-10 4.4168E-10 4.3616E-10 4.2899E-10 4.2026E-10 4.0916E-10 3.9766E-10 3.8468E-10 3.7105E-10 3.5659E-10 3.4150E-10 3.2620E-10 3.1069E-10 2.9467E-10 2.7883E-10 2.6194E-10 2.4325E-10 2.2568E-10 2.0860E-10 1.9038E-10 1.7241E-10 1.5738E-10 1.4253E-10 1.2607E-10
6.5511E-12 9.3755E-12 1.2356E-11 1.7311E-11 2.4361E-11 3.6268E-11 5.6246E-11 8.2454E-11 1.0712E-10 1.2579E-10 1.4102E-10 1.5409E-10 1.6867E-10 1.8230E-10 1.9721E-10 2.1302E-10 2.2789E-10 2.4317E-10 2.5747E-10 2.7185E-10 2.8722E-10 3.0026E-10 3.1413E-10 3.2596E-10 3.3640E-10 3.4651E-10 3.5563E-10 3.6341E-10 3.6909E-10 3.7335E-10 3.7661E-10 3.7791E-10 3.7769E-10 3.7623E-10 3.7300E-10 3.6833E-10 3.6225E-10 3.5459E-10 3.4511E-10 3.3446E-10 3.2374E-10 3.1168E-10 2.9961E-10 2.8709E-10 2.7407E-10 2.5872E-10 2.4619E-10 2.3239E-10 2.1748E-10 2.0187E-10 1.8665E-10 1.7180E-10 1.5692E-10 1.4229E-10 1.2941E-10 1.1498E-10 9.7436E-11
2.8617E-12 5.0713E-12 7.6018E-12 1.0385E-11 1.3414E-11 1.9088E-11 2.7883E-11 4.2790E-11 6.5204E-11 8.9998E-11 1.1104E-10 1.2640E-10 1.3902E-10 1.5172E-10 1.6383E-10 1.7716E-10 1.8924E-10 2.0088E-10 2.1459E-10 2.2725E-10 2.3928E-10 2.5042E-10 2.6055E-10 2.7134E-10 2.8082E-10 2.8868E-10 2.9681E-10 3.0266E-10 3.0767E-10 3.1172E-10 3.1486E-10 3.1637E-10 3.1618E-10 3.1518E-10 3.1246E-10 3.0852E-10 3.0260E-10 2.9591E-10 2.8824E-10 2.8006E-10 2.6927E-10 2.5927E-10 2.4857E-10 2.3694E-10 2.2658E-10 2.1461E-10 2.0215E-10 1.9155E-10 1.7882E-10 1.6559E-10 1.5314E-10 1.4104E-10 1.2926E-10 1.1583E-10 1.0172E-10 8.5586E-11 5.6283E-11
5.7125E-13 1.6948E-12 3.4784E-12 5.7217E-12 8.2416E-12 1.1000E-11 1.4034E-11 1.9065E-11 3.0140E-11 4.7711E-11 6.8616E-11 9.1074E-11 1.0987E-10 1.2346E-10 1.3517E-10 1.4471E-10 1.5573E-10 1.6664E-10 1.7758E-10 1.8752E-10 1.9759E-10 2.0690E-10 2.1580E-10 2.2445E-10 2.3216E-10 2.3868E-10 2.4572E-10 2.5193E-10 2.5634E-10 2.5929E-10 2.6121E-10 2.6118E-10 2.6100E-10 2.5976E-10 2.5747E-10 2.5418E-10 2.4991E-10 2.4473E-10 2.3868E-10 2.3105E-10 2.2353E-10 2.1273E-10 2.0417E-10 1.9540E-10 1.8543E-10 1.7550E-10 1.6479E-10 1.5569E-10 1.4686E-10 1.3736E-10 1.2478E-10 1.1512E-10 1.0356E-10 8.1756E-11 6.2919E-11 3.6909E-11 1.2017E-11
0.0000E+00 1.4354E-13 7.8738E-13 1.9837E-12 3.7766E-12 5.9584E-12 8.3754E-12 1.1059E-11 1.4318E-11 1.9666E-11 3.0840E-11 4.7651E-11 6.8463E-11 8.7529E-11 1.0457E-10 1.1756E-10 1.2831E-10 1.3685E-10 1.4566E-10 1.5349E-10 1.6157E-10 1.7012E-10 1.7799E-10 1.8582E-10 1.9183E-10 1.9771E-10 2.0246E-10 2.0647E-10 2.1016E-10 2.1259E-10 2.1416E-10 2.1536E-10 2.1520E-10 2.1415E-10 2.1225E-10 2.0860E-10 2.0506E-10 2.0076E-10 1.9528E-10 1.8963E-10 1.8296E-10 1.7542E-10 1.6653E-10 1.5878E-10 1.5151E-10 1.4307E-10 1.3558E-10 1.2638E-10 1.1924E-10 1.1143E-10 9.4636E-11 7.7278E-11 6.3694E-11 3.2945E-11 9.2542E-12 1.4501E-12 0.0000E+00
0.0000E+00 0.0000E+00 0.0000E+00 2.0401E-13 8.4866E-13 1.9797E-12 3.6739E-12 5.7246E-12 7.9433E-12 1.0483E-11 1.3653E-11 1.8812E-11 2.8492E-11 4.3657E-11 6.1841E-11 7.9874E-11 9.5681E-11 1.0756E-10 1.1710E-10 1.2500E-10 1.3297E-10 1.3952E-10 1.4573E-10 1.5110E-10 1.5603E-10 1.6132E-10 1.6571E-10 1.6901E-10 1.7167E-10 1.7444E-10 1.7620E-10 1.7678E-10 1.7664E-10 1.7577E-10 1.7419E-10 1.7107E-10 1.6723E-10 1.6246E-10 1.5836E-10 1.5372E-10 1.4862E-10 1.4261E-10 1.3593E-10 1.2902E-10 1.2247E-10 1.1651E-10 1.0105E-10 9.2007E-11 7.9362E-11 6.7937E-11 4.7566E-11 2.2585E-11 7.3591E-12 1.0823E-12 0.0000E+00 0.0000E+00 0.0000E+00
0.0000E+00 0.0000E+00 0.0000E+00 0.0000E+00 0.0000E+00 1.8924E-13 7.5356E-13 1.6813E-12 3.1817E-12 5.0313E-12 6.9956E-12 9.2898E-12 1.2101E-11 1.6309E-11 2.4051E-11 3.5504E-11 4.9860E-11 6.6171E-11 8.1442E-11 9.4088E-11 1.0372E-10 1.1121E-10 1.1748E-10 1.2210E-10 1.2662E-10 1.3103E-10 1.3422E-10 1.3693E-10 1.3961E-10 1.4124E-10 1.4231E-10 1.4278E-10 1.4267E-10 1.4196E-10 1.4067E-10 1.3881E-10 1.3642E-10 1.3265E-10 1.2878E-10 1.2498E-10 1.2002E-10 1.1551E-10 1.0600E-10 8.9227E-11 8.2071E-11 6.6700E-11 5.5711E-11 4.5048E-11 3.1221E-11 1.4450E-11 3.8327E-12 2.7812E-13 0.0000E+00 0.0000E+00 0.0000E+00 0.0000E+00 0.0000E+00
0.0000E+00 0.0000E+00 0.0000E+00 0.0000E+00 0.0000E+00 0.0000E+00 0.0000E+00 1.0159E-13 5.1093E-13 1.2124E-12 2.2734E-12 3.7989E-12 5.5120E-12 7.3330E-12 9.4792E-12 1.2340E-11 1.7120E-11 2.4775E-11 3.5035E-11 4.7340E-11 6.0109E-11 7.2197E-11 8.3310E-11 9.1605E-11 9.8402E-11 1.0397E-10 1.0857E-10 1.1125E-10 1.1320E-10 1.1460E-10 1.1546E-10 1.1585E-10 1.1575E-10 1.1517E-10 1.1412E-10 1.1260E-10 1.0983E-10 1.0746E-10 1.0442E-10 9.9527E-11 8.6865E-11 7.5851E-11 6.2568E-11 4.9046E-11 4.1288E-11 2.9482E-11 1.5735E-11 5.7576E-12 6.9727E-13 0.0000E+00 0.0000E+00 0.0000E+00 0.0000E+00 0.0000E+00 0.0000E+00 0.0000E+00 0.0000E+00
0.0000E+00 0.0000E+00 0.0000E+00 0.0000E+00 0.0000E+00 0.0000E+00 0.0000E+00 0.0000E+00 0.0000E+00 0.0000E+00 1.9769E-13 6.2657E-13 1.2659E-12 2.2257E-12 3.5515E-12 4.9778E-12 6.4462E-12 8.1753E-12 1.0485E-11 1.4177E-11 1.9479E-11 2.6286E-11 3.4148E-11 4.2748E-11 5.1798E-11 6.0098E-11 6.7148E-11 7.2951E-11 7.7403E-11 8.0795E-11 8.2999E-11 8.4114E-11 8.4263E-11 8.3326E-11 8.1135E-11 7.7828E-11 7.3027E-11 6.4836E-11 5.5565E-11 4.6391E-11 3.5769E-11 2.7530E-11 1.8443E-11 9.8882E-12 4.0397E-12 2.3598E-13 0.0000E+00 0.0000E+00 0.0000E+00 0.0000E+00 0.0000E+00 0.0000E+00 0.0000E+00 0.0000E+00 0.0000E+00 0.0000E+00 0.0000E+00
0.0000E+00 0.0000E+00 0.0000E+00 0.0000E+00 0.0000E+00 0.0000E+00 0.0000E+00 0.0000E+00 0.0000E+00 0.0000E+00 0.0000E+00 0.0000E+00 0.0000E+00 1.4663E-13 4.4409E-13 8.7032E-13 1.4423E-12 2.3047E-12 3.3459E-12 4.4270E-12 5.5208E-12 6.6961E-12 8.0116E-12 9.9020E-12 1.2088E-11 1.4285E-11 1.6407E-11 1.8219E-11 1.9655E-11 2.0703E-11 2.1356E-11 2.1587E-11 2.1363E-11 2.0652E-11 1.9458E-11 1.7655E-11 1.5311E-11 1.2164E-11 9.0347E-12 5.8235E-12 2.8238E-12 6.6373E-13 0.0000E+00 0.0000E+00 0.0000E+00 0.0000E+00 0.0000E+00 0.0000E+00 0.0000E+00 0.0000E+00 0.0000E+00 0.0000E+00 0.0000E+00 0.0000E+00 0.0000E+00 0.0000E+00 0.0000E+00
0.0000E+00 0.0000E+00 0.0000E+00 0.0000E+00 0.0000E+00 0.0000E+00 0.0000E+00 0.0000E+00 0.0000E+00 0.0000E+00 0.0000E+00 0.0000E+00 0.0000E+00 0.0000E+00 0.0000E+00 0.0000E+00 0.0000E+00 1.0347E-13 2.6107E-13 5.2124E-13 8.0512E-13 1.1302E-12 1.4226E-12 1.6781E-12 1.8928E-12 2.0629E-12 2.1855E-12 2.2581E-12 2.2786E-12 2.2458E-12 2.1591E-12 2.0184E-12 1.8246E-12 1.5790E-12 1.2838E-12 9.4182E-13 5.5658E-13 1.4739E-13 0.0000E+00 0.0000E+00 0.0000E+00 0.0000E+00 0.0000E+00 0.0000E+00 0.0000E+00 0.0000E+00 0.0000E+00 0.0000E+00 0.0000E+00 0.0000E+00 0.0000E+00 0.0000E+00 0.0000E+00 0.0000E+00 0.0000E+00 0.0000E+00 0.0000E+00
0.0000E+00 0.0000E+00 0.0000E+00 0.0000E+00 0.0000E+00 0.0000E+00 0.0000E+00 0.0000E+00 0.0000E+00 0.0000E+00 0.0000E+00 0.0000E+00 0.0000E+00 0.0000E+00 0.0000E+00 0.0000E+00 0.0000E+00 0.0000E+00 0.0000E+00 0.0000E+00 0.0000E+00 0.0000E+00 0.0000E+00 0.0000E+00 0.0000E+00 0.0000E+00 0.0000E+00 0.0000E+00 0.0000E+00 0.0000E+00 0.0000E+00 0.0000E+00 0.0000E+00 0.0000E+00 0.0000E+00 0.0000E+00 0.0000E+00 0.0000E+00 0.0000E+00 0.0000E+00 0.0000E+00 0.0000E+00 0.0000E+00 0.0000E+00 0.0000E+00 0.0000E+00 0.0000E+00 0.0000E+00 0.0000E+00 0.0000E+00 0.0000E+00 0.0000E+00 0.0000E+00 0.0000E+00 0.0000E+00 0.0000E+00 0.0000E+00
0.0000E+00 0.0000E+00 0.0000E+00 0.0000E+00 0.0000E+00 0.0000E+00 0.0000E+00 0.0000E+00 0.0000E+00 0.0000E+00 0.0000E+00 0.0000E+00 0.0000E+00 0.0000E+00 0.0000E+00 0.0000E+00 0.0000E+00 0.0000E+00 0.0000E+00 0.0000E+00 0.0000E+00 0.0000E+00 0.0000E+00 0.0000E+00 0.0000E+00 0.0000E+00 0.0000E+00 0.0000E+00 0.0000E+00 0.0000E+00 0.0000E+00 0.0000E+00 0.0000E+00 0.0000E+00 0.0000E+00 0.0000E+00 0.0000E+00 0.0000E+00 0.0000E+00 0.0000E+00 0.0000E+00 0.0000E+00 0.0000E+00 0.0000E+00 0.0000E+00 0.0000E+00 0.0000E+00 0.0000E+00 0.0000E+00 0.0000E+00 0.0000E+00 0.0000E+00 0.0000E+00 0.0000E+00 0.0000E+00 0.0000E+00 0.0000E+00
0.0000E+00 0.0000E+00 0.0000E+00 0.0000E+00 0.0000E+00 0.0000E+00 0.0000E+00 0.0000E+00 0.0000E+00 0.0000E+00 0.0000E+00 0.0000E+00 0.0000E+00 0.0000E+00 0.0000E+00 0.0000E+00 0.0000E+00 0.0000E+00 0.0000E+00 0.0000E+00 0.0000E+00 0.0000E+00 0.0000E+00 0.0000E+00 0.0000E+00 0.0000E+00 0.0000E+00 0.0000E+00 0.0000E+00 0.0000E+00 0.0000E+00 0.0000E+00 0.0000E+00 0.0000E+00 0.0000E+00 0.0000E+00 0.0000E+00 0.0000E+00 0.0000E+00 0.0000E+00 0.0000E+00 0.0000E+00 0.0000E+00 0.0000E+00 0.0000E+00 0.0000E+00 0.0000E+00 0.0000E+00 0.0000E+00 0.0000E+00 0.0000E+00 0.0000E+00 0.0000E+00 0.0000E+00 0.0000E+00 0.0000E+00 0.0000E+00
0.0000E+00 0.0000E+00 0.0000E+00 0.0000E+00 0.0000E+00 0.0000E+00 0.0000E+00 0.0000E+00 0.0000E+00 0.0000E+00 0.0000E+00 0.0000E+00 0.0000E+00 0.0000E+00 0.0000E+00 0.0000E+00 0.0000E+00 0.0000E+00 0.0000E+00 0.0000E+00 0.0000E+00 0.0000E+00 0.0000E+00 0.0000E+00 0.0000E+00 0.0000E+00 0.0000E+00 0.0000E+00 0.0000E+00 0.0000E+00 0.0000E+00 0.0000E+00 0.0000E+00 0.0000E+00 0.0000E+00 0.0000E+00 0.0000E+00 0.0000E+00 0.0000E+00 0.0000E+00 0.0000E+00 0.0000E+00 0.0000E+00 0.0000E+00 0.0000E+00 0.0000E+00 0.0000E+00 0.0000E+00 0.0000E+00 0.0000E+00 0.0000E+00 0.0000E+00 0.0000E+00 0.0000E+00 0.0000E+00 0.0000E+00 0.0000E+00
0.0000E+00 0.0000E+00 0.0000E+00 0.0000E+00 0.0000E+00 0.0000E+00 0.0000E+00 0.0000E+00 0.0000E+00 0.0000E+00 0.0000E+00 0.0000E+00 0.0000E+00 0.0000E+00 0.0000E+00 0.0000E+00 0.0000E+00 0.0000E+00 0.0000E+00 0.0000E+00 0.0000E+00 0.0000E+00 0.0000E+00 0.0000E+00 0.0000E+00 0.0000E+00 0.0000E+00 0.0000E+00 0.0000E+00 0.0000E+00 0.0000E+00 0.0000E+00 0.0000E+00 0.0000E+00 0.0000E+00 0.0000E+00 0.0000E+00 0.0000E+00 0.0000E+00 0.0000E+00 0.0000E+00 0.0000E+00 0.0000E+00 0.0000E+00 0.0000E+00 0.0000E+00 0.0000E+00 0.0000E+00 0.0000E+00 0.0000E+00 0.0000E+00 0.0000E+00 0.0000E+00 0.0000E+00 0.0000E+00 0.0000E+00 0.0000E+00
0.0000E+00 0.0000E+00 0.0000E+00 0.0000E+00 0.0000E+00 0.0000E+00 0.0000E+00 0.0000E+00 0.0000E+00 0.0000E+00 0.0000E+00 0.0000E+00 0.0000E+00 0.0000E+00 0.0000E+00 0.0000E+00 0.0000E+00 0.0000E+00 0.0000E+00 0.0000E+00 0.0000E+00 0.0000E+00 0.0000E+00 0.0000E+00 0.0000E+00 0.0000E+00 0.0000E+00 0.0000E+00 0.0000E+00 0.0000E+00 0.0000E+00 0.0000E+00 0.0000E+00 0.0000E+00 0.0000E+00 0.0000E+00 0.0000E+00 0.0000E+00 0.0000E+00 0.0000E+00 0.0000E+00 0.0000E+00 0.0000E+00 0.0000E+00 0.0000E+00 0.0000E+00 0.0000E+00 0.0000E+00 0.0000E+00 0.0000E+00 0.0000E+00 0.0000E+00 0.0000E+00 0.0000E+00 0.0000E+00 0.0000E+00 0.0000E+00
