Assets/Resources/2015_m01_d13_0700(utc+0800)_l00_csi_1hr_conc.grd
DSAA
         159         159
     -79.000      79.000
     -79.000      79.000
  0.0000E+00  0.1761E-04
[rows 50 to 74 of 159, columns 0 to 56 of 159]
2.7479E-09 2.8381E-09 2.9282E-09 3.0081E-09 3.0818E-09 3.1483E-09 3.2089E-09 3.2564E-09 3.2952E-09 3.3248E-09 3.3454E-09 3.3514E-09 3.3469E-09 3.3338E-09 3.3149E-09 3.2876E-09 3.2534E-09 3.2197E-09 3.1859E-09 3.1475E-09 3.1079E-09 3.0621E-09 3.0085E-09 2.9456E-09 2.8755E-09 2.8004E-09 2.7194E-09 2.6309E-09 2.5374E-09 2.4444E-09 2.3434E-09 2.2394E-09 2.1331E-09 2.0285E-09 1.9216E-09 1.8143E-09 1.7069E-09 1.6000E-09 1.4940E-09 1.3833E-09 1.2819E-09 1.1802E-09 1.0857E-09 9.9440E-10 9.0368E-10 8.1828E-10 7.3905E-10 6.6211E-10 5.9183E-10 5.2785E-10 4.6852E-10 4.1415E-10 3.6205E-10 3.0873E-10 2.6362E-10 2.1781E-10 1.7463E-10
2.9279E-09 3.0317E-09 3.1260E-09 3.2151E-09 3.2986E-09 3.3753E-09 3.4401E-09 3.4963E-09 3.5454E-09 3.5822E-09 3.6046E-09 3.6156E-09 3.6166E-09 3.6047E-09 3.5826E-09 3.5538E-09 3.5184E-09 3.4879E-09 3.4506E-09 3.4112E-09 3.3664E-09 3.3185E-09 3.2619E-09 3.1984E-09 3.1277E-09 3.0494E-09 2.9633E-09 2.8718E-09 2.7779E-09 2.6771E-09 2.5711E-09 2.4619E-09 2.3489E-09 2.2346E-09 2.1202E-09 2.0050E-09 1.8894E-09 1.7771E-09 1.6626E-09 1.5495E-09 1.4386E-09 1.3269E-09 1.2232E-09 1.1189E-09 1.0240E-09 9.3695E-10 8.4584E-10 7.6598E-10 6.9021E-10 6.1876E-10 5.5409E-10 4.9191E-10 4.3388E-10 3.7850E-10 3.2756E-10 2.7826E-10 2.2374E-10
3.1154E-09 3.2237E-09 3.3277E-09 3.4274E-09 3.5206E-09 3.6030E-09 3.6776E-09 3.7462E-09 3.8012E-09 3.8433E-09 3.8735E-09 3.8926E-09 3.8946E-09 3.8837E-09 3.8632E-09 3.8361E-09 3.8014E-09 3.7620E-09 3.7302E-09 3.6889E-09 3.6410E-09 3.5872E-09 3.5316E-09 3.4670E-09 3.3928E-09 3.3117E-09 3.2236E-09 3.1302E-09 3.0288E-09 2.9222E-09 2.8101E-09 2.6986E-09 2.5812E-09 2.4619E-09 2.3424E-09 2.2201E-09 2.0973E-09 1.9744E-09 1.8546E-09 1.7347E-09 1.6199E-09 1.5071E-09 1.3960E-09 1.2871E-09 1.1808E-09 1.0786E-09 9.8349E-10 8.9290E-10 8.0596E-10 7.2856E-10 6.5828E-10 5.9101E-10 5.2782E-10 4.6690E-10 4.0478E-10 3.5092E-10 2.9408E-10
3.3002E-09 3.4183E-09 3.5333E-09 3.6427E-09 3.7425E-09 3.8352E-09 3.9230E-09 3.9973E-09 4.0604E-09 4.1132E-09 4.1525E-09 4.1741E-09 4.1806E-09 4.1752E-09 4.1563E-09 4.1268E-09 4.0923E-09 4.0569E-09 4.0151E-09 3.9778E-09 3.9317E-09 3.8774E-09 3.8128E-09 3.7474E-09 3.6731E-09 3.5898E-09 3.4994E-09 3.4010E-09 3.2957E-09 3.1830E-09 3.0696E-09 2.9493E-09 2.8250E-09 2.6989E-09 2.5700E-09 2.4430E-09 2.3135E-09 2.1851E-09 2.0567E-09 1.9307E-09 1.8067E-09 1.6845E-09 1.5692E-09 1.4569E-09 1.3445E-09 1.2359E-09 1.1335E-09 1.0353E-09 9.4249E-10 8.5209E-10 7.7363E-10 7.0056E-10 6.2888E-10 5.6196E-10 4.9974E-10 4.4207E-10 3.7671E-10
3.4861E-09 3.6150E-09 3.7403E-09 3.8568E-09 3.9672E-09 4.0736E-09 4.1667E-09 4.2508E-09 4.3270E-09 4.3889E-09 4.4336E-09 4.4629E-09 4.4780E-09 4.4747E-09 4.4573E-09 4.4313E-09 4.3949E-09 4.3552E-09 4.3196E-09 4.2763E-09 4.2278E-09 4.1777E-09 4.1148E-09 4.0421E-09 3.9658E-09 3.8828E-09 3.7895E-09 3.6862E-09 3.5771E-09 3.4642E-09 3.3431E-09 3.2147E-09 3.0827E-09 2.9551E-09 2.8234E-09 2.6888E-09 2.5537E-09 2.4188E-09 2.2856E-09 2.1536E-09 2.0250E-09 1.8967E-09 1.7728E-09 1.6518E-09 1.5379E-09 1.4242E-09 1.3193E-09 1.2128E-09 1.1121E-09 1.0200E-09 9.3323E-10 8.5748E-10 7.8343E-10 7.0976E-10 6.3151E-10 5.6226E-10 4.9546E-10
3.6723E-09 3.8126E-09 3.9446E-09 4.0719E-09 4.1965E-09 4.3085E-09 4.4118E-09 4.5098E-09 4.5956E-09 4.6654E-09 4.7202E-09 4.7597E-09 4.7787E-09 4.7811E-09 4.7701E-09 4.7432E-09 4.7065E-09 4.6675E-09 4.6305E-09 4.5891E-09 4.5424E-09 4.4875E-09 4.4215E-09 4.3480E-09 4.2751E-09 4.1883E-09 4.0913E-09 3.9879E-09 3.8786E-09 3.7570E-09 3.6287E-09 3.4970E-09 3.3669E-09 3.2295E-09 3.0898E-09 2.9501E-09 2.8111E-09 2.6713E-09 2.5319E-09 2.3936E-09 2.2555E-09 2.1200E-09 1.9950E-09 1.8694E-09 1.7449E-09 1.6261E-09 1.5106E-09 1.4032E-09 1.3007E-09 1.1942E-09 1.0959E-09 1.0056E-09 9.1768E-10 8.3928E-10 7.5784E-10 6.7517E-10 6.0306E-10
3.8593E-09 4.0056E-09 4.1483E-09 4.2896E-09 4.4203E-09 4.5423E-09 4.6602E-09 4.7684E-09 4.8633E-09 4.9447E-09 5.0115E-09 5.0570E-09 5.0849E-09 5.0956E-09 5.0867E-09 5.0635E-09 5.0305E-09 4.9891E-09 4.9484E-09 4.9098E-09 4.8682E-09 4.8109E-09 4.7476E-09 4.6772E-09 4.5926E-09 4.5061E-09 4.4106E-09 4.3058E-09 4.1893E-09 4.0669E-09 3.9387E-09 3.8054E-09 3.6670E-09 3.5266E-09 3.3847E-09 3.2394E-09 3.0926E-09 2.9461E-09 2.7987E-09 2.6540E-09 2.5144E-09 2.3748E-09 2.2379E-09 2.1024E-09 1.9717E-09 1.8485E-09 1.7238E-09 1.6050E-09 1.4968E-09 1.3892E-09 1.2816E-09 1.1885E-09 1.0941E-09 9.9861E-10 9.0748E-10 8.2006E-10 7.3798E-10
4.0398E-09 4.1964E-09 4.3525E-09 4.5012E-09 4.6412E-09 4.7771E-09 4.9059E-09 5.0241E-09 5.1313E-09 5.2261E-09 5.3010E-09 5.3576E-09 5.3953E-09 5.4110E-09 5.4095E-09 5.3932E-09 5.3596E-09 5.3171E-09 5.2784E-09 5.2386E-09 5.1958E-09 5.1420E-09 5.0865E-09 5.0116E-09 4.9301E-09 4.8383E-09 4.7421E-09 4.6349E-09 4.5208E-09 4.3967E-09 4.2685E-09 4.1314E-09 3.9930E-09 3.8488E-09 3.7016E-09 3.5517E-09 3.3996E-09 3.2465E-09 3.0971E-09 2.9475E-09 2.7994E-09 2.6517E-09 2.5086E-09 2.3699E-09 2.2305E-09 2.0979E-09 1.9669E-09 1.8400E-09 1.7251E-09 1.6101E-09 1.4974E-09 1.3872E-09 1.2901E-09 1.1849E-09 1.0841E-09 9.8601E-10 8.9233E-10
4.2165E-09 4.3855E-09 4.5506E-09 4.7076E-09 4.8605E-09 5.0082E-09 5.1468E-09 5.2780E-09 5.3990E-09 5.5030E-09 5.5902E-09 5.6587E-09 5.7037E-09 5.7297E-09 5.7381E-09 5.7242E-09 5.6938E-09 5.6548E-09 5.6132E-09 5.5735E-09 5.5348E-09 5.4884E-09 5.4254E-09 5.3549E-09 5.2728E-09 5.1817E-09 5.0866E-09 4.9825E-09 4.8661E-09 4.7454E-09 4.6160E-09 4.4807E-09 4.3392E-09 4.1928E-09 4.0421E-09 3.8890E-09 3.7336E-09 3.5817E-09 3.4246E-09 3.2679E-09 3.1118E-09 2.9638E-09 2.8132E-09 2.6676E-09 2.5219E-09 2.3818E-09 2.2453E-09 2.1120E-09 1.9900E-09 1.8675E-09 1.7475E-09 1.6277E-09 1.5140E-09 1.4006E-09 1.2896E-09 1.1799E-09 1.0737E-09
4.3893E-09 4.5693E-09 4.7417E-09 4.9098E-09 5.0760E-09 5.2327E-09 5.3842E-09 5.5293E-09 5.6603E-09 5.7771E-09 5.8777E-09 5.9551E-09 6.0118E-09 6.0505E-09 6.0643E-09 6.0571E-09 6.0341E-09 5.9941E-09 5.9530E-09 5.9176E-09 5.8768E-09 5.8341E-09 5.7818E-09 5.7102E-09 5.6313E-09 5.5441E-09 5.4460E-09 5.3409E-09 5.2308E-09 5.1100E-09 4.9818E-09 4.8466E-09 4.7054E-09 4.5594E-09 4.4083E-09 4.2549E-09 4.1020E-09 3.9439E-09 3.7828E-09 3.6236E-09 3.4642E-09 3.3069E-09 3.1524E-09 2.9994E-09 2.8503E-09 2.7021E-09 2.5644E-09 2.4256E-09 2.2922E-09 2.1605E-09 2.0325E-09 1.9136E-09 1.7941E-09 1.6714E-09 1.5505E-09 1.4313E-09 1.3127E-09
4.5578E-09 4.7437E-09 4.9260E-09 5.1078E-09 5.2821E-09 5.4511E-09 5.6171E-09 5.7725E-09 5.9161E-09 6.0474E-09 6.1578E-09 6.2472E-09 6.3187E-09 6.3652E-09 6.3887E-09 6.3923E-09 6.3719E-09 6.3360E-09 6.2988E-09 6.2618E-09 6.2232E-09 6.1880E-09 6.1358E-09 6.0677E-09 5.9964E-09 5.9114E-09 5.8129E-09 5.7176E-09 5.6086E-09 5.4919E-09 5.3647E-09 5.2310E-09 5.0924E-09 4.9478E-09 4.8008E-09 4.6491E-09 4.4930E-09 4.3328E-09 4.1731E-09 4.0090E-09 3.8476E-09 3.6839E-09 3.5282E-09 3.3701E-09 3.2207E-09 3.0706E-09 2.9230E-09 2.7787E-09 2.6451E-09 2.5168E-09 2.3814E-09 2.2474E-09 2.1124E-09 1.9795E-09 1.8470E-09 1.7225E-09 1.5908E-09
4.7155E-09 4.9099E-09 5.1050E-09 5.2953E-09 5.4794E-09 5.6631E-09 5.8406E-09 6.0075E-09 6.1659E-09 6.3078E-09 6.4303E-09 6.5356E-09 6.6165E-09 6.6742E-09 6.7115E-09 6.7210E-09 6.7079E-09 6.6808E-09 6.6421E-09 6.6075E-09 6.5751E-09 6.5414E-09 6.4948E-09 6.4400E-09 6.3728E-09 6.2830E-09 6.1953E-09 6.1036E-09 6.0011E-09 5.8870E-09 5.7623E-09 5.6348E-09 5.4989E-09 5.3602E-09 5.2163E-09 5.0653E-09 4.9087E-09 4.7536E-09 4.5900E-09 4.4286E-09 4.2641E-09 4.1030E-09 3.9427E-09 3.7881E-09 3.6333E-09 3.4807E-09 3.3371E-09 3.1973E-09 3.0544E-09 2.9138E-09 2.7729E-09 2.6389E-09 2.4953E-09 2.3533E-09 2.2097E-09 2.0643E-09 1.9162E-09
4.8634E-09 5.0683E-09 5.2737E-09 5.4722E-09 5.6697E-09 5.8658E-09 6.0537E-09 6.2350E-09 6.4044E-09 6.5574E-09 6.6958E-09 6.8121E-09 6.9048E-09 6.9782E-09 7.0241E-09 7.0432E-09 7.0426E-09 7.0190E-09 6.9840E-09 6.9556E-09 6.9236E-09 6.8963E-09 6.8599E-09 6.8091E-09 6.7456E-09 6.6741E-09 6.5885E-09 6.5009E-09 6.4032E-09 6.2927E-09 6.1785E-09 6.0536E-09 5.9263E-09 5.7926E-09 5.6528E-09 5.5047E-09 5.3564E-09 5.2000E-09 5.0474E-09 4.8929E-09 4.7285E-09 4.5639E-09 4.4052E-09 4.2483E-09 4.0984E-09 3.9557E-09 3.8081E-09 3.6620E-09 3.5158E-09 3.3788E-09 3.2349E-09 3.0887E-09 2.9369E-09 2.7851E-09 2.6323E-09 2.4784E-09 2.3136E-09
5.0016E-09 5.2180E-09 5.4299E-09 5.6394E-09 5.8497E-09 6.0556E-09 6.2567E-09 6.4505E-09 6.6303E-09 6.7975E-09 6.9482E-09 7.0757E-09 7.1845E-09 7.2694E-09 7.3258E-09 7.3595E-09 7.3666E-09 7.3503E-09 7.3245E-09 7.2967E-09 7.2705E-09 7.2541E-09 7.2216E-09 7.1777E-09 7.1270E-09 7.0588E-09 6.9842E-09 6.9035E-09 6.8129E-09 6.7138E-09 6.6045E-09 6.4902E-09 6.3700E-09 6.2442E-09 6.1095E-09 5.9727E-09 5.8279E-09 5.6855E-09 5.5374E-09 5.3869E-09 5.2373E-09 5.0874E-09 4.9353E-09 4.7828E-09 4.6271E-09 4.4772E-09 4.3318E-09 4.1942E-09 4.0498E-09 3.9054E-09 3.7603E-09 3.6115E-09 3.4596E-09 3.3006E-09 3.1344E-09 2.9596E-09 2.7763E-09
5.1301E-09 5.3541E-09 5.5742E-09 5.7952E-09 6.0154E-09 6.2335E-09 6.4478E-09 6.6511E-09 6.8437E-09 7.0247E-09 7.1846E-09 7.3265E-09 7.4502E-09 7.5458E-09 7.6168E-09 7.6625E-09 7.6788E-09 7.6754E-09 7.6551E-09 7.6315E-09 7.6169E-09 7.6038E-09 7.5807E-09 7.5484E-09 7.5116E-09 7.4537E-09 7.3812E-09 7.3117E-09 7.2310E-09 7.1414E-09 7.0434E-09 6.9398E-09 6.8306E-09 6.7112E-09 6.5897E-09 6.4612E-09 6.3293E-09 6.1999E-09 6.0611E-09 5.9235E-09 5.7908E-09 5.6504E-09 5.5210E-09 5.3869E-09 5.2473E-09 5.1080E-09 4.9636E-09 4.7987E-09 4.6478E-09 4.5072E-09 4.3683E-09 4.2176E-09 4.0570E-09 3.8899E-09 3.7123E-09 3.5223E-09 3.3197E-09
5.2469E-09 5.4767E-09 5.7062E-09 5.9375E-09 6.1678E-09 6.3985E-09 6.6221E-09 6.8365E-09 7.0430E-09 7.2329E-09 7.4050E-09 7.5631E-09 7.6972E-09 7.8066E-09 7.8933E-09 7.9488E-09 7.9789E-09 7.9880E-09 7.9736E-09 7.9606E-09 7.9520E-09 7.9481E-09 7.9345E-09 7.9150E-09 7.8871E-09 7.8416E-09 7.7870E-09 7.7261E-09 7.6544E-09 7.5759E-09 7.4920E-09 7.4023E-09 7.3021E-09 7.1974E-09 7.0872E-09 6.9747E-09 6.8549E-09 6.7427E-09 6.6213E-09 6.4937E-09 6.3824E-09 6.2677E-09 6.1459E-09 6.0362E-09 5.9308E-09 5.8099E-09 5.6815E-09 5.5488E-09 5.3922E-09 5.2319E-09 5.0566E-09 4.9032E-09 4.7409E-09 4.5672E-09 4.3792E-09 4.1742E-09 3.9519E-09
5.3478E-09 5.5857E-09 5.8251E-09 6.0649E-09 6.3058E-09 6.5472E-09 6.7803E-09 7.0065E-09 7.2236E-09 7.4228E-09 7.6094E-09 7.7791E-09 7.9255E-09 8.0516E-09 8.1489E-09 8.2179E-09 8.2646E-09 8.2825E-09 8.2802E-09 8.2775E-09 8.2755E-09 8.2811E-09 8.2830E-09 8.2712E-09 8.2588E-09 8.2265E-09 8.1810E-09 8.1379E-09 8.0773E-09 8.0160E-09 7.9484E-09 7.8715E-09 7.7864E-09 7.6978E-09 7.6052E-09 7.5055E-09 7.4064E-09 7.3151E-09 7.2094E-09 7.1007E-09 7.0193E-09 6.9244E-09 6.8200E-09 6.7543E-09 6.6632E-09 6.5693E-09 6.4808E-09 6.4062E-09 6.2776E-09 6.1290E-09 5.9531E-09 5.7599E-09 5.5521E-09 5.3381E-09 5.1414E-09 4.9223E-09 4.6801E-09
5.4331E-09 5.6799E-09 5.9282E-09 6.1763E-09 6.4288E-09 6.6775E-09 6.9207E-09 7.1595E-09 7.3837E-09 7.5937E-09 7.7935E-09 7.9736E-09 8.1348E-09 8.2742E-09 8.3835E-09 8.4691E-09 8.5278E-09 8.5579E-09 8.5730E-09 8.5751E-09 8.5849E-09 8.6039E-09 8.6159E-09 8.6186E-09 8.6225E-09 8.6072E-09 8.5720E-09 8.5436E-09 8.5015E-09 8.4580E-09 8.4081E-09 8.3459E-09 8.2816E-09 8.2107E-09 8.1343E-09 8.0573E-09 7.9774E-09 7.9096E-09 7.8252E-09 7.7443E-09 7.6906E-09 7.6146E-09 7.5493E-09 7.5154E-09 7.4610E-09 7.4007E-09 7.3553E-09 7.3045E-09 7.2355E-09 7.1405E-09 7.0409E-09 6.8604E-09 6.6300E-09 6.3640E-09 6.0840E-09 5.7832E-09 5.5096E-09
5.5014E-09 5.7585E-09 6.0138E-09 6.2716E-09 6.5329E-09 6.7895E-09 7.0432E-09 7.2905E-09 7.5228E-09 7.7453E-09 7.9537E-09 8.1456E-09 8.3224E-09 8.4721E-09 8.5957E-09 8.6973E-09 8.7678E-09 8.8148E-09 8.8430E-09 8.8570E-09 8.8771E-09 8.9095E-09 8.9342E-09 8.9535E-09 8.9726E-09 8.9718E-09 8.9540E-09 8.9450E-09 8.9217E-09 8.8992E-09 8.8653E-09 8.8252E-09 8.7798E-09 8.7306E-09 8.6762E-09 8.6210E-09 8.5666E-09 8.5218E-09 8.4676E-09 8.4152E-09 8.3920E-09 8.3517E-09 8.3185E-09 8.3270E-09 8.3120E-09 8.2940E-09 8.2991E-09 8.3071E-09 8.2768E-09 8.2513E-09 8.1879E-09 8.1122E-09 7.9497E-09 7.7228E-09 7.4108E-09 7.0303E-09 6.5982E-09
5.5540E-09 5.8180E-09 6.0822E-09 6.3503E-09 6.6177E-09 6.8818E-09 7.1456E-09 7.3985E-09 7.6398E-09 7.8730E-09 8.0904E-09 8.2953E-09 8.4833E-09 8.6447E-09 8.7849E-09 8.8983E-09 8.9829E-09 9.0490E-09 9.0881E-09 9.1162E-09 9.1496E-09 9.1946E-09 9.2340E-09 9.2710E-09 9.3048E-09 9.3234E-09 9.3236E-09 9.3362E-09 9.3350E-09 9.3323E-09 9.3182E-09 9.3022E-09 9.2801E-09 9.2515E-09 9.2251E-09 9.1964E-09 9.1637E-09 9.1515E-09 9.1283E-09 9.1042E-09 9.1239E-09 9.1184E-09 9.1156E-09 9.1858E-09 9.2130E-09 9.2500E-09 9.3100E-09 9.3805E-09 9.4102E-09 9.4702E-09 9.4867E-09 9.4579E-09 9.3855E-09 9.2546E-09 9.0376E-09 8.7096E-09 8.2530E-09
5.5906E-09 5.8595E-09 6.1314E-09 6.4088E-09 6.6826E-09 6.9547E-09 7.2252E-09 7.4840E-09 7.7352E-09 7.9754E-09 8.2024E-09 8.4202E-09 8.6168E-09 8.7911E-09 8.9461E-09 9.0715E-09 9.1736E-09 9.2535E-09 9.3085E-09 9.3515E-09 9.3977E-09 9.4577E-09 9.5142E-09 9.5659E-09 9.6191E-09 9.6574E-09 9.6794E-09 9.7140E-09 9.7358E-09 9.7531E-09 9.7642E-09 9.7711E-09 9.7739E-09 9.7735E-09 9.7733E-09 9.7720E-09 9.7663E-09 9.7889E-09 9.7980E-09 9.8081E-09 9.8753E-09 9.9078E-09 9.9467E-09 1.0085E-08 1.0158E-08 1.0246E-08 1.0385E-08 1.0524E-08 1.0638E-08 1.0767E-08 1.0908E-08 1.0952E-08 1.0998E-08 1.0972E-08 1.0874E-08 1.0632E-08 1.0307E-08
5.6119E-09 5.8825E-09 6.1622E-09 6.4457E-09 6.7261E-09 7.0071E-09 7.2814E-09 7.5464E-09 7.8059E-09 8.0522E-09 8.2895E-09 8.5167E-09 8.7224E-09 8.9108E-09 9.0767E-09 9.2152E-09 9.3356E-09 9.4272E-09 9.4996E-09 9.5587E-09 9.6183E-09 9.6942E-09 9.7680E-09 9.8364E-09 9.9108E-09 9.9710E-09 1.0015E-08 1.0073E-08 1.0118E-08 1.0158E-08 1.0195E-08 1.0228E-08 1.0256E-08 1.0287E-08 1.0316E-08 1.0340E-08 1.0368E-08 1.0428E-08 1.0470E-08 1.0522E-08 1.0634E-08 1.0711E-08 1.0803E-08 1.0993E-08 1.1133E-08 1.1274E-08 1.1503E-08 1.1718E-08 1.1919E-08 1.2163E-08 1.2397E-08 1.2585E-08 1.2762E-08 1.2913E-08 1.2951E-08 1.2889E-08 1.2711E-08
5.6172E-09 5.8893E-09 6.1733E-09 6.4610E-09 6.7483E-09 7.0356E-09 7.3135E-09 7.5851E-09 7.8501E-09 8.1031E-09 8.3502E-09 8.5835E-09 8.7989E-09 9.0004E-09 9.1764E-09 9.3299E-09 9.4642E-09 9.5710E-09 9.6609E-09 9.7359E-09 9.8097E-09 9.9035E-09 9.9926E-09 1.0081E-08 1.0178E-08 1.0261E-08 1.0326E-08 1.0411E-08 1.0477E-08 1.0542E-08 1.0606E-08 1.0667E-08 1.0725E-08 1.0784E-08 1.0842E-08 1.0898E-08 1.0960E-08 1.1058E-08 1.1139E-08 1.1231E-08 1.1393E-08 1.1520E-08 1.1662E-08 1.1919E-08 1.2112E-08 1.2329E-08 1.2636E-08 1.2953E-08 1.3240E-08 1.3619E-08 1.3960E-08 1.4313E-08 1.4618E-08 1.4980E-08 1.5226E-08 1.5409E-08 1.5562E-08
5.6065E-09 5.8803E-09 6.1660E-09 6.4551E-09 6.7477E-09 7.0397E-09 7.3216E-09 7.5992E-09 7.8677E-09 8.1274E-09 8.3824E-09 8.6215E-09 8.8468E-09 9.0577E-09 9.2443E-09 9.4134E-09 9.5586E-09 9.6816E-09 9.7888E-09 9.8796E-09 9.9679E-09 1.0080E-08 1.0186E-08 1.0296E-08 1.0415E-08 1.0521E-08 1.0609E-08 1.0718E-08 1.0808E-08 1.0900E-08 1.0992E-08 1.1080E-08 1.1168E-08 1.1257E-08 1.1344E-08 1.1435E-08 1.1534E-08 1.1670E-08 1.1794E-08 1.1926E-08 1.2140E-08 1.2321E-08 1.2512E-08 1.2841E-08 1.3097E-08 1.3385E-08 1.3770E-08 1.4184E-08 1.4571E-08 1.5080E-08 1.5569E-08 1.6038E-08 1.6560E-08 1.7090E-08 1.7649E-08 1.8114E-08 1.8694E-08
5.5795E-09 5.8553E-09 6.1397E-09 6.4291E-09 6.7253E-09 7.0187E-09 7.3050E-09 7.5876E-09 7.8592E-09 8.1256E-09 8.3855E-09 8.6301E-09 8.8647E-09 9.0826E-09 9.2798E-09 9.4627E-09 9.6187E-09 9.7580E-09 9.8805E-09 9.9880E-09 1.0093E-08 1.0222E-08 1.0348E-08 1.0478E-08 1.0620E-08 1.0747E-08 1.0859E-08 1.0992E-08 1.1106E-08 1.1226E-08 1.1345E-08 1.1461E-08 1.1579E-08 1.1698E-08 1.1817E-08 1.1944E-08 1.2080E-08 1.2257E-08 1.2423E-08 1.2597E-08 1.2867E-08 1.3096E-08 1.3340E-08 1.3740E-08 1.4062E-08 1.4409E-08 1.4895E-08 1.5408E-08 1.5896E-08 1.6525E-08 1.7161E-08 1.7768E-08 1.8506E-08 1.9246E-08 2.0055E-08 2.0883E-08 2.1869E-08
