Assets/Resources/2015_m01_d14_0400(utc+0800)_l00_csi_1hr_conc.grd
DSAA
         159         159
     -79.000      79.000
     -79.000      79.000
  0.0000E+00  0.1999E-05
[rows 50 to 74 of 159, columns 0 to 56 of 159]
3.6443E-09 3.7637E-09 3.8881E-09 4.0097E-09 4.1357E-09 4.2590E-09 4.3826E-09 4.5107E-09 4.6354E-09 4.7656E-09 4.8913E-09 5.0169E-09 5.1423E-09 5.2735E-09 5.3993E-09 5.5247E-09 5.6495E-09 5.7805E-09 5.9053E-09 6.0294E-09 6.1528E-09 6.2806E-09 6.4033E-09 6.5250E-09 6.6509E-09 6.7717E-09 6.8914E-09 7.0099E-09 7.1331E-09 7.2502E-09 7.3659E-09 7.4801E-09 7.5995E-09 7.7116E-09 7.8218E-09 7.9297E-09 8.0457E-09 8.1509E-09 8.2536E-09 8.3531E-09 8.4604E-09 8.5558E-09 8.6476E-09 8.7353E-09 8.8186E-09 8.8968E-09 8.9837E-09 9.0551E-09 9.1303E-09 9.1994E-09 9.2618E-09 9.3145E-09 9.3564E-09 9.4108E-09 9.4408E-09 9.4623E-09 9.4750E-09
3.6259E-09 3.7497E-09 3.8713E-09 3.9938E-09 4.1212E-09 4.2457E-09 4.3708E-09 4.5007E-09 4.6273E-09 4.7597E-09 4.8877E-09 5.0158E-09 5.1438E-09 5.2784E-09 5.4074E-09 5.5363E-09 5.6708E-09 5.8002E-09 5.9294E-09 6.0582E-09 6.1912E-09 6.3200E-09 6.4483E-09 6.5760E-09 6.7086E-09 6.8361E-09 6.9629E-09 7.0888E-09 7.2205E-09 7.3459E-09 7.4703E-09 7.5998E-09 7.7232E-09 7.8453E-09 7.9659E-09 8.0940E-09 8.2131E-09 8.3303E-09 8.4453E-09 8.5576E-09 8.6797E-09 8.7891E-09 8.8953E-09 8.9979E-09 9.0964E-09 9.2031E-09 9.2959E-09 9.3855E-09 9.4792E-09 9.5673E-09 9.6491E-09 9.7211E-09 9.7826E-09 9.8635E-09 9.9158E-09 9.9602E-09 9.9964E-09
3.6023E-09 3.7268E-09 3.8490E-09 3.9723E-09 4.1007E-09 4.2263E-09 4.3566E-09 4.4842E-09 4.6123E-09 4.7469E-09 4.8769E-09 5.0072E-09 5.1435E-09 5.2754E-09 5.4074E-09 5.5394E-09 5.6779E-09 5.8112E-09 5.9445E-09 6.0776E-09 6.2158E-09 6.3497E-09 6.4834E-09 6.6168E-09 6.7561E-09 6.8901E-09 7.0238E-09 7.1628E-09 7.2969E-09 7.4305E-09 7.5635E-09 7.7026E-09 7.8355E-09 7.9676E-09 8.0985E-09 8.2386E-09 8.3692E-09 8.4984E-09 8.6258E-09 8.7623E-09 8.8882E-09 9.0119E-09 9.1328E-09 9.2507E-09 9.3650E-09 9.4901E-09 9.6003E-09 9.7089E-09 9.8220E-09 9.9301E-09 1.0032E-08 1.0125E-08 1.0237E-08 1.0317E-08 1.0394E-08 1.0464E-08 1.0526E-08
3.5737E-09 3.6986E-09 3.8213E-09 3.9488E-09 4.0743E-09 4.2008E-09 4.3322E-09 4.4610E-09 4.5905E-09 4.7269E-09 4.8587E-09 4.9911E-09 5.1300E-09 5.2643E-09 5.3991E-09 5.5341E-09 5.6762E-09 5.8131E-09 5.9503E-09 6.0876E-09 6.2306E-09 6.3694E-09 6.5082E-09 6.6526E-09 6.7928E-09 6.9331E-09 7.0734E-09 7.2201E-09 7.3617E-09 7.5032E-09 7.6507E-09 7.7932E-09 7.9355E-09 8.0774E-09 8.2278E-09 8.3706E-09 8.5127E-09 8.6538E-09 8.8034E-09 8.9445E-09 9.0843E-09 9.2223E-09 9.3583E-09 9.4917E-09 9.6352E-09 9.7663E-09 9.8943E-09 1.0023E-08 1.0156E-08 1.0285E-08 1.0409E-08 1.0549E-08 1.0663E-08 1.0769E-08 1.0872E-08 1.0969E-08 1.1060E-08
3.5401E-09 3.6652E-09 3.7881E-09 3.9161E-09 4.0421E-09 4.1692E-09 4.3016E-09 4.4313E-09 4.5675E-09 4.7000E-09 4.8333E-09 4.9674E-09 5.1086E-09 5.2452E-09 5.3824E-09 5.5201E-09 5.6657E-09 5.8059E-09 5.9466E-09 6.0927E-09 6.2354E-09 6.3787E-09 6.5225E-09 6.6725E-09 6.8183E-09 6.9646E-09 7.1169E-09 7.2654E-09 7.4142E-09 7.5634E-09 7.7196E-09 7.8708E-09 8.0222E-09 8.1737E-09 8.3351E-09 8.4887E-09 8.6421E-09 8.7950E-09 8.9583E-09 9.1126E-09 9.2662E-09 9.4187E-09 9.5697E-09 9.7187E-09 9.8806E-09 1.0029E-08 1.0175E-08 1.0324E-08 1.0478E-08 1.0628E-08 1.0775E-08 1.0942E-08 1.1083E-08 1.1215E-08 1.1346E-08 1.1473E-08 1.1627E-08
3.5054E-09 3.6268E-09 3.7497E-09 3.8779E-09 4.0042E-09 4.1316E-09 4.2647E-09 4.3952E-09 4.5324E-09 4.6660E-09 4.8007E-09 4.9362E-09 5.0794E-09 5.2179E-09 5.3573E-09 5.5039E-09 5.6462E-09 5.7893E-09 5.9333E-09 6.0833E-09 6.2300E-09 6.3775E-09 6.5309E-09 6.6811E-09 6.8323E-09 6.9843E-09 7.1431E-09 7.2980E-09 7.4539E-09 7.6162E-09 7.7750E-09 7.9345E-09 8.0948E-09 8.2643E-09 8.4278E-09 8.5918E-09 8.7563E-09 8.9208E-09 9.0974E-09 9.2648E-09 9.4321E-09 9.5990E-09 9.7650E-09 9.9427E-09 1.0110E-08 1.0276E-08 1.0441E-08 1.0611E-08 1.0786E-08 1.0958E-08 1.1154E-08 1.1324E-08 1.1490E-08 1.1651E-08 1.1811E-08 1.1969E-08 1.2167E-08
3.4623E-09 3.5834E-09 3.7061E-09 3.8343E-09 3.9606E-09 4.0920E-09 4.2217E-09 4.3527E-09 4.4907E-09 4.6252E-09 4.7608E-09 4.9034E-09 5.0425E-09 5.1826E-09 5.3239E-09 5.4729E-09 5.6176E-09 5.7634E-09 5.9104E-09 6.0639E-09 6.2141E-09 6.3655E-09 6.5234E-09 6.6783E-09 6.8344E-09 6.9917E-09 7.1566E-09 7.3177E-09 7.4801E-09 7.6499E-09 7.8161E-09 7.9837E-09 8.1523E-09 8.3316E-09 8.5047E-09 8.6789E-09 8.8540E-09 9.0402E-09 9.2196E-09 9.3998E-09 9.5805E-09 9.7615E-09 9.9423E-09 1.0137E-08 1.0321E-08 1.0505E-08 1.0688E-08 1.0879E-08 1.1075E-08 1.1269E-08 1.1494E-08 1.1689E-08 1.1881E-08 1.2072E-08 1.2263E-08 1.2491E-08 1.2698E-08
3.4147E-09 3.5353E-09 3.6575E-09 3.7855E-09 3.9115E-09 4.0430E-09 4.1728E-09 4.3039E-09 4.4425E-09 4.5775E-09 4.7139E-09 4.8576E-09 4.9978E-09 5.1393E-09 5.2821E-09 5.4332E-09 5.5800E-09 5.7282E-09 5.8825E-09 6.0344E-09 6.1878E-09 6.3427E-09 6.5047E-09 6.6638E-09 6.8244E-09 6.9921E-09 7.1572E-09 7.3240E-09 7.4924E-09 7.6692E-09 7.8425E-09 8.0176E-09 8.1942E-09 8.3827E-09 8.5649E-09 8.7488E-09 8.9342E-09 9.1322E-09 9.3233E-09 9.5158E-09 9.7096E-09 9.9043E-09 1.0100E-08 1.0311E-08 1.0512E-08 1.0713E-08 1.0915E-08 1.1127E-08 1.1344E-08 1.1587E-08 1.1813E-08 1.2033E-08 1.2253E-08 1.2474E-08 1.2697E-08 1.2968E-08 1.3215E-08
3.3627E-09 3.4825E-09 3.6040E-09 3.7315E-09 3.8572E-09 3.9884E-09 4.1180E-09 4.2491E-09 4.3879E-09 4.5232E-09 4.6600E-09 4.8046E-09 4.9456E-09 5.0881E-09 5.2321E-09 5.3850E-09 5.5335E-09 5.6836E-09 5.8403E-09 5.9948E-09 6.1509E-09 6.3089E-09 6.4746E-09 6.6374E-09 6.8021E-09 6.9745E-09 7.1445E-09 7.3165E-09 7.4962E-09 7.6738E-09 7.8536E-09 8.0356E-09 8.2284E-09 8.4169E-09 8.6077E-09 8.8008E-09 8.9958E-09 9.2051E-09 9.4073E-09 9.6116E-09 9.8179E-09 1.0026E-08 1.0248E-08 1.0463E-08 1.0680E-08 1.0898E-08 1.1118E-08 1.1350E-08 1.1588E-08 1.1857E-08 1.2107E-08 1.2353E-08 1.2601E-08 1.2852E-08 1.3145E-08 1.3423E-08 1.3712E-08
3.3064E-09 3.4253E-09 3.5459E-09 3.6727E-09 3.7977E-09 3.9284E-09 4.0575E-09 4.1883E-09 4.3271E-09 4.4624E-09 4.5993E-09 4.7444E-09 4.8859E-09 5.0291E-09 5.1803E-09 5.3282E-09 5.4780E-09 5.6297E-09 5.7885E-09 5.9450E-09 6.1036E-09 6.2693E-09 6.4331E-09 6.5991E-09 6.7674E-09 6.9441E-09 7.1183E-09 7.2950E-09 7.4801E-09 7.6632E-09 7.8490E-09 8.0374E-09 8.2375E-09 8.4335E-09 8.6323E-09 8.8338E-09 9.0481E-09 9.2578E-09 9.4705E-09 9.6859E-09 9.9040E-09 1.0124E-08 1.0362E-08 1.0591E-08 1.0823E-08 1.1058E-08 1.1295E-08 1.1547E-08 1.1829E-08 1.2099E-08 1.2372E-08 1.2644E-08 1.2919E-08 1.3200E-08 1.3533E-08 1.3849E-08 1.4181E-08
3.2462E-09 3.3638E-09 3.4871E-09 3.6093E-09 3.7333E-09 3.8633E-09 3.9917E-09 4.1219E-09 4.2604E-09 4.3953E-09 4.5321E-09 4.6773E-09 4.8190E-09 4.9625E-09 5.1144E-09 5.2631E-09 5.4139E-09 5.5667E-09 5.7271E-09 5.8853E-09 6.0457E-09 6.2138E-09 6.3801E-09 6.5489E-09 6.7202E-09 6.9006E-09 7.0786E-09 7.2593E-09 7.4492E-09 7.6373E-09 7.8283E-09 8.0224E-09 8.2293E-09 8.4320E-09 8.6381E-09 8.8474E-09 9.0706E-09 9.2894E-09 9.5117E-09 9.7376E-09 9.9667E-09 1.0199E-08 1.0450E-08 1.0693E-08 1.0939E-08 1.1189E-08 1.1443E-08 1.1714E-08 1.2019E-08 1.2310E-08 1.2606E-08 1.2902E-08 1.3204E-08 1.3550E-08 1.3886E-08 1.4240E-08 1.4615E-08
3.1821E-09 3.2984E-09 3.4204E-09 3.5413E-09 3.6642E-09 3.7932E-09 3.9207E-09 4.0555E-09 4.1879E-09 4.3222E-09 4.4585E-09 4.6036E-09 4.7450E-09 4.8886E-09 5.0409E-09 5.1899E-09 5.3412E-09 5.4948E-09 5.6564E-09 5.8157E-09 5.9776E-09 6.1476E-09 6.3158E-09 6.4869E-09 6.6661E-09 6.8441E-09 7.0252E-09 7.2095E-09 7.4035E-09 7.5958E-09 7.7915E-09 7.9906E-09 8.2034E-09 8.4121E-09 8.6246E-09 8.8408E-09 9.0722E-09 9.2991E-09 9.5303E-09 9.7655E-09 1.0005E-08 1.0260E-08 1.0511E-08 1.0767E-08 1.1027E-08 1.1291E-08 1.1560E-08 1.1850E-08 1.2175E-08 1.2486E-08 1.2803E-08 1.3123E-08 1.3450E-08 1.3829E-08 1.4198E-08 1.4589E-08 1.5005E-08
3.1145E-09 3.2292E-09 3.3498E-09 3.4692E-09 3.5907E-09 3.7185E-09 3.8447E-09 3.9785E-09 4.1099E-09 4.2434E-09 4.3789E-09 4.5234E-09 4.6644E-09 4.8076E-09 4.9598E-09 5.1089E-09 5.2603E-09 5.4190E-09 5.5765E-09 5.7366E-09 5.8994E-09 6.0708E-09 6.2404E-09 6.4131E-09 6.5945E-09 6.7748E-09 6.9584E-09 7.1455E-09 7.3429E-09 7.5387E-09 7.7383E-09 7.9500E-09 8.1596E-09 8.3734E-09 8.5915E-09 8.8138E-09 9.0523E-09 9.2865E-09 9.5254E-09 9.7690E-09 1.0017E-08 1.0283E-08 1.0545E-08 1.0812E-08 1.1084E-08 1.1361E-08 1.1646E-08 1.1951E-08 1.2295E-08 1.2625E-08 1.2961E-08 1.3303E-08 1.3654E-08 1.4064E-08 1.4464E-08 1.4890E-08 1.5346E-08
3.0436E-09 3.1566E-09 3.2754E-09 3.3932E-09 3.5131E-09 3.6394E-09 3.7642E-09 3.8967E-09 4.0268E-09 4.1591E-09 4.2993E-09 4.4371E-09 4.5773E-09 4.7198E-09 4.8716E-09 5.0202E-09 5.1714E-09 5.3301E-09 5.4877E-09 5.6481E-09 5.8114E-09 5.9835E-09 6.1541E-09 6.3279E-09 6.5108E-09 6.6927E-09 6.8782E-09 7.0731E-09 7.2676E-09 7.4662E-09 7.6688E-09 7.8843E-09 8.0978E-09 8.3159E-09 8.5387E-09 8.7756E-09 9.0106E-09 9.2510E-09 9.4966E-09 9.7474E-09 1.0003E-08 1.0278E-08 1.0549E-08 1.0826E-08 1.1109E-08 1.1399E-08 1.1697E-08 1.2040E-08 1.2377E-08 1.2723E-08 1.3077E-08 1.3438E-08 1.3845E-08 1.4250E-08 1.4679E-08 1.5136E-08 1.5629E-08
2.9697E-09 3.0807E-09 3.1976E-09 3.3136E-09 3.4317E-09 3.5562E-09 3.6793E-09 3.8102E-09 3.9388E-09 4.0696E-09 4.2085E-09 4.3451E-09 4.4841E-09 4.6255E-09 4.7765E-09 4.9244E-09 5.0749E-09 5.2332E-09 5.3904E-09 5.5506E-09 5.7138E-09 5.8863E-09 6.0572E-09 6.2316E-09 6.4154E-09 6.5982E-09 6.7850E-09 6.9815E-09 7.1777E-09 7.3783E-09 7.5833E-09 7.8017E-09 8.0181E-09 8.2396E-09 8.4660E-09 8.7074E-09 8.9470E-09 9.1924E-09 9.4436E-09 9.7004E-09 9.9630E-09 1.0246E-08 1.0524E-08 1.0810E-08 1.1102E-08 1.1402E-08 1.1712E-08 1.2069E-08 1.2418E-08 1.2779E-08 1.3148E-08 1.3526E-08 1.3955E-08 1.4382E-08 1.4836E-08 1.5322E-08 1.5847E-08
2.8930E-09 3.0019E-09 3.1168E-09 3.2307E-09 3.3467E-09 3.4693E-09 3.5905E-09 3.7195E-09 3.8463E-09 3.9753E-09 4.1127E-09 4.2477E-09 4.3852E-09 4.5252E-09 4.6750E-09 4.8217E-09 4.9711E-09 5.1286E-09 5.2850E-09 5.4445E-09 5.6122E-09 5.7794E-09 5.9501E-09 6.1244E-09 6.3085E-09 6.4917E-09 6.6790E-09 6.8764E-09 7.0736E-09 7.2755E-09 7.4819E-09 7.7023E-09 7.9208E-09 8.1446E-09 8.3738E-09 8.6185E-09 8.8616E-09 9.1109E-09 9.3663E-09 9.6279E-09 9.8956E-09 1.0184E-08 1.0470E-08 1.0762E-08 1.1062E-08 1.1370E-08 1.1690E-08 1.2058E-08 1.2418E-08 1.2791E-08 1.3172E-08 1.3564E-08 1.4012E-08 1.4458E-08 1.4933E-08 1.5443E-08 1.5995E-08
2.8139E-09 2.9205E-09 3.0331E-09 3.1447E-09 3.2586E-09 3.3789E-09 3.4980E-09 3.6249E-09 3.7496E-09 3.8767E-09 4.0121E-09 4.1452E-09 4.2809E-09 4.4192E-09 4.5674E-09 4.7126E-09 4.8606E-09 5.0167E-09 5.1719E-09 5.3303E-09 5.4971E-09 5.6634E-09 5.8333E-09 6.0070E-09 6.1907E-09 6.3736E-09 6.5608E-09 6.7583E-09 6.9558E-09 7.1580E-09 7.3651E-09 7.5866E-09 7.8062E-09 8.0315E-09 8.2623E-09 8.5091E-09 8.7546E-09 9.0065E-09 9.2649E-09 9.5299E-09 9.8014E-09 1.0095E-08 1.0385E-08 1.0683E-08 1.0988E-08 1.1302E-08 1.1631E-08 1.2007E-08 1.2375E-08 1.2758E-08 1.3147E-08 1.3552E-08 1.4013E-08 1.4474E-08 1.4965E-08 1.5494E-08 1.6068E-08
2.7325E-09 2.8367E-09 2.9468E-09 3.0561E-09 3.1676E-09 3.2855E-09 3.4022E-09 3.5268E-09 3.6492E-09 3.7740E-09 3.9072E-09 4.0382E-09 4.1718E-09 4.3080E-09 4.4543E-09 4.5975E-09 4.7437E-09 4.8981E-09 5.0516E-09 5.2084E-09 5.3737E-09 5.5386E-09 5.7073E-09 5.8798E-09 6.0624E-09 6.2444E-09 6.4308E-09 6.6277E-09 6.8247E-09 7.0266E-09 7.2335E-09 7.4550E-09 7.6749E-09 7.9006E-09 8.1320E-09 8.3798E-09 8.6264E-09 8.8798E-09 9.1399E-09 9.4069E-09 9.6807E-09 9.9770E-09 1.0270E-08 1.0571E-08 1.0881E-08 1.1199E-08 1.1534E-08 1.1915E-08 1.2289E-08 1.2678E-08 1.3074E-08 1.3486E-08 1.3958E-08 1.4428E-08 1.4931E-08 1.5477E-08 1.6089E-08
2.6493E-09 2.7509E-09 2.8584E-09 2.9651E-09 3.0740E-09 3.1893E-09 3.3035E-09 3.4255E-09 3.5454E-09 3.6677E-09 3.7984E-09 3.9270E-09 4.0582E-09 4.1920E-09 4.3360E-09 4.4770E-09 4.6209E-09 4.7732E-09 4.9246E-09 5.0793E-09 5.2427E-09 5.4057E-09 5.5726E-09 5.7433E-09 5.9244E-09 6.1048E-09 6.2897E-09 6.4853E-09 6.6810E-09 6.8818E-09 7.0877E-09 7.3084E-09 7.5276E-09 7.7526E-09 7.9837E-09 8.2313E-09 8.4778E-09 8.7313E-09 8.9918E-09 9.2594E-09 9.5341E-09 9.8315E-09 1.0126E-08 1.0429E-08 1.0740E-08 1.1061E-08 1.1399E-08 1.1783E-08 1.2161E-08 1.2552E-08 1.2951E-08 1.3368E-08 1.3845E-08 1.4321E-08 1.4839E-08 1.5412E-08 1.6034E-08
2.5646E-09 2.6634E-09 2.7645E-09 2.8721E-09 2.9783E-09 3.0908E-09 3.2022E-09 3.3214E-09 3.4386E-09 3.5582E-09 3.6862E-09 3.8120E-09 3.9405E-09 4.0718E-09 4.2131E-09 4.3515E-09 4.4928E-09 4.6426E-09 4.7915E-09 4.9438E-09 5.1048E-09 5.2654E-09 5.4299E-09 5.5984E-09 5.7772E-09 5.9555E-09 6.1382E-09 6.3318E-09 6.5255E-09 6.7244E-09 6.9285E-09 7.1474E-09 7.3649E-09 7.5884E-09 7.8180E-09 8.0643E-09 8.3096E-09 8.5620E-09 8.8216E-09 9.0884E-09 9.3625E-09 9.6593E-09 9.9533E-09 1.0256E-08 1.0568E-08 1.0888E-08 1.1228E-08 1.1612E-08 1.1989E-08 1.2381E-08 1.2780E-08 1.3197E-08 1.3676E-08 1.4166E-08 1.4699E-08 1.5273E-08 1.5900E-08
2.4785E-09 2.5746E-09 2.6728E-09 2.7775E-09 2.8808E-09 2.9903E-09 3.0988E-09 3.2150E-09 3.3293E-09 3.4460E-09 3.5709E-09 3.6938E-09 3.8194E-09 3.9477E-09 4.0861E-09 4.2215E-09 4.3600E-09 4.5069E-09 4.6529E-09 4.8023E-09 4.9604E-09 5.1182E-09 5.2799E-09 5.4456E-09 5.6216E-09 5.7971E-09 5.9771E-09 6.1679E-09 6.3590E-09 6.5552E-09 6.7567E-09 6.9730E-09 7.1880E-09 7.4090E-09 7.6361E-09 7.8799E-09 8.1228E-09 8.3730E-09 8.6303E-09 8.8950E-09 9.1669E-09 9.4614E-09 9.7535E-09 1.0054E-08 1.0364E-08 1.0683E-08 1.1022E-08 1.1403E-08 1.1777E-08 1.2165E-08 1.2562E-08 1.2976E-08 1.3469E-08 1.3963E-08 1.4492E-08 1.5066E-08 1.5689E-08
2.3915E-09 2.4846E-09 2.5798E-09 2.6815E-09 2.7818E-09 2.8882E-09 2.9936E-09 3.1067E-09 3.2178E-09 3.3314E-09 3.4531E-09 3.5729E-09 3.6953E-09 3.8204E-09 3.9555E-09 4.0878E-09 4.2230E-09 4.3666E-09 4.5094E-09 4.6556E-09 4.8104E-09 4.9649E-09 5.1233E-09 5.2857E-09 5.4584E-09 5.6306E-09 5.8073E-09 5.9947E-09 6.1824E-09 6.3753E-09 6.5734E-09 6.7862E-09 6.9977E-09 7.2153E-09 7.4391E-09 7.6792E-09 7.9187E-09 8.1653E-09 8.4192E-09 8.6804E-09 8.9488E-09 9.2395E-09 9.5279E-09 9.8249E-09 1.0131E-08 1.0446E-08 1.0782E-08 1.1157E-08 1.1526E-08 1.1908E-08 1.2303E-08 1.2728E-08 1.3214E-08 1.3701E-08 1.4225E-08 1.4790E-08 1.5402E-08
2.3037E-09 2.3938E-09 2.4861E-09 2.5845E-09 2.6816E-09 2.7848E-09 2.8871E-09 2.9968E-09 3.1046E-09 3.2149E-09 3.3332E-09 3.4496E-09 3.5687E-09 3.6904E-09 3.8219E-09 3.9507E-09 4.0825E-09 4.2224E-09 4.3616E-09 4.5042E-09 4.6553E-09 4.8062E-09 4.9609E-09 5.1196E-09 5.2884E-09 5.4567E-09 5.6296E-09 5.8129E-09 5.9967E-09 6.1855E-09 6.3795E-09 6.5880E-09 6.7954E-09 7.0087E-09 7.2281E-09 7.4636E-09 7.6986E-09 7.9406E-09 8.1898E-09 8.4462E-09 8.7098E-09 8.9950E-09 9.2782E-09 9.5699E-09 9.8703E-09 1.0179E-08 1.0510E-08 1.0877E-08 1.1239E-08 1.1618E-08 1.2016E-08 1.2433E-08 1.2909E-08 1.3387E-08 1.3898E-08 1.4449E-08 1.5044E-08
2.2120E-09 2.3026E-09 2.3917E-09 2.4868E-09 2.5808E-09 2.6768E-09 2.7795E-09 2.8857E-09 2.9902E-09 3.0970E-09 3.2117E-09 3.3245E-09 3.4400E-09 3.5581E-09 3.6859E-09 3.8109E-09 3.9389E-09 4.0750E-09 4.2103E-09 4.3490E-09 4.4911E-09 4.6429E-09 4.7935E-09 4.9480E-09 5.1124E-09 5.2765E-09 5.4449E-09 5.6237E-09 5.8029E-09 5.9871E-09 6.1763E-09 6.3797E-09 6.5821E-09 6.7904E-09 7.0046E-09 7.2344E-09 7.4639E-09 7.7003E-09 7.9437E-09 8.1942E-09 8.4517E-09 8.7300E-09 9.0065E-09 9.2913E-09 9.5845E-09 9.8869E-09 1.0210E-08 1.0566E-08 1.0927E-08 1.1301E-08 1.1688E-08 1.2095E-08 1.2557E-08 1.3021E-08 1.3516E-08 1.4047E-08 1.4619E-08
2.1239E-09 2.2112E-09 2.2971E-09 2.3889E-09 2.4795E-09 2.5722E-09 2.6714E-09 2.7738E-09 2.8748E-09 2.9781E-09 3.0890E-09 3.1982E-09 3.3099E-09 3.4242E-09 3.5479E-09 3.6690E-09 3.7930E-09 3.9249E-09 4.0561E-09 4.1906E-09 4.3284E-09 4.4756E-09 4.6218E-09 4.7718E-09 4.9314E-09 5.0907E-09 5.2543E-09 5.4280E-09 5.6020E-09 5.7810E-09 5.9650E-09 6.1626E-09 6.3593E-09 6.5617E-09 6.7700E-09 6.9842E-09 7.2164E-09 7.4462E-09 7.6828E-09 7.9262E-09 8.1765E-09 8.4465E-09 8.7150E-09 8.9915E-09 9.2760E-09 9.5702E-09 9.8834E-09 1.0213E-08 1.0587E-08 1.0950E-08 1.1326E-08 1.1719E-08 1.2162E-08 1.2608E-08 1.3083E-08 1.3582E-08 1.4095E-08
