Assets/Resources/2015_m01_d24_0600(utc+0800)_l00_csi_1hr_conc.grd
DSAA
         159         159
     -79.000      79.000
     -79.000      79.000
  0.0000E+00  0.9275E-05
[rows 100 to 124 of 159, columns 57 to 113 of 159]
1.4268E-09 1.4782E-09 1.5353E-09 1.5941E-09 1.6524E-09 1.7100E-09 1.7690E-09 1.8294E-09 1.8946E-09 1.9649E-09 2.0409E-09 2.1234E-09 2.2119E-09 2.3022E-09 2.3972E-09 2.4926E-09 2.5915E-09 2.6942E-09 2.7924E-09 2.8927E-09 2.9919E-09 3.0858E-09 3.1840E-09 3.2855E-09 3.3849E-09 3.4875E-09 3.5871E-09 3.6848E-09 3.7820E-09 3.8784E-09 3.9739E-09 4.0681E-09 4.1609E-09 4.2517E-09 4.3403E-09 4.4265E-09 4.5100E-09 4.5905E-09 4.6679E-09 4.7422E-09 4.8130E-09 4.8803E-09 4.9440E-09 5.0037E-09 5.0591E-09 5.1099E-09 5.1559E-09 5.1971E-09 5.2335E-09 5.2652E-09 5.2923E-09 5.3148E-09 5.3326E-09 5.3457E-09 5.3532E-09 5.3550E-09 5.3508E-09
1.4107E-09 1.4614E-09 1.5134E-09 1.5668E-09 1.6214E-09 1.6775E-09 1.7397E-09 1.8011E-09 1.8616E-09 1.9260E-09 1.9923E-09 2.0667E-09 2.1440E-09 2.2283E-09 2.3167E-09 2.4087E-09 2.5043E-09 2.6007E-09 2.6983E-09 2.7984E-09 2.8965E-09 2.9958E-09 3.0932E-09 3.1856E-09 3.2804E-09 3.3778E-09 3.4743E-09 3.5720E-09 3.6690E-09 3.7619E-09 3.8540E-09 3.9451E-09 4.0348E-09 4.1227E-09 4.2089E-09 4.2928E-09 4.3744E-09 4.4534E-09 4.5297E-09 4.6030E-09 4.6734E-09 4.7405E-09 4.8044E-09 4.8647E-09 4.9211E-09 4.9732E-09 5.0210E-09 5.0644E-09 5.1033E-09 5.1377E-09 5.1679E-09 5.1931E-09 5.2134E-09 5.2274E-09 5.2360E-09 5.2361E-09 5.2273E-09
1.3942E-09 1.4442E-09 1.4954E-09 1.5480E-09 1.6019E-09 1.6571E-09 1.7136E-09 1.7714E-09 1.8305E-09 1.8909E-09 1.9553E-09 2.0213E-09 2.0873E-09 2.1609E-09 2.2387E-09 2.3228E-09 2.4113E-09 2.5058E-09 2.6010E-09 2.6984E-09 2.7952E-09 2.8946E-09 2.9909E-09 3.0901E-09 3.1874E-09 3.2793E-09 3.3694E-09 3.4626E-09 3.5554E-09 3.6486E-09 3.7406E-09 3.8314E-09 3.9186E-09 4.0040E-09 4.0878E-09 4.1698E-09 4.2497E-09 4.3274E-09 4.4025E-09 4.4751E-09 4.5449E-09 4.6118E-09 4.6759E-09 4.7366E-09 4.7938E-09 4.8472E-09 4.8966E-09 4.9418E-09 4.9826E-09 5.0186E-09 5.0493E-09 5.0751E-09 5.0923E-09 5.1040E-09 5.1069E-09 5.1020E-09 5.0912E-09
1.3773E-09 1.4266E-09 1.4771E-09 1.5289E-09 1.5820E-09 1.6363E-09 1.6920E-09 1.7489E-09 1.8071E-09 1.8666E-09 1.9273E-09 1.9893E-09 2.0526E-09 2.1171E-09 2.1829E-09 2.2553E-09 2.3294E-09 2.4109E-09 2.4984E-09 2.5926E-09 2.6854E-09 2.7818E-09 2.8787E-09 2.9743E-09 3.0783E-09 3.1714E-09 3.2682E-09 3.3641E-09 3.4534E-09 3.5409E-09 3.6290E-09 3.7163E-09 3.8049E-09 3.8902E-09 3.9739E-09 4.0559E-09 4.1348E-09 4.2111E-09 4.2853E-09 4.3571E-09 4.4264E-09 4.4933E-09 4.5573E-09 4.6184E-09 4.6764E-09 4.7301E-09 4.7801E-09 4.8239E-09 4.8621E-09 4.8940E-09 4.9202E-09 4.9398E-09 4.9533E-09 4.9619E-09 4.9658E-09 4.9652E-09 4.9599E-09
1.3602E-09 1.4087E-09 1.4585E-09 1.5095E-09 1.5617E-09 1.6152E-09 1.6700E-09 1.7261E-09 1.7833E-09 1.8419E-09 1.9017E-09 1.9627E-09 2.0250E-09 2.0885E-09 2.1531E-09 2.2189E-09 2.2858E-09 2.3538E-09 2.4244E-09 2.4994E-09 2.5808E-09 2.6666E-09 2.7584E-09 2.8505E-09 2.9468E-09 3.0424E-09 3.1469E-09 3.2470E-09 3.3382E-09 3.4288E-09 3.5185E-09 3.6068E-09 3.6938E-09 3.7777E-09 3.8596E-09 3.9397E-09 4.0194E-09 4.0971E-09 4.1708E-09 4.2421E-09 4.3093E-09 4.3739E-09 4.4349E-09 4.4914E-09 4.5441E-09 4.5928E-09 4.6357E-09 4.6739E-09 4.7068E-09 4.7342E-09 4.7590E-09 4.7788E-09 4.7952E-09 4.8100E-09 4.8248E-09 4.8379E-09 4.8512E-09
1.3428E-09 1.3906E-09 1.4396E-09 1.4898E-09 1.5412E-09 1.5939E-09 1.6478E-09 1.7029E-09 1.7593E-09 1.8170E-09 1.8758E-09 1.9359E-09 1.9971E-09 2.0596E-09 2.1232E-09 2.1879E-09 2.2537E-09 2.3206E-09 2.3884E-09 2.4573E-09 2.5270E-09 2.5976E-09 2.6702E-09 2.7477E-09 2.8281E-09 2.9121E-09 2.9993E-09 3.0888E-09 3.1822E-09 3.2899E-09 3.3831E-09 3.4701E-09 3.5565E-09 3.6396E-09 3.7197E-09 3.7946E-09 3.8672E-09 3.9374E-09 4.0051E-09 4.0701E-09 4.1316E-09 4.1901E-09 4.2455E-09 4.3014E-09 4.3524E-09 4.4001E-09 4.4463E-09 4.4932E-09 4.5323E-09 4.5705E-09 4.6075E-09 4.6434E-09 4.6769E-09 4.7090E-09 4.7385E-09 4.7667E-09 4.7911E-09
1.3252E-09 1.3722E-09 1.4204E-09 1.4698E-09 1.5205E-09 1.5723E-09 1.6253E-09 1.6796E-09 1.7351E-09 1.7918E-09 1.8497E-09 1.9088E-09 1.9690E-09 2.0305E-09 2.0930E-09 2.1567E-09 2.2214E-09 2.2871E-09 2.3539E-09 2.4216E-09 2.4902E-09 2.5596E-09 2.6297E-09 2.7006E-09 2.7722E-09 2.8443E-09 2.9169E-09 2.9906E-09 3.0657E-09 3.1419E-09 3.2185E-09 3.2963E-09 3.3865E-09 3.4692E-09 3.5505E-09 3.6240E-09 3.6977E-09 3.7665E-09 3.8351E-09 3.9005E-09 3.9669E-09 4.0308E-09 4.0955E-09 4.1584E-09 4.2192E-09 4.2775E-09 4.3332E-09 4.3862E-09 4.4369E-09 4.4850E-09 4.5302E-09 4.5732E-09 4.6099E-09 4.6463E-09 4.6792E-09 4.7053E-09 4.7312E-09
1.3074E-09 1.3537E-09 1.4011E-09 1.4497E-09 1.4995E-09 1.5505E-09 1.6027E-09 1.6561E-09 1.7107E-09 1.7664E-09 1.8234E-09 1.8815E-09 1.9408E-09 2.0012E-09 2.0627E-09 2.1253E-09 2.1889E-09 2.2536E-09 2.3192E-09 2.3858E-09 2.4532E-09 2.5215E-09 2.5906E-09 2.6603E-09 2.7307E-09 2.8017E-09 2.8732E-09 2.9451E-09 3.0173E-09 3.0899E-09 3.1626E-09 3.2354E-09 3.3082E-09 3.3808E-09 3.4531E-09 3.5294E-09 3.6050E-09 3.6797E-09 3.7500E-09 3.8193E-09 3.8909E-09 3.9576E-09 4.0229E-09 4.0866E-09 4.1483E-09 4.2079E-09 4.2653E-09 4.3202E-09 4.3726E-09 4.4189E-09 4.4656E-09 4.5093E-09 4.5499E-09 4.5872E-09 4.6177E-09 4.6483E-09 4.6755E-09
1.2873E-09 1.3339E-09 1.3816E-09 1.4295E-09 1.4784E-09 1.5286E-09 1.5799E-09 1.6325E-09 1.6861E-09 1.7410E-09 1.7970E-09 1.8541E-09 1.9124E-09 1.9718E-09 2.0323E-09 2.0938E-09 2.1564E-09 2.2200E-09 2.2845E-09 2.3500E-09 2.4163E-09 2.4835E-09 2.5514E-09 2.6201E-09 2.6893E-09 2.7593E-09 2.8297E-09 2.9005E-09 2.9718E-09 3.0434E-09 3.1152E-09 3.1870E-09 3.2589E-09 3.3307E-09 3.4022E-09 3.4735E-09 3.5442E-09 3.6143E-09 3.6837E-09 3.7522E-09 3.8239E-09 3.8902E-09 3.9551E-09 4.0222E-09 4.0838E-09 4.1433E-09 4.2007E-09 4.2558E-09 4.3084E-09 4.3583E-09 4.4018E-09 4.4461E-09 4.4874E-09 4.5257E-09 4.5607E-09 4.5884E-09 4.6168E-09
1.2666E-09 1.3111E-09 1.3568E-09 1.4048E-09 1.4540E-09 1.5044E-09 1.5548E-09 1.6076E-09 1.6603E-09 1.7154E-09 1.7705E-09 1.8267E-09 1.8840E-09 1.9424E-09 2.0018E-09 2.0623E-09 2.1239E-09 2.1864E-09 2.2498E-09 2.3142E-09 2.3795E-09 2.4455E-09 2.5124E-09 2.5799E-09 2.6482E-09 2.7170E-09 2.7864E-09 2.8562E-09 2.9266E-09 2.9972E-09 3.0680E-09 3.1390E-09 3.2100E-09 3.2810E-09 3.3518E-09 3.4223E-09 3.4924E-09 3.5620E-09 3.6308E-09 3.6988E-09 3.7658E-09 3.8317E-09 3.8962E-09 3.9592E-09 4.0205E-09 4.0798E-09 4.1372E-09 4.1923E-09 4.2451E-09 4.2954E-09 4.3430E-09 4.3878E-09 4.4298E-09 4.4688E-09 4.5047E-09 4.5374E-09 4.5669E-09
1.2491E-09 1.2929E-09 1.3379E-09 1.3839E-09 1.4311E-09 1.4794E-09 1.5288E-09 1.5806E-09 1.6323E-09 1.6864E-09 1.7404E-09 1.7956E-09 1.8531E-09 1.9105E-09 1.9688E-09 2.0283E-09 2.0887E-09 2.1515E-09 2.2139E-09 2.2785E-09 2.3427E-09 2.4077E-09 2.4735E-09 2.5400E-09 2.6072E-09 2.6750E-09 2.7434E-09 2.8123E-09 2.8816E-09 2.9513E-09 3.0213E-09 3.0914E-09 3.1616E-09 3.2318E-09 3.3019E-09 3.3717E-09 3.4412E-09 3.5101E-09 3.5784E-09 3.6460E-09 3.7126E-09 3.7781E-09 3.8422E-09 3.9050E-09 3.9660E-09 4.0253E-09 4.0826E-09 4.1377E-09 4.1906E-09 4.2411E-09 4.2890E-09 4.3343E-09 4.3768E-09 4.4165E-09 4.4531E-09 4.4867E-09 4.5170E-09
1.2314E-09 1.2745E-09 1.3188E-09 1.3641E-09 1.4105E-09 1.4580E-09 1.5066E-09 1.5563E-09 1.6072E-09 1.6591E-09 1.7121E-09 1.7662E-09 1.8214E-09 1.8776E-09 1.9363E-09 1.9947E-09 2.0540E-09 2.1143E-09 2.1770E-09 2.2391E-09 2.3021E-09 2.3658E-09 2.4349E-09 2.5003E-09 2.5665E-09 2.6333E-09 2.7008E-09 2.7687E-09 2.8371E-09 2.9059E-09 2.9750E-09 3.0443E-09 3.1137E-09 3.1831E-09 3.2525E-09 3.3217E-09 3.3905E-09 3.4588E-09 3.5267E-09 3.5937E-09 3.6599E-09 3.7249E-09 3.7888E-09 3.8512E-09 3.9120E-09 3.9711E-09 4.0283E-09 4.0835E-09 4.1365E-09 4.1872E-09 4.2354E-09 4.2811E-09 4.3241E-09 4.3643E-09 4.4017E-09 4.4360E-09 4.4673E-09
1.2136E-09 1.2560E-09 1.2995E-09 1.3441E-09 1.3898E-09 1.4365E-09 1.4843E-09 1.5332E-09 1.5832E-09 1.6343E-09 1.6864E-09 1.7396E-09 1.7939E-09 1.8492E-09 1.9056E-09 1.9629E-09 2.0212E-09 2.0805E-09 2.1406E-09 2.2016E-09 2.2635E-09 2.3262E-09 2.3896E-09 2.4537E-09 2.5229E-09 2.5920E-09 2.6585E-09 2.7255E-09 2.7930E-09 2.8609E-09 2.9292E-09 2.9976E-09 3.0662E-09 3.1350E-09 3.2036E-09 3.2721E-09 3.3403E-09 3.4082E-09 3.4754E-09 3.5420E-09 3.6076E-09 3.6723E-09 3.7357E-09 3.7978E-09 3.8584E-09 3.9173E-09 3.9744E-09 4.0296E-09 4.0827E-09 4.1336E-09 4.1821E-09 4.2282E-09 4.2717E-09 4.3125E-09 4.3505E-09 4.3856E-09 4.4177E-09
1.1949E-09 1.2374E-09 1.2802E-09 1.3240E-09 1.3689E-09 1.4149E-09 1.4619E-09 1.5100E-09 1.5592E-09 1.6094E-09 1.6607E-09 1.7130E-09 1.7664E-09 1.8208E-09 1.8762E-09 1.9326E-09 1.9899E-09 2.0482E-09 2.1074E-09 2.1674E-09 2.2283E-09 2.2900E-09 2.3524E-09 2.4157E-09 2.4796E-09 2.5441E-09 2.6093E-09 2.6813E-09 2.7493E-09 2.8164E-09 2.8838E-09 2.9514E-09 3.0194E-09 3.0873E-09 3.1553E-09 3.2231E-09 3.2908E-09 3.3580E-09 3.4247E-09 3.4907E-09 3.5558E-09 3.6200E-09 3.6831E-09 3.7448E-09 3.8052E-09 3.8639E-09 3.9209E-09 3.9760E-09 4.0292E-09 4.0803E-09 4.1290E-09 4.1755E-09 4.2194E-09 4.2607E-09 4.2993E-09 4.3352E-09 4.3681E-09
1.1742E-09 1.2159E-09 1.2586E-09 1.3024E-09 1.3465E-09 1.3925E-09 1.4387E-09 1.4859E-09 1.5351E-09 1.5844E-09 1.6349E-09 1.6863E-09 1.7388E-09 1.7923E-09 1.8468E-09 1.9022E-09 1.9586E-09 2.0159E-09 2.0741E-09 2.1332E-09 2.1932E-09 2.2539E-09 2.3155E-09 2.3778E-09 2.4407E-09 2.5045E-09 2.5688E-09 2.6337E-09 2.6992E-09 2.7650E-09 2.8361E-09 2.9044E-09 2.9729E-09 3.0402E-09 3.1075E-09 3.1747E-09 3.2416E-09 3.3082E-09 3.3743E-09 3.4398E-09 3.5045E-09 3.5682E-09 3.6308E-09 3.6922E-09 3.7523E-09 3.8108E-09 3.8677E-09 3.9228E-09 3.9761E-09 4.0272E-09 4.0762E-09 4.1230E-09 4.1673E-09 4.2091E-09 4.2483E-09 4.2848E-09 4.3172E-09
1.1566E-09 1.1969E-09 1.2381E-09 1.2803E-09 1.3236E-09 1.3679E-09 1.4140E-09 1.4604E-09 1.5087E-09 1.5572E-09 1.6067E-09 1.6581E-09 1.7096E-09 1.7622E-09 1.8157E-09 1.8702E-09 1.9256E-09 1.9829E-09 2.0410E-09 2.0992E-09 2.1582E-09 2.2180E-09 2.2786E-09 2.3400E-09 2.4022E-09 2.4650E-09 2.5285E-09 2.5926E-09 2.6573E-09 2.7224E-09 2.7880E-09 2.8538E-09 2.9200E-09 2.9879E-09 3.0560E-09 3.1239E-09 3.1916E-09 3.2576E-09 3.3230E-09 3.3893E-09 3.4534E-09 3.5167E-09 3.5789E-09 3.6399E-09 3.6997E-09 3.7580E-09 3.8148E-09 3.8699E-09 3.9231E-09 3.9731E-09 4.0223E-09 4.0694E-09 4.1141E-09 4.1564E-09 4.1948E-09 4.2320E-09 4.2665E-09
1.1389E-09 1.1785E-09 1.2190E-09 1.2606E-09 1.3031E-09 1.3467E-09 1.3912E-09 1.4368E-09 1.4834E-09 1.5310E-09 1.5796E-09 1.6292E-09 1.6799E-09 1.7324E-09 1.7849E-09 1.8385E-09 1.8929E-09 1.9483E-09 2.0055E-09 2.0626E-09 2.1206E-09 2.1823E-09 2.2420E-09 2.3026E-09 2.3639E-09 2.4259E-09 2.4886E-09 2.5519E-09 2.6157E-09 2.6801E-09 2.7449E-09 2.8100E-09 2.8755E-09 2.9411E-09 3.0068E-09 3.0724E-09 3.1379E-09 3.2046E-09 3.2694E-09 3.3352E-09 3.3987E-09 3.4614E-09 3.5247E-09 3.5854E-09 3.6448E-09 3.7030E-09 3.7596E-09 3.8146E-09 3.8679E-09 3.9193E-09 3.9673E-09 4.0146E-09 4.0598E-09 4.1025E-09 4.1429E-09 4.1792E-09 4.2144E-09
1.1180E-09 1.1575E-09 1.1979E-09 1.2394E-09 1.2812E-09 1.3247E-09 1.3684E-09 1.4132E-09 1.4598E-09 1.5066E-09 1.5544E-09 1.6032E-09 1.6529E-09 1.7037E-09 1.7553E-09 1.8080E-09 1.8615E-09 1.9160E-09 1.9713E-09 2.0275E-09 2.0846E-09 2.1425E-09 2.2012E-09 2.2624E-09 2.3258E-09 2.3870E-09 2.4489E-09 2.5114E-09 2.5745E-09 2.6381E-09 2.7021E-09 2.7666E-09 2.8312E-09 2.8962E-09 2.9611E-09 3.0261E-09 3.0909E-09 3.1554E-09 3.2195E-09 3.2831E-09 3.3460E-09 3.4082E-09 3.4695E-09 3.5298E-09 3.5889E-09 3.6484E-09 3.7048E-09 3.7598E-09 3.8130E-09 3.8645E-09 3.9141E-09 3.9601E-09 4.0055E-09 4.0487E-09 4.0896E-09 4.1280E-09 4.1638E-09
1.1006E-09 1.1387E-09 1.1777E-09 1.2178E-09 1.2587E-09 1.3007E-09 1.3444E-09 1.3891E-09 1.4341E-09 1.4800E-09 1.5277E-09 1.5756E-09 1.6245E-09 1.6744E-09 1.7252E-09 1.7769E-09 1.8304E-09 1.8839E-09 1.9391E-09 1.9945E-09 2.0507E-09 2.1077E-09 2.1656E-09 2.2242E-09 2.2837E-09 2.3438E-09 2.4086E-09 2.4712E-09 2.5335E-09 2.5963E-09 2.6596E-09 2.7233E-09 2.7873E-09 2.8514E-09 2.9157E-09 2.9799E-09 3.0440E-09 3.1078E-09 3.1713E-09 3.2343E-09 3.2967E-09 3.3584E-09 3.4193E-09 3.4792E-09 3.5380E-09 3.5957E-09 3.6519E-09 3.7068E-09 3.7600E-09 3.8115E-09 3.8612E-09 3.9089E-09 3.9546E-09 3.9981E-09 4.0393E-09 4.0782E-09 4.1146E-09
1.0822E-09 1.1196E-09 1.1589E-09 1.1982E-09 1.2385E-09 1.2797E-09 1.3220E-09 1.3652E-09 1.4093E-09 1.4544E-09 1.5005E-09 1.5476E-09 1.5964E-09 1.6454E-09 1.6953E-09 1.7461E-09 1.7979E-09 1.8513E-09 1.9048E-09 1.9593E-09 2.0145E-09 2.0731E-09 2.1302E-09 2.1880E-09 2.2466E-09 2.3060E-09 2.3661E-09 2.4268E-09 2.4882E-09 2.5530E-09 2.6164E-09 2.6802E-09 2.7434E-09 2.8068E-09 2.8704E-09 2.9339E-09 2.9972E-09 3.0604E-09 3.1233E-09 3.1857E-09 3.2476E-09 3.3088E-09 3.3692E-09 3.4287E-09 3.4872E-09 3.5446E-09 3.6006E-09 3.6553E-09 3.7084E-09 3.7600E-09 3.8097E-09 3.8576E-09 3.9035E-09 3.9473E-09 3.9889E-09 4.0282E-09 4.0651E-09
1.0615E-09 1.0982E-09 1.1366E-09 1.1761E-09 1.2156E-09 1.2570E-09 1.2984E-09 1.3418E-09 1.3851E-09 1.4295E-09 1.4748E-09 1.5210E-09 1.5692E-09 1.6173E-09 1.6664E-09 1.7163E-09 1.7672E-09 1.8190E-09 1.8717E-09 1.9252E-09 1.9796E-09 2.0348E-09 2.0909E-09 2.1502E-09 2.2098E-09 2.2684E-09 2.3277E-09 2.3876E-09 2.4482E-09 2.5093E-09 2.5709E-09 2.6329E-09 2.6972E-09 2.7607E-09 2.8243E-09 2.8871E-09 2.9506E-09 3.0131E-09 3.0753E-09 3.1372E-09 3.1985E-09 3.2592E-09 3.3191E-09 3.3783E-09 3.4364E-09 3.4935E-09 3.5493E-09 3.6038E-09 3.6569E-09 3.7083E-09 3.7581E-09 3.8061E-09 3.8522E-09 3.8953E-09 3.9373E-09 3.9770E-09 4.0145E-09
1.0443E-09 1.0803E-09 1.1173E-09 1.1551E-09 1.1939E-09 1.2336E-09 1.2742E-09 1.3167E-09 1.3593E-09 1.4028E-09 1.4482E-09 1.4936E-09 1.5400E-09 1.5872E-09 1.6364E-09 1.6856E-09 1.7356E-09 1.7865E-09 1.8382E-09 1.8930E-09 1.9466E-09 2.0010E-09 2.0563E-09 2.1124E-09 2.1692E-09 2.2268E-09 2.2894E-09 2.3486E-09 2.4084E-09 2.4687E-09 2.5295E-09 2.5907E-09 2.6523E-09 2.7140E-09 2.7759E-09 2.8378E-09 2.9006E-09 2.9634E-09 3.0249E-09 3.0870E-09 3.1478E-09 3.2079E-09 3.2674E-09 3.3261E-09 3.3839E-09 3.4415E-09 3.4971E-09 3.5505E-09 3.6035E-09 3.6549E-09 3.7047E-09 3.7528E-09 3.7990E-09 3.8433E-09 3.8846E-09 3.9248E-09 3.9627E-09
1.0254E-09 1.0616E-09 1.0978E-09 1.1359E-09 1.1740E-09 1.2130E-09 1.2529E-09 1.2938E-09 1.3356E-09 1.3783E-09 1.4219E-09 1.4665E-09 1.5120E-09 1.5584E-09 1.6058E-09 1.6550E-09 1.7042E-09 1.7542E-09 1.8052E-09 1.8569E-09 1.9095E-09 1.9651E-09 2.0217E-09 2.0770E-09 2.1331E-09 2.1900E-09 2.2475E-09 2.3058E-09 2.3646E-09 2.4274E-09 2.4882E-09 2.5486E-09 2.6093E-09 2.6703E-09 2.7314E-09 2.7926E-09 2.8537E-09 2.9148E-09 2.9757E-09 3.0362E-09 3.0963E-09 3.1559E-09 3.2159E-09 3.2741E-09 3.3315E-09 3.3879E-09 3.4432E-09 3.4973E-09 3.5500E-09 3.6014E-09 3.6512E-09 3.6993E-09 3.7457E-09 3.7901E-09 3.8327E-09 3.8731E-09 3.9105E-09
1.0058E-09 1.0404E-09 1.0768E-09 1.1141E-09 1.1515E-09 1.1906E-09 1.2298E-09 1.2699E-09 1.3118E-09 1.3538E-09 1.3967E-09 1.4405E-09 1.4852E-09 1.5308E-09 1.5783E-09 1.6257E-09 1.6741E-09 1.7233E-09 1.7734E-09 1.8243E-09 1.8762E-09 1.9288E-09 1.9823E-09 2.0366E-09 2.0971E-09 2.1531E-09 2.2099E-09 2.2674E-09 2.3254E-09 2.3840E-09 2.4430E-09 2.5025E-09 2.5641E-09 2.6250E-09 2.6861E-09 2.7474E-09 2.8078E-09 2.8682E-09 2.9284E-09 2.9883E-09 3.0479E-09 3.1069E-09 3.1654E-09 3.2231E-09 3.2801E-09 3.3361E-09 3.3912E-09 3.4450E-09 3.4976E-09 3.5488E-09 3.5985E-09 3.6466E-09 3.6931E-09 3.7377E-09 3.7805E-09 3.8205E-09 3.8592E-09
9.8875E-10 1.0228E-09 1.0577E-09 1.0934E-09 1.1300E-09 1.1676E-09 1.2060E-09 1.2462E-09 1.2865E-09 1.3276E-09 1.3706E-09 1.4136E-09 1.4575E-09 1.5024E-09 1.5481E-09 1.5956E-09 1.6431E-09 1.6915E-09 1.7407E-09 1.7929E-09 1.8439E-09 1.8958E-09 1.9485E-09 2.0020E-09 2.0563E-09 2.1113E-09 2.1671E-09 2.2289E-09 2.2862E-09 2.3439E-09 2.4022E-09 2.4609E-09 2.5199E-09 2.5792E-09 2.6387E-09 2.6983E-09 2.7588E-09 2.8193E-09 2.8796E-09 2.9389E-09 2.9978E-09 3.0571E-09 3.1150E-09 3.1723E-09 3.2288E-09 3.2845E-09 3.3391E-09 3.3928E-09 3.4451E-09 3.4962E-09 3.5458E-09 3.5932E-09 3.6397E-09 3.6845E-09 3.7274E-09 3.7684E-09 3.8074E-09
