Assets/Resources/2015_m01_d31_1200(utc+0800)_l00_csi_1hr_conc.grd
DSAA
         159         159
     -79.000      79.000
     -79.000      79.000
  0.0000E+00  0.1869E-05
[rows 25 to 49 of 159, columns 57 to 113 of 159]
1.8736E-08 1.8311E-08 1.7670E-08 1.6829E-08 1.5826E-08 1.4699E-08 1.3480E-08 1.2214E-08 1.0938E-08 9.6808E-09 8.4348E-09 7.3204E-09 6.2870E-09 5.3472E-09 4.5048E-09 3.7609E-09 3.1129E-09 2.5551E-09 2.0782E-09 1.6812E-09 1.3440E-09 1.0617E-09 8.2425E-10 6.1475E-10 4.5827E-10 3.6054E-10 2.8396E-10 2.2153E-10 1.6991E-10 1.2847E-10 9.5127E-11 6.9189E-11 4.8220E-11 3.1980E-11 1.9441E-11 1.0829E-11 4.5251E-12 1.8257E-12 0.0000E+00 0.0000E+00 0.0000E+00 0.0000E+00 0.0000E+00 0.0000E+00 0.0000E+00 0.0000E+00 0.0000E+00 0.0000E+00 0.0000E+00 0.0000E+00 0.0000E+00 0.0000E+00 0.0000E+00 0.0000E+00 0.0000E+00 0.0000E+00 0.0000E+00
1.8925E-08 1.8475E-08 1.7796E-08 1.6920E-08 1.5880E-08 1.4708E-08 1.3453E-08 1.2153E-08 1.0842E-08 9.5585E-09 8.3148E-09 7.1570E-09 6.1219E-09 5.1813E-09 4.3437E-09 3.6075E-09 2.9669E-09 2.4196E-09 1.9558E-09 1.5685E-09 1.2419E-09 9.7160E-10 7.5008E-10 5.5317E-10 4.0485E-10 3.1322E-10 2.4569E-10 1.8999E-10 1.4439E-10 1.0832E-10 7.9226E-11 5.6958E-11 3.8642E-11 2.4887E-11 1.4759E-11 7.3037E-12 2.5800E-12 1.1071E-12 0.0000E+00 0.0000E+00 0.0000E+00 0.0000E+00 0.0000E+00 0.0000E+00 0.0000E+00 0.0000E+00 0.0000E+00 0.0000E+00 0.0000E+00 0.0000E+00 0.0000E+00 0.0000E+00 0.0000E+00 0.0000E+00 0.0000E+00 0.0000E+00 0.0000E+00
1.9083E-08 1.8601E-08 1.7890E-08 1.6975E-08 1.5890E-08 1.4681E-08 1.3388E-08 1.2051E-08 1.0715E-08 9.4125E-09 8.1568E-09 6.9697E-09 5.9359E-09 5.0023E-09 4.1708E-09 3.4455E-09 2.8166E-09 2.2814E-09 1.8298E-09 1.4529E-09 1.1394E-09 8.8169E-10 6.7306E-10 4.8994E-10 3.5014E-10 2.6881E-10 2.0907E-10 1.6057E-10 1.2128E-10 8.9630E-11 6.4900E-11 4.5375E-11 2.9992E-11 1.8611E-11 1.0138E-11 4.1716E-12 1.2726E-12 4.4347E-13 0.0000E+00 0.0000E+00 0.0000E+00 0.0000E+00 0.0000E+00 0.0000E+00 0.0000E+00 0.0000E+00 0.0000E+00 0.0000E+00 0.0000E+00 0.0000E+00 0.0000E+00 0.0000E+00 0.0000E+00 0.0000E+00 0.0000E+00 0.0000E+00 0.0000E+00
1.9245E-08 1.8734E-08 1.7982E-08 1.7021E-08 1.5895E-08 1.4640E-08 1.3302E-08 1.1934E-08 1.0564E-08 9.2335E-09 7.9735E-09 6.7617E-09 5.7315E-09 4.8067E-09 3.9894E-09 3.2765E-09 2.6596E-09 2.1410E-09 1.7015E-09 1.3382E-09 1.0373E-09 7.9513E-10 6.0021E-10 4.3627E-10 3.0119E-10 2.2702E-10 1.7540E-10 1.3339E-10 9.9227E-11 7.2756E-11 5.1378E-11 3.5195E-11 2.2931E-11 1.3363E-11 6.4491E-12 2.0092E-12 5.1999E-13 0.0000E+00 0.0000E+00 0.0000E+00 0.0000E+00 0.0000E+00 0.0000E+00 0.0000E+00 0.0000E+00 0.0000E+00 0.0000E+00 0.0000E+00 0.0000E+00 0.0000E+00 0.0000E+00 0.0000E+00 0.0000E+00 0.0000E+00 0.0000E+00 0.0000E+00 0.0000E+00
1.9399E-08 1.8848E-08 1.8051E-08 1.7049E-08 1.5869E-08 1.4566E-08 1.3191E-08 1.1780E-08 1.0384E-08 9.0406E-09 7.7684E-09 6.5307E-09 5.5118E-09 4.5993E-09 3.7960E-09 3.1015E-09 2.5015E-09 1.9976E-09 1.5716E-09 1.2244E-09 9.3727E-10 7.1140E-10 5.2993E-10 3.8109E-10 2.5661E-10 1.8893E-10 1.4406E-10 1.0843E-10 7.9883E-11 5.7345E-11 3.9662E-11 2.6354E-11 1.6454E-11 8.5081E-12 3.0814E-12 5.9769E-13 0.0000E+00 0.0000E+00 0.0000E+00 0.0000E+00 0.0000E+00 0.0000E+00 0.0000E+00 0.0000E+00 0.0000E+00 0.0000E+00 0.0000E+00 0.0000E+00 0.0000E+00 0.0000E+00 0.0000E+00 0.0000E+00 0.0000E+00 0.0000E+00 0.0000E+00 0.0000E+00 0.0000E+00
1.9577E-08 1.8990E-08 1.8154E-08 1.7090E-08 1.5857E-08 1.4503E-08 1.3072E-08 1.1623E-08 1.0198E-08 8.8245E-09 7.5447E-09 6.2828E-09 5.2761E-09 4.3803E-09 3.5962E-09 2.9197E-09 2.3405E-09 1.8522E-09 1.4426E-09 1.1108E-09 8.4209E-10 6.3221E-10 4.6486E-10 3.2803E-10 2.1320E-10 1.5407E-10 1.1612E-10 8.6369E-11 6.2212E-11 4.3656E-11 2.9483E-11 1.8758E-11 1.0757E-11 4.6615E-12 1.1065E-12 0.0000E+00 0.0000E+00 0.0000E+00 0.0000E+00 0.0000E+00 0.0000E+00 0.0000E+00 0.0000E+00 0.0000E+00 0.0000E+00 0.0000E+00 0.0000E+00 0.0000E+00 0.0000E+00 0.0000E+00 0.0000E+00 0.0000E+00 0.0000E+00 0.0000E+00 0.0000E+00 0.0000E+00 0.0000E+00
1.9774E-08 1.9150E-08 1.8255E-08 1.7138E-08 1.5846E-08 1.4426E-08 1.2946E-08 1.1452E-08 9.9874E-09 8.5983E-09 7.3082E-09 6.1007E-09 5.0305E-09 4.1506E-09 3.3903E-09 2.7362E-09 2.1756E-09 1.7033E-09 1.3151E-09 1.0017E-09 7.5129E-10 5.5677E-10 4.0205E-10 2.7882E-10 1.7494E-10 1.2350E-10 9.1735E-11 6.6817E-11 4.7337E-11 3.2321E-11 2.0805E-11 1.2314E-11 5.8992E-12 1.7131E-12 1.4995E-13 0.0000E+00 0.0000E+00 0.0000E+00 0.0000E+00 0.0000E+00 0.0000E+00 0.0000E+00 0.0000E+00 0.0000E+00 0.0000E+00 0.0000E+00 0.0000E+00 0.0000E+00 0.0000E+00 0.0000E+00 0.0000E+00 0.0000E+00 0.0000E+00 0.0000E+00 0.0000E+00 0.0000E+00 0.0000E+00
2.0027E-08 1.9360E-08 1.8418E-08 1.7237E-08 1.5871E-08 1.4391E-08 1.2842E-08 1.1290E-08 9.7892E-09 8.3701E-09 7.0589E-09 5.8630E-09 4.7758E-09 3.9147E-09 3.1784E-09 2.5480E-09 2.0092E-09 1.5579E-09 1.1895E-09 8.9876E-10 6.6504E-10 4.8610E-10 3.4378E-10 2.3506E-10 1.4220E-10 9.6719E-11 7.0395E-11 5.0302E-11 3.4689E-11 2.2535E-11 1.3127E-11 6.7510E-12 2.4032E-12 5.0000E-13 0.0000E+00 0.0000E+00 0.0000E+00 0.0000E+00 0.0000E+00 0.0000E+00 0.0000E+00 0.0000E+00 0.0000E+00 0.0000E+00 0.0000E+00 0.0000E+00 0.0000E+00 0.0000E+00 0.0000E+00 0.0000E+00 0.0000E+00 0.0000E+00 0.0000E+00 0.0000E+00 0.0000E+00 0.0000E+00 0.0000E+00
2.0323E-08 1.9623E-08 1.8622E-08 1.7371E-08 1.5938E-08 1.4371E-08 1.2751E-08 1.1144E-08 9.5889E-09 8.1364E-09 6.8178E-09 5.6188E-09 4.5144E-09 3.6712E-09 2.9616E-09 2.3573E-09 1.8420E-09 1.4164E-09 1.0694E-09 7.9999E-10 5.8350E-10 4.1945E-10 2.9068E-10 1.9362E-10 1.1143E-10 7.3964E-11 5.2880E-11 3.6524E-11 2.3811E-11 1.4459E-11 7.4223E-12 2.7166E-12 8.3434E-13 7.2065E-14 0.0000E+00 0.0000E+00 0.0000E+00 0.0000E+00 0.0000E+00 0.0000E+00 0.0000E+00 0.0000E+00 0.0000E+00 0.0000E+00 0.0000E+00 0.0000E+00 0.0000E+00 0.0000E+00 0.0000E+00 0.0000E+00 0.0000E+00 0.0000E+00 0.0000E+00 0.0000E+00 0.0000E+00 0.0000E+00 0.0000E+00
2.0721E-08 1.9984E-08 1.8929E-08 1.7610E-08 1.6079E-08 1.4426E-08 1.2726E-08 1.1031E-08 9.4178E-09 7.9276E-09 6.5771E-09 5.3725E-09 4.2459E-09 3.4242E-09 2.7448E-09 2.1671E-09 1.6792E-09 1.2799E-09 9.5691E-10 7.0675E-10 5.0898E-10 3.5840E-10 2.4249E-10 1.5684E-10 8.4973E-11 5.4707E-11 3.7817E-11 2.4949E-11 1.5048E-11 7.7190E-12 3.4235E-12 1.2052E-12 2.0655E-13 0.0000E+00 0.0000E+00 0.0000E+00 0.0000E+00 0.0000E+00 0.0000E+00 0.0000E+00 0.0000E+00 0.0000E+00 0.0000E+00 0.0000E+00 0.0000E+00 0.0000E+00 0.0000E+00 0.0000E+00 0.0000E+00 0.0000E+00 0.0000E+00 0.0000E+00 0.0000E+00 0.0000E+00 0.0000E+00 0.0000E+00 0.0000E+00
2.1184E-08 2.0420E-08 1.9310E-08 1.7905E-08 1.6292E-08 1.4537E-08 1.2726E-08 1.0952E-08 9.2732E-09 7.7228E-09 6.3487E-09 5.1354E-09 4.0025E-09 3.1767E-09 2.5243E-09 1.9777E-09 1.5220E-09 1.1475E-09 8.4983E-10 6.1832E-10 4.3885E-10 3.0322E-10 1.9934E-10 1.2389E-10 6.3917E-11 3.8602E-11 2.5386E-11 1.5611E-11 8.4467E-12 4.0566E-12 1.4553E-12 3.6374E-13 0.0000E+00 0.0000E+00 0.0000E+00 0.0000E+00 0.0000E+00 0.0000E+00 0.0000E+00 0.0000E+00 0.0000E+00 0.0000E+00 0.0000E+00 0.0000E+00 0.0000E+00 0.0000E+00 0.0000E+00 0.0000E+00 0.0000E+00 0.0000E+00 0.0000E+00 0.0000E+00 0.0000E+00 0.0000E+00 0.0000E+00 0.0000E+00 0.0000E+00
2.1769E-08 2.0987E-08 1.9822E-08 1.8342E-08 1.6620E-08 1.4745E-08 1.2834E-08 1.0948E-08 9.1695E-09 7.5610E-09 6.1402E-09 4.9122E-09 3.8416E-09 2.9427E-09 2.3063E-09 1.7920E-09 1.3689E-09 1.0238E-09 7.4903E-10 5.3827E-10 3.7397E-10 2.5262E-10 1.6077E-10 9.5639E-11 4.4547E-11 2.5635E-11 1.5781E-11 8.8947E-12 4.4213E-12 1.9159E-12 4.7002E-13 1.2009E-14 0.0000E+00 0.0000E+00 0.0000E+00 0.0000E+00 0.0000E+00 0.0000E+00 0.0000E+00 0.0000E+00 0.0000E+00 0.0000E+00 0.0000E+00 0.0000E+00 0.0000E+00 0.0000E+00 0.0000E+00 0.0000E+00 0.0000E+00 0.0000E+00 0.0000E+00 0.0000E+00 0.0000E+00 0.0000E+00 0.0000E+00 0.0000E+00 0.0000E+00
2.2450E-08 2.1662E-08 2.0458E-08 1.8893E-08 1.7060E-08 1.5075E-08 1.3015E-08 1.1005E-08 9.1310E-09 7.4329E-09 5.9554E-09 4.7047E-09 3.6332E-09 2.7059E-09 2.0907E-09 1.6127E-09 1.2211E-09 9.0501E-10 6.5342E-10 4.6205E-10 3.1496E-10 2.0724E-10 1.2620E-10 6.9769E-11 2.8515E-11 1.5974E-11 9.4787E-12 5.0105E-12 2.0553E-12 5.1241E-13 5.8729E-14 0.0000E+00 0.0000E+00 0.0000E+00 0.0000E+00 0.0000E+00 0.0000E+00 0.0000E+00 0.0000E+00 0.0000E+00 0.0000E+00 0.0000E+00 0.0000E+00 0.0000E+00 0.0000E+00 0.0000E+00 0.0000E+00 0.0000E+00 0.0000E+00 0.0000E+00 0.0000E+00 0.0000E+00 0.0000E+00 0.0000E+00 0.0000E+00 0.0000E+00 0.0000E+00
2.3246E-08 2.2480E-08 2.1240E-08 1.9603E-08 1.7669E-08 1.5527E-08 1.3331E-08 1.1180E-08 9.1658E-09 7.3639E-09 5.8180E-09 4.5163E-09 3.4311E-09 2.4979E-09 1.8807E-09 1.4383E-09 1.0811E-09 7.9176E-10 5.6337E-10 3.9089E-10 2.6024E-10 1.6571E-10 9.6199E-11 4.7734E-11 1.8144E-11 9.5746E-12 4.9578E-12 2.0111E-12 5.4889E-13 7.6615E-14 0.0000E+00 0.0000E+00 0.0000E+00 0.0000E+00 0.0000E+00 0.0000E+00 0.0000E+00 0.0000E+00 0.0000E+00 0.0000E+00 0.0000E+00 0.0000E+00 0.0000E+00 0.0000E+00 0.0000E+00 0.0000E+00 0.0000E+00 0.0000E+00 0.0000E+00 0.0000E+00 0.0000E+00 0.0000E+00 0.0000E+00 0.0000E+00 0.0000E+00 0.0000E+00 0.0000E+00
2.4139E-08 2.3414E-08 2.2170E-08 2.0477E-08 1.8419E-08 1.6151E-08 1.3785E-08 1.1458E-08 9.2909E-09 7.3687E-09 5.7194E-09 4.3624E-09 3.2488E-09 2.2842E-09 1.6769E-09 1.2703E-09 9.4487E-10 6.8553E-10 4.7903E-10 3.2514E-10 2.0998E-10 1.2823E-10 6.9200E-11 3.0467E-11 9.5475E-12 4.8542E-12 1.9943E-12 5.3950E-13 6.6447E-14 0.0000E+00 0.0000E+00 0.0000E+00 0.0000E+00 0.0000E+00 0.0000E+00 0.0000E+00 0.0000E+00 0.0000E+00 0.0000E+00 0.0000E+00 0.0000E+00 0.0000E+00 0.0000E+00 0.0000E+00 0.0000E+00 0.0000E+00 0.0000E+00 0.0000E+00 0.0000E+00 0.0000E+00 0.0000E+00 0.0000E+00 0.0000E+00 0.0000E+00 0.0000E+00 0.0000E+00 0.0000E+00
2.5121E-08 2.4483E-08 2.3263E-08 2.1521E-08 1.9384E-08 1.6950E-08 1.4402E-08 1.1890E-08 9.5459E-09 7.4537E-09 5.6894E-09 4.2476E-09 3.0900E-09 2.1073E-09 1.4839E-09 1.1102E-09 8.1648E-10 5.8481E-10 3.9938E-10 2.6456E-10 1.6534E-10 9.4965E-11 4.6797E-11 1.7013E-11 4.4785E-12 1.7683E-12 4.5536E-13 3.0659E-14 0.0000E+00 0.0000E+00 0.0000E+00 0.0000E+00 0.0000E+00 0.0000E+00 0.0000E+00 0.0000E+00 0.0000E+00 0.0000E+00 0.0000E+00 0.0000E+00 0.0000E+00 0.0000E+00 0.0000E+00 0.0000E+00 0.0000E+00 0.0000E+00 0.0000E+00 0.0000E+00 0.0000E+00 0.0000E+00 0.0000E+00 0.0000E+00 0.0000E+00 0.0000E+00 0.0000E+00 0.0000E+00 0.0000E+00
2.6164E-08 2.5652E-08 2.4495E-08 2.2757E-08 2.0520E-08 1.7954E-08 1.5220E-08 1.2490E-08 9.9151E-09 7.6581E-09 5.7311E-09 4.1839E-09 2.9847E-09 2.0349E-09 1.3130E-09 9.5856E-10 6.9557E-10 4.9126E-10 3.2967E-10 2.0943E-10 1.2488E-10 6.6476E-11 2.8826E-11 7.8369E-12 1.4196E-12 3.4190E-13 0.0000E+00 0.0000E+00 0.0000E+00 0.0000E+00 0.0000E+00 0.0000E+00 0.0000E+00 0.0000E+00 0.0000E+00 0.0000E+00 0.0000E+00 0.0000E+00 0.0000E+00 0.0000E+00 0.0000E+00 0.0000E+00 0.0000E+00 0.0000E+00 0.0000E+00 0.0000E+00 0.0000E+00 0.0000E+00 0.0000E+00 0.0000E+00 0.0000E+00 0.0000E+00 0.0000E+00 0.0000E+00 0.0000E+00 0.0000E+00 0.0000E+00
2.7230E-08 2.6905E-08 2.5874E-08 2.4166E-08 2.1890E-08 1.9189E-08 1.6253E-08 1.3277E-08 1.0486E-08 7.9721E-09 5.8671E-09 4.1914E-09 2.9043E-09 1.9139E-09 1.1504E-09 8.1660E-10 5.8375E-10 4.0488E-10 2.6446E-10 1.6054E-10 8.9895E-11 4.3205E-11 1.4592E-11 2.8280E-12 1.7153E-13 0.0000E+00 0.0000E+00 0.0000E+00 0.0000E+00 0.0000E+00 0.0000E+00 0.0000E+00 0.0000E+00 0.0000E+00 0.0000E+00 0.0000E+00 0.0000E+00 0.0000E+00 0.0000E+00 0.0000E+00 0.0000E+00 0.0000E+00 0.0000E+00 0.0000E+00 0.0000E+00 0.0000E+00 0.0000E+00 0.0000E+00 0.0000E+00 0.0000E+00 0.0000E+00 0.0000E+00 0.0000E+00 0.0000E+00 0.0000E+00 0.0000E+00 0.0000E+00
2.8282E-08 2.8207E-08 2.7362E-08 2.5760E-08 2.3477E-08 2.0671E-08 1.7538E-08 1.4325E-08 1.1218E-08 8.4617E-09 6.1309E-09 4.2747E-09 2.8784E-09 1.8434E-09 1.0296E-09 6.8361E-10 4.8061E-10 3.2676E-10 2.0620E-10 1.1817E-10 6.0667E-11 2.4841E-11 6.8162E-12 5.9896E-13 0.0000E+00 0.0000E+00 0.0000E+00 0.0000E+00 0.0000E+00 0.0000E+00 0.0000E+00 0.0000E+00 0.0000E+00 0.0000E+00 0.0000E+00 0.0000E+00 0.0000E+00 0.0000E+00 0.0000E+00 0.0000E+00 0.0000E+00 0.0000E+00 0.0000E+00 0.0000E+00 0.0000E+00 0.0000E+00 0.0000E+00 0.0000E+00 0.0000E+00 0.0000E+00 0.0000E+00 0.0000E+00 0.0000E+00 0.0000E+00 0.0000E+00 0.0000E+00 0.0000E+00
2.9258E-08 2.9514E-08 2.8937E-08 2.7511E-08 2.5291E-08 2.2419E-08 1.9111E-08 1.5610E-08 1.2230E-08 9.1342E-09 6.5220E-09 4.4589E-09 2.9223E-09 1.8162E-09 9.2477E-10 5.6408E-10 3.8830E-10 2.5654E-10 1.5513E-10 8.1684E-11 3.7613E-11 1.1796E-11 2.9104E-12 0.0000E+00 0.0000E+00 0.0000E+00 0.0000E+00 0.0000E+00 0.0000E+00 0.0000E+00 0.0000E+00 0.0000E+00 0.0000E+00 0.0000E+00 0.0000E+00 0.0000E+00 0.0000E+00 0.0000E+00 0.0000E+00 0.0000E+00 0.0000E+00 0.0000E+00 0.0000E+00 0.0000E+00 0.0000E+00 0.0000E+00 0.0000E+00 0.0000E+00 0.0000E+00 0.0000E+00 0.0000E+00 0.0000E+00 0.0000E+00 0.0000E+00 0.0000E+00 0.0000E+00 0.0000E+00
3.0105E-08 3.0761E-08 3.0546E-08 2.9389E-08 2.7319E-08 2.4442E-08 2.0975E-08 1.7236E-08 1.3475E-08 1.0035E-08 7.1081E-09 4.7688E-09 3.0421E-09 1.8287E-09 9.2571E-10 4.5725E-10 3.0578E-10 1.9509E-10 1.1179E-10 5.3457E-11 2.0664E-11 5.9714E-12 1.0570E-12 0.0000E+00 0.0000E+00 0.0000E+00 0.0000E+00 0.0000E+00 0.0000E+00 0.0000E+00 0.0000E+00 0.0000E+00 0.0000E+00 0.0000E+00 0.0000E+00 0.0000E+00 0.0000E+00 0.0000E+00 0.0000E+00 0.0000E+00 0.0000E+00 0.0000E+00 0.0000E+00 0.0000E+00 0.0000E+00 0.0000E+00 0.0000E+00 0.0000E+00 0.0000E+00 0.0000E+00 0.0000E+00 0.0000E+00 0.0000E+00 0.0000E+00 0.0000E+00 0.0000E+00 0.0000E+00
3.0730E-08 3.1869E-08 3.2110E-08 3.1331E-08 2.9502E-08 2.6705E-08 2.3161E-08 1.9138E-08 1.5055E-08 1.1212E-08 7.8758E-09 5.2240E-09 3.2645E-09 1.9088E-09 9.5025E-10 3.8127E-10 2.3369E-10 1.4323E-10 7.7227E-11 3.1955E-11 9.2059E-12 2.7335E-12 2.2071E-13 0.0000E+00 0.0000E+00 0.0000E+00 0.0000E+00 0.0000E+00 0.0000E+00 0.0000E+00 0.0000E+00 0.0000E+00 0.0000E+00 0.0000E+00 0.0000E+00 0.0000E+00 0.0000E+00 0.0000E+00 0.0000E+00 0.0000E+00 0.0000E+00 0.0000E+00 0.0000E+00 0.0000E+00 0.0000E+00 0.0000E+00 0.0000E+00 0.0000E+00 0.0000E+00 0.0000E+00 0.0000E+00 0.0000E+00 0.0000E+00 0.0000E+00 0.0000E+00 0.0000E+00 0.0000E+00
3.1064E-08 3.2744E-08 3.3534E-08 3.3243E-08 3.1786E-08 2.9192E-08 2.5622E-08 2.1430E-08 1.6957E-08 1.2670E-08 8.9060E-09 5.8717E-09 3.6036E-09 2.0555E-09 1.0019E-09 3.2561E-10 1.7346E-10 1.0100E-10 5.0006E-11 1.6357E-11 4.4826E-12 8.9497E-13 0.0000E+00 0.0000E+00 0.0000E+00 0.0000E+00 0.0000E+00 0.0000E+00 0.0000E+00 0.0000E+00 0.0000E+00 0.0000E+00 0.0000E+00 0.0000E+00 0.0000E+00 0.0000E+00 0.0000E+00 0.0000E+00 0.0000E+00 0.0000E+00 0.0000E+00 0.0000E+00 0.0000E+00 0.0000E+00 0.0000E+00 0.0000E+00 0.0000E+00 0.0000E+00 0.0000E+00 0.0000E+00 0.0000E+00 0.0000E+00 0.0000E+00 0.0000E+00 0.0000E+00 0.0000E+00 0.0000E+00
3.1001E-08 3.3267E-08 3.4684E-08 3.5017E-08 3.4069E-08 3.1799E-08 2.8351E-08 2.4006E-08 1.9244E-08 1.4506E-08 1.0230E-08 6.7283E-09 4.1037E-09 2.2994E-09 1.1047E-09 3.2707E-10 1.2495E-10 6.7799E-11 2.9397E-11 6.1082E-12 1.6491E-12 7.6212E-14 0.0000E+00 0.0000E+00 0.0000E+00 0.0000E+00 0.0000E+00 0.0000E+00 0.0000E+00 0.0000E+00 0.0000E+00 0.0000E+00 0.0000E+00 0.0000E+00 0.0000E+00 0.0000E+00 0.0000E+00 0.0000E+00 0.0000E+00 0.0000E+00 0.0000E+00 0.0000E+00 0.0000E+00 0.0000E+00 0.0000E+00 0.0000E+00 0.0000E+00 0.0000E+00 0.0000E+00 0.0000E+00 0.0000E+00 0.0000E+00 0.0000E+00 0.0000E+00 0.0000E+00 0.0000E+00 0.0000E+00
3.0469E-08 3.3326E-08 3.5452E-08 3.6482E-08 3.6193E-08 3.4438E-08 3.1255E-08 2.6937E-08 2.1894E-08 1.6712E-08 1.1896E-08 7.8755E-09 4.8029E-09 2.6631E-09 1.2921E-09 3.4836E-10 8.8063E-11 4.1739E-11 1.3187E-11 2.3234E-12 4.5082E-13 0.0000E+00 0.0000E+00 0.0000E+00 0.0000E+00 0.0000E+00 0.0000E+00 0.0000E+00 0.0000E+00 0.0000E+00 0.0000E+00 0.0000E+00 0.0000E+00 0.0000E+00 0.0000E+00 0.0000E+00 0.0000E+00 0.0000E+00 0.0000E+00 0.0000E+00 0.0000E+00 0.0000E+00 0.0000E+00 0.0000E+00 0.0000E+00 0.0000E+00 0.0000E+00 0.0000E+00 0.0000E+00 0.0000E+00 0.0000E+00 0.0000E+00 0.0000E+00 0.0000E+00 0.0000E+00 0.0000E+00 0.0000E+00
