Assets/Resources/2015_m01_d10_1000(utc+0800)_l00_csi_1hr_conc.grd
DSAA
         159         159
     -79.000      79.000
     -79.000      79.000
  0.1284E-08  0.1690E-04
[rows 125 to 149 of 159, columns 57 to 113 of 159]
9.9372E-09 1.0078E-08 1.0207E-08 1.0353E-08 1.0700E-08 1.0877E-08 1.1040E-08 1.1219E-08 1.1577E-08 1.1861E-08 1.2090E-08 1.2464E-08 1.2756E-08 1.3230E-08 1.3593E-08 1.4207E-08 1.4626E-08 1.5089E-08 1.5851E-08 1.6344E-08 1.6854E-08 1.7369E-08 1.7872E-08 1.8772E-08 1.9355E-08 1.9884E-08 2.0431E-08 2.1414E-08 2.1954E-08 2.2456E-08 2.2945E-08 2.3418E-08 2.3855E-08 2.4756E-08 2.5153E-08 2.5512E-08 2.5830E-08 2.6108E-08 2.6342E-08 2.6534E-08 2.6682E-08 2.6785E-08 2.6845E-08 2.6863E-08 2.6834E-08 2.6764E-08 2.6650E-08 2.6492E-08 2.5816E-08 2.5606E-08 2.5359E-08 2.5072E-08 2.4745E-08 2.4379E-08 2.3980E-08 2.3564E-08 2.2708E-08
9.7507E-09 9.8636E-09 9.9974E-09 1.0146E-08 1.0467E-08 1.0634E-08 1.0811E-08 1.0979E-08 1.1323E-08 1.1534E-08 1.1836E-08 1.2072E-08 1.2459E-08 1.2747E-08 1.3234E-08 1.3585E-08 1.4196E-08 1.4606E-08 1.5039E-08 1.5778E-08 1.6248E-08 1.6725E-08 1.7184E-08 1.7642E-08 1.8097E-08 1.8991E-08 1.9472E-08 1.9918E-08 2.0382E-08 2.0806E-08 2.1710E-08 2.2132E-08 2.2519E-08 2.2884E-08 2.3226E-08 2.3535E-08 2.3810E-08 2.4046E-08 2.4247E-08 2.4414E-08 2.4545E-08 2.4644E-08 2.4707E-08 2.4732E-08 2.4724E-08 2.4679E-08 2.4596E-08 2.4472E-08 2.4310E-08 2.4113E-08 2.3875E-08 2.3600E-08 2.3300E-08 2.2978E-08 2.2217E-08 2.1886E-08 2.1530E-08
9.5523E-09 9.6698E-09 9.7849E-09 9.9190E-09 1.0253E-08 1.0403E-08 1.0560E-08 1.0824E-08 1.1018E-08 1.1281E-08 1.1489E-08 1.1792E-08 1.2023E-08 1.2432E-08 1.2721E-08 1.3214E-08 1.3548E-08 1.3915E-08 1.4557E-08 1.4952E-08 1.5363E-08 1.6096E-08 1.6526E-08 1.6948E-08 1.7360E-08 1.7762E-08 1.8155E-08 1.8986E-08 1.9397E-08 1.9768E-08 2.0149E-08 2.0509E-08 2.0828E-08 2.1613E-08 2.1916E-08 2.2189E-08 2.2433E-08 2.2646E-08 2.2832E-08 2.2986E-08 2.3109E-08 2.3199E-08 2.3255E-08 2.3280E-08 2.3270E-08 2.3220E-08 2.3136E-08 2.3017E-08 2.2872E-08 2.2694E-08 2.2486E-08 2.1829E-08 2.1596E-08 2.1336E-08 2.1045E-08 2.0725E-08 2.0380E-08
9.3662E-09 9.4601E-09 9.5786E-09 9.7026E-09 1.0022E-08 1.0175E-08 1.0332E-08 1.0535E-08 1.0767E-08 1.0952E-08 1.1223E-08 1.1426E-08 1.1745E-08 1.1971E-08 1.2390E-08 1.2671E-08 1.3161E-08 1.3491E-08 1.3834E-08 1.4465E-08 1.4831E-08 1.5215E-08 1.5591E-08 1.6271E-08 1.6657E-08 1.7024E-08 1.7384E-08 1.7729E-08 1.8063E-08 1.8812E-08 1.9154E-08 1.9470E-08 1.9759E-08 2.0041E-08 2.0298E-08 2.0529E-08 2.0729E-08 2.0905E-08 2.1515E-08 2.1648E-08 2.1754E-08 2.1833E-08 2.1885E-08 2.1907E-08 2.1900E-08 2.1863E-08 2.1359E-08 2.1275E-08 2.1164E-08 2.1026E-08 2.0856E-08 2.0660E-08 2.0435E-08 2.0180E-08 1.9904E-08 1.9620E-08 1.8934E-08
9.2099E-09 9.2785E-09 9.3619E-09 9.6061E-09 9.7398E-09 9.9397E-09 1.0084E-08 1.0293E-08 1.0456E-08 1.0685E-08 1.0876E-08 1.1147E-08 1.1355E-08 1.1671E-08 1.1906E-08 1.2332E-08 1.2588E-08 1.2859E-08 1.3408E-08 1.3724E-08 1.4051E-08 1.4678E-08 1.5022E-08 1.5351E-08 1.5689E-08 1.6317E-08 1.6644E-08 1.6960E-08 1.7267E-08 1.7560E-08 1.7837E-08 1.8093E-08 1.8766E-08 1.9016E-08 1.9245E-08 1.9449E-08 1.9631E-08 1.9798E-08 1.9941E-08 2.0060E-08 2.0157E-08 2.0229E-08 2.0276E-08 2.0297E-08 2.0292E-08 2.0262E-08 2.0206E-08 2.0124E-08 2.0014E-08 1.9875E-08 1.9711E-08 1.9531E-08 1.9330E-08 1.8712E-08 1.8501E-08 1.8273E-08 1.8027E-08
9.0252E-09 9.1124E-09 9.1822E-09 9.3551E-09 9.5195E-09 9.6430E-09 9.8573E-09 1.0001E-08 1.0200E-08 1.0359E-08 1.0596E-08 1.0791E-08 1.1069E-08 1.1265E-08 1.1593E-08 1.1813E-08 1.2246E-08 1.2495E-08 1.2760E-08 1.3288E-08 1.3580E-08 1.3891E-08 1.4189E-08 1.4772E-08 1.5083E-08 1.5369E-08 1.5661E-08 1.5937E-08 1.6511E-08 1.6772E-08 1.7025E-08 1.7262E-08 1.7486E-08 1.7691E-08 1.7872E-08 1.8035E-08 1.8609E-08 1.8756E-08 1.8882E-08 1.8988E-08 1.9073E-08 1.9135E-08 1.9175E-08 1.9189E-08 1.9184E-08 1.9154E-08 1.9100E-08 1.9023E-08 1.8924E-08 1.8401E-08 1.8277E-08 1.8136E-08 1.7976E-08 1.7796E-08 1.7591E-08 1.7089E-08 1.6870E-08
8.8739E-09 8.9275E-09 8.9839E-09 9.1633E-09 9.2554E-09 9.4263E-09 9.5332E-09 9.7551E-09 9.9110E-09 1.0101E-08 1.0258E-08 1.0509E-08 1.0692E-08 1.0981E-08 1.1181E-08 1.1511E-08 1.1714E-08 1.1923E-08 1.2385E-08 1.2642E-08 1.2877E-08 1.3418E-08 1.3688E-08 1.3952E-08 1.4217E-08 1.4760E-08 1.5028E-08 1.5271E-08 1.5520E-08 1.5755E-08 1.5973E-08 1.6470E-08 1.6661E-08 1.6843E-08 1.7015E-08 1.7172E-08 1.7311E-08 1.7431E-08 1.7532E-08 1.7615E-08 1.7680E-08 1.7731E-08 1.7761E-08 1.7774E-08 1.7769E-08 1.7746E-08 1.7706E-08 1.7648E-08 1.7563E-08 1.7467E-08 1.7356E-08 1.7224E-08 1.6788E-08 1.6630E-08 1.6449E-08 1.6261E-08 1.6061E-08
8.6945E-09 8.7751E-09 8.8232E-09 8.9215E-09 9.0345E-09 9.1559E-09 9.3195E-09 9.4330E-09 9.6466E-09 9.7917E-09 1.0005E-08 1.0157E-08 1.0395E-08 1.0582E-08 1.0869E-08 1.1070E-08 1.1263E-08 1.1594E-08 1.1799E-08 1.2255E-08 1.2475E-08 1.2715E-08 1.2944E-08 1.3454E-08 1.3698E-08 1.3924E-08 1.4152E-08 1.4656E-08 1.4869E-08 1.5072E-08 1.5269E-08 1.5457E-08 1.5641E-08 1.5795E-08 1.5929E-08 1.6052E-08 1.6162E-08 1.6563E-08 1.6657E-08 1.6739E-08 1.6804E-08 1.6851E-08 1.6877E-08 1.6887E-08 1.6879E-08 1.6856E-08 1.6524E-08 1.6474E-08 1.6401E-08 1.6319E-08 1.6221E-08 1.6106E-08 1.5977E-08 1.5834E-08 1.5674E-08 1.5497E-08 1.5310E-08
8.5473E-09 8.5955E-09 8.6693E-09 8.7520E-09 8.8142E-09 8.9407E-09 9.0228E-09 9.2159E-09 9.3288E-09 9.5387E-09 9.6806E-09 9.9017E-09 1.0043E-08 1.0301E-08 1.0468E-08 1.0765E-08 1.0949E-08 1.1125E-08 1.1461E-08 1.1662E-08 1.1855E-08 1.2308E-08 1.2522E-08 1.2717E-08 1.2920E-08 1.3401E-08 1.3610E-08 1.3797E-08 1.3992E-08 1.4179E-08 1.4335E-08 1.4771E-08 1.4921E-08 1.5064E-08 1.5210E-08 1.5337E-08 1.5446E-08 1.5536E-08 1.5611E-08 1.5673E-08 1.5724E-08 1.5760E-08 1.5782E-08 1.5790E-08 1.5784E-08 1.5763E-08 1.5730E-08 1.5680E-08 1.5610E-08 1.5532E-08 1.5441E-08 1.5338E-08 1.5209E-08 1.5077E-08 1.4658E-08 1.4500E-08 1.4335E-08
8.3884E-09 8.4470E-09 8.4902E-09 8.5300E-09 8.6213E-09 8.7029E-09 8.8358E-09 8.9101E-09 9.0795E-09 9.2110E-09 9.4208E-09 9.5580E-09 9.7947E-09 9.9322E-09 1.0186E-08 1.0339E-08 1.0639E-08 1.0816E-08 1.0977E-08 1.1326E-08 1.1505E-08 1.1679E-08 1.2108E-08 1.2299E-08 1.2481E-08 1.2661E-08 1.2828E-08 1.3267E-08 1.3429E-08 1.3579E-08 1.3745E-08 1.3890E-08 1.4017E-08 1.4127E-08 1.4226E-08 1.4601E-08 1.4701E-08 1.4787E-08 1.4867E-08 1.4931E-08 1.4981E-08 1.5014E-08 1.5033E-08 1.5039E-08 1.5032E-08 1.5011E-08 1.4978E-08 1.4932E-08 1.4864E-08 1.4791E-08 1.4434E-08 1.4341E-08 1.4227E-08 1.4109E-08 1.3978E-08 1.3831E-08 1.3680E-08
8.2176E-09 8.2607E-09 8.3287E-09 8.3796E-09 8.4153E-09 8.5104E-09 8.5604E-09 8.7199E-09 8.8015E-09 8.9694E-09 9.0676E-09 9.1676E-09 9.4274E-09 9.6625E-09 9.7973E-09 1.0055E-08 1.0203E-08 1.0365E-08 1.0664E-08 1.0824E-08 1.0991E-08 1.1330E-08 1.1494E-08 1.1644E-08 1.2051E-08 1.2209E-08 1.2365E-08 1.2513E-08 1.2659E-08 1.2785E-08 1.3168E-08 1.3292E-08 1.3412E-08 1.3523E-08 1.3630E-08 1.3724E-08 1.3803E-08 1.3867E-08 1.3931E-08 1.3977E-08 1.4013E-08 1.4038E-08 1.4052E-08 1.4056E-08 1.4049E-08 1.4030E-08 1.4000E-08 1.3961E-08 1.3899E-08 1.3836E-08 1.3761E-08 1.3675E-08 1.3571E-08 1.3462E-08 1.3345E-08 1.3203E-08 1.2809E-08
8.0257E-09 8.1046E-09 8.1559E-09 8.1918E-09 8.2534E-09 8.2853E-09 8.3971E-09 8.4450E-09 8.5690E-09 8.6785E-09 8.8618E-09 8.9505E-09 9.0517E-09 9.2860E-09 9.5121E-09 9.6614E-09 9.9221E-09 1.0065E-08 1.0207E-08 1.0510E-08 1.0653E-08 1.0811E-08 1.0952E-08 1.1288E-08 1.1427E-08 1.1553E-08 1.1670E-08 1.2045E-08 1.2172E-08 1.2298E-08 1.2403E-08 1.2504E-08 1.2593E-08 1.2685E-08 1.3033E-08 1.3110E-08 1.3183E-08 1.3252E-08 1.3312E-08 1.3360E-08 1.3393E-08 1.3416E-08 1.3435E-08 1.3434E-08 1.3424E-08 1.3396E-08 1.3365E-08 1.3325E-08 1.3268E-08 1.3207E-08 1.3138E-08 1.3055E-08 1.2957E-08 1.2604E-08 1.2498E-08 1.2366E-08 1.2244E-08
7.8625E-09 7.9002E-09 7.9626E-09 8.0353E-09 8.0803E-09 8.1103E-09 8.1660E-09 8.2696E-09 8.3285E-09 8.4576E-09 8.5284E-09 8.6009E-09 8.8209E-09 8.9211E-09 9.1397E-09 9.3734E-09 9.5045E-09 9.6291E-09 9.8883E-09 1.0053E-08 1.0170E-08 1.0495E-08 1.0609E-08 1.0750E-08 1.0862E-08 1.1172E-08 1.1277E-08 1.1385E-08 1.1480E-08 1.1807E-08 1.1913E-08 1.2009E-08 1.2094E-08 1.2174E-08 1.2257E-08 1.2328E-08 1.2387E-08 1.2432E-08 1.2470E-08 1.2501E-08 1.2524E-08 1.2540E-08 1.2552E-08 1.2556E-08 1.2550E-08 1.2530E-08 1.2503E-08 1.2466E-08 1.2414E-08 1.2360E-08 1.2298E-08 1.2225E-08 1.2144E-08 1.2050E-08 1.1952E-08 1.1840E-08 1.1722E-08
7.7045E-09 7.7523E-09 7.7988E-09 7.8305E-09 7.8872E-09 7.9540E-09 7.9808E-09 8.0186E-09 8.1265E-09 8.1988E-09 8.3327E-09 8.4155E-09 8.4870E-09 8.6820E-09 8.7672E-09 8.8819E-09 9.2444E-09 9.3509E-09 9.4760E-09 9.7463E-09 9.8531E-09 9.9674E-09 1.0085E-08 1.0389E-08 1.0517E-08 1.0602E-08 1.0712E-08 1.0983E-08 1.1086E-08 1.1158E-08 1.1223E-08 1.1310E-08 1.1376E-08 1.1683E-08 1.1745E-08 1.1814E-08 1.1870E-08 1.1928E-08 1.1975E-08 1.2005E-08 1.2022E-08 1.2034E-08 1.2036E-08 1.2032E-08 1.2019E-08 1.1998E-08 1.1970E-08 1.1926E-08 1.1882E-08 1.1831E-08 1.1771E-08 1.1704E-08 1.1616E-08 1.1532E-08 1.1413E-08 1.1068E-08 1.0964E-08
7.5492E-09 7.5833E-09 7.6403E-09 7.6825E-09 7.7235E-09 7.7502E-09 7.8020E-09 7.8514E-09 7.8861E-09 7.9986E-09 8.0412E-09 8.2077E-09 8.2775E-09 8.3607E-09 8.5420E-09 8.6260E-09 8.7119E-09 8.9423E-09 9.2207E-09 9.3098E-09 9.4219E-09 9.6894E-09 9.7803E-09 9.8755E-09 1.0133E-08 1.0228E-08 1.0317E-08 1.0399E-08 1.0459E-08 1.0762E-08 1.0829E-08 1.0886E-08 1.0949E-08 1.1020E-08 1.1065E-08 1.1104E-08 1.1138E-08 1.1178E-08 1.1448E-08 1.1481E-08 1.1502E-08 1.1525E-08 1.1531E-08 1.1527E-08 1.1514E-08 1.1492E-08 1.1455E-08 1.1419E-08 1.1348E-08 1.1299E-08 1.1004E-08 1.0945E-08 1.0864E-08 1.0791E-08 1.0713E-08 1.0615E-08 1.0518E-08
7.3980E-09 7.4420E-09 7.4849E-09 7.5137E-09 7.5405E-09 7.6033E-09 7.6396E-09 7.6619E-09 7.7093E-09 7.7286E-09 7.8701E-09 7.9113E-09 7.9655E-09 8.1353E-09 8.2144E-09 8.2841E-09 8.4959E-09 8.5613E-09 8.6408E-09 9.0218E-09 9.1298E-09 9.2060E-09 9.4946E-09 9.5834E-09 9.6558E-09 9.7276E-09 9.7941E-09 1.0035E-08 1.0108E-08 1.0173E-08 1.0238E-08 1.0290E-08 1.0521E-08 1.0577E-08 1.0625E-08 1.0674E-08 1.0704E-08 1.0730E-08 1.0762E-08 1.0777E-08 1.0795E-08 1.0800E-08 1.0798E-08 1.0791E-08 1.0778E-08 1.0758E-08 1.0733E-08 1.0701E-08 1.0663E-08 1.0619E-08 1.0569E-08 1.0504E-08 1.0435E-08 1.0367E-08 1.0293E-08 1.0203E-08 1.0111E-08
7.2492E-09 7.2801E-09 7.3337E-09 7.3731E-09 7.4114E-09 7.4357E-09 7.4584E-09 7.5167E-09 7.5365E-09 7.5673E-09 7.5838E-09 7.7170E-09 7.7564E-09 7.8341E-09 7.9891E-09 8.0560E-09 8.1242E-09 8.3447E-09 8.4218E-09 8.4849E-09 8.5520E-09 8.9393E-09 9.0233E-09 9.0868E-09 9.3289E-09 9.3900E-09 9.4666E-09 9.5392E-09 9.5933E-09 9.8292E-09 9.8724E-09 9.9232E-09 9.9758E-09 1.0024E-08 1.0054E-08 1.0090E-08 1.0310E-08 1.0339E-08 1.0369E-08 1.0382E-08 1.0389E-08 1.0391E-08 1.0397E-08 1.0389E-08 1.0374E-08 1.0355E-08 1.0329E-08 1.0298E-08 1.0261E-08 1.0218E-08 1.0169E-08 1.0107E-08 1.0012E-08 9.9469E-09 9.8767E-09 9.8014E-09 9.7015E-09
7.1158E-09 7.1574E-09 7.1856E-09 7.2120E-09 7.2612E-09 7.2965E-09 7.3306E-09 7.3511E-09 7.3698E-09 7.3868E-09 7.4400E-09 7.4544E-09 7.4797E-09 7.6138E-09 7.6617E-09 7.8199E-09 7.9250E-09 7.9706E-09 8.0220E-09 8.2345E-09 8.2999E-09 8.3805E-09 8.5839E-09 8.8059E-09 8.8664E-09 8.9358E-09 9.1584E-09 9.2172E-09 9.2548E-09 9.3038E-09 9.3534E-09 9.3838E-09 9.6047E-09 9.6497E-09 9.6761E-09 9.6988E-09 9.7287E-09 9.7518E-09 9.7771E-09 9.7916E-09 9.7941E-09 9.9791E-09 9.9745E-09 9.9647E-09 9.9595E-09 9.9394E-09 9.9139E-09 9.8833E-09 9.8472E-09 9.8058E-09 9.7495E-09 9.6977E-09 9.6333E-09 9.5713E-09 9.5043E-09 9.4325E-09 9.1407E-09
6.9734E-09 7.0020E-09 7.0529E-09 7.0786E-09 7.1145E-09 7.1369E-09 7.1577E-09 7.2134E-09 7.2436E-09 7.2605E-09 7.2756E-09 7.2890E-09 7.3381E-09 7.3490E-09 7.4683E-09 7.5170E-09 7.5523E-09 7.7300E-09 7.7959E-09 7.8486E-09 8.0415E-09 8.1122E-09 8.1674E-09 8.2095E-09 8.4168E-09 8.6038E-09 8.7053E-09 8.7343E-09 8.7833E-09 8.9997E-09 9.0297E-09 9.0744E-09 9.1248E-09 9.1462E-09 9.1742E-09 9.3757E-09 9.3917E-09 9.4162E-09 9.4248E-09 9.4380E-09 9.4386E-09 9.4415E-09 9.4335E-09 9.4211E-09 9.4042E-09 9.3827E-09 9.3568E-09 9.3367E-09 9.2909E-09 9.2386E-09 9.1943E-09 9.1389E-09 9.0857E-09 9.0280E-09 8.9661E-09 8.8603E-09 8.7822E-09
6.8571E-09 6.8851E-09 6.9114E-09 6.9360E-09 6.9830E-09 7.0048E-09 7.0369E-09 7.0556E-09 7.0728E-09 7.1246E-09 7.1392E-09 7.1645E-09 7.1761E-09 7.1860E-09 7.1943E-09 7.3272E-09 7.3869E-09 7.4014E-09 7.4472E-09 7.6221E-09 7.6906E-09 7.7225E-09 7.9066E-09 7.9416E-09 7.9896E-09 8.0189E-09 8.2395E-09 8.4263E-09 8.4654E-09 8.5162E-09 8.5487E-09 8.7485E-09 8.7948E-09 8.8422E-09 8.8581E-09 8.8810E-09 8.8983E-09 8.9183E-09 8.9215E-09 9.0973E-09 9.1054E-09 9.1003E-09 9.0912E-09 9.0778E-09 9.0675E-09 9.0459E-09 9.0199E-09 8.9624E-09 8.9155E-09 8.8770E-09 8.8274E-09 8.7549E-09 8.7042E-09 8.6495E-09 8.5909E-09 8.5284E-09 8.4529E-09
6.7231E-09 6.7502E-09 6.7960E-09 6.8202E-09 6.8428E-09 6.8636E-09 6.9068E-09 6.9251E-09 6.9535E-09 6.9688E-09 6.9825E-09 6.9947E-09 7.0415E-09 7.0510E-09 7.0710E-09 7.0775E-09 7.0823E-09 7.2123E-09 7.2449E-09 7.2872E-09 7.4629E-09 7.5153E-09 7.5387E-09 7.5630E-09 7.7395E-09 7.7962E-09 7.8281E-09 7.8507E-09 8.0231E-09 8.0541E-09 8.2457E-09 8.2755E-09 8.3085E-09 8.3282E-09 8.5045E-09 8.5271E-09 8.5353E-09 8.5644E-09 8.5666E-09 8.5649E-09 8.5597E-09 8.5613E-09 8.5491E-09 8.5336E-09 8.5145E-09 8.4918E-09 8.4655E-09 8.4490E-09 8.4154E-09 8.3648E-09 8.3240E-09 8.2796E-09 8.2317E-09 8.1683E-09 8.1137E-09 8.0455E-09 7.9839E-09
6.6051E-09 6.6316E-09 6.6631E-09 6.6865E-09 6.7082E-09 6.7491E-09 6.7681E-09 6.7855E-09 6.8014E-09 6.8398E-09 6.8531E-09 6.8766E-09 6.8868E-09 6.8955E-09 6.9026E-09 6.9444E-09 6.9490E-09 6.9641E-09 7.0954E-09 7.1262E-09 7.1322E-09 7.1558E-09 7.2999E-09 7.3591E-09 7.3913E-09 7.4117E-09 7.4374E-09 7.5929E-09 7.6280E-09 7.6523E-09 7.6576E-09 7.8627E-09 7.8859E-09 8.0450E-09 8.0624E-09 8.0673E-09 8.0827E-09 8.1003E-09 8.2728E-09 8.2691E-09 8.2630E-09 8.2538E-09 8.2528E-09 8.2370E-09 8.2178E-09 8.1952E-09 8.1847E-09 8.1553E-09 8.1224E-09 8.0860E-09 8.0462E-09 7.9876E-09 7.9026E-09 7.8533E-09 7.7760E-09 7.7207E-09 7.6513E-09
6.4766E-09 6.5021E-09 6.5461E-09 6.5689E-09 6.5901E-09 6.6166E-09 6.6349E-09 6.6722E-09 6.6879E-09 6.7019E-09 6.7144E-09 6.7253E-09 6.7589E-09 6.7789E-09 6.7859E-09 6.7914E-09 6.7954E-09 6.7979E-09 6.8106E-09 6.8351E-09 6.9683E-09 7.0052E-09 7.0075E-09 7.0282E-09 7.1688E-09 7.1724E-09 7.2155E-09 7.2176E-09 7.2652E-09 7.4111E-09 7.4164E-09 7.4323E-09 7.4754E-09 7.4735E-09 7.6438E-09 7.6437E-09 7.6564E-09 7.6516E-09 7.7988E-09 7.8017E-09 7.7919E-09 7.7795E-09 7.7771E-09 7.7590E-09 7.9219E-09 7.8993E-09 7.8736E-09 7.8199E-09 7.7879E-09 7.7528E-09 7.7146E-09 7.6733E-09 7.6289E-09 7.5635E-09 7.5133E-09 7.4604E-09 7.2294E-09
6.3573E-09 6.3820E-09 6.4186E-09 6.4406E-09 6.4809E-09 6.5003E-09 6.5182E-09 6.5413E-09 6.5563E-09 6.5697E-09 6.6021E-09 6.6129E-09 6.6221E-09 6.6298E-09 6.6362E-09 6.6651E-09 6.6689E-09 6.6831E-09 6.6842E-09 6.6840E-09 6.6825E-09 6.6797E-09 6.8221E-09 6.8684E-09 6.8677E-09 6.8656E-09 7.0333E-09 7.0336E-09 7.0728E-09 7.0715E-09 7.0685E-09 7.0991E-09 7.0939E-09 7.2372E-09 7.2338E-09 7.2410E-09 7.2507E-09 7.4109E-09 7.4024E-09 7.3922E-09 7.3908E-09 7.3759E-09 7.3738E-09 7.3543E-09 7.3324E-09 7.3081E-09 7.2813E-09 7.2520E-09 7.2086E-09 7.1746E-09 7.1382E-09 7.0994E-09 7.0583E-09 7.0150E-09 6.9695E-09 6.9218E-09 6.8602E-09
6.2343E-09 6.2581E-09 6.3002E-09 6.3215E-09 6.3480E-09 6.3733E-09 6.3904E-09 6.4262E-09 6.4407E-09 6.4537E-09 6.4721E-09 6.4823E-09 6.4911E-09 6.5189E-09 6.5252E-09 6.5300E-09 6.5335E-09 6.5355E-09 6.5602E-09 6.5600E-09 6.5702E-09 6.5675E-09 6.5636E-09 6.5584E-09 6.6865E-09 6.7053E-09 6.7131E-09 6.7083E-09 6.7220E-09 6.8794E-09 6.8751E-09 6.9095E-09 6.9031E-09 6.8952E-09 6.8857E-09 6.9218E-09 6.9099E-09 7.0447E-09 7.0330E-09 7.0194E-09 7.0162E-09 7.0162E-09 7.1542E-09 7.1340E-09 7.1118E-09 7.0873E-09 7.0606E-09 7.0198E-09 6.9889E-09 6.9558E-09 6.9205E-09 6.8590E-09 6.8198E-09 6.7786E-09 6.7353E-09 6.6896E-09 6.6420E-09
