Assets/Resources/2015_m01_d08_0000(utc+0800)_l00_csi_1hr_conc.grd
DSAA
         159         159
     -79.000      79.000
     -79.000      79.000
  0.0000E+00  0.1219E-04
[rows 75 to 99 of 159, columns 57 to 113 of 159]
7.5588E-09 7.7871E-09 8.0077E-09 8.2284E-09 8.4496E-09 8.6717E-09 8.8954E-09 9.1220E-09 9.3520E-09 9.5874E-09 9.8289E-09 1.0077E-08 1.1231E-08 1.1352E-08 1.0858E-08 1.1133E-08 1.1406E-08 1.1756E-08 1.2158E-08 1.2614E-08 1.3231E-08 1.3926E-08 1.4818E-08 1.5976E-08 1.7719E-08 1.9745E-08 2.3200E-08 3.1491E-08 4.1570E-08 6.8871E-08 1.0555E-06 2.7395E-06 1.6653E-06 1.2217E-06 1.7026E-06 2.1668E-06 2.6654E-06 3.0392E-06 3.3646E-06 3.5028E-06 2.0082E-06 4.5180E-07 1.1349E-07 6.9743E-08 4.9782E-08 3.8489E-08 3.0971E-08 2.5683E-08 2.1776E-08 1.8767E-08 1.6315E-08 1.4461E-08 1.2884E-08 1.1527E-08 1.0426E-08 9.4442E-09 8.5916E-09
7.3123E-09 7.5305E-09 7.7452E-09 7.9589E-09 8.1732E-09 8.3891E-09 8.6068E-09 8.8284E-09 9.0542E-09 9.2859E-09 9.5253E-09 1.0263E-08 1.0904E-08 1.0277E-08 1.0536E-08 1.0800E-08 1.1072E-08 1.1404E-08 1.1775E-08 1.2220E-08 1.2823E-08 1.3481E-08 1.4319E-08 1.5401E-08 1.6863E-08 1.8868E-08 2.2158E-08 3.0409E-08 1.0849E-07 2.4479E-06 7.0315E-06 7.6897E-06 8.3466E-06 3.9786E-06 3.3829E-06 3.3388E-06 3.1114E-06 2.9424E-06 3.0931E-06 3.2956E-06 2.5782E-06 8.5930E-07 1.6061E-07 6.6017E-08 4.6613E-08 3.6357E-08 2.9472E-08 2.4635E-08 2.1009E-08 1.8162E-08 1.5856E-08 1.4069E-08 1.2554E-08 1.1251E-08 1.0178E-08 9.2309E-09 8.4017E-09
7.0694E-09 7.2776E-09 7.4876E-09 7.6940E-09 7.9015E-09 8.1107E-09 8.3230E-09 8.5393E-09 8.7608E-09 8.9881E-09 9.2202E-09 1.0155E-08 1.0572E-08 9.9510E-09 1.0205E-08 1.0463E-08 1.0723E-08 1.1029E-08 1.1371E-08 1.1828E-08 1.2387E-08 1.3000E-08 1.3774E-08 1.4763E-08 1.6067E-08 1.7915E-08 2.0966E-08 2.7565E-07 2.8889E-06 2.8749E-06 4.0204E-06 7.1425E-06 8.0555E-06 6.7245E-06 3.4376E-06 3.2820E-06 3.2478E-06 2.9243E-06 2.8641E-06 2.8400E-06 2.2532E-06 8.6560E-07 1.7556E-07 5.9961E-08 4.2212E-08 3.3642E-08 2.7651E-08 2.3383E-08 2.0081E-08 1.7438E-08 1.5311E-08 1.3615E-08 1.2172E-08 1.0938E-08 9.8981E-09 8.9916E-09 8.1897E-09
6.8303E-09 7.0291E-09 7.2350E-09 7.4338E-09 7.6347E-09 7.8376E-09 8.0441E-09 8.2559E-09 8.4702E-09 8.6910E-09 8.9195E-09 9.8242E-09 1.0226E-08 9.6237E-09 9.8667E-09 1.0115E-08 1.0368E-08 1.0640E-08 1.0992E-08 1.1420E-08 1.1842E-08 1.2494E-08 1.3196E-08 1.4084E-08 1.5218E-08 1.7295E-08 1.8925E-06 3.0638E-06 2.9483E-06 2.8134E-06 2.8000E-06 5.7788E-06 7.1686E-06 8.0683E-06 4.8246E-06 3.2565E-06 3.1796E-06 2.9794E-06 2.4565E-06 1.6933E-06 7.9464E-07 3.0823E-07 1.0079E-07 4.9048E-08 3.7415E-08 3.0641E-08 2.5664E-08 2.1987E-08 1.9041E-08 1.6623E-08 1.4698E-08 1.3117E-08 1.1744E-08 1.0589E-08 9.5908E-09 8.7294E-09 7.9552E-09
6.5958E-09 6.7890E-09 6.9875E-09 7.1794E-09 7.3735E-09 7.5706E-09 7.7705E-09 7.9740E-09 8.1837E-09 8.3965E-09 8.6125E-09 9.4876E-09 9.8745E-09 9.2894E-09 9.5242E-09 9.7640E-09 1.0008E-08 1.0257E-08 1.0604E-08 1.0982E-08 1.1394E-08 1.1953E-08 1.2599E-08 2.5230E-06 3.6624E-06 4.2756E-06 4.4061E-06 3.1587E-06 2.8978E-06 2.8152E-06 2.7418E-06 3.1879E-06 5.7537E-06 4.8400E-06 4.5416E-06 2.2778E-06 1.7549E-06 1.4015E-06 7.9359E-07 2.6209E-07 9.5325E-08 6.1799E-08 5.3203E-08 3.9747E-08 3.2893E-08 2.7611E-08 2.3692E-08 2.0531E-08 1.7928E-08 1.5761E-08 1.4037E-08 1.2581E-08 1.1278E-08 1.0211E-08 9.2708E-09 8.4474E-09 7.7018E-09
6.3675E-09 6.5552E-09 6.7459E-09 6.9310E-09 7.1187E-09 7.3077E-09 7.5008E-09 7.6983E-09 7.8967E-09 8.1004E-09 8.6667E-09 9.1450E-09 9.0255E-09 8.9551E-09 9.1805E-09 9.4107E-09 9.6454E-09 9.8842E-09 1.0209E-08 1.0501E-08 1.0936E-08 1.1354E-08 1.1963E-08 4.5320E-06 6.3072E-06 4.3879E-06 4.3889E-06 4.3615E-06 2.8732E-06 2.8157E-06 2.6775E-06 1.5765E-06 3.6540E-07 1.1996E-07 1.8009E-07 1.3885E-07 1.0961E-07 8.8270E-08 7.2042E-08 5.7881E-08 5.2736E-08 4.6209E-08 3.9632E-08 3.3811E-08 2.8911E-08 2.4968E-08 2.1767E-08 1.9074E-08 1.6794E-08 1.4916E-08 1.3357E-08 1.2008E-08 1.0809E-08 9.8107E-09 8.9320E-09 8.1493E-09 7.4332E-09
6.1473E-09 6.3273E-09 6.5045E-09 6.6883E-09 6.8677E-09 7.0512E-09 7.2350E-09 7.4216E-09 7.6131E-09 7.8063E-09 8.4779E-09 8.8008E-09 8.4109E-09 8.6217E-09 8.8371E-09 9.0571E-09 9.2813E-09 9.5089E-09 9.7578E-09 1.0084E-08 1.0461E-08 1.0851E-08 1.1343E-08 1.3733E-06 6.6484E-06 6.4499E-06 4.3866E-06 4.2954E-06 3.6282E-06 2.7068E-06 9.9552E-07 6.7902E-08 4.5432E-08 4.6974E-08 4.8853E-08 4.9935E-08 4.8954E-08 4.8758E-08 4.7549E-08 4.5125E-08 4.1638E-08 3.7506E-08 3.3234E-08 2.9160E-08 2.5637E-08 2.2600E-08 1.9953E-08 1.7656E-08 1.5691E-08 1.4064E-08 1.2671E-08 1.1413E-08 1.0334E-08 9.3997E-09 8.5788E-09 7.8355E-09 7.1526E-09
5.9332E-09 6.1033E-09 6.2718E-09 6.4509E-09 6.6231E-09 6.7957E-09 6.9716E-09 7.1497E-09 7.3300E-09 7.5142E-09 8.1505E-09 8.4570E-09 8.0899E-09 8.2904E-09 8.4954E-09 8.7044E-09 8.9170E-09 9.1330E-09 9.3516E-09 9.6657E-09 9.9375E-09 1.0327E-08 1.0740E-08 1.1247E-08 1.2187E-05 6.8936E-06 4.5561E-06 4.2879E-06 3.2142E-06 4.2162E-07 3.7060E-08 3.8209E-08 3.8872E-08 3.9798E-08 4.0526E-08 4.0979E-08 4.1282E-08 4.0511E-08 3.9073E-08 3.7122E-08 3.4530E-08 3.1549E-08 2.8519E-08 2.5644E-08 2.2938E-08 2.0475E-08 1.8265E-08 1.6307E-08 1.4668E-08 1.3242E-08 1.1966E-08 1.0813E-08 9.8459E-09 8.9867E-09 8.2154E-09 7.5088E-09 6.8704E-09
5.7243E-09 5.8806E-09 6.0489E-09 6.2178E-09 6.3808E-09 6.5460E-09 6.7119E-09 6.8803E-09 7.0518E-09 7.2266E-09 7.8258E-09 8.1152E-09 7.7728E-09 7.9628E-09 8.1565E-09 8.3540E-09 8.5549E-09 8.7585E-09 8.9644E-09 9.2096E-09 9.4990E-09 9.7679E-09 1.0165E-08 1.0597E-08 3.0802E-08 2.2719E-06 1.4132E-06 1.0420E-07 2.9470E-08 3.2943E-08 3.3526E-08 3.3854E-08 3.4182E-08 3.4445E-08 3.5024E-08 3.5473E-08 3.5313E-08 3.4531E-08 3.3264E-08 3.1586E-08 2.9586E-08 2.7373E-08 2.5069E-08 2.2789E-08 2.0606E-08 1.8577E-08 1.6717E-08 1.5121E-08 1.3702E-08 1.2428E-08 1.1262E-08 1.0251E-08 9.3609E-09 8.5670E-09 7.8429E-09 7.1753E-09 6.5873E-09
5.5163E-09 5.6703E-09 5.8285E-09 5.9804E-09 6.1437E-09 6.2992E-09 6.4566E-09 6.6163E-09 6.7787E-09 7.0716E-09 7.5051E-09 7.6461E-09 7.4603E-09 7.6392E-09 7.8217E-09 8.0074E-09 8.1960E-09 8.3872E-09 8.5806E-09 8.7754E-09 9.0491E-09 9.3101E-09 9.6217E-09 9.9880E-09 1.0767E-08 1.4083E-08 1.7954E-08 2.3777E-08 2.7255E-08 3.0153E-08 3.0371E-08 3.0565E-08 3.0626E-08 3.0874E-08 3.1238E-08 3.1312E-08 3.0835E-08 3.0037E-08 2.8919E-08 2.7511E-08 2.5877E-08 2.4092E-08 2.2235E-08 2.0378E-08 1.8583E-08 1.6901E-08 1.5395E-08 1.4028E-08 1.2782E-08 1.1630E-08 1.0595E-08 9.6898E-09 8.8828E-09 8.1451E-09 7.4628E-09 6.8437E-09 6.3013E-09
5.3151E-09 5.4638E-09 5.6104E-09 5.7570E-09 5.9110E-09 6.0582E-09 6.2071E-09 6.3580E-09 6.5115E-09 6.9550E-09 7.1896E-09 6.9884E-09 7.1533E-09 7.3213E-09 7.4923E-09 7.6660E-09 7.8425E-09 8.0213E-09 8.2017E-09 8.3836E-09 8.5675E-09 8.8410E-09 9.1029E-09 9.4223E-09 1.0132E-08 1.3484E-08 1.7009E-08 2.2283E-08 2.5155E-08 2.7783E-08 2.7921E-08 2.7917E-08 2.8029E-08 2.8114E-08 2.8082E-08 2.7853E-08 2.7301E-08 2.6512E-08 2.5495E-08 2.4270E-08 2.2892E-08 2.1402E-08 1.9865E-08 1.8315E-08 1.6866E-08 1.5485E-08 1.4208E-08 1.3012E-08 1.1893E-08 1.0867E-08 9.9653E-09 9.1527E-09 8.4076E-09 7.7185E-09 7.0823E-09 6.5208E-09 6.0087E-09
5.1222E-09 5.2624E-09 5.3958E-09 5.5392E-09 5.6750E-09 5.8232E-09 5.9637E-09 6.1061E-09 6.2507E-09 6.6616E-09 6.8802E-09 6.6984E-09 6.8527E-09 7.0097E-09 7.1693E-09 7.3315E-09 7.4959E-09 7.6620E-09 7.8304E-09 8.0003E-09 8.1716E-09 8.3866E-09 8.6138E-09 8.9059E-09 9.5752E-09 1.2614E-08 1.7994E-08 2.3109E-08 2.3574E-08 2.5790E-08 2.5795E-08 2.5885E-08 2.5822E-08 2.5677E-08 2.5369E-08 2.4935E-08 2.4362E-08 2.3612E-08 2.2685E-08 2.1606E-08 2.0415E-08 1.9176E-08 1.7907E-08 1.6639E-08 1.5408E-08 1.4238E-08 1.3110E-08 1.2043E-08 1.1056E-08 1.0173E-08 9.3675E-09 8.6246E-09 7.9354E-09 7.2944E-09 6.7166E-09 6.1938E-09 5.7059E-09
4.9332E-09 5.0582E-09 5.1920E-09 5.3271E-09 5.4554E-09 5.5945E-09 5.7270E-09 5.8609E-09 5.9965E-09 6.3751E-09 6.5780E-09 6.4154E-09 6.5594E-09 6.7057E-09 6.8542E-09 7.0048E-09 7.1573E-09 7.3123E-09 7.4684E-09 7.6261E-09 7.7854E-09 7.9479E-09 8.1559E-09 8.6368E-09 9.2787E-09 1.1924E-08 1.6762E-08 2.1549E-08 2.3931E-08 2.4011E-08 2.4124E-08 2.4024E-08 2.3779E-08 2.3500E-08 2.3120E-08 2.2637E-08 2.2030E-08 2.1290E-08 2.0433E-08 1.9472E-08 1.8439E-08 1.7360E-08 1.6268E-08 1.5189E-08 1.4116E-08 1.3078E-08 1.2074E-08 1.1156E-08 1.0303E-08 9.5198E-09 8.7888E-09 8.1065E-09 7.4677E-09 6.8829E-09 6.3549E-09 5.8718E-09 5.4199E-09
4.7496E-09 4.8676E-09 4.9940E-09 5.1130E-09 5.2422E-09 5.3636E-09 5.4968E-09 5.6224E-09 5.7494E-09 6.0964E-09 6.2181E-09 6.1402E-09 6.2742E-09 6.4101E-09 6.5476E-09 6.6876E-09 6.8293E-09 6.9725E-09 7.1170E-09 7.2633E-09 7.4113E-09 7.5619E-09 7.7231E-09 8.1662E-09 1.0480E-08 1.3245E-08 1.5780E-08 2.0101E-08 2.2331E-08 2.2473E-08 2.2502E-08 2.2324E-08 2.1946E-08 2.1535E-08 2.1087E-08 2.0609E-08 2.0015E-08 1.9311E-08 1.8517E-08 1.7655E-08 1.6734E-08 1.5789E-08 1.4825E-08 1.3867E-08 1.2918E-08 1.2013E-08 1.1164E-08 1.0357E-08 9.6042E-09 8.8943E-09 8.2262E-09 7.5969E-09 7.0146E-09 6.4871E-09 6.0015E-09 5.5515E-09 5.1466E-09
4.5714E-09 4.6829E-09 4.7969E-09 4.9143E-09 5.0353E-09 5.1494E-09 5.2638E-09 5.3910E-09 5.6299E-09 5.8261E-09 5.7507E-09 5.8734E-09 5.9976E-09 6.1237E-09 6.2516E-09 6.3809E-09 6.5117E-09 6.6441E-09 6.7780E-09 6.9127E-09 7.0487E-09 7.1887E-09 7.3430E-09 7.7399E-09 1.0056E-08 1.2493E-08 1.6510E-08 1.8782E-08 2.0863E-08 2.0946E-08 2.0887E-08 2.0657E-08 2.0282E-08 1.9765E-08 1.9253E-08 1.8744E-08 1.8179E-08 1.7535E-08 1.6804E-08 1.6023E-08 1.5195E-08 1.4353E-08 1.3504E-08 1.2680E-08 1.1870E-08 1.1081E-08 1.0333E-08 9.6179E-09 8.9376E-09 8.2900E-09 7.6777E-09 7.1073E-09 6.5923E-09 6.1097E-09 5.6532E-09 5.2460E-09 4.8743E-09
4.3987E-09 4.5040E-09 4.6086E-09 4.7216E-09 4.8270E-09 4.9420E-09 5.0491E-09 5.1670E-09 5.4159E-09 5.5648E-09 5.5017E-09 5.6154E-09 5.7309E-09 5.8476E-09 5.9657E-09 6.0851E-09 6.2062E-09 6.3282E-09 6.4508E-09 6.5743E-09 6.7000E-09 6.8303E-09 6.9803E-09 7.3681E-09 9.4754E-09 1.3341E-08 1.7288E-08 1.7579E-08 1.9424E-08 1.9450E-08 1.9319E-08 1.9043E-08 1.8657E-08 1.8149E-08 1.7667E-08 1.7178E-08 1.6614E-08 1.5991E-08 1.5310E-08 1.4601E-08 1.3862E-08 1.3117E-08 1.2372E-08 1.1635E-08 1.0924E-08 1.0231E-08 9.5604E-09 8.9165E-09 8.2957E-09 7.7069E-09 7.1574E-09 6.6544E-09 6.1798E-09 5.7280E-09 5.3229E-09 4.9509E-09 4.5966E-09
4.2314E-09 4.3307E-09 4.4293E-09 4.5272E-09 4.6342E-09 4.7326E-09 4.8415E-09 4.9418E-09 5.1763E-09 5.3129E-09 5.2616E-09 5.3673E-09 5.4740E-09 5.5818E-09 5.6910E-09 5.8015E-09 5.9124E-09 6.0240E-09 6.1365E-09 6.2503E-09 6.3654E-09 6.4857E-09 6.7854E-09 7.0552E-09 8.9548E-09 1.2476E-08 1.6096E-08 1.7943E-08 1.8025E-08 1.8002E-08 1.7820E-08 1.7516E-08 1.7103E-08 1.6630E-08 1.6187E-08 1.5718E-08 1.5183E-08 1.4597E-08 1.3968E-08 1.3315E-08 1.2657E-08 1.1994E-08 1.1339E-08 1.0690E-08 1.0054E-08 9.4339E-09 8.8269E-09 8.2421E-09 7.6827E-09 7.1630E-09 6.6772E-09 6.2157E-09 5.7733E-09 5.3744E-09 5.0060E-09 4.6566E-09 4.3447E-09
4.0696E-09 4.1631E-09 4.2560E-09 4.3480E-09 4.4479E-09 4.5401E-09 4.6410E-09 4.7345E-09 4.9457E-09 5.0713E-09 5.0308E-09 5.1286E-09 5.2273E-09 5.3272E-09 5.4277E-09 5.5288E-09 5.6304E-09 5.7330E-09 5.8360E-09 5.9395E-09 6.0444E-09 6.1557E-09 6.4355E-09 8.0041E-09 9.9712E-09 1.1679E-08 1.4945E-08 1.6625E-08 1.6660E-08 1.6592E-08 1.6398E-08 1.6077E-08 1.5645E-08 1.5212E-08 1.4809E-08 1.4359E-08 1.3861E-08 1.3322E-08 1.2751E-08 1.2158E-08 1.1569E-08 1.0972E-08 1.0389E-08 9.8076E-09 9.2349E-09 8.6746E-09 8.1302E-09 7.6112E-09 7.1231E-09 6.6594E-09 6.2156E-09 5.7870E-09 5.3984E-09 5.0374E-09 4.6929E-09 4.3838E-09 4.0952E-09
3.9131E-09 4.0013E-09 4.0886E-09 4.1750E-09 4.2603E-09 4.3543E-09 4.4397E-09 4.5950E-09 4.7250E-09 4.7667E-09 4.8092E-09 4.8999E-09 4.9913E-09 5.0829E-09 5.1750E-09 5.2679E-09 5.3613E-09 5.4547E-09 5.5481E-09 5.6419E-09 5.7377E-09 5.8409E-09 6.1214E-09 7.5383E-09 9.3542E-09 1.2233E-08 1.3845E-08 1.5353E-08 1.5346E-08 1.5232E-08 1.5020E-08 1.4711E-08 1.4305E-08 1.3892E-08 1.3519E-08 1.3096E-08 1.2630E-08 1.2129E-08 1.1614E-08 1.1078E-08 1.0552E-08 1.0017E-08 9.4927E-09 8.9732E-09 8.4626E-09 7.9697E-09 7.4953E-09 7.0382E-09 6.6008E-09 6.1788E-09 5.7680E-09 5.3937E-09 5.0504E-09 4.7074E-09 4.4041E-09 4.1193E-09 3.8663E-09
3.7621E-09 3.8450E-09 3.9271E-09 4.0080E-09 4.0880E-09 4.1753E-09 4.2554E-09 4.4129E-09 4.5133E-09 4.5059E-09 4.5882E-09 4.6809E-09 4.7648E-09 4.8490E-09 4.9340E-09 5.0190E-09 5.1038E-09 5.1884E-09 5.2730E-09 5.3579E-09 5.4446E-09 5.5419E-09 5.8055E-09 7.2142E-09 9.8465E-09 1.1409E-08 1.2809E-08 1.4136E-08 1.4092E-08 1.3947E-08 1.3722E-08 1.3412E-08 1.3050E-08 1.2677E-08 1.2320E-08 1.1922E-08 1.1490E-08 1.1026E-08 1.0556E-08 1.0072E-08 9.5969E-09 9.1249E-09 8.6652E-09 8.2133E-09 7.7685E-09 7.3332E-09 6.9103E-09 6.5025E-09 6.1058E-09 5.7164E-09 5.3596E-09 5.0306E-09 4.6990E-09 4.4105E-09 4.1296E-09 3.8777E-09 3.6431E-09
3.6165E-09 3.6944E-09 3.7714E-09 3.8472E-09 3.9222E-09 3.9960E-09 4.0779E-09 4.2191E-09 4.3113E-09 4.3106E-09 4.3859E-09 4.4616E-09 4.5484E-09 4.6261E-09 4.7036E-09 4.7808E-09 4.8577E-09 4.9343E-09 5.0105E-09 5.0868E-09 5.1653E-09 5.2659E-09 5.5198E-09 6.7933E-09 9.1558E-09 1.1680E-08 1.2976E-08 1.2981E-08 1.2904E-08 1.2742E-08 1.2508E-08 1.2207E-08 1.1881E-08 1.1560E-08 1.1222E-08 1.0845E-08 1.0443E-08 1.0020E-08 9.5934E-09 9.1662E-09 8.7431E-09 8.3315E-09 7.9229E-09 7.5233E-09 7.1287E-09 6.7423E-09 6.3603E-09 5.9980E-09 5.6328E-09 5.2965E-09 4.9847E-09 4.6672E-09 4.3901E-09 4.1183E-09 3.8733E-09 3.6435E-09 3.4174E-09
3.4759E-09 3.5492E-09 3.6213E-09 3.6925E-09 3.7625E-09 3.8315E-09 3.8998E-09 4.0340E-09 4.1183E-09 4.1150E-09 4.1929E-09 4.2628E-09 4.3322E-09 4.4127E-09 4.4832E-09 4.5534E-09 4.6230E-09 4.6918E-09 4.7601E-09 4.8284E-09 4.9001E-09 5.0903E-09 6.1080E-09 6.4173E-09 8.5148E-09 1.0752E-08 1.1911E-08 1.1886E-08 1.1791E-08 1.1622E-08 1.1383E-08 1.1097E-08 1.0801E-08 1.0519E-08 1.0202E-08 9.8539E-09 9.4842E-09 9.1030E-09 8.7157E-09 8.3390E-09 7.9608E-09 7.6004E-09 7.2403E-09 6.8872E-09 6.5383E-09 6.1901E-09 5.8579E-09 5.5191E-09 5.2056E-09 4.9133E-09 4.6124E-09 4.3490E-09 4.0885E-09 3.8522E-09 3.6293E-09 3.4109E-09 3.1886E-09
3.3405E-09 3.4093E-09 3.4769E-09 3.5434E-09 3.6090E-09 3.6736E-09 3.7607E-09 3.8568E-09 3.9216E-09 3.9362E-09 4.0010E-09 4.0727E-09 4.1364E-09 4.1995E-09 4.2709E-09 4.3364E-09 4.3989E-09 4.4606E-09 4.5218E-09 4.5832E-09 4.6484E-09 4.8215E-09 5.7306E-09 6.9355E-09 8.8385E-09 9.8955E-09 1.0904E-08 1.0856E-08 1.0741E-08 1.0572E-08 1.0345E-08 1.0077E-08 9.8198E-09 9.5549E-09 9.2593E-09 8.9397E-09 8.6007E-09 8.2598E-09 7.9098E-09 7.5801E-09 7.2483E-09 6.9302E-09 6.6143E-09 6.3034E-09 5.9898E-09 5.6701E-09 5.3778E-09 5.0887E-09 4.8177E-09 4.5354E-09 4.2816E-09 4.0404E-09 3.8140E-09 3.6002E-09 3.3897E-09 3.1748E-09 2.9734E-09
3.2068E-09 3.2744E-09 3.3377E-09 3.4001E-09 3.4614E-09 3.5217E-09 3.6185E-09 3.6875E-09 3.6990E-09 3.7658E-09 3.8241E-09 3.8822E-09 3.9491E-09 4.0067E-09 4.0632E-09 4.1230E-09 4.1851E-09 4.2407E-09 4.2953E-09 4.3503E-09 4.4103E-09 4.5692E-09 5.4574E-09 6.5348E-09 8.1654E-09 9.0832E-09 9.9610E-09 9.8893E-09 9.7653E-09 9.5959E-09 9.3796E-09 9.1405E-09 8.9141E-09 8.6664E-09 8.3926E-09 8.1009E-09 7.7916E-09 7.4887E-09 7.1802E-09 6.8875E-09 6.5989E-09 6.3188E-09 6.0430E-09 5.7639E-09 5.4759E-09 5.2120E-09 4.9485E-09 4.7000E-09 4.4377E-09 4.1896E-09 3.9746E-09 3.7595E-09 3.5564E-09 3.3549E-09 3.1483E-09 2.9566E-09 2.7915E-09
3.0804E-09 3.1423E-09 3.2037E-09 3.2621E-09 3.3193E-09 3.3756E-09 3.4578E-09 3.5199E-09 3.5405E-09 3.5959E-09 3.6560E-09 3.7090E-09 3.7609E-09 3.8221E-09 3.8733E-09 3.9235E-09 3.9725E-09 4.0281E-09 4.0778E-09 4.1279E-09 4.1860E-09 4.3362E-09 5.1162E-09 6.6159E-09 8.2776E-09 8.3664E-09 9.0840E-09 8.9988E-09 8.8700E-09 8.7001E-09 8.4976E-09 8.2884E-09 8.0825E-09 7.8524E-09 7.6003E-09 7.3354E-09 7.0586E-09 6.7871E-09 6.5182E-09 6.2584E-09 6.0092E-09 5.7570E-09 5.5055E-09 5.2610E-09 5.0256E-09 4.7879E-09 4.5445E-09 4.3213E-09 4.0916E-09 3.8907E-09 3.6896E-09 3.4984E-09 3.3067E-09 3.1085E-09 2.9265E-09 2.7644E-09 2.6296E-09
