Assets/Resources/2015_m01_d29_1100(utc+0800)_l00_csi_1hr_conc.grd
DSAA
         159         159
     -79.000      79.000
     -79.000      79.000
  0.0000E+00  0.1512E-05
[rows 75 to 99 of 159, columns 57 to 113 of 159]
1.3400E-09 1.5099E-09 1.6201E-09 1.9058E-09 2.2499E-09 2.5599E-09 2.8628E-09 3.2069E-09 3.5848E-09 4.0267E-09 4.5391E-09 5.1432E-09 5.8443E-09 6.9366E-09 8.0297E-09 9.7121E-09 1.1792E-08 1.4281E-08 1.7126E-08 2.1348E-08 2.6521E-08 3.2288E-08 3.8719E-08 4.5690E-08 5.2981E-08 6.0846E-08 6.8451E-08 5.8568E-08 5.0310E-08 4.8204E-08 4.7935E-08 4.8708E-08 5.0013E-08 5.1350E-08 5.2474E-08 5.3342E-08 5.3933E-08 5.4255E-08 5.4318E-08 5.0125E-08 4.4259E-08 3.8104E-08 3.3279E-08 2.6156E-08 2.2408E-08 2.0953E-08 1.9792E-08 1.9020E-08 1.8259E-08 1.7536E-08 1.6868E-08 1.6281E-08 1.5711E-08 1.5079E-08 1.4527E-08 1.3927E-08 1.3399E-08
1.3462E-09 1.4812E-09 1.5915E-09 1.8874E-09 2.2833E-09 2.5552E-09 2.8744E-09 3.2215E-09 3.6155E-09 4.0813E-09 4.6270E-09 5.2693E-09 6.0111E-09 7.2604E-09 8.8099E-09 1.0770E-08 1.3181E-08 1.6033E-08 2.0418E-08 2.6054E-08 3.2721E-08 4.0623E-08 4.9637E-08 5.9550E-08 6.9828E-08 8.0606E-08 8.8681E-08 6.2984E-08 5.5740E-08 5.3352E-08 5.2892E-08 5.3679E-08 5.4898E-08 5.6070E-08 5.6962E-08 5.7540E-08 5.7860E-08 5.7874E-08 5.7651E-08 5.1755E-08 4.5036E-08 3.8383E-08 3.3369E-08 2.5770E-08 2.3442E-08 2.1972E-08 2.0860E-08 1.9892E-08 1.9120E-08 1.8325E-08 1.7559E-08 1.6841E-08 1.6207E-08 1.5530E-08 1.4928E-08 1.4347E-08 1.3724E-08
1.3162E-09 1.4517E-09 1.6064E-09 1.9137E-09 2.2844E-09 2.5705E-09 2.8900E-09 3.2397E-09 3.6510E-09 4.1360E-09 4.7131E-09 5.3911E-09 6.4876E-09 7.8677E-09 9.6425E-09 1.1878E-08 1.4607E-08 1.8852E-08 2.4549E-08 3.1684E-08 4.0656E-08 5.1574E-08 6.4256E-08 7.8027E-08 9.2784E-08 1.0665E-07 8.8701E-08 6.8179E-08 6.1563E-08 5.8864E-08 5.8377E-08 5.9170E-08 6.0264E-08 6.1157E-08 6.1747E-08 6.2011E-08 6.1967E-08 6.1637E-08 5.7851E-08 5.1429E-08 4.4673E-08 3.8840E-08 3.1545E-08 2.6500E-08 2.4557E-08 2.3073E-08 2.1871E-08 2.0907E-08 1.9927E-08 1.9042E-08 1.8181E-08 1.7393E-08 1.6703E-08 1.6033E-08 1.5328E-08 1.4697E-08 1.4040E-08
1.2856E-09 1.4213E-09 1.5767E-09 1.8891E-09 2.2769E-09 2.5611E-09 2.8854E-09 3.2467E-09 3.6765E-09 4.1867E-09 4.7969E-09 5.5073E-09 6.7271E-09 8.2873E-09 1.0328E-08 1.2932E-08 1.6137E-08 2.1533E-08 2.8954E-08 3.8375E-08 5.0438E-08 6.5350E-08 8.2780E-08 1.0167E-07 1.2137E-07 1.3876E-07 9.0194E-08 7.3739E-08 6.7338E-08 6.4582E-08 6.4316E-08 6.5052E-08 6.5945E-08 6.6530E-08 6.6731E-08 6.6623E-08 6.6181E-08 6.5476E-08 5.9151E-08 5.1935E-08 4.4613E-08 3.9476E-08 3.0827E-08 2.7747E-08 2.5790E-08 2.4352E-08 2.3002E-08 2.1838E-08 2.0738E-08 1.9753E-08 1.8901E-08 1.8007E-08 1.7190E-08 1.6462E-08 1.5709E-08 1.5041E-08 1.4397E-08
1.2546E-09 1.3914E-09 1.5468E-09 1.9228E-09 2.2571E-09 2.5470E-09 2.8781E-09 3.2557E-09 3.6980E-09 4.2347E-09 4.8703E-09 5.8922E-09 7.2077E-09 8.9439E-09 1.1201E-08 1.4054E-08 1.8717E-08 2.5358E-08 3.4238E-08 4.6228E-08 6.1975E-08 8.1720E-08 1.0479E-07 2.6743E-07 1.5473E-07 1.3231E-07 9.2638E-08 7.9605E-08 7.4301E-08 7.1974E-08 7.1533E-08 7.1730E-08 7.1997E-08 7.2061E-08 7.1798E-08 7.1261E-08 7.0405E-08 6.7221E-08 6.0354E-08 5.3054E-08 4.5994E-08 3.8109E-08 3.1678E-08 2.9077E-08 2.7090E-08 2.5540E-08 2.4059E-08 2.2770E-08 2.1654E-08 2.0534E-08 1.9517E-08 1.8542E-08 1.7656E-08 1.6881E-08 1.6132E-08 1.5370E-08 1.4681E-08
1.2230E-09 1.3594E-09 1.5251E-09 1.8949E-09 2.2513E-09 2.5429E-09 2.8720E-09 3.2537E-09 3.7148E-09 4.2738E-09 4.9364E-09 6.0343E-09 7.4689E-09 9.3910E-09 1.1916E-08 1.5131E-08 2.0672E-08 2.8731E-08 3.9647E-08 5.4610E-08 7.4528E-08 9.9627E-08 1.2900E-07 1.0568E-06 1.5124E-06 5.7188E-07 2.1889E-07 1.3275E-07 1.0311E-07 8.9855E-08 8.3826E-08 8.0289E-08 7.8743E-08 7.7632E-08 7.6765E-08 7.5782E-08 7.4513E-08 6.7842E-08 6.0017E-08 5.2047E-08 4.6265E-08 3.7088E-08 3.2966E-08 3.0493E-08 2.8405E-08 2.6728E-08 2.5221E-08 2.3682E-08 2.2448E-08 2.1217E-08 2.0110E-08 1.9149E-08 1.8095E-08 1.7273E-08 1.6474E-08 1.5668E-08 1.4949E-08
1.1909E-09 1.3266E-09 1.4920E-09 1.8802E-09 2.2247E-09 2.5189E-09 2.8520E-09 3.2456E-09 3.7242E-09 4.3049E-09 4.9873E-09 6.1553E-09 7.6976E-09 9.7931E-09 1.2569E-08 1.6901E-08 2.3274E-08 3.2245E-08 4.5038E-08 6.2929E-08 8.7009E-08 1.1738E-07 1.5301E-07 4.2420E-07 5.8491E-07 5.1559E-07 4.0273E-07 2.5618E-07 1.7107E-07 1.2944E-07 1.0625E-07 9.4938E-08 8.8643E-08 8.4405E-08 8.2343E-08 8.0465E-08 7.8574E-08 7.0434E-08 6.2016E-08 5.3603E-08 4.5696E-08 3.7904E-08 3.4400E-08 3.1922E-08 2.9824E-08 2.7881E-08 2.6234E-08 2.4635E-08 2.3205E-08 2.1966E-08 2.0667E-08 1.9637E-08 1.8577E-08 1.7632E-08 1.6790E-08 1.5939E-08 1.5191E-08
1.1585E-09 1.2931E-09 1.5110E-09 1.8478E-09 2.1941E-09 2.4981E-09 2.8255E-09 3.2311E-09 3.7264E-09 4.3218E-09 5.0239E-09 6.2451E-09 7.8796E-09 1.0288E-08 1.3145E-08 1.7880E-08 2.4996E-08 3.5098E-08 4.9642E-08 7.0157E-08 9.7857E-08 1.3287E-07 1.7308E-07 2.2781E-07 4.9358E-07 3.8587E-07 3.3938E-07 2.9303E-07 2.3621E-07 1.8596E-07 1.4643E-07 1.2061E-07 1.0445E-07 9.4946E-08 8.9399E-08 8.5550E-08 7.7770E-08 6.9140E-08 6.0416E-08 5.3773E-08 4.4228E-08 3.9172E-08 3.5843E-08 3.3292E-08 3.1061E-08 2.8967E-08 2.7181E-08 2.5449E-08 2.3907E-08 2.2574E-08 2.1180E-08 2.0081E-08 1.8953E-08 1.7956E-08 1.7072E-08 1.6180E-08 1.5401E-08
1.1245E-09 1.2589E-09 1.4758E-09 1.8137E-09 2.1594E-09 2.4639E-09 2.8001E-09 3.2085E-09 3.7173E-09 4.3272E-09 5.0410E-09 6.2995E-09 8.2378E-09 1.0537E-08 1.3542E-08 1.8582E-08 2.6238E-08 3.7160E-08 5.3015E-08 7.5385E-08 1.0561E-07 1.4393E-07 1.8654E-07 2.0014E-07 2.7844E-07 5.7160E-07 4.9979E-07 3.7183E-07 3.0547E-07 2.5001E-07 1.9920E-07 1.5858E-07 1.2937E-07 1.1043E-07 9.8892E-08 9.1594E-08 8.0878E-08 7.0905E-08 6.1633E-08 5.3817E-08 4.4669E-08 4.0500E-08 3.7203E-08 3.4555E-08 3.2190E-08 2.9956E-08 2.8039E-08 2.6294E-08 2.4538E-08 2.3118E-08 2.1637E-08 2.0473E-08 1.9375E-08 1.8238E-08 1.7317E-08 1.6450E-08 1.5577E-08
1.0915E-09 1.2242E-09 1.4392E-09 1.7757E-09 2.1348E-09 2.4327E-09 2.7610E-09 3.1763E-09 3.6966E-09 4.3160E-09 5.0389E-09 6.3128E-09 8.3010E-09 1.0664E-08 1.3755E-08 1.8937E-08 2.6857E-08 3.8273E-08 5.4631E-08 7.7875E-08 1.0917E-07 1.4882E-07 1.9199E-07 1.4762E-07 1.5707E-07 4.9875E-07 6.5451E-07 4.8118E-07 3.8965E-07 3.1735E-07 2.5660E-07 2.0335E-07 1.6064E-07 1.3049E-07 1.1092E-07 9.4629E-08 8.1203E-08 7.0072E-08 6.1866E-08 5.1855E-08 4.5614E-08 4.1736E-08 3.8411E-08 3.5661E-08 3.3176E-08 3.0817E-08 2.8795E-08 2.6934E-08 2.5091E-08 2.3584E-08 2.2036E-08 2.0807E-08 1.9666E-08 1.8474E-08 1.7521E-08 1.6620E-08 1.5716E-08
1.0240E-09 1.1889E-09 1.3473E-09 1.7351E-09 2.0924E-09 2.3886E-09 2.7151E-09 3.1348E-09 3.6622E-09 4.2881E-09 5.0142E-09 6.2835E-09 8.2800E-09 1.0659E-08 1.3766E-08 1.8913E-08 2.6789E-08 3.8132E-08 5.4330E-08 7.7311E-08 1.0836E-07 1.4721E-07 1.8154E-07 1.1805E-07 1.0122E-07 1.4359E-07 2.7459E-07 3.5213E-07 3.6431E-07 3.3245E-07 2.8525E-07 2.3472E-07 1.8583E-07 1.4878E-07 1.2234E-07 9.9994E-08 8.3534E-08 7.0871E-08 6.1968E-08 5.1560E-08 4.6534E-08 4.2776E-08 3.9430E-08 3.6582E-08 3.3991E-08 3.1523E-08 2.9406E-08 2.7457E-08 2.5536E-08 2.3962E-08 2.2353E-08 2.1073E-08 1.9891E-08 1.8658E-08 1.7673E-08 1.6747E-08 1.5816E-08
9.5500E-10 1.1520E-09 1.3089E-09 1.7069E-09 2.0461E-09 2.3393E-09 2.6624E-09 3.0832E-09 3.6135E-09 4.2426E-09 4.9674E-09 6.2114E-09 8.1751E-09 1.0520E-08 1.3574E-08 1.8520E-08 2.6061E-08 3.6874E-08 5.2288E-08 7.3925E-08 1.0371E-07 1.4004E-07 1.2460E-07 9.7265E-08 8.8888E-08 8.9635E-08 1.1948E-07 1.8880E-07 2.4691E-07 2.7247E-07 2.6098E-07 2.3172E-07 1.9176E-07 1.5641E-07 1.2539E-07 1.0106E-07 8.3264E-08 7.1000E-08 5.9687E-08 5.1870E-08 4.7264E-08 4.3557E-08 4.0191E-08 3.7282E-08 3.4618E-08 3.2066E-08 2.9866E-08 2.7847E-08 2.5868E-08 2.4241E-08 2.2585E-08 2.1265E-08 2.0048E-08 1.8785E-08 1.7772E-08 1.6827E-08 1.5874E-08
9.2291E-10 1.1145E-09 1.2593E-09 1.6594E-09 1.9959E-09 2.2852E-09 2.6033E-09 3.0205E-09 3.5514E-09 4.1787E-09 4.8982E-09 6.0984E-09 7.9915E-09 1.0257E-08 1.3195E-08 1.7103E-08 2.4778E-08 3.4700E-08 4.8836E-08 6.8501E-08 9.5842E-08 1.2906E-07 9.3480E-08 8.2190E-08 7.9054E-08 7.9280E-08 8.8688E-08 1.1511E-07 1.5554E-07 1.9132E-07 2.0502E-07 1.9872E-07 1.7594E-07 1.5000E-07 1.2184E-07 9.8924E-08 8.1512E-08 7.0241E-08 5.8048E-08 5.2044E-08 4.7680E-08 4.4043E-08 4.0669E-08 3.7731E-08 3.5020E-08 3.2425E-08 3.0176E-08 2.8102E-08 2.6078E-08 2.4411E-08 2.2725E-08 2.1376E-08 2.0133E-08 1.8848E-08 1.7815E-08 1.6855E-08 1.5889E-08
8.9095E-10 1.0769E-09 1.2196E-09 1.6117E-09 1.9423E-09 2.2264E-09 2.5362E-09 2.9466E-09 3.4755E-09 4.0971E-09 4.8062E-09 5.9490E-09 7.5133E-09 9.8881E-09 1.2657E-08 1.6321E-08 2.3099E-08 3.1873E-08 4.4449E-08 6.2288E-08 8.6107E-08 8.9810E-08 7.3644E-08 7.0568E-08 7.0601E-08 7.2962E-08 7.8906E-08 9.0700E-08 1.1078E-07 1.3400E-07 1.5196E-07 1.5667E-07 1.4886E-07 1.3214E-07 1.1169E-07 9.3471E-08 7.8920E-08 6.6542E-08 5.7112E-08 5.1894E-08 4.7751E-08 4.4199E-08 4.0849E-08 3.7910E-08 3.5182E-08 3.2576E-08 3.0306E-08 2.8133E-08 2.6172E-08 2.4477E-08 2.2769E-08 2.1400E-08 2.0140E-08 1.8845E-08 1.7800E-08 1.6831E-08 1.5856E-08
8.5924E-10 1.0389E-09 1.1358E-09 1.4629E-09 1.8822E-09 2.1617E-09 2.4667E-09 2.8627E-09 3.3852E-09 3.9986E-09 4.6931E-09 5.5101E-09 7.2303E-09 9.4375E-09 1.2001E-08 1.5367E-08 1.9775E-08 2.8928E-08 3.9784E-08 5.5389E-08 7.6136E-08 6.4892E-08 6.0433E-08 6.1042E-08 6.3323E-08 6.7373E-08 7.2893E-08 8.0956E-08 9.1321E-08 1.0399E-07 1.1655E-07 1.2317E-07 1.2275E-07 1.1202E-07 9.8245E-08 8.4621E-08 7.4237E-08 6.2388E-08 5.5973E-08 5.1357E-08 4.7472E-08 4.4018E-08 4.0736E-08 3.7811E-08 3.5099E-08 3.2513E-08 3.0249E-08 2.7983E-08 2.6128E-08 2.4430E-08 2.2725E-08 2.1342E-08 2.0071E-08 1.8773E-08 1.7724E-08 1.6751E-08 1.5773E-08
8.2773E-10 1.0010E-09 1.0938E-09 1.4045E-09 1.8221E-09 2.0933E-09 2.3921E-09 2.7603E-09 3.2819E-09 3.8840E-09 4.5604E-09 5.3553E-09 6.6635E-09 8.7679E-09 1.1266E-08 1.4307E-08 1.8284E-08 2.5696E-08 3.5377E-08 4.8553E-08 5.7772E-08 5.0483E-08 5.0967E-08 5.3422E-08 5.7149E-08 6.2183E-08 6.7915E-08 7.4630E-08 8.1781E-08 8.9281E-08 9.6799E-08 1.0216E-07 1.0383E-07 9.7317E-08 8.8042E-08 7.8007E-08 6.8437E-08 5.9519E-08 5.4516E-08 5.0436E-08 4.6835E-08 4.3384E-08 4.0323E-08 3.7449E-08 3.4671E-08 3.2235E-08 3.0007E-08 2.7781E-08 2.5942E-08 2.4260E-08 2.2576E-08 2.1200E-08 1.9933E-08 1.8639E-08 1.7586E-08 1.6614E-08 1.5641E-08
7.9644E-10 9.2984E-10 1.0542E-09 1.3029E-09 1.7131E-09 2.0237E-09 2.3129E-09 2.6595E-09 3.1635E-09 3.7545E-09 4.4101E-09 5.1779E-09 6.0875E-09 8.2514E-09 1.0495E-08 1.3203E-08 1.6838E-08 2.1685E-08 3.1210E-08 4.2352E-08 4.1808E-08 4.1330E-08 4.3779E-08 4.7234E-08 5.1821E-08 5.7190E-08 6.3056E-08 6.9160E-08 7.5298E-08 8.1014E-08 8.6038E-08 9.0085E-08 8.8666E-08 8.4126E-08 7.7493E-08 7.1342E-08 6.2382E-08 5.6861E-08 5.2766E-08 4.9156E-08 4.5838E-08 4.2578E-08 3.9615E-08 3.6829E-08 3.4138E-08 3.1757E-08 2.9581E-08 2.7419E-08 2.5631E-08 2.3968E-08 2.2331E-08 2.0964E-08 1.9659E-08 1.8441E-08 1.7406E-08 1.6372E-08 1.5469E-08
7.6562E-10 8.2053E-10 1.0123E-09 1.2011E-09 1.6482E-09 1.9487E-09 2.2298E-09 2.5576E-09 3.0109E-09 3.6113E-09 4.2445E-09 4.9816E-09 5.8535E-09 7.2458E-09 9.6935E-09 1.2108E-08 1.5382E-08 1.9716E-08 2.6369E-08 3.5419E-08 3.3067E-08 3.5009E-08 3.8226E-08 4.2205E-08 4.7099E-08 5.2480E-08 5.8176E-08 6.4042E-08 6.9717E-08 7.4899E-08 7.9103E-08 8.2507E-08 8.0449E-08 7.6571E-08 7.1147E-08 6.5566E-08 5.8164E-08 5.4167E-08 5.0720E-08 4.7559E-08 4.4377E-08 4.1462E-08 3.8645E-08 3.5858E-08 3.3387E-08 3.1088E-08 2.8812E-08 2.6907E-08 2.5175E-08 2.3400E-08 2.1975E-08 2.0638E-08 1.9282E-08 1.8172E-08 1.7157E-08 1.6140E-08 1.5249E-08
7.3515E-10 7.8819E-10 9.7153E-10 1.1286E-09 1.5273E-09 1.8639E-09 2.1417E-09 2.4573E-09 2.8646E-09 3.4543E-09 4.0669E-09 4.7698E-09 5.5998E-09 6.5849E-09 8.7802E-09 1.1120E-08 1.4005E-08 1.7808E-08 2.2612E-08 2.6056E-08 2.7581E-08 3.0334E-08 3.3829E-08 3.8001E-08 4.2830E-08 4.7980E-08 5.3350E-08 5.8929E-08 6.4355E-08 6.9276E-08 7.3312E-08 7.3736E-08 7.1865E-08 6.8650E-08 6.5206E-08 5.8904E-08 5.4514E-08 5.1340E-08 4.8452E-08 4.5631E-08 4.2754E-08 4.0058E-08 3.7431E-08 3.4812E-08 3.2452E-08 3.0249E-08 2.8080E-08 2.6251E-08 2.4594E-08 2.2897E-08 2.1520E-08 2.0226E-08 1.8918E-08 1.7835E-08 1.6847E-08 1.5854E-08 1.4983E-08
7.0506E-10 7.5637E-10 9.2850E-10 1.0383E-09 1.3639E-09 1.7830E-09 2.0507E-09 2.3526E-09 2.7225E-09 3.2504E-09 3.8796E-09 4.5469E-09 5.3316E-09 6.2613E-09 7.3582E-09 1.0182E-08 1.2734E-08 1.6031E-08 2.0220E-08 2.1086E-08 2.3772E-08 2.6725E-08 3.0238E-08 3.4362E-08 3.8921E-08 4.3705E-08 4.8644E-08 5.3865E-08 5.9024E-08 6.3800E-08 6.7854E-08 6.7481E-08 6.5699E-08 6.2704E-08 5.9645E-08 5.3866E-08 5.0988E-08 4.8427E-08 4.5931E-08 4.3321E-08 4.0859E-08 3.8402E-08 3.5885E-08 3.3574E-08 3.1357E-08 2.9196E-08 2.7222E-08 2.5473E-08 2.3823E-08 2.2287E-08 2.0976E-08 1.9733E-08 1.8482E-08 1.7435E-08 1.6481E-08 1.5517E-08 1.4672E-08
6.7540E-10 7.2498E-10 8.5542E-10 9.9280E-10 1.2431E-09 1.6954E-09 1.9592E-09 2.2457E-09 2.5948E-09 3.0540E-09 3.6837E-09 4.3151E-09 5.0532E-09 5.9249E-09 6.9517E-09 8.5752E-09 1.1544E-08 1.4425E-08 1.6694E-08 1.8029E-08 2.0777E-08 2.3830E-08 2.7243E-08 3.1135E-08 3.5331E-08 3.9690E-08 4.4193E-08 4.8971E-08 5.3780E-08 5.8329E-08 6.0329E-08 6.0104E-08 5.8780E-08 5.7009E-08 5.2932E-08 4.9574E-08 4.7446E-08 4.5356E-08 4.3100E-08 4.0930E-08 3.8737E-08 3.6421E-08 3.4269E-08 3.2159E-08 3.0117E-08 2.8019E-08 2.6255E-08 2.4598E-08 2.2953E-08 2.1584E-08 2.0342E-08 1.9026E-08 1.7981E-08 1.6976E-08 1.6006E-08 1.5133E-08 1.4319E-08
6.4634E-10 6.9404E-10 7.4532E-10 9.4744E-10 1.1093E-09 1.5677E-09 1.8635E-09 2.1368E-09 2.4644E-09 2.8647E-09 3.4366E-09 4.0786E-09 4.7684E-09 5.5811E-09 6.5349E-09 7.6492E-09 1.0449E-08 1.2950E-08 1.4249E-08 1.6001E-08 1.8459E-08 2.1364E-08 2.4638E-08 2.8223E-08 3.2025E-08 3.5940E-08 4.0009E-08 4.4330E-08 4.8730E-08 5.2976E-08 5.3823E-08 5.3543E-08 5.2381E-08 5.1454E-08 4.7182E-08 4.5423E-08 4.3852E-08 4.2067E-08 4.0274E-08 3.8394E-08 3.6460E-08 3.4421E-08 3.2497E-08 3.0596E-08 2.8581E-08 2.6852E-08 2.5198E-08 2.3589E-08 2.2110E-08 2.0824E-08 1.9639E-08 1.8416E-08 1.7414E-08 1.6472E-08 1.5542E-08 1.4706E-08 1.3927E-08
6.1443E-10 6.6361E-10 7.1301E-10 8.8595E-10 1.0132E-09 1.3347E-09 1.7610E-09 2.0249E-09 2.3342E-09 2.7042E-09 3.2081E-09 3.8394E-09 4.4807E-09 5.2333E-09 6.1150E-09 7.1411E-09 9.0701E-09 1.1240E-08 1.2555E-08 1.4354E-08 1.6505E-08 1.9253E-08 2.2321E-08 2.5572E-08 2.8994E-08 3.2472E-08 3.6134E-08 3.9990E-08 4.3968E-08 4.6765E-08 4.7486E-08 4.7450E-08 4.6871E-08 4.4749E-08 4.2388E-08 4.1258E-08 4.0168E-08 3.8861E-08 3.7376E-08 3.5771E-08 3.4003E-08 3.2313E-08 3.0613E-08 2.8750E-08 2.7132E-08 2.5572E-08 2.4064E-08 2.2502E-08 2.1208E-08 2.0001E-08 1.8749E-08 1.7742E-08 1.6799E-08 1.5855E-08 1.5030E-08 1.4239E-08 1.3449E-08
5.8664E-10 6.3386E-10 6.8123E-10 8.1009E-10 9.6160E-10 1.2074E-09 1.6569E-09 1.9144E-09 2.2052E-09 2.5443E-09 2.9693E-09 3.5530E-09 4.1940E-09 4.8866E-09 5.6961E-09 6.6368E-09 8.0285E-09 9.6539E-09 1.1229E-08 1.2954E-08 1.4988E-08 1.7293E-08 2.0230E-08 2.3152E-08 2.6216E-08 2.9333E-08 3.2587E-08 3.6002E-08 3.9560E-08 4.0696E-08 4.1072E-08 4.0917E-08 4.1163E-08 3.8498E-08 3.7879E-08 3.7395E-08 3.6664E-08 3.5663E-08 3.4351E-08 3.3033E-08 3.1620E-08 3.0152E-08 2.8486E-08 2.7040E-08 2.5605E-08 2.4215E-08 2.2712E-08 2.1452E-08 2.0258E-08 1.9073E-08 1.7978E-08 1.7030E-08 1.6144E-08 1.5263E-08 1.4485E-08 1.3737E-08 1.2995E-08
5.5516E-10 6.0477E-10 6.5006E-10 6.9897E-10 8.9579E-10 1.0748E-09 1.4677E-09 1.8004E-09 2.0744E-09 2.3913E-09 2.7678E-09 3.2786E-09 3.9101E-09 4.5452E-09 5.2847E-09 6.1417E-09 7.1288E-09 8.5569E-09 1.0121E-08 1.1747E-08 1.3630E-08 1.5750E-08 1.8181E-08 2.0861E-08 2.3571E-08 2.6336E-08 2.9204E-08 3.2375E-08 3.5403E-08 3.5931E-08 3.6116E-08 3.5915E-08 3.5152E-08 3.3785E-08 3.3822E-08 3.3698E-08 3.3253E-08 3.2428E-08 3.1507E-08 3.0427E-08 2.9238E-08 2.7807E-08 2.6555E-08 2.5291E-08 2.4032E-08 2.2652E-08 2.1479E-08 2.0351E-08 1.9269E-08 1.8113E-08 1.7175E-08 1.6290E-08 1.5410E-08 1.4641E-08 1.3914E-08 1.3161E-08 1.2517E-08
