Assets/Resources/2015_m01_d20_1600(utc+0800)_l00_csi_1hr_conc.grd
DSAA
         159         159
     -79.000      79.000
     -79.000      79.000
  0.2902E-09  0.4174E-05
[rows 125 to 149 of 159, columns 0 to 56 of 159]
2.7824E-09 2.9832E-09 3.2077E-09 3.4453E-09 3.7074E-09 3.9838E-09 4.2762E-09 4.5929E-09 4.9202E-09 5.2741E-09 5.6427E-09 6.0274E-09 6.4306E-09 6.8520E-09 7.2908E-09 7.7450E-09 8.2141E-09 8.6961E-09 9.1889E-09 9.6907E-09 1.0198E-08 1.0710E-08 1.1223E-08 1.1735E-08 1.2243E-08 1.2744E-08 1.3236E-08 1.3715E-08 1.4181E-08 1.4631E-08 1.5062E-08 1.5473E-08 1.5862E-08 1.6226E-08 1.6567E-08 1.6882E-08 1.7168E-08 1.7429E-08 1.7662E-08 1.7866E-08 1.8043E-08 1.8193E-08 1.8321E-08 1.8425E-08 1.8505E-08 1.8565E-08 1.8605E-08 1.8626E-08 1.8630E-08 1.8620E-08 1.8597E-08 1.8563E-08 1.8517E-08 1.8457E-08 1.8392E-08 1.8318E-08 1.8230E-08
2.7264E-09 2.9190E-09 3.1341E-09 3.3622E-09 3.6128E-09 3.8784E-09 4.1586E-09 4.4653E-09 4.7790E-09 5.1175E-09 5.4706E-09 5.8391E-09 6.2247E-09 6.6273E-09 7.0465E-09 7.4810E-09 7.9297E-09 8.3908E-09 8.8632E-09 9.3446E-09 9.8331E-09 1.0326E-08 1.0821E-08 1.1315E-08 1.1806E-08 1.2292E-08 1.2770E-08 1.3237E-08 1.3691E-08 1.4130E-08 1.4553E-08 1.4957E-08 1.5341E-08 1.5702E-08 1.6041E-08 1.6356E-08 1.6644E-08 1.6908E-08 1.7144E-08 1.7354E-08 1.7538E-08 1.7697E-08 1.7832E-08 1.7944E-08 1.8034E-08 1.8103E-08 1.8152E-08 1.8183E-08 1.8198E-08 1.8198E-08 1.8184E-08 1.8158E-08 1.8117E-08 1.8070E-08 1.8014E-08 1.7943E-08 1.7868E-08
2.6660E-09 2.8526E-09 3.0574E-09 3.2783E-09 3.5203E-09 3.7752E-09 4.0417E-09 4.3357E-09 4.6386E-09 4.9614E-09 5.2984E-09 5.6501E-09 6.0184E-09 6.4034E-09 6.8036E-09 7.2187E-09 7.6475E-09 8.0890E-09 8.5414E-09 9.0029E-09 9.4717E-09 9.9451E-09 1.0421E-08 1.0898E-08 1.1372E-08 1.1841E-08 1.2304E-08 1.2757E-08 1.3199E-08 1.3627E-08 1.4041E-08 1.4438E-08 1.4815E-08 1.5172E-08 1.5508E-08 1.5821E-08 1.6110E-08 1.6375E-08 1.6614E-08 1.6828E-08 1.7018E-08 1.7183E-08 1.7324E-08 1.7443E-08 1.7541E-08 1.7619E-08 1.7677E-08 1.7717E-08 1.7740E-08 1.7748E-08 1.7742E-08 1.7721E-08 1.7692E-08 1.7656E-08 1.7603E-08 1.7545E-08 1.7476E-08
2.6052E-09 2.7854E-09 2.9837E-09 3.1915E-09 3.4213E-09 3.6718E-09 3.9270E-09 4.2015E-09 4.4951E-09 4.8033E-09 5.1265E-09 5.4621E-09 5.8130E-09 6.1793E-09 6.5611E-09 6.9573E-09 7.3667E-09 7.7880E-09 8.2200E-09 8.6612E-09 9.1100E-09 9.5640E-09 1.0021E-08 1.0479E-08 1.0936E-08 1.1389E-08 1.1836E-08 1.2275E-08 1.2704E-08 1.3121E-08 1.3525E-08 1.3912E-08 1.4282E-08 1.4633E-08 1.4965E-08 1.5274E-08 1.5563E-08 1.5828E-08 1.6069E-08 1.6287E-08 1.6480E-08 1.6650E-08 1.6797E-08 1.6922E-08 1.7027E-08 1.7113E-08 1.7178E-08 1.7227E-08 1.7259E-08 1.7274E-08 1.7274E-08 1.7264E-08 1.7246E-08 1.7212E-08 1.7171E-08 1.7121E-08 1.7055E-08
2.5447E-09 2.7174E-09 2.9083E-09 3.1083E-09 3.3245E-09 3.5640E-09 3.8103E-09 4.0740E-09 4.3535E-09 4.6448E-09 4.9546E-09 5.2741E-09 5.6080E-09 5.9571E-09 6.3204E-09 6.6970E-09 7.0870E-09 7.4889E-09 7.9011E-09 8.3226E-09 8.7515E-09 9.1861E-09 9.6242E-09 1.0064E-08 1.0502E-08 1.0938E-08 1.1369E-08 1.1793E-08 1.2208E-08 1.2613E-08 1.3005E-08 1.3383E-08 1.3744E-08 1.4089E-08 1.4415E-08 1.4721E-08 1.5007E-08 1.5272E-08 1.5514E-08 1.5733E-08 1.5929E-08 1.6103E-08 1.6255E-08 1.6385E-08 1.6496E-08 1.6589E-08 1.6662E-08 1.6717E-08 1.6756E-08 1.6777E-08 1.6788E-08 1.6787E-08 1.6773E-08 1.6750E-08 1.6718E-08 1.6670E-08 1.6616E-08
2.4830E-09 2.6487E-09 2.8314E-09 3.0238E-09 3.2312E-09 3.4585E-09 3.6935E-09 3.9465E-09 4.2114E-09 4.4870E-09 4.7807E-09 5.0871E-09 5.4045E-09 5.7357E-09 6.0813E-09 6.4402E-09 6.8112E-09 7.1935E-09 7.5865E-09 7.9885E-09 8.3979E-09 8.8129E-09 9.2316E-09 9.6526E-09 1.0073E-08 1.0492E-08 1.0907E-08 1.1315E-08 1.1716E-08 1.2107E-08 1.2487E-08 1.2855E-08 1.3208E-08 1.3545E-08 1.3865E-08 1.4167E-08 1.4449E-08 1.4712E-08 1.4953E-08 1.5173E-08 1.5371E-08 1.5547E-08 1.5703E-08 1.5838E-08 1.5954E-08 1.6051E-08 1.6130E-08 1.6192E-08 1.6237E-08 1.6268E-08 1.6286E-08 1.6290E-08 1.6285E-08 1.6271E-08 1.6242E-08 1.6204E-08 1.6160E-08
2.4216E-09 2.5754E-09 2.7479E-09 2.9357E-09 3.1344E-09 3.3511E-09 3.5764E-09 3.8151E-09 4.0715E-09 4.3322E-09 4.6131E-09 4.9039E-09 5.2062E-09 5.5219E-09 5.8497E-09 6.1904E-09 6.5434E-09 6.9074E-09 7.2809E-09 7.6630E-09 8.0531E-09 8.4491E-09 8.8494E-09 9.2520E-09 9.6549E-09 1.0056E-08 1.0455E-08 1.0848E-08 1.1234E-08 1.1612E-08 1.1980E-08 1.2336E-08 1.2679E-08 1.3008E-08 1.3321E-08 1.3617E-08 1.3895E-08 1.4154E-08 1.4394E-08 1.4613E-08 1.4811E-08 1.4988E-08 1.5145E-08 1.5283E-08 1.5403E-08 1.5504E-08 1.5588E-08 1.5655E-08 1.5707E-08 1.5745E-08 1.5769E-08 1.5781E-08 1.5784E-08 1.5773E-08 1.5753E-08 1.5725E-08 1.5685E-08
2.3570E-09 2.5065E-09 2.6715E-09 2.8504E-09 3.0393E-09 3.2481E-09 3.4604E-09 3.6867E-09 3.9273E-09 4.1795E-09 4.4463E-09 4.7226E-09 5.0087E-09 5.3074E-09 5.6190E-09 5.9425E-09 6.2765E-09 6.6214E-09 6.9766E-09 7.3402E-09 7.7111E-09 8.0875E-09 8.4686E-09 8.8525E-09 9.2376E-09 9.6219E-09 1.0004E-08 1.0381E-08 1.0753E-08 1.1117E-08 1.1472E-08 1.1817E-08 1.2150E-08 1.2469E-08 1.2774E-08 1.3064E-08 1.3336E-08 1.3591E-08 1.3828E-08 1.4045E-08 1.4243E-08 1.4421E-08 1.4580E-08 1.4720E-08 1.4843E-08 1.4949E-08 1.5037E-08 1.5110E-08 1.5169E-08 1.5211E-08 1.5242E-08 1.5262E-08 1.5269E-08 1.5265E-08 1.5255E-08 1.5232E-08 1.5196E-08
2.2899E-09 2.4356E-09 2.5923E-09 2.7630E-09 2.9425E-09 3.1354E-09 3.3470E-09 3.5590E-09 3.7874E-09 4.0300E-09 4.2797E-09 4.5428E-09 4.8150E-09 5.0980E-09 5.3919E-09 5.6983E-09 6.0156E-09 6.3431E-09 6.6790E-09 7.0233E-09 7.3753E-09 7.7335E-09 8.0965E-09 8.4623E-09 8.8295E-09 9.1963E-09 9.5615E-09 9.9232E-09 1.0280E-08 1.0630E-08 1.0972E-08 1.1305E-08 1.1627E-08 1.1937E-08 1.2233E-08 1.2515E-08 1.2782E-08 1.3032E-08 1.3265E-08 1.3480E-08 1.3676E-08 1.3854E-08 1.4014E-08 1.4155E-08 1.4280E-08 1.4388E-08 1.4482E-08 1.4560E-08 1.4623E-08 1.4672E-08 1.4709E-08 1.4733E-08 1.4747E-08 1.4752E-08 1.4746E-08 1.4726E-08 1.4700E-08
2.2263E-09 2.3665E-09 2.5153E-09 2.6805E-09 2.8462E-09 3.0310E-09 3.2297E-09 3.4346E-09 3.6521E-09 3.8809E-09 4.1174E-09 4.3653E-09 4.6239E-09 4.8921E-09 5.1715E-09 5.4610E-09 5.7602E-09 6.0695E-09 6.3884E-09 6.7155E-09 7.0490E-09 7.3884E-09 7.7326E-09 8.0805E-09 8.4303E-09 8.7806E-09 9.1297E-09 9.4759E-09 9.8178E-09 1.0154E-08 1.0483E-08 1.0803E-08 1.1114E-08 1.1413E-08 1.1701E-08 1.1975E-08 1.2235E-08 1.2479E-08 1.2707E-08 1.2919E-08 1.3112E-08 1.3289E-08 1.3448E-08 1.3590E-08 1.3718E-08 1.3830E-08 1.3926E-08 1.4007E-08 1.4074E-08 1.4129E-08 1.4171E-08 1.4201E-08 1.4222E-08 1.4231E-08 1.4228E-08 1.4218E-08 1.4198E-08
2.1596E-09 2.2967E-09 2.4378E-09 2.5898E-09 2.7560E-09 2.9278E-09 3.1175E-09 3.3149E-09 3.5212E-09 3.7371E-09 3.9620E-09 4.1987E-09 4.4445E-09 4.6972E-09 4.9600E-09 5.2343E-09 5.5185E-09 5.8114E-09 6.1122E-09 6.4209E-09 6.7372E-09 7.0595E-09 7.3867E-09 7.7173E-09 8.0499E-09 8.3832E-09 8.7157E-09 9.0462E-09 9.3729E-09 9.6948E-09 1.0010E-08 1.0318E-08 1.0617E-08 1.0905E-08 1.1182E-08 1.1447E-08 1.1699E-08 1.1937E-08 1.2159E-08 1.2367E-08 1.2557E-08 1.2731E-08 1.2890E-08 1.3032E-08 1.3160E-08 1.3272E-08 1.3371E-08 1.3456E-08 1.3527E-08 1.3586E-08 1.3632E-08 1.3668E-08 1.3693E-08 1.3706E-08 1.3711E-08 1.3707E-08 1.3692E-08
2.0988E-09 2.2307E-09 2.3603E-09 2.5064E-09 2.6641E-09 2.8292E-09 3.0115E-09 3.1954E-09 3.3905E-09 3.5916E-09 3.8092E-09 4.0333E-09 4.2646E-09 4.5046E-09 4.7538E-09 5.0115E-09 5.2784E-09 5.5551E-09 5.8403E-09 6.1329E-09 6.4318E-09 6.7364E-09 7.0460E-09 7.3593E-09 7.6753E-09 7.9924E-09 8.3089E-09 8.6239E-09 8.9358E-09 9.2432E-09 9.5450E-09 9.8400E-09 1.0127E-08 1.0404E-08 1.0671E-08 1.0927E-08 1.1170E-08 1.1401E-08 1.1617E-08 1.1820E-08 1.2006E-08 1.2178E-08 1.2334E-08 1.2477E-08 1.2605E-08 1.2719E-08 1.2819E-08 1.2907E-08 1.2982E-08 1.3044E-08 1.3096E-08 1.3136E-08 1.3164E-08 1.3184E-08 1.3194E-08 1.3194E-08 1.3185E-08
2.0339E-09 2.1565E-09 2.2882E-09 2.4229E-09 2.5735E-09 2.7282E-09 2.8980E-09 3.0790E-09 3.2627E-09 3.4550E-09 3.6608E-09 3.8714E-09 4.0892E-09 4.3165E-09 4.5509E-09 4.7948E-09 5.0477E-09 5.3083E-09 5.5765E-09 5.8523E-09 6.1350E-09 6.4234E-09 6.7165E-09 7.0131E-09 7.3123E-09 7.6128E-09 7.9135E-09 8.2130E-09 8.5101E-09 8.8034E-09 9.0916E-09 9.3738E-09 9.6486E-09 9.9149E-09 1.0171E-08 1.0417E-08 1.0652E-08 1.0874E-08 1.1084E-08 1.1281E-08 1.1464E-08 1.1634E-08 1.1788E-08 1.1930E-08 1.2058E-08 1.2173E-08 1.2275E-08 1.2363E-08 1.2441E-08 1.2508E-08 1.2563E-08 1.2606E-08 1.2640E-08 1.2664E-08 1.2679E-08 1.2684E-08 1.2679E-08
1.9766E-09 2.0899E-09 2.2127E-09 2.3425E-09 2.4887E-09 2.6335E-09 2.7939E-09 2.9602E-09 3.1368E-09 3.3230E-09 3.5143E-09 3.7143E-09 3.9211E-09 4.1367E-09 4.3583E-09 4.5873E-09 4.8246E-09 5.0705E-09 5.3239E-09 5.5842E-09 5.8505E-09 6.1226E-09 6.3993E-09 6.6801E-09 6.9636E-09 7.2484E-09 7.5336E-09 7.8178E-09 8.0999E-09 8.3785E-09 8.6528E-09 8.9217E-09 9.1841E-09 9.4388E-09 9.6843E-09 9.9211E-09 1.0147E-08 1.0361E-08 1.0565E-08 1.0756E-08 1.0935E-08 1.1100E-08 1.1253E-08 1.1393E-08 1.1521E-08 1.1635E-08 1.1737E-08 1.1829E-08 1.1909E-08 1.1978E-08 1.2035E-08 1.2083E-08 1.2121E-08 1.2149E-08 1.2168E-08 1.2177E-08 1.2177E-08
1.9188E-09 2.0239E-09 2.1440E-09 2.2640E-09 2.4004E-09 2.5412E-09 2.6883E-09 2.8530E-09 3.0194E-09 3.1945E-09 3.3715E-09 3.5636E-09 3.7594E-09 3.9630E-09 4.1718E-09 4.3881E-09 4.6123E-09 4.8436E-09 5.0820E-09 5.3270E-09 5.5785E-09 5.8352E-09 6.0962E-09 6.3611E-09 6.6286E-09 6.8980E-09 7.1679E-09 7.4373E-09 7.7048E-09 7.9692E-09 8.2293E-09 8.4850E-09 8.7350E-09 8.9783E-09 9.2130E-09 9.4400E-09 9.6567E-09 9.8643E-09 1.0061E-08 1.0246E-08 1.0419E-08 1.0580E-08 1.0731E-08 1.0869E-08 1.0994E-08 1.1109E-08 1.1212E-08 1.1305E-08 1.1386E-08 1.1457E-08 1.1518E-08 1.1569E-08 1.1610E-08 1.1641E-08 1.1663E-08 1.1676E-08 1.1681E-08
1.8592E-09 1.9582E-09 2.0700E-09 2.1888E-09 2.3167E-09 2.4470E-09 2.5888E-09 2.7392E-09 2.8990E-09 3.0660E-09 3.2359E-09 3.4169E-09 3.6020E-09 3.7923E-09 3.9912E-09 4.1944E-09 4.4048E-09 4.6226E-09 4.8472E-09 5.0779E-09 5.3143E-09 5.5557E-09 5.8018E-09 6.0515E-09 6.3038E-09 6.5581E-09 6.8129E-09 7.0676E-09 7.3208E-09 7.5716E-09 7.8183E-09 8.0610E-09 8.2984E-09 8.5302E-09 8.7551E-09 8.9723E-09 9.1802E-09 9.3799E-09 9.5683E-09 9.7483E-09 9.9172E-09 1.0075E-08 1.0221E-08 1.0356E-08 1.0482E-08 1.0596E-08 1.0699E-08 1.0792E-08 1.0874E-08 1.0948E-08 1.1011E-08 1.1064E-08 1.1108E-08 1.1142E-08 1.1167E-08 1.1184E-08 1.1192E-08
1.8043E-09 1.8973E-09 2.0031E-09 2.1116E-09 2.2315E-09 2.3554E-09 2.4910E-09 2.6376E-09 2.7827E-09 2.9406E-09 3.1060E-09 3.2737E-09 3.4509E-09 3.6305E-09 3.8174E-09 4.0093E-09 4.2074E-09 4.4120E-09 4.6227E-09 4.8397E-09 5.0620E-09 5.2893E-09 5.5207E-09 5.7555E-09 5.9929E-09 6.2324E-09 6.4728E-09 6.7134E-09 6.9528E-09 7.1904E-09 7.4249E-09 7.6554E-09 7.8805E-09 8.1008E-09 8.3147E-09 8.5216E-09 8.7208E-09 8.9125E-09 9.0945E-09 9.2683E-09 9.4306E-09 9.5844E-09 9.7279E-09 9.8607E-09 9.9838E-09 1.0097E-08 1.0199E-08 1.0292E-08 1.0376E-08 1.0450E-08 1.0515E-08 1.0570E-08 1.0616E-08 1.0653E-08 1.0681E-08 1.0701E-08 1.0713E-08
1.7437E-09 1.8379E-09 1.9343E-09 2.0412E-09 2.1510E-09 2.2724E-09 2.3939E-09 2.5308E-09 2.6698E-09 2.8219E-09 2.9799E-09 3.1348E-09 3.3049E-09 3.4737E-09 3.6489E-09 3.8316E-09 4.0177E-09 4.2098E-09 4.4079E-09 4.6116E-09 4.8203E-09 5.0336E-09 5.2510E-09 5.4718E-09 5.6953E-09 5.9207E-09 6.1472E-09 6.3739E-09 6.5999E-09 6.8242E-09 7.0461E-09 7.2646E-09 7.4782E-09 7.6876E-09 7.8909E-09 8.0885E-09 8.2791E-09 8.4617E-09 8.6374E-09 8.8043E-09 8.9615E-09 9.1110E-09 9.2502E-09 9.3809E-09 9.5013E-09 9.6123E-09 9.7148E-09 9.8078E-09 9.8916E-09 9.9663E-09 1.0032E-08 1.0089E-08 1.0137E-08 1.0176E-08 1.0207E-08 1.0229E-08 1.0242E-08
1.6890E-09 1.7762E-09 1.8673E-09 1.9664E-09 2.0727E-09 2.1902E-09 2.3057E-09 2.4288E-09 2.5647E-09 2.7035E-09 2.8542E-09 3.0027E-09 3.1594E-09 3.3246E-09 3.4884E-09 3.6599E-09 3.8354E-09 4.0160E-09 4.2018E-09 4.3928E-09 4.5888E-09 4.7891E-09 4.9933E-09 5.2007E-09 5.4105E-09 5.6222E-09 5.8351E-09 6.0482E-09 6.2611E-09 6.4728E-09 6.6825E-09 6.8892E-09 7.0924E-09 7.2913E-09 7.4844E-09 7.6728E-09 7.8545E-09 8.0290E-09 8.1976E-09 8.3584E-09 8.5104E-09 8.6550E-09 8.7902E-09 8.9168E-09 9.0354E-09 9.1452E-09 9.2462E-09 9.3384E-09 9.4219E-09 9.4969E-09 9.5634E-09 9.6213E-09 9.6709E-09 9.7117E-09 9.7436E-09 9.7676E-09 9.7831E-09
1.6330E-09 1.7115E-09 1.8037E-09 1.9015E-09 1.9967E-09 2.1009E-09 2.2154E-09 2.3332E-09 2.4654E-09 2.5882E-09 2.7303E-09 2.8776E-09 3.0217E-09 3.1799E-09 3.3334E-09 3.4932E-09 3.6597E-09 3.8290E-09 4.0033E-09 4.1827E-09 4.3663E-09 4.5540E-09 4.7453E-09 4.9397E-09 5.1367E-09 5.3356E-09 5.5357E-09 5.7363E-09 5.9366E-09 6.1359E-09 6.3336E-09 6.5290E-09 6.7213E-09 6.9098E-09 7.0931E-09 7.2724E-09 7.4457E-09 7.6131E-09 7.7745E-09 7.9280E-09 8.0752E-09 8.2141E-09 8.3460E-09 8.4700E-09 8.5858E-09 8.6934E-09 8.7927E-09 8.8840E-09 8.9670E-09 9.0420E-09 9.1090E-09 9.1676E-09 9.2181E-09 9.2603E-09 9.2939E-09 9.3197E-09 9.3400E-09
1.5780E-09 1.6581E-09 1.7388E-09 1.8296E-09 1.9188E-09 2.0228E-09 2.1336E-09 2.2401E-09 2.3606E-09 2.4850E-09 2.6126E-09 2.7535E-09 2.8894E-09 3.0337E-09 3.1856E-09 3.3355E-09 3.4919E-09 3.6510E-09 3.8139E-09 3.9816E-09 4.1537E-09 4.3299E-09 4.5093E-09 4.6917E-09 4.8764E-09 5.0631E-09 5.2510E-09 5.4395E-09 5.6278E-09 5.8153E-09 6.0013E-09 6.1855E-09 6.3671E-09 6.5456E-09 6.7203E-09 6.8906E-09 7.0554E-09 7.2154E-09 7.3696E-09 7.5168E-09 7.6583E-09 7.7931E-09 7.9207E-09 8.0410E-09 8.1538E-09 8.2590E-09 8.3566E-09 8.4466E-09 8.5288E-09 8.6027E-09 8.6700E-09 8.7289E-09 8.7802E-09 8.8235E-09 8.8588E-09 8.8885E-09 8.9099E-09
1.5252E-09 1.6069E-09 1.6778E-09 1.7623E-09 1.8534E-09 1.9412E-09 2.0478E-09 2.1489E-09 2.2589E-09 2.3846E-09 2.4989E-09 2.6311E-09 2.7655E-09 2.8994E-09 3.0448E-09 3.1823E-09 3.3275E-09 3.4791E-09 3.6323E-09 3.7892E-09 3.9500E-09 4.1144E-09 4.2825E-09 4.4533E-09 4.6265E-09 4.8015E-09 4.9776E-09 5.1546E-09 5.3317E-09 5.5083E-09 5.6839E-09 5.8575E-09 6.0287E-09 6.1975E-09 6.3630E-09 6.5247E-09 6.6813E-09 6.8340E-09 6.9813E-09 7.1231E-09 7.2589E-09 7.3886E-09 7.5120E-09 7.6285E-09 7.7383E-09 7.8411E-09 7.9364E-09 8.0245E-09 8.1059E-09 8.1795E-09 8.2460E-09 8.3056E-09 8.3577E-09 8.4019E-09 8.4396E-09 8.4705E-09 8.4944E-09
1.4745E-09 1.5452E-09 1.6189E-09 1.6968E-09 1.7872E-09 1.8665E-09 1.9613E-09 2.0699E-09 2.1697E-09 2.2807E-09 2.3948E-09 2.5140E-09 2.6454E-09 2.7692E-09 2.9006E-09 3.0414E-09 3.1749E-09 3.3182E-09 3.4619E-09 3.6091E-09 3.7597E-09 3.9138E-09 4.0709E-09 4.2306E-09 4.3926E-09 4.5566E-09 4.7220E-09 4.8882E-09 5.0547E-09 5.2209E-09 5.3861E-09 5.5499E-09 5.7114E-09 5.8707E-09 6.0274E-09 6.1808E-09 6.3303E-09 6.4755E-09 6.6159E-09 6.7513E-09 6.8815E-09 7.0061E-09 7.1247E-09 7.2367E-09 7.3432E-09 7.4432E-09 7.5358E-09 7.6227E-09 7.7021E-09 7.7756E-09 7.8418E-09 7.9004E-09 7.9521E-09 7.9978E-09 8.0362E-09 8.0688E-09 8.0944E-09
1.4212E-09 1.4900E-09 1.5659E-09 1.6335E-09 1.7182E-09 1.8012E-09 1.8833E-09 1.9851E-09 2.0781E-09 2.1760E-09 2.2957E-09 2.4036E-09 2.5267E-09 2.6473E-09 2.7697E-09 2.9036E-09 3.0291E-09 3.1606E-09 3.2969E-09 3.4348E-09 3.5756E-09 3.7196E-09 3.8668E-09 4.0164E-09 4.1682E-09 4.3218E-09 4.4764E-09 4.6320E-09 4.7880E-09 4.9439E-09 5.0992E-09 5.2536E-09 5.4064E-09 5.5572E-09 5.7054E-09 5.8508E-09 5.9926E-09 6.1306E-09 6.2644E-09 6.3938E-09 6.5185E-09 6.6382E-09 6.7526E-09 6.8607E-09 6.9640E-09 7.0613E-09 7.1517E-09 7.2369E-09 7.3150E-09 7.3871E-09 7.4519E-09 7.5107E-09 7.5638E-09 7.6100E-09 7.6497E-09 7.6832E-09 7.7111E-09
1.3790E-09 1.4365E-09 1.5075E-09 1.5751E-09 1.6452E-09 1.7352E-09 1.8093E-09 1.9004E-09 1.9977E-09 2.0914E-09 2.1955E-09 2.2981E-09 2.4083E-09 2.5289E-09 2.6420E-09 2.7641E-09 2.8905E-09 3.0111E-09 3.1383E-09 3.2698E-09 3.4017E-09 3.5362E-09 3.6736E-09 3.8135E-09 3.9556E-09 4.0993E-09 4.2442E-09 4.3902E-09 4.5366E-09 4.6831E-09 4.8291E-09 4.9745E-09 5.1185E-09 5.2608E-09 5.4009E-09 5.5385E-09 5.6730E-09 5.8040E-09 5.9312E-09 6.0546E-09 6.1740E-09 6.2888E-09 6.3989E-09 6.5032E-09 6.6032E-09 6.6969E-09 6.7859E-09 6.8676E-09 6.9443E-09 7.0148E-09 7.0803E-09 7.1391E-09 7.1923E-09 7.2388E-09 7.2787E-09 7.3138E-09 7.3429E-09
