Assets/Resources/2015_m01_d09_1500(utc+0800)_l00_csi_1hr_conc.grd
DSAA
         159         159
     -79.000      79.000
     -79.000      79.000
  0.7501E-09  0.9141E-05
[rows 100 to 124 of 159, columns 57 to 113 of 159]
1.1316E-07 1.1608E-07 1.1803E-07 1.1897E-07 1.1895E-07 1.1804E-07 1.1627E-07 1.1370E-07 1.1046E-07 1.0666E-07 1.0243E-07 9.7878E-08 9.3128E-08 8.8312E-08 8.3489E-08 7.8790E-08 7.4246E-08 6.9897E-08 6.5772E-08 6.1897E-08 5.8262E-08 5.4859E-08 5.1690E-08 4.8754E-08 4.5989E-08 4.3505E-08 4.1255E-08 3.9139E-08 3.7200E-08 3.5425E-08 3.3862E-08 3.2470E-08 3.1115E-08 2.9876E-08 2.8695E-08 2.7566E-08 2.6489E-08 2.5328E-08 2.4388E-08 2.3483E-08 2.2589E-08 2.1759E-08 2.0947E-08 2.0176E-08 1.9435E-08 1.8719E-08 1.8039E-08 1.7386E-08 1.6751E-08 1.6136E-08 1.5540E-08 1.4964E-08 1.4408E-08 1.3873E-08 1.3348E-08 1.2817E-08 1.2310E-08
1.0734E-07 1.1005E-07 1.1187E-07 1.1277E-07 1.1283E-07 1.1207E-07 1.1054E-07 1.0829E-07 1.0541E-07 1.0202E-07 9.8206E-08 9.4125E-08 8.9861E-08 8.5516E-08 8.1198E-08 7.6938E-08 7.2825E-08 6.8860E-08 6.5099E-08 6.1529E-08 5.8162E-08 5.4993E-08 5.2007E-08 4.9202E-08 4.6583E-08 4.4169E-08 4.1932E-08 3.9830E-08 3.7938E-08 3.6205E-08 3.4678E-08 3.3278E-08 3.1923E-08 3.0672E-08 2.9473E-08 2.8320E-08 2.7215E-08 2.6031E-08 2.5056E-08 2.4115E-08 2.3201E-08 2.2331E-08 2.1498E-08 2.0692E-08 1.9931E-08 1.9184E-08 1.8483E-08 1.7809E-08 1.7155E-08 1.6519E-08 1.5904E-08 1.5309E-08 1.4735E-08 1.4181E-08 1.3641E-08 1.3094E-08 1.2567E-08
1.0136E-07 1.0386E-07 1.0555E-07 1.0645E-07 1.0659E-07 1.0599E-07 1.0469E-07 1.0274E-07 1.0021E-07 9.7220E-08 9.3867E-08 9.0252E-08 8.6458E-08 8.2591E-08 7.8735E-08 7.4936E-08 7.1227E-08 6.7667E-08 6.4250E-08 6.0992E-08 5.7906E-08 5.4968E-08 5.2171E-08 4.9531E-08 4.7048E-08 4.4734E-08 4.2520E-08 4.0479E-08 3.8626E-08 3.6917E-08 3.5421E-08 3.4020E-08 3.2677E-08 3.1421E-08 3.0210E-08 2.9041E-08 2.7914E-08 2.6710E-08 2.5706E-08 2.4733E-08 2.3786E-08 2.2895E-08 2.2026E-08 2.1208E-08 2.0407E-08 1.9644E-08 1.8914E-08 1.8221E-08 1.7547E-08 1.6893E-08 1.6259E-08 1.5645E-08 1.5053E-08 1.4482E-08 1.3926E-08 1.3365E-08 1.2818E-08
9.5299E-08 9.7597E-08 9.9190E-08 1.0008E-07 1.0031E-07 9.9875E-08 9.8807E-08 9.7157E-08 9.4995E-08 9.2405E-08 8.9477E-08 8.6299E-08 8.2982E-08 7.9588E-08 7.6174E-08 7.2805E-08 6.9516E-08 6.6326E-08 6.3248E-08 6.0315E-08 5.7495E-08 5.4786E-08 5.2204E-08 4.9740E-08 4.7389E-08 4.5189E-08 4.2967E-08 4.1004E-08 3.9205E-08 3.7557E-08 3.6085E-08 3.4695E-08 3.3369E-08 3.2115E-08 3.0899E-08 2.9721E-08 2.8546E-08 2.7363E-08 2.6332E-08 2.5331E-08 2.4353E-08 2.3432E-08 2.2544E-08 2.1693E-08 2.0876E-08 2.0082E-08 1.9331E-08 1.8619E-08 1.7927E-08 1.7254E-08 1.6603E-08 1.5972E-08 1.5362E-08 1.4774E-08 1.4200E-08 1.3624E-08 1.3062E-08
8.9304E-08 9.1426E-08 9.2937E-08 9.3846E-08 9.4151E-08 9.3862E-08 9.3007E-08 9.1626E-08 8.9800E-08 8.7603E-08 8.5102E-08 8.2379E-08 7.9506E-08 7.6540E-08 7.3566E-08 7.0601E-08 6.7707E-08 6.4875E-08 6.2147E-08 5.9502E-08 5.6936E-08 5.4483E-08 5.2109E-08 4.9816E-08 4.7608E-08 4.5511E-08 4.3359E-08 4.1479E-08 3.9715E-08 3.8115E-08 3.6672E-08 3.5295E-08 3.3996E-08 3.2749E-08 3.1534E-08 3.0351E-08 2.9061E-08 2.7981E-08 2.6931E-08 2.5906E-08 2.4900E-08 2.3951E-08 2.3036E-08 2.2161E-08 2.1320E-08 2.0511E-08 1.9732E-08 1.9001E-08 1.8291E-08 1.7602E-08 1.6934E-08 1.6286E-08 1.5660E-08 1.5056E-08 1.4464E-08 1.3878E-08 1.3301E-08
8.3467E-08 8.5425E-08 8.6866E-08 8.7777E-08 8.8153E-08 8.8007E-08 8.7364E-08 8.6265E-08 8.4770E-08 8.2936E-08 8.0823E-08 7.8507E-08 7.6053E-08 7.3518E-08 7.0937E-08 6.8362E-08 6.5836E-08 6.3362E-08 6.0939E-08 5.8564E-08 5.6287E-08 5.4047E-08 5.1870E-08 4.9751E-08 4.7707E-08 4.5680E-08 4.3613E-08 4.1820E-08 4.0133E-08 3.8597E-08 3.7170E-08 3.5816E-08 3.4546E-08 3.3313E-08 3.2107E-08 3.0931E-08 2.9652E-08 2.8563E-08 2.7497E-08 2.6452E-08 2.5423E-08 2.4455E-08 2.3508E-08 2.2616E-08 2.1745E-08 2.0915E-08 2.0124E-08 1.9367E-08 1.8640E-08 1.7934E-08 1.7250E-08 1.6587E-08 1.5945E-08 1.5325E-08 1.4717E-08 1.4121E-08 1.3530E-08
7.7857E-08 7.9680E-08 8.1057E-08 8.1970E-08 8.2413E-08 8.2397E-08 8.1945E-08 8.1094E-08 7.9895E-08 7.8398E-08 7.6661E-08 7.4734E-08 7.2662E-08 7.0505E-08 6.8319E-08 6.6122E-08 6.3928E-08 6.1778E-08 5.9641E-08 5.7570E-08 5.5502E-08 5.3490E-08 5.1513E-08 4.9581E-08 4.7625E-08 4.5704E-08 4.3812E-08 4.2089E-08 4.0466E-08 3.8979E-08 3.7585E-08 3.6265E-08 3.5018E-08 3.3810E-08 3.2623E-08 3.1457E-08 3.0192E-08 2.9099E-08 2.8025E-08 2.6965E-08 2.5928E-08 2.4928E-08 2.3956E-08 2.3041E-08 2.2156E-08 2.1305E-08 2.0488E-08 1.9713E-08 1.8970E-08 1.8249E-08 1.7549E-08 1.6872E-08 1.6216E-08 1.5580E-08 1.4958E-08 1.4349E-08 1.3744E-08
7.2582E-08 7.4286E-08 7.5607E-08 7.6525E-08 7.7032E-08 7.7137E-08 7.6864E-08 7.6245E-08 7.5316E-08 7.4123E-08 7.2700E-08 7.1125E-08 6.9423E-08 6.7634E-08 6.5789E-08 6.3917E-08 6.2047E-08 6.0167E-08 5.8317E-08 5.6459E-08 5.4637E-08 5.2837E-08 5.1051E-08 4.9274E-08 4.7491E-08 4.5680E-08 4.3866E-08 4.2250E-08 4.0712E-08 3.9268E-08 3.7912E-08 3.6636E-08 3.5423E-08 3.4238E-08 3.3072E-08 3.1779E-08 3.0677E-08 2.9585E-08 2.8507E-08 2.7439E-08 2.6379E-08 2.5372E-08 2.4379E-08 2.3442E-08 2.2536E-08 2.1665E-08 2.0830E-08 2.0038E-08 1.9280E-08 1.8544E-08 1.7831E-08 1.7140E-08 1.6471E-08 1.5820E-08 1.5186E-08 1.4563E-08 1.3951E-08
6.7651E-08 6.9244E-08 7.0508E-08 7.1422E-08 7.1979E-08 7.2189E-08 7.2072E-08 7.1654E-08 7.0975E-08 7.0066E-08 6.8961E-08 6.7703E-08 6.6315E-08 6.4846E-08 6.3318E-08 6.1744E-08 6.0142E-08 5.8532E-08 5.6925E-08 5.5308E-08 5.3707E-08 5.2095E-08 5.0481E-08 4.8844E-08 4.7181E-08 4.5517E-08 4.3845E-08 4.2308E-08 4.0855E-08 3.9483E-08 3.8173E-08 3.6938E-08 3.5750E-08 3.4590E-08 3.3450E-08 3.2191E-08 3.1100E-08 3.0016E-08 2.8940E-08 2.7870E-08 2.6802E-08 2.5782E-08 2.4772E-08 2.3816E-08 2.2890E-08 2.2002E-08 2.1149E-08 2.0341E-08 1.9568E-08 1.8819E-08 1.8093E-08 1.7390E-08 1.6709E-08 1.6043E-08 1.5400E-08 1.4762E-08 1.4139E-08
6.3122E-08 6.4623E-08 6.5838E-08 6.6750E-08 6.7355E-08 6.7661E-08 6.7688E-08 6.7455E-08 6.6990E-08 6.6317E-08 6.5476E-08 6.4495E-08 6.3391E-08 6.2205E-08 6.0934E-08 5.9630E-08 5.8275E-08 5.6920E-08 5.5525E-08 5.4132E-08 5.2713E-08 5.1279E-08 4.9845E-08 4.8358E-08 4.6801E-08 4.5223E-08 4.3732E-08 4.2296E-08 4.0927E-08 3.9621E-08 3.8355E-08 3.7157E-08 3.5998E-08 3.4868E-08 3.3678E-08 3.2534E-08 3.1460E-08 3.0388E-08 2.9309E-08 2.8242E-08 2.7182E-08 2.6154E-08 2.5133E-08 2.4152E-08 2.3216E-08 2.2311E-08 2.1442E-08 2.0620E-08 1.9833E-08 1.9071E-08 1.8334E-08 1.7619E-08 1.6927E-08 1.6249E-08 1.5597E-08 1.4945E-08 1.4317E-08
5.8954E-08 6.0362E-08 6.1529E-08 6.2437E-08 6.3082E-08 6.3471E-08 6.3619E-08 6.3546E-08 6.3270E-08 6.2817E-08 6.2214E-08 6.1469E-08 6.0605E-08 5.9662E-08 5.8640E-08 5.7568E-08 5.6451E-08 5.5302E-08 5.4132E-08 5.2919E-08 5.1669E-08 5.0416E-08 4.9091E-08 4.7726E-08 4.6287E-08 4.4918E-08 4.3547E-08 4.2212E-08 4.0924E-08 3.9668E-08 3.8462E-08 3.7294E-08 3.6165E-08 3.5065E-08 3.3850E-08 3.2805E-08 3.1753E-08 3.0698E-08 2.9632E-08 2.8563E-08 2.7506E-08 2.6478E-08 2.5457E-08 2.4465E-08 2.3514E-08 2.2592E-08 2.1709E-08 2.0873E-08 2.0073E-08 1.9300E-08 1.8552E-08 1.7828E-08 1.7125E-08 1.6436E-08 1.5776E-08 1.5113E-08 1.4475E-08
5.5224E-08 5.6550E-08 5.7670E-08 5.8569E-08 5.9245E-08 5.9702E-08 5.9955E-08 6.0016E-08 5.9898E-08 5.9617E-08 5.9195E-08 5.8648E-08 5.8004E-08 5.7267E-08 5.6461E-08 5.5595E-08 5.4691E-08 5.3729E-08 5.2733E-08 5.1675E-08 5.0609E-08 4.9460E-08 4.8323E-08 4.7044E-08 4.5746E-08 4.4508E-08 4.3262E-08 4.2047E-08 4.0833E-08 3.9635E-08 3.8483E-08 3.7354E-08 3.6256E-08 3.5189E-08 3.4017E-08 3.3003E-08 3.1978E-08 3.0944E-08 2.9896E-08 2.8839E-08 2.7790E-08 2.6764E-08 2.5741E-08 2.4733E-08 2.3779E-08 2.2844E-08 2.1947E-08 2.1099E-08 2.0288E-08 1.9504E-08 1.8746E-08 1.8014E-08 1.7300E-08 1.6605E-08 1.5937E-08 1.5263E-08 1.4617E-08
5.1834E-08 5.3090E-08 5.4170E-08 5.5061E-08 5.5761E-08 5.6276E-08 5.6614E-08 5.6779E-08 5.6783E-08 5.6651E-08 5.6394E-08 5.6018E-08 5.5561E-08 5.5010E-08 5.4399E-08 5.3714E-08 5.2971E-08 5.2167E-08 5.1326E-08 5.0448E-08 4.9482E-08 4.8523E-08 4.7443E-08 4.6297E-08 4.5169E-08 4.4047E-08 4.2928E-08 4.1804E-08 4.0662E-08 3.9530E-08 3.8421E-08 3.7336E-08 3.6272E-08 3.5170E-08 3.4109E-08 3.3129E-08 3.2134E-08 3.1126E-08 3.0099E-08 2.9059E-08 2.8022E-08 2.6995E-08 2.5982E-08 2.4971E-08 2.4010E-08 2.3065E-08 2.2147E-08 2.1297E-08 2.0475E-08 1.9682E-08 1.8916E-08 1.8175E-08 1.7452E-08 1.6753E-08 1.6075E-08 1.5396E-08 1.4743E-08
4.8785E-08 4.9969E-08 5.1005E-08 5.1883E-08 5.2600E-08 5.3153E-08 5.3548E-08 5.3797E-08 5.3912E-08 5.3911E-08 5.3795E-08 5.3576E-08 5.3275E-08 5.2885E-08 5.2426E-08 5.1887E-08 5.1292E-08 5.0653E-08 4.9953E-08 4.9192E-08 4.8402E-08 4.7492E-08 4.6551E-08 4.5564E-08 4.4548E-08 4.3539E-08 4.2520E-08 4.1477E-08 4.0413E-08 3.9346E-08 3.8284E-08 3.7241E-08 3.6218E-08 3.5153E-08 3.4129E-08 3.3182E-08 3.2220E-08 3.1232E-08 3.0240E-08 2.9221E-08 2.8200E-08 2.7168E-08 2.6177E-08 2.5169E-08 2.4197E-08 2.3252E-08 2.2325E-08 2.1464E-08 2.0634E-08 1.9833E-08 1.9060E-08 1.8311E-08 1.7581E-08 1.6879E-08 1.6191E-08 1.5507E-08 1.4851E-08
4.6069E-08 4.7194E-08 4.8192E-08 4.9047E-08 4.9759E-08 5.0338E-08 5.0787E-08 5.1111E-08 5.1318E-08 5.1417E-08 5.1415E-08 5.1325E-08 5.1145E-08 5.0877E-08 5.0551E-08 5.0151E-08 4.9701E-08 4.9159E-08 4.8612E-08 4.7970E-08 4.7244E-08 4.6463E-08 4.5649E-08 4.4740E-08 4.3865E-08 4.2962E-08 4.2034E-08 4.1068E-08 4.0089E-08 3.9088E-08 3.8075E-08 3.7074E-08 3.6094E-08 3.5068E-08 3.4079E-08 3.3166E-08 3.2239E-08 3.1284E-08 3.0300E-08 2.9325E-08 2.8323E-08 2.7306E-08 2.6326E-08 2.5324E-08 2.4344E-08 2.3404E-08 2.2471E-08 2.1601E-08 2.0764E-08 1.9957E-08 1.9178E-08 1.8421E-08 1.7688E-08 1.6982E-08 1.6286E-08 1.5597E-08 1.4943E-08
4.3625E-08 4.4687E-08 4.5635E-08 4.6468E-08 4.7186E-08 4.7790E-08 4.8280E-08 4.8662E-08 4.8942E-08 4.9124E-08 4.9208E-08 4.9215E-08 4.9140E-08 4.8992E-08 4.8782E-08 4.8485E-08 4.8156E-08 4.7771E-08 4.7252E-08 4.6726E-08 4.6081E-08 4.5444E-08 4.4686E-08 4.3922E-08 4.3145E-08 4.2335E-08 4.1486E-08 4.0603E-08 3.9691E-08 3.8753E-08 3.7799E-08 3.6843E-08 3.5902E-08 3.4918E-08 3.3966E-08 3.3085E-08 3.2192E-08 3.1272E-08 3.0320E-08 2.9351E-08 2.8392E-08 2.7394E-08 2.6412E-08 2.5434E-08 2.4452E-08 2.3520E-08 2.2584E-08 2.1708E-08 2.0863E-08 2.0051E-08 1.9267E-08 1.8505E-08 1.7770E-08 1.7061E-08 1.6357E-08 1.5667E-08 1.5018E-08
4.1435E-08 4.2437E-08 4.3348E-08 4.4160E-08 4.4872E-08 4.5486E-08 4.6005E-08 4.6429E-08 4.6763E-08 4.7005E-08 4.7167E-08 4.7257E-08 4.7258E-08 4.7211E-08 4.7104E-08 4.6939E-08 4.6673E-08 4.6312E-08 4.5937E-08 4.5443E-08 4.4963E-08 4.4356E-08 4.3731E-08 4.3080E-08 4.2391E-08 4.1663E-08 4.0883E-08 4.0072E-08 3.9224E-08 3.8350E-08 3.7456E-08 3.6550E-08 3.5650E-08 3.4706E-08 3.3792E-08 3.2943E-08 3.2073E-08 3.1198E-08 3.0280E-08 2.9342E-08 2.8399E-08 2.7431E-08 2.6448E-08 2.5500E-08 2.4527E-08 2.3591E-08 2.2663E-08 2.1783E-08 2.0932E-08 2.0117E-08 1.9327E-08 1.8564E-08 1.7828E-08 1.7114E-08 1.6404E-08 1.5718E-08 1.5076E-08
3.9423E-08 4.0380E-08 4.1257E-08 4.2050E-08 4.2758E-08 4.3382E-08 4.3918E-08 4.4369E-08 4.4736E-08 4.5023E-08 4.5255E-08 4.5430E-08 4.5532E-08 4.5574E-08 4.5518E-08 4.5355E-08 4.5204E-08 4.4949E-08 4.4620E-08 4.4237E-08 4.3800E-08 4.3305E-08 4.2780E-08 4.2210E-08 4.1607E-08 4.0936E-08 4.0230E-08 3.9482E-08 3.8697E-08 3.7883E-08 3.7048E-08 3.6198E-08 3.5341E-08 3.4403E-08 3.3561E-08 3.2745E-08 3.1908E-08 3.1045E-08 3.0184E-08 2.9278E-08 2.8338E-08 2.7417E-08 2.6455E-08 2.5521E-08 2.4560E-08 2.3616E-08 2.2707E-08 2.1827E-08 2.0973E-08 2.0152E-08 1.9359E-08 1.8596E-08 1.7860E-08 1.7140E-08 1.6427E-08 1.5750E-08 1.5117E-08
3.7604E-08 3.8521E-08 3.9367E-08 4.0136E-08 4.0830E-08 4.1450E-08 4.2000E-08 4.2478E-08 4.2889E-08 4.3241E-08 4.3534E-08 4.3752E-08 4.3859E-08 4.3924E-08 4.3953E-08 4.3917E-08 4.3746E-08 4.3590E-08 4.3353E-08 4.3043E-08 4.2655E-08 4.2266E-08 4.1815E-08 4.1330E-08 4.0771E-08 4.0174E-08 3.9529E-08 3.8840E-08 3.8115E-08 3.7361E-08 3.6583E-08 3.5787E-08 3.4978E-08 3.4084E-08 3.3276E-08 3.2495E-08 3.1690E-08 3.0860E-08 3.0011E-08 2.9159E-08 2.8251E-08 2.7354E-08 2.6415E-08 2.5466E-08 2.4552E-08 2.3611E-08 2.2716E-08 2.1837E-08 2.0984E-08 2.0157E-08 1.9363E-08 1.8601E-08 1.7865E-08 1.7140E-08 1.6432E-08 1.5764E-08 1.5139E-08
3.5916E-08 3.6792E-08 3.7609E-08 3.8365E-08 3.9050E-08 3.9677E-08 4.0238E-08 4.0735E-08 4.1159E-08 4.1514E-08 4.1832E-08 4.2095E-08 4.2293E-08 4.2434E-08 4.2435E-08 4.2454E-08 4.2412E-08 4.2248E-08 4.2092E-08 4.1822E-08 4.1559E-08 4.1226E-08 4.0853E-08 4.0404E-08 3.9916E-08 3.9374E-08 3.8785E-08 3.8154E-08 3.7486E-08 3.6788E-08 3.6066E-08 3.5323E-08 3.4564E-08 3.3715E-08 3.2943E-08 3.2184E-08 3.1412E-08 3.0626E-08 2.9810E-08 2.8973E-08 2.8115E-08 2.7213E-08 2.6329E-08 2.5401E-08 2.4503E-08 2.3577E-08 2.2690E-08 2.1817E-08 2.0964E-08 2.0135E-08 1.9340E-08 1.8579E-08 1.7843E-08 1.7115E-08 1.6415E-08 1.5760E-08 1.5141E-08
3.4372E-08 3.5188E-08 3.5955E-08 3.6674E-08 3.7349E-08 3.7983E-08 3.8564E-08 3.9084E-08 3.9548E-08 3.9961E-08 4.0317E-08 4.0572E-08 4.0745E-08 4.0938E-08 4.1055E-08 4.1109E-08 4.1070E-08 4.1002E-08 4.0855E-08 4.0671E-08 4.0467E-08 4.0193E-08 3.9856E-08 3.9472E-08 3.9033E-08 3.8543E-08 3.8007E-08 3.7430E-08 3.6816E-08 3.6173E-08 3.5503E-08 3.4811E-08 3.4101E-08 3.3272E-08 3.2566E-08 3.1839E-08 3.1090E-08 3.0334E-08 2.9561E-08 2.8742E-08 2.7931E-08 2.7061E-08 2.6201E-08 2.5296E-08 2.4415E-08 2.3505E-08 2.2629E-08 2.1764E-08 2.0912E-08 2.0087E-08 1.9291E-08 1.8532E-08 1.7793E-08 1.7067E-08 1.6379E-08 1.5737E-08 1.5125E-08
3.2979E-08 3.3765E-08 3.4513E-08 3.5227E-08 3.5901E-08 3.6520E-08 3.7085E-08 3.7587E-08 3.8027E-08 3.8427E-08 3.8800E-08 3.9107E-08 3.9379E-08 3.9563E-08 3.9664E-08 3.9755E-08 3.9813E-08 3.9761E-08 3.9672E-08 3.9562E-08 3.9374E-08 3.9147E-08 3.8861E-08 3.8520E-08 3.8127E-08 3.7686E-08 3.7200E-08 3.6673E-08 3.6112E-08 3.5519E-08 3.4899E-08 3.4257E-08 3.3593E-08 3.2815E-08 3.2147E-08 3.1454E-08 3.0737E-08 3.0003E-08 2.9261E-08 2.8484E-08 2.7694E-08 2.6864E-08 2.6007E-08 2.5150E-08 2.4259E-08 2.3397E-08 2.2535E-08 2.1678E-08 2.0833E-08 2.0012E-08 1.9219E-08 1.8458E-08 1.7713E-08 1.6998E-08 1.6326E-08 1.5694E-08 1.5090E-08
3.1649E-08 3.2401E-08 3.3123E-08 3.3811E-08 3.4463E-08 3.5075E-08 3.5643E-08 3.6162E-08 3.6640E-08 3.7074E-08 3.7444E-08 3.7703E-08 3.7985E-08 3.8207E-08 3.8397E-08 3.8477E-08 3.8527E-08 3.8561E-08 3.8536E-08 3.8437E-08 3.8299E-08 3.8105E-08 3.7857E-08 3.7556E-08 3.7206E-08 3.6809E-08 3.6370E-08 3.5891E-08 3.5378E-08 3.4834E-08 3.4262E-08 3.3665E-08 3.3020E-08 3.2318E-08 3.1689E-08 3.1020E-08 3.0334E-08 2.9643E-08 2.8908E-08 2.8185E-08 2.7403E-08 2.6627E-08 2.5792E-08 2.4968E-08 2.4098E-08 2.3254E-08 2.2407E-08 2.1561E-08 2.0727E-08 1.9910E-08 1.9124E-08 1.8356E-08 1.7610E-08 1.6910E-08 1.6256E-08 1.5632E-08 1.5036E-08
3.0493E-08 3.1217E-08 3.1916E-08 3.2581E-08 3.3213E-08 3.3803E-08 3.4344E-08 3.4833E-08 3.5273E-08 3.5707E-08 3.6087E-08 3.6428E-08 3.6728E-08 3.6916E-08 3.7106E-08 3.7254E-08 3.7359E-08 3.7392E-08 3.7391E-08 3.7335E-08 3.7224E-08 3.7061E-08 3.6847E-08 3.6583E-08 3.6273E-08 3.5918E-08 3.5522E-08 3.5089E-08 3.4621E-08 3.4122E-08 3.3595E-08 3.3043E-08 3.2442E-08 3.1786E-08 3.1194E-08 3.0561E-08 2.9898E-08 2.9247E-08 2.8544E-08 2.7850E-08 2.7099E-08 2.6343E-08 2.5548E-08 2.4733E-08 2.3905E-08 2.3080E-08 2.2246E-08 2.1416E-08 2.0593E-08 1.9786E-08 1.9001E-08 1.8228E-08 1.7492E-08 1.6805E-08 1.6164E-08 1.5551E-08 1.4962E-08
2.9336E-08 3.0027E-08 3.0695E-08 3.1337E-08 3.1950E-08 3.2531E-08 3.3073E-08 3.3577E-08 3.4051E-08 3.4481E-08 3.4836E-08 3.5148E-08 3.5445E-08 3.5705E-08 3.5922E-08 3.6072E-08 3.6191E-08 3.6259E-08 3.6275E-08 3.6240E-08 3.6155E-08 3.6020E-08 3.5837E-08 3.5608E-08 3.5334E-08 3.5018E-08 3.4663E-08 3.4271E-08 3.3845E-08 3.3389E-08 3.2904E-08 3.2394E-08 3.1809E-08 3.1223E-08 3.0658E-08 3.0069E-08 2.9440E-08 2.8804E-08 2.8147E-08 2.7458E-08 2.6761E-08 2.6011E-08 2.5268E-08 2.4468E-08 2.3679E-08 2.2871E-08 2.2056E-08 2.1242E-08 2.0431E-08 1.9638E-08 1.8852E-08 1.8086E-08 1.7358E-08 1.6684E-08 1.6054E-08 1.5452E-08 1.4871E-08
