Assets/Resources/2015_m01_d08_1000(utc+0800)_l00_csi_1hr_conc.grd
DSAA
         159         159
     -79.000      79.000
     -79.000      79.000
  0.5709E-10  0.2091E-05
[rows 125 to 149 of 159, columns 57 to 113 of 159]
1.2017E-09 1.2267E-09 1.2513E-09 1.2758E-09 1.3002E-09 1.3245E-09 1.3487E-09 1.3726E-09 1.3965E-09 1.4209E-09 1.4453E-09 1.4697E-09 1.4929E-09 1.5170E-09 1.5397E-09 1.5635E-09 1.5872E-09 1.6092E-09 1.6336E-09 1.6605E-09 1.6861E-09 1.7189E-09 1.7485E-09 1.7851E-09 1.8311E-09 1.8705E-09 1.9108E-09 1.9507E-09 2.0113E-09 2.0726E-09 2.1286E-09 2.1964E-09 2.2443E-09 2.3067E-09 2.3655E-09 2.4222E-09 2.4917E-09 2.5563E-09 2.6090E-09 2.6586E-09 2.7060E-09 2.7704E-09 2.8187E-09 2.8633E-09 2.9107E-09 2.9497E-09 2.9851E-09 3.0223E-09 3.0711E-09 3.0982E-09 3.1213E-09 3.1315E-09 3.1473E-09 3.1589E-09 3.1660E-09 3.1586E-09 3.1573E-09
1.1705E-09 1.1948E-09 1.2191E-09 1.2429E-09 1.2665E-09 1.2901E-09 1.3136E-09 1.3368E-09 1.3599E-09 1.3828E-09 1.4064E-09 1.4300E-09 1.4534E-09 1.4757E-09 1.4989E-09 1.5206E-09 1.5435E-09 1.5661E-09 1.5871E-09 1.6090E-09 1.6361E-09 1.6607E-09 1.6912E-09 1.7209E-09 1.7535E-09 1.7887E-09 1.8354E-09 1.8670E-09 1.9059E-09 1.9556E-09 2.0059E-09 2.0609E-09 2.1197E-09 2.1783E-09 2.2205E-09 2.2896E-09 2.3317E-09 2.3781E-09 2.4357E-09 2.4873E-09 2.5376E-09 2.5800E-09 2.6203E-09 2.6666E-09 2.7114E-09 2.7483E-09 2.7809E-09 2.8104E-09 2.8371E-09 2.8598E-09 2.8792E-09 2.8960E-09 2.9098E-09 2.9202E-09 2.9271E-09 2.9300E-09 2.9291E-09
1.1404E-09 1.1635E-09 1.1870E-09 1.2105E-09 1.2335E-09 1.2564E-09 1.2791E-09 1.3017E-09 1.3241E-09 1.3463E-09 1.3683E-09 1.3911E-09 1.4137E-09 1.4363E-09 1.4576E-09 1.4798E-09 1.5006E-09 1.5225E-09 1.5427E-09 1.5641E-09 1.5850E-09 1.6077E-09 1.6344E-09 1.6624E-09 1.6879E-09 1.7219E-09 1.7490E-09 1.7821E-09 1.8274E-09 1.8619E-09 1.8947E-09 1.9460E-09 1.9926E-09 2.0423E-09 2.0986E-09 2.1511E-09 2.2017E-09 2.2525E-09 2.2894E-09 2.3293E-09 2.3739E-09 2.4176E-09 2.4553E-09 2.4945E-09 2.5267E-09 2.5613E-09 2.5885E-09 2.6225E-09 2.6577E-09 2.6789E-09 2.6968E-09 2.7119E-09 2.7242E-09 2.7237E-09 2.7298E-09 2.7325E-09 2.7318E-09
1.1103E-09 1.1332E-09 1.1555E-09 1.1783E-09 1.2011E-09 1.2232E-09 1.2453E-09 1.2672E-09 1.2889E-09 1.3105E-09 1.3318E-09 1.3539E-09 1.3748E-09 1.3966E-09 1.4183E-09 1.4386E-09 1.4599E-09 1.4797E-09 1.5006E-09 1.5198E-09 1.5403E-09 1.5602E-09 1.5809E-09 1.6071E-09 1.6312E-09 1.6566E-09 1.6837E-09 1.7133E-09 1.7429E-09 1.7771E-09 1.8038E-09 1.8436E-09 1.8892E-09 1.9403E-09 1.9706E-09 2.0196E-09 2.0653E-09 2.0996E-09 2.1496E-09 2.1899E-09 2.2287E-09 2.2612E-09 2.2916E-09 2.3283E-09 2.3642E-09 2.3933E-09 2.4179E-09 2.4405E-09 2.4605E-09 2.4778E-09 2.4924E-09 2.5053E-09 2.5188E-09 2.5367E-09 2.5516E-09 2.5544E-09 2.5547E-09
1.0809E-09 1.1030E-09 1.1251E-09 1.1467E-09 1.1687E-09 1.1907E-09 1.2121E-09 1.2334E-09 1.2544E-09 1.2753E-09 1.2960E-09 1.3164E-09 1.3376E-09 1.3577E-09 1.3785E-09 1.3993E-09 1.4187E-09 1.4391E-09 1.4579E-09 1.4779E-09 1.4961E-09 1.5155E-09 1.5345E-09 1.5517E-09 1.5786E-09 1.5972E-09 1.6237E-09 1.6502E-09 1.6779E-09 1.7035E-09 1.7277E-09 1.7611E-09 1.7828E-09 1.8247E-09 1.8796E-09 1.9106E-09 1.9487E-09 1.9972E-09 2.0257E-09 2.0551E-09 2.0947E-09 2.1291E-09 2.1600E-09 2.1883E-09 2.2174E-09 2.2400E-09 2.2603E-09 2.2972E-09 2.3179E-09 2.3339E-09 2.3478E-09 2.3592E-09 2.3684E-09 2.3757E-09 2.3803E-09 2.3823E-09 2.3729E-09
1.0524E-09 1.0734E-09 1.0948E-09 1.1162E-09 1.1371E-09 1.1584E-09 1.1796E-09 1.2002E-09 1.2206E-09 1.2408E-09 1.2608E-09 1.2806E-09 1.3002E-09 1.3205E-09 1.3396E-09 1.3596E-09 1.3795E-09 1.3979E-09 1.4174E-09 1.4353E-09 1.4543E-09 1.4716E-09 1.4900E-09 1.5080E-09 1.5242E-09 1.5486E-09 1.5668E-09 1.5903E-09 1.6147E-09 1.6371E-09 1.6605E-09 1.6843E-09 1.7108E-09 1.7375E-09 1.7588E-09 1.8009E-09 1.8380E-09 1.8632E-09 1.9042E-09 1.9401E-09 1.9790E-09 2.0051E-09 2.0312E-09 2.0599E-09 2.0883E-09 2.1107E-09 2.1294E-09 2.1464E-09 2.1611E-09 2.1740E-09 2.1807E-09 2.1930E-09 2.2191E-09 2.2262E-09 2.2264E-09 2.2290E-09 2.2295E-09
1.0240E-09 1.0448E-09 1.0655E-09 1.0858E-09 1.1065E-09 1.1266E-09 1.1471E-09 1.1676E-09 1.1873E-09 1.2069E-09 1.2263E-09 1.2454E-09 1.2644E-09 1.2830E-09 1.3025E-09 1.3219E-09 1.3399E-09 1.3589E-09 1.3763E-09 1.3950E-09 1.4119E-09 1.4300E-09 1.4462E-09 1.4621E-09 1.4807E-09 1.4960E-09 1.5133E-09 1.5354E-09 1.5577E-09 1.5741E-09 1.5971E-09 1.6224E-09 1.6390E-09 1.6629E-09 1.6847E-09 1.7081E-09 1.7321E-09 1.7719E-09 1.8012E-09 1.8228E-09 1.8468E-09 1.8915E-09 1.9101E-09 1.9379E-09 1.9601E-09 1.9767E-09 1.9998E-09 2.0227E-09 2.0384E-09 2.0504E-09 2.0609E-09 2.0696E-09 2.0761E-09 2.0812E-09 2.0849E-09 2.0867E-09 2.0868E-09
9.9625E-10 1.0163E-09 1.0364E-09 1.0564E-09 1.0760E-09 1.0959E-09 1.1153E-09 1.1351E-09 1.1542E-09 1.1736E-09 1.1924E-09 1.2109E-09 1.2292E-09 1.2472E-09 1.2650E-09 1.2837E-09 1.3022E-09 1.3193E-09 1.3374E-09 1.3540E-09 1.3717E-09 1.3877E-09 1.4033E-09 1.4201E-09 1.4350E-09 1.4527E-09 1.4670E-09 1.4827E-09 1.4981E-09 1.5185E-09 1.5391E-09 1.5585E-09 1.5773E-09 1.5988E-09 1.6135E-09 1.6352E-09 1.6537E-09 1.6752E-09 1.7084E-09 1.7373E-09 1.7602E-09 1.7793E-09 1.7992E-09 1.8261E-09 1.8485E-09 1.8652E-09 1.8848E-09 1.9020E-09 1.9127E-09 1.9218E-09 1.9344E-09 1.9613E-09 1.9675E-09 1.9720E-09 1.9754E-09 1.9772E-09 1.9771E-09
9.6936E-10 9.8880E-10 1.0078E-09 1.0272E-09 1.0466E-09 1.0654E-09 1.0846E-09 1.1032E-09 1.1221E-09 1.1404E-09 1.1591E-09 1.1770E-09 1.1947E-09 1.2121E-09 1.2293E-09 1.2462E-09 1.2640E-09 1.2804E-09 1.2979E-09 1.3152E-09 1.3309E-09 1.3462E-09 1.3627E-09 1.3774E-09 1.3933E-09 1.4073E-09 1.4226E-09 1.4375E-09 1.4504E-09 1.4649E-09 1.4823E-09 1.4998E-09 1.5171E-09 1.5345E-09 1.5515E-09 1.5707E-09 1.5864E-09 1.6040E-09 1.6191E-09 1.6381E-09 1.6557E-09 1.6941E-09 1.7071E-09 1.7297E-09 1.7472E-09 1.7630E-09 1.7818E-09 1.8001E-09 1.8116E-09 1.8203E-09 1.8336E-09 1.8396E-09 1.8437E-09 1.8466E-09 1.8488E-09 1.8499E-09 1.8520E-09
9.4265E-10 9.6144E-10 9.8022E-10 9.9857E-10 1.0173E-09 1.0359E-09 1.0539E-09 1.0724E-09 1.0902E-09 1.1084E-09 1.1258E-09 1.1437E-09 1.1608E-09 1.1776E-09 1.1942E-09 1.2106E-09 1.2266E-09 1.2436E-09 1.2592E-09 1.2758E-09 1.2908E-09 1.3071E-09 1.3215E-09 1.3371E-09 1.3509E-09 1.3644E-09 1.3790E-09 1.3917E-09 1.4058E-09 1.4194E-09 1.4328E-09 1.4445E-09 1.4602E-09 1.4805E-09 1.4920E-09 1.5075E-09 1.5221E-09 1.5346E-09 1.5530E-09 1.5691E-09 1.5820E-09 1.5988E-09 1.6131E-09 1.6350E-09 1.6533E-09 1.6705E-09 1.6861E-09 1.6950E-09 1.7109E-09 1.7173E-09 1.7397E-09 1.7471E-09 1.7511E-09 1.7539E-09 1.7596E-09 1.7605E-09 1.7600E-09
9.1677E-10 9.3460E-10 9.5274E-10 9.7085E-10 9.8847E-10 1.0064E-09 1.0243E-09 1.0417E-09 1.0593E-09 1.0764E-09 1.0938E-09 1.1105E-09 1.1275E-09 1.1438E-09 1.1598E-09 1.1756E-09 1.1911E-09 1.2063E-09 1.2225E-09 1.2372E-09 1.2530E-09 1.2672E-09 1.2826E-09 1.2962E-09 1.3109E-09 1.3238E-09 1.3364E-09 1.3501E-09 1.3619E-09 1.3752E-09 1.3863E-09 1.4004E-09 1.4108E-09 1.4210E-09 1.4339E-09 1.4537E-09 1.4641E-09 1.4780E-09 1.4896E-09 1.5020E-09 1.5120E-09 1.5257E-09 1.5380E-09 1.5558E-09 1.5687E-09 1.5802E-09 1.6034E-09 1.6124E-09 1.6192E-09 1.6307E-09 1.6356E-09 1.6391E-09 1.6456E-09 1.6471E-09 1.6478E-09 1.6506E-09 1.6584E-09
8.9138E-10 9.0862E-10 9.2577E-10 9.4322E-10 9.6064E-10 9.7757E-10 9.9483E-10 1.0120E-09 1.0286E-09 1.0455E-09 1.0618E-09 1.0784E-09 1.0943E-09 1.1100E-09 1.1260E-09 1.1412E-09 1.1562E-09 1.1708E-09 1.1852E-09 1.2007E-09 1.2146E-09 1.2296E-09 1.2430E-09 1.2575E-09 1.2702E-09 1.2826E-09 1.2962E-09 1.3079E-09 1.3193E-09 1.3318E-09 1.3441E-09 1.3545E-09 1.3643E-09 1.3772E-09 1.3864E-09 1.3951E-09 1.4062E-09 1.4200E-09 1.4333E-09 1.4460E-09 1.4557E-09 1.4655E-09 1.4727E-09 1.4798E-09 1.4900E-09 1.5052E-09 1.5153E-09 1.5254E-09 1.5342E-09 1.5462E-09 1.5602E-09 1.5635E-09 1.5659E-09 1.5713E-09 1.5718E-09 1.5733E-09 1.5723E-09
8.6645E-10 8.8308E-10 8.9964E-10 9.1651E-10 9.3292E-10 9.4965E-10 9.6585E-10 9.8241E-10 9.9887E-10 1.0147E-09 1.0309E-09 1.0464E-09 1.0617E-09 1.0774E-09 1.0923E-09 1.1075E-09 1.1219E-09 1.1361E-09 1.1500E-09 1.1636E-09 1.1782E-09 1.1913E-09 1.2056E-09 1.2181E-09 1.2304E-09 1.2438E-09 1.2554E-09 1.2681E-09 1.2790E-09 1.2896E-09 1.2998E-09 1.3111E-09 1.3223E-09 1.3315E-09 1.3419E-09 1.3518E-09 1.3598E-09 1.3673E-09 1.3762E-09 1.3838E-09 1.3925E-09 1.4067E-09 1.4192E-09 1.4275E-09 1.4333E-09 1.4382E-09 1.4459E-09 1.4521E-09 1.4562E-09 1.4650E-09 1.4677E-09 1.4695E-09 1.4788E-09 1.4793E-09 1.4976E-09 1.4972E-09 1.4964E-09
8.4195E-10 8.5801E-10 8.7401E-10 8.8990E-10 9.0610E-10 9.2182E-10 9.3788E-10 9.5337E-10 9.6923E-10 9.8498E-10 1.0001E-09 1.0150E-09 1.0303E-09 1.0448E-09 1.0598E-09 1.0739E-09 1.0877E-09 1.1020E-09 1.1154E-09 1.1285E-09 1.1413E-09 1.1553E-09 1.1676E-09 1.1796E-09 1.1928E-09 1.2043E-09 1.2169E-09 1.2277E-09 1.2382E-09 1.2498E-09 1.2596E-09 1.2691E-09 1.2781E-09 1.2900E-09 1.2984E-09 1.3064E-09 1.3157E-09 1.3244E-09 1.3312E-09 1.3375E-09 1.3452E-09 1.3506E-09 1.3559E-09 1.3611E-09 1.3717E-09 1.3827E-09 1.3909E-09 1.3945E-09 1.3974E-09 1.4029E-09 1.4069E-09 1.4082E-09 1.4126E-09 1.4131E-09 1.4146E-09 1.4134E-09 1.4117E-09
8.1791E-10 8.3340E-10 8.4882E-10 8.6415E-10 8.7940E-10 8.9494E-10 9.0998E-10 9.2535E-10 9.4016E-10 9.5532E-10 9.6983E-10 9.8474E-10 9.9893E-10 1.0135E-09 1.0273E-09 1.0415E-09 1.0549E-09 1.0680E-09 1.0815E-09 1.0941E-09 1.1065E-09 1.1186E-09 1.1304E-09 1.1434E-09 1.1547E-09 1.1671E-09 1.1778E-09 1.1882E-09 1.1998E-09 1.2095E-09 1.2189E-09 1.2295E-09 1.2382E-09 1.2465E-09 1.2544E-09 1.2653E-09 1.2725E-09 1.2794E-09 1.2875E-09 1.2936E-09 1.3007E-09 1.3059E-09 1.3124E-09 1.3167E-09 1.3205E-09 1.3239E-09 1.3268E-09 1.3312E-09 1.3349E-09 1.3427E-09 1.3440E-09 1.3447E-09 1.3524E-09 1.3520E-09 1.3534E-09 1.3521E-09 1.3503E-09
7.9429E-10 8.0922E-10 8.2409E-10 8.3888E-10 8.5356E-10 8.6814E-10 8.8304E-10 8.9742E-10 9.1212E-10 9.2623E-10 9.4072E-10 9.5454E-10 9.6874E-10 9.8221E-10 9.9607E-10 1.0092E-09 1.0220E-09 1.0353E-09 1.0477E-09 1.0598E-09 1.0724E-09 1.0840E-09 1.0954E-09 1.1065E-09 1.1188E-09 1.1294E-09 1.1411E-09 1.1511E-09 1.1608E-09 1.1716E-09 1.1807E-09 1.1894E-09 1.1977E-09 1.2072E-09 1.2148E-09 1.2221E-09 1.2306E-09 1.2387E-09 1.2448E-09 1.2506E-09 1.2576E-09 1.2626E-09 1.2671E-09 1.2727E-09 1.2763E-09 1.2812E-09 1.2840E-09 1.2862E-09 1.2880E-09 1.2893E-09 1.2922E-09 1.2926E-09 1.2925E-09 1.2937E-09 1.2926E-09 1.2959E-09 1.2940E-09
7.7109E-10 7.8549E-10 7.9981E-10 8.1405E-10 8.2821E-10 8.4227E-10 8.5619E-10 8.7044E-10 8.8415E-10 8.9821E-10 9.1165E-10 9.2546E-10 9.3860E-10 9.5213E-10 9.6491E-10 9.7749E-10 9.9045E-10 1.0026E-09 1.0151E-09 1.0269E-09 1.0384E-09 1.0496E-09 1.0612E-09 1.0719E-09 1.0823E-09 1.0939E-09 1.1038E-09 1.1134E-09 1.1241E-09 1.1331E-09 1.1418E-09 1.1516E-09 1.1597E-09 1.1674E-09 1.1747E-09 1.1831E-09 1.1897E-09 1.1960E-09 1.2035E-09 1.2090E-09 1.2155E-09 1.2202E-09 1.2262E-09 1.2301E-09 1.2335E-09 1.2365E-09 1.2391E-09 1.2427E-09 1.2461E-09 1.2473E-09 1.2481E-09 1.2484E-09 1.2482E-09 1.2496E-09 1.2485E-09 1.2469E-09 1.2449E-09
7.4832E-10 7.6218E-10 7.7598E-10 7.8970E-10 8.0333E-10 8.1685E-10 8.3027E-10 8.4357E-10 8.5720E-10 8.7025E-10 8.8366E-10 8.9645E-10 9.0962E-10 9.2209E-10 9.3493E-10 9.4705E-10 9.5897E-10 9.7126E-10 9.8277E-10 9.9406E-10 1.0057E-09 1.0165E-09 1.0271E-09 1.0380E-09 1.0481E-09 1.0579E-09 1.0673E-09 1.0780E-09 1.0870E-09 1.0956E-09 1.1054E-09 1.1134E-09 1.1211E-09 1.1300E-09 1.1370E-09 1.1437E-09 1.1500E-09 1.1575E-09 1.1631E-09 1.1683E-09 1.1748E-09 1.1792E-09 1.1833E-09 1.1884E-09 1.1917E-09 1.1962E-09 1.1987E-09 1.2007E-09 1.2022E-09 1.2033E-09 1.2040E-09 1.2042E-09 1.2057E-09 1.2066E-09 1.2055E-09 1.2039E-09 1.2019E-09
7.2552E-10 7.3931E-10 7.5259E-10 7.6579E-10 7.7891E-10 7.9193E-10 8.0485E-10 8.1764E-10 8.3031E-10 8.4333E-10 8.5576E-10 8.6854E-10 8.8069E-10 8.9322E-10 9.0505E-10 9.1670E-10 9.2873E-10 9.4002E-10 9.5109E-10 9.6255E-10 9.7321E-10 9.8364E-10 9.9441E-10 1.0044E-09 1.0141E-09 1.0241E-09 1.0332E-09 1.0421E-09 1.0521E-09 1.0604E-09 1.0684E-09 1.0776E-09 1.0850E-09 1.0921E-09 1.0989E-09 1.1067E-09 1.1128E-09 1.1186E-09 1.1239E-09 1.1289E-09 1.1349E-09 1.1392E-09 1.1447E-09 1.1482E-09 1.1513E-09 1.1539E-09 1.1562E-09 1.1595E-09 1.1627E-09 1.1638E-09 1.1644E-09 1.1646E-09 1.1643E-09 1.1637E-09 1.1625E-09 1.1610E-09 1.1590E-09
7.0361E-10 7.1643E-10 7.2963E-10 7.4234E-10 7.5497E-10 7.6750E-10 7.7992E-10 7.9223E-10 8.0443E-10 8.1649E-10 8.2890E-10 8.4071E-10 8.5291E-10 8.6444E-10 8.7581E-10 8.8757E-10 8.9862E-10 9.1003E-10 9.2072E-10 9.3119E-10 9.4202E-10 9.5208E-10 9.6190E-10 9.7148E-10 9.8141E-10 9.9049E-10 9.9931E-10 1.0078E-09 1.0167E-09 1.0247E-09 1.0338E-09 1.0412E-09 1.0484E-09 1.0566E-09 1.0631E-09 1.0693E-09 1.0751E-09 1.0820E-09 1.0872E-09 1.0920E-09 1.0964E-09 1.1004E-09 1.1041E-09 1.1088E-09 1.1117E-09 1.1160E-09 1.1181E-09 1.1199E-09 1.1212E-09 1.1222E-09 1.1227E-09 1.1228E-09 1.1258E-09 1.1251E-09 1.1240E-09 1.1225E-09 1.1206E-09
6.8167E-10 6.9442E-10 7.0670E-10 7.1935E-10 7.3148E-10 7.4353E-10 7.5549E-10 7.6734E-10 7.7906E-10 7.9066E-10 8.0214E-10 8.1348E-10 8.2520E-10 8.3628E-10 8.4777E-10 8.5856E-10 8.6974E-10 8.8021E-10 8.9048E-10 9.0113E-10 9.1102E-10 9.2070E-10 9.3073E-10 9.3998E-10 9.4897E-10 9.5772E-10 9.6681E-10 9.7505E-10 9.8302E-10 9.9071E-10 9.9870E-10 1.0072E-09 1.0141E-09 1.0206E-09 1.0269E-09 1.0342E-09 1.0398E-09 1.0451E-09 1.0500E-09 1.0546E-09 1.0603E-09 1.0642E-09 1.0677E-09 1.0708E-09 1.0736E-09 1.0760E-09 1.0794E-09 1.0811E-09 1.0840E-09 1.0849E-09 1.0854E-09 1.0856E-09 1.0853E-09 1.0846E-09 1.0835E-09 1.0820E-09 1.0818E-09
6.6059E-10 6.7244E-10 6.8465E-10 6.9638E-10 7.0847E-10 7.2006E-10 7.3155E-10 7.4293E-10 7.5422E-10 7.6538E-10 7.7643E-10 7.8734E-10 7.9813E-10 8.0932E-10 8.1985E-10 8.3078E-10 8.4101E-10 8.5107E-10 8.6152E-10 8.7124E-10 8.8132E-10 8.9065E-10 8.9977E-10 9.0866E-10 9.1791E-10 9.2635E-10 9.3455E-10 9.4249E-10 9.5075E-10 9.5817E-10 9.6531E-10 9.7216E-10 9.7871E-10 9.8696E-10 9.9297E-10 9.9867E-10 1.0040E-09 1.0105E-09 1.0152E-09 1.0197E-09 1.0237E-09 1.0274E-09 1.0308E-09 1.0352E-09 1.0379E-09 1.0402E-09 1.0421E-09 1.0437E-09 1.0449E-09 1.0457E-09 1.0461E-09 1.0493E-09 1.0490E-09 1.0483E-09 1.0473E-09 1.0459E-09 1.0441E-09
6.3953E-10 6.5130E-10 6.6262E-10 6.7432E-10 6.8552E-10 6.9663E-10 7.0810E-10 7.1906E-10 7.2991E-10 7.4065E-10 7.5128E-10 7.6181E-10 7.7220E-10 7.8246E-10 7.9312E-10 8.0312E-10 8.1350E-10 8.2320E-10 8.3273E-10 8.4263E-10 8.5181E-10 8.6079E-10 8.7012E-10 8.7871E-10 8.8707E-10 8.9520E-10 9.0367E-10 9.1133E-10 9.1874E-10 9.2589E-10 9.3334E-10 9.3995E-10 9.4627E-10 9.5230E-10 9.5803E-10 9.6485E-10 9.7061E-10 9.7548E-10 9.8001E-10 9.8422E-10 9.8954E-10 9.9312E-10 9.9635E-10 9.9924E-10 1.0018E-09 1.0040E-09 1.0072E-09 1.0087E-09 1.0099E-09 1.0106E-09 1.0110E-09 1.0111E-09 1.0108E-09 1.0101E-09 1.0090E-09 1.0093E-09 1.0075E-09
6.1928E-10 6.3019E-10 6.4149E-10 6.5229E-10 6.6303E-10 6.7414E-10 6.8475E-10 6.9570E-10 7.0614E-10 7.1649E-10 7.2673E-10 7.3687E-10 7.4688E-10 7.5677E-10 7.6652E-10 7.7667E-10 7.8615E-10 7.9548E-10 8.0520E-10 8.1421E-10 8.2303E-10 8.3224E-10 8.4070E-10 8.4896E-10 8.5757E-10 8.6542E-10 8.7303E-10 8.8041E-10 8.8811E-10 8.9501E-10 9.0164E-10 9.0800E-10 9.1466E-10 9.2047E-10 9.2600E-10 9.3124E-10 9.3617E-10 9.4218E-10 9.4655E-10 9.5118E-10 9.5491E-10 9.5832E-10 9.6281E-10 9.6560E-10 9.6805E-10 9.7016E-10 9.7192E-10 9.7334E-10 9.7440E-10 9.7512E-10 9.7694E-10 9.7698E-10 9.7668E-10 9.7602E-10 9.7502E-10 9.7367E-10 9.7197E-10
5.9907E-10 6.0994E-10 6.2036E-10 6.3073E-10 6.4148E-10 6.5173E-10 6.6235E-10 6.7246E-10 6.8250E-10 6.9289E-10 7.0276E-10 7.1253E-10 7.2218E-10 7.3170E-10 7.4110E-10 7.5037E-10 7.5949E-10 7.6900E-10 7.7783E-10 7.8704E-10 7.9555E-10 8.0389E-10 8.1258E-10 8.2055E-10 8.2831E-10 8.3585E-10 8.4375E-10 8.5086E-10 8.5774E-10 8.6437E-10 8.7132E-10 8.7746E-10 8.8333E-10 8.8893E-10 8.9425E-10 8.9986E-10 9.0462E-10 9.0908E-10 9.1324E-10 9.1710E-10 9.2206E-10 9.2534E-10 9.2831E-10 9.3153E-10 9.3385E-10 9.3725E-10 9.3896E-10 9.4033E-10 9.4137E-10 9.4207E-10 9.4243E-10 9.4246E-10 9.4216E-10 9.4151E-10 9.4054E-10 9.3922E-10 9.3901E-10
