Assets/Resources/2015_m01_d15_1500(utc+0800)_l00_csi_1hr_conc.grd
DSAA
         159         159
     -79.000      79.000
     -79.000      79.000
  0.0000E+00  0.1390E-04
[rows 75 to 99 of 159, columns 0 to 56 of 159]
5.5307E-10 5.8995E-10 6.3462E-10 6.8286E-10 7.3521E-10 7.9273E-10 8.6229E-10 9.1774E-10 9.9690E-10 1.0563E-09 1.1274E-09 1.1937E-09 1.2611E-09 1.3415E-09 1.4231E-09 1.5218E-09 1.6203E-09 1.7485E-09 1.8796E-09 2.0399E-09 2.2038E-09 2.3957E-09 2.5949E-09 2.8362E-09 3.0874E-09 3.3860E-09 3.7013E-09 4.0687E-09 4.4575E-09 4.9011E-09 5.3894E-09 5.9374E-09 6.5426E-09 7.2132E-09 7.9508E-09 8.7536E-09 9.6393E-09 1.0596E-08 1.1638E-08 1.2769E-08 1.3990E-08 1.5306E-08 1.6718E-08 1.8224E-08 1.9840E-08 2.1547E-08 2.3379E-08 2.5312E-08 2.7352E-08 2.9530E-08 3.1808E-08 3.4225E-08 3.6772E-08 3.9420E-08 4.2167E-08 4.4994E-08 4.7849E-08
5.4290E-10 5.7639E-10 6.2341E-10 6.6452E-10 7.1967E-10 7.7219E-10 8.3516E-10 9.0012E-10 9.7178E-10 1.0404E-09 1.1104E-09 1.1758E-09 1.2421E-09 1.3215E-09 1.4011E-09 1.4990E-09 1.5957E-09 1.7223E-09 1.8506E-09 2.0019E-09 2.1626E-09 2.3517E-09 2.5551E-09 2.7927E-09 3.0410E-09 3.3350E-09 3.6466E-09 4.0082E-09 4.3926E-09 4.8306E-09 5.3131E-09 5.8539E-09 6.4511E-09 7.1139E-09 7.8435E-09 8.6376E-09 9.5145E-09 1.0465E-08 1.1494E-08 1.2616E-08 1.3824E-08 1.5129E-08 1.6525E-08 1.8016E-08 1.9608E-08 2.1297E-08 2.3090E-08 2.4989E-08 2.7000E-08 2.9095E-08 3.1309E-08 3.3640E-08 3.6049E-08 3.8571E-08 4.1158E-08 4.3792E-08 4.6423E-08
5.2932E-10 5.6666E-10 6.0939E-10 6.5356E-10 7.0524E-10 7.5655E-10 8.1915E-10 8.7960E-10 9.5086E-10 1.0204E-09 1.0824E-09 1.1550E-09 1.2222E-09 1.3005E-09 1.3778E-09 1.4748E-09 1.5694E-09 1.6943E-09 1.8195E-09 1.9688E-09 2.1260E-09 2.3120E-09 2.5109E-09 2.7443E-09 2.9884E-09 3.2768E-09 3.5836E-09 3.9380E-09 4.3168E-09 4.7466E-09 5.2219E-09 5.7530E-09 6.3391E-09 6.9906E-09 7.7079E-09 8.4895E-09 9.3532E-09 1.0288E-08 1.1303E-08 1.2407E-08 1.3595E-08 1.4881E-08 1.6249E-08 1.7718E-08 1.9280E-08 2.0937E-08 2.2689E-08 2.4534E-08 2.6486E-08 2.8531E-08 3.0658E-08 3.2877E-08 3.5177E-08 3.7538E-08 3.9979E-08 4.2445E-08 4.4884E-08
5.1381E-10 5.5682E-10 5.9521E-10 6.4127E-10 6.9043E-10 7.4231E-10 8.0283E-10 8.6448E-10 9.3090E-10 1.0031E-09 1.0630E-09 1.1355E-09 1.2003E-09 1.2785E-09 1.3534E-09 1.4491E-09 1.5415E-09 1.6647E-09 1.7858E-09 1.9333E-09 2.0863E-09 2.2685E-09 2.4626E-09 2.6915E-09 2.9304E-09 3.2126E-09 3.5128E-09 3.8587E-09 4.2300E-09 4.6501E-09 5.1162E-09 5.6345E-09 6.2085E-09 6.8446E-09 7.5458E-09 8.3105E-09 9.1550E-09 1.0071E-08 1.1064E-08 1.2143E-08 1.3309E-08 1.4562E-08 1.5900E-08 1.7332E-08 1.8854E-08 2.0467E-08 2.2169E-08 2.3959E-08 2.5838E-08 2.7808E-08 2.9843E-08 3.1963E-08 3.4148E-08 3.6382E-08 3.8641E-08 4.0930E-08 4.3192E-08
4.9862E-10 5.3803E-10 5.7725E-10 6.2992E-10 6.7289E-10 7.2886E-10 7.8546E-10 8.4770E-10 9.1287E-10 9.8394E-10 1.0411E-09 1.1152E-09 1.1792E-09 1.2555E-09 1.3268E-09 1.4220E-09 1.5123E-09 1.6264E-09 1.7433E-09 1.8884E-09 2.0365E-09 2.2219E-09 2.4106E-09 2.6337E-09 2.8666E-09 3.1418E-09 3.4350E-09 3.7709E-09 4.1334E-09 4.5417E-09 4.9961E-09 5.4997E-09 6.0591E-09 6.6769E-09 7.3600E-09 8.1017E-09 8.9238E-09 9.8151E-09 1.0781E-08 1.1829E-08 1.2963E-08 1.4177E-08 1.5478E-08 1.6864E-08 1.8341E-08 1.9896E-08 2.1539E-08 2.3266E-08 2.5064E-08 2.6945E-08 2.8887E-08 3.0892E-08 3.2955E-08 3.5053E-08 3.7168E-08 3.9290E-08 4.1369E-08
4.8623E-10 5.2575E-10 5.5981E-10 6.0737E-10 6.5039E-10 7.1342E-10 7.6000E-10 8.3179E-10 8.9204E-10 9.6552E-10 1.0220E-09 1.0928E-09 1.1574E-09 1.2314E-09 1.3016E-09 1.3929E-09 1.4809E-09 1.5891E-09 1.7063E-09 1.8482E-09 1.9913E-09 2.1654E-09 2.3477E-09 2.5716E-09 2.7975E-09 3.0650E-09 3.3497E-09 3.6750E-09 4.0272E-09 4.4219E-09 4.8633E-09 5.3495E-09 5.8920E-09 6.4888E-09 7.1512E-09 7.8671E-09 8.6643E-09 9.5226E-09 1.0457E-08 1.1470E-08 1.2563E-08 1.3736E-08 1.4989E-08 1.6323E-08 1.7741E-08 1.9235E-08 2.0809E-08 2.2457E-08 2.4174E-08 2.5959E-08 2.7799E-08 2.9689E-08 3.1606E-08 3.3567E-08 3.5539E-08 3.7495E-08 3.9390E-08
4.7624E-10 5.1606E-10 5.4767E-10 5.9347E-10 6.3561E-10 6.8789E-10 7.4000E-10 8.0303E-10 8.6573E-10 9.4354E-10 1.0003E-09 1.0711E-09 1.1349E-09 1.2056E-09 1.2759E-09 1.3626E-09 1.4503E-09 1.5542E-09 1.6693E-09 1.8050E-09 1.9446E-09 2.1130E-09 2.2881E-09 2.5060E-09 2.7234E-09 2.9827E-09 3.2581E-09 3.5720E-09 3.9118E-09 4.2929E-09 4.7183E-09 5.1860E-09 5.7091E-09 6.2827E-09 6.9211E-09 7.6093E-09 8.3762E-09 9.1997E-09 1.0097E-08 1.1068E-08 1.2117E-08 1.3242E-08 1.4440E-08 1.5720E-08 1.7069E-08 1.8492E-08 1.9992E-08 2.1553E-08 2.3180E-08 2.4861E-08 2.6592E-08 2.8360E-08 3.0153E-08 3.1966E-08 3.3774E-08 3.5550E-08 3.7261E-08
4.6667E-10 4.9712E-10 5.3564E-10 5.7940E-10 6.1936E-10 6.7447E-10 7.2094E-10 7.8448E-10 8.4404E-10 9.1201E-10 9.7981E-10 1.0375E-09 1.1095E-09 1.1804E-09 1.2494E-09 1.3313E-09 1.4186E-09 1.5179E-09 1.6240E-09 1.7525E-09 1.8892E-09 2.0506E-09 2.2268E-09 2.4361E-09 2.6450E-09 2.8955E-09 3.1598E-09 3.4627E-09 3.7880E-09 4.1551E-09 4.5624E-09 5.0111E-09 5.5127E-09 6.0615E-09 6.6724E-09 7.3305E-09 8.0645E-09 8.8506E-09 9.7078E-09 1.0633E-08 1.1633E-08 1.2702E-08 1.3842E-08 1.5056E-08 1.6338E-08 1.7685E-08 1.9096E-08 2.0571E-08 2.2095E-08 2.3669E-08 2.5285E-08 2.6923E-08 2.8585E-08 3.0250E-08 3.1904E-08 3.3511E-08 3.5047E-08
4.5609E-10 4.8166E-10 5.1534E-10 5.5670E-10 6.0402E-10 6.5107E-10 7.0438E-10 7.6583E-10 8.2210E-10 8.9318E-10 9.5878E-10 1.0154E-09 1.0854E-09 1.1537E-09 1.2218E-09 1.2989E-09 1.3852E-09 1.4806E-09 1.5804E-09 1.7059E-09 1.8400E-09 1.9924E-09 2.1567E-09 2.3557E-09 2.5638E-09 2.8036E-09 3.0572E-09 3.3475E-09 3.6572E-09 4.0099E-09 4.3977E-09 4.8276E-09 5.3035E-09 5.8284E-09 6.4089E-09 7.0355E-09 7.7340E-09 8.4789E-09 9.2945E-09 1.0167E-08 1.1117E-08 1.2126E-08 1.3205E-08 1.4349E-08 1.5553E-08 1.6821E-08 1.8145E-08 1.9521E-08 2.0945E-08 2.2408E-08 2.3899E-08 2.5413E-08 2.6933E-08 2.8444E-08 2.9932E-08 3.1378E-08 3.2741E-08
4.4715E-10 4.6648E-10 5.0396E-10 5.4041E-10 5.8248E-10 6.2989E-10 6.7728E-10 7.3571E-10 8.0015E-10 8.6665E-10 9.3493E-10 9.9316E-10 1.0595E-09 1.1280E-09 1.1935E-09 1.2681E-09 1.3496E-09 1.4420E-09 1.5393E-09 1.6524E-09 1.7811E-09 1.9335E-09 2.0931E-09 2.2789E-09 2.4808E-09 2.7065E-09 2.9501E-09 3.2274E-09 3.5220E-09 3.8581E-09 4.2268E-09 4.6345E-09 5.0858E-09 5.5865E-09 6.1313E-09 6.7284E-09 7.3844E-09 8.0914E-09 8.8582E-09 9.6835E-09 1.0577E-08 1.1523E-08 1.2536E-08 1.3605E-08 1.4736E-08 1.5915E-08 1.7150E-08 1.8428E-08 1.9741E-08 2.1092E-08 2.2460E-08 2.3841E-08 2.5218E-08 2.6583E-08 2.7914E-08 2.9191E-08 3.0392E-08
4.2833E-10 4.5430E-10 4.8935E-10 5.2300E-10 5.6925E-10 6.1042E-10 6.6161E-10 7.1436E-10 7.7265E-10 8.3775E-10 9.0028E-10 9.6721E-10 1.0331E-09 1.0997E-09 1.1637E-09 1.2372E-09 1.3131E-09 1.4039E-09 1.4962E-09 1.6063E-09 1.7260E-09 1.8671E-09 2.0180E-09 2.2020E-09 2.3881E-09 2.6061E-09 2.8412E-09 3.1020E-09 3.3828E-09 3.7006E-09 4.0510E-09 4.4352E-09 4.8639E-09 5.3334E-09 5.8487E-09 6.4096E-09 7.0250E-09 7.6931E-09 8.4063E-09 9.1851E-09 1.0013E-08 1.0903E-08 1.1845E-08 1.2839E-08 1.3893E-08 1.4984E-08 1.6123E-08 1.7302E-08 1.8514E-08 1.9743E-08 2.0988E-08 2.2235E-08 2.3473E-08 2.4688E-08 2.5870E-08 2.6989E-08 2.8029E-08
4.1316E-10 4.4377E-10 4.7063E-10 5.0084E-10 5.4902E-10 5.8110E-10 6.4500E-10 6.8846E-10 7.5236E-10 8.1002E-10 8.7933E-10 9.4188E-10 9.9774E-10 1.0725E-09 1.1336E-09 1.2056E-09 1.2771E-09 1.3642E-09 1.4529E-09 1.5546E-09 1.6642E-09 1.8000E-09 1.9486E-09 2.1187E-09 2.2972E-09 2.5065E-09 2.7280E-09 2.9755E-09 3.2418E-09 3.5391E-09 3.8724E-09 4.2350E-09 4.6346E-09 5.0761E-09 5.5622E-09 6.0810E-09 6.6633E-09 7.2817E-09 7.9495E-09 8.6743E-09 9.4423E-09 1.0271E-08 1.1141E-08 1.2066E-08 1.3029E-08 1.4040E-08 1.5087E-08 1.6162E-08 1.7268E-08 1.8381E-08 1.9506E-08 2.0623E-08 2.1728E-08 2.2799E-08 2.3831E-08 2.4805E-08 2.5694E-08
4.0308E-10 4.3140E-10 4.5467E-10 4.8904E-10 5.2963E-10 5.6671E-10 6.1869E-10 6.6074E-10 7.2760E-10 7.8412E-10 8.5540E-10 9.1588E-10 9.7306E-10 1.0444E-09 1.1045E-09 1.1732E-09 1.2402E-09 1.3230E-09 1.4075E-09 1.5060E-09 1.6101E-09 1.7364E-09 1.8721E-09 2.0328E-09 2.2072E-09 2.3987E-09 2.6097E-09 2.8489E-09 3.0968E-09 3.3776E-09 3.6907E-09 4.0308E-09 4.4035E-09 4.8182E-09 5.2694E-09 5.7555E-09 6.2944E-09 6.8672E-09 7.4925E-09 8.1563E-09 8.8744E-09 9.6320E-09 1.0436E-08 1.1284E-08 1.2168E-08 1.3092E-08 1.4045E-08 1.5028E-08 1.6022E-08 1.7025E-08 1.8033E-08 1.9030E-08 2.0003E-08 2.0947E-08 2.1843E-08 2.2677E-08 2.3433E-08
3.9285E-10 4.1699E-10 4.4194E-10 4.7487E-10 5.0157E-10 5.5190E-10 5.9408E-10 6.4504E-10 6.9892E-10 7.5376E-10 8.2249E-10 8.8043E-10 9.4598E-10 1.0136E-09 1.0735E-09 1.1397E-09 1.2050E-09 1.2826E-09 1.3627E-09 1.4567E-09 1.5516E-09 1.6669E-09 1.7954E-09 1.9529E-09 2.1115E-09 2.2941E-09 2.4949E-09 2.7200E-09 2.9512E-09 3.2161E-09 3.5063E-09 3.8269E-09 4.1760E-09 4.5563E-09 4.9775E-09 5.4301E-09 5.9236E-09 6.4597E-09 7.0309E-09 7.6455E-09 8.3031E-09 8.9966E-09 9.7370E-09 1.0509E-08 1.1315E-08 1.2154E-08 1.3019E-08 1.3902E-08 1.4797E-08 1.5698E-08 1.6587E-08 1.7469E-08 1.8327E-08 1.9146E-08 1.9923E-08 2.0633E-08 2.1268E-08
3.8074E-10 3.9866E-10 4.2727E-10 4.5777E-10 4.8820E-10 5.3226E-10 5.6711E-10 6.2399E-10 6.7293E-10 7.2931E-10 7.8722E-10 8.5434E-10 9.1988E-10 9.7523E-10 1.0430E-09 1.1061E-09 1.1696E-09 1.2411E-09 1.3171E-09 1.4072E-09 1.4967E-09 1.6056E-09 1.7243E-09 1.8667E-09 2.0147E-09 2.1927E-09 2.3729E-09 2.5860E-09 2.8095E-09 3.0540E-09 3.3245E-09 3.6249E-09 3.9463E-09 4.2990E-09 4.6901E-09 5.1045E-09 5.5639E-09 6.0507E-09 6.5763E-09 7.1429E-09 7.7381E-09 8.3761E-09 9.0473E-09 9.7483E-09 1.0481E-08 1.1235E-08 1.2017E-08 1.2805E-08 1.3603E-08 1.4403E-08 1.5195E-08 1.5968E-08 1.6719E-08 1.7430E-08 1.8089E-08 1.8694E-08 1.9227E-08
3.7138E-10 3.8695E-10 4.1268E-10 4.3937E-10 4.7155E-10 5.0289E-10 5.4882E-10 6.0247E-10 6.4314E-10 7.0660E-10 7.5397E-10 8.2999E-10 8.8678E-10 9.4578E-10 1.0106E-09 1.0737E-09 1.1341E-09 1.2013E-09 1.2723E-09 1.3555E-09 1.4416E-09 1.5413E-09 1.6479E-09 1.7810E-09 1.9262E-09 2.0796E-09 2.2566E-09 2.4592E-09 2.6653E-09 2.8923E-09 3.1455E-09 3.4190E-09 3.7219E-09 4.0487E-09 4.4022E-09 4.7887E-09 5.2076E-09 5.6521E-09 6.1326E-09 6.6454E-09 7.1929E-09 7.7692E-09 8.3748E-09 9.0121E-09 9.6686E-09 1.0351E-08 1.1044E-08 1.1750E-08 1.2459E-08 1.3161E-08 1.3863E-08 1.4543E-08 1.5195E-08 1.5809E-08 1.6374E-08 1.6884E-08 1.7336E-08
3.6274E-10 3.7646E-10 4.0019E-10 4.2617E-10 4.5482E-10 4.8241E-10 5.3064E-10 5.6353E-10 6.2000E-10 6.7747E-10 7.3003E-10 7.9829E-10 8.5141E-10 9.1739E-10 9.7868E-10 1.0390E-09 1.0960E-09 1.1618E-09 1.2286E-09 1.3050E-09 1.3883E-09 1.4806E-09 1.5804E-09 1.7046E-09 1.8263E-09 1.9813E-09 2.1396E-09 2.3225E-09 2.5224E-09 2.7378E-09 2.9654E-09 3.2228E-09 3.5023E-09 3.8007E-09 4.1263E-09 4.4756E-09 4.8605E-09 5.2689E-09 5.7007E-09 6.1647E-09 6.6617E-09 7.1817E-09 7.7268E-09 8.3010E-09 8.8924E-09 9.4992E-09 1.0116E-08 1.0742E-08 1.1371E-08 1.1994E-08 1.2601E-08 1.3197E-08 1.3764E-08 1.4296E-08 1.4781E-08 1.5218E-08 1.5597E-08
3.5333E-10 3.6605E-10 3.8020E-10 4.1103E-10 4.3815E-10 4.7102E-10 5.0268E-10 5.4577E-10 5.9744E-10 6.3878E-10 7.0154E-10 7.5233E-10 8.2326E-10 8.8466E-10 9.3595E-10 1.0047E-09 1.0605E-09 1.1229E-09 1.1837E-09 1.2564E-09 1.3329E-09 1.4201E-09 1.5115E-09 1.6218E-09 1.7412E-09 1.8799E-09 2.0241E-09 2.2016E-09 2.3772E-09 2.5778E-09 2.7953E-09 3.0290E-09 3.2822E-09 3.5617E-09 3.8582E-09 4.1761E-09 4.5251E-09 4.8945E-09 5.2852E-09 5.7058E-09 6.1496E-09 6.6213E-09 7.1106E-09 7.6196E-09 8.1516E-09 8.6905E-09 9.2403E-09 9.7907E-09 1.0347E-08 1.0895E-08 1.1429E-08 1.1946E-08 1.2438E-08 1.2896E-08 1.3313E-08 1.3689E-08 1.4019E-08
3.4473E-10 3.5523E-10 3.6965E-10 3.9397E-10 4.1947E-10 4.5159E-10 4.8289E-10 5.2651E-10 5.6679E-10 6.1760E-10 6.7343E-10 7.2221E-10 7.9346E-10 8.4554E-10 9.0555E-10 9.6846E-10 1.0236E-09 1.0828E-09 1.1412E-09 1.2084E-09 1.2784E-09 1.3622E-09 1.4464E-09 1.5488E-09 1.6553E-09 1.7775E-09 1.9226E-09 2.0711E-09 2.2401E-09 2.4304E-09 2.6263E-09 2.8383E-09 3.0765E-09 3.3270E-09 3.6003E-09 3.8888E-09 4.2022E-09 4.5361E-09 4.8892E-09 5.2672E-09 5.6667E-09 6.0855E-09 6.5227E-09 6.9760E-09 7.4474E-09 7.9312E-09 8.4158E-09 8.9001E-09 9.3900E-09 9.8722E-09 1.0340E-08 1.0792E-08 1.1219E-08 1.1617E-08 1.1976E-08 1.2308E-08 1.2594E-08
3.3615E-10 3.4570E-10 3.6050E-10 3.7852E-10 4.0510E-10 4.3462E-10 4.6228E-10 4.9527E-10 5.3959E-10 5.9407E-10 6.3750E-10 6.9771E-10 7.5104E-10 8.1465E-10 8.7034E-10 9.2277E-10 9.8664E-10 1.0431E-09 1.0996E-09 1.1600E-09 1.2266E-09 1.3038E-09 1.3824E-09 1.4756E-09 1.5733E-09 1.6857E-09 1.8090E-09 1.9538E-09 2.1041E-09 2.2747E-09 2.4635E-09 2.6607E-09 2.8686E-09 3.1029E-09 3.3517E-09 3.6140E-09 3.8970E-09 4.1959E-09 4.5167E-09 4.8525E-09 5.2106E-09 5.5848E-09 5.9750E-09 6.3733E-09 6.7878E-09 7.2098E-09 7.6417E-09 8.0636E-09 8.4961E-09 8.9253E-09 9.3263E-09 9.7233E-09 1.0094E-08 1.0442E-08 1.0756E-08 1.1040E-08 1.1289E-08
3.2694E-10 3.3691E-10 3.4836E-10 3.6144E-10 3.8778E-10 4.1852E-10 4.4529E-10 4.7714E-10 5.2017E-10 5.5797E-10 6.0787E-10 6.6281E-10 7.1646E-10 7.8261E-10 8.3057E-10 8.8978E-10 9.4800E-10 1.0033E-09 1.0569E-09 1.1152E-09 1.1759E-09 1.2449E-09 1.3212E-09 1.4040E-09 1.4923E-09 1.5947E-09 1.7075E-09 1.8323E-09 1.9745E-09 2.1376E-09 2.3019E-09 2.4817E-09 2.6781E-09 2.8877E-09 3.1112E-09 3.3506E-09 3.6065E-09 3.8765E-09 4.1599E-09 4.4643E-09 4.7802E-09 5.1100E-09 5.4523E-09 5.8051E-09 6.1684E-09 6.5437E-09 6.9246E-09 7.2876E-09 7.6684E-09 8.0373E-09 8.3888E-09 8.7343E-09 9.0671E-09 9.3733E-09 9.6484E-09 9.8998E-09 1.0126E-08
3.1721E-10 3.2738E-10 3.3738E-10 3.5129E-10 3.7250E-10 3.9563E-10 4.2947E-10 4.5724E-10 4.9063E-10 5.3530E-10 5.8197E-10 6.3004E-10 6.8283E-10 7.3738E-10 7.9811E-10 8.5369E-10 9.0018E-10 9.6247E-10 1.0148E-09 1.0709E-09 1.1252E-09 1.1909E-09 1.2591E-09 1.3379E-09 1.4195E-09 1.5099E-09 1.6113E-09 1.7218E-09 1.8421E-09 1.9864E-09 2.1399E-09 2.2997E-09 2.4721E-09 2.6651E-09 2.8706E-09 3.0833E-09 3.3163E-09 3.5591E-09 3.8167E-09 4.0847E-09 4.3701E-09 4.6631E-09 4.9677E-09 5.2808E-09 5.5999E-09 5.9244E-09 6.2556E-09 6.5800E-09 6.9100E-09 7.2362E-09 7.5503E-09 7.8525E-09 8.1400E-09 8.4169E-09 8.6595E-09 8.8839E-09 9.0831E-09
3.0877E-10 3.1869E-10 3.2772E-10 3.4201E-10 3.5540E-10 3.8085E-10 4.1008E-10 4.3679E-10 4.6929E-10 5.0281E-10 5.4813E-10 6.0233E-10 6.4298E-10 7.0402E-10 7.6287E-10 8.0960E-10 8.6492E-10 9.1261E-10 9.7301E-10 1.0261E-09 1.0787E-09 1.1375E-09 1.2004E-09 1.2725E-09 1.3475E-09 1.4298E-09 1.5205E-09 1.6212E-09 1.7334E-09 1.8520E-09 1.9961E-09 2.1461E-09 2.3001E-09 2.4706E-09 2.6491E-09 2.8469E-09 3.0487E-09 3.2674E-09 3.4967E-09 3.7396E-09 3.9902E-09 4.2544E-09 4.5246E-09 4.8024E-09 5.0854E-09 5.3723E-09 5.6616E-09 5.9487E-09 6.2380E-09 6.5220E-09 6.7985E-09 7.0592E-09 7.3155E-09 7.5605E-09 7.7853E-09 7.9857E-09 8.1626E-09
2.9883E-10 3.0938E-10 3.1884E-10 3.2976E-10 3.4229E-10 3.6406E-10 3.8880E-10 4.2076E-10 4.5291E-10 4.8050E-10 5.2393E-10 5.5974E-10 6.1544E-10 6.6990E-10 7.1765E-10 7.7829E-10 8.1796E-10 8.7389E-10 9.3031E-10 9.8223E-10 1.0324E-09 1.0862E-09 1.1445E-09 1.2083E-09 1.2781E-09 1.3533E-09 1.4356E-09 1.5266E-09 1.6257E-09 1.7390E-09 1.8605E-09 1.9967E-09 2.1405E-09 2.2891E-09 2.4570E-09 2.6280E-09 2.8116E-09 3.0101E-09 3.2174E-09 3.4335E-09 3.6587E-09 3.8921E-09 4.1354E-09 4.3815E-09 4.6318E-09 4.8859E-09 5.1411E-09 5.3950E-09 5.6456E-09 5.8954E-09 6.1381E-09 6.3686E-09 6.5912E-09 6.8004E-09 6.9937E-09 7.1711E-09 7.3254E-09
2.9053E-10 2.9957E-10 3.0922E-10 3.1869E-10 3.3204E-10 3.4849E-10 3.7045E-10 4.0371E-10 4.2602E-10 4.6195E-10 4.9218E-10 5.3687E-10 5.8530E-10 6.2669E-10 6.8425E-10 7.3519E-10 7.8370E-10 8.3414E-10 8.7857E-10 9.3826E-10 9.8666E-10 1.0376E-09 1.0883E-09 1.1495E-09 1.2122E-09 1.2799E-09 1.3554E-09 1.4362E-09 1.5275E-09 1.6255E-09 1.7360E-09 1.8569E-09 1.9837E-09 2.1266E-09 2.2672E-09 2.4293E-09 2.5904E-09 2.7665E-09 2.9553E-09 3.1496E-09 3.3479E-09 3.5569E-09 3.7723E-09 3.9934E-09 4.2139E-09 4.4384E-09 4.6634E-09 4.8866E-09 5.1076E-09 5.3241E-09 5.5348E-09 5.7383E-09 5.9341E-09 6.1189E-09 6.2901E-09 6.4456E-09 6.5841E-09
