Assets/Resources/2015_m01_d08_0200(utc+0800)_l00_csi_1hr_conc.grd
DSAA
         159         159
     -79.000      79.000
     -79.000      79.000
  0.0000E+00  0.1101E-04
[rows 75 to 99 of 159, columns 0 to 56 of 159]
3.7317E-10 3.9768E-10 4.2195E-10 4.4955E-10 4.7708E-10 5.0814E-10 5.3931E-10 5.7423E-10 6.0946E-10 6.4866E-10 6.8839E-10 7.3232E-10 7.7702E-10 8.2426E-10 8.7627E-10 9.2921E-10 9.8710E-10 1.0462E-09 1.1113E-09 1.1773E-09 1.2496E-09 1.3229E-09 1.4032E-09 1.4874E-09 1.5731E-09 1.6659E-09 1.7627E-09 1.8653E-09 1.9719E-09 2.0811E-09 2.1950E-09 2.3169E-09 2.4412E-09 2.5704E-09 2.7048E-09 2.8487E-09 2.9941E-09 3.1449E-09 3.3009E-09 3.4621E-09 3.6347E-09 3.8076E-09 3.9858E-09 4.1693E-09 4.3580E-09 4.5517E-09 4.7504E-09 4.9540E-09 5.1622E-09 5.3749E-09 5.5919E-09 5.8251E-09 6.0527E-09 6.2845E-09 6.5201E-09 6.7594E-09 7.0021E-09
3.6510E-10 3.8905E-10 4.1277E-10 4.3973E-10 4.6662E-10 4.9696E-10 5.2741E-10 5.6152E-10 5.9593E-10 6.3421E-10 6.7302E-10 7.1406E-10 7.5956E-10 8.0569E-10 8.5647E-10 9.0815E-10 9.6468E-10 1.0224E-09 1.0859E-09 1.1503E-09 1.2210E-09 1.2925E-09 1.3709E-09 1.4532E-09 1.5368E-09 1.6275E-09 1.7220E-09 1.8223E-09 1.9264E-09 2.0330E-09 2.1443E-09 2.2634E-09 2.3848E-09 2.5111E-09 2.6424E-09 2.7831E-09 2.9253E-09 3.0726E-09 3.2251E-09 3.3828E-09 3.5518E-09 3.7209E-09 3.8953E-09 4.0748E-09 4.2595E-09 4.4492E-09 4.6438E-09 4.8433E-09 5.0473E-09 5.2558E-09 5.4685E-09 5.6977E-09 5.9211E-09 6.1487E-09 6.3801E-09 6.6153E-09 6.8540E-09
3.5698E-10 3.8035E-10 4.0351E-10 4.2983E-10 4.5609E-10 4.8569E-10 5.1541E-10 5.4690E-10 5.8227E-10 6.1782E-10 6.5749E-10 6.9753E-10 7.4192E-10 7.8691E-10 8.3644E-10 8.8685E-10 9.4001E-10 9.9827E-10 1.0576E-09 1.1230E-09 1.1919E-09 1.2617E-09 1.3381E-09 1.4184E-09 1.4999E-09 1.5884E-09 1.6807E-09 1.7785E-09 1.8801E-09 1.9841E-09 2.0927E-09 2.2090E-09 2.3274E-09 2.4506E-09 2.5788E-09 2.7162E-09 2.8550E-09 2.9988E-09 3.1477E-09 3.3017E-09 3.4669E-09 3.6322E-09 3.8026E-09 3.9781E-09 4.1586E-09 4.3442E-09 4.5345E-09 4.7296E-09 4.9293E-09 5.1334E-09 5.3417E-09 5.5664E-09 5.7854E-09 6.0086E-09 6.2356E-09 6.4664E-09 6.7007E-09
3.4881E-10 3.6992E-10 3.9420E-10 4.1816E-10 4.4548E-10 4.7262E-10 5.0333E-10 5.3403E-10 5.6851E-10 6.0317E-10 6.4183E-10 6.8086E-10 7.2412E-10 7.6796E-10 8.1623E-10 8.6534E-10 9.1713E-10 9.7390E-10 1.0316E-09 1.0954E-09 1.1626E-09 1.2305E-09 1.3050E-09 1.3803E-09 1.4626E-09 1.5489E-09 1.6388E-09 1.7341E-09 1.8332E-09 1.9345E-09 2.0403E-09 2.1537E-09 2.2691E-09 2.3892E-09 2.5141E-09 2.6482E-09 2.7835E-09 2.9237E-09 3.0690E-09 3.2192E-09 3.3804E-09 3.5417E-09 3.7080E-09 3.8793E-09 4.0556E-09 4.2368E-09 4.4228E-09 4.6134E-09 4.8085E-09 5.0081E-09 5.2118E-09 5.4318E-09 5.6462E-09 5.8646E-09 6.0870E-09 6.3131E-09 6.5428E-09
3.3405E-10 3.6120E-10 3.8486E-10 4.0821E-10 4.3482E-10 4.6127E-10 4.9119E-10 5.2109E-10 5.5468E-10 5.8843E-10 6.2607E-10 6.6408E-10 7.0620E-10 7.4888E-10 7.9587E-10 8.4368E-10 8.9409E-10 9.4933E-10 1.0055E-09 1.0676E-09 1.1330E-09 1.1991E-09 1.2716E-09 1.3449E-09 1.4250E-09 1.5059E-09 1.5965E-09 1.6893E-09 1.7833E-09 1.8844E-09 1.9873E-09 2.0978E-09 2.2101E-09 2.3270E-09 2.4486E-09 2.5792E-09 2.7110E-09 2.8476E-09 2.9890E-09 3.1354E-09 3.2926E-09 3.4498E-09 3.6119E-09 3.7789E-09 3.9508E-09 4.1275E-09 4.3089E-09 4.4949E-09 4.6854E-09 4.8802E-09 5.0791E-09 5.2942E-09 5.5037E-09 5.7173E-09 5.9347E-09 6.1560E-09 6.3807E-09
3.2290E-10 3.5245E-10 3.7549E-10 3.9823E-10 4.2413E-10 4.4989E-10 4.7900E-10 5.0811E-10 5.4078E-10 5.7363E-10 6.1025E-10 6.4723E-10 6.8819E-10 7.2971E-10 7.7354E-10 8.2190E-10 8.7091E-10 9.2463E-10 9.7927E-10 1.0396E-09 1.1004E-09 1.1674E-09 1.2379E-09 1.3091E-09 1.3870E-09 1.4657E-09 1.5538E-09 1.6407E-09 1.7355E-09 1.8337E-09 1.9338E-09 2.0413E-09 2.1505E-09 2.2642E-09 2.3824E-09 2.5095E-09 2.6377E-09 2.7705E-09 2.9081E-09 3.0505E-09 3.2036E-09 3.3566E-09 3.5144E-09 3.6770E-09 3.8444E-09 4.0165E-09 4.1933E-09 4.3745E-09 4.5601E-09 4.7500E-09 4.9440E-09 5.1540E-09 5.3584E-09 5.5669E-09 5.7793E-09 5.9953E-09 6.2150E-09
3.1196E-10 3.4370E-10 3.6611E-10 3.8824E-10 4.1343E-10 4.3849E-10 4.6679E-10 4.9510E-10 5.2686E-10 5.5880E-10 5.9257E-10 6.3033E-10 6.6830E-10 7.1048E-10 7.5307E-10 8.0005E-10 8.4766E-10 8.9984E-10 9.5291E-10 1.0115E-09 1.0706E-09 1.1357E-09 1.2041E-09 1.2732E-09 1.3489E-09 1.4252E-09 1.5109E-09 1.5953E-09 1.6873E-09 1.7828E-09 1.8800E-09 1.9843E-09 2.0904E-09 2.2008E-09 2.3157E-09 2.4392E-09 2.5637E-09 2.6928E-09 2.8265E-09 2.9648E-09 3.1138E-09 3.2624E-09 3.4159E-09 3.5740E-09 3.7368E-09 3.9042E-09 4.0761E-09 4.2525E-09 4.4332E-09 4.6180E-09 4.8069E-09 5.0116E-09 5.2108E-09 5.4140E-09 5.6210E-09 5.8318E-09 6.0461E-09
2.9815E-10 3.2840E-10 3.5508E-10 3.7825E-10 4.0105E-10 4.2708E-10 4.5287E-10 4.8209E-10 5.1120E-10 5.4396E-10 5.7676E-10 6.1342E-10 6.5029E-10 6.9124E-10 7.3257E-10 7.7817E-10 8.2438E-10 8.7305E-10 9.2650E-10 9.8337E-10 1.0406E-09 1.1038E-09 1.1702E-09 1.2373E-09 1.3107E-09 1.3847E-09 1.4678E-09 1.5497E-09 1.6390E-09 1.7316E-09 1.8259E-09 1.9242E-09 2.0301E-09 2.1372E-09 2.2486E-09 2.3685E-09 2.4893E-09 2.6145E-09 2.7443E-09 2.8786E-09 3.0232E-09 3.1675E-09 3.3165E-09 3.4701E-09 3.6282E-09 3.7908E-09 3.9579E-09 4.1292E-09 4.3049E-09 4.4846E-09 4.6682E-09 4.8674E-09 5.0612E-09 5.2589E-09 5.4605E-09 5.6657E-09 5.8744E-09
2.9075E-10 3.1368E-10 3.4579E-10 3.6829E-10 3.9043E-10 4.1570E-10 4.4074E-10 4.6910E-10 4.9736E-10 5.2914E-10 5.6097E-10 5.9653E-10 6.3230E-10 6.7201E-10 7.1210E-10 7.5630E-10 8.0111E-10 8.4829E-10 9.0010E-10 9.5258E-10 1.0107E-09 1.0719E-09 1.1335E-09 1.2013E-09 1.2724E-09 1.3441E-09 1.4247E-09 1.5040E-09 1.5906E-09 1.6804E-09 1.7717E-09 1.8669E-09 1.9695E-09 2.0733E-09 2.1813E-09 2.2975E-09 2.4146E-09 2.5360E-09 2.6618E-09 2.7919E-09 2.9264E-09 3.0721E-09 3.2166E-09 3.3655E-09 3.5189E-09 3.6767E-09 3.8387E-09 4.0051E-09 4.1755E-09 4.3500E-09 4.5283E-09 4.7218E-09 4.9101E-09 5.1022E-09 5.2981E-09 5.4977E-09 5.7006E-09
2.7760E-10 2.9937E-10 3.3653E-10 3.5835E-10 3.7985E-10 4.0435E-10 4.2865E-10 4.5614E-10 4.8356E-10 5.1436E-10 5.4522E-10 5.7968E-10 6.1435E-10 6.5282E-10 6.9167E-10 7.3262E-10 7.7789E-10 8.2359E-10 8.7375E-10 9.2457E-10 9.8087E-10 1.0401E-09 1.0997E-09 1.1653E-09 1.2342E-09 1.3036E-09 1.3816E-09 1.4584E-09 1.5422E-09 1.6291E-09 1.7175E-09 1.8096E-09 1.9090E-09 2.0095E-09 2.1139E-09 2.2265E-09 2.3398E-09 2.4573E-09 2.5791E-09 2.7051E-09 2.8353E-09 2.9765E-09 3.1164E-09 3.2606E-09 3.4092E-09 3.5620E-09 3.7191E-09 3.8803E-09 4.0455E-09 4.2146E-09 4.3875E-09 4.5641E-09 4.7578E-09 4.9443E-09 5.1344E-09 5.3281E-09 5.5252E-09
2.7052E-10 2.9159E-10 3.1452E-10 3.4682E-10 3.6931E-10 3.9138E-10 4.1662E-10 4.4154E-10 4.6982E-10 4.9790E-10 5.2955E-10 5.6113E-10 5.9648E-10 6.3192E-10 6.7132E-10 7.1097E-10 7.5476E-10 7.9898E-10 8.4751E-10 8.9667E-10 9.5112E-10 1.0057E-09 1.0661E-09 1.1295E-09 1.1932E-09 1.2632E-09 1.3387E-09 1.4129E-09 1.4939E-09 1.5780E-09 1.6634E-09 1.7525E-09 1.8486E-09 1.9457E-09 2.0467E-09 2.1556E-09 2.2651E-09 2.3787E-09 2.4964E-09 2.6183E-09 2.7442E-09 2.8808E-09 3.0161E-09 3.1556E-09 3.2994E-09 3.4473E-09 3.5992E-09 3.7552E-09 3.9151E-09 4.0788E-09 4.2463E-09 4.4172E-09 4.6049E-09 4.7855E-09 4.9697E-09 5.1574E-09 5.3485E-09
2.6348E-10 2.7803E-10 3.0598E-10 3.3707E-10 3.5885E-10 3.8023E-10 4.0466E-10 4.2879E-10 4.5616E-10 4.8335E-10 5.1396E-10 5.4453E-10 5.7872E-10 6.1300E-10 6.5110E-10 6.8944E-10 7.3177E-10 7.7452E-10 8.1949E-10 8.6893E-10 9.1884E-10 9.7427E-10 1.0326E-09 1.0938E-09 1.1554E-09 1.2230E-09 1.2908E-09 1.3676E-09 1.4459E-09 1.5271E-09 1.6095E-09 1.6956E-09 1.7884E-09 1.8822E-09 1.9797E-09 2.0809E-09 2.1906E-09 2.3003E-09 2.4140E-09 2.5317E-09 2.6533E-09 2.7853E-09 2.9160E-09 3.0508E-09 3.1897E-09 3.3325E-09 3.4794E-09 3.6302E-09 3.7847E-09 3.9430E-09 4.1049E-09 4.2702E-09 4.4517E-09 4.6264E-09 4.8046E-09 4.9862E-09 5.1711E-09
2.5069E-10 2.7062E-10 2.9163E-10 3.1446E-10 3.4677E-10 3.6916E-10 3.9106E-10 4.1614E-10 4.4260E-10 4.6890E-10 4.9849E-10 5.2805E-10 5.6109E-10 5.9422E-10 6.3103E-10 6.6807E-10 7.0707E-10 7.5024E-10 7.9366E-10 8.4140E-10 8.8958E-10 9.4308E-10 9.9934E-10 1.0557E-09 1.1178E-09 1.1831E-09 1.2485E-09 1.3226E-09 1.3948E-09 1.4740E-09 1.5560E-09 1.6390E-09 1.7286E-09 1.8190E-09 1.9130E-09 2.0107E-09 2.1165E-09 2.2224E-09 2.3320E-09 2.4455E-09 2.5628E-09 2.6902E-09 2.8163E-09 2.9463E-09 3.0803E-09 3.2182E-09 3.3599E-09 3.5054E-09 3.6546E-09 3.8074E-09 3.9637E-09 4.1234E-09 4.2986E-09 4.4673E-09 4.6395E-09 4.8149E-09 4.9936E-09
2.3953E-10 2.6326E-10 2.7772E-10 2.9936E-10 3.3655E-10 3.5819E-10 3.7937E-10 4.0361E-10 4.2748E-10 4.5459E-10 4.8144E-10 5.1172E-10 5.4185E-10 5.7561E-10 6.0934E-10 6.4689E-10 6.8454E-10 7.2618E-10 7.6808E-10 8.1411E-10 8.6058E-10 9.1216E-10 9.6364E-10 1.0207E-09 1.0806E-09 1.1435E-09 1.2066E-09 1.2780E-09 1.3476E-09 1.4239E-09 1.5030E-09 1.5829E-09 1.6692E-09 1.7563E-09 1.8469E-09 1.9410E-09 2.0430E-09 2.1450E-09 2.2506E-09 2.3599E-09 2.4730E-09 2.5957E-09 2.7172E-09 2.8425E-09 2.9716E-09 3.1045E-09 3.2411E-09 3.3813E-09 3.5252E-09 3.6725E-09 3.8231E-09 3.9771E-09 4.1459E-09 4.3086E-09 4.4747E-09 4.6439E-09 4.8163E-09
2.2891E-10 2.5005E-10 2.7000E-10 2.9085E-10 3.1682E-10 3.4733E-10 3.6780E-10 3.9120E-10 4.1426E-10 4.4042E-10 4.6635E-10 4.9556E-10 5.2464E-10 5.5720E-10 5.8973E-10 6.2594E-10 6.6224E-10 7.0238E-10 7.4277E-10 7.8519E-10 8.3190E-10 8.8158E-10 9.3116E-10 9.8612E-10 1.0438E-09 1.1015E-09 1.1651E-09 1.2339E-09 1.3008E-09 1.3743E-09 1.4504E-09 1.5274E-09 1.6075E-09 1.6943E-09 1.7815E-09 1.8720E-09 1.9702E-09 2.0683E-09 2.1699E-09 2.2751E-09 2.3839E-09 2.4962E-09 2.6189E-09 2.7395E-09 2.8638E-09 2.9917E-09 3.1231E-09 3.2581E-09 3.3966E-09 3.5384E-09 3.6835E-09 3.8317E-09 3.9830E-09 4.1508E-09 4.3107E-09 4.4737E-09 4.6397E-09
2.2255E-10 2.4304E-10 2.6234E-10 2.7667E-10 2.9809E-10 3.3496E-10 3.5636E-10 3.7726E-10 4.0119E-10 4.2470E-10 4.5143E-10 4.7783E-10 5.0763E-10 5.3719E-10 5.7037E-10 6.0339E-10 6.4022E-10 6.7701E-10 7.1776E-10 7.5862E-10 8.0357E-10 8.4879E-10 8.9910E-10 9.5196E-10 1.0046E-09 1.0630E-09 1.1241E-09 1.1872E-09 1.2547E-09 1.3253E-09 1.3985E-09 1.4725E-09 1.5495E-09 1.6330E-09 1.7168E-09 1.8038E-09 1.8982E-09 1.9925E-09 2.0901E-09 2.1913E-09 2.2958E-09 2.4037E-09 2.5217E-09 2.6376E-09 2.7570E-09 2.8800E-09 3.0063E-09 3.1361E-09 3.2692E-09 3.4055E-09 3.5450E-09 3.6875E-09 3.8330E-09 3.9942E-09 4.1480E-09 4.3047E-09 4.4643E-09
2.0791E-10 2.2756E-10 2.5322E-10 2.6865E-10 2.8925E-10 3.1493E-10 3.4507E-10 3.6523E-10 3.8830E-10 4.1097E-10 4.3672E-10 4.6215E-10 4.9085E-10 5.1933E-10 5.5126E-10 5.8306E-10 6.1850E-10 6.5390E-10 6.9310E-10 7.3241E-10 7.7564E-10 8.1912E-10 8.6747E-10 9.1552E-10 9.6892E-10 1.0250E-09 1.0837E-09 1.1423E-09 1.2091E-09 1.2737E-09 1.3473E-09 1.4184E-09 1.4923E-09 1.5725E-09 1.6529E-09 1.7365E-09 1.8232E-09 1.9176E-09 2.0114E-09 2.1085E-09 2.2088E-09 2.3124E-09 2.4257E-09 2.5369E-09 2.6516E-09 2.7696E-09 2.8909E-09 3.0155E-09 3.1432E-09 3.2741E-09 3.4080E-09 3.5449E-09 3.6846E-09 3.8392E-09 3.9868E-09 4.1372E-09 4.2904E-09
1.8952E-10 2.2100E-10 2.4150E-10 2.6071E-10 2.7486E-10 2.9597E-10 3.3230E-10 3.5338E-10 3.7390E-10 3.9743E-10 4.2048E-10 4.4671E-10 4.7253E-10 5.0173E-10 5.3244E-10 5.6303E-10 5.9710E-10 6.3115E-10 6.6692E-10 7.0661E-10 7.4624E-10 7.8992E-10 8.3368E-10 8.8250E-10 9.3375E-10 9.8754E-10 1.0410E-09 1.1001E-09 1.1643E-09 1.2263E-09 1.2945E-09 1.3651E-09 1.4360E-09 1.5129E-09 1.5901E-09 1.6702E-09 1.7534E-09 1.8439E-09 1.9338E-09 2.0269E-09 2.1231E-09 2.2225E-09 2.3310E-09 2.4377E-09 2.5476E-09 2.6607E-09 2.7770E-09 2.8965E-09 3.0190E-09 3.1445E-09 3.2729E-09 3.4041E-09 3.5380E-09 3.6745E-09 3.8275E-09 3.9717E-09 4.1186E-09
1.7923E-10 2.0856E-10 2.3433E-10 2.5136E-10 2.6657E-10 2.8095E-10 3.1207E-10 3.4170E-10 3.6147E-10 3.8410E-10 4.0629E-10 4.3151E-10 4.5636E-10 4.8442E-10 5.1218E-10 5.4333E-10 5.7427E-10 6.0877E-10 6.4314E-10 6.8123E-10 7.1930E-10 7.6120E-10 8.0322E-10 8.5003E-10 8.9919E-10 9.4795E-10 1.0021E-09 1.0587E-09 1.1172E-09 1.1797E-09 1.2450E-09 1.3127E-09 1.3807E-09 1.4514E-09 1.5283E-09 1.6051E-09 1.6847E-09 1.7714E-09 1.8576E-09 1.9467E-09 2.0389E-09 2.1340E-09 2.2321E-09 2.3401E-09 2.4453E-09 2.5536E-09 2.6650E-09 2.7793E-09 2.8966E-09 3.0168E-09 3.1397E-09 3.2654E-09 3.3936E-09 3.5243E-09 3.6705E-09 3.8085E-09 3.9491E-09
1.7277E-10 1.9493E-10 2.1889E-10 2.4370E-10 2.5680E-10 2.7230E-10 2.9300E-10 3.2223E-10 3.4925E-10 3.6932E-10 3.9234E-10 4.1483E-10 4.4046E-10 4.6561E-10 4.9408E-10 5.2398E-10 5.5369E-10 5.8680E-10 6.1979E-10 6.5632E-10 6.9284E-10 7.3110E-10 7.7331E-10 8.1817E-10 8.6257E-10 9.1200E-10 9.6383E-10 1.0181E-09 1.0720E-09 1.1339E-09 1.1932E-09 1.2613E-09 1.3263E-09 1.3940E-09 1.4676E-09 1.5411E-09 1.6173E-09 1.6963E-09 1.7827E-09 1.8680E-09 1.9562E-09 2.0472E-09 2.1410E-09 2.2442E-09 2.3449E-09 2.4484E-09 2.5549E-09 2.6643E-09 2.7764E-09 2.8913E-09 3.0089E-09 3.1290E-09 3.2516E-09 3.3766E-09 3.5160E-09 3.6480E-09 3.7823E-09
1.6510E-10 1.7821E-10 2.1076E-10 2.3195E-10 2.4882E-10 2.6376E-10 2.7789E-10 2.9900E-10 3.3724E-10 3.5654E-10 3.7865E-10 4.0026E-10 4.2485E-10 4.4901E-10 4.7632E-10 5.0325E-10 5.3350E-10 5.6345E-10 5.9688E-10 6.3008E-10 6.6690E-10 7.0358E-10 7.4400E-10 7.8438E-10 8.2947E-10 8.7678E-10 9.2638E-10 9.7548E-10 1.0299E-09 1.0891E-09 1.1458E-09 1.2084E-09 1.2731E-09 1.3379E-09 1.4082E-09 1.4785E-09 1.5513E-09 1.6268E-09 1.7094E-09 1.7909E-09 1.8751E-09 1.9621E-09 2.0517E-09 2.1502E-09 2.2464E-09 2.3453E-09 2.4470E-09 2.5515E-09 2.6586E-09 2.7683E-09 2.8806E-09 2.9953E-09 3.1123E-09 3.2317E-09 3.3531E-09 3.4903E-09 3.6185E-09
1.6028E-10 1.6892E-10 1.9240E-10 2.1623E-10 2.4095E-10 2.5381E-10 2.6899E-10 2.8331E-10 3.0824E-10 3.4401E-10 3.6355E-10 3.8598E-10 4.0783E-10 4.3274E-10 4.5713E-10 4.8474E-10 5.1373E-10 5.4243E-10 5.7445E-10 6.0626E-10 6.4151E-10 6.7663E-10 7.1338E-10 7.5397E-10 7.9709E-10 8.3958E-10 8.8700E-10 9.3669E-10 9.8868E-10 1.0423E-09 1.0995E-09 1.1593E-09 1.2211E-09 1.2829E-09 1.3471E-09 1.4172E-09 1.4868E-09 1.5589E-09 1.6377E-09 1.7154E-09 1.7958E-09 1.8788E-09 1.9644E-09 2.0525E-09 2.1501E-09 2.2444E-09 2.3415E-09 2.4411E-09 2.5432E-09 2.6479E-09 2.7549E-09 2.8643E-09 2.9760E-09 3.0897E-09 3.2055E-09 3.3359E-09 3.4580E-09
1.5334E-10 1.6258E-10 1.7549E-10 2.0798E-10 2.2897E-10 2.4562E-10 2.5865E-10 2.7406E-10 2.9461E-10 3.2371E-10 3.5049E-10 3.7198E-10 3.9295E-10 4.1681E-10 4.4019E-10 4.6663E-10 4.9264E-10 5.2188E-10 5.5073E-10 5.8296E-10 6.1487E-10 6.5029E-10 6.8545E-10 7.2424E-10 7.6287E-10 8.0607E-10 8.5136E-10 8.9880E-10 9.4554E-10 9.9748E-10 1.0542E-09 1.1080E-09 1.1703E-09 1.2293E-09 1.2905E-09 1.3574E-09 1.4238E-09 1.4925E-09 1.5636E-09 1.6418E-09 1.7184E-09 1.7975E-09 1.8791E-09 1.9631E-09 2.0560E-09 2.1459E-09 2.2383E-09 2.3332E-09 2.4305E-09 2.5302E-09 2.6322E-09 2.7364E-09 2.8427E-09 2.9510E-09 3.0613E-09 3.1733E-09 3.3012E-09
1.4875E-10 1.5770E-10 1.6479E-10 1.8943E-10 2.1305E-10 2.3756E-10 2.5014E-10 2.6496E-10 2.7894E-10 3.0315E-10 3.3452E-10 3.5665E-10 3.7839E-10 3.9954E-10 4.2364E-10 4.4717E-10 4.7384E-10 4.9997E-10 5.2940E-10 5.6021E-10 5.9073E-10 6.2266E-10 6.5819E-10 6.9331E-10 7.3214E-10 7.7336E-10 8.1383E-10 8.5908E-10 9.0645E-10 9.5599E-10 1.0070E-09 1.0614E-09 1.1183E-09 1.1770E-09 1.2354E-09 1.2991E-09 1.3623E-09 1.4278E-09 1.4956E-09 1.5700E-09 1.6430E-09 1.7183E-09 1.7960E-09 1.8760E-09 1.9643E-09 2.0498E-09 2.1378E-09 2.2281E-09 2.3207E-09 2.4155E-09 2.5125E-09 2.6116E-09 2.7127E-09 2.8157E-09 2.9205E-09 3.0270E-09 3.1481E-09
1.4424E-10 1.5070E-10 1.5976E-10 1.7241E-10 2.0470E-10 2.2541E-10 2.4178E-10 2.5449E-10 2.6950E-10 2.8362E-10 3.0822E-10 3.4337E-10 3.6247E-10 3.8442E-10 4.0746E-10 4.3000E-10 4.5548E-10 4.8048E-10 5.0859E-10 5.3625E-10 5.6718E-10 5.9770E-10 6.3160E-10 6.6515E-10 7.0219E-10 7.3894E-10 7.8011E-10 8.2324E-10 8.6838E-10 9.1265E-10 9.6418E-10 1.0160E-09 1.0668E-09 1.1260E-09 1.1817E-09 1.2393E-09 1.3025E-09 1.3648E-09 1.4293E-09 1.5001E-09 1.5695E-09 1.6412E-09 1.7151E-09 1.7911E-09 1.8694E-09 1.9564E-09 2.0400E-09 2.1258E-09 2.2137E-09 2.3038E-09 2.3960E-09 2.4901E-09 2.5861E-09 2.6840E-09 2.7835E-09 2.8846E-09 2.9873E-09
