Assets/Resources/2015_m01_d20_0900(utc+0800)_l00_csi_1hr_conc.grd
DSAA
         159         159
     -79.000      79.000
     -79.000      79.000
  0.2523E-10  0.1663E-05
[rows 50 to 74 of 159, columns 0 to 56 of 159]
5.0911E-10 5.3245E-10 5.5590E-10 5.8023E-10 6.0564E-10 6.3116E-10 6.5840E-10 6.8545E-10 7.1383E-10 7.4299E-10 7.7236E-10 8.0328E-10 8.3461E-10 8.6651E-10 8.9980E-10 9.3328E-10 9.6794E-10 1.0034E-09 1.0390E-09 1.0760E-09 1.1137E-09 1.1516E-09 1.1909E-09 1.2309E-09 1.2710E-09 1.3128E-09 1.3548E-09 1.3973E-09 1.4413E-09 1.4852E-09 1.5299E-09 1.5756E-09 1.6214E-09 1.6683E-09 1.7158E-09 1.7631E-09 1.8118E-09 1.8609E-09 1.9103E-09 1.9611E-09 2.0119E-09 2.0623E-09 2.1151E-09 2.1673E-09 2.2190E-09 2.2720E-09 2.3260E-09 2.3793E-09 2.4331E-09 2.4899E-09 2.5446E-09 2.6014E-09 2.6585E-09 2.7135E-09 2.7698E-09 2.8258E-09 2.8820E-09
5.0941E-10 5.3281E-10 5.5600E-10 5.8054E-10 6.0552E-10 6.3090E-10 6.5802E-10 6.8492E-10 7.1335E-10 7.4217E-10 7.7136E-10 8.0232E-10 8.3327E-10 8.6519E-10 8.9828E-10 9.3137E-10 9.6602E-10 1.0010E-09 1.0364E-09 1.0734E-09 1.1107E-09 1.1484E-09 1.1876E-09 1.2271E-09 1.2672E-09 1.3088E-09 1.3503E-09 1.3928E-09 1.4365E-09 1.4798E-09 1.5246E-09 1.5700E-09 1.6152E-09 1.6621E-09 1.7091E-09 1.7561E-09 1.8047E-09 1.8533E-09 1.9029E-09 1.9534E-09 2.0035E-09 2.0546E-09 2.1067E-09 2.1582E-09 2.2096E-09 2.2630E-09 2.3167E-09 2.3693E-09 2.4238E-09 2.4804E-09 2.5342E-09 2.5917E-09 2.6479E-09 2.7034E-09 2.7594E-09 2.8150E-09 2.8715E-09
5.0951E-10 5.3281E-10 5.5588E-10 5.8046E-10 6.0515E-10 6.3073E-10 6.5738E-10 6.8413E-10 7.1259E-10 7.4106E-10 7.7028E-10 8.0105E-10 8.3162E-10 8.6354E-10 8.9624E-10 9.2911E-10 9.6375E-10 9.9836E-10 1.0337E-09 1.0704E-09 1.1073E-09 1.1451E-09 1.1839E-09 1.2229E-09 1.2630E-09 1.3043E-09 1.3453E-09 1.3878E-09 1.4309E-09 1.4739E-09 1.5187E-09 1.5635E-09 1.6087E-09 1.6554E-09 1.7018E-09 1.7487E-09 1.7971E-09 1.8451E-09 1.8949E-09 1.9451E-09 1.9945E-09 2.0458E-09 2.0976E-09 2.1484E-09 2.1995E-09 2.2532E-09 2.3062E-09 2.3585E-09 2.4137E-09 2.4694E-09 2.5229E-09 2.5812E-09 2.6365E-09 2.6922E-09 2.7481E-09 2.8037E-09 2.8601E-09
5.0940E-10 5.3260E-10 5.5554E-10 5.8016E-10 6.0456E-10 6.3031E-10 6.5650E-10 6.8308E-10 7.1157E-10 7.3968E-10 7.6910E-10 7.9930E-10 8.2967E-10 8.6178E-10 8.9388E-10 9.2673E-10 9.6113E-10 9.9531E-10 1.0306E-09 1.0671E-09 1.1035E-09 1.1413E-09 1.1798E-09 1.2183E-09 1.2586E-09 1.2992E-09 1.3399E-09 1.3825E-09 1.4249E-09 1.4679E-09 1.5123E-09 1.5566E-09 1.6018E-09 1.6481E-09 1.6939E-09 1.7411E-09 1.7889E-09 1.8363E-09 1.8863E-09 1.9358E-09 1.9848E-09 2.0364E-09 2.0874E-09 2.1379E-09 2.1888E-09 2.2427E-09 2.2950E-09 2.3470E-09 2.4029E-09 2.4575E-09 2.5127E-09 2.5699E-09 2.6243E-09 2.6801E-09 2.7356E-09 2.7914E-09 2.8478E-09
5.0959E-10 5.3219E-10 5.5500E-10 5.7949E-10 6.0374E-10 6.2950E-10 6.5537E-10 6.8178E-10 7.1011E-10 7.3803E-10 7.6746E-10 7.9727E-10 8.2742E-10 8.5952E-10 8.9121E-10 9.2402E-10 9.5800E-10 9.9193E-10 1.0272E-09 1.0632E-09 1.0994E-09 1.1370E-09 1.1750E-09 1.2133E-09 1.2536E-09 1.2936E-09 1.3342E-09 1.3766E-09 1.4184E-09 1.4616E-09 1.5055E-09 1.5492E-09 1.5943E-09 1.6400E-09 1.6855E-09 1.7327E-09 1.7798E-09 1.8275E-09 1.8771E-09 1.9258E-09 1.9746E-09 2.0263E-09 2.0766E-09 2.1268E-09 2.1784E-09 2.2316E-09 2.2831E-09 2.3348E-09 2.3921E-09 2.4450E-09 2.5008E-09 2.5571E-09 2.6112E-09 2.6672E-09 2.7223E-09 2.7783E-09 2.8346E-09
5.0941E-10 5.3158E-10 5.5425E-10 5.7860E-10 6.0269E-10 6.2846E-10 6.5400E-10 6.8082E-10 7.0839E-10 7.3611E-10 7.6554E-10 7.9495E-10 8.2489E-10 8.5677E-10 8.8822E-10 9.2120E-10 9.5454E-10 9.8820E-10 1.0236E-09 1.0590E-09 1.0948E-09 1.1324E-09 1.1699E-09 1.2082E-09 1.2482E-09 1.2876E-09 1.3285E-09 1.3700E-09 1.4115E-09 1.4546E-09 1.4979E-09 1.5413E-09 1.5863E-09 1.6315E-09 1.6766E-09 1.7237E-09 1.7703E-09 1.8181E-09 1.8673E-09 1.9153E-09 1.9642E-09 2.0157E-09 2.0652E-09 2.1150E-09 2.1669E-09 2.2193E-09 2.2705E-09 2.3237E-09 2.3791E-09 2.4317E-09 2.4882E-09 2.5434E-09 2.5977E-09 2.6535E-09 2.7082E-09 2.7644E-09 2.8203E-09
5.0890E-10 5.3077E-10 5.5329E-10 5.7750E-10 6.0143E-10 6.2704E-10 6.5240E-10 6.7923E-10 7.0642E-10 7.3394E-10 7.6336E-10 7.9237E-10 8.2248E-10 8.5374E-10 8.8494E-10 9.1787E-10 9.5076E-10 9.8415E-10 1.0195E-09 1.0544E-09 1.0902E-09 1.1275E-09 1.1645E-09 1.2027E-09 1.2421E-09 1.2812E-09 1.3220E-09 1.3630E-09 1.4041E-09 1.4472E-09 1.4899E-09 1.5329E-09 1.5779E-09 1.6224E-09 1.6675E-09 1.7142E-09 1.7602E-09 1.8081E-09 1.8566E-09 1.9042E-09 1.9538E-09 2.0040E-09 2.0531E-09 2.1027E-09 2.1548E-09 2.2063E-09 2.2572E-09 2.3110E-09 2.3654E-09 2.4177E-09 2.4748E-09 2.5291E-09 2.5838E-09 2.6388E-09 2.6933E-09 2.7497E-09 2.8052E-09
5.0804E-10 5.2977E-10 5.5295E-10 5.7620E-10 5.9996E-10 6.2541E-10 6.5058E-10 6.7759E-10 7.0422E-10 7.3152E-10 7.6074E-10 7.8951E-10 8.1979E-10 8.5042E-10 8.8137E-10 9.1425E-10 9.4668E-10 9.8000E-10 1.0149E-09 1.0495E-09 1.0851E-09 1.1220E-09 1.1587E-09 1.1971E-09 1.2357E-09 1.2744E-09 1.3152E-09 1.3556E-09 1.3966E-09 1.4393E-09 1.4814E-09 1.5246E-09 1.5690E-09 1.6129E-09 1.6582E-09 1.7040E-09 1.7496E-09 1.7977E-09 1.8454E-09 1.8926E-09 1.9424E-09 1.9917E-09 2.0405E-09 2.0897E-09 2.1420E-09 2.1927E-09 2.2433E-09 2.2985E-09 2.3510E-09 2.4031E-09 2.4608E-09 2.5141E-09 2.5688E-09 2.6234E-09 2.6780E-09 2.7342E-09 2.7893E-09
5.0701E-10 5.2858E-10 5.5176E-10 5.7470E-10 5.9844E-10 6.2355E-10 6.4853E-10 6.7536E-10 7.0177E-10 7.2885E-10 7.5786E-10 7.8640E-10 8.1683E-10 8.4683E-10 8.7752E-10 9.1015E-10 9.4230E-10 9.7575E-10 1.0099E-09 1.0442E-09 1.0800E-09 1.1161E-09 1.1525E-09 1.1908E-09 1.2288E-09 1.2673E-09 1.3079E-09 1.3477E-09 1.3887E-09 1.4308E-09 1.4725E-09 1.5157E-09 1.5594E-09 1.6029E-09 1.6481E-09 1.6934E-09 1.7386E-09 1.7872E-09 1.8336E-09 1.8805E-09 1.9304E-09 1.9789E-09 2.0273E-09 2.0762E-09 2.1287E-09 2.1786E-09 2.2288E-09 2.2846E-09 2.3360E-09 2.3887E-09 2.4454E-09 2.4984E-09 2.5532E-09 2.6073E-09 2.6623E-09 2.7178E-09 2.7727E-09
5.0579E-10 5.2736E-10 5.5023E-10 5.7299E-10 5.9705E-10 6.2149E-10 6.4626E-10 6.7290E-10 6.9909E-10 7.2655E-10 7.5474E-10 7.8304E-10 8.1323E-10 8.4297E-10 8.7339E-10 9.0576E-10 9.3762E-10 9.7100E-10 1.0047E-09 1.0387E-09 1.0744E-09 1.1099E-09 1.1460E-09 1.1842E-09 1.2217E-09 1.2603E-09 1.3001E-09 1.3395E-09 1.3807E-09 1.4219E-09 1.4633E-09 1.5065E-09 1.5494E-09 1.5925E-09 1.6376E-09 1.6822E-09 1.7270E-09 1.7753E-09 1.8214E-09 1.8679E-09 1.9179E-09 1.9656E-09 2.0136E-09 2.0621E-09 2.1144E-09 2.1639E-09 2.2138E-09 2.2693E-09 2.3204E-09 2.3745E-09 2.4293E-09 2.4820E-09 2.5369E-09 2.5906E-09 2.6458E-09 2.7008E-09 2.7559E-09
5.0439E-10 5.2597E-10 5.4852E-10 5.7125E-10 5.9529E-10 6.1921E-10 6.4398E-10 6.7022E-10 6.9620E-10 7.2400E-10 7.5138E-10 7.7943E-10 8.0938E-10 8.3886E-10 8.6962E-10 9.0111E-10 9.3268E-10 9.6616E-10 9.9916E-10 1.0328E-09 1.0684E-09 1.1035E-09 1.1392E-09 1.1771E-09 1.2142E-09 1.2527E-09 1.2919E-09 1.3310E-09 1.3720E-09 1.4126E-09 1.4536E-09 1.4968E-09 1.5390E-09 1.5817E-09 1.6267E-09 1.6706E-09 1.7160E-09 1.7630E-09 1.8087E-09 1.8548E-09 1.9045E-09 1.9518E-09 1.9994E-09 2.0492E-09 2.0995E-09 2.1487E-09 2.1982E-09 2.2535E-09 2.3043E-09 2.3598E-09 2.4127E-09 2.4652E-09 2.5199E-09 2.5733E-09 2.6287E-09 2.6833E-09 2.7386E-09
5.0298E-10 5.2439E-10 5.4661E-10 5.6917E-10 5.9302E-10 6.1674E-10 6.4150E-10 6.6733E-10 6.9307E-10 7.2066E-10 7.4780E-10 7.7559E-10 8.0529E-10 8.3449E-10 8.6537E-10 8.9619E-10 9.2746E-10 9.6065E-10 9.9334E-10 1.0267E-09 1.0619E-09 1.0967E-09 1.1325E-09 1.1696E-09 1.2064E-09 1.2450E-09 1.2834E-09 1.3221E-09 1.3630E-09 1.4030E-09 1.4435E-09 1.4864E-09 1.5282E-09 1.5705E-09 1.6151E-09 1.6586E-09 1.7046E-09 1.7503E-09 1.7955E-09 1.8423E-09 1.8906E-09 1.9375E-09 1.9848E-09 2.0352E-09 2.0841E-09 2.1329E-09 2.1847E-09 2.2372E-09 2.2877E-09 2.3438E-09 2.3957E-09 2.4479E-09 2.5024E-09 2.5556E-09 2.6111E-09 2.6653E-09 2.7211E-09
5.0140E-10 5.2248E-10 5.4452E-10 5.6706E-10 5.9055E-10 6.1426E-10 6.3862E-10 6.6424E-10 6.8994E-10 7.1710E-10 7.4399E-10 7.7172E-10 8.0097E-10 8.2989E-10 8.6069E-10 8.9102E-10 9.2199E-10 9.5488E-10 9.8725E-10 1.0202E-09 1.0552E-09 1.0896E-09 1.1256E-09 1.1619E-09 1.1982E-09 1.2368E-09 1.2745E-09 1.3128E-09 1.3534E-09 1.3930E-09 1.4331E-09 1.4756E-09 1.5170E-09 1.5595E-09 1.6032E-09 1.6463E-09 1.6923E-09 1.7371E-09 1.7820E-09 1.8293E-09 1.8763E-09 1.9228E-09 1.9697E-09 2.0203E-09 2.0683E-09 2.1168E-09 2.1699E-09 2.2205E-09 2.2707E-09 2.3266E-09 2.3782E-09 2.4313E-09 2.4845E-09 2.5375E-09 2.5928E-09 2.6468E-09 2.7027E-09
4.9964E-10 5.2056E-10 5.4242E-10 5.6476E-10 5.8790E-10 6.1159E-10 6.3630E-10 6.6093E-10 6.8660E-10 7.1333E-10 7.3996E-10 7.6803E-10 7.9641E-10 8.2505E-10 8.5558E-10 8.8560E-10 9.1626E-10 9.4886E-10 9.8089E-10 1.0142E-09 1.0482E-09 1.0822E-09 1.1184E-09 1.1538E-09 1.1898E-09 1.2280E-09 1.2653E-09 1.3033E-09 1.3434E-09 1.3826E-09 1.4232E-09 1.4645E-09 1.5055E-09 1.5481E-09 1.5908E-09 1.6335E-09 1.6796E-09 1.7236E-09 1.7680E-09 1.8159E-09 1.8616E-09 1.9077E-09 1.9542E-09 2.0045E-09 2.0522E-09 2.1003E-09 2.1539E-09 2.2034E-09 2.2541E-09 2.3090E-09 2.3603E-09 2.4138E-09 2.4661E-09 2.5188E-09 2.5740E-09 2.6278E-09 2.6839E-09
4.9757E-10 5.1847E-10 5.4015E-10 5.6229E-10 5.8526E-10 6.0854E-10 6.3304E-10 6.5763E-10 6.8306E-10 7.0935E-10 7.3592E-10 7.6392E-10 7.9164E-10 8.2020E-10 8.5024E-10 8.7995E-10 9.1051E-10 9.4259E-10 9.7429E-10 1.0077E-09 1.0409E-09 1.0746E-09 1.1104E-09 1.1455E-09 1.1811E-09 1.2189E-09 1.2559E-09 1.2939E-09 1.3332E-09 1.3720E-09 1.4127E-09 1.4530E-09 1.4936E-09 1.5364E-09 1.5782E-09 1.6204E-09 1.6662E-09 1.7097E-09 1.7537E-09 1.8013E-09 1.8465E-09 1.8922E-09 1.9389E-09 1.9883E-09 2.0356E-09 2.0842E-09 2.1367E-09 2.1858E-09 2.2372E-09 2.2910E-09 2.3423E-09 2.3952E-09 2.4473E-09 2.5010E-09 2.5547E-09 2.6083E-09 2.6643E-09
4.9550E-10 5.1637E-10 5.3770E-10 5.5965E-10 5.8224E-10 6.0551E-10 6.2959E-10 6.5414E-10 6.7914E-10 7.0517E-10 7.3167E-10 7.5921E-10 7.8664E-10 8.1512E-10 8.4467E-10 8.7407E-10 9.0514E-10 9.3608E-10 9.6744E-10 1.0007E-09 1.0334E-09 1.0667E-09 1.1022E-09 1.1368E-09 1.1723E-09 1.2096E-09 1.2461E-09 1.2846E-09 1.3227E-09 1.3610E-09 1.4016E-09 1.4413E-09 1.4814E-09 1.5238E-09 1.5652E-09 1.6075E-09 1.6524E-09 1.6955E-09 1.7396E-09 1.7863E-09 1.8311E-09 1.8764E-09 1.9233E-09 1.9717E-09 2.0187E-09 2.0678E-09 2.1192E-09 2.1688E-09 2.2199E-09 2.2726E-09 2.3236E-09 2.3763E-09 2.4281E-09 2.4821E-09 2.5351E-09 2.5887E-09 2.6442E-09
4.9327E-10 5.1396E-10 5.3509E-10 5.5667E-10 5.7925E-10 6.0229E-10 6.2615E-10 6.5027E-10 6.7521E-10 7.0099E-10 7.2723E-10 7.5431E-10 7.8165E-10 8.0984E-10 8.3889E-10 8.6818E-10 8.9892E-10 9.2934E-10 9.6057E-10 9.9328E-10 1.0256E-09 1.0588E-09 1.0937E-09 1.1280E-09 1.1631E-09 1.1999E-09 1.2361E-09 1.2744E-09 1.3118E-09 1.3498E-09 1.3900E-09 1.4292E-09 1.4692E-09 1.5110E-09 1.5519E-09 1.5938E-09 1.6383E-09 1.6810E-09 1.7252E-09 1.7710E-09 1.8154E-09 1.8608E-09 1.9073E-09 1.9549E-09 2.0022E-09 2.0510E-09 2.1013E-09 2.1515E-09 2.2014E-09 2.2541E-09 2.3048E-09 2.3569E-09 2.4087E-09 2.4623E-09 2.5149E-09 2.5684E-09 2.6236E-09
4.9104E-10 5.1139E-10 5.3217E-10 5.5388E-10 5.7609E-10 5.9890E-10 6.2234E-10 6.4641E-10 6.7110E-10 6.9663E-10 7.2240E-10 7.4920E-10 7.7646E-10 8.0435E-10 8.3289E-10 8.6208E-10 8.9230E-10 9.2237E-10 9.5348E-10 9.8564E-10 1.0176E-09 1.0507E-09 1.0850E-09 1.1191E-09 1.1549E-09 1.1901E-09 1.2261E-09 1.2638E-09 1.3008E-09 1.3386E-09 1.3781E-09 1.4169E-09 1.4565E-09 1.4978E-09 1.5383E-09 1.5803E-09 1.6239E-09 1.6666E-09 1.7105E-09 1.7554E-09 1.7993E-09 1.8449E-09 1.8904E-09 1.9377E-09 1.9855E-09 2.0331E-09 2.0839E-09 2.1338E-09 2.1851E-09 2.2350E-09 2.2856E-09 2.3372E-09 2.3890E-09 2.4420E-09 2.4946E-09 2.5487E-09 2.6025E-09
4.8852E-10 5.0867E-10 5.2924E-10 5.5078E-10 5.7276E-10 5.9534E-10 6.1856E-10 6.4238E-10 6.6700E-10 6.9208E-10 7.1758E-10 7.4410E-10 7.7107E-10 7.9885E-10 8.2690E-10 8.5576E-10 8.8546E-10 9.1540E-10 9.4596E-10 9.7777E-10 1.0096E-09 1.0424E-09 1.0760E-09 1.1098E-09 1.1452E-09 1.1799E-09 1.2158E-09 1.2528E-09 1.2894E-09 1.3271E-09 1.3660E-09 1.4043E-09 1.4438E-09 1.4844E-09 1.5249E-09 1.5679E-09 1.6092E-09 1.6520E-09 1.6949E-09 1.7394E-09 1.7835E-09 1.8287E-09 1.8748E-09 1.9209E-09 1.9684E-09 2.0157E-09 2.0662E-09 2.1149E-09 2.1659E-09 2.2157E-09 2.2661E-09 2.3173E-09 2.3689E-09 2.4212E-09 2.4736E-09 2.5277E-09 2.5809E-09
4.8570E-10 5.0565E-10 5.2635E-10 5.4752E-10 5.6928E-10 5.9164E-10 6.1461E-10 6.3817E-10 6.6255E-10 6.8717E-10 7.1258E-10 7.3882E-10 7.6530E-10 7.9278E-10 8.2071E-10 8.4905E-10 8.7842E-10 9.0822E-10 9.3844E-10 9.6968E-10 1.0014E-09 1.0343E-09 1.0668E-09 1.1005E-09 1.1352E-09 1.1698E-09 1.2053E-09 1.2417E-09 1.2781E-09 1.3154E-09 1.3535E-09 1.3917E-09 1.4308E-09 1.4707E-09 1.5113E-09 1.5534E-09 1.5947E-09 1.6366E-09 1.6796E-09 1.7232E-09 1.7674E-09 1.8116E-09 1.8574E-09 1.9039E-09 1.9502E-09 1.9979E-09 2.0473E-09 2.0965E-09 2.1467E-09 2.1962E-09 2.2462E-09 2.2971E-09 2.3482E-09 2.4000E-09 2.4523E-09 2.5058E-09 2.5586E-09
4.8290E-10 5.0264E-10 5.2317E-10 5.4412E-10 5.6564E-10 5.8777E-10 6.1049E-10 6.3381E-10 6.5774E-10 6.8227E-10 7.0760E-10 7.3337E-10 7.5954E-10 7.8672E-10 8.1433E-10 8.4235E-10 8.7139E-10 9.0065E-10 9.3071E-10 9.6164E-10 9.9278E-10 1.0253E-09 1.0577E-09 1.0909E-09 1.1250E-09 1.1595E-09 1.1943E-09 1.2303E-09 1.2666E-09 1.3034E-09 1.3409E-09 1.3789E-09 1.4181E-09 1.4572E-09 1.4974E-09 1.5386E-09 1.5795E-09 1.6215E-09 1.6645E-09 1.7067E-09 1.7505E-09 1.7948E-09 1.8397E-09 1.8858E-09 1.9325E-09 1.9807E-09 2.0289E-09 2.0778E-09 2.1271E-09 2.1762E-09 2.2258E-09 2.2763E-09 2.3268E-09 2.3785E-09 2.4305E-09 2.4833E-09 2.5361E-09
4.7997E-10 4.9950E-10 5.1984E-10 5.4057E-10 5.6187E-10 5.8376E-10 6.0623E-10 6.2929E-10 6.5296E-10 6.7721E-10 7.0207E-10 7.2754E-10 7.5361E-10 7.8049E-10 8.0758E-10 8.3547E-10 8.6397E-10 8.9308E-10 9.2279E-10 9.5341E-10 9.8419E-10 1.0161E-09 1.0483E-09 1.0812E-09 1.1149E-09 1.1487E-09 1.1834E-09 1.2189E-09 1.2548E-09 1.2912E-09 1.3283E-09 1.3659E-09 1.4043E-09 1.4435E-09 1.4832E-09 1.5235E-09 1.5645E-09 1.6061E-09 1.6482E-09 1.6904E-09 1.7338E-09 1.7777E-09 1.8224E-09 1.8682E-09 1.9145E-09 1.9624E-09 2.0102E-09 2.0590E-09 2.1071E-09 2.1557E-09 2.2053E-09 2.2548E-09 2.3052E-09 2.3565E-09 2.4081E-09 2.4602E-09 2.5130E-09
4.7691E-10 4.9627E-10 5.1621E-10 5.3670E-10 5.5796E-10 5.7960E-10 6.0182E-10 6.2463E-10 6.4802E-10 6.7200E-10 6.9658E-10 7.2175E-10 7.4751E-10 7.7388E-10 8.0085E-10 8.2840E-10 8.5657E-10 8.8534E-10 9.1468E-10 9.4474E-10 9.7539E-10 1.0069E-09 1.0388E-09 1.0712E-09 1.1043E-09 1.1380E-09 1.1723E-09 1.2074E-09 1.2428E-09 1.2788E-09 1.3154E-09 1.3526E-09 1.3908E-09 1.4295E-09 1.4688E-09 1.5087E-09 1.5493E-09 1.5904E-09 1.6316E-09 1.6739E-09 1.7168E-09 1.7603E-09 1.8049E-09 1.8502E-09 1.8970E-09 1.9437E-09 1.9911E-09 2.0390E-09 2.0866E-09 2.1346E-09 2.1837E-09 2.2331E-09 2.2834E-09 2.3341E-09 2.3852E-09 2.4370E-09 2.4894E-09
4.7373E-10 4.9290E-10 5.1262E-10 5.3289E-10 5.5391E-10 5.7531E-10 5.9727E-10 6.1982E-10 6.4294E-10 6.6664E-10 6.9093E-10 7.1580E-10 7.4126E-10 7.6732E-10 7.9395E-10 8.2118E-10 8.4901E-10 8.7741E-10 9.0646E-10 9.3615E-10 9.6642E-10 9.9756E-10 1.0290E-09 1.0609E-09 1.0938E-09 1.1271E-09 1.1612E-09 1.1956E-09 1.2304E-09 1.2662E-09 1.3024E-09 1.3388E-09 1.3771E-09 1.4153E-09 1.4537E-09 1.4937E-09 1.5338E-09 1.5745E-09 1.6153E-09 1.6571E-09 1.6996E-09 1.7429E-09 1.7871E-09 1.8319E-09 1.8783E-09 1.9247E-09 1.9717E-09 2.0186E-09 2.0655E-09 2.1136E-09 2.1621E-09 2.2110E-09 2.2609E-09 2.3111E-09 2.3616E-09 2.4133E-09 2.4652E-09
4.7047E-10 4.8942E-10 5.0892E-10 5.2896E-10 5.4955E-10 5.7070E-10 5.9260E-10 6.1488E-10 6.3772E-10 6.6114E-10 6.8514E-10 7.0971E-10 7.3486E-10 7.6059E-10 7.8690E-10 8.1380E-10 8.4128E-10 8.6932E-10 8.9806E-10 9.2738E-10 9.5753E-10 9.8804E-10 1.0189E-09 1.0508E-09 1.0831E-09 1.1160E-09 1.1494E-09 1.1834E-09 1.2180E-09 1.2534E-09 1.2891E-09 1.3256E-09 1.3631E-09 1.4005E-09 1.4394E-09 1.4785E-09 1.5181E-09 1.5579E-09 1.5987E-09 1.6401E-09 1.6820E-09 1.7252E-09 1.7690E-09 1.8134E-09 1.8594E-09 1.9053E-09 1.9514E-09 1.9976E-09 2.0444E-09 2.0920E-09 2.1400E-09 2.1885E-09 2.2380E-09 2.2875E-09 2.3381E-09 2.3890E-09 2.4402E-09
