Assets/Resources/2015_m01_d04_1200(utc+0800)_l00_csi_1hr_conc.grd
DSAA
         159         159
     -79.000      79.000
     -79.000      79.000
  0.1274E-09  0.6336E-05
[rows 25 to 49 of 159, columns 57 to 113 of 159]
3.4313E-09 3.4698E-09 3.5056E-09 3.5387E-09 3.5687E-09 3.5957E-09 3.6195E-09 3.6399E-09 3.6568E-09 3.6703E-09 3.6801E-09 3.6863E-09 3.6888E-09 3.6875E-09 3.6824E-09 3.6736E-09 3.6610E-09 3.6447E-09 3.6237E-09 3.5976E-09 3.5696E-09 3.5380E-09 3.5045E-09 3.4680E-09 3.4284E-09 3.3815E-09 3.3357E-09 3.2882E-09 3.2381E-09 3.1855E-09 3.1259E-09 3.0656E-09 3.0062E-09 2.9452E-09 2.8784E-09 2.8101E-09 2.7449E-09 2.6748E-09 2.6035E-09 2.5351E-09 2.4637E-09 2.3922E-09 2.3251E-09 2.2581E-09 2.1909E-09 2.1243E-09 2.0578E-09 1.9919E-09 1.9270E-09 1.8632E-09 1.8007E-09 1.7395E-09 1.6799E-09 1.6218E-09 1.5653E-09 1.5103E-09 1.4569E-09
3.5778E-09 3.6173E-09 3.6556E-09 3.6909E-09 3.7231E-09 3.7521E-09 3.7776E-09 3.7997E-09 3.8181E-09 3.8328E-09 3.8437E-09 3.8507E-09 3.8538E-09 3.8530E-09 3.8481E-09 3.8393E-09 3.8265E-09 3.8098E-09 3.7893E-09 3.7630E-09 3.7341E-09 3.7017E-09 3.6648E-09 3.6258E-09 3.5846E-09 3.5403E-09 3.4886E-09 3.4381E-09 3.3860E-09 3.3313E-09 3.2740E-09 3.2116E-09 3.1449E-09 3.0800E-09 3.0144E-09 2.9432E-09 2.8705E-09 2.8012E-09 2.7272E-09 2.6536E-09 2.5791E-09 2.5054E-09 2.4323E-09 2.3607E-09 2.2905E-09 2.2204E-09 2.1511E-09 2.0821E-09 2.0140E-09 1.9471E-09 1.8814E-09 1.8173E-09 1.7547E-09 1.6936E-09 1.6343E-09 1.5765E-09 1.5203E-09
3.7382E-09 3.7774E-09 3.8157E-09 3.8508E-09 3.8823E-09 3.9133E-09 3.9407E-09 3.9645E-09 3.9844E-09 4.0005E-09 4.0125E-09 4.0204E-09 4.0241E-09 4.0237E-09 4.0191E-09 4.0103E-09 3.9973E-09 3.9801E-09 3.9589E-09 3.9337E-09 3.9046E-09 3.8690E-09 3.8326E-09 3.7906E-09 3.7456E-09 3.6994E-09 3.6503E-09 3.5965E-09 3.5382E-09 3.4812E-09 3.4216E-09 3.3594E-09 3.2929E-09 3.2205E-09 3.1503E-09 3.0801E-09 3.0058E-09 2.9289E-09 2.8540E-09 2.7761E-09 2.6989E-09 2.6209E-09 2.5440E-09 2.4676E-09 2.3928E-09 2.3195E-09 2.2468E-09 2.1747E-09 2.1034E-09 2.0333E-09 1.9645E-09 1.8973E-09 1.8316E-09 1.7675E-09 1.7052E-09 1.6444E-09 1.5854E-09
3.9229E-09 3.9564E-09 3.9869E-09 4.0222E-09 4.0563E-09 4.0851E-09 4.1103E-09 4.1343E-09 4.1558E-09 4.1732E-09 4.1863E-09 4.1952E-09 4.1996E-09 4.1997E-09 4.1953E-09 4.1865E-09 4.1732E-09 4.1556E-09 4.1337E-09 4.1076E-09 4.0774E-09 4.0433E-09 4.0024E-09 3.9609E-09 3.9149E-09 3.8637E-09 3.8120E-09 3.7578E-09 3.6998E-09 3.6354E-09 3.5734E-09 3.5085E-09 3.4411E-09 3.3693E-09 3.2930E-09 3.2169E-09 3.1420E-09 3.0632E-09 2.9820E-09 2.9017E-09 2.8213E-09 2.7405E-09 2.6591E-09 2.5789E-09 2.4992E-09 2.4211E-09 2.3451E-09 2.2697E-09 2.1952E-09 2.1218E-09 2.0497E-09 1.9793E-09 1.9105E-09 1.8433E-09 1.7779E-09 1.7142E-09 1.6523E-09
4.1217E-09 4.1562E-09 4.1884E-09 4.2092E-09 4.2379E-09 4.2692E-09 4.2951E-09 4.3177E-09 4.3348E-09 4.3510E-09 4.3653E-09 4.3751E-09 4.3803E-09 4.3808E-09 4.3766E-09 4.3678E-09 4.3543E-09 4.3362E-09 4.3136E-09 4.2865E-09 4.2552E-09 4.2196E-09 4.1801E-09 4.1356E-09 4.0866E-09 4.0361E-09 3.9796E-09 3.9216E-09 3.8622E-09 3.7989E-09 3.7311E-09 3.6615E-09 3.5913E-09 3.5184E-09 3.4413E-09 3.3611E-09 3.2792E-09 3.1994E-09 3.1163E-09 3.0323E-09 2.9466E-09 2.8626E-09 2.7781E-09 2.6932E-09 2.6097E-09 2.5267E-09 2.4458E-09 2.3670E-09 2.2892E-09 2.2124E-09 2.1371E-09 2.0633E-09 1.9913E-09 1.9209E-09 1.8523E-09 1.7856E-09 1.7208E-09
4.3383E-09 4.3734E-09 4.4025E-09 4.4304E-09 4.4456E-09 4.4635E-09 4.4894E-09 4.5115E-09 4.5304E-09 4.5440E-09 4.5520E-09 4.5601E-09 4.5660E-09 4.5670E-09 4.5630E-09 4.5542E-09 4.5404E-09 4.5218E-09 4.4984E-09 4.4703E-09 4.4378E-09 4.4008E-09 4.3596E-09 4.3142E-09 4.2650E-09 4.2094E-09 4.1534E-09 4.0920E-09 4.0277E-09 3.9627E-09 3.8939E-09 3.8214E-09 3.7451E-09 3.6693E-09 3.5909E-09 3.5086E-09 3.4233E-09 3.3366E-09 3.2510E-09 3.1633E-09 3.0767E-09 2.9873E-09 2.8995E-09 2.8111E-09 2.7216E-09 2.6361E-09 2.5501E-09 2.4665E-09 2.3852E-09 2.3051E-09 2.2263E-09 2.1492E-09 2.0739E-09 2.0003E-09 1.9285E-09 1.8586E-09 1.7907E-09
4.5679E-09 4.6006E-09 4.6327E-09 4.6609E-09 4.6829E-09 4.6918E-09 4.6980E-09 4.7172E-09 4.7347E-09 4.7471E-09 4.7570E-09 4.7598E-09 4.7582E-09 4.7581E-09 4.7544E-09 4.7455E-09 4.7314E-09 4.7122E-09 4.6880E-09 4.6589E-09 4.6250E-09 4.5866E-09 4.5437E-09 4.4964E-09 4.4451E-09 4.3900E-09 4.3284E-09 4.2668E-09 4.2002E-09 4.1297E-09 4.0588E-09 3.9841E-09 3.9056E-09 3.8234E-09 3.7420E-09 3.6582E-09 3.5705E-09 3.4802E-09 3.3889E-09 3.2987E-09 3.2069E-09 3.1148E-09 3.0231E-09 2.9314E-09 2.8393E-09 2.7466E-09 2.6567E-09 2.5694E-09 2.4831E-09 2.3995E-09 2.3174E-09 2.2368E-09 2.1581E-09 2.0812E-09 2.0061E-09 1.9331E-09 1.8621E-09
4.7974E-09 4.8339E-09 4.8633E-09 4.8907E-09 4.9162E-09 4.9351E-09 4.9522E-09 4.9456E-09 4.9509E-09 4.9625E-09 4.9708E-09 4.9734E-09 4.9715E-09 4.9609E-09 4.9508E-09 4.9415E-09 4.9271E-09 4.9073E-09 4.8822E-09 4.8520E-09 4.8168E-09 4.7768E-09 4.7321E-09 4.6829E-09 4.6294E-09 4.5719E-09 4.5107E-09 4.4442E-09 4.3756E-09 4.3033E-09 4.2267E-09 4.1494E-09 4.0686E-09 3.9840E-09 3.8971E-09 3.8089E-09 3.7197E-09 3.6266E-09 3.5313E-09 3.4356E-09 3.3410E-09 3.2452E-09 3.1493E-09 3.0522E-09 2.9581E-09 2.8613E-09 2.7668E-09 2.6743E-09 2.5828E-09 2.4957E-09 2.4100E-09 2.3260E-09 2.2439E-09 2.1636E-09 2.0852E-09 2.0089E-09 1.9348E-09
5.0632E-09 5.0731E-09 5.1052E-09 5.1313E-09 5.1507E-09 5.1739E-09 5.1863E-09 5.2026E-09 5.1917E-09 5.1880E-09 5.1885E-09 5.1955E-09 5.1919E-09 5.1842E-09 5.1673E-09 5.1446E-09 5.1273E-09 5.1069E-09 5.0809E-09 5.0495E-09 5.0129E-09 4.9713E-09 4.9246E-09 4.8734E-09 4.8176E-09 4.7577E-09 4.6939E-09 4.6266E-09 4.5539E-09 4.4789E-09 4.4004E-09 4.3177E-09 4.2338E-09 4.1467E-09 4.0562E-09 3.9634E-09 3.8695E-09 3.7740E-09 3.6764E-09 3.5765E-09 3.4763E-09 3.3765E-09 3.2779E-09 3.1766E-09 3.0771E-09 2.9781E-09 2.8792E-09 2.7809E-09 2.6871E-09 2.5934E-09 2.5042E-09 2.4166E-09 2.3310E-09 2.2473E-09 2.1656E-09 2.0860E-09 2.0086E-09
5.4263E-09 5.3836E-09 5.3631E-09 5.3809E-09 5.4050E-09 5.4169E-09 5.4327E-09 5.4410E-09 5.4480E-09 5.4474E-09 5.4249E-09 5.4198E-09 5.4153E-09 5.4060E-09 5.3966E-09 5.3748E-09 5.3398E-09 5.3107E-09 5.2838E-09 5.2512E-09 5.2131E-09 5.1697E-09 5.1211E-09 5.0676E-09 5.0095E-09 4.9471E-09 4.8806E-09 4.8104E-09 4.7366E-09 4.6575E-09 4.5758E-09 4.4909E-09 4.4017E-09 4.3112E-09 4.2179E-09 4.1214E-09 4.0228E-09 3.9233E-09 3.8224E-09 3.7189E-09 3.6152E-09 3.5098E-09 3.4071E-09 3.3029E-09 3.1992E-09 3.0949E-09 2.9937E-09 2.8894E-09 2.7914E-09 2.6939E-09 2.5995E-09 2.5084E-09 2.4192E-09 2.3321E-09 2.2470E-09 2.1640E-09 2.0835E-09
5.7793E-09 5.7521E-09 5.7073E-09 5.6590E-09 5.6628E-09 5.6802E-09 5.6871E-09 5.6934E-09 5.6970E-09 5.6954E-09 5.6907E-09 5.6713E-09 5.6493E-09 5.6354E-09 5.6175E-09 5.6025E-09 5.5798E-09 5.5368E-09 5.4915E-09 5.4567E-09 5.4170E-09 5.3718E-09 5.3211E-09 5.2654E-09 5.2048E-09 5.1398E-09 5.0705E-09 4.9974E-09 4.9205E-09 4.8400E-09 4.7540E-09 4.6656E-09 4.5737E-09 4.4780E-09 4.3812E-09 4.2808E-09 4.1792E-09 4.0747E-09 3.9699E-09 3.8629E-09 3.7554E-09 3.6465E-09 3.5379E-09 3.4297E-09 3.3229E-09 3.2130E-09 3.1081E-09 3.0011E-09 2.8971E-09 2.7956E-09 2.6974E-09 2.6013E-09 2.5085E-09 2.4179E-09 2.3293E-09 2.2430E-09 2.1592E-09
6.1235E-09 6.1082E-09 6.0813E-09 6.0187E-09 5.9719E-09 5.9513E-09 5.9576E-09 5.9584E-09 5.9559E-09 5.9529E-09 5.9437E-09 5.9343E-09 5.9059E-09 5.8751E-09 5.8526E-09 5.8347E-09 5.8037E-09 5.7749E-09 5.7309E-09 5.6693E-09 5.6244E-09 5.5773E-09 5.5245E-09 5.4664E-09 5.4032E-09 5.3355E-09 5.2633E-09 5.1872E-09 5.1070E-09 5.0232E-09 4.9356E-09 4.8428E-09 4.7471E-09 4.6481E-09 4.5462E-09 4.4430E-09 4.3365E-09 4.2280E-09 4.1190E-09 4.0081E-09 3.8969E-09 3.7839E-09 3.6716E-09 3.5577E-09 3.4468E-09 3.3338E-09 3.2233E-09 3.1140E-09 3.0056E-09 2.8983E-09 2.7963E-09 2.6949E-09 2.5986E-09 2.5044E-09 2.4124E-09 2.3228E-09 2.2356E-09
6.4920E-09 6.4629E-09 6.4349E-09 6.3962E-09 6.3304E-09 6.2737E-09 6.2416E-09 6.2360E-09 6.2293E-09 6.2185E-09 6.2069E-09 6.1901E-09 6.1717E-09 6.1452E-09 6.1060E-09 6.0662E-09 6.0402E-09 6.0003E-09 5.9631E-09 5.9153E-09 5.8436E-09 5.7858E-09 5.7307E-09 5.6701E-09 5.6043E-09 5.5337E-09 5.4586E-09 5.3792E-09 5.2958E-09 5.2086E-09 5.1174E-09 5.0217E-09 4.9226E-09 4.8197E-09 4.7139E-09 4.6055E-09 4.4952E-09 4.3836E-09 4.2694E-09 4.1541E-09 4.0392E-09 3.9231E-09 3.8056E-09 3.6879E-09 3.5716E-09 3.4556E-09 3.3408E-09 3.2261E-09 3.1140E-09 3.0020E-09 2.8958E-09 2.7907E-09 2.6892E-09 2.5915E-09 2.4960E-09 2.4030E-09 2.3125E-09
6.8922E-09 6.8458E-09 6.8028E-09 6.7612E-09 6.7085E-09 6.6351E-09 6.5700E-09 6.5340E-09 6.5134E-09 6.4981E-09 6.4785E-09 6.4578E-09 6.4326E-09 6.4047E-09 6.3700E-09 6.3258E-09 6.2840E-09 6.2398E-09 6.1907E-09 6.1447E-09 6.0914E-09 6.0102E-09 5.9394E-09 5.8763E-09 5.8077E-09 5.7341E-09 5.6559E-09 5.5733E-09 5.4864E-09 5.3957E-09 5.3009E-09 5.2023E-09 5.0992E-09 4.9918E-09 4.8827E-09 4.7701E-09 4.6554E-09 4.5392E-09 4.4208E-09 4.3022E-09 4.1820E-09 4.0612E-09 3.9403E-09 3.8194E-09 3.6971E-09 3.5768E-09 3.4577E-09 3.3400E-09 3.2239E-09 3.1080E-09 2.9945E-09 2.8869E-09 2.7817E-09 2.6789E-09 2.5800E-09 2.4836E-09 2.3898E-09
7.3264E-09 7.2595E-09 7.1975E-09 7.1402E-09 7.0835E-09 7.0150E-09 6.9332E-09 6.8616E-09 6.8180E-09 6.7885E-09 6.7631E-09 6.7342E-09 6.7039E-09 6.6693E-09 6.6316E-09 6.5879E-09 6.5395E-09 6.4860E-09 6.4321E-09 6.3796E-09 6.3184E-09 6.2556E-09 6.1716E-09 6.0853E-09 6.0129E-09 5.9362E-09 5.8548E-09 5.7688E-09 5.6784E-09 5.5840E-09 5.4855E-09 5.3830E-09 5.2769E-09 5.1664E-09 5.0518E-09 4.9354E-09 4.8163E-09 4.6956E-09 4.5728E-09 4.4498E-09 4.3252E-09 4.2002E-09 4.0752E-09 3.9500E-09 3.8229E-09 3.6982E-09 3.5761E-09 3.4527E-09 3.3312E-09 3.2129E-09 3.0965E-09 2.9832E-09 2.8742E-09 2.7664E-09 2.6641E-09 2.5643E-09 2.4673E-09
7.7963E-09 7.7059E-09 7.6218E-09 7.5441E-09 7.4719E-09 7.3991E-09 7.3148E-09 7.2238E-09 7.1470E-09 7.0965E-09 7.0577E-09 7.0220E-09 6.9830E-09 6.9428E-09 6.8981E-09 6.8502E-09 6.7971E-09 6.7400E-09 6.6804E-09 6.6156E-09 6.5532E-09 6.4825E-09 6.4076E-09 6.3159E-09 6.2210E-09 6.1395E-09 6.0548E-09 5.9653E-09 5.8713E-09 5.7731E-09 5.6708E-09 5.5643E-09 5.4541E-09 5.3404E-09 5.2218E-09 5.1007E-09 4.9775E-09 4.8521E-09 4.7249E-09 4.5975E-09 4.4685E-09 4.3400E-09 4.2100E-09 4.0797E-09 3.9504E-09 3.8208E-09 3.6918E-09 3.5656E-09 3.4412E-09 3.3189E-09 3.1986E-09 3.0796E-09 2.9654E-09 2.8553E-09 2.7481E-09 2.6450E-09 2.5447E-09
8.3037E-09 8.1863E-09 8.0769E-09 7.9757E-09 7.8824E-09 7.7952E-09 7.7043E-09 7.6056E-09 7.5062E-09 7.4251E-09 7.3674E-09 7.3189E-09 7.2723E-09 7.2230E-09 7.1722E-09 7.1170E-09 7.0589E-09 6.9959E-09 6.9302E-09 6.8605E-09 6.7862E-09 6.7136E-09 6.6332E-09 6.5476E-09 6.4475E-09 6.3454E-09 6.2553E-09 6.1623E-09 6.0646E-09 5.9624E-09 5.8562E-09 5.7457E-09 5.6314E-09 5.5135E-09 5.3914E-09 5.2664E-09 5.1382E-09 5.0085E-09 4.8772E-09 4.7448E-09 4.6114E-09 4.4785E-09 4.3433E-09 4.2097E-09 4.0761E-09 3.9410E-09 3.8086E-09 3.6794E-09 3.5508E-09 3.4217E-09 3.2977E-09 3.1760E-09 3.0576E-09 2.9439E-09 2.8318E-09 2.7254E-09 2.6219E-09
8.9254E-09 8.7359E-09 8.5636E-09 8.4357E-09 8.3179E-09 8.2093E-09 8.1053E-09 7.9973E-09 7.8860E-09 7.7789E-09 7.6941E-09 7.6281E-09 7.5702E-09 7.5120E-09 7.4524E-09 7.3902E-09 7.3244E-09 7.2556E-09 7.1827E-09 7.1071E-09 7.0281E-09 6.9460E-09 6.8614E-09 6.7713E-09 6.6746E-09 6.5662E-09 6.4585E-09 6.3590E-09 6.2575E-09 6.1514E-09 6.0412E-09 5.9266E-09 5.8080E-09 5.6859E-09 5.5604E-09 5.4311E-09 5.2980E-09 5.1641E-09 5.0283E-09 4.8907E-09 4.7535E-09 4.6161E-09 4.4774E-09 4.3386E-09 4.2000E-09 4.0629E-09 3.9258E-09 3.7911E-09 3.6570E-09 3.5266E-09 3.3986E-09 3.2733E-09 3.1480E-09 3.0306E-09 2.9163E-09 2.8052E-09 2.6986E-09
9.5615E-09 9.3303E-09 9.1178E-09 8.9244E-09 8.7790E-09 8.6454E-09 8.5220E-09 8.4002E-09 8.2763E-09 8.1533E-09 8.0405E-09 7.9519E-09 7.8771E-09 7.8087E-09 7.7389E-09 7.6685E-09 7.5946E-09 7.5184E-09 7.4388E-09 7.3558E-09 7.2702E-09 7.1814E-09 7.0897E-09 6.9954E-09 6.8962E-09 6.7876E-09 6.6713E-09 6.5571E-09 6.4497E-09 6.3395E-09 6.2251E-09 6.1064E-09 5.9836E-09 5.8571E-09 5.7273E-09 5.5935E-09 5.4571E-09 5.3182E-09 5.1780E-09 5.0367E-09 4.8943E-09 4.7515E-09 4.6093E-09 4.4664E-09 4.3235E-09 4.1822E-09 4.0408E-09 3.9006E-09 3.7648E-09 3.6304E-09 3.4959E-09 3.3669E-09 3.2406E-09 3.1178E-09 3.0001E-09 2.8844E-09 2.7746E-09
1.0218E-08 9.9650E-09 9.7107E-09 9.4777E-09 9.2655E-09 9.1040E-09 8.9557E-09 8.8159E-09 8.6769E-09 8.5388E-09 8.4052E-09 8.2896E-09 8.1953E-09 8.1119E-09 8.0323E-09 7.9512E-09 7.8694E-09 7.7839E-09 7.6972E-09 7.6064E-09 7.5138E-09 7.4181E-09 7.3197E-09 7.2183E-09 7.1147E-09 7.0046E-09 6.8858E-09 6.7618E-09 6.6415E-09 6.5261E-09 6.4075E-09 6.2845E-09 6.1573E-09 6.0266E-09 5.8924E-09 5.7551E-09 5.6143E-09 5.4712E-09 5.3258E-09 5.1801E-09 5.0329E-09 4.8860E-09 4.7395E-09 4.5922E-09 4.4453E-09 4.2990E-09 4.1547E-09 4.0110E-09 3.8687E-09 3.7303E-09 3.5946E-09 3.4618E-09 3.3308E-09 3.2028E-09 3.0816E-09 2.9640E-09 2.8498E-09
1.0919E-08 1.0616E-08 1.0326E-08 1.0063E-08 9.8123E-09 9.5843E-09 9.4081E-09 9.2454E-09 9.0880E-09 8.9331E-09 8.7821E-09 8.6424E-09 8.5240E-09 8.4227E-09 8.3301E-09 8.2385E-09 8.1465E-09 8.0523E-09 7.9566E-09 7.8585E-09 7.7579E-09 7.6553E-09 7.5498E-09 7.4416E-09 7.3310E-09 7.2176E-09 7.0963E-09 6.9683E-09 6.8373E-09 6.7109E-09 6.5875E-09 6.4602E-09 6.3288E-09 6.1937E-09 6.0550E-09 5.9133E-09 5.7689E-09 5.6207E-09 5.4712E-09 5.3211E-09 5.1703E-09 5.0185E-09 4.8666E-09 4.7160E-09 4.5650E-09 4.4146E-09 4.2663E-09 4.1185E-09 3.9723E-09 3.8311E-09 3.6890E-09 3.5527E-09 3.4194E-09 3.2893E-09 3.1632E-09 3.0411E-09 2.9239E-09
1.1661E-08 1.1304E-08 1.0975E-08 1.0664E-08 1.0371E-08 1.0119E-08 9.8779E-09 9.6880E-09 9.5094E-09 9.3355E-09 9.1675E-09 9.0070E-09 8.8640E-09 8.7421E-09 8.6331E-09 8.5293E-09 8.4262E-09 8.3225E-09 8.2171E-09 8.1109E-09 8.0023E-09 7.8919E-09 7.7792E-09 7.6640E-09 7.5465E-09 7.4270E-09 7.3030E-09 7.1711E-09 7.0345E-09 6.8968E-09 6.7645E-09 6.6330E-09 6.4972E-09 6.3577E-09 6.2147E-09 6.0686E-09 5.9198E-09 5.7680E-09 5.6145E-09 5.4592E-09 5.3042E-09 5.1477E-09 4.9920E-09 4.8372E-09 4.6830E-09 4.5269E-09 4.3747E-09 4.2241E-09 4.0735E-09 3.9273E-09 3.7843E-09 3.6443E-09 3.5051E-09 3.3716E-09 3.2421E-09 3.1182E-09 2.9980E-09
1.2441E-08 1.2026E-08 1.1643E-08 1.1282E-08 1.0955E-08 1.0660E-08 1.0382E-08 1.0144E-08 9.9408E-09 9.7459E-09 9.5582E-09 9.3787E-09 9.2122E-09 9.0673E-09 8.9397E-09 8.8223E-09 8.7071E-09 8.5931E-09 8.4779E-09 8.3627E-09 8.2459E-09 8.1272E-09 8.0072E-09 7.8845E-09 7.7601E-09 7.6334E-09 7.5048E-09 7.3698E-09 7.2283E-09 7.0838E-09 6.9405E-09 6.8020E-09 6.6619E-09 6.5181E-09 6.3707E-09 6.2202E-09 6.0671E-09 5.9109E-09 5.7532E-09 5.5939E-09 5.4346E-09 5.2748E-09 5.1145E-09 4.9544E-09 4.7962E-09 4.6382E-09 4.4811E-09 4.3269E-09 4.1728E-09 4.0227E-09 3.8746E-09 3.7312E-09 3.5912E-09 3.4548E-09 3.3207E-09 3.1923E-09 3.0694E-09
1.3256E-08 1.2778E-08 1.2338E-08 1.1935E-08 1.1559E-08 1.1220E-08 1.0901E-08 1.0627E-08 1.0380E-08 1.0162E-08 9.9527E-09 9.7548E-09 9.5668E-09 9.3986E-09 9.2510E-09 9.1165E-09 8.9890E-09 8.8631E-09 8.7385E-09 8.6129E-09 8.4877E-09 8.3603E-09 8.2322E-09 8.1023E-09 7.9706E-09 7.8371E-09 7.7018E-09 7.5633E-09 7.4175E-09 7.2675E-09 7.1159E-09 6.9677E-09 6.8223E-09 6.6741E-09 6.5224E-09 6.3676E-09 6.2102E-09 6.0507E-09 5.8888E-09 5.7255E-09 5.5612E-09 5.3973E-09 5.2327E-09 5.0692E-09 4.9070E-09 4.7443E-09 4.5837E-09 4.4258E-09 4.2690E-09 4.1151E-09 3.9650E-09 3.8171E-09 3.6740E-09 3.5332E-09 3.3974E-09 3.2659E-09 3.1389E-09
1.4097E-08 1.3554E-08 1.3053E-08 1.2596E-08 1.2179E-08 1.1781E-08 1.1433E-08 1.1121E-08 1.0825E-08 1.0582E-08 1.0352E-08 1.0131E-08 9.9248E-09 9.7324E-09 9.5634E-09 9.4114E-09 9.2698E-09 9.1324E-09 8.9964E-09 8.8612E-09 8.7259E-09 8.5906E-09 8.4536E-09 8.3165E-09 8.1770E-09 8.0366E-09 7.8943E-09 7.7504E-09 7.6012E-09 7.4457E-09 7.2885E-09 7.1309E-09 6.9777E-09 6.8252E-09 6.6692E-09 6.5102E-09 6.3486E-09 6.1850E-09 6.0188E-09 5.8516E-09 5.6834E-09 5.5156E-09 5.3471E-09 5.1793E-09 5.0132E-09 4.8486E-09 4.6845E-09 4.5213E-09 4.3611E-09 4.2038E-09 4.0501E-09 3.9002E-09 3.7541E-09 3.6092E-09 3.4706E-09 3.3363E-09 3.2080E-09
