Assets/Resources/2015_m01_d24_2200(utc+0800)_l00_csi_1hr_conc.grd
DSAA
         159         159
     -79.000      79.000
     -79.000      79.000
  0.0000E+00  0.4023E-05
[rows 0 to 24 of 159, columns 0 to 56 of 159]
2.5102E-09 2.7359E-09 2.9688E-09 3.2059E-09 3.4433E-09 3.6849E-09 3.9243E-09 4.1576E-09 4.3816E-09 4.5953E-09 4.7943E-09 4.9737E-09 5.1262E-09 5.2521E-09 5.3481E-09 5.4083E-09 5.4347E-09 5.4258E-09 5.3792E-09 5.2954E-09 5.1766E-09 5.0237E-09 4.8403E-09 4.6293E-09 4.3942E-09 4.1392E-09 3.8682E-09 3.5860E-09 3.2976E-09 3.0070E-09 2.7192E-09 2.4373E-09 2.1658E-09 1.9077E-09 1.6631E-09 1.4347E-09 1.2259E-09 1.0390E-09 8.7037E-10 7.1981E-10 5.8618E-10 4.6954E-10 3.7240E-10 2.9261E-10 2.2317E-10 1.6329E-10 1.0659E-10 5.9645E-11 3.4345E-11 2.0905E-11 5.5569E-12 0.0000E+00 0.0000E+00 0.0000E+00 0.0000E+00 0.0000E+00 0.0000E+00
2.6092E-09 2.8508E-09 3.1000E-09 3.3541E-09 3.6156E-09 3.8789E-09 4.1403E-09 4.3977E-09 4.6485E-09 4.8886E-09 5.1098E-09 5.3093E-09 5.4842E-09 5.6297E-09 5.7421E-09 5.8201E-09 5.8604E-09 5.8596E-09 5.8190E-09 5.7391E-09 5.6216E-09 5.4681E-09 5.2799E-09 5.0600E-09 4.8128E-09 4.5416E-09 4.2516E-09 3.9483E-09 3.6357E-09 3.3200E-09 3.0046E-09 2.6953E-09 2.3962E-09 2.1094E-09 1.8405E-09 1.5931E-09 1.3649E-09 1.1548E-09 9.6621E-10 8.0224E-10 6.5497E-10 5.2560E-10 4.1077E-10 3.2709E-10 2.5100E-10 1.8488E-10 1.2400E-10 6.9501E-11 4.0095E-11 2.4318E-11 7.5128E-12 7.2277E-14 0.0000E+00 0.0000E+00 0.0000E+00 0.0000E+00 0.0000E+00
2.7014E-09 2.9586E-09 3.2238E-09 3.4998E-09 3.7825E-09 4.0684E-09 4.3541E-09 4.6383E-09 4.9151E-09 5.1772E-09 5.4229E-09 5.6482E-09 5.8447E-09 6.0125E-09 6.1466E-09 6.2414E-09 6.2964E-09 6.3110E-09 6.2838E-09 6.2141E-09 6.1018E-09 5.9476E-09 5.7547E-09 5.5258E-09 5.2646E-09 4.9767E-09 4.6673E-09 4.3409E-09 4.0044E-09 3.6619E-09 3.3204E-09 2.9846E-09 2.6582E-09 2.3463E-09 2.0509E-09 1.7730E-09 1.5166E-09 1.2853E-09 1.0803E-09 8.9465E-10 7.3042E-10 5.8822E-10 4.6075E-10 3.5950E-10 2.8097E-10 2.0616E-10 1.3815E-10 7.9379E-11 4.5289E-11 2.8457E-11 1.0547E-11 9.6997E-13 0.0000E+00 0.0000E+00 0.0000E+00 0.0000E+00 0.0000E+00
2.7867E-09 3.0568E-09 3.3420E-09 3.6389E-09 3.9431E-09 4.2517E-09 4.5643E-09 4.8724E-09 5.1731E-09 5.4618E-09 5.7329E-09 5.9827E-09 6.2064E-09 6.3982E-09 6.5532E-09 6.6713E-09 6.7483E-09 6.7813E-09 6.7680E-09 6.7069E-09 6.5979E-09 6.4441E-09 6.2483E-09 6.0125E-09 5.7413E-09 5.4389E-09 5.1102E-09 4.7618E-09 4.4002E-09 4.0306E-09 3.6600E-09 3.2930E-09 2.9356E-09 2.5926E-09 2.2671E-09 1.9650E-09 1.6874E-09 1.4326E-09 1.1987E-09 9.9395E-10 8.1827E-10 6.5665E-10 5.1851E-10 3.9986E-10 3.1048E-10 2.3211E-10 1.5938E-10 9.3141E-11 5.2609E-11 3.2217E-11 1.2755E-11 1.9135E-12 0.0000E+00 0.0000E+00 0.0000E+00 0.0000E+00 0.0000E+00
2.8600E-09 3.1477E-09 3.4527E-09 3.7689E-09 4.0939E-09 4.4263E-09 4.7621E-09 5.0952E-09 5.4217E-09 5.7362E-09 6.0361E-09 6.3145E-09 6.5637E-09 6.7829E-09 6.9675E-09 7.1119E-09 7.2121E-09 7.2635E-09 7.2650E-09 7.2178E-09 7.1205E-09 6.9730E-09 6.7776E-09 6.5373E-09 6.2562E-09 5.9381E-09 5.5905E-09 5.2198E-09 4.8319E-09 4.4348E-09 4.0339E-09 3.6362E-09 3.2483E-09 2.8744E-09 2.5181E-09 2.1839E-09 1.8733E-09 1.5897E-09 1.3373E-09 1.1105E-09 9.0655E-10 7.3441E-10 5.8187E-10 4.4337E-10 3.4564E-10 2.5788E-10 1.7749E-10 1.0894E-10 6.1005E-11 3.6967E-11 1.6015E-11 3.5360E-12 0.0000E+00 0.0000E+00 0.0000E+00 0.0000E+00 0.0000E+00
2.9245E-09 3.2303E-09 3.5522E-09 3.8859E-09 4.2316E-09 4.5879E-09 4.9466E-09 5.3027E-09 5.6562E-09 6.0012E-09 6.3291E-09 6.6354E-09 6.9179E-09 7.1696E-09 7.3844E-09 7.5559E-09 7.6803E-09 7.7568E-09 7.7817E-09 7.7514E-09 7.6653E-09 7.5242E-09 7.3289E-09 7.0838E-09 6.7942E-09 6.4644E-09 6.1002E-09 5.7077E-09 5.2954E-09 4.8687E-09 4.4362E-09 4.0058E-09 3.5824E-09 3.1723E-09 2.7825E-09 2.4158E-09 2.0775E-09 1.7684E-09 1.4859E-09 1.2321E-09 1.0120E-09 8.1980E-10 6.4965E-10 5.0013E-10 3.7983E-10 2.9142E-10 2.0389E-10 1.2907E-10 7.1979E-11 4.1431E-11 1.8410E-11 4.7922E-12 7.0380E-14 0.0000E+00 0.0000E+00 0.0000E+00 0.0000E+00
2.9797E-09 3.3009E-09 3.6350E-09 3.9877E-09 4.3558E-09 4.7309E-09 5.1107E-09 5.4951E-09 5.8780E-09 6.2497E-09 6.6084E-09 6.9499E-09 7.2667E-09 7.5515E-09 7.7967E-09 8.0005E-09 8.1581E-09 8.2629E-09 8.3104E-09 8.2981E-09 8.2269E-09 8.0975E-09 7.9101E-09 7.6676E-09 7.3735E-09 7.0332E-09 6.6529E-09 6.2396E-09 5.8007E-09 5.3450E-09 4.8815E-09 4.4164E-09 3.9577E-09 3.5134E-09 3.0871E-09 2.6837E-09 2.3084E-09 1.9618E-09 1.6500E-09 1.3734E-09 1.1263E-09 9.0950E-10 7.2833E-10 5.6402E-10 4.2454E-10 3.2079E-10 2.3572E-10 1.5614E-10 8.5538E-11 4.7244E-11 2.1809E-11 6.5778E-12 3.6306E-13 0.0000E+00 0.0000E+00 0.0000E+00 0.0000E+00
3.0221E-09 3.3521E-09 3.7032E-09 4.0748E-09 4.4579E-09 4.8529E-09 5.2592E-09 5.6699E-09 6.0786E-09 6.4818E-09 6.8757E-09 7.2527E-09 7.6037E-09 7.9224E-09 8.2065E-09 8.4474E-09 8.6377E-09 8.7706E-09 8.8454E-09 8.8601E-09 8.8104E-09 8.6961E-09 8.5177E-09 8.2768E-09 7.9783E-09 7.6276E-09 7.2332E-09 6.8001E-09 6.3370E-09 5.8528E-09 5.3554E-09 4.8549E-09 4.3589E-09 3.8750E-09 3.4088E-09 2.9686E-09 2.5577E-09 2.1806E-09 1.8366E-09 1.5257E-09 1.2513E-09 1.0153E-09 8.0828E-10 6.3504E-10 4.7092E-10 3.5631E-10 2.6120E-10 1.7227E-10 1.0439E-10 5.5338E-11 2.4366E-11 7.9529E-12 6.6925E-13 0.0000E+00 0.0000E+00 0.0000E+00 0.0000E+00
3.0473E-09 3.3888E-09 3.7538E-09 4.1386E-09 4.5392E-09 4.9569E-09 5.3866E-09 5.8221E-09 6.2600E-09 6.6975E-09 7.1263E-09 7.5368E-09 7.9245E-09 8.2854E-09 8.6089E-09 8.8857E-09 9.1111E-09 9.2816E-09 9.3910E-09 9.4341E-09 9.4074E-09 9.3101E-09 9.1439E-09 8.9118E-09 8.6163E-09 8.2621E-09 7.8555E-09 7.4041E-09 6.9184E-09 6.4051E-09 5.8754E-09 5.3386E-09 4.8034E-09 4.2792E-09 3.7731E-09 3.2912E-09 2.8379E-09 2.4193E-09 2.0382E-09 1.6982E-09 1.3981E-09 1.1302E-09 9.0047E-10 7.0669E-10 5.2815E-10 3.9268E-10 2.9130E-10 1.9813E-10 1.1970E-10 6.5010E-11 2.8147E-11 9.8014E-12 1.1244E-12 0.0000E+00 0.0000E+00 0.0000E+00 0.0000E+00
3.0551E-09 3.4070E-09 3.7848E-09 4.1822E-09 4.6005E-09 5.0392E-09 5.4905E-09 5.9518E-09 6.4217E-09 6.8917E-09 7.3525E-09 7.8008E-09 8.2310E-09 8.6320E-09 8.9938E-09 9.3128E-09 9.5813E-09 9.7916E-09 9.9367E-09 1.0010E-08 1.0013E-08 9.9423E-09 9.7961E-09 9.5767E-09 9.2858E-09 8.9281E-09 8.5117E-09 8.0446E-09 7.5358E-09 6.9947E-09 6.4333E-09 5.8587E-09 5.2835E-09 4.7164E-09 4.1662E-09 3.6391E-09 3.1452E-09 2.6876E-09 2.2698E-09 1.8932E-09 1.5560E-09 1.2613E-09 1.0091E-09 7.8856E-10 6.0098E-10 4.3984E-10 3.2238E-10 2.2745E-10 1.3514E-10 7.5296E-11 3.1932E-11 1.1164E-11 1.5360E-12 0.0000E+00 0.0000E+00 0.0000E+00 0.0000E+00
3.0461E-09 3.4083E-09 3.7946E-09 4.2047E-09 4.6408E-09 5.0974E-09 5.5704E-09 6.0597E-09 6.5586E-09 7.0579E-09 7.5549E-09 8.0437E-09 8.5134E-09 8.9543E-09 9.3621E-09 9.7265E-09 1.0040E-08 1.0291E-08 1.0476E-08 1.0591E-08 1.0629E-08 1.0588E-08 1.0464E-08 1.0258E-08 9.9769E-09 9.6237E-09 9.2038E-09 8.7241E-09 8.1963E-09 7.6310E-09 7.0361E-09 6.4261E-09 5.8102E-09 5.1983E-09 4.6021E-09 4.0294E-09 3.4885E-09 2.9839E-09 2.5223E-09 2.1045E-09 1.7360E-09 1.4120E-09 1.1261E-09 8.8321E-10 6.7365E-10 4.8909E-10 3.5968E-10 2.5627E-10 1.6016E-10 8.7924E-11 3.7599E-11 1.2977E-11 2.0271E-12 0.0000E+00 0.0000E+00 0.0000E+00 0.0000E+00
3.0221E-09 3.3906E-09 3.7840E-09 4.2073E-09 4.6582E-09 5.1311E-09 5.6264E-09 6.1408E-09 6.6658E-09 7.1969E-09 7.7310E-09 8.2579E-09 8.7664E-09 9.2533E-09 9.7072E-09 1.0120E-08 1.0477E-08 1.0777E-08 1.1010E-08 1.1170E-08 1.1245E-08 1.1236E-08 1.1141E-08 1.0962E-08 1.0697E-08 1.0350E-08 9.9297E-09 9.4421E-09 8.8977E-09 8.3061E-09 7.6808E-09 7.0347E-09 6.3756E-09 5.7195E-09 5.0749E-09 4.4543E-09 3.8638E-09 3.3131E-09 2.8071E-09 2.3489E-09 1.9385E-09 1.5746E-09 1.2621E-09 9.9355E-10 7.5852E-10 5.4628E-10 3.9909E-10 2.8667E-10 1.8341E-10 9.9756E-11 4.4312E-11 1.4542E-11 2.4220E-12 0.0000E+00 0.0000E+00 0.0000E+00 0.0000E+00
2.9819E-09 3.3533E-09 3.7546E-09 4.1896E-09 4.6513E-09 5.1401E-09 5.6564E-09 6.1923E-09 6.7423E-09 7.3065E-09 7.8754E-09 8.4373E-09 8.9896E-09 9.5225E-09 1.0024E-08 1.0483E-08 1.0893E-08 1.1247E-08 1.1531E-08 1.1733E-08 1.1854E-08 1.1889E-08 1.1831E-08 1.1678E-08 1.1432E-08 1.1099E-08 1.0684E-08 1.0193E-08 9.6363E-09 9.0252E-09 8.3736E-09 7.6901E-09 6.9923E-09 6.2904E-09 5.5971E-09 4.9253E-09 4.2831E-09 3.6807E-09 3.1231E-09 2.6162E-09 2.1624E-09 1.7645E-09 1.4160E-09 1.1123E-09 8.5674E-10 6.3358E-10 4.4671E-10 3.2245E-10 2.1411E-10 1.1989E-10 5.3743E-11 1.6334E-11 2.8208E-12 0.0000E+00 0.0000E+00 0.0000E+00 0.0000E+00
2.9258E-09 3.2987E-09 3.7070E-09 4.1489E-09 4.6201E-09 5.1244E-09 5.6572E-09 6.2114E-09 6.7891E-09 7.3828E-09 7.9814E-09 8.5828E-09 9.1785E-09 9.7560E-09 1.0303E-08 1.0817E-08 1.1284E-08 1.1689E-08 1.2022E-08 1.2282E-08 1.2456E-08 1.2535E-08 1.2516E-08 1.2399E-08 1.2184E-08 1.1871E-08 1.1467E-08 1.0979E-08 1.0416E-08 9.7881E-09 9.1108E-09 8.3949E-09 7.6563E-09 6.9081E-09 6.1663E-09 5.4405E-09 4.7455E-09 4.0879E-09 3.4782E-09 2.9218E-09 2.4212E-09 1.9760E-09 1.5864E-09 1.2537E-09 9.7013E-10 7.2322E-10 5.0696E-10 3.5919E-10 2.5008E-10 1.4412E-10 6.2023E-11 1.8758E-11 3.0074E-12 0.0000E+00 0.0000E+00 0.0000E+00 0.0000E+00
2.8534E-09 3.2278E-09 3.6407E-09 4.0858E-09 4.5658E-09 5.0820E-09 5.6271E-09 6.2009E-09 6.8021E-09 7.4199E-09 8.0517E-09 8.6909E-09 9.3264E-09 9.9467E-09 1.0547E-08 1.1115E-08 1.1634E-08 1.2094E-08 1.2491E-08 1.2809E-08 1.3035E-08 1.3166E-08 1.3198E-08 1.3124E-08 1.2943E-08 1.2657E-08 1.2271E-08 1.1790E-08 1.1227E-08 1.0590E-08 9.8909E-09 9.1472E-09 8.3713E-09 7.5798E-09 6.7881E-09 6.0091E-09 5.2571E-09 4.5422E-09 3.8752E-09 3.2617E-09 2.7087E-09 2.2171E-09 1.7879E-09 1.4147E-09 1.0954E-09 8.2911E-10 5.8708E-10 4.0741E-10 2.8669E-10 1.8295E-10 7.8321E-11 2.2817E-11 3.2084E-12 0.0000E+00 0.0000E+00 0.0000E+00 0.0000E+00
2.7665E-09 3.1411E-09 3.5544E-09 4.0014E-09 4.4883E-09 5.0118E-09 5.5672E-09 6.1585E-09 6.7788E-09 7.4202E-09 8.0827E-09 8.7564E-09 9.4290E-09 1.0096E-08 1.0747E-08 1.1366E-08 1.1940E-08 1.2464E-08 1.2922E-08 1.3297E-08 1.3586E-08 1.3778E-08 1.3864E-08 1.3840E-08 1.3700E-08 1.3450E-08 1.3092E-08 1.2629E-08 1.2072E-08 1.1430E-08 1.0719E-08 9.9513E-09 9.1414E-09 8.3083E-09 7.4663E-09 6.6341E-09 5.8233E-09 5.0491E-09 4.3216E-09 3.6499E-09 3.0406E-09 2.4955E-09 2.0147E-09 1.5984E-09 1.2461E-09 9.4741E-10 6.8869E-10 4.7287E-10 3.2635E-10 2.1777E-10 1.0941E-10 2.8053E-11 3.2767E-12 0.0000E+00 0.0000E+00 0.0000E+00 0.0000E+00
2.6670E-09 3.0395E-09 3.4495E-09 3.8969E-09 4.3874E-09 4.9136E-09 5.4791E-09 6.0837E-09 6.7177E-09 7.3821E-09 8.0730E-09 8.7753E-09 9.4859E-09 1.0198E-08 1.0895E-08 1.1564E-08 1.2200E-08 1.2786E-08 1.3303E-08 1.3746E-08 1.4102E-08 1.4359E-08 1.4505E-08 1.4536E-08 1.4452E-08 1.4247E-08 1.3921E-08 1.3484E-08 1.2942E-08 1.2305E-08 1.1585E-08 1.0796E-08 9.9587E-09 9.0855E-09 8.1974E-09 7.3116E-09 6.4419E-09 5.6063E-09 4.8149E-09 4.0809E-09 3.4096E-09 2.8075E-09 2.2761E-09 1.8158E-09 1.4196E-09 1.0852E-09 8.0023E-10 5.5876E-10 3.7986E-10 2.5563E-10 1.4244E-10 3.7139E-11 3.2540E-12 0.0000E+00 0.0000E+00 0.0000E+00 0.0000E+00
2.5559E-09 2.9230E-09 3.3279E-09 3.7734E-09 4.2627E-09 4.7899E-09 5.3628E-09 5.9741E-09 6.6213E-09 7.3066E-09 8.0171E-09 8.7467E-09 9.4957E-09 1.0247E-08 1.0985E-08 1.1711E-08 1.2406E-08 1.3048E-08 1.3633E-08 1.4147E-08 1.4573E-08 1.4896E-08 1.5112E-08 1.5211E-08 1.5184E-08 1.5029E-08 1.4751E-08 1.4350E-08 1.3833E-08 1.3206E-08 1.2489E-08 1.1691E-08 1.0831E-08 9.9263E-09 8.9961E-09 8.0575E-09 7.1324E-09 6.2328E-09 5.3765E-09 4.5765E-09 3.8400E-09 3.1739E-09 2.5840E-09 2.0686E-09 1.6263E-09 1.2502E-09 9.3423E-10 6.6322E-10 4.5012E-10 3.0584E-10 1.8110E-10 5.8958E-11 3.5822E-12 0.0000E+00 0.0000E+00 0.0000E+00 0.0000E+00
2.4346E-09 2.7928E-09 3.1909E-09 3.6320E-09 4.1161E-09 4.6424E-09 5.2177E-09 5.8322E-09 6.4911E-09 7.1886E-09 7.9155E-09 8.6737E-09 9.4520E-09 1.0235E-08 1.1023E-08 1.1799E-08 1.2543E-08 1.3250E-08 1.3905E-08 1.4487E-08 1.4982E-08 1.5384E-08 1.5674E-08 1.5843E-08 1.5882E-08 1.5793E-08 1.5570E-08 1.5214E-08 1.4730E-08 1.4130E-08 1.3423E-08 1.2625E-08 1.1749E-08 1.0817E-08 9.8490E-09 8.8639E-09 7.8831E-09 6.9218E-09 6.0003E-09 5.1295E-09 4.3235E-09 3.5902E-09 2.9342E-09 2.3607E-09 1.8661E-09 1.4452E-09 1.0901E-09 7.8488E-10 5.5016E-10 3.6764E-10 2.2619E-10 9.1585E-11 1.1535E-11 0.0000E+00 0.0000E+00 0.0000E+00 0.0000E+00
2.3045E-09 2.6511E-09 3.0408E-09 3.4739E-09 3.9499E-09 4.4726E-09 5.0451E-09 5.6600E-09 6.3256E-09 7.0295E-09 7.7716E-09 8.5506E-09 9.3518E-09 1.0170E-08 1.0998E-08 1.1817E-08 1.2616E-08 1.3385E-08 1.4104E-08 1.4756E-08 1.5330E-08 1.5808E-08 1.6177E-08 1.6422E-08 1.6540E-08 1.6523E-08 1.6363E-08 1.6063E-08 1.5629E-08 1.5064E-08 1.4379E-08 1.3588E-08 1.2708E-08 1.1762E-08 1.0765E-08 9.7399E-09 8.7053E-09 7.6874E-09 6.6987E-09 5.7583E-09 4.8809E-09 4.0745E-09 3.3496E-09 2.7085E-09 2.1511E-09 1.6786E-09 1.2776E-09 9.3569E-10 6.6575E-10 4.4804E-10 2.9003E-10 1.3765E-10 2.7202E-11 3.7591E-12 0.0000E+00 0.0000E+00 0.0000E+00
2.1668E-09 2.5005E-09 2.8797E-09 3.3006E-09 3.7669E-09 4.2820E-09 4.8467E-09 5.4600E-09 6.1251E-09 6.8310E-09 7.5854E-09 8.3775E-09 9.1974E-09 1.0046E-08 1.0907E-08 1.1766E-08 1.2618E-08 1.3445E-08 1.4225E-08 1.4949E-08 1.5598E-08 1.6159E-08 1.6605E-08 1.6938E-08 1.7141E-08 1.7202E-08 1.7118E-08 1.6889E-08 1.6513E-08 1.5992E-08 1.5344E-08 1.4577E-08 1.3711E-08 1.2756E-08 1.1738E-08 1.0681E-08 9.6030E-09 8.5310E-09 7.4786E-09 6.4695E-09 5.5157E-09 4.6341E-09 3.8327E-09 3.1175E-09 2.4936E-09 1.9564E-09 1.5074E-09 1.1207E-09 8.0772E-10 5.5425E-10 3.5800E-10 1.9875E-10 6.1978E-11 1.4641E-11 0.0000E+00 0.0000E+00 0.0000E+00
2.0237E-09 2.3424E-09 2.7091E-09 3.1154E-09 3.5691E-09 4.0720E-09 4.6267E-09 5.2328E-09 5.8919E-09 6.5979E-09 7.3562E-09 8.1543E-09 8.9916E-09 9.8615E-09 1.0748E-08 1.1647E-08 1.2544E-08 1.3420E-08 1.4261E-08 1.5057E-08 1.5782E-08 1.6417E-08 1.6954E-08 1.7377E-08 1.7666E-08 1.7816E-08 1.7821E-08 1.7669E-08 1.7359E-08 1.6907E-08 1.6311E-08 1.5581E-08 1.4734E-08 1.3789E-08 1.2769E-08 1.1689E-08 1.0580E-08 9.4553E-09 8.3451E-09 7.2683E-09 6.2424E-09 5.2822E-09 4.4008E-09 3.6074E-09 2.9047E-09 2.2980E-09 1.7812E-09 1.3484E-09 9.7724E-10 6.8786E-10 4.5480E-10 2.7299E-10 1.0931E-10 3.7399E-11 8.7412E-12 0.0000E+00 0.0000E+00
1.8761E-09 2.1797E-09 2.5311E-09 2.9204E-09 3.3591E-09 3.8458E-09 4.3872E-09 4.9816E-09 5.6294E-09 6.3306E-09 7.0868E-09 7.8856E-09 8.7325E-09 9.6163E-09 1.0525E-08 1.1454E-08 1.2389E-08 1.3311E-08 1.4211E-08 1.5069E-08 1.5863E-08 1.6583E-08 1.7207E-08 1.7719E-08 1.8103E-08 1.8353E-08 1.8448E-08 1.8382E-08 1.8166E-08 1.7788E-08 1.7255E-08 1.6579E-08 1.5775E-08 1.4858E-08 1.3844E-08 1.2758E-08 1.1625E-08 1.0466E-08 9.3073E-09 8.1676E-09 7.0704E-09 6.0302E-09 5.0647E-09 4.1831E-09 3.3966E-09 2.7097E-09 2.1217E-09 1.6234E-09 1.2050E-09 8.5430E-10 5.7465E-10 3.5891E-10 1.8233E-10 6.7582E-11 3.1516E-11 6.0112E-13 0.0000E+00
1.7273E-09 2.0136E-09 2.3479E-09 2.7186E-09 3.1393E-09 3.6071E-09 4.1318E-09 4.7085E-09 5.3422E-09 6.0330E-09 6.7781E-09 7.5739E-09 8.4242E-09 9.3117E-09 1.0235E-08 1.1189E-08 1.2152E-08 1.3114E-08 1.4064E-08 1.4980E-08 1.5843E-08 1.6641E-08 1.7351E-08 1.7956E-08 1.8439E-08 1.8786E-08 1.8979E-08 1.9024E-08 1.8900E-08 1.8612E-08 1.8163E-08 1.7560E-08 1.6816E-08 1.5940E-08 1.4954E-08 1.3883E-08 1.2744E-08 1.1565E-08 1.0364E-08 9.1710E-09 8.0053E-09 6.8895E-09 5.8366E-09 4.8666E-09 3.9882E-09 3.2098E-09 2.5343E-09 1.9562E-09 1.4704E-09 1.0681E-09 7.3285E-10 4.7434E-10 2.6936E-10 1.2272E-10 5.5519E-11 1.9393E-11 0.0000E+00
1.5782E-09 1.8472E-09 2.1626E-09 2.5120E-09 2.9133E-09 3.3584E-09 3.8635E-09 4.4186E-09 5.0332E-09 5.7072E-09 6.4366E-09 7.2230E-09 8.0658E-09 8.9516E-09 9.8855E-09 1.0850E-08 1.1832E-08 1.2830E-08 1.3821E-08 1.4784E-08 1.5714E-08 1.6586E-08 1.7375E-08 1.8071E-08 1.8655E-08 1.9102E-08 1.9409E-08 1.9561E-08 1.9544E-08 1.9362E-08 1.9011E-08 1.8502E-08 1.7831E-08 1.7021E-08 1.6088E-08 1.5050E-08 1.3925E-08 1.2740E-08 1.1520E-08 1.0288E-08 9.0670E-09 7.8765E-09 6.7404E-09 5.6730E-09 4.6973E-09 3.8187E-09 3.0443E-09 2.3763E-09 1.8077E-09 1.3345E-09 9.3571E-10 6.2097E-10 3.8030E-10 1.9684E-10 9.7456E-11 4.2222E-11 3.6832E-12
