Assets/Resources/2015_m01_d26_1100(utc+0800)_l00_csi_1hr_conc.grd
DSAA
         159         159
     -79.000      79.000
     -79.000      79.000
  0.0000E+00  0.9030E-05
[rows 0 to 24 of 159, columns 0 to 56 of 159]
1.8975E-09 1.9801E-09 2.0745E-09 2.1661E-09 2.2600E-09 2.3744E-09 2.4693E-09 2.5636E-09 2.6562E-09 2.7530E-09 2.8513E-09 2.9515E-09 3.0538E-09 3.1593E-09 3.2666E-09 3.3759E-09 3.4883E-09 3.6023E-09 3.7181E-09 3.8373E-09 3.9587E-09 4.0821E-09 4.2079E-09 4.3359E-09 4.4682E-09 4.6045E-09 4.7429E-09 4.8845E-09 5.0311E-09 5.1803E-09 5.3332E-09 5.4895E-09 5.6482E-09 5.8075E-09 5.9673E-09 6.1300E-09 6.2930E-09 6.4547E-09 6.6166E-09 6.7753E-09 6.9334E-09 7.0866E-09 7.2352E-09 7.3788E-09 7.5163E-09 7.6476E-09 7.7730E-09 7.8880E-09 7.9912E-09 8.0831E-09 8.1628E-09 8.2292E-09 8.2816E-09 8.3192E-09 8.3416E-09 8.3483E-09 8.3385E-09
1.9322E-09 2.0296E-09 2.1299E-09 2.2092E-09 2.3191E-09 2.4322E-09 2.5222E-09 2.6196E-09 2.7150E-09 2.8158E-09 2.9167E-09 3.0199E-09 3.1264E-09 3.2349E-09 3.3456E-09 3.4594E-09 3.5752E-09 3.6929E-09 3.8136E-09 3.9368E-09 4.0621E-09 4.1900E-09 4.3203E-09 4.4549E-09 4.5919E-09 4.7323E-09 4.8771E-09 5.0267E-09 5.1794E-09 5.3368E-09 5.4983E-09 5.6629E-09 5.8293E-09 5.9993E-09 6.1706E-09 6.3446E-09 6.5167E-09 6.6899E-09 6.8619E-09 7.0315E-09 7.1998E-09 7.3658E-09 7.5276E-09 7.6846E-09 7.8341E-09 7.9765E-09 8.1105E-09 8.2352E-09 8.3492E-09 8.4539E-09 8.5436E-09 8.6190E-09 8.6793E-09 8.7238E-09 8.7518E-09 8.7617E-09 8.7544E-09
1.9792E-09 2.0826E-09 2.1704E-09 2.2653E-09 2.3820E-09 2.4823E-09 2.5749E-09 2.6754E-09 2.7743E-09 2.8780E-09 2.9818E-09 3.0889E-09 3.1985E-09 3.3102E-09 3.4252E-09 3.5426E-09 3.6619E-09 3.7843E-09 3.9091E-09 4.0361E-09 4.1658E-09 4.2986E-09 4.4356E-09 4.5735E-09 4.7149E-09 4.8624E-09 5.0134E-09 5.1699E-09 5.3296E-09 5.4950E-09 5.6638E-09 5.8381E-09 6.0154E-09 6.1965E-09 6.3766E-09 6.5604E-09 6.7433E-09 6.9276E-09 7.1112E-09 7.2937E-09 7.4748E-09 7.6523E-09 7.8270E-09 7.9973E-09 8.1599E-09 8.3147E-09 8.4612E-09 8.5980E-09 8.7237E-09 8.8373E-09 8.9372E-09 9.0223E-09 9.0914E-09 9.1435E-09 9.1777E-09 9.1935E-09 9.1904E-09
2.0260E-09 2.1275E-09 2.2105E-09 2.3296E-09 2.4364E-09 2.5320E-09 2.6272E-09 2.7312E-09 2.8332E-09 2.9396E-09 3.0470E-09 3.1575E-09 3.2700E-09 3.3858E-09 3.5046E-09 3.6252E-09 3.7490E-09 3.8757E-09 4.0041E-09 4.1354E-09 4.2704E-09 4.4090E-09 4.5490E-09 4.6920E-09 4.8406E-09 4.9937E-09 5.1511E-09 5.3135E-09 5.4808E-09 5.6539E-09 5.8326E-09 6.0177E-09 6.2031E-09 6.3934E-09 6.5848E-09 6.7794E-09 6.9732E-09 7.1704E-09 7.3676E-09 7.5622E-09 7.7564E-09 7.9460E-09 8.1318E-09 8.3129E-09 8.4893E-09 8.6591E-09 8.8212E-09 8.9708E-09 9.1094E-09 9.2349E-09 9.3464E-09 9.4422E-09 9.5209E-09 9.5815E-09 9.6228E-09 9.6441E-09 9.6448E-09
2.0761E-09 2.1649E-09 2.2762E-09 2.3809E-09 2.4829E-09 2.5811E-09 2.6790E-09 2.7868E-09 2.8911E-09 3.0010E-09 3.1120E-09 3.2252E-09 3.3414E-09 3.4612E-09 3.5830E-09 3.7079E-09 3.8362E-09 3.9662E-09 4.0989E-09 4.2357E-09 4.3762E-09 4.5191E-09 4.6647E-09 4.8146E-09 4.9689E-09 5.1269E-09 5.2914E-09 5.4611E-09 5.6371E-09 5.8194E-09 6.0069E-09 6.1998E-09 6.3968E-09 6.5973E-09 6.7995E-09 7.0076E-09 7.2143E-09 7.4236E-09 7.6313E-09 7.8381E-09 8.0459E-09 8.2493E-09 8.4514E-09 8.6469E-09 8.8361E-09 9.0183E-09 9.1916E-09 9.3556E-09 9.5097E-09 9.6484E-09 9.7721E-09 9.8794E-09 9.9686E-09 1.0038E-08 1.0087E-08 1.0115E-08 1.0120E-08
2.1179E-09 2.2017E-09 2.3246E-09 2.4317E-09 2.5288E-09 2.6297E-09 2.7308E-09 2.8414E-09 2.9484E-09 3.0622E-09 3.1759E-09 3.2923E-09 3.4127E-09 3.5355E-09 3.6610E-09 3.7905E-09 3.9221E-09 4.0563E-09 4.1946E-09 4.3367E-09 4.4808E-09 4.6286E-09 4.7809E-09 4.9371E-09 5.0958E-09 5.2615E-09 5.4328E-09 5.6109E-09 5.7944E-09 5.9841E-09 6.1816E-09 6.3849E-09 6.5921E-09 6.8045E-09 7.0196E-09 7.2381E-09 7.4563E-09 7.6784E-09 7.8992E-09 8.1215E-09 8.3418E-09 8.5588E-09 8.7742E-09 8.9854E-09 9.1895E-09 9.3862E-09 9.5744E-09 9.7524E-09 9.9184E-09 1.0071E-08 1.0208E-08 1.0327E-08 1.0431E-08 1.0511E-08 1.0568E-08 1.0602E-08 1.0611E-08
2.1520E-09 2.2640E-09 2.3723E-09 2.4743E-09 2.5739E-09 2.6779E-09 2.7816E-09 2.8951E-09 3.0055E-09 3.1225E-09 3.2389E-09 3.3593E-09 3.4829E-09 3.6090E-09 3.7390E-09 3.8719E-09 4.0073E-09 4.1470E-09 4.2907E-09 4.4358E-09 4.5851E-09 4.7398E-09 4.8976E-09 5.0574E-09 5.2231E-09 5.3963E-09 5.5736E-09 5.7583E-09 5.9494E-09 6.1491E-09 6.3554E-09 6.5682E-09 6.7870E-09 7.0104E-09 7.2367E-09 7.4666E-09 7.6973E-09 7.9325E-09 8.1667E-09 8.4026E-09 8.6369E-09 8.8687E-09 9.0974E-09 9.3219E-09 9.5410E-09 9.7559E-09 9.9598E-09 1.0153E-08 1.0334E-08 1.0501E-08 1.0652E-08 1.0785E-08 1.0897E-08 1.0988E-08 1.1056E-08 1.1098E-08 1.1114E-08
2.1854E-09 2.3086E-09 2.4192E-09 2.5160E-09 2.6182E-09 2.7254E-09 2.8312E-09 2.9481E-09 3.0618E-09 3.1815E-09 3.3014E-09 3.4255E-09 3.5519E-09 3.6820E-09 3.8159E-09 3.9522E-09 4.0931E-09 4.2381E-09 4.3842E-09 4.5346E-09 4.6912E-09 4.8511E-09 5.0135E-09 5.1808E-09 5.3546E-09 5.5329E-09 5.7182E-09 5.9119E-09 6.1125E-09 6.3200E-09 6.5355E-09 6.7608E-09 6.9908E-09 7.2254E-09 7.4629E-09 7.7064E-09 7.9518E-09 8.2009E-09 8.4491E-09 8.6978E-09 8.9464E-09 9.1945E-09 9.4411E-09 9.6820E-09 9.9175E-09 1.0146E-08 1.0366E-08 1.0576E-08 1.0773E-08 1.0955E-08 1.1121E-08 1.1267E-08 1.1393E-08 1.1496E-08 1.1573E-08 1.1624E-08 1.1647E-08
2.2313E-09 2.3445E-09 2.4578E-09 2.5569E-09 2.6621E-09 2.7717E-09 2.8798E-09 3.0005E-09 3.1166E-09 3.2395E-09 3.3632E-09 3.4899E-09 3.6198E-09 3.7541E-09 3.8911E-09 4.0327E-09 4.1788E-09 4.3260E-09 4.4774E-09 4.6353E-09 4.7964E-09 4.9601E-09 5.1299E-09 5.3050E-09 5.4827E-09 5.6690E-09 5.8633E-09 6.0658E-09 6.2728E-09 6.4909E-09 6.7185E-09 6.9540E-09 7.1935E-09 7.4404E-09 7.6930E-09 7.9499E-09 8.2083E-09 8.4693E-09 8.7321E-09 8.9991E-09 9.2639E-09 9.5270E-09 9.7886E-09 1.0046E-08 1.0299E-08 1.0545E-08 1.0782E-08 1.1008E-08 1.1222E-08 1.1421E-08 1.1602E-08 1.1764E-08 1.1903E-08 1.2019E-08 1.2107E-08 1.2167E-08 1.2197E-08
2.2764E-09 2.3875E-09 2.4955E-09 2.5969E-09 2.7049E-09 2.8167E-09 2.9277E-09 3.0517E-09 3.1702E-09 3.2968E-09 3.4235E-09 3.5532E-09 3.6870E-09 3.8246E-09 3.9662E-09 4.1131E-09 4.2611E-09 4.4132E-09 4.5725E-09 4.7344E-09 4.8987E-09 5.0707E-09 5.2474E-09 5.4261E-09 5.6110E-09 5.8065E-09 6.0076E-09 6.2156E-09 6.4343E-09 6.6626E-09 6.8975E-09 7.1424E-09 7.3963E-09 7.6568E-09 7.9205E-09 8.1887E-09 8.4609E-09 8.7393E-09 9.0175E-09 9.2976E-09 9.5777E-09 9.8580E-09 1.0136E-08 1.0411E-08 1.0681E-08 1.0944E-08 1.1199E-08 1.1443E-08 1.1674E-08 1.1890E-08 1.2087E-08 1.2265E-08 1.2418E-08 1.2547E-08 1.2647E-08 1.2717E-08 1.2754E-08
2.3163E-09 2.4294E-09 2.5320E-09 2.6360E-09 2.7462E-09 2.8605E-09 2.9744E-09 3.1011E-09 3.2225E-09 3.3528E-09 3.4821E-09 3.6152E-09 3.7528E-09 3.8941E-09 4.0412E-09 4.1898E-09 4.3421E-09 4.5024E-09 4.6654E-09 4.8299E-09 5.0031E-09 5.1814E-09 5.3611E-09 5.5476E-09 5.7424E-09 5.9421E-09 6.1486E-09 6.3683E-09 6.5945E-09 6.8293E-09 7.0759E-09 7.3353E-09 7.5996E-09 7.8702E-09 8.1468E-09 8.4312E-09 8.7187E-09 9.0092E-09 9.3032E-09 9.5989E-09 9.8963E-09 1.0193E-08 1.0488E-08 1.0782E-08 1.1069E-08 1.1353E-08 1.1627E-08 1.1889E-08 1.2138E-08 1.2371E-08 1.2586E-08 1.2779E-08 1.2948E-08 1.3090E-08 1.3202E-08 1.3283E-08 1.3329E-08
2.3550E-09 2.4626E-09 2.5675E-09 2.6739E-09 2.7861E-09 2.9033E-09 3.0197E-09 3.1492E-09 3.2738E-09 3.4070E-09 3.5391E-09 3.6759E-09 3.8167E-09 3.9636E-09 4.1125E-09 4.2647E-09 4.4251E-09 4.5893E-09 4.7541E-09 4.9276E-09 5.1072E-09 5.2874E-09 5.4756E-09 5.6720E-09 5.8693E-09 6.0750E-09 6.2937E-09 6.5179E-09 6.7514E-09 6.9981E-09 7.2564E-09 7.5235E-09 7.7986E-09 8.0834E-09 8.3747E-09 8.6710E-09 8.9722E-09 9.2778E-09 9.5874E-09 9.8995E-09 1.0213E-08 1.0529E-08 1.0844E-08 1.1154E-08 1.1461E-08 1.1761E-08 1.2053E-08 1.2333E-08 1.2603E-08 1.2854E-08 1.3085E-08 1.3295E-08 1.3480E-08 1.3636E-08 1.3761E-08 1.3852E-08 1.3907E-08
2.3848E-09 2.4946E-09 2.6020E-09 2.7102E-09 2.8246E-09 2.9448E-09 3.0631E-09 3.1958E-09 3.3234E-09 3.4593E-09 3.5947E-09 3.7350E-09 3.8807E-09 4.0297E-09 4.1816E-09 4.3410E-09 4.5062E-09 4.6714E-09 4.8446E-09 5.0251E-09 5.2058E-09 5.3945E-09 5.5928E-09 5.7909E-09 5.9941E-09 6.2121E-09 6.4335E-09 6.6668E-09 6.9129E-09 7.1689E-09 7.4345E-09 7.7134E-09 8.0035E-09 8.3002E-09 8.6044E-09 8.9150E-09 9.2314E-09 9.5532E-09 9.8798E-09 1.0211E-08 1.0543E-08 1.0876E-08 1.1207E-08 1.1537E-08 1.1865E-08 1.2184E-08 1.2496E-08 1.2795E-08 1.3081E-08 1.3350E-08 1.3600E-08 1.3829E-08 1.4029E-08 1.4200E-08 1.4338E-08 1.4440E-08 1.4505E-08
2.4211E-09 2.5253E-09 2.6351E-09 2.7449E-09 2.8619E-09 2.9847E-09 3.1048E-09 3.2410E-09 3.3711E-09 3.5098E-09 3.6486E-09 3.7930E-09 3.9419E-09 4.0932E-09 4.2506E-09 4.4165E-09 4.5819E-09 4.7539E-09 4.9357E-09 5.1165E-09 5.3047E-09 5.5041E-09 5.7034E-09 5.9073E-09 6.1229E-09 6.3426E-09 6.5736E-09 6.8180E-09 7.0703E-09 7.3341E-09 7.6129E-09 7.9055E-09 8.2058E-09 8.5161E-09 8.8343E-09 9.1599E-09 9.4934E-09 9.8324E-09 1.0176E-08 1.0523E-08 1.0874E-08 1.1227E-08 1.1578E-08 1.1928E-08 1.2273E-08 1.2613E-08 1.2945E-08 1.3265E-08 1.3570E-08 1.3858E-08 1.4126E-08 1.4369E-08 1.4585E-08 1.4771E-08 1.4922E-08 1.5037E-08 1.5112E-08
2.4485E-09 2.5550E-09 2.6665E-09 2.7781E-09 2.8977E-09 3.0225E-09 3.1448E-09 3.2844E-09 3.4166E-09 3.5585E-09 3.7012E-09 3.8490E-09 3.9997E-09 4.1549E-09 4.3201E-09 4.4860E-09 4.6560E-09 4.8382E-09 5.0200E-09 5.2064E-09 5.4065E-09 5.6067E-09 5.8111E-09 6.0273E-09 6.2449E-09 6.4735E-09 6.7148E-09 6.9645E-09 7.2249E-09 7.5015E-09 7.7899E-09 8.0925E-09 8.4061E-09 8.7315E-09 9.0649E-09 9.4081E-09 9.7566E-09 1.0112E-08 1.0474E-08 1.0841E-08 1.1210E-08 1.1581E-08 1.1952E-08 1.2323E-08 1.2689E-08 1.3049E-08 1.3399E-08 1.3739E-08 1.4064E-08 1.4373E-08 1.4659E-08 1.4919E-08 1.5152E-08 1.5352E-08 1.5517E-08 1.5643E-08 1.5725E-08
2.4745E-09 2.5831E-09 2.6962E-09 2.8098E-09 2.9318E-09 3.0584E-09 3.1833E-09 3.3257E-09 3.4600E-09 3.6058E-09 3.7520E-09 3.9019E-09 4.0553E-09 4.2180E-09 4.3843E-09 4.5528E-09 4.7329E-09 4.9162E-09 5.1013E-09 5.2999E-09 5.5014E-09 5.7055E-09 5.9218E-09 6.1408E-09 6.3662E-09 6.6046E-09 6.8507E-09 7.1086E-09 7.3809E-09 7.6674E-09 7.9664E-09 8.2820E-09 8.6102E-09 8.9501E-09 9.2990E-09 9.6563E-09 1.0023E-08 1.0398E-08 1.0777E-08 1.1162E-08 1.1550E-08 1.1943E-08 1.2335E-08 1.2724E-08 1.3110E-08 1.3491E-08 1.3864E-08 1.4223E-08 1.4567E-08 1.4893E-08 1.5197E-08 1.5475E-08 1.5723E-08 1.5938E-08 1.6117E-08 1.6253E-08 1.6345E-08
2.4993E-09 2.6096E-09 2.7243E-09 2.8399E-09 2.9638E-09 3.0925E-09 3.2197E-09 3.3646E-09 3.5015E-09 3.6512E-09 3.8000E-09 3.9517E-09 4.1108E-09 4.2774E-09 4.4445E-09 4.6210E-09 4.8055E-09 4.9896E-09 5.1856E-09 5.3881E-09 5.5916E-09 5.8066E-09 6.0269E-09 6.2524E-09 6.4874E-09 6.7304E-09 6.9844E-09 7.2534E-09 7.5351E-09 7.8299E-09 8.1409E-09 8.4702E-09 8.8136E-09 9.1669E-09 9.5329E-09 9.9096E-09 1.0294E-08 1.0685E-08 1.1084E-08 1.1491E-08 1.1900E-08 1.2312E-08 1.2724E-08 1.3138E-08 1.3545E-08 1.3946E-08 1.4338E-08 1.4718E-08 1.5082E-08 1.5427E-08 1.5749E-08 1.6045E-08 1.6310E-08 1.6540E-08 1.6731E-08 1.6880E-08 1.6980E-08
2.5225E-09 2.6343E-09 2.7506E-09 2.8682E-09 2.9937E-09 3.1246E-09 3.2540E-09 3.4012E-09 3.5415E-09 3.6943E-09 3.8448E-09 4.0000E-09 4.1646E-09 4.3314E-09 4.5033E-09 4.6875E-09 4.8714E-09 5.0635E-09 5.2668E-09 5.4700E-09 5.6825E-09 5.9032E-09 6.1288E-09 6.3632E-09 6.6035E-09 6.8534E-09 7.1181E-09 7.3953E-09 7.6850E-09 7.9917E-09 8.3160E-09 8.6579E-09 9.0135E-09 9.3846E-09 9.7673E-09 1.0161E-08 1.0562E-08 1.0974E-08 1.1393E-08 1.1817E-08 1.2247E-08 1.2681E-08 1.3116E-08 1.3548E-08 1.3976E-08 1.4398E-08 1.4811E-08 1.5210E-08 1.5594E-08 1.5958E-08 1.6298E-08 1.6611E-08 1.6892E-08 1.7136E-08 1.7340E-08 1.7498E-08 1.7608E-08
2.5441E-09 2.6571E-09 2.7752E-09 2.8945E-09 3.0216E-09 3.1548E-09 3.2858E-09 3.4354E-09 3.5788E-09 3.7344E-09 3.8865E-09 4.0475E-09 4.2140E-09 4.3826E-09 4.5631E-09 4.7476E-09 4.9362E-09 5.1372E-09 5.3413E-09 5.5505E-09 5.7704E-09 5.9956E-09 6.2287E-09 6.4696E-09 6.7159E-09 6.9757E-09 7.2484E-09 7.5328E-09 7.8343E-09 8.1536E-09 8.4884E-09 8.8430E-09 9.2173E-09 9.6042E-09 1.0002E-08 1.0413E-08 1.0834E-08 1.1266E-08 1.1705E-08 1.2152E-08 1.2604E-08 1.3058E-08 1.3513E-08 1.3967E-08 1.4417E-08 1.4860E-08 1.5294E-08 1.5714E-08 1.6118E-08 1.6501E-08 1.6859E-08 1.7188E-08 1.7485E-08 1.7744E-08 1.7960E-08 1.8130E-08 1.8247E-08
2.5640E-09 2.6782E-09 2.7980E-09 2.9186E-09 3.0473E-09 3.1827E-09 3.3151E-09 3.4672E-09 3.6139E-09 3.7712E-09 3.9253E-09 4.0915E-09 4.2586E-09 4.4319E-09 4.6178E-09 4.8038E-09 5.0001E-09 5.2053E-09 5.4118E-09 5.6294E-09 5.8538E-09 6.0844E-09 6.3253E-09 6.5712E-09 6.8265E-09 7.0946E-09 7.3735E-09 7.6695E-09 7.9822E-09 8.3111E-09 8.6593E-09 9.0306E-09 9.4181E-09 9.8191E-09 1.0237E-08 1.0666E-08 1.1108E-08 1.1558E-08 1.2019E-08 1.2486E-08 1.2958E-08 1.3434E-08 1.3911E-08 1.4387E-08 1.4859E-08 1.5323E-08 1.5778E-08 1.6218E-08 1.6642E-08 1.7043E-08 1.7419E-08 1.7766E-08 1.8077E-08 1.8349E-08 1.8577E-08 1.8756E-08 1.8880E-08
2.5819E-09 2.6973E-09 2.8188E-09 2.9405E-09 3.0709E-09 3.2082E-09 3.3419E-09 3.4966E-09 3.6461E-09 3.8048E-09 3.9626E-09 4.1316E-09 4.3009E-09 4.4794E-09 4.6670E-09 4.8583E-09 5.0602E-09 5.2670E-09 5.4807E-09 5.7039E-09 5.9322E-09 6.1709E-09 6.4162E-09 6.6699E-09 6.9347E-09 7.2076E-09 7.4979E-09 7.8043E-09 8.1264E-09 8.4683E-09 8.8319E-09 9.2154E-09 9.6165E-09 1.0038E-08 1.0472E-08 1.0920E-08 1.1381E-08 1.1854E-08 1.2335E-08 1.2823E-08 1.3318E-08 1.3816E-08 1.4315E-08 1.4813E-08 1.5307E-08 1.5793E-08 1.6269E-08 1.6730E-08 1.7172E-08 1.7593E-08 1.7986E-08 1.8348E-08 1.8674E-08 1.8959E-08 1.9197E-08 1.9384E-08 1.9515E-08
2.5980E-09 2.7146E-09 2.8376E-09 2.9603E-09 3.0924E-09 3.2312E-09 3.3661E-09 3.5239E-09 3.6750E-09 3.8352E-09 3.9970E-09 4.1670E-09 4.3402E-09 4.5220E-09 4.7130E-09 4.9090E-09 5.1141E-09 5.3257E-09 5.5459E-09 5.7724E-09 6.0074E-09 6.2515E-09 6.5028E-09 6.7662E-09 7.0358E-09 7.3190E-09 7.6195E-09 7.9345E-09 8.2699E-09 8.6252E-09 9.0011E-09 9.3979E-09 9.8191E-09 1.0255E-08 1.0708E-08 1.1177E-08 1.1658E-08 1.2150E-08 1.2651E-08 1.3163E-08 1.3681E-08 1.4201E-08 1.4723E-08 1.5243E-08 1.5759E-08 1.6267E-08 1.6764E-08 1.7245E-08 1.7707E-08 1.8146E-08 1.8556E-08 1.8934E-08 1.9274E-08 1.9573E-08 1.9822E-08 2.0016E-08 2.0152E-08
2.6118E-09 2.7297E-09 2.8536E-09 2.9770E-09 3.1107E-09 3.2506E-09 3.3865E-09 3.5474E-09 3.6991E-09 3.8623E-09 4.0263E-09 4.1985E-09 4.3754E-09 4.5593E-09 4.7544E-09 4.9539E-09 5.1622E-09 5.3799E-09 5.6037E-09 5.8355E-09 6.0769E-09 6.3258E-09 6.5864E-09 6.8551E-09 7.1339E-09 7.4272E-09 7.7357E-09 8.0632E-09 8.4112E-09 8.7783E-09 9.1672E-09 9.5820E-09 1.0018E-08 1.0471E-08 1.0945E-08 1.1433E-08 1.1934E-08 1.2447E-08 1.2972E-08 1.3506E-08 1.4045E-08 1.4588E-08 1.5133E-08 1.5676E-08 1.6214E-08 1.6743E-08 1.7261E-08 1.7762E-08 1.8246E-08 1.8702E-08 1.9129E-08 1.9521E-08 1.9873E-08 2.0180E-08 2.0437E-08 2.0638E-08 2.0777E-08
2.6236E-09 2.7425E-09 2.8668E-09 2.9911E-09 3.1261E-09 3.2666E-09 3.4040E-09 3.5666E-09 3.7191E-09 3.8858E-09 4.0504E-09 4.2257E-09 4.4054E-09 4.5918E-09 4.7908E-09 4.9936E-09 5.2061E-09 5.4293E-09 5.6557E-09 5.8947E-09 6.1406E-09 6.3968E-09 6.6638E-09 6.9395E-09 7.2290E-09 7.5295E-09 7.8490E-09 8.1893E-09 8.5482E-09 8.9283E-09 9.3338E-09 9.7623E-09 1.0215E-08 1.0691E-08 1.1182E-08 1.1690E-08 1.2211E-08 1.2748E-08 1.3295E-08 1.3851E-08 1.4413E-08 1.4980E-08 1.5547E-08 1.6113E-08 1.6673E-08 1.7227E-08 1.7765E-08 1.8286E-08 1.8786E-08 1.9259E-08 1.9702E-08 2.0109E-08 2.0473E-08 2.0789E-08 2.1053E-08 2.1258E-08 2.1400E-08
2.6333E-09 2.7532E-09 2.8776E-09 3.0026E-09 3.1387E-09 3.2794E-09 3.4185E-09 3.5817E-09 3.7354E-09 3.9046E-09 4.0703E-09 4.2486E-09 4.4308E-09 4.6197E-09 4.8216E-09 5.0276E-09 5.2436E-09 5.4707E-09 5.7019E-09 5.9463E-09 6.1980E-09 6.4613E-09 6.7332E-09 7.0199E-09 7.3167E-09 7.6270E-09 7.9592E-09 8.3095E-09 8.6806E-09 9.0765E-09 9.4955E-09 9.9400E-09 1.0414E-08 1.0906E-08 1.1416E-08 1.1944E-08 1.2490E-08 1.3047E-08 1.3617E-08 1.4195E-08 1.4781E-08 1.5370E-08 1.5961E-08 1.6552E-08 1.7135E-08 1.7708E-08 1.8266E-08 1.8809E-08 1.9327E-08 1.9817E-08 2.0273E-08 2.0691E-08 2.1067E-08 2.1397E-08 2.1667E-08 2.1876E-08 2.2019E-08
