Assets/Resources/2015_m01_d09_0300(utc+0800)_l00_csi_1hr_conc.grd
DSAA
         159         159
     -79.000      79.000
     -79.000      79.000
  0.4460E-09  0.1843E-04
[rows 100 to 124 of 159, columns 0 to 56 of 159]
7.1746E-10 7.3254E-10 7.4777E-10 7.6313E-10 7.7861E-10 7.9423E-10 8.1857E-10 8.3758E-10 8.5526E-10 8.7417E-10 8.9902E-10 9.2736E-10 9.6990E-10 9.9862E-10 1.0304E-09 1.0670E-09 1.1013E-09 1.1407E-09 1.1862E-09 1.2292E-09 1.2754E-09 1.3290E-09 1.3867E-09 1.4482E-09 1.5211E-09 1.5869E-09 1.6561E-09 1.7372E-09 1.8343E-09 1.9294E-09 2.0296E-09 2.1439E-09 2.2605E-09 2.3821E-09 2.5125E-09 2.6797E-09 2.8312E-09 2.9902E-09 3.1604E-09 3.3642E-09 3.5605E-09 3.7631E-09 3.9975E-09 4.2274E-09 4.4698E-09 4.7487E-09 5.0218E-09 5.3087E-09 5.6281E-09 5.9471E-09 6.2900E-09 6.6932E-09 7.2160E-09 7.6455E-09 8.0982E-09 8.5746E-09 9.1368E-09
7.1565E-10 7.3058E-10 7.4566E-10 7.6086E-10 7.7619E-10 7.9701E-10 8.1725E-10 8.3534E-10 8.5427E-10 8.7805E-10 9.0355E-10 9.3693E-10 9.7318E-10 1.0034E-09 1.0358E-09 1.0701E-09 1.1053E-09 1.1457E-09 1.1907E-09 1.2342E-09 1.2836E-09 1.3437E-09 1.4011E-09 1.4673E-09 1.5354E-09 1.6004E-09 1.6725E-09 1.7681E-09 1.8597E-09 1.9563E-09 2.0566E-09 2.1699E-09 2.2894E-09 2.4124E-09 2.5594E-09 2.7139E-09 2.8608E-09 3.0214E-09 3.2079E-09 3.3979E-09 3.5914E-09 3.7961E-09 4.0320E-09 4.2610E-09 4.5167E-09 4.7817E-09 5.0528E-09 5.3539E-09 5.6554E-09 5.9707E-09 6.3204E-09 6.8449E-09 7.2488E-09 7.6746E-09 8.1225E-09 8.5932E-09 9.1480E-09
7.1377E-10 7.2855E-10 7.4347E-10 7.5852E-10 7.7718E-10 7.9739E-10 8.1587E-10 8.3438E-10 8.5575E-10 8.7893E-10 9.0845E-10 9.4779E-10 9.7683E-10 1.0069E-09 1.0421E-09 1.0742E-09 1.1088E-09 1.1537E-09 1.1946E-09 1.2428E-09 1.3014E-09 1.3564E-09 1.4190E-09 1.4864E-09 1.5483E-09 1.6155E-09 1.7034E-09 1.7915E-09 1.8856E-09 1.9790E-09 2.0879E-09 2.1968E-09 2.3169E-09 2.4470E-09 2.5994E-09 2.7424E-09 2.8897E-09 3.0504E-09 3.2439E-09 3.4265E-09 3.6190E-09 3.8461E-09 4.0625E-09 4.2901E-09 4.5534E-09 4.8094E-09 5.0857E-09 5.3779E-09 5.6758E-09 6.0055E-09 6.4550E-09 6.8724E-09 7.2726E-09 7.6936E-09 8.1359E-09 8.5999E-09 9.1441E-09
7.1181E-10 7.2645E-10 7.4121E-10 7.5778E-10 7.7914E-10 7.9683E-10 8.1490E-10 8.3437E-10 8.5871E-10 8.8215E-10 9.2334E-10 9.5047E-10 9.8035E-10 1.0144E-09 1.0448E-09 1.0784E-09 1.1173E-09 1.1596E-09 1.2046E-09 1.2595E-09 1.3138E-09 1.3725E-09 1.4388E-09 1.4970E-09 1.5610E-09 1.6359E-09 1.7277E-09 1.8152E-09 1.9060E-09 2.0095E-09 2.1128E-09 2.2231E-09 2.3467E-09 2.4944E-09 2.6257E-09 2.7677E-09 2.9165E-09 3.0981E-09 3.2722E-09 3.4515E-09 3.6646E-09 3.8739E-09 4.0889E-09 4.3366E-09 4.5783E-09 4.8319E-09 5.1144E-09 5.3957E-09 5.6981E-09 6.0166E-09 6.5158E-09 6.8917E-09 7.2872E-09 7.7027E-09 8.1386E-09 8.5949E-09 9.1223E-09
7.0976E-10 7.2423E-10 7.3882E-10 7.6085E-10 7.7817E-10 7.9580E-10 8.1348E-10 8.3848E-10 8.5727E-10 8.8955E-10 9.2553E-10 9.5447E-10 9.8425E-10 1.0168E-09 1.0489E-09 1.0813E-09 1.1263E-09 1.1680E-09 1.2157E-09 1.2729E-09 1.3277E-09 1.3874E-09 1.4485E-09 1.5086E-09 1.5773E-09 1.6668E-09 1.7497E-09 1.8361E-09 1.9238E-09 2.0326E-09 2.1358E-09 2.2551E-09 2.3767E-09 2.5187E-09 2.6503E-09 2.7895E-09 2.9508E-09 3.1242E-09 3.2978E-09 3.4764E-09 3.6901E-09 3.8979E-09 4.1245E-09 4.3590E-09 4.5984E-09 4.8644E-09 5.1300E-09 5.4074E-09 5.7154E-09 6.1782E-09 6.5314E-09 6.9028E-09 7.2930E-09 7.7022E-09 8.1307E-09 8.5787E-09 9.0844E-09
7.0759E-10 7.2189E-10 7.4135E-10 7.5948E-10 7.7709E-10 7.9478E-10 8.1697E-10 8.3742E-10 8.6068E-10 9.0063E-10 9.2906E-10 9.5709E-10 9.9012E-10 1.0205E-09 1.0516E-09 1.0933E-09 1.1336E-09 1.1793E-09 1.2330E-09 1.2838E-09 1.3429E-09 1.4024E-09 1.4596E-09 1.5225E-09 1.6028E-09 1.6858E-09 1.7699E-09 1.8538E-09 1.9553E-09 2.0539E-09 2.1627E-09 2.2831E-09 2.4131E-09 2.5413E-09 2.6731E-09 2.8123E-09 2.9842E-09 3.1478E-09 3.3160E-09 3.5166E-09 3.7122E-09 3.9183E-09 4.1512E-09 4.3771E-09 4.6137E-09 4.8781E-09 5.1400E-09 5.4299E-09 5.8251E-09 6.1908E-09 6.5396E-09 6.9059E-09 7.2900E-09 7.6923E-09 8.1128E-09 8.5516E-09 9.0392E-09
7.0530E-10 7.2270E-10 7.4156E-10 7.5881E-10 7.7606E-10 7.9596E-10 8.1797E-10 8.3587E-10 8.7048E-10 9.0387E-10 9.3176E-10 9.6096E-10 9.9196E-10 1.0233E-09 1.0580E-09 1.0991E-09 1.1425E-09 1.1911E-09 1.2431E-09 1.2994E-09 1.3536E-09 1.4115E-09 1.4713E-09 1.5402E-09 1.6246E-09 1.7066E-09 1.7862E-09 1.8751E-09 1.9750E-09 2.0788E-09 2.1925E-09 2.3103E-09 2.4341E-09 2.5623E-09 2.6941E-09 2.8517E-09 3.0060E-09 3.1644E-09 3.3417E-09 3.5369E-09 3.7309E-09 3.9491E-09 4.1674E-09 4.3907E-09 4.6395E-09 4.8866E-09 5.1445E-09 5.4315E-09 5.8692E-09 6.1967E-09 6.5405E-09 6.9011E-09 7.2786E-09 7.6733E-09 8.0853E-09 8.5144E-09 8.9901E-09
7.0448E-10 7.2402E-10 7.4052E-10 7.5773E-10 7.7417E-10 7.9853E-10 8.1600E-10 8.4121E-10 8.7938E-10 9.0642E-10 9.3511E-10 9.6406E-10 9.9583E-10 1.0282E-09 1.0675E-09 1.1079E-09 1.1540E-09 1.2045E-09 1.2564E-09 1.3110E-09 1.3653E-09 1.4221E-09 1.4852E-09 1.5675E-09 1.6435E-09 1.7216E-09 1.8033E-09 1.9009E-09 1.9965E-09 2.1061E-09 2.2130E-09 2.3358E-09 2.4535E-09 2.5778E-09 2.7131E-09 2.8718E-09 3.0254E-09 3.1830E-09 3.3714E-09 3.5541E-09 3.7443E-09 3.9639E-09 4.1796E-09 4.4137E-09 4.6469E-09 4.8902E-09 5.1602E-09 5.5658E-09 5.8732E-09 6.1960E-09 6.5344E-09 6.8887E-09 7.2591E-09 7.6457E-09 8.0485E-09 8.4674E-09 8.9307E-09
7.0685E-10 7.2299E-10 7.3978E-10 7.5624E-10 7.7783E-10 7.9695E-10 8.1679E-10 8.5218E-10 8.8155E-10 9.0838E-10 9.3679E-10 9.6750E-10 9.9824E-10 1.0363E-09 1.0736E-09 1.1175E-09 1.1664E-09 1.2157E-09 1.2686E-09 1.3221E-09 1.3751E-09 1.4327E-09 1.5057E-09 1.5838E-09 1.6599E-09 1.7356E-09 1.8291E-09 1.9186E-09 2.0226E-09 2.1262E-09 2.2421E-09 2.3536E-09 2.4714E-09 2.5955E-09 2.7485E-09 2.8898E-09 3.0383E-09 3.2152E-09 3.3873E-09 3.5681E-09 3.7722E-09 3.9751E-09 4.1879E-09 4.4201E-09 4.6497E-09 4.9038E-09 5.1559E-09 5.5684E-09 5.8713E-09 6.1889E-09 6.5214E-09 6.8690E-09 7.2318E-09 7.6099E-09 8.0032E-09 8.4114E-09 8.8564E-09
7.0582E-10 7.2186E-10 7.3868E-10 7.5727E-10 7.7829E-10 7.9529E-10 8.2208E-10 8.5532E-10 8.8168E-10 9.1157E-10 9.3976E-10 9.6893E-10 1.0028E-09 1.0410E-09 1.0826E-09 1.1279E-09 1.1746E-09 1.2283E-09 1.2765E-09 1.3289E-09 1.3848E-09 1.4505E-09 1.5279E-09 1.6004E-09 1.6716E-09 1.7522E-09 1.8441E-09 1.9428E-09 2.0435E-09 2.1417E-09 2.2585E-09 2.3701E-09 2.4876E-09 2.6113E-09 2.7650E-09 2.9055E-09 3.0530E-09 3.2299E-09 3.4003E-09 3.5803E-09 3.7825E-09 3.9827E-09 4.2057E-09 4.4223E-09 4.6482E-09 4.8992E-09 5.2811E-09 5.5655E-09 5.8636E-09 6.1757E-09 6.5019E-09 6.8424E-09 7.1972E-09 7.5664E-09 7.9497E-09 8.3470E-09 8.7580E-09
7.0471E-10 7.2111E-10 7.3799E-10 7.6002E-10 7.7624E-10 7.9535E-10 8.2806E-10 8.5577E-10 8.8483E-10 9.1256E-10 9.4127E-10 9.7302E-10 1.0088E-09 1.0491E-09 1.0919E-09 1.1374E-09 1.1858E-09 1.2350E-09 1.2858E-09 1.3377E-09 1.3967E-09 1.4663E-09 1.5412E-09 1.6116E-09 1.6876E-09 1.7729E-09 1.8652E-09 1.9635E-09 2.0578E-09 2.1679E-09 2.2736E-09 2.3850E-09 2.5022E-09 2.6431E-09 2.7777E-09 2.9190E-09 3.0813E-09 3.2419E-09 3.4060E-09 3.6011E-09 3.7895E-09 3.9868E-09 4.2024E-09 4.4206E-09 4.6568E-09 4.8902E-09 5.2776E-09 5.5575E-09 5.8504E-09 6.1565E-09 6.4761E-09 6.8091E-09 7.1556E-09 7.5156E-09 7.8887E-09 8.2749E-09 8.6737E-09
7.0355E-10 7.1920E-10 7.4140E-10 7.5798E-10 7.7529E-10 7.9876E-10 8.2778E-10 8.5716E-10 8.8532E-10 9.1261E-10 9.4451E-10 9.7802E-10 1.0147E-09 1.0569E-09 1.1000E-09 1.1446E-09 1.1967E-09 1.2406E-09 1.2928E-09 1.3464E-09 1.4148E-09 1.4845E-09 1.5526E-09 1.6247E-09 1.7015E-09 1.7896E-09 1.8883E-09 1.9778E-09 2.0709E-09 2.1786E-09 2.2873E-09 2.3984E-09 2.5271E-09 2.6565E-09 2.7882E-09 2.9304E-09 3.0925E-09 3.2471E-09 3.4301E-09 3.6076E-09 3.7932E-09 3.9955E-09 4.2008E-09 4.4150E-09 4.6481E-09 4.9742E-09 5.2694E-09 5.5444E-09 5.8318E-09 6.1317E-09 6.4443E-09 6.7696E-09 7.1076E-09 7.4580E-09 7.8208E-09 8.1956E-09 8.5821E-09
7.0240E-10 7.2203E-10 7.4012E-10 7.5662E-10 7.7352E-10 8.0429E-10 8.3047E-10 8.5780E-10 8.8489E-10 9.1272E-10 9.4827E-10 9.8130E-10 1.0217E-09 1.0641E-09 1.1080E-09 1.1562E-09 1.2008E-09 1.2477E-09 1.3007E-09 1.3620E-09 1.4298E-09 1.4963E-09 1.5634E-09 1.6382E-09 1.7196E-09 1.8122E-09 1.8988E-09 1.9898E-09 2.0887E-09 2.1910E-09 2.2996E-09 2.4102E-09 2.5391E-09 2.6630E-09 2.7987E-09 2.9548E-09 3.1012E-09 3.2542E-09 3.4361E-09 3.6110E-09 3.7893E-09 3.9940E-09 4.1956E-09 4.4195E-09 4.7227E-09 4.9639E-09 5.2567E-09 5.5265E-09 5.8081E-09 6.1016E-09 6.4070E-09 6.7243E-09 7.0535E-09 7.3943E-09 7.7466E-09 8.1100E-09 8.4841E-09
7.0164E-10 7.2264E-10 7.3801E-10 7.5523E-10 7.7677E-10 8.0415E-10 8.3050E-10 8.5660E-10 8.8395E-10 9.1679E-10 9.5122E-10 9.8814E-10 1.0294E-09 1.0708E-09 1.1169E-09 1.1614E-09 1.2057E-09 1.2558E-09 1.3093E-09 1.3757E-09 1.4409E-09 1.5046E-09 1.5769E-09 1.6478E-09 1.7390E-09 1.8264E-09 1.9098E-09 2.0009E-09 2.0999E-09 2.2022E-09 2.3064E-09 2.4282E-09 2.5494E-09 2.6724E-09 2.8164E-09 2.9590E-09 3.1075E-09 3.2693E-09 3.4394E-09 3.6073E-09 3.7996E-09 3.9892E-09 4.1870E-09 4.4026E-09 4.6816E-09 4.9495E-09 5.2395E-09 5.5040E-09 5.7796E-09 6.0664E-09 6.3644E-09 6.6736E-09 6.9938E-09 7.3249E-09 7.6665E-09 8.0185E-09 8.3803E-09
7.0518E-10 7.2056E-10 7.3734E-10 7.5507E-10 7.7999E-10 8.0484E-10 8.2923E-10 8.5514E-10 8.8486E-10 9.1917E-10 9.5362E-10 9.9452E-10 1.0335E-09 1.0771E-09 1.1221E-09 1.1652E-09 1.2107E-09 1.2615E-09 1.3241E-09 1.3869E-09 1.4493E-09 1.5170E-09 1.5846E-09 1.6655E-09 1.7551E-09 1.8339E-09 1.9198E-09 2.0136E-09 2.1099E-09 2.2119E-09 2.3156E-09 2.4374E-09 2.5531E-09 2.6799E-09 2.8236E-09 2.9592E-09 3.1116E-09 3.2721E-09 3.4293E-09 3.6109E-09 3.7953E-09 3.9767E-09 4.1837E-09 4.4157E-09 4.6659E-09 4.9312E-09 5.1730E-09 5.4771E-09 5.7465E-09 6.0264E-09 6.3169E-09 6.6178E-09 6.9290E-09 7.2503E-09 7.5813E-09 7.9218E-09 8.2714E-09
7.0348E-10 7.1913E-10 7.3515E-10 7.5706E-10 7.8196E-10 8.0536E-10 8.2735E-10 8.5639E-10 8.8759E-10 9.1902E-10 9.5954E-10 1.0003E-09 1.0382E-09 1.0868E-09 1.1262E-09 1.1697E-09 1.2180E-09 1.2751E-09 1.3332E-09 1.3941E-09 1.4585E-09 1.5257E-09 1.5971E-09 1.6839E-09 1.7619E-09 1.8429E-09 1.9288E-09 2.0192E-09 2.1188E-09 2.2165E-09 2.3271E-09 2.4406E-09 2.5597E-09 2.6900E-09 2.8167E-09 2.9627E-09 3.1185E-09 3.2663E-09 3.4272E-09 3.6066E-09 3.7881E-09 3.9721E-09 4.1628E-09 4.3993E-09 4.6417E-09 4.8683E-09 5.1458E-09 5.4460E-09 5.7091E-09 5.9821E-09 6.2649E-09 6.5574E-09 6.8595E-09 7.1710E-09 7.4915E-09 7.8206E-09 8.1581E-09
7.0170E-10 7.1767E-10 7.3686E-10 7.5789E-10 7.8115E-10 8.0297E-10 8.2800E-10 8.5850E-10 8.8761E-10 9.2549E-10 9.6311E-10 1.0022E-09 1.0479E-09 1.0891E-09 1.1282E-09 1.1737E-09 1.2251E-09 1.2829E-09 1.3448E-09 1.4014E-09 1.4669E-09 1.5332E-09 1.6157E-09 1.6910E-09 1.7672E-09 1.8511E-09 1.9337E-09 2.0270E-09 2.1228E-09 2.2235E-09 2.3297E-09 2.4412E-09 2.5646E-09 2.6832E-09 2.8193E-09 2.9641E-09 3.1072E-09 3.2639E-09 3.4226E-09 3.5955E-09 3.7663E-09 3.9526E-09 4.1452E-09 4.3791E-09 4.6196E-09 4.8409E-09 5.1149E-09 5.3547E-09 5.6677E-09 5.9336E-09 6.2087E-09 6.4929E-09 6.7859E-09 7.0876E-09 7.3975E-09 7.7155E-09 8.0409E-09
7.0059E-10 7.1591E-10 7.3669E-10 7.6024E-10 7.8008E-10 8.0238E-10 8.2979E-10 8.5886E-10 8.9061E-10 9.2973E-10 9.6452E-10 1.0079E-09 1.0522E-09 1.0901E-09 1.1342E-09 1.1791E-09 1.2342E-09 1.2946E-09 1.3498E-09 1.4100E-09 1.4713E-09 1.5491E-09 1.6239E-09 1.6957E-09 1.7745E-09 1.8584E-09 1.9406E-09 2.0305E-09 2.1249E-09 2.2291E-09 2.3298E-09 2.4452E-09 2.5679E-09 2.6850E-09 2.8200E-09 2.9553E-09 3.0990E-09 3.2592E-09 3.4156E-09 3.5775E-09 3.7537E-09 3.9365E-09 4.1212E-09 4.3435E-09 4.5555E-09 4.8067E-09 5.0807E-09 5.3145E-09 5.6226E-09 5.8814E-09 6.1487E-09 6.4245E-09 6.7085E-09 7.0004E-09 7.3000E-09 7.6070E-09 7.9207E-09
6.9837E-10 7.1653E-10 7.3752E-10 7.5827E-10 7.7979E-10 8.0247E-10 8.2964E-10 8.5912E-10 8.9389E-10 9.3215E-10 9.6908E-10 1.0134E-09 1.0511E-09 1.0935E-09 1.1359E-09 1.1898E-09 1.2431E-09 1.2992E-09 1.3563E-09 1.4173E-09 1.4826E-09 1.5604E-09 1.6280E-09 1.7022E-09 1.7810E-09 1.8583E-09 1.9465E-09 2.0359E-09 2.1298E-09 2.2334E-09 2.3332E-09 2.4478E-09 2.5575E-09 2.6851E-09 2.8189E-09 2.9455E-09 3.0942E-09 3.2486E-09 3.3983E-09 3.5584E-09 3.7343E-09 3.9134E-09 4.0989E-09 4.2830E-09 4.5257E-09 4.7721E-09 4.9903E-09 5.2711E-09 5.5742E-09 5.8257E-09 6.0853E-09 6.3527E-09 6.6278E-09 6.9101E-09 7.1996E-09 7.4956E-09 7.7980E-09
6.9750E-10 7.1647E-10 7.3790E-10 7.5801E-10 7.7872E-10 8.0449E-10 8.3152E-10 8.6420E-10 8.9759E-10 9.3337E-10 9.7668E-10 1.0120E-09 1.0532E-09 1.0974E-09 1.1417E-09 1.1983E-09 1.2505E-09 1.3040E-09 1.3619E-09 1.4240E-09 1.4991E-09 1.5641E-09 1.6339E-09 1.7055E-09 1.7807E-09 1.8635E-09 1.9513E-09 2.0363E-09 2.1335E-09 2.2271E-09 2.3351E-09 2.4378E-09 2.5571E-09 2.6835E-09 2.8018E-09 2.9405E-09 3.0779E-09 3.2232E-09 3.3865E-09 3.5439E-09 3.7063E-09 3.8828E-09 4.0653E-09 4.2491E-09 4.4884E-09 4.6876E-09 4.9448E-09 5.2248E-09 5.4535E-09 5.7670E-09 6.0189E-09 6.2780E-09 6.5441E-09 6.8171E-09 7.0965E-09 7.3820E-09 7.6732E-09
6.9616E-10 7.1831E-10 7.3683E-10 7.5659E-10 7.8198E-10 8.0575E-10 8.3382E-10 8.6566E-10 8.9840E-10 9.3571E-10 9.7770E-10 1.0136E-09 1.0545E-09 1.0971E-09 1.1504E-09 1.2025E-09 1.2555E-09 1.3094E-09 1.3665E-09 1.4355E-09 1.5035E-09 1.5670E-09 1.6367E-09 1.7105E-09 1.7853E-09 1.8678E-09 1.9477E-09 2.0394E-09 2.1318E-09 2.2286E-09 2.3357E-09 2.4371E-09 2.5552E-09 2.6660E-09 2.7967E-09 2.9337E-09 3.0604E-09 3.2119E-09 3.3690E-09 3.5174E-09 3.6777E-09 3.8551E-09 4.0334E-09 4.2176E-09 4.4407E-09 4.6476E-09 4.8993E-09 5.1123E-09 5.3980E-09 5.7054E-09 5.9496E-09 6.2006E-09 6.4580E-09 6.7217E-09 6.9913E-09 7.2665E-09 7.5468E-09
6.9711E-10 7.1516E-10 7.3597E-10 7.5882E-10 7.8096E-10 8.0711E-10 8.3707E-10 8.6738E-10 9.0205E-10 9.4242E-10 9.7607E-10 1.0147E-09 1.0536E-09 1.1044E-09 1.1557E-09 1.2078E-09 1.2615E-09 1.3146E-09 1.3750E-09 1.4440E-09 1.5061E-09 1.5716E-09 1.6387E-09 1.7117E-09 1.7863E-09 1.8642E-09 1.9504E-09 2.0415E-09 2.1284E-09 2.2289E-09 2.3241E-09 2.4350E-09 2.5387E-09 2.6609E-09 2.7899E-09 2.9083E-09 3.0495E-09 3.1878E-09 3.3424E-09 3.4981E-09 3.6556E-09 3.8173E-09 3.9924E-09 4.1731E-09 4.3546E-09 4.6005E-09 4.7945E-09 5.0544E-09 5.3400E-09 5.5617E-09 5.8779E-09 6.1208E-09 6.3697E-09 6.6243E-09 6.8844E-09 7.1495E-09 7.4194E-09
6.9625E-10 7.1478E-10 7.3393E-10 7.5841E-10 7.8268E-10 8.1043E-10 8.4049E-10 8.7170E-10 9.0811E-10 9.3924E-10 9.7426E-10 1.0156E-09 1.0583E-09 1.1099E-09 1.1602E-09 1.2119E-09 1.2622E-09 1.3204E-09 1.3862E-09 1.4462E-09 1.5079E-09 1.5733E-09 1.6396E-09 1.7124E-09 1.7892E-09 1.8665E-09 1.9521E-09 2.0339E-09 2.1285E-09 2.2229E-09 2.3219E-09 2.4315E-09 2.5336E-09 2.6543E-09 2.7651E-09 2.8977E-09 3.0370E-09 3.1626E-09 3.3156E-09 3.4740E-09 3.6316E-09 3.7898E-09 3.9566E-09 4.1327E-09 4.3142E-09 4.5388E-09 4.7442E-09 5.0000E-09 5.2062E-09 5.4947E-09 5.7148E-09 6.0389E-09 6.2795E-09 6.5253E-09 6.7760E-09 7.0314E-09 7.2910E-09
6.9393E-10 7.1309E-10 7.3742E-10 7.5791E-10 7.8447E-10 8.1339E-10 8.4227E-10 8.7251E-10 9.0799E-10 9.4082E-10 9.7570E-10 1.0157E-09 1.0643E-09 1.1101E-09 1.1635E-09 1.2106E-09 1.2666E-09 1.3259E-09 1.3909E-09 1.4453E-09 1.5094E-09 1.5718E-09 1.6425E-09 1.7123E-09 1.7878E-09 1.8649E-09 1.9488E-09 2.0338E-09 2.1227E-09 2.2156E-09 2.3184E-09 2.4143E-09 2.5271E-09 2.6387E-09 2.7550E-09 2.8856E-09 3.0124E-09 3.1457E-09 3.2836E-09 3.4389E-09 3.5911E-09 3.7493E-09 3.9090E-09 4.0800E-09 4.2590E-09 4.4369E-09 4.6882E-09 4.8755E-09 5.1382E-09 5.4257E-09 5.6388E-09 5.9553E-09 6.1876E-09 6.4247E-09 6.6665E-09 6.9124E-09 7.1621E-09
6.9366E-10 7.1299E-10 7.3552E-10 7.6017E-10 7.8788E-10 8.1464E-10 8.4523E-10 8.7950E-10 9.0890E-10 9.4038E-10 9.7558E-10 1.0156E-09 1.0673E-09 1.1158E-09 1.1646E-09 1.2145E-09 1.2734E-09 1.3344E-09 1.3923E-09 1.4484E-09 1.5101E-09 1.5744E-09 1.6398E-09 1.7109E-09 1.7834E-09 1.8654E-09 1.9413E-09 2.0326E-09 2.1156E-09 2.2122E-09 2.3022E-09 2.4082E-09 2.5194E-09 2.6213E-09 2.7435E-09 2.8534E-09 2.9868E-09 3.1156E-09 3.2505E-09 3.4036E-09 3.5481E-09 3.7044E-09 3.8738E-09 4.0377E-09 4.2103E-09 4.3880E-09 4.6143E-09 4.8132E-09 5.0738E-09 5.2690E-09 5.5610E-09 5.7715E-09 6.0942E-09 6.3229E-09 6.5558E-09 6.7924E-09 7.0325E-09
