Assets/Resources/2015_m01_d11_1100(utc+0800)_l00_csi_1hr_conc.grd
DSAA
         159         159
     -79.000      79.000
     -79.000      79.000
  0.0000E+00  0.1337E-05
[rows 25 to 49 of 159, columns 57 to 113 of 159]
2.5621E-08 2.3670E-08 2.1800E-08 2.0049E-08 1.8427E-08 1.6946E-08 1.5607E-08 1.4411E-08 1.3359E-08 1.2434E-08 1.1630E-08 1.0932E-08 1.0336E-08 9.8272E-09 9.3846E-09 9.0033E-09 8.6734E-09 8.3859E-09 8.1330E-09 7.9081E-09 7.7052E-09 7.5205E-09 7.3473E-09 7.1827E-09 7.0238E-09 6.8686E-09 6.7151E-09 6.5625E-09 6.4096E-09 6.2568E-09 6.1030E-09 5.9485E-09 5.7938E-09 5.6381E-09 5.4820E-09 5.3262E-09 5.1705E-09 5.0153E-09 4.8609E-09 4.7081E-09 4.5572E-09 4.4085E-09 4.2620E-09 4.1179E-09 3.9762E-09 3.8374E-09 3.7013E-09 3.5685E-09 3.4387E-09 3.3118E-09 3.1879E-09 3.0672E-09 2.9493E-09 2.8344E-09 2.7224E-09 2.6131E-09 2.5064E-09
2.5218E-08 2.3269E-08 2.1419E-08 1.9684E-08 1.8096E-08 1.6647E-08 1.5354E-08 1.4195E-08 1.3179E-08 1.2290E-08 1.1521E-08 1.0859E-08 1.0295E-08 9.8140E-09 9.3972E-09 9.0374E-09 8.7253E-09 8.4542E-09 8.2157E-09 8.0031E-09 7.8110E-09 7.6358E-09 7.4719E-09 7.3144E-09 7.1622E-09 7.0124E-09 6.8641E-09 6.7159E-09 6.5667E-09 6.4170E-09 6.2660E-09 6.1136E-09 5.9606E-09 5.8059E-09 5.6507E-09 5.4951E-09 5.3394E-09 5.1838E-09 5.0288E-09 4.8749E-09 4.7226E-09 4.5724E-09 4.4241E-09 4.2779E-09 4.1340E-09 3.9927E-09 3.8541E-09 3.7185E-09 3.5859E-09 3.4561E-09 3.3291E-09 3.2052E-09 3.0840E-09 2.9657E-09 2.8503E-09 2.7376E-09 2.6274E-09
2.4552E-08 2.2626E-08 2.0807E-08 1.9114E-08 1.7568E-08 1.6177E-08 1.4934E-08 1.3842E-08 1.2877E-08 1.2039E-08 1.1317E-08 1.0701E-08 1.0179E-08 9.7328E-09 9.3489E-09 9.0162E-09 8.7281E-09 8.4763E-09 8.2565E-09 8.0600E-09 7.8818E-09 7.7181E-09 7.5652E-09 7.4174E-09 7.2735E-09 7.1308E-09 6.9889E-09 6.8467E-09 6.7025E-09 6.5572E-09 6.4100E-09 6.2609E-09 6.1105E-09 5.9580E-09 5.8046E-09 5.6503E-09 5.4955E-09 5.3404E-09 5.1856E-09 5.0314E-09 4.8786E-09 4.7276E-09 4.5782E-09 4.4306E-09 4.2852E-09 4.1421E-09 4.0015E-09 3.8638E-09 3.7289E-09 3.5965E-09 3.4669E-09 3.3402E-09 3.2162E-09 3.0949E-09 2.9764E-09 2.8606E-09 2.7471E-09
2.3658E-08 2.1773E-08 2.0001E-08 1.8362E-08 1.6881E-08 1.5554E-08 1.4383E-08 1.3361E-08 1.2467E-08 1.1693E-08 1.1027E-08 1.0465E-08 9.9936E-09 9.5891E-09 9.2418E-09 8.9425E-09 8.6832E-09 8.4556E-09 8.2558E-09 8.0787E-09 7.9174E-09 7.7681E-09 7.6269E-09 7.4908E-09 7.3570E-09 7.2229E-09 7.0886E-09 6.9535E-09 6.8158E-09 6.6761E-09 6.5336E-09 6.3891E-09 6.2424E-09 6.0932E-09 5.9424E-09 5.7906E-09 5.6375E-09 5.4838E-09 5.3300E-09 5.1766E-09 5.0241E-09 4.8729E-09 4.7232E-09 4.5750E-09 4.4287E-09 4.2846E-09 4.1426E-09 4.0033E-09 3.8666E-09 3.7323E-09 3.6005E-09 3.4715E-09 3.3450E-09 3.2211E-09 3.0999E-09 2.9812E-09 2.8649E-09
2.2595E-08 2.0752E-08 1.9037E-08 1.7468E-08 1.6056E-08 1.4815E-08 1.3718E-08 1.2777E-08 1.1960E-08 1.1263E-08 1.0665E-08 1.0161E-08 9.7446E-09 9.3902E-09 9.0842E-09 8.8194E-09 8.5928E-09 8.3936E-09 8.2173E-09 8.0601E-09 7.9184E-09 7.7857E-09 7.6582E-09 7.5341E-09 7.4122E-09 7.2882E-09 7.1630E-09 7.0357E-09 6.9058E-09 6.7729E-09 6.6363E-09 6.4972E-09 6.3554E-09 6.2104E-09 6.0634E-09 5.9147E-09 5.7643E-09 5.6130E-09 5.4611E-09 5.3092E-09 5.1578E-09 5.0076E-09 4.8581E-09 4.7101E-09 4.5636E-09 4.4191E-09 4.2764E-09 4.1361E-09 3.9982E-09 3.8624E-09 3.7290E-09 3.5982E-09 3.4697E-09 3.3436E-09 3.2200E-09 3.0989E-09 2.9799E-09
2.1412E-08 1.9622E-08 1.7967E-08 1.6471E-08 1.5139E-08 1.3974E-08 1.2973E-08 1.2113E-08 1.1384E-08 1.0764E-08 1.0242E-08 9.8036E-09 9.4428E-09 9.1405E-09 8.8809E-09 8.6556E-09 8.4610E-09 8.2922E-09 8.1429E-09 8.0080E-09 7.8852E-09 7.7713E-09 7.6593E-09 7.5488E-09 7.4386E-09 7.3267E-09 7.2118E-09 7.0934E-09 6.9718E-09 6.8469E-09 6.7174E-09 6.5845E-09 6.4484E-09 6.3087E-09 6.1665E-09 6.0218E-09 5.8752E-09 5.7269E-09 5.5779E-09 5.4284E-09 5.2790E-09 5.1303E-09 4.9821E-09 4.8349E-09 4.6891E-09 4.5447E-09 4.4020E-09 4.2614E-09 4.1228E-09 3.9861E-09 3.8517E-09 3.7195E-09 3.5895E-09 3.4616E-09 3.3361E-09 3.2128E-09 3.0916E-09
2.0176E-08 1.8432E-08 1.6838E-08 1.5412E-08 1.4165E-08 1.3087E-08 1.2169E-08 1.1399E-08 1.0754E-08 1.0218E-08 9.7707E-09 9.4032E-09 9.1004E-09 8.8501E-09 8.6368E-09 8.4545E-09 8.2946E-09 8.1556E-09 8.0340E-09 7.9241E-09 7.8218E-09 7.7256E-09 7.6309E-09 7.5355E-09 7.4378E-09 7.3377E-09 7.2347E-09 7.1264E-09 7.0140E-09 6.8975E-09 6.7762E-09 6.6507E-09 6.5210E-09 6.3876E-09 6.2509E-09 6.1112E-09 5.9690E-09 5.8250E-09 5.6796E-09 5.5332E-09 5.3868E-09 5.2404E-09 5.0943E-09 4.9486E-09 4.8041E-09 4.6606E-09 4.5186E-09 4.3783E-09 4.2396E-09 4.1026E-09 3.9676E-09 3.8347E-09 3.7036E-09 3.5745E-09 3.4474E-09 3.3224E-09 3.1994E-09
1.8954E-08 1.7250E-08 1.5706E-08 1.4343E-08 1.3168E-08 1.2172E-08 1.1341E-08 1.0654E-08 1.0094E-08 9.6391E-09 9.2689E-09 8.9682E-09 8.7283E-09 8.5297E-09 8.3614E-09 8.2206E-09 8.0975E-09 7.9898E-09 7.8947E-09 7.8098E-09 7.7300E-09 7.6520E-09 7.5736E-09 7.4944E-09 7.4108E-09 7.3231E-09 7.2316E-09 7.1348E-09 7.0326E-09 6.9251E-09 6.8128E-09 6.6955E-09 6.5731E-09 6.4465E-09 6.3164E-09 6.1825E-09 6.0456E-09 5.9065E-09 5.7656E-09 5.6233E-09 5.4804E-09 5.3372E-09 5.1938E-09 5.0506E-09 4.9080E-09 4.7661E-09 4.6254E-09 4.4859E-09 4.3479E-09 4.2111E-09 4.0762E-09 3.9429E-09 3.8113E-09 3.6814E-09 3.5533E-09 3.4269E-09 3.3024E-09
1.7789E-08 1.6125E-08 1.4616E-08 1.3304E-08 1.2191E-08 1.1264E-08 1.0512E-08 9.9052E-09 9.4248E-09 9.0463E-09 8.7509E-09 8.5142E-09 8.3313E-09 8.1864E-09 8.0644E-09 7.9610E-09 7.8738E-09 7.7976E-09 7.7302E-09 7.6686E-09 7.6108E-09 7.5520E-09 7.4908E-09 7.4263E-09 7.3577E-09 7.2839E-09 7.2040E-09 7.1186E-09 7.0277E-09 6.9301E-09 6.8269E-09 6.7186E-09 6.6044E-09 6.4854E-09 6.3623E-09 6.2351E-09 6.1044E-09 5.9710E-09 5.8352E-09 5.6978E-09 5.5593E-09 5.4200E-09 5.2801E-09 5.1401E-09 5.0001E-09 4.8605E-09 4.7215E-09 4.5838E-09 4.4468E-09 4.3112E-09 4.1766E-09 4.0436E-09 3.9119E-09 3.7817E-09 3.6531E-09 3.5258E-09 3.4003E-09
1.6742E-08 1.5092E-08 1.3614E-08 1.2330E-08 1.1261E-08 1.0394E-08 9.7036E-09 9.1725E-09 8.7623E-09 8.4545E-09 8.2256E-09 8.0529E-09 7.9245E-09 7.8258E-09 7.7497E-09 7.6840E-09 7.6285E-09 7.5831E-09 7.5427E-09 7.5048E-09 7.4674E-09 7.4270E-09 7.3836E-09 7.3346E-09 7.2798E-09 7.2201E-09 7.1531E-09 7.0793E-09 6.9993E-09 6.9127E-09 6.8195E-09 6.7201E-09 6.6149E-09 6.5044E-09 6.3889E-09 6.2690E-09 6.1453E-09 6.0182E-09 5.8883E-09 5.7565E-09 5.6231E-09 5.4885E-09 5.3527E-09 5.2165E-09 5.0798E-09 4.9430E-09 4.8068E-09 4.6710E-09 4.5360E-09 4.4017E-09 4.2683E-09 4.1361E-09 4.0047E-09 3.8747E-09 3.7460E-09 3.6185E-09 3.4923E-09
1.5850E-08 1.4195E-08 1.2719E-08 1.1454E-08 1.0407E-08 9.5790E-09 8.9444E-09 8.4670E-09 8.1238E-09 7.8769E-09 7.7070E-09 7.5895E-09 7.5127E-09 7.4607E-09 7.4214E-09 7.3922E-09 7.3694E-09 7.3506E-09 7.3357E-09 7.3206E-09 7.3027E-09 7.2804E-09 7.2532E-09 7.2200E-09 7.1802E-09 7.1330E-09 7.0791E-09 7.0180E-09 6.9492E-09 6.8732E-09 6.7907E-09 6.7009E-09 6.6049E-09 6.5034E-09 6.3963E-09 6.2841E-09 6.1680E-09 6.0480E-09 5.9248E-09 5.7991E-09 5.6717E-09 5.5422E-09 5.4112E-09 5.2793E-09 5.1467E-09 5.0134E-09 4.8803E-09 4.7473E-09 4.6148E-09 4.4823E-09 4.3507E-09 4.2198E-09 4.0894E-09 3.9599E-09 3.8316E-09 3.7043E-09 3.5779E-09
1.5129E-08 1.3448E-08 1.1958E-08 1.0688E-08 9.6535E-09 8.8428E-09 8.2400E-09 7.8105E-09 7.5145E-09 7.3230E-09 7.2018E-09 7.1344E-09 7.1033E-09 7.0923E-09 7.0897E-09 7.0905E-09 7.0968E-09 7.1053E-09 7.1127E-09 7.1184E-09 7.1188E-09 7.1141E-09 7.1029E-09 7.0841E-09 7.0589E-09 7.0255E-09 6.9839E-09 6.9349E-09 6.8780E-09 6.8130E-09 6.7410E-09 6.6615E-09 6.5753E-09 6.4829E-09 6.3847E-09 6.2811E-09 6.1728E-09 6.0604E-09 5.9445E-09 5.8258E-09 5.7045E-09 5.5809E-09 5.4555E-09 5.3284E-09 5.2002E-09 5.0713E-09 4.9419E-09 4.8124E-09 4.6825E-09 4.5527E-09 4.4231E-09 4.2941E-09 4.1652E-09 4.0369E-09 3.9094E-09 3.7824E-09 3.6566E-09
1.4589E-08 1.2870E-08 1.1338E-08 1.0045E-08 9.0012E-09 8.1949E-09 7.6071E-09 7.2064E-09 6.9486E-09 6.7973E-09 6.7189E-09 6.6923E-09 6.7026E-09 6.7267E-09 6.7542E-09 6.7858E-09 6.8171E-09 6.8485E-09 6.8776E-09 6.9014E-09 6.9190E-09 6.9304E-09 6.9340E-09 6.9305E-09 6.9182E-09 6.8978E-09 6.8694E-09 6.8322E-09 6.7865E-09 6.7333E-09 6.6717E-09 6.6025E-09 6.5265E-09 6.4437E-09 6.3544E-09 6.2600E-09 6.1601E-09 6.0558E-09 5.9476E-09 5.8364E-09 5.7217E-09 5.6046E-09 5.4850E-09 5.3636E-09 5.2403E-09 5.1162E-09 4.9912E-09 4.8654E-09 4.7391E-09 4.6123E-09 4.4855E-09 4.3585E-09 4.2317E-09 4.1052E-09 3.9788E-09 3.8528E-09 3.7276E-09
1.4224E-08 1.2457E-08 1.0874E-08 9.5314E-09 8.4588E-09 7.6409E-09 7.0536E-09 6.6628E-09 6.4289E-09 6.3079E-09 6.2616E-09 6.2681E-09 6.3135E-09 6.3675E-09 6.4225E-09 6.4778E-09 6.5327E-09 6.5850E-09 6.6316E-09 6.6720E-09 6.7056E-09 6.7316E-09 6.7496E-09 6.7593E-09 6.7605E-09 6.7527E-09 6.7361E-09 6.7110E-09 6.6769E-09 6.6346E-09 6.5838E-09 6.5253E-09 6.4592E-09 6.3863E-09 6.3067E-09 6.2212E-09 6.1303E-09 6.0345E-09 5.9346E-09 5.8309E-09 5.7237E-09 5.6132E-09 5.5001E-09 5.3847E-09 5.2671E-09 5.1482E-09 5.0279E-09 4.9065E-09 4.7840E-09 4.6609E-09 4.5373E-09 4.4129E-09 4.2885E-09 4.1641E-09 4.0395E-09 3.9149E-09 3.7907E-09
1.4018E-08 1.2192E-08 1.0549E-08 9.1501E-09 8.0233E-09 7.1770E-09 6.5809E-09 6.1887E-09 5.9604E-09 5.8571E-09 5.8343E-09 5.8670E-09 5.9388E-09 6.0169E-09 6.0952E-09 6.1724E-09 6.2468E-09 6.3153E-09 6.3778E-09 6.4330E-09 6.4808E-09 6.5202E-09 6.5515E-09 6.5739E-09 6.5870E-09 6.5915E-09 6.5869E-09 6.5726E-09 6.5503E-09 6.5186E-09 6.4786E-09 6.4306E-09 6.3749E-09 6.3116E-09 6.2419E-09 6.1658E-09 6.0839E-09 5.9971E-09 5.9057E-09 5.8099E-09 5.7104E-09 5.6071E-09 5.5009E-09 5.3916E-09 5.2805E-09 5.1670E-09 5.0520E-09 4.9354E-09 4.8172E-09 4.6981E-09 4.5780E-09 4.4571E-09 4.3354E-09 4.2134E-09 4.0910E-09 3.9684E-09 3.8457E-09
1.3950E-08 1.2066E-08 1.0352E-08 8.8865E-09 7.7007E-09 6.8046E-09 6.1792E-09 5.7804E-09 5.5501E-09 5.4515E-09 5.4400E-09 5.4901E-09 5.5791E-09 5.6781E-09 5.7760E-09 5.8707E-09 5.9599E-09 6.0428E-09 6.1184E-09 6.1866E-09 6.2467E-09 6.2986E-09 6.3417E-09 6.3754E-09 6.4007E-09 6.4162E-09 6.4224E-09 6.4198E-09 6.4077E-09 6.3868E-09 6.3575E-09 6.3197E-09 6.2741E-09 6.2210E-09 6.1609E-09 6.0943E-09 6.0219E-09 5.9441E-09 5.8615E-09 5.7740E-09 5.6822E-09 5.5866E-09 5.4874E-09 5.3851E-09 5.2802E-09 5.1730E-09 5.0635E-09 4.9519E-09 4.8387E-09 4.7239E-09 4.6078E-09 4.4904E-09 4.3722E-09 4.2530E-09 4.1330E-09 4.0128E-09 3.8921E-09
1.3988E-08 1.2055E-08 1.0273E-08 8.7339E-09 7.4802E-09 6.5285E-09 5.8587E-09 5.4295E-09 5.1906E-09 5.0860E-09 5.0792E-09 5.1363E-09 5.2366E-09 5.3526E-09 5.4657E-09 5.5732E-09 5.6743E-09 5.7687E-09 5.8555E-09 5.9348E-09 6.0059E-09 6.0688E-09 6.1220E-09 6.1672E-09 6.2023E-09 6.2286E-09 6.2454E-09 6.2530E-09 6.2513E-09 6.2409E-09 6.2215E-09 6.1942E-09 6.1583E-09 6.1152E-09 6.0649E-09 6.0080E-09 5.9450E-09 5.8765E-09 5.8024E-09 5.7234E-09 5.6398E-09 5.5518E-09 5.4601E-09 5.3651E-09 5.2668E-09 5.1660E-09 5.0624E-09 4.9563E-09 4.8481E-09 4.7383E-09 4.6265E-09 4.5130E-09 4.3985E-09 4.2826E-09 4.1657E-09 4.0479E-09 3.9298E-09
1.4097E-08 1.2138E-08 1.0298E-08 8.6867E-09 7.3579E-09 6.3357E-09 5.6111E-09 5.1384E-09 4.8767E-09 4.7607E-09 4.7474E-09 4.8071E-09 4.9130E-09 5.0410E-09 5.1641E-09 5.2809E-09 5.3915E-09 5.4949E-09 5.5913E-09 5.6798E-09 5.7605E-09 5.8320E-09 5.8957E-09 5.9496E-09 5.9948E-09 6.0306E-09 6.0571E-09 6.0745E-09 6.0826E-09 6.0821E-09 6.0728E-09 6.0548E-09 6.0292E-09 5.9957E-09 5.9550E-09 5.9078E-09 5.8541E-09 5.7947E-09 5.7294E-09 5.6590E-09 5.5835E-09 5.5037E-09 5.4196E-09 5.3318E-09 5.2408E-09 5.1462E-09 5.0489E-09 4.9486E-09 4.8460E-09 4.7411E-09 4.6340E-09 4.5251E-09 4.4142E-09 4.3021E-09 4.1886E-09 4.0739E-09 3.9582E-09
1.4283E-08 1.2303E-08 1.0420E-08 8.7320E-09 7.3226E-09 6.2233E-09 5.4293E-09 4.9092E-09 4.6028E-09 4.4635E-09 4.4462E-09 4.5032E-09 4.6074E-09 4.7413E-09 4.8708E-09 4.9950E-09 5.1122E-09 5.2233E-09 5.3270E-09 5.4235E-09 5.5115E-09 5.5917E-09 5.6631E-09 5.7256E-09 5.7795E-09 5.8239E-09 5.8596E-09 5.8857E-09 5.9036E-09 5.9121E-09 5.9121E-09 5.9039E-09 5.8875E-09 5.8637E-09 5.8326E-09 5.7945E-09 5.7505E-09 5.6997E-09 5.6434E-09 5.5814E-09 5.5144E-09 5.4425E-09 5.3663E-09 5.2859E-09 5.2019E-09 5.1143E-09 5.0232E-09 4.9291E-09 4.8323E-09 4.7325E-09 4.6304E-09 4.5262E-09 4.4198E-09 4.3114E-09 4.2016E-09 4.0905E-09 3.9777E-09
1.4552E-08 1.2554E-08 1.0623E-08 8.8709E-09 7.3730E-09 6.1846E-09 5.3071E-09 4.7179E-09 4.3708E-09 4.2080E-09 4.1707E-09 4.2215E-09 4.3180E-09 4.4531E-09 4.5870E-09 4.7156E-09 4.8383E-09 4.9548E-09 5.0644E-09 5.1668E-09 5.2616E-09 5.3484E-09 5.4268E-09 5.4969E-09 5.5581E-09 5.6106E-09 5.6541E-09 5.6892E-09 5.7151E-09 5.7325E-09 5.7415E-09 5.7421E-09 5.7352E-09 5.7204E-09 5.6986E-09 5.6699E-09 5.6345E-09 5.5929E-09 5.5451E-09 5.4917E-09 5.4331E-09 5.3691E-09 5.3008E-09 5.2280E-09 5.1512E-09 5.0704E-09 4.9859E-09 4.8981E-09 4.8070E-09 4.7129E-09 4.6160E-09 4.5165E-09 4.4148E-09 4.3108E-09 4.2049E-09 4.0973E-09 3.9881E-09
1.4891E-08 1.2897E-08 1.0918E-08 9.0915E-09 7.5084E-09 6.2136E-09 5.2529E-09 4.5927E-09 4.1842E-09 3.9820E-09 3.9221E-09 3.9528E-09 4.0442E-09 4.1762E-09 4.3129E-09 4.4444E-09 4.5708E-09 4.6908E-09 4.8050E-09 4.9118E-09 5.0119E-09 5.1040E-09 5.1886E-09 5.2647E-09 5.3325E-09 5.3919E-09 5.4431E-09 5.4855E-09 5.5194E-09 5.5450E-09 5.5622E-09 5.5717E-09 5.5731E-09 5.5674E-09 5.5544E-09 5.5346E-09 5.5079E-09 5.4749E-09 5.4357E-09 5.3907E-09 5.3400E-09 5.2844E-09 5.2237E-09 5.1585E-09 5.0890E-09 5.0150E-09 4.9373E-09 4.8559E-09 4.7708E-09 4.6822E-09 4.5909E-09 4.4966E-09 4.3995E-09 4.3002E-09 4.1985E-09 4.0947E-09 3.9889E-09
1.5325E-08 1.3314E-08 1.1305E-08 9.3967E-09 7.7197E-09 6.3292E-09 5.2553E-09 4.5045E-09 4.0342E-09 3.7805E-09 3.6912E-09 3.7036E-09 3.7832E-09 3.9113E-09 4.0489E-09 4.1818E-09 4.3101E-09 4.4326E-09 4.5495E-09 4.6600E-09 4.7638E-09 4.8605E-09 4.9494E-09 5.0308E-09 5.1043E-09 5.1701E-09 5.2275E-09 5.2768E-09 5.3179E-09 5.3510E-09 5.3761E-09 5.3934E-09 5.4033E-09 5.4059E-09 5.4015E-09 5.3899E-09 5.3717E-09 5.3470E-09 5.3161E-09 5.2792E-09 5.2367E-09 5.1888E-09 5.1360E-09 5.0783E-09 5.0157E-09 4.9490E-09 4.8779E-09 4.8028E-09 4.7238E-09 4.6413E-09 4.5553E-09 4.4664E-09 4.3744E-09 4.2796E-09 4.1825E-09 4.0828E-09 3.9807E-09
1.5845E-08 1.3840E-08 1.1778E-08 9.8042E-09 8.0179E-09 6.5106E-09 5.3293E-09 4.4714E-09 3.9164E-09 3.6043E-09 3.4747E-09 3.4704E-09 3.5366E-09 3.6583E-09 3.7953E-09 3.9283E-09 4.0572E-09 4.1810E-09 4.2996E-09 4.4124E-09 4.5186E-09 4.6182E-09 4.7110E-09 4.7967E-09 4.8753E-09 4.9459E-09 5.0092E-09 5.0644E-09 5.1121E-09 5.1520E-09 5.1843E-09 5.2091E-09 5.2268E-09 5.2374E-09 5.2407E-09 5.2371E-09 5.2269E-09 5.2102E-09 5.1873E-09 5.1583E-09 5.1237E-09 5.0836E-09 5.0383E-09 4.9878E-09 4.9326E-09 4.8725E-09 4.8082E-09 4.7395E-09 4.6666E-09 4.5901E-09 4.5099E-09 4.4262E-09 4.3394E-09 4.2497E-09 4.1568E-09 4.0614E-09 3.9635E-09
1.6513E-08 1.4500E-08 1.2392E-08 1.0321E-08 8.4170E-09 6.7732E-09 5.4618E-09 4.4915E-09 3.8371E-09 3.4592E-09 3.2847E-09 3.2484E-09 3.3052E-09 3.4180E-09 3.5527E-09 3.6846E-09 3.8129E-09 3.9368E-09 4.0556E-09 4.1691E-09 4.2770E-09 4.3790E-09 4.4747E-09 4.5640E-09 4.6461E-09 4.7213E-09 4.7893E-09 4.8500E-09 4.9035E-09 4.9495E-09 4.9884E-09 5.0202E-09 5.0451E-09 5.0627E-09 5.0735E-09 5.0774E-09 5.0748E-09 5.0657E-09 5.0503E-09 5.0291E-09 5.0020E-09 4.9694E-09 4.9314E-09 4.8881E-09 4.8397E-09 4.7867E-09 4.7288E-09 4.6664E-09 4.5999E-09 4.5291E-09 4.4548E-09 4.3767E-09 4.2950E-09 4.2102E-09 4.1221E-09 4.0310E-09 3.9372E-09
1.7270E-08 1.5277E-08 1.3131E-08 1.0974E-08 8.9406E-09 7.1553E-09 5.6811E-09 4.5753E-09 3.8133E-09 3.3392E-09 3.1119E-09 3.0498E-09 3.0854E-09 3.1908E-09 3.3212E-09 3.4507E-09 3.5771E-09 3.6996E-09 3.8179E-09 3.9317E-09 4.0406E-09 4.1440E-09 4.2416E-09 4.3332E-09 4.4185E-09 4.4974E-09 4.5694E-09 4.6349E-09 4.6932E-09 4.7450E-09 4.7898E-09 4.8281E-09 4.8590E-09 4.8835E-09 4.9009E-09 4.9120E-09 4.9164E-09 4.9145E-09 4.9065E-09 4.8924E-09 4.8726E-09 4.8471E-09 4.8161E-09 4.7798E-09 4.7383E-09 4.6918E-09 4.6404E-09 4.5843E-09 4.5238E-09 4.4593E-09 4.3905E-09 4.3178E-09 4.2416E-09 4.1616E-09 4.0783E-09 3.9917E-09 3.9022E-09
