Assets/Resources/2015_m01_d28_1700(utc+0800)_l00_csi_1hr_conc.grd
DSAA
         159         159
     -79.000      79.000
     -79.000      79.000
  0.0000E+00  0.2650E-05
[rows 0 to 24 of 159, columns 0 to 56 of 159]
1.1249E-10 1.5101E-10 1.9534E-10 2.4393E-10 3.0179E-10 3.6153E-10 4.3871E-10 5.2504E-10 6.2252E-10 7.2959E-10 8.5387E-10 9.9222E-10 1.1485E-09 1.3227E-09 1.5145E-09 1.7283E-09 1.9586E-09 2.2058E-09 2.4753E-09 2.7622E-09 3.0620E-09 3.3756E-09 3.7018E-09 4.0366E-09 4.3751E-09 4.7131E-09 5.0485E-09 5.3741E-09 5.6843E-09 5.9751E-09 6.2390E-09 6.4723E-09 6.6705E-09 6.8306E-09 6.9485E-09 7.0205E-09 7.0448E-09 7.0204E-09 6.9476E-09 6.8273E-09 6.6618E-09 6.4544E-09 6.2088E-09 5.9305E-09 5.6246E-09 5.2964E-09 4.9510E-09 4.5940E-09 4.2316E-09 3.8691E-09 3.5133E-09 3.1666E-09 2.8304E-09 2.5105E-09 2.2140E-09 1.9364E-09 1.6777E-09
1.0704E-10 1.4470E-10 1.8951E-10 2.3911E-10 2.9768E-10 3.5965E-10 4.3792E-10 5.2840E-10 6.2806E-10 7.3965E-10 8.6816E-10 1.0120E-09 1.1759E-09 1.3574E-09 1.5622E-09 1.7864E-09 2.0289E-09 2.2966E-09 2.5848E-09 2.8891E-09 3.2124E-09 3.5527E-09 3.9064E-09 4.2680E-09 4.6366E-09 5.0069E-09 5.3730E-09 5.7294E-09 6.0695E-09 6.3885E-09 6.6820E-09 6.9429E-09 7.1654E-09 7.3449E-09 7.4771E-09 7.5587E-09 7.5877E-09 7.5629E-09 7.4835E-09 7.3520E-09 7.1707E-09 6.9440E-09 6.6752E-09 6.3697E-09 6.0333E-09 5.6724E-09 5.2936E-09 4.9048E-09 4.5111E-09 4.1168E-09 3.7279E-09 3.3506E-09 2.9906E-09 2.6471E-09 2.3220E-09 2.0253E-09 1.7531E-09
1.0104E-10 1.3759E-10 1.8259E-10 2.3284E-10 2.9124E-10 3.5434E-10 4.3300E-10 5.2603E-10 6.2766E-10 7.4478E-10 8.7558E-10 1.0263E-09 1.1970E-09 1.3893E-09 1.6042E-09 1.8380E-09 2.0985E-09 2.3828E-09 2.6857E-09 3.0119E-09 3.3600E-09 3.7257E-09 4.1056E-09 4.4993E-09 4.8999E-09 5.3034E-09 5.7029E-09 6.0943E-09 6.4717E-09 6.8256E-09 7.1501E-09 7.4396E-09 7.6862E-09 7.8861E-09 8.0344E-09 8.1272E-09 8.1621E-09 8.1363E-09 8.0528E-09 7.9115E-09 7.7151E-09 7.4675E-09 7.1738E-09 6.8397E-09 6.4720E-09 6.0770E-09 5.6621E-09 5.2350E-09 4.8029E-09 4.3735E-09 3.9517E-09 3.5405E-09 3.1464E-09 2.7777E-09 2.4333E-09 2.1101E-09 1.8175E-09
9.4584E-11 1.2978E-10 1.7350E-10 2.2388E-10 2.8293E-10 3.4603E-10 4.2708E-10 5.2099E-10 6.2598E-10 7.4596E-10 8.8034E-10 1.0372E-09 1.2129E-09 1.4144E-09 1.6356E-09 1.8838E-09 2.1594E-09 2.4560E-09 2.7790E-09 3.1285E-09 3.4998E-09 3.8915E-09 4.3023E-09 4.7269E-09 5.1598E-09 5.5971E-09 6.0346E-09 6.4628E-09 6.8748E-09 7.2627E-09 7.6190E-09 7.9374E-09 8.2115E-09 8.4346E-09 8.6011E-09 8.7066E-09 8.7483E-09 8.7246E-09 8.6354E-09 8.4815E-09 8.2668E-09 7.9967E-09 7.6756E-09 7.3103E-09 6.9082E-09 6.4780E-09 6.0274E-09 5.5642E-09 5.0951E-09 4.6279E-09 4.1702E-09 3.7299E-09 3.3082E-09 2.9069E-09 2.5346E-09 2.1962E-09 1.8827E-09
8.7740E-11 1.2135E-10 1.6351E-10 2.1368E-10 2.7334E-10 3.3473E-10 4.1720E-10 5.1068E-10 6.1903E-10 7.4002E-10 8.7947E-10 1.0402E-09 1.2238E-09 1.4311E-09 1.6624E-09 1.9250E-09 2.2099E-09 2.5229E-09 2.8666E-09 3.2359E-09 3.6308E-09 4.0506E-09 4.4911E-09 4.9469E-09 5.4165E-09 5.8922E-09 6.3665E-09 6.8312E-09 7.2792E-09 7.7037E-09 8.0956E-09 8.4465E-09 8.7497E-09 8.9972E-09 9.1830E-09 9.3021E-09 9.3493E-09 9.3266E-09 9.2306E-09 9.0661E-09 8.8348E-09 8.5416E-09 8.1926E-09 7.7950E-09 7.3573E-09 6.8883E-09 6.3973E-09 5.8931E-09 5.3862E-09 4.8840E-09 4.3903E-09 3.9129E-09 3.4593E-09 3.0351E-09 2.6363E-09 2.2692E-09 1.9414E-09
8.0612E-11 1.1242E-10 1.5299E-10 2.0124E-10 2.6143E-10 3.2116E-10 4.0464E-10 4.9913E-10 6.0738E-10 7.3093E-10 8.7231E-10 1.0376E-09 1.2275E-09 1.4381E-09 1.6818E-09 1.9513E-09 2.2483E-09 2.5798E-09 2.9405E-09 3.3307E-09 3.7515E-09 4.1989E-09 4.6692E-09 5.1609E-09 5.6660E-09 6.1784E-09 6.6910E-09 7.1982E-09 7.6899E-09 8.1561E-09 8.5877E-09 8.9753E-09 9.3102E-09 9.5849E-09 9.7925E-09 9.9276E-09 9.9861E-09 9.9657E-09 9.8664E-09 9.6886E-09 9.4383E-09 9.1197E-09 8.7399E-09 8.3075E-09 7.8315E-09 7.3221E-09 6.7889E-09 6.2415E-09 5.6906E-09 5.1440E-09 4.6121E-09 4.0991E-09 3.6108E-09 3.1517E-09 2.7318E-09 2.3445E-09 1.9915E-09
7.3306E-11 1.0313E-10 1.4191E-10 1.8784E-10 2.4755E-10 3.0567E-10 3.8769E-10 4.8293E-10 5.9060E-10 7.1789E-10 8.5878E-10 1.0306E-09 1.2219E-09 1.4413E-09 1.6924E-09 1.9682E-09 2.2811E-09 2.6261E-09 3.0030E-09 3.4158E-09 3.8603E-09 4.3340E-09 4.8372E-09 5.3627E-09 5.9037E-09 6.4560E-09 7.0124E-09 7.5620E-09 8.0955E-09 8.6022E-09 9.0729E-09 9.4969E-09 9.8660E-09 1.0170E-08 1.0402E-08 1.0554E-08 1.0621E-08 1.0604E-08 1.0498E-08 1.0309E-08 1.0040E-08 9.6953E-09 9.2842E-09 8.8153E-09 8.2991E-09 7.7465E-09 7.1696E-09 6.5785E-09 5.9846E-09 5.3967E-09 4.8251E-09 4.2749E-09 3.7557E-09 3.2674E-09 2.8152E-09 2.4081E-09 2.0396E-09
6.4745E-11 9.3611E-11 1.3035E-10 1.7367E-10 2.3106E-10 2.8832E-10 3.6861E-10 4.6454E-10 5.7017E-10 6.9858E-10 8.3927E-10 1.0149E-09 1.2080E-09 1.4355E-09 1.6873E-09 1.9749E-09 2.2988E-09 2.6551E-09 3.0518E-09 3.4846E-09 3.9521E-09 4.4564E-09 4.9904E-09 5.5488E-09 6.1290E-09 6.7224E-09 7.3202E-09 7.9128E-09 8.4913E-09 9.0451E-09 9.5613E-09 1.0029E-08 1.0436E-08 1.0773E-08 1.1031E-08 1.1203E-08 1.1284E-08 1.1270E-08 1.1161E-08 1.0960E-08 1.0670E-08 1.0299E-08 9.8542E-09 9.3469E-09 8.7888E-09 8.1906E-09 7.5658E-09 6.9265E-09 6.2854E-09 5.6520E-09 5.0358E-09 4.4457E-09 3.8896E-09 3.3756E-09 2.9001E-09 2.4633E-09 2.0773E-09
5.6972E-11 8.2892E-11 1.1836E-10 1.5893E-10 2.1362E-10 2.6963E-10 3.4617E-10 4.4102E-10 5.4656E-10 6.7358E-10 8.1690E-10 9.9091E-10 1.1903E-09 1.4184E-09 1.6754E-09 1.9734E-09 2.3033E-09 2.6750E-09 3.0873E-09 3.5376E-09 4.0308E-09 4.5611E-09 5.1239E-09 5.7190E-09 6.3373E-09 6.9716E-09 7.6132E-09 8.2539E-09 8.8804E-09 9.4807E-09 1.0042E-08 1.0551E-08 1.0997E-08 1.1367E-08 1.1653E-08 1.1843E-08 1.1937E-08 1.1927E-08 1.1815E-08 1.1602E-08 1.1292E-08 1.0893E-08 1.0415E-08 9.8680E-09 9.2657E-09 8.6214E-09 7.9497E-09 7.2634E-09 6.5747E-09 5.8965E-09 5.2394E-09 4.6128E-09 4.0191E-09 3.4679E-09 2.9672E-09 2.5160E-09 2.1057E-09
3.5388E-11 7.3423E-11 1.0599E-10 1.4401E-10 1.9550E-10 2.4929E-10 3.2250E-10 4.1447E-10 5.1994E-10 6.4268E-10 7.8772E-10 9.5963E-10 1.1636E-09 1.3893E-09 1.6543E-09 1.9548E-09 2.2943E-09 2.6788E-09 3.1031E-09 3.5747E-09 4.0897E-09 4.6449E-09 5.2402E-09 5.8695E-09 6.5249E-09 7.2014E-09 7.8894E-09 8.5762E-09 9.2503E-09 9.8979E-09 1.0506E-08 1.1059E-08 1.1546E-08 1.1953E-08 1.2270E-08 1.2486E-08 1.2595E-08 1.2592E-08 1.2478E-08 1.2252E-08 1.1922E-08 1.1495E-08 1.0981E-08 1.0394E-08 9.7469E-09 9.0546E-09 8.3318E-09 7.5943E-09 6.8573E-09 6.1329E-09 5.4320E-09 4.7653E-09 4.1401E-09 3.5606E-09 3.0285E-09 2.5517E-09 2.1314E-09
5.0734E-12 5.4080E-11 9.2567E-11 1.2905E-10 1.7700E-10 2.2771E-10 2.9787E-10 3.8491E-10 4.9016E-10 6.0943E-10 7.5277E-10 9.2557E-10 1.1279E-09 1.3554E-09 1.6237E-09 1.9256E-09 2.2752E-09 2.6663E-09 3.1060E-09 3.5946E-09 4.1276E-09 4.7092E-09 5.3333E-09 5.9947E-09 6.6900E-09 7.4092E-09 8.1418E-09 8.8765E-09 9.6015E-09 1.0301E-08 1.0961E-08 1.1565E-08 1.2098E-08 1.2547E-08 1.2897E-08 1.3137E-08 1.3263E-08 1.3267E-08 1.3151E-08 1.2915E-08 1.2565E-08 1.2110E-08 1.1561E-08 1.0933E-08 1.0238E-08 9.4950E-09 8.7210E-09 7.9335E-09 7.1450E-09 6.3701E-09 5.6223E-09 4.9109E-09 4.2463E-09 3.6354E-09 3.0817E-09 2.5807E-09 2.1404E-09
0.0000E+00 1.6918E-11 7.7839E-11 1.1294E-10 1.5842E-10 2.0571E-10 2.7236E-10 3.5391E-10 4.5523E-10 5.7341E-10 7.1050E-10 8.8487E-10 1.0825E-09 1.3134E-09 1.5784E-09 1.8863E-09 2.2395E-09 2.6385E-09 3.0912E-09 3.5917E-09 4.1457E-09 4.7510E-09 5.4023E-09 6.0980E-09 6.8298E-09 7.5895E-09 8.3679E-09 9.1525E-09 9.9280E-09 1.0680E-08 1.1391E-08 1.2045E-08 1.2625E-08 1.3114E-08 1.3500E-08 1.3771E-08 1.3917E-08 1.3933E-08 1.3818E-08 1.3572E-08 1.3203E-08 1.2720E-08 1.2134E-08 1.1461E-08 1.0718E-08 9.9249E-09 9.0973E-09 8.2536E-09 7.4121E-09 6.5908E-09 5.8008E-09 5.0513E-09 4.3499E-09 3.7053E-09 3.1223E-09 2.6070E-09 2.1473E-09
0.0000E+00 0.0000E+00 3.8837E-11 9.6113E-11 1.3882E-10 1.8368E-10 2.4626E-10 3.2244E-10 4.1830E-10 5.3594E-10 6.6639E-10 8.3967E-10 1.0338E-09 1.2640E-09 1.5261E-09 1.8375E-09 2.1905E-09 2.5987E-09 3.0578E-09 3.5717E-09 4.1426E-09 4.7667E-09 5.4451E-09 6.1711E-09 6.9385E-09 7.7405E-09 8.5654E-09 9.3988E-09 1.0227E-08 1.1034E-08 1.1800E-08 1.2507E-08 1.3138E-08 1.3674E-08 1.4098E-08 1.4399E-08 1.4567E-08 1.4596E-08 1.4482E-08 1.4230E-08 1.3843E-08 1.3332E-08 1.2711E-08 1.1996E-08 1.1206E-08 1.0359E-08 9.4770E-09 8.5813E-09 7.6863E-09 6.8101E-09 5.9683E-09 5.1755E-09 4.4411E-09 3.7690E-09 3.1587E-09 2.6172E-09 2.1479E-09
0.0000E+00 0.0000E+00 2.7909E-12 6.3058E-11 1.1941E-10 1.6035E-10 2.1926E-10 2.9125E-10 3.8016E-10 4.9392E-10 6.1853E-10 7.8614E-10 9.7919E-10 1.2031E-09 1.4660E-09 1.7735E-09 2.1297E-09 2.5412E-09 3.0050E-09 3.5305E-09 4.1152E-09 4.7593E-09 5.4616E-09 6.2159E-09 7.0193E-09 7.8610E-09 8.7293E-09 9.6125E-09 1.0494E-08 1.1355E-08 1.2176E-08 1.2939E-08 1.3621E-08 1.4204E-08 1.4671E-08 1.5008E-08 1.5201E-08 1.5244E-08 1.5136E-08 1.4877E-08 1.4473E-08 1.3935E-08 1.3278E-08 1.2520E-08 1.1680E-08 1.0781E-08 9.8452E-09 8.8920E-09 7.9434E-09 7.0191E-09 6.1348E-09 5.2985E-09 4.5224E-09 3.8177E-09 3.1890E-09 2.6295E-09 2.1381E-09
0.0000E+00 0.0000E+00 0.0000E+00 1.4827E-11 8.8984E-11 1.3755E-10 1.9130E-10 2.6018E-10 3.4160E-10 4.4907E-10 5.7021E-10 7.2999E-10 9.2020E-10 1.1378E-09 1.3986E-09 1.7008E-09 2.0590E-09 2.4678E-09 2.9380E-09 3.4697E-09 4.0655E-09 4.7254E-09 5.4475E-09 6.2307E-09 7.0665E-09 7.9456E-09 8.8594E-09 9.7925E-09 1.0726E-08 1.1643E-08 1.2521E-08 1.3338E-08 1.4074E-08 1.4707E-08 1.5219E-08 1.5591E-08 1.5811E-08 1.5876E-08 1.5776E-08 1.5514E-08 1.5096E-08 1.4533E-08 1.3842E-08 1.3042E-08 1.2155E-08 1.1203E-08 1.0209E-08 9.2010E-09 8.1985E-09 7.2205E-09 6.2848E-09 5.4090E-09 4.6006E-09 3.8641E-09 3.2047E-09 2.6287E-09 2.1287E-09
0.0000E+00 0.0000E+00 0.0000E+00 0.0000E+00 3.4363E-11 1.0456E-10 1.6326E-10 2.2866E-10 3.0319E-10 4.0350E-10 5.2007E-10 6.7094E-10 8.5505E-10 1.0674E-09 1.3206E-09 1.6210E-09 1.9745E-09 2.3820E-09 2.8544E-09 3.3895E-09 3.9942E-09 4.6669E-09 5.4089E-09 6.2158E-09 7.0797E-09 7.9966E-09 8.9528E-09 9.9317E-09 1.0917E-08 1.1889E-08 1.2824E-08 1.3699E-08 1.4492E-08 1.5179E-08 1.5737E-08 1.6153E-08 1.6409E-08 1.6494E-08 1.6403E-08 1.6140E-08 1.5711E-08 1.5126E-08 1.4404E-08 1.3563E-08 1.2626E-08 1.1622E-08 1.0574E-08 9.5091E-09 8.4492E-09 7.4186E-09 6.4345E-09 5.5127E-09 4.6643E-09 3.9002E-09 3.2202E-09 2.6227E-09 2.1095E-09
0.0000E+00 0.0000E+00 0.0000E+00 0.0000E+00 1.3814E-12 5.8318E-11 1.2807E-10 1.9396E-10 2.6668E-10 3.5892E-10 4.6977E-10 6.1202E-10 7.8756E-10 9.9556E-10 1.2373E-09 1.5367E-09 1.8810E-09 2.2881E-09 2.7564E-09 3.2944E-09 3.9021E-09 4.5852E-09 5.3419E-09 6.1674E-09 7.0600E-09 8.0108E-09 9.0050E-09 1.0029E-08 1.1064E-08 1.2090E-08 1.3082E-08 1.4017E-08 1.4865E-08 1.5609E-08 1.6220E-08 1.6680E-08 1.6969E-08 1.7081E-08 1.7009E-08 1.6751E-08 1.6314E-08 1.5710E-08 1.4958E-08 1.4077E-08 1.3095E-08 1.2038E-08 1.0933E-08 9.8095E-09 8.6939E-09 7.6107E-09 6.5775E-09 5.6123E-09 4.7263E-09 3.9296E-09 3.2241E-09 2.6128E-09 2.0861E-09
0.0000E+00 0.0000E+00 0.0000E+00 0.0000E+00 7.6347E-13 9.2411E-12 7.6501E-11 1.5537E-10 2.3041E-10 3.1651E-10 4.1911E-10 5.5498E-10 7.1907E-10 9.2034E-10 1.1519E-09 1.4449E-09 1.7823E-09 2.1826E-09 2.6464E-09 3.1816E-09 3.7915E-09 4.4811E-09 5.2465E-09 6.0895E-09 7.0064E-09 7.9849E-09 9.0150E-09 1.0082E-08 1.1165E-08 1.2245E-08 1.3293E-08 1.4287E-08 1.5197E-08 1.5998E-08 1.6662E-08 1.7167E-08 1.7502E-08 1.7647E-08 1.7593E-08 1.7344E-08 1.6904E-08 1.6286E-08 1.5506E-08 1.4589E-08 1.3560E-08 1.2450E-08 1.1292E-08 1.0111E-08 8.9375E-09 7.7973E-09 6.7136E-09 5.7043E-09 4.7834E-09 3.9554E-09 3.2245E-09 2.5939E-09 2.0598E-09
0.0000E+00 0.0000E+00 0.0000E+00 0.0000E+00 6.6280E-13 3.2851E-12 2.7839E-11 1.0554E-10 1.8857E-10 2.7590E-10 3.7030E-10 4.9819E-10 6.5218E-10 8.4327E-10 1.0669E-09 1.3473E-09 1.6789E-09 2.0687E-09 2.5258E-09 3.0545E-09 3.6637E-09 4.3536E-09 5.1253E-09 5.9835E-09 6.9165E-09 7.9196E-09 8.9825E-09 1.0087E-08 1.1216E-08 1.2346E-08 1.3451E-08 1.4504E-08 1.5475E-08 1.6334E-08 1.7060E-08 1.7623E-08 1.8000E-08 1.8178E-08 1.8152E-08 1.7918E-08 1.7480E-08 1.6850E-08 1.6048E-08 1.5096E-08 1.4025E-08 1.2865E-08 1.1649E-08 1.0408E-08 9.1787E-09 7.9848E-09 6.8510E-09 5.7957E-09 4.8331E-09 3.9759E-09 3.2257E-09 2.5764E-09 2.0277E-09
0.0000E+00 0.0000E+00 0.0000E+00 0.0000E+00 0.0000E+00 2.3951E-12 7.8449E-12 5.0804E-11 1.3640E-10 2.3270E-10 3.2376E-10 4.4222E-10 5.8713E-10 7.6648E-10 9.8086E-10 1.2485E-09 1.5705E-09 1.9486E-09 2.3954E-09 2.9159E-09 3.5194E-09 4.2050E-09 4.9823E-09 5.8457E-09 6.7920E-09 7.8162E-09 8.9058E-09 1.0046E-08 1.1217E-08 1.2397E-08 1.3556E-08 1.4667E-08 1.5700E-08 1.6626E-08 1.7409E-08 1.8027E-08 1.8454E-08 1.8679E-08 1.8687E-08 1.8471E-08 1.8041E-08 1.7406E-08 1.6585E-08 1.5603E-08 1.4491E-08 1.3280E-08 1.2009E-08 1.0713E-08 9.4222E-09 8.1692E-09 6.9817E-09 5.8832E-09 4.8843E-09 3.9937E-09 3.2163E-09 2.5548E-09 1.9969E-09
0.0000E+00 0.0000E+00 0.0000E+00 0.0000E+00 0.0000E+00 1.9677E-12 6.6600E-12 1.3393E-11 6.9203E-11 1.7412E-10 2.7854E-10 3.8836E-10 5.2494E-10 6.9161E-10 8.9464E-10 1.1495E-09 1.4570E-09 1.8225E-09 2.2570E-09 2.7669E-09 3.3576E-09 4.0386E-09 4.8134E-09 5.6773E-09 6.6332E-09 7.6726E-09 8.7842E-09 9.9542E-09 1.1162E-08 1.2386E-08 1.3599E-08 1.4770E-08 1.5865E-08 1.6853E-08 1.7700E-08 1.8381E-08 1.8868E-08 1.9141E-08 1.9185E-08 1.8999E-08 1.8582E-08 1.7947E-08 1.7112E-08 1.6104E-08 1.4952E-08 1.3696E-08 1.2372E-08 1.1017E-08 9.6690E-09 8.3633E-09 7.1238E-09 5.9742E-09 4.9344E-09 4.0137E-09 3.2139E-09 2.5314E-09 1.9649E-09
0.0000E+00 0.0000E+00 0.0000E+00 0.0000E+00 0.0000E+00 1.6544E-12 5.7118E-12 1.1805E-11 2.0431E-11 8.7962E-11 2.2125E-10 3.3678E-10 4.6416E-10 6.1927E-10 8.0822E-10 1.0519E-09 1.3427E-09 1.6944E-09 2.1134E-09 2.6091E-09 3.1845E-09 3.8567E-09 4.6206E-09 5.4821E-09 6.4404E-09 7.4871E-09 8.6156E-09 9.8095E-09 1.1051E-08 1.2317E-08 1.3579E-08 1.4803E-08 1.5961E-08 1.7014E-08 1.7932E-08 1.8677E-08 1.9223E-08 1.9552E-08 1.9642E-08 1.9489E-08 1.9094E-08 1.8467E-08 1.7626E-08 1.6598E-08 1.5414E-08 1.4113E-08 1.2735E-08 1.1324E-08 9.9198E-09 8.5538E-09 7.2621E-09 6.0678E-09 4.9896E-09 4.0341E-09 3.2106E-09 2.5133E-09 1.9335E-09
0.0000E+00 0.0000E+00 0.0000E+00 0.0000E+00 0.0000E+00 1.1209E-12 4.8247E-12 1.0540E-11 1.8315E-11 3.3365E-11 1.3131E-10 2.7905E-10 4.0538E-10 5.5066E-10 7.2474E-10 9.5528E-10 1.2296E-09 1.5629E-09 1.9656E-09 2.4417E-09 3.0025E-09 3.6600E-09 4.4094E-09 5.2624E-09 6.2148E-09 7.2638E-09 8.4002E-09 9.6122E-09 1.0880E-08 1.2180E-08 1.3486E-08 1.4765E-08 1.5983E-08 1.7100E-08 1.8085E-08 1.8900E-08 1.9516E-08 1.9904E-08 2.0051E-08 1.9943E-08 1.9581E-08 1.8969E-08 1.8128E-08 1.7084E-08 1.5873E-08 1.4534E-08 1.3111E-08 1.1644E-08 1.0180E-08 8.7566E-09 7.4110E-09 6.1666E-09 5.0456E-09 4.0594E-09 3.2078E-09 2.4931E-09 1.9056E-09
0.0000E+00 0.0000E+00 0.0000E+00 0.0000E+00 0.0000E+00 0.0000E+00 2.1812E-12 9.1105E-12 1.6320E-11 2.8492E-11 7.1521E-11 1.9352E-10 3.4543E-10 4.8576E-10 6.4612E-10 8.6244E-10 1.1201E-09 1.4324E-09 1.8157E-09 2.2702E-09 2.8128E-09 3.4457E-09 4.1788E-09 5.0175E-09 5.9600E-09 7.0036E-09 8.1409E-09 9.3622E-09 1.0647E-08 1.1976E-08 1.3321E-08 1.4647E-08 1.5922E-08 1.7107E-08 1.8163E-08 1.9049E-08 1.9737E-08 2.0198E-08 2.0408E-08 2.0351E-08 2.0026E-08 1.9440E-08 1.8611E-08 1.7561E-08 1.6330E-08 1.4955E-08 1.3485E-08 1.1968E-08 1.0448E-08 8.9695E-09 7.5686E-09 6.2759E-09 5.1113E-09 4.0886E-09 3.2137E-09 2.4783E-09 1.8771E-09
0.0000E+00 0.0000E+00 0.0000E+00 0.0000E+00 0.0000E+00 0.0000E+00 1.7239E-12 6.2403E-12 1.4015E-11 2.5314E-11 5.0677E-11 1.0552E-10 2.5875E-10 4.2015E-10 5.7185E-10 7.7239E-10 1.0140E-09 1.3068E-09 1.6702E-09 2.0986E-09 2.6190E-09 3.2257E-09 3.9367E-09 4.7506E-09 5.6739E-09 6.7035E-09 7.8367E-09 9.0584E-09 1.0355E-08 1.1706E-08 1.3080E-08 1.4450E-08 1.5780E-08 1.7024E-08 1.8148E-08 1.9114E-08 1.9884E-08 2.0421E-08 2.0697E-08 2.0705E-08 2.0434E-08 1.9887E-08 1.9077E-08 1.8031E-08 1.6785E-08 1.5381E-08 1.3870E-08 1.2302E-08 1.0725E-08 9.1905E-09 7.7355E-09 6.3937E-09 5.1875E-09 4.1300E-09 3.2256E-09 2.4722E-09 1.8553E-09
