Assets/Resources/2015_m01_d04_1000(utc+0800)_l00_csi_1hr_conc.grd
DSAA
         159         159
     -79.000      79.000
     -79.000      79.000
  0.6537E-10  0.5004E-05
[rows 75 to 99 of 159, columns 57 to 113 of 159]
1.9504E-07 2.1133E-07 2.2645E-07 2.4112E-07 2.5507E-07 2.6996E-07 2.8803E-07 3.1394E-07 3.5795E-07 4.3539E-07 5.6715E-07 7.7634E-07 1.0748E-06 1.2794E-06 1.2905E-06 9.4529E-07 2.7956E-07 1.5142E-07 1.4048E-07 1.3038E-07 1.2132E-07 1.1304E-07 1.0556E-07 9.8866E-08 9.2841E-08 8.7708E-08 8.3163E-08 7.9183E-08 7.5826E-08 7.3074E-08 7.0923E-08 6.9410E-08 6.8565E-08 6.8471E-08 6.9301E-08 7.1488E-08 7.5512E-08 7.8187E-08 8.1262E-08 8.4285E-08 8.5469E-08 8.6576E-08 8.6923E-08 8.5023E-08 8.3133E-08 8.1038E-08 7.8764E-08 7.6656E-08 7.4805E-08 7.3378E-08 7.2733E-08 7.3305E-08 7.3562E-08 7.3141E-08 7.1663E-08 7.1166E-08 6.9066E-08
1.7712E-07 1.9124E-07 2.0451E-07 2.1648E-07 2.2726E-07 2.3668E-07 2.4473E-07 2.5266E-07 2.6255E-07 2.8022E-07 3.1544E-07 3.8822E-07 5.6232E-07 9.0292E-07 1.2562E-06 1.4701E-06 1.4405E-06 7.3686E-07 1.4380E-07 1.2694E-07 1.1859E-07 1.1095E-07 1.0419E-07 9.7962E-08 9.2320E-08 8.7465E-08 8.3128E-08 7.9332E-08 7.6119E-08 7.3493E-08 7.1458E-08 7.0065E-08 6.9358E-08 6.9451E-08 7.0569E-08 7.3330E-08 7.7114E-08 8.0057E-08 8.2473E-08 8.4930E-08 8.6853E-08 8.7200E-08 8.6640E-08 8.4726E-08 8.2801E-08 8.0608E-08 7.8386E-08 7.6350E-08 7.4609E-08 7.3373E-08 7.3117E-08 7.3501E-08 7.3500E-08 7.2832E-08 7.1627E-08 7.0608E-08 6.8739E-08
1.5943E-07 1.7231E-07 1.8440E-07 1.9535E-07 2.0506E-07 2.1312E-07 2.1933E-07 2.2364E-07 2.2623E-07 2.2804E-07 2.2954E-07 2.3050E-07 2.3319E-07 2.4717E-07 3.7465E-07 8.1440E-07 1.6968E-06 2.2661E-06 1.7644E-06 3.1307E-07 1.1477E-07 1.0820E-07 1.0191E-07 9.6349E-08 9.1157E-08 8.6618E-08 8.2547E-08 7.8994E-08 7.5975E-08 7.3509E-08 7.1640E-08 7.0407E-08 6.9879E-08 7.0210E-08 7.1721E-08 7.4949E-08 7.8115E-08 8.1514E-08 8.3656E-08 8.5475E-08 8.7066E-08 8.7784E-08 8.6115E-08 8.4197E-08 8.2219E-08 7.9965E-08 7.7806E-08 7.5862E-08 7.4256E-08 7.3267E-08 7.3545E-08 7.3711E-08 7.3399E-08 7.2355E-08 7.1651E-08 6.9935E-08 6.8402E-08
1.4153E-07 1.5310E-07 1.6398E-07 1.7398E-07 1.8286E-07 1.9034E-07 1.9623E-07 2.0043E-07 2.0297E-07 2.0373E-07 2.0304E-07 2.0127E-07 1.9604E-07 1.5969E-07 1.5167E-07 1.4376E-07 1.5454E-07 2.7152E-07 1.1475E-06 5.0037E-06 2.8409E-06 1.0380E-07 9.8546E-08 9.3710E-08 8.9371E-08 8.5208E-08 8.1453E-08 7.8183E-08 7.5405E-08 7.3144E-08 7.1471E-08 7.0434E-08 7.0132E-08 7.0750E-08 7.2754E-08 7.6654E-08 7.9071E-08 8.1945E-08 8.4800E-08 8.5966E-08 8.6954E-08 8.7195E-08 8.5313E-08 8.3445E-08 8.1356E-08 7.9113E-08 7.7031E-08 7.5200E-08 7.3758E-08 7.3083E-08 7.3569E-08 7.3746E-08 7.3314E-08 7.1805E-08 7.1227E-08 6.9172E-08 6.8157E-08
1.2401E-07 1.3423E-07 1.4390E-07 1.5287E-07 1.6088E-07 1.6769E-07 1.7322E-07 1.7727E-07 1.7990E-07 1.8117E-07 1.8114E-07 1.8006E-07 1.7233E-07 1.4534E-07 1.3907E-07 1.3272E-07 1.2642E-07 1.2026E-07 1.1435E-07 1.0887E-07 1.0367E-07 9.8749E-08 9.4370E-08 9.0141E-08 8.6401E-08 8.2937E-08 7.9784E-08 7.6929E-08 7.4428E-08 7.2417E-08 7.0972E-08 7.0163E-08 7.0123E-08 7.1093E-08 7.3709E-08 7.7222E-08 8.0085E-08 8.2291E-08 8.4584E-08 8.6529E-08 8.6760E-08 8.6116E-08 8.4247E-08 8.2365E-08 8.0221E-08 7.8056E-08 7.6073E-08 7.4374E-08 7.3147E-08 7.2875E-08 7.3181E-08 7.3114E-08 7.2397E-08 7.1235E-08 7.0159E-08 6.8353E-08 6.7030E-08
1.0736E-07 1.1626E-07 1.2475E-07 1.3266E-07 1.3979E-07 1.4592E-07 1.5099E-07 1.5489E-07 1.5757E-07 1.5917E-07 1.5973E-07 1.5885E-07 1.4269E-07 1.3125E-07 1.2659E-07 1.2177E-07 1.1686E-07 1.1193E-07 1.0706E-07 1.0233E-07 9.7908E-08 9.3572E-08 8.9643E-08 8.6202E-08 8.3001E-08 8.0034E-08 7.7342E-08 7.4965E-08 7.2936E-08 7.1320E-08 7.0163E-08 6.9617E-08 6.9880E-08 7.1292E-08 7.4380E-08 7.7308E-08 8.0489E-08 8.2584E-08 8.4264E-08 8.5760E-08 8.6529E-08 8.4802E-08 8.2959E-08 8.1052E-08 7.8881E-08 7.6807E-08 7.4943E-08 7.3399E-08 7.2437E-08 7.2710E-08 7.2808E-08 7.2449E-08 7.1381E-08 7.0730E-08 6.8988E-08 6.7535E-08 6.5609E-08
9.1947E-08 9.9611E-08 1.0697E-07 1.1387E-07 1.2012E-07 1.2561E-07 1.3021E-07 1.3390E-07 1.3659E-07 1.3838E-07 1.3944E-07 1.3839E-07 1.2078E-07 1.1781E-07 1.1454E-07 1.1104E-07 1.0734E-07 1.0356E-07 9.9876E-08 9.6123E-08 9.2404E-08 8.8731E-08 8.5404E-08 8.2181E-08 7.9330E-08 7.6842E-08 7.4622E-08 7.2678E-08 7.1043E-08 6.9794E-08 6.9011E-08 6.8817E-08 6.9430E-08 7.1357E-08 7.5138E-08 7.7336E-08 8.0009E-08 8.2686E-08 8.3895E-08 8.4815E-08 8.5005E-08 8.3223E-08 8.1469E-08 7.9474E-08 7.7354E-08 7.5382E-08 7.3650E-08 7.2287E-08 7.1653E-08 7.2067E-08 7.2186E-08 7.1729E-08 7.0304E-08 6.9688E-08 6.7740E-08 6.6819E-08 6.4064E-08
7.8028E-08 8.4556E-08 9.0876E-08 9.6828E-08 1.0228E-07 1.0714E-07 1.1130E-07 1.1473E-07 1.1742E-07 1.1938E-07 1.2064E-07 1.1825E-07 1.0707E-07 1.0526E-07 1.0316E-07 1.0072E-07 9.8195E-08 9.5442E-08 9.2610E-08 8.9694E-08 8.6940E-08 8.3998E-08 8.1252E-08 7.8558E-08 7.6008E-08 7.3747E-08 7.1767E-08 7.0158E-08 6.8915E-08 6.8041E-08 6.7624E-08 6.7811E-08 6.8864E-08 7.1428E-08 7.4667E-08 7.7428E-08 7.9447E-08 8.1602E-08 8.3536E-08 8.3802E-08 8.3155E-08 8.1418E-08 7.9666E-08 7.7659E-08 7.5643E-08 7.3796E-08 7.2218E-08 7.1085E-08 7.0858E-08 7.1113E-08 7.1008E-08 7.0292E-08 6.9221E-08 6.8140E-08 6.6453E-08 6.5145E-08 6.2405E-08
6.5736E-08 7.1261E-08 7.6637E-08 8.1737E-08 8.6468E-08 9.0743E-08 9.4507E-08 9.7695E-08 1.0032E-07 1.0240E-07 1.0368E-07 9.7607E-08 9.4633E-08 9.3760E-08 9.2507E-08 9.1115E-08 8.9407E-08 8.7511E-08 8.5440E-08 8.3470E-08 8.1227E-08 7.9116E-08 7.6938E-08 7.4738E-08 7.2639E-08 7.0738E-08 6.9097E-08 6.7742E-08 6.6730E-08 6.6127E-08 6.6048E-08 6.6628E-08 6.8187E-08 7.1235E-08 7.3968E-08 7.6919E-08 7.8963E-08 8.0510E-08 8.1921E-08 8.2768E-08 8.1107E-08 7.9429E-08 7.7682E-08 7.5682E-08 7.3776E-08 7.2065E-08 7.0655E-08 6.9792E-08 7.0116E-08 7.0182E-08 6.9813E-08 6.8777E-08 6.8217E-08 6.6511E-08 6.5185E-08 6.3310E-08 6.0641E-08
5.5105E-08 5.9759E-08 6.4305E-08 6.8664E-08 7.2758E-08 7.6525E-08 7.9912E-08 8.2875E-08 8.5405E-08 8.7539E-08 8.8694E-08 8.3330E-08 8.3507E-08 8.3277E-08 8.2872E-08 8.2116E-08 8.1132E-08 7.9922E-08 7.8727E-08 7.7187E-08 7.5724E-08 7.4152E-08 7.2497E-08 7.0821E-08 6.9151E-08 6.7611E-08 6.6285E-08 6.5230E-08 6.4512E-08 6.4198E-08 6.4400E-08 6.5324E-08 6.7426E-08 7.1168E-08 7.3233E-08 7.5724E-08 7.8212E-08 7.9486E-08 8.0355E-08 8.0514E-08 7.8886E-08 7.7271E-08 7.5464E-08 7.3554E-08 7.1774E-08 7.0212E-08 6.8997E-08 6.8458E-08 6.8856E-08 6.8952E-08 6.8514E-08 6.7226E-08 6.6616E-08 6.4831E-08 6.3993E-08 6.1379E-08 5.8787E-08
4.6085E-08 4.9989E-08 5.3832E-08 5.7555E-08 6.1101E-08 6.4424E-08 6.7473E-08 7.0222E-08 7.2658E-08 7.4745E-08 7.5317E-08 7.2982E-08 7.3585E-08 7.3900E-08 7.4062E-08 7.3863E-08 7.3421E-08 7.2722E-08 7.2120E-08 7.1304E-08 7.0323E-08 6.9202E-08 6.8014E-08 6.6799E-08 6.5591E-08 6.4405E-08 6.3377E-08 6.2607E-08 6.2171E-08 6.2138E-08 6.2649E-08 6.3939E-08 6.6587E-08 6.9727E-08 7.2535E-08 7.4482E-08 7.6516E-08 7.8393E-08 7.8758E-08 7.8128E-08 7.6567E-08 7.4981E-08 7.3147E-08 7.1317E-08 6.9650E-08 6.8254E-08 6.7273E-08 6.7144E-08 6.7396E-08 6.7297E-08 6.6629E-08 6.5690E-08 6.4655E-08 6.3137E-08 6.1894E-08 5.9364E-08 5.6855E-08
3.8560E-08 4.1833E-08 4.5087E-08 4.8275E-08 5.1358E-08 5.4291E-08 5.7045E-08 5.9585E-08 6.1916E-08 6.3906E-08 6.3212E-08 6.3926E-08 6.4876E-08 6.5558E-08 6.5961E-08 6.6345E-08 6.6290E-08 6.6270E-08 6.6056E-08 6.5638E-08 6.5055E-08 6.4368E-08 6.3598E-08 6.2769E-08 6.1930E-08 6.1130E-08 6.0419E-08 5.9914E-08 5.9742E-08 5.9990E-08 6.0807E-08 6.2517E-08 6.5550E-08 6.8177E-08 7.1004E-08 7.3127E-08 7.4712E-08 7.6193E-08 7.7070E-08 7.5607E-08 7.4121E-08 7.2558E-08 7.0744E-08 6.9030E-08 6.7502E-08 6.6256E-08 6.5521E-08 6.5910E-08 6.5983E-08 6.5652E-08 6.4697E-08 6.4257E-08 6.2646E-08 6.1488E-08 5.9720E-08 5.7277E-08 5.4856E-08
3.2368E-08 3.5125E-08 3.7889E-08 4.0631E-08 4.3322E-08 4.5922E-08 4.8410E-08 5.0760E-08 5.2866E-08 5.4740E-08 5.4615E-08 5.5968E-08 5.7073E-08 5.8175E-08 5.8826E-08 5.9508E-08 5.9991E-08 6.0264E-08 6.0342E-08 6.0253E-08 6.0029E-08 5.9697E-08 5.9271E-08 5.8785E-08 5.8278E-08 5.7795E-08 5.7400E-08 5.7189E-08 5.7271E-08 5.7786E-08 5.8917E-08 6.1076E-08 6.4587E-08 6.6647E-08 6.9036E-08 7.1443E-08 7.2924E-08 7.3889E-08 7.4168E-08 7.2839E-08 7.1510E-08 6.9950E-08 6.8249E-08 6.6661E-08 6.5279E-08 6.4218E-08 6.3791E-08 6.4145E-08 6.4254E-08 6.3874E-08 6.2761E-08 6.2197E-08 6.0619E-08 5.9851E-08 5.7485E-08 5.5134E-08 5.2803E-08
2.7329E-08 2.9668E-08 3.2032E-08 3.4403E-08 3.6761E-08 3.8975E-08 4.1238E-08 4.3311E-08 4.5250E-08 4.6689E-08 4.7618E-08 4.8962E-08 5.0385E-08 5.1636E-08 5.2690E-08 5.3550E-08 5.4215E-08 5.4693E-08 5.5025E-08 5.5225E-08 5.5287E-08 5.5234E-08 5.5085E-08 5.4879E-08 5.4653E-08 5.4468E-08 5.4362E-08 5.4434E-08 5.4780E-08 5.5564E-08 5.7014E-08 5.9612E-08 6.2517E-08 6.5241E-08 6.7086E-08 6.9085E-08 7.1025E-08 7.1628E-08 7.1185E-08 6.9945E-08 6.8661E-08 6.7143E-08 6.5610E-08 6.4200E-08 6.3005E-08 6.2167E-08 6.2114E-08 6.2327E-08 6.2230E-08 6.1647E-08 6.0871E-08 5.9925E-08 5.8611E-08 5.7474E-08 5.5204E-08 5.2946E-08 5.0709E-08
2.3202E-08 2.5162E-08 2.7100E-08 2.9039E-08 3.1140E-08 3.3065E-08 3.4924E-08 3.6959E-08 3.8610E-08 4.0046E-08 4.1756E-08 4.3337E-08 4.4774E-08 4.6056E-08 4.7175E-08 4.8129E-08 4.8940E-08 4.9616E-08 5.0155E-08 5.0557E-08 5.0831E-08 5.0998E-08 5.1075E-08 5.1099E-08 5.1116E-08 5.1168E-08 5.1333E-08 5.1677E-08 5.2288E-08 5.3340E-08 5.5134E-08 5.8035E-08 6.0470E-08 6.3086E-08 6.5201E-08 6.6794E-08 6.8313E-08 6.9257E-08 6.8144E-08 6.6997E-08 6.5758E-08 6.4286E-08 6.2888E-08 6.1633E-08 6.0622E-08 6.0067E-08 6.0527E-08 6.0588E-08 6.0269E-08 5.9412E-08 5.9109E-08 5.7641E-08 5.6677E-08 5.5062E-08 5.2889E-08 5.0729E-08 4.8588E-08
1.9274E-08 2.0940E-08 2.2798E-08 2.4511E-08 2.6360E-08 2.8210E-08 3.0043E-08 3.1841E-08 3.3589E-08 3.5269E-08 3.6865E-08 3.8364E-08 3.9753E-08 4.1040E-08 4.2223E-08 4.3293E-08 4.4228E-08 4.5033E-08 4.5704E-08 4.6251E-08 4.6675E-08 4.7001E-08 4.7257E-08 4.7477E-08 4.7701E-08 4.7967E-08 4.8360E-08 4.8938E-08 4.9806E-08 5.1126E-08 5.3291E-08 5.6467E-08 5.8496E-08 6.0721E-08 6.2987E-08 6.4618E-08 6.5655E-08 6.6047E-08 6.5028E-08 6.3995E-08 6.2747E-08 6.1398E-08 6.0141E-08 5.9048E-08 5.8231E-08 5.7976E-08 5.8370E-08 5.8484E-08 5.8149E-08 5.7209E-08 5.6721E-08 5.5377E-08 5.4708E-08 5.2628E-08 5.0554E-08 4.8493E-08 4.6450E-08
1.6253E-08 1.7873E-08 1.9479E-08 2.1215E-08 2.2836E-08 2.4451E-08 2.6162E-08 2.7773E-08 2.9370E-08 3.0942E-08 3.2478E-08 3.3958E-08 3.5373E-08 3.6694E-08 3.7913E-08 3.9024E-08 4.0019E-08 4.0892E-08 4.1637E-08 4.2272E-08 4.2810E-08 4.3264E-08 4.3666E-08 4.4044E-08 4.4440E-08 4.4898E-08 4.5484E-08 4.6259E-08 4.7345E-08 4.8941E-08 5.1452E-08 5.4095E-08 5.6683E-08 5.8432E-08 6.0357E-08 6.2306E-08 6.3103E-08 6.2831E-08 6.1905E-08 6.0920E-08 5.9717E-08 5.8500E-08 5.7388E-08 5.6460E-08 5.5862E-08 5.5969E-08 5.6242E-08 5.6207E-08 5.5696E-08 5.5084E-08 5.4257E-08 5.3166E-08 5.2166E-08 5.0187E-08 4.8213E-08 4.6252E-08 4.4306E-08
1.4068E-08 1.5370E-08 1.6729E-08 1.8246E-08 1.9766E-08 2.1301E-08 2.2827E-08 2.4353E-08 2.5878E-08 2.7390E-08 2.8867E-08 3.0298E-08 3.1662E-08 3.2952E-08 3.4143E-08 3.5232E-08 3.6220E-08 3.7110E-08 3.7909E-08 3.8611E-08 3.9238E-08 3.9797E-08 4.0323E-08 4.0834E-08 4.1371E-08 4.1977E-08 4.2712E-08 4.3659E-08 4.4944E-08 4.6818E-08 4.9557E-08 5.1798E-08 5.4192E-08 5.6260E-08 5.7861E-08 5.9412E-08 6.0422E-08 5.9630E-08 5.8796E-08 5.7859E-08 5.6707E-08 5.5625E-08 5.4656E-08 5.3896E-08 5.3537E-08 5.4064E-08 5.4225E-08 5.4009E-08 5.3278E-08 5.3114E-08 5.1821E-08 5.1060E-08 4.9629E-08 4.7751E-08 4.5879E-08 4.4017E-08 4.2170E-08
1.2508E-08 1.3620E-08 1.4830E-08 1.6090E-08 1.7435E-08 1.8825E-08 2.0229E-08 2.1656E-08 2.2981E-08 2.4377E-08 2.5627E-08 2.6935E-08 2.8200E-08 2.9361E-08 3.0550E-08 3.1623E-08 3.2673E-08 3.3632E-08 3.4500E-08 3.5284E-08 3.5991E-08 3.6637E-08 3.7245E-08 3.7846E-08 3.8476E-08 3.9201E-08 4.0070E-08 4.1165E-08 4.2627E-08 4.4781E-08 4.7626E-08 4.9605E-08 5.1669E-08 5.3787E-08 5.5536E-08 5.6634E-08 5.7136E-08 5.6431E-08 5.5692E-08 5.4754E-08 5.3724E-08 5.2773E-08 5.1954E-08 5.1373E-08 5.1289E-08 5.1728E-08 5.1908E-08 5.1671E-08 5.0936E-08 5.0541E-08 4.9440E-08 4.8886E-08 4.7110E-08 4.5333E-08 4.3561E-08 4.1799E-08 4.0050E-08
1.1259E-08 1.2218E-08 1.3232E-08 1.4321E-08 1.5422E-08 1.6640E-08 1.7877E-08 1.9158E-08 2.0428E-08 2.1708E-08 2.2984E-08 2.4230E-08 2.5445E-08 2.6618E-08 2.7736E-08 2.8792E-08 2.9779E-08 3.0696E-08 3.1541E-08 3.2319E-08 3.3039E-08 3.3722E-08 3.4385E-08 3.5057E-08 3.5775E-08 3.6592E-08 3.7563E-08 3.8789E-08 4.0431E-08 4.2795E-08 4.5173E-08 4.7587E-08 4.9257E-08 5.1115E-08 5.3050E-08 5.4008E-08 5.3910E-08 5.3284E-08 5.2589E-08 5.1704E-08 5.0797E-08 4.9972E-08 4.9299E-08 4.8913E-08 4.9149E-08 4.9484E-08 4.9528E-08 4.9140E-08 4.8705E-08 4.8011E-08 4.7145E-08 4.6297E-08 4.4622E-08 4.2945E-08 4.1272E-08 3.9608E-08 3.7957E-08
1.0343E-08 1.1205E-08 1.2118E-08 1.3091E-08 1.4110E-08 1.5188E-08 1.6297E-08 1.7440E-08 1.8582E-08 1.9726E-08 2.0879E-08 2.2003E-08 2.3103E-08 2.4171E-08 2.5199E-08 2.6181E-08 2.7111E-08 2.7989E-08 2.8816E-08 2.9594E-08 3.0331E-08 3.1043E-08 3.1747E-08 3.2468E-08 3.3253E-08 3.4147E-08 3.5213E-08 3.6551E-08 3.8366E-08 4.0846E-08 4.2855E-08 4.5011E-08 4.6999E-08 4.8612E-08 5.0181E-08 5.1243E-08 5.0747E-08 5.0208E-08 4.9557E-08 4.8719E-08 4.7928E-08 4.7231E-08 4.6712E-08 4.6541E-08 4.7106E-08 4.7382E-08 4.7258E-08 4.6682E-08 4.6592E-08 4.5545E-08 4.4981E-08 4.3751E-08 4.2174E-08 4.0596E-08 3.9022E-08 3.7455E-08 3.5902E-08
9.5687E-09 1.0340E-08 1.1146E-08 1.2020E-08 1.2920E-08 1.3875E-08 1.4861E-08 1.5871E-08 1.6898E-08 1.7923E-08 1.8961E-08 1.9985E-08 2.0991E-08 2.1976E-08 2.2930E-08 2.3846E-08 2.4719E-08 2.5552E-08 2.6348E-08 2.7109E-08 2.7846E-08 2.8574E-08 2.9313E-08 3.0080E-08 3.0921E-08 3.1873E-08 3.3012E-08 3.4451E-08 3.6446E-08 3.8874E-08 4.0697E-08 4.2558E-08 4.4505E-08 4.6319E-08 4.7462E-08 4.8066E-08 4.7648E-08 4.7188E-08 4.6544E-08 4.5810E-08 4.5137E-08 4.4571E-08 4.4207E-08 4.4273E-08 4.4754E-08 4.4998E-08 4.4862E-08 4.4331E-08 4.4032E-08 4.3165E-08 4.2731E-08 4.1257E-08 3.9778E-08 3.8297E-08 3.6818E-08 3.5347E-08 3.3890E-08
8.8534E-09 9.5588E-09 1.0280E-08 1.1058E-08 1.1856E-08 1.2709E-08 1.3580E-08 1.4473E-08 1.5399E-08 1.6313E-08 1.7251E-08 1.8171E-08 1.9079E-08 1.9987E-08 2.0865E-08 2.1720E-08 2.2546E-08 2.3343E-08 2.4113E-08 2.4860E-08 2.5596E-08 2.6328E-08 2.7079E-08 2.7876E-08 2.8758E-08 2.9765E-08 3.0971E-08 3.2505E-08 3.4591E-08 3.6622E-08 3.8719E-08 4.0272E-08 4.1994E-08 4.3855E-08 4.4928E-08 4.4990E-08 4.4649E-08 4.4228E-08 4.3625E-08 4.2995E-08 4.2433E-08 4.1999E-08 4.1803E-08 4.2152E-08 4.2536E-08 4.2646E-08 4.2382E-08 4.2112E-08 4.1553E-08 4.0898E-08 4.0205E-08 3.8826E-08 3.7441E-08 3.6055E-08 3.4670E-08 3.3293E-08 3.1931E-08
8.2189E-09 8.8390E-09 9.5037E-09 1.0188E-08 1.0906E-08 1.1660E-08 1.2434E-08 1.3236E-08 1.4054E-08 1.4884E-08 1.5728E-08 1.6558E-08 1.7384E-08 1.8216E-08 1.9020E-08 1.9808E-08 2.0579E-08 2.1334E-08 2.2074E-08 2.2805E-08 2.3535E-08 2.4274E-08 2.5039E-08 2.5862E-08 2.6772E-08 2.7816E-08 2.9073E-08 3.0708E-08 3.2828E-08 3.4537E-08 3.6383E-08 3.8180E-08 3.9703E-08 4.1194E-08 4.2254E-08 4.2025E-08 4.1759E-08 4.1365E-08 4.0803E-08 4.0281E-08 3.9831E-08 3.9523E-08 3.9517E-08 4.0105E-08 4.0467E-08 4.0433E-08 4.0009E-08 3.9979E-08 3.9168E-08 3.8783E-08 3.7753E-08 3.6466E-08 3.5173E-08 3.3878E-08 3.2583E-08 3.1300E-08 3.0011E-08
7.6438E-09 8.1936E-09 8.7843E-09 9.4032E-09 1.0052E-08 1.0715E-08 1.1413E-08 1.2128E-08 1.2854E-08 1.3606E-08 1.4352E-08 1.5118E-08 1.5874E-08 1.6626E-08 1.7373E-08 1.8110E-08 1.8835E-08 1.9550E-08 2.0254E-08 2.0957E-08 2.1668E-08 2.2400E-08 2.3168E-08 2.4005E-08 2.4938E-08 2.6017E-08 2.7325E-08 2.9062E-08 3.1037E-08 3.2623E-08 3.4213E-08 3.5910E-08 3.7651E-08 3.8735E-08 3.9360E-08 3.9172E-08 3.8948E-08 3.8564E-08 3.8097E-08 3.7677E-08 3.7334E-08 3.7165E-08 3.7362E-08 3.7865E-08 3.8149E-08 3.8110E-08 3.7755E-08 3.7545E-08 3.6893E-08 3.6569E-08 3.5381E-08 3.4183E-08 3.2979E-08 3.1771E-08 3.0568E-08 2.9354E-08 2.8153E-08
