Assets/Resources/2015_m01_d19_1700(utc+0800)_l00_csi_1hr_conc.grd
DSAA
         159         159
     -79.000      79.000
     -79.000      79.000
  0.0000E+00  0.2798E-05
[rows 75 to 99 of 159, columns 57 to 113 of 159]
3.2124E-08 3.3377E-08 3.4469E-08 3.5362E-08 3.6164E-08 3.6998E-08 3.8101E-08 3.9957E-08 4.3355E-08 4.9586E-08 6.0392E-08 7.7997E-08 1.0550E-07 1.4607E-07 1.9690E-07 2.2947E-07 1.6314E-07 1.9568E-08 1.3419E-09 3.9092E-10 3.3329E-10 3.0557E-10 2.6289E-10 2.4886E-10 2.3960E-10 2.3074E-10 2.2496E-10 2.1670E-10 2.1082E-10 2.0481E-10 1.9748E-10 1.9030E-10 1.8414E-10 1.7795E-10 1.6957E-10 1.6348E-10 1.5744E-10 1.4919E-10 1.4332E-10 1.3743E-10 1.3157E-10 1.2569E-10 1.1832E-10 1.1213E-10 1.0658E-10 1.0108E-10 9.5693E-11 9.0397E-11 8.3307E-11 7.8420E-11 7.3683E-11 6.7679E-11 6.2913E-11 5.8835E-11 5.3077E-11 4.9535E-11 4.5868E-11
2.7359E-08 2.7942E-08 2.8294E-08 2.8407E-08 2.8290E-08 2.8166E-08 2.8218E-08 2.8979E-08 3.1142E-08 3.5729E-08 4.4444E-08 6.0038E-08 8.7067E-08 1.3573E-07 2.2391E-07 3.7267E-07 5.3816E-07 3.0284E-07 3.9415E-08 3.4478E-10 3.0330E-10 2.7580E-10 2.3565E-10 2.2517E-10 2.1854E-10 2.1199E-10 2.0654E-10 2.0096E-10 1.9300E-10 1.8737E-10 1.8162E-10 1.7523E-10 1.6776E-10 1.6201E-10 1.5623E-10 1.4826E-10 1.4267E-10 1.3706E-10 1.3151E-10 1.2593E-10 1.2039E-10 1.1285E-10 1.0753E-10 1.0223E-10 9.7030E-11 9.1884E-11 8.4872E-11 8.0078E-11 7.5430E-11 7.0891E-11 6.4657E-11 6.0568E-11 5.6206E-11 5.1110E-11 4.7709E-11 4.3112E-11 4.0196E-11
2.3069E-08 2.3148E-08 2.2957E-08 2.2517E-08 2.1836E-08 2.1073E-08 2.0421E-08 2.0204E-08 2.0956E-08 2.3248E-08 2.8093E-08 3.7278E-08 5.4160E-08 8.5561E-08 1.4590E-07 2.7525E-07 6.1080E-07 1.0179E-06 9.0880E-07 2.0403E-07 2.8649E-10 2.4974E-10 2.1551E-10 2.0699E-10 2.0188E-10 1.9552E-10 1.8922E-10 1.8397E-10 1.7866E-10 1.7152E-10 1.6559E-10 1.6017E-10 1.5466E-10 1.4702E-10 1.4165E-10 1.3631E-10 1.3099E-10 1.2570E-10 1.2042E-10 1.1313E-10 1.0803E-10 1.0297E-10 9.7957E-11 9.2997E-11 8.8128E-11 8.1430E-11 7.6889E-11 7.2433E-11 6.6197E-11 6.2138E-11 5.8244E-11 5.2605E-11 4.9164E-11 4.5535E-11 4.1459E-11 3.8618E-11 3.4641E-11
1.9348E-08 1.9088E-08 1.8575E-08 1.7823E-08 1.6857E-08 1.5775E-08 1.4734E-08 1.3887E-08 1.3566E-08 1.3898E-08 1.5439E-08 1.8688E-08 2.4255E-08 3.2062E-08 4.0419E-08 4.3343E-08 6.9432E-08 2.7287E-07 1.0687E-06 2.7984E-06 2.2092E-06 2.9617E-10 1.9756E-10 1.8990E-10 1.8508E-10 1.8023E-10 1.7410E-10 1.6803E-10 1.6302E-10 1.5792E-10 1.5165E-10 1.4546E-10 1.4034E-10 1.3526E-10 1.3014E-10 1.2510E-10 1.1949E-10 1.1302E-10 1.0815E-10 1.0332E-10 9.8512E-11 9.3755E-11 8.9049E-11 8.2486E-11 7.8061E-11 7.3725E-11 6.8535E-11 6.3531E-11 5.9662E-11 5.3999E-11 5.0536E-11 4.7222E-11 4.2712E-11 3.9811E-11 3.6410E-11 3.3229E-11 3.0934E-11
1.6183E-08 1.5727E-08 1.5058E-08 1.4188E-08 1.3167E-08 1.2018E-08 1.0879E-08 9.8165E-09 8.8127E-09 8.3566E-09 8.2201E-09 8.2138E-09 8.0210E-09 6.8610E-09 4.6661E-09 3.0008E-09 1.3585E-09 5.2148E-10 7.1135E-10 1.5973E-09 8.1455E-08 5.8348E-07 1.8094E-10 1.7562E-10 1.6936E-10 1.6477E-10 1.6008E-10 1.5421E-10 1.4837E-10 1.4359E-10 1.3878E-10 1.3392E-10 1.2906E-10 1.2421E-10 1.1776E-10 1.1258E-10 1.0792E-10 1.0332E-10 9.8722E-11 9.4173E-11 8.9644E-11 8.3249E-11 7.8956E-11 7.4758E-11 7.0619E-11 6.4732E-11 6.0914E-11 5.7228E-11 5.1815E-11 4.8506E-11 4.3938E-11 4.1003E-11 3.8199E-11 3.4254E-11 3.1856E-11 2.8294E-11 2.6311E-11
1.3498E-08 1.2949E-08 1.2262E-08 1.1360E-08 1.0378E-08 9.3096E-09 8.2115E-09 7.0185E-09 6.1835E-09 5.4237E-09 4.6404E-09 3.7272E-09 2.9227E-09 2.1947E-09 1.4809E-09 9.0552E-10 4.6502E-10 3.3085E-10 2.7372E-10 2.3790E-10 2.1353E-10 1.8058E-10 1.6605E-10 1.6122E-10 1.5688E-10 1.5084E-10 1.4588E-10 1.4143E-10 1.3690E-10 1.3232E-10 1.2772E-10 1.2199E-10 1.1640E-10 1.1190E-10 1.0743E-10 1.0300E-10 9.8609E-11 9.4260E-11 8.9401E-11 8.3716E-11 7.9580E-11 7.5521E-11 7.0995E-11 6.5721E-11 6.1985E-11 5.8364E-11 5.2980E-11 4.9691E-11 4.5112E-11 4.2156E-11 3.9316E-11 3.5301E-11 3.2833E-11 2.9169E-11 2.7087E-11 2.5174E-11 2.2094E-11
1.1261E-08 1.0723E-08 9.9967E-09 9.1959E-09 8.3159E-09 7.3223E-09 6.2657E-09 5.4414E-09 4.6541E-09 3.8689E-09 3.1912E-09 2.5234E-09 1.9146E-09 1.3893E-09 9.0248E-10 5.2343E-10 3.4634E-10 2.9332E-10 2.4672E-10 2.1699E-10 1.9102E-10 1.6091E-10 1.5340E-10 1.4879E-10 1.4362E-10 1.3896E-10 1.3474E-10 1.3045E-10 1.2501E-10 1.1966E-10 1.1536E-10 1.1103E-10 1.0676E-10 1.0247E-10 9.8255E-11 9.4066E-11 8.8411E-11 8.3918E-11 7.9953E-11 7.6031E-11 7.0672E-11 6.6495E-11 6.2866E-11 5.8319E-11 5.4008E-11 5.0752E-11 4.6204E-11 4.3245E-11 4.0395E-11 3.6342E-11 3.3828E-11 3.0761E-11 2.7935E-11 2.5928E-11 2.2741E-11 2.1103E-11 1.9599E-11
9.3577E-09 8.7761E-09 8.1348E-09 7.4257E-09 6.6232E-09 5.7870E-09 5.0875E-09 4.3899E-09 3.6942E-09 3.0749E-09 2.5000E-09 1.9901E-09 1.5189E-09 1.1002E-09 7.0832E-10 4.6810E-10 3.1085E-10 2.6185E-10 2.2152E-10 1.9759E-10 1.6596E-10 1.4597E-10 1.4152E-10 1.3664E-10 1.3226E-10 1.2830E-10 1.2320E-10 1.1810E-10 1.1408E-10 1.1000E-10 1.0588E-10 1.0179E-10 9.7725E-11 9.2647E-11 8.7751E-11 8.3888E-11 8.0091E-11 7.5797E-11 7.0665E-11 6.7076E-11 6.3563E-11 5.8174E-11 5.4899E-11 5.1692E-11 4.7209E-11 4.4263E-11 4.1066E-11 3.7365E-11 3.4829E-11 3.1383E-11 2.8841E-11 2.6756E-11 2.3496E-11 2.1754E-11 1.9808E-11 1.7417E-11 1.6162E-11
7.6894E-09 7.1764E-09 6.6105E-09 5.9594E-09 5.3143E-09 4.7212E-09 4.1388E-09 3.5646E-09 3.0174E-09 2.5067E-09 2.0374E-09 1.6239E-09 1.2584E-09 9.0869E-10 6.4990E-10 4.5255E-10 2.7741E-10 2.3059E-10 1.9886E-10 1.7497E-10 1.4395E-10 1.3451E-10 1.2937E-10 1.2580E-10 1.2209E-10 1.1727E-10 1.1246E-10 1.0869E-10 1.0483E-10 1.0093E-10 9.6515E-11 9.1194E-11 8.7420E-11 8.3689E-11 7.9504E-11 7.4905E-11 7.0936E-11 6.7473E-11 6.3083E-11 5.8838E-11 5.5645E-11 5.1791E-11 4.8111E-11 4.5197E-11 4.1351E-11 3.8354E-11 3.5813E-11 3.2029E-11 2.9780E-11 2.7286E-11 2.4331E-11 2.2504E-11 1.9816E-11 1.7991E-11 1.6632E-11 1.4107E-11 1.3070E-11
6.3352E-09 5.8782E-09 5.3475E-09 4.8499E-09 4.3580E-09 3.8700E-09 3.3891E-09 2.9214E-09 2.4771E-09 2.0607E-09 1.6813E-09 1.3429E-09 1.0105E-09 7.5402E-10 5.8234E-10 4.2659E-10 2.5128E-10 2.0337E-10 1.7850E-10 1.4870E-10 1.2754E-10 1.2290E-10 1.1957E-10 1.1610E-10 1.1155E-10 1.0700E-10 1.0348E-10 9.9859E-11 9.5684E-11 9.1049E-11 8.6954E-11 8.3376E-11 7.8831E-11 7.4420E-11 7.1032E-11 6.6709E-11 6.2517E-11 5.9352E-11 5.5525E-11 5.1820E-11 4.8894E-11 4.5331E-11 4.1924E-11 3.9284E-11 3.6061E-11 3.2993E-11 3.0365E-11 2.7532E-11 2.5211E-11 2.2975E-11 2.0263E-11 1.8674E-11 1.6551E-11 1.4616E-11 1.3128E-11 1.1152E-11 1.0304E-11
5.1805E-09 4.7830E-09 4.3671E-09 3.9542E-09 3.5509E-09 3.1459E-09 2.7580E-09 2.3797E-09 2.0228E-09 1.6839E-09 1.3744E-09 1.0805E-09 8.1624E-10 6.4664E-10 5.0745E-10 3.9048E-10 2.2132E-10 1.7871E-10 1.5482E-10 1.2510E-10 1.1669E-10 1.1357E-10 1.1033E-10 1.0603E-10 1.0174E-10 9.8445E-11 9.5054E-11 9.1121E-11 8.6735E-11 8.2878E-11 7.9020E-11 7.4738E-11 7.1000E-11 6.6846E-11 6.2765E-11 5.9727E-11 5.5326E-11 5.2433E-11 4.9220E-11 4.5436E-11 4.2756E-11 3.9469E-11 3.6317E-11 3.3584E-11 3.0633E-11 2.8160E-11 2.5775E-11 2.3197E-11 2.1103E-11 1.8774E-11 1.6624E-11 1.4913E-11 1.3022E-11 1.1621E-11 9.9917E-12 8.5430E-12 7.5176E-12
4.2252E-09 3.8852E-09 3.5432E-09 3.2038E-09 2.8712E-09 2.5453E-09 2.2330E-09 1.9281E-09 1.6330E-09 1.3596E-09 1.1015E-09 8.5705E-10 6.8927E-10 5.5133E-10 4.3688E-10 3.0431E-10 1.9551E-10 1.5754E-10 1.2667E-10 1.1073E-10 1.0782E-10 1.0478E-10 1.0072E-10 9.6674E-11 9.3592E-11 9.0417E-11 8.6711E-11 8.2563E-11 7.8930E-11 7.5293E-11 7.1238E-11 6.7708E-11 6.3775E-11 5.9908E-11 5.6364E-11 5.2867E-11 4.9794E-11 4.6438E-11 4.3494E-11 3.9956E-11 3.7187E-11 3.4503E-11 3.1247E-11 2.9114E-11 2.6047E-11 2.3824E-11 2.1666E-11 1.9008E-11 1.7443E-11 1.5023E-11 1.3404E-11 1.1572E-11 9.8912E-12 8.6540E-12 7.2181E-12 6.2589E-12 5.0701E-12
3.4073E-09 3.1273E-09 2.8448E-09 2.5650E-09 2.2992E-09 2.0391E-09 1.7918E-09 1.5437E-09 1.3112E-09 1.0893E-09 8.7160E-10 7.1371E-10 5.8307E-10 4.7029E-10 3.5079E-10 2.5504E-10 1.7540E-10 1.2846E-10 1.0611E-10 1.0230E-10 9.9460E-11 9.5627E-11 9.1806E-11 8.8921E-11 8.5948E-11 8.2458E-11 7.8536E-11 7.5115E-11 7.1686E-11 6.7848E-11 6.4522E-11 6.0794E-11 5.7131E-11 5.3779E-11 5.0470E-11 4.7573E-11 4.4394E-11 4.1286E-11 3.8251E-11 3.5632E-11 3.2772E-11 2.9993E-11 2.7320E-11 2.4736E-11 2.2605E-11 2.0246E-11 1.8326E-11 1.5880E-11 1.4203E-11 1.1998E-11 1.0571E-11 9.2547E-12 7.4332E-12 6.6838E-12 4.7796E-12 4.2723E-12 2.9193E-12
2.7299E-09 2.4984E-09 2.2661E-09 2.0429E-09 1.8308E-09 1.6294E-09 1.4293E-09 1.2373E-09 1.0497E-09 8.6005E-10 7.1859E-10 5.9936E-10 4.9366E-10 3.7996E-10 2.8460E-10 2.2347E-10 1.4974E-10 1.0299E-10 9.7013E-11 9.4357E-11 9.0739E-11 8.7134E-11 8.4434E-11 8.1650E-11 7.8363E-11 7.4184E-11 7.1436E-11 6.8204E-11 6.4103E-11 6.1438E-11 5.7907E-11 5.4438E-11 5.1268E-11 4.8140E-11 4.5409E-11 4.2400E-11 3.9456E-11 3.6581E-11 3.4109E-11 3.1395E-11 2.8758E-11 2.6217E-11 2.3760E-11 2.1740E-11 1.9493E-11 1.7354E-11 1.5325E-11 1.3411E-11 1.1610E-11 1.0239E-11 8.6784E-12 7.2193E-12 5.8887E-12 4.6555E-12 3.5467E-12 2.5291E-12 1.1996E-12
2.1697E-09 1.9785E-09 1.7912E-09 1.6153E-09 1.4498E-09 1.2904E-09 1.1397E-09 9.8395E-10 8.2570E-10 7.0524E-10 6.0091E-10 5.0134E-10 4.0551E-10 3.0947E-10 2.4600E-10 1.8888E-10 1.2355E-10 9.1959E-11 8.9472E-11 8.6057E-11 8.2658E-11 8.0130E-11 7.7523E-11 7.3978E-11 7.0468E-11 6.7893E-11 6.4401E-11 6.0958E-11 5.8460E-11 5.4665E-11 5.1833E-11 4.8836E-11 4.5880E-11 4.3306E-11 4.0459E-11 3.7673E-11 3.4950E-11 3.2618E-11 3.0044E-11 2.7542E-11 2.5129E-11 2.2795E-11 2.0882E-11 1.8743E-11 1.6704E-11 1.4768E-11 1.2939E-11 1.1216E-11 9.9091E-12 8.4109E-12 7.0086E-12 5.7256E-12 4.5355E-12 3.4615E-12 2.4747E-12 1.1743E-12 0.0000E+00
1.7101E-09 1.5535E-09 1.4070E-09 1.2698E-09 1.1455E-09 1.0199E-09 8.9026E-10 7.6599E-10 6.7281E-10 5.8460E-10 4.9467E-10 4.0959E-10 3.2811E-10 2.6579E-10 2.0530E-10 1.5454E-10 1.1155E-10 8.4802E-11 8.1134E-11 7.8375E-11 7.6007E-11 7.3565E-11 7.0215E-11 6.6901E-11 6.4488E-11 6.1185E-11 5.7930E-11 5.5159E-11 5.1987E-11 4.9318E-11 4.6486E-11 4.3693E-11 4.1267E-11 3.8575E-11 3.5939E-11 3.3361E-11 3.1162E-11 2.8722E-11 2.6351E-11 2.4060E-11 2.1845E-11 2.0034E-11 1.7998E-11 1.6057E-11 1.4211E-11 1.2465E-11 1.0819E-11 9.5749E-12 8.1379E-12 6.7919E-12 5.5567E-12 4.4100E-12 3.3712E-12 2.4160E-12 1.1469E-12 0.0000E+00 0.0000E+00
1.3419E-09 1.2201E-09 1.1040E-09 9.9745E-10 8.9036E-10 7.7531E-10 6.8298E-10 6.1310E-10 5.4252E-10 4.7357E-10 4.0595E-10 3.3907E-10 2.7956E-10 2.1737E-10 1.6707E-10 1.3675E-10 1.0543E-10 7.6875E-11 7.4281E-11 7.2063E-11 6.9775E-11 6.6610E-11 6.3481E-11 6.1220E-11 5.8097E-11 5.5021E-11 5.2409E-11 4.9408E-11 4.6895E-11 4.4218E-11 4.1580E-11 3.9296E-11 3.6436E-11 3.4257E-11 3.1818E-11 2.9745E-11 2.7433E-11 2.5187E-11 2.3013E-11 2.0911E-11 1.9199E-11 1.7263E-11 1.5416E-11 1.3658E-11 1.1993E-11 1.0421E-11 9.2380E-12 7.5606E-12 6.5709E-12 5.3833E-12 4.2800E-12 3.2770E-12 2.3540E-12 5.7866E-13 0.0000E+00 0.0000E+00 0.0000E+00
1.0398E-09 9.4258E-10 8.5220E-10 7.4378E-10 6.5643E-10 5.9406E-10 5.4047E-10 4.8947E-10 4.3784E-10 3.8376E-10 3.3659E-10 2.8460E-10 2.2501E-10 1.7740E-10 1.4770E-10 1.2582E-10 9.8250E-11 7.0372E-11 6.8294E-11 6.6150E-11 6.3160E-11 6.0207E-11 5.8088E-11 5.5136E-11 5.2230E-11 4.9768E-11 4.6931E-11 4.4563E-11 4.2035E-11 3.9544E-11 3.7091E-11 3.4682E-11 3.2630E-11 3.0322E-11 2.8369E-11 2.5877E-11 2.4052E-11 2.1991E-11 1.9998E-11 1.8379E-11 1.6239E-11 1.4784E-11 1.3110E-11 1.1524E-11 1.0024E-11 8.6130E-12 7.2901E-12 6.3472E-12 5.2067E-12 4.1467E-12 3.1796E-12 1.7735E-12 5.6205E-13 0.0000E+00 0.0000E+00 0.0000E+00 0.0000E+00
7.9815E-10 7.2141E-10 6.2021E-10 5.5427E-10 5.1087E-10 4.6920E-10 4.2936E-10 3.8977E-10 3.5318E-10 3.1706E-10 2.6992E-10 2.2223E-10 1.8534E-10 1.5761E-10 1.3507E-10 1.1481E-10 9.3222E-11 6.4698E-11 6.2688E-11 5.9449E-11 5.7076E-11 5.5091E-11 5.2300E-11 4.9555E-11 4.7236E-11 4.4132E-11 4.2323E-11 3.9936E-11 3.7585E-11 3.5267E-11 3.2992E-11 3.1057E-11 2.8876E-11 2.6746E-11 2.4670E-11 2.2949E-11 2.0996E-11 1.9107E-11 1.7288E-11 1.5539E-11 1.4162E-11 1.2571E-11 1.1060E-11 9.6303E-12 8.2838E-12 7.0197E-12 6.1222E-12 4.7410E-12 4.0111E-12 3.0798E-12 1.7194E-12 5.4493E-13 0.0000E+00 0.0000E+00 0.0000E+00 0.0000E+00 0.0000E+00
6.0352E-10 5.0553E-10 4.5864E-10 4.2631E-10 3.9555E-10 3.6807E-10 3.3984E-10 3.1193E-10 2.8071E-10 2.4477E-10 2.0655E-10 1.7917E-10 1.6080E-10 1.4098E-10 1.2267E-10 1.0576E-10 8.7915E-11 5.8987E-11 5.6320E-11 5.4087E-11 5.2226E-11 4.9188E-11 4.6996E-11 4.4811E-11 4.1871E-11 4.0176E-11 3.7630E-11 3.5702E-11 3.3512E-11 3.1364E-11 2.9542E-11 2.7188E-11 2.5466E-11 2.3502E-11 2.1880E-11 2.0029E-11 1.8240E-11 1.6515E-11 1.4856E-11 1.3553E-11 1.1754E-11 1.0603E-11 9.2414E-12 7.9575E-12 6.7506E-12 5.8971E-12 4.5704E-12 3.8740E-12 2.9784E-12 1.6642E-12 5.2743E-13 0.0000E+00 0.0000E+00 0.0000E+00 0.0000E+00 0.0000E+00 0.0000E+00
3.9551E-10 3.7024E-10 3.4882E-10 3.2909E-10 3.0991E-10 2.8867E-10 2.6841E-10 2.4307E-10 2.1237E-10 1.8514E-10 1.6783E-10 1.5369E-10 1.3923E-10 1.2549E-10 1.1057E-10 9.7306E-11 8.1422E-11 5.2935E-11 5.1235E-11 4.9106E-11 4.6614E-11 4.4551E-11 4.2104E-11 3.9708E-11 3.7840E-11 3.5710E-11 3.3896E-11 3.1827E-11 2.9799E-11 2.7804E-11 2.5854E-11 2.4231E-11 2.2373E-11 2.0845E-11 1.8811E-11 1.7399E-11 1.5762E-11 1.4190E-11 1.2684E-11 1.1244E-11 1.0155E-11 8.5789E-12 7.6354E-12 6.4841E-12 5.4061E-12 4.4000E-12 3.7363E-12 2.6034E-12 1.6082E-12 5.0968E-13 0.0000E+00 0.0000E+00 0.0000E+00 0.0000E+00 0.0000E+00 0.0000E+00 0.0000E+00
2.7255E-10 2.5745E-10 2.4449E-10 2.3121E-10 2.1688E-10 2.0317E-10 1.8356E-10 1.6105E-10 1.4356E-10 1.3216E-10 1.2392E-10 1.1602E-10 1.0637E-10 9.7785E-11 8.9095E-11 7.8589E-11 6.6577E-11 4.8518E-11 4.6512E-11 4.3770E-11 4.2217E-11 3.9904E-11 3.7641E-11 3.5882E-11 3.3590E-11 3.2166E-11 2.9936E-11 2.8298E-11 2.6412E-11 2.4571E-11 2.3042E-11 2.1008E-11 1.9576E-11 1.7916E-11 1.6584E-11 1.5033E-11 1.3543E-11 1.2113E-11 1.0748E-11 9.4474E-12 8.2135E-12 7.3185E-12 5.9484E-12 5.1923E-12 4.2308E-12 3.3373E-12 2.5098E-12 1.5519E-12 0.0000E+00 0.0000E+00 0.0000E+00 0.0000E+00 0.0000E+00 0.0000E+00 0.0000E+00 0.0000E+00 0.0000E+00
1.8534E-10 1.7686E-10 1.6763E-10 1.5830E-10 1.4877E-10 1.3425E-10 1.1958E-10 1.0873E-10 1.0185E-10 9.6399E-11 9.0322E-11 8.5443E-11 8.0630E-11 7.5633E-11 6.9556E-11 6.2503E-11 5.4755E-11 4.3668E-11 4.1448E-11 3.9991E-11 3.7430E-11 3.5668E-11 3.3741E-11 3.1846E-11 3.0245E-11 2.8401E-11 2.6860E-11 2.5078E-11 2.3340E-11 2.1632E-11 1.9972E-11 1.8623E-11 1.7052E-11 1.5796E-11 1.4060E-11 1.2915E-11 1.1559E-11 1.0264E-11 9.0285E-12 7.8565E-12 6.7461E-12 5.7001E-12 4.9815E-12 3.7978E-12 3.2090E-12 2.4164E-12 1.0235E-12 0.0000E+00 0.0000E+00 0.0000E+00 0.0000E+00 0.0000E+00 0.0000E+00 0.0000E+00 0.0000E+00 0.0000E+00 0.0000E+00
1.2757E-10 1.2037E-10 1.1387E-10 1.0568E-10 9.5125E-11 8.6307E-11 7.9714E-11 7.5975E-11 7.2443E-11 6.8926E-11 6.6129E-11 6.3318E-11 6.0512E-11 5.6678E-11 5.3612E-11 5.0144E-11 4.6279E-11 3.9237E-11 3.7509E-11 3.5446E-11 3.3787E-11 3.1968E-11 3.0181E-11 2.8674E-11 2.6667E-11 2.5483E-11 2.3539E-11 2.2159E-11 2.0545E-11 1.8978E-11 1.7705E-11 1.5957E-11 1.4780E-11 1.3388E-11 1.2308E-11 1.0762E-11 9.7946E-12 8.6212E-12 7.5085E-12 6.4519E-12 5.4569E-12 4.5192E-12 3.6430E-12 3.0821E-12 2.0653E-12 9.8406E-13 0.0000E+00 0.0000E+00 0.0000E+00 0.0000E+00 0.0000E+00 0.0000E+00 0.0000E+00 0.0000E+00 0.0000E+00 0.0000E+00 0.0000E+00
8.5746E-11 7.9015E-11 7.1902E-11 6.4409E-11 5.8882E-11 5.5692E-11 5.4175E-11 5.1884E-11 5.0328E-11 4.9088E-11 4.7801E-11 4.6116E-11 4.3729E-11 4.2449E-11 4.1131E-11 3.8757E-11 3.7135E-11 3.5506E-11 3.3199E-11 3.1995E-11 3.0018E-11 2.8593E-11 2.6918E-11 2.5277E-11 2.3916E-11 2.2066E-11 2.1029E-11 1.9246E-11 1.8024E-11 1.6571E-11 1.5168E-11 1.4058E-11 1.2483E-11 1.1473E-11 1.0254E-11 9.3398E-12 7.9738E-12 7.1701E-12 6.1654E-12 5.2195E-12 4.3259E-12 3.4911E-12 2.7086E-12 1.9838E-12 9.4506E-13 0.0000E+00 0.0000E+00 0.0000E+00 0.0000E+00 0.0000E+00 0.0000E+00 0.0000E+00 0.0000E+00 0.0000E+00 0.0000E+00 0.0000E+00 0.0000E+00
