Assets/Resources/2015_m01_d31_0900(utc+0800)_l00_csi_1hr_conc.grd
DSAA
         159         159
     -79.000      79.000
     -79.000      79.000
  0.0000E+00  0.2396E-05
[rows 0 to 24 of 159, columns 57 to 113 of 159]
8.3885E-10 1.0068E-09 1.1958E-09 1.4130E-09 1.6582E-09 1.9304E-09 2.2325E-09 2.5638E-09 2.9223E-09 3.3069E-09 3.7137E-09 4.1391E-09 4.5784E-09 5.0255E-09 5.4730E-09 5.9137E-09 6.3384E-09 6.7381E-09 7.1027E-09 7.4239E-09 7.6949E-09 7.9075E-09 8.0552E-09 8.1342E-09 8.1409E-09 8.0743E-09 7.9357E-09 7.7283E-09 7.4572E-09 7.1294E-09 6.7526E-09 6.3348E-09 5.8858E-09 5.4176E-09 4.9398E-09 4.4600E-09 3.9887E-09 3.5324E-09 3.0998E-09 2.6910E-09 2.3159E-09 1.9699E-09 1.6633E-09 1.3865E-09 1.1486E-09 9.3908E-10 7.6006E-10 6.1017E-10 4.8265E-10 3.7901E-10 2.8962E-10 2.0915E-10 1.4126E-10 8.0542E-11 4.8242E-11 2.6187E-11 1.2511E-11
8.6558E-10 1.0397E-09 1.2388E-09 1.4682E-09 1.7258E-09 2.0151E-09 2.3367E-09 2.6888E-09 3.0729E-09 3.4845E-09 3.9220E-09 4.3812E-09 4.8560E-09 5.3410E-09 5.8282E-09 6.3080E-09 6.7716E-09 7.2095E-09 7.6123E-09 7.9699E-09 8.2725E-09 8.5124E-09 8.6809E-09 8.7736E-09 8.7874E-09 8.7218E-09 8.5777E-09 8.3579E-09 8.0676E-09 7.7143E-09 7.3065E-09 6.8553E-09 6.3706E-09 5.8622E-09 5.3410E-09 4.8198E-09 4.3073E-09 3.8110E-09 3.3386E-09 2.8969E-09 2.4891E-09 2.1165E-09 1.7816E-09 1.4854E-09 1.2242E-09 1.0001E-09 8.0788E-10 6.4735E-10 5.1309E-10 4.0105E-10 3.0729E-10 2.2370E-10 1.4987E-10 8.5811E-11 4.8478E-11 2.6297E-11 1.2480E-11
8.8693E-10 1.0669E-09 1.2764E-09 1.5165E-09 1.7872E-09 2.0922E-09 2.4322E-09 2.8065E-09 3.2143E-09 3.6539E-09 4.1220E-09 4.6146E-09 5.1259E-09 5.6490E-09 6.1762E-09 6.6981E-09 7.2049E-09 7.6851E-09 8.1272E-09 8.5201E-09 8.8536E-09 9.1196E-09 9.3105E-09 9.4201E-09 9.4438E-09 9.3811E-09 9.2315E-09 8.9991E-09 8.6902E-09 8.3118E-09 7.8734E-09 7.3860E-09 6.8609E-09 6.3111E-09 5.7495E-09 5.1852E-09 4.6295E-09 4.0932E-09 3.5816E-09 3.1040E-09 2.6612E-09 2.2610E-09 1.9003E-09 1.5825E-09 1.3009E-09 1.0612E-09 8.5614E-10 6.8332E-10 5.4021E-10 4.2149E-10 3.2436E-10 2.3549E-10 1.5834E-10 9.1884E-11 4.7580E-11 2.6792E-11 1.2269E-11
9.0189E-10 1.0891E-09 1.3076E-09 1.5563E-09 1.8398E-09 2.1613E-09 2.5184E-09 2.9133E-09 3.3449E-09 3.8118E-09 4.3112E-09 4.8381E-09 5.3873E-09 5.9512E-09 6.5206E-09 7.0857E-09 7.6347E-09 8.1557E-09 8.6379E-09 9.0699E-09 9.4395E-09 9.7363E-09 9.9514E-09 1.0079E-08 1.0112E-08 1.0052E-08 9.8971E-09 9.6519E-09 9.3226E-09 8.9182E-09 8.4483E-09 7.9250E-09 7.3607E-09 6.7679E-09 6.1602E-09 5.5516E-09 4.9542E-09 4.3741E-09 3.8255E-09 3.3084E-09 2.8362E-09 2.4022E-09 2.0175E-09 1.6755E-09 1.3791E-09 1.1198E-09 9.0096E-10 7.1753E-10 5.6527E-10 4.4124E-10 3.3968E-10 2.4858E-10 1.6855E-10 9.8351E-11 5.0173E-11 2.7409E-11 1.2540E-11
9.1163E-10 1.1053E-09 1.3301E-09 1.5883E-09 1.8847E-09 2.2186E-09 2.5927E-09 3.0075E-09 3.4628E-09 3.9567E-09 4.4858E-09 5.0471E-09 5.6331E-09 6.2362E-09 6.8469E-09 7.4543E-09 8.0464E-09 8.6127E-09 9.1384E-09 9.6103E-09 1.0015E-08 1.0342E-08 1.0582E-08 1.0727E-08 1.0772E-08 1.0715E-08 1.0555E-08 1.0300E-08 9.9524E-09 9.5218E-09 9.0202E-09 8.4604E-09 7.8565E-09 7.2224E-09 6.5730E-09 5.9197E-09 5.2765E-09 4.6560E-09 4.0652E-09 3.5141E-09 3.0050E-09 2.5449E-09 2.1307E-09 1.7676E-09 1.4501E-09 1.1792E-09 9.4506E-10 7.4980E-10 5.8962E-10 4.5945E-10 3.5443E-10 2.6108E-10 1.7922E-10 1.0552E-10 5.2711E-11 2.9676E-11 1.2917E-11
9.1532E-10 1.1150E-09 1.3443E-09 1.6119E-09 1.9181E-09 2.2648E-09 2.6543E-09 3.0887E-09 3.5659E-09 4.0848E-09 4.6443E-09 5.2390E-09 5.8623E-09 6.5057E-09 7.1601E-09 7.8129E-09 8.4523E-09 9.0636E-09 9.6315E-09 1.0144E-08 1.0587E-08 1.0948E-08 1.1216E-08 1.1381E-08 1.1439E-08 1.1387E-08 1.1225E-08 1.0956E-08 1.0589E-08 1.0132E-08 9.5978E-09 8.9998E-09 8.3547E-09 7.6757E-09 6.9798E-09 6.2818E-09 5.5963E-09 4.9325E-09 4.3023E-09 3.7150E-09 3.1713E-09 2.6808E-09 2.2418E-09 1.8553E-09 1.5200E-09 1.2310E-09 9.8600E-10 7.8237E-10 6.1318E-10 4.7664E-10 3.6600E-10 2.7485E-10 1.8483E-10 1.1091E-10 5.5327E-11 2.9054E-11 1.2184E-11
9.1390E-10 1.1164E-09 1.3517E-09 1.6263E-09 1.9398E-09 2.2990E-09 2.7037E-09 3.1541E-09 3.6517E-09 4.1962E-09 4.7848E-09 5.4122E-09 6.0720E-09 6.7546E-09 7.4508E-09 8.1470E-09 8.8310E-09 9.4880E-09 1.0103E-08 1.0659E-08 1.1141E-08 1.1536E-08 1.1832E-08 1.2018E-08 1.2089E-08 1.2042E-08 1.1877E-08 1.1598E-08 1.1212E-08 1.0729E-08 1.0162E-08 9.5297E-09 8.8431E-09 8.1210E-09 7.3807E-09 6.6376E-09 5.9062E-09 5.2007E-09 4.5323E-09 3.9055E-09 3.3336E-09 2.8104E-09 2.3462E-09 1.9391E-09 1.5845E-09 1.2816E-09 1.0263E-09 8.1345E-10 6.3630E-10 4.9213E-10 3.7704E-10 2.8465E-10 1.9314E-10 1.1611E-10 5.7948E-11 2.7823E-11 1.1024E-11
9.0674E-10 1.1114E-09 1.3502E-09 1.6306E-09 1.9520E-09 2.3214E-09 2.7378E-09 3.2039E-09 3.7214E-09 4.2901E-09 4.9060E-09 5.5641E-09 6.2581E-09 6.9806E-09 7.7201E-09 8.4632E-09 9.1960E-09 9.9001E-09 1.0562E-08 1.1162E-08 1.1685E-08 1.2116E-08 1.2441E-08 1.2651E-08 1.2738E-08 1.2697E-08 1.2530E-08 1.2238E-08 1.1833E-08 1.1324E-08 1.0725E-08 1.0052E-08 9.3234E-09 8.5578E-09 7.7716E-09 6.9828E-09 6.2076E-09 5.4599E-09 4.7497E-09 4.0897E-09 3.4819E-09 2.9366E-09 2.4451E-09 2.0168E-09 1.6455E-09 1.3297E-09 1.0635E-09 8.3938E-10 6.5615E-10 5.0548E-10 3.8720E-10 2.9361E-10 2.0127E-10 1.2178E-10 5.9825E-11 2.6128E-11 9.7130E-12
8.9365E-10 1.0991E-09 1.3419E-09 1.6250E-09 1.9535E-09 2.3311E-09 2.7579E-09 3.2383E-09 3.7747E-09 4.3645E-09 5.0056E-09 5.6945E-09 6.4244E-09 7.1851E-09 7.9659E-09 8.7538E-09 9.5320E-09 1.0284E-08 1.0991E-08 1.1635E-08 1.2201E-08 1.2669E-08 1.3026E-08 1.3260E-08 1.3362E-08 1.3329E-08 1.3159E-08 1.2859E-08 1.2436E-08 1.1900E-08 1.1270E-08 1.0558E-08 9.7877E-09 8.9778E-09 8.1463E-09 7.3136E-09 6.4951E-09 5.7060E-09 4.9590E-09 4.2629E-09 3.6238E-09 3.0488E-09 2.5365E-09 2.0861E-09 1.7016E-09 1.3715E-09 1.0949E-09 8.6213E-10 6.7367E-10 5.1798E-10 3.9555E-10 2.9738E-10 2.0814E-10 1.2518E-10 5.9123E-11 2.4616E-11 8.1587E-12
8.7583E-10 1.0802E-09 1.3252E-09 1.6114E-09 1.9440E-09 2.3279E-09 2.7646E-09 3.2581E-09 3.8098E-09 4.4197E-09 5.0859E-09 5.8037E-09 6.5665E-09 7.3645E-09 8.1860E-09 9.0167E-09 9.8411E-09 1.0642E-08 1.1399E-08 1.2092E-08 1.2701E-08 1.3206E-08 1.3596E-08 1.3855E-08 1.3974E-08 1.3949E-08 1.3779E-08 1.3468E-08 1.3026E-08 1.2464E-08 1.1799E-08 1.1050E-08 1.0239E-08 9.3830E-09 8.5068E-09 7.6279E-09 6.7653E-09 5.9361E-09 5.1529E-09 4.4227E-09 3.7567E-09 3.1524E-09 2.6204E-09 2.1527E-09 1.7478E-09 1.4071E-09 1.1190E-09 8.8113E-10 6.8646E-10 5.2866E-10 4.0120E-10 2.9985E-10 2.1116E-10 1.2901E-10 5.7847E-11 2.2083E-11 6.3909E-12
8.5208E-10 1.0565E-09 1.3017E-09 1.5881E-09 1.9245E-09 2.3131E-09 2.7573E-09 3.2616E-09 3.8281E-09 4.4566E-09 5.1457E-09 5.8899E-09 6.6830E-09 7.5175E-09 8.3805E-09 9.2572E-09 1.0130E-08 1.0978E-08 1.1781E-08 1.2519E-08 1.3171E-08 1.3717E-08 1.4140E-08 1.4424E-08 1.4562E-08 1.4546E-08 1.4376E-08 1.4056E-08 1.3595E-08 1.3006E-08 1.2308E-08 1.1521E-08 1.0666E-08 9.7672E-09 8.8452E-09 7.9224E-09 7.0186E-09 6.1498E-09 5.3280E-09 4.5674E-09 3.8719E-09 3.2470E-09 2.6898E-09 2.2073E-09 1.7894E-09 1.4345E-09 1.1383E-09 8.9661E-10 6.9489E-10 5.3457E-10 4.0466E-10 3.0070E-10 2.1591E-10 1.3220E-10 5.6130E-11 1.8882E-11 4.6541E-12
8.2327E-10 1.0267E-09 1.2705E-09 1.5567E-09 1.8942E-09 2.2867E-09 2.7369E-09 3.2500E-09 3.8299E-09 4.4746E-09 5.1826E-09 5.9525E-09 6.7772E-09 7.6469E-09 8.5488E-09 9.4666E-09 1.0383E-08 1.1278E-08 1.2131E-08 1.2916E-08 1.3613E-08 1.4200E-08 1.4658E-08 1.4970E-08 1.5126E-08 1.5119E-08 1.4948E-08 1.4618E-08 1.4138E-08 1.3524E-08 1.2793E-08 1.1966E-08 1.1068E-08 1.0124E-08 9.1578E-09 8.1934E-09 7.2475E-09 6.3415E-09 5.4865E-09 4.6940E-09 3.9717E-09 3.3238E-09 2.7513E-09 2.2496E-09 1.8186E-09 1.4560E-09 1.1523E-09 9.0377E-10 7.0056E-10 5.3706E-10 4.0580E-10 2.9997E-10 2.1768E-10 1.3133E-10 5.1435E-11 1.5550E-11 2.9644E-12
7.9142E-10 9.9212E-10 1.2319E-09 1.5172E-09 1.8549E-09 2.2474E-09 2.7032E-09 3.2251E-09 3.8140E-09 4.4721E-09 5.2003E-09 5.9941E-09 6.8466E-09 7.7481E-09 8.6866E-09 9.6472E-09 1.0610E-08 1.1553E-08 1.2454E-08 1.3287E-08 1.4028E-08 1.4655E-08 1.5146E-08 1.5485E-08 1.5660E-08 1.5663E-08 1.5493E-08 1.5154E-08 1.4654E-08 1.4012E-08 1.3248E-08 1.2384E-08 1.1445E-08 1.0458E-08 9.4473E-09 8.4380E-09 7.4526E-09 6.5068E-09 5.6212E-09 4.8012E-09 4.0557E-09 3.3858E-09 2.7965E-09 2.2827E-09 1.8411E-09 1.4681E-09 1.1599E-09 9.0535E-10 7.0181E-10 5.3624E-10 4.0302E-10 2.9782E-10 2.1827E-10 1.2945E-10 4.6792E-11 1.1967E-11 1.6754E-12
7.5544E-10 9.5201E-10 1.1877E-09 1.4708E-09 1.8058E-09 2.1993E-09 2.6578E-09 3.1834E-09 3.7814E-09 4.4528E-09 5.1977E-09 6.0117E-09 6.8898E-09 7.8238E-09 8.7993E-09 9.8001E-09 1.0806E-08 1.1794E-08 1.2740E-08 1.3618E-08 1.4403E-08 1.5070E-08 1.5597E-08 1.5964E-08 1.6157E-08 1.6168E-08 1.5997E-08 1.5647E-08 1.5131E-08 1.4465E-08 1.3666E-08 1.2764E-08 1.1785E-08 1.0756E-08 9.7042E-09 8.6537E-09 7.6305E-09 6.6519E-09 5.7310E-09 4.8850E-09 4.1173E-09 3.4325E-09 2.8270E-09 2.3027E-09 1.8543E-09 1.4734E-09 1.1580E-09 9.0237E-10 6.9785E-10 5.3099E-10 3.9659E-10 2.9485E-10 2.1318E-10 1.2744E-10 4.1670E-11 8.5658E-12 7.1013E-13
7.1719E-10 9.0796E-10 1.1389E-09 1.4179E-09 1.7491E-09 2.1415E-09 2.6003E-09 3.1291E-09 3.7330E-09 4.4149E-09 5.1728E-09 6.0069E-09 6.9108E-09 7.8746E-09 8.8835E-09 9.9214E-09 1.0969E-08 1.2003E-08 1.2997E-08 1.3922E-08 1.4751E-08 1.5457E-08 1.6015E-08 1.6406E-08 1.6617E-08 1.6638E-08 1.6467E-08 1.6107E-08 1.5571E-08 1.4878E-08 1.4050E-08 1.3111E-08 1.2091E-08 1.1019E-08 9.9263E-09 8.8383E-09 7.7763E-09 6.7649E-09 5.8178E-09 4.9461E-09 4.1582E-09 3.4576E-09 2.8443E-09 2.3100E-09 1.8558E-09 1.4694E-09 1.1482E-09 8.9501E-10 6.8835E-10 5.2143E-10 3.8857E-10 2.8876E-10 2.0541E-10 1.1973E-10 3.5129E-11 5.3402E-12 1.0393E-13
6.7639E-10 8.6194E-10 1.0865E-09 1.3595E-09 1.6864E-09 2.0747E-09 2.5315E-09 3.0626E-09 3.6704E-09 4.3579E-09 5.1294E-09 5.9816E-09 6.9069E-09 7.8955E-09 8.9372E-09 1.0014E-08 1.1105E-08 1.2182E-08 1.3219E-08 1.4185E-08 1.5053E-08 1.5796E-08 1.6388E-08 1.6805E-08 1.7031E-08 1.7059E-08 1.6887E-08 1.6519E-08 1.5965E-08 1.5245E-08 1.4383E-08 1.3409E-08 1.2352E-08 1.1242E-08 1.0110E-08 8.9838E-09 7.8903E-09 6.8483E-09 5.8749E-09 4.9828E-09 4.1784E-09 3.4640E-09 2.8413E-09 2.3055E-09 1.8448E-09 1.4562E-09 1.1314E-09 8.7888E-10 6.7374E-10 5.0688E-10 3.7862E-10 2.7876E-10 1.9456E-10 1.1083E-10 2.7610E-11 2.7689E-12 0.0000E+00
6.3484E-10 8.1377E-10 1.0311E-09 1.2978E-09 1.6180E-09 2.0006E-09 2.4548E-09 2.9843E-09 3.5929E-09 4.2875E-09 5.0679E-09 5.9316E-09 6.8753E-09 7.8910E-09 8.9645E-09 1.0077E-08 1.1203E-08 1.2320E-08 1.3400E-08 1.4411E-08 1.5322E-08 1.6101E-08 1.6723E-08 1.7162E-08 1.7405E-08 1.7439E-08 1.7263E-08 1.6882E-08 1.6308E-08 1.5564E-08 1.4672E-08 1.3661E-08 1.2564E-08 1.1416E-08 1.0249E-08 9.0899E-09 7.9634E-09 6.8964E-09 5.9013E-09 4.9936E-09 4.1753E-09 3.4532E-09 2.8228E-09 2.2836E-09 1.8234E-09 1.4345E-09 1.1081E-09 8.5646E-10 6.5288E-10 4.8888E-10 3.6570E-10 2.6477E-10 1.8145E-10 1.0140E-10 2.0215E-11 1.0534E-12 0.0000E+00
5.9211E-10 7.6375E-10 9.7433E-10 1.2337E-09 1.5455E-09 1.9216E-09 2.3705E-09 2.8964E-09 3.5044E-09 4.2004E-09 4.9855E-09 5.8605E-09 6.8217E-09 7.8594E-09 8.9580E-09 1.0100E-08 1.1266E-08 1.2424E-08 1.3546E-08 1.4598E-08 1.5547E-08 1.6362E-08 1.7013E-08 1.7475E-08 1.7731E-08 1.7771E-08 1.7593E-08 1.7199E-08 1.6603E-08 1.5829E-08 1.4905E-08 1.3861E-08 1.2730E-08 1.1545E-08 1.0342E-08 9.1505E-09 7.9999E-09 6.9094E-09 5.8964E-09 4.9722E-09 4.1465E-09 3.4171E-09 2.7880E-09 2.2467E-09 1.7922E-09 1.4026E-09 1.0758E-09 8.2770E-10 6.2633E-10 4.6895E-10 3.4876E-10 2.4748E-10 1.6522E-10 8.7902E-11 1.3374E-11 1.9826E-16 0.0000E+00
5.4764E-10 7.1300E-10 9.1621E-10 1.1660E-09 1.4696E-09 1.8381E-09 2.2787E-09 2.8007E-09 3.4050E-09 4.0997E-09 4.8876E-09 5.7708E-09 6.7436E-09 7.7981E-09 8.9227E-09 1.0098E-08 1.1299E-08 1.2495E-08 1.3656E-08 1.4746E-08 1.5734E-08 1.6583E-08 1.7263E-08 1.7747E-08 1.8017E-08 1.8059E-08 1.7873E-08 1.7465E-08 1.6849E-08 1.6049E-08 1.5089E-08 1.4007E-08 1.2837E-08 1.1620E-08 1.0386E-08 9.1675E-09 7.9926E-09 6.8855E-09 5.8597E-09 4.9269E-09 4.0945E-09 3.3652E-09 2.7328E-09 2.1979E-09 1.7451E-09 1.3607E-09 1.0367E-09 7.9358E-10 5.9706E-10 4.4731E-10 3.2769E-10 2.2722E-10 1.4572E-10 7.3929E-11 7.8792E-12 0.0000E+00 0.0000E+00
5.0288E-10 6.6362E-10 8.5697E-10 1.0979E-09 1.3929E-09 1.7505E-09 2.1831E-09 2.6974E-09 3.2955E-09 3.9859E-09 4.7745E-09 5.6616E-09 6.6451E-09 7.7167E-09 8.8627E-09 1.0062E-08 1.1291E-08 1.2522E-08 1.3721E-08 1.4853E-08 1.5879E-08 1.6762E-08 1.7468E-08 1.7971E-08 1.8251E-08 1.8297E-08 1.8102E-08 1.7676E-08 1.7035E-08 1.6205E-08 1.5215E-08 1.4100E-08 1.2898E-08 1.1646E-08 1.0382E-08 9.1403E-09 7.9453E-09 6.8223E-09 5.7882E-09 4.8513E-09 4.0185E-09 3.2894E-09 2.6620E-09 2.1312E-09 1.6873E-09 1.3099E-09 9.9277E-10 7.5292E-10 5.6551E-10 4.2210E-10 3.0230E-10 2.0469E-10 1.2442E-10 5.8939E-11 3.8679E-12 0.0000E+00 0.0000E+00
4.5987E-10 6.1369E-10 7.9682E-10 1.0299E-09 1.3142E-09 1.6612E-09 2.0831E-09 2.5888E-09 3.1784E-09 3.8643E-09 4.6502E-09 5.5392E-09 6.5296E-09 7.6123E-09 8.7730E-09 9.9954E-09 1.1256E-08 1.2523E-08 1.3759E-08 1.4925E-08 1.5984E-08 1.6896E-08 1.7630E-08 1.8151E-08 1.8441E-08 1.8486E-08 1.8284E-08 1.7841E-08 1.7175E-08 1.6315E-08 1.5290E-08 1.4139E-08 1.2903E-08 1.1623E-08 1.0333E-08 9.0699E-09 7.8607E-09 6.7249E-09 5.6842E-09 4.7467E-09 3.9174E-09 3.1924E-09 2.5729E-09 2.0518E-09 1.6177E-09 1.2476E-09 9.4169E-10 7.0874E-10 5.3180E-10 3.9124E-10 2.7466E-10 1.7860E-10 1.0211E-10 4.3810E-11 1.4907E-12 0.0000E+00 0.0000E+00
4.1658E-10 5.6327E-10 7.4219E-10 9.6509E-10 1.2359E-09 1.5727E-09 1.9833E-09 2.4752E-09 3.0559E-09 3.7329E-09 4.5149E-09 5.4037E-09 6.3965E-09 7.4873E-09 8.6642E-09 9.9094E-09 1.1195E-08 1.2489E-08 1.3755E-08 1.4957E-08 1.6050E-08 1.6995E-08 1.7753E-08 1.8293E-08 1.8590E-08 1.8634E-08 1.8420E-08 1.7957E-08 1.7266E-08 1.6374E-08 1.5317E-08 1.4133E-08 1.2866E-08 1.1555E-08 1.0240E-08 8.9576E-09 7.7348E-09 6.5934E-09 5.5509E-09 4.6142E-09 3.7883E-09 3.0760E-09 2.4683E-09 1.9579E-09 1.5380E-09 1.1779E-09 8.8429E-10 6.6192E-10 4.9399E-10 3.5724E-10 2.4161E-10 1.5168E-10 8.0483E-11 3.0102E-11 4.1299E-13 0.0000E+00 0.0000E+00
3.7531E-10 5.1083E-10 6.8278E-10 8.9946E-10 1.1598E-09 1.4856E-09 1.8820E-09 2.3626E-09 2.9332E-09 3.6000E-09 4.3730E-09 5.2554E-09 6.2491E-09 7.3471E-09 8.5377E-09 9.8001E-09 1.1108E-08 1.2431E-08 1.3730E-08 1.4964E-08 1.6088E-08 1.7057E-08 1.7836E-08 1.8390E-08 1.8695E-08 1.8737E-08 1.8513E-08 1.8032E-08 1.7314E-08 1.6391E-08 1.5300E-08 1.4082E-08 1.2782E-08 1.1445E-08 1.0109E-08 8.8094E-09 7.5744E-09 6.4296E-09 5.3888E-09 4.4593E-09 3.6441E-09 2.9423E-09 2.3471E-09 1.8506E-09 1.4458E-09 1.1004E-09 8.2144E-10 6.1245E-10 4.5206E-10 3.1695E-10 2.0782E-10 1.2415E-10 6.0475E-11 1.9226E-11 0.0000E+00 0.0000E+00 0.0000E+00
3.3545E-10 4.6270E-10 6.2448E-10 8.2996E-10 1.0835E-09 1.3992E-09 1.7807E-09 2.2488E-09 2.8071E-09 3.4615E-09 4.2257E-09 5.1028E-09 6.0938E-09 7.1965E-09 8.3947E-09 9.6719E-09 1.1004E-08 1.2354E-08 1.3683E-08 1.4946E-08 1.6099E-08 1.7099E-08 1.7900E-08 1.8469E-08 1.8778E-08 1.8817E-08 1.8580E-08 1.8077E-08 1.7332E-08 1.6375E-08 1.5247E-08 1.3994E-08 1.2662E-08 1.1296E-08 9.9359E-09 8.6220E-09 7.3811E-09 6.2335E-09 5.1973E-09 4.2810E-09 3.4804E-09 2.7930E-09 2.2144E-09 1.7351E-09 1.3474E-09 1.0197E-09 7.5475E-10 5.5985E-10 4.0443E-10 2.7410E-10 1.7313E-10 9.7226E-11 4.2225E-11 1.0739E-11 0.0000E+00 0.0000E+00 0.0000E+00
2.9782E-10 4.1636E-10 5.6781E-10 7.6210E-10 1.0054E-09 1.3100E-09 1.6814E-09 2.1359E-09 2.6775E-09 3.3217E-09 4.0737E-09 4.9436E-09 5.9324E-09 7.0337E-09 8.2407E-09 9.5322E-09 1.0883E-08 1.2256E-08 1.3612E-08 1.4908E-08 1.6094E-08 1.7121E-08 1.7943E-08 1.8526E-08 1.8840E-08 1.8872E-08 1.8618E-08 1.8091E-08 1.7314E-08 1.6322E-08 1.5159E-08 1.3869E-08 1.2503E-08 1.1111E-08 9.7327E-09 8.4044E-09 7.1581E-09 6.0151E-09 4.9830E-09 4.0760E-09 3.2940E-09 2.6283E-09 2.0695E-09 1.6110E-09 1.2405E-09 9.3190E-10 6.8439E-10 5.0256E-10 3.5223E-10 2.3028E-10 1.3932E-10 7.2260E-11 2.7227E-11 4.1908E-12 0.0000E+00 0.0000E+00 0.0000E+00
