Assets/Resources/2015_m01_d28_2000(utc+0800)_l00_csi_1hr_conc.grd
DSAA
         159         159
     -79.000      79.000
     -79.000      79.000
  0.0000E+00  0.2146E-05
[rows 25 to 49 of 159, columns 0 to 56 of 159]
4.4275E-10 5.2504E-10 6.0863E-10 7.0884E-10 8.1419E-10 9.4020E-10 1.0797E-09 1.2276E-09 1.3990E-09 1.5797E-09 1.7858E-09 2.0047E-09 2.2440E-09 2.5027E-09 2.7747E-09 3.0700E-09 3.3736E-09 3.7000E-09 4.0321E-09 4.3828E-09 4.7378E-09 5.1007E-09 5.4702E-09 5.8372E-09 6.2046E-09 6.5675E-09 6.9179E-09 7.2584E-09 7.5844E-09 7.8881E-09 8.1694E-09 8.4272E-09 8.6543E-09 8.8470E-09 9.0057E-09 9.1288E-09 9.2076E-09 9.2434E-09 9.2388E-09 9.1890E-09 9.0895E-09 8.9461E-09 8.7592E-09 8.5275E-09 8.2519E-09 7.9376E-09 7.5900E-09 7.2100E-09 6.8030E-09 6.3726E-09 5.9231E-09 5.4566E-09 4.9842E-09 4.5130E-09 4.0468E-09 3.5961E-09 3.1634E-09
3.8809E-10 4.5885E-10 5.3582E-10 6.2725E-10 7.2211E-10 8.3592E-10 9.6200E-10 1.0963E-09 1.2529E-09 1.4171E-09 1.6069E-09 1.8093E-09 2.0306E-09 2.2708E-09 2.5253E-09 2.8034E-09 3.0897E-09 3.3998E-09 3.7182E-09 4.0565E-09 4.3992E-09 4.7571E-09 5.1188E-09 5.4832E-09 5.8549E-09 6.2205E-09 6.5819E-09 6.9392E-09 7.2817E-09 7.6090E-09 7.9217E-09 8.2113E-09 8.4723E-09 8.7078E-09 8.9129E-09 9.0782E-09 9.2039E-09 9.2944E-09 9.3397E-09 9.3352E-09 9.2866E-09 9.1922E-09 9.0467E-09 8.8539E-09 8.6155E-09 8.3344E-09 8.0125E-09 7.6530E-09 7.2584E-09 6.8326E-09 6.3800E-09 5.9084E-09 5.4248E-09 4.9356E-09 4.4480E-09 3.9720E-09 3.5020E-09
3.3914E-10 4.0045E-10 4.6515E-10 5.4852E-10 6.3478E-10 7.3755E-10 8.5168E-10 9.7224E-10 1.1142E-09 1.2631E-09 1.4375E-09 1.6223E-09 1.8262E-09 2.0498E-09 2.2863E-09 2.5466E-09 2.8160E-09 3.1109E-09 3.4126E-09 3.7372E-09 4.0683E-09 4.4183E-09 4.7711E-09 5.1355E-09 5.5048E-09 5.8729E-09 6.2455E-09 6.6129E-09 6.9709E-09 7.3231E-09 7.6611E-09 7.9784E-09 8.2771E-09 8.5536E-09 8.7962E-09 9.0071E-09 9.1873E-09 9.3255E-09 9.4178E-09 9.4689E-09 9.4738E-09 9.4252E-09 9.3271E-09 9.1801E-09 8.9841E-09 8.7399E-09 8.4484E-09 8.1106E-09 7.7322E-09 7.3147E-09 6.8643E-09 6.3890E-09 5.8934E-09 5.3881E-09 4.8799E-09 4.3706E-09 3.8674E-09
2.9370E-10 3.4815E-10 4.0434E-10 4.7499E-10 5.5057E-10 6.4523E-10 7.4841E-10 8.5608E-10 9.8479E-10 1.1190E-09 1.2776E-09 1.4464E-09 1.6340E-09 1.8402E-09 2.0591E-09 2.3030E-09 2.5540E-09 2.8320E-09 3.1184E-09 3.4299E-09 3.7475E-09 4.0871E-09 4.4318E-09 4.7932E-09 5.1575E-09 5.5290E-09 5.9074E-09 6.2819E-09 6.6563E-09 7.0281E-09 7.3860E-09 7.7331E-09 8.0676E-09 8.3765E-09 8.6605E-09 8.9214E-09 9.1473E-09 9.3326E-09 9.4810E-09 9.5853E-09 9.6389E-09 9.6447E-09 9.6008E-09 9.5033E-09 9.3535E-09 9.1490E-09 8.8901E-09 8.5814E-09 8.2231E-09 7.8188E-09 7.3755E-09 6.8982E-09 6.3975E-09 5.8778E-09 5.3484E-09 4.8106E-09 4.2810E-09
2.5254E-10 3.0041E-10 3.4931E-10 4.1179E-10 4.7626E-10 5.5742E-10 6.5029E-10 7.4853E-10 8.6512E-10 9.8539E-10 1.1295E-09 1.2831E-09 1.4540E-09 1.6436E-09 1.8456E-09 2.0724E-09 2.3066E-09 2.5690E-09 2.8386E-09 3.1352E-09 3.4387E-09 3.7668E-09 4.1010E-09 4.4561E-09 4.8153E-09 5.1890E-09 5.5673E-09 5.9484E-09 6.3375E-09 6.7216E-09 7.1002E-09 7.4767E-09 7.8370E-09 8.1809E-09 8.5091E-09 8.8109E-09 9.0815E-09 9.3197E-09 9.5204E-09 9.6762E-09 9.7879E-09 9.8511E-09 9.8619E-09 9.8189E-09 9.7166E-09 9.5550E-09 9.3379E-09 9.0611E-09 8.7264E-09 8.3406E-09 7.9080E-09 7.4382E-09 6.9319E-09 6.4011E-09 5.8487E-09 5.2876E-09 4.7314E-09
2.1552E-10 2.5718E-10 2.9962E-10 3.5463E-10 4.1089E-10 4.8190E-10 5.6221E-10 6.4728E-10 7.5248E-10 8.6157E-10 9.9246E-10 1.1320E-09 1.2876E-09 1.4616E-09 1.6470E-09 1.8573E-09 2.0742E-09 2.3203E-09 2.5725E-09 2.8539E-09 3.1422E-09 3.4581E-09 3.7804E-09 4.1269E-09 4.4800E-09 4.8518E-09 5.2282E-09 5.6165E-09 6.0122E-09 6.4078E-09 6.8075E-09 7.2039E-09 7.5910E-09 7.9699E-09 8.3337E-09 8.6751E-09 8.9916E-09 9.2793E-09 9.5325E-09 9.7464E-09 9.9168E-09 1.0038E-08 1.0108E-08 1.0117E-08 1.0067E-08 9.9591E-09 9.7830E-09 9.5406E-09 9.2389E-09 8.8785E-09 8.4650E-09 8.0025E-09 7.4963E-09 6.9539E-09 6.3842E-09 5.8037E-09 5.2168E-09
1.7749E-10 2.1752E-10 2.5554E-10 3.0344E-10 3.5218E-10 4.1505E-10 4.8581E-10 5.5951E-10 6.5123E-10 7.4724E-10 8.6534E-10 9.9195E-10 1.1346E-09 1.2937E-09 1.4625E-09 1.6576E-09 1.8571E-09 2.0863E-09 2.3217E-09 2.5878E-09 2.8600E-09 3.1616E-09 3.4707E-09 3.8067E-09 4.1530E-09 4.5179E-09 4.8918E-09 5.2845E-09 5.6825E-09 6.0880E-09 6.5041E-09 6.9173E-09 7.3283E-09 7.7375E-09 8.1335E-09 8.5135E-09 8.8762E-09 9.2139E-09 9.5205E-09 9.7895E-09 1.0019E-08 1.0201E-08 1.0327E-08 1.0396E-08 1.0407E-08 1.0347E-08 1.0216E-08 1.0022E-08 9.7581E-09 9.4294E-09 9.0378E-09 8.5864E-09 8.0832E-09 7.5355E-09 6.9585E-09 6.3593E-09 5.7449E-09
1.3419E-10 1.7144E-10 2.0893E-10 2.5693E-10 3.0049E-10 3.5537E-10 4.1756E-10 4.8249E-10 5.6399E-10 6.4727E-10 7.5174E-10 8.6373E-10 9.9154E-10 1.1362E-09 1.2912E-09 1.4709E-09 1.6539E-09 1.8673E-09 2.0860E-09 2.3350E-09 2.5910E-09 2.8780E-09 3.1725E-09 3.4969E-09 3.8338E-09 4.1899E-09 4.5604E-09 4.9505E-09 5.3494E-09 5.7644E-09 6.1883E-09 6.6153E-09 7.0499E-09 7.4844E-09 7.9114E-09 8.3302E-09 8.7369E-09 9.1205E-09 9.4765E-09 9.8038E-09 1.0091E-08 1.0329E-08 1.0519E-08 1.0652E-08 1.0718E-08 1.0712E-08 1.0642E-08 1.0496E-08 1.0276E-08 9.9837E-09 9.6179E-09 9.1871E-09 8.6943E-09 8.1527E-09 7.5710E-09 6.9527E-09 6.3120E-09
1.0125E-10 1.2995E-10 1.6172E-10 2.0333E-10 2.4895E-10 3.0281E-10 3.5757E-10 4.1358E-10 4.8534E-10 5.5909E-10 6.5247E-10 7.5159E-10 8.6535E-10 9.9526E-10 1.1333E-09 1.2966E-09 1.4637E-09 1.6602E-09 1.8619E-09 2.0947E-09 2.3337E-09 2.6053E-09 2.8842E-09 3.1954E-09 3.5209E-09 3.8668E-09 4.2309E-09 4.6160E-09 5.0143E-09 5.4346E-09 5.8635E-09 6.3046E-09 6.7595E-09 7.2138E-09 7.6690E-09 8.1248E-09 8.5675E-09 8.9924E-09 9.4022E-09 9.7822E-09 1.0123E-08 1.0424E-08 1.0678E-08 1.0868E-08 1.0995E-08 1.1058E-08 1.1044E-08 1.0953E-08 1.0784E-08 1.0532E-08 1.0203E-08 9.7987E-09 9.3275E-09 8.7957E-09 8.2096E-09 7.5799E-09 6.9207E-09
8.2692E-11 1.0869E-10 1.2813E-10 1.5850E-10 1.9264E-10 2.4334E-10 3.0154E-10 3.5302E-10 4.1649E-10 4.8041E-10 5.6310E-10 6.5140E-10 7.5259E-10 8.6879E-10 9.9267E-10 1.1404E-09 1.2903E-09 1.4701E-09 1.6541E-09 1.8696E-09 2.0917E-09 2.3463E-09 2.6088E-09 2.9065E-09 3.2180E-09 3.5524E-09 3.9090E-09 4.2866E-09 4.6831E-09 5.1032E-09 5.5355E-09 5.9887E-09 6.4536E-09 6.9253E-09 7.4079E-09 7.8897E-09 8.3654E-09 8.8359E-09 9.2909E-09 9.7169E-09 1.0116E-08 1.0478E-08 1.0788E-08 1.1044E-08 1.1242E-08 1.1365E-08 1.1417E-08 1.1388E-08 1.1271E-08 1.1070E-08 1.0784E-08 1.0417E-08 9.9726E-09 9.4566E-09 8.8759E-09 8.2428E-09 7.5641E-09
5.6981E-11 8.6985E-11 1.0898E-10 1.3273E-10 1.5533E-10 1.8932E-10 2.3721E-10 2.9192E-10 3.5466E-10 4.1043E-10 4.8349E-10 5.6076E-10 6.5040E-10 7.5415E-10 8.6447E-10 9.9742E-10 1.1324E-09 1.2965E-09 1.4634E-09 1.6630E-09 1.8669E-09 2.1051E-09 2.3517E-09 2.6328E-09 2.9294E-09 3.2520E-09 3.5958E-09 3.9641E-09 4.3559E-09 4.7710E-09 5.2033E-09 5.6631E-09 6.1340E-09 6.6213E-09 7.1226E-09 7.6268E-09 8.1351E-09 8.6426E-09 9.1349E-09 9.6107E-09 1.0064E-08 1.0479E-08 1.0852E-08 1.1177E-08 1.1439E-08 1.1632E-08 1.1751E-08 1.1783E-08 1.1730E-08 1.1586E-08 1.1353E-08 1.1031E-08 1.0622E-08 1.0129E-08 9.5636E-09 8.9304E-09 8.2462E-09
3.1640E-11 5.8602E-11 8.7192E-11 1.1130E-10 1.3158E-10 1.5925E-10 1.9128E-10 2.2646E-10 2.8567E-10 3.4357E-10 4.1160E-10 4.7992E-10 5.5877E-10 6.5055E-10 7.4785E-10 8.6772E-10 9.8792E-10 1.1364E-09 1.2879E-09 1.4705E-09 1.6573E-09 1.8799E-09 2.1076E-09 2.3735E-09 2.6553E-09 2.9611E-09 3.2913E-09 3.6491E-09 4.0305E-09 4.4383E-09 4.8681E-09 5.3275E-09 5.8019E-09 6.3010E-09 6.8137E-09 7.3372E-09 7.8728E-09 8.4079E-09 8.9373E-09 9.4585E-09 9.9596E-09 1.0431E-08 1.0867E-08 1.1254E-08 1.1582E-08 1.1846E-08 1.2032E-08 1.2134E-08 1.2150E-08 1.2072E-08 1.1900E-08 1.1630E-08 1.1262E-08 1.0805E-08 1.0262E-08 9.6450E-09 8.9670E-09
1.9605E-11 3.0859E-11 5.9366E-11 8.4287E-11 1.1055E-10 1.3436E-10 1.6164E-10 1.8843E-10 2.2785E-10 2.7254E-10 3.3655E-10 4.0206E-10 4.7427E-10 5.5667E-10 6.4311E-10 7.4973E-10 8.5656E-10 9.9065E-10 1.1260E-09 1.2931E-09 1.4635E-09 1.6680E-09 1.8790E-09 2.1283E-09 2.3918E-09 2.6823E-09 2.9976E-09 3.3402E-09 3.7093E-09 4.1080E-09 4.5301E-09 4.9848E-09 5.4595E-09 5.9628E-09 6.4820E-09 7.0202E-09 7.5748E-09 8.1347E-09 8.6976E-09 9.2586E-09 9.8046E-09 1.0328E-08 1.0820E-08 1.1267E-08 1.1662E-08 1.1994E-08 1.2252E-08 1.2431E-08 1.2520E-08 1.2514E-08 1.2408E-08 1.2197E-08 1.1884E-08 1.1473E-08 1.0967E-08 1.0377E-08 9.7159E-09
6.7396E-12 1.6975E-11 2.6934E-11 4.9013E-11 8.2556E-11 1.1080E-10 1.3480E-10 1.5841E-10 1.9082E-10 2.2191E-10 2.7005E-10 3.2493E-10 3.9013E-10 4.6614E-10 5.4403E-10 6.4091E-10 7.3620E-10 8.5672E-10 9.7821E-10 1.1299E-09 1.2832E-09 1.4724E-09 1.6657E-09 1.8961E-09 2.1429E-09 2.4162E-09 2.7132E-09 3.0401E-09 3.3948E-09 3.7787E-09 4.1891E-09 4.6368E-09 5.1055E-09 5.6064E-09 6.1285E-09 6.6777E-09 7.2445E-09 7.8238E-09 8.4161E-09 9.0097E-09 9.5932E-09 1.0164E-08 1.0706E-08 1.1211E-08 1.1672E-08 1.2074E-08 1.2408E-08 1.2662E-08 1.2827E-08 1.2897E-08 1.2862E-08 1.2722E-08 1.2475E-08 1.2120E-08 1.1665E-08 1.1121E-08 1.0497E-08
2.7725E-13 3.9968E-12 1.3252E-11 2.4752E-11 4.6712E-11 6.9591E-11 1.0861E-10 1.3181E-10 1.5966E-10 1.8582E-10 2.2424E-10 2.6507E-10 3.1717E-10 3.8187E-10 4.5070E-10 5.3699E-10 6.2134E-10 7.3127E-10 8.3947E-10 9.7632E-10 1.1158E-09 1.2882E-09 1.4633E-09 1.6778E-09 1.9061E-09 2.1589E-09 2.4387E-09 2.7478E-09 3.0834E-09 3.4519E-09 3.8483E-09 4.2824E-09 4.7423E-09 5.2383E-09 5.7574E-09 6.3112E-09 6.8849E-09 7.4795E-09 8.0919E-09 8.7076E-09 9.3250E-09 9.9341E-09 1.0521E-08 1.1086E-08 1.1608E-08 1.2078E-08 1.2482E-08 1.2811E-08 1.3056E-08 1.3205E-08 1.3251E-08 1.3190E-08 1.3017E-08 1.2738E-08 1.2354E-08 1.1874E-08 1.1299E-08
0.0000E+00 0.0000E+00 2.0923E-12 8.9640E-12 1.9376E-11 3.0465E-11 6.3982E-11 9.3124E-11 1.3022E-10 1.5415E-10 1.8739E-10 2.2162E-10 2.6308E-10 3.1470E-10 3.7078E-10 4.4517E-10 5.1938E-10 6.1560E-10 7.1087E-10 8.3505E-10 9.5872E-10 1.1146E-09 1.2740E-09 1.4702E-09 1.6793E-09 1.9146E-09 2.1751E-09 2.4630E-09 2.7809E-09 3.1317E-09 3.5094E-09 3.9283E-09 4.3766E-09 4.8610E-09 5.3721E-09 5.9249E-09 6.4977E-09 7.0996E-09 7.7217E-09 8.3553E-09 9.0000E-09 9.6396E-09 1.0272E-08 1.0886E-08 1.1463E-08 1.1994E-08 1.2467E-08 1.2872E-08 1.3194E-08 1.3425E-08 1.3558E-08 1.3583E-08 1.3504E-08 1.3315E-08 1.3020E-08 1.2615E-08 1.2106E-08
0.0000E+00 0.0000E+00 0.0000E+00 1.0473E-12 5.9625E-12 1.4080E-11 2.3894E-11 4.4816E-11 8.6928E-11 1.2314E-10 1.5289E-10 1.8273E-10 2.1934E-10 2.6319E-10 3.0875E-10 3.7103E-10 4.3155E-10 5.1562E-10 5.9870E-10 7.0812E-10 8.1699E-10 9.5834E-10 1.1000E-09 1.2778E-09 1.4696E-09 1.6850E-09 1.9246E-09 2.1937E-09 2.4912E-09 2.8197E-09 3.1785E-09 3.5803E-09 4.0086E-09 4.4769E-09 4.9758E-09 5.5170E-09 6.0832E-09 6.6861E-09 7.3115E-09 7.9579E-09 8.6202E-09 9.2866E-09 9.9551E-09 1.0606E-08 1.1229E-08 1.1816E-08 1.2353E-08 1.2829E-08 1.3230E-08 1.3547E-08 1.3771E-08 1.3896E-08 1.3919E-08 1.3837E-08 1.3642E-08 1.3333E-08 1.2912E-08
0.0000E+00 0.0000E+00 0.0000E+00 0.0000E+00 4.0950E-13 3.6767E-12 1.0023E-11 1.8061E-11 3.8196E-11 7.6384E-11 1.1603E-10 1.4416E-10 1.7705E-10 2.1618E-10 2.5576E-10 3.0946E-10 3.6081E-10 4.3319E-10 5.0252E-10 5.9815E-10 6.9326E-10 8.1754E-10 9.4277E-10 1.1047E-09 1.2765E-09 1.4715E-09 1.6920E-09 1.9384E-09 2.2128E-09 2.5205E-09 2.8557E-09 3.2333E-09 3.6408E-09 4.0897E-09 4.5689E-09 5.0955E-09 5.6506E-09 6.2468E-09 6.8695E-09 7.5208E-09 8.1914E-09 8.8736E-09 9.5645E-09 1.0243E-08 1.0907E-08 1.1542E-08 1.2137E-08 1.2678E-08 1.3154E-08 1.3557E-08 1.3879E-08 1.4112E-08 1.4250E-08 1.4283E-08 1.4205E-08 1.4014E-08 1.3705E-08
0.0000E+00 0.0000E+00 0.0000E+00 0.0000E+00 0.0000E+00 0.0000E+00 1.8439E-12 6.9288E-12 1.5542E-11 3.2242E-11 5.8659E-11 1.0441E-10 1.3662E-10 1.7196E-10 2.0574E-10 2.5264E-10 2.9614E-10 3.5818E-10 4.1799E-10 5.0147E-10 5.8216E-10 6.9150E-10 8.0127E-10 9.4386E-10 1.0970E-09 1.2738E-09 1.4720E-09 1.6954E-09 1.9487E-09 2.2317E-09 2.5416E-09 2.8961E-09 3.2792E-09 3.7037E-09 4.1624E-09 4.6691E-09 5.2067E-09 5.7888E-09 6.4010E-09 7.0456E-09 7.7129E-09 8.4031E-09 9.1037E-09 9.8017E-09 1.0497E-08 1.1167E-08 1.1812E-08 1.2413E-08 1.2964E-08 1.3454E-08 1.3877E-08 1.4220E-08 1.4478E-08 1.4638E-08 1.4696E-08 1.4643E-08 1.4468E-08
0.0000E+00 0.0000E+00 0.0000E+00 0.0000E+00 0.0000E+00 0.0000E+00 0.0000E+00 4.7147E-13 3.5636E-12 1.1589E-11 2.1446E-11 5.3282E-11 8.4304E-11 1.2937E-10 1.6044E-10 2.0232E-10 2.3839E-10 2.9225E-10 3.4297E-10 4.1449E-10 4.8420E-10 5.8058E-10 6.7482E-10 8.0058E-10 9.3754E-10 1.0932E-09 1.2702E-09 1.4737E-09 1.7019E-09 1.9587E-09 2.2452E-09 2.5727E-09 2.9278E-09 3.3278E-09 3.7599E-09 4.2411E-09 4.7558E-09 5.3151E-09 5.9073E-09 6.5360E-09 7.1923E-09 7.8786E-09 8.5777E-09 9.2881E-09 9.9990E-09 1.0698E-08 1.1383E-08 1.2036E-08 1.2657E-08 1.3233E-08 1.3751E-08 1.4208E-08 1.4590E-08 1.4887E-08 1.5097E-08 1.5200E-08 1.5184E-08
0.0000E+00 0.0000E+00 0.0000E+00 0.0000E+00 0.0000E+00 0.0000E+00 0.0000E+00 0.0000E+00 0.0000E+00 1.0650E-12 6.7899E-12 1.6900E-11 4.0492E-11 8.2827E-11 1.2024E-10 1.5721E-10 1.9024E-10 2.3688E-10 2.7871E-10 3.4046E-10 3.9925E-10 4.8169E-10 5.6319E-10 6.7442E-10 7.9288E-10 9.3006E-10 1.0888E-09 1.2687E-09 1.4736E-09 1.7078E-09 1.9658E-09 2.2655E-09 2.5938E-09 2.9625E-09 3.3637E-09 3.8148E-09 4.2987E-09 4.8297E-09 5.3951E-09 5.9998E-09 6.6366E-09 7.3073E-09 7.9953E-09 8.7051E-09 9.4201E-09 1.0141E-08 1.0854E-08 1.1556E-08 1.2239E-08 1.2888E-08 1.3500E-08 1.4065E-08 1.4571E-08 1.5019E-08 1.5388E-08 1.5668E-08 1.5840E-08
0.0000E+00 0.0000E+00 0.0000E+00 0.0000E+00 0.0000E+00 0.0000E+00 0.0000E+00 0.0000E+00 0.0000E+00 0.0000E+00 4.9704E-14 3.0060E-12 1.2810E-11 3.6900E-11 6.4358E-11 1.1836E-10 1.4593E-10 1.8767E-10 2.2564E-10 2.7925E-10 3.2911E-10 4.0102E-10 4.7001E-10 5.6538E-10 6.6868E-10 7.8902E-10 9.2629E-10 1.0845E-09 1.2674E-09 1.4737E-09 1.7048E-09 1.9765E-09 2.2721E-09 2.6090E-09 2.9781E-09 3.3934E-09 3.8434E-09 4.3397E-09 4.8724E-09 5.4445E-09 6.0517E-09 6.6974E-09 7.3662E-09 8.0651E-09 8.7768E-09 9.5095E-09 1.0242E-08 1.0979E-08 1.1707E-08 1.2422E-08 1.3118E-08 1.3783E-08 1.4420E-08 1.5015E-08 1.5557E-08 1.6030E-08 1.6410E-08
0.0000E+00 0.0000E+00 0.0000E+00 0.0000E+00 0.0000E+00 0.0000E+00 0.0000E+00 0.0000E+00 0.0000E+00 0.0000E+00 0.0000E+00 0.0000E+00 1.8728E-15 8.1683E-12 2.9975E-11 6.1656E-11 1.0454E-10 1.4163E-10 1.7497E-10 2.2174E-10 2.6489E-10 3.2716E-10 3.8515E-10 4.6816E-10 5.5737E-10 6.5971E-10 7.7949E-10 9.1771E-10 1.0758E-09 1.2576E-09 1.4628E-09 1.7032E-09 1.9678E-09 2.2724E-09 2.6038E-09 2.9833E-09 3.3941E-09 3.8510E-09 4.3455E-09 4.8788E-09 5.4515E-09 6.0645E-09 6.7077E-09 7.3858E-09 8.0846E-09 8.8131E-09 9.5528E-09 1.0311E-08 1.1072E-08 1.1840E-08 1.2603E-08 1.3367E-08 1.4125E-08 1.4867E-08 1.5588E-08 1.6263E-08 1.6872E-08
0.0000E+00 0.0000E+00 0.0000E+00 0.0000E+00 0.0000E+00 0.0000E+00 0.0000E+00 0.0000E+00 0.0000E+00 0.0000E+00 0.0000E+00 0.0000E+00 0.0000E+00 0.0000E+00 0.0000E+00 1.7573E-11 5.1485E-11 8.6308E-11 1.2451E-10 1.6710E-10 2.0461E-10 2.5792E-10 3.0815E-10 3.7934E-10 4.5447E-10 5.4280E-10 6.4549E-10 7.6328E-10 9.0091E-10 1.0589E-09 1.2359E-09 1.4476E-09 1.6816E-09 1.9500E-09 2.2456E-09 2.5864E-09 2.9565E-09 3.3726E-09 3.8245E-09 4.3169E-09 4.8512E-09 5.4257E-09 6.0354E-09 6.6829E-09 7.3570E-09 8.0673E-09 8.8012E-09 9.5633E-09 1.0343E-08 1.1148E-08 1.1969E-08 1.2817E-08 1.3685E-08 1.4571E-08 1.5465E-08 1.6351E-08 1.7214E-08
0.0000E+00 0.0000E+00 0.0000E+00 0.0000E+00 0.0000E+00 0.0000E+00 0.0000E+00 0.0000E+00 0.0000E+00 0.0000E+00 0.0000E+00 0.0000E+00 0.0000E+00 0.0000E+00 0.0000E+00 0.0000E+00 7.8925E-12 3.8374E-11 7.5350E-11 1.1718E-10 1.4762E-10 1.9376E-10 2.3535E-10 2.9543E-10 3.5897E-10 4.3322E-10 5.1954E-10 6.2007E-10 7.3727E-10 8.7237E-10 1.0256E-09 1.2096E-09 1.4126E-09 1.6482E-09 1.9082E-09 2.2113E-09 2.5422E-09 2.9159E-09 3.3255E-09 3.7727E-09 4.2629E-09 4.7939E-09 5.3635E-09 5.9681E-09 6.6084E-09 7.2871E-09 8.0034E-09 8.7542E-09 9.5394E-09 1.0362E-08 1.1225E-08 1.2141E-08 1.3104E-08 1.4119E-08 1.5180E-08 1.6288E-08 1.7416E-08
