Assets/Resources/2015_m01_d04_0400(utc+0800)_l00_csi_1hr_conc.grd
DSAA
         159         159
     -79.000      79.000
     -79.000      79.000
  0.4761E-11  0.4622E-04
[rows 100 to 124 of 159, columns 57 to 113 of 159]
2.0341E-10 2.0855E-10 2.1377E-10 2.1907E-10 2.2444E-10 2.2988E-10 2.3539E-10 2.4098E-10 2.4663E-10 2.5235E-10 2.5814E-10 2.6400E-10 2.7950E-10 3.3127E-10 3.7716E-10 4.8663E-10 5.6767E-10 7.0102E-10 8.2143E-10 9.7999E-10 1.1941E-09 1.4075E-09 1.6415E-09 1.9323E-09 2.2523E-09 2.6376E-09 3.0757E-09 3.5896E-09 4.1533E-09 4.8047E-09 5.4634E-09 6.2211E-09 7.2499E-09 8.3794E-09 9.5270E-09 1.0733E-08 1.2122E-08 1.5391E-08 1.8916E-08 2.2729E-08 2.6290E-08 2.9376E-08 3.1887E-08 3.3831E-08 3.5261E-08 3.6295E-08 3.7530E-08 3.9137E-08 4.0681E-08 4.2182E-08 4.3653E-08 4.4952E-08 4.6011E-08 4.6817E-08 4.7277E-08 4.7407E-08 4.7326E-08
2.0412E-10 2.0929E-10 2.1453E-10 2.1984E-10 2.2523E-10 2.3069E-10 2.3623E-10 2.4183E-10 2.4751E-10 2.5325E-10 2.5906E-10 2.6494E-10 2.7088E-10 3.2473E-10 3.4433E-10 4.3527E-10 5.1803E-10 6.3138E-10 7.5541E-10 9.1912E-10 1.0792E-09 1.2729E-09 1.4894E-09 1.7405E-09 2.0329E-09 2.3708E-09 2.7590E-09 3.2151E-09 3.7143E-09 4.2611E-09 4.9060E-09 5.5491E-09 6.2491E-09 7.1015E-09 8.2920E-09 9.3815E-09 1.0471E-08 1.3133E-08 1.5967E-08 1.9109E-08 2.2441E-08 2.5079E-08 2.7272E-08 2.8982E-08 3.0319E-08 3.1343E-08 3.2576E-08 3.4142E-08 3.5629E-08 3.7063E-08 3.8439E-08 3.9724E-08 4.0838E-08 4.1719E-08 4.2299E-08 4.2606E-08 4.2722E-08
2.0479E-10 2.0997E-10 2.1523E-10 2.2057E-10 2.2597E-10 2.3145E-10 2.3701E-10 2.4263E-10 2.4833E-10 2.5409E-10 2.5992E-10 2.6582E-10 2.7178E-10 2.8594E-10 3.3878E-10 3.7906E-10 4.9007E-10 5.5951E-10 7.0570E-10 8.1415E-10 9.7672E-10 1.1648E-09 1.3487E-09 1.5625E-09 1.8278E-09 2.1224E-09 2.4679E-09 2.8516E-09 3.3047E-09 3.7891E-09 4.3329E-09 4.9563E-09 5.5759E-09 6.2454E-09 7.0105E-09 7.9982E-09 9.1341E-09 1.1532E-08 1.3989E-08 1.6664E-08 1.9242E-08 2.1529E-08 2.3449E-08 2.5073E-08 2.6335E-08 2.7319E-08 2.8517E-08 2.9992E-08 3.1396E-08 3.2687E-08 3.3991E-08 3.5244E-08 3.6349E-08 3.7215E-08 3.7888E-08 3.8294E-08 3.8545E-08
2.0541E-10 2.1061E-10 2.1589E-10 2.2124E-10 2.2666E-10 2.3216E-10 2.3773E-10 2.4338E-10 2.4909E-10 2.5487E-10 2.6073E-10 2.6664E-10 2.7262E-10 2.7867E-10 3.2512E-10 3.5074E-10 4.2379E-10 5.1261E-10 6.1682E-10 7.5473E-10 8.7429E-10 1.0237E-09 1.2160E-09 1.4142E-09 1.6313E-09 1.9018E-09 2.1932E-09 2.5290E-09 2.9131E-09 3.3617E-09 3.8251E-09 4.3612E-09 4.9129E-09 5.5436E-09 6.1755E-09 6.8965E-09 7.6718E-09 9.8657E-09 1.2208E-08 1.4565E-08 1.6844E-08 1.8857E-08 2.0563E-08 2.1946E-08 2.3045E-08 2.3914E-08 2.5028E-08 2.6437E-08 2.7739E-08 2.8943E-08 3.0119E-08 3.1336E-08 3.2384E-08 3.3257E-08 3.3948E-08 3.4422E-08 3.4759E-08
2.0599E-10 2.1120E-10 2.1649E-10 2.2186E-10 2.2730E-10 2.3282E-10 2.3841E-10 2.4407E-10 2.4980E-10 2.5560E-10 2.6147E-10 2.6740E-10 2.7340E-10 2.7946E-10 2.8559E-10 3.4463E-10 3.6953E-10 4.6435E-10 5.5575E-10 6.6681E-10 7.8797E-10 9.3460E-10 1.0825E-09 1.2586E-09 1.4584E-09 1.6855E-09 1.9508E-09 2.2422E-09 2.5733E-09 2.9487E-09 3.3849E-09 3.8215E-09 4.3070E-09 4.8581E-09 5.4539E-09 6.0424E-09 6.7134E-09 8.6226E-09 1.0496E-08 1.2471E-08 1.4572E-08 1.6420E-08 1.7923E-08 1.9183E-08 2.0199E-08 2.1006E-08 2.2079E-08 2.3387E-08 2.4562E-08 2.5680E-08 2.6800E-08 2.7912E-08 2.8911E-08 2.9742E-08 3.0424E-08 3.0981E-08 3.1377E-08
2.0651E-10 2.1174E-10 2.1705E-10 2.2243E-10 2.2789E-10 2.3342E-10 2.3902E-10 2.4470E-10 2.5045E-10 2.5626E-10 2.6215E-10 2.6810E-10 2.7411E-10 2.8019E-10 2.8634E-10 3.1340E-10 3.5540E-10 4.0386E-10 5.0608E-10 5.8840E-10 7.1543E-10 8.1565E-10 9.6825E-10 1.1343E-09 1.2976E-09 1.4905E-09 1.7255E-09 1.9887E-09 2.2719E-09 2.5922E-09 2.9548E-09 3.3727E-09 3.7789E-09 4.2416E-09 4.7546E-09 5.3103E-09 5.8512E-09 7.5885E-09 9.2325E-09 1.1027E-08 1.2726E-08 1.4268E-08 1.5599E-08 1.6719E-08 1.7732E-08 1.8510E-08 1.9544E-08 2.0761E-08 2.1833E-08 2.2860E-08 2.3954E-08 2.4962E-08 2.5898E-08 2.6683E-08 2.7343E-08 2.7929E-08 2.8369E-08
2.0699E-10 2.1223E-10 2.1755E-10 2.2295E-10 2.2842E-10 2.3396E-10 2.3958E-10 2.4527E-10 2.5103E-10 2.5687E-10 2.6277E-10 2.6873E-10 2.7476E-10 2.8086E-10 2.8702E-10 2.9323E-10 3.4817E-10 3.6576E-10 4.3358E-10 5.3539E-10 6.1042E-10 7.4715E-10 8.4523E-10 9.9238E-10 1.1664E-09 1.3261E-09 1.5112E-09 1.7505E-09 1.9776E-09 2.2777E-09 2.5843E-09 2.9223E-09 3.2915E-09 3.6993E-09 4.1305E-09 4.6063E-09 5.1185E-09 6.7053E-09 8.1035E-09 9.6777E-09 1.1236E-08 1.2611E-08 1.3813E-08 1.4839E-08 1.5705E-08 1.6424E-08 1.7366E-08 1.8493E-08 1.9473E-08 2.0405E-08 2.1421E-08 2.2363E-08 2.3252E-08 2.3997E-08 2.4650E-08 2.5239E-08 2.5702E-08
2.0742E-10 2.1267E-10 2.1801E-10 2.2341E-10 2.2890E-10 2.3445E-10 2.4008E-10 2.4579E-10 2.5156E-10 2.5741E-10 2.6332E-10 2.6930E-10 2.7535E-10 2.8146E-10 2.8763E-10 2.9386E-10 3.0015E-10 3.5855E-10 3.7560E-10 4.4849E-10 5.5076E-10 6.2729E-10 7.7038E-10 8.7030E-10 1.0137E-09 1.1817E-09 1.3418E-09 1.5202E-09 1.7549E-09 1.9658E-09 2.2542E-09 2.5464E-09 2.8622E-09 3.2066E-09 3.5859E-09 3.9802E-09 4.4187E-09 5.8610E-09 7.1449E-09 8.4816E-09 9.8544E-09 1.1136E-08 1.2224E-08 1.3166E-08 1.3964E-08 1.4617E-08 1.5483E-08 1.6515E-08 1.7397E-08 1.8234E-08 1.9207E-08 2.0050E-08 2.0873E-08 2.1581E-08 2.2229E-08 2.2799E-08 2.3288E-08
2.0780E-10 2.1306E-10 2.1841E-10 2.2382E-10 2.2932E-10 2.3489E-10 2.4053E-10 2.4625E-10 2.5203E-10 2.5789E-10 2.6382E-10 2.6981E-10 2.7587E-10 2.8199E-10 2.8818E-10 2.9442E-10 3.0072E-10 3.1452E-10 3.6766E-10 3.9310E-10 4.7980E-10 5.6834E-10 6.4427E-10 7.8356E-10 8.8908E-10 1.0284E-09 1.1875E-09 1.3435E-09 1.5136E-09 1.7379E-09 1.9361E-09 2.2103E-09 2.4836E-09 2.7768E-09 3.0913E-09 3.4428E-09 3.7923E-09 5.1145E-09 6.2417E-09 7.4709E-09 8.6368E-09 9.7777E-09 1.0824E-08 1.1686E-08 1.2408E-08 1.2998E-08 1.3799E-08 1.4741E-08 1.5532E-08 1.6290E-08 1.7197E-08 1.7976E-08 1.8739E-08 1.9412E-08 2.0050E-08 2.0599E-08 2.1106E-08
2.0813E-10 2.1340E-10 2.1876E-10 2.2418E-10 2.2969E-10 2.3527E-10 2.4092E-10 2.4665E-10 2.5245E-10 2.5831E-10 2.6425E-10 2.7025E-10 2.7632E-10 2.8246E-10 2.8865E-10 2.9491E-10 3.0122E-10 3.0760E-10 3.3366E-10 3.7620E-10 4.1106E-10 4.9340E-10 5.8197E-10 6.5276E-10 7.9168E-10 8.9629E-10 1.0343E-09 1.1838E-09 1.3302E-09 1.4912E-09 1.7060E-09 1.8899E-09 2.1170E-09 2.3980E-09 2.6694E-09 2.9459E-09 3.2751E-09 4.4756E-09 5.4485E-09 6.5290E-09 7.6121E-09 8.6439E-09 9.5366E-09 1.0370E-08 1.1023E-08 1.1558E-08 1.2290E-08 1.3151E-08 1.3869E-08 1.4556E-08 1.5399E-08 1.6119E-08 1.6838E-08 1.7478E-08 1.8094E-08 1.8648E-08 1.9151E-08
2.0841E-10 2.1369E-10 2.1905E-10 2.2449E-10 2.3000E-10 2.3559E-10 2.4125E-10 2.4699E-10 2.5280E-10 2.5867E-10 2.6462E-10 2.7063E-10 2.7671E-10 2.8285E-10 2.8906E-10 2.9533E-10 3.0165E-10 3.0803E-10 3.1447E-10 3.5070E-10 3.8413E-10 4.3724E-10 4.9923E-10 5.9055E-10 6.5502E-10 7.9471E-10 8.9584E-10 1.0305E-09 1.1696E-09 1.3022E-09 1.4547E-09 1.6607E-09 1.8291E-09 2.0378E-09 2.2868E-09 2.5437E-09 2.7774E-09 3.8929E-09 4.7688E-09 5.7061E-09 6.7600E-09 7.6509E-09 8.4583E-09 9.1577E-09 9.7977E-09 1.0276E-08 1.0945E-08 1.1739E-08 1.2392E-08 1.3017E-08 1.3801E-08 1.4469E-08 1.5146E-08 1.5764E-08 1.6354E-08 1.6909E-08 1.7398E-08
2.0864E-10 2.1393E-10 2.1930E-10 2.2474E-10 2.3026E-10 2.3586E-10 2.4153E-10 2.4727E-10 2.5308E-10 2.5897E-10 2.6492E-10 2.7095E-10 2.7703E-10 2.8319E-10 2.8940E-10 2.9567E-10 3.0201E-10 3.0840E-10 3.1484E-10 3.2134E-10 3.6336E-10 4.0268E-10 4.4573E-10 4.9646E-10 5.9375E-10 6.5768E-10 7.9282E-10 8.8953E-10 1.0168E-09 1.1351E-09 1.2620E-09 1.4123E-09 1.6037E-09 1.7561E-09 1.9457E-09 2.1575E-09 2.4013E-09 3.3996E-09 4.1624E-09 5.0048E-09 5.9245E-09 6.7832E-09 7.5110E-09 8.1399E-09 8.6660E-09 9.1413E-09 9.7567E-09 1.0490E-08 1.1085E-08 1.1656E-08 1.2391E-08 1.3006E-08 1.3641E-08 1.4245E-08 1.4806E-08 1.5350E-08 1.5825E-08
2.0882E-10 2.1412E-10 2.1949E-10 2.2494E-10 2.3047E-10 2.3607E-10 2.4174E-10 2.4749E-10 2.5331E-10 2.5921E-10 2.6517E-10 2.7119E-10 2.7729E-10 2.8345E-10 2.8967E-10 2.9595E-10 3.0229E-10 3.0869E-10 3.1514E-10 3.2165E-10 3.2820E-10 3.6966E-10 4.0975E-10 4.4689E-10 5.0072E-10 5.9088E-10 6.5711E-10 7.8635E-10 8.7785E-10 9.7355E-10 1.0960E-09 1.2237E-09 1.3612E-09 1.5346E-09 1.6732E-09 1.8387E-09 2.0331E-09 2.9796E-09 3.6475E-09 4.3648E-09 5.2417E-09 5.9601E-09 6.6347E-09 7.2446E-09 7.7162E-09 8.0973E-09 8.6640E-09 9.3903E-09 9.9342E-09 1.0470E-08 1.1143E-08 1.1719E-08 1.2320E-08 1.2894E-08 1.3440E-08 1.3962E-08 1.4422E-08
2.0895E-10 2.1425E-10 2.1963E-10 2.2508E-10 2.3061E-10 2.3622E-10 2.4190E-10 2.4765E-10 2.5348E-10 2.5938E-10 2.6534E-10 2.7138E-10 2.7748E-10 2.8364E-10 2.8987E-10 2.9615E-10 3.0250E-10 3.0890E-10 3.1536E-10 3.2187E-10 3.2843E-10 3.3504E-10 3.7899E-10 4.1611E-10 4.4059E-10 5.0464E-10 5.8771E-10 6.5358E-10 7.3087E-10 8.5256E-10 9.3554E-10 1.0627E-09 1.1773E-09 1.2856E-09 1.4323E-09 1.5834E-09 1.7129E-09 2.5669E-09 3.1790E-09 3.9332E-09 4.5998E-09 5.2645E-09 5.8839E-09 6.3845E-09 6.8817E-09 7.2280E-09 7.7555E-09 8.3824E-09 8.9232E-09 9.4156E-09 1.0049E-08 1.0583E-08 1.1159E-08 1.1704E-08 1.2231E-08 1.2728E-08 1.3173E-08
2.0903E-10 2.1433E-10 2.1971E-10 2.2517E-10 2.3071E-10 2.3632E-10 2.4200E-10 2.4776E-10 2.5359E-10 2.5949E-10 2.6546E-10 2.7149E-10 2.7760E-10 2.8377E-10 2.9000E-10 2.9629E-10 3.0264E-10 3.0905E-10 3.1551E-10 3.2202E-10 3.2859E-10 3.3520E-10 3.4186E-10 3.7031E-10 4.2177E-10 4.3864E-10 5.0712E-10 5.3416E-10 6.4744E-10 7.0384E-10 8.1946E-10 9.0506E-10 9.9803E-10 1.1040E-09 1.2164E-09 1.3370E-09 1.4860E-09 2.2550E-09 2.7867E-09 3.4576E-09 4.0959E-09 4.6788E-09 5.1931E-09 5.7120E-09 6.0871E-09 6.4412E-09 6.9613E-09 7.5451E-09 8.0001E-09 8.5253E-09 9.0869E-09 9.5896E-09 1.0141E-08 1.0649E-08 1.1160E-08 1.1640E-08 1.2071E-08
2.0906E-10 2.1437E-10 2.1975E-10 2.2521E-10 2.3074E-10 2.3635E-10 2.4204E-10 2.4780E-10 2.5363E-10 2.5953E-10 2.6551E-10 2.7155E-10 2.7765E-10 2.8382E-10 2.9006E-10 2.9635E-10 3.0270E-10 3.0911E-10 3.1558E-10 3.2209E-10 3.2866E-10 3.3528E-10 3.4194E-10 3.5867E-10 3.6675E-10 4.2678E-10 4.4299E-10 5.0832E-10 5.3349E-10 6.2030E-10 6.7849E-10 7.4639E-10 8.7502E-10 9.5749E-10 1.0282E-09 1.1265E-09 1.2315E-09 1.9883E-09 2.4663E-09 3.0458E-09 3.6375E-09 4.1428E-09 4.6561E-09 5.0584E-09 5.4359E-09 5.7497E-09 6.2039E-09 6.7865E-09 7.2340E-09 7.6887E-09 8.2082E-09 8.7207E-09 9.2401E-09 9.7303E-09 1.0219E-08 1.0677E-08 1.1094E-08
2.0904E-10 2.1434E-10 2.1973E-10 2.2519E-10 2.3072E-10 2.3634E-10 2.4202E-10 2.4778E-10 2.5362E-10 2.5952E-10 2.6549E-10 2.7153E-10 2.7764E-10 2.8381E-10 2.9004E-10 2.9634E-10 3.0269E-10 3.0910E-10 3.1557E-10 3.2209E-10 3.2866E-10 3.3527E-10 3.4193E-10 3.4864E-10 3.6566E-10 3.7377E-10 4.3119E-10 4.4670E-10 4.6327E-10 5.3189E-10 5.5672E-10 6.6479E-10 7.1980E-10 7.7261E-10 8.9632E-10 9.7701E-10 1.0374E-09 1.7128E-09 2.1685E-09 2.7185E-09 3.2158E-09 3.6944E-09 4.1463E-09 4.5033E-09 4.8662E-09 5.1620E-09 5.5860E-09 6.0886E-09 6.5419E-09 6.9788E-09 7.4512E-09 7.9290E-09 8.4531E-09 8.9195E-09 9.3816E-09 9.8196E-09 1.0222E-08
2.0897E-10 2.1427E-10 2.1965E-10 2.2511E-10 2.3065E-10 2.3626E-10 2.4195E-10 2.4771E-10 2.5354E-10 2.5944E-10 2.6541E-10 2.7145E-10 2.7756E-10 2.8373E-10 2.8996E-10 2.9626E-10 3.0261E-10 3.0902E-10 3.1548E-10 3.2200E-10 3.2857E-10 3.3519E-10 3.4185E-10 3.4855E-10 3.6456E-10 3.7254E-10 3.8069E-10 3.8899E-10 4.4985E-10 4.6533E-10 5.2937E-10 5.5223E-10 5.7613E-10 6.8351E-10 7.4374E-10 8.0701E-10 9.1534E-10 1.5320E-09 1.9218E-09 2.3581E-09 2.8260E-09 3.2702E-09 3.6640E-09 4.0778E-09 4.3579E-09 4.5909E-09 5.0095E-09 5.5455E-09 5.8969E-09 6.3357E-09 6.7761E-09 7.2277E-09 7.6818E-09 8.1275E-09 8.5925E-09 9.0143E-09 9.4166E-09
2.0885E-10 2.1415E-10 2.1953E-10 2.2498E-10 2.3052E-10 2.3613E-10 2.4181E-10 2.4757E-10 2.5340E-10 2.5930E-10 2.6527E-10 2.7131E-10 2.7741E-10 2.8358E-10 2.8981E-10 2.9610E-10 3.0245E-10 3.0886E-10 3.1532E-10 3.2184E-10 3.2841E-10 3.3502E-10 3.4168E-10 3.4838E-10 3.5518E-10 3.7131E-10 3.7932E-10 3.8747E-10 3.9578E-10 4.3488E-10 4.6716E-10 4.8233E-10 5.4713E-10 5.6887E-10 5.9133E-10 6.4113E-10 7.5202E-10 1.3358E-09 1.7151E-09 2.1360E-09 2.5156E-09 2.8756E-09 3.2517E-09 3.5696E-09 3.8768E-09 4.1292E-09 4.4314E-09 4.7214E-09 5.1733E-09 5.5235E-09 6.1873E-09 6.5907E-09 7.0223E-09 7.4418E-09 7.8480E-09 8.2434E-09 8.6326E-09
2.0867E-10 2.1397E-10 2.1935E-10 2.2480E-10 2.3033E-10 2.3594E-10 2.4162E-10 2.4737E-10 2.5320E-10 2.5909E-10 2.6506E-10 2.7109E-10 2.7719E-10 2.8336E-10 2.8959E-10 2.9587E-10 3.0222E-10 3.0863E-10 3.1509E-10 3.2160E-10 3.2816E-10 3.3477E-10 3.4143E-10 3.4812E-10 3.5486E-10 3.6323E-10 3.7795E-10 3.8597E-10 3.9412E-10 4.0243E-10 4.1087E-10 4.6866E-10 4.8286E-10 4.9747E-10 5.6142E-10 5.8164E-10 6.0228E-10 9.0060E-10 1.0964E-09 1.9071E-09 2.2573E-09 2.5934E-09 2.8875E-09 3.2358E-09 3.4684E-09 3.7245E-09 3.9790E-09 4.2497E-09 4.4833E-09 4.7878E-09 5.0845E-09 5.3646E-09 6.1063E-09 6.4597E-09 6.8013E-09 7.5819E-09 7.9456E-09
2.0845E-10 2.1374E-10 2.1911E-10 2.2456E-10 2.3009E-10 2.3569E-10 2.4136E-10 2.4711E-10 2.5293E-10 2.5883E-10 2.6479E-10 2.7082E-10 2.7691E-10 2.8307E-10 2.8929E-10 2.9558E-10 3.0192E-10 3.0832E-10 3.1477E-10 3.2128E-10 3.2784E-10 3.3444E-10 3.4109E-10 3.4778E-10 3.5452E-10 3.6129E-10 3.7078E-10 3.8447E-10 3.9249E-10 4.0063E-10 4.0891E-10 4.1732E-10 4.2587E-10 4.6252E-10 4.9683E-10 5.1070E-10 5.2479E-10 8.3381E-10 9.9080E-10 1.1648E-09 1.3915E-09 1.5789E-09 1.7573E-09 1.9362E-09 3.1568E-09 3.3450E-09 3.5803E-09 3.8939E-09 4.0844E-09 4.3248E-09 4.5854E-09 4.9065E-09 5.1799E-09 5.4557E-09 5.7595E-09 4.8903E-09 5.2355E-09
2.0817E-10 2.1346E-10 2.1883E-10 2.2427E-10 2.2979E-10 2.3538E-10 2.4105E-10 2.4680E-10 2.5261E-10 2.5850E-10 2.6445E-10 2.7047E-10 2.7656E-10 2.8271E-10 2.8893E-10 2.9521E-10 3.0154E-10 3.0793E-10 3.1438E-10 3.2088E-10 3.2743E-10 3.3403E-10 3.4067E-10 3.4736E-10 3.5408E-10 3.6085E-10 3.6765E-10 3.7766E-10 3.9087E-10 3.9887E-10 4.0699E-10 4.1523E-10 4.2360E-10 4.3209E-10 4.4069E-10 4.4942E-10 5.1107E-10 7.6409E-10 9.0821E-10 1.0648E-09 1.2645E-09 1.4385E-09 1.5786E-09 1.7255E-09 1.8601E-09 2.0098E-09 2.1237E-09 2.2003E-09 2.4684E-09 2.6400E-09 3.0546E-09 3.3442E-09 3.6380E-09 3.9208E-09 4.2125E-09 4.5240E-09 4.8407E-09
2.0785E-10 2.1313E-10 2.1849E-10 2.2392E-10 2.2943E-10 2.3502E-10 2.4068E-10 2.4642E-10 2.5223E-10 2.5810E-10 2.6405E-10 2.7006E-10 2.7614E-10 2.8229E-10 2.8850E-10 2.9477E-10 3.0109E-10 3.0748E-10 3.1392E-10 3.2041E-10 3.2695E-10 3.3354E-10 3.4017E-10 3.4685E-10 3.5357E-10 3.6032E-10 3.6711E-10 3.7393E-10 3.8376E-10 3.9712E-10 4.0510E-10 4.1319E-10 4.2139E-10 4.2969E-10 4.3811E-10 4.4663E-10 4.6020E-10 4.8605E-10 5.2769E-10 1.0249E-09 1.1620E-09 1.2960E-09 1.4230E-09 1.5744E-09 1.7269E-09 1.8244E-09 1.9098E-09 2.0126E-09 2.0793E-09 2.2360E-09 2.4040E-09 2.5761E-09 2.7525E-09 3.3083E-09 3.5556E-09 3.8421E-09 4.5146E-09
2.0747E-10 2.1275E-10 2.1810E-10 2.2352E-10 2.2903E-10 2.3460E-10 2.4026E-10 2.4598E-10 2.5178E-10 2.5765E-10 2.6359E-10 2.6959E-10 2.7566E-10 2.8180E-10 2.8799E-10 2.9425E-10 3.0057E-10 3.0694E-10 3.1337E-10 3.1985E-10 3.2639E-10 3.3296E-10 3.3959E-10 3.4626E-10 3.5296E-10 3.5971E-10 3.6649E-10 3.7330E-10 3.8013E-10 3.8896E-10 4.0324E-10 4.1118E-10 4.1922E-10 4.2737E-10 4.3561E-10 4.4394E-10 4.6026E-10 4.8909E-10 5.2679E-10 5.5555E-10 5.7546E-10 5.9681E-10 6.1971E-10 6.4430E-10 1.5760E-09 1.6934E-09 1.7784E-09 1.8511E-09 1.9410E-09 2.0628E-09 2.2318E-09 2.3883E-09 2.5606E-09 2.7401E-09 2.9452E-09 3.1573E-09 2.3777E-09
2.0705E-10 2.1231E-10 2.1765E-10 2.2307E-10 2.2856E-10 2.3413E-10 2.3977E-10 2.4549E-10 2.5127E-10 2.5713E-10 2.6306E-10 2.6905E-10 2.7511E-10 2.8124E-10 2.8742E-10 2.9367E-10 2.9998E-10 3.0634E-10 3.1276E-10 3.1922E-10 3.2574E-10 3.3231E-10 3.3892E-10 3.4558E-10 3.5227E-10 3.5901E-10 3.6577E-10 3.7257E-10 3.7940E-10 3.8625E-10 3.9324E-10 4.0920E-10 4.1710E-10 4.2509E-10 4.3317E-10 4.4133E-10 4.6546E-10 5.0323E-10 5.3240E-10 5.5547E-10 5.7563E-10 5.9727E-10 6.2053E-10 6.4553E-10 6.7241E-10 7.2635E-10 7.5941E-10 7.9486E-10 8.3283E-10 9.6066E-10 1.0920E-09 1.2442E-09 1.4350E-09 1.6226E-09 1.8405E-09 2.0703E-09 2.3172E-09
