Assets/Resources/2015_m01_d22_1900(utc+0800)_l00_csi_1hr_conc.grd
DSAA
         159         159
     -79.000      79.000
     -79.000      79.000
  0.0000E+00  0.1986E-04
[rows 100 to 124 of 159, columns 57 to 113 of 159]
6.7119E-13 1.9154E-12 3.3305E-12 5.4924E-12 7.2353E-12 9.0362E-12 1.1063E-11 1.2877E-11 1.9949E-11 2.7311E-11 3.5217E-11 3.9469E-11 4.3577E-11 4.8822E-11 5.3002E-11 5.7024E-11 5.9891E-11 6.2842E-11 6.5844E-11 6.8947E-11 7.2082E-11 7.5306E-11 7.7237E-11 7.9409E-11 8.1283E-11 8.4529E-11 8.7853E-11 8.8403E-11 9.1824E-11 9.3893E-11 9.4215E-11 9.7788E-11 1.0145E-10 1.0519E-10 1.0706E-10 1.0885E-10 1.1243E-10 1.1430E-10 1.1244E-10 1.1180E-10 1.1312E-10 1.1614E-10 1.1903E-10 1.1974E-10 1.2230E-10 1.1899E-10 1.1551E-10 1.1409E-10 1.1620E-10 1.1817E-10 1.1998E-10 1.2165E-10 1.1959E-10 1.1928E-10 1.1947E-10 1.2069E-10 1.2178E-10
0.0000E+00 0.0000E+00 6.7046E-13 1.9100E-12 3.3184E-12 5.3417E-12 6.6410E-12 8.6592E-12 1.0228E-11 1.7652E-11 2.0264E-11 2.9053E-11 3.2514E-11 3.6145E-11 3.9938E-11 4.3584E-11 4.7378E-11 5.1009E-11 5.3464E-11 5.6027E-11 5.8628E-11 6.1312E-11 6.4049E-11 6.6838E-11 6.9700E-11 7.2580E-11 7.5553E-11 7.8560E-11 8.0172E-11 8.1803E-11 8.3733E-11 8.5747E-11 8.6079E-11 8.9477E-11 8.7976E-11 9.1265E-11 9.4513E-11 9.7713E-11 1.0086E-10 1.0200E-10 1.0499E-10 1.0087E-10 9.9684E-11 9.8818E-11 1.0134E-10 1.0378E-10 1.0614E-10 1.0839E-10 1.0865E-10 1.0884E-10 1.0778E-10 1.0953E-10 1.1114E-10 1.1262E-10 1.1398E-10 1.1347E-10 1.1290E-10
0.0000E+00 0.0000E+00 0.0000E+00 0.0000E+00 6.6704E-13 1.3557E-12 2.7531E-12 4.7541E-12 5.7238E-12 7.5863E-12 1.2690E-11 1.5192E-11 2.2307E-11 2.6342E-11 2.9570E-11 3.2958E-11 3.7725E-11 4.1499E-11 4.5123E-11 4.8268E-11 4.8662E-11 5.0931E-11 5.3265E-11 5.5647E-11 5.8114E-11 5.9504E-11 6.2044E-11 6.1975E-11 6.4626E-11 6.7384E-11 7.0233E-11 7.3237E-11 7.6322E-11 7.9494E-11 8.1006E-11 8.2701E-11 8.1118E-11 8.4062E-11 8.0350E-11 8.3094E-11 8.5791E-11 8.8437E-11 9.1026E-11 9.3553E-11 9.4290E-11 9.4950E-11 9.5524E-11 9.6578E-11 9.8680E-11 1.0068E-10 1.0254E-10 1.0427E-10 1.0414E-10 1.0280E-10 1.0311E-10 1.0442E-10 1.0562E-10
0.0000E+00 0.0000E+00 0.0000E+00 0.0000E+00 0.0000E+00 0.0000E+00 6.6096E-13 1.2142E-12 2.4679E-12 3.8894E-12 5.3907E-12 9.5722E-12 1.2075E-11 1.7903E-11 2.0901E-11 2.3923E-11 2.7713E-11 3.2219E-11 3.5653E-11 3.8928E-11 4.2350E-11 4.4360E-11 4.6444E-11 4.8570E-11 5.0790E-11 5.2047E-11 5.2055E-11 5.4345E-11 5.6753E-11 5.6743E-11 5.8133E-11 6.0805E-11 5.9285E-11 6.2020E-11 6.4791E-11 6.7552E-11 7.0296E-11 7.3016E-11 7.5708E-11 7.8364E-11 7.7927E-11 8.0444E-11 8.0365E-11 8.2741E-11 8.5061E-11 8.7323E-11 8.9522E-11 9.1656E-11 9.1996E-11 9.3970E-11 9.1872E-11 9.3658E-11 9.5318E-11 9.6863E-11 9.8294E-11 9.9604E-11 9.8033E-11
0.0000E+00 0.0000E+00 0.0000E+00 0.0000E+00 0.0000E+00 0.0000E+00 0.0000E+00 0.0000E+00 0.0000E+00 6.7325E-13 1.3665E-12 2.7637E-12 4.2007E-12 8.4197E-12 1.1411E-11 1.3998E-11 1.7912E-11 2.0700E-11 2.3905E-11 2.6555E-11 2.9342E-11 3.2267E-11 3.5033E-11 3.6669E-11 3.8406E-11 4.0180E-11 4.2031E-11 4.3984E-11 4.6041E-11 4.8244E-11 5.0511E-11 5.2970E-11 5.5502E-11 5.5669E-11 5.8258E-11 6.0845E-11 6.1280E-11 6.3789E-11 6.6279E-11 6.8743E-11 7.1176E-11 7.3572E-11 7.5928E-11 7.8239E-11 7.8936E-11 8.0108E-11 7.9597E-11 8.1620E-11 8.3584E-11 8.5486E-11 8.7324E-11 8.9083E-11 9.0720E-11 8.7283E-11 8.8769E-11 9.0141E-11 9.1412E-11
0.0000E+00 0.0000E+00 0.0000E+00 0.0000E+00 0.0000E+00 0.0000E+00 0.0000E+00 0.0000E+00 0.0000E+00 0.0000E+00 0.0000E+00 5.3162E-13 1.2115E-12 1.9104E-12 4.6585E-12 7.1791E-12 1.0123E-11 1.3198E-11 1.5738E-11 1.9097E-11 2.1758E-11 2.4722E-11 2.7414E-11 3.0541E-11 3.2618E-11 3.4165E-11 3.5782E-11 3.7513E-11 3.9333E-11 4.1312E-11 4.3345E-11 4.5575E-11 4.7876E-11 5.0274E-11 5.2700E-11 5.5129E-11 5.7554E-11 5.9969E-11 6.1041E-11 6.3390E-11 6.2578E-11 6.4809E-11 6.7007E-11 6.9168E-11 7.1289E-11 7.3366E-11 7.5394E-11 7.7372E-11 7.8278E-11 7.6434E-11 7.8186E-11 7.9880E-11 8.1515E-11 8.3084E-11 8.4553E-11 8.5914E-11 8.2854E-11
0.0000E+00 0.0000E+00 0.0000E+00 0.0000E+00 0.0000E+00 0.0000E+00 0.0000E+00 0.0000E+00 0.0000E+00 0.0000E+00 0.0000E+00 0.0000E+00 0.0000E+00 0.0000E+00 6.6381E-13 2.3582E-12 4.4773E-12 7.5527E-12 9.8035E-12 1.2307E-11 1.5567E-11 1.8263E-11 2.2789E-11 2.6085E-11 2.8957E-11 3.1673E-11 3.3202E-11 3.3973E-11 3.5092E-11 3.6927E-11 3.8817E-11 4.0883E-11 4.1299E-11 4.3482E-11 4.5694E-11 4.7914E-11 5.0137E-11 5.2356E-11 5.4567E-11 5.6765E-11 5.8944E-11 6.1100E-11 6.3229E-11 6.4438E-11 6.4139E-11 6.5155E-11 6.7063E-11 6.8928E-11 7.0747E-11 7.2517E-11 7.4235E-11 7.5900E-11 7.4383E-11 7.4828E-11 7.6280E-11 7.7675E-11 7.8981E-11
0.0000E+00 0.0000E+00 0.0000E+00 0.0000E+00 0.0000E+00 0.0000E+00 0.0000E+00 0.0000E+00 0.0000E+00 0.0000E+00 0.0000E+00 0.0000E+00 0.0000E+00 0.0000E+00 0.0000E+00 0.0000E+00 1.0065E-12 2.6032E-12 4.2950E-12 6.6906E-12 9.0487E-12 1.1426E-11 1.4784E-11 1.8391E-11 2.0633E-11 2.3000E-11 2.6757E-11 2.9448E-11 3.1087E-11 3.2905E-11 3.4659E-11 3.6572E-11 3.8570E-11 4.0656E-11 4.2110E-11 4.4212E-11 4.6320E-11 4.7687E-11 4.7801E-11 4.9828E-11 5.1843E-11 5.3842E-11 5.5820E-11 5.7774E-11 5.9699E-11 6.1591E-11 6.2552E-11 6.3428E-11 6.4219E-11 6.4928E-11 6.6557E-11 6.8140E-11 6.9675E-11 7.1159E-11 7.2591E-11 7.0845E-11 7.1068E-11
0.0000E+00 0.0000E+00 0.0000E+00 0.0000E+00 0.0000E+00 0.0000E+00 0.0000E+00 0.0000E+00 0.0000E+00 0.0000E+00 0.0000E+00 0.0000E+00 0.0000E+00 0.0000E+00 0.0000E+00 0.0000E+00 0.0000E+00 2.8107E-13 8.7179E-13 1.8016E-12 3.1008E-12 5.7289E-12 8.4828E-12 1.0813E-11 1.3402E-11 1.6003E-11 1.8738E-11 2.2858E-11 2.5961E-11 2.7584E-11 2.9277E-11 3.1112E-11 3.3038E-11 3.5173E-11 3.7094E-11 3.9030E-11 4.0976E-11 4.2928E-11 4.4880E-11 4.6110E-11 4.8030E-11 4.9162E-11 5.0225E-11 5.1218E-11 5.3012E-11 5.4781E-11 5.6521E-11 5.8228E-11 5.9900E-11 6.1534E-11 6.1279E-11 6.1844E-11 6.2328E-11 6.3737E-11 6.5100E-11 6.6416E-11 6.7685E-11
0.0000E+00 0.0000E+00 0.0000E+00 0.0000E+00 0.0000E+00 0.0000E+00 0.0000E+00 0.0000E+00 0.0000E+00 0.0000E+00 0.0000E+00 0.0000E+00 0.0000E+00 0.0000E+00 0.0000E+00 0.0000E+00 0.0000E+00 0.0000E+00 0.0000E+00 2.8317E-13 1.1977E-12 3.2478E-12 4.5847E-12 6.0229E-12 7.5697E-12 9.8942E-12 1.2347E-11 1.5483E-11 1.9879E-11 2.3450E-11 2.5126E-11 2.6807E-11 2.8693E-11 3.1011E-11 3.2269E-11 3.4032E-11 3.5809E-11 3.7596E-11 3.9387E-11 4.1180E-11 4.2969E-11 4.4751E-11 4.6521E-11 4.7523E-11 4.8453E-11 5.0131E-11 5.0097E-11 5.1690E-11 5.3254E-11 5.4786E-11 5.6283E-11 5.7745E-11 5.9167E-11 5.9628E-11 5.9047E-11 5.9325E-11 6.0529E-11
0.0000E+00 0.0000E+00 0.0000E+00 0.0000E+00 0.0000E+00 0.0000E+00 0.0000E+00 0.0000E+00 0.0000E+00 0.0000E+00 0.0000E+00 0.0000E+00 0.0000E+00 0.0000E+00 0.0000E+00 0.0000E+00 0.0000E+00 0.0000E+00 0.0000E+00 0.0000E+00 2.8114E-13 1.1237E-12 2.0212E-12 3.5899E-12 4.9517E-12 6.4183E-12 8.2627E-12 1.0493E-11 1.2572E-11 1.5621E-11 2.1213E-11 2.3002E-11 2.4973E-11 2.6994E-11 2.9059E-11 3.0697E-11 3.1745E-11 3.3390E-11 3.5044E-11 3.6020E-11 3.7659E-11 3.9295E-11 4.0925E-11 4.2545E-11 4.4151E-11 4.5740E-11 4.7309E-11 4.8072E-11 4.8760E-11 4.9374E-11 4.9915E-11 5.1282E-11 5.2616E-11 5.3916E-11 5.5180E-11 5.5495E-11 5.6668E-11
0.0000E+00 0.0000E+00 0.0000E+00 0.0000E+00 0.0000E+00 0.0000E+00 0.0000E+00 0.0000E+00 0.0000E+00 0.0000E+00 0.0000E+00 0.0000E+00 0.0000E+00 0.0000E+00 0.0000E+00 0.0000E+00 0.0000E+00 0.0000E+00 0.0000E+00 0.0000E+00 0.0000E+00 2.6377E-13 8.1750E-13 1.4176E-12 2.3377E-12 3.6062E-12 5.5712E-12 7.8698E-12 9.4833E-12 1.1206E-11 1.5762E-11 1.9534E-11 2.1347E-11 2.3206E-11 2.5111E-11 2.7058E-11 2.8573E-11 3.0103E-11 3.1644E-11 3.2588E-11 3.4119E-11 3.4989E-11 3.6499E-11 3.7287E-11 3.8762E-11 4.0225E-11 4.1674E-11 4.3104E-11 4.4513E-11 4.5127E-11 4.6470E-11 4.6965E-11 4.7386E-11 4.7735E-11 4.8917E-11 5.0066E-11 5.1181E-11
0.0000E+00 0.0000E+00 0.0000E+00 0.0000E+00 0.0000E+00 0.0000E+00 0.0000E+00 0.0000E+00 0.0000E+00 0.0000E+00 0.0000E+00 0.0000E+00 0.0000E+00 0.0000E+00 0.0000E+00 0.0000E+00 0.0000E+00 0.0000E+00 0.0000E+00 0.0000E+00 0.0000E+00 0.0000E+00 0.0000E+00 2.6569E-13 8.2295E-13 1.6966E-12 2.6393E-12 4.9889E-12 6.3995E-12 7.9124E-12 9.5306E-12 1.4502E-11 1.7637E-11 1.9325E-11 2.1057E-11 2.2830E-11 2.4642E-11 2.6020E-11 2.7412E-11 2.8813E-11 3.0222E-11 3.1633E-11 3.3045E-11 3.3813E-11 3.5197E-11 3.5877E-11 3.7221E-11 3.7808E-11 3.9106E-11 4.0385E-11 4.1643E-11 4.2114E-11 4.3309E-11 4.4477E-11 4.4790E-11 4.5031E-11 4.5202E-11
0.0000E+00 0.0000E+00 0.0000E+00 0.0000E+00 0.0000E+00 0.0000E+00 0.0000E+00 0.0000E+00 0.0000E+00 0.0000E+00 0.0000E+00 0.0000E+00 0.0000E+00 0.0000E+00 0.0000E+00 0.0000E+00 0.0000E+00 0.0000E+00 0.0000E+00 0.0000E+00 0.0000E+00 0.0000E+00 0.0000E+00 0.0000E+00 0.0000E+00 2.6748E-13 8.2678E-13 2.4794E-12 3.7017E-12 5.0199E-12 6.4365E-12 1.0025E-11 1.3329E-11 1.6094E-11 1.7534E-11 1.9138E-11 2.0668E-11 2.2351E-11 2.3598E-11 2.4858E-11 2.6126E-11 2.7401E-11 2.8678E-11 2.9956E-11 3.1232E-11 3.2501E-11 3.3110E-11 3.4343E-11 3.5563E-11 3.6045E-11 3.7216E-11 3.7598E-11 3.8714E-11 3.9052E-11 4.0106E-11 4.0333E-11 4.1322E-11
0.0000E+00 0.0000E+00 0.0000E+00 0.0000E+00 0.0000E+00 0.0000E+00 0.0000E+00 0.0000E+00 0.0000E+00 0.0000E+00 0.0000E+00 0.0000E+00 0.0000E+00 0.0000E+00 0.0000E+00 0.0000E+00 0.0000E+00 0.0000E+00 0.0000E+00 0.0000E+00 0.0000E+00 0.0000E+00 0.0000E+00 0.0000E+00 0.0000E+00 0.0000E+00 2.5049E-13 7.7531E-13 1.6019E-12 2.4966E-12 4.0668E-12 5.9197E-12 8.9200E-12 1.3149E-11 1.5065E-11 1.6522E-11 1.8018E-11 1.9550E-11 2.0679E-11 2.1821E-11 2.2436E-11 2.3578E-11 2.4725E-11 2.5875E-11 2.7026E-11 2.8174E-11 2.9317E-11 3.0453E-11 3.0933E-11 3.2030E-11 3.3114E-11 3.4183E-11 3.4503E-11 3.5520E-11 3.5741E-11 3.5955E-11 3.6878E-11
0.0000E+00 0.0000E+00 0.0000E+00 0.0000E+00 0.0000E+00 0.0000E+00 0.0000E+00 0.0000E+00 0.0000E+00 0.0000E+00 0.0000E+00 0.0000E+00 0.0000E+00 0.0000E+00 0.0000E+00 0.0000E+00 0.0000E+00 0.0000E+00 0.0000E+00 0.0000E+00 0.0000E+00 0.0000E+00 0.0000E+00 0.0000E+00 0.0000E+00 0.0000E+00 0.0000E+00 0.0000E+00 2.5200E-13 1.0658E-12 1.9170E-12 3.5839E-12 5.1028E-12 7.5040E-12 1.2131E-11 1.3443E-11 1.4791E-11 1.6174E-11 1.7590E-11 1.8601E-11 1.9625E-11 2.0658E-11 2.1698E-11 2.2743E-11 2.3790E-11 2.4247E-11 2.5274E-11 2.6297E-11 2.7314E-11 2.7699E-11 2.8679E-11 2.9648E-11 3.0603E-11 3.0836E-11 3.1744E-11 3.2634E-11 3.2015E-11
0.0000E+00 0.0000E+00 0.0000E+00 0.0000E+00 0.0000E+00 0.0000E+00 0.0000E+00 0.0000E+00 0.0000E+00 0.0000E+00 0.0000E+00 0.0000E+00 0.0000E+00 0.0000E+00 0.0000E+00 0.0000E+00 0.0000E+00 0.0000E+00 0.0000E+00 0.0000E+00 0.0000E+00 0.0000E+00 0.0000E+00 0.0000E+00 0.0000E+00 0.0000E+00 0.0000E+00 0.0000E+00 0.0000E+00 2.5043E-13 5.2198E-13 1.5622E-12 2.6739E-12 3.8610E-12 8.1327E-12 1.0698E-11 1.1909E-11 1.3153E-11 1.4429E-11 1.5735E-11 1.6634E-11 1.7959E-11 1.8464E-11 1.9389E-11 2.0318E-11 2.1250E-11 2.2182E-11 2.3111E-11 2.3435E-11 2.4338E-11 2.5233E-11 2.5502E-11 2.6361E-11 2.7208E-11 2.8042E-11 2.8162E-11 2.8950E-11
0.0000E+00 0.0000E+00 0.0000E+00 0.0000E+00 0.0000E+00 0.0000E+00 0.0000E+00 0.0000E+00 0.0000E+00 0.0000E+00 0.0000E+00 0.0000E+00 0.0000E+00 0.0000E+00 0.0000E+00 0.0000E+00 0.0000E+00 0.0000E+00 0.0000E+00 0.0000E+00 0.0000E+00 0.0000E+00 0.0000E+00 0.0000E+00 0.0000E+00 0.0000E+00 0.0000E+00 0.0000E+00 0.0000E+00 0.0000E+00 0.0000E+00 2.5257E-13 1.0122E-12 1.8212E-12 2.6948E-12 6.8731E-12 9.3447E-12 1.0460E-11 1.1604E-11 1.2778E-11 1.3979E-11 1.4773E-11 1.5971E-11 1.6801E-11 1.7636E-11 1.8022E-11 1.8844E-11 1.9666E-11 2.0486E-11 2.1303E-11 2.1517E-11 2.2306E-11 2.3086E-11 2.3245E-11 2.3989E-11 2.4722E-11 2.5443E-11
0.0000E+00 0.0000E+00 0.0000E+00 0.0000E+00 0.0000E+00 0.0000E+00 0.0000E+00 0.0000E+00 0.0000E+00 0.0000E+00 0.0000E+00 0.0000E+00 0.0000E+00 0.0000E+00 0.0000E+00 0.0000E+00 0.0000E+00 0.0000E+00 0.0000E+00 0.0000E+00 0.0000E+00 0.0000E+00 0.0000E+00 0.0000E+00 0.0000E+00 0.0000E+00 0.0000E+00 0.0000E+00 0.0000E+00 0.0000E+00 0.0000E+00 0.0000E+00 0.0000E+00 4.9638E-13 1.0205E-12 2.7854E-12 5.4301E-12 8.1415E-12 8.8011E-12 1.0444E-11 1.1538E-11 1.2657E-11 1.3369E-11 1.4089E-11 1.4815E-11 1.5547E-11 1.6281E-11 1.7017E-11 1.7753E-11 1.8487E-11 1.9219E-11 1.8897E-11 1.8990E-11 1.9652E-11 2.0307E-11 2.0346E-11 2.0966E-11
0.0000E+00 0.0000E+00 0.0000E+00 0.0000E+00 0.0000E+00 0.0000E+00 0.0000E+00 0.0000E+00 0.0000E+00 0.0000E+00 0.0000E+00 0.0000E+00 0.0000E+00 0.0000E+00 0.0000E+00 0.0000E+00 0.0000E+00 0.0000E+00 0.0000E+00 0.0000E+00 0.0000E+00 0.0000E+00 0.0000E+00 0.0000E+00 0.0000E+00 0.0000E+00 0.0000E+00 0.0000E+00 0.0000E+00 0.0000E+00 0.0000E+00 0.0000E+00 0.0000E+00 0.0000E+00 2.4030E-13 5.0043E-13 2.4455E-12 6.4099E-12 7.3051E-12 8.2250E-12 9.1705E-12 1.0036E-11 1.0621E-11 1.1213E-11 1.1936E-11 1.2547E-11 1.3162E-11 1.3779E-11 1.4398E-11 1.5018E-11 1.5635E-11 1.6251E-11 1.6863E-11 1.6899E-11 1.7483E-11 1.8062E-11 1.8632E-11
0.0000E+00 0.0000E+00 0.0000E+00 0.0000E+00 0.0000E+00 0.0000E+00 0.0000E+00 0.0000E+00 0.0000E+00 0.0000E+00 0.0000E+00 0.0000E+00 0.0000E+00 0.0000E+00 0.0000E+00 0.0000E+00 0.0000E+00 0.0000E+00 0.0000E+00 0.0000E+00 0.0000E+00 0.0000E+00 0.0000E+00 0.0000E+00 0.0000E+00 0.0000E+00 0.0000E+00 0.0000E+00 0.0000E+00 0.0000E+00 0.0000E+00 0.0000E+00 0.0000E+00 0.0000E+00 0.0000E+00 0.0000E+00 4.7252E-13 1.4442E-12 4.8398E-12 5.6236E-12 6.4284E-12 7.1488E-12 7.8871E-12 8.3423E-12 8.8035E-12 9.2698E-12 9.7402E-12 1.0214E-11 1.0689E-11 1.1166E-11 1.1642E-11 1.2118E-11 1.2591E-11 1.3062E-11 1.3530E-11 1.3426E-11 1.3868E-11
0.0000E+00 0.0000E+00 0.0000E+00 0.0000E+00 0.0000E+00 0.0000E+00 0.0000E+00 0.0000E+00 0.0000E+00 0.0000E+00 0.0000E+00 0.0000E+00 0.0000E+00 0.0000E+00 0.0000E+00 0.0000E+00 0.0000E+00 0.0000E+00 0.0000E+00 0.0000E+00 0.0000E+00 0.0000E+00 0.0000E+00 0.0000E+00 0.0000E+00 0.0000E+00 0.0000E+00 0.0000E+00 0.0000E+00 0.0000E+00 0.0000E+00 0.0000E+00 0.0000E+00 0.0000E+00 0.0000E+00 0.0000E+00 0.0000E+00 0.0000E+00 7.1171E-13 3.1004E-12 3.6487E-12 4.2115E-12 5.2780E-12 6.0448E-12 6.3884E-12 6.7364E-12 7.0881E-12 7.4427E-12 8.5741E-12 8.1575E-12 8.5163E-12 8.8751E-12 9.2331E-12 8.6218E-12 8.9428E-12 9.2615E-12 9.3342E-12
0.0000E+00 0.0000E+00 0.0000E+00 0.0000E+00 0.0000E+00 0.0000E+00 0.0000E+00 0.0000E+00 0.0000E+00 0.0000E+00 0.0000E+00 0.0000E+00 0.0000E+00 0.0000E+00 0.0000E+00 0.0000E+00 0.0000E+00 0.0000E+00 0.0000E+00 0.0000E+00 0.0000E+00 0.0000E+00 0.0000E+00 0.0000E+00 0.0000E+00 0.0000E+00 0.0000E+00 0.0000E+00 0.0000E+00 0.0000E+00 0.0000E+00 0.0000E+00 0.0000E+00 0.0000E+00 0.0000E+00 0.0000E+00 0.0000E+00 0.0000E+00 0.0000E+00 1.3574E-12 2.3648E-12 3.3479E-12 3.7767E-12 4.2164E-12 4.5641E-12 4.8195E-12 5.0781E-12 5.4609E-12 5.7308E-12 6.0022E-12 6.2746E-12 6.5475E-12 6.8203E-12 7.0925E-12 7.3635E-12 7.6328E-12 7.9001E-12
0.0000E+00 0.0000E+00 0.0000E+00 0.0000E+00 0.0000E+00 0.0000E+00 0.0000E+00 0.0000E+00 0.0000E+00 0.0000E+00 0.0000E+00 0.0000E+00 0.0000E+00 0.0000E+00 0.0000E+00 0.0000E+00 0.0000E+00 0.0000E+00 0.0000E+00 0.0000E+00 0.0000E+00 0.0000E+00 0.0000E+00 0.0000E+00 0.0000E+00 0.0000E+00 0.0000E+00 0.0000E+00 0.0000E+00 0.0000E+00 0.0000E+00 0.0000E+00 0.0000E+00 0.0000E+00 0.0000E+00 0.0000E+00 0.0000E+00 0.0000E+00 0.0000E+00 0.0000E+00 4.4414E-13 1.3853E-12 1.7008E-12 2.0242E-12 2.2511E-12 2.4831E-12 2.6216E-12 2.7618E-12 2.9034E-12 3.0462E-12 3.1898E-12 3.3340E-12 3.4785E-12 3.6229E-12 3.7671E-12 3.9107E-12 4.0534E-12
0.0000E+00 0.0000E+00 0.0000E+00 0.0000E+00 0.0000E+00 0.0000E+00 0.0000E+00 0.0000E+00 0.0000E+00 0.0000E+00 0.0000E+00 0.0000E+00 0.0000E+00 0.0000E+00 0.0000E+00 0.0000E+00 0.0000E+00 0.0000E+00 0.0000E+00 0.0000E+00 0.0000E+00 0.0000E+00 0.0000E+00 0.0000E+00 0.0000E+00 0.0000E+00 0.0000E+00 0.0000E+00 0.0000E+00 0.0000E+00 0.0000E+00 0.0000E+00 0.0000E+00 0.0000E+00 0.0000E+00 0.0000E+00 0.0000E+00 0.0000E+00 0.0000E+00 0.0000E+00 0.0000E+00 0.0000E+00 5.5865E-13 5.9467E-13 7.3954E-13 7.8373E-13 8.2867E-13 1.1328E-12 1.1930E-12 1.2538E-12 1.3152E-12 1.3769E-12 1.4389E-12 1.5010E-12 1.5631E-12 1.6252E-12 1.6869E-12
