Assets/Resources/2015_m01_d25_0900(utc+0800)_l00_csi_1hr_conc.grd
DSAA
         159         159
     -79.000      79.000
     -79.000      79.000
  0.0000E+00  0.5231E-05
[rows 25 to 49 of 159, columns 57 to 113 of 159]
0.0000E+00 0.0000E+00 0.0000E+00 0.0000E+00 0.0000E+00 0.0000E+00 0.0000E+00 0.0000E+00 0.0000E+00 0.0000E+00 5.1480E-13 5.1312E-12 2.0016E-11 7.8694E-11 1.6681E-10 3.3005E-10 5.4161E-10 1.0965E-09 1.9183E-09 3.0226E-09 4.5235E-09 6.5512E-09 9.1679E-09 1.2389E-08 1.6197E-08 2.0446E-08 2.4929E-08 2.9336E-08 3.3326E-08 3.6542E-08 3.8696E-08 3.9586E-08 3.9130E-08 3.7393E-08 3.4568E-08 3.0924E-08 2.6782E-08 2.2476E-08 1.8298E-08 1.4448E-08 1.1076E-08 8.2494E-09 5.9584E-09 4.1803E-09 2.8369E-09 1.8615E-09 1.1875E-09 7.2899E-10 4.2178E-10 2.3568E-10 1.1494E-10 3.4572E-11 0.0000E+00 0.0000E+00 0.0000E+00 0.0000E+00 0.0000E+00
0.0000E+00 0.0000E+00 0.0000E+00 0.0000E+00 0.0000E+00 0.0000E+00 0.0000E+00 0.0000E+00 0.0000E+00 0.0000E+00 0.0000E+00 1.0321E-12 5.8524E-12 3.2777E-11 9.6150E-11 2.1947E-10 3.8838E-10 9.1947E-10 1.7312E-09 2.8192E-09 4.3528E-09 6.4269E-09 9.1492E-09 1.2544E-08 1.6565E-08 2.1067E-08 2.5796E-08 3.0416E-08 3.4558E-08 3.7837E-08 3.9932E-08 4.0645E-08 3.9927E-08 3.7871E-08 3.4714E-08 3.0771E-08 2.6395E-08 2.1918E-08 1.7630E-08 1.3761E-08 1.0420E-08 7.6578E-09 5.4659E-09 3.7900E-09 2.5416E-09 1.6428E-09 1.0293E-09 6.1724E-10 3.4815E-10 1.8224E-10 6.8250E-11 2.1468E-12 0.0000E+00 0.0000E+00 0.0000E+00 0.0000E+00 0.0000E+00
0.0000E+00 0.0000E+00 0.0000E+00 0.0000E+00 0.0000E+00 0.0000E+00 0.0000E+00 0.0000E+00 0.0000E+00 0.0000E+00 0.0000E+00 0.0000E+00 1.2774E-12 5.5559E-12 4.4335E-11 1.3388E-10 2.7380E-10 7.9294E-10 1.6061E-09 2.7008E-09 4.2461E-09 6.4085E-09 9.2665E-09 1.2842E-08 1.7085E-08 2.1833E-08 2.6811E-08 3.1635E-08 3.5883E-08 3.9153E-08 4.1116E-08 4.1597E-08 4.0561E-08 3.8150E-08 3.4641E-08 3.0383E-08 2.5767E-08 2.1158E-08 1.6824E-08 1.2966E-08 9.6944E-09 7.0318E-09 4.9486E-09 3.3920E-09 2.2356E-09 1.4267E-09 8.7902E-10 5.1581E-10 2.7679E-10 1.2051E-10 1.6189E-11 0.0000E+00 0.0000E+00 0.0000E+00 0.0000E+00 0.0000E+00 0.0000E+00
0.0000E+00 0.0000E+00 0.0000E+00 0.0000E+00 0.0000E+00 0.0000E+00 0.0000E+00 0.0000E+00 0.0000E+00 0.0000E+00 0.0000E+00 0.0000E+00 0.0000E+00 1.2418E-12 1.2074E-11 6.9983E-11 1.8048E-10 7.3503E-10 1.5304E-09 2.6303E-09 4.2489E-09 6.5014E-09 9.4889E-09 1.3273E-08 1.7774E-08 2.2787E-08 2.7997E-08 3.2975E-08 3.7281E-08 4.0480E-08 4.2242E-08 4.2406E-08 4.0983E-08 3.8171E-08 3.4295E-08 2.9751E-08 2.4940E-08 2.0220E-08 1.5879E-08 1.2074E-08 8.9069E-09 6.3824E-09 4.4399E-09 2.9898E-09 1.9454E-09 1.2140E-09 7.3419E-10 4.1443E-10 1.9186E-10 4.4590E-11 4.9906E-12 0.0000E+00 0.0000E+00 0.0000E+00 0.0000E+00 0.0000E+00 0.0000E+00
0.0000E+00 0.0000E+00 0.0000E+00 0.0000E+00 0.0000E+00 0.0000E+00 0.0000E+00 0.0000E+00 0.0000E+00 0.0000E+00 0.0000E+00 0.0000E+00 0.0000E+00 0.0000E+00 9.5909E-13 2.6228E-11 1.1248E-10 6.6843E-10 1.5021E-09 2.6515E-09 4.3133E-09 6.6957E-09 9.8767E-09 1.3886E-08 1.8622E-08 2.3882E-08 2.9297E-08 3.4408E-08 3.8707E-08 4.1757E-08 4.3232E-08 4.3011E-08 4.1160E-08 3.7928E-08 3.3681E-08 2.8863E-08 2.3892E-08 1.9116E-08 1.4809E-08 1.1120E-08 8.0955E-09 5.7210E-09 3.9205E-09 2.5903E-09 1.6613E-09 1.0137E-09 5.9644E-10 3.0520E-10 9.3068E-11 2.4276E-11 0.0000E+00 0.0000E+00 0.0000E+00 0.0000E+00 0.0000E+00 0.0000E+00 0.0000E+00
0.0000E+00 0.0000E+00 0.0000E+00 0.0000E+00 0.0000E+00 0.0000E+00 0.0000E+00 0.0000E+00 0.0000E+00 0.0000E+00 0.0000E+00 0.0000E+00 0.0000E+00 0.0000E+00 0.0000E+00 2.7846E-12 8.9439E-11 6.8364E-10 1.5195E-09 2.7095E-09 4.4933E-09 7.0079E-09 1.0379E-08 1.4623E-08 1.9640E-08 2.5150E-08 3.0733E-08 3.5898E-08 4.0112E-08 4.2927E-08 4.4047E-08 4.3384E-08 4.1056E-08 3.7379E-08 3.2778E-08 2.7724E-08 2.2643E-08 1.7880E-08 1.3657E-08 1.0116E-08 7.2623E-09 5.0501E-09 3.4121E-09 2.2161E-09 1.3968E-09 8.2480E-10 4.5358E-10 1.6911E-10 6.0260E-11 1.0183E-11 0.0000E+00 0.0000E+00 0.0000E+00 0.0000E+00 0.0000E+00 0.0000E+00 0.0000E+00
0.0000E+00 0.0000E+00 0.0000E+00 0.0000E+00 0.0000E+00 0.0000E+00 0.0000E+00 0.0000E+00 0.0000E+00 0.0000E+00 0.0000E+00 0.0000E+00 0.0000E+00 0.0000E+00 0.0000E+00 0.0000E+00 6.9237E-11 7.3136E-10 1.5855E-09 2.8553E-09 4.7467E-09 7.4377E-09 1.1046E-08 1.5550E-08 2.0827E-08 2.6557E-08 3.2281E-08 3.7435E-08 4.1489E-08 4.3977E-08 4.4642E-08 4.3452E-08 4.0627E-08 3.6519E-08 3.1601E-08 2.6360E-08 2.1227E-08 1.6525E-08 1.2444E-08 9.0739E-09 6.4220E-09 4.4012E-09 2.9211E-09 1.8640E-09 1.1406E-09 6.4515E-10 2.8028E-10 1.2384E-10 3.3252E-11 0.0000E+00 0.0000E+00 0.0000E+00 0.0000E+00 0.0000E+00 0.0000E+00 0.0000E+00 0.0000E+00
0.0000E+00 0.0000E+00 0.0000E+00 0.0000E+00 0.0000E+00 0.0000E+00 0.0000E+00 0.0000E+00 0.0000E+00 0.0000E+00 0.0000E+00 0.0000E+00 0.0000E+00 0.0000E+00 0.0000E+00 0.0000E+00 9.8707E-11 7.7605E-10 1.6942E-09 3.0592E-09 5.1114E-09 7.9999E-09 1.1852E-08 1.6643E-08 2.2175E-08 2.8097E-08 3.3897E-08 3.8971E-08 4.2755E-08 4.4827E-08 4.4983E-08 4.3240E-08 3.9880E-08 3.5343E-08 3.0150E-08 2.4787E-08 1.9657E-08 1.5066E-08 1.1189E-08 8.0358E-09 5.5938E-09 3.7772E-09 2.4527E-09 1.5319E-09 9.0713E-10 4.3322E-10 2.1258E-10 8.2138E-11 1.2695E-11 0.0000E+00 0.0000E+00 0.0000E+00 0.0000E+00 0.0000E+00 0.0000E+00 0.0000E+00 0.0000E+00
0.0000E+00 0.0000E+00 0.0000E+00 0.0000E+00 0.0000E+00 0.0000E+00 0.0000E+00 0.0000E+00 0.0000E+00 0.0000E+00 0.0000E+00 0.0000E+00 0.0000E+00 0.0000E+00 0.0000E+00 0.0000E+00 1.6732E-10 8.8858E-10 1.8551E-09 3.3430E-09 5.5630E-09 8.7047E-09 1.2836E-08 1.7906E-08 2.3704E-08 2.9797E-08 3.5600E-08 4.0502E-08 4.3922E-08 4.5477E-08 4.5019E-08 4.2671E-08 3.8803E-08 3.3877E-08 2.8444E-08 2.3022E-08 1.7983E-08 1.3570E-08 9.9039E-09 7.0050E-09 4.7915E-09 3.1725E-09 2.0208E-09 1.2328E-09 6.3923E-10 3.2423E-10 1.5013E-10 4.3925E-11 0.0000E+00 0.0000E+00 0.0000E+00 0.0000E+00 0.0000E+00 0.0000E+00 0.0000E+00 0.0000E+00 0.0000E+00
0.0000E+00 0.0000E+00 0.0000E+00 0.0000E+00 0.0000E+00 0.0000E+00 0.0000E+00 0.0000E+00 0.0000E+00 0.0000E+00 0.0000E+00 0.0000E+00 0.0000E+00 0.0000E+00 0.0000E+00 0.0000E+00 1.9230E-10 1.0296E-09 2.0578E-09 3.6925E-09 6.1222E-09 9.5343E-09 1.3984E-08 1.9380E-08 2.5425E-08 3.1601E-08 3.7341E-08 4.1970E-08 4.4928E-08 4.5890E-08 4.4763E-08 4.1775E-08 3.7376E-08 3.2119E-08 2.6542E-08 2.1119E-08 1.6217E-08 1.2031E-08 8.6257E-09 5.9986E-09 4.0325E-09 2.6207E-09 1.6297E-09 8.9773E-10 4.7840E-10 2.3735E-10 9.4363E-11 1.3571E-11 0.0000E+00 0.0000E+00 0.0000E+00 0.0000E+00 0.0000E+00 0.0000E+00 0.0000E+00 0.0000E+00 0.0000E+00
0.0000E+00 0.0000E+00 0.0000E+00 0.0000E+00 0.0000E+00 0.0000E+00 0.0000E+00 0.0000E+00 0.0000E+00 0.0000E+00 0.0000E+00 0.0000E+00 0.0000E+00 0.0000E+00 0.0000E+00 1.1950E-12 2.8745E-10 1.1542E-09 2.3179E-09 4.1142E-09 6.7973E-09 1.0534E-08 1.5319E-08 2.1033E-08 2.7307E-08 3.3571E-08 3.9148E-08 4.3378E-08 4.5747E-08 4.5988E-08 4.4156E-08 4.0556E-08 3.5670E-08 3.0108E-08 2.4446E-08 1.9110E-08 1.4404E-08 1.0501E-08 7.4051E-09 5.0511E-09 3.3323E-09 2.1079E-09 1.2234E-09 6.8369E-10 3.5713E-10 1.5585E-10 3.9330E-11 0.0000E+00 0.0000E+00 0.0000E+00 0.0000E+00 0.0000E+00 0.0000E+00 0.0000E+00 0.0000E+00 0.0000E+00 0.0000E+00
0.0000E+00 0.0000E+00 0.0000E+00 0.0000E+00 0.0000E+00 0.0000E+00 0.0000E+00 0.0000E+00 0.0000E+00 0.0000E+00 0.0000E+00 0.0000E+00 0.0000E+00 0.0000E+00 0.0000E+00 2.2427E-11 4.0058E-10 1.3371E-09 2.6145E-09 4.6317E-09 7.6042E-09 1.1689E-08 1.6865E-08 2.2923E-08 2.9374E-08 3.5631E-08 4.0952E-08 4.4683E-08 4.6355E-08 4.5826E-08 4.3213E-08 3.8964E-08 3.3652E-08 2.7884E-08 2.2208E-08 1.7044E-08 1.2616E-08 9.0219E-09 6.2315E-09 4.1632E-09 2.6989E-09 1.6283E-09 9.3099E-10 5.1239E-10 2.4430E-10 8.2344E-11 1.6877E-12 0.0000E+00 0.0000E+00 0.0000E+00 0.0000E+00 0.0000E+00 0.0000E+00 0.0000E+00 0.0000E+00 0.0000E+00 0.0000E+00
0.0000E+00 0.0000E+00 0.0000E+00 0.0000E+00 0.0000E+00 0.0000E+00 0.0000E+00 0.0000E+00 0.0000E+00 0.0000E+00 0.0000E+00 0.0000E+00 0.0000E+00 0.0000E+00 0.0000E+00 5.1240E-11 4.8474E-10 1.5291E-09 2.9850E-09 5.2424E-09 8.5514E-09 1.3036E-08 1.8611E-08 2.4992E-08 3.1623E-08 3.7785E-08 4.2727E-08 4.5819E-08 4.6691E-08 4.5298E-08 4.1918E-08 3.7073E-08 3.1383E-08 2.5496E-08 1.9908E-08 1.4959E-08 1.0847E-08 7.5981E-09 5.1583E-09 3.3804E-09 2.1084E-09 1.2321E-09 6.9903E-10 3.5962E-10 1.4255E-10 2.9407E-11 0.0000E+00 0.0000E+00 0.0000E+00 0.0000E+00 0.0000E+00 0.0000E+00 0.0000E+00 0.0000E+00 0.0000E+00 0.0000E+00 0.0000E+00
0.0000E+00 0.0000E+00 0.0000E+00 0.0000E+00 0.0000E+00 0.0000E+00 0.0000E+00 0.0000E+00 0.0000E+00 0.0000E+00 0.0000E+00 0.0000E+00 0.0000E+00 0.0000E+00 2.4852E-12 1.0462E-10 6.5094E-10 1.7861E-09 3.4246E-09 5.9806E-09 9.6889E-09 1.4619E-08 2.0632E-08 2.7312E-08 3.4020E-08 3.9974E-08 4.4407E-08 4.6739E-08 4.6715E-08 4.4403E-08 4.0247E-08 3.4847E-08 2.8882E-08 2.2957E-08 1.7544E-08 1.2911E-08 9.1784E-09 6.2888E-09 4.1680E-09 2.6538E-09 1.6197E-09 9.2210E-10 4.8638E-10 2.2012E-10 6.6270E-11 0.0000E+00 0.0000E+00 0.0000E+00 0.0000E+00 0.0000E+00 0.0000E+00 0.0000E+00 0.0000E+00 0.0000E+00 0.0000E+00 0.0000E+00 0.0000E+00
0.0000E+00 0.0000E+00 0.0000E+00 0.0000E+00 0.0000E+00 0.0000E+00 0.0000E+00 0.0000E+00 0.0000E+00 0.0000E+00 0.0000E+00 0.0000E+00 0.0000E+00 0.0000E+00 1.0942E-11 1.7904E-10 8.3062E-10 2.0827E-09 3.9791E-09 6.8951E-09 1.1046E-08 1.6447E-08 2.2900E-08 2.9860E-08 3.6563E-08 4.2166E-08 4.5926E-08 4.7342E-08 4.6300E-08 4.3060E-08 3.8169E-08 3.2309E-08 2.6171E-08 2.0333E-08 1.5191E-08 1.0921E-08 7.5783E-09 5.0897E-09 3.2821E-09 2.0435E-09 1.1977E-09 6.3690E-10 3.0420E-10 1.0377E-10 9.7420E-12 0.0000E+00 0.0000E+00 0.0000E+00 0.0000E+00 0.0000E+00 0.0000E+00 0.0000E+00 0.0000E+00 0.0000E+00 0.0000E+00 0.0000E+00 0.0000E+00
0.0000E+00 0.0000E+00 0.0000E+00 0.0000E+00 0.0000E+00 0.0000E+00 0.0000E+00 0.0000E+00 0.0000E+00 0.0000E+00 0.0000E+00 0.0000E+00 0.0000E+00 0.0000E+00 2.6755E-11 2.7223E-10 1.0608E-09 2.4803E-09 4.6562E-09 7.9967E-09 1.2680E-08 1.8648E-08 2.5538E-08 3.2670E-08 3.9233E-08 4.4306E-08 4.7194E-08 4.7560E-08 4.5444E-08 4.1257E-08 3.5677E-08 2.9464E-08 2.3283E-08 1.7650E-08 1.2858E-08 9.0388E-09 6.1143E-09 4.0013E-09 2.5147E-09 1.5272E-09 8.3661E-10 3.9989E-10 1.5749E-10 1.9043E-11 0.0000E+00 0.0000E+00 0.0000E+00 0.0000E+00 0.0000E+00 0.0000E+00 0.0000E+00 0.0000E+00 0.0000E+00 0.0000E+00 0.0000E+00 0.0000E+00 0.0000E+00
0.0000E+00 0.0000E+00 0.0000E+00 0.0000E+00 0.0000E+00 0.0000E+00 0.0000E+00 0.0000E+00 0.0000E+00 0.0000E+00 0.0000E+00 0.0000E+00 0.0000E+00 9.2752E-13 6.0593E-11 4.1133E-10 1.3682E-09 2.9729E-09 5.5407E-09 9.3968E-09 1.4653E-08 2.1183E-08 2.8499E-08 3.5760E-08 4.2008E-08 4.6346E-08 4.8175E-08 4.7311E-08 4.4030E-08 3.8939E-08 3.2807E-08 2.6382E-08 2.0298E-08 1.5003E-08 1.0627E-08 7.2691E-09 4.7953E-09 3.0625E-09 1.8677E-09 1.0622E-09 5.3244E-10 2.2538E-10 2.4791E-11 4.7362E-13 0.0000E+00 0.0000E+00 0.0000E+00 0.0000E+00 0.0000E+00 0.0000E+00 0.0000E+00 0.0000E+00 0.0000E+00 0.0000E+00 0.0000E+00 0.0000E+00 0.0000E+00
0.0000E+00 0.0000E+00 0.0000E+00 0.0000E+00 0.0000E+00 0.0000E+00 0.0000E+00 0.0000E+00 0.0000E+00 0.0000E+00 0.0000E+00 0.0000E+00 0.0000E+00 4.5251E-12 1.1541E-10 5.7728E-10 1.7506E-09 3.6301E-09 6.6323E-09 1.1084E-08 1.7049E-08 2.4218E-08 3.1873E-08 3.9084E-08 4.4800E-08 4.8151E-08 4.8708E-08 4.6545E-08 4.2116E-08 3.6177E-08 2.9597E-08 2.3123E-08 1.7286E-08 1.2405E-08 8.5625E-09 5.6928E-09 3.6467E-09 2.2576E-09 1.3039E-09 6.8020E-10 3.0133E-10 3.2360E-11 1.1236E-12 0.0000E+00 0.0000E+00 0.0000E+00 0.0000E+00 0.0000E+00 0.0000E+00 0.0000E+00 0.0000E+00 0.0000E+00 0.0000E+00 0.0000E+00 0.0000E+00 0.0000E+00 0.0000E+00
0.0000E+00 0.0000E+00 0.0000E+00 0.0000E+00 0.0000E+00 0.0000E+00 0.0000E+00 0.0000E+00 0.0000E+00 0.0000E+00 0.0000E+00 0.0000E+00 0.0000E+00 1.4819E-11 1.9449E-10 8.3535E-10 2.2036E-09 4.4509E-09 8.0360E-09 1.3225E-08 1.9930E-08 2.7706E-08 3.5667E-08 4.2649E-08 4.7558E-08 4.9675E-08 4.8770E-08 4.5166E-08 3.9606E-08 3.2974E-08 2.6146E-08 1.9802E-08 1.4361E-08 9.9689E-09 6.6807E-09 4.3017E-09 2.6823E-09 1.5899E-09 8.2916E-10 3.8148E-10 4.0356E-11 1.7248E-12 0.0000E+00 0.0000E+00 0.0000E+00 0.0000E+00 0.0000E+00 0.0000E+00 0.0000E+00 0.0000E+00 0.0000E+00 0.0000E+00 0.0000E+00 0.0000E+00 0.0000E+00 0.0000E+00 0.0000E+00
0.0000E+00 0.0000E+00 0.0000E+00 0.0000E+00 0.0000E+00 0.0000E+00 0.0000E+00 0.0000E+00 0.0000E+00 0.0000E+00 0.0000E+00 0.0000E+00 0.0000E+00 3.3547E-11 3.1949E-10 1.1293E-09 2.7870E-09 5.5129E-09 9.7925E-09 1.5816E-08 2.3381E-08 3.1781E-08 3.9836E-08 4.6314E-08 5.0137E-08 5.0741E-08 4.8213E-08 4.3179E-08 3.6592E-08 2.9444E-08 2.2566E-08 1.6492E-08 1.1574E-08 7.7865E-09 5.0441E-09 3.1246E-09 1.8762E-09 1.0292E-09 4.7034E-10 7.4649E-11 1.6650E-12 0.0000E+00 0.0000E+00 0.0000E+00 0.0000E+00 0.0000E+00 0.0000E+00 0.0000E+00 0.0000E+00 0.0000E+00 0.0000E+00 0.0000E+00 0.0000E+00 0.0000E+00 0.0000E+00 0.0000E+00 0.0000E+00
0.0000E+00 0.0000E+00 0.0000E+00 0.0000E+00 0.0000E+00 0.0000E+00 0.0000E+00 0.0000E+00 0.0000E+00 0.0000E+00 0.0000E+00 0.0000E+00 0.0000E+00 7.3105E-11 4.6431E-10 1.5346E-09 3.5316E-09 6.8669E-09 1.1986E-08 1.9001E-08 2.7476E-08 3.6391E-08 4.4382E-08 5.0039E-08 5.2396E-08 5.1228E-08 4.6969E-08 4.0559E-08 3.3099E-08 2.5633E-08 1.8941E-08 1.3368E-08 9.0350E-09 5.8517E-09 3.6468E-09 2.1771E-09 1.2400E-09 5.7477E-10 1.0712E-10 1.4051E-12 0.0000E+00 0.0000E+00 0.0000E+00 0.0000E+00 0.0000E+00 0.0000E+00 0.0000E+00 0.0000E+00 0.0000E+00 0.0000E+00 0.0000E+00 0.0000E+00 0.0000E+00 0.0000E+00 0.0000E+00 0.0000E+00 0.0000E+00
0.0000E+00 0.0000E+00 0.0000E+00 0.0000E+00 0.0000E+00 0.0000E+00 0.0000E+00 0.0000E+00 0.0000E+00 0.0000E+00 0.0000E+00 0.0000E+00 5.6152E-12 1.1914E-10 6.7504E-10 2.0477E-09 4.4748E-09 8.5679E-09 1.4722E-08 2.2863E-08 3.2251E-08 4.1566E-08 4.9142E-08 5.3607E-08 5.4196E-08 5.1024E-08 4.4965E-08 3.7287E-08 2.9245E-08 2.1764E-08 1.5403E-08 1.0446E-08 6.7782E-09 4.2368E-09 2.5194E-09 1.4227E-09 7.0808E-10 1.5566E-10 9.2057E-13 0.0000E+00 0.0000E+00 0.0000E+00 0.0000E+00 0.0000E+00 0.0000E+00 0.0000E+00 0.0000E+00 0.0000E+00 0.0000E+00 0.0000E+00 0.0000E+00 0.0000E+00 0.0000E+00 0.0000E+00 0.0000E+00 0.0000E+00 0.0000E+00
0.0000E+00 0.0000E+00 0.0000E+00 0.0000E+00 0.0000E+00 0.0000E+00 0.0000E+00 0.0000E+00 0.0000E+00 0.0000E+00 0.0000E+00 0.0000E+00 1.4101E-11 2.0658E-10 9.2795E-10 2.6481E-09 5.6672E-09 1.0702E-08 1.8055E-08 2.7446E-08 3.7755E-08 4.7232E-08 5.4037E-08 5.6835E-08 5.5249E-08 4.9960E-08 4.2231E-08 3.3532E-08 2.5124E-08 1.7878E-08 1.2115E-08 7.8860E-09 4.8767E-09 2.9111E-09 1.6391E-09 8.5072E-10 1.9697E-10 9.9254E-13 0.0000E+00 0.0000E+00 0.0000E+00 0.0000E+00 0.0000E+00 0.0000E+00 0.0000E+00 0.0000E+00 0.0000E+00 0.0000E+00 0.0000E+00 0.0000E+00 0.0000E+00 0.0000E+00 0.0000E+00 0.0000E+00 0.0000E+00 0.0000E+00 0.0000E+00
0.0000E+00 0.0000E+00 0.0000E+00 0.0000E+00 0.0000E+00 0.0000E+00 0.0000E+00 0.0000E+00 0.0000E+00 0.0000E+00 0.0000E+00 0.0000E+00 3.0216E-11 3.0048E-10 1.2741E-09 3.3880E-09 7.1501E-09 1.3314E-08 2.2094E-08 3.2822E-08 4.3926E-08 5.3263E-08 5.8832E-08 5.9548E-08 5.5550E-08 4.8030E-08 3.8746E-08 2.9340E-08 2.0957E-08 1.4224E-08 9.1631E-09 5.6716E-09 3.3534E-09 1.9030E-09 9.8513E-10 2.3457E-10 1.0080E-12 0.0000E+00 0.0000E+00 0.0000E+00 0.0000E+00 0.0000E+00 0.0000E+00 0.0000E+00 0.0000E+00 0.0000E+00 0.0000E+00 0.0000E+00 0.0000E+00 0.0000E+00 0.0000E+00 0.0000E+00 0.0000E+00 0.0000E+00 0.0000E+00 0.0000E+00 0.0000E+00
0.0000E+00 0.0000E+00 0.0000E+00 0.0000E+00 0.0000E+00 0.0000E+00 0.0000E+00 0.0000E+00 0.0000E+00 0.0000E+00 0.0000E+00 0.0000E+00 5.0246E-11 4.4734E-10 1.6831E-09 4.2902E-09 8.9814E-09 1.6497E-08 2.6843E-08 3.8992E-08 5.0751E-08 5.9554E-08 6.3357E-08 6.1525E-08 5.4894E-08 4.5293E-08 3.4735E-08 2.4974E-08 1.6924E-08 1.0850E-08 6.6418E-09 3.9032E-09 2.1725E-09 1.0992E-09 3.2597E-10 8.3890E-13 0.0000E+00 0.0000E+00 0.0000E+00 0.0000E+00 0.0000E+00 0.0000E+00 0.0000E+00 0.0000E+00 0.0000E+00 0.0000E+00 0.0000E+00 0.0000E+00 0.0000E+00 0.0000E+00 0.0000E+00 0.0000E+00 0.0000E+00 0.0000E+00 0.0000E+00 0.0000E+00 0.0000E+00
