Assets/Resources/2015_m01_d17_0800(utc+0800)_l00_csi_1hr_conc.grd
DSAA
         159         159
     -79.000      79.000
     -79.000      79.000
  0.0000E+00  0.3601E-05
[rows 75 to 99 of 159, columns 57 to 113 of 159]
3.3295E-12 1.0325E-11 2.2228E-11 3.5570E-11 5.9794E-11 9.3789E-11 1.4948E-10 2.0807E-10 2.8575E-10 3.8868E-10 5.1168E-10 6.7269E-10 8.8991E-10 1.1600E-09 1.5184E-09 2.3166E-09 5.4174E-09 1.6196E-08 5.8989E-08 1.6252E-07 1.8841E-07 1.9201E-07 2.3334E-07 2.7982E-07 3.5275E-07 5.1198E-07 7.6396E-07 8.8672E-07 7.6347E-07 7.5463E-07 4.0250E-07 1.2935E-07 6.4371E-08 3.8715E-08 2.4274E-08 1.6264E-08 1.1669E-08 9.1642E-09 7.7105E-09 6.5665E-09 5.6250E-09 4.9333E-09 4.4123E-09 3.9441E-09 3.5066E-09 3.1145E-09 2.7679E-09 2.4333E-09 2.1689E-09 1.9498E-09 1.7301E-09 1.5481E-09 1.3977E-09 1.2457E-09 1.1059E-09 9.9463E-10 8.8891E-10
0.0000E+00 6.3039E-12 1.2522E-11 2.6434E-11 4.3884E-11 7.2855E-11 1.0738E-10 1.7140E-10 2.3473E-10 3.1292E-10 4.2285E-10 5.5322E-10 7.3773E-10 9.4686E-10 1.2375E-09 1.8437E-09 3.2420E-09 8.5369E-09 4.1800E-08 2.1124E-07 4.1369E-07 2.4754E-07 2.8052E-07 3.4650E-07 4.5254E-07 6.4993E-07 4.7301E-07 2.4240E-07 3.2346E-07 4.0531E-07 2.7509E-07 1.1059E-07 4.3078E-08 2.4292E-08 1.5725E-08 1.1453E-08 8.9515E-09 7.0896E-09 6.1116E-09 5.3071E-09 4.6178E-09 4.1110E-09 3.6983E-09 3.3251E-09 2.9793E-09 2.6528E-09 2.3389E-09 2.0647E-09 1.8549E-09 1.6591E-09 1.4686E-09 1.3294E-09 1.1971E-09 1.0544E-09 9.5359E-10 8.5881E-10 7.5628E-10
0.0000E+00 1.7517E-12 7.6729E-12 1.7412E-11 3.0074E-11 5.0668E-11 8.1016E-11 1.2868E-10 1.8414E-10 2.5336E-10 3.3649E-10 4.4822E-10 5.7610E-10 7.7408E-10 9.9402E-10 1.2814E-09 1.6787E-09 2.3715E-09 3.8692E-09 4.6943E-08 6.8238E-07 6.4492E-07 3.8486E-07 5.1019E-07 7.9103E-07 1.5245E-07 4.9449E-08 9.4772E-08 1.6497E-07 1.9389E-07 1.3694E-07 6.4425E-08 2.6733E-08 1.3613E-08 1.0557E-08 8.4058E-09 6.7652E-09 5.5349E-09 4.7047E-09 4.1260E-09 3.7309E-09 3.3949E-09 3.0720E-09 2.7755E-09 2.5069E-09 2.2453E-09 1.9669E-09 1.7673E-09 1.5856E-09 1.3840E-09 1.2527E-09 1.1331E-09 9.9647E-10 8.9767E-10 8.1284E-10 7.2309E-10 6.4781E-10
0.0000E+00 0.0000E+00 3.7242E-12 1.0162E-11 2.0727E-11 3.4978E-11 5.6908E-11 9.0584E-11 1.3924E-10 1.9807E-10 2.7065E-10 3.4751E-10 4.7444E-10 6.1091E-10 7.9107E-10 9.9808E-10 1.2880E-09 1.6435E-09 2.1394E-09 2.7762E-09 4.2941E-09 3.6012E-06 6.7510E-07 1.1625E-06 1.1209E-08 1.5628E-08 2.3085E-08 3.6756E-08 5.6489E-08 6.4288E-08 4.7541E-08 2.5092E-08 1.3599E-08 8.9705E-09 7.3720E-09 6.0899E-09 5.0624E-09 4.2852E-09 3.6668E-09 3.1503E-09 2.9215E-09 2.7293E-09 2.5103E-09 2.2826E-09 2.0681E-09 1.8219E-09 1.6625E-09 1.5002E-09 1.3023E-09 1.1786E-09 1.0649E-09 9.2642E-10 8.3068E-10 7.5491E-10 6.8242E-10 6.0335E-10 5.4508E-10
0.0000E+00 0.0000E+00 0.0000E+00 5.5347E-12 1.3205E-11 2.1709E-11 4.0266E-11 6.5110E-11 9.8028E-11 1.4804E-10 2.0238E-10 2.7671E-10 3.6188E-10 4.7809E-10 6.1692E-10 7.8388E-10 9.7508E-10 1.2428E-09 1.5518E-09 1.9800E-09 2.5325E-09 3.2619E-09 4.1055E-09 5.1940E-09 6.5670E-09 8.3536E-09 1.0788E-08 1.4278E-08 1.8285E-08 1.9494E-08 1.5757E-08 1.0746E-08 7.5913E-09 6.0023E-09 5.1411E-09 4.3884E-09 3.7678E-09 3.2599E-09 2.8253E-09 2.5031E-09 2.2992E-09 2.1038E-09 1.9829E-09 1.8377E-09 1.6210E-09 1.4979E-09 1.3759E-09 1.2222E-09 1.1005E-09 9.9756E-10 8.7733E-10 7.6751E-10 6.9953E-10 6.3523E-10 5.5993E-10 5.0700E-10 4.5739E-10
0.0000E+00 0.0000E+00 0.0000E+00 1.4424E-12 5.7512E-12 1.5067E-11 2.4963E-11 4.3377E-11 6.7684E-11 1.0080E-10 1.5532E-10 2.1102E-10 2.7957E-10 3.5882E-10 4.7095E-10 5.9885E-10 7.4777E-10 9.2727E-10 1.1472E-09 1.4178E-09 1.7701E-09 2.1907E-09 2.6950E-09 3.3011E-09 3.9722E-09 4.7389E-09 5.5840E-09 6.4319E-09 7.1237E-09 7.1978E-09 6.4640E-09 5.4030E-09 4.6161E-09 4.0691E-09 3.5992E-09 3.1603E-09 2.7838E-09 2.4570E-09 2.1931E-09 2.0330E-09 1.8754E-09 1.7232E-09 1.5786E-09 1.3798E-09 1.2709E-09 1.1885E-09 1.0767E-09 9.7759E-10 9.0848E-10 8.2548E-10 7.0845E-10 6.4851E-10 5.9123E-10 5.2839E-10 4.7346E-10 4.2829E-10 3.7123E-10
0.0000E+00 0.0000E+00 0.0000E+00 0.0000E+00 1.8480E-12 6.0498E-12 1.7148E-11 2.5197E-11 4.3894E-11 6.7590E-11 1.0288E-10 1.5860E-10 2.0687E-10 2.7282E-10 3.5948E-10 4.5184E-10 5.6622E-10 6.9358E-10 8.5027E-10 1.0198E-09 1.2526E-09 1.4981E-09 1.7752E-09 2.1402E-09 2.4864E-09 2.8606E-09 3.2124E-09 3.4794E-09 3.6455E-09 3.6516E-09 3.4986E-09 3.2823E-09 3.0508E-09 2.7861E-09 2.5213E-09 2.2807E-09 2.0653E-09 1.8762E-09 1.7567E-09 1.6352E-09 1.5148E-09 1.3979E-09 1.2442E-09 1.1304E-09 1.0458E-09 9.4567E-10 8.4398E-10 7.8144E-10 7.2018E-10 6.4458E-10 5.9246E-10 5.4226E-10 4.9294E-10 4.3616E-10 3.9629E-10 3.4362E-10 3.1146E-10
0.0000E+00 0.0000E+00 0.0000E+00 0.0000E+00 0.0000E+00 1.8867E-12 6.4060E-12 1.7239E-11 2.4673E-11 4.4456E-11 7.3338E-11 1.0009E-10 1.5464E-10 1.9640E-10 2.6076E-10 3.4153E-10 4.1701E-10 5.2694E-10 6.3185E-10 7.4869E-10 8.8919E-10 1.0453E-09 1.2270E-09 1.4104E-09 1.6006E-09 1.7972E-09 1.9663E-09 2.0923E-09 2.1700E-09 2.2024E-09 2.1911E-09 2.1252E-09 2.0317E-09 1.9213E-09 1.7984E-09 1.6834E-09 1.5705E-09 1.4869E-09 1.3983E-09 1.3073E-09 1.2156E-09 1.0968E-09 9.9317E-10 9.2435E-10 8.4383E-10 7.5000E-10 6.9808E-10 6.4656E-10 5.8972E-10 5.3575E-10 4.9283E-10 4.5045E-10 3.9914E-10 3.6447E-10 3.1614E-10 2.8777E-10 2.4858E-10
0.0000E+00 0.0000E+00 0.0000E+00 0.0000E+00 0.0000E+00 0.0000E+00 1.9549E-12 6.1216E-12 1.7070E-11 2.3841E-11 4.3712E-11 6.7186E-11 9.6015E-11 1.4771E-10 1.8058E-10 2.4485E-10 3.0897E-10 3.8036E-10 4.7276E-10 5.5872E-10 6.5365E-10 7.5100E-10 8.6142E-10 9.7479E-10 1.0911E-09 1.1961E-09 1.2884E-09 1.3626E-09 1.4198E-09 1.4582E-09 1.4721E-09 1.4603E-09 1.4321E-09 1.3902E-09 1.3373E-09 1.2842E-09 1.2306E-09 1.1703E-09 1.1056E-09 1.0351E-09 9.4404E-10 8.5967E-10 8.0571E-10 7.4089E-10 6.5908E-10 6.1701E-10 5.7421E-10 5.2772E-10 4.7980E-10 4.4351E-10 4.0706E-10 3.6134E-10 3.1313E-10 2.8749E-10 2.4811E-10 2.2694E-10 1.9489E-10
0.0000E+00 0.0000E+00 0.0000E+00 0.0000E+00 0.0000E+00 0.0000E+00 0.0000E+00 1.8748E-12 5.7806E-12 1.5542E-11 2.2895E-11 4.1758E-11 5.8193E-11 9.1023E-11 1.2808E-10 1.6513E-10 2.2272E-10 2.6765E-10 3.4209E-10 4.0872E-10 4.8386E-10 5.5707E-10 6.2948E-10 7.0417E-10 7.7704E-10 8.4764E-10 9.1157E-10 9.6901E-10 1.0135E-09 1.0441E-09 1.0604E-09 1.0631E-09 1.0587E-09 1.0470E-09 1.0253E-09 9.9488E-10 9.5745E-10 9.1361E-10 8.5632E-10 7.9316E-10 7.3080E-10 6.8860E-10 6.3659E-10 5.7035E-10 5.3720E-10 5.0200E-10 4.6323E-10 4.2378E-10 3.9375E-10 3.4882E-10 3.2292E-10 2.7993E-10 2.5825E-10 2.2298E-10 2.0480E-10 1.7594E-10 1.6102E-10
0.0000E+00 0.0000E+00 0.0000E+00 0.0000E+00 0.0000E+00 0.0000E+00 0.0000E+00 0.0000E+00 1.8247E-12 5.0454E-12 1.2796E-11 2.0768E-11 3.6714E-11 5.2387E-11 8.2222E-11 1.0677E-10 1.4693E-10 1.8685E-10 2.3355E-10 2.9092E-10 3.4604E-10 4.0790E-10 4.7049E-10 5.2550E-10 5.7797E-10 6.2809E-10 6.7401E-10 7.1471E-10 7.4886E-10 7.7539E-10 7.9386E-10 8.0397E-10 8.0563E-10 7.9940E-10 7.8581E-10 7.6414E-10 7.2831E-10 6.8791E-10 6.4638E-10 6.0954E-10 5.7361E-10 5.3209E-10 4.8579E-10 4.6030E-10 4.3096E-10 3.9975E-10 3.7005E-10 3.4462E-10 3.1791E-10 2.8477E-10 2.4704E-10 2.2904E-10 1.9796E-10 1.8266E-10 1.6729E-10 1.4409E-10 1.2974E-10
0.0000E+00 0.0000E+00 0.0000E+00 0.0000E+00 0.0000E+00 0.0000E+00 0.0000E+00 0.0000E+00 0.0000E+00 8.1214E-13 3.9753E-12 9.6403E-12 1.8423E-11 2.9241E-11 4.6072E-11 6.6118E-11 9.1609E-11 1.2237E-10 1.5074E-10 1.9324E-10 2.3264E-10 2.8232E-10 3.2926E-10 3.7654E-10 4.2473E-10 4.6739E-10 5.0512E-10 5.3619E-10 5.6290E-10 5.8395E-10 5.9900E-10 6.0789E-10 6.0728E-10 5.9652E-10 5.8051E-10 5.6033E-10 5.3710E-10 5.1626E-10 4.9244E-10 4.6356E-10 4.3438E-10 4.0798E-10 3.8717E-10 3.6323E-10 3.3915E-10 3.1685E-10 2.9694E-10 2.7409E-10 2.5130E-10 2.3073E-10 2.1326E-10 1.9356E-10 1.6927E-10 1.5100E-10 1.3152E-10 1.1434E-10 9.6736E-11
0.0000E+00 0.0000E+00 0.0000E+00 0.0000E+00 0.0000E+00 0.0000E+00 0.0000E+00 0.0000E+00 0.0000E+00 0.0000E+00 0.0000E+00 2.6763E-12 6.3634E-12 1.4195E-11 2.3460E-11 3.6050E-11 5.3823E-11 7.3584E-11 9.6655E-11 1.2375E-10 1.4886E-10 1.8292E-10 2.1311E-10 2.5114E-10 2.8639E-10 3.2000E-10 3.4895E-10 3.7684E-10 3.9807E-10 4.1476E-10 4.2558E-10 4.3138E-10 4.3189E-10 4.2786E-10 4.2410E-10 4.1475E-10 3.9996E-10 3.8307E-10 3.6466E-10 3.4756E-10 3.3422E-10 3.1743E-10 2.9991E-10 2.8254E-10 2.6747E-10 2.5042E-10 2.3184E-10 2.1387E-10 1.9863E-10 1.8370E-10 1.6627E-10 1.4718E-10 1.2898E-10 1.1220E-10 9.5666E-11 7.3888E-11 6.0931E-11
0.0000E+00 0.0000E+00 0.0000E+00 0.0000E+00 0.0000E+00 0.0000E+00 0.0000E+00 0.0000E+00 0.0000E+00 0.0000E+00 0.0000E+00 0.0000E+00 1.0820E-12 3.8425E-12 9.1699E-12 1.7039E-11 2.6650E-11 4.0204E-11 5.6890E-11 7.5220E-11 9.4462E-11 1.1466E-10 1.3618E-10 1.5990E-10 1.8443E-10 2.0730E-10 2.3188E-10 2.5368E-10 2.7284E-10 2.8784E-10 2.9851E-10 3.0484E-10 3.0796E-10 3.0759E-10 3.0439E-10 2.9840E-10 2.9075E-10 2.8619E-10 2.7780E-10 2.6761E-10 2.5626E-10 2.4443E-10 2.3408E-10 2.2176E-10 2.0754E-10 1.9329E-10 1.8022E-10 1.6899E-10 1.5539E-10 1.3959E-10 1.2281E-10 1.0723E-10 9.1611E-11 7.4973E-11 5.4474E-11 3.7593E-11 2.2369E-11
0.0000E+00 0.0000E+00 0.0000E+00 0.0000E+00 0.0000E+00 0.0000E+00 0.0000E+00 0.0000E+00 0.0000E+00 0.0000E+00 0.0000E+00 0.0000E+00 0.0000E+00 0.0000E+00 1.7762E-12 4.8162E-12 9.9904E-12 1.7591E-11 2.6927E-11 3.9918E-11 5.4715E-11 6.9953E-11 8.5968E-11 1.0122E-10 1.1564E-10 1.3180E-10 1.4767E-10 1.6293E-10 1.7671E-10 1.8887E-10 1.9914E-10 2.0766E-10 2.1430E-10 2.1860E-10 2.1964E-10 2.1883E-10 2.1636E-10 2.1240E-10 2.0703E-10 2.0162E-10 1.9610E-10 1.8743E-10 1.7774E-10 1.6755E-10 1.5775E-10 1.4947E-10 1.3891E-10 1.2584E-10 1.1089E-10 9.5748E-11 7.9543E-11 5.9103E-11 3.9313E-11 2.2933E-11 1.0846E-11 3.0732E-12 1.5492E-13
0.0000E+00 0.0000E+00 0.0000E+00 0.0000E+00 0.0000E+00 0.0000E+00 0.0000E+00 0.0000E+00 0.0000E+00 0.0000E+00 0.0000E+00 0.0000E+00 0.0000E+00 0.0000E+00 0.0000E+00 1.3807E-13 1.6931E-12 4.5151E-12 8.8212E-12 1.5530E-11 2.4102E-11 3.5265E-11 4.7018E-11 5.9020E-11 7.1551E-11 8.3298E-11 9.4190E-11 1.0419E-10 1.1355E-10 1.2280E-10 1.3107E-10 1.3852E-10 1.4458E-10 1.4891E-10 1.5203E-10 1.5446E-10 1.5571E-10 1.5466E-10 1.5106E-10 1.4627E-10 1.4052E-10 1.3392E-10 1.2796E-10 1.2215E-10 1.1348E-10 1.0199E-10 8.7668E-11 6.8787E-11 4.9390E-11 3.2652E-11 1.8283E-11 6.9952E-12 6.3542E-13 0.0000E+00 0.0000E+00 0.0000E+00 0.0000E+00
0.0000E+00 0.0000E+00 0.0000E+00 0.0000E+00 0.0000E+00 0.0000E+00 0.0000E+00 0.0000E+00 0.0000E+00 0.0000E+00 0.0000E+00 0.0000E+00 0.0000E+00 0.0000E+00 0.0000E+00 0.0000E+00 0.0000E+00 0.0000E+00 9.4379E-13 3.0423E-12 6.2827E-12 1.0876E-11 1.7192E-11 2.5064E-11 3.4643E-11 4.3847E-11 5.2943E-11 6.1754E-11 6.9702E-11 7.6402E-11 8.2616E-11 8.7454E-11 9.1301E-11 9.4490E-11 9.6522E-11 9.6887E-11 9.6067E-11 9.4102E-11 9.1090E-11 8.8471E-11 8.5363E-11 7.9482E-11 7.0319E-11 5.7392E-11 4.2462E-11 2.8816E-11 1.7391E-11 7.9743E-12 9.6989E-13 0.0000E+00 0.0000E+00 0.0000E+00 0.0000E+00 0.0000E+00 0.0000E+00 0.0000E+00 0.0000E+00
0.0000E+00 0.0000E+00 0.0000E+00 0.0000E+00 0.0000E+00 0.0000E+00 0.0000E+00 0.0000E+00 0.0000E+00 0.0000E+00 0.0000E+00 0.0000E+00 0.0000E+00 0.0000E+00 0.0000E+00 0.0000E+00 0.0000E+00 0.0000E+00 0.0000E+00 0.0000E+00 2.0398E-13 9.7985E-13 2.5836E-12 5.0802E-12 8.4661E-12 1.2795E-11 1.8030E-11 2.4044E-11 2.9980E-11 3.5597E-11 4.0506E-11 4.4624E-11 4.7442E-11 4.9215E-11 5.0163E-11 5.0018E-11 4.8254E-11 4.4231E-11 3.8660E-11 3.2219E-11 2.5079E-11 1.7409E-11 1.0134E-11 4.6303E-12 8.3359E-13 0.0000E+00 0.0000E+00 0.0000E+00 0.0000E+00 0.0000E+00 0.0000E+00 0.0000E+00 0.0000E+00 0.0000E+00 0.0000E+00 0.0000E+00 0.0000E+00
0.0000E+00 0.0000E+00 0.0000E+00 0.0000E+00 0.0000E+00 0.0000E+00 0.0000E+00 0.0000E+00 0.0000E+00 0.0000E+00 0.0000E+00 0.0000E+00 0.0000E+00 0.0000E+00 0.0000E+00 0.0000E+00 0.0000E+00 0.0000E+00 0.0000E+00 0.0000E+00 0.0000E+00 0.0000E+00 0.0000E+00 0.0000E+00 2.1398E-13 5.1195E-13 7.6344E-13 9.6233E-13 1.1047E-12 1.1888E-12 1.2150E-12 1.1853E-12 1.1037E-12 9.7540E-13 8.0697E-13 6.0584E-13 3.7998E-13 1.3769E-13 0.0000E+00 0.0000E+00 0.0000E+00 0.0000E+00 0.0000E+00 0.0000E+00 0.0000E+00 0.0000E+00 0.0000E+00 0.0000E+00 0.0000E+00 0.0000E+00 0.0000E+00 0.0000E+00 0.0000E+00 0.0000E+00 0.0000E+00 0.0000E+00 0.0000E+00
0.0000E+00 0.0000E+00 0.0000E+00 0.0000E+00 0.0000E+00 0.0000E+00 0.0000E+00 0.0000E+00 0.0000E+00 0.0000E+00 0.0000E+00 0.0000E+00 0.0000E+00 0.0000E+00 0.0000E+00 0.0000E+00 0.0000E+00 0.0000E+00 0.0000E+00 0.0000E+00 0.0000E+00 0.0000E+00 0.0000E+00 0.0000E+00 0.0000E+00 0.0000E+00 0.0000E+00 0.0000E+00 0.0000E+00 0.0000E+00 0.0000E+00 0.0000E+00 0.0000E+00 0.0000E+00 0.0000E+00 0.0000E+00 0.0000E+00 0.0000E+00 0.0000E+00 0.0000E+00 0.0000E+00 0.0000E+00 0.0000E+00 0.0000E+00 0.0000E+00 0.0000E+00 0.0000E+00 0.0000E+00 0.0000E+00 0.0000E+00 0.0000E+00 0.0000E+00 0.0000E+00 0.0000E+00 0.0000E+00 0.0000E+00 0.0000E+00
0.0000E+00 0.0000E+00 0.0000E+00 0.0000E+00 0.0000E+00 0.0000E+00 0.0000E+00 0.0000E+00 0.0000E+00 0.0000E+00 0.0000E+00 0.0000E+00 0.0000E+00 0.0000E+00 0.0000E+00 0.0000E+00 0.0000E+00 0.0000E+00 0.0000E+00 0.0000E+00 0.0000E+00 0.0000E+00 0.0000E+00 0.0000E+00 0.0000E+00 0.0000E+00 0.0000E+00 0.0000E+00 0.0000E+00 0.0000E+00 0.0000E+00 0.0000E+00 0.0000E+00 0.0000E+00 0.0000E+00 0.0000E+00 0.0000E+00 0.0000E+00 0.0000E+00 0.0000E+00 0.0000E+00 0.0000E+00 0.0000E+00 0.0000E+00 0.0000E+00 0.0000E+00 0.0000E+00 0.0000E+00 0.0000E+00 0.0000E+00 0.0000E+00 0.0000E+00 0.0000E+00 0.0000E+00 0.0000E+00 0.0000E+00 0.0000E+00
0.0000E+00 0.0000E+00 0.0000E+00 0.0000E+00 0.0000E+00 0.0000E+00 0.0000E+00 0.0000E+00 0.0000E+00 0.0000E+00 0.0000E+00 0.0000E+00 0.0000E+00 0.0000E+00 0.0000E+00 0.0000E+00 0.0000E+00 0.0000E+00 0.0000E+00 0.0000E+00 0.0000E+00 0.0000E+00 0.0000E+00 0.0000E+00 0.0000E+00 0.0000E+00 0.0000E+00 0.0000E+00 0.0000E+00 0.0000E+00 0.0000E+00 0.0000E+00 0.0000E+00 0.0000E+00 0.0000E+00 0.0000E+00 0.0000E+00 0.0000E+00 0.0000E+00 0.0000E+00 0.0000E+00 0.0000E+00 0.0000E+00 0.0000E+00 0.0000E+00 0.0000E+00 0.0000E+00 0.0000E+00 0.0000E+00 0.0000E+00 0.0000E+00 0.0000E+00 0.0000E+00 0.0000E+00 0.0000E+00 0.0000E+00 0.0000E+00
0.0000E+00 0.0000E+00 0.0000E+00 0.0000E+00 0.0000E+00 0.0000E+00 0.0000E+00 0.0000E+00 0.0000E+00 0.0000E+00 0.0000E+00 0.0000E+00 0.0000E+00 0.0000E+00 0.0000E+00 0.0000E+00 0.0000E+00 0.0000E+00 0.0000E+00 0.0000E+00 0.0000E+00 0.0000E+00 0.0000E+00 0.0000E+00 0.0000E+00 0.0000E+00 0.0000E+00 0.0000E+00 0.0000E+00 0.0000E+00 0.0000E+00 0.0000E+00 0.0000E+00 0.0000E+00 0.0000E+00 0.0000E+00 0.0000E+00 0.0000E+00 0.0000E+00 0.0000E+00 0.0000E+00 0.0000E+00 0.0000E+00 0.0000E+00 0.0000E+00 0.0000E+00 0.0000E+00 0.0000E+00 0.0000E+00 0.0000E+00 0.0000E+00 0.0000E+00 0.0000E+00 0.0000E+00 0.0000E+00 0.0000E+00 0.0000E+00
0.0000E+00 0.0000E+00 0.0000E+00 0.0000E+00 0.0000E+00 0.0000E+00 0.0000E+00 0.0000E+00 0.0000E+00 0.0000E+00 0.0000E+00 0.0000E+00 0.0000E+00 0.0000E+00 0.0000E+00 0.0000E+00 0.0000E+00 0.0000E+00 0.0000E+00 0.0000E+00 0.0000E+00 0.0000E+00 0.0000E+00 0.0000E+00 0.0000E+00 0.0000E+00 0.0000E+00 0.0000E+00 0.0000E+00 0.0000E+00 0.0000E+00 0.0000E+00 0.0000E+00 0.0000E+00 0.0000E+00 0.0000E+00 0.0000E+00 0.0000E+00 0.0000E+00 0.0000E+00 0.0000E+00 0.0000E+00 0.0000E+00 0.0000E+00 0.0000E+00 0.0000E+00 0.0000E+00 0.0000E+00 0.0000E+00 0.0000E+00 0.0000E+00 0.0000E+00 0.0000E+00 0.0000E+00 0.0000E+00 0.0000E+00 0.0000E+00
0.0000E+00 0.0000E+00 0.0000E+00 0.0000E+00 0.0000E+00 0.0000E+00 0.0000E+00 0.0000E+00 0.0000E+00 0.0000E+00 0.0000E+00 0.0000E+00 0.0000E+00 0.0000E+00 0.0000E+00 0.0000E+00 0.0000E+00 0.0000E+00 0.0000E+00 0.0000E+00 0.0000E+00 0.0000E+00 0.0000E+00 0.0000E+00 0.0000E+00 0.0000E+00 0.0000E+00 0.0000E+00 0.0000E+00 0.0000E+00 0.0000E+00 0.0000E+00 0.0000E+00 0.0000E+00 0.0000E+00 0.0000E+00 0.0000E+00 0.0000E+00 0.0000E+00 0.0000E+00 0.0000E+00 0.0000E+00 0.0000E+00 0.0000E+00 0.0000E+00 0.0000E+00 0.0000E+00 0.0000E+00 0.0000E+00 0.0000E+00 0.0000E+00 0.0000E+00 0.0000E+00 0.0000E+00 0.0000E+00 0.0000E+00 0.0000E+00
