Assets/Resources/2015_m01_d11_1800(utc+0800)_l00_csi_1hr_conc.grd
DSAA
         159         159
     -79.000      79.000
     -79.000      79.000
  0.0000E+00  0.5247E-05
[rows 50 to 74 of 159, columns 0 to 56 of 159]
7.7785E-12 1.2414E-11 1.8649E-11 2.7388E-11 3.9140E-11 5.3750E-11 7.2511E-11 9.3413E-11 1.1985E-10 1.5203E-10 1.8978E-10 2.3393E-10 2.8539E-10 3.4489E-10 4.1392E-10 4.9599E-10 5.8495E-10 6.9085E-10 8.0955E-10 9.4240E-10 1.0963E-09 1.2710E-09 1.4662E-09 1.6874E-09 1.9318E-09 2.1995E-09 2.5024E-09 2.8287E-09 3.1886E-09 3.5762E-09 3.9929E-09 4.4405E-09 4.9208E-09 5.4199E-09 5.9504E-09 6.5013E-09 7.0654E-09 7.6525E-09 8.2489E-09 8.8519E-09 9.4641E-09 1.0073E-08 1.0681E-08 1.1279E-08 1.1861E-08 1.2416E-08 1.2942E-08 1.3415E-08 1.3823E-08 1.4154E-08 1.4387E-08 1.4497E-08 1.4467E-08 1.4292E-08 1.3956E-08 1.3455E-08 1.2797E-08
4.0237E-12 8.7371E-12 1.3690E-11 2.0267E-11 2.9344E-11 4.0927E-11 5.6387E-11 7.3421E-11 9.5714E-11 1.2155E-10 1.5273E-10 1.9108E-10 2.3423E-10 2.8611E-10 3.4358E-10 4.1374E-10 4.8992E-10 5.8167E-10 6.8400E-10 7.9937E-10 9.3324E-10 1.0875E-09 1.2598E-09 1.4558E-09 1.6737E-09 1.9133E-09 2.1862E-09 2.4824E-09 2.8100E-09 3.1663E-09 3.5524E-09 3.9694E-09 4.4220E-09 4.8933E-09 5.4043E-09 5.9373E-09 6.4920E-09 7.0742E-09 7.6754E-09 8.2962E-09 8.9324E-09 9.5808E-09 1.0239E-08 1.0904E-08 1.1565E-08 1.2219E-08 1.2849E-08 1.3439E-08 1.3984E-08 1.4456E-08 1.4831E-08 1.5090E-08 1.5214E-08 1.5179E-08 1.4968E-08 1.4582E-08 1.4022E-08
1.5371E-12 4.5569E-12 9.1301E-12 1.3980E-11 2.1651E-11 3.0238E-11 4.1455E-11 5.7391E-11 7.3723E-11 9.4996E-11 1.2137E-10 1.5072E-10 1.8850E-10 2.3372E-10 2.8219E-10 3.4122E-10 4.0392E-10 4.8368E-10 5.7164E-10 6.7029E-10 7.8665E-10 9.1966E-10 1.0698E-09 1.2420E-09 1.4347E-09 1.6468E-09 1.8915E-09 2.1558E-09 2.4517E-09 2.7761E-09 3.1275E-09 3.5142E-09 3.9334E-09 4.3749E-09 4.8589E-09 5.3663E-09 5.9068E-09 6.4755E-09 7.0722E-09 7.6968E-09 8.3505E-09 9.0248E-09 9.7219E-09 1.0439E-08 1.1169E-08 1.1904E-08 1.2628E-08 1.3336E-08 1.4005E-08 1.4613E-08 1.5139E-08 1.5559E-08 1.5841E-08 1.5966E-08 1.5924E-08 1.5691E-08 1.5257E-08
2.1470E-15 1.0612E-12 4.3722E-12 9.1803E-12 1.3501E-11 2.1819E-11 3.0378E-11 4.0987E-11 5.6648E-11 7.1937E-11 9.2756E-11 1.1828E-10 1.4541E-10 1.8535E-10 2.2777E-10 2.7641E-10 3.3027E-10 3.9748E-10 4.7028E-10 5.5530E-10 6.5475E-10 7.6893E-10 8.9898E-10 1.0486E-09 1.2170E-09 1.4026E-09 1.6183E-09 1.8523E-09 2.1183E-09 2.4077E-09 2.7263E-09 3.0772E-09 3.4621E-09 3.8736E-09 4.3240E-09 4.8029E-09 5.3165E-09 5.8654E-09 6.4520E-09 7.0703E-09 7.7264E-09 8.4136E-09 9.1352E-09 9.8935E-09 1.0675E-08 1.1475E-08 1.2285E-08 1.3092E-08 1.3875E-08 1.4621E-08 1.5295E-08 1.5877E-08 1.6336E-08 1.6661E-08 1.6805E-08 1.6759E-08 1.6489E-08
0.0000E+00 0.0000E+00 4.2631E-13 3.2982E-12 8.3874E-12 1.2842E-11 2.0471E-11 2.9758E-11 3.9169E-11 5.3632E-11 6.9087E-11 8.7640E-11 1.1216E-10 1.4187E-10 1.7550E-10 2.1933E-10 2.6636E-10 3.2176E-10 3.8353E-10 4.5399E-10 5.3823E-10 6.3538E-10 7.4682E-10 8.7454E-10 1.0204E-09 1.1818E-09 1.3695E-09 1.5759E-09 1.8088E-09 2.0662E-09 2.3520E-09 2.6666E-09 3.0182E-09 3.3899E-09 3.8061E-09 4.2539E-09 4.7365E-09 5.2595E-09 5.8215E-09 6.4258E-09 7.0737E-09 7.7589E-09 8.4951E-09 9.2747E-09 1.0089E-08 1.0942E-08 1.1817E-08 1.2708E-08 1.3598E-08 1.4464E-08 1.5291E-08 1.6042E-08 1.6708E-08 1.7240E-08 1.7619E-08 1.7793E-08 1.7758E-08
0.0000E+00 0.0000E+00 0.0000E+00 0.0000E+00 2.0217E-12 6.8322E-12 1.1550E-11 1.8527E-11 2.7239E-11 3.6453E-11 4.8993E-11 6.3916E-11 8.1549E-11 1.0588E-10 1.3293E-10 1.6728E-10 2.0618E-10 2.5513E-10 3.0763E-10 3.6648E-10 4.3798E-10 5.1788E-10 6.1197E-10 7.2056E-10 8.4720E-10 9.8484E-10 1.1476E-09 1.3256E-09 1.5283E-09 1.7561E-09 2.0056E-09 2.2871E-09 2.6006E-09 2.9357E-09 3.3171E-09 3.7239E-09 4.1739E-09 4.6631E-09 5.1957E-09 5.7768E-09 6.4029E-09 7.0765E-09 7.8092E-09 8.5936E-09 9.4232E-09 1.0307E-08 1.1234E-08 1.2189E-08 1.3168E-08 1.4153E-08 1.5123E-08 1.6062E-08 1.6935E-08 1.7715E-08 1.8341E-08 1.8792E-08 1.9012E-08
0.0000E+00 0.0000E+00 0.0000E+00 0.0000E+00 0.0000E+00 7.1847E-13 4.6271E-12 8.9382E-12 1.5893E-11 2.3873E-11 3.2539E-11 4.3919E-11 5.7497E-11 7.5708E-11 9.6976E-11 1.2403E-10 1.5490E-10 1.9437E-10 2.3791E-10 2.8893E-10 3.5130E-10 4.1836E-10 4.9602E-10 5.8791E-10 6.9366E-10 8.1060E-10 9.5040E-10 1.1022E-09 1.2793E-09 1.4744E-09 1.6928E-09 1.9394E-09 2.2155E-09 2.5159E-09 2.8557E-09 3.2244E-09 3.6355E-09 4.0854E-09 4.5884E-09 5.1337E-09 5.7271E-09 6.3793E-09 7.0911E-09 7.8605E-09 8.6890E-09 9.5866E-09 1.0539E-08 1.1544E-08 1.2600E-08 1.3692E-08 1.4807E-08 1.5934E-08 1.7037E-08 1.8078E-08 1.9025E-08 1.9805E-08 2.0378E-08
0.0000E+00 0.0000E+00 0.0000E+00 0.0000E+00 0.0000E+00 0.0000E+00 3.9336E-13 2.2119E-12 6.4320E-12 1.2126E-11 1.9667E-11 2.7330E-11 3.7784E-11 5.1394E-11 6.7113E-11 8.8621E-11 1.1342E-10 1.4326E-10 1.7879E-10 2.2027E-10 2.7139E-10 3.3094E-10 3.9787E-10 4.7333E-10 5.6161E-10 6.6128E-10 7.7837E-10 9.0808E-10 1.0568E-09 1.2243E-09 1.4136E-09 1.6248E-09 1.8677E-09 2.1290E-09 2.4303E-09 2.7628E-09 3.1305E-09 3.5426E-09 4.0003E-09 4.5045E-09 5.0600E-09 5.6743E-09 6.3538E-09 7.0904E-09 7.9028E-09 8.7949E-09 9.7555E-09 1.0793E-08 1.1910E-08 1.3096E-08 1.4356E-08 1.5670E-08 1.7010E-08 1.8346E-08 1.9625E-08 2.0779E-08 2.1831E-08
0.0000E+00 0.0000E+00 0.0000E+00 0.0000E+00 0.0000E+00 0.0000E+00 0.0000E+00 1.2916E-13 1.4037E-12 3.1240E-12 8.2619E-12 1.4913E-11 2.1732E-11 3.1575E-11 4.4805E-11 5.8995E-11 7.8902E-11 1.0284E-10 1.2894E-10 1.6395E-10 2.0398E-10 2.5140E-10 3.0825E-10 3.7327E-10 4.5015E-10 5.3182E-10 6.3029E-10 7.3995E-10 8.6438E-10 1.0082E-09 1.1659E-09 1.3472E-09 1.5578E-09 1.7824E-09 2.0485E-09 2.3382E-09 2.6631E-09 3.0304E-09 3.4428E-09 3.9031E-09 4.4062E-09 4.9748E-09 5.6077E-09 6.3030E-09 7.0836E-09 7.9512E-09 8.9023E-09 9.9592E-09 1.1115E-08 1.2387E-08 1.3777E-08 1.5277E-08 1.6860E-08 1.8504E-08 2.0155E-08 2.1811E-08 2.3981E-08
0.0000E+00 0.0000E+00 0.0000E+00 0.0000E+00 0.0000E+00 0.0000E+00 0.0000E+00 0.0000E+00 0.0000E+00 7.2858E-13 1.8628E-12 3.7224E-12 9.2624E-12 1.6534E-11 2.4403E-11 3.6633E-11 5.1409E-11 6.8928E-11 9.0364E-11 1.1759E-10 1.4727E-10 1.8615E-10 2.3136E-10 2.8450E-10 3.4830E-10 4.1841E-10 5.0261E-10 5.9611E-10 7.0072E-10 8.1912E-10 9.5207E-10 1.1060E-09 1.2833E-09 1.4764E-09 1.7021E-09 1.9525E-09 2.2374E-09 2.5568E-09 2.9220E-09 3.3269E-09 3.7791E-09 4.2947E-09 4.8701E-09 5.5113E-09 6.2487E-09 7.0773E-09 8.0063E-09 9.0590E-09 1.0245E-08 1.1582E-08 1.3094E-08 1.4760E-08 1.6588E-08 1.8555E-08 2.0669E-08 2.3413E-08 2.5852E-08
0.0000E+00 0.0000E+00 0.0000E+00 0.0000E+00 0.0000E+00 0.0000E+00 0.0000E+00 0.0000E+00 0.0000E+00 0.0000E+00 9.4532E-14 9.5809E-13 1.9700E-12 3.8565E-12 9.9560E-12 1.8064E-11 2.7161E-11 4.2530E-11 5.9268E-11 7.8802E-11 1.0479E-10 1.3366E-10 1.6739E-10 2.1253E-10 2.6131E-10 3.1782E-10 3.8786E-10 4.6772E-10 5.5554E-10 6.5506E-10 7.6754E-10 8.9353E-10 1.0430E-09 1.2040E-09 1.3935E-09 1.6093E-09 1.8480E-09 2.1209E-09 2.4380E-09 2.7893E-09 3.1856E-09 3.6399E-09 4.1559E-09 4.7411E-09 5.4224E-09 6.1971E-09 7.0927E-09 8.1242E-09 9.3140E-09 1.0707E-08 1.2305E-08 1.4127E-08 1.6196E-08 1.8530E-08 2.1594E-08 2.4533E-08 3.3027E-08
0.0000E+00 0.0000E+00 0.0000E+00 0.0000E+00 0.0000E+00 0.0000E+00 0.0000E+00 0.0000E+00 0.0000E+00 0.0000E+00 0.0000E+00 0.0000E+00 2.8903E-13 9.5645E-13 1.8173E-12 4.9583E-12 1.1472E-11 2.1669E-11 3.3162E-11 4.8371E-11 6.8079E-11 8.9828E-11 1.1910E-10 1.5253E-10 1.8922E-10 2.3520E-10 2.9035E-10 3.5312E-10 4.2684E-10 5.1122E-10 6.0279E-10 7.0711E-10 8.3016E-10 9.6330E-10 1.1223E-09 1.2989E-09 1.4985E-09 1.7281E-09 1.9960E-09 2.2953E-09 2.6363E-09 3.0316E-09 3.4810E-09 4.0053E-09 4.6248E-09 5.3356E-09 6.1792E-09 7.1779E-09 8.3560E-09 9.7647E-09 1.1432E-08 1.3390E-08 1.5701E-08 1.8451E-08 2.1967E-08 2.6587E-08 3.3818E-08
0.0000E+00 0.0000E+00 0.0000E+00 0.0000E+00 0.0000E+00 0.0000E+00 0.0000E+00 0.0000E+00 0.0000E+00 0.0000E+00 0.0000E+00 0.0000E+00 0.0000E+00 0.0000E+00 0.0000E+00 1.3636E-12 2.7361E-12 7.4998E-12 1.6154E-11 2.6689E-11 3.8071E-11 5.4740E-11 7.7970E-11 1.0207E-10 1.3348E-10 1.6845E-10 2.0917E-10 2.5902E-10 3.1610E-10 3.8299E-10 4.6002E-10 5.4716E-10 6.4237E-10 7.5646E-10 8.8247E-10 1.0258E-09 1.1941E-09 1.3809E-09 1.6032E-09 1.8524E-09 2.1363E-09 2.4756E-09 2.8620E-09 3.3196E-09 3.8710E-09 4.5124E-09 5.2925E-09 6.2354E-09 7.3836E-09 8.7897E-09 1.0491E-08 1.2566E-08 1.5118E-08 1.8520E-08 2.2463E-08 3.0204E-08 3.4996E-08
0.0000E+00 0.0000E+00 0.0000E+00 0.0000E+00 0.0000E+00 0.0000E+00 0.0000E+00 0.0000E+00 0.0000E+00 0.0000E+00 0.0000E+00 0.0000E+00 0.0000E+00 0.0000E+00 0.0000E+00 0.0000E+00 4.4956E-13 2.3495E-12 5.0206E-12 1.0900E-11 1.9871E-11 3.2042E-11 4.5934E-11 6.5303E-11 8.7108E-11 1.1337E-10 1.4670E-10 1.8418E-10 2.2708E-10 2.8077E-10 3.4061E-10 4.0985E-10 4.8692E-10 5.7663E-10 6.7914E-10 7.9527E-10 9.2994E-10 1.0804E-09 1.2594E-09 1.4631E-09 1.6956E-09 1.9813E-09 2.3061E-09 2.6941E-09 3.1757E-09 3.7434E-09 4.4522E-09 5.3240E-09 6.4227E-09 7.7956E-09 9.4988E-09 1.1677E-08 1.4680E-08 1.8192E-08 2.5301E-08 3.0233E-08 3.8497E-08
0.0000E+00 0.0000E+00 0.0000E+00 0.0000E+00 0.0000E+00 0.0000E+00 0.0000E+00 0.0000E+00 0.0000E+00 0.0000E+00 0.0000E+00 0.0000E+00 0.0000E+00 0.0000E+00 0.0000E+00 0.0000E+00 0.0000E+00 5.1502E-16 1.1158E-12 3.4125E-12 7.6962E-12 1.5841E-11 2.5808E-11 3.8250E-11 5.4393E-11 7.4420E-11 9.6498E-11 1.2455E-10 1.5942E-10 1.9771E-10 2.4426E-10 2.9866E-10 3.6056E-10 4.2979E-10 5.0822E-10 5.9762E-10 7.0781E-10 8.2713E-10 9.6772E-10 1.1293E-09 1.3151E-09 1.5485E-09 1.8134E-09 2.1390E-09 2.5494E-09 3.0379E-09 3.6715E-09 4.4639E-09 5.4925E-09 6.8077E-09 8.4928E-09 1.0930E-08 1.3876E-08 1.9820E-08 2.4454E-08 3.2277E-08 3.9572E-08
0.0000E+00 0.0000E+00 0.0000E+00 0.0000E+00 0.0000E+00 0.0000E+00 0.0000E+00 0.0000E+00 0.0000E+00 0.0000E+00 0.0000E+00 0.0000E+00 0.0000E+00 0.0000E+00 0.0000E+00 0.0000E+00 0.0000E+00 0.0000E+00 0.0000E+00 2.6555E-13 2.0061E-12 6.2269E-12 1.2187E-11 2.0227E-11 3.1654E-11 4.5486E-11 6.2601E-11 8.1625E-11 1.0678E-10 1.3415E-10 1.6907E-10 2.0946E-10 2.5586E-10 3.1053E-10 3.7135E-10 4.4113E-10 5.2292E-10 6.1411E-10 7.2116E-10 8.4875E-10 9.9444E-10 1.1765E-09 1.3933E-09 1.6556E-09 1.9994E-09 2.4113E-09 2.9582E-09 3.6704E-09 4.6175E-09 5.8573E-09 7.5277E-09 9.9297E-09 1.4565E-08 1.8464E-08 2.5784E-08 3.1372E-08 4.0151E-08
0.0000E+00 0.0000E+00 0.0000E+00 0.0000E+00 0.0000E+00 0.0000E+00 0.0000E+00 0.0000E+00 0.0000E+00 0.0000E+00 0.0000E+00 0.0000E+00 0.0000E+00 0.0000E+00 0.0000E+00 0.0000E+00 0.0000E+00 0.0000E+00 0.0000E+00 0.0000E+00 0.0000E+00 2.8185E-13 3.1794E-12 8.9373E-12 1.6038E-11 2.5384E-11 3.7381E-11 5.0259E-11 6.8397E-11 8.7560E-11 1.1125E-10 1.4148E-10 1.7364E-10 2.1026E-10 2.5894E-10 3.1042E-10 3.6860E-10 4.4309E-10 5.2170E-10 6.1718E-10 7.2917E-10 8.6726E-10 1.0389E-09 1.2483E-09 1.5258E-09 1.8700E-09 2.3308E-09 2.9483E-09 3.8070E-09 4.9683E-09 6.6257E-09 9.0496E-09 1.3330E-08 1.7871E-08 2.4091E-08 3.1014E-08 4.1477E-08
0.0000E+00 0.0000E+00 0.0000E+00 0.0000E+00 0.0000E+00 0.0000E+00 0.0000E+00 0.0000E+00 0.0000E+00 0.0000E+00 0.0000E+00 0.0000E+00 0.0000E+00 0.0000E+00 0.0000E+00 0.0000E+00 0.0000E+00 0.0000E+00 0.0000E+00 0.0000E+00 0.0000E+00 0.0000E+00 0.0000E+00 2.6745E-13 4.5863E-12 1.0140E-11 1.7728E-11 2.8779E-11 3.9061E-11 5.2094E-11 6.9367E-11 8.9017E-11 1.1115E-10 1.3998E-10 1.6857E-10 2.0635E-10 2.4945E-10 2.9653E-10 3.5640E-10 4.3001E-10 5.1730E-10 6.2117E-10 7.4922E-10 9.1306E-10 1.1309E-09 1.4145E-09 1.7943E-09 2.3187E-09 3.0803E-09 4.2035E-09 5.8011E-09 9.0048E-09 1.1736E-08 1.6672E-08 2.2954E-08 3.4103E-08 4.4108E-08
0.0000E+00 0.0000E+00 0.0000E+00 0.0000E+00 0.0000E+00 0.0000E+00 0.0000E+00 0.0000E+00 0.0000E+00 0.0000E+00 0.0000E+00 0.0000E+00 0.0000E+00 0.0000E+00 0.0000E+00 0.0000E+00 0.0000E+00 0.0000E+00 0.0000E+00 0.0000E+00 0.0000E+00 0.0000E+00 0.0000E+00 0.0000E+00 0.0000E+00 2.1444E-12 4.8517E-12 9.2697E-12 1.8056E-11 2.8232E-11 3.6878E-11 4.9660E-11 6.6602E-11 8.2858E-11 1.0395E-10 1.3065E-10 1.5826E-10 1.8852E-10 2.2606E-10 2.7550E-10 3.3764E-10 4.1583E-10 5.1617E-10 6.4263E-10 8.1404E-10 1.0373E-09 1.3404E-09 1.7774E-09 2.5265E-09 3.6503E-09 5.2729E-09 7.8119E-09 1.0985E-08 1.7703E-08 2.3580E-08 3.4968E-08 4.3683E-08
0.0000E+00 0.0000E+00 0.0000E+00 0.0000E+00 0.0000E+00 0.0000E+00 0.0000E+00 0.0000E+00 0.0000E+00 0.0000E+00 0.0000E+00 0.0000E+00 0.0000E+00 0.0000E+00 0.0000E+00 0.0000E+00 0.0000E+00 0.0000E+00 0.0000E+00 0.0000E+00 0.0000E+00 0.0000E+00 0.0000E+00 0.0000E+00 0.0000E+00 0.0000E+00 0.0000E+00 2.7845E-12 5.2475E-12 6.3238E-12 1.4019E-11 2.3303E-11 3.2084E-11 4.2707E-11 5.6293E-11 7.1813E-11 8.9747E-11 1.1117E-10 1.3252E-10 1.6347E-10 2.0139E-10 2.5735E-10 3.2757E-10 4.1570E-10 5.4350E-10 7.1663E-10 9.6539E-10 1.4530E-09 1.9334E-09 3.2735E-09 4.4111E-09 8.1590E-09 1.0913E-08 1.7176E-08 2.2082E-08 2.8978E-08 3.8472E-08
0.0000E+00 0.0000E+00 0.0000E+00 0.0000E+00 0.0000E+00 0.0000E+00 0.0000E+00 0.0000E+00 0.0000E+00 0.0000E+00 0.0000E+00 0.0000E+00 0.0000E+00 0.0000E+00 0.0000E+00 0.0000E+00 0.0000E+00 0.0000E+00 0.0000E+00 0.0000E+00 0.0000E+00 0.0000E+00 0.0000E+00 0.0000E+00 0.0000E+00 0.0000E+00 0.0000E+00 0.0000E+00 0.0000E+00 2.8217E-12 4.4194E-12 5.4250E-12 8.5694E-12 1.4451E-11 2.1174E-11 3.1700E-11 4.1808E-11 5.6378E-11 7.1817E-11 8.9581E-11 1.0757E-10 1.3210E-10 1.7419E-10 2.3979E-10 3.2563E-10 4.9324E-10 6.4135E-10 1.0350E-09 1.5500E-09 2.8669E-09 4.3725E-09 6.7818E-09 9.6787E-09 1.2709E-08 1.7851E-08 2.2912E-08 3.0888E-08
0.0000E+00 0.0000E+00 0.0000E+00 0.0000E+00 0.0000E+00 0.0000E+00 0.0000E+00 0.0000E+00 0.0000E+00 0.0000E+00 0.0000E+00 0.0000E+00 0.0000E+00 0.0000E+00 0.0000E+00 0.0000E+00 0.0000E+00 0.0000E+00 0.0000E+00 0.0000E+00 0.0000E+00 0.0000E+00 0.0000E+00 0.0000E+00 0.0000E+00 0.0000E+00 0.0000E+00 0.0000E+00 0.0000E+00 0.0000E+00 0.0000E+00 1.5594E-12 3.1631E-12 3.4526E-12 4.8248E-12 7.4193E-12 1.2616E-11 1.9339E-11 2.8938E-11 3.5999E-11 4.8101E-11 6.0147E-11 7.1287E-11 1.0325E-10 1.5409E-10 2.7494E-10 4.1514E-10 7.4495E-10 1.4619E-09 2.2836E-09 3.6321E-09 4.9242E-09 7.1852E-09 9.3133E-09 1.2935E-08 1.6740E-08 2.1758E-08
0.0000E+00 0.0000E+00 0.0000E+00 0.0000E+00 0.0000E+00 0.0000E+00 0.0000E+00 0.0000E+00 0.0000E+00 0.0000E+00 0.0000E+00 0.0000E+00 0.0000E+00 0.0000E+00 0.0000E+00 0.0000E+00 0.0000E+00 0.0000E+00 0.0000E+00 0.0000E+00 0.0000E+00 0.0000E+00 0.0000E+00 0.0000E+00 0.0000E+00 0.0000E+00 0.0000E+00 0.0000E+00 0.0000E+00 0.0000E+00 0.0000E+00 0.0000E+00 0.0000E+00 0.0000E+00 1.4944E-12 1.6051E-12 1.7414E-12 2.7366E-12 5.3752E-12 9.3664E-12 1.4037E-11 1.9741E-11 2.6201E-11 3.9937E-11 5.7121E-11 1.0425E-10 3.9169E-10 5.8497E-10 1.1241E-09 1.6015E-09 2.3636E-09 3.3550E-09 4.5785E-09 6.1222E-09 8.2634E-09 1.0677E-08 1.4109E-08
0.0000E+00 0.0000E+00 0.0000E+00 0.0000E+00 0.0000E+00 0.0000E+00 0.0000E+00 0.0000E+00 0.0000E+00 0.0000E+00 0.0000E+00 0.0000E+00 0.0000E+00 0.0000E+00 0.0000E+00 0.0000E+00 0.0000E+00 0.0000E+00 0.0000E+00 0.0000E+00 0.0000E+00 0.0000E+00 0.0000E+00 0.0000E+00 0.0000E+00 0.0000E+00 0.0000E+00 0.0000E+00 0.0000E+00 0.0000E+00 0.0000E+00 0.0000E+00 0.0000E+00 0.0000E+00 0.0000E+00 0.0000E+00 0.0000E+00 0.0000E+00 1.1133E-13 1.7045E-12 3.1610E-12 5.8959E-12 9.6728E-12 1.4565E-11 2.4212E-11 3.9225E-11 5.7519E-11 2.6006E-10 5.9790E-10 9.0327E-10 1.4324E-09 1.9394E-09 2.7555E-09 3.7008E-09 4.8990E-09 6.4870E-09 8.4801E-09
0.0000E+00 0.0000E+00 0.0000E+00 0.0000E+00 0.0000E+00 0.0000E+00 0.0000E+00 0.0000E+00 0.0000E+00 0.0000E+00 0.0000E+00 0.0000E+00 0.0000E+00 0.0000E+00 0.0000E+00 0.0000E+00 0.0000E+00 0.0000E+00 0.0000E+00 0.0000E+00 0.0000E+00 0.0000E+00 0.0000E+00 0.0000E+00 0.0000E+00 0.0000E+00 0.0000E+00 0.0000E+00 0.0000E+00 0.0000E+00 0.0000E+00 0.0000E+00 0.0000E+00 0.0000E+00 0.0000E+00 0.0000E+00 0.0000E+00 0.0000E+00 0.0000E+00 0.0000E+00 0.0000E+00 1.7092E-12 3.2498E-12 5.5967E-12 1.0619E-11 1.8606E-11 3.0224E-11 4.3430E-11 1.5529E-10 4.6195E-10 6.4401E-10 1.0302E-09 1.4970E-09 1.9282E-09 2.6823E-09 3.5314E-09 4.4682E-09
