Assets/Resources/2015_m01_d13_1800(utc+0800)_l00_csi_1hr_conc.grd
DSAA
         159         159
     -79.000      79.000
     -79.000      79.000
  0.0000E+00  0.9649E-05
[rows 0 to 24 of 159, columns 0 to 56 of 159]
1.3104E-10 1.2705E-10 1.2276E-10 1.1818E-10 1.1332E-10 1.0670E-10 1.0125E-10 9.5663E-11 8.9979E-11 8.4235E-11 7.8470E-11 7.1150E-11 6.5493E-11 5.9938E-11 5.1831E-11 4.6669E-11 3.6126E-11 2.5031E-11 5.8177E-12 0.0000E+00 0.0000E+00 0.0000E+00 0.0000E+00 0.0000E+00 0.0000E+00 0.0000E+00 0.0000E+00 0.0000E+00 0.0000E+00 0.0000E+00 0.0000E+00 0.0000E+00 0.0000E+00 0.0000E+00 0.0000E+00 0.0000E+00 0.0000E+00 0.0000E+00 0.0000E+00 0.0000E+00 0.0000E+00 0.0000E+00 0.0000E+00 0.0000E+00 0.0000E+00 0.0000E+00 0.0000E+00 0.0000E+00 0.0000E+00 0.0000E+00 0.0000E+00 0.0000E+00 0.0000E+00 0.0000E+00 0.0000E+00 0.0000E+00 0.0000E+00
1.4618E-10 1.4165E-10 1.3682E-10 1.3170E-10 1.2632E-10 1.2070E-10 1.1487E-10 1.0887E-10 1.0274E-10 9.6505E-11 9.0218E-11 8.2313E-11 7.6074E-11 6.9889E-11 6.3530E-11 5.3273E-11 4.6817E-11 3.5375E-11 2.3871E-11 4.4032E-12 0.0000E+00 0.0000E+00 0.0000E+00 0.0000E+00 0.0000E+00 0.0000E+00 0.0000E+00 0.0000E+00 0.0000E+00 0.0000E+00 0.0000E+00 0.0000E+00 0.0000E+00 0.0000E+00 0.0000E+00 0.0000E+00 0.0000E+00 0.0000E+00 0.0000E+00 0.0000E+00 0.0000E+00 0.0000E+00 0.0000E+00 0.0000E+00 0.0000E+00 0.0000E+00 0.0000E+00 0.0000E+00 0.0000E+00 0.0000E+00 0.0000E+00 0.0000E+00 0.0000E+00 0.0000E+00 0.0000E+00 0.0000E+00 0.0000E+00
1.6886E-10 1.6396E-10 1.5870E-10 1.5309E-10 1.4716E-10 1.4634E-10 1.4081E-10 1.3488E-10 1.2858E-10 1.2193E-10 1.1103E-10 1.0220E-10 9.5022E-11 8.4384E-11 7.4256E-11 6.7128E-11 5.4220E-11 4.5879E-11 3.4261E-11 2.3545E-11 1.4973E-12 0.0000E+00 0.0000E+00 0.0000E+00 0.0000E+00 0.0000E+00 0.0000E+00 0.0000E+00 0.0000E+00 0.0000E+00 0.0000E+00 0.0000E+00 0.0000E+00 0.0000E+00 0.0000E+00 0.0000E+00 0.0000E+00 0.0000E+00 0.0000E+00 0.0000E+00 0.0000E+00 0.0000E+00 0.0000E+00 0.0000E+00 0.0000E+00 0.0000E+00 0.0000E+00 0.0000E+00 0.0000E+00 0.0000E+00 0.0000E+00 0.0000E+00 0.0000E+00 0.0000E+00 0.0000E+00 0.0000E+00 0.0000E+00
2.0113E-10 2.0335E-10 1.9767E-10 1.9481E-10 1.8787E-10 1.8051E-10 1.7278E-10 1.6471E-10 1.5637E-10 1.4780E-10 1.3906E-10 1.2858E-10 1.1971E-10 1.0953E-10 9.5751E-11 8.4846E-11 7.2507E-11 5.7727E-11 4.9307E-11 3.6395E-11 2.2065E-11 0.0000E+00 0.0000E+00 0.0000E+00 0.0000E+00 0.0000E+00 0.0000E+00 0.0000E+00 0.0000E+00 0.0000E+00 0.0000E+00 0.0000E+00 0.0000E+00 0.0000E+00 0.0000E+00 0.0000E+00 0.0000E+00 0.0000E+00 0.0000E+00 0.0000E+00 0.0000E+00 0.0000E+00 0.0000E+00 0.0000E+00 0.0000E+00 0.0000E+00 0.0000E+00 0.0000E+00 0.0000E+00 0.0000E+00 0.0000E+00 0.0000E+00 0.0000E+00 0.0000E+00 0.0000E+00 0.0000E+00 0.0000E+00
2.4966E-10 2.4385E-10 2.3923E-10 2.3442E-10 2.2771E-10 2.2567E-10 2.1674E-10 2.1054E-10 2.0054E-10 1.9020E-10 1.7958E-10 1.6711E-10 1.5618E-10 1.4511E-10 1.2693E-10 1.1116E-10 9.4123E-11 7.9096E-11 6.5515E-11 5.7145E-11 4.5005E-11 2.2873E-11 4.7821E-12 4.5752E-12 4.3623E-12 1.7043E-13 0.0000E+00 0.0000E+00 0.0000E+00 0.0000E+00 0.0000E+00 0.0000E+00 0.0000E+00 0.0000E+00 0.0000E+00 0.0000E+00 0.0000E+00 0.0000E+00 0.0000E+00 0.0000E+00 0.0000E+00 0.0000E+00 0.0000E+00 0.0000E+00 0.0000E+00 0.0000E+00 0.0000E+00 0.0000E+00 0.0000E+00 0.0000E+00 0.0000E+00 0.0000E+00 0.0000E+00 0.0000E+00 0.0000E+00 0.0000E+00 0.0000E+00
2.9037E-10 2.8865E-10 2.8171E-10 2.8122E-10 2.7302E-10 2.6574E-10 2.5770E-10 2.4791E-10 2.3736E-10 2.2612E-10 2.1439E-10 2.0213E-10 1.8984E-10 1.7721E-10 1.6411E-10 1.4624E-10 1.2385E-10 1.0443E-10 8.8837E-11 7.6483E-11 6.5826E-11 4.5197E-11 2.4269E-11 1.3754E-11 1.3102E-11 1.0203E-11 6.9141E-12 4.9567E-12 6.2967E-13 0.0000E+00 0.0000E+00 0.0000E+00 0.0000E+00 0.0000E+00 0.0000E+00 0.0000E+00 0.0000E+00 0.0000E+00 0.0000E+00 0.0000E+00 0.0000E+00 0.0000E+00 0.0000E+00 0.0000E+00 0.0000E+00 0.0000E+00 0.0000E+00 0.0000E+00 0.0000E+00 0.0000E+00 0.0000E+00 0.0000E+00 0.0000E+00 0.0000E+00 0.0000E+00 0.0000E+00 0.0000E+00
3.4488E-10 3.4873E-10 3.4236E-10 3.3462E-10 3.2570E-10 3.1567E-10 3.0483E-10 2.9982E-10 2.8908E-10 2.7759E-10 2.6530E-10 2.5116E-10 2.3665E-10 2.2182E-10 2.0617E-10 1.8988E-10 1.6507E-10 1.3952E-10 1.1606E-10 1.0021E-10 8.5366E-11 7.0833E-11 5.2589E-11 2.8428E-11 2.3884E-11 2.2435E-11 1.7070E-11 1.4618E-11 1.0793E-11 5.6645E-12 3.0676E-12 0.0000E+00 0.0000E+00 0.0000E+00 0.0000E+00 0.0000E+00 0.0000E+00 0.0000E+00 0.0000E+00 0.0000E+00 0.0000E+00 0.0000E+00 0.0000E+00 0.0000E+00 0.0000E+00 0.0000E+00 0.0000E+00 0.0000E+00 0.0000E+00 0.0000E+00 0.0000E+00 0.0000E+00 0.0000E+00 0.0000E+00 0.0000E+00 0.0000E+00 0.0000E+00
4.0295E-10 4.0625E-10 3.9913E-10 3.9277E-10 3.9286E-10 3.8253E-10 3.7122E-10 3.5903E-10 3.4567E-10 3.3104E-10 3.1559E-10 2.9988E-10 2.8450E-10 2.6855E-10 2.5147E-10 2.3335E-10 2.1441E-10 1.8273E-10 1.5146E-10 1.2350E-10 1.0888E-10 9.2600E-11 8.0769E-11 5.8525E-11 3.7078E-11 3.5267E-11 2.8763E-11 2.5575E-11 2.2501E-11 1.6633E-11 1.3123E-11 7.2793E-12 3.9999E-12 0.0000E+00 0.0000E+00 0.0000E+00 0.0000E+00 0.0000E+00 0.0000E+00 0.0000E+00 0.0000E+00 0.0000E+00 0.0000E+00 0.0000E+00 0.0000E+00 0.0000E+00 0.0000E+00 0.0000E+00 0.0000E+00 0.0000E+00 0.0000E+00 0.0000E+00 0.0000E+00 0.0000E+00 0.0000E+00 0.0000E+00 0.0000E+00
4.7905E-10 4.7615E-10 4.7058E-10 4.6344E-10 4.5436E-10 4.4491E-10 4.3472E-10 4.2241E-10 4.0839E-10 3.9352E-10 3.7760E-10 3.6048E-10 3.4250E-10 3.2311E-10 3.0316E-10 2.8182E-10 2.6013E-10 2.3857E-10 2.0135E-10 1.6884E-10 1.4305E-10 1.2545E-10 1.0961E-10 9.0475E-11 6.5410E-11 5.0135E-11 4.3493E-11 3.8180E-11 3.5059E-11 3.1437E-11 2.4956E-11 2.0648E-11 1.3302E-11 8.3242E-12 3.8598E-12 0.0000E+00 0.0000E+00 0.0000E+00 0.0000E+00 0.0000E+00 0.0000E+00 0.0000E+00 0.0000E+00 0.0000E+00 0.0000E+00 0.0000E+00 0.0000E+00 0.0000E+00 0.0000E+00 0.0000E+00 0.0000E+00 0.0000E+00 0.0000E+00 0.0000E+00 0.0000E+00 0.0000E+00 0.0000E+00
5.4114E-10 5.3868E-10 5.3564E-10 5.3069E-10 5.2239E-10 5.1299E-10 5.0192E-10 4.8814E-10 4.7313E-10 4.5642E-10 4.3854E-10 4.2005E-10 4.0013E-10 3.7884E-10 3.5636E-10 3.3247E-10 3.0782E-10 2.8351E-10 2.5980E-10 2.2189E-10 1.8566E-10 1.5610E-10 1.4082E-10 1.1993E-10 1.0282E-10 7.4139E-11 6.2880E-11 5.5941E-11 5.0050E-11 4.7015E-11 3.8978E-11 3.3689E-11 2.7792E-11 2.1295E-11 1.3877E-11 7.9477E-12 2.9613E-12 0.0000E+00 0.0000E+00 0.0000E+00 0.0000E+00 0.0000E+00 0.0000E+00 0.0000E+00 0.0000E+00 0.0000E+00 0.0000E+00 0.0000E+00 0.0000E+00 0.0000E+00 0.0000E+00 0.0000E+00 0.0000E+00 0.0000E+00 0.0000E+00 0.0000E+00 0.0000E+00
6.1060E-10 6.0943E-10 6.0549E-10 5.9957E-10 5.9123E-10 5.8122E-10 5.7037E-10 5.5752E-10 5.4304E-10 5.2630E-10 5.0766E-10 4.8716E-10 4.6521E-10 4.4151E-10 4.1676E-10 3.9055E-10 3.6325E-10 3.3583E-10 3.0906E-10 2.8305E-10 2.4367E-10 2.0407E-10 1.7260E-10 1.5412E-10 1.2913E-10 1.0667E-10 8.0914E-11 7.2414E-11 6.7200E-11 6.3163E-11 5.8160E-11 4.9384E-11 4.4710E-11 3.4869E-11 2.9440E-11 2.0693E-11 1.3061E-11 6.5699E-12 1.5688E-12 0.0000E+00 0.0000E+00 0.0000E+00 0.0000E+00 0.0000E+00 0.0000E+00 0.0000E+00 0.0000E+00 0.0000E+00 0.0000E+00 0.0000E+00 0.0000E+00 0.0000E+00 0.0000E+00 0.0000E+00 0.0000E+00 0.0000E+00 0.0000E+00
6.7769E-10 6.7655E-10 6.7287E-10 6.6818E-10 6.6170E-10 6.5283E-10 6.4142E-10 6.2747E-10 6.1210E-10 5.9582E-10 5.7827E-10 5.5771E-10 5.3470E-10 5.0920E-10 4.8183E-10 4.5316E-10 4.2318E-10 3.9315E-10 3.6356E-10 3.3462E-10 3.0402E-10 2.6488E-10 2.2036E-10 1.8509E-10 1.6561E-10 1.3943E-10 1.0763E-10 8.8325E-11 8.2529E-11 7.7601E-11 7.2716E-11 6.6287E-11 6.0319E-11 5.3096E-11 4.4911E-11 3.6928E-11 2.8425E-11 1.8613E-11 1.0869E-11 4.1340E-12 0.0000E+00 0.0000E+00 0.0000E+00 0.0000E+00 0.0000E+00 0.0000E+00 0.0000E+00 0.0000E+00 0.0000E+00 0.0000E+00 0.0000E+00 0.0000E+00 0.0000E+00 0.0000E+00 0.0000E+00 0.0000E+00 0.0000E+00
7.5444E-10 7.5633E-10 7.5481E-10 7.5074E-10 7.4415E-10 7.3697E-10 7.2856E-10 7.1627E-10 7.0108E-10 6.8356E-10 6.6310E-10 6.4106E-10 6.1690E-10 5.9074E-10 5.6172E-10 5.3020E-10 4.9735E-10 4.6382E-10 4.3072E-10 3.9820E-10 3.6367E-10 3.3273E-10 2.8964E-10 2.4086E-10 2.0657E-10 1.7699E-10 1.5022E-10 1.1509E-10 1.0055E-10 9.4618E-11 8.8711E-11 8.1678E-11 7.4481E-11 6.8660E-11 6.1519E-11 5.4039E-11 4.4350E-11 3.6055E-11 2.5539E-11 1.5224E-11 7.1838E-12 1.3304E-12 0.0000E+00 0.0000E+00 0.0000E+00 0.0000E+00 0.0000E+00 0.0000E+00 0.0000E+00 0.0000E+00 0.0000E+00 0.0000E+00 0.0000E+00 0.0000E+00 0.0000E+00 0.0000E+00 0.0000E+00
8.3937E-10 8.4185E-10 8.4255E-10 8.4256E-10 8.3899E-10 8.3204E-10 8.2235E-10 8.0982E-10 7.9589E-10 7.7999E-10 7.5995E-10 7.3714E-10 7.1091E-10 6.8233E-10 6.5079E-10 6.1807E-10 5.8320E-10 5.4675E-10 5.0993E-10 4.7078E-10 4.3443E-10 3.9885E-10 3.6416E-10 3.1857E-10 2.6117E-10 2.2877E-10 1.9090E-10 1.5555E-10 1.2353E-10 1.1439E-10 1.0728E-10 9.9653E-11 9.1534E-11 8.3741E-11 7.6596E-11 6.8625E-11 6.1744E-11 5.2748E-11 4.2451E-11 3.2683E-11 2.0605E-11 1.0979E-11 2.9037E-12 0.0000E+00 0.0000E+00 0.0000E+00 0.0000E+00 0.0000E+00 0.0000E+00 0.0000E+00 0.0000E+00 0.0000E+00 0.0000E+00 0.0000E+00 0.0000E+00 0.0000E+00 0.0000E+00
9.2696E-10 9.3420E-10 9.3661E-10 9.3612E-10 9.3293E-10 9.2830E-10 9.2119E-10 9.1012E-10 8.9480E-10 8.7823E-10 8.5908E-10 8.3667E-10 8.0950E-10 7.7888E-10 7.4409E-10 7.0691E-10 6.6834E-10 6.2911E-10 5.8949E-10 5.4945E-10 5.0914E-10 4.6934E-10 4.3030E-10 3.9177E-10 3.3972E-10 2.8449E-10 2.4732E-10 1.9958E-10 1.5840E-10 1.3538E-10 1.2706E-10 1.1871E-10 1.0938E-10 1.0150E-10 9.3830E-11 8.4528E-11 7.6249E-11 6.7826E-11 5.9875E-11 4.9187E-11 3.8857E-11 2.6531E-11 1.4198E-11 4.9839E-12 0.0000E+00 0.0000E+00 0.0000E+00 0.0000E+00 0.0000E+00 0.0000E+00 0.0000E+00 0.0000E+00 0.0000E+00 0.0000E+00 0.0000E+00 0.0000E+00 0.0000E+00
1.0240E-09 1.0312E-09 1.0360E-09 1.0394E-09 1.0389E-09 1.0351E-09 1.0285E-09 1.0199E-09 1.0064E-09 9.8909E-10 9.6790E-10 9.4399E-10 9.1651E-10 8.8602E-10 8.5031E-10 8.1056E-10 7.6886E-10 7.2563E-10 6.8161E-10 6.3797E-10 5.9411E-10 5.5092E-10 5.0793E-10 4.6512E-10 4.2095E-10 3.6046E-10 2.9925E-10 2.5875E-10 2.1161E-10 1.7173E-10 1.5181E-10 1.4200E-10 1.3232E-10 1.2284E-10 1.1361E-10 1.0157E-10 9.2394E-11 8.3925E-11 7.4329E-11 6.5494E-11 5.5998E-11 4.3531E-11 3.1630E-11 1.8069E-11 7.1684E-12 4.0969E-13 0.0000E+00 0.0000E+00 0.0000E+00 0.0000E+00 0.0000E+00 0.0000E+00 0.0000E+00 0.0000E+00 0.0000E+00 0.0000E+00 0.0000E+00
1.1268E-09 1.1389E-09 1.1465E-09 1.1513E-09 1.1539E-09 1.1536E-09 1.1481E-09 1.1387E-09 1.1258E-09 1.1107E-09 1.0912E-09 1.0669E-09 1.0370E-09 1.0041E-09 9.6760E-10 9.2737E-10 8.8423E-10 8.3856E-10 7.9099E-10 7.4262E-10 6.9365E-10 6.4459E-10 5.9580E-10 5.4769E-10 5.0083E-10 4.4879E-10 3.7545E-10 3.2275E-10 2.7847E-10 2.3320E-10 1.9697E-10 1.7042E-10 1.5695E-10 1.4574E-10 1.3219E-10 1.2180E-10 1.1181E-10 1.0113E-10 8.9799E-11 8.0879E-11 7.0895E-11 6.1154E-11 4.8950E-11 3.5856E-11 2.1664E-11 9.0961E-12 7.4382E-13 0.0000E+00 0.0000E+00 0.0000E+00 0.0000E+00 0.0000E+00 0.0000E+00 0.0000E+00 0.0000E+00 0.0000E+00 0.0000E+00
1.2403E-09 1.2546E-09 1.2666E-09 1.2752E-09 1.2791E-09 1.2799E-09 1.2775E-09 1.2718E-09 1.2603E-09 1.2448E-09 1.2259E-09 1.2031E-09 1.1751E-09 1.1401E-09 1.1000E-09 1.0560E-09 1.0096E-09 9.6199E-10 9.1175E-10 8.5916E-10 8.0537E-10 7.5101E-10 6.9661E-10 6.4255E-10 5.8943E-10 5.3732E-10 4.7915E-10 4.0335E-10 3.5335E-10 3.0336E-10 2.5769E-10 2.2991E-10 1.9164E-10 1.7484E-10 1.6139E-10 1.4431E-10 1.3245E-10 1.2113E-10 1.0834E-10 9.7217E-11 8.5784E-11 7.6091E-11 6.5768E-11 5.3990E-11 3.9014E-11 2.5075E-11 1.0746E-11 8.7866E-13 0.0000E+00 0.0000E+00 0.0000E+00 0.0000E+00 0.0000E+00 0.0000E+00 0.0000E+00 0.0000E+00 0.0000E+00
1.3626E-09 1.3817E-09 1.3959E-09 1.4072E-09 1.4157E-09 1.4208E-09 1.4203E-09 1.4162E-09 1.4079E-09 1.3955E-09 1.3771E-09 1.3526E-09 1.3235E-09 1.2887E-09 1.2482E-09 1.2029E-09 1.1536E-09 1.1011E-09 1.0466E-09 9.9051E-10 9.3371E-10 8.7483E-10 8.1478E-10 7.5433E-10 6.9426E-10 6.3513E-10 5.7733E-10 5.1015E-10 4.3022E-10 3.8542E-10 3.3054E-10 2.9259E-10 2.5663E-10 2.1262E-10 1.9663E-10 1.7955E-10 1.6219E-10 1.4543E-10 1.2960E-10 1.1591E-10 1.0323E-10 9.1201E-11 7.9971E-11 6.9928E-11 5.7784E-11 4.1924E-11 2.7250E-11 1.1872E-11 8.2954E-13 0.0000E+00 0.0000E+00 0.0000E+00 0.0000E+00 0.0000E+00 0.0000E+00 0.0000E+00 0.0000E+00
1.4944E-09 1.5167E-09 1.5363E-09 1.5529E-09 1.5646E-09 1.5731E-09 1.5773E-09 1.5769E-09 1.5697E-09 1.5579E-09 1.5423E-09 1.5197E-09 1.4909E-09 1.4540E-09 1.4117E-09 1.3658E-09 1.3147E-09 1.2590E-09 1.2012E-09 1.1402E-09 1.0765E-09 1.0111E-09 9.4527E-10 8.7882E-10 8.1196E-10 7.4559E-10 6.8034E-10 6.1597E-10 5.4054E-10 4.6423E-10 4.2028E-10 3.6179E-10 3.1893E-10 2.8511E-10 2.5057E-10 2.2187E-10 1.9776E-10 1.8088E-10 1.6079E-10 1.4009E-10 1.2376E-10 1.0888E-10 9.5935E-11 8.3599E-11 7.2846E-11 6.1030E-11 4.4336E-11 2.8469E-11 1.2188E-11 6.1508E-13 0.0000E+00 0.0000E+00 0.0000E+00 0.0000E+00 0.0000E+00 0.0000E+00 0.0000E+00
1.6355E-09 1.6646E-09 1.6888E-09 1.7098E-09 1.7272E-09 1.7404E-09 1.7473E-09 1.7496E-09 1.7475E-09 1.7390E-09 1.7240E-09 1.7015E-09 1.6738E-09 1.6378E-09 1.5956E-09 1.5475E-09 1.4931E-09 1.4362E-09 1.3757E-09 1.3092E-09 1.2395E-09 1.1685E-09 1.0959E-09 1.0219E-09 9.4663E-10 8.7239E-10 7.9934E-10 7.2879E-10 6.5713E-10 5.7257E-10 4.9994E-10 4.5286E-10 4.0049E-10 3.5703E-10 3.2535E-10 2.8141E-10 2.4499E-10 2.2263E-10 1.9723E-10 1.7311E-10 1.5019E-10 1.3231E-10 1.1475E-10 9.9952E-11 8.6383E-11 7.4922E-11 6.3311E-11 4.6137E-11 2.9122E-11 1.1809E-11 2.5665E-13 0.0000E+00 0.0000E+00 0.0000E+00 0.0000E+00 0.0000E+00 0.0000E+00
1.7888E-09 1.8230E-09 1.8538E-09 1.8810E-09 1.9026E-09 1.9199E-09 1.9331E-09 1.9406E-09 1.9405E-09 1.9339E-09 1.9226E-09 1.9036E-09 1.8763E-09 1.8408E-09 1.7992E-09 1.7498E-09 1.6938E-09 1.6329E-09 1.5670E-09 1.4972E-09 1.4245E-09 1.3478E-09 1.2670E-09 1.1845E-09 1.1011E-09 1.0182E-09 9.3598E-10 8.5609E-10 7.8192E-10 7.0130E-10 6.1524E-10 5.4176E-10 4.8894E-10 4.4090E-10 3.9651E-10 3.6298E-10 3.1121E-10 2.6890E-10 2.4238E-10 2.1262E-10 1.8757E-10 1.6412E-10 1.4025E-10 1.2108E-10 1.0376E-10 8.9381E-11 7.6320E-11 6.4746E-11 4.7108E-11 2.8945E-11 1.0429E-11 0.0000E+00 0.0000E+00 0.0000E+00 0.0000E+00 0.0000E+00 0.0000E+00
1.9531E-09 1.9944E-09 2.0312E-09 2.0637E-09 2.0925E-09 2.1169E-09 2.1340E-09 2.1447E-09 2.1507E-09 2.1496E-09 2.1407E-09 2.1242E-09 2.0993E-09 2.0644E-09 2.0217E-09 1.9715E-09 1.9162E-09 1.8539E-09 1.7837E-09 1.7094E-09 1.6298E-09 1.5450E-09 1.4571E-09 1.3676E-09 1.2757E-09 1.1824E-09 1.0892E-09 9.9870E-10 9.1399E-10 8.2944E-10 7.4007E-10 6.5160E-10 5.8509E-10 5.2822E-10 4.8223E-10 4.3369E-10 3.9640E-10 3.3784E-10 2.9902E-10 2.6539E-10 2.3127E-10 2.0161E-10 1.7462E-10 1.4798E-10 1.2731E-10 1.0776E-10 9.1337E-11 7.6992E-11 6.5049E-11 4.6984E-11 2.7955E-11 8.1768E-12 0.0000E+00 0.0000E+00 0.0000E+00 0.0000E+00 0.0000E+00
2.1294E-09 2.1773E-09 2.2210E-09 2.2623E-09 2.2976E-09 2.3260E-09 2.3504E-09 2.3689E-09 2.3799E-09 2.3833E-09 2.3785E-09 2.3647E-09 2.3428E-09 2.3115E-09 2.2714E-09 2.2212E-09 2.1639E-09 2.0988E-09 2.0269E-09 1.9485E-09 1.8625E-09 1.7716E-09 1.6773E-09 1.5797E-09 1.4788E-09 1.3762E-09 1.2733E-09 1.1732E-09 1.0790E-09 9.9069E-10 8.9657E-10 7.9765E-10 7.1031E-10 6.4013E-10 5.8401E-10 5.3307E-10 4.7936E-10 4.3083E-10 3.6938E-10 3.2612E-10 2.8896E-10 2.5718E-10 2.2230E-10 1.8507E-10 1.5651E-10 1.3573E-10 1.1257E-10 9.2728E-11 7.7332E-11 6.3948E-11 4.5465E-11 2.5968E-11 5.2032E-12 0.0000E+00 0.0000E+00 0.0000E+00 0.0000E+00
2.3165E-09 2.3735E-09 2.4264E-09 2.4729E-09 2.5154E-09 2.5537E-09 2.5859E-09 2.6103E-09 2.6272E-09 2.6353E-09 2.6365E-09 2.6283E-09 2.6096E-09 2.5800E-09 2.5419E-09 2.4942E-09 2.4367E-09 2.3699E-09 2.2961E-09 2.2127E-09 2.1237E-09 2.0291E-09 1.9272E-09 1.8206E-09 1.7106E-09 1.5970E-09 1.4827E-09 1.3718E-09 1.2654E-09 1.1641E-09 1.0687E-09 9.7563E-10 8.6244E-10 7.7423E-10 7.0565E-10 6.3732E-10 5.8688E-10 5.2718E-10 4.7251E-10 4.0523E-10 3.5651E-10 3.1157E-10 2.7550E-10 2.3631E-10 1.9390E-10 1.6408E-10 1.4113E-10 1.1455E-10 9.3615E-11 7.6897E-11 6.1942E-11 4.3241E-11 2.1963E-11 1.8865E-12 0.0000E+00 0.0000E+00 0.0000E+00
