Assets/Resources/2015_m01_d23_1200(utc+0800)_l00_csi_1hr_conc.grd
DSAA
         159         159
     -79.000      79.000
     -79.000      79.000
  0.1207E-11  0.1887E-05
[rows 100 to 124 of 159, columns 57 to 113 of 159]
9.4304E-10 9.6775E-10 9.9287E-10 1.0184E-09 1.0443E-09 1.0707E-09 1.0974E-09 1.1246E-09 1.1521E-09 1.1800E-09 1.2083E-09 1.2370E-09 1.2660E-09 1.2955E-09 1.3409E-09 1.4371E-09 1.7483E-09 2.3779E-09 3.4794E-09 5.1762E-09 7.4695E-09 1.0246E-08 1.3369E-08 1.6642E-08 1.9774E-08 2.2684E-08 2.5236E-08 2.7332E-08 2.8805E-08 2.9647E-08 2.9820E-08 2.9324E-08 2.8244E-08 2.6692E-08 2.4793E-08 2.2709E-08 2.0550E-08 1.8420E-08 1.6372E-08 1.4573E-08 1.2980E-08 1.1653E-08 1.0593E-08 9.7524E-09 9.0497E-09 8.4661E-09 7.9766E-09 7.5538E-09 7.2379E-09 6.9892E-09 6.7909E-09 6.6296E-09 6.5168E-09 6.4621E-09 6.4548E-09 6.4852E-09 6.5596E-09
9.3342E-10 9.5786E-10 9.8271E-10 1.0080E-09 1.0336E-09 1.0597E-09 1.0861E-09 1.1130E-09 1.1402E-09 1.1678E-09 1.1958E-09 1.2242E-09 1.2529E-09 1.2820E-09 1.3256E-09 1.4193E-09 1.6926E-09 2.1982E-09 3.0582E-09 4.3890E-09 6.2238E-09 8.5723E-09 1.1295E-08 1.4271E-08 1.7390E-08 2.0469E-08 2.3354E-08 2.5885E-08 2.7994E-08 2.9552E-08 3.0519E-08 3.0848E-08 3.0566E-08 2.9728E-08 2.8417E-08 2.6733E-08 2.4756E-08 2.2632E-08 2.0482E-08 1.8426E-08 1.6555E-08 1.4929E-08 1.3577E-08 1.2420E-08 1.1447E-08 1.0626E-08 9.9280E-09 9.3264E-09 8.8385E-09 8.4504E-09 8.1275E-09 7.8706E-09 7.6858E-09 7.5463E-09 7.4698E-09 7.4442E-09 7.4714E-09
9.2362E-10 9.4780E-10 9.7237E-10 9.9735E-10 1.0227E-09 1.0485E-09 1.0746E-09 1.1012E-09 1.1281E-09 1.1554E-09 1.1831E-09 1.2111E-09 1.2395E-09 1.2682E-09 1.3087E-09 1.3951E-09 1.6161E-09 2.0245E-09 2.7041E-09 3.7633E-09 5.2696E-09 7.2533E-09 9.6243E-09 1.2369E-08 1.5400E-08 1.8525E-08 2.1608E-08 2.4515E-08 2.7135E-08 2.9360E-08 3.1066E-08 3.2209E-08 3.2777E-08 3.2743E-08 3.2111E-08 3.0921E-08 2.9289E-08 2.7253E-08 2.5049E-08 2.2803E-08 2.0660E-08 1.8736E-08 1.7026E-08 1.5564E-08 1.4302E-08 1.3227E-08 1.2296E-08 1.1490E-08 1.0798E-08 1.0241E-08 9.7652E-09 9.3970E-09 9.1010E-09 8.8677E-09 8.6983E-09 8.6106E-09 8.5893E-09
9.1366E-10 9.3756E-10 9.6186E-10 9.8655E-10 1.0116E-09 1.0371E-09 1.0630E-09 1.0892E-09 1.1158E-09 1.1428E-09 1.1701E-09 1.1978E-09 1.2259E-09 1.2543E-09 1.2892E-09 1.3651E-09 1.5390E-09 1.8745E-09 2.4248E-09 3.2886E-09 4.5265E-09 6.1726E-09 8.2823E-09 1.0820E-08 1.3716E-08 1.6833E-08 2.0037E-08 2.3213E-08 2.6286E-08 2.9064E-08 3.1476E-08 3.3421E-08 3.4836E-08 3.5633E-08 3.5786E-08 3.5170E-08 3.3914E-08 3.2081E-08 2.9884E-08 2.7498E-08 2.5145E-08 2.2899E-08 2.0866E-08 1.9116E-08 1.7596E-08 1.6263E-08 1.5091E-08 1.4057E-08 1.3139E-08 1.2388E-08 1.1752E-08 1.1233E-08 1.0798E-08 1.0442E-08 1.0158E-08 9.9974E-09 9.9187E-09
9.0353E-10 9.2715E-10 9.5117E-10 9.7558E-10 1.0004E-09 1.0255E-09 1.0511E-09 1.0770E-09 1.1033E-09 1.1299E-09 1.1569E-09 1.1843E-09 1.2120E-09 1.2401E-09 1.2717E-09 1.3341E-09 1.4863E-09 1.7524E-09 2.1811E-09 2.8916E-09 3.9317E-09 5.3671E-09 7.2499E-09 9.5824E-09 1.2322E-08 1.5379E-08 1.8638E-08 2.2036E-08 2.5432E-08 2.8706E-08 3.1746E-08 3.4439E-08 3.6718E-08 3.8342E-08 3.9234E-08 3.9232E-08 3.8398E-08 3.6842E-08 3.4698E-08 3.2280E-08 2.9738E-08 2.7267E-08 2.5006E-08 2.3009E-08 2.1244E-08 1.9675E-08 1.8266E-08 1.7000E-08 1.5862E-08 1.4896E-08 1.4088E-08 1.3383E-08 1.2791E-08 1.2297E-08 1.1884E-08 1.1618E-08 1.1451E-08
8.9324E-10 9.1659E-10 9.4032E-10 9.6443E-10 9.8893E-10 1.0138E-09 1.0390E-09 1.0646E-09 1.0906E-09 1.1169E-09 1.1436E-09 1.1706E-09 1.1980E-09 1.2257E-09 1.2541E-09 1.3054E-09 1.4315E-09 1.6422E-09 2.0053E-09 2.5904E-09 3.4745E-09 4.7100E-09 6.4041E-09 8.5450E-09 1.1132E-08 1.4102E-08 1.7377E-08 2.0931E-08 2.4595E-08 2.8257E-08 3.1883E-08 3.5276E-08 3.8321E-08 4.0740E-08 4.2286E-08 4.2871E-08 4.2480E-08 4.1219E-08 3.9249E-08 3.6866E-08 3.4261E-08 3.1694E-08 2.9290E-08 2.7126E-08 2.5154E-08 2.3365E-08 2.1749E-08 2.0276E-08 1.8929E-08 1.7753E-08 1.6740E-08 1.5840E-08 1.5081E-08 1.4442E-08 1.3876E-08 1.3485E-08 1.3209E-08
8.8280E-10 9.0587E-10 9.2931E-10 9.5313E-10 9.7732E-10 1.0019E-09 1.0268E-09 1.0521E-09 1.0777E-09 1.1037E-09 1.1301E-09 1.1567E-09 1.1838E-09 1.2111E-09 1.2388E-09 1.2799E-09 1.3822E-09 1.5597E-09 1.8716E-09 2.3613E-09 3.1177E-09 4.2322E-09 5.7555E-09 7.7124E-09 1.0150E-08 1.3009E-08 1.6285E-08 1.9909E-08 2.3752E-08 2.7788E-08 3.1878E-08 3.5913E-08 3.9571E-08 4.2618E-08 4.4765E-08 4.5880E-08 4.5926E-08 4.5030E-08 4.3315E-08 4.1067E-08 3.8558E-08 3.6002E-08 3.3555E-08 3.1299E-08 2.9192E-08 2.7240E-08 2.5444E-08 2.3799E-08 2.2276E-08 2.0892E-08 1.9677E-08 1.8584E-08 1.7651E-08 1.6853E-08 1.6131E-08 1.5585E-08 1.5193E-08
8.7221E-10 8.9500E-10 9.1815E-10 9.4168E-10 9.6557E-10 9.8982E-10 1.0144E-09 1.0394E-09 1.0647E-09 1.0904E-09 1.1164E-09 1.1427E-09 1.1694E-09 1.1963E-09 1.2236E-09 1.2589E-09 1.3458E-09 1.4855E-09 1.7480E-09 2.1817E-09 2.8623E-09 3.8623E-09 5.2312E-09 7.0270E-09 9.3142E-09 1.2088E-08 1.5312E-08 1.8942E-08 2.2936E-08 2.7242E-08 3.1734E-08 3.6218E-08 4.0379E-08 4.3914E-08 4.6537E-08 4.8149E-08 4.8625E-08 4.8121E-08 4.6754E-08 4.4765E-08 4.2446E-08 4.0016E-08 3.7632E-08 3.5370E-08 3.3204E-08 3.1165E-08 2.9251E-08 2.7463E-08 2.5807E-08 2.4244E-08 2.2842E-08 2.1562E-08 2.0464E-08 1.9504E-08 1.8620E-08 1.7911E-08 1.7387E-08
8.6149E-10 8.8399E-10 9.0685E-10 9.3008E-10 9.5366E-10 9.7760E-10 1.0019E-09 1.0265E-09 1.0515E-09 1.0768E-09 1.1025E-09 1.1285E-09 1.1548E-09 1.1814E-09 1.2083E-09 1.2371E-09 1.3020E-09 1.4351E-09 1.6655E-09 2.0490E-09 2.6564E-09 3.5532E-09 4.7902E-09 6.4575E-09 8.5945E-09 1.1257E-08 1.4394E-08 1.8035E-08 2.2110E-08 2.6625E-08 3.1376E-08 3.6181E-08 4.0680E-08 4.4578E-08 4.7606E-08 4.9576E-08 5.0529E-08 5.0435E-08 4.9443E-08 4.7811E-08 4.5783E-08 4.3579E-08 4.1352E-08 3.9180E-08 3.7050E-08 3.4994E-08 3.3033E-08 3.1165E-08 2.9406E-08 2.7714E-08 2.6152E-08 2.4730E-08 2.3464E-08 2.2339E-08 2.1291E-08 2.0425E-08 1.9760E-08
8.5064E-10 8.7285E-10 8.9542E-10 9.1834E-10 9.4162E-10 9.6525E-10 9.8922E-10 1.0135E-09 1.0382E-09 1.0632E-09 1.0885E-09 1.1141E-09 1.1400E-09 1.1663E-09 1.1928E-09 1.2197E-09 1.2737E-09 1.3929E-09 1.6052E-09 1.9566E-09 2.5062E-09 3.3136E-09 4.4480E-09 5.9918E-09 8.0145E-09 1.0544E-08 1.3589E-08 1.7179E-08 2.1306E-08 2.5895E-08 3.0814E-08 3.5765E-08 4.0463E-08 4.4588E-08 4.7907E-08 5.0244E-08 5.1561E-08 5.1904E-08 5.1339E-08 5.0101E-08 4.8454E-08 4.6561E-08 4.4576E-08 4.2589E-08 4.0588E-08 3.8603E-08 3.6664E-08 3.4782E-08 3.2963E-08 3.1198E-08 2.9530E-08 2.7995E-08 2.6574E-08 2.5299E-08 2.4091E-08 2.3077E-08 2.2265E-08
8.3966E-10 8.6158E-10 8.8386E-10 9.0648E-10 9.2945E-10 9.5276E-10 9.7641E-10 1.0004E-09 1.0247E-09 1.0493E-09 1.0743E-09 1.0996E-09 1.1252E-09 1.1511E-09 1.1772E-09 1.2037E-09 1.2526E-09 1.3609E-09 1.5544E-09 1.8769E-09 2.3813E-09 3.1158E-09 4.1617E-09 5.5943E-09 7.4786E-09 9.8576E-09 1.2835E-08 1.6343E-08 2.0442E-08 2.5041E-08 2.9980E-08 3.4965E-08 3.9739E-08 4.3973E-08 4.7479E-08 5.0103E-08 5.1771E-08 5.2503E-08 5.2388E-08 5.1597E-08 5.0370E-08 4.8862E-08 4.7205E-08 4.5486E-08 4.3689E-08 4.1860E-08 4.0020E-08 3.8191E-08 3.6363E-08 3.4576E-08 3.2862E-08 3.1239E-08 2.9693E-08 2.8281E-08 2.6946E-08 2.5796E-08 2.4848E-08
8.2857E-10 8.5020E-10 8.7217E-10 8.9449E-10 9.1715E-10 9.4014E-10 9.6347E-10 9.8712E-10 1.0111E-09 1.0354E-09 1.0600E-09 1.0849E-09 1.1102E-09 1.1357E-09 1.1615E-09 1.1875E-09 1.2302E-09 1.3354E-09 1.5128E-09 1.8087E-09 2.2744E-09 2.9477E-09 3.9022E-09 5.2346E-09 6.9887E-09 9.2464E-09 1.2091E-08 1.5504E-08 1.9520E-08 2.4023E-08 2.8884E-08 3.3784E-08 3.8504E-08 4.2784E-08 4.6383E-08 4.9189E-08 5.1169E-08 5.2289E-08 5.2598E-08 5.2280E-08 5.1509E-08 5.0433E-08 4.9168E-08 4.7780E-08 4.6269E-08 4.4659E-08 4.2993E-08 4.1273E-08 3.9518E-08 3.7750E-08 3.6037E-08 3.4349E-08 3.2729E-08 3.1209E-08 2.9767E-08 2.8509E-08 2.7450E-08
8.1737E-10 8.3871E-10 8.6038E-10 8.8239E-10 9.0473E-10 9.2741E-10 9.5041E-10 9.7374E-10 9.9738E-10 1.0213E-09 1.0456E-09 1.0702E-09 1.0950E-09 1.1202E-09 1.1456E-09 1.1713E-09 1.2132E-09 1.3091E-09 1.4778E-09 1.7654E-09 2.1839E-09 2.7908E-09 3.6770E-09 4.8950E-09 6.5243E-09 8.6667E-09 1.1373E-08 1.4655E-08 1.8526E-08 2.2875E-08 2.7530E-08 3.2272E-08 3.6840E-08 4.1023E-08 4.4657E-08 4.7624E-08 4.9840E-08 5.1306E-08 5.2039E-08 5.2180E-08 5.1883E-08 5.1267E-08 5.0440E-08 4.9431E-08 4.8243E-08 4.6922E-08 4.5480E-08 4.3926E-08 4.2299E-08 4.0618E-08 3.8929E-08 3.7239E-08 3.5569E-08 3.3988E-08 3.2491E-08 3.1149E-08 3.0000E-08
8.0607E-10 8.2711E-10 8.4848E-10 8.7018E-10 8.9221E-10 9.1457E-10 9.3724E-10 9.6024E-10 9.8354E-10 1.0071E-09 1.0311E-09 1.0553E-09 1.0798E-09 1.1045E-09 1.1296E-09 1.1549E-09 1.1938E-09 1.2877E-09 1.4547E-09 1.7134E-09 2.0900E-09 2.6500E-09 3.4577E-09 4.5704E-09 6.0997E-09 8.1132E-09 1.0662E-08 1.3780E-08 1.7434E-08 2.1542E-08 2.5944E-08 3.0411E-08 3.4765E-08 3.8816E-08 4.2422E-08 4.5488E-08 4.7914E-08 4.9669E-08 5.0792E-08 5.1371E-08 5.1546E-08 5.1397E-08 5.1005E-08 5.0401E-08 4.9582E-08 4.8585E-08 4.7403E-08 4.6076E-08 4.4607E-08 4.3062E-08 4.1453E-08 3.9791E-08 3.8144E-08 3.6548E-08 3.5031E-08 3.3648E-08 3.2438E-08
7.9468E-10 8.1542E-10 8.3649E-10 8.5788E-10 8.7960E-10 9.0163E-10 9.2398E-10 9.4663E-10 9.6960E-10 9.9286E-10 1.0164E-09 1.0403E-09 1.0644E-09 1.0888E-09 1.1135E-09 1.1384E-09 1.1812E-09 1.2665E-09 1.4225E-09 1.6556E-09 1.9958E-09 2.5062E-09 3.2383E-09 4.2683E-09 5.6867E-09 7.5695E-09 9.9394E-09 1.2852E-08 1.6256E-08 2.0062E-08 2.4142E-08 2.8303E-08 3.2403E-08 3.6291E-08 3.9831E-08 4.2919E-08 4.5497E-08 4.7505E-08 4.8964E-08 4.9952E-08 5.0552E-08 5.0844E-08 5.0898E-08 5.0701E-08 5.0267E-08 4.9603E-08 4.8725E-08 4.7646E-08 4.6405E-08 4.5020E-08 4.3535E-08 4.1965E-08 4.0373E-08 3.8831E-08 3.7328E-08 3.5934E-08 3.4685E-08
7.8319E-10 8.0363E-10 8.2440E-10 8.4548E-10 8.6688E-10 8.8859E-10 9.1062E-10 9.3294E-10 9.5556E-10 9.7848E-10 1.0017E-09 1.0252E-09 1.0489E-09 1.0730E-09 1.0973E-09 1.1218E-09 1.1628E-09 1.2393E-09 1.3869E-09 1.5952E-09 1.9040E-09 2.3654E-09 3.0275E-09 3.9790E-09 5.2830E-09 7.0227E-09 9.2169E-09 1.1878E-08 1.4991E-08 1.8464E-08 2.2192E-08 2.6030E-08 2.9854E-08 3.3529E-08 3.6955E-08 4.0050E-08 4.2716E-08 4.4927E-08 4.6663E-08 4.7996E-08 4.8995E-08 4.9702E-08 5.0160E-08 5.0367E-08 5.0310E-08 4.9985E-08 4.9421E-08 4.8616E-08 4.7621E-08 4.6452E-08 4.5135E-08 4.3702E-08 4.2222E-08 4.0748E-08 3.9306E-08 3.7921E-08 3.6673E-08
7.7162E-10 7.9177E-10 8.1223E-10 8.3300E-10 8.5409E-10 8.7548E-10 8.9717E-10 9.1916E-10 9.4144E-10 9.6401E-10 9.8686E-10 1.0100E-09 1.0334E-09 1.0570E-09 1.0810E-09 1.1051E-09 1.1429E-09 1.2152E-09 1.3461E-09 1.5323E-09 1.8156E-09 2.2247E-09 2.8306E-09 3.7064E-09 4.9010E-09 6.4808E-09 8.4622E-09 1.0866E-08 1.3662E-08 1.6795E-08 2.0171E-08 2.3669E-08 2.7199E-08 3.0649E-08 3.3930E-08 3.6986E-08 3.9704E-08 4.2042E-08 4.4010E-08 4.5633E-08 4.6956E-08 4.8038E-08 4.8869E-08 4.9438E-08 4.9737E-08 4.9755E-08 4.9497E-08 4.8991E-08 4.8266E-08 4.7322E-08 4.6222E-08 4.4956E-08 4.3624E-08 4.2267E-08 4.0909E-08 3.9579E-08 3.8351E-08
7.5994E-10 7.7980E-10 7.9996E-10 8.2044E-10 8.4121E-10 8.6228E-10 8.8365E-10 9.0530E-10 9.2724E-10 9.4946E-10 9.7196E-10 9.9473E-10 1.0178E-09 1.0410E-09 1.0646E-09 1.0884E-09 1.1213E-09 1.1910E-09 1.3044E-09 1.4710E-09 1.7243E-09 2.0874E-09 2.6529E-09 3.4445E-09 4.5255E-09 5.9407E-09 7.7123E-09 9.8457E-09 1.2325E-08 1.5123E-08 1.8147E-08 2.1316E-08 2.4542E-08 2.7754E-08 3.0871E-08 3.3833E-08 3.6556E-08 3.8976E-08 4.1093E-08 4.2949E-08 4.4549E-08 4.5933E-08 4.7089E-08 4.8002E-08 4.8615E-08 4.8946E-08 4.8996E-08 4.8796E-08 4.8351E-08 4.7674E-08 4.6778E-08 4.5716E-08 4.4547E-08 4.3343E-08 4.2095E-08 4.0853E-08 3.9671E-08
7.4818E-10 7.6774E-10 7.8760E-10 8.0777E-10 8.2823E-10 8.4898E-10 8.7003E-10 8.9136E-10 9.1297E-10 9.3485E-10 9.5699E-10 9.7940E-10 1.0021E-09 1.0250E-09 1.0481E-09 1.0715E-09 1.1022E-09 1.1650E-09 1.2634E-09 1.4137E-09 1.6361E-09 1.9718E-09 2.4774E-09 3.1843E-09 4.1550E-09 5.4043E-09 6.9598E-09 8.8260E-09 1.1011E-08 1.3471E-08 1.6151E-08 1.8998E-08 2.1939E-08 2.4900E-08 2.7828E-08 3.0677E-08 3.3347E-08 3.5791E-08 3.8022E-08 4.0040E-08 4.1855E-08 4.3502E-08 4.4937E-08 4.6112E-08 4.7015E-08 4.7636E-08 4.7981E-08 4.8074E-08 4.7904E-08 4.7483E-08 4.6816E-08 4.5956E-08 4.4992E-08 4.3946E-08 4.2844E-08 4.1702E-08 4.0605E-08
7.3633E-10 7.5559E-10 7.7516E-10 7.9502E-10 8.1517E-10 8.3561E-10 8.5632E-10 8.7732E-10 8.9859E-10 9.2013E-10 9.4193E-10 9.6399E-10 9.8631E-10 1.0089E-09 1.0316E-09 1.0547E-09 1.0849E-09 1.1389E-09 1.2219E-09 1.3559E-09 1.5523E-09 1.8635E-09 2.3101E-09 2.9405E-09 3.7908E-09 4.8787E-09 6.2230E-09 7.8495E-09 9.7476E-09 1.1889E-08 1.4250E-08 1.6805E-08 1.9463E-08 2.2172E-08 2.4893E-08 2.7587E-08 3.0167E-08 3.2602E-08 3.4880E-08 3.7018E-08 3.8993E-08 4.0820E-08 4.2468E-08 4.3871E-08 4.5015E-08 4.5890E-08 4.6512E-08 4.6866E-08 4.6963E-08 4.6769E-08 4.6334E-08 4.5706E-08 4.4943E-08 4.4089E-08 4.3139E-08 4.2132E-08 4.1143E-08
7.2440E-10 7.4337E-10 7.6263E-10 7.8218E-10 8.0202E-10 8.2214E-10 8.4254E-10 8.6321E-10 8.8415E-10 9.0535E-10 9.2681E-10 9.4851E-10 9.7046E-10 9.9265E-10 1.0151E-09 1.0377E-09 1.0673E-09 1.1117E-09 1.1846E-09 1.3032E-09 1.4769E-09 1.7563E-09 2.1489E-09 2.7026E-09 3.4363E-09 4.3733E-09 5.5345E-09 6.9258E-09 8.5554E-09 1.0413E-08 1.2483E-08 1.4739E-08 1.7119E-08 1.9585E-08 2.2088E-08 2.4613E-08 2.7076E-08 2.9464E-08 3.1752E-08 3.3939E-08 3.6022E-08 3.7984E-08 3.9780E-08 4.1359E-08 4.2697E-08 4.3794E-08 4.4643E-08 4.5243E-08 4.5565E-08 4.5599E-08 4.5396E-08 4.4987E-08 4.4442E-08 4.3768E-08 4.2999E-08 4.2134E-08 4.1277E-08
7.1240E-10 7.3107E-10 7.5003E-10 7.6928E-10 7.8881E-10 8.0861E-10 8.2868E-10 8.4902E-10 8.6963E-10 8.9049E-10 9.1160E-10 9.3296E-10 9.5456E-10 9.7639E-10 9.9844E-10 1.0207E-09 1.0490E-09 1.0858E-09 1.1487E-09 1.2513E-09 1.4127E-09 1.6561E-09 1.9954E-09 2.4731E-09 3.1005E-09 3.9007E-09 4.8780E-09 6.0643E-09 7.4622E-09 9.0521E-09 1.0848E-08 1.2824E-08 1.4939E-08 1.7162E-08 1.9459E-08 2.1802E-08 2.4135E-08 2.6436E-08 2.8690E-08 3.0902E-08 3.3030E-08 3.5061E-08 3.6954E-08 3.8651E-08 4.0139E-08 4.1413E-08 4.2453E-08 4.3250E-08 4.3772E-08 4.4024E-08 4.4031E-08 4.3853E-08 4.3506E-08 4.3033E-08 4.2431E-08 4.1725E-08 4.1000E-08
7.0034E-10 7.1871E-10 7.3736E-10 7.5630E-10 7.7551E-10 7.9500E-10 8.1475E-10 8.3477E-10 8.5504E-10 8.7556E-10 8.9633E-10 9.1734E-10 9.3858E-10 9.6005E-10 9.8174E-10 1.0036E-09 1.0298E-09 1.0621E-09 1.1155E-09 1.2022E-09 1.3501E-09 1.5602E-09 1.8532E-09 2.2578E-09 2.7884E-09 3.4631E-09 4.2829E-09 5.2874E-09 6.4770E-09 7.8349E-09 9.3856E-09 1.1096E-08 1.2958E-08 1.4948E-08 1.7037E-08 1.9193E-08 2.1377E-08 2.3576E-08 2.5766E-08 2.7935E-08 3.0064E-08 3.2112E-08 3.4048E-08 3.5825E-08 3.7415E-08 3.8811E-08 4.0007E-08 4.0969E-08 4.1666E-08 4.2103E-08 4.2315E-08 4.2341E-08 4.2198E-08 4.1911E-08 4.1475E-08 4.0937E-08 4.0353E-08
6.8822E-10 7.0629E-10 7.2465E-10 7.4328E-10 7.6217E-10 7.8134E-10 8.0076E-10 8.2045E-10 8.4039E-10 8.6057E-10 8.8100E-10 9.0166E-10 9.2256E-10 9.4366E-10 9.6499E-10 9.8651E-10 1.0104E-09 1.0408E-09 1.0835E-09 1.1610E-09 1.2905E-09 1.4703E-09 1.7184E-09 2.0589E-09 2.5021E-09 3.0563E-09 3.7494E-09 4.5962E-09 5.5899E-09 6.7414E-09 8.0679E-09 9.5501E-09 1.1174E-08 1.2935E-08 1.4818E-08 1.6779E-08 1.8820E-08 2.0890E-08 2.2990E-08 2.5092E-08 2.7166E-08 2.9200E-08 3.1134E-08 3.2934E-08 3.4582E-08 3.6072E-08 3.7386E-08 3.8467E-08 3.9316E-08 3.9916E-08 4.0317E-08 4.0526E-08 4.0562E-08 4.0433E-08 4.0180E-08 3.9793E-08 3.9350E-08
6.7606E-10 6.9383E-10 7.1188E-10 7.3020E-10 7.4878E-10 7.6762E-10 7.8673E-10 8.0609E-10 8.2570E-10 8.4554E-10 8.6562E-10 8.8594E-10 9.0647E-10 9.2722E-10 9.4819E-10 9.6935E-10 9.9081E-10 1.0199E-09 1.0549E-09 1.1240E-09 1.2355E-09 1.3880E-09 1.5934E-09 1.8783E-09 2.2481E-09 2.7048E-09 3.2850E-09 3.9897E-09 4.8176E-09 5.8019E-09 6.9189E-09 8.1915E-09 9.6102E-09 1.1173E-08 1.2853E-08 1.4622E-08 1.6496E-08 1.8423E-08 2.0402E-08 2.2404E-08 2.4402E-08 2.6366E-08 2.8260E-08 3.0054E-08 3.1728E-08 3.3273E-08 3.4656E-08 3.5837E-08 3.6795E-08 3.7540E-08 3.8091E-08 3.8461E-08 3.8641E-08 3.8682E-08 3.8572E-08 3.8341E-08 3.8024E-08
