Assets/Resources/2015_m01_d03_0300(utc+0800)_l00_csi_1hr_conc.grd
DSAA
         159         159
     -79.000      79.000
     -79.000      79.000
  0.0000E+00  0.7643E-04
[rows 25 to 49 of 159, columns 57 to 113 of 159]
3.4530E-09 3.4200E-09 3.3835E-09 3.3508E-09 3.3145E-09 3.2738E-09 3.2380E-09 3.2002E-09 3.1588E-09 3.1198E-09 3.0853E-09 3.0450E-09 3.0059E-09 2.9748E-09 2.9348E-09 2.8949E-09 2.8605E-09 2.8218E-09 2.7800E-09 2.7401E-09 2.7032E-09 2.6613E-09 2.6190E-09 2.5815E-09 2.5393E-09 2.4969E-09 2.4566E-09 2.4141E-09 2.3717E-09 2.3386E-09 2.3034E-09 2.2720E-09 2.2548E-09 2.2404E-09 2.2162E-09 2.1875E-09 2.1577E-09 2.1266E-09 2.1021E-09 2.0728E-09 2.0433E-09 2.0140E-09 2.0900E-09 2.1890E-09 2.1921E-09 2.1912E-09 2.1879E-09 2.1869E-09 2.1815E-09 2.1632E-09 2.1522E-09 1.8885E-09 1.5967E-09 1.5359E-09 1.4931E-09 1.4519E-09 1.3910E-09
3.5146E-09 3.4817E-09 3.4516E-09 3.4173E-09 3.3785E-09 3.3412E-09 3.3069E-09 3.2665E-09 3.2253E-09 3.1934E-09 3.1546E-09 3.1168E-09 3.0826E-09 3.0476E-09 3.0088E-09 2.9700E-09 2.9339E-09 2.8924E-09 2.8501E-09 2.8156E-09 2.7735E-09 2.7309E-09 2.6930E-09 2.6503E-09 2.6073E-09 2.5638E-09 2.5229E-09 2.4816E-09 2.4627E-09 2.4552E-09 2.4236E-09 2.3858E-09 2.3664E-09 2.3325E-09 2.3135E-09 2.2960E-09 2.2637E-09 2.2392E-09 2.2087E-09 2.1787E-09 2.1482E-09 2.1177E-09 2.4626E-09 2.3400E-09 2.3455E-09 2.3495E-09 2.3490E-09 2.3236E-09 2.3183E-09 2.3115E-09 2.3009E-09 2.2790E-09 2.2563E-09 2.2275E-09 2.1924E-09 1.8402E-09 1.4588E-09
3.5758E-09 3.5463E-09 3.5176E-09 3.4813E-09 3.4429E-09 3.4131E-09 3.3740E-09 3.3341E-09 3.3005E-09 3.2662E-09 3.2282E-09 3.1934E-09 3.1612E-09 3.1219E-09 3.0813E-09 3.0483E-09 3.0073E-09 2.9654E-09 2.9309E-09 2.8890E-09 2.8464E-09 2.8057E-09 2.7652E-09 2.7218E-09 2.6778E-09 2.6600E-09 2.6450E-09 2.6046E-09 2.5796E-09 2.5561E-09 2.5394E-09 2.5329E-09 2.5067E-09 2.4750E-09 2.4424E-09 2.4099E-09 2.3845E-09 2.3539E-09 2.3228E-09 2.2919E-09 2.2602E-09 2.6235E-09 2.6539E-09 2.8058E-09 2.8315E-09 2.8521E-09 2.8639E-09 2.8770E-09 2.8792E-09 2.8711E-09 2.5673E-09 2.5256E-09 2.4109E-09 2.3709E-09 2.3392E-09 2.3024E-09 2.2625E-09
3.6365E-09 3.6113E-09 3.5812E-09 3.5456E-09 3.5147E-09 3.4806E-09 3.4422E-09 3.4083E-09 3.3780E-09 3.3416E-09 3.3045E-09 3.2741E-09 3.2361E-09 3.1968E-09 3.1645E-09 3.1245E-09 3.0832E-09 3.0465E-09 3.0075E-09 2.9651E-09 2.9218E-09 2.8839E-09 2.8493E-09 2.8372E-09 2.8111E-09 2.7731E-09 2.7570E-09 2.7587E-09 2.7260E-09 2.6902E-09 2.6729E-09 2.6567E-09 2.7751E-09 2.7482E-09 2.7266E-09 2.7370E-09 2.6879E-09 2.6599E-09 2.6303E-09 2.5991E-09 3.1222E-09 3.1753E-09 3.2211E-09 3.2751E-09 3.0962E-09 3.1201E-09 3.1318E-09 3.1185E-09 3.1242E-09 3.1228E-09 3.1092E-09 3.0858E-09 3.0556E-09 3.0161E-09 2.6026E-09 2.4864E-09 2.4032E-09
3.7001E-09 3.6768E-09 3.6447E-09 3.6135E-09 3.5848E-09 3.5499E-09 3.5149E-09 3.4865E-09 3.4554E-09 3.4177E-09 3.3855E-09 3.3511E-09 3.3133E-09 3.2797E-09 3.2433E-09 3.2032E-09 3.1645E-09 3.1288E-09 3.0869E-09 3.0440E-09 3.0200E-09 3.0091E-09 3.0021E-09 3.0468E-09 3.0608E-09 3.0329E-09 3.0217E-09 3.0147E-09 3.0135E-09 3.0184E-09 2.9975E-09 2.9746E-09 2.9509E-09 2.9262E-09 2.9073E-09 2.8813E-09 2.8544E-09 2.8265E-09 2.9439E-09 3.4935E-09 3.5607E-09 3.6274E-09 3.6902E-09 3.7474E-09 3.7973E-09 3.8351E-09 3.8616E-09 3.8821E-09 3.8813E-09 3.5223E-09 3.4893E-09 3.3667E-09 3.3058E-09 3.2667E-09 3.2155E-09 3.1627E-09 2.6742E-09
3.7671E-09 3.7393E-09 3.7084E-09 3.6825E-09 3.6548E-09 3.6231E-09 3.5970E-09 3.5664E-09 3.5310E-09 3.4972E-09 3.4667E-09 3.4304E-09 3.3958E-09 3.3635E-09 3.3248E-09 3.2845E-09 3.2524E-09 3.2115E-09 3.1805E-09 3.1751E-09 3.1923E-09 3.2441E-09 3.2396E-09 3.2189E-09 3.2224E-09 3.2380E-09 3.3475E-09 3.3343E-09 3.3330E-09 3.3275E-09 3.3150E-09 3.3010E-09 3.2851E-09 3.2671E-09 3.2555E-09 3.2346E-09 3.2114E-09 3.1854E-09 3.6258E-09 3.8432E-09 3.9235E-09 4.0009E-09 4.0721E-09 4.1351E-09 4.1882E-09 4.2302E-09 4.2600E-09 4.2771E-09 4.2814E-09 4.2700E-09 4.2407E-09 4.2008E-09 4.1455E-09 3.6488E-09 3.4998E-09 3.4098E-09 3.3387E-09
3.8279E-09 3.8015E-09 3.7763E-09 3.7555E-09 3.7277E-09 3.7010E-09 3.6756E-09 3.6428E-09 3.6085E-09 3.5823E-09 3.5478E-09 3.5120E-09 3.4843E-09 3.4476E-09 3.4090E-09 3.3752E-09 3.3439E-09 3.3316E-09 3.3632E-09 3.4201E-09 3.4346E-09 3.4940E-09 3.5481E-09 3.5453E-09 3.5422E-09 3.5468E-09 3.5404E-09 3.5395E-09 3.5471E-09 3.5415E-09 3.5342E-09 3.5250E-09 3.5133E-09 3.5077E-09 3.4919E-09 3.4733E-09 3.4515E-09 3.9156E-09 4.1520E-09 4.2498E-09 4.3438E-09 4.4322E-09 4.5113E-09 4.5791E-09 4.6341E-09 4.6751E-09 4.7012E-09 4.7123E-09 4.7085E-09 4.6888E-09 4.6531E-09 4.6048E-09 4.5427E-09 4.4703E-09 4.3783E-09 3.8099E-09 3.6636E-09
3.8882E-09 3.8645E-09 3.8514E-09 3.8276E-09 3.8003E-09 3.7780E-09 3.7520E-09 3.7208E-09 3.6944E-09 3.6648E-09 3.6312E-09 3.6025E-09 3.5708E-09 3.5344E-09 3.5019E-09 3.4880E-09 3.5122E-09 3.5744E-09 3.6189E-09 3.6930E-09 3.7376E-09 3.7392E-09 3.7380E-09 3.7366E-09 3.7542E-09 3.7558E-09 3.7566E-09 3.7788E-09 3.7817E-09 3.7829E-09 3.7820E-09 3.7784E-09 3.7807E-09 3.7724E-09 3.7602E-09 3.7443E-09 4.2304E-09 4.4883E-09 4.6062E-09 4.7214E-09 4.8296E-09 4.9287E-09 5.0149E-09 5.0862E-09 5.1413E-09 5.1791E-09 5.1992E-09 5.2016E-09 5.1868E-09 5.1536E-09 5.1031E-09 5.0389E-09 4.9647E-09 4.8810E-09 4.7777E-09 4.6496E-09 4.5073E-09
3.9493E-09 3.9416E-09 3.9215E-09 3.8979E-09 3.8759E-09 3.8571E-09 3.8300E-09 3.8039E-09 3.7803E-09 3.7496E-09 3.7203E-09 3.6937E-09 3.6605E-09 3.6319E-09 3.6426E-09 3.7057E-09 3.7671E-09 3.8552E-09 3.9109E-09 3.9200E-09 3.9288E-09 3.9356E-09 3.9425E-09 3.9684E-09 3.9794E-09 3.9897E-09 4.0214E-09 4.0345E-09 4.0459E-09 4.0552E-09 4.0619E-09 4.0739E-09 4.0753E-09 4.0724E-09 4.0645E-09 4.5723E-09 4.8514E-09 4.9938E-09 5.1335E-09 5.2669E-09 5.3894E-09 5.4985E-09 5.5905E-09 5.6636E-09 5.7165E-09 5.7485E-09 5.7596E-09 5.7503E-09 5.7205E-09 5.6712E-09 5.6027E-09 5.5215E-09 5.4277E-09 5.3243E-09 5.1990E-09 5.0550E-09 4.8986E-09
4.0241E-09 4.0088E-09 3.9889E-09 3.9677E-09 3.9534E-09 3.9344E-09 3.9097E-09 3.8897E-09 3.8658E-09 3.8368E-09 3.8128E-09 3.7877E-09 3.7666E-09 3.8112E-09 3.8940E-09 3.9814E-09 4.0620E-09 4.0906E-09 4.1038E-09 4.1179E-09 4.1367E-09 4.1530E-09 4.1825E-09 4.2095E-09 4.2308E-09 4.2667E-09 4.2983E-09 4.3219E-09 4.3435E-09 4.3623E-09 4.3865E-09 4.3999E-09 4.4086E-09 4.4120E-09 4.7753E-09 5.2428E-09 5.4114E-09 5.5811E-09 5.7565E-09 5.9223E-09 6.0651E-09 6.1829E-09 6.2785E-09 6.3186E-09 6.3665E-09 6.3896E-09 6.3884E-09 6.3638E-09 6.3153E-09 6.2455E-09 6.1550E-09 6.0520E-09 5.9367E-09 5.8105E-09 5.6609E-09 5.4926E-09 5.3120E-09
4.0878E-09 4.0732E-09 4.0563E-09 4.0463E-09 4.0327E-09 4.0130E-09 3.9945E-09 3.9782E-09 3.9536E-09 3.9301E-09 3.9131E-09 3.9043E-09 3.9734E-09 4.0826E-09 4.1918E-09 4.2398E-09 4.2660E-09 4.2878E-09 4.3112E-09 4.3395E-09 4.3662E-09 4.4002E-09 4.4443E-09 4.4779E-09 4.5191E-09 4.5711E-09 4.6088E-09 4.6447E-09 4.6780E-09 4.7080E-09 4.7446E-09 4.7676E-09 4.8194E-09 5.0237E-09 5.6997E-09 5.8990E-09 6.1089E-09 6.3225E-09 6.5236E-09 6.6947E-09 6.8439E-09 6.9667E-09 7.0321E-09 7.1000E-09 7.1384E-09 7.1476E-09 7.1286E-09 7.0826E-09 7.0096E-09 6.9003E-09 6.7652E-09 6.6363E-09 6.4944E-09 6.3406E-09 6.1632E-09 5.9690E-09 5.7627E-09
4.1490E-09 4.1376E-09 4.1319E-09 4.1234E-09 4.1095E-09 4.0930E-09 4.0819E-09 4.0659E-09 4.0440E-09 4.0362E-09 4.0428E-09 4.1314E-09 4.2637E-09 4.3644E-09 4.4051E-09 4.4393E-09 4.4705E-09 4.5037E-09 4.5423E-09 4.5801E-09 4.6194E-09 4.6818E-09 4.7288E-09 4.7765E-09 4.8504E-09 4.9041E-09 4.9564E-09 5.0066E-09 5.0536E-09 5.1072E-09 5.1475E-09 5.2597E-09 5.2913E-09 6.0058E-09 6.4450E-09 6.7215E-09 6.9813E-09 7.2156E-09 7.4285E-09 7.6172E-09 7.7738E-09 7.8706E-09 7.9640E-09 8.0191E-09 8.0121E-09 8.0005E-09 7.9585E-09 7.8851E-09 7.7627E-09 7.6240E-09 7.4753E-09 7.3132E-09 7.1322E-09 6.9230E-09 6.7107E-09 6.4860E-09 6.2602E-09
4.2133E-09 4.2147E-09 4.2062E-09 4.1975E-09 4.1875E-09 4.1850E-09 4.1717E-09 4.1569E-09 4.1508E-09 4.1779E-09 4.2960E-09 4.4341E-09 4.5236E-09 4.5661E-09 4.6059E-09 4.6498E-09 4.6936E-09 4.7399E-09 4.7928E-09 4.8449E-09 4.9135E-09 4.9812E-09 5.0443E-09 5.1262E-09 5.2048E-09 5.2757E-09 5.3450E-09 5.4116E-09 5.4847E-09 5.6329E-09 5.7318E-09 5.8288E-09 6.5658E-09 7.0715E-09 7.4008E-09 7.6957E-09 7.9787E-09 8.2430E-09 8.4800E-09 8.6834E-09 8.8158E-09 8.9427E-09 9.0166E-09 9.0343E-09 9.0368E-09 9.0000E-09 8.9223E-09 8.7894E-09 8.6367E-09 8.4465E-09 8.2598E-09 8.0459E-09 7.8149E-09 7.5895E-09 7.3406E-09 7.0643E-09 6.7903E-09
4.2832E-09 4.2812E-09 4.2768E-09 4.2724E-09 4.2771E-09 4.2699E-09 4.2603E-09 4.2602E-09 4.3011E-09 4.4353E-09 4.5881E-09 4.6737E-09 4.7212E-09 4.7670E-09 4.8241E-09 4.8788E-09 4.9368E-09 5.0020E-09 5.0674E-09 5.1431E-09 5.2321E-09 5.3119E-09 5.4027E-09 5.5077E-09 5.5989E-09 5.6895E-09 5.7782E-09 5.9233E-09 6.1428E-09 6.2818E-09 6.4126E-09 7.0171E-09 7.7525E-09 8.1260E-09 8.4839E-09 8.8246E-09 9.1508E-09 9.6360E-09 9.9335E-09 9.9232E-09 1.0092E-08 1.0194E-08 1.0242E-08 1.0253E-08 1.0195E-08 1.0114E-08 9.9775E-09 9.8089E-09 9.6094E-09 9.3973E-09 9.1424E-09 8.8739E-09 8.5917E-09 8.3182E-09 8.0049E-09 7.7122E-09 7.4005E-09
4.3451E-09 4.3476E-09 4.3510E-09 4.3592E-09 4.3593E-09 4.3563E-09 4.3616E-09 4.4147E-09 4.5336E-09 4.7136E-09 4.8108E-09 4.8687E-09 4.9244E-09 4.9880E-09 5.0573E-09 5.1274E-09 5.2017E-09 5.2847E-09 5.3679E-09 5.4789E-09 5.5762E-09 5.6766E-09 5.8093E-09 5.9222E-09 6.0361E-09 6.2006E-09 6.4181E-09 6.8700E-09 7.1101E-09 7.5324E-09 7.7506E-09 8.2290E-09 8.8829E-09 9.3306E-09 9.7537E-09 1.0148E-08 1.0718E-08 1.1090E-08 1.1413E-08 1.1680E-08 1.1867E-08 1.1994E-08 1.2060E-08 1.2059E-08 1.2022E-08 1.1393E-08 1.1205E-08 1.0983E-08 1.0712E-08 1.0422E-08 1.0110E-08 9.7953E-09 9.4719E-09 9.1212E-09 8.7564E-09 8.4167E-09 8.0557E-09
4.4067E-09 4.4242E-09 4.4310E-09 4.4375E-09 4.4425E-09 4.4587E-09 4.4999E-09 4.6436E-09 4.8012E-09 4.9391E-09 5.0066E-09 5.0726E-09 5.1430E-09 5.2269E-09 5.3095E-09 5.3971E-09 5.4940E-09 5.5928E-09 5.7123E-09 5.8339E-09 5.9539E-09 6.0979E-09 6.2417E-09 6.4310E-09 6.8945E-09 7.1817E-09 7.7060E-09 7.9727E-09 8.5686E-09 8.8071E-09 9.0305E-09 9.6443E-09 1.0170E-08 1.0705E-08 1.1198E-08 1.1649E-08 1.2583E-08 1.3040E-08 1.3432E-08 1.3752E-08 1.3555E-08 1.3656E-08 1.3694E-08 1.3676E-08 1.3583E-08 1.3409E-08 1.3186E-08 1.2918E-08 1.1953E-08 1.1597E-08 1.1216E-08 1.0817E-08 1.0413E-08 1.0006E-08 9.6041E-09 9.1873E-09 8.8703E-09
4.4783E-09 4.4925E-09 4.5047E-09 4.5166E-09 4.5381E-09 4.5858E-09 4.7198E-09 4.9063E-09 5.0534E-09 5.1327E-09 5.2097E-09 5.2910E-09 5.3860E-09 5.4808E-09 5.5819E-09 5.6889E-09 5.8074E-09 5.9358E-09 6.0817E-09 6.2219E-09 6.3777E-09 6.5530E-09 7.0399E-09 7.3644E-09 7.9342E-09 8.5306E-09 8.9609E-09 9.3765E-09 9.6884E-09 9.9871E-09 1.0544E-08 1.1049E-08 1.1680E-08 1.2311E-08 1.2878E-08 1.3945E-08 1.4516E-08 1.5013E-08 1.5428E-08 1.5752E-08 1.5954E-08 1.6085E-08 1.6133E-08 1.6094E-08 1.5309E-08 1.5069E-08 1.4787E-08 1.4450E-08 1.4050E-08 1.3608E-08 1.3132E-08 1.1964E-08 1.1483E-08 1.0990E-08 1.0520E-08 1.0042E-08 9.6778E-09
4.5407E-09 4.5607E-09 4.5787E-09 4.6080E-09 4.6483E-09 4.7727E-09 4.9387E-09 5.1217E-09 5.2446E-09 5.3327E-09 5.4262E-09 5.5329E-09 5.6393E-09 5.7536E-09 5.8752E-09 6.0089E-09 6.1464E-09 6.3094E-09 6.4768E-09 6.6447E-09 7.1098E-09 7.5146E-09 8.1141E-09 8.5528E-09 9.2487E-09 9.7650E-09 1.0163E-08 1.0558E-08 1.0942E-08 1.1310E-08 1.2018E-08 1.2640E-08 1.3389E-08 1.4123E-08 1.5666E-08 1.6423E-08 1.7114E-08 1.7706E-08 1.8190E-08 1.7987E-08 1.8200E-08 1.8303E-08 1.8299E-08 1.8186E-08 1.7962E-08 1.7687E-08 1.7341E-08 1.6121E-08 1.5635E-08 1.5122E-08 1.4538E-08 1.3939E-08 1.3349E-08 1.2086E-08 1.1538E-08 1.1123E-08 1.0538E-08
4.6026E-09 4.6287E-09 4.6648E-09 4.7031E-09 4.8151E-09 5.0148E-09 5.1659E-09 5.3416E-09 5.4398E-09 5.5487E-09 5.6654E-09 5.7836E-09 5.9102E-09 6.0501E-09 6.1951E-09 6.3491E-09 6.5213E-09 6.7152E-09 6.9522E-09 7.5725E-09 8.0702E-09 8.6648E-09 9.3322E-09 9.9165E-09 1.0465E-08 1.0950E-08 1.1437E-08 1.1918E-08 1.2387E-08 1.3179E-08 1.3730E-08 1.4487E-08 1.5364E-08 1.7171E-08 1.8118E-08 1.8967E-08 1.9723E-08 2.0353E-08 2.0850E-08 2.1208E-08 2.1430E-08 2.1517E-08 2.1475E-08 2.0497E-08 2.0216E-08 1.9844E-08 1.9376E-08 1.8817E-08 1.8209E-08 1.6759E-08 1.6071E-08 1.5394E-08 1.4688E-08 1.4018E-08 1.3336E-08 1.2159E-08 1.1655E-08
4.6637E-09 4.7083E-09 4.7412E-09 4.8471E-09 5.0479E-09 5.2359E-09 5.4187E-09 5.5300E-09 5.6539E-09 5.7788E-09 5.9115E-09 6.0504E-09 6.2034E-09 6.3635E-09 6.5337E-09 6.7143E-09 6.9347E-09 7.4483E-09 7.8567E-09 8.5977E-09 9.0757E-09 9.9672E-09 1.0571E-08 1.1129E-08 1.1719E-08 1.2307E-08 1.2895E-08 1.3478E-08 1.4359E-08 1.5040E-08 1.5709E-08 1.6619E-08 1.8655E-08 1.9881E-08 2.0948E-08 2.1888E-08 2.2703E-08 2.3363E-08 2.3858E-08 2.4190E-08 2.4363E-08 2.4382E-08 2.4256E-08 2.3997E-08 2.3621E-08 2.3099E-08 2.1620E-08 2.0961E-08 2.0212E-08 1.9406E-08 1.8576E-08 1.6957E-08 1.6151E-08 1.5393E-08 1.4802E-08 1.3989E-08 1.2703E-08
4.7361E-09 4.7775E-09 4.8550E-09 5.0523E-09 5.2262E-09 5.4325E-09 5.5984E-09 5.7361E-09 5.8724E-09 6.0177E-09 6.1718E-09 6.3379E-09 6.5115E-09 6.6975E-09 6.9027E-09 7.2192E-09 7.7894E-09 8.2241E-09 8.9861E-09 9.8641E-09 1.0510E-08 1.1122E-08 1.1766E-08 1.2451E-08 1.3146E-08 1.3852E-08 1.4560E-08 1.5261E-08 1.6358E-08 1.7181E-08 1.7987E-08 2.0136E-08 2.1607E-08 2.3010E-08 2.4198E-08 2.5224E-08 2.6090E-08 2.6765E-08 2.7243E-08 2.7530E-08 2.7636E-08 2.7567E-08 2.7337E-08 2.6960E-08 2.6456E-08 2.5798E-08 2.5039E-08 2.4180E-08 2.2398E-08 2.1476E-08 2.0488E-08 1.9506E-08 1.8587E-08 1.6867E-08 1.6196E-08 1.5490E-08 1.4546E-08
4.7972E-09 4.8549E-09 5.0326E-09 5.2582E-09 5.4199E-09 5.6412E-09 5.7944E-09 5.9446E-09 6.1018E-09 6.2729E-09 6.4511E-09 6.6379E-09 6.8378E-09 7.0854E-09 7.4947E-09 8.0418E-09 8.5866E-09 9.3351E-09 1.0293E-08 1.0932E-08 1.1619E-08 1.2348E-08 1.3129E-08 1.3934E-08 1.4762E-08 1.5605E-08 1.6451E-08 1.7656E-08 1.8646E-08 1.9632E-08 2.1700E-08 2.3321E-08 2.5017E-08 2.6600E-08 2.7909E-08 2.9012E-08 2.9916E-08 3.0589E-08 3.1030E-08 3.1252E-08 3.1268E-08 3.1089E-08 3.0732E-08 3.0216E-08 2.9563E-08 2.8750E-08 2.7833E-08 2.6814E-08 2.5725E-08 2.4580E-08 2.2572E-08 2.1455E-08 2.0373E-08 1.9573E-08 1.7684E-08 1.6876E-08 1.5832E-08
4.8571E-09 5.0076E-09 5.2468E-09 5.4277E-09 5.5952E-09 5.8070E-09 5.9804E-09 6.1622E-09 6.3457E-09 6.5372E-09 6.7405E-09 6.9538E-09 7.2825E-09 7.6666E-09 8.3204E-09 9.0397E-09 9.7184E-09 1.0598E-08 1.1293E-08 1.2049E-08 1.2861E-08 1.3725E-08 1.4650E-08 1.5603E-08 1.6585E-08 1.7584E-08 1.8926E-08 2.0067E-08 2.1249E-08 2.3213E-08 2.5090E-08 2.6999E-08 2.8932E-08 3.0697E-08 3.2120E-08 3.3288E-08 3.4211E-08 3.4863E-08 3.5243E-08 3.5375E-08 3.5276E-08 3.4964E-08 3.4455E-08 3.3777E-08 3.2953E-08 3.1963E-08 3.0871E-08 2.9670E-08 2.8404E-08 2.7084E-08 2.5734E-08 2.3596E-08 2.2340E-08 2.1384E-08 2.0157E-08 1.9143E-08 1.7187E-08
4.9653E-09 5.1847E-09 5.4159E-09 5.5787E-09 5.7836E-09 5.9595E-09 6.1570E-09 6.3762E-09 6.5848E-09 6.8132E-09 7.0505E-09 7.4247E-09 7.8528E-09 8.5170E-09 9.0871E-09 9.9958E-09 1.0840E-08 1.1585E-08 1.2403E-08 1.3292E-08 1.4247E-08 1.5278E-08 1.6353E-08 1.7474E-08 1.8630E-08 2.0176E-08 2.1434E-08 2.2793E-08 2.4617E-08 2.7157E-08 2.9001E-08 3.1223E-08 3.3401E-08 3.5344E-08 3.6868E-08 3.8083E-08 3.9003E-08 3.9608E-08 3.9901E-08 3.9916E-08 3.9675E-08 3.9201E-08 3.8516E-08 3.7650E-08 3.6633E-08 3.5445E-08 3.4154E-08 3.2756E-08 3.1292E-08 2.9780E-08 2.8248E-08 2.6794E-08 2.5354E-08 2.3343E-08 2.2228E-08 2.0794E-08 1.9434E-08
5.1132E-09 5.3586E-09 5.5728E-09 5.7418E-09 5.9206E-09 6.1117E-09 6.3263E-09 6.5721E-09 6.8081E-09 7.0989E-09 7.4887E-09 7.9773E-09 8.6716E-09 9.3505E-09 1.0141E-08 1.1015E-08 1.1803E-08 1.2674E-08 1.3629E-08 1.4682E-08 1.5801E-08 1.6990E-08 1.8248E-08 1.9877E-08 2.1304E-08 2.2767E-08 2.4250E-08 2.5858E-08 2.9099E-08 3.1307E-08 3.3490E-08 3.6043E-08 3.8469E-08 4.0579E-08 4.2184E-08 4.3423E-08 4.4313E-08 4.4843E-08 4.5016E-08 4.4886E-08 4.4473E-08 4.3810E-08 4.2920E-08 4.1842E-08 4.0607E-08 3.9200E-08 3.7687E-08 3.6072E-08 3.4391E-08 3.2671E-08 3.0966E-08 2.9303E-08 2.8016E-08 2.6323E-08 2.4158E-08 2.2565E-08 2.1039E-08
