Assets/Resources/2015_m01_d28_1100(utc+0800)_l00_csi_1hr_conc.grd
DSAA
         159         159
     -79.000      79.000
     -79.000      79.000
  0.0000E+00  0.4231E-05
[rows 25 to 49 of 159, columns 57 to 113 of 159]
2.1104E-09 2.6329E-09 3.2391E-09 3.9354E-09 4.7162E-09 5.5744E-09 6.4976E-09 7.4659E-09 8.4551E-09 9.4343E-09 1.0375E-08 1.1243E-08 1.2002E-08 1.2622E-08 1.3075E-08 1.3341E-08 1.3411E-08 1.3279E-08 1.2950E-08 1.2437E-08 1.1764E-08 1.0959E-08 1.0056E-08 9.0881E-09 8.0890E-09 7.0870E-09 6.1169E-09 5.1967E-09 4.3464E-09 3.5764E-09 2.8950E-09 2.3056E-09 1.8188E-09 1.4156E-09 1.0814E-09 8.1694E-10 6.0246E-10 4.3198E-10 2.9423E-10 1.7451E-10 8.6975E-11 3.6410E-11 1.5059E-11 4.0665E-12 0.0000E+00 0.0000E+00 0.0000E+00 0.0000E+00 0.0000E+00 0.0000E+00 0.0000E+00 0.0000E+00 0.0000E+00 0.0000E+00 0.0000E+00 0.0000E+00 0.0000E+00
2.0170E-09 2.5399E-09 3.1566E-09 3.8686E-09 4.6759E-09 5.5698E-09 6.5375E-09 7.5595E-09 8.6103E-09 9.6571E-09 1.0665E-08 1.1595E-08 1.2412E-08 1.3080E-08 1.3571E-08 1.3864E-08 1.3942E-08 1.3803E-08 1.3454E-08 1.2909E-08 1.2202E-08 1.1352E-08 1.0393E-08 9.3669E-09 8.3107E-09 7.2613E-09 6.2414E-09 5.2828E-09 4.4048E-09 3.6125E-09 2.9113E-09 2.3094E-09 1.8175E-09 1.4092E-09 1.0728E-09 8.0401E-10 5.8987E-10 4.2119E-10 2.8585E-10 1.6903E-10 8.2540E-11 3.5498E-11 1.4117E-11 3.7415E-12 0.0000E+00 0.0000E+00 0.0000E+00 0.0000E+00 0.0000E+00 0.0000E+00 0.0000E+00 0.0000E+00 0.0000E+00 0.0000E+00 0.0000E+00 0.0000E+00 0.0000E+00
1.9267E-09 2.4545E-09 3.0794E-09 3.8094E-09 4.6437E-09 5.5755E-09 6.5911E-09 7.6697E-09 8.7823E-09 9.8914E-09 1.0966E-08 1.1963E-08 1.2842E-08 1.3563E-08 1.4094E-08 1.4409E-08 1.4498E-08 1.4353E-08 1.3981E-08 1.3405E-08 1.2642E-08 1.1733E-08 1.0720E-08 9.6390E-09 8.5292E-09 7.4241E-09 6.3604E-09 5.3634E-09 4.4489E-09 3.6327E-09 2.9171E-09 2.2987E-09 1.8021E-09 1.3907E-09 1.0580E-09 7.8823E-10 5.7683E-10 4.0894E-10 2.7411E-10 1.5826E-10 7.5850E-11 3.3445E-11 1.3031E-11 3.3866E-12 0.0000E+00 0.0000E+00 0.0000E+00 0.0000E+00 0.0000E+00 0.0000E+00 0.0000E+00 0.0000E+00 0.0000E+00 0.0000E+00 0.0000E+00 0.0000E+00 0.0000E+00
1.8408E-09 2.3703E-09 3.0071E-09 3.7578E-09 4.6212E-09 5.5916E-09 6.6553E-09 7.7899E-09 8.9672E-09 1.0153E-08 1.1305E-08 1.2376E-08 1.3320E-08 1.4096E-08 1.4666E-08 1.5007E-08 1.5101E-08 1.4944E-08 1.4545E-08 1.3924E-08 1.3113E-08 1.2149E-08 1.1068E-08 9.9149E-09 8.7386E-09 7.5796E-09 6.4670E-09 5.4268E-09 4.4814E-09 3.6375E-09 2.9041E-09 2.2807E-09 1.7775E-09 1.3693E-09 1.0337E-09 7.6596E-10 5.5534E-10 3.9118E-10 2.6297E-10 1.5039E-10 7.1949E-11 3.1981E-11 1.1829E-11 3.0115E-12 0.0000E+00 0.0000E+00 0.0000E+00 0.0000E+00 0.0000E+00 0.0000E+00 0.0000E+00 0.0000E+00 0.0000E+00 0.0000E+00 0.0000E+00 0.0000E+00 0.0000E+00
1.7613E-09 2.2940E-09 2.9421E-09 3.7112E-09 4.6060E-09 5.6197E-09 6.7383E-09 7.9406E-09 9.1968E-09 1.0464E-08 1.1698E-08 1.2848E-08 1.3861E-08 1.4699E-08 1.5317E-08 1.5685E-08 1.5787E-08 1.5616E-08 1.5183E-08 1.4512E-08 1.3637E-08 1.2592E-08 1.1431E-08 1.0211E-08 8.9624E-09 7.7312E-09 6.5584E-09 5.4756E-09 4.4967E-09 3.6298E-09 2.8777E-09 2.2430E-09 1.7402E-09 1.3327E-09 1.0028E-09 7.4058E-10 5.3511E-10 3.7325E-10 2.4876E-10 1.3732E-10 6.2112E-11 2.9309E-11 1.0545E-11 2.6270E-12 0.0000E+00 0.0000E+00 0.0000E+00 0.0000E+00 0.0000E+00 0.0000E+00 0.0000E+00 0.0000E+00 0.0000E+00 0.0000E+00 0.0000E+00 0.0000E+00 0.0000E+00
1.6895E-09 2.2253E-09 2.8830E-09 3.6740E-09 4.5999E-09 5.6558E-09 6.8300E-09 8.1018E-09 9.4350E-09 1.0785E-08 1.2099E-08 1.3335E-08 1.4431E-08 1.5335E-08 1.6001E-08 1.6397E-08 1.6505E-08 1.6318E-08 1.5849E-08 1.5122E-08 1.4173E-08 1.3052E-08 1.1811E-08 1.0495E-08 9.1645E-09 7.8688E-09 6.6426E-09 5.5091E-09 4.4915E-09 3.5986E-09 2.8352E-09 2.1937E-09 1.6942E-09 1.2898E-09 9.6400E-10 7.0520E-10 5.0767E-10 3.5117E-10 2.3203E-10 1.2564E-10 5.7432E-11 2.6380E-11 9.2159E-12 8.5209E-13 0.0000E+00 0.0000E+00 0.0000E+00 0.0000E+00 0.0000E+00 0.0000E+00 0.0000E+00 0.0000E+00 0.0000E+00 0.0000E+00 0.0000E+00 0.0000E+00 0.0000E+00
1.6226E-09 2.1620E-09 2.8315E-09 3.6427E-09 4.5991E-09 5.6989E-09 6.9331E-09 8.2750E-09 9.6880E-09 1.1126E-08 1.2545E-08 1.3878E-08 1.5059E-08 1.6034E-08 1.6757E-08 1.7186E-08 1.7301E-08 1.7096E-08 1.6582E-08 1.5788E-08 1.4762E-08 1.3548E-08 1.2203E-08 1.0798E-08 9.3827E-09 7.9996E-09 6.7042E-09 5.5249E-09 4.4731E-09 3.5562E-09 2.7750E-09 2.1279E-09 1.6296E-09 1.2346E-09 9.1836E-10 6.7144E-10 4.8193E-10 3.3197E-10 2.1244E-10 1.1065E-10 5.1268E-11 2.3284E-11 6.4813E-12 0.0000E+00 0.0000E+00 0.0000E+00 0.0000E+00 0.0000E+00 0.0000E+00 0.0000E+00 0.0000E+00 0.0000E+00 0.0000E+00 0.0000E+00 0.0000E+00 0.0000E+00 0.0000E+00
1.5639E-09 2.1065E-09 2.7861E-09 3.6145E-09 4.5983E-09 5.7451E-09 7.0376E-09 8.4481E-09 9.9510E-09 1.1493E-08 1.3012E-08 1.4434E-08 1.5709E-08 1.6766E-08 1.7550E-08 1.8016E-08 1.8140E-08 1.7915E-08 1.7356E-08 1.6497E-08 1.5374E-08 1.4055E-08 1.2610E-08 1.1097E-08 9.5802E-09 8.1201E-09 6.7565E-09 5.5193E-09 4.4283E-09 3.4904E-09 2.6984E-09 2.0504E-09 1.5593E-09 1.1728E-09 8.6561E-10 6.2906E-10 4.4704E-10 3.0348E-10 1.9162E-10 9.6553E-11 4.5216E-11 1.9958E-11 8.2741E-13 0.0000E+00 0.0000E+00 0.0000E+00 0.0000E+00 0.0000E+00 0.0000E+00 0.0000E+00 0.0000E+00 0.0000E+00 0.0000E+00 0.0000E+00 0.0000E+00 0.0000E+00 0.0000E+00
1.5099E-09 2.0557E-09 2.7405E-09 3.5839E-09 4.6009E-09 5.7908E-09 7.1377E-09 8.6270E-09 1.0220E-08 1.1855E-08 1.3475E-08 1.5016E-08 1.6400E-08 1.7545E-08 1.8399E-08 1.8914E-08 1.9054E-08 1.8812E-08 1.8204E-08 1.7263E-08 1.6046E-08 1.4619E-08 1.3044E-08 1.1409E-08 9.7859E-09 8.2289E-09 6.7885E-09 5.4985E-09 4.3693E-09 3.4086E-09 2.6077E-09 1.9549E-09 1.4755E-09 1.1002E-09 8.0858E-10 5.8270E-10 4.1156E-10 2.7481E-10 1.6755E-10 8.3772E-11 3.9106E-11 1.0392E-11 0.0000E+00 0.0000E+00 0.0000E+00 0.0000E+00 0.0000E+00 0.0000E+00 0.0000E+00 0.0000E+00 0.0000E+00 0.0000E+00 0.0000E+00 0.0000E+00 0.0000E+00 0.0000E+00 0.0000E+00
1.4596E-09 2.0060E-09 2.6967E-09 3.5550E-09 4.5992E-09 5.8236E-09 7.2303E-09 8.7962E-09 1.0470E-08 1.2215E-08 1.3960E-08 1.5618E-08 1.7108E-08 1.8362E-08 1.9299E-08 1.9863E-08 2.0025E-08 1.9770E-08 1.9110E-08 1.8091E-08 1.6762E-08 1.5202E-08 1.3501E-08 1.1741E-08 9.9908E-09 8.3277E-09 6.8062E-09 5.4585E-09 4.2872E-09 3.3044E-09 2.5012E-09 1.8527E-09 1.3836E-09 1.0255E-09 7.4486E-10 5.3296E-10 3.6977E-10 2.4144E-10 1.4271E-10 7.1335E-11 2.4966E-11 3.8866E-12 0.0000E+00 0.0000E+00 0.0000E+00 0.0000E+00 0.0000E+00 0.0000E+00 0.0000E+00 0.0000E+00 0.0000E+00 0.0000E+00 0.0000E+00 0.0000E+00 0.0000E+00 0.0000E+00 0.0000E+00
1.4139E-09 1.9590E-09 2.6516E-09 3.5235E-09 4.5829E-09 5.8476E-09 7.3078E-09 8.9390E-09 1.0711E-08 1.2567E-08 1.4424E-08 1.6207E-08 1.7828E-08 1.9193E-08 2.0221E-08 2.0857E-08 2.1049E-08 2.0785E-08 2.0079E-08 1.8969E-08 1.7523E-08 1.5834E-08 1.3981E-08 1.2066E-08 1.0186E-08 8.4213E-09 6.8110E-09 5.3985E-09 4.1919E-09 3.1876E-09 2.3730E-09 1.7417E-09 1.2810E-09 9.4183E-10 6.7894E-10 4.7920E-10 3.2962E-10 2.0808E-10 1.1788E-10 5.1523E-11 1.1790E-11 0.0000E+00 0.0000E+00 0.0000E+00 0.0000E+00 0.0000E+00 0.0000E+00 0.0000E+00 0.0000E+00 0.0000E+00 0.0000E+00 0.0000E+00 0.0000E+00 0.0000E+00 0.0000E+00 0.0000E+00 0.0000E+00
1.3743E-09 1.9114E-09 2.6035E-09 3.4829E-09 4.5594E-09 5.8551E-09 7.3605E-09 9.0603E-09 1.0920E-08 1.2877E-08 1.4861E-08 1.6784E-08 1.8539E-08 2.0039E-08 2.1189E-08 2.1905E-08 2.2143E-08 2.1883E-08 2.1131E-08 1.9938E-08 1.8374E-08 1.6525E-08 1.4509E-08 1.2439E-08 1.0410E-08 8.5069E-09 6.7993E-09 5.3226E-09 4.0760E-09 3.0541E-09 2.2375E-09 1.6216E-09 1.1844E-09 8.5188E-10 6.0713E-10 4.2061E-10 2.8404E-10 1.6992E-10 9.1299E-11 3.2255E-11 4.2418E-12 0.0000E+00 0.0000E+00 0.0000E+00 0.0000E+00 0.0000E+00 0.0000E+00 0.0000E+00 0.0000E+00 0.0000E+00 0.0000E+00 0.0000E+00 0.0000E+00 0.0000E+00 0.0000E+00 0.0000E+00 0.0000E+00
1.3315E-09 1.8640E-09 2.5586E-09 3.4365E-09 4.5243E-09 5.8399E-09 7.3822E-09 9.1454E-09 1.1087E-08 1.3151E-08 1.5262E-08 1.7323E-08 1.9236E-08 2.0881E-08 2.2149E-08 2.2968E-08 2.3270E-08 2.3025E-08 2.2236E-08 2.0953E-08 1.9253E-08 1.7245E-08 1.5064E-08 1.2814E-08 1.0626E-08 8.5940E-09 6.7850E-09 5.2347E-09 3.9463E-09 2.9073E-09 2.0896E-09 1.4931E-09 1.0805E-09 7.7154E-10 5.4058E-10 3.6673E-10 2.3652E-10 1.3293E-10 5.9145E-11 1.6549E-11 0.0000E+00 0.0000E+00 0.0000E+00 0.0000E+00 0.0000E+00 0.0000E+00 0.0000E+00 0.0000E+00 0.0000E+00 0.0000E+00 0.0000E+00 0.0000E+00 0.0000E+00 0.0000E+00 0.0000E+00 0.0000E+00 0.0000E+00
1.2941E-09 1.8214E-09 2.5086E-09 3.3762E-09 4.4715E-09 5.7982E-09 7.3791E-09 9.1916E-09 1.1202E-08 1.3367E-08 1.5607E-08 1.7820E-08 1.9886E-08 2.1687E-08 2.3120E-08 2.4066E-08 2.4448E-08 2.4235E-08 2.3422E-08 2.2054E-08 2.0225E-08 1.8049E-08 1.5665E-08 1.3222E-08 1.0860E-08 8.6742E-09 6.7559E-09 5.1426E-09 3.8166E-09 2.7609E-09 1.9526E-09 1.3738E-09 9.7814E-10 6.8700E-10 4.6815E-10 3.0474E-10 1.8637E-10 9.0834E-11 3.3917E-11 5.4746E-12 0.0000E+00 0.0000E+00 0.0000E+00 0.0000E+00 0.0000E+00 0.0000E+00 0.0000E+00 0.0000E+00 0.0000E+00 0.0000E+00 0.0000E+00 0.0000E+00 0.0000E+00 0.0000E+00 0.0000E+00 0.0000E+00 0.0000E+00
1.2560E-09 1.7742E-09 2.4426E-09 3.3110E-09 4.4007E-09 5.7357E-09 7.3346E-09 9.1782E-09 1.1263E-08 1.3528E-08 1.5890E-08 1.8245E-08 2.0488E-08 2.2478E-08 2.4075E-08 2.5162E-08 2.5655E-08 2.5490E-08 2.4665E-08 2.3221E-08 2.1255E-08 1.8901E-08 1.6318E-08 1.3673E-08 1.1115E-08 8.7718E-09 6.7316E-09 5.0351E-09 3.6804E-09 2.6116E-09 1.8072E-09 1.2554E-09 8.8297E-10 6.0055E-10 4.0063E-10 2.4212E-10 1.2858E-10 5.4212E-11 1.4545E-11 0.0000E+00 0.0000E+00 0.0000E+00 0.0000E+00 0.0000E+00 0.0000E+00 0.0000E+00 0.0000E+00 0.0000E+00 0.0000E+00 0.0000E+00 0.0000E+00 0.0000E+00 0.0000E+00 0.0000E+00 0.0000E+00 0.0000E+00 0.0000E+00
1.1972E-09 1.7129E-09 2.3736E-09 3.2316E-09 4.3027E-09 5.6395E-09 7.2384E-09 9.1197E-09 1.1262E-08 1.3604E-08 1.6083E-08 1.8603E-08 2.1028E-08 2.3199E-08 2.4988E-08 2.6254E-08 2.6875E-08 2.6781E-08 2.5962E-08 2.4455E-08 2.2354E-08 1.9816E-08 1.7014E-08 1.4144E-08 1.1385E-08 8.8774E-09 6.7230E-09 4.9505E-09 3.5585E-09 2.4700E-09 1.6884E-09 1.1466E-09 7.9025E-10 5.2699E-10 3.3112E-10 1.7481E-10 8.3638E-11 2.5623E-11 1.4582E-12 0.0000E+00 0.0000E+00 0.0000E+00 0.0000E+00 0.0000E+00 0.0000E+00 0.0000E+00 0.0000E+00 0.0000E+00 0.0000E+00 0.0000E+00 0.0000E+00 0.0000E+00 0.0000E+00 0.0000E+00 0.0000E+00 0.0000E+00 0.0000E+00
1.1308E-09 1.6457E-09 2.2842E-09 3.1175E-09 4.1759E-09 5.4936E-09 7.0953E-09 8.9974E-09 1.1171E-08 1.3591E-08 1.6193E-08 1.8856E-08 2.1454E-08 2.3853E-08 2.5867E-08 2.7332E-08 2.8120E-08 2.8143E-08 2.7354E-08 2.5791E-08 2.3561E-08 2.0828E-08 1.7794E-08 1.4682E-08 1.1701E-08 9.0100E-09 6.7203E-09 4.8850E-09 3.4519E-09 2.3420E-09 1.5681E-09 1.0511E-09 6.9549E-10 4.5409E-10 2.6248E-10 1.0533E-10 4.4781E-11 6.0961E-12 0.0000E+00 0.0000E+00 0.0000E+00 0.0000E+00 0.0000E+00 0.0000E+00 0.0000E+00 0.0000E+00 0.0000E+00 0.0000E+00 0.0000E+00 0.0000E+00 0.0000E+00 0.0000E+00 0.0000E+00 0.0000E+00 0.0000E+00 0.0000E+00 0.0000E+00
1.0558E-09 1.5434E-09 2.1723E-09 2.9831E-09 4.0134E-09 5.3047E-09 6.9001E-09 8.7928E-09 1.0997E-08 1.3482E-08 1.6179E-08 1.8991E-08 2.1793E-08 2.4414E-08 2.6658E-08 2.8367E-08 2.9362E-08 2.9513E-08 2.8781E-08 2.7187E-08 2.4829E-08 2.1895E-08 1.8617E-08 1.5257E-08 1.2048E-08 9.1788E-09 6.7650E-09 4.8260E-09 3.3610E-09 2.2495E-09 1.4660E-09 9.6653E-10 6.2541E-10 3.8476E-10 1.8682E-10 5.8332E-11 1.3958E-11 0.0000E+00 0.0000E+00 0.0000E+00 0.0000E+00 0.0000E+00 0.0000E+00 0.0000E+00 0.0000E+00 0.0000E+00 0.0000E+00 0.0000E+00 0.0000E+00 0.0000E+00 0.0000E+00 0.0000E+00 0.0000E+00 0.0000E+00 0.0000E+00 0.0000E+00 0.0000E+00
9.8350E-10 1.4268E-09 2.0339E-09 2.8059E-09 3.8021E-09 5.0673E-09 6.6183E-09 8.4969E-09 1.0717E-08 1.3241E-08 1.6026E-08 1.8987E-08 2.1979E-08 2.4834E-08 2.7360E-08 2.9331E-08 3.0548E-08 3.0887E-08 3.0244E-08 2.8627E-08 2.6158E-08 2.3023E-08 1.9499E-08 1.5878E-08 1.2446E-08 9.3866E-09 6.8360E-09 4.8325E-09 3.3021E-09 2.1601E-09 1.3941E-09 8.7872E-10 5.5252E-10 3.0551E-10 1.1893E-10 2.2808E-11 0.0000E+00 0.0000E+00 0.0000E+00 0.0000E+00 0.0000E+00 0.0000E+00 0.0000E+00 0.0000E+00 0.0000E+00 0.0000E+00 0.0000E+00 0.0000E+00 0.0000E+00 0.0000E+00 0.0000E+00 0.0000E+00 0.0000E+00 0.0000E+00 0.0000E+00 0.0000E+00 0.0000E+00
9.0317E-10 1.3028E-09 1.8599E-09 2.6021E-09 3.5476E-09 4.7640E-09 6.2722E-09 8.1267E-09 1.0325E-08 1.2869E-08 1.5729E-08 1.8817E-08 2.1999E-08 2.5103E-08 2.7910E-08 3.0186E-08 3.1704E-08 3.2259E-08 3.1747E-08 3.0142E-08 2.7562E-08 2.4236E-08 2.0467E-08 1.6579E-08 1.2882E-08 9.6415E-09 6.9437E-09 4.8487E-09 3.2645E-09 2.1044E-09 1.3176E-09 8.2308E-10 4.8854E-10 2.3165E-10 4.4175E-11 3.7269E-13 0.0000E+00 0.0000E+00 0.0000E+00 0.0000E+00 0.0000E+00 0.0000E+00 0.0000E+00 0.0000E+00 0.0000E+00 0.0000E+00 0.0000E+00 0.0000E+00 0.0000E+00 0.0000E+00 0.0000E+00 0.0000E+00 0.0000E+00 0.0000E+00 0.0000E+00 0.0000E+00 0.0000E+00
8.0064E-10 1.1722E-09 1.6759E-09 2.3567E-09 3.2417E-09 4.4006E-09 5.8454E-09 7.6364E-09 9.7899E-09 1.2342E-08 1.5247E-08 1.8440E-08 2.1807E-08 2.5160E-08 2.8283E-08 3.0895E-08 3.2718E-08 3.3531E-08 3.3170E-08 3.1609E-08 2.8967E-08 2.5465E-08 2.1450E-08 1.7317E-08 1.3398E-08 9.9505E-09 7.1210E-09 4.9114E-09 3.2722E-09 2.0663E-09 1.2594E-09 7.5915E-10 4.2844E-10 1.5916E-10 1.5179E-11 0.0000E+00 0.0000E+00 0.0000E+00 0.0000E+00 0.0000E+00 0.0000E+00 0.0000E+00 0.0000E+00 0.0000E+00 0.0000E+00 0.0000E+00 0.0000E+00 0.0000E+00 0.0000E+00 0.0000E+00 0.0000E+00 0.0000E+00 0.0000E+00 0.0000E+00 0.0000E+00 0.0000E+00 0.0000E+00
7.0874E-10 1.0274E-09 1.4753E-09 2.0805E-09 2.9052E-09 3.9758E-09 5.3441E-09 7.0556E-09 9.1540E-09 1.1668E-08 1.4585E-08 1.7861E-08 2.1393E-08 2.4990E-08 2.8411E-08 3.1380E-08 3.3569E-08 3.4687E-08 3.4559E-08 3.3092E-08 3.0392E-08 2.6741E-08 2.2503E-08 1.8099E-08 1.3939E-08 1.0286E-08 7.2947E-09 4.9952E-09 3.2589E-09 2.0160E-09 1.2262E-09 7.0600E-10 3.7679E-10 1.0189E-10 1.0695E-11 0.0000E+00 0.0000E+00 0.0000E+00 0.0000E+00 0.0000E+00 0.0000E+00 0.0000E+00 0.0000E+00 0.0000E+00 0.0000E+00 0.0000E+00 0.0000E+00 0.0000E+00 0.0000E+00 0.0000E+00 0.0000E+00 0.0000E+00 0.0000E+00 0.0000E+00 0.0000E+00 0.0000E+00 0.0000E+00
6.0317E-10 8.7491E-10 1.2746E-09 1.7964E-09 2.5262E-09 3.4984E-09 4.7710E-09 6.3674E-09 8.3717E-09 1.0811E-08 1.3710E-08 1.7035E-08 2.0692E-08 2.4519E-08 2.8267E-08 3.1610E-08 3.4186E-08 3.5662E-08 3.5776E-08 3.4444E-08 3.1773E-08 2.8002E-08 2.3571E-08 1.8955E-08 1.4541E-08 1.0683E-08 7.5239E-09 5.0947E-09 3.3135E-09 2.0121E-09 1.1827E-09 6.7448E-10 3.1861E-10 4.6442E-11 8.0929E-12 0.0000E+00 0.0000E+00 0.0000E+00 0.0000E+00 0.0000E+00 0.0000E+00 0.0000E+00 0.0000E+00 0.0000E+00 0.0000E+00 0.0000E+00 0.0000E+00 0.0000E+00 0.0000E+00 0.0000E+00 0.0000E+00 0.0000E+00 0.0000E+00 0.0000E+00 0.0000E+00 0.0000E+00 0.0000E+00
4.9870E-10 7.3208E-10 1.0588E-09 1.5085E-09 2.1238E-09 3.0013E-09 4.1381E-09 5.6206E-09 7.5006E-09 9.8293E-09 1.2664E-08 1.5986E-08 1.9738E-08 2.3769E-08 2.7802E-08 3.1514E-08 3.4504E-08 3.6359E-08 3.6823E-08 3.5697E-08 3.3062E-08 2.9251E-08 2.4633E-08 1.9767E-08 1.5142E-08 1.1060E-08 7.7528E-09 5.1879E-09 3.3018E-09 1.9894E-09 1.1340E-09 6.2831E-10 2.6837E-10 4.1682E-11 4.7792E-12 0.0000E+00 0.0000E+00 0.0000E+00 0.0000E+00 0.0000E+00 0.0000E+00 0.0000E+00 0.0000E+00 0.0000E+00 0.0000E+00 0.0000E+00 0.0000E+00 0.0000E+00 0.0000E+00 0.0000E+00 0.0000E+00 0.0000E+00 0.0000E+00 0.0000E+00 0.0000E+00 0.0000E+00 0.0000E+00
3.9673E-10 5.8114E-10 8.6023E-10 1.2300E-09 1.7349E-09 2.4797E-09 3.4755E-09 4.8102E-09 6.5168E-09 8.6990E-09 1.1408E-08 1.4681E-08 1.8485E-08 2.2658E-08 2.6980E-08 3.1069E-08 3.4501E-08 3.6845E-08 3.7668E-08 3.6825E-08 3.4336E-08 3.0459E-08 2.5733E-08 2.0651E-08 1.5782E-08 1.1490E-08 7.9754E-09 5.2996E-09 3.3088E-09 1.9577E-09 1.1148E-09 5.5950E-10 2.1101E-10 3.2616E-11 2.2093E-12 0.0000E+00 0.0000E+00 0.0000E+00 0.0000E+00 0.0000E+00 0.0000E+00 0.0000E+00 0.0000E+00 0.0000E+00 0.0000E+00 0.0000E+00 0.0000E+00 0.0000E+00 0.0000E+00 0.0000E+00 0.0000E+00 0.0000E+00 0.0000E+00 0.0000E+00 0.0000E+00 0.0000E+00 0.0000E+00
