Assets/Resources/2015_m01_d07_0000(utc+0800)_l00_csi_1hr_conc.grd
DSAA
         159         159
     -79.000      79.000
     -79.000      79.000
  0.0000E+00  0.5619E-04
[rows 75 to 99 of 159, columns 57 to 113 of 159]
1.2691E-09 1.6488E-09 1.8896E-09 2.1621E-09 2.4756E-09 2.8377E-09 3.2498E-09 3.7152E-09 4.2359E-09 4.9372E-09 5.9758E-09 7.7583E-09 1.0820E-08 1.6334E-08 2.6428E-08 4.6906E-08 9.3244E-08 2.1004E-07 5.5567E-07 1.0416E-06 8.4499E-08 2.1693E-08 1.9606E-08 1.7891E-08 1.6579E-08 1.5499E-08 1.4681E-08 1.3743E-08 1.3181E-08 1.2562E-08 1.1770E-08 1.0939E-08 1.0062E-08 9.2692E-09 8.4854E-09 7.7015E-09 6.9326E-09 6.1916E-09 5.4888E-09 4.8322E-09 4.2273E-09 3.6770E-09 3.1826E-09 2.7432E-09 2.3568E-09 2.0202E-09 1.7295E-09 1.3197E-09 1.1482E-09 9.9993E-10 8.7237E-10 7.6300E-10 6.4336E-10 5.6917E-10 5.0490E-10 3.5357E-10 3.0869E-10
1.1080E-09 1.4276E-09 1.6337E-09 1.8684E-09 2.1394E-09 2.4488E-09 2.7975E-09 3.1906E-09 3.6298E-09 4.1154E-09 4.7425E-09 5.5972E-09 6.9533E-09 9.0160E-09 1.2781E-08 2.0791E-08 3.9603E-08 9.0864E-08 2.3980E-07 7.6926E-07 1.1912E-06 1.5312E-08 1.3999E-08 1.3454E-08 1.2801E-08 1.2386E-08 1.1740E-08 1.1442E-08 1.1038E-08 1.0542E-08 9.9291E-09 9.2378E-09 8.5466E-09 7.8611E-09 7.2015E-09 6.5416E-09 5.8942E-09 5.2699E-09 4.6776E-09 4.1239E-09 3.6134E-09 3.1487E-09 2.7308E-09 2.3590E-09 2.0318E-09 1.7463E-09 1.3218E-09 1.1531E-09 1.0062E-09 8.7897E-10 7.6924E-10 6.7492E-10 5.7123E-10 5.0678E-10 3.5444E-10 3.0207E-10 2.7908E-10
9.6197E-10 1.0787E-09 1.4071E-09 1.6101E-09 1.8384E-09 2.0992E-09 2.3930E-09 2.7220E-09 3.0890E-09 3.4941E-09 3.9365E-09 4.4134E-09 4.9583E-09 5.8942E-09 7.1549E-09 9.6748E-09 1.5944E-08 3.3783E-08 9.1115E-08 2.8719E-07 1.1818E-06 4.6259E-08 1.0491E-08 1.0347E-08 1.0222E-08 9.8859E-09 9.7445E-09 9.5080E-09 9.1820E-09 8.7439E-09 8.2864E-09 7.7560E-09 7.1918E-09 6.6142E-09 6.0600E-09 5.5100E-09 4.9702E-09 4.4495E-09 3.9551E-09 3.4927E-09 3.0660E-09 2.6773E-09 2.3273E-09 2.0156E-09 1.7408E-09 1.5007E-09 1.1462E-09 1.0030E-09 8.7808E-10 7.6960E-10 6.7581E-10 5.7000E-10 5.0550E-10 3.5409E-10 2.9408E-10 2.7343E-10 2.4060E-10
7.9632E-10 9.3258E-10 1.0452E-09 1.3789E-09 1.5710E-09 1.7877E-09 2.0336E-09 2.3080E-09 2.6118E-09 2.9467E-09 3.3117E-09 3.7047E-09 4.1222E-09 4.5590E-09 5.0085E-09 5.7653E-09 7.3106E-09 1.1832E-08 2.9061E-08 9.4866E-08 3.7274E-07 2.1873E-06 2.4577E-06 8.2444E-09 8.1785E-09 8.0854E-09 7.9824E-09 7.8043E-09 7.5565E-09 7.2466E-09 6.8836E-09 6.4523E-09 5.9971E-09 5.5222E-09 5.0579E-09 4.6041E-09 4.1584E-09 3.7282E-09 3.3195E-09 2.9369E-09 2.5836E-09 2.2613E-09 1.9708E-09 1.7118E-09 1.4831E-09 1.1267E-09 9.8959E-10 8.6891E-10 7.6334E-10 6.7145E-10 5.6431E-10 5.0161E-10 4.1455E-10 2.9278E-10 2.6583E-10 2.3381E-10 2.1675E-10
6.6823E-10 7.8049E-10 8.9815E-10 1.0027E-09 1.3336E-09 1.5139E-09 1.7173E-09 1.9456E-09 2.1952E-09 2.4695E-09 2.7679E-09 3.0887E-09 3.4290E-09 3.7845E-09 4.1501E-09 4.5191E-09 4.8841E-09 5.5281E-09 8.8124E-09 2.4229E-08 9.9380E-08 2.9109E-06 5.6192E-05 2.4809E-06 6.6604E-09 6.6392E-09 6.5547E-09 6.4094E-09 6.2076E-09 5.9554E-09 5.6601E-09 5.3204E-09 4.9546E-09 4.5712E-09 4.1889E-09 3.8180E-09 3.4535E-09 3.1014E-09 2.7667E-09 2.4531E-09 2.1631E-09 1.8983E-09 1.6593E-09 1.4459E-09 1.0946E-09 9.6562E-10 8.5107E-10 7.4964E-10 6.5951E-10 5.8173E-10 4.9378E-10 4.0693E-10 2.8883E-10 2.5707E-10 2.2451E-10 2.0836E-10 1.9169E-10
5.5250E-10 6.3334E-10 7.4796E-10 8.5662E-10 9.5148E-10 1.2741E-09 1.4410E-09 1.6281E-09 1.8332E-09 2.0561E-09 2.2996E-09 2.5591E-09 2.8338E-09 3.1205E-09 3.4149E-09 3.7117E-09 4.0049E-09 4.2880E-09 4.5539E-09 6.5519E-09 1.7022E-08 5.4313E-08 2.5838E-06 5.6221E-09 5.4256E-09 5.4077E-09 5.3390E-09 5.2215E-09 5.0587E-09 4.8554E-09 4.6176E-09 4.3502E-09 4.0573E-09 3.7533E-09 3.4452E-09 3.1437E-09 2.8484E-09 2.5629E-09 2.2912E-09 2.0364E-09 1.8005E-09 1.5848E-09 1.3898E-09 1.0504E-09 9.3064E-10 8.2248E-10 7.2629E-10 6.4041E-10 5.6488E-10 4.7936E-10 3.9622E-10 2.8344E-10 2.4603E-10 2.1396E-10 1.9793E-10 1.8269E-10 1.6803E-10
4.7484E-10 5.2163E-10 5.9816E-10 7.0547E-10 8.0793E-10 8.9766E-10 1.2025E-09 1.3527E-09 1.5208E-09 1.7017E-09 1.8988E-09 2.1068E-09 2.3266E-09 2.5555E-09 2.7920E-09 3.0285E-09 3.2618E-09 3.4867E-09 3.6978E-09 3.8894E-09 4.2876E-09 7.1435E-09 8.4404E-09 5.9819E-09 4.3864E-09 4.3714E-09 4.3160E-09 4.2218E-09 4.0917E-09 3.9294E-09 3.7396E-09 3.5276E-09 3.2969E-09 3.0584E-09 2.8130E-09 2.5717E-09 2.3345E-09 2.1051E-09 1.8865E-09 1.6812E-09 1.4909E-09 1.3167E-09 9.9442E-10 8.8286E-10 7.8306E-10 6.9337E-10 6.1092E-10 5.3977E-10 4.6033E-10 3.7774E-10 2.6928E-10 2.3342E-10 2.0277E-10 1.8793E-10 1.7298E-10 1.5943E-10 1.4898E-10
4.1169E-10 4.4789E-10 4.8577E-10 5.5803E-10 6.6226E-10 7.5818E-10 8.3587E-10 1.1204E-09 1.2556E-09 1.4005E-09 1.5566E-09 1.7218E-09 1.8989E-09 2.0801E-09 2.2656E-09 2.4549E-09 2.6387E-09 2.8157E-09 2.9816E-09 3.1320E-09 3.2626E-09 3.3714E-09 3.4516E-09 3.5022E-09 3.5216E-09 3.5091E-09 3.4648E-09 3.3900E-09 3.2869E-09 3.1585E-09 3.0084E-09 2.8408E-09 2.6601E-09 2.4730E-09 2.2813E-09 2.0912E-09 1.9026E-09 1.7198E-09 1.5454E-09 1.3800E-09 1.2232E-09 9.2126E-10 8.2288E-10 7.3154E-10 6.4860E-10 5.7406E-10 5.1127E-10 4.3668E-10 3.5854E-10 2.4867E-10 2.2058E-10 1.9127E-10 1.7716E-10 1.6624E-10 1.5312E-10 1.4052E-10 1.2894E-10
3.5478E-10 3.8417E-10 4.1692E-10 4.5164E-10 5.1971E-10 6.1482E-10 7.0045E-10 7.7232E-10 1.0325E-09 1.1474E-09 1.2708E-09 1.4023E-09 1.5422E-09 1.6845E-09 1.8298E-09 1.9757E-09 2.1192E-09 2.2599E-09 2.3891E-09 2.5059E-09 2.6073E-09 2.6902E-09 2.7547E-09 2.7936E-09 2.8081E-09 2.7976E-09 2.7625E-09 2.7035E-09 2.6226E-09 2.5218E-09 2.4042E-09 2.2728E-09 2.1311E-09 1.9856E-09 1.8373E-09 1.6886E-09 1.5414E-09 1.3887E-09 1.2469E-09 1.1107E-09 8.3790E-10 7.5071E-10 6.6807E-10 5.9689E-10 5.3185E-10 4.7360E-10 3.7582E-10 3.3632E-10 2.2806E-10 2.0717E-10 1.8204E-10 1.6865E-10 1.5557E-10 1.4351E-10 1.3492E-10 1.2381E-10 1.1460E-10
3.0320E-10 3.3020E-10 3.5716E-10 3.8528E-10 4.1704E-10 4.7827E-10 5.4834E-10 6.4393E-10 7.0388E-10 7.6692E-10 1.0361E-09 1.1396E-09 1.2472E-09 1.3580E-09 1.4709E-09 1.5840E-09 1.6950E-09 1.8045E-09 1.9041E-09 1.9941E-09 2.0720E-09 2.1356E-09 2.1828E-09 2.2123E-09 2.2229E-09 2.2142E-09 2.1865E-09 2.1404E-09 2.0800E-09 2.0016E-09 1.9101E-09 1.8052E-09 1.6932E-09 1.5750E-09 1.4645E-09 1.3418E-09 1.2281E-09 1.1101E-09 8.3039E-10 7.4613E-10 6.7438E-10 6.0688E-10 5.4226E-10 4.8515E-10 4.3406E-10 3.4759E-10 3.1518E-10 2.0824E-10 1.9314E-10 1.6991E-10 1.5735E-10 1.4821E-10 1.3708E-10 1.2758E-10 1.1721E-10 1.0998E-10 9.9258E-11
2.6123E-10 2.8074E-10 3.0644E-10 3.2964E-10 3.5345E-10 3.8215E-10 4.3736E-10 4.9615E-10 5.8489E-10 6.3703E-10 6.9022E-10 7.4450E-10 1.0048E-09 1.0906E-09 1.1776E-09 1.2675E-09 1.3528E-09 1.4345E-09 1.5106E-09 1.5793E-09 1.6387E-09 1.6869E-09 1.7227E-09 1.7447E-09 1.7523E-09 1.7452E-09 1.7234E-09 1.6877E-09 1.6416E-09 1.5793E-09 1.5041E-09 1.4130E-09 1.3187E-09 1.2240E-09 1.1313E-09 1.0466E-09 7.8760E-10 7.2385E-10 6.5994E-10 5.9774E-10 5.4034E-10 4.8796E-10 4.4040E-10 3.5220E-10 3.1594E-10 2.5681E-10 1.9294E-10 1.8213E-10 1.5668E-10 1.4748E-10 1.3570E-10 1.2858E-10 1.1779E-10 1.1008E-10 1.0025E-10 9.4686E-11 8.9258E-11
2.2087E-10 2.4095E-10 2.6010E-10 2.7808E-10 3.0132E-10 3.2291E-10 3.4278E-10 3.6825E-10 4.2288E-10 5.0863E-10 5.6901E-10 6.1329E-10 6.5739E-10 7.0289E-10 9.4254E-10 1.0090E-09 1.0740E-09 1.1361E-09 1.1938E-09 1.2458E-09 1.2906E-09 1.3269E-09 1.3566E-09 1.3729E-09 1.3783E-09 1.3725E-09 1.3541E-09 1.3226E-09 1.2801E-09 1.2247E-09 1.1620E-09 1.0927E-09 1.0205E-09 9.4577E-10 7.1005E-10 6.6525E-10 6.2284E-10 5.7342E-10 5.2325E-10 4.7498E-10 4.3076E-10 3.8890E-10 3.1655E-10 2.9054E-10 1.8981E-10 1.7904E-10 1.5739E-10 1.4565E-10 1.3856E-10 1.2772E-10 1.2007E-10 1.1001E-10 1.0432E-10 9.5070E-11 8.8660E-11 8.3717E-11 7.8898E-11
1.8946E-10 2.0430E-10 2.1810E-10 2.3704E-10 2.5436E-10 2.7467E-10 2.9209E-10 3.0856E-10 3.3156E-10 3.4902E-10 4.0137E-10 5.0382E-10 5.3861E-10 5.7522E-10 6.1055E-10 6.4489E-10 6.7815E-10 8.9867E-10 9.4217E-10 9.8122E-10 1.0161E-09 1.0432E-09 1.0630E-09 1.0750E-09 1.0777E-09 1.0673E-09 1.0490E-09 1.0222E-09 9.8652E-10 9.4088E-10 8.9336E-10 6.6723E-10 6.2850E-10 5.8840E-10 5.5109E-10 5.1843E-10 4.8390E-10 4.5281E-10 4.1450E-10 3.7656E-10 3.0810E-10 2.8270E-10 2.2474E-10 1.7490E-10 1.6653E-10 1.4223E-10 1.3466E-10 1.2419E-10 1.1846E-10 1.0874E-10 1.0352E-10 9.3222E-11 8.8538E-11 8.3926E-11 7.8050E-11 7.3678E-11 6.9418E-11
1.5496E-10 1.6703E-10 1.8650E-10 1.9841E-10 2.1183E-10 2.3013E-10 2.4339E-10 2.6337E-10 2.7713E-10 2.9097E-10 3.1011E-10 3.2343E-10 3.7237E-10 4.6937E-10 4.9690E-10 5.2371E-10 5.4921E-10 5.7338E-10 5.9708E-10 6.1718E-10 6.3454E-10 6.4810E-10 6.5680E-10 6.6017E-10 6.5626E-10 6.5003E-10 6.3431E-10 6.2015E-10 5.9810E-10 5.7599E-10 5.4789E-10 5.2006E-10 4.8718E-10 4.5754E-10 4.2633E-10 3.9985E-10 3.7633E-10 3.5226E-10 2.9312E-10 2.6400E-10 2.1216E-10 1.6757E-10 1.6021E-10 1.4082E-10 1.3068E-10 1.2516E-10 1.1567E-10 1.0925E-10 1.0042E-10 9.5764E-11 8.7543E-11 8.1961E-11 7.7824E-11 7.3752E-11 6.9758E-11 6.4508E-11 6.0757E-11
1.0322E-10 1.1146E-10 1.1841E-10 1.6132E-10 1.8060E-10 1.9085E-10 2.0103E-10 2.1929E-10 2.2992E-10 2.4014E-10 2.5728E-10 2.6881E-10 2.7831E-10 2.9509E-10 3.3653E-10 3.9991E-10 4.4456E-10 4.6430E-10 4.8126E-10 4.9606E-10 5.0681E-10 5.1499E-10 5.1730E-10 5.1809E-10 5.1493E-10 5.0917E-10 4.9729E-10 4.8258E-10 4.6637E-10 4.4643E-10 4.2594E-10 4.0071E-10 3.7843E-10 3.5328E-10 3.3334E-10 2.7811E-10 2.6311E-10 2.1788E-10 2.0218E-10 1.5988E-10 1.5355E-10 1.3486E-10 1.2413E-10 1.1937E-10 1.1050E-10 1.0603E-10 9.7683E-11 9.3533E-11 8.4376E-11 8.0593E-11 7.6828E-11 7.3096E-11 6.8060E-11 6.4480E-11 6.0969E-11 5.6144E-11 4.8146E-11
8.0638E-11 8.7281E-11 1.0135E-10 1.0880E-10 1.1492E-10 1.2104E-10 1.7209E-10 1.8063E-10 1.8900E-10 2.0356E-10 2.1324E-10 2.2117E-10 2.2864E-10 2.4285E-10 2.4966E-10 2.5577E-10 2.7004E-10 2.7507E-10 3.6118E-10 3.6905E-10 4.0245E-10 4.0550E-10 4.0766E-10 4.0638E-10 4.0257E-10 3.9480E-10 3.8624E-10 3.7369E-10 3.6076E-10 3.4593E-10 3.2706E-10 3.1069E-10 2.6082E-10 2.4295E-10 2.0949E-10 1.9510E-10 1.6185E-10 1.4939E-10 1.4413E-10 1.2647E-10 1.1790E-10 1.1386E-10 1.0567E-10 1.0048E-10 9.2736E-11 8.9138E-11 8.1808E-11 7.8453E-11 7.3713E-11 7.0391E-11 6.7085E-11 6.3809E-11 5.9175E-11 5.6042E-11 4.8091E-11 4.4038E-11 4.1532E-11
6.2403E-11 6.6213E-11 7.9001E-11 8.3521E-11 9.6648E-11 1.0333E-10 1.0996E-10 1.1514E-10 1.2023E-10 1.3309E-10 1.7490E-10 1.8119E-10 1.8711E-10 1.9915E-10 2.0448E-10 2.1066E-10 2.1486E-10 2.2538E-10 2.2852E-10 2.3092E-10 2.3255E-10 2.3340E-10 2.4067E-10 2.6175E-10 2.6232E-10 2.6053E-10 2.5774E-10 2.5399E-10 2.0883E-10 2.0495E-10 2.0042E-10 1.6855E-10 1.6433E-10 1.5433E-10 1.4311E-10 1.3769E-10 1.3346E-10 1.1711E-10 1.0943E-10 1.0612E-10 9.8713E-11 9.5502E-11 8.8390E-11 8.5311E-11 7.7155E-11 7.4271E-11 7.1352E-11 6.8410E-11 6.5459E-11 6.1129E-11 5.8241E-11 5.5379E-11 5.2553E-11 4.3762E-11 3.9965E-11 3.6224E-11 2.9681E-11
3.8594E-11 4.0773E-11 5.7016E-11 6.4474E-11 6.7883E-11 8.0289E-11 8.5723E-11 9.6597E-11 1.0239E-10 1.0661E-10 1.1215E-10 1.1609E-10 1.1983E-10 1.3108E-10 1.3606E-10 1.3934E-10 1.4227E-10 1.4483E-10 1.5316E-10 1.5503E-10 1.5645E-10 1.5740E-10 1.5928E-10 1.5930E-10 1.5884E-10 1.5793E-10 1.5658E-10 1.4896E-10 1.4698E-10 1.4465E-10 1.3499E-10 1.3241E-10 1.2959E-10 1.2652E-10 1.1103E-10 1.0415E-10 1.0166E-10 9.3539E-11 9.1055E-11 8.8452E-11 8.2051E-11 7.9506E-11 7.3326E-11 7.0873E-11 6.8364E-11 6.4431E-11 6.1882E-11 5.9315E-11 5.6741E-11 5.2751E-11 5.0240E-11 4.1581E-11 3.9508E-11 3.5989E-11 2.7182E-11 2.5694E-11 2.1889E-11
2.9255E-11 3.3616E-11 3.5441E-11 3.9898E-11 4.5449E-11 5.7954E-11 6.4931E-11 6.7835E-11 7.3147E-11 8.2609E-11 8.7259E-11 9.8660E-11 1.0184E-10 1.0483E-10 1.0905E-10 1.1162E-10 1.1393E-10 1.1596E-10 1.1770E-10 1.1913E-10 1.2167E-10 1.2248E-10 1.2298E-10 1.2314E-10 1.2298E-10 1.2250E-10 1.2170E-10 1.2061E-10 1.1922E-10 1.1756E-10 1.0926E-10 1.0156E-10 9.5632E-11 9.3959E-11 8.8039E-11 8.6259E-11 8.4335E-11 7.8553E-11 7.6595E-11 6.9535E-11 6.7606E-11 6.5596E-11 6.3517E-11 6.1378E-11 5.9192E-11 5.5549E-11 5.3336E-11 5.1108E-11 4.7422E-11 3.9002E-11 3.7191E-11 3.3050E-11 2.6794E-11 2.3025E-11 2.1790E-11 1.3790E-11 1.0473E-11
2.3160E-11 2.7202E-11 2.8683E-11 3.2820E-11 3.4449E-11 3.8616E-11 4.0349E-11 4.2067E-11 5.3687E-11 5.9734E-11 6.1916E-11 7.0759E-11 7.2984E-11 7.5089E-11 8.4922E-11 8.8390E-11 9.0224E-11 9.1855E-11 9.3271E-11 9.4464E-11 9.6879E-11 9.7623E-11 9.8122E-11 9.8376E-11 9.8385E-11 9.2063E-11 9.1770E-11 8.6979E-11 8.6416E-11 8.5663E-11 8.0672E-11 7.9721E-11 7.8611E-11 7.3548E-11 7.2310E-11 7.0943E-11 6.5915E-11 6.4485E-11 6.2957E-11 5.9909E-11 5.8234E-11 5.6489E-11 5.4685E-11 5.2830E-11 4.9491E-11 4.6069E-11 3.9251E-11 3.7658E-11 3.3739E-11 3.2215E-11 2.3728E-11 2.2594E-11 1.8988E-11 1.3621E-11 1.0408E-11 7.2169E-12 0.0000E+00
8.7501E-12 1.6756E-11 1.7670E-11 2.6493E-11 2.7810E-11 2.9126E-11 3.3114E-11 3.4526E-11 3.8456E-11 3.9918E-11 4.1344E-11 4.5182E-11 5.0177E-11 5.1635E-11 5.6827E-11 6.0596E-11 6.1926E-11 6.7150E-11 6.8273E-11 7.0800E-11 7.1649E-11 7.2338E-11 7.0312E-11 7.0725E-11 7.0981E-11 7.1079E-11 7.1018E-11 7.0799E-11 6.6673E-11 6.6247E-11 6.5683E-11 6.1383E-11 6.0668E-11 5.9837E-11 5.8894E-11 5.7845E-11 5.6697E-11 5.3995E-11 5.2690E-11 5.1310E-11 4.8340E-11 4.6863E-11 4.5337E-11 4.3770E-11 3.5042E-11 3.3736E-11 3.2413E-11 2.8692E-11 2.2951E-11 1.9456E-11 1.8547E-11 1.0770E-11 1.0237E-11 7.1427E-12 0.0000E+00 0.0000E+00 0.0000E+00
0.0000E+00 0.0000E+00 0.0000E+00 9.0184E-12 1.7129E-11 1.7944E-11 2.6662E-11 2.7799E-11 2.8920E-11 3.2679E-11 3.3846E-11 3.4977E-11 3.8635E-11 3.9752E-11 4.0813E-11 4.1809E-11 4.5224E-11 4.6132E-11 4.6956E-11 4.7691E-11 4.8332E-11 4.8877E-11 5.1724E-11 5.2091E-11 5.2350E-11 5.2497E-11 5.2532E-11 5.2455E-11 5.2267E-11 5.1968E-11 5.1562E-11 5.1050E-11 5.0437E-11 4.9726E-11 4.8921E-11 4.8028E-11 4.7052E-11 4.3637E-11 4.2550E-11 4.1402E-11 4.0201E-11 3.4106E-11 3.3040E-11 2.9568E-11 2.8506E-11 2.2839E-11 1.9524E-11 1.8729E-11 1.5381E-11 1.0440E-11 7.3524E-12 2.7761E-12 0.0000E+00 0.0000E+00 0.0000E+00 0.0000E+00 0.0000E+00
0.0000E+00 0.0000E+00 0.0000E+00 0.0000E+00 0.0000E+00 4.2885E-12 9.0944E-12 1.7128E-11 1.7824E-11 2.6238E-11 2.7174E-11 2.8080E-11 3.1543E-11 3.2453E-11 3.3315E-11 3.4125E-11 3.7396E-11 3.8142E-11 3.8818E-11 3.9420E-11 3.9943E-11 4.0385E-11 4.0743E-11 4.3476E-11 4.3682E-11 4.3795E-11 4.3814E-11 4.3739E-11 4.3570E-11 4.3308E-11 4.2956E-11 4.2516E-11 4.1991E-11 4.1383E-11 4.0698E-11 3.9939E-11 3.6704E-11 3.0909E-11 3.0177E-11 2.9401E-11 2.8584E-11 2.5243E-11 1.9837E-11 1.9189E-11 1.8523E-11 1.5343E-11 1.0430E-11 7.4109E-12 7.0957E-12 0.0000E+00 0.0000E+00 0.0000E+00 0.0000E+00 0.0000E+00 0.0000E+00 0.0000E+00 0.0000E+00
0.0000E+00 0.0000E+00 0.0000E+00 0.0000E+00 0.0000E+00 0.0000E+00 0.0000E+00 0.0000E+00 4.2731E-12 8.9731E-12 1.2108E-11 1.7318E-11 1.7863E-11 2.1076E-11 2.6661E-11 2.7304E-11 2.7901E-11 3.1041E-11 3.1585E-11 3.2068E-11 3.2487E-11 3.2839E-11 3.3121E-11 3.3332E-11 3.5978E-11 3.6061E-11 3.6066E-11 3.5993E-11 3.5842E-11 3.5615E-11 3.5312E-11 3.4937E-11 2.9548E-11 2.6659E-11 2.6234E-11 2.5762E-11 2.5244E-11 2.4684E-11 1.9452E-11 1.8974E-11 1.5939E-11 1.5471E-11 1.4985E-11 7.5757E-12 7.3146E-12 7.0477E-12 0.0000E+00 0.0000E+00 0.0000E+00 0.0000E+00 0.0000E+00 0.0000E+00 0.0000E+00 0.0000E+00 0.0000E+00 0.0000E+00 0.0000E+00
0.0000E+00 0.0000E+00 0.0000E+00 0.0000E+00 0.0000E+00 0.0000E+00 0.0000E+00 0.0000E+00 0.0000E+00 0.0000E+00 0.0000E+00 0.0000E+00 4.3035E-12 8.9186E-12 1.1954E-11 1.2259E-11 1.7244E-11 1.7592E-11 2.0569E-11 2.0899E-11 2.1188E-11 2.1434E-11 2.1636E-11 2.1792E-11 2.1902E-11 2.1964E-11 2.1979E-11 2.1946E-11 2.1866E-11 2.1739E-11 2.1566E-11 2.1348E-11 2.1086E-11 1.6183E-11 1.5942E-11 1.5672E-11 1.5373E-11 1.5049E-11 7.6583E-12 7.4725E-12 7.2758E-12 7.0695E-12 0.0000E+00 0.0000E+00 0.0000E+00 0.0000E+00 0.0000E+00 0.0000E+00 0.0000E+00 0.0000E+00 0.0000E+00 0.0000E+00 0.0000E+00 0.0000E+00 0.0000E+00 0.0000E+00 0.0000E+00
