Assets/Resources/2015_m01_d13_0000(utc+0800)_l00_csi_1hr_conc.grd
DSAA
         159         159
     -79.000      79.000
     -79.000      79.000
  0.0000E+00  0.2317E-04
[rows 50 to 74 of 159, columns 0 to 56 of 159]
5.6212E-09 5.7757E-09 5.9127E-09 6.0304E-09 6.1236E-09 6.1969E-09 6.2457E-09 6.2672E-09 6.2657E-09 6.2372E-09 6.1837E-09 6.1044E-09 6.0027E-09 5.8779E-09 5.7299E-09 5.5666E-09 5.3859E-09 5.1896E-09 4.9858E-09 4.7751E-09 4.5601E-09 4.3450E-09 4.1339E-09 3.9310E-09 3.7390E-09 3.5574E-09 3.3926E-09 3.2438E-09 3.1091E-09 2.9926E-09 2.8874E-09 2.7904E-09 2.7061E-09 2.6351E-09 2.5668E-09 2.5024E-09 2.4354E-09 2.3535E-09 2.2575E-09 2.1456E-09 2.0219E-09 1.8799E-09 1.7254E-09 1.5591E-09 1.3862E-09 1.2010E-09 1.0117E-09 8.3444E-10 6.7601E-10 5.1273E-10 3.6722E-10 2.5577E-10 1.6282E-10 1.0444E-10 5.7790E-11 2.6522E-11 1.4068E-11
5.8990E-09 6.0694E-09 6.2227E-09 6.3523E-09 6.4630E-09 6.5491E-09 6.6085E-09 6.6443E-09 6.6519E-09 6.6333E-09 6.5886E-09 6.5167E-09 6.4227E-09 6.3012E-09 6.1609E-09 6.0027E-09 5.8241E-09 5.6364E-09 5.4378E-09 5.2314E-09 5.0254E-09 4.8189E-09 4.6197E-09 4.4289E-09 4.2463E-09 4.0821E-09 3.9336E-09 3.7989E-09 3.6858E-09 3.5866E-09 3.4960E-09 3.4236E-09 3.3622E-09 3.3036E-09 3.2587E-09 3.2142E-09 3.1575E-09 3.0855E-09 2.9987E-09 2.8861E-09 2.7529E-09 2.5998E-09 2.4243E-09 2.2284E-09 2.0172E-09 1.7962E-09 1.5747E-09 1.3441E-09 1.1233E-09 9.0221E-10 7.2474E-10 5.4544E-10 3.8483E-10 2.7355E-10 1.7871E-10 1.0964E-10 5.9132E-11
6.1669E-09 6.3549E-09 6.5221E-09 6.6696E-09 6.7957E-09 6.8940E-09 6.9707E-09 7.0172E-09 7.0378E-09 7.0315E-09 6.9950E-09 6.9345E-09 6.8472E-09 6.7346E-09 6.6040E-09 6.4500E-09 6.2825E-09 6.1040E-09 5.9131E-09 5.7224E-09 5.5284E-09 5.3386E-09 5.1583E-09 4.9830E-09 4.8250E-09 4.6825E-09 4.5553E-09 4.4511E-09 4.3650E-09 4.2900E-09 4.2342E-09 4.1913E-09 4.1535E-09 4.1341E-09 4.1150E-09 4.0905E-09 4.0621E-09 4.0106E-09 3.9333E-09 3.8341E-09 3.7061E-09 3.5378E-09 3.3424E-09 3.1188E-09 2.8712E-09 2.6000E-09 2.3237E-09 2.0371E-09 1.7549E-09 1.4817E-09 1.2216E-09 9.8367E-10 7.7849E-10 5.8174E-10 4.2730E-10 3.1295E-10 2.1345E-10
6.4234E-09 6.6267E-09 6.8108E-09 6.9765E-09 7.1156E-09 7.2325E-09 7.3227E-09 7.3832E-09 7.4196E-09 7.4229E-09 7.4003E-09 7.3516E-09 7.2727E-09 7.1736E-09 7.0514E-09 6.9095E-09 6.7563E-09 6.5884E-09 6.4170E-09 6.2428E-09 6.0675E-09 5.9038E-09 5.7449E-09 5.5990E-09 5.4717E-09 5.3580E-09 5.2681E-09 5.2018E-09 5.1501E-09 5.1197E-09 5.1031E-09 5.0990E-09 5.1113E-09 5.1281E-09 5.1481E-09 5.1668E-09 5.1633E-09 5.1470E-09 5.1040E-09 5.0227E-09 4.8968E-09 4.7412E-09 4.5329E-09 4.2895E-09 4.0115E-09 3.7063E-09 3.3680E-09 3.0239E-09 2.6676E-09 2.3215E-09 1.9898E-09 1.6821E-09 1.3965E-09 1.1031E-09 8.7175E-10 6.7769E-10 5.0204E-10
6.6627E-09 6.8804E-09 7.0851E-09 7.2651E-09 7.4225E-09 7.5566E-09 7.6598E-09 7.7387E-09 7.7877E-09 7.8046E-09 7.7986E-09 7.7595E-09 7.6968E-09 7.6113E-09 7.5009E-09 7.3774E-09 7.2390E-09 7.0912E-09 6.9413E-09 6.7876E-09 6.6437E-09 6.5069E-09 6.3793E-09 6.2725E-09 6.1818E-09 6.1127E-09 6.0691E-09 6.0484E-09 6.0523E-09 6.0717E-09 6.1080E-09 6.1640E-09 6.2255E-09 6.3000E-09 6.3751E-09 6.4359E-09 6.4890E-09 6.5222E-09 6.5154E-09 6.4747E-09 6.3841E-09 6.2394E-09 6.0454E-09 5.8030E-09 5.5045E-09 5.1664E-09 4.7900E-09 4.3847E-09 3.9592E-09 3.5264E-09 3.1015E-09 2.6981E-09 2.3255E-09 1.9779E-09 1.6545E-09 1.3272E-09 1.0690E-09
6.8786E-09 7.1159E-09 7.3377E-09 7.5330E-09 7.7102E-09 7.8584E-09 7.9790E-09 8.0752E-09 8.1360E-09 8.1729E-09 8.1803E-09 8.1567E-09 8.1117E-09 8.0408E-09 7.9502E-09 7.8458E-09 7.7273E-09 7.6059E-09 7.4798E-09 7.3585E-09 7.2472E-09 7.1434E-09 7.0598E-09 6.9974E-09 6.9544E-09 6.9408E-09 6.9531E-09 6.9913E-09 7.0566E-09 7.1440E-09 7.2491E-09 7.3666E-09 7.5029E-09 7.6475E-09 7.7854E-09 7.9232E-09 8.0434E-09 8.1380E-09 8.2003E-09 8.2196E-09 8.1791E-09 8.0864E-09 7.9279E-09 7.7016E-09 7.4169E-09 7.0723E-09 6.6624E-09 6.2165E-09 5.7282E-09 5.2213E-09 4.7099E-09 4.2017E-09 3.7109E-09 3.2470E-09 2.8013E-09 2.3704E-09 1.9716E-09
7.0699E-09 7.3258E-09 7.5619E-09 7.7768E-09 7.9707E-09 8.1334E-09 8.2728E-09 8.3837E-09 8.4629E-09 8.5182E-09 8.5399E-09 8.5367E-09 8.5100E-09 8.4580E-09 8.3909E-09 8.3079E-09 8.2175E-09 8.1239E-09 8.0286E-09 7.9456E-09 7.8714E-09 7.8130E-09 7.7796E-09 7.7681E-09 7.7849E-09 7.8324E-09 7.9095E-09 8.0164E-09 8.1511E-09 8.3148E-09 8.5010E-09 8.7003E-09 8.9208E-09 9.1485E-09 9.3823E-09 9.6067E-09 9.8176E-09 1.0004E-08 1.0157E-08 1.0262E-08 1.0316E-08 1.0299E-08 1.0213E-08 1.0048E-08 9.8091E-09 9.4819E-09 9.0900E-09 8.6224E-09 8.0934E-09 7.5273E-09 6.9334E-09 6.3109E-09 5.6963E-09 5.0819E-09 4.4789E-09 3.8853E-09 3.3132E-09
7.2330E-09 7.5041E-09 7.7554E-09 7.9879E-09 8.1962E-09 8.3774E-09 8.5344E-09 8.6603E-09 8.7603E-09 8.8329E-09 8.8737E-09 8.8919E-09 8.8840E-09 8.8570E-09 8.8144E-09 8.7596E-09 8.7008E-09 8.6389E-09 8.5824E-09 8.5427E-09 8.5134E-09 8.5100E-09 8.5310E-09 8.5767E-09 8.6595E-09 8.7733E-09 8.9205E-09 9.0999E-09 9.3136E-09 9.5579E-09 9.8336E-09 1.0131E-08 1.0454E-08 1.0785E-08 1.1123E-08 1.1462E-08 1.1785E-08 1.2090E-08 1.2366E-08 1.2594E-08 1.2769E-08 1.2874E-08 1.2905E-08 1.2844E-08 1.2696E-08 1.2450E-08 1.2115E-08 1.1676E-08 1.1158E-08 1.0563E-08 9.9020E-09 9.1976E-09 8.4537E-09 7.6840E-09 6.8966E-09 6.1036E-09 5.3115E-09
7.3617E-09 7.6444E-09 7.9130E-09 8.1607E-09 8.3828E-09 8.5834E-09 8.7551E-09 8.9007E-09 9.0195E-09 9.1102E-09 9.1729E-09 9.2137E-09 9.2294E-09 9.2295E-09 9.2148E-09 9.1936E-09 9.1694E-09 9.1471E-09 9.1370E-09 9.1463E-09 9.1695E-09 9.2243E-09 9.3037E-09 9.4132E-09 9.5616E-09 9.7424E-09 9.9595E-09 1.0217E-08 1.0513E-08 1.0845E-08 1.1218E-08 1.1624E-08 1.2055E-08 1.2513E-08 1.2968E-08 1.3437E-08 1.3898E-08 1.4352E-08 1.4778E-08 1.5165E-08 1.5509E-08 1.5775E-08 1.5970E-08 1.6071E-08 1.6073E-08 1.5972E-08 1.5756E-08 1.5418E-08 1.4965E-08 1.4397E-08 1.3732E-08 1.2972E-08 1.2128E-08 1.1222E-08 1.0254E-08 9.2283E-09 8.1720E-09
7.4504E-09 7.7442E-09 8.0285E-09 8.2883E-09 8.5280E-09 8.7442E-09 8.9312E-09 9.0966E-09 9.2345E-09 9.3448E-09 9.4314E-09 9.4945E-09 9.5384E-09 9.5679E-09 9.5861E-09 9.6032E-09 9.6212E-09 9.6469E-09 9.6870E-09 9.7492E-09 9.8316E-09 9.9447E-09 1.0084E-08 1.0255E-08 1.0468E-08 1.0715E-08 1.1003E-08 1.1338E-08 1.1714E-08 1.2142E-08 1.2614E-08 1.3123E-08 1.3686E-08 1.4255E-08 1.4855E-08 1.5469E-08 1.6087E-08 1.6709E-08 1.7321E-08 1.7905E-08 1.8446E-08 1.8930E-08 1.9334E-08 1.9651E-08 1.9867E-08 1.9981E-08 1.9955E-08 1.9796E-08 1.9488E-08 1.9025E-08 1.8430E-08 1.7681E-08 1.6789E-08 1.5771E-08 1.4643E-08 1.3394E-08 1.2040E-08
7.4945E-09 7.8010E-09 8.0973E-09 8.3684E-09 8.6248E-09 8.8555E-09 9.0583E-09 9.2431E-09 9.3985E-09 9.5319E-09 9.6421E-09 9.7316E-09 9.8054E-09 9.8686E-09 9.9268E-09 9.9885E-09 1.0052E-08 1.0131E-08 1.0227E-08 1.0344E-08 1.0484E-08 1.0654E-08 1.0850E-08 1.1080E-08 1.1355E-08 1.1666E-08 1.2026E-08 1.2433E-08 1.2886E-08 1.3405E-08 1.3969E-08 1.4592E-08 1.5262E-08 1.5972E-08 1.6711E-08 1.7465E-08 1.8271E-08 1.9067E-08 1.9884E-08 2.0688E-08 2.1468E-08 2.2199E-08 2.2860E-08 2.3443E-08 2.3941E-08 2.4321E-08 2.4567E-08 2.4663E-08 2.4581E-08 2.4328E-08 2.3867E-08 2.3210E-08 2.2354E-08 2.1292E-08 2.0038E-08 1.8598E-08 1.6969E-08
7.4922E-09 7.8098E-09 8.1162E-09 8.3983E-09 8.6679E-09 8.9123E-09 9.1319E-09 9.3353E-09 9.5090E-09 9.6661E-09 9.8018E-09 9.9210E-09 1.0030E-08 1.0132E-08 1.0235E-08 1.0344E-08 1.0461E-08 1.0594E-08 1.0744E-08 1.0916E-08 1.1109E-08 1.1332E-08 1.1582E-08 1.1869E-08 1.2202E-08 1.2572E-08 1.2998E-08 1.3470E-08 1.3996E-08 1.4592E-08 1.5246E-08 1.5963E-08 1.6743E-08 1.7567E-08 1.8446E-08 1.9359E-08 2.0324E-08 2.1317E-08 2.2342E-08 2.3385E-08 2.4401E-08 2.5424E-08 2.6370E-08 2.7259E-08 2.8072E-08 2.8760E-08 2.9346E-08 2.9756E-08 2.9979E-08 3.0006E-08 2.9778E-08 2.9305E-08 2.8561E-08 2.7562E-08 2.6267E-08 2.4698E-08 2.2840E-08
7.4428E-09 7.7684E-09 8.0824E-09 8.3752E-09 8.6565E-09 8.9121E-09 9.1488E-09 9.3690E-09 9.5645E-09 9.7464E-09 9.9108E-09 1.0065E-08 1.0213E-08 1.0359E-08 1.0511E-08 1.0670E-08 1.0839E-08 1.1023E-08 1.1221E-08 1.1446E-08 1.1689E-08 1.1962E-08 1.2263E-08 1.2601E-08 1.2986E-08 1.3409E-08 1.3891E-08 1.4420E-08 1.5008E-08 1.5669E-08 1.6394E-08 1.7194E-08 1.8060E-08 1.8991E-08 1.9993E-08 2.1037E-08 2.2174E-08 2.3329E-08 2.4559E-08 2.5826E-08 2.7096E-08 2.8382E-08 2.9630E-08 3.0842E-08 3.1978E-08 3.3008E-08 3.3953E-08 3.4711E-08 3.5290E-08 3.5646E-08 3.5721E-08 3.5510E-08 3.4994E-08 3.4147E-08 3.2915E-08 3.1338E-08 2.9352E-08
7.3461E-09 7.6765E-09 7.9957E-09 8.2974E-09 8.5891E-09 8.8561E-09 9.1084E-09 9.3477E-09 9.5659E-09 9.7773E-09 9.9732E-09 1.0167E-08 1.0357E-08 1.0549E-08 1.0749E-08 1.0954E-08 1.1170E-08 1.1402E-08 1.1647E-08 1.1920E-08 1.2209E-08 1.2528E-08 1.2874E-08 1.3256E-08 1.3686E-08 1.4152E-08 1.4678E-08 1.5250E-08 1.5888E-08 1.6597E-08 1.7378E-08 1.8233E-08 1.9161E-08 2.0179E-08 2.1259E-08 2.2439E-08 2.3674E-08 2.4999E-08 2.6401E-08 2.7853E-08 2.9348E-08 3.0875E-08 3.2399E-08 3.3898E-08 3.5355E-08 3.6719E-08 3.7986E-08 3.9106E-08 4.0041E-08 4.0730E-08 4.1169E-08 4.1279E-08 4.1055E-08 4.0460E-08 3.9450E-08 3.7965E-08 3.6037E-08
7.2019E-09 7.5351E-09 7.8576E-09 8.1669E-09 8.4675E-09 8.7479E-09 9.0171E-09 9.2767E-09 9.5221E-09 9.7643E-09 9.9976E-09 1.0229E-08 1.0462E-08 1.0696E-08 1.0939E-08 1.1186E-08 1.1447E-08 1.1721E-08 1.2010E-08 1.2324E-08 1.2655E-08 1.3014E-08 1.3399E-08 1.3817E-08 1.4280E-08 1.4781E-08 1.5336E-08 1.5941E-08 1.6606E-08 1.7347E-08 1.8161E-08 1.9045E-08 2.0013E-08 2.1073E-08 2.2216E-08 2.3457E-08 2.4803E-08 2.6219E-08 2.7751E-08 2.9344E-08 3.1001E-08 3.2713E-08 3.4444E-08 3.6198E-08 3.7882E-08 3.9538E-08 4.1068E-08 4.2479E-08 4.3718E-08 4.4742E-08 4.5511E-08 4.5972E-08 4.6108E-08 4.5856E-08 4.5193E-08 4.4039E-08 4.2354E-08
7.0139E-09 7.3473E-09 7.6733E-09 7.9898E-09 8.3001E-09 8.5954E-09 8.8836E-09 9.1661E-09 9.4413E-09 9.7145E-09 9.9833E-09 1.0251E-08 1.0520E-08 1.0793E-08 1.1074E-08 1.1361E-08 1.1660E-08 1.1973E-08 1.2298E-08 1.2649E-08 1.3014E-08 1.3406E-08 1.3821E-08 1.4266E-08 1.4753E-08 1.5271E-08 1.5846E-08 1.6464E-08 1.7145E-08 1.7896E-08 1.8717E-08 1.9604E-08 2.0576E-08 2.1652E-08 2.2805E-08 2.4077E-08 2.5449E-08 2.6931E-08 2.8521E-08 3.0175E-08 3.1929E-08 3.3745E-08 3.5595E-08 3.7484E-08 3.9336E-08 4.1147E-08 4.2864E-08 4.4460E-08 4.5927E-08 4.7200E-08 4.8247E-08 4.9040E-08 4.9564E-08 4.9731E-08 4.9544E-08 4.8884E-08 4.7753E-08
6.7876E-09 7.1215E-09 7.4521E-09 7.7765E-09 8.0982E-09 8.4098E-09 8.7182E-09 9.0248E-09 9.3266E-09 9.6287E-09 9.9263E-09 1.0227E-08 1.0527E-08 1.0835E-08 1.1150E-08 1.1471E-08 1.1802E-08 1.2148E-08 1.2503E-08 1.2884E-08 1.3275E-08 1.3691E-08 1.4128E-08 1.4590E-08 1.5089E-08 1.5616E-08 1.6192E-08 1.6810E-08 1.7485E-08 1.8226E-08 1.9029E-08 1.9891E-08 2.0843E-08 2.1883E-08 2.3019E-08 2.4255E-08 2.5615E-08 2.7071E-08 2.8654E-08 3.0321E-08 3.2054E-08 3.3891E-08 3.5737E-08 3.7652E-08 3.9532E-08 4.1386E-08 4.3160E-08 4.4807E-08 4.6370E-08 4.7775E-08 4.9015E-08 5.0094E-08 5.0975E-08 5.1626E-08 5.2008E-08 5.2076E-08 5.1799E-08
6.5343E-09 6.8695E-09 7.2061E-09 7.5399E-09 7.8731E-09 8.2008E-09 8.5277E-09 8.8544E-09 9.1774E-09 9.5030E-09 9.8265E-09 1.0153E-08 1.0483E-08 1.0818E-08 1.1162E-08 1.1510E-08 1.1869E-08 1.2240E-08 1.2619E-08 1.3020E-08 1.3431E-08 1.3862E-08 1.4311E-08 1.4779E-08 1.5278E-08 1.5799E-08 1.6365E-08 1.6968E-08 1.7622E-08 1.8329E-08 1.9092E-08 1.9906E-08 2.0803E-08 2.1779E-08 2.2847E-08 2.4010E-08 2.5293E-08 2.6666E-08 2.8168E-08 2.9737E-08 3.1394E-08 3.3117E-08 3.4875E-08 3.6673E-08 3.8465E-08 4.0198E-08 4.1886E-08 4.3468E-08 4.4972E-08 4.6384E-08 4.7704E-08 4.8980E-08 5.0159E-08 5.1312E-08 5.2346E-08 5.3345E-08 5.4218E-08
6.2664E-09 6.6048E-09 6.9463E-09 7.2875E-09 7.6322E-09 7.9711E-09 8.3103E-09 8.6517E-09 8.9927E-09 9.3371E-09 9.6819E-09 1.0030E-08 1.0382E-08 1.0740E-08 1.1106E-08 1.1476E-08 1.1855E-08 1.2245E-08 1.2639E-08 1.3054E-08 1.3475E-08 1.3913E-08 1.4361E-08 1.4826E-08 1.5314E-08 1.5822E-08 1.6366E-08 1.6939E-08 1.7555E-08 1.8209E-08 1.8913E-08 1.9656E-08 2.0472E-08 2.1356E-08 2.2319E-08 2.3367E-08 2.4518E-08 2.5755E-08 2.7092E-08 2.8511E-08 2.9980E-08 3.1522E-08 3.3081E-08 3.4656E-08 3.6217E-08 3.7715E-08 3.9185E-08 4.0550E-08 4.1889E-08 4.3174E-08 4.4475E-08 4.5826E-08 4.7250E-08 4.8838E-08 5.0628E-08 5.2660E-08 5.4788E-08
5.9950E-09 6.3328E-09 6.6791E-09 7.0232E-09 7.3716E-09 7.7175E-09 8.0656E-09 8.4184E-09 8.7722E-09 9.1315E-09 9.4914E-09 9.8563E-09 1.0225E-08 1.0600E-08 1.0981E-08 1.1367E-08 1.1758E-08 1.2159E-08 1.2563E-08 1.2983E-08 1.3405E-08 1.3841E-08 1.4280E-08 1.4730E-08 1.5200E-08 1.5682E-08 1.6196E-08 1.6727E-08 1.7288E-08 1.7879E-08 1.8503E-08 1.9164E-08 1.9873E-08 2.0643E-08 2.1473E-08 2.2370E-08 2.3354E-08 2.4397E-08 2.5538E-08 2.6718E-08 2.7960E-08 2.9232E-08 3.0499E-08 3.1781E-08 3.3016E-08 3.4196E-08 3.5324E-08 3.6406E-08 3.7452E-08 3.8520E-08 3.9686E-08 4.1013E-08 4.2575E-08 4.4562E-08 4.7049E-08 5.0058E-08 5.3711E-08
5.7209E-09 6.0569E-09 6.3992E-09 6.7432E-09 7.0924E-09 7.4425E-09 7.7948E-09 8.1555E-09 8.5169E-09 8.8866E-09 9.2562E-09 9.6323E-09 1.0011E-08 1.0396E-08 1.0787E-08 1.1182E-08 1.1578E-08 1.1983E-08 1.2389E-08 1.2805E-08 1.3224E-08 1.3646E-08 1.4068E-08 1.4496E-08 1.4939E-08 1.5391E-08 1.5864E-08 1.6341E-08 1.6841E-08 1.7355E-08 1.7891E-08 1.8452E-08 1.9044E-08 1.9681E-08 2.0362E-08 2.1086E-08 2.1876E-08 2.2704E-08 2.3598E-08 2.4519E-08 2.5470E-08 2.6432E-08 2.7382E-08 2.8296E-08 2.9164E-08 2.9968E-08 3.0723E-08 3.1445E-08 3.2159E-08 3.2959E-08 3.3888E-08 3.5093E-08 3.6730E-08 3.8934E-08 4.2041E-08 4.5925E-08 5.0985E-08
5.4408E-09 5.7704E-09 6.1079E-09 6.4484E-09 6.7960E-09 7.1458E-09 7.4996E-09 7.8623E-09 8.2278E-09 8.6019E-09 8.9765E-09 9.3574E-09 9.7421E-09 1.0131E-08 1.0525E-08 1.0920E-08 1.1318E-08 1.1718E-08 1.2121E-08 1.2527E-08 1.2930E-08 1.3333E-08 1.3730E-08 1.4133E-08 1.4546E-08 1.4960E-08 1.5382E-08 1.5801E-08 1.6229E-08 1.6666E-08 1.7103E-08 1.7559E-08 1.8029E-08 1.8521E-08 1.9049E-08 1.9586E-08 2.0174E-08 2.0775E-08 2.1407E-08 2.2054E-08 2.2699E-08 2.3341E-08 2.3950E-08 2.4499E-08 2.4996E-08 2.5416E-08 2.5802E-08 2.6161E-08 2.6532E-08 2.7025E-08 2.7692E-08 2.8714E-08 3.0266E-08 3.2615E-08 3.5847E-08 4.0512E-08 4.6403E-08
5.1550E-09 5.4763E-09 5.8065E-09 6.1409E-09 6.4834E-09 6.8293E-09 7.1809E-09 7.5417E-09 7.9062E-09 8.2804E-09 8.6540E-09 9.0349E-09 9.4195E-09 9.8078E-09 1.0197E-08 1.0588E-08 1.0979E-08 1.1371E-08 1.1761E-08 1.2152E-08 1.2530E-08 1.2912E-08 1.3282E-08 1.3656E-08 1.4033E-08 1.4399E-08 1.4767E-08 1.5125E-08 1.5479E-08 1.5835E-08 1.6176E-08 1.6522E-08 1.6875E-08 1.7219E-08 1.7586E-08 1.7953E-08 1.8331E-08 1.8717E-08 1.9095E-08 1.9475E-08 1.9836E-08 2.0162E-08 2.0449E-08 2.0660E-08 2.0819E-08 2.0909E-08 2.0956E-08 2.1006E-08 2.1068E-08 2.1268E-08 2.1686E-08 2.2443E-08 2.3834E-08 2.5933E-08 2.9230E-08 3.3909E-08 4.0748E-08
4.8650E-09 5.1762E-09 5.4965E-09 5.8220E-09 6.1564E-09 6.4955E-09 6.8407E-09 7.1963E-09 7.5548E-09 7.9241E-09 8.2928E-09 8.6685E-09 9.0470E-09 9.4285E-09 9.8085E-09 1.0190E-08 1.0570E-08 1.0946E-08 1.1318E-08 1.1683E-08 1.2038E-08 1.2393E-08 1.2741E-08 1.3078E-08 1.3414E-08 1.3730E-08 1.4041E-08 1.4338E-08 1.4617E-08 1.4894E-08 1.5147E-08 1.5381E-08 1.5620E-08 1.5831E-08 1.6045E-08 1.6254E-08 1.6439E-08 1.6622E-08 1.6783E-08 1.6915E-08 1.7024E-08 1.7075E-08 1.7086E-08 1.7028E-08 1.6899E-08 1.6722E-08 1.6516E-08 1.6313E-08 1.6144E-08 1.6096E-08 1.6268E-08 1.6776E-08 1.7796E-08 1.9618E-08 2.2413E-08 2.6942E-08 3.3002E-08
4.5721E-09 4.8709E-09 5.1794E-09 5.4934E-09 5.8172E-09 6.1462E-09 6.4822E-09 6.8280E-09 7.1768E-09 7.5368E-09 7.8970E-09 8.2623E-09 8.6293E-09 8.9980E-09 9.3665E-09 9.7309E-09 1.0096E-08 1.0449E-08 1.0794E-08 1.1136E-08 1.1468E-08 1.1799E-08 1.2115E-08 1.2414E-08 1.2702E-08 1.2974E-08 1.3225E-08 1.3464E-08 1.3675E-08 1.3869E-08 1.4043E-08 1.4182E-08 1.4306E-08 1.4413E-08 1.4479E-08 1.4545E-08 1.4576E-08 1.4580E-08 1.4558E-08 1.4491E-08 1.4384E-08 1.4234E-08 1.4015E-08 1.3751E-08 1.3429E-08 1.3066E-08 1.2676E-08 1.2311E-08 1.1978E-08 1.1745E-08 1.1721E-08 1.1930E-08 1.2629E-08 1.3895E-08 1.6217E-08 1.9514E-08 2.5115E-08
