Assets/Resources/2015_m01_d04_1100(utc+0800)_l00_csi_1hr_conc.grd
DSAA
         159         159
     -79.000      79.000
     -79.000      79.000
  0.8080E-10  0.1199E-05
[rows 25 to 49 of 159, columns 0 to 56 of 159]
1.3085E-10 1.3656E-10 1.4814E-10 1.5589E-10 1.6430E-10 1.7975E-10 1.9237E-10 2.0521E-10 2.2659E-10 2.4384E-10 2.5887E-10 2.8175E-10 3.0210E-10 3.2089E-10 3.4663E-10 3.7142E-10 3.9505E-10 4.2448E-10 4.5405E-10 4.8185E-10 5.1664E-10 5.4885E-10 5.8019E-10 6.2015E-10 6.5458E-10 6.9248E-10 7.2748E-10 7.6920E-10 8.0854E-10 8.4748E-10 8.9168E-10 9.3595E-10 9.7989E-10 1.0243E-09 1.0770E-09 1.1253E-09 1.1752E-09 1.2275E-09 1.2832E-09 1.3365E-09 1.3911E-09 1.4485E-09 1.5098E-09 1.5674E-09 1.6261E-09 1.6851E-09 1.7450E-09 1.8055E-09 1.8664E-09 1.9275E-09 1.9880E-09 2.0487E-09 2.1095E-09 2.1699E-09 2.2298E-09 2.2891E-09 2.3472E-09
1.3304E-10 1.4305E-10 1.5202E-10 1.6013E-10 1.7325E-10 1.8618E-10 1.9939E-10 2.1862E-10 2.3434E-10 2.5274E-10 2.7270E-10 2.9342E-10 3.1325E-10 3.3301E-10 3.6159E-10 3.8565E-10 4.1053E-10 4.4312E-10 4.7044E-10 5.0633E-10 5.3894E-10 5.7117E-10 6.0436E-10 6.4512E-10 6.8416E-10 7.1918E-10 7.6067E-10 8.0024E-10 8.3959E-10 8.8428E-10 9.2898E-10 9.7399E-10 1.0192E-09 1.0723E-09 1.1215E-09 1.1724E-09 1.2259E-09 1.2833E-09 1.3380E-09 1.3943E-09 1.4559E-09 1.5166E-09 1.5761E-09 1.6367E-09 1.6983E-09 1.7611E-09 1.8241E-09 1.8877E-09 1.9511E-09 2.0148E-09 2.0788E-09 2.1429E-09 2.2068E-09 2.2699E-09 2.3325E-09 2.3945E-09 2.4557E-09
1.3699E-10 1.4872E-10 1.5690E-10 1.6531E-10 1.8131E-10 1.9518E-10 2.0728E-10 2.2679E-10 2.4477E-10 2.5960E-10 2.8613E-10 3.0592E-10 3.2609E-10 3.5332E-10 3.7678E-10 4.0237E-10 4.3402E-10 4.6160E-10 4.9710E-10 5.2856E-10 5.6031E-10 5.9436E-10 6.3427E-10 6.7268E-10 7.0875E-10 7.5144E-10 7.9106E-10 8.3020E-10 8.7525E-10 9.2068E-10 9.6593E-10 1.0116E-09 1.0659E-09 1.1159E-09 1.1673E-09 1.2219E-09 1.2809E-09 1.3374E-09 1.3949E-09 1.4580E-09 1.5202E-09 1.5820E-09 1.6448E-09 1.7090E-09 1.7738E-09 1.8392E-09 1.9052E-09 1.9715E-09 2.0386E-09 2.1059E-09 2.1732E-09 2.2401E-09 2.3069E-09 2.3732E-09 2.4389E-09 2.5038E-09 2.5677E-09
1.4349E-10 1.5204E-10 1.6117E-10 1.7324E-10 1.8900E-10 2.0183E-10 2.1915E-10 2.3791E-10 2.5348E-10 2.7503E-10 2.9817E-10 3.1692E-10 3.4167E-10 3.6759E-10 3.9123E-10 4.2065E-10 4.5117E-10 4.7856E-10 5.1757E-10 5.4784E-10 5.8293E-10 6.2262E-10 6.6145E-10 6.9856E-10 7.4113E-10 7.8085E-10 8.1979E-10 8.6467E-10 9.1031E-10 9.5597E-10 1.0026E-09 1.0574E-09 1.1081E-09 1.1602E-09 1.2179E-09 1.2759E-09 1.3337E-09 1.3924E-09 1.4591E-09 1.5214E-09 1.5849E-09 1.6500E-09 1.7161E-09 1.7829E-09 1.8508E-09 1.9196E-09 1.9890E-09 2.0590E-09 2.1293E-09 2.1995E-09 2.2698E-09 2.3401E-09 2.4102E-09 2.4796E-09 2.5485E-09 2.6169E-09 2.6843E-09
1.4938E-10 1.5732E-10 1.6608E-10 1.8152E-10 1.9547E-10 2.0857E-10 2.2825E-10 2.4697E-10 2.6184E-10 2.8701E-10 3.0877E-10 3.2821E-10 3.5709E-10 3.8162E-10 4.0714E-10 4.3916E-10 4.6752E-10 5.0465E-10 5.3633E-10 5.7032E-10 6.1073E-10 6.4763E-10 6.8523E-10 7.2867E-10 7.6959E-10 8.0864E-10 8.4929E-10 8.9860E-10 9.4431E-10 9.9132E-10 1.0465E-09 1.0978E-09 1.1507E-09 1.2094E-09 1.2684E-09 1.3274E-09 1.3870E-09 1.4553E-09 1.5191E-09 1.5845E-09 1.6512E-09 1.7197E-09 1.7889E-09 1.8593E-09 1.9309E-09 2.0028E-09 2.0755E-09 2.1485E-09 2.2221E-09 2.2960E-09 2.3698E-09 2.4434E-09 2.5170E-09 2.5901E-09 2.6626E-09 2.7343E-09 2.8048E-09
1.5231E-10 1.6161E-10 1.7390E-10 1.8971E-10 2.0268E-10 2.1965E-10 2.3931E-10 2.5518E-10 2.7782E-10 2.9873E-10 3.1876E-10 3.4631E-10 3.7133E-10 3.9532E-10 4.2654E-10 4.5631E-10 4.9085E-10 5.2410E-10 5.5853E-10 5.9764E-10 6.3427E-10 6.7192E-10 7.1225E-10 7.5720E-10 7.9628E-10 8.3694E-10 8.8626E-10 9.3128E-10 9.7826E-10 1.0337E-09 1.0857E-09 1.1389E-09 1.1983E-09 1.2582E-09 1.3188E-09 1.3816E-09 1.4531E-09 1.5199E-09 1.5883E-09 1.6582E-09 1.7296E-09 1.8020E-09 1.8746E-09 1.9473E-09 2.0198E-09 2.0921E-09 2.1679E-09 2.2453E-09 2.3229E-09 2.4001E-09 2.4776E-09 2.5546E-09 2.6319E-09 2.7081E-09 2.7829E-09 2.8563E-09 2.9289E-09
1.5717E-10 1.6605E-10 1.8116E-10 1.9464E-10 2.0792E-10 2.2943E-10 2.4800E-10 2.6281E-10 2.8725E-10 3.0979E-10 3.3326E-10 3.5843E-10 3.8494E-10 4.1397E-10 4.4298E-10 4.7645E-10 5.1146E-10 5.4207E-10 5.7977E-10 6.2099E-10 6.5815E-10 6.9501E-10 7.4238E-10 7.8279E-10 8.2337E-10 8.7256E-10 9.1763E-10 9.6414E-10 1.0194E-09 1.0714E-09 1.1253E-09 1.1842E-09 1.2518E-09 1.3161E-09 1.3821E-09 1.4561E-09 1.5252E-09 1.5963E-09 1.6693E-09 1.7449E-09 1.8219E-09 1.8999E-09 1.9777E-09 2.0569E-09 2.1363E-09 2.2158E-09 2.2949E-09 2.3702E-09 2.4452E-09 2.5186E-09 2.5960E-09 2.6762E-09 2.7553E-09 2.8335E-09 2.9114E-09 2.9881E-09 3.0629E-09
1.6129E-10 1.7365E-10 1.8650E-10 2.0118E-10 2.2005E-10 2.3863E-10 2.5627E-10 2.7676E-10 3.0000E-10 3.2042E-10 3.4724E-10 3.7438E-10 3.9784E-10 4.2963E-10 4.6124E-10 4.9620E-10 5.2740E-10 5.6286E-10 6.0352E-10 6.4283E-10 6.8019E-10 7.2689E-10 7.6807E-10 8.0875E-10 8.5760E-10 9.0258E-10 9.4915E-10 1.0038E-09 1.0583E-09 1.1154E-09 1.1756E-09 1.2457E-09 1.3106E-09 1.3780E-09 1.4550E-09 1.5298E-09 1.6083E-09 1.6882E-09 1.7692E-09 1.8515E-09 1.9343E-09 2.0172E-09 2.1017E-09 2.1858E-09 2.2693E-09 2.3523E-09 2.4351E-09 2.5141E-09 2.5920E-09 2.6682E-09 2.7456E-09 2.8230E-09 2.8975E-09 2.9749E-09 3.0569E-09 3.1369E-09 3.2138E-09
1.6562E-10 1.8036E-10 1.9400E-10 2.0761E-10 2.2716E-10 2.4769E-10 2.6618E-10 2.8790E-10 3.1077E-10 3.3386E-10 3.6034E-10 3.8687E-10 4.1358E-10 4.4668E-10 4.8236E-10 5.1370E-10 5.4746E-10 5.8775E-10 6.2614E-10 6.6470E-10 7.0942E-10 7.5147E-10 7.9288E-10 8.3957E-10 8.8627E-10 9.3275E-10 9.8639E-10 1.0462E-09 1.1043E-09 1.1652E-09 1.2353E-09 1.3041E-09 1.3761E-09 1.4595E-09 1.5404E-09 1.6226E-09 1.7056E-09 1.8124E-09 1.8986E-09 1.9890E-09 2.0811E-09 2.1725E-09 2.2624E-09 2.3518E-09 2.4408E-09 2.5294E-09 2.6169E-09 2.7025E-09 2.7872E-09 2.8705E-09 2.9492E-09 3.0245E-09 3.0790E-09 3.1498E-09 3.2221E-09 3.2935E-09 3.3746E-09
1.7300E-10 1.8539E-10 2.0157E-10 2.1665E-10 2.3692E-10 2.5534E-10 2.7698E-10 2.9887E-10 3.2074E-10 3.4583E-10 3.7339E-10 3.9774E-10 4.3054E-10 4.6413E-10 4.9862E-10 5.3154E-10 5.6926E-10 6.0781E-10 6.4661E-10 6.8853E-10 7.3296E-10 7.7622E-10 8.1819E-10 8.6880E-10 9.1745E-10 9.6997E-10 1.0330E-09 1.0914E-09 1.1520E-09 1.2265E-09 1.2985E-09 1.3755E-09 1.4625E-09 1.5451E-09 1.6533E-09 1.7437E-09 1.8378E-09 1.9354E-09 2.0336E-09 2.1318E-09 2.2300E-09 2.3506E-09 2.4488E-09 2.5479E-09 2.6463E-09 2.7430E-09 2.8373E-09 2.9284E-09 3.0153E-09 3.0981E-09 3.1763E-09 3.2289E-09 3.3010E-09 3.3753E-09 3.4474E-09 3.4931E-09 3.5605E-09
1.7983E-10 1.9389E-10 2.0637E-10 2.2527E-10 2.4420E-10 2.6586E-10 2.8535E-10 3.1081E-10 3.3313E-10 3.5893E-10 3.8604E-10 4.1461E-10 4.4710E-10 4.8465E-10 5.1324E-10 5.4929E-10 5.9185E-10 6.2853E-10 6.6743E-10 7.1487E-10 7.5758E-10 8.0004E-10 8.5041E-10 9.0071E-10 9.5395E-10 1.0176E-09 1.0758E-09 1.1415E-09 1.2170E-09 1.2923E-09 1.3712E-09 1.4796E-09 1.5721E-09 1.6653E-09 1.7644E-09 1.8670E-09 1.9698E-09 2.0974E-09 2.2038E-09 2.3131E-09 2.4256E-09 2.5369E-09 2.6474E-09 2.7564E-09 2.8616E-09 2.9632E-09 3.0629E-09 3.1581E-09 3.2488E-09 3.3345E-09 3.4141E-09 3.4883E-09 3.5621E-09 3.6340E-09 3.7023E-09 3.7421E-09 3.8034E-09
1.8431E-10 1.9806E-10 2.1636E-10 2.3192E-10 2.5304E-10 2.7467E-10 2.9694E-10 3.1997E-10 3.4570E-10 3.7180E-10 3.9792E-10 4.2856E-10 4.6435E-10 4.9788E-10 5.3237E-10 5.7207E-10 6.0900E-10 6.4753E-10 6.9298E-10 7.3712E-10 7.7988E-10 8.3053E-10 8.8268E-10 9.3675E-10 9.9743E-10 1.0606E-09 1.1278E-09 1.2021E-09 1.2833E-09 1.3851E-09 1.4751E-09 1.5762E-09 1.6770E-09 1.7818E-09 1.9128E-09 2.0265E-09 2.1431E-09 2.2633E-09 2.3872E-09 2.5107E-09 2.6339E-09 2.7803E-09 2.8989E-09 3.0172E-09 3.1334E-09 3.2458E-09 3.3536E-09 3.4528E-09 3.5460E-09 3.6326E-09 3.7178E-09 3.7983E-09 3.8696E-09 3.9344E-09 3.9750E-09 4.0319E-09 4.0912E-09
1.9073E-10 2.0503E-10 2.2384E-10 2.4273E-10 2.6055E-10 2.8409E-10 3.0575E-10 3.3256E-10 3.5475E-10 3.8405E-10 4.1234E-10 4.4178E-10 4.8209E-10 5.1502E-10 5.4941E-10 5.9192E-10 6.2740E-10 6.6763E-10 7.1718E-10 7.6048E-10 8.0727E-10 8.6315E-10 9.1728E-10 9.7329E-10 1.0436E-09 1.1119E-09 1.1862E-09 1.2705E-09 1.3796E-09 1.4725E-09 1.5788E-09 1.6838E-09 1.8178E-09 1.9380E-09 2.0620E-09 2.1918E-09 2.3251E-09 2.4594E-09 2.6214E-09 2.7608E-09 2.9012E-09 3.0413E-09 3.1774E-09 3.3100E-09 3.4358E-09 3.5559E-09 3.6949E-09 3.8028E-09 3.9037E-09 3.9963E-09 4.0817E-09 4.1574E-09 4.1955E-09 4.2559E-09 4.3092E-09 4.3613E-09 4.4141E-09
1.9584E-10 2.1427E-10 2.3071E-10 2.4878E-10 2.7173E-10 2.9132E-10 3.1672E-10 3.4260E-10 3.6750E-10 3.9584E-10 4.2658E-10 4.6241E-10 4.9715E-10 5.2934E-10 5.6890E-10 6.0780E-10 6.4658E-10 6.9448E-10 7.3824E-10 7.8591E-10 8.4223E-10 8.9585E-10 9.5216E-10 1.0236E-09 1.0932E-09 1.1682E-09 1.2769E-09 1.3692E-09 1.4664E-09 1.5772E-09 1.7086E-09 1.8319E-09 1.9599E-09 2.0959E-09 2.2362E-09 2.4062E-09 2.5599E-09 2.7167E-09 2.8758E-09 3.0357E-09 3.1928E-09 3.3740E-09 3.5241E-09 3.6714E-09 3.8145E-09 3.9494E-09 4.0749E-09 4.1914E-09 4.2955E-09 4.3882E-09 4.4716E-09 4.5446E-09 4.6081E-09 4.6605E-09 4.7108E-09 4.7554E-09 4.7946E-09
2.0124E-10 2.2119E-10 2.3779E-10 2.5787E-10 2.7959E-10 3.0187E-10 3.2640E-10 3.5321E-10 3.7943E-10 4.1053E-10 4.3757E-10 4.7963E-10 5.1069E-10 5.4663E-10 5.8890E-10 6.2606E-10 6.6863E-10 7.1624E-10 7.6220E-10 8.1464E-10 8.7268E-10 9.2991E-10 9.9707E-10 1.0716E-09 1.1470E-09 1.2553E-09 1.3540E-09 1.4560E-09 1.5656E-09 1.7111E-09 1.8406E-09 1.9783E-09 2.1232E-09 2.2997E-09 2.4651E-09 2.6359E-09 2.8130E-09 2.9912E-09 3.1957E-09 3.3791E-09 3.5608E-09 3.7410E-09 3.9170E-09 4.0849E-09 4.2434E-09 4.4172E-09 4.5526E-09 4.6761E-09 4.7872E-09 4.8862E-09 4.9714E-09 5.0438E-09 5.1035E-09 5.1532E-09 5.1916E-09 5.2198E-09 5.2174E-09
2.0675E-10 2.2639E-10 2.4294E-10 2.6798E-10 2.8820E-10 3.1132E-10 3.3823E-10 3.6173E-10 3.9132E-10 4.2136E-10 4.5520E-10 4.9431E-10 5.2520E-10 5.6599E-10 6.0551E-10 6.4212E-10 6.8908E-10 7.3901E-10 7.8945E-10 8.4855E-10 9.0516E-10 9.7012E-10 1.0471E-09 1.1226E-09 1.2311E-09 1.3341E-09 1.4394E-09 1.5502E-09 1.7064E-09 1.8433E-09 1.9905E-09 2.1443E-09 2.3379E-09 2.5173E-09 2.7076E-09 2.9024E-09 3.1283E-09 3.3378E-09 3.5496E-09 3.7625E-09 3.9720E-09 4.2017E-09 4.4022E-09 4.5955E-09 4.7798E-09 4.9519E-09 5.1103E-09 5.2527E-09 5.3756E-09 5.4781E-09 5.5645E-09 5.6655E-09 5.7210E-09 5.7329E-09 5.7515E-09 5.7576E-09 5.7557E-09
2.1687E-10 2.3258E-10 2.5184E-10 2.7798E-10 2.9767E-10 3.1985E-10 3.4775E-10 3.7155E-10 4.0601E-10 4.3394E-10 4.7264E-10 5.0738E-10 5.4041E-10 5.8462E-10 6.2007E-10 6.6187E-10 7.1445E-10 7.6295E-10 8.1827E-10 8.7796E-10 9.4310E-10 1.0175E-09 1.0949E-09 1.2045E-09 1.3067E-09 1.4162E-09 1.5531E-09 1.6910E-09 1.8372E-09 1.9923E-09 2.1821E-09 2.3669E-09 2.5621E-09 2.7690E-09 3.0077E-09 3.2390E-09 3.4759E-09 3.7203E-09 3.9633E-09 4.2331E-09 4.4807E-09 4.7248E-09 4.9643E-09 5.1947E-09 5.4030E-09 5.6253E-09 5.7987E-09 5.9511E-09 6.0871E-09 6.1994E-09 6.2885E-09 6.3565E-09 6.4035E-09 6.4326E-09 6.4471E-09 6.4488E-09 6.4369E-09
2.2330E-10 2.4081E-10 2.5913E-10 2.8408E-10 3.0421E-10 3.3277E-10 3.5759E-10 3.8472E-10 4.1582E-10 4.4614E-10 4.8602E-10 5.1880E-10 5.5677E-10 5.9881E-10 6.3696E-10 6.8548E-10 7.3727E-10 7.8776E-10 8.4840E-10 9.1415E-10 9.8307E-10 1.0641E-09 1.1734E-09 1.2718E-09 1.3869E-09 1.5272E-09 1.6666E-09 1.8211E-09 1.9831E-09 2.1851E-09 2.3826E-09 2.5950E-09 2.8185E-09 3.0824E-09 3.3370E-09 3.6045E-09 3.8788E-09 4.1849E-09 4.4765E-09 4.7698E-09 5.0652E-09 5.3491E-09 5.6519E-09 5.9127E-09 6.1524E-09 6.3751E-09 6.5730E-09 6.7462E-09 6.8943E-09 7.0405E-09 7.1278E-09 7.1888E-09 7.2247E-09 7.2371E-09 7.2308E-09 7.2057E-09 7.1653E-09
2.2918E-10 2.4598E-10 2.7158E-10 2.9060E-10 3.1218E-10 3.4335E-10 3.6715E-10 3.9359E-10 4.2722E-10 4.6012E-10 4.9923E-10 5.3100E-10 5.7549E-10 6.1371E-10 6.5358E-10 7.0807E-10 7.5936E-10 8.1358E-10 8.8309E-10 9.5000E-10 1.0288E-09 1.1379E-09 1.2360E-09 1.3497E-09 1.4930E-09 1.6328E-09 1.7920E-09 1.9619E-09 2.1737E-09 2.3826E-09 2.6096E-09 2.8505E-09 3.1397E-09 3.4200E-09 3.7169E-09 4.0216E-09 4.3738E-09 4.7093E-09 5.0565E-09 5.3981E-09 5.7656E-09 6.0975E-09 6.4168E-09 6.7190E-09 6.9997E-09 7.2851E-09 7.5099E-09 7.7004E-09 7.8553E-09 7.9781E-09 8.0648E-09 8.1204E-09 8.1430E-09 8.1353E-09 8.1026E-09 8.0484E-09 7.9794E-09
2.3483E-10 2.5317E-10 2.7822E-10 2.9901E-10 3.2259E-10 3.5089E-10 3.7489E-10 4.0883E-10 4.3841E-10 4.7406E-10 5.1084E-10 5.4794E-10 5.8934E-10 6.2716E-10 6.7529E-10 7.2968E-10 7.8181E-10 8.4712E-10 9.1572E-10 9.8869E-10 1.0979E-09 1.1956E-09 1.3068E-09 1.4294E-09 1.5923E-09 1.7516E-09 1.9276E-09 2.1466E-09 2.3646E-09 2.6038E-09 2.8862E-09 3.1723E-09 3.4785E-09 3.8039E-09 4.1718E-09 4.5395E-09 4.9221E-09 5.3183E-09 5.7431E-09 6.1463E-09 6.5422E-09 6.9305E-09 7.3033E-09 7.6867E-09 8.0112E-09 8.3010E-09 8.5542E-09 8.7682E-09 8.9413E-09 9.0739E-09 9.1618E-09 9.2081E-09 9.2144E-09 9.1871E-09 9.1289E-09 9.0428E-09 8.9333E-09
2.4020E-10 2.5763E-10 2.8398E-10 3.0653E-10 3.3580E-10 3.5890E-10 3.8370E-10 4.1895E-10 4.5119E-10 4.8872E-10 5.2264E-10 5.6102E-10 6.0326E-10 6.4325E-10 6.9943E-10 7.5141E-10 8.0888E-10 8.7918E-10 9.5140E-10 1.0305E-09 1.1513E-09 1.2582E-09 1.3792E-09 1.5431E-09 1.7000E-09 1.8789E-09 2.1034E-09 2.3275E-09 2.5766E-09 2.8733E-09 3.1769E-09 3.5064E-09 3.8585E-09 4.2641E-09 4.6726E-09 5.1045E-09 5.5477E-09 6.0342E-09 6.5006E-09 6.9699E-09 7.4333E-09 7.9173E-09 8.3519E-09 8.7612E-09 9.1358E-09 9.4709E-09 9.7626E-09 1.0008E-08 1.0204E-08 1.0345E-08 1.0435E-08 1.0475E-08 1.0469E-08 1.0417E-08 1.0322E-08 1.0190E-08 1.0029E-08
2.4637E-10 2.6758E-10 2.9137E-10 3.1233E-10 3.4359E-10 3.6659E-10 3.9167E-10 4.2828E-10 4.6313E-10 5.0246E-10 5.3554E-10 5.7587E-10 6.1605E-10 6.6396E-10 7.1819E-10 7.7275E-10 8.3851E-10 9.1003E-10 9.8601E-10 1.1034E-09 1.2066E-09 1.3246E-09 1.4855E-09 1.6406E-09 1.8183E-09 2.0441E-09 2.2715E-09 2.5276E-09 2.8330E-09 3.1511E-09 3.4999E-09 3.8755E-09 4.3141E-09 4.7609E-09 5.2385E-09 5.7334E-09 6.2808E-09 6.8136E-09 7.3573E-09 7.9042E-09 8.4769E-09 9.0044E-09 9.5104E-09 9.9846E-09 1.0422E-08 1.0813E-08 1.1153E-08 1.1434E-08 1.1655E-08 1.1812E-08 1.1911E-08 1.1943E-08 1.1916E-08 1.1829E-08 1.1693E-08 1.1512E-08 1.1295E-08
2.5131E-10 2.7627E-10 2.9933E-10 3.1969E-10 3.5004E-10 3.7573E-10 4.0748E-10 4.3884E-10 4.7520E-10 5.1165E-10 5.4845E-10 5.8923E-10 6.3166E-10 6.8228E-10 7.3872E-10 7.9579E-10 8.6746E-10 9.4334E-10 1.0487E-09 1.1524E-09 1.2653E-09 1.4188E-09 1.5732E-09 1.7466E-09 1.9677E-09 2.1982E-09 2.4570E-09 2.7422E-09 3.0943E-09 3.4566E-09 3.8513E-09 4.3163E-09 4.7964E-09 5.3146E-09 5.8867E-09 6.4665E-09 7.0678E-09 7.6868E-09 8.3475E-09 8.9852E-09 9.6147E-09 1.0230E-08 1.0817E-08 1.1371E-08 1.1882E-08 1.2340E-08 1.2734E-08 1.3060E-08 1.3315E-08 1.3496E-08 1.3598E-08 1.3619E-08 1.3568E-08 1.3447E-08 1.3267E-08 1.3030E-08 1.2751E-08
2.5627E-10 2.8504E-10 3.0564E-10 3.2954E-10 3.5607E-10 3.8308E-10 4.1679E-10 4.4941E-10 4.8558E-10 5.2076E-10 5.6142E-10 6.0240E-10 6.4912E-10 7.0205E-10 7.5736E-10 8.2199E-10 8.9796E-10 9.7528E-10 1.0940E-09 1.2039E-09 1.3244E-09 1.4990E-09 1.6668E-09 1.8580E-09 2.1093E-09 2.3645E-09 2.6518E-09 3.0070E-09 3.3762E-09 3.7850E-09 4.2677E-09 4.7741E-09 5.3275E-09 5.9429E-09 6.5764E-09 7.2430E-09 7.9374E-09 8.6840E-09 9.4168E-09 1.0152E-08 1.0883E-08 1.1596E-08 1.2282E-08 1.2928E-08 1.3524E-08 1.4057E-08 1.4517E-08 1.4901E-08 1.5195E-08 1.5398E-08 1.5504E-08 1.5519E-08 1.5445E-08 1.5289E-08 1.5057E-08 1.4759E-08 1.4408E-08
2.6300E-10 2.9004E-10 3.1064E-10 3.3658E-10 3.6388E-10 3.8930E-10 4.2626E-10 4.6180E-10 4.9438E-10 5.3323E-10 5.7386E-10 6.1518E-10 6.6452E-10 7.1945E-10 7.7699E-10 8.4896E-10 9.2634E-10 1.0320E-09 1.1399E-09 1.2558E-09 1.4150E-09 1.5796E-09 1.7635E-09 2.0041E-09 2.2552E-09 2.5401E-09 2.8900E-09 3.2614E-09 3.6777E-09 4.1677E-09 4.6926E-09 5.2732E-09 5.8956E-09 6.6014E-09 7.3253E-09 8.0886E-09 8.9175E-09 9.7453E-09 1.0588E-08 1.1437E-08 1.2280E-08 1.3109E-08 1.3909E-08 1.4660E-08 1.5350E-08 1.5970E-08 1.6512E-08 1.6956E-08 1.7296E-08 1.7525E-08 1.7645E-08 1.7655E-08 1.7559E-08 1.7364E-08 1.7077E-08 1.6711E-08 1.6280E-08
