Assets/Resources/2015_m01_d04_1600(utc+0800)_l00_csi_1hr_conc.grd
DSAA
         159         159
     -79.000      79.000
     -79.000      79.000
  0.2028E-09  0.5904E-05
[rows 125 to 149 of 159, columns 57 to 113 of 159]
1.8974E-09 1.9244E-09 1.9511E-09 1.9765E-09 2.0010E-09 2.0246E-09 2.0468E-09 2.0680E-09 2.0885E-09 2.1064E-09 2.1245E-09 2.1416E-09 2.1578E-09 2.1721E-09 2.1840E-09 2.1965E-09 2.2060E-09 2.2145E-09 2.2219E-09 2.2262E-09 2.2294E-09 2.2314E-09 2.2303E-09 2.2273E-09 2.2237E-09 2.2171E-09 2.2084E-09 2.1993E-09 2.1877E-09 2.1741E-09 2.1596E-09 2.1434E-09 2.1240E-09 2.1042E-09 2.0829E-09 2.0594E-09 2.0347E-09 2.0092E-09 1.9820E-09 1.9524E-09 1.9227E-09 1.8909E-09 1.8581E-09 1.8249E-09 1.7895E-09 1.7532E-09 1.7172E-09 1.6805E-09 1.6443E-09 1.6074E-09 1.5711E-09 1.5343E-09 1.4982E-09 1.4617E-09 1.4253E-09 1.3898E-09 1.3540E-09
1.8776E-09 1.9043E-09 1.9301E-09 1.9536E-09 1.9776E-09 2.0003E-09 2.0224E-09 2.0439E-09 2.0637E-09 2.0828E-09 2.0998E-09 2.1165E-09 2.1321E-09 2.1469E-09 2.1595E-09 2.1705E-09 2.1805E-09 2.1883E-09 2.1942E-09 2.1991E-09 2.2017E-09 2.2016E-09 2.2010E-09 2.1982E-09 2.1926E-09 2.1864E-09 2.1786E-09 2.1680E-09 2.1564E-09 2.1437E-09 2.1275E-09 2.1105E-09 2.0919E-09 2.0720E-09 2.0499E-09 2.0270E-09 2.0031E-09 1.9758E-09 1.9483E-09 1.9194E-09 1.8886E-09 1.8572E-09 1.8243E-09 1.7896E-09 1.7550E-09 1.7196E-09 1.6846E-09 1.6493E-09 1.6135E-09 1.5775E-09 1.5421E-09 1.5068E-09 1.4710E-09 1.4353E-09 1.4004E-09 1.3652E-09 1.3307E-09
1.8552E-09 1.8813E-09 1.9066E-09 1.9292E-09 1.9527E-09 1.9756E-09 1.9973E-09 2.0182E-09 2.0382E-09 2.0573E-09 2.0749E-09 2.0917E-09 2.1072E-09 2.1206E-09 2.1329E-09 2.1440E-09 2.1525E-09 2.1594E-09 2.1656E-09 2.1689E-09 2.1712E-09 2.1715E-09 2.1694E-09 2.1661E-09 2.1618E-09 2.1545E-09 2.1458E-09 2.1360E-09 2.1236E-09 2.1095E-09 2.0937E-09 2.0775E-09 2.0581E-09 2.0378E-09 2.0166E-09 1.9925E-09 1.9675E-09 1.9416E-09 1.9131E-09 1.8838E-09 1.8536E-09 1.8212E-09 1.7877E-09 1.7545E-09 1.7203E-09 1.6864E-09 1.6517E-09 1.6174E-09 1.5824E-09 1.5479E-09 1.5129E-09 1.4784E-09 1.4435E-09 1.4093E-09 1.3747E-09 1.3408E-09 1.3067E-09
1.8317E-09 1.8570E-09 1.8815E-09 1.9055E-09 1.9289E-09 1.9511E-09 1.9727E-09 1.9936E-09 2.0130E-09 2.0316E-09 2.0495E-09 2.0652E-09 2.0798E-09 2.0934E-09 2.1041E-09 2.1141E-09 2.1231E-09 2.1296E-09 2.1339E-09 2.1378E-09 2.1391E-09 2.1387E-09 2.1372E-09 2.1337E-09 2.1279E-09 2.1204E-09 2.1124E-09 2.1012E-09 2.0883E-09 2.0750E-09 2.0592E-09 2.0416E-09 2.0231E-09 2.0031E-09 1.9800E-09 1.9566E-09 1.9312E-09 1.9042E-09 1.8764E-09 1.8465E-09 1.8150E-09 1.7835E-09 1.7510E-09 1.7187E-09 1.6860E-09 1.6524E-09 1.6192E-09 1.5853E-09 1.5518E-09 1.5176E-09 1.4840E-09 1.4499E-09 1.4164E-09 1.3825E-09 1.3493E-09 1.3158E-09 1.2825E-09
1.8080E-09 1.8329E-09 1.8574E-09 1.8808E-09 1.9037E-09 1.9259E-09 1.9471E-09 1.9673E-09 1.9868E-09 2.0044E-09 2.0209E-09 2.0366E-09 2.0508E-09 2.0630E-09 2.0737E-09 2.0834E-09 2.0909E-09 2.0974E-09 2.1022E-09 2.1045E-09 2.1058E-09 2.1059E-09 2.1024E-09 2.0984E-09 2.0932E-09 2.0851E-09 2.0757E-09 2.0652E-09 2.0531E-09 2.0384E-09 2.0226E-09 2.0053E-09 1.9857E-09 1.9649E-09 1.9426E-09 1.9182E-09 1.8928E-09 1.8659E-09 1.8365E-09 1.8070E-09 1.7764E-09 1.7458E-09 1.7147E-09 1.6827E-09 1.6510E-09 1.6184E-09 1.5861E-09 1.5536E-09 1.5204E-09 1.4872E-09 1.4545E-09 1.4218E-09 1.3886E-09 1.3556E-09 1.3232E-09 1.2905E-09 1.2586E-09
1.7835E-09 1.8081E-09 1.8313E-09 1.8546E-09 1.8773E-09 1.8989E-09 1.9198E-09 1.9401E-09 1.9583E-09 1.9751E-09 1.9918E-09 2.0062E-09 2.0196E-09 2.0321E-09 2.0421E-09 2.0510E-09 2.0588E-09 2.0640E-09 2.0679E-09 2.0701E-09 2.0707E-09 2.0694E-09 2.0671E-09 2.0626E-09 2.0561E-09 2.0484E-09 2.0397E-09 2.0281E-09 2.0151E-09 2.0005E-09 1.9846E-09 1.9664E-09 1.9468E-09 1.9258E-09 1.9028E-09 1.8790E-09 1.8519E-09 1.8246E-09 1.7966E-09 1.7674E-09 1.7382E-09 1.7085E-09 1.6779E-09 1.6473E-09 1.6159E-09 1.5848E-09 1.5528E-09 1.5212E-09 1.4890E-09 1.4572E-09 1.4248E-09 1.3930E-09 1.3607E-09 1.3291E-09 1.2970E-09 1.2657E-09 1.2341E-09
1.7576E-09 1.7811E-09 1.8048E-09 1.8275E-09 1.8496E-09 1.8712E-09 1.8913E-09 1.9103E-09 1.9287E-09 1.9454E-09 1.9607E-09 1.9752E-09 1.9880E-09 1.9991E-09 2.0092E-09 2.0175E-09 2.0233E-09 2.0287E-09 2.0326E-09 2.0340E-09 2.0338E-09 2.0331E-09 2.0297E-09 2.0248E-09 2.0189E-09 2.0109E-09 2.0008E-09 1.9890E-09 1.9766E-09 1.9612E-09 1.9442E-09 1.9266E-09 1.9062E-09 1.8849E-09 1.8617E-09 1.8361E-09 1.8104E-09 1.7833E-09 1.7562E-09 1.7284E-09 1.6996E-09 1.6708E-09 1.6410E-09 1.6114E-09 1.5814E-09 1.5506E-09 1.5201E-09 1.4889E-09 1.4580E-09 1.4266E-09 1.3956E-09 1.3642E-09 1.3333E-09 1.3020E-09 1.2713E-09 1.2403E-09 1.2099E-09
1.7309E-09 1.7546E-09 1.7776E-09 1.8001E-09 1.8219E-09 1.8422E-09 1.8619E-09 1.8807E-09 1.8977E-09 1.9140E-09 1.9292E-09 1.9423E-09 1.9539E-09 1.9651E-09 1.9738E-09 1.9815E-09 1.9877E-09 1.9920E-09 1.9949E-09 1.9968E-09 1.9968E-09 1.9947E-09 1.9914E-09 1.9870E-09 1.9791E-09 1.9706E-09 1.9611E-09 1.9486E-09 1.9349E-09 1.9202E-09 1.9031E-09 1.8844E-09 1.8639E-09 1.8414E-09 1.8180E-09 1.7933E-09 1.7683E-09 1.7427E-09 1.7159E-09 1.6890E-09 1.6610E-09 1.6331E-09 1.6047E-09 1.5754E-09 1.5463E-09 1.5164E-09 1.4868E-09 1.4570E-09 1.4265E-09 1.3960E-09 1.3659E-09 1.3358E-09 1.3053E-09 1.2748E-09 1.2449E-09 1.2147E-09 1.1853E-09
1.7038E-09 1.7271E-09 1.7499E-09 1.7714E-09 1.7922E-09 1.8125E-09 1.8306E-09 1.8483E-09 1.8654E-09 1.8806E-09 1.8947E-09 1.9080E-09 1.9187E-09 1.9286E-09 1.9376E-09 1.9449E-09 1.9502E-09 1.9546E-09 1.9578E-09 1.9583E-09 1.9577E-09 1.9555E-09 1.9515E-09 1.9458E-09 1.9389E-09 1.9300E-09 1.9191E-09 1.9071E-09 1.8935E-09 1.8774E-09 1.8598E-09 1.8404E-09 1.8195E-09 1.7971E-09 1.7745E-09 1.7511E-09 1.7265E-09 1.7017E-09 1.6762E-09 1.6496E-09 1.6230E-09 1.5954E-09 1.5680E-09 1.5401E-09 1.5113E-09 1.4828E-09 1.4536E-09 1.4246E-09 1.3951E-09 1.3659E-09 1.3362E-09 1.3069E-09 1.2772E-09 1.2481E-09 1.2186E-09 1.1897E-09 1.1605E-09
1.6754E-09 1.6980E-09 1.7197E-09 1.7409E-09 1.7612E-09 1.7802E-09 1.7981E-09 1.8154E-09 1.8311E-09 1.8461E-09 1.8598E-09 1.8717E-09 1.8826E-09 1.8927E-09 1.9003E-09 1.9069E-09 1.9126E-09 1.9162E-09 1.9175E-09 1.9184E-09 1.9178E-09 1.9147E-09 1.9100E-09 1.9047E-09 1.8968E-09 1.8875E-09 1.8771E-09 1.8640E-09 1.8490E-09 1.8330E-09 1.8147E-09 1.7949E-09 1.7747E-09 1.7537E-09 1.7313E-09 1.7087E-09 1.6853E-09 1.6608E-09 1.6362E-09 1.6110E-09 1.5847E-09 1.5585E-09 1.5313E-09 1.5043E-09 1.4764E-09 1.4488E-09 1.4204E-09 1.3924E-09 1.3641E-09 1.3353E-09 1.3070E-09 1.2781E-09 1.2497E-09 1.2209E-09 1.1927E-09 1.1642E-09 1.1363E-09
1.6457E-09 1.6676E-09 1.6891E-09 1.7092E-09 1.7287E-09 1.7476E-09 1.7648E-09 1.7812E-09 1.7969E-09 1.8107E-09 1.8235E-09 1.8355E-09 1.8457E-09 1.8544E-09 1.8617E-09 1.8682E-09 1.8725E-09 1.8757E-09 1.8774E-09 1.8772E-09 1.8756E-09 1.8729E-09 1.8684E-09 1.8617E-09 1.8540E-09 1.8437E-09 1.8320E-09 1.8192E-09 1.8031E-09 1.7864E-09 1.7688E-09 1.7502E-09 1.7302E-09 1.7099E-09 1.6888E-09 1.6664E-09 1.6439E-09 1.6207E-09 1.5963E-09 1.5720E-09 1.5465E-09 1.5212E-09 1.4954E-09 1.4687E-09 1.4422E-09 1.4149E-09 1.3879E-09 1.3602E-09 1.3328E-09 1.3048E-09 1.2773E-09 1.2498E-09 1.2218E-09 1.1938E-09 1.1664E-09 1.1387E-09 1.1116E-09
1.6157E-09 1.6369E-09 1.6573E-09 1.6771E-09 1.6959E-09 1.7136E-09 1.7306E-09 1.7464E-09 1.7607E-09 1.7738E-09 1.7864E-09 1.7970E-09 1.8068E-09 1.8158E-09 1.8219E-09 1.8274E-09 1.8320E-09 1.8348E-09 1.8356E-09 1.8354E-09 1.8341E-09 1.8300E-09 1.8243E-09 1.8180E-09 1.8089E-09 1.7987E-09 1.7860E-09 1.7720E-09 1.7569E-09 1.7408E-09 1.7233E-09 1.7054E-09 1.6866E-09 1.6665E-09 1.6462E-09 1.6251E-09 1.6027E-09 1.5803E-09 1.5568E-09 1.5332E-09 1.5091E-09 1.4840E-09 1.4591E-09 1.4332E-09 1.4076E-09 1.3817E-09 1.3550E-09 1.3286E-09 1.3016E-09 1.2750E-09 1.2478E-09 1.2211E-09 1.1939E-09 1.1672E-09 1.1402E-09 1.1137E-09 1.0869E-09
1.5839E-09 1.6045E-09 1.6245E-09 1.6432E-09 1.6613E-09 1.6787E-09 1.6945E-09 1.7095E-09 1.7239E-09 1.7359E-09 1.7475E-09 1.7583E-09 1.7675E-09 1.7751E-09 1.7818E-09 1.7874E-09 1.7906E-09 1.7927E-09 1.7938E-09 1.7923E-09 1.7896E-09 1.7860E-09 1.7800E-09 1.7719E-09 1.7630E-09 1.7516E-09 1.7391E-09 1.7256E-09 1.7105E-09 1.6951E-09 1.6782E-09 1.6609E-09 1.6429E-09 1.6240E-09 1.6038E-09 1.5835E-09 1.5619E-09 1.5403E-09 1.5180E-09 1.4947E-09 1.4714E-09 1.4477E-09 1.4231E-09 1.3985E-09 1.3732E-09 1.3481E-09 1.3223E-09 1.2967E-09 1.2711E-09 1.2448E-09 1.2189E-09 1.1925E-09 1.1666E-09 1.1403E-09 1.1145E-09 1.0884E-09 1.0628E-09
1.5516E-09 1.5712E-09 1.5902E-09 1.6087E-09 1.6259E-09 1.6422E-09 1.6578E-09 1.6723E-09 1.6854E-09 1.6978E-09 1.7093E-09 1.7188E-09 1.7274E-09 1.7350E-09 1.7409E-09 1.7446E-09 1.7480E-09 1.7500E-09 1.7497E-09 1.7479E-09 1.7451E-09 1.7401E-09 1.7339E-09 1.7255E-09 1.7156E-09 1.7041E-09 1.6921E-09 1.6791E-09 1.6647E-09 1.6498E-09 1.6341E-09 1.6175E-09 1.5995E-09 1.5813E-09 1.5619E-09 1.5422E-09 1.5220E-09 1.5005E-09 1.4791E-09 1.4571E-09 1.4341E-09 1.4111E-09 1.3878E-09 1.3636E-09 1.3396E-09 1.3148E-09 1.2903E-09 1.2650E-09 1.2402E-09 1.2147E-09 1.1897E-09 1.1646E-09 1.1390E-09 1.1134E-09 1.0885E-09 1.0636E-09 1.0384E-09
1.5185E-09 1.5377E-09 1.5561E-09 1.5734E-09 1.5901E-09 1.6062E-09 1.6206E-09 1.6344E-09 1.6475E-09 1.6590E-09 1.6688E-09 1.6782E-09 1.6865E-09 1.6929E-09 1.6983E-09 1.7022E-09 1.7045E-09 1.7055E-09 1.7055E-09 1.7030E-09 1.6994E-09 1.6941E-09 1.6862E-09 1.6777E-09 1.6682E-09 1.6572E-09 1.6457E-09 1.6332E-09 1.6198E-09 1.6050E-09 1.5899E-09 1.5739E-09 1.5566E-09 1.5391E-09 1.5209E-09 1.5014E-09 1.4819E-09 1.4617E-09 1.4405E-09 1.4192E-09 1.3975E-09 1.3749E-09 1.3523E-09 1.3289E-09 1.3057E-09 1.2822E-09 1.2580E-09 1.2341E-09 1.2095E-09 1.1854E-09 1.1606E-09 1.1363E-09 1.1115E-09 1.0873E-09 1.0626E-09 1.0385E-09 1.0140E-09
1.4846E-09 1.5027E-09 1.5203E-09 1.5373E-09 1.5532E-09 1.5682E-09 1.5825E-09 1.5959E-09 1.6077E-09 1.6188E-09 1.6285E-09 1.6369E-09 1.6442E-09 1.6506E-09 1.6555E-09 1.6586E-09 1.6608E-09 1.6613E-09 1.6594E-09 1.6570E-09 1.6522E-09 1.6461E-09 1.6386E-09 1.6305E-09 1.6214E-09 1.6114E-09 1.6003E-09 1.5879E-09 1.5750E-09 1.5613E-09 1.5462E-09 1.5309E-09 1.5148E-09 1.4974E-09 1.4798E-09 1.4616E-09 1.4422E-09 1.4228E-09 1.4028E-09 1.3818E-09 1.3608E-09 1.3389E-09 1.3172E-09 1.2950E-09 1.2721E-09 1.2494E-09 1.2260E-09 1.2029E-09 1.1796E-09 1.1558E-09 1.1323E-09 1.1083E-09 1.0848E-09 1.0608E-09 1.0374E-09 1.0135E-09 9.9028E-10
1.4495E-09 1.4673E-09 1.4843E-09 1.5003E-09 1.5156E-09 1.5304E-09 1.5437E-09 1.5561E-09 1.5678E-09 1.5783E-09 1.5873E-09 1.5955E-09 1.6027E-09 1.6078E-09 1.6115E-09 1.6146E-09 1.6155E-09 1.6153E-09 1.6129E-09 1.6092E-09 1.6046E-09 1.5989E-09 1.5922E-09 1.5845E-09 1.5753E-09 1.5657E-09 1.5551E-09 1.5431E-09 1.5308E-09 1.5177E-09 1.5037E-09 1.4884E-09 1.4729E-09 1.4566E-09 1.4392E-09 1.4217E-09 1.4035E-09 1.3843E-09 1.3650E-09 1.3447E-09 1.3245E-09 1.3039E-09 1.2824E-09 1.2610E-09 1.2389E-09 1.2170E-09 1.1948E-09 1.1720E-09 1.1495E-09 1.1264E-09 1.1037E-09 1.0805E-09 1.0577E-09 1.0345E-09 1.0118E-09 9.8923E-10 9.6624E-10
1.4150E-09 1.4318E-09 1.4480E-09 1.4636E-09 1.4783E-09 1.4919E-09 1.5049E-09 1.5171E-09 1.5271E-09 1.5368E-09 1.5458E-09 1.5531E-09 1.5591E-09 1.5643E-09 1.5671E-09 1.5690E-09 1.5698E-09 1.5685E-09 1.5661E-09 1.5627E-09 1.5577E-09 1.5523E-09 1.5459E-09 1.5386E-09 1.5298E-09 1.5206E-09 1.5105E-09 1.4995E-09 1.4872E-09 1.4746E-09 1.4611E-09 1.4464E-09 1.4315E-09 1.4159E-09 1.3997E-09 1.3823E-09 1.3648E-09 1.3462E-09 1.3277E-09 1.3086E-09 1.2886E-09 1.2687E-09 1.2485E-09 1.2274E-09 1.2065E-09 1.1848E-09 1.1634E-09 1.1414E-09 1.1197E-09 1.0978E-09 1.0754E-09 1.0534E-09 1.0309E-09 1.0090E-09 9.8653E-10 9.6466E-10 9.4240E-10
1.3790E-09 1.3953E-09 1.4112E-09 1.4257E-09 1.4397E-09 1.4531E-09 1.4652E-09 1.4758E-09 1.4862E-09 1.4955E-09 1.5032E-09 1.5101E-09 1.5157E-09 1.5196E-09 1.5226E-09 1.5237E-09 1.5229E-09 1.5217E-09 1.5195E-09 1.5163E-09 1.5116E-09 1.5065E-09 1.5004E-09 1.4934E-09 1.4855E-09 1.4762E-09 1.4666E-09 1.4561E-09 1.4447E-09 1.4321E-09 1.4192E-09 1.4056E-09 1.3913E-09 1.3758E-09 1.3601E-09 1.3434E-09 1.3266E-09 1.3092E-09 1.2908E-09 1.2725E-09 1.2537E-09 1.2340E-09 1.2145E-09 1.1946E-09 1.1740E-09 1.1536E-09 1.1324E-09 1.1116E-09 1.0901E-09 1.0691E-09 1.0474E-09 1.0262E-09 1.0049E-09 9.8317E-10 9.6196E-10 9.4033E-10 9.1927E-10
1.3431E-09 1.3587E-09 1.3735E-09 1.3877E-09 1.4012E-09 1.4135E-09 1.4251E-09 1.4360E-09 1.4453E-09 1.4537E-09 1.4613E-09 1.4666E-09 1.4714E-09 1.4749E-09 1.4766E-09 1.4775E-09 1.4768E-09 1.4757E-09 1.4737E-09 1.4707E-09 1.4668E-09 1.4619E-09 1.4557E-09 1.4490E-09 1.4415E-09 1.4331E-09 1.4233E-09 1.4133E-09 1.4024E-09 1.3908E-09 1.3780E-09 1.3649E-09 1.3511E-09 1.3362E-09 1.3212E-09 1.3056E-09 1.2889E-09 1.2722E-09 1.2550E-09 1.2368E-09 1.2187E-09 1.2003E-09 1.1809E-09 1.1618E-09 1.1419E-09 1.1222E-09 1.1023E-09 1.0817E-09 1.0615E-09 1.0406E-09 1.0202E-09 9.9919E-10 9.7867E-10 9.5765E-10 9.3717E-10 9.1672E-10 8.9589E-10
1.3072E-09 1.3216E-09 1.3360E-09 1.3494E-09 1.3620E-09 1.3740E-09 1.3849E-09 1.3947E-09 1.4037E-09 1.4115E-09 1.4179E-09 1.4229E-09 1.4267E-09 1.4294E-09 1.4312E-09 1.4321E-09 1.4321E-09 1.4311E-09 1.4292E-09 1.4259E-09 1.4222E-09 1.4176E-09 1.4122E-09 1.4053E-09 1.3982E-09 1.3902E-09 1.3813E-09 1.3712E-09 1.3608E-09 1.3497E-09 1.3373E-09 1.3248E-09 1.3116E-09 1.2978E-09 1.2828E-09 1.2678E-09 1.2523E-09 1.2357E-09 1.2192E-09 1.2022E-09 1.1843E-09 1.1665E-09 1.1478E-09 1.1294E-09 1.1107E-09 1.0912E-09 1.0720E-09 1.0522E-09 1.0327E-09 1.0130E-09 9.9282E-10 9.7304E-10 9.5274E-10 9.3292E-10 9.1264E-10 8.9291E-10 8.7276E-10
1.2702E-09 1.2845E-09 1.2980E-09 1.3109E-09 1.3231E-09 1.3340E-09 1.3443E-09 1.3537E-09 1.3616E-09 1.3688E-09 1.3745E-09 1.3790E-09 1.3826E-09 1.3854E-09 1.3867E-09 1.3876E-09 1.3877E-09 1.3868E-09 1.3851E-09 1.3820E-09 1.3785E-09 1.3742E-09 1.3690E-09 1.3630E-09 1.3556E-09 1.3480E-09 1.3395E-09 1.3304E-09 1.3199E-09 1.3093E-09 1.2979E-09 1.2859E-09 1.2727E-09 1.2595E-09 1.2456E-09 1.2307E-09 1.2157E-09 1.2003E-09 1.1839E-09 1.1675E-09 1.1503E-09 1.1332E-09 1.1157E-09 1.0975E-09 1.0795E-09 1.0612E-09 1.0422E-09 1.0236E-09 1.0043E-09 9.8533E-10 9.6582E-10 9.4674E-10 9.2762E-10 9.0802E-10 8.8891E-10 8.6938E-10 8.5039E-10
1.2341E-09 1.2477E-09 1.2608E-09 1.2729E-09 1.2841E-09 1.2947E-09 1.3042E-09 1.3121E-09 1.3197E-09 1.3258E-09 1.3310E-09 1.3354E-09 1.3390E-09 1.3417E-09 1.3430E-09 1.3440E-09 1.3441E-09 1.3434E-09 1.3418E-09 1.3394E-09 1.3361E-09 1.3315E-09 1.3266E-09 1.3209E-09 1.3144E-09 1.3066E-09 1.2985E-09 1.2897E-09 1.2802E-09 1.2695E-09 1.2587E-09 1.2472E-09 1.2345E-09 1.2218E-09 1.2085E-09 1.1946E-09 1.1798E-09 1.1650E-09 1.1492E-09 1.1335E-09 1.1174E-09 1.1004E-09 1.0836E-09 1.0666E-09 1.0487E-09 1.0311E-09 1.0133E-09 9.9487E-10 9.7674E-10 9.5801E-10 9.3968E-10 9.2080E-10 9.0237E-10 8.8344E-10 8.6502E-10 8.4662E-10 8.2782E-10
1.1976E-09 1.2106E-09 1.2227E-09 1.2342E-09 1.2450E-09 1.2546E-09 1.2635E-09 1.2707E-09 1.2774E-09 1.2833E-09 1.2884E-09 1.2927E-09 1.2962E-09 1.2989E-09 1.3007E-09 1.3018E-09 1.3014E-09 1.3008E-09 1.2994E-09 1.2971E-09 1.2941E-09 1.2897E-09 1.2850E-09 1.2796E-09 1.2734E-09 1.2665E-09 1.2583E-09 1.2499E-09 1.2408E-09 1.2305E-09 1.2202E-09 1.2091E-09 1.1975E-09 1.1848E-09 1.1720E-09 1.1588E-09 1.1445E-09 1.1303E-09 1.1156E-09 1.1000E-09 1.0845E-09 1.0687E-09 1.0521E-09 1.0356E-09 1.0189E-09 1.0015E-09 9.8440E-10 9.6661E-10 9.4916E-10 9.3159E-10 9.1344E-10 8.9572E-10 8.7747E-10 8.5970E-10 8.4145E-10 8.2372E-10 8.0557E-10
1.1610E-09 1.1733E-09 1.1850E-09 1.1957E-09 1.2056E-09 1.2147E-09 1.2227E-09 1.2300E-09 1.2365E-09 1.2422E-09 1.2472E-09 1.2509E-09 1.2543E-09 1.2570E-09 1.2589E-09 1.2599E-09 1.2602E-09 1.2592E-09 1.2578E-09 1.2557E-09 1.2529E-09 1.2492E-09 1.2448E-09 1.2391E-09 1.2333E-09 1.2266E-09 1.2188E-09 1.2108E-09 1.2021E-09 1.1928E-09 1.1829E-09 1.1718E-09 1.1607E-09 1.1490E-09 1.1363E-09 1.1235E-09 1.1103E-09 1.0962E-09 1.0821E-09 1.0676E-09 1.0522E-09 1.0370E-09 1.0215E-09 1.0052E-09 9.8919E-10 9.7242E-10 9.5595E-10 9.3930E-10 9.2202E-10 9.0511E-10 8.8762E-10 8.7055E-10 8.5343E-10 8.3583E-10 8.1871E-10 8.0114E-10 7.8410E-10
