Assets/Resources/2015_m01_d04_0100(utc+0800)_l00_csi_1hr_conc.grd
DSAA
         159         159
     -79.000      79.000
     -79.000      79.000
  0.1241E-10  0.7007E-05
[rows 0 to 24 of 159, columns 0 to 56 of 159]
1.2412E-11 1.2939E-11 1.3709E-11 1.4369E-11 1.5109E-11 1.5763E-11 1.6435E-11 1.7342E-11 1.8060E-11 1.8931E-11 1.9786E-11 2.0574E-11 2.1385E-11 2.2168E-11 2.2970E-11 2.3793E-11 2.4637E-11 2.5501E-11 2.6345E-11 2.7210E-11 2.8139E-11 2.9089E-11 3.0061E-11 3.1055E-11 3.2030E-11 3.3027E-11 3.4089E-11 3.5174E-11 3.6281E-11 3.7370E-11 3.8482E-11 3.9616E-11 4.0859E-11 4.2041E-11 4.3246E-11 4.4473E-11 4.5803E-11 4.7122E-11 4.8379E-11 4.9781E-11 5.1128E-11 5.2615E-11 5.4011E-11 5.5467E-11 5.6946E-11 5.8495E-11 6.0024E-11 6.1577E-11 6.3233E-11 6.4833E-11 6.6375E-11 6.8187E-11 6.9777E-11 7.1552E-11 7.3267E-11 7.4923E-11 7.6764E-11
1.2779E-11 1.3545E-11 1.4113E-11 1.4907E-11 1.5590E-11 1.6260E-11 1.7164E-11 1.7880E-11 1.8748E-11 1.9602E-11 2.0347E-11 2.1198E-11 2.1981E-11 2.2782E-11 2.3605E-11 2.4449E-11 2.5313E-11 2.6158E-11 2.7024E-11 2.7954E-11 2.8906E-11 2.9880E-11 3.0877E-11 3.1896E-11 3.2854E-11 3.3920E-11 3.5009E-11 3.6121E-11 3.7214E-11 3.8331E-11 3.9472E-11 4.0722E-11 4.1910E-11 4.3122E-11 4.4400E-11 4.5697E-11 4.7026E-11 4.8292E-11 4.9705E-11 5.1143E-11 5.2563E-11 5.3972E-11 5.5441E-11 5.6978E-11 5.8499E-11 6.0124E-11 6.1613E-11 6.3288E-11 6.4906E-11 6.6632E-11 6.8301E-11 6.9912E-11 7.1789E-11 7.3448E-11 7.5128E-11 7.7078E-11 7.8804E-11
1.3305E-11 1.3942E-11 1.4554E-11 1.5412E-11 1.6079E-11 1.6980E-11 1.7693E-11 1.8559E-11 1.9410E-11 2.0154E-11 2.1003E-11 2.1785E-11 2.2585E-11 2.3407E-11 2.4251E-11 2.5115E-11 2.5960E-11 2.6827E-11 2.7758E-11 2.8710E-11 2.9686E-11 3.0685E-11 3.1706E-11 3.2667E-11 3.3736E-11 3.4828E-11 3.5944E-11 3.7042E-11 3.8206E-11 3.9309E-11 4.0565E-11 4.1760E-11 4.2979E-11 4.4265E-11 4.5570E-11 4.6907E-11 4.8261E-11 4.9605E-11 5.1054E-11 5.2486E-11 5.3907E-11 5.5389E-11 5.6940E-11 5.8556E-11 6.0116E-11 6.1702E-11 6.3314E-11 6.4949E-11 6.6694E-11 6.8383E-11 7.0014E-11 7.1914E-11 7.3595E-11 7.5461E-11 7.7274E-11 7.9024E-11 8.0960E-11
1.3766E-11 1.4344E-11 1.5228E-11 1.5892E-11 1.6789E-11 1.7500E-11 1.8362E-11 1.9081E-11 1.9953E-11 2.0800E-11 2.1580E-11 2.2380E-11 2.3201E-11 2.4043E-11 2.4907E-11 2.5752E-11 2.6618E-11 2.7550E-11 2.8503E-11 2.9479E-11 3.0480E-11 3.1502E-11 3.2466E-11 3.3537E-11 3.4632E-11 3.5751E-11 3.6853E-11 3.8021E-11 3.9172E-11 4.0390E-11 4.1591E-11 4.2859E-11 4.4109E-11 4.5464E-11 4.6767E-11 4.8129E-11 4.9526E-11 5.0942E-11 5.2428E-11 5.3817E-11 5.5390E-11 5.6875E-11 5.8505E-11 6.0080E-11 6.1681E-11 6.3388E-11 6.4962E-11 6.6806E-11 6.8433E-11 7.0247E-11 7.2005E-11 7.3707E-11 7.5596E-11 7.7433E-11 7.9207E-11 8.1254E-11 8.3078E-11
1.4161E-11 1.5040E-11 1.5700E-11 1.6503E-11 1.7301E-11 1.8119E-11 1.8876E-11 1.9654E-11 2.0590E-11 2.1367E-11 2.2165E-11 2.2985E-11 2.3826E-11 2.4689E-11 2.5533E-11 2.6399E-11 2.7330E-11 2.8283E-11 2.9260E-11 3.0261E-11 3.1285E-11 3.2292E-11 3.3323E-11 3.4421E-11 3.5543E-11 3.6690E-11 3.7820E-11 3.9016E-11 4.0197E-11 4.1403E-11 4.2677E-11 4.3932E-11 4.5295E-11 4.6605E-11 4.7975E-11 4.9380E-11 5.0806E-11 5.2302E-11 5.3781E-11 5.5287E-11 5.6865E-11 5.8427E-11 6.0015E-11 6.1711E-11 6.3354E-11 6.4943E-11 6.6806E-11 6.8451E-11 7.0284E-11 7.2062E-11 7.3785E-11 7.5696E-11 7.7556E-11 7.9435E-11 8.1427E-11 8.3276E-11 8.5229E-11
1.4847E-11 1.5504E-11 1.6270E-11 1.7007E-11 1.7869E-11 1.8664E-11 1.9439E-11 2.0371E-11 2.1147E-11 2.1942E-11 2.2760E-11 2.3600E-11 2.4420E-11 2.5262E-11 2.6169E-11 2.7100E-11 2.8052E-11 2.9029E-11 3.0031E-11 3.1055E-11 3.2063E-11 3.3095E-11 3.4195E-11 3.5319E-11 3.6468E-11 3.7601E-11 3.8801E-11 3.9986E-11 4.1196E-11 4.2475E-11 4.3736E-11 4.5105E-11 4.6421E-11 4.7799E-11 4.9212E-11 5.0646E-11 5.2151E-11 5.3641E-11 5.5157E-11 5.6747E-11 5.8321E-11 5.9922E-11 6.1633E-11 6.3290E-11 6.5058E-11 6.6774E-11 6.8436E-11 7.0368E-11 7.2086E-11 7.3908E-11 7.5846E-11 7.7643E-11 7.9627E-11 8.1562E-11 8.3435E-11 8.5414E-11 8.7530E-11
1.5213E-11 1.6023E-11 1.6756E-11 1.7477E-11 1.8446E-11 1.9217E-11 2.0146E-11 2.0918E-11 2.1711E-11 2.2527E-11 2.3364E-11 2.4183E-11 2.5023E-11 2.5929E-11 2.6858E-11 2.7810E-11 2.8786E-11 2.9787E-11 3.0812E-11 3.1820E-11 3.2853E-11 3.3954E-11 3.5079E-11 3.6231E-11 3.7366E-11 3.8569E-11 3.9757E-11 4.0971E-11 4.2254E-11 4.3520E-11 4.4894E-11 4.6216E-11 4.7601E-11 4.9021E-11 5.0542E-11 5.1977E-11 5.3475E-11 5.5045E-11 5.6602E-11 5.8267E-11 5.9801E-11 6.1525E-11 6.3196E-11 6.4980E-11 6.6711E-11 6.8389E-11 7.0339E-11 7.2074E-11 7.3999E-11 7.5875E-11 7.7692E-11 7.9700E-11 8.1658E-11 8.3554E-11 8.5644E-11 8.7703E-11 8.9677E-11
1.5635E-11 1.6541E-11 1.7257E-11 1.8221E-11 1.8989E-11 1.9913E-11 2.0683E-11 2.1473E-11 2.2285E-11 2.3120E-11 2.3895E-11 2.4775E-11 2.5679E-11 2.6606E-11 2.7557E-11 2.8532E-11 2.9532E-11 3.0556E-11 3.1522E-11 3.2598E-11 3.3699E-11 3.4825E-11 3.5978E-11 3.7115E-11 3.8320E-11 3.9511E-11 4.0728E-11 4.2014E-11 4.3363E-11 4.4663E-11 4.5991E-11 4.7424E-11 4.8808E-11 5.0336E-11 5.1778E-11 5.3285E-11 5.4864E-11 5.6431E-11 5.8107E-11 5.9733E-11 6.1388E-11 6.3072E-11 6.4950E-11 6.6616E-11 6.8390E-11 7.0277E-11 7.2029E-11 7.3973E-11 7.5868E-11 7.7705E-11 7.9820E-11 8.1715E-11 8.3717E-11 8.5858E-11 8.7834E-11 8.9834E-11 9.2053E-11
1.6320E-11 1.7033E-11 1.7991E-11 1.8754E-11 1.9583E-11 2.0440E-11 2.1227E-11 2.1995E-11 2.2827E-11 2.3640E-11 2.4518E-11 2.5419E-11 2.6344E-11 2.7293E-11 2.8266E-11 2.9265E-11 3.0288E-11 3.1253E-11 3.2328E-11 3.3429E-11 3.4556E-11 3.5710E-11 3.6848E-11 3.8055E-11 3.9247E-11 4.0466E-11 4.1756E-11 4.3109E-11 4.4413E-11 4.5744E-11 4.7183E-11 4.8572E-11 5.0107E-11 5.1556E-11 5.3070E-11 5.4658E-11 5.6314E-11 5.7919E-11 5.9556E-11 6.1223E-11 6.2919E-11 6.4810E-11 6.6490E-11 6.8361E-11 7.0181E-11 7.1950E-11 7.3911E-11 7.5825E-11 7.7762E-11 7.9817E-11 8.1733E-11 8.3758E-11 8.5923E-11 8.7924E-11 9.0034E-11 9.2196E-11 9.4276E-11
1.6803E-11 1.7664E-11 1.8514E-11 1.9338E-11 2.0191E-11 2.0933E-11 2.1697E-11 2.2525E-11 2.3377E-11 2.4251E-11 2.5149E-11 2.6072E-11 2.7018E-11 2.7990E-11 2.8987E-11 2.9967E-11 3.0972E-11 3.2046E-11 3.3147E-11 3.4273E-11 3.5427E-11 3.6565E-11 3.7773E-11 3.8967E-11 4.0188E-11 4.1480E-11 4.2835E-11 4.4142E-11 4.5478E-11 4.6921E-11 4.8394E-11 4.9855E-11 5.1310E-11 5.2832E-11 5.4426E-11 5.6091E-11 5.7705E-11 5.9352E-11 6.1108E-11 6.2736E-11 6.4640E-11 6.6333E-11 6.8218E-11 7.0053E-11 7.1836E-11 7.3899E-11 7.5746E-11 7.7785E-11 7.9777E-11 8.1713E-11 8.3760E-11 8.5948E-11 8.7972E-11 9.0107E-11 9.2296E-11 9.4402E-11 9.6641E-11
1.7424E-11 1.8179E-11 1.9047E-11 1.9894E-11 2.0632E-11 2.1434E-11 2.2258E-11 2.3106E-11 2.3976E-11 2.4871E-11 2.5791E-11 2.6734E-11 2.7703E-11 2.8697E-11 2.9634E-11 3.0679E-11 3.1752E-11 3.2851E-11 3.3976E-11 3.5087E-11 3.6268E-11 3.7476E-11 3.8671E-11 3.9892E-11 4.1186E-11 4.2543E-11 4.3853E-11 4.5191E-11 4.6638E-11 4.8115E-11 4.9581E-11 5.1042E-11 5.2569E-11 5.4170E-11 5.5842E-11 5.7465E-11 5.9120E-11 6.0886E-11 6.2524E-11 6.4440E-11 6.6144E-11 6.8042E-11 6.9891E-11 7.1689E-11 7.3768E-11 7.5631E-11 7.7688E-11 7.9699E-11 8.1654E-11 8.3806E-11 8.5932E-11 8.7979E-11 9.0246E-11 9.2352E-11 9.4483E-11 9.6861E-11 9.9050E-11
1.7888E-11 1.8660E-11 1.9591E-11 2.0366E-11 2.1163E-11 2.1983E-11 2.2827E-11 2.3693E-11 2.4584E-11 2.5500E-11 2.6440E-11 2.7406E-11 2.8314E-11 2.9331E-11 3.0374E-11 3.1445E-11 3.2542E-11 3.3666E-11 3.4775E-11 3.5956E-11 3.7163E-11 3.8358E-11 3.9580E-11 4.0874E-11 4.2233E-11 4.3544E-11 4.4885E-11 4.6335E-11 4.7816E-11 4.9285E-11 5.0750E-11 5.2282E-11 5.3889E-11 5.5568E-11 5.7198E-11 5.8861E-11 6.0635E-11 6.2283E-11 6.4210E-11 6.5925E-11 6.7915E-11 6.9697E-11 7.1589E-11 7.3603E-11 7.5481E-11 7.7554E-11 7.9583E-11 8.1556E-11 8.3728E-11 8.5875E-11 8.7943E-11 9.0234E-11 9.2364E-11 9.4520E-11 9.6925E-11 9.9142E-11 1.0138E-10
1.8399E-11 1.9324E-11 2.0094E-11 2.0886E-11 2.1701E-11 2.2540E-11 2.3402E-11 2.4289E-11 2.5201E-11 2.6096E-11 2.7058E-11 2.8004E-11 2.9018E-11 3.0058E-11 3.1126E-11 3.2221E-11 3.3343E-11 3.4450E-11 3.5629E-11 3.6794E-11 3.8030E-11 3.9252E-11 4.0546E-11 4.1905E-11 4.3218E-11 4.4560E-11 4.6011E-11 4.7495E-11 4.8967E-11 5.0436E-11 5.1973E-11 5.3585E-11 5.5269E-11 5.6905E-11 5.8575E-11 6.0358E-11 6.2095E-11 6.3950E-11 6.5675E-11 6.7676E-11 6.9469E-11 7.1457E-11 7.3402E-11 7.5294E-11 7.7384E-11 7.9429E-11 8.1502E-11 8.3719E-11 8.5778E-11 8.7866E-11 9.0179E-11 9.2331E-11 9.4619E-11 9.6943E-11 9.9186E-11 1.0157E-10 1.0386E-10
1.9051E-11 1.9816E-11 2.0603E-11 2.1413E-11 2.2247E-11 2.3104E-11 2.3986E-11 2.4852E-11 2.5743E-11 2.6700E-11 2.7684E-11 2.8695E-11 2.9731E-11 3.0795E-11 3.1887E-11 3.3007E-11 3.4112E-11 3.5289E-11 3.6408E-11 3.7686E-11 3.8907E-11 4.0201E-11 4.1481E-11 4.2873E-11 4.4216E-11 4.5668E-11 4.7154E-11 4.8629E-11 5.0100E-11 5.1640E-11 5.3256E-11 5.4945E-11 5.6587E-11 5.8263E-11 6.0052E-11 6.1797E-11 6.3661E-11 6.5394E-11 6.7406E-11 6.9210E-11 7.1209E-11 7.3167E-11 7.5073E-11 7.7262E-11 7.9238E-11 8.1327E-11 8.3562E-11 8.5639E-11 8.7831E-11 9.0082E-11 9.2255E-11 9.4566E-11 9.6914E-11 9.9182E-11 1.0159E-10 1.0392E-10 1.0627E-10
1.9532E-11 2.0313E-11 2.1118E-11 2.1947E-11 2.2758E-11 2.3593E-11 2.4495E-11 2.5423E-11 2.6375E-11 2.7355E-11 2.8361E-11 2.9394E-11 3.0454E-11 3.1500E-11 3.2658E-11 3.3761E-11 3.4893E-11 3.6053E-11 3.7328E-11 3.8548E-11 3.9840E-11 4.1119E-11 4.2510E-11 4.3853E-11 4.5307E-11 4.6713E-11 4.8269E-11 4.9743E-11 5.1285E-11 5.2905E-11 5.4597E-11 5.6243E-11 5.7925E-11 5.9720E-11 6.1471E-11 6.3342E-11 6.5084E-11 6.7105E-11 6.8918E-11 7.0929E-11 7.2898E-11 7.4816E-11 7.7019E-11 7.9009E-11 8.1114E-11 8.3366E-11 8.5460E-11 8.7670E-11 8.9941E-11 9.2135E-11 9.4578E-11 9.6840E-11 9.9131E-11 1.0156E-10 1.0392E-10 1.0630E-10 1.0882E-10
1.9978E-11 2.0736E-11 2.1558E-11 2.2405E-11 2.3276E-11 2.4173E-11 2.5095E-11 2.6042E-11 2.7017E-11 2.8018E-11 2.9046E-11 3.0102E-11 3.1144E-11 3.2298E-11 3.3356E-11 3.4526E-11 3.5683E-11 3.6956E-11 3.8173E-11 3.9463E-11 4.0741E-11 4.2131E-11 4.3473E-11 4.4883E-11 4.6333E-11 4.7889E-11 4.9364E-11 5.0909E-11 5.2530E-11 5.4226E-11 5.5875E-11 5.7561E-11 5.9361E-11 6.1200E-11 6.2995E-11 6.4744E-11 6.6773E-11 6.8595E-11 7.0615E-11 7.2595E-11 7.4524E-11 7.6740E-11 7.8743E-11 8.0862E-11 8.3130E-11 8.5240E-11 8.7576E-11 8.9757E-11 9.1970E-11 9.4435E-11 9.6719E-11 9.9033E-11 1.0149E-10 1.0387E-10 1.0628E-10 1.0883E-10 1.1130E-10
2.0430E-11 2.1247E-11 2.2088E-11 2.2952E-11 2.3843E-11 2.4759E-11 2.5701E-11 2.6670E-11 2.7666E-11 2.8689E-11 2.9740E-11 3.0777E-11 3.1844E-11 3.2980E-11 3.4147E-11 3.5300E-11 3.6569E-11 3.7784E-11 3.9029E-11 4.0347E-11 4.1735E-11 4.3076E-11 4.4484E-11 4.5934E-11 4.7490E-11 4.8965E-11 5.0510E-11 5.2133E-11 5.3831E-11 5.5483E-11 5.7172E-11 5.8976E-11 6.0820E-11 6.2620E-11 6.4375E-11 6.6411E-11 6.8241E-11 7.0270E-11 7.2259E-11 7.4279E-11 7.6425E-11 7.8441E-11 8.0573E-11 8.2855E-11 8.4980E-11 8.7333E-11 8.9531E-11 9.1762E-11 9.4248E-11 9.6552E-11 9.8887E-11 1.0137E-10 1.0377E-10 1.0620E-10 1.0878E-10 1.1128E-10 1.1381E-10
2.0930E-11 2.1764E-11 2.2622E-11 2.3506E-11 2.4417E-11 2.5352E-11 2.6315E-11 2.7306E-11 2.8281E-11 2.9285E-11 3.0359E-11 3.1462E-11 3.2594E-11 3.3756E-11 3.4905E-11 3.6170E-11 3.7381E-11 3.8623E-11 3.9938E-11 4.1323E-11 4.2662E-11 4.4068E-11 4.5516E-11 4.7071E-11 4.8546E-11 5.0091E-11 5.1715E-11 5.3413E-11 5.5067E-11 5.6758E-11 5.8565E-11 6.0330E-11 6.2218E-11 6.3978E-11 6.6020E-11 6.7856E-11 6.9892E-11 7.1890E-11 7.3919E-11 7.6076E-11 7.8102E-11 8.0246E-11 8.2542E-11 8.4681E-11 8.7049E-11 8.9263E-11 9.1511E-11 9.4015E-11 9.6338E-11 9.8805E-11 1.0120E-10 1.0362E-10 1.0619E-10 1.0869E-10 1.1121E-10 1.1377E-10 1.1635E-10
2.1435E-11 2.2286E-11 2.3164E-11 2.4067E-11 2.4955E-11 2.5911E-11 2.6853E-11 2.7865E-11 2.8904E-11 2.9972E-11 3.1070E-11 3.2197E-11 3.3353E-11 3.4498E-11 3.5715E-11 3.6965E-11 3.8203E-11 3.9472E-11 4.0852E-11 4.2231E-11 4.3635E-11 4.5081E-11 4.6634E-11 4.8108E-11 4.9652E-11 5.1275E-11 5.2974E-11 5.4628E-11 5.6321E-11 5.8130E-11 5.9897E-11 6.1788E-11 6.3552E-11 6.5599E-11 6.7441E-11 6.9484E-11 7.1489E-11 7.3526E-11 7.5691E-11 7.7727E-11 7.9967E-11 8.2190E-11 8.4342E-11 8.6724E-11 8.8953E-11 9.1217E-11 9.3739E-11 9.6080E-11 9.8566E-11 1.0098E-10 1.0343E-10 1.0602E-10 1.0854E-10 1.1109E-10 1.1367E-10 1.1628E-10 1.1892E-10
2.1863E-11 2.2733E-11 2.3629E-11 2.4552E-11 2.5500E-11 2.6477E-11 2.7482E-11 2.8515E-11 2.9577E-11 3.0668E-11 3.1789E-11 3.2897E-11 3.4079E-11 3.5291E-11 3.6535E-11 3.7769E-11 3.9034E-11 4.0410E-11 4.1785E-11 4.3186E-11 4.4628E-11 4.6100E-11 4.7650E-11 4.9193E-11 5.0815E-11 5.2512E-11 5.4167E-11 5.5860E-11 5.7670E-11 5.9358E-11 6.1332E-11 6.3099E-11 6.5149E-11 6.6996E-11 6.9044E-11 7.1055E-11 7.3099E-11 7.5273E-11 7.7317E-11 7.9567E-11 8.1800E-11 8.3964E-11 8.6358E-11 8.8601E-11 9.0879E-11 9.3418E-11 9.5776E-11 9.8280E-11 1.0071E-10 1.0318E-10 1.0580E-10 1.0834E-10 1.1091E-10 1.1352E-10 1.1616E-10 1.1883E-10 1.2153E-10
2.2379E-11 2.3268E-11 2.4183E-11 2.5125E-11 2.6094E-11 2.7092E-11 2.8118E-11 2.9173E-11 3.0215E-11 3.1371E-11 3.2473E-11 3.3649E-11 3.4813E-11 3.6052E-11 3.7279E-11 3.8582E-11 3.9953E-11 4.1324E-11 4.2720E-11 4.4159E-11 4.5627E-11 4.7174E-11 4.8715E-11 5.0291E-11 5.1950E-11 5.3684E-11 5.5376E-11 5.7186E-11 5.8875E-11 6.0850E-11 6.2620E-11 6.4672E-11 6.6523E-11 6.8574E-11 7.0590E-11 7.2640E-11 7.4820E-11 7.6873E-11 7.9130E-11 8.1373E-11 8.3547E-11 8.5953E-11 8.8208E-11 9.0500E-11 9.3053E-11 9.5427E-11 9.7948E-11 1.0040E-10 1.0288E-10 1.0552E-10 1.0808E-10 1.1068E-10 1.1331E-10 1.1597E-10 1.1867E-10 1.2140E-10 1.2417E-10
2.2901E-11 2.3809E-11 2.4742E-11 2.5704E-11 2.6694E-11 2.7712E-11 2.8760E-11 2.9795E-11 3.0903E-11 3.1998E-11 3.3167E-11 3.4324E-11 3.5599E-11 3.6820E-11 3.8117E-11 3.9483E-11 4.0848E-11 4.2161E-11 4.3631E-11 4.5138E-11 4.6681E-11 4.8218E-11 4.9791E-11 5.1448E-11 5.3179E-11 5.4870E-11 5.6600E-11 5.8368E-11 6.0343E-11 6.2114E-11 6.4167E-11 6.6020E-11 6.8075E-11 7.0095E-11 7.2069E-11 7.4335E-11 7.6393E-11 7.8658E-11 8.0910E-11 8.3092E-11 8.5509E-11 8.7775E-11 9.0079E-11 9.2645E-11 9.5033E-11 9.7570E-11 1.0004E-10 1.0254E-10 1.0520E-10 1.0778E-10 1.1040E-10 1.1305E-10 1.1574E-10 1.1846E-10 1.2122E-10 1.2401E-10 1.2684E-10
2.3429E-11 2.4354E-11 2.5308E-11 2.6290E-11 2.7259E-11 2.8256E-11 2.9326E-11 3.0425E-11 3.1555E-11 3.2717E-11 3.3867E-11 3.5135E-11 3.6350E-11 3.7640E-11 3.8920E-11 4.0316E-11 4.1666E-11 4.3131E-11 4.4632E-11 4.6127E-11 4.7624E-11 4.9273E-11 5.0926E-11 5.2654E-11 5.4262E-11 5.6071E-11 5.7838E-11 5.9811E-11 6.1582E-11 6.3636E-11 6.5490E-11 6.7547E-11 6.9569E-11 7.1547E-11 7.3817E-11 7.5881E-11 7.8067E-11 8.0410E-11 8.2600E-11 8.5026E-11 8.7301E-11 8.9616E-11 9.2195E-11 9.4595E-11 9.7146E-11 9.9628E-11 1.0215E-10 1.0482E-10 1.0742E-10 1.1006E-10 1.1274E-10 1.1545E-10 1.1819E-10 1.2098E-10 1.2380E-10 1.2665E-10 1.2953E-10
2.3879E-11 2.4823E-11 2.5796E-11 2.6799E-11 2.7829E-11 2.8890E-11 2.9982E-11 3.1104E-11 3.2257E-11 3.3400E-11 3.4660E-11 3.5868E-11 3.7109E-11 3.8425E-11 3.9813E-11 4.1158E-11 4.2616E-11 4.4111E-11 4.5601E-11 4.7092E-11 4.8736E-11 5.0385E-11 5.2030E-11 5.3714E-11 5.5520E-11 5.7284E-11 5.9255E-11 6.1025E-11 6.2999E-11 6.4933E-11 6.6990E-11 6.9014E-11 7.0995E-11 7.3267E-11 7.5335E-11 7.7526E-11 7.9874E-11 8.2072E-11 8.4504E-11 8.6789E-11 8.9113E-11 9.1702E-11 9.4114E-11 9.6678E-11 9.9174E-11 1.0171E-10 1.0440E-10 1.0702E-10 1.0967E-10 1.1237E-10 1.1510E-10 1.1787E-10 1.2068E-10 1.2352E-10 1.2640E-10 1.2931E-10 1.3226E-10
2.4417E-11 2.5381E-11 2.6374E-11 2.7396E-11 2.8448E-11 2.9531E-11 3.0644E-11 3.1746E-11 3.2924E-11 3.4132E-11 3.5375E-11 3.6609E-11 3.7875E-11 3.9255E-11 4.0635E-11 4.2044E-11 4.3496E-11 4.5059E-11 4.6544E-11 4.8183E-11 4.9745E-11 5.1466E-11 5.3146E-11 5.4947E-11 5.6709E-11 5.8676E-11 6.0445E-11 6.2416E-11 6.4350E-11 6.6324E-11 6.8431E-11 7.0412E-11 7.2687E-11 7.4757E-11 7.6952E-11 7.9304E-11 8.1507E-11 8.3946E-11 8.6237E-11 8.8570E-11 9.1168E-11 9.3590E-11 9.6166E-11 9.8674E-11 1.0122E-10 1.0393E-10 1.0656E-10 1.0923E-10 1.1195E-10 1.1470E-10 1.1749E-10 1.2032E-10 1.2319E-10 1.2609E-10 1.2903E-10 1.3201E-10 1.3502E-10
