Assets/Resources/2015_m01_d16_0700(utc+0800)_l00_csi_1hr_conc.grd
DSAA
         159         159
     -79.000      79.000
     -79.000      79.000
  0.0000E+00  0.4029E-04
[rows 25 to 49 of 159, columns 57 to 113 of 159]
1.6296E-10 1.8422E-10 2.0668E-10 2.3138E-10 2.5536E-10 2.8022E-10 3.0636E-10 3.3041E-10 3.5714E-10 3.8370E-10 4.0799E-10 4.3439E-10 4.5924E-10 4.8390E-10 5.0914E-10 5.3418E-10 5.6331E-10 5.9212E-10 6.1823E-10 6.4508E-10 6.7049E-10 6.9557E-10 7.1980E-10 7.7457E-10 8.2005E-10 8.7156E-10 9.2072E-10 9.8228E-10 1.0421E-09 1.1126E-09 1.1806E-09 1.2634E-09 1.3625E-09 1.4619E-09 1.5493E-09 1.6553E-09 1.7736E-09 1.9112E-09 2.0389E-09 2.1685E-09 2.2936E-09 2.4210E-09 2.5388E-09 2.6562E-09 2.7749E-09 2.8806E-09 2.9886E-09 3.0969E-09 3.1937E-09 3.2913E-09 3.3772E-09 3.4656E-09 3.5363E-09 3.6058E-09 3.6635E-09 3.7195E-09 3.7639E-09
1.6311E-10 1.8453E-10 2.0718E-10 2.3212E-10 2.5634E-10 2.8146E-10 3.0791E-10 3.3222E-10 3.5929E-10 3.8619E-10 4.1078E-10 4.3755E-10 4.6273E-10 4.8774E-10 5.1335E-10 5.3998E-10 5.6850E-10 5.9792E-10 6.2547E-10 6.5193E-10 6.7783E-10 7.0341E-10 7.3673E-10 7.8845E-10 8.3728E-10 8.8886E-10 9.4841E-10 1.0058E-09 1.0705E-09 1.1444E-09 1.2169E-09 1.3116E-09 1.4134E-09 1.5126E-09 1.6049E-09 1.7234E-09 1.8540E-09 1.9935E-09 2.1232E-09 2.2561E-09 2.3848E-09 2.5172E-09 2.6410E-09 2.7652E-09 2.8811E-09 2.9886E-09 3.0991E-09 3.2128E-09 3.3164E-09 3.4098E-09 3.4945E-09 3.5822E-09 3.6579E-09 3.7220E-09 3.7837E-09 3.8340E-09 3.8816E-09
1.6309E-10 1.8466E-10 2.0748E-10 2.3264E-10 2.5709E-10 2.8247E-10 3.0920E-10 3.3378E-10 3.6117E-10 3.8841E-10 4.1329E-10 4.4042E-10 4.6594E-10 4.9129E-10 5.1728E-10 5.4435E-10 5.7340E-10 6.0455E-10 6.3154E-10 6.5851E-10 6.8491E-10 7.1100E-10 7.5550E-10 8.0055E-10 8.5860E-10 9.1038E-10 9.7137E-10 1.0340E-09 1.1061E-09 1.1775E-09 1.2615E-09 1.3533E-09 1.4656E-09 1.5668E-09 1.6630E-09 1.7893E-09 1.9323E-09 2.0752E-09 2.2093E-09 2.3477E-09 2.4801E-09 2.6175E-09 2.7474E-09 2.8729E-09 2.9925E-09 3.1032E-09 3.2170E-09 3.3292E-09 3.4347E-09 3.5288E-09 3.6219E-09 3.7022E-09 3.7781E-09 3.8412E-09 3.9024E-09 3.9513E-09 3.9979E-09
1.6290E-10 1.8461E-10 2.0759E-10 2.3295E-10 2.5762E-10 2.8323E-10 3.1025E-10 3.3632E-10 3.6278E-10 3.9035E-10 4.1552E-10 4.4300E-10 4.6885E-10 4.9454E-10 5.2090E-10 5.4841E-10 5.7916E-10 6.0982E-10 6.3731E-10 6.6481E-10 6.9268E-10 7.1831E-10 7.6520E-10 8.2297E-10 8.7888E-10 9.2890E-10 9.9746E-10 1.0627E-09 1.1378E-09 1.2142E-09 1.3089E-09 1.4014E-09 1.5253E-09 1.6236E-09 1.7281E-09 1.8693E-09 2.0134E-09 2.1608E-09 2.3075E-09 2.4450E-09 2.5831E-09 2.7221E-09 2.8557E-09 2.9848E-09 3.1069E-09 3.2290E-09 3.3415E-09 3.4495E-09 3.5567E-09 3.6514E-09 3.7456E-09 3.8256E-09 3.9015E-09 3.9636E-09 4.0242E-09 4.0714E-09 4.1169E-09
1.6254E-10 1.8436E-10 2.0748E-10 2.3304E-10 2.5791E-10 2.8375E-10 3.1103E-10 3.3737E-10 3.6411E-10 3.9200E-10 4.1745E-10 4.4529E-10 4.7146E-10 4.9748E-10 5.2422E-10 5.5216E-10 5.8349E-10 6.1478E-10 6.4376E-10 6.7080E-10 6.9923E-10 7.2533E-10 7.8157E-10 8.3629E-10 8.9540E-10 9.5308E-10 1.0229E-09 1.0904E-09 1.1720E-09 1.2528E-09 1.3496E-09 1.4595E-09 1.5787E-09 1.6816E-09 1.7923E-09 1.9460E-09 2.0973E-09 2.2491E-09 2.4014E-09 2.5468E-09 2.6938E-09 2.8310E-09 2.9684E-09 3.1037E-09 3.2267E-09 3.3504E-09 3.4668E-09 3.5737E-09 3.6826E-09 3.7777E-09 3.8746E-09 3.9525E-09 4.0283E-09 4.0952E-09 4.1490E-09 4.2001E-09 4.2387E-09
1.6200E-10 1.8392E-10 2.0718E-10 2.3291E-10 2.5796E-10 2.8401E-10 3.1155E-10 3.3814E-10 3.6515E-10 3.9336E-10 4.1908E-10 4.4726E-10 4.7498E-10 5.0010E-10 5.2721E-10 5.5679E-10 5.8869E-10 6.1942E-10 6.4895E-10 6.7647E-10 7.0548E-10 7.3205E-10 7.9878E-10 8.5401E-10 9.1229E-10 9.7856E-10 1.0470E-09 1.1232E-09 1.2079E-09 1.2908E-09 1.3971E-09 1.5149E-09 1.6347E-09 1.7422E-09 1.8640E-09 2.0271E-09 2.1887E-09 2.3432E-09 2.4996E-09 2.6505E-09 2.8033E-09 2.9445E-09 3.0942E-09 3.2272E-09 3.3497E-09 3.4762E-09 3.5941E-09 3.7136E-09 3.8124E-09 3.9177E-09 4.0076E-09 4.0903E-09 4.1585E-09 4.2248E-09 4.2769E-09 4.3268E-09 4.3632E-09
1.6128E-10 1.8330E-10 2.0667E-10 2.3255E-10 2.5777E-10 2.8402E-10 3.1179E-10 3.3863E-10 3.6590E-10 3.9441E-10 4.2040E-10 4.4891E-10 4.7698E-10 5.0240E-10 5.2987E-10 5.5991E-10 5.9240E-10 6.2372E-10 6.5381E-10 6.8182E-10 7.1139E-10 7.5773E-10 8.0963E-10 8.7277E-10 9.3387E-10 1.0018E-09 1.0741E-09 1.1580E-09 1.2433E-09 1.3340E-09 1.4473E-09 1.5748E-09 1.6931E-09 1.8054E-09 1.9421E-09 2.1170E-09 2.2833E-09 2.4430E-09 2.6025E-09 2.7589E-09 2.9203E-09 3.0666E-09 3.2172E-09 3.3529E-09 3.4818E-09 3.6063E-09 3.7295E-09 3.8509E-09 3.9501E-09 4.0546E-09 4.1425E-09 4.2253E-09 4.2922E-09 4.3577E-09 4.4079E-09 4.4565E-09 4.4905E-09
1.6040E-10 1.8248E-10 2.0594E-10 2.3196E-10 2.5734E-10 2.8377E-10 3.1176E-10 3.3883E-10 3.6635E-10 3.9514E-10 4.2140E-10 4.5023E-10 4.7864E-10 5.0435E-10 5.3218E-10 5.6392E-10 5.9576E-10 6.2767E-10 6.5832E-10 6.8681E-10 7.1696E-10 7.6576E-10 8.2937E-10 8.9233E-10 9.5206E-10 1.0271E-09 1.1037E-09 1.1913E-09 1.2825E-09 1.3885E-09 1.4981E-09 1.6347E-09 1.7557E-09 1.8762E-09 2.0379E-09 2.2072E-09 2.3810E-09 2.5512E-09 2.7100E-09 2.8818E-09 3.0397E-09 3.1925E-09 3.3451E-09 3.4834E-09 3.6222E-09 3.7410E-09 3.8696E-09 3.9891E-09 4.0920E-09 4.1939E-09 4.2812E-09 4.3640E-09 4.4292E-09 4.4939E-09 4.5454E-09 4.5892E-09 4.6268E-09
1.5934E-10 1.8147E-10 2.0501E-10 2.3114E-10 2.5666E-10 2.8326E-10 3.1146E-10 3.3874E-10 3.6650E-10 3.9557E-10 4.2208E-10 4.5122E-10 4.7995E-10 5.0595E-10 5.3413E-10 5.6636E-10 5.9875E-10 6.3125E-10 6.6246E-10 6.9144E-10 7.2217E-10 7.7601E-10 8.4374E-10 9.0900E-10 9.7404E-10 1.0529E-09 1.1348E-09 1.2262E-09 1.3238E-09 1.4347E-09 1.5556E-09 1.6990E-09 1.8198E-09 1.9484E-09 2.1265E-09 2.3036E-09 2.4823E-09 2.6605E-09 2.8237E-09 3.0014E-09 3.1641E-09 3.3278E-09 3.4781E-09 3.6187E-09 3.7632E-09 3.8843E-09 4.0154E-09 4.1316E-09 4.2344E-09 4.3373E-09 4.4329E-09 4.5063E-09 4.5781E-09 4.6335E-09 4.6869E-09 4.7249E-09 4.7606E-09
1.5810E-10 1.8027E-10 2.0387E-10 2.3010E-10 2.5574E-10 2.8249E-10 3.1087E-10 3.3835E-10 3.6634E-10 3.9566E-10 4.2371E-10 4.5186E-10 4.8091E-10 5.0720E-10 5.3572E-10 5.6843E-10 6.0258E-10 6.3444E-10 6.6622E-10 6.9569E-10 7.2701E-10 7.9771E-10 8.6071E-10 9.2727E-10 9.9966E-10 1.0818E-09 1.1693E-09 1.2650E-09 1.3645E-09 1.4861E-09 1.6195E-09 1.7605E-09 1.8883E-09 2.0212E-09 2.2173E-09 2.4041E-09 2.5870E-09 2.7722E-09 2.9442E-09 3.1263E-09 3.2938E-09 3.4685E-09 3.6161E-09 3.7602E-09 3.9067E-09 4.0325E-09 4.1670E-09 4.2785E-09 4.3927E-09 4.4866E-09 4.5806E-09 4.6524E-09 4.7234E-09 4.7765E-09 4.8285E-09 4.8635E-09 4.8972E-09
1.5670E-10 1.7888E-10 2.0252E-10 2.2882E-10 2.5456E-10 2.8144E-10 3.0999E-10 3.3766E-10 3.6586E-10 3.9543E-10 4.2374E-10 4.5216E-10 4.8151E-10 5.0808E-10 5.3694E-10 5.7012E-10 6.0485E-10 6.3725E-10 6.6958E-10 6.9954E-10 7.4178E-10 8.0687E-10 8.7366E-10 9.4631E-10 1.0253E-09 1.1086E-09 1.2059E-09 1.3048E-09 1.4111E-09 1.5414E-09 1.6864E-09 1.8260E-09 1.9584E-09 2.0988E-09 2.3154E-09 2.5074E-09 2.7010E-09 2.8891E-09 3.0715E-09 3.2597E-09 3.4289E-09 3.6096E-09 3.7624E-09 3.9124E-09 4.0553E-09 4.1842E-09 4.3185E-09 4.4299E-09 4.5453E-09 4.6402E-09 4.7324E-09 4.8022E-09 4.8723E-09 4.9228E-09 4.9732E-09 5.0090E-09 5.0366E-09
1.5513E-10 1.7730E-10 2.0096E-10 2.2731E-10 2.5314E-10 2.8013E-10 3.0883E-10 3.3667E-10 3.6507E-10 3.9487E-10 4.2342E-10 4.5210E-10 4.8174E-10 5.0858E-10 5.3777E-10 5.7141E-10 6.0797E-10 6.3964E-10 6.7253E-10 7.0406E-10 7.5730E-10 8.2309E-10 8.9204E-10 9.6480E-10 1.0498E-09 1.1364E-09 1.2397E-09 1.3440E-09 1.4606E-09 1.5928E-09 1.7484E-09 1.8933E-09 2.0370E-09 2.2066E-09 2.4171E-09 2.6151E-09 2.8215E-09 3.0115E-09 3.2147E-09 3.3959E-09 3.5695E-09 3.7561E-09 3.9142E-09 4.0728E-09 4.2089E-09 4.3384E-09 4.4789E-09 4.5857E-09 4.7044E-09 4.7961E-09 4.8883E-09 4.9611E-09 5.0248E-09 5.0819E-09 5.1211E-09 5.1584E-09 5.1790E-09
1.5339E-10 1.7554E-10 1.9920E-10 2.2558E-10 2.5147E-10 2.7856E-10 3.0739E-10 3.3538E-10 3.6395E-10 3.9397E-10 4.2274E-10 4.5167E-10 4.8160E-10 5.0870E-10 5.3821E-10 5.7229E-10 6.0945E-10 6.4162E-10 6.7507E-10 7.0712E-10 7.6579E-10 8.3684E-10 9.1122E-10 9.8643E-10 1.0730E-09 1.1683E-09 1.2751E-09 1.3865E-09 1.5154E-09 1.6533E-09 1.8189E-09 1.9638E-09 2.1140E-09 2.3041E-09 2.5238E-09 2.7321E-09 2.9422E-09 3.1396E-09 3.3516E-09 3.5412E-09 3.7276E-09 3.9085E-09 4.0689E-09 4.2311E-09 4.3679E-09 4.5196E-09 4.6403E-09 4.7581E-09 4.8660E-09 4.9717E-09 5.0482E-09 5.1252E-09 5.1811E-09 5.2364E-09 5.2723E-09 5.3073E-09 5.3242E-09
1.5149E-10 1.7360E-10 1.9724E-10 2.2362E-10 2.4956E-10 2.7672E-10 3.0565E-10 3.3378E-10 3.6252E-10 3.9273E-10 4.2172E-10 4.5089E-10 4.8108E-10 5.0844E-10 5.3958E-10 5.7405E-10 6.1052E-10 6.4426E-10 6.7716E-10 7.0975E-10 7.7447E-10 8.5265E-10 9.2848E-10 1.0092E-09 1.1038E-09 1.2031E-09 1.3122E-09 1.4324E-09 1.5674E-09 1.7171E-09 1.8877E-09 2.0391E-09 2.1945E-09 2.4141E-09 2.6376E-09 2.8513E-09 3.0719E-09 3.2735E-09 3.4946E-09 3.6896E-09 3.8910E-09 4.0668E-09 4.2292E-09 4.3980E-09 4.5321E-09 4.6908E-09 4.8110E-09 4.9372E-09 5.0343E-09 5.1383E-09 5.2123E-09 5.2883E-09 5.3410E-09 5.3947E-09 5.4268E-09 5.4594E-09 5.4723E-09
1.4943E-10 1.7147E-10 1.9508E-10 2.2144E-10 2.4740E-10 2.7462E-10 3.0363E-10 3.3188E-10 3.6076E-10 3.9116E-10 4.2034E-10 4.4973E-10 4.8018E-10 5.0779E-10 5.3924E-10 5.7413E-10 6.1115E-10 6.4540E-10 6.7882E-10 7.1298E-10 7.8643E-10 8.6650E-10 9.4654E-10 1.0346E-09 1.1308E-09 1.2437E-09 1.3511E-09 1.4809E-09 1.6254E-09 1.7880E-09 1.9596E-09 2.1162E-09 2.2785E-09 2.5255E-09 2.7534E-09 2.9850E-09 3.2047E-09 3.4135E-09 3.6441E-09 3.8442E-09 4.0572E-09 4.2312E-09 4.4172E-09 4.5679E-09 4.7060E-09 4.8634E-09 4.9826E-09 5.1102E-09 5.2052E-09 5.3094E-09 5.3805E-09 5.4554E-09 5.5106E-09 5.5564E-09 5.5952E-09 5.6145E-09 5.6323E-09
1.4722E-10 1.6918E-10 1.9272E-10 2.1904E-10 2.4500E-10 2.7225E-10 3.0133E-10 3.2968E-10 3.5869E-10 3.8924E-10 4.1861E-10 4.4821E-10 4.7889E-10 5.0675E-10 5.3849E-10 5.7511E-10 6.1260E-10 6.4609E-10 6.8001E-10 7.2614E-10 8.0279E-10 8.7805E-10 9.6280E-10 1.0586E-09 1.1590E-09 1.2787E-09 1.3948E-09 1.5305E-09 1.6865E-09 1.8631E-09 2.0332E-09 2.2044E-09 2.3846E-09 2.6426E-09 2.8766E-09 3.1234E-09 3.3471E-09 3.5747E-09 3.8002E-09 4.0052E-09 4.2258E-09 4.4019E-09 4.5930E-09 4.7468E-09 4.8813E-09 5.0416E-09 5.1592E-09 5.2884E-09 5.3899E-09 5.4851E-09 5.5684E-09 5.6265E-09 5.6856E-09 5.7216E-09 5.7578E-09 5.7728E-09 5.7874E-09
1.4487E-10 1.6516E-10 1.9018E-10 2.1642E-10 2.4237E-10 2.6963E-10 2.9875E-10 3.2718E-10 3.5630E-10 3.8698E-10 4.1652E-10 4.4631E-10 4.7722E-10 5.0530E-10 5.3733E-10 5.7436E-10 6.1237E-10 6.4632E-10 6.8073E-10 7.2859E-10 8.1435E-10 8.8984E-10 9.7959E-10 1.0841E-09 1.1884E-09 1.3168E-09 1.4406E-09 1.5859E-09 1.7445E-09 1.9374E-09 2.1102E-09 2.2894E-09 2.4899E-09 2.7631E-09 3.0045E-09 3.2606E-09 3.4929E-09 3.7424E-09 3.9631E-09 4.1884E-09 4.4013E-09 4.5820E-09 4.7754E-09 4.9289E-09 5.0928E-09 5.2253E-09 5.3538E-09 5.4716E-09 5.5840E-09 5.6654E-09 5.7475E-09 5.8018E-09 5.8588E-09 5.8905E-09 5.9239E-09 5.9342E-09 5.9455E-09
1.4237E-10 1.6256E-10 1.8745E-10 2.1360E-10 2.3951E-10 2.6676E-10 2.9589E-10 3.2438E-10 3.5359E-10 3.8439E-10 4.1408E-10 4.4404E-10 4.7516E-10 5.0346E-10 5.3575E-10 5.7317E-10 6.1169E-10 6.4718E-10 6.8097E-10 7.4930E-10 8.2822E-10 9.0812E-10 1.0055E-09 1.1091E-09 1.2224E-09 1.3555E-09 1.4875E-09 1.6443E-09 1.8128E-09 2.0156E-09 2.1907E-09 2.3780E-09 2.6077E-09 2.8890E-09 3.1369E-09 3.4045E-09 3.6455E-09 3.9113E-09 4.1364E-09 4.3827E-09 4.5851E-09 4.7657E-09 4.9645E-09 5.1170E-09 5.2842E-09 5.4147E-09 5.5571E-09 5.6600E-09 5.7726E-09 5.8504E-09 5.9312E-09 5.9812E-09 6.0361E-09 6.0699E-09 6.0936E-09 6.0988E-09 6.1067E-09
1.3822E-10 1.5981E-10 1.8454E-10 2.1058E-10 2.3643E-10 2.6364E-10 2.9276E-10 3.2129E-10 3.5056E-10 3.8146E-10 4.1128E-10 4.4140E-10 4.7270E-10 5.0121E-10 5.3376E-10 5.7153E-10 6.1054E-10 6.4649E-10 6.8073E-10 7.5295E-10 8.4287E-10 9.3295E-10 1.0272E-09 1.1386E-09 1.2611E-09 1.3960E-09 1.5427E-09 1.7024E-09 1.8890E-09 2.0917E-09 2.2761E-09 2.4704E-09 2.7176E-09 3.0184E-09 3.2737E-09 3.5554E-09 3.8050E-09 4.0834E-09 4.3137E-09 4.5706E-09 4.7748E-09 4.9828E-09 5.1619E-09 5.3113E-09 5.4821E-09 5.6143E-09 5.7543E-09 5.8536E-09 5.9686E-09 6.0400E-09 6.1196E-09 6.1827E-09 6.2173E-09 6.2548E-09 6.2667E-09 6.2796E-09 6.2708E-09
1.3550E-10 1.5692E-10 1.8147E-10 2.0736E-10 2.3312E-10 2.6027E-10 2.8937E-10 3.1791E-10 3.4723E-10 3.7820E-10 4.0814E-10 4.3840E-10 4.6986E-10 4.9857E-10 5.3134E-10 5.6945E-10 6.0892E-10 6.4532E-10 6.7999E-10 7.6274E-10 8.5228E-10 9.4757E-10 1.0501E-09 1.1683E-09 1.3051E-09 1.4370E-09 1.5967E-09 1.7700E-09 1.9653E-09 2.1732E-09 2.3704E-09 2.5667E-09 2.8579E-09 3.1522E-09 3.4365E-09 3.7135E-09 3.9939E-09 4.2633E-09 4.5019E-09 4.7700E-09 4.9718E-09 5.2112E-09 5.3651E-09 5.5119E-09 5.6942E-09 5.8155E-09 5.9621E-09 6.0706E-09 6.1679E-09 6.2592E-09 6.3126E-09 6.3735E-09 6.4027E-09 6.4371E-09 6.4432E-09 6.4525E-09 6.4379E-09
1.3266E-10 1.5389E-10 1.7823E-10 2.0396E-10 2.2803E-10 2.5668E-10 2.8571E-10 3.1425E-10 3.4359E-10 3.7461E-10 4.0329E-10 4.3503E-10 4.6664E-10 4.9552E-10 5.2850E-10 5.6692E-10 6.0683E-10 6.4366E-10 6.7875E-10 7.8202E-10 8.6191E-10 9.6272E-10 1.0746E-09 1.1991E-09 1.3428E-09 1.4815E-09 1.6485E-09 1.8313E-09 2.0441E-09 2.2565E-09 2.4628E-09 2.6920E-09 3.0002E-09 3.2950E-09 3.6063E-09 3.8828E-09 4.1966E-09 4.4514E-09 4.7376E-09 4.9749E-09 5.1764E-09 5.4268E-09 5.5756E-09 5.7795E-09 5.9059E-09 6.0529E-09 6.1718E-09 6.2955E-09 6.3749E-09 6.4628E-09 6.5104E-09 6.5690E-09 6.5921E-09 6.6233E-09 6.6233E-09 6.6288E-09 6.6082E-09
1.2971E-10 1.5073E-10 1.7484E-10 1.9882E-10 2.2434E-10 2.5286E-10 2.8180E-10 3.0897E-10 3.3966E-10 3.7070E-10 3.9946E-10 4.3129E-10 4.6303E-10 4.9208E-10 5.2524E-10 5.6395E-10 6.0427E-10 6.4151E-10 6.9369E-10 7.8745E-10 8.7180E-10 9.8317E-10 1.0983E-09 1.2301E-09 1.3823E-09 1.5315E-09 1.7099E-09 1.9029E-09 2.1272E-09 2.3453E-09 2.5611E-09 2.8215E-09 3.1482E-09 3.4467E-09 3.7737E-09 4.0564E-09 4.3887E-09 4.6492E-09 4.9986E-09 5.1919E-09 5.3886E-09 5.6519E-09 5.7983E-09 6.0069E-09 6.1294E-09 6.3004E-09 6.3924E-09 6.5145E-09 6.5853E-09 6.6720E-09 6.7129E-09 6.7691E-09 6.7968E-09 6.8137E-09 6.8158E-09 6.8085E-09 6.7813E-09
1.2666E-10 1.4744E-10 1.7131E-10 1.9510E-10 2.2046E-10 2.4882E-10 2.7765E-10 3.0479E-10 3.3544E-10 3.6648E-10 3.9531E-10 4.2720E-10 4.5905E-10 4.8825E-10 5.2157E-10 5.6052E-10 6.0123E-10 6.3886E-10 6.9667E-10 7.9960E-10 8.8515E-10 1.0049E-09 1.1267E-09 1.2674E-09 1.4239E-09 1.5856E-09 1.7672E-09 1.9739E-09 2.2139E-09 2.4362E-09 2.6615E-09 2.9497E-09 3.2918E-09 3.5997E-09 3.9473E-09 4.2416E-09 4.5906E-09 4.8543E-09 5.2356E-09 5.4151E-09 5.7047E-09 5.8870E-09 6.0241E-09 6.2493E-09 6.3585E-09 6.5323E-09 6.6151E-09 6.7380E-09 6.8213E-09 6.8868E-09 6.9504E-09 6.9741E-09 7.0085E-09 7.0080E-09 7.0143E-09 6.9916E-09 6.9655E-09
1.2199E-10 1.4405E-10 1.6764E-10 1.9122E-10 2.1640E-10 2.4457E-10 2.7327E-10 3.0035E-10 3.3093E-10 3.6195E-10 3.9082E-10 4.2276E-10 4.5469E-10 4.8403E-10 5.1749E-10 5.5666E-10 5.9772E-10 6.3572E-10 7.1026E-10 8.0942E-10 9.0633E-10 1.0294E-09 1.1569E-09 1.3072E-09 1.4658E-09 1.6415E-09 1.8361E-09 2.0579E-09 2.3044E-09 2.5345E-09 2.7692E-09 3.0760E-09 3.4482E-09 3.7638E-09 4.1281E-09 4.4317E-09 4.8066E-09 5.0683E-09 5.4898E-09 5.6479E-09 6.0483E-09 6.1329E-09 6.2612E-09 6.4977E-09 6.5921E-09 6.7729E-09 6.8813E-09 6.9685E-09 7.0694E-09 7.1074E-09 7.1688E-09 7.1840E-09 7.2149E-09 7.2065E-09 7.2084E-09 7.1781E-09 7.1550E-09
1.1881E-10 1.4055E-10 1.6384E-10 1.8720E-10 2.1217E-10 2.4012E-10 2.6866E-10 2.9567E-10 3.2615E-10 3.5712E-10 3.8602E-10 4.1798E-10 4.4996E-10 4.7942E-10 5.1161E-10 5.5235E-10 5.9373E-10 6.3207E-10 7.1579E-10 8.1622E-10 9.2535E-10 1.0491E-09 1.1852E-09 1.3479E-09 1.5126E-09 1.7023E-09 1.8994E-09 2.1423E-09 2.3953E-09 2.6372E-09 2.8778E-09 3.2354E-09 3.6069E-09 3.9707E-09 4.3177E-09 4.7406E-09 5.0307E-09 5.2914E-09 5.7655E-09 5.8907E-09 6.3218E-09 6.3905E-09 6.6078E-09 6.7583E-09 6.9088E-09 7.0228E-09 7.1679E-09 7.2063E-09 7.3064E-09 7.3340E-09 7.3928E-09 7.3989E-09 7.4262E-09 7.4092E-09 7.4067E-09 7.3686E-09 7.3402E-09
