Assets/Resources/2015_m01_d16_2100(utc+0800)_l00_csi_1hr_conc.grd
DSAA
         159         159
     -79.000      79.000
     -79.000      79.000
  0.0000E+00  0.1664E-05
[rows 0 to 24 of 159, columns 57 to 113 of 159]
1.8806E-11 4.0717E-11 7.5121E-11 1.2361E-10 1.9176E-10 2.8593E-10 4.1134E-10 5.7705E-10 7.8875E-10 1.0566E-09 1.3868E-09 1.7862E-09 2.2589E-09 2.8114E-09 3.4438E-09 4.1536E-09 4.9350E-09 5.7822E-09 6.6816E-09 7.6173E-09 8.5674E-09 9.5068E-09 1.0408E-08 1.1241E-08 1.1972E-08 1.2572E-08 1.3014E-08 1.3274E-08 1.3336E-08 1.3193E-08 1.2844E-08 1.2296E-08 1.1572E-08 1.0705E-08 9.7358E-09 8.7039E-09 7.6503E-09 6.6090E-09 5.6132E-09 4.6877E-09 3.8491E-09 3.1096E-09 2.4668E-09 1.9266E-09 1.4767E-09 1.1049E-09 8.1475E-10 5.8837E-10 4.1483E-10 2.8802E-10 2.0000E-10 1.3821E-10 9.5360E-11 6.0543E-11 3.9077E-11 2.5551E-11 1.6187E-11
2.1735E-11 4.6010E-11 8.3434E-11 1.3694E-10 2.1151E-10 3.1473E-10 4.5154E-10 6.3068E-10 8.6089E-10 1.1500E-09 1.5067E-09 1.9373E-09 2.4465E-09 3.0396E-09 3.7173E-09 4.4764E-09 5.3121E-09 6.2176E-09 7.1798E-09 8.1828E-09 9.2035E-09 1.0218E-08 1.1195E-08 1.2102E-08 1.2906E-08 1.3573E-08 1.4071E-08 1.4374E-08 1.4463E-08 1.4325E-08 1.3966E-08 1.3391E-08 1.2618E-08 1.1682E-08 1.0621E-08 9.4902E-09 8.3275E-09 7.1817E-09 6.0811E-09 5.0623E-09 4.1386E-09 3.3271E-09 2.6255E-09 2.0365E-09 1.5490E-09 1.1591E-09 8.3815E-10 5.9768E-10 4.2082E-10 2.9138E-10 1.9705E-10 1.3301E-10 9.1240E-11 5.8142E-11 3.7858E-11 2.4640E-11 1.5529E-11
2.5633E-11 5.2327E-11 9.3284E-11 1.5182E-10 2.3299E-10 3.4500E-10 4.9439E-10 6.8754E-10 9.3515E-10 1.2442E-09 1.6254E-09 2.0845E-09 2.6260E-09 3.2553E-09 3.9732E-09 4.7751E-09 5.6578E-09 6.6139E-09 7.6299E-09 8.6896E-09 9.7709E-09 1.0848E-08 1.1891E-08 1.2865E-08 1.3734E-08 1.4463E-08 1.5014E-08 1.5361E-08 1.5480E-08 1.5356E-08 1.4989E-08 1.4389E-08 1.3577E-08 1.2582E-08 1.1445E-08 1.0220E-08 8.9594E-09 7.7107E-09 6.5140E-09 5.4037E-09 4.4010E-09 3.5201E-09 2.7634E-09 2.1302E-09 1.6097E-09 1.1949E-09 8.5831E-10 6.0846E-10 4.2180E-10 2.8495E-10 1.8950E-10 1.2636E-10 8.5317E-11 5.4265E-11 3.5938E-11 2.3240E-11 1.4589E-11
3.0358E-11 5.9895E-11 1.0485E-10 1.6826E-10 2.5637E-10 3.7729E-10 5.3933E-10 7.4773E-10 1.0114E-09 1.3415E-09 1.7457E-09 2.2306E-09 2.8023E-09 3.4629E-09 4.2156E-09 5.0531E-09 5.9735E-09 6.9674E-09 8.0238E-09 9.1268E-09 1.0254E-08 1.1381E-08 1.2477E-08 1.3507E-08 1.4433E-08 1.5215E-08 1.5818E-08 1.6209E-08 1.6358E-08 1.6253E-08 1.5885E-08 1.5266E-08 1.4418E-08 1.3373E-08 1.2175E-08 1.0870E-08 9.5223E-09 8.1798E-09 6.8957E-09 5.7012E-09 4.6260E-09 3.6812E-09 2.8749E-09 2.2009E-09 1.6529E-09 1.2169E-09 8.7438E-10 6.0675E-10 4.1107E-10 2.7689E-10 1.8245E-10 1.1817E-10 7.8040E-11 4.9676E-11 3.3518E-11 2.1433E-11 1.3415E-11
3.5843E-11 6.8682E-11 1.1759E-10 1.8656E-10 2.8212E-10 4.1345E-10 5.8811E-10 8.1164E-10 1.0937E-09 1.4419E-09 1.8688E-09 2.3764E-09 2.9750E-09 3.6622E-09 4.4426E-09 5.3102E-09 6.2588E-09 7.2798E-09 8.3639E-09 9.4961E-09 1.0655E-08 1.1815E-08 1.2948E-08 1.4016E-08 1.4986E-08 1.5812E-08 1.6458E-08 1.6887E-08 1.7068E-08 1.6983E-08 1.6622E-08 1.5993E-08 1.5118E-08 1.4030E-08 1.2779E-08 1.1414E-08 9.9927E-09 8.5721E-09 7.2099E-09 5.9438E-09 4.8043E-09 3.8059E-09 2.9556E-09 2.2483E-09 1.6767E-09 1.2240E-09 8.7430E-10 5.9631E-10 4.0475E-10 2.6567E-10 1.7041E-10 1.0814E-10 6.9745E-11 4.4841E-11 3.0381E-11 1.9125E-11 1.1891E-11
4.2429E-11 7.8264E-11 1.3115E-10 2.0719E-10 3.1185E-10 4.5372E-10 6.4068E-10 8.7996E-10 1.1803E-09 1.5486E-09 1.9960E-09 2.5259E-09 3.1468E-09 3.8580E-09 4.6596E-09 5.5495E-09 6.5161E-09 7.5532E-09 8.6513E-09 9.7961E-09 1.0968E-08 1.2146E-08 1.3297E-08 1.4389E-08 1.5385E-08 1.6243E-08 1.6923E-08 1.7382E-08 1.7592E-08 1.7527E-08 1.7176E-08 1.6545E-08 1.5653E-08 1.4537E-08 1.3241E-08 1.1829E-08 1.0351E-08 8.8728E-09 7.4456E-09 6.1227E-09 4.9296E-09 3.8890E-09 3.0028E-09 2.2718E-09 1.6798E-09 1.2178E-09 8.5971E-10 5.9095E-10 3.8730E-10 2.4869E-10 1.5679E-10 9.7337E-11 6.0660E-11 4.0235E-11 2.6876E-11 1.6603E-11 1.0137E-11
4.9373E-11 8.8446E-11 1.4713E-10 2.3127E-10 3.4579E-10 4.9822E-10 6.9782E-10 9.5413E-10 1.2737E-09 1.6642E-09 2.1295E-09 2.6813E-09 3.3188E-09 4.0509E-09 4.8677E-09 5.7713E-09 6.7483E-09 7.7911E-09 8.8913E-09 1.0034E-08 1.1204E-08 1.2379E-08 1.3529E-08 1.4627E-08 1.5631E-08 1.6503E-08 1.7203E-08 1.7685E-08 1.7916E-08 1.7872E-08 1.7534E-08 1.6909E-08 1.6011E-08 1.4877E-08 1.3555E-08 1.2105E-08 1.0586E-08 9.0664E-09 7.5952E-09 6.2297E-09 4.9978E-09 3.9249E-09 3.0142E-09 2.2673E-09 1.6641E-09 1.1962E-09 8.3427E-10 5.7033E-10 3.6573E-10 2.3370E-10 1.4370E-10 8.5843E-11 5.1238E-11 3.5009E-11 2.3023E-11 1.4190E-11 8.3246E-12
5.7058E-11 1.0138E-10 1.6645E-10 2.5829E-10 3.8282E-10 5.4677E-10 7.6138E-10 1.0358E-09 1.3758E-09 1.7873E-09 2.2749E-09 2.8473E-09 3.5029E-09 4.2455E-09 5.0774E-09 5.9890E-09 6.9691E-09 8.0069E-09 9.0941E-09 1.0220E-08 1.1371E-08 1.2526E-08 1.3658E-08 1.4740E-08 1.5736E-08 1.6605E-08 1.7307E-08 1.7800E-08 1.8044E-08 1.8015E-08 1.7691E-08 1.7075E-08 1.6182E-08 1.5043E-08 1.3712E-08 1.2240E-08 1.0700E-08 9.1506E-09 7.6568E-09 6.2636E-09 5.0097E-09 3.9164E-09 2.9936E-09 2.2356E-09 1.6306E-09 1.1611E-09 8.0343E-10 5.4162E-10 3.5178E-10 2.1532E-10 1.2690E-10 7.2353E-11 4.3485E-11 2.9720E-11 1.9000E-11 1.1734E-11 6.5753E-12
6.7735E-11 1.1676E-10 1.8774E-10 2.8749E-10 4.2364E-10 6.0264E-10 8.3478E-10 1.1280E-09 1.4887E-09 1.9223E-09 2.4319E-09 3.0216E-09 3.6973E-09 4.4502E-09 5.2865E-09 6.1992E-09 7.1780E-09 8.2049E-09 9.2725E-09 1.0372E-08 1.1489E-08 1.2607E-08 1.3704E-08 1.4751E-08 1.5717E-08 1.6565E-08 1.7253E-08 1.7740E-08 1.7989E-08 1.7966E-08 1.7654E-08 1.7050E-08 1.6167E-08 1.5034E-08 1.3705E-08 1.2230E-08 1.0686E-08 9.1273E-09 7.6253E-09 6.2233E-09 4.9618E-09 3.8619E-09 2.9380E-09 2.1802E-09 1.5811E-09 1.1138E-09 7.6688E-10 5.0873E-10 3.2767E-10 1.9287E-10 1.1029E-10 5.8458E-11 3.6448E-11 2.4695E-11 1.5450E-11 8.9442E-12 4.7591E-12
7.9076E-11 1.3286E-10 2.1172E-10 3.2188E-10 4.7117E-10 6.6638E-10 9.1584E-10 1.2286E-09 1.6107E-09 2.0668E-09 2.6003E-09 3.2127E-09 3.9046E-09 4.6694E-09 5.5083E-09 6.4156E-09 7.3820E-09 8.3931E-09 9.4311E-09 1.0492E-08 1.1566E-08 1.2635E-08 1.3680E-08 1.4680E-08 1.5601E-08 1.6410E-08 1.7069E-08 1.7534E-08 1.7772E-08 1.7747E-08 1.7440E-08 1.6847E-08 1.5975E-08 1.4860E-08 1.3543E-08 1.2084E-08 1.0547E-08 9.0001E-09 7.5044E-09 6.1120E-09 4.8571E-09 3.7683E-09 2.8512E-09 2.1049E-09 1.5145E-09 1.0603E-09 7.2107E-10 4.7462E-10 2.9987E-10 1.7640E-10 9.3752E-11 4.6479E-11 2.9143E-11 1.9180E-11 1.2046E-11 6.5578E-12 3.2797E-12
9.3210E-11 1.5367E-10 2.4079E-10 3.6155E-10 5.2457E-10 7.3749E-10 1.0077E-09 1.3422E-09 1.7469E-09 2.2296E-09 2.7872E-09 3.4203E-09 4.1250E-09 4.8993E-09 5.7403E-09 6.6342E-09 7.5860E-09 8.5751E-09 9.5795E-09 1.0597E-08 1.1619E-08 1.2629E-08 1.3612E-08 1.4548E-08 1.5408E-08 1.6164E-08 1.6774E-08 1.7204E-08 1.7416E-08 1.7378E-08 1.7069E-08 1.6483E-08 1.5624E-08 1.4531E-08 1.3234E-08 1.1803E-08 1.0291E-08 8.7726E-09 7.3014E-09 5.9335E-09 4.7004E-09 3.6357E-09 2.7383E-09 2.0111E-09 1.4360E-09 1.0009E-09 6.7333E-10 4.3885E-10 2.7041E-10 1.5681E-10 7.7575E-11 3.6387E-11 2.2420E-11 1.4457E-11 7.9900E-12 4.3255E-12 1.7891E-12
1.0900E-10 1.7704E-10 2.7212E-10 4.0708E-10 5.8561E-10 8.1537E-10 1.1092E-09 1.4662E-09 1.8979E-09 2.4059E-09 2.9885E-09 3.6432E-09 4.3648E-09 5.1473E-09 5.9887E-09 6.8736E-09 7.7995E-09 8.7579E-09 9.7253E-09 1.0693E-08 1.1655E-08 1.2597E-08 1.3512E-08 1.4375E-08 1.5165E-08 1.5855E-08 1.6407E-08 1.6789E-08 1.6962E-08 1.6898E-08 1.6578E-08 1.5989E-08 1.5145E-08 1.4070E-08 1.2805E-08 1.1406E-08 9.9356E-09 8.4556E-09 7.0265E-09 5.6959E-09 4.5016E-09 3.4703E-09 2.6038E-09 1.9033E-09 1.3512E-09 9.3378E-10 6.2424E-10 4.0136E-10 2.4291E-10 1.3659E-10 6.4731E-11 2.7334E-11 1.5705E-11 9.3653E-12 5.0410E-12 2.0320E-12 4.7124E-13
1.2674E-10 2.0342E-10 3.1093E-10 4.5847E-10 6.5327E-10 9.0631E-10 1.2233E-09 1.6083E-09 2.0690E-09 2.6027E-09 3.2097E-09 3.8875E-09 4.6245E-09 5.4144E-09 6.2502E-09 7.1244E-09 8.0258E-09 8.9477E-09 9.8731E-09 1.0789E-08 1.1688E-08 1.2560E-08 1.3398E-08 1.4182E-08 1.4895E-08 1.5507E-08 1.5990E-08 1.6312E-08 1.6437E-08 1.6336E-08 1.5995E-08 1.5399E-08 1.4564E-08 1.3508E-08 1.2278E-08 1.0919E-08 9.4973E-09 8.0642E-09 6.6889E-09 5.4076E-09 4.2653E-09 3.2761E-09 2.4500E-09 1.7816E-09 1.2616E-09 8.6349E-10 5.7444E-10 3.6244E-10 2.1787E-10 1.1806E-10 5.4078E-11 1.8798E-11 9.8443E-12 5.1424E-12 1.7277E-12 1.0437E-13 0.0000E+00
1.4740E-10 2.3417E-10 3.5446E-10 5.1723E-10 7.3208E-10 1.0075E-09 1.3505E-09 1.7642E-09 2.2543E-09 2.8163E-09 3.4501E-09 4.1508E-09 4.9046E-09 5.7054E-09 6.5402E-09 7.3936E-09 8.2690E-09 9.1521E-09 1.0028E-08 1.0892E-08 1.1721E-08 1.2522E-08 1.3281E-08 1.3983E-08 1.4614E-08 1.5145E-08 1.5552E-08 1.5805E-08 1.5871E-08 1.5726E-08 1.5353E-08 1.4746E-08 1.3912E-08 1.2876E-08 1.1676E-08 1.0364E-08 8.9948E-09 7.6207E-09 6.3051E-09 5.0844E-09 3.9995E-09 3.0623E-09 2.2825E-09 1.6540E-09 1.1653E-09 7.9249E-10 5.2277E-10 3.2689E-10 1.9146E-10 1.0150E-10 4.3353E-11 1.1426E-11 4.8654E-12 1.6456E-12 0.0000E+00 0.0000E+00 0.0000E+00
1.7054E-10 2.6765E-10 4.0326E-10 5.8406E-10 8.1894E-10 1.1215E-09 1.4907E-09 1.9376E-09 2.4590E-09 3.0513E-09 3.7135E-09 4.4349E-09 5.2062E-09 6.0151E-09 6.8427E-09 7.6828E-09 8.5270E-09 9.3685E-09 1.0194E-08 1.0999E-08 1.1768E-08 1.2493E-08 1.3171E-08 1.3790E-08 1.4333E-08 1.4781E-08 1.5105E-08 1.5284E-08 1.5284E-08 1.5089E-08 1.4677E-08 1.4051E-08 1.3213E-08 1.2196E-08 1.1025E-08 9.7625E-09 8.4430E-09 7.1362E-09 5.8854E-09 4.7353E-09 3.7115E-09 2.8339E-09 2.1040E-09 1.5208E-09 1.0644E-09 7.2236E-10 4.7097E-10 2.9215E-10 1.6791E-10 8.6465E-11 3.2349E-11 5.7979E-12 1.5723E-12 2.2087E-13 0.0000E+00 0.0000E+00 0.0000E+00
1.9668E-10 3.0599E-10 4.5818E-10 6.5915E-10 9.2037E-10 1.2470E-09 1.6494E-09 2.1283E-09 2.6823E-09 3.3088E-09 4.0006E-09 4.7445E-09 5.5309E-09 6.3460E-09 7.1700E-09 7.9953E-09 8.8100E-09 9.6083E-09 1.0377E-08 1.1118E-08 1.1819E-08 1.2475E-08 1.3072E-08 1.3608E-08 1.4066E-08 1.4428E-08 1.4670E-08 1.4770E-08 1.4701E-08 1.4447E-08 1.3993E-08 1.3339E-08 1.2496E-08 1.1487E-08 1.0346E-08 9.1258E-09 7.8633E-09 6.6239E-09 5.4427E-09 4.3629E-09 3.4080E-09 2.5940E-09 1.9159E-09 1.3804E-09 9.5883E-10 6.4727E-10 4.1766E-10 2.5580E-10 1.4536E-10 7.1734E-11 2.2255E-11 1.9046E-12 4.0051E-13 0.0000E+00 0.0000E+00 0.0000E+00 0.0000E+00
2.2567E-10 3.4975E-10 5.1917E-10 7.4326E-10 1.0302E-09 1.3890E-09 1.8221E-09 2.3390E-09 2.9257E-09 3.5885E-09 4.3082E-09 5.0760E-09 5.8762E-09 6.6925E-09 7.5131E-09 8.3237E-09 9.1095E-09 9.8669E-09 1.0587E-08 1.1255E-08 1.1885E-08 1.2467E-08 1.2993E-08 1.3445E-08 1.3820E-08 1.4093E-08 1.4252E-08 1.4270E-08 1.4129E-08 1.3812E-08 1.3310E-08 1.2624E-08 1.1771E-08 1.0766E-08 9.6542E-09 8.4698E-09 7.2700E-09 6.0943E-09 4.9899E-09 3.9807E-09 3.0980E-09 2.3451E-09 1.7270E-09 1.2345E-09 8.5527E-10 5.7052E-10 3.6575E-10 2.2039E-10 1.2340E-10 5.7973E-11 1.5166E-11 2.9164E-13 0.0000E+00 0.0000E+00 0.0000E+00 0.0000E+00 0.0000E+00
2.5795E-10 3.9690E-10 5.8571E-10 8.3447E-10 1.1530E-09 1.5455E-09 2.0181E-09 2.5664E-09 3.1954E-09 3.8892E-09 4.6408E-09 5.4286E-09 6.2456E-09 7.0625E-09 7.8782E-09 8.6664E-09 9.4258E-09 1.0144E-08 1.0816E-08 1.1422E-08 1.1976E-08 1.2485E-08 1.2926E-08 1.3302E-08 1.3594E-08 1.3784E-08 1.3860E-08 1.3795E-08 1.3578E-08 1.3193E-08 1.2637E-08 1.1915E-08 1.1041E-08 1.0037E-08 8.9476E-09 7.8049E-09 6.6643E-09 5.5563E-09 4.5256E-09 3.5920E-09 2.7823E-09 2.0927E-09 1.5348E-09 1.0890E-09 7.4895E-10 4.9534E-10 3.1435E-10 1.8649E-10 1.0266E-10 4.6292E-11 9.5069E-12 0.0000E+00 0.0000E+00 0.0000E+00 0.0000E+00 0.0000E+00 0.0000E+00
2.9409E-10 4.5022E-10 6.6072E-10 9.3810E-10 1.2873E-09 1.7163E-09 2.2273E-09 2.8195E-09 3.4830E-09 4.2144E-09 4.9947E-09 5.8086E-09 6.6332E-09 7.4565E-09 8.2557E-09 9.0262E-09 9.7492E-09 1.0431E-08 1.1058E-08 1.1609E-08 1.2097E-08 1.2525E-08 1.2892E-08 1.3187E-08 1.3396E-08 1.3505E-08 1.3496E-08 1.3350E-08 1.3054E-08 1.2601E-08 1.1986E-08 1.1224E-08 1.0325E-08 9.3229E-09 8.2483E-09 7.1517E-09 6.0626E-09 5.0260E-09 4.0654E-09 3.2091E-09 2.4685E-09 1.8468E-09 1.3438E-09 9.4830E-10 6.4532E-10 4.2450E-10 2.6479E-10 1.5502E-10 8.3378E-11 3.6036E-11 6.5164E-12 0.0000E+00 0.0000E+00 0.0000E+00 0.0000E+00 0.0000E+00 0.0000E+00
3.3544E-10 5.0893E-10 7.4326E-10 1.0472E-09 1.4329E-09 1.9019E-09 2.4575E-09 3.0915E-09 3.7999E-09 4.5631E-09 5.3702E-09 6.2076E-09 7.0415E-09 7.8656E-09 8.6531E-09 9.3968E-09 1.0091E-08 1.0725E-08 1.1308E-08 1.1808E-08 1.2236E-08 1.2595E-08 1.2884E-08 1.3101E-08 1.3227E-08 1.3256E-08 1.3162E-08 1.2937E-08 1.2562E-08 1.2038E-08 1.1362E-08 1.0557E-08 9.6300E-09 8.6255E-09 7.5707E-09 6.5111E-09 5.4770E-09 4.5055E-09 3.6149E-09 2.8342E-09 2.1621E-09 1.6067E-09 1.1584E-09 8.1181E-10 5.4495E-10 3.5583E-10 2.1856E-10 1.2633E-10 6.6410E-11 2.6621E-11 4.1930E-12 0.0000E+00 0.0000E+00 0.0000E+00 0.0000E+00 0.0000E+00 0.0000E+00
3.7912E-10 5.7213E-10 8.3138E-10 1.1691E-09 1.5908E-09 2.1025E-09 2.7000E-09 3.3819E-09 4.1333E-09 4.9385E-09 5.7764E-09 6.6233E-09 7.4734E-09 8.2887E-09 9.0652E-09 9.7825E-09 1.0441E-08 1.1034E-08 1.1564E-08 1.2012E-08 1.2389E-08 1.2684E-08 1.2907E-08 1.3046E-08 1.3093E-08 1.3037E-08 1.2860E-08 1.2549E-08 1.2099E-08 1.1501E-08 1.0767E-08 9.9160E-09 8.9656E-09 7.9554E-09 6.9220E-09 5.8950E-09 4.9164E-09 4.0061E-09 3.1870E-09 2.4744E-09 1.8721E-09 1.3774E-09 9.8519E-10 6.8165E-10 4.5487E-10 2.9252E-10 1.7770E-10 1.0025E-10 4.9906E-11 1.8455E-11 2.3595E-12 0.0000E+00 0.0000E+00 0.0000E+00 0.0000E+00 0.0000E+00 0.0000E+00
4.2772E-10 6.4069E-10 9.2937E-10 1.2989E-09 1.7605E-09 2.3149E-09 2.9631E-09 3.6914E-09 4.4898E-09 5.3324E-09 6.2003E-09 7.0709E-09 7.9183E-09 8.7332E-09 9.4892E-09 1.0185E-08 1.0802E-08 1.1356E-08 1.1827E-08 1.2225E-08 1.2541E-08 1.2785E-08 1.2943E-08 1.3013E-08 1.2984E-08 1.2843E-08 1.2587E-08 1.2191E-08 1.1663E-08 1.0992E-08 1.0203E-08 9.3017E-09 8.3297E-09 7.3167E-09 6.3011E-09 5.3081E-09 4.3815E-09 3.5302E-09 2.7822E-09 2.1353E-09 1.6003E-09 1.1631E-09 8.2590E-10 5.6353E-10 3.7314E-10 2.3655E-10 1.3973E-10 7.7201E-11 3.5731E-11 1.1201E-11 8.8696E-13 0.0000E+00 0.0000E+00 0.0000E+00 0.0000E+00 0.0000E+00 0.0000E+00
4.7833E-10 7.1608E-10 1.0323E-09 1.4374E-09 1.9412E-09 2.5439E-09 3.2388E-09 4.0183E-09 4.8602E-09 5.7452E-09 6.6453E-09 7.5346E-09 8.3927E-09 9.1906E-09 9.9293E-09 1.0591E-08 1.1174E-08 1.1682E-08 1.2104E-08 1.2448E-08 1.2713E-08 1.2893E-08 1.2994E-08 1.2998E-08 1.2896E-08 1.2683E-08 1.2340E-08 1.1865E-08 1.1255E-08 1.0514E-08 9.6633E-09 8.7215E-09 7.7249E-09 6.7115E-09 5.7119E-09 4.7585E-09 3.8792E-09 3.0886E-09 2.4050E-09 1.8254E-09 1.3503E-09 9.7138E-10 6.8084E-10 4.5985E-10 2.9991E-10 1.8522E-10 1.0612E-10 5.6049E-11 2.3827E-11 5.9728E-12 0.0000E+00 0.0000E+00 0.0000E+00 0.0000E+00 0.0000E+00 0.0000E+00 0.0000E+00
5.3136E-10 7.9287E-10 1.1395E-09 1.5834E-09 2.1305E-09 2.7795E-09 3.5297E-09 4.3583E-09 5.2513E-09 6.1763E-09 7.1062E-09 8.0170E-09 8.8743E-09 9.6705E-09 1.0383E-08 1.1009E-08 1.1557E-08 1.2015E-08 1.2388E-08 1.2681E-08 1.2890E-08 1.3015E-08 1.3052E-08 1.2993E-08 1.2825E-08 1.2534E-08 1.2109E-08 1.1557E-08 1.0865E-08 1.0055E-08 9.1447E-09 8.1669E-09 7.1491E-09 6.1394E-09 5.1557E-09 4.2421E-09 3.4110E-09 2.6824E-09 2.0582E-09 1.5447E-09 1.1253E-09 8.0001E-10 5.5148E-10 3.6673E-10 2.3400E-10 1.4030E-10 7.6613E-11 3.8148E-11 1.3759E-11 1.8310E-12 0.0000E+00 0.0000E+00 0.0000E+00 0.0000E+00 0.0000E+00 0.0000E+00 0.0000E+00
5.8600E-10 8.7348E-10 1.2512E-09 1.7349E-09 2.3275E-09 3.0313E-09 3.8327E-09 4.7178E-09 5.6561E-09 6.6239E-09 7.5847E-09 8.5109E-09 9.3764E-09 1.0159E-08 1.0851E-08 1.1444E-08 1.1943E-08 1.2358E-08 1.2677E-08 1.2922E-08 1.3074E-08 1.3148E-08 1.3125E-08 1.2999E-08 1.2760E-08 1.2392E-08 1.1890E-08 1.1257E-08 1.0490E-08 9.6101E-09 8.6454E-09 7.6309E-09 6.5995E-09 5.5922E-09 4.6334E-09 3.7590E-09 2.9783E-09 2.3081E-09 1.7448E-09 1.2882E-09 9.2383E-10 6.4664E-10 4.3590E-10 2.8538E-10 1.7618E-10 1.0165E-10 5.2330E-11 2.3392E-11 6.2365E-12 1.4649E-13 0.0000E+00 0.0000E+00 0.0000E+00 0.0000E+00 0.0000E+00 0.0000E+00 0.0000E+00
