Assets/Resources/2015_m01_d27_1800(utc+0800)_l00_csi_1hr_conc.grd
DSAA
         159         159
     -79.000      79.000
     -79.000      79.000
  0.0000E+00  0.2611E-05
[rows 50 to 74 of 159, columns 57 to 113 of 159]
3.0071E-10 4.7938E-10 7.6511E-10 1.1761E-09 1.7273E-09 2.5264E-09 3.5884E-09 4.9964E-09 6.8557E-09 9.2405E-09 1.2218E-08 1.5812E-08 2.0016E-08 2.4692E-08 2.9630E-08 3.4513E-08 3.8936E-08 4.2459E-08 4.4730E-08 4.5454E-08 4.4593E-08 4.2273E-08 3.8765E-08 3.4461E-08 2.9762E-08 2.5049E-08 2.0613E-08 1.6659E-08 1.3256E-08 1.0430E-08 8.1209E-09 6.2593E-09 4.7714E-09 3.6786E-09 2.8027E-09 2.1736E-09 1.6775E-09 1.2747E-09 9.3488E-10 7.0107E-10 5.0255E-10 3.5829E-10 2.5081E-10 1.6925E-10 1.1548E-10 7.2784E-11 4.2197E-11 1.8304E-11 4.6590E-12 2.0025E-12 4.8741E-13 0.0000E+00 0.0000E+00 0.0000E+00 0.0000E+00 0.0000E+00 0.0000E+00
2.3829E-10 3.9208E-10 6.4161E-10 1.0028E-09 1.4907E-09 2.2245E-09 3.2168E-09 4.5580E-09 6.3575E-09 8.7088E-09 1.1729E-08 1.5472E-08 1.9923E-08 2.4982E-08 3.0432E-08 3.5892E-08 4.0897E-08 4.4939E-08 4.7567E-08 4.8445E-08 4.7519E-08 4.4884E-08 4.0888E-08 3.6015E-08 3.0741E-08 2.5498E-08 2.0628E-08 1.6346E-08 1.2763E-08 9.8522E-09 7.5427E-09 5.7206E-09 4.2893E-09 3.2535E-09 2.4679E-09 1.9063E-09 1.4564E-09 1.0938E-09 7.8936E-10 5.8223E-10 4.0544E-10 2.8189E-10 1.9063E-10 1.2492E-10 8.0176E-11 4.7337E-11 2.3030E-11 7.0324E-12 2.3224E-12 7.5157E-13 9.2042E-14 0.0000E+00 0.0000E+00 0.0000E+00 0.0000E+00 0.0000E+00 0.0000E+00
1.5602E-10 3.0887E-10 5.1722E-10 8.2439E-10 1.2489E-09 1.8807E-09 2.7706E-09 4.0092E-09 5.7118E-09 7.9961E-09 1.1009E-08 1.4832E-08 1.9506E-08 2.4954E-08 3.0923E-08 3.6999E-08 4.2652E-08 4.7293E-08 5.0338E-08 5.1419E-08 5.0410E-08 4.7442E-08 4.2941E-08 3.7461E-08 3.1560E-08 2.5787E-08 2.0498E-08 1.5930E-08 1.2166E-08 9.1823E-09 6.8941E-09 5.1351E-09 3.7840E-09 2.8511E-09 2.1369E-09 1.6440E-09 1.2422E-09 9.1787E-10 6.5115E-10 4.7065E-10 3.1940E-10 2.1586E-10 1.3934E-10 8.7759E-11 5.0546E-11 2.6668E-11 9.0830E-12 2.4855E-12 9.4707E-13 2.0021E-13 0.0000E+00 0.0000E+00 0.0000E+00 0.0000E+00 0.0000E+00 0.0000E+00 0.0000E+00
1.1026E-10 1.9084E-10 3.9027E-10 6.4558E-10 1.0045E-09 1.5364E-09 2.2961E-09 3.3919E-09 4.9591E-09 7.1124E-09 1.0047E-08 1.3891E-08 1.8728E-08 2.4514E-08 3.0996E-08 3.7742E-08 4.4129E-08 4.9414E-08 5.2946E-08 5.4290E-08 5.3202E-08 4.9908E-08 4.4872E-08 3.8735E-08 3.2190E-08 2.5859E-08 2.0143E-08 1.5317E-08 1.1426E-08 8.4247E-09 6.1710E-09 4.4995E-09 3.2677E-09 2.4370E-09 1.8206E-09 1.3852E-09 1.0349E-09 7.5187E-10 5.2482E-10 3.7115E-10 2.4552E-10 1.6030E-10 9.6672E-11 5.6878E-11 2.8659E-11 1.2841E-11 2.4859E-12 1.0452E-12 2.6755E-13 0.0000E+00 0.0000E+00 0.0000E+00 0.0000E+00 0.0000E+00 0.0000E+00 0.0000E+00 0.0000E+00
6.9264E-11 1.3428E-10 2.3240E-10 4.5454E-10 7.7345E-10 1.2109E-09 1.8298E-09 2.7691E-09 4.1517E-09 6.1127E-09 8.8946E-09 1.2668E-08 1.7581E-08 2.3662E-08 3.0669E-08 3.8136E-08 4.5314E-08 5.1352E-08 5.5466E-08 5.7039E-08 5.5885E-08 5.2253E-08 4.6632E-08 3.9834E-08 3.2615E-08 2.5712E-08 1.9592E-08 1.4527E-08 1.0552E-08 7.5671E-09 5.4158E-09 3.8709E-09 2.7295E-09 2.0107E-09 1.5094E-09 1.1385E-09 8.3751E-10 5.9951E-10 4.1321E-10 2.8440E-10 1.8313E-10 1.1241E-10 6.2434E-11 3.3243E-11 1.4777E-11 6.1844E-12 1.0111E-12 2.9092E-13 0.0000E+00 0.0000E+00 0.0000E+00 0.0000E+00 0.0000E+00 0.0000E+00 0.0000E+00 0.0000E+00 0.0000E+00
5.2666E-11 1.0282E-10 1.8051E-10 3.0151E-10 5.1806E-10 8.9212E-10 1.4093E-09 2.1696E-09 3.3397E-09 5.0897E-09 7.6455E-09 1.1239E-08 1.6119E-08 2.2375E-08 2.9836E-08 3.7982E-08 4.6018E-08 5.2941E-08 5.7748E-08 5.9681E-08 5.8482E-08 5.4412E-08 4.8150E-08 4.0610E-08 3.2717E-08 2.5279E-08 1.8793E-08 1.3570E-08 9.5743E-09 6.6540E-09 4.6411E-09 3.2363E-09 2.2449E-09 1.6508E-09 1.2144E-09 9.0765E-10 6.5908E-10 4.6320E-10 3.1515E-10 2.1036E-10 1.3083E-10 7.1577E-11 3.7765E-11 1.8076E-11 7.8581E-12 2.4098E-12 2.7078E-13 0.0000E+00 0.0000E+00 0.0000E+00 0.0000E+00 0.0000E+00 0.0000E+00 0.0000E+00 0.0000E+00 0.0000E+00 0.0000E+00
2.0314E-11 5.7903E-11 1.2215E-10 2.1583E-10 3.5859E-10 5.8994E-10 1.0289E-09 1.6587E-09 2.6023E-09 4.0955E-09 6.3690E-09 9.7098E-09 1.4439E-08 2.0725E-08 2.8473E-08 3.7236E-08 4.6162E-08 5.4015E-08 5.9616E-08 6.2041E-08 6.0919E-08 5.6455E-08 4.9477E-08 4.1126E-08 3.2520E-08 2.4524E-08 1.7743E-08 1.2407E-08 8.4601E-09 5.7059E-09 3.8629E-09 2.6299E-09 1.7840E-09 1.2992E-09 9.4347E-10 6.9508E-10 4.9791E-10 3.4141E-10 2.2926E-10 1.4697E-10 8.7568E-11 4.1650E-11 2.2020E-11 9.0711E-12 4.2820E-12 7.3909E-13 0.0000E+00 0.0000E+00 0.0000E+00 0.0000E+00 0.0000E+00 0.0000E+00 0.0000E+00 0.0000E+00 0.0000E+00 0.0000E+00 0.0000E+00
6.7639E-13 2.9191E-11 7.5414E-11 1.5230E-10 2.6095E-10 4.1788E-10 6.8159E-10 1.1742E-09 1.9727E-09 3.1990E-09 5.1463E-09 8.1631E-09 1.2622E-08 1.8775E-08 2.6684E-08 3.5925E-08 4.5638E-08 5.4506E-08 6.1027E-08 6.4049E-08 6.3032E-08 5.8222E-08 5.0587E-08 4.1388E-08 3.1993E-08 2.3505E-08 1.6454E-08 1.1141E-08 7.3269E-09 4.7656E-09 3.1422E-09 2.0790E-09 1.4010E-09 9.8735E-10 7.0570E-10 5.0902E-10 3.5580E-10 2.3675E-10 1.5448E-10 9.6123E-11 5.3097E-11 2.4324E-11 1.2242E-11 5.1775E-12 1.7515E-12 0.0000E+00 0.0000E+00 0.0000E+00 0.0000E+00 0.0000E+00 0.0000E+00 0.0000E+00 0.0000E+00 0.0000E+00 0.0000E+00 0.0000E+00 0.0000E+00
0.0000E+00 2.5261E-12 3.1602E-11 8.8640E-11 1.6858E-10 2.9790E-10 4.9503E-10 7.8691E-10 1.3945E-09 2.4193E-09 4.0797E-09 6.7344E-09 1.0824E-08 1.6762E-08 2.4640E-08 3.4214E-08 4.4598E-08 5.4383E-08 6.1914E-08 6.5693E-08 6.4908E-08 5.9781E-08 5.1393E-08 4.1334E-08 3.1232E-08 2.2252E-08 1.4986E-08 9.7335E-09 6.1665E-09 3.8810E-09 2.4632E-09 1.5751E-09 1.0479E-09 7.2023E-10 5.0681E-10 3.5525E-10 2.3664E-10 1.5057E-10 9.1566E-11 5.6905E-11 2.7040E-11 1.4205E-11 6.7493E-12 2.5224E-12 4.8851E-13 0.0000E+00 0.0000E+00 0.0000E+00 0.0000E+00 0.0000E+00 0.0000E+00 0.0000E+00 0.0000E+00 0.0000E+00 0.0000E+00 0.0000E+00 0.0000E+00
0.0000E+00 0.0000E+00 2.3341E-12 3.1507E-11 9.8214E-11 1.8918E-10 3.2379E-10 5.5556E-10 9.5565E-10 1.7014E-09 3.0967E-09 5.4137E-09 9.1289E-09 1.4741E-08 2.2524E-08 3.2305E-08 4.3265E-08 5.3900E-08 6.2353E-08 6.6880E-08 6.6485E-08 6.1192E-08 5.2081E-08 4.1067E-08 3.0129E-08 2.0724E-08 1.3405E-08 8.3359E-09 5.0415E-09 3.0367E-09 1.8568E-09 1.1595E-09 7.5181E-10 5.0147E-10 3.4565E-10 2.3319E-10 1.4207E-10 8.6895E-11 4.9463E-11 2.8329E-11 1.5354E-11 7.8672E-12 3.2309E-12 8.5278E-13 0.0000E+00 0.0000E+00 0.0000E+00 0.0000E+00 0.0000E+00 0.0000E+00 0.0000E+00 0.0000E+00 0.0000E+00 0.0000E+00 0.0000E+00 0.0000E+00 0.0000E+00
0.0000E+00 0.0000E+00 0.0000E+00 1.2922E-12 2.5920E-11 9.5060E-11 2.0225E-10 3.6474E-10 6.5115E-10 1.2066E-09 2.2502E-09 4.2014E-09 7.5849E-09 1.2845E-08 2.0488E-08 3.0416E-08 4.1849E-08 5.3249E-08 6.2610E-08 6.7894E-08 6.7782E-08 6.2212E-08 5.2374E-08 4.0467E-08 2.8773E-08 1.8936E-08 1.1662E-08 6.8935E-09 3.9655E-09 2.2693E-09 1.3383E-09 8.2095E-10 5.1675E-10 3.3274E-10 2.1955E-10 1.3837E-10 8.1116E-11 4.4400E-11 2.8180E-11 1.6113E-11 8.5487E-12 3.9061E-12 1.1958E-12 7.3354E-14 0.0000E+00 0.0000E+00 0.0000E+00 0.0000E+00 0.0000E+00 0.0000E+00 0.0000E+00 0.0000E+00 0.0000E+00 0.0000E+00 0.0000E+00 0.0000E+00 0.0000E+00
0.0000E+00 0.0000E+00 0.0000E+00 0.0000E+00 5.0235E-14 1.5258E-11 8.3239E-11 1.9523E-10 4.0910E-10 7.9360E-10 1.6075E-09 3.1775E-09 6.0761E-09 1.1079E-08 1.8573E-08 2.8712E-08 4.0618E-08 5.2694E-08 6.2794E-08 6.8697E-08 6.8877E-08 6.2977E-08 5.2262E-08 3.9343E-08 2.6927E-08 1.6871E-08 9.7937E-09 5.4284E-09 2.9369E-09 1.5861E-09 9.0524E-10 5.4232E-10 3.3746E-10 2.0758E-10 1.3083E-10 7.7241E-11 4.6242E-11 2.6497E-11 1.5737E-11 8.6321E-12 4.1489E-12 1.3816E-12 2.2698E-13 0.0000E+00 0.0000E+00 0.0000E+00 0.0000E+00 0.0000E+00 0.0000E+00 0.0000E+00 0.0000E+00 0.0000E+00 0.0000E+00 0.0000E+00 0.0000E+00 0.0000E+00 0.0000E+00
0.0000E+00 0.0000E+00 0.0000E+00 0.0000E+00 0.0000E+00 0.0000E+00 5.4361E-12 5.4124E-11 2.0446E-10 4.5196E-10 1.0559E-09 2.3108E-09 4.7823E-09 9.3193E-09 1.6728E-08 2.7085E-08 3.9688E-08 5.2547E-08 6.3291E-08 6.9563E-08 6.9695E-08 6.3241E-08 5.1625E-08 3.7701E-08 2.4622E-08 1.4526E-08 7.8485E-09 4.0125E-09 2.0077E-09 1.0175E-09 5.6643E-10 3.4152E-10 2.0252E-10 1.2074E-10 7.4633E-11 4.3783E-11 2.3905E-11 1.4667E-11 8.2257E-12 4.0076E-12 1.3464E-12 2.8330E-13 0.0000E+00 0.0000E+00 0.0000E+00 0.0000E+00 0.0000E+00 0.0000E+00 0.0000E+00 0.0000E+00 0.0000E+00 0.0000E+00 0.0000E+00 0.0000E+00 0.0000E+00 0.0000E+00 0.0000E+00
0.0000E+00 0.0000E+00 0.0000E+00 0.0000E+00 0.0000E+00 0.0000E+00 0.0000E+00 1.0690E-14 2.1843E-11 1.6901E-10 5.3704E-10 1.4711E-09 3.4938E-09 7.5784E-09 1.4747E-08 2.5529E-08 3.9055E-08 5.2988E-08 6.4419E-08 7.0840E-08 7.0570E-08 6.3384E-08 5.0671E-08 3.5665E-08 2.1992E-08 1.2020E-08 5.9085E-09 2.7322E-09 1.2424E-09 5.8462E-10 3.3694E-10 1.9446E-10 1.0967E-10 6.5492E-11 3.8074E-11 2.2651E-11 1.2682E-11 7.1462E-12 3.5114E-12 1.1110E-12 2.4494E-13 0.0000E+00 0.0000E+00 0.0000E+00 0.0000E+00 0.0000E+00 0.0000E+00 0.0000E+00 0.0000E+00 0.0000E+00 0.0000E+00 0.0000E+00 0.0000E+00 0.0000E+00 0.0000E+00 0.0000E+00 0.0000E+00
0.0000E+00 0.0000E+00 0.0000E+00 0.0000E+00 0.0000E+00 0.0000E+00 0.0000E+00 0.0000E+00 0.0000E+00 1.8449E-11 1.5093E-10 7.3725E-10 2.3010E-09 5.7993E-09 1.2598E-08 2.3614E-08 3.8180E-08 5.3593E-08 6.6121E-08 7.2715E-08 7.1889E-08 6.3509E-08 4.9344E-08 3.3114E-08 1.9078E-08 9.5188E-09 4.2003E-09 1.6973E-09 6.7513E-10 3.1183E-10 1.7753E-10 9.5691E-11 5.3265E-11 3.1409E-11 1.8066E-11 1.0213E-11 5.5002E-12 2.6473E-12 8.1215E-13 1.2491E-13 0.0000E+00 0.0000E+00 0.0000E+00 0.0000E+00 0.0000E+00 0.0000E+00 0.0000E+00 0.0000E+00 0.0000E+00 0.0000E+00 0.0000E+00 0.0000E+00 0.0000E+00 0.0000E+00 0.0000E+00 0.0000E+00 0.0000E+00
0.0000E+00 0.0000E+00 0.0000E+00 0.0000E+00 0.0000E+00 0.0000E+00 0.0000E+00 0.0000E+00 0.0000E+00 0.0000E+00 1.6835E-11 2.2816E-10 1.2325E-09 4.0208E-09 1.0244E-08 2.1424E-08 3.7196E-08 5.4393E-08 6.8309E-08 7.5370E-08 7.4030E-08 6.4309E-08 4.8296E-08 3.0562E-08 1.6168E-08 7.2013E-09 2.7624E-09 9.5357E-10 3.1848E-10 1.4932E-10 7.5929E-11 3.8976E-11 2.2137E-11 1.2697E-11 7.1236E-12 3.6415E-12 1.5872E-12 5.0143E-13 0.0000E+00 0.0000E+00 0.0000E+00 0.0000E+00 0.0000E+00 0.0000E+00 0.0000E+00 0.0000E+00 0.0000E+00 0.0000E+00 0.0000E+00 0.0000E+00 0.0000E+00 0.0000E+00 0.0000E+00 0.0000E+00 0.0000E+00 0.0000E+00 0.0000E+00
0.0000E+00 0.0000E+00 0.0000E+00 0.0000E+00 0.0000E+00 0.0000E+00 0.0000E+00 0.0000E+00 0.0000E+00 0.0000E+00 0.0000E+00 3.3395E-11 5.9851E-10 2.6225E-09 8.0556E-09 1.9068E-08 3.5913E-08 5.5115E-08 7.0967E-08 7.8903E-08 7.7039E-08 6.5632E-08 4.7257E-08 2.7877E-08 1.3284E-08 5.1509E-09 1.6394E-09 4.3243E-10 1.2781E-10 5.2190E-11 2.3764E-11 1.2957E-11 7.0655E-12 4.0533E-12 1.9630E-12 6.6241E-13 1.5496E-13 0.0000E+00 0.0000E+00 0.0000E+00 0.0000E+00 0.0000E+00 0.0000E+00 0.0000E+00 0.0000E+00 0.0000E+00 0.0000E+00 0.0000E+00 0.0000E+00 0.0000E+00 0.0000E+00 0.0000E+00 0.0000E+00 0.0000E+00 0.0000E+00 0.0000E+00 0.0000E+00
0.0000E+00 0.0000E+00 0.0000E+00 0.0000E+00 0.0000E+00 0.0000E+00 0.0000E+00 0.0000E+00 0.0000E+00 0.0000E+00 0.0000E+00 0.0000E+00 2.0217E-10 1.5365E-09 5.9658E-09 1.6580E-08 3.4598E-08 5.6194E-08 7.4223E-08 8.3033E-08 8.0971E-08 6.7742E-08 4.6163E-08 2.4640E-08 1.0113E-08 3.2040E-09 7.6486E-10 1.3393E-10 3.1220E-11 1.0522E-11 5.6220E-12 3.1491E-12 1.5690E-12 6.0280E-13 1.7375E-13 0.0000E+00 0.0000E+00 0.0000E+00 0.0000E+00 0.0000E+00 0.0000E+00 0.0000E+00 0.0000E+00 0.0000E+00 0.0000E+00 0.0000E+00 0.0000E+00 0.0000E+00 0.0000E+00 0.0000E+00 0.0000E+00 0.0000E+00 0.0000E+00 0.0000E+00 0.0000E+00 0.0000E+00 0.0000E+00
0.0000E+00 0.0000E+00 0.0000E+00 0.0000E+00 0.0000E+00 0.0000E+00 0.0000E+00 0.0000E+00 0.0000E+00 0.0000E+00 0.0000E+00 0.0000E+00 2.7126E-11 7.9729E-10 4.2425E-09 1.4226E-08 3.3539E-08 5.7924E-08 7.8047E-08 8.7892E-08 8.6066E-08 7.1145E-08 4.5699E-08 2.1405E-08 7.0980E-09 1.6652E-09 2.3126E-10 2.3298E-11 2.3778E-12 1.3311E-12 7.3403E-13 2.8438E-13 4.6290E-15 0.0000E+00 0.0000E+00 0.0000E+00 0.0000E+00 0.0000E+00 0.0000E+00 0.0000E+00 0.0000E+00 0.0000E+00 0.0000E+00 0.0000E+00 0.0000E+00 0.0000E+00 0.0000E+00 0.0000E+00 0.0000E+00 0.0000E+00 0.0000E+00 0.0000E+00 0.0000E+00 0.0000E+00 0.0000E+00 0.0000E+00 0.0000E+00
0.0000E+00 0.0000E+00 0.0000E+00 0.0000E+00 0.0000E+00 0.0000E+00 0.0000E+00 0.0000E+00 0.0000E+00 0.0000E+00 0.0000E+00 0.0000E+00 1.1629E-11 3.4326E-10 2.7985E-09 1.1614E-08 3.2116E-08 6.1146E-08 8.4658E-08 9.4824E-08 9.3340E-08 7.7083E-08 4.6128E-08 1.7774E-08 4.1742E-09 5.7133E-10 4.1186E-11 6.2089E-13 5.1121E-16 0.0000E+00 0.0000E+00 0.0000E+00 0.0000E+00 0.0000E+00 0.0000E+00 0.0000E+00 0.0000E+00 0.0000E+00 0.0000E+00 0.0000E+00 0.0000E+00 0.0000E+00 0.0000E+00 0.0000E+00 0.0000E+00 0.0000E+00 0.0000E+00 0.0000E+00 0.0000E+00 0.0000E+00 0.0000E+00 0.0000E+00 0.0000E+00 0.0000E+00 0.0000E+00 0.0000E+00 0.0000E+00
0.0000E+00 0.0000E+00 0.0000E+00 0.0000E+00 0.0000E+00 0.0000E+00 0.0000E+00 0.0000E+00 0.0000E+00 0.0000E+00 0.0000E+00 0.0000E+00 7.7487E-12 1.4740E-10 1.3032E-09 7.7591E-09 2.8286E-08 6.5327E-08 9.6300E-08 1.0449E-07 1.0225E-07 8.6686E-08 4.8797E-08 1.4343E-08 1.9406E-09 9.7287E-11 3.1861E-12 0.0000E+00 0.0000E+00 0.0000E+00 0.0000E+00 0.0000E+00 0.0000E+00 0.0000E+00 0.0000E+00 0.0000E+00 0.0000E+00 0.0000E+00 0.0000E+00 0.0000E+00 0.0000E+00 0.0000E+00 0.0000E+00 0.0000E+00 0.0000E+00 0.0000E+00 0.0000E+00 0.0000E+00 0.0000E+00 0.0000E+00 0.0000E+00 0.0000E+00 0.0000E+00 0.0000E+00 0.0000E+00 0.0000E+00 0.0000E+00
0.0000E+00 0.0000E+00 0.0000E+00 0.0000E+00 0.0000E+00 0.0000E+00 0.0000E+00 0.0000E+00 0.0000E+00 0.0000E+00 0.0000E+00 0.0000E+00 0.0000E+00 0.0000E+00 4.0077E-10 3.8928E-09 2.0121E-08 6.4378E-08 1.1657E-07 1.2475E-07 1.1488E-07 1.0072E-07 5.2432E-08 1.0234E-08 4.6531E-10 9.4310E-12 0.0000E+00 0.0000E+00 0.0000E+00 0.0000E+00 0.0000E+00 0.0000E+00 0.0000E+00 0.0000E+00 0.0000E+00 0.0000E+00 0.0000E+00 0.0000E+00 0.0000E+00 0.0000E+00 0.0000E+00 0.0000E+00 0.0000E+00 0.0000E+00 0.0000E+00 0.0000E+00 0.0000E+00 0.0000E+00 0.0000E+00 0.0000E+00 0.0000E+00 0.0000E+00 0.0000E+00 0.0000E+00 0.0000E+00 0.0000E+00 0.0000E+00
0.0000E+00 0.0000E+00 0.0000E+00 0.0000E+00 0.0000E+00 0.0000E+00 0.0000E+00 0.0000E+00 0.0000E+00 0.0000E+00 0.0000E+00 0.0000E+00 0.0000E+00 0.0000E+00 0.0000E+00 1.1215E-09 8.7277E-09 4.7803E-08 1.3898E-07 1.6892E-07 1.3160E-07 1.1990E-07 5.8398E-08 5.9590E-09 6.1564E-12 0.0000E+00 0.0000E+00 0.0000E+00 0.0000E+00 0.0000E+00 0.0000E+00 0.0000E+00 0.0000E+00 0.0000E+00 0.0000E+00 0.0000E+00 0.0000E+00 0.0000E+00 0.0000E+00 0.0000E+00 0.0000E+00 0.0000E+00 0.0000E+00 0.0000E+00 0.0000E+00 0.0000E+00 0.0000E+00 0.0000E+00 0.0000E+00 0.0000E+00 0.0000E+00 0.0000E+00 0.0000E+00 0.0000E+00 0.0000E+00 0.0000E+00 0.0000E+00
0.0000E+00 0.0000E+00 0.0000E+00 0.0000E+00 0.0000E+00 0.0000E+00 0.0000E+00 0.0000E+00 0.0000E+00 0.0000E+00 0.0000E+00 0.0000E+00 0.0000E+00 0.0000E+00 0.0000E+00 0.0000E+00 1.4464E-09 1.7801E-08 1.2137E-07 2.6413E-07 1.6525E-07 1.4405E-07 6.5284E-08 2.5399E-09 0.0000E+00 0.0000E+00 0.0000E+00 0.0000E+00 0.0000E+00 0.0000E+00 0.0000E+00 0.0000E+00 0.0000E+00 0.0000E+00 0.0000E+00 0.0000E+00 0.0000E+00 0.0000E+00 0.0000E+00 0.0000E+00 0.0000E+00 0.0000E+00 0.0000E+00 0.0000E+00 0.0000E+00 0.0000E+00 0.0000E+00 0.0000E+00 0.0000E+00 0.0000E+00 0.0000E+00 0.0000E+00 0.0000E+00 0.0000E+00 0.0000E+00 0.0000E+00 0.0000E+00
0.0000E+00 0.0000E+00 0.0000E+00 0.0000E+00 0.0000E+00 0.0000E+00 0.0000E+00 0.0000E+00 0.0000E+00 0.0000E+00 0.0000E+00 0.0000E+00 0.0000E+00 0.0000E+00 0.0000E+00 0.0000E+00 0.0000E+00 3.5494E-11 3.6789E-08 3.3523E-07 2.8828E-07 1.7026E-07 7.6529E-08 1.0197E-09 0.0000E+00 0.0000E+00 0.0000E+00 0.0000E+00 0.0000E+00 0.0000E+00 0.0000E+00 0.0000E+00 0.0000E+00 0.0000E+00 0.0000E+00 0.0000E+00 0.0000E+00 0.0000E+00 0.0000E+00 0.0000E+00 0.0000E+00 0.0000E+00 0.0000E+00 0.0000E+00 0.0000E+00 0.0000E+00 0.0000E+00 0.0000E+00 0.0000E+00 0.0000E+00 0.0000E+00 0.0000E+00 0.0000E+00 0.0000E+00 0.0000E+00 0.0000E+00 0.0000E+00
