Assets/Resources/2015_m01_d28_1900(utc+0800)_l00_csi_1hr_conc.grd
DSAA
         159         159
     -79.000      79.000
     -79.000      79.000
  0.0000E+00  0.4015E-05
[rows 0 to 24 of 159, columns 0 to 56 of 159]
9.8552E-10 1.1350E-09 1.3017E-09 1.4861E-09 1.6868E-09 1.9066E-09 2.1443E-09 2.3982E-09 2.6698E-09 2.9579E-09 3.2593E-09 3.5725E-09 3.8976E-09 4.2299E-09 4.5645E-09 4.9005E-09 5.2347E-09 5.5615E-09 5.8755E-09 6.1727E-09 6.4512E-09 6.7048E-09 6.9288E-09 7.1178E-09 7.2724E-09 7.3884E-09 7.4628E-09 7.4926E-09 7.4784E-09 7.4208E-09 7.3187E-09 7.1732E-09 6.9869E-09 6.7634E-09 6.5051E-09 6.2165E-09 5.9028E-09 5.5671E-09 5.2154E-09 4.8530E-09 4.4856E-09 4.1167E-09 3.7512E-09 3.3946E-09 3.0491E-09 2.7192E-09 2.4067E-09 2.1145E-09 1.8432E-09 1.5947E-09 1.3693E-09 1.1649E-09 9.8268E-10 8.2114E-10 6.7799E-10 5.5140E-10 4.4189E-10
1.0054E-09 1.1606E-09 1.3344E-09 1.5255E-09 1.7358E-09 1.9658E-09 2.2138E-09 2.4809E-09 2.7674E-09 3.0705E-09 3.3884E-09 3.7218E-09 4.0662E-09 4.4181E-09 4.7755E-09 5.1354E-09 5.4924E-09 5.8402E-09 6.1784E-09 6.5007E-09 6.8016E-09 7.0744E-09 7.3189E-09 7.5297E-09 7.7023E-09 7.8310E-09 7.9157E-09 7.9551E-09 7.9467E-09 7.8893E-09 7.7840E-09 7.6338E-09 7.4394E-09 7.2035E-09 6.9300E-09 6.6237E-09 6.2885E-09 5.9300E-09 5.5536E-09 5.1660E-09 4.7706E-09 4.3742E-09 3.9825E-09 3.5991E-09 3.2281E-09 2.8742E-09 2.5396E-09 2.2264E-09 1.9366E-09 1.6715E-09 1.4305E-09 1.2151E-09 1.0232E-09 8.5156E-10 7.0152E-10 5.6750E-10 4.4901E-10
1.0204E-09 1.1814E-09 1.3608E-09 1.5587E-09 1.7778E-09 2.0166E-09 2.2749E-09 2.5554E-09 2.8551E-09 3.1721E-09 3.5079E-09 3.8587E-09 4.2219E-09 4.5947E-09 4.9751E-09 5.3561E-09 5.7365E-09 6.1105E-09 6.4735E-09 6.8181E-09 7.1414E-09 7.4397E-09 7.7067E-09 7.9364E-09 8.1243E-09 8.2706E-09 8.3697E-09 8.4192E-09 8.4161E-09 8.3631E-09 8.2585E-09 8.1036E-09 7.9002E-09 7.6520E-09 7.3634E-09 7.0382E-09 6.6817E-09 6.3005E-09 5.8988E-09 5.4836E-09 5.0610E-09 4.6380E-09 4.2175E-09 3.8064E-09 3.4103E-09 3.0309E-09 2.6727E-09 2.3385E-09 2.0299E-09 1.7472E-09 1.4919E-09 1.2635E-09 1.0603E-09 8.8174E-10 7.2362E-10 5.8344E-10 4.5774E-10
1.0309E-09 1.1965E-09 1.3804E-09 1.5854E-09 1.8117E-09 2.0580E-09 2.3276E-09 2.6192E-09 2.9305E-09 3.2628E-09 3.6149E-09 3.9829E-09 4.3647E-09 4.7581E-09 5.1594E-09 5.5641E-09 5.9682E-09 6.3662E-09 6.7519E-09 7.1234E-09 7.4733E-09 7.7960E-09 8.0825E-09 8.3345E-09 8.5441E-09 8.7074E-09 8.8185E-09 8.8791E-09 8.8854E-09 8.8362E-09 8.7314E-09 8.5725E-09 8.3629E-09 8.1046E-09 7.8011E-09 7.4577E-09 7.0807E-09 6.6750E-09 6.2477E-09 5.8059E-09 5.3556E-09 4.9028E-09 4.4542E-09 4.0165E-09 3.5925E-09 3.1881E-09 2.8072E-09 2.4512E-09 2.1227E-09 1.8228E-09 1.5523E-09 1.3100E-09 1.0967E-09 9.0968E-10 7.4559E-10 6.0087E-10 4.6937E-10
1.0360E-09 1.2050E-09 1.3933E-09 1.6042E-09 1.8358E-09 2.0905E-09 2.3695E-09 2.6703E-09 2.9938E-09 3.3407E-09 3.7072E-09 4.0907E-09 4.4919E-09 4.9058E-09 5.3282E-09 5.7553E-09 6.1819E-09 6.6050E-09 7.0178E-09 7.4150E-09 7.7881E-09 8.1349E-09 8.4489E-09 8.7237E-09 8.9529E-09 9.1338E-09 9.2627E-09 9.3357E-09 9.3505E-09 9.3050E-09 9.2029E-09 9.0426E-09 8.8264E-09 8.5567E-09 8.2395E-09 7.8793E-09 7.4813E-09 7.0525E-09 6.6007E-09 6.1309E-09 5.6518E-09 5.1706E-09 4.6939E-09 4.2269E-09 3.7760E-09 3.3469E-09 2.9410E-09 2.5629E-09 2.2146E-09 1.8975E-09 1.6112E-09 1.3565E-09 1.1320E-09 9.3562E-10 7.6567E-10 6.1740E-10 4.7732E-10
1.0356E-09 1.2070E-09 1.3994E-09 1.6140E-09 1.8505E-09 2.1131E-09 2.3992E-09 2.7088E-09 3.0446E-09 3.4033E-09 3.7825E-09 4.1835E-09 4.6020E-09 5.0342E-09 5.4764E-09 5.9261E-09 6.3774E-09 6.8251E-09 7.2625E-09 7.6846E-09 8.0857E-09 8.4586E-09 8.7966E-09 9.0931E-09 9.3459E-09 9.5473E-09 9.6933E-09 9.7784E-09 9.8052E-09 9.7689E-09 9.6689E-09 9.5061E-09 9.2838E-09 9.0056E-09 8.6750E-09 8.2977E-09 7.8797E-09 7.4287E-09 6.9509E-09 6.4547E-09 5.9485E-09 5.4386E-09 4.9326E-09 4.4375E-09 3.9604E-09 3.5040E-09 3.0741E-09 2.6745E-09 2.3062E-09 1.9711E-09 1.6694E-09 1.4016E-09 1.1655E-09 9.6094E-10 7.8432E-10 6.2954E-10 4.8993E-10
1.0288E-09 1.2022E-09 1.3975E-09 1.6147E-09 1.8564E-09 2.1239E-09 2.4158E-09 2.7346E-09 3.0797E-09 3.4485E-09 3.8417E-09 4.2573E-09 4.6907E-09 5.1410E-09 5.6044E-09 6.0753E-09 6.5484E-09 7.0198E-09 7.4837E-09 7.9323E-09 8.3587E-09 8.7562E-09 9.1209E-09 9.4434E-09 9.7185E-09 9.9391E-09 1.0104E-08 1.0207E-08 1.0245E-08 1.0216E-08 1.0120E-08 9.9593E-09 9.7345E-09 9.4488E-09 9.1064E-09 8.7135E-09 8.2769E-09 7.8033E-09 7.3011E-09 6.7794E-09 6.2445E-09 5.7060E-09 5.1720E-09 4.6493E-09 4.1435E-09 3.6612E-09 3.2082E-09 2.7853E-09 2.3966E-09 2.0439E-09 1.7272E-09 1.4458E-09 1.1991E-09 9.8540E-10 8.0160E-10 6.4366E-10 5.0055E-10
1.0157E-09 1.1910E-09 1.3874E-09 1.6061E-09 1.8516E-09 2.1225E-09 2.4199E-09 2.7459E-09 3.0981E-09 3.4765E-09 3.8814E-09 4.3090E-09 4.7578E-09 5.2256E-09 5.7066E-09 6.1967E-09 6.6936E-09 7.1891E-09 7.6770E-09 8.1495E-09 8.6030E-09 9.0286E-09 9.4185E-09 9.7646E-09 1.0064E-08 1.0309E-08 1.0493E-08 1.0612E-08 1.0662E-08 1.0645E-08 1.0557E-08 1.0398E-08 1.0171E-08 9.8792E-09 9.5271E-09 9.1203E-09 8.6661E-09 8.1721E-09 7.6474E-09 7.0994E-09 6.5379E-09 5.9727E-09 5.4098E-09 4.8583E-09 4.3256E-09 3.8186E-09 3.3399E-09 2.8950E-09 2.4876E-09 2.1171E-09 1.7850E-09 1.4910E-09 1.2340E-09 1.0111E-09 8.2035E-10 6.5727E-10 5.1033E-10
9.9779E-10 1.1730E-09 1.3688E-09 1.5889E-09 1.8363E-09 2.1091E-09 2.4107E-09 2.7412E-09 3.0992E-09 3.4864E-09 3.9000E-09 4.3387E-09 4.8010E-09 5.2822E-09 5.7802E-09 6.2908E-09 6.8077E-09 7.3237E-09 7.8355E-09 8.3355E-09 8.8147E-09 9.2653E-09 9.6808E-09 1.0055E-08 1.0380E-08 1.0647E-08 1.0851E-08 1.0991E-08 1.1059E-08 1.1054E-08 1.0973E-08 1.0818E-08 1.0592E-08 1.0296E-08 9.9362E-09 9.5178E-09 9.0483E-09 8.5358E-09 7.9888E-09 7.4171E-09 6.8309E-09 6.2375E-09 5.6472E-09 5.0694E-09 4.5101E-09 3.9760E-09 3.4734E-09 3.0076E-09 2.5786E-09 2.1902E-09 1.8431E-09 1.5357E-09 1.2669E-09 1.0354E-09 8.3826E-10 6.6928E-10 5.2100E-10
9.7409E-10 1.1483E-09 1.3434E-09 1.5638E-09 1.8102E-09 2.0836E-09 2.3881E-09 2.7212E-09 3.0834E-09 3.4760E-09 3.8966E-09 4.3448E-09 4.8175E-09 5.3120E-09 5.8256E-09 6.3524E-09 6.8871E-09 7.4257E-09 7.9607E-09 8.4836E-09 8.9858E-09 9.4637E-09 9.9070E-09 1.0307E-08 1.0655E-08 1.0947E-08 1.1177E-08 1.1337E-08 1.1422E-08 1.1430E-08 1.1362E-08 1.1216E-08 1.0993E-08 1.0696E-08 1.0331E-08 9.9028E-09 9.4194E-09 8.8895E-09 8.3226E-09 7.7289E-09 7.1171E-09 6.4980E-09 5.8828E-09 5.2772E-09 4.6914E-09 4.1328E-09 3.6079E-09 3.1189E-09 2.6708E-09 2.2662E-09 1.9035E-09 1.5835E-09 1.3050E-09 1.0650E-09 8.5942E-10 6.8586E-10 5.2835E-10
9.4607E-10 1.1180E-09 1.3100E-09 1.5286E-09 1.7733E-09 2.0476E-09 2.3513E-09 2.6843E-09 3.0496E-09 3.4455E-09 3.8708E-09 4.3254E-09 4.8062E-09 5.3117E-09 5.8375E-09 6.3791E-09 6.9319E-09 7.4901E-09 8.0441E-09 8.5902E-09 9.1193E-09 9.6226E-09 1.0090E-08 1.0516E-08 1.0893E-08 1.1211E-08 1.1464E-08 1.1643E-08 1.1749E-08 1.1775E-08 1.1720E-08 1.1583E-08 1.1365E-08 1.1069E-08 1.0701E-08 1.0267E-08 9.7733E-09 9.2302E-09 8.6464E-09 8.0319E-09 7.3979E-09 6.7561E-09 6.1142E-09 5.4837E-09 4.8742E-09 4.2916E-09 3.7425E-09 3.2327E-09 2.7664E-09 2.3431E-09 1.9656E-09 1.6329E-09 1.3424E-09 1.0931E-09 8.8126E-10 7.0071E-10 5.4027E-10
9.1342E-10 1.0809E-09 1.2701E-09 1.4862E-09 1.7274E-09 1.9987E-09 2.3000E-09 2.6330E-09 2.9979E-09 3.3939E-09 3.8221E-09 4.2804E-09 4.7674E-09 5.2809E-09 5.8164E-09 6.3704E-09 6.9378E-09 7.5117E-09 8.0859E-09 8.6535E-09 9.2053E-09 9.7312E-09 1.0225E-08 1.0679E-08 1.1083E-08 1.1425E-08 1.1702E-08 1.1908E-08 1.2035E-08 1.2080E-08 1.2040E-08 1.1914E-08 1.1705E-08 1.1414E-08 1.1047E-08 1.0609E-08 1.0109E-08 9.5540E-09 8.9549E-09 8.3232E-09 7.6699E-09 7.0050E-09 6.3407E-09 5.6884E-09 5.0543E-09 4.4486E-09 3.8785E-09 3.3496E-09 2.8641E-09 2.4252E-09 2.0341E-09 1.6893E-09 1.3886E-09 1.1302E-09 9.1051E-10 7.2286E-10 5.5281E-10
8.7601E-10 1.0394E-09 1.2251E-09 1.4349E-09 1.6717E-09 1.9392E-09 2.2369E-09 2.5661E-09 2.9280E-09 3.3227E-09 3.7513E-09 4.2102E-09 4.7007E-09 5.2188E-09 5.7615E-09 6.3254E-09 6.9043E-09 7.4923E-09 8.0836E-09 8.6689E-09 9.2408E-09 9.7906E-09 1.0310E-08 1.0788E-08 1.1216E-08 1.1585E-08 1.1890E-08 1.2120E-08 1.2269E-08 1.2334E-08 1.2313E-08 1.2204E-08 1.2007E-08 1.1725E-08 1.1362E-08 1.0924E-08 1.0419E-08 9.8571E-09 9.2481E-09 8.6026E-09 7.9322E-09 7.2498E-09 6.5668E-09 5.8926E-09 5.2379E-09 4.6128E-09 4.0230E-09 3.4739E-09 2.9702E-09 2.5166E-09 2.1093E-09 1.7507E-09 1.4391E-09 1.1709E-09 9.4102E-10 7.4750E-10 5.7667E-10
8.3615E-10 9.9264E-10 1.1727E-09 1.3764E-09 1.6093E-09 1.8699E-09 2.1608E-09 2.4849E-09 2.8427E-09 3.2336E-09 3.6576E-09 4.1156E-09 4.6063E-09 5.1260E-09 5.6729E-09 6.2428E-09 6.8298E-09 7.4292E-09 8.0341E-09 8.6356E-09 9.2259E-09 9.7976E-09 1.0338E-08 1.0839E-08 1.1293E-08 1.1690E-08 1.2019E-08 1.2273E-08 1.2448E-08 1.2537E-08 1.2536E-08 1.2445E-08 1.2264E-08 1.1994E-08 1.1639E-08 1.1206E-08 1.0703E-08 1.0139E-08 9.5225E-09 8.8671E-09 8.1844E-09 7.4866E-09 6.7854E-09 6.0934E-09 5.4222E-09 4.7775E-09 4.1686E-09 3.6026E-09 3.0844E-09 2.6129E-09 2.1920E-09 1.8230E-09 1.4993E-09 1.2194E-09 9.8130E-10 7.8025E-10 6.0016E-10
7.9189E-10 9.4215E-10 1.1170E-09 1.3131E-09 1.5377E-09 1.7908E-09 2.0755E-09 2.3922E-09 2.7417E-09 3.1257E-09 3.5443E-09 3.9990E-09 4.4854E-09 5.0036E-09 5.5513E-09 6.1233E-09 6.7154E-09 7.3227E-09 7.9367E-09 8.5510E-09 9.1578E-09 9.7467E-09 1.0307E-08 1.0832E-08 1.1311E-08 1.1731E-08 1.2086E-08 1.2367E-08 1.2569E-08 1.2682E-08 1.2706E-08 1.2637E-08 1.2473E-08 1.2219E-08 1.1880E-08 1.1457E-08 1.0958E-08 1.0396E-08 9.7781E-09 9.1178E-09 8.4269E-09 7.7186E-09 7.0050E-09 6.3003E-09 5.6113E-09 4.9499E-09 4.3271E-09 3.7445E-09 3.2077E-09 2.7231E-09 2.2890E-09 1.9038E-09 1.5682E-09 1.2779E-09 1.0288E-09 8.1960E-10 6.3731E-10
7.4681E-10 8.9013E-10 1.0564E-09 1.2439E-09 1.4615E-09 1.7058E-09 1.9804E-09 2.2871E-09 2.6277E-09 3.0036E-09 3.4137E-09 3.8597E-09 4.3399E-09 4.8542E-09 5.3986E-09 5.9693E-09 6.5637E-09 7.1739E-09 7.7946E-09 8.4191E-09 9.0377E-09 9.6401E-09 1.0219E-08 1.0764E-08 1.1263E-08 1.1709E-08 1.2090E-08 1.2399E-08 1.2626E-08 1.2769E-08 1.2819E-08 1.2773E-08 1.2636E-08 1.2403E-08 1.2079E-08 1.1668E-08 1.1181E-08 1.0625E-08 1.0010E-08 9.3504E-09 8.6558E-09 7.9417E-09 7.2195E-09 6.5015E-09 5.8015E-09 5.1281E-09 4.4874E-09 3.8910E-09 3.3407E-09 2.8401E-09 2.3917E-09 1.9949E-09 1.6460E-09 1.3421E-09 1.0851E-09 8.6476E-10 6.7204E-10
6.9887E-10 8.3454E-10 9.9321E-10 1.1727E-09 1.3797E-09 1.6128E-09 1.8785E-09 2.1751E-09 2.5050E-09 2.8685E-09 3.2692E-09 3.7049E-09 4.1768E-09 4.6825E-09 5.2195E-09 5.7861E-09 6.3772E-09 6.9869E-09 7.6111E-09 8.2406E-09 8.8667E-09 9.4815E-09 1.0076E-08 1.0638E-08 1.1158E-08 1.1626E-08 1.2032E-08 1.2369E-08 1.2626E-08 1.2796E-08 1.2875E-08 1.2860E-08 1.2747E-08 1.2537E-08 1.2236E-08 1.1846E-08 1.1375E-08 1.0831E-08 1.0226E-08 9.5710E-09 8.8796E-09 8.1634E-09 7.4384E-09 6.7142E-09 6.0047E-09 5.3197E-09 4.6684E-09 4.0583E-09 3.4938E-09 2.9798E-09 2.5164E-09 2.1057E-09 1.7425E-09 1.4262E-09 1.1553E-09 9.2415E-10 7.2398E-10
6.5127E-10 7.8083E-10 9.3028E-10 1.0991E-09 1.2965E-09 1.5197E-09 1.7733E-09 2.0565E-09 2.3737E-09 2.7247E-09 3.1131E-09 3.5365E-09 3.9965E-09 4.4907E-09 5.0184E-09 5.5768E-09 6.1607E-09 6.7668E-09 7.3894E-09 8.0195E-09 8.6500E-09 9.2739E-09 9.8791E-09 1.0456E-08 1.0994E-08 1.1485E-08 1.1917E-08 1.2279E-08 1.2564E-08 1.2766E-08 1.2876E-08 1.2891E-08 1.2807E-08 1.2627E-08 1.2352E-08 1.1985E-08 1.1535E-08 1.1009E-08 1.0417E-08 9.7726E-09 9.0882E-09 8.3758E-09 7.6506E-09 6.9245E-09 6.2091E-09 5.5158E-09 4.8552E-09 4.2341E-09 3.6561E-09 3.1285E-09 2.6526E-09 2.2243E-09 1.8468E-09 1.5186E-09 1.2326E-09 9.8786E-10 7.7676E-10
6.0546E-10 7.2574E-10 8.6650E-10 1.0264E-09 1.2139E-09 1.4245E-09 1.6656E-09 1.9357E-09 2.2395E-09 2.5760E-09 2.9481E-09 3.3568E-09 3.8018E-09 4.2822E-09 4.7979E-09 5.3439E-09 5.9180E-09 6.5172E-09 7.1336E-09 7.7611E-09 8.3938E-09 9.0216E-09 9.6340E-09 1.0224E-08 1.0779E-08 1.1289E-08 1.1743E-08 1.2131E-08 1.2446E-08 1.2678E-08 1.2820E-08 1.2865E-08 1.2816E-08 1.2668E-08 1.2423E-08 1.2085E-08 1.1661E-08 1.1159E-08 1.0589E-08 9.9626E-09 9.2910E-09 8.5890E-09 7.8693E-09 7.1438E-09 6.4267E-09 5.7326E-09 5.0631E-09 4.4309E-09 3.8461E-09 3.3033E-09 2.8094E-09 2.3693E-09 1.9756E-09 1.6298E-09 1.3313E-09 1.0699E-09 8.4375E-10
5.5377E-10 6.7178E-10 8.0441E-10 9.5378E-10 1.1291E-09 1.3278E-09 1.5572E-09 1.8129E-09 2.1007E-09 2.4220E-09 2.7777E-09 3.1699E-09 3.5976E-09 4.0609E-09 4.5606E-09 5.0915E-09 5.6536E-09 6.2411E-09 6.8481E-09 7.4703E-09 8.1001E-09 8.7281E-09 9.3458E-09 9.9448E-09 1.0513E-08 1.1040E-08 1.1514E-08 1.1928E-08 1.2271E-08 1.2531E-08 1.2705E-08 1.2788E-08 1.2774E-08 1.2659E-08 1.2449E-08 1.2145E-08 1.1754E-08 1.1282E-08 1.0739E-08 1.0134E-08 9.4813E-09 8.7928E-09 8.0823E-09 7.3660E-09 6.6522E-09 5.9523E-09 5.2807E-09 4.6430E-09 4.0429E-09 3.4899E-09 2.9841E-09 2.5233E-09 2.1137E-09 1.7533E-09 1.4355E-09 1.1572E-09 9.1958E-10
5.0328E-10 6.1327E-10 7.4140E-10 8.8093E-10 1.0455E-09 1.2321E-09 1.4465E-09 1.6876E-09 1.9599E-09 2.2647E-09 2.6028E-09 2.9767E-09 3.3853E-09 3.8304E-09 4.3108E-09 4.8238E-09 5.3695E-09 5.9424E-09 6.5370E-09 7.1511E-09 7.7739E-09 8.3984E-09 9.0182E-09 9.6224E-09 1.0199E-08 1.0739E-08 1.1234E-08 1.1671E-08 1.2036E-08 1.2329E-08 1.2538E-08 1.2655E-08 1.2676E-08 1.2601E-08 1.2433E-08 1.2167E-08 1.1813E-08 1.1375E-08 1.0864E-08 1.0289E-08 9.6620E-09 8.9979E-09 8.3066E-09 7.6006E-09 6.8960E-09 6.2021E-09 5.5276E-09 4.8834E-09 4.2769E-09 3.7103E-09 3.1861E-09 2.7112E-09 2.2844E-09 1.9030E-09 1.5663E-09 1.2710E-09 1.0158E-09
4.5508E-10 5.5447E-10 6.7554E-10 8.0891E-10 9.6150E-10 1.1355E-09 1.3362E-09 1.5623E-09 1.8182E-09 2.1050E-09 2.4248E-09 2.7790E-09 3.1677E-09 3.5930E-09 4.0521E-09 4.5461E-09 5.0726E-09 5.6263E-09 6.2063E-09 6.8069E-09 7.4185E-09 8.0376E-09 8.6553E-09 9.2590E-09 9.8415E-09 1.0395E-08 1.0904E-08 1.1358E-08 1.1752E-08 1.2075E-08 1.2314E-08 1.2467E-08 1.2531E-08 1.2499E-08 1.2370E-08 1.2148E-08 1.1835E-08 1.1438E-08 1.0965E-08 1.0428E-08 9.8329E-09 9.1931E-09 8.5237E-09 7.8372E-09 7.1437E-09 6.4560E-09 5.7851E-09 5.1380E-09 4.5218E-09 3.9430E-09 3.4043E-09 2.9121E-09 2.4654E-09 2.0630E-09 1.7057E-09 1.3905E-09 1.1187E-09
4.0835E-10 5.0087E-10 6.1141E-10 7.3227E-10 8.7620E-10 1.0404E-09 1.2265E-09 1.4364E-09 1.6765E-09 1.9447E-09 2.2455E-09 2.5793E-09 2.9474E-09 3.3502E-09 3.7873E-09 4.2605E-09 4.7643E-09 5.2981E-09 5.8601E-09 6.4424E-09 7.0405E-09 7.6496E-09 8.2586E-09 8.8603E-09 9.4466E-09 1.0005E-08 1.0525E-08 1.1000E-08 1.1418E-08 1.1765E-08 1.2039E-08 1.2231E-08 1.2335E-08 1.2346E-08 1.2264E-08 1.2088E-08 1.1822E-08 1.1473E-08 1.1044E-08 1.0545E-08 9.9869E-09 9.3846E-09 8.7447E-09 8.0814E-09 7.4084E-09 6.7325E-09 6.0661E-09 5.4203E-09 4.7973E-09 4.2075E-09 3.6565E-09 3.1449E-09 2.6766E-09 2.2547E-09 1.8728E-09 1.5370E-09 1.2482E-09
3.6564E-10 4.4782E-10 5.4945E-10 6.6431E-10 7.9537E-10 9.4641E-10 1.1183E-09 1.3129E-09 1.5348E-09 1.7843E-09 2.0662E-09 2.3786E-09 2.7242E-09 3.1038E-09 3.5180E-09 3.9667E-09 4.4465E-09 4.9593E-09 5.4987E-09 6.0605E-09 6.6428E-09 7.2374E-09 7.8350E-09 8.4313E-09 9.0154E-09 9.5772E-09 1.0108E-08 1.0598E-08 1.1034E-08 1.1410E-08 1.1717E-08 1.1945E-08 1.2091E-08 1.2147E-08 1.2113E-08 1.1988E-08 1.1774E-08 1.1473E-08 1.1093E-08 1.0644E-08 1.0133E-08 9.5696E-09 8.9669E-09 8.3334E-09 7.6807E-09 7.0238E-09 6.3661E-09 5.7194E-09 5.0938E-09 4.4956E-09 3.9286E-09 3.4007E-09 2.9119E-09 2.4626E-09 2.0590E-09 1.7039E-09 1.3893E-09
3.2328E-10 3.9685E-10 4.8743E-10 5.9058E-10 7.1531E-10 8.5461E-10 1.0126E-09 1.1911E-09 1.3958E-09 1.6268E-09 1.8872E-09 2.1775E-09 2.5004E-09 2.8558E-09 3.2446E-09 3.6677E-09 4.1227E-09 4.6100E-09 5.1244E-09 5.6649E-09 6.2271E-09 6.8022E-09 7.3866E-09 7.9741E-09 8.5523E-09 9.1139E-09 9.6515E-09 1.0153E-08 1.0608E-08 1.1010E-08 1.1347E-08 1.1613E-08 1.1799E-08 1.1902E-08 1.1919E-08 1.1847E-08 1.1687E-08 1.1442E-08 1.1121E-08 1.0725E-08 1.0265E-08 9.7482E-09 9.1867E-09 8.5905E-09 7.9692E-09 7.3313E-09 6.6878E-09 6.0495E-09 5.4221E-09 4.8145E-09 4.2377E-09 3.6893E-09 3.1765E-09 2.7064E-09 2.2804E-09 1.8966E-09 1.5563E-09
