Assets/Resources/2015_m01_d02_2100(utc+0800)_l00_csi_1hr_conc.grd
DSAA
         159         159
     -79.000      79.000
     -79.000      79.000
  0.0000E+00  0.1011E-04
[rows 0 to 24 of 159, columns 0 to 56 of 159]
1.2889E-10 1.4534E-10 1.6321E-10 1.8088E-10 2.0197E-10 2.2298E-10 2.4760E-10 2.7228E-10 3.0193E-10 3.3075E-10 3.6159E-10 3.9654E-10 4.3310E-10 4.7066E-10 5.1044E-10 5.5370E-10 5.9807E-10 6.4468E-10 6.9349E-10 7.4448E-10 7.9758E-10 8.5272E-10 9.0979E-10 9.6870E-10 1.0293E-09 1.0915E-09 1.1614E-09 1.2266E-09 1.2983E-09 1.3700E-09 1.4380E-09 1.5102E-09 1.5786E-09 1.6467E-09 1.7142E-09 1.7808E-09 1.8461E-09 1.9098E-09 1.9717E-09 2.0331E-09 2.0903E-09 2.1447E-09 2.1960E-09 2.2439E-09 2.2882E-09 2.3285E-09 2.3647E-09 2.3966E-09 2.4239E-09 2.4466E-09 2.4628E-09 2.4758E-09 2.4838E-09 2.4868E-09 2.4849E-09 2.4779E-09 2.4660E-09
1.3461E-10 1.4977E-10 1.6830E-10 1.8840E-10 2.0843E-10 2.3202E-10 2.5569E-10 2.8431E-10 3.1211E-10 3.4193E-10 3.7710E-10 4.1152E-10 4.4816E-10 4.8707E-10 5.2957E-10 5.7323E-10 6.1921E-10 6.6751E-10 7.1811E-10 7.7095E-10 8.2598E-10 8.8312E-10 9.4228E-10 1.0033E-09 1.0661E-09 1.1375E-09 1.2096E-09 1.2775E-09 1.3514E-09 1.4257E-09 1.4965E-09 1.5676E-09 1.6386E-09 1.7109E-09 1.7810E-09 1.8501E-09 1.9179E-09 1.9840E-09 2.0482E-09 2.1100E-09 2.1692E-09 2.2255E-09 2.2785E-09 2.3280E-09 2.3737E-09 2.4152E-09 2.4525E-09 2.4852E-09 2.5132E-09 2.5363E-09 2.5544E-09 2.5674E-09 2.5752E-09 2.5778E-09 2.5752E-09 2.5675E-09 2.5528E-09
1.3847E-10 1.5601E-10 1.7327E-10 1.9410E-10 2.1661E-10 2.3922E-10 2.6672E-10 2.9342E-10 3.2214E-10 3.5624E-10 3.8959E-10 4.2518E-10 4.6309E-10 5.0467E-10 5.4744E-10 5.9261E-10 6.4020E-10 6.9019E-10 7.4256E-10 7.9725E-10 8.5421E-10 9.1335E-10 9.7458E-10 1.0447E-09 1.1102E-09 1.1837E-09 1.2528E-09 1.3288E-09 1.4053E-09 1.4799E-09 1.5534E-09 1.6271E-09 1.7008E-09 1.7742E-09 1.8468E-09 1.9184E-09 1.9886E-09 2.0571E-09 2.1235E-09 2.1892E-09 2.2505E-09 2.3087E-09 2.3634E-09 2.4145E-09 2.4616E-09 2.5043E-09 2.5426E-09 2.5761E-09 2.6047E-09 2.6283E-09 2.6466E-09 2.6595E-09 2.6671E-09 2.6693E-09 2.6643E-09 2.6558E-09 2.6419E-09
1.4406E-10 1.6034E-10 1.8007E-10 1.9965E-10 2.2296E-10 2.4743E-10 2.7483E-10 3.0237E-10 3.3529E-10 3.6746E-10 4.0190E-10 4.3989E-10 4.7918E-10 5.2091E-10 5.6511E-10 6.1180E-10 6.6098E-10 7.1265E-10 7.6677E-10 8.2331E-10 8.8218E-10 9.4332E-10 1.0140E-09 1.0799E-09 1.1544E-09 1.2244E-09 1.3038E-09 1.3825E-09 1.4573E-09 1.5329E-09 1.6091E-09 1.6855E-09 1.7618E-09 1.8395E-09 1.9147E-09 1.9889E-09 2.0616E-09 2.1325E-09 2.2013E-09 2.2675E-09 2.3308E-09 2.3908E-09 2.4473E-09 2.5000E-09 2.5484E-09 2.5924E-09 2.6316E-09 2.6660E-09 2.6952E-09 2.7191E-09 2.7376E-09 2.7505E-09 2.7578E-09 2.7596E-09 2.7556E-09 2.7461E-09 2.7311E-09
1.4780E-10 1.6641E-10 1.8490E-10 2.0701E-10 2.2912E-10 2.5645E-10 2.8275E-10 3.1440E-10 3.4531E-10 3.7849E-10 4.1525E-10 4.5332E-10 4.9386E-10 5.3692E-10 5.8253E-10 6.3072E-10 6.8149E-10 7.3482E-10 7.9068E-10 8.4904E-10 9.0982E-10 9.8072E-10 1.0467E-09 1.1237E-09 1.1944E-09 1.2736E-09 1.3541E-09 1.4304E-09 1.5079E-09 1.5862E-09 1.6668E-09 1.7459E-09 1.8251E-09 1.9037E-09 1.9816E-09 2.0583E-09 2.1335E-09 2.2068E-09 2.2778E-09 2.3479E-09 2.4133E-09 2.4753E-09 2.5336E-09 2.5878E-09 2.6376E-09 2.6828E-09 2.7231E-09 2.7582E-09 2.7880E-09 2.8122E-09 2.8308E-09 2.8437E-09 2.8507E-09 2.8519E-09 2.8472E-09 2.8367E-09 2.8205E-09
1.5140E-10 1.7059E-10 1.9148E-10 2.1238E-10 2.3839E-10 2.6341E-10 2.9371E-10 3.2329E-10 3.5512E-10 3.9054E-10 4.2727E-10 4.6649E-10 5.0827E-10 5.5264E-10 5.9965E-10 6.4932E-10 7.0164E-10 7.5662E-10 8.1421E-10 8.7437E-10 9.4522E-10 1.0126E-09 1.0886E-09 1.1596E-09 1.2400E-09 1.3220E-09 1.3995E-09 1.4802E-09 1.5604E-09 1.6415E-09 1.7232E-09 1.8051E-09 1.8869E-09 1.9683E-09 2.0505E-09 2.1299E-09 2.2076E-09 2.2834E-09 2.3568E-09 2.4273E-09 2.4948E-09 2.5586E-09 2.6186E-09 2.6744E-09 2.7256E-09 2.7719E-09 2.8132E-09 2.8491E-09 2.8811E-09 2.9057E-09 2.9226E-09 2.9354E-09 2.9420E-09 2.9427E-09 2.9372E-09 2.9258E-09 2.9084E-09
1.5678E-10 1.7459E-10 1.9612E-10 2.2076E-10 2.4446E-10 2.7335E-10 3.0153E-10 3.3194E-10 3.6594E-10 4.0123E-10 4.3901E-10 4.7937E-10 5.2236E-10 5.6803E-10 6.1641E-10 6.6753E-10 7.2139E-10 7.7798E-10 8.3727E-10 9.0941E-10 9.7483E-10 1.0510E-09 1.1220E-09 1.2032E-09 1.2863E-09 1.3665E-09 1.4468E-09 1.5286E-09 1.6116E-09 1.6954E-09 1.7798E-09 1.8662E-09 1.9509E-09 2.0350E-09 2.1183E-09 2.2002E-09 2.2805E-09 2.3587E-09 2.4343E-09 2.5089E-09 2.5784E-09 2.6442E-09 2.7060E-09 2.7633E-09 2.8159E-09 2.8634E-09 2.9056E-09 2.9423E-09 2.9731E-09 2.9980E-09 3.0167E-09 3.0293E-09 3.0356E-09 3.0355E-09 3.0292E-09 3.0167E-09 2.9981E-09
1.6018E-10 1.8040E-10 2.0179E-10 2.2602E-10 2.5224E-10 2.8018E-10 3.0911E-10 3.4160E-10 3.7536E-10 4.1162E-10 4.5044E-10 4.9191E-10 5.3608E-10 5.8302E-10 6.3275E-10 6.8530E-10 7.4066E-10 8.0045E-10 8.7046E-10 9.3512E-10 1.0112E-09 1.0819E-09 1.1724E-09 1.2493E-09 1.3285E-09 1.4097E-09 1.4926E-09 1.5771E-09 1.6645E-09 1.7512E-09 1.8385E-09 1.9261E-09 2.0135E-09 2.1003E-09 2.1862E-09 2.2726E-09 2.3555E-09 2.4362E-09 2.5142E-09 2.5893E-09 2.6608E-09 2.7285E-09 2.7920E-09 2.8509E-09 2.9048E-09 2.9553E-09 2.9985E-09 3.0358E-09 3.0671E-09 3.0923E-09 3.1111E-09 3.1234E-09 3.1292E-09 3.1285E-09 3.1213E-09 3.1077E-09 3.0859E-09
1.6530E-10 1.8536E-10 2.0816E-10 2.3104E-10 2.5935E-10 2.8676E-10 3.1768E-10 3.4985E-10 3.8448E-10 4.2167E-10 4.6150E-10 5.0406E-10 5.4939E-10 5.9756E-10 6.4861E-10 7.0255E-10 7.6111E-10 8.3019E-10 8.9384E-10 9.6946E-10 1.0412E-09 1.1309E-09 1.2079E-09 1.2873E-09 1.3690E-09 1.4528E-09 1.5402E-09 1.6275E-09 1.7161E-09 1.8056E-09 1.8957E-09 1.9861E-09 2.0780E-09 2.1677E-09 2.2565E-09 2.3438E-09 2.4292E-09 2.5123E-09 2.5927E-09 2.6717E-09 2.7454E-09 2.8151E-09 2.8804E-09 2.9408E-09 2.9961E-09 3.0460E-09 3.0900E-09 3.1281E-09 3.1598E-09 3.1852E-09 3.2039E-09 3.2160E-09 3.2213E-09 3.2199E-09 3.2118E-09 3.1969E-09 3.1756E-09
1.6845E-10 1.9098E-10 2.1243E-10 2.3916E-10 2.6502E-10 2.9431E-10 3.2483E-10 3.5778E-10 3.9326E-10 4.3136E-10 4.7217E-10 5.1578E-10 5.6224E-10 6.1161E-10 6.6557E-10 7.2104E-10 7.8894E-10 8.5131E-10 9.2620E-10 9.9716E-10 1.0873E-09 1.1639E-09 1.2432E-09 1.3251E-09 1.4112E-09 1.4978E-09 1.5862E-09 1.6763E-09 1.7677E-09 1.8618E-09 1.9549E-09 2.0482E-09 2.1413E-09 2.2337E-09 2.3252E-09 2.4169E-09 2.5050E-09 2.5907E-09 2.6735E-09 2.7530E-09 2.8288E-09 2.9004E-09 2.9674E-09 3.0293E-09 3.0860E-09 3.1387E-09 3.1837E-09 3.2224E-09 3.2546E-09 3.2802E-09 3.2989E-09 3.3107E-09 3.3155E-09 3.3132E-09 3.3041E-09 3.2880E-09 3.2652E-09
1.7266E-10 1.9456E-10 2.1969E-10 2.4398E-10 2.7041E-10 3.0046E-10 3.3167E-10 3.6537E-10 4.0166E-10 4.4064E-10 4.8240E-10 5.2702E-10 5.7457E-10 6.2682E-10 6.8057E-10 7.4701E-10 8.0788E-10 8.8342E-10 9.6078E-10 1.0418E-09 1.1177E-09 1.1967E-09 1.2802E-09 1.3648E-09 1.4518E-09 1.5411E-09 1.6323E-09 1.7269E-09 1.8213E-09 1.9166E-09 2.0125E-09 2.1087E-09 2.2063E-09 2.3018E-09 2.3961E-09 2.4888E-09 2.5795E-09 2.6677E-09 2.7529E-09 2.8346E-09 2.9143E-09 2.9879E-09 3.0566E-09 3.1202E-09 3.1782E-09 3.2303E-09 3.2761E-09 3.3154E-09 3.3480E-09 3.3737E-09 3.3923E-09 3.4037E-09 3.4079E-09 3.4048E-09 3.3946E-09 3.3773E-09 3.3529E-09
1.7751E-10 1.9913E-10 2.2375E-10 2.4853E-10 2.7685E-10 3.0629E-10 3.3816E-10 3.7258E-10 4.0965E-10 4.4948E-10 4.9215E-10 5.3934E-10 5.8813E-10 6.3999E-10 7.0473E-10 7.6388E-10 8.3818E-10 9.1450E-10 9.9476E-10 1.0698E-09 1.1497E-09 1.2312E-09 1.3156E-09 1.4027E-09 1.4923E-09 1.5861E-09 1.6802E-09 1.7760E-09 1.8732E-09 1.9714E-09 2.0721E-09 2.1712E-09 2.2702E-09 2.3684E-09 2.4655E-09 2.5610E-09 2.6561E-09 2.7469E-09 2.8346E-09 2.9187E-09 2.9987E-09 3.0741E-09 3.1446E-09 3.2097E-09 3.2689E-09 3.3239E-09 3.3707E-09 3.4107E-09 3.4436E-09 3.4694E-09 3.4879E-09 3.4989E-09 3.5025E-09 3.4985E-09 3.4871E-09 3.4684E-09 3.4425E-09
1.8025E-10 2.0440E-10 2.2755E-10 2.5411E-10 2.8177E-10 3.1179E-10 3.4429E-10 3.7939E-10 4.1721E-10 4.5784E-10 5.0302E-10 5.4976E-10 5.9958E-10 6.5255E-10 7.2082E-10 7.9240E-10 8.6740E-10 9.4664E-10 1.0221E-09 1.0995E-09 1.1801E-09 1.2639E-09 1.3508E-09 1.4422E-09 1.5347E-09 1.6295E-09 1.7265E-09 1.8251E-09 1.9270E-09 2.0283E-09 2.1302E-09 2.2323E-09 2.3341E-09 2.4370E-09 2.5371E-09 2.6354E-09 2.7315E-09 2.8248E-09 2.9149E-09 3.0012E-09 3.0852E-09 3.1626E-09 3.2349E-09 3.3016E-09 3.3622E-09 3.4164E-09 3.4640E-09 3.5045E-09 3.5378E-09 3.5637E-09 3.5819E-09 3.5925E-09 3.5953E-09 3.5904E-09 3.5778E-09 3.5577E-09 3.5301E-09
1.8600E-10 2.0752E-10 2.3234E-10 2.5821E-10 2.8636E-10 3.1692E-10 3.5002E-10 3.8578E-10 4.2430E-10 4.6737E-10 5.1195E-10 5.5961E-10 6.1042E-10 6.6618E-10 7.4529E-10 8.1930E-10 8.9774E-10 9.7177E-10 1.0478E-09 1.1273E-09 1.2103E-09 1.2982E-09 1.3877E-09 1.4802E-09 1.5753E-09 1.6729E-09 1.7745E-09 1.8762E-09 1.9793E-09 2.0836E-09 2.1884E-09 2.2953E-09 2.4003E-09 2.5044E-09 2.6073E-09 2.7084E-09 2.8071E-09 2.9049E-09 2.9975E-09 3.0863E-09 3.1706E-09 3.2499E-09 3.3239E-09 3.3921E-09 3.4540E-09 3.5093E-09 3.5596E-09 3.6007E-09 3.6343E-09 3.6602E-09 3.6782E-09 3.6883E-09 3.6904E-09 3.6845E-09 3.6706E-09 3.6490E-09 3.6197E-09
1.8852E-10 2.1038E-10 2.3570E-10 2.6198E-10 2.9060E-10 3.2168E-10 3.5534E-10 3.9170E-10 4.3260E-10 4.7493E-10 5.2032E-10 5.6885E-10 6.2239E-10 6.9833E-10 7.7024E-10 8.4716E-10 9.2021E-10 9.9516E-10 1.0733E-09 1.1550E-09 1.2421E-09 1.3309E-09 1.4229E-09 1.5180E-09 1.6176E-09 1.7182E-09 1.8209E-09 1.9256E-09 2.0317E-09 2.1407E-09 2.2488E-09 2.3570E-09 2.4649E-09 2.5720E-09 2.6796E-09 2.7836E-09 2.8852E-09 2.9838E-09 3.0789E-09 3.1700E-09 3.2564E-09 3.3396E-09 3.4154E-09 3.4851E-09 3.5484E-09 3.6048E-09 3.6540E-09 3.6956E-09 3.7295E-09 3.7553E-09 3.7731E-09 3.7826E-09 3.7838E-09 3.7768E-09 3.7617E-09 3.7384E-09 3.7073E-09
1.9079E-10 2.1431E-10 2.3875E-10 2.6543E-10 2.9448E-10 3.2603E-10 3.6021E-10 3.9887E-10 4.3890E-10 4.8195E-10 5.2972E-10 5.8873E-10 6.4275E-10 7.2161E-10 7.9814E-10 8.6731E-10 9.4055E-10 1.0178E-09 1.1002E-09 1.1843E-09 1.2721E-09 1.3633E-09 1.4596E-09 1.5575E-09 1.6583E-09 1.7617E-09 1.8674E-09 1.9768E-09 2.0861E-09 2.1965E-09 2.3076E-09 2.4189E-09 2.5316E-09 2.6419E-09 2.7507E-09 2.8576E-09 2.9620E-09 3.0632E-09 3.1626E-09 3.2561E-09 3.3448E-09 3.4282E-09 3.5058E-09 3.5770E-09 3.6416E-09 3.6990E-09 3.7489E-09 3.7910E-09 3.8251E-09 3.8528E-09 3.8703E-09 3.8792E-09 3.8796E-09 3.8715E-09 3.8549E-09 3.8300E-09 3.7971E-09
1.9409E-10 2.1672E-10 2.4149E-10 2.6853E-10 2.9797E-10 3.2996E-10 3.6635E-10 4.0405E-10 4.4469E-10 4.9003E-10 5.4645E-10 5.9799E-10 6.6362E-10 7.4800E-10 8.1469E-10 8.8559E-10 9.6055E-10 1.0415E-09 1.1249E-09 1.2118E-09 1.3019E-09 1.3974E-09 1.4948E-09 1.5954E-09 1.6989E-09 1.8069E-09 1.9157E-09 2.0265E-09 2.1389E-09 2.2524E-09 2.3684E-09 2.4829E-09 2.5971E-09 2.7104E-09 2.8222E-09 2.9320E-09 3.0411E-09 3.1451E-09 3.2454E-09 3.3412E-09 3.4321E-09 3.5174E-09 3.5967E-09 3.6695E-09 3.7372E-09 3.7957E-09 3.8465E-09 3.8891E-09 3.9234E-09 3.9492E-09 3.9662E-09 3.9745E-09 3.9739E-09 3.9646E-09 3.9465E-09 3.9199E-09 3.8850E-09
1.9595E-10 2.1884E-10 2.4390E-10 2.7126E-10 3.0107E-10 3.3518E-10 3.7052E-10 4.0873E-10 4.5158E-10 5.0527E-10 5.5424E-10 6.1723E-10 6.9875E-10 7.6286E-10 8.3105E-10 9.0351E-10 9.8217E-10 1.0634E-09 1.1489E-09 1.2386E-09 1.3334E-09 1.4298E-09 1.5298E-09 1.6331E-09 1.7413E-09 1.8507E-09 1.9625E-09 2.0763E-09 2.1935E-09 2.3104E-09 2.4279E-09 2.5456E-09 2.6629E-09 2.7811E-09 2.8961E-09 3.0089E-09 3.1191E-09 3.2258E-09 3.3286E-09 3.4268E-09 3.5199E-09 3.6092E-09 3.6904E-09 3.7648E-09 3.8320E-09 3.8915E-09 3.9430E-09 3.9861E-09 4.0205E-09 4.0461E-09 4.0627E-09 4.0702E-09 4.0687E-09 4.0618E-09 4.0422E-09 4.0139E-09 3.9770E-09
1.9753E-10 2.2065E-10 2.4597E-10 2.7363E-10 3.0546E-10 3.3844E-10 3.7421E-10 4.1453E-10 4.6541E-10 5.1173E-10 5.7191E-10 6.5029E-10 7.1178E-10 7.7739E-10 8.4886E-10 9.2312E-10 1.0019E-09 1.0851E-09 1.1743E-09 1.2664E-09 1.3627E-09 1.4621E-09 1.5664E-09 1.6727E-09 1.7821E-09 1.8944E-09 2.0092E-09 2.1280E-09 2.2468E-09 2.3669E-09 2.4876E-09 2.6085E-09 2.7309E-09 2.8506E-09 2.9687E-09 3.0846E-09 3.1976E-09 3.3071E-09 3.4144E-09 3.5152E-09 3.6107E-09 3.7002E-09 3.7831E-09 3.8591E-09 3.9275E-09 3.9880E-09 4.0402E-09 4.0874E-09 4.1221E-09 4.1477E-09 4.1640E-09 4.1709E-09 4.1683E-09 4.1564E-09 4.1353E-09 4.1051E-09 4.0661E-09
1.9883E-10 2.2215E-10 2.4770E-10 2.7727E-10 3.0793E-10 3.4127E-10 3.7904E-10 4.2704E-10 4.7066E-10 5.2791E-10 6.0333E-10 6.6177E-10 7.2448E-10 7.9326E-10 8.6490E-10 9.4092E-10 1.0213E-09 1.1082E-09 1.1981E-09 1.2923E-09 1.3910E-09 1.4956E-09 1.6014E-09 1.7105E-09 1.8228E-09 1.9399E-09 2.0580E-09 2.1783E-09 2.3003E-09 2.4235E-09 2.5495E-09 2.6738E-09 2.7977E-09 2.9206E-09 3.0419E-09 3.1608E-09 3.2787E-09 3.3912E-09 3.4994E-09 3.6027E-09 3.7004E-09 3.7919E-09 3.8767E-09 3.9578E-09 4.0277E-09 4.0895E-09 4.1425E-09 4.1867E-09 4.2215E-09 4.2469E-09 4.2627E-09 4.2687E-09 4.2651E-09 4.2518E-09 4.2289E-09 4.2006E-09 4.1595E-09
1.9984E-10 2.2333E-10 2.5070E-10 2.7907E-10 3.1000E-10 3.4363E-10 3.9031E-10 4.3121E-10 4.8542E-10 5.5779E-10 6.1339E-10 6.7307E-10 7.3867E-10 8.0734E-10 8.8061E-10 9.5839E-10 1.0425E-09 1.1296E-09 1.2216E-09 1.3181E-09 1.4209E-09 1.5265E-09 1.6360E-09 1.7482E-09 1.8654E-09 1.9839E-09 2.1051E-09 2.2286E-09 2.3558E-09 2.4825E-09 2.6100E-09 2.7377E-09 2.8649E-09 2.9911E-09 3.1175E-09 3.2397E-09 3.3588E-09 3.4742E-09 3.5851E-09 3.6909E-09 3.7909E-09 3.8883E-09 3.9752E-09 4.0545E-09 4.1258E-09 4.1886E-09 4.2424E-09 4.2869E-09 4.3219E-09 4.3509E-09 4.3663E-09 4.3717E-09 4.3670E-09 4.3524E-09 4.3279E-09 4.2938E-09 4.2504E-09
2.0055E-10 2.2418E-10 2.5190E-10 2.8047E-10 3.1164E-10 3.5534E-10 3.9352E-10 4.5417E-10 5.1374E-10 5.6642E-10 6.2315E-10 6.8578E-10 7.5127E-10 8.2120E-10 8.9597E-10 9.7737E-10 1.0618E-09 1.1510E-09 1.2465E-09 1.3455E-09 1.4491E-09 1.5571E-09 1.6712E-09 1.7876E-09 1.9063E-09 2.0279E-09 2.1523E-09 2.2810E-09 2.4098E-09 2.5400E-09 2.6709E-09 2.8019E-09 2.9345E-09 3.0642E-09 3.1920E-09 3.3174E-09 3.4396E-09 3.5579E-09 3.6752E-09 3.7838E-09 3.8865E-09 3.9826E-09 4.0714E-09 4.1524E-09 4.2250E-09 4.2926E-09 4.3474E-09 4.3925E-09 4.4278E-09 4.4529E-09 4.4678E-09 4.4723E-09 4.4664E-09 4.4503E-09 4.4241E-09 4.3879E-09 4.3421E-09
2.0097E-10 2.2646E-10 2.5275E-10 2.8149E-10 3.2222E-10 3.5771E-10 4.1493E-10 4.7136E-10 5.2106E-10 5.7475E-10 6.3429E-10 6.9669E-10 7.6356E-10 8.3500E-10 9.1296E-10 9.9441E-10 1.0808E-09 1.1738E-09 1.2701E-09 1.3711E-09 1.4771E-09 1.5896E-09 1.7048E-09 1.8241E-09 1.9470E-09 2.0738E-09 2.2016E-09 2.3319E-09 2.4641E-09 2.5976E-09 2.7339E-09 2.8686E-09 3.0029E-09 3.1359E-09 3.2672E-09 3.3958E-09 3.5248E-09 3.6464E-09 3.7632E-09 3.8745E-09 3.9797E-09 4.0780E-09 4.1724E-09 4.2554E-09 4.3297E-09 4.3948E-09 4.4504E-09 4.4960E-09 4.5314E-09 4.5563E-09 4.5706E-09 4.5782E-09 4.5713E-09 4.5538E-09 4.5258E-09 4.4877E-09 4.4396E-09
2.0278E-10 2.2685E-10 2.5324E-10 2.9102E-10 3.3170E-10 3.7759E-10 4.3081E-10 4.7749E-10 5.2808E-10 5.8444E-10 6.4365E-10 7.0730E-10 7.7554E-10 8.5033E-10 9.2833E-10 1.0112E-09 1.1012E-09 1.1948E-09 1.2933E-09 1.3968E-09 1.5068E-09 1.6203E-09 1.7382E-09 1.8604E-09 1.9884E-09 2.1180E-09 2.2492E-09 2.3829E-09 2.5185E-09 2.6575E-09 2.7956E-09 2.9339E-09 3.0717E-09 3.2083E-09 3.3465E-09 3.4788E-09 3.6077E-09 3.7324E-09 3.8522E-09 3.9663E-09 4.0777E-09 4.1786E-09 4.2717E-09 4.3564E-09 4.4322E-09 4.4984E-09 4.5548E-09 4.6049E-09 4.6406E-09 4.6656E-09 4.6795E-09 4.6824E-09 4.6743E-09 4.6552E-09 4.6254E-09 4.5850E-09 4.5344E-09
2.0278E-10 2.2691E-10 2.6179E-10 2.9948E-10 3.4226E-10 3.9221E-10 4.3586E-10 4.8333E-10 5.3481E-10 5.9237E-10 6.5270E-10 7.1760E-10 7.8904E-10 8.6374E-10 9.4340E-10 1.0299E-09 1.1199E-09 1.2155E-09 1.3163E-09 1.4241E-09 1.5351E-09 1.6508E-09 1.7716E-09 1.8987E-09 2.0280E-09 2.1609E-09 2.2968E-09 2.4358E-09 2.5751E-09 2.7160E-09 2.8577E-09 2.9996E-09 3.1409E-09 3.2849E-09 3.4235E-09 3.5592E-09 3.6915E-09 3.8193E-09 3.9459E-09 4.0632E-09 4.1738E-09 4.2771E-09 4.3723E-09 4.4588E-09 4.5399E-09 4.6077E-09 4.6653E-09 4.7122E-09 4.7481E-09 4.7729E-09 4.7863E-09 4.7883E-09 4.7789E-09 4.7582E-09 4.7306E-09 4.6882E-09 4.6352E-09
