Assets/Resources/2015_m01_d17_2200(utc+0800)_l00_csi_1hr_conc.grd
DSAA
         159         159
     -79.000      79.000
     -79.000      79.000
  0.0000E+00  0.3125E-04
[rows 50 to 74 of 159, columns 57 to 113 of 159]
1.1062E-08 1.1040E-08 1.1017E-08 1.0998E-08 1.0982E-08 1.0974E-08 1.0976E-08 1.0978E-08 1.0980E-08 1.0983E-08 1.0990E-08 1.1005E-08 1.1023E-08 1.1033E-08 1.1037E-08 1.1037E-08 1.1034E-08 1.1034E-08 1.1040E-08 1.1042E-08 1.1036E-08 1.1014E-08 1.0978E-08 1.0928E-08 1.0860E-08 1.0785E-08 1.0688E-08 1.0570E-08 1.0431E-08 1.0272E-08 1.0081E-08 9.8676E-09 9.6394E-09 9.3889E-09 9.1045E-09 8.7976E-09 8.4705E-09 8.1262E-09 7.7694E-09 7.3993E-09 7.0238E-09 6.6626E-09 6.3236E-09 6.0979E-09 6.0507E-09 6.3658E-09 7.1037E-09 7.9975E-09 8.2350E-09 8.5476E-09 8.0726E-09 6.9648E-09 5.7423E-09 4.4555E-09 3.5832E-09 2.8283E-09 2.1686E-09
1.1194E-08 1.1182E-08 1.1169E-08 1.1161E-08 1.1158E-08 1.1167E-08 1.1181E-08 1.1192E-08 1.1207E-08 1.1225E-08 1.1252E-08 1.1286E-08 1.1313E-08 1.1336E-08 1.1355E-08 1.1371E-08 1.1392E-08 1.1422E-08 1.1451E-08 1.1471E-08 1.1481E-08 1.1484E-08 1.1473E-08 1.1450E-08 1.1420E-08 1.1370E-08 1.1297E-08 1.1199E-08 1.1080E-08 1.0943E-08 1.0769E-08 1.0568E-08 1.0340E-08 1.0083E-08 9.7989E-09 9.4885E-09 9.1543E-09 8.8005E-09 8.4327E-09 8.0567E-09 7.6808E-09 7.3167E-09 7.0010E-09 6.8346E-09 7.2383E-09 8.1869E-09 8.8428E-09 9.6966E-09 1.0358E-08 1.0071E-08 9.2564E-09 7.7927E-09 6.2867E-09 4.9460E-09 3.8585E-09 3.1713E-09 2.3678E-09
1.1314E-08 1.1309E-08 1.1308E-08 1.1312E-08 1.1325E-08 1.1349E-08 1.1371E-08 1.1396E-08 1.1424E-08 1.1461E-08 1.1509E-08 1.1553E-08 1.1594E-08 1.1633E-08 1.1668E-08 1.1707E-08 1.1759E-08 1.1813E-08 1.1859E-08 1.1899E-08 1.1937E-08 1.1967E-08 1.1991E-08 1.2010E-08 1.2011E-08 1.1989E-08 1.1949E-08 1.1878E-08 1.1777E-08 1.1650E-08 1.1495E-08 1.1310E-08 1.1094E-08 1.0846E-08 1.0565E-08 1.0255E-08 9.9168E-09 9.5567E-09 9.1814E-09 8.7994E-09 8.4206E-09 8.0665E-09 7.8830E-09 8.5113E-09 9.0441E-09 1.0048E-08 1.1417E-08 1.2524E-08 1.2859E-08 1.2272E-08 1.0827E-08 8.6343E-09 6.8202E-09 5.5186E-09 4.2091E-09 3.4561E-09 2.7225E-09
1.1417E-08 1.1423E-08 1.1433E-08 1.1450E-08 1.1482E-08 1.1515E-08 1.1549E-08 1.1587E-08 1.1632E-08 1.1692E-08 1.1752E-08 1.1809E-08 1.1866E-08 1.1921E-08 1.1977E-08 1.2049E-08 1.2128E-08 1.2196E-08 1.2263E-08 1.2332E-08 1.2400E-08 1.2469E-08 1.2539E-08 1.2597E-08 1.2637E-08 1.2647E-08 1.2626E-08 1.2581E-08 1.2510E-08 1.2410E-08 1.2280E-08 1.2117E-08 1.1918E-08 1.1682E-08 1.1410E-08 1.1103E-08 1.0775E-08 1.0434E-08 1.0059E-08 9.6793E-09 9.3110E-09 9.0640E-09 9.0857E-09 9.8595E-09 1.1393E-08 1.2817E-08 1.4476E-08 1.5621E-08 1.5158E-08 1.3520E-08 1.1765E-08 9.5446E-09 7.4529E-09 6.0420E-09 4.7699E-09 3.7253E-09 3.0777E-09
1.1503E-08 1.1521E-08 1.1543E-08 1.1577E-08 1.1622E-08 1.1664E-08 1.1712E-08 1.1764E-08 1.1831E-08 1.1907E-08 1.1979E-08 1.2052E-08 1.2126E-08 1.2199E-08 1.2286E-08 1.2390E-08 1.2480E-08 1.2572E-08 1.2668E-08 1.2767E-08 1.2876E-08 1.2999E-08 1.3115E-08 1.3212E-08 1.3277E-08 1.3318E-08 1.3335E-08 1.3326E-08 1.3291E-08 1.3226E-08 1.3127E-08 1.2991E-08 1.2815E-08 1.2616E-08 1.2371E-08 1.2079E-08 1.1753E-08 1.1402E-08 1.1037E-08 1.0691E-08 1.0358E-08 1.0265E-08 1.1347E-08 1.2508E-08 1.4280E-08 1.6567E-08 1.8458E-08 1.8403E-08 1.7602E-08 1.5598E-08 1.2790E-08 1.0427E-08 8.3013E-09 6.5689E-09 5.3311E-09 4.1238E-09 3.3665E-09
1.1572E-08 1.1602E-08 1.1638E-08 1.1689E-08 1.1742E-08 1.1797E-08 1.1858E-08 1.1928E-08 1.2017E-08 1.2102E-08 1.2190E-08 1.2280E-08 1.2371E-08 1.2471E-08 1.2594E-08 1.2710E-08 1.2821E-08 1.2941E-08 1.3068E-08 1.3207E-08 1.3375E-08 1.3545E-08 1.3698E-08 1.3826E-08 1.3933E-08 1.4017E-08 1.4078E-08 1.4114E-08 1.4122E-08 1.4098E-08 1.4037E-08 1.3958E-08 1.3824E-08 1.3655E-08 1.3442E-08 1.3175E-08 1.2872E-08 1.2542E-08 1.2200E-08 1.1872E-08 1.1810E-08 1.2065E-08 1.3450E-08 1.5895E-08 1.9078E-08 2.0859E-08 2.2218E-08 2.1704E-08 1.9519E-08 1.6944E-08 1.3908E-08 1.1341E-08 9.1518E-09 7.2144E-09 5.8490E-09 4.6143E-09 3.6447E-09
1.1623E-08 1.1664E-08 1.1717E-08 1.1781E-08 1.1843E-08 1.1912E-08 1.1987E-08 1.2078E-08 1.2180E-08 1.2279E-08 1.2384E-08 1.2490E-08 1.2601E-08 1.2739E-08 1.2881E-08 1.3012E-08 1.3151E-08 1.3301E-08 1.3465E-08 1.3664E-08 1.3883E-08 1.4089E-08 1.4278E-08 1.4453E-08 1.4609E-08 1.4743E-08 1.4855E-08 1.4942E-08 1.5000E-08 1.5039E-08 1.5046E-08 1.5024E-08 1.4935E-08 1.4800E-08 1.4641E-08 1.4410E-08 1.4143E-08 1.3852E-08 1.3554E-08 1.3321E-08 1.3454E-08 1.5185E-08 1.8363E-08 2.0914E-08 2.3974E-08 2.6206E-08 2.5978E-08 2.4838E-08 2.2134E-08 1.8351E-08 1.5073E-08 1.2358E-08 1.0035E-08 7.9591E-09 6.3778E-09 5.1247E-09 3.9803E-09
1.1654E-08 1.1708E-08 1.1777E-08 1.1850E-08 1.1925E-08 1.2006E-08 1.2098E-08 1.2210E-08 1.2321E-08 1.2436E-08 1.2557E-08 1.2681E-08 1.2822E-08 1.2989E-08 1.3142E-08 1.3299E-08 1.3467E-08 1.3650E-08 1.3871E-08 1.4126E-08 1.4377E-08 1.4623E-08 1.4863E-08 1.5090E-08 1.5299E-08 1.5491E-08 1.5662E-08 1.5809E-08 1.5950E-08 1.6069E-08 1.6141E-08 1.6190E-08 1.6162E-08 1.6079E-08 1.5947E-08 1.5811E-08 1.5597E-08 1.5362E-08 1.5135E-08 1.5265E-08 1.6313E-08 1.9032E-08 2.3004E-08 2.7305E-08 2.9315E-08 3.1404E-08 3.1258E-08 2.8568E-08 2.3910E-08 1.9825E-08 1.6330E-08 1.3376E-08 1.0940E-08 8.7795E-09 6.9351E-09 5.6178E-09 4.3847E-09
1.1665E-08 1.1733E-08 1.1816E-08 1.1897E-08 1.1985E-08 1.2079E-08 1.2191E-08 1.2316E-08 1.2440E-08 1.2571E-08 1.2707E-08 1.2851E-08 1.3031E-08 1.3208E-08 1.3382E-08 1.3566E-08 1.3765E-08 1.3995E-08 1.4279E-08 1.4566E-08 1.4857E-08 1.5152E-08 1.5447E-08 1.5731E-08 1.6001E-08 1.6257E-08 1.6498E-08 1.6745E-08 1.6973E-08 1.7180E-08 1.7330E-08 1.7468E-08 1.7522E-08 1.7521E-08 1.7466E-08 1.7365E-08 1.7230E-08 1.7084E-08 1.7073E-08 1.7601E-08 2.0254E-08 2.4902E-08 2.8722E-08 3.3114E-08 3.6349E-08 3.6365E-08 3.4278E-08 3.0709E-08 2.5735E-08 2.1362E-08 1.7644E-08 1.4487E-08 1.1822E-08 9.6030E-09 7.5943E-09 6.0780E-09 4.7940E-09
1.1654E-08 1.1737E-08 1.1830E-08 1.1922E-08 1.2021E-08 1.2130E-08 1.2261E-08 1.2395E-08 1.2534E-08 1.2680E-08 1.2833E-08 1.3007E-08 1.3210E-08 1.3400E-08 1.3599E-08 1.3812E-08 1.4047E-08 1.4343E-08 1.4662E-08 1.4983E-08 1.5323E-08 1.5673E-08 1.6025E-08 1.6370E-08 1.6708E-08 1.7039E-08 1.7390E-08 1.7734E-08 1.8062E-08 1.8374E-08 1.8624E-08 1.8829E-08 1.8981E-08 1.9079E-08 1.9126E-08 1.9126E-08 1.9099E-08 1.9106E-08 1.9610E-08 2.2804E-08 2.6076E-08 3.1024E-08 3.7028E-08 4.1426E-08 4.3497E-08 4.2661E-08 3.8882E-08 3.2948E-08 2.7618E-08 2.2972E-08 1.8964E-08 1.5618E-08 1.2772E-08 1.0376E-08 8.2552E-09 6.5430E-09 5.1985E-09
1.1621E-08 1.1719E-08 1.1820E-08 1.1923E-08 1.2034E-08 1.2160E-08 1.2305E-08 1.2449E-08 1.2602E-08 1.2763E-08 1.2932E-08 1.3142E-08 1.3354E-08 1.3565E-08 1.3790E-08 1.4032E-08 1.4320E-08 1.4666E-08 1.5011E-08 1.5379E-08 1.5770E-08 1.6176E-08 1.6590E-08 1.7001E-08 1.7414E-08 1.7859E-08 1.8319E-08 1.8781E-08 1.9211E-08 1.9611E-08 1.9980E-08 2.0306E-08 2.0584E-08 2.0808E-08 2.0985E-08 2.1124E-08 2.1290E-08 2.1943E-08 2.3092E-08 2.6841E-08 3.3019E-08 3.9849E-08 4.6357E-08 5.0355E-08 5.0204E-08 4.6238E-08 4.1558E-08 3.5195E-08 2.9543E-08 2.4594E-08 2.0351E-08 1.6720E-08 1.3709E-08 1.1157E-08 8.8979E-09 6.9993E-09 5.5517E-09
1.1566E-08 1.1677E-08 1.1785E-08 1.1900E-08 1.2022E-08 1.2165E-08 1.2319E-08 1.2476E-08 1.2642E-08 1.2818E-08 1.3012E-08 1.3245E-08 1.3466E-08 1.3700E-08 1.3951E-08 1.4228E-08 1.4580E-08 1.4947E-08 1.5333E-08 1.5750E-08 1.6191E-08 1.6654E-08 1.7132E-08 1.7615E-08 1.8137E-08 1.8710E-08 1.9289E-08 1.9838E-08 2.0385E-08 2.0920E-08 2.1431E-08 2.1904E-08 2.2338E-08 2.2727E-08 2.3122E-08 2.3473E-08 2.3905E-08 2.5025E-08 2.9419E-08 3.4620E-08 4.1827E-08 5.0954E-08 5.6786E-08 5.7282E-08 5.6263E-08 5.1608E-08 4.4267E-08 3.7513E-08 3.1523E-08 2.6237E-08 2.1716E-08 1.7868E-08 1.4626E-08 1.1903E-08 9.4976E-09 7.4309E-09 5.8481E-09
1.1489E-08 1.1609E-08 1.1726E-08 1.1851E-08 1.1985E-08 1.2144E-08 1.2306E-08 1.2475E-08 1.2654E-08 1.2842E-08 1.3065E-08 1.3308E-08 1.3547E-08 1.3803E-08 1.4080E-08 1.4409E-08 1.4801E-08 1.5193E-08 1.5622E-08 1.6086E-08 1.6580E-08 1.7102E-08 1.7645E-08 1.8223E-08 1.8884E-08 1.9566E-08 2.0230E-08 2.0911E-08 2.1604E-08 2.2297E-08 2.2976E-08 2.3632E-08 2.4256E-08 2.4933E-08 2.5594E-08 2.6224E-08 2.7494E-08 2.9759E-08 3.5208E-08 4.3641E-08 5.4073E-08 6.0288E-08 6.5444E-08 6.5606E-08 6.1055E-08 5.4765E-08 4.6957E-08 3.9823E-08 3.3449E-08 2.7902E-08 2.3082E-08 1.8962E-08 1.5491E-08 1.2569E-08 1.0016E-08 7.8127E-09 6.0880E-09
1.1389E-08 1.1516E-08 1.1642E-08 1.1777E-08 1.1923E-08 1.2095E-08 1.2265E-08 1.2445E-08 1.2635E-08 1.2837E-08 1.3086E-08 1.3337E-08 1.3594E-08 1.3872E-08 1.4177E-08 1.4562E-08 1.4971E-08 1.5401E-08 1.5873E-08 1.6381E-08 1.6926E-08 1.7508E-08 1.8125E-08 1.8838E-08 1.9610E-08 2.0373E-08 2.1170E-08 2.2001E-08 2.2860E-08 2.3735E-08 2.4612E-08 2.5486E-08 2.6494E-08 2.7441E-08 2.8443E-08 2.9546E-08 3.1529E-08 3.7423E-08 4.6958E-08 5.5787E-08 6.5723E-08 7.2783E-08 7.3781E-08 7.2288E-08 6.6702E-08 5.7879E-08 4.9623E-08 4.2143E-08 3.5395E-08 2.9481E-08 2.4400E-08 2.0024E-08 1.6284E-08 1.3144E-08 1.0449E-08 8.1353E-09 6.2719E-09
1.1264E-08 1.1398E-08 1.1533E-08 1.1676E-08 1.1836E-08 1.2015E-08 1.2194E-08 1.2384E-08 1.2585E-08 1.2807E-08 1.3074E-08 1.3330E-08 1.3605E-08 1.3904E-08 1.4249E-08 1.4674E-08 1.5100E-08 1.5566E-08 1.6077E-08 1.6631E-08 1.7225E-08 1.7865E-08 1.8585E-08 1.9426E-08 2.0268E-08 2.1154E-08 2.2097E-08 2.3094E-08 2.4139E-08 2.5222E-08 2.6334E-08 2.7568E-08 2.8985E-08 3.0309E-08 3.1799E-08 3.4026E-08 3.9114E-08 4.7903E-08 5.8232E-08 7.0496E-08 7.7675E-08 8.5051E-08 8.5477E-08 8.0070E-08 7.0328E-08 6.0977E-08 5.2277E-08 4.4345E-08 3.7305E-08 3.1058E-08 2.5632E-08 2.0969E-08 1.7002E-08 1.3633E-08 1.0771E-08 8.3734E-09 6.4225E-09
1.1116E-08 1.1256E-08 1.1399E-08 1.1549E-08 1.1721E-08 1.1907E-08 1.2094E-08 1.2293E-08 1.2502E-08 1.2744E-08 1.3019E-08 1.3288E-08 1.3580E-08 1.3898E-08 1.4286E-08 1.4729E-08 1.5184E-08 1.5684E-08 1.6230E-08 1.6824E-08 1.7467E-08 1.8173E-08 1.9026E-08 1.9932E-08 2.0877E-08 2.1896E-08 2.2995E-08 2.4172E-08 2.5422E-08 2.6739E-08 2.8227E-08 3.0001E-08 3.1818E-08 3.3658E-08 3.5891E-08 3.9353E-08 4.7541E-08 5.9464E-08 7.0812E-08 8.3249E-08 9.2505E-08 9.5094E-08 9.0918E-08 8.4325E-08 7.3973E-08 6.4099E-08 5.4924E-08 4.6595E-08 3.9122E-08 3.2575E-08 2.6777E-08 2.1772E-08 1.7560E-08 1.4004E-08 1.1003E-08 8.5429E-09 6.5597E-09
1.0944E-08 1.1090E-08 1.1240E-08 1.1398E-08 1.1579E-08 1.1770E-08 1.1965E-08 1.2171E-08 1.2388E-08 1.2647E-08 1.2927E-08 1.3209E-08 1.3516E-08 1.3853E-08 1.4282E-08 1.4737E-08 1.5217E-08 1.5746E-08 1.6326E-08 1.6957E-08 1.7645E-08 1.8442E-08 1.9393E-08 2.0363E-08 2.1422E-08 2.2579E-08 2.3842E-08 2.5211E-08 2.6685E-08 2.8265E-08 3.0231E-08 3.2641E-08 3.4938E-08 3.7491E-08 4.1223E-08 5.0064E-08 5.9830E-08 7.3036E-08 8.8205E-08 9.9347E-08 1.0541E-07 1.0589E-07 9.9825E-08 8.8659E-08 7.7701E-08 6.7329E-08 5.7703E-08 4.8929E-08 4.0979E-08 3.3926E-08 2.7754E-08 2.2441E-08 1.7943E-08 1.4232E-08 1.1171E-08 8.6610E-09 6.6933E-09
1.0750E-08 1.0900E-08 1.1056E-08 1.1221E-08 1.1411E-08 1.1606E-08 1.1807E-08 1.2018E-08 1.2242E-08 1.2516E-08 1.2800E-08 1.3093E-08 1.3413E-08 1.3776E-08 1.4233E-08 1.4695E-08 1.5199E-08 1.5751E-08 1.6358E-08 1.7024E-08 1.7754E-08 1.8656E-08 1.9655E-08 2.0716E-08 2.1888E-08 2.3184E-08 2.4615E-08 2.6185E-08 2.7896E-08 2.9758E-08 3.2530E-08 3.5386E-08 3.8475E-08 4.2806E-08 4.8410E-08 5.8869E-08 7.3979E-08 9.1797E-08 1.0597E-07 1.1633E-07 1.1856E-07 1.1310E-07 1.0526E-07 9.3463E-08 8.1893E-08 7.0886E-08 6.0659E-08 5.1254E-08 4.2718E-08 3.5082E-08 2.8501E-08 2.2884E-08 1.8176E-08 1.4339E-08 1.1293E-08 8.7892E-09 6.7839E-09
1.0534E-08 1.0689E-08 1.0850E-08 1.1019E-08 1.1216E-08 1.1415E-08 1.1620E-08 1.1836E-08 1.2064E-08 1.2351E-08 1.2637E-08 1.2939E-08 1.3270E-08 1.3657E-08 1.4128E-08 1.4602E-08 1.5123E-08 1.5695E-08 1.6324E-08 1.7017E-08 1.7805E-08 1.8793E-08 1.9827E-08 2.0975E-08 2.2256E-08 2.3689E-08 2.5287E-08 2.7060E-08 2.9021E-08 3.1495E-08 3.4507E-08 3.8205E-08 4.2448E-08 4.8548E-08 6.0400E-08 7.4650E-08 9.3288E-08 1.1247E-07 1.2578E-07 1.2996E-07 1.3060E-07 1.2397E-07 1.1153E-07 9.8978E-08 8.6767E-08 7.5012E-08 6.3826E-08 5.3440E-08 4.4199E-08 3.6040E-08 2.8953E-08 2.3107E-08 1.8327E-08 1.4498E-08 1.1430E-08 8.9024E-09 6.8255E-09
1.0297E-08 1.0456E-08 1.0621E-08 1.0794E-08 1.0996E-08 1.1197E-08 1.1405E-08 1.1624E-08 1.1855E-08 1.2151E-08 1.2440E-08 1.2749E-08 1.3087E-08 1.3494E-08 1.3970E-08 1.4455E-08 1.4987E-08 1.5574E-08 1.6221E-08 1.6936E-08 1.7784E-08 1.8816E-08 1.9900E-08 2.1127E-08 2.2510E-08 2.4071E-08 2.5829E-08 2.7800E-08 3.0075E-08 3.2776E-08 3.6442E-08 4.1140E-08 4.8158E-08 5.7803E-08 7.2497E-08 9.2962E-08 1.1771E-07 1.3121E-07 1.4407E-07 1.4795E-07 1.4299E-07 1.3297E-07 1.1963E-07 1.0598E-07 9.2492E-08 7.9463E-08 6.7018E-08 5.5584E-08 4.5455E-08 3.6765E-08 2.9381E-08 2.3354E-08 1.8556E-08 1.4668E-08 1.1494E-08 8.9383E-09 6.8455E-09
1.0040E-08 1.0202E-08 1.0371E-08 1.0547E-08 1.0752E-08 1.0954E-08 1.1164E-08 1.1384E-08 1.1617E-08 1.1918E-08 1.2208E-08 1.2521E-08 1.2865E-08 1.3286E-08 1.3763E-08 1.4255E-08 1.4793E-08 1.5387E-08 1.6045E-08 1.6776E-08 1.7678E-08 1.8731E-08 1.9866E-08 2.1160E-08 2.2631E-08 2.4312E-08 2.6311E-08 2.8551E-08 3.1141E-08 3.5041E-08 3.9529E-08 4.5659E-08 5.5285E-08 7.1473E-08 9.3876E-08 1.1639E-07 1.3977E-07 1.5745E-07 1.6465E-07 1.6561E-07 1.5859E-07 1.4481E-07 1.3006E-07 1.1487E-07 9.9381E-08 8.4255E-08 7.0295E-08 5.7789E-08 4.6797E-08 3.7503E-08 2.9883E-08 2.3641E-08 1.8681E-08 1.4705E-08 1.1434E-08 8.8870E-09 6.7911E-09
9.7660E-09 9.9310E-09 1.0101E-08 1.0279E-08 1.0485E-08 1.0687E-08 1.0897E-08 1.1117E-08 1.1350E-08 1.1654E-08 1.1944E-08 1.2259E-08 1.2604E-08 1.3033E-08 1.3508E-08 1.3999E-08 1.4539E-08 1.5136E-08 1.5797E-08 1.6536E-08 1.7481E-08 1.8545E-08 1.9717E-08 2.1062E-08 2.2626E-08 2.4529E-08 2.7909E-08 3.5390E-08 4.0465E-08 4.5897E-08 4.9629E-08 5.3774E-08 7.1039E-08 9.1778E-08 1.1854E-07 1.4787E-07 1.7053E-07 1.8799E-07 1.9456E-07 1.9025E-07 1.7698E-07 1.6128E-07 1.4388E-07 1.2550E-07 1.0736E-07 9.0097E-08 7.4171E-08 6.0211E-08 4.8172E-08 3.8143E-08 3.0191E-08 2.3760E-08 1.8642E-08 1.4610E-08 1.1306E-08 8.7559E-09 6.6730E-09
9.4753E-09 9.6424E-09 9.8139E-09 9.9918E-09 1.0196E-08 1.0398E-08 1.0606E-08 1.0825E-08 1.1057E-08 1.1359E-08 1.1649E-08 1.1963E-08 1.2306E-08 1.2735E-08 1.3205E-08 1.3690E-08 1.4226E-08 1.4819E-08 1.5479E-08 1.6217E-08 1.7189E-08 1.8254E-08 1.9448E-08 2.0845E-08 2.4554E-08 2.8282E-08 4.3030E-08 5.5285E-08 5.7147E-08 6.2347E-08 6.5484E-08 7.4785E-08 9.3826E-08 1.2003E-07 1.5297E-07 1.8684E-07 2.1487E-07 2.2740E-07 2.2650E-07 2.1889E-07 2.0239E-07 1.8322E-07 1.6168E-07 1.3899E-07 1.1687E-07 9.6566E-08 7.7980E-08 6.1980E-08 4.9009E-08 3.8462E-08 3.0174E-08 2.3624E-08 1.8409E-08 1.4349E-08 1.1072E-08 8.5105E-09 6.4882E-09
9.1704E-09 9.3387E-09 9.5100E-09 9.6868E-09 9.8882E-09 1.0089E-08 1.0294E-08 1.0510E-08 1.0739E-08 1.1035E-08 1.1324E-08 1.1634E-08 1.1973E-08 1.2394E-08 1.2855E-08 1.3332E-08 1.3858E-08 1.4441E-08 1.5092E-08 1.5822E-08 1.6801E-08 1.8136E-08 2.0066E-08 2.2904E-08 3.1225E-08 5.1398E-08 7.6939E-08 9.5832E-08 1.0464E-07 1.0468E-07 1.0335E-07 1.1241E-07 1.3476E-07 1.7039E-07 2.0951E-07 2.4687E-07 2.7126E-07 2.8177E-07 2.7688E-07 2.5986E-07 2.3785E-07 2.1171E-07 1.8263E-07 1.5353E-07 1.2585E-07 1.0106E-07 8.0108E-08 6.2905E-08 4.9194E-08 3.8317E-08 2.9795E-08 2.3195E-08 1.7966E-08 1.3937E-08 1.0718E-08 8.1844E-09 6.2503E-09
8.8527E-09 9.0217E-09 9.1918E-09 9.3664E-09 9.5625E-09 9.7615E-09 9.9631E-09 1.0175E-08 1.0399E-08 1.0686E-08 1.0973E-08 1.1276E-08 1.1606E-08 1.2013E-08 1.2463E-08 1.2926E-08 1.3438E-08 1.4005E-08 1.4641E-08 1.5354E-08 1.6480E-08 1.8182E-08 2.2927E-08 3.0545E-08 7.2457E-08 1.2634E-07 1.7156E-07 1.9468E-07 1.8658E-07 1.7854E-07 1.7146E-07 1.7793E-07 2.0160E-07 2.4776E-07 2.9761E-07 3.3605E-07 3.5830E-07 3.5831E-07 3.4420E-07 3.1602E-07 2.8001E-07 2.4076E-07 2.0158E-07 1.6446E-07 1.3123E-07 1.0334E-07 8.0807E-08 6.2810E-08 4.8616E-08 3.7565E-08 2.9002E-08 2.2459E-08 1.7308E-08 1.3341E-08 1.0238E-08 7.7700E-09 5.9550E-09
