Assets/Resources/2015_m01_d12_0500(utc+0800)_l00_csi_1hr_conc.grd
DSAA
         159         159
     -79.000      79.000
     -79.000      79.000
  0.0000E+00  0.2720E-05
[rows 25 to 49 of 159, columns 57 to 113 of 159]
1.1449E-08 1.2734E-08 1.3956E-08 1.5071E-08 1.6038E-08 1.6823E-08 1.7391E-08 1.7723E-08 1.7804E-08 1.7635E-08 1.7224E-08 1.6590E-08 1.5758E-08 1.4769E-08 1.3659E-08 1.2468E-08 1.1235E-08 1.0003E-08 8.7932E-09 7.6435E-09 6.5634E-09 5.5728E-09 4.6877E-09 3.9013E-09 3.2142E-09 2.6232E-09 2.1127E-09 1.6917E-09 1.3341E-09 1.0437E-09 8.0496E-10 6.1504E-10 4.6254E-10 3.4249E-10 2.4995E-10 1.7810E-10 1.2443E-10 8.3569E-11 5.3337E-11 3.1117E-11 1.6089E-11 4.6686E-12 1.3592E-13 0.0000E+00 0.0000E+00 0.0000E+00 0.0000E+00 0.0000E+00 0.0000E+00 0.0000E+00 0.0000E+00 0.0000E+00 0.0000E+00 0.0000E+00 0.0000E+00 0.0000E+00 0.0000E+00
1.1947E-08 1.3296E-08 1.4574E-08 1.5733E-08 1.6735E-08 1.7536E-08 1.8104E-08 1.8416E-08 1.8458E-08 1.8231E-08 1.7748E-08 1.7028E-08 1.6108E-08 1.5021E-08 1.3819E-08 1.2539E-08 1.1233E-08 9.9331E-09 8.6761E-09 7.4860E-09 6.3773E-09 5.3704E-09 4.4835E-09 3.6971E-09 3.0244E-09 2.4458E-09 1.9510E-09 1.5486E-09 1.2070E-09 9.3819E-10 7.1479E-10 5.4284E-10 4.0421E-10 2.9752E-10 2.1439E-10 1.5097E-10 1.0381E-10 6.7737E-11 4.1014E-11 2.2519E-11 9.7061E-12 1.1880E-12 0.0000E+00 0.0000E+00 0.0000E+00 0.0000E+00 0.0000E+00 0.0000E+00 0.0000E+00 0.0000E+00 0.0000E+00 0.0000E+00 0.0000E+00 0.0000E+00 0.0000E+00 0.0000E+00 0.0000E+00
1.2431E-08 1.3843E-08 1.5180E-08 1.6393E-08 1.7432E-08 1.8254E-08 1.8821E-08 1.9113E-08 1.9115E-08 1.8828E-08 1.8269E-08 1.7460E-08 1.6442E-08 1.5260E-08 1.3958E-08 1.2592E-08 1.1204E-08 9.8378E-09 8.5290E-09 7.3022E-09 6.1728E-09 5.1553E-09 4.2591E-09 3.4858E-09 2.8246E-09 2.2562E-09 1.7918E-09 1.4009E-09 1.0848E-09 8.3287E-10 6.2839E-10 4.7298E-10 3.4864E-10 2.5388E-10 1.8052E-10 1.2528E-10 8.3629E-11 5.2336E-11 2.9538E-11 1.3683E-11 3.7355E-12 3.8629E-13 0.0000E+00 0.0000E+00 0.0000E+00 0.0000E+00 0.0000E+00 0.0000E+00 0.0000E+00 0.0000E+00 0.0000E+00 0.0000E+00 0.0000E+00 0.0000E+00 0.0000E+00 0.0000E+00 0.0000E+00
1.2890E-08 1.4373E-08 1.5774E-08 1.7040E-08 1.8118E-08 1.8961E-08 1.9530E-08 1.9803E-08 1.9764E-08 1.9416E-08 1.8776E-08 1.7876E-08 1.6755E-08 1.5473E-08 1.4073E-08 1.2614E-08 1.1147E-08 9.7172E-09 8.3578E-09 7.0965E-09 5.9450E-09 4.9244E-09 4.0232E-09 3.2654E-09 2.6174E-09 2.0671E-09 1.6250E-09 1.2538E-09 9.6497E-10 7.2970E-10 5.4612E-10 4.0519E-10 2.9554E-10 2.1261E-10 1.4824E-10 1.0033E-10 6.5047E-11 3.8291E-11 1.9146E-11 7.0362E-12 1.1767E-12 1.7312E-14 0.0000E+00 0.0000E+00 0.0000E+00 0.0000E+00 0.0000E+00 0.0000E+00 0.0000E+00 0.0000E+00 0.0000E+00 0.0000E+00 0.0000E+00 0.0000E+00 0.0000E+00 0.0000E+00 0.0000E+00
1.3329E-08 1.4881E-08 1.6343E-08 1.7660E-08 1.8778E-08 1.9645E-08 2.0218E-08 2.0474E-08 2.0395E-08 1.9984E-08 1.9263E-08 1.8268E-08 1.7049E-08 1.5658E-08 1.4160E-08 1.2608E-08 1.1063E-08 9.5685E-09 8.1651E-09 6.8731E-09 5.7033E-09 4.6770E-09 3.7856E-09 3.0364E-09 2.4011E-09 1.8847E-09 1.4587E-09 1.1162E-09 8.4696E-10 6.3069E-10 4.6773E-10 3.4178E-10 2.4631E-10 1.7418E-10 1.1862E-10 7.7918E-11 4.7394E-11 2.5628E-11 1.0669E-11 2.2137E-12 4.3550E-13 0.0000E+00 0.0000E+00 0.0000E+00 0.0000E+00 0.0000E+00 0.0000E+00 0.0000E+00 0.0000E+00 0.0000E+00 0.0000E+00 0.0000E+00 0.0000E+00 0.0000E+00 0.0000E+00 0.0000E+00 0.0000E+00
1.3737E-08 1.5353E-08 1.6881E-08 1.8255E-08 1.9415E-08 2.0307E-08 2.0886E-08 2.1124E-08 2.1003E-08 2.0528E-08 1.9727E-08 1.8635E-08 1.7313E-08 1.5816E-08 1.4216E-08 1.2574E-08 1.0949E-08 9.3946E-09 7.9477E-09 6.6321E-09 5.4520E-09 4.4237E-09 3.5418E-09 2.8050E-09 2.1906E-09 1.7009E-09 1.2952E-09 9.8482E-10 7.3311E-10 5.4036E-10 3.9505E-10 2.8345E-10 2.0074E-10 1.3857E-10 9.1338E-11 5.6585E-11 3.1587E-11 1.4184E-11 3.2663E-12 9.4373E-13 1.5078E-14 0.0000E+00 0.0000E+00 0.0000E+00 0.0000E+00 0.0000E+00 0.0000E+00 0.0000E+00 0.0000E+00 0.0000E+00 0.0000E+00 0.0000E+00 0.0000E+00 0.0000E+00 0.0000E+00 0.0000E+00 0.0000E+00
1.4110E-08 1.5797E-08 1.7387E-08 1.8815E-08 2.0016E-08 2.0931E-08 2.1514E-08 2.1731E-08 2.1565E-08 2.1028E-08 2.0147E-08 1.8962E-08 1.7535E-08 1.5938E-08 1.4235E-08 1.2506E-08 1.0808E-08 9.1974E-09 7.7060E-09 6.3715E-09 5.1871E-09 4.1640E-09 3.2945E-09 2.5689E-09 1.9914E-09 1.5193E-09 1.1453E-09 8.5598E-10 6.2686E-10 4.5628E-10 3.2758E-10 2.2955E-10 1.5896E-10 1.0590E-10 6.6275E-11 3.8263E-11 1.7900E-11 5.0947E-12 1.5343E-12 3.0552E-13 0.0000E+00 0.0000E+00 0.0000E+00 0.0000E+00 0.0000E+00 0.0000E+00 0.0000E+00 0.0000E+00 0.0000E+00 0.0000E+00 0.0000E+00 0.0000E+00 0.0000E+00 0.0000E+00 0.0000E+00 0.0000E+00 0.0000E+00
1.4440E-08 1.6196E-08 1.7850E-08 1.9335E-08 2.0577E-08 2.1517E-08 2.2101E-08 2.2296E-08 2.2088E-08 2.1486E-08 2.0521E-08 1.9242E-08 1.7712E-08 1.6012E-08 1.4212E-08 1.2400E-08 1.0635E-08 8.9715E-09 7.4478E-09 6.0953E-09 4.9111E-09 3.8988E-09 3.0484E-09 2.3424E-09 1.7920E-09 1.3433E-09 1.0041E-09 7.3503E-10 5.3201E-10 3.7926E-10 2.6661E-10 1.8218E-10 1.2260E-10 7.7873E-11 4.5552E-11 2.2193E-11 7.3081E-12 2.0740E-12 5.4571E-13 0.0000E+00 0.0000E+00 0.0000E+00 0.0000E+00 0.0000E+00 0.0000E+00 0.0000E+00 0.0000E+00 0.0000E+00 0.0000E+00 0.0000E+00 0.0000E+00 0.0000E+00 0.0000E+00 0.0000E+00 0.0000E+00 0.0000E+00 0.0000E+00
1.4718E-08 1.6544E-08 1.8265E-08 1.9804E-08 2.1087E-08 2.2045E-08 2.2628E-08 2.2799E-08 2.2545E-08 2.1876E-08 2.0827E-08 1.9451E-08 1.7825E-08 1.6026E-08 1.4142E-08 1.2252E-08 1.0425E-08 8.7149E-09 7.1680E-09 5.8005E-09 4.6265E-09 3.6283E-09 2.8035E-09 2.1306E-09 1.5966E-09 1.1840E-09 8.6846E-10 6.2375E-10 4.4456E-10 3.1098E-10 2.1111E-10 1.4075E-10 9.0163E-11 5.3364E-11 2.7098E-11 9.8226E-12 2.6945E-12 7.2304E-13 4.2787E-14 0.0000E+00 0.0000E+00 0.0000E+00 0.0000E+00 0.0000E+00 0.0000E+00 0.0000E+00 0.0000E+00 0.0000E+00 0.0000E+00 0.0000E+00 0.0000E+00 0.0000E+00 0.0000E+00 0.0000E+00 0.0000E+00 0.0000E+00 0.0000E+00
1.4948E-08 1.6845E-08 1.8630E-08 2.0222E-08 2.1542E-08 2.2517E-08 2.3094E-08 2.3237E-08 2.2930E-08 2.2188E-08 2.1054E-08 1.9586E-08 1.7862E-08 1.5972E-08 1.4007E-08 1.2050E-08 1.0170E-08 8.4316E-09 6.8673E-09 5.4933E-09 4.3308E-09 3.3572E-09 2.5583E-09 1.9199E-09 1.4069E-09 1.0332E-09 7.4140E-10 5.2415E-10 3.6495E-10 2.4749E-10 1.6314E-10 1.0380E-10 6.2348E-11 3.2686E-11 1.3601E-11 4.4527E-12 8.4702E-13 1.6063E-13 0.0000E+00 0.0000E+00 0.0000E+00 0.0000E+00 0.0000E+00 0.0000E+00 0.0000E+00 0.0000E+00 0.0000E+00 0.0000E+00 0.0000E+00 0.0000E+00 0.0000E+00 0.0000E+00 0.0000E+00 0.0000E+00 0.0000E+00 0.0000E+00 0.0000E+00
1.5121E-08 1.7084E-08 1.8933E-08 2.0577E-08 2.1930E-08 2.2920E-08 2.3489E-08 2.3598E-08 2.3236E-08 2.2421E-08 2.1195E-08 1.9634E-08 1.7815E-08 1.5839E-08 1.3799E-08 1.1784E-08 9.8652E-09 8.1064E-09 6.5366E-09 5.1728E-09 4.0300E-09 3.0823E-09 2.3154E-09 1.7081E-09 1.2344E-09 8.8813E-10 6.2392E-10 4.3238E-10 2.9242E-10 1.9176E-10 1.2170E-10 7.3678E-11 4.0499E-11 1.7607E-11 7.1924E-12 1.8585E-12 2.1922E-13 0.0000E+00 0.0000E+00 0.0000E+00 0.0000E+00 0.0000E+00 0.0000E+00 0.0000E+00 0.0000E+00 0.0000E+00 0.0000E+00 0.0000E+00 0.0000E+00 0.0000E+00 0.0000E+00 0.0000E+00 0.0000E+00 0.0000E+00 0.0000E+00 0.0000E+00 0.0000E+00
1.5255E-08 1.7286E-08 1.9190E-08 2.0881E-08 2.2267E-08 2.3268E-08 2.3820E-08 2.3889E-08 2.3464E-08 2.2568E-08 2.1254E-08 1.9595E-08 1.7686E-08 1.5628E-08 1.3521E-08 1.1458E-08 9.5120E-09 7.7399E-09 6.1778E-09 4.8346E-09 3.7186E-09 2.8050E-09 2.0731E-09 1.5063E-09 1.0747E-09 7.5151E-10 5.1863E-10 3.4937E-10 2.2672E-10 1.4281E-10 8.5513E-11 4.7986E-11 2.2204E-11 9.9266E-12 2.7970E-12 3.2830E-13 0.0000E+00 0.0000E+00 0.0000E+00 0.0000E+00 0.0000E+00 0.0000E+00 0.0000E+00 0.0000E+00 0.0000E+00 0.0000E+00 0.0000E+00 0.0000E+00 0.0000E+00 0.0000E+00 0.0000E+00 0.0000E+00 0.0000E+00 0.0000E+00 0.0000E+00 0.0000E+00 0.0000E+00
1.5347E-08 1.7429E-08 1.9394E-08 2.1130E-08 2.2547E-08 2.3556E-08 2.4091E-08 2.4114E-08 2.3621E-08 2.2640E-08 2.1231E-08 1.9471E-08 1.7474E-08 1.5338E-08 1.3177E-08 1.1075E-08 9.1130E-09 7.3431E-09 5.7977E-09 4.4807E-09 3.3970E-09 2.5316E-09 1.8451E-09 1.3171E-09 9.2038E-10 6.2545E-10 4.2171E-10 2.7505E-10 1.6974E-10 9.9331E-11 5.5629E-11 2.8185E-11 1.2781E-11 4.3545E-12 8.0381E-13 0.0000E+00 0.0000E+00 0.0000E+00 0.0000E+00 0.0000E+00 0.0000E+00 0.0000E+00 0.0000E+00 0.0000E+00 0.0000E+00 0.0000E+00 0.0000E+00 0.0000E+00 0.0000E+00 0.0000E+00 0.0000E+00 0.0000E+00 0.0000E+00 0.0000E+00 0.0000E+00 0.0000E+00 0.0000E+00
1.5399E-08 1.7547E-08 1.9567E-08 2.1350E-08 2.2792E-08 2.3801E-08 2.4312E-08 2.4282E-08 2.3715E-08 2.2646E-08 2.1137E-08 1.9283E-08 1.7193E-08 1.4983E-08 1.2769E-08 1.0640E-08 8.6710E-09 6.9177E-09 5.3913E-09 4.1123E-09 3.0710E-09 2.2572E-09 1.6215E-09 1.1345E-09 7.7546E-10 5.1609E-10 3.3659E-10 2.0832E-10 1.2102E-10 6.3566E-11 3.4955E-11 1.6721E-11 6.5053E-12 1.5012E-12 0.0000E+00 0.0000E+00 0.0000E+00 0.0000E+00 0.0000E+00 0.0000E+00 0.0000E+00 0.0000E+00 0.0000E+00 0.0000E+00 0.0000E+00 0.0000E+00 0.0000E+00 0.0000E+00 0.0000E+00 0.0000E+00 0.0000E+00 0.0000E+00 0.0000E+00 0.0000E+00 0.0000E+00 0.0000E+00 0.0000E+00
1.5425E-08 1.7633E-08 1.9704E-08 2.1534E-08 2.3003E-08 2.4020E-08 2.4505E-08 2.4425E-08 2.3783E-08 2.2618E-08 2.1005E-08 1.9049E-08 1.6862E-08 1.4583E-08 1.2315E-08 1.0166E-08 8.1967E-09 6.4639E-09 4.9756E-09 3.7398E-09 2.7547E-09 1.9887E-09 1.4080E-09 9.6363E-10 6.4241E-10 4.1663E-10 2.6060E-10 1.5261E-10 8.0093E-11 4.0223E-11 2.0334E-11 8.4876E-12 2.3181E-12 9.4205E-14 0.0000E+00 0.0000E+00 0.0000E+00 0.0000E+00 0.0000E+00 0.0000E+00 0.0000E+00 0.0000E+00 0.0000E+00 0.0000E+00 0.0000E+00 0.0000E+00 0.0000E+00 0.0000E+00 0.0000E+00 0.0000E+00 0.0000E+00 0.0000E+00 0.0000E+00 0.0000E+00 0.0000E+00 0.0000E+00 0.0000E+00
1.5405E-08 1.7677E-08 1.9818E-08 2.1699E-08 2.3204E-08 2.4221E-08 2.4682E-08 2.4551E-08 2.3830E-08 2.2567E-08 2.0844E-08 1.8780E-08 1.6507E-08 1.4150E-08 1.1837E-08 9.6652E-09 7.7036E-09 5.9889E-09 4.5472E-09 3.3723E-09 2.4407E-09 1.7279E-09 1.2022E-09 8.0802E-10 5.2123E-10 3.2791E-10 1.9522E-10 1.0478E-10 4.9528E-11 2.3572E-11 9.9956E-12 3.0362E-12 2.0443E-13 0.0000E+00 0.0000E+00 0.0000E+00 0.0000E+00 0.0000E+00 0.0000E+00 0.0000E+00 0.0000E+00 0.0000E+00 0.0000E+00 0.0000E+00 0.0000E+00 0.0000E+00 0.0000E+00 0.0000E+00 0.0000E+00 0.0000E+00 0.0000E+00 0.0000E+00 0.0000E+00 0.0000E+00 0.0000E+00 0.0000E+00 0.0000E+00
1.5349E-08 1.7697E-08 1.9910E-08 2.1852E-08 2.3394E-08 2.4429E-08 2.4878E-08 2.4701E-08 2.3904E-08 2.2537E-08 2.0702E-08 1.8523E-08 1.6146E-08 1.3714E-08 1.1351E-08 9.1508E-09 7.2002E-09 5.5191E-09 4.1287E-09 3.0097E-09 2.1404E-09 1.4826E-09 1.0108E-09 6.6364E-10 4.1184E-10 2.4958E-10 1.3862E-10 6.7461E-11 2.9785E-11 1.2137E-11 3.8848E-12 3.1209E-13 0.0000E+00 0.0000E+00 0.0000E+00 0.0000E+00 0.0000E+00 0.0000E+00 0.0000E+00 0.0000E+00 0.0000E+00 0.0000E+00 0.0000E+00 0.0000E+00 0.0000E+00 0.0000E+00 0.0000E+00 0.0000E+00 0.0000E+00 0.0000E+00 0.0000E+00 0.0000E+00 0.0000E+00 0.0000E+00 0.0000E+00 0.0000E+00 0.0000E+00
1.5264E-08 1.7693E-08 1.9979E-08 2.1992E-08 2.3589E-08 2.4653E-08 2.5097E-08 2.4883E-08 2.4010E-08 2.2541E-08 2.0588E-08 1.8294E-08 1.5808E-08 1.3295E-08 1.0871E-08 8.6496E-09 6.6975E-09 5.0546E-09 3.7120E-09 2.6576E-09 1.8518E-09 1.2628E-09 8.3176E-10 5.3073E-10 3.1815E-10 1.8410E-10 9.1625E-11 3.8811E-11 1.4094E-11 4.4350E-12 2.4094E-13 0.0000E+00 0.0000E+00 0.0000E+00 0.0000E+00 0.0000E+00 0.0000E+00 0.0000E+00 0.0000E+00 0.0000E+00 0.0000E+00 0.0000E+00 0.0000E+00 0.0000E+00 0.0000E+00 0.0000E+00 0.0000E+00 0.0000E+00 0.0000E+00 0.0000E+00 0.0000E+00 0.0000E+00 0.0000E+00 0.0000E+00 0.0000E+00 0.0000E+00 0.0000E+00
1.5144E-08 1.7655E-08 2.0039E-08 2.2139E-08 2.3805E-08 2.4908E-08 2.5358E-08 2.5108E-08 2.4165E-08 2.2600E-08 2.0529E-08 1.8115E-08 1.5521E-08 1.2905E-08 1.0423E-08 8.1714E-09 6.2229E-09 4.6105E-09 3.3174E-09 2.3272E-09 1.5867E-09 1.0529E-09 6.7061E-10 4.1549E-10 2.3445E-10 1.2530E-10 5.4503E-11 1.8064E-11 4.5067E-12 7.2663E-14 0.0000E+00 0.0000E+00 0.0000E+00 0.0000E+00 0.0000E+00 0.0000E+00 0.0000E+00 0.0000E+00 0.0000E+00 0.0000E+00 0.0000E+00 0.0000E+00 0.0000E+00 0.0000E+00 0.0000E+00 0.0000E+00 0.0000E+00 0.0000E+00 0.0000E+00 0.0000E+00 0.0000E+00 0.0000E+00 0.0000E+00 0.0000E+00 0.0000E+00 0.0000E+00 0.0000E+00
1.5013E-08 1.7617E-08 2.0104E-08 2.2300E-08 2.4052E-08 2.5214E-08 2.5683E-08 2.5411E-08 2.4402E-08 2.2736E-08 2.0546E-08 1.7994E-08 1.5275E-08 1.2561E-08 1.0009E-08 7.7232E-09 5.7762E-09 4.1926E-09 2.9570E-09 2.0267E-09 1.3480E-09 8.6238E-10 5.3096E-10 3.1149E-10 1.6518E-10 7.7963E-11 2.4604E-11 5.0389E-12 0.0000E+00 0.0000E+00 0.0000E+00 0.0000E+00 0.0000E+00 0.0000E+00 0.0000E+00 0.0000E+00 0.0000E+00 0.0000E+00 0.0000E+00 0.0000E+00 0.0000E+00 0.0000E+00 0.0000E+00 0.0000E+00 0.0000E+00 0.0000E+00 0.0000E+00 0.0000E+00 0.0000E+00 0.0000E+00 0.0000E+00 0.0000E+00 0.0000E+00 0.0000E+00 0.0000E+00 0.0000E+00 0.0000E+00
1.4871E-08 1.7573E-08 2.0170E-08 2.2488E-08 2.4346E-08 2.5585E-08 2.6090E-08 2.5801E-08 2.4730E-08 2.2957E-08 2.0635E-08 1.7940E-08 1.5084E-08 1.2267E-08 9.6375E-09 7.3091E-09 5.3570E-09 3.8085E-09 2.6259E-09 1.7513E-09 1.1225E-09 6.9708E-10 4.1108E-10 2.2122E-10 1.0651E-10 3.6995E-11 8.0222E-12 0.0000E+00 0.0000E+00 0.0000E+00 0.0000E+00 0.0000E+00 0.0000E+00 0.0000E+00 0.0000E+00 0.0000E+00 0.0000E+00 0.0000E+00 0.0000E+00 0.0000E+00 0.0000E+00 0.0000E+00 0.0000E+00 0.0000E+00 0.0000E+00 0.0000E+00 0.0000E+00 0.0000E+00 0.0000E+00 0.0000E+00 0.0000E+00 0.0000E+00 0.0000E+00 0.0000E+00 0.0000E+00 0.0000E+00 0.0000E+00
1.4742E-08 1.7554E-08 2.0281E-08 2.2731E-08 2.4706E-08 2.6037E-08 2.6594E-08 2.6308E-08 2.5179E-08 2.3299E-08 2.0826E-08 1.7973E-08 1.4963E-08 1.2017E-08 9.2990E-09 6.9380E-09 4.9788E-09 3.4612E-09 2.3194E-09 1.4982E-09 9.3005E-10 5.5348E-10 3.0293E-10 1.4241E-10 5.9656E-11 1.4271E-11 0.0000E+00 0.0000E+00 0.0000E+00 0.0000E+00 0.0000E+00 0.0000E+00 0.0000E+00 0.0000E+00 0.0000E+00 0.0000E+00 0.0000E+00 0.0000E+00 0.0000E+00 0.0000E+00 0.0000E+00 0.0000E+00 0.0000E+00 0.0000E+00 0.0000E+00 0.0000E+00 0.0000E+00 0.0000E+00 0.0000E+00 0.0000E+00 0.0000E+00 0.0000E+00 0.0000E+00 0.0000E+00 0.0000E+00 0.0000E+00 0.0000E+00
1.4636E-08 1.7564E-08 2.0434E-08 2.3029E-08 2.5147E-08 2.6590E-08 2.7209E-08 2.6924E-08 2.5738E-08 2.3752E-08 2.1128E-08 1.8108E-08 1.4934E-08 1.1841E-08 9.0188E-09 6.6033E-09 4.6385E-09 3.1366E-09 2.0472E-09 1.2767E-09 7.6730E-10 4.2556E-10 2.1234E-10 8.1980E-11 2.4720E-11 2.2367E-12 0.0000E+00 0.0000E+00 0.0000E+00 0.0000E+00 0.0000E+00 0.0000E+00 0.0000E+00 0.0000E+00 0.0000E+00 0.0000E+00 0.0000E+00 0.0000E+00 0.0000E+00 0.0000E+00 0.0000E+00 0.0000E+00 0.0000E+00 0.0000E+00 0.0000E+00 0.0000E+00 0.0000E+00 0.0000E+00 0.0000E+00 0.0000E+00 0.0000E+00 0.0000E+00 0.0000E+00 0.0000E+00 0.0000E+00 0.0000E+00 0.0000E+00
1.4557E-08 1.7628E-08 2.0654E-08 2.3413E-08 2.5676E-08 2.7237E-08 2.7928E-08 2.7660E-08 2.6421E-08 2.4311E-08 2.1524E-08 1.8310E-08 1.4954E-08 1.1717E-08 8.7857E-09 6.3114E-09 4.3397E-09 2.8449E-09 1.7991E-09 1.0896E-09 6.1392E-10 3.1598E-10 1.3387E-10 4.3193E-11 8.1092E-12 0.0000E+00 0.0000E+00 0.0000E+00 0.0000E+00 0.0000E+00 0.0000E+00 0.0000E+00 0.0000E+00 0.0000E+00 0.0000E+00 0.0000E+00 0.0000E+00 0.0000E+00 0.0000E+00 0.0000E+00 0.0000E+00 0.0000E+00 0.0000E+00 0.0000E+00 0.0000E+00 0.0000E+00 0.0000E+00 0.0000E+00 0.0000E+00 0.0000E+00 0.0000E+00 0.0000E+00 0.0000E+00 0.0000E+00 0.0000E+00 0.0000E+00 0.0000E+00
1.4529E-08 1.7749E-08 2.0950E-08 2.3898E-08 2.6337E-08 2.8033E-08 2.8804E-08 2.8540E-08 2.7240E-08 2.5010E-08 2.2046E-08 1.8632E-08 1.5074E-08 1.1667E-08 8.6006E-09 6.0490E-09 4.0617E-09 2.5951E-09 1.5868E-09 9.1862E-10 4.8583E-10 2.3088E-10 7.8275E-11 1.7810E-11 3.7873E-13 0.0000E+00 0.0000E+00 0.0000E+00 0.0000E+00 0.0000E+00 0.0000E+00 0.0000E+00 0.0000E+00 0.0000E+00 0.0000E+00 0.0000E+00 0.0000E+00 0.0000E+00 0.0000E+00 0.0000E+00 0.0000E+00 0.0000E+00 0.0000E+00 0.0000E+00 0.0000E+00 0.0000E+00 0.0000E+00 0.0000E+00 0.0000E+00 0.0000E+00 0.0000E+00 0.0000E+00 0.0000E+00 0.0000E+00 0.0000E+00 0.0000E+00 0.0000E+00
