Assets/Resources/2015_m01_d04_2200(utc+0800)_l00_csi_1hr_conc.grd
DSAA
         159         159
     -79.000      79.000
     -79.000      79.000
  0.1468E-09  0.1055E-04
[rows 75 to 99 of 159, columns 0 to 56 of 159]
3.8373E-09 3.9250E-09 4.0133E-09 4.1030E-09 4.1934E-09 4.2860E-09 4.3801E-09 4.4736E-09 4.5717E-09 4.6706E-09 4.7673E-09 4.8670E-09 4.9665E-09 5.0650E-09 5.1663E-09 5.2658E-09 5.3649E-09 5.4633E-09 5.5616E-09 5.6588E-09 5.7556E-09 5.8532E-09 5.9500E-09 6.0459E-09 6.1424E-09 6.2370E-09 6.3336E-09 6.4286E-09 6.5232E-09 6.6215E-09 6.7182E-09 6.8177E-09 6.9212E-09 7.0328E-09 7.1521E-09 7.2664E-09 7.3966E-09 7.5416E-09 7.6820E-09 7.8346E-09 8.0106E-09 8.1835E-09 8.3746E-09 8.5900E-09 8.8588E-09 9.6957E-09 1.4070E-08 1.9925E-08 2.4012E-08 2.5839E-08 2.7003E-08 2.7612E-08 2.8486E-08 2.9249E-08 3.0159E-08 3.1217E-08 3.2803E-08
3.7532E-09 3.8374E-09 3.9213E-09 4.0071E-09 4.0933E-09 4.1805E-09 4.2701E-09 4.3590E-09 4.4510E-09 4.5436E-09 4.6361E-09 4.7298E-09 4.8218E-09 4.9151E-09 5.0088E-09 5.1012E-09 5.1931E-09 5.2846E-09 5.3754E-09 5.4654E-09 5.5543E-09 5.6427E-09 5.7319E-09 5.8185E-09 5.9062E-09 5.9918E-09 6.0790E-09 6.1658E-09 6.2514E-09 6.3368E-09 6.4264E-09 6.5152E-09 6.6080E-09 6.7076E-09 6.8147E-09 6.9191E-09 7.0283E-09 7.1610E-09 7.2904E-09 7.4237E-09 7.5779E-09 7.7384E-09 7.9061E-09 8.1005E-09 8.4019E-09 9.3310E-09 1.3341E-08 1.8594E-08 2.2234E-08 2.4377E-08 2.4864E-08 2.5373E-08 2.6150E-08 2.6833E-08 2.7636E-08 2.8611E-08 3.0060E-08
3.6699E-09 3.7506E-09 3.8304E-09 3.9121E-09 3.9943E-09 4.0768E-09 4.1612E-09 4.2462E-09 4.3331E-09 4.4186E-09 4.5068E-09 4.5951E-09 4.6801E-09 4.7674E-09 4.8555E-09 4.9408E-09 5.0259E-09 5.1106E-09 5.1940E-09 5.2766E-09 5.3580E-09 5.4379E-09 5.5192E-09 5.5982E-09 5.6774E-09 5.7555E-09 5.8330E-09 5.9116E-09 5.9880E-09 6.0613E-09 6.1426E-09 6.2216E-09 6.3037E-09 6.3912E-09 6.4870E-09 6.5827E-09 6.6769E-09 6.7908E-09 6.9108E-09 7.0267E-09 7.1571E-09 7.3056E-09 7.4524E-09 7.6280E-09 8.1855E-09 1.0498E-08 1.3185E-08 1.7388E-08 2.0523E-08 2.2371E-08 2.2777E-08 2.3187E-08 2.3896E-08 2.4480E-08 2.5171E-08 2.6032E-08 2.7351E-08
3.5874E-09 3.6643E-09 3.7408E-09 3.8181E-09 3.8966E-09 3.9750E-09 4.0540E-09 4.1348E-09 4.2172E-09 4.2966E-09 4.3789E-09 4.4632E-09 4.5427E-09 4.6227E-09 4.7059E-09 4.7842E-09 4.8627E-09 4.9403E-09 5.0175E-09 5.0929E-09 5.1680E-09 5.2404E-09 5.3130E-09 5.3849E-09 5.4553E-09 5.5260E-09 5.5943E-09 5.6639E-09 5.7331E-09 5.7957E-09 5.8669E-09 5.9399E-09 6.0113E-09 6.0869E-09 6.1697E-09 6.2558E-09 6.3399E-09 6.4328E-09 6.5420E-09 6.6458E-09 6.7515E-09 6.8842E-09 7.0159E-09 7.1786E-09 7.7386E-09 1.1027E-08 1.4477E-08 1.7448E-08 1.8937E-08 2.0450E-08 2.0764E-08 2.1091E-08 2.1714E-08 2.2201E-08 2.2772E-08 2.3520E-08 2.4713E-08
3.5062E-09 3.5790E-09 3.6523E-09 3.7255E-09 3.8000E-09 3.8747E-09 3.9491E-09 4.0249E-09 4.1034E-09 4.1782E-09 4.2535E-09 4.3334E-09 4.4084E-09 4.4817E-09 4.5588E-09 4.6324E-09 4.7042E-09 4.7756E-09 4.8460E-09 4.9151E-09 4.9830E-09 5.0491E-09 5.1134E-09 5.1778E-09 5.2410E-09 5.3033E-09 5.3650E-09 5.4258E-09 5.4857E-09 5.5427E-09 5.6011E-09 5.6673E-09 5.7292E-09 5.7940E-09 5.8649E-09 5.9413E-09 6.0166E-09 6.0919E-09 6.1849E-09 6.2803E-09 6.3682E-09 6.4761E-09 6.6012E-09 6.7616E-09 7.3486E-09 1.0352E-08 1.4231E-08 1.6843E-08 1.8169E-08 1.8600E-08 1.8838E-08 1.9086E-08 1.9621E-08 2.0029E-08 2.0494E-08 2.1104E-08 2.2176E-08
3.4257E-09 3.4951E-09 3.5646E-09 3.6346E-09 3.7049E-09 3.7761E-09 3.8465E-09 3.9171E-09 3.9913E-09 4.0622E-09 4.1319E-09 4.2056E-09 4.2772E-09 4.3455E-09 4.4154E-09 4.4845E-09 4.5503E-09 4.6158E-09 4.6792E-09 4.7430E-09 4.8037E-09 4.8642E-09 4.9216E-09 4.9781E-09 5.0345E-09 5.0892E-09 5.1434E-09 5.1966E-09 5.2466E-09 5.2996E-09 5.3471E-09 5.4038E-09 5.4604E-09 5.5153E-09 5.5734E-09 5.6383E-09 5.7057E-09 5.7705E-09 5.8423E-09 5.9296E-09 6.0056E-09 6.0888E-09 6.2012E-09 6.5040E-09 7.2311E-09 9.7945E-09 1.3149E-08 1.5379E-08 1.6481E-08 1.6838E-08 1.7030E-08 1.7203E-08 1.7634E-08 1.7973E-08 1.8342E-08 1.8811E-08 1.9750E-08
3.3461E-09 3.4127E-09 3.4782E-09 3.5450E-09 3.6116E-09 3.6788E-09 3.7458E-09 3.8120E-09 3.8811E-09 3.9485E-09 4.0140E-09 4.0811E-09 4.1483E-09 4.2129E-09 4.2763E-09 4.3398E-09 4.4018E-09 4.4608E-09 4.5188E-09 4.5759E-09 4.6314E-09 4.6850E-09 4.7368E-09 4.7861E-09 4.8351E-09 4.8833E-09 4.9304E-09 4.9768E-09 5.0179E-09 5.0641E-09 5.1070E-09 5.1507E-09 5.2020E-09 5.2478E-09 5.2963E-09 5.3492E-09 5.4074E-09 5.4650E-09 5.5191E-09 5.5881E-09 5.6611E-09 5.7279E-09 5.8226E-09 6.2228E-09 8.0088E-09 1.0349E-08 1.2254E-08 1.4023E-08 1.4905E-08 1.5177E-08 1.5318E-08 1.5434E-08 1.5768E-08 1.6025E-08 1.6307E-08 1.6646E-08 1.7374E-08
3.2676E-09 3.3310E-09 3.3937E-09 3.4567E-09 3.5203E-09 3.5833E-09 3.6469E-09 3.7096E-09 3.7736E-09 3.8369E-09 3.8989E-09 3.9605E-09 4.0219E-09 4.0835E-09 4.1417E-09 4.1990E-09 4.2568E-09 4.3109E-09 4.3637E-09 4.4148E-09 4.4647E-09 4.5126E-09 4.5586E-09 4.6024E-09 4.6443E-09 4.6856E-09 4.7269E-09 4.7643E-09 4.8015E-09 4.8381E-09 4.8780E-09 4.9112E-09 4.9554E-09 4.9949E-09 5.0341E-09 5.0749E-09 5.1239E-09 5.1721E-09 5.2191E-09 5.2653E-09 5.3336E-09 5.3892E-09 5.4707E-09 5.8638E-09 8.0149E-09 1.0772E-08 1.2548E-08 1.3182E-08 1.3430E-08 1.3631E-08 1.3716E-08 1.3791E-08 1.4036E-08 1.4183E-08 1.4384E-08 1.4642E-08 1.5208E-08
3.1904E-09 3.2502E-09 3.3105E-09 3.3701E-09 3.4302E-09 3.4902E-09 3.5498E-09 3.6093E-09 3.6691E-09 3.7276E-09 3.7863E-09 3.8435E-09 3.8998E-09 3.9564E-09 4.0118E-09 4.0640E-09 4.1158E-09 4.1664E-09 4.2137E-09 4.2600E-09 4.3034E-09 4.3470E-09 4.3865E-09 4.4261E-09 4.4611E-09 4.4970E-09 4.5308E-09 4.5621E-09 4.5938E-09 4.6237E-09 4.6580E-09 4.6869E-09 4.7156E-09 4.7535E-09 4.7842E-09 4.8188E-09 4.8536E-09 4.8952E-09 4.9360E-09 4.9682E-09 5.0170E-09 5.0706E-09 5.1660E-09 5.5729E-09 7.4797E-09 9.8630E-09 1.1380E-08 1.2059E-08 1.2070E-08 1.2208E-08 1.2214E-08 1.2248E-08 1.2427E-08 1.2497E-08 1.2659E-08 1.2838E-08 1.3300E-08
3.1074E-09 3.1710E-09 3.2283E-09 3.2855E-09 3.3418E-09 3.3988E-09 3.4549E-09 3.5110E-09 3.5669E-09 3.6218E-09 3.6760E-09 3.7297E-09 3.7820E-09 3.8332E-09 3.8848E-09 3.9335E-09 3.9801E-09 4.0256E-09 4.0698E-09 4.1105E-09 4.1498E-09 4.1868E-09 4.2229E-09 4.2557E-09 4.2875E-09 4.3164E-09 4.3449E-09 4.3680E-09 4.3970E-09 4.4198E-09 4.4456E-09 4.4724E-09 4.4940E-09 4.5230E-09 4.5498E-09 4.5743E-09 4.6023E-09 4.6319E-09 4.6641E-09 4.6932E-09 4.7189E-09 4.7704E-09 5.0183E-09 6.0819E-09 7.2513E-09 9.0567E-09 1.0306E-08 1.0846E-08 1.0814E-08 1.0884E-08 1.0838E-08 1.0830E-08 1.0978E-08 1.1031E-08 1.1090E-08 1.1223E-08 1.1561E-08
3.0330E-09 3.0930E-09 3.1476E-09 3.2021E-09 3.2560E-09 3.3091E-09 3.3625E-09 3.4148E-09 3.4670E-09 3.5189E-09 3.5690E-09 3.6190E-09 3.6675E-09 3.7149E-09 3.7611E-09 3.8072E-09 3.8495E-09 3.8902E-09 3.9300E-09 3.9671E-09 4.0019E-09 4.0337E-09 4.0650E-09 4.0930E-09 4.1204E-09 4.1447E-09 4.1665E-09 4.1854E-09 4.2061E-09 4.2269E-09 4.2456E-09 4.2683E-09 4.2859E-09 4.3024E-09 4.3260E-09 4.3460E-09 4.3656E-09 4.3847E-09 4.4078E-09 4.4330E-09 4.4518E-09 4.4874E-09 4.7278E-09 6.2096E-09 7.7052E-09 8.8755E-09 9.3550E-09 9.7344E-09 9.6711E-09 9.7116E-09 9.6332E-09 9.5714E-09 9.6938E-09 9.6912E-09 9.7172E-09 9.7573E-09 1.0014E-08
2.9599E-09 3.0105E-09 3.0682E-09 3.1201E-09 3.1715E-09 3.2220E-09 3.2718E-09 3.3214E-09 3.3700E-09 3.4184E-09 3.4658E-09 3.5113E-09 3.5566E-09 3.6004E-09 3.6426E-09 3.6835E-09 3.7237E-09 3.7602E-09 3.7952E-09 3.8285E-09 3.8598E-09 3.8880E-09 3.9132E-09 3.9381E-09 3.9600E-09 3.9815E-09 3.9945E-09 4.0140E-09 4.0254E-09 4.0433E-09 4.0563E-09 4.0724E-09 4.0875E-09 4.0995E-09 4.1124E-09 4.1310E-09 4.1424E-09 4.1594E-09 4.1666E-09 4.1873E-09 4.2014E-09 4.2349E-09 4.4752E-09 5.7728E-09 7.3851E-09 8.3675E-09 8.7703E-09 8.7185E-09 8.6404E-09 8.6505E-09 8.5562E-09 8.4839E-09 8.5235E-09 8.4971E-09 8.4659E-09 8.4592E-09 8.6319E-09
2.8876E-09 2.9362E-09 2.9843E-09 3.0397E-09 3.0887E-09 3.1367E-09 3.1838E-09 3.2300E-09 3.2758E-09 3.3204E-09 3.3650E-09 3.4076E-09 3.4487E-09 3.4894E-09 3.5284E-09 3.5650E-09 3.6009E-09 3.6351E-09 3.6664E-09 3.6951E-09 3.7232E-09 3.7477E-09 3.7703E-09 3.7892E-09 3.8086E-09 3.8246E-09 3.8364E-09 3.8478E-09 3.8596E-09 3.8654E-09 3.8809E-09 3.8863E-09 3.9015E-09 3.9072E-09 3.9156E-09 3.9254E-09 3.9353E-09 3.9419E-09 3.9491E-09 3.9537E-09 3.9689E-09 4.0672E-09 4.3651E-09 5.4196E-09 6.7506E-09 7.5575E-09 7.8681E-09 7.7986E-09 7.7086E-09 7.6966E-09 7.6089E-09 7.4990E-09 7.4966E-09 7.4226E-09 7.3607E-09 7.3116E-09 7.4227E-09
2.8168E-09 2.8629E-09 2.9092E-09 2.9545E-09 3.0075E-09 3.0532E-09 3.0979E-09 3.1413E-09 3.1840E-09 3.2258E-09 3.2666E-09 3.3070E-09 3.3450E-09 3.3819E-09 3.4176E-09 3.4518E-09 3.4829E-09 3.5138E-09 3.5425E-09 3.5682E-09 3.5907E-09 3.6133E-09 3.6328E-09 3.6497E-09 3.6631E-09 3.6754E-09 3.6842E-09 3.6907E-09 3.7000E-09 3.7051E-09 3.7102E-09 3.7169E-09 3.7179E-09 3.7274E-09 3.7302E-09 3.7343E-09 3.7390E-09 3.7388E-09 3.7434E-09 3.7431E-09 3.7528E-09 3.8894E-09 4.6437E-09 5.5704E-09 6.2415E-09 6.8320E-09 7.0560E-09 6.9720E-09 6.8778E-09 6.8588E-09 6.7453E-09 6.6270E-09 6.5828E-09 6.4758E-09 6.4091E-09 6.3553E-09 6.3738E-09
2.7477E-09 2.7912E-09 2.8351E-09 2.8788E-09 2.9280E-09 2.9715E-09 3.0139E-09 3.0551E-09 3.0949E-09 3.1338E-09 3.1717E-09 3.2089E-09 3.2450E-09 3.2785E-09 3.3107E-09 3.3419E-09 3.3709E-09 3.3972E-09 3.4227E-09 3.4467E-09 3.4660E-09 3.4828E-09 3.4996E-09 3.5144E-09 3.5260E-09 3.5304E-09 3.5402E-09 3.5436E-09 3.5493E-09 3.5510E-09 3.5515E-09 3.5555E-09 3.5548E-09 3.5564E-09 3.5569E-09 3.5551E-09 3.5577E-09 3.5514E-09 3.5502E-09 3.5471E-09 3.5532E-09 3.6886E-09 4.5374E-09 5.5791E-09 6.1832E-09 6.3625E-09 6.3289E-09 6.2358E-09 6.1292E-09 6.0970E-09 5.9853E-09 5.8672E-09 5.8023E-09 5.6785E-09 5.5807E-09 5.5240E-09 5.4848E-09
2.6745E-09 2.7212E-09 2.7627E-09 2.8041E-09 2.8450E-09 2.8914E-09 2.9319E-09 2.9708E-09 3.0085E-09 3.0448E-09 3.0799E-09 3.1140E-09 3.1475E-09 3.1794E-09 3.2080E-09 3.2358E-09 3.2617E-09 3.2856E-09 3.3069E-09 3.3287E-09 3.3474E-09 3.3622E-09 3.3736E-09 3.3851E-09 3.3945E-09 3.3969E-09 3.3996E-09 3.4037E-09 3.4029E-09 3.4065E-09 3.4028E-09 3.4025E-09 3.3994E-09 3.3956E-09 3.3948E-09 3.3899E-09 3.3848E-09 3.3786E-09 3.3710E-09 3.3682E-09 3.3811E-09 3.5206E-09 4.2436E-09 5.1056E-09 5.5962E-09 5.7536E-09 5.6745E-09 5.5857E-09 5.4781E-09 5.4260E-09 5.3234E-09 5.2124E-09 5.1175E-09 4.9903E-09 4.8606E-09 4.7775E-09 4.7344E-09
2.6097E-09 2.6471E-09 2.6921E-09 2.7312E-09 2.7699E-09 2.8080E-09 2.8514E-09 2.8889E-09 2.9244E-09 2.9585E-09 2.9912E-09 3.0225E-09 3.0529E-09 3.0825E-09 3.1093E-09 3.1341E-09 3.1574E-09 3.1793E-09 3.1982E-09 3.2145E-09 3.2309E-09 3.2451E-09 3.2557E-09 3.2630E-09 3.2667E-09 3.2717E-09 3.2702E-09 3.2719E-09 3.2684E-09 3.2675E-09 3.2640E-09 3.2570E-09 3.2541E-09 3.2477E-09 3.2394E-09 3.2349E-09 3.2236E-09 3.2153E-09 3.2029E-09 3.1959E-09 3.2727E-09 3.6706E-09 4.0945E-09 4.6912E-09 5.0678E-09 5.1813E-09 5.0994E-09 5.0125E-09 4.9124E-09 4.8542E-09 4.7509E-09 4.6434E-09 4.5230E-09 4.4076E-09 4.2900E-09 4.2009E-09 4.1525E-09
2.5459E-09 2.5818E-09 2.6239E-09 2.6602E-09 2.6966E-09 2.7327E-09 2.7678E-09 2.8084E-09 2.8425E-09 2.8747E-09 2.9053E-09 2.9345E-09 2.9620E-09 2.9884E-09 3.0131E-09 3.0358E-09 3.0568E-09 3.0763E-09 3.0945E-09 3.1091E-09 3.1210E-09 3.1323E-09 3.1418E-09 3.1477E-09 3.1474E-09 3.1506E-09 3.1491E-09 3.1465E-09 3.1432E-09 3.1358E-09 3.1333E-09 3.1252E-09 3.1173E-09 3.1101E-09 3.0994E-09 3.0896E-09 3.0752E-09 3.0630E-09 3.0500E-09 3.0407E-09 3.1113E-09 3.6439E-09 4.1604E-09 4.5124E-09 4.6092E-09 4.6729E-09 4.5972E-09 4.5127E-09 4.4191E-09 4.3366E-09 4.2370E-09 4.1398E-09 4.0418E-09 3.9440E-09 3.8555E-09 3.7816E-09 3.7312E-09
2.4783E-09 2.5176E-09 2.5516E-09 2.5916E-09 2.6255E-09 2.6593E-09 2.6925E-09 2.7248E-09 2.7622E-09 2.7931E-09 2.8221E-09 2.8491E-09 2.8749E-09 2.8985E-09 2.9210E-09 2.9422E-09 2.9610E-09 2.9771E-09 2.9926E-09 3.0062E-09 3.0175E-09 3.0252E-09 3.0323E-09 3.0381E-09 3.0372E-09 3.0339E-09 3.0333E-09 3.0286E-09 3.0265E-09 3.0172E-09 3.0084E-09 3.0007E-09 2.9910E-09 2.9817E-09 2.9700E-09 2.9552E-09 2.9409E-09 2.9248E-09 2.9123E-09 2.9037E-09 2.9693E-09 3.4148E-09 3.9414E-09 4.2258E-09 4.3024E-09 4.2351E-09 4.1658E-09 4.0833E-09 3.9912E-09 3.9113E-09 3.8287E-09 3.7416E-09 3.6547E-09 3.5673E-09 3.4924E-09 3.4348E-09 3.3852E-09
2.4121E-09 2.4497E-09 2.4872E-09 2.5190E-09 2.5504E-09 2.5882E-09 2.6193E-09 2.6497E-09 2.6789E-09 2.7136E-09 2.7409E-09 2.7668E-09 2.7902E-09 2.8125E-09 2.8326E-09 2.8515E-09 2.8695E-09 2.8843E-09 2.8970E-09 2.9079E-09 2.9175E-09 2.9244E-09 2.9286E-09 2.9281E-09 2.9311E-09 2.9279E-09 2.9264E-09 2.9187E-09 2.9104E-09 2.9063E-09 2.8944E-09 2.8853E-09 2.8732E-09 2.8601E-09 2.8492E-09 2.8313E-09 2.8156E-09 2.7993E-09 2.7817E-09 2.8003E-09 2.8890E-09 3.2346E-09 3.6464E-09 3.8633E-09 3.9179E-09 3.8538E-09 3.7842E-09 3.7095E-09 3.6298E-09 3.5561E-09 3.4817E-09 3.4031E-09 3.3287E-09 3.1938E-09 3.0755E-09 2.9719E-09 2.9507E-09
2.3474E-09 2.3833E-09 2.4190E-09 2.4547E-09 2.4842E-09 2.5133E-09 2.5485E-09 2.5768E-09 2.6043E-09 2.6305E-09 2.6555E-09 2.6861E-09 2.7088E-09 2.7291E-09 2.7480E-09 2.7652E-09 2.7803E-09 2.7948E-09 2.8065E-09 2.8154E-09 2.8227E-09 2.8286E-09 2.8323E-09 2.8300E-09 2.8286E-09 2.8265E-09 2.8206E-09 2.8171E-09 2.8070E-09 2.7999E-09 2.7888E-09 2.7767E-09 2.7661E-09 2.7505E-09 2.7347E-09 2.7183E-09 2.7003E-09 2.6836E-09 2.6676E-09 2.7000E-09 2.9548E-09 3.2379E-09 3.4122E-09 3.5528E-09 3.5807E-09 3.5196E-09 3.4534E-09 3.3829E-09 3.3141E-09 3.2486E-09 3.1813E-09 3.0720E-09 2.9509E-09 2.8366E-09 2.7882E-09 2.7567E-09 2.5771E-09
2.2847E-09 2.3184E-09 2.3525E-09 2.3799E-09 2.4201E-09 2.4471E-09 2.4739E-09 2.5066E-09 2.5319E-09 2.5567E-09 2.5796E-09 2.6019E-09 2.6292E-09 2.6487E-09 2.6664E-09 2.6820E-09 2.6959E-09 2.7078E-09 2.7183E-09 2.7274E-09 2.7331E-09 2.7370E-09 2.7358E-09 2.7375E-09 2.7333E-09 2.7310E-09 2.7244E-09 2.7197E-09 2.7115E-09 2.6996E-09 2.6904E-09 2.6774E-09 2.6636E-09 2.6503E-09 2.6331E-09 2.6160E-09 2.5963E-09 2.5788E-09 2.5631E-09 2.5894E-09 2.8561E-09 3.1631E-09 3.3171E-09 3.3553E-09 3.2895E-09 3.2306E-09 3.1695E-09 3.1040E-09 3.0462E-09 2.9477E-09 2.8297E-09 2.7157E-09 2.6262E-09 2.5402E-09 2.4643E-09 2.4493E-09 2.4385E-09
2.2303E-09 2.2556E-09 2.2873E-09 2.3199E-09 2.3454E-09 2.3769E-09 2.4080E-09 2.4323E-09 2.4627E-09 2.4847E-09 2.5069E-09 2.5268E-09 2.5461E-09 2.5709E-09 2.5869E-09 2.6021E-09 2.6144E-09 2.6254E-09 2.6342E-09 2.6411E-09 2.6472E-09 2.6507E-09 2.6482E-09 2.6486E-09 2.6444E-09 2.6382E-09 2.6345E-09 2.6250E-09 2.6198E-09 2.6086E-09 2.5967E-09 2.5862E-09 2.5710E-09 2.5584E-09 2.5399E-09 2.5208E-09 2.5040E-09 2.4845E-09 2.4738E-09 2.5034E-09 2.7194E-09 2.9622E-09 3.0736E-09 3.0907E-09 3.0373E-09 2.9845E-09 2.9232E-09 2.7974E-09 2.6980E-09 2.6165E-09 2.5269E-09 2.4438E-09 2.3684E-09 2.3278E-09 2.2333E-09 2.2295E-09 2.2269E-09
2.1717E-09 2.1951E-09 2.2250E-09 2.2548E-09 2.2855E-09 2.3092E-09 2.3383E-09 2.3670E-09 2.3887E-09 2.4167E-09 2.4358E-09 2.4551E-09 2.4729E-09 2.4885E-09 2.5110E-09 2.5241E-09 2.5359E-09 2.5463E-09 2.5536E-09 2.5598E-09 2.5639E-09 2.5655E-09 2.5655E-09 2.5611E-09 2.5595E-09 2.5532E-09 2.5495E-09 2.5404E-09 2.5291E-09 2.5214E-09 2.5103E-09 2.4986E-09 2.4857E-09 2.4694E-09 2.4530E-09 2.4355E-09 2.4179E-09 2.3994E-09 2.4077E-09 2.5239E-09 2.6373E-09 2.7875E-09 2.8520E-09 2.8216E-09 2.7494E-09 2.6603E-09 2.5688E-09 2.5282E-09 2.4372E-09 2.3454E-09 2.2937E-09 2.2234E-09 2.1575E-09 2.1514E-09 2.1402E-09 2.1314E-09 2.1236E-09
2.1115E-09 2.1378E-09 2.1647E-09 2.1930E-09 2.2148E-09 2.2432E-09 2.2712E-09 2.2917E-09 2.3243E-09 2.3431E-09 2.3622E-09 2.3858E-09 2.4017E-09 2.4172E-09 2.4303E-09 2.4426E-09 2.4608E-09 2.4689E-09 2.4765E-09 2.4821E-09 2.4852E-09 2.4837E-09 2.4845E-09 2.4809E-09 2.4784E-09 2.4727E-09 2.4645E-09 2.4592E-09 2.4487E-09 2.4394E-09 2.4281E-09 2.4149E-09 2.4040E-09 2.3883E-09 2.3717E-09 2.3548E-09 2.3356E-09 2.3200E-09 2.3253E-09 2.4728E-09 2.6051E-09 2.6441E-09 2.5965E-09 2.5347E-09 2.4927E-09 2.4203E-09 2.3180E-09 2.2451E-09 2.2266E-09 2.1586E-09 2.0964E-09 2.0886E-09 2.0803E-09 2.0745E-09 2.0698E-09 2.0621E-09 2.0527E-09
