Assets/Resources/2015_m01_d05_0000(utc+0800)_l00_csi_1hr_conc.grd
DSAA
         159         159
     -79.000      79.000
     -79.000      79.000
  0.2915E-09  0.6504E-04
[rows 50 to 74 of 159, columns 57 to 113 of 159]
1.9611E-08 2.0083E-08 2.0545E-08 2.0987E-08 2.1402E-08 2.1780E-08 2.2112E-08 2.2554E-08 2.2794E-08 2.2962E-08 2.3051E-08 2.3052E-08 2.2914E-08 2.2626E-08 2.2226E-08 2.1526E-08 2.1018E-08 2.0417E-08 1.9726E-08 1.8955E-08 1.8115E-08 1.7217E-08 1.6272E-08 1.5298E-08 1.4489E-08 1.3481E-08 1.2480E-08 1.1497E-08 1.0548E-08 9.6423E-09 8.7837E-09 7.9627E-09 7.1987E-09 6.4790E-09 5.7695E-09 4.9223E-09 4.4831E-09 4.0890E-09 3.5361E-09 3.2421E-09 2.8300E-09 2.5093E-09 2.3755E-09 2.2594E-09 2.1548E-09 2.0417E-09 1.9604E-09 1.8746E-09 1.7994E-09 1.7417E-09 1.6669E-09 1.6170E-09 1.5766E-09 1.5258E-09 1.4791E-09 1.4434E-09 1.4151E-09
2.0600E-08 2.1164E-08 2.1718E-08 2.2355E-08 2.2887E-08 2.3385E-08 2.3836E-08 2.4231E-08 2.4557E-08 2.4804E-08 2.4962E-08 2.5022E-08 2.4935E-08 2.4705E-08 2.4326E-08 2.3479E-08 2.2953E-08 2.2317E-08 2.1579E-08 2.0747E-08 2.0152E-08 1.9165E-08 1.8116E-08 1.7029E-08 1.5917E-08 1.4796E-08 1.3673E-08 1.2574E-08 1.1513E-08 1.0498E-08 9.5252E-09 8.6076E-09 7.7392E-09 6.9097E-09 6.1570E-09 5.2286E-09 4.7118E-09 4.2801E-09 3.8968E-09 3.3631E-09 2.8808E-09 2.5354E-09 2.3972E-09 2.2772E-09 2.1682E-09 2.0713E-09 1.9672E-09 1.8918E-09 1.8129E-09 1.7447E-09 1.6689E-09 1.6256E-09 1.5777E-09 1.5264E-09 1.4793E-09 1.4435E-09 1.4153E-09
2.1682E-08 2.2362E-08 2.3040E-08 2.3705E-08 2.4347E-08 2.4953E-08 2.5512E-08 2.6009E-08 2.6432E-08 2.6769E-08 2.7007E-08 2.7119E-08 2.7129E-08 2.6951E-08 2.6610E-08 2.6062E-08 2.5439E-08 2.4793E-08 2.4023E-08 2.3138E-08 2.2149E-08 2.1070E-08 1.9918E-08 1.8718E-08 1.7489E-08 1.6232E-08 1.4981E-08 1.3755E-08 1.2569E-08 1.1426E-08 1.0339E-08 9.3043E-09 8.2965E-09 7.3728E-09 6.5754E-09 5.8909E-09 4.9883E-09 4.4831E-09 4.0644E-09 3.6835E-09 2.9639E-09 2.5601E-09 2.4175E-09 2.2938E-09 2.1817E-09 2.0822E-09 1.9916E-09 1.8975E-09 1.8266E-09 1.7471E-09 1.6783E-09 1.6266E-09 1.5783E-09 1.5265E-09 1.4845E-09 1.4433E-09 1.4152E-09
2.2741E-08 2.3532E-08 2.4324E-08 2.5107E-08 2.5868E-08 2.6594E-08 2.7270E-08 2.7881E-08 2.8412E-08 2.8849E-08 2.9168E-08 2.9365E-08 2.9783E-08 2.9740E-08 2.9514E-08 2.9041E-08 2.8355E-08 2.7161E-08 2.6349E-08 2.5402E-08 2.4330E-08 2.3154E-08 2.1893E-08 2.0571E-08 1.9196E-08 1.7800E-08 1.6408E-08 1.5042E-08 1.3718E-08 1.2442E-08 1.1225E-08 1.0020E-08 8.8956E-09 7.9006E-09 7.0505E-09 6.2933E-09 5.6211E-09 4.7330E-09 4.2247E-09 3.8175E-09 3.4677E-09 2.8105E-09 2.4362E-09 2.3090E-09 2.1940E-09 2.0920E-09 1.9994E-09 1.9172E-09 1.8419E-09 1.7487E-09 1.6795E-09 1.6272E-09 1.5783E-09 1.5328E-09 1.4841E-09 1.4428E-09 1.4147E-09
2.3816E-08 2.4725E-08 2.5641E-08 2.6550E-08 2.7440E-08 2.8295E-08 2.9099E-08 2.9834E-08 3.0484E-08 3.1271E-08 3.1740E-08 3.2124E-08 3.2366E-08 3.2430E-08 3.2283E-08 3.1882E-08 3.1217E-08 2.9722E-08 2.8870E-08 2.7856E-08 2.6700E-08 2.5422E-08 2.4044E-08 2.2579E-08 2.1050E-08 1.9500E-08 1.7956E-08 1.6443E-08 1.5145E-08 1.3688E-08 1.2242E-08 1.0871E-08 9.6235E-09 8.5137E-09 7.5845E-09 6.7435E-09 5.9745E-09 5.2968E-09 4.4401E-09 3.9673E-09 3.5885E-09 3.0496E-09 2.6320E-09 2.3225E-09 2.2048E-09 2.1006E-09 2.0061E-09 1.9223E-09 1.8458E-09 1.7590E-09 1.6800E-09 1.6271E-09 1.5779E-09 1.5323E-09 1.4833E-09 1.4419E-09 1.4140E-09
2.4899E-08 2.5933E-08 2.6978E-08 2.8022E-08 2.9049E-08 3.0152E-08 3.1131E-08 3.2048E-08 3.2884E-08 3.3603E-08 3.4242E-08 3.4749E-08 3.5103E-08 3.5282E-08 3.5235E-08 3.4936E-08 3.4327E-08 3.3385E-08 3.1579E-08 3.0501E-08 2.9259E-08 2.7872E-08 2.6364E-08 2.4735E-08 2.3556E-08 2.1793E-08 2.0037E-08 1.8307E-08 1.6610E-08 1.4920E-08 1.3284E-08 1.1757E-08 1.0462E-08 9.2904E-09 8.2092E-09 7.2001E-09 6.3498E-09 5.6076E-09 4.9640E-09 4.1550E-09 3.7122E-09 3.3582E-09 2.8677E-09 2.3343E-09 2.2140E-09 2.1077E-09 2.0115E-09 1.9252E-09 1.8488E-09 1.7584E-09 1.6798E-09 1.6264E-09 1.5769E-09 1.5313E-09 1.4822E-09 1.4406E-09 1.4129E-09
2.5976E-08 2.7177E-08 2.8375E-08 2.9582E-08 3.0783E-08 3.1961E-08 3.3098E-08 3.4173E-08 3.5157E-08 3.6057E-08 3.6848E-08 3.7494E-08 3.7975E-08 3.8269E-08 3.8347E-08 3.8179E-08 3.7671E-08 3.6790E-08 3.5474E-08 3.3331E-08 3.2001E-08 3.1407E-08 2.9721E-08 2.7904E-08 2.5990E-08 2.4036E-08 2.2092E-08 2.0145E-08 1.8197E-08 1.6274E-08 1.4566E-08 1.2963E-08 1.1498E-08 1.0110E-08 8.8293E-09 7.7392E-09 6.7514E-09 5.9335E-09 5.2263E-09 4.6192E-09 3.8372E-09 3.4577E-09 3.1327E-09 2.6935E-09 2.3398E-09 2.1121E-09 2.0156E-09 1.9281E-09 1.8507E-09 1.7800E-09 1.6790E-09 1.6240E-09 1.5827E-09 1.5299E-09 1.4844E-09 1.4446E-09 1.4082E-09
2.7033E-08 2.8378E-08 2.9721E-08 3.1081E-08 3.2442E-08 3.3784E-08 3.5088E-08 3.6332E-08 3.7494E-08 3.8577E-08 3.9532E-08 4.0334E-08 4.0957E-08 4.1374E-08 4.1591E-08 4.1570E-08 4.1211E-08 4.1394E-08 4.0295E-08 3.8798E-08 3.6275E-08 3.4658E-08 3.2821E-08 3.0818E-08 2.8707E-08 2.6577E-08 2.4390E-08 2.2172E-08 2.0773E-08 1.8523E-08 1.6444E-08 1.4469E-08 1.2669E-08 1.1032E-08 9.5457E-09 8.2756E-09 7.2171E-09 6.2715E-09 5.4974E-09 4.8347E-09 4.2712E-09 3.5543E-09 3.2105E-09 2.7383E-09 2.3589E-09 2.2178E-09 2.0182E-09 1.9297E-09 1.8515E-09 1.7803E-09 1.6774E-09 1.6301E-09 1.5808E-09 1.5280E-09 1.4825E-09 1.4427E-09 1.4065E-09
2.8096E-08 2.9549E-08 3.1040E-08 3.2557E-08 3.4082E-08 3.5595E-08 3.7075E-08 3.8496E-08 3.9867E-08 4.1132E-08 4.2264E-08 4.3236E-08 4.4012E-08 4.5077E-08 4.5607E-08 4.5961E-08 4.6014E-08 4.5687E-08 4.4826E-08 4.3327E-08 4.1600E-08 3.8252E-08 3.6261E-08 3.4059E-08 3.3196E-08 3.0710E-08 2.8091E-08 2.6335E-08 2.3630E-08 2.1059E-08 1.8415E-08 1.6046E-08 1.3900E-08 1.2111E-08 1.0425E-08 8.8955E-09 7.6680E-09 6.6614E-09 5.7739E-09 5.0538E-09 4.4432E-09 3.9241E-09 3.4692E-09 2.9760E-09 2.5622E-09 2.2307E-09 2.1054E-09 1.9300E-09 1.8512E-09 1.7761E-09 1.6841E-09 1.6279E-09 1.5784E-09 1.5256E-09 1.4803E-09 1.4406E-09 1.4045E-09
2.9076E-08 3.0669E-08 3.2311E-08 3.3987E-08 3.5680E-08 3.7368E-08 3.9025E-08 4.0664E-08 4.2227E-08 4.3845E-08 4.5249E-08 4.6513E-08 4.7617E-08 4.8539E-08 4.9273E-08 4.9894E-08 5.0247E-08 5.0255E-08 4.9759E-08 4.8522E-08 4.6734E-08 4.6612E-08 4.2409E-08 4.0172E-08 3.7600E-08 3.6704E-08 3.3778E-08 3.0979E-08 2.7495E-08 2.4105E-08 2.1508E-08 1.8390E-08 1.5610E-08 1.3294E-08 1.1323E-08 9.6622E-09 8.1860E-09 7.0285E-09 6.0520E-09 5.2731E-09 4.6126E-09 4.0571E-09 3.5658E-09 3.1890E-09 2.5927E-09 2.3745E-09 2.1131E-09 2.0005E-09 1.8497E-09 1.7744E-09 1.6813E-09 1.6249E-09 1.5755E-09 1.5228E-09 1.4776E-09 1.4381E-09 1.4022E-09
2.9988E-08 3.1718E-08 3.3510E-08 3.5345E-08 3.7206E-08 3.9072E-08 4.0995E-08 4.2862E-08 4.4675E-08 4.6411E-08 4.8040E-08 4.9539E-08 5.0888E-08 5.2063E-08 5.3027E-08 5.3931E-08 5.4624E-08 5.6222E-08 5.6655E-08 5.6407E-08 5.5430E-08 5.3821E-08 5.1622E-08 4.5788E-08 4.6598E-08 4.3655E-08 4.3880E-08 3.9260E-08 3.4296E-08 2.9436E-08 2.4957E-08 2.0990E-08 1.7588E-08 1.4678E-08 1.2342E-08 1.0412E-08 8.8243E-09 7.3957E-09 6.3762E-09 5.4869E-09 4.7805E-09 4.1866E-09 3.6891E-09 3.2569E-09 2.9247E-09 2.4177E-09 2.1178E-09 2.0041E-09 1.9010E-09 1.7654E-09 1.6985E-09 1.6214E-09 1.5719E-09 1.5195E-09 1.4745E-09 1.4352E-09 1.3996E-09
3.0812E-08 3.2677E-08 3.4614E-08 3.6605E-08 3.8632E-08 4.0695E-08 4.2829E-08 4.4901E-08 4.6933E-08 4.8895E-08 5.0763E-08 5.2517E-08 5.4136E-08 5.5899E-08 5.7332E-08 5.8808E-08 6.0292E-08 6.1706E-08 6.2834E-08 6.3529E-08 6.3404E-08 6.2635E-08 6.5886E-08 6.4080E-08 6.4183E-08 6.0436E-08 5.5155E-08 4.8735E-08 4.2012E-08 3.5478E-08 2.9507E-08 2.4319E-08 1.9968E-08 1.6414E-08 1.3501E-08 1.1238E-08 9.4168E-09 7.8990E-09 6.6591E-09 5.7358E-09 4.9416E-09 4.3073E-09 3.7829E-09 3.3228E-09 2.9741E-09 2.6866E-09 2.2370E-09 2.0060E-09 1.9015E-09 1.8086E-09 1.6938E-09 1.6171E-09 1.5679E-09 1.5147E-09 1.4711E-09 1.4288E-09 1.3966E-09
3.1531E-08 3.3524E-08 3.5599E-08 3.7740E-08 3.9947E-08 4.2244E-08 4.4527E-08 4.6805E-08 4.9054E-08 5.1245E-08 5.3442E-08 5.5530E-08 5.7546E-08 5.9461E-08 6.1296E-08 6.3166E-08 6.5258E-08 6.7315E-08 6.9319E-08 7.1123E-08 7.2471E-08 7.9745E-08 8.5885E-08 8.5491E-08 8.2781E-08 7.7909E-08 7.0625E-08 6.2157E-08 5.2788E-08 4.3640E-08 3.5505E-08 2.8572E-08 2.2907E-08 1.8414E-08 1.4909E-08 1.2141E-08 1.0043E-08 8.3880E-09 6.9812E-09 5.9426E-09 5.0900E-09 4.4220E-09 3.8693E-09 3.4143E-09 3.0183E-09 2.7188E-09 2.3284E-09 2.0961E-09 1.9006E-09 1.7987E-09 1.6893E-09 1.6123E-09 1.5592E-09 1.5105E-09 1.4625E-09 1.4254E-09 1.3934E-09
3.2127E-08 3.4237E-08 3.6441E-08 3.8733E-08 4.1109E-08 4.3583E-08 4.6051E-08 4.8528E-08 5.0985E-08 5.3464E-08 5.5883E-08 5.8268E-08 6.0599E-08 6.2892E-08 6.5163E-08 6.7448E-08 7.0170E-08 7.2948E-08 7.5940E-08 7.9373E-08 8.3063E-08 1.0273E-07 1.0842E-07 1.1019E-07 1.0782E-07 1.0287E-07 9.2789E-08 8.0435E-08 6.7251E-08 5.4562E-08 4.3304E-08 3.3891E-08 2.6469E-08 2.0754E-08 1.6433E-08 1.3185E-08 1.0694E-08 8.8311E-09 7.3269E-09 6.1338E-09 5.2241E-09 4.5251E-09 3.9462E-09 3.4708E-09 3.0562E-09 2.7458E-09 2.4897E-09 2.1671E-09 1.8980E-09 1.7959E-09 1.6839E-09 1.6067E-09 1.5541E-09 1.5059E-09 1.4584E-09 1.4216E-09 1.3899E-09
3.2583E-08 3.4799E-08 3.7119E-08 3.9571E-08 4.2127E-08 4.4721E-08 4.7361E-08 5.0020E-08 5.2680E-08 5.5397E-08 5.8076E-08 6.0742E-08 6.3401E-08 6.6084E-08 6.8814E-08 7.1605E-08 7.4850E-08 7.8527E-08 8.3242E-08 9.4821E-08 1.1251E-07 1.2563E-07 1.3552E-07 1.4544E-07 1.4409E-07 1.3565E-07 1.2173E-07 1.0439E-07 8.5889E-08 6.8262E-08 5.2878E-08 4.0272E-08 3.0618E-08 2.3394E-08 1.8097E-08 1.4234E-08 1.1348E-08 9.2604E-09 7.6659E-09 6.3015E-09 5.3878E-09 4.6124E-09 4.0113E-09 3.5168E-09 3.0865E-09 2.7658E-09 2.5039E-09 2.2680E-09 2.0237E-09 1.7917E-09 1.6777E-09 1.6006E-09 1.5485E-09 1.5009E-09 1.4539E-09 1.4175E-09 1.3830E-09
3.2885E-08 3.5192E-08 3.7651E-08 4.0202E-08 4.2889E-08 4.5625E-08 4.8415E-08 5.1241E-08 5.4089E-08 5.7028E-08 5.9945E-08 6.2874E-08 6.5857E-08 6.8917E-08 7.2110E-08 7.5351E-08 7.9626E-08 8.4796E-08 9.6378E-08 1.0639E-07 1.3140E-07 1.5184E-07 1.7825E-07 1.8654E-07 1.8705E-07 1.7714E-07 1.5781E-07 1.3374E-07 1.0830E-07 8.4408E-08 6.3920E-08 4.7569E-08 3.5160E-08 2.6207E-08 1.9816E-08 1.5284E-08 1.2048E-08 9.6623E-09 7.9283E-09 6.4994E-09 5.4923E-09 4.6806E-09 4.0597E-09 3.5530E-09 3.1084E-09 2.7803E-09 2.5128E-09 2.2712E-09 2.0191E-09 1.7850E-09 1.6705E-09 1.5939E-09 1.5414E-09 1.4910E-09 1.4491E-09 1.4078E-09 1.3789E-09
3.3020E-08 3.5428E-08 3.7967E-08 4.0612E-08 4.3410E-08 4.6262E-08 4.9180E-08 5.2152E-08 5.5214E-08 5.8301E-08 6.1412E-08 6.4591E-08 6.7859E-08 7.1274E-08 7.5039E-08 7.9501E-08 8.6742E-08 9.4951E-08 1.0490E-07 1.1694E-07 1.6905E-07 2.0190E-07 2.2517E-07 2.3716E-07 2.3673E-07 2.2567E-07 1.9913E-07 1.6654E-07 1.3283E-07 1.0171E-07 7.5510E-08 5.4989E-08 3.9798E-08 2.8956E-08 2.1454E-08 1.6259E-08 1.2632E-08 1.0009E-08 8.1475E-09 6.6922E-09 5.5680E-09 4.7320E-09 4.0955E-09 3.5740E-09 3.1503E-09 2.7875E-09 2.5160E-09 2.2668E-09 2.0871E-09 1.8379E-09 1.6625E-09 1.5866E-09 1.5348E-09 1.4853E-09 1.4408E-09 1.4033E-09 1.3747E-09
3.2995E-08 3.5471E-08 3.8067E-08 4.0784E-08 4.3667E-08 4.6607E-08 4.9629E-08 5.2720E-08 5.5922E-08 5.9141E-08 6.2430E-08 6.5809E-08 6.9323E-08 7.3635E-08 7.8982E-08 8.4522E-08 9.1541E-08 1.0033E-07 1.1142E-07 1.4403E-07 2.0465E-07 2.5233E-07 2.8314E-07 2.9642E-07 2.9183E-07 2.7763E-07 2.4126E-07 1.9898E-07 1.5640E-07 1.1797E-07 8.6165E-08 6.1675E-08 4.3846E-08 3.1327E-08 2.2837E-08 1.7061E-08 1.3099E-08 1.0275E-08 8.3092E-09 6.8400E-09 5.6167E-09 4.7614E-09 4.1128E-09 3.5846E-09 3.1540E-09 2.7838E-09 2.5088E-09 2.2613E-09 2.0731E-09 1.8297E-09 1.6992E-09 1.5787E-09 1.5237E-09 1.4792E-09 1.4355E-09 1.3984E-09 1.3701E-09
3.2809E-08 3.5304E-08 3.7941E-08 4.0706E-08 4.3642E-08 4.6646E-08 4.9742E-08 5.2919E-08 5.6205E-08 5.9531E-08 6.2945E-08 6.6844E-08 7.1258E-08 7.6158E-08 8.1359E-08 8.7368E-08 9.4336E-08 1.1032E-07 1.2982E-07 1.5842E-07 2.4648E-07 3.1487E-07 3.5369E-07 3.6901E-07 3.5265E-07 3.2173E-07 2.7769E-07 2.2562E-07 1.7500E-07 1.3041E-07 9.4114E-08 6.6551E-08 4.6739E-08 3.2982E-08 2.3780E-08 1.7592E-08 1.3396E-08 1.0432E-08 8.3967E-09 6.8876E-09 5.6350E-09 4.7672E-09 4.1130E-09 3.5810E-09 3.1478E-09 2.7750E-09 2.4997E-09 2.2767E-09 2.0629E-09 1.8794E-09 1.6893E-09 1.5663E-09 1.5165E-09 1.4728E-09 1.4248E-09 1.3902E-09 1.3653E-09
3.2424E-08 3.4932E-08 3.7586E-08 4.0368E-08 4.3330E-08 4.6367E-08 4.9505E-08 5.2721E-08 5.6053E-08 5.9544E-08 6.3688E-08 6.8088E-08 7.2599E-08 7.7396E-08 8.2339E-08 8.9921E-08 9.9256E-08 1.1357E-07 1.3546E-07 1.6778E-07 2.9566E-07 4.5047E-07 4.7083E-07 4.4613E-07 4.0529E-07 3.5700E-07 3.0091E-07 2.4087E-07 1.8483E-07 1.3649E-07 9.7798E-08 6.8712E-08 4.7970E-08 3.3732E-08 2.4145E-08 1.7783E-08 1.3491E-08 1.0468E-08 8.4063E-09 6.8817E-09 5.6169E-09 4.7864E-09 4.0911E-09 3.5625E-09 3.1304E-09 2.7580E-09 2.4842E-09 2.2593E-09 2.0503E-09 1.8671E-09 1.6784E-09 1.5565E-09 1.5088E-09 1.4580E-09 1.4190E-09 1.3849E-09 1.3602E-09
3.1858E-08 3.4355E-08 3.6998E-08 3.9772E-08 4.2732E-08 4.5770E-08 4.8910E-08 5.2120E-08 5.5898E-08 6.0002E-08 6.4183E-08 6.8433E-08 7.3132E-08 7.8576E-08 8.2766E-08 8.9760E-08 9.9594E-08 1.1403E-07 1.3625E-07 1.6854E-07 5.1716E-07 6.6257E-07 6.1265E-07 5.2185E-07 4.3879E-07 3.7091E-07 3.0621E-07 2.4084E-07 1.8340E-07 1.3484E-07 9.6423E-08 6.7715E-08 4.7302E-08 3.3301E-08 2.3866E-08 1.7601E-08 1.3364E-08 1.0371E-08 8.3288E-09 6.8171E-09 5.5676E-09 4.7418E-09 4.0530E-09 3.5251E-09 3.0984E-09 2.7283E-09 2.4592E-09 2.2343E-09 2.0342E-09 1.8526E-09 1.6665E-09 1.5474E-09 1.4897E-09 1.4512E-09 1.4130E-09 1.3793E-09 1.3549E-09
3.1116E-08 3.3579E-08 3.6186E-08 3.8927E-08 4.1853E-08 4.4860E-08 4.8127E-08 5.1871E-08 5.5833E-08 5.9828E-08 6.3761E-08 6.7839E-08 7.3544E-08 8.2847E-08 9.7238E-08 8.8527E-08 9.8072E-08 1.1152E-07 1.5464E-07 8.2756E-07 1.0759E-06 1.1317E-06 7.7257E-07 5.5571E-07 4.4126E-07 3.5592E-07 2.9075E-07 2.2500E-07 1.7089E-07 1.2575E-07 9.0257E-08 6.3753E-08 4.4856E-08 3.1828E-08 2.2980E-08 1.7061E-08 1.3022E-08 1.0146E-08 8.1689E-09 6.6473E-09 5.4843E-09 4.6324E-09 3.9959E-09 3.4775E-09 3.0585E-09 2.6951E-09 2.4312E-09 2.2019E-09 2.0147E-09 1.8360E-09 1.6016E-09 1.5264E-09 1.4818E-09 1.4382E-09 1.4066E-09 1.3735E-09 1.3493E-09
3.0208E-08 3.2612E-08 3.5162E-08 3.7844E-08 4.0706E-08 4.4055E-08 4.7664E-08 5.1303E-08 5.5169E-08 5.8587E-08 6.2194E-08 6.6849E-08 7.5848E-08 9.5933E-08 1.3665E-07 1.8901E-07 9.4897E-08 9.6498E-07 1.3865E-06 1.6533E-06 1.5747E-06 1.1750E-06 7.8064E-07 5.1693E-07 3.9679E-07 3.1534E-07 2.5344E-07 1.9769E-07 1.5001E-07 1.1114E-07 8.0546E-08 5.7578E-08 4.1063E-08 2.9544E-08 2.1613E-08 1.6231E-08 1.2502E-08 9.8122E-09 7.9358E-09 6.4088E-09 5.3646E-09 4.5377E-09 3.9197E-09 3.4160E-09 3.0081E-09 2.6543E-09 2.3941E-09 2.1746E-09 1.9920E-09 1.8174E-09 1.5766E-09 1.5170E-09 1.4703E-09 1.4310E-09 1.3918E-09 1.3675E-09 1.3435E-09
2.9146E-08 3.1474E-08 3.3943E-08 3.6728E-08 3.9917E-08 4.3229E-08 4.6666E-08 5.0041E-08 5.3224E-08 5.6437E-08 6.0122E-08 6.6039E-08 8.0330E-08 1.2285E-07 2.7707E-07 1.1342E-06 1.9224E-06 2.0438E-06 2.0413E-06 1.6624E-06 1.1276E-06 7.2926E-07 5.1008E-07 3.9208E-07 3.1236E-07 2.5450E-07 2.0573E-07 1.6274E-07 1.2497E-07 9.3794E-08 6.9033E-08 5.0235E-08 3.6513E-08 2.6696E-08 1.9932E-08 1.5194E-08 1.1842E-08 9.3845E-09 7.6368E-09 6.2184E-09 5.2195E-09 4.4246E-09 3.8251E-09 3.3387E-09 2.9437E-09 2.6034E-09 2.3491E-09 2.1433E-09 1.9665E-09 1.7971E-09 1.5649E-09 1.5073E-09 1.4573E-09 1.4188E-09 1.3853E-09 1.3612E-09 1.3375E-09
2.7950E-08 3.0224E-08 3.2882E-08 3.5769E-08 3.8789E-08 4.1953E-08 4.4900E-08 4.7909E-08 5.0874E-08 5.3909E-08 5.7858E-08 6.4455E-08 9.6853E-08 2.0749E-07 6.2086E-07 2.1632E-06 3.2599E-06 1.4845E-06 1.1004E-06 7.8242E-07 5.4902E-07 4.0639E-07 2.9413E-07 2.4505E-07 2.1701E-07 1.8775E-07 1.5675E-07 1.2674E-07 9.9345E-08 7.6401E-08 5.7403E-08 4.2714E-08 3.1783E-08 2.3748E-08 1.8111E-08 1.4023E-08 1.1094E-08 8.8919E-09 7.2939E-09 5.9426E-09 5.0483E-09 4.2922E-09 3.7188E-09 3.2534E-09 2.8753E-09 2.5496E-09 2.2967E-09 2.0836E-09 1.9384E-09 1.7752E-09 1.5388E-09 1.4930E-09 1.4489E-09 1.4114E-09 1.3785E-09 1.3547E-09 1.3312E-09
