Assets/Resources/2015_m01_d13_2300(utc+0800)_l00_csi_1hr_conc.grd
DSAA
         159         159
     -79.000      79.000
     -79.000      79.000
  0.0000E+00  0.5401E-04
[rows 0 to 24 of 159, columns 0 to 56 of 159]
6.0475E-10 6.0903E-10 6.1280E-10 6.1603E-10 6.1871E-10 6.2082E-10 6.2235E-10 6.2329E-10 6.2363E-10 6.2337E-10 6.2249E-10 6.2101E-10 6.1891E-10 6.1620E-10 6.1289E-10 6.0911E-10 6.0475E-10 5.9972E-10 5.9407E-10 5.8772E-10 5.8064E-10 5.7286E-10 5.6388E-10 5.5464E-10 5.4325E-10 5.3095E-10 5.1800E-10 5.0293E-10 4.8672E-10 4.6945E-10 4.5028E-10 4.3046E-10 4.0858E-10 3.8593E-10 3.6262E-10 3.3880E-10 3.1483E-10 2.9025E-10 2.4023E-10 1.7598E-10 1.5666E-10 1.2490E-10 1.0594E-10 7.2116E-11 2.1805E-11 1.1436E-11 6.8040E-12 0.0000E+00 0.0000E+00 0.0000E+00 0.0000E+00 0.0000E+00 0.0000E+00 0.0000E+00 0.0000E+00 0.0000E+00 0.0000E+00
6.3473E-10 6.3938E-10 6.4348E-10 6.4701E-10 6.4995E-10 6.5230E-10 6.5403E-10 6.5513E-10 6.5560E-10 6.5542E-10 6.5460E-10 6.5312E-10 6.5099E-10 6.4821E-10 6.4496E-10 6.4112E-10 6.3657E-10 6.3139E-10 6.2550E-10 6.1882E-10 6.1153E-10 6.0290E-10 5.9414E-10 5.8302E-10 5.7092E-10 5.5831E-10 5.4333E-10 5.2717E-10 5.1003E-10 4.9069E-10 4.7007E-10 4.4843E-10 4.2515E-10 4.0105E-10 3.7626E-10 3.5093E-10 3.2532E-10 2.9924E-10 2.7320E-10 2.3605E-10 1.6125E-10 1.3908E-10 1.0813E-10 8.8811E-11 5.8418E-11 1.6419E-11 6.4868E-12 2.8555E-12 0.0000E+00 0.0000E+00 0.0000E+00 0.0000E+00 0.0000E+00 0.0000E+00 0.0000E+00 0.0000E+00 0.0000E+00
6.7061E-10 6.7586E-10 6.8052E-10 6.8458E-10 6.8802E-10 6.9081E-10 6.9294E-10 6.9440E-10 6.9517E-10 6.9524E-10 6.9461E-10 6.9327E-10 6.9122E-10 6.8868E-10 6.8554E-10 6.8162E-10 6.7704E-10 6.7173E-10 6.6555E-10 6.5882E-10 6.5063E-10 6.4147E-10 6.3161E-10 6.1974E-10 6.0750E-10 5.9262E-10 5.7647E-10 5.5948E-10 5.3994E-10 5.1900E-10 4.9706E-10 4.7309E-10 4.4810E-10 4.2231E-10 3.9549E-10 3.6825E-10 3.4030E-10 3.1223E-10 2.8425E-10 2.5660E-10 2.2953E-10 1.8144E-10 1.1997E-10 9.1622E-11 7.1140E-11 5.0251E-11 7.7818E-12 0.0000E+00 0.0000E+00 0.0000E+00 0.0000E+00 0.0000E+00 0.0000E+00 0.0000E+00 0.0000E+00 0.0000E+00 0.0000E+00
7.0370E-10 7.0939E-10 7.1447E-10 7.1891E-10 7.2269E-10 7.2578E-10 7.2818E-10 7.2986E-10 7.3080E-10 7.3101E-10 7.3050E-10 7.2958E-10 7.2813E-10 7.2604E-10 7.2307E-10 7.1939E-10 7.1494E-10 7.0952E-10 7.0357E-10 6.9601E-10 6.8737E-10 6.7814E-10 6.6660E-10 6.5382E-10 6.4000E-10 6.2382E-10 6.0684E-10 5.8687E-10 5.6585E-10 5.4394E-10 5.1958E-10 4.9402E-10 4.6754E-10 4.3970E-10 4.1132E-10 3.8192E-10 3.5219E-10 3.2236E-10 2.9268E-10 2.6340E-10 2.3480E-10 2.0696E-10 1.6710E-10 1.0184E-10 7.4502E-11 5.3981E-11 3.4592E-11 1.3476E-11 0.0000E+00 0.0000E+00 0.0000E+00 0.0000E+00 0.0000E+00 0.0000E+00 0.0000E+00 0.0000E+00 0.0000E+00
7.4247E-10 7.4887E-10 7.5462E-10 7.5969E-10 7.6405E-10 7.6769E-10 7.7092E-10 7.7358E-10 7.7540E-10 7.7639E-10 7.7652E-10 7.7584E-10 7.7452E-10 7.7229E-10 7.6934E-10 7.6566E-10 7.6095E-10 7.5541E-10 7.4908E-10 7.4119E-10 7.3288E-10 7.2197E-10 7.0975E-10 6.9674E-10 6.8121E-10 6.6414E-10 6.4577E-10 6.2477E-10 6.0287E-10 5.7790E-10 5.5109E-10 5.2304E-10 4.9350E-10 4.6388E-10 4.3292E-10 4.0139E-10 3.6970E-10 3.3753E-10 3.0559E-10 2.7416E-10 2.4354E-10 2.1402E-10 1.8243E-10 1.4955E-10 8.1701E-11 5.9187E-11 3.7355E-11 2.4687E-11 7.9577E-12 0.0000E+00 0.0000E+00 0.0000E+00 0.0000E+00 0.0000E+00 0.0000E+00 0.0000E+00 0.0000E+00
7.7888E-10 7.8583E-10 7.9209E-10 7.9822E-10 8.0366E-10 8.0827E-10 8.1199E-10 8.1452E-10 8.1621E-10 8.1704E-10 8.1753E-10 8.1770E-10 8.1686E-10 8.1524E-10 8.1286E-10 8.0935E-10 8.0495E-10 7.9960E-10 7.9248E-10 7.8431E-10 7.7508E-10 7.6367E-10 7.5160E-10 7.3668E-10 7.2017E-10 7.0245E-10 6.8153E-10 6.5872E-10 6.3440E-10 6.0735E-10 5.7897E-10 5.4917E-10 5.1855E-10 4.8621E-10 4.5210E-10 4.1747E-10 3.8326E-10 3.4904E-10 3.1510E-10 2.8179E-10 2.4941E-10 2.1829E-10 1.8767E-10 1.5461E-10 1.1996E-10 6.9096E-11 3.4543E-11 2.0836E-11 1.3451E-11 5.8833E-12 0.0000E+00 0.0000E+00 0.0000E+00 0.0000E+00 0.0000E+00 0.0000E+00 0.0000E+00
8.1718E-10 8.2545E-10 8.3295E-10 8.3949E-10 8.4490E-10 8.4949E-10 8.5347E-10 8.5695E-10 8.5949E-10 8.6141E-10 8.6274E-10 8.6270E-10 8.6190E-10 8.6040E-10 8.5775E-10 8.5444E-10 8.5057E-10 8.4489E-10 8.3806E-10 8.3018E-10 8.1978E-10 8.0834E-10 7.9457E-10 7.7859E-10 7.6157E-10 7.4123E-10 7.1888E-10 6.9502E-10 6.6803E-10 6.3965E-10 6.0974E-10 5.7785E-10 5.4447E-10 5.0902E-10 4.7279E-10 4.3646E-10 3.9985E-10 3.6211E-10 3.2501E-10 2.8968E-10 2.5544E-10 2.2263E-10 1.9160E-10 1.5711E-10 1.2227E-10 8.7869E-11 4.5445E-11 2.0010E-11 1.2791E-11 2.9511E-12 0.0000E+00 0.0000E+00 0.0000E+00 0.0000E+00 0.0000E+00 0.0000E+00 0.0000E+00
8.5837E-10 8.6674E-10 8.7431E-10 8.8137E-10 8.8802E-10 8.9375E-10 8.9855E-10 9.0198E-10 9.0477E-10 9.0711E-10 9.0934E-10 9.1079E-10 9.1150E-10 9.1091E-10 9.0932E-10 9.0680E-10 9.0198E-10 8.9609E-10 8.8935E-10 8.7998E-10 8.6921E-10 8.5727E-10 8.4256E-10 8.2637E-10 8.0743E-10 7.8593E-10 7.6288E-10 7.3602E-10 7.0700E-10 6.7615E-10 6.4268E-10 6.0820E-10 5.7158E-10 5.3359E-10 4.9565E-10 4.5673E-10 4.1681E-10 3.7630E-10 3.3751E-10 2.9940E-10 2.6164E-10 2.2706E-10 1.9448E-10 1.6127E-10 1.2496E-10 9.0321E-11 5.9038E-11 3.5700E-11 9.6880E-12 0.0000E+00 0.0000E+00 0.0000E+00 0.0000E+00 0.0000E+00 0.0000E+00 0.0000E+00 0.0000E+00
8.9973E-10 9.0949E-10 9.1849E-10 9.2661E-10 9.3338E-10 9.3914E-10 9.4468E-10 9.5020E-10 9.5520E-10 9.5901E-10 9.6148E-10 9.6295E-10 9.6316E-10 9.6242E-10 9.6104E-10 9.5877E-10 9.5497E-10 9.5033E-10 9.4279E-10 9.3375E-10 9.2357E-10 9.1033E-10 8.9493E-10 8.7772E-10 8.5700E-10 8.3476E-10 8.0829E-10 7.7934E-10 7.4863E-10 7.1524E-10 6.8011E-10 6.4241E-10 6.0282E-10 5.6211E-10 5.2014E-10 4.7795E-10 4.3492E-10 3.9249E-10 3.5132E-10 3.1004E-10 2.6997E-10 2.3279E-10 1.9737E-10 1.6257E-10 1.2182E-10 8.5414E-11 5.5829E-11 3.1144E-11 1.2981E-11 0.0000E+00 0.0000E+00 0.0000E+00 0.0000E+00 0.0000E+00 0.0000E+00 0.0000E+00 0.0000E+00
9.4472E-10 9.5560E-10 9.6516E-10 9.7408E-10 9.8306E-10 9.9096E-10 9.9800E-10 1.0039E-09 1.0086E-09 1.0124E-09 1.0168E-09 1.0199E-09 1.0219E-09 1.0229E-09 1.0222E-09 1.0196E-09 1.0154E-09 1.0100E-09 1.0023E-09 9.9371E-10 9.8196E-10 9.6803E-10 9.5248E-10 9.3322E-10 9.1133E-10 8.8729E-10 8.5943E-10 8.2953E-10 7.9628E-10 7.6112E-10 7.2266E-10 6.8201E-10 6.3980E-10 5.9594E-10 5.5103E-10 5.0512E-10 4.5774E-10 4.1209E-10 3.6779E-10 3.2345E-10 2.8142E-10 2.4165E-10 2.0358E-10 1.6709E-10 1.2669E-10 8.9366E-11 5.7966E-11 3.1186E-11 6.6953E-12 0.0000E+00 0.0000E+00 0.0000E+00 0.0000E+00 0.0000E+00 0.0000E+00 0.0000E+00 0.0000E+00
9.9109E-10 1.0032E-09 1.0150E-09 1.0256E-09 1.0344E-09 1.0423E-09 1.0502E-09 1.0582E-09 1.0651E-09 1.0715E-09 1.0760E-09 1.0790E-09 1.0811E-09 1.0819E-09 1.0816E-09 1.0798E-09 1.0768E-09 1.0713E-09 1.0641E-09 1.0554E-09 1.0435E-09 1.0300E-09 1.0124E-09 9.9198E-10 9.6935E-10 9.4232E-10 9.1238E-10 8.7980E-10 8.4434E-10 8.0536E-10 7.6392E-10 7.2062E-10 6.7537E-10 6.2874E-10 5.8090E-10 5.3149E-10 4.8181E-10 4.3368E-10 3.8511E-10 3.3618E-10 2.9232E-10 2.4996E-10 2.0951E-10 1.7086E-10 1.3244E-10 9.4678E-11 6.1280E-11 2.9492E-11 7.4412E-13 0.0000E+00 0.0000E+00 0.0000E+00 0.0000E+00 0.0000E+00 0.0000E+00 0.0000E+00 0.0000E+00
1.0412E-09 1.0545E-09 1.0665E-09 1.0774E-09 1.0888E-09 1.1001E-09 1.1101E-09 1.1184E-09 1.1260E-09 1.1323E-09 1.1382E-09 1.1432E-09 1.1465E-09 1.1488E-09 1.1489E-09 1.1479E-09 1.1444E-09 1.1392E-09 1.1328E-09 1.1232E-09 1.1112E-09 1.0969E-09 1.0785E-09 1.0578E-09 1.0322E-09 1.0034E-09 9.7169E-10 9.3611E-10 8.9771E-10 8.5604E-10 8.1255E-10 7.6583E-10 7.1715E-10 6.6662E-10 6.1440E-10 5.6124E-10 5.0894E-10 4.5724E-10 4.0529E-10 3.5480E-10 3.0768E-10 2.6101E-10 2.1533E-10 1.7153E-10 1.3245E-10 9.3594E-11 5.9041E-11 2.7830E-11 2.3606E-12 0.0000E+00 0.0000E+00 0.0000E+00 0.0000E+00 0.0000E+00 0.0000E+00 0.0000E+00 0.0000E+00
1.0924E-09 1.1065E-09 1.1209E-09 1.1345E-09 1.1482E-09 1.1597E-09 1.1702E-09 1.1811E-09 1.1905E-09 1.1987E-09 1.2059E-09 1.2112E-09 1.2156E-09 1.2185E-09 1.2207E-09 1.2204E-09 1.2182E-09 1.2150E-09 1.2082E-09 1.1985E-09 1.1867E-09 1.1705E-09 1.1510E-09 1.1283E-09 1.1011E-09 1.0709E-09 1.0363E-09 9.9868E-10 9.5711E-10 9.1249E-10 8.6527E-10 8.1468E-10 7.6167E-10 7.0681E-10 6.5052E-10 5.9435E-10 5.3830E-10 4.8223E-10 4.2644E-10 3.7335E-10 3.2262E-10 2.7385E-10 2.2734E-10 1.8059E-10 1.4033E-10 1.0287E-10 6.5908E-11 2.6242E-11 5.5706E-12 1.0276E-12 0.0000E+00 0.0000E+00 0.0000E+00 0.0000E+00 0.0000E+00 0.0000E+00 0.0000E+00
1.1467E-09 1.1632E-09 1.1789E-09 1.1941E-09 1.2088E-09 1.2227E-09 1.2363E-09 1.2480E-09 1.2584E-09 1.2681E-09 1.2770E-09 1.2848E-09 1.2909E-09 1.2953E-09 1.2982E-09 1.2987E-09 1.2982E-09 1.2942E-09 1.2876E-09 1.2789E-09 1.2655E-09 1.2486E-09 1.2285E-09 1.2034E-09 1.1745E-09 1.1418E-09 1.1052E-09 1.0642E-09 1.0195E-09 9.7184E-10 9.2031E-10 8.6605E-10 8.0947E-10 7.5106E-10 6.9137E-10 6.3101E-10 5.7029E-10 5.0956E-10 4.5044E-10 3.9425E-10 3.4013E-10 2.8451E-10 2.3522E-10 1.8732E-10 1.5026E-10 1.1436E-10 7.1282E-11 2.8780E-11 1.5054E-11 3.7648E-12 4.5308E-13 0.0000E+00 0.0000E+00 0.0000E+00 0.0000E+00 0.0000E+00 0.0000E+00
1.2039E-09 1.2211E-09 1.2396E-09 1.2571E-09 1.2733E-09 1.2891E-09 1.3038E-09 1.3181E-09 1.3318E-09 1.3436E-09 1.3543E-09 1.3630E-09 1.3702E-09 1.3764E-09 1.3803E-09 1.3826E-09 1.3828E-09 1.3797E-09 1.3746E-09 1.3646E-09 1.3508E-09 1.3338E-09 1.3114E-09 1.2847E-09 1.2542E-09 1.2193E-09 1.1792E-09 1.1352E-09 1.0876E-09 1.0355E-09 9.7994E-10 9.2143E-10 8.6041E-10 7.9742E-10 7.3309E-10 6.6811E-10 6.0324E-10 5.3925E-10 4.7696E-10 4.1701E-10 3.5878E-10 3.0107E-10 2.4546E-10 1.9581E-10 1.5327E-10 1.1657E-10 7.6212E-11 3.8407E-11 2.2294E-11 8.3913E-12 2.0242E-12 0.0000E+00 0.0000E+00 0.0000E+00 0.0000E+00 0.0000E+00 0.0000E+00
1.2625E-09 1.2838E-09 1.3037E-09 1.3220E-09 1.3410E-09 1.3599E-09 1.3775E-09 1.3947E-09 1.4093E-09 1.4228E-09 1.4352E-09 1.4458E-09 1.4557E-09 1.4633E-09 1.4694E-09 1.4737E-09 1.4745E-09 1.4726E-09 1.4673E-09 1.4573E-09 1.4440E-09 1.4249E-09 1.4013E-09 1.3735E-09 1.3403E-09 1.3026E-09 1.2598E-09 1.2130E-09 1.1609E-09 1.1048E-09 1.0449E-09 9.8182E-10 9.1599E-10 8.4804E-10 7.7869E-10 7.0872E-10 6.3896E-10 5.7030E-10 5.0363E-10 4.3997E-10 3.7971E-10 3.2005E-10 2.6287E-10 2.1062E-10 1.6653E-10 1.2854E-10 8.5010E-11 5.5177E-11 3.4508E-11 1.5136E-11 6.8370E-12 1.6151E-12 0.0000E+00 0.0000E+00 0.0000E+00 0.0000E+00 0.0000E+00
1.3259E-09 1.3479E-09 1.3694E-09 1.3927E-09 1.4146E-09 1.4351E-09 1.4547E-09 1.4732E-09 1.4908E-09 1.5072E-09 1.5217E-09 1.5351E-09 1.5472E-09 1.5576E-09 1.5662E-09 1.5715E-09 1.5740E-09 1.5733E-09 1.5676E-09 1.5575E-09 1.5434E-09 1.5235E-09 1.4991E-09 1.4689E-09 1.4338E-09 1.3930E-09 1.3471E-09 1.2965E-09 1.2404E-09 1.1799E-09 1.1154E-09 1.0473E-09 9.7617E-10 9.0282E-10 8.2801E-10 7.5262E-10 6.7760E-10 6.0391E-10 5.3274E-10 4.6452E-10 3.9636E-10 3.3037E-10 2.7118E-10 2.2335E-10 1.8202E-10 1.3592E-10 9.2979E-11 7.0744E-11 4.7570E-11 2.7445E-11 1.3088E-11 5.1519E-12 1.1254E-12 0.0000E+00 0.0000E+00 0.0000E+00 0.0000E+00
1.3903E-09 1.4157E-09 1.4422E-09 1.4671E-09 1.4902E-09 1.5139E-09 1.5361E-09 1.5573E-09 1.5773E-09 1.5958E-09 1.6134E-09 1.6298E-09 1.6447E-09 1.6576E-09 1.6681E-09 1.6754E-09 1.6796E-09 1.6788E-09 1.6735E-09 1.6639E-09 1.6483E-09 1.6276E-09 1.6016E-09 1.5699E-09 1.5321E-09 1.4887E-09 1.4399E-09 1.3849E-09 1.3247E-09 1.2595E-09 1.1898E-09 1.1162E-09 1.0394E-09 9.6010E-10 8.7926E-10 7.9785E-10 7.1690E-10 6.3781E-10 5.6161E-10 4.8896E-10 4.1765E-10 3.4857E-10 2.8765E-10 2.3465E-10 1.8827E-10 1.4379E-10 1.0780E-10 8.6409E-11 6.0406E-11 3.8964E-11 1.9509E-11 1.2096E-11 4.2193E-12 6.3787E-13 0.0000E+00 0.0000E+00 0.0000E+00
1.4597E-09 1.4892E-09 1.5168E-09 1.5437E-09 1.5713E-09 1.5972E-09 1.6221E-09 1.6462E-09 1.6692E-09 1.6918E-09 1.7133E-09 1.7334E-09 1.7515E-09 1.7672E-09 1.7801E-09 1.7896E-09 1.7945E-09 1.7947E-09 1.7905E-09 1.7805E-09 1.7651E-09 1.7441E-09 1.7169E-09 1.6830E-09 1.6426E-09 1.5964E-09 1.5432E-09 1.4839E-09 1.4189E-09 1.3485E-09 1.2733E-09 1.1938E-09 1.1108E-09 1.0252E-09 9.3815E-10 8.5063E-10 7.6386E-10 6.7916E-10 5.9736E-10 5.1954E-10 4.4372E-10 3.7118E-10 3.0817E-10 2.5311E-10 2.0590E-10 1.5473E-10 1.2559E-10 1.0532E-10 7.8873E-11 5.5660E-11 2.8740E-11 1.7822E-11 1.0960E-11 3.9537E-12 6.6818E-13 0.0000E+00 0.0000E+00
1.5330E-09 1.5641E-09 1.5948E-09 1.6262E-09 1.6560E-09 1.6850E-09 1.7136E-09 1.7415E-09 1.7689E-09 1.7949E-09 1.8201E-09 1.8437E-09 1.8651E-09 1.8838E-09 1.8990E-09 1.9103E-09 1.9170E-09 1.9189E-09 1.9151E-09 1.9051E-09 1.8894E-09 1.8670E-09 1.8375E-09 1.8013E-09 1.7587E-09 1.7084E-09 1.6513E-09 1.5875E-09 1.5174E-09 1.4415E-09 1.3602E-09 1.2742E-09 1.1845E-09 1.0920E-09 9.9794E-10 9.0366E-10 8.1053E-10 7.1948E-10 6.3213E-10 5.4553E-10 4.6131E-10 3.8633E-10 3.2066E-10 2.6787E-10 2.1668E-10 1.6415E-10 1.4248E-10 1.2145E-10 9.6757E-11 6.9266E-11 4.1909E-11 2.6148E-11 1.7539E-11 9.6145E-12 2.7173E-12 7.7236E-13 0.0000E+00
1.6085E-09 1.6430E-09 1.6782E-09 1.7120E-09 1.7453E-09 1.7791E-09 1.8116E-09 1.8438E-09 1.8751E-09 1.9056E-09 1.9350E-09 1.9622E-09 1.9874E-09 2.0096E-09 2.0277E-09 2.0411E-09 2.0491E-09 2.0519E-09 2.0482E-09 2.0388E-09 2.0221E-09 1.9986E-09 1.9679E-09 1.9304E-09 1.8844E-09 1.8308E-09 1.7696E-09 1.7011E-09 1.6256E-09 1.5434E-09 1.4554E-09 1.3625E-09 1.2655E-09 1.1656E-09 1.0642E-09 9.6276E-10 8.6235E-10 7.6466E-10 6.7140E-10 5.7918E-10 4.9092E-10 4.1263E-10 3.4409E-10 2.8480E-10 2.2995E-10 1.8501E-10 1.6107E-10 1.3767E-10 1.1427E-10 8.3242E-11 5.7381E-11 3.6560E-11 2.4155E-11 1.6531E-11 8.3323E-12 3.2018E-12 1.0065E-12
1.6877E-09 1.7267E-09 1.7649E-09 1.8029E-09 1.8415E-09 1.8788E-09 1.9160E-09 1.9528E-09 1.9889E-09 2.0245E-09 2.0584E-09 2.0906E-09 2.1199E-09 2.1449E-09 2.1652E-09 2.1805E-09 2.1905E-09 2.1942E-09 2.1917E-09 2.1829E-09 2.1666E-09 2.1423E-09 2.1101E-09 2.0700E-09 2.0210E-09 1.9636E-09 1.8979E-09 1.8241E-09 1.7425E-09 1.6538E-09 1.5587E-09 1.4580E-09 1.3531E-09 1.2452E-09 1.1358E-09 1.0261E-09 9.1803E-10 8.1361E-10 7.1337E-10 6.1084E-10 5.2446E-10 4.4299E-10 3.7179E-10 3.0616E-10 2.3555E-10 2.0639E-10 1.7993E-10 1.5568E-10 1.3352E-10 1.0021E-10 7.6389E-11 4.8483E-11 3.3851E-11 2.4046E-11 1.5389E-11 7.7495E-12 3.7300E-12
1.7715E-09 1.8140E-09 1.8569E-09 1.9003E-09 1.9427E-09 1.9849E-09 2.0275E-09 2.0694E-09 2.1115E-09 2.1528E-09 2.1919E-09 2.2285E-09 2.2608E-09 2.2888E-09 2.3121E-09 2.3302E-09 2.3426E-09 2.3485E-09 2.3477E-09 2.3393E-09 2.3227E-09 2.2976E-09 2.2641E-09 2.2207E-09 2.1681E-09 2.1064E-09 2.0354E-09 1.9556E-09 1.8674E-09 1.7713E-09 1.6682E-09 1.5593E-09 1.4457E-09 1.3293E-09 1.2110E-09 1.0930E-09 9.7761E-10 8.6545E-10 7.5448E-10 6.4792E-10 5.5174E-10 4.6657E-10 3.9186E-10 3.2566E-10 2.6372E-10 2.3172E-10 2.0190E-10 1.7383E-10 1.4923E-10 1.1862E-10 9.3163E-11 6.3708E-11 4.5456E-11 3.2217E-11 2.3713E-11 1.5029E-11 7.7210E-12
1.8591E-09 1.9066E-09 1.9549E-09 2.0023E-09 2.0499E-09 2.0984E-09 2.1462E-09 2.1956E-09 2.2439E-09 2.2901E-09 2.3343E-09 2.3748E-09 2.4109E-09 2.4432E-09 2.4704E-09 2.4917E-09 2.5070E-09 2.5151E-09 2.5155E-09 2.5073E-09 2.4902E-09 2.4642E-09 2.4281E-09 2.3821E-09 2.3260E-09 2.2597E-09 2.1837E-09 2.0982E-09 2.0032E-09 1.8996E-09 1.7882E-09 1.6705E-09 1.5480E-09 1.4217E-09 1.2940E-09 1.1674E-09 1.0425E-09 9.2222E-10 8.0477E-10 6.9212E-10 5.9151E-10 5.0334E-10 4.2574E-10 3.4480E-10 2.9528E-10 2.5901E-10 2.2483E-10 1.9496E-10 1.6805E-10 1.4142E-10 1.0679E-10 7.7354E-11 5.9760E-11 4.4153E-11 3.2485E-11 2.2722E-11 1.4022E-11
1.9515E-09 2.0046E-09 2.0573E-09 2.1102E-09 2.1648E-09 2.2200E-09 2.2754E-09 2.3309E-09 2.3842E-09 2.4366E-09 2.4857E-09 2.5308E-09 2.5725E-09 2.6094E-09 2.6404E-09 2.6654E-09 2.6831E-09 2.6929E-09 2.6944E-09 2.6869E-09 2.6700E-09 2.6428E-09 2.6059E-09 2.5580E-09 2.4988E-09 2.4283E-09 2.3464E-09 2.2534E-09 2.1502E-09 2.0376E-09 1.9168E-09 1.7893E-09 1.6561E-09 1.5197E-09 1.3827E-09 1.2458E-09 1.1123E-09 9.7949E-10 8.4968E-10 7.3216E-10 6.3361E-10 5.4641E-10 4.5626E-10 3.7145E-10 3.2799E-10 2.8831E-10 2.5190E-10 2.1870E-10 1.8768E-10 1.6041E-10 1.2407E-10 9.4966E-11 7.3037E-11 5.6278E-11 4.3397E-11 3.2082E-11 2.1477E-11
