Assets/Resources/2015_m01_d31_0300(utc+0800)_l00_csi_1hr_conc.grd
DSAA
         159         159
     -79.000      79.000
     -79.000      79.000
  0.0000E+00  0.6605E-05
[rows 0 to 24 of 159, columns 57 to 113 of 159]
8.9169E-09 9.3809E-09 9.7493E-09 1.0008E-08 1.0147E-08 1.0160E-08 1.0047E-08 9.8097E-09 9.4575E-09 9.0026E-09 8.4608E-09 7.8502E-09 7.1906E-09 6.5021E-09 5.8042E-09 5.1149E-09 4.4486E-09 3.8181E-09 3.2340E-09 2.7064E-09 2.2357E-09 1.8181E-09 1.4616E-09 1.1602E-09 9.0337E-10 6.9673E-10 5.2704E-10 3.8999E-10 2.7838E-10 1.9491E-10 1.2030E-10 3.8913E-11 1.3566E-11 0.0000E+00 0.0000E+00 0.0000E+00 0.0000E+00 0.0000E+00 0.0000E+00 0.0000E+00 0.0000E+00 0.0000E+00 0.0000E+00 0.0000E+00 0.0000E+00 0.0000E+00 0.0000E+00 0.0000E+00 0.0000E+00 0.0000E+00 0.0000E+00 0.0000E+00 0.0000E+00 0.0000E+00 0.0000E+00 0.0000E+00 0.0000E+00
9.5314E-09 1.0042E-08 1.0449E-08 1.0738E-08 1.0896E-08 1.0917E-08 1.0800E-08 1.0549E-08 1.0171E-08 9.6816E-09 9.0967E-09 8.4366E-09 7.7226E-09 6.9771E-09 6.2213E-09 5.4746E-09 4.7558E-09 4.0780E-09 3.4505E-09 2.8794E-09 2.3715E-09 1.9301E-09 1.5461E-09 1.2219E-09 9.5424E-10 7.3050E-10 5.5081E-10 4.0851E-10 2.9851E-10 2.0085E-10 1.2185E-10 4.0876E-11 1.5742E-11 0.0000E+00 0.0000E+00 0.0000E+00 0.0000E+00 0.0000E+00 0.0000E+00 0.0000E+00 0.0000E+00 0.0000E+00 0.0000E+00 0.0000E+00 0.0000E+00 0.0000E+00 0.0000E+00 0.0000E+00 0.0000E+00 0.0000E+00 0.0000E+00 0.0000E+00 0.0000E+00 0.0000E+00 0.0000E+00 0.0000E+00 0.0000E+00
1.0113E-08 1.0669E-08 1.1114E-08 1.1432E-08 1.1611E-08 1.1641E-08 1.1523E-08 1.1259E-08 1.0858E-08 1.0335E-08 9.7081E-09 9.0003E-09 8.2348E-09 7.4352E-09 6.6250E-09 5.8245E-09 5.0522E-09 4.3237E-09 3.6522E-09 3.0453E-09 2.5041E-09 2.0292E-09 1.6263E-09 1.2828E-09 9.9667E-10 7.6366E-10 5.7604E-10 4.2643E-10 3.0470E-10 2.0126E-10 1.2365E-10 4.3135E-11 1.7566E-11 0.0000E+00 0.0000E+00 0.0000E+00 0.0000E+00 0.0000E+00 0.0000E+00 0.0000E+00 0.0000E+00 0.0000E+00 0.0000E+00 0.0000E+00 0.0000E+00 0.0000E+00 0.0000E+00 0.0000E+00 0.0000E+00 0.0000E+00 0.0000E+00 0.0000E+00 0.0000E+00 0.0000E+00 0.0000E+00 0.0000E+00 0.0000E+00
1.0652E-08 1.1253E-08 1.1737E-08 1.2086E-08 1.2286E-08 1.2328E-08 1.2210E-08 1.1935E-08 1.1513E-08 1.0959E-08 1.0294E-08 9.5402E-09 8.7240E-09 7.8706E-09 7.0055E-09 6.1523E-09 5.3315E-09 4.5585E-09 3.8435E-09 3.1963E-09 2.6244E-09 2.1264E-09 1.6957E-09 1.3365E-09 1.0366E-09 7.9220E-10 5.9571E-10 4.3590E-10 3.1345E-10 2.0669E-10 1.1836E-10 4.4780E-11 1.6342E-11 0.0000E+00 0.0000E+00 0.0000E+00 0.0000E+00 0.0000E+00 0.0000E+00 0.0000E+00 0.0000E+00 0.0000E+00 0.0000E+00 0.0000E+00 0.0000E+00 0.0000E+00 0.0000E+00 0.0000E+00 0.0000E+00 0.0000E+00 0.0000E+00 0.0000E+00 0.0000E+00 0.0000E+00 0.0000E+00 0.0000E+00 0.0000E+00
1.1138E-08 1.1784E-08 1.2308E-08 1.2689E-08 1.2912E-08 1.2966E-08 1.2848E-08 1.2564E-08 1.2123E-08 1.1541E-08 1.0839E-08 1.0043E-08 9.1800E-09 8.2779E-09 7.3627E-09 6.4592E-09 5.5889E-09 4.7699E-09 4.0173E-09 3.3381E-09 2.7334E-09 2.2083E-09 1.7623E-09 1.3830E-09 1.0721E-09 8.1683E-10 6.1286E-10 4.5125E-10 3.2221E-10 2.1256E-10 1.0181E-10 4.8251E-11 1.5129E-11 0.0000E+00 0.0000E+00 0.0000E+00 0.0000E+00 0.0000E+00 0.0000E+00 0.0000E+00 0.0000E+00 0.0000E+00 0.0000E+00 0.0000E+00 0.0000E+00 0.0000E+00 0.0000E+00 0.0000E+00 0.0000E+00 0.0000E+00 0.0000E+00 0.0000E+00 0.0000E+00 0.0000E+00 0.0000E+00 0.0000E+00 0.0000E+00
1.1562E-08 1.2250E-08 1.2812E-08 1.3224E-08 1.3470E-08 1.3539E-08 1.3426E-08 1.3136E-08 1.2679E-08 1.2072E-08 1.1337E-08 1.0501E-08 9.5948E-09 8.6462E-09 7.6844E-09 6.7356E-09 5.8235E-09 4.9646E-09 4.1728E-09 3.4589E-09 2.8301E-09 2.2823E-09 1.8131E-09 1.4241E-09 1.0992E-09 8.3800E-10 6.2555E-10 4.5937E-10 3.2521E-10 2.1054E-10 1.0007E-10 4.5850E-11 1.0773E-11 0.0000E+00 0.0000E+00 0.0000E+00 0.0000E+00 0.0000E+00 0.0000E+00 0.0000E+00 0.0000E+00 0.0000E+00 0.0000E+00 0.0000E+00 0.0000E+00 0.0000E+00 0.0000E+00 0.0000E+00 0.0000E+00 0.0000E+00 0.0000E+00 0.0000E+00 0.0000E+00 0.0000E+00 0.0000E+00 0.0000E+00 0.0000E+00
1.1918E-08 1.2648E-08 1.3246E-08 1.3689E-08 1.3959E-08 1.4043E-08 1.3937E-08 1.3644E-08 1.3174E-08 1.2546E-08 1.1783E-08 1.0913E-08 9.9679E-09 8.9775E-09 7.9725E-09 6.9805E-09 6.0262E-09 5.1306E-09 4.3088E-09 3.5670E-09 2.9095E-09 2.3428E-09 1.8604E-09 1.4530E-09 1.1231E-09 8.5089E-10 6.3644E-10 4.6528E-10 3.2870E-10 2.0747E-10 1.0280E-10 4.5334E-11 5.4944E-12 0.0000E+00 0.0000E+00 0.0000E+00 0.0000E+00 0.0000E+00 0.0000E+00 0.0000E+00 0.0000E+00 0.0000E+00 0.0000E+00 0.0000E+00 0.0000E+00 0.0000E+00 0.0000E+00 0.0000E+00 0.0000E+00 0.0000E+00 0.0000E+00 0.0000E+00 0.0000E+00 0.0000E+00 0.0000E+00 0.0000E+00 0.0000E+00
1.2196E-08 1.2965E-08 1.3600E-08 1.4074E-08 1.4369E-08 1.4470E-08 1.4372E-08 1.4078E-08 1.3599E-08 1.2954E-08 1.2167E-08 1.1268E-08 1.0288E-08 9.2608E-09 8.2183E-09 7.1913E-09 6.2031E-09 5.2738E-09 4.4192E-09 3.6525E-09 2.9773E-09 2.3895E-09 1.8916E-09 1.4785E-09 1.1344E-09 8.6286E-10 6.4082E-10 4.7064E-10 3.2617E-10 1.9655E-10 1.0085E-10 4.1310E-11 7.6433E-13 0.0000E+00 0.0000E+00 0.0000E+00 0.0000E+00 0.0000E+00 0.0000E+00 0.0000E+00 0.0000E+00 0.0000E+00 0.0000E+00 0.0000E+00 0.0000E+00 0.0000E+00 0.0000E+00 0.0000E+00 0.0000E+00 0.0000E+00 0.0000E+00 0.0000E+00 0.0000E+00 0.0000E+00 0.0000E+00 0.0000E+00 0.0000E+00
1.2398E-08 1.3203E-08 1.3871E-08 1.4375E-08 1.4695E-08 1.4814E-08 1.4727E-08 1.4437E-08 1.3953E-08 1.3296E-08 1.2491E-08 1.1567E-08 1.0558E-08 9.5003E-09 8.4248E-09 7.3633E-09 6.3433E-09 5.3874E-09 4.5106E-09 3.7200E-09 3.0235E-09 2.4254E-09 1.9157E-09 1.4907E-09 1.1463E-09 8.6375E-10 6.4595E-10 4.6592E-10 3.2236E-10 1.9271E-10 9.8450E-11 3.4558E-11 0.0000E+00 0.0000E+00 0.0000E+00 0.0000E+00 0.0000E+00 0.0000E+00 0.0000E+00 0.0000E+00 0.0000E+00 0.0000E+00 0.0000E+00 0.0000E+00 0.0000E+00 0.0000E+00 0.0000E+00 0.0000E+00 0.0000E+00 0.0000E+00 0.0000E+00 0.0000E+00 0.0000E+00 0.0000E+00 0.0000E+00 0.0000E+00 0.0000E+00
1.2520E-08 1.3358E-08 1.4059E-08 1.4593E-08 1.4937E-08 1.5077E-08 1.5004E-08 1.4720E-08 1.4236E-08 1.3570E-08 1.2749E-08 1.1806E-08 1.0773E-08 9.6882E-09 8.5870E-09 7.5004E-09 6.4552E-09 5.4734E-09 4.5729E-09 3.7684E-09 3.0591E-09 2.4443E-09 1.9284E-09 1.4983E-09 1.1456E-09 8.6618E-10 6.4122E-10 4.6313E-10 3.1792E-10 1.9435E-10 8.4598E-11 2.1540E-11 0.0000E+00 0.0000E+00 0.0000E+00 0.0000E+00 0.0000E+00 0.0000E+00 0.0000E+00 0.0000E+00 0.0000E+00 0.0000E+00 0.0000E+00 0.0000E+00 0.0000E+00 0.0000E+00 0.0000E+00 0.0000E+00 0.0000E+00 0.0000E+00 0.0000E+00 0.0000E+00 0.0000E+00 0.0000E+00 0.0000E+00 0.0000E+00 0.0000E+00
1.2567E-08 1.3436E-08 1.4165E-08 1.4727E-08 1.5096E-08 1.5255E-08 1.5196E-08 1.4921E-08 1.4439E-08 1.3771E-08 1.2942E-08 1.1985E-08 1.0936E-08 9.8308E-09 8.7069E-09 7.5974E-09 6.5316E-09 5.5344E-09 4.6190E-09 3.7965E-09 3.0767E-09 2.4581E-09 1.9310E-09 1.4974E-09 1.1434E-09 8.5922E-10 6.3589E-10 4.5641E-10 3.1151E-10 1.8700E-10 8.0822E-11 7.7615E-12 0.0000E+00 0.0000E+00 0.0000E+00 0.0000E+00 0.0000E+00 0.0000E+00 0.0000E+00 0.0000E+00 0.0000E+00 0.0000E+00 0.0000E+00 0.0000E+00 0.0000E+00 0.0000E+00 0.0000E+00 0.0000E+00 0.0000E+00 0.0000E+00 0.0000E+00 0.0000E+00 0.0000E+00 0.0000E+00 0.0000E+00 0.0000E+00 0.0000E+00
1.2539E-08 1.3432E-08 1.4188E-08 1.4777E-08 1.5171E-08 1.5353E-08 1.5312E-08 1.5048E-08 1.4573E-08 1.3905E-08 1.3071E-08 1.2105E-08 1.1043E-08 9.9253E-09 8.7875E-09 7.6635E-09 6.5819E-09 5.5672E-09 4.6395E-09 3.8106E-09 3.0805E-09 2.4522E-09 1.9273E-09 1.4875E-09 1.1341E-09 8.4924E-10 6.2529E-10 4.4353E-10 3.0689E-10 1.8442E-10 7.0639E-11 2.5510E-12 0.0000E+00 0.0000E+00 0.0000E+00 0.0000E+00 0.0000E+00 0.0000E+00 0.0000E+00 0.0000E+00 0.0000E+00 0.0000E+00 0.0000E+00 0.0000E+00 0.0000E+00 0.0000E+00 0.0000E+00 0.0000E+00 0.0000E+00 0.0000E+00 0.0000E+00 0.0000E+00 0.0000E+00 0.0000E+00 0.0000E+00 0.0000E+00 0.0000E+00
1.2438E-08 1.3355E-08 1.4136E-08 1.4750E-08 1.5168E-08 1.5372E-08 1.5350E-08 1.5103E-08 1.4638E-08 1.3976E-08 1.3144E-08 1.2175E-08 1.1106E-08 9.9779E-09 8.8282E-09 7.6916E-09 6.6017E-09 5.5806E-09 4.6437E-09 3.8042E-09 3.0722E-09 2.4432E-09 1.9099E-09 1.4756E-09 1.1181E-09 8.3773E-10 6.0771E-10 4.3555E-10 3.0288E-10 1.6852E-10 5.2493E-11 1.0131E-12 0.0000E+00 0.0000E+00 0.0000E+00 0.0000E+00 0.0000E+00 0.0000E+00 0.0000E+00 0.0000E+00 0.0000E+00 0.0000E+00 0.0000E+00 0.0000E+00 0.0000E+00 0.0000E+00 0.0000E+00 0.0000E+00 0.0000E+00 0.0000E+00 0.0000E+00 0.0000E+00 0.0000E+00 0.0000E+00 0.0000E+00 0.0000E+00 0.0000E+00
1.2280E-08 1.3216E-08 1.4019E-08 1.4655E-08 1.5097E-08 1.5323E-08 1.5322E-08 1.5092E-08 1.4642E-08 1.3989E-08 1.3163E-08 1.2196E-08 1.1127E-08 9.9960E-09 8.8413E-09 7.6980E-09 6.5991E-09 5.5685E-09 4.6290E-09 3.7891E-09 3.0504E-09 2.4197E-09 1.8916E-09 1.4511E-09 1.1018E-09 8.1570E-10 5.9302E-10 4.2234E-10 2.9383E-10 1.5706E-10 3.4752E-11 2.0072E-13 0.0000E+00 0.0000E+00 0.0000E+00 0.0000E+00 0.0000E+00 0.0000E+00 0.0000E+00 0.0000E+00 0.0000E+00 0.0000E+00 0.0000E+00 0.0000E+00 0.0000E+00 0.0000E+00 0.0000E+00 0.0000E+00 0.0000E+00 0.0000E+00 0.0000E+00 0.0000E+00 0.0000E+00 0.0000E+00 0.0000E+00 0.0000E+00 0.0000E+00
1.2067E-08 1.3017E-08 1.3841E-08 1.4501E-08 1.4969E-08 1.5219E-08 1.5241E-08 1.5032E-08 1.4598E-08 1.3960E-08 1.3143E-08 1.2182E-08 1.1114E-08 9.9815E-09 8.8230E-09 7.6777E-09 6.5774E-09 5.5449E-09 4.6001E-09 3.7559E-09 3.0224E-09 2.3910E-09 1.8616E-09 1.4297E-09 1.0750E-09 7.9667E-10 5.7128E-10 4.0968E-10 2.8162E-10 1.3201E-10 2.2225E-11 0.0000E+00 0.0000E+00 0.0000E+00 0.0000E+00 0.0000E+00 0.0000E+00 0.0000E+00 0.0000E+00 0.0000E+00 0.0000E+00 0.0000E+00 0.0000E+00 0.0000E+00 0.0000E+00 0.0000E+00 0.0000E+00 0.0000E+00 0.0000E+00 0.0000E+00 0.0000E+00 0.0000E+00 0.0000E+00 0.0000E+00 0.0000E+00 0.0000E+00 0.0000E+00
1.1812E-08 1.2779E-08 1.3623E-08 1.4307E-08 1.4799E-08 1.5076E-08 1.5123E-08 1.4937E-08 1.4523E-08 1.3901E-08 1.3096E-08 1.2143E-08 1.1081E-08 9.9511E-09 8.7930E-09 7.6444E-09 6.5388E-09 5.5045E-09 4.5619E-09 3.7180E-09 2.9797E-09 2.3540E-09 1.8280E-09 1.3956E-09 1.0487E-09 7.6909E-10 5.5353E-10 3.9647E-10 2.6632E-10 1.1040E-10 1.7307E-11 0.0000E+00 0.0000E+00 0.0000E+00 0.0000E+00 0.0000E+00 0.0000E+00 0.0000E+00 0.0000E+00 0.0000E+00 0.0000E+00 0.0000E+00 0.0000E+00 0.0000E+00 0.0000E+00 0.0000E+00 0.0000E+00 0.0000E+00 0.0000E+00 0.0000E+00 0.0000E+00 0.0000E+00 0.0000E+00 0.0000E+00 0.0000E+00 0.0000E+00 0.0000E+00
1.1533E-08 1.2514E-08 1.3374E-08 1.4078E-08 1.4595E-08 1.4899E-08 1.4973E-08 1.4811E-08 1.4421E-08 1.3817E-08 1.3027E-08 1.2084E-08 1.1029E-08 9.9023E-09 8.7463E-09 7.6003E-09 6.4962E-09 5.4599E-09 4.5125E-09 3.6711E-09 2.9395E-09 2.3094E-09 1.7894E-09 1.3605E-09 1.0149E-09 7.4014E-10 5.3508E-10 3.7407E-10 2.3214E-10 8.1856E-11 1.0492E-11 0.0000E+00 0.0000E+00 0.0000E+00 0.0000E+00 0.0000E+00 0.0000E+00 0.0000E+00 0.0000E+00 0.0000E+00 0.0000E+00 0.0000E+00 0.0000E+00 0.0000E+00 0.0000E+00 0.0000E+00 0.0000E+00 0.0000E+00 0.0000E+00 0.0000E+00 0.0000E+00 0.0000E+00 0.0000E+00 0.0000E+00 0.0000E+00 0.0000E+00 0.0000E+00
1.1230E-08 1.2224E-08 1.3105E-08 1.3836E-08 1.4382E-08 1.4714E-08 1.4816E-08 1.4681E-08 1.4313E-08 1.3729E-08 1.2953E-08 1.2022E-08 1.0974E-08 9.8509E-09 8.6954E-09 7.5471E-09 6.4407E-09 5.4070E-09 4.4629E-09 3.6182E-09 2.8841E-09 2.2654E-09 1.7421E-09 1.3196E-09 9.7753E-10 7.1387E-10 5.0854E-10 3.4947E-10 2.0752E-10 6.6116E-11 5.6997E-12 0.0000E+00 0.0000E+00 0.0000E+00 0.0000E+00 0.0000E+00 0.0000E+00 0.0000E+00 0.0000E+00 0.0000E+00 0.0000E+00 0.0000E+00 0.0000E+00 0.0000E+00 0.0000E+00 0.0000E+00 0.0000E+00 0.0000E+00 0.0000E+00 0.0000E+00 0.0000E+00 0.0000E+00 0.0000E+00 0.0000E+00 0.0000E+00 0.0000E+00 0.0000E+00
1.0925E-08 1.1934E-08 1.2836E-08 1.3591E-08 1.4163E-08 1.4524E-08 1.4657E-08 1.4551E-08 1.4209E-08 1.3646E-08 1.2886E-08 1.1964E-08 1.0921E-08 9.8010E-09 8.6463E-09 7.4972E-09 6.3883E-09 5.3488E-09 4.4019E-09 3.5646E-09 2.8345E-09 2.2095E-09 1.6981E-09 1.2740E-09 9.4319E-10 6.8053E-10 4.8071E-10 3.2288E-10 1.7565E-10 3.9875E-11 2.1648E-12 0.0000E+00 0.0000E+00 0.0000E+00 0.0000E+00 0.0000E+00 0.0000E+00 0.0000E+00 0.0000E+00 0.0000E+00 0.0000E+00 0.0000E+00 0.0000E+00 0.0000E+00 0.0000E+00 0.0000E+00 0.0000E+00 0.0000E+00 0.0000E+00 0.0000E+00 0.0000E+00 0.0000E+00 0.0000E+00 0.0000E+00 0.0000E+00 0.0000E+00 0.0000E+00
1.0617E-08 1.1640E-08 1.2562E-08 1.3345E-08 1.3949E-08 1.4344E-08 1.4508E-08 1.4431E-08 1.4114E-08 1.3570E-08 1.2825E-08 1.1913E-08 1.0875E-08 9.7552E-09 8.5980E-09 7.4451E-09 6.3348E-09 5.2960E-09 4.3475E-09 3.5030E-09 2.7757E-09 2.1602E-09 1.6426E-09 1.2341E-09 9.0051E-10 6.4868E-10 4.4739E-10 2.9585E-10 1.5520E-10 2.7984E-11 4.2829E-13 0.0000E+00 0.0000E+00 0.0000E+00 0.0000E+00 0.0000E+00 0.0000E+00 0.0000E+00 0.0000E+00 0.0000E+00 0.0000E+00 0.0000E+00 0.0000E+00 0.0000E+00 0.0000E+00 0.0000E+00 0.0000E+00 0.0000E+00 0.0000E+00 0.0000E+00 0.0000E+00 0.0000E+00 0.0000E+00 0.0000E+00 0.0000E+00 0.0000E+00 0.0000E+00
1.0309E-08 1.1351E-08 1.2300E-08 1.3114E-08 1.3752E-08 1.4183E-08 1.4381E-08 1.4335E-08 1.4044E-08 1.3520E-08 1.2790E-08 1.1886E-08 1.0850E-08 9.7283E-09 8.5659E-09 7.4061E-09 6.2863E-09 5.2398E-09 4.2905E-09 3.4505E-09 2.7181E-09 2.1023E-09 1.5996E-09 1.1834E-09 8.6402E-10 6.0722E-10 4.1435E-10 2.7110E-10 1.3103E-10 1.5878E-11 0.0000E+00 0.0000E+00 0.0000E+00 0.0000E+00 0.0000E+00 0.0000E+00 0.0000E+00 0.0000E+00 0.0000E+00 0.0000E+00 0.0000E+00 0.0000E+00 0.0000E+00 0.0000E+00 0.0000E+00 0.0000E+00 0.0000E+00 0.0000E+00 0.0000E+00 0.0000E+00 0.0000E+00 0.0000E+00 0.0000E+00 0.0000E+00 0.0000E+00 0.0000E+00 0.0000E+00
1.0014E-08 1.1076E-08 1.2050E-08 1.2895E-08 1.3569E-08 1.4036E-08 1.4271E-08 1.4258E-08 1.3994E-08 1.3490E-08 1.2773E-08 1.1874E-08 1.0839E-08 9.7124E-09 8.5428E-09 7.3755E-09 6.2505E-09 5.1969E-09 4.2373E-09 3.3890E-09 2.6643E-09 2.0507E-09 1.5437E-09 1.1414E-09 8.1647E-10 5.7060E-10 3.9032E-10 2.4820E-10 9.4716E-11 6.7835E-12 0.0000E+00 0.0000E+00 0.0000E+00 0.0000E+00 0.0000E+00 0.0000E+00 0.0000E+00 0.0000E+00 0.0000E+00 0.0000E+00 0.0000E+00 0.0000E+00 0.0000E+00 0.0000E+00 0.0000E+00 0.0000E+00 0.0000E+00 0.0000E+00 0.0000E+00 0.0000E+00 0.0000E+00 0.0000E+00 0.0000E+00 0.0000E+00 0.0000E+00 0.0000E+00 0.0000E+00
9.7263E-09 1.0808E-08 1.1813E-08 1.2696E-08 1.3411E-08 1.3921E-08 1.4196E-08 1.4218E-08 1.3983E-08 1.3501E-08 1.2795E-08 1.1901E-08 1.0861E-08 9.7259E-09 8.5434E-09 7.3605E-09 6.2194E-09 5.1551E-09 4.1936E-09 3.3428E-09 2.6084E-09 1.9978E-09 1.4950E-09 1.0908E-09 7.7957E-10 5.4089E-10 3.6076E-10 2.2162E-10 7.1872E-11 1.8578E-12 0.0000E+00 0.0000E+00 0.0000E+00 0.0000E+00 0.0000E+00 0.0000E+00 0.0000E+00 0.0000E+00 0.0000E+00 0.0000E+00 0.0000E+00 0.0000E+00 0.0000E+00 0.0000E+00 0.0000E+00 0.0000E+00 0.0000E+00 0.0000E+00 0.0000E+00 0.0000E+00 0.0000E+00 0.0000E+00 0.0000E+00 0.0000E+00 0.0000E+00 0.0000E+00 0.0000E+00
9.4493E-09 1.0559E-08 1.1598E-08 1.2520E-08 1.3277E-08 1.3829E-08 1.4144E-08 1.4202E-08 1.3996E-08 1.3534E-08 1.2839E-08 1.1947E-08 1.0903E-08 9.7571E-09 8.5613E-09 7.3646E-09 6.2096E-09 5.1301E-09 4.1525E-09 3.2958E-09 2.5628E-09 1.9431E-09 1.4460E-09 1.0511E-09 7.4389E-10 5.0856E-10 3.3305E-10 1.9149E-10 4.1453E-11 0.0000E+00 0.0000E+00 0.0000E+00 0.0000E+00 0.0000E+00 0.0000E+00 0.0000E+00 0.0000E+00 0.0000E+00 0.0000E+00 0.0000E+00 0.0000E+00 0.0000E+00 0.0000E+00 0.0000E+00 0.0000E+00 0.0000E+00 0.0000E+00 0.0000E+00 0.0000E+00 0.0000E+00 0.0000E+00 0.0000E+00 0.0000E+00 0.0000E+00 0.0000E+00 0.0000E+00 0.0000E+00
9.1880E-09 1.0322E-08 1.1394E-08 1.2356E-08 1.3159E-08 1.3759E-08 1.4119E-08 1.4216E-08 1.4041E-08 1.3600E-08 1.2916E-08 1.2025E-08 1.0973E-08 9.8126E-09 8.5982E-09 7.3814E-09 6.2084E-09 5.1162E-09 4.1280E-09 3.2563E-09 2.5123E-09 1.9030E-09 1.4033E-09 1.0139E-09 7.0965E-10 4.8699E-10 3.1248E-10 1.5969E-10 2.6768E-11 0.0000E+00 0.0000E+00 0.0000E+00 0.0000E+00 0.0000E+00 0.0000E+00 0.0000E+00 0.0000E+00 0.0000E+00 0.0000E+00 0.0000E+00 0.0000E+00 0.0000E+00 0.0000E+00 0.0000E+00 0.0000E+00 0.0000E+00 0.0000E+00 0.0000E+00 0.0000E+00 0.0000E+00 0.0000E+00 0.0000E+00 0.0000E+00 0.0000E+00 0.0000E+00 0.0000E+00 0.0000E+00
