Assets/Resources/2015_m01_d14_2300(utc+0800)_l00_csi_1hr_conc.grd
DSAA
         159         159
     -79.000      79.000
     -79.000      79.000
  0.0000E+00  0.5639E-05
[rows 0 to 24 of 159, columns 0 to 56 of 159]
1.5972E-09 1.6915E-09 1.7901E-09 1.8896E-09 1.9913E-09 2.0970E-09 2.2029E-09 2.3103E-09 2.4214E-09 2.5317E-09 2.6407E-09 2.7549E-09 2.8681E-09 2.9807E-09 3.0940E-09 3.2061E-09 3.3185E-09 3.4301E-09 3.5404E-09 3.6528E-09 3.7568E-09 3.8623E-09 3.9657E-09 4.0702E-09 4.1650E-09 4.2607E-09 4.3532E-09 4.4424E-09 4.5286E-09 4.6111E-09 4.6897E-09 4.7609E-09 4.8349E-09 4.8979E-09 4.9606E-09 5.0182E-09 5.0715E-09 5.1212E-09 5.1657E-09 5.2056E-09 5.2413E-09 5.2694E-09 5.2960E-09 5.3181E-09 5.3359E-09 5.3499E-09 5.3558E-09 5.3571E-09 5.3612E-09 5.3577E-09 5.3501E-09 5.3352E-09 5.3163E-09 5.2936E-09 5.2745E-09 5.2517E-09 5.2186E-09
1.5999E-09 1.6967E-09 1.7997E-09 1.9021E-09 2.0071E-09 2.1161E-09 2.2255E-09 2.3368E-09 2.4496E-09 2.5639E-09 2.6793E-09 2.7988E-09 2.9158E-09 3.0339E-09 3.1513E-09 3.2691E-09 3.3865E-09 3.5030E-09 3.6185E-09 3.7325E-09 3.8450E-09 3.9555E-09 4.0672E-09 4.1697E-09 4.2729E-09 4.3732E-09 4.4702E-09 4.5643E-09 4.6547E-09 4.7412E-09 4.8232E-09 4.9021E-09 4.9767E-09 5.0462E-09 5.1113E-09 5.1688E-09 5.2257E-09 5.2772E-09 5.3239E-09 5.3662E-09 5.4004E-09 5.4365E-09 5.4643E-09 5.4879E-09 5.5037E-09 5.5143E-09 5.5237E-09 5.5325E-09 5.5340E-09 5.5275E-09 5.5162E-09 5.5005E-09 5.4881E-09 5.4715E-09 5.4443E-09 5.4131E-09 5.3784E-09
1.6017E-09 1.7026E-09 1.8052E-09 1.9105E-09 2.0203E-09 2.1309E-09 2.2438E-09 2.3607E-09 2.4777E-09 2.5960E-09 2.7159E-09 2.8399E-09 2.9591E-09 3.0820E-09 3.2075E-09 3.3306E-09 3.4531E-09 3.5749E-09 3.6956E-09 3.8150E-09 3.9326E-09 4.0483E-09 4.1618E-09 4.2730E-09 4.3812E-09 4.4900E-09 4.5885E-09 4.6871E-09 4.7820E-09 4.8723E-09 4.9594E-09 5.0422E-09 5.1199E-09 5.1931E-09 5.2624E-09 5.3230E-09 5.3853E-09 5.4394E-09 5.4859E-09 5.5303E-09 5.5696E-09 5.6040E-09 5.6340E-09 5.6553E-09 5.6749E-09 5.6898E-09 5.7038E-09 5.7065E-09 5.7039E-09 5.7000E-09 5.6915E-09 5.6788E-09 5.6618E-09 5.6370E-09 5.6082E-09 5.5755E-09 5.5465E-09
1.6024E-09 1.7044E-09 1.8096E-09 1.9195E-09 2.0309E-09 2.1448E-09 2.2615E-09 2.3822E-09 2.5010E-09 2.6258E-09 2.7507E-09 2.8762E-09 3.0034E-09 3.1337E-09 3.2621E-09 3.3869E-09 3.5181E-09 3.6452E-09 3.7714E-09 3.8962E-09 4.0194E-09 4.1406E-09 4.2596E-09 4.3759E-09 4.4896E-09 4.6000E-09 4.7073E-09 4.8108E-09 4.9097E-09 5.0056E-09 5.0971E-09 5.1834E-09 5.2651E-09 5.3429E-09 5.4152E-09 5.4824E-09 5.5445E-09 5.5987E-09 5.6507E-09 5.6973E-09 5.7390E-09 5.7759E-09 5.8070E-09 5.8328E-09 5.8539E-09 5.8704E-09 5.8780E-09 5.8800E-09 5.8843E-09 5.8806E-09 5.8723E-09 5.8555E-09 5.8340E-09 5.8119E-09 5.7891E-09 5.7551E-09 5.7170E-09
1.5976E-09 1.7020E-09 1.8097E-09 1.9225E-09 2.0369E-09 2.1560E-09 2.2760E-09 2.3987E-09 2.5236E-09 2.6533E-09 2.7821E-09 2.9130E-09 3.0444E-09 3.1805E-09 3.3107E-09 3.4442E-09 3.5810E-09 3.7138E-09 3.8421E-09 3.9761E-09 4.1049E-09 4.2319E-09 4.3565E-09 4.4786E-09 4.5977E-09 4.7137E-09 4.8261E-09 4.9341E-09 5.0391E-09 5.1397E-09 5.2352E-09 5.3260E-09 5.4128E-09 5.4940E-09 5.5700E-09 5.6408E-09 5.7068E-09 5.7670E-09 5.8216E-09 5.8713E-09 5.9121E-09 5.9504E-09 5.9833E-09 6.0114E-09 6.0342E-09 6.0473E-09 6.0584E-09 6.0682E-09 6.0698E-09 6.0628E-09 6.0505E-09 6.0366E-09 6.0180E-09 5.9948E-09 5.9635E-09 5.9279E-09 5.8881E-09
1.5914E-09 1.6980E-09 1.8099E-09 1.9240E-09 2.0414E-09 2.1638E-09 2.2876E-09 2.4140E-09 2.5431E-09 2.6770E-09 2.8082E-09 2.9461E-09 3.0829E-09 3.2212E-09 3.3599E-09 3.4991E-09 3.6415E-09 3.7765E-09 3.9140E-09 4.0540E-09 4.1889E-09 4.3217E-09 4.4486E-09 4.5802E-09 4.7052E-09 4.8268E-09 4.9441E-09 5.0586E-09 5.1688E-09 5.2738E-09 5.3741E-09 5.4706E-09 5.5612E-09 5.6466E-09 5.7268E-09 5.8018E-09 5.8709E-09 5.9342E-09 5.9926E-09 6.0449E-09 6.0910E-09 6.1320E-09 6.1676E-09 6.1936E-09 6.2167E-09 6.2343E-09 6.2469E-09 6.2543E-09 6.2522E-09 6.2481E-09 6.2387E-09 6.2242E-09 6.2010E-09 6.1730E-09 6.1403E-09 6.1068E-09 6.0690E-09
1.5809E-09 1.6897E-09 1.8039E-09 1.9207E-09 2.0427E-09 2.1683E-09 2.2938E-09 2.4260E-09 2.5596E-09 2.6953E-09 2.8337E-09 2.9763E-09 3.1185E-09 3.2618E-09 3.4062E-09 3.5507E-09 3.6956E-09 3.8399E-09 3.9871E-09 4.1297E-09 4.2671E-09 4.4060E-09 4.5463E-09 4.6805E-09 4.8114E-09 4.9353E-09 5.0625E-09 5.1826E-09 5.2976E-09 5.4079E-09 5.5145E-09 5.6152E-09 5.7105E-09 5.8006E-09 5.8854E-09 5.9641E-09 6.0369E-09 6.1045E-09 6.1656E-09 6.2207E-09 6.2702E-09 6.3139E-09 6.3472E-09 6.3778E-09 6.4063E-09 6.4259E-09 6.4360E-09 6.4395E-09 6.4445E-09 6.4406E-09 6.4279E-09 6.4094E-09 6.3854E-09 6.3601E-09 6.3299E-09 6.2911E-09 6.2478E-09
1.5686E-09 1.6807E-09 1.7960E-09 1.9153E-09 2.0402E-09 2.1674E-09 2.2981E-09 2.4322E-09 2.5718E-09 2.7124E-09 2.8549E-09 3.0030E-09 3.1472E-09 3.2990E-09 3.4486E-09 3.5991E-09 3.7497E-09 3.9003E-09 4.0501E-09 4.1989E-09 4.3461E-09 4.4952E-09 4.6384E-09 4.7751E-09 4.9124E-09 5.0495E-09 5.1797E-09 5.3050E-09 5.4258E-09 5.5429E-09 5.6541E-09 5.7600E-09 5.8605E-09 5.9557E-09 6.0447E-09 6.1277E-09 6.2053E-09 6.2761E-09 6.3407E-09 6.3996E-09 6.4520E-09 6.4974E-09 6.5363E-09 6.5696E-09 6.5967E-09 6.6134E-09 6.6272E-09 6.6350E-09 6.6374E-09 6.6303E-09 6.6169E-09 6.6017E-09 6.5808E-09 6.5507E-09 6.5154E-09 6.4752E-09 6.4300E-09
1.5518E-09 1.6658E-09 1.7832E-09 1.9064E-09 2.0340E-09 2.1627E-09 2.2985E-09 2.4386E-09 2.5779E-09 2.7248E-09 2.8723E-09 3.0226E-09 3.1747E-09 3.3289E-09 3.4872E-09 3.6401E-09 3.8002E-09 3.9567E-09 4.1130E-09 4.2682E-09 4.4257E-09 4.5779E-09 4.7240E-09 4.8709E-09 5.0180E-09 5.1586E-09 5.2945E-09 5.4260E-09 5.5539E-09 5.6762E-09 5.7931E-09 5.9047E-09 6.0110E-09 6.1109E-09 6.2048E-09 6.2930E-09 6.3742E-09 6.4493E-09 6.5183E-09 6.5803E-09 6.6350E-09 6.6832E-09 6.7254E-09 6.7607E-09 6.7888E-09 6.8101E-09 6.8255E-09 6.8311E-09 6.8298E-09 6.8261E-09 6.8161E-09 6.7963E-09 6.7707E-09 6.7394E-09 6.7026E-09 6.6604E-09 6.6132E-09
1.5340E-09 1.6486E-09 1.7679E-09 1.8934E-09 2.0223E-09 2.1554E-09 2.2950E-09 2.4364E-09 2.5821E-09 2.7307E-09 2.8854E-09 3.0376E-09 3.1980E-09 3.3571E-09 3.5181E-09 3.6799E-09 3.8460E-09 4.0091E-09 4.1718E-09 4.3338E-09 4.4943E-09 4.6533E-09 4.8098E-09 4.9669E-09 5.1179E-09 5.2613E-09 5.4038E-09 5.5460E-09 5.6796E-09 5.8081E-09 5.9312E-09 6.0491E-09 6.1605E-09 6.2659E-09 6.3656E-09 6.4581E-09 6.5444E-09 6.6243E-09 6.6966E-09 6.7616E-09 6.8200E-09 6.8719E-09 6.9162E-09 6.9531E-09 6.9831E-09 7.0068E-09 7.0197E-09 7.0254E-09 7.0320E-09 7.0246E-09 7.0111E-09 6.9911E-09 6.9649E-09 6.9327E-09 6.8945E-09 6.8508E-09 6.8019E-09
1.5105E-09 1.6265E-09 1.7490E-09 1.8765E-09 2.0064E-09 2.1439E-09 2.2864E-09 2.4297E-09 2.5810E-09 2.7340E-09 2.8908E-09 3.0505E-09 3.2157E-09 3.3806E-09 3.5471E-09 3.7153E-09 3.8873E-09 4.0532E-09 4.2223E-09 4.3945E-09 4.5622E-09 4.7281E-09 4.8950E-09 5.0561E-09 5.2103E-09 5.3638E-09 5.5174E-09 5.6627E-09 5.8030E-09 5.9379E-09 6.0680E-09 6.1916E-09 6.3092E-09 6.4209E-09 6.5254E-09 6.6236E-09 6.7153E-09 6.7988E-09 6.8750E-09 6.9481E-09 7.0106E-09 7.0613E-09 7.1079E-09 7.1476E-09 7.1804E-09 7.2014E-09 7.2191E-09 7.2295E-09 7.2294E-09 7.2223E-09 7.2084E-09 7.1880E-09 7.1608E-09 7.1273E-09 7.0877E-09 7.0422E-09 6.9912E-09
1.4846E-09 1.6018E-09 1.7247E-09 1.8541E-09 1.9875E-09 2.1280E-09 2.2715E-09 2.4202E-09 2.5729E-09 2.7325E-09 2.8935E-09 3.0582E-09 3.2283E-09 3.3956E-09 3.5709E-09 3.7446E-09 3.9198E-09 4.0953E-09 4.2747E-09 4.4505E-09 4.6214E-09 4.7982E-09 4.9685E-09 5.1370E-09 5.3016E-09 5.4666E-09 5.6236E-09 5.7759E-09 5.9231E-09 6.0657E-09 6.2020E-09 6.3322E-09 6.4603E-09 6.5739E-09 6.6847E-09 6.7889E-09 6.8884E-09 6.9766E-09 7.0582E-09 7.1320E-09 7.1974E-09 7.2548E-09 7.3052E-09 7.3440E-09 7.3746E-09 7.4012E-09 7.4202E-09 7.4283E-09 7.4285E-09 7.4217E-09 7.4076E-09 7.3862E-09 7.3579E-09 7.3231E-09 7.2819E-09 7.2346E-09 7.1817E-09
1.4541E-09 1.5734E-09 1.6986E-09 1.8273E-09 1.9641E-09 2.1068E-09 2.2517E-09 2.4051E-09 2.5615E-09 2.7228E-09 2.8906E-09 3.0596E-09 3.2322E-09 3.4074E-09 3.5855E-09 3.7682E-09 3.9494E-09 4.1319E-09 4.3143E-09 4.4968E-09 4.6784E-09 4.8620E-09 5.0406E-09 5.2159E-09 5.3920E-09 5.5608E-09 5.7219E-09 5.8816E-09 6.0403E-09 6.1896E-09 6.3329E-09 6.4707E-09 6.6012E-09 6.7253E-09 6.8428E-09 6.9553E-09 7.0566E-09 7.1510E-09 7.2372E-09 7.3147E-09 7.3840E-09 7.4460E-09 7.4956E-09 7.5406E-09 7.5772E-09 7.6023E-09 7.6191E-09 7.6281E-09 7.6293E-09 7.6222E-09 7.6079E-09 7.5862E-09 7.5579E-09 7.5229E-09 7.4808E-09 7.4321E-09 7.3772E-09
1.4210E-09 1.5400E-09 1.6661E-09 1.7973E-09 1.9346E-09 2.0793E-09 2.2285E-09 2.3827E-09 2.5447E-09 2.7094E-09 2.8790E-09 3.0549E-09 3.2297E-09 3.4131E-09 3.5963E-09 3.7821E-09 3.9728E-09 4.1614E-09 4.3510E-09 4.5403E-09 4.7323E-09 4.9204E-09 5.1058E-09 5.2896E-09 5.4696E-09 5.6461E-09 5.8183E-09 5.9897E-09 6.1523E-09 6.3089E-09 6.4605E-09 6.6049E-09 6.7429E-09 6.8744E-09 7.0008E-09 7.1158E-09 7.2240E-09 7.3235E-09 7.4142E-09 7.4965E-09 7.5711E-09 7.6326E-09 7.6892E-09 7.7370E-09 7.7729E-09 7.7998E-09 7.8187E-09 7.8284E-09 7.8300E-09 7.8235E-09 7.8095E-09 7.7882E-09 7.7587E-09 7.7219E-09 7.6781E-09 7.6276E-09 7.5707E-09
1.3835E-09 1.5037E-09 1.6295E-09 1.7629E-09 1.9018E-09 2.0466E-09 2.1994E-09 2.3565E-09 2.5195E-09 2.6901E-09 2.8631E-09 3.0411E-09 3.2229E-09 3.4113E-09 3.6003E-09 3.7918E-09 3.9857E-09 4.1840E-09 4.3769E-09 4.5770E-09 4.7725E-09 4.9679E-09 5.1609E-09 5.3557E-09 5.5438E-09 5.7283E-09 5.9122E-09 6.0882E-09 6.2585E-09 6.4239E-09 6.5827E-09 6.7350E-09 6.8810E-09 7.0221E-09 7.1517E-09 7.2744E-09 7.3883E-09 7.4930E-09 7.5894E-09 7.6774E-09 7.7521E-09 7.8215E-09 7.8819E-09 7.9295E-09 7.9680E-09 7.9974E-09 8.0171E-09 8.0284E-09 8.0312E-09 8.0260E-09 8.0119E-09 7.9894E-09 7.9590E-09 7.9214E-09 7.8769E-09 7.8253E-09 7.7666E-09
1.3434E-09 1.4636E-09 1.5897E-09 1.7227E-09 1.8637E-09 2.0104E-09 2.1633E-09 2.3246E-09 2.4902E-09 2.6618E-09 2.8407E-09 3.0202E-09 3.2092E-09 3.4022E-09 3.5938E-09 3.7940E-09 3.9936E-09 4.1954E-09 4.3982E-09 4.6047E-09 4.8085E-09 5.0107E-09 5.2154E-09 5.4145E-09 5.6105E-09 5.8065E-09 5.9924E-09 6.1764E-09 6.3557E-09 6.5323E-09 6.6994E-09 6.8602E-09 7.0165E-09 7.1613E-09 7.2958E-09 7.4249E-09 7.5481E-09 7.6596E-09 7.7621E-09 7.8511E-09 7.9344E-09 8.0086E-09 8.0691E-09 8.1204E-09 8.1614E-09 8.1929E-09 8.2150E-09 8.2284E-09 8.2326E-09 8.2271E-09 8.2128E-09 8.1904E-09 8.1609E-09 8.1231E-09 8.0769E-09 8.0234E-09 7.9628E-09
1.2991E-09 1.4188E-09 1.5458E-09 1.6792E-09 1.8196E-09 1.9685E-09 2.1231E-09 2.2846E-09 2.4545E-09 2.6286E-09 2.8088E-09 2.9967E-09 3.1872E-09 3.3826E-09 3.5818E-09 3.7873E-09 3.9933E-09 4.2013E-09 4.4113E-09 4.6246E-09 4.8349E-09 5.0458E-09 5.2544E-09 5.4614E-09 5.6656E-09 5.8705E-09 6.0677E-09 6.2604E-09 6.4518E-09 6.6337E-09 6.8096E-09 6.9779E-09 7.1385E-09 7.2924E-09 7.4374E-09 7.5765E-09 7.7039E-09 7.8221E-09 7.9265E-09 8.0249E-09 8.1139E-09 8.1887E-09 8.2539E-09 8.3080E-09 8.3524E-09 8.3868E-09 8.4120E-09 8.4266E-09 8.4312E-09 8.4267E-09 8.4141E-09 8.3926E-09 8.3615E-09 8.3221E-09 8.2746E-09 8.2200E-09 8.1583E-09
1.2522E-09 1.3703E-09 1.4968E-09 1.6310E-09 1.7706E-09 1.9200E-09 2.0772E-09 2.2384E-09 2.4102E-09 2.5886E-09 2.7695E-09 2.9607E-09 3.1574E-09 3.3546E-09 3.5614E-09 3.7721E-09 3.9809E-09 4.1982E-09 4.4139E-09 4.6317E-09 4.8492E-09 5.0703E-09 5.2871E-09 5.5020E-09 5.7183E-09 5.9282E-09 6.1338E-09 6.3394E-09 6.5359E-09 6.7269E-09 6.9078E-09 7.0878E-09 7.2579E-09 7.4196E-09 7.5753E-09 7.7192E-09 7.8540E-09 7.9748E-09 8.0894E-09 8.1944E-09 8.2848E-09 8.3650E-09 8.4338E-09 8.4924E-09 8.5407E-09 8.5786E-09 8.6051E-09 8.6214E-09 8.6284E-09 8.6263E-09 8.6136E-09 8.5912E-09 8.5597E-09 8.5205E-09 8.4734E-09 8.4176E-09 8.3537E-09
1.2023E-09 1.3192E-09 1.4439E-09 1.5775E-09 1.7191E-09 1.8662E-09 2.0238E-09 2.1895E-09 2.3591E-09 2.5393E-09 2.7268E-09 2.9186E-09 3.1167E-09 3.3202E-09 3.5313E-09 3.7447E-09 3.9616E-09 4.1842E-09 4.4072E-09 4.6311E-09 4.8593E-09 5.0847E-09 5.3092E-09 5.5328E-09 5.7572E-09 5.9722E-09 6.1876E-09 6.4013E-09 6.6069E-09 6.8073E-09 7.0033E-09 7.1897E-09 7.3684E-09 7.5412E-09 7.7024E-09 7.8545E-09 7.9927E-09 8.1245E-09 8.2465E-09 8.3538E-09 8.4502E-09 8.5351E-09 8.6091E-09 8.6728E-09 8.7246E-09 8.7649E-09 8.7945E-09 8.8145E-09 8.8236E-09 8.8214E-09 8.8092E-09 8.7877E-09 8.7578E-09 8.7180E-09 8.6689E-09 8.6113E-09 8.5459E-09
1.1489E-09 1.2649E-09 1.3883E-09 1.5197E-09 1.6605E-09 1.8099E-09 1.9648E-09 2.1308E-09 2.3046E-09 2.4829E-09 2.6722E-09 2.8684E-09 3.0674E-09 3.2769E-09 3.4919E-09 3.7074E-09 3.9323E-09 4.1576E-09 4.3867E-09 4.6204E-09 4.8523E-09 5.0850E-09 5.3172E-09 5.5520E-09 5.7816E-09 6.0089E-09 6.2359E-09 6.4557E-09 6.6713E-09 6.8830E-09 7.0855E-09 7.2814E-09 7.4679E-09 7.6467E-09 7.8169E-09 7.9768E-09 8.1267E-09 8.2667E-09 8.3919E-09 8.5057E-09 8.6080E-09 8.6989E-09 8.7791E-09 8.8465E-09 8.9021E-09 8.9467E-09 8.9808E-09 9.0026E-09 9.0129E-09 9.0125E-09 9.0028E-09 8.9827E-09 8.9516E-09 8.9109E-09 8.8612E-09 8.8036E-09 8.7375E-09
1.0930E-09 1.2068E-09 1.3290E-09 1.4591E-09 1.5974E-09 1.7457E-09 1.9014E-09 2.0659E-09 2.2400E-09 2.4207E-09 2.6097E-09 2.8078E-09 3.0112E-09 3.2217E-09 3.4402E-09 3.6622E-09 3.8913E-09 4.1227E-09 4.3570E-09 4.5969E-09 4.8360E-09 5.0758E-09 5.3190E-09 5.5588E-09 5.7966E-09 6.0362E-09 6.2692E-09 6.4986E-09 6.7256E-09 6.9401E-09 7.1530E-09 7.3570E-09 7.5569E-09 7.7455E-09 7.9239E-09 8.0925E-09 8.2514E-09 8.3954E-09 8.5279E-09 8.6486E-09 8.7578E-09 8.8557E-09 8.9403E-09 9.0125E-09 9.0739E-09 9.1233E-09 9.1596E-09 9.1841E-09 9.1975E-09 9.2006E-09 9.1915E-09 9.1713E-09 9.1407E-09 9.1012E-09 9.0524E-09 8.9932E-09 8.9251E-09
1.0343E-09 1.1460E-09 1.2658E-09 1.3945E-09 1.5301E-09 1.6768E-09 1.8328E-09 1.9963E-09 2.1688E-09 2.3515E-09 2.5427E-09 2.7387E-09 2.9461E-09 3.1608E-09 3.3783E-09 3.6065E-09 3.8397E-09 4.0734E-09 4.3160E-09 4.5589E-09 4.8044E-09 5.0540E-09 5.3019E-09 5.5493E-09 5.7964E-09 6.0438E-09 6.2859E-09 6.5241E-09 6.7599E-09 6.9888E-09 7.2099E-09 7.4270E-09 7.6339E-09 7.8311E-09 8.0188E-09 8.1971E-09 8.3607E-09 8.5127E-09 8.6530E-09 8.7816E-09 8.8985E-09 9.0016E-09 9.0923E-09 9.1717E-09 9.2379E-09 9.2906E-09 9.3309E-09 9.3600E-09 9.3769E-09 9.3809E-09 9.3733E-09 9.3549E-09 9.3267E-09 9.2870E-09 9.2368E-09 9.1769E-09 9.1084E-09
9.7510E-10 1.0830E-09 1.1998E-09 1.3257E-09 1.4610E-09 1.6035E-09 1.7576E-09 1.9210E-09 2.0912E-09 2.2734E-09 2.4645E-09 2.6628E-09 2.8697E-09 3.0861E-09 3.3081E-09 3.5372E-09 3.7740E-09 4.0140E-09 4.2614E-09 4.5102E-09 4.7617E-09 5.0177E-09 5.2733E-09 5.5287E-09 5.7864E-09 6.0398E-09 6.2914E-09 6.5409E-09 6.7844E-09 7.0219E-09 7.2555E-09 7.4803E-09 7.6960E-09 7.8990E-09 8.0970E-09 8.2844E-09 8.4567E-09 8.6173E-09 8.7663E-09 8.9032E-09 9.0263E-09 9.1368E-09 9.2356E-09 9.3201E-09 9.3910E-09 9.4491E-09 9.4951E-09 9.5276E-09 9.5468E-09 9.5535E-09 9.5494E-09 9.5334E-09 9.5050E-09 9.4656E-09 9.4160E-09 9.3571E-09 9.2878E-09
9.1176E-10 1.0171E-09 1.1308E-09 1.2542E-09 1.3863E-09 1.5282E-09 1.6777E-09 1.8389E-09 2.0102E-09 2.1896E-09 2.3788E-09 2.5788E-09 2.7858E-09 3.0017E-09 3.2275E-09 3.4583E-09 3.6965E-09 3.9428E-09 4.1939E-09 4.4456E-09 4.7052E-09 4.9673E-09 5.2271E-09 5.4934E-09 5.7586E-09 6.0184E-09 6.2804E-09 6.5363E-09 6.7894E-09 7.0352E-09 7.2797E-09 7.5134E-09 7.7388E-09 7.9563E-09 8.1636E-09 8.3566E-09 8.5381E-09 8.7081E-09 8.8661E-09 9.0102E-09 9.1416E-09 9.2610E-09 9.3656E-09 9.4561E-09 9.5337E-09 9.5982E-09 9.6482E-09 9.6843E-09 9.7077E-09 9.7192E-09 9.7171E-09 9.7022E-09 9.6754E-09 9.6382E-09 9.5896E-09 9.5297E-09 9.4597E-09
8.4577E-10 9.4878E-10 1.0614E-09 1.1802E-09 1.3087E-09 1.4471E-09 1.5954E-09 1.7519E-09 1.9207E-09 2.0995E-09 2.2858E-09 2.4848E-09 2.6932E-09 2.9092E-09 3.1343E-09 3.3687E-09 3.6088E-09 3.8579E-09 4.1110E-09 4.3690E-09 4.6334E-09 4.8992E-09 5.1681E-09 5.4411E-09 5.7118E-09 5.9819E-09 6.2520E-09 6.5186E-09 6.7793E-09 7.0388E-09 7.2897E-09 7.5330E-09 7.7692E-09 7.9961E-09 8.2099E-09 8.4123E-09 8.6037E-09 8.7834E-09 8.9492E-09 9.1026E-09 9.2436E-09 9.3696E-09 9.4812E-09 9.5799E-09 9.6643E-09 9.7338E-09 9.7888E-09 9.8308E-09 9.8594E-09 9.8734E-09 9.8739E-09 9.8622E-09 9.8387E-09 9.8021E-09 9.7537E-09 9.6944E-09 9.6252E-09
