Assets/Resources/2015_m01_d28_0800(utc+0800)_l00_csi_1hr_conc.grd
DSAA
         159         159
     -79.000      79.000
     -79.000      79.000
  0.0000E+00  0.9563E-06
[rows 0 to 24 of 159, columns 57 to 113 of 159]
3.0638E-09 3.5432E-09 4.0459E-09 4.5594E-09 5.0715E-09 5.5671E-09 6.0314E-09 6.4481E-09 6.8012E-09 7.0782E-09 7.2662E-09 7.3567E-09 7.3456E-09 7.2333E-09 7.0217E-09 6.7200E-09 6.3403E-09 5.8961E-09 5.4038E-09 4.8800E-09 4.3415E-09 3.8068E-09 3.2888E-09 2.7986E-09 2.3471E-09 1.9377E-09 1.5777E-09 1.2661E-09 1.0015E-09 7.7989E-10 5.9860E-10 4.5328E-10 3.3946E-10 2.4319E-10 1.7013E-10 1.0625E-10 5.9876E-11 2.1232E-11 0.0000E+00 0.0000E+00 0.0000E+00 0.0000E+00 0.0000E+00 0.0000E+00 0.0000E+00 0.0000E+00 0.0000E+00 0.0000E+00 0.0000E+00 0.0000E+00 0.0000E+00 0.0000E+00 0.0000E+00 0.0000E+00 0.0000E+00 0.0000E+00 0.0000E+00
3.2553E-09 3.7744E-09 4.3195E-09 4.8781E-09 5.4362E-09 5.9796E-09 6.4896E-09 6.9493E-09 7.3403E-09 7.6478E-09 7.8596E-09 7.9660E-09 7.9608E-09 7.8434E-09 7.6208E-09 7.2977E-09 6.8878E-09 6.4068E-09 5.8719E-09 5.3038E-09 4.7213E-09 4.1387E-09 3.5746E-09 3.0433E-09 2.5524E-09 2.1098E-09 1.7178E-09 1.3792E-09 1.0918E-09 8.5135E-10 6.5504E-10 4.9621E-10 3.6924E-10 2.6512E-10 1.8790E-10 1.2305E-10 6.7872E-11 2.4991E-11 0.0000E+00 0.0000E+00 0.0000E+00 0.0000E+00 0.0000E+00 0.0000E+00 0.0000E+00 0.0000E+00 0.0000E+00 0.0000E+00 0.0000E+00 0.0000E+00 0.0000E+00 0.0000E+00 0.0000E+00 0.0000E+00 0.0000E+00 0.0000E+00 0.0000E+00
3.4315E-09 3.9897E-09 4.5778E-09 5.1843E-09 5.7931E-09 6.3859E-09 6.9436E-09 7.4468E-09 7.8775E-09 8.2180E-09 8.4539E-09 8.5744E-09 8.5760E-09 8.4549E-09 8.2161E-09 7.8705E-09 7.4289E-09 6.9113E-09 6.3370E-09 5.7229E-09 5.0910E-09 4.4644E-09 3.8566E-09 3.2820E-09 2.7536E-09 2.2767E-09 1.8562E-09 1.4894E-09 1.1800E-09 9.2166E-10 7.0795E-10 5.3763E-10 4.0228E-10 2.9075E-10 2.0332E-10 1.3919E-10 7.7906E-11 2.8565E-11 0.0000E+00 0.0000E+00 0.0000E+00 0.0000E+00 0.0000E+00 0.0000E+00 0.0000E+00 0.0000E+00 0.0000E+00 0.0000E+00 0.0000E+00 0.0000E+00 0.0000E+00 0.0000E+00 0.0000E+00 0.0000E+00 0.0000E+00 0.0000E+00 0.0000E+00
3.5910E-09 4.1901E-09 4.8235E-09 5.4763E-09 6.1314E-09 6.7711E-09 7.3750E-09 7.9214E-09 8.3905E-09 8.7634E-09 9.0250E-09 9.1622E-09 9.1688E-09 9.0453E-09 8.7937E-09 8.4250E-09 7.9557E-09 7.3999E-09 6.7815E-09 6.1252E-09 5.4510E-09 4.7781E-09 4.1270E-09 3.5144E-09 2.9481E-09 2.4383E-09 1.9868E-09 1.5981E-09 1.2644E-09 9.8766E-10 7.6105E-10 5.7669E-10 4.2864E-10 3.1034E-10 2.2053E-10 1.5205E-10 8.4651E-11 3.1109E-11 0.0000E+00 0.0000E+00 0.0000E+00 0.0000E+00 0.0000E+00 0.0000E+00 0.0000E+00 0.0000E+00 0.0000E+00 0.0000E+00 0.0000E+00 0.0000E+00 0.0000E+00 0.0000E+00 0.0000E+00 0.0000E+00 0.0000E+00 0.0000E+00 0.0000E+00
3.7373E-09 4.3742E-09 5.0475E-09 5.7449E-09 6.4485E-09 7.1385E-09 7.7913E-09 8.3838E-09 8.8935E-09 9.3003E-09 9.5864E-09 9.7400E-09 9.7527E-09 9.6237E-09 9.3594E-09 8.9669E-09 8.4648E-09 7.8750E-09 7.2165E-09 6.5145E-09 5.7926E-09 5.0782E-09 4.3866E-09 3.7322E-09 3.1322E-09 2.5893E-09 2.1117E-09 1.6948E-09 1.3446E-09 1.0492E-09 8.0554E-10 6.1310E-10 4.5787E-10 3.2913E-10 2.3255E-10 1.5959E-10 9.1589E-11 3.3836E-11 0.0000E+00 0.0000E+00 0.0000E+00 0.0000E+00 0.0000E+00 0.0000E+00 0.0000E+00 0.0000E+00 0.0000E+00 0.0000E+00 0.0000E+00 0.0000E+00 0.0000E+00 0.0000E+00 0.0000E+00 0.0000E+00 0.0000E+00 0.0000E+00 0.0000E+00
3.8624E-09 4.5355E-09 5.2529E-09 5.9978E-09 6.7515E-09 7.4903E-09 8.1905E-09 8.8279E-09 9.3783E-09 9.8183E-09 1.0130E-08 1.0298E-08 1.0318E-08 1.0183E-08 9.9023E-09 9.4878E-09 8.9552E-09 8.3254E-09 7.6256E-09 6.8819E-09 6.1203E-09 5.3612E-09 4.6270E-09 3.9379E-09 3.3005E-09 2.7275E-09 2.2227E-09 1.7872E-09 1.4124E-09 1.1051E-09 8.5012E-10 6.4277E-10 4.7695E-10 3.4465E-10 2.4395E-10 1.6701E-10 9.8025E-11 3.5367E-11 0.0000E+00 0.0000E+00 0.0000E+00 0.0000E+00 0.0000E+00 0.0000E+00 0.0000E+00 0.0000E+00 0.0000E+00 0.0000E+00 0.0000E+00 0.0000E+00 0.0000E+00 0.0000E+00 0.0000E+00 0.0000E+00 0.0000E+00 0.0000E+00 0.0000E+00
3.9689E-09 4.6806E-09 5.4403E-09 6.2302E-09 7.0295E-09 7.8176E-09 8.5670E-09 9.2496E-09 9.8403E-09 1.0314E-08 1.0651E-08 1.0834E-08 1.0856E-08 1.0719E-08 1.0423E-08 9.9828E-09 9.4194E-09 8.7556E-09 8.0159E-09 7.2293E-09 6.4219E-09 5.6228E-09 4.8523E-09 4.1215E-09 3.4550E-09 2.8513E-09 2.3203E-09 1.8625E-09 1.4757E-09 1.1485E-09 8.8115E-10 6.6937E-10 4.9495E-10 3.5660E-10 2.5098E-10 1.7015E-10 9.8459E-11 3.6619E-11 0.0000E+00 0.0000E+00 0.0000E+00 0.0000E+00 0.0000E+00 0.0000E+00 0.0000E+00 0.0000E+00 0.0000E+00 0.0000E+00 0.0000E+00 0.0000E+00 0.0000E+00 0.0000E+00 0.0000E+00 0.0000E+00 0.0000E+00 0.0000E+00 0.0000E+00
4.0598E-09 4.8064E-09 5.6039E-09 6.4392E-09 7.2898E-09 8.1284E-09 8.9278E-09 9.6587E-09 1.0291E-08 1.0798E-08 1.1159E-08 1.1359E-08 1.1385E-08 1.1238E-08 1.0926E-08 1.0462E-08 9.8647E-09 9.1617E-09 8.3799E-09 7.5505E-09 6.7038E-09 5.8621E-09 5.0483E-09 4.2888E-09 3.5858E-09 2.9568E-09 2.4019E-09 1.9250E-09 1.5201E-09 1.1872E-09 9.0756E-10 6.8594E-10 5.0444E-10 3.6278E-10 2.5594E-10 1.6990E-10 9.7254E-11 3.6773E-11 0.0000E+00 0.0000E+00 0.0000E+00 0.0000E+00 0.0000E+00 0.0000E+00 0.0000E+00 0.0000E+00 0.0000E+00 0.0000E+00 0.0000E+00 0.0000E+00 0.0000E+00 0.0000E+00 0.0000E+00 0.0000E+00 0.0000E+00 0.0000E+00 0.0000E+00
4.1287E-09 4.9093E-09 5.7508E-09 6.6324E-09 7.5320E-09 8.4207E-09 9.2679E-09 1.0043E-08 1.0716E-08 1.1257E-08 1.1642E-08 1.1854E-08 1.1886E-08 1.1732E-08 1.1401E-08 1.0911E-08 1.0283E-08 9.5418E-09 8.7204E-09 7.8489E-09 6.9558E-09 6.0735E-09 5.2265E-09 4.4255E-09 3.6976E-09 3.0409E-09 2.4632E-09 1.9716E-09 1.5555E-09 1.2080E-09 9.2188E-10 6.9431E-10 5.1099E-10 3.6572E-10 2.5560E-10 1.6647E-10 9.3875E-11 3.7027E-11 0.0000E+00 0.0000E+00 0.0000E+00 0.0000E+00 0.0000E+00 0.0000E+00 0.0000E+00 0.0000E+00 0.0000E+00 0.0000E+00 0.0000E+00 0.0000E+00 0.0000E+00 0.0000E+00 0.0000E+00 0.0000E+00 0.0000E+00 0.0000E+00 0.0000E+00
4.1806E-09 4.9970E-09 5.8791E-09 6.8046E-09 7.7504E-09 8.6903E-09 9.5909E-09 1.0416E-08 1.1132E-08 1.1708E-08 1.2121E-08 1.2348E-08 1.2379E-08 1.2217E-08 1.1869E-08 1.1347E-08 1.0681E-08 9.8980E-09 9.0303E-09 8.1129E-09 7.1803E-09 6.2576E-09 5.3684E-09 4.5417E-09 3.7817E-09 3.1042E-09 2.5079E-09 1.9991E-09 1.5712E-09 1.2201E-09 9.2689E-10 6.9266E-10 5.0787E-10 3.6209E-10 2.5021E-10 1.5994E-10 8.8616E-11 3.4462E-11 0.0000E+00 0.0000E+00 0.0000E+00 0.0000E+00 0.0000E+00 0.0000E+00 0.0000E+00 0.0000E+00 0.0000E+00 0.0000E+00 0.0000E+00 0.0000E+00 0.0000E+00 0.0000E+00 0.0000E+00 0.0000E+00 0.0000E+00 0.0000E+00 0.0000E+00
4.2164E-09 5.0655E-09 5.9837E-09 6.9564E-09 7.9555E-09 8.9481E-09 9.9000E-09 1.0773E-08 1.1531E-08 1.2142E-08 1.2576E-08 1.2818E-08 1.2852E-08 1.2677E-08 1.2306E-08 1.1757E-08 1.1052E-08 1.0227E-08 9.3158E-09 8.3521E-09 7.3703E-09 6.4062E-09 5.4863E-09 4.6233E-09 3.8402E-09 3.1413E-09 2.5267E-09 2.0083E-09 1.5749E-09 1.2159E-09 9.1724E-10 6.8381E-10 4.9776E-10 3.5491E-10 2.4068E-10 1.5056E-10 8.1744E-11 2.9024E-11 0.0000E+00 0.0000E+00 0.0000E+00 0.0000E+00 0.0000E+00 0.0000E+00 0.0000E+00 0.0000E+00 0.0000E+00 0.0000E+00 0.0000E+00 0.0000E+00 0.0000E+00 0.0000E+00 0.0000E+00 0.0000E+00 0.0000E+00 0.0000E+00 0.0000E+00
4.2325E-09 5.1128E-09 6.0742E-09 7.0919E-09 8.1408E-09 9.1856E-09 1.0189E-08 1.1114E-08 1.1919E-08 1.2567E-08 1.3029E-08 1.3282E-08 1.3316E-08 1.3130E-08 1.2733E-08 1.2146E-08 1.1399E-08 1.0525E-08 9.5622E-09 8.5520E-09 7.5295E-09 6.5256E-09 5.5637E-09 4.6769E-09 3.8704E-09 3.1534E-09 2.5277E-09 1.9948E-09 1.5583E-09 1.2006E-09 8.9921E-10 6.6510E-10 4.8072E-10 3.4023E-10 2.2693E-10 1.3885E-10 7.1801E-11 2.3021E-11 0.0000E+00 0.0000E+00 0.0000E+00 0.0000E+00 0.0000E+00 0.0000E+00 0.0000E+00 0.0000E+00 0.0000E+00 0.0000E+00 0.0000E+00 0.0000E+00 0.0000E+00 0.0000E+00 0.0000E+00 0.0000E+00 0.0000E+00 0.0000E+00 0.0000E+00
4.2321E-09 5.1440E-09 6.1433E-09 7.2065E-09 8.3053E-09 9.4076E-09 1.0468E-08 1.1445E-08 1.2296E-08 1.2979E-08 1.3465E-08 1.3729E-08 1.3759E-08 1.3555E-08 1.3131E-08 1.2507E-08 1.1715E-08 1.0793E-08 9.7815E-09 8.7195E-09 7.6478E-09 6.6026E-09 5.6145E-09 4.6948E-09 3.8670E-09 3.1384E-09 2.5040E-09 1.9619E-09 1.5260E-09 1.1676E-09 8.6721E-10 6.3760E-10 4.5800E-10 3.2054E-10 2.0955E-10 1.2562E-10 5.9164E-11 1.7210E-11 0.0000E+00 0.0000E+00 0.0000E+00 0.0000E+00 0.0000E+00 0.0000E+00 0.0000E+00 0.0000E+00 0.0000E+00 0.0000E+00 0.0000E+00 0.0000E+00 0.0000E+00 0.0000E+00 0.0000E+00 0.0000E+00 0.0000E+00 0.0000E+00 0.0000E+00
4.2162E-09 5.1561E-09 6.1904E-09 7.3006E-09 8.4534E-09 9.6094E-09 1.0725E-08 1.1754E-08 1.2649E-08 1.3371E-08 1.3882E-08 1.4158E-08 1.4185E-08 1.3963E-08 1.3505E-08 1.2839E-08 1.1996E-08 1.1019E-08 9.9541E-09 8.8440E-09 7.7302E-09 6.6465E-09 5.6197E-09 4.6804E-09 3.8367E-09 3.0933E-09 2.4541E-09 1.9067E-09 1.4749E-09 1.1229E-09 8.2857E-10 6.0209E-10 4.2833E-10 2.9603E-10 1.8937E-10 1.0607E-10 4.6625E-11 1.1416E-11 0.0000E+00 0.0000E+00 0.0000E+00 0.0000E+00 0.0000E+00 0.0000E+00 0.0000E+00 0.0000E+00 0.0000E+00 0.0000E+00 0.0000E+00 0.0000E+00 0.0000E+00 0.0000E+00 0.0000E+00 0.0000E+00 0.0000E+00 0.0000E+00 0.0000E+00
4.1830E-09 5.1483E-09 6.2201E-09 7.3725E-09 8.5741E-09 9.7838E-09 1.0955E-08 1.2039E-08 1.2985E-08 1.3746E-08 1.4282E-08 1.4566E-08 1.4586E-08 1.4343E-08 1.3850E-08 1.3138E-08 1.2245E-08 1.1214E-08 1.0092E-08 8.9276E-09 7.7648E-09 6.6427E-09 5.5918E-09 4.6301E-09 3.7698E-09 3.0248E-09 2.3813E-09 1.8289E-09 1.4069E-09 1.0633E-09 7.7781E-10 5.6013E-10 3.9317E-10 2.6770E-10 1.6615E-10 8.5149E-11 3.4346E-11 6.6539E-12 0.0000E+00 0.0000E+00 0.0000E+00 0.0000E+00 0.0000E+00 0.0000E+00 0.0000E+00 0.0000E+00 0.0000E+00 0.0000E+00 0.0000E+00 0.0000E+00 0.0000E+00 0.0000E+00 0.0000E+00 0.0000E+00 0.0000E+00 0.0000E+00 0.0000E+00
4.1341E-09 5.1223E-09 6.2242E-09 7.4148E-09 8.6635E-09 9.9285E-09 1.1158E-08 1.2296E-08 1.3288E-08 1.4085E-08 1.4645E-08 1.4939E-08 1.4952E-08 1.4684E-08 1.4157E-08 1.3396E-08 1.2446E-08 1.1357E-08 1.0180E-08 8.9647E-09 7.7591E-09 6.6010E-09 5.5195E-09 4.5402E-09 3.6780E-09 2.9250E-09 2.2865E-09 1.7435E-09 1.3231E-09 9.9623E-10 7.1845E-10 5.1098E-10 3.5335E-10 2.3637E-10 1.3485E-10 6.4627E-11 2.2613E-11 2.2824E-12 0.0000E+00 0.0000E+00 0.0000E+00 0.0000E+00 0.0000E+00 0.0000E+00 0.0000E+00 0.0000E+00 0.0000E+00 0.0000E+00 0.0000E+00 0.0000E+00 0.0000E+00 0.0000E+00 0.0000E+00 0.0000E+00 0.0000E+00 0.0000E+00 0.0000E+00
4.0687E-09 5.0744E-09 6.2007E-09 7.4288E-09 8.7240E-09 1.0039E-08 1.1319E-08 1.2509E-08 1.3551E-08 1.4388E-08 1.4975E-08 1.5279E-08 1.5286E-08 1.4995E-08 1.4427E-08 1.3618E-08 1.2612E-08 1.1463E-08 1.0226E-08 8.9566E-09 7.7053E-09 6.5122E-09 5.4115E-09 4.4215E-09 3.5469E-09 2.8042E-09 2.1709E-09 1.6416E-09 1.2257E-09 9.1713E-10 6.5328E-10 4.5665E-10 3.1008E-10 1.9770E-10 1.0492E-10 4.5696E-11 1.2118E-11 5.7234E-13 0.0000E+00 0.0000E+00 0.0000E+00 0.0000E+00 0.0000E+00 0.0000E+00 0.0000E+00 0.0000E+00 0.0000E+00 0.0000E+00 0.0000E+00 0.0000E+00 0.0000E+00 0.0000E+00 0.0000E+00 0.0000E+00 0.0000E+00 0.0000E+00 0.0000E+00
3.9857E-09 5.0002E-09 6.1506E-09 7.4109E-09 8.7432E-09 1.0103E-08 1.1438E-08 1.2681E-08 1.3770E-08 1.4645E-08 1.5257E-08 1.5572E-08 1.5570E-08 1.5256E-08 1.4649E-08 1.3788E-08 1.2725E-08 1.1515E-08 1.0222E-08 8.9030E-09 7.6115E-09 6.3894E-09 5.2647E-09 4.2626E-09 3.3965E-09 2.6541E-09 2.0407E-09 1.5179E-09 1.1185E-09 8.2974E-10 5.8165E-10 3.9904E-10 2.6288E-10 1.5568E-10 7.6570E-11 2.8161E-11 3.6311E-12 1.1639E-13 0.0000E+00 0.0000E+00 0.0000E+00 0.0000E+00 0.0000E+00 0.0000E+00 0.0000E+00 0.0000E+00 0.0000E+00 0.0000E+00 0.0000E+00 0.0000E+00 0.0000E+00 0.0000E+00 0.0000E+00 0.0000E+00 0.0000E+00 0.0000E+00 0.0000E+00
3.8803E-09 4.9038E-09 6.0699E-09 7.3526E-09 8.7199E-09 1.0123E-08 1.1506E-08 1.2797E-08 1.3932E-08 1.4847E-08 1.5487E-08 1.5812E-08 1.5806E-08 1.5470E-08 1.4827E-08 1.3918E-08 1.2797E-08 1.1529E-08 1.0179E-08 8.8105E-09 7.4766E-09 6.2258E-09 5.0884E-09 4.0851E-09 3.2147E-09 2.4912E-09 1.8939E-09 1.3960E-09 1.0026E-09 7.3795E-10 5.0697E-10 3.3891E-10 2.0628E-10 1.1668E-10 5.0699E-11 1.2448E-11 1.7347E-12 0.0000E+00 0.0000E+00 0.0000E+00 0.0000E+00 0.0000E+00 0.0000E+00 0.0000E+00 0.0000E+00 0.0000E+00 0.0000E+00 0.0000E+00 0.0000E+00 0.0000E+00 0.0000E+00 0.0000E+00 0.0000E+00 0.0000E+00 0.0000E+00 0.0000E+00 0.0000E+00
3.7564E-09 4.7799E-09 5.9505E-09 7.2528E-09 8.6497E-09 1.0091E-08 1.1514E-08 1.2854E-08 1.4034E-08 1.4988E-08 1.5656E-08 1.5997E-08 1.5990E-08 1.5635E-08 1.4957E-08 1.4001E-08 1.2826E-08 1.1501E-08 1.0098E-08 8.6827E-09 7.3140E-09 6.0395E-09 4.8883E-09 3.8790E-09 3.0258E-09 2.3140E-09 1.7407E-09 1.2571E-09 8.8152E-10 6.4142E-10 4.2959E-10 2.7232E-10 1.5429E-10 8.0821E-11 2.7321E-11 4.5815E-12 6.5755E-13 0.0000E+00 0.0000E+00 0.0000E+00 0.0000E+00 0.0000E+00 0.0000E+00 0.0000E+00 0.0000E+00 0.0000E+00 0.0000E+00 0.0000E+00 0.0000E+00 0.0000E+00 0.0000E+00 0.0000E+00 0.0000E+00 0.0000E+00 0.0000E+00 0.0000E+00 0.0000E+00
3.6073E-09 4.6223E-09 5.7942E-09 7.1077E-09 8.5246E-09 9.9955E-09 1.1458E-08 1.2841E-08 1.4067E-08 1.5062E-08 1.5763E-08 1.6122E-08 1.6118E-08 1.5750E-08 1.5044E-08 1.4047E-08 1.2824E-08 1.1447E-08 9.9931E-09 8.5349E-09 7.1308E-09 5.8318E-09 4.6726E-09 3.6707E-09 2.8242E-09 2.1329E-09 1.5825E-09 1.1306E-09 7.7488E-10 5.4405E-10 3.5177E-10 2.0468E-10 1.0748E-10 4.9137E-11 7.9880E-12 2.1659E-12 9.7516E-14 0.0000E+00 0.0000E+00 0.0000E+00 0.0000E+00 0.0000E+00 0.0000E+00 0.0000E+00 0.0000E+00 0.0000E+00 0.0000E+00 0.0000E+00 0.0000E+00 0.0000E+00 0.0000E+00 0.0000E+00 0.0000E+00 0.0000E+00 0.0000E+00 0.0000E+00 0.0000E+00
3.4325E-09 4.4315E-09 5.5973E-09 6.9093E-09 8.3379E-09 9.8323E-09 1.1330E-08 1.2753E-08 1.4023E-08 1.5060E-08 1.5796E-08 1.6182E-08 1.6190E-08 1.5818E-08 1.5093E-08 1.4063E-08 1.2797E-08 1.1372E-08 9.8706E-09 8.3716E-09 6.9402E-09 5.6240E-09 4.4579E-09 3.4559E-09 2.6268E-09 1.9572E-09 1.4270E-09 1.0057E-09 6.5426E-10 4.4681E-10 2.6914E-10 1.4571E-10 6.6159E-11 2.1882E-11 4.1461E-12 8.0889E-13 0.0000E+00 0.0000E+00 0.0000E+00 0.0000E+00 0.0000E+00 0.0000E+00 0.0000E+00 0.0000E+00 0.0000E+00 0.0000E+00 0.0000E+00 0.0000E+00 0.0000E+00 0.0000E+00 0.0000E+00 0.0000E+00 0.0000E+00 0.0000E+00 0.0000E+00 0.0000E+00 0.0000E+00
3.2339E-09 4.2105E-09 5.3567E-09 6.6567E-09 8.0867E-09 9.5970E-09 1.1120E-08 1.2578E-08 1.3891E-08 1.4974E-08 1.5756E-08 1.6177E-08 1.6206E-08 1.5842E-08 1.5108E-08 1.4055E-08 1.2756E-08 1.1295E-08 9.7553E-09 8.2213E-09 6.7594E-09 5.4241E-09 4.2501E-09 3.2580E-09 2.4404E-09 1.7842E-09 1.2824E-09 8.8072E-10 5.5432E-10 3.5099E-10 1.9570E-10 9.5839E-11 3.4141E-11 5.9292E-12 1.7503E-12 1.2778E-13 0.0000E+00 0.0000E+00 0.0000E+00 0.0000E+00 0.0000E+00 0.0000E+00 0.0000E+00 0.0000E+00 0.0000E+00 0.0000E+00 0.0000E+00 0.0000E+00 0.0000E+00 0.0000E+00 0.0000E+00 0.0000E+00 0.0000E+00 0.0000E+00 0.0000E+00 0.0000E+00 0.0000E+00
3.0260E-09 3.9642E-09 5.0754E-09 6.3545E-09 7.7741E-09 9.2849E-09 1.0823E-08 1.2314E-08 1.3671E-08 1.4803E-08 1.5632E-08 1.6097E-08 1.6162E-08 1.5819E-08 1.5093E-08 1.4033E-08 1.2715E-08 1.1224E-08 9.6506E-09 8.0833E-09 6.6003E-09 5.2516E-09 4.0719E-09 3.0759E-09 2.2679E-09 1.6366E-09 1.1446E-09 7.8216E-10 4.4702E-10 2.5884E-10 1.3250E-10 5.4011E-11 1.0672E-11 2.8669E-12 5.0154E-13 0.0000E+00 0.0000E+00 0.0000E+00 0.0000E+00 0.0000E+00 0.0000E+00 0.0000E+00 0.0000E+00 0.0000E+00 0.0000E+00 0.0000E+00 0.0000E+00 0.0000E+00 0.0000E+00 0.0000E+00 0.0000E+00 0.0000E+00 0.0000E+00 0.0000E+00 0.0000E+00 0.0000E+00 0.0000E+00
2.8021E-09 3.6942E-09 4.7657E-09 6.0114E-09 7.4012E-09 8.9001E-09 1.0448E-08 1.1963E-08 1.3356E-08 1.4537E-08 1.5423E-08 1.5948E-08 1.6066E-08 1.5764E-08 1.5063E-08 1.4013E-08 1.2687E-08 1.1180E-08 9.5843E-09 7.9919E-09 6.4799E-09 5.1102E-09 3.9190E-09 2.9279E-09 2.1295E-09 1.5012E-09 1.0340E-09 6.7769E-10 3.6295E-10 1.7955E-10 7.9475E-11 2.2021E-11 3.6391E-12 9.8242E-13 0.0000E+00 0.0000E+00 0.0000E+00 0.0000E+00 0.0000E+00 0.0000E+00 0.0000E+00 0.0000E+00 0.0000E+00 0.0000E+00 0.0000E+00 0.0000E+00 0.0000E+00 0.0000E+00 0.0000E+00 0.0000E+00 0.0000E+00 0.0000E+00 0.0000E+00 0.0000E+00 0.0000E+00 0.0000E+00 0.0000E+00
