Assets/Resources/2015_m01_d04_0100(utc+0800)_l00_csi_1hr_conc.grd
DSAA
         159         159
     -79.000      79.000
     -79.000      79.000
  0.1241E-10  0.7007E-05
[rows 25 to 49 of 159, columns 0 to 56 of 159]
2.4960E-11 2.5944E-11 2.6956E-11 2.7999E-11 2.9030E-11 3.0177E-11 3.1270E-11 3.2438E-11 3.3597E-11 3.4831E-11 3.6055E-11 3.7356E-11 3.8728E-11 4.0101E-11 4.1501E-11 4.2946E-11 4.4501E-11 4.5981E-11 4.7534E-11 4.9169E-11 5.0884E-11 5.2559E-11 5.4355E-11 5.6112E-11 5.7995E-11 5.9841E-11 6.1809E-11 6.3741E-11 6.5633E-11 6.7819E-11 6.9801E-11 7.2076E-11 7.4148E-11 7.6345E-11 7.8700E-11 8.0907E-11 8.3350E-11 8.5648E-11 8.7987E-11 9.0593E-11 9.3025E-11 9.5609E-11 9.8129E-11 1.0069E-10 1.0341E-10 1.0606E-10 1.0874E-10 1.1147E-10 1.1425E-10 1.1706E-10 1.1991E-10 1.2279E-10 1.2572E-10 1.2869E-10 1.3169E-10 1.3473E-10 1.3781E-10
2.5466E-11 2.6428E-11 2.7460E-11 2.8524E-11 2.9619E-11 3.0745E-11 3.1903E-11 3.3052E-11 3.4319E-11 3.5534E-11 3.6827E-11 3.8189E-11 3.9554E-11 4.0867E-11 4.2340E-11 4.3852E-11 4.5402E-11 4.6948E-11 4.8576E-11 5.0284E-11 5.1953E-11 5.3663E-11 5.5495E-11 5.7373E-11 5.9214E-11 6.1096E-11 6.3107E-11 6.4997E-11 6.7181E-11 6.9162E-11 7.1351E-11 7.3508E-11 7.5707E-11 7.8063E-11 8.0273E-11 8.2719E-11 8.5021E-11 8.7366E-11 8.9978E-11 9.2417E-11 9.5010E-11 9.7539E-11 1.0011E-10 1.0284E-10 1.0550E-10 1.0821E-10 1.1095E-10 1.1374E-10 1.1657E-10 1.1944E-10 1.2234E-10 1.2529E-10 1.2828E-10 1.3131E-10 1.3438E-10 1.3748E-10 1.4062E-10
2.5978E-11 2.7000E-11 2.8054E-11 2.9138E-11 3.0254E-11 3.1403E-11 3.2541E-11 3.3799E-11 3.5005E-11 3.6288E-11 3.7562E-11 3.8953E-11 4.0301E-11 4.1765E-11 4.3267E-11 4.4809E-11 4.6347E-11 4.7924E-11 4.9588E-11 5.1329E-11 5.3033E-11 5.4858E-11 5.6647E-11 5.8566E-11 6.0363E-11 6.2449E-11 6.4336E-11 6.6516E-11 6.8496E-11 7.0682E-11 7.2839E-11 7.5037E-11 7.7393E-11 7.9605E-11 8.2053E-11 8.4359E-11 8.6708E-11 8.9324E-11 9.1769E-11 9.4370E-11 9.6907E-11 9.9488E-11 1.0223E-10 1.0490E-10 1.0762E-10 1.1038E-10 1.1318E-10 1.1602E-10 1.1891E-10 1.2184E-10 1.2481E-10 1.2782E-10 1.3087E-10 1.3396E-10 1.3709E-10 1.4026E-10 1.4346E-10
2.6535E-11 2.7578E-11 2.8609E-11 2.9757E-11 3.0853E-11 3.2024E-11 3.3228E-11 3.4466E-11 3.5697E-11 3.7004E-11 3.8385E-11 3.9723E-11 4.1134E-11 4.2670E-11 4.4159E-11 4.5652E-11 4.7300E-11 4.8955E-11 5.0688E-11 5.2384E-11 5.4123E-11 5.5904E-11 5.7896E-11 5.9688E-11 6.1769E-11 6.3652E-11 6.5742E-11 6.7803E-11 6.9986E-11 7.2140E-11 7.4254E-11 7.6692E-11 7.8904E-11 8.1245E-11 8.3660E-11 8.6012E-11 8.8632E-11 9.1082E-11 9.3687E-11 9.6231E-11 9.8820E-11 1.0157E-10 1.0425E-10 1.0698E-10 1.0975E-10 1.1257E-10 1.1542E-10 1.1833E-10 1.2127E-10 1.2426E-10 1.2729E-10 1.3037E-10 1.3348E-10 1.3663E-10 1.3983E-10 1.4306E-10 1.4633E-10
2.7097E-11 2.8118E-11 2.9213E-11 3.0339E-11 3.1457E-11 3.2650E-11 3.3878E-11 3.5097E-11 3.6394E-11 3.7763E-11 3.9135E-11 4.0535E-11 4.1981E-11 4.3540E-11 4.5024E-11 4.6662E-11 4.8227E-11 4.9952E-11 5.1639E-11 5.3450E-11 5.5224E-11 5.7207E-11 5.8993E-11 6.1066E-11 6.2943E-11 6.5028E-11 6.7084E-11 6.9263E-11 7.1414E-11 7.3526E-11 7.5960E-11 7.8171E-11 8.0512E-11 8.2927E-11 8.5281E-11 8.7902E-11 9.0355E-11 9.2965E-11 9.5514E-11 9.8109E-11 1.0086E-10 1.0356E-10 1.0629E-10 1.0907E-10 1.1190E-10 1.1477E-10 1.1769E-10 1.2065E-10 1.2366E-10 1.2671E-10 1.2980E-10 1.3294E-10 1.3611E-10 1.3933E-10 1.4259E-10 1.4589E-10 1.4923E-10
2.7580E-11 2.8663E-11 2.9778E-11 3.0927E-11 3.2066E-11 3.3324E-11 3.4533E-11 3.5819E-11 3.7176E-11 3.8536E-11 3.9926E-11 4.1362E-11 4.2830E-11 4.4383E-11 4.5932E-11 4.7565E-11 4.9281E-11 5.0958E-11 5.2759E-11 5.4524E-11 5.6498E-11 5.8277E-11 6.0262E-11 6.2213E-11 6.4291E-11 6.6341E-11 6.8351E-11 7.0661E-11 7.2769E-11 7.5091E-11 7.7408E-11 7.9662E-11 8.2161E-11 8.4515E-11 8.7136E-11 8.9591E-11 9.2203E-11 9.4756E-11 9.7356E-11 1.0012E-10 1.0281E-10 1.0556E-10 1.0835E-10 1.1119E-10 1.1407E-10 1.1700E-10 1.1998E-10 1.2300E-10 1.2606E-10 1.2917E-10 1.3233E-10 1.3553E-10 1.3877E-10 1.4205E-10 1.4538E-10 1.4874E-10 1.5215E-10
2.8151E-11 2.9254E-11 3.0390E-11 3.1518E-11 3.2722E-11 3.3961E-11 3.5193E-11 3.6502E-11 3.7886E-11 3.9229E-11 4.0689E-11 4.2189E-11 4.3729E-11 4.5268E-11 4.6890E-11 4.8594E-11 5.0261E-11 5.1973E-11 5.3808E-11 5.5692E-11 5.7542E-11 5.9518E-11 6.1461E-11 6.3368E-11 6.5574E-11 6.7579E-11 6.9881E-11 7.1985E-11 7.4302E-11 7.6615E-11 7.8867E-11 8.1362E-11 8.3715E-11 8.6335E-11 8.8790E-11 9.1294E-11 9.3959E-11 9.6562E-11 9.9327E-11 1.0203E-10 1.0478E-10 1.0758E-10 1.1043E-10 1.1332E-10 1.1626E-10 1.1925E-10 1.2228E-10 1.2536E-10 1.2849E-10 1.3166E-10 1.3488E-10 1.3814E-10 1.4145E-10 1.4480E-10 1.4819E-10 1.5162E-10 1.5509E-10
2.8725E-11 2.9807E-11 3.0965E-11 3.2156E-11 3.3383E-11 3.4602E-11 3.5857E-11 3.7271E-11 3.8602E-11 4.0006E-11 4.1457E-11 4.3022E-11 4.4512E-11 4.6159E-11 4.7815E-11 4.9550E-11 5.1251E-11 5.3075E-11 5.4867E-11 5.6789E-11 5.8592E-11 6.0689E-11 6.2588E-11 6.4785E-11 6.6782E-11 6.9076E-11 7.1174E-11 7.3402E-11 7.5793E-11 7.8041E-11 8.0532E-11 8.2882E-11 8.5499E-11 8.7954E-11 9.0457E-11 9.3122E-11 9.5727E-11 9.8494E-11 1.0120E-10 1.0396E-10 1.0676E-10 1.0961E-10 1.1252E-10 1.1547E-10 1.1847E-10 1.2151E-10 1.2461E-10 1.2775E-10 1.3093E-10 1.3417E-10 1.3745E-10 1.4078E-10 1.4415E-10 1.4756E-10 1.5102E-10 1.5452E-10 1.5806E-10
2.9220E-11 3.0365E-11 3.1500E-11 3.2756E-11 3.3963E-11 3.5248E-11 3.6605E-11 3.7966E-11 3.9357E-11 4.0796E-11 4.2347E-11 4.3826E-11 4.5460E-11 4.7022E-11 4.8747E-11 5.0435E-11 5.2249E-11 5.4027E-11 5.6018E-11 5.7812E-11 5.9897E-11 6.1788E-11 6.3889E-11 6.5963E-11 6.8164E-11 7.0339E-11 7.2559E-11 7.4943E-11 7.7186E-11 7.9671E-11 8.2018E-11 8.4520E-11 8.7083E-11 8.9584E-11 9.2249E-11 9.4854E-11 9.7621E-11 1.0033E-10 1.0309E-10 1.0590E-10 1.0876E-10 1.1167E-10 1.1462E-10 1.1763E-10 1.2069E-10 1.2379E-10 1.2695E-10 1.3015E-10 1.3340E-10 1.3670E-10 1.4004E-10 1.4343E-10 1.4687E-10 1.5035E-10 1.5387E-10 1.5744E-10 1.6105E-10
2.9802E-11 3.0925E-11 3.2167E-11 3.3360E-11 3.4632E-11 3.5897E-11 3.7280E-11 3.8622E-11 4.0083E-11 4.1585E-11 4.3129E-11 4.4671E-11 4.6300E-11 4.8011E-11 4.9686E-11 5.1487E-11 5.3253E-11 5.5231E-11 5.7015E-11 5.9087E-11 6.0968E-11 6.3058E-11 6.5123E-11 6.7313E-11 6.9479E-11 7.1609E-11 7.4067E-11 7.6303E-11 7.8781E-11 8.1122E-11 8.3513E-11 8.6178E-11 8.8677E-11 9.1338E-11 9.3942E-11 9.6709E-11 9.9419E-11 1.0218E-10 1.0499E-10 1.0785E-10 1.1077E-10 1.1373E-10 1.1674E-10 1.1981E-10 1.2292E-10 1.2609E-10 1.2930E-10 1.3257E-10 1.3588E-10 1.3924E-10 1.4265E-10 1.4610E-10 1.4961E-10 1.5315E-10 1.5675E-10 1.6039E-10 1.6407E-10
3.0346E-11 3.1531E-11 3.2753E-11 3.3968E-11 3.5262E-11 3.6631E-11 3.7959E-11 3.9406E-11 4.0893E-11 4.2423E-11 4.3951E-11 4.5522E-11 4.7263E-11 4.8924E-11 5.0632E-11 5.2465E-11 5.4349E-11 5.6201E-11 5.8181E-11 6.0130E-11 6.2126E-11 6.4261E-11 6.6278E-11 6.8597E-11 7.0718E-11 7.3165E-11 7.5393E-11 7.7756E-11 8.0198E-11 8.2583E-11 8.5241E-11 8.7735E-11 9.0393E-11 9.2994E-11 9.5646E-11 9.8467E-11 1.0123E-10 1.0404E-10 1.0690E-10 1.0982E-10 1.1279E-10 1.1581E-10 1.1888E-10 1.2200E-10 1.2518E-10 1.2840E-10 1.3168E-10 1.3500E-10 1.3838E-10 1.4180E-10 1.4527E-10 1.4879E-10 1.5236E-10 1.5598E-10 1.5964E-10 1.6335E-10 1.6710E-10
3.0850E-11 3.2099E-11 3.3300E-11 3.4579E-11 3.5932E-11 3.7290E-11 3.8678E-11 4.0114E-11 4.1665E-11 4.3143E-11 4.4779E-11 4.6424E-11 4.8151E-11 4.9845E-11 5.1663E-11 5.3451E-11 5.5371E-11 5.7175E-11 5.9274E-11 6.1177E-11 6.3380E-11 6.5386E-11 6.7692E-11 6.9804E-11 7.2132E-11 7.4459E-11 7.6728E-11 7.9245E-11 8.1623E-11 8.4273E-11 8.6762E-11 8.9413E-11 9.2010E-11 9.4659E-11 9.7477E-11 1.0024E-10 1.0305E-10 1.0591E-10 1.0883E-10 1.1180E-10 1.1482E-10 1.1790E-10 1.2103E-10 1.2421E-10 1.2744E-10 1.3073E-10 1.3406E-10 1.3745E-10 1.4089E-10 1.4438E-10 1.4792E-10 1.5150E-10 1.5514E-10 1.5882E-10 1.6256E-10 1.6633E-10 1.7016E-10
3.1484E-11 3.2670E-11 3.3935E-11 3.5193E-11 3.6614E-11 3.7908E-11 3.9408E-11 4.0864E-11 4.2406E-11 4.3948E-11 4.5576E-11 4.7289E-11 4.8966E-11 5.0771E-11 5.2542E-11 5.4528E-11 5.6318E-11 5.8402E-11 6.0293E-11 6.2397E-11 6.4475E-11 6.6683E-11 6.8868E-11 7.1100E-11 7.3499E-11 7.5759E-11 7.8265E-11 8.0635E-11 8.3275E-11 8.5757E-11 8.8401E-11 9.0992E-11 9.3637E-11 9.6449E-11 9.9205E-11 1.0201E-10 1.0488E-10 1.0780E-10 1.1077E-10 1.1379E-10 1.1687E-10 1.2000E-10 1.2319E-10 1.2643E-10 1.2972E-10 1.3307E-10 1.3647E-10 1.3992E-10 1.4342E-10 1.4697E-10 1.5058E-10 1.5423E-10 1.5793E-10 1.6169E-10 1.6549E-10 1.6934E-10 1.7323E-10
3.2037E-11 3.3244E-11 3.4529E-11 3.5891E-11 3.7213E-11 3.8653E-11 4.0136E-11 4.1662E-11 4.3187E-11 4.4799E-11 4.6496E-11 4.8157E-11 4.9946E-11 5.1702E-11 5.3671E-11 5.5447E-11 5.7435E-11 5.9392E-11 6.1481E-11 6.3546E-11 6.5740E-11 6.7911E-11 7.0131E-11 7.2517E-11 7.4766E-11 7.7260E-11 7.9620E-11 8.2139E-11 8.4722E-11 8.7248E-11 8.9941E-11 9.2580E-11 9.5386E-11 9.8137E-11 1.0094E-10 1.0380E-10 1.0672E-10 1.0969E-10 1.1271E-10 1.1579E-10 1.1893E-10 1.2212E-10 1.2536E-10 1.2866E-10 1.3201E-10 1.3542E-10 1.3888E-10 1.4239E-10 1.4596E-10 1.4958E-10 1.5325E-10 1.5697E-10 1.6074E-10 1.6457E-10 1.6844E-10 1.7236E-10 1.7632E-10
3.2549E-11 3.3819E-11 3.5163E-11 3.6512E-11 3.7893E-11 3.9323E-11 4.0868E-11 4.2340E-11 4.3972E-11 4.5615E-11 4.7339E-11 4.9032E-11 5.0851E-11 5.2722E-11 5.4563E-11 5.6452E-11 5.8476E-11 6.0467E-11 6.2599E-11 6.4615E-11 6.6935E-11 6.9059E-11 7.1512E-11 7.3749E-11 7.6122E-11 7.8579E-11 8.0980E-11 8.3658E-11 8.6176E-11 8.8859E-11 9.1489E-11 9.4287E-11 9.7032E-11 9.9833E-11 1.0269E-10 1.0560E-10 1.0857E-10 1.1159E-10 1.1467E-10 1.1781E-10 1.2100E-10 1.2424E-10 1.2755E-10 1.3090E-10 1.3432E-10 1.3779E-10 1.4131E-10 1.4489E-10 1.4852E-10 1.5220E-10 1.5594E-10 1.5973E-10 1.6357E-10 1.6746E-10 1.7140E-10 1.7539E-10 1.7943E-10
3.3106E-11 3.4397E-11 3.5765E-11 3.7093E-11 3.8541E-11 4.0032E-11 4.1567E-11 4.3102E-11 4.4725E-11 4.6434E-11 4.8108E-11 4.9911E-11 5.1681E-11 5.3667E-11 5.5459E-11 5.7546E-11 5.9441E-11 6.1636E-11 6.3637E-11 6.5940E-11 6.8051E-11 7.0380E-11 7.2711E-11 7.4986E-11 7.7513E-11 7.9902E-11 8.2568E-11 8.5074E-11 8.7747E-11 9.0368E-11 9.3044E-11 9.5893E-11 9.8686E-11 1.0154E-10 1.0444E-10 1.0741E-10 1.1043E-10 1.1350E-10 1.1664E-10 1.1983E-10 1.2307E-10 1.2638E-10 1.2974E-10 1.3316E-10 1.3663E-10 1.4016E-10 1.4375E-10 1.4739E-10 1.5109E-10 1.5484E-10 1.5864E-10 1.6250E-10 1.6641E-10 1.7037E-10 1.7438E-10 1.7845E-10 1.8256E-10
3.3665E-11 3.5057E-11 3.6369E-11 3.7799E-11 3.9272E-11 4.0788E-11 4.2306E-11 4.3910E-11 4.5600E-11 4.7256E-11 4.9041E-11 5.0794E-11 5.2760E-11 5.4535E-11 5.6603E-11 5.8482E-11 6.0575E-11 6.2644E-11 6.4845E-11 6.7024E-11 6.9254E-11 7.1652E-11 7.3914E-11 7.6425E-11 7.8801E-11 8.1451E-11 8.3946E-11 8.6606E-11 8.9216E-11 9.1882E-11 9.4721E-11 9.7505E-11 1.0035E-10 1.0325E-10 1.0620E-10 1.0922E-10 1.1229E-10 1.1542E-10 1.1861E-10 1.2186E-10 1.2516E-10 1.2852E-10 1.3194E-10 1.3542E-10 1.3896E-10 1.4255E-10 1.4620E-10 1.4991E-10 1.5367E-10 1.5748E-10 1.6136E-10 1.6528E-10 1.6926E-10 1.7329E-10 1.7738E-10 1.8151E-10 1.8570E-10
3.4304E-11 3.5641E-11 3.7010E-11 3.8428E-11 3.9962E-11 4.1424E-11 4.3046E-11 4.4680E-11 4.6397E-11 4.8083E-11 4.9897E-11 5.1764E-11 5.3601E-11 5.5570E-11 5.7511E-11 5.9584E-11 6.1636E-11 6.3736E-11 6.5981E-11 6.8111E-11 7.0574E-11 7.2820E-11 7.5314E-11 7.7676E-11 8.0201E-11 8.2792E-11 8.5329E-11 8.8036E-11 9.0690E-11 9.3517E-11 9.6291E-11 9.9123E-11 1.0201E-10 1.0496E-10 1.0797E-10 1.1104E-10 1.1416E-10 1.1735E-10 1.2059E-10 1.2389E-10 1.2726E-10 1.3068E-10 1.3416E-10 1.3770E-10 1.4129E-10 1.4495E-10 1.4866E-10 1.5243E-10 1.5626E-10 1.6014E-10 1.6408E-10 1.6808E-10 1.7212E-10 1.7623E-10 1.8038E-10 1.8459E-10 1.8885E-10
3.4869E-11 3.6183E-11 3.7618E-11 3.9096E-11 4.0619E-11 4.2143E-11 4.3755E-11 4.5453E-11 4.7118E-11 4.8914E-11 5.0677E-11 5.2657E-11 5.4444E-11 5.6528E-11 5.8420E-11 6.0615E-11 6.2616E-11 6.4921E-11 6.7035E-11 6.9370E-11 7.1708E-11 7.4077E-11 7.6530E-11 7.8932E-11 8.1613E-11 8.4136E-11 8.6828E-11 8.9470E-11 9.2283E-11 9.5045E-11 9.7867E-11 1.0075E-10 1.0369E-10 1.0669E-10 1.0974E-10 1.1286E-10 1.1604E-10 1.1928E-10 1.2258E-10 1.2594E-10 1.2936E-10 1.3284E-10 1.3638E-10 1.3998E-10 1.4364E-10 1.4735E-10 1.5113E-10 1.5497E-10 1.5886E-10 1.6281E-10 1.6682E-10 1.7088E-10 1.7500E-10 1.7917E-10 1.8340E-10 1.8768E-10 1.9202E-10
3.5434E-11 3.6806E-11 3.8227E-11 3.9766E-11 4.1234E-11 4.2863E-11 4.4583E-11 4.6229E-11 4.8003E-11 4.9746E-11 5.1704E-11 5.3472E-11 5.5534E-11 5.7408E-11 5.9497E-11 6.1564E-11 6.3764E-11 6.5944E-11 6.8175E-11 7.0578E-11 7.2845E-11 7.5364E-11 7.7749E-11 8.0412E-11 8.2919E-11 8.5595E-11 8.8222E-11 9.1020E-11 9.3769E-11 9.6578E-11 9.9446E-11 1.0237E-10 1.0536E-10 1.0841E-10 1.1152E-10 1.1469E-10 1.1793E-10 1.2122E-10 1.2457E-10 1.2799E-10 1.3147E-10 1.3501E-10 1.3861E-10 1.4227E-10 1.4599E-10 1.4977E-10 1.5361E-10 1.5751E-10 1.6147E-10 1.6549E-10 1.6956E-10 1.7370E-10 1.7788E-10 1.8213E-10 1.8643E-10 1.9079E-10 1.9519E-10
3.5957E-11 3.7437E-11 3.8955E-11 4.0403E-11 4.2010E-11 4.3630E-11 4.5333E-11 4.7007E-11 4.8809E-11 5.0582E-11 5.2493E-11 5.4370E-11 5.6386E-11 5.8371E-11 6.0500E-11 6.2596E-11 6.4838E-11 6.6968E-11 6.9432E-11 7.1680E-11 7.4179E-11 7.6546E-11 7.9189E-11 8.1679E-11 8.4338E-11 8.6949E-11 8.9619E-11 9.2465E-11 9.5259E-11 9.8114E-11 1.0103E-10 1.0401E-10 1.0704E-10 1.1014E-10 1.1331E-10 1.1653E-10 1.1982E-10 1.2316E-10 1.2657E-10 1.3005E-10 1.3358E-10 1.3718E-10 1.4084E-10 1.4456E-10 1.4834E-10 1.5219E-10 1.5609E-10 1.6006E-10 1.6409E-10 1.6817E-10 1.7232E-10 1.7652E-10 1.8078E-10 1.8510E-10 1.8947E-10 1.9390E-10 1.9838E-10
3.6603E-11 3.8064E-11 3.9569E-11 4.1077E-11 4.2673E-11 4.4356E-11 4.6006E-11 4.7788E-11 4.9538E-11 5.1505E-11 5.3282E-11 5.5355E-11 5.7238E-11 5.9425E-11 6.1420E-11 6.3720E-11 6.5830E-11 6.8163E-11 7.0499E-11 7.2869E-11 7.5325E-11 7.7730E-11 8.0419E-11 8.2949E-11 8.5652E-11 8.8305E-11 9.1133E-11 9.3912E-11 9.6752E-11 9.9653E-11 1.0262E-10 1.0564E-10 1.0873E-10 1.1188E-10 1.1509E-10 1.1837E-10 1.2171E-10 1.2511E-10 1.2858E-10 1.3211E-10 1.3570E-10 1.3936E-10 1.4308E-10 1.4686E-10 1.5071E-10 1.5461E-10 1.5858E-10 1.6262E-10 1.6671E-10 1.7086E-10 1.7508E-10 1.7935E-10 1.8368E-10 1.8807E-10 1.9252E-10 1.9702E-10 2.0158E-10
3.7171E-11 3.8691E-11 4.0141E-11 4.1751E-11 4.3375E-11 4.5083E-11 4.6761E-11 4.8569E-11 5.0432E-11 5.2267E-11 5.4236E-11 5.6179E-11 5.8257E-11 6.0315E-11 6.2506E-11 6.4679E-11 6.6905E-11 6.9304E-11 7.1568E-11 7.4087E-11 7.6472E-11 7.9138E-11 8.1650E-11 8.4332E-11 8.6968E-11 8.9776E-11 9.2538E-11 9.5361E-11 9.8247E-11 1.0119E-10 1.0420E-10 1.0728E-10 1.1042E-10 1.1362E-10 1.1688E-10 1.2021E-10 1.2361E-10 1.2706E-10 1.3059E-10 1.3417E-10 1.3782E-10 1.4154E-10 1.4532E-10 1.4917E-10 1.5307E-10 1.5705E-10 1.6108E-10 1.6518E-10 1.6934E-10 1.7356E-10 1.7784E-10 1.8219E-10 1.8659E-10 1.9105E-10 1.9557E-10 2.0015E-10 2.0478E-10
3.7778E-11 3.9284E-11 4.0793E-11 4.2392E-11 4.4078E-11 4.5732E-11 4.7517E-11 4.9273E-11 5.1247E-11 5.3029E-11 5.5111E-11 5.7083E-11 5.9200E-11 6.1285E-11 6.3517E-11 6.5639E-11 6.8095E-11 7.0338E-11 7.2833E-11 7.5198E-11 7.7840E-11 8.0331E-11 8.2992E-11 8.5608E-11 8.8285E-11 9.1139E-11 9.3944E-11 9.6812E-11 9.9743E-11 1.0274E-10 1.0580E-10 1.0892E-10 1.1211E-10 1.1536E-10 1.1867E-10 1.2206E-10 1.2550E-10 1.2902E-10 1.3260E-10 1.3624E-10 1.3995E-10 1.4373E-10 1.4757E-10 1.5147E-10 1.5545E-10 1.5948E-10 1.6358E-10 1.6774E-10 1.7197E-10 1.7626E-10 1.8061E-10 1.8503E-10 1.8950E-10 1.9404E-10 1.9863E-10 2.0328E-10 2.0799E-10
3.8384E-11 3.9834E-11 4.1445E-11 4.3150E-11 4.4781E-11 4.6542E-11 4.8274E-11 5.0222E-11 5.1982E-11 5.4038E-11 5.5906E-11 5.8077E-11 6.0059E-11 6.2346E-11 6.4445E-11 6.6767E-11 6.9095E-11 7.1457E-11 7.3907E-11 7.6309E-11 7.8994E-11 8.1524E-11 8.4228E-11 8.6884E-11 8.9717E-11 9.2503E-11 9.5351E-11 9.8264E-11 1.0124E-10 1.0428E-10 1.0739E-10 1.1056E-10 1.1380E-10 1.1710E-10 1.2047E-10 1.2390E-10 1.2740E-10 1.3097E-10 1.3461E-10 1.3831E-10 1.4208E-10 1.4591E-10 1.4982E-10 1.5378E-10 1.5782E-10 1.6192E-10 1.6608E-10 1.7031E-10 1.7461E-10 1.7897E-10 1.8339E-10 1.8787E-10 1.9242E-10 1.9702E-10 2.0169E-10 2.0642E-10 2.1120E-10
