Assets/Resources/2015_m01_d09_1300(utc+0800)_l00_csi_1hr_conc.grd
DSAA
         159         159
     -79.000      79.000
     -79.000      79.000
  0.6643E-09  0.1087E-04
[rows 50 to 74 of 159, columns 57 to 113 of 159]
3.3500E-09 3.3872E-09 3.4242E-09 3.4609E-09 3.4974E-09 3.5336E-09 3.5695E-09 3.6049E-09 3.6399E-09 3.6743E-09 3.7082E-09 3.7414E-09 3.7739E-09 3.8057E-09 3.8367E-09 3.8668E-09 3.8959E-09 3.9240E-09 3.9510E-09 3.9769E-09 4.0015E-09 4.0249E-09 4.0469E-09 4.0674E-09 4.0865E-09 4.1043E-09 4.1206E-09 4.1353E-09 4.1485E-09 4.1600E-09 4.1698E-09 4.1780E-09 4.1850E-09 4.1902E-09 4.1936E-09 4.1951E-09 4.1948E-09 4.1925E-09 4.1885E-09 4.1826E-09 4.1749E-09 4.1655E-09 4.1545E-09 4.1418E-09 4.1143E-09 4.0489E-09 4.0191E-09 3.9878E-09 3.9536E-09 3.9272E-09 3.8722E-09 3.8140E-09 3.7844E-09 3.7450E-09 3.7021E-09 3.6474E-09 3.5833E-09
3.4197E-09 3.4586E-09 3.4974E-09 3.5359E-09 3.5743E-09 3.6123E-09 3.6500E-09 3.6873E-09 3.7242E-09 3.7606E-09 3.7964E-09 3.8316E-09 3.8661E-09 3.8999E-09 3.9329E-09 3.9650E-09 3.9961E-09 4.0262E-09 4.0552E-09 4.0831E-09 4.1097E-09 4.1351E-09 4.1590E-09 4.1815E-09 4.2025E-09 4.2221E-09 4.2401E-09 4.2566E-09 4.2715E-09 4.2847E-09 4.2961E-09 4.3058E-09 4.3142E-09 4.3209E-09 4.3256E-09 4.3284E-09 4.3292E-09 4.3280E-09 4.3249E-09 4.3199E-09 4.3130E-09 4.3042E-09 4.2937E-09 4.2814E-09 4.2677E-09 4.2377E-09 4.1831E-09 4.1342E-09 4.0994E-09 4.0629E-09 4.0333E-09 3.9733E-09 3.9101E-09 3.8780E-09 3.8331E-09 3.7670E-09 3.7086E-09
3.4905E-09 3.5312E-09 3.5717E-09 3.6121E-09 3.6523E-09 3.6923E-09 3.7319E-09 3.7712E-09 3.8101E-09 3.8485E-09 3.8864E-09 3.9236E-09 3.9602E-09 3.9961E-09 4.0312E-09 4.0654E-09 4.0987E-09 4.1309E-09 4.1621E-09 4.1920E-09 4.2208E-09 4.2482E-09 4.2742E-09 4.2987E-09 4.3217E-09 4.3433E-09 4.3633E-09 4.3817E-09 4.3985E-09 4.4135E-09 4.4266E-09 4.4380E-09 4.4478E-09 4.4562E-09 4.4625E-09 4.4667E-09 4.4688E-09 4.4688E-09 4.4668E-09 4.4628E-09 4.4568E-09 4.4488E-09 4.4389E-09 4.4272E-09 4.4141E-09 4.3988E-09 4.3666E-09 4.3070E-09 4.2534E-09 4.2159E-09 4.1859E-09 4.1426E-09 4.0753E-09 4.0078E-09 3.9712E-09 3.9039E-09 3.8303E-09
3.5620E-09 3.6047E-09 3.6472E-09 3.6895E-09 3.7317E-09 3.7736E-09 3.8153E-09 3.8566E-09 3.8976E-09 3.9381E-09 3.9781E-09 4.0175E-09 4.0563E-09 4.0943E-09 4.1316E-09 4.1681E-09 4.2036E-09 4.2380E-09 4.2714E-09 4.3037E-09 4.3346E-09 4.3643E-09 4.3925E-09 4.4192E-09 4.4443E-09 4.4680E-09 4.4901E-09 4.5105E-09 4.5293E-09 4.5463E-09 4.5614E-09 4.5746E-09 4.5862E-09 4.5963E-09 4.6042E-09 4.6100E-09 4.6136E-09 4.6150E-09 4.6143E-09 4.6114E-09 4.6065E-09 4.5994E-09 4.5904E-09 4.5794E-09 4.5668E-09 4.5521E-09 4.5362E-09 4.5009E-09 4.4364E-09 4.3777E-09 4.3367E-09 4.3022E-09 4.2504E-09 4.1784E-09 4.1062E-09 4.0483E-09 3.9695E-09
3.6347E-09 3.6793E-09 3.7237E-09 3.7680E-09 3.8122E-09 3.8562E-09 3.9000E-09 3.9434E-09 3.9865E-09 4.0292E-09 4.0714E-09 4.1131E-09 4.1542E-09 4.1945E-09 4.2341E-09 4.2729E-09 4.3108E-09 4.3476E-09 4.3834E-09 4.4180E-09 4.4513E-09 4.4833E-09 4.5139E-09 4.5429E-09 4.5703E-09 4.5962E-09 4.6206E-09 4.6432E-09 4.6642E-09 4.6833E-09 4.7004E-09 4.7157E-09 4.7292E-09 4.7412E-09 4.7510E-09 4.7585E-09 4.7638E-09 4.7668E-09 4.7675E-09 4.7660E-09 4.7622E-09 4.7563E-09 4.7482E-09 4.7381E-09 4.7263E-09 4.7123E-09 4.6971E-09 4.6792E-09 4.6420E-09 4.5708E-09 4.5069E-09 4.4602E-09 4.4159E-09 4.3593E-09 4.2831E-09 4.1899E-09 4.1057E-09
3.7083E-09 3.7549E-09 3.8013E-09 3.8477E-09 3.8939E-09 3.9401E-09 3.9860E-09 4.0316E-09 4.0770E-09 4.1220E-09 4.1665E-09 4.2105E-09 4.2539E-09 4.2967E-09 4.3387E-09 4.3799E-09 4.4203E-09 4.4596E-09 4.4978E-09 4.5349E-09 4.5708E-09 4.6052E-09 4.6383E-09 4.6698E-09 4.6997E-09 4.7280E-09 4.7547E-09 4.7798E-09 4.8031E-09 4.8245E-09 4.8439E-09 4.8613E-09 4.8769E-09 4.8910E-09 4.9028E-09 4.9123E-09 4.9194E-09 4.9242E-09 4.9265E-09 4.9265E-09 4.9242E-09 4.9196E-09 4.9127E-09 4.9037E-09 4.8927E-09 4.8796E-09 4.8653E-09 4.8480E-09 4.8304E-09 4.7885E-09 4.7088E-09 4.6372E-09 4.5800E-09 4.5307E-09 4.4706E-09 4.3749E-09 4.2605E-09
3.7829E-09 3.8315E-09 3.8799E-09 3.9284E-09 3.9768E-09 4.0251E-09 4.0733E-09 4.1212E-09 4.1759E-09 4.2234E-09 4.2704E-09 4.3170E-09 4.3630E-09 4.4082E-09 4.4528E-09 4.4965E-09 4.5383E-09 4.5780E-09 4.6166E-09 4.6545E-09 4.6930E-09 4.7301E-09 4.7658E-09 4.7999E-09 4.8324E-09 4.8633E-09 4.8926E-09 4.9202E-09 4.9460E-09 4.9699E-09 4.9918E-09 5.0116E-09 5.0294E-09 5.0458E-09 5.0598E-09 5.0714E-09 5.0806E-09 5.0873E-09 5.0915E-09 5.0932E-09 5.0925E-09 5.0894E-09 5.0839E-09 5.0762E-09 5.0663E-09 5.0542E-09 5.0408E-09 5.0246E-09 5.0081E-09 4.9878E-09 4.9362E-09 4.8473E-09 4.7652E-09 4.7009E-09 4.6486E-09 4.5490E-09 4.4485E-09
3.8582E-09 3.9089E-09 3.9606E-09 4.0598E-09 4.1086E-09 4.1571E-09 4.2053E-09 4.2532E-09 4.2709E-09 4.3210E-09 4.3705E-09 4.4268E-09 4.4811E-09 4.5299E-09 4.5768E-09 4.6222E-09 4.6648E-09 4.7060E-09 4.7510E-09 4.7905E-09 4.8262E-09 4.8657E-09 4.9020E-09 4.9356E-09 4.9686E-09 5.0021E-09 5.0342E-09 5.0645E-09 5.0930E-09 5.1196E-09 5.1440E-09 5.1664E-09 5.1867E-09 5.2056E-09 5.2220E-09 5.2360E-09 5.2474E-09 5.2563E-09 5.2626E-09 5.2663E-09 5.2674E-09 5.2660E-09 5.2621E-09 5.2558E-09 5.2472E-09 5.2365E-09 5.2242E-09 5.2092E-09 5.1936E-09 5.1750E-09 5.1449E-09 5.0837E-09 4.9847E-09 4.8927E-09 4.8250E-09 4.7468E-09 4.6255E-09
3.9982E-09 4.0503E-09 4.1019E-09 4.1533E-09 4.2045E-09 4.3146E-09 4.3639E-09 4.4120E-09 4.4593E-09 4.5059E-09 4.4903E-09 4.5425E-09 4.6014E-09 4.6521E-09 4.7082E-09 4.7597E-09 4.8208E-09 4.8659E-09 4.9205E-09 4.9572E-09 5.0046E-09 5.0346E-09 5.0545E-09 5.0877E-09 5.1190E-09 5.1517E-09 5.1828E-09 5.2126E-09 5.2440E-09 5.2734E-09 5.3008E-09 5.3259E-09 5.3490E-09 5.3704E-09 5.3895E-09 5.4061E-09 5.4200E-09 5.4313E-09 5.4398E-09 5.4457E-09 5.4489E-09 5.4494E-09 5.4473E-09 5.4428E-09 5.4358E-09 5.4266E-09 5.4155E-09 5.4021E-09 5.3875E-09 5.3704E-09 5.3421E-09 5.3017E-09 5.2307E-09 5.1199E-09 5.0232E-09 4.9435E-09 4.8264E-09
4.0871E-09 4.2107E-09 4.2720E-09 4.3255E-09 4.3783E-09 4.4303E-09 4.4814E-09 4.5968E-09 4.6508E-09 4.7143E-09 4.7592E-09 4.7681E-09 4.7669E-09 4.8205E-09 4.8873E-09 4.9573E-09 5.0128E-09 5.0498E-09 5.0962E-09 5.1536E-09 5.1855E-09 5.2382E-09 5.2776E-09 5.2599E-09 5.2894E-09 5.3188E-09 5.3507E-09 5.3786E-09 5.4048E-09 5.4334E-09 5.4619E-09 5.4900E-09 5.5160E-09 5.5404E-09 5.5623E-09 5.5817E-09 5.5983E-09 5.6122E-09 5.6233E-09 5.6316E-09 5.6371E-09 5.6398E-09 5.6398E-09 5.6373E-09 5.6321E-09 5.6247E-09 5.6151E-09 5.6035E-09 5.5902E-09 5.5749E-09 5.5489E-09 5.5088E-09 5.4583E-09 5.3747E-09 5.2568E-09 5.1483E-09 5.0280E-09
4.2686E-09 4.3267E-09 4.3840E-09 4.4501E-09 4.5857E-09 4.6409E-09 4.7138E-09 4.7657E-09 4.8344E-09 4.8972E-09 5.0596E-09 5.1114E-09 5.1624E-09 5.0554E-09 5.1268E-09 5.1793E-09 5.2455E-09 5.3006E-09 5.3588E-09 5.3853E-09 5.4255E-09 5.4768E-09 5.4982E-09 5.5333E-09 5.5635E-09 5.5100E-09 5.5394E-09 5.5678E-09 5.5917E-09 5.6135E-09 5.6385E-09 5.6661E-09 5.6945E-09 5.7213E-09 5.7457E-09 5.7629E-09 5.7825E-09 5.7993E-09 5.8132E-09 5.8241E-09 5.8322E-09 5.8374E-09 5.8397E-09 5.8393E-09 5.8363E-09 5.8311E-09 5.8232E-09 5.8136E-09 5.8019E-09 5.7887E-09 5.7658E-09 5.7264E-09 5.6759E-09 5.6110E-09 5.5184E-09 5.3900E-09 5.2419E-09
4.3855E-09 4.5413E-09 4.6073E-09 4.6907E-09 4.7608E-09 4.8550E-09 5.0258E-09 5.1096E-09 5.1882E-09 5.2384E-09 5.2856E-09 5.3543E-09 5.4533E-09 5.5148E-09 5.4791E-09 5.4476E-09 5.5183E-09 5.5689E-09 5.6316E-09 5.6749E-09 5.6999E-09 5.7366E-09 5.7776E-09 5.8052E-09 5.8268E-09 5.8437E-09 5.7562E-09 5.7884E-09 5.8092E-09 5.8265E-09 5.8428E-09 5.8629E-09 5.8874E-09 5.9114E-09 5.9362E-09 5.9604E-09 5.9725E-09 5.9924E-09 6.0094E-09 6.0233E-09 6.0342E-09 6.0421E-09 6.0471E-09 6.0492E-09 6.0486E-09 6.0456E-09 6.0398E-09 6.0327E-09 6.0228E-09 6.0122E-09 5.9931E-09 5.9547E-09 5.9048E-09 5.8368E-09 5.7619E-09 5.6605E-09 5.5050E-09
4.6277E-09 4.7168E-09 4.7956E-09 5.0164E-09 5.1222E-09 5.2159E-09 5.2845E-09 5.3699E-09 5.4906E-09 5.5742E-09 5.6410E-09 5.6999E-09 5.7471E-09 5.8073E-09 5.8746E-09 5.8905E-09 5.8116E-09 5.8766E-09 5.9262E-09 5.9887E-09 6.0253E-09 6.0776E-09 6.0709E-09 6.1032E-09 6.1308E-09 6.1227E-09 6.1366E-09 6.1472E-09 6.0540E-09 6.0689E-09 6.0855E-09 6.0971E-09 6.1071E-09 6.1316E-09 6.1507E-09 6.1634E-09 6.1808E-09 6.1935E-09 6.2131E-09 6.2296E-09 6.2433E-09 6.2542E-09 6.2621E-09 6.2670E-09 6.2690E-09 6.2686E-09 6.2653E-09 6.2610E-09 6.2533E-09 6.2455E-09 6.2301E-09 6.1943E-09 6.1454E-09 6.0742E-09 5.9960E-09 5.9138E-09 5.7995E-09
4.8336E-09 5.0548E-09 5.1782E-09 5.2962E-09 5.3824E-09 5.5232E-09 5.6291E-09 5.7187E-09 5.8018E-09 5.8939E-09 5.9948E-09 6.0979E-09 6.1623E-09 6.2165E-09 6.2560E-09 6.3108E-09 6.3380E-09 6.2784E-09 6.2765E-09 6.3220E-09 6.3625E-09 6.3943E-09 6.4254E-09 6.3984E-09 6.4262E-09 6.4450E-09 6.4428E-09 6.4404E-09 6.4555E-09 6.3354E-09 6.3475E-09 6.3592E-09 6.3674E-09 6.3743E-09 6.3939E-09 6.4037E-09 6.4066E-09 6.4199E-09 6.4258E-09 6.4449E-09 6.4615E-09 6.4754E-09 6.4858E-09 6.4930E-09 6.4978E-09 6.5002E-09 6.4998E-09 6.4985E-09 6.4934E-09 6.4888E-09 6.4777E-09 6.4441E-09 6.3954E-09 6.3239E-09 6.2423E-09 6.1575E-09 6.0417E-09
5.2250E-09 5.3380E-09 5.4416E-09 5.6032E-09 5.7343E-09 5.8666E-09 5.9618E-09 6.0837E-09 6.1942E-09 6.2983E-09 6.3963E-09 6.4625E-09 6.5829E-09 6.6605E-09 6.7283E-09 6.7623E-09 6.7877E-09 6.8109E-09 6.7291E-09 6.6581E-09 6.6991E-09 6.7338E-09 6.7642E-09 6.7862E-09 6.7919E-09 6.7667E-09 6.7830E-09 6.7908E-09 6.7673E-09 6.7743E-09 6.7263E-09 6.6405E-09 6.6487E-09 6.6513E-09 6.6540E-09 6.6678E-09 6.6648E-09 6.6519E-09 6.6590E-09 6.6702E-09 6.6896E-09 6.7058E-09 6.7193E-09 6.7294E-09 6.7370E-09 6.7417E-09 6.7437E-09 6.7452E-09 6.7434E-09 6.7424E-09 6.7365E-09 6.7054E-09 6.6569E-09 6.5864E-09 6.5015E-09 6.4133E-09 6.2972E-09
5.5006E-09 5.6579E-09 5.8083E-09 5.9539E-09 6.0695E-09 6.2435E-09 6.3865E-09 6.5288E-09 6.6375E-09 6.7311E-09 6.8701E-09 6.9790E-09 7.0468E-09 7.1022E-09 7.1478E-09 7.1953E-09 7.2233E-09 7.2408E-09 7.2501E-09 7.1485E-09 7.0583E-09 7.0918E-09 7.1201E-09 7.1444E-09 7.1605E-09 7.1741E-09 7.1237E-09 7.1331E-09 7.1351E-09 7.1122E-09 7.1048E-09 7.0907E-09 6.9468E-09 6.9508E-09 6.9509E-09 6.9465E-09 6.9468E-09 6.9447E-09 6.9240E-09 6.9139E-09 6.9251E-09 6.9458E-09 6.9631E-09 6.9768E-09 6.9867E-09 6.9939E-09 6.9992E-09 7.0031E-09 7.0041E-09 7.0059E-09 7.0054E-09 6.9783E-09 6.9308E-09 6.8620E-09 6.7738E-09 6.6810E-09 6.5667E-09
5.8388E-09 6.0051E-09 6.1464E-09 6.3481E-09 6.5172E-09 6.6865E-09 6.8141E-09 6.9958E-09 7.1203E-09 7.2711E-09 7.3755E-09 7.4597E-09 7.5321E-09 7.5928E-09 7.6497E-09 7.6881E-09 7.7143E-09 7.7307E-09 7.7361E-09 7.7337E-09 7.6703E-09 7.4937E-09 7.5239E-09 7.5465E-09 7.5628E-09 7.5693E-09 7.5706E-09 7.5350E-09 7.5014E-09 7.4978E-09 7.4741E-09 7.4468E-09 7.4355E-09 7.3297E-09 7.2588E-09 7.2562E-09 7.2519E-09 7.2469E-09 7.2335E-09 7.2062E-09 7.1681E-09 7.1922E-09 7.2137E-09 7.2316E-09 7.2463E-09 7.2577E-09 7.2661E-09 7.2727E-09 7.2773E-09 7.2822E-09 7.2847E-09 7.2628E-09 7.2173E-09 7.1498E-09 7.0599E-09 6.9621E-09 6.8492E-09
6.1992E-09 6.3993E-09 6.5980E-09 6.7894E-09 6.9486E-09 7.1711E-09 7.3613E-09 7.5059E-09 7.6413E-09 7.7641E-09 7.8852E-09 7.9932E-09 8.0811E-09 8.1572E-09 8.2136E-09 8.2576E-09 8.2843E-09 8.3012E-09 8.3032E-09 8.2951E-09 8.2745E-09 8.1899E-09 8.0542E-09 7.9999E-09 8.0124E-09 8.0155E-09 8.0103E-09 7.9941E-09 7.9606E-09 7.8943E-09 7.8854E-09 7.8587E-09 7.8127E-09 7.7913E-09 7.7062E-09 7.5791E-09 7.5702E-09 7.5621E-09 7.5537E-09 7.5379E-09 7.5071E-09 7.4496E-09 7.4734E-09 7.4955E-09 7.5141E-09 7.5296E-09 7.5427E-09 7.5532E-09 7.5621E-09 7.5704E-09 7.5779E-09 7.5624E-09 7.5179E-09 7.4515E-09 7.3601E-09 7.2562E-09 7.1395E-09
6.6054E-09 6.8313E-09 7.0226E-09 7.2793E-09 7.5000E-09 7.6764E-09 7.8542E-09 8.0216E-09 8.1827E-09 8.3303E-09 8.4689E-09 8.5879E-09 8.6928E-09 8.7861E-09 8.8541E-09 8.9031E-09 8.9382E-09 8.9499E-09 8.9477E-09 8.9278E-09 8.8969E-09 8.8556E-09 8.7468E-09 8.5831E-09 8.5076E-09 8.5062E-09 8.4939E-09 8.4756E-09 8.4480E-09 8.4193E-09 8.3149E-09 8.2864E-09 8.2595E-09 8.2042E-09 8.1622E-09 8.0901E-09 7.9334E-09 7.8948E-09 7.8825E-09 7.8700E-09 7.8569E-09 7.7902E-09 7.7461E-09 7.7681E-09 7.7910E-09 7.8109E-09 7.8291E-09 7.8442E-09 7.8578E-09 7.8701E-09 7.8824E-09 7.8757E-09 7.8348E-09 7.7702E-09 7.6753E-09 7.5647E-09 7.4445E-09
7.0189E-09 7.2784E-09 7.5267E-09 7.7756E-09 7.9879E-09 8.1966E-09 8.4017E-09 8.5939E-09 8.7833E-09 8.9568E-09 9.1155E-09 9.2597E-09 9.3848E-09 9.4934E-09 9.5758E-09 9.6376E-09 9.6731E-09 9.6852E-09 9.6758E-09 9.6498E-09 9.6059E-09 9.5473E-09 9.4778E-09 9.3387E-09 9.1441E-09 9.0450E-09 9.0275E-09 9.0023E-09 8.9696E-09 8.9271E-09 8.8827E-09 8.7968E-09 8.7176E-09 8.6779E-09 8.6213E-09 8.5509E-09 8.4877E-09 8.3018E-09 8.2284E-09 8.2111E-09 8.1959E-09 8.1818E-09 8.1209E-09 8.0590E-09 8.0783E-09 8.1026E-09 8.1244E-09 8.1438E-09 8.1640E-09 8.1816E-09 8.2000E-09 8.2023E-09 8.1643E-09 8.1040E-09 8.0062E-09 7.8908E-09 7.7652E-09
7.5011E-09 7.7825E-09 8.0325E-09 8.2812E-09 8.5280E-09 8.7703E-09 9.0032E-09 9.2279E-09 9.4451E-09 9.6537E-09 9.8420E-09 1.0013E-08 1.0159E-08 1.0286E-08 1.0385E-08 1.0458E-08 1.0502E-08 1.0518E-08 1.0511E-08 1.0474E-08 1.0414E-08 1.0334E-08 1.0241E-08 1.0137E-08 9.9650E-09 9.7362E-09 9.6118E-09 9.5761E-09 9.5332E-09 9.4835E-09 9.4259E-09 9.3676E-09 9.2631E-09 9.1619E-09 9.1152E-09 9.0409E-09 8.9574E-09 8.8758E-09 8.7142E-09 8.5742E-09 8.5498E-09 8.5325E-09 8.5137E-09 8.4192E-09 8.3882E-09 8.4050E-09 8.4318E-09 8.4559E-09 8.4800E-09 8.5021E-09 8.5283E-09 8.5413E-09 8.5103E-09 8.4531E-09 8.3503E-09 8.2331E-09 8.1050E-09
7.9803E-09 8.2674E-09 8.5520E-09 8.8385E-09 9.1177E-09 9.3934E-09 9.6692E-09 9.9314E-09 1.0183E-08 1.0423E-08 1.0645E-08 1.0847E-08 1.1023E-08 1.1178E-08 1.1296E-08 1.1382E-08 1.1436E-08 1.1458E-08 1.1448E-08 1.1402E-08 1.1327E-08 1.1227E-08 1.1106E-08 1.0971E-08 1.0837E-08 1.0710E-08 1.0427E-08 1.0201E-08 1.0145E-08 1.0082E-08 1.0013E-08 9.9398E-09 9.8606E-09 9.7609E-09 9.6195E-09 9.5546E-09 9.4781E-09 9.3717E-09 9.2758E-09 9.1065E-09 8.9331E-09 8.8997E-09 8.8808E-09 8.8601E-09 8.7618E-09 8.7322E-09 8.7486E-09 8.7793E-09 8.8099E-09 8.8367E-09 8.8672E-09 8.8899E-09 8.8672E-09 8.8150E-09 8.7129E-09 8.5900E-09 8.4591E-09
8.4699E-09 8.7947E-09 9.1161E-09 9.4405E-09 9.7657E-09 1.0086E-08 1.0397E-08 1.0701E-08 1.0995E-08 1.1274E-08 1.1539E-08 1.1774E-08 1.1984E-08 1.2166E-08 1.2312E-08 1.2419E-08 1.2487E-08 1.2514E-08 1.2501E-08 1.2449E-08 1.2360E-08 1.2237E-08 1.2088E-08 1.1917E-08 1.1742E-08 1.1574E-08 1.1415E-08 1.1270E-08 1.0810E-08 1.0729E-08 1.0642E-08 1.0551E-08 1.0457E-08 1.0359E-08 1.0242E-08 1.0108E-08 1.0003E-08 9.9129E-09 9.7896E-09 9.6846E-09 9.4990E-09 9.3058E-09 9.2630E-09 9.2412E-09 9.2202E-09 9.0921E-09 9.0929E-09 9.1099E-09 9.1485E-09 9.1837E-09 9.2219E-09 9.2540E-09 9.2352E-09 9.1862E-09 9.0913E-09 8.9667E-09 8.8306E-09
8.9987E-09 9.3626E-09 9.7320E-09 1.0102E-08 1.0469E-08 1.0837E-08 1.1196E-08 1.1549E-08 1.1888E-08 1.2212E-08 1.2521E-08 1.2800E-08 1.3049E-08 1.3263E-08 1.3439E-08 1.3572E-08 1.3659E-08 1.3699E-08 1.3690E-08 1.3633E-08 1.3531E-08 1.3386E-08 1.3205E-08 1.2996E-08 1.2775E-08 1.2557E-08 1.2350E-08 1.2161E-08 1.1990E-08 1.1820E-08 1.1333E-08 1.1219E-08 1.1103E-08 1.0985E-08 1.0865E-08 1.0729E-08 1.0575E-08 1.0454E-08 1.0351E-08 1.0236E-08 1.0122E-08 9.9384E-09 9.7131E-09 9.6392E-09 9.6155E-09 9.5953E-09 9.4623E-09 9.4724E-09 9.4950E-09 9.5384E-09 9.5861E-09 9.6325E-09 9.6215E-09 9.5730E-09 9.4824E-09 9.3568E-09 9.2176E-09
9.5708E-09 9.9825E-09 1.0396E-08 1.0817E-08 1.1236E-08 1.1657E-08 1.2075E-08 1.3043E-08 1.4899E-08 1.6932E-08 1.4582E-08 1.4369E-08 1.4422E-08 1.4566E-08 1.4718E-08 1.4859E-08 1.4967E-08 1.5024E-08 1.5023E-08 1.4965E-08 1.4852E-08 1.4685E-08 1.4472E-08 1.4221E-08 1.3948E-08 1.3674E-08 1.3412E-08 1.3169E-08 1.2946E-08 1.2729E-08 1.2513E-08 1.2233E-08 1.1810E-08 1.1667E-08 1.1525E-08 1.1383E-08 1.1225E-08 1.1049E-08 1.0910E-08 1.0796E-08 1.0676E-08 1.0558E-08 1.0357E-08 1.0138E-08 1.0028E-08 1.0004E-08 9.9862E-09 9.8595E-09 9.8752E-09 9.9039E-09 9.9583E-09 1.0015E-08 1.0020E-08 9.9792E-09 9.8914E-09 9.7624E-09 9.6172E-09
