Assets/Resources/2015_m01_d20_2300(utc+0800)_l00_csi_1hr_conc.grd
DSAA
         159         159
     -79.000      79.000
     -79.000      79.000
  0.2126E-09  0.2259E-04
[rows 75 to 99 of 159, columns 57 to 113 of 159]
1.7277E-08 1.7343E-08 1.7404E-08 1.7461E-08 1.7515E-08 1.7593E-08 1.7724E-08 1.7913E-08 1.8128E-08 1.8407E-08 1.8765E-08 1.9226E-08 1.9807E-08 2.0536E-08 2.1438E-08 2.2513E-08 2.3788E-08 2.5238E-08 2.6861E-08 2.8678E-08 3.0717E-08 3.2934E-08 3.5324E-08 3.7810E-08 4.0611E-07 2.1028E-06 1.9912E-06 9.6549E-07 1.7734E-07 1.3667E-07 2.3525E-07 1.8900E-07 1.2383E-07 7.7728E-08 5.1933E-08 3.6540E-08 2.6271E-08 1.9532E-08 1.5194E-08 1.1689E-08 9.2708E-09 7.7437E-09 6.5833E-09 5.7452E-09 5.0889E-09 4.5857E-09 4.1629E-09 3.8649E-09 3.6637E-09 3.4861E-09 3.3092E-09 3.2018E-09 3.1199E-09 3.0540E-09 2.9919E-09 2.9308E-09 2.8719E-09
1.7315E-08 1.7365E-08 1.7405E-08 1.7440E-08 1.7473E-08 1.7508E-08 1.7597E-08 1.7722E-08 1.7903E-08 1.8111E-08 1.8393E-08 1.8755E-08 1.9217E-08 1.9798E-08 2.0519E-08 2.1389E-08 2.2425E-08 2.3601E-08 2.4911E-08 2.6384E-08 2.8015E-08 2.9787E-08 3.1609E-08 3.3592E-08 2.1920E-06 2.3029E-06 1.7753E-06 1.6890E-07 3.9410E-08 3.9707E-08 4.2055E-08 6.4098E-08 5.1116E-08 3.8420E-08 2.9601E-08 2.3122E-08 1.8365E-08 1.4653E-08 1.1883E-08 9.8699E-09 8.3590E-09 7.1332E-09 6.2186E-09 5.4933E-09 4.9417E-09 4.4618E-09 4.0939E-09 3.8463E-09 3.6563E-09 3.4866E-09 3.3226E-09 3.2250E-09 3.1414E-09 3.0827E-09 3.0121E-09 2.9579E-09 2.8906E-09
1.7319E-08 1.7354E-08 1.7373E-08 1.7386E-08 1.7393E-08 1.7394E-08 1.7433E-08 1.7509E-08 1.7646E-08 1.7790E-08 1.7995E-08 1.8262E-08 1.8611E-08 1.9054E-08 1.9603E-08 2.0281E-08 2.1076E-08 2.2007E-08 2.3034E-08 2.4180E-08 2.5437E-08 2.6785E-08 2.8186E-08 5.9067E-07 2.7047E-06 2.3995E-06 6.3454E-07 3.1854E-08 3.0396E-08 2.9820E-08 2.9110E-08 2.8482E-08 2.7900E-08 2.3490E-08 1.9816E-08 1.6780E-08 1.4471E-08 1.2170E-08 1.0305E-08 8.8466E-09 7.6088E-09 6.6453E-09 5.8720E-09 5.2639E-09 4.7739E-09 4.3403E-09 4.0409E-09 3.8222E-09 3.6500E-09 3.4642E-09 3.3312E-09 3.2428E-09 3.1625E-09 3.1034E-09 3.0319E-09 2.9771E-09 2.9090E-09
1.7294E-08 1.7311E-08 1.7310E-08 1.7300E-08 1.7281E-08 1.7261E-08 1.7247E-08 1.7280E-08 1.7342E-08 1.7451E-08 1.7575E-08 1.7760E-08 1.8004E-08 1.8319E-08 1.8715E-08 1.9206E-08 1.9799E-08 2.0483E-08 2.1269E-08 2.2116E-08 2.3042E-08 2.4008E-08 2.5024E-08 3.6269E-06 3.0090E-06 2.1646E-06 3.1064E-08 2.6958E-08 2.5583E-08 2.4661E-08 2.2835E-08 2.1322E-08 1.9810E-08 1.7768E-08 1.5749E-08 1.3686E-08 1.1948E-08 1.0438E-08 9.1137E-09 7.9755E-09 7.0132E-09 6.2055E-09 5.5673E-09 5.0616E-09 4.6071E-09 4.2430E-09 3.9965E-09 3.8091E-09 3.6259E-09 3.4606E-09 3.3486E-09 3.2633E-09 3.1903E-09 3.1237E-09 3.0586E-09 2.9958E-09 2.9416E-09
1.7240E-08 1.7238E-08 1.7221E-08 1.7187E-08 1.7145E-08 1.7098E-08 1.7043E-08 1.7025E-08 1.7031E-08 1.7093E-08 1.7155E-08 1.7256E-08 1.7407E-08 1.7608E-08 1.7871E-08 1.8197E-08 1.8605E-08 1.9082E-08 1.9627E-08 2.0232E-08 2.0861E-08 2.1521E-08 2.2198E-08 2.2593E-05 3.1487E-06 9.5892E-08 2.3285E-08 2.2310E-08 2.1468E-08 2.0693E-08 1.9139E-08 1.7768E-08 1.6376E-08 1.4848E-08 1.3316E-08 1.1850E-08 1.0496E-08 9.2816E-09 8.2172E-09 7.2878E-09 6.4806E-09 5.8416E-09 5.3165E-09 4.8625E-09 4.4609E-09 4.1805E-09 3.9715E-09 3.7870E-09 3.5980E-09 3.4654E-09 3.3717E-09 3.2888E-09 3.2183E-09 3.1434E-09 3.0853E-09 3.0141E-09 2.9593E-09
1.7160E-08 1.7141E-08 1.7105E-08 1.7051E-08 1.6986E-08 1.6912E-08 1.6834E-08 1.6760E-08 1.6727E-08 1.6703E-08 1.6737E-08 1.6761E-08 1.6831E-08 1.6933E-08 1.7079E-08 1.7269E-08 1.7512E-08 1.7814E-08 1.8152E-08 1.8504E-08 1.8867E-08 1.9253E-08 1.9635E-08 2.0099E-08 2.0319E-08 2.0323E-08 2.0037E-08 1.9204E-08 1.8416E-08 1.7072E-08 1.6102E-08 1.4987E-08 1.3825E-08 1.2620E-08 1.1414E-08 1.0268E-08 9.2120E-09 8.3345E-09 7.4464E-09 6.6867E-09 6.0660E-09 5.5445E-09 5.0951E-09 4.6651E-09 4.3665E-09 4.1319E-09 3.9459E-09 3.7545E-09 3.5902E-09 3.4745E-09 3.3913E-09 3.3086E-09 3.2383E-09 3.1700E-09 3.1039E-09 3.0319E-09 2.9765E-09
1.7058E-08 1.7022E-08 1.6966E-08 1.6896E-08 1.6807E-08 1.6711E-08 1.6604E-08 1.6494E-08 1.6404E-08 1.6337E-08 1.6295E-08 1.6288E-08 1.6274E-08 1.6299E-08 1.6344E-08 1.6421E-08 1.6533E-08 1.6675E-08 1.6844E-08 1.7019E-08 1.7191E-08 1.7378E-08 1.7563E-08 1.7713E-08 1.7733E-08 1.7575E-08 1.6952E-08 1.6448E-08 1.5751E-08 1.4700E-08 1.3848E-08 1.3012E-08 1.2048E-08 1.1046E-08 1.0076E-08 9.1545E-09 8.2857E-09 7.5083E-09 6.8383E-09 6.2513E-09 5.7374E-09 5.2910E-09 4.8462E-09 4.5386E-09 4.2930E-09 4.0925E-09 3.9066E-09 3.7161E-09 3.5989E-09 3.5019E-09 3.4171E-09 3.3331E-09 3.2579E-09 3.1888E-09 3.1220E-09 3.0565E-09 2.9932E-09
1.6938E-08 1.6882E-08 1.6810E-08 1.6720E-08 1.6613E-08 1.6493E-08 1.6365E-08 1.6229E-08 1.6090E-08 1.5981E-08 1.5876E-08 1.5809E-08 1.5757E-08 1.5699E-08 1.5672E-08 1.5654E-08 1.5661E-08 1.5677E-08 1.5689E-08 1.5696E-08 1.5744E-08 1.5779E-08 1.5809E-08 1.5804E-08 1.5720E-08 1.5478E-08 1.4929E-08 1.4440E-08 1.3639E-08 1.2965E-08 1.2209E-08 1.1402E-08 1.0582E-08 9.7501E-09 8.9691E-09 8.2290E-09 7.5342E-09 6.9222E-09 6.3748E-09 5.8915E-09 5.4541E-09 5.0076E-09 4.7045E-09 4.4509E-09 4.2445E-09 4.0599E-09 3.8519E-09 3.7181E-09 3.6072E-09 3.5222E-09 3.4368E-09 3.3599E-09 3.2820E-09 3.2148E-09 3.1396E-09 3.0810E-09 3.0094E-09
1.6802E-08 1.6728E-08 1.6639E-08 1.6531E-08 1.6407E-08 1.6267E-08 1.6118E-08 1.5957E-08 1.5793E-08 1.5629E-08 1.5495E-08 1.5350E-08 1.5250E-08 1.5156E-08 1.5048E-08 1.4966E-08 1.4887E-08 1.4802E-08 1.4702E-08 1.4591E-08 1.4491E-08 1.4400E-08 1.4304E-08 1.4176E-08 1.3993E-08 1.3556E-08 1.3169E-08 1.2695E-08 1.2137E-08 1.1548E-08 1.0889E-08 1.0224E-08 9.4945E-09 8.7890E-09 8.1295E-09 7.5318E-09 6.9507E-09 6.4402E-09 5.9872E-09 5.5846E-09 5.1544E-09 4.8589E-09 4.6033E-09 4.3829E-09 4.2026E-09 3.9907E-09 3.8452E-09 3.7271E-09 3.6281E-09 3.5429E-09 3.4555E-09 3.3787E-09 3.3006E-09 3.2327E-09 3.1639E-09 3.0975E-09 3.0251E-09
1.6652E-08 1.6564E-08 1.6456E-08 1.6333E-08 1.6190E-08 1.6035E-08 1.5865E-08 1.5687E-08 1.5496E-08 1.5304E-08 1.5114E-08 1.4953E-08 1.4769E-08 1.4627E-08 1.4497E-08 1.4337E-08 1.4182E-08 1.4009E-08 1.3812E-08 1.3653E-08 1.3471E-08 1.3299E-08 1.3125E-08 1.2926E-08 1.2688E-08 1.2284E-08 1.1892E-08 1.1300E-08 1.0835E-08 1.0340E-08 9.7719E-09 9.2164E-09 8.5618E-09 7.9529E-09 7.3988E-09 6.9063E-09 6.4703E-09 6.0531E-09 5.6608E-09 5.2992E-09 5.0015E-09 4.7488E-09 4.5252E-09 4.3388E-09 4.1232E-09 3.9766E-09 3.8493E-09 3.7384E-09 3.6489E-09 3.5625E-09 3.4864E-09 3.4027E-09 3.3236E-09 3.2499E-09 3.1805E-09 3.1134E-09 3.0476E-09
1.6492E-08 1.6390E-08 1.6267E-08 1.6126E-08 1.5971E-08 1.5796E-08 1.5611E-08 1.5413E-08 1.5210E-08 1.4989E-08 1.4759E-08 1.4555E-08 1.4365E-08 1.4147E-08 1.3953E-08 1.3799E-08 1.3587E-08 1.3357E-08 1.3097E-08 1.2836E-08 1.2585E-08 1.2350E-08 1.2111E-08 1.1857E-08 1.1577E-08 1.1266E-08 1.0877E-08 1.0350E-08 9.9304E-09 9.4854E-09 8.9977E-09 8.4501E-09 7.8916E-09 7.3721E-09 6.8950E-09 6.4866E-09 6.0880E-09 5.7227E-09 5.4247E-09 5.1449E-09 4.8869E-09 4.6500E-09 4.4677E-09 4.2558E-09 4.1081E-09 3.9775E-09 3.8603E-09 3.7643E-09 3.6690E-09 3.5810E-09 3.5039E-09 3.4210E-09 3.3489E-09 3.2716E-09 3.2042E-09 3.1287E-09 3.0700E-09
1.6322E-08 1.6207E-08 1.6073E-08 1.5917E-08 1.5745E-08 1.5561E-08 1.5355E-08 1.5145E-08 1.4923E-08 1.4694E-08 1.4450E-08 1.4196E-08 1.3941E-08 1.3714E-08 1.3467E-08 1.3251E-08 1.3038E-08 1.2785E-08 1.2487E-08 1.2191E-08 1.1832E-08 1.1559E-08 1.1281E-08 1.1077E-08 1.0779E-08 1.0461E-08 9.9964E-09 9.6101E-09 9.2076E-09 8.8133E-09 8.3628E-09 7.8703E-09 7.4136E-09 6.9397E-09 6.5022E-09 6.1476E-09 5.8256E-09 5.5187E-09 5.2533E-09 5.0074E-09 4.7806E-09 4.5782E-09 4.3921E-09 4.2405E-09 4.1022E-09 3.9774E-09 3.8784E-09 3.7845E-09 3.6938E-09 3.6089E-09 3.5217E-09 3.4386E-09 3.3658E-09 3.2877E-09 3.2197E-09 3.1435E-09 3.0843E-09
1.6148E-08 1.6021E-08 1.5875E-08 1.5708E-08 1.5522E-08 1.5322E-08 1.5111E-08 1.4881E-08 1.4638E-08 1.4383E-08 1.4118E-08 1.3887E-08 1.3612E-08 1.3328E-08 1.3069E-08 1.2815E-08 1.2506E-08 1.2181E-08 1.1921E-08 1.1576E-08 1.1267E-08 1.0966E-08 1.0662E-08 1.0353E-08 1.0093E-08 9.7603E-09 9.3878E-09 9.0040E-09 8.6234E-09 8.2509E-09 7.8415E-09 7.4316E-09 7.0411E-09 6.5973E-09 6.2291E-09 5.8996E-09 5.6168E-09 5.3609E-09 5.1256E-09 4.9002E-09 4.6873E-09 4.5290E-09 4.3775E-09 4.2400E-09 4.1047E-09 3.9973E-09 3.8986E-09 3.8039E-09 3.7121E-09 3.6252E-09 3.5394E-09 3.4555E-09 3.3820E-09 3.3032E-09 3.2346E-09 3.1650E-09 3.0980E-09
1.5970E-08 1.5832E-08 1.5675E-08 1.5498E-08 1.5303E-08 1.5090E-08 1.4865E-08 1.4630E-08 1.4380E-08 1.4117E-08 1.3844E-08 1.3562E-08 1.3270E-08 1.2968E-08 1.2715E-08 1.2417E-08 1.2130E-08 1.1789E-08 1.1394E-08 1.1053E-08 1.0746E-08 1.0404E-08 1.0206E-08 9.8851E-09 9.5608E-09 9.2061E-09 8.8636E-09 8.5023E-09 8.1417E-09 7.7952E-09 7.4589E-09 7.1037E-09 6.7492E-09 6.3493E-09 6.0301E-09 5.7249E-09 5.4723E-09 5.2464E-09 5.0203E-09 4.8383E-09 4.6703E-09 4.5173E-09 4.3758E-09 4.2373E-09 4.1173E-09 4.0170E-09 3.9179E-09 3.8226E-09 3.7340E-09 3.6413E-09 3.5564E-09 3.4796E-09 3.3976E-09 3.3258E-09 3.2489E-09 3.1863E-09 3.1111E-09
1.5791E-08 1.5643E-08 1.5476E-08 1.5290E-08 1.5087E-08 1.4866E-08 1.4631E-08 1.4381E-08 1.4120E-08 1.3848E-08 1.3582E-08 1.3294E-08 1.2998E-08 1.2691E-08 1.2379E-08 1.2051E-08 1.1647E-08 1.1315E-08 1.1071E-08 1.0736E-08 1.0364E-08 1.0038E-08 9.7139E-09 9.3905E-09 9.0693E-09 8.8085E-09 8.4701E-09 8.1366E-09 7.8150E-09 7.4884E-09 7.1593E-09 6.8357E-09 6.5158E-09 6.1832E-09 5.8944E-09 5.5991E-09 5.3818E-09 5.1805E-09 4.9823E-09 4.8192E-09 4.6636E-09 4.5106E-09 4.3714E-09 4.2494E-09 4.1397E-09 4.0362E-09 3.9364E-09 3.8404E-09 3.7492E-09 3.6584E-09 3.5727E-09 3.5005E-09 3.4177E-09 3.3451E-09 3.2674E-09 3.1994E-09 3.1235E-09
1.5610E-08 1.5457E-08 1.5281E-08 1.5086E-08 1.4875E-08 1.4648E-08 1.4406E-08 1.4151E-08 1.3884E-08 1.3608E-08 1.3321E-08 1.3027E-08 1.2724E-08 1.2432E-08 1.2120E-08 1.1788E-08 1.1401E-08 1.1053E-08 1.0698E-08 1.0324E-08 1.0021E-08 9.7832E-09 9.4636E-09 9.1464E-09 8.8329E-09 8.4887E-09 8.1539E-09 7.8346E-09 7.5266E-09 7.2491E-09 6.9216E-09 6.6351E-09 6.3335E-09 6.0339E-09 5.7749E-09 5.5468E-09 5.3280E-09 5.1393E-09 4.9652E-09 4.8083E-09 4.6598E-09 4.5058E-09 4.3849E-09 4.2640E-09 4.1582E-09 4.0545E-09 3.9541E-09 3.8614E-09 3.7692E-09 3.6801E-09 3.5936E-09 3.5155E-09 3.4319E-09 3.3588E-09 3.2804E-09 3.2119E-09 3.1354E-09
1.5433E-08 1.5269E-08 1.5089E-08 1.4888E-08 1.4670E-08 1.4437E-08 1.4190E-08 1.3930E-08 1.3660E-08 1.3379E-08 1.3090E-08 1.2794E-08 1.2488E-08 1.2177E-08 1.1860E-08 1.1490E-08 1.1151E-08 1.0804E-08 1.0460E-08 1.0126E-08 9.7968E-09 9.4709E-09 9.1493E-09 8.8393E-09 8.5712E-09 8.2837E-09 7.9616E-09 7.6441E-09 7.3505E-09 7.0395E-09 6.7538E-09 6.4776E-09 6.1676E-09 5.9286E-09 5.7048E-09 5.4988E-09 5.3014E-09 5.1177E-09 4.9547E-09 4.8048E-09 4.6566E-09 4.5182E-09 4.3980E-09 4.2786E-09 4.1763E-09 4.0719E-09 3.9709E-09 3.8811E-09 3.7855E-09 3.6956E-09 3.6084E-09 3.5297E-09 3.4455E-09 3.3717E-09 3.2927E-09 3.2238E-09 3.1540E-09
1.5261E-08 1.5090E-08 1.4897E-08 1.4688E-08 1.4473E-08 1.4235E-08 1.3983E-08 1.3720E-08 1.3446E-08 1.3164E-08 1.2873E-08 1.2576E-08 1.2269E-08 1.1960E-08 1.1641E-08 1.1286E-08 1.0951E-08 1.0582E-08 1.0256E-08 9.9306E-09 9.6317E-09 9.3144E-09 9.0020E-09 8.6955E-09 8.3718E-09 8.0698E-09 7.7625E-09 7.4637E-09 7.1961E-09 6.9203E-09 6.6566E-09 6.3900E-09 6.1250E-09 5.8929E-09 5.6630E-09 5.4654E-09 5.2765E-09 5.1079E-09 4.9532E-09 4.8070E-09 4.6604E-09 4.5308E-09 4.4116E-09 4.2960E-09 4.1935E-09 4.0885E-09 3.9849E-09 3.8946E-09 3.8009E-09 3.7103E-09 3.6279E-09 3.5431E-09 3.4661E-09 3.3840E-09 3.3044E-09 3.2350E-09 3.1646E-09
1.5094E-08 1.4916E-08 1.4721E-08 1.4506E-08 1.4276E-08 1.4032E-08 1.3776E-08 1.3522E-08 1.3246E-08 1.2962E-08 1.2670E-08 1.2372E-08 1.2066E-08 1.1759E-08 1.1418E-08 1.1097E-08 1.0738E-08 1.0417E-08 1.0098E-08 9.7803E-09 9.4661E-09 9.1566E-09 8.8527E-09 8.5552E-09 8.2501E-09 7.9449E-09 7.6610E-09 7.3830E-09 7.1067E-09 6.8423E-09 6.5728E-09 6.3250E-09 6.0805E-09 5.8534E-09 5.6388E-09 5.4376E-09 5.2657E-09 5.1119E-09 4.9542E-09 4.8136E-09 4.6720E-09 4.5426E-09 4.4256E-09 4.3188E-09 4.2097E-09 4.1038E-09 4.0031E-09 3.9098E-09 3.8154E-09 3.7242E-09 3.6412E-09 3.5557E-09 3.4782E-09 3.3955E-09 3.3231E-09 3.2504E-09 3.1823E-09
1.4936E-08 1.4749E-08 1.4545E-08 1.4333E-08 1.4099E-08 1.3852E-08 1.3593E-08 1.3324E-08 1.3045E-08 1.2760E-08 1.2466E-08 1.2182E-08 1.1880E-08 1.1574E-08 1.1243E-08 1.0925E-08 1.0581E-08 1.0267E-08 9.9535E-09 9.6440E-09 9.3378E-09 9.0366E-09 8.7412E-09 8.4292E-09 8.1386E-09 7.8431E-09 7.5684E-09 7.3039E-09 7.0241E-09 6.7696E-09 6.5322E-09 6.2674E-09 6.0248E-09 5.7981E-09 5.6040E-09 5.4327E-09 5.2674E-09 5.1128E-09 4.9579E-09 4.8162E-09 4.6827E-09 4.5542E-09 4.4416E-09 4.3345E-09 4.2250E-09 4.1158E-09 4.0164E-09 3.9240E-09 3.8291E-09 3.7372E-09 3.6537E-09 3.5676E-09 3.4895E-09 3.4063E-09 3.3384E-09 3.2602E-09 3.1917E-09
1.4785E-08 1.4594E-08 1.4385E-08 1.4162E-08 1.3924E-08 1.3674E-08 1.3422E-08 1.3152E-08 1.2873E-08 1.2587E-08 1.2294E-08 1.1994E-08 1.1694E-08 1.1389E-08 1.1083E-08 1.0748E-08 1.0438E-08 1.0130E-08 9.8228E-09 9.5206E-09 9.2223E-09 8.9290E-09 8.6418E-09 8.3381E-09 8.0563E-09 7.7693E-09 7.4897E-09 7.2222E-09 6.9643E-09 6.7196E-09 6.4813E-09 6.2220E-09 5.9902E-09 5.7820E-09 5.5958E-09 5.4321E-09 5.2664E-09 5.1065E-09 4.9578E-09 4.8262E-09 4.6936E-09 4.5682E-09 4.4568E-09 4.3492E-09 4.2378E-09 4.1270E-09 4.0304E-09 3.9374E-09 3.8419E-09 3.7493E-09 3.6707E-09 3.5839E-09 3.5001E-09 3.4215E-09 3.3480E-09 3.2694E-09 3.2005E-09
1.4640E-08 1.4445E-08 1.4234E-08 1.4008E-08 1.3768E-08 1.3516E-08 1.3253E-08 1.2982E-08 1.2702E-08 1.2416E-08 1.2134E-08 1.1839E-08 1.1541E-08 1.1240E-08 1.0936E-08 1.0613E-08 1.0308E-08 1.0005E-08 9.7052E-09 9.4094E-09 9.1186E-09 8.8330E-09 8.5434E-09 8.2477E-09 7.9602E-09 7.6940E-09 7.4323E-09 7.1726E-09 6.9225E-09 6.6774E-09 6.4291E-09 6.1965E-09 5.9537E-09 5.7697E-09 5.5928E-09 5.4300E-09 5.2666E-09 5.1107E-09 4.9658E-09 4.8360E-09 4.7050E-09 4.5823E-09 4.4647E-09 4.3622E-09 4.2480E-09 4.1400E-09 4.0434E-09 3.9497E-09 3.8537E-09 3.7661E-09 3.6815E-09 3.5942E-09 3.5099E-09 3.4308E-09 3.3569E-09 3.2778E-09 3.2085E-09
1.4502E-08 1.4304E-08 1.4090E-08 1.3862E-08 1.3621E-08 1.3368E-08 1.3105E-08 1.2834E-08 1.2555E-08 1.2269E-08 1.1977E-08 1.1684E-08 1.1388E-08 1.1103E-08 1.0789E-08 1.0489E-08 1.0190E-08 9.8927E-09 9.5992E-09 9.3096E-09 9.0256E-09 8.7474E-09 8.4508E-09 8.1766E-09 7.8964E-09 7.6365E-09 7.3730E-09 7.1204E-09 6.8660E-09 6.6375E-09 6.3679E-09 6.1501E-09 5.9387E-09 5.7630E-09 5.5893E-09 5.4213E-09 5.2677E-09 5.1163E-09 4.9746E-09 4.8462E-09 4.7180E-09 4.5957E-09 4.4774E-09 4.3718E-09 4.2591E-09 4.1525E-09 4.0553E-09 3.9612E-09 3.8646E-09 3.7764E-09 3.6915E-09 3.6036E-09 3.5242E-09 3.4394E-09 3.3650E-09 3.2855E-09 3.2158E-09
1.4370E-08 1.4170E-08 1.3954E-08 1.3725E-08 1.3483E-08 1.3229E-08 1.2966E-08 1.2696E-08 1.2418E-08 1.2133E-08 1.1845E-08 1.1555E-08 1.1262E-08 1.0968E-08 1.0672E-08 1.0377E-08 1.0083E-08 9.7914E-09 9.5038E-09 9.2203E-09 8.9426E-09 8.6611E-09 8.3712E-09 8.1035E-09 7.8295E-09 7.5730E-09 7.3168E-09 7.0707E-09 6.8333E-09 6.5983E-09 6.3465E-09 6.1212E-09 5.9294E-09 5.7505E-09 5.5869E-09 5.4209E-09 5.2696E-09 5.1234E-09 4.9839E-09 4.8508E-09 4.7302E-09 4.6077E-09 4.4869E-09 4.3816E-09 4.2711E-09 4.1639E-09 4.0663E-09 3.9716E-09 3.8745E-09 3.7859E-09 3.7005E-09 3.6122E-09 3.5323E-09 3.4549E-09 3.3724E-09 3.2924E-09 3.2225E-09
1.4244E-08 1.4042E-08 1.3826E-08 1.3595E-08 1.3353E-08 1.3100E-08 1.2837E-08 1.2568E-08 1.2290E-08 1.2008E-08 1.1724E-08 1.1437E-08 1.1148E-08 1.0857E-08 1.0565E-08 1.0275E-08 9.9863E-09 9.7001E-09 9.4180E-09 9.1404E-09 8.8684E-09 8.5789E-09 8.3098E-09 8.0348E-09 7.7793E-09 7.5195E-09 7.2689E-09 7.0146E-09 6.7937E-09 6.5351E-09 6.3078E-09 6.0904E-09 5.9155E-09 5.7468E-09 5.5840E-09 5.4195E-09 5.2749E-09 5.1317E-09 4.9938E-09 4.8617E-09 4.7415E-09 4.6166E-09 4.4954E-09 4.3925E-09 4.2819E-09 4.1743E-09 4.0761E-09 3.9810E-09 3.8891E-09 3.7945E-09 3.7086E-09 3.6200E-09 3.5396E-09 3.4618E-09 3.3790E-09 3.3063E-09 3.2284E-09
