Assets/Resources/2015_m01_d31_0900(utc+0800)_l00_csi_1hr_conc.grd
DSAA
         159         159
     -79.000      79.000
     -79.000      79.000
  0.0000E+00  0.2396E-05
[rows 25 to 49 of 159, columns 57 to 113 of 159]
2.6325E-10 3.7029E-10 5.1352E-10 6.9590E-10 9.2741E-10 1.2183E-09 1.5775E-09 2.0193E-09 2.5463E-09 3.1789E-09 3.9214E-09 4.7833E-09 5.7665E-09 6.8685E-09 8.0809E-09 9.3831E-09 1.0749E-08 1.2148E-08 1.3534E-08 1.4862E-08 1.6078E-08 1.7131E-08 1.7976E-08 1.8574E-08 1.8895E-08 1.8921E-08 1.8650E-08 1.8096E-08 1.7284E-08 1.6254E-08 1.5048E-08 1.3718E-08 1.2319E-08 1.0896E-08 9.4963E-09 8.1584E-09 6.9104E-09 5.7696E-09 4.7535E-09 3.8618E-09 3.0954E-09 2.4531E-09 1.9179E-09 1.4819E-09 1.1269E-09 8.4004E-10 6.1037E-10 4.4037E-10 2.9965E-10 1.8804E-10 1.0648E-10 5.0049E-11 1.5664E-11 1.4234E-12 0.0000E+00 0.0000E+00 0.0000E+00
2.2684E-10 3.2483E-10 4.6212E-10 6.3159E-10 8.4982E-10 1.1275E-09 1.4761E-09 1.8973E-09 2.4101E-09 3.0311E-09 3.7616E-09 4.6144E-09 5.5939E-09 6.6982E-09 7.9156E-09 9.2282E-09 1.0613E-08 1.2034E-08 1.3448E-08 1.4804E-08 1.6052E-08 1.7136E-08 1.8007E-08 1.8622E-08 1.8948E-08 1.8968E-08 1.8679E-08 1.8097E-08 1.7249E-08 1.6174E-08 1.4924E-08 1.3553E-08 1.2114E-08 1.0662E-08 9.2407E-09 7.8931E-09 6.6412E-09 5.5105E-09 4.5061E-09 3.6369E-09 2.8946E-09 2.2723E-09 1.7631E-09 1.3483E-09 1.0097E-09 7.4483E-10 5.3385E-10 3.7650E-10 2.4720E-10 1.4702E-10 7.6572E-11 3.1405E-11 7.6588E-12 3.2451E-13 0.0000E+00 0.0000E+00 0.0000E+00
1.8758E-10 2.8122E-10 4.0844E-10 5.6655E-10 7.7521E-10 1.0374E-09 1.3700E-09 1.7763E-09 2.2738E-09 2.8768E-09 3.5956E-09 4.4413E-09 5.4174E-09 6.5194E-09 7.7410E-09 9.0687E-09 1.0474E-08 1.1920E-08 1.3364E-08 1.4757E-08 1.6041E-08 1.7157E-08 1.8053E-08 1.8683E-08 1.9015E-08 1.9029E-08 1.8722E-08 1.8110E-08 1.7222E-08 1.6103E-08 1.4804E-08 1.3383E-08 1.1906E-08 1.0422E-08 8.9764E-09 7.6111E-09 6.3600E-09 5.2365E-09 4.2513E-09 3.4022E-09 2.6863E-09 2.0928E-09 1.6074E-09 1.2117E-09 8.9104E-10 6.4954E-10 4.5627E-10 3.1440E-10 1.9657E-10 1.0972E-10 5.0908E-11 1.6660E-11 3.5242E-12 0.0000E+00 0.0000E+00 0.0000E+00 0.0000E+00
1.5149E-10 2.3676E-10 3.5240E-10 5.0309E-10 6.9940E-10 9.4555E-10 1.2639E-09 1.6554E-09 2.1348E-09 2.7181E-09 3.4236E-09 4.2583E-09 5.2260E-09 6.3304E-09 7.5633E-09 8.9068E-09 1.0331E-08 1.1806E-08 1.3284E-08 1.4713E-08 1.6032E-08 1.7183E-08 1.8109E-08 1.8761E-08 1.9104E-08 1.9113E-08 1.8787E-08 1.8142E-08 1.7212E-08 1.6044E-08 1.4692E-08 1.3224E-08 1.1699E-08 1.0175E-08 8.7083E-09 7.3332E-09 6.0762E-09 4.9629E-09 3.9937E-09 3.1663E-09 2.4735E-09 1.9079E-09 1.4491E-09 1.0787E-09 7.7268E-10 5.5668E-10 3.8074E-10 2.5410E-10 1.5080E-10 7.7206E-11 2.9344E-11 9.2853E-12 1.1939E-12 0.0000E+00 0.0000E+00 0.0000E+00 0.0000E+00
1.1476E-10 1.9524E-10 2.9824E-10 4.3540E-10 6.2293E-10 8.5427E-10 1.1572E-09 1.5305E-09 1.9910E-09 2.5584E-09 3.2498E-09 4.0712E-09 5.0309E-09 6.1347E-09 7.3733E-09 8.7286E-09 1.0179E-08 1.1689E-08 1.3207E-08 1.4677E-08 1.6041E-08 1.7234E-08 1.8195E-08 1.8872E-08 1.9226E-08 1.9230E-08 1.8884E-08 1.8208E-08 1.7233E-08 1.6009E-08 1.4604E-08 1.3081E-08 1.1506E-08 9.9470E-09 8.4468E-09 7.0555E-09 5.7995E-09 4.6932E-09 3.7405E-09 2.9379E-09 2.2733E-09 1.7295E-09 1.2932E-09 9.4361E-10 6.6028E-10 4.6558E-10 3.1112E-10 1.9805E-10 1.0984E-10 4.9165E-11 1.5616E-11 4.1674E-12 2.1357E-13 0.0000E+00 0.0000E+00 0.0000E+00 0.0000E+00
8.3840E-11 1.5173E-10 2.4273E-10 3.7279E-10 5.3973E-10 7.5991E-10 1.0500E-09 1.4062E-09 1.8474E-09 2.3956E-09 3.0670E-09 3.8771E-09 4.8292E-09 5.9318E-09 7.1759E-09 8.5516E-09 1.0031E-08 1.1576E-08 1.3134E-08 1.4652E-08 1.6063E-08 1.7300E-08 1.8300E-08 1.9005E-08 1.9371E-08 1.9374E-08 1.9011E-08 1.8299E-08 1.7278E-08 1.6002E-08 1.4534E-08 1.2953E-08 1.1331E-08 9.7250E-09 8.1979E-09 6.7917E-09 5.5317E-09 4.4286E-09 3.4944E-09 2.7131E-09 2.0756E-09 1.5582E-09 1.1391E-09 8.1406E-10 5.6250E-10 3.7952E-10 2.4648E-10 1.4861E-10 7.4093E-11 2.7729E-11 8.3369E-12 1.3742E-12 0.0000E+00 0.0000E+00 0.0000E+00 0.0000E+00 0.0000E+00
5.5953E-11 1.1372E-10 1.9441E-10 3.0671E-10 4.5630E-10 6.6126E-10 9.3524E-10 1.2792E-09 1.7002E-09 2.2292E-09 2.8838E-09 3.6774E-09 4.6223E-09 5.7224E-09 6.9758E-09 8.3724E-09 9.8792E-09 1.1461E-08 1.3068E-08 1.4640E-08 1.6105E-08 1.7392E-08 1.8432E-08 1.9167E-08 1.9551E-08 1.9553E-08 1.9169E-08 1.8422E-08 1.7353E-08 1.6017E-08 1.4489E-08 1.2849E-08 1.1166E-08 9.5220E-09 7.9639E-09 6.5364E-09 5.2710E-09 4.1782E-09 3.2510E-09 2.4986E-09 1.8845E-09 1.3927E-09 9.9162E-10 6.9328E-10 4.6565E-10 2.9973E-10 1.8922E-10 1.0469E-10 4.6108E-11 1.5225E-11 3.4199E-12 2.6757E-13 0.0000E+00 0.0000E+00 0.0000E+00 0.0000E+00 0.0000E+00
4.2115E-11 8.1924E-11 1.4807E-10 2.4755E-10 3.8123E-10 5.6195E-10 8.0969E-10 1.1455E-09 1.5540E-09 2.0621E-09 2.6953E-09 3.4743E-09 4.4109E-09 5.5077E-09 6.7696E-09 8.1837E-09 9.7230E-09 1.1352E-08 1.3015E-08 1.4646E-08 1.6168E-08 1.7509E-08 1.8593E-08 1.9358E-08 1.9756E-08 1.9754E-08 1.9354E-08 1.8571E-08 1.7445E-08 1.6050E-08 1.4460E-08 1.2753E-08 1.1020E-08 9.3271E-09 7.7360E-09 6.2933E-09 5.0207E-09 3.9353E-09 3.0311E-09 2.2905E-09 1.7060E-09 1.2409E-09 8.5408E-10 5.7946E-10 3.7381E-10 2.2793E-10 1.3776E-10 6.9595E-11 2.7118E-11 7.3175E-12 9.0696E-13 0.0000E+00 0.0000E+00 0.0000E+00 0.0000E+00 0.0000E+00 0.0000E+00
2.5852E-11 6.0886E-11 1.1229E-10 1.9383E-10 3.0797E-10 4.7037E-10 6.9605E-10 1.0009E-09 1.3935E-09 1.8911E-09 2.5075E-09 3.2696E-09 4.1936E-09 5.2923E-09 6.5644E-09 7.9985E-09 9.5736E-09 1.1249E-08 1.2964E-08 1.4653E-08 1.6238E-08 1.7641E-08 1.8777E-08 1.9579E-08 1.9993E-08 1.9990E-08 1.9565E-08 1.8738E-08 1.7562E-08 1.6102E-08 1.4439E-08 1.2673E-08 1.0878E-08 9.1357E-09 7.5186E-09 6.0554E-09 4.7808E-09 3.7030E-09 2.8152E-09 2.1008E-09 1.5385E-09 1.1043E-09 7.4219E-10 4.7700E-10 2.9163E-10 1.6879E-10 9.6956E-11 4.2188E-11 1.4233E-11 2.2938E-12 1.3054E-14 0.0000E+00 0.0000E+00 0.0000E+00 0.0000E+00 0.0000E+00 0.0000E+00
1.3870E-11 4.0088E-11 8.5253E-11 1.5114E-10 2.4595E-10 3.8630E-10 5.8597E-10 8.6652E-10 1.2374E-09 1.7103E-09 2.3142E-09 3.0628E-09 3.9802E-09 5.0797E-09 6.3600E-09 7.8147E-09 9.4244E-09 1.1146E-08 1.2920E-08 1.4677E-08 1.6330E-08 1.7795E-08 1.8981E-08 1.9819E-08 2.0249E-08 2.0239E-08 1.9786E-08 1.8918E-08 1.7684E-08 1.6156E-08 1.4430E-08 1.2591E-08 1.0740E-08 8.9581E-09 7.3012E-09 5.8263E-09 4.5490E-09 3.4805E-09 2.6109E-09 1.9192E-09 1.3874E-09 9.7195E-10 6.3360E-10 3.9149E-10 2.1584E-10 1.2203E-10 6.2376E-11 2.4168E-11 5.3581E-12 3.8344E-13 0.0000E+00 0.0000E+00 0.0000E+00 0.0000E+00 0.0000E+00 0.0000E+00 0.0000E+00
7.6419E-12 2.2982E-11 5.7973E-11 1.1585E-10 1.9552E-10 3.1408E-10 4.8868E-10 7.4267E-10 1.0845E-09 1.5355E-09 2.1195E-09 2.8553E-09 3.7665E-09 4.8648E-09 6.1602E-09 7.6437E-09 9.2934E-09 1.1067E-08 1.2903E-08 1.4726E-08 1.6446E-08 1.7969E-08 1.9204E-08 2.0074E-08 2.0515E-08 2.0497E-08 2.0018E-08 1.9097E-08 1.7802E-08 1.6209E-08 1.4408E-08 1.2505E-08 1.0603E-08 8.7752E-09 7.0950E-09 5.6044E-09 4.3268E-09 3.2656E-09 2.4178E-09 1.7523E-09 1.2431E-09 8.5578E-10 5.3611E-10 3.1568E-10 1.5474E-10 8.3197E-11 3.6848E-11 1.0544E-11 1.1992E-12 0.0000E+00 0.0000E+00 0.0000E+00 0.0000E+00 0.0000E+00 0.0000E+00 0.0000E+00 0.0000E+00
4.7287E-12 1.5430E-11 3.7224E-11 8.0101E-11 1.5181E-10 2.5397E-10 4.0704E-10 6.3272E-10 9.4703E-10 1.3762E-09 1.9360E-09 2.6580E-09 3.5628E-09 4.6691E-09 5.9823E-09 7.4975E-09 9.1877E-09 1.1013E-08 1.2910E-08 1.4801E-08 1.6590E-08 1.8177E-08 1.9463E-08 2.0361E-08 2.0809E-08 2.0774E-08 2.0251E-08 1.9276E-08 1.7915E-08 1.6243E-08 1.4378E-08 1.2414E-08 1.0450E-08 8.5903E-09 6.8847E-09 5.3854E-09 4.1162E-09 3.0684E-09 2.2385E-09 1.5983E-09 1.1106E-09 7.5042E-10 4.4629E-10 2.4007E-10 1.1348E-10 5.2924E-11 1.8116E-11 2.9166E-12 0.0000E+00 0.0000E+00 0.0000E+00 0.0000E+00 0.0000E+00 0.0000E+00 0.0000E+00 0.0000E+00 0.0000E+00
2.3139E-12 8.4808E-12 2.5114E-11 5.7246E-11 1.1316E-10 2.0167E-10 3.3784E-10 5.3812E-10 8.3047E-10 1.2334E-09 1.7743E-09 2.4798E-09 3.3840E-09 4.5009E-09 5.8372E-09 7.3895E-09 9.1339E-09 1.1021E-08 1.2987E-08 1.4948E-08 1.6801E-08 1.8441E-08 1.9764E-08 2.0682E-08 2.1128E-08 2.1059E-08 2.0490E-08 1.9450E-08 1.8008E-08 1.6261E-08 1.4322E-08 1.2294E-08 1.0289E-08 8.3895E-09 6.6674E-09 5.1687E-09 3.9094E-09 2.8835E-09 2.0731E-09 1.4563E-09 9.9026E-10 6.5554E-10 3.6412E-10 1.7701E-10 7.7764E-11 2.9022E-11 6.1146E-12 8.8555E-14 0.0000E+00 0.0000E+00 0.0000E+00 0.0000E+00 0.0000E+00 0.0000E+00 0.0000E+00 0.0000E+00 0.0000E+00
0.0000E+00 4.4235E-12 1.5969E-11 3.8772E-11 8.6560E-11 1.5844E-10 2.7621E-10 4.6100E-10 7.3007E-10 1.1120E-09 1.6413E-09 2.3385E-09 3.2389E-09 4.3735E-09 5.7487E-09 7.3512E-09 9.1553E-09 1.1112E-08 1.3151E-08 1.5178E-08 1.7091E-08 1.8781E-08 2.0133E-08 2.1055E-08 2.1480E-08 2.1374E-08 2.0737E-08 1.9612E-08 1.8086E-08 1.6251E-08 1.4229E-08 1.2145E-08 1.0096E-08 8.1724E-09 6.4471E-09 4.9499E-09 3.7035E-09 2.7048E-09 1.9197E-09 1.3266E-09 8.8299E-10 5.7447E-10 2.9588E-10 1.2402E-10 4.8470E-11 1.1586E-11 1.2365E-12 0.0000E+00 0.0000E+00 0.0000E+00 0.0000E+00 0.0000E+00 0.0000E+00 0.0000E+00 0.0000E+00 0.0000E+00 0.0000E+00
0.0000E+00 1.9330E-13 8.9983E-12 2.5837E-11 6.1595E-11 1.2622E-10 2.3254E-10 3.9706E-10 6.4750E-10 1.0171E-09 1.5349E-09 2.2369E-09 3.1456E-09 4.3010E-09 5.7204E-09 7.3910E-09 9.2771E-09 1.1320E-08 1.3434E-08 1.5530E-08 1.7496E-08 1.9222E-08 2.0590E-08 2.1502E-08 2.1881E-08 2.1708E-08 2.0985E-08 1.9768E-08 1.8136E-08 1.6212E-08 1.4113E-08 1.1960E-08 9.8700E-09 7.9341E-09 6.2076E-09 4.7284E-09 3.5001E-09 2.5293E-09 1.7714E-09 1.2074E-09 7.8708E-10 4.9813E-10 2.5523E-10 8.5131E-11 2.5614E-11 3.2009E-12 0.0000E+00 0.0000E+00 0.0000E+00 0.0000E+00 0.0000E+00 0.0000E+00 0.0000E+00 0.0000E+00 0.0000E+00 0.0000E+00 0.0000E+00
0.0000E+00 0.0000E+00 4.2549E-12 1.5091E-11 4.5583E-11 9.6217E-11 1.9055E-10 3.4743E-10 5.8845E-10 9.4510E-10 1.4568E-09 2.1685E-09 3.1112E-09 4.3093E-09 5.7812E-09 7.5307E-09 9.5168E-09 1.1667E-08 1.3886E-08 1.6060E-08 1.8074E-08 1.9810E-08 2.1157E-08 2.2026E-08 2.2348E-08 2.2077E-08 2.1252E-08 1.9913E-08 1.8166E-08 1.6140E-08 1.3952E-08 1.1740E-08 9.6170E-09 7.6653E-09 5.9478E-09 4.4917E-09 3.2961E-09 2.3569E-09 1.6275E-09 1.0965E-09 6.9981E-10 4.3199E-10 2.0682E-10 5.3919E-11 1.0655E-11 0.0000E+00 0.0000E+00 0.0000E+00 0.0000E+00 0.0000E+00 0.0000E+00 0.0000E+00 0.0000E+00 0.0000E+00 0.0000E+00 0.0000E+00 0.0000E+00
0.0000E+00 0.0000E+00 1.4864E-13 1.0039E-11 3.3429E-11 7.7632E-11 1.6009E-10 3.0945E-10 5.4057E-10 8.9557E-10 1.4136E-09 2.1417E-09 3.1296E-09 4.3886E-09 5.9454E-09 7.7902E-09 9.8900E-09 1.2160E-08 1.4491E-08 1.6758E-08 1.8826E-08 2.0571E-08 2.1889E-08 2.2682E-08 2.2887E-08 2.2505E-08 2.1531E-08 2.0061E-08 1.8182E-08 1.6028E-08 1.3751E-08 1.1478E-08 9.3210E-09 7.3681E-09 5.6609E-09 4.2378E-09 3.0786E-09 2.1795E-09 1.4851E-09 9.8572E-10 6.2076E-10 3.7174E-10 1.6464E-10 4.1374E-11 3.6201E-12 0.0000E+00 0.0000E+00 0.0000E+00 0.0000E+00 0.0000E+00 0.0000E+00 0.0000E+00 0.0000E+00 0.0000E+00 0.0000E+00 0.0000E+00 0.0000E+00
0.0000E+00 0.0000E+00 0.0000E+00 5.7302E-12 2.3865E-11 6.5060E-11 1.3863E-10 2.7967E-10 5.1018E-10 8.6917E-10 1.4055E-09 2.1622E-09 3.1974E-09 4.5456E-09 6.2159E-09 8.1951E-09 1.0436E-08 1.2846E-08 1.5304E-08 1.7672E-08 1.9802E-08 2.1546E-08 2.2791E-08 2.3461E-08 2.3527E-08 2.2963E-08 2.1822E-08 2.0178E-08 1.8151E-08 1.5878E-08 1.3504E-08 1.1167E-08 8.9837E-09 7.0313E-09 5.3493E-09 3.9626E-09 2.8460E-09 1.9900E-09 1.3424E-09 8.7546E-10 5.4596E-10 3.1457E-10 1.3036E-10 2.6185E-11 2.2053E-12 0.0000E+00 0.0000E+00 0.0000E+00 0.0000E+00 0.0000E+00 0.0000E+00 0.0000E+00 0.0000E+00 0.0000E+00 0.0000E+00 0.0000E+00 0.0000E+00
0.0000E+00 0.0000E+00 0.0000E+00 0.0000E+00 1.8914E-11 5.5904E-11 1.2727E-10 2.6478E-10 4.9077E-10 8.5571E-10 1.4189E-09 2.2299E-09 3.3462E-09 4.7978E-09 6.6035E-09 8.7346E-09 1.1147E-08 1.3723E-08 1.6322E-08 1.8785E-08 2.0955E-08 2.2689E-08 2.3860E-08 2.4390E-08 2.4246E-08 2.3459E-08 2.2097E-08 2.0246E-08 1.8047E-08 1.5638E-08 1.3173E-08 1.0789E-08 8.5800E-09 6.6431E-09 4.9958E-09 3.6599E-09 2.5970E-09 1.7930E-09 1.2003E-09 7.6766E-10 4.7307E-10 2.6320E-10 1.0365E-10 1.5711E-11 8.3486E-13 0.0000E+00 0.0000E+00 0.0000E+00 0.0000E+00 0.0000E+00 0.0000E+00 0.0000E+00 0.0000E+00 0.0000E+00 0.0000E+00 0.0000E+00 0.0000E+00
0.0000E+00 0.0000E+00 0.0000E+00 0.0000E+00 8.6078E-12 4.7022E-11 1.2403E-10 2.6136E-10 4.8769E-10 8.6953E-10 1.4617E-09 2.3306E-09 3.5526E-09 5.1482E-09 7.1335E-09 9.4621E-09 1.2075E-08 1.4835E-08 1.7582E-08 2.0148E-08 2.2351E-08 2.4036E-08 2.5080E-08 2.5414E-08 2.5028E-08 2.3969E-08 2.2320E-08 2.0228E-08 1.7822E-08 1.5277E-08 1.2726E-08 1.0305E-08 8.1016E-09 6.1969E-09 4.6021E-09 3.3268E-09 2.3331E-09 1.5876E-09 1.0537E-09 6.6133E-10 4.0102E-10 2.1739E-10 8.5007E-11 8.9100E-12 0.0000E+00 0.0000E+00 0.0000E+00 0.0000E+00 0.0000E+00 0.0000E+00 0.0000E+00 0.0000E+00 0.0000E+00 0.0000E+00 0.0000E+00 0.0000E+00 0.0000E+00
0.0000E+00 0.0000E+00 0.0000E+00 0.0000E+00 3.8426E-12 4.8444E-11 1.1800E-10 2.5789E-10 5.0316E-10 9.0662E-10 1.5324E-09 2.4797E-09 3.8187E-09 5.5862E-09 7.7989E-09 1.0384E-08 1.3239E-08 1.6205E-08 1.9110E-08 2.1755E-08 2.3950E-08 2.5540E-08 2.6412E-08 2.6505E-08 2.5817E-08 2.4424E-08 2.2453E-08 2.0071E-08 1.7451E-08 1.4763E-08 1.2133E-08 9.6984E-09 7.5300E-09 5.6869E-09 4.1675E-09 2.9698E-09 2.0617E-09 1.3783E-09 9.0139E-10 5.5471E-10 3.3205E-10 1.7486E-10 7.6007E-11 3.7665E-12 0.0000E+00 0.0000E+00 0.0000E+00 0.0000E+00 0.0000E+00 0.0000E+00 0.0000E+00 0.0000E+00 0.0000E+00 0.0000E+00 0.0000E+00 0.0000E+00 0.0000E+00
0.0000E+00 0.0000E+00 0.0000E+00 0.0000E+00 5.4059E-13 3.9660E-11 1.1831E-10 2.6746E-10 5.2194E-10 9.5070E-10 1.6371E-09 2.6729E-09 4.1411E-09 6.1106E-09 8.5883E-09 1.1482E-08 1.4659E-08 1.7904E-08 2.0989E-08 2.3703E-08 2.5852E-08 2.7276E-08 2.7873E-08 2.7621E-08 2.6560E-08 2.4788E-08 2.2453E-08 1.9750E-08 1.6887E-08 1.4059E-08 1.1385E-08 8.9681E-09 6.8654E-09 5.1113E-09 3.6998E-09 2.5961E-09 1.7787E-09 1.1691E-09 7.5231E-10 4.5222E-10 2.6151E-10 1.3359E-10 5.5949E-11 9.6314E-13 0.0000E+00 0.0000E+00 0.0000E+00 0.0000E+00 0.0000E+00 0.0000E+00 0.0000E+00 0.0000E+00 0.0000E+00 0.0000E+00 0.0000E+00 0.0000E+00 0.0000E+00
0.0000E+00 0.0000E+00 0.0000E+00 0.0000E+00 0.0000E+00 4.1783E-11 1.1095E-10 2.6877E-10 5.4237E-10 1.0108E-09 1.7552E-09 2.8852E-09 4.5122E-09 6.7097E-09 9.4811E-09 1.2736E-08 1.6304E-08 1.9897E-08 2.3223E-08 2.6018E-08 2.8073E-08 2.9253E-08 2.9486E-08 2.8783E-08 2.7231E-08 2.4993E-08 2.2253E-08 1.9240E-08 1.6139E-08 1.3179E-08 1.0482E-08 8.1228E-09 6.1222E-09 4.4859E-09 3.2054E-09 2.2116E-09 1.4943E-09 9.6407E-10 6.0638E-10 3.5455E-10 1.9696E-10 9.3490E-11 3.5428E-11 0.0000E+00 0.0000E+00 0.0000E+00 0.0000E+00 0.0000E+00 0.0000E+00 0.0000E+00 0.0000E+00 0.0000E+00 0.0000E+00 0.0000E+00 0.0000E+00 0.0000E+00 0.0000E+00
0.0000E+00 0.0000E+00 0.0000E+00 0.0000E+00 0.0000E+00 3.6487E-11 1.0757E-10 2.7514E-10 5.5439E-10 1.0569E-09 1.8656E-09 3.1078E-09 4.9026E-09 7.3356E-09 1.0437E-08 1.4092E-08 1.8101E-08 2.2131E-08 2.5797E-08 2.8738E-08 3.0708E-08 3.1566E-08 3.1296E-08 2.9988E-08 2.7815E-08 2.5000E-08 2.1803E-08 1.8442E-08 1.5147E-08 1.2112E-08 9.4491E-09 7.1744E-09 5.3134E-09 3.8241E-09 2.6910E-09 1.8253E-09 1.2140E-09 7.6459E-10 4.6825E-10 2.6333E-10 1.3797E-10 5.8656E-11 1.8493E-11 0.0000E+00 0.0000E+00 0.0000E+00 0.0000E+00 0.0000E+00 0.0000E+00 0.0000E+00 0.0000E+00 0.0000E+00 0.0000E+00 0.0000E+00 0.0000E+00 0.0000E+00 0.0000E+00
0.0000E+00 0.0000E+00 0.0000E+00 0.0000E+00 0.0000E+00 2.9813E-11 1.0859E-10 2.6669E-10 5.6068E-10 1.0935E-09 1.9542E-09 3.3008E-09 5.2596E-09 7.9437E-09 1.1387E-08 1.5500E-08 2.0021E-08 2.4562E-08 2.8649E-08 3.1829E-08 3.3757E-08 3.4260E-08 3.3384E-08 3.1318E-08 2.8354E-08 2.4837E-08 2.1086E-08 1.7386E-08 1.3927E-08 1.0846E-08 8.2835E-09 6.1522E-09 4.4664E-09 3.1473E-09 2.1796E-09 1.4496E-09 9.4030E-10 5.7871E-10 3.4171E-10 1.8263E-10 8.5150E-11 3.0474E-11 6.6751E-12 0.0000E+00 0.0000E+00 0.0000E+00 0.0000E+00 0.0000E+00 0.0000E+00 0.0000E+00 0.0000E+00 0.0000E+00 0.0000E+00 0.0000E+00 0.0000E+00 0.0000E+00 0.0000E+00
