Assets/Resources/2015_m01_d29_0700(utc+0800)_l00_csi_1hr_conc.grd
DSAA
         159         159
     -79.000      79.000
     -79.000      79.000
  0.0000E+00  0.8263E-04
[rows 50 to 74 of 159, columns 57 to 113 of 159]
2.4625E-09 2.5956E-09 2.7082E-09 2.8240E-09 2.9429E-09 3.0649E-09 3.1898E-09 3.3177E-09 3.4484E-09 3.5818E-09 3.7281E-09 3.8680E-09 4.0103E-09 4.1694E-09 4.3181E-09 4.4858E-09 4.6474E-09 4.8127E-09 4.9818E-09 5.1697E-09 5.3418E-09 5.5151E-09 5.7016E-09 5.9465E-09 6.1312E-09 6.3154E-09 6.4981E-09 6.6782E-09 6.8681E-09 7.0384E-09 7.2390E-09 7.3986E-09 7.5492E-09 7.6895E-09 7.8180E-09 7.9334E-09 8.0345E-09 8.1249E-09 8.2002E-09 8.2584E-09 8.2987E-09 8.3243E-09 8.3425E-09 8.3256E-09 8.2832E-09 8.2220E-09 8.1295E-09 8.0330E-09 7.9192E-09 7.7890E-09 7.6433E-09 7.4830E-09 7.3094E-09 7.1236E-09 6.9162E-09 6.7111E-09 6.4974E-09
2.4586E-09 2.5685E-09 2.6817E-09 2.7983E-09 2.9182E-09 3.0413E-09 3.1677E-09 3.2971E-09 3.4296E-09 3.5746E-09 3.7144E-09 3.8570E-09 4.0161E-09 4.1660E-09 4.3349E-09 4.4988E-09 4.6673E-09 4.8406E-09 5.0408E-09 5.2168E-09 5.3978E-09 5.5977E-09 5.8638E-09 6.0638E-09 6.2651E-09 6.4812E-09 6.6839E-09 6.8846E-09 7.0820E-09 7.2738E-09 7.4577E-09 7.6340E-09 7.8008E-09 7.9567E-09 8.1000E-09 8.2292E-09 8.3429E-09 8.4445E-09 8.5301E-09 8.5969E-09 8.6442E-09 8.6739E-09 8.6961E-09 8.6820E-09 8.6393E-09 8.5761E-09 8.4930E-09 8.3905E-09 8.2696E-09 8.1188E-09 7.9655E-09 7.7968E-09 7.6140E-09 7.4184E-09 7.2112E-09 6.9939E-09 6.7579E-09
2.4287E-09 2.5389E-09 2.6527E-09 2.7700E-09 2.8907E-09 3.0148E-09 3.1424E-09 3.2732E-09 3.4163E-09 3.5551E-09 3.7082E-09 3.8552E-09 4.0054E-09 4.1744E-09 4.3395E-09 4.5099E-09 4.7048E-09 4.8901E-09 5.0708E-09 5.2548E-09 5.4418E-09 5.7404E-09 5.9537E-09 6.1846E-09 6.4036E-09 6.6240E-09 6.8445E-09 7.0636E-09 7.2798E-09 7.4913E-09 7.6953E-09 7.9072E-09 8.0928E-09 8.2665E-09 8.4265E-09 8.5710E-09 8.6983E-09 8.8116E-09 8.9076E-09 8.9826E-09 9.0359E-09 9.0683E-09 9.0775E-09 9.0654E-09 9.0214E-09 8.9552E-09 8.8675E-09 8.7590E-09 8.6308E-09 8.4838E-09 8.3195E-09 8.1263E-09 7.9330E-09 7.7262E-09 7.5074E-09 7.2782E-09 7.0399E-09
2.3965E-09 2.5070E-09 2.6212E-09 2.7389E-09 2.8603E-09 2.9853E-09 3.1139E-09 3.2543E-09 3.3913E-09 3.5423E-09 3.6882E-09 3.8377E-09 4.0058E-09 4.1647E-09 4.3421E-09 4.5381E-09 4.7260E-09 4.9099E-09 5.0982E-09 5.2906E-09 5.5087E-09 5.8199E-09 6.0652E-09 6.3008E-09 6.5389E-09 6.7783E-09 7.0186E-09 7.2761E-09 7.5149E-09 7.7490E-09 7.9765E-09 8.1941E-09 8.4000E-09 8.5930E-09 8.7711E-09 8.9321E-09 9.0742E-09 9.2000E-09 9.3069E-09 9.3905E-09 9.4501E-09 9.4851E-09 9.5115E-09 9.4985E-09 9.4506E-09 9.3785E-09 9.2683E-09 9.1522E-09 9.0149E-09 8.8577E-09 8.6821E-09 8.4896E-09 8.2817E-09 8.0476E-09 7.8158E-09 7.5732E-09 7.3215E-09
2.3622E-09 2.4728E-09 2.5871E-09 2.7053E-09 2.8272E-09 2.9529E-09 3.0900E-09 3.2245E-09 3.3726E-09 3.5166E-09 3.6646E-09 3.8307E-09 3.9888E-09 4.1655E-09 4.3610E-09 4.5500E-09 4.7360E-09 4.9271E-09 5.1233E-09 5.3243E-09 5.6737E-09 5.9278E-09 6.1711E-09 6.4251E-09 6.7023E-09 6.9662E-09 7.2309E-09 7.4957E-09 7.7584E-09 8.0168E-09 8.2683E-09 8.5104E-09 8.7397E-09 8.9541E-09 9.1521E-09 9.3312E-09 9.4893E-09 9.6283E-09 9.7464E-09 9.8385E-09 9.9038E-09 9.9416E-09 9.9672E-09 9.9529E-09 9.9006E-09 9.8220E-09 9.7182E-09 9.5903E-09 9.4398E-09 9.2545E-09 9.0656E-09 8.8590E-09 8.6364E-09 8.3996E-09 8.1505E-09 7.8792E-09 7.6125E-09
2.3257E-09 2.4363E-09 2.5507E-09 2.6691E-09 2.7914E-09 2.9245E-09 3.0560E-09 3.2004E-09 3.3417E-09 3.4986E-09 3.6506E-09 3.8070E-09 3.9817E-09 4.1754E-09 4.3641E-09 4.5506E-09 4.7430E-09 4.9415E-09 5.1458E-09 5.5078E-09 5.7505E-09 6.0277E-09 6.3089E-09 6.5815E-09 6.8663E-09 7.1561E-09 7.4473E-09 7.7386E-09 8.0283E-09 8.3138E-09 8.5923E-09 8.8607E-09 9.1161E-09 9.3548E-09 9.5747E-09 9.7737E-09 9.9491E-09 1.0102E-08 1.0231E-08 1.0332E-08 1.0402E-08 1.0442E-08 1.0465E-08 1.0447E-08 1.0388E-08 1.0301E-08 1.0187E-08 1.0046E-08 9.8816E-09 9.6948E-09 9.4877E-09 9.2485E-09 9.0090E-09 8.7549E-09 8.4884E-09 8.2112E-09 7.9129E-09
2.2873E-09 2.3976E-09 2.5120E-09 2.6304E-09 2.7591E-09 2.8869E-09 3.0271E-09 3.1650E-09 3.3179E-09 3.4670E-09 3.6208E-09 3.7860E-09 3.9830E-09 4.1700E-09 4.3557E-09 4.5480E-09 4.7472E-09 4.9532E-09 5.1660E-09 5.5729E-09 5.8617E-09 6.1575E-09 6.4452E-09 6.7421E-09 7.0472E-09 7.3647E-09 7.6865E-09 8.0082E-09 8.3282E-09 8.6442E-09 8.9529E-09 9.2509E-09 9.5344E-09 9.8002E-09 1.0045E-08 1.0265E-08 1.0459E-08 1.0627E-08 1.0768E-08 1.0876E-08 1.0950E-08 1.0990E-08 1.1008E-08 1.0984E-08 1.0917E-08 1.0819E-08 1.0691E-08 1.0536E-08 1.0354E-08 1.0149E-08 9.9228E-09 9.6776E-09 9.4157E-09 9.1264E-09 8.8402E-09 8.5437E-09 8.2387E-09
2.2468E-09 2.3568E-09 2.4710E-09 2.5948E-09 2.7184E-09 2.8538E-09 2.9878E-09 3.1361E-09 3.2814E-09 3.4319E-09 3.5874E-09 3.7857E-09 3.9697E-09 4.1532E-09 4.3440E-09 4.5424E-09 4.7484E-09 4.9621E-09 5.3766E-09 5.6423E-09 5.9579E-09 6.2827E-09 6.5954E-09 6.9194E-09 7.2534E-09 7.5962E-09 7.9506E-09 8.3076E-09 8.6622E-09 9.0124E-09 9.3549E-09 9.8620E-09 1.0185E-08 1.0486E-08 1.0761E-08 1.1007E-08 1.1220E-08 1.1400E-08 1.1546E-08 1.1654E-08 1.1553E-08 1.1592E-08 1.1602E-08 1.1569E-08 1.1491E-08 1.1379E-08 1.1235E-08 1.1061E-08 1.0860E-08 1.0633E-08 1.0384E-08 1.0116E-08 9.8311E-09 9.5317E-09 9.2062E-09 8.8879E-09 8.5617E-09
2.2045E-09 2.3140E-09 2.4327E-09 2.5517E-09 2.6818E-09 2.8113E-09 2.9543E-09 3.0954E-09 3.2417E-09 3.3933E-09 3.5781E-09 3.7649E-09 3.9451E-09 4.1331E-09 4.3292E-09 4.5336E-09 4.7466E-09 5.1227E-09 5.4328E-09 5.7571E-09 6.0947E-09 6.4207E-09 6.7614E-09 7.1157E-09 7.4822E-09 7.8589E-09 8.2442E-09 8.8195E-09 9.2317E-09 9.6370E-09 1.0032E-08 1.0413E-08 1.0774E-08 1.1110E-08 1.1415E-08 1.1687E-08 1.1922E-08 1.2117E-08 1.2272E-08 1.2382E-08 1.2448E-08 1.2469E-08 1.2453E-08 1.2389E-08 1.2114E-08 1.1985E-08 1.1821E-08 1.1625E-08 1.1400E-08 1.1148E-08 1.0874E-08 1.0579E-08 1.0267E-08 9.9418E-09 9.6048E-09 9.2435E-09 8.8940E-09
2.1605E-09 2.2693E-09 2.3877E-09 2.5122E-09 2.6367E-09 2.7740E-09 2.9101E-09 3.0517E-09 3.1988E-09 3.3703E-09 3.5576E-09 3.7334E-09 3.9173E-09 4.1098E-09 4.3111E-09 4.5217E-09 4.7417E-09 5.2060E-09 5.5356E-09 5.8472E-09 6.2186E-09 6.5729E-09 6.9447E-09 7.3329E-09 7.7357E-09 8.3479E-09 8.7968E-09 9.2531E-09 9.7145E-09 1.0170E-08 1.0613E-08 1.1039E-08 1.1443E-08 1.1817E-08 1.2157E-08 1.2458E-08 1.2714E-08 1.2925E-08 1.3087E-08 1.3198E-08 1.3259E-08 1.3269E-08 1.3234E-08 1.3146E-08 1.3014E-08 1.2840E-08 1.2629E-08 1.2229E-08 1.1976E-08 1.1695E-08 1.1391E-08 1.1066E-08 1.0725E-08 1.0370E-08 1.0004E-08 9.6300E-09 9.2509E-09
2.1185E-09 2.2273E-09 2.3459E-09 2.4651E-09 2.5962E-09 2.7270E-09 2.8632E-09 3.0051E-09 3.1641E-09 3.3418E-09 3.5199E-09 3.6987E-09 3.8863E-09 4.0832E-09 4.2898E-09 4.5065E-09 4.9150E-09 5.2512E-09 5.6102E-09 5.9908E-09 6.3550E-09 6.7406E-09 7.1469E-09 7.7749E-09 8.2486E-09 8.7386E-09 9.2408E-09 9.7504E-09 1.0264E-08 1.0775E-08 1.1273E-08 1.1750E-08 1.2201E-08 1.2619E-08 1.2997E-08 1.3328E-08 1.3609E-08 1.3835E-08 1.4001E-08 1.4111E-08 1.4163E-08 1.4158E-08 1.4100E-08 1.3981E-08 1.3819E-08 1.3613E-08 1.3366E-08 1.3083E-08 1.2769E-08 1.2276E-08 1.1937E-08 1.1578E-08 1.1203E-08 1.0815E-08 1.0417E-08 1.0012E-08 9.6038E-09
2.0714E-09 2.1794E-09 2.2974E-09 2.4220E-09 2.5470E-09 2.6776E-09 2.8137E-09 2.9659E-09 3.1224E-09 3.3066E-09 3.4793E-09 3.6609E-09 3.8521E-09 4.0533E-09 4.2651E-09 4.4880E-09 4.9950E-09 5.3540E-09 5.6907E-09 6.1095E-09 6.5047E-09 7.1203E-09 7.5997E-09 8.1049E-09 8.6333E-09 9.1810E-09 9.7435E-09 1.0315E-08 1.0889E-08 1.1460E-08 1.2019E-08 1.2555E-08 1.3059E-08 1.3524E-08 1.3943E-08 1.4309E-08 1.4616E-08 1.4859E-08 1.5024E-08 1.5129E-08 1.5169E-08 1.5144E-08 1.5056E-08 1.4899E-08 1.4702E-08 1.4456E-08 1.4167E-08 1.3839E-08 1.3479E-08 1.3091E-08 1.2511E-08 1.2114E-08 1.1701E-08 1.1276E-08 1.0843E-08 1.0404E-08 9.9639E-09
2.0267E-09 2.1298E-09 2.2524E-09 2.3714E-09 2.4958E-09 2.6258E-09 2.7708E-09 2.9146E-09 3.0870E-09 3.2608E-09 3.4356E-09 3.6200E-09 3.8146E-09 4.0201E-09 4.2370E-09 4.7271E-09 5.0268E-09 5.4167E-09 5.8390E-09 6.4170E-09 6.8831E-09 7.3827E-09 7.9147E-09 8.4773E-09 9.0672E-09 9.6801E-09 1.0311E-08 1.0952E-08 1.1597E-08 1.2236E-08 1.2861E-08 1.3461E-08 1.4025E-08 1.4543E-08 1.5007E-08 1.5409E-08 1.5743E-08 1.6004E-08 1.6170E-08 1.6261E-08 1.6283E-08 1.6232E-08 1.6109E-08 1.5907E-08 1.5665E-08 1.5373E-08 1.5034E-08 1.4654E-08 1.4240E-08 1.3799E-08 1.3336E-08 1.2858E-08 1.2218E-08 1.1752E-08 1.1280E-08 1.0805E-08 1.0329E-08
1.9770E-09 2.0836E-09 2.2009E-09 2.3189E-09 2.4425E-09 2.5798E-09 2.7170E-09 2.8669E-09 3.0450E-09 3.2121E-09 3.3889E-09 3.5759E-09 3.7738E-09 3.9834E-09 4.2054E-09 4.7434E-09 5.1265E-09 5.4835E-09 6.1356E-09 6.6103E-09 7.1242E-09 7.6772E-09 8.2683E-09 8.8951E-09 9.5541E-09 1.0240E-08 1.0947E-08 1.1667E-08 1.2390E-08 1.3107E-08 1.3807E-08 1.4478E-08 1.5106E-08 1.5682E-08 1.6195E-08 1.6636E-08 1.6999E-08 1.7277E-08 1.7441E-08 1.7519E-08 1.7512E-08 1.7429E-08 1.7264E-08 1.7009E-08 1.6713E-08 1.6366E-08 1.5969E-08 1.5529E-08 1.5053E-08 1.4551E-08 1.4028E-08 1.3492E-08 1.2948E-08 1.2240E-08 1.1726E-08 1.1211E-08 1.0698E-08
1.9300E-09 2.0314E-09 2.1477E-09 2.2647E-09 2.3942E-09 2.5244E-09 2.6610E-09 2.8256E-09 2.9924E-09 3.1607E-09 3.3392E-09 3.5286E-09 3.7297E-09 3.9432E-09 4.2340E-09 4.7464E-09 5.1703E-09 5.8277E-09 6.3048E-09 6.8263E-09 7.3933E-09 8.0058E-09 8.6626E-09 9.3612E-09 1.0097E-08 1.0865E-08 1.1656E-08 1.2463E-08 1.3274E-08 1.4077E-08 1.4860E-08 1.5609E-08 1.6311E-08 1.6949E-08 1.7513E-08 1.7996E-08 1.8388E-08 1.8682E-08 1.8844E-08 1.8903E-08 1.8866E-08 1.8738E-08 1.8524E-08 1.8206E-08 1.7847E-08 1.7437E-08 1.6973E-08 1.6464E-08 1.5919E-08 1.5347E-08 1.4757E-08 1.4155E-08 1.3549E-08 1.2943E-08 1.2178E-08 1.1620E-08 1.1068E-08
1.8782E-09 1.9830E-09 2.0932E-09 2.2148E-09 2.3377E-09 2.4670E-09 2.6027E-09 2.7778E-09 2.9372E-09 3.1066E-09 3.2866E-09 3.4782E-09 3.6821E-09 3.8993E-09 4.4335E-09 4.8317E-09 5.3996E-09 5.9615E-09 6.4925E-09 7.0657E-09 7.6913E-09 8.3696E-09 9.0992E-09 9.8770E-09 1.0698E-08 1.1556E-08 1.2441E-08 1.3344E-08 1.4251E-08 1.5149E-08 1.6023E-08 1.6858E-08 1.7640E-08 1.8348E-08 1.8968E-08 1.9492E-08 1.9914E-08 2.0224E-08 2.0380E-08 2.0416E-08 2.0343E-08 2.0167E-08 1.9889E-08 1.9499E-08 1.9066E-08 1.8584E-08 1.8044E-08 1.7457E-08 1.6834E-08 1.6185E-08 1.5519E-08 1.4845E-08 1.4170E-08 1.3500E-08 1.2840E-08 1.2030E-08 1.1435E-08
1.8254E-09 1.9327E-09 2.0374E-09 2.1579E-09 2.2796E-09 2.4076E-09 2.5553E-09 2.7199E-09 2.8797E-09 3.0497E-09 3.2311E-09 3.4245E-09 3.6311E-09 4.1253E-09 4.4313E-09 5.0530E-09 5.5919E-09 6.1077E-09 6.6860E-09 7.3255E-09 8.0184E-09 8.7688E-09 9.5781E-09 1.0443E-08 1.1357E-08 1.2314E-08 1.3302E-08 1.4309E-08 1.5322E-08 1.6323E-08 1.7297E-08 1.8225E-08 1.9090E-08 1.9876E-08 2.0559E-08 2.1127E-08 2.1576E-08 2.1900E-08 2.2048E-08 2.2055E-08 2.1940E-08 2.1709E-08 2.1365E-08 2.0885E-08 2.0367E-08 1.9804E-08 1.9179E-08 1.8505E-08 1.7795E-08 1.7060E-08 1.6311E-08 1.5558E-08 1.4809E-08 1.4069E-08 1.3345E-08 1.2639E-08 1.1796E-08
1.7717E-09 1.8776E-09 1.9804E-09 2.0997E-09 2.2199E-09 2.3466E-09 2.5100E-09 2.6599E-09 2.8197E-09 2.9902E-09 3.1725E-09 3.3676E-09 3.5765E-09 4.1060E-09 4.6986E-09 5.1252E-09 5.7182E-09 6.2801E-09 6.9071E-09 7.6031E-09 8.3709E-09 9.2023E-09 1.0098E-08 1.1057E-08 1.2073E-08 1.3137E-08 1.4237E-08 1.5358E-08 1.6484E-08 1.7597E-08 1.8677E-08 1.9705E-08 2.0660E-08 2.1524E-08 2.2278E-08 2.2896E-08 2.3372E-08 2.3705E-08 2.3843E-08 2.3814E-08 2.3650E-08 2.3357E-08 2.2943E-08 2.2365E-08 2.1744E-08 2.1090E-08 2.0371E-08 1.9601E-08 1.8795E-08 1.7966E-08 1.7127E-08 1.6288E-08 1.5458E-08 1.4644E-08 1.3851E-08 1.3083E-08 1.2344E-08
1.7173E-09 1.8216E-09 1.9279E-09 2.0403E-09 2.1588E-09 2.2840E-09 2.4485E-09 2.5978E-09 2.7573E-09 2.9281E-09 3.1111E-09 3.3074E-09 3.7200E-09 4.2571E-09 4.7415E-09 5.3097E-09 5.8544E-09 6.4656E-09 7.1506E-09 7.9133E-09 8.7565E-09 9.6762E-09 1.0662E-08 1.1717E-08 1.2842E-08 1.4021E-08 1.5240E-08 1.6483E-08 1.7732E-08 1.8964E-08 2.0158E-08 2.1292E-08 2.2342E-08 2.3286E-08 2.4107E-08 2.4786E-08 2.5294E-08 2.5632E-08 2.5817E-08 2.5684E-08 2.5463E-08 2.5101E-08 2.4606E-08 2.3929E-08 2.3194E-08 2.2433E-08 2.1610E-08 2.0735E-08 1.9826E-08 1.8896E-08 1.7960E-08 1.7029E-08 1.6113E-08 1.5219E-08 1.4354E-08 1.3521E-08 1.2723E-08
1.6622E-09 1.7648E-09 1.8693E-09 1.9797E-09 2.0965E-09 2.2199E-09 2.3852E-09 2.5337E-09 2.6927E-09 2.8634E-09 3.0467E-09 3.4171E-09 3.6784E-09 4.2667E-09 4.7868E-09 5.4069E-09 5.9960E-09 6.6609E-09 7.4087E-09 8.2426E-09 9.1670E-09 1.0183E-08 1.1288E-08 1.2445E-08 1.3658E-08 1.4959E-08 1.6305E-08 1.7678E-08 1.9055E-08 2.0413E-08 2.1728E-08 2.2972E-08 2.4121E-08 2.5150E-08 2.6038E-08 2.6766E-08 2.7321E-08 2.7805E-08 2.7890E-08 2.7750E-08 2.7448E-08 2.6990E-08 2.6338E-08 2.5556E-08 2.4704E-08 2.3826E-08 2.2885E-08 2.1898E-08 2.0877E-08 1.9839E-08 1.8799E-08 1.7771E-08 1.6764E-08 1.5788E-08 1.4847E-08 1.3946E-08 1.3087E-08
1.6067E-09 1.7074E-09 1.8098E-09 1.9183E-09 2.0330E-09 2.1748E-09 2.3203E-09 2.4677E-09 2.6259E-09 2.7961E-09 2.9795E-09 3.3659E-09 3.8240E-09 4.2786E-09 4.9523E-09 5.5091E-09 6.1446E-09 6.8656E-09 7.6786E-09 8.5866E-09 9.5958E-09 1.0707E-08 1.1919E-08 1.3225E-08 1.4589E-08 1.5974E-08 1.7420E-08 1.8928E-08 2.0440E-08 2.1929E-08 2.3368E-08 2.4728E-08 2.5978E-08 2.7094E-08 2.8050E-08 2.9117E-08 2.9687E-08 3.0042E-08 3.0095E-08 2.9878E-08 2.9485E-08 2.8927E-08 2.8214E-08 2.7295E-08 2.6249E-08 2.5255E-08 2.4185E-08 2.3072E-08 2.1934E-08 2.0782E-08 1.9635E-08 1.8505E-08 1.7404E-08 1.6341E-08 1.5322E-08 1.4352E-08 1.3432E-08
1.5508E-09 1.6495E-09 1.7498E-09 1.8560E-09 1.9686E-09 2.1180E-09 2.2539E-09 2.3999E-09 2.5570E-09 2.7264E-09 3.0669E-09 3.3109E-09 3.8915E-09 4.2894E-09 5.0181E-09 5.6143E-09 6.2980E-09 7.0772E-09 7.9587E-09 8.9468E-09 1.0045E-08 1.1251E-08 1.2569E-08 1.3994E-08 1.5514E-08 1.7112E-08 1.8671E-08 2.0224E-08 2.1867E-08 2.3492E-08 2.5059E-08 2.6535E-08 2.7890E-08 2.9092E-08 3.0643E-08 3.1468E-08 3.2054E-08 3.2483E-08 3.2505E-08 3.2125E-08 3.1618E-08 3.0937E-08 3.0095E-08 2.9040E-08 2.7890E-08 2.6691E-08 2.5496E-08 2.4247E-08 2.2981E-08 2.1712E-08 2.0453E-08 1.9218E-08 1.8021E-08 1.6871E-08 1.5773E-08 1.4732E-08 1.3750E-08
1.4947E-09 1.5912E-09 1.6892E-09 1.7932E-09 1.9034E-09 2.0520E-09 2.1861E-09 2.3304E-09 2.4861E-09 2.7834E-09 3.0049E-09 3.4483E-09 3.8805E-09 4.4159E-09 5.0830E-09 5.7201E-09 6.4536E-09 7.2919E-09 8.2434E-09 9.3140E-09 1.0506E-08 1.1818E-08 1.3247E-08 1.4782E-08 1.6424E-08 1.8161E-08 1.9961E-08 2.1741E-08 2.3406E-08 2.5075E-08 2.6771E-08 2.8365E-08 2.9824E-08 3.2000E-08 3.3134E-08 3.4247E-08 3.4812E-08 3.5084E-08 3.5026E-08 3.4606E-08 3.3935E-08 3.3015E-08 3.2020E-08 3.0811E-08 2.9493E-08 2.8203E-08 2.6845E-08 2.5409E-08 2.4005E-08 2.2611E-08 2.1239E-08 1.9899E-08 1.8605E-08 1.7366E-08 1.6190E-08 1.5080E-08 1.4037E-08
1.4386E-09 1.5328E-09 1.6283E-09 1.7298E-09 1.8376E-09 1.9850E-09 2.1170E-09 2.2594E-09 2.4133E-09 2.7167E-09 2.9393E-09 3.4896E-09 3.8661E-09 4.4328E-09 5.1452E-09 5.8225E-09 6.6057E-09 7.5052E-09 8.5287E-09 9.6812E-09 1.0968E-08 1.2388E-08 1.3937E-08 1.5601E-08 1.7369E-08 1.9218E-08 2.1145E-08 2.3128E-08 2.5115E-08 2.6881E-08 2.8506E-08 3.0185E-08 3.3128E-08 3.4636E-08 3.6372E-08 3.7256E-08 3.7784E-08 3.7963E-08 3.7776E-08 3.7178E-08 3.6344E-08 3.5280E-08 3.4053E-08 3.2592E-08 3.1088E-08 2.9638E-08 2.8128E-08 2.6583E-08 2.4994E-08 2.3466E-08 2.1977E-08 2.0532E-08 1.9142E-08 1.7817E-08 1.6564E-08 1.5386E-08 1.4284E-08
1.3824E-09 1.4742E-09 1.5673E-09 1.6661E-09 1.7713E-09 1.9172E-09 2.0469E-09 2.1870E-09 2.4477E-09 2.6470E-09 3.0599E-09 3.4568E-09 3.9566E-09 4.5903E-09 5.2030E-09 5.9191E-09 6.7512E-09 7.7094E-09 8.8036E-09 1.0041E-08 1.1424E-08 1.2949E-08 1.4615E-08 1.6411E-08 1.8318E-08 2.0310E-08 2.2362E-08 2.4445E-08 2.6548E-08 2.8639E-08 3.0563E-08 3.4124E-08 3.5897E-08 3.8550E-08 3.9881E-08 4.0776E-08 4.1223E-08 4.1242E-08 4.0848E-08 3.9988E-08 3.8890E-08 3.7593E-08 3.6112E-08 3.4455E-08 3.2654E-08 3.1028E-08 2.9355E-08 2.7660E-08 2.5914E-08 2.4267E-08 2.2652E-08 2.1103E-08 1.9621E-08 1.8213E-08 1.6886E-08 1.5644E-08 1.4486E-08
