Assets/Resources/2015_m01_d04_0800(utc+0800)_l00_csi_1hr_conc.grd
DSAA
         159         159
     -79.000      79.000
     -79.000      79.000
  0.5096E-10  0.4233E-04
[rows 100 to 124 of 159, columns 57 to 113 of 159]
4.6166E-09 5.0996E-09 5.5307E-09 5.9775E-09 6.5071E-09 7.0326E-09 7.6088E-09 8.1691E-09 8.8094E-09 9.4787E-09 1.0210E-08 1.0992E-08 1.1869E-08 1.2842E-08 1.3880E-08 1.5087E-08 1.6356E-08 1.7887E-08 1.9524E-08 2.1368E-08 2.3448E-08 2.5662E-08 2.8183E-08 3.0791E-08 3.3617E-08 3.6713E-08 3.9831E-08 4.3054E-08 4.6270E-08 4.9390E-08 5.2415E-08 5.5183E-08 5.7636E-08 5.9729E-08 6.1422E-08 6.2693E-08 6.3542E-08 6.3998E-08 6.4094E-08 6.3887E-08 6.3437E-08 6.2797E-08 6.2028E-08 6.1292E-08 6.0662E-08 6.0154E-08 5.9436E-08 5.8611E-08 5.7871E-08 5.6954E-08 5.5861E-08 5.4850E-08 5.3876E-08 5.2800E-08 5.1626E-08 5.0358E-08 4.9002E-08
4.4072E-09 4.8376E-09 5.3235E-09 5.7796E-09 6.2751E-09 6.7523E-09 7.3044E-09 7.8728E-09 8.4573E-09 9.1116E-09 9.7846E-09 1.0526E-08 1.1306E-08 1.2206E-08 1.3165E-08 1.4201E-08 1.5402E-08 1.6642E-08 1.8160E-08 1.9727E-08 2.1461E-08 2.3476E-08 2.5498E-08 2.7812E-08 3.0168E-08 3.2620E-08 3.5347E-08 3.7992E-08 4.0631E-08 4.3274E-08 4.5768E-08 4.8090E-08 5.0223E-08 5.2090E-08 5.3633E-08 5.4856E-08 5.5759E-08 5.6355E-08 5.6663E-08 5.6724E-08 5.6558E-08 5.6227E-08 5.5797E-08 5.5357E-08 5.4919E-08 5.4422E-08 5.4035E-08 5.3713E-08 5.3139E-08 5.2307E-08 5.1482E-08 5.0691E-08 4.9799E-08 4.8799E-08 4.7704E-08 4.6516E-08 4.5250E-08
4.2560E-09 4.6517E-09 5.1338E-09 5.5575E-09 5.9954E-09 6.5179E-09 7.0212E-09 7.5851E-09 8.1244E-09 8.7325E-09 9.3774E-09 1.0062E-08 1.0793E-08 1.1575E-08 1.2486E-08 1.3421E-08 1.4441E-08 1.5620E-08 1.6828E-08 1.8284E-08 1.9772E-08 2.1368E-08 2.3277E-08 2.5121E-08 2.7066E-08 2.9275E-08 3.1411E-08 3.3580E-08 3.5934E-08 3.8123E-08 4.0216E-08 4.2187E-08 4.4013E-08 4.5635E-08 4.7030E-08 4.8183E-08 4.9092E-08 4.9757E-08 5.0197E-08 5.0448E-08 5.0533E-08 5.0494E-08 5.0348E-08 4.9951E-08 4.9561E-08 4.9290E-08 4.9176E-08 4.8937E-08 4.8450E-08 4.7880E-08 4.7311E-08 4.6625E-08 4.5816E-08 4.4900E-08 4.3883E-08 4.2782E-08 4.1608E-08
4.1114E-09 4.4358E-09 4.8758E-09 5.3369E-09 5.7790E-09 6.2631E-09 6.7271E-09 7.2501E-09 7.8074E-09 8.3513E-09 8.9756E-09 9.6075E-09 1.0303E-08 1.1013E-08 1.1789E-08 1.2691E-08 1.3601E-08 1.4597E-08 1.5736E-08 1.6893E-08 1.8160E-08 1.9663E-08 2.1142E-08 2.2773E-08 2.4542E-08 2.6269E-08 2.8047E-08 2.9985E-08 3.1837E-08 3.3656E-08 3.5549E-08 3.7235E-08 3.8799E-08 4.0217E-08 4.1468E-08 4.2543E-08 4.3436E-08 4.4150E-08 4.4698E-08 4.5088E-08 4.5304E-08 4.5297E-08 4.5195E-08 4.5046E-08 4.4946E-08 4.4824E-08 4.4605E-08 4.4305E-08 4.4029E-08 4.3736E-08 4.3278E-08 4.2682E-08 4.1959E-08 4.1125E-08 4.0194E-08 3.9182E-08 3.8114E-08
3.9368E-09 4.2737E-09 4.6613E-09 5.1276E-09 5.5417E-09 5.9648E-09 6.4789E-09 6.9508E-09 7.4875E-09 7.9998E-09 8.5558E-09 9.1784E-09 9.8062E-09 1.0487E-08 1.1181E-08 1.1939E-08 1.2803E-08 1.3705E-08 1.4664E-08 1.5749E-08 1.6829E-08 1.8003E-08 1.9325E-08 2.0757E-08 2.2144E-08 2.3708E-08 2.5316E-08 2.6856E-08 2.8400E-08 2.9965E-08 3.1531E-08 3.2973E-08 3.4322E-08 3.5586E-08 3.6737E-08 3.7744E-08 3.8601E-08 3.9296E-08 3.9832E-08 4.0188E-08 4.0442E-08 4.0630E-08 4.0784E-08 4.0853E-08 4.0828E-08 4.0582E-08 4.0109E-08 4.0000E-08 3.9930E-08 3.9774E-08 3.9403E-08 3.8887E-08 3.8251E-08 3.7502E-08 3.6658E-08 3.5738E-08 3.4767E-08
3.7241E-09 4.1190E-09 4.4888E-09 4.8766E-09 5.3140E-09 5.7365E-09 6.1982E-09 6.6449E-09 7.1203E-09 7.6645E-09 8.1676E-09 8.7292E-09 9.3348E-09 9.9567E-09 1.0618E-08 1.1292E-08 1.2017E-08 1.2823E-08 1.3726E-08 1.4637E-08 1.5573E-08 1.6662E-08 1.7756E-08 1.8923E-08 2.0139E-08 2.1437E-08 2.2866E-08 2.4175E-08 2.5489E-08 2.6823E-08 2.8132E-08 2.9384E-08 3.0562E-08 3.1655E-08 3.2654E-08 3.3548E-08 3.4317E-08 3.4982E-08 3.5543E-08 3.6015E-08 3.6409E-08 3.6704E-08 3.6902E-08 3.6928E-08 3.6793E-08 3.6440E-08 3.6360E-08 3.6303E-08 3.6182E-08 3.5985E-08 3.5718E-08 3.5277E-08 3.4713E-08 3.4049E-08 3.3296E-08 3.2472E-08 3.1528E-08
3.5818E-09 3.9081E-09 4.2658E-09 4.6461E-09 5.0814E-09 5.4899E-09 5.8830E-09 6.3775E-09 6.8206E-09 7.2981E-09 7.8040E-09 8.3021E-09 8.8606E-09 9.4440E-09 1.0055E-08 1.0693E-08 1.1344E-08 1.2030E-08 1.2812E-08 1.3634E-08 1.4490E-08 1.5394E-08 1.6396E-08 1.7363E-08 1.8409E-08 1.9516E-08 2.0627E-08 2.1772E-08 2.2895E-08 2.4109E-08 2.5213E-08 2.6284E-08 2.7311E-08 2.8282E-08 2.9186E-08 3.0015E-08 3.0763E-08 3.1426E-08 3.1991E-08 3.2466E-08 3.2846E-08 3.3066E-08 3.3152E-08 3.3074E-08 3.3043E-08 3.3071E-08 3.3018E-08 3.2896E-08 3.2682E-08 3.2458E-08 3.2169E-08 3.1811E-08 3.1378E-08 3.0788E-08 3.0107E-08 2.9306E-08 2.8603E-08
3.3661E-09 3.7144E-09 4.1022E-09 4.4133E-09 4.7885E-09 5.2387E-09 5.6468E-09 6.0710E-09 6.5029E-09 6.9387E-09 7.4153E-09 7.9073E-09 8.3942E-09 8.9421E-09 9.5072E-09 1.0097E-08 1.0709E-08 1.1331E-08 1.1983E-08 1.2695E-08 1.3449E-08 1.4256E-08 1.5090E-08 1.5963E-08 1.6836E-08 1.7821E-08 1.8786E-08 1.9729E-08 2.0751E-08 2.1765E-08 2.2723E-08 2.3651E-08 2.4584E-08 2.5460E-08 2.6271E-08 2.7011E-08 2.7677E-08 2.8263E-08 2.8744E-08 2.9111E-08 2.9378E-08 2.9564E-08 2.9670E-08 2.9841E-08 2.9932E-08 2.9932E-08 2.9889E-08 2.9765E-08 2.9557E-08 2.9284E-08 2.8990E-08 2.8632E-08 2.8216E-08 2.7684E-08 2.7055E-08 2.6482E-08 2.5867E-08
3.2339E-09 3.4902E-09 3.8358E-09 4.2330E-09 4.5705E-09 5.0052E-09 5.3851E-09 5.7517E-09 6.2002E-09 6.5991E-09 7.0573E-09 7.4959E-09 7.9689E-09 8.4420E-09 8.9695E-09 9.5176E-09 1.0082E-08 1.0658E-08 1.1253E-08 1.1867E-08 1.2534E-08 1.3206E-08 1.3938E-08 1.4667E-08 1.5487E-08 1.6312E-08 1.7120E-08 1.7942E-08 1.8810E-08 1.9683E-08 2.0517E-08 2.1314E-08 2.2086E-08 2.2835E-08 2.3530E-08 2.4172E-08 2.4746E-08 2.5236E-08 2.5662E-08 2.6019E-08 2.6342E-08 2.6606E-08 2.6827E-08 2.6967E-08 2.7023E-08 2.7020E-08 2.6971E-08 2.6844E-08 2.6648E-08 2.6389E-08 2.6069E-08 2.5725E-08 2.5213E-08 2.4772E-08 2.4303E-08 2.3866E-08 2.3339E-08
3.0032E-09 3.3437E-09 3.6557E-09 4.0305E-09 4.3569E-09 4.7152E-09 5.1210E-09 5.4759E-09 5.8338E-09 6.2745E-09 6.6962E-09 7.1089E-09 7.5344E-09 7.9887E-09 8.4414E-09 8.9489E-09 9.4738E-09 1.0006E-08 1.0534E-08 1.1107E-08 1.1680E-08 1.2293E-08 1.2923E-08 1.3565E-08 1.4232E-08 1.4936E-08 1.5635E-08 1.6344E-08 1.7079E-08 1.7814E-08 1.8531E-08 1.9226E-08 1.9895E-08 2.0533E-08 2.1136E-08 2.1695E-08 2.2207E-08 2.2677E-08 2.3095E-08 2.3464E-08 2.3776E-08 2.4020E-08 2.4194E-08 2.4294E-08 2.4317E-08 2.4325E-08 2.4264E-08 2.4134E-08 2.3951E-08 2.3710E-08 2.3412E-08 2.2936E-08 2.2559E-08 2.2188E-08 2.1817E-08 2.1423E-08 2.1009E-08
2.8821E-09 3.1774E-09 3.4546E-09 3.7865E-09 4.1661E-09 4.4861E-09 4.8396E-09 5.1916E-09 5.5696E-09 5.9513E-09 6.3141E-09 6.7238E-09 7.1231E-09 7.5310E-09 7.9518E-09 8.3918E-09 8.8784E-09 9.3710E-09 9.8691E-09 1.0365E-08 1.0897E-08 1.1427E-08 1.1976E-08 1.2568E-08 1.3154E-08 1.3753E-08 1.4363E-08 1.4980E-08 1.5600E-08 1.6223E-08 1.6838E-08 1.7441E-08 1.8026E-08 1.8587E-08 1.9120E-08 1.9622E-08 2.0081E-08 2.0496E-08 2.0863E-08 2.1177E-08 2.1432E-08 2.1627E-08 2.1757E-08 2.1819E-08 2.1843E-08 2.1837E-08 2.1767E-08 2.1641E-08 2.1463E-08 2.1206E-08 2.0856E-08 2.0558E-08 2.0222E-08 1.9884E-08 1.9540E-08 1.9196E-08 1.8813E-08
2.6577E-09 2.9723E-09 3.2775E-09 3.5984E-09 3.9028E-09 4.2300E-09 4.5689E-09 4.9533E-09 5.2710E-09 5.6048E-09 6.0006E-09 6.3146E-09 6.7152E-09 7.0994E-09 7.4805E-09 7.8814E-09 8.2977E-09 8.7554E-09 9.1968E-09 9.6666E-09 1.0138E-08 1.0606E-08 1.1114E-08 1.1614E-08 1.2126E-08 1.2678E-08 1.3213E-08 1.3753E-08 1.4295E-08 1.4834E-08 1.5367E-08 1.5888E-08 1.6394E-08 1.6880E-08 1.7340E-08 1.7767E-08 1.8157E-08 1.8506E-08 1.8811E-08 1.9068E-08 1.9271E-08 1.9420E-08 1.9510E-08 1.9539E-08 1.9575E-08 1.9554E-08 1.9474E-08 1.9352E-08 1.9105E-08 1.8877E-08 1.8649E-08 1.8386E-08 1.8105E-08 1.7829E-08 1.7532E-08 1.7168E-08 1.6780E-08
2.5667E-09 2.8217E-09 3.0319E-09 3.3599E-09 3.6761E-09 3.9792E-09 4.3080E-09 4.6362E-09 5.0114E-09 5.2903E-09 5.6016E-09 5.9901E-09 6.2853E-09 6.7010E-09 7.0359E-09 7.3678E-09 7.7680E-09 8.1397E-09 8.5675E-09 8.9884E-09 9.4042E-09 9.8576E-09 1.0284E-08 1.0722E-08 1.1195E-08 1.1654E-08 1.2119E-08 1.2614E-08 1.3084E-08 1.3552E-08 1.4012E-08 1.4461E-08 1.4895E-08 1.5310E-08 1.5702E-08 1.6060E-08 1.6386E-08 1.6675E-08 1.6924E-08 1.7129E-08 1.7287E-08 1.7394E-08 1.7448E-08 1.7482E-08 1.7501E-08 1.7458E-08 1.7346E-08 1.7166E-08 1.7027E-08 1.6850E-08 1.6640E-08 1.6408E-08 1.6187E-08 1.5966E-08 1.5634E-08 1.5364E-08 1.5078E-08
2.3178E-09 2.6200E-09 2.9189E-09 3.1784E-09 3.4025E-09 3.7148E-09 4.0689E-09 4.3836E-09 4.7029E-09 5.0137E-09 5.2789E-09 5.6219E-09 5.9467E-09 6.2609E-09 6.6159E-09 6.9286E-09 7.2367E-09 7.6042E-09 7.9534E-09 8.2873E-09 8.7315E-09 9.1179E-09 9.4894E-09 9.9136E-09 1.0307E-08 1.0705E-08 1.1117E-08 1.1537E-08 1.1942E-08 1.2342E-08 1.2750E-08 1.3146E-08 1.3515E-08 1.3866E-08 1.4193E-08 1.4492E-08 1.4761E-08 1.4997E-08 1.5196E-08 1.5355E-08 1.5471E-08 1.5538E-08 1.5554E-08 1.5584E-08 1.5560E-08 1.5493E-08 1.5408E-08 1.5306E-08 1.5170E-08 1.5009E-08 1.4826E-08 1.4639E-08 1.4465E-08 1.4194E-08 1.4003E-08 1.3784E-08 1.3536E-08
2.2377E-09 2.4740E-09 2.6610E-09 2.9572E-09 3.2108E-09 3.5359E-09 3.7614E-09 4.1062E-09 4.4068E-09 4.6894E-09 5.0216E-09 5.2400E-09 5.5848E-09 5.8659E-09 6.1681E-09 6.4540E-09 6.7840E-09 7.0712E-09 7.3769E-09 7.7173E-09 8.0321E-09 8.3887E-09 8.7712E-09 9.1223E-09 9.4613E-09 9.8253E-09 1.0188E-08 1.0544E-08 1.0890E-08 1.1232E-08 1.1576E-08 1.1907E-08 1.2222E-08 1.2517E-08 1.2786E-08 1.3034E-08 1.3253E-08 1.3439E-08 1.3589E-08 1.3702E-08 1.3771E-08 1.3797E-08 1.3817E-08 1.3839E-08 1.3829E-08 1.3790E-08 1.3718E-08 1.3623E-08 1.3500E-08 1.3352E-08 1.3191E-08 1.3011E-08 1.2847E-08 1.2706E-08 1.2545E-08 1.2361E-08 1.2146E-08
2.0462E-09 2.2734E-09 2.5580E-09 2.7172E-09 2.9801E-09 3.2795E-09 3.5657E-09 3.8087E-09 4.0912E-09 4.3797E-09 4.6501E-09 4.9695E-09 5.2036E-09 5.5010E-09 5.7461E-09 6.0303E-09 6.3004E-09 6.5770E-09 6.8676E-09 7.1180E-09 7.4292E-09 7.7419E-09 8.0153E-09 8.3686E-09 8.6984E-09 8.9957E-09 9.3032E-09 9.6274E-09 9.9239E-09 1.0213E-08 1.0499E-08 1.0774E-08 1.1035E-08 1.1276E-08 1.1496E-08 1.1693E-08 1.1863E-08 1.2004E-08 1.2115E-08 1.2194E-08 1.2243E-08 1.2259E-08 1.2311E-08 1.2328E-08 1.2309E-08 1.2270E-08 1.2203E-08 1.2109E-08 1.1990E-08 1.1840E-08 1.1684E-08 1.1583E-08 1.1483E-08 1.1372E-08 1.1240E-08 1.1058E-08 1.0834E-08
1.8699E-09 2.0745E-09 2.2978E-09 2.5774E-09 2.8518E-09 2.9842E-09 3.2770E-09 3.5517E-09 3.8073E-09 4.0836E-09 4.3286E-09 4.6722E-09 4.8899E-09 5.1057E-09 5.3864E-09 5.5783E-09 5.8587E-09 6.1190E-09 6.3270E-09 6.6042E-09 6.8590E-09 7.0851E-09 7.3859E-09 7.6621E-09 7.9055E-09 8.2327E-09 8.5079E-09 8.7706E-09 9.0192E-09 9.2617E-09 9.5098E-09 9.7425E-09 9.9559E-09 1.0151E-08 1.0329E-08 1.0487E-08 1.0624E-08 1.0735E-08 1.0821E-08 1.0878E-08 1.0906E-08 1.0936E-08 1.0969E-08 1.0971E-08 1.0947E-08 1.0896E-08 1.0820E-08 1.0717E-08 1.0601E-08 1.0490E-08 1.0414E-08 1.0349E-08 1.0272E-08 1.0170E-08 1.0024E-08 9.8822E-09 9.7288E-09
1.6280E-09 1.9397E-09 2.0903E-09 2.3215E-09 2.5816E-09 2.8482E-09 3.0176E-09 3.2505E-09 3.5135E-09 3.7577E-09 4.0968E-09 4.2529E-09 4.5814E-09 4.7814E-09 4.9797E-09 5.2409E-09 5.4138E-09 5.6203E-09 5.8929E-09 6.0957E-09 6.2835E-09 6.5463E-09 6.7647E-09 6.9739E-09 7.2656E-09 7.4741E-09 7.6937E-09 7.9920E-09 8.2077E-09 8.4113E-09 8.6154E-09 8.8076E-09 8.9811E-09 9.1377E-09 9.2815E-09 9.4081E-09 9.5134E-09 9.5957E-09 9.6535E-09 9.6856E-09 9.6910E-09 9.7300E-09 9.7420E-09 9.7229E-09 9.6878E-09 9.6363E-09 9.5706E-09 9.4996E-09 9.4232E-09 9.3529E-09 9.3022E-09 9.2359E-09 9.1615E-09 9.0686E-09 8.9785E-09 8.8548E-09 8.7009E-09
1.5250E-09 1.6535E-09 1.9489E-09 2.1146E-09 2.3164E-09 2.5698E-09 2.8252E-09 3.0336E-09 3.2249E-09 3.4555E-09 3.7118E-09 4.0124E-09 4.2038E-09 4.4646E-09 4.6469E-09 4.8262E-09 5.0697E-09 5.2253E-09 5.4434E-09 5.6014E-09 5.8402E-09 6.0069E-09 6.1733E-09 6.4178E-09 6.5963E-09 6.7685E-09 7.0199E-09 7.2108E-09 7.3771E-09 7.6018E-09 7.7868E-09 7.9503E-09 8.0900E-09 8.2155E-09 8.3256E-09 8.4183E-09 8.4925E-09 8.5472E-09 8.5801E-09 8.5905E-09 8.6069E-09 8.6302E-09 8.6315E-09 8.6197E-09 8.5949E-09 8.5618E-09 8.5141E-09 8.4511E-09 8.3808E-09 8.3256E-09 8.2816E-09 8.2339E-09 8.1825E-09 8.1163E-09 8.0338E-09 7.9423E-09 7.8441E-09
1.3954E-09 1.5327E-09 1.7713E-09 2.0026E-09 2.2113E-09 2.3524E-09 2.5372E-09 2.7816E-09 2.9798E-09 3.1594E-09 3.3788E-09 3.6215E-09 3.9055E-09 4.0834E-09 4.3239E-09 4.4909E-09 4.6534E-09 4.8784E-09 5.0170E-09 5.2137E-09 5.3537E-09 5.4932E-09 5.6973E-09 5.8543E-09 5.9958E-09 6.1902E-09 6.3515E-09 6.4955E-09 6.6512E-09 6.8293E-09 6.9593E-09 7.0815E-09 7.2534E-09 7.3600E-09 7.4475E-09 7.5193E-09 7.5735E-09 7.6096E-09 7.6267E-09 7.6268E-09 7.6629E-09 7.6797E-09 7.6776E-09 7.6672E-09 7.6418E-09 7.6019E-09 7.5508E-09 7.4935E-09 7.4442E-09 7.4160E-09 7.3590E-09 7.3022E-09 7.2688E-09 7.2293E-09 7.1540E-09 7.0689E-09 6.9773E-09
1.1903E-09 1.4219E-09 1.5304E-09 1.7610E-09 1.9858E-09 2.1839E-09 2.3579E-09 2.5093E-09 2.7228E-09 2.9104E-09 3.0799E-09 3.2852E-09 3.5140E-09 3.7809E-09 3.9437E-09 4.1672E-09 4.3178E-09 4.4919E-09 4.6693E-09 4.7914E-09 4.9409E-09 5.0899E-09 5.2104E-09 5.3287E-09 5.4661E-09 5.6253E-09 5.7463E-09 5.8610E-09 6.0264E-09 6.1358E-09 6.2345E-09 6.3462E-09 6.4628E-09 6.5413E-09 6.6012E-09 6.6724E-09 6.7293E-09 6.7576E-09 6.7679E-09 6.7850E-09 6.8083E-09 6.8152E-09 6.8101E-09 6.7919E-09 6.7674E-09 6.7320E-09 6.6683E-09 6.6050E-09 6.5632E-09 6.5098E-09 6.5314E-09 6.5018E-09 6.4651E-09 6.4202E-09 6.3628E-09 6.2959E-09 6.2541E-09
1.1179E-09 1.1906E-09 1.4152E-09 1.5296E-09 1.7421E-09 1.9539E-09 2.1437E-09 2.3088E-09 2.4532E-09 2.6546E-09 2.8305E-09 2.9896E-09 3.1811E-09 3.4168E-09 3.6431E-09 3.7913E-09 3.9960E-09 4.1312E-09 4.2876E-09 4.4467E-09 4.5530E-09 4.6839E-09 4.8134E-09 4.9152E-09 5.0140E-09 5.1092E-09 5.2001E-09 5.3102E-09 5.4264E-09 5.5098E-09 5.5833E-09 5.6768E-09 5.7553E-09 5.8125E-09 5.8544E-09 5.8983E-09 5.9313E-09 5.9436E-09 5.9414E-09 5.9733E-09 5.9930E-09 5.9996E-09 5.9998E-09 5.9790E-09 5.9609E-09 5.9181E-09 5.8655E-09 5.8352E-09 5.8218E-09 5.7936E-09 5.7820E-09 5.7646E-09 5.7399E-09 5.7277E-09 5.7280E-09 5.6837E-09 5.4894E-09
1.0345E-09 1.1302E-09 1.1894E-09 1.4038E-09 1.5138E-09 1.7161E-09 1.9169E-09 2.0987E-09 2.2541E-09 2.3905E-09 2.5786E-09 2.7421E-09 2.8907E-09 3.0673E-09 3.2869E-09 3.4943E-09 3.6281E-09 3.7911E-09 3.9336E-09 4.0499E-09 4.2142E-09 4.3049E-09 4.4176E-09 4.5282E-09 4.6121E-09 4.6923E-09 4.7682E-09 4.8393E-09 4.9050E-09 4.9647E-09 5.0191E-09 5.0833E-09 5.1379E-09 5.1760E-09 5.2016E-09 5.2244E-09 5.2390E-09 5.2406E-09 5.2504E-09 5.2678E-09 5.2777E-09 5.2808E-09 5.2648E-09 5.2607E-09 5.2415E-09 5.2107E-09 5.1953E-09 5.1579E-09 5.1291E-09 5.1190E-09 5.1108E-09 5.1228E-09 5.0942E-09 4.9895E-09 4.9402E-09 4.8803E-09 4.8221E-09
8.6959E-10 9.9474E-10 1.1298E-09 1.1868E-09 1.3700E-09 1.4957E-09 1.6869E-09 1.9092E-09 2.0271E-09 2.1559E-09 2.3212E-09 2.4958E-09 2.6461E-09 2.7839E-09 2.9454E-09 3.1481E-09 3.3368E-09 3.4148E-09 3.5788E-09 3.7287E-09 3.8068E-09 3.9749E-09 4.0508E-09 4.1461E-09 4.2386E-09 4.3057E-09 4.3687E-09 4.4270E-09 4.4802E-09 4.5271E-09 4.5673E-09 4.6011E-09 4.6278E-09 4.6472E-09 4.6589E-09 4.6658E-09 4.6655E-09 4.6587E-09 4.6792E-09 4.6912E-09 4.6954E-09 4.6987E-09 4.6986E-09 4.6948E-09 4.6621E-09 4.5963E-09 4.5503E-09 4.5213E-09 4.5263E-09 4.5556E-09 4.5785E-09 4.5815E-09 4.5507E-09 4.4879E-09 4.4413E-09 4.4306E-09 4.4371E-09
8.5191E-10 8.7963E-10 9.9903E-10 1.1281E-09 1.1828E-09 1.3679E-09 1.4753E-09 1.6547E-09 1.8646E-09 1.9542E-09 2.0489E-09 2.2464E-09 2.4066E-09 2.5236E-09 2.6705E-09 2.8169E-09 2.9834E-09 3.1494E-09 3.2404E-09 3.3871E-09 3.5194E-09 3.5848E-09 3.6906E-09 3.7945E-09 3.8533E-09 3.9493E-09 4.0012E-09 4.0488E-09 4.0915E-09 4.1280E-09 4.1590E-09 4.1842E-09 4.2031E-09 4.2156E-09 4.2215E-09 4.2207E-09 4.2132E-09 4.2187E-09 4.2325E-09 4.2401E-09 4.2454E-09 4.2484E-09 4.2240E-09 4.1764E-09 4.1312E-09 4.0627E-09 4.0987E-09 4.1378E-09 4.1717E-09 4.1735E-09 4.1436E-09 4.1125E-09 4.0946E-09 4.0756E-09 4.1037E-09 4.1301E-09 4.1566E-09
