Assets/Resources/2015_m01_d12_2100(utc+0800)_l00_csi_1hr_conc.grd
DSAA
         159         159
     -79.000      79.000
     -79.000      79.000
  0.0000E+00  0.3662E-05
[rows 75 to 99 of 159, columns 0 to 56 of 159]
1.3479E-09 1.4678E-09 1.6012E-09 1.7512E-09 1.9152E-09 2.0980E-09 2.3083E-09 2.5390E-09 2.8042E-09 3.0976E-09 3.4308E-09 3.8155E-09 4.2399E-09 4.7255E-09 5.2644E-09 5.8608E-09 6.5197E-09 7.2338E-09 8.0086E-09 8.8271E-09 9.6852E-09 1.0570E-08 1.1456E-08 1.2327E-08 1.3178E-08 1.3970E-08 1.4683E-08 1.5312E-08 1.5827E-08 1.6243E-08 1.6557E-08 1.6764E-08 1.6868E-08 1.6879E-08 1.6817E-08 1.6679E-08 1.6479E-08 1.6225E-08 1.5897E-08 1.5522E-08 1.5091E-08 1.4583E-08 1.4021E-08 1.3405E-08 1.2804E-08 1.2172E-08 1.1503E-08 1.0841E-08 1.0184E-08 9.5388E-09 8.9363E-09 8.3682E-09 7.9277E-09 7.6118E-09 7.4661E-09 7.6028E-09 8.1082E-09
1.1592E-09 1.2608E-09 1.3724E-09 1.4998E-09 1.6375E-09 1.7920E-09 1.9713E-09 2.1678E-09 2.3998E-09 2.6565E-09 2.9515E-09 3.2899E-09 3.6623E-09 4.0905E-09 4.5663E-09 5.0925E-09 5.6771E-09 6.3120E-09 7.0041E-09 7.7363E-09 8.5069E-09 9.3056E-09 1.0132E-08 1.0950E-08 1.1754E-08 1.2538E-08 1.3255E-08 1.3930E-08 1.4535E-08 1.5055E-08 1.5489E-08 1.5840E-08 1.6109E-08 1.6306E-08 1.6436E-08 1.6496E-08 1.6506E-08 1.6446E-08 1.6327E-08 1.6158E-08 1.5910E-08 1.5592E-08 1.5210E-08 1.4824E-08 1.4424E-08 1.3963E-08 1.3488E-08 1.3022E-08 1.2526E-08 1.2078E-08 1.1631E-08 1.1261E-08 1.1026E-08 1.0946E-08 1.1180E-08 1.1833E-08 1.3070E-08
9.8689E-10 1.0716E-09 1.1635E-09 1.2695E-09 1.3842E-09 1.5122E-09 1.6625E-09 1.8273E-09 2.0251E-09 2.2412E-09 2.4929E-09 2.7890E-09 3.1138E-09 3.4888E-09 3.9033E-09 4.3605E-09 4.8722E-09 5.4306E-09 6.0400E-09 6.6914E-09 7.3961E-09 8.1332E-09 8.8931E-09 9.6736E-09 1.0445E-08 1.1222E-08 1.1975E-08 1.2683E-08 1.3336E-08 1.3927E-08 1.4464E-08 1.4937E-08 1.5349E-08 1.5707E-08 1.6002E-08 1.6251E-08 1.6448E-08 1.6583E-08 1.6676E-08 1.6701E-08 1.6646E-08 1.6529E-08 1.6413E-08 1.6271E-08 1.6089E-08 1.5865E-08 1.5664E-08 1.5432E-08 1.5224E-08 1.5023E-08 1.4843E-08 1.4777E-08 1.4830E-08 1.5134E-08 1.5848E-08 1.7147E-08 1.9399E-08
8.3122E-10 9.0047E-10 9.7641E-10 1.0633E-09 1.1569E-09 1.2611E-09 1.3863E-09 1.5207E-09 1.6869E-09 1.8713E-09 2.0846E-09 2.3361E-09 2.6091E-09 2.9255E-09 3.2805E-09 3.6767E-09 4.1241E-09 4.6153E-09 5.1700E-09 5.7640E-09 6.4020E-09 7.0884E-09 7.7960E-09 8.5402E-09 9.3024E-09 1.0063E-08 1.0802E-08 1.1522E-08 1.2208E-08 1.2856E-08 1.3474E-08 1.4042E-08 1.4571E-08 1.5060E-08 1.5502E-08 1.5920E-08 1.6287E-08 1.6614E-08 1.6898E-08 1.7099E-08 1.7239E-08 1.7408E-08 1.7540E-08 1.7654E-08 1.7737E-08 1.7823E-08 1.7922E-08 1.8015E-08 1.8153E-08 1.8286E-08 1.8471E-08 1.8787E-08 1.9232E-08 2.0000E-08 2.1262E-08 2.3310E-08 2.6547E-08
6.9337E-10 7.4944E-10 8.1061E-10 8.8133E-10 9.5663E-10 1.0390E-09 1.1424E-09 1.2561E-09 1.3950E-09 1.5481E-09 1.7229E-09 1.9324E-09 2.1630E-09 2.4349E-09 2.7394E-09 3.0816E-09 3.4806E-09 3.9186E-09 4.4065E-09 4.9474E-09 5.5345E-09 6.1802E-09 6.8593E-09 7.5567E-09 8.2707E-09 8.9973E-09 9.7194E-09 1.0440E-08 1.1144E-08 1.1829E-08 1.2499E-08 1.3138E-08 1.3761E-08 1.4356E-08 1.4928E-08 1.5486E-08 1.6003E-08 1.6496E-08 1.6925E-08 1.7303E-08 1.7727E-08 1.8129E-08 1.8513E-08 1.8897E-08 1.9276E-08 1.9700E-08 2.0140E-08 2.0617E-08 2.1139E-08 2.1670E-08 2.2300E-08 2.3036E-08 2.3945E-08 2.5193E-08 2.7021E-08 2.9710E-08 3.3780E-08
5.7346E-10 6.1784E-10 6.6613E-10 7.2043E-10 7.8122E-10 8.5055E-10 9.3654E-10 1.0298E-09 1.1434E-09 1.2666E-09 1.4112E-09 1.5889E-09 1.7835E-09 2.0184E-09 2.2891E-09 2.5918E-09 2.9395E-09 3.3302E-09 3.7736E-09 4.2712E-09 4.8102E-09 5.3889E-09 6.0086E-09 6.6585E-09 7.3289E-09 8.0214E-09 8.7180E-09 9.4262E-09 1.0130E-08 1.0830E-08 1.1533E-08 1.2222E-08 1.2914E-08 1.3590E-08 1.4263E-08 1.4925E-08 1.5559E-08 1.6167E-08 1.6753E-08 1.7379E-08 1.8000E-08 1.8619E-08 1.9253E-08 1.9914E-08 2.0609E-08 2.1359E-08 2.2170E-08 2.3036E-08 2.3969E-08 2.4923E-08 2.5993E-08 2.7170E-08 2.8520E-08 3.0240E-08 3.2505E-08 3.5697E-08 4.0142E-08
4.6927E-10 5.0145E-10 5.3979E-10 5.8588E-10 6.3603E-10 6.9245E-10 7.6147E-10 8.3475E-10 9.2834E-10 1.0316E-09 1.1532E-09 1.3023E-09 1.4731E-09 1.6792E-09 1.9136E-09 2.1808E-09 2.4931E-09 2.8488E-09 3.2490E-09 3.6854E-09 4.1657E-09 4.6922E-09 5.2494E-09 5.8343E-09 6.4509E-09 7.1079E-09 7.7744E-09 8.4633E-09 9.1551E-09 9.8542E-09 1.0570E-08 1.1284E-08 1.2016E-08 1.2743E-08 1.3473E-08 1.4214E-08 1.4936E-08 1.5675E-08 1.6435E-08 1.7215E-08 1.8006E-08 1.8829E-08 1.9696E-08 2.0612E-08 2.1600E-08 2.2663E-08 2.3810E-08 2.5057E-08 2.6360E-08 2.7736E-08 2.9185E-08 3.0746E-08 3.2485E-08 3.4537E-08 3.7108E-08 4.0426E-08 4.4914E-08
3.8484E-10 4.1071E-10 4.3967E-10 4.7520E-10 5.1262E-10 5.5477E-10 6.1201E-10 6.7347E-10 7.5278E-10 8.3876E-10 9.4362E-10 1.0734E-09 1.2168E-09 1.3935E-09 1.6015E-09 1.8454E-09 2.1258E-09 2.4319E-09 2.7813E-09 3.1733E-09 3.5974E-09 4.0583E-09 4.5581E-09 5.0964E-09 5.6673E-09 6.2726E-09 6.8911E-09 7.5401E-09 8.2044E-09 8.8873E-09 9.5935E-09 1.0321E-08 1.1065E-08 1.1815E-08 1.2591E-08 1.3375E-08 1.4190E-08 1.5034E-08 1.5893E-08 1.6791E-08 1.7722E-08 1.8712E-08 1.9778E-08 2.0910E-08 2.2155E-08 2.3475E-08 2.4922E-08 2.6453E-08 2.8070E-08 2.9762E-08 3.1520E-08 3.3346E-08 3.5330E-08 3.7552E-08 4.0178E-08 4.3367E-08 4.7377E-08
3.1161E-10 3.3096E-10 3.5364E-10 3.8338E-10 4.1601E-10 4.5261E-10 5.0071E-10 5.5058E-10 6.1552E-10 6.8587E-10 7.7113E-10 8.7883E-10 1.0037E-09 1.1628E-09 1.3455E-09 1.5524E-09 1.7955E-09 2.0691E-09 2.3757E-09 2.7108E-09 3.0814E-09 3.4974E-09 3.9502E-09 4.4323E-09 4.9439E-09 5.4930E-09 6.0625E-09 6.6683E-09 7.2993E-09 7.9485E-09 8.6376E-09 9.3458E-09 1.0078E-08 1.0835E-08 1.1624E-08 1.2453E-08 1.3315E-08 1.4201E-08 1.5122E-08 1.6103E-08 1.7134E-08 1.8255E-08 1.9457E-08 2.0758E-08 2.2175E-08 2.3694E-08 2.5337E-08 2.7086E-08 2.8897E-08 3.0765E-08 3.2681E-08 3.4640E-08 3.6692E-08 3.8881E-08 4.1306E-08 4.4090E-08 4.7339E-08
2.4888E-10 2.6433E-10 2.8269E-10 3.0669E-10 3.3387E-10 3.6437E-10 4.0421E-10 4.4614E-10 5.0167E-10 5.6175E-10 6.3490E-10 7.2801E-10 8.3016E-10 9.6020E-10 1.1168E-09 1.3016E-09 1.5142E-09 1.7443E-09 2.0044E-09 2.3041E-09 2.6362E-09 3.0021E-09 3.3951E-09 3.8199E-09 4.2752E-09 4.7738E-09 5.2918E-09 5.8499E-09 6.4337E-09 7.0437E-09 7.6906E-09 8.3621E-09 9.0740E-09 9.8228E-09 1.0611E-08 1.1434E-08 1.2298E-08 1.3198E-08 1.4148E-08 1.5168E-08 1.6253E-08 1.7440E-08 1.8726E-08 2.0117E-08 2.1639E-08 2.3262E-08 2.4991E-08 2.6810E-08 2.8700E-08 3.0619E-08 3.2547E-08 3.4462E-08 3.6403E-08 3.8365E-08 4.0385E-08 4.2567E-08 4.4899E-08
1.9869E-10 2.0930E-10 2.2255E-10 2.4150E-10 2.6427E-10 2.8923E-10 3.2158E-10 3.5693E-10 4.0380E-10 4.5431E-10 5.1733E-10 5.9870E-10 6.8864E-10 7.9928E-10 9.2581E-10 1.0738E-09 1.2493E-09 1.4555E-09 1.6910E-09 1.9491E-09 2.2322E-09 2.5457E-09 2.8905E-09 3.2643E-09 3.6638E-09 4.1107E-09 4.5759E-09 5.0814E-09 5.6091E-09 6.1648E-09 6.7661E-09 7.4050E-09 8.0816E-09 8.7928E-09 9.5432E-09 1.0335E-08 1.1174E-08 1.2055E-08 1.2996E-08 1.4014E-08 1.5110E-08 1.6305E-08 1.7613E-08 1.9021E-08 2.0560E-08 2.2179E-08 2.3876E-08 2.5660E-08 2.7486E-08 2.9317E-08 3.1108E-08 3.2852E-08 3.4520E-08 3.6110E-08 3.7610E-08 3.9074E-08 4.0500E-08
1.5574E-10 1.6480E-10 1.7315E-10 1.8696E-10 2.0385E-10 2.2333E-10 2.5065E-10 2.7943E-10 3.1854E-10 3.6394E-10 4.1874E-10 4.8641E-10 5.6122E-10 6.5318E-10 7.6268E-10 8.9232E-10 1.0415E-09 1.2124E-09 1.4077E-09 1.6240E-09 1.8666E-09 2.1335E-09 2.4338E-09 2.7617E-09 3.1107E-09 3.5013E-09 3.9128E-09 4.3625E-09 4.8411E-09 5.3481E-09 5.8976E-09 6.4759E-09 7.0964E-09 7.7496E-09 8.4471E-09 9.1863E-09 9.9750E-09 1.0818E-08 1.1709E-08 1.2684E-08 1.3738E-08 1.4893E-08 1.6156E-08 1.7525E-08 1.8989E-08 2.0502E-08 2.2081E-08 2.3712E-08 2.5379E-08 2.7012E-08 2.8566E-08 3.0014E-08 3.1330E-08 3.2457E-08 3.3416E-08 3.4183E-08 3.4784E-08
1.1659E-10 1.2255E-10 1.2932E-10 1.3817E-10 1.5145E-10 1.6654E-10 1.9076E-10 2.1543E-10 2.4930E-10 2.8414E-10 3.2854E-10 3.8576E-10 4.5031E-10 5.3047E-10 6.2165E-10 7.2837E-10 8.5243E-10 9.9955E-10 1.1668E-09 1.3515E-09 1.5615E-09 1.7903E-09 2.0460E-09 2.3256E-09 2.6246E-09 2.9646E-09 3.3240E-09 3.7154E-09 4.1332E-09 4.5815E-09 5.0644E-09 5.5823E-09 6.1367E-09 6.7215E-09 7.3517E-09 8.0255E-09 8.7412E-09 9.5165E-09 1.0335E-08 1.1237E-08 1.2217E-08 1.3288E-08 1.4462E-08 1.5717E-08 1.7007E-08 1.8359E-08 1.9757E-08 2.1168E-08 2.2591E-08 2.3954E-08 2.5207E-08 2.6321E-08 2.7224E-08 2.7909E-08 2.8349E-08 2.8565E-08 2.8520E-08
8.3691E-11 8.9035E-11 9.4512E-11 1.0132E-10 1.0934E-10 1.2201E-10 1.4032E-10 1.5988E-10 1.8608E-10 2.1953E-10 2.5706E-10 3.0473E-10 3.5731E-10 4.1993E-10 4.9758E-10 5.9047E-10 6.9335E-10 8.1520E-10 9.5609E-10 1.1152E-09 1.2921E-09 1.4851E-09 1.6988E-09 1.9367E-09 2.1923E-09 2.4789E-09 2.7873E-09 3.1192E-09 3.4780E-09 3.8666E-09 4.2831E-09 4.7345E-09 5.2194E-09 5.7293E-09 6.2849E-09 6.8806E-09 7.5116E-09 8.2016E-09 8.9322E-09 9.7322E-09 1.0614E-08 1.1564E-08 1.2600E-08 1.3690E-08 1.4796E-08 1.5937E-08 1.7101E-08 1.8256E-08 1.9400E-08 2.0467E-08 2.1395E-08 2.2158E-08 2.2683E-08 2.2972E-08 2.3020E-08 2.2820E-08 2.2381E-08
5.7589E-11 6.1588E-11 6.5093E-11 6.9445E-11 7.5145E-11 8.3918E-11 9.9169E-11 1.1761E-10 1.4013E-10 1.6542E-10 1.9520E-10 2.3109E-10 2.7777E-10 3.3330E-10 3.9408E-10 4.6944E-10 5.5890E-10 6.5965E-10 7.7314E-10 9.0302E-10 1.0542E-09 1.2186E-09 1.3947E-09 1.5919E-09 1.8062E-09 2.0434E-09 2.3017E-09 2.5827E-09 2.8858E-09 3.2160E-09 3.5698E-09 3.9497E-09 4.3655E-09 4.7989E-09 5.2725E-09 5.7869E-09 6.3259E-09 6.9206E-09 7.5565E-09 8.2379E-09 9.0027E-09 9.8158E-09 1.0689E-08 1.1576E-08 1.2477E-08 1.3400E-08 1.4333E-08 1.5228E-08 1.6087E-08 1.6862E-08 1.7487E-08 1.7931E-08 1.8161E-08 1.8139E-08 1.7907E-08 1.7463E-08 1.6831E-08
3.8880E-11 4.1788E-11 4.5306E-11 4.8922E-11 5.3789E-11 5.8708E-11 6.8304E-11 8.1746E-11 9.7496E-11 1.1783E-10 1.4491E-10 1.7624E-10 2.0961E-10 2.5628E-10 3.1018E-10 3.6801E-10 4.3887E-10 5.2366E-10 6.1834E-10 7.2299E-10 8.4442E-10 9.8269E-10 1.1290E-09 1.2893E-09 1.4684E-09 1.6648E-09 1.8761E-09 2.1125E-09 2.3591E-09 2.6326E-09 2.9285E-09 3.2386E-09 3.5832E-09 3.9470E-09 4.3379E-09 4.7675E-09 5.2189E-09 5.7090E-09 6.2455E-09 6.8137E-09 7.4417E-09 8.1211E-09 8.7982E-09 9.5124E-09 1.0222E-08 1.0925E-08 1.1631E-08 1.2299E-08 1.2896E-08 1.3404E-08 1.3778E-08 1.3971E-08 1.3964E-08 1.3773E-08 1.3383E-08 1.2838E-08 1.2147E-08
2.4959E-11 2.7336E-11 3.0421E-11 3.3129E-11 3.6635E-11 4.0786E-11 4.4362E-11 5.3939E-11 6.7661E-11 8.2297E-11 1.0103E-10 1.2807E-10 1.5747E-10 1.8909E-10 2.3287E-10 2.8358E-10 3.4014E-10 4.0747E-10 4.8547E-10 5.7112E-10 6.6543E-10 7.7794E-10 8.9983E-10 1.0302E-09 1.1764E-09 1.3374E-09 1.5063E-09 1.6972E-09 1.8972E-09 2.1156E-09 2.3579E-09 2.6068E-09 2.8835E-09 3.1821E-09 3.4925E-09 3.8412E-09 4.2134E-09 4.6062E-09 5.0436E-09 5.5023E-09 5.9944E-09 6.5273E-09 7.0520E-09 7.5875E-09 8.1299E-09 8.6550E-09 9.1502E-09 9.6192E-09 1.0010E-08 1.0295E-08 1.0469E-08 1.0487E-08 1.0344E-08 1.0049E-08 9.6270E-09 9.0874E-09 8.4391E-09
1.3922E-11 1.5795E-11 1.8051E-11 2.0228E-11 2.2403E-11 2.5345E-11 2.8419E-11 3.1720E-11 4.3643E-11 5.8195E-11 7.2594E-11 9.1672E-11 1.1749E-10 1.4521E-10 1.7531E-10 2.1526E-10 2.6142E-10 3.1191E-10 3.7312E-10 4.4371E-10 5.2022E-10 6.0558E-10 7.0413E-10 8.0797E-10 9.2309E-10 1.0531E-09 1.1859E-09 1.3348E-09 1.4955E-09 1.6655E-09 1.8581E-09 2.0602E-09 2.2712E-09 2.5111E-09 2.7581E-09 3.0266E-09 3.3252E-09 3.6353E-09 3.9762E-09 4.3381E-09 4.7108E-09 5.1042E-09 5.5028E-09 5.8910E-09 6.2793E-09 6.6640E-09 6.9962E-09 7.2884E-09 7.5236E-09 7.6571E-09 7.6767E-09 7.5934E-09 7.3852E-09 7.0704E-09 6.6660E-09 6.1974E-09 5.6608E-09
7.1554E-12 8.6156E-12 9.6517E-12 1.1265E-11 1.3229E-11 1.5708E-11 1.8691E-11 2.2008E-11 2.6008E-11 3.7056E-11 5.1387E-11 6.5128E-11 8.2975E-11 1.0686E-10 1.3290E-10 1.6081E-10 1.9679E-10 2.3936E-10 2.8414E-10 3.3697E-10 3.9742E-10 4.6213E-10 5.3615E-10 6.1862E-10 7.0856E-10 8.1197E-10 9.1694E-10 1.0299E-09 1.1550E-09 1.2878E-09 1.4324E-09 1.5928E-09 1.7565E-09 1.9368E-09 2.1329E-09 2.3356E-09 2.5594E-09 2.8017E-09 3.0530E-09 3.3279E-09 3.6103E-09 3.8832E-09 4.1734E-09 4.4575E-09 4.7225E-09 4.9824E-09 5.2017E-09 5.3631E-09 5.4677E-09 5.5084E-09 5.4540E-09 5.3062E-09 5.0870E-09 4.8016E-09 4.4577E-09 4.0665E-09 3.6702E-09
3.9891E-12 4.3441E-12 5.2855E-12 6.6322E-12 7.7501E-12 8.9545E-12 1.0807E-11 1.3753E-11 1.7254E-11 2.1290E-11 3.2088E-11 4.5837E-11 5.8553E-11 7.5819E-11 9.7391E-11 1.2066E-10 1.4521E-10 1.7685E-10 2.1351E-10 2.5198E-10 2.9684E-10 3.4726E-10 4.0259E-10 4.6270E-10 5.2843E-10 6.0715E-10 6.9117E-10 7.7692E-10 8.7323E-10 9.7595E-10 1.0816E-09 1.2001E-09 1.3285E-09 1.4591E-09 1.6060E-09 1.7625E-09 1.9237E-09 2.1071E-09 2.2937E-09 2.4885E-09 2.6924E-09 2.8891E-09 3.0839E-09 3.2807E-09 3.4675E-09 3.6254E-09 3.7485E-09 3.8345E-09 3.8578E-09 3.8247E-09 3.7428E-09 3.5965E-09 3.3895E-09 3.1440E-09 2.8738E-09 2.5923E-09 2.2884E-09
1.9356E-12 2.3898E-12 2.6866E-12 2.9926E-12 3.8903E-12 4.7750E-12 5.6065E-12 7.8613E-12 1.0086E-11 1.3020E-11 1.7270E-11 2.7363E-11 3.9323E-11 5.1021E-11 6.5472E-11 8.3624E-11 1.0391E-10 1.2533E-10 1.5230E-10 1.8329E-10 2.1574E-10 2.5230E-10 2.9273E-10 3.3898E-10 3.8668E-10 4.3994E-10 5.0215E-10 5.6791E-10 6.3782E-10 7.1386E-10 7.9504E-10 8.7993E-10 9.7407E-10 1.0731E-09 1.1755E-09 1.2928E-09 1.4137E-09 1.5395E-09 1.6812E-09 1.8157E-09 1.9516E-09 2.0950E-09 2.2307E-09 2.3505E-09 2.4702E-09 2.5660E-09 2.6248E-09 2.6520E-09 2.6381E-09 2.5821E-09 2.4817E-09 2.3448E-09 2.1820E-09 1.9937E-09 1.7874E-09 1.5580E-09 1.3356E-09
5.6725E-13 8.6793E-13 1.1542E-12 1.6191E-12 1.9573E-12 2.2960E-12 2.6991E-12 3.3017E-12 4.6939E-12 6.5180E-12 8.9299E-12 1.2292E-11 2.0082E-11 3.1461E-11 4.2266E-11 5.4542E-11 6.9731E-11 8.6669E-11 1.0370E-10 1.2538E-10 1.5023E-10 1.7646E-10 2.0539E-10 2.3670E-10 2.7250E-10 3.1039E-10 3.5398E-10 4.0220E-10 4.5085E-10 5.0699E-10 5.6478E-10 6.2322E-10 6.8856E-10 7.5819E-10 8.2918E-10 9.1106E-10 1.0008E-09 1.0869E-09 1.1832E-09 1.2810E-09 1.3784E-09 1.4664E-09 1.5624E-09 1.6416E-09 1.7104E-09 1.7550E-09 1.7815E-09 1.7776E-09 1.7408E-09 1.6821E-09 1.5927E-09 1.4791E-09 1.3450E-09 1.1963E-09 1.0441E-09 8.8838E-10 7.4089E-10
0.0000E+00 0.0000E+00 0.0000E+00 0.0000E+00 0.0000E+00 1.9979E-13 4.1712E-13 6.3949E-13 1.3505E-12 2.5510E-12 4.5068E-12 6.8345E-12 9.1945E-12 1.5075E-11 2.4145E-11 3.3213E-11 4.2670E-11 5.4735E-11 6.8452E-11 8.2116E-11 9.7487E-11 1.1614E-10 1.3712E-10 1.5991E-10 1.8297E-10 2.1056E-10 2.4045E-10 2.7327E-10 3.0862E-10 3.4468E-10 3.8564E-10 4.2832E-10 4.7132E-10 5.2050E-10 5.7167E-10 6.2044E-10 6.8008E-10 7.4652E-10 8.0894E-10 8.7052E-10 9.4243E-10 1.0057E-09 1.0595E-09 1.1055E-09 1.1458E-09 1.1619E-09 1.1701E-09 1.1536E-09 1.1139E-09 1.0605E-09 9.8569E-10 8.9140E-10 7.8947E-10 6.7518E-10 5.5757E-10 4.5944E-10 3.6606E-10
0.0000E+00 0.0000E+00 0.0000E+00 0.0000E+00 0.0000E+00 0.0000E+00 0.0000E+00 0.0000E+00 0.0000E+00 0.0000E+00 4.5392E-13 1.4333E-12 2.8818E-12 5.1083E-12 8.7678E-12 1.5521E-11 2.2460E-11 2.8961E-11 3.7750E-11 4.8505E-11 5.9665E-11 7.1608E-11 8.5107E-11 1.0041E-10 1.1765E-10 1.3491E-10 1.5480E-10 1.7768E-10 2.0286E-10 2.2779E-10 2.5356E-10 2.8273E-10 3.1020E-10 3.4100E-10 3.7753E-10 4.1382E-10 4.4784E-10 4.8707E-10 5.3653E-10 5.7557E-10 6.2160E-10 6.6478E-10 7.0067E-10 7.2543E-10 7.4081E-10 7.4241E-10 7.3986E-10 7.2092E-10 6.8453E-10 6.3568E-10 5.6801E-10 4.8653E-10 4.1103E-10 3.2596E-10 2.6726E-10 2.0734E-10 1.5036E-10
0.0000E+00 0.0000E+00 0.0000E+00 0.0000E+00 0.0000E+00 0.0000E+00 0.0000E+00 0.0000E+00 0.0000E+00 0.0000E+00 0.0000E+00 0.0000E+00 1.5763E-13 9.0898E-13 2.1471E-12 4.6793E-12 9.2719E-12 1.4969E-11 2.0249E-11 2.5656E-11 3.2317E-11 4.0404E-11 4.9573E-11 5.9077E-11 7.0584E-11 8.2428E-11 9.5375E-11 1.1005E-10 1.2498E-10 1.4110E-10 1.5616E-10 1.7386E-10 1.9383E-10 2.1384E-10 2.3425E-10 2.5936E-10 2.8848E-10 3.1417E-10 3.4269E-10 3.7212E-10 4.0373E-10 4.2384E-10 4.4143E-10 4.5431E-10 4.5980E-10 4.5196E-10 4.3907E-10 4.1891E-10 3.9348E-10 3.4969E-10 3.0313E-10 2.4871E-10 1.8663E-10 1.5011E-10 1.1206E-10 7.9055E-11 4.9650E-11
