Assets/Resources/2015_m01_d20_1600(utc+0800)_l00_csi_1hr_conc.grd
DSAA
         159         159
     -79.000      79.000
     -79.000      79.000
  0.2902E-09  0.4174E-05
[rows 50 to 74 of 159, columns 57 to 113 of 159]
3.6160E-09 3.6303E-09 3.6425E-09 3.6535E-09 3.6628E-09 3.6709E-09 3.6789E-09 3.6855E-09 3.6908E-09 3.6947E-09 3.6968E-09 3.6974E-09 3.6977E-09 3.6959E-09 3.6922E-09 3.6869E-09 3.6807E-09 3.6728E-09 3.6629E-09 3.6515E-09 3.6389E-09 3.6240E-09 3.6077E-09 3.5890E-09 3.5699E-09 3.5472E-09 3.5244E-09 3.4991E-09 3.4730E-09 3.4452E-09 3.4159E-09 3.3851E-09 3.3536E-09 3.3213E-09 3.2869E-09 3.2518E-09 3.2143E-09 3.1756E-09 3.1356E-09 3.0945E-09 3.0524E-09 3.0092E-09 2.9651E-09 2.9212E-09 2.8765E-09 2.8310E-09 2.7841E-09 2.7365E-09 2.6885E-09 2.6400E-09 2.5922E-09 2.5432E-09 2.4940E-09 2.4448E-09 2.3962E-09 2.3477E-09 2.2993E-09
3.6780E-09 3.6921E-09 3.7039E-09 3.7168E-09 3.7263E-09 3.7346E-09 3.7416E-09 3.7479E-09 3.7539E-09 3.7580E-09 3.7602E-09 3.7621E-09 3.7620E-09 3.7609E-09 3.7583E-09 3.7536E-09 3.7473E-09 3.7401E-09 3.7312E-09 3.7201E-09 3.7074E-09 3.6936E-09 3.6776E-09 3.6600E-09 3.6412E-09 3.6209E-09 3.5989E-09 3.5752E-09 3.5498E-09 3.5229E-09 3.4936E-09 3.4634E-09 3.4310E-09 3.3971E-09 3.3618E-09 3.3250E-09 3.2869E-09 3.2473E-09 3.2065E-09 3.1653E-09 3.1229E-09 3.0785E-09 3.0338E-09 2.9882E-09 2.9418E-09 2.8945E-09 2.8476E-09 2.7991E-09 2.7499E-09 2.7005E-09 2.6507E-09 2.6006E-09 2.5513E-09 2.5009E-09 2.4506E-09 2.4003E-09 2.3496E-09
3.7376E-09 3.7529E-09 3.7677E-09 3.7795E-09 3.7901E-09 3.8002E-09 3.8091E-09 3.8155E-09 3.8216E-09 3.8253E-09 3.8270E-09 3.8290E-09 3.8289E-09 3.8285E-09 3.8253E-09 3.8218E-09 3.8162E-09 3.8089E-09 3.8005E-09 3.7899E-09 3.7776E-09 3.7642E-09 3.7492E-09 3.7318E-09 3.7134E-09 3.6938E-09 3.6720E-09 3.6485E-09 3.6240E-09 3.5977E-09 3.5693E-09 3.5393E-09 3.5077E-09 3.4745E-09 3.4391E-09 3.4021E-09 3.3644E-09 3.3245E-09 3.2833E-09 3.2400E-09 3.1963E-09 3.1515E-09 3.1058E-09 3.0590E-09 3.0103E-09 2.9632E-09 2.9137E-09 2.8636E-09 2.8136E-09 2.7630E-09 2.7119E-09 2.6616E-09 2.6091E-09 2.5575E-09 2.5059E-09 2.4544E-09 2.4039E-09
3.7974E-09 3.8136E-09 3.8286E-09 3.8424E-09 3.8557E-09 3.8670E-09 3.8758E-09 3.8832E-09 3.8904E-09 3.8948E-09 3.8977E-09 3.9002E-09 3.9013E-09 3.8992E-09 3.8954E-09 3.8931E-09 3.8873E-09 3.8794E-09 3.8721E-09 3.8620E-09 3.8502E-09 3.8366E-09 3.8225E-09 3.8061E-09 3.7880E-09 3.7687E-09 3.7471E-09 3.7244E-09 3.6994E-09 3.6728E-09 3.6444E-09 3.6144E-09 3.5826E-09 3.5493E-09 3.5139E-09 3.4780E-09 3.4401E-09 3.4006E-09 3.3591E-09 3.3168E-09 3.2727E-09 3.2273E-09 3.1801E-09 3.1319E-09 3.0826E-09 3.0346E-09 2.9837E-09 2.9319E-09 2.8803E-09 2.8280E-09 2.7759E-09 2.7227E-09 2.6699E-09 2.6179E-09 2.5639E-09 2.5100E-09 2.4572E-09
3.8579E-09 3.8751E-09 3.8910E-09 3.9057E-09 3.9192E-09 3.9322E-09 3.9430E-09 3.9524E-09 3.9604E-09 3.9658E-09 3.9705E-09 3.9740E-09 3.9737E-09 3.9727E-09 3.9713E-09 3.9683E-09 3.9618E-09 3.9537E-09 3.9463E-09 3.9367E-09 3.9247E-09 3.9122E-09 3.8985E-09 3.8824E-09 3.8646E-09 3.8456E-09 3.8243E-09 3.8013E-09 3.7765E-09 3.7505E-09 3.7222E-09 3.6921E-09 3.6603E-09 3.6263E-09 3.5913E-09 3.5547E-09 3.5165E-09 3.4766E-09 3.4354E-09 3.3921E-09 3.3475E-09 3.3028E-09 3.2557E-09 3.2075E-09 3.1575E-09 3.1066E-09 3.0555E-09 3.0035E-09 2.9509E-09 2.8969E-09 2.8422E-09 2.7870E-09 2.7332E-09 2.6789E-09 2.6238E-09 2.5694E-09 2.5141E-09
3.9200E-09 3.9382E-09 3.9560E-09 3.9718E-09 3.9862E-09 3.9992E-09 4.0109E-09 4.0212E-09 4.0300E-09 4.0374E-09 4.0433E-09 4.0476E-09 4.0499E-09 4.0498E-09 4.0469E-09 4.0447E-09 4.0394E-09 4.0323E-09 4.0247E-09 4.0155E-09 4.0032E-09 3.9905E-09 3.9772E-09 3.9609E-09 3.9435E-09 3.9248E-09 3.9038E-09 3.8810E-09 3.8563E-09 3.8298E-09 3.8015E-09 3.7709E-09 3.7391E-09 3.7056E-09 3.6710E-09 3.6341E-09 3.5950E-09 3.5548E-09 3.5126E-09 3.4694E-09 3.4248E-09 3.3784E-09 3.3307E-09 3.2824E-09 3.2323E-09 3.1819E-09 3.1291E-09 3.0762E-09 3.0225E-09 2.9668E-09 2.9118E-09 2.8563E-09 2.7994E-09 2.7433E-09 2.6860E-09 2.6294E-09 2.5728E-09
3.9821E-09 4.0022E-09 4.0211E-09 4.0379E-09 4.0542E-09 4.0683E-09 4.0810E-09 4.0922E-09 4.1028E-09 4.1110E-09 4.1168E-09 4.1209E-09 4.1253E-09 4.1271E-09 4.1272E-09 4.1256E-09 4.1232E-09 4.1182E-09 4.1115E-09 4.1027E-09 4.0921E-09 4.0798E-09 4.0656E-09 4.0471E-09 4.0292E-09 4.0097E-09 3.9883E-09 3.9649E-09 3.9398E-09 3.9122E-09 3.8827E-09 3.8532E-09 3.8214E-09 3.7877E-09 3.7523E-09 3.7146E-09 3.6752E-09 3.6347E-09 3.5926E-09 3.5490E-09 3.5038E-09 3.4567E-09 3.4083E-09 3.3592E-09 3.3085E-09 3.2571E-09 3.2042E-09 3.1497E-09 3.0955E-09 3.0393E-09 2.9831E-09 2.9251E-09 2.8678E-09 2.8101E-09 2.7515E-09 2.6927E-09 2.6339E-09
4.0486E-09 4.0699E-09 4.0890E-09 4.1068E-09 4.1233E-09 4.1384E-09 4.1521E-09 4.1652E-09 4.1759E-09 4.1851E-09 4.1926E-09 4.1993E-09 4.2036E-09 4.2060E-09 4.2068E-09 4.2068E-09 4.2043E-09 4.2000E-09 4.1938E-09 4.1859E-09 4.1762E-09 4.1637E-09 4.1511E-09 4.1367E-09 4.1192E-09 4.1010E-09 4.0797E-09 4.0564E-09 4.0301E-09 4.0018E-09 3.9716E-09 3.9420E-09 3.9081E-09 3.8730E-09 3.8362E-09 3.7975E-09 3.7590E-09 3.7181E-09 3.6750E-09 3.6302E-09 3.5840E-09 3.5368E-09 3.4883E-09 3.4378E-09 3.3862E-09 3.3338E-09 3.2800E-09 3.2251E-09 3.1693E-09 3.1126E-09 3.0551E-09 2.9964E-09 2.9378E-09 2.8787E-09 2.8187E-09 2.7585E-09 2.6990E-09
4.1161E-09 4.1377E-09 4.1589E-09 4.1779E-09 4.1955E-09 4.2117E-09 4.2274E-09 4.2406E-09 4.2522E-09 4.2614E-09 4.2698E-09 4.2776E-09 4.2826E-09 4.2860E-09 4.2875E-09 4.2883E-09 4.2863E-09 4.2826E-09 4.2780E-09 4.2715E-09 4.2632E-09 4.2529E-09 4.2400E-09 4.2260E-09 4.2092E-09 4.1904E-09 4.1695E-09 4.1467E-09 4.1207E-09 4.0939E-09 4.0649E-09 4.0338E-09 3.9998E-09 3.9638E-09 3.9272E-09 3.8875E-09 3.8467E-09 3.8042E-09 3.7599E-09 3.7145E-09 3.6677E-09 3.6192E-09 3.5699E-09 3.5186E-09 3.4661E-09 3.4124E-09 3.3580E-09 3.3026E-09 3.2451E-09 3.1873E-09 3.1298E-09 3.0698E-09 3.0092E-09 2.9487E-09 2.8872E-09 2.8260E-09 2.7635E-09
4.1828E-09 4.2066E-09 4.2291E-09 4.2502E-09 4.2690E-09 4.2873E-09 4.3032E-09 4.3175E-09 4.3302E-09 4.3422E-09 4.3516E-09 4.3592E-09 4.3651E-09 4.3703E-09 4.3736E-09 4.3751E-09 4.3748E-09 4.3718E-09 4.3669E-09 4.3602E-09 4.3515E-09 4.3409E-09 4.3283E-09 4.3137E-09 4.2981E-09 4.2804E-09 4.2599E-09 4.2381E-09 4.2134E-09 4.1867E-09 4.1579E-09 4.1270E-09 4.0930E-09 4.0579E-09 4.0188E-09 3.9799E-09 3.9392E-09 3.8955E-09 3.8494E-09 3.8021E-09 3.7551E-09 3.7053E-09 3.6534E-09 3.6019E-09 3.5490E-09 3.4943E-09 3.4377E-09 3.3817E-09 3.3236E-09 3.2645E-09 3.2041E-09 3.1434E-09 3.0832E-09 3.0206E-09 2.9575E-09 2.8941E-09 2.8313E-09
4.2543E-09 4.2784E-09 4.3012E-09 4.3227E-09 4.3438E-09 4.3633E-09 4.3813E-09 4.3968E-09 4.4107E-09 4.4238E-09 4.4342E-09 4.4429E-09 4.4497E-09 4.4557E-09 4.4589E-09 4.4603E-09 4.4608E-09 4.4594E-09 4.4561E-09 4.4509E-09 4.4437E-09 4.4345E-09 4.4225E-09 4.4084E-09 4.3922E-09 4.3739E-09 4.3544E-09 4.3319E-09 4.3072E-09 4.2795E-09 4.2515E-09 4.2206E-09 4.1876E-09 4.1525E-09 4.1142E-09 4.0748E-09 4.0338E-09 3.9886E-09 3.9425E-09 3.8957E-09 3.8460E-09 3.7954E-09 3.7419E-09 3.6883E-09 3.6349E-09 3.5780E-09 3.5209E-09 3.4627E-09 3.4027E-09 3.3435E-09 3.2823E-09 3.2201E-09 3.1568E-09 3.0934E-09 3.0299E-09 2.9655E-09 2.9003E-09
4.3281E-09 4.3536E-09 4.3778E-09 4.4017E-09 4.4230E-09 4.4429E-09 4.4611E-09 4.4777E-09 4.4937E-09 4.5080E-09 4.5205E-09 4.5312E-09 4.5401E-09 4.5471E-09 4.5512E-09 4.5534E-09 4.5537E-09 4.5521E-09 4.5485E-09 4.5429E-09 4.5353E-09 4.5267E-09 4.5161E-09 4.5033E-09 4.4884E-09 4.4705E-09 4.4512E-09 4.4289E-09 4.4043E-09 4.3775E-09 4.3485E-09 4.3182E-09 4.2841E-09 4.2478E-09 4.2112E-09 4.1716E-09 4.1301E-09 4.0855E-09 4.0389E-09 3.9902E-09 3.9400E-09 3.8890E-09 3.8352E-09 3.7793E-09 3.7218E-09 3.6655E-09 3.6072E-09 3.5465E-09 3.4859E-09 3.4242E-09 3.3610E-09 3.2980E-09 3.2342E-09 3.1692E-09 3.1030E-09 3.0370E-09 2.9700E-09
4.4025E-09 4.4312E-09 4.4583E-09 4.4827E-09 4.5055E-09 4.5267E-09 4.5473E-09 4.5652E-09 4.5814E-09 4.5958E-09 4.6095E-09 4.6202E-09 4.6302E-09 4.6381E-09 4.6440E-09 4.6478E-09 4.6497E-09 4.6495E-09 4.6473E-09 4.6424E-09 4.6364E-09 4.6273E-09 4.6161E-09 4.6028E-09 4.5872E-09 4.5694E-09 4.5504E-09 4.5281E-09 4.5037E-09 4.4778E-09 4.4488E-09 4.4175E-09 4.3839E-09 4.3481E-09 4.3111E-09 4.2702E-09 4.2272E-09 4.1831E-09 4.1370E-09 4.0887E-09 4.0376E-09 3.9835E-09 3.9301E-09 3.8737E-09 3.8157E-09 3.7557E-09 3.6943E-09 3.6341E-09 3.5715E-09 3.5077E-09 3.4436E-09 3.3786E-09 3.3121E-09 3.2455E-09 3.1788E-09 3.1110E-09 3.0423E-09
4.4804E-09 4.5090E-09 4.5373E-09 4.5642E-09 4.5896E-09 4.6123E-09 4.6343E-09 4.6535E-09 4.6709E-09 4.6864E-09 4.7012E-09 4.7131E-09 4.7231E-09 4.7322E-09 4.7382E-09 4.7432E-09 4.7463E-09 4.7472E-09 4.7461E-09 4.7428E-09 4.7371E-09 4.7292E-09 4.7191E-09 4.7058E-09 4.6906E-09 4.6741E-09 4.6543E-09 4.6321E-09 4.6076E-09 4.5807E-09 4.5524E-09 4.5200E-09 4.4862E-09 4.4510E-09 4.4126E-09 4.3721E-09 4.3293E-09 4.2836E-09 4.2368E-09 4.1870E-09 4.1362E-09 4.0832E-09 4.0275E-09 3.9690E-09 3.9089E-09 3.8506E-09 3.7884E-09 3.7244E-09 3.6590E-09 3.5938E-09 3.5281E-09 3.4609E-09 3.3934E-09 3.3251E-09 3.2560E-09 3.1864E-09 3.1164E-09
4.5653E-09 4.5955E-09 4.6243E-09 4.6528E-09 4.6785E-09 4.7025E-09 4.7261E-09 4.7478E-09 4.7677E-09 4.7857E-09 4.8018E-09 4.8160E-09 4.8280E-09 4.8366E-09 4.8430E-09 4.8473E-09 4.8495E-09 4.8496E-09 4.8480E-09 4.8443E-09 4.8396E-09 4.8327E-09 4.8235E-09 4.8119E-09 4.7976E-09 4.7809E-09 4.7609E-09 4.7387E-09 4.7152E-09 4.6883E-09 4.6589E-09 4.6271E-09 4.5929E-09 4.5564E-09 4.5175E-09 4.4764E-09 4.4330E-09 4.3875E-09 4.3397E-09 4.2901E-09 4.2374E-09 4.1827E-09 4.1260E-09 4.0694E-09 4.0092E-09 3.9462E-09 3.8818E-09 3.8180E-09 3.7523E-09 3.6843E-09 3.6156E-09 3.5467E-09 3.4763E-09 3.4062E-09 3.3354E-09 3.2640E-09 3.1921E-09
4.6493E-09 4.6834E-09 4.7139E-09 4.7428E-09 4.7707E-09 4.7974E-09 4.8211E-09 4.8432E-09 4.8630E-09 4.8822E-09 4.8992E-09 4.9144E-09 4.9278E-09 4.9391E-09 4.9481E-09 4.9551E-09 4.9597E-09 4.9622E-09 4.9611E-09 4.9574E-09 4.9514E-09 4.9430E-09 4.9328E-09 4.9217E-09 4.9070E-09 4.8898E-09 4.8714E-09 4.8500E-09 4.8261E-09 4.7987E-09 4.7691E-09 4.7370E-09 4.7025E-09 4.6665E-09 4.6270E-09 4.5842E-09 4.5401E-09 4.4938E-09 4.4453E-09 4.3946E-09 4.3409E-09 4.2869E-09 4.2292E-09 4.1697E-09 4.1081E-09 4.0449E-09 3.9820E-09 3.9147E-09 3.8459E-09 3.7767E-09 3.7058E-09 3.6363E-09 3.5634E-09 3.4903E-09 3.4169E-09 3.3442E-09 3.2697E-09
4.7428E-09 4.7775E-09 4.8108E-09 4.8413E-09 4.8722E-09 4.8990E-09 4.9238E-09 4.9467E-09 4.9688E-09 4.9877E-09 5.0045E-09 5.0198E-09 5.0343E-09 5.0461E-09 5.0556E-09 5.0629E-09 5.0679E-09 5.0710E-09 5.0720E-09 5.0708E-09 5.0671E-09 5.0599E-09 5.0498E-09 5.0381E-09 5.0228E-09 5.0054E-09 4.9859E-09 4.9639E-09 4.9404E-09 4.9130E-09 4.8837E-09 4.8509E-09 4.8157E-09 4.7783E-09 4.7392E-09 4.6967E-09 4.6518E-09 4.6036E-09 4.5532E-09 4.5024E-09 4.4485E-09 4.3925E-09 4.3336E-09 4.2728E-09 4.2117E-09 4.1473E-09 4.0809E-09 4.0130E-09 3.9425E-09 3.8716E-09 3.8009E-09 3.7271E-09 3.6523E-09 3.5771E-09 3.5013E-09 3.4265E-09 3.3494E-09
4.8451E-09 4.8795E-09 4.9128E-09 4.9460E-09 4.9764E-09 5.0046E-09 5.0320E-09 5.0573E-09 5.0807E-09 5.1008E-09 5.1192E-09 5.1355E-09 5.1493E-09 5.1605E-09 5.1682E-09 5.1765E-09 5.1827E-09 5.1865E-09 5.1875E-09 5.1861E-09 5.1824E-09 5.1767E-09 5.1687E-09 5.1580E-09 5.1437E-09 5.1263E-09 5.1069E-09 5.0841E-09 5.0591E-09 5.0317E-09 5.0015E-09 4.9697E-09 4.9337E-09 4.8952E-09 4.8542E-09 4.8110E-09 4.7663E-09 4.7181E-09 4.6675E-09 4.6137E-09 4.5577E-09 4.5005E-09 4.4420E-09 4.3806E-09 4.3165E-09 4.2504E-09 4.1827E-09 4.1131E-09 4.0429E-09 3.9715E-09 3.8966E-09 3.8205E-09 3.7443E-09 3.6665E-09 3.5903E-09 3.5110E-09 3.4317E-09
4.9560E-09 4.9916E-09 5.0264E-09 5.0580E-09 5.0878E-09 5.1159E-09 5.1438E-09 5.1690E-09 5.1925E-09 5.2156E-09 5.2366E-09 5.2551E-09 5.2709E-09 5.2843E-09 5.2957E-09 5.3036E-09 5.3090E-09 5.3116E-09 5.3132E-09 5.3113E-09 5.3070E-09 5.3000E-09 5.2900E-09 5.2792E-09 5.2660E-09 5.2503E-09 5.2320E-09 5.2095E-09 5.1836E-09 5.1550E-09 5.1240E-09 5.0918E-09 5.0557E-09 5.0169E-09 4.9748E-09 4.9303E-09 4.8834E-09 4.8343E-09 4.7836E-09 4.7296E-09 4.6732E-09 4.6136E-09 4.5519E-09 4.4891E-09 4.4242E-09 4.3575E-09 4.2881E-09 4.2178E-09 4.1450E-09 4.0706E-09 3.9949E-09 3.9168E-09 3.8384E-09 3.7594E-09 3.6798E-09 3.5983E-09 3.5161E-09
5.0645E-09 5.1026E-09 5.1385E-09 5.1733E-09 5.2059E-09 5.2361E-09 5.2652E-09 5.2907E-09 5.3143E-09 5.3372E-09 5.3571E-09 5.3749E-09 5.3922E-09 5.4074E-09 5.4200E-09 5.4300E-09 5.4370E-09 5.4416E-09 5.4437E-09 5.4420E-09 5.4376E-09 5.4308E-09 5.4215E-09 5.4107E-09 5.3958E-09 5.3780E-09 5.3579E-09 5.3366E-09 5.3125E-09 5.2842E-09 5.2525E-09 5.2176E-09 5.1803E-09 5.1419E-09 5.0995E-09 5.0544E-09 5.0051E-09 4.9553E-09 4.9023E-09 4.8471E-09 4.7894E-09 4.7293E-09 4.6671E-09 4.6017E-09 4.5342E-09 4.4666E-09 4.3962E-09 4.3233E-09 4.2487E-09 4.1725E-09 4.0947E-09 4.0164E-09 3.9350E-09 3.8538E-09 3.7716E-09 3.6878E-09 3.6034E-09
5.1787E-09 5.2175E-09 5.2569E-09 5.2928E-09 5.3269E-09 5.3589E-09 5.3906E-09 5.4202E-09 5.4467E-09 5.4708E-09 5.4909E-09 5.5100E-09 5.5265E-09 5.5406E-09 5.5524E-09 5.5619E-09 5.5690E-09 5.5735E-09 5.5763E-09 5.5761E-09 5.5732E-09 5.5664E-09 5.5581E-09 5.5459E-09 5.5310E-09 5.5134E-09 5.4940E-09 5.4703E-09 5.4441E-09 5.4152E-09 5.3849E-09 5.3501E-09 5.3119E-09 5.2705E-09 5.2268E-09 5.1818E-09 5.1329E-09 5.0810E-09 5.0253E-09 4.9682E-09 4.9100E-09 4.8485E-09 4.7846E-09 4.7175E-09 4.6491E-09 4.5789E-09 4.5057E-09 4.4316E-09 4.3550E-09 4.2777E-09 4.1980E-09 4.1166E-09 4.0341E-09 3.9505E-09 3.8660E-09 3.7795E-09 3.6926E-09
5.2999E-09 5.3410E-09 5.3820E-09 5.4190E-09 5.4540E-09 5.4871E-09 5.5203E-09 5.5494E-09 5.5761E-09 5.6027E-09 5.6261E-09 5.6468E-09 5.6648E-09 5.6799E-09 5.6934E-09 5.7032E-09 5.7104E-09 5.7151E-09 5.7174E-09 5.7184E-09 5.7148E-09 5.7080E-09 5.6983E-09 5.6870E-09 5.6718E-09 5.6537E-09 5.6328E-09 5.6101E-09 5.5832E-09 5.5531E-09 5.5203E-09 5.4860E-09 5.4466E-09 5.4059E-09 5.3607E-09 5.3126E-09 5.2621E-09 5.2092E-09 5.1547E-09 5.0958E-09 5.0336E-09 4.9701E-09 4.9046E-09 4.8366E-09 4.7664E-09 4.6942E-09 4.6190E-09 4.5420E-09 4.4641E-09 4.3846E-09 4.3027E-09 4.2201E-09 4.1344E-09 4.0496E-09 3.9626E-09 3.8736E-09 3.7839E-09
5.4286E-09 5.4715E-09 5.5126E-09 5.5517E-09 5.5907E-09 5.6275E-09 5.6621E-09 5.6943E-09 5.7242E-09 5.7498E-09 5.7731E-09 5.7959E-09 5.8132E-09 5.8278E-09 5.8393E-09 5.8475E-09 5.8565E-09 5.8626E-09 5.8646E-09 5.8640E-09 5.8623E-09 5.8565E-09 5.8472E-09 5.8347E-09 5.8188E-09 5.8012E-09 5.7782E-09 5.7538E-09 5.7274E-09 5.6968E-09 5.6630E-09 5.6260E-09 5.5861E-09 5.5446E-09 5.4980E-09 5.4489E-09 5.3974E-09 5.3424E-09 5.2851E-09 5.2252E-09 5.1624E-09 5.0969E-09 5.0279E-09 4.9582E-09 4.8870E-09 4.8126E-09 4.7354E-09 4.6561E-09 4.5750E-09 4.4941E-09 4.4099E-09 4.3250E-09 4.2380E-09 4.1497E-09 4.0603E-09 3.9699E-09 3.8776E-09
5.5653E-09 5.6112E-09 5.6554E-09 5.6958E-09 5.7343E-09 5.7706E-09 5.8025E-09 5.8364E-09 5.8679E-09 5.8969E-09 5.9232E-09 5.9467E-09 5.9675E-09 5.9839E-09 5.9995E-09 6.0100E-09 6.0169E-09 6.0209E-09 6.0215E-09 6.0217E-09 6.0163E-09 6.0085E-09 5.9995E-09 5.9875E-09 5.9718E-09 5.9540E-09 5.9315E-09 5.9057E-09 5.8757E-09 5.8443E-09 5.8107E-09 5.7728E-09 5.7315E-09 5.6871E-09 5.6398E-09 5.5909E-09 5.5365E-09 5.4797E-09 5.4199E-09 5.3579E-09 5.2946E-09 5.2276E-09 5.1566E-09 5.0830E-09 5.0096E-09 4.9332E-09 4.8546E-09 4.7731E-09 4.6897E-09 4.6064E-09 4.5196E-09 4.4314E-09 4.3427E-09 4.2519E-09 4.1609E-09 4.0670E-09 3.9732E-09
5.7132E-09 5.7591E-09 5.8014E-09 5.8434E-09 5.8850E-09 5.9247E-09 5.9621E-09 5.9972E-09 6.0297E-09 6.0578E-09 6.0832E-09 6.1059E-09 6.1276E-09 6.1442E-09 6.1580E-09 6.1713E-09 6.1796E-09 6.1863E-09 6.1875E-09 6.1854E-09 6.1798E-09 6.1717E-09 6.1625E-09 6.1469E-09 6.1302E-09 6.1106E-09 6.0891E-09 6.0629E-09 6.0331E-09 5.9998E-09 5.9625E-09 5.9234E-09 5.8809E-09 5.8363E-09 5.7871E-09 5.7350E-09 5.6800E-09 5.6210E-09 5.5598E-09 5.4962E-09 5.4292E-09 5.3602E-09 5.2885E-09 5.2130E-09 5.1357E-09 5.0567E-09 4.9759E-09 4.8928E-09 4.8070E-09 4.7211E-09 4.6318E-09 4.5409E-09 4.4488E-09 4.3562E-09 4.2616E-09 4.1670E-09 4.0695E-09
