Assets/Resources/2015_m01_d19_1100(utc+0800)_l00_csi_1hr_conc.grd
DSAA
         159         159
     -79.000      79.000
     -79.000      79.000
  0.0000E+00  0.9855E-06
[rows 25 to 49 of 159, columns 57 to 113 of 159]
1.4945E-08 1.4643E-08 1.4261E-08 1.3813E-08 1.3319E-08 1.2795E-08 1.2260E-08 1.1731E-08 1.1225E-08 1.0753E-08 1.0326E-08 9.9520E-09 9.6357E-09 9.3704E-09 9.1470E-09 8.9310E-09 8.7969E-09 8.7348E-09 8.6979E-09 8.6752E-09 8.6542E-09 8.5883E-09 8.5330E-09 8.5471E-09 8.5574E-09 8.5548E-09 8.5452E-09 8.5263E-09 8.4949E-09 8.4482E-09 8.3880E-09 8.3126E-09 8.2245E-09 8.1220E-09 8.0072E-09 7.8815E-09 7.7453E-09 7.6019E-09 7.4509E-09 7.2963E-09 7.1381E-09 6.9775E-09 6.8147E-09 6.6507E-09 6.4859E-09 6.3204E-09 6.1543E-09 5.9880E-09 5.8219E-09 5.6561E-09 5.4907E-09 5.3260E-09 5.1623E-09 4.9993E-09 4.8375E-09 4.6775E-09 4.5185E-09
1.6663E-08 1.6289E-08 1.5818E-08 1.5270E-08 1.4666E-08 1.4024E-08 1.3367E-08 1.2719E-08 1.2095E-08 1.1508E-08 1.0977E-08 1.0510E-08 1.0106E-08 9.7700E-09 9.4922E-09 9.2343E-09 9.0324E-09 8.9190E-09 8.8524E-09 8.8088E-09 8.7788E-09 8.7308E-09 8.6370E-09 8.6209E-09 8.6230E-09 8.6179E-09 8.6061E-09 8.5834E-09 8.5520E-09 8.5057E-09 8.4449E-09 8.3705E-09 8.2815E-09 8.1801E-09 8.0649E-09 7.9401E-09 7.8039E-09 7.6608E-09 7.5114E-09 7.3574E-09 7.2010E-09 7.0413E-09 6.8796E-09 6.7163E-09 6.5519E-09 6.3867E-09 6.2208E-09 6.0543E-09 5.8880E-09 5.7217E-09 5.5556E-09 5.3900E-09 5.2253E-09 5.0611E-09 4.8979E-09 4.7364E-09 4.5758E-09
1.8521E-08 1.8070E-08 1.7505E-08 1.6848E-08 1.6121E-08 1.5351E-08 1.4564E-08 1.3780E-08 1.3023E-08 1.2314E-08 1.1668E-08 1.1096E-08 1.0597E-08 1.0177E-08 9.8314E-09 9.5374E-09 9.2608E-09 9.0904E-09 8.9913E-09 8.9240E-09 8.8753E-09 8.8346E-09 8.7510E-09 8.6689E-09 8.6657E-09 8.6571E-09 8.6405E-09 8.6171E-09 8.5838E-09 8.5387E-09 8.4781E-09 8.4044E-09 8.3155E-09 8.2143E-09 8.1005E-09 7.9753E-09 7.8412E-09 7.6988E-09 7.5516E-09 7.3998E-09 7.2451E-09 7.0872E-09 6.9270E-09 6.7650E-09 6.6016E-09 6.4373E-09 6.2721E-09 6.1061E-09 5.9399E-09 5.7737E-09 5.6074E-09 5.4414E-09 5.2760E-09 5.1111E-09 4.9470E-09 4.7845E-09 4.6227E-09
2.0513E-08 1.9980E-08 1.9313E-08 1.8539E-08 1.7681E-08 1.6771E-08 1.5838E-08 1.4909E-08 1.4008E-08 1.3164E-08 1.2395E-08 1.1705E-08 1.1107E-08 1.0593E-08 1.0171E-08 9.8218E-09 9.5043E-09 9.2436E-09 9.1154E-09 9.0196E-09 8.9504E-09 8.8975E-09 8.8274E-09 8.7271E-09 8.6839E-09 8.6694E-09 8.6507E-09 8.6257E-09 8.5910E-09 8.5462E-09 8.4866E-09 8.4126E-09 8.3256E-09 8.2245E-09 8.1128E-09 7.9888E-09 7.8565E-09 7.7164E-09 7.5713E-09 7.4226E-09 7.2701E-09 7.1146E-09 6.9565E-09 6.7963E-09 6.6345E-09 6.4716E-09 6.3077E-09 6.1427E-09 5.9772E-09 5.8115E-09 5.6456E-09 5.4796E-09 5.3141E-09 5.1489E-09 4.9844E-09 4.8212E-09 4.6588E-09
2.2622E-08 2.2000E-08 2.1226E-08 2.0325E-08 1.9328E-08 1.8269E-08 1.7179E-08 1.6092E-08 1.5041E-08 1.4052E-08 1.3148E-08 1.2334E-08 1.1622E-08 1.1017E-08 1.0506E-08 1.0087E-08 9.7221E-09 9.4426E-09 9.2182E-09 9.0949E-09 9.0033E-09 8.9339E-09 8.8654E-09 8.7685E-09 8.6812E-09 8.6568E-09 8.6355E-09 8.6073E-09 8.5728E-09 8.5282E-09 8.4702E-09 8.3969E-09 8.3112E-09 8.2118E-09 8.1009E-09 7.9797E-09 7.8493E-09 7.7127E-09 7.5708E-09 7.4254E-09 7.2759E-09 7.1232E-09 6.9677E-09 6.8100E-09 6.6503E-09 6.4894E-09 6.3272E-09 6.1637E-09 5.9994E-09 5.8348E-09 5.6697E-09 5.5042E-09 5.3391E-09 5.1741E-09 5.0096E-09 4.8462E-09 4.6836E-09
2.4813E-08 2.4100E-08 2.3214E-08 2.2181E-08 2.1039E-08 1.9823E-08 1.8569E-08 1.7317E-08 1.6107E-08 1.4967E-08 1.3915E-08 1.2974E-08 1.2143E-08 1.1433E-08 1.0836E-08 1.0340E-08 9.9236E-09 9.5953E-09 9.2988E-09 9.1482E-09 9.0323E-09 8.9450E-09 8.8696E-09 8.7758E-09 8.6719E-09 8.6182E-09 8.5944E-09 8.5647E-09 8.5296E-09 8.4854E-09 8.4278E-09 8.3566E-09 8.2715E-09 8.1753E-09 8.0660E-09 7.9480E-09 7.8210E-09 7.6878E-09 7.5502E-09 7.4081E-09 7.2623E-09 7.1130E-09 6.9606E-09 6.8058E-09 6.6489E-09 6.4903E-09 6.3304E-09 6.1689E-09 6.0063E-09 5.8432E-09 5.6794E-09 5.5149E-09 5.3506E-09 5.1862E-09 5.0222E-09 4.8591E-09 4.6967E-09
2.7070E-08 2.6263E-08 2.5259E-08 2.4090E-08 2.2795E-08 2.1413E-08 1.9989E-08 1.8570E-08 1.7189E-08 1.5889E-08 1.4689E-08 1.3607E-08 1.2659E-08 1.1839E-08 1.1151E-08 1.0576E-08 1.0108E-08 9.7240E-09 9.4022E-09 9.1758E-09 9.0362E-09 8.9306E-09 8.8450E-09 8.7478E-09 8.6426E-09 8.5578E-09 8.5269E-09 8.4969E-09 8.4604E-09 8.4176E-09 8.3610E-09 8.2921E-09 8.2089E-09 8.1148E-09 8.0088E-09 7.8934E-09 7.7711E-09 7.6421E-09 7.5091E-09 7.3711E-09 7.2294E-09 7.0839E-09 6.9351E-09 6.7838E-09 6.6300E-09 6.4744E-09 6.3172E-09 6.1582E-09 5.9978E-09 5.8366E-09 5.6745E-09 5.5115E-09 5.3484E-09 5.1851E-09 5.0220E-09 4.8597E-09 4.6980E-09
2.9363E-08 2.8454E-08 2.7323E-08 2.6013E-08 2.4562E-08 2.3012E-08 2.1415E-08 1.9818E-08 1.8268E-08 1.6802E-08 1.5450E-08 1.4228E-08 1.3152E-08 1.2226E-08 1.1443E-08 1.0786E-08 1.0258E-08 9.8138E-09 9.4631E-09 9.1972E-09 9.0139E-09 8.8901E-09 8.7920E-09 8.6897E-09 8.5824E-09 8.4824E-09 8.4345E-09 8.4037E-09 8.3672E-09 8.3248E-09 8.2703E-09 8.2025E-09 8.1230E-09 8.0309E-09 7.9291E-09 7.8179E-09 7.7002E-09 7.5764E-09 7.4480E-09 7.3146E-09 7.1773E-09 7.0361E-09 6.8915E-09 6.7440E-09 6.5938E-09 6.4416E-09 6.2875E-09 6.1314E-09 5.9736E-09 5.8148E-09 5.6548E-09 5.4938E-09 5.3324E-09 5.1706E-09 5.0089E-09 4.8478E-09 4.6872E-09
3.1655E-08 3.0640E-08 2.9383E-08 2.7922E-08 2.6310E-08 2.4588E-08 2.2815E-08 2.1041E-08 1.9318E-08 1.7687E-08 1.6175E-08 1.4817E-08 1.3616E-08 1.2579E-08 1.1703E-08 1.0971E-08 1.0374E-08 9.8920E-09 9.4947E-09 9.1937E-09 8.9642E-09 8.8227E-09 8.7113E-09 8.6021E-09 8.4905E-09 8.3876E-09 8.3185E-09 8.2849E-09 8.2505E-09 8.2080E-09 8.1563E-09 8.0907E-09 8.0145E-09 7.9256E-09 7.8274E-09 7.7216E-09 7.6088E-09 7.4908E-09 7.3672E-09 7.2391E-09 7.1066E-09 6.9701E-09 6.8299E-09 6.6867E-09 6.5405E-09 6.3920E-09 6.2415E-09 6.0887E-09 5.9340E-09 5.7780E-09 5.6206E-09 5.4618E-09 5.3025E-09 5.1427E-09 4.9828E-09 4.8234E-09 4.6644E-09
3.3903E-08 3.2781E-08 3.1388E-08 2.9777E-08 2.7996E-08 2.6104E-08 2.4155E-08 2.2205E-08 2.0310E-08 1.8515E-08 1.6855E-08 1.5353E-08 1.4035E-08 1.2889E-08 1.1923E-08 1.1115E-08 1.0457E-08 9.9199E-09 9.4788E-09 9.1602E-09 8.8861E-09 8.7275E-09 8.6033E-09 8.4858E-09 8.3699E-09 8.2660E-09 8.1826E-09 8.1425E-09 8.1091E-09 8.0689E-09 8.0190E-09 7.9571E-09 7.8831E-09 7.7993E-09 7.7054E-09 7.6052E-09 7.4982E-09 7.3859E-09 7.2678E-09 7.1451E-09 7.0178E-09 6.8862E-09 6.7509E-09 6.6122E-09 6.4704E-09 6.3261E-09 6.1796E-09 6.0304E-09 5.8791E-09 5.7262E-09 5.5717E-09 5.4157E-09 5.2590E-09 5.1015E-09 4.9439E-09 4.7865E-09 4.6295E-09
3.6067E-08 3.4843E-08 3.3327E-08 3.1554E-08 2.9597E-08 2.7521E-08 2.5399E-08 2.3278E-08 2.1218E-08 1.9263E-08 1.7458E-08 1.5828E-08 1.4387E-08 1.3143E-08 1.2095E-08 1.1211E-08 1.0499E-08 9.9097E-09 9.4292E-09 9.0804E-09 8.8000E-09 8.6043E-09 8.4682E-09 8.3424E-09 8.2227E-09 8.1195E-09 8.0270E-09 7.9785E-09 7.9444E-09 7.9085E-09 7.8608E-09 7.8029E-09 7.7323E-09 7.6528E-09 7.5647E-09 7.4697E-09 7.3692E-09 7.2626E-09 7.1504E-09 7.0333E-09 6.9114E-09 6.7851E-09 6.6550E-09 6.5212E-09 6.3840E-09 6.2442E-09 6.1019E-09 5.9567E-09 5.8092E-09 5.6599E-09 5.5086E-09 5.3557E-09 5.2018E-09 5.0472E-09 4.8921E-09 4.7374E-09 4.5828E-09
3.8135E-08 3.6796E-08 3.5140E-08 3.3209E-08 3.1076E-08 2.8810E-08 2.6518E-08 2.4232E-08 2.2011E-08 1.9908E-08 1.7966E-08 1.6216E-08 1.4669E-08 1.3329E-08 1.2204E-08 1.1259E-08 1.0489E-08 9.8593E-09 9.3579E-09 8.9678E-09 8.6834E-09 8.4536E-09 8.3066E-09 8.1735E-09 8.0498E-09 7.9466E-09 7.8517E-09 7.7941E-09 7.7604E-09 7.7276E-09 7.6834E-09 7.6280E-09 7.5627E-09 7.4876E-09 7.4058E-09 7.3169E-09 7.2227E-09 7.1221E-09 7.0159E-09 6.9047E-09 6.7884E-09 6.6676E-09 6.5428E-09 6.4142E-09 6.2820E-09 6.1469E-09 6.0091E-09 5.8682E-09 5.7247E-09 5.5792E-09 5.4315E-09 5.2821E-09 5.1315E-09 4.9800E-09 4.8280E-09 4.6762E-09 4.5246E-09
4.0041E-08 3.8585E-08 3.6787E-08 3.4708E-08 3.2405E-08 2.9961E-08 2.7471E-08 2.5031E-08 2.2662E-08 2.0423E-08 1.8360E-08 1.6498E-08 1.4859E-08 1.3442E-08 1.2245E-08 1.1243E-08 1.0431E-08 9.7637E-09 9.2343E-09 8.8226E-09 8.5209E-09 8.2764E-09 8.1207E-09 7.9806E-09 7.8543E-09 7.7498E-09 7.6563E-09 7.5911E-09 7.5590E-09 7.5279E-09 7.4880E-09 7.4360E-09 7.3757E-09 7.3063E-09 7.2299E-09 7.1479E-09 7.0596E-09 6.9654E-09 6.8653E-09 6.7601E-09 6.6496E-09 6.5345E-09 6.4153E-09 6.2920E-09 6.1649E-09 6.0348E-09 5.9017E-09 5.7653E-09 5.6262E-09 5.4848E-09 5.3411E-09 5.1954E-09 5.0484E-09 4.9004E-09 4.7518E-09 4.6034E-09 4.4551E-09
4.1758E-08 4.0190E-08 3.8250E-08 3.6022E-08 3.3572E-08 3.0965E-08 2.8287E-08 2.5645E-08 2.3144E-08 2.0783E-08 1.8614E-08 1.6665E-08 1.4947E-08 1.3461E-08 1.2213E-08 1.1161E-08 1.0320E-08 9.6215E-09 9.0725E-09 8.6447E-09 8.3297E-09 8.0919E-09 7.9113E-09 7.7656E-09 7.6370E-09 7.5321E-09 7.4418E-09 7.3727E-09 7.3411E-09 7.3124E-09 7.2753E-09 7.2285E-09 7.1724E-09 7.1095E-09 7.0392E-09 6.9636E-09 6.8816E-09 6.7937E-09 6.6998E-09 6.6007E-09 6.4961E-09 6.3868E-09 6.2733E-09 6.1554E-09 6.0337E-09 5.9087E-09 5.7805E-09 5.6489E-09 5.5143E-09 5.3772E-09 5.2378E-09 5.0962E-09 4.9531E-09 4.8090E-09 4.6642E-09 4.5196E-09 4.3749E-09
4.3266E-08 4.1585E-08 3.9506E-08 3.7117E-08 3.4498E-08 3.1728E-08 2.8898E-08 2.6072E-08 2.3436E-08 2.0974E-08 1.8716E-08 1.6694E-08 1.4923E-08 1.3388E-08 1.2094E-08 1.1017E-08 1.0148E-08 9.4329E-09 8.8712E-09 8.4331E-09 8.1105E-09 7.8655E-09 7.6798E-09 7.5293E-09 7.4015E-09 7.2951E-09 7.2071E-09 7.1390E-09 7.1074E-09 7.0822E-09 7.0485E-09 7.0066E-09 6.9562E-09 6.8988E-09 6.8353E-09 6.7656E-09 6.6900E-09 6.6082E-09 6.5206E-09 6.4276E-09 6.3289E-09 6.2256E-09 6.1178E-09 6.0055E-09 5.8892E-09 5.7695E-09 5.6464E-09 5.5196E-09 5.3898E-09 5.2574E-09 5.1223E-09 4.9851E-09 4.8463E-09 4.7063E-09 4.5657E-09 4.4252E-09 4.2847E-09
4.4543E-08 4.2750E-08 4.0528E-08 3.7977E-08 3.5193E-08 3.2274E-08 2.9307E-08 2.6353E-08 2.3533E-08 2.0973E-08 1.8656E-08 1.6585E-08 1.4776E-08 1.3211E-08 1.1893E-08 1.0801E-08 9.9197E-09 9.1968E-09 8.6319E-09 8.1895E-09 7.8647E-09 7.6162E-09 7.4267E-09 7.2754E-09 7.1471E-09 7.0430E-09 6.9568E-09 6.8900E-09 6.8609E-09 6.8390E-09 6.8097E-09 6.7721E-09 6.7278E-09 6.6761E-09 6.6190E-09 6.5554E-09 6.4861E-09 6.4105E-09 6.3291E-09 6.2421E-09 6.1494E-09 6.0519E-09 5.9499E-09 5.8432E-09 5.7325E-09 5.6181E-09 5.5001E-09 5.3785E-09 5.2536E-09 5.1260E-09 4.9956E-09 4.8629E-09 4.7287E-09 4.5932E-09 4.4571E-09 4.3210E-09 4.1835E-09
4.5588E-08 4.3676E-08 4.1315E-08 3.8608E-08 3.5662E-08 3.2594E-08 2.9499E-08 2.6452E-08 2.3531E-08 2.0817E-08 1.8420E-08 1.6329E-08 1.4505E-08 1.2929E-08 1.1614E-08 1.0516E-08 9.6381E-09 8.9169E-09 8.3426E-09 7.9172E-09 7.5941E-09 7.3463E-09 7.1564E-09 7.0038E-09 6.8776E-09 6.7759E-09 6.6935E-09 6.6292E-09 6.6042E-09 6.5848E-09 6.5604E-09 6.5279E-09 6.4890E-09 6.4436E-09 6.3922E-09 6.3347E-09 6.2713E-09 6.2018E-09 6.1265E-09 6.0455E-09 5.9587E-09 5.8671E-09 5.7707E-09 5.6698E-09 5.5645E-09 5.4556E-09 5.3428E-09 5.2263E-09 5.1067E-09 4.9839E-09 4.8584E-09 4.7306E-09 4.6011E-09 4.4705E-09 4.3391E-09 4.2078E-09 4.0752E-09
4.6451E-08 4.4419E-08 4.1915E-08 3.9047E-08 3.5936E-08 3.2705E-08 2.9466E-08 2.6300E-08 2.3301E-08 2.0484E-08 1.8042E-08 1.5928E-08 1.4113E-08 1.2547E-08 1.1248E-08 1.0166E-08 9.2901E-09 8.5822E-09 8.0343E-09 7.6201E-09 7.3020E-09 7.0579E-09 6.8703E-09 6.7183E-09 6.5949E-09 6.4978E-09 6.4196E-09 6.3589E-09 6.3381E-09 6.3228E-09 6.3024E-09 6.2754E-09 6.2417E-09 6.2022E-09 6.1565E-09 6.1049E-09 6.0473E-09 5.9836E-09 5.9143E-09 5.8392E-09 5.7582E-09 5.6724E-09 5.5817E-09 5.4863E-09 5.3866E-09 5.2830E-09 5.1756E-09 5.0644E-09 4.9499E-09 4.8323E-09 4.7117E-09 4.5890E-09 4.4646E-09 4.3389E-09 4.2127E-09 4.0850E-09 3.9575E-09
4.7142E-08 4.4999E-08 4.2348E-08 3.9319E-08 3.6035E-08 3.2637E-08 2.9250E-08 2.5988E-08 2.2937E-08 2.0086E-08 1.7539E-08 1.5397E-08 1.3602E-08 1.2075E-08 1.0805E-08 9.7575E-09 8.9077E-09 8.2242E-09 7.6972E-09 7.2991E-09 6.9909E-09 6.7542E-09 6.5700E-09 6.4221E-09 6.3032E-09 6.2097E-09 6.1361E-09 6.0814E-09 6.0652E-09 6.0543E-09 6.0382E-09 6.0163E-09 5.9879E-09 5.9538E-09 5.9136E-09 5.8675E-09 5.8154E-09 5.7575E-09 5.6939E-09 5.6244E-09 5.5492E-09 5.4690E-09 5.3839E-09 5.2940E-09 5.1998E-09 5.1016E-09 4.9995E-09 4.8937E-09 4.7844E-09 4.6721E-09 4.5567E-09 4.4392E-09 4.3201E-09 4.1996E-09 4.0787E-09 3.9564E-09 3.8343E-09
4.7736E-08 4.5489E-08 4.2698E-08 3.9501E-08 3.6040E-08 3.2472E-08 2.8936E-08 2.5554E-08 2.2416E-08 1.9568E-08 1.7028E-08 1.4825E-08 1.2994E-08 1.1517E-08 1.0294E-08 9.2906E-09 8.4809E-09 7.8330E-09 7.3355E-09 6.9577E-09 6.6633E-09 6.4373E-09 6.2575E-09 6.1157E-09 6.0037E-09 5.9157E-09 5.8462E-09 5.7991E-09 5.7878E-09 5.7811E-09 5.7697E-09 5.7522E-09 5.7291E-09 5.6999E-09 5.6650E-09 5.6241E-09 5.5773E-09 5.5248E-09 5.4668E-09 5.4027E-09 5.3331E-09 5.2584E-09 5.1786E-09 5.0943E-09 5.0055E-09 4.9127E-09 4.8159E-09 4.7154E-09 4.6115E-09 4.5043E-09 4.3944E-09 4.2824E-09 4.1686E-09 4.0537E-09 3.9369E-09 3.8201E-09 3.7035E-09
4.8259E-08 4.5930E-08 4.3013E-08 3.9655E-08 3.6020E-08 3.2270E-08 2.8573E-08 2.5053E-08 2.1820E-08 1.8929E-08 1.6392E-08 1.4163E-08 1.2343E-08 1.0891E-08 9.7309E-09 8.7788E-09 8.0186E-09 7.4129E-09 6.9533E-09 6.5984E-09 6.3216E-09 6.0911E-09 5.9345E-09 5.8013E-09 5.6978E-09 5.6173E-09 5.5534E-09 5.5139E-09 5.5080E-09 5.5052E-09 5.4983E-09 5.4852E-09 5.4667E-09 5.4423E-09 5.4121E-09 5.3761E-09 5.3344E-09 5.2871E-09 5.2343E-09 5.1755E-09 5.1113E-09 5.0418E-09 4.9673E-09 4.8883E-09 4.8049E-09 4.7173E-09 4.6259E-09 4.5308E-09 4.4322E-09 4.3304E-09 4.2259E-09 4.1195E-09 4.0113E-09 3.9020E-09 3.7910E-09 3.6798E-09 3.5675E-09
4.8752E-08 4.6382E-08 4.3367E-08 3.9863E-08 3.6050E-08 3.2118E-08 2.8242E-08 2.4577E-08 2.1233E-08 1.8276E-08 1.5738E-08 1.3585E-08 1.1683E-08 1.0228E-08 9.1211E-09 8.2225E-09 7.5149E-09 6.9589E-09 6.5403E-09 6.2111E-09 5.9545E-09 5.7547E-09 5.6057E-09 5.4827E-09 5.3891E-09 5.3157E-09 5.2600E-09 5.2280E-09 5.2273E-09 5.2289E-09 5.2255E-09 5.2168E-09 5.2024E-09 5.1824E-09 5.1566E-09 5.1252E-09 5.0882E-09 5.0459E-09 4.9980E-09 4.9442E-09 4.8851E-09 4.8207E-09 4.7513E-09 4.6775E-09 4.5993E-09 4.5170E-09 4.4308E-09 4.3410E-09 4.2478E-09 4.1515E-09 4.0526E-09 3.9517E-09 3.8493E-09 3.7444E-09 3.6391E-09 3.5322E-09 3.4255E-09
4.9239E-08 4.6887E-08 4.3813E-08 4.0192E-08 3.6216E-08 3.2099E-08 2.8032E-08 2.4193E-08 2.0711E-08 1.7664E-08 1.5071E-08 1.2908E-08 1.1129E-08 9.6329E-09 8.4966E-09 7.6621E-09 7.0070E-09 6.5091E-09 6.1305E-09 5.8304E-09 5.5968E-09 5.4121E-09 5.2733E-09 5.1615E-09 5.0774E-09 5.0133E-09 4.9650E-09 4.9430E-09 4.9475E-09 4.9533E-09 4.9533E-09 4.9483E-09 4.9376E-09 4.9216E-09 4.9000E-09 4.8728E-09 4.8402E-09 4.8025E-09 4.7591E-09 4.7102E-09 4.6559E-09 4.5963E-09 4.5320E-09 4.4632E-09 4.3900E-09 4.3129E-09 4.2319E-09 4.1474E-09 4.0595E-09 3.9686E-09 3.8755E-09 3.7803E-09 3.6822E-09 3.5833E-09 3.4839E-09 3.3843E-09 3.2834E-09
4.9705E-08 4.7437E-08 4.4375E-08 4.0681E-08 3.6572E-08 3.2274E-08 2.8014E-08 2.3985E-08 2.0338E-08 1.7167E-08 1.4479E-08 1.2278E-08 1.0507E-08 9.0469E-09 7.8918E-09 7.0819E-09 6.4844E-09 6.0557E-09 5.7156E-09 5.4464E-09 5.2352E-09 5.0659E-09 4.9393E-09 4.8414E-09 4.7671E-09 4.7133E-09 4.6743E-09 4.6618E-09 4.6712E-09 4.6796E-09 4.6830E-09 4.6811E-09 4.6739E-09 4.6614E-09 4.6435E-09 4.6202E-09 4.5918E-09 4.5582E-09 4.5192E-09 4.4748E-09 4.4250E-09 4.3701E-09 4.3105E-09 4.2466E-09 4.1784E-09 4.1063E-09 4.0304E-09 3.9512E-09 3.8686E-09 3.7833E-09 3.6958E-09 3.6049E-09 3.5142E-09 3.4212E-09 3.3262E-09 3.2309E-09 3.1359E-09
5.0102E-08 4.8013E-08 4.5045E-08 4.1351E-08 3.7162E-08 3.2713E-08 2.8262E-08 2.4023E-08 2.0182E-08 1.6834E-08 1.4018E-08 1.1741E-08 9.9374E-09 8.5292E-09 7.3985E-09 6.5291E-09 5.9880E-09 5.5902E-09 5.2881E-09 5.0495E-09 4.8599E-09 4.7218E-09 4.6090E-09 4.5249E-09 4.4618E-09 4.4163E-09 4.3862E-09 4.3850E-09 4.3988E-09 4.4096E-09 4.4157E-09 4.4165E-09 4.4124E-09 4.4031E-09 4.3885E-09 4.3688E-09 4.3442E-09 4.3145E-09 4.2795E-09 4.2392E-09 4.1937E-09 4.1433E-09 4.0882E-09 4.0290E-09 3.9657E-09 3.8984E-09 3.8276E-09 3.7535E-09 3.6763E-09 3.5965E-09 3.5147E-09 3.4296E-09 3.3434E-09 3.2547E-09 3.1655E-09 3.0762E-09 2.9882E-09
