Assets/Resources/2015_m01_d12_1200(utc+0800)_l00_csi_1hr_conc.grd
DSAA
         159         159
     -79.000      79.000
     -79.000      79.000
  0.0000E+00  0.1663E-05
[rows 50 to 74 of 159, columns 0 to 56 of 159]
7.2614E-09 7.5535E-09 7.7864E-09 7.9548E-09 8.0510E-09 8.0745E-09 8.0201E-09 7.8908E-09 7.6843E-09 7.4118E-09 7.0746E-09 6.6854E-09 6.2494E-09 5.7833E-09 5.2945E-09 4.7977E-09 4.3009E-09 3.8131E-09 3.3447E-09 2.9006E-09 2.4853E-09 2.1007E-09 1.7400E-09 1.4111E-09 1.1376E-09 9.0305E-10 7.0037E-10 5.2227E-10 3.7344E-10 2.6143E-10 1.8682E-10 1.2845E-10 8.4161E-11 5.0691E-11 2.9758E-11 1.5554E-11 5.9819E-12 3.3788E-13 0.0000E+00 0.0000E+00 0.0000E+00 0.0000E+00 0.0000E+00 0.0000E+00 0.0000E+00 0.0000E+00 0.0000E+00 0.0000E+00 0.0000E+00 0.0000E+00 0.0000E+00 0.0000E+00 0.0000E+00 0.0000E+00 0.0000E+00 0.0000E+00 0.0000E+00
7.8210E-09 8.1591E-09 8.4344E-09 8.6437E-09 8.7759E-09 8.8308E-09 8.7996E-09 8.6875E-09 8.4906E-09 8.2197E-09 7.8736E-09 7.4694E-09 7.0118E-09 6.5166E-09 5.9925E-09 5.4541E-09 4.9119E-09 4.3777E-09 3.8611E-09 3.3682E-09 2.9031E-09 2.4724E-09 2.0782E-09 1.7160E-09 1.3912E-09 1.1034E-09 8.7049E-10 6.6840E-10 4.9417E-10 3.4983E-10 2.3496E-10 1.6465E-10 1.0850E-10 6.6486E-11 3.7350E-11 1.6537E-11 6.4291E-12 5.4329E-13 0.0000E+00 0.0000E+00 0.0000E+00 0.0000E+00 0.0000E+00 0.0000E+00 0.0000E+00 0.0000E+00 0.0000E+00 0.0000E+00 0.0000E+00 0.0000E+00 0.0000E+00 0.0000E+00 0.0000E+00 0.0000E+00 0.0000E+00 0.0000E+00 0.0000E+00
8.3711E-09 8.7573E-09 9.0834E-09 9.3387E-09 9.5146E-09 9.6061E-09 9.6079E-09 9.5201E-09 9.3410E-09 9.0775E-09 8.7331E-09 8.3201E-09 7.8454E-09 7.3239E-09 6.7680E-09 6.1907E-09 5.6068E-09 5.0269E-09 4.4585E-09 3.9144E-09 3.4006E-09 2.9207E-09 2.4791E-09 2.0779E-09 1.7163E-09 1.3867E-09 1.0978E-09 8.6960E-10 6.6542E-10 4.9251E-10 3.4516E-10 2.3592E-10 1.6195E-10 1.0903E-10 6.4583E-11 3.1802E-11 9.6934E-12 8.8963E-13 0.0000E+00 0.0000E+00 0.0000E+00 0.0000E+00 0.0000E+00 0.0000E+00 0.0000E+00 0.0000E+00 0.0000E+00 0.0000E+00 0.0000E+00 0.0000E+00 0.0000E+00 0.0000E+00 0.0000E+00 0.0000E+00 0.0000E+00 0.0000E+00 0.0000E+00
8.8988E-09 9.3414E-09 9.7220E-09 1.0029E-08 1.0256E-08 1.0394E-08 1.0436E-08 1.0381E-08 1.0229E-08 9.9830E-09 9.6496E-09 9.2323E-09 8.7513E-09 8.2096E-09 7.6293E-09 7.0186E-09 6.3948E-09 5.7694E-09 5.1543E-09 4.5609E-09 3.9958E-09 3.4630E-09 2.9725E-09 2.5245E-09 2.1172E-09 1.7494E-09 1.4175E-09 1.1323E-09 9.0294E-10 7.0318E-10 5.2349E-10 3.7210E-10 2.6223E-10 1.8316E-10 1.2907E-10 8.4250E-11 4.4932E-11 1.4237E-11 1.2215E-13 0.0000E+00 0.0000E+00 0.0000E+00 0.0000E+00 0.0000E+00 0.0000E+00 0.0000E+00 0.0000E+00 0.0000E+00 0.0000E+00 0.0000E+00 0.0000E+00 0.0000E+00 0.0000E+00 0.0000E+00 0.0000E+00 0.0000E+00 0.0000E+00
9.3961E-09 9.8986E-09 1.0337E-08 1.0704E-08 1.0989E-08 1.1179E-08 1.1271E-08 1.1260E-08 1.1144E-08 1.0925E-08 1.0611E-08 1.0205E-08 9.7231E-09 9.1727E-09 8.5742E-09 7.9381E-09 7.2802E-09 6.6159E-09 5.9595E-09 5.3148E-09 4.7007E-09 4.1181E-09 3.5757E-09 3.0759E-09 2.6194E-09 2.2084E-09 1.8368E-09 1.5077E-09 1.2247E-09 9.9061E-10 7.8268E-10 6.0120E-10 4.4280E-10 3.2342E-10 2.3612E-10 1.7365E-10 1.2392E-10 7.7856E-11 3.9171E-11 1.0473E-11 1.5694E-12 0.0000E+00 0.0000E+00 0.0000E+00 0.0000E+00 0.0000E+00 0.0000E+00 0.0000E+00 0.0000E+00 0.0000E+00 0.0000E+00 0.0000E+00 0.0000E+00 0.0000E+00 0.0000E+00 0.0000E+00 0.0000E+00
9.8518E-09 1.0413E-08 1.0917E-08 1.1350E-08 1.1696E-08 1.1948E-08 1.2099E-08 1.2140E-08 1.2072E-08 1.1892E-08 1.1608E-08 1.1224E-08 1.0753E-08 1.0206E-08 9.6000E-09 8.9475E-09 8.2678E-09 7.5706E-09 6.8767E-09 6.1900E-09 5.5314E-09 4.9011E-09 4.3070E-09 3.7583E-09 3.2502E-09 2.7883E-09 2.3736E-09 2.0075E-09 1.6701E-09 1.3850E-09 1.1436E-09 9.2675E-10 7.3494E-10 5.6436E-10 4.2747E-10 3.2638E-10 2.5029E-10 1.9173E-10 1.3566E-10 8.2777E-11 3.7312E-11 1.9272E-11 8.0429E-12 3.2087E-12 1.2633E-12 0.0000E+00 0.0000E+00 0.0000E+00 0.0000E+00 0.0000E+00 0.0000E+00 0.0000E+00 0.0000E+00 0.0000E+00 0.0000E+00 0.0000E+00 0.0000E+00
1.0251E-08 1.0876E-08 1.1447E-08 1.1947E-08 1.2363E-08 1.2685E-08 1.2900E-08 1.3005E-08 1.2994E-08 1.2865E-08 1.2625E-08 1.2275E-08 1.1830E-08 1.1299E-08 1.0699E-08 1.0041E-08 9.3503E-09 8.6320E-09 7.9114E-09 7.1962E-09 6.4956E-09 5.8247E-09 5.1861E-09 4.5894E-09 4.0332E-09 3.5236E-09 3.0602E-09 2.6413E-09 2.2671E-09 1.9334E-09 1.6356E-09 1.3814E-09 1.1518E-09 9.4283E-10 7.4980E-10 5.9465E-10 4.6657E-10 3.7339E-10 2.9771E-10 2.2239E-10 1.5396E-10 9.1380E-11 6.3761E-11 4.2432E-11 2.8988E-11 2.1646E-11 1.4785E-11 3.1243E-12 0.0000E+00 0.0000E+00 0.0000E+00 0.0000E+00 0.0000E+00 0.0000E+00 0.0000E+00 0.0000E+00 0.0000E+00
1.0580E-08 1.1271E-08 1.1910E-08 1.2479E-08 1.2970E-08 1.3365E-08 1.3655E-08 1.3832E-08 1.3887E-08 1.3823E-08 1.3638E-08 1.3337E-08 1.2931E-08 1.2431E-08 1.1850E-08 1.1206E-08 1.0517E-08 9.7953E-09 9.0598E-09 8.3249E-09 7.5970E-09 6.8969E-09 6.2231E-09 5.5830E-09 4.9852E-09 4.4294E-09 3.9152E-09 3.4537E-09 3.0314E-09 2.6495E-09 2.3011E-09 1.9960E-09 1.7276E-09 1.4807E-09 1.2428E-09 1.0228E-09 8.3590E-10 6.8384E-10 5.5790E-10 4.5868E-10 3.6012E-10 2.6266E-10 1.8378E-10 1.3814E-10 1.0819E-10 8.1807E-11 6.9074E-11 5.1947E-11 3.0702E-11 8.1456E-12 2.0113E-12 0.0000E+00 0.0000E+00 0.0000E+00 0.0000E+00 0.0000E+00 0.0000E+00
1.0830E-08 1.1582E-08 1.2287E-08 1.2930E-08 1.3496E-08 1.3967E-08 1.4339E-08 1.4592E-08 1.4727E-08 1.4737E-08 1.4619E-08 1.4382E-08 1.4031E-08 1.3576E-08 1.3035E-08 1.2419E-08 1.1748E-08 1.1042E-08 1.0308E-08 9.5697E-09 8.8340E-09 8.1143E-09 7.4159E-09 6.7474E-09 6.1171E-09 5.5235E-09 4.9694E-09 4.4644E-09 3.9946E-09 3.5672E-09 3.1805E-09 2.8186E-09 2.4913E-09 2.2030E-09 1.9280E-09 1.6611E-09 1.4077E-09 1.1866E-09 9.9675E-10 8.3096E-10 6.9698E-10 5.7256E-10 4.5184E-10 3.4565E-10 2.7604E-10 2.2733E-10 1.8534E-10 1.5269E-10 1.2084E-10 8.2532E-11 3.7935E-11 5.7813E-12 0.0000E+00 0.0000E+00 0.0000E+00 0.0000E+00 0.0000E+00
1.0986E-08 1.1795E-08 1.2563E-08 1.3278E-08 1.3917E-08 1.4470E-08 1.4925E-08 1.5263E-08 1.5484E-08 1.5575E-08 1.5539E-08 1.5378E-08 1.5095E-08 1.4704E-08 1.4218E-08 1.3652E-08 1.3020E-08 1.2344E-08 1.1634E-08 1.0911E-08 1.0183E-08 9.4615E-09 8.7587E-09 8.0784E-09 7.4242E-09 6.8098E-09 6.2249E-09 5.6854E-09 5.1838E-09 4.7140E-09 4.2825E-09 3.8816E-09 3.5085E-09 3.1601E-09 2.8362E-09 2.5302E-09 2.2334E-09 1.9478E-09 1.6770E-09 1.4397E-09 1.2361E-09 1.0565E-09 8.9279E-10 7.4115E-10 6.0245E-10 5.0520E-10 4.2150E-10 3.5578E-10 2.9144E-10 2.3561E-10 1.7176E-10 9.7938E-11 2.6129E-11 1.8427E-12 0.0000E+00 0.0000E+00 0.0000E+00
1.1036E-08 1.1895E-08 1.2723E-08 1.3503E-08 1.4215E-08 1.4850E-08 1.5383E-08 1.5814E-08 1.6124E-08 1.6306E-08 1.6360E-08 1.6286E-08 1.6089E-08 1.5779E-08 1.5363E-08 1.4865E-08 1.4293E-08 1.3669E-08 1.3004E-08 1.2316E-08 1.1617E-08 1.0917E-08 1.0225E-08 9.5506E-09 8.8959E-09 8.2739E-09 7.6791E-09 7.1196E-09 6.5974E-09 6.0967E-09 5.6386E-09 5.2038E-09 4.7888E-09 4.3993E-09 4.0262E-09 3.6719E-09 3.3306E-09 3.0003E-09 2.6768E-09 2.3659E-09 2.0754E-09 1.8134E-09 1.5883E-09 1.3823E-09 1.1813E-09 1.0045E-09 8.6190E-10 7.4570E-10 6.2562E-10 5.1904E-10 4.1172E-10 3.1042E-10 1.9610E-10 8.1859E-11 8.8250E-12 0.0000E+00 0.0000E+00
1.0971E-08 1.1874E-08 1.2751E-08 1.3589E-08 1.4369E-08 1.5080E-08 1.5695E-08 1.6215E-08 1.6615E-08 1.6896E-08 1.7047E-08 1.7070E-08 1.6970E-08 1.6752E-08 1.6428E-08 1.6014E-08 1.5521E-08 1.4969E-08 1.4369E-08 1.3738E-08 1.3091E-08 1.2435E-08 1.1775E-08 1.1128E-08 1.0495E-08 9.8843E-09 9.3003E-09 8.7416E-09 8.2155E-09 7.7114E-09 7.2379E-09 6.7847E-09 6.3493E-09 5.9330E-09 5.5267E-09 5.1338E-09 4.7541E-09 4.3840E-09 4.0175E-09 3.6502E-09 3.3027E-09 2.9619E-09 2.6427E-09 2.3540E-09 2.0997E-09 1.8519E-09 1.6124E-09 1.4146E-09 1.2351E-09 1.0585E-09 8.7307E-10 6.9842E-10 5.2104E-10 3.5365E-10 1.8344E-10 5.8111E-11 0.0000E+00
1.0786E-08 1.1721E-08 1.2639E-08 1.3527E-08 1.4365E-08 1.5143E-08 1.5837E-08 1.6442E-08 1.6932E-08 1.7311E-08 1.7562E-08 1.7692E-08 1.7696E-08 1.7584E-08 1.7365E-08 1.7049E-08 1.6653E-08 1.6191E-08 1.5677E-08 1.5127E-08 1.4548E-08 1.3955E-08 1.3353E-08 1.2753E-08 1.2166E-08 1.1589E-08 1.1038E-08 1.0503E-08 9.9989E-09 9.5123E-09 9.0458E-09 8.6001E-09 8.1650E-09 7.7414E-09 7.3315E-09 6.9234E-09 6.5220E-09 6.1292E-09 5.7356E-09 5.3390E-09 4.9435E-09 4.5459E-09 4.1683E-09 3.7930E-09 3.4421E-09 3.1190E-09 2.8135E-09 2.5133E-09 2.2380E-09 1.9767E-09 1.7052E-09 1.4300E-09 1.1415E-09 8.6901E-10 5.9841E-10 3.6009E-10 1.5983E-10
1.0482E-08 1.1435E-08 1.2379E-08 1.3305E-08 1.4193E-08 1.5027E-08 1.5791E-08 1.6472E-08 1.7051E-08 1.7523E-08 1.7877E-08 1.8114E-08 1.8228E-08 1.8227E-08 1.8124E-08 1.7918E-08 1.7635E-08 1.7278E-08 1.6866E-08 1.6411E-08 1.5921E-08 1.5412E-08 1.4887E-08 1.4355E-08 1.3834E-08 1.3314E-08 1.2820E-08 1.2336E-08 1.1875E-08 1.1430E-08 1.1000E-08 1.0586E-08 1.0181E-08 9.7839E-09 9.3928E-09 8.9998E-09 8.6119E-09 8.2268E-09 7.8328E-09 7.4270E-09 7.0212E-09 6.5978E-09 6.1722E-09 5.7452E-09 5.3280E-09 4.9187E-09 4.5466E-09 4.1755E-09 3.8087E-09 3.4484E-09 3.0838E-09 2.6861E-09 2.2617E-09 1.8439E-09 1.4138E-09 1.0181E-09 6.5354E-10
1.0060E-08 1.1017E-08 1.1976E-08 1.2924E-08 1.3847E-08 1.4727E-08 1.5548E-08 1.6294E-08 1.6954E-08 1.7512E-08 1.7963E-08 1.8305E-08 1.8530E-08 1.8646E-08 1.8658E-08 1.8573E-08 1.8409E-08 1.8167E-08 1.7870E-08 1.7524E-08 1.7140E-08 1.6727E-08 1.6294E-08 1.5851E-08 1.5412E-08 1.4975E-08 1.4550E-08 1.4141E-08 1.3748E-08 1.3369E-08 1.3004E-08 1.2648E-08 1.2304E-08 1.1957E-08 1.1620E-08 1.1281E-08 1.0937E-08 1.0594E-08 1.0242E-08 9.8722E-09 9.4896E-09 9.0767E-09 8.6494E-09 8.2014E-09 7.7471E-09 7.3027E-09 6.8760E-09 6.4526E-09 6.0557E-09 5.6192E-09 5.1646E-09 4.6877E-09 4.1422E-09 3.5431E-09 2.9127E-09 2.3000E-09 1.7006E-09
9.5312E-09 1.0479E-08 1.1437E-08 1.2394E-08 1.3335E-08 1.4246E-08 1.5108E-08 1.5907E-08 1.6632E-08 1.7267E-08 1.7807E-08 1.8243E-08 1.8574E-08 1.8802E-08 1.8931E-08 1.8966E-08 1.8923E-08 1.8804E-08 1.8629E-08 1.8397E-08 1.8128E-08 1.7821E-08 1.7495E-08 1.7154E-08 1.6808E-08 1.6465E-08 1.6128E-08 1.5811E-08 1.5507E-08 1.5213E-08 1.4935E-08 1.4664E-08 1.4404E-08 1.4140E-08 1.3885E-08 1.3630E-08 1.3365E-08 1.3103E-08 1.2831E-08 1.2538E-08 1.2226E-08 1.1877E-08 1.1496E-08 1.1081E-08 1.0645E-08 1.0206E-08 9.7718E-09 9.3524E-09 8.9565E-09 8.5374E-09 8.0825E-09 7.5437E-09 6.9388E-09 6.2454E-09 5.4600E-09 4.5806E-09 3.6929E-09
8.9130E-09 9.8358E-09 1.0778E-08 1.1728E-08 1.2670E-08 1.3593E-08 1.4480E-08 1.5316E-08 1.6088E-08 1.6784E-08 1.7398E-08 1.7918E-08 1.8344E-08 1.8674E-08 1.8913E-08 1.9066E-08 1.9140E-08 1.9142E-08 1.9086E-08 1.8974E-08 1.8820E-08 1.8626E-08 1.8409E-08 1.8173E-08 1.7930E-08 1.7687E-08 1.7453E-08 1.7231E-08 1.7027E-08 1.6835E-08 1.6661E-08 1.6491E-08 1.6336E-08 1.6175E-08 1.6025E-08 1.5877E-08 1.5720E-08 1.5567E-08 1.5407E-08 1.5225E-08 1.5029E-08 1.4793E-08 1.4510E-08 1.4195E-08 1.3840E-08 1.3471E-08 1.3102E-08 1.2750E-08 1.2407E-08 1.2071E-08 1.1710E-08 1.1273E-08 1.0724E-08 1.0032E-08 9.2057E-09 8.2159E-09 7.1085E-09
8.2231E-09 9.1090E-09 1.0018E-08 1.0945E-08 1.1870E-08 1.2790E-08 1.3679E-08 1.4534E-08 1.5335E-08 1.6075E-08 1.6741E-08 1.7331E-08 1.7836E-08 1.8256E-08 1.8592E-08 1.8850E-08 1.9035E-08 1.9151E-08 1.9206E-08 1.9209E-08 1.9165E-08 1.9082E-08 1.8969E-08 1.8838E-08 1.8697E-08 1.8553E-08 1.8419E-08 1.8299E-08 1.8197E-08 1.8113E-08 1.8044E-08 1.7986E-08 1.7943E-08 1.7899E-08 1.7865E-08 1.7834E-08 1.7800E-08 1.7771E-08 1.7742E-08 1.7698E-08 1.7642E-08 1.7552E-08 1.7421E-08 1.7253E-08 1.7043E-08 1.6816E-08 1.6583E-08 1.6363E-08 1.6161E-08 1.5979E-08 1.5784E-08 1.5549E-08 1.5220E-08 1.4737E-08 1.4095E-08 1.3203E-08 1.2101E-08
7.4854E-09 8.3207E-09 9.1840E-09 1.0071E-08 1.0964E-08 1.1861E-08 1.2735E-08 1.3588E-08 1.4398E-08 1.5161E-08 1.5862E-08 1.6500E-08 1.7064E-08 1.7556E-08 1.7974E-08 1.8321E-08 1.8601E-08 1.8816E-08 1.8972E-08 1.9075E-08 1.9131E-08 1.9149E-08 1.9133E-08 1.9097E-08 1.9048E-08 1.8995E-08 1.8954E-08 1.8928E-08 1.8922E-08 1.8937E-08 1.8971E-08 1.9020E-08 1.9087E-08 1.9157E-08 1.9237E-08 1.9323E-08 1.9411E-08 1.9504E-08 1.9607E-08 1.9704E-08 1.9794E-08 1.9870E-08 1.9906E-08 1.9920E-08 1.9900E-08 1.9870E-08 1.9832E-08 1.9804E-08 1.9807E-08 1.9831E-08 1.9875E-08 1.9914E-08 1.9900E-08 1.9786E-08 1.9534E-08 1.9067E-08 1.8348E-08
6.7235E-09 7.4973E-09 8.3037E-09 9.1361E-09 9.9825E-09 1.0837E-08 1.1682E-08 1.2511E-08 1.3311E-08 1.4075E-08 1.4790E-08 1.5454E-08 1.6057E-08 1.6599E-08 1.7078E-08 1.7493E-08 1.7847E-08 1.8145E-08 1.8382E-08 1.8572E-08 1.8710E-08 1.8813E-08 1.8880E-08 1.8922E-08 1.8952E-08 1.8978E-08 1.9014E-08 1.9066E-08 1.9141E-08 1.9240E-08 1.9363E-08 1.9503E-08 1.9665E-08 1.9835E-08 2.0014E-08 2.0201E-08 2.0393E-08 2.0593E-08 2.0811E-08 2.1027E-08 2.1252E-08 2.1475E-08 2.1677E-08 2.1877E-08 2.2057E-08 2.2235E-08 2.2425E-08 2.2623E-08 2.2854E-08 2.3120E-08 2.3418E-08 2.3747E-08 2.4088E-08 2.4393E-08 2.4640E-08 2.4760E-08 2.4689E-08
5.9581E-09 6.6642E-09 7.4026E-09 8.1713E-09 8.9570E-09 9.7557E-09 1.0554E-08 1.1343E-08 1.2114E-08 1.2858E-08 1.3568E-08 1.4235E-08 1.4855E-08 1.5423E-08 1.5940E-08 1.6403E-08 1.6808E-08 1.7164E-08 1.7463E-08 1.7719E-08 1.7921E-08 1.8089E-08 1.8217E-08 1.8322E-08 1.8410E-08 1.8496E-08 1.8588E-08 1.8699E-08 1.8834E-08 1.8994E-08 1.9184E-08 1.9392E-08 1.9623E-08 1.9868E-08 2.0121E-08 2.0382E-08 2.0649E-08 2.0928E-08 2.1226E-08 2.1528E-08 2.1849E-08 2.2185E-08 2.2515E-08 2.2870E-08 2.3223E-08 2.3594E-08 2.3990E-08 2.4402E-08 2.4854E-08 2.5347E-08 2.5872E-08 2.6457E-08 2.7101E-08 2.7770E-08 2.8476E-08 2.9159E-08 2.9778E-08
5.2110E-09 5.8436E-09 6.5090E-09 7.2047E-09 7.9209E-09 8.6528E-09 9.3894E-09 1.0125E-08 1.0851E-08 1.1558E-08 1.2241E-08 1.2891E-08 1.3507E-08 1.4080E-08 1.4610E-08 1.5096E-08 1.5531E-08 1.5923E-08 1.6262E-08 1.6558E-08 1.6805E-08 1.7013E-08 1.7184E-08 1.7329E-08 1.7457E-08 1.7580E-08 1.7707E-08 1.7856E-08 1.8025E-08 1.8220E-08 1.8449E-08 1.8695E-08 1.8968E-08 1.9254E-08 1.9547E-08 1.9849E-08 2.0156E-08 2.0474E-08 2.0810E-08 2.1156E-08 2.1526E-08 2.1920E-08 2.2331E-08 2.2776E-08 2.3244E-08 2.3751E-08 2.4297E-08 2.4877E-08 2.5488E-08 2.6147E-08 2.6841E-08 2.7617E-08 2.8452E-08 2.9367E-08 3.0357E-08 3.1420E-08 3.2557E-08
4.4973E-09 5.0545E-09 5.6439E-09 6.2618E-09 6.9029E-09 7.5604E-09 8.2276E-09 8.8974E-09 9.5649E-09 1.0220E-08 1.0860E-08 1.1477E-08 1.2067E-08 1.2625E-08 1.3147E-08 1.3634E-08 1.4076E-08 1.4479E-08 1.4836E-08 1.5150E-08 1.5418E-08 1.5649E-08 1.5840E-08 1.6006E-08 1.6152E-08 1.6292E-08 1.6438E-08 1.6596E-08 1.6778E-08 1.6984E-08 1.7223E-08 1.7477E-08 1.7758E-08 1.8052E-08 1.8350E-08 1.8660E-08 1.8970E-08 1.9287E-08 1.9621E-08 1.9964E-08 2.0333E-08 2.0732E-08 2.1155E-08 2.1624E-08 2.2137E-08 2.2694E-08 2.3302E-08 2.3960E-08 2.4654E-08 2.5399E-08 2.6180E-08 2.7033E-08 2.7947E-08 2.8962E-08 3.0070E-08 3.1288E-08 3.2643E-08
3.8294E-09 4.3137E-09 4.8259E-09 5.3662E-09 5.9277E-09 6.5075E-09 7.0987E-09 7.6955E-09 8.2953E-09 8.8884E-09 9.4716E-09 1.0041E-08 1.0589E-08 1.1114E-08 1.1610E-08 1.2077E-08 1.2507E-08 1.2901E-08 1.3254E-08 1.3566E-08 1.3835E-08 1.4069E-08 1.4264E-08 1.4433E-08 1.4583E-08 1.4722E-08 1.4865E-08 1.5018E-08 1.5190E-08 1.5383E-08 1.5607E-08 1.5840E-08 1.6104E-08 1.6374E-08 1.6645E-08 1.6928E-08 1.7211E-08 1.7493E-08 1.7790E-08 1.8092E-08 1.8421E-08 1.8770E-08 1.9150E-08 1.9577E-08 2.0053E-08 2.0580E-08 2.1170E-08 2.1797E-08 2.2475E-08 2.3206E-08 2.3979E-08 2.4814E-08 2.5714E-08 2.6702E-08 2.7782E-08 2.8975E-08 3.0312E-08
3.2188E-09 3.6307E-09 4.0684E-09 4.5318E-09 5.0150E-09 5.5167E-09 6.0292E-09 6.5502E-09 7.0763E-09 7.6012E-09 8.1189E-09 8.6295E-09 9.1243E-09 9.6018E-09 1.0059E-08 1.0487E-08 1.0889E-08 1.1257E-08 1.1588E-08 1.1884E-08 1.2137E-08 1.2360E-08 1.2545E-08 1.2703E-08 1.2844E-08 1.2968E-08 1.3096E-08 1.3229E-08 1.3377E-08 1.3538E-08 1.3728E-08 1.3923E-08 1.4141E-08 1.4366E-08 1.4589E-08 1.4817E-08 1.5049E-08 1.5273E-08 1.5505E-08 1.5741E-08 1.5994E-08 1.6264E-08 1.6559E-08 1.6893E-08 1.7283E-08 1.7709E-08 1.8194E-08 1.8718E-08 1.9298E-08 1.9914E-08 2.0581E-08 2.1300E-08 2.2089E-08 2.2967E-08 2.3927E-08 2.4966E-08 2.6124E-08
