Assets/Resources/2015_m01_d08_0600(utc+0800)_l00_csi_1hr_conc.grd
DSAA
         159         159
     -79.000      79.000
     -79.000      79.000
  0.0000E+00  0.2265E-04
[rows 75 to 99 of 159, columns 57 to 113 of 159]
5.3590E-09 5.5636E-09 5.7738E-09 5.9898E-09 6.2116E-09 6.6631E-09 7.2319E-09 7.9580E-09 8.9109E-09 1.0191E-08 1.2046E-08 1.4787E-08 1.9233E-08 2.3859E-08 2.9785E-08 3.7569E-08 4.8045E-08 6.1630E-08 7.8842E-08 1.0031E-07 1.2779E-07 2.9062E-07 4.5112E-07 5.4586E-07 9.3982E-07 1.4271E-05 8.1629E-07 6.6521E-07 6.6477E-07 6.5937E-07 6.5155E-07 6.4301E-07 6.3473E-07 6.2696E-07 6.1977E-07 6.1262E-07 6.0508E-07 5.9670E-07 5.8720E-07 5.7645E-07 5.6365E-07 5.4775E-07 5.3097E-07 5.1059E-07 4.8827E-07 4.6313E-07 4.3664E-07 4.1100E-07 3.8395E-07 3.5818E-07 3.3147E-07 3.0561E-07 2.7851E-07 2.5242E-07 2.2736E-07 2.0396E-07 1.8210E-07
5.2254E-09 5.4254E-09 5.6307E-09 5.8415E-09 6.0579E-09 6.4721E-09 7.0379E-09 7.7563E-09 8.7011E-09 9.9720E-09 1.1861E-08 1.4944E-08 1.9090E-08 2.3727E-08 2.9769E-08 3.6887E-08 4.7713E-08 6.1102E-08 7.7949E-08 9.8832E-08 1.2386E-07 1.5296E-07 2.3801E-07 4.7087E-07 2.2652E-05 2.8623E-06 6.7803E-07 6.8663E-07 6.8444E-07 6.7734E-07 6.6852E-07 6.5921E-07 6.5047E-07 6.4269E-07 6.3553E-07 6.2828E-07 6.2073E-07 6.1233E-07 6.0283E-07 5.9169E-07 5.7868E-07 5.6212E-07 5.4458E-07 5.2320E-07 4.9912E-07 4.7431E-07 4.4721E-07 4.2074E-07 3.9310E-07 3.6568E-07 3.3794E-07 3.0992E-07 2.8176E-07 2.5467E-07 2.2928E-07 2.0527E-07 1.8301E-07
5.0897E-09 5.2849E-09 5.4854E-09 5.6911E-09 5.9024E-09 6.2696E-09 6.8293E-09 7.5319E-09 8.4558E-09 9.6954E-09 1.1572E-08 1.4918E-08 1.8781E-08 2.3350E-08 2.9096E-08 3.5875E-08 4.6810E-08 5.9845E-08 7.6149E-08 9.6237E-08 1.2026E-07 1.4804E-07 1.7984E-07 1.8526E-06 6.9326E-07 5.9341E-07 6.6115E-07 6.8376E-07 6.8677E-07 6.8071E-07 6.7119E-07 6.6234E-07 6.5423E-07 6.4744E-07 6.4094E-07 6.3440E-07 6.2742E-07 6.1964E-07 6.1047E-07 5.9961E-07 5.8640E-07 5.6973E-07 5.5161E-07 5.2967E-07 5.0534E-07 4.8027E-07 4.5272E-07 4.2556E-07 3.9734E-07 3.6911E-07 3.3976E-07 3.1018E-07 2.8205E-07 2.5457E-07 2.2879E-07 2.0455E-07 1.8204E-07
4.9523E-09 5.1425E-09 5.3378E-09 5.5385E-09 5.7446E-09 6.0593E-09 6.6034E-09 7.2853E-09 8.1792E-09 9.3697E-09 1.1190E-08 1.4720E-08 1.8310E-08 2.2739E-08 2.7732E-08 3.5023E-08 4.4952E-08 5.7920E-08 7.3524E-08 9.2682E-08 1.1557E-07 1.4190E-07 1.7199E-07 2.0559E-07 2.4171E-07 3.2104E-07 5.4651E-07 6.3572E-07 6.6153E-07 6.6431E-07 6.5911E-07 6.5173E-07 6.4537E-07 6.4040E-07 6.3563E-07 6.3053E-07 6.2490E-07 6.1816E-07 6.0981E-07 5.9952E-07 5.8671E-07 5.7007E-07 5.5090E-07 5.2980E-07 5.0565E-07 4.7999E-07 4.5315E-07 4.2563E-07 3.9675E-07 3.6762E-07 3.3726E-07 3.0749E-07 2.7927E-07 2.5169E-07 2.2595E-07 2.0170E-07 1.7922E-07
4.8132E-09 4.9984E-09 5.1886E-09 5.3840E-09 5.5845E-09 5.8480E-09 6.3571E-09 7.0126E-09 7.8677E-09 8.9955E-09 1.0725E-08 1.4182E-08 1.7529E-08 2.1923E-08 2.6534E-08 3.3764E-08 4.2759E-08 5.5392E-08 7.0205E-08 8.8319E-08 1.1000E-07 1.3480E-07 1.6312E-07 1.9472E-07 2.2863E-07 2.6439E-07 3.0137E-07 4.5175E-07 5.8254E-07 6.1995E-07 6.2751E-07 6.2680E-07 6.2443E-07 6.2199E-07 6.1982E-07 6.1702E-07 6.1329E-07 6.0803E-07 6.0093E-07 5.9147E-07 5.7814E-07 5.6321E-07 5.4437E-07 5.2298E-07 4.9985E-07 4.7472E-07 4.4771E-07 4.2007E-07 3.9113E-07 3.6068E-07 3.3092E-07 3.0150E-07 2.7307E-07 2.4620E-07 2.2069E-07 1.9679E-07 1.7466E-07
4.6729E-09 4.8529E-09 5.0379E-09 5.2278E-09 5.4229E-09 5.6456E-09 6.0985E-09 6.7188E-09 7.5263E-09 8.5773E-09 1.0457E-08 1.3540E-08 1.6741E-08 2.0911E-08 2.5254E-08 3.2134E-08 4.0737E-08 5.2032E-08 6.6300E-08 8.3286E-08 1.0370E-07 1.2691E-07 1.5344E-07 1.8293E-07 2.1478E-07 2.4869E-07 2.8388E-07 3.1956E-07 3.7322E-07 5.1490E-07 5.6924E-07 5.8559E-07 5.9111E-07 5.9373E-07 5.9479E-07 5.9468E-07 5.9317E-07 5.8987E-07 5.8418E-07 5.7586E-07 5.6357E-07 5.4928E-07 5.3133E-07 5.1058E-07 4.8775E-07 4.6342E-07 4.3672E-07 4.0896E-07 3.8001E-07 3.5012E-07 3.2071E-07 2.9213E-07 2.6437E-07 2.3813E-07 2.1318E-07 1.9001E-07 1.6843E-07
4.5316E-09 4.7064E-09 4.8860E-09 5.0704E-09 5.2598E-09 5.4573E-09 5.8352E-09 6.4033E-09 7.1581E-09 8.1346E-09 1.0176E-08 1.2814E-08 1.5848E-08 1.9405E-08 2.3768E-08 3.0211E-08 3.8304E-08 4.8402E-08 6.1570E-08 7.7707E-08 9.6778E-08 1.1839E-07 1.4309E-07 1.7041E-07 2.0028E-07 2.3222E-07 2.6562E-07 2.9972E-07 3.3374E-07 3.6691E-07 4.4565E-07 5.1961E-07 5.4494E-07 5.5578E-07 5.6176E-07 5.6493E-07 5.6581E-07 5.6444E-07 5.6036E-07 5.5318E-07 5.4220E-07 5.2839E-07 5.1168E-07 4.9159E-07 4.7023E-07 4.4594E-07 4.2068E-07 3.9293E-07 3.6425E-07 3.3582E-07 3.0736E-07 2.7960E-07 2.5306E-07 2.2767E-07 2.0376E-07 1.8141E-07 1.6074E-07
4.3899E-09 4.5593E-09 4.7333E-09 4.9121E-09 5.0957E-09 5.2843E-09 5.5856E-09 6.0824E-09 6.7700E-09 7.6709E-09 9.7037E-09 1.1998E-08 1.4881E-08 1.7761E-08 2.2119E-08 2.8081E-08 3.5560E-08 4.4898E-08 5.6627E-08 7.1370E-08 8.9343E-08 1.0936E-07 1.3206E-07 1.5738E-07 1.8518E-07 2.1505E-07 2.4642E-07 2.7866E-07 3.1114E-07 3.4312E-07 3.7427E-07 4.0834E-07 4.7545E-07 5.0756E-07 5.2161E-07 5.2881E-07 5.3249E-07 5.3299E-07 5.3026E-07 5.2371E-07 5.1349E-07 5.0150E-07 4.8639E-07 4.6813E-07 4.4748E-07 4.2428E-07 3.9952E-07 3.7262E-07 3.4523E-07 3.1791E-07 2.9106E-07 2.6474E-07 2.3938E-07 2.1530E-07 1.9256E-07 1.7132E-07 1.5179E-07
4.2479E-09 4.4118E-09 4.5803E-09 4.7533E-09 4.9310E-09 5.1135E-09 5.3540E-09 5.7629E-09 6.3693E-09 7.1908E-09 9.0441E-09 1.1104E-08 1.3874E-08 1.6110E-08 2.0259E-08 2.5795E-08 3.2616E-08 4.1129E-08 5.1866E-08 6.4921E-08 8.1238E-08 9.9534E-08 1.2067E-07 1.4396E-07 1.6959E-07 1.9723E-07 2.2641E-07 2.5663E-07 2.8726E-07 3.1780E-07 3.4758E-07 3.7580E-07 4.0187E-07 4.3802E-07 4.7273E-07 4.8727E-07 4.9360E-07 4.9552E-07 4.9261E-07 4.8875E-07 4.8159E-07 4.7108E-07 4.5695E-07 4.3974E-07 4.2014E-07 3.9815E-07 3.7392E-07 3.4863E-07 3.2316E-07 2.9732E-07 2.7220E-07 2.4763E-07 2.2386E-07 2.0127E-07 1.7991E-07 1.6007E-07 1.4177E-07
4.1055E-09 4.2645E-09 4.4272E-09 4.5944E-09 4.7662E-09 4.9425E-09 5.1431E-09 5.4663E-09 5.9664E-09 6.8055E-09 8.3924E-09 1.0125E-08 1.2846E-08 1.4757E-08 1.8483E-08 2.3339E-08 2.9571E-08 3.7241E-08 4.6898E-08 5.8734E-08 7.3099E-08 8.9674E-08 1.0879E-07 1.2988E-07 1.5368E-07 1.7901E-07 2.0589E-07 2.3387E-07 2.6241E-07 2.9108E-07 3.1908E-07 3.4578E-07 3.7056E-07 3.9219E-07 4.1126E-07 4.3673E-07 4.4885E-07 4.5432E-07 4.5509E-07 4.5221E-07 4.4600E-07 4.3643E-07 4.2346E-07 4.0735E-07 3.8886E-07 3.6834E-07 3.4585E-07 3.2197E-07 2.9839E-07 2.7487E-07 2.5157E-07 2.2888E-07 2.0694E-07 1.8596E-07 1.6630E-07 1.4792E-07 1.3100E-07
3.9608E-09 4.1175E-09 4.2746E-09 4.4359E-09 4.6015E-09 4.7717E-09 4.9550E-09 5.2121E-09 5.5970E-09 6.5603E-09 7.7482E-09 9.1510E-09 1.1707E-08 1.3413E-08 1.6715E-08 2.1017E-08 2.6435E-08 3.3354E-08 4.1893E-08 5.2461E-08 6.5254E-08 8.0272E-08 9.7115E-08 1.1603E-07 1.3701E-07 1.6034E-07 1.8476E-07 2.1029E-07 2.3656E-07 2.6297E-07 2.8894E-07 3.1333E-07 3.3656E-07 3.5741E-07 3.7499E-07 3.8880E-07 4.0136E-07 4.1163E-07 4.1431E-07 4.1258E-07 4.0727E-07 3.9879E-07 3.8685E-07 3.7231E-07 3.5485E-07 3.3542E-07 3.1523E-07 2.9408E-07 2.7244E-07 2.5095E-07 2.2971E-07 2.0901E-07 1.8902E-07 1.6988E-07 1.5196E-07 1.3518E-07 1.1975E-07
3.8134E-09 3.9713E-09 4.1226E-09 4.2780E-09 4.4376E-09 4.6014E-09 4.7713E-09 4.9851E-09 5.2774E-09 6.3856E-09 7.1424E-09 8.2451E-09 1.0093E-08 1.2098E-08 1.4990E-08 1.8751E-08 2.3501E-08 2.9488E-08 3.6908E-08 4.6294E-08 5.7517E-08 7.0908E-08 8.6001E-08 1.0288E-07 1.2165E-07 1.4213E-07 1.6405E-07 1.8710E-07 2.1093E-07 2.3496E-07 2.5865E-07 2.8137E-07 3.0254E-07 3.2159E-07 3.3769E-07 3.5032E-07 3.5964E-07 3.6585E-07 3.7079E-07 3.7088E-07 3.6633E-07 3.5881E-07 3.4762E-07 3.3408E-07 3.1925E-07 3.0246E-07 2.8432E-07 2.6513E-07 2.4570E-07 2.2625E-07 2.0719E-07 1.8853E-07 1.7063E-07 1.5345E-07 1.3724E-07 1.2226E-07 1.0835E-07
3.6643E-09 3.8252E-09 3.9717E-09 4.1212E-09 4.2746E-09 4.4321E-09 4.5938E-09 4.7848E-09 5.0171E-09 5.9664E-09 6.5659E-09 7.4002E-09 8.5494E-09 1.0734E-08 1.3348E-08 1.6597E-08 2.0718E-08 2.5895E-08 3.2309E-08 4.0279E-08 4.9975E-08 6.1793E-08 7.5192E-08 9.0089E-08 1.0663E-07 1.2475E-07 1.4420E-07 1.6477E-07 1.8605E-07 2.0753E-07 2.2873E-07 2.4910E-07 2.6810E-07 2.8523E-07 2.9974E-07 3.1116E-07 3.1971E-07 3.2527E-07 3.2788E-07 3.2763E-07 3.2391E-07 3.1757E-07 3.0855E-07 2.9727E-07 2.8414E-07 2.6925E-07 2.5305E-07 2.3604E-07 2.1875E-07 2.0152E-07 1.8462E-07 1.6812E-07 1.5218E-07 1.3702E-07 1.2264E-07 1.0931E-07 9.7008E-08
3.5171E-09 3.6776E-09 3.8222E-09 3.9657E-09 4.1130E-09 4.2643E-09 4.4194E-09 4.5905E-09 4.7989E-09 5.6332E-09 6.0570E-09 6.7206E-09 7.2120E-09 9.3424E-09 1.1817E-08 1.4585E-08 1.8129E-08 2.2543E-08 2.8028E-08 3.4788E-08 4.3078E-08 5.3092E-08 6.4779E-08 7.7916E-08 9.2306E-08 1.0811E-07 1.2515E-07 1.4319E-07 1.6186E-07 1.8076E-07 1.9944E-07 2.1742E-07 2.3422E-07 2.4939E-07 2.6229E-07 2.7237E-07 2.8015E-07 2.8533E-07 2.8772E-07 2.8726E-07 2.8417E-07 2.7861E-07 2.7069E-07 2.6096E-07 2.4947E-07 2.3646E-07 2.2227E-07 2.0744E-07 1.9236E-07 1.7735E-07 1.6252E-07 1.4812E-07 1.3417E-07 1.2094E-07 1.0839E-07 9.6668E-08 8.5956E-08
3.3747E-09 3.5281E-09 3.6744E-09 3.8120E-09 3.9532E-09 4.0982E-09 4.2468E-09 4.4026E-09 4.7771E-09 5.3684E-09 5.6598E-09 6.1281E-09 6.2067E-09 7.9181E-09 1.0225E-08 1.2749E-08 1.5752E-08 1.9487E-08 2.4122E-08 2.9796E-08 3.6763E-08 4.5184E-08 5.5190E-08 6.6463E-08 7.8856E-08 9.2428E-08 1.0711E-07 1.2266E-07 1.3891E-07 1.5516E-07 1.7136E-07 1.8700E-07 2.0164E-07 2.1488E-07 2.2620E-07 2.3528E-07 2.4214E-07 2.4671E-07 2.4881E-07 2.4846E-07 2.4581E-07 2.4101E-07 2.3430E-07 2.2596E-07 2.1612E-07 2.0493E-07 1.9278E-07 1.8006E-07 1.6708E-07 1.5415E-07 1.4138E-07 1.2899E-07 1.1702E-07 1.0553E-07 9.4787E-08 8.4666E-08 7.5370E-08
3.2379E-09 3.3777E-09 3.5255E-09 3.6604E-09 3.7955E-09 3.9342E-09 4.0764E-09 4.2222E-09 4.7818E-09 5.1409E-09 5.3645E-09 5.5061E-09 5.4901E-09 6.5604E-09 8.6147E-09 1.1010E-08 1.3614E-08 1.6738E-08 2.0603E-08 2.5321E-08 3.1074E-08 3.8040E-08 4.6415E-08 5.6054E-08 6.6655E-08 7.8175E-08 9.0617E-08 1.0383E-07 1.1756E-07 1.3152E-07 1.4537E-07 1.5875E-07 1.7130E-07 1.8268E-07 1.9250E-07 2.0039E-07 2.0631E-07 2.1023E-07 2.1209E-07 2.1186E-07 2.0969E-07 2.0569E-07 2.0005E-07 1.9308E-07 1.8478E-07 1.7532E-07 1.6505E-07 1.5429E-07 1.4335E-07 1.3238E-07 1.2164E-07 1.1106E-07 1.0092E-07 9.1150E-08 8.1949E-08 7.3387E-08 6.5425E-08
3.1067E-09 3.2313E-09 3.3759E-09 3.5111E-09 3.6402E-09 3.7727E-09 3.9085E-09 4.0477E-09 4.6914E-09 4.9118E-09 5.1339E-09 4.8353E-09 4.9575E-09 5.5597E-09 7.0945E-09 9.2019E-09 1.1554E-08 1.4270E-08 1.7495E-08 2.1382E-08 2.6075E-08 3.1761E-08 3.8587E-08 4.6645E-08 5.5619E-08 6.5319E-08 7.5723E-08 8.6776E-08 9.8289E-08 1.1001E-07 1.2167E-07 1.3295E-07 1.4355E-07 1.5319E-07 1.6156E-07 1.6826E-07 1.7324E-07 1.7660E-07 1.7824E-07 1.7820E-07 1.7648E-07 1.7319E-07 1.6860E-07 1.6285E-07 1.5592E-07 1.4806E-07 1.3952E-07 1.3064E-07 1.2156E-07 1.1244E-07 1.0345E-07 9.4616E-08 8.6072E-08 7.7902E-08 7.0142E-08 6.2991E-08 5.6196E-08
2.9792E-09 3.0912E-09 3.2258E-09 3.3617E-09 3.4876E-09 3.6139E-09 3.7434E-09 3.8761E-09 4.4851E-09 4.6836E-09 4.9016E-09 4.5295E-09 4.6960E-09 4.9331E-09 5.6630E-09 7.5475E-09 9.6225E-09 1.1934E-08 1.4681E-08 1.7944E-08 2.1749E-08 2.6308E-08 3.1780E-08 3.8315E-08 4.5792E-08 5.3897E-08 6.2539E-08 7.1652E-08 8.1158E-08 9.0856E-08 1.0051E-07 1.0988E-07 1.1870E-07 1.2675E-07 1.3371E-07 1.3926E-07 1.4344E-07 1.4630E-07 1.4779E-07 1.4790E-07 1.4654E-07 1.4393E-07 1.4028E-07 1.3557E-07 1.2994E-07 1.2351E-07 1.1656E-07 1.0931E-07 1.0186E-07 9.4406E-08 8.6986E-08 7.9742E-08 7.2682E-08 6.5945E-08 5.9555E-08 5.3538E-08 4.7934E-08
2.8542E-09 2.9573E-09 3.0773E-09 3.2118E-09 3.3379E-09 3.4583E-09 3.5815E-09 3.8494E-09 4.2874E-09 4.4641E-09 4.6688E-09 4.3207E-09 4.4828E-09 4.6458E-09 4.9748E-09 6.0286E-09 7.8075E-09 9.8414E-09 1.2118E-08 1.4819E-08 1.8017E-08 2.1688E-08 2.6019E-08 3.1155E-08 3.7185E-08 4.3898E-08 5.1029E-08 5.8502E-08 6.6234E-08 7.4136E-08 8.2020E-08 8.9676E-08 9.6903E-08 1.0348E-07 1.0911E-07 1.1367E-07 1.1718E-07 1.1960E-07 1.2098E-07 1.2111E-07 1.2010E-07 1.1811E-07 1.1525E-07 1.1153E-07 1.0698E-07 1.0181E-07 9.6247E-08 9.0399E-08 8.4431E-08 7.8391E-08 7.2445E-08 6.6532E-08 6.0863E-08 5.5289E-08 5.0072E-08 4.5017E-08 4.0516E-08
2.7319E-09 2.8299E-09 2.9361E-09 3.0619E-09 3.1882E-09 3.3059E-09 3.4231E-09 3.8436E-09 4.0948E-09 4.2549E-09 4.3172E-09 4.1119E-09 4.2728E-09 4.4278E-09 4.6275E-09 5.0974E-09 6.2801E-09 7.9019E-09 9.8610E-09 1.2088E-08 1.4680E-08 1.7707E-08 2.1184E-08 2.5166E-08 2.9861E-08 3.5260E-08 4.1111E-08 4.7215E-08 5.3480E-08 5.9825E-08 6.6161E-08 7.2314E-08 7.8121E-08 8.3348E-08 8.7848E-08 9.1599E-08 9.4494E-08 9.6572E-08 9.7704E-08 9.7919E-08 9.7227E-08 9.5753E-08 9.3584E-08 9.0657E-08 8.7090E-08 8.3012E-08 7.8571E-08 7.3984E-08 6.9268E-08 6.4506E-08 5.9759E-08 5.5054E-08 5.0458E-08 4.5993E-08 4.1753E-08 3.7666E-08 3.3865E-08
2.6124E-09 2.7058E-09 2.8021E-09 2.9141E-09 3.0386E-09 3.1563E-09 3.2683E-09 3.7603E-09 3.9063E-09 4.0558E-09 3.9067E-09 3.9039E-09 4.0630E-09 4.2152E-09 4.3644E-09 4.6262E-09 5.3226E-09 6.4699E-09 7.8584E-09 9.7121E-09 1.1840E-08 1.4274E-08 1.7043E-08 2.0169E-08 2.3745E-08 2.7904E-08 3.2584E-08 3.7538E-08 4.2613E-08 4.7704E-08 5.2705E-08 5.7567E-08 6.2108E-08 6.6196E-08 6.9806E-08 7.2788E-08 7.5193E-08 7.6973E-08 7.8021E-08 7.8253E-08 7.7787E-08 7.6773E-08 7.5144E-08 7.2913E-08 7.0156E-08 6.6953E-08 6.3535E-08 5.9962E-08 5.6283E-08 5.2580E-08 4.8831E-08 4.5131E-08 4.1481E-08 3.7958E-08 3.4489E-08 3.1153E-08 2.8252E-08
2.4959E-09 2.5848E-09 2.6753E-09 2.7739E-09 2.8895E-09 3.0071E-09 3.1174E-09 3.5840E-09 3.7223E-09 3.8637E-09 3.5646E-09 3.7010E-09 3.8541E-09 4.0045E-09 4.1482E-09 4.3081E-09 4.6175E-09 5.4499E-09 6.5263E-09 7.7916E-09 9.4182E-09 1.1340E-08 1.3502E-08 1.5918E-08 1.8621E-08 2.1737E-08 2.5295E-08 2.9230E-08 3.3318E-08 3.7404E-08 4.1376E-08 4.5143E-08 4.8638E-08 5.1863E-08 5.4749E-08 5.7232E-08 5.9240E-08 6.0682E-08 6.1554E-08 6.1872E-08 6.1628E-08 6.0900E-08 5.9725E-08 5.8064E-08 5.5956E-08 5.3529E-08 5.0890E-08 4.8148E-08 4.5367E-08 4.2484E-08 3.9603E-08 3.6715E-08 3.3934E-08 3.1039E-08 2.8441E-08 2.5804E-08 2.3202E-08
2.3825E-09 2.4670E-09 2.5530E-09 2.6416E-09 2.7441E-09 2.8584E-09 3.0187E-09 3.4123E-09 3.5429E-09 3.6764E-09 3.3914E-09 3.5092E-09 3.6477E-09 3.7942E-09 3.9363E-09 4.0734E-09 4.2485E-09 4.6503E-09 5.4375E-09 6.4326E-09 7.6251E-09 9.0333E-09 1.0715E-08 1.2589E-08 1.4648E-08 1.6933E-08 1.9544E-08 2.2501E-08 2.5705E-08 2.8934E-08 3.2090E-08 3.5022E-08 3.7746E-08 4.0278E-08 4.2555E-08 4.4575E-08 4.6219E-08 4.7436E-08 4.8157E-08 4.8424E-08 4.8322E-08 4.7920E-08 4.7065E-08 4.5813E-08 4.4266E-08 4.2437E-08 4.0453E-08 3.8398E-08 3.6256E-08 3.4120E-08 3.1963E-08 2.9759E-08 2.7593E-08 2.5369E-08 2.3177E-08 2.0953E-08 1.8867E-08
2.2723E-09 2.3525E-09 2.4341E-09 2.5170E-09 2.6066E-09 2.7115E-09 2.9789E-09 3.2448E-09 3.3685E-09 3.4944E-09 3.2252E-09 3.3296E-09 3.4493E-09 3.5863E-09 3.7260E-09 3.8604E-09 3.9908E-09 4.1719E-09 4.6187E-09 5.3096E-09 6.2140E-09 7.3057E-09 8.5527E-09 9.9906E-09 1.1570E-08 1.3272E-08 1.5127E-08 1.7464E-08 1.9501E-08 2.1975E-08 2.4402E-08 2.6734E-08 2.8962E-08 3.0969E-08 3.2805E-08 3.4388E-08 3.5701E-08 3.6699E-08 3.7354E-08 3.7650E-08 3.7627E-08 3.7354E-08 3.6790E-08 3.5940E-08 3.4777E-08 3.3416E-08 3.1955E-08 3.0414E-08 2.8865E-08 2.7289E-08 2.5634E-08 2.3997E-08 2.2244E-08 2.0474E-08 1.8511E-08 1.6594E-08 1.5077E-08
2.1654E-09 2.2415E-09 2.3188E-09 2.3974E-09 2.4776E-09 2.5693E-09 2.9526E-09 3.0785E-09 3.1993E-09 3.1537E-09 3.0641E-09 3.1620E-09 3.2650E-09 3.3850E-09 3.5173E-09 3.6493E-09 3.7769E-09 3.9007E-09 4.1023E-09 4.4875E-09 5.0922E-09 5.8879E-09 6.8525E-09 7.9544E-09 9.1679E-09 1.0499E-08 1.1881E-08 1.3496E-08 1.5173E-08 1.7001E-08 1.8323E-08 2.0166E-08 2.1916E-08 2.3640E-08 2.5154E-08 2.6426E-08 2.7470E-08 2.8256E-08 2.8786E-08 2.9078E-08 2.9182E-08 2.9066E-08 2.8634E-08 2.7971E-08 2.7160E-08 2.6213E-08 2.5136E-08 2.4022E-08 2.2882E-08 2.1705E-08 2.0502E-08 1.9146E-08 1.7498E-08 1.5872E-08 1.4521E-08 1.3245E-08 1.1997E-08
