Assets/Resources/2015_m01_d07_0400(utc+0800)_l00_csi_1hr_conc.grd
DSAA
         159         159
     -79.000      79.000
     -79.000      79.000
  0.0000E+00  0.7643E-04
[rows 25 to 49 of 159, columns 57 to 113 of 159]
3.9556E-09 4.2101E-09 4.4747E-09 4.7491E-09 5.0327E-09 5.3252E-09 5.6900E-09 6.1171E-09 6.4976E-09 6.8887E-09 7.2700E-09 7.6536E-09 8.0487E-09 8.4443E-09 8.8427E-09 9.2415E-09 9.6383E-09 1.0030E-08 1.0414E-08 1.0788E-08 1.1147E-08 1.1488E-08 1.1809E-08 1.2106E-08 1.2375E-08 1.2611E-08 1.2813E-08 1.2979E-08 1.3109E-08 1.3203E-08 1.3259E-08 1.3275E-08 1.3244E-08 1.3182E-08 1.3080E-08 1.2942E-08 1.2768E-08 1.2560E-08 1.2322E-08 1.2056E-08 1.1785E-08 1.1473E-08 1.1141E-08 1.0791E-08 1.0418E-08 1.0044E-08 9.6618E-09 9.2728E-09 8.8708E-09 8.4781E-09 8.0858E-09 7.6959E-09 7.3008E-09 6.9224E-09 6.5518E-09 6.1903E-09 5.8306E-09
4.0113E-09 4.2722E-09 4.5437E-09 4.8255E-09 5.1170E-09 5.4794E-09 5.8013E-09 6.2423E-09 6.6435E-09 7.0558E-09 7.4708E-09 7.8848E-09 8.2978E-09 8.7168E-09 9.1395E-09 9.5635E-09 9.9861E-09 1.0409E-08 1.0820E-08 1.1220E-08 1.1605E-08 1.1971E-08 1.2315E-08 1.2633E-08 1.2922E-08 1.3177E-08 1.3458E-08 1.3634E-08 1.3769E-08 1.3867E-08 1.3923E-08 1.3930E-08 1.3899E-08 1.3818E-08 1.3704E-08 1.3581E-08 1.3385E-08 1.3154E-08 1.2890E-08 1.2602E-08 1.2288E-08 1.1951E-08 1.1581E-08 1.1208E-08 1.0820E-08 1.0410E-08 1.0004E-08 9.5921E-09 9.1769E-09 8.7607E-09 8.3381E-09 7.9275E-09 7.5218E-09 7.1148E-09 6.7277E-09 6.3506E-09 5.9846E-09
4.0618E-09 4.3288E-09 4.6069E-09 4.8957E-09 5.2530E-09 5.5742E-09 5.9381E-09 6.3610E-09 6.8074E-09 7.2254E-09 7.6568E-09 8.1006E-09 8.5491E-09 8.9927E-09 9.4465E-09 9.8979E-09 1.0349E-08 1.0795E-08 1.1234E-08 1.1662E-08 1.2074E-08 1.2532E-08 1.2905E-08 1.3249E-08 1.3638E-08 1.3919E-08 1.4151E-08 1.4337E-08 1.4477E-08 1.4575E-08 1.4629E-08 1.4680E-08 1.4635E-08 1.4537E-08 1.4392E-08 1.4215E-08 1.3997E-08 1.3742E-08 1.3460E-08 1.3147E-08 1.2806E-08 1.2430E-08 1.2045E-08 1.1644E-08 1.1218E-08 1.0793E-08 1.0360E-08 9.9126E-09 9.4740E-09 9.0352E-09 8.5970E-09 8.1553E-09 7.7305E-09 7.3143E-09 6.8994E-09 6.5066E-09 6.1259E-09
4.1065E-09 4.3794E-09 4.6637E-09 5.0133E-09 5.3316E-09 5.6623E-09 6.0473E-09 6.4546E-09 6.9638E-09 7.4047E-09 7.8636E-09 8.3409E-09 8.8259E-09 9.3170E-09 9.7994E-09 1.0285E-08 1.0829E-08 1.1317E-08 1.1798E-08 1.2271E-08 1.2723E-08 1.3153E-08 1.3640E-08 1.4019E-08 1.4361E-08 1.4663E-08 1.4911E-08 1.5106E-08 1.5248E-08 1.5341E-08 1.5390E-08 1.5381E-08 1.5326E-08 1.5213E-08 1.5049E-08 1.4853E-08 1.4615E-08 1.4344E-08 1.4036E-08 1.3696E-08 1.3327E-08 1.2933E-08 1.2507E-08 1.2077E-08 1.1633E-08 1.1168E-08 1.0709E-08 1.0245E-08 9.7700E-09 9.3049E-09 8.8436E-09 8.3888E-09 7.9344E-09 7.4999E-09 7.0766E-09 6.6573E-09 6.2619E-09
4.1453E-09 4.4235E-09 4.7633E-09 5.0766E-09 5.4032E-09 5.7726E-09 6.1767E-09 6.6828E-09 7.1365E-09 7.5980E-09 8.0870E-09 8.5947E-09 9.1641E-09 9.7022E-09 1.0247E-08 1.0779E-08 1.1318E-08 1.1848E-08 1.2371E-08 1.2880E-08 1.3370E-08 1.3838E-08 1.4281E-08 1.4689E-08 1.5057E-08 1.5381E-08 1.5648E-08 1.5853E-08 1.6002E-08 1.6093E-08 1.6137E-08 1.6126E-08 1.6059E-08 1.5932E-08 1.5750E-08 1.5518E-08 1.5263E-08 1.4966E-08 1.4630E-08 1.4260E-08 1.3861E-08 1.3436E-08 1.2990E-08 1.2527E-08 1.2041E-08 1.1558E-08 1.1057E-08 1.0566E-08 1.0071E-08 9.5692E-09 9.0851E-09 8.6089E-09 8.1423E-09 7.6794E-09 7.2388E-09 6.8118E-09 6.3915E-09
4.1776E-09 4.4608E-09 4.8119E-09 5.1325E-09 5.5127E-09 5.9154E-09 6.4190E-09 6.8788E-09 7.3404E-09 7.8192E-09 8.3268E-09 8.8725E-09 9.4371E-09 1.0019E-08 1.0605E-08 1.1193E-08 1.1769E-08 1.2340E-08 1.2903E-08 1.3452E-08 1.3980E-08 1.4484E-08 1.4968E-08 1.5407E-08 1.5803E-08 1.6149E-08 1.6436E-08 1.6652E-08 1.6807E-08 1.6897E-08 1.6930E-08 1.6904E-08 1.6823E-08 1.6684E-08 1.6486E-08 1.6235E-08 1.5934E-08 1.5607E-08 1.5241E-08 1.4839E-08 1.4406E-08 1.3948E-08 1.3468E-08 1.2972E-08 1.2464E-08 1.1937E-08 1.1416E-08 1.0879E-08 1.0357E-08 9.8394E-09 9.3200E-09 8.8220E-09 8.3350E-09 7.8609E-09 7.3934E-09 6.9505E-09 6.5234E-09
4.2032E-09 4.5406E-09 4.8699E-09 5.2268E-09 5.5813E-09 6.0781E-09 6.5448E-09 7.0337E-09 7.5161E-09 8.0231E-09 8.5539E-09 9.1174E-09 9.7215E-09 1.0343E-08 1.0974E-08 1.1609E-08 1.2241E-08 1.2859E-08 1.3472E-08 1.4064E-08 1.4635E-08 1.5178E-08 1.5694E-08 1.6166E-08 1.6590E-08 1.6960E-08 1.7265E-08 1.7496E-08 1.7655E-08 1.7743E-08 1.7763E-08 1.7730E-08 1.7631E-08 1.7476E-08 1.7258E-08 1.6980E-08 1.6648E-08 1.6267E-08 1.5866E-08 1.5429E-08 1.4961E-08 1.4466E-08 1.3951E-08 1.3420E-08 1.2877E-08 1.2324E-08 1.1755E-08 1.1198E-08 1.0635E-08 1.0092E-08 9.5585E-09 9.0264E-09 8.5190E-09 8.0259E-09 7.5393E-09 7.0805E-09 6.6389E-09
4.2656E-09 4.5850E-09 4.9323E-09 5.2789E-09 5.7591E-09 6.1756E-09 6.7025E-09 7.1840E-09 7.6934E-09 8.2306E-09 8.8010E-09 9.3928E-09 1.0010E-08 1.0677E-08 1.1359E-08 1.2052E-08 1.2737E-08 1.3413E-08 1.4070E-08 1.4710E-08 1.5326E-08 1.5911E-08 1.6466E-08 1.6974E-08 1.7433E-08 1.7827E-08 1.8150E-08 1.8396E-08 1.8557E-08 1.8642E-08 1.8645E-08 1.8592E-08 1.8481E-08 1.8303E-08 1.8053E-08 1.7752E-08 1.7385E-08 1.6967E-08 1.6505E-08 1.6030E-08 1.5522E-08 1.4989E-08 1.4435E-08 1.3867E-08 1.3283E-08 1.2691E-08 1.2098E-08 1.1499E-08 1.0918E-08 1.0336E-08 9.7774E-09 9.2322E-09 8.6927E-09 8.1808E-09 7.6859E-09 7.2008E-09 6.7451E-09
4.2972E-09 4.6221E-09 4.9690E-09 5.3865E-09 5.8361E-09 6.3146E-09 6.8274E-09 7.3341E-09 7.8775E-09 8.4484E-09 9.0506E-09 9.6829E-09 1.0343E-08 1.1034E-08 1.1767E-08 1.2513E-08 1.3258E-08 1.3992E-08 1.4706E-08 1.5401E-08 1.6066E-08 1.6696E-08 1.7294E-08 1.7840E-08 1.8325E-08 1.8743E-08 1.9084E-08 1.9342E-08 1.9508E-08 1.9588E-08 1.9583E-08 1.9513E-08 1.9379E-08 1.9171E-08 1.8889E-08 1.8539E-08 1.8128E-08 1.7663E-08 1.7154E-08 1.6637E-08 1.6088E-08 1.5513E-08 1.4919E-08 1.4303E-08 1.3678E-08 1.3049E-08 1.2423E-08 1.1801E-08 1.1179E-08 1.0580E-08 9.9844E-09 9.4165E-09 8.8654E-09 8.3239E-09 7.8121E-09 7.3201E-09 6.8406E-09
4.3211E-09 4.6550E-09 5.0536E-09 5.4384E-09 5.9039E-09 6.4073E-09 6.9503E-09 7.4893E-09 8.0596E-09 8.6656E-09 9.3071E-09 9.9881E-09 1.0697E-08 1.1435E-08 1.2197E-08 1.2998E-08 1.3808E-08 1.4614E-08 1.5392E-08 1.6138E-08 1.6847E-08 1.7527E-08 1.8169E-08 1.8753E-08 1.9270E-08 1.9712E-08 2.0071E-08 2.0344E-08 2.0515E-08 2.0589E-08 2.0573E-08 2.0473E-08 2.0309E-08 2.0068E-08 1.9753E-08 1.9363E-08 1.8909E-08 1.8399E-08 1.7842E-08 1.7248E-08 1.6654E-08 1.6035E-08 1.5387E-08 1.4728E-08 1.4063E-08 1.3397E-08 1.2735E-08 1.2081E-08 1.1437E-08 1.0800E-08 1.0190E-08 9.5871E-09 9.0155E-09 8.4537E-09 7.9256E-09 7.4187E-09 6.9245E-09
4.3404E-09 4.6709E-09 5.0882E-09 5.5340E-09 6.0195E-09 6.5475E-09 7.0767E-09 7.6400E-09 8.2431E-09 8.8866E-09 9.5759E-09 1.0300E-08 1.1060E-08 1.1854E-08 1.2676E-08 1.3526E-08 1.4397E-08 1.5269E-08 1.6118E-08 1.6930E-08 1.7696E-08 1.8413E-08 1.9102E-08 1.9727E-08 2.0277E-08 2.0744E-08 2.1120E-08 2.1394E-08 2.1575E-08 2.1645E-08 2.1615E-08 2.1488E-08 2.1282E-08 2.1002E-08 2.0644E-08 2.0208E-08 1.9707E-08 1.9147E-08 1.8538E-08 1.7891E-08 1.7214E-08 1.6537E-08 1.5844E-08 1.5141E-08 1.4435E-08 1.3731E-08 1.3033E-08 1.2346E-08 1.1672E-08 1.1005E-08 1.0369E-08 9.7531E-09 9.1504E-09 8.5808E-09 8.0248E-09 7.5039E-09 7.0063E-09
4.3433E-09 4.7367E-09 5.1121E-09 5.5753E-09 6.0833E-09 6.6457E-09 7.1962E-09 7.7897E-09 8.4276E-09 9.1169E-09 9.8468E-09 1.0621E-08 1.1437E-08 1.2296E-08 1.3183E-08 1.4095E-08 1.5024E-08 1.5963E-08 1.6895E-08 1.7781E-08 1.8615E-08 1.9384E-08 2.0087E-08 2.0751E-08 2.1334E-08 2.1825E-08 2.2215E-08 2.2501E-08 2.2684E-08 2.2746E-08 2.2695E-08 2.2536E-08 2.2283E-08 2.1959E-08 2.1552E-08 2.1071E-08 2.0516E-08 1.9902E-08 1.9238E-08 1.8530E-08 1.7786E-08 1.7026E-08 1.6286E-08 1.5539E-08 1.4791E-08 1.4047E-08 1.3313E-08 1.2592E-08 1.1888E-08 1.1203E-08 1.0530E-08 9.8924E-09 9.2683E-09 8.6816E-09 8.1196E-09 7.5745E-09 7.0652E-09
4.3832E-09 4.7447E-09 5.1293E-09 5.6613E-09 6.2016E-09 6.7352E-09 7.3125E-09 7.9425E-09 8.6185E-09 9.3453E-09 1.0123E-08 1.0950E-08 1.1831E-08 1.2750E-08 1.3705E-08 1.4689E-08 1.5698E-08 1.6710E-08 1.7715E-08 1.8682E-08 1.9588E-08 2.0421E-08 2.1177E-08 2.1844E-08 2.2449E-08 2.2963E-08 2.3375E-08 2.3669E-08 2.3846E-08 2.3899E-08 2.3820E-08 2.3627E-08 2.3326E-08 2.2947E-08 2.2486E-08 2.1947E-08 2.1321E-08 2.0641E-08 1.9903E-08 1.9121E-08 1.8349E-08 1.7531E-08 1.6709E-08 1.5916E-08 1.5125E-08 1.4342E-08 1.3571E-08 1.2816E-08 1.2082E-08 1.1370E-08 1.0682E-08 1.0012E-08 9.3793E-09 8.7645E-09 8.1882E-09 7.6292E-09 7.1093E-09
4.3819E-09 4.7458E-09 5.1393E-09 5.6955E-09 6.2564E-09 6.8137E-09 7.4263E-09 8.0888E-09 8.8035E-09 9.5746E-09 1.0408E-08 1.1293E-08 1.2231E-08 1.3217E-08 1.4245E-08 1.5312E-08 1.6395E-08 1.7487E-08 1.8573E-08 1.9634E-08 2.0627E-08 2.1530E-08 2.2341E-08 2.3047E-08 2.3635E-08 2.4154E-08 2.4578E-08 2.4874E-08 2.5042E-08 2.5081E-08 2.4973E-08 2.4740E-08 2.4390E-08 2.3947E-08 2.3427E-08 2.2824E-08 2.2143E-08 2.1388E-08 2.0580E-08 1.9734E-08 1.8865E-08 1.7985E-08 1.7107E-08 1.6268E-08 1.5434E-08 1.4610E-08 1.3803E-08 1.3016E-08 1.2252E-08 1.1514E-08 1.0802E-08 1.0110E-08 9.4599E-09 8.8281E-09 8.2389E-09 7.6782E-09 7.1377E-09
4.3689E-09 4.7396E-09 5.1471E-09 5.7183E-09 6.3043E-09 6.8843E-09 7.5263E-09 8.2224E-09 8.9800E-09 9.8064E-09 1.0690E-08 1.1634E-08 1.2638E-08 1.3701E-08 1.4806E-08 1.5948E-08 1.7114E-08 1.8291E-08 1.9467E-08 2.0613E-08 2.1716E-08 2.2696E-08 2.3566E-08 2.4316E-08 2.4943E-08 2.5431E-08 2.5819E-08 2.6115E-08 2.6270E-08 2.6285E-08 2.6151E-08 2.5873E-08 2.5471E-08 2.4957E-08 2.4372E-08 2.3702E-08 2.2946E-08 2.2119E-08 2.1242E-08 2.0329E-08 1.9394E-08 1.8449E-08 1.7474E-08 1.6588E-08 1.5712E-08 1.4849E-08 1.4007E-08 1.3187E-08 1.2395E-08 1.1631E-08 1.0899E-08 1.0199E-08 9.5217E-09 8.8869E-09 8.2741E-09 7.7033E-09 7.1524E-09
4.3488E-09 4.7260E-09 5.2001E-09 5.7982E-09 6.3453E-09 6.9544E-09 7.6195E-09 8.3492E-09 9.1531E-09 1.0023E-08 1.0963E-08 1.1972E-08 1.3053E-08 1.4185E-08 1.5370E-08 1.6595E-08 1.7854E-08 1.9120E-08 2.0378E-08 2.1609E-08 2.2792E-08 2.3906E-08 2.4856E-08 2.5656E-08 2.6309E-08 2.6812E-08 2.7155E-08 2.7381E-08 2.7521E-08 2.7508E-08 2.7344E-08 2.7016E-08 2.6557E-08 2.5977E-08 2.5310E-08 2.4552E-08 2.3721E-08 2.2831E-08 2.1882E-08 2.0898E-08 1.9894E-08 1.8885E-08 1.7884E-08 1.6873E-08 1.5956E-08 1.5059E-08 1.4185E-08 1.3338E-08 1.2520E-08 1.1734E-08 1.0980E-08 1.0261E-08 9.5662E-09 8.9174E-09 8.2911E-09 7.7097E-09 7.1600E-09
4.3215E-09 4.7104E-09 5.1922E-09 5.8114E-09 6.3830E-09 7.0110E-09 7.7048E-09 8.4747E-09 9.3150E-09 1.0232E-08 1.1228E-08 1.2307E-08 1.3453E-08 1.4666E-08 1.5940E-08 1.7253E-08 1.8596E-08 1.9952E-08 2.1301E-08 2.2619E-08 2.3884E-08 2.5077E-08 2.6168E-08 2.7050E-08 2.7730E-08 2.8238E-08 2.8578E-08 2.8924E-08 2.8960E-08 2.8922E-08 2.8719E-08 2.8343E-08 2.7817E-08 2.7154E-08 2.6217E-08 2.5381E-08 2.4471E-08 2.3503E-08 2.2495E-08 2.1442E-08 2.0336E-08 1.9262E-08 1.8244E-08 1.7176E-08 1.6182E-08 1.5247E-08 1.4339E-08 1.3462E-08 1.2616E-08 1.1804E-08 1.1029E-08 1.0291E-08 9.5902E-09 8.9184E-09 8.2927E-09 7.6931E-09 7.1381E-09
4.2916E-09 4.7321E-09 5.2357E-09 5.8200E-09 6.4055E-09 7.0565E-09 7.7841E-09 8.5847E-09 9.4665E-09 1.0432E-08 1.1490E-08 1.2627E-08 1.3845E-08 1.5142E-08 1.6497E-08 1.7901E-08 1.9336E-08 2.0783E-08 2.2223E-08 2.3629E-08 2.4983E-08 2.6254E-08 2.7408E-08 2.8591E-08 2.9389E-08 2.9926E-08 3.0269E-08 3.0439E-08 3.0426E-08 3.0233E-08 2.9984E-08 2.9560E-08 2.8963E-08 2.8219E-08 2.7357E-08 2.6422E-08 2.5413E-08 2.4343E-08 2.3080E-08 2.1971E-08 2.0796E-08 1.9653E-08 1.8527E-08 1.7395E-08 1.6352E-08 1.5379E-08 1.4437E-08 1.3530E-08 1.2661E-08 1.1830E-08 1.1039E-08 1.0287E-08 9.5758E-09 8.8942E-09 8.2619E-09 7.6562E-09 7.0977E-09
4.2499E-09 4.6979E-09 5.2139E-09 5.8154E-09 6.4162E-09 7.0891E-09 7.8456E-09 8.6802E-09 9.6027E-09 1.0623E-08 1.1732E-08 1.2933E-08 1.4227E-08 1.5598E-08 1.7039E-08 1.8534E-08 2.0064E-08 2.1607E-08 2.3137E-08 2.4633E-08 2.6068E-08 2.7599E-08 2.8850E-08 2.9938E-08 3.0857E-08 3.1523E-08 3.1864E-08 3.2011E-08 3.1968E-08 3.1729E-08 3.1301E-08 3.0804E-08 3.0128E-08 2.9304E-08 2.8352E-08 2.7311E-08 2.6200E-08 2.5030E-08 2.3824E-08 2.2601E-08 2.1185E-08 1.9970E-08 1.8781E-08 1.7587E-08 1.6496E-08 1.5454E-08 1.4486E-08 1.3556E-08 1.2667E-08 1.1820E-08 1.1016E-08 1.0254E-08 9.5342E-09 8.8452E-09 8.2085E-09 7.6092E-09 7.0385E-09
4.2003E-09 4.6547E-09 5.2513E-09 5.8019E-09 6.4194E-09 7.1171E-09 7.8923E-09 8.7577E-09 9.7257E-09 1.0788E-08 1.1951E-08 1.3221E-08 1.4581E-08 1.6030E-08 1.7555E-08 1.9139E-08 2.0763E-08 2.2404E-08 2.4035E-08 2.5807E-08 2.7365E-08 2.8823E-08 3.0141E-08 3.1290E-08 3.2257E-08 3.3022E-08 3.3522E-08 3.3647E-08 3.3561E-08 3.3264E-08 3.2754E-08 3.2056E-08 3.1271E-08 3.0355E-08 2.9303E-08 2.8146E-08 2.6935E-08 2.5667E-08 2.4366E-08 2.3052E-08 2.1745E-08 2.0423E-08 1.8985E-08 1.7779E-08 1.6593E-08 1.5511E-08 1.4487E-08 1.3538E-08 1.2634E-08 1.1774E-08 1.0960E-08 1.0190E-08 9.4646E-09 8.7816E-09 8.1320E-09 7.5319E-09 6.9605E-09
4.1859E-09 4.6574E-09 5.2136E-09 5.7754E-09 6.4132E-09 7.1262E-09 7.9262E-09 8.8264E-09 9.8235E-09 1.0927E-08 1.2148E-08 1.3472E-08 1.4901E-08 1.6425E-08 1.8033E-08 1.9706E-08 2.1425E-08 2.3164E-08 2.5098E-08 2.6833E-08 2.8496E-08 3.0051E-08 3.1455E-08 3.2647E-08 3.3637E-08 3.4420E-08 3.4976E-08 3.5292E-08 3.5161E-08 3.4785E-08 3.4195E-08 3.3412E-08 3.2446E-08 3.1382E-08 3.0232E-08 2.8969E-08 2.7644E-08 2.6273E-08 2.4872E-08 2.3466E-08 2.2073E-08 2.0709E-08 1.9349E-08 1.8046E-08 1.6640E-08 1.5520E-08 1.4466E-08 1.3475E-08 1.2558E-08 1.1690E-08 1.0869E-08 1.0095E-08 9.3666E-09 8.6825E-09 8.0324E-09 7.4336E-09 6.8637E-09
4.1207E-09 4.6026E-09 5.1636E-09 5.7346E-09 6.3862E-09 7.1164E-09 7.9382E-09 8.8669E-09 9.8979E-09 1.1047E-08 1.2309E-08 1.3687E-08 1.5179E-08 1.6775E-08 1.8461E-08 2.0220E-08 2.2202E-08 2.4081E-08 2.5958E-08 2.7797E-08 2.9563E-08 3.1217E-08 3.2712E-08 3.3970E-08 3.5013E-08 3.5816E-08 3.6363E-08 3.6688E-08 3.6767E-08 3.6352E-08 3.5679E-08 3.4798E-08 3.3737E-08 3.2490E-08 3.1144E-08 2.9772E-08 2.8327E-08 2.6848E-08 2.5344E-08 2.3840E-08 2.2358E-08 2.0916E-08 1.9526E-08 1.8102E-08 1.6768E-08 1.5442E-08 1.4368E-08 1.3387E-08 1.2440E-08 1.1567E-08 1.0743E-08 9.9679E-09 9.2402E-09 8.5579E-09 7.9097E-09 7.3148E-09 6.7484E-09
4.0916E-09 4.5897E-09 5.0986E-09 5.6814E-09 6.3383E-09 7.0822E-09 7.9290E-09 8.8768E-09 9.9378E-09 1.1125E-08 1.2430E-08 1.3858E-08 1.5405E-08 1.7064E-08 1.8822E-08 2.0836E-08 2.2781E-08 2.4761E-08 2.6741E-08 2.8686E-08 3.0555E-08 3.2308E-08 3.3899E-08 3.5231E-08 3.6337E-08 3.7213E-08 3.7784E-08 3.8083E-08 3.8123E-08 3.7871E-08 3.7174E-08 3.6197E-08 3.5017E-08 3.3664E-08 3.2156E-08 3.0578E-08 2.9004E-08 2.7390E-08 2.5778E-08 2.4175E-08 2.2602E-08 2.1078E-08 1.9617E-08 1.8174E-08 1.6771E-08 1.5534E-08 1.4251E-08 1.3230E-08 1.2279E-08 1.1405E-08 1.0582E-08 9.8096E-09 9.0856E-09 8.4079E-09 7.7646E-09 7.1757E-09 6.6256E-09
4.0105E-09 4.5061E-09 5.0171E-09 5.6053E-09 6.2700E-09 7.0308E-09 7.8885E-09 8.8561E-09 9.9482E-09 1.1161E-08 1.2502E-08 1.3972E-08 1.5568E-08 1.7283E-08 1.9277E-08 2.1241E-08 2.3278E-08 2.5356E-08 2.7439E-08 2.9488E-08 3.1461E-08 3.3315E-08 3.5005E-08 3.6413E-08 3.7625E-08 3.8527E-08 3.9133E-08 3.9448E-08 3.9486E-08 3.9217E-08 3.8643E-08 3.7634E-08 3.6316E-08 3.4838E-08 3.3200E-08 3.1456E-08 2.9658E-08 2.7930E-08 2.6200E-08 2.4469E-08 2.2802E-08 2.1196E-08 1.9664E-08 1.8216E-08 1.6802E-08 1.5454E-08 1.4272E-08 1.3053E-08 1.2094E-08 1.1204E-08 1.0386E-08 9.6203E-09 8.9034E-09 8.2335E-09 7.5976E-09 7.0173E-09 6.4758E-09
3.9649E-09 4.4133E-09 4.9300E-09 5.5159E-09 6.1846E-09 6.9528E-09 7.8203E-09 8.8070E-09 9.9127E-09 1.1148E-08 1.2517E-08 1.4022E-08 1.5658E-08 1.7585E-08 1.9515E-08 2.1551E-08 2.3668E-08 2.5838E-08 2.8024E-08 3.0184E-08 3.2261E-08 3.4218E-08 3.6005E-08 3.7499E-08 3.8807E-08 3.9770E-08 4.0420E-08 4.0759E-08 4.0848E-08 4.0570E-08 3.9951E-08 3.8999E-08 3.7686E-08 3.6048E-08 3.4246E-08 3.2354E-08 3.0401E-08 2.8431E-08 2.6578E-08 2.4753E-08 2.2981E-08 2.1270E-08 1.9666E-08 1.8158E-08 1.6751E-08 1.5340E-08 1.4120E-08 1.3009E-08 1.1870E-08 1.0980E-08 1.0157E-08 9.4012E-09 8.6948E-09 8.0355E-09 7.4208E-09 6.8405E-09 6.3096E-09
