Assets/Resources/2015_m01_d03_0600(utc+0800)_l00_csi_1hr_conc.grd
DSAA
         159         159
     -79.000      79.000
     -79.000      79.000
  0.0000E+00  0.5575E-05
[rows 25 to 49 of 159, columns 0 to 56 of 159]
1.2232E-10 1.3424E-10 1.4711E-10 1.6098E-10 1.7592E-10 1.9199E-10 2.0924E-10 2.2773E-10 2.4752E-10 2.6866E-10 2.9172E-10 3.1527E-10 3.4084E-10 3.6850E-10 3.9680E-10 4.2729E-10 4.6000E-10 4.9350E-10 5.2930E-10 5.6641E-10 6.0646E-10 6.4735E-10 6.9068E-10 7.3535E-10 7.8358E-10 8.3317E-10 8.8372E-10 9.3818E-10 9.9260E-10 1.0499E-09 1.1079E-09 1.1698E-09 1.2313E-09 1.2954E-09 1.3600E-09 1.4270E-09 1.4955E-09 1.5639E-09 1.6345E-09 1.7048E-09 1.7770E-09 1.8498E-09 1.9208E-09 1.9896E-09 2.0569E-09 2.1199E-09 2.1806E-09 2.2361E-09 2.2873E-09 2.3336E-09 2.3746E-09 2.4095E-09 2.4378E-09 2.4597E-09 2.4769E-09 2.4896E-09 2.4980E-09
1.2353E-10 1.3607E-10 1.4913E-10 1.6322E-10 1.7840E-10 1.9471E-10 2.1224E-10 2.3103E-10 2.5114E-10 2.7265E-10 2.9560E-10 3.2006E-10 3.4608E-10 3.7373E-10 4.0305E-10 4.3407E-10 4.6690E-10 5.0152E-10 5.3748E-10 5.7636E-10 6.1614E-10 6.5836E-10 7.0199E-10 7.4918E-10 7.9683E-10 8.4747E-10 9.0009E-10 9.5478E-10 1.0114E-09 1.0689E-09 1.1303E-09 1.1916E-09 1.2555E-09 1.3201E-09 1.3873E-09 1.4560E-09 1.5249E-09 1.5962E-09 1.6674E-09 1.7406E-09 1.8146E-09 1.8881E-09 1.9613E-09 2.0314E-09 2.1001E-09 2.1644E-09 2.2251E-09 2.2820E-09 2.3343E-09 2.3816E-09 2.4230E-09 2.4579E-09 2.4857E-09 2.5075E-09 2.5245E-09 2.5369E-09 2.5452E-09
1.2512E-10 1.3737E-10 1.5061E-10 1.6490E-10 1.8029E-10 1.9685E-10 2.1511E-10 2.3419E-10 2.5414E-10 2.7648E-10 2.9980E-10 3.2467E-10 3.5113E-10 3.7925E-10 4.0856E-10 4.4066E-10 4.7354E-10 5.0879E-10 5.4643E-10 5.8501E-10 6.2605E-10 6.6853E-10 7.1457E-10 7.6115E-10 8.1076E-10 8.6140E-10 9.1620E-10 9.7200E-10 1.0288E-09 1.0885E-09 1.1504E-09 1.2140E-09 1.2783E-09 1.3454E-09 1.4142E-09 1.4834E-09 1.5551E-09 1.6269E-09 1.7009E-09 1.7760E-09 1.8507E-09 1.9268E-09 2.0002E-09 2.0729E-09 2.1417E-09 2.2073E-09 2.2694E-09 2.3275E-09 2.3810E-09 2.4291E-09 2.4708E-09 2.5055E-09 2.5327E-09 2.5544E-09 2.5713E-09 2.5837E-09 2.5917E-09
1.2616E-10 1.3904E-10 1.5246E-10 1.6694E-10 1.8255E-10 1.9934E-10 2.1738E-10 2.3674E-10 2.5748E-10 2.7966E-10 3.0335E-10 3.2860E-10 3.5549E-10 3.8406E-10 4.1487E-10 4.4649E-10 4.8045E-10 5.1577E-10 5.5410E-10 5.9333E-10 6.3511E-10 6.7990E-10 7.2530E-10 7.7376E-10 8.2332E-10 8.7705E-10 9.3089E-10 9.8784E-10 1.0458E-09 1.1079E-09 1.1699E-09 1.2349E-09 1.3017E-09 1.3704E-09 1.4396E-09 1.5115E-09 1.5837E-09 1.6583E-09 1.7341E-09 1.8098E-09 1.8875E-09 1.9639E-09 2.0398E-09 2.1125E-09 2.1827E-09 2.2498E-09 2.3132E-09 2.3726E-09 2.4272E-09 2.4760E-09 2.5178E-09 2.5520E-09 2.5787E-09 2.6004E-09 2.6173E-09 2.6295E-09 2.6436E-09
1.2759E-10 1.4016E-10 1.5374E-10 1.6840E-10 1.8420E-10 2.0170E-10 2.1999E-10 2.3962E-10 2.6066E-10 2.8316E-10 3.0720E-10 3.3284E-10 3.6014E-10 3.8863E-10 4.1995E-10 4.5257E-10 4.8657E-10 5.2353E-10 5.6144E-10 6.0189E-10 6.4382E-10 6.8945E-10 7.3663E-10 7.8500E-10 8.3752E-10 8.9028E-10 9.4620E-10 1.0032E-09 1.0645E-09 1.1258E-09 1.1901E-09 1.2554E-09 1.3247E-09 1.3938E-09 1.4656E-09 1.5379E-09 1.6128E-09 1.6892E-09 1.7657E-09 1.8443E-09 1.9226E-09 2.0013E-09 2.0775E-09 2.1517E-09 2.2233E-09 2.2916E-09 2.3566E-09 2.4173E-09 2.4729E-09 2.5220E-09 2.5636E-09 2.5970E-09 2.6238E-09 2.6455E-09 2.6644E-09 2.6810E-09 2.6894E-09
1.2846E-10 1.4116E-10 1.5538E-10 1.7022E-10 1.8623E-10 2.0346E-10 2.2198E-10 2.4187E-10 2.6318E-10 2.8599E-10 3.1086E-10 3.3636E-10 3.6405E-10 3.9400E-10 4.2475E-10 4.5788E-10 4.9342E-10 5.2994E-10 5.6898E-10 6.0954E-10 6.5375E-10 6.9860E-10 7.4662E-10 7.9683E-10 8.4935E-10 9.0408E-10 9.6001E-10 1.0202E-09 1.0806E-09 1.1441E-09 1.2087E-09 1.2774E-09 1.3461E-09 1.4176E-09 1.4899E-09 1.5649E-09 1.6415E-09 1.7184E-09 1.7977E-09 1.8770E-09 1.9579E-09 2.0369E-09 2.1146E-09 2.1901E-09 2.2631E-09 2.3331E-09 2.3993E-09 2.4613E-09 2.5178E-09 2.5669E-09 2.6082E-09 2.6409E-09 2.6677E-09 2.6937E-09 2.7131E-09 2.7260E-09 2.7345E-09
1.2972E-10 1.4256E-10 1.5644E-10 1.7145E-10 1.8811E-10 2.0555E-10 2.2430E-10 2.4444E-10 2.6602E-10 2.8913E-10 3.1383E-10 3.4018E-10 3.6824E-10 3.9810E-10 4.2980E-10 4.6287E-10 4.9897E-10 5.3601E-10 5.7565E-10 6.1836E-10 6.6178E-10 7.0835E-10 7.5615E-10 8.0829E-10 8.6068E-10 9.1640E-10 9.7539E-10 1.0347E-09 1.0972E-09 1.1609E-09 1.2277E-09 1.2968E-09 1.3668E-09 1.4398E-09 1.5146E-09 1.5900E-09 1.6683E-09 1.7480E-09 1.8279E-09 1.9101E-09 1.9914E-09 2.0717E-09 2.1507E-09 2.2278E-09 2.3023E-09 2.3737E-09 2.4414E-09 2.5046E-09 2.5616E-09 2.6107E-09 2.6512E-09 2.6835E-09 2.7168E-09 2.7394E-09 2.7570E-09 2.7700E-09 2.7786E-09
1.3040E-10 1.4383E-10 1.5786E-10 1.7303E-10 1.8939E-10 2.0702E-10 2.2598E-10 2.4634E-10 2.6818E-10 2.9206E-10 3.1707E-10 3.4325E-10 3.7219E-10 4.0193E-10 4.3405E-10 4.6862E-10 5.0417E-10 5.4228E-10 5.8193E-10 6.2532E-10 6.7036E-10 7.1669E-10 7.6729E-10 8.1827E-10 8.7258E-10 9.2816E-10 9.8825E-10 1.0485E-09 1.1122E-09 1.1781E-09 1.2463E-09 1.3155E-09 1.3880E-09 1.4612E-09 1.5375E-09 1.6158E-09 1.6944E-09 1.7758E-09 1.8585E-09 1.9412E-09 2.0238E-09 2.1056E-09 2.1862E-09 2.2646E-09 2.3406E-09 2.4136E-09 2.4827E-09 2.5469E-09 2.6039E-09 2.6527E-09 2.6944E-09 2.7314E-09 2.7592E-09 2.7820E-09 2.7998E-09 2.8175E-09 2.8290E-09
1.3146E-10 1.4454E-10 1.5870E-10 1.7400E-10 1.9052E-10 2.0881E-10 2.2797E-10 2.4856E-10 2.7065E-10 2.9430E-10 3.1959E-10 3.4658E-10 3.7537E-10 4.0599E-10 4.3798E-10 4.7302E-10 5.0955E-10 5.4763E-10 5.8938E-10 6.3185E-10 6.7756E-10 7.2556E-10 7.7599E-10 8.2877E-10 8.8291E-10 9.4153E-10 1.0005E-09 1.0629E-09 1.1265E-09 1.1947E-09 1.2630E-09 1.3346E-09 1.4073E-09 1.4831E-09 1.5609E-09 1.6394E-09 1.7209E-09 1.8027E-09 1.8871E-09 1.9712E-09 2.0553E-09 2.1386E-09 2.2205E-09 2.3005E-09 2.3782E-09 2.4525E-09 2.5230E-09 2.5880E-09 2.6449E-09 2.6953E-09 2.7386E-09 2.7721E-09 2.8003E-09 2.8234E-09 2.8482E-09 2.8624E-09 2.8723E-09
1.3194E-10 1.4512E-10 1.5988E-10 1.7532E-10 1.9200E-10 2.0997E-10 2.2931E-10 2.5010E-10 2.7290E-10 2.9681E-10 3.2187E-10 3.4967E-10 3.7826E-10 4.0924E-10 4.4266E-10 4.7706E-10 5.1405E-10 5.5357E-10 5.9493E-10 6.3895E-10 6.8428E-10 7.3402E-10 7.8415E-10 8.3772E-10 8.9474E-10 9.5224E-10 1.0132E-09 1.0755E-09 1.1424E-09 1.2096E-09 1.2801E-09 1.3519E-09 1.4269E-09 1.5042E-09 1.5823E-09 1.6635E-09 1.7452E-09 1.8298E-09 1.9147E-09 2.0003E-09 2.0857E-09 2.1704E-09 2.2539E-09 2.3356E-09 2.4146E-09 2.4905E-09 2.5623E-09 2.6275E-09 2.6884E-09 2.7383E-09 2.7776E-09 2.8115E-09 2.8422E-09 2.8703E-09 2.8896E-09 2.9043E-09 2.9147E-09
1.3279E-10 1.4608E-10 1.6047E-10 1.7603E-10 1.9283E-10 2.1145E-10 2.3097E-10 2.5195E-10 2.7447E-10 2.9860E-10 3.2441E-10 3.5199E-10 3.8140E-10 4.1216E-10 4.4597E-10 4.8128E-10 5.1815E-10 5.5872E-10 6.0002E-10 6.4461E-10 6.9254E-10 7.4097E-10 7.9282E-10 8.4608E-10 9.0399E-10 9.6229E-10 1.0242E-09 1.0885E-09 1.1554E-09 1.2236E-09 1.2954E-09 1.3694E-09 1.4458E-09 1.5232E-09 1.6039E-09 1.6854E-09 1.7698E-09 1.8548E-09 1.9412E-09 2.0281E-09 2.1150E-09 2.2013E-09 2.2862E-09 2.3694E-09 2.4501E-09 2.5274E-09 2.6001E-09 2.6693E-09 2.7282E-09 2.7753E-09 2.8152E-09 2.8516E-09 2.8854E-09 2.9100E-09 2.9299E-09 2.9451E-09 2.9608E-09
1.3307E-10 1.4643E-10 1.6139E-10 1.7707E-10 1.9401E-10 2.1227E-10 2.3195E-10 2.5310E-10 2.7581E-10 3.0015E-10 3.2670E-10 3.5403E-10 3.8371E-10 4.1583E-10 4.4893E-10 4.8460E-10 5.2283E-10 5.6291E-10 6.0567E-10 6.4978E-10 6.9836E-10 7.4839E-10 7.9989E-10 8.5597E-10 9.1258E-10 9.7278E-10 1.0344E-09 1.1009E-09 1.1677E-09 1.2380E-09 1.3097E-09 1.3849E-09 1.4626E-09 1.5413E-09 1.6234E-09 1.7074E-09 1.7922E-09 1.8787E-09 1.9665E-09 2.0548E-09 2.1431E-09 2.2308E-09 2.3174E-09 2.4022E-09 2.4842E-09 2.5630E-09 2.6405E-09 2.7078E-09 2.7643E-09 2.8106E-09 2.8553E-09 2.8927E-09 2.9231E-09 2.9483E-09 2.9688E-09 2.9919E-09 3.0043E-09
1.3370E-10 1.4715E-10 1.6172E-10 1.7749E-10 1.9453E-10 2.1292E-10 2.3323E-10 2.5454E-10 2.7743E-10 3.0196E-10 3.2823E-10 3.5630E-10 3.8570E-10 4.1813E-10 4.5205E-10 4.8753E-10 5.2671E-10 5.6664E-10 6.0987E-10 6.5649E-10 7.0363E-10 7.5426E-10 8.0634E-10 8.6319E-10 9.2156E-10 9.8149E-10 1.0450E-09 1.1113E-09 1.1802E-09 1.2505E-09 1.3243E-09 1.4008E-09 1.4785E-09 1.5596E-09 1.6418E-09 1.7272E-09 1.8134E-09 1.9013E-09 1.9905E-09 2.0802E-09 2.1699E-09 2.2592E-09 2.3473E-09 2.4335E-09 2.5171E-09 2.6014E-09 2.6773E-09 2.7425E-09 2.7979E-09 2.8486E-09 2.8921E-09 2.9283E-09 2.9593E-09 2.9877E-09 3.0138E-09 3.0314E-09 3.0446E-09
1.3375E-10 1.4726E-10 1.6190E-10 1.7824E-10 1.9538E-10 2.1389E-10 2.3382E-10 2.5527E-10 2.7831E-10 3.0351E-10 3.2947E-10 3.5775E-10 3.8843E-10 4.2008E-10 4.5428E-10 4.9103E-10 5.2962E-10 5.7092E-10 6.1357E-10 6.6073E-10 7.0936E-10 7.5952E-10 8.1433E-10 8.6973E-10 9.2881E-10 9.8942E-10 1.0550E-09 1.1210E-09 1.1907E-09 1.2619E-09 1.3381E-09 1.4145E-09 1.4944E-09 1.5756E-09 1.6603E-09 1.7458E-09 1.8334E-09 1.9227E-09 2.0131E-09 2.1042E-09 2.1955E-09 2.2862E-09 2.3758E-09 2.4635E-09 2.5507E-09 2.6361E-09 2.7098E-09 2.7747E-09 2.8334E-09 2.8832E-09 2.9253E-09 2.9623E-09 2.9963E-09 3.0282E-09 3.0511E-09 3.0697E-09 3.0839E-09
1.3369E-10 1.4772E-10 1.6243E-10 1.7836E-10 1.9558E-10 2.1417E-10 2.3471E-10 2.5628E-10 2.7895E-10 3.0432E-10 3.3095E-10 3.5889E-10 3.8980E-10 4.2219E-10 4.5612E-10 4.9372E-10 5.3208E-10 5.7374E-10 6.1880E-10 6.6440E-10 7.1352E-10 7.6520E-10 8.1960E-10 8.7663E-10 9.3530E-10 9.9880E-10 1.0630E-09 1.1309E-09 1.2004E-09 1.2736E-09 1.3497E-09 1.4270E-09 1.5082E-09 1.5917E-09 1.6764E-09 1.7632E-09 1.8520E-09 1.9426E-09 2.0344E-09 2.1269E-09 2.2195E-09 2.3118E-09 2.4029E-09 2.4941E-09 2.5850E-09 2.6671E-09 2.7405E-09 2.8069E-09 2.8653E-09 2.9138E-09 2.9567E-09 2.9969E-09 3.0345E-09 3.0632E-09 3.0872E-09 3.1067E-09 3.1299E-09
1.3399E-10 1.4758E-10 1.6234E-10 1.7832E-10 1.9609E-10 2.1477E-10 2.3490E-10 2.5658E-10 2.7986E-10 3.0486E-10 3.3163E-10 3.6024E-10 3.9083E-10 4.2342E-10 4.5754E-10 4.9546E-10 5.3508E-10 5.7606E-10 6.2155E-10 6.6853E-10 7.1707E-10 7.7030E-10 8.2416E-10 8.8178E-10 9.4206E-10 1.0053E-09 1.0701E-09 1.1388E-09 1.2101E-09 1.2844E-09 1.3602E-09 1.4398E-09 1.5207E-09 1.6054E-09 1.6912E-09 1.7792E-09 1.8693E-09 1.9611E-09 2.0542E-09 2.1480E-09 2.2421E-09 2.3358E-09 2.4303E-09 2.5253E-09 2.6140E-09 2.6958E-09 2.7710E-09 2.8385E-09 2.8933E-09 2.9424E-09 2.9888E-09 3.0323E-09 3.0670E-09 3.0966E-09 3.1218E-09 3.1504E-09 3.1681E-09
1.3369E-10 1.4731E-10 1.6258E-10 1.7861E-10 1.9595E-10 2.1468E-10 2.3488E-10 2.5663E-10 2.8052E-10 3.0511E-10 3.3200E-10 3.6128E-10 3.9149E-10 4.2425E-10 4.6012E-10 4.9674E-10 5.3663E-10 5.7990E-10 6.2374E-10 6.7109E-10 7.2103E-10 7.7372E-10 8.2909E-10 8.8615E-10 9.4814E-10 1.0108E-09 1.0774E-09 1.1457E-09 1.2179E-09 1.2930E-09 1.3708E-09 1.4501E-09 1.5333E-09 1.6178E-09 1.7046E-09 1.7938E-09 1.8850E-09 1.9780E-09 2.0724E-09 2.1676E-09 2.2631E-09 2.3582E-09 2.4564E-09 2.5511E-09 2.6404E-09 2.7239E-09 2.8010E-09 2.8637E-09 2.9193E-09 2.9716E-09 3.0215E-09 3.0619E-09 3.0976E-09 3.1310E-09 3.1629E-09 3.1860E-09 3.2051E-09
1.3327E-10 1.4739E-10 1.6220E-10 1.7825E-10 1.9562E-10 2.1489E-10 2.3515E-10 2.5645E-10 2.8042E-10 3.0561E-10 3.3206E-10 3.6148E-10 3.9233E-10 4.2470E-10 4.6078E-10 4.9855E-10 5.3768E-10 5.8127E-10 6.2637E-10 6.7304E-10 7.2440E-10 7.7643E-10 8.3225E-10 8.9079E-10 9.5231E-10 1.0155E-09 1.0827E-09 1.1527E-09 1.2257E-09 1.3004E-09 1.3791E-09 1.4592E-09 1.5433E-09 1.6288E-09 1.7167E-09 1.8069E-09 1.8992E-09 1.9934E-09 2.0891E-09 2.1856E-09 2.2824E-09 2.3830E-09 2.4809E-09 2.5752E-09 2.6645E-09 2.7520E-09 2.8246E-09 2.8866E-09 2.9454E-09 3.0012E-09 3.0479E-09 3.0896E-09 3.1290E-09 3.1667E-09 3.1955E-09 3.2203E-09 3.2432E-09
1.3321E-10 1.4685E-10 1.6167E-10 1.7821E-10 1.9561E-10 2.1441E-10 2.3470E-10 2.5655E-10 2.8006E-10 3.0531E-10 3.3287E-10 3.6133E-10 3.9228E-10 4.2574E-10 4.6100E-10 4.9895E-10 5.3926E-10 5.8210E-10 6.2746E-10 6.7435E-10 7.2609E-10 7.7950E-10 8.3464E-10 8.9473E-10 9.5561E-10 1.0204E-09 1.0871E-09 1.1577E-09 1.2314E-09 1.3079E-09 1.3861E-09 1.4683E-09 1.5521E-09 1.6384E-09 1.7272E-09 1.8184E-09 1.9118E-09 2.0072E-09 2.1040E-09 2.2018E-09 2.3020E-09 2.4042E-09 2.5017E-09 2.5972E-09 2.6906E-09 2.7736E-09 2.8449E-09 2.9098E-09 2.9717E-09 3.0248E-09 3.0724E-09 3.1181E-09 3.1615E-09 3.1964E-09 3.2267E-09 3.2554E-09 3.2825E-09
1.3255E-10 1.4618E-10 1.6147E-10 1.7753E-10 1.9493E-10 2.1373E-10 2.3403E-10 2.5641E-10 2.7943E-10 3.0471E-10 3.3234E-10 3.6083E-10 3.9186E-10 4.2597E-10 4.6077E-10 4.9887E-10 5.4036E-10 5.8237E-10 6.2794E-10 6.7716E-10 7.2710E-10 7.8082E-10 8.3623E-10 8.9677E-10 9.5802E-10 1.0233E-09 1.0915E-09 1.1628E-09 1.2359E-09 1.3131E-09 1.3931E-09 1.4749E-09 1.5594E-09 1.6466E-09 1.7362E-09 1.8283E-09 1.9228E-09 2.0193E-09 2.1173E-09 2.2163E-09 2.3200E-09 2.4217E-09 2.5205E-09 2.6186E-09 2.7116E-09 2.7923E-09 2.8624E-09 2.9310E-09 2.9919E-09 3.0460E-09 3.0949E-09 3.1471E-09 3.1877E-09 3.2241E-09 3.2585E-09 3.2914E-09 3.3169E-09
1.3177E-10 1.4586E-10 1.6064E-10 1.7668E-10 1.9406E-10 2.1335E-10 2.3313E-10 2.5552E-10 2.7907E-10 3.0382E-10 3.3148E-10 3.6053E-10 3.9104E-10 4.2525E-10 4.6112E-10 4.9830E-10 5.3996E-10 5.8311E-10 6.2781E-10 6.7728E-10 7.2845E-10 7.8137E-10 8.3923E-10 8.9795E-10 9.6065E-10 1.0252E-09 1.0938E-09 1.1656E-09 1.2404E-09 1.3170E-09 1.3977E-09 1.4801E-09 1.5653E-09 1.6532E-09 1.7436E-09 1.8366E-09 1.9321E-09 2.0296E-09 2.1287E-09 2.2311E-09 2.3362E-09 2.4373E-09 2.5395E-09 2.6397E-09 2.7283E-09 2.8081E-09 2.8825E-09 2.9498E-09 3.0099E-09 3.0650E-09 3.1208E-09 3.1698E-09 3.2122E-09 3.2524E-09 3.2913E-09 3.3223E-09 3.3500E-09
1.3135E-10 1.4492E-10 1.5966E-10 1.7566E-10 1.9351E-10 2.1228E-10 2.3254E-10 2.5439E-10 2.7791E-10 3.0317E-10 3.3030E-10 3.5935E-10 3.9086E-10 4.2411E-10 4.6003E-10 4.9828E-10 5.3903E-10 5.8229E-10 6.2813E-10 6.7674E-10 7.2808E-10 7.8116E-10 8.3931E-10 8.9825E-10 9.6126E-10 1.0272E-09 1.0963E-09 1.1674E-09 1.2426E-09 1.3196E-09 1.4009E-09 1.4839E-09 1.5697E-09 1.6582E-09 1.7493E-09 1.8432E-09 1.9397E-09 2.0381E-09 2.1403E-09 2.2459E-09 2.3484E-09 2.4507E-09 2.5564E-09 2.6541E-09 2.7419E-09 2.8227E-09 2.8981E-09 2.9642E-09 3.0256E-09 3.0871E-09 3.1424E-09 3.1905E-09 3.2369E-09 3.2813E-09 3.3184E-09 3.3517E-09 3.3863E-09
1.3033E-10 1.4385E-10 1.5902E-10 1.7499E-10 1.9228E-10 2.1099E-10 2.3120E-10 2.5301E-10 2.7648E-10 3.0223E-10 3.2879E-10 3.5781E-10 3.8986E-10 4.2255E-10 4.5848E-10 4.9778E-10 5.3755E-10 5.8088E-10 6.2785E-10 6.7551E-10 7.2699E-10 7.8123E-10 8.3856E-10 8.9877E-10 9.6090E-10 1.0271E-09 1.0966E-09 1.1691E-09 1.2435E-09 1.3222E-09 1.4027E-09 1.4862E-09 1.5725E-09 1.6616E-09 1.7534E-09 1.8481E-09 1.9454E-09 2.0448E-09 2.1502E-09 2.2551E-09 2.3587E-09 2.4643E-09 2.5702E-09 2.6652E-09 2.7548E-09 2.8370E-09 2.9093E-09 2.9763E-09 3.0415E-09 3.1047E-09 3.1592E-09 3.2092E-09 3.2597E-09 3.3046E-09 3.3438E-09 3.3820E-09 3.4193E-09
1.2918E-10 1.4263E-10 1.5775E-10 1.7364E-10 1.9086E-10 2.0951E-10 2.3016E-10 2.5190E-10 2.7478E-10 3.0048E-10 3.2750E-10 3.5591E-10 3.8794E-10 4.2158E-10 4.5647E-10 4.9581E-10 5.3659E-10 5.7888E-10 6.2594E-10 6.7468E-10 7.2515E-10 7.8063E-10 8.3694E-10 8.9732E-10 9.5957E-10 1.0272E-09 1.0957E-09 1.1685E-09 1.2432E-09 1.3223E-09 1.4032E-09 1.4870E-09 1.5737E-09 1.6633E-09 1.7558E-09 1.8512E-09 1.9493E-09 2.0517E-09 2.1581E-09 2.2622E-09 2.3689E-09 2.4777E-09 2.5793E-09 2.6737E-09 2.7648E-09 2.8447E-09 2.9177E-09 2.9886E-09 3.0576E-09 3.1180E-09 3.1738E-09 3.2303E-09 3.2809E-09 3.3261E-09 3.3698E-09 3.4132E-09 3.4490E-09
1.2841E-10 1.4178E-10 1.5633E-10 1.7213E-10 1.8977E-10 2.0781E-10 2.2839E-10 2.5003E-10 2.7334E-10 2.9843E-10 3.2535E-10 3.5466E-10 3.8564E-10 4.1921E-10 4.5505E-10 4.9332E-10 5.3407E-10 5.7735E-10 6.2338E-10 6.7212E-10 7.2257E-10 7.7814E-10 8.3447E-10 8.9493E-10 9.5839E-10 1.0251E-09 1.0937E-09 1.1668E-09 1.2429E-09 1.3210E-09 1.4022E-09 1.4863E-09 1.5734E-09 1.6633E-09 1.7565E-09 1.8526E-09 1.9513E-09 2.0566E-09 2.1622E-09 2.2671E-09 2.3769E-09 2.4848E-09 2.5854E-09 2.6813E-09 2.7712E-09 2.8499E-09 2.9237E-09 2.9987E-09 3.0668E-09 3.1289E-09 3.1886E-09 3.2473E-09 3.2980E-09 3.3478E-09 3.3965E-09 3.4384E-09 3.4772E-09
