Assets/Resources/2015_m01_d27_0600(utc+0800)_l00_csi_1hr_conc.grd
DSAA
         159         159
     -79.000      79.000
     -79.000      79.000
  0.0000E+00  0.3809E-05
[rows 0 to 24 of 159, columns 0 to 56 of 159]
0.0000E+00 0.0000E+00 0.0000E+00 0.0000E+00 0.0000E+00 0.0000E+00 0.0000E+00 0.0000E+00 0.0000E+00 0.0000E+00 0.0000E+00 0.0000E+00 3.3470E-12 5.9751E-12 1.4796E-11 2.3390E-11 3.9952E-11 5.9129E-11 8.7742E-11 1.3147E-10 1.8653E-10 2.6276E-10 3.5994E-10 4.8709E-10 6.4620E-10 8.4769E-10 1.0956E-09 1.3986E-09 1.7580E-09 2.1841E-09 2.6756E-09 3.2418E-09 3.8752E-09 4.5719E-09 5.3266E-09 6.1279E-09 6.9623E-09 7.8143E-09 8.6600E-09 9.4788E-09 1.0246E-08 1.0939E-08 1.1533E-08 1.2005E-08 1.2339E-08 1.2520E-08 1.2536E-08 1.2385E-08 1.2068E-08 1.1595E-08 1.0976E-08 1.0236E-08 9.3956E-09 8.4838E-09 7.5290E-09 6.5627E-09 5.6087E-09
0.0000E+00 0.0000E+00 0.0000E+00 0.0000E+00 0.0000E+00 0.0000E+00 0.0000E+00 0.0000E+00 0.0000E+00 0.0000E+00 0.0000E+00 0.0000E+00 3.0046E-12 5.6135E-12 1.4020E-11 2.2415E-11 3.8814E-11 5.7909E-11 8.6560E-11 1.3079E-10 1.8654E-10 2.6443E-10 3.6364E-10 4.9458E-10 6.5974E-10 8.6912E-10 1.1261E-09 1.4437E-09 1.8225E-09 2.2722E-09 2.7952E-09 3.4004E-09 4.0746E-09 4.8300E-09 5.6488E-09 6.5181E-09 7.4338E-09 8.3694E-09 9.3060E-09 1.0222E-08 1.1086E-08 1.1873E-08 1.2561E-08 1.3120E-08 1.3530E-08 1.3774E-08 1.3839E-08 1.3719E-08 1.3413E-08 1.2930E-08 1.2283E-08 1.1488E-08 1.0576E-08 9.5775E-09 8.5242E-09 7.4500E-09 6.3875E-09
0.0000E+00 0.0000E+00 0.0000E+00 0.0000E+00 0.0000E+00 0.0000E+00 0.0000E+00 0.0000E+00 0.0000E+00 0.0000E+00 0.0000E+00 0.0000E+00 2.5838E-12 5.1033E-12 1.2411E-11 2.1013E-11 3.6519E-11 5.5378E-11 8.3826E-11 1.2773E-10 1.8300E-10 2.6155E-10 3.6141E-10 4.9471E-10 6.6298E-10 8.7762E-10 1.1412E-09 1.4687E-09 1.8617E-09 2.3307E-09 2.8797E-09 3.5155E-09 4.2305E-09 5.0339E-09 5.9053E-09 6.8416E-09 7.8294E-09 8.8448E-09 9.8696E-09 1.0875E-08 1.1835E-08 1.2721E-08 1.3499E-08 1.4149E-08 1.4643E-08 1.4959E-08 1.5084E-08 1.5007E-08 1.4725E-08 1.4243E-08 1.3576E-08 1.2743E-08 1.1771E-08 1.0690E-08 9.5441E-09 8.3649E-09 7.1923E-09
0.0000E+00 0.0000E+00 0.0000E+00 0.0000E+00 0.0000E+00 0.0000E+00 0.0000E+00 0.0000E+00 0.0000E+00 0.0000E+00 0.0000E+00 0.0000E+00 1.8129E-12 4.3645E-12 1.0471E-11 1.8979E-11 3.3332E-11 5.1915E-11 7.9430E-11 1.2193E-10 1.7694E-10 2.5423E-10 3.5331E-10 4.8674E-10 6.5518E-10 8.7164E-10 1.1394E-09 1.4731E-09 1.8760E-09 2.3576E-09 2.9251E-09 3.5854E-09 4.3322E-09 5.1725E-09 6.0920E-09 7.0866E-09 8.1348E-09 9.2238E-09 1.0330E-08 1.1420E-08 1.2470E-08 1.3449E-08 1.4323E-08 1.5062E-08 1.5642E-08 1.6038E-08 1.6228E-08 1.6204E-08 1.5960E-08 1.5496E-08 1.4825E-08 1.3967E-08 1.2952E-08 1.1807E-08 1.0571E-08 9.2961E-09 8.0165E-09
0.0000E+00 0.0000E+00 0.0000E+00 0.0000E+00 0.0000E+00 0.0000E+00 0.0000E+00 0.0000E+00 0.0000E+00 0.0000E+00 0.0000E+00 0.0000E+00 7.6824E-13 3.5183E-12 8.1154E-12 1.6247E-11 2.9236E-11 4.7121E-11 7.3646E-11 1.1371E-10 1.6728E-10 2.4245E-10 3.3984E-10 4.7050E-10 6.3717E-10 8.5175E-10 1.1202E-09 1.4549E-09 1.8624E-09 2.3516E-09 2.9311E-09 3.6077E-09 4.3761E-09 5.2459E-09 6.2049E-09 7.2420E-09 8.3451E-09 9.4979E-09 1.0670E-08 1.1840E-08 1.2975E-08 1.4038E-08 1.5003E-08 1.5834E-08 1.6498E-08 1.6975E-08 1.7241E-08 1.7278E-08 1.7080E-08 1.6648E-08 1.5992E-08 1.5127E-08 1.4080E-08 1.2887E-08 1.1586E-08 1.0221E-08 8.8438E-09
0.0000E+00 0.0000E+00 0.0000E+00 0.0000E+00 0.0000E+00 0.0000E+00 0.0000E+00 0.0000E+00 0.0000E+00 0.0000E+00 0.0000E+00 0.0000E+00 0.0000E+00 2.1382E-12 6.2178E-12 1.3063E-11 2.4602E-11 4.1702E-11 6.6230E-11 1.0426E-10 1.5469E-10 2.2658E-10 3.2051E-10 4.4653E-10 6.0871E-10 8.1895E-10 1.0833E-09 1.4147E-09 1.8211E-09 2.3118E-09 2.8945E-09 3.5801E-09 4.3638E-09 5.2522E-09 6.2380E-09 7.3105E-09 8.4582E-09 9.6599E-09 1.0891E-08 1.2129E-08 1.3336E-08 1.4480E-08 1.5528E-08 1.6443E-08 1.7191E-08 1.7749E-08 1.8091E-08 1.8198E-08 1.8059E-08 1.7673E-08 1.7043E-08 1.6186E-08 1.5130E-08 1.3907E-08 1.2554E-08 1.1125E-08 9.6612E-09
0.0000E+00 0.0000E+00 0.0000E+00 0.0000E+00 0.0000E+00 0.0000E+00 0.0000E+00 0.0000E+00 0.0000E+00 0.0000E+00 0.0000E+00 0.0000E+00 0.0000E+00 7.0457E-13 4.1863E-12 1.0286E-11 1.9834E-11 3.5204E-11 5.7822E-11 9.2647E-11 1.3961E-10 2.0711E-10 2.9597E-10 4.1537E-10 5.7130E-10 7.7400E-10 1.0304E-09 1.3545E-09 1.7537E-09 2.2389E-09 2.8186E-09 3.5050E-09 4.2927E-09 5.1910E-09 6.1954E-09 7.2934E-09 8.4736E-09 9.7155E-09 1.0998E-08 1.2289E-08 1.3558E-08 1.4772E-08 1.5891E-08 1.6883E-08 1.7716E-08 1.8350E-08 1.8767E-08 1.8947E-08 1.8873E-08 1.8542E-08 1.7955E-08 1.7126E-08 1.6074E-08 1.4840E-08 1.3460E-08 1.1975E-08 1.0449E-08
0.0000E+00 0.0000E+00 0.0000E+00 0.0000E+00 0.0000E+00 0.0000E+00 0.0000E+00 0.0000E+00 0.0000E+00 0.0000E+00 0.0000E+00 0.0000E+00 0.0000E+00 5.3449E-14 1.8424E-12 6.9992E-12 1.5224E-11 2.8161E-11 4.8289E-11 7.9711E-11 1.2344E-10 1.8474E-10 2.6759E-10 3.7863E-10 5.2625E-10 7.1845E-10 9.6425E-10 1.2759E-09 1.6624E-09 2.1379E-09 2.7071E-09 3.3854E-09 4.1706E-09 5.0712E-09 6.0813E-09 7.1943E-09 8.3976E-09 9.6707E-09 1.0991E-08 1.2329E-08 1.3651E-08 1.4923E-08 1.6106E-08 1.7166E-08 1.8067E-08 1.8778E-08 1.9269E-08 1.9523E-08 1.9520E-08 1.9251E-08 1.8714E-08 1.7927E-08 1.6905E-08 1.5670E-08 1.4277E-08 1.2768E-08 1.1185E-08
0.0000E+00 0.0000E+00 0.0000E+00 0.0000E+00 0.0000E+00 0.0000E+00 0.0000E+00 0.0000E+00 0.0000E+00 0.0000E+00 0.0000E+00 0.0000E+00 0.0000E+00 0.0000E+00 7.0462E-13 3.6693E-12 1.0636E-11 2.1660E-11 3.8300E-11 6.5511E-11 1.0508E-10 1.6089E-10 2.3601E-10 3.3751E-10 4.7562E-10 6.5449E-10 8.8733E-10 1.1825E-09 1.5523E-09 2.0118E-09 2.5647E-09 3.2293E-09 4.0050E-09 4.8985E-09 5.9060E-09 7.0270E-09 8.2449E-09 9.5398E-09 1.0890E-08 1.2264E-08 1.3631E-08 1.4951E-08 1.6191E-08 1.7313E-08 1.8277E-08 1.9056E-08 1.9617E-08 1.9939E-08 2.0003E-08 1.9803E-08 1.9331E-08 1.8590E-08 1.7603E-08 1.6399E-08 1.5005E-08 1.3477E-08 1.1870E-08
0.0000E+00 0.0000E+00 0.0000E+00 0.0000E+00 0.0000E+00 0.0000E+00 0.0000E+00 0.0000E+00 0.0000E+00 0.0000E+00 0.0000E+00 0.0000E+00 0.0000E+00 0.0000E+00 0.0000E+00 1.6234E-12 6.2933E-12 1.5587E-11 2.9875E-11 5.1517E-11 8.6222E-11 1.3629E-10 2.0361E-10 2.9484E-10 4.2058E-10 5.8560E-10 8.0241E-10 1.0790E-09 1.4292E-09 1.8657E-09 2.4007E-09 3.0438E-09 3.8019E-09 4.6840E-09 5.6860E-09 6.8036E-09 8.0282E-09 9.3390E-09 1.0713E-08 1.2116E-08 1.3520E-08 1.4886E-08 1.6173E-08 1.7348E-08 1.8374E-08 1.9212E-08 1.9839E-08 2.0227E-08 2.0358E-08 2.0220E-08 1.9809E-08 1.9129E-08 1.8189E-08 1.7012E-08 1.5643E-08 1.4114E-08 1.2482E-08
0.0000E+00 0.0000E+00 0.0000E+00 0.0000E+00 0.0000E+00 0.0000E+00 0.0000E+00 0.0000E+00 0.0000E+00 0.0000E+00 0.0000E+00 0.0000E+00 0.0000E+00 0.0000E+00 0.0000E+00 0.0000E+00 2.9050E-12 9.2431E-12 2.1298E-11 3.8761E-11 6.7478E-11 1.1137E-10 1.7048E-10 2.5283E-10 3.6446E-10 5.1425E-10 7.1307E-10 9.6926E-10 1.2967E-09 1.7087E-09 2.2184E-09 2.8362E-09 3.5746E-09 4.4385E-09 5.4291E-09 6.5404E-09 7.7675E-09 9.0854E-09 1.0475E-08 1.1907E-08 1.3343E-08 1.4747E-08 1.6083E-08 1.7305E-08 1.8381E-08 1.9278E-08 1.9963E-08 2.0413E-08 2.0607E-08 2.0533E-08 2.0182E-08 1.9557E-08 1.8671E-08 1.7539E-08 1.6190E-08 1.4681E-08 1.3049E-08
0.0000E+00 0.0000E+00 0.0000E+00 0.0000E+00 0.0000E+00 0.0000E+00 0.0000E+00 0.0000E+00 0.0000E+00 0.0000E+00 0.0000E+00 0.0000E+00 0.0000E+00 0.0000E+00 0.0000E+00 0.0000E+00 5.6764E-13 4.6587E-12 1.3143E-11 2.7628E-11 5.0376E-11 8.6332E-11 1.3757E-10 2.1049E-10 3.0939E-10 4.4324E-10 6.2197E-10 8.5758E-10 1.1609E-09 1.5469E-09 2.0269E-09 2.6185E-09 3.3316E-09 4.1734E-09 5.1481E-09 6.2509E-09 7.4721E-09 8.7989E-09 1.0205E-08 1.1657E-08 1.3126E-08 1.4565E-08 1.5941E-08 1.7211E-08 1.8334E-08 1.9281E-08 2.0022E-08 2.0525E-08 2.0779E-08 2.0765E-08 2.0476E-08 1.9907E-08 1.9072E-08 1.7987E-08 1.6680E-08 1.5186E-08 1.3565E-08
0.0000E+00 0.0000E+00 0.0000E+00 0.0000E+00 0.0000E+00 0.0000E+00 0.0000E+00 0.0000E+00 0.0000E+00 0.0000E+00 0.0000E+00 0.0000E+00 0.0000E+00 0.0000E+00 0.0000E+00 0.0000E+00 0.0000E+00 1.5756E-12 7.3415E-12 1.8017E-11 3.4326E-11 6.4647E-11 1.0743E-10 1.6866E-10 2.5540E-10 3.7397E-10 5.3394E-10 7.4654E-10 1.0240E-09 1.3828E-09 1.8357E-09 2.3984E-09 3.0829E-09 3.8984E-09 4.8529E-09 5.9443E-09 7.1626E-09 8.4935E-09 9.9117E-09 1.1385E-08 1.2883E-08 1.4358E-08 1.5773E-08 1.7083E-08 1.8255E-08 1.9248E-08 2.0036E-08 2.0597E-08 2.0903E-08 2.0945E-08 2.0716E-08 2.0209E-08 1.9427E-08 1.8389E-08 1.7121E-08 1.5658E-08 1.4044E-08
0.0000E+00 0.0000E+00 0.0000E+00 0.0000E+00 0.0000E+00 0.0000E+00 0.0000E+00 0.0000E+00 0.0000E+00 0.0000E+00 0.0000E+00 0.0000E+00 0.0000E+00 0.0000E+00 0.0000E+00 0.0000E+00 0.0000E+00 2.1552E-13 3.2755E-12 1.1042E-11 2.3168E-11 4.4862E-11 8.0466E-11 1.3198E-10 2.0508E-10 3.0808E-10 4.5003E-10 6.4145E-10 8.9364E-10 1.2235E-09 1.6476E-09 2.1787E-09 2.8329E-09 3.6235E-09 4.5531E-09 5.6291E-09 6.8424E-09 8.1752E-09 9.6036E-09 1.1102E-08 1.2624E-08 1.4134E-08 1.5592E-08 1.6945E-08 1.8159E-08 1.9202E-08 2.0038E-08 2.0646E-08 2.1008E-08 2.1108E-08 2.0933E-08 2.0483E-08 1.9761E-08 1.8772E-08 1.7539E-08 1.6101E-08 1.4504E-08
0.0000E+00 0.0000E+00 0.0000E+00 0.0000E+00 0.0000E+00 0.0000E+00 0.0000E+00 0.0000E+00 0.0000E+00 0.0000E+00 0.0000E+00 0.0000E+00 0.0000E+00 0.0000E+00 0.0000E+00 0.0000E+00 0.0000E+00 0.0000E+00 9.5037E-13 5.0896E-12 1.4808E-11 2.9340E-11 5.7214E-11 9.8886E-11 1.6111E-10 2.4976E-10 3.7322E-10 5.4326E-10 7.7216E-10 1.0754E-09 1.4678E-09 1.9670E-09 2.5898E-09 3.3478E-09 4.2552E-09 5.3111E-09 6.5114E-09 7.8469E-09 9.2881E-09 1.0802E-08 1.2354E-08 1.3899E-08 1.5394E-08 1.6793E-08 1.8057E-08 1.9147E-08 2.0033E-08 2.0695E-08 2.1109E-08 2.1265E-08 2.1148E-08 2.0756E-08 2.0088E-08 1.9150E-08 1.7963E-08 1.6551E-08 1.4957E-08
0.0000E+00 0.0000E+00 0.0000E+00 0.0000E+00 0.0000E+00 0.0000E+00 0.0000E+00 0.0000E+00 0.0000E+00 0.0000E+00 0.0000E+00 0.0000E+00 0.0000E+00 0.0000E+00 0.0000E+00 0.0000E+00 0.0000E+00 0.0000E+00 0.0000E+00 1.7084E-12 7.3863E-12 1.8578E-11 3.8432E-11 7.3104E-11 1.2373E-10 1.9899E-10 3.0682E-10 4.5440E-10 6.6167E-10 9.3801E-10 1.2998E-09 1.7664E-09 2.3568E-09 3.0827E-09 3.9623E-09 4.9934E-09 6.1789E-09 7.5058E-09 8.9531E-09 1.0488E-08 1.2067E-08 1.3645E-08 1.5182E-08 1.6629E-08 1.7938E-08 1.9079E-08 2.0022E-08 2.0738E-08 2.1208E-08 2.1423E-08 2.1370E-08 2.1037E-08 2.0425E-08 1.9542E-08 1.8396E-08 1.7011E-08 1.5425E-08
0.0000E+00 0.0000E+00 0.0000E+00 0.0000E+00 0.0000E+00 0.0000E+00 0.0000E+00 0.0000E+00 0.0000E+00 0.0000E+00 0.0000E+00 0.0000E+00 0.0000E+00 0.0000E+00 0.0000E+00 0.0000E+00 0.0000E+00 0.0000E+00 0.0000E+00 0.0000E+00 2.7543E-12 9.4078E-12 2.3314E-11 5.0071E-11 9.2647E-11 1.5601E-10 2.4788E-10 3.7949E-10 5.6212E-10 8.1056E-10 1.1457E-09 1.5791E-09 2.1354E-09 2.8292E-09 3.6774E-09 4.6816E-09 5.8460E-09 7.1597E-09 8.6083E-09 1.0156E-08 1.1759E-08 1.3374E-08 1.4947E-08 1.6439E-08 1.7801E-08 1.8997E-08 1.9992E-08 2.0766E-08 2.1301E-08 2.1580E-08 2.1587E-08 2.1324E-08 2.0778E-08 1.9946E-08 1.8847E-08 1.7490E-08 1.5914E-08
0.0000E+00 0.0000E+00 0.0000E+00 0.0000E+00 0.0000E+00 0.0000E+00 0.0000E+00 0.0000E+00 0.0000E+00 0.0000E+00 0.0000E+00 0.0000E+00 0.0000E+00 0.0000E+00 0.0000E+00 0.0000E+00 0.0000E+00 0.0000E+00 0.0000E+00 0.0000E+00 0.0000E+00 4.0240E-12 1.1273E-11 3.2244E-11 6.6131E-11 1.1853E-10 1.9794E-10 3.1074E-10 4.7345E-10 6.9821E-10 1.0026E-09 1.4058E-09 1.9278E-09 2.5879E-09 3.4013E-09 4.3746E-09 5.5188E-09 6.8160E-09 8.2548E-09 9.8014E-09 1.1424E-08 1.3065E-08 1.4680E-08 1.6215E-08 1.7627E-08 1.8874E-08 1.9931E-08 2.0768E-08 2.1366E-08 2.1714E-08 2.1798E-08 2.1604E-08 2.1126E-08 2.0365E-08 1.9312E-08 1.7990E-08 1.6421E-08
0.0000E+00 0.0000E+00 0.0000E+00 0.0000E+00 0.0000E+00 0.0000E+00 0.0000E+00 0.0000E+00 0.0000E+00 0.0000E+00 0.0000E+00 0.0000E+00 0.0000E+00 0.0000E+00 0.0000E+00 0.0000E+00 0.0000E+00 0.0000E+00 0.0000E+00 0.0000E+00 0.0000E+00 0.0000E+00 4.8972E-12 1.6102E-11 4.4374E-11 8.8405E-11 1.5456E-10 2.5514E-10 3.9528E-10 5.9523E-10 8.7316E-10 1.2436E-09 1.7340E-09 2.3572E-09 3.1351E-09 4.0799E-09 5.1904E-09 6.4670E-09 7.8913E-09 9.4331E-09 1.1062E-08 1.2723E-08 1.4368E-08 1.5944E-08 1.7404E-08 1.8710E-08 1.9822E-08 2.0721E-08 2.1390E-08 2.1813E-08 2.1971E-08 2.1859E-08 2.1464E-08 2.0772E-08 1.9783E-08 1.8500E-08 1.6949E-08
0.0000E+00 0.0000E+00 0.0000E+00 0.0000E+00 0.0000E+00 0.0000E+00 0.0000E+00 0.0000E+00 0.0000E+00 0.0000E+00 0.0000E+00 0.0000E+00 0.0000E+00 0.0000E+00 0.0000E+00 0.0000E+00 0.0000E+00 0.0000E+00 0.0000E+00 0.0000E+00 0.0000E+00 0.0000E+00 0.0000E+00 6.0212E-12 2.4437E-11 6.2157E-11 1.1844E-10 2.0443E-10 3.3051E-10 5.0798E-10 7.5775E-10 1.0999E-09 1.5519E-09 2.1383E-09 2.8819E-09 3.7873E-09 4.8665E-09 6.1150E-09 7.5161E-09 9.0487E-09 1.0671E-08 1.2341E-08 1.4007E-08 1.5615E-08 1.7122E-08 1.8481E-08 1.9651E-08 2.0617E-08 2.1358E-08 2.1857E-08 2.2102E-08 2.2078E-08 2.1769E-08 2.1160E-08 2.0240E-08 1.9011E-08 1.7487E-08
0.0000E+00 0.0000E+00 0.0000E+00 0.0000E+00 0.0000E+00 0.0000E+00 0.0000E+00 0.0000E+00 0.0000E+00 0.0000E+00 0.0000E+00 0.0000E+00 0.0000E+00 0.0000E+00 0.0000E+00 0.0000E+00 0.0000E+00 0.0000E+00 0.0000E+00 0.0000E+00 0.0000E+00 0.0000E+00 0.0000E+00 2.3298E-13 1.1505E-11 3.7566E-11 8.9248E-11 1.6125E-10 2.7223E-10 4.3317E-10 6.5797E-10 9.7232E-10 1.3920E-09 1.9408E-09 2.6420E-09 3.5065E-09 4.5465E-09 5.7599E-09 7.1332E-09 8.6442E-09 1.0261E-08 1.1933E-08 1.3612E-08 1.5248E-08 1.6791E-08 1.8202E-08 1.9430E-08 2.0460E-08 2.1270E-08 2.1849E-08 2.2177E-08 2.2243E-08 2.2027E-08 2.1506E-08 2.0666E-08 1.9499E-08 1.8008E-08
0.0000E+00 0.0000E+00 0.0000E+00 0.0000E+00 0.0000E+00 0.0000E+00 0.0000E+00 0.0000E+00 0.0000E+00 0.0000E+00 0.0000E+00 0.0000E+00 0.0000E+00 0.0000E+00 0.0000E+00 0.0000E+00 0.0000E+00 0.0000E+00 0.0000E+00 0.0000E+00 0.0000E+00 0.0000E+00 0.0000E+00 0.0000E+00 4.3845E-12 2.3624E-11 6.1356E-11 1.2464E-10 2.2237E-10 3.6350E-10 5.7181E-10 8.5526E-10 1.2443E-09 1.7602E-09 2.4178E-09 3.2450E-09 4.2434E-09 5.4143E-09 6.7585E-09 8.2444E-09 9.8382E-09 1.1508E-08 1.3192E-08 1.4850E-08 1.6425E-08 1.7875E-08 1.9160E-08 2.0251E-08 2.1129E-08 2.1784E-08 2.2195E-08 2.2351E-08 2.2226E-08 2.1798E-08 2.1044E-08 1.9943E-08 1.8504E-08
0.0000E+00 0.0000E+00 0.0000E+00 0.0000E+00 0.0000E+00 0.0000E+00 0.0000E+00 0.0000E+00 0.0000E+00 0.0000E+00 0.0000E+00 0.0000E+00 0.0000E+00 0.0000E+00 0.0000E+00 0.0000E+00 0.0000E+00 0.0000E+00 0.0000E+00 0.0000E+00 0.0000E+00 0.0000E+00 0.0000E+00 0.0000E+00 2.5543E-12 1.5204E-11 4.4858E-11 9.6583E-11 1.8166E-10 3.0552E-10 4.8786E-10 7.5133E-10 1.1104E-09 1.5879E-09 2.2112E-09 2.9891E-09 3.9435E-09 5.0796E-09 6.3817E-09 7.8383E-09 9.4157E-09 1.1073E-08 1.2765E-08 1.4436E-08 1.6042E-08 1.7528E-08 1.8862E-08 2.0006E-08 2.0947E-08 2.1670E-08 2.2161E-08 2.2400E-08 2.2365E-08 2.2029E-08 2.1360E-08 2.0339E-08 1.8945E-08
0.0000E+00 0.0000E+00 0.0000E+00 0.0000E+00 0.0000E+00 0.0000E+00 0.0000E+00 0.0000E+00 0.0000E+00 0.0000E+00 0.0000E+00 0.0000E+00 0.0000E+00 0.0000E+00 0.0000E+00 0.0000E+00 0.0000E+00 0.0000E+00 0.0000E+00 0.0000E+00 0.0000E+00 0.0000E+00 0.0000E+00 0.0000E+00 8.9414E-13 1.2527E-11 3.3365E-11 7.5454E-11 1.4604E-10 2.5761E-10 4.2117E-10 6.5637E-10 9.8432E-10 1.4261E-09 2.0061E-09 2.7451E-09 3.6541E-09 4.7442E-09 6.0073E-09 7.4309E-09 8.9896E-09 1.0636E-08 1.2326E-08 1.4014E-08 1.5641E-08 1.7170E-08 1.8549E-08 1.9747E-08 2.0744E-08 2.1529E-08 2.2085E-08 2.2401E-08 2.2449E-08 2.2204E-08 2.1624E-08 2.0676E-08 1.9350E-08
0.0000E+00 0.0000E+00 0.0000E+00 0.0000E+00 0.0000E+00 0.0000E+00 0.0000E+00 0.0000E+00 0.0000E+00 0.0000E+00 0.0000E+00 0.0000E+00 0.0000E+00 0.0000E+00 0.0000E+00 0.0000E+00 0.0000E+00 0.0000E+00 0.0000E+00 0.0000E+00 0.0000E+00 0.0000E+00 0.0000E+00 0.0000E+00 0.0000E+00 8.8624E-12 2.6881E-11 6.2919E-11 1.2113E-10 2.1647E-10 3.6123E-10 5.7290E-10 8.7277E-10 1.2814E-09 1.8165E-09 2.5088E-09 3.3740E-09 4.4152E-09 5.6375E-09 7.0298E-09 8.5534E-09 1.0189E-08 1.1889E-08 1.3586E-08 1.5243E-08 1.6802E-08 1.8225E-08 1.9480E-08 2.0530E-08 2.1370E-08 2.1990E-08 2.2374E-08 2.2498E-08 2.2335E-08 2.1838E-08 2.0977E-08 1.9712E-08
