Assets/Resources/2015_m01_d09_0900(utc+0800)_l00_csi_1hr_conc.grd
DSAA
         159         159
     -79.000      79.000
     -79.000      79.000
  0.5093E-09  0.2120E-04
[rows 100 to 124 of 159, columns 0 to 56 of 159]
1.6740E-09 1.7154E-09 1.7586E-09 1.7899E-09 1.8476E-09 1.8811E-09 1.9153E-09 1.9770E-09 2.0672E-09 2.1064E-09 2.1607E-09 2.2599E-09 2.3044E-09 2.3500E-09 2.3965E-09 2.4441E-09 2.4929E-09 2.5428E-09 2.5940E-09 2.6465E-09 2.7002E-09 2.7553E-09 2.8118E-09 2.8697E-09 2.9291E-09 3.1917E-09 3.3631E-09 3.4912E-09 3.8460E-09 4.0546E-09 4.2168E-09 4.3841E-09 4.5041E-09 4.6283E-09 4.7570E-09 4.8902E-09 5.0284E-09 5.1717E-09 5.3207E-09 5.4757E-09 5.6368E-09 5.8049E-09 5.9799E-09 6.1621E-09 6.3524E-09 6.5510E-09 6.7582E-09 6.9744E-09 7.2003E-09 7.4363E-09 8.1019E-09 8.4142E-09 9.1163E-09 9.9923E-09 1.0510E-08 1.1492E-08 1.2114E-08
1.6744E-09 1.7157E-09 1.7588E-09 1.7899E-09 1.8475E-09 1.8808E-09 1.9148E-09 1.9764E-09 2.0664E-09 2.1053E-09 2.1594E-09 2.2584E-09 2.3025E-09 2.3476E-09 2.3937E-09 2.4409E-09 2.4891E-09 2.5384E-09 2.5888E-09 2.6405E-09 2.6936E-09 2.7479E-09 2.8035E-09 2.8606E-09 2.9191E-09 3.1814E-09 3.3521E-09 3.4795E-09 3.8344E-09 4.0421E-09 4.2028E-09 4.3685E-09 4.4869E-09 4.6093E-09 4.7356E-09 4.8667E-09 5.0024E-09 5.1429E-09 5.2888E-09 5.4400E-09 5.5975E-09 5.7615E-09 5.9319E-09 6.1097E-09 6.2949E-09 6.4878E-09 6.6894E-09 6.8996E-09 7.1190E-09 7.3479E-09 8.0251E-09 8.3470E-09 9.0328E-09 9.9259E-09 1.0425E-08 1.1415E-08 1.2032E-08
1.6744E-09 1.7155E-09 1.7584E-09 1.7894E-09 1.8468E-09 1.8799E-09 1.9266E-09 1.9752E-09 2.0649E-09 2.1037E-09 2.1575E-09 2.2562E-09 2.3001E-09 2.3448E-09 2.3904E-09 2.4370E-09 2.4847E-09 2.5335E-09 2.5833E-09 2.6343E-09 2.6864E-09 2.7399E-09 2.7948E-09 2.8509E-09 3.0068E-09 3.1706E-09 3.3405E-09 3.4667E-09 3.8210E-09 4.0279E-09 4.1874E-09 4.3518E-09 4.4683E-09 4.5883E-09 4.7126E-09 4.8411E-09 4.9739E-09 5.1118E-09 5.2545E-09 5.4025E-09 5.5561E-09 5.7153E-09 5.8813E-09 6.0543E-09 6.2340E-09 6.4218E-09 6.6172E-09 6.8208E-09 7.0336E-09 7.2556E-09 7.9356E-09 8.2735E-09 8.9400E-09 9.8367E-09 1.0334E-08 1.1320E-08 1.1928E-08
1.6739E-09 1.7149E-09 1.7576E-09 1.7884E-09 1.8456E-09 1.8785E-09 1.9249E-09 1.9733E-09 2.0629E-09 2.1014E-09 2.1550E-09 2.2534E-09 2.2969E-09 2.3413E-09 2.3866E-09 2.4328E-09 2.4800E-09 2.5281E-09 2.5773E-09 2.6277E-09 2.6791E-09 2.7317E-09 2.7856E-09 2.8408E-09 2.9961E-09 3.1593E-09 3.3283E-09 3.4534E-09 3.8074E-09 4.0127E-09 4.1705E-09 4.3335E-09 4.4484E-09 4.5668E-09 4.6887E-09 4.8142E-09 4.9444E-09 5.0791E-09 5.2183E-09 5.3631E-09 5.5128E-09 5.6682E-09 5.8295E-09 5.9967E-09 6.1713E-09 6.3533E-09 6.5423E-09 6.7399E-09 6.9456E-09 7.1621E-09 7.8369E-09 8.1851E-09 8.8383E-09 9.7349E-09 1.0239E-08 1.1205E-08 1.1804E-08
1.6730E-09 1.7138E-09 1.7563E-09 1.7869E-09 1.8438E-09 1.8766E-09 1.9228E-09 1.9709E-09 2.0603E-09 2.0985E-09 2.1518E-09 2.2500E-09 2.2932E-09 2.3373E-09 2.3822E-09 2.4280E-09 2.4748E-09 2.5224E-09 2.5710E-09 2.6206E-09 2.6714E-09 2.7233E-09 2.7763E-09 2.8305E-09 3.0339E-09 3.1475E-09 3.3156E-09 3.4396E-09 3.7929E-09 3.9971E-09 4.1536E-09 4.3145E-09 4.4273E-09 4.5439E-09 4.6639E-09 4.7876E-09 4.9148E-09 5.0457E-09 5.1818E-09 5.3226E-09 5.4682E-09 5.6197E-09 5.7765E-09 5.9392E-09 6.1082E-09 6.2832E-09 6.4664E-09 6.6573E-09 6.8555E-09 7.0710E-09 7.7352E-09 8.3838E-09 8.7282E-09 9.6222E-09 1.0127E-08 1.1076E-08 1.1663E-08
1.6716E-09 1.7122E-09 1.7545E-09 1.7849E-09 1.8286E-09 1.8742E-09 1.9201E-09 1.9680E-09 2.0570E-09 2.0950E-09 2.1481E-09 2.2458E-09 2.2888E-09 2.3325E-09 2.3771E-09 2.4226E-09 2.4689E-09 2.5162E-09 2.5643E-09 2.6134E-09 2.6634E-09 2.7145E-09 2.7668E-09 2.8202E-09 3.0230E-09 3.1355E-09 3.3025E-09 3.4254E-09 3.7779E-09 3.9808E-09 4.1360E-09 4.2954E-09 4.4067E-09 4.5209E-09 4.6383E-09 4.7598E-09 4.8848E-09 5.0136E-09 5.1460E-09 5.2822E-09 5.4240E-09 5.5708E-09 5.7227E-09 5.8810E-09 6.0446E-09 6.2145E-09 6.3910E-09 6.5738E-09 6.7654E-09 6.9768E-09 7.6314E-09 8.2812E-09 8.6118E-09 9.4993E-09 1.0001E-08 1.0936E-08 1.1511E-08
1.6698E-09 1.7102E-09 1.7523E-09 1.7825E-09 1.8260E-09 1.8712E-09 1.9169E-09 1.9645E-09 2.0533E-09 2.0910E-09 2.1437E-09 2.2411E-09 2.2837E-09 2.3271E-09 2.3714E-09 2.4165E-09 2.4624E-09 2.5093E-09 2.5570E-09 2.6056E-09 2.6551E-09 2.7055E-09 2.7570E-09 2.8095E-09 3.0118E-09 3.1235E-09 3.2894E-09 3.5206E-09 3.7623E-09 3.9639E-09 4.1177E-09 4.2756E-09 4.3854E-09 4.4980E-09 4.6137E-09 4.7324E-09 4.8542E-09 4.9805E-09 5.1103E-09 5.2442E-09 5.3817E-09 5.5230E-09 5.6704E-09 5.8230E-09 5.9810E-09 6.1459E-09 6.3161E-09 6.4931E-09 6.6770E-09 6.8810E-09 7.5276E-09 8.1694E-09 8.4929E-09 9.3718E-09 9.8636E-09 1.0789E-08 1.1354E-08
1.6676E-09 1.7078E-09 1.7496E-09 1.7796E-09 1.8228E-09 1.8679E-09 1.9005E-09 1.9606E-09 2.0490E-09 2.0864E-09 2.1388E-09 2.2358E-09 2.2781E-09 2.3212E-09 2.3651E-09 2.4098E-09 2.4553E-09 2.5017E-09 2.5490E-09 2.5971E-09 2.6462E-09 2.6961E-09 2.7470E-09 2.7988E-09 3.0003E-09 3.1110E-09 3.2760E-09 3.5063E-09 3.7467E-09 3.9467E-09 4.0988E-09 4.2553E-09 4.3636E-09 4.4746E-09 4.5886E-09 4.7055E-09 4.8255E-09 4.9484E-09 5.0746E-09 5.2054E-09 5.3399E-09 5.4787E-09 5.6210E-09 5.7672E-09 5.9201E-09 6.0783E-09 6.2422E-09 6.4134E-09 6.5901E-09 6.7880E-09 7.4256E-09 8.0534E-09 8.3739E-09 9.2402E-09 1.0072E-08 1.0629E-08 1.1192E-08
1.6649E-09 1.7049E-09 1.7465E-09 1.7763E-09 1.8193E-09 1.8640E-09 1.8964E-09 1.9562E-09 2.0442E-09 2.0814E-09 2.1334E-09 2.2299E-09 2.2719E-09 2.3146E-09 2.3581E-09 2.4025E-09 2.4476E-09 2.4936E-09 2.5404E-09 2.5881E-09 2.6366E-09 2.6860E-09 2.7363E-09 2.7876E-09 2.9886E-09 3.0985E-09 3.2624E-09 3.4914E-09 3.7306E-09 3.9294E-09 4.0800E-09 4.2347E-09 4.3412E-09 4.4508E-09 4.5631E-09 4.6782E-09 4.7963E-09 4.9173E-09 5.0413E-09 5.1684E-09 5.2986E-09 5.4338E-09 5.5728E-09 5.7162E-09 5.8630E-09 6.0140E-09 6.1720E-09 6.3355E-09 6.5052E-09 6.6957E-09 7.3251E-09 7.9384E-09 8.2566E-09 9.1054E-09 9.9222E-09 1.0461E-08 1.1024E-08
1.6619E-09 1.7017E-09 1.7430E-09 1.7726E-09 1.8153E-09 1.8598E-09 1.8919E-09 1.9513E-09 2.0390E-09 2.0758E-09 2.1275E-09 2.2236E-09 2.2651E-09 2.3075E-09 2.3506E-09 2.3945E-09 2.4393E-09 2.4848E-09 2.5312E-09 2.5784E-09 2.6265E-09 2.6754E-09 2.7251E-09 2.7758E-09 2.9762E-09 3.0854E-09 3.2484E-09 3.4764E-09 3.7141E-09 3.9113E-09 4.0607E-09 4.2139E-09 4.3190E-09 4.4267E-09 4.5372E-09 4.6506E-09 4.7669E-09 4.8859E-09 5.0079E-09 5.1327E-09 5.2606E-09 5.3915E-09 5.5256E-09 5.6649E-09 5.8081E-09 5.9558E-09 6.1070E-09 6.2623E-09 6.4251E-09 6.6048E-09 7.2268E-09 7.8252E-09 8.1392E-09 8.9736E-09 9.7706E-09 1.0295E-08 1.0849E-08
1.6585E-09 1.6980E-09 1.7392E-09 1.7685E-09 1.8110E-09 1.8551E-09 1.8870E-09 1.9460E-09 2.0333E-09 2.0698E-09 2.1211E-09 2.2166E-09 2.2578E-09 2.2998E-09 2.3425E-09 2.3861E-09 2.4304E-09 2.4755E-09 2.5214E-09 2.5682E-09 2.6157E-09 2.6641E-09 2.7134E-09 2.7635E-09 2.9631E-09 3.0716E-09 3.2337E-09 3.4607E-09 3.6972E-09 3.8930E-09 4.0409E-09 4.1925E-09 4.2963E-09 4.4027E-09 4.5115E-09 4.6229E-09 4.7371E-09 4.8543E-09 4.9743E-09 5.0969E-09 5.2226E-09 5.3511E-09 5.4826E-09 5.6170E-09 5.7547E-09 5.8978E-09 6.0449E-09 6.1966E-09 6.3517E-09 6.5191E-09 7.1335E-09 7.7148E-09 8.0157E-09 8.8356E-09 9.2675E-09 1.0126E-08 1.0664E-08
1.6548E-09 1.6941E-09 1.7349E-09 1.7640E-09 1.8062E-09 1.8501E-09 1.8816E-09 1.9269E-09 2.0272E-09 2.0633E-09 2.1142E-09 2.2092E-09 2.2501E-09 2.2916E-09 2.3340E-09 2.3771E-09 2.4210E-09 2.4656E-09 2.5111E-09 2.5573E-09 2.6044E-09 2.6523E-09 2.7010E-09 2.7505E-09 2.9494E-09 3.0572E-09 3.2183E-09 3.4442E-09 3.6794E-09 3.8739E-09 4.0206E-09 4.1707E-09 4.2731E-09 4.3779E-09 4.4854E-09 4.5953E-09 4.7077E-09 4.8227E-09 4.9404E-09 5.0611E-09 5.1846E-09 5.3107E-09 5.4397E-09 5.5716E-09 5.7064E-09 5.8440E-09 5.9849E-09 6.1316E-09 6.2822E-09 6.4414E-09 7.0472E-09 7.6083E-09 7.8979E-09 8.6965E-09 9.1114E-09 9.9567E-09 1.0475E-08
1.6507E-09 1.6898E-09 1.7304E-09 1.7592E-09 1.8011E-09 1.8446E-09 1.8759E-09 1.9208E-09 2.0206E-09 2.0564E-09 2.1069E-09 2.1446E-09 2.2418E-09 2.2830E-09 2.3249E-09 2.3676E-09 2.4110E-09 2.4552E-09 2.5002E-09 2.5460E-09 2.5925E-09 2.6399E-09 2.6880E-09 2.7370E-09 2.9350E-09 3.0420E-09 3.2022E-09 3.3179E-09 3.6606E-09 3.8538E-09 3.9992E-09 4.0959E-09 4.2495E-09 4.3530E-09 4.4588E-09 4.5671E-09 4.6780E-09 4.7914E-09 4.9071E-09 5.0254E-09 5.1465E-09 5.2704E-09 5.3971E-09 5.5263E-09 5.6585E-09 5.7934E-09 5.9311E-09 6.0716E-09 6.2153E-09 6.3651E-09 6.9648E-09 7.5102E-09 7.7919E-09 8.5580E-09 8.9584E-09 9.7853E-09 1.0294E-08
1.6464E-09 1.6733E-09 1.7255E-09 1.7541E-09 1.7957E-09 1.8389E-09 1.8699E-09 1.9145E-09 2.0136E-09 2.0491E-09 2.0993E-09 2.1365E-09 2.2331E-09 2.2739E-09 2.3154E-09 2.3577E-09 2.4006E-09 2.4444E-09 2.4889E-09 2.5341E-09 2.5802E-09 2.6270E-09 2.6746E-09 2.7230E-09 2.9200E-09 3.0263E-09 3.1853E-09 3.3001E-09 3.5872E-09 3.8327E-09 3.9769E-09 4.0726E-09 4.2248E-09 4.3273E-09 4.4319E-09 4.5387E-09 4.6479E-09 4.7594E-09 4.8736E-09 4.9901E-09 5.1090E-09 5.2304E-09 5.3545E-09 5.4814E-09 5.6110E-09 5.7430E-09 5.8779E-09 6.0155E-09 6.1557E-09 6.2987E-09 6.8803E-09 7.4130E-09 7.6843E-09 7.9929E-09 8.8289E-09 9.6200E-09 1.0109E-08
1.6418E-09 1.6685E-09 1.7204E-09 1.7487E-09 1.7900E-09 1.8329E-09 1.8636E-09 1.9078E-09 2.0064E-09 2.0415E-09 2.0912E-09 2.1281E-09 2.2240E-09 2.2644E-09 2.3055E-09 2.3472E-09 2.3898E-09 2.4330E-09 2.4770E-09 2.5218E-09 2.5673E-09 2.6136E-09 2.6606E-09 2.7084E-09 2.8558E-09 3.0098E-09 3.1677E-09 3.2815E-09 3.5668E-09 3.8105E-09 3.9008E-09 4.0482E-09 4.1990E-09 4.3004E-09 4.4039E-09 4.5096E-09 4.6175E-09 4.7274E-09 4.8397E-09 4.9543E-09 5.0714E-09 5.1909E-09 5.3126E-09 5.4368E-09 5.5636E-09 5.6932E-09 5.8253E-09 5.9599E-09 6.0971E-09 6.2369E-09 6.7974E-09 7.3221E-09 7.5790E-09 7.8610E-09 8.7022E-09 9.4664E-09 9.9344E-09
1.6370E-09 1.6634E-09 1.7025E-09 1.7431E-09 1.7840E-09 1.8266E-09 1.8570E-09 1.9008E-09 1.9988E-09 2.0336E-09 2.0690E-09 2.1193E-09 2.2146E-09 2.2545E-09 2.2951E-09 2.3365E-09 2.3785E-09 2.4213E-09 2.4648E-09 2.5090E-09 2.5540E-09 2.5997E-09 2.6462E-09 2.6934E-09 2.8399E-09 2.9927E-09 3.1494E-09 3.2622E-09 3.5456E-09 3.6812E-09 3.8767E-09 4.0228E-09 4.1722E-09 4.2725E-09 4.3749E-09 4.4794E-09 4.5860E-09 4.6947E-09 4.8055E-09 4.9184E-09 5.0335E-09 5.1509E-09 5.2708E-09 5.3929E-09 5.5172E-09 5.6438E-09 5.7730E-09 5.9049E-09 6.0392E-09 6.1758E-09 6.7133E-09 7.2323E-09 7.4851E-09 7.7534E-09 8.5641E-09 9.3134E-09 9.7636E-09
1.6321E-09 1.6582E-09 1.6970E-09 1.7372E-09 1.7655E-09 1.8200E-09 1.8501E-09 1.8936E-09 1.9910E-09 2.0254E-09 2.0604E-09 2.1103E-09 2.2048E-09 2.2443E-09 2.2844E-09 2.3253E-09 2.3669E-09 2.4091E-09 2.4521E-09 2.4958E-09 2.5403E-09 2.5855E-09 2.6314E-09 2.6780E-09 2.8234E-09 2.9751E-09 3.1305E-09 3.2422E-09 3.4768E-09 3.6578E-09 3.8517E-09 3.9964E-09 4.1442E-09 4.2434E-09 4.3448E-09 4.4481E-09 4.5534E-09 4.6609E-09 4.7703E-09 4.8819E-09 4.9955E-09 5.1110E-09 5.2287E-09 5.3486E-09 5.4709E-09 5.5953E-09 5.7218E-09 5.8505E-09 5.9817E-09 6.1155E-09 6.6280E-09 6.8501E-09 7.3876E-09 7.6484E-09 8.4160E-09 9.1619E-09 9.5909E-09
1.6269E-09 1.6528E-09 1.6913E-09 1.7312E-09 1.7592E-09 1.8003E-09 1.8431E-09 1.8862E-09 1.9309E-09 2.0169E-09 2.0516E-09 2.1010E-09 2.1947E-09 2.2338E-09 2.2735E-09 2.3139E-09 2.3549E-09 2.3967E-09 2.4392E-09 2.4823E-09 2.5262E-09 2.5708E-09 2.6161E-09 2.6622E-09 2.8065E-09 2.9570E-09 3.1110E-09 3.2216E-09 3.4543E-09 3.6337E-09 3.8257E-09 3.9689E-09 4.1153E-09 4.2134E-09 4.3135E-09 4.4156E-09 4.5198E-09 4.6260E-09 4.7341E-09 4.8443E-09 4.9564E-09 5.0705E-09 5.1865E-09 5.3044E-09 5.4243E-09 5.5465E-09 5.6708E-09 5.7972E-09 5.9255E-09 6.0560E-09 6.1947E-09 6.7737E-09 7.2924E-09 7.5454E-09 8.2674E-09 9.0167E-09 9.4281E-09
1.6216E-09 1.6473E-09 1.6854E-09 1.7250E-09 1.7527E-09 1.7935E-09 1.8358E-09 1.8785E-09 1.9229E-09 2.0082E-09 2.0425E-09 2.0914E-09 2.1845E-09 2.2230E-09 2.2623E-09 2.3022E-09 2.3427E-09 2.3839E-09 2.4259E-09 2.4685E-09 2.5118E-09 2.5558E-09 2.6005E-09 2.6459E-09 2.6921E-09 2.8904E-09 3.0909E-09 3.1533E-09 3.4311E-09 3.6088E-09 3.7989E-09 3.9405E-09 4.0331E-09 4.1822E-09 4.2812E-09 4.3822E-09 4.4851E-09 4.5900E-09 4.6968E-09 4.8056E-09 4.9162E-09 5.0288E-09 5.1433E-09 5.2597E-09 5.3779E-09 5.4978E-09 5.6197E-09 5.7436E-09 5.8697E-09 5.9977E-09 6.1274E-09 6.6891E-09 7.1995E-09 7.4411E-09 7.7092E-09 8.5264E-09 9.2640E-09
1.6161E-09 1.6416E-09 1.6794E-09 1.7187E-09 1.7461E-09 1.7865E-09 1.8285E-09 1.8581E-09 1.9013E-09 1.9994E-09 2.0332E-09 2.0817E-09 2.1171E-09 2.2121E-09 2.2508E-09 2.2902E-09 2.3303E-09 2.3710E-09 2.4124E-09 2.4544E-09 2.4971E-09 2.5405E-09 2.5846E-09 2.6294E-09 2.6749E-09 2.8716E-09 2.9754E-09 3.1319E-09 3.3534E-09 3.5831E-09 3.7712E-09 3.9113E-09 4.0027E-09 4.1502E-09 4.2479E-09 4.3476E-09 4.4493E-09 4.5529E-09 4.6584E-09 4.7658E-09 4.8751E-09 4.9862E-09 5.0991E-09 5.2139E-09 5.3304E-09 5.4487E-09 5.5687E-09 5.6904E-09 5.8138E-09 5.9392E-09 6.0666E-09 6.5976E-09 7.1068E-09 7.3391E-09 7.5913E-09 8.3630E-09 9.1014E-09
1.6106E-09 1.6358E-09 1.6614E-09 1.7123E-09 1.7394E-09 1.7794E-09 1.8210E-09 1.8503E-09 1.8931E-09 1.9904E-09 2.0238E-09 2.0718E-09 2.1068E-09 2.2009E-09 2.2392E-09 2.2781E-09 2.3177E-09 2.3578E-09 2.3987E-09 2.4401E-09 2.4823E-09 2.5251E-09 2.5685E-09 2.6127E-09 2.6576E-09 2.8525E-09 2.9551E-09 3.1100E-09 3.3294E-09 3.5032E-09 3.7427E-09 3.8287E-09 3.9715E-09 4.1171E-09 4.2137E-09 4.3122E-09 4.4125E-09 4.5148E-09 4.6190E-09 4.7250E-09 4.8328E-09 4.9424E-09 5.0539E-09 5.1671E-09 5.2819E-09 5.3985E-09 5.5168E-09 5.6367E-09 5.7582E-09 5.8811E-09 6.0057E-09 6.1539E-09 7.0125E-09 7.2375E-09 7.4816E-09 8.1968E-09 8.9416E-09
1.5935E-09 1.6300E-09 1.6553E-09 1.6933E-09 1.7327E-09 1.7723E-09 1.8135E-09 1.8424E-09 1.8847E-09 1.9812E-09 2.0143E-09 2.0479E-09 2.0963E-09 2.1895E-09 2.2274E-09 2.2658E-09 2.3048E-09 2.3445E-09 2.3848E-09 2.4257E-09 2.4672E-09 2.5094E-09 2.5523E-09 2.5958E-09 2.6400E-09 2.8331E-09 2.9345E-09 3.0877E-09 3.1967E-09 3.4766E-09 3.6080E-09 3.7984E-09 3.9394E-09 4.0832E-09 4.1785E-09 4.2757E-09 4.3748E-09 4.4757E-09 4.5785E-09 4.6831E-09 4.7895E-09 4.8977E-09 5.0075E-09 5.1192E-09 5.2325E-09 5.3474E-09 5.4639E-09 5.5820E-09 5.7016E-09 5.8227E-09 5.9452E-09 6.0691E-09 6.6303E-09 7.1370E-09 7.3727E-09 7.6313E-09 8.7834E-09
1.5879E-09 1.6242E-09 1.6493E-09 1.6869E-09 1.7258E-09 1.7528E-09 1.7929E-09 1.8345E-09 1.8764E-09 1.9720E-09 2.0047E-09 2.0379E-09 2.0858E-09 2.1781E-09 2.2154E-09 2.2534E-09 2.2919E-09 2.3310E-09 2.3708E-09 2.4111E-09 2.4521E-09 2.4937E-09 2.5359E-09 2.5787E-09 2.6222E-09 2.7651E-09 2.9136E-09 3.0651E-09 3.1727E-09 3.4032E-09 3.5792E-09 3.7673E-09 3.9065E-09 4.0485E-09 4.1426E-09 4.2385E-09 4.3362E-09 4.4357E-09 4.5371E-09 4.6402E-09 4.7451E-09 4.8518E-09 4.9602E-09 5.0702E-09 5.1819E-09 5.2952E-09 5.4100E-09 5.5263E-09 5.6441E-09 5.7633E-09 5.8839E-09 6.0058E-09 6.5311E-09 7.0378E-09 7.2681E-09 7.5172E-09 8.2740E-09
1.5822E-09 1.6182E-09 1.6431E-09 1.6804E-09 1.7190E-09 1.7457E-09 1.7854E-09 1.8265E-09 1.8680E-09 1.9110E-09 1.9951E-09 2.0278E-09 2.0751E-09 2.1666E-09 2.2034E-09 2.2409E-09 2.2789E-09 2.3175E-09 2.3567E-09 2.3964E-09 2.4368E-09 2.4778E-09 2.5194E-09 2.5616E-09 2.6044E-09 2.7457E-09 2.8446E-09 3.0421E-09 3.1014E-09 3.3763E-09 3.5500E-09 3.7357E-09 3.8729E-09 3.9615E-09 4.1058E-09 4.2004E-09 4.2967E-09 4.3949E-09 4.4948E-09 4.5965E-09 4.7000E-09 4.8051E-09 4.9118E-09 5.0203E-09 5.1304E-09 5.2420E-09 5.3550E-09 5.4696E-09 5.5856E-09 5.7030E-09 5.8216E-09 5.9415E-09 6.0818E-09 6.9442E-09 7.1636E-09 7.4060E-09 7.6883E-09
1.5652E-09 1.6123E-09 1.6369E-09 1.6739E-09 1.7122E-09 1.7386E-09 1.7779E-09 1.8186E-09 1.8469E-09 1.8887E-09 1.9855E-09 2.0178E-09 2.0646E-09 2.0983E-09 2.1913E-09 2.2283E-09 2.2658E-09 2.3039E-09 2.3425E-09 2.3817E-09 2.4215E-09 2.4619E-09 2.5028E-09 2.5444E-09 2.5866E-09 2.6294E-09 2.8239E-09 2.9245E-09 3.0774E-09 3.2952E-09 3.4668E-09 3.7035E-09 3.7866E-09 3.9261E-09 4.0682E-09 4.1615E-09 4.2565E-09 4.3532E-09 4.4517E-09 4.5520E-09 4.6539E-09 4.7574E-09 4.8627E-09 4.9695E-09 5.0778E-09 5.1878E-09 5.2992E-09 5.4120E-09 5.5261E-09 5.6417E-09 5.7585E-09 5.8764E-09 5.9955E-09 6.5405E-09 7.0566E-09 7.2914E-09 7.5483E-09
