Assets/Resources/2015_m01_d05_0200(utc+0800)_l00_csi_1hr_conc.grd
DSAA
         159         159
     -79.000      79.000
     -79.000      79.000
  0.2420E-09  0.6245E-04
[rows 25 to 49 of 159, columns 57 to 113 of 159]
5.7382E-09 5.6189E-09 5.4964E-09 5.3759E-09 5.2575E-09 5.1395E-09 5.0220E-09 4.9050E-09 4.7884E-09 4.6699E-09 4.5525E-09 4.4364E-09 4.3216E-09 4.2081E-09 4.0963E-09 3.9862E-09 3.8780E-09 3.7718E-09 3.6680E-09 3.5664E-09 3.4671E-09 3.3666E-09 3.2682E-09 3.1721E-09 3.0785E-09 2.9879E-09 2.9040E-09 2.8231E-09 2.7417E-09 2.6566E-09 2.5786E-09 2.5040E-09 2.4341E-09 2.3622E-09 2.2984E-09 2.2365E-09 2.1578E-09 2.0905E-09 2.0350E-09 1.9636E-09 1.9154E-09 1.8608E-09 1.8096E-09 1.7569E-09 1.7222E-09 1.6709E-09 1.6414E-09 1.6124E-09 1.5838E-09 1.5557E-09 1.5281E-09 1.5009E-09 1.4716E-09 1.4456E-09 1.4201E-09 1.3949E-09 1.3687E-09
5.8780E-09 5.7603E-09 5.6427E-09 5.5248E-09 5.4021E-09 5.2795E-09 5.1569E-09 5.0347E-09 4.9131E-09 4.7922E-09 4.6721E-09 4.5533E-09 4.4361E-09 4.3201E-09 4.2057E-09 4.0929E-09 3.9817E-09 3.8724E-09 3.7651E-09 3.6601E-09 3.5575E-09 3.4573E-09 3.3594E-09 3.2640E-09 3.1711E-09 3.0808E-09 2.9865E-09 2.8952E-09 2.8075E-09 2.7270E-09 2.6494E-09 2.5720E-09 2.4824E-09 2.4145E-09 2.3473E-09 2.2732E-09 2.2078E-09 2.1332E-09 2.0607E-09 1.9986E-09 1.9351E-09 1.8826E-09 1.8324E-09 1.7799E-09 1.7359E-09 1.6840E-09 1.6545E-09 1.6256E-09 1.5971E-09 1.5691E-09 1.5415E-09 1.5144E-09 1.4877E-09 1.4590E-09 1.4334E-09 1.4083E-09 1.3820E-09
6.1198E-09 6.0005E-09 5.8803E-09 5.7595E-09 5.6383E-09 5.5169E-09 5.3956E-09 5.2744E-09 5.1533E-09 5.0326E-09 4.9121E-09 4.7923E-09 4.6734E-09 4.5557E-09 4.4391E-09 4.3238E-09 4.2098E-09 4.0973E-09 3.9865E-09 3.8775E-09 3.7701E-09 3.6647E-09 3.5614E-09 3.4604E-09 3.3617E-09 3.2652E-09 3.1712E-09 3.0797E-09 2.9909E-09 2.8987E-09 2.8076E-09 2.7211E-09 2.6426E-09 2.5663E-09 2.4681E-09 2.3893E-09 2.3040E-09 2.2303E-09 2.1447E-09 2.0659E-09 2.0064E-09 1.9380E-09 1.8810E-09 1.8014E-09 1.7541E-09 1.7008E-09 1.6666E-09 1.6378E-09 1.6094E-09 1.5815E-09 1.5540E-09 1.5270E-09 1.5004E-09 1.4730E-09 1.4460E-09 1.4209E-09 1.3962E-09
6.2777E-09 6.1588E-09 6.0388E-09 5.9178E-09 5.7962E-09 5.6739E-09 5.5516E-09 5.4291E-09 5.3066E-09 5.1843E-09 5.0621E-09 4.9405E-09 4.8195E-09 4.6990E-09 4.5793E-09 4.4606E-09 4.3430E-09 4.2269E-09 4.1122E-09 3.9991E-09 3.8877E-09 3.7782E-09 3.6707E-09 3.5655E-09 3.4624E-09 3.3616E-09 3.2632E-09 3.1675E-09 3.0744E-09 2.9840E-09 2.8964E-09 2.8105E-09 2.7072E-09 2.6275E-09 2.5415E-09 2.4356E-09 2.3553E-09 2.2677E-09 2.1860E-09 2.1075E-09 2.0299E-09 1.9653E-09 1.9112E-09 1.8204E-09 1.7700E-09 1.7124E-09 1.6826E-09 1.6491E-09 1.6208E-09 1.5930E-09 1.5656E-09 1.5386E-09 1.5121E-09 1.4860E-09 1.4577E-09 1.4327E-09 1.4080E-09
6.4427E-09 6.3243E-09 6.2048E-09 6.0842E-09 5.9626E-09 5.8405E-09 5.7178E-09 5.5943E-09 5.4705E-09 5.3464E-09 5.2224E-09 5.0985E-09 4.9748E-09 4.8516E-09 4.7289E-09 4.6069E-09 4.4859E-09 4.3660E-09 4.2473E-09 4.1300E-09 4.0142E-09 3.9003E-09 3.7883E-09 3.6784E-09 3.5707E-09 3.4652E-09 3.3622E-09 3.2618E-09 3.1642E-09 3.0693E-09 2.9772E-09 2.8875E-09 2.7998E-09 2.6839E-09 2.5947E-09 2.5086E-09 2.4004E-09 2.3165E-09 2.2268E-09 2.1399E-09 2.0702E-09 1.9940E-09 1.9296E-09 1.8540E-09 1.7948E-09 1.7229E-09 1.6932E-09 1.6640E-09 1.6312E-09 1.6035E-09 1.5762E-09 1.5494E-09 1.5230E-09 1.4970E-09 1.4713E-09 1.4436E-09 1.4190E-09
6.6149E-09 6.4978E-09 6.3792E-09 6.2593E-09 6.1382E-09 6.0160E-09 5.8929E-09 5.7688E-09 5.6440E-09 5.5187E-09 5.3931E-09 5.2671E-09 5.1410E-09 5.0149E-09 4.8891E-09 4.7638E-09 4.6391E-09 4.5153E-09 4.3924E-09 4.2706E-09 4.1504E-09 4.0318E-09 3.9150E-09 3.8002E-09 3.6874E-09 3.5769E-09 3.4688E-09 3.3634E-09 3.2607E-09 3.1608E-09 3.0635E-09 2.9684E-09 2.8699E-09 2.7734E-09 2.6503E-09 2.5597E-09 2.4718E-09 2.3577E-09 2.2740E-09 2.1827E-09 2.1029E-09 2.0278E-09 1.9599E-09 1.8730E-09 1.8185E-09 1.7399E-09 1.7029E-09 1.6738E-09 1.6452E-09 1.6170E-09 1.5859E-09 1.5592E-09 1.5329E-09 1.5070E-09 1.4814E-09 1.4547E-09 1.4292E-09
6.7938E-09 6.6788E-09 6.5619E-09 6.4433E-09 6.3232E-09 6.2015E-09 6.0783E-09 5.9539E-09 5.8283E-09 5.7020E-09 5.5748E-09 5.4468E-09 5.3184E-09 5.1896E-09 5.0608E-09 4.9321E-09 4.8037E-09 4.6757E-09 4.5484E-09 4.4220E-09 4.2970E-09 4.1733E-09 4.0515E-09 3.9314E-09 3.8132E-09 3.6971E-09 3.5836E-09 3.4727E-09 3.3645E-09 3.2591E-09 3.1558E-09 3.0500E-09 2.9453E-09 2.8435E-09 2.7416E-09 2.6133E-09 2.5204E-09 2.4292E-09 2.3125E-09 2.2242E-09 2.1409E-09 2.0618E-09 1.9909E-09 1.9014E-09 1.8440E-09 1.7666E-09 1.7242E-09 1.6833E-09 1.6541E-09 1.6260E-09 1.5985E-09 1.5681E-09 1.5420E-09 1.5162E-09 1.4908E-09 1.4657E-09 1.4385E-09
6.9807E-09 6.8681E-09 6.7534E-09 6.6365E-09 6.5177E-09 6.3969E-09 6.2742E-09 6.1498E-09 6.0241E-09 5.8968E-09 5.7683E-09 5.6385E-09 5.5078E-09 5.3764E-09 5.2445E-09 5.1123E-09 4.9799E-09 4.8477E-09 4.7158E-09 4.5847E-09 4.4545E-09 4.3258E-09 4.2053E-09 4.0782E-09 3.9525E-09 3.8288E-09 3.7075E-09 3.5901E-09 3.4760E-09 3.3641E-09 3.2506E-09 3.1373E-09 3.0267E-09 2.9190E-09 2.8105E-09 2.7052E-09 2.5723E-09 2.4763E-09 2.3851E-09 2.2622E-09 2.1711E-09 2.0977E-09 2.0215E-09 1.9343E-09 1.8471E-09 1.7840E-09 1.7372E-09 1.7046E-09 1.6636E-09 1.6342E-09 1.6067E-09 1.5798E-09 1.5501E-09 1.5244E-09 1.4992E-09 1.4743E-09 1.4489E-09
7.1751E-09 7.0657E-09 6.9537E-09 6.8392E-09 6.7222E-09 6.6027E-09 6.4984E-09 6.3745E-09 6.2312E-09 6.1033E-09 5.9736E-09 5.8423E-09 5.7094E-09 5.5756E-09 5.4407E-09 5.3050E-09 5.1686E-09 5.0320E-09 4.9115E-09 4.7751E-09 4.6396E-09 4.5051E-09 4.3717E-09 4.2392E-09 4.1082E-09 3.9792E-09 3.8526E-09 3.7264E-09 3.6020E-09 3.4773E-09 3.3520E-09 3.2315E-09 3.1143E-09 2.9997E-09 2.8842E-09 2.7725E-09 2.6656E-09 2.5265E-09 2.4304E-09 2.3391E-09 2.2161E-09 2.1378E-09 2.0248E-09 1.9559E-09 1.8726E-09 1.8180E-09 1.7586E-09 1.7153E-09 1.6832E-09 1.6483E-09 1.6149E-09 1.5873E-09 1.5609E-09 1.5319E-09 1.5068E-09 1.4820E-09 1.4576E-09
7.3768E-09 7.2712E-09 7.1784E-09 7.0681E-09 6.9549E-09 6.8387E-09 6.7198E-09 6.5981E-09 6.4688E-09 6.3218E-09 6.1913E-09 6.0586E-09 5.9238E-09 5.7873E-09 5.6690E-09 5.5302E-09 5.3901E-09 5.2492E-09 5.1077E-09 4.9661E-09 4.8413E-09 4.7006E-09 4.5588E-09 4.4174E-09 4.2771E-09 4.1385E-09 4.0021E-09 3.8680E-09 3.7357E-09 3.6034E-09 3.4732E-09 3.3420E-09 3.2129E-09 3.0866E-09 2.9635E-09 2.8454E-09 2.7321E-09 2.6237E-09 2.5176E-09 2.3834E-09 2.2867E-09 2.2020E-09 2.0601E-09 1.9886E-09 1.8991E-09 1.8475E-09 1.7870E-09 1.7323E-09 1.6932E-09 1.6618E-09 1.6274E-09 1.5939E-09 1.5677E-09 1.5386E-09 1.5136E-09 1.4890E-09 1.4647E-09
7.6015E-09 7.5019E-09 7.3989E-09 7.2925E-09 7.1825E-09 7.0900E-09 6.9748E-09 6.8565E-09 6.7267E-09 6.5520E-09 6.4424E-09 6.3097E-09 6.1741E-09 6.0361E-09 5.8960E-09 5.7538E-09 5.6098E-09 5.4856E-09 5.3391E-09 5.1921E-09 5.0453E-09 4.8981E-09 4.7505E-09 4.6035E-09 4.4578E-09 4.3136E-09 4.1712E-09 4.0298E-09 3.8845E-09 3.7395E-09 3.5970E-09 3.4581E-09 3.3238E-09 3.1922E-09 3.0563E-09 2.9259E-09 2.8074E-09 2.6889E-09 2.5762E-09 2.4695E-09 2.3313E-09 2.2396E-09 2.1202E-09 2.0205E-09 1.9198E-09 1.8714E-09 1.8103E-09 1.7582E-09 1.7157E-09 1.6721E-09 1.6401E-09 1.6108E-09 1.5737E-09 1.5480E-09 1.5196E-09 1.4952E-09 1.4711E-09
7.8879E-09 7.8141E-09 7.7187E-09 7.6178E-09 7.5118E-09 7.4008E-09 7.2849E-09 7.1864E-09 7.0581E-09 6.8934E-09 6.7139E-09 6.5779E-09 6.4386E-09 6.3054E-09 6.1634E-09 6.0185E-09 5.8710E-09 5.7213E-09 5.5700E-09 5.4179E-09 5.2647E-09 5.1103E-09 4.9553E-09 4.8007E-09 4.6556E-09 4.5011E-09 4.3476E-09 4.1927E-09 4.0394E-09 3.8894E-09 3.7410E-09 3.5925E-09 3.4428E-09 3.2977E-09 3.1570E-09 3.0224E-09 2.8932E-09 2.7608E-09 2.6390E-09 2.5253E-09 2.4191E-09 2.2820E-09 2.1536E-09 2.0453E-09 1.9508E-09 1.8975E-09 1.8406E-09 1.7752E-09 1.7357E-09 1.6924E-09 1.6538E-09 1.6182E-09 1.5885E-09 1.5533E-09 1.5249E-09 1.5006E-09 1.4767E-09
8.2589E-09 8.1723E-09 8.1086E-09 8.0269E-09 7.9209E-09 7.8082E-09 7.6893E-09 7.5647E-09 7.4331E-09 7.3093E-09 7.1078E-09 6.9361E-09 6.7896E-09 6.6397E-09 6.4868E-09 6.3311E-09 6.1730E-09 6.0127E-09 5.8514E-09 5.6891E-09 5.5354E-09 5.3598E-09 5.1969E-09 5.0337E-09 4.8709E-09 4.7088E-09 4.5464E-09 4.3837E-09 4.2204E-09 4.0557E-09 3.8923E-09 3.7311E-09 3.5753E-09 3.4250E-09 3.2699E-09 3.1198E-09 2.9841E-09 2.8481E-09 2.7143E-09 2.5864E-09 2.4727E-09 2.3291E-09 2.1957E-09 2.1181E-09 1.9858E-09 1.9244E-09 1.8652E-09 1.8038E-09 1.7540E-09 1.7096E-09 1.6688E-09 1.6301E-09 1.5962E-09 1.5628E-09 1.5330E-09 1.5053E-09 1.4815E-09
8.8418E-09 8.7625E-09 8.6706E-09 8.5670E-09 8.4530E-09 8.3531E-09 8.2244E-09 8.0889E-09 7.9474E-09 7.7853E-09 7.6148E-09 7.4082E-09 7.2151E-09 7.0479E-09 6.8780E-09 6.7060E-09 6.5594E-09 6.3851E-09 6.2100E-09 6.0196E-09 5.8286E-09 5.6521E-09 5.4971E-09 5.3196E-09 5.1403E-09 4.9618E-09 4.7824E-09 4.5863E-09 4.4102E-09 4.2355E-09 4.0646E-09 3.8955E-09 3.7258E-09 3.5591E-09 3.3936E-09 3.2385E-09 3.0884E-09 2.9354E-09 2.7959E-09 2.6646E-09 2.5384E-09 2.4182E-09 2.2325E-09 2.1530E-09 2.0122E-09 1.9564E-09 1.9039E-09 1.8420E-09 1.7817E-09 1.7314E-09 1.6870E-09 1.6436E-09 1.6072E-09 1.5701E-09 1.5408E-09 1.5095E-09 1.4857E-09
9.5618E-09 9.4881E-09 9.4163E-09 9.3095E-09 9.1876E-09 9.0526E-09 8.9063E-09 8.7506E-09 8.5872E-09 8.4060E-09 8.2106E-09 8.0022E-09 7.7668E-09 7.5773E-09 7.3855E-09 7.1920E-09 6.9977E-09 6.8035E-09 6.5932E-09 6.4120E-09 6.2179E-09 6.0232E-09 5.8281E-09 5.6334E-09 5.4417E-09 5.2500E-09 5.0479E-09 4.8479E-09 4.6588E-09 4.4680E-09 4.2750E-09 4.0858E-09 3.9024E-09 3.7148E-09 3.5414E-09 3.3662E-09 3.2036E-09 3.0446E-09 2.8867E-09 2.7394E-09 2.6093E-09 2.4802E-09 2.2755E-09 2.1896E-09 2.0804E-09 2.0170E-09 1.9269E-09 1.8774E-09 1.8121E-09 1.7625E-09 1.7193E-09 1.6755E-09 1.6315E-09 1.5889E-09 1.5464E-09 1.5161E-09 1.4892E-09
1.0418E-08 1.0349E-08 1.0256E-08 1.0173E-08 1.0041E-08 9.8908E-09 9.7254E-09 9.5471E-09 9.3582E-09 9.1837E-09 8.9609E-09 8.7254E-09 8.4803E-09 8.1838E-09 7.9629E-09 7.7569E-09 7.5400E-09 7.3235E-09 7.0870E-09 6.8694E-09 6.6516E-09 6.4339E-09 6.2168E-09 6.0041E-09 5.7934E-09 5.5820E-09 5.3490E-09 5.1411E-09 4.9331E-09 4.7261E-09 4.5212E-09 4.3195E-09 4.1120E-09 3.9056E-09 3.7093E-09 3.5253E-09 3.3528E-09 3.1715E-09 2.9893E-09 2.8306E-09 2.6794E-09 2.5437E-09 2.3814E-09 2.2757E-09 2.1166E-09 2.0499E-09 1.9873E-09 1.9007E-09 1.8423E-09 1.7937E-09 1.7467E-09 1.7010E-09 1.6518E-09 1.6132E-09 1.5717E-09 1.5314E-09 1.4951E-09
1.1387E-08 1.1325E-08 1.1233E-08 1.1112E-08 1.0965E-08 1.0857E-08 1.0675E-08 1.0476E-08 1.0264E-08 1.0040E-08 9.7860E-09 9.5574E-09 9.2796E-09 8.9615E-09 8.6706E-09 8.3949E-09 8.1492E-09 7.9030E-09 7.6553E-09 7.4075E-09 7.1607E-09 6.9150E-09 6.6751E-09 6.4405E-09 6.2309E-09 5.9828E-09 5.7342E-09 5.4989E-09 5.2639E-09 5.0303E-09 4.7999E-09 4.5759E-09 4.3418E-09 4.1310E-09 3.9201E-09 3.7072E-09 3.5095E-09 3.3182E-09 3.1234E-09 2.9402E-09 2.7804E-09 2.6265E-09 2.4509E-09 2.2901E-09 2.2032E-09 2.0861E-09 2.0205E-09 1.9642E-09 1.8705E-09 1.8191E-09 1.7730E-09 1.7255E-09 1.6709E-09 1.6304E-09 1.5932E-09 1.5459E-09 1.5109E-09
1.2449E-08 1.2425E-08 1.2354E-08 1.2245E-08 1.2102E-08 1.1930E-08 1.1732E-08 1.1542E-08 1.1308E-08 1.1061E-08 1.0784E-08 1.0491E-08 1.0176E-08 9.8526E-09 9.4930E-09 9.1701E-09 8.8860E-09 8.6010E-09 8.3161E-09 8.0327E-09 7.7513E-09 7.5134E-09 7.2482E-09 6.9830E-09 6.7035E-09 6.4265E-09 6.1668E-09 5.9093E-09 5.6496E-09 5.3937E-09 5.1414E-09 4.8789E-09 4.6210E-09 4.3798E-09 4.1449E-09 3.9192E-09 3.7015E-09 3.4750E-09 3.2604E-09 3.0704E-09 2.8964E-09 2.6714E-09 2.5380E-09 2.3602E-09 2.2730E-09 2.1842E-09 2.0661E-09 2.0060E-09 1.9375E-09 1.8487E-09 1.7998E-09 1.7539E-09 1.7016E-09 1.6513E-09 1.6093E-09 1.5642E-09 1.5214E-09
1.3505E-08 1.3480E-08 1.3411E-08 1.3342E-08 1.3225E-08 1.3053E-08 1.2849E-08 1.2620E-08 1.2369E-08 1.2100E-08 1.1805E-08 1.1485E-08 1.1142E-08 1.0784E-08 1.0415E-08 9.9882E-09 9.6681E-09 9.3920E-09 9.0739E-09 8.7575E-09 8.4467E-09 8.1495E-09 7.8336E-09 7.5771E-09 7.2827E-09 6.9882E-09 6.6944E-09 6.4013E-09 6.1132E-09 5.8150E-09 5.5223E-09 5.2175E-09 4.9478E-09 4.6841E-09 4.4152E-09 4.1549E-09 3.9088E-09 3.6606E-09 3.4314E-09 3.2126E-09 3.0232E-09 2.7947E-09 2.6375E-09 2.4502E-09 2.3463E-09 2.2546E-09 2.1656E-09 2.0491E-09 1.9796E-09 1.9156E-09 1.8305E-09 1.7842E-09 1.7252E-09 1.6720E-09 1.6289E-09 1.5862E-09 1.5350E-09
1.4503E-08 1.4513E-08 1.4473E-08 1.4381E-08 1.4247E-08 1.4073E-08 1.3911E-08 1.3681E-08 1.3424E-08 1.3146E-08 1.2844E-08 1.2544E-08 1.2183E-08 1.1843E-08 1.1446E-08 1.0993E-08 1.0556E-08 1.0205E-08 9.8535E-09 9.5572E-09 9.2044E-09 8.8801E-09 8.5548E-09 8.2283E-09 7.9008E-09 7.6135E-09 7.2860E-09 6.9590E-09 6.6334E-09 6.3106E-09 5.9765E-09 5.6551E-09 5.3308E-09 5.0185E-09 4.7228E-09 4.4390E-09 4.1487E-09 3.8705E-09 3.6211E-09 3.3917E-09 3.1700E-09 2.9185E-09 2.7512E-09 2.5522E-09 2.4369E-09 2.3273E-09 2.2346E-09 2.1425E-09 2.0261E-09 1.9605E-09 1.8963E-09 1.8154E-09 1.7523E-09 1.7044E-09 1.6539E-09 1.6102E-09 1.5596E-09
1.5380E-08 1.5416E-08 1.5453E-08 1.5407E-08 1.5316E-08 1.5182E-08 1.5007E-08 1.4793E-08 1.4545E-08 1.4304E-08 1.4007E-08 1.3666E-08 1.3301E-08 1.2902E-08 1.2480E-08 1.2035E-08 1.1617E-08 1.1172E-08 1.0789E-08 1.0426E-08 1.0066E-08 9.7597E-09 9.4303E-09 9.0720E-09 8.7113E-09 8.3464E-09 7.9798E-09 7.6232E-09 7.2319E-09 6.8597E-09 6.4987E-09 6.1282E-09 5.7700E-09 5.4279E-09 5.0749E-09 4.7328E-09 4.4111E-09 4.1166E-09 3.8372E-09 3.5745E-09 3.3418E-09 3.0618E-09 2.8709E-09 2.6659E-09 2.5386E-09 2.4166E-09 2.3064E-09 2.2105E-09 2.1206E-09 2.0070E-09 1.9381E-09 1.8801E-09 1.7825E-09 1.7347E-09 1.6808E-09 1.6310E-09 1.5874E-09
1.6206E-08 1.6299E-08 1.6343E-08 1.6337E-08 1.6279E-08 1.6170E-08 1.6041E-08 1.5847E-08 1.5614E-08 1.5394E-08 1.5102E-08 1.4768E-08 1.4460E-08 1.4063E-08 1.3634E-08 1.3168E-08 1.2701E-08 1.2258E-08 1.1799E-08 1.1417E-08 1.1057E-08 1.0674E-08 1.0285E-08 9.9539E-09 9.5573E-09 9.1552E-09 8.8016E-09 8.3908E-09 7.9779E-09 7.5631E-09 7.1481E-09 6.7321E-09 6.3147E-09 5.8977E-09 5.4669E-09 5.0871E-09 4.7188E-09 4.3692E-09 4.0682E-09 3.7831E-09 3.5109E-09 3.2034E-09 3.0082E-09 2.7818E-09 2.6494E-09 2.5177E-09 2.3929E-09 2.2808E-09 2.1886E-09 2.0970E-09 1.9842E-09 1.9220E-09 1.8446E-09 1.7890E-09 1.7147E-09 1.6582E-09 1.6048E-09
1.6883E-08 1.7013E-08 1.7142E-08 1.7187E-08 1.7192E-08 1.7131E-08 1.7020E-08 1.6860E-08 1.6692E-08 1.6455E-08 1.6184E-08 1.5877E-08 1.5532E-08 1.5196E-08 1.4776E-08 1.4310E-08 1.3820E-08 1.3378E-08 1.2874E-08 1.2461E-08 1.2143E-08 1.1777E-08 1.1505E-08 1.1087E-08 1.0656E-08 1.0213E-08 9.7596E-09 9.2928E-09 8.8167E-09 8.3529E-09 7.8552E-09 7.3574E-09 6.8780E-09 6.4191E-09 5.9677E-09 5.5293E-09 5.1027E-09 4.7035E-09 4.3256E-09 3.9888E-09 3.6989E-09 3.3634E-09 3.1520E-09 2.9096E-09 2.7551E-09 2.6187E-09 2.4805E-09 2.3627E-09 2.2579E-09 2.1659E-09 2.0684E-09 1.9907E-09 1.8851E-09 1.8255E-09 1.7700E-09 1.6853E-09 1.6280E-09
1.7474E-08 1.7656E-08 1.7797E-08 1.7892E-08 1.7922E-08 1.7911E-08 1.7847E-08 1.7723E-08 1.7614E-08 1.7415E-08 1.7219E-08 1.6958E-08 1.6655E-08 1.6307E-08 1.5907E-08 1.5457E-08 1.5059E-08 1.4709E-08 1.4276E-08 1.3815E-08 1.3479E-08 1.3070E-08 1.2645E-08 1.2201E-08 1.1712E-08 1.1317E-08 1.0820E-08 1.0304E-08 9.7723E-09 9.2303E-09 8.6854E-09 8.1430E-09 7.5947E-09 7.0490E-09 6.5001E-09 5.9816E-09 5.5121E-09 5.0679E-09 4.6406E-09 4.2461E-09 3.9032E-09 3.5546E-09 3.3141E-09 3.0480E-09 2.8748E-09 2.7114E-09 2.5768E-09 2.4524E-09 2.3271E-09 2.2239E-09 2.1332E-09 2.0392E-09 1.9582E-09 1.8659E-09 1.8065E-09 1.7265E-09 1.6541E-09
1.7864E-08 1.8085E-08 1.8316E-08 1.8456E-08 1.8565E-08 1.8619E-08 1.8617E-08 1.8582E-08 1.8491E-08 1.8349E-08 1.8167E-08 1.7950E-08 1.7744E-08 1.7450E-08 1.7098E-08 1.6709E-08 1.6388E-08 1.5966E-08 1.5623E-08 1.5300E-08 1.4852E-08 1.4519E-08 1.4094E-08 1.3635E-08 1.3142E-08 1.2618E-08 1.2063E-08 1.1479E-08 1.0872E-08 1.0239E-08 9.6003E-09 8.9495E-09 8.3355E-09 7.7308E-09 7.1419E-09 6.5548E-09 5.9744E-09 5.4619E-09 4.9895E-09 4.5673E-09 4.1512E-09 3.7311E-09 3.4739E-09 3.1864E-09 3.0052E-09 2.8311E-09 2.6787E-09 2.5484E-09 2.4184E-09 2.2817E-09 2.1856E-09 2.0986E-09 2.0040E-09 1.9050E-09 1.8418E-09 1.7735E-09 1.6876E-09
