Assets/Resources/2015_m01_d29_0600(utc+0800)_l00_csi_1hr_conc.grd
DSAA
         159         159
     -79.000      79.000
     -79.000      79.000
  0.0000E+00  0.1099E-04
[rows 50 to 74 of 159, columns 0 to 56 of 159]
4.5234E-11 5.1012E-11 5.5612E-11 6.1064E-11 6.7642E-11 7.3402E-11 8.1506E-11 8.8256E-11 9.7393E-11 1.0523E-10 1.1485E-10 1.2454E-10 1.3472E-10 1.4639E-10 1.5723E-10 1.7099E-10 1.8330E-10 1.9851E-10 2.1241E-10 2.2690E-10 2.4469E-10 2.6090E-10 2.8032E-10 2.9835E-10 3.1792E-10 3.3941E-10 3.6007E-10 3.8335E-10 4.0691E-10 4.3033E-10 4.5762E-10 4.8317E-10 5.0945E-10 5.3966E-10 5.6810E-10 5.9726E-10 6.2817E-10 6.6134E-10 6.9332E-10 7.2921E-10 7.6513E-10 8.0584E-10 8.4520E-10 8.8826E-10 9.3346E-10 9.7936E-10 1.0305E-09 1.0824E-09 1.1406E-09 1.2002E-09 1.2657E-09 1.3329E-09 1.4012E-09 1.4826E-09 1.5607E-09 1.6490E-09 1.7408E-09
4.5170E-11 5.0950E-11 5.5460E-11 6.2029E-11 6.7371E-11 7.4228E-11 8.1078E-11 8.7679E-11 9.6764E-11 1.0443E-10 1.1462E-10 1.2345E-10 1.3485E-10 1.4495E-10 1.5698E-10 1.6914E-10 1.8114E-10 1.9617E-10 2.0971E-10 2.2619E-10 2.4135E-10 2.5712E-10 2.7625E-10 2.9379E-10 3.1456E-10 3.3394E-10 3.5400E-10 3.7773E-10 3.9975E-10 4.2436E-10 4.4925E-10 4.7401E-10 5.0047E-10 5.2910E-10 5.5664E-10 5.8484E-10 6.1598E-10 6.4728E-10 6.7820E-10 7.1491E-10 7.5008E-10 7.8860E-10 8.2891E-10 8.6953E-10 9.1608E-10 9.6145E-10 1.0124E-09 1.0660E-09 1.1220E-09 1.1812E-09 1.2465E-09 1.3105E-09 1.3838E-09 1.4594E-09 1.5366E-09 1.6275E-09 1.7154E-09
4.5610E-11 5.0845E-11 5.5265E-11 6.1819E-11 6.7051E-11 7.4463E-11 8.0595E-11 8.8950E-11 9.6074E-11 1.0485E-10 1.1367E-10 1.2229E-10 1.3359E-10 1.4344E-10 1.5602E-10 1.6721E-10 1.8041E-10 1.9375E-10 2.0693E-10 2.2319E-10 2.3794E-10 2.5569E-10 2.7211E-10 2.8914E-10 3.0958E-10 3.2840E-10 3.5050E-10 3.7118E-10 3.9253E-10 4.1754E-10 4.4084E-10 4.6483E-10 4.9254E-10 5.1852E-10 5.4517E-10 5.7349E-10 6.0396E-10 6.3324E-10 6.6625E-10 6.9930E-10 7.3694E-10 7.7317E-10 8.1296E-10 8.5480E-10 8.9717E-10 9.4575E-10 9.9459E-10 1.0479E-09 1.1012E-09 1.1624E-09 1.2248E-09 1.2906E-09 1.3636E-09 1.4359E-09 1.5152E-09 1.6028E-09 1.6895E-09
4.6601E-11 5.0700E-11 5.6710E-11 6.1564E-11 6.7258E-11 7.4063E-11 8.0060E-11 8.8365E-11 9.5328E-11 1.0464E-10 1.1267E-10 1.2308E-10 1.3226E-10 1.4256E-10 1.5431E-10 1.6522E-10 1.7896E-10 1.9126E-10 2.0561E-10 2.2012E-10 2.3446E-10 2.5195E-10 2.6790E-10 2.8612E-10 3.0454E-10 3.2280E-10 3.4452E-10 3.6458E-10 3.8708E-10 4.0982E-10 4.3240E-10 4.5658E-10 4.8279E-10 5.0795E-10 5.3374E-10 5.6228E-10 5.9095E-10 6.1927E-10 6.5311E-10 6.8692E-10 7.2091E-10 7.5970E-10 7.9726E-10 8.3860E-10 8.8224E-10 9.2689E-10 9.7699E-10 1.0280E-09 1.0857E-09 1.1441E-09 1.2030E-09 1.2709E-09 1.3409E-09 1.4148E-09 1.4963E-09 1.5775E-09 1.6660E-09
4.6500E-11 5.0516E-11 5.6512E-11 6.1266E-11 6.8043E-11 7.3615E-11 8.1253E-11 8.7727E-11 9.5136E-11 1.0377E-10 1.1160E-10 1.2192E-10 1.3088E-10 1.4237E-10 1.5254E-10 1.6458E-10 1.7673E-10 1.8871E-10 2.0357E-10 2.1698E-10 2.3248E-10 2.4814E-10 2.6364E-10 2.8232E-10 2.9945E-10 3.1887E-10 3.3849E-10 3.5794E-10 3.8083E-10 4.0208E-10 4.2395E-10 4.4934E-10 4.7306E-10 4.9740E-10 5.2232E-10 5.5124E-10 5.7803E-10 6.0834E-10 6.3867E-10 6.7338E-10 7.0667E-10 7.4334E-10 7.8189E-10 8.2092E-10 8.6588E-10 9.1012E-10 9.5975E-10 1.0107E-09 1.0681E-09 1.1232E-09 1.1838E-09 1.2514E-09 1.3177E-09 1.3936E-09 1.4719E-09 1.5544E-09 1.6450E-09
4.6363E-11 5.0826E-11 5.6274E-11 6.0927E-11 6.7673E-11 7.3123E-11 8.0712E-11 8.7040E-11 9.5552E-11 1.0284E-10 1.1175E-10 1.2070E-10 1.2944E-10 1.4080E-10 1.5071E-10 1.6326E-10 1.7445E-10 1.8753E-10 2.0075E-10 2.1379E-10 2.2977E-10 2.4428E-10 2.6090E-10 2.7770E-10 2.9432E-10 3.1417E-10 3.3243E-10 3.5298E-10 3.7374E-10 3.9432E-10 4.1639E-10 4.4038E-10 4.6333E-10 4.8688E-10 5.1302E-10 5.3927E-10 5.6516E-10 5.9628E-10 6.2735E-10 6.5854E-10 6.9429E-10 7.2880E-10 7.6690E-10 8.0710E-10 8.4801E-10 8.9558E-10 9.4072E-10 9.9371E-10 1.0482E-09 1.1021E-09 1.1673E-09 1.2291E-09 1.2970E-09 1.3724E-09 1.4467E-09 1.5310E-09 1.6180E-09
4.6192E-11 5.1677E-11 5.5998E-11 6.2196E-11 6.7260E-11 7.3149E-11 8.0126E-11 8.6308E-11 9.4750E-11 1.0187E-10 1.1130E-10 1.1943E-10 1.2993E-10 1.3918E-10 1.4950E-10 1.6122E-10 1.7211E-10 1.8568E-10 1.9788E-10 2.1201E-10 2.2628E-10 2.4038E-10 2.5745E-10 2.7303E-10 2.9075E-10 3.0864E-10 3.2635E-10 3.4728E-10 3.6663E-10 3.8657E-10 4.0980E-10 4.3143E-10 4.5365E-10 4.7641E-10 5.0290E-10 5.2738E-10 5.5519E-10 5.8298E-10 6.1489E-10 6.4542E-10 6.7915E-10 7.1615E-10 7.5210E-10 7.9190E-10 8.3403E-10 8.7768E-10 9.2422E-10 9.7705E-10 1.0282E-09 1.0862E-09 1.1460E-09 1.2066E-09 1.2789E-09 1.3482E-09 1.4239E-09 1.5074E-09 1.5901E-09
4.5990E-11 5.1457E-11 5.5688E-11 6.1855E-11 6.6809E-11 7.3746E-11 7.9498E-11 8.7276E-11 9.3904E-11 1.0144E-10 1.1018E-10 1.1812E-10 1.2850E-10 1.3751E-10 1.4897E-10 1.5914E-10 1.7041E-10 1.8311E-10 1.9497E-10 2.0955E-10 2.2276E-10 2.3791E-10 2.5321E-10 2.6833E-10 2.8647E-10 3.0309E-10 3.2106E-10 3.4077E-10 3.5952E-10 3.7882E-10 4.0158E-10 4.2252E-10 4.4400E-10 4.6791E-10 4.9192E-10 5.1557E-10 5.4412E-10 5.7262E-10 6.0122E-10 6.3409E-10 6.6571E-10 7.0073E-10 7.3767E-10 7.7519E-10 8.1863E-10 8.5986E-10 9.1034E-10 9.5814E-10 1.0105E-09 1.0681E-09 1.1246E-09 1.1892E-09 1.2559E-09 1.3236E-09 1.4010E-09 1.4807E-09 1.5644E-09
4.7276E-11 5.1205E-11 5.5859E-11 6.1478E-11 6.6322E-11 7.3211E-11 7.8831E-11 8.6543E-11 9.3015E-11 1.0162E-10 1.0903E-10 1.1861E-10 1.2702E-10 1.3580E-10 1.4711E-10 1.5701E-10 1.6940E-10 1.8049E-10 1.9271E-10 2.0637E-10 2.1919E-10 2.3477E-10 2.4894E-10 2.6510E-10 2.8140E-10 2.9752E-10 3.1664E-10 3.3426E-10 3.5242E-10 3.7366E-10 3.9338E-10 4.1364E-10 4.3440E-10 4.5865E-10 4.8100E-10 5.0646E-10 5.3190E-10 5.6119E-10 5.8913E-10 6.2008E-10 6.5411E-10 6.8703E-10 7.2357E-10 7.6225E-10 8.0175E-10 8.4440E-10 8.9244E-10 9.3922E-10 9.9306E-10 1.0477E-09 1.1029E-09 1.1694E-09 1.2324E-09 1.3041E-09 1.3781E-09 1.4533E-09 1.5385E-09
4.7075E-11 5.0922E-11 5.6562E-11 6.1067E-11 6.7408E-11 7.2639E-11 7.8674E-11 8.5772E-11 9.2088E-11 1.0061E-10 1.0783E-10 1.1730E-10 1.2550E-10 1.3596E-10 1.4521E-10 1.5484E-10 1.6705E-10 1.7784E-10 1.9114E-10 2.0314E-10 2.1628E-10 2.3089E-10 2.4464E-10 2.6119E-10 2.7632E-10 2.9269E-10 3.1067E-10 3.2775E-10 3.4532E-10 3.6612E-10 3.8521E-10 4.0479E-10 4.2664E-10 4.4857E-10 4.7017E-10 4.9633E-10 5.2113E-10 5.4859E-10 5.7877E-10 6.0770E-10 6.3981E-10 6.7368E-10 7.0802E-10 7.4794E-10 7.8493E-10 8.3147E-10 8.7457E-10 9.2258E-10 9.7594E-10 1.0273E-09 1.0863E-09 1.1471E-09 1.2087E-09 1.2820E-09 1.3520E-09 1.4283E-09 1.5124E-09
4.6845E-11 5.0611E-11 5.6219E-11 6.0625E-11 6.6921E-11 7.2033E-11 7.9080E-11 8.4965E-11 9.2830E-11 9.9560E-11 1.0718E-10 1.1596E-10 1.2395E-10 1.3427E-10 1.4328E-10 1.5458E-10 1.6466E-10 1.7514E-10 1.8823E-10 1.9988E-10 2.1409E-10 2.2698E-10 2.4102E-10 2.5655E-10 2.7121E-10 2.8866E-10 3.0471E-10 3.2124E-10 3.4064E-10 3.5860E-10 3.7706E-10 3.9599E-10 4.1817E-10 4.3856E-10 4.6065E-10 4.8510E-10 5.1194E-10 5.3749E-10 5.6583E-10 5.9706E-10 6.2716E-10 6.6064E-10 6.9606E-10 7.3216E-10 7.7249E-10 8.1457E-10 8.5669E-10 9.0839E-10 9.5658E-10 1.0090E-09 1.0675E-09 1.1247E-09 1.1900E-09 1.2573E-09 1.3255E-09 1.4059E-09 1.4831E-09
4.6589E-11 5.1747E-11 5.5847E-11 6.0154E-11 6.6403E-11 7.1396E-11 7.8380E-11 8.4125E-11 9.1910E-11 9.8475E-11 1.0713E-10 1.1458E-10 1.2355E-10 1.3255E-10 1.4130E-10 1.5243E-10 1.6223E-10 1.7438E-10 1.8528E-10 1.9658E-10 2.1054E-10 2.2304E-10 2.3813E-10 2.5189E-10 2.6609E-10 2.8319E-10 2.9873E-10 3.1473E-10 3.3373E-10 3.5111E-10 3.6895E-10 3.8808E-10 4.0892E-10 4.2862E-10 4.5257E-10 4.7522E-10 5.0035E-10 5.2800E-10 5.5444E-10 5.8383E-10 6.1627E-10 6.4620E-10 6.8279E-10 7.1647E-10 7.5839E-10 7.9770E-10 8.4105E-10 8.9017E-10 9.3714E-10 9.9097E-10 1.0463E-09 1.1044E-09 1.1689E-09 1.2323E-09 1.3042E-09 1.3782E-09 1.4532E-09
4.6307E-11 5.1437E-11 5.5447E-11 6.1202E-11 6.5855E-11 7.2294E-11 7.7650E-11 8.3255E-11 9.0958E-11 9.7359E-11 1.0591E-10 1.1318E-10 1.2259E-10 1.3077E-10 1.4049E-10 1.5025E-10 1.5977E-10 1.7169E-10 1.8228E-10 1.9524E-10 2.0695E-10 2.1906E-10 2.3387E-10 2.4720E-10 2.6312E-10 2.7771E-10 2.9276E-10 3.0974E-10 3.2682E-10 3.4363E-10 3.6088E-10 3.8114E-10 3.9973E-10 4.1876E-10 4.4225E-10 4.6681E-10 4.9015E-10 5.1608E-10 5.4467E-10 5.7073E-10 6.0278E-10 6.3515E-10 6.6809E-10 7.0495E-10 7.4253E-10 7.8083E-10 8.2779E-10 8.7192E-10 9.1991E-10 9.7316E-10 1.0249E-09 1.0843E-09 1.1454E-09 1.2095E-09 1.2803E-09 1.3500E-09 1.4276E-09
4.6002E-11 5.1101E-11 5.5022E-11 6.0734E-11 6.5279E-11 7.1662E-11 7.6891E-11 8.4003E-11 8.9977E-11 9.7880E-11 1.0466E-10 1.1172E-10 1.2101E-10 1.2897E-10 1.3912E-10 1.4801E-10 1.5848E-10 1.6898E-10 1.7925E-10 1.9196E-10 2.0332E-10 2.1709E-10 2.2958E-10 2.4249E-10 2.5809E-10 2.7223E-10 2.8678E-10 3.0411E-10 3.1994E-10 3.3619E-10 3.5285E-10 3.7265E-10 3.9061E-10 4.1251E-10 4.3202E-10 4.5615E-10 4.8145E-10 5.0427E-10 5.3246E-10 5.6215E-10 5.8939E-10 6.2287E-10 6.5351E-10 6.9185E-10 7.2672E-10 7.6611E-10 8.1064E-10 8.5361E-10 9.0505E-10 9.5311E-10 1.0058E-09 1.0644E-09 1.1216E-09 1.1868E-09 1.2538E-09 1.3237E-09 1.3998E-09
4.6617E-11 5.0741E-11 5.6004E-11 6.0240E-11 6.4679E-11 7.1003E-11 7.6106E-11 8.3143E-11 8.8964E-11 9.6759E-11 1.0336E-10 1.1195E-10 1.1938E-10 1.2711E-10 1.3709E-10 1.4574E-10 1.5661E-10 1.6622E-10 1.7741E-10 1.8866E-10 1.9967E-10 2.1315E-10 2.2527E-10 2.3913E-10 2.5305E-10 2.6673E-10 2.8081E-10 2.9777E-10 3.1307E-10 3.2878E-10 3.4728E-10 3.6422E-10 3.8156E-10 4.0303E-10 4.2549E-10 4.4559E-10 4.7047E-10 4.9662E-10 5.2035E-10 5.4965E-10 5.7920E-10 6.0922E-10 6.4283E-10 6.7704E-10 7.1099E-10 7.5366E-10 7.9348E-10 8.3742E-10 8.8623E-10 9.3297E-10 9.8896E-10 1.0421E-09 1.1001E-09 1.1642E-09 1.2271E-09 1.2974E-09 1.3697E-09
4.6301E-11 5.0358E-11 5.5583E-11 5.9722E-11 6.5557E-11 7.0319E-11 7.6815E-11 8.2239E-11 8.7904E-11 9.5606E-11 1.0203E-10 1.1048E-10 1.1770E-10 1.2695E-10 1.3504E-10 1.4342E-10 1.5409E-10 1.6342E-10 1.7500E-10 1.8531E-10 1.9660E-10 2.0920E-10 2.2093E-10 2.3514E-10 2.4800E-10 2.6124E-10 2.7704E-10 2.9144E-10 3.0624E-10 3.2141E-10 3.3948E-10 3.5584E-10 3.7584E-10 3.9363E-10 4.1568E-10 4.3880E-10 4.5960E-10 4.8534E-10 5.1117E-10 5.3727E-10 5.6783E-10 5.9567E-10 6.3068E-10 6.6231E-10 6.9729E-10 7.3749E-10 7.7633E-10 8.2349E-10 8.6737E-10 9.1497E-10 9.6809E-10 1.0197E-09 1.0786E-09 1.1392E-09 1.2022E-09 1.2711E-09 1.3392E-09
4.5331E-11 4.9384E-11 5.4630E-11 5.9182E-11 6.4964E-11 6.9596E-11 7.6011E-11 8.1303E-11 8.8419E-11 9.4403E-11 1.0170E-10 1.0897E-10 1.1599E-10 1.2508E-10 1.3291E-10 1.4281E-10 1.5154E-10 1.6057E-10 1.7193E-10 1.8193E-10 1.9422E-10 2.0522E-10 2.1658E-10 2.3050E-10 2.4294E-10 2.5574E-10 2.7120E-10 2.8513E-10 2.9943E-10 3.1557E-10 3.3173E-10 3.4753E-10 3.6713E-10 3.8657E-10 4.0596E-10 4.2868E-10 4.5137E-10 4.7418E-10 5.0092E-10 5.2785E-10 5.5517E-10 5.8579E-10 6.1690E-10 6.4766E-10 6.8580E-10 7.2133E-10 7.6118E-10 8.0574E-10 8.4849E-10 8.9927E-10 9.4713E-10 9.9942E-10 1.0575E-09 1.1141E-09 1.1775E-09 1.2427E-09 1.3108E-09
4.4964E-11 4.9862E-11 5.4151E-11 5.8012E-11 6.3786E-11 6.8840E-11 7.5185E-11 8.0324E-11 8.7329E-11 9.3154E-11 1.0087E-10 1.0741E-10 1.1421E-10 1.2315E-10 1.3076E-10 1.4047E-10 1.4892E-10 1.5947E-10 1.6883E-10 1.7851E-10 1.9055E-10 2.0122E-10 2.1416E-10 2.2583E-10 2.3787E-10 2.5228E-10 2.6537E-10 2.7883E-10 2.9265E-10 3.0913E-10 3.2403E-10 3.4030E-10 3.5849E-10 3.7862E-10 3.9863E-10 4.1866E-10 4.4216E-10 4.6571E-10 4.8947E-10 5.1734E-10 5.4261E-10 5.7452E-10 6.0320E-10 6.3493E-10 6.7081E-10 7.0517E-10 7.4820E-10 7.8797E-10 8.3164E-10 8.7969E-10 9.2613E-10 9.8148E-10 1.0340E-09 1.0907E-09 1.1528E-09 1.2141E-09 1.2845E-09
4.3257E-11 4.8223E-11 5.2953E-11 5.8347E-11 6.3108E-11 6.9019E-11 7.4294E-11 8.0277E-11 8.6211E-11 9.1863E-11 9.9437E-11 1.0579E-10 1.1407E-10 1.2118E-10 1.2854E-10 1.3808E-10 1.4629E-10 1.5662E-10 1.6569E-10 1.7688E-10 1.8687E-10 1.9719E-10 2.0986E-10 2.2117E-10 2.3281E-10 2.4689E-10 2.5956E-10 2.7257E-10 2.8591E-10 3.0199E-10 3.1639E-10 3.3427E-10 3.4993E-10 3.6967E-10 3.9040E-10 4.0993E-10 4.3185E-10 4.5624E-10 4.8076E-10 5.0561E-10 5.3185E-10 5.6172E-10 5.8959E-10 6.2426E-10 6.5588E-10 6.9089E-10 7.3162E-10 7.7018E-10 8.1701E-10 8.6009E-10 9.0718E-10 9.5956E-10 1.0104E-09 1.0694E-09 1.1262E-09 1.1874E-09 1.2543E-09
4.1873E-11 4.6843E-11 5.1016E-11 5.6468E-11 6.1666E-11 6.7563E-11 7.2801E-11 7.9247E-11 8.5024E-11 9.2028E-11 9.7970E-11 1.0413E-10 1.1225E-10 1.1915E-10 1.2799E-10 1.3566E-10 1.4359E-10 1.5374E-10 1.6253E-10 1.7348E-10 1.8316E-10 1.9435E-10 2.0555E-10 2.1649E-10 2.2774E-10 2.4152E-10 2.5376E-10 2.6632E-10 2.8134E-10 2.9491E-10 3.0881E-10 3.2632E-10 3.4467E-10 3.6081E-10 3.8116E-10 4.0259E-10 4.2286E-10 4.4565E-10 4.7104E-10 4.9397E-10 5.2302E-10 5.4900E-10 5.7605E-10 6.1031E-10 6.4101E-10 6.7875E-10 7.1504E-10 7.5240E-10 7.9871E-10 8.4048E-10 8.9046E-10 9.3761E-10 9.8861E-10 1.0446E-09 1.0995E-09 1.1630E-09 1.2241E-09
3.9941E-11 4.5703E-11 5.0836E-11 5.5768E-11 6.0889E-11 6.6708E-11 7.1067E-11 7.7475E-11 8.3194E-11 9.0163E-11 9.6438E-11 1.0344E-10 1.1040E-10 1.1708E-10 1.2575E-10 1.3319E-10 1.4259E-10 1.5082E-10 1.5932E-10 1.7006E-10 1.7943E-10 1.9096E-10 2.0123E-10 2.1181E-10 2.2463E-10 2.3614E-10 2.4798E-10 2.6012E-10 2.7477E-10 2.8787E-10 3.0417E-10 3.1844E-10 3.3643E-10 3.5533E-10 3.7202E-10 3.9307E-10 4.1528E-10 4.3516E-10 4.6017E-10 4.8242E-10 5.1113E-10 5.3635E-10 5.6784E-10 5.9642E-10 6.2621E-10 6.6342E-10 6.9846E-10 7.4069E-10 7.8043E-10 8.2087E-10 8.7001E-10 9.1564E-10 9.6876E-10 1.0197E-09 1.0747E-09 1.1348E-09 1.1938E-09
3.7729E-11 4.2801E-11 4.8042E-11 5.3464E-11 5.9060E-11 6.4437E-11 7.0486E-11 7.6329E-11 8.1890E-11 8.8740E-11 9.4250E-11 1.0172E-10 1.0849E-10 1.1601E-10 1.2348E-10 1.3068E-10 1.3989E-10 1.4787E-10 1.5784E-10 1.6662E-10 1.7567E-10 1.8697E-10 1.9690E-10 2.0712E-10 2.1965E-10 2.3079E-10 2.4222E-10 2.5524E-10 2.6824E-10 2.8089E-10 2.9685E-10 3.1357E-10 3.2826E-10 3.4681E-10 3.6632E-10 3.8364E-10 4.0549E-10 4.2858E-10 4.4938E-10 4.7579E-10 4.9931E-10 5.2379E-10 5.5486E-10 5.8259E-10 6.1678E-10 6.4814E-10 6.8197E-10 7.2366E-10 7.6217E-10 8.0725E-10 8.4956E-10 8.9368E-10 9.4567E-10 9.9490E-10 1.0520E-09 1.1067E-09 1.1656E-09
3.4603E-11 4.0390E-11 4.6210E-11 5.1581E-11 5.7147E-11 6.1803E-11 6.7867E-11 7.3707E-11 8.0248E-11 8.6570E-11 9.2609E-11 9.9949E-11 1.0593E-10 1.1390E-10 1.2116E-10 1.2919E-10 1.3718E-10 1.4489E-10 1.5464E-10 1.6315E-10 1.7364E-10 1.8296E-10 1.9256E-10 2.0364E-10 2.1470E-10 2.2545E-10 2.3648E-10 2.4983E-10 2.6176E-10 2.7395E-10 2.8958E-10 3.0597E-10 3.2219E-10 3.3835E-10 3.5752E-10 3.7773E-10 3.9577E-10 4.1850E-10 4.3868E-10 4.6474E-10 4.8757E-10 5.1458E-10 5.4194E-10 5.6884E-10 6.0251E-10 6.3292E-10 6.6912E-10 7.0667E-10 7.4391E-10 7.8821E-10 8.2914E-10 8.7692E-10 9.2259E-10 9.7189E-10 1.0259E-09 1.0787E-09 1.1396E-09
2.7565E-11 3.6027E-11 4.2069E-11 4.8177E-11 5.3805E-11 5.9619E-11 6.5643E-11 7.1430E-11 7.7907E-11 8.3579E-11 9.0606E-11 9.7409E-11 1.0392E-10 1.1174E-10 1.1819E-10 1.2666E-10 1.3379E-10 1.4294E-10 1.5145E-10 1.5967E-10 1.6992E-10 1.7894E-10 1.8823E-10 1.9962E-10 2.0974E-10 2.2013E-10 2.3078E-10 2.4380E-10 2.5531E-10 2.6984E-10 2.8237E-10 2.9842E-10 3.1530E-10 3.3205E-10 3.4878E-10 3.6865E-10 3.8964E-10 4.0849E-10 4.3105E-10 4.5376E-10 4.7590E-10 5.0405E-10 5.2909E-10 5.5846E-10 5.8829E-10 6.1775E-10 6.5455E-10 6.8972E-10 7.2907E-10 7.6921E-10 8.0875E-10 8.5548E-10 8.9957E-10 9.5088E-10 9.9985E-10 1.0526E-09 1.1101E-09
2.2963E-11 2.6875E-11 3.8054E-11 4.5349E-11 4.9970E-11 5.7124E-11 6.3154E-11 6.9380E-11 7.5815E-11 8.2009E-11 8.8892E-11 9.4959E-11 1.0154E-10 1.0881E-10 1.1578E-10 1.2334E-10 1.3100E-10 1.3996E-10 1.4757E-10 1.5616E-10 1.6559E-10 1.7492E-10 1.8389E-10 1.9503E-10 2.0480E-10 2.1483E-10 2.2634E-10 2.3781E-10 2.4891E-10 2.6312E-10 2.7804E-10 2.9093E-10 3.0748E-10 3.2490E-10 3.4119E-10 3.5963E-10 3.8028E-10 3.9855E-10 4.2220E-10 4.4285E-10 4.6582E-10 4.9204E-10 5.1630E-10 5.4675E-10 5.7414E-10 6.0601E-10 6.3845E-10 6.7270E-10 7.1266E-10 7.5025E-10 7.9168E-10 8.3409E-10 8.7662E-10 9.2671E-10 9.7390E-10 1.0286E-09 1.0808E-09
