Assets/Resources/2015_m01_d07_0300(utc+0800)_l00_csi_1hr_conc.grd
DSAA
         159         159
     -79.000      79.000
     -79.000      79.000
  0.0000E+00  0.1429E-04
[rows 0 to 24 of 159, columns 0 to 56 of 159]
0.0000E+00 0.0000E+00 0.0000E+00 0.0000E+00 0.0000E+00 0.0000E+00 0.0000E+00 0.0000E+00 0.0000E+00 0.0000E+00 0.0000E+00 0.0000E+00 0.0000E+00 5.2580E-13 1.1254E-12 2.3532E-12 4.0361E-12 6.2153E-12 8.4207E-12 1.0635E-11 1.4240E-11 3.2835E-11 4.9124E-11 6.1926E-11 7.0623E-11 8.7379E-11 1.0592E-10 1.2674E-10 1.5113E-10 1.7248E-10 2.0420E-10 2.3657E-10 2.6936E-10 3.0311E-10 3.4288E-10 3.8071E-10 4.2671E-10 4.7352E-10 5.2502E-10 5.7953E-10 6.3476E-10 6.9601E-10 7.5765E-10 8.2635E-10 8.9492E-10 9.6538E-10 1.0392E-09 1.1147E-09 1.1923E-09 1.2727E-09 1.3545E-09 1.4381E-09 1.5228E-09 1.6086E-09 1.6948E-09 1.7817E-09 1.8689E-09
0.0000E+00 0.0000E+00 0.0000E+00 0.0000E+00 0.0000E+00 0.0000E+00 0.0000E+00 0.0000E+00 0.0000E+00 0.0000E+00 0.0000E+00 0.0000E+00 0.0000E+00 5.2504E-13 1.1248E-12 2.3548E-12 4.0449E-12 6.5068E-12 8.4512E-12 1.0961E-11 1.3191E-11 2.8964E-11 4.6694E-11 6.1093E-11 6.9787E-11 8.6441E-11 1.0948E-10 1.2696E-10 1.5029E-10 1.7880E-10 2.1008E-10 2.4038E-10 2.7179E-10 3.0684E-10 3.4476E-10 3.8819E-10 4.3042E-10 4.8161E-10 5.3461E-10 5.8813E-10 6.4779E-10 7.0833E-10 7.7545E-10 8.4372E-10 9.1366E-10 9.8775E-10 1.0636E-09 1.1421E-09 1.2238E-09 1.3072E-09 1.3929E-09 1.4804E-09 1.5690E-09 1.6586E-09 1.7494E-09 1.8407E-09 1.9324E-09
0.0000E+00 0.0000E+00 0.0000E+00 0.0000E+00 0.0000E+00 0.0000E+00 0.0000E+00 0.0000E+00 0.0000E+00 0.0000E+00 0.0000E+00 0.0000E+00 0.0000E+00 5.2351E-13 1.1224E-12 2.6207E-12 4.0475E-12 6.5167E-12 8.4688E-12 1.0994E-11 1.3241E-11 2.5545E-11 4.3395E-11 6.0295E-11 6.8891E-11 8.2871E-11 1.0935E-10 1.3117E-10 1.5675E-10 1.7957E-10 2.1099E-10 2.4020E-10 2.7440E-10 3.0986E-10 3.4633E-10 3.9056E-10 4.3912E-10 4.8711E-10 5.4056E-10 5.9896E-10 6.5797E-10 7.2346E-10 7.9063E-10 8.5946E-10 9.3349E-10 1.0091E-09 1.0880E-09 1.1705E-09 1.2550E-09 1.3422E-09 1.4317E-09 1.5230E-09 1.6154E-09 1.7098E-09 1.8047E-09 1.9007E-09 1.9967E-09
0.0000E+00 0.0000E+00 0.0000E+00 0.0000E+00 0.0000E+00 0.0000E+00 0.0000E+00 0.0000E+00 0.0000E+00 0.0000E+00 0.0000E+00 0.0000E+00 0.0000E+00 5.2121E-13 1.1184E-12 2.6167E-12 4.0441E-12 6.5168E-12 8.7632E-12 1.1298E-11 1.3271E-11 2.1585E-11 3.9897E-11 5.7266E-11 6.8002E-11 8.0188E-11 1.0094E-10 1.2870E-10 1.5558E-10 1.8411E-10 2.1202E-10 2.4347E-10 2.7444E-10 3.1039E-10 3.5173E-10 3.9740E-10 4.4289E-10 4.9397E-10 5.5001E-10 6.0653E-10 6.7051E-10 7.3617E-10 8.0381E-10 8.7688E-10 9.5163E-10 1.0306E-09 1.1131E-09 1.1983E-09 1.2866E-09 1.3775E-09 1.4708E-09 1.5654E-09 1.6630E-09 1.7612E-09 1.8610E-09 1.9617E-09 2.0627E-09
0.0000E+00 0.0000E+00 0.0000E+00 0.0000E+00 0.0000E+00 0.0000E+00 0.0000E+00 0.0000E+00 0.0000E+00 0.0000E+00 0.0000E+00 0.0000E+00 0.0000E+00 2.6501E-13 1.1128E-12 2.6087E-12 4.0346E-12 6.5069E-12 8.7588E-12 1.1300E-11 1.3581E-11 1.8138E-11 3.5941E-11 5.4440E-11 6.7065E-11 7.6548E-11 1.0066E-10 1.3261E-10 1.5556E-10 1.8444E-10 2.1102E-10 2.4275E-10 2.7594E-10 3.1428E-10 3.5262E-10 3.9905E-10 4.4804E-10 4.9871E-10 5.5524E-10 6.1711E-10 6.7992E-10 7.4683E-10 8.1846E-10 8.9209E-10 9.7043E-10 1.0519E-09 1.1377E-09 1.2264E-09 1.3183E-09 1.4129E-09 1.5092E-09 1.6095E-09 1.7104E-09 1.8138E-09 1.9182E-09 2.0238E-09 2.1304E-09
0.0000E+00 0.0000E+00 0.0000E+00 0.0000E+00 0.0000E+00 0.0000E+00 0.0000E+00 0.0000E+00 0.0000E+00 0.0000E+00 0.0000E+00 0.0000E+00 0.0000E+00 2.6274E-13 1.1055E-12 2.3410E-12 4.0190E-12 6.5045E-12 8.7411E-12 1.1284E-11 1.3574E-11 1.6621E-11 3.2957E-11 4.9711E-11 6.6124E-11 7.5559E-11 9.5702E-11 1.3106E-10 1.5889E-10 1.8305E-10 2.1292E-10 2.4330E-10 2.7531E-10 3.1411E-10 3.5724E-10 4.0115E-10 4.5031E-10 5.0477E-10 5.6084E-10 6.2349E-10 6.8908E-10 7.5839E-10 8.3090E-10 9.0794E-10 9.8790E-10 1.0737E-09 1.1620E-09 1.2545E-09 1.3499E-09 1.4475E-09 1.5496E-09 1.6527E-09 1.7592E-09 1.8669E-09 1.9763E-09 2.0874E-09 2.1993E-09
0.0000E+00 0.0000E+00 0.0000E+00 0.0000E+00 0.0000E+00 0.0000E+00 0.0000E+00 0.0000E+00 0.0000E+00 0.0000E+00 0.0000E+00 0.0000E+00 0.0000E+00 2.6010E-13 1.0967E-12 2.3276E-12 3.9975E-12 6.4789E-12 8.7102E-12 1.1252E-11 1.3830E-11 1.7069E-11 2.8679E-11 4.6922E-11 6.4669E-11 7.4463E-11 9.2578E-11 1.2946E-10 1.5852E-10 1.8136E-10 2.1142E-10 2.4202E-10 2.7613E-10 3.1562E-10 3.5729E-10 4.0405E-10 4.5527E-10 5.0845E-10 5.6817E-10 6.3114E-10 6.9682E-10 7.6855E-10 8.4377E-10 9.2225E-10 1.0070E-09 1.0939E-09 1.1867E-09 1.2821E-09 1.3806E-09 1.4839E-09 1.5887E-09 1.6976E-09 1.8079E-09 1.9207E-09 2.0356E-09 2.1523E-09 2.2692E-09
0.0000E+00 0.0000E+00 0.0000E+00 0.0000E+00 0.0000E+00 0.0000E+00 0.0000E+00 0.0000E+00 0.0000E+00 0.0000E+00 0.0000E+00 0.0000E+00 0.0000E+00 2.5711E-13 1.0863E-12 2.3107E-12 3.9701E-12 6.4436E-12 8.6661E-12 1.1202E-11 1.3782E-11 1.7032E-11 2.6190E-11 4.4123E-11 6.1056E-11 7.3420E-11 8.6649E-11 1.3171E-10 1.5665E-10 1.8113E-10 2.1096E-10 2.4036E-10 2.7483E-10 3.1625E-10 3.5949E-10 4.0519E-10 4.5656E-10 5.1366E-10 5.7272E-10 6.3643E-10 7.0569E-10 7.7784E-10 8.5508E-10 9.3808E-10 1.0236E-09 1.1156E-09 1.2100E-09 1.3090E-09 1.4126E-09 1.5187E-09 1.6292E-09 1.7417E-09 1.8572E-09 1.9751E-09 2.0963E-09 2.2176E-09 2.3411E-09
0.0000E+00 0.0000E+00 0.0000E+00 0.0000E+00 0.0000E+00 0.0000E+00 0.0000E+00 0.0000E+00 0.0000E+00 0.0000E+00 0.0000E+00 0.0000E+00 0.0000E+00 2.5379E-13 8.2343E-13 2.0300E-12 3.6831E-12 6.3987E-12 8.6092E-12 1.1432E-11 1.3712E-11 1.7442E-11 2.3110E-11 4.1124E-11 5.8334E-11 7.2263E-11 8.3522E-11 1.2595E-10 1.4932E-10 1.7900E-10 2.0492E-10 2.4007E-10 2.7495E-10 3.1483E-10 3.5871E-10 4.0719E-10 4.5811E-10 5.1540E-10 5.7681E-10 6.4298E-10 7.1208E-10 7.8704E-10 8.6644E-10 9.5132E-10 1.0417E-09 1.1348E-09 1.2334E-09 1.3360E-09 1.4432E-09 1.5546E-09 1.6686E-09 1.7863E-09 1.9060E-09 2.0314E-09 2.1564E-09 2.2849E-09 2.4156E-09
0.0000E+00 0.0000E+00 0.0000E+00 0.0000E+00 0.0000E+00 0.0000E+00 0.0000E+00 0.0000E+00 0.0000E+00 0.0000E+00 0.0000E+00 0.0000E+00 0.0000E+00 2.5014E-13 8.1356E-13 2.0089E-12 3.6482E-12 6.0825E-12 8.5396E-12 1.1351E-11 1.3340E-11 1.7360E-11 2.2221E-11 3.5256E-11 5.4009E-11 7.1172E-11 8.1314E-11 1.0719E-10 1.4716E-10 1.7675E-10 2.0262E-10 2.3776E-10 2.7291E-10 3.1550E-10 3.5825E-10 4.0649E-10 4.6078E-10 5.1805E-10 5.8002E-10 6.4697E-10 7.1882E-10 7.9472E-10 8.7766E-10 9.6533E-10 1.0572E-09 1.1543E-09 1.2552E-09 1.3630E-09 1.4741E-09 1.5892E-09 1.7083E-09 1.8298E-09 1.9580E-09 2.0858E-09 2.2190E-09 2.3541E-09 2.4902E-09
0.0000E+00 0.0000E+00 0.0000E+00 0.0000E+00 0.0000E+00 0.0000E+00 0.0000E+00 0.0000E+00 0.0000E+00 0.0000E+00 0.0000E+00 0.0000E+00 0.0000E+00 0.0000E+00 8.0262E-13 1.9851E-12 3.6082E-12 6.0223E-12 8.4576E-12 1.0980E-11 1.3690E-11 1.7252E-11 2.2122E-11 3.3021E-11 5.1970E-11 6.8619E-11 8.0025E-11 9.9614E-11 1.4482E-10 1.7415E-10 2.0008E-10 2.3679E-10 2.7044E-10 3.1324E-10 3.5833E-10 4.0838E-10 4.6127E-10 5.1909E-10 5.8308E-10 6.5031E-10 7.2372E-10 8.0354E-10 8.8702E-10 9.7770E-10 1.0728E-09 1.1721E-09 1.2786E-09 1.3880E-09 1.5043E-09 1.6239E-09 1.7467E-09 1.8766E-09 2.0068E-09 2.1435E-09 2.2818E-09 2.4232E-09 2.5655E-09
0.0000E+00 0.0000E+00 0.0000E+00 0.0000E+00 0.0000E+00 0.0000E+00 0.0000E+00 0.0000E+00 0.0000E+00 0.0000E+00 0.0000E+00 0.0000E+00 0.0000E+00 0.0000E+00 5.3503E-13 1.9585E-12 3.3047E-12 5.9536E-12 8.1026E-12 1.0869E-11 1.3565E-11 1.7118E-11 2.2474E-11 3.0790E-11 4.7594E-11 6.4728E-11 7.8716E-11 9.4938E-11 1.4231E-10 1.7146E-10 1.9725E-10 2.3379E-10 2.6850E-10 3.1155E-10 3.5603E-10 4.0660E-10 4.6124E-10 5.2011E-10 5.8421E-10 6.5378E-10 7.2894E-10 8.0972E-10 8.9722E-10 9.8855E-10 1.0866E-09 1.1908E-09 1.2990E-09 1.4145E-09 1.5332E-09 1.6570E-09 1.7878E-09 1.9198E-09 2.0590E-09 2.1994E-09 2.3457E-09 2.4925E-09 2.6431E-09
0.0000E+00 0.0000E+00 0.0000E+00 0.0000E+00 0.0000E+00 0.0000E+00 0.0000E+00 0.0000E+00 0.0000E+00 0.0000E+00 0.0000E+00 0.0000E+00 0.0000E+00 0.0000E+00 5.2564E-13 1.6664E-12 3.2589E-12 5.6098E-12 8.0014E-12 1.0743E-11 1.3421E-11 1.6959E-11 2.2313E-11 2.8059E-11 4.2928E-11 6.1458E-11 7.7362E-11 8.9380E-11 1.3550E-10 1.6702E-10 1.9416E-10 2.3059E-10 2.6530E-10 3.0403E-10 3.5597E-10 4.0531E-10 4.5975E-10 5.2031E-10 5.8562E-10 6.5556E-10 7.3318E-10 8.1593E-10 9.0479E-10 9.9957E-10 1.0997E-09 1.2070E-09 1.3207E-09 1.4379E-09 1.5615E-09 1.6897E-09 1.8253E-09 1.9659E-09 2.1076E-09 2.2580E-09 2.4081E-09 2.5639E-09 2.7458E-09
0.0000E+00 0.0000E+00 0.0000E+00 0.0000E+00 0.0000E+00 0.0000E+00 0.0000E+00 0.0000E+00 0.0000E+00 0.0000E+00 0.0000E+00 0.0000E+00 0.0000E+00 0.0000E+00 5.1565E-13 1.3849E-12 3.2089E-12 4.9998E-12 7.6315E-12 1.0602E-11 1.3258E-11 1.6776E-11 2.2119E-11 2.8853E-11 4.0968E-11 5.7701E-11 7.5107E-11 8.6775E-11 1.2026E-10 1.6109E-10 1.9080E-10 2.2340E-10 2.6260E-10 3.0064E-10 3.5264E-10 4.0233E-10 4.5839E-10 5.1897E-10 5.8519E-10 6.5733E-10 7.3582E-10 8.2132E-10 9.1217E-10 1.0084E-09 1.1131E-09 1.2230E-09 1.3391E-09 1.4614E-09 1.5882E-09 1.7241E-09 1.8639E-09 2.0083E-09 2.1608E-09 2.3127E-09 2.4734E-09 2.6581E-09 2.8278E-09
0.0000E+00 0.0000E+00 0.0000E+00 0.0000E+00 0.0000E+00 0.0000E+00 0.0000E+00 0.0000E+00 0.0000E+00 0.0000E+00 0.0000E+00 0.0000E+00 0.0000E+00 0.0000E+00 2.5501E-13 1.3590E-12 2.6402E-12 4.6646E-12 7.2489E-12 1.0446E-11 1.3077E-11 1.6568E-11 2.2390E-11 2.8153E-11 3.8013E-11 5.5186E-11 7.2045E-11 8.5254E-11 1.0613E-10 1.5487E-10 1.8717E-10 2.1671E-10 2.5865E-10 2.9757E-10 3.4973E-10 4.0081E-10 4.5639E-10 5.1763E-10 5.8394E-10 6.5831E-10 7.3811E-10 8.2450E-10 9.1758E-10 1.0173E-09 1.1236E-09 1.2378E-09 1.3574E-09 1.4826E-09 1.6171E-09 1.7545E-09 1.9012E-09 2.0543E-09 2.2083E-09 2.3719E-09 2.5574E-09 2.7329E-09 2.9327E-09
0.0000E+00 0.0000E+00 0.0000E+00 0.0000E+00 0.0000E+00 0.0000E+00 0.0000E+00 0.0000E+00 0.0000E+00 0.0000E+00 0.0000E+00 0.0000E+00 0.0000E+00 0.0000E+00 2.4913E-13 1.0841E-12 2.5921E-12 4.5836E-12 7.1274E-12 1.0011E-11 1.2879E-11 1.6338E-11 2.2137E-11 2.7879E-11 3.5018E-11 5.2404E-11 6.8993E-11 8.3707E-11 9.8715E-11 1.5153E-10 1.8330E-10 2.1259E-10 2.5429E-10 2.9330E-10 3.4533E-10 3.9663E-10 4.5276E-10 5.1471E-10 5.8275E-10 6.5823E-10 7.3959E-10 8.2770E-10 9.2160E-10 1.0247E-09 1.1351E-09 1.2503E-09 1.3735E-09 1.5035E-09 1.6415E-09 1.7873E-09 1.9360E-09 2.0951E-09 2.2603E-09 2.4445E-09 2.6256E-09 2.8274E-09 3.0163E-09
0.0000E+00 0.0000E+00 0.0000E+00 0.0000E+00 0.0000E+00 0.0000E+00 0.0000E+00 0.0000E+00 0.0000E+00 0.0000E+00 0.0000E+00 0.0000E+00 0.0000E+00 0.0000E+00 0.0000E+00 8.0386E-13 2.5410E-12 4.2380E-12 6.7250E-12 9.8351E-12 1.2663E-11 1.6086E-11 2.1852E-11 2.8059E-11 3.4684E-11 4.9149E-11 6.5259E-11 8.1334E-11 9.3745E-11 1.3596E-10 1.7704E-10 2.0921E-10 2.5051E-10 2.8935E-10 3.3906E-10 3.9293E-10 4.4931E-10 5.1070E-10 5.8061E-10 6.5628E-10 7.3881E-10 8.2846E-10 9.2552E-10 1.0310E-09 1.1429E-09 1.2623E-09 1.3879E-09 1.5243E-09 1.6670E-09 1.8151E-09 1.9741E-09 2.1378E-09 2.3205E-09 2.5066E-09 2.7086E-09 2.9031E-09 3.1217E-09
0.0000E+00 0.0000E+00 0.0000E+00 0.0000E+00 0.0000E+00 0.0000E+00 0.0000E+00 0.0000E+00 0.0000E+00 0.0000E+00 0.0000E+00 0.0000E+00 0.0000E+00 0.0000E+00 0.0000E+00 7.8482E-13 2.2312E-12 4.1518E-12 6.3340E-12 9.1092E-12 1.2433E-11 1.5525E-11 2.1538E-11 2.7706E-11 3.5658E-11 4.7660E-11 6.2656E-11 7.8130E-11 9.2085E-11 1.2520E-10 1.7152E-10 2.0466E-10 2.4234E-10 2.8419E-10 3.2878E-10 3.8745E-10 4.4415E-10 5.0708E-10 5.7758E-10 6.5406E-10 7.3792E-10 8.2914E-10 9.2790E-10 1.0357E-09 1.1492E-09 1.2716E-09 1.4017E-09 1.5418E-09 1.6893E-09 1.8464E-09 2.0058E-09 2.1777E-09 2.3759E-09 2.5766E-09 2.7764E-09 2.9968E-09 3.2092E-09
0.0000E+00 0.0000E+00 0.0000E+00 0.0000E+00 0.0000E+00 0.0000E+00 0.0000E+00 0.0000E+00 0.0000E+00 0.0000E+00 0.0000E+00 0.0000E+00 0.0000E+00 0.0000E+00 0.0000E+00 5.1308E-13 1.6623E-12 3.8088E-12 5.9448E-12 8.3982E-12 1.1907E-11 1.5718E-11 2.0453E-11 2.7313E-11 3.5241E-11 4.6816E-11 6.1064E-11 7.5965E-11 8.9625E-11 1.0890E-10 1.6451E-10 2.0059E-10 2.3480E-10 2.7909E-10 3.2319E-10 3.8160E-10 4.3819E-10 5.0131E-10 5.7252E-10 6.4989E-10 7.3468E-10 8.2718E-10 9.2896E-10 1.0378E-09 1.1548E-09 1.2801E-09 1.4150E-09 1.5596E-09 1.7086E-09 1.8709E-09 2.0413E-09 2.2332E-09 2.4212E-09 2.6375E-09 2.8571E-09 3.0748E-09 3.3147E-09
0.0000E+00 0.0000E+00 0.0000E+00 0.0000E+00 0.0000E+00 0.0000E+00 0.0000E+00 0.0000E+00 0.0000E+00 0.0000E+00 0.0000E+00 0.0000E+00 0.0000E+00 0.0000E+00 0.0000E+00 2.5023E-13 1.3716E-12 3.2084E-12 5.5621E-12 8.2136E-12 1.1387E-11 1.5132E-11 2.0093E-11 2.6409E-11 3.4774E-11 4.6360E-11 6.0335E-11 7.4099E-11 8.7300E-11 1.0306E-10 1.5338E-10 1.9470E-10 2.2811E-10 2.7465E-10 3.1787E-10 3.7578E-10 4.3246E-10 4.9690E-10 5.6743E-10 6.4532E-10 7.3117E-10 8.2500E-10 9.2834E-10 1.0380E-09 1.1575E-09 1.2856E-09 1.4251E-09 1.5724E-09 1.7311E-09 1.8973E-09 2.0825E-09 2.2735E-09 2.4869E-09 2.6887E-09 2.9260E-09 3.1668E-09 3.4014E-09
0.0000E+00 0.0000E+00 0.0000E+00 0.0000E+00 0.0000E+00 0.0000E+00 0.0000E+00 0.0000E+00 0.0000E+00 0.0000E+00 0.0000E+00 0.0000E+00 0.0000E+00 0.0000E+00 0.0000E+00 0.0000E+00 1.0755E-12 3.1296E-12 5.1682E-12 7.4663E-12 1.0862E-11 1.4815E-11 1.9709E-11 2.6010E-11 3.5125E-11 4.6687E-11 5.9821E-11 7.2445E-11 8.5090E-11 1.0064E-10 1.3708E-10 1.8832E-10 2.2291E-10 2.6706E-10 3.1133E-10 3.6534E-10 4.2524E-10 4.8953E-10 5.6024E-10 6.3875E-10 7.2524E-10 8.2117E-10 9.2500E-10 1.0377E-09 1.1593E-09 1.2914E-09 1.4344E-09 1.5837E-09 1.7461E-09 1.9188E-09 2.1182E-09 2.3248E-09 2.5289E-09 2.7644E-09 2.9853E-09 3.2426E-09 3.4820E-09
0.0000E+00 0.0000E+00 0.0000E+00 0.0000E+00 0.0000E+00 0.0000E+00 0.0000E+00 0.0000E+00 0.0000E+00 0.0000E+00 0.0000E+00 0.0000E+00 0.0000E+00 0.0000E+00 0.0000E+00 0.0000E+00 1.0450E-12 2.5198E-12 4.7787E-12 7.0171E-12 1.0340E-11 1.4004E-11 1.9302E-11 2.5035E-11 3.4573E-11 4.6512E-11 5.9229E-11 7.1824E-11 8.3197E-11 9.7193E-11 1.2521E-10 1.8035E-10 2.1856E-10 2.5779E-10 3.0547E-10 3.5548E-10 4.1846E-10 4.8208E-10 5.5301E-10 6.3129E-10 7.1795E-10 8.1490E-10 9.1983E-10 1.0340E-09 1.1578E-09 1.2939E-09 1.4387E-09 1.5961E-09 1.7640E-09 1.9515E-09 2.1422E-09 2.3598E-09 2.5895E-09 2.8125E-09 3.0688E-09 3.3105E-09 3.5925E-09
0.0000E+00 0.0000E+00 0.0000E+00 0.0000E+00 0.0000E+00 0.0000E+00 0.0000E+00 0.0000E+00 0.0000E+00 0.0000E+00 0.0000E+00 0.0000E+00 0.0000E+00 0.0000E+00 0.0000E+00 0.0000E+00 7.6197E-13 2.1953E-12 3.5974E-12 6.3256E-12 9.0880E-12 1.3659E-11 1.8414E-11 2.4524E-11 3.3506E-11 4.6836E-11 5.8546E-11 7.1088E-11 8.1311E-11 9.5677E-11 1.1281E-10 1.6105E-10 2.1215E-10 2.5073E-10 2.9871E-10 3.4598E-10 4.1107E-10 4.7393E-10 5.4432E-10 6.2311E-10 7.1156E-10 8.0795E-10 9.1392E-10 1.0297E-09 1.1577E-09 1.2951E-09 1.4430E-09 1.6017E-09 1.7738E-09 1.9724E-09 2.1836E-09 2.4033E-09 2.6287E-09 2.8819E-09 3.1241E-09 3.4058E-09 3.6705E-09
0.0000E+00 0.0000E+00 0.0000E+00 0.0000E+00 0.0000E+00 0.0000E+00 0.0000E+00 0.0000E+00 0.0000E+00 0.0000E+00 0.0000E+00 0.0000E+00 0.0000E+00 0.0000E+00 0.0000E+00 0.0000E+00 0.0000E+00 1.6392E-12 3.4941E-12 5.6067E-12 8.5682E-12 1.2745E-11 1.7973E-11 2.4507E-11 3.2873E-11 4.6144E-11 5.8821E-11 7.0239E-11 8.0846E-11 9.3681E-11 1.1032E-10 1.4783E-10 2.0564E-10 2.4286E-10 2.8979E-10 3.3831E-10 4.0051E-10 4.6447E-10 5.3476E-10 6.1328E-10 7.0168E-10 7.9865E-10 9.0532E-10 1.0220E-09 1.1518E-09 1.2915E-09 1.4448E-09 1.6095E-09 1.7968E-09 1.9972E-09 2.2022E-09 2.4362E-09 2.6826E-09 2.9246E-09 3.2035E-09 3.4695E-09 3.7454E-09
0.0000E+00 0.0000E+00 0.0000E+00 0.0000E+00 0.0000E+00 0.0000E+00 0.0000E+00 0.0000E+00 0.0000E+00 0.0000E+00 0.0000E+00 0.0000E+00 0.0000E+00 0.0000E+00 0.0000E+00 0.0000E+00 0.0000E+00 1.3273E-12 3.1253E-12 5.1758E-12 7.7788E-12 1.1408E-11 1.6953E-11 2.2698E-11 3.3011E-11 4.4871E-11 5.7973E-11 6.9281E-11 8.0158E-11 9.1357E-11 1.0824E-10 1.3573E-10 1.8817E-10 2.3726E-10 2.8018E-10 3.3125E-10 3.8800E-10 4.5566E-10 5.2537E-10 6.0363E-10 6.9160E-10 7.8897E-10 8.9591E-10 1.0135E-09 1.1445E-09 1.2850E-09 1.4410E-09 1.6093E-09 1.8037E-09 2.0120E-09 2.2347E-09 2.4584E-09 2.7145E-09 2.9881E-09 3.2531E-09 3.5294E-09 3.8164E-09
