Assets/Resources/2015_m01_d16_1600(utc+0800)_l00_csi_1hr_conc.grd
DSAA
         159         159
     -79.000      79.000
     -79.000      79.000
  0.0000E+00  0.1913E-05
[rows 50 to 74 of 159, columns 57 to 113 of 159]
0.0000E+00 0.0000E+00 0.0000E+00 0.0000E+00 0.0000E+00 0.0000E+00 0.0000E+00 0.0000E+00 0.0000E+00 0.0000E+00 0.0000E+00 0.0000E+00 0.0000E+00 0.0000E+00 0.0000E+00 0.0000E+00 0.0000E+00 0.0000E+00 0.0000E+00 1.0773E-11 2.8151E-11 1.4766E-10 4.0288E-10 7.8533E-10 1.4354E-09 3.3577E-09 6.1866E-09 8.6724E-09 9.3843E-09 1.1840E-08 1.3403E-08 1.5354E-08 1.6952E-08 1.8256E-08 1.9187E-08 1.9887E-08 2.0395E-08 2.0662E-08 2.0807E-08 2.0802E-08 2.0646E-08 2.0368E-08 1.9979E-08 1.9488E-08 1.8940E-08 1.8355E-08 1.7768E-08 1.7179E-08 1.6591E-08 1.6005E-08 1.5444E-08 1.4932E-08 1.4479E-08 1.4078E-08 1.3736E-08 1.3441E-08 1.3187E-08
0.0000E+00 0.0000E+00 0.0000E+00 0.0000E+00 0.0000E+00 0.0000E+00 0.0000E+00 0.0000E+00 0.0000E+00 0.0000E+00 0.0000E+00 0.0000E+00 0.0000E+00 0.0000E+00 0.0000E+00 0.0000E+00 0.0000E+00 0.0000E+00 0.0000E+00 2.2137E-11 7.9910E-11 3.0706E-10 6.9271E-10 1.3103E-09 2.4867E-09 5.6665E-09 9.6155E-09 1.2804E-08 1.3993E-08 1.6534E-08 1.7950E-08 1.9879E-08 2.1311E-08 2.2295E-08 2.2961E-08 2.3285E-08 2.3433E-08 2.3430E-08 2.3299E-08 2.3039E-08 2.2672E-08 2.2203E-08 2.1627E-08 2.0999E-08 2.0314E-08 1.9601E-08 1.8907E-08 1.8204E-08 1.7520E-08 1.6856E-08 1.6234E-08 1.5676E-08 1.5189E-08 1.4752E-08 1.4376E-08 1.4050E-08 1.3763E-08
0.0000E+00 0.0000E+00 0.0000E+00 0.0000E+00 0.0000E+00 0.0000E+00 0.0000E+00 0.0000E+00 0.0000E+00 0.0000E+00 0.0000E+00 0.0000E+00 0.0000E+00 0.0000E+00 0.0000E+00 0.0000E+00 0.0000E+00 0.0000E+00 0.0000E+00 3.8965E-11 1.8897E-10 5.4466E-10 1.1288E-09 2.1467E-09 4.5717E-09 8.6620E-09 1.4085E-08 1.8042E-08 2.4868E-08 2.2152E-08 2.3396E-08 2.5110E-08 2.6200E-08 2.6677E-08 2.6807E-08 2.6729E-08 2.6437E-08 2.6072E-08 2.5627E-08 2.5097E-08 2.4498E-08 2.3817E-08 2.3071E-08 2.2295E-08 2.1475E-08 2.0650E-08 1.9843E-08 1.9034E-08 1.8275E-08 1.7552E-08 1.6884E-08 1.6296E-08 1.5780E-08 1.5316E-08 1.4914E-08 1.4562E-08 1.4247E-08
0.0000E+00 0.0000E+00 0.0000E+00 0.0000E+00 0.0000E+00 0.0000E+00 0.0000E+00 0.0000E+00 0.0000E+00 0.0000E+00 0.0000E+00 0.0000E+00 0.0000E+00 0.0000E+00 0.0000E+00 0.0000E+00 0.0000E+00 0.0000E+00 1.1644E-11 7.4673E-11 3.5539E-10 8.8521E-10 1.7700E-09 3.4174E-09 7.0630E-09 1.2552E-08 1.9509E-08 2.4606E-08 3.2531E-08 2.8702E-08 2.9663E-08 3.0850E-08 3.1294E-08 3.1173E-08 3.0615E-08 2.9924E-08 2.9186E-08 2.8431E-08 2.7650E-08 2.6857E-08 2.6017E-08 2.5133E-08 2.4231E-08 2.3316E-08 2.2376E-08 2.1447E-08 2.0541E-08 1.9657E-08 1.8835E-08 1.8071E-08 1.7380E-08 1.6774E-08 1.6240E-08 1.5756E-08 1.5333E-08 1.4960E-08 1.4629E-08
0.0000E+00 0.0000E+00 0.0000E+00 0.0000E+00 0.0000E+00 0.0000E+00 0.0000E+00 0.0000E+00 0.0000E+00 0.0000E+00 0.0000E+00 0.0000E+00 0.0000E+00 0.0000E+00 0.0000E+00 0.0000E+00 0.0000E+00 0.0000E+00 2.4982E-11 1.7970E-10 6.0929E-10 1.3757E-09 2.7525E-09 5.4287E-09 1.0204E-08 1.7188E-08 2.5798E-08 3.7787E-08 3.9563E-08 3.6025E-08 3.6522E-08 3.6893E-08 3.6489E-08 3.5427E-08 3.4114E-08 3.2746E-08 3.1503E-08 3.0335E-08 2.9261E-08 2.8215E-08 2.7143E-08 2.6097E-08 2.5047E-08 2.4005E-08 2.2973E-08 2.1951E-08 2.0974E-08 2.0042E-08 1.9188E-08 1.8406E-08 1.7707E-08 1.7093E-08 1.6549E-08 1.6057E-08 1.5626E-08 1.5245E-08 1.4904E-08
0.0000E+00 0.0000E+00 0.0000E+00 0.0000E+00 0.0000E+00 0.0000E+00 0.0000E+00 0.0000E+00 0.0000E+00 0.0000E+00 0.0000E+00 0.0000E+00 0.0000E+00 0.0000E+00 0.0000E+00 0.0000E+00 0.0000E+00 5.4103E-12 4.6562E-11 3.4314E-10 9.6164E-10 2.0768E-09 4.1843E-09 8.0988E-09 1.4170E-08 2.2810E-08 3.3873E-08 4.5073E-08 4.6464E-08 4.3704E-08 4.4605E-08 4.2928E-08 4.1491E-08 3.9330E-08 3.7050E-08 3.4974E-08 3.3204E-08 3.1669E-08 3.0339E-08 2.9067E-08 2.7831E-08 2.6636E-08 2.5468E-08 2.4338E-08 2.3229E-08 2.2143E-08 2.1133E-08 2.0176E-08 1.9317E-08 1.8544E-08 1.7853E-08 1.7244E-08 1.6706E-08 1.6217E-08 1.5789E-08 1.5406E-08 1.5061E-08
0.0000E+00 0.0000E+00 0.0000E+00 0.0000E+00 0.0000E+00 0.0000E+00 0.0000E+00 0.0000E+00 0.0000E+00 0.0000E+00 0.0000E+00 0.0000E+00 0.0000E+00 0.0000E+00 0.0000E+00 0.0000E+00 0.0000E+00 1.8689E-11 1.2448E-10 5.7449E-10 1.4637E-09 3.1396E-09 6.3111E-09 1.1487E-08 1.9094E-08 2.8749E-08 4.1450E-08 5.1692E-08 5.3099E-08 5.2088E-08 5.1264E-08 4.8781E-08 4.6028E-08 4.2654E-08 3.9287E-08 3.6450E-08 3.4175E-08 3.2342E-08 3.0809E-08 2.9359E-08 2.8016E-08 2.6720E-08 2.5470E-08 2.4284E-08 2.3130E-08 2.2022E-08 2.1009E-08 2.0068E-08 1.9232E-08 1.8483E-08 1.7816E-08 1.7228E-08 1.6710E-08 1.6234E-08 1.5817E-08 1.5441E-08 1.5102E-08
0.0000E+00 0.0000E+00 0.0000E+00 0.0000E+00 0.0000E+00 0.0000E+00 0.0000E+00 0.0000E+00 0.0000E+00 0.0000E+00 0.0000E+00 0.0000E+00 0.0000E+00 0.0000E+00 0.0000E+00 0.0000E+00 0.0000E+00 3.9723E-11 2.8041E-10 9.1158E-10 2.2017E-09 4.7337E-09 9.1963E-09 1.5837E-08 2.4629E-08 3.6255E-08 4.8263E-08 5.7778E-08 5.9495E-08 6.3833E-08 5.7522E-08 5.4238E-08 5.0100E-08 4.5287E-08 4.0778E-08 3.7157E-08 3.4394E-08 3.2306E-08 3.0623E-08 2.9101E-08 2.7685E-08 2.6337E-08 2.5059E-08 2.3846E-08 2.2687E-08 2.1604E-08 2.0619E-08 1.9723E-08 1.8938E-08 1.8231E-08 1.7603E-08 1.7046E-08 1.6558E-08 1.6105E-08 1.5713E-08 1.5353E-08 1.5024E-08
0.0000E+00 0.0000E+00 0.0000E+00 0.0000E+00 0.0000E+00 0.0000E+00 0.0000E+00 0.0000E+00 0.0000E+00 0.0000E+00 0.0000E+00 0.0000E+00 0.0000E+00 0.0000E+00 0.0000E+00 0.0000E+00 7.0417E-12 8.8766E-11 5.0616E-10 1.4251E-09 3.3381E-09 7.0455E-09 1.3009E-08 2.1139E-08 3.1321E-08 4.3462E-08 5.4827E-08 6.3191E-08 6.6852E-08 6.8552E-08 6.3270E-08 5.9169E-08 5.3641E-08 4.7390E-08 4.1670E-08 3.7110E-08 3.3871E-08 3.1584E-08 2.9820E-08 2.8280E-08 2.6850E-08 2.5512E-08 2.4242E-08 2.3048E-08 2.1933E-08 2.0903E-08 1.9988E-08 1.9163E-08 1.8441E-08 1.7791E-08 1.7216E-08 1.6706E-08 1.6259E-08 1.5846E-08 1.5480E-08 1.5143E-08 1.4832E-08
0.0000E+00 0.0000E+00 0.0000E+00 0.0000E+00 0.0000E+00 0.0000E+00 0.0000E+00 0.0000E+00 0.0000E+00 0.0000E+00 0.0000E+00 0.0000E+00 0.0000E+00 0.0000E+00 0.0000E+00 0.0000E+00 2.3596E-11 2.2448E-10 8.4816E-10 2.2207E-09 5.1319E-09 1.0329E-08 1.7900E-08 2.7671E-08 3.9546E-08 5.0747E-08 6.0899E-08 6.8315E-08 7.4894E-08 7.2235E-08 6.8244E-08 6.3566E-08 5.6876E-08 4.9342E-08 4.2134E-08 3.6492E-08 3.2722E-08 3.0214E-08 2.8455E-08 2.6957E-08 2.5576E-08 2.4288E-08 2.3065E-08 2.1939E-08 2.0903E-08 1.9960E-08 1.9144E-08 1.8406E-08 1.7762E-08 1.7187E-08 1.6676E-08 1.6225E-08 1.5827E-08 1.5458E-08 1.5125E-08 1.4820E-08 1.4532E-08
0.0000E+00 0.0000E+00 0.0000E+00 0.0000E+00 0.0000E+00 0.0000E+00 0.0000E+00 0.0000E+00 0.0000E+00 0.0000E+00 0.0000E+00 0.0000E+00 0.0000E+00 0.0000E+00 0.0000E+00 0.0000E+00 5.3251E-11 4.4271E-10 1.3930E-09 3.5225E-09 7.7643E-09 1.4704E-08 2.4184E-08 3.5240E-08 4.7371E-08 5.7697E-08 6.6246E-08 7.3760E-08 7.6765E-08 7.5302E-08 7.2329E-08 6.7731E-08 6.0368E-08 5.1535E-08 4.2703E-08 3.5641E-08 3.1046E-08 2.8325E-08 2.6612E-08 2.5207E-08 2.3931E-08 2.2728E-08 2.1593E-08 2.0584E-08 1.9650E-08 1.8828E-08 1.8121E-08 1.7482E-08 1.6930E-08 1.6440E-08 1.6003E-08 1.5616E-08 1.5272E-08 1.4953E-08 1.4664E-08 1.4390E-08 1.4128E-08
0.0000E+00 0.0000E+00 0.0000E+00 0.0000E+00 0.0000E+00 0.0000E+00 0.0000E+00 0.0000E+00 0.0000E+00 0.0000E+00 0.0000E+00 0.0000E+00 0.0000E+00 0.0000E+00 0.0000E+00 9.1117E-12 1.5451E-10 7.7231E-10 2.2713E-09 5.5902E-09 1.1625E-08 2.0600E-08 3.1610E-08 4.4072E-08 5.4916E-08 6.3787E-08 7.0380E-08 7.5793E-08 7.7935E-08 7.7407E-08 7.5760E-08 7.1697E-08 6.4557E-08 5.4621E-08 4.3747E-08 3.4757E-08 2.9012E-08 2.6053E-08 2.4399E-08 2.3143E-08 2.1989E-08 2.0910E-08 1.9914E-08 1.9036E-08 1.8235E-08 1.7550E-08 1.6960E-08 1.6431E-08 1.5975E-08 1.5571E-08 1.5215E-08 1.4898E-08 1.4616E-08 1.4349E-08 1.4102E-08 1.3864E-08 1.3637E-08
0.0000E+00 0.0000E+00 0.0000E+00 0.0000E+00 0.0000E+00 0.0000E+00 0.0000E+00 0.0000E+00 0.0000E+00 0.0000E+00 0.0000E+00 0.0000E+00 0.0000E+00 0.0000E+00 0.0000E+00 3.0232E-11 3.7127E-10 1.3402E-09 3.7704E-09 8.7791E-09 1.6947E-08 2.7866E-08 4.0035E-08 5.2140E-08 6.1558E-08 6.8219E-08 7.3901E-08 7.6704E-08 7.8252E-08 7.8595E-08 7.8269E-08 7.5836E-08 6.9662E-08 5.9156E-08 4.6016E-08 3.4073E-08 2.6805E-08 2.3473E-08 2.1957E-08 2.0859E-08 1.9857E-08 1.8936E-08 1.8098E-08 1.7366E-08 1.6720E-08 1.6169E-08 1.5702E-08 1.5285E-08 1.4924E-08 1.4614E-08 1.4341E-08 1.4095E-08 1.3873E-08 1.3658E-08 1.3457E-08 1.3261E-08 1.3059E-08
0.0000E+00 0.0000E+00 0.0000E+00 0.0000E+00 0.0000E+00 0.0000E+00 0.0000E+00 0.0000E+00 0.0000E+00 0.0000E+00 0.0000E+00 0.0000E+00 0.0000E+00 0.0000E+00 3.0015E-12 8.9453E-11 7.0518E-10 2.3102E-09 6.2037E-09 1.3385E-08 2.3925E-08 3.6160E-08 4.9063E-08 5.9215E-08 6.6238E-08 7.1542E-08 7.4743E-08 7.6455E-08 7.7918E-08 7.9335E-08 8.0357E-08 8.0188E-08 7.6375E-08 6.5492E-08 4.8895E-08 3.3462E-08 2.4244E-08 2.0756E-08 1.9395E-08 1.8454E-08 1.7638E-08 1.6891E-08 1.6224E-08 1.5648E-08 1.5156E-08 1.4735E-08 1.4388E-08 1.4079E-08 1.3816E-08 1.3594E-08 1.3398E-08 1.3221E-08 1.3062E-08 1.2901E-08 1.2743E-08 1.2587E-08 1.2419E-08
0.0000E+00 0.0000E+00 0.0000E+00 0.0000E+00 0.0000E+00 0.0000E+00 0.0000E+00 0.0000E+00 0.0000E+00 0.0000E+00 0.0000E+00 0.0000E+00 0.0000E+00 0.0000E+00 2.3141E-11 2.7094E-10 1.2874E-09 4.0106E-09 9.9707E-09 1.9671E-08 3.2055E-08 4.5442E-08 5.6445E-08 6.4107E-08 6.9479E-08 7.2764E-08 7.4103E-08 7.5498E-08 7.7115E-08 7.9352E-08 8.2424E-08 8.6115E-08 8.5396E-08 7.2607E-08 5.0494E-08 3.1044E-08 2.1179E-08 1.7875E-08 1.6797E-08 1.6054E-08 1.5409E-08 1.4847E-08 1.4348E-08 1.3938E-08 1.3585E-08 1.3290E-08 1.3056E-08 1.2849E-08 1.2681E-08 1.2538E-08 1.2415E-08 1.2307E-08 1.2205E-08 1.2089E-08 1.1975E-08 1.1856E-08 1.1720E-08
0.0000E+00 0.0000E+00 0.0000E+00 0.0000E+00 0.0000E+00 0.0000E+00 0.0000E+00 0.0000E+00 0.0000E+00 0.0000E+00 0.0000E+00 0.0000E+00 0.0000E+00 0.0000E+00 6.0376E-11 5.8575E-10 2.2735E-09 6.6954E-09 1.5221E-08 2.7386E-08 4.0505E-08 5.2928E-08 6.1345E-08 6.7085E-08 7.0173E-08 7.1457E-08 7.2566E-08 7.4117E-08 7.6561E-08 7.9861E-08 8.7028E-08 9.6683E-08 9.5703E-08 7.5050E-08 4.6066E-08 2.5448E-08 1.7371E-08 1.5127E-08 1.4265E-08 1.3703E-08 1.3256E-08 1.2874E-08 1.2534E-08 1.2274E-08 1.2048E-08 1.1870E-08 1.1734E-08 1.1623E-08 1.1537E-08 1.1469E-08 1.1419E-08 1.1366E-08 1.1312E-08 1.1247E-08 1.1171E-08 1.1082E-08 1.0983E-08
0.0000E+00 0.0000E+00 0.0000E+00 0.0000E+00 0.0000E+00 0.0000E+00 0.0000E+00 0.0000E+00 0.0000E+00 0.0000E+00 0.0000E+00 0.0000E+00 0.0000E+00 3.4978E-12 1.8161E-10 1.0303E-09 3.7921E-09 1.0426E-08 2.1641E-08 3.5014E-08 4.8067E-08 5.7485E-08 6.3843E-08 6.6977E-08 6.8303E-08 6.9282E-08 7.0663E-08 7.3072E-08 7.6461E-08 8.2950E-08 9.8566E-08 1.1466E-07 1.0316E-07 6.6213E-08 3.3571E-08 1.8362E-08 1.3709E-08 1.2383E-08 1.1861E-08 1.1517E-08 1.1240E-08 1.1003E-08 1.0811E-08 1.0675E-08 1.0565E-08 1.0493E-08 1.0448E-08 1.0416E-08 1.0402E-08 1.0408E-08 1.0414E-08 1.0413E-08 1.0409E-08 1.0381E-08 1.0343E-08 1.0287E-08 1.0207E-08
0.0000E+00 0.0000E+00 0.0000E+00 0.0000E+00 0.0000E+00 0.0000E+00 0.0000E+00 0.0000E+00 0.0000E+00 0.0000E+00 0.0000E+00 0.0000E+00 0.0000E+00 1.8348E-11 3.1915E-10 1.5701E-09 5.5977E-09 1.4473E-08 2.7638E-08 4.0712E-08 5.1620E-08 5.8972E-08 6.2642E-08 6.4302E-08 6.5170E-08 6.6759E-08 6.9137E-08 7.2801E-08 7.7656E-08 9.3429E-08 1.2694E-07 1.3576E-07 9.4347E-08 4.5097E-08 2.0224E-08 1.2577E-08 1.0490E-08 9.9335E-09 9.7132E-09 9.5334E-09 9.3971E-09 9.2973E-09 9.2287E-09 9.1945E-09 9.1797E-09 9.1913E-09 9.2163E-09 9.2593E-09 9.3116E-09 9.3712E-09 9.4235E-09 9.4691E-09 9.4978E-09 9.5098E-09 9.5004E-09 9.4671E-09 9.4167E-09
0.0000E+00 0.0000E+00 0.0000E+00 0.0000E+00 0.0000E+00 0.0000E+00 0.0000E+00 0.0000E+00 0.0000E+00 0.0000E+00 0.0000E+00 0.0000E+00 0.0000E+00 3.6363E-11 4.1634E-10 1.9245E-09 6.7405E-09 1.7151E-08 3.0574E-08 4.2801E-08 5.1594E-08 5.6369E-08 5.8686E-08 6.0265E-08 6.2109E-08 6.4830E-08 6.8859E-08 7.4356E-08 8.4686E-08 1.2549E-07 1.7346E-07 1.3651E-07 6.1633E-08 2.2764E-08 1.1237E-08 8.4664E-09 8.0055E-09 7.8879E-09 7.8119E-09 7.7648E-09 7.7520E-09 7.7641E-09 7.7887E-09 7.8412E-09 7.9027E-09 7.9756E-09 8.0761E-09 8.1763E-09 8.2724E-09 8.3774E-09 8.4698E-09 8.5438E-09 8.6063E-09 8.6428E-09 8.6527E-09 8.6551E-09 8.6275E-09
0.0000E+00 0.0000E+00 0.0000E+00 0.0000E+00 0.0000E+00 0.0000E+00 0.0000E+00 0.0000E+00 0.0000E+00 0.0000E+00 0.0000E+00 0.0000E+00 0.0000E+00 4.0382E-11 3.2921E-10 1.7255E-09 6.3293E-09 1.6523E-08 2.9502E-08 4.1052E-08 4.7996E-08 5.1562E-08 5.4132E-08 5.6882E-08 6.0267E-08 6.4450E-08 7.0807E-08 7.8027E-08 1.0884E-07 2.0419E-07 1.9867E-07 8.8196E-08 2.5898E-08 9.4022E-09 6.2522E-09 6.1761E-09 6.1287E-09 6.1394E-09 6.1753E-09 6.2336E-09 6.3173E-09 6.4078E-09 6.5137E-09 6.6296E-09 6.7526E-09 6.8843E-09 7.0256E-09 7.1659E-09 7.3062E-09 7.4343E-09 7.5531E-09 7.6533E-09 7.7336E-09 7.7913E-09 7.8410E-09 7.8552E-09 7.8479E-09
0.0000E+00 0.0000E+00 0.0000E+00 0.0000E+00 0.0000E+00 0.0000E+00 0.0000E+00 0.0000E+00 0.0000E+00 0.0000E+00 0.0000E+00 0.0000E+00 0.0000E+00 9.5898E-12 1.5498E-10 1.0745E-09 4.3328E-09 1.2334E-08 2.4886E-08 3.6712E-08 4.3403E-08 4.7439E-08 5.0936E-08 5.5252E-08 6.0412E-08 6.6778E-08 7.5605E-08 8.9353E-08 2.0194E-07 2.9237E-07 1.3103E-07 2.8695E-08 7.3355E-09 4.5316E-09 4.4985E-09 4.5261E-09 4.5845E-09 4.6804E-09 4.8044E-09 4.9381E-09 5.0868E-09 5.2377E-09 5.3935E-09 5.5651E-09 5.7349E-09 5.9019E-09 6.0752E-09 6.2435E-09 6.4002E-09 6.5490E-09 6.6860E-09 6.7996E-09 6.9023E-09 6.9880E-09 7.0406E-09 7.0715E-09 7.0780E-09
0.0000E+00 0.0000E+00 0.0000E+00 0.0000E+00 0.0000E+00 0.0000E+00 0.0000E+00 0.0000E+00 0.0000E+00 0.0000E+00 0.0000E+00 0.0000E+00 0.0000E+00 0.0000E+00 2.2521E-11 3.4744E-10 1.8266E-09 6.7119E-09 1.8024E-08 3.2096E-08 4.0925E-08 4.5902E-08 5.0736E-08 5.6378E-08 6.3829E-08 7.2457E-08 8.3796E-08 1.5782E-07 4.1115E-07 2.0457E-07 3.1178E-08 3.0956E-09 3.0760E-09 3.0852E-09 3.1426E-09 3.2281E-09 3.3627E-09 3.5143E-09 3.6855E-09 3.8687E-09 4.0577E-09 4.2564E-09 4.4472E-09 4.6402E-09 4.8358E-09 5.0285E-09 5.2176E-09 5.4024E-09 5.5709E-09 5.7320E-09 5.8722E-09 6.0121E-09 6.1223E-09 6.2129E-09 6.2759E-09 6.3219E-09 6.3451E-09
0.0000E+00 0.0000E+00 0.0000E+00 0.0000E+00 0.0000E+00 0.0000E+00 0.0000E+00 0.0000E+00 0.0000E+00 0.0000E+00 0.0000E+00 0.0000E+00 0.0000E+00 0.0000E+00 8.1411E-13 2.9838E-11 3.3984E-10 2.2399E-09 1.0235E-08 2.7406E-08 4.1167E-08 4.7404E-08 5.3204E-08 6.1150E-08 7.0493E-08 8.2842E-08 1.1432E-07 4.6765E-07 3.4186E-07 3.3245E-08 1.8744E-09 1.9187E-09 1.9635E-09 2.0423E-09 2.1264E-09 2.2605E-09 2.4172E-09 2.5956E-09 2.7896E-09 3.0014E-09 3.2200E-09 3.4413E-09 3.6468E-09 3.8526E-09 4.0574E-09 4.2570E-09 4.4539E-09 4.6367E-09 4.8108E-09 4.9790E-09 5.1423E-09 5.2786E-09 5.3902E-09 5.4828E-09 5.5595E-09 5.6147E-09 5.6400E-09
0.0000E+00 0.0000E+00 0.0000E+00 0.0000E+00 0.0000E+00 0.0000E+00 0.0000E+00 0.0000E+00 0.0000E+00 0.0000E+00 0.0000E+00 0.0000E+00 0.0000E+00 0.0000E+00 0.0000E+00 0.0000E+00 1.4654E-11 2.3849E-10 3.1207E-09 1.9716E-08 4.3334E-08 5.1143E-08 5.9130E-08 6.8441E-08 8.1409E-08 9.6068E-08 4.0977E-07 5.8370E-07 4.9001E-08 9.9919E-10 1.0771E-09 1.1360E-09 1.2150E-09 1.3106E-09 1.4088E-09 1.5516E-09 1.7139E-09 1.9013E-09 2.1126E-09 2.3264E-09 2.5439E-09 2.7615E-09 2.9765E-09 3.1836E-09 3.3892E-09 3.5839E-09 3.7769E-09 3.9510E-09 4.1347E-09 4.3067E-09 4.4616E-09 4.5925E-09 4.7132E-09 4.8147E-09 4.8896E-09 4.9427E-09 4.9767E-09
0.0000E+00 0.0000E+00 0.0000E+00 0.0000E+00 0.0000E+00 0.0000E+00 0.0000E+00 0.0000E+00 0.0000E+00 0.0000E+00 0.0000E+00 0.0000E+00 0.0000E+00 0.0000E+00 0.0000E+00 0.0000E+00 0.0000E+00 2.0098E-12 1.7982E-10 7.6334E-09 4.0775E-08 5.7597E-08 6.7907E-08 8.0252E-08 9.8354E-08 2.2811E-07 9.8781E-07 7.7943E-08 4.5521E-10 5.1926E-10 5.8233E-10 6.4865E-10 7.3316E-10 8.2071E-10 9.2479E-10 1.0514E-09 1.2130E-09 1.4017E-09 1.5986E-09 1.7971E-09 2.0055E-09 2.2116E-09 2.4201E-09 2.6184E-09 2.8128E-09 3.0019E-09 3.1775E-09 3.3618E-09 3.5357E-09 3.6964E-09 3.8380E-09 3.9761E-09 4.0948E-09 4.1910E-09 4.2670E-09 4.3204E-09 4.3514E-09
