Assets/Resources/2015_m01_d06_1600(utc+0800)_l00_csi_1hr_conc.grd
DSAA
         159         159
     -79.000      79.000
     -79.000      79.000
  0.0000E+00  0.1011E-04
[rows 0 to 24 of 159, columns 57 to 113 of 159]
7.8118E-10 8.7316E-10 9.7292E-10 1.0787E-09 1.1913E-09 1.3121E-09 1.4400E-09 1.5743E-09 1.7135E-09 1.8579E-09 2.0083E-09 2.1631E-09 2.3205E-09 2.4793E-09 2.6386E-09 2.7975E-09 2.9558E-09 3.1113E-09 3.2623E-09 3.4080E-09 3.5462E-09 3.6761E-09 3.7965E-09 3.9062E-09 4.0043E-09 4.0896E-09 4.1610E-09 4.2182E-09 4.2598E-09 4.2859E-09 4.2964E-09 4.2903E-09 4.2685E-09 4.2307E-09 4.1774E-09 4.1100E-09 4.0283E-09 3.9334E-09 3.8264E-09 3.7083E-09 3.5797E-09 3.4420E-09 3.2962E-09 3.1447E-09 2.9889E-09 2.8297E-09 2.6691E-09 2.5065E-09 2.3450E-09 2.1864E-09 2.0294E-09 1.8760E-09 1.7278E-09 1.5869E-09 1.4494E-09 1.3208E-09 1.1988E-09
8.0880E-10 9.0547E-10 1.0089E-09 1.1200E-09 1.2401E-09 1.3679E-09 1.5024E-09 1.6431E-09 1.7910E-09 1.9457E-09 2.1057E-09 2.2687E-09 2.4345E-09 2.6028E-09 2.7726E-09 2.9423E-09 3.1104E-09 3.2747E-09 3.4345E-09 3.5884E-09 3.7353E-09 3.8736E-09 4.0018E-09 4.1187E-09 4.2228E-09 4.3130E-09 4.3890E-09 4.4490E-09 4.4927E-09 4.5201E-09 4.5302E-09 4.5230E-09 4.4997E-09 4.4591E-09 4.4020E-09 4.3296E-09 4.2418E-09 4.1399E-09 4.0256E-09 3.8993E-09 3.7631E-09 3.6180E-09 3.4651E-09 3.3048E-09 3.1394E-09 2.9706E-09 2.8002E-09 2.6288E-09 2.4591E-09 2.2904E-09 2.1247E-09 1.9638E-09 1.8072E-09 1.6566E-09 1.5148E-09 1.3773E-09 1.2494E-09
8.3558E-10 9.3574E-10 1.0444E-09 1.1625E-09 1.2888E-09 1.4223E-09 1.5636E-09 1.7136E-09 1.8709E-09 2.0340E-09 2.2017E-09 2.3737E-09 2.5506E-09 2.7303E-09 2.9109E-09 3.0907E-09 3.2686E-09 3.4431E-09 3.6133E-09 3.7772E-09 3.9332E-09 4.0800E-09 4.2155E-09 4.3391E-09 4.4491E-09 4.5443E-09 4.6242E-09 4.6872E-09 4.7329E-09 4.7615E-09 4.7715E-09 4.7634E-09 4.7374E-09 4.6933E-09 4.6325E-09 4.5548E-09 4.4612E-09 4.3534E-09 4.2316E-09 4.0974E-09 3.9523E-09 3.7971E-09 3.6338E-09 3.4647E-09 3.2906E-09 3.1124E-09 2.9323E-09 2.7515E-09 2.5719E-09 2.3947E-09 2.2201E-09 2.0500E-09 1.8867E-09 1.7278E-09 1.5764E-09 1.4350E-09 1.2987E-09
8.6064E-10 9.6567E-10 1.0806E-09 1.2040E-09 1.3356E-09 1.4762E-09 1.6264E-09 1.7846E-09 1.9496E-09 2.1211E-09 2.2995E-09 2.4836E-09 2.6717E-09 2.8611E-09 3.0514E-09 3.2420E-09 3.4306E-09 3.6160E-09 3.7963E-09 3.9695E-09 4.1344E-09 4.2893E-09 4.4327E-09 4.5631E-09 4.6791E-09 4.7797E-09 4.8634E-09 4.9295E-09 4.9775E-09 5.0063E-09 5.0157E-09 5.0067E-09 4.9779E-09 4.9301E-09 4.8647E-09 4.7812E-09 4.6810E-09 4.5664E-09 4.4368E-09 4.2943E-09 4.1410E-09 3.9773E-09 3.8051E-09 3.6256E-09 3.4404E-09 3.2531E-09 3.0643E-09 2.8736E-09 2.6849E-09 2.4976E-09 2.3143E-09 2.1369E-09 1.9633E-09 1.7990E-09 1.6392E-09 1.4886E-09 1.3488E-09
8.8532E-10 9.9593E-10 1.1156E-09 1.2439E-09 1.3824E-09 1.5311E-09 1.6888E-09 1.8543E-09 2.0281E-09 2.2105E-09 2.3994E-09 2.5931E-09 2.7902E-09 2.9904E-09 3.1921E-09 3.3938E-09 3.5930E-09 3.7886E-09 3.9789E-09 4.1620E-09 4.3363E-09 4.4998E-09 4.6513E-09 4.7887E-09 4.9107E-09 5.0164E-09 5.1040E-09 5.1728E-09 5.2228E-09 5.2521E-09 5.2610E-09 5.2502E-09 5.2184E-09 5.1672E-09 5.0970E-09 5.0077E-09 4.9015E-09 4.7788E-09 4.6409E-09 4.4905E-09 4.3278E-09 4.1547E-09 3.9736E-09 3.7853E-09 3.5916E-09 3.3939E-09 3.1935E-09 2.9945E-09 2.7968E-09 2.5998E-09 2.4081E-09 2.2202E-09 2.0410E-09 1.8656E-09 1.7019E-09 1.5430E-09 1.3947E-09
9.1002E-10 1.0249E-09 1.1489E-09 1.2837E-09 1.4297E-09 1.5852E-09 1.7496E-09 1.9241E-09 2.1082E-09 2.3003E-09 2.4986E-09 2.7028E-09 2.9121E-09 3.1247E-09 3.3385E-09 3.5515E-09 3.7626E-09 3.9697E-09 4.1710E-09 4.3648E-09 4.5491E-09 4.7220E-09 4.8818E-09 5.0266E-09 5.1554E-09 5.2662E-09 5.3578E-09 5.4298E-09 5.4808E-09 5.5103E-09 5.5191E-09 5.5056E-09 5.4706E-09 5.4151E-09 5.3387E-09 5.2430E-09 5.1300E-09 4.9991E-09 4.8525E-09 4.6925E-09 4.5197E-09 4.3360E-09 4.1440E-09 3.9445E-09 3.7399E-09 3.5324E-09 3.3231E-09 3.1131E-09 2.9048E-09 2.7006E-09 2.4985E-09 2.3045E-09 2.1143E-09 1.9337E-09 1.7589E-09 1.5971E-09 1.4411E-09
9.3331E-10 1.0520E-09 1.1818E-09 1.3236E-09 1.4756E-09 1.6376E-09 1.8107E-09 1.9950E-09 2.1881E-09 2.3891E-09 2.5982E-09 2.8139E-09 3.0344E-09 3.2577E-09 3.4825E-09 3.7069E-09 3.9296E-09 4.1482E-09 4.3608E-09 4.5653E-09 4.7597E-09 4.9419E-09 5.1101E-09 5.2623E-09 5.3974E-09 5.5132E-09 5.6089E-09 5.6840E-09 5.7364E-09 5.7661E-09 5.7736E-09 5.7576E-09 5.7190E-09 5.6594E-09 5.5774E-09 5.4755E-09 5.3540E-09 5.2148E-09 5.0600E-09 4.8902E-09 4.7075E-09 4.5143E-09 4.3118E-09 4.1019E-09 3.8872E-09 3.6689E-09 3.4490E-09 3.2299E-09 3.0124E-09 2.7966E-09 2.5881E-09 2.3844E-09 2.1871E-09 1.9973E-09 1.8177E-09 1.6453E-09 1.4849E-09
9.5501E-10 1.0785E-09 1.2148E-09 1.3619E-09 1.5197E-09 1.6899E-09 1.8724E-09 2.0649E-09 2.2667E-09 2.4784E-09 2.6983E-09 2.9246E-09 3.1561E-09 3.3915E-09 3.6292E-09 3.8669E-09 4.1025E-09 4.3335E-09 4.5580E-09 4.7740E-09 4.9790E-09 5.1712E-09 5.3484E-09 5.5088E-09 5.6504E-09 5.7717E-09 5.8718E-09 5.9491E-09 6.0029E-09 6.0335E-09 6.0392E-09 6.0205E-09 5.9784E-09 5.9126E-09 5.8241E-09 5.7153E-09 5.5855E-09 5.4370E-09 5.2722E-09 5.0919E-09 4.8982E-09 4.6940E-09 4.4796E-09 4.2580E-09 4.0321E-09 3.8028E-09 3.5723E-09 3.3431E-09 3.1158E-09 2.8918E-09 2.6732E-09 2.4606E-09 2.2572E-09 2.0596E-09 1.8714E-09 1.6947E-09 1.5266E-09
9.7519E-10 1.1048E-09 1.2457E-09 1.3980E-09 1.5636E-09 1.7424E-09 1.9323E-09 2.1331E-09 2.3452E-09 2.5673E-09 2.7974E-09 3.0350E-09 3.2787E-09 3.5267E-09 3.7766E-09 4.0264E-09 4.2741E-09 4.5174E-09 4.7540E-09 4.9816E-09 5.1977E-09 5.4001E-09 5.5864E-09 5.7548E-09 5.9033E-09 6.0303E-09 6.1347E-09 6.2146E-09 6.2694E-09 6.2995E-09 6.3034E-09 6.2815E-09 6.2357E-09 6.1642E-09 6.0689E-09 5.9522E-09 5.8136E-09 5.6565E-09 5.4812E-09 5.2902E-09 5.0861E-09 4.8703E-09 4.6451E-09 4.4131E-09 4.1754E-09 3.9346E-09 3.6935E-09 3.4528E-09 3.2154E-09 2.9827E-09 2.7555E-09 2.5349E-09 2.3213E-09 2.1190E-09 1.9241E-09 1.7382E-09 1.5677E-09
9.9516E-10 1.1288E-09 1.2744E-09 1.4337E-09 1.6072E-09 1.7926E-09 1.9903E-09 2.2007E-09 2.4226E-09 2.6546E-09 2.8961E-09 3.1457E-09 3.4014E-09 3.6614E-09 3.9238E-09 4.1867E-09 4.4477E-09 4.7043E-09 4.9537E-09 5.1934E-09 5.4210E-09 5.6339E-09 5.8297E-09 6.0063E-09 6.1627E-09 6.2954E-09 6.4038E-09 6.4865E-09 6.5432E-09 6.5725E-09 6.5744E-09 6.5499E-09 6.4982E-09 6.4204E-09 6.3187E-09 6.1926E-09 6.0445E-09 5.8773E-09 5.6912E-09 5.4889E-09 5.2736E-09 5.0458E-09 4.8084E-09 4.5644E-09 4.3152E-09 4.0632E-09 3.8110E-09 3.5598E-09 3.3116E-09 3.0689E-09 2.8326E-09 2.6040E-09 2.3840E-09 2.1724E-09 1.9735E-09 1.7831E-09 1.6029E-09
1.0130E-09 1.1506E-09 1.3018E-09 1.4685E-09 1.6478E-09 1.8404E-09 2.0472E-09 2.2669E-09 2.4982E-09 2.7411E-09 2.9939E-09 3.2553E-09 3.5237E-09 3.7977E-09 4.0745E-09 4.3516E-09 4.6263E-09 4.8961E-09 5.1585E-09 5.4112E-09 5.6506E-09 5.8744E-09 6.0803E-09 6.2658E-09 6.4288E-09 6.5675E-09 6.6800E-09 6.7653E-09 6.8228E-09 6.8514E-09 6.8509E-09 6.8226E-09 6.7655E-09 6.6811E-09 6.5716E-09 6.4366E-09 6.2791E-09 6.1010E-09 5.9029E-09 5.6891E-09 5.4606E-09 5.2201E-09 4.9710E-09 4.7139E-09 4.4519E-09 4.1879E-09 3.9242E-09 3.6620E-09 3.4041E-09 3.1516E-09 2.9056E-09 2.6689E-09 2.4417E-09 2.2241E-09 2.0168E-09 1.8234E-09 1.6388E-09
1.0276E-09 1.1704E-09 1.3281E-09 1.4997E-09 1.6856E-09 1.8867E-09 2.1020E-09 2.3305E-09 2.5721E-09 2.8259E-09 3.0906E-09 3.3651E-09 3.6472E-09 3.9346E-09 4.2249E-09 4.5155E-09 4.8039E-09 5.0874E-09 5.3635E-09 5.6296E-09 5.8815E-09 6.1169E-09 6.3331E-09 6.5275E-09 6.6981E-09 6.8426E-09 6.9595E-09 7.0476E-09 7.1055E-09 7.1331E-09 7.1315E-09 7.0983E-09 7.0352E-09 6.9440E-09 6.8250E-09 6.6800E-09 6.5121E-09 6.3217E-09 6.1117E-09 5.8854E-09 5.6434E-09 5.3899E-09 5.1275E-09 4.8579E-09 4.5841E-09 4.3087E-09 4.0328E-09 3.7595E-09 3.4914E-09 3.2291E-09 2.9747E-09 2.7289E-09 2.4943E-09 2.2710E-09 2.0586E-09 1.8573E-09 1.6711E-09
1.0404E-09 1.1886E-09 1.3511E-09 1.5284E-09 1.7219E-09 1.9307E-09 2.1539E-09 2.3915E-09 2.6437E-09 2.9093E-09 3.1869E-09 3.4744E-09 3.7696E-09 4.0706E-09 4.3755E-09 4.6818E-09 4.9860E-09 5.2850E-09 5.5755E-09 5.8545E-09 6.1190E-09 6.3659E-09 6.5925E-09 6.7960E-09 6.9750E-09 7.1256E-09 7.2470E-09 7.3377E-09 7.3966E-09 7.4231E-09 7.4186E-09 7.3808E-09 7.3117E-09 7.2125E-09 7.0839E-09 6.9281E-09 6.7482E-09 6.5449E-09 6.3212E-09 6.0813E-09 5.8258E-09 5.5594E-09 5.2823E-09 4.9988E-09 4.7115E-09 4.4232E-09 4.1364E-09 3.8524E-09 3.5734E-09 3.3015E-09 3.0385E-09 2.7853E-09 2.5425E-09 2.3123E-09 2.0952E-09 1.8905E-09 1.6972E-09
1.0517E-09 1.2039E-09 1.3707E-09 1.5547E-09 1.7549E-09 1.9705E-09 2.2025E-09 2.4506E-09 2.7137E-09 2.9912E-09 3.2808E-09 3.5811E-09 3.8908E-09 4.2075E-09 4.5281E-09 4.8494E-09 5.1682E-09 5.4816E-09 5.7864E-09 6.0796E-09 6.3574E-09 6.6168E-09 6.8547E-09 7.0681E-09 7.2544E-09 7.4123E-09 7.5381E-09 7.6313E-09 7.6908E-09 7.7158E-09 7.7064E-09 7.6630E-09 7.5868E-09 7.4786E-09 7.3399E-09 7.1732E-09 6.9814E-09 6.7650E-09 6.5284E-09 6.2733E-09 6.0030E-09 5.7217E-09 5.4314E-09 5.1344E-09 4.8344E-09 4.5333E-09 4.2335E-09 3.9388E-09 3.6500E-09 3.3685E-09 3.0967E-09 2.8354E-09 2.5865E-09 2.3493E-09 2.1260E-09 1.9173E-09 1.7218E-09
1.0597E-09 1.2156E-09 1.3880E-09 1.5777E-09 1.7835E-09 2.0071E-09 2.2484E-09 2.5066E-09 2.7808E-09 3.0696E-09 3.3724E-09 3.6876E-09 4.0123E-09 4.3438E-09 4.6791E-09 5.0158E-09 5.3506E-09 5.6804E-09 6.0013E-09 6.3101E-09 6.6023E-09 6.8747E-09 7.1241E-09 7.3473E-09 7.5417E-09 7.7049E-09 7.8349E-09 7.9302E-09 7.9897E-09 8.0129E-09 8.0008E-09 7.9515E-09 7.8672E-09 7.7494E-09 7.5999E-09 7.4213E-09 7.2155E-09 6.9848E-09 6.7333E-09 6.4636E-09 6.1784E-09 5.8821E-09 5.5759E-09 5.2646E-09 4.9509E-09 4.6367E-09 4.3261E-09 4.0195E-09 3.7195E-09 3.4296E-09 3.1493E-09 2.8807E-09 2.6242E-09 2.3818E-09 2.1533E-09 1.9392E-09 1.7408E-09
1.0643E-09 1.2244E-09 1.4019E-09 1.5961E-09 1.8090E-09 2.0407E-09 2.2909E-09 2.5586E-09 2.8436E-09 3.1455E-09 3.4622E-09 3.7913E-09 4.1302E-09 4.4768E-09 4.8288E-09 5.1828E-09 5.5351E-09 5.8815E-09 6.2183E-09 6.5415E-09 6.8476E-09 7.1328E-09 7.3936E-09 7.6269E-09 7.8296E-09 8.0003E-09 8.1348E-09 8.2322E-09 8.2915E-09 8.3124E-09 8.2948E-09 8.2404E-09 8.1481E-09 8.0200E-09 7.8587E-09 7.6665E-09 7.4466E-09 7.2021E-09 6.9350E-09 6.6490E-09 6.3485E-09 6.0362E-09 5.7158E-09 5.3904E-09 5.0619E-09 4.7346E-09 4.4113E-09 4.0934E-09 3.7839E-09 3.4837E-09 3.1953E-09 2.9193E-09 2.6570E-09 2.4086E-09 2.1760E-09 1.9577E-09 1.7550E-09
1.0670E-09 1.2307E-09 1.4119E-09 1.6119E-09 1.8316E-09 2.0707E-09 2.3290E-09 2.6071E-09 2.9040E-09 3.2188E-09 3.5487E-09 3.8918E-09 4.2468E-09 4.6109E-09 4.9805E-09 5.3517E-09 5.7207E-09 6.0837E-09 6.4367E-09 6.7763E-09 7.0977E-09 7.3970E-09 7.6706E-09 7.9146E-09 8.1259E-09 8.3029E-09 8.4415E-09 8.5409E-09 8.6001E-09 8.6182E-09 8.5956E-09 8.5330E-09 8.4316E-09 8.2933E-09 8.1199E-09 7.9141E-09 7.6800E-09 7.4189E-09 7.1352E-09 6.8336E-09 6.5168E-09 6.1878E-09 5.8509E-09 5.5093E-09 5.1666E-09 4.8265E-09 4.4903E-09 4.1610E-09 3.8406E-09 3.5322E-09 3.2353E-09 2.9523E-09 2.6843E-09 2.4306E-09 2.1923E-09 1.9713E-09 1.7654E-09
1.0665E-09 1.2332E-09 1.4185E-09 1.6239E-09 1.8494E-09 2.0956E-09 2.3634E-09 2.6524E-09 2.9607E-09 3.2868E-09 3.6300E-09 3.9890E-09 4.3603E-09 4.7408E-09 5.1265E-09 5.5145E-09 5.9012E-09 6.2823E-09 6.6532E-09 7.0094E-09 7.3467E-09 7.6600E-09 7.9459E-09 8.2006E-09 8.4208E-09 8.6034E-09 8.7462E-09 8.8476E-09 8.9064E-09 8.9220E-09 8.8946E-09 8.8246E-09 8.7138E-09 8.5640E-09 8.3778E-09 8.1581E-09 7.9081E-09 7.6323E-09 7.3324E-09 7.0129E-09 6.6781E-09 6.3328E-09 5.9805E-09 5.6238E-09 5.2660E-09 4.9113E-09 4.5627E-09 4.2219E-09 3.8923E-09 3.5730E-09 3.2691E-09 2.9793E-09 2.7046E-09 2.4473E-09 2.2046E-09 1.9790E-09 1.7712E-09
1.0633E-09 1.2329E-09 1.4224E-09 1.6321E-09 1.8634E-09 2.1178E-09 2.3948E-09 2.6927E-09 3.0109E-09 3.3502E-09 3.7080E-09 4.0817E-09 4.4679E-09 4.8641E-09 5.2677E-09 5.6746E-09 6.0799E-09 6.4791E-09 6.8672E-09 7.2398E-09 7.5922E-09 7.9202E-09 8.2192E-09 8.4852E-09 8.7145E-09 8.9043E-09 9.0519E-09 9.1552E-09 9.2133E-09 9.2257E-09 9.1927E-09 9.1166E-09 8.9963E-09 8.8349E-09 8.6354E-09 8.4008E-09 8.1347E-09 7.8411E-09 7.5236E-09 7.1877E-09 6.8365E-09 6.4737E-09 6.1036E-09 5.7314E-09 5.3595E-09 4.9919E-09 4.6289E-09 4.2767E-09 3.9357E-09 3.6092E-09 3.2955E-09 2.9996E-09 2.7202E-09 2.4565E-09 2.2117E-09 1.9832E-09 1.7717E-09
1.0581E-09 1.2301E-09 1.4224E-09 1.6368E-09 1.8750E-09 2.1366E-09 2.4204E-09 2.7272E-09 3.0584E-09 3.4112E-09 3.7829E-09 4.1709E-09 4.5736E-09 4.9882E-09 5.4102E-09 5.8354E-09 6.2588E-09 6.6761E-09 7.0827E-09 7.4735E-09 7.8432E-09 8.1869E-09 8.4999E-09 8.7775E-09 9.0162E-09 9.2128E-09 9.3648E-09 9.4702E-09 9.5279E-09 9.5369E-09 9.4981E-09 9.4123E-09 9.2814E-09 9.1078E-09 8.8941E-09 8.6440E-09 8.3617E-09 8.0509E-09 7.7161E-09 7.3613E-09 6.9913E-09 6.6113E-09 6.2248E-09 5.8353E-09 5.4470E-09 5.0645E-09 4.6900E-09 4.3255E-09 3.9735E-09 3.6371E-09 3.3172E-09 3.0131E-09 2.7280E-09 2.4613E-09 2.2114E-09 1.9804E-09 1.7674E-09
1.0499E-09 1.2234E-09 1.4192E-09 1.6389E-09 1.8824E-09 2.1491E-09 2.4412E-09 2.7594E-09 3.1015E-09 3.4649E-09 3.8487E-09 4.2521E-09 4.6713E-09 5.1027E-09 5.5416E-09 5.9843E-09 6.4269E-09 6.8637E-09 7.2893E-09 7.6979E-09 8.0839E-09 8.4425E-09 8.7686E-09 9.0579E-09 9.3065E-09 9.5104E-09 9.6667E-09 9.7742E-09 9.8311E-09 9.8372E-09 9.7927E-09 9.6989E-09 9.5576E-09 9.3715E-09 9.1439E-09 8.8786E-09 8.5794E-09 8.2513E-09 7.8985E-09 7.5264E-09 7.1393E-09 6.7416E-09 6.3373E-09 5.9323E-09 5.5291E-09 5.1315E-09 4.7426E-09 4.3671E-09 4.0061E-09 3.6588E-09 3.3309E-09 3.0216E-09 2.7303E-09 2.4586E-09 2.2064E-09 1.9718E-09 1.7571E-09
1.0398E-09 1.2153E-09 1.4146E-09 1.6375E-09 1.8842E-09 2.1582E-09 2.4594E-09 2.7860E-09 3.1363E-09 3.5111E-09 3.9095E-09 4.3285E-09 4.7637E-09 5.2118E-09 5.6694E-09 6.1320E-09 6.5941E-09 7.0499E-09 7.4936E-09 7.9199E-09 8.3233E-09 8.6980E-09 9.0388E-09 9.3406E-09 9.5993E-09 9.8110E-09 9.9726E-09 1.0082E-08 1.0139E-08 1.0141E-08 1.0091E-08 9.9883E-09 9.8361E-09 9.6372E-09 9.3948E-09 9.1132E-09 8.7970E-09 8.4507E-09 8.0795E-09 7.6881E-09 7.2821E-09 6.8665E-09 6.4453E-09 6.0229E-09 5.6032E-09 5.1919E-09 4.7891E-09 4.4019E-09 4.0290E-09 3.6752E-09 3.3369E-09 3.0207E-09 2.7254E-09 2.4494E-09 2.1937E-09 1.9587E-09 1.7415E-09
1.0279E-09 1.2058E-09 1.4066E-09 1.6316E-09 1.8839E-09 2.1642E-09 2.4711E-09 2.8045E-09 3.1661E-09 3.5543E-09 3.9660E-09 4.3981E-09 4.8483E-09 5.3140E-09 5.7898E-09 6.2708E-09 6.7510E-09 7.2254E-09 7.6883E-09 8.1335E-09 8.5546E-09 8.9455E-09 9.3006E-09 9.6147E-09 9.8831E-09 1.0102E-08 1.0268E-08 1.0380E-08 1.0436E-08 1.0435E-08 1.0379E-08 1.0268E-08 1.0105E-08 9.8930E-09 9.6361E-09 9.3384E-09 9.0047E-09 8.6401E-09 8.2501E-09 7.8403E-09 7.4160E-09 6.9821E-09 6.5430E-09 6.1043E-09 5.6702E-09 5.2438E-09 4.8292E-09 4.4285E-09 4.0468E-09 3.6816E-09 3.3389E-09 3.0140E-09 2.7131E-09 2.4344E-09 2.1758E-09 1.9380E-09 1.7204E-09
1.0156E-09 1.1941E-09 1.3958E-09 1.6245E-09 1.8812E-09 2.1651E-09 2.4768E-09 2.8190E-09 3.1904E-09 3.5883E-09 4.0106E-09 4.4565E-09 4.9227E-09 5.4051E-09 5.8980E-09 6.3970E-09 6.8968E-09 7.3910E-09 7.8732E-09 8.3368E-09 8.7751E-09 9.1820E-09 9.5515E-09 9.8781E-09 1.0157E-08 1.0384E-08 1.0556E-08 1.0671E-08 1.0726E-08 1.0722E-08 1.0660E-08 1.0540E-08 1.0366E-08 1.0141E-08 9.8688E-09 9.5545E-09 9.2033E-09 8.8205E-09 8.4121E-09 7.9836E-09 7.5402E-09 7.0881E-09 6.6330E-09 6.1781E-09 5.7265E-09 5.2872E-09 4.8598E-09 4.4487E-09 4.0546E-09 3.6822E-09 3.3299E-09 3.0023E-09 2.6943E-09 2.4113E-09 2.1504E-09 1.9122E-09 1.6939E-09
1.0011E-09 1.1795E-09 1.3836E-09 1.6153E-09 1.8741E-09 2.1611E-09 2.4797E-09 2.8289E-09 3.2068E-09 3.6133E-09 4.0485E-09 4.5093E-09 4.9911E-09 5.4892E-09 5.9997E-09 6.5176E-09 7.0364E-09 7.5498E-09 8.0507E-09 8.5327E-09 8.9888E-09 9.4127E-09 9.7976E-09 1.0138E-08 1.0427E-08 1.0663E-08 1.0840E-08 1.0957E-08 1.1012E-08 1.1005E-08 1.0936E-08 1.0807E-08 1.0622E-08 1.0383E-08 1.0096E-08 9.7650E-09 9.3955E-09 8.9937E-09 8.5655E-09 8.1176E-09 7.6558E-09 7.1857E-09 6.7119E-09 6.2398E-09 5.7751E-09 5.3209E-09 4.8800E-09 4.4584E-09 4.0559E-09 3.6734E-09 3.3154E-09 2.9793E-09 2.6708E-09 2.3825E-09 2.1198E-09 1.8797E-09 1.6617E-09
