Assets/Resources/2015_m01_d27_0800(utc+0800)_l00_csi_1hr_conc.grd
DSAA
         159         159
     -79.000      79.000
     -79.000      79.000
  0.0000E+00  0.3538E-05
[rows 0 to 24 of 159, columns 0 to 56 of 159]
0.0000E+00 0.0000E+00 0.0000E+00 0.0000E+00 0.0000E+00 0.0000E+00 0.0000E+00 0.0000E+00 0.0000E+00 0.0000E+00 0.0000E+00 0.0000E+00 1.3749E-12 7.8737E-12 2.5714E-11 5.3471E-11 8.5127E-11 1.2881E-10 1.8506E-10 2.5870E-10 3.5363E-10 4.7235E-10 6.1840E-10 7.9623E-10 1.0111E-09 1.2646E-09 1.5575E-09 1.8907E-09 2.2618E-09 2.6678E-09 3.1016E-09 3.5548E-09 4.0180E-09 4.4780E-09 4.9217E-09 5.3342E-09 5.7024E-09 6.0133E-09 6.2543E-09 6.4157E-09 6.4907E-09 6.4758E-09 6.3710E-09 6.1798E-09 5.9089E-09 5.5684E-09 5.1702E-09 4.7289E-09 4.2595E-09 3.7774E-09 3.2974E-09 2.8325E-09 2.3933E-09 1.9887E-09 1.6242E-09 1.3033E-09 1.0260E-09
0.0000E+00 0.0000E+00 0.0000E+00 0.0000E+00 0.0000E+00 0.0000E+00 0.0000E+00 0.0000E+00 0.0000E+00 0.0000E+00 0.0000E+00 0.0000E+00 4.8191E-13 6.3950E-12 2.4030E-11 5.3688E-11 8.6058E-11 1.2994E-10 1.8765E-10 2.6310E-10 3.6096E-10 4.8385E-10 6.3451E-10 8.2062E-10 1.0445E-09 1.3090E-09 1.6163E-09 1.9675E-09 2.3598E-09 2.7906E-09 3.2530E-09 3.7390E-09 4.2367E-09 4.7341E-09 5.2173E-09 5.6705E-09 6.0794E-09 6.4279E-09 6.7028E-09 6.8938E-09 6.9930E-09 6.9946E-09 6.8982E-09 6.7064E-09 6.4267E-09 6.0688E-09 5.6459E-09 5.1736E-09 4.6682E-09 4.1467E-09 3.6253E-09 3.1179E-09 2.6376E-09 2.1939E-09 1.7940E-09 1.4414E-09 1.1371E-09
0.0000E+00 0.0000E+00 0.0000E+00 0.0000E+00 0.0000E+00 0.0000E+00 0.0000E+00 0.0000E+00 0.0000E+00 0.0000E+00 0.0000E+00 0.0000E+00 0.0000E+00 4.2097E-12 2.1785E-11 5.2086E-11 8.5238E-11 1.2879E-10 1.8712E-10 2.6333E-10 3.6334E-10 4.8949E-10 6.4429E-10 8.3440E-10 1.0638E-09 1.3383E-09 1.6578E-09 2.0230E-09 2.4339E-09 2.8862E-09 3.3742E-09 3.8886E-09 4.4193E-09 4.9531E-09 5.4745E-09 5.9676E-09 6.4159E-09 6.8033E-09 7.1160E-09 7.3405E-09 7.4668E-09 7.4891E-09 7.4055E-09 7.2182E-09 6.9338E-09 6.5629E-09 6.1189E-09 5.6184E-09 5.0789E-09 4.5188E-09 3.9566E-09 3.4082E-09 2.8875E-09 2.4055E-09 1.9694E-09 1.5841E-09 1.2516E-09
0.0000E+00 0.0000E+00 0.0000E+00 0.0000E+00 0.0000E+00 0.0000E+00 0.0000E+00 0.0000E+00 0.0000E+00 0.0000E+00 0.0000E+00 0.0000E+00 0.0000E+00 1.7699E-12 1.7366E-11 5.1055E-11 8.2611E-11 1.2628E-10 1.8427E-10 2.6072E-10 3.6098E-10 4.8815E-10 6.4458E-10 8.3741E-10 1.0719E-09 1.3522E-09 1.6795E-09 2.0556E-09 2.4812E-09 2.9510E-09 3.4601E-09 4.0005E-09 4.5611E-09 5.1275E-09 5.6854E-09 6.2178E-09 6.7070E-09 7.1354E-09 7.4863E-09 7.7457E-09 7.9028E-09 7.9505E-09 7.8848E-09 7.7066E-09 7.4220E-09 7.0421E-09 6.5809E-09 6.0555E-09 5.4860E-09 4.8912E-09 4.2909E-09 3.7026E-09 3.1420E-09 2.6217E-09 2.1503E-09 1.7338E-09 1.3723E-09
0.0000E+00 0.0000E+00 0.0000E+00 0.0000E+00 0.0000E+00 0.0000E+00 0.0000E+00 0.0000E+00 0.0000E+00 0.0000E+00 0.0000E+00 0.0000E+00 0.0000E+00 0.0000E+00 1.3666E-11 4.6052E-11 7.8777E-11 1.2173E-10 1.7842E-10 2.5408E-10 3.5325E-10 4.8063E-10 6.3672E-10 8.3022E-10 1.0670E-09 1.3489E-09 1.6807E-09 2.0645E-09 2.4997E-09 2.9830E-09 3.5097E-09 4.0712E-09 4.6571E-09 5.2540E-09 5.8464E-09 6.4159E-09 6.9445E-09 7.4134E-09 7.8054E-09 8.1044E-09 8.2970E-09 8.3737E-09 8.3301E-09 8.1663E-09 7.8877E-09 7.5045E-09 7.0319E-09 6.4867E-09 5.8892E-09 5.2615E-09 4.6248E-09 3.9987E-09 3.4003E-09 2.8425E-09 2.3357E-09 1.8869E-09 1.4978E-09
0.0000E+00 0.0000E+00 0.0000E+00 0.0000E+00 0.0000E+00 0.0000E+00 0.0000E+00 0.0000E+00 0.0000E+00 0.0000E+00 0.0000E+00 0.0000E+00 0.0000E+00 0.0000E+00 9.7195E-12 3.9250E-11 7.3372E-11 1.1480E-10 1.7031E-10 2.4469E-10 3.4198E-10 4.6715E-10 6.2100E-10 8.1312E-10 1.0474E-09 1.3292E-09 1.6632E-09 2.0501E-09 2.4900E-09 2.9824E-09 3.5211E-09 4.0996E-09 4.7073E-09 5.3303E-09 5.9535E-09 6.5586E-09 7.1262E-09 7.6368E-09 8.0705E-09 8.4098E-09 8.6393E-09 8.7495E-09 8.7336E-09 8.5901E-09 8.3227E-09 7.9408E-09 7.4602E-09 6.8996E-09 6.2802E-09 5.6249E-09 4.9558E-09 4.2945E-09 3.6598E-09 3.0668E-09 2.5270E-09 2.0463E-09 1.6285E-09
0.0000E+00 0.0000E+00 0.0000E+00 0.0000E+00 0.0000E+00 0.0000E+00 0.0000E+00 0.0000E+00 0.0000E+00 0.0000E+00 0.0000E+00 0.0000E+00 0.0000E+00 0.0000E+00 4.1076E-12 3.3255E-11 6.6804E-11 1.0684E-10 1.5986E-10 2.3128E-10 3.2621E-10 4.4786E-10 5.9803E-10 7.8579E-10 1.0170E-09 1.2952E-09 1.6254E-09 2.0109E-09 2.4523E-09 2.9484E-09 3.4950E-09 4.0853E-09 4.7093E-09 5.3551E-09 6.0057E-09 6.6439E-09 7.2481E-09 7.7985E-09 8.2746E-09 8.6571E-09 8.9291E-09 9.0773E-09 9.0928E-09 8.9733E-09 8.7224E-09 8.3496E-09 7.8689E-09 7.2987E-09 6.6613E-09 5.9816E-09 5.2833E-09 4.5899E-09 3.9217E-09 3.2946E-09 2.7218E-09 2.2107E-09 1.7643E-09
0.0000E+00 0.0000E+00 0.0000E+00 0.0000E+00 0.0000E+00 0.0000E+00 0.0000E+00 0.0000E+00 0.0000E+00 0.0000E+00 0.0000E+00 0.0000E+00 0.0000E+00 0.0000E+00 2.1245E-12 2.3968E-11 5.9730E-11 9.7513E-11 1.4791E-10 2.1534E-10 3.0598E-10 4.2376E-10 5.6847E-10 7.5050E-10 9.7424E-10 1.2457E-09 1.5694E-09 1.9507E-09 2.3888E-09 2.8833E-09 3.4330E-09 4.0300E-09 4.6667E-09 5.3296E-09 6.0039E-09 6.6704E-09 7.3095E-09 7.9000E-09 8.4190E-09 8.8452E-09 9.1603E-09 9.3486E-09 9.4010E-09 9.3130E-09 9.0855E-09 8.7257E-09 8.2484E-09 7.6745E-09 7.0254E-09 6.3274E-09 5.6056E-09 4.8841E-09 4.1849E-09 3.5266E-09 2.9218E-09 2.3804E-09 1.9059E-09
0.0000E+00 0.0000E+00 0.0000E+00 0.0000E+00 0.0000E+00 0.0000E+00 0.0000E+00 0.0000E+00 0.0000E+00 0.0000E+00 0.0000E+00 0.0000E+00 0.0000E+00 0.0000E+00 1.0526E-12 1.7303E-11 5.1284E-11 8.7320E-11 1.3444E-10 1.9819E-10 2.8314E-10 3.9612E-10 5.3321E-10 7.0688E-10 9.2149E-10 1.1838E-09 1.4991E-09 1.8707E-09 2.3013E-09 2.7906E-09 3.3370E-09 3.9361E-09 4.5792E-09 5.2546E-09 5.9478E-09 6.6404E-09 7.3124E-09 7.9400E-09 8.5004E-09 8.9718E-09 9.3332E-09 9.5670E-09 9.6602E-09 9.6063E-09 9.4062E-09 9.0673E-09 8.6025E-09 8.0310E-09 7.3762E-09 6.6646E-09 5.9230E-09 5.1771E-09 4.4507E-09 3.7626E-09 3.1280E-09 2.5567E-09 2.0537E-09
0.0000E+00 0.0000E+00 0.0000E+00 0.0000E+00 0.0000E+00 0.0000E+00 0.0000E+00 0.0000E+00 0.0000E+00 0.0000E+00 0.0000E+00 0.0000E+00 0.0000E+00 0.0000E+00 2.7636E-13 1.1549E-11 4.2351E-11 7.5935E-11 1.1932E-10 1.7876E-10 2.5741E-10 3.6279E-10 4.9254E-10 6.5681E-10 8.6194E-10 1.1126E-09 1.4141E-09 1.7726E-09 2.1921E-09 2.6719E-09 3.2119E-09 3.8079E-09 4.4523E-09 5.1355E-09 5.8429E-09 6.5571E-09 7.2566E-09 7.9198E-09 8.5223E-09 9.0385E-09 9.4468E-09 9.7272E-09 9.8655E-09 9.8530E-09 9.6879E-09 9.3752E-09 8.9280E-09 8.3648E-09 7.7098E-09 6.9902E-09 6.2340E-09 5.4676E-09 4.7168E-09 4.0016E-09 3.3382E-09 2.7384E-09 2.2088E-09
0.0000E+00 0.0000E+00 0.0000E+00 0.0000E+00 0.0000E+00 0.0000E+00 0.0000E+00 0.0000E+00 0.0000E+00 0.0000E+00 0.0000E+00 0.0000E+00 0.0000E+00 0.0000E+00 0.0000E+00 5.6346E-12 3.4205E-11 6.4218E-11 1.0400E-10 1.5787E-10 2.3007E-10 3.2736E-10 4.4894E-10 6.0404E-10 7.9546E-10 1.0318E-09 1.3185E-09 1.6630E-09 2.0676E-09 2.5339E-09 3.0608E-09 3.6477E-09 4.2892E-09 4.9749E-09 5.6919E-09 6.4231E-09 7.1486E-09 7.8450E-09 8.4857E-09 9.0467E-09 9.5036E-09 9.8342E-09 1.0021E-08 1.0053E-08 9.9265E-09 9.6459E-09 9.2228E-09 8.6754E-09 8.0271E-09 7.3058E-09 6.5404E-09 5.7588E-09 4.9872E-09 4.2478E-09 3.5578E-09 2.9293E-09 2.3713E-09
0.0000E+00 0.0000E+00 0.0000E+00 0.0000E+00 0.0000E+00 0.0000E+00 0.0000E+00 0.0000E+00 0.0000E+00 0.0000E+00 0.0000E+00 0.0000E+00 0.0000E+00 0.0000E+00 0.0000E+00 1.6115E-12 2.2454E-11 5.3019E-11 8.8467E-11 1.3724E-10 2.0212E-10 2.9089E-10 4.0281E-10 5.4597E-10 7.2541E-10 9.4671E-10 1.2171E-09 1.5423E-09 1.9282E-09 2.3770E-09 2.8880E-09 3.4632E-09 4.0963E-09 4.7791E-09 5.5006E-09 6.2451E-09 6.9914E-09 7.7165E-09 8.3956E-09 9.0013E-09 9.5060E-09 9.8873E-09 1.0126E-08 1.0207E-08 1.0126E-08 9.8842E-09 9.4917E-09 8.9665E-09 8.3311E-09 7.6135E-09 6.8429E-09 6.0494E-09 5.2598E-09 4.4977E-09 3.7817E-09 3.1276E-09 2.5429E-09
0.0000E+00 0.0000E+00 0.0000E+00 0.0000E+00 0.0000E+00 0.0000E+00 0.0000E+00 0.0000E+00 0.0000E+00 0.0000E+00 0.0000E+00 0.0000E+00 0.0000E+00 0.0000E+00 0.0000E+00 2.3792E-13 1.3683E-11 4.1646E-11 7.2735E-11 1.1611E-10 1.7391E-10 2.5321E-10 3.5549E-10 4.8571E-10 6.5249E-10 8.5758E-10 1.1082E-09 1.4133E-09 1.7795E-09 2.2069E-09 2.6992E-09 3.2571E-09 3.8774E-09 4.5535E-09 5.2756E-09 6.0274E-09 6.7910E-09 7.5429E-09 8.2565E-09 8.9036E-09 9.4574E-09 9.8914E-09 1.0183E-08 1.0318E-08 1.0286E-08 1.0087E-08 9.7312E-09 9.2338E-09 8.6177E-09 7.9101E-09 7.1413E-09 6.3410E-09 5.5377E-09 4.7561E-09 4.0166E-09 3.3352E-09 2.7226E-09
0.0000E+00 0.0000E+00 0.0000E+00 0.0000E+00 0.0000E+00 0.0000E+00 0.0000E+00 0.0000E+00 0.0000E+00 0.0000E+00 0.0000E+00 0.0000E+00 0.0000E+00 0.0000E+00 0.0000E+00 0.0000E+00 7.4144E-12 3.0773E-11 5.8449E-11 9.6221E-11 1.4717E-10 2.1670E-10 3.0847E-10 4.2574E-10 5.7608E-10 7.6602E-10 9.9804E-10 1.2822E-09 1.6246E-09 2.0290E-09 2.4984E-09 3.0361E-09 3.6397E-09 4.3050E-09 5.0217E-09 5.7778E-09 6.5540E-09 7.3276E-09 8.0723E-09 8.7604E-09 9.3610E-09 9.8473E-09 1.0195E-08 1.0385E-08 1.0407E-08 1.0258E-08 9.9456E-09 9.4830E-09 8.8926E-09 8.2006E-09 7.4380E-09 6.6347E-09 5.8203E-09 5.0206E-09 4.2596E-09 3.5531E-09 2.9118E-09
0.0000E+00 0.0000E+00 0.0000E+00 0.0000E+00 0.0000E+00 0.0000E+00 0.0000E+00 0.0000E+00 0.0000E+00 0.0000E+00 0.0000E+00 0.0000E+00 0.0000E+00 0.0000E+00 0.0000E+00 0.0000E+00 2.9500E-12 2.0997E-11 4.5235E-11 7.7915E-11 1.2149E-10 1.8207E-10 2.6310E-10 3.6626E-10 5.0085E-10 6.7426E-10 8.8757E-10 1.1494E-09 1.4670E-09 1.8467E-09 2.2904E-09 2.8050E-09 3.3890E-09 4.0380E-09 4.7457E-09 5.5001E-09 6.2841E-09 7.0760E-09 7.8486E-09 8.5737E-09 9.2200E-09 9.7586E-09 1.0162E-08 1.0412E-08 1.0492E-08 1.0397E-08 1.0132E-08 9.7099E-09 9.1511E-09 8.4813E-09 7.7306E-09 6.9293E-09 6.1077E-09 5.2949E-09 4.5129E-09 3.7802E-09 3.1089E-09
0.0000E+00 0.0000E+00 0.0000E+00 0.0000E+00 0.0000E+00 0.0000E+00 0.0000E+00 0.0000E+00 0.0000E+00 0.0000E+00 0.0000E+00 0.0000E+00 0.0000E+00 0.0000E+00 0.0000E+00 0.0000E+00 7.3088E-13 1.2305E-11 3.2457E-11 6.0548E-11 9.7735E-11 1.4968E-10 2.2031E-10 3.0969E-10 4.2778E-10 5.8143E-10 7.7687E-10 1.0165E-09 1.3106E-09 1.6631E-09 2.0809E-09 2.5692E-09 3.1284E-09 3.7582E-09 4.4529E-09 5.2012E-09 5.9882E-09 6.7923E-09 7.5886E-09 8.3473E-09 9.0375E-09 9.6273E-09 1.0089E-08 1.0397E-08 1.0537E-08 1.0502E-08 1.0292E-08 9.9177E-09 9.3968E-09 8.7557E-09 8.0224E-09 7.2280E-09 6.4035E-09 5.5784E-09 4.7766E-09 4.0175E-09 3.3166E-09
0.0000E+00 0.0000E+00 0.0000E+00 0.0000E+00 0.0000E+00 0.0000E+00 0.0000E+00 0.0000E+00 0.0000E+00 0.0000E+00 0.0000E+00 0.0000E+00 0.0000E+00 0.0000E+00 0.0000E+00 0.0000E+00 0.0000E+00 5.3677E-12 2.1090E-11 4.4388E-11 7.5803E-11 1.1942E-10 1.7968E-10 2.5753E-10 3.5977E-10 4.9406E-10 6.6906E-10 8.8796E-10 1.1574E-09 1.4836E-09 1.8718E-09 2.3310E-09 2.8648E-09 3.4719E-09 4.1473E-09 4.8849E-09 5.6696E-09 6.4821E-09 7.2978E-09 8.0863E-09 8.8156E-09 9.4543E-09 9.9726E-09 1.0343E-08 1.0549E-08 1.0577E-08 1.0426E-08 1.0104E-08 9.6274E-09 9.0201E-09 8.3091E-09 7.5268E-09 6.7043E-09 5.8697E-09 5.0488E-09 4.2642E-09 3.5338E-09
0.0000E+00 0.0000E+00 0.0000E+00 0.0000E+00 0.0000E+00 0.0000E+00 0.0000E+00 0.0000E+00 0.0000E+00 0.0000E+00 0.0000E+00 0.0000E+00 0.0000E+00 0.0000E+00 0.0000E+00 0.0000E+00 0.0000E+00 1.1903E-12 1.1851E-11 3.0438E-11 5.6085E-11 9.2763E-11 1.4347E-10 2.0959E-10 2.9633E-10 4.1428E-10 5.6737E-10 7.6230E-10 1.0071E-09 1.3075E-09 1.6668E-09 2.0975E-09 2.6011E-09 3.1806E-09 3.8357E-09 4.5577E-09 5.3351E-09 6.1501E-09 6.9782E-09 7.7910E-09 8.5575E-09 9.2447E-09 9.8183E-09 1.0252E-08 1.0522E-08 1.0616E-08 1.0530E-08 1.0268E-08 9.8425E-09 9.2757E-09 8.5948E-09 7.8297E-09 7.0107E-09 6.1684E-09 5.3306E-09 4.5231E-09 3.7649E-09
0.0000E+00 0.0000E+00 0.0000E+00 0.0000E+00 0.0000E+00 0.0000E+00 0.0000E+00 0.0000E+00 0.0000E+00 0.0000E+00 0.0000E+00 0.0000E+00 0.0000E+00 0.0000E+00 0.0000E+00 0.0000E+00 0.0000E+00 0.0000E+00 4.3938E-12 1.8399E-11 3.8376E-11 6.8217E-11 1.1044E-10 1.6686E-10 2.4048E-10 3.4035E-10 4.7208E-10 6.4390E-10 8.6663E-10 1.1388E-09 1.4685E-09 1.8691E-09 2.3415E-09 2.8927E-09 3.5214E-09 4.2229E-09 4.9873E-09 5.7992E-09 6.6359E-09 7.4693E-09 8.2675E-09 8.9965E-09 9.6247E-09 1.0121E-08 1.0459E-08 1.0625E-08 1.0608E-08 1.0409E-08 1.0041E-08 9.5209E-09 8.8742E-09 8.1310E-09 7.3209E-09 6.4748E-09 5.6230E-09 4.7928E-09 4.0056E-09
0.0000E+00 0.0000E+00 0.0000E+00 0.0000E+00 0.0000E+00 0.0000E+00 0.0000E+00 0.0000E+00 0.0000E+00 0.0000E+00 0.0000E+00 0.0000E+00 0.0000E+00 0.0000E+00 0.0000E+00 0.0000E+00 0.0000E+00 0.0000E+00 7.5233E-13 8.4461E-12 2.3321E-11 4.6609E-11 8.0776E-11 1.2858E-10 1.8985E-10 2.7409E-10 3.8719E-10 5.3669E-10 7.3334E-10 9.7966E-10 1.2801E-09 1.6479E-09 2.0896E-09 2.6090E-09 3.2088E-09 3.8859E-09 4.6332E-09 5.4361E-09 6.2736E-09 7.1209E-09 7.9464E-09 8.7161E-09 9.3959E-09 9.9531E-09 1.0361E-08 1.0597E-08 1.0652E-08 1.0523E-08 1.0219E-08 9.7529E-09 9.1475E-09 8.4300E-09 7.6319E-09 6.7863E-09 5.9252E-09 5.0755E-09 4.2621E-09
0.0000E+00 0.0000E+00 0.0000E+00 0.0000E+00 0.0000E+00 0.0000E+00 0.0000E+00 0.0000E+00 0.0000E+00 0.0000E+00 0.0000E+00 0.0000E+00 0.0000E+00 0.0000E+00 0.0000E+00 0.0000E+00 0.0000E+00 0.0000E+00 0.0000E+00 1.9899E-12 1.2279E-11 2.9569E-11 5.6334E-11 9.4950E-11 1.4488E-10 2.1495E-10 3.1146E-10 4.3887E-10 6.0969E-10 8.3062E-10 1.1027E-09 1.4386E-09 1.8472E-09 2.3332E-09 2.9009E-09 3.5497E-09 4.2746E-09 5.0635E-09 5.8973E-09 6.7527E-09 7.5989E-09 8.4035E-09 9.1308E-09 9.7472E-09 1.0223E-08 1.0535E-08 1.0668E-08 1.0614E-08 1.0377E-08 9.9686E-09 9.4089E-09 8.7255E-09 7.9486E-09 7.1095E-09 6.2400E-09 5.3714E-09 4.5324E-09
0.0000E+00 0.0000E+00 0.0000E+00 0.0000E+00 0.0000E+00 0.0000E+00 0.0000E+00 0.0000E+00 0.0000E+00 0.0000E+00 0.0000E+00 0.0000E+00 0.0000E+00 0.0000E+00 0.0000E+00 0.0000E+00 0.0000E+00 0.0000E+00 0.0000E+00 3.9711E-13 4.4675E-12 1.6945E-11 3.7034E-11 6.7337E-11 1.0625E-10 1.6390E-10 2.4480E-10 3.5278E-10 4.9962E-10 6.9450E-10 9.3906E-10 1.2437E-09 1.6173E-09 2.0679E-09 2.6011E-09 3.2187E-09 3.9168E-09 4.6847E-09 5.5080E-09 6.3661E-09 7.2279E-09 8.0619E-09 8.8329E-09 9.5072E-09 1.0051E-08 1.0437E-08 1.0647E-08 1.0670E-08 1.0507E-08 1.0165E-08 9.6609E-09 9.0179E-09 8.2651E-09 7.4362E-09 6.5636E-09 5.6797E-09 4.8164E-09
0.0000E+00 0.0000E+00 0.0000E+00 0.0000E+00 0.0000E+00 0.0000E+00 0.0000E+00 0.0000E+00 0.0000E+00 0.0000E+00 0.0000E+00 0.0000E+00 0.0000E+00 0.0000E+00 0.0000E+00 0.0000E+00 0.0000E+00 0.0000E+00 0.0000E+00 0.0000E+00 8.1522E-13 6.9390E-12 2.1423E-11 4.4597E-11 7.3789E-11 1.2047E-10 1.8625E-10 2.7737E-10 4.0201E-10 5.7078E-10 7.8787E-10 1.0639E-09 1.4035E-09 1.8178E-09 2.3137E-09 2.8955E-09 3.5621E-09 4.3061E-09 5.1141E-09 5.9658E-09 6.8368E-09 7.6945E-09 8.5045E-09 9.2305E-09 9.8385E-09 1.0300E-08 1.0591E-08 1.0698E-08 1.0613E-08 1.0343E-08 9.9000E-09 9.3054E-09 8.5859E-09 7.7716E-09 6.8985E-09 6.0022E-09 5.1152E-09
0.0000E+00 0.0000E+00 0.0000E+00 0.0000E+00 0.0000E+00 0.0000E+00 0.0000E+00 0.0000E+00 0.0000E+00 0.0000E+00 0.0000E+00 0.0000E+00 0.0000E+00 0.0000E+00 0.0000E+00 0.0000E+00 0.0000E+00 0.0000E+00 0.0000E+00 0.0000E+00 7.0660E-14 1.0616E-12 9.6431E-12 2.6589E-11 4.8368E-11 8.4368E-11 1.3644E-10 2.1241E-10 3.1661E-10 4.6195E-10 6.5164E-10 8.9851E-10 1.2053E-09 1.5829E-09 2.0415E-09 2.5857E-09 3.2172E-09 3.9294E-09 4.7151E-09 5.5562E-09 6.4294E-09 7.3035E-09 8.1464E-09 8.9203E-09 9.5915E-09 1.0127E-08 1.0500E-08 1.0691E-08 1.0692E-08 1.0501E-08 1.0126E-08 9.5844E-09 8.9022E-09 8.1094E-09 7.2423E-09 6.3371E-09 5.4281E-09
0.0000E+00 0.0000E+00 0.0000E+00 0.0000E+00 0.0000E+00 0.0000E+00 0.0000E+00 0.0000E+00 0.0000E+00 0.0000E+00 0.0000E+00 0.0000E+00 0.0000E+00 0.0000E+00 0.0000E+00 0.0000E+00 0.0000E+00 0.0000E+00 0.0000E+00 0.0000E+00 0.0000E+00 1.9279E-13 1.5547E-12 1.2742E-11 2.9222E-11 5.5955E-11 9.7622E-11 1.5862E-10 2.4495E-10 3.6866E-10 5.3133E-10 7.4731E-10 1.0230E-09 1.3663E-09 1.7864E-09 2.2904E-09 2.8838E-09 3.5616E-09 4.3200E-09 5.1434E-09 6.0106E-09 6.8949E-09 7.7630E-09 8.5812E-09 9.3108E-09 9.9181E-09 1.0374E-08 1.0655E-08 1.0744E-08 1.0635E-08 1.0334E-08 9.8548E-09 9.2177E-09 8.4526E-09 7.5957E-09 6.6845E-09 5.7564E-09
