Assets/Resources/2015_m01_d20_0300(utc+0800)_l00_csi_1hr_conc.grd
DSAA
         159         159
     -79.000      79.000
     -79.000      79.000
  0.0000E+00  0.1371E-04
[rows 25 to 49 of 159, columns 0 to 56 of 159]
1.8304E-10 2.1946E-10 2.5922E-10 3.0250E-10 3.5528E-10 4.0872E-10 4.7555E-10 5.4373E-10 6.2753E-10 7.1344E-10 8.1480E-10 9.2780E-10 1.0563E-09 1.1976E-09 1.3772E-09 1.6006E-09 1.8461E-09 2.1080E-09 2.3715E-09 2.6471E-09 2.9219E-09 3.1953E-09 3.4651E-09 3.7237E-09 3.9720E-09 4.2083E-09 4.4298E-09 4.6365E-09 4.8299E-09 5.0066E-09 5.1727E-09 5.3182E-09 5.4532E-09 5.5705E-09 5.6784E-09 5.7719E-09 5.8605E-09 5.9358E-09 6.0070E-09 6.0648E-09 6.1181E-09 6.1604E-09 6.1979E-09 6.2290E-09 6.2544E-09 6.2752E-09 6.2887E-09 6.3014E-09 6.3052E-09 6.3100E-09 6.3051E-09 6.2992E-09 6.2890E-09 6.2725E-09 6.2576E-09 6.2346E-09 6.2139E-09
1.8034E-10 2.1594E-10 2.5651E-10 2.9849E-10 3.5044E-10 4.0366E-10 4.6958E-10 5.3742E-10 6.2024E-10 7.0569E-10 8.0810E-10 9.1659E-10 1.0441E-09 1.1855E-09 1.3499E-09 1.5621E-09 1.8054E-09 2.0672E-09 2.3351E-09 2.6114E-09 2.8901E-09 3.1666E-09 3.4418E-09 3.7063E-09 3.9606E-09 4.2025E-09 4.4308E-09 4.6434E-09 4.8420E-09 5.0241E-09 5.1948E-09 5.3454E-09 5.4851E-09 5.6061E-09 5.7171E-09 5.8126E-09 5.9025E-09 5.9793E-09 6.0521E-09 6.1107E-09 6.1654E-09 6.2084E-09 6.2478E-09 6.2777E-09 6.3044E-09 6.3243E-09 6.3379E-09 6.3505E-09 6.3545E-09 6.3594E-09 6.3546E-09 6.3494E-09 6.3388E-09 6.3230E-09 6.3085E-09 6.2855E-09 6.2652E-09
1.7719E-10 2.1310E-10 2.5353E-10 2.9333E-10 3.4514E-10 3.9757E-10 4.6243E-10 5.2974E-10 6.1138E-10 6.9615E-10 7.9724E-10 9.0309E-10 1.0292E-09 1.1702E-09 1.3243E-09 1.5231E-09 1.7637E-09 2.0210E-09 2.2921E-09 2.5678E-09 2.8503E-09 3.1301E-09 3.4105E-09 3.6792E-09 3.9409E-09 4.1885E-09 4.4229E-09 4.6423E-09 4.8468E-09 5.0340E-09 5.2101E-09 5.3660E-09 5.5102E-09 5.6360E-09 5.7497E-09 5.8493E-09 5.9393E-09 6.0175E-09 6.0916E-09 6.1516E-09 6.2079E-09 6.2516E-09 6.2917E-09 6.3222E-09 6.3489E-09 6.3695E-09 6.3847E-09 6.3959E-09 6.4003E-09 6.4055E-09 6.4011E-09 6.3963E-09 6.3860E-09 6.3723E-09 6.3565E-09 6.3336E-09 6.3137E-09
1.7362E-10 2.0896E-10 2.4880E-10 2.8965E-10 3.3900E-10 3.9012E-10 4.5456E-10 5.2037E-10 6.0102E-10 6.8488E-10 7.8441E-10 8.9048E-10 1.0119E-09 1.1494E-09 1.3040E-09 1.4843E-09 1.7144E-09 1.9698E-09 2.2423E-09 2.5215E-09 2.8023E-09 3.0876E-09 3.3694E-09 3.6451E-09 3.9126E-09 4.1658E-09 4.4072E-09 4.6321E-09 4.8428E-09 5.0364E-09 5.2175E-09 5.3790E-09 5.5276E-09 5.6576E-09 5.7757E-09 5.8780E-09 5.9703E-09 6.0503E-09 6.1260E-09 6.1876E-09 6.2456E-09 6.2900E-09 6.3315E-09 6.3624E-09 6.3895E-09 6.4107E-09 6.4259E-09 6.4378E-09 6.4424E-09 6.4477E-09 6.4440E-09 6.4412E-09 6.4294E-09 6.4166E-09 6.4014E-09 6.3788E-09 6.3595E-09
1.6819E-10 2.0393E-10 2.4348E-10 2.8315E-10 3.3205E-10 3.8175E-10 4.4560E-10 5.1203E-10 5.8963E-10 6.7119E-10 7.7010E-10 8.7664E-10 9.9224E-10 1.1276E-09 1.2785E-09 1.4463E-09 1.6638E-09 1.9190E-09 2.1868E-09 2.4663E-09 2.7479E-09 3.0365E-09 3.3185E-09 3.6023E-09 3.8741E-09 4.1349E-09 4.3825E-09 4.6138E-09 4.8302E-09 5.0303E-09 5.2162E-09 5.3837E-09 5.5373E-09 5.6725E-09 5.7947E-09 5.9003E-09 5.9955E-09 6.0773E-09 6.1545E-09 6.2182E-09 6.2775E-09 6.3233E-09 6.3664E-09 6.3977E-09 6.4255E-09 6.4474E-09 6.4629E-09 6.4757E-09 6.4802E-09 6.4862E-09 6.4832E-09 6.4809E-09 6.4699E-09 6.4596E-09 6.4431E-09 6.4210E-09 6.4024E-09
1.6348E-10 1.9888E-10 2.3723E-10 2.7644E-10 3.2396E-10 3.7480E-10 4.3563E-10 5.0033E-10 5.7688E-10 6.5871E-10 7.5402E-10 8.5828E-10 9.7303E-10 1.1032E-09 1.2515E-09 1.4151E-09 1.6125E-09 1.8597E-09 2.1251E-09 2.4044E-09 2.6930E-09 2.9783E-09 3.2624E-09 3.5509E-09 3.8266E-09 4.0948E-09 4.3481E-09 4.5858E-09 4.8091E-09 5.0155E-09 5.2069E-09 5.3800E-09 5.5396E-09 5.6796E-09 5.8059E-09 5.9155E-09 6.0144E-09 6.0996E-09 6.1771E-09 6.2429E-09 6.3042E-09 6.3516E-09 6.3963E-09 6.4282E-09 6.4587E-09 6.4794E-09 6.4971E-09 6.5094E-09 6.5160E-09 6.5211E-09 6.5186E-09 6.5173E-09 6.5069E-09 6.4968E-09 6.4817E-09 6.4602E-09 6.4424E-09
1.5622E-10 1.9341E-10 2.3050E-10 2.7128E-10 3.1518E-10 3.6524E-10 4.2434E-10 4.9017E-10 5.6249E-10 6.4518E-10 7.3588E-10 8.3804E-10 9.5174E-10 1.0749E-09 1.2202E-09 1.3786E-09 1.5629E-09 1.7962E-09 2.0627E-09 2.3372E-09 2.6257E-09 2.9120E-09 3.2020E-09 3.4892E-09 3.7729E-09 4.0454E-09 4.3044E-09 4.5484E-09 4.7788E-09 4.9910E-09 5.1892E-09 5.3677E-09 5.5329E-09 5.6786E-09 5.8092E-09 5.9238E-09 6.0263E-09 6.1139E-09 6.1939E-09 6.2616E-09 6.3249E-09 6.3744E-09 6.4205E-09 6.4538E-09 6.4857E-09 6.5071E-09 6.5258E-09 6.5388E-09 6.5462E-09 6.5521E-09 6.5499E-09 6.5496E-09 6.5403E-09 6.5306E-09 6.5168E-09 6.4982E-09 6.4794E-09
1.4923E-10 1.8717E-10 2.2331E-10 2.6346E-10 3.0579E-10 3.5711E-10 4.1178E-10 4.7683E-10 5.4696E-10 6.3026E-10 7.1623E-10 8.1645E-10 9.2722E-10 1.0489E-09 1.1882E-09 1.3427E-09 1.5187E-09 1.7323E-09 1.9917E-09 2.2648E-09 2.5515E-09 2.8391E-09 3.1313E-09 3.4205E-09 3.7089E-09 3.9853E-09 4.2525E-09 4.5020E-09 4.7383E-09 4.9570E-09 5.1617E-09 5.3458E-09 5.5180E-09 5.6687E-09 5.8045E-09 5.9242E-09 6.0307E-09 6.1216E-09 6.2043E-09 6.2739E-09 6.3395E-09 6.3914E-09 6.4391E-09 6.4744E-09 6.5077E-09 6.5298E-09 6.5498E-09 6.5635E-09 6.5718E-09 6.5790E-09 6.5772E-09 6.5782E-09 6.5696E-09 6.5627E-09 6.5486E-09 6.5310E-09 6.5133E-09
1.4311E-10 1.7952E-10 2.1615E-10 2.5478E-10 2.9626E-10 3.4577E-10 3.9929E-10 4.6430E-10 5.3039E-10 6.1161E-10 6.9520E-10 7.9326E-10 9.0089E-10 1.0212E-09 1.1537E-09 1.3029E-09 1.4723E-09 1.6712E-09 1.9167E-09 2.1905E-09 2.4710E-09 2.7643E-09 3.0536E-09 3.3436E-09 3.6360E-09 3.9157E-09 4.1903E-09 4.4458E-09 4.6896E-09 4.9133E-09 5.1251E-09 5.3146E-09 5.4935E-09 5.6501E-09 5.7918E-09 5.9166E-09 6.0274E-09 6.1224E-09 6.2082E-09 6.2813E-09 6.3480E-09 6.4020E-09 6.4521E-09 6.4896E-09 6.5243E-09 6.5475E-09 6.5690E-09 6.5836E-09 6.5933E-09 6.6013E-09 6.6004E-09 6.6029E-09 6.5951E-09 6.5899E-09 6.5762E-09 6.5604E-09 6.5440E-09
1.3573E-10 1.7150E-10 2.0864E-10 2.4527E-10 2.8623E-10 3.3386E-10 3.8610E-10 4.4889E-10 5.1330E-10 5.9188E-10 6.7466E-10 7.6787E-10 8.7333E-10 9.8964E-10 1.1184E-09 1.2626E-09 1.4255E-09 1.6124E-09 1.8406E-09 2.1080E-09 2.3864E-09 2.6785E-09 2.9681E-09 3.2612E-09 3.5541E-09 3.8397E-09 4.1184E-09 4.3787E-09 4.6295E-09 4.8603E-09 5.0783E-09 5.2742E-09 5.4590E-09 5.6223E-09 5.7703E-09 5.9000E-09 6.0159E-09 6.1158E-09 6.2046E-09 6.2805E-09 6.3502E-09 6.4064E-09 6.4593E-09 6.4990E-09 6.5354E-09 6.5605E-09 6.5830E-09 6.5989E-09 6.6103E-09 6.6193E-09 6.6197E-09 6.6233E-09 6.6167E-09 6.6132E-09 6.6003E-09 6.5885E-09 6.5714E-09
1.2784E-10 1.6270E-10 2.0044E-10 2.3625E-10 2.7538E-10 3.2145E-10 3.7193E-10 4.3278E-10 4.9539E-10 5.7121E-10 6.5172E-10 7.4161E-10 8.4430E-10 9.5681E-10 1.0823E-09 1.2200E-09 1.3765E-09 1.5531E-09 1.7663E-09 2.0223E-09 2.3008E-09 2.5854E-09 2.8761E-09 3.1703E-09 3.4624E-09 3.7550E-09 4.0356E-09 4.3069E-09 4.5601E-09 4.7966E-09 5.0215E-09 5.2240E-09 5.4150E-09 5.5856E-09 5.7397E-09 5.8746E-09 5.9964E-09 6.1008E-09 6.1937E-09 6.2731E-09 6.3452E-09 6.4042E-09 6.4603E-09 6.5021E-09 6.5409E-09 6.5682E-09 6.5920E-09 6.6097E-09 6.6243E-09 6.6328E-09 6.6370E-09 6.6395E-09 6.6345E-09 6.6325E-09 6.6207E-09 6.6110E-09 6.5955E-09
1.2170E-10 1.5282E-10 1.9086E-10 2.2481E-10 2.6419E-10 3.0904E-10 3.5727E-10 4.1649E-10 4.7602E-10 5.5014E-10 6.2833E-10 7.1605E-10 8.1325E-10 9.2295E-10 1.0437E-09 1.1771E-09 1.3260E-09 1.4944E-09 1.6934E-09 1.9332E-09 2.2067E-09 2.4871E-09 2.7823E-09 3.0729E-09 3.3631E-09 3.6598E-09 3.9433E-09 4.2216E-09 4.4801E-09 4.7277E-09 4.9546E-09 5.1643E-09 5.3610E-09 5.5387E-09 5.6988E-09 5.8402E-09 5.9682E-09 6.0775E-09 6.1750E-09 6.2585E-09 6.3333E-09 6.3955E-09 6.4545E-09 6.4991E-09 6.5409E-09 6.5701E-09 6.5975E-09 6.6154E-09 6.6316E-09 6.6419E-09 6.6474E-09 6.6516E-09 6.6482E-09 6.6478E-09 6.6378E-09 6.6294E-09 6.6161E-09
1.1631E-10 1.4016E-10 1.8227E-10 2.1488E-10 2.5274E-10 2.9628E-10 3.4222E-10 3.9970E-10 4.5649E-10 5.2838E-10 6.0330E-10 6.8823E-10 7.8292E-10 8.8786E-10 1.0041E-09 1.1335E-09 1.2766E-09 1.4375E-09 1.6207E-09 1.8430E-09 2.1086E-09 2.3861E-09 2.6775E-09 2.9681E-09 3.2615E-09 3.5561E-09 3.8417E-09 4.1268E-09 4.3902E-09 4.6442E-09 4.8780E-09 5.0987E-09 5.2976E-09 5.4814E-09 5.6486E-09 5.7969E-09 5.9305E-09 6.0455E-09 6.1487E-09 6.2359E-09 6.3142E-09 6.3800E-09 6.4420E-09 6.4896E-09 6.5347E-09 6.5661E-09 6.5962E-09 6.6157E-09 6.6337E-09 6.6464E-09 6.6533E-09 6.6596E-09 6.6576E-09 6.6590E-09 6.6512E-09 6.6440E-09 6.6332E-09
1.1086E-10 1.2864E-10 1.7285E-10 2.0479E-10 2.4149E-10 2.8035E-10 3.2729E-10 3.7967E-10 4.3694E-10 5.0531E-10 5.7807E-10 6.6020E-10 7.5081E-10 8.5101E-10 9.6385E-10 1.0878E-09 1.2245E-09 1.3765E-09 1.5506E-09 1.7572E-09 2.0074E-09 2.2793E-09 2.5666E-09 2.8573E-09 3.1507E-09 3.4415E-09 3.7377E-09 4.0210E-09 4.2936E-09 4.5512E-09 4.7909E-09 5.0185E-09 5.2240E-09 5.4173E-09 5.5892E-09 5.7436E-09 5.8834E-09 6.0050E-09 6.1134E-09 6.2056E-09 6.2882E-09 6.3570E-09 6.4225E-09 6.4738E-09 6.5219E-09 6.5562E-09 6.5894E-09 6.6107E-09 6.6311E-09 6.6456E-09 6.6545E-09 6.6631E-09 6.6626E-09 6.6663E-09 6.6603E-09 6.6549E-09 6.6467E-09
1.0456E-10 1.2187E-10 1.6118E-10 1.9242E-10 2.3011E-10 2.6681E-10 3.1213E-10 3.6188E-10 4.1707E-10 4.8226E-10 5.5236E-10 6.3074E-10 7.1936E-10 8.1521E-10 9.2265E-10 1.0415E-09 1.1730E-09 1.3173E-09 1.4790E-09 1.6738E-09 1.9051E-09 2.1742E-09 2.4525E-09 2.7391E-09 3.0343E-09 3.3218E-09 3.6205E-09 3.9061E-09 4.1867E-09 4.4480E-09 4.6967E-09 4.9281E-09 5.1407E-09 5.3403E-09 5.5193E-09 5.6842E-09 5.8269E-09 5.9553E-09 6.0693E-09 6.1669E-09 6.2544E-09 6.3266E-09 6.3962E-09 6.4510E-09 6.5026E-09 6.5405E-09 6.5763E-09 6.6001E-09 6.6233E-09 6.6397E-09 6.6512E-09 6.6618E-09 6.6632E-09 6.6695E-09 6.6652E-09 6.6625E-09 6.6559E-09
8.8879E-11 1.1552E-10 1.4558E-10 1.8267E-10 2.1786E-10 2.5361E-10 2.9607E-10 3.4436E-10 3.9621E-10 4.5938E-10 5.2555E-10 6.0132E-10 6.8538E-10 7.7790E-10 8.8145E-10 9.9483E-10 1.1207E-09 1.2592E-09 1.4127E-09 1.5913E-09 1.8040E-09 2.0622E-09 2.3342E-09 2.6212E-09 2.9096E-09 3.2006E-09 3.4942E-09 3.7824E-09 4.0692E-09 4.3349E-09 4.5915E-09 4.8280E-09 5.0496E-09 5.2530E-09 5.4389E-09 5.6115E-09 5.7614E-09 5.8975E-09 6.0162E-09 6.1200E-09 6.2120E-09 6.2887E-09 6.3627E-09 6.4210E-09 6.4766E-09 6.5179E-09 6.5572E-09 6.5842E-09 6.6097E-09 6.6287E-09 6.6430E-09 6.6557E-09 6.6597E-09 6.6681E-09 6.6660E-09 6.6661E-09 6.6613E-09
7.3991E-11 1.0880E-10 1.3065E-10 1.7292E-10 2.0602E-10 2.3821E-10 2.8038E-10 3.2462E-10 3.7569E-10 4.3636E-10 4.9775E-10 5.7129E-10 6.5154E-10 7.4122E-10 8.3888E-10 9.4728E-10 1.0679E-09 1.2006E-09 1.3428E-09 1.5092E-09 1.7058E-09 1.9479E-09 2.2140E-09 2.4950E-09 2.7800E-09 3.0728E-09 3.3612E-09 3.6569E-09 3.9398E-09 4.2125E-09 4.4748E-09 4.7171E-09 4.9476E-09 5.1568E-09 5.3491E-09 5.5295E-09 5.6856E-09 5.8302E-09 5.9543E-09 6.0639E-09 6.1615E-09 6.2434E-09 6.3213E-09 6.3837E-09 6.4438E-09 6.4888E-09 6.5318E-09 6.5625E-09 6.5906E-09 6.6125E-09 6.6293E-09 6.6448E-09 6.6516E-09 6.6622E-09 6.6629E-09 6.6653E-09 6.6628E-09
4.8959E-11 1.0175E-10 1.1873E-10 1.6036E-10 1.9467E-10 2.2431E-10 2.6517E-10 3.0633E-10 3.5562E-10 4.1049E-10 4.7162E-10 5.4123E-10 6.1804E-10 7.0270E-10 7.9791E-10 9.0057E-10 1.0151E-09 1.1412E-09 1.2775E-09 1.4303E-09 1.6111E-09 1.8362E-09 2.0907E-09 2.3663E-09 2.6466E-09 2.9377E-09 3.2228E-09 3.5178E-09 3.8034E-09 4.0865E-09 4.3490E-09 4.5969E-09 4.8346E-09 5.0499E-09 5.2536E-09 5.4359E-09 5.5999E-09 5.7524E-09 5.8826E-09 6.0028E-09 6.1030E-09 6.1897E-09 6.2719E-09 6.3394E-09 6.4037E-09 6.4529E-09 6.5002E-09 6.5339E-09 6.5657E-09 6.5907E-09 6.6100E-09 6.6291E-09 6.6380E-09 6.6518E-09 6.6554E-09 6.6603E-09 6.6610E-09
2.8461E-11 8.2742E-11 1.1123E-10 1.4302E-10 1.8146E-10 2.1096E-10 2.5009E-10 2.8637E-10 3.3529E-10 3.8729E-10 4.4523E-10 5.1003E-10 5.8425E-10 6.6510E-10 7.5528E-10 8.5331E-10 9.6152E-10 1.0826E-09 1.2145E-09 1.3547E-09 1.5209E-09 1.7237E-09 1.9700E-09 2.2359E-09 2.5092E-09 2.7953E-09 3.0810E-09 3.3723E-09 3.6609E-09 3.9447E-09 4.2140E-09 4.4727E-09 4.7108E-09 4.9327E-09 5.1442E-09 5.3324E-09 5.5106E-09 5.6644E-09 5.8013E-09 5.9289E-09 6.0354E-09 6.1339E-09 6.2155E-09 6.2870E-09 6.3558E-09 6.4102E-09 6.4596E-09 6.4993E-09 6.5352E-09 6.5632E-09 6.5860E-09 6.6079E-09 6.6199E-09 6.6371E-09 6.6428E-09 6.6510E-09 6.6547E-09
6.5123E-12 5.3239E-11 1.0346E-10 1.2647E-10 1.6657E-10 1.9823E-10 2.3240E-10 2.6934E-10 3.1521E-10 3.6260E-10 4.1739E-10 4.8081E-10 5.5035E-10 6.2777E-10 7.1254E-10 8.0770E-10 9.1013E-10 1.0238E-09 1.1493E-09 1.2826E-09 1.4339E-09 1.6177E-09 1.8483E-09 2.1032E-09 2.3752E-09 2.6517E-09 2.9358E-09 3.2219E-09 3.5098E-09 3.7964E-09 4.0708E-09 4.3339E-09 4.5783E-09 4.8128E-09 5.0249E-09 5.2196E-09 5.4054E-09 5.5668E-09 5.7167E-09 5.8460E-09 5.9587E-09 6.0638E-09 6.1507E-09 6.2270E-09 6.3011E-09 6.3599E-09 6.4158E-09 6.4585E-09 6.4982E-09 6.5298E-09 6.5564E-09 6.5815E-09 6.5969E-09 6.6171E-09 6.6260E-09 6.6375E-09 6.6442E-09
1.4254E-12 3.3916E-11 8.6654E-11 1.1174E-10 1.5028E-10 1.8535E-10 2.1538E-10 2.5222E-10 2.9547E-10 3.4008E-10 3.9213E-10 4.5120E-10 5.1771E-10 5.9012E-10 6.7110E-10 7.6005E-10 8.5963E-10 9.6516E-10 1.0851E-09 1.2107E-09 1.3528E-09 1.5135E-09 1.7276E-09 1.9703E-09 2.2347E-09 2.5039E-09 2.7859E-09 3.0689E-09 3.3560E-09 3.6424E-09 3.9172E-09 4.1871E-09 4.4372E-09 4.6768E-09 4.8956E-09 5.1036E-09 5.2894E-09 5.4594E-09 5.6176E-09 5.7529E-09 5.8749E-09 5.9856E-09 6.0778E-09 6.1657E-09 6.2387E-09 6.3022E-09 6.3637E-09 6.4105E-09 6.4570E-09 6.4907E-09 6.5204E-09 6.5494E-09 6.5685E-09 6.5918E-09 6.6047E-09 6.6189E-09 6.6291E-09
0.0000E+00 1.1742E-11 6.0568E-11 1.0377E-10 1.3275E-10 1.7133E-10 2.0132E-10 2.3508E-10 2.7453E-10 3.1543E-10 3.6736E-10 4.2124E-10 4.8397E-10 5.5351E-10 6.2994E-10 7.1435E-10 8.0771E-10 9.0817E-10 1.0210E-09 1.1404E-09 1.2744E-09 1.4192E-09 1.6061E-09 1.8381E-09 2.0942E-09 2.3566E-09 2.6316E-09 2.9113E-09 3.1959E-09 3.4807E-09 3.7625E-09 4.0328E-09 4.2863E-09 4.5327E-09 4.7582E-09 4.9726E-09 5.1648E-09 5.3421E-09 5.5079E-09 5.6508E-09 5.7851E-09 5.8977E-09 5.9966E-09 6.0909E-09 6.1684E-09 6.2412E-09 6.3040E-09 6.3556E-09 6.4076E-09 6.4451E-09 6.4842E-09 6.5121E-09 6.5346E-09 6.5622E-09 6.5781E-09 6.5988E-09 6.6099E-09
0.0000E+00 4.9347E-13 3.3967E-11 8.6417E-11 1.1609E-10 1.5560E-10 1.8514E-10 2.1924E-10 2.5325E-10 2.9444E-10 3.4240E-10 3.9250E-10 4.5186E-10 5.1810E-10 5.8923E-10 6.6954E-10 7.5720E-10 8.5182E-10 9.5843E-10 1.0710E-09 1.1981E-09 1.3320E-09 1.4949E-09 1.7052E-09 1.9539E-09 2.2086E-09 2.4760E-09 2.7475E-09 3.0328E-09 3.3134E-09 3.5982E-09 3.8682E-09 4.1342E-09 4.3800E-09 4.6107E-09 4.8317E-09 5.0316E-09 5.2205E-09 5.3893E-09 5.5400E-09 5.6808E-09 5.8011E-09 5.9136E-09 6.0073E-09 6.0904E-09 6.1712E-09 6.2370E-09 6.2962E-09 6.3512E-09 6.3928E-09 6.4375E-09 6.4685E-09 6.5036E-09 6.5270E-09 6.5461E-09 6.5717E-09 6.5856E-09
0.0000E+00 0.0000E+00 1.0836E-11 5.0617E-11 1.0387E-10 1.3575E-10 1.7020E-10 2.0186E-10 2.3297E-10 2.7368E-10 3.1651E-10 3.6539E-10 4.2010E-10 4.8150E-10 5.5036E-10 6.2504E-10 7.0827E-10 7.9637E-10 8.9760E-10 1.0026E-09 1.1230E-09 1.2489E-09 1.3958E-09 1.5768E-09 1.8112E-09 2.0608E-09 2.3217E-09 2.5847E-09 2.8636E-09 3.1421E-09 3.4268E-09 3.6989E-09 3.9682E-09 4.2193E-09 4.4573E-09 4.6836E-09 4.8893E-09 5.0850E-09 5.2608E-09 5.4252E-09 5.5680E-09 5.6960E-09 5.8153E-09 5.9157E-09 6.0047E-09 6.0913E-09 6.1625E-09 6.2330E-09 6.2875E-09 6.3400E-09 6.3843E-09 6.4193E-09 6.4594E-09 6.4865E-09 6.5183E-09 6.5393E-09 6.5564E-09
0.0000E+00 0.0000E+00 0.0000E+00 2.1625E-11 8.4573E-11 1.1846E-10 1.5347E-10 1.8428E-10 2.1606E-10 2.5321E-10 2.9180E-10 3.3752E-10 3.8942E-10 4.4771E-10 5.1222E-10 5.8222E-10 6.5990E-10 7.4322E-10 8.3719E-10 9.3834E-10 1.0493E-09 1.1699E-09 1.3023E-09 1.4633E-09 1.6697E-09 1.9146E-09 2.1673E-09 2.4246E-09 2.6921E-09 2.9697E-09 3.2493E-09 3.5253E-09 3.7957E-09 4.0514E-09 4.2983E-09 4.5258E-09 4.7377E-09 4.9410E-09 5.1226E-09 5.2959E-09 5.4460E-09 5.5810E-09 5.7084E-09 5.8161E-09 5.9176E-09 6.0037E-09 6.0805E-09 6.1572E-09 6.2176E-09 6.2783E-09 6.3242E-09 6.3727E-09 6.4087E-09 6.4404E-09 6.4769E-09 6.5016E-09 6.5320E-09
