Assets/Resources/2015_m01_d15_1000(utc+0800)_l00_csi_1hr_conc.grd
DSAA
         159         159
     -79.000      79.000
     -79.000      79.000
  0.0000E+00  0.7543E-06
[rows 0 to 24 of 159, columns 0 to 56 of 159]
3.2515E-10 3.3572E-10 3.4640E-10 3.5745E-10 3.6790E-10 3.7926E-10 3.9085E-10 4.0197E-10 4.1397E-10 4.2610E-10 4.3784E-10 4.4964E-10 4.6310E-10 4.7460E-10 4.8699E-10 5.0108E-10 5.1318E-10 5.2548E-10 5.4020E-10 5.5371E-10 5.6669E-10 5.8208E-10 5.9635E-10 6.1005E-10 6.2395E-10 6.4139E-10 6.5584E-10 6.7055E-10 6.8810E-10 7.0413E-10 7.1965E-10 7.3538E-10 7.5494E-10 7.7129E-10 7.8782E-10 8.0454E-10 8.2451E-10 8.4181E-10 8.6031E-10 8.7910E-10 8.9811E-10 9.1638E-10 9.3587E-10 9.5552E-10 9.7552E-10 9.9463E-10 1.0150E-09 1.0345E-09 1.0552E-09 1.0762E-09 1.0973E-09 1.1175E-09 1.1390E-09 1.1629E-09 1.1836E-09 1.2045E-09 1.2266E-09
3.2808E-10 3.3797E-10 3.4956E-10 3.6071E-10 3.7128E-10 3.8345E-10 3.9448E-10 4.0570E-10 4.1843E-10 4.3010E-10 4.4112E-10 4.5448E-10 4.6666E-10 4.7827E-10 4.9227E-10 5.0507E-10 5.1733E-10 5.3199E-10 5.4545E-10 5.5841E-10 5.7153E-10 5.8799E-10 6.0169E-10 6.1556E-10 6.3296E-10 6.4742E-10 6.6212E-10 6.7797E-10 6.9569E-10 7.1123E-10 7.2700E-10 7.4563E-10 7.6294E-10 7.7954E-10 7.9631E-10 8.1631E-10 8.3371E-10 8.5227E-10 8.7116E-10 8.9028E-10 9.0865E-10 9.2829E-10 9.4709E-10 9.6821E-10 9.8751E-10 1.0080E-09 1.0277E-09 1.0487E-09 1.0698E-09 1.0912E-09 1.1117E-09 1.1334E-09 1.1576E-09 1.1786E-09 1.1999E-09 1.2223E-09 1.2495E-09
3.3094E-10 3.4161E-10 3.5264E-10 3.6309E-10 3.7445E-10 3.8688E-10 3.9719E-10 4.0922E-10 4.2139E-10 4.3317E-10 4.4573E-10 4.5854E-10 4.7010E-10 4.8330E-10 4.9676E-10 5.0897E-10 5.2283E-10 5.3697E-10 5.4989E-10 5.6299E-10 5.7935E-10 5.9304E-10 6.0689E-10 6.2257E-10 6.3868E-10 6.5336E-10 6.6831E-10 6.8690E-10 7.0243E-10 7.1822E-10 7.3513E-10 7.5416E-10 7.7081E-10 7.8764E-10 8.0764E-10 8.2511E-10 8.4275E-10 8.6172E-10 8.8190E-10 9.0036E-10 9.2011E-10 9.3905E-10 9.5924E-10 9.7974E-10 1.0004E-09 1.0203E-09 1.0414E-09 1.0617E-09 1.0844E-09 1.1051E-09 1.1271E-09 1.1493E-09 1.1728E-09 1.1943E-09 1.2171E-09 1.2423E-09 1.2669E-09
3.3295E-10 3.4451E-10 3.5564E-10 3.6621E-10 3.7838E-10 3.8941E-10 4.0064E-10 4.1339E-10 4.2509E-10 4.3685E-10 4.4955E-10 4.6177E-10 4.7417E-10 4.8753E-10 5.0041E-10 5.1277E-10 5.2753E-10 5.4115E-10 5.5421E-10 5.6972E-10 5.8413E-10 5.9795E-10 6.1205E-10 6.2964E-10 6.4428E-10 6.5923E-10 6.7777E-10 6.9328E-10 7.0908E-10 7.2507E-10 7.4498E-10 7.6166E-10 7.7853E-10 7.9662E-10 8.1604E-10 8.3375E-10 8.5275E-10 8.7300E-10 8.9153E-10 9.1036E-10 9.3042E-10 9.5071E-10 9.7134E-10 9.9214E-10 1.0122E-09 1.0335E-09 1.0539E-09 1.0768E-09 1.0977E-09 1.1199E-09 1.1413E-09 1.1662E-09 1.1880E-09 1.2110E-09 1.2343E-09 1.2614E-09 1.2840E-09
3.3634E-10 3.4735E-10 3.5777E-10 3.6912E-10 3.8153E-10 3.9184E-10 4.0458E-10 4.1606E-10 4.2786E-10 4.4044E-10 4.5329E-10 4.6490E-10 4.7815E-10 4.9168E-10 5.0398E-10 5.1792E-10 5.3218E-10 5.4520E-10 5.5840E-10 5.7496E-10 5.8876E-10 6.0279E-10 6.2031E-10 6.3492E-10 6.4983E-10 6.6495E-10 6.8380E-10 6.9958E-10 7.1557E-10 7.3542E-10 7.5211E-10 7.6900E-10 7.8613E-10 8.0652E-10 8.2427E-10 8.4329E-10 8.6261E-10 8.8218E-10 9.0107E-10 9.2122E-10 9.4158E-10 9.6232E-10 9.8221E-10 1.0034E-09 1.0238E-09 1.0455E-09 1.0685E-09 1.0896E-09 1.1120E-09 1.1336E-09 1.1587E-09 1.1807E-09 1.2041E-09 1.2264E-09 1.2550E-09 1.2780E-09 1.3010E-09
3.3899E-10 3.4930E-10 3.6062E-10 3.7277E-10 3.8379E-10 3.9500E-10 4.0776E-10 4.1946E-10 4.3123E-10 4.4395E-10 4.5620E-10 4.6864E-10 4.8205E-10 4.9501E-10 5.0741E-10 5.2228E-10 5.3599E-10 5.4913E-10 5.6557E-10 5.7932E-10 5.9329E-10 6.0753E-10 6.2528E-10 6.4013E-10 6.5523E-10 6.7399E-10 6.8974E-10 7.0572E-10 7.2286E-10 7.4217E-10 7.5907E-10 7.7620E-10 7.9655E-10 8.1434E-10 8.3237E-10 8.5173E-10 8.7233E-10 8.9126E-10 9.1148E-10 9.3090E-10 9.5272E-10 9.7272E-10 9.9401E-10 1.0145E-09 1.0363E-09 1.0595E-09 1.0808E-09 1.1022E-09 1.1251E-09 1.1504E-09 1.1727E-09 1.1952E-09 1.2189E-09 1.2477E-09 1.2710E-09 1.2943E-09 1.3179E-09
3.4158E-10 3.5196E-10 3.6327E-10 3.7565E-10 3.8594E-10 3.9866E-10 4.1012E-10 4.2192E-10 4.3451E-10 4.4737E-10 4.5901E-10 4.7229E-10 4.8587E-10 4.9821E-10 5.1221E-10 5.2658E-10 5.3966E-10 5.5298E-10 5.6965E-10 5.8355E-10 5.9774E-10 6.1538E-10 6.3016E-10 6.4522E-10 6.6218E-10 6.7957E-10 6.9554E-10 7.1171E-10 7.3186E-10 7.4876E-10 7.6588E-10 7.8427E-10 8.0398E-10 8.2200E-10 8.4137E-10 8.6199E-10 8.8094E-10 9.0120E-10 9.2069E-10 9.4150E-10 9.6263E-10 9.8399E-10 1.0046E-09 1.0265E-09 1.0487E-09 1.0713E-09 1.0929E-09 1.1159E-09 1.1414E-09 1.1638E-09 1.1865E-09 1.2105E-09 1.2395E-09 1.2630E-09 1.2867E-09 1.3106E-09 1.3408E-09
3.4328E-10 3.5455E-10 3.6584E-10 3.7763E-10 3.8882E-10 4.0155E-10 4.1323E-10 4.2499E-10 4.3771E-10 4.4998E-10 4.6242E-10 4.7586E-10 4.8885E-10 5.0129E-10 5.1699E-10 5.3000E-10 5.4323E-10 5.5977E-10 5.7360E-10 5.8771E-10 6.0358E-10 6.1993E-10 6.3494E-10 6.5016E-10 6.6912E-10 6.8504E-10 7.0117E-10 7.2028E-10 7.3808E-10 7.5518E-10 7.7258E-10 7.9320E-10 8.1122E-10 8.3057E-10 8.5020E-10 8.7013E-10 8.8941E-10 9.0996E-10 9.3078E-10 9.5197E-10 9.7339E-10 9.9411E-10 1.0161E-09 1.0373E-09 1.0610E-09 1.0828E-09 1.1059E-09 1.1293E-09 1.1542E-09 1.1771E-09 1.2013E-09 1.2304E-09 1.2542E-09 1.2782E-09 1.3023E-09 1.3327E-09 1.3600E-09
3.4569E-10 3.5694E-10 3.6845E-10 3.7951E-10 3.9219E-10 4.0362E-10 4.1540E-10 4.2796E-10 4.4082E-10 4.5246E-10 4.6574E-10 4.7935E-10 4.9170E-10 5.0651E-10 5.2017E-10 5.3330E-10 5.4821E-10 5.6345E-10 5.7746E-10 5.9172E-10 6.0947E-10 6.2440E-10 6.3956E-10 6.5838E-10 6.7424E-10 6.9033E-10 7.0668E-10 7.2706E-10 7.4413E-10 7.6147E-10 7.8202E-10 8.0003E-10 8.1835E-10 8.3797E-10 8.5887E-10 8.7816E-10 8.9871E-10 9.1853E-10 9.4077E-10 9.6120E-10 9.8300E-10 1.0040E-09 1.0263E-09 1.0501E-09 1.0720E-09 1.0952E-09 1.1177E-09 1.1438E-09 1.1668E-09 1.1912E-09 1.2182E-09 1.2445E-09 1.2687E-09 1.2931E-09 1.3238E-09 1.3513E-09 1.3767E-09
3.4802E-10 3.5925E-10 3.7098E-10 3.8129E-10 3.9479E-10 4.0643E-10 4.1815E-10 4.3085E-10 4.4310E-10 4.5553E-10 4.6973E-10 4.8198E-10 4.9445E-10 5.1018E-10 5.2322E-10 5.3652E-10 5.5311E-10 5.6701E-10 5.8120E-10 5.9880E-10 6.1363E-10 6.2871E-10 6.4403E-10 6.6316E-10 6.7920E-10 6.9547E-10 7.1572E-10 7.3274E-10 7.5002E-10 7.6859E-10 7.8846E-10 8.0673E-10 8.2632E-10 8.4717E-10 8.6643E-10 8.8699E-10 9.0680E-10 9.2799E-10 9.4950E-10 9.7131E-10 9.9239E-10 1.0148E-09 1.0375E-09 1.0606E-09 1.0828E-09 1.1064E-09 1.1326E-09 1.1558E-09 1.1804E-09 1.2040E-09 1.2340E-09 1.2584E-09 1.2830E-09 1.3115E-09 1.3416E-09 1.3673E-09 1.3932E-09
3.5015E-10 3.6159E-10 3.7258E-10 3.8450E-10 3.9658E-10 4.0830E-10 4.2083E-10 4.3366E-10 4.4526E-10 4.5854E-10 4.7214E-10 4.8449E-10 4.9932E-10 5.1298E-10 5.2617E-10 5.4111E-10 5.5639E-10 5.7048E-10 5.8478E-10 6.0264E-10 6.1764E-10 6.3286E-10 6.5183E-10 6.6779E-10 6.8399E-10 7.0143E-10 7.2104E-10 7.3824E-10 7.5579E-10 7.7652E-10 7.9472E-10 8.1426E-10 8.3408E-10 8.5427E-10 8.7380E-10 8.9461E-10 9.1577E-10 9.3729E-10 9.5908E-10 9.8020E-10 1.0026E-09 1.0243E-09 1.0485E-09 1.0708E-09 1.0945E-09 1.1208E-09 1.1440E-09 1.1676E-09 1.1926E-09 1.2226E-09 1.2472E-09 1.2720E-09 1.2971E-09 1.3286E-09 1.3569E-09 1.3830E-09 1.4119E-09
3.5220E-10 3.6385E-10 3.7409E-10 3.8680E-10 3.9909E-10 4.1006E-10 4.2342E-10 4.3562E-10 4.4803E-10 4.6146E-10 4.7443E-10 4.8691E-10 5.0262E-10 5.1569E-10 5.2901E-10 5.4561E-10 5.5958E-10 5.7378E-10 5.9145E-10 6.0635E-10 6.2148E-10 6.3689E-10 6.5613E-10 6.7224E-10 6.8865E-10 7.0903E-10 7.2616E-10 7.4362E-10 7.6329E-10 7.8236E-10 8.0085E-10 8.2061E-10 8.4170E-10 8.6120E-10 8.8197E-10 9.0207E-10 9.2457E-10 9.4531E-10 9.6747E-10 9.8885E-10 1.0116E-09 1.0358E-09 1.0582E-09 1.0819E-09 1.1049E-09 1.1316E-09 1.1553E-09 1.1803E-09 1.2104E-09 1.2351E-09 1.2601E-09 1.2854E-09 1.3170E-09 1.3455E-09 1.3719E-09 1.3986E-09 1.4305E-09
3.5347E-10 3.6519E-10 3.7702E-10 3.8902E-10 4.0067E-10 4.1314E-10 4.2591E-10 4.3747E-10 4.5072E-10 4.6427E-10 4.7662E-10 4.9141E-10 5.0507E-10 5.1828E-10 5.3320E-10 5.4853E-10 5.6262E-10 5.7694E-10 5.9487E-10 6.0990E-10 6.2519E-10 6.4424E-10 6.6025E-10 6.7655E-10 6.9410E-10 7.1380E-10 7.3115E-10 7.4881E-10 7.6968E-10 7.8808E-10 8.0776E-10 8.2775E-10 8.4818E-10 8.6789E-10 8.8895E-10 9.1035E-10 9.3211E-10 9.5422E-10 9.7561E-10 9.9834E-10 1.0215E-09 1.0449E-09 1.0676E-09 1.0917E-09 1.1184E-09 1.1422E-09 1.1673E-09 1.1928E-09 1.2223E-09 1.2474E-09 1.2728E-09 1.3046E-09 1.3333E-09 1.3598E-09 1.3867E-09 1.4188E-09 1.4510E-09
3.5627E-10 3.6643E-10 3.7904E-10 3.9041E-10 4.0215E-10 4.1543E-10 4.2757E-10 4.3922E-10 4.5330E-10 4.6624E-10 4.7868E-10 4.9436E-10 5.0743E-10 5.2072E-10 5.3734E-10 5.5131E-10 5.6550E-10 5.8322E-10 5.9813E-10 6.1329E-10 6.3046E-10 6.4804E-10 6.6421E-10 6.8072E-10 7.0117E-10 7.1840E-10 7.3597E-10 7.5574E-10 7.7497E-10 7.9358E-10 8.1348E-10 8.3478E-10 8.5443E-10 8.7540E-10 8.9674E-10 9.1844E-10 9.4049E-10 9.6185E-10 9.8348E-10 1.0066E-09 1.0311E-09 1.0538E-09 1.0779E-09 1.1046E-09 1.1284E-09 1.1525E-09 1.1780E-09 1.2087E-09 1.2339E-09 1.2594E-09 1.2865E-09 1.3201E-09 1.3468E-09 1.3739E-09 1.4062E-09 1.4385E-09 1.4668E-09
3.5736E-10 3.6756E-10 3.8098E-10 3.9255E-10 4.0422E-10 4.1762E-10 4.2912E-10 4.4229E-10 4.5579E-10 4.6810E-10 4.8209E-10 4.9648E-10 5.0964E-10 5.2454E-10 5.3986E-10 5.5392E-10 5.6827E-10 5.8619E-10 6.0122E-10 6.1656E-10 6.3563E-10 6.5167E-10 6.6804E-10 6.8737E-10 7.0539E-10 7.2285E-10 7.4058E-10 7.6157E-10 7.8008E-10 7.9987E-10 8.2102E-10 8.4059E-10 8.6146E-10 8.8171E-10 9.0329E-10 9.2527E-10 9.4762E-10 9.6922E-10 9.9226E-10 1.0167E-09 1.0394E-09 1.0635E-09 1.0869E-09 1.1140E-09 1.1381E-09 1.1637E-09 1.1943E-09 1.2197E-09 1.2453E-09 1.2712E-09 1.3036E-09 1.3329E-09 1.3602E-09 1.3926E-09 1.4231E-09 1.4536E-09 1.4823E-09
3.5834E-10 3.7084E-10 3.8211E-10 3.9375E-10 4.0620E-10 4.1899E-10 4.3056E-10 4.4455E-10 4.5744E-10 4.6981E-10 4.8470E-10 4.9846E-10 5.1171E-10 5.2830E-10 5.4223E-10 5.5642E-10 5.7412E-10 5.8899E-10 6.0418E-10 6.2045E-10 6.3893E-10 6.5516E-10 6.7168E-10 6.9216E-10 7.0948E-10 7.2709E-10 7.4692E-10 7.6628E-10 7.8496E-10 8.0596E-10 8.2640E-10 8.4616E-10 8.6731E-10 8.8879E-10 9.1066E-10 9.3293E-10 9.5449E-10 9.7744E-10 9.9970E-10 1.0245E-09 1.0475E-09 1.0719E-09 1.0990E-09 1.1231E-09 1.1487E-09 1.1746E-09 1.2046E-09 1.2303E-09 1.2563E-09 1.2887E-09 1.3181E-09 1.3455E-09 1.3731E-09 1.4061E-09 1.4393E-09 1.4683E-09 1.5000E-09
3.5922E-10 3.7250E-10 3.8397E-10 3.9553E-10 4.0809E-10 4.2024E-10 4.3258E-10 4.4673E-10 4.5895E-10 4.7288E-10 4.8721E-10 5.0030E-10 5.1368E-10 5.3042E-10 5.4445E-10 5.5878E-10 5.7664E-10 5.9166E-10 6.0699E-10 6.2603E-10 6.4209E-10 6.5847E-10 6.7781E-10 6.9588E-10 7.1336E-10 7.3112E-10 7.5220E-10 7.7076E-10 7.9062E-10 8.1189E-10 8.3154E-10 8.5255E-10 8.7292E-10 8.9567E-10 9.1679E-10 9.3930E-10 9.6110E-10 9.8436E-10 1.0090E-09 1.0320E-09 1.0564E-09 1.0811E-09 1.1075E-09 1.1319E-09 1.1578E-09 1.1889E-09 1.2147E-09 1.2407E-09 1.2683E-09 1.3025E-09 1.3299E-09 1.3577E-09 1.3908E-09 1.4240E-09 1.4532E-09 1.4826E-09 1.5171E-09
3.6152E-10 3.7337E-10 3.8489E-10 3.9722E-10 4.0990E-10 4.2137E-10 4.3454E-10 4.4805E-10 4.6034E-10 4.7515E-10 4.8882E-10 5.0203E-10 5.1853E-10 5.3238E-10 5.4655E-10 5.6252E-10 5.7902E-10 5.9418E-10 6.0961E-10 6.2886E-10 6.4509E-10 6.6159E-10 6.8209E-10 6.9941E-10 7.1703E-10 7.3692E-10 7.5630E-10 7.7501E-10 7.9611E-10 8.1660E-10 8.3645E-10 8.5770E-10 8.7928E-10 9.0131E-10 9.2370E-10 9.4539E-10 9.6855E-10 9.9207E-10 1.0160E-09 1.0392E-09 1.0639E-09 1.0912E-09 1.1157E-09 1.1415E-09 1.1725E-09 1.1983E-09 1.2243E-09 1.2508E-09 1.2837E-09 1.3136E-09 1.3415E-09 1.3745E-09 1.4078E-09 1.4371E-09 1.4667E-09 1.4992E-09 1.5366E-09
3.6292E-10 3.7412E-10 3.8569E-10 3.9883E-10 4.1085E-10 4.2238E-10 4.3638E-10 4.4924E-10 4.6163E-10 4.7730E-10 4.9032E-10 5.0362E-10 5.2025E-10 5.3424E-10 5.4849E-10 5.6627E-10 5.8126E-10 5.9652E-10 6.1550E-10 6.3155E-10 6.4789E-10 6.6545E-10 6.8527E-10 7.0273E-10 7.2051E-10 7.4160E-10 7.6016E-10 7.8008E-10 8.0138E-10 8.2107E-10 8.4217E-10 8.6259E-10 8.8546E-10 9.0669E-10 9.2930E-10 9.5126E-10 9.7466E-10 9.9952E-10 1.0227E-09 1.0472E-09 1.0722E-09 1.0989E-09 1.1247E-09 1.1498E-09 1.1812E-09 1.2073E-09 1.2337E-09 1.2665E-09 1.2964E-09 1.3243E-09 1.3526E-09 1.3862E-09 1.4201E-09 1.4498E-09 1.4824E-09 1.5198E-09 1.5510E-09
3.6423E-10 3.7561E-10 3.8711E-10 4.0034E-10 4.1169E-10 4.2474E-10 4.3812E-10 4.5033E-10 4.6426E-10 4.7857E-10 4.9169E-10 5.0657E-10 5.2185E-10 5.3593E-10 5.5103E-10 5.6823E-10 5.8332E-10 5.9868E-10 6.1788E-10 6.3404E-10 6.5049E-10 6.7096E-10 6.8825E-10 7.0584E-10 7.2573E-10 7.4508E-10 7.6382E-10 7.8492E-10 8.0543E-10 8.2534E-10 8.4662E-10 8.6826E-10 8.9037E-10 9.1284E-10 9.3466E-10 9.5792E-10 9.8262E-10 1.0057E-09 1.0290E-09 1.0539E-09 1.0815E-09 1.1061E-09 1.1323E-09 1.1635E-09 1.1896E-09 1.2160E-09 1.2440E-09 1.2761E-09 1.3064E-09 1.3347E-09 1.3683E-09 1.4021E-09 1.4320E-09 1.4621E-09 1.5001E-09 1.5334E-09 1.5651E-09
3.6473E-10 3.7616E-10 3.8843E-10 4.0102E-10 4.1243E-10 4.2627E-10 4.3902E-10 4.5129E-10 4.6605E-10 4.7973E-10 4.9291E-10 5.0942E-10 5.2331E-10 5.3745E-10 5.5513E-10 5.7003E-10 5.8520E-10 6.0410E-10 6.2008E-10 6.3633E-10 6.5386E-10 6.7360E-10 6.9100E-10 7.0877E-10 7.2980E-10 7.4835E-10 7.6826E-10 7.8953E-10 8.0926E-10 8.3035E-10 8.5079E-10 8.7373E-10 8.9499E-10 9.1769E-10 9.3973E-10 9.6320E-10 9.8822E-10 1.0115E-09 1.0362E-09 1.0636E-09 1.0882E-09 1.1142E-09 1.1395E-09 1.1712E-09 1.1976E-09 1.2243E-09 1.2575E-09 1.2878E-09 1.3161E-09 1.3447E-09 1.3814E-09 1.4132E-09 1.4434E-09 1.4767E-09 1.5147E-09 1.5465E-09 1.5787E-09
3.6512E-10 3.7660E-10 3.8964E-10 4.0159E-10 4.1376E-10 4.2771E-10 4.3979E-10 4.5210E-10 4.6775E-10 4.8074E-10 4.9398E-10 5.1065E-10 5.2459E-10 5.3883E-10 5.5667E-10 5.7164E-10 5.8692E-10 6.0601E-10 6.2207E-10 6.3846E-10 6.5789E-10 6.7602E-10 6.9358E-10 7.1340E-10 7.3268E-10 7.5140E-10 7.7245E-10 7.9294E-10 8.1284E-10 8.3410E-10 8.5578E-10 8.7790E-10 9.0039E-10 9.2227E-10 9.4557E-10 9.7038E-10 9.9350E-10 1.0181E-09 1.0420E-09 1.0697E-09 1.0945E-09 1.1209E-09 1.1523E-09 1.1786E-09 1.2053E-09 1.2335E-09 1.2684E-09 1.2967E-09 1.3253E-09 1.3594E-09 1.3936E-09 1.4239E-09 1.4571E-09 1.4951E-09 1.5270E-09 1.5593E-09 1.5964E-09
3.6626E-10 3.7764E-10 3.9077E-10 4.0204E-10 4.1498E-10 4.2830E-10 4.4042E-10 4.5504E-10 4.6856E-10 4.8160E-10 4.9796E-10 5.1171E-10 5.2573E-10 5.4161E-10 5.5803E-10 5.7309E-10 5.8927E-10 6.0771E-10 6.2388E-10 6.4039E-10 6.6092E-10 6.7826E-10 6.9593E-10 7.1686E-10 7.3537E-10 7.5521E-10 7.7642E-10 7.9612E-10 8.1716E-10 8.3761E-10 8.5947E-10 8.8176E-10 9.0450E-10 9.2655E-10 9.5006E-10 9.7514E-10 9.9845E-10 1.0233E-09 1.0508E-09 1.0754E-09 1.1017E-09 1.1283E-09 1.1590E-09 1.1856E-09 1.2126E-09 1.2460E-09 1.2766E-09 1.3052E-09 1.3391E-09 1.3732E-09 1.4035E-09 1.4342E-09 1.4700E-09 1.5065E-09 1.5388E-09 1.5716E-09 1.6141E-09
3.6645E-10 3.7859E-10 3.9107E-10 4.0236E-10 4.1612E-10 4.2877E-10 4.4093E-10 4.5639E-10 4.6922E-10 4.8233E-10 4.9881E-10 5.1261E-10 5.2672E-10 5.4438E-10 5.5921E-10 5.7438E-10 5.9329E-10 6.0923E-10 6.2551E-10 6.4480E-10 6.6282E-10 6.8028E-10 6.9901E-10 7.1919E-10 7.3781E-10 7.5778E-10 7.7920E-10 7.9902E-10 8.2024E-10 8.4187E-10 8.6394E-10 8.8644E-10 9.0830E-10 9.3159E-10 9.5643E-10 9.7957E-10 1.0031E-09 1.0282E-09 1.0560E-09 1.0809E-09 1.1073E-09 1.1389E-09 1.1654E-09 1.1923E-09 1.2207E-09 1.2559E-09 1.2844E-09 1.3132E-09 1.3477E-09 1.3823E-09 1.4129E-09 1.4466E-09 1.4850E-09 1.5174E-09 1.5502E-09 1.5879E-09 1.6272E-09
3.6653E-10 3.7944E-10 3.9125E-10 4.0330E-10 4.1714E-10 4.2909E-10 4.4279E-10 4.5686E-10 4.6975E-10 4.8292E-10 4.9949E-10 5.1337E-10 5.2754E-10 5.4531E-10 5.6024E-10 5.7548E-10 5.9452E-10 6.1057E-10 6.2694E-10 6.4730E-10 6.6453E-10 6.8207E-10 7.0287E-10 7.2127E-10 7.4098E-10 7.6113E-10 7.8171E-10 8.0165E-10 8.2305E-10 8.4484E-10 8.6709E-10 8.8977E-10 9.1178E-10 9.3531E-10 9.6036E-10 9.8366E-10 1.0085E-09 1.0361E-09 1.0608E-09 1.0871E-09 1.1138E-09 1.1447E-09 1.1714E-09 1.1985E-09 1.2321E-09 1.2629E-09 1.2917E-09 1.3259E-09 1.3603E-09 1.3909E-09 1.4219E-09 1.4582E-09 1.4951E-09 1.5279E-09 1.5655E-09 1.6046E-09 1.6458E-09
