Assets/Resources/2015_m01_d13_0500(utc+0800)_l00_csi_1hr_conc.grd
DSAA
         159         159
     -79.000      79.000
     -79.000      79.000
  0.0000E+00  0.1523E-04
[rows 50 to 74 of 159, columns 0 to 56 of 159]
2.2917E-09 2.3972E-09 2.5031E-09 2.6058E-09 2.7055E-09 2.8027E-09 2.8986E-09 2.9887E-09 3.0730E-09 3.1525E-09 3.2270E-09 3.2953E-09 3.3548E-09 3.4046E-09 3.4451E-09 3.4770E-09 3.4998E-09 3.5123E-09 3.5126E-09 3.5005E-09 3.4767E-09 3.4427E-09 3.3995E-09 3.3447E-09 3.2778E-09 3.2005E-09 3.1135E-09 3.0178E-09 2.9157E-09 2.8082E-09 2.6924E-09 2.5695E-09 2.4422E-09 2.3108E-09 2.1775E-09 2.0422E-09 1.9068E-09 1.7722E-09 1.6397E-09 1.5107E-09 1.3856E-09 1.2623E-09 1.1437E-09 1.0326E-09 9.2514E-10 8.2177E-10 7.2795E-10 6.3818E-10 5.5583E-10 4.7883E-10 4.0935E-10 3.4308E-10 2.8986E-10 2.3566E-10 1.7631E-10 1.3097E-10 9.9827E-11
2.5023E-09 2.6206E-09 2.7368E-09 2.8503E-09 2.9616E-09 3.0725E-09 3.1783E-09 3.2780E-09 3.3723E-09 3.4627E-09 3.5479E-09 3.6240E-09 3.6908E-09 3.7487E-09 3.7982E-09 3.8380E-09 3.8666E-09 3.8823E-09 3.8857E-09 3.8772E-09 3.8585E-09 3.8262E-09 3.7793E-09 3.7199E-09 3.6487E-09 3.5678E-09 3.4781E-09 3.3772E-09 3.2652E-09 3.1444E-09 3.0160E-09 2.8814E-09 2.7423E-09 2.6002E-09 2.4557E-09 2.3079E-09 2.1585E-09 2.0092E-09 1.8621E-09 1.7184E-09 1.5787E-09 1.4424E-09 1.3083E-09 1.1817E-09 1.0625E-09 9.4391E-10 8.3118E-10 7.3092E-10 6.4134E-10 5.5200E-10 4.7319E-10 3.9749E-10 3.3295E-10 2.7489E-10 2.1512E-10 1.5988E-10 1.1865E-10
2.7228E-09 2.8525E-09 2.9799E-09 3.1054E-09 3.2312E-09 3.3534E-09 3.4695E-09 3.5808E-09 3.6880E-09 3.7899E-09 3.8835E-09 3.9685E-09 4.0449E-09 4.1130E-09 4.1718E-09 4.2181E-09 4.2518E-09 4.2730E-09 4.2836E-09 4.2819E-09 4.2634E-09 4.2297E-09 4.1815E-09 4.1222E-09 4.0516E-09 3.9664E-09 3.8673E-09 3.7568E-09 3.6362E-09 3.5079E-09 3.3725E-09 3.2277E-09 3.0751E-09 2.9174E-09 2.7556E-09 2.5914E-09 2.4261E-09 2.2609E-09 2.0984E-09 1.9396E-09 1.7846E-09 1.6329E-09 1.4838E-09 1.3392E-09 1.2048E-09 1.0776E-09 9.5450E-10 8.4031E-10 7.3750E-10 6.3770E-10 5.4431E-10 4.5887E-10 3.8456E-10 3.1871E-10 2.5323E-10 1.9118E-10 1.4261E-10
2.9506E-09 3.0916E-09 3.2314E-09 3.3716E-09 3.5103E-09 3.6434E-09 3.7719E-09 3.8972E-09 4.0178E-09 4.1297E-09 4.2331E-09 4.3289E-09 4.4171E-09 4.4955E-09 4.5614E-09 4.6150E-09 4.6566E-09 4.6883E-09 4.7050E-09 4.7046E-09 4.6883E-09 4.6572E-09 4.6136E-09 4.5534E-09 4.4762E-09 4.3850E-09 4.2814E-09 4.1676E-09 4.0411E-09 3.9019E-09 3.7522E-09 3.5937E-09 3.4284E-09 3.2585E-09 3.0852E-09 2.9080E-09 2.7277E-09 2.5462E-09 2.3674E-09 2.1914E-09 2.0188E-09 1.8501E-09 1.6862E-09 1.5256E-09 1.3731E-09 1.2304E-09 1.0948E-09 9.6094E-10 8.3978E-10 7.3027E-10 6.2843E-10 5.3159E-10 4.4304E-10 3.6802E-10 2.9692E-10 2.2632E-10 1.6806E-10
3.1832E-09 3.3371E-09 3.4916E-09 3.6460E-09 3.7961E-09 3.9419E-09 4.0853E-09 4.2250E-09 4.3571E-09 4.4808E-09 4.5965E-09 4.7052E-09 4.8046E-09 4.8913E-09 4.9658E-09 5.0300E-09 5.0836E-09 5.1212E-09 5.1422E-09 5.1472E-09 5.1378E-09 5.1116E-09 5.0662E-09 5.0026E-09 4.9250E-09 4.8338E-09 4.7265E-09 4.6034E-09 4.4665E-09 4.3179E-09 4.1601E-09 3.9939E-09 3.8172E-09 3.6317E-09 3.4405E-09 3.2452E-09 3.0473E-09 2.8490E-09 2.6536E-09 2.4613E-09 2.2721E-09 2.0859E-09 1.9044E-09 1.7275E-09 1.5538E-09 1.3934E-09 1.2394E-09 1.0954E-09 9.5898E-10 8.3712E-10 7.2210E-10 6.1324E-10 5.1302E-10 4.2312E-10 3.4387E-10 2.6855E-10 1.9764E-10
3.4203E-09 3.5881E-09 3.7582E-09 3.9248E-09 4.0881E-09 4.2486E-09 4.4078E-09 4.5598E-09 4.7045E-09 4.8418E-09 4.9725E-09 5.0938E-09 5.2023E-09 5.2994E-09 5.3859E-09 5.4631E-09 5.5236E-09 5.5681E-09 5.5977E-09 5.6123E-09 5.6072E-09 5.5818E-09 5.5377E-09 5.4785E-09 5.4015E-09 5.3044E-09 5.1909E-09 5.0624E-09 4.9236E-09 4.7702E-09 4.6013E-09 4.4204E-09 4.2295E-09 4.0311E-09 3.8274E-09 3.6195E-09 3.4067E-09 3.1916E-09 2.9770E-09 2.7641E-09 2.5531E-09 2.3460E-09 2.1448E-09 1.9500E-09 1.7598E-09 1.5791E-09 1.4100E-09 1.2505E-09 1.0970E-09 9.5368E-10 8.2361E-10 7.0467E-10 5.9180E-10 4.9047E-10 3.9512E-10 3.1451E-10 2.3574E-10
3.6599E-09 3.8441E-09 4.0276E-09 4.2071E-09 4.3849E-09 4.5619E-09 4.7347E-09 4.8997E-09 5.0586E-09 5.2118E-09 5.3569E-09 5.4894E-09 5.6094E-09 5.7199E-09 5.8205E-09 5.9050E-09 5.9750E-09 6.0310E-09 6.0718E-09 6.0912E-09 6.0899E-09 6.0705E-09 6.0332E-09 5.9744E-09 5.8934E-09 5.7958E-09 5.6835E-09 5.5541E-09 5.4054E-09 5.2404E-09 5.0620E-09 4.8730E-09 4.6742E-09 4.4636E-09 4.2428E-09 4.0156E-09 3.7836E-09 3.5503E-09 3.3179E-09 3.0870E-09 2.8583E-09 2.6329E-09 2.4111E-09 2.1950E-09 1.9861E-09 1.7833E-09 1.5918E-09 1.4133E-09 1.2411E-09 1.0806E-09 9.3710E-10 8.0680E-10 6.8043E-10 5.6616E-10 4.5903E-10 3.7382E-10 2.7922E-10
3.9008E-09 4.1009E-09 4.2969E-09 4.4912E-09 4.6849E-09 4.8775E-09 5.0633E-09 5.2430E-09 5.4181E-09 5.5872E-09 5.7444E-09 5.8899E-09 6.0250E-09 6.1504E-09 6.2603E-09 6.3557E-09 6.4388E-09 6.5072E-09 6.5544E-09 6.5816E-09 6.5892E-09 6.5773E-09 6.5420E-09 6.4835E-09 6.4080E-09 6.3148E-09 6.1979E-09 6.0612E-09 5.9070E-09 5.7391E-09 5.5569E-09 5.3582E-09 5.1447E-09 4.9199E-09 4.6847E-09 4.4436E-09 4.1983E-09 3.9490E-09 3.6981E-09 3.4475E-09 3.1962E-09 2.9474E-09 2.7027E-09 2.4644E-09 2.2333E-09 2.0074E-09 1.7936E-09 1.5946E-09 1.4071E-09 1.2280E-09 1.0639E-09 9.1510E-10 7.7640E-10 6.5149E-10 5.3153E-10 4.3494E-10 3.3252E-10
4.1404E-09 4.3544E-09 4.5653E-09 4.7758E-09 4.9859E-09 5.1916E-09 5.3915E-09 5.5878E-09 5.7801E-09 5.9622E-09 6.1331E-09 6.2940E-09 6.4461E-09 6.5821E-09 6.7045E-09 6.8146E-09 6.9108E-09 6.9878E-09 7.0453E-09 7.0845E-09 7.1002E-09 7.0925E-09 7.0616E-09 7.0135E-09 6.9426E-09 6.8452E-09 6.7274E-09 6.5911E-09 6.4379E-09 6.2643E-09 6.0714E-09 5.8618E-09 5.6387E-09 5.4052E-09 5.1584E-09 4.9017E-09 4.6387E-09 4.3706E-09 4.1006E-09 3.8289E-09 3.5592E-09 3.2912E-09 3.0262E-09 2.7653E-09 2.5115E-09 2.2644E-09 2.0245E-09 1.7993E-09 1.5876E-09 1.3870E-09 1.2011E-09 1.0359E-09 8.8556E-10 7.4534E-10 6.1923E-10 5.0471E-10 3.9848E-10
4.3748E-09 4.6034E-09 4.8298E-09 5.0581E-09 5.2829E-09 5.5027E-09 5.7179E-09 5.9319E-09 6.1386E-09 6.3344E-09 6.5209E-09 6.6993E-09 6.8640E-09 7.0136E-09 7.1518E-09 7.2769E-09 7.3832E-09 7.4726E-09 7.5438E-09 7.5913E-09 7.6153E-09 7.6154E-09 7.5972E-09 7.5541E-09 7.4831E-09 7.3912E-09 7.2785E-09 7.1431E-09 6.9847E-09 6.8049E-09 6.6073E-09 6.3942E-09 6.1630E-09 5.9191E-09 5.6604E-09 5.3890E-09 5.1097E-09 4.8288E-09 4.5429E-09 4.2514E-09 3.9600E-09 3.6694E-09 3.3804E-09 3.0954E-09 2.8172E-09 2.5469E-09 2.2823E-09 2.0313E-09 1.7949E-09 1.5731E-09 1.3629E-09 1.1749E-09 1.0068E-09 8.4982E-10 7.1440E-10 5.8590E-10 4.7576E-10
4.6014E-09 4.8434E-09 5.0886E-09 5.3340E-09 5.5729E-09 5.8080E-09 6.0404E-09 6.2702E-09 6.4902E-09 6.7013E-09 6.9058E-09 7.0982E-09 7.2762E-09 7.4430E-09 7.5970E-09 7.7346E-09 7.8550E-09 7.9594E-09 8.0407E-09 8.0983E-09 8.1337E-09 8.1478E-09 8.1361E-09 8.0969E-09 8.0364E-09 7.9526E-09 7.8415E-09 7.7049E-09 7.5459E-09 7.3676E-09 7.1674E-09 6.9489E-09 6.7115E-09 6.4556E-09 6.1861E-09 5.9055E-09 5.6132E-09 5.3149E-09 5.0105E-09 4.7014E-09 4.3890E-09 4.0760E-09 3.7653E-09 3.4595E-09 3.1568E-09 2.8611E-09 2.5720E-09 2.2938E-09 2.0313E-09 1.7846E-09 1.5516E-09 1.3333E-09 1.1430E-09 9.7250E-10 8.1989E-10 6.7960E-10 5.5736E-10
4.8189E-09 5.0754E-09 5.3376E-09 5.5972E-09 5.8535E-09 6.1041E-09 6.3548E-09 6.5979E-09 6.8326E-09 7.0612E-09 7.2813E-09 7.4870E-09 7.6811E-09 7.8655E-09 8.0339E-09 8.1857E-09 8.3234E-09 8.4389E-09 8.5332E-09 8.6037E-09 8.6531E-09 8.6767E-09 8.6731E-09 8.6474E-09 8.5971E-09 8.5175E-09 8.4099E-09 8.2788E-09 8.1243E-09 7.9458E-09 7.7456E-09 7.5215E-09 7.2787E-09 7.0194E-09 6.7402E-09 6.4480E-09 6.1442E-09 5.8319E-09 5.5097E-09 5.1822E-09 4.8509E-09 4.5177E-09 4.1851E-09 3.8552E-09 3.5297E-09 3.2108E-09 2.8976E-09 2.5917E-09 2.3015E-09 2.0275E-09 1.7705E-09 1.5260E-09 1.3095E-09 1.1122E-09 9.4065E-10 7.9042E-10 6.5309E-10
5.0260E-09 5.2970E-09 5.5743E-09 5.8480E-09 6.1201E-09 6.3900E-09 6.6564E-09 6.9129E-09 7.1634E-09 7.4090E-09 7.6420E-09 7.8635E-09 8.0749E-09 8.2744E-09 8.4577E-09 8.6273E-09 8.7790E-09 8.9088E-09 9.0168E-09 9.1037E-09 9.1642E-09 9.1977E-09 9.2099E-09 9.1971E-09 9.1540E-09 9.0829E-09 8.9856E-09 8.8609E-09 8.7112E-09 8.5356E-09 8.3347E-09 8.1127E-09 7.8677E-09 7.6026E-09 7.3174E-09 7.0169E-09 6.7021E-09 6.3775E-09 6.0416E-09 5.6991E-09 5.3495E-09 4.9959E-09 4.6420E-09 4.2900E-09 3.9397E-09 3.5980E-09 3.2652E-09 2.9364E-09 2.6215E-09 2.3205E-09 2.0385E-09 1.7713E-09 1.5294E-09 1.3161E-09 1.1243E-09 9.6238E-10 8.2101E-10
5.2206E-09 5.5059E-09 5.7949E-09 6.0828E-09 6.3717E-09 6.6590E-09 6.9398E-09 7.2123E-09 7.4797E-09 7.7390E-09 7.9856E-09 8.2240E-09 8.4521E-09 8.6650E-09 8.8669E-09 9.0528E-09 9.2189E-09 9.3650E-09 9.4886E-09 9.5892E-09 9.6613E-09 9.7118E-09 9.7384E-09 9.7357E-09 9.7052E-09 9.6479E-09 9.5601E-09 9.4455E-09 9.3013E-09 9.1311E-09 8.9365E-09 8.7159E-09 8.4711E-09 8.2044E-09 7.9154E-09 7.6094E-09 7.2882E-09 6.9551E-09 6.6072E-09 6.2481E-09 5.8829E-09 5.5124E-09 5.1380E-09 4.7627E-09 4.3935E-09 4.0279E-09 3.6667E-09 3.3114E-09 2.9680E-09 2.6444E-09 2.3405E-09 2.0532E-09 1.7895E-09 1.5551E-09 1.3441E-09 1.1616E-09 9.9782E-10
5.4006E-09 5.6993E-09 5.9978E-09 6.2995E-09 6.6043E-09 6.9076E-09 7.2033E-09 7.4923E-09 7.7760E-09 8.0475E-09 8.3097E-09 8.5640E-09 8.8065E-09 9.0366E-09 9.2550E-09 9.4563E-09 9.6385E-09 9.8020E-09 9.9409E-09 1.0053E-08 1.0144E-08 1.0211E-08 1.0249E-08 1.0262E-08 1.0248E-08 1.0203E-08 1.0130E-08 1.0025E-08 9.8915E-09 9.7307E-09 9.5425E-09 9.3268E-09 9.0858E-09 8.8212E-09 8.5320E-09 8.2261E-09 7.9009E-09 7.5587E-09 7.2018E-09 6.8329E-09 6.4531E-09 6.0647E-09 5.6734E-09 5.2820E-09 4.8891E-09 4.4955E-09 4.1078E-09 3.7285E-09 3.3650E-09 3.0199E-09 2.6941E-09 2.3919E-09 2.1115E-09 1.8594E-09 1.6295E-09 1.4276E-09 1.2550E-09
5.5663E-09 5.8750E-09 6.1836E-09 6.4969E-09 6.8146E-09 7.1309E-09 7.4425E-09 7.7504E-09 8.0475E-09 8.3326E-09 8.6102E-09 8.8778E-09 9.1362E-09 9.3832E-09 9.6170E-09 9.8347E-09 1.0034E-08 1.0213E-08 1.0366E-08 1.0496E-08 1.0605E-08 1.0685E-08 1.0740E-08 1.0771E-08 1.0772E-08 1.0745E-08 1.0685E-08 1.0596E-08 1.0476E-08 1.0326E-08 1.0148E-08 9.9411E-09 9.7080E-09 9.4490E-09 9.1655E-09 8.8599E-09 8.5327E-09 8.1896E-09 7.8267E-09 7.4482E-09 7.0590E-09 6.6594E-09 6.2534E-09 5.8412E-09 5.4255E-09 5.0115E-09 4.6021E-09 4.2057E-09 3.8180E-09 3.4487E-09 3.1007E-09 2.7791E-09 2.4790E-09 2.2132E-09 1.9725E-09 1.7552E-09 1.5668E-09
5.7140E-09 6.0307E-09 6.3491E-09 6.6744E-09 7.0025E-09 7.3296E-09 7.6551E-09 7.9782E-09 8.2900E-09 8.5908E-09 8.8823E-09 9.1642E-09 9.4372E-09 9.7005E-09 9.9497E-09 1.0183E-08 1.0400E-08 1.0592E-08 1.0763E-08 1.0912E-08 1.1035E-08 1.1132E-08 1.1207E-08 1.1254E-08 1.1275E-08 1.1264E-08 1.1224E-08 1.1151E-08 1.1047E-08 1.0912E-08 1.0747E-08 1.0554E-08 1.0333E-08 1.0084E-08 9.8069E-09 9.5071E-09 9.1853E-09 8.8419E-09 8.4775E-09 8.0974E-09 7.7012E-09 7.2924E-09 6.8765E-09 6.4499E-09 6.0204E-09 5.5894E-09 5.1665E-09 4.7498E-09 4.3391E-09 3.9485E-09 3.5824E-09 3.2462E-09 2.9296E-09 2.6490E-09 2.4015E-09 2.1778E-09 1.9817E-09
5.8423E-09 6.1657E-09 6.4926E-09 6.8282E-09 7.1646E-09 7.5012E-09 7.8401E-09 8.1755E-09 8.5004E-09 8.8162E-09 9.1231E-09 9.4184E-09 9.7049E-09 9.9838E-09 1.0247E-08 1.0499E-08 1.0730E-08 1.0936E-08 1.1125E-08 1.1290E-08 1.1429E-08 1.1547E-08 1.1640E-08 1.1708E-08 1.1746E-08 1.1757E-08 1.1736E-08 1.1684E-08 1.1598E-08 1.1482E-08 1.1335E-08 1.1159E-08 1.0953E-08 1.0717E-08 1.0454E-08 1.0165E-08 9.8501E-09 9.5139E-09 9.1544E-09 8.7749E-09 8.3765E-09 7.9683E-09 7.5438E-09 7.1095E-09 6.6718E-09 6.2331E-09 5.7953E-09 5.3625E-09 4.9384E-09 4.5313E-09 4.1531E-09 3.7980E-09 3.4722E-09 3.1779E-09 2.9169E-09 2.6874E-09 2.4834E-09
5.9508E-09 6.2778E-09 6.6133E-09 6.9556E-09 7.3000E-09 7.6453E-09 7.9937E-09 8.3382E-09 8.6769E-09 9.0074E-09 9.3269E-09 9.6371E-09 9.9385E-09 1.0229E-08 1.0510E-08 1.0776E-08 1.1019E-08 1.1243E-08 1.1447E-08 1.1627E-08 1.1785E-08 1.1923E-08 1.2036E-08 1.2123E-08 1.2182E-08 1.2215E-08 1.2217E-08 1.2186E-08 1.2124E-08 1.2029E-08 1.1905E-08 1.1749E-08 1.1562E-08 1.1345E-08 1.1098E-08 1.0825E-08 1.0525E-08 1.0201E-08 9.8514E-09 9.4795E-09 9.0859E-09 8.6820E-09 8.2566E-09 7.8220E-09 7.3789E-09 6.9380E-09 6.4953E-09 6.0547E-09 5.6194E-09 5.2072E-09 4.8183E-09 4.4613E-09 4.1271E-09 3.8234E-09 3.5558E-09 3.3248E-09 3.1246E-09
6.0373E-09 6.3687E-09 6.7102E-09 7.0581E-09 7.4072E-09 7.7600E-09 8.1154E-09 8.4673E-09 8.8159E-09 9.1597E-09 9.4924E-09 9.8169E-09 1.0131E-08 1.0435E-08 1.0731E-08 1.1008E-08 1.1266E-08 1.1506E-08 1.1723E-08 1.1918E-08 1.2097E-08 1.2254E-08 1.2387E-08 1.2495E-08 1.2577E-08 1.2633E-08 1.2658E-08 1.2653E-08 1.2616E-08 1.2548E-08 1.2448E-08 1.2316E-08 1.2153E-08 1.1959E-08 1.1734E-08 1.1483E-08 1.1204E-08 1.0898E-08 1.0565E-08 1.0207E-08 9.8251E-09 9.4324E-09 9.0128E-09 8.5798E-09 8.1483E-09 7.7085E-09 7.2639E-09 6.8234E-09 6.3977E-09 5.9853E-09 5.6029E-09 5.2474E-09 4.9171E-09 4.6167E-09 4.3561E-09 4.1375E-09 3.9445E-09
6.1023E-09 6.4357E-09 6.7815E-09 7.1324E-09 7.4860E-09 7.8444E-09 8.2043E-09 8.5614E-09 8.9178E-09 9.2703E-09 9.6164E-09 9.9542E-09 1.0282E-08 1.0599E-08 1.0906E-08 1.1194E-08 1.1466E-08 1.1719E-08 1.1949E-08 1.2162E-08 1.2358E-08 1.2535E-08 1.2688E-08 1.2818E-08 1.2924E-08 1.3003E-08 1.3055E-08 1.3078E-08 1.3069E-08 1.3028E-08 1.2956E-08 1.2853E-08 1.2717E-08 1.2552E-08 1.2355E-08 1.2132E-08 1.1879E-08 1.1598E-08 1.1290E-08 1.0951E-08 1.0590E-08 1.0211E-08 9.8071E-09 9.3888E-09 8.9701E-09 8.5371E-09 8.1026E-09 7.6813E-09 7.2705E-09 6.8778E-09 6.5113E-09 6.1721E-09 5.8633E-09 5.5859E-09 5.3515E-09 5.1434E-09 4.9584E-09
6.1439E-09 6.4799E-09 6.8270E-09 7.1785E-09 7.5348E-09 7.8968E-09 8.2589E-09 8.6207E-09 8.9817E-09 9.3413E-09 9.6974E-09 1.0045E-08 1.0386E-08 1.0717E-08 1.1032E-08 1.1333E-08 1.1615E-08 1.1880E-08 1.2124E-08 1.2353E-08 1.2566E-08 1.2760E-08 1.2934E-08 1.3086E-08 1.3216E-08 1.3320E-08 1.3401E-08 1.3452E-08 1.3473E-08 1.3464E-08 1.3423E-08 1.3351E-08 1.3248E-08 1.3115E-08 1.2953E-08 1.2763E-08 1.2543E-08 1.2296E-08 1.2015E-08 1.1707E-08 1.1364E-08 1.1016E-08 1.0633E-08 1.0240E-08 9.8368E-09 9.4254E-09 9.0137E-09 8.6230E-09 8.2449E-09 7.8822E-09 7.5469E-09 7.2384E-09 6.9702E-09 6.7339E-09 6.5290E-09 6.3510E-09 6.2099E-09
6.1634E-09 6.4998E-09 6.8459E-09 7.1973E-09 7.5534E-09 7.9164E-09 8.2799E-09 8.6438E-09 9.0080E-09 9.3705E-09 9.7336E-09 1.0092E-08 1.0442E-08 1.0784E-08 1.1109E-08 1.1418E-08 1.1712E-08 1.1985E-08 1.2244E-08 1.2487E-08 1.2715E-08 1.2927E-08 1.3122E-08 1.3297E-08 1.3449E-08 1.3579E-08 1.3688E-08 1.3769E-08 1.3823E-08 1.3847E-08 1.3839E-08 1.3802E-08 1.3736E-08 1.3642E-08 1.3519E-08 1.3369E-08 1.3188E-08 1.2978E-08 1.2734E-08 1.2456E-08 1.2151E-08 1.1833E-08 1.1488E-08 1.1116E-08 1.0751E-08 1.0366E-08 9.9955E-09 9.6471E-09 9.3115E-09 8.9932E-09 8.7080E-09 8.4577E-09 8.2483E-09 8.0652E-09 7.9181E-09 7.8110E-09 7.7377E-09
6.1597E-09 6.4953E-09 6.8394E-09 7.1882E-09 7.5429E-09 7.9040E-09 8.2664E-09 8.6303E-09 8.9959E-09 9.3612E-09 9.7265E-09 1.0091E-08 1.0449E-08 1.0801E-08 1.1133E-08 1.1451E-08 1.1754E-08 1.2036E-08 1.2305E-08 1.2561E-08 1.2805E-08 1.3033E-08 1.3247E-08 1.3442E-08 1.3618E-08 1.3776E-08 1.3912E-08 1.4024E-08 1.4111E-08 1.4168E-08 1.4197E-08 1.4199E-08 1.4174E-08 1.4122E-08 1.4044E-08 1.3937E-08 1.3801E-08 1.3633E-08 1.3431E-08 1.3194E-08 1.2931E-08 1.2659E-08 1.2348E-08 1.2020E-08 1.1693E-08 1.1360E-08 1.1030E-08 1.0741E-08 1.0459E-08 1.0210E-08 9.9953E-09 9.8251E-09 9.6895E-09 9.5876E-09 9.5370E-09 9.5303E-09 9.5433E-09
6.1320E-09 6.4658E-09 6.8072E-09 7.1518E-09 7.5027E-09 7.8601E-09 8.2193E-09 8.5811E-09 8.9459E-09 9.3118E-09 9.6772E-09 1.0044E-08 1.0407E-08 1.0764E-08 1.1106E-08 1.1428E-08 1.1737E-08 1.2028E-08 1.2307E-08 1.2573E-08 1.2831E-08 1.3075E-08 1.3306E-08 1.3521E-08 1.3720E-08 1.3904E-08 1.4068E-08 1.4210E-08 1.4331E-08 1.4424E-08 1.4492E-08 1.4536E-08 1.4554E-08 1.4549E-08 1.4517E-08 1.4459E-08 1.4370E-08 1.4250E-08 1.4093E-08 1.3908E-08 1.3693E-08 1.3468E-08 1.3208E-08 1.2930E-08 1.2658E-08 1.2380E-08 1.2116E-08 1.1890E-08 1.1685E-08 1.1515E-08 1.1394E-08 1.1322E-08 1.1287E-08 1.1300E-08 1.1374E-08 1.1489E-08 1.1646E-08
