Assets/Resources/2015_m01_d28_1500(utc+0800)_l00_csi_1hr_conc.grd
DSAA
         159         159
     -79.000      79.000
     -79.000      79.000
  0.0000E+00  0.1833E-05
[rows 0 to 24 of 159, columns 57 to 113 of 159]
6.7828E-09 6.4842E-09 6.1513E-09 5.7910E-09 5.4091E-09 5.0124E-09 4.6074E-09 4.2000E-09 3.7979E-09 3.4048E-09 3.0276E-09 2.6678E-09 2.3323E-09 2.0203E-09 1.7374E-09 1.4801E-09 1.2517E-09 1.0494E-09 8.7410E-10 7.2039E-10 5.9053E-10 4.7772E-10 3.7907E-10 2.9508E-10 2.2273E-10 1.6675E-10 1.2029E-10 8.2843E-11 5.1909E-11 2.7310E-11 9.8680E-12 9.5984E-13 3.2992E-13 0.0000E+00 0.0000E+00 0.0000E+00 0.0000E+00 0.0000E+00 0.0000E+00 0.0000E+00 0.0000E+00 0.0000E+00 0.0000E+00 0.0000E+00 0.0000E+00 0.0000E+00 0.0000E+00 0.0000E+00 0.0000E+00 0.0000E+00 0.0000E+00 0.0000E+00 0.0000E+00 0.0000E+00 0.0000E+00 0.0000E+00 0.0000E+00
7.2129E-09 6.8920E-09 6.5344E-09 6.1470E-09 5.7362E-09 5.3100E-09 4.8755E-09 4.4392E-09 4.0072E-09 3.5872E-09 3.1841E-09 2.8023E-09 2.4459E-09 2.1157E-09 1.8153E-09 1.5443E-09 1.3049E-09 1.0932E-09 9.0714E-10 7.4867E-10 6.1157E-10 4.9367E-10 3.9080E-10 3.0240E-10 2.2848E-10 1.6896E-10 1.2171E-10 8.2911E-11 5.2033E-11 2.7141E-11 1.1027E-11 9.4751E-13 2.8326E-13 0.0000E+00 0.0000E+00 0.0000E+00 0.0000E+00 0.0000E+00 0.0000E+00 0.0000E+00 0.0000E+00 0.0000E+00 0.0000E+00 0.0000E+00 0.0000E+00 0.0000E+00 0.0000E+00 0.0000E+00 0.0000E+00 0.0000E+00 0.0000E+00 0.0000E+00 0.0000E+00 0.0000E+00 0.0000E+00 0.0000E+00 0.0000E+00
7.6405E-09 7.2966E-09 6.9131E-09 6.4971E-09 6.0573E-09 5.6008E-09 5.1348E-09 4.6683E-09 4.2088E-09 3.7629E-09 3.3336E-09 2.9311E-09 2.5529E-09 2.2072E-09 1.8908E-09 1.6073E-09 1.3533E-09 1.1335E-09 9.3942E-10 7.7245E-10 6.3161E-10 5.0694E-10 3.9999E-10 3.0820E-10 2.3103E-10 1.6976E-10 1.2129E-10 8.3223E-11 5.1278E-11 2.6736E-11 1.1595E-11 1.1258E-12 2.2298E-13 0.0000E+00 0.0000E+00 0.0000E+00 0.0000E+00 0.0000E+00 0.0000E+00 0.0000E+00 0.0000E+00 0.0000E+00 0.0000E+00 0.0000E+00 0.0000E+00 0.0000E+00 0.0000E+00 0.0000E+00 0.0000E+00 0.0000E+00 0.0000E+00 0.0000E+00 0.0000E+00 0.0000E+00 0.0000E+00 0.0000E+00 0.0000E+00
8.0726E-09 7.7041E-09 7.2939E-09 6.8495E-09 6.3781E-09 5.8904E-09 5.3944E-09 4.8980E-09 4.4079E-09 3.9341E-09 3.4815E-09 3.0530E-09 2.6581E-09 2.2920E-09 1.9623E-09 1.6654E-09 1.4020E-09 1.1695E-09 9.6930E-10 7.9591E-10 6.4758E-10 5.1893E-10 4.0665E-10 3.1235E-10 2.3107E-10 1.6847E-10 1.1969E-10 8.2031E-11 4.9959E-11 2.5655E-11 1.1477E-11 1.3945E-12 7.8300E-14 0.0000E+00 0.0000E+00 0.0000E+00 0.0000E+00 0.0000E+00 0.0000E+00 0.0000E+00 0.0000E+00 0.0000E+00 0.0000E+00 0.0000E+00 0.0000E+00 0.0000E+00 0.0000E+00 0.0000E+00 0.0000E+00 0.0000E+00 0.0000E+00 0.0000E+00 0.0000E+00 0.0000E+00 0.0000E+00 0.0000E+00 0.0000E+00
8.4936E-09 8.1012E-09 7.6634E-09 7.1887E-09 6.6874E-09 6.1685E-09 5.6408E-09 5.1140E-09 4.5972E-09 4.0961E-09 3.6179E-09 3.1713E-09 2.7547E-09 2.3713E-09 2.0277E-09 1.7181E-09 1.4433E-09 1.2029E-09 9.9450E-10 8.1424E-10 6.6041E-10 5.2821E-10 4.1117E-10 3.1323E-10 2.2942E-10 1.6556E-10 1.1847E-10 7.9976E-11 4.8280E-11 2.4308E-11 1.1043E-11 1.5362E-12 0.0000E+00 0.0000E+00 0.0000E+00 0.0000E+00 0.0000E+00 0.0000E+00 0.0000E+00 0.0000E+00 0.0000E+00 0.0000E+00 0.0000E+00 0.0000E+00 0.0000E+00 0.0000E+00 0.0000E+00 0.0000E+00 0.0000E+00 0.0000E+00 0.0000E+00 0.0000E+00 0.0000E+00 0.0000E+00 0.0000E+00 0.0000E+00 0.0000E+00
8.9169E-09 8.4977E-09 8.0312E-09 7.5266E-09 6.9933E-09 6.4419E-09 5.8837E-09 5.3276E-09 4.7803E-09 4.2534E-09 3.7516E-09 3.2802E-09 2.8451E-09 2.4483E-09 2.0861E-09 1.7664E-09 1.4806E-09 1.2316E-09 1.0152E-09 8.3036E-10 6.6985E-10 5.3368E-10 4.1316E-10 3.1053E-10 2.2543E-10 1.6125E-10 1.1492E-10 7.7030E-11 4.5962E-11 2.2712E-11 1.0485E-11 1.5754E-12 0.0000E+00 0.0000E+00 0.0000E+00 0.0000E+00 0.0000E+00 0.0000E+00 0.0000E+00 0.0000E+00 0.0000E+00 0.0000E+00 0.0000E+00 0.0000E+00 0.0000E+00 0.0000E+00 0.0000E+00 0.0000E+00 0.0000E+00 0.0000E+00 0.0000E+00 0.0000E+00 0.0000E+00 0.0000E+00 0.0000E+00 0.0000E+00 0.0000E+00
9.3224E-09 8.8779E-09 8.3835E-09 7.8486E-09 7.2848E-09 6.7027E-09 6.1130E-09 5.5264E-09 4.9537E-09 4.4006E-09 3.8749E-09 3.3836E-09 2.9286E-09 2.5121E-09 2.1406E-09 1.8047E-09 1.5118E-09 1.2540E-09 1.0315E-09 8.3849E-10 6.7644E-10 5.3549E-10 4.1019E-10 3.0389E-10 2.1889E-10 1.5718E-10 1.1014E-10 7.3316E-11 4.3074E-11 2.0932E-11 9.3196E-12 1.3057E-12 0.0000E+00 0.0000E+00 0.0000E+00 0.0000E+00 0.0000E+00 0.0000E+00 0.0000E+00 0.0000E+00 0.0000E+00 0.0000E+00 0.0000E+00 0.0000E+00 0.0000E+00 0.0000E+00 0.0000E+00 0.0000E+00 0.0000E+00 0.0000E+00 0.0000E+00 0.0000E+00 0.0000E+00 0.0000E+00 0.0000E+00 0.0000E+00 0.0000E+00
9.7246E-09 9.2531E-09 8.7295E-09 8.1643E-09 7.5686E-09 6.9544E-09 6.3354E-09 5.7201E-09 5.1188E-09 4.5411E-09 3.9927E-09 3.4792E-09 3.0061E-09 2.5732E-09 2.1849E-09 1.8392E-09 1.5348E-09 1.2706E-09 1.0416E-09 8.4439E-10 6.7611E-10 5.3313E-10 4.0494E-10 2.9531E-10 2.1234E-10 1.5059E-10 1.0441E-10 6.8877E-11 3.9818E-11 1.8985E-11 8.0241E-12 1.0851E-12 0.0000E+00 0.0000E+00 0.0000E+00 0.0000E+00 0.0000E+00 0.0000E+00 0.0000E+00 0.0000E+00 0.0000E+00 0.0000E+00 0.0000E+00 0.0000E+00 0.0000E+00 0.0000E+00 0.0000E+00 0.0000E+00 0.0000E+00 0.0000E+00 0.0000E+00 0.0000E+00 0.0000E+00 0.0000E+00 0.0000E+00 0.0000E+00 0.0000E+00
1.0114E-08 9.6178E-09 9.0655E-09 8.4689E-09 7.8425E-09 7.1982E-09 6.5480E-09 5.9036E-09 5.2757E-09 4.6713E-09 4.1009E-09 3.5666E-09 3.0736E-09 2.6269E-09 2.2220E-09 1.8662E-09 1.5515E-09 1.2789E-09 1.0440E-09 8.4591E-10 6.7323E-10 5.2578E-10 3.9534E-10 2.8528E-10 2.0432E-10 1.4264E-10 9.7681E-11 6.3602E-11 3.6258E-11 1.6803E-11 6.2059E-12 1.0197E-12 0.0000E+00 0.0000E+00 0.0000E+00 0.0000E+00 0.0000E+00 0.0000E+00 0.0000E+00 0.0000E+00 0.0000E+00 0.0000E+00 0.0000E+00 0.0000E+00 0.0000E+00 0.0000E+00 0.0000E+00 0.0000E+00 0.0000E+00 0.0000E+00 0.0000E+00 0.0000E+00 0.0000E+00 0.0000E+00 0.0000E+00 0.0000E+00 0.0000E+00
1.0493E-08 9.9707E-09 9.3897E-09 8.7648E-09 8.1071E-09 7.4297E-09 6.7501E-09 6.0768E-09 5.4213E-09 4.7937E-09 4.1988E-09 3.6440E-09 3.1351E-09 2.6696E-09 2.2551E-09 1.8829E-09 1.5622E-09 1.2822E-09 1.0426E-09 8.4018E-10 6.6582E-10 5.1443E-10 3.8259E-10 2.7379E-10 1.9358E-10 1.3393E-10 9.0359E-11 5.7296E-11 3.2103E-11 1.4094E-11 5.1403E-12 8.9224E-13 0.0000E+00 0.0000E+00 0.0000E+00 0.0000E+00 0.0000E+00 0.0000E+00 0.0000E+00 0.0000E+00 0.0000E+00 0.0000E+00 0.0000E+00 0.0000E+00 0.0000E+00 0.0000E+00 0.0000E+00 0.0000E+00 0.0000E+00 0.0000E+00 0.0000E+00 0.0000E+00 0.0000E+00 0.0000E+00 0.0000E+00 0.0000E+00 0.0000E+00
1.0860E-08 1.0313E-08 9.7049E-09 9.0492E-09 8.3608E-09 7.6546E-09 6.9426E-09 6.2400E-09 5.5574E-09 4.9041E-09 4.2878E-09 3.7133E-09 3.1846E-09 2.7047E-09 2.2766E-09 1.8970E-09 1.5639E-09 1.2783E-09 1.0352E-09 8.2914E-10 6.5200E-10 4.9968E-10 3.6798E-10 2.6171E-10 1.8203E-10 1.2420E-10 8.2422E-11 5.0760E-11 2.7980E-11 1.1110E-11 4.4596E-12 7.1233E-13 0.0000E+00 0.0000E+00 0.0000E+00 0.0000E+00 0.0000E+00 0.0000E+00 0.0000E+00 0.0000E+00 0.0000E+00 0.0000E+00 0.0000E+00 0.0000E+00 0.0000E+00 0.0000E+00 0.0000E+00 0.0000E+00 0.0000E+00 0.0000E+00 0.0000E+00 0.0000E+00 0.0000E+00 0.0000E+00 0.0000E+00 0.0000E+00 0.0000E+00
1.1220E-08 1.0648E-08 1.0011E-08 9.3250E-09 8.6059E-09 7.8677E-09 7.1248E-09 6.3917E-09 5.6801E-09 5.0019E-09 4.3622E-09 3.7689E-09 3.2247E-09 2.7325E-09 2.2889E-09 1.9017E-09 1.5613E-09 1.2702E-09 1.0231E-09 8.1224E-10 6.3315E-10 4.7827E-10 3.5095E-10 2.4784E-10 1.7021E-10 1.1385E-10 7.4011E-11 4.4156E-11 2.3541E-11 8.5886E-12 3.7405E-12 4.8981E-13 0.0000E+00 0.0000E+00 0.0000E+00 0.0000E+00 0.0000E+00 0.0000E+00 0.0000E+00 0.0000E+00 0.0000E+00 0.0000E+00 0.0000E+00 0.0000E+00 0.0000E+00 0.0000E+00 0.0000E+00 0.0000E+00 0.0000E+00 0.0000E+00 0.0000E+00 0.0000E+00 0.0000E+00 0.0000E+00 0.0000E+00 0.0000E+00 0.0000E+00
1.1570E-08 1.0974E-08 1.0311E-08 9.5957E-09 8.8444E-09 8.0725E-09 7.2999E-09 6.5374E-09 5.7972E-09 5.0912E-09 4.4296E-09 3.8154E-09 3.2537E-09 2.7475E-09 2.2967E-09 1.8969E-09 1.5529E-09 1.2539E-09 1.0046E-09 7.9252E-10 6.0944E-10 4.5400E-10 3.3066E-10 2.3303E-10 1.5722E-10 1.0248E-10 6.4952E-11 3.7563E-11 1.8283E-11 7.3486E-12 3.0120E-12 3.0743E-13 0.0000E+00 0.0000E+00 0.0000E+00 0.0000E+00 0.0000E+00 0.0000E+00 0.0000E+00 0.0000E+00 0.0000E+00 0.0000E+00 0.0000E+00 0.0000E+00 0.0000E+00 0.0000E+00 0.0000E+00 0.0000E+00 0.0000E+00 0.0000E+00 0.0000E+00 0.0000E+00 0.0000E+00 0.0000E+00 0.0000E+00 0.0000E+00 0.0000E+00
1.1916E-08 1.1297E-08 1.0606E-08 9.8597E-09 9.0757E-09 8.2737E-09 7.4668E-09 6.6708E-09 5.9026E-09 5.1705E-09 4.4825E-09 3.8492E-09 3.2726E-09 2.7533E-09 2.2933E-09 1.8889E-09 1.5377E-09 1.2377E-09 9.8061E-10 7.6687E-10 5.8043E-10 4.2737E-10 3.0922E-10 2.1759E-10 1.4337E-10 9.0676E-11 5.5741E-11 3.0921E-11 1.3387E-11 6.2844E-12 2.2548E-12 1.6420E-13 0.0000E+00 0.0000E+00 0.0000E+00 0.0000E+00 0.0000E+00 0.0000E+00 0.0000E+00 0.0000E+00 0.0000E+00 0.0000E+00 0.0000E+00 0.0000E+00 0.0000E+00 0.0000E+00 0.0000E+00 0.0000E+00 0.0000E+00 0.0000E+00 0.0000E+00 0.0000E+00 0.0000E+00 0.0000E+00 0.0000E+00 0.0000E+00 0.0000E+00
1.2259E-08 1.1615E-08 1.0895E-08 1.0117E-08 9.3018E-09 8.4656E-09 7.6238E-09 6.7986E-09 5.9986E-09 5.2401E-09 4.5300E-09 3.8745E-09 3.2813E-09 2.7503E-09 2.2798E-09 1.8718E-09 1.5169E-09 1.2147E-09 9.5526E-10 7.3395E-10 5.4783E-10 4.0024E-10 2.8649E-10 2.0003E-10 1.3044E-10 7.8646E-11 4.6825E-11 2.4329E-11 9.8775E-12 5.2102E-12 1.5859E-12 1.0741E-14 0.0000E+00 0.0000E+00 0.0000E+00 0.0000E+00 0.0000E+00 0.0000E+00 0.0000E+00 0.0000E+00 0.0000E+00 0.0000E+00 0.0000E+00 0.0000E+00 0.0000E+00 0.0000E+00 0.0000E+00 0.0000E+00 0.0000E+00 0.0000E+00 0.0000E+00 0.0000E+00 0.0000E+00 0.0000E+00 0.0000E+00 0.0000E+00 0.0000E+00
1.2601E-08 1.1932E-08 1.1185E-08 1.0375E-08 9.5241E-09 8.6520E-09 7.7791E-09 6.9181E-09 6.0861E-09 5.2993E-09 4.5651E-09 3.8909E-09 3.2796E-09 2.7376E-09 2.2599E-09 1.8453E-09 1.4900E-09 1.1868E-09 9.2430E-10 6.9889E-10 5.1450E-10 3.7206E-10 2.6254E-10 1.8130E-10 1.1582E-10 6.6452E-11 3.7605E-11 1.7788E-11 8.0951E-12 3.9969E-12 9.3540E-13 0.0000E+00 0.0000E+00 0.0000E+00 0.0000E+00 0.0000E+00 0.0000E+00 0.0000E+00 0.0000E+00 0.0000E+00 0.0000E+00 0.0000E+00 0.0000E+00 0.0000E+00 0.0000E+00 0.0000E+00 0.0000E+00 0.0000E+00 0.0000E+00 0.0000E+00 0.0000E+00 0.0000E+00 0.0000E+00 0.0000E+00 0.0000E+00 0.0000E+00 0.0000E+00
1.2941E-08 1.2248E-08 1.1469E-08 1.0625E-08 9.7388E-09 8.8311E-09 7.9211E-09 7.0253E-09 6.1663E-09 5.3490E-09 4.5913E-09 3.8969E-09 3.2711E-09 2.7158E-09 2.2315E-09 1.8109E-09 1.4543E-09 1.1504E-09 8.8591E-10 6.5943E-10 4.8068E-10 3.4344E-10 2.3700E-10 1.6255E-10 1.0099E-10 5.5010E-11 2.8699E-11 1.2547E-11 6.6441E-12 2.9602E-12 4.8538E-13 0.0000E+00 0.0000E+00 0.0000E+00 0.0000E+00 0.0000E+00 0.0000E+00 0.0000E+00 0.0000E+00 0.0000E+00 0.0000E+00 0.0000E+00 0.0000E+00 0.0000E+00 0.0000E+00 0.0000E+00 0.0000E+00 0.0000E+00 0.0000E+00 0.0000E+00 0.0000E+00 0.0000E+00 0.0000E+00 0.0000E+00 0.0000E+00 0.0000E+00 0.0000E+00
1.3289E-08 1.2568E-08 1.1758E-08 1.0880E-08 9.9567E-09 9.0094E-09 8.0614E-09 7.1344E-09 6.2370E-09 5.3943E-09 4.6094E-09 3.8955E-09 3.2515E-09 2.6861E-09 2.1952E-09 1.7734E-09 1.4129E-09 1.1084E-09 8.4643E-10 6.2260E-10 4.4586E-10 3.1488E-10 2.1253E-10 1.4270E-10 8.5545E-11 4.3771E-11 2.0737E-11 9.4823E-12 5.3057E-12 1.9799E-12 2.3663E-13 0.0000E+00 0.0000E+00 0.0000E+00 0.0000E+00 0.0000E+00 0.0000E+00 0.0000E+00 0.0000E+00 0.0000E+00 0.0000E+00 0.0000E+00 0.0000E+00 0.0000E+00 0.0000E+00 0.0000E+00 0.0000E+00 0.0000E+00 0.0000E+00 0.0000E+00 0.0000E+00 0.0000E+00 0.0000E+00 0.0000E+00 0.0000E+00 0.0000E+00 0.0000E+00
1.3639E-08 1.2892E-08 1.2047E-08 1.1131E-08 1.0167E-08 9.1809E-09 8.1950E-09 7.2288E-09 6.3017E-09 5.4303E-09 4.6210E-09 3.8837E-09 3.2281E-09 2.6511E-09 2.1510E-09 1.7277E-09 1.3674E-09 1.0618E-09 7.9990E-10 5.8340E-10 4.1350E-10 2.8505E-10 1.8971E-10 1.2338E-10 7.0796E-11 3.3170E-11 1.4326E-11 7.4122E-12 3.7912E-12 1.0821E-12 0.0000E+00 0.0000E+00 0.0000E+00 0.0000E+00 0.0000E+00 0.0000E+00 0.0000E+00 0.0000E+00 0.0000E+00 0.0000E+00 0.0000E+00 0.0000E+00 0.0000E+00 0.0000E+00 0.0000E+00 0.0000E+00 0.0000E+00 0.0000E+00 0.0000E+00 0.0000E+00 0.0000E+00 0.0000E+00 0.0000E+00 0.0000E+00 0.0000E+00 0.0000E+00 0.0000E+00
1.3998E-08 1.3220E-08 1.2339E-08 1.1384E-08 1.0379E-08 9.3506E-09 8.3225E-09 7.3195E-09 6.3611E-09 5.4540E-09 4.6247E-09 3.8683E-09 3.1963E-09 2.6110E-09 2.1049E-09 1.6751E-09 1.3157E-09 1.0132E-09 7.5386E-10 5.4306E-10 3.8209E-10 2.5519E-10 1.6707E-10 1.0397E-10 5.6869E-11 2.3677E-11 1.0029E-11 5.8960E-12 2.6390E-12 5.0764E-13 0.0000E+00 0.0000E+00 0.0000E+00 0.0000E+00 0.0000E+00 0.0000E+00 0.0000E+00 0.0000E+00 0.0000E+00 0.0000E+00 0.0000E+00 0.0000E+00 0.0000E+00 0.0000E+00 0.0000E+00 0.0000E+00 0.0000E+00 0.0000E+00 0.0000E+00 0.0000E+00 0.0000E+00 0.0000E+00 0.0000E+00 0.0000E+00 0.0000E+00 0.0000E+00 0.0000E+00
1.4367E-08 1.3557E-08 1.2640E-08 1.1640E-08 1.0590E-08 9.5172E-09 8.4480E-09 7.4062E-09 6.4097E-09 5.4792E-09 4.6214E-09 3.8484E-09 3.1618E-09 2.5641E-09 2.0515E-09 1.6200E-09 1.2604E-09 9.6246E-10 7.0874E-10 5.0421E-10 3.4937E-10 2.2975E-10 1.4314E-10 8.4274E-11 4.3612E-11 1.5505E-11 7.5923E-12 4.1910E-12 1.5331E-12 1.9839E-13 0.0000E+00 0.0000E+00 0.0000E+00 0.0000E+00 0.0000E+00 0.0000E+00 0.0000E+00 0.0000E+00 0.0000E+00 0.0000E+00 0.0000E+00 0.0000E+00 0.0000E+00 0.0000E+00 0.0000E+00 0.0000E+00 0.0000E+00 0.0000E+00 0.0000E+00 0.0000E+00 0.0000E+00 0.0000E+00 0.0000E+00 0.0000E+00 0.0000E+00 0.0000E+00 0.0000E+00
1.4741E-08 1.3898E-08 1.2940E-08 1.1897E-08 1.0801E-08 9.6791E-09 8.5655E-09 7.4826E-09 6.4534E-09 5.4941E-09 4.6122E-09 3.8228E-09 3.1231E-09 2.5144E-09 1.9986E-09 1.5573E-09 1.2021E-09 9.0581E-10 6.6204E-10 4.6693E-10 3.1703E-10 2.0677E-10 1.2153E-10 6.6735E-11 3.1622E-11 9.9088E-12 5.9107E-12 2.8268E-12 6.6235E-13 0.0000E+00 0.0000E+00 0.0000E+00 0.0000E+00 0.0000E+00 0.0000E+00 0.0000E+00 0.0000E+00 0.0000E+00 0.0000E+00 0.0000E+00 0.0000E+00 0.0000E+00 0.0000E+00 0.0000E+00 0.0000E+00 0.0000E+00 0.0000E+00 0.0000E+00 0.0000E+00 0.0000E+00 0.0000E+00 0.0000E+00 0.0000E+00 0.0000E+00 0.0000E+00 0.0000E+00 0.0000E+00
1.5146E-08 1.4266E-08 1.3264E-08 1.2173E-08 1.1025E-08 9.8546E-09 8.6910E-09 7.5658E-09 6.4981E-09 5.5028E-09 4.6011E-09 3.7878E-09 3.0773E-09 2.4593E-09 1.9368E-09 1.4922E-09 1.1403E-09 8.4863E-10 6.1417E-10 4.2875E-10 2.8681E-10 1.7938E-10 1.0019E-10 5.0676E-11 2.0646E-11 7.1895E-12 4.0151E-12 1.5930E-12 2.7719E-13 0.0000E+00 0.0000E+00 0.0000E+00 0.0000E+00 0.0000E+00 0.0000E+00 0.0000E+00 0.0000E+00 0.0000E+00 0.0000E+00 0.0000E+00 0.0000E+00 0.0000E+00 0.0000E+00 0.0000E+00 0.0000E+00 0.0000E+00 0.0000E+00 0.0000E+00 0.0000E+00 0.0000E+00 0.0000E+00 0.0000E+00 0.0000E+00 0.0000E+00 0.0000E+00 0.0000E+00 0.0000E+00
1.5547E-08 1.4632E-08 1.3585E-08 1.2443E-08 1.1240E-08 1.0020E-08 8.8076E-09 7.6353E-09 6.5307E-09 5.5083E-09 4.5796E-09 3.7509E-09 3.0274E-09 2.4031E-09 1.8711E-09 1.4265E-09 1.0754E-09 7.9099E-10 5.6746E-10 3.9105E-10 2.5392E-10 1.5324E-10 8.0063E-11 3.5344E-11 1.1608E-11 5.3750E-12 2.6216E-12 6.3688E-13 0.0000E+00 0.0000E+00 0.0000E+00 0.0000E+00 0.0000E+00 0.0000E+00 0.0000E+00 0.0000E+00 0.0000E+00 0.0000E+00 0.0000E+00 0.0000E+00 0.0000E+00 0.0000E+00 0.0000E+00 0.0000E+00 0.0000E+00 0.0000E+00 0.0000E+00 0.0000E+00 0.0000E+00 0.0000E+00 0.0000E+00 0.0000E+00 0.0000E+00 0.0000E+00 0.0000E+00 0.0000E+00 0.0000E+00
1.5989E-08 1.5029E-08 1.3930E-08 1.2733E-08 1.1478E-08 1.0198E-08 8.9352E-09 7.7152E-09 6.5663E-09 5.5092E-09 4.5537E-09 3.7096E-09 2.9706E-09 2.3434E-09 1.8036E-09 1.3630E-09 1.0059E-09 7.3320E-10 5.2052E-10 3.5515E-10 2.2566E-10 1.3055E-10 6.2248E-11 2.3528E-11 6.3930E-12 3.3907E-12 1.2890E-12 2.3701E-13 0.0000E+00 0.0000E+00 0.0000E+00 0.0000E+00 0.0000E+00 0.0000E+00 0.0000E+00 0.0000E+00 0.0000E+00 0.0000E+00 0.0000E+00 0.0000E+00 0.0000E+00 0.0000E+00 0.0000E+00 0.0000E+00 0.0000E+00 0.0000E+00 0.0000E+00 0.0000E+00 0.0000E+00 0.0000E+00 0.0000E+00 0.0000E+00 0.0000E+00 0.0000E+00 0.0000E+00 0.0000E+00 0.0000E+00
