Assets/Resources/2015_m01_d16_1700(utc+0800)_l00_csi_1hr_conc.grd
DSAA
         159         159
     -79.000      79.000
     -79.000      79.000
  0.0000E+00  0.2076E-04
[rows 50 to 74 of 159, columns 57 to 113 of 159]
0.0000E+00 0.0000E+00 0.0000E+00 0.0000E+00 0.0000E+00 0.0000E+00 0.0000E+00 0.0000E+00 0.0000E+00 0.0000E+00 0.0000E+00 0.0000E+00 0.0000E+00 0.0000E+00 0.0000E+00 0.0000E+00 3.6006E-12 5.2469E-11 2.8395E-10 6.7288E-10 1.3752E-09 2.5098E-09 4.3842E-09 7.4783E-09 1.3996E-08 2.3940E-08 3.8775E-08 6.0625E-08 9.1161E-08 1.3464E-07 1.0546E-07 8.9054E-08 8.9583E-08 8.8726E-08 8.0943E-08 7.0752E-08 5.9085E-08 4.5547E-08 3.5564E-08 2.8400E-08 2.3593E-08 2.0928E-08 1.9425E-08 1.8600E-08 1.7879E-08 1.7229E-08 1.6595E-08 1.5994E-08 1.5438E-08 1.4908E-08 1.4439E-08 1.3983E-08 1.3538E-08 1.3119E-08 1.2755E-08 1.2411E-08 1.2113E-08
0.0000E+00 0.0000E+00 0.0000E+00 0.0000E+00 0.0000E+00 0.0000E+00 0.0000E+00 0.0000E+00 0.0000E+00 0.0000E+00 0.0000E+00 0.0000E+00 0.0000E+00 0.0000E+00 0.0000E+00 0.0000E+00 0.0000E+00 1.4111E-11 1.7120E-10 5.0869E-10 1.1026E-09 2.1250E-09 3.8408E-09 6.5633E-09 1.2406E-08 2.1781E-08 3.5860E-08 5.6940E-08 8.6378E-08 1.2480E-07 1.1209E-07 9.7796E-08 9.6933E-08 9.5990E-08 8.9460E-08 7.4673E-08 6.0013E-08 4.6268E-08 3.4205E-08 2.6150E-08 2.1409E-08 1.8733E-08 1.7454E-08 1.6686E-08 1.6077E-08 1.5532E-08 1.4994E-08 1.4507E-08 1.4035E-08 1.3597E-08 1.3212E-08 1.2832E-08 1.2467E-08 1.2121E-08 1.1820E-08 1.1535E-08 1.1290E-08
0.0000E+00 0.0000E+00 0.0000E+00 0.0000E+00 0.0000E+00 0.0000E+00 0.0000E+00 0.0000E+00 0.0000E+00 0.0000E+00 0.0000E+00 0.0000E+00 0.0000E+00 0.0000E+00 0.0000E+00 0.0000E+00 0.0000E+00 1.1074E-12 8.1987E-11 3.5824E-10 8.4697E-10 1.6907E-09 3.1870E-09 5.6704E-09 1.0642E-08 1.9351E-08 3.2515E-08 5.2349E-08 8.0475E-08 1.1690E-07 1.2031E-07 1.0526E-07 1.0622E-07 1.0268E-07 9.3742E-08 7.9955E-08 6.1009E-08 4.4607E-08 3.2146E-08 2.3663E-08 1.8885E-08 1.6538E-08 1.5367E-08 1.4696E-08 1.4197E-08 1.3760E-08 1.3343E-08 1.2961E-08 1.2579E-08 1.2247E-08 1.1949E-08 1.1649E-08 1.1361E-08 1.1090E-08 1.0854E-08 1.0630E-08 1.0436E-08
0.0000E+00 0.0000E+00 0.0000E+00 0.0000E+00 0.0000E+00 0.0000E+00 0.0000E+00 0.0000E+00 0.0000E+00 0.0000E+00 0.0000E+00 0.0000E+00 0.0000E+00 0.0000E+00 0.0000E+00 0.0000E+00 0.0000E+00 0.0000E+00 2.9795E-11 2.1788E-10 6.1230E-10 1.2903E-09 2.5085E-09 4.6599E-09 8.7065E-09 1.6777E-08 2.9008E-08 4.7561E-08 7.3731E-08 1.0766E-07 1.1883E-07 1.0852E-07 1.1175E-07 1.1115E-07 9.8382E-08 8.0771E-08 6.1387E-08 4.2726E-08 2.9084E-08 2.0700E-08 1.6307E-08 1.4178E-08 1.3249E-08 1.2699E-08 1.2305E-08 1.1976E-08 1.1683E-08 1.1400E-08 1.1124E-08 1.0892E-08 1.0678E-08 1.0460E-08 1.0247E-08 1.0050E-08 9.8779E-09 9.7123E-09 9.5691E-09
0.0000E+00 0.0000E+00 0.0000E+00 0.0000E+00 0.0000E+00 0.0000E+00 0.0000E+00 0.0000E+00 0.0000E+00 0.0000E+00 0.0000E+00 0.0000E+00 0.0000E+00 0.0000E+00 0.0000E+00 0.0000E+00 0.0000E+00 0.0000E+00 8.5989E-12 1.0503E-10 3.9750E-10 9.0772E-10 1.8533E-09 3.6996E-09 7.0818E-09 1.4366E-08 2.5738E-08 4.3053E-08 6.7645E-08 9.8537E-08 1.2119E-07 1.1485E-07 1.1737E-07 1.1487E-07 1.0309E-07 8.1836E-08 5.9207E-08 3.9928E-08 2.5770E-08 1.7609E-08 1.3564E-08 1.1891E-08 1.1156E-08 1.0753E-08 1.0467E-08 1.0245E-08 1.0061E-08 9.8703E-09 9.7062E-09 9.5651E-09 9.4319E-09 9.2913E-09 9.1505E-09 9.0184E-09 8.9091E-09 8.7999E-09 8.7020E-09
0.0000E+00 0.0000E+00 0.0000E+00 0.0000E+00 0.0000E+00 0.0000E+00 0.0000E+00 0.0000E+00 0.0000E+00 0.0000E+00 0.0000E+00 0.0000E+00 0.0000E+00 0.0000E+00 0.0000E+00 0.0000E+00 0.0000E+00 0.0000E+00 0.0000E+00 3.3328E-11 2.1959E-10 5.9311E-10 1.3065E-09 2.8848E-09 5.9817E-09 1.2384E-08 2.3200E-08 3.9567E-08 6.2419E-08 9.1407E-08 1.2333E-07 1.1857E-07 1.2301E-07 1.1890E-07 1.0425E-07 8.2264E-08 5.7027E-08 3.6026E-08 2.2102E-08 1.4409E-08 1.1057E-08 9.7102E-09 9.1858E-09 8.9094E-09 8.7262E-09 8.6152E-09 8.5243E-09 8.4202E-09 8.3541E-09 8.2922E-09 8.2331E-09 8.1643E-09 8.0913E-09 8.0185E-09 7.9653E-09 7.9057E-09 7.8534E-09
0.0000E+00 0.0000E+00 0.0000E+00 0.0000E+00 0.0000E+00 0.0000E+00 0.0000E+00 0.0000E+00 0.0000E+00 0.0000E+00 0.0000E+00 0.0000E+00 0.0000E+00 0.0000E+00 0.0000E+00 0.0000E+00 0.0000E+00 0.0000E+00 0.0000E+00 5.9413E-12 8.8536E-11 3.3879E-10 9.0099E-10 2.3272E-09 5.3859E-09 1.1357E-08 2.1975E-08 3.7769E-08 5.9179E-08 8.5636E-08 1.1436E-07 1.1927E-07 1.2548E-07 1.2288E-07 1.0569E-07 8.0325E-08 5.4000E-08 3.2127E-08 1.8234E-08 1.1399E-08 8.5751E-09 7.7223E-09 7.3656E-09 7.2163E-09 7.1370E-09 7.1183E-09 7.1025E-09 7.0852E-09 7.0925E-09 7.0993E-09 7.1084E-09 7.1009E-09 7.0862E-09 7.0675E-09 7.0564E-09 7.0432E-09 7.0355E-09
0.0000E+00 0.0000E+00 0.0000E+00 0.0000E+00 0.0000E+00 0.0000E+00 0.0000E+00 0.0000E+00 0.0000E+00 0.0000E+00 0.0000E+00 0.0000E+00 0.0000E+00 0.0000E+00 0.0000E+00 0.0000E+00 0.0000E+00 0.0000E+00 0.0000E+00 0.0000E+00 1.5109E-11 1.6913E-10 6.9371E-10 2.1678E-09 5.5675E-09 1.1966E-08 2.2745E-08 3.8269E-08 5.8408E-08 8.2453E-08 1.0820E-07 1.2106E-07 1.2733E-07 1.2370E-07 1.0617E-07 7.8629E-08 4.9824E-08 2.7832E-08 1.4644E-08 8.6039E-09 6.5785E-09 5.9467E-09 5.7614E-09 5.7189E-09 5.7287E-09 5.7713E-09 5.8164E-09 5.8758E-09 5.9398E-09 6.0033E-09 6.0652E-09 6.1097E-09 6.1452E-09 6.1720E-09 6.1970E-09 6.2274E-09 6.2534E-09
0.0000E+00 0.0000E+00 0.0000E+00 0.0000E+00 0.0000E+00 0.0000E+00 0.0000E+00 0.0000E+00 0.0000E+00 0.0000E+00 0.0000E+00 0.0000E+00 0.0000E+00 0.0000E+00 0.0000E+00 0.0000E+00 0.0000E+00 0.0000E+00 0.0000E+00 0.0000E+00 0.0000E+00 8.5767E-11 7.3865E-10 2.6190E-09 6.8902E-09 1.4564E-08 2.6005E-08 4.1353E-08 5.9831E-08 8.1134E-08 1.0375E-07 1.2135E-07 1.2776E-07 1.2398E-07 1.0508E-07 7.6010E-08 4.5856E-08 2.3420E-08 1.1203E-08 6.2582E-09 4.7892E-09 4.4607E-09 4.4068E-09 4.4489E-09 4.5205E-09 4.6056E-09 4.6950E-09 4.7999E-09 4.9052E-09 5.0121E-09 5.1146E-09 5.2015E-09 5.2757E-09 5.3358E-09 5.3965E-09 5.4601E-09 5.5130E-09
0.0000E+00 0.0000E+00 0.0000E+00 0.0000E+00 0.0000E+00 0.0000E+00 0.0000E+00 0.0000E+00 0.0000E+00 0.0000E+00 0.0000E+00 0.0000E+00 0.0000E+00 0.0000E+00 0.0000E+00 0.0000E+00 0.0000E+00 0.0000E+00 0.0000E+00 0.0000E+00 0.0000E+00 1.5904E-10 1.1422E-09 3.9908E-09 9.9014E-09 1.9521E-08 3.2319E-08 4.7096E-08 6.3405E-08 8.1173E-08 1.0024E-07 1.1706E-07 1.2572E-07 1.2256E-07 1.0302E-07 7.2011E-08 4.1117E-08 1.9234E-08 8.2770E-09 4.2713E-09 3.4144E-09 3.2694E-09 3.3106E-09 3.4073E-09 3.5153E-09 3.6243E-09 3.7485E-09 3.8775E-09 4.0096E-09 4.1428E-09 4.2715E-09 4.3874E-09 4.4889E-09 4.5788E-09 4.6697E-09 4.7538E-09 4.8232E-09
0.0000E+00 0.0000E+00 0.0000E+00 0.0000E+00 0.0000E+00 0.0000E+00 0.0000E+00 0.0000E+00 0.0000E+00 0.0000E+00 0.0000E+00 0.0000E+00 0.0000E+00 0.0000E+00 0.0000E+00 0.0000E+00 0.0000E+00 0.0000E+00 0.0000E+00 0.0000E+00 0.0000E+00 3.9167E-10 2.1417E-09 6.7764E-09 1.5360E-08 2.7525E-08 4.1434E-08 5.5234E-08 6.8302E-08 8.1704E-08 9.6891E-08 1.1244E-07 1.2105E-07 1.1845E-07 9.9137E-08 6.7360E-08 3.5770E-08 1.5088E-08 5.6557E-09 2.9242E-09 2.3714E-09 2.3405E-09 2.4446E-09 2.5692E-09 2.6914E-09 2.8193E-09 2.9578E-09 3.0996E-09 3.2414E-09 3.3879E-09 3.5324E-09 3.6654E-09 3.7867E-09 3.9006E-09 4.0137E-09 4.1097E-09 4.1926E-09
0.0000E+00 0.0000E+00 0.0000E+00 0.0000E+00 0.0000E+00 0.0000E+00 0.0000E+00 0.0000E+00 0.0000E+00 0.0000E+00 0.0000E+00 0.0000E+00 0.0000E+00 0.0000E+00 0.0000E+00 0.0000E+00 0.0000E+00 0.0000E+00 0.0000E+00 0.0000E+00 3.6244E-11 8.6329E-10 4.1163E-09 1.1786E-08 2.4118E-08 3.8733E-08 5.2850E-08 6.4504E-08 7.3888E-08 8.2847E-08 9.3305E-08 1.0539E-07 1.1407E-07 1.1136E-07 9.1966E-08 6.0620E-08 2.9993E-08 1.1266E-08 3.7662E-09 1.8757E-09 1.6131E-09 1.6447E-09 1.7798E-09 1.9124E-09 2.0404E-09 2.1758E-09 2.3151E-09 2.4580E-09 2.6033E-09 2.7539E-09 2.9015E-09 3.0392E-09 3.1707E-09 3.2995E-09 3.4210E-09 3.5268E-09 3.6237E-09
0.0000E+00 0.0000E+00 0.0000E+00 0.0000E+00 0.0000E+00 0.0000E+00 0.0000E+00 0.0000E+00 0.0000E+00 0.0000E+00 0.0000E+00 0.0000E+00 0.0000E+00 0.0000E+00 0.0000E+00 0.0000E+00 0.0000E+00 0.0000E+00 0.0000E+00 0.0000E+00 1.5788E-10 1.9029E-09 7.9303E-09 2.0189E-08 3.6742E-08 5.2856E-08 6.5346E-08 7.3801E-08 7.9364E-08 8.4000E-08 9.0326E-08 9.8450E-08 1.0475E-07 1.0109E-07 8.0971E-08 5.0833E-08 2.3212E-08 7.6572E-09 2.3797E-09 1.1882E-09 1.0604E-09 1.1549E-09 1.2819E-09 1.4138E-09 1.5396E-09 1.6682E-09 1.8016E-09 1.9407E-09 2.0809E-09 2.2245E-09 2.3684E-09 2.5039E-09 2.6427E-09 2.7780E-09 2.8985E-09 3.0086E-09 3.1097E-09
0.0000E+00 0.0000E+00 0.0000E+00 0.0000E+00 0.0000E+00 0.0000E+00 0.0000E+00 0.0000E+00 0.0000E+00 0.0000E+00 0.0000E+00 0.0000E+00 0.0000E+00 0.0000E+00 0.0000E+00 0.0000E+00 0.0000E+00 0.0000E+00 0.0000E+00 0.0000E+00 5.4210E-10 4.2552E-09 1.5314E-08 3.3451E-08 5.2984E-08 6.8134E-08 7.7294E-08 8.1876E-08 8.3846E-08 8.5797E-08 8.8583E-08 9.2535E-08 9.3721E-08 8.6090E-08 6.6027E-08 3.8309E-08 1.5899E-08 4.7445E-09 1.2862E-09 7.2629E-10 7.0391E-10 8.0765E-10 9.2025E-10 1.0412E-09 1.1572E-09 1.2760E-09 1.3984E-09 1.5281E-09 1.6589E-09 1.7911E-09 1.9250E-09 2.0581E-09 2.1959E-09 2.3261E-09 2.4435E-09 2.5544E-09 2.6533E-09
0.0000E+00 0.0000E+00 0.0000E+00 0.0000E+00 0.0000E+00 0.0000E+00 0.0000E+00 0.0000E+00 0.0000E+00 0.0000E+00 0.0000E+00 0.0000E+00 0.0000E+00 0.0000E+00 0.0000E+00 0.0000E+00 0.0000E+00 0.0000E+00 0.0000E+00 7.7611E-11 1.5025E-09 9.7269E-09 2.8756E-08 5.2534E-08 7.1322E-08 8.2117E-08 8.6713E-08 8.8013E-08 8.8048E-08 8.7821E-08 8.8395E-08 8.7902E-08 8.2281E-08 6.7844E-08 4.6564E-08 2.4280E-08 8.7545E-09 2.4833E-09 7.0485E-10 4.4820E-10 4.7963E-10 5.6704E-10 6.6332E-10 7.6624E-10 8.6999E-10 9.7537E-10 1.0857E-09 1.2018E-09 1.3205E-09 1.4389E-09 1.5620E-09 1.6906E-09 1.8182E-09 1.9392E-09 2.0535E-09 2.1576E-09 2.2523E-09
0.0000E+00 0.0000E+00 0.0000E+00 0.0000E+00 0.0000E+00 0.0000E+00 0.0000E+00 0.0000E+00 0.0000E+00 0.0000E+00 0.0000E+00 0.0000E+00 0.0000E+00 0.0000E+00 0.0000E+00 0.0000E+00 0.0000E+00 0.0000E+00 0.0000E+00 3.4427E-10 4.0588E-09 2.1249E-08 5.2019E-08 7.6567E-08 8.8589E-08 9.2884E-08 9.3590E-08 9.2771E-08 9.1595E-08 9.0801E-08 8.9347E-08 8.3729E-08 6.9513E-08 4.8371E-08 2.7274E-08 1.2057E-08 3.9581E-09 1.0049E-09 2.9305E-10 2.7422E-10 3.4010E-10 4.1079E-10 4.8793E-10 5.7039E-10 6.5495E-10 7.4626E-10 8.4292E-10 9.4572E-10 1.0493E-09 1.1549E-09 1.2703E-09 1.3874E-09 1.5022E-09 1.6132E-09 1.7182E-09 1.8144E-09 1.9041E-09
0.0000E+00 0.0000E+00 0.0000E+00 0.0000E+00 0.0000E+00 0.0000E+00 0.0000E+00 0.0000E+00 0.0000E+00 0.0000E+00 0.0000E+00 0.0000E+00 0.0000E+00 0.0000E+00 0.0000E+00 0.0000E+00 0.0000E+00 0.0000E+00 0.0000E+00 3.5928E-10 6.7690E-09 3.9657E-08 8.7779E-08 1.0149E-07 1.0038E-07 9.9866E-08 9.8344E-08 9.6563E-08 9.4715E-08 9.3537E-08 8.9931E-08 7.6881E-08 5.3348E-08 2.9489E-08 1.2907E-08 4.4863E-09 1.1916E-09 2.4725E-10 1.2587E-10 1.9149E-10 2.5315E-10 3.1090E-10 3.7460E-10 4.4259E-10 5.1244E-10 5.8927E-10 6.6996E-10 7.5525E-10 8.4380E-10 9.3777E-10 1.0381E-09 1.1399E-09 1.2417E-09 1.3401E-09 1.4346E-09 1.5217E-09 1.6026E-09
0.0000E+00 0.0000E+00 0.0000E+00 0.0000E+00 0.0000E+00 0.0000E+00 0.0000E+00 0.0000E+00 0.0000E+00 0.0000E+00 0.0000E+00 0.0000E+00 0.0000E+00 0.0000E+00 0.0000E+00 0.0000E+00 0.0000E+00 0.0000E+00 0.0000E+00 2.9585E-11 7.9124E-09 6.6434E-08 1.4517E-07 1.2592E-07 1.0765E-07 1.0504E-07 1.0265E-07 1.0031E-07 9.8741E-08 9.6124E-08 8.6277E-08 6.2607E-08 3.3764E-08 1.3625E-08 4.2746E-09 1.0495E-09 1.3819E-10 4.8743E-11 7.8774E-11 1.2760E-10 1.8383E-10 2.4000E-10 2.9501E-10 3.5264E-10 4.1188E-10 4.7617E-10 5.4402E-10 6.1627E-10 6.9049E-10 7.6990E-10 8.5488E-10 9.4165E-10 1.0294E-09 1.1151E-09 1.1973E-09 1.2747E-09 1.3468E-09
0.0000E+00 0.0000E+00 0.0000E+00 0.0000E+00 0.0000E+00 0.0000E+00 0.0000E+00 0.0000E+00 0.0000E+00 0.0000E+00 0.0000E+00 0.0000E+00 0.0000E+00 0.0000E+00 0.0000E+00 0.0000E+00 0.0000E+00 0.0000E+00 0.0000E+00 1.5588E-12 4.7011E-09 8.9808E-08 2.2566E-07 1.4055E-07 1.1112E-07 1.0956E-07 1.0732E-07 1.0455E-07 1.0178E-07 9.5888E-08 7.3877E-08 3.9825E-08 1.4882E-08 4.0308E-09 7.3419E-10 1.0949E-11 1.6501E-11 2.8514E-11 4.7039E-11 8.3291E-11 1.3095E-10 1.7881E-10 2.2550E-10 2.7311E-10 3.2404E-10 3.7898E-10 4.3846E-10 5.0325E-10 5.6983E-10 6.3785E-10 7.0680E-10 7.7692E-10 8.4997E-10 9.2457E-10 9.9731E-10 1.0646E-09 1.1271E-09
0.0000E+00 0.0000E+00 0.0000E+00 0.0000E+00 0.0000E+00 0.0000E+00 0.0000E+00 0.0000E+00 0.0000E+00 0.0000E+00 0.0000E+00 0.0000E+00 0.0000E+00 0.0000E+00 0.0000E+00 0.0000E+00 0.0000E+00 0.0000E+00 0.0000E+00 0.0000E+00 6.4028E-11 9.9817E-08 3.5036E-07 1.4469E-07 1.1640E-07 1.1451E-07 1.1264E-07 1.0999E-07 1.0571E-07 8.7091E-08 4.8061E-08 1.6464E-08 3.6127E-09 4.5706E-10 7.6614E-13 3.8066E-12 8.8978E-12 1.7209E-11 2.8343E-11 4.9308E-11 9.1231E-11 1.3292E-10 1.7696E-10 2.1761E-10 2.6018E-10 3.0651E-10 3.5631E-10 4.1064E-10 4.6786E-10 5.2661E-10 5.8704E-10 6.4785E-10 7.0822E-10 7.6746E-10 8.2691E-10 8.8396E-10 9.3877E-10
0.0000E+00 0.0000E+00 0.0000E+00 0.0000E+00 0.0000E+00 0.0000E+00 0.0000E+00 0.0000E+00 0.0000E+00 0.0000E+00 0.0000E+00 0.0000E+00 0.0000E+00 0.0000E+00 0.0000E+00 0.0000E+00 0.0000E+00 0.0000E+00 0.0000E+00 0.0000E+00 1.2587E-12 1.0607E-07 4.8324E-07 1.5144E-07 1.2310E-07 1.2240E-07 1.1919E-07 1.1491E-07 1.0322E-07 5.9746E-08 1.8121E-08 3.1172E-09 1.9517E-10 9.2067E-15 0.0000E+00 1.2345E-12 4.6170E-12 9.9405E-12 1.7314E-11 2.8919E-11 5.8066E-11 9.4731E-11 1.3300E-10 1.7355E-10 2.0961E-10 2.4854E-10 2.9017E-10 3.3478E-10 3.8333E-10 4.3423E-10 4.8604E-10 5.3813E-10 5.8993E-10 6.4028E-10 6.8963E-10 7.3618E-10 7.8023E-10
0.0000E+00 0.0000E+00 0.0000E+00 0.0000E+00 0.0000E+00 0.0000E+00 0.0000E+00 0.0000E+00 0.0000E+00 0.0000E+00 0.0000E+00 0.0000E+00 0.0000E+00 0.0000E+00 0.0000E+00 0.0000E+00 0.0000E+00 0.0000E+00 0.0000E+00 0.0000E+00 0.0000E+00 9.9442E-08 6.6454E-07 1.5330E-07 1.2828E-07 1.2653E-07 1.2500E-07 1.1932E-07 7.8922E-08 2.0162E-08 2.1747E-09 1.8298E-12 0.0000E+00 0.0000E+00 0.0000E+00 1.4979E-13 1.6514E-12 5.0653E-12 1.0437E-11 1.7773E-11 3.0593E-11 6.2374E-11 9.5788E-11 1.3120E-10 1.6716E-10 2.0048E-10 2.3576E-10 2.7287E-10 3.1260E-10 3.5518E-10 3.9942E-10 4.4389E-10 4.8811E-10 5.3102E-10 5.7276E-10 6.1182E-10 6.4892E-10
0.0000E+00 0.0000E+00 0.0000E+00 0.0000E+00 0.0000E+00 0.0000E+00 0.0000E+00 0.0000E+00 0.0000E+00 0.0000E+00 0.0000E+00 0.0000E+00 0.0000E+00 0.0000E+00 0.0000E+00 0.0000E+00 0.0000E+00 0.0000E+00 0.0000E+00 0.0000E+00 0.0000E+00 7.7520E-08 9.1629E-07 1.5615E-07 1.3766E-07 1.3417E-07 1.3049E-07 1.0011E-07 2.5712E-08 1.4437E-09 0.0000E+00 0.0000E+00 2.0306E-14 1.8318E-14 0.0000E+00 0.0000E+00 2.8297E-13 2.0455E-12 5.3764E-12 1.0471E-11 1.7530E-11 3.5944E-11 6.2894E-11 9.3800E-11 1.2638E-10 1.5766E-10 1.8767E-10 2.1918E-10 2.5226E-10 2.8697E-10 3.2359E-10 3.6138E-10 3.9891E-10 4.3535E-10 4.7060E-10 5.0332E-10 5.3436E-10
0.0000E+00 0.0000E+00 0.0000E+00 0.0000E+00 0.0000E+00 0.0000E+00 0.0000E+00 0.0000E+00 0.0000E+00 0.0000E+00 0.0000E+00 0.0000E+00 0.0000E+00 0.0000E+00 0.0000E+00 0.0000E+00 0.0000E+00 0.0000E+00 0.0000E+00 0.0000E+00 0.0000E+00 4.4536E-08 1.2762E-06 1.5194E-07 1.4816E-07 1.4396E-07 1.2786E-07 3.9749E-08 1.6741E-09 0.0000E+00 2.0614E-14 0.0000E+00 0.0000E+00 0.0000E+00 0.0000E+00 3.7344E-14 0.0000E+00 3.6874E-13 2.0988E-12 5.4012E-12 1.0215E-11 1.6734E-11 3.8168E-11 6.2940E-11 9.0785E-11 1.1933E-10 1.4592E-10 1.7250E-10 2.0070E-10 2.3000E-10 2.6010E-10 2.9117E-10 3.2286E-10 3.5363E-10 3.8325E-10 4.1075E-10 4.3657E-10
0.0000E+00 0.0000E+00 0.0000E+00 0.0000E+00 0.0000E+00 0.0000E+00 0.0000E+00 0.0000E+00 0.0000E+00 0.0000E+00 0.0000E+00 0.0000E+00 0.0000E+00 0.0000E+00 0.0000E+00 0.0000E+00 0.0000E+00 0.0000E+00 0.0000E+00 0.0000E+00 0.0000E+00 7.1556E-11 1.8314E-06 1.6504E-07 1.6041E-07 1.5332E-07 6.3086E-08 2.1513E-09 0.0000E+00 0.0000E+00 0.0000E+00 0.0000E+00 3.0156E-14 1.0797E-14 0.0000E+00 0.0000E+00 0.0000E+00 5.0400E-14 3.9761E-13 1.9811E-12 5.0074E-12 9.5693E-12 1.7161E-11 3.7999E-11 6.1820E-11 8.5604E-11 1.1022E-10 1.3210E-10 1.5524E-10 1.7971E-10 2.0488E-10 2.3049E-10 2.5669E-10 2.8244E-10 3.0721E-10 3.3037E-10 3.5195E-10
