Assets/Resources/2015_m01_d30_1300(utc+0800)_l00_csi_1hr_conc.grd
DSAA
         159         159
     -79.000      79.000
     -79.000      79.000
  0.0000E+00  0.4970E-05
[rows 25 to 49 of 159, columns 57 to 113 of 159]
0.0000E+00 0.0000E+00 0.0000E+00 0.0000E+00 0.0000E+00 0.0000E+00 0.0000E+00 0.0000E+00 0.0000E+00 0.0000E+00 0.0000E+00 0.0000E+00 0.0000E+00 0.0000E+00 0.0000E+00 0.0000E+00 0.0000E+00 0.0000E+00 0.0000E+00 0.0000E+00 0.0000E+00 0.0000E+00 0.0000E+00 0.0000E+00 0.0000E+00 0.0000E+00 0.0000E+00 0.0000E+00 0.0000E+00 0.0000E+00 0.0000E+00 0.0000E+00 0.0000E+00 2.0456E-12 8.1461E-12 1.8356E-11 4.2610E-11 7.7236E-11 1.2665E-10 1.9191E-10 2.7810E-10 3.7008E-10 4.9353E-10 6.3865E-10 7.9886E-10 9.9614E-10 1.2130E-09 1.4593E-09 1.7390E-09 2.0559E-09 2.4111E-09 2.8008E-09 3.2252E-09 3.6845E-09 4.1818E-09 4.7159E-09 5.2853E-09
0.0000E+00 0.0000E+00 0.0000E+00 0.0000E+00 0.0000E+00 0.0000E+00 0.0000E+00 0.0000E+00 0.0000E+00 0.0000E+00 0.0000E+00 0.0000E+00 0.0000E+00 0.0000E+00 0.0000E+00 0.0000E+00 0.0000E+00 0.0000E+00 0.0000E+00 0.0000E+00 0.0000E+00 0.0000E+00 0.0000E+00 0.0000E+00 0.0000E+00 0.0000E+00 0.0000E+00 0.0000E+00 0.0000E+00 0.0000E+00 0.0000E+00 0.0000E+00 2.8086E-13 4.1485E-12 1.1695E-11 2.4974E-11 4.7580E-11 8.6686E-11 1.3964E-10 2.0984E-10 2.9669E-10 4.0495E-10 5.3378E-10 6.8741E-10 8.6586E-10 1.0788E-09 1.3159E-09 1.5797E-09 1.8834E-09 2.2223E-09 2.6024E-09 3.0193E-09 3.4693E-09 3.9584E-09 4.4862E-09 5.0515E-09 5.6528E-09
0.0000E+00 0.0000E+00 0.0000E+00 0.0000E+00 0.0000E+00 0.0000E+00 0.0000E+00 0.0000E+00 0.0000E+00 0.0000E+00 0.0000E+00 0.0000E+00 0.0000E+00 0.0000E+00 0.0000E+00 0.0000E+00 0.0000E+00 0.0000E+00 0.0000E+00 0.0000E+00 0.0000E+00 0.0000E+00 0.0000E+00 0.0000E+00 0.0000E+00 0.0000E+00 0.0000E+00 0.0000E+00 0.0000E+00 0.0000E+00 0.0000E+00 0.0000E+00 1.1761E-12 7.4177E-12 1.6998E-11 3.2761E-11 5.6952E-11 1.0093E-10 1.5756E-10 2.3044E-10 3.2423E-10 4.3982E-10 5.8272E-10 7.4425E-10 9.3803E-10 1.1733E-09 1.4290E-09 1.7147E-09 2.0425E-09 2.4061E-09 2.8121E-09 3.2551E-09 3.7344E-09 4.2530E-09 4.8115E-09 5.4075E-09 6.0391E-09
0.0000E+00 0.0000E+00 0.0000E+00 0.0000E+00 0.0000E+00 0.0000E+00 0.0000E+00 0.0000E+00 0.0000E+00 0.0000E+00 0.0000E+00 0.0000E+00 0.0000E+00 0.0000E+00 0.0000E+00 0.0000E+00 0.0000E+00 0.0000E+00 0.0000E+00 0.0000E+00 0.0000E+00 0.0000E+00 0.0000E+00 0.0000E+00 0.0000E+00 0.0000E+00 0.0000E+00 0.0000E+00 0.0000E+00 0.0000E+00 0.0000E+00 0.0000E+00 3.4363E-12 1.1904E-11 2.3446E-11 4.2681E-11 6.9668E-11 1.1610E-10 1.7438E-10 2.5144E-10 3.5602E-10 4.7940E-10 6.3306E-10 8.0861E-10 1.0198E-09 1.2750E-09 1.5496E-09 1.8630E-09 2.2156E-09 2.6057E-09 3.0392E-09 3.5086E-09 4.0183E-09 4.5689E-09 5.1590E-09 5.7863E-09 6.4483E-09
0.0000E+00 0.0000E+00 0.0000E+00 0.0000E+00 0.0000E+00 0.0000E+00 0.0000E+00 0.0000E+00 0.0000E+00 0.0000E+00 0.0000E+00 0.0000E+00 0.0000E+00 0.0000E+00 0.0000E+00 0.0000E+00 0.0000E+00 0.0000E+00 0.0000E+00 0.0000E+00 0.0000E+00 0.0000E+00 0.0000E+00 0.0000E+00 0.0000E+00 0.0000E+00 0.0000E+00 0.0000E+00 0.0000E+00 0.0000E+00 0.0000E+00 7.5285E-13 6.6169E-12 1.6750E-11 3.1652E-11 5.3368E-11 8.5078E-11 1.3269E-10 1.9460E-10 2.8127E-10 3.8842E-10 5.2806E-10 6.8814E-10 8.8052E-10 1.1118E-09 1.3810E-09 1.6846E-09 2.0258E-09 2.4036E-09 2.8223E-09 3.2836E-09 3.7834E-09 4.3249E-09 4.9075E-09 5.5295E-09 6.1873E-09 6.8777E-09
0.0000E+00 0.0000E+00 0.0000E+00 0.0000E+00 0.0000E+00 0.0000E+00 0.0000E+00 0.0000E+00 0.0000E+00 0.0000E+00 0.0000E+00 0.0000E+00 0.0000E+00 0.0000E+00 0.0000E+00 0.0000E+00 0.0000E+00 0.0000E+00 0.0000E+00 0.0000E+00 0.0000E+00 0.0000E+00 0.0000E+00 0.0000E+00 0.0000E+00 0.0000E+00 0.0000E+00 0.0000E+00 0.0000E+00 0.0000E+00 0.0000E+00 3.0014E-12 1.1395E-11 2.2924E-11 4.1495E-11 6.5193E-11 1.0234E-10 1.5119E-10 2.2388E-10 3.1533E-10 4.2961E-10 5.7307E-10 7.5087E-10 9.6039E-10 1.2150E-09 1.4988E-09 1.8306E-09 2.2037E-09 2.6094E-09 3.0590E-09 3.5497E-09 4.0815E-09 4.6556E-09 5.2689E-09 5.9217E-09 6.6100E-09 7.3284E-09
0.0000E+00 0.0000E+00 0.0000E+00 0.0000E+00 0.0000E+00 0.0000E+00 0.0000E+00 0.0000E+00 0.0000E+00 0.0000E+00 0.0000E+00 0.0000E+00 0.0000E+00 0.0000E+00 0.0000E+00 0.0000E+00 0.0000E+00 0.0000E+00 0.0000E+00 0.0000E+00 0.0000E+00 0.0000E+00 0.0000E+00 0.0000E+00 0.0000E+00 0.0000E+00 0.0000E+00 0.0000E+00 0.0000E+00 0.0000E+00 7.1922E-13 5.8199E-12 1.6162E-11 3.0647E-11 5.2176E-11 7.9640E-11 1.2296E-10 1.7671E-10 2.5476E-10 3.5283E-10 4.7216E-10 6.3170E-10 8.2562E-10 1.0537E-09 1.3183E-09 1.6304E-09 1.9926E-09 2.3921E-09 2.8289E-09 3.3121E-09 3.8341E-09 4.3996E-09 5.0069E-09 5.6525E-09 6.3353E-09 7.0522E-09 7.7978E-09
0.0000E+00 0.0000E+00 0.0000E+00 0.0000E+00 0.0000E+00 0.0000E+00 0.0000E+00 0.0000E+00 0.0000E+00 0.0000E+00 0.0000E+00 0.0000E+00 0.0000E+00 0.0000E+00 0.0000E+00 0.0000E+00 0.0000E+00 0.0000E+00 0.0000E+00 0.0000E+00 0.0000E+00 0.0000E+00 0.0000E+00 0.0000E+00 0.0000E+00 0.0000E+00 0.0000E+00 0.0000E+00 0.0000E+00 0.0000E+00 2.5622E-12 1.0499E-11 2.1308E-11 3.9665E-11 6.3610E-11 9.7618E-11 1.4642E-10 2.0631E-10 2.8862E-10 3.9506E-10 5.3108E-10 7.0012E-10 9.0594E-10 1.1488E-09 1.4380E-09 1.7792E-09 2.1686E-09 2.5980E-09 3.0689E-09 3.5851E-09 4.1404E-09 4.7407E-09 5.3810E-09 6.0593E-09 6.7718E-09 7.5154E-09 8.2842E-09
0.0000E+00 0.0000E+00 0.0000E+00 0.0000E+00 0.0000E+00 0.0000E+00 0.0000E+00 0.0000E+00 0.0000E+00 0.0000E+00 0.0000E+00 0.0000E+00 0.0000E+00 0.0000E+00 0.0000E+00 0.0000E+00 0.0000E+00 0.0000E+00 0.0000E+00 0.0000E+00 0.0000E+00 0.0000E+00 0.0000E+00 0.0000E+00 0.0000E+00 0.0000E+00 0.0000E+00 0.0000E+00 0.0000E+00 2.1568E-13 5.3395E-12 1.4475E-11 2.8877E-11 5.0292E-11 7.7714E-11 1.1931E-10 1.7197E-10 2.4091E-10 3.3108E-10 4.4949E-10 5.9542E-10 7.7524E-10 9.9256E-10 1.2596E-09 1.5757E-09 1.9410E-09 2.3541E-09 2.8197E-09 3.3246E-09 3.8757E-09 4.4672E-09 5.1023E-09 5.7759E-09 6.4858E-09 7.2271E-09 7.9960E-09 8.7871E-09
0.0000E+00 0.0000E+00 0.0000E+00 0.0000E+00 0.0000E+00 0.0000E+00 0.0000E+00 0.0000E+00 0.0000E+00 0.0000E+00 0.0000E+00 0.0000E+00 0.0000E+00 0.0000E+00 0.0000E+00 0.0000E+00 0.0000E+00 0.0000E+00 0.0000E+00 0.0000E+00 0.0000E+00 0.0000E+00 0.0000E+00 0.0000E+00 0.0000E+00 0.0000E+00 0.0000E+00 0.0000E+00 0.0000E+00 1.5538E-12 9.1312E-12 1.9670E-11 3.7991E-11 6.2308E-11 9.5339E-11 1.4335E-10 2.0172E-10 2.8120E-10 3.8021E-10 5.0817E-10 6.6602E-10 8.6066E-10 1.1013E-09 1.3871E-09 1.7237E-09 2.1130E-09 2.5551E-09 3.0590E-09 3.5993E-09 4.1865E-09 4.8148E-09 5.4838E-09 6.1896E-09 6.9322E-09 7.7018E-09 8.4934E-09 9.3015E-09
0.0000E+00 0.0000E+00 0.0000E+00 0.0000E+00 0.0000E+00 0.0000E+00 0.0000E+00 0.0000E+00 0.0000E+00 0.0000E+00 0.0000E+00 0.0000E+00 0.0000E+00 0.0000E+00 0.0000E+00 0.0000E+00 0.0000E+00 0.0000E+00 0.0000E+00 0.0000E+00 0.0000E+00 0.0000E+00 0.0000E+00 0.0000E+00 0.0000E+00 0.0000E+00 0.0000E+00 0.0000E+00 0.0000E+00 3.9647E-12 1.3464E-11 2.7582E-11 4.8964E-11 7.5692E-11 1.1593E-10 1.6999E-10 2.3740E-10 3.2668E-10 4.3600E-10 5.7674E-10 7.4934E-10 9.6368E-10 1.2199E-09 1.5249E-09 1.8805E-09 2.3017E-09 2.7798E-09 3.3154E-09 3.8929E-09 4.5152E-09 5.1813E-09 5.8869E-09 6.6254E-09 7.3964E-09 8.1919E-09 9.0051E-09 9.8292E-09
0.0000E+00 0.0000E+00 0.0000E+00 0.0000E+00 0.0000E+00 0.0000E+00 0.0000E+00 0.0000E+00 0.0000E+00 0.0000E+00 0.0000E+00 0.0000E+00 0.0000E+00 0.0000E+00 0.0000E+00 0.0000E+00 0.0000E+00 0.0000E+00 0.0000E+00 0.0000E+00 0.0000E+00 0.0000E+00 0.0000E+00 0.0000E+00 0.0000E+00 0.0000E+00 0.0000E+00 0.0000E+00 4.8140E-13 8.1458E-12 1.9075E-11 3.6950E-11 6.1270E-11 9.3657E-11 1.4047E-10 1.9989E-10 2.7815E-10 3.7757E-10 4.9949E-10 6.5589E-10 8.4476E-10 1.0765E-09 1.3499E-09 1.6762E-09 2.0647E-09 2.5108E-09 3.0196E-09 3.5883E-09 4.2021E-09 4.8609E-09 5.5626E-09 6.3056E-09 7.0791E-09 7.8772E-09 8.6951E-09 9.5258E-09 1.0360E-08
0.0000E+00 0.0000E+00 0.0000E+00 0.0000E+00 0.0000E+00 0.0000E+00 0.0000E+00 0.0000E+00 0.0000E+00 0.0000E+00 0.0000E+00 0.0000E+00 0.0000E+00 0.0000E+00 0.0000E+00 0.0000E+00 0.0000E+00 0.0000E+00 0.0000E+00 0.0000E+00 0.0000E+00 0.0000E+00 0.0000E+00 0.0000E+00 0.0000E+00 0.0000E+00 0.0000E+00 0.0000E+00 2.8131E-12 1.3379E-11 2.6858E-11 4.8478E-11 7.5605E-11 1.1439E-10 1.6804E-10 2.3645E-10 3.2498E-10 4.3538E-10 5.7496E-10 7.4553E-10 9.5168E-10 1.2030E-09 1.4999E-09 1.8529E-09 2.2646E-09 2.7380E-09 3.2718E-09 3.8717E-09 4.5291E-09 5.2252E-09 5.9644E-09 6.7404E-09 7.5465E-09 8.3706E-09 9.2073E-09 1.0052E-08 1.0894E-08
0.0000E+00 0.0000E+00 0.0000E+00 0.0000E+00 0.0000E+00 0.0000E+00 0.0000E+00 0.0000E+00 0.0000E+00 0.0000E+00 0.0000E+00 0.0000E+00 0.0000E+00 0.0000E+00 0.0000E+00 0.0000E+00 0.0000E+00 0.0000E+00 0.0000E+00 0.0000E+00 0.0000E+00 0.0000E+00 0.0000E+00 0.0000E+00 0.0000E+00 0.0000E+00 0.0000E+00 6.6848E-13 6.9189E-12 1.9793E-11 3.7474E-11 6.4382E-11 9.7696E-11 1.4427E-10 2.0485E-10 2.8500E-10 3.8491E-10 5.0797E-10 6.6345E-10 8.4958E-10 1.0788E-09 1.3496E-09 1.6718E-09 2.0486E-09 2.4846E-09 2.9835E-09 3.5520E-09 4.1845E-09 4.8700E-09 5.6030E-09 6.3767E-09 7.1860E-09 8.0225E-09 8.8722E-09 9.7266E-09 1.0577E-08 1.1420E-08
0.0000E+00 0.0000E+00 0.0000E+00 0.0000E+00 0.0000E+00 0.0000E+00 0.0000E+00 0.0000E+00 0.0000E+00 0.0000E+00 0.0000E+00 0.0000E+00 0.0000E+00 0.0000E+00 0.0000E+00 0.0000E+00 0.0000E+00 0.0000E+00 0.0000E+00 0.0000E+00 0.0000E+00 0.0000E+00 0.0000E+00 0.0000E+00 0.0000E+00 0.0000E+00 2.8690E-13 3.3621E-12 1.2395E-11 2.9063E-11 5.2466E-11 8.4879E-11 1.2545E-10 1.7943E-10 2.4822E-10 3.4008E-10 4.5126E-10 5.9192E-10 7.6358E-10 9.6960E-10 1.2212E-09 1.5140E-09 1.8626E-09 2.2646E-09 2.7296E-09 3.2552E-09 3.8497E-09 4.5066E-09 5.2249E-09 5.9959E-09 6.8010E-09 7.6432E-09 8.5045E-09 9.3747E-09 1.0245E-08 1.1100E-08 1.1937E-08
0.0000E+00 0.0000E+00 0.0000E+00 0.0000E+00 0.0000E+00 0.0000E+00 0.0000E+00 0.0000E+00 0.0000E+00 0.0000E+00 0.0000E+00 0.0000E+00 0.0000E+00 0.0000E+00 0.0000E+00 0.0000E+00 0.0000E+00 0.0000E+00 0.0000E+00 0.0000E+00 0.0000E+00 0.0000E+00 0.0000E+00 0.0000E+00 0.0000E+00 1.2965E-13 2.2189E-12 7.7116E-12 2.0388E-11 4.1836E-11 6.9965E-11 1.0715E-10 1.5609E-10 2.1948E-10 3.0027E-10 4.0476E-10 5.3098E-10 6.8896E-10 8.7904E-10 1.1078E-09 1.3801E-09 1.6997E-09 2.0755E-09 2.5053E-09 2.9953E-09 3.5482E-09 4.1671E-09 4.8489E-09 5.5952E-09 6.3966E-09 7.2326E-09 8.0959E-09 8.9840E-09 9.8754E-09 1.0753E-08 1.1610E-08 1.2435E-08
0.0000E+00 0.0000E+00 0.0000E+00 0.0000E+00 0.0000E+00 0.0000E+00 0.0000E+00 0.0000E+00 0.0000E+00 0.0000E+00 0.0000E+00 0.0000E+00 0.0000E+00 0.0000E+00 0.0000E+00 0.0000E+00 0.0000E+00 0.0000E+00 0.0000E+00 0.0000E+00 0.0000E+00 0.0000E+00 0.0000E+00 0.0000E+00 0.0000E+00 1.7937E-12 5.8548E-12 1.3729E-11 3.2416E-11 5.9824E-11 9.5245E-11 1.3962E-10 1.9726E-10 2.7065E-10 3.6385E-10 4.8076E-10 6.2512E-10 8.0177E-10 1.0102E-09 1.2630E-09 1.5589E-09 1.9080E-09 2.3092E-09 2.7675E-09 3.2841E-09 3.8608E-09 4.5041E-09 5.2113E-09 5.9813E-09 6.8094E-09 7.6690E-09 8.5568E-09 9.4584E-09 1.0357E-08 1.1245E-08 1.2098E-08 1.2910E-08
0.0000E+00 0.0000E+00 0.0000E+00 0.0000E+00 0.0000E+00 0.0000E+00 0.0000E+00 0.0000E+00 0.0000E+00 0.0000E+00 0.0000E+00 0.0000E+00 0.0000E+00 0.0000E+00 0.0000E+00 0.0000E+00 0.0000E+00 0.0000E+00 0.0000E+00 0.0000E+00 0.0000E+00 0.0000E+00 0.0000E+00 0.0000E+00 8.9360E-13 4.7987E-12 1.0757E-11 2.4131E-11 4.7623E-11 8.0288E-11 1.2305E-10 1.7655E-10 2.4636E-10 3.3191E-10 4.4244E-10 5.7636E-10 7.4076E-10 9.3711E-10 1.1695E-09 1.4470E-09 1.7696E-09 2.1438E-09 2.5749E-09 3.0618E-09 3.6027E-09 4.2050E-09 4.8645E-09 5.5920E-09 6.3791E-09 7.2171E-09 8.1017E-09 9.0086E-09 9.9165E-09 1.0825E-08 1.1705E-08 1.2552E-08 1.3343E-08
0.0000E+00 0.0000E+00 0.0000E+00 0.0000E+00 0.0000E+00 0.0000E+00 0.0000E+00 0.0000E+00 0.0000E+00 0.0000E+00 0.0000E+00 0.0000E+00 0.0000E+00 0.0000E+00 0.0000E+00 0.0000E+00 0.0000E+00 0.0000E+00 0.0000E+00 0.0000E+00 0.0000E+00 0.0000E+00 0.0000E+00 1.6761E-13 3.9325E-12 8.9397E-12 1.8287E-11 3.9790E-11 7.0091E-11 1.1150E-10 1.6451E-10 2.3023E-10 3.1387E-10 4.1374E-10 5.3993E-10 6.9170E-10 8.7569E-10 1.0937E-09 1.3517E-09 1.6525E-09 2.0047E-09 2.4078E-09 2.8650E-09 3.3783E-09 3.9421E-09 4.5681E-09 5.2491E-09 5.9897E-09 6.7892E-09 7.6367E-09 8.5334E-09 9.4422E-09 1.0360E-08 1.1258E-08 1.2134E-08 1.2961E-08 1.3727E-08
0.0000E+00 0.0000E+00 0.0000E+00 0.0000E+00 0.0000E+00 0.0000E+00 0.0000E+00 0.0000E+00 0.0000E+00 0.0000E+00 0.0000E+00 0.0000E+00 0.0000E+00 0.0000E+00 0.0000E+00 0.0000E+00 0.0000E+00 0.0000E+00 0.0000E+00 0.0000E+00 0.0000E+00 0.0000E+00 0.0000E+00 2.5728E-12 7.5344E-12 1.3463E-11 3.2223E-11 5.8951E-11 9.5790E-11 1.4675E-10 2.0991E-10 2.8861E-10 3.8692E-10 5.0524E-10 6.5100E-10 8.2515E-10 1.0343E-09 1.2787E-09 1.5650E-09 1.8918E-09 2.2719E-09 2.7048E-09 3.1896E-09 3.7276E-09 4.3183E-09 4.9650E-09 5.6617E-09 6.4096E-09 7.2081E-09 8.0578E-09 8.9424E-09 9.8589E-09 1.0771E-08 1.1664E-08 1.2516E-08 1.3315E-08 1.4049E-08
0.0000E+00 0.0000E+00 0.0000E+00 0.0000E+00 0.0000E+00 0.0000E+00 0.0000E+00 0.0000E+00 0.0000E+00 0.0000E+00 0.0000E+00 0.0000E+00 0.0000E+00 0.0000E+00 0.0000E+00 0.0000E+00 0.0000E+00 0.0000E+00 0.0000E+00 0.0000E+00 0.0000E+00 0.0000E+00 1.0144E-12 5.7923E-12 1.1479E-11 2.5390E-11 4.9797E-11 8.3057E-11 1.2980E-10 1.9253E-10 2.7080E-10 3.6567E-10 4.7982E-10 6.1787E-10 7.8450E-10 9.8297E-10 1.2171E-09 1.4880E-09 1.8011E-09 2.1573E-09 2.5683E-09 3.0290E-09 3.5419E-09 4.1026E-09 4.7162E-09 5.3822E-09 6.0920E-09 6.8451E-09 7.6447E-09 8.4813E-09 9.3574E-09 1.0246E-08 1.1143E-08 1.2016E-08 1.2845E-08 1.3609E-08 1.4300E-08
0.0000E+00 0.0000E+00 0.0000E+00 0.0000E+00 0.0000E+00 0.0000E+00 0.0000E+00 0.0000E+00 0.0000E+00 0.0000E+00 0.0000E+00 0.0000E+00 0.0000E+00 0.0000E+00 0.0000E+00 0.0000E+00 0.0000E+00 0.0000E+00 0.0000E+00 0.0000E+00 0.0000E+00 5.8166E-14 3.8122E-12 9.4973E-12 1.8451E-11 4.0636E-11 7.2076E-11 1.1435E-10 1.7428E-10 2.5045E-10 3.4420E-10 4.5992E-10 5.9579E-10 7.5890E-10 9.5200E-10 1.1760E-09 1.4364E-09 1.7354E-09 2.0800E-09 2.4703E-09 2.9083E-09 3.3967E-09 3.9339E-09 4.5176E-09 5.1515E-09 5.8298E-09 6.5463E-09 7.3010E-09 8.0869E-09 8.9047E-09 9.7490E-09 1.0608E-08 1.1468E-08 1.2309E-08 1.3105E-08 1.3830E-08 1.4470E-08
0.0000E+00 0.0000E+00 0.0000E+00 0.0000E+00 0.0000E+00 0.0000E+00 0.0000E+00 0.0000E+00 0.0000E+00 0.0000E+00 0.0000E+00 0.0000E+00 0.0000E+00 0.0000E+00 0.0000E+00 0.0000E+00 0.0000E+00 0.0000E+00 0.0000E+00 0.0000E+00 0.0000E+00 1.8549E-12 6.9440E-12 1.3806E-11 3.2751E-11 6.2136E-11 1.0090E-10 1.5653E-10 2.2950E-10 3.2199E-10 4.3514E-10 5.7154E-10 7.3259E-10 9.2068E-10 1.1405E-09 1.3921E-09 1.6855E-09 2.0223E-09 2.3961E-09 2.8179E-09 3.2843E-09 3.7978E-09 4.3615E-09 4.9690E-09 5.6183E-09 6.3063E-09 7.0260E-09 7.7735E-09 8.5471E-09 9.3325E-09 1.0135E-08 1.0949E-08 1.1755E-08 1.2541E-08 1.3287E-08 1.3964E-08 1.4552E-08
0.0000E+00 0.0000E+00 0.0000E+00 0.0000E+00 0.0000E+00 0.0000E+00 0.0000E+00 0.0000E+00 0.0000E+00 0.0000E+00 0.0000E+00 0.0000E+00 0.0000E+00 0.0000E+00 0.0000E+00 0.0000E+00 0.0000E+00 0.0000E+00 0.0000E+00 0.0000E+00 5.0918E-13 4.1497E-12 1.0129E-11 2.4430E-11 5.2540E-11 9.0747E-11 1.4244E-10 2.1234E-10 3.0161E-10 4.1634E-10 5.5507E-10 7.1904E-10 9.1062E-10 1.1296E-09 1.3796E-09 1.6654E-09 1.9883E-09 2.3543E-09 2.7586E-09 3.2126E-09 3.7116E-09 4.2474E-09 4.8303E-09 5.4532E-09 6.1119E-09 6.8021E-09 7.5175E-09 8.2512E-09 8.9990E-09 9.7566E-09 1.0510E-08 1.1262E-08 1.2001E-08 1.2718E-08 1.3391E-08 1.4004E-08 1.4525E-08
0.0000E+00 0.0000E+00 0.0000E+00 0.0000E+00 0.0000E+00 0.0000E+00 0.0000E+00 0.0000E+00 0.0000E+00 0.0000E+00 0.0000E+00 0.0000E+00 0.0000E+00 0.0000E+00 0.0000E+00 0.0000E+00 0.0000E+00 0.0000E+00 0.0000E+00 0.0000E+00 2.0381E-12 9.4267E-12 2.3024E-11 4.9072E-11 8.8267E-11 1.3643E-10 2.0596E-10 2.9435E-10 4.0488E-10 5.4431E-10 7.0933E-10 9.0230E-10 1.1242E-09 1.3778E-09 1.6617E-09 1.9824E-09 2.3374E-09 2.7333E-09 3.1736E-09 3.6619E-09 4.1876E-09 4.7464E-09 5.3428E-09 5.9783E-09 6.6472E-09 7.3374E-09 8.0407E-09 8.7503E-09 9.4633E-09 1.0172E-08 1.0870E-08 1.1548E-08 1.2207E-08 1.2832E-08 1.3425E-08 1.3953E-08 1.4401E-08
