Assets/Resources/2015_m01_d10_0500(utc+0800)_l00_csi_1hr_conc.grd
DSAA
         159         159
     -79.000      79.000
     -79.000      79.000
  0.2309E-08  0.8426E-04
[rows 50 to 74 of 159, columns 57 to 113 of 159]
3.9762E-08 4.1128E-08 4.2537E-08 4.4042E-08 4.5651E-08 4.7341E-08 4.9025E-08 5.0657E-08 5.2218E-08 5.3681E-08 5.5050E-08 5.6308E-08 5.7438E-08 5.8458E-08 5.9369E-08 6.0150E-08 6.0822E-08 6.1389E-08 6.1816E-08 6.1832E-08 6.1395E-08 6.0832E-08 6.0054E-08 5.9221E-08 5.8686E-08 5.7774E-08 5.7172E-08 5.6177E-08 5.5500E-08 5.4408E-08 5.3607E-08 5.2915E-08 5.2140E-08 5.2085E-08 5.1388E-08 5.0592E-08 4.9684E-08 4.8667E-08 4.7559E-08 4.6346E-08 4.5046E-08 4.3675E-08 4.2253E-08 3.9510E-08 3.7981E-08 3.6455E-08 3.4854E-08 3.3270E-08 3.0534E-08 2.9091E-08 2.6710E-08 2.5448E-08 2.4228E-08 2.3068E-08 2.1081E-08 2.0095E-08 1.9158E-08
3.9688E-08 4.1039E-08 4.2434E-08 4.3927E-08 4.5536E-08 4.7221E-08 4.8909E-08 5.0548E-08 5.2124E-08 5.3610E-08 5.4993E-08 5.6276E-08 5.7442E-08 5.8504E-08 5.9464E-08 6.0302E-08 6.1033E-08 6.1660E-08 6.2150E-08 6.2214E-08 6.1860E-08 6.1728E-08 6.1076E-08 6.0740E-08 6.0367E-08 5.9613E-08 5.8797E-08 5.7919E-08 5.6969E-08 5.5942E-08 5.5290E-08 5.4729E-08 5.5284E-08 5.4915E-08 5.4434E-08 5.3811E-08 5.3026E-08 5.2092E-08 5.1024E-08 4.8550E-08 4.7156E-08 4.5679E-08 4.4141E-08 4.2565E-08 4.0861E-08 3.7808E-08 3.6106E-08 3.4425E-08 3.2770E-08 3.1160E-08 2.8461E-08 2.6032E-08 2.4767E-08 2.3546E-08 2.2386E-08 2.0392E-08 1.9422E-08
3.9547E-08 4.0879E-08 4.2254E-08 4.3737E-08 4.5338E-08 4.7016E-08 4.8703E-08 5.0344E-08 5.1932E-08 5.3425E-08 5.4829E-08 5.6143E-08 5.7349E-08 5.8457E-08 5.9468E-08 6.0365E-08 6.1156E-08 6.1849E-08 6.2408E-08 6.2898E-08 6.3033E-08 6.2737E-08 6.2620E-08 6.2119E-08 6.1558E-08 6.0929E-08 6.0228E-08 5.9449E-08 5.8585E-08 5.7631E-08 5.7148E-08 5.6725E-08 5.7888E-08 5.7667E-08 5.7280E-08 5.6700E-08 5.5911E-08 5.4930E-08 5.3784E-08 5.2463E-08 5.0998E-08 4.9417E-08 4.6161E-08 4.4444E-08 4.2604E-08 4.0749E-08 3.8836E-08 3.5634E-08 3.3885E-08 3.2183E-08 3.0539E-08 2.8955E-08 2.5308E-08 2.4042E-08 2.2824E-08 2.1673E-08 1.9684E-08
3.9340E-08 4.0650E-08 4.2007E-08 4.3477E-08 4.5063E-08 4.6729E-08 4.8408E-08 5.0052E-08 5.1637E-08 5.3143E-08 5.4570E-08 5.5915E-08 5.7162E-08 5.8318E-08 5.9386E-08 6.0346E-08 6.1202E-08 6.2318E-08 6.3345E-08 6.3659E-08 6.4001E-08 6.3902E-08 6.3622E-08 6.3277E-08 6.2865E-08 6.2377E-08 6.1806E-08 6.1149E-08 6.0388E-08 5.9516E-08 5.9224E-08 6.0768E-08 6.0902E-08 6.0830E-08 6.0526E-08 5.9962E-08 5.9133E-08 5.8071E-08 5.6811E-08 5.5351E-08 5.3730E-08 5.1980E-08 5.0061E-08 4.8067E-08 4.4446E-08 4.2448E-08 4.0407E-08 3.8396E-08 3.6431E-08 3.3254E-08 3.1517E-08 2.9842E-08 2.8239E-08 2.4540E-08 2.3279E-08 2.2072E-08 2.0939E-08
3.9071E-08 4.0356E-08 4.1698E-08 4.3147E-08 4.4716E-08 4.6364E-08 4.8035E-08 4.9666E-08 5.1249E-08 5.2769E-08 5.4219E-08 5.5600E-08 5.6892E-08 5.8100E-08 5.9221E-08 6.0571E-08 6.1559E-08 6.2832E-08 6.4041E-08 6.4546E-08 6.4750E-08 6.4822E-08 6.4724E-08 6.4560E-08 6.4322E-08 6.4000E-08 6.3584E-08 6.3060E-08 6.2412E-08 6.1631E-08 6.3325E-08 6.4038E-08 6.4393E-08 6.4456E-08 6.4208E-08 6.3625E-08 6.2717E-08 6.1535E-08 6.0126E-08 5.8492E-08 5.6681E-08 5.4733E-08 5.2614E-08 5.0424E-08 4.8136E-08 4.5845E-08 4.2064E-08 3.9923E-08 3.7837E-08 3.5806E-08 3.2541E-08 3.0772E-08 2.9081E-08 2.7467E-08 2.3745E-08 2.2500E-08 2.1313E-08
3.8744E-08 4.0005E-08 4.1326E-08 4.2751E-08 4.4300E-08 4.5929E-08 4.7577E-08 4.9192E-08 5.0779E-08 5.2315E-08 5.3791E-08 5.5205E-08 5.6540E-08 5.7796E-08 5.9328E-08 6.0821E-08 6.1976E-08 6.3434E-08 6.4507E-08 6.5169E-08 6.5568E-08 6.5837E-08 6.5946E-08 6.5988E-08 6.5951E-08 6.5814E-08 6.5570E-08 6.5765E-08 6.5834E-08 6.5238E-08 6.6795E-08 6.7895E-08 6.8460E-08 6.8633E-08 6.8394E-08 6.7742E-08 6.6703E-08 6.5353E-08 6.3746E-08 6.1893E-08 5.9855E-08 5.7673E-08 5.5329E-08 5.2921E-08 5.0440E-08 4.7964E-08 4.5490E-08 4.1533E-08 3.9324E-08 3.7170E-08 3.5091E-08 3.3090E-08 2.9979E-08 2.8284E-08 2.6682E-08 2.3029E-08 2.1977E-08
3.8363E-08 3.9603E-08 4.0897E-08 4.2295E-08 4.3819E-08 4.5420E-08 4.7039E-08 4.8646E-08 5.0236E-08 5.1786E-08 5.3285E-08 5.4731E-08 5.6111E-08 5.7790E-08 5.9454E-08 6.0791E-08 6.2456E-08 6.3763E-08 6.5004E-08 6.5851E-08 6.6470E-08 6.6970E-08 6.7321E-08 6.8137E-08 6.8408E-08 6.9149E-08 6.9804E-08 6.9838E-08 6.9694E-08 6.9348E-08 7.0943E-08 7.2442E-08 7.3178E-08 7.3404E-08 7.3116E-08 7.2332E-08 7.1098E-08 6.9525E-08 6.7673E-08 6.5559E-08 6.3256E-08 6.0813E-08 5.8220E-08 5.5575E-08 5.2888E-08 5.0215E-08 4.7574E-08 4.4984E-08 4.2479E-08 3.8635E-08 3.6445E-08 3.4353E-08 3.2440E-08 2.9606E-08 2.7893E-08 2.6512E-08 2.2984E-08
3.7933E-08 3.9148E-08 4.0415E-08 4.1782E-08 4.3276E-08 4.4837E-08 4.6437E-08 4.8034E-08 4.9623E-08 5.1186E-08 5.2708E-08 5.4187E-08 5.5986E-08 5.7787E-08 5.9284E-08 6.1142E-08 6.2649E-08 6.4130E-08 6.5564E-08 6.6626E-08 6.7500E-08 6.8818E-08 7.0064E-08 7.0824E-08 7.2076E-08 7.2740E-08 7.3268E-08 7.3623E-08 7.3766E-08 7.3667E-08 7.5882E-08 7.7767E-08 7.8625E-08 7.8842E-08 7.8430E-08 7.7438E-08 7.5944E-08 7.4085E-08 7.1932E-08 6.9511E-08 6.6903E-08 6.4162E-08 6.1296E-08 5.8395E-08 5.5495E-08 5.2622E-08 4.9817E-08 4.7080E-08 4.4470E-08 4.2065E-08 3.8629E-08 3.6398E-08 3.4622E-08 3.2817E-08 2.9714E-08 2.8036E-08 2.6296E-08
3.7462E-08 3.8645E-08 3.9883E-08 4.1222E-08 4.2672E-08 4.4199E-08 4.5776E-08 4.7360E-08 4.8948E-08 5.0521E-08 5.2063E-08 5.3948E-08 5.5857E-08 5.7482E-08 5.9494E-08 6.1187E-08 6.2869E-08 6.4545E-08 6.6196E-08 6.8035E-08 6.9317E-08 7.1113E-08 7.2880E-08 7.4163E-08 7.5379E-08 7.6483E-08 7.7436E-08 7.8187E-08 7.8689E-08 7.8984E-08 8.1766E-08 8.3993E-08 8.4894E-08 8.5002E-08 8.4368E-08 8.3292E-08 8.1444E-08 7.9216E-08 7.6688E-08 7.3931E-08 7.0927E-08 6.7842E-08 6.4608E-08 6.1440E-08 5.8347E-08 5.5351E-08 5.2643E-08 5.0453E-08 4.7708E-08 4.5566E-08 4.3201E-08 3.9338E-08 3.7222E-08 3.4789E-08 3.2706E-08 2.9379E-08 2.7590E-08
3.6948E-08 3.8100E-08 3.9307E-08 4.0609E-08 4.2013E-08 4.3508E-08 4.5060E-08 4.6630E-08 4.8214E-08 4.9794E-08 5.1719E-08 5.3695E-08 5.5422E-08 5.7544E-08 5.9387E-08 6.1252E-08 6.3131E-08 6.5028E-08 6.7513E-08 6.9791E-08 7.2070E-08 7.3949E-08 7.5779E-08 7.7590E-08 7.9339E-08 8.1133E-08 8.2628E-08 8.3888E-08 8.6032E-08 8.7878E-08 9.1665E-08 9.4539E-08 9.5854E-08 9.5879E-08 9.1967E-08 9.0202E-08 8.7797E-08 8.5036E-08 8.2031E-08 7.8719E-08 7.5350E-08 7.1893E-08 6.8496E-08 6.5415E-08 6.3023E-08 5.9934E-08 5.7565E-08 5.4897E-08 5.2145E-08 4.9505E-08 4.6372E-08 4.3692E-08 3.9402E-08 3.6988E-08 3.4494E-08 3.0951E-08 2.8682E-08
3.6396E-08 3.7514E-08 3.8691E-08 3.9944E-08 4.1311E-08 4.2771E-08 4.4295E-08 4.5849E-08 4.7425E-08 4.9357E-08 5.1352E-08 5.3143E-08 5.5337E-08 5.7291E-08 5.9296E-08 6.1353E-08 6.3930E-08 6.6221E-08 6.9137E-08 7.1976E-08 7.4532E-08 7.7355E-08 7.9982E-08 8.2578E-08 8.5130E-08 8.7559E-08 8.9795E-08 9.4242E-08 9.6934E-08 9.9453E-08 1.0152E-07 1.0487E-07 1.0572E-07 1.0530E-07 1.0404E-07 1.0148E-07 9.8187E-08 9.1721E-08 8.8082E-08 8.4476E-08 8.1078E-08 7.8397E-08 7.5145E-08 7.2168E-08 6.9151E-08 6.6000E-08 6.3031E-08 5.9446E-08 5.6564E-08 5.2950E-08 4.9852E-08 4.6773E-08 4.3590E-08 3.8912E-08 3.6267E-08 3.3709E-08 2.9938E-08
3.5808E-08 3.6896E-08 3.8033E-08 3.9240E-08 4.0567E-08 4.1992E-08 4.3486E-08 4.5021E-08 4.6909E-08 4.8599E-08 5.0700E-08 5.2915E-08 5.4942E-08 5.7043E-08 5.9225E-08 6.1976E-08 6.4501E-08 6.7824E-08 7.1395E-08 7.4516E-08 7.7778E-08 8.1116E-08 8.4582E-08 8.8059E-08 9.1772E-08 9.5145E-08 1.0127E-07 1.0595E-07 1.0972E-07 1.1316E-07 1.1834E-07 1.2155E-07 1.2199E-07 1.1676E-07 1.1444E-07 1.1103E-07 1.0733E-07 1.0340E-07 9.7366E-08 9.4609E-08 9.0389E-08 8.6880E-08 8.3164E-08 7.9623E-08 7.5502E-08 7.2463E-08 6.7949E-08 6.4365E-08 6.0816E-08 5.7068E-08 5.3015E-08 4.9503E-08 4.6019E-08 4.1071E-08 3.8126E-08 3.5063E-08 3.2425E-08
3.5191E-08 3.6245E-08 3.7334E-08 3.8502E-08 3.9790E-08 4.1177E-08 4.2640E-08 4.4154E-08 4.6095E-08 4.8155E-08 5.0340E-08 5.2390E-08 5.4547E-08 5.6809E-08 5.9656E-08 6.2379E-08 6.5903E-08 6.9868E-08 7.3828E-08 7.7869E-08 8.2138E-08 8.6583E-08 9.1138E-08 9.5811E-08 1.0049E-07 1.0890E-07 1.1590E-07 1.2249E-07 1.2808E-07 1.2925E-07 1.3508E-07 1.3790E-07 1.3750E-07 1.3601E-07 1.3231E-07 1.2537E-07 1.2208E-07 1.1707E-07 1.1283E-07 1.0800E-07 1.0068E-07 9.5775E-08 9.2022E-08 8.6498E-08 8.2266E-08 7.8045E-08 7.3723E-08 6.9102E-08 6.4834E-08 6.0648E-08 5.6424E-08 5.2512E-08 4.8337E-08 4.4730E-08 3.9565E-08 3.6476E-08 3.3470E-08
3.4550E-08 3.5562E-08 3.6607E-08 3.7736E-08 3.8982E-08 4.0330E-08 4.1760E-08 4.3594E-08 4.5561E-08 4.7399E-08 4.9705E-08 5.1862E-08 5.4156E-08 5.6588E-08 5.9863E-08 6.3546E-08 6.7742E-08 7.2014E-08 7.6716E-08 8.1657E-08 8.7081E-08 9.2819E-08 9.8761E-08 1.0540E-07 1.1226E-07 1.2540E-07 1.3501E-07 1.4360E-07 1.5053E-07 1.5621E-07 1.6233E-07 1.6429E-07 1.5902E-07 1.5709E-07 1.5231E-07 1.4769E-07 1.4144E-07 1.3218E-07 1.2640E-07 1.2087E-07 1.1371E-07 1.0517E-07 9.9815E-08 9.4454E-08 8.9469E-08 8.3740E-08 7.8857E-08 7.3834E-08 6.9254E-08 6.4142E-08 5.9903E-08 5.4930E-08 5.0686E-08 4.6566E-08 4.2322E-08 3.7106E-08 3.3797E-08
3.3883E-08 3.4851E-08 3.5854E-08 3.6943E-08 3.8149E-08 3.9457E-08 4.0854E-08 4.2722E-08 4.4748E-08 4.6955E-08 4.9062E-08 5.1329E-08 5.3767E-08 5.7025E-08 6.0748E-08 6.4596E-08 6.9664E-08 7.4913E-08 8.0801E-08 8.7125E-08 9.4014E-08 1.0137E-07 1.0915E-07 1.1723E-07 1.3214E-07 1.4542E-07 1.5801E-07 1.6945E-07 1.7809E-07 1.8624E-07 1.9277E-07 1.9374E-07 1.9239E-07 1.8558E-07 1.7469E-07 1.6792E-07 1.6049E-07 1.5141E-07 1.4036E-07 1.3279E-07 1.2542E-07 1.1849E-07 1.0796E-07 1.0176E-07 9.5519E-08 8.9947E-08 8.3925E-08 7.8959E-08 7.2815E-08 6.7606E-08 6.2365E-08 5.6859E-08 5.1754E-08 4.7048E-08 4.2740E-08 3.7357E-08 3.4017E-08
3.3197E-08 3.4117E-08 3.5083E-08 3.6133E-08 3.7296E-08 3.8564E-08 4.0271E-08 4.2142E-08 4.3920E-08 4.6220E-08 4.8411E-08 5.0793E-08 5.3948E-08 5.7160E-08 6.1497E-08 6.6618E-08 7.2057E-08 7.8293E-08 8.5362E-08 9.3097E-08 1.0163E-07 1.1091E-07 1.2082E-07 1.3739E-07 1.5481E-07 1.7306E-07 1.9056E-07 2.0516E-07 2.1541E-07 2.2468E-07 2.2750E-07 2.2713E-07 2.2174E-07 2.1419E-07 2.0372E-07 1.8917E-07 1.7907E-07 1.6920E-07 1.5964E-07 1.4547E-07 1.3687E-07 1.2775E-07 1.1988E-07 1.0915E-07 1.0273E-07 9.5100E-08 8.8767E-08 8.2386E-08 7.5548E-08 6.9095E-08 6.3062E-08 5.7415E-08 5.2240E-08 4.7475E-08 4.3115E-08 3.9151E-08 3.4213E-08
3.2493E-08 3.3370E-08 3.4297E-08 3.5308E-08 3.6429E-08 3.7657E-08 3.9377E-08 4.1283E-08 4.3402E-08 4.5478E-08 4.7755E-08 5.0296E-08 5.3838E-08 5.8030E-08 6.3027E-08 6.8492E-08 7.4890E-08 8.2306E-08 9.0798E-08 1.0029E-07 1.1098E-07 1.2327E-07 1.3871E-07 1.6324E-07 1.8768E-07 2.1160E-07 2.3309E-07 2.4740E-07 2.5893E-07 2.6609E-07 2.6832E-07 2.6399E-07 2.5482E-07 2.4351E-07 2.3107E-07 2.1824E-07 1.9933E-07 1.8793E-07 1.7468E-07 1.6326E-07 1.4872E-07 1.3874E-07 1.2802E-07 1.1887E-07 1.0762E-07 9.8891E-08 9.0881E-08 8.3386E-08 7.6357E-08 6.9780E-08 6.3655E-08 5.7939E-08 5.2673E-08 4.7863E-08 4.3462E-08 3.9464E-08 3.4400E-08
3.1707E-08 3.2612E-08 3.3501E-08 3.4473E-08 3.5551E-08 3.7066E-08 3.8474E-08 4.0417E-08 4.2598E-08 4.4731E-08 4.7112E-08 5.0391E-08 5.4322E-08 5.8664E-08 6.4379E-08 7.0734E-08 7.8280E-08 8.7150E-08 9.7882E-08 1.1244E-07 1.2729E-07 1.4665E-07 1.6878E-07 1.9885E-07 2.2870E-07 2.5834E-07 2.8100E-07 2.9783E-07 3.0901E-07 3.1347E-07 3.1175E-07 3.0404E-07 2.9140E-07 2.7580E-07 2.6119E-07 2.4296E-07 2.2676E-07 2.0643E-07 1.9208E-07 1.7682E-07 1.6306E-07 1.4676E-07 1.3419E-07 1.2263E-07 1.0939E-07 1.0029E-07 9.1976E-08 8.4309E-08 7.7133E-08 7.0438E-08 6.4202E-08 5.8462E-08 5.3120E-08 4.8276E-08 4.3852E-08 3.9836E-08 3.6214E-08
3.0992E-08 3.1777E-08 3.2699E-08 3.3632E-08 3.4669E-08 3.6182E-08 3.7897E-08 3.9549E-08 4.1794E-08 4.3989E-08 4.6518E-08 5.0152E-08 5.4596E-08 5.9945E-08 6.6097E-08 7.3874E-08 8.3939E-08 9.4622E-08 1.1086E-07 1.3000E-07 1.5240E-07 1.7499E-07 2.0278E-07 2.4158E-07 2.8008E-07 3.1383E-07 3.3722E-07 3.5354E-07 3.6303E-07 3.6612E-07 3.5961E-07 3.4863E-07 3.2940E-07 3.1062E-07 2.9061E-07 2.7076E-07 2.4980E-07 2.2968E-07 2.0631E-07 1.8787E-07 1.7066E-07 1.5124E-07 1.3767E-07 1.2537E-07 1.1434E-07 1.0181E-07 9.3243E-08 8.5428E-08 7.8264E-08 7.1670E-08 6.5636E-08 6.0041E-08 5.5047E-08 4.9976E-08 4.5564E-08 4.1279E-08 3.7416E-08
3.0196E-08 3.1023E-08 3.1826E-08 3.2791E-08 3.3789E-08 3.5301E-08 3.7030E-08 3.9014E-08 4.1004E-08 4.3289E-08 4.6516E-08 5.0110E-08 5.5325E-08 6.2259E-08 6.9458E-08 7.8998E-08 9.2117E-08 1.0709E-07 1.2683E-07 1.5147E-07 1.7871E-07 2.0975E-07 2.4665E-07 2.9536E-07 3.4100E-07 3.7726E-07 4.0173E-07 4.1656E-07 4.2479E-07 4.2230E-07 4.1121E-07 3.9336E-07 3.7108E-07 3.4712E-07 3.2077E-07 2.9570E-07 2.6974E-07 2.4516E-07 2.2200E-07 1.9674E-07 1.7811E-07 1.6153E-07 1.4395E-07 1.3127E-07 1.2057E-07 1.0715E-07 9.8452E-08 8.9886E-08 8.2054E-08 7.4833E-08 6.8225E-08 6.2252E-08 5.6674E-08 5.1692E-08 4.6828E-08 4.2541E-08 3.8461E-08
2.9491E-08 3.0195E-08 3.1041E-08 3.1885E-08 3.3237E-08 3.4434E-08 3.6184E-08 3.8219E-08 4.0293E-08 4.2887E-08 4.7008E-08 5.1596E-08 5.7331E-08 6.4910E-08 7.3835E-08 8.6217E-08 1.0023E-07 1.2037E-07 1.4600E-07 1.7641E-07 2.1192E-07 2.5382E-07 3.0118E-07 3.6168E-07 4.1271E-07 4.5138E-07 4.7290E-07 4.8546E-07 4.8941E-07 4.8347E-07 4.6589E-07 4.4040E-07 4.1159E-07 3.8117E-07 3.5210E-07 3.2212E-07 2.9429E-07 2.6661E-07 2.4108E-07 2.1234E-07 1.9115E-07 1.7233E-07 1.5207E-07 1.3887E-07 1.2615E-07 1.1559E-07 1.0271E-07 9.3993E-08 8.5523E-08 7.7710E-08 7.0516E-08 6.4020E-08 5.8058E-08 5.2762E-08 4.7754E-08 4.3371E-08 3.9226E-08
2.8789E-08 2.9465E-08 3.0218E-08 3.1085E-08 3.2400E-08 3.3936E-08 3.5520E-08 3.7974E-08 4.0243E-08 4.3389E-08 4.7705E-08 5.3178E-08 5.9960E-08 6.7587E-08 7.7368E-08 9.1937E-08 1.1101E-07 1.3560E-07 1.6743E-07 2.0548E-07 2.5260E-07 3.0638E-07 3.6956E-07 4.4138E-07 4.9764E-07 5.3640E-07 5.5869E-07 5.7530E-07 5.6608E-07 5.5229E-07 5.2484E-07 4.9168E-07 4.5482E-07 4.1911E-07 3.8335E-07 3.5098E-07 3.1791E-07 2.8800E-07 2.5882E-07 2.3225E-07 2.0372E-07 1.8251E-07 1.6385E-07 1.4465E-07 1.3102E-07 1.1954E-07 1.0604E-07 9.7037E-08 8.8352E-08 8.0330E-08 7.2675E-08 6.5688E-08 5.9338E-08 5.3587E-08 4.8399E-08 4.3741E-08 3.9590E-08
2.8099E-08 2.8755E-08 2.9474E-08 3.0399E-08 3.1898E-08 3.3570E-08 3.5396E-08 3.7858E-08 4.0512E-08 4.4284E-08 4.8380E-08 5.4251E-08 6.1426E-08 7.0194E-08 8.2872E-08 1.0014E-07 1.2143E-07 1.5265E-07 1.9281E-07 2.4320E-07 3.0439E-07 3.7429E-07 4.5983E-07 5.4116E-07 6.0248E-07 6.4067E-07 6.6636E-07 6.7445E-07 6.6723E-07 6.4350E-07 6.0061E-07 5.4155E-07 4.9740E-07 4.5505E-07 4.1392E-07 3.7596E-07 3.3944E-07 3.0615E-07 2.7443E-07 2.4565E-07 2.1507E-07 1.9223E-07 1.7175E-07 1.5049E-07 1.3556E-07 1.2258E-07 1.0831E-07 9.8620E-08 8.9855E-08 8.1678E-08 7.4137E-08 6.7056E-08 6.0523E-08 5.4494E-08 4.9001E-08 4.4110E-08 3.9719E-08
2.7478E-08 2.8233E-08 2.9025E-08 3.0014E-08 3.1509E-08 3.3373E-08 3.5567E-08 3.7793E-08 4.0839E-08 4.4796E-08 4.9823E-08 5.6488E-08 6.4922E-08 7.4480E-08 8.9367E-08 1.0897E-07 1.3614E-07 1.7251E-07 2.2022E-07 2.8286E-07 3.5886E-07 4.5911E-07 5.6591E-07 6.6039E-07 7.3064E-07 7.9483E-07 8.2744E-07 8.2618E-07 7.7264E-07 7.2798E-07 6.6788E-07 6.0868E-07 5.3756E-07 4.8908E-07 4.4260E-07 3.9949E-07 3.5880E-07 3.2121E-07 2.8670E-07 2.5546E-07 2.2303E-07 1.9925E-07 1.7805E-07 1.5587E-07 1.3999E-07 1.2597E-07 1.1349E-07 9.9942E-08 9.0313E-08 8.1571E-08 7.3594E-08 6.6311E-08 5.9718E-08 5.3778E-08 4.8373E-08 4.3556E-08 3.9240E-08
2.7077E-08 2.7869E-08 2.8796E-08 2.9888E-08 3.1535E-08 3.3668E-08 3.5864E-08 3.8382E-08 4.1453E-08 4.6011E-08 5.1388E-08 5.8249E-08 6.7112E-08 7.9442E-08 9.4777E-08 1.1687E-07 1.4802E-07 1.8959E-07 2.4609E-07 3.1904E-07 4.0928E-07 5.6074E-07 6.9698E-07 8.2620E-07 9.4842E-07 1.0446E-06 1.0639E-06 1.0191E-06 9.3824E-07 8.2244E-07 7.3696E-07 6.5966E-07 5.8947E-07 5.1710E-07 4.6639E-07 4.2038E-07 3.7607E-07 3.3510E-07 2.9726E-07 2.6287E-07 2.3202E-07 2.0137E-07 1.7855E-07 1.5892E-07 1.3874E-07 1.2460E-07 1.1206E-07 9.8463E-08 8.8918E-08 8.0292E-08 7.2444E-08 6.5292E-08 5.8811E-08 5.2974E-08 4.7670E-08 4.2925E-08 3.8669E-08
