Assets/Resources/2015_m01_d02_0300(utc+0800)_l00_csi_1hr_conc.grd
DSAA
         159         159
     -79.000      79.000
     -79.000      79.000
  0.0000E+00  0.4824E-05
[rows 100 to 124 of 159, columns 57 to 113 of 159]
0.0000E+00 0.0000E+00 0.0000E+00 0.0000E+00 0.0000E+00 0.0000E+00 0.0000E+00 0.0000E+00 0.0000E+00 0.0000E+00 0.0000E+00 0.0000E+00 0.0000E+00 0.0000E+00 0.0000E+00 0.0000E+00 0.0000E+00 0.0000E+00 0.0000E+00 0.0000E+00 0.0000E+00 0.0000E+00 0.0000E+00 0.0000E+00 0.0000E+00 0.0000E+00 0.0000E+00 0.0000E+00 3.1169E-11 6.5726E-11 1.0734E-10 1.6871E-10 2.5701E-10 4.1971E-10 7.5753E-10 1.5404E-09 3.6115E-09 7.5422E-09 1.4492E-08 2.5255E-08 4.0350E-08 5.9066E-08 7.9937E-08 1.0113E-07 1.2053E-07 1.3655E-07 1.4809E-07 1.5482E-07 1.5672E-07 1.5422E-07 1.4810E-07 1.3914E-07 1.2829E-07 1.1643E-07 1.0443E-07 9.2892E-08 8.2297E-08
0.0000E+00 0.0000E+00 0.0000E+00 0.0000E+00 0.0000E+00 0.0000E+00 0.0000E+00 0.0000E+00 0.0000E+00 0.0000E+00 0.0000E+00 0.0000E+00 0.0000E+00 0.0000E+00 0.0000E+00 0.0000E+00 0.0000E+00 0.0000E+00 0.0000E+00 0.0000E+00 0.0000E+00 0.0000E+00 0.0000E+00 0.0000E+00 0.0000E+00 0.0000E+00 0.0000E+00 1.9037E-11 5.0532E-11 7.9748E-11 1.3450E-10 2.0300E-10 3.2571E-10 4.9668E-10 8.3597E-10 1.5375E-09 3.2391E-09 6.5170E-09 1.2080E-08 2.0784E-08 3.2997E-08 4.8425E-08 6.6122E-08 8.4730E-08 1.0269E-07 1.1845E-07 1.3093E-07 1.3945E-07 1.4375E-07 1.4402E-07 1.4080E-07 1.3458E-07 1.2635E-07 1.1681E-07 1.0671E-07 9.6666E-08 8.7163E-08
0.0000E+00 0.0000E+00 0.0000E+00 0.0000E+00 0.0000E+00 0.0000E+00 0.0000E+00 0.0000E+00 0.0000E+00 0.0000E+00 0.0000E+00 0.0000E+00 0.0000E+00 0.0000E+00 0.0000E+00 0.0000E+00 0.0000E+00 0.0000E+00 0.0000E+00 0.0000E+00 0.0000E+00 0.0000E+00 0.0000E+00 0.0000E+00 0.0000E+00 0.0000E+00 0.0000E+00 2.0308E-11 5.3903E-11 1.0160E-10 1.5850E-10 2.3271E-10 3.5323E-10 5.4965E-10 9.2578E-10 1.6158E-09 3.0804E-09 5.7873E-09 1.0463E-08 1.7532E-08 2.7466E-08 4.0253E-08 5.5197E-08 7.1432E-08 8.7661E-08 1.0264E-07 1.1526E-07 1.2468E-07 1.3067E-07 1.3306E-07 1.3220E-07 1.2859E-07 1.2285E-07 1.1560E-07 1.0747E-07 9.9118E-08 9.0829E-08
0.0000E+00 0.0000E+00 0.0000E+00 0.0000E+00 0.0000E+00 0.0000E+00 0.0000E+00 0.0000E+00 0.0000E+00 0.0000E+00 0.0000E+00 0.0000E+00 0.0000E+00 0.0000E+00 0.0000E+00 0.0000E+00 0.0000E+00 0.0000E+00 0.0000E+00 0.0000E+00 0.0000E+00 0.0000E+00 0.0000E+00 0.0000E+00 0.0000E+00 0.0000E+00 0.0000E+00 3.1096E-11 6.5812E-11 1.0787E-10 1.6828E-10 2.5012E-10 3.9325E-10 6.0553E-10 9.7199E-10 1.6622E-09 2.9938E-09 5.3748E-09 9.2384E-09 1.5132E-08 2.3418E-08 3.4055E-08 4.6748E-08 6.0755E-08 7.5263E-08 8.9040E-08 1.0123E-07 1.1104E-07 1.1797E-07 1.2199E-07 1.2307E-07 1.2172E-07 1.1819E-07 1.1309E-07 1.0702E-07 1.0027E-07 9.3385E-08
0.0000E+00 0.0000E+00 0.0000E+00 0.0000E+00 0.0000E+00 0.0000E+00 0.0000E+00 0.0000E+00 0.0000E+00 0.0000E+00 0.0000E+00 0.0000E+00 0.0000E+00 0.0000E+00 0.0000E+00 0.0000E+00 0.0000E+00 0.0000E+00 0.0000E+00 0.0000E+00 0.0000E+00 0.0000E+00 0.0000E+00 0.0000E+00 0.0000E+00 0.0000E+00 1.8651E-11 3.2862E-11 7.8703E-11 1.3320E-10 1.9784E-10 2.9829E-10 4.4344E-10 6.6676E-10 1.0533E-09 1.7082E-09 2.9298E-09 5.0514E-09 8.4051E-09 1.3399E-08 2.0308E-08 2.9336E-08 4.0128E-08 5.2295E-08 6.4988E-08 7.7539E-08 8.8906E-08 9.8633E-08 1.0612E-07 1.1124E-07 1.1398E-07 1.1439E-07 1.1289E-07 1.0980E-07 1.0550E-07 1.0041E-07 9.4962E-08
0.0000E+00 0.0000E+00 0.0000E+00 0.0000E+00 0.0000E+00 0.0000E+00 0.0000E+00 0.0000E+00 0.0000E+00 0.0000E+00 0.0000E+00 0.0000E+00 0.0000E+00 0.0000E+00 0.0000E+00 0.0000E+00 0.0000E+00 0.0000E+00 0.0000E+00 0.0000E+00 0.0000E+00 0.0000E+00 0.0000E+00 0.0000E+00 0.0000E+00 0.0000E+00 1.9618E-11 5.2269E-11 9.8868E-11 1.5481E-10 2.0813E-10 3.2469E-10 4.8511E-10 7.2528E-10 1.0970E-09 1.7578E-09 2.9447E-09 4.8546E-09 7.7889E-09 1.2050E-08 1.7976E-08 2.5650E-08 3.4948E-08 4.5400E-08 5.6570E-08 6.7730E-08 7.8321E-08 8.7674E-08 9.5494E-08 1.0136E-07 1.0523E-07 1.0718E-07 1.0733E-07 1.0595E-07 1.0329E-07 9.9798E-08 9.5653E-08
0.0000E+00 0.0000E+00 0.0000E+00 0.0000E+00 0.0000E+00 0.0000E+00 0.0000E+00 0.0000E+00 0.0000E+00 0.0000E+00 0.0000E+00 0.0000E+00 0.0000E+00 0.0000E+00 0.0000E+00 0.0000E+00 0.0000E+00 0.0000E+00 0.0000E+00 0.0000E+00 0.0000E+00 0.0000E+00 0.0000E+00 0.0000E+00 0.0000E+00 0.0000E+00 2.0538E-11 5.4728E-11 1.0353E-10 1.6212E-10 2.3208E-10 3.5166E-10 5.2008E-10 7.6083E-10 1.1552E-09 1.7995E-09 2.8973E-09 4.6754E-09 7.2816E-09 1.1059E-08 1.6150E-08 2.2764E-08 3.0757E-08 3.9829E-08 4.9601E-08 5.9607E-08 6.9325E-08 7.8310E-08 8.6095E-08 9.2473E-08 9.7227E-08 1.0032E-07 1.0178E-07 1.0182E-07 1.0066E-07 9.8511E-08 9.5676E-08
0.0000E+00 0.0000E+00 0.0000E+00 0.0000E+00 0.0000E+00 0.0000E+00 0.0000E+00 0.0000E+00 0.0000E+00 0.0000E+00 0.0000E+00 0.0000E+00 0.0000E+00 0.0000E+00 0.0000E+00 0.0000E+00 0.0000E+00 0.0000E+00 0.0000E+00 0.0000E+00 0.0000E+00 0.0000E+00 0.0000E+00 0.0000E+00 0.0000E+00 0.0000E+00 3.0844E-11 6.5573E-11 1.0792E-10 1.6902E-10 2.6409E-10 3.6600E-10 5.3970E-10 7.9353E-10 1.1863E-09 1.8151E-09 2.8781E-09 4.5091E-09 6.8745E-09 1.0215E-08 1.4769E-08 2.0463E-08 2.7400E-08 3.5306E-08 4.3922E-08 5.2904E-08 6.1842E-08 7.0335E-08 7.8071E-08 8.4668E-08 9.0003E-08 9.3898E-08 9.6439E-08 9.7651E-08 9.7735E-08 9.6848E-08 9.5202E-08
0.0000E+00 0.0000E+00 0.0000E+00 0.0000E+00 0.0000E+00 0.0000E+00 0.0000E+00 0.0000E+00 0.0000E+00 0.0000E+00 0.0000E+00 0.0000E+00 0.0000E+00 0.0000E+00 0.0000E+00 0.0000E+00 0.0000E+00 0.0000E+00 0.0000E+00 0.0000E+00 0.0000E+00 0.0000E+00 0.0000E+00 0.0000E+00 0.0000E+00 0.0000E+00 3.1990E-11 7.6937E-11 1.2004E-10 1.8279E-10 2.8167E-10 3.9819E-10 5.7699E-10 8.3629E-10 1.2199E-09 1.8326E-09 2.8338E-09 4.3632E-09 6.5492E-09 9.5867E-09 1.3565E-08 1.8634E-08 2.4675E-08 3.1606E-08 3.9305E-08 4.7383E-08 5.5647E-08 6.3676E-08 7.1167E-08 7.7853E-08 8.3512E-08 8.8022E-08 9.1346E-08 9.3553E-08 9.4692E-08 9.4890E-08 9.4329E-08
0.0000E+00 0.0000E+00 0.0000E+00 0.0000E+00 0.0000E+00 0.0000E+00 0.0000E+00 0.0000E+00 0.0000E+00 0.0000E+00 0.0000E+00 0.0000E+00 0.0000E+00 0.0000E+00 0.0000E+00 0.0000E+00 0.0000E+00 0.0000E+00 0.0000E+00 0.0000E+00 0.0000E+00 0.0000E+00 0.0000E+00 0.0000E+00 0.0000E+00 1.8663E-11 3.3022E-11 7.9449E-11 1.3507E-10 2.0149E-10 3.0676E-10 4.3208E-10 6.0226E-10 8.5819E-10 1.2565E-09 1.8570E-09 2.8298E-09 4.2525E-09 6.2742E-09 9.0206E-09 1.2659E-08 1.7107E-08 2.2490E-08 2.8666E-08 3.5510E-08 4.2935E-08 5.0493E-08 5.8056E-08 6.5243E-08 7.1887E-08 7.7716E-08 8.2645E-08 8.6611E-08 8.9563E-08 9.1595E-08 9.2719E-08 9.3130E-08
0.0000E+00 0.0000E+00 0.0000E+00 0.0000E+00 0.0000E+00 0.0000E+00 0.0000E+00 0.0000E+00 0.0000E+00 0.0000E+00 0.0000E+00 0.0000E+00 0.0000E+00 0.0000E+00 0.0000E+00 0.0000E+00 0.0000E+00 0.0000E+00 0.0000E+00 0.0000E+00 0.0000E+00 0.0000E+00 0.0000E+00 0.0000E+00 0.0000E+00 1.9174E-11 5.1343E-11 9.7575E-11 1.5350E-10 2.0723E-10 3.1566E-10 4.5240E-10 6.2790E-10 8.7690E-10 1.2853E-09 1.9010E-09 2.8168E-09 4.1632E-09 6.0500E-09 8.5717E-09 1.1795E-08 1.5855E-08 2.0673E-08 2.6239E-08 3.2456E-08 3.9169E-08 4.6204E-08 5.3253E-08 6.0129E-08 6.6606E-08 7.2547E-08 7.7742E-08 8.2169E-08 8.5738E-08 8.8481E-08 9.0414E-08 9.1593E-08
0.0000E+00 0.0000E+00 0.0000E+00 0.0000E+00 0.0000E+00 0.0000E+00 0.0000E+00 0.0000E+00 0.0000E+00 0.0000E+00 0.0000E+00 0.0000E+00 0.0000E+00 0.0000E+00 0.0000E+00 0.0000E+00 0.0000E+00 0.0000E+00 0.0000E+00 0.0000E+00 0.0000E+00 0.0000E+00 0.0000E+00 0.0000E+00 0.0000E+00 1.9607E-11 5.2524E-11 9.9858E-11 1.5714E-10 2.2600E-10 3.3615E-10 4.7694E-10 6.4879E-10 8.7671E-10 1.2871E-09 1.9341E-09 2.8315E-09 4.1003E-09 5.8311E-09 8.1517E-09 1.1128E-08 1.4744E-08 1.9133E-08 2.4174E-08 2.9827E-08 3.5983E-08 4.2473E-08 4.9091E-08 5.5658E-08 6.1980E-08 6.7886E-08 7.3256E-08 7.7989E-08 8.2038E-08 8.5344E-08 8.7924E-08 8.9807E-08
0.0000E+00 0.0000E+00 0.0000E+00 0.0000E+00 0.0000E+00 0.0000E+00 0.0000E+00 0.0000E+00 0.0000E+00 0.0000E+00 0.0000E+00 0.0000E+00 0.0000E+00 0.0000E+00 0.0000E+00 0.0000E+00 0.0000E+00 0.0000E+00 0.0000E+00 0.0000E+00 0.0000E+00 0.0000E+00 0.0000E+00 0.0000E+00 0.0000E+00 1.9955E-11 5.3482E-11 1.0173E-10 1.6014E-10 2.3040E-10 3.4280E-10 4.8800E-10 6.6581E-10 8.9341E-10 1.2927E-09 1.9375E-09 2.8284E-09 4.0172E-09 5.6504E-09 7.7542E-09 1.0458E-08 1.3829E-08 1.7781E-08 2.2391E-08 2.7570E-08 3.3212E-08 3.9226E-08 4.5444E-08 5.1671E-08 5.7781E-08 6.3641E-08 6.9104E-08 7.4069E-08 7.8464E-08 8.2205E-08 8.5307E-08 8.7726E-08
0.0000E+00 0.0000E+00 0.0000E+00 0.0000E+00 0.0000E+00 0.0000E+00 0.0000E+00 0.0000E+00 0.0000E+00 0.0000E+00 0.0000E+00 0.0000E+00 0.0000E+00 0.0000E+00 0.0000E+00 0.0000E+00 0.0000E+00 0.0000E+00 0.0000E+00 0.0000E+00 0.0000E+00 0.0000E+00 0.0000E+00 0.0000E+00 0.0000E+00 2.0214E-11 5.4206E-11 1.0315E-10 1.6246E-10 2.3382E-10 3.4800E-10 4.9651E-10 6.7903E-10 9.1448E-10 1.2946E-09 1.9375E-09 2.8071E-09 3.9502E-09 5.4369E-09 7.4139E-09 9.8892E-09 1.2923E-08 1.6589E-08 2.0776E-08 2.5537E-08 3.0774E-08 3.6337E-08 4.2152E-08 4.8084E-08 5.3976E-08 5.9726E-08 6.5217E-08 7.0318E-08 7.4955E-08 7.9038E-08 8.2533E-08 8.5412E-08
0.0000E+00 0.0000E+00 0.0000E+00 0.0000E+00 0.0000E+00 0.0000E+00 0.0000E+00 0.0000E+00 0.0000E+00 0.0000E+00 0.0000E+00 0.0000E+00 0.0000E+00 0.0000E+00 0.0000E+00 0.0000E+00 0.0000E+00 0.0000E+00 0.0000E+00 0.0000E+00 0.0000E+00 0.0000E+00 0.0000E+00 0.0000E+00 0.0000E+00 2.0381E-11 5.4684E-11 1.0412E-10 1.6407E-10 2.3623E-10 3.5168E-10 5.0230E-10 6.8861E-10 9.3782E-10 1.3179E-09 1.8999E-09 2.7491E-09 3.8422E-09 5.2537E-09 7.0407E-09 9.3424E-09 1.2156E-08 1.5472E-08 1.9360E-08 2.3713E-08 2.8541E-08 3.3744E-08 3.9200E-08 4.4811E-08 5.0491E-08 5.6106E-08 6.1554E-08 6.6708E-08 7.1513E-08 7.5827E-08 7.9626E-08 8.2875E-08
0.0000E+00 0.0000E+00 0.0000E+00 0.0000E+00 0.0000E+00 0.0000E+00 0.0000E+00 0.0000E+00 0.0000E+00 0.0000E+00 0.0000E+00 0.0000E+00 0.0000E+00 0.0000E+00 0.0000E+00 0.0000E+00 0.0000E+00 0.0000E+00 0.0000E+00 0.0000E+00 0.0000E+00 0.0000E+00 0.0000E+00 0.0000E+00 0.0000E+00 2.0452E-11 5.4911E-11 1.0462E-10 1.6494E-10 2.3759E-10 3.5378E-10 5.0525E-10 6.9332E-10 9.4691E-10 1.3221E-09 1.8809E-09 2.6685E-09 3.7082E-09 5.0393E-09 6.7286E-09 8.8195E-09 1.1393E-08 1.4466E-08 1.8019E-08 2.2060E-08 2.6513E-08 3.1347E-08 3.6477E-08 4.1809E-08 4.7244E-08 5.2704E-08 5.8063E-08 6.3232E-08 6.8091E-08 7.2574E-08 7.6576E-08 8.0074E-08
0.0000E+00 0.0000E+00 0.0000E+00 0.0000E+00 0.0000E+00 0.0000E+00 0.0000E+00 0.0000E+00 0.0000E+00 0.0000E+00 0.0000E+00 0.0000E+00 0.0000E+00 0.0000E+00 0.0000E+00 0.0000E+00 0.0000E+00 0.0000E+00 0.0000E+00 0.0000E+00 0.0000E+00 0.0000E+00 0.0000E+00 0.0000E+00 0.0000E+00 2.0427E-11 5.4883E-11 1.0463E-10 1.6506E-10 2.3789E-10 3.5428E-10 5.0530E-10 6.9354E-10 9.4100E-10 1.3067E-09 1.8456E-09 2.5824E-09 3.5565E-09 4.8075E-09 6.3907E-09 8.3542E-09 1.0710E-08 1.3500E-08 1.6790E-08 2.0498E-08 2.4627E-08 2.9127E-08 3.3940E-08 3.8981E-08 4.4187E-08 4.9468E-08 5.4729E-08 5.9842E-08 6.4715E-08 6.9257E-08 7.3401E-08 7.7066E-08
0.0000E+00 0.0000E+00 0.0000E+00 0.0000E+00 0.0000E+00 0.0000E+00 0.0000E+00 0.0000E+00 0.0000E+00 0.0000E+00 0.0000E+00 0.0000E+00 0.0000E+00 0.0000E+00 0.0000E+00 0.0000E+00 0.0000E+00 0.0000E+00 0.0000E+00 0.0000E+00 0.0000E+00 0.0000E+00 0.0000E+00 0.0000E+00 0.0000E+00 2.0307E-11 5.4601E-11 1.0417E-10 1.6444E-10 2.3712E-10 3.5318E-10 5.0248E-10 6.8926E-10 9.3150E-10 1.2737E-09 1.8014E-09 2.5050E-09 3.3984E-09 4.5634E-09 6.0478E-09 7.8798E-09 1.0073E-08 1.2637E-08 1.5616E-08 1.9061E-08 2.2882E-08 2.7061E-08 3.1572E-08 3.6342E-08 4.1299E-08 4.6370E-08 5.1453E-08 5.6488E-08 6.1317E-08 6.5864E-08 7.0066E-08 7.3840E-08
0.0000E+00 0.0000E+00 0.0000E+00 0.0000E+00 0.0000E+00 0.0000E+00 0.0000E+00 0.0000E+00 0.0000E+00 0.0000E+00 0.0000E+00 0.0000E+00 0.0000E+00 0.0000E+00 0.0000E+00 0.0000E+00 0.0000E+00 0.0000E+00 0.0000E+00 0.0000E+00 0.0000E+00 0.0000E+00 0.0000E+00 0.0000E+00 0.0000E+00 2.0092E-11 5.4068E-11 1.0324E-10 1.6307E-10 2.3529E-10 3.5049E-10 4.9682E-10 6.8042E-10 9.1945E-10 1.2292E-09 1.7296E-09 2.4156E-09 3.2584E-09 4.3269E-09 5.6870E-09 7.4051E-09 9.4420E-09 1.1810E-08 1.4557E-08 1.7695E-08 2.1244E-08 2.5142E-08 2.9344E-08 3.3834E-08 3.8547E-08 4.3400E-08 4.8299E-08 5.3169E-08 5.7878E-08 6.2382E-08 6.6568E-08 7.0409E-08
0.0000E+00 0.0000E+00 0.0000E+00 0.0000E+00 0.0000E+00 0.0000E+00 0.0000E+00 0.0000E+00 0.0000E+00 0.0000E+00 0.0000E+00 0.0000E+00 0.0000E+00 0.0000E+00 0.0000E+00 0.0000E+00 0.0000E+00 0.0000E+00 0.0000E+00 0.0000E+00 0.0000E+00 0.0000E+00 0.0000E+00 0.0000E+00 0.0000E+00 1.9787E-11 5.3292E-11 1.0184E-10 1.6099E-10 2.3244E-10 3.4624E-10 4.8880E-10 6.6622E-10 9.0075E-10 1.1983E-09 1.6496E-09 2.3005E-09 3.1113E-09 4.1123E-09 5.3563E-09 6.9007E-09 8.8052E-09 1.1011E-08 1.3544E-08 1.6439E-08 1.9694E-08 2.3309E-08 2.7246E-08 3.1447E-08 3.5878E-08 4.0505E-08 4.5192E-08 4.9869E-08 5.4436E-08 5.8821E-08 6.2956E-08 6.6775E-08
0.0000E+00 0.0000E+00 0.0000E+00 0.0000E+00 0.0000E+00 0.0000E+00 0.0000E+00 0.0000E+00 0.0000E+00 0.0000E+00 0.0000E+00 0.0000E+00 0.0000E+00 0.0000E+00 0.0000E+00 0.0000E+00 0.0000E+00 0.0000E+00 0.0000E+00 0.0000E+00 0.0000E+00 0.0000E+00 0.0000E+00 0.0000E+00 0.0000E+00 1.9394E-11 5.2284E-11 1.0000E-10 1.5821E-10 2.2858E-10 3.4050E-10 4.7712E-10 6.4627E-10 8.7544E-10 1.1653E-09 1.5824E-09 2.1727E-09 2.9408E-09 3.8869E-09 5.0483E-09 6.4642E-09 8.1691E-09 1.0216E-08 1.2559E-08 1.5226E-08 1.8235E-08 2.1574E-08 2.5220E-08 2.9154E-08 3.3321E-08 3.7667E-08 4.2124E-08 4.6576E-08 5.0974E-08 5.5210E-08 5.9244E-08 6.2999E-08
0.0000E+00 0.0000E+00 0.0000E+00 0.0000E+00 0.0000E+00 0.0000E+00 0.0000E+00 0.0000E+00 0.0000E+00 0.0000E+00 0.0000E+00 0.0000E+00 0.0000E+00 0.0000E+00 0.0000E+00 0.0000E+00 0.0000E+00 0.0000E+00 0.0000E+00 0.0000E+00 0.0000E+00 0.0000E+00 0.0000E+00 0.0000E+00 0.0000E+00 1.8920E-11 5.1057E-11 9.7748E-11 1.5478E-10 2.2379E-10 3.3175E-10 4.6630E-10 6.2553E-10 8.4280E-10 1.1225E-09 1.5097E-09 2.0653E-09 2.7515E-09 3.6418E-09 4.7301E-09 6.0424E-09 7.6098E-09 9.4432E-09 1.1603E-08 1.4067E-08 1.6831E-08 1.9916E-08 2.3291E-08 2.6937E-08 3.0832E-08 3.4910E-08 3.9108E-08 4.3320E-08 4.7492E-08 5.1559E-08 5.5449E-08 5.9110E-08
0.0000E+00 0.0000E+00 0.0000E+00 0.0000E+00 0.0000E+00 0.0000E+00 0.0000E+00 0.0000E+00 0.0000E+00 0.0000E+00 0.0000E+00 0.0000E+00 0.0000E+00 0.0000E+00 0.0000E+00 0.0000E+00 0.0000E+00 0.0000E+00 0.0000E+00 0.0000E+00 0.0000E+00 0.0000E+00 0.0000E+00 0.0000E+00 0.0000E+00 0.0000E+00 3.2568E-11 9.5107E-11 1.5073E-10 2.1563E-10 3.2101E-10 4.4876E-10 5.9964E-10 8.0626E-10 1.0737E-09 1.4261E-09 1.9512E-09 2.5963E-09 3.3902E-09 4.3871E-09 5.6222E-09 7.0675E-09 8.7500E-09 1.0693E-08 1.2942E-08 1.5492E-08 1.8318E-08 2.1437E-08 2.4811E-08 2.8426E-08 3.2218E-08 3.6131E-08 4.0097E-08 4.4037E-08 4.7898E-08 5.1606E-08 5.5120E-08
0.0000E+00 0.0000E+00 0.0000E+00 0.0000E+00 0.0000E+00 0.0000E+00 0.0000E+00 0.0000E+00 0.0000E+00 0.0000E+00 0.0000E+00 0.0000E+00 0.0000E+00 0.0000E+00 0.0000E+00 0.0000E+00 0.0000E+00 0.0000E+00 0.0000E+00 0.0000E+00 0.0000E+00 0.0000E+00 0.0000E+00 0.0000E+00 0.0000E+00 0.0000E+00 3.1482E-11 7.6649E-11 1.2897E-10 1.9307E-10 3.0916E-10 4.3333E-10 5.7357E-10 7.6006E-10 1.0156E-09 1.3382E-09 1.8283E-09 2.4320E-09 3.1727E-09 4.0680E-09 5.1710E-09 6.5262E-09 8.0743E-09 9.8486E-09 1.1886E-08 1.4195E-08 1.6793E-08 1.9646E-08 2.2761E-08 2.6098E-08 2.9602E-08 3.3239E-08 3.6924E-08 4.0613E-08 4.4241E-08 4.7757E-08 5.1098E-08
0.0000E+00 0.0000E+00 0.0000E+00 0.0000E+00 0.0000E+00 0.0000E+00 0.0000E+00 0.0000E+00 0.0000E+00 0.0000E+00 0.0000E+00 0.0000E+00 0.0000E+00 0.0000E+00 0.0000E+00 0.0000E+00 0.0000E+00 0.0000E+00 0.0000E+00 0.0000E+00 0.0000E+00 0.0000E+00 0.0000E+00 0.0000E+00 0.0000E+00 0.0000E+00 2.0965E-11 6.5233E-11 1.1635E-10 1.7886E-10 2.6157E-10 3.8273E-10 5.5318E-10 7.1742E-10 9.5237E-10 1.2575E-09 1.6945E-09 2.2589E-09 2.9505E-09 3.7768E-09 4.7726E-09 5.9735E-09 7.4038E-09 9.0246E-09 1.0873E-08 1.2971E-08 1.5330E-08 1.7939E-08 2.0784E-08 2.3848E-08 2.7073E-08 3.0416E-08 3.3826E-08 3.7247E-08 4.0638E-08 4.3941E-08 4.7095E-08
