Assets/Resources/2015_m01_d09_1400(utc+0800)_l00_csi_1hr_conc.grd
DSAA
         159         159
     -79.000      79.000
     -79.000      79.000
  0.7871E-09  0.3154E-04
[rows 100 to 124 of 159, columns 0 to 56 of 159]
2.8263E-09 2.8895E-09 2.9539E-09 3.0195E-09 3.0864E-09 3.1544E-09 3.2237E-09 3.2941E-09 3.3658E-09 3.4886E-09 3.5810E-09 3.7230E-09 3.8560E-09 3.9687E-09 4.1278E-09 4.2790E-09 4.4154E-09 4.6091E-09 4.8786E-09 5.0778E-09 5.4095E-09 5.6251E-09 5.8681E-09 6.2103E-09 6.4971E-09 6.8204E-09 7.2583E-09 7.6458E-09 8.0615E-09 8.5054E-09 8.9858E-09 9.5049E-09 1.0068E-08 1.0679E-08 1.1342E-08 1.2060E-08 1.2836E-08 1.3705E-08 1.4691E-08 1.5745E-08 1.6946E-08 1.8286E-08 1.9772E-08 2.1492E-08 2.3437E-08 2.5667E-08 2.8269E-08 3.1274E-08 3.4704E-08 3.8670E-08 4.3272E-08 4.8495E-08 5.4434E-08 6.1117E-08 6.8474E-08 7.6546E-08 8.5165E-08
2.8403E-09 2.9040E-09 2.9688E-09 3.0349E-09 3.1023E-09 3.1708E-09 3.2406E-09 3.3116E-09 3.3837E-09 3.5219E-09 3.6286E-09 3.7456E-09 3.9000E-09 4.0225E-09 4.1562E-09 4.3303E-09 4.4767E-09 4.6453E-09 4.9223E-09 5.1185E-09 5.3786E-09 5.6704E-09 5.9163E-09 6.2597E-09 6.5496E-09 6.8766E-09 7.3158E-09 7.7059E-09 8.1244E-09 8.5716E-09 9.0549E-09 9.5773E-09 1.0144E-08 1.0759E-08 1.1427E-08 1.2150E-08 1.2931E-08 1.3783E-08 1.4775E-08 1.5832E-08 1.7012E-08 1.8337E-08 1.9799E-08 2.1469E-08 2.3364E-08 2.5505E-08 2.8004E-08 3.0849E-08 3.4113E-08 3.7832E-08 4.2092E-08 4.6975E-08 5.2433E-08 5.8562E-08 6.5318E-08 7.2631E-08 8.0468E-08
2.8537E-09 2.9178E-09 2.9831E-09 3.0497E-09 3.1175E-09 3.1865E-09 3.2567E-09 3.3282E-09 3.4443E-09 3.5409E-09 3.6753E-09 3.7819E-09 3.9240E-09 4.0480E-09 4.1987E-09 4.3606E-09 4.5085E-09 4.6955E-09 4.9738E-09 5.1869E-09 5.4208E-09 5.7127E-09 5.9610E-09 6.3056E-09 6.5969E-09 6.9275E-09 7.3670E-09 7.7590E-09 8.1796E-09 8.6294E-09 9.1141E-09 9.6386E-09 1.0208E-08 1.0826E-08 1.1496E-08 1.2222E-08 1.3006E-08 1.3853E-08 1.4824E-08 1.5883E-08 1.7038E-08 1.8351E-08 1.9792E-08 2.1407E-08 2.3239E-08 2.5291E-08 2.7660E-08 3.0371E-08 3.3418E-08 3.6905E-08 4.0858E-08 4.5306E-08 5.0344E-08 5.5882E-08 6.1999E-08 6.8614E-08 7.5624E-08
2.8665E-09 2.9310E-09 2.9968E-09 3.0637E-09 3.1320E-09 3.2014E-09 3.2722E-09 3.3441E-09 3.4615E-09 3.5591E-09 3.7008E-09 3.8338E-09 3.9469E-09 4.1062E-09 4.2575E-09 4.3898E-09 4.5675E-09 4.7620E-09 5.0082E-09 5.2529E-09 5.4611E-09 5.7518E-09 6.0017E-09 6.2692E-09 6.6391E-09 6.9726E-09 7.4118E-09 7.8049E-09 8.2270E-09 8.6782E-09 9.1634E-09 9.6887E-09 1.0259E-08 1.0878E-08 1.1549E-08 1.2276E-08 1.3061E-08 1.3909E-08 1.4849E-08 1.5914E-08 1.7046E-08 1.8326E-08 1.9735E-08 2.1298E-08 2.3072E-08 2.5048E-08 2.7278E-08 2.9830E-08 3.2705E-08 3.5899E-08 3.9568E-08 4.3632E-08 4.8174E-08 5.3199E-08 5.8655E-08 6.4562E-08 7.0798E-08
2.8787E-09 2.9436E-09 3.0097E-09 3.0771E-09 3.1457E-09 3.2156E-09 3.2868E-09 3.3592E-09 3.4831E-09 3.5764E-09 3.7199E-09 3.8598E-09 3.9687E-09 4.1301E-09 4.2893E-09 4.4176E-09 4.5965E-09 4.8003E-09 5.0403E-09 5.2865E-09 5.4990E-09 5.7884E-09 6.0384E-09 6.3095E-09 6.6765E-09 7.0115E-09 7.4505E-09 7.8429E-09 8.2663E-09 8.7181E-09 9.2028E-09 9.7277E-09 1.0298E-08 1.0916E-08 1.1587E-08 1.2312E-08 1.3096E-08 1.3942E-08 1.4852E-08 1.5905E-08 1.7033E-08 1.8269E-08 1.9653E-08 2.1165E-08 2.2863E-08 2.4745E-08 2.6857E-08 2.9253E-08 3.1949E-08 3.4920E-08 3.8225E-08 4.1964E-08 4.6035E-08 5.0538E-08 5.5411E-08 6.0630E-08 6.6141E-08
2.8902E-09 2.9554E-09 3.0219E-09 3.0897E-09 3.1588E-09 3.2291E-09 3.3007E-09 3.3735E-09 3.5123E-09 3.6199E-09 3.7379E-09 3.8937E-09 4.0175E-09 4.1529E-09 4.3290E-09 4.4732E-09 4.6239E-09 4.8463E-09 5.0316E-09 5.3168E-09 5.5335E-09 5.8215E-09 6.0709E-09 6.3457E-09 6.7091E-09 7.0443E-09 7.4000E-09 7.8731E-09 8.2972E-09 8.7488E-09 9.2322E-09 9.7557E-09 1.0324E-08 1.0940E-08 1.1608E-08 1.2331E-08 1.3112E-08 1.3954E-08 1.4859E-08 1.5864E-08 1.6991E-08 1.8187E-08 1.9536E-08 2.0999E-08 2.2621E-08 2.4431E-08 2.6423E-08 2.8661E-08 3.1139E-08 3.3939E-08 3.6951E-08 4.0311E-08 4.4015E-08 4.8006E-08 5.2345E-08 5.6949E-08 6.1757E-08
2.9010E-09 2.9666E-09 3.0335E-09 3.1016E-09 3.1711E-09 3.2418E-09 3.3138E-09 3.4010E-09 3.5273E-09 3.6358E-09 3.7696E-09 3.9125E-09 4.0651E-09 4.1897E-09 4.3531E-09 4.4987E-09 4.6660E-09 4.8747E-09 5.0638E-09 5.3439E-09 5.5634E-09 5.7771E-09 6.0987E-09 6.3775E-09 6.7373E-09 7.0712E-09 7.4288E-09 7.8957E-09 8.3197E-09 8.7709E-09 9.2520E-09 9.7729E-09 1.0338E-08 1.0951E-08 1.1615E-08 1.2333E-08 1.3108E-08 1.3944E-08 1.4843E-08 1.5807E-08 1.6913E-08 1.8096E-08 1.9380E-08 2.0816E-08 2.2357E-08 2.4083E-08 2.5954E-08 2.8047E-08 3.0386E-08 3.2926E-08 3.5730E-08 3.8737E-08 4.2069E-08 4.5642E-08 4.9467E-08 5.3530E-08 5.7738E-08
2.9111E-09 2.9771E-09 3.0443E-09 3.1128E-09 3.1826E-09 3.2537E-09 3.3260E-09 3.4434E-09 3.5413E-09 3.6777E-09 3.8166E-09 3.9302E-09 4.0845E-09 4.2423E-09 4.3758E-09 4.5519E-09 4.7256E-09 4.9014E-09 5.1237E-09 5.3690E-09 5.5900E-09 5.8067E-09 6.1224E-09 6.4037E-09 6.7606E-09 7.0919E-09 7.4516E-09 7.9121E-09 8.3345E-09 8.7844E-09 9.2625E-09 9.7798E-09 1.0341E-08 1.0949E-08 1.1607E-08 1.2318E-08 1.3086E-08 1.3913E-08 1.4803E-08 1.5757E-08 1.6793E-08 1.7979E-08 1.9216E-08 2.0592E-08 2.2077E-08 2.3696E-08 2.5515E-08 2.7440E-08 2.9608E-08 3.1962E-08 3.4528E-08 3.7290E-08 4.0236E-08 4.3452E-08 4.6840E-08 5.0382E-08 5.4090E-08
2.9206E-09 2.9869E-09 3.0544E-09 3.1232E-09 3.1933E-09 3.2648E-09 3.3375E-09 3.4558E-09 3.5544E-09 3.6920E-09 3.8322E-09 3.9468E-09 4.1085E-09 4.2622E-09 4.3970E-09 4.5751E-09 4.7510E-09 4.9256E-09 5.1510E-09 5.3215E-09 5.6123E-09 5.8334E-09 6.1424E-09 6.4242E-09 6.7037E-09 7.1060E-09 7.4677E-09 7.9223E-09 8.3415E-09 8.7892E-09 9.2640E-09 9.7766E-09 1.0332E-08 1.0933E-08 1.1584E-08 1.2288E-08 1.3046E-08 1.3863E-08 1.4742E-08 1.5683E-08 1.6690E-08 1.7810E-08 1.9040E-08 2.0335E-08 2.1794E-08 2.3322E-08 2.5019E-08 2.6866E-08 2.8831E-08 3.1040E-08 3.3377E-08 3.5913E-08 3.8579E-08 4.1423E-08 4.4453E-08 4.7579E-08 5.0815E-08
2.9294E-09 2.9959E-09 3.0637E-09 3.1329E-09 3.2033E-09 3.2750E-09 3.3481E-09 3.4673E-09 3.5665E-09 3.7110E-09 3.8521E-09 3.9900E-09 4.1255E-09 4.2864E-09 4.4458E-09 4.5967E-09 4.7959E-09 4.9779E-09 5.1759E-09 5.3482E-09 5.6322E-09 5.8562E-09 6.1590E-09 6.4397E-09 6.7218E-09 7.1146E-09 7.4761E-09 7.8447E-09 8.3412E-09 8.7861E-09 9.2569E-09 9.7637E-09 1.0312E-08 1.0906E-08 1.1549E-08 1.2242E-08 1.2990E-08 1.3795E-08 1.4660E-08 1.5586E-08 1.6576E-08 1.7632E-08 1.8827E-08 2.0095E-08 2.1441E-08 2.2958E-08 2.4522E-08 2.6272E-08 2.8129E-08 3.0101E-08 3.2323E-08 3.4606E-08 3.7058E-08 3.9609E-08 4.2269E-08 4.5082E-08 4.7930E-08
2.9374E-09 3.0042E-09 3.0723E-09 3.1417E-09 3.2125E-09 3.2845E-09 3.3578E-09 3.4831E-09 3.6047E-09 3.7233E-09 3.8797E-09 4.0046E-09 4.1412E-09 4.3184E-09 4.4646E-09 4.6168E-09 4.8184E-09 4.9983E-09 5.1981E-09 5.3724E-09 5.6482E-09 5.8742E-09 6.1023E-09 6.4499E-09 6.7357E-09 7.1189E-09 7.4771E-09 7.8470E-09 8.3328E-09 8.7746E-09 9.2416E-09 9.7417E-09 1.0283E-08 1.0868E-08 1.1500E-08 1.2183E-08 1.2918E-08 1.3710E-08 1.4558E-08 1.5467E-08 1.6438E-08 1.7473E-08 1.8574E-08 1.9831E-08 2.1132E-08 2.2524E-08 2.4069E-08 2.5658E-08 2.7433E-08 2.9281E-08 3.1228E-08 3.3415E-08 3.5633E-08 3.7968E-08 4.0369E-08 4.2831E-08 4.5375E-08
2.9448E-09 3.0118E-09 3.0802E-09 3.1498E-09 3.2208E-09 3.2931E-09 3.3667E-09 3.5064E-09 3.6152E-09 3.7346E-09 3.8921E-09 4.0179E-09 4.1707E-09 4.3344E-09 4.5105E-09 4.6511E-09 4.8392E-09 5.0458E-09 5.2175E-09 5.3941E-09 5.5918E-09 5.8872E-09 6.1195E-09 6.4561E-09 6.7436E-09 7.0425E-09 7.4717E-09 7.8426E-09 8.3192E-09 8.7551E-09 9.2188E-09 9.7114E-09 1.0244E-08 1.0820E-08 1.1441E-08 1.2111E-08 1.2833E-08 1.3609E-08 1.4439E-08 1.5329E-08 1.6278E-08 1.7290E-08 1.8364E-08 1.9503E-08 2.0804E-08 2.2131E-08 2.3548E-08 2.5118E-08 2.6714E-08 2.8485E-08 3.0313E-08 3.2207E-08 3.4333E-08 3.6452E-08 3.8632E-08 4.0873E-08 4.3125E-08
2.9514E-09 3.0186E-09 3.0872E-09 3.1571E-09 3.2283E-09 3.3009E-09 3.3887E-09 3.5153E-09 3.6513E-09 3.7593E-09 3.9034E-09 4.0578E-09 4.2157E-09 4.3490E-09 4.5265E-09 4.7014E-09 4.8581E-09 5.0646E-09 5.2339E-09 5.4137E-09 5.6071E-09 5.8963E-09 6.1320E-09 6.3858E-09 6.7450E-09 7.0447E-09 7.4614E-09 7.8317E-09 8.2198E-09 8.7275E-09 9.1877E-09 9.6736E-09 1.0197E-08 1.0762E-08 1.1371E-08 1.2028E-08 1.2735E-08 1.3492E-08 1.4304E-08 1.5172E-08 1.6098E-08 1.7084E-08 1.8130E-08 1.9238E-08 2.0407E-08 2.1731E-08 2.3078E-08 2.4495E-08 2.6087E-08 2.7677E-08 2.9387E-08 3.1215E-08 3.3047E-08 3.5068E-08 3.7058E-08 3.9104E-08 4.1161E-08
2.9573E-09 3.0247E-09 3.0935E-09 3.1636E-09 3.2350E-09 3.3078E-09 3.3959E-09 3.5232E-09 3.6600E-09 3.7991E-09 3.9135E-09 4.0690E-09 4.2279E-09 4.3621E-09 4.5410E-09 4.7172E-09 4.8752E-09 5.0823E-09 5.2482E-09 5.4299E-09 5.6209E-09 5.9029E-09 6.1403E-09 6.3906E-09 6.7415E-09 7.0421E-09 7.3686E-09 7.8128E-09 8.2012E-09 8.6951E-09 9.1490E-09 9.6288E-09 1.0142E-08 1.0696E-08 1.1292E-08 1.1935E-08 1.2625E-08 1.3363E-08 1.4155E-08 1.4999E-08 1.5900E-08 1.6857E-08 1.7873E-08 1.8949E-08 2.0081E-08 2.1273E-08 2.2592E-08 2.3970E-08 2.5393E-08 2.6964E-08 2.8526E-08 3.0150E-08 3.1978E-08 3.3731E-08 3.5507E-08 3.7407E-08 3.9385E-08
2.9624E-09 3.0300E-09 3.0990E-09 3.1693E-09 3.2409E-09 3.3138E-09 3.4316E-09 3.5301E-09 3.6676E-09 3.8074E-09 3.9224E-09 4.0788E-09 4.2387E-09 4.3737E-09 4.5538E-09 4.7313E-09 4.8903E-09 5.0989E-09 5.2598E-09 5.4439E-09 5.6330E-09 5.8410E-09 6.1418E-09 6.3933E-09 6.6608E-09 7.0349E-09 7.3562E-09 7.7884E-09 8.1749E-09 8.5764E-09 9.1017E-09 9.5777E-09 1.0080E-08 1.0622E-08 1.1205E-08 1.1832E-08 1.2503E-08 1.3222E-08 1.3991E-08 1.4811E-08 1.5685E-08 1.6613E-08 1.7598E-08 1.8637E-08 1.9733E-08 2.0885E-08 2.2093E-08 2.3353E-08 2.4796E-08 2.6207E-08 2.7655E-08 2.9202E-08 3.0859E-08 3.2477E-08 3.4163E-08 3.5832E-08 3.7645E-08
2.9668E-09 3.0346E-09 3.1037E-09 3.1741E-09 3.2459E-09 3.3190E-09 3.4372E-09 3.5361E-09 3.6741E-09 3.8146E-09 3.9300E-09 4.0872E-09 4.2480E-09 4.3837E-09 4.5650E-09 4.7493E-09 4.9337E-09 5.1135E-09 5.2710E-09 5.4538E-09 5.6451E-09 5.8473E-09 6.1426E-09 6.3914E-09 6.6575E-09 7.0206E-09 7.3395E-09 7.6820E-09 8.1420E-09 8.5416E-09 9.0481E-09 9.5190E-09 1.0012E-08 1.0541E-08 1.1110E-08 1.1720E-08 1.2372E-08 1.3071E-08 1.3815E-08 1.4610E-08 1.5455E-08 1.6353E-08 1.7304E-08 1.8307E-08 1.9365E-08 2.0476E-08 2.1640E-08 2.2855E-08 2.4119E-08 2.5454E-08 2.6841E-08 2.8263E-08 2.9828E-08 3.1341E-08 3.2869E-08 3.4518E-08 3.6048E-08
2.9705E-09 3.0384E-09 3.1076E-09 3.1782E-09 3.2501E-09 3.3233E-09 3.4419E-09 3.5410E-09 3.6796E-09 3.8206E-09 3.9364E-09 4.0944E-09 4.2559E-09 4.4211E-09 4.5744E-09 4.7749E-09 4.9453E-09 5.1259E-09 5.2821E-09 5.4617E-09 5.6549E-09 5.8522E-09 6.0752E-09 6.3847E-09 6.6507E-09 6.9302E-09 7.3177E-09 7.6582E-09 8.1009E-09 8.5011E-09 8.9107E-09 9.4502E-09 9.9378E-09 1.0453E-08 1.1007E-08 1.1598E-08 1.2232E-08 1.2908E-08 1.3629E-08 1.4398E-08 1.5213E-08 1.6080E-08 1.6995E-08 1.7961E-08 1.8980E-08 2.0049E-08 2.1169E-08 2.2338E-08 2.3552E-08 2.4809E-08 2.6102E-08 2.7440E-08 2.8851E-08 3.0264E-08 3.1670E-08 3.3217E-08 3.4660E-08
2.9734E-09 3.0414E-09 3.1107E-09 3.1814E-09 3.2534E-09 3.3267E-09 3.4456E-09 3.5449E-09 3.6840E-09 3.8254E-09 3.9415E-09 4.1002E-09 4.2623E-09 4.4282E-09 4.5822E-09 4.7837E-09 4.9548E-09 5.1362E-09 5.2919E-09 5.4664E-09 5.6615E-09 5.8571E-09 6.0755E-09 6.3063E-09 6.6366E-09 6.9204E-09 7.2916E-09 7.6276E-09 7.9825E-09 8.4499E-09 8.8592E-09 9.3736E-09 9.8553E-09 1.0360E-08 1.0897E-08 1.1470E-08 1.2084E-08 1.2737E-08 1.3434E-08 1.4174E-08 1.4961E-08 1.5795E-08 1.6675E-08 1.7605E-08 1.8583E-08 1.9610E-08 2.0685E-08 2.1807E-08 2.2971E-08 2.4176E-08 2.5414E-08 2.6687E-08 2.7984E-08 2.9302E-08 3.0633E-08 3.1974E-08 3.3371E-08
2.9755E-09 3.0436E-09 3.1130E-09 3.1838E-09 3.2559E-09 3.3293E-09 3.4484E-09 3.5478E-09 3.6873E-09 3.8290E-09 3.9734E-09 4.1047E-09 4.2875E-09 4.4337E-09 4.5882E-09 4.7906E-09 4.9921E-09 5.1443E-09 5.3001E-09 5.4703E-09 5.6638E-09 5.8613E-09 6.0725E-09 6.3062E-09 6.6202E-09 6.9016E-09 7.1914E-09 7.5876E-09 7.9459E-09 8.3947E-09 8.7986E-09 9.2177E-09 9.7634E-09 1.0260E-08 1.0781E-08 1.1336E-08 1.1929E-08 1.2560E-08 1.3232E-08 1.3944E-08 1.4702E-08 1.5502E-08 1.6347E-08 1.7239E-08 1.8177E-08 1.9162E-08 2.0193E-08 2.1266E-08 2.2381E-08 2.3532E-08 2.4717E-08 2.5934E-08 2.7175E-08 2.8436E-08 2.9709E-08 3.0987E-08 3.2262E-08
2.9769E-09 3.0450E-09 3.1145E-09 3.1853E-09 3.2574E-09 3.3309E-09 3.4501E-09 3.5497E-09 3.6895E-09 3.8315E-09 3.9762E-09 4.1077E-09 4.2910E-09 4.4375E-09 4.5924E-09 4.7956E-09 4.9977E-09 5.1502E-09 5.3065E-09 5.4730E-09 5.6622E-09 5.8621E-09 6.0681E-09 6.3003E-09 6.5353E-09 6.8747E-09 7.1714E-09 7.5475E-09 7.8967E-09 8.2631E-09 8.7290E-09 9.1463E-09 9.5792E-09 1.0150E-08 1.0660E-08 1.1198E-08 1.1769E-08 1.2377E-08 1.3023E-08 1.3709E-08 1.4436E-08 1.5203E-08 1.6014E-08 1.6869E-08 1.7767E-08 1.8709E-08 1.9694E-08 2.0720E-08 2.1785E-08 2.2884E-08 2.4017E-08 2.5178E-08 2.6363E-08 2.7567E-08 2.8782E-08 3.0004E-08 3.1221E-08
2.9775E-09 3.0457E-09 3.1152E-09 3.1860E-09 3.2582E-09 3.3317E-09 3.4510E-09 3.5506E-09 3.6906E-09 3.8327E-09 3.9776E-09 4.1094E-09 4.2930E-09 4.4683E-09 4.6107E-09 4.7986E-09 5.0011E-09 5.1538E-09 5.3106E-09 5.4746E-09 5.6598E-09 5.8590E-09 6.0639E-09 6.2880E-09 6.5275E-09 6.8456E-09 7.1388E-09 7.4388E-09 7.8425E-09 8.2096E-09 8.5774E-09 9.0646E-09 9.4931E-09 1.0035E-08 1.0530E-08 1.1054E-08 1.1605E-08 1.2191E-08 1.2812E-08 1.3471E-08 1.4167E-08 1.4902E-08 1.5678E-08 1.6496E-08 1.7354E-08 1.8255E-08 1.9195E-08 2.0175E-08 2.1189E-08 2.2238E-08 2.3318E-08 2.4425E-08 2.5556E-08 2.6703E-08 2.7862E-08 2.9027E-08 3.0188E-08
2.9774E-09 3.0455E-09 3.1150E-09 3.1859E-09 3.2581E-09 3.3316E-09 3.4509E-09 3.5505E-09 3.6906E-09 3.8328E-09 3.9778E-09 4.1098E-09 4.2935E-09 4.4690E-09 4.6115E-09 4.7998E-09 5.0025E-09 5.1551E-09 5.3122E-09 5.4751E-09 5.6544E-09 5.8511E-09 6.0569E-09 6.2745E-09 6.5134E-09 6.7565E-09 7.1010E-09 7.4036E-09 7.7135E-09 8.1450E-09 8.5160E-09 8.9790E-09 9.3985E-09 9.8352E-09 1.0397E-08 1.0904E-08 1.1440E-08 1.2002E-08 1.2599E-08 1.3231E-08 1.3896E-08 1.4600E-08 1.5342E-08 1.6123E-08 1.6943E-08 1.7802E-08 1.8699E-08 1.9632E-08 2.0598E-08 2.1598E-08 2.2626E-08 2.3681E-08 2.4758E-08 2.5850E-08 2.6956E-08 2.8065E-08 2.9175E-08
2.9765E-09 3.0446E-09 3.1141E-09 3.1849E-09 3.2571E-09 3.3306E-09 3.4498E-09 3.5494E-09 3.6895E-09 3.8317E-09 3.9767E-09 4.1087E-09 4.2924E-09 4.4681E-09 4.6105E-09 4.7990E-09 5.0017E-09 5.1541E-09 5.3114E-09 5.4744E-09 5.6484E-09 5.8424E-09 6.0475E-09 6.2616E-09 6.4924E-09 6.7382E-09 6.9945E-09 7.3598E-09 7.6683E-09 7.9992E-09 8.4475E-09 8.8178E-09 9.2980E-09 9.7259E-09 1.0176E-08 1.0750E-08 1.1269E-08 1.1812E-08 1.2385E-08 1.2989E-08 1.3626E-08 1.4299E-08 1.5008E-08 1.5753E-08 1.6536E-08 1.7354E-08 1.8209E-08 1.9097E-08 2.0017E-08 2.0969E-08 2.1947E-08 2.2952E-08 2.3976E-08 2.5017E-08 2.6069E-08 2.7126E-08 2.8185E-08
2.9748E-09 3.0429E-09 3.1123E-09 3.1831E-09 3.2552E-09 3.3287E-09 3.4478E-09 3.5473E-09 3.6874E-09 3.8293E-09 3.9743E-09 4.1063E-09 4.2843E-09 4.4656E-09 4.6077E-09 4.7964E-09 4.9988E-09 5.1512E-09 5.3083E-09 5.4711E-09 5.6414E-09 5.8308E-09 6.0334E-09 6.2468E-09 6.4723E-09 6.7149E-09 6.9688E-09 7.2404E-09 7.6196E-09 7.9398E-09 8.3688E-09 8.7395E-09 9.1161E-09 9.6138E-09 1.0047E-08 1.0509E-08 1.1093E-08 1.1620E-08 1.2171E-08 1.2749E-08 1.3358E-08 1.4001E-08 1.4678E-08 1.5389E-08 1.6136E-08 1.6916E-08 1.7729E-08 1.8573E-08 1.9450E-08 2.0354E-08 2.1286E-08 2.2241E-08 2.3215E-08 2.4207E-08 2.5208E-08 2.6216E-08 2.7225E-08
2.9724E-09 3.0404E-09 3.1098E-09 3.1805E-09 3.2525E-09 3.3260E-09 3.4448E-09 3.5442E-09 3.6841E-09 3.8258E-09 3.9706E-09 4.1025E-09 4.2803E-09 4.4614E-09 4.5874E-09 4.7918E-09 4.9939E-09 5.1460E-09 5.3028E-09 5.4654E-09 5.6342E-09 5.8165E-09 6.0176E-09 6.2281E-09 6.4514E-09 6.6851E-09 6.9409E-09 7.2046E-09 7.4907E-09 7.8803E-09 8.2145E-09 8.6560E-09 9.0244E-09 9.4148E-09 9.9183E-09 1.0362E-08 1.0919E-08 1.1425E-08 1.1958E-08 1.2511E-08 1.3095E-08 1.3708E-08 1.4354E-08 1.5034E-08 1.5744E-08 1.6488E-08 1.7261E-08 1.8065E-08 1.8899E-08 1.9759E-08 2.0645E-08 2.1553E-08 2.2480E-08 2.3423E-08 2.4376E-08 2.5338E-08 2.6301E-08
