Assets/Resources/2015_m01_d20_0800(utc+0800)_l00_csi_1hr_conc.grd
DSAA
         159         159
     -79.000      79.000
     -79.000      79.000
  0.1779E-12  0.1390E-05
[rows 75 to 99 of 159, columns 57 to 113 of 159]
2.4421E-09 2.5163E-09 2.5769E-09 2.6403E-09 2.7551E-09 2.8312E-09 2.9094E-09 3.0211E-09 3.1019E-09 3.1841E-09 3.2914E-09 3.4435E-09 3.5574E-09 3.6768E-09 3.8030E-09 3.8720E-09 4.0102E-09 4.1533E-09 4.2949E-09 4.4490E-09 4.6144E-09 4.7905E-09 5.0060E-09 5.1727E-09 5.3196E-09 5.5129E-09 5.7322E-09 5.9713E-09 6.2282E-09 6.5738E-09 6.7328E-09 6.9270E-09 7.5278E-09 8.8932E-09 1.2588E-08 1.6805E-08 1.9702E-08 2.0189E-08 1.9937E-08 1.9723E-08 1.9966E-08 2.0772E-08 2.2441E-08 2.4261E-08 2.7237E-08 3.1056E-08 3.5975E-08 4.1477E-08 4.6610E-08 4.9964E-08 5.2440E-08 5.4322E-08 5.5235E-08 5.5450E-08 5.5296E-08 5.3431E-08 5.3039E-08
2.4150E-09 2.4763E-09 2.5387E-09 2.6299E-09 2.6915E-09 2.7542E-09 2.8230E-09 2.9617E-09 3.0483E-09 3.1382E-09 3.2826E-09 3.3804E-09 3.4403E-09 3.5314E-09 3.6362E-09 3.7684E-09 3.9511E-09 4.0935E-09 4.2435E-09 4.3347E-09 4.4264E-09 4.5611E-09 4.7749E-09 5.0169E-09 5.2208E-09 5.4382E-09 5.5431E-09 5.6031E-09 5.7655E-09 6.1128E-09 6.4087E-09 6.9046E-09 8.3941E-09 1.6756E-08 2.6722E-08 3.2006E-08 3.3894E-08 3.4403E-08 3.2804E-08 3.0617E-08 2.9071E-08 2.8726E-08 2.9729E-08 3.2173E-08 3.5733E-08 3.9842E-08 4.4655E-08 5.0490E-08 5.5711E-08 5.9438E-08 6.1706E-08 6.1897E-08 6.1245E-08 5.9893E-08 5.8187E-08 5.6551E-08 5.3685E-08
2.3649E-09 2.4152E-09 2.4702E-09 2.5736E-09 2.6412E-09 2.7101E-09 2.8127E-09 2.9247E-09 2.9617E-09 3.0279E-09 3.1735E-09 3.2682E-09 3.3681E-09 3.4740E-09 3.5857E-09 3.7174E-09 3.8168E-09 3.9238E-09 4.0485E-09 4.1850E-09 4.3316E-09 4.4876E-09 4.7445E-09 4.7616E-09 4.8823E-09 5.0427E-09 5.2255E-09 5.4256E-09 5.8637E-09 8.5445E-09 1.3607E-08 2.1564E-08 3.3435E-08 5.1522E-08 6.0519E-08 6.0199E-08 5.5576E-08 5.4323E-08 5.1014E-08 4.7190E-08 4.4043E-08 4.2393E-08 4.1934E-08 4.3613E-08 4.6998E-08 5.1482E-08 5.7045E-08 6.2599E-08 6.7085E-08 6.9836E-08 7.0484E-08 7.0332E-08 6.7989E-08 6.4278E-08 6.0895E-08 5.7859E-08 5.4688E-08
2.3187E-09 2.3742E-09 2.4454E-09 2.5380E-09 2.5769E-09 2.6260E-09 2.7318E-09 2.8189E-09 2.8945E-09 3.0058E-09 3.1281E-09 3.2253E-09 3.2700E-09 3.3464E-09 3.4379E-09 3.6128E-09 3.7322E-09 3.8581E-09 3.9917E-09 4.0091E-09 4.0836E-09 4.2210E-09 4.4429E-09 4.6019E-09 4.7726E-09 6.5937E-09 4.5455E-08 1.1089E-07 1.4662E-07 1.3587E-07 1.3636E-07 1.3527E-07 1.3575E-07 1.1121E-07 9.6828E-08 8.9320E-08 7.8061E-08 7.5423E-08 7.1304E-08 6.6332E-08 6.1888E-08 5.9039E-08 5.8217E-08 5.9112E-08 6.1453E-08 6.5419E-08 7.0560E-08 7.6341E-08 8.0084E-08 8.1136E-08 7.9903E-08 7.7757E-08 7.4856E-08 6.9403E-08 6.4365E-08 5.9889E-08 5.6229E-08
2.2704E-09 2.3097E-09 2.3855E-09 2.4567E-09 2.5151E-09 2.5905E-09 2.7033E-09 2.7774E-09 2.8226E-09 2.9263E-09 3.0188E-09 3.1022E-09 3.1911E-09 3.2850E-09 3.4015E-09 3.4986E-09 3.5564E-09 3.6452E-09 3.7484E-09 3.8614E-09 3.9825E-09 4.1453E-09 4.1637E-09 6.7102E-07 4.5016E-07 3.4952E-07 2.8824E-07 2.4415E-07 2.0314E-07 1.5818E-07 1.4475E-07 1.3750E-07 1.3258E-07 1.2469E-07 1.0762E-07 1.0173E-07 9.1467E-08 8.9127E-08 8.7432E-08 8.3892E-08 7.9595E-08 7.6512E-08 7.5259E-08 7.5467E-08 7.7577E-08 8.0373E-08 8.4556E-08 8.9782E-08 9.2927E-08 9.2576E-08 8.9632E-08 8.5261E-08 8.0948E-08 7.5473E-08 6.9421E-08 6.4011E-08 5.9295E-08
2.2149E-09 2.2640E-09 2.3591E-09 2.4173E-09 2.4619E-09 2.5321E-09 2.6198E-09 2.6833E-09 2.7504E-09 2.8876E-09 2.9704E-09 3.0291E-09 3.0652E-09 3.1294E-09 3.2585E-09 3.3691E-09 3.4684E-09 3.5739E-09 3.5573E-09 3.6047E-09 3.6806E-09 3.8839E-09 1.3896E-06 2.6142E-07 2.1295E-07 1.8817E-07 1.6666E-07 1.5219E-07 1.3441E-07 1.1101E-07 1.0001E-07 9.8003E-08 9.7031E-08 1.0192E-07 9.6462E-08 9.6743E-08 9.3691E-08 9.3783E-08 9.5255E-08 9.4702E-08 9.3099E-08 9.1167E-08 9.0317E-08 9.0314E-08 9.1894E-08 9.4185E-08 9.7356E-08 1.0146E-07 1.0385E-07 1.0288E-07 9.8935E-08 9.2948E-08 8.7299E-08 8.1216E-08 7.4016E-08 6.7706E-08 6.2096E-08
2.1755E-09 2.2072E-09 2.2943E-09 2.3445E-09 2.3964E-09 2.5104E-09 2.5747E-09 2.6394E-09 2.6909E-09 2.7762E-09 2.8412E-09 2.9117E-09 2.9863E-09 3.0647E-09 3.1497E-09 3.1901E-09 3.2547E-09 3.3304E-09 3.4129E-09 3.5010E-09 3.5665E-09 3.6505E-09 2.5948E-07 5.2160E-07 1.3884E-07 1.2788E-07 1.1886E-07 1.0960E-07 1.0106E-07 8.7654E-08 7.9654E-08 7.8499E-08 7.9700E-08 8.4401E-08 8.3590E-08 8.5813E-08 8.8339E-08 9.1084E-08 9.5386E-08 9.8091E-08 9.9438E-08 1.0004E-07 1.0060E-07 1.0117E-07 1.0253E-07 1.0454E-07 1.0704E-07 1.1007E-07 1.1223E-07 1.1041E-07 1.0565E-07 9.8665E-08 9.1710E-08 8.5100E-08 7.7379E-08 7.0388E-08 6.4197E-08
2.1166E-09 2.1882E-09 2.2531E-09 2.3043E-09 2.3305E-09 2.4286E-09 2.4789E-09 2.5330E-09 2.6518E-09 2.7200E-09 2.7589E-09 2.7854E-09 2.8335E-09 2.9068E-09 3.0270E-09 3.1020E-09 3.1797E-09 3.1675E-09 3.2066E-09 3.2623E-09 3.4066E-09 3.5199E-09 9.1408E-08 4.9703E-07 1.2031E-07 1.0060E-07 9.5412E-08 9.0760E-08 8.6697E-08 7.7614E-08 7.1969E-08 6.9773E-08 7.1541E-08 7.4963E-08 7.5593E-08 7.6709E-08 8.0631E-08 8.4640E-08 9.0301E-08 9.5429E-08 9.9284E-08 1.0219E-07 1.0471E-07 1.0654E-07 1.0809E-07 1.0988E-07 1.1173E-07 1.1381E-07 1.1564E-07 1.1360E-07 1.0859E-07 1.0138E-07 9.3629E-08 8.6709E-08 7.9136E-08 7.1790E-08 6.5320E-08
2.0800E-09 2.1397E-09 2.1810E-09 2.2239E-09 2.2968E-09 2.3780E-09 2.4258E-09 2.4429E-09 2.5439E-09 2.5958E-09 2.6509E-09 2.7085E-09 2.7682E-09 2.8291E-09 2.8827E-09 2.9338E-09 2.9913E-09 3.0526E-09 3.1168E-09 3.1381E-09 3.2606E-09 3.3281E-09 4.1553E-08 2.8101E-07 1.4324E-07 8.8019E-08 8.3681E-08 8.2649E-08 7.9848E-08 7.3916E-08 6.9141E-08 6.6178E-08 6.7080E-08 6.9191E-08 7.0548E-08 7.0234E-08 7.3115E-08 7.6980E-08 8.2623E-08 8.8864E-08 9.4258E-08 9.8758E-08 1.0262E-07 1.0566E-07 1.0769E-07 1.0951E-07 1.1104E-07 1.1252E-07 1.1370E-07 1.1223E-07 1.0757E-07 1.0081E-07 9.3092E-08 8.6119E-08 7.9117E-08 7.1801E-08 6.5357E-08
2.0455E-09 2.0953E-09 2.1386E-09 2.1825E-09 2.2452E-09 2.2874E-09 2.3310E-09 2.4054E-09 2.4886E-09 2.5193E-09 2.5476E-09 2.5876E-09 2.6320E-09 2.7487E-09 2.8070E-09 2.8540E-09 2.8699E-09 2.9073E-09 2.9518E-09 3.0245E-09 3.1635E-09 3.2686E-09 2.9116E-08 1.4923E-07 1.4710E-07 9.2157E-08 7.9263E-08 7.8878E-08 7.6119E-08 7.1682E-08 6.7146E-08 6.3791E-08 6.3482E-08 6.4424E-08 6.5685E-08 6.4630E-08 6.6155E-08 6.9181E-08 7.3951E-08 8.0157E-08 8.6030E-08 9.1272E-08 9.5891E-08 9.9727E-08 1.0228E-07 1.0433E-07 1.0584E-07 1.0706E-07 1.0785E-07 1.0700E-07 1.0307E-07 9.7221E-08 9.0201E-08 8.3527E-08 7.7261E-08 7.0416E-08 6.4290E-08
2.0139E-09 2.0587E-09 2.1016E-09 2.1450E-09 2.1968E-09 2.2410E-09 2.2857E-09 2.3471E-09 2.3912E-09 2.4360E-09 2.4819E-09 2.5285E-09 2.5758E-09 2.6467E-09 2.6908E-09 2.7375E-09 2.7854E-09 2.8342E-09 2.8837E-09 2.9538E-09 3.0103E-09 3.2984E-09 2.1633E-08 8.7567E-08 1.1884E-07 9.4578E-08 7.9472E-08 7.4846E-08 7.2000E-08 6.8023E-08 6.3295E-08 5.9741E-08 5.8300E-08 5.8391E-08 5.9241E-08 5.8116E-08 5.8767E-08 6.1106E-08 6.4870E-08 7.0503E-08 7.6235E-08 8.1551E-08 8.6368E-08 9.0599E-08 9.3626E-08 9.5860E-08 9.7551E-08 9.8740E-08 9.9450E-08 9.9031E-08 9.6024E-08 9.1273E-08 8.5328E-08 7.9280E-08 7.3739E-08 6.7766E-08 6.2170E-08
1.9811E-09 2.0237E-09 2.0659E-09 2.1097E-09 2.1570E-09 2.2008E-09 2.2451E-09 2.2975E-09 2.3426E-09 2.3882E-09 2.4343E-09 2.4808E-09 2.5347E-09 2.5849E-09 2.6326E-09 2.6808E-09 2.7293E-09 2.7783E-09 2.8277E-09 2.8896E-09 2.9531E-09 4.2761E-09 1.7816E-08 5.5973E-08 8.7549E-08 8.5581E-08 7.5016E-08 6.8915E-08 6.4773E-08 6.0702E-08 5.6049E-08 5.2467E-08 5.0406E-08 5.0034E-08 5.0488E-08 4.9995E-08 5.0317E-08 5.2459E-08 5.5714E-08 6.0629E-08 6.5921E-08 7.1022E-08 7.5728E-08 7.9966E-08 8.3299E-08 8.5748E-08 8.7569E-08 8.8835E-08 8.9652E-08 8.9554E-08 8.7423E-08 8.3758E-08 7.8975E-08 7.3787E-08 6.9015E-08 6.4052E-08 5.9145E-08
1.9484E-09 1.9894E-09 2.0309E-09 2.0758E-09 2.1194E-09 2.1624E-09 2.2059E-09 2.2552E-09 2.2998E-09 2.3448E-09 2.3903E-09 2.4362E-09 2.4882E-09 2.5356E-09 2.5829E-09 2.6305E-09 2.6785E-09 2.7269E-09 2.7755E-09 2.8333E-09 2.9124E-09 4.4591E-09 1.3208E-08 3.4856E-08 5.7906E-08 6.5538E-08 6.2788E-08 5.7787E-08 5.3470E-08 4.9204E-08 4.5155E-08 4.1985E-08 4.0038E-08 3.9584E-08 4.0050E-08 4.0407E-08 4.1210E-08 4.3431E-08 4.6523E-08 5.0913E-08 5.5744E-08 6.0534E-08 6.4987E-08 6.9057E-08 7.2524E-08 7.5061E-08 7.7015E-08 7.8369E-08 7.9287E-08 7.9453E-08 7.8136E-08 7.5403E-08 7.1713E-08 6.7493E-08 6.3516E-08 5.9550E-08 5.5374E-08
1.9152E-09 1.9555E-09 1.9962E-09 2.0407E-09 2.0826E-09 2.1249E-09 2.1699E-09 2.2150E-09 2.2588E-09 2.3031E-09 2.3478E-09 2.3929E-09 2.4431E-09 2.4892E-09 2.5357E-09 2.5825E-09 2.6297E-09 2.6772E-09 2.7263E-09 2.7802E-09 2.8693E-09 4.1582E-09 9.3961E-09 2.1099E-08 3.5341E-08 4.3873E-08 4.4462E-08 4.1854E-08 3.8576E-08 3.5214E-08 3.2185E-08 2.9974E-08 2.8688E-08 2.8589E-08 2.9280E-08 3.0514E-08 3.2000E-08 3.4511E-08 3.7666E-08 4.1672E-08 4.6107E-08 5.0526E-08 5.4705E-08 5.8556E-08 6.1974E-08 6.4537E-08 6.6529E-08 6.7997E-08 6.8961E-08 6.9345E-08 6.8735E-08 6.6752E-08 6.4038E-08 6.0772E-08 5.7545E-08 5.4442E-08 5.1078E-08
1.8822E-09 1.9217E-09 1.9617E-09 2.0051E-09 2.0462E-09 2.0877E-09 2.1330E-09 2.1757E-09 2.2187E-09 2.2622E-09 2.3060E-09 2.3502E-09 2.3988E-09 2.4441E-09 2.4897E-09 2.5357E-09 2.5820E-09 2.6285E-09 2.6802E-09 2.7287E-09 2.8086E-09 3.7137E-09 6.4475E-09 1.1761E-08 1.9131E-08 2.4840E-08 2.6622E-08 2.5780E-08 2.3900E-08 2.1883E-08 2.0155E-08 1.9020E-08 1.8567E-08 1.8893E-08 1.9902E-08 2.1606E-08 2.3667E-08 2.6398E-08 2.9597E-08 3.3264E-08 3.7289E-08 4.1301E-08 4.5147E-08 4.8726E-08 5.1957E-08 5.4495E-08 5.6518E-08 5.7992E-08 5.9009E-08 5.9588E-08 5.9483E-08 5.8165E-08 5.6269E-08 5.3895E-08 5.1369E-08 4.8997E-08 4.6468E-08
1.8494E-09 1.8881E-09 1.9272E-09 1.9698E-09 2.0101E-09 2.0508E-09 2.0950E-09 2.1368E-09 2.1790E-09 2.2216E-09 2.2646E-09 2.3107E-09 2.3553E-09 2.3997E-09 2.4444E-09 2.4894E-09 2.5347E-09 2.5803E-09 2.6313E-09 2.6780E-09 2.7594E-09 3.1785E-09 4.3164E-09 6.6043E-09 9.7365E-09 1.2499E-08 1.3765E-08 1.3535E-08 1.2781E-08 1.2001E-08 1.1363E-08 1.1065E-08 1.1182E-08 1.1789E-08 1.2899E-08 1.4659E-08 1.6919E-08 1.9639E-08 2.2695E-08 2.5993E-08 2.9542E-08 3.3111E-08 3.6534E-08 3.9758E-08 4.2736E-08 4.5200E-08 4.7127E-08 4.8608E-08 4.9666E-08 5.0330E-08 5.0549E-08 4.9903E-08 4.8643E-08 4.7025E-08 4.5219E-08 4.3546E-08 4.1730E-08
1.8165E-09 1.8545E-09 1.8951E-09 1.9346E-09 1.9741E-09 2.0139E-09 2.0573E-09 2.0982E-09 2.1396E-09 2.1813E-09 2.2233E-09 2.2684E-09 2.3121E-09 2.3555E-09 2.3992E-09 2.4433E-09 2.4876E-09 2.5321E-09 2.5812E-09 2.6278E-09 2.6982E-09 2.9106E-09 3.3568E-09 4.0298E-09 5.0788E-09 6.0364E-09 6.6352E-09 6.7266E-09 6.5941E-09 6.4223E-09 6.3205E-09 6.4439E-09 6.7691E-09 7.4173E-09 8.4012E-09 9.9136E-09 1.1968E-08 1.4384E-08 1.7114E-08 1.9995E-08 2.3043E-08 2.6085E-08 2.9076E-08 3.1903E-08 3.4534E-08 3.6822E-08 3.8654E-08 4.0098E-08 4.1159E-08 4.1887E-08 4.2305E-08 4.2195E-08 4.1502E-08 4.0529E-08 3.9365E-08 3.8231E-08 3.7056E-08
1.7838E-09 1.8209E-09 1.8608E-09 1.8995E-09 1.9381E-09 1.9790E-09 2.0196E-09 2.0597E-09 2.1002E-09 2.1410E-09 2.1821E-09 2.2263E-09 2.2690E-09 2.3115E-09 2.3543E-09 2.3973E-09 2.4406E-09 2.4841E-09 2.5322E-09 2.5778E-09 2.6226E-09 2.7026E-09 2.8408E-09 3.0642E-09 3.3566E-09 3.6154E-09 3.8337E-09 3.9342E-09 3.9652E-09 3.9686E-09 4.0655E-09 4.2381E-09 4.5846E-09 5.0875E-09 5.8896E-09 7.0035E-09 8.6395E-09 1.0600E-08 1.2838E-08 1.5239E-08 1.7725E-08 2.0297E-08 2.2815E-08 2.5248E-08 2.7518E-08 2.9548E-08 3.1211E-08 3.2573E-08 3.3607E-08 3.4373E-08 3.4929E-08 3.5174E-08 3.4952E-08 3.4505E-08 3.3898E-08 3.3235E-08 3.2532E-08
1.7511E-09 1.7874E-09 1.8265E-09 1.8644E-09 1.9023E-09 1.9423E-09 1.9816E-09 2.0213E-09 2.0609E-09 2.1008E-09 2.1410E-09 2.1843E-09 2.2261E-09 2.2676E-09 2.3094E-09 2.3514E-09 2.3937E-09 2.4394E-09 2.4834E-09 2.5279E-09 2.5716E-09 2.6179E-09 2.6781E-09 2.7518E-09 2.8373E-09 2.9101E-09 2.9819E-09 3.0392E-09 3.0914E-09 3.1410E-09 3.2174E-09 3.3844E-09 3.6296E-09 4.0024E-09 4.5403E-09 5.3458E-09 6.5206E-09 7.9957E-09 9.7290E-09 1.1618E-08 1.3587E-08 1.5650E-08 1.7711E-08 1.9698E-08 2.1609E-08 2.3381E-08 2.4887E-08 2.6131E-08 2.7139E-08 2.7912E-08 2.8524E-08 2.8951E-08 2.9092E-08 2.9050E-08 2.8896E-08 2.8652E-08 2.8360E-08
1.7179E-09 1.7540E-09 1.7919E-09 1.8290E-09 1.8665E-09 1.9057E-09 1.9442E-09 1.9830E-09 2.0217E-09 2.0607E-09 2.1021E-09 2.1425E-09 2.1833E-09 2.2239E-09 2.2647E-09 2.3057E-09 2.3470E-09 2.3909E-09 2.4338E-09 2.4771E-09 2.5208E-09 2.5637E-09 2.6067E-09 2.6525E-09 2.7019E-09 2.7466E-09 2.7890E-09 2.8318E-09 2.8762E-09 2.9207E-09 2.9715E-09 3.0715E-09 3.2364E-09 3.4855E-09 3.8538E-09 4.4012E-09 5.2048E-09 6.2432E-09 7.5194E-09 8.9594E-09 1.0480E-08 1.2065E-08 1.3689E-08 1.5310E-08 1.6853E-08 1.8312E-08 1.9617E-08 2.0764E-08 2.1720E-08 2.2474E-08 2.3106E-08 2.3657E-08 2.4006E-08 2.4266E-08 2.4449E-08 2.4540E-08 2.4575E-08
1.6854E-09 1.7220E-09 1.7578E-09 1.7941E-09 1.8308E-09 1.8693E-09 1.9069E-09 1.9449E-09 1.9827E-09 2.0208E-09 2.0607E-09 2.1002E-09 2.1400E-09 2.1803E-09 2.2201E-09 2.2602E-09 2.3005E-09 2.3434E-09 2.3853E-09 2.4275E-09 2.4702E-09 2.5120E-09 2.5540E-09 2.5977E-09 2.6411E-09 2.6848E-09 2.7289E-09 2.7734E-09 2.8167E-09 2.8600E-09 2.9054E-09 2.9596E-09 3.0769E-09 3.2356E-09 3.4949E-09 3.8546E-09 4.3693E-09 5.1086E-09 6.0049E-09 7.0535E-09 8.1678E-09 9.3858E-09 1.0640E-08 1.1893E-08 1.3137E-08 1.4322E-08 1.5440E-08 1.6436E-08 1.7310E-08 1.8056E-08 1.8697E-08 1.9274E-08 1.9758E-08 2.0187E-08 2.0591E-08 2.0926E-08 2.1198E-08
1.6530E-09 1.6889E-09 1.7239E-09 1.7594E-09 1.7966E-09 1.8329E-09 1.8697E-09 1.9063E-09 1.9438E-09 1.9810E-09 2.0201E-09 2.0586E-09 2.0976E-09 2.1369E-09 2.1757E-09 2.2149E-09 2.2541E-09 2.2961E-09 2.3370E-09 2.3782E-09 2.4198E-09 2.4606E-09 2.5014E-09 2.5442E-09 2.5864E-09 2.6291E-09 2.6720E-09 2.7139E-09 2.7574E-09 2.7995E-09 2.8438E-09 2.8962E-09 2.9586E-09 3.0879E-09 3.2463E-09 3.5044E-09 3.8604E-09 4.3295E-09 4.9702E-09 5.7185E-09 6.5448E-09 7.4279E-09 8.3811E-09 9.3450E-09 1.0296E-08 1.1251E-08 1.2188E-08 1.3059E-08 1.3840E-08 1.4546E-08 1.5170E-08 1.5748E-08 1.6282E-08 1.6789E-08 1.7325E-08 1.7819E-08 1.8246E-08
1.6207E-09 1.6549E-09 1.6897E-09 1.7243E-09 1.7602E-09 1.7963E-09 1.8321E-09 1.8684E-09 1.9051E-09 1.9415E-09 1.9797E-09 2.0173E-09 2.0553E-09 2.0937E-09 2.1316E-09 2.1697E-09 2.2088E-09 2.2490E-09 2.2880E-09 2.3281E-09 2.3686E-09 2.4094E-09 2.4492E-09 2.4900E-09 2.5310E-09 2.5724E-09 2.6141E-09 2.6562E-09 2.6985E-09 2.7395E-09 2.7815E-09 2.8282E-09 2.8868E-09 2.9621E-09 3.0859E-09 3.2606E-09 3.5039E-09 3.8368E-09 4.2650E-09 4.7979E-09 5.3934E-09 6.0550E-09 6.7466E-09 7.5060E-09 8.2556E-09 8.9911E-09 9.7384E-09 1.0466E-08 1.1167E-08 1.1815E-08 1.2413E-08 1.2976E-08 1.3517E-08 1.4043E-08 1.4633E-08 1.5199E-08 1.5719E-08
1.5881E-09 1.6220E-09 1.6560E-09 1.6899E-09 1.7250E-09 1.7603E-09 1.7953E-09 1.8308E-09 1.8666E-09 1.9026E-09 1.9389E-09 1.9756E-09 2.0126E-09 2.0500E-09 2.0877E-09 2.1249E-09 2.1630E-09 2.2014E-09 2.2402E-09 2.2793E-09 2.3188E-09 2.3586E-09 2.3973E-09 2.4370E-09 2.4770E-09 2.5173E-09 2.5579E-09 2.5988E-09 2.6400E-09 2.6798E-09 2.7207E-09 2.7630E-09 2.8156E-09 2.8770E-09 2.9595E-09 3.0814E-09 3.2579E-09 3.4957E-09 3.7931E-09 4.1723E-09 4.6014E-09 5.0758E-09 5.6097E-09 6.1598E-09 6.7498E-09 7.3458E-09 7.9571E-09 8.5662E-09 9.1589E-09 9.7370E-09 1.0295E-08 1.0833E-08 1.1347E-08 1.1879E-08 1.2450E-08 1.3034E-08 1.3592E-08
1.5565E-09 1.5893E-09 1.6226E-09 1.6556E-09 1.6900E-09 1.7245E-09 1.7587E-09 1.7933E-09 1.8276E-09 1.8634E-09 1.8989E-09 1.9347E-09 1.9708E-09 2.0073E-09 2.0440E-09 2.0803E-09 2.1174E-09 2.1549E-09 2.1927E-09 2.2308E-09 2.2693E-09 2.3068E-09 2.3457E-09 2.3844E-09 2.4234E-09 2.4626E-09 2.5021E-09 2.5405E-09 2.5804E-09 2.6206E-09 2.6604E-09 2.7004E-09 2.7480E-09 2.8037E-09 2.8702E-09 2.9574E-09 3.0835E-09 3.2418E-09 3.4661E-09 3.7279E-09 4.0566E-09 4.4121E-09 4.8052E-09 5.2373E-09 5.6929E-09 6.1532E-09 6.6468E-09 7.1609E-09 7.6716E-09 8.1790E-09 8.6781E-09 9.1674E-09 9.6559E-09 1.0162E-08 1.0690E-08 1.1261E-08 1.1810E-08
