Assets/Resources/2015_m01_d03_2300(utc+0800)_l00_csi_1hr_conc.grd
DSAA
         159         159
     -79.000      79.000
     -79.000      79.000
  0.1892E-10  0.5657E-05
[rows 0 to 24 of 159, columns 0 to 56 of 159]
1.8917E-11 1.9603E-11 2.0391E-11 2.1160E-11 2.1865E-11 2.2714E-11 2.3587E-11 2.4357E-11 2.5229E-11 2.6166E-11 2.7044E-11 2.7900E-11 2.8946E-11 2.9934E-11 3.0861E-11 3.1863E-11 3.3083E-11 3.4129E-11 3.5220E-11 3.6598E-11 3.7766E-11 3.9094E-11 4.0465E-11 4.1752E-11 4.3282E-11 4.4688E-11 4.6087E-11 4.7980E-11 4.9471E-11 5.0997E-11 5.3025E-11 5.4647E-11 5.6304E-11 5.8469E-11 6.0225E-11 6.2017E-11 6.4312E-11 6.6204E-11 6.8132E-11 7.0099E-11 7.2580E-11 7.4644E-11 7.6751E-11 7.9389E-11 8.1703E-11 8.3958E-11 8.6546E-11 8.8998E-11 9.1496E-11 9.3927E-11 9.6714E-11 9.9336E-11 1.0189E-10 1.0458E-10 1.0741E-10 1.1005E-10 1.1295E-10
1.9396E-11 2.0182E-11 2.0948E-11 2.1652E-11 2.2500E-11 2.3371E-11 2.4140E-11 2.5011E-11 2.5947E-11 2.6825E-11 2.7682E-11 2.8728E-11 2.9717E-11 3.0644E-11 3.1678E-11 3.2823E-11 3.3842E-11 3.4905E-11 3.6133E-11 3.7414E-11 3.8597E-11 4.0037E-11 4.1348E-11 4.2655E-11 4.4259E-11 4.5650E-11 4.7074E-11 4.9008E-11 5.0527E-11 5.2234E-11 5.4152E-11 5.5804E-11 5.7724E-11 5.9703E-11 6.1490E-11 6.3318E-11 6.5659E-11 6.7585E-11 6.9552E-11 7.1943E-11 7.4085E-11 7.6190E-11 7.8332E-11 8.1117E-11 8.3374E-11 8.5671E-11 8.8404E-11 9.0902E-11 9.3452E-11 9.6129E-11 9.8757E-11 1.0143E-10 1.0404E-10 1.0688E-10 1.0966E-10 1.1248E-10 1.1532E-10
1.9966E-11 2.0730E-11 2.1432E-11 2.2277E-11 2.3146E-11 2.3913E-11 2.4783E-11 2.5719E-11 2.6595E-11 2.7452E-11 2.8497E-11 2.9486E-11 3.0415E-11 3.1449E-11 3.2552E-11 3.3597E-11 3.4625E-11 3.5827E-11 3.7076E-11 3.8240E-11 3.9450E-11 4.0950E-11 4.2248E-11 4.3616E-11 4.5209E-11 4.6626E-11 4.8311E-11 5.0050E-11 5.1599E-11 5.3573E-11 5.5295E-11 5.6980E-11 5.9170E-11 6.0953E-11 6.2777E-11 6.4948E-11 6.7026E-11 6.8990E-11 7.0992E-11 7.3511E-11 7.5615E-11 7.7757E-11 8.0430E-11 8.2780E-11 8.5073E-11 8.7409E-11 9.0297E-11 9.2846E-11 9.5332E-11 9.8158E-11 1.0084E-10 1.0346E-10 1.0632E-10 1.0924E-10 1.1197E-10 1.1484E-10 1.1774E-10
2.0503E-11 2.1203E-11 2.2046E-11 2.2871E-11 2.3678E-11 2.4505E-11 2.5480E-11 2.6355E-11 2.7211E-11 2.8214E-11 2.9244E-11 3.0172E-11 3.1207E-11 3.2310E-11 3.3356E-11 3.4383E-11 3.5561E-11 3.6774E-11 3.7912E-11 3.9089E-11 4.0485E-11 4.1846E-11 4.3158E-11 4.4687E-11 4.6170E-11 4.7617E-11 4.9567E-11 5.1109E-11 5.2687E-11 5.4778E-11 5.6457E-11 5.8172E-11 6.0406E-11 6.2225E-11 6.4081E-11 6.6454E-11 6.8415E-11 7.0414E-11 7.2456E-11 7.5023E-11 7.7167E-11 7.9352E-11 8.2175E-11 8.4468E-11 8.6803E-11 8.9677E-11 9.2223E-11 9.4715E-11 9.7246E-11 1.0023E-10 1.0296E-10 1.0563E-10 1.0866E-10 1.1151E-10 1.1430E-10 1.1723E-10 1.2019E-10
2.0967E-11 2.1766E-11 2.2630E-11 2.3434E-11 2.4259E-11 2.5190E-11 2.6105E-11 2.6959E-11 2.7961E-11 2.8990E-11 2.9918E-11 3.0952E-11 3.2055E-11 3.3101E-11 3.4129E-11 3.5308E-11 3.6517E-11 3.7625E-11 3.8766E-11 4.0134E-11 4.1461E-11 4.2755E-11 4.4090E-11 4.5728E-11 4.7157E-11 4.8621E-11 5.0613E-11 5.2183E-11 5.3947E-11 5.5925E-11 5.7633E-11 5.9618E-11 6.1662E-11 6.3513E-11 6.5407E-11 6.7825E-11 6.9823E-11 7.1862E-11 7.4336E-11 7.6559E-11 7.8744E-11 8.0967E-11 8.3850E-11 8.6185E-11 8.8559E-11 9.1590E-11 9.4082E-11 9.6615E-11 9.9590E-11 1.0233E-10 1.0512E-10 1.0784E-10 1.1091E-10 1.1383E-10 1.1667E-10 1.1966E-10 1.2257E-10
2.1520E-11 2.2380E-11 2.3181E-11 2.4003E-11 2.4932E-11 2.5845E-11 2.6697E-11 2.7697E-11 2.8724E-11 2.9651E-11 3.0685E-11 3.1787E-11 3.2833E-11 3.3861E-11 3.5041E-11 3.6250E-11 3.7359E-11 3.8493E-11 3.9825E-11 4.1117E-11 4.2379E-11 4.3680E-11 4.5168E-11 4.6703E-11 4.8157E-11 4.9883E-11 5.1671E-11 5.3273E-11 5.5307E-11 5.7086E-11 5.8830E-11 6.1088E-11 6.2934E-11 6.4823E-11 6.7066E-11 6.9217E-11 7.1253E-11 7.3327E-11 7.5934E-11 7.8118E-11 8.0342E-11 8.3111E-11 8.5548E-11 8.7927E-11 9.0546E-11 9.3433E-11 9.5968E-11 9.8547E-11 1.0168E-10 1.0448E-10 1.0721E-10 1.1028E-10 1.1321E-10 1.1607E-10 1.1908E-10 1.2214E-10 1.2519E-10
2.2081E-11 2.2920E-11 2.3740E-11 2.4665E-11 2.5575E-11 2.6425E-11 2.7423E-11 2.8448E-11 2.9373E-11 3.0405E-11 3.1506E-11 3.2551E-11 3.3579E-11 3.4759E-11 3.5968E-11 3.7078E-11 3.8213E-11 3.9545E-11 4.0824E-11 4.2046E-11 4.3316E-11 4.4768E-11 4.6269E-11 4.7699E-11 4.9169E-11 5.1089E-11 5.2749E-11 5.4377E-11 5.6531E-11 5.8267E-11 6.0040E-11 6.2345E-11 6.4226E-11 6.6148E-11 6.8597E-11 7.0628E-11 7.2702E-11 7.4818E-11 7.7473E-11 7.9698E-11 8.1966E-11 8.4888E-11 8.7272E-11 8.9695E-11 9.2770E-11 9.5308E-11 9.7886E-11 1.0081E-10 1.0381E-10 1.0655E-10 1.0933E-10 1.1256E-10 1.1555E-10 1.1847E-10 1.2154E-10 1.2462E-10 1.2773E-10
2.2652E-11 2.3468E-11 2.4349E-11 2.5296E-11 2.6143E-11 2.7097E-11 2.8119E-11 2.9084E-11 3.0072E-11 3.1171E-11 3.2257E-11 3.3283E-11 3.4463E-11 3.5672E-11 3.6782E-11 3.7917E-11 3.9207E-11 4.0530E-11 4.1751E-11 4.3000E-11 4.4410E-11 4.5881E-11 4.7272E-11 4.8713E-11 5.0366E-11 5.2233E-11 5.3848E-11 5.5656E-11 5.7694E-11 5.9461E-11 6.1509E-11 6.3618E-11 6.5535E-11 6.7495E-11 6.9990E-11 7.2060E-11 7.4173E-11 7.6731E-11 7.9036E-11 8.1302E-11 8.3610E-11 8.6593E-11 8.9019E-11 9.1488E-11 9.4625E-11 9.7208E-11 9.9834E-11 1.0312E-10 1.0586E-10 1.0865E-10 1.1168E-10 1.1488E-10 1.1782E-10 1.2090E-10 1.2400E-10 1.2714E-10 1.3022E-10
2.3146E-11 2.4065E-11 2.5008E-11 2.5852E-11 2.6803E-11 2.7822E-11 2.8783E-11 2.9769E-11 3.0866E-11 3.1950E-11 3.2975E-11 3.4153E-11 3.5361E-11 3.6470E-11 3.7605E-11 3.8896E-11 4.0219E-11 4.1442E-11 4.2691E-11 4.4099E-11 4.5539E-11 4.6888E-11 4.8298E-11 4.9912E-11 5.1750E-11 5.3329E-11 5.4959E-11 5.6966E-11 5.8870E-11 6.0674E-11 6.2920E-11 6.4910E-11 6.6863E-11 6.9099E-11 7.1404E-11 7.3511E-11 7.5662E-11 7.8354E-11 8.0618E-11 8.2927E-11 8.5792E-11 8.8319E-11 9.0792E-11 9.3714E-11 9.6504E-11 9.9138E-11 1.0181E-10 1.0516E-10 1.0795E-10 1.1079E-10 1.1419E-10 1.1724E-10 1.2023E-10 1.2335E-10 1.2650E-10 1.2970E-10 1.3285E-10
2.3773E-11 2.4671E-11 2.5552E-11 2.6499E-11 2.7514E-11 2.8473E-11 2.9456E-11 3.0550E-11 3.1631E-11 3.2654E-11 3.3830E-11 3.4994E-11 3.6144E-11 3.7278E-11 3.8569E-11 3.9891E-11 4.1114E-11 4.2365E-11 4.3774E-11 4.5216E-11 4.6559E-11 4.7930E-11 4.9504E-11 5.1307E-11 5.2845E-11 5.4446E-11 5.6256E-11 5.8293E-11 6.0075E-11 6.1900E-11 6.4274E-11 6.6219E-11 6.8207E-11 7.0733E-11 7.2835E-11 7.4982E-11 7.7255E-11 7.9916E-11 8.2224E-11 8.4575E-11 8.7598E-11 9.0072E-11 9.2588E-11 9.5774E-11 9.8413E-11 1.0109E-10 1.0433E-10 1.0723E-10 1.1007E-10 1.1296E-10 1.1653E-10 1.1953E-10 1.2257E-10 1.2583E-10 1.2905E-10 1.3231E-10 1.3551E-10
2.4367E-11 2.5244E-11 2.6187E-11 2.7156E-11 2.8152E-11 2.9132E-11 3.0180E-11 3.1300E-11 3.2320E-11 3.3452E-11 3.4655E-11 3.5804E-11 3.6937E-11 3.8226E-11 3.9547E-11 4.0770E-11 4.2021E-11 4.3431E-11 4.4873E-11 4.6218E-11 4.7591E-11 4.9153E-11 5.0912E-11 5.2413E-11 5.3975E-11 5.5744E-11 5.7750E-11 5.9488E-11 6.1294E-11 6.3312E-11 6.5563E-11 6.7545E-11 6.9571E-11 7.2143E-11 7.4286E-11 7.6473E-11 7.9034E-11 8.1501E-11 8.3850E-11 8.6347E-11 8.9328E-11 9.1845E-11 9.4410E-11 9.7658E-11 1.0034E-10 1.0308E-10 1.0648E-10 1.0933E-10 1.1223E-10 1.1578E-10 1.1880E-10 1.2185E-10 1.2495E-10 1.2835E-10 1.3163E-10 1.3486E-10 1.3821E-10
2.4928E-11 2.5824E-11 2.6830E-11 2.7822E-11 2.8756E-11 2.9842E-11 3.0958E-11 3.1975E-11 3.3103E-11 3.4304E-11 3.5450E-11 3.6581E-11 3.7868E-11 3.9188E-11 4.0410E-11 4.1660E-11 4.3026E-11 4.4469E-11 4.5858E-11 4.7232E-11 4.8796E-11 5.0555E-11 5.2036E-11 5.3552E-11 5.5287E-11 5.7249E-11 5.8951E-11 6.0718E-11 6.2613E-11 6.4834E-11 6.6871E-11 6.8888E-11 7.1197E-11 7.3575E-11 7.5755E-11 7.7982E-11 8.0760E-11 8.3104E-11 8.5498E-11 8.8458E-11 9.1078E-11 9.3644E-11 9.6671E-11 9.9567E-11 1.0230E-10 1.0508E-10 1.0856E-10 1.1146E-10 1.1441E-10 1.1803E-10 1.2110E-10 1.2421E-10 1.2762E-10 1.3091E-10 1.3416E-10 1.3745E-10 1.4095E-10
2.5495E-11 2.6454E-11 2.7482E-11 2.8412E-11 2.9494E-11 3.0563E-11 3.1618E-11 3.2743E-11 3.3898E-11 3.5083E-11 3.6211E-11 3.7453E-11 3.8771E-11 4.0034E-11 4.1283E-11 4.2648E-11 4.4090E-11 4.5479E-11 4.6854E-11 4.8418E-11 5.0100E-11 5.1662E-11 5.3176E-11 5.4882E-11 5.6796E-11 5.8464E-11 6.0185E-11 6.2049E-11 6.4224E-11 6.6221E-11 6.8207E-11 7.0246E-11 7.2767E-11 7.5021E-11 7.7244E-11 7.9594E-11 8.2341E-11 8.4731E-11 8.7166E-11 9.0289E-11 9.2854E-11 9.5464E-11 9.8761E-11 1.0150E-10 1.0429E-10 1.0765E-10 1.1066E-10 1.1362E-10 1.1662E-10 1.2032E-10 1.2344E-10 1.2660E-10 1.3016E-10 1.3342E-10 1.3673E-10 1.4025E-10 1.4373E-10
2.6111E-11 2.7092E-11 2.8059E-11 2.9094E-11 3.0200E-11 3.1251E-11 3.2329E-11 3.3522E-11 3.4703E-11 3.5828E-11 3.7067E-11 3.8381E-11 3.9642E-11 4.0889E-11 4.2253E-11 4.3693E-11 4.5081E-11 4.6456E-11 4.8020E-11 4.9702E-11 5.1265E-11 5.2781E-11 5.4490E-11 5.6319E-11 5.8029E-11 5.9702E-11 6.1530E-11 6.3660E-11 6.5623E-11 6.7563E-11 6.9565E-11 7.1801E-11 7.4272E-11 7.6489E-11 7.8749E-11 8.1395E-11 8.3944E-11 8.6374E-11 8.8961E-11 9.2039E-11 9.4649E-11 9.7310E-11 1.0067E-10 1.0346E-10 1.0630E-10 1.0983E-10 1.1279E-10 1.1580E-10 1.1949E-10 1.2263E-10 1.2581E-10 1.2902E-10 1.3265E-10 1.3597E-10 1.3934E-10 1.4301E-10 1.4646E-10
2.6736E-11 2.7697E-11 2.8726E-11 2.9785E-11 3.0873E-11 3.1946E-11 3.3134E-11 3.4311E-11 3.5432E-11 3.6667E-11 3.7978E-11 3.9235E-11 4.0480E-11 4.1841E-11 4.3279E-11 4.4666E-11 4.6039E-11 4.7603E-11 4.9285E-11 5.0848E-11 5.2364E-11 5.4075E-11 5.5906E-11 5.7618E-11 5.9283E-11 6.1063E-11 6.3149E-11 6.5071E-11 6.6964E-11 6.8933E-11 7.1120E-11 7.3554E-11 7.5730E-11 7.7971E-11 8.0275E-11 8.3138E-11 8.5564E-11 8.8041E-11 9.0992E-11 9.3810E-11 9.6469E-11 9.9600E-11 1.0260E-10 1.0544E-10 1.0843E-10 1.1193E-10 1.1495E-10 1.1801E-10 1.2178E-10 1.2497E-10 1.2821E-10 1.3183E-10 1.3517E-10 1.3855E-10 1.4224E-10 1.4572E-10 1.4923E-10
2.7327E-11 2.8350E-11 2.9403E-11 3.0485E-11 3.1553E-11 3.2693E-11 3.3907E-11 3.5024E-11 3.6255E-11 3.7518E-11 3.8814E-11 4.0056E-11 4.1371E-11 4.2806E-11 4.4233E-11 4.5605E-11 4.7167E-11 4.8768E-11 5.0409E-11 5.1926E-11 5.3637E-11 5.5469E-11 5.7182E-11 5.8850E-11 6.0633E-11 6.2701E-11 6.4572E-11 6.6426E-11 6.8347E-11 7.0492E-11 7.2886E-11 7.5010E-11 7.7215E-11 7.9480E-11 8.1817E-11 8.4734E-11 8.7206E-11 8.9725E-11 9.2947E-11 9.5603E-11 9.8308E-11 1.0172E-10 1.0456E-10 1.0745E-10 1.1093E-10 1.1406E-10 1.1713E-10 1.2036E-10 1.2409E-10 1.2734E-10 1.3064E-10 1.3433E-10 1.3773E-10 1.4117E-10 1.4492E-10 1.4846E-10 1.5204E-10
2.7924E-11 2.9012E-11 3.0087E-11 3.1107E-11 3.2284E-11 3.3449E-11 3.4604E-11 3.5787E-11 3.7088E-11 3.8380E-11 3.9617E-11 4.0928E-11 4.2360E-11 4.3783E-11 4.5153E-11 4.6634E-11 4.8311E-11 4.9951E-11 5.1467E-11 5.3177E-11 5.5009E-11 5.6723E-11 5.8392E-11 6.0177E-11 6.2248E-11 6.4119E-11 6.5946E-11 6.7815E-11 6.9921E-11 7.2183E-11 7.4352E-11 7.6509E-11 7.8724E-11 8.1107E-11 8.3809E-11 8.6350E-11 8.8864E-11 9.1538E-11 9.4713E-11 9.7416E-11 1.0017E-10 1.0364E-10 1.0654E-10 1.0948E-10 1.1313E-10 1.1621E-10 1.1934E-10 1.2317E-10 1.2643E-10 1.2974E-10 1.3336E-10 1.3686E-10 1.4032E-10 1.4383E-10 1.4764E-10 1.5125E-10 1.5489E-10
2.8570E-11 2.9639E-11 3.0695E-11 3.1822E-11 3.3024E-11 3.4172E-11 3.5350E-11 3.6603E-11 3.7931E-11 3.9164E-11 4.0471E-11 4.1898E-11 4.3318E-11 4.4684E-11 4.6162E-11 4.7836E-11 4.9472E-11 5.0987E-11 5.2616E-11 5.4447E-11 5.6240E-11 5.7910E-11 5.9696E-11 6.1687E-11 6.3642E-11 6.5472E-11 6.7339E-11 6.9408E-11 7.1616E-11 7.3745E-11 7.5852E-11 7.8032E-11 8.0362E-11 8.3020E-11 8.5513E-11 8.7986E-11 9.0544E-11 9.3480E-11 9.6499E-11 9.9251E-11 1.0238E-10 1.0559E-10 1.0854E-10 1.1164E-10 1.1526E-10 1.1839E-10 1.2158E-10 1.2548E-10 1.2880E-10 1.3217E-10 1.3594E-10 1.3942E-10 1.4295E-10 1.4678E-10 1.5040E-10 1.5407E-10 1.5795E-10
2.9224E-11 3.0273E-11 3.1394E-11 3.2546E-11 3.3730E-11 3.4859E-11 3.6148E-11 3.7428E-11 3.8698E-11 4.0000E-11 4.1379E-11 4.2836E-11 4.4199E-11 4.5673E-11 4.7264E-11 4.8975E-11 5.0488E-11 5.2115E-11 5.3943E-11 5.5734E-11 5.7404E-11 5.9190E-11 6.1182E-11 6.3137E-11 6.4970E-11 6.6839E-11 6.8912E-11 7.1114E-11 7.3196E-11 7.5251E-11 7.7388E-11 7.9667E-11 8.2289E-11 8.4729E-11 8.7159E-11 8.9666E-11 9.2242E-11 9.5450E-11 9.8305E-11 1.0111E-10 1.0451E-10 1.0756E-10 1.1056E-10 1.1405E-10 1.1740E-10 1.2060E-10 1.2406E-10 1.2782E-10 1.3120E-10 1.3463E-10 1.3847E-10 1.4201E-10 1.4560E-10 1.4950E-10 1.5319E-10 1.5692E-10 1.6087E-10
2.9843E-11 3.0956E-11 3.2101E-11 3.3277E-11 3.4400E-11 3.5640E-11 3.6955E-11 3.8220E-11 3.9472E-11 4.0888E-11 4.2297E-11 4.3698E-11 4.5088E-11 4.6754E-11 4.8460E-11 4.9969E-11 5.1593E-11 5.3418E-11 5.5207E-11 5.6875E-11 5.8661E-11 6.0651E-11 6.2607E-11 6.4440E-11 6.6312E-11 6.8387E-11 7.0591E-11 7.2677E-11 7.4719E-11 7.6802E-11 7.9034E-11 8.1607E-11 8.3997E-11 8.6388E-11 8.8839E-11 9.1481E-11 9.4529E-11 9.7341E-11 1.0013E-10 1.0298E-10 1.0656E-10 1.0956E-10 1.1261E-10 1.1638E-10 1.1958E-10 1.2282E-10 1.2668E-10 1.3018E-10 1.3362E-10 1.3738E-10 1.4102E-10 1.4463E-10 1.4829E-10 1.5226E-10 1.5602E-10 1.5981E-10 1.6384E-10
3.0468E-11 3.1605E-11 3.2773E-11 3.3931E-11 3.5163E-11 3.6429E-11 3.7729E-11 3.8975E-11 4.0341E-11 4.1787E-11 4.3182E-11 4.4567E-11 4.6227E-11 4.7849E-11 4.9432E-11 5.1053E-11 5.2794E-11 5.4658E-11 5.6325E-11 5.8108E-11 6.0016E-11 6.2051E-11 6.3885E-11 6.5756E-11 6.7833E-11 7.0039E-11 7.2127E-11 7.4173E-11 7.6259E-11 7.8469E-11 8.0900E-11 8.3330E-11 8.5668E-11 8.8073E-11 9.0669E-11 9.3658E-11 9.6431E-11 9.9163E-11 1.0198E-10 1.0510E-10 1.0852E-10 1.1157E-10 1.1479E-10 1.1852E-10 1.2177E-10 1.2508E-10 1.2912E-10 1.3257E-10 1.3607E-10 1.3999E-10 1.4361E-10 1.4728E-10 1.5127E-10 1.5505E-10 1.5887E-10 1.6292E-10 1.6683E-10
3.1142E-11 3.2302E-11 3.3452E-11 3.4676E-11 3.5934E-11 3.7226E-11 3.8466E-11 3.9825E-11 4.1220E-11 4.2652E-11 4.4031E-11 4.5605E-11 4.7299E-11 4.8878E-11 5.0414E-11 5.2229E-11 5.4010E-11 5.5752E-11 5.7453E-11 5.9438E-11 6.1470E-11 6.3303E-11 6.5175E-11 6.7169E-11 6.9375E-11 7.1547E-11 7.3595E-11 7.5684E-11 7.7898E-11 8.0329E-11 8.2726E-11 8.5004E-11 8.7368E-11 8.9909E-11 9.2751E-11 9.5575E-11 9.8255E-11 1.0103E-10 1.0397E-10 1.0735E-10 1.1050E-10 1.1361E-10 1.1721E-10 1.2068E-10 1.2399E-10 1.2758E-10 1.3147E-10 1.3498E-10 1.3855E-10 1.4254E-10 1.4622E-10 1.4996E-10 1.5402E-10 1.5787E-10 1.6176E-10 1.6588E-10 1.6987E-10
3.1781E-11 3.2964E-11 3.4137E-11 3.5386E-11 3.6670E-11 3.7945E-11 3.9253E-11 4.0683E-11 4.2107E-11 4.3481E-11 4.5047E-11 4.6656E-11 4.8306E-11 4.9837E-11 5.1646E-11 5.3421E-11 5.5159E-11 5.6856E-11 5.8837E-11 6.0785E-11 6.2697E-11 6.4567E-11 6.6560E-11 6.8765E-11 7.0937E-11 7.2987E-11 7.5078E-11 7.7295E-11 7.9728E-11 8.2129E-11 8.4405E-11 8.6724E-11 8.9205E-11 9.2004E-11 9.4773E-11 9.7413E-11 1.0013E-10 1.0303E-10 1.0635E-10 1.0944E-10 1.1251E-10 1.1566E-10 1.1956E-10 1.2287E-10 1.2623E-10 1.3022E-10 1.3385E-10 1.3742E-10 1.4132E-10 1.4511E-10 1.4886E-10 1.5276E-10 1.5681E-10 1.6072E-10 1.6468E-10 1.6888E-10 1.7293E-10
3.2468E-11 3.3632E-11 3.4872E-11 3.6147E-11 3.7413E-11 3.8713E-11 4.0092E-11 4.1507E-11 4.2916E-11 4.4475E-11 4.6075E-11 4.7718E-11 4.9243E-11 5.0966E-11 5.2814E-11 5.4546E-11 5.6238E-11 5.8134E-11 6.0158E-11 6.2066E-11 6.3934E-11 6.5925E-11 6.8128E-11 7.0298E-11 7.2348E-11 7.4440E-11 7.6659E-11 7.9094E-11 8.1497E-11 8.3778E-11 8.6101E-11 8.8575E-11 9.1318E-11 9.4032E-11 9.6624E-11 9.9281E-11 1.0214E-10 1.0541E-10 1.0845E-10 1.1146E-10 1.1455E-10 1.1785E-10 1.2171E-10 1.2507E-10 1.2850E-10 1.3267E-10 1.3625E-10 1.3989E-10 1.4395E-10 1.4772E-10 1.5153E-10 1.5568E-10 1.5962E-10 1.6360E-10 1.6782E-10 1.7191E-10 1.7603E-10
3.3076E-11 3.4306E-11 3.5571E-11 3.6871E-11 3.8162E-11 3.9531E-11 4.0938E-11 4.2339E-11 4.3810E-11 4.5402E-11 4.7115E-11 4.8632E-11 5.0348E-11 5.2108E-11 5.3914E-11 5.5601E-11 5.7491E-11 5.9428E-11 6.1412E-11 6.3277E-11 6.5264E-11 6.7382E-11 6.9632E-11 7.1681E-11 7.3773E-11 7.5907E-11 7.8343E-11 8.0832E-11 8.3115E-11 8.5442E-11 8.7920E-11 9.0668E-11 9.3363E-11 9.5895E-11 9.8503E-11 1.0131E-10 1.0452E-10 1.0752E-10 1.1047E-10 1.1352E-10 1.1664E-10 1.2031E-10 1.2388E-10 1.2730E-10 1.3101E-10 1.3504E-10 1.3868E-10 1.4238E-10 1.4651E-10 1.5034E-10 1.5423E-10 1.5845E-10 1.6246E-10 1.6651E-10 1.7081E-10 1.7496E-10 1.7917E-10
