Assets/Resources/2015_m01_d09_0300(utc+0800)_l00_csi_1hr_conc.grd
DSAA
         159         159
     -79.000      79.000
     -79.000      79.000
  0.4460E-09  0.1843E-04
[rows 50 to 74 of 159, columns 0 to 56 of 159]
6.8870E-10 7.0611E-10 7.2415E-10 7.4233E-10 7.6081E-10 7.7943E-10 7.9835E-10 8.1756E-10 8.3706E-10 8.5685E-10 8.7692E-10 8.9729E-10 9.1794E-10 9.3887E-10 9.6008E-10 9.8197E-10 1.0042E-09 1.0267E-09 1.0495E-09 1.0721E-09 1.0951E-09 1.1183E-09 1.1437E-09 1.1699E-09 1.1947E-09 1.2228E-09 1.2519E-09 1.2791E-09 1.3066E-09 1.3371E-09 1.3680E-09 1.3991E-09 1.4316E-09 1.4649E-09 1.4973E-09 1.5319E-09 1.5723E-09 1.6144E-09 1.6576E-09 1.7002E-09 1.7406E-09 1.7810E-09 1.8187E-09 1.8619E-09 1.9128E-09 1.9782E-09 2.0333E-09 2.0891E-09 2.1467E-09 2.2049E-09 2.2645E-09 2.3267E-09 2.3905E-09 2.4608E-09 2.5308E-09 2.6012E-09 2.6791E-09
6.9159E-10 7.0923E-10 7.2717E-10 7.4543E-10 7.6399E-10 7.8268E-10 8.0167E-10 8.2096E-10 8.4053E-10 8.6040E-10 8.8056E-10 9.0101E-10 9.2174E-10 9.4276E-10 9.6406E-10 9.8605E-10 1.0083E-09 1.0309E-09 1.0538E-09 1.0766E-09 1.0997E-09 1.1230E-09 1.1490E-09 1.1750E-09 1.2029E-09 1.2312E-09 1.2587E-09 1.2865E-09 1.3161E-09 1.3463E-09 1.3778E-09 1.4105E-09 1.4407E-09 1.4732E-09 1.5088E-09 1.5472E-09 1.5869E-09 1.6306E-09 1.6747E-09 1.7173E-09 1.7576E-09 1.7953E-09 1.8384E-09 1.8891E-09 1.9545E-09 2.0105E-09 2.0656E-09 2.1254E-09 2.1827E-09 2.2428E-09 2.3061E-09 2.3717E-09 2.4420E-09 2.5142E-09 2.5854E-09 2.6657E-09 2.7488E-09
6.9434E-10 7.1205E-10 7.3006E-10 7.4856E-10 7.6702E-10 7.8579E-10 8.0485E-10 8.2420E-10 8.4386E-10 8.6380E-10 8.8404E-10 9.0456E-10 9.2538E-10 9.4647E-10 9.6786E-10 9.9034E-10 1.0127E-09 1.0354E-09 1.0580E-09 1.0809E-09 1.1040E-09 1.1294E-09 1.1556E-09 1.1823E-09 1.2104E-09 1.2376E-09 1.2648E-09 1.2950E-09 1.3255E-09 1.3546E-09 1.3859E-09 1.4179E-09 1.4514E-09 1.4859E-09 1.5232E-09 1.5616E-09 1.6049E-09 1.6487E-09 1.6910E-09 1.7319E-09 1.7711E-09 1.8118E-09 1.8631E-09 1.9297E-09 1.9852E-09 2.0406E-09 2.0996E-09 2.1597E-09 2.2198E-09 2.2833E-09 2.3510E-09 2.4207E-09 2.4939E-09 2.5691E-09 2.6498E-09 2.7343E-09 2.8195E-09
6.9697E-10 7.1490E-10 7.3299E-10 7.5138E-10 7.6991E-10 7.8874E-10 8.0787E-10 8.2730E-10 8.4702E-10 8.6703E-10 8.8734E-10 9.0794E-10 9.2883E-10 9.5001E-10 9.7188E-10 9.9406E-10 1.0166E-09 1.0394E-09 1.0620E-09 1.0850E-09 1.1082E-09 1.1342E-09 1.1606E-09 1.1884E-09 1.2163E-09 1.2437E-09 1.2716E-09 1.3012E-09 1.3320E-09 1.3637E-09 1.3961E-09 1.4270E-09 1.4612E-09 1.4963E-09 1.5359E-09 1.5772E-09 1.6204E-09 1.6633E-09 1.7056E-09 1.7464E-09 1.7845E-09 1.8355E-09 1.8982E-09 1.9593E-09 2.0141E-09 2.0748E-09 2.1340E-09 2.1936E-09 2.2580E-09 2.3270E-09 2.3958E-09 2.4714E-09 2.5482E-09 2.6297E-09 2.7164E-09 2.7996E-09 2.8942E-09
6.9963E-10 7.1746E-10 7.3561E-10 7.5406E-10 7.7266E-10 7.9155E-10 8.1074E-10 8.3023E-10 8.5002E-10 8.7010E-10 8.9048E-10 9.1115E-10 9.3212E-10 9.5337E-10 9.7533E-10 9.9760E-10 1.0206E-09 1.0431E-09 1.0658E-09 1.0889E-09 1.1141E-09 1.1403E-09 1.1673E-09 1.1954E-09 1.2221E-09 1.2493E-09 1.2795E-09 1.3100E-09 1.3414E-09 1.3718E-09 1.4040E-09 1.4365E-09 1.4720E-09 1.5087E-09 1.5492E-09 1.5929E-09 1.6370E-09 1.6797E-09 1.7201E-09 1.7590E-09 1.8051E-09 1.8667E-09 1.9312E-09 1.9861E-09 2.0457E-09 2.1063E-09 2.1654E-09 2.2295E-09 2.3002E-09 2.3683E-09 2.4453E-09 2.5237E-09 2.6060E-09 2.6947E-09 2.7805E-09 2.8793E-09 2.9797E-09
7.0199E-10 7.2005E-10 7.3826E-10 7.5660E-10 7.7525E-10 7.9421E-10 8.1346E-10 8.3301E-10 8.5286E-10 8.7301E-10 8.9347E-10 9.1421E-10 9.3526E-10 9.5698E-10 9.7902E-10 1.0014E-09 1.0240E-09 1.0466E-09 1.0694E-09 1.0925E-09 1.1184E-09 1.1447E-09 1.1720E-09 1.2013E-09 1.2277E-09 1.2555E-09 1.2857E-09 1.3166E-09 1.3477E-09 1.3802E-09 1.4130E-09 1.4474E-09 1.4819E-09 1.5217E-09 1.5649E-09 1.6085E-09 1.6508E-09 1.6935E-09 1.7329E-09 1.7763E-09 1.8311E-09 1.9028E-09 1.9564E-09 2.0149E-09 2.0769E-09 2.1360E-09 2.1996E-09 2.2697E-09 2.3387E-09 2.4167E-09 2.4962E-09 2.5789E-09 2.6682E-09 2.7574E-09 2.8581E-09 2.9582E-09 3.0594E-09
7.0439E-10 7.2234E-10 7.4060E-10 7.5900E-10 7.7770E-10 7.9671E-10 8.1602E-10 8.3565E-10 8.5557E-10 8.7580E-10 8.9632E-10 9.1713E-10 9.3822E-10 9.6002E-10 9.8213E-10 1.0046E-09 1.0273E-09 1.0499E-09 1.0728E-09 1.0979E-09 1.1240E-09 1.1510E-09 1.1789E-09 1.2060E-09 1.2336E-09 1.2628E-09 1.2934E-09 1.3247E-09 1.3573E-09 1.3881E-09 1.4206E-09 1.4557E-09 1.4934E-09 1.5342E-09 1.5772E-09 1.6216E-09 1.6646E-09 1.7061E-09 1.7443E-09 1.7980E-09 1.8709E-09 1.9257E-09 1.9826E-09 2.0461E-09 2.1051E-09 2.1676E-09 2.2385E-09 2.3077E-09 2.3843E-09 2.4641E-09 2.5493E-09 2.6376E-09 2.7297E-09 2.8320E-09 2.9348E-09 3.0385E-09 3.1552E-09
7.0649E-10 7.2448E-10 7.4280E-10 7.6125E-10 7.8003E-10 7.9911E-10 8.1849E-10 8.3817E-10 8.5815E-10 8.7843E-10 8.9900E-10 9.1987E-10 9.4102E-10 9.6288E-10 9.8546E-10 1.0080E-09 1.0304E-09 1.0530E-09 1.0760E-09 1.1017E-09 1.1279E-09 1.1551E-09 1.1838E-09 1.2110E-09 1.2388E-09 1.2689E-09 1.2993E-09 1.3310E-09 1.3635E-09 1.3958E-09 1.4302E-09 1.4667E-09 1.5061E-09 1.5483E-09 1.5928E-09 1.6360E-09 1.6770E-09 1.7165E-09 1.7647E-09 1.8318E-09 1.8938E-09 1.9501E-09 2.0118E-09 2.0727E-09 2.1338E-09 2.2039E-09 2.2746E-09 2.3491E-09 2.4317E-09 2.5165E-09 2.6040E-09 2.6991E-09 2.8019E-09 2.9027E-09 3.0119E-09 3.1317E-09 3.2602E-09
7.0863E-10 7.2670E-10 7.4491E-10 7.6344E-10 7.8226E-10 8.0139E-10 8.2081E-10 8.4055E-10 8.6058E-10 8.8090E-10 9.0152E-10 9.2243E-10 9.4404E-10 9.6597E-10 9.8821E-10 1.0108E-09 1.0332E-09 1.0560E-09 1.0809E-09 1.1068E-09 1.1336E-09 1.1615E-09 1.1885E-09 1.2159E-09 1.2455E-09 1.2760E-09 1.3068E-09 1.3394E-09 1.3702E-09 1.4033E-09 1.4384E-09 1.4755E-09 1.5163E-09 1.5601E-09 1.6036E-09 1.6466E-09 1.6882E-09 1.7289E-09 1.7878E-09 1.8608E-09 1.9153E-09 1.9756E-09 2.0381E-09 2.0977E-09 2.1651E-09 2.2385E-09 2.3114E-09 2.3930E-09 2.4808E-09 2.5665E-09 2.6630E-09 2.7663E-09 2.8704E-09 2.9812E-09 3.1029E-09 3.2348E-09 3.3705E-09
7.1055E-10 7.2867E-10 7.4692E-10 7.6548E-10 7.8435E-10 8.0352E-10 8.2300E-10 8.4277E-10 8.6284E-10 8.8321E-10 9.0387E-10 9.2483E-10 9.4649E-10 9.6847E-10 9.9117E-10 1.0134E-09 1.0359E-09 1.0587E-09 1.0842E-09 1.1103E-09 1.1373E-09 1.1653E-09 1.1925E-09 1.2201E-09 1.2506E-09 1.2808E-09 1.3124E-09 1.3449E-09 1.3771E-09 1.4114E-09 1.4478E-09 1.4871E-09 1.5291E-09 1.5727E-09 1.6160E-09 1.6579E-09 1.6974E-09 1.7484E-09 1.8271E-09 1.8803E-09 1.9388E-09 2.0030E-09 2.0618E-09 2.1274E-09 2.2013E-09 2.2726E-09 2.3531E-09 2.4407E-09 2.5268E-09 2.6226E-09 2.7247E-09 2.8331E-09 2.9451E-09 3.0643E-09 3.2020E-09 3.3402E-09 3.4785E-09
7.1234E-10 7.3050E-10 7.4880E-10 7.6740E-10 7.8630E-10 8.0551E-10 8.2503E-10 8.4484E-10 8.6494E-10 8.8535E-10 9.0606E-10 9.2705E-10 9.4916E-10 9.7119E-10 9.9355E-10 1.0158E-09 1.0384E-09 1.0631E-09 1.0888E-09 1.1150E-09 1.1427E-09 1.1699E-09 1.1967E-09 1.2266E-09 1.2569E-09 1.2881E-09 1.3201E-09 1.3506E-09 1.3831E-09 1.4185E-09 1.4555E-09 1.4962E-09 1.5391E-09 1.5834E-09 1.6263E-09 1.6679E-09 1.7134E-09 1.7779E-09 1.8451E-09 1.9022E-09 1.9645E-09 2.0247E-09 2.0881E-09 2.1610E-09 2.2331E-09 2.3092E-09 2.3980E-09 2.4853E-09 2.5788E-09 2.6809E-09 2.7923E-09 2.9023E-09 3.0216E-09 3.1630E-09 3.3044E-09 3.4454E-09 3.5913E-09
7.1420E-10 7.3222E-10 7.5055E-10 7.6918E-10 7.8812E-10 8.0736E-10 8.2690E-10 8.4675E-10 8.6689E-10 8.8733E-10 9.0807E-10 9.2950E-10 9.5126E-10 9.7334E-10 9.9574E-10 1.0180E-09 1.0406E-09 1.0655E-09 1.0913E-09 1.1186E-09 1.1464E-09 1.1729E-09 1.2007E-09 1.2310E-09 1.2610E-09 1.2924E-09 1.3252E-09 1.3566E-09 1.3908E-09 1.4270E-09 1.4644E-09 1.5072E-09 1.5515E-09 1.5947E-09 1.6365E-09 1.6760E-09 1.7306E-09 1.8082E-09 1.8631E-09 1.9218E-09 1.9867E-09 2.0476E-09 2.1149E-09 2.1919E-09 2.2650E-09 2.3498E-09 2.4415E-09 2.5317E-09 2.6324E-09 2.7469E-09 2.8541E-09 2.9730E-09 3.1133E-09 3.2602E-09 3.4030E-09 3.5537E-09 3.7202E-09
7.1576E-10 7.3381E-10 7.5216E-10 7.7082E-10 7.8979E-10 8.0906E-10 8.2863E-10 8.4850E-10 8.6868E-10 8.8915E-10 9.0991E-10 9.3138E-10 9.5317E-10 9.7569E-10 9.9774E-10 1.0201E-09 1.0427E-09 1.0700E-09 1.0960E-09 1.1229E-09 1.1495E-09 1.1765E-09 1.2061E-09 1.2361E-09 1.2674E-09 1.2992E-09 1.3296E-09 1.3618E-09 1.3965E-09 1.4333E-09 1.4735E-09 1.5162E-09 1.5594E-09 1.6038E-09 1.6453E-09 1.6928E-09 1.7609E-09 1.8247E-09 1.8819E-09 1.9477E-09 2.0068E-09 2.0721E-09 2.1486E-09 2.2204E-09 2.3021E-09 2.3946E-09 2.4834E-09 2.5816E-09 2.6922E-09 2.8045E-09 2.9232E-09 3.0615E-09 3.2102E-09 3.3576E-09 3.5085E-09 3.6728E-09 3.8545E-09
7.1718E-10 7.3526E-10 7.5364E-10 7.7233E-10 7.9131E-10 8.1061E-10 8.3021E-10 8.5010E-10 8.7030E-10 8.9079E-10 9.1158E-10 9.3308E-10 9.5531E-10 9.7747E-10 9.9953E-10 1.0219E-09 1.0465E-09 1.0720E-09 1.0986E-09 1.1261E-09 1.1527E-09 1.1798E-09 1.2102E-09 1.2400E-09 1.2711E-09 1.3031E-09 1.3354E-09 1.3682E-09 1.4047E-09 1.4418E-09 1.4808E-09 1.5258E-09 1.5712E-09 1.6128E-09 1.6521E-09 1.7109E-09 1.7869E-09 1.8423E-09 1.9014E-09 1.9653E-09 2.0287E-09 2.0971E-09 2.1754E-09 2.2518E-09 2.3384E-09 2.4332E-09 2.5268E-09 2.6351E-09 2.7510E-09 2.8690E-09 2.9995E-09 3.1529E-09 3.3017E-09 3.4535E-09 3.6147E-09 3.8039E-09 3.9855E-09
7.1849E-10 7.3659E-10 7.5499E-10 7.7370E-10 7.9270E-10 8.1201E-10 8.3163E-10 8.5155E-10 8.7176E-10 8.9227E-10 9.1308E-10 9.3500E-10 9.5688E-10 9.7908E-10 1.0012E-09 1.0235E-09 1.0487E-09 1.0762E-09 1.1028E-09 1.1291E-09 1.1553E-09 1.1825E-09 1.2147E-09 1.2453E-09 1.2772E-09 1.3072E-09 1.3392E-09 1.3736E-09 1.4101E-09 1.4494E-09 1.4915E-09 1.5344E-09 1.5776E-09 1.6197E-09 1.6608E-09 1.7347E-09 1.8021E-09 1.8583E-09 1.9238E-09 1.9852E-09 2.0500E-09 2.1291E-09 2.2024E-09 2.2859E-09 2.3814E-09 2.4715E-09 2.5754E-09 2.6904E-09 2.8054E-09 2.9331E-09 3.0871E-09 3.2406E-09 3.3942E-09 3.5560E-09 3.7464E-09 3.9301E-09 4.1256E-09
7.1968E-10 7.3779E-10 7.5620E-10 7.7492E-10 7.9395E-10 8.1327E-10 8.3290E-10 8.5283E-10 8.7306E-10 8.9360E-10 9.1486E-10 9.3644E-10 9.5874E-10 9.8056E-10 1.0026E-09 1.0269E-09 1.0521E-09 1.0778E-09 1.1050E-09 1.1313E-09 1.1581E-09 1.1875E-09 1.2173E-09 1.2486E-09 1.2803E-09 1.3117E-09 1.3448E-09 1.3803E-09 1.4177E-09 1.4564E-09 1.4992E-09 1.5416E-09 1.5864E-09 1.6263E-09 1.6792E-09 1.7615E-09 1.8161E-09 1.8761E-09 1.9411E-09 2.0035E-09 2.0748E-09 2.1519E-09 2.2312E-09 2.3232E-09 2.4156E-09 2.5134E-09 2.6279E-09 2.7437E-09 2.8699E-09 3.0103E-09 3.1735E-09 3.3277E-09 3.4900E-09 3.6736E-09 3.8673E-09 4.0667E-09 4.2778E-09
7.2073E-10 7.3886E-10 7.5728E-10 7.7601E-10 7.9504E-10 8.1438E-10 8.3405E-10 8.5404E-10 8.7432E-10 8.9489E-10 9.1616E-10 9.3814E-10 9.6003E-10 9.8182E-10 1.0039E-09 1.0282E-09 1.0534E-09 1.0802E-09 1.1070E-09 1.1338E-09 1.1606E-09 1.1903E-09 1.2225E-09 1.2540E-09 1.2837E-09 1.3153E-09 1.3489E-09 1.3846E-09 1.4244E-09 1.4653E-09 1.5085E-09 1.5506E-09 1.5922E-09 1.6317E-09 1.7037E-09 1.7761E-09 1.8315E-09 1.8942E-09 1.9580E-09 2.0237E-09 2.1020E-09 2.1776E-09 2.2615E-09 2.3585E-09 2.4512E-09 2.5570E-09 2.6795E-09 2.8021E-09 2.9355E-09 3.1004E-09 3.2564E-09 3.4194E-09 3.5940E-09 3.7996E-09 3.9985E-09 4.2130E-09 4.4420E-09
7.2166E-10 7.3979E-10 7.5823E-10 7.7701E-10 7.9610E-10 8.1551E-10 8.3521E-10 8.5521E-10 8.7548E-10 8.9603E-10 9.1768E-10 9.3925E-10 9.6114E-10 9.8290E-10 1.0049E-09 1.0316E-09 1.0570E-09 1.0833E-09 1.1097E-09 1.1356E-09 1.1645E-09 1.1944E-09 1.2247E-09 1.2565E-09 1.2875E-09 1.3202E-09 1.3545E-09 1.3918E-09 1.4292E-09 1.4704E-09 1.5140E-09 1.5574E-09 1.5986E-09 1.6460E-09 1.7290E-09 1.7863E-09 1.8456E-09 1.9122E-09 1.9733E-09 2.0444E-09 2.1242E-09 2.2017E-09 2.2922E-09 2.3901E-09 2.4887E-09 2.6102E-09 2.7296E-09 2.8630E-09 3.0206E-09 3.1833E-09 3.3466E-09 3.5196E-09 3.7245E-09 3.9250E-09 4.1403E-09 4.3724E-09 4.6324E-09
7.2253E-10 7.4073E-10 7.5924E-10 7.7806E-10 7.9717E-10 8.1656E-10 8.3624E-10 8.5621E-10 8.7647E-10 8.9740E-10 9.1865E-10 9.4019E-10 9.6205E-10 9.8379E-10 1.0077E-09 1.0326E-09 1.0584E-09 1.0853E-09 1.1108E-09 1.1371E-09 1.1672E-09 1.1963E-09 1.2273E-09 1.2593E-09 1.2905E-09 1.3227E-09 1.3575E-09 1.3956E-09 1.4342E-09 1.4786E-09 1.5219E-09 1.5639E-09 1.6029E-09 1.6653E-09 1.7448E-09 1.7998E-09 1.8574E-09 1.9254E-09 1.9916E-09 2.0690E-09 2.1450E-09 2.2309E-09 2.3287E-09 2.4236E-09 2.5327E-09 2.6615E-09 2.7928E-09 2.9343E-09 3.1040E-09 3.2707E-09 3.4420E-09 3.6320E-09 3.8454E-09 4.0620E-09 4.2928E-09 4.5408E-09 4.8010E-09
7.2349E-10 7.4171E-10 7.6021E-10 7.7900E-10 7.9809E-10 8.1748E-10 8.3715E-10 8.5709E-10 8.7732E-10 8.9823E-10 9.1946E-10 9.4140E-10 9.6284E-10 9.8453E-10 1.0084E-09 1.0338E-09 1.0616E-09 1.0861E-09 1.1121E-09 1.1389E-09 1.1703E-09 1.2006E-09 1.2313E-09 1.2625E-09 1.2938E-09 1.3280E-09 1.3635E-09 1.4013E-09 1.4419E-09 1.4841E-09 1.5260E-09 1.5683E-09 1.6067E-09 1.6895E-09 1.7531E-09 1.8110E-09 1.8760E-09 1.9391E-09 2.0087E-09 2.0902E-09 2.1687E-09 2.2593E-09 2.3612E-09 2.4623E-09 2.5877E-09 2.7156E-09 2.8549E-09 3.0263E-09 3.1887E-09 3.3604E-09 3.5447E-09 3.7597E-09 3.9745E-09 4.2058E-09 4.4401E-09 4.7112E-09 4.9719E-09
7.2436E-10 7.4255E-10 7.6106E-10 7.7984E-10 7.9892E-10 8.1827E-10 8.3792E-10 8.5786E-10 8.7807E-10 8.9898E-10 9.2057E-10 9.4207E-10 9.6343E-10 9.8505E-10 1.0113E-09 1.0362E-09 1.0622E-09 1.0877E-09 1.1136E-09 1.1421E-09 1.1715E-09 1.2021E-09 1.2335E-09 1.2642E-09 1.2966E-09 1.3308E-09 1.3670E-09 1.4051E-09 1.4450E-09 1.4900E-09 1.5331E-09 1.5723E-09 1.6241E-09 1.7075E-09 1.7641E-09 1.8219E-09 1.8893E-09 1.9552E-09 2.0300E-09 2.1105E-09 2.1962E-09 2.2991E-09 2.3962E-09 2.5071E-09 2.6444E-09 2.7824E-09 2.9337E-09 3.1082E-09 3.2762E-09 3.4580E-09 3.6648E-09 3.8813E-09 4.1117E-09 4.3440E-09 4.6118E-09 4.8716E-09 5.1443E-09
7.2515E-10 7.4334E-10 7.6180E-10 7.8058E-10 7.9965E-10 8.1901E-10 8.3865E-10 8.5855E-10 8.7871E-10 8.9995E-10 9.2110E-10 9.4255E-10 9.6386E-10 9.8731E-10 1.0117E-09 1.0371E-09 1.0635E-09 1.0885E-09 1.1149E-09 1.1436E-09 1.1733E-09 1.2061E-09 1.2350E-09 1.2658E-09 1.2994E-09 1.3357E-09 1.3707E-09 1.4080E-09 1.4537E-09 1.4949E-09 1.5365E-09 1.5751E-09 1.6431E-09 1.7177E-09 1.7739E-09 1.8370E-09 1.9047E-09 1.9722E-09 2.0559E-09 2.1365E-09 2.2281E-09 2.3332E-09 2.4376E-09 2.5630E-09 2.7028E-09 2.8466E-09 3.0147E-09 3.1911E-09 3.3670E-09 3.5590E-09 3.7808E-09 4.0117E-09 4.2412E-09 4.4808E-09 4.7616E-09 5.0321E-09 5.3159E-09
7.2586E-10 7.4406E-10 7.6254E-10 7.8132E-10 8.0035E-10 8.1966E-10 8.3923E-10 8.5908E-10 8.7920E-10 9.0040E-10 9.2148E-10 9.4286E-10 9.6408E-10 9.8751E-10 1.0124E-09 1.0397E-09 1.0638E-09 1.0897E-09 1.1152E-09 1.1470E-09 1.1764E-09 1.2067E-09 1.2374E-09 1.2692E-09 1.3021E-09 1.3380E-09 1.3754E-09 1.4146E-09 1.4562E-09 1.4976E-09 1.5404E-09 1.5834E-09 1.6656E-09 1.7288E-09 1.7855E-09 1.8510E-09 1.9208E-09 1.9955E-09 2.0786E-09 2.1650E-09 2.2673E-09 2.3721E-09 2.4852E-09 2.6253E-09 2.7673E-09 2.9228E-09 3.1033E-09 3.2733E-09 3.4629E-09 3.6692E-09 3.9057E-09 4.1326E-09 4.3683E-09 4.6433E-09 4.9107E-09 5.1916E-09 5.4863E-09
7.2661E-10 7.4477E-10 7.6321E-10 7.8192E-10 8.0091E-10 8.2018E-10 8.3971E-10 8.5949E-10 8.7993E-10 9.0066E-10 9.2210E-10 9.4300E-10 9.6414E-10 9.8802E-10 1.0144E-09 1.0399E-09 1.0649E-09 1.0899E-09 1.1183E-09 1.1473E-09 1.1773E-09 1.2083E-09 1.2391E-09 1.2703E-09 1.3053E-09 1.3405E-09 1.3771E-09 1.4165E-09 1.4609E-09 1.5035E-09 1.5447E-09 1.6034E-09 1.6831E-09 1.7384E-09 1.8016E-09 1.8721E-09 1.9389E-09 2.0199E-09 2.1070E-09 2.1988E-09 2.3067E-09 2.4126E-09 2.5386E-09 2.6860E-09 2.8295E-09 2.9970E-09 3.1802E-09 3.3639E-09 3.5562E-09 3.7942E-09 4.0192E-09 4.2505E-09 4.4950E-09 4.7815E-09 5.0585E-09 5.3492E-09 5.6899E-09
7.2723E-10 7.4536E-10 7.6377E-10 7.8245E-10 8.0138E-10 8.2058E-10 8.4003E-10 8.5976E-10 8.8013E-10 9.0119E-10 9.2218E-10 9.4306E-10 9.6419E-10 9.8999E-10 1.0145E-09 1.0409E-09 1.0649E-09 1.0912E-09 1.1195E-09 1.1486E-09 1.1808E-09 1.2090E-09 1.2410E-09 1.2732E-09 1.3079E-09 1.3418E-09 1.3791E-09 1.4207E-09 1.4646E-09 1.5080E-09 1.5555E-09 1.6275E-09 1.6946E-09 1.7505E-09 1.8189E-09 1.8894E-09 1.9629E-09 2.0479E-09 2.1351E-09 2.2345E-09 2.3466E-09 2.4618E-09 2.5989E-09 2.7435E-09 2.9036E-09 3.0817E-09 3.2612E-09 3.4511E-09 3.6591E-09 3.9024E-09 4.1285E-09 4.3678E-09 4.6461E-09 4.9176E-09 5.2037E-09 5.5039E-09 5.8584E-09
