Assets/Resources/2015_m01_d02_0100(utc+0800)_l00_csi_1hr_conc.grd
DSAA
         159         159
     -79.000      79.000
     -79.000      79.000
  0.0000E+00  0.6645E-05
[rows 125 to 149 of 159, columns 57 to 113 of 159]
0.0000E+00 0.0000E+00 0.0000E+00 0.0000E+00 0.0000E+00 0.0000E+00 0.0000E+00 0.0000E+00 0.0000E+00 0.0000E+00 0.0000E+00 0.0000E+00 0.0000E+00 0.0000E+00 1.3961E-11 4.9263E-11 9.4988E-11 1.3825E-10 1.8679E-10 2.7225E-10 3.9634E-10 5.2172E-10 6.3091E-10 7.5730E-10 9.7421E-10 1.2420E-09 1.5197E-09 1.8199E-09 2.1689E-09 2.5561E-09 2.9842E-09 3.4575E-09 4.0966E-09 4.8195E-09 5.6331E-09 6.5359E-09 7.5916E-09 8.7343E-09 9.9836E-09 1.1296E-08 1.2658E-08 1.4052E-08 1.5454E-08 1.6822E-08 1.8138E-08 1.9368E-08 2.0487E-08 2.1477E-08 2.2320E-08 2.3013E-08 2.3541E-08 2.3904E-08 2.4100E-08 2.4142E-08 2.4059E-08 2.3846E-08 2.3525E-08
0.0000E+00 0.0000E+00 0.0000E+00 0.0000E+00 0.0000E+00 0.0000E+00 0.0000E+00 0.0000E+00 0.0000E+00 0.0000E+00 0.0000E+00 0.0000E+00 0.0000E+00 0.0000E+00 4.9380E-12 3.1657E-11 7.4719E-11 1.1946E-10 1.6652E-10 2.3231E-10 3.6603E-10 4.8653E-10 5.8992E-10 7.0762E-10 8.8815E-10 1.1598E-09 1.4180E-09 1.6956E-09 2.0175E-09 2.3772E-09 2.7753E-09 3.2138E-09 3.7208E-09 4.3252E-09 5.0246E-09 5.8090E-09 6.6908E-09 7.6615E-09 8.7009E-09 9.8092E-09 1.0953E-08 1.2104E-08 1.3271E-08 1.4425E-08 1.5546E-08 1.6608E-08 1.7589E-08 1.8470E-08 1.9235E-08 1.9879E-08 2.0405E-08 2.0808E-08 2.1082E-08 2.1229E-08 2.1252E-08 2.1167E-08 2.1001E-08
0.0000E+00 0.0000E+00 0.0000E+00 0.0000E+00 0.0000E+00 0.0000E+00 0.0000E+00 0.0000E+00 0.0000E+00 0.0000E+00 0.0000E+00 0.0000E+00 0.0000E+00 0.0000E+00 4.7013E-13 1.9213E-11 5.5227E-11 9.9300E-11 1.4547E-10 1.9255E-10 3.3530E-10 4.5194E-10 5.4849E-10 6.5876E-10 7.8463E-10 1.0790E-09 1.3196E-09 1.5767E-09 1.8671E-09 2.2016E-09 2.5711E-09 2.9768E-09 3.4251E-09 3.9508E-09 4.5114E-09 5.1737E-09 5.9205E-09 6.7599E-09 7.6494E-09 8.5620E-09 9.5274E-09 1.0515E-08 1.1506E-08 1.2493E-08 1.3451E-08 1.4365E-08 1.5217E-08 1.5991E-08 1.6686E-08 1.7289E-08 1.7799E-08 1.8210E-08 1.8519E-08 1.8726E-08 1.8833E-08 1.8861E-08 1.8801E-08
0.0000E+00 0.0000E+00 0.0000E+00 0.0000E+00 0.0000E+00 0.0000E+00 0.0000E+00 0.0000E+00 0.0000E+00 0.0000E+00 0.0000E+00 0.0000E+00 0.0000E+00 0.0000E+00 0.0000E+00 1.0274E-11 3.7550E-11 7.5831E-11 1.2062E-10 1.7023E-10 2.8892E-10 4.1589E-10 5.0766E-10 6.1106E-10 7.2735E-10 1.0003E-09 1.2236E-09 1.4605E-09 1.7255E-09 2.0319E-09 2.3725E-09 2.7497E-09 3.1563E-09 3.6090E-09 4.1116E-09 4.6558E-09 5.2925E-09 6.0093E-09 6.7715E-09 7.5700E-09 8.3819E-09 9.2212E-09 1.0060E-08 1.0896E-08 1.1721E-08 1.2514E-08 1.3265E-08 1.3960E-08 1.4588E-08 1.5140E-08 1.5615E-08 1.6018E-08 1.6347E-08 1.6596E-08 1.6763E-08 1.6845E-08 1.6854E-08
0.0000E+00 0.0000E+00 0.0000E+00 0.0000E+00 0.0000E+00 0.0000E+00 0.0000E+00 0.0000E+00 0.0000E+00 0.0000E+00 0.0000E+00 0.0000E+00 0.0000E+00 0.0000E+00 0.0000E+00 2.7285E-12 2.1975E-11 5.5459E-11 9.5052E-11 1.4754E-10 2.6074E-10 3.8038E-10 4.6760E-10 5.6340E-10 6.7191E-10 9.0511E-10 1.1307E-09 1.3497E-09 1.5927E-09 1.8699E-09 2.1836E-09 2.5288E-09 2.9050E-09 3.3133E-09 3.7539E-09 4.2306E-09 4.7501E-09 5.3474E-09 6.0120E-09 6.7002E-09 7.3965E-09 8.1091E-09 8.8457E-09 9.5752E-09 1.0291E-08 1.0982E-08 1.1641E-08 1.2254E-08 1.2817E-08 1.3323E-08 1.3774E-08 1.4168E-08 1.4498E-08 1.4762E-08 1.4956E-08 1.5085E-08 1.5158E-08
0.0000E+00 0.0000E+00 0.0000E+00 0.0000E+00 0.0000E+00 0.0000E+00 0.0000E+00 0.0000E+00 0.0000E+00 0.0000E+00 0.0000E+00 0.0000E+00 0.0000E+00 0.0000E+00 0.0000E+00 0.0000E+00 1.2081E-11 3.8242E-11 7.3353E-11 1.2146E-10 2.1730E-10 3.4350E-10 4.2678E-10 5.1766E-10 6.1812E-10 7.9402E-10 1.0415E-09 1.2428E-09 1.4657E-09 1.7156E-09 2.0035E-09 2.3178E-09 2.6630E-09 3.0353E-09 3.4326E-09 3.8626E-09 4.3165E-09 4.8195E-09 5.3872E-09 5.9751E-09 6.5905E-09 7.2127E-09 7.8369E-09 8.4651E-09 9.0847E-09 9.6938E-09 1.0276E-08 1.0828E-08 1.1341E-08 1.1809E-08 1.2224E-08 1.2589E-08 1.2908E-08 1.3176E-08 1.3395E-08 1.3552E-08 1.3649E-08
0.0000E+00 0.0000E+00 0.0000E+00 0.0000E+00 0.0000E+00 0.0000E+00 0.0000E+00 0.0000E+00 0.0000E+00 0.0000E+00 0.0000E+00 0.0000E+00 0.0000E+00 0.0000E+00 0.0000E+00 0.0000E+00 4.6030E-12 2.3111E-11 5.4611E-11 9.2816E-11 1.3896E-10 3.0860E-10 3.8609E-10 4.7122E-10 5.6612E-10 6.7248E-10 9.3386E-10 1.1402E-09 1.3441E-09 1.5727E-09 1.8318E-09 2.1184E-09 2.4346E-09 2.7737E-09 3.1386E-09 3.5251E-09 3.9351E-09 4.3687E-09 4.8446E-09 5.3559E-09 5.8811E-09 6.4169E-09 6.9661E-09 7.5239E-09 8.0756E-09 8.6103E-09 9.1265E-09 9.6169E-09 1.0074E-08 1.0497E-08 1.0880E-08 1.1227E-08 1.1535E-08 1.1800E-08 1.2021E-08 1.2189E-08 1.2312E-08
0.0000E+00 0.0000E+00 0.0000E+00 0.0000E+00 0.0000E+00 0.0000E+00 0.0000E+00 0.0000E+00 0.0000E+00 0.0000E+00 0.0000E+00 0.0000E+00 0.0000E+00 0.0000E+00 0.0000E+00 0.0000E+00 0.0000E+00 1.1481E-11 3.7347E-11 6.7720E-11 1.0642E-10 2.5679E-10 3.4705E-10 4.2847E-10 5.1642E-10 6.1278E-10 8.3282E-10 1.0188E-09 1.2296E-09 1.4381E-09 1.6704E-09 1.9322E-09 2.2194E-09 2.5281E-09 2.8597E-09 3.2142E-09 3.5872E-09 3.9816E-09 4.4006E-09 4.8300E-09 5.2876E-09 5.7615E-09 6.2417E-09 6.7148E-09 7.1897E-09 7.6615E-09 8.1233E-09 8.5631E-09 8.9820E-09 9.3737E-09 9.7327E-09 1.0054E-08 1.0337E-08 1.0589E-08 1.0808E-08 1.0988E-08 1.1119E-08
0.0000E+00 0.0000E+00 0.0000E+00 0.0000E+00 0.0000E+00 0.0000E+00 0.0000E+00 0.0000E+00 0.0000E+00 0.0000E+00 0.0000E+00 0.0000E+00 0.0000E+00 0.0000E+00 0.0000E+00 0.0000E+00 0.0000E+00 5.3749E-12 2.3451E-11 4.7876E-11 7.8114E-11 2.0005E-10 3.0436E-10 3.8436E-10 4.6723E-10 5.5657E-10 7.3910E-10 9.0700E-10 1.0943E-09 1.2786E-09 1.5216E-09 1.7577E-09 2.0185E-09 2.2981E-09 2.5993E-09 2.9208E-09 3.2612E-09 3.6207E-09 4.0001E-09 4.3900E-09 4.7829E-09 5.1817E-09 5.5996E-09 6.0247E-09 6.4505E-09 6.8690E-09 7.2778E-09 7.6728E-09 8.0469E-09 8.3967E-09 8.7195E-09 9.0154E-09 9.2845E-09 9.5219E-09 9.7306E-09 9.9037E-09 1.0039E-08
0.0000E+00 0.0000E+00 0.0000E+00 0.0000E+00 0.0000E+00 0.0000E+00 0.0000E+00 0.0000E+00 0.0000E+00 0.0000E+00 0.0000E+00 0.0000E+00 0.0000E+00 0.0000E+00 0.0000E+00 0.0000E+00 0.0000E+00 0.0000E+00 1.1379E-11 3.1022E-11 5.3535E-11 1.4056E-10 2.4674E-10 3.3748E-10 4.1935E-10 5.0175E-10 6.3555E-10 8.0223E-10 9.7066E-10 1.1636E-09 1.3495E-09 1.5951E-09 1.8302E-09 2.0845E-09 2.3567E-09 2.6477E-09 2.9570E-09 3.2820E-09 3.6263E-09 3.9814E-09 4.3358E-09 4.6952E-09 5.0594E-09 5.4234E-09 5.7852E-09 6.1491E-09 6.5079E-09 6.8581E-09 7.1966E-09 7.5197E-09 7.8226E-09 8.0997E-09 8.3472E-09 8.5647E-09 8.7592E-09 8.9287E-09 9.0671E-09
0.0000E+00 0.0000E+00 0.0000E+00 0.0000E+00 0.0000E+00 0.0000E+00 0.0000E+00 0.0000E+00 0.0000E+00 0.0000E+00 0.0000E+00 0.0000E+00 0.0000E+00 0.0000E+00 0.0000E+00 0.0000E+00 0.0000E+00 0.0000E+00 4.9645E-12 1.7434E-11 4.1914E-11 7.4495E-11 2.0948E-10 2.7218E-10 3.6802E-10 4.4842E-10 5.3998E-10 7.2845E-10 8.5752E-10 1.0283E-09 1.2248E-09 1.4112E-09 1.6552E-09 1.8864E-09 2.1323E-09 2.3953E-09 2.6737E-09 2.9679E-09 3.2782E-09 3.6007E-09 3.9197E-09 4.2451E-09 4.5723E-09 4.9008E-09 5.2289E-09 5.5517E-09 5.8686E-09 6.1777E-09 6.4748E-09 6.7595E-09 7.0299E-09 7.2824E-09 7.5145E-09 7.7249E-09 7.9114E-09 8.0714E-09 8.2007E-09
0.0000E+00 0.0000E+00 0.0000E+00 0.0000E+00 0.0000E+00 0.0000E+00 0.0000E+00 0.0000E+00 0.0000E+00 0.0000E+00 0.0000E+00 0.0000E+00 0.0000E+00 0.0000E+00 0.0000E+00 0.0000E+00 0.0000E+00 0.0000E+00 0.0000E+00 6.1704E-12 2.7082E-11 5.0752E-11 1.6102E-10 2.3223E-10 2.9498E-10 3.9170E-10 4.8220E-10 6.3544E-10 7.7480E-10 9.0546E-10 1.0794E-09 1.2430E-09 1.4600E-09 1.6617E-09 1.9253E-09 2.1611E-09 2.4116E-09 2.6772E-09 2.9539E-09 3.2453E-09 3.5347E-09 3.8269E-09 4.1217E-09 4.4187E-09 4.7126E-09 5.0043E-09 5.2914E-09 5.5694E-09 5.8390E-09 6.0980E-09 6.3432E-09 6.5738E-09 6.7872E-09 6.9798E-09 7.1502E-09 7.2978E-09 7.4213E-09
0.0000E+00 0.0000E+00 0.0000E+00 0.0000E+00 0.0000E+00 0.0000E+00 0.0000E+00 0.0000E+00 0.0000E+00 0.0000E+00 0.0000E+00 0.0000E+00 0.0000E+00 0.0000E+00 0.0000E+00 0.0000E+00 0.0000E+00 0.0000E+00 0.0000E+00 1.4070E-12 1.4705E-11 3.2911E-11 1.1554E-10 1.7866E-10 2.4971E-10 3.1597E-10 4.2137E-10 5.5069E-10 6.7582E-10 8.1746E-10 9.4746E-10 1.1230E-09 1.2834E-09 1.4978E-09 1.6928E-09 1.9454E-09 2.1706E-09 2.4063E-09 2.6564E-09 2.9182E-09 3.1776E-09 3.4389E-09 3.7065E-09 3.9721E-09 4.2373E-09 4.5003E-09 4.7573E-09 5.0089E-09 5.2527E-09 5.4860E-09 5.7091E-09 5.9192E-09 6.1138E-09 6.2906E-09 6.4486E-09 6.5852E-09 6.7009E-09
0.0000E+00 0.0000E+00 0.0000E+00 0.0000E+00 0.0000E+00 0.0000E+00 0.0000E+00 0.0000E+00 0.0000E+00 0.0000E+00 0.0000E+00 0.0000E+00 0.0000E+00 0.0000E+00 0.0000E+00 0.0000E+00 0.0000E+00 0.0000E+00 0.0000E+00 0.0000E+00 5.4792E-12 1.7723E-11 6.2207E-11 1.2933E-10 1.9621E-10 2.6815E-10 3.4016E-10 4.4655E-10 5.8476E-10 7.1010E-10 8.2641E-10 9.8239E-10 1.1572E-09 1.3141E-09 1.4813E-09 1.7097E-09 1.9057E-09 2.1584E-09 2.3821E-09 2.6175E-09 2.8494E-09 3.0846E-09 3.3219E-09 3.5602E-09 3.8000E-09 4.0356E-09 4.2675E-09 4.4936E-09 4.7123E-09 4.9238E-09 5.1254E-09 5.3155E-09 5.4932E-09 5.6553E-09 5.8008E-09 5.9274E-09 6.0347E-09
0.0000E+00 0.0000E+00 0.0000E+00 0.0000E+00 0.0000E+00 0.0000E+00 0.0000E+00 0.0000E+00 0.0000E+00 0.0000E+00 0.0000E+00 0.0000E+00 0.0000E+00 0.0000E+00 0.0000E+00 0.0000E+00 0.0000E+00 0.0000E+00 0.0000E+00 0.0000E+00 0.0000E+00 5.7688E-12 1.8759E-11 8.5817E-11 1.4228E-10 2.1249E-10 2.6509E-10 3.6369E-10 4.8933E-10 6.0967E-10 7.3891E-10 8.5469E-10 1.0100E-09 1.1477E-09 1.3330E-09 1.4924E-09 1.7080E-09 1.8938E-09 2.0902E-09 2.3016E-09 2.5486E-09 2.7593E-09 2.9706E-09 3.1847E-09 3.3972E-09 3.6082E-09 3.8169E-09 4.0206E-09 4.2181E-09 4.4077E-09 4.5894E-09 4.7619E-09 4.9233E-09 5.0717E-09 5.2051E-09 5.3226E-09 5.4223E-09
0.0000E+00 0.0000E+00 0.0000E+00 0.0000E+00 0.0000E+00 0.0000E+00 0.0000E+00 0.0000E+00 0.0000E+00 0.0000E+00 0.0000E+00 0.0000E+00 0.0000E+00 0.0000E+00 0.0000E+00 0.0000E+00 0.0000E+00 0.0000E+00 0.0000E+00 0.0000E+00 0.0000E+00 0.0000E+00 8.2576E-12 5.5052E-11 1.0132E-10 1.5573E-10 2.2399E-10 2.8551E-10 3.8431E-10 4.8289E-10 6.2669E-10 7.6251E-10 8.7605E-10 1.0289E-09 1.1606E-09 1.3401E-09 1.4910E-09 1.6519E-09 1.8670E-09 2.0555E-09 2.2372E-09 2.4223E-09 2.6083E-09 2.8408E-09 3.0303E-09 3.2192E-09 3.4050E-09 3.5868E-09 3.7631E-09 3.9332E-09 4.0999E-09 4.2557E-09 4.4022E-09 4.5379E-09 4.6598E-09 4.7685E-09 4.8615E-09
0.0000E+00 0.0000E+00 0.0000E+00 0.0000E+00 0.0000E+00 0.0000E+00 0.0000E+00 0.0000E+00 0.0000E+00 0.0000E+00 0.0000E+00 0.0000E+00 0.0000E+00 0.0000E+00 0.0000E+00 0.0000E+00 0.0000E+00 0.0000E+00 0.0000E+00 0.0000E+00 0.0000E+00 0.0000E+00 5.3340E-12 4.3820E-11 6.0151E-11 1.0994E-10 1.6464E-10 2.3968E-10 3.0740E-10 3.9865E-10 5.0119E-10 6.0875E-10 7.4696E-10 8.8819E-10 1.0034E-09 1.1633E-09 1.2943E-09 1.4768E-09 1.6268E-09 1.7910E-09 1.9551E-09 2.1573E-09 2.3249E-09 2.4915E-09 2.6586E-09 2.8250E-09 2.9889E-09 3.1498E-09 3.3506E-09 3.5039E-09 3.6508E-09 3.7942E-09 3.9276E-09 4.0512E-09 4.1630E-09 4.2626E-09 4.3496E-09
0.0000E+00 0.0000E+00 0.0000E+00 0.0000E+00 0.0000E+00 0.0000E+00 0.0000E+00 0.0000E+00 0.0000E+00 0.0000E+00 0.0000E+00 0.0000E+00 0.0000E+00 0.0000E+00 0.0000E+00 0.0000E+00 0.0000E+00 0.0000E+00 0.0000E+00 0.0000E+00 0.0000E+00 0.0000E+00 0.0000E+00 5.4967E-12 4.7436E-11 6.5731E-11 1.1606E-10 1.7963E-10 2.2908E-10 3.1933E-10 3.8234E-10 5.1009E-10 6.2376E-10 7.4719E-10 8.8838E-10 1.0020E-09 1.1562E-09 1.2786E-09 1.4100E-09 1.5918E-09 1.7394E-09 1.8822E-09 2.0278E-09 2.1730E-09 2.3630E-09 2.5099E-09 2.6559E-09 2.7999E-09 2.9397E-09 3.0762E-09 3.2081E-09 3.3373E-09 3.4588E-09 3.5727E-09 3.6756E-09 3.7677E-09 3.8491E-09
0.0000E+00 0.0000E+00 0.0000E+00 0.0000E+00 0.0000E+00 0.0000E+00 0.0000E+00 0.0000E+00 0.0000E+00 0.0000E+00 0.0000E+00 0.0000E+00 0.0000E+00 0.0000E+00 0.0000E+00 0.0000E+00 0.0000E+00 0.0000E+00 0.0000E+00 0.0000E+00 0.0000E+00 0.0000E+00 0.0000E+00 0.0000E+00 1.9591E-11 5.0824E-11 6.9496E-11 1.2527E-10 1.9031E-10 2.4511E-10 3.2679E-10 3.9448E-10 5.1599E-10 6.3092E-10 7.1818E-10 8.7608E-10 9.8597E-10 1.1000E-09 1.2546E-09 1.3767E-09 1.5074E-09 1.6726E-09 1.7987E-09 1.9302E-09 2.0586E-09 2.1879E-09 2.3166E-09 2.4422E-09 2.6076E-09 2.7310E-09 2.8500E-09 2.9637E-09 3.0747E-09 3.1772E-09 3.2731E-09 3.3586E-09 3.4337E-09
0.0000E+00 0.0000E+00 0.0000E+00 0.0000E+00 0.0000E+00 0.0000E+00 0.0000E+00 0.0000E+00 0.0000E+00 0.0000E+00 0.0000E+00 0.0000E+00 0.0000E+00 0.0000E+00 0.0000E+00 0.0000E+00 0.0000E+00 0.0000E+00 0.0000E+00 0.0000E+00 0.0000E+00 0.0000E+00 0.0000E+00 0.0000E+00 0.0000E+00 2.1129E-11 5.5239E-11 7.5628E-11 1.3591E-10 2.0396E-10 2.5547E-10 3.0474E-10 4.0122E-10 4.9113E-10 5.9531E-10 7.1460E-10 8.0050E-10 9.2864E-10 1.0658E-09 1.1794E-09 1.3356E-09 1.4463E-09 1.5586E-09 1.6708E-09 1.7829E-09 1.9378E-09 2.0503E-09 2.1637E-09 2.2758E-09 2.3843E-09 2.4903E-09 2.5926E-09 2.6928E-09 2.7860E-09 2.8731E-09 2.9523E-09 3.0236E-09
0.0000E+00 0.0000E+00 0.0000E+00 0.0000E+00 0.0000E+00 0.0000E+00 0.0000E+00 0.0000E+00 0.0000E+00 0.0000E+00 0.0000E+00 0.0000E+00 0.0000E+00 0.0000E+00 0.0000E+00 0.0000E+00 0.0000E+00 0.0000E+00 0.0000E+00 0.0000E+00 0.0000E+00 0.0000E+00 0.0000E+00 0.0000E+00 0.0000E+00 0.0000E+00 2.2555E-11 5.8493E-11 8.8094E-11 1.4742E-10 1.8792E-10 2.6109E-10 3.1431E-10 3.9874E-10 4.9450E-10 5.6100E-10 6.9851E-10 7.8379E-10 8.7290E-10 1.0009E-09 1.1011E-09 1.2330E-09 1.3732E-09 1.4713E-09 1.5733E-09 1.6727E-09 1.7741E-09 1.8757E-09 1.9741E-09 2.1105E-09 2.2067E-09 2.2994E-09 2.3871E-09 2.4727E-09 2.5513E-09 2.6245E-09 2.6899E-09
0.0000E+00 0.0000E+00 0.0000E+00 0.0000E+00 0.0000E+00 0.0000E+00 0.0000E+00 0.0000E+00 0.0000E+00 0.0000E+00 0.0000E+00 0.0000E+00 0.0000E+00 0.0000E+00 0.0000E+00 0.0000E+00 0.0000E+00 0.0000E+00 0.0000E+00 0.0000E+00 0.0000E+00 0.0000E+00 0.0000E+00 0.0000E+00 0.0000E+00 0.0000E+00 0.0000E+00 2.3841E-11 6.5744E-11 9.5623E-11 1.5362E-10 1.9588E-10 2.6417E-10 3.2024E-10 3.6942E-10 4.8604E-10 5.5527E-10 6.2019E-10 7.2657E-10 8.4105E-10 9.3505E-10 1.0539E-09 1.1344E-09 1.2211E-09 1.3102E-09 1.4697E-09 1.5602E-09 1.6491E-09 1.7395E-09 1.8299E-09 1.9159E-09 1.9984E-09 2.0778E-09 2.1564E-09 2.2284E-09 2.2958E-09 2.3567E-09
0.0000E+00 0.0000E+00 0.0000E+00 0.0000E+00 0.0000E+00 0.0000E+00 0.0000E+00 0.0000E+00 0.0000E+00 0.0000E+00 0.0000E+00 0.0000E+00 0.0000E+00 0.0000E+00 0.0000E+00 0.0000E+00 0.0000E+00 0.0000E+00 0.0000E+00 0.0000E+00 0.0000E+00 0.0000E+00 0.0000E+00 0.0000E+00 0.0000E+00 0.0000E+00 0.0000E+00 0.0000E+00 2.9296E-11 5.0110E-11 1.0135E-10 1.3333E-10 2.0041E-10 2.4166E-10 3.1648E-10 3.6963E-10 4.1799E-10 5.3735E-10 6.0451E-10 7.0889E-10 7.8016E-10 8.5228E-10 9.6027E-10 1.0719E-09 1.1458E-09 1.2236E-09 1.3018E-09 1.3819E-09 1.4620E-09 1.5404E-09 1.6558E-09 1.7321E-09 1.8049E-09 1.8737E-09 1.9402E-09 2.0015E-09 2.0585E-09
0.0000E+00 0.0000E+00 0.0000E+00 0.0000E+00 0.0000E+00 0.0000E+00 0.0000E+00 0.0000E+00 0.0000E+00 0.0000E+00 0.0000E+00 0.0000E+00 0.0000E+00 0.0000E+00 0.0000E+00 0.0000E+00 0.0000E+00 0.0000E+00 0.0000E+00 0.0000E+00 0.0000E+00 0.0000E+00 0.0000E+00 0.0000E+00 0.0000E+00 0.0000E+00 0.0000E+00 0.0000E+00 1.2417E-12 3.2496E-11 5.5620E-11 1.0508E-10 1.4043E-10 2.0119E-10 2.4744E-10 2.8376E-10 3.6018E-10 4.1173E-10 4.9404E-10 5.7944E-10 6.4549E-10 7.1623E-10 8.1150E-10 8.7217E-10 9.3798E-10 1.0055E-09 1.1420E-09 1.2117E-09 1.2803E-09 1.3510E-09 1.4223E-09 1.4905E-09 1.5550E-09 1.6173E-09 1.6790E-09 1.7359E-09 1.7887E-09
0.0000E+00 0.0000E+00 0.0000E+00 0.0000E+00 0.0000E+00 0.0000E+00 0.0000E+00 0.0000E+00 0.0000E+00 0.0000E+00 0.0000E+00 0.0000E+00 0.0000E+00 0.0000E+00 0.0000E+00 0.0000E+00 0.0000E+00 0.0000E+00 0.0000E+00 0.0000E+00 0.0000E+00 0.0000E+00 0.0000E+00 0.0000E+00 0.0000E+00 0.0000E+00 0.0000E+00 0.0000E+00 0.0000E+00 6.2118E-12 3.5528E-11 5.9757E-11 1.0725E-10 1.4561E-10 1.7534E-10 2.4404E-10 2.8386E-10 3.2090E-10 3.9536E-10 4.4783E-10 5.3392E-10 5.8911E-10 6.7205E-10 7.3115E-10 8.2337E-10 8.8000E-10 9.3823E-10 9.9864E-10 1.0606E-09 1.1231E-09 1.1840E-09 1.2804E-09 1.3402E-09 1.3973E-09 1.4515E-09 1.5040E-09 1.5525E-09
