Assets/Resources/2015_m01_d17_0000(utc+0800)_l00_csi_1hr_conc.grd
DSAA
         159         159
     -79.000      79.000
     -79.000      79.000
  0.0000E+00  0.2142E-04
[rows 50 to 74 of 159, columns 57 to 113 of 159]
9.6580E-11 2.4096E-10 4.2781E-10 6.3819E-10 9.4006E-10 1.3299E-09 1.8015E-09 2.4209E-09 3.1462E-09 4.0124E-09 5.0084E-09 6.1357E-09 7.3751E-09 8.7217E-09 1.0151E-08 1.1636E-08 1.3135E-08 1.4616E-08 1.6012E-08 1.7265E-08 1.8311E-08 1.9090E-08 1.9551E-08 1.9691E-08 1.9453E-08 1.8886E-08 1.8031E-08 1.6871E-08 1.5465E-08 1.3912E-08 1.2240E-08 1.0535E-08 8.8609E-09 7.2682E-09 5.8058E-09 4.5111E-09 3.3988E-09 2.4808E-09 1.7534E-09 1.1924E-09 7.8512E-10 4.8708E-10 2.9336E-10 1.6426E-10 8.6241E-11 4.3078E-11 1.3352E-11 4.4596E-12 0.0000E+00 0.0000E+00 0.0000E+00 0.0000E+00 0.0000E+00 0.0000E+00 0.0000E+00 0.0000E+00 0.0000E+00
3.4932E-11 1.3555E-10 2.8806E-10 4.6230E-10 7.0071E-10 1.0054E-09 1.3711E-09 1.8631E-09 2.4433E-09 3.1486E-09 3.9762E-09 4.9283E-09 6.0075E-09 7.2152E-09 8.5317E-09 9.9516E-09 1.1441E-08 1.2971E-08 1.4482E-08 1.5927E-08 1.7224E-08 1.8293E-08 1.9115E-08 1.9626E-08 1.9797E-08 1.9629E-08 1.9060E-08 1.8163E-08 1.6966E-08 1.5499E-08 1.3840E-08 1.2084E-08 1.0280E-08 8.5296E-09 6.8783E-09 5.3778E-09 4.0874E-09 3.0029E-09 2.1320E-09 1.4520E-09 9.5693E-10 5.9945E-10 3.6289E-10 2.0978E-10 1.1056E-10 5.8142E-11 2.1605E-11 7.5891E-12 1.6758E-12 0.0000E+00 0.0000E+00 0.0000E+00 0.0000E+00 0.0000E+00 0.0000E+00 0.0000E+00 0.0000E+00
5.5730E-12 5.9523E-11 1.6440E-10 3.0263E-10 4.9872E-10 7.3685E-10 1.0157E-09 1.3984E-09 1.8512E-09 2.4114E-09 3.0827E-09 3.8722E-09 4.7936E-09 5.8482E-09 7.0360E-09 8.3608E-09 9.7981E-09 1.1333E-08 1.2918E-08 1.4498E-08 1.5998E-08 1.7341E-08 1.8505E-08 1.9431E-08 2.0054E-08 2.0292E-08 2.0131E-08 1.9575E-08 1.8600E-08 1.7292E-08 1.5688E-08 1.3871E-08 1.1961E-08 1.0010E-08 8.1217E-09 6.4019E-09 4.8758E-09 3.5890E-09 2.5584E-09 1.7448E-09 1.1499E-09 7.2516E-10 4.4359E-10 2.5899E-10 1.3900E-10 7.4103E-11 3.0597E-11 1.0563E-11 3.9080E-12 0.0000E+00 0.0000E+00 0.0000E+00 0.0000E+00 0.0000E+00 0.0000E+00 0.0000E+00 0.0000E+00
0.0000E+00 1.2730E-11 7.2114E-11 1.6915E-10 3.1669E-10 5.1189E-10 7.2508E-10 1.0194E-09 1.3648E-09 1.7991E-09 2.3323E-09 2.9702E-09 3.7356E-09 4.6330E-09 5.6796E-09 6.8834E-09 8.2371E-09 9.7322E-09 1.1335E-08 1.3001E-08 1.4654E-08 1.6219E-08 1.7771E-08 1.9120E-08 2.0182E-08 2.0897E-08 2.1195E-08 2.1043E-08 2.0423E-08 1.9319E-08 1.7811E-08 1.5964E-08 1.3888E-08 1.1725E-08 9.5750E-09 7.5543E-09 5.7644E-09 4.2454E-09 3.0193E-09 2.0602E-09 1.3619E-09 8.6460E-10 5.2443E-10 3.1102E-10 1.7031E-10 8.8775E-11 3.8885E-11 1.3291E-11 6.1229E-12 0.0000E+00 0.0000E+00 0.0000E+00 0.0000E+00 0.0000E+00 0.0000E+00 0.0000E+00 0.0000E+00
0.0000E+00 1.3118E-12 1.5103E-11 7.0985E-11 1.7001E-10 3.1214E-10 4.8374E-10 7.1181E-10 9.7022E-10 1.3021E-09 1.7159E-09 2.2201E-09 2.8410E-09 3.5870E-09 4.4894E-09 5.5537E-09 6.7911E-09 8.2050E-09 9.7679E-09 1.1454E-08 1.3202E-08 1.4968E-08 1.6822E-08 1.8582E-08 2.0141E-08 2.1414E-08 2.2278E-08 2.2644E-08 2.2450E-08 2.1662E-08 2.0283E-08 1.8401E-08 1.6153E-08 1.3695E-08 1.1210E-08 8.8599E-09 6.7516E-09 4.9545E-09 3.5022E-09 2.3893E-09 1.5795E-09 1.0033E-09 6.0755E-10 3.5904E-10 1.9949E-10 1.0165E-10 4.5926E-11 1.7628E-11 8.2746E-12 0.0000E+00 0.0000E+00 0.0000E+00 0.0000E+00 0.0000E+00 0.0000E+00 0.0000E+00 0.0000E+00
0.0000E+00 0.0000E+00 2.1614E-12 1.5701E-11 6.4869E-11 1.5759E-10 2.7931E-10 4.5732E-10 6.5720E-10 9.0146E-10 1.2142E-09 1.6037E-09 2.0947E-09 2.7021E-09 3.4584E-09 4.3711E-09 5.4732E-09 6.7644E-09 8.2391E-09 9.8897E-09 1.1686E-08 1.3555E-08 1.5717E-08 1.7847E-08 1.9962E-08 2.1831E-08 2.3395E-08 2.4437E-08 2.4807E-08 2.4387E-08 2.3178E-08 2.1239E-08 1.8753E-08 1.5956E-08 1.3059E-08 1.0287E-08 7.8015E-09 5.6829E-09 4.0035E-09 2.7165E-09 1.7776E-09 1.1332E-09 6.8608E-10 4.0028E-10 2.2344E-10 1.1425E-10 5.0696E-11 2.1167E-11 1.0025E-11 0.0000E+00 0.0000E+00 0.0000E+00 0.0000E+00 0.0000E+00 0.0000E+00 0.0000E+00 0.0000E+00
0.0000E+00 0.0000E+00 0.0000E+00 2.2326E-12 1.3119E-11 5.0048E-11 1.3151E-10 2.5197E-10 3.9977E-10 5.9005E-10 8.1815E-10 1.1087E-09 1.4843E-09 1.9608E-09 2.5729E-09 3.3338E-09 4.2816E-09 5.4201E-09 6.7757E-09 8.3517E-09 1.0110E-08 1.2012E-08 1.4462E-08 1.6995E-08 1.9628E-08 2.2269E-08 2.4646E-08 2.6485E-08 2.7542E-08 2.7589E-08 2.6555E-08 2.4532E-08 2.1723E-08 1.8455E-08 1.5063E-08 1.1807E-08 8.8544E-09 6.3972E-09 4.4672E-09 3.0177E-09 1.9561E-09 1.2380E-09 7.4903E-10 4.3327E-10 2.3914E-10 1.2406E-10 5.3126E-11 2.3534E-11 1.1027E-11 0.0000E+00 0.0000E+00 0.0000E+00 0.0000E+00 0.0000E+00 0.0000E+00 0.0000E+00 0.0000E+00
0.0000E+00 0.0000E+00 0.0000E+00 0.0000E+00 1.5753E-12 8.3757E-12 2.9514E-11 1.0374E-10 2.0462E-10 3.3760E-10 5.1833E-10 7.3718E-10 1.0197E-09 1.3875E-09 1.8699E-09 2.4833E-09 3.2710E-09 4.2397E-09 5.4372E-09 6.8672E-09 8.5241E-09 1.0423E-08 1.3036E-08 1.5994E-08 1.9258E-08 2.2702E-08 2.6068E-08 2.8925E-08 3.0810E-08 3.1363E-08 3.0483E-08 2.8262E-08 2.5024E-08 2.1182E-08 1.7143E-08 1.3253E-08 9.8535E-09 7.0469E-09 4.8592E-09 3.2540E-09 2.0944E-09 1.3021E-09 7.9015E-10 4.5916E-10 2.4662E-10 1.2950E-10 5.3850E-11 2.4454E-11 1.1668E-11 0.0000E+00 0.0000E+00 0.0000E+00 0.0000E+00 0.0000E+00 0.0000E+00 0.0000E+00 0.0000E+00
0.0000E+00 0.0000E+00 0.0000E+00 0.0000E+00 0.0000E+00 4.0560E-13 4.2265E-12 1.2623E-11 6.7833E-11 1.5436E-10 2.7683E-10 4.4704E-10 6.6267E-10 9.3927E-10 1.3059E-09 1.7850E-09 2.4131E-09 3.2117E-09 4.2357E-09 5.4866E-09 7.0029E-09 8.8421E-09 1.1590E-08 1.4923E-08 1.8878E-08 2.3329E-08 2.7892E-08 3.1911E-08 3.4720E-08 3.5808E-08 3.5009E-08 3.2446E-08 2.8569E-08 2.3941E-08 1.9076E-08 1.4567E-08 1.0693E-08 7.5608E-09 5.1403E-09 3.3948E-09 2.1675E-09 1.3365E-09 7.9553E-10 4.5841E-10 2.4619E-10 1.3402E-10 5.2004E-11 2.4297E-11 1.1877E-11 0.0000E+00 0.0000E+00 0.0000E+00 0.0000E+00 0.0000E+00 0.0000E+00 0.0000E+00 0.0000E+00
0.0000E+00 0.0000E+00 0.0000E+00 0.0000E+00 0.0000E+00 0.0000E+00 0.0000E+00 9.9824E-13 4.5354E-12 3.8497E-11 1.0832E-10 2.2132E-10 3.7941E-10 5.8989E-10 8.6142E-10 1.2188E-09 1.7028E-09 2.3359E-09 3.1707E-09 4.2284E-09 5.5571E-09 7.4304E-09 1.0227E-08 1.3902E-08 1.8685E-08 2.4320E-08 3.0278E-08 3.5651E-08 3.9473E-08 4.1042E-08 4.0087E-08 3.6915E-08 3.2142E-08 2.6439E-08 2.0744E-08 1.5599E-08 1.1264E-08 7.8482E-09 5.2676E-09 3.4224E-09 2.1540E-09 1.3084E-09 7.7071E-10 4.4493E-10 2.2807E-10 1.2360E-10 5.0156E-11 2.3136E-11 1.1628E-11 0.0000E+00 0.0000E+00 0.0000E+00 0.0000E+00 0.0000E+00 0.0000E+00 0.0000E+00 0.0000E+00
0.0000E+00 0.0000E+00 0.0000E+00 0.0000E+00 0.0000E+00 0.0000E+00 0.0000E+00 0.0000E+00 0.0000E+00 1.3813E-13 1.6319E-11 7.6407E-11 1.7847E-10 3.2185E-10 5.2544E-10 7.9115E-10 1.1503E-09 1.6294E-09 2.2826E-09 3.1330E-09 4.2568E-09 5.9918E-09 8.9187E-09 1.3088E-08 1.8820E-08 2.5884E-08 3.3518E-08 4.0428E-08 4.5246E-08 4.7029E-08 4.5638E-08 4.1433E-08 3.5281E-08 2.8499E-08 2.1950E-08 1.6187E-08 1.1467E-08 7.8521E-09 5.1823E-09 3.3009E-09 2.0541E-09 1.2372E-09 7.0529E-10 4.0220E-10 2.0586E-10 1.0842E-10 4.1541E-11 2.0863E-11 1.2052E-11 0.0000E+00 0.0000E+00 0.0000E+00 0.0000E+00 0.0000E+00 0.0000E+00 0.0000E+00 0.0000E+00
0.0000E+00 0.0000E+00 0.0000E+00 0.0000E+00 0.0000E+00 0.0000E+00 0.0000E+00 0.0000E+00 0.0000E+00 0.0000E+00 0.0000E+00 4.9541E-12 5.6578E-11 1.4286E-10 2.7529E-10 4.6657E-10 7.2567E-10 1.0803E-09 1.5710E-09 2.2308E-09 3.1766E-09 4.7506E-09 7.8215E-09 1.2595E-08 1.9512E-08 2.8367E-08 3.7974E-08 4.6470E-08 5.2057E-08 5.3722E-08 5.1205E-08 4.5354E-08 3.7806E-08 2.9830E-08 2.2429E-08 1.6191E-08 1.1214E-08 7.5034E-09 4.8783E-09 3.0482E-09 1.8555E-09 1.0957E-09 6.1776E-10 3.4382E-10 1.6893E-10 8.7946E-11 3.1444E-11 1.5458E-11 4.8399E-12 0.0000E+00 0.0000E+00 0.0000E+00 0.0000E+00 0.0000E+00 0.0000E+00 0.0000E+00 0.0000E+00
0.0000E+00 0.0000E+00 0.0000E+00 0.0000E+00 0.0000E+00 0.0000E+00 0.0000E+00 0.0000E+00 0.0000E+00 0.0000E+00 0.0000E+00 0.0000E+00 2.1281E-13 3.9129E-11 1.1549E-10 2.3680E-10 4.1838E-10 6.7433E-10 1.0296E-09 1.5188E-09 2.2676E-09 3.8322E-09 6.9141E-09 1.2512E-08 2.1012E-08 3.2083E-08 4.3906E-08 5.3944E-08 5.9927E-08 6.0506E-08 5.6108E-08 4.8426E-08 3.9199E-08 3.0045E-08 2.1990E-08 1.5448E-08 1.0461E-08 6.8248E-09 4.3458E-09 2.6696E-09 1.5909E-09 9.2189E-10 5.0349E-10 2.7644E-10 1.3173E-10 6.5743E-11 2.3047E-11 7.6241E-12 0.0000E+00 0.0000E+00 0.0000E+00 0.0000E+00 0.0000E+00 0.0000E+00 0.0000E+00 0.0000E+00 0.0000E+00
0.0000E+00 0.0000E+00 0.0000E+00 0.0000E+00 0.0000E+00 0.0000E+00 0.0000E+00 0.0000E+00 0.0000E+00 0.0000E+00 0.0000E+00 0.0000E+00 0.0000E+00 0.0000E+00 2.3578E-11 8.8812E-11 2.0153E-10 3.7193E-10 6.1813E-10 9.6715E-10 1.5619E-09 2.9710E-09 6.4658E-09 1.3021E-08 2.3770E-08 3.7671E-08 5.2079E-08 6.3359E-08 6.8555E-08 6.7043E-08 6.0079E-08 4.9947E-08 3.9018E-08 2.8914E-08 2.0469E-08 1.3950E-08 9.2061E-09 5.8615E-09 3.6491E-09 2.1892E-09 1.2746E-09 7.2444E-10 3.8471E-10 1.9941E-10 9.0842E-11 2.9969E-11 6.9815E-12 0.0000E+00 0.0000E+00 0.0000E+00 0.0000E+00 0.0000E+00 0.0000E+00 0.0000E+00 0.0000E+00 0.0000E+00 0.0000E+00
0.0000E+00 0.0000E+00 0.0000E+00 0.0000E+00 0.0000E+00 0.0000E+00 0.0000E+00 0.0000E+00 0.0000E+00 0.0000E+00 0.0000E+00 0.0000E+00 0.0000E+00 0.0000E+00 1.8505E-13 1.6979E-11 6.5933E-11 1.6488E-10 3.2117E-10 5.5337E-10 1.0655E-09 2.3117E-09 6.4218E-09 1.4578E-08 2.8182E-08 4.5663E-08 6.2751E-08 7.4332E-08 7.7562E-08 7.2608E-08 6.2104E-08 4.9362E-08 3.6896E-08 2.6249E-08 1.7916E-08 1.1798E-08 7.5670E-09 4.6793E-09 2.8401E-09 1.6629E-09 9.4284E-10 5.1093E-10 2.6069E-10 1.1879E-10 4.1987E-11 7.9958E-12 0.0000E+00 0.0000E+00 0.0000E+00 0.0000E+00 0.0000E+00 0.0000E+00 0.0000E+00 0.0000E+00 0.0000E+00 0.0000E+00 0.0000E+00
0.0000E+00 0.0000E+00 0.0000E+00 0.0000E+00 0.0000E+00 0.0000E+00 0.0000E+00 0.0000E+00 0.0000E+00 0.0000E+00 0.0000E+00 0.0000E+00 0.0000E+00 0.0000E+00 0.0000E+00 2.4506E-12 1.4514E-11 4.8674E-11 1.2791E-10 2.6533E-10 6.6969E-10 1.8579E-09 6.6891E-09 1.7381E-08 3.5174E-08 5.7358E-08 7.6969E-08 8.7388E-08 8.6396E-08 7.6291E-08 6.1559E-08 4.6218E-08 3.2793E-08 2.2245E-08 1.4546E-08 9.2253E-09 5.7196E-09 3.4333E-09 2.0255E-09 1.1358E-09 6.1933E-10 3.1387E-10 1.3823E-10 4.7697E-11 5.7714E-12 0.0000E+00 0.0000E+00 0.0000E+00 0.0000E+00 0.0000E+00 0.0000E+00 0.0000E+00 0.0000E+00 0.0000E+00 0.0000E+00 0.0000E+00 0.0000E+00
0.0000E+00 0.0000E+00 0.0000E+00 0.0000E+00 0.0000E+00 0.0000E+00 0.0000E+00 0.0000E+00 0.0000E+00 0.0000E+00 0.0000E+00 0.0000E+00 0.0000E+00 0.0000E+00 0.0000E+00 0.0000E+00 1.6067E-12 1.0077E-11 3.5966E-11 8.9468E-11 3.6130E-10 1.6419E-09 7.4612E-09 2.1856E-08 4.5985E-08 7.4160E-08 9.5309E-08 1.0191E-07 9.3948E-08 7.7132E-08 5.7848E-08 4.0539E-08 2.7048E-08 1.7431E-08 1.0812E-08 6.5636E-09 3.9333E-09 2.2577E-09 1.2633E-09 6.7243E-10 3.3944E-10 1.3795E-10 4.5775E-11 6.3325E-12 0.0000E+00 0.0000E+00 0.0000E+00 0.0000E+00 0.0000E+00 0.0000E+00 0.0000E+00 0.0000E+00 0.0000E+00 0.0000E+00 0.0000E+00 0.0000E+00 0.0000E+00
0.0000E+00 0.0000E+00 0.0000E+00 0.0000E+00 0.0000E+00 0.0000E+00 0.0000E+00 0.0000E+00 0.0000E+00 0.0000E+00 0.0000E+00 0.0000E+00 0.0000E+00 0.0000E+00 0.0000E+00 0.0000E+00 0.0000E+00 1.3469E-13 3.7419E-12 1.7265E-11 1.8398E-10 1.3367E-09 9.2200E-09 2.9201E-08 6.2615E-08 9.7749E-08 1.1811E-07 1.1677E-07 9.8834E-08 7.4241E-08 5.0961E-08 3.2839E-08 2.0291E-08 1.2166E-08 7.2237E-09 4.1788E-09 2.3786E-09 1.2704E-09 6.7291E-10 3.1318E-10 1.1846E-10 3.2173E-11 6.2803E-12 3.0121E-12 0.0000E+00 0.0000E+00 0.0000E+00 0.0000E+00 0.0000E+00 0.0000E+00 0.0000E+00 0.0000E+00 0.0000E+00 0.0000E+00 0.0000E+00 0.0000E+00 0.0000E+00
0.0000E+00 0.0000E+00 0.0000E+00 0.0000E+00 0.0000E+00 0.0000E+00 0.0000E+00 0.0000E+00 0.0000E+00 0.0000E+00 0.0000E+00 0.0000E+00 0.0000E+00 0.0000E+00 0.0000E+00 0.0000E+00 0.0000E+00 0.0000E+00 0.0000E+00 1.7548E-13 8.1122E-11 9.9898E-10 1.1619E-08 4.0190E-08 8.7490E-08 1.3071E-07 1.4726E-07 1.3388E-07 1.0251E-07 6.8494E-08 4.1368E-08 2.3626E-08 1.3228E-08 7.4604E-09 4.2190E-09 2.2868E-09 1.2116E-09 5.8165E-10 2.4637E-10 9.0737E-11 3.3280E-11 5.6274E-12 5.0390E-13 0.0000E+00 0.0000E+00 0.0000E+00 0.0000E+00 0.0000E+00 0.0000E+00 0.0000E+00 0.0000E+00 0.0000E+00 0.0000E+00 0.0000E+00 0.0000E+00 0.0000E+00 0.0000E+00
0.0000E+00 0.0000E+00 0.0000E+00 0.0000E+00 0.0000E+00 0.0000E+00 0.0000E+00 0.0000E+00 0.0000E+00 0.0000E+00 0.0000E+00 0.0000E+00 0.0000E+00 0.0000E+00 0.0000E+00 0.0000E+00 0.0000E+00 0.0000E+00 0.0000E+00 0.0000E+00 4.2458E-11 8.9203E-10 1.4773E-08 5.8636E-08 1.2658E-07 1.7765E-07 1.8657E-07 1.5746E-07 1.0800E-07 6.0627E-08 2.9717E-08 1.4124E-08 7.2369E-09 3.8539E-09 2.0109E-09 1.0118E-09 4.6366E-10 2.0762E-10 8.6728E-11 3.0809E-11 7.0283E-12 0.0000E+00 0.0000E+00 0.0000E+00 0.0000E+00 0.0000E+00 0.0000E+00 0.0000E+00 0.0000E+00 0.0000E+00 0.0000E+00 0.0000E+00 0.0000E+00 0.0000E+00 0.0000E+00 0.0000E+00 0.0000E+00
0.0000E+00 0.0000E+00 0.0000E+00 0.0000E+00 0.0000E+00 0.0000E+00 0.0000E+00 0.0000E+00 0.0000E+00 0.0000E+00 0.0000E+00 0.0000E+00 0.0000E+00 0.0000E+00 0.0000E+00 0.0000E+00 0.0000E+00 0.0000E+00 0.0000E+00 0.0000E+00 1.1250E-11 1.6193E-09 1.9279E-08 8.7318E-08 1.7913E-07 2.3899E-07 2.5274E-07 2.0758E-07 1.1870E-07 4.6003E-08 1.4963E-08 6.1877E-09 3.1448E-09 1.5538E-09 7.1578E-10 3.4601E-10 1.6386E-10 7.4295E-11 2.1054E-11 6.9086E-13 0.0000E+00 0.0000E+00 0.0000E+00 0.0000E+00 0.0000E+00 0.0000E+00 0.0000E+00 0.0000E+00 0.0000E+00 0.0000E+00 0.0000E+00 0.0000E+00 0.0000E+00 0.0000E+00 0.0000E+00 0.0000E+00 0.0000E+00
0.0000E+00 0.0000E+00 0.0000E+00 0.0000E+00 0.0000E+00 0.0000E+00 0.0000E+00 0.0000E+00 0.0000E+00 0.0000E+00 0.0000E+00 0.0000E+00 0.0000E+00 0.0000E+00 0.0000E+00 0.0000E+00 0.0000E+00 0.0000E+00 0.0000E+00 0.0000E+00 1.2293E-12 9.1382E-10 2.6490E-08 1.3856E-07 2.4891E-07 3.2433E-07 3.7201E-07 3.0753E-07 1.2169E-07 2.0027E-08 4.3010E-09 2.1052E-09 9.5432E-10 4.9262E-10 2.4110E-10 1.1336E-10 4.5526E-11 1.1846E-11 0.0000E+00 0.0000E+00 0.0000E+00 0.0000E+00 0.0000E+00 0.0000E+00 0.0000E+00 0.0000E+00 0.0000E+00 0.0000E+00 0.0000E+00 0.0000E+00 0.0000E+00 0.0000E+00 0.0000E+00 0.0000E+00 0.0000E+00 0.0000E+00 0.0000E+00
0.0000E+00 0.0000E+00 0.0000E+00 0.0000E+00 0.0000E+00 0.0000E+00 0.0000E+00 0.0000E+00 0.0000E+00 0.0000E+00 0.0000E+00 0.0000E+00 0.0000E+00 0.0000E+00 0.0000E+00 0.0000E+00 0.0000E+00 0.0000E+00 0.0000E+00 0.0000E+00 0.0000E+00 8.0378E-10 5.0853E-08 2.2314E-07 3.4083E-07 4.3098E-07 4.9321E-07 4.3863E-07 8.5715E-08 2.3572E-09 1.1249E-09 5.6933E-10 2.8336E-10 1.3261E-10 5.2847E-11 1.1863E-11 6.8582E-13 0.0000E+00 0.0000E+00 0.0000E+00 0.0000E+00 0.0000E+00 0.0000E+00 0.0000E+00 0.0000E+00 0.0000E+00 0.0000E+00 0.0000E+00 0.0000E+00 0.0000E+00 0.0000E+00 0.0000E+00 0.0000E+00 0.0000E+00 0.0000E+00 0.0000E+00 0.0000E+00
0.0000E+00 0.0000E+00 0.0000E+00 0.0000E+00 0.0000E+00 0.0000E+00 0.0000E+00 0.0000E+00 0.0000E+00 0.0000E+00 0.0000E+00 0.0000E+00 0.0000E+00 0.0000E+00 0.0000E+00 0.0000E+00 0.0000E+00 0.0000E+00 0.0000E+00 0.0000E+00 0.0000E+00 5.9606E-09 1.2727E-07 3.3546E-07 4.2624E-07 4.9987E-07 5.9434E-07 5.7327E-07 8.4386E-08 4.0954E-10 1.8934E-10 7.1241E-11 1.8702E-11 1.7969E-12 0.0000E+00 0.0000E+00 0.0000E+00 0.0000E+00 0.0000E+00 0.0000E+00 0.0000E+00 0.0000E+00 0.0000E+00 0.0000E+00 0.0000E+00 0.0000E+00 0.0000E+00 0.0000E+00 0.0000E+00 0.0000E+00 0.0000E+00 0.0000E+00 0.0000E+00 0.0000E+00 0.0000E+00 0.0000E+00 0.0000E+00
0.0000E+00 0.0000E+00 0.0000E+00 0.0000E+00 0.0000E+00 0.0000E+00 0.0000E+00 0.0000E+00 0.0000E+00 0.0000E+00 0.0000E+00 0.0000E+00 0.0000E+00 0.0000E+00 0.0000E+00 0.0000E+00 0.0000E+00 0.0000E+00 0.0000E+00 0.0000E+00 0.0000E+00 1.7677E-08 2.6097E-07 4.2740E-07 5.1200E-07 6.2659E-07 8.6357E-07 6.2710E-07 2.3308E-08 8.9791E-12 5.2856E-14 0.0000E+00 0.0000E+00 0.0000E+00 0.0000E+00 0.0000E+00 0.0000E+00 0.0000E+00 0.0000E+00 0.0000E+00 0.0000E+00 0.0000E+00 0.0000E+00 0.0000E+00 0.0000E+00 0.0000E+00 0.0000E+00 0.0000E+00 0.0000E+00 0.0000E+00 0.0000E+00 0.0000E+00 0.0000E+00 0.0000E+00 0.0000E+00 0.0000E+00 0.0000E+00
