Assets/Resources/2015_m01_d31_1000(utc+0800)_l00_csi_1hr_conc.grd
DSAA
         159         159
     -79.000      79.000
     -79.000      79.000
  0.0000E+00  0.1080E-05
[rows 0 to 24 of 159, columns 57 to 113 of 159]
2.1458E-09 2.4731E-09 2.8277E-09 3.2096E-09 3.6160E-09 4.0424E-09 4.4837E-09 4.9347E-09 5.3896E-09 5.8418E-09 6.2832E-09 6.7049E-09 7.0990E-09 7.4581E-09 7.7734E-09 8.0373E-09 8.2438E-09 8.3875E-09 8.4654E-09 8.4752E-09 8.4162E-09 8.2898E-09 8.0988E-09 7.8488E-09 7.5442E-09 7.1920E-09 6.8002E-09 6.3776E-09 5.9328E-09 5.4739E-09 5.0095E-09 4.5466E-09 4.0938E-09 3.6555E-09 3.2375E-09 2.8441E-09 2.4775E-09 2.1424E-09 1.8352E-09 1.5608E-09 1.3154E-09 1.0979E-09 9.0970E-10 7.4634E-10 6.0554E-10 4.8605E-10 3.8956E-10 3.0797E-10 2.4233E-10 1.8677E-10 1.4383E-10 9.9936E-11 6.7688E-11 2.0942E-11 3.5885E-12 0.0000E+00 0.0000E+00
2.2443E-09 2.5897E-09 2.9662E-09 3.3722E-09 3.8036E-09 4.2565E-09 4.7274E-09 5.2108E-09 5.6989E-09 6.1844E-09 6.6592E-09 7.1132E-09 7.5376E-09 7.9237E-09 8.2620E-09 8.5466E-09 8.7698E-09 8.9257E-09 9.0103E-09 9.0212E-09 8.9583E-09 8.8232E-09 8.6185E-09 8.3490E-09 8.0215E-09 7.6431E-09 7.2225E-09 6.7686E-09 6.2913E-09 5.7992E-09 5.3021E-09 4.8073E-09 4.3227E-09 3.8555E-09 3.4108E-09 2.9927E-09 2.6059E-09 2.2481E-09 1.9266E-09 1.6347E-09 1.3772E-09 1.1495E-09 9.5082E-10 7.7844E-10 6.3141E-10 5.0497E-10 4.0409E-10 3.1974E-10 2.5012E-10 1.9331E-10 1.4801E-10 1.0726E-10 7.2164E-11 2.1314E-11 3.5434E-12 0.0000E+00 0.0000E+00
2.3359E-09 2.7007E-09 3.0987E-09 3.5266E-09 3.9827E-09 4.4642E-09 4.9657E-09 5.4810E-09 6.0018E-09 6.5195E-09 7.0255E-09 7.5108E-09 7.9663E-09 8.3811E-09 8.7458E-09 9.0517E-09 9.2914E-09 9.4585E-09 9.5500E-09 9.5622E-09 9.4946E-09 9.3490E-09 9.1289E-09 8.8401E-09 8.4892E-09 8.0837E-09 7.6335E-09 7.1486E-09 6.6390E-09 6.1139E-09 5.5837E-09 5.0574E-09 4.5436E-09 4.0478E-09 3.5763E-09 3.1340E-09 2.7237E-09 2.3501E-09 2.0082E-09 1.7050E-09 1.4329E-09 1.1945E-09 9.8907E-10 8.0932E-10 6.5464E-10 5.2089E-10 4.1560E-10 3.3001E-10 2.5671E-10 2.0003E-10 1.5166E-10 1.0917E-10 7.5763E-11 2.3470E-11 3.3591E-12 0.0000E+00 0.0000E+00
2.4207E-09 2.8036E-09 3.2204E-09 3.6713E-09 4.1542E-09 4.6640E-09 5.1947E-09 5.7393E-09 6.2914E-09 6.8428E-09 7.3827E-09 7.9008E-09 8.3864E-09 8.8284E-09 9.2167E-09 9.5432E-09 9.7991E-09 9.9778E-09 1.0075E-08 1.0088E-08 1.0016E-08 9.8623E-09 9.6276E-09 9.3191E-09 8.9444E-09 8.5122E-09 8.0325E-09 7.5161E-09 6.9734E-09 6.4160E-09 5.8535E-09 5.2959E-09 4.7516E-09 4.2280E-09 3.7311E-09 3.2660E-09 2.8353E-09 2.4405E-09 2.0860E-09 1.7657E-09 1.4853E-09 1.2363E-09 1.0215E-09 8.3508E-10 6.7512E-10 5.3418E-10 4.2702E-10 3.3707E-10 2.6329E-10 2.0387E-10 1.5443E-10 1.1281E-10 7.9615E-11 2.4018E-11 3.0021E-12 0.0000E+00 0.0000E+00
2.4960E-09 2.8950E-09 3.3323E-09 3.8071E-09 4.3148E-09 4.8508E-09 5.4108E-09 5.9878E-09 6.5731E-09 7.1567E-09 7.7281E-09 8.2759E-09 8.7904E-09 9.2596E-09 9.6732E-09 1.0021E-08 1.0293E-08 1.0485E-08 1.0589E-08 1.0602E-08 1.0525E-08 1.0360E-08 1.0110E-08 9.7822E-09 9.3842E-09 8.9250E-09 8.4159E-09 7.8685E-09 7.2942E-09 6.7041E-09 6.1091E-09 5.5203E-09 4.9467E-09 4.3960E-09 3.8740E-09 3.3857E-09 2.9349E-09 2.5232E-09 2.1512E-09 1.8203E-09 1.5274E-09 1.2721E-09 1.0491E-09 8.5789E-10 6.9079E-10 5.4556E-10 4.3465E-10 3.4261E-10 2.6746E-10 2.0640E-10 1.5626E-10 1.1619E-10 8.3258E-11 2.3206E-11 2.5447E-12 0.0000E+00 0.0000E+00
2.5600E-09 2.9761E-09 3.4335E-09 3.9291E-09 4.4602E-09 5.0231E-09 5.6120E-09 6.2186E-09 6.8340E-09 7.4485E-09 8.0517E-09 8.6320E-09 9.1768E-09 9.6735E-09 1.0112E-08 1.0480E-08 1.0768E-08 1.0970E-08 1.1079E-08 1.1092E-08 1.1011E-08 1.0836E-08 1.0571E-08 1.0223E-08 9.8010E-09 9.3153E-09 8.7775E-09 8.1992E-09 7.5930E-09 6.9712E-09 6.3460E-09 5.7275E-09 5.1252E-09 4.5473E-09 4.0019E-09 3.4932E-09 3.0232E-09 2.5954E-09 2.2101E-09 1.8661E-09 1.5642E-09 1.2998E-09 1.0717E-09 8.7466E-10 7.0404E-10 5.5343E-10 4.4014E-10 3.4580E-10 2.7038E-10 2.0753E-10 1.5683E-10 1.1612E-10 8.2087E-11 2.2782E-11 2.0090E-12 0.0000E+00 0.0000E+00
2.6140E-09 3.0458E-09 3.5203E-09 4.0358E-09 4.5904E-09 5.1793E-09 5.7954E-09 6.4308E-09 7.0774E-09 7.7247E-09 8.3601E-09 8.9711E-09 9.5447E-09 1.0067E-08 1.0528E-08 1.0915E-08 1.1218E-08 1.1430E-08 1.1545E-08 1.1559E-08 1.1471E-08 1.1286E-08 1.1006E-08 1.0639E-08 1.0194E-08 9.6822E-09 9.1159E-09 8.5079E-09 7.8716E-09 7.2193E-09 6.5626E-09 5.9148E-09 5.2862E-09 4.6837E-09 4.1143E-09 3.5849E-09 3.0980E-09 2.6543E-09 2.2563E-09 1.9032E-09 1.5913E-09 1.3213E-09 1.0871E-09 8.8721E-10 7.1230E-10 5.5662E-10 4.4200E-10 3.4691E-10 2.7054E-10 2.0675E-10 1.5516E-10 1.1476E-10 8.1845E-11 2.0687E-11 1.4166E-12 0.0000E+00 0.0000E+00
2.6564E-09 3.1018E-09 3.5920E-09 4.1275E-09 4.7039E-09 5.3159E-09 5.9579E-09 6.6224E-09 7.2995E-09 7.9775E-09 8.6429E-09 9.2826E-09 9.8845E-09 1.0435E-08 1.0920E-08 1.1327E-08 1.1645E-08 1.1867E-08 1.1987E-08 1.1999E-08 1.1907E-08 1.1709E-08 1.1412E-08 1.1025E-08 1.0557E-08 1.0019E-08 9.4247E-09 8.7868E-09 8.1205E-09 7.4391E-09 6.7552E-09 6.0806E-09 5.4247E-09 4.7987E-09 4.2096E-09 3.6612E-09 3.1587E-09 2.7020E-09 2.2920E-09 1.9283E-09 1.6107E-09 1.3334E-09 1.0977E-09 8.9425E-10 7.1443E-10 5.5945E-10 4.4045E-10 3.4634E-10 2.6806E-10 2.0502E-10 1.5216E-10 1.1278E-10 8.0582E-11 1.7870E-11 8.1543E-13 0.0000E+00 0.0000E+00
2.6863E-09 3.1431E-09 3.6493E-09 4.2017E-09 4.7979E-09 5.4328E-09 6.1008E-09 6.7930E-09 7.4980E-09 8.2042E-09 8.8998E-09 9.5700E-09 1.0200E-08 1.0776E-08 1.1283E-08 1.1708E-08 1.2042E-08 1.2274E-08 1.2397E-08 1.2409E-08 1.2310E-08 1.2101E-08 1.1790E-08 1.1384E-08 1.0891E-08 1.0326E-08 9.7036E-09 9.0374E-09 8.3425E-09 7.6324E-09 6.9211E-09 6.2209E-09 5.5432E-09 4.8950E-09 4.2857E-09 3.7213E-09 3.2026E-09 2.7346E-09 2.3146E-09 1.9449E-09 1.6201E-09 1.3401E-09 1.0987E-09 8.9449E-10 7.1534E-10 5.5642E-10 4.3661E-10 3.4188E-10 2.6415E-10 2.0096E-10 1.4801E-10 1.0923E-10 7.5821E-11 1.4429E-11 3.4990E-13 0.0000E+00 0.0000E+00
2.7027E-09 3.1713E-09 3.6903E-09 4.2585E-09 4.8727E-09 5.5298E-09 6.2218E-09 6.9393E-09 7.6724E-09 8.4089E-09 9.1340E-09 9.8333E-09 1.0491E-08 1.1092E-08 1.1622E-08 1.2066E-08 1.2414E-08 1.2655E-08 1.2782E-08 1.2793E-08 1.2687E-08 1.2466E-08 1.2138E-08 1.1710E-08 1.1194E-08 1.0604E-08 9.9533E-09 9.2582E-09 8.5348E-09 7.7971E-09 7.0594E-09 6.3348E-09 5.6343E-09 4.9685E-09 4.3427E-09 3.7626E-09 3.2338E-09 2.7544E-09 2.3268E-09 1.9496E-09 1.6205E-09 1.3361E-09 1.0940E-09 8.8878E-10 7.0899E-10 5.4932E-10 4.3036E-10 3.3558E-10 2.5842E-10 1.9479E-10 1.4309E-10 1.0490E-10 6.9337E-11 1.0627E-11 7.4324E-14 0.0000E+00 0.0000E+00
2.7083E-09 3.1852E-09 3.7149E-09 4.2971E-09 4.9297E-09 5.6062E-09 6.3200E-09 7.0622E-09 7.8221E-09 8.5864E-09 9.3395E-09 1.0066E-08 1.0750E-08 1.1377E-08 1.1929E-08 1.2393E-08 1.2755E-08 1.3006E-08 1.3137E-08 1.3145E-08 1.3032E-08 1.2800E-08 1.2454E-08 1.2004E-08 1.1463E-08 1.0847E-08 1.0169E-08 9.4460E-09 8.6945E-09 7.9306E-09 7.1698E-09 6.4234E-09 5.7035E-09 5.0186E-09 4.3785E-09 3.7863E-09 3.2451E-09 2.7591E-09 2.3236E-09 1.9433E-09 1.6104E-09 1.3248E-09 1.0818E-09 8.7741E-10 7.0018E-10 5.3885E-10 4.2091E-10 3.2706E-10 2.5096E-10 1.8736E-10 1.3743E-10 9.9172E-11 6.0498E-11 7.2707E-12 0.0000E+00 0.0000E+00 0.0000E+00
2.7010E-09 3.1846E-09 3.7249E-09 4.3209E-09 4.9680E-09 5.6618E-09 6.3961E-09 7.1621E-09 7.9472E-09 8.7374E-09 9.5190E-09 1.0275E-08 1.0987E-08 1.1638E-08 1.2212E-08 1.2693E-08 1.3067E-08 1.3325E-08 1.3460E-08 1.3467E-08 1.3345E-08 1.3099E-08 1.2736E-08 1.2266E-08 1.1702E-08 1.1059E-08 1.0354E-08 9.6042E-09 8.8266E-09 8.0368E-09 7.2500E-09 6.4829E-09 5.7458E-09 5.0470E-09 4.3938E-09 3.7913E-09 3.2425E-09 2.7494E-09 2.3106E-09 1.9251E-09 1.5928E-09 1.3062E-09 1.0625E-09 8.5918E-10 6.8318E-10 5.2442E-10 4.0843E-10 3.1640E-10 2.4139E-10 1.7881E-10 1.3056E-10 9.0386E-11 5.0995E-11 4.3400E-12 0.0000E+00 0.0000E+00 0.0000E+00
2.6824E-09 3.1725E-09 3.7211E-09 4.3263E-09 4.9865E-09 5.6975E-09 6.4517E-09 7.2387E-09 8.0471E-09 8.8636E-09 9.6714E-09 1.0453E-08 1.1191E-08 1.1866E-08 1.2462E-08 1.2961E-08 1.3351E-08 1.3618E-08 1.3755E-08 1.3759E-08 1.3629E-08 1.3369E-08 1.2989E-08 1.2497E-08 1.1908E-08 1.1239E-08 1.0506E-08 9.7286E-09 8.9255E-09 8.1137E-09 7.3078E-09 6.5191E-09 5.7640E-09 5.0510E-09 4.3876E-09 3.7767E-09 3.2207E-09 2.7241E-09 2.2843E-09 1.8957E-09 1.5623E-09 1.2773E-09 1.0370E-09 8.3537E-10 6.6382E-10 5.0708E-10 3.9343E-10 3.0428E-10 2.2985E-10 1.6908E-10 1.2184E-10 8.0538E-11 4.0686E-11 2.1620E-12 0.0000E+00 0.0000E+00 0.0000E+00
2.6529E-09 3.1472E-09 3.7026E-09 4.3172E-09 4.9897E-09 5.7145E-09 6.4849E-09 7.2921E-09 8.1238E-09 8.9651E-09 9.7990E-09 1.0608E-08 1.1373E-08 1.2074E-08 1.2691E-08 1.3208E-08 1.3611E-08 1.3885E-08 1.4025E-08 1.4025E-08 1.3887E-08 1.3614E-08 1.3214E-08 1.2701E-08 1.2088E-08 1.1392E-08 1.0634E-08 9.8301E-09 9.0002E-09 8.1626E-09 7.3332E-09 6.5293E-09 5.7589E-09 5.0337E-09 4.3600E-09 3.7441E-09 3.1856E-09 2.6848E-09 2.2453E-09 1.8594E-09 1.5256E-09 1.2434E-09 1.0039E-09 8.0543E-10 6.3692E-10 4.8535E-10 3.7656E-10 2.8970E-10 2.1696E-10 1.5722E-10 1.1102E-10 6.8738E-11 3.0689E-11 7.3430E-13 0.0000E+00 0.0000E+00 0.0000E+00
2.6155E-09 3.1122E-09 3.6707E-09 4.2921E-09 4.9730E-09 5.7108E-09 6.4982E-09 7.3246E-09 8.1778E-09 9.0425E-09 9.9019E-09 1.0735E-08 1.1524E-08 1.2247E-08 1.2886E-08 1.3422E-08 1.3838E-08 1.4122E-08 1.4266E-08 1.4264E-08 1.4118E-08 1.3832E-08 1.3414E-08 1.2878E-08 1.2240E-08 1.1518E-08 1.0732E-08 9.9021E-09 9.0481E-09 8.1873E-09 7.3392E-09 6.5150E-09 5.7311E-09 4.9947E-09 4.3143E-09 3.6925E-09 3.1320E-09 2.6322E-09 2.1911E-09 1.8099E-09 1.4808E-09 1.1996E-09 9.6526E-10 7.7082E-10 6.0583E-10 4.6089E-10 3.5771E-10 2.7306E-10 2.0189E-10 1.4341E-10 9.7946E-11 5.5795E-11 2.1236E-11 6.5016E-14 0.0000E+00 0.0000E+00 0.0000E+00
2.5691E-09 3.0668E-09 3.6285E-09 4.2554E-09 4.9439E-09 5.6928E-09 6.4934E-09 7.3360E-09 8.2089E-09 9.0960E-09 9.9795E-09 1.0839E-08 1.1654E-08 1.2402E-08 1.3064E-08 1.3617E-08 1.4047E-08 1.4340E-08 1.4485E-08 1.4481E-08 1.4327E-08 1.4026E-08 1.3591E-08 1.3033E-08 1.2370E-08 1.1621E-08 1.0806E-08 9.9495E-09 9.0693E-09 8.1867E-09 7.3175E-09 6.4800E-09 5.6829E-09 4.9368E-09 4.2493E-09 3.6257E-09 3.0654E-09 2.5672E-09 2.1314E-09 1.7512E-09 1.4272E-09 1.1522E-09 9.2289E-10 7.3140E-10 5.7135E-10 4.3413E-10 3.3698E-10 2.5386E-10 1.8477E-10 1.2910E-10 8.3892E-11 4.3377E-11 1.3591E-11 0.0000E+00 0.0000E+00 0.0000E+00 0.0000E+00
2.5165E-09 3.0127E-09 3.5753E-09 4.2049E-09 4.8999E-09 5.6581E-09 6.4709E-09 7.3304E-09 8.2224E-09 9.1314E-09 1.0039E-08 1.0923E-08 1.1763E-08 1.2536E-08 1.3218E-08 1.3790E-08 1.4235E-08 1.4538E-08 1.4689E-08 1.4683E-08 1.4520E-08 1.4205E-08 1.3750E-08 1.3169E-08 1.2481E-08 1.1705E-08 1.0863E-08 9.9776E-09 9.0731E-09 8.1671E-09 7.2797E-09 6.4228E-09 5.6141E-09 4.8614E-09 4.1697E-09 3.5424E-09 2.9841E-09 2.4900E-09 2.0593E-09 1.6854E-09 1.3688E-09 1.1016E-09 8.7489E-10 6.8789E-10 5.3422E-10 4.0512E-10 3.1349E-10 2.3312E-10 1.6604E-10 1.1253E-10 6.8350E-11 3.0738E-11 7.4093E-12 0.0000E+00 0.0000E+00 0.0000E+00 0.0000E+00
2.4564E-09 2.9509E-09 3.5139E-09 4.1462E-09 4.8464E-09 5.6120E-09 6.4370E-09 7.3114E-09 8.2201E-09 9.1483E-09 1.0077E-08 1.0986E-08 1.1851E-08 1.2648E-08 1.3353E-08 1.3945E-08 1.4406E-08 1.4719E-08 1.4872E-08 1.4863E-08 1.4691E-08 1.4363E-08 1.3889E-08 1.3284E-08 1.2568E-08 1.1763E-08 1.0894E-08 9.9830E-09 9.0516E-09 8.1246E-09 7.2177E-09 6.3495E-09 5.5289E-09 4.7683E-09 4.0737E-09 3.4486E-09 2.8911E-09 2.4034E-09 1.9778E-09 1.6142E-09 1.3026E-09 1.0405E-09 8.2428E-10 6.4011E-10 4.9491E-10 3.7374E-10 2.8794E-10 2.0983E-10 1.4644E-10 9.5057E-11 5.2223E-11 2.0725E-11 3.0182E-12 0.0000E+00 0.0000E+00 0.0000E+00 0.0000E+00
2.3907E-09 2.8815E-09 3.4437E-09 4.0774E-09 4.7818E-09 5.5548E-09 6.3904E-09 7.2774E-09 8.2044E-09 9.1539E-09 1.0108E-08 1.1041E-08 1.1930E-08 1.2751E-08 1.3478E-08 1.4090E-08 1.4564E-08 1.4885E-08 1.5042E-08 1.5030E-08 1.4850E-08 1.4506E-08 1.4012E-08 1.3383E-08 1.2639E-08 1.1806E-08 1.0908E-08 9.9680E-09 9.0133E-09 8.0627E-09 7.1389E-09 6.2564E-09 5.4278E-09 4.6619E-09 3.9657E-09 3.3413E-09 2.7883E-09 2.3077E-09 1.8907E-09 1.5352E-09 1.2327E-09 9.8026E-10 7.6985E-10 5.8915E-10 4.5384E-10 3.4114E-10 2.5965E-10 1.8634E-10 1.2581E-10 7.5573E-11 3.7612E-11 1.2281E-11 8.1904E-13 0.0000E+00 0.0000E+00 0.0000E+00 0.0000E+00
2.3179E-09 2.8062E-09 3.3680E-09 4.0016E-09 4.7094E-09 5.4903E-09 6.3355E-09 7.2373E-09 8.1824E-09 9.1521E-09 1.0127E-08 1.1083E-08 1.1996E-08 1.2840E-08 1.3589E-08 1.4220E-08 1.4709E-08 1.5042E-08 1.5204E-08 1.5190E-08 1.4999E-08 1.4639E-08 1.4123E-08 1.3468E-08 1.2697E-08 1.1835E-08 1.0905E-08 9.9386E-09 8.9574E-09 7.9867E-09 7.0437E-09 6.1483E-09 5.3125E-09 4.5430E-09 3.8469E-09 3.2258E-09 2.6799E-09 2.2045E-09 1.7972E-09 1.4518E-09 1.1606E-09 9.1726E-10 7.1181E-10 5.3902E-10 4.1030E-10 3.0725E-10 2.3109E-10 1.6158E-10 1.0315E-10 5.7020E-11 2.4727E-11 6.0559E-12 1.3018E-13 0.0000E+00 0.0000E+00 0.0000E+00 0.0000E+00
2.2394E-09 2.7249E-09 3.2833E-09 3.9171E-09 4.6308E-09 5.4179E-09 6.2739E-09 7.1895E-09 8.1509E-09 9.1408E-09 1.0139E-08 1.1121E-08 1.2061E-08 1.2931E-08 1.3704E-08 1.4353E-08 1.4858E-08 1.5198E-08 1.5362E-08 1.5345E-08 1.5143E-08 1.4766E-08 1.4227E-08 1.3545E-08 1.2745E-08 1.1851E-08 1.0893E-08 9.8954E-09 8.8894E-09 7.8965E-09 6.9374E-09 6.0283E-09 5.1842E-09 4.4133E-09 3.7190E-09 3.1016E-09 2.5636E-09 2.0985E-09 1.7018E-09 1.3669E-09 1.0867E-09 8.5308E-10 6.5105E-10 4.8575E-10 3.6658E-10 2.7303E-10 2.0207E-10 1.3556E-10 8.0413E-11 3.9671E-11 1.4149E-11 2.8367E-12 0.0000E+00 0.0000E+00 0.0000E+00 0.0000E+00 0.0000E+00
2.1565E-09 2.6367E-09 3.1921E-09 3.8280E-09 4.5440E-09 5.3377E-09 6.2059E-09 7.1376E-09 8.1185E-09 9.1318E-09 1.0155E-08 1.1164E-08 1.2131E-08 1.3025E-08 1.3820E-08 1.4488E-08 1.5006E-08 1.5355E-08 1.5520E-08 1.5495E-08 1.5281E-08 1.4887E-08 1.4325E-08 1.3616E-08 1.2783E-08 1.1859E-08 1.0868E-08 9.8443E-09 8.8108E-09 7.7961E-09 6.8201E-09 5.9001E-09 5.0496E-09 4.2751E-09 3.5833E-09 2.9718E-09 2.4428E-09 1.9871E-09 1.6032E-09 1.2797E-09 1.0101E-09 7.8502E-10 5.8905E-10 4.3505E-10 3.2370E-10 2.3969E-10 1.7193E-10 1.0885E-10 5.9320E-11 2.4626E-11 8.2526E-12 9.9078E-13 0.0000E+00 0.0000E+00 0.0000E+00 0.0000E+00 0.0000E+00
2.0691E-09 2.5441E-09 3.0967E-09 3.7328E-09 4.4515E-09 5.2539E-09 6.1351E-09 7.0827E-09 8.0844E-09 9.1212E-09 1.0172E-08 1.1208E-08 1.2202E-08 1.3123E-08 1.3943E-08 1.4630E-08 1.5162E-08 1.5517E-08 1.5682E-08 1.5649E-08 1.5421E-08 1.5006E-08 1.4418E-08 1.3679E-08 1.2816E-08 1.1856E-08 1.0835E-08 9.7807E-09 8.7236E-09 7.6863E-09 6.6943E-09 5.7648E-09 4.9072E-09 4.1336E-09 3.4437E-09 2.8407E-09 2.3196E-09 1.8773E-09 1.5019E-09 1.1922E-09 9.3676E-10 7.1885E-10 5.2870E-10 3.8487E-10 2.8117E-10 2.0642E-10 1.4113E-10 8.2768E-11 4.0008E-11 1.4375E-11 4.0619E-12 2.1379E-13 0.0000E+00 0.0000E+00 0.0000E+00 0.0000E+00 0.0000E+00
1.9778E-09 2.4469E-09 2.9978E-09 3.6339E-09 4.3567E-09 5.1693E-09 6.0625E-09 7.0275E-09 8.0517E-09 9.1163E-09 1.0197E-08 1.1265E-08 1.2291E-08 1.3242E-08 1.4086E-08 1.4792E-08 1.5335E-08 1.5693E-08 1.5854E-08 1.5812E-08 1.5566E-08 1.5124E-08 1.4507E-08 1.3735E-08 1.2838E-08 1.1848E-08 1.0792E-08 9.7085E-09 8.6248E-09 7.5685E-09 6.5614E-09 5.6208E-09 4.7608E-09 3.9838E-09 3.3010E-09 2.7044E-09 2.1933E-09 1.7634E-09 1.4047E-09 1.1072E-09 8.6044E-10 6.5336E-10 4.7113E-10 3.3752E-10 2.3987E-10 1.7244E-10 1.0997E-10 5.9156E-11 2.4712E-11 8.3538E-12 1.6220E-12 0.0000E+00 0.0000E+00 0.0000E+00 0.0000E+00 0.0000E+00 0.0000E+00
1.8830E-09 2.3481E-09 2.8963E-09 3.5332E-09 4.2625E-09 5.0835E-09 5.9911E-09 6.9763E-09 8.0257E-09 9.1195E-09 1.0232E-08 1.1334E-08 1.2391E-08 1.3370E-08 1.4239E-08 1.4965E-08 1.5520E-08 1.5883E-08 1.6038E-08 1.5980E-08 1.5712E-08 1.5245E-08 1.4595E-08 1.3787E-08 1.2855E-08 1.1827E-08 1.0740E-08 9.6257E-09 8.5177E-09 7.4427E-09 6.4200E-09 5.4734E-09 4.6090E-09 3.8383E-09 3.1566E-09 2.5715E-09 2.0714E-09 1.6526E-09 1.3067E-09 1.0204E-09 7.8870E-10 5.8991E-10 4.1587E-10 2.9028E-10 2.0100E-10 1.3804E-10 8.1541E-11 3.9230E-11 1.5018E-11 4.1061E-12 4.1898E-13 0.0000E+00 0.0000E+00 0.0000E+00 0.0000E+00 0.0000E+00 0.0000E+00
