Assets/Resources/2015_m01_d05_1600(utc+0800)_l00_csi_1hr_conc.grd
DSAA
         159         159
     -79.000      79.000
     -79.000      79.000
  0.9277E-10  0.4476E-05
[rows 75 to 99 of 159, columns 57 to 113 of 159]
3.0494E-08 3.3555E-08 3.7029E-08 4.0918E-08 4.5147E-08 4.9535E-08 5.4195E-08 5.9225E-08 6.5069E-08 7.2333E-08 8.0891E-08 9.1328E-08 9.8560E-08 1.0381E-07 1.0640E-07 1.0437E-07 1.0698E-07 1.6184E-07 2.3011E-07 1.2937E-07 1.8976E-07 2.1351E-07 6.0267E-07 1.3012E-09 1.2124E-09 1.1277E-09 1.0561E-09 9.9245E-10 9.3500E-10 8.8313E-10 8.3461E-10 7.9222E-10 7.5330E-10 7.1637E-10 6.8136E-10 6.4771E-10 6.1623E-10 5.8571E-10 5.5551E-10 5.2771E-10 5.0036E-10 4.7525E-10 4.5132E-10 4.3068E-10 4.1175E-10 3.9536E-10 3.8297E-10 3.7194E-10 3.6140E-10 3.5108E-10 3.4191E-10 3.3257E-10 3.2324E-10 3.1380E-10 3.0517E-10 2.9666E-10 2.8858E-10
2.8626E-08 3.1604E-08 3.4999E-08 3.8803E-08 4.3010E-08 4.7406E-08 5.2035E-08 5.6992E-08 6.2687E-08 6.9480E-08 7.7294E-08 8.6417E-08 9.2196E-08 9.4996E-08 9.5873E-08 9.1142E-08 9.1991E-08 1.0489E-07 1.0619E-07 1.4512E-08 1.8906E-07 2.2007E-07 9.4218E-07 1.2634E-09 1.1787E-09 1.0987E-09 1.0285E-09 9.6856E-10 9.1393E-10 8.6228E-10 8.1501E-10 7.7498E-10 7.3755E-10 7.0188E-10 6.6785E-10 6.3495E-10 6.0385E-10 5.7332E-10 5.4521E-10 5.1661E-10 4.9077E-10 4.6581E-10 4.4342E-10 4.2411E-10 4.0575E-10 3.8989E-10 3.7868E-10 3.6794E-10 3.5765E-10 3.4801E-10 3.3856E-10 3.2961E-10 3.1973E-10 3.1102E-10 3.0234E-10 2.9369E-10 2.8606E-10
2.6576E-08 2.9409E-08 3.2657E-08 3.6289E-08 4.0369E-08 4.4623E-08 4.9072E-08 5.3726E-08 5.8817E-08 6.4694E-08 7.1114E-08 7.7603E-08 8.0687E-08 8.0203E-08 7.5689E-08 6.5546E-08 5.5145E-08 4.0626E-08 2.0042E-08 4.0096E-09 8.2813E-09 2.7053E-07 1.7083E-06 1.2278E-09 1.1445E-09 1.0679E-09 1.0027E-09 9.4299E-10 8.9031E-10 8.4007E-10 7.9735E-10 7.5892E-10 7.2251E-10 6.8747E-10 6.5430E-10 6.2200E-10 5.9277E-10 5.6287E-10 5.3447E-10 5.0731E-10 4.8118E-10 4.5721E-10 4.3624E-10 4.1651E-10 3.9999E-10 3.8571E-10 3.7454E-10 3.6401E-10 3.5389E-10 3.4448E-10 3.3528E-10 3.2533E-10 3.1637E-10 3.0780E-10 2.9928E-10 2.9104E-10 2.8311E-10
2.4367E-08 2.6991E-08 3.0024E-08 3.3424E-08 3.7248E-08 4.1240E-08 4.5324E-08 4.9455E-08 5.3729E-08 5.8286E-08 6.2651E-08 6.6009E-08 6.6367E-08 6.2451E-08 5.4153E-08 4.0722E-08 2.5621E-08 1.2748E-08 5.0773E-09 2.9311E-09 2.0368E-09 1.2278E-08 4.4763E-06 1.1894E-09 1.1110E-09 1.0392E-09 9.7560E-10 9.1800E-10 8.6773E-10 8.2056E-10 7.7937E-10 7.4162E-10 7.0558E-10 6.7113E-10 6.3926E-10 6.0879E-10 5.7856E-10 5.5092E-10 5.2307E-10 4.9711E-10 4.7233E-10 4.4892E-10 4.2780E-10 4.0972E-10 3.9374E-10 3.8148E-10 3.7065E-10 3.6009E-10 3.5041E-10 3.4115E-10 3.3178E-10 3.2220E-10 3.1317E-10 3.0469E-10 2.9631E-10 2.8805E-10 2.8081E-10
2.2038E-08 2.4400E-08 2.7146E-08 3.0243E-08 3.3705E-08 3.7322E-08 4.0912E-08 4.4413E-08 4.7704E-08 5.0754E-08 5.3289E-08 5.4052E-08 5.2293E-08 4.6863E-08 3.7600E-08 2.5808E-08 1.4736E-08 7.6943E-09 4.2214E-09 2.7162E-09 1.9178E-09 1.4546E-09 1.2343E-09 1.1526E-09 1.0775E-09 1.0099E-09 9.4759E-10 8.9435E-10 8.4429E-10 7.9976E-10 7.6131E-10 7.2551E-10 6.9112E-10 6.5824E-10 6.2581E-10 5.9632E-10 5.6788E-10 5.3955E-10 5.1194E-10 4.8673E-10 4.6294E-10 4.4075E-10 4.2075E-10 4.0375E-10 3.8807E-10 3.7684E-10 3.6632E-10 3.5617E-10 3.4667E-10 3.3770E-10 3.2790E-10 3.1845E-10 3.0991E-10 3.0138E-10 2.9290E-10 2.8531E-10 2.7830E-10
1.9628E-08 2.1695E-08 2.4100E-08 2.6827E-08 2.9847E-08 3.2995E-08 3.6060E-08 3.8855E-08 4.1217E-08 4.3005E-08 4.3902E-08 4.3371E-08 4.0294E-08 3.4746E-08 2.7003E-08 1.8275E-08 1.1035E-08 6.3979E-09 3.7883E-09 2.4625E-09 1.7846E-09 1.3755E-09 1.1941E-09 1.1165E-09 1.0455E-09 9.7930E-10 9.2223E-10 8.7066E-10 8.2229E-10 7.8090E-10 7.4350E-10 7.0824E-10 6.7468E-10 6.4251E-10 6.1215E-10 5.8276E-10 5.5511E-10 5.2788E-10 5.0171E-10 4.7665E-10 4.5368E-10 4.3235E-10 4.1399E-10 3.9630E-10 3.8331E-10 3.7261E-10 3.6258E-10 3.5247E-10 3.4328E-10 3.3328E-10 3.2411E-10 3.1514E-10 3.0642E-10 2.9789E-10 2.9023E-10 2.8266E-10 2.7579E-10
1.7223E-08 1.8963E-08 2.0993E-08 2.3301E-08 2.5829E-08 2.8463E-08 3.0966E-08 3.3097E-08 3.4665E-08 3.5525E-08 3.5445E-08 3.4019E-08 3.0871E-08 2.5923E-08 1.9909E-08 1.3805E-08 8.8125E-09 5.3561E-09 3.2423E-09 2.2231E-09 1.6488E-09 1.2892E-09 1.1537E-09 1.0787E-09 1.0121E-09 9.5097E-10 8.9508E-10 8.4559E-10 8.0156E-10 7.6179E-10 7.2627E-10 6.9184E-10 6.5967E-10 6.2802E-10 5.9871E-10 5.7029E-10 5.4248E-10 5.1594E-10 4.9131E-10 4.6667E-10 4.4514E-10 4.2432E-10 4.0655E-10 3.9081E-10 3.7849E-10 3.6815E-10 3.5815E-10 3.4861E-10 3.3889E-10 3.2951E-10 3.2047E-10 3.1170E-10 3.0307E-10 2.9507E-10 2.8748E-10 2.8018E-10 2.7343E-10
1.4878E-08 1.6290E-08 1.7933E-08 1.9801E-08 2.1830E-08 2.3926E-08 2.5870E-08 2.7430E-08 2.8354E-08 2.8566E-08 2.7982E-08 2.6339E-08 2.3413E-08 1.9381E-08 1.4876E-08 1.0595E-08 6.9939E-09 4.4365E-09 2.8166E-09 1.9753E-09 1.5141E-09 1.2141E-09 1.1143E-09 1.0450E-09 9.7900E-10 9.2120E-10 8.7036E-10 8.2296E-10 7.7928E-10 7.4287E-10 7.0849E-10 6.7537E-10 6.4393E-10 6.1409E-10 5.8519E-10 5.5747E-10 5.3191E-10 5.0530E-10 4.7883E-10 4.5826E-10 4.3571E-10 4.1671E-10 3.9965E-10 3.8451E-10 3.7414E-10 3.6392E-10 3.5370E-10 3.4404E-10 3.3482E-10 3.2536E-10 3.1631E-10 3.0764E-10 3.0010E-10 2.9189E-10 2.8443E-10 2.7765E-10 2.7062E-10
1.2694E-08 1.3768E-08 1.5036E-08 1.6479E-08 1.8033E-08 1.9608E-08 2.1041E-08 2.2105E-08 2.2608E-08 2.2446E-08 2.1610E-08 2.0031E-08 1.7634E-08 1.4487E-08 1.1115E-08 8.0275E-09 5.4949E-09 3.6510E-09 2.3915E-09 1.7549E-09 1.3893E-09 1.1543E-09 1.0743E-09 1.0087E-09 9.4790E-10 8.9341E-10 8.4526E-10 7.9904E-10 7.5985E-10 7.2418E-10 6.9064E-10 6.5869E-10 6.2728E-10 5.9839E-10 5.7142E-10 5.4403E-10 5.1782E-10 4.9360E-10 4.6983E-10 4.4729E-10 4.2752E-10 4.0918E-10 3.9240E-10 3.7980E-10 3.6932E-10 3.5926E-10 3.4970E-10 3.3977E-10 3.3047E-10 3.2164E-10 3.1275E-10 3.0463E-10 2.9668E-10 2.8889E-10 2.8163E-10 2.7480E-10 2.6848E-10
1.0706E-08 1.1470E-08 1.2395E-08 1.3446E-08 1.4573E-08 1.5687E-08 1.6669E-08 1.7351E-08 1.7569E-08 1.7243E-08 1.6380E-08 1.4993E-08 1.3072E-08 1.0725E-08 8.2507E-09 6.0455E-09 4.2543E-09 2.9720E-09 2.0584E-09 1.5623E-09 1.2711E-09 1.1076E-09 1.0376E-09 9.7343E-10 9.1716E-10 8.6560E-10 8.1858E-10 7.7736E-10 7.3995E-10 7.0547E-10 6.7376E-10 6.4245E-10 6.1328E-10 5.8513E-10 5.5751E-10 5.3198E-10 5.0717E-10 4.8224E-10 4.5932E-10 4.3861E-10 4.1916E-10 4.0091E-10 3.8659E-10 3.7493E-10 3.6469E-10 3.5468E-10 3.4467E-10 3.3560E-10 3.2622E-10 3.1772E-10 3.0903E-10 3.0103E-10 2.9304E-10 2.8575E-10 2.7861E-10 2.7221E-10 2.6595E-10
8.9467E-09 9.4543E-09 1.0084E-08 1.0793E-08 1.1557E-08 1.2295E-08 1.2911E-08 1.3287E-08 1.3329E-08 1.2971E-08 1.2192E-08 1.1058E-08 9.5975E-09 7.8806E-09 6.1023E-09 4.5304E-09 3.2936E-09 2.3999E-09 1.7499E-09 1.3901E-09 1.1713E-09 1.0633E-09 9.9910E-10 9.4064E-10 8.8752E-10 8.3923E-10 7.9531E-10 7.5397E-10 7.1955E-10 6.8729E-10 6.5598E-10 6.2566E-10 5.9711E-10 5.6965E-10 5.4410E-10 5.1826E-10 4.9511E-10 4.7135E-10 4.4979E-10 4.2991E-10 4.1119E-10 3.9429E-10 3.8021E-10 3.6983E-10 3.6012E-10 3.5002E-10 3.4052E-10 3.3132E-10 3.2236E-10 3.1336E-10 3.0565E-10 2.9753E-10 2.8992E-10 2.8251E-10 2.7598E-10 2.6957E-10 2.6347E-10
7.4447E-09 7.7506E-09 8.1274E-09 8.5707E-09 9.0380E-09 9.4852E-09 9.8304E-09 9.9998E-09 9.9309E-09 9.5852E-09 8.9502E-09 8.0680E-09 6.9878E-09 5.7687E-09 4.5157E-09 3.4056E-09 2.5405E-09 1.9608E-09 1.5402E-09 1.2527E-09 1.0990E-09 1.0226E-09 9.6336E-10 9.0702E-10 8.5877E-10 8.1370E-10 7.7009E-10 7.3389E-10 7.0039E-10 6.6898E-10 6.3863E-10 6.1098E-10 5.8321E-10 5.5623E-10 5.3143E-10 5.0683E-10 4.8299E-10 4.6034E-10 4.4032E-10 4.2073E-10 4.0350E-10 3.8714E-10 3.7489E-10 3.6498E-10 3.5469E-10 3.4521E-10 3.3582E-10 3.2684E-10 3.1807E-10 3.0966E-10 3.0195E-10 2.9418E-10 2.8680E-10 2.7998E-10 2.7343E-10 2.6733E-10 2.6125E-10
6.1966E-09 6.3477E-09 6.5401E-09 6.7731E-09 7.0214E-09 7.2524E-09 7.4108E-09 7.4465E-09 7.3211E-09 7.0059E-09 6.5098E-09 5.8577E-09 5.0934E-09 4.2449E-09 3.3850E-09 2.6209E-09 2.0147E-09 1.6139E-09 1.3375E-09 1.1471E-09 1.0476E-09 9.8482E-10 9.2853E-10 8.7779E-10 8.2979E-10 7.8733E-10 7.4688E-10 7.1347E-10 6.8102E-10 6.5109E-10 6.2219E-10 5.9436E-10 5.6780E-10 5.4255E-10 5.1807E-10 4.9443E-10 4.7182E-10 4.5050E-10 4.2969E-10 4.1246E-10 3.9520E-10 3.7983E-10 3.6969E-10 3.5976E-10 3.4992E-10 3.4020E-10 3.3126E-10 3.2287E-10 3.1408E-10 3.0590E-10 2.9799E-10 2.9078E-10 2.8385E-10 2.7702E-10 2.7062E-10 2.6475E-10 2.5848E-10
5.1870E-09 5.2256E-09 5.2925E-09 5.3756E-09 5.4728E-09 5.5539E-09 5.5903E-09 5.5450E-09 5.3937E-09 5.1269E-09 4.7452E-09 4.2746E-09 3.7430E-09 3.1752E-09 2.5989E-09 2.0682E-09 1.6355E-09 1.3722E-09 1.1844E-09 1.0729E-09 1.0043E-09 9.4710E-10 8.9447E-10 8.4650E-10 8.0293E-10 7.6212E-10 7.2481E-10 6.9286E-10 6.6273E-10 6.3343E-10 6.0537E-10 5.7838E-10 5.5200E-10 5.2857E-10 5.0495E-10 4.8237E-10 4.5912E-10 4.4023E-10 4.2125E-10 4.0331E-10 3.8789E-10 3.7442E-10 3.6454E-10 3.5444E-10 3.4482E-10 3.3555E-10 3.2686E-10 3.1799E-10 3.1025E-10 3.0224E-10 2.9467E-10 2.8778E-10 2.8083E-10 2.7417E-10 2.6805E-10 2.6224E-10 2.5642E-10
4.3892E-09 4.3524E-09 4.3305E-09 4.3251E-09 4.3198E-09 4.3096E-09 4.2690E-09 4.1781E-09 4.0253E-09 3.8045E-09 3.5178E-09 3.1797E-09 2.8113E-09 2.4261E-09 2.0447E-09 1.6876E-09 1.3796E-09 1.2115E-09 1.0987E-09 1.0236E-09 9.6546E-10 9.1248E-10 8.6324E-10 8.1762E-10 7.7614E-10 7.3768E-10 7.0461E-10 6.7308E-10 6.4402E-10 6.1512E-10 5.8928E-10 5.6364E-10 5.3879E-10 5.1567E-10 4.9211E-10 4.7101E-10 4.5040E-10 4.3030E-10 4.1170E-10 3.9605E-10 3.8115E-10 3.6900E-10 3.5873E-10 3.4926E-10 3.3998E-10 3.3071E-10 3.2246E-10 3.1398E-10 3.0629E-10 2.9862E-10 2.9118E-10 2.8420E-10 2.7740E-10 2.7117E-10 2.6518E-10 2.5953E-10 2.5396E-10
3.7688E-09 3.6812E-09 3.6107E-09 3.5482E-09 3.4916E-09 3.4233E-09 3.3382E-09 3.2261E-09 3.0800E-09 2.8959E-09 2.6783E-09 2.4330E-09 2.1793E-09 1.9243E-09 1.6695E-09 1.4272E-09 1.2221E-09 1.1153E-09 1.0416E-09 9.8045E-10 9.2743E-10 8.7691E-10 8.3223E-10 7.8994E-10 7.5162E-10 7.1445E-10 6.8384E-10 6.5349E-10 6.2585E-10 5.9847E-10 5.7262E-10 5.4759E-10 5.2364E-10 5.0074E-10 4.7968E-10 4.5745E-10 4.3885E-10 4.2098E-10 4.0374E-10 3.8825E-10 3.7319E-10 3.6299E-10 3.5349E-10 3.4377E-10 3.3483E-10 3.2656E-10 3.1838E-10 3.0989E-10 3.0227E-10 2.9522E-10 2.8792E-10 2.8101E-10 2.7456E-10 2.6861E-10 2.6288E-10 2.5693E-10 2.5163E-10
3.2837E-09 3.1794E-09 3.0784E-09 2.9837E-09 2.8956E-09 2.8057E-09 2.7006E-09 2.5868E-09 2.4509E-09 2.2987E-09 2.1281E-09 1.9499E-09 1.7598E-09 1.5835E-09 1.4164E-09 1.2529E-09 1.1275E-09 1.0560E-09 9.9392E-10 9.4058E-10 8.9024E-10 8.4431E-10 8.0244E-10 7.6248E-10 7.2701E-10 6.9288E-10 6.6346E-10 6.3551E-10 6.0786E-10 5.8225E-10 5.5710E-10 5.3418E-10 5.1117E-10 4.8879E-10 4.6791E-10 4.4756E-10 4.2860E-10 4.1067E-10 3.9562E-10 3.8091E-10 3.6734E-10 3.5749E-10 3.4803E-10 3.3880E-10 3.3011E-10 3.2179E-10 3.1362E-10 3.0606E-10 2.9853E-10 2.9159E-10 2.8455E-10 2.7792E-10 2.7188E-10 2.6593E-10 2.6032E-10 2.5477E-10 2.4946E-10
2.9020E-09 2.7895E-09 2.6805E-09 2.5787E-09 2.4740E-09 2.3686E-09 2.2638E-09 2.1489E-09 2.0303E-09 1.9007E-09 1.7704E-09 1.6311E-09 1.4968E-09 1.3685E-09 1.2482E-09 1.1401E-09 1.0673E-09 1.0057E-09 9.5282E-10 9.0330E-10 8.5669E-10 8.1396E-10 7.7424E-10 7.3773E-10 7.0157E-10 6.7201E-10 6.4399E-10 6.1654E-10 5.9053E-10 5.6600E-10 5.4193E-10 5.1924E-10 4.9740E-10 4.7619E-10 4.5616E-10 4.3674E-10 4.1880E-10 4.0217E-10 3.8668E-10 3.7325E-10 3.6163E-10 3.5182E-10 3.4263E-10 3.3417E-10 3.2551E-10 3.1759E-10 3.0940E-10 3.0238E-10 2.9468E-10 2.8762E-10 2.8079E-10 2.7497E-10 2.6898E-10 2.6330E-10 2.5758E-10 2.5237E-10 2.4670E-10
2.6078E-09 2.4905E-09 2.3807E-09 2.2766E-09 2.1727E-09 2.0700E-09 1.9650E-09 1.8608E-09 1.7503E-09 1.6425E-09 1.5304E-09 1.4231E-09 1.3225E-09 1.2307E-09 1.1462E-09 1.0745E-09 1.0161E-09 9.6412E-10 9.1377E-10 8.6672E-10 8.2470E-10 7.8464E-10 7.4674E-10 7.1232E-10 6.8041E-10 6.5236E-10 6.2393E-10 5.9926E-10 5.7413E-10 5.5001E-10 5.2708E-10 5.0476E-10 4.8412E-10 4.6400E-10 4.4392E-10 4.2632E-10 4.0844E-10 3.9351E-10 3.7905E-10 3.6515E-10 3.5553E-10 3.4640E-10 3.3747E-10 3.2881E-10 3.2093E-10 3.1311E-10 3.0523E-10 2.9794E-10 2.9128E-10 2.8436E-10 2.7814E-10 2.7213E-10 2.6638E-10 2.6072E-10 2.5519E-10 2.5009E-10 2.4485E-10
2.3746E-09 2.2635E-09 2.1538E-09 2.0474E-09 1.9470E-09 1.8491E-09 1.7532E-09 1.6560E-09 1.5619E-09 1.4676E-09 1.3784E-09 1.2944E-09 1.2166E-09 1.1441E-09 1.0811E-09 1.0251E-09 9.7216E-10 9.2283E-10 8.7499E-10 8.3367E-10 7.9425E-10 7.5767E-10 7.2141E-10 6.8788E-10 6.5936E-10 6.3206E-10 6.0629E-10 5.8187E-10 5.5725E-10 5.3439E-10 5.1276E-10 4.9200E-10 4.7191E-10 4.5246E-10 4.3322E-10 4.1662E-10 4.0043E-10 3.8487E-10 3.7071E-10 3.5924E-10 3.4999E-10 3.4084E-10 3.3218E-10 3.2430E-10 3.1637E-10 3.0827E-10 3.0130E-10 2.9415E-10 2.8755E-10 2.8096E-10 2.7475E-10 2.6885E-10 2.6327E-10 2.5803E-10 2.5247E-10 2.4739E-10 2.4239E-10
2.1847E-09 2.0802E-09 1.9789E-09 1.8792E-09 1.7832E-09 1.6887E-09 1.5983E-09 1.5121E-09 1.4282E-09 1.3503E-09 1.2774E-09 1.2099E-09 1.1469E-09 1.0861E-09 1.0308E-09 9.7918E-10 9.2881E-10 8.8442E-10 8.4164E-10 8.0192E-10 7.6528E-10 7.2876E-10 6.9720E-10 6.6605E-10 6.3886E-10 6.1327E-10 5.8801E-10 5.6413E-10 5.4136E-10 5.1946E-10 4.9831E-10 4.7723E-10 4.5759E-10 4.3876E-10 4.2189E-10 4.0542E-10 3.9019E-10 3.7712E-10 3.6357E-10 3.5317E-10 3.4437E-10 3.3587E-10 3.2770E-10 3.1962E-10 3.1203E-10 3.0444E-10 2.9761E-10 2.9055E-10 2.8391E-10 2.7802E-10 2.7186E-10 2.6617E-10 2.6077E-10 2.5524E-10 2.5017E-10 2.4502E-10 2.4018E-10
2.0227E-09 1.9298E-09 1.8361E-09 1.7466E-09 1.6583E-09 1.5751E-09 1.4924E-09 1.4164E-09 1.3427E-09 1.2737E-09 1.2089E-09 1.1479E-09 1.0881E-09 1.0354E-09 9.8395E-10 9.3481E-10 8.9032E-10 8.4907E-10 8.0880E-10 7.7183E-10 7.3578E-10 7.0306E-10 6.7167E-10 6.4454E-10 6.1942E-10 5.9368E-10 5.7030E-10 5.4801E-10 5.2640E-10 5.0476E-10 4.8463E-10 4.6570E-10 4.4746E-10 4.2886E-10 4.1220E-10 3.9643E-10 3.8153E-10 3.6766E-10 3.5668E-10 3.4766E-10 3.3876E-10 3.3084E-10 3.2252E-10 3.1513E-10 3.0760E-10 3.0029E-10 2.9330E-10 2.8698E-10 2.8058E-10 2.7476E-10 2.6884E-10 2.6343E-10 2.5812E-10 2.5283E-10 2.4785E-10 2.4288E-10 2.3800E-10
1.8798E-09 1.7942E-09 1.7119E-09 1.6294E-09 1.5512E-09 1.4736E-09 1.4022E-09 1.3311E-09 1.2679E-09 1.2042E-09 1.1461E-09 1.0884E-09 1.0370E-09 9.8557E-10 9.3997E-10 8.9541E-10 8.5372E-10 8.1409E-10 7.7892E-10 7.4284E-10 7.1057E-10 6.7957E-10 6.5009E-10 6.2445E-10 5.9917E-10 5.7642E-10 5.5435E-10 5.3136E-10 5.1028E-10 4.9096E-10 4.7159E-10 4.5248E-10 4.3439E-10 4.1754E-10 4.0144E-10 3.8694E-10 3.7363E-10 3.6085E-10 3.5062E-10 3.4200E-10 3.3358E-10 3.2546E-10 3.1810E-10 3.1056E-10 3.0305E-10 2.9662E-10 2.8984E-10 2.8352E-10 2.7729E-10 2.7129E-10 2.6618E-10 2.6063E-10 2.5529E-10 2.5025E-10 2.4537E-10 2.4055E-10 2.3541E-10
1.7519E-09 1.6750E-09 1.5989E-09 1.5256E-09 1.4536E-09 1.3862E-09 1.3192E-09 1.2588E-09 1.1974E-09 1.1425E-09 1.0869E-09 1.0370E-09 9.8681E-10 9.4218E-10 8.9821E-10 8.5704E-10 8.1953E-10 7.8343E-10 7.4891E-10 7.1622E-10 6.8435E-10 6.5445E-10 6.2976E-10 6.0488E-10 5.8147E-10 5.5870E-10 5.3681E-10 5.1630E-10 4.9608E-10 4.7695E-10 4.5801E-10 4.3975E-10 4.2365E-10 4.0738E-10 3.9203E-10 3.7730E-10 3.6472E-10 3.5325E-10 3.4471E-10 3.3626E-10 3.2820E-10 3.2055E-10 3.1319E-10 3.0562E-10 2.9911E-10 2.9251E-10 2.8573E-10 2.7968E-10 2.7416E-10 2.6831E-10 2.6340E-10 2.5801E-10 2.5283E-10 2.4809E-10 2.4316E-10 2.3834E-10 2.3370E-10
1.6367E-09 1.5664E-09 1.4986E-09 1.4314E-09 1.3674E-09 1.3062E-09 1.2480E-09 1.1889E-09 1.1358E-09 1.0826E-09 1.0350E-09 9.8619E-10 9.4218E-10 8.9980E-10 8.5883E-10 8.2211E-10 7.8750E-10 7.5249E-10 7.2032E-10 6.8968E-10 6.5991E-10 6.3374E-10 6.0895E-10 5.8634E-10 5.6284E-10 5.4197E-10 5.2115E-10 5.0146E-10 4.8153E-10 4.6399E-10 4.4616E-10 4.2838E-10 4.1267E-10 3.9695E-10 3.8204E-10 3.7031E-10 3.5729E-10 3.4741E-10 3.3930E-10 3.3126E-10 3.2363E-10 3.1578E-10 3.0890E-10 3.0187E-10 2.9504E-10 2.8841E-10 2.8239E-10 2.7665E-10 2.7082E-10 2.6538E-10 2.6012E-10 2.5489E-10 2.5040E-10 2.4556E-10 2.4059E-10 2.3568E-10 2.3137E-10
