Assets/Resources/2015_m01_d29_0000(utc+0800)_l00_csi_1hr_conc.grd
DSAA
         159         159
     -79.000      79.000
     -79.000      79.000
  0.0000E+00  0.1763E-05
[rows 25 to 49 of 159, columns 0 to 56 of 159]
2.0269E-10 2.2481E-10 2.5431E-10 2.8133E-10 3.1652E-10 3.5191E-10 3.9080E-10 4.3262E-10 4.7835E-10 5.2737E-10 5.8062E-10 6.3755E-10 6.9905E-10 7.6715E-10 8.3496E-10 9.1212E-10 9.8946E-10 1.0760E-09 1.1633E-09 1.2574E-09 1.3571E-09 1.4594E-09 1.5713E-09 1.6838E-09 1.8033E-09 1.9253E-09 2.0526E-09 2.1841E-09 2.3191E-09 2.4602E-09 2.6041E-09 2.7503E-09 2.9011E-09 3.0530E-09 3.2087E-09 3.3646E-09 3.5215E-09 3.6811E-09 3.8392E-09 3.9996E-09 4.1567E-09 4.3152E-09 4.4721E-09 4.6269E-09 4.7819E-09 4.9307E-09 5.0763E-09 5.2142E-09 5.3520E-09 5.4850E-09 5.6064E-09 5.7235E-09 5.8336E-09 5.9325E-09 6.0253E-09 6.1089E-09 6.1792E-09
1.9147E-10 2.1251E-10 2.4098E-10 2.6698E-10 3.0083E-10 3.3481E-10 3.7218E-10 4.1238E-10 4.5640E-10 5.0359E-10 5.5502E-10 6.0996E-10 6.6947E-10 7.3558E-10 8.0115E-10 8.7619E-10 9.5115E-10 1.0356E-09 1.1204E-09 1.2123E-09 1.3098E-09 1.4096E-09 1.5195E-09 1.6297E-09 1.7471E-09 1.8671E-09 1.9933E-09 2.1227E-09 2.2563E-09 2.3974E-09 2.5395E-09 2.6852E-09 2.8359E-09 2.9879E-09 3.1443E-09 3.3012E-09 3.4600E-09 3.6213E-09 3.7844E-09 3.9454E-09 4.1089E-09 4.2720E-09 4.4341E-09 4.5977E-09 4.7538E-09 4.9105E-09 5.0641E-09 5.2159E-09 5.3647E-09 5.5027E-09 5.6381E-09 5.7678E-09 5.8888E-09 6.0033E-09 6.1109E-09 6.2062E-09 6.2920E-09
1.8047E-10 2.0064E-10 2.2794E-10 2.5266E-10 2.8511E-10 3.1764E-10 3.5339E-10 3.9198E-10 4.3427E-10 4.7960E-10 5.2910E-10 5.8201E-10 6.3944E-10 7.0337E-10 7.6667E-10 8.3950E-10 9.1200E-10 9.9409E-10 1.0764E-09 1.1659E-09 1.2609E-09 1.3582E-09 1.4658E-09 1.5734E-09 1.6887E-09 1.8066E-09 1.9308E-09 2.0584E-09 2.1908E-09 2.3302E-09 2.4712E-09 2.6164E-09 2.7662E-09 2.9198E-09 3.0748E-09 3.2322E-09 3.3936E-09 3.5549E-09 3.7203E-09 3.8840E-09 4.0509E-09 4.2181E-09 4.3878E-09 4.5547E-09 4.7203E-09 4.8842E-09 5.0480E-09 5.2096E-09 5.3623E-09 5.5139E-09 5.6616E-09 5.8031E-09 5.9368E-09 6.0667E-09 6.1863E-09 6.2970E-09 6.3983E-09
1.6985E-10 1.8886E-10 2.1498E-10 2.3836E-10 2.6945E-10 3.0050E-10 3.3464E-10 3.7156E-10 4.1199E-10 4.5550E-10 5.0296E-10 5.5385E-10 6.0911E-10 6.7083E-10 7.3176E-10 8.0217E-10 8.7217E-10 9.5186E-10 1.0316E-09 1.1184E-09 1.2108E-09 1.3053E-09 1.4104E-09 1.5156E-09 1.6285E-09 1.7440E-09 1.8661E-09 1.9916E-09 2.1240E-09 2.2600E-09 2.3994E-09 2.5448E-09 2.6925E-09 2.8455E-09 3.0003E-09 3.1578E-09 3.3200E-09 3.4844E-09 3.6497E-09 3.8183E-09 3.9884E-09 4.1620E-09 4.3341E-09 4.5062E-09 4.6779E-09 4.8510E-09 5.0232E-09 5.1881E-09 5.3537E-09 5.5165E-09 5.6754E-09 5.8271E-09 5.9773E-09 6.1188E-09 6.2531E-09 6.3796E-09 6.4978E-09
1.5933E-10 1.7727E-10 2.0216E-10 2.2424E-10 2.5392E-10 2.8342E-10 3.1600E-10 3.5117E-10 3.8982E-10 4.3143E-10 4.7685E-10 5.2562E-10 5.7859E-10 6.3811E-10 6.9653E-10 7.6455E-10 8.3197E-10 9.0913E-10 9.8612E-10 1.0700E-09 1.1597E-09 1.2515E-09 1.3540E-09 1.4565E-09 1.5669E-09 1.6814E-09 1.7996E-09 1.9226E-09 2.0538E-09 2.1870E-09 2.3246E-09 2.4685E-09 2.6148E-09 2.7670E-09 2.9210E-09 3.0802E-09 3.2408E-09 3.4067E-09 3.5725E-09 3.7431E-09 3.9159E-09 4.0930E-09 4.2693E-09 4.4462E-09 4.6235E-09 4.8061E-09 4.9837E-09 5.1603E-09 5.3357E-09 5.5086E-09 5.6765E-09 5.8449E-09 6.0056E-09 6.1612E-09 6.3108E-09 6.4541E-09 6.5890E-09
1.4904E-10 1.6590E-10 1.8950E-10 2.1034E-10 2.3855E-10 2.6658E-10 2.9755E-10 3.3099E-10 3.6783E-10 4.0744E-10 4.5086E-10 4.9743E-10 5.4819E-10 6.0534E-10 6.6130E-10 7.2694E-10 7.9159E-10 8.6608E-10 9.4007E-10 1.0213E-09 1.1083E-09 1.1971E-09 1.2969E-09 1.3967E-09 1.5042E-09 1.6159E-09 1.7314E-09 1.8519E-09 1.9808E-09 2.1116E-09 2.2472E-09 2.3890E-09 2.5353E-09 2.6845E-09 2.8374E-09 2.9960E-09 3.1563E-09 3.3227E-09 3.4919E-09 3.6635E-09 3.8418E-09 4.0197E-09 4.1994E-09 4.3809E-09 4.5687E-09 4.7529E-09 4.9379E-09 5.1230E-09 5.3046E-09 5.4888E-09 5.6716E-09 5.8490E-09 6.0232E-09 6.1938E-09 6.3593E-09 6.5189E-09 6.6714E-09
1.3900E-10 1.5475E-10 1.7714E-10 1.9672E-10 2.2349E-10 2.5004E-10 2.7933E-10 3.1111E-10 3.4606E-10 3.8377E-10 4.2513E-10 4.6952E-10 5.1795E-10 5.7279E-10 6.2631E-10 6.8924E-10 7.5120E-10 8.2301E-10 8.9417E-10 9.7259E-10 1.0565E-09 1.1424E-09 1.2395E-09 1.3360E-09 1.4407E-09 1.5496E-09 1.6621E-09 1.7808E-09 1.9058E-09 2.0339E-09 2.1686E-09 2.3065E-09 2.4509E-09 2.5982E-09 2.7497E-09 2.9073E-09 3.0696E-09 3.2331E-09 3.4027E-09 3.5760E-09 3.7556E-09 3.9375E-09 4.1186E-09 4.3096E-09 4.4977E-09 4.6879E-09 4.8796E-09 5.0729E-09 5.2671E-09 5.4617E-09 5.6527E-09 5.8427E-09 6.0306E-09 6.2156E-09 6.3969E-09 6.5740E-09 6.7488E-09
1.2924E-10 1.4393E-10 1.6511E-10 1.8339E-10 2.0878E-10 2.3381E-10 2.6153E-10 2.9161E-10 3.2470E-10 3.6048E-10 3.9971E-10 4.4196E-10 4.8813E-10 5.4065E-10 5.9148E-10 6.5191E-10 7.1119E-10 7.8016E-10 8.4851E-10 9.2399E-10 1.0050E-09 1.0877E-09 1.1817E-09 1.2751E-09 1.3768E-09 1.4824E-09 1.5917E-09 1.7085E-09 1.8292E-09 1.9543E-09 2.0862E-09 2.2215E-09 2.3636E-09 2.5087E-09 2.6601E-09 2.8144E-09 2.9756E-09 3.1383E-09 3.3078E-09 3.4846E-09 3.6659E-09 3.8479E-09 4.0362E-09 4.2281E-09 4.4211E-09 4.6167E-09 4.8156E-09 5.0164E-09 5.2195E-09 5.4208E-09 5.6231E-09 5.8251E-09 6.0263E-09 6.2260E-09 6.4240E-09 6.6217E-09 6.8116E-09
1.1977E-10 1.3347E-10 1.5340E-10 1.7049E-10 1.9448E-10 2.1803E-10 2.4417E-10 2.7251E-10 3.0383E-10 3.3764E-10 3.7484E-10 4.1496E-10 4.5887E-10 5.0901E-10 5.5730E-10 6.1518E-10 6.7160E-10 7.3787E-10 8.0333E-10 8.7567E-10 9.5364E-10 1.0333E-09 1.1241E-09 1.2142E-09 1.3126E-09 1.4145E-09 1.5204E-09 1.6346E-09 1.7513E-09 1.8732E-09 2.0019E-09 2.1351E-09 2.2736E-09 2.4161E-09 2.5654E-09 2.7175E-09 2.8773E-09 3.0416E-09 3.2107E-09 3.3846E-09 3.5668E-09 3.7501E-09 3.9463E-09 4.1392E-09 4.3362E-09 4.5372E-09 4.7418E-09 4.9468E-09 5.1587E-09 5.3694E-09 5.5820E-09 5.7958E-09 6.0105E-09 6.2248E-09 6.4423E-09 6.6542E-09 6.8622E-09
1.1068E-10 1.2339E-10 1.4212E-10 1.5803E-10 1.8060E-10 2.0275E-10 2.2728E-10 2.5399E-10 2.8347E-10 3.1542E-10 3.5061E-10 3.8861E-10 4.3029E-10 4.7796E-10 5.2383E-10 5.7914E-10 6.3281E-10 6.9626E-10 7.5858E-10 8.2799E-10 9.0284E-10 9.7898E-10 1.0665E-09 1.1531E-09 1.2489E-09 1.3463E-09 1.4484E-09 1.5592E-09 1.6724E-09 1.7906E-09 1.9161E-09 2.0468E-09 2.1814E-09 2.3209E-09 2.4675E-09 2.6180E-09 2.7751E-09 2.9379E-09 3.1073E-09 3.2792E-09 3.4648E-09 3.6489E-09 3.8444E-09 4.0400E-09 4.2403E-09 4.4458E-09 4.6561E-09 4.8713E-09 5.0873E-09 5.3068E-09 5.5294E-09 5.7550E-09 5.9822E-09 6.2149E-09 6.4449E-09 6.6736E-09 6.9053E-09
1.0197E-10 1.1369E-10 1.3129E-10 1.4605E-10 1.6724E-10 1.8800E-10 2.1099E-10 2.3605E-10 2.6380E-10 2.9398E-10 3.2714E-10 3.6311E-10 4.0243E-10 4.4779E-10 4.9124E-10 5.4378E-10 5.9477E-10 6.5541E-10 7.1472E-10 7.8099E-10 8.5239E-10 9.2515E-10 1.0092E-09 1.0920E-09 1.1846E-09 1.2780E-09 1.3763E-09 1.4833E-09 1.5926E-09 1.7080E-09 1.8291E-09 1.9562E-09 2.0873E-09 2.2235E-09 2.3671E-09 2.5169E-09 2.6695E-09 2.8302E-09 2.9997E-09 3.1719E-09 3.3544E-09 3.5417E-09 3.7365E-09 3.9365E-09 4.1398E-09 4.3493E-09 4.5646E-09 4.7825E-09 5.0053E-09 5.2332E-09 5.4654E-09 5.7015E-09 5.9452E-09 6.1887E-09 6.4337E-09 6.6822E-09 6.9357E-09
9.3658E-11 1.0445E-10 1.2092E-10 1.3453E-10 1.5443E-10 1.7378E-10 1.9530E-10 2.1880E-10 2.4495E-10 2.7324E-10 3.0454E-10 3.3842E-10 3.7550E-10 4.1854E-10 4.5938E-10 5.0938E-10 5.5770E-10 6.1529E-10 6.7159E-10 7.3466E-10 8.0262E-10 8.7186E-10 9.5225E-10 1.0314E-09 1.1203E-09 1.2096E-09 1.3041E-09 1.4073E-09 1.5125E-09 1.6249E-09 1.7410E-09 1.8645E-09 1.9918E-09 2.1255E-09 2.2646E-09 2.4113E-09 2.5629E-09 2.7192E-09 2.8867E-09 3.0601E-09 3.2396E-09 3.4260E-09 3.6246E-09 3.8232E-09 4.0289E-09 4.2414E-09 4.4611E-09 4.6841E-09 4.9132E-09 5.1484E-09 5.3893E-09 5.6397E-09 5.8920E-09 6.1485E-09 6.4081E-09 6.6818E-09 6.9461E-09
8.5729E-11 9.5667E-11 1.1101E-10 1.2358E-10 1.4217E-10 1.6022E-10 1.8034E-10 2.0242E-10 2.2682E-10 2.5339E-10 2.8277E-10 3.1453E-10 3.4951E-10 3.9020E-10 4.2860E-10 4.7602E-10 5.2139E-10 5.7609E-10 6.2929E-10 6.8891E-10 7.5360E-10 8.1919E-10 8.9604E-10 9.7139E-10 1.0563E-09 1.1418E-09 1.2324E-09 1.3312E-09 1.4324E-09 1.5405E-09 1.6526E-09 1.7720E-09 1.8952E-09 2.0259E-09 2.1605E-09 2.3038E-09 2.4529E-09 2.6070E-09 2.7702E-09 2.9416E-09 3.1223E-09 3.3052E-09 3.5075E-09 3.7069E-09 3.9106E-09 4.1292E-09 4.3490E-09 4.5761E-09 4.8106E-09 5.0525E-09 5.3015E-09 5.5618E-09 5.8252E-09 6.0940E-09 6.3794E-09 6.6588E-09 6.9404E-09
7.6265E-11 8.6360E-11 1.0162E-10 1.1317E-10 1.3054E-10 1.4738E-10 1.6620E-10 1.8679E-10 2.0953E-10 2.3440E-10 2.6181E-10 2.9163E-10 3.2448E-10 3.6274E-10 3.9880E-10 4.4353E-10 4.8607E-10 5.3782E-10 5.8777E-10 6.4423E-10 7.0553E-10 7.6751E-10 8.4069E-10 9.1211E-10 9.9320E-10 1.0747E-09 1.1613E-09 1.2557E-09 1.3526E-09 1.4564E-09 1.5641E-09 1.6792E-09 1.7981E-09 1.9247E-09 2.0553E-09 2.1947E-09 2.3402E-09 2.4951E-09 2.6509E-09 2.8196E-09 3.0016E-09 3.1826E-09 3.3822E-09 3.5815E-09 3.7855E-09 4.0064E-09 4.2284E-09 4.4588E-09 4.6980E-09 4.9455E-09 5.2057E-09 5.4712E-09 5.7444E-09 6.0360E-09 6.3252E-09 6.6196E-09 6.9206E-09
6.6665E-11 7.6438E-11 8.9957E-11 1.0167E-10 1.1938E-10 1.3528E-10 1.5275E-10 1.7183E-10 1.9307E-10 2.1626E-10 2.4181E-10 2.6970E-10 3.0031E-10 3.3630E-10 3.6993E-10 4.1188E-10 4.5179E-10 5.0058E-10 5.4741E-10 6.0065E-10 6.5838E-10 7.1692E-10 7.8643E-10 8.5393E-10 9.3106E-10 1.0083E-09 1.0910E-09 1.1809E-09 1.2732E-09 1.3727E-09 1.4759E-09 1.5865E-09 1.7011E-09 1.8233E-09 1.9495E-09 2.0847E-09 2.2261E-09 2.3738E-09 2.5331E-09 2.6947E-09 2.8746E-09 3.0541E-09 3.2521E-09 3.4506E-09 3.6577E-09 3.8764E-09 4.0999E-09 4.3328E-09 4.5754E-09 4.8315E-09 5.0948E-09 5.3676E-09 5.6535E-09 5.9536E-09 6.2551E-09 6.5635E-09 6.8903E-09
6.0884E-11 6.8090E-11 8.0025E-11 9.0895E-11 1.0598E-10 1.2199E-10 1.3996E-10 1.5768E-10 1.7741E-10 1.9887E-10 2.2271E-10 2.4867E-10 2.7713E-10 3.1080E-10 3.4196E-10 3.8139E-10 4.1860E-10 4.6432E-10 5.0825E-10 5.5816E-10 6.1257E-10 6.6760E-10 7.3322E-10 7.9698E-10 8.7014E-10 9.4315E-10 1.0217E-09 1.1069E-09 1.1949E-09 1.2898E-09 1.3887E-09 1.4945E-09 1.6044E-09 1.7220E-09 1.8436E-09 1.9707E-09 2.1112E-09 2.2544E-09 2.4086E-09 2.5688E-09 2.7446E-09 2.9240E-09 3.1213E-09 3.3147E-09 3.5210E-09 3.7399E-09 3.9639E-09 4.1983E-09 4.4434E-09 4.7039E-09 4.9721E-09 5.2512E-09 5.5531E-09 5.8561E-09 6.1688E-09 6.5023E-09 6.8375E-09
5.5423E-11 6.2006E-11 7.3127E-11 8.1605E-11 9.5149E-11 1.0846E-10 1.2469E-10 1.4431E-10 1.6248E-10 1.8238E-10 2.0446E-10 2.2840E-10 2.5489E-10 2.8623E-10 3.1515E-10 3.5202E-10 3.8649E-10 4.2942E-10 4.7038E-10 5.1707E-10 5.6815E-10 6.1955E-10 6.8152E-10 7.4148E-10 8.1042E-10 8.7939E-10 9.5365E-10 1.0345E-09 1.1178E-09 1.2082E-09 1.3026E-09 1.4035E-09 1.5086E-09 1.6214E-09 1.7380E-09 1.8602E-09 1.9959E-09 2.1344E-09 2.2841E-09 2.4445E-09 2.6123E-09 2.7884E-09 2.9838E-09 3.1745E-09 3.3791E-09 3.5973E-09 3.8209E-09 4.0559E-09 4.3064E-09 4.5661E-09 4.8380E-09 5.1305E-09 5.4324E-09 5.7437E-09 6.0748E-09 6.4168E-09 6.7633E-09
5.0285E-11 5.6298E-11 6.6516E-11 7.4259E-11 8.6785E-11 9.8579E-11 1.1178E-10 1.2743E-10 1.4689E-10 1.6669E-10 1.8697E-10 2.0915E-10 2.3365E-10 2.6278E-10 2.8947E-10 3.2375E-10 3.5573E-10 3.9584E-10 4.3376E-10 4.7745E-10 5.2520E-10 5.7311E-10 6.3142E-10 6.8741E-10 7.5242E-10 8.1729E-10 8.8685E-10 9.6356E-10 1.0425E-09 1.1282E-09 1.2180E-09 1.3139E-09 1.4141E-09 1.5218E-09 1.6333E-09 1.7502E-09 1.8772E-09 2.0141E-09 2.1590E-09 2.3118E-09 2.4810E-09 2.6506E-09 2.8432E-09 3.0343E-09 3.2328E-09 3.4495E-09 3.6718E-09 3.9062E-09 4.1575E-09 4.4186E-09 4.6931E-09 4.9905E-09 5.2982E-09 5.6163E-09 5.9605E-09 6.3111E-09 6.6703E-09
3.2698E-11 5.0907E-11 6.0293E-11 6.7305E-11 7.8795E-11 8.9651E-11 1.0177E-10 1.1507E-10 1.3021E-10 1.4868E-10 1.6993E-10 1.9086E-10 2.1335E-10 2.4041E-10 2.6498E-10 2.9679E-10 3.2629E-10 3.6355E-10 3.9872E-10 4.3935E-10 4.8371E-10 5.2836E-10 5.8300E-10 6.3520E-10 6.9627E-10 7.5691E-10 8.2199E-10 8.9466E-10 9.6909E-10 1.0501E-09 1.1350E-09 1.2261E-09 1.3212E-09 1.4237E-09 1.5299E-09 1.6414E-09 1.7627E-09 1.8944E-09 2.0290E-09 2.1816E-09 2.3503E-09 2.5116E-09 2.7004E-09 2.8878E-09 3.0827E-09 3.2970E-09 3.5170E-09 3.7513E-09 4.0009E-09 4.2622E-09 4.5462E-09 4.8390E-09 5.1510E-09 5.4835E-09 5.8312E-09 6.1881E-09 6.5662E-09
2.9593E-11 3.2992E-11 5.4431E-11 6.0710E-11 7.1287E-11 8.1213E-11 9.2223E-11 1.0445E-10 1.1808E-10 1.3298E-10 1.5084E-10 1.7081E-10 1.9384E-10 2.1919E-10 2.4159E-10 2.7112E-10 2.9825E-10 3.3278E-10 3.6521E-10 4.0278E-10 4.4403E-10 4.8538E-10 5.3628E-10 5.8496E-10 6.4200E-10 6.9871E-10 7.5937E-10 8.2801E-10 8.9794E-10 9.7429E-10 1.0542E-09 1.1404E-09 1.2303E-09 1.3276E-09 1.4281E-09 1.5339E-09 1.6495E-09 1.7717E-09 1.9043E-09 2.0514E-09 2.2116E-09 2.3744E-09 2.5561E-09 2.7390E-09 2.9296E-09 3.1407E-09 3.3574E-09 3.5918E-09 3.8372E-09 4.0975E-09 4.3826E-09 4.6765E-09 4.9914E-09 5.3291E-09 5.6835E-09 6.0480E-09 6.4369E-09
2.6630E-11 2.9696E-11 3.6198E-11 5.2244E-11 6.4232E-11 7.3226E-11 8.3275E-11 9.4435E-11 1.0680E-10 1.2047E-10 1.3569E-10 1.5240E-10 1.7274E-10 1.9658E-10 2.1901E-10 2.4678E-10 2.7151E-10 3.0351E-10 3.3332E-10 3.6797E-10 4.0612E-10 4.4418E-10 4.9168E-10 5.3671E-10 5.8958E-10 6.4284E-10 6.9944E-10 7.6375E-10 8.2923E-10 9.0090E-10 9.7566E-10 1.0571E-09 1.1418E-09 1.2335E-09 1.3285E-09 1.4285E-09 1.5336E-09 1.6542E-09 1.7771E-09 1.9170E-09 2.0768E-09 2.2302E-09 2.4127E-09 2.5888E-09 2.7744E-09 2.9813E-09 3.1939E-09 3.4250E-09 3.6675E-09 3.9283E-09 4.2103E-09 4.5039E-09 4.8291E-09 5.1615E-09 5.5211E-09 5.8962E-09 6.2917E-09
1.2239E-11 2.6589E-11 3.2527E-11 3.6191E-11 4.3510E-11 6.5770E-11 7.4883E-11 8.4979E-11 9.6244E-11 1.0870E-10 1.2249E-10 1.3773E-10 1.5462E-10 1.7570E-10 1.9549E-10 2.2116E-10 2.4530E-10 2.7580E-10 3.0295E-10 3.3491E-10 3.7011E-10 4.0508E-10 4.4912E-10 4.9077E-10 5.3940E-10 5.8944E-10 6.4205E-10 7.0211E-10 7.6317E-10 8.3018E-10 9.0012E-10 9.7655E-10 1.0560E-09 1.1421E-09 1.2314E-09 1.3254E-09 1.4244E-09 1.5389E-09 1.6555E-09 1.7890E-09 1.9431E-09 2.0902E-09 2.2696E-09 2.4379E-09 2.6177E-09 2.8198E-09 3.0294E-09 3.2543E-09 3.4928E-09 3.7562E-09 4.0303E-09 4.3222E-09 4.6485E-09 4.9807E-09 5.3433E-09 5.7235E-09 6.1266E-09
9.8881E-12 1.0978E-11 1.6266E-11 3.2362E-11 3.9034E-11 4.4946E-11 6.7048E-11 7.6170E-11 8.6368E-11 9.7616E-11 1.1016E-10 1.2402E-10 1.3930E-10 1.5829E-10 1.7481E-10 1.9776E-10 2.1944E-10 2.4666E-10 2.7258E-10 3.0291E-10 3.3591E-10 3.6801E-10 4.0882E-10 4.4722E-10 4.9177E-10 5.3860E-10 5.8735E-10 6.4319E-10 6.9993E-10 7.6170E-10 8.2753E-10 8.9896E-10 9.7309E-10 1.0535E-09 1.1370E-09 1.2252E-09 1.3181E-09 1.4212E-09 1.5361E-09 1.6591E-09 1.8058E-09 1.9514E-09 2.1214E-09 2.2872E-09 2.4606E-09 2.6572E-09 2.8630E-09 3.0806E-09 3.3139E-09 3.5736E-09 3.8432E-09 4.1328E-09 4.4569E-09 4.7895E-09 5.1577E-09 5.5362E-09 5.9459E-09
6.1087E-12 9.7969E-12 1.2210E-11 1.3522E-11 3.4883E-11 4.0217E-11 4.6172E-11 6.7975E-11 7.7167E-11 8.7310E-11 9.8644E-11 1.1113E-10 1.2501E-10 1.4235E-10 1.5717E-10 1.7781E-10 1.9607E-10 2.2057E-10 2.4414E-10 2.7107E-10 3.0113E-10 3.3148E-10 3.6964E-10 4.0569E-10 4.4720E-10 4.9043E-10 5.3539E-10 5.8714E-10 6.3965E-10 6.9623E-10 7.5814E-10 8.2451E-10 8.9319E-10 9.6792E-10 1.0460E-09 1.1281E-09 1.2148E-09 1.3115E-09 1.4147E-09 1.5299E-09 1.6759E-09 1.8092E-09 1.9785E-09 2.1374E-09 2.3039E-09 2.4943E-09 2.6935E-09 2.9037E-09 3.1316E-09 3.3855E-09 3.6506E-09 3.9428E-09 4.2570E-09 4.5871E-09 4.9575E-09 5.3359E-09 5.7483E-09
3.2011E-12 5.9939E-12 1.0745E-11 1.2062E-11 1.4762E-11 3.5850E-11 4.1184E-11 4.7216E-11 5.3950E-11 7.7744E-11 8.7941E-11 9.9185E-11 1.1170E-10 1.2740E-10 1.4075E-10 1.5955E-10 1.7592E-10 1.9825E-10 2.1828E-10 2.4240E-10 2.6976E-10 2.9750E-10 3.3209E-10 3.6447E-10 4.0296E-10 4.4335E-10 4.8466E-10 5.3172E-10 5.8174E-10 6.3419E-10 6.9182E-10 7.5313E-10 8.1682E-10 8.8519E-10 9.5828E-10 1.0346E-09 1.1152E-09 1.2054E-09 1.3017E-09 1.4099E-09 1.5447E-09 1.6745E-09 1.8364E-09 1.9879E-09 2.1471E-09 2.3305E-09 2.5230E-09 2.7261E-09 2.9537E-09 3.1936E-09 3.4521E-09 3.7405E-09 4.0506E-09 4.3754E-09 4.7448E-09 5.1227E-09 5.5380E-09
