Assets/Resources/2015_m01_d25_2200(utc+0800)_l00_csi_1hr_conc.grd
DSAA
         159         159
     -79.000      79.000
     -79.000      79.000
  0.0000E+00  0.8626E-04
[rows 75 to 99 of 159, columns 0 to 56 of 159]
0.0000E+00 0.0000E+00 0.0000E+00 0.0000E+00 0.0000E+00 0.0000E+00 0.0000E+00 0.0000E+00 0.0000E+00 0.0000E+00 0.0000E+00 0.0000E+00 0.0000E+00 0.0000E+00 0.0000E+00 0.0000E+00 0.0000E+00 0.0000E+00 0.0000E+00 0.0000E+00 0.0000E+00 0.0000E+00 0.0000E+00 0.0000E+00 3.6275E-12 7.5821E-12 1.0965E-11 1.4747E-11 1.8943E-11 2.2133E-11 2.7272E-11 3.2923E-11 3.9121E-11 5.6291E-11 7.2133E-11 9.6492E-11 1.5301E-10 1.9454E-10 2.3547E-10 2.7061E-10 3.1023E-10 3.6062E-10 4.1208E-10 4.7701E-10 5.4077E-10 6.1189E-10 6.9100E-10 7.7873E-10 8.9035E-10 1.0184E-09 1.1460E-09 1.2873E-09 1.4434E-09 1.6516E-09 1.8909E-09 2.1850E-09 2.7073E-09
0.0000E+00 0.0000E+00 0.0000E+00 0.0000E+00 0.0000E+00 0.0000E+00 0.0000E+00 0.0000E+00 0.0000E+00 0.0000E+00 0.0000E+00 0.0000E+00 0.0000E+00 0.0000E+00 0.0000E+00 0.0000E+00 0.0000E+00 0.0000E+00 0.0000E+00 0.0000E+00 0.0000E+00 0.0000E+00 0.0000E+00 0.0000E+00 3.5484E-12 6.4680E-12 1.0723E-11 1.4425E-11 1.8535E-11 2.1643E-11 2.6679E-11 3.2218E-11 4.3360E-11 6.0768E-11 7.1972E-11 1.2871E-10 1.6212E-10 2.0333E-10 2.3867E-10 2.7465E-10 3.1527E-10 3.6332E-10 4.2518E-10 4.8579E-10 5.5279E-10 6.2606E-10 7.0761E-10 7.9811E-10 9.1382E-10 1.0468E-09 1.1790E-09 1.3255E-09 1.4874E-09 1.7031E-09 2.0007E-09 2.2638E-09 2.8624E-09
0.0000E+00 0.0000E+00 0.0000E+00 0.0000E+00 0.0000E+00 0.0000E+00 0.0000E+00 0.0000E+00 0.0000E+00 0.0000E+00 0.0000E+00 0.0000E+00 0.0000E+00 0.0000E+00 0.0000E+00 0.0000E+00 0.0000E+00 0.0000E+00 0.0000E+00 0.0000E+00 0.0000E+00 0.0000E+00 0.0000E+00 0.0000E+00 2.4849E-12 6.3191E-12 9.5395E-12 1.4090E-11 1.6669E-11 2.1133E-11 2.6060E-11 3.1483E-11 4.7399E-11 5.9683E-11 7.5296E-11 1.2894E-10 1.6317E-10 2.0541E-10 2.4158E-10 2.7838E-10 3.1995E-10 3.6677E-10 4.3021E-10 4.9339E-10 5.6280E-10 6.3949E-10 7.2338E-10 8.2937E-10 9.5086E-10 1.0738E-09 1.2104E-09 1.3618E-09 1.5294E-09 1.7518E-09 2.0600E-09 2.3323E-09 2.9450E-09
0.0000E+00 0.0000E+00 0.0000E+00 0.0000E+00 0.0000E+00 0.0000E+00 0.0000E+00 0.0000E+00 0.0000E+00 0.0000E+00 0.0000E+00 0.0000E+00 0.0000E+00 0.0000E+00 0.0000E+00 0.0000E+00 0.0000E+00 0.0000E+00 0.0000E+00 0.0000E+00 0.0000E+00 0.0000E+00 0.0000E+00 0.0000E+00 2.4257E-12 5.1896E-12 9.3081E-12 1.1409E-11 1.5346E-11 1.9715E-11 2.4542E-11 2.9860E-11 4.5462E-11 5.9431E-11 7.7052E-11 1.3275E-10 1.6531E-10 2.0850E-10 2.4544E-10 2.8300E-10 3.2544E-10 3.7329E-10 4.3472E-10 5.0040E-10 5.7142E-10 6.5067E-10 7.3812E-10 8.4728E-10 9.7256E-10 1.0991E-09 1.2399E-09 1.3960E-09 1.5688E-09 1.8400E-09 2.1148E-09 2.3953E-09 3.0177E-09
0.0000E+00 0.0000E+00 0.0000E+00 0.0000E+00 0.0000E+00 0.0000E+00 0.0000E+00 0.0000E+00 0.0000E+00 0.0000E+00 0.0000E+00 0.0000E+00 0.0000E+00 0.0000E+00 0.0000E+00 0.0000E+00 0.0000E+00 0.0000E+00 0.0000E+00 0.0000E+00 0.0000E+00 0.0000E+00 0.0000E+00 0.0000E+00 1.0147E-12 3.6857E-12 6.7181E-12 1.1107E-11 1.4945E-11 1.9207E-11 2.3917E-11 2.9110E-11 4.5015E-11 5.9106E-11 7.6015E-11 1.3274E-10 1.6594E-10 2.1392E-10 2.4769E-10 2.8597E-10 3.2925E-10 3.7805E-10 4.4091E-10 5.0443E-10 5.7921E-10 6.6018E-10 7.5031E-10 8.6378E-10 9.9255E-10 1.1225E-09 1.2671E-09 1.4276E-09 1.6053E-09 1.8831E-09 2.1644E-09 2.4520E-09 3.0794E-09
0.0000E+00 0.0000E+00 0.0000E+00 0.0000E+00 0.0000E+00 0.0000E+00 0.0000E+00 0.0000E+00 0.0000E+00 0.0000E+00 0.0000E+00 0.0000E+00 0.0000E+00 0.0000E+00 0.0000E+00 0.0000E+00 0.0000E+00 0.0000E+00 0.0000E+00 0.0000E+00 0.0000E+00 0.0000E+00 0.0000E+00 0.0000E+00 0.0000E+00 3.5836E-12 6.5337E-12 9.8634E-12 1.4533E-11 1.8683E-11 2.2366E-11 2.7447E-11 4.3647E-11 5.7858E-11 1.0732E-10 1.4177E-10 1.7643E-10 2.1651E-10 2.5080E-10 2.8970E-10 3.3248E-10 3.8218E-10 4.4634E-10 5.1109E-10 5.8491E-10 6.6858E-10 7.6052E-10 8.7730E-10 1.0106E-09 1.1436E-09 1.2917E-09 1.4562E-09 1.6383E-09 1.9216E-09 2.2081E-09 2.5520E-09 3.1296E-09
0.0000E+00 0.0000E+00 0.0000E+00 0.0000E+00 0.0000E+00 0.0000E+00 0.0000E+00 0.0000E+00 0.0000E+00 0.0000E+00 0.0000E+00 0.0000E+00 0.0000E+00 0.0000E+00 0.0000E+00 0.0000E+00 0.0000E+00 0.0000E+00 0.0000E+00 0.0000E+00 0.0000E+00 0.0000E+00 0.0000E+00 0.0000E+00 0.0000E+00 2.5048E-12 6.3447E-12 9.5808E-12 1.3213E-11 1.7262E-11 2.1745E-11 3.1729E-11 4.3135E-11 5.7421E-11 1.0792E-10 1.4197E-10 1.8340E-10 2.1744E-10 2.5222E-10 2.9170E-10 3.3639E-10 3.9364E-10 4.5214E-10 5.1798E-10 5.9187E-10 6.7575E-10 7.6929E-10 8.8839E-10 1.0251E-09 1.1622E-09 1.3134E-09 1.4814E-09 1.6676E-09 1.9549E-09 2.2454E-09 2.5947E-09 3.1677E-09
0.0000E+00 0.0000E+00 0.0000E+00 0.0000E+00 0.0000E+00 0.0000E+00 0.0000E+00 0.0000E+00 0.0000E+00 0.0000E+00 0.0000E+00 0.0000E+00 0.0000E+00 0.0000E+00 0.0000E+00 0.0000E+00 0.0000E+00 0.0000E+00 0.0000E+00 0.0000E+00 0.0000E+00 0.0000E+00 0.0000E+00 0.0000E+00 0.0000E+00 2.4302E-12 5.1991E-12 8.3331E-12 1.2819E-11 1.6752E-11 2.1111E-11 3.5063E-11 4.6582E-11 5.6029E-11 1.0564E-10 1.4280E-10 1.8481E-10 2.1925E-10 2.5442E-10 2.9310E-10 3.3837E-10 3.9648E-10 4.5582E-10 5.2262E-10 5.9762E-10 6.8157E-10 7.7647E-10 8.9755E-10 1.0366E-09 1.1767E-09 1.3319E-09 1.5029E-09 1.7296E-09 1.9827E-09 2.2759E-09 2.6289E-09 3.0339E-09
0.0000E+00 0.0000E+00 0.0000E+00 0.0000E+00 0.0000E+00 0.0000E+00 0.0000E+00 0.0000E+00 0.0000E+00 0.0000E+00 0.0000E+00 0.0000E+00 0.0000E+00 0.0000E+00 0.0000E+00 0.0000E+00 0.0000E+00 0.0000E+00 0.0000E+00 0.0000E+00 0.0000E+00 0.0000E+00 0.0000E+00 0.0000E+00 0.0000E+00 0.0000E+00 5.0377E-12 8.0762E-12 1.1495E-11 1.5317E-11 1.8095E-11 3.3667E-11 4.6108E-11 6.0246E-11 1.0587E-10 1.4332E-10 1.8497E-10 2.1935E-10 2.5485E-10 2.9520E-10 3.4092E-10 3.9970E-10 4.5847E-10 5.2608E-10 6.0201E-10 6.8703E-10 7.8194E-10 9.0462E-10 1.0455E-09 1.1875E-09 1.3446E-09 1.5205E-09 1.7502E-09 2.0034E-09 2.3380E-09 2.6542E-09 3.0602E-09
0.0000E+00 0.0000E+00 0.0000E+00 0.0000E+00 0.0000E+00 0.0000E+00 0.0000E+00 0.0000E+00 0.0000E+00 0.0000E+00 0.0000E+00 0.0000E+00 0.0000E+00 0.0000E+00 0.0000E+00 0.0000E+00 0.0000E+00 0.0000E+00 0.0000E+00 0.0000E+00 0.0000E+00 0.0000E+00 0.0000E+00 0.0000E+00 0.0000E+00 0.0000E+00 2.5472E-12 6.4325E-12 9.7144E-12 1.3400E-11 1.7509E-11 3.3147E-11 4.5563E-11 5.8780E-11 1.0550E-10 1.4481E-10 1.8562E-10 2.2026E-10 2.5470E-10 2.9535E-10 3.4145E-10 4.0078E-10 4.6133E-10 5.2954E-10 6.0496E-10 6.9083E-10 7.8671E-10 9.0948E-10 1.0528E-09 1.1953E-09 1.3551E-09 1.5315E-09 1.7643E-09 2.0177E-09 2.3514E-09 2.6703E-09 3.0753E-09
0.0000E+00 0.0000E+00 0.0000E+00 0.0000E+00 0.0000E+00 0.0000E+00 0.0000E+00 0.0000E+00 0.0000E+00 0.0000E+00 0.0000E+00 0.0000E+00 0.0000E+00 0.0000E+00 0.0000E+00 0.0000E+00 0.0000E+00 0.0000E+00 0.0000E+00 0.0000E+00 0.0000E+00 0.0000E+00 0.0000E+00 0.0000E+00 0.0000E+00 0.0000E+00 2.4600E-12 5.2621E-12 8.4334E-12 1.2000E-11 1.5987E-11 3.1672E-11 4.4063E-11 5.8159E-11 1.0537E-10 1.4475E-10 1.8497E-10 2.1982E-10 2.5531E-10 2.9614E-10 3.4246E-10 4.0087E-10 4.6181E-10 5.3048E-10 6.0765E-10 6.9411E-10 7.8947E-10 9.1314E-10 1.0551E-09 1.2008E-09 1.3607E-09 1.5682E-09 1.7734E-09 2.0237E-09 2.3560E-09 2.7083E-09 3.0792E-09
0.0000E+00 0.0000E+00 0.0000E+00 0.0000E+00 0.0000E+00 0.0000E+00 0.0000E+00 0.0000E+00 0.0000E+00 0.0000E+00 0.0000E+00 0.0000E+00 0.0000E+00 0.0000E+00 0.0000E+00 0.0000E+00 0.0000E+00 0.0000E+00 0.0000E+00 0.0000E+00 0.0000E+00 0.0000E+00 0.0000E+00 0.0000E+00 0.0000E+00 0.0000E+00 2.3722E-12 5.0754E-12 8.1362E-12 1.1581E-11 1.5432E-11 3.1106E-11 4.3419E-11 5.7436E-11 1.0253E-10 1.4348E-10 1.8479E-10 2.1973E-10 2.5442E-10 2.9493E-10 3.4139E-10 4.0127E-10 4.6239E-10 5.3004E-10 6.0754E-10 6.9438E-10 7.9138E-10 9.1551E-10 1.0567E-09 1.2018E-09 1.3634E-09 1.5701E-09 1.7770E-09 2.0239E-09 2.3493E-09 2.7005E-09 3.0685E-09
0.0000E+00 0.0000E+00 0.0000E+00 0.0000E+00 0.0000E+00 0.0000E+00 0.0000E+00 0.0000E+00 0.0000E+00 0.0000E+00 0.0000E+00 0.0000E+00 0.0000E+00 0.0000E+00 0.0000E+00 0.0000E+00 0.0000E+00 0.0000E+00 0.0000E+00 0.0000E+00 0.0000E+00 0.0000E+00 0.0000E+00 0.0000E+00 0.0000E+00 0.0000E+00 0.0000E+00 2.5510E-12 6.8686E-12 1.1159E-11 1.4875E-11 3.0495E-11 4.1793E-11 5.4194E-11 1.0197E-10 1.4278E-10 1.8416E-10 2.1823E-10 2.5381E-10 2.9431E-10 3.4074E-10 3.9936E-10 4.6052E-10 5.2950E-10 6.0706E-10 6.9276E-10 7.8992E-10 9.1413E-10 1.0564E-09 1.1993E-09 1.3610E-09 1.5671E-09 1.7739E-09 2.0419E-09 2.3339E-09 2.6787E-09 3.0442E-09
0.0000E+00 0.0000E+00 0.0000E+00 0.0000E+00 0.0000E+00 0.0000E+00 0.0000E+00 0.0000E+00 0.0000E+00 0.0000E+00 0.0000E+00 0.0000E+00 0.0000E+00 0.0000E+00 0.0000E+00 0.0000E+00 0.0000E+00 0.0000E+00 0.0000E+00 0.0000E+00 0.0000E+00 0.0000E+00 0.0000E+00 0.0000E+00 0.0000E+00 0.0000E+00 0.0000E+00 2.4524E-12 5.2452E-12 8.4062E-12 1.1963E-11 2.7481E-11 3.9566E-11 5.3346E-11 1.0116E-10 1.4083E-10 1.8222E-10 2.1709E-10 2.5254E-10 2.9207E-10 3.3797E-10 3.9770E-10 4.5870E-10 5.2627E-10 6.0370E-10 6.9051E-10 7.8626E-10 9.1013E-10 1.0518E-09 1.1955E-09 1.3545E-09 1.5603E-09 1.7652E-09 2.0272E-09 2.3122E-09 2.6496E-09 3.0063E-09
0.0000E+00 0.0000E+00 0.0000E+00 0.0000E+00 0.0000E+00 0.0000E+00 0.0000E+00 0.0000E+00 0.0000E+00 0.0000E+00 0.0000E+00 0.0000E+00 0.0000E+00 0.0000E+00 0.0000E+00 0.0000E+00 0.0000E+00 0.0000E+00 0.0000E+00 0.0000E+00 0.0000E+00 0.0000E+00 0.0000E+00 0.0000E+00 0.0000E+00 0.0000E+00 0.0000E+00 0.0000E+00 5.0359E-12 8.0730E-12 1.1492E-11 2.6871E-11 3.8796E-11 5.1492E-11 9.9229E-11 1.3947E-10 1.8071E-10 2.1450E-10 2.4978E-10 2.8996E-10 3.3561E-10 3.9371E-10 4.5441E-10 5.2290E-10 5.9994E-10 6.8509E-10 7.8168E-10 9.0472E-10 1.0440E-09 1.1869E-09 1.3660E-09 1.5475E-09 1.7519E-09 2.0027E-09 2.3008E-09 2.6118E-09 2.9601E-09
0.0000E+00 0.0000E+00 0.0000E+00 0.0000E+00 0.0000E+00 0.0000E+00 0.0000E+00 0.0000E+00 0.0000E+00 0.0000E+00 0.0000E+00 0.0000E+00 0.0000E+00 0.0000E+00 0.0000E+00 0.0000E+00 0.0000E+00 0.0000E+00 0.0000E+00 0.0000E+00 0.0000E+00 0.0000E+00 0.0000E+00 0.0000E+00 0.0000E+00 0.0000E+00 0.0000E+00 0.0000E+00 2.5161E-12 6.8023E-12 1.0096E-11 2.5311E-11 3.7070E-11 5.0496E-11 9.7967E-11 1.3505E-10 1.7788E-10 2.1229E-10 2.4725E-10 2.8622E-10 3.3153E-10 3.8997E-10 4.4887E-10 5.1684E-10 5.9330E-10 6.7903E-10 7.7363E-10 8.9550E-10 1.0344E-09 1.1748E-09 1.3515E-09 1.5322E-09 1.7488E-09 1.9772E-09 2.2604E-09 2.5645E-09 2.9044E-09
0.0000E+00 0.0000E+00 0.0000E+00 0.0000E+00 0.0000E+00 0.0000E+00 0.0000E+00 0.0000E+00 0.0000E+00 0.0000E+00 0.0000E+00 0.0000E+00 0.0000E+00 0.0000E+00 0.0000E+00 0.0000E+00 0.0000E+00 0.0000E+00 0.0000E+00 0.0000E+00 0.0000E+00 0.0000E+00 0.0000E+00 0.0000E+00 0.0000E+00 0.0000E+00 0.0000E+00 0.0000E+00 2.4078E-12 5.1492E-12 8.2527E-12 2.4671E-11 3.6217E-11 4.8475E-11 9.5560E-11 1.3308E-10 1.7551E-10 2.0954E-10 2.4323E-10 2.8265E-10 3.2744E-10 3.8433E-10 4.4346E-10 5.1066E-10 5.8501E-10 6.6985E-10 7.6470E-10 8.8367E-10 1.0205E-09 1.1604E-09 1.3328E-09 1.5110E-09 1.7246E-09 1.9480E-09 2.2179E-09 2.5086E-09 2.8078E-09
0.0000E+00 0.0000E+00 0.0000E+00 0.0000E+00 0.0000E+00 0.0000E+00 0.0000E+00 0.0000E+00 0.0000E+00 0.0000E+00 0.0000E+00 0.0000E+00 0.0000E+00 0.0000E+00 0.0000E+00 0.0000E+00 0.0000E+00 0.0000E+00 0.0000E+00 0.0000E+00 0.0000E+00 0.0000E+00 0.0000E+00 0.0000E+00 0.0000E+00 0.0000E+00 0.0000E+00 0.0000E+00 0.0000E+00 3.9630E-12 6.9454E-12 2.1650E-11 3.2938E-11 4.5851E-11 9.2340E-11 1.2741E-10 1.7181E-10 2.0541E-10 2.3949E-10 2.7745E-10 3.2166E-10 3.7856E-10 4.3599E-10 5.0186E-10 5.7644E-10 6.5881E-10 7.5239E-10 8.7063E-10 9.8915E-10 1.1543E-09 1.3114E-09 1.4852E-09 1.6940E-09 1.9140E-09 2.1715E-09 2.4514E-09 2.7504E-09
0.0000E+00 0.0000E+00 0.0000E+00 0.0000E+00 0.0000E+00 0.0000E+00 0.0000E+00 0.0000E+00 0.0000E+00 0.0000E+00 0.0000E+00 0.0000E+00 0.0000E+00 0.0000E+00 0.0000E+00 0.0000E+00 0.0000E+00 0.0000E+00 0.0000E+00 0.0000E+00 0.0000E+00 0.0000E+00 0.0000E+00 0.0000E+00 0.0000E+00 0.0000E+00 0.0000E+00 0.0000E+00 0.0000E+00 2.4439E-12 6.6341E-12 2.1041E-11 3.2066E-11 4.4684E-11 8.7171E-11 1.2188E-10 1.6863E-10 2.0166E-10 2.3427E-10 2.7249E-10 3.1594E-10 3.7093E-10 4.2827E-10 4.9302E-10 5.6506E-10 6.4734E-10 7.3932E-10 8.5392E-10 9.7161E-10 1.1323E-09 1.2850E-09 1.4563E-09 1.6584E-09 1.8733E-09 2.1114E-09 2.3906E-09 2.6862E-09
0.0000E+00 0.0000E+00 0.0000E+00 0.0000E+00 0.0000E+00 0.0000E+00 0.0000E+00 0.0000E+00 0.0000E+00 0.0000E+00 0.0000E+00 0.0000E+00 0.0000E+00 0.0000E+00 0.0000E+00 0.0000E+00 0.0000E+00 0.0000E+00 0.0000E+00 0.0000E+00 0.0000E+00 0.0000E+00 0.0000E+00 0.0000E+00 0.0000E+00 0.0000E+00 0.0000E+00 0.0000E+00 0.0000E+00 0.0000E+00 4.0169E-12 1.8044E-11 3.0219E-11 4.2541E-11 8.5159E-11 1.1134E-10 1.6414E-10 1.9655E-10 2.2940E-10 2.6685E-10 3.0857E-10 3.5689E-10 4.1857E-10 4.8207E-10 5.5353E-10 6.3288E-10 7.2307E-10 8.2356E-10 9.5018E-10 1.1061E-09 1.2563E-09 1.4222E-09 1.6195E-09 1.8274E-09 2.0588E-09 2.3296E-09 2.6146E-09
0.0000E+00 0.0000E+00 0.0000E+00 0.0000E+00 0.0000E+00 0.0000E+00 0.0000E+00 0.0000E+00 0.0000E+00 0.0000E+00 0.0000E+00 0.0000E+00 0.0000E+00 0.0000E+00 0.0000E+00 0.0000E+00 0.0000E+00 0.0000E+00 0.0000E+00 0.0000E+00 0.0000E+00 0.0000E+00 0.0000E+00 0.0000E+00 0.0000E+00 0.0000E+00 0.0000E+00 0.0000E+00 0.0000E+00 0.0000E+00 2.4617E-12 1.7484E-11 2.7882E-11 3.5131E-11 8.2015E-11 1.0755E-10 1.5846E-10 1.9191E-10 2.2309E-10 2.5972E-10 3.0137E-10 3.4771E-10 4.0876E-10 4.7079E-10 5.3977E-10 6.1816E-10 7.0497E-10 8.0320E-10 9.2759E-10 1.0770E-09 1.2232E-09 1.3857E-09 1.5647E-09 1.7779E-09 2.0009E-09 2.2615E-09 2.5377E-09
0.0000E+00 0.0000E+00 0.0000E+00 0.0000E+00 0.0000E+00 0.0000E+00 0.0000E+00 0.0000E+00 0.0000E+00 0.0000E+00 0.0000E+00 0.0000E+00 0.0000E+00 0.0000E+00 0.0000E+00 0.0000E+00 0.0000E+00 0.0000E+00 0.0000E+00 0.0000E+00 0.0000E+00 0.0000E+00 0.0000E+00 0.0000E+00 0.0000E+00 0.0000E+00 0.0000E+00 0.0000E+00 0.0000E+00 0.0000E+00 0.0000E+00 1.4566E-11 2.6037E-11 3.3053E-11 7.8220E-11 1.0297E-10 1.5178E-10 1.8595E-10 2.1724E-10 2.5291E-10 2.9260E-10 3.3864E-10 3.9710E-10 4.5755E-10 5.2560E-10 6.0109E-10 6.8652E-10 7.8216E-10 9.0147E-10 1.0230E-09 1.1870E-09 1.3445E-09 1.5190E-09 1.7230E-09 1.9394E-09 2.1766E-09 2.4538E-09
0.0000E+00 0.0000E+00 0.0000E+00 0.0000E+00 0.0000E+00 0.0000E+00 0.0000E+00 0.0000E+00 0.0000E+00 0.0000E+00 0.0000E+00 0.0000E+00 0.0000E+00 0.0000E+00 0.0000E+00 0.0000E+00 0.0000E+00 0.0000E+00 0.0000E+00 0.0000E+00 0.0000E+00 0.0000E+00 0.0000E+00 0.0000E+00 0.0000E+00 0.0000E+00 0.0000E+00 0.0000E+00 0.0000E+00 0.0000E+00 0.0000E+00 1.2699E-11 1.9065E-11 2.9463E-11 7.4824E-11 9.3275E-11 1.4556E-10 1.8054E-10 2.1000E-10 2.4469E-10 2.8413E-10 3.2796E-10 3.8550E-10 4.4419E-10 5.0939E-10 5.8356E-10 6.6563E-10 7.5811E-10 8.7458E-10 9.9117E-10 1.1496E-09 1.3004E-09 1.4688E-09 1.6548E-09 1.8726E-09 2.1017E-09 2.3519E-09
0.0000E+00 0.0000E+00 0.0000E+00 0.0000E+00 0.0000E+00 0.0000E+00 0.0000E+00 0.0000E+00 0.0000E+00 0.0000E+00 0.0000E+00 0.0000E+00 0.0000E+00 0.0000E+00 0.0000E+00 0.0000E+00 0.0000E+00 0.0000E+00 0.0000E+00 0.0000E+00 0.0000E+00 0.0000E+00 0.0000E+00 0.0000E+00 0.0000E+00 0.0000E+00 0.0000E+00 0.0000E+00 0.0000E+00 0.0000E+00 0.0000E+00 0.0000E+00 1.5999E-11 2.8376E-11 7.0833E-11 8.8593E-11 1.3996E-10 1.7388E-10 2.0333E-10 2.3690E-10 2.7420E-10 3.1755E-10 3.7311E-10 4.2905E-10 4.9303E-10 5.6394E-10 6.4425E-10 7.3287E-10 8.3230E-10 9.5851E-10 1.1077E-09 1.2549E-09 1.4156E-09 1.5944E-09 1.8022E-09 2.0217E-09 2.2623E-09
0.0000E+00 0.0000E+00 0.0000E+00 0.0000E+00 0.0000E+00 0.0000E+00 0.0000E+00 0.0000E+00 0.0000E+00 0.0000E+00 0.0000E+00 0.0000E+00 0.0000E+00 0.0000E+00 0.0000E+00 0.0000E+00 0.0000E+00 0.0000E+00 0.0000E+00 0.0000E+00 0.0000E+00 0.0000E+00 0.0000E+00 0.0000E+00 0.0000E+00 0.0000E+00 0.0000E+00 0.0000E+00 0.0000E+00 0.0000E+00 0.0000E+00 0.0000E+00 1.3997E-11 2.4865E-11 3.8390E-11 8.4398E-11 1.2638E-10 1.6457E-10 1.9535E-10 2.2781E-10 2.6471E-10 3.0565E-10 3.5299E-10 4.1402E-10 4.7487E-10 5.4416E-10 6.2075E-10 7.0713E-10 8.0217E-10 9.2278E-10 1.0442E-09 1.2047E-09 1.3610E-09 1.5312E-09 1.7196E-09 1.9385E-09 2.1680E-09
