Assets/Resources/2015_m01_d16_1000(utc+0800)_l00_csi_1hr_conc.grd
DSAA
         159         159
     -79.000      79.000
     -79.000      79.000
  0.5427E-11  0.1028E-04
[rows 75 to 99 of 159, columns 57 to 113 of 159]
7.5643E-10 8.0624E-10 8.6539E-10 9.2962E-10 9.9009E-10 1.0599E-09 1.1275E-09 1.2053E-09 1.2876E-09 1.3813E-09 1.4757E-09 1.5937E-09 1.7009E-09 1.8222E-09 1.9442E-09 2.0751E-09 2.2138E-09 2.3619E-09 2.5187E-09 2.6849E-09 2.8618E-09 3.0430E-09 3.2345E-09 3.4376E-09 3.6521E-09 3.8714E-09 4.1023E-09 1.0578E-08 7.8233E-08 1.5483E-07 1.5639E-07 1.2690E-07 1.0549E-07 8.8250E-08 7.3856E-08 6.0732E-08 4.9447E-08 3.9831E-08 3.2199E-08 2.6229E-08 2.1898E-08 1.8831E-08 1.6809E-08 1.5582E-08 1.4941E-08 1.4715E-08 1.4847E-08 1.5269E-08 1.6028E-08 1.7040E-08 1.8243E-08 1.9621E-08 2.1112E-08 2.2710E-08 2.4174E-08 2.5810E-08 2.7532E-08
7.5026E-10 7.9962E-10 8.5189E-10 9.1483E-10 9.7483E-10 1.0512E-09 1.1182E-09 1.1952E-09 1.2767E-09 1.3696E-09 1.4631E-09 1.5685E-09 1.6805E-09 1.8006E-09 1.9274E-09 2.0572E-09 2.1946E-09 2.3414E-09 2.4968E-09 2.6616E-09 2.8369E-09 3.0165E-09 3.2064E-09 3.4076E-09 3.6203E-09 3.8376E-09 2.9134E-08 1.6096E-07 1.8149E-07 1.5238E-07 1.2340E-07 1.0214E-07 8.5202E-08 6.9851E-08 5.5795E-08 4.3819E-08 3.4251E-08 2.6827E-08 2.1513E-08 1.7770E-08 1.5307E-08 1.3781E-08 1.2969E-08 1.2616E-08 1.2640E-08 1.2908E-08 1.3365E-08 1.4003E-08 1.4851E-08 1.5899E-08 1.7158E-08 1.8434E-08 1.9852E-08 2.1362E-08 2.2756E-08 2.4313E-08 2.5962E-08
7.4389E-10 7.9278E-10 8.4453E-10 9.0683E-10 9.6623E-10 1.0350E-09 1.1079E-09 1.1841E-09 1.2651E-09 1.3570E-09 1.4495E-09 1.5539E-09 1.6594E-09 1.7777E-09 1.9034E-09 2.0378E-09 2.1738E-09 2.3192E-09 2.4731E-09 2.6363E-09 2.8099E-09 2.9877E-09 3.1757E-09 3.3750E-09 3.5856E-09 1.1720E-07 2.3472E-07 1.7742E-07 1.4169E-07 1.2735E-07 1.0839E-07 8.7795E-08 6.7505E-08 5.1462E-08 3.8390E-08 2.8654E-08 2.1774E-08 1.7146E-08 1.4193E-08 1.2385E-08 1.1382E-08 1.0939E-08 1.0858E-08 1.1039E-08 1.1430E-08 1.1938E-08 1.2548E-08 1.3276E-08 1.4150E-08 1.5205E-08 1.6333E-08 1.7523E-08 1.8839E-08 2.0255E-08 2.1561E-08 2.2997E-08 2.4554E-08
7.3712E-10 7.8549E-10 8.3670E-10 8.9830E-10 9.5706E-10 1.0251E-09 1.0971E-09 1.1726E-09 1.2526E-09 1.3436E-09 1.4350E-09 1.5382E-09 1.6426E-09 1.7596E-09 1.8785E-09 2.0112E-09 2.1514E-09 2.2953E-09 2.4475E-09 2.6090E-09 2.7807E-09 2.9566E-09 3.1426E-09 3.3407E-09 3.5123E-07 2.5967E-07 2.7974E-07 2.7892E-07 2.3900E-07 1.7753E-07 1.1501E-07 7.3868E-08 4.7624E-08 3.2711E-08 2.2889E-08 1.6887E-08 1.3302E-08 1.1226E-08 1.0109E-08 9.5874E-09 9.4621E-09 9.5797E-09 9.8759E-09 1.0299E-08 1.0819E-08 1.1407E-08 1.2082E-08 1.2809E-08 1.3714E-08 1.4701E-08 1.5777E-08 1.6909E-08 1.8103E-08 1.9393E-08 2.0611E-08 2.1922E-08 2.3374E-08
7.2996E-10 7.7778E-10 8.2841E-10 8.8928E-10 9.4736E-10 1.0146E-09 1.0858E-09 1.1603E-09 1.2394E-09 1.3292E-09 1.4196E-09 1.5216E-09 1.6247E-09 1.7404E-09 1.8578E-09 1.9887E-09 2.1220E-09 2.2631E-09 2.4202E-09 2.5798E-09 2.7496E-09 2.9234E-09 3.1071E-09 1.0285E-05 2.8410E-06 1.2343E-06 6.4152E-07 3.6759E-07 2.1993E-07 1.3036E-07 7.5068E-08 4.4205E-08 2.6114E-08 1.7402E-08 1.2424E-08 9.9920E-09 8.8532E-09 8.3994E-09 8.3085E-09 8.4274E-09 8.6803E-09 9.0283E-09 9.4462E-09 9.9438E-09 1.0512E-08 1.1136E-08 1.1791E-08 1.2496E-08 1.3363E-08 1.4313E-08 1.5332E-08 1.6368E-08 1.7483E-08 1.8670E-08 1.9812E-08 2.1018E-08 2.2379E-08
7.2243E-10 7.6967E-10 8.1967E-10 8.7977E-10 9.3713E-10 9.9787E-10 1.0738E-09 1.1474E-09 1.2255E-09 1.3142E-09 1.4034E-09 1.5041E-09 1.6059E-09 1.7201E-09 1.8360E-09 1.9652E-09 2.0968E-09 2.2361E-09 2.3850E-09 2.5488E-09 2.7164E-09 2.8880E-09 3.0694E-09 3.2617E-09 3.4649E-09 3.6728E-09 3.9000E-09 4.2034E-09 1.0879E-08 1.5927E-08 1.8180E-08 1.5662E-08 1.1419E-08 9.0476E-09 7.6345E-09 7.2048E-09 7.1903E-09 7.3772E-09 7.6648E-09 8.0092E-09 8.3931E-09 8.8165E-09 9.2745E-09 9.7692E-09 1.0314E-08 1.0916E-08 1.1567E-08 1.2234E-08 1.3033E-08 1.3950E-08 1.4891E-08 1.5875E-08 1.6920E-08 1.8031E-08 1.9120E-08 2.0222E-08 2.1500E-08
7.0742E-10 7.5413E-10 8.1052E-10 8.6980E-10 9.2641E-10 9.8634E-10 1.0557E-09 1.1284E-09 1.2055E-09 1.2983E-09 1.3863E-09 1.4856E-09 1.5860E-09 1.6986E-09 1.8130E-09 1.9404E-09 2.0702E-09 2.2076E-09 2.3545E-09 2.5099E-09 2.6814E-09 2.8506E-09 3.0295E-09 3.2192E-09 3.4196E-09 3.6241E-09 3.8395E-09 4.0742E-09 4.3222E-09 4.5916E-09 4.9318E-09 6.2020E-09 6.2739E-09 6.3023E-09 6.2393E-09 6.4381E-09 6.7372E-09 7.0907E-09 7.4684E-09 7.8618E-09 8.2709E-09 8.6953E-09 9.1404E-09 9.6184E-09 1.0137E-08 1.0706E-08 1.1321E-08 1.1973E-08 1.2783E-08 1.3616E-08 1.4498E-08 1.5411E-08 1.6397E-08 1.7455E-08 1.8514E-08 1.9527E-08 2.0732E-08
6.9931E-10 7.4539E-10 7.9414E-10 8.4571E-10 9.0792E-10 9.7407E-10 1.0426E-09 1.1086E-09 1.1846E-09 1.2709E-09 1.3682E-09 1.4663E-09 1.5652E-09 1.6762E-09 1.7889E-09 1.9144E-09 2.0424E-09 2.1777E-09 2.3225E-09 2.4756E-09 2.6386E-09 2.8113E-09 2.9876E-09 3.1745E-09 3.3719E-09 3.5733E-09 3.7854E-09 4.0166E-09 4.2603E-09 4.5090E-09 4.7702E-09 5.0547E-09 5.3420E-09 5.6835E-09 5.9585E-09 6.2875E-09 6.6306E-09 6.9881E-09 7.3601E-09 7.7477E-09 8.1507E-09 8.5685E-09 9.0029E-09 9.4652E-09 9.9681E-09 1.0512E-08 1.1095E-08 1.1753E-08 1.2493E-08 1.3295E-08 1.4149E-08 1.5001E-08 1.5930E-08 1.6925E-08 1.7959E-08 1.8892E-08 2.0039E-08
6.9088E-10 7.3629E-10 7.8433E-10 8.3515E-10 8.9641E-10 9.5469E-10 1.0223E-09 1.0938E-09 1.1687E-09 1.2481E-09 1.3384E-09 1.4408E-09 1.5433E-09 1.6528E-09 1.7637E-09 1.8873E-09 2.0133E-09 2.1465E-09 2.2890E-09 2.4397E-09 2.6002E-09 2.7702E-09 2.9437E-09 3.1276E-09 3.3219E-09 3.5201E-09 3.7288E-09 3.9563E-09 4.1961E-09 4.4408E-09 4.6976E-09 4.9771E-09 5.2605E-09 5.5571E-09 5.8671E-09 6.1908E-09 6.5284E-09 6.8802E-09 7.2463E-09 7.6277E-09 8.0244E-09 8.4355E-09 8.8611E-09 9.3089E-09 9.7946E-09 1.0324E-08 1.0887E-08 1.1518E-08 1.2224E-08 1.2984E-08 1.3784E-08 1.4610E-08 1.5503E-08 1.6439E-08 1.7451E-08 1.8307E-08 1.9389E-08
6.8193E-10 7.2685E-10 7.7416E-10 8.2420E-10 8.8446E-10 9.4183E-10 1.0083E-09 1.0787E-09 1.1523E-09 1.2304E-09 1.3193E-09 1.4085E-09 1.5153E-09 1.6231E-09 1.7376E-09 1.8530E-09 1.9769E-09 2.1140E-09 2.2542E-09 2.4024E-09 2.5602E-09 2.7274E-09 2.8980E-09 3.0788E-09 3.2698E-09 3.4646E-09 3.6697E-09 3.8935E-09 4.1292E-09 4.3697E-09 4.6221E-09 4.8968E-09 5.1754E-09 5.4669E-09 5.7716E-09 6.0898E-09 6.4217E-09 6.7674E-09 7.1273E-09 7.5022E-09 7.8921E-09 8.2963E-09 8.7144E-09 9.1500E-09 9.6184E-09 1.0130E-08 1.0678E-08 1.1295E-08 1.1983E-08 1.2700E-08 1.3453E-08 1.4236E-08 1.5087E-08 1.5976E-08 1.6944E-08 1.7761E-08 1.8801E-08
6.6640E-10 7.1709E-10 7.6365E-10 8.1288E-10 8.7212E-10 9.2854E-10 9.9391E-10 1.0630E-09 1.1354E-09 1.2122E-09 1.2995E-09 1.3872E-09 1.4863E-09 1.5863E-09 1.6987E-09 1.8184E-09 1.9457E-09 2.0745E-09 2.2122E-09 2.3637E-09 2.5122E-09 2.6830E-09 2.8505E-09 3.0282E-09 3.2158E-09 3.4070E-09 3.6084E-09 3.8282E-09 4.0597E-09 4.2958E-09 4.5436E-09 4.8134E-09 5.0869E-09 5.3731E-09 5.6723E-09 5.9847E-09 6.3106E-09 6.6500E-09 7.0034E-09 7.3715E-09 7.7544E-09 8.1513E-09 8.5619E-09 8.9878E-09 9.4396E-09 9.9329E-09 1.0463E-08 1.1064E-08 1.1740E-08 1.2446E-08 1.3161E-08 1.3895E-08 1.4687E-08 1.5548E-08 1.6457E-08 1.7236E-08 1.8238E-08
6.5724E-10 7.0000E-10 7.4585E-10 7.9432E-10 8.5278E-10 9.1484E-10 9.7349E-10 1.0414E-09 1.1126E-09 1.1934E-09 1.2792E-09 1.3652E-09 1.4625E-09 1.5607E-09 1.6710E-09 1.7827E-09 1.9074E-09 2.0342E-09 2.1751E-09 2.3180E-09 2.4695E-09 2.6307E-09 2.7952E-09 2.9758E-09 3.1599E-09 3.3475E-09 3.5451E-09 3.7606E-09 3.9877E-09 4.2193E-09 4.4624E-09 4.7271E-09 4.9953E-09 5.2760E-09 5.5695E-09 5.8759E-09 6.1955E-09 6.5285E-09 6.8750E-09 7.2360E-09 7.6116E-09 8.0010E-09 8.4037E-09 8.8207E-09 9.2588E-09 9.7329E-09 1.0246E-08 1.0827E-08 1.1486E-08 1.2183E-08 1.2885E-08 1.3583E-08 1.4336E-08 1.5137E-08 1.6002E-08 1.6754E-08 1.7692E-08
6.4782E-10 6.8984E-10 7.3488E-10 7.8249E-10 8.3281E-10 8.9356E-10 9.5122E-10 1.0182E-09 1.0892E-09 1.1633E-09 1.2475E-09 1.3424E-09 1.4381E-09 1.5343E-09 1.6425E-09 1.7521E-09 1.8744E-09 1.9987E-09 2.1365E-09 2.2770E-09 2.4255E-09 2.5836E-09 2.7448E-09 2.9151E-09 3.0956E-09 3.2862E-09 3.4797E-09 3.6910E-09 3.9136E-09 4.1404E-09 4.3786E-09 4.6283E-09 4.9008E-09 5.1759E-09 5.4634E-09 5.7636E-09 6.0767E-09 6.4030E-09 6.7425E-09 7.0962E-09 7.4642E-09 7.8457E-09 8.2403E-09 8.6488E-09 9.0749E-09 9.5318E-09 1.0026E-08 1.0589E-08 1.1229E-08 1.1906E-08 1.2594E-08 1.3277E-08 1.3997E-08 1.4766E-08 1.5588E-08 1.6290E-08 1.7175E-08
6.3794E-10 6.7921E-10 7.2363E-10 7.7036E-10 8.1975E-10 8.7931E-10 9.3588E-10 1.0015E-09 1.0709E-09 1.1435E-09 1.2205E-09 1.3081E-09 1.4077E-09 1.5070E-09 1.6133E-09 1.7206E-09 1.8405E-09 1.9623E-09 2.0909E-09 2.2286E-09 2.3803E-09 2.5352E-09 2.6931E-09 2.8598E-09 3.0366E-09 3.2232E-09 3.4127E-09 3.6195E-09 3.8374E-09 4.0594E-09 4.2925E-09 4.5369E-09 4.8037E-09 5.0729E-09 5.3543E-09 5.6481E-09 5.9546E-09 6.2739E-09 6.6062E-09 6.9522E-09 7.3124E-09 7.6859E-09 8.0722E-09 8.4719E-09 8.8873E-09 9.3283E-09 9.8040E-09 1.0311E-08 1.0969E-08 1.1627E-08 1.2301E-08 1.2958E-08 1.3649E-08 1.4399E-08 1.5189E-08 1.5865E-08 1.6707E-08
6.2156E-10 6.6212E-10 7.0495E-10 7.5796E-10 8.0639E-10 8.6473E-10 9.2018E-10 9.8448E-10 1.0524E-09 1.1236E-09 1.1989E-09 1.2847E-09 1.3707E-09 1.4739E-09 1.5780E-09 1.6882E-09 1.8058E-09 1.9250E-09 2.0509E-09 2.1857E-09 2.3281E-09 2.4797E-09 2.6401E-09 2.8033E-09 2.9762E-09 3.1587E-09 3.3440E-09 3.5463E-09 3.7593E-09 3.9765E-09 4.2044E-09 4.4433E-09 4.7042E-09 4.9674E-09 5.2425E-09 5.5298E-09 5.8294E-09 6.1416E-09 6.4664E-09 6.8047E-09 7.1568E-09 7.5220E-09 7.8997E-09 8.2904E-09 8.6957E-09 9.1224E-09 9.5806E-09 1.0070E-08 1.0670E-08 1.1348E-08 1.2002E-08 1.2643E-08 1.3313E-08 1.4017E-08 1.4788E-08 1.5448E-08 1.6247E-08
6.1165E-10 6.5141E-10 6.9341E-10 7.3840E-10 7.8594E-10 8.3613E-10 9.0395E-10 9.6134E-10 1.0281E-09 1.0978E-09 1.1716E-09 1.2609E-09 1.3450E-09 1.4402E-09 1.5360E-09 1.6439E-09 1.7588E-09 1.8809E-09 2.0041E-09 2.1419E-09 2.2810E-09 2.4292E-09 2.5861E-09 2.7455E-09 2.9145E-09 3.0928E-09 3.2739E-09 3.4643E-09 3.6797E-09 3.8917E-09 4.1143E-09 4.3477E-09 4.6026E-09 4.8596E-09 5.1283E-09 5.4089E-09 5.7015E-09 6.0064E-09 6.3237E-09 6.6539E-09 6.9977E-09 7.3544E-09 7.7234E-09 8.1049E-09 8.5002E-09 8.9137E-09 9.3549E-09 9.8268E-09 1.0408E-08 1.1029E-08 1.1685E-08 1.2315E-08 1.2964E-08 1.3647E-08 1.4383E-08 1.5019E-08 1.5788E-08
6.0113E-10 6.4030E-10 6.8143E-10 7.2571E-10 7.7225E-10 8.2139E-10 8.8075E-10 9.3699E-10 1.0023E-09 1.0713E-09 1.1435E-09 1.2259E-09 1.3186E-09 1.4119E-09 1.5055E-09 1.6109E-09 1.7173E-09 1.8364E-09 1.9571E-09 2.0912E-09 2.2275E-09 2.3713E-09 2.5311E-09 2.6867E-09 2.8517E-09 3.0258E-09 3.2025E-09 3.3883E-09 3.5916E-09 3.8055E-09 4.0227E-09 4.2503E-09 4.4991E-09 4.7499E-09 5.0120E-09 5.2858E-09 5.5712E-09 5.8687E-09 6.1782E-09 6.5003E-09 6.8356E-09 7.1837E-09 7.5437E-09 7.9158E-09 8.3011E-09 8.7024E-09 9.1276E-09 9.5812E-09 1.0144E-08 1.0746E-08 1.1383E-08 1.1993E-08 1.2623E-08 1.3285E-08 1.3979E-08 1.4601E-08 1.5328E-08
5.8428E-10 6.2268E-10 6.6301E-10 7.1257E-10 7.5834E-10 8.0642E-10 8.6441E-10 9.1940E-10 9.8324E-10 1.0506E-09 1.1212E-09 1.1958E-09 1.2810E-09 1.3778E-09 1.4742E-09 1.5774E-09 1.6813E-09 1.7975E-09 1.9153E-09 2.0461E-09 2.1790E-09 2.3194E-09 2.4689E-09 2.6208E-09 2.7880E-09 2.9577E-09 3.1300E-09 3.3112E-09 3.5093E-09 3.7179E-09 3.9296E-09 4.1515E-09 4.3939E-09 4.6384E-09 4.8939E-09 5.1606E-09 5.4389E-09 5.7287E-09 6.0304E-09 6.3442E-09 6.6708E-09 7.0101E-09 7.3610E-09 7.7237E-09 8.0990E-09 8.4885E-09 8.8993E-09 9.3353E-09 9.8774E-09 1.0461E-08 1.1079E-08 1.1670E-08 1.2285E-08 1.2918E-08 1.3582E-08 1.4190E-08 1.4865E-08
5.7385E-10 6.1163E-10 6.5108E-10 6.9271E-10 7.3731E-10 7.8438E-10 8.4127E-10 9.0134E-10 9.5829E-10 1.0241E-09 1.0985E-09 1.1713E-09 1.2544E-09 1.3374E-09 1.4315E-09 1.5380E-09 1.6445E-09 1.7580E-09 1.8729E-09 1.9941E-09 2.1238E-09 2.2606E-09 2.4125E-09 2.5605E-09 2.7167E-09 2.8822E-09 3.0566E-09 3.2330E-09 3.4260E-09 3.6291E-09 3.8352E-09 4.0513E-09 4.2874E-09 4.5254E-09 4.7742E-09 5.0339E-09 5.3048E-09 5.5870E-09 5.8806E-09 6.1860E-09 6.5038E-09 6.8341E-09 7.1759E-09 7.5289E-09 7.8941E-09 8.2723E-09 8.6687E-09 9.0892E-09 9.6102E-09 1.0173E-08 1.0774E-08 1.1350E-08 1.1942E-08 1.2553E-08 1.3197E-08 1.3782E-08 1.4420E-08
5.6329E-10 6.0002E-10 6.3878E-10 6.7947E-10 7.2324E-10 7.6922E-10 8.1773E-10 8.7639E-10 9.3182E-10 9.9630E-10 1.0643E-09 1.1413E-09 1.2223E-09 1.3082E-09 1.4002E-09 1.4922E-09 1.5960E-09 1.7065E-09 1.8237E-09 1.9421E-09 2.0744E-09 2.2077E-09 2.3495E-09 2.4996E-09 2.6516E-09 2.8126E-09 2.9824E-09 3.1541E-09 3.3419E-09 3.5394E-09 3.7399E-09 3.9501E-09 4.1702E-09 4.4112E-09 4.6532E-09 4.9058E-09 5.1692E-09 5.4437E-09 5.7292E-09 6.0261E-09 6.3351E-09 6.6562E-09 6.9887E-09 7.3320E-09 7.6869E-09 8.0544E-09 8.4373E-09 8.8417E-09 9.3084E-09 9.8470E-09 1.0464E-08 1.1025E-08 1.1602E-08 1.2197E-08 1.2808E-08 1.3380E-08 1.3983E-08
5.5282E-10 5.8215E-10 6.2007E-10 6.5987E-10 7.0184E-10 7.5368E-10 8.0125E-10 8.5841E-10 9.1247E-10 9.7530E-10 1.0416E-09 1.1109E-09 1.1841E-09 1.2736E-09 1.3632E-09 1.4579E-09 1.5592E-09 1.6610E-09 1.7750E-09 1.8903E-09 2.0185E-09 2.1485E-09 2.2922E-09 2.4382E-09 2.5860E-09 2.7426E-09 2.9076E-09 3.0745E-09 3.2498E-09 3.4490E-09 3.6439E-09 3.8481E-09 4.0620E-09 4.2962E-09 4.5312E-09 4.7766E-09 5.0326E-09 5.2992E-09 5.5766E-09 5.8649E-09 6.1649E-09 6.4768E-09 6.7999E-09 7.1335E-09 7.4780E-09 7.8347E-09 8.2047E-09 8.5942E-09 9.0057E-09 9.5615E-09 1.0118E-08 1.0695E-08 1.1244E-08 1.1834E-08 1.2430E-08 1.2994E-08 1.3544E-08
5.3553E-10 5.7052E-10 6.0754E-10 6.4658E-10 6.8775E-10 7.3158E-10 7.7782E-10 8.2656E-10 8.9274E-10 9.4833E-10 1.0131E-09 1.0861E-09 1.1574E-09 1.2388E-09 1.3260E-09 1.4181E-09 1.5167E-09 1.6208E-09 1.7319E-09 1.8440E-09 1.9686E-09 2.0949E-09 2.2282E-09 2.3700E-09 2.5137E-09 2.6721E-09 2.8324E-09 2.9944E-09 3.1647E-09 3.3512E-09 3.5472E-09 3.7455E-09 3.9531E-09 4.1804E-09 4.4085E-09 4.6467E-09 4.8951E-09 5.1539E-09 5.4231E-09 5.7029E-09 5.9938E-09 6.2963E-09 6.6099E-09 6.9337E-09 7.2680E-09 7.6138E-09 7.9720E-09 8.3460E-09 8.7423E-09 9.2417E-09 9.7751E-09 1.0347E-08 1.0896E-08 1.1461E-08 1.2046E-08 1.2617E-08 1.3114E-08
5.2510E-10 5.5923E-10 5.8865E-10 6.2679E-10 6.7334E-10 7.1626E-10 7.6132E-10 8.0881E-10 8.6626E-10 9.2045E-10 9.8352E-10 1.0500E-09 1.1194E-09 1.2045E-09 1.2883E-09 1.3781E-09 1.4678E-09 1.5751E-09 1.6769E-09 1.7972E-09 1.9122E-09 2.0350E-09 2.1644E-09 2.3021E-09 2.4476E-09 2.5946E-09 2.7502E-09 2.9141E-09 3.0792E-09 3.2601E-09 3.4502E-09 3.6425E-09 3.8438E-09 4.0642E-09 4.2854E-09 4.5163E-09 4.7572E-09 5.0080E-09 5.2690E-09 5.5402E-09 5.8221E-09 6.1151E-09 6.4192E-09 6.7333E-09 7.0573E-09 7.3921E-09 7.7390E-09 8.0987E-09 8.4785E-09 8.9592E-09 9.4730E-09 1.0019E-08 1.0544E-08 1.1091E-08 1.1657E-08 1.2239E-08 1.2691E-08
5.0771E-10 5.4104E-10 5.7661E-10 6.1377E-10 6.5273E-10 6.9379E-10 7.3772E-10 7.8402E-10 8.4681E-10 8.9953E-10 9.6081E-10 1.0254E-09 1.0929E-09 1.1642E-09 1.2515E-09 1.3387E-09 1.4308E-09 1.5293E-09 1.6281E-09 1.7389E-09 1.8507E-09 1.9751E-09 2.1010E-09 2.2403E-09 2.3814E-09 2.5239E-09 2.6747E-09 2.8336E-09 2.9936E-09 3.1688E-09 3.3531E-09 3.5393E-09 3.7343E-09 3.9382E-09 4.1621E-09 4.3857E-09 4.6190E-09 4.8619E-09 5.1147E-09 5.3773E-09 5.6501E-09 5.9337E-09 6.2281E-09 6.5324E-09 6.8462E-09 7.1701E-09 7.5057E-09 7.8525E-09 8.2158E-09 8.6779E-09 9.1712E-09 9.6962E-09 1.0198E-08 1.0719E-08 1.1264E-08 1.1828E-08 1.2271E-08
4.9739E-10 5.2986E-10 5.6409E-10 6.0027E-10 6.3841E-10 6.7838E-10 7.2133E-10 7.6637E-10 8.1381E-10 8.7132E-10 9.2539E-10 9.8842E-10 1.0609E-09 1.1301E-09 1.2145E-09 1.2932E-09 1.3885E-09 1.4841E-09 1.5850E-09 1.6927E-09 1.8010E-09 1.9216E-09 2.0435E-09 2.1720E-09 2.3087E-09 2.4532E-09 2.5993E-09 2.7530E-09 2.9080E-09 3.0705E-09 3.2489E-09 3.4362E-09 3.6249E-09 3.8222E-09 4.0388E-09 4.2552E-09 4.4809E-09 4.7159E-09 4.9604E-09 5.2146E-09 5.4783E-09 5.7524E-09 6.0372E-09 6.3316E-09 6.6353E-09 6.9485E-09 7.2726E-09 7.6078E-09 7.9555E-09 8.3233E-09 8.8355E-09 9.3405E-09 9.8570E-09 1.0345E-08 1.0866E-08 1.1413E-08 1.1846E-08
