Assets/Resources/2015_m01_d27_0900(utc+0800)_l00_csi_1hr_conc.grd
DSAA
         159         159
     -79.000      79.000
     -79.000      79.000
  0.0000E+00  0.1031E-05
[rows 25 to 49 of 159, columns 57 to 113 of 159]
1.2607E-08 1.2349E-08 1.1978E-08 1.1515E-08 1.0981E-08 1.0394E-08 9.7681E-09 9.1139E-09 8.4319E-09 7.7231E-09 6.9887E-09 6.2291E-09 5.4486E-09 4.6601E-09 3.8778E-09 3.1441E-09 2.4828E-09 1.8992E-09 1.4014E-09 9.9833E-10 6.8178E-10 4.4623E-10 2.7907E-10 1.6622E-10 9.1185E-11 3.3956E-11 7.9184E-12 0.0000E+00 0.0000E+00 0.0000E+00 0.0000E+00 0.0000E+00 0.0000E+00 0.0000E+00 0.0000E+00 0.0000E+00 0.0000E+00 0.0000E+00 0.0000E+00 0.0000E+00 0.0000E+00 0.0000E+00 0.0000E+00 0.0000E+00 0.0000E+00 0.0000E+00 0.0000E+00 0.0000E+00 0.0000E+00 0.0000E+00 0.0000E+00 0.0000E+00 0.0000E+00 0.0000E+00 0.0000E+00 0.0000E+00 0.0000E+00
1.2990E-08 1.2880E-08 1.2651E-08 1.2327E-08 1.1920E-08 1.1447E-08 1.0923E-08 1.0345E-08 9.7210E-09 9.0458E-09 8.3152E-09 7.5288E-09 6.6909E-09 5.8114E-09 4.9098E-09 4.0280E-09 3.2136E-09 2.4794E-09 1.8437E-09 1.3191E-09 9.0761E-10 5.9863E-10 3.7738E-10 2.2571E-10 1.2607E-10 4.7039E-11 1.1138E-11 0.0000E+00 0.0000E+00 0.0000E+00 0.0000E+00 0.0000E+00 0.0000E+00 0.0000E+00 0.0000E+00 0.0000E+00 0.0000E+00 0.0000E+00 0.0000E+00 0.0000E+00 0.0000E+00 0.0000E+00 0.0000E+00 0.0000E+00 0.0000E+00 0.0000E+00 0.0000E+00 0.0000E+00 0.0000E+00 0.0000E+00 0.0000E+00 0.0000E+00 0.0000E+00 0.0000E+00 0.0000E+00 0.0000E+00 0.0000E+00
1.3204E-08 1.3248E-08 1.3182E-08 1.3013E-08 1.2757E-08 1.2430E-08 1.2034E-08 1.1574E-08 1.1047E-08 1.0443E-08 9.7503E-09 8.9617E-09 8.0837E-09 7.1266E-09 6.1138E-09 5.0800E-09 4.0943E-09 3.1898E-09 2.3930E-09 1.7263E-09 1.1933E-09 7.8671E-10 4.9501E-10 2.9573E-10 1.6714E-10 6.9392E-11 2.2726E-11 2.9051E-12 0.0000E+00 0.0000E+00 0.0000E+00 0.0000E+00 0.0000E+00 0.0000E+00 0.0000E+00 0.0000E+00 0.0000E+00 0.0000E+00 0.0000E+00 0.0000E+00 0.0000E+00 0.0000E+00 0.0000E+00 0.0000E+00 0.0000E+00 0.0000E+00 0.0000E+00 0.0000E+00 0.0000E+00 0.0000E+00 0.0000E+00 0.0000E+00 0.0000E+00 0.0000E+00 0.0000E+00 0.0000E+00 0.0000E+00
1.3235E-08 1.3438E-08 1.3534E-08 1.3532E-08 1.3450E-08 1.3291E-08 1.3060E-08 1.2758E-08 1.2369E-08 1.1874E-08 1.1262E-08 1.0518E-08 9.6306E-09 8.6138E-09 7.4964E-09 6.3150E-09 5.1472E-09 4.0463E-09 3.0590E-09 2.2202E-09 1.5425E-09 1.0245E-09 6.4819E-10 3.8569E-10 2.1574E-10 9.6158E-11 3.2963E-11 6.9648E-12 0.0000E+00 0.0000E+00 0.0000E+00 0.0000E+00 0.0000E+00 0.0000E+00 0.0000E+00 0.0000E+00 0.0000E+00 0.0000E+00 0.0000E+00 0.0000E+00 0.0000E+00 0.0000E+00 0.0000E+00 0.0000E+00 0.0000E+00 0.0000E+00 0.0000E+00 0.0000E+00 0.0000E+00 0.0000E+00 0.0000E+00 0.0000E+00 0.0000E+00 0.0000E+00 0.0000E+00 0.0000E+00 0.0000E+00
1.3063E-08 1.3421E-08 1.3682E-08 1.3860E-08 1.3962E-08 1.3991E-08 1.3955E-08 1.3842E-08 1.3632E-08 1.3306E-08 1.2827E-08 1.2167E-08 1.1313E-08 1.0269E-08 9.0621E-09 7.7393E-09 6.3820E-09 5.0723E-09 3.8689E-09 2.8268E-09 1.9731E-09 1.3158E-09 8.3534E-10 5.0190E-10 2.7828E-10 1.3358E-10 4.8914E-11 1.1713E-11 0.0000E+00 0.0000E+00 0.0000E+00 0.0000E+00 0.0000E+00 0.0000E+00 0.0000E+00 0.0000E+00 0.0000E+00 0.0000E+00 0.0000E+00 0.0000E+00 0.0000E+00 0.0000E+00 0.0000E+00 0.0000E+00 0.0000E+00 0.0000E+00 0.0000E+00 0.0000E+00 0.0000E+00 0.0000E+00 0.0000E+00 0.0000E+00 0.0000E+00 0.0000E+00 0.0000E+00 0.0000E+00 0.0000E+00
1.2696E-08 1.3192E-08 1.3609E-08 1.3958E-08 1.4247E-08 1.4485E-08 1.4667E-08 1.4776E-08 1.4795E-08 1.4682E-08 1.4388E-08 1.3875E-08 1.3108E-08 1.2079E-08 1.0810E-08 9.3598E-09 7.8128E-09 6.2772E-09 4.8353E-09 3.5592E-09 2.5048E-09 1.6801E-09 1.0706E-09 6.4292E-10 3.5305E-10 1.7314E-10 6.9068E-11 2.3224E-11 0.0000E+00 0.0000E+00 0.0000E+00 0.0000E+00 0.0000E+00 0.0000E+00 0.0000E+00 0.0000E+00 0.0000E+00 0.0000E+00 0.0000E+00 0.0000E+00 0.0000E+00 0.0000E+00 0.0000E+00 0.0000E+00 0.0000E+00 0.0000E+00 0.0000E+00 0.0000E+00 0.0000E+00 0.0000E+00 0.0000E+00 0.0000E+00 0.0000E+00 0.0000E+00 0.0000E+00 0.0000E+00 0.0000E+00
1.2127E-08 1.2745E-08 1.3306E-08 1.3820E-08 1.4294E-08 1.4738E-08 1.5144E-08 1.5508E-08 1.5789E-08 1.5938E-08 1.5894E-08 1.5589E-08 1.4970E-08 1.4009E-08 1.2723E-08 1.1168E-08 9.4386E-09 7.6716E-09 5.9741E-09 4.4423E-09 3.1472E-09 2.1200E-09 1.3599E-09 8.2333E-10 4.5508E-10 2.2986E-10 9.7051E-11 3.1165E-11 5.4128E-12 0.0000E+00 0.0000E+00 0.0000E+00 0.0000E+00 0.0000E+00 0.0000E+00 0.0000E+00 0.0000E+00 0.0000E+00 0.0000E+00 0.0000E+00 0.0000E+00 0.0000E+00 0.0000E+00 0.0000E+00 0.0000E+00 0.0000E+00 0.0000E+00 0.0000E+00 0.0000E+00 0.0000E+00 0.0000E+00 0.0000E+00 0.0000E+00 0.0000E+00 0.0000E+00 0.0000E+00 0.0000E+00
1.1386E-08 1.2096E-08 1.2773E-08 1.3425E-08 1.4070E-08 1.4714E-08 1.5359E-08 1.5984E-08 1.6553E-08 1.7009E-08 1.7269E-08 1.7240E-08 1.6840E-08 1.6019E-08 1.4772E-08 1.3154E-08 1.1265E-08 9.2642E-09 7.2886E-09 5.4764E-09 3.9230E-09 2.6716E-09 1.7228E-09 1.0460E-09 5.8251E-10 2.9993E-10 1.3455E-10 4.4452E-11 9.9321E-12 0.0000E+00 0.0000E+00 0.0000E+00 0.0000E+00 0.0000E+00 0.0000E+00 0.0000E+00 0.0000E+00 0.0000E+00 0.0000E+00 0.0000E+00 0.0000E+00 0.0000E+00 0.0000E+00 0.0000E+00 0.0000E+00 0.0000E+00 0.0000E+00 0.0000E+00 0.0000E+00 0.0000E+00 0.0000E+00 0.0000E+00 0.0000E+00 0.0000E+00 0.0000E+00 0.0000E+00 0.0000E+00
1.0490E-08 1.1261E-08 1.2027E-08 1.2795E-08 1.3582E-08 1.4402E-08 1.5261E-08 1.6148E-08 1.7027E-08 1.7823E-08 1.8435E-08 1.8746E-08 1.8645E-08 1.8041E-08 1.6910E-08 1.5283E-08 1.3277E-08 1.1061E-08 8.8103E-09 6.6926E-09 4.8400E-09 3.3254E-09 2.1691E-09 1.3305E-09 7.4705E-10 3.9019E-10 1.8365E-10 6.6814E-11 1.4945E-11 0.0000E+00 0.0000E+00 0.0000E+00 0.0000E+00 0.0000E+00 0.0000E+00 0.0000E+00 0.0000E+00 0.0000E+00 0.0000E+00 0.0000E+00 0.0000E+00 0.0000E+00 0.0000E+00 0.0000E+00 0.0000E+00 0.0000E+00 0.0000E+00 0.0000E+00 0.0000E+00 0.0000E+00 0.0000E+00 0.0000E+00 0.0000E+00 0.0000E+00 0.0000E+00 0.0000E+00 0.0000E+00
9.4788E-09 1.0275E-08 1.1093E-08 1.1933E-08 1.2829E-08 1.3796E-08 1.4850E-08 1.5982E-08 1.7158E-08 1.8303E-08 1.9306E-08 2.0023E-08 2.0293E-08 1.9995E-08 1.9065E-08 1.7512E-08 1.5448E-08 1.3046E-08 1.0523E-08 8.0879E-09 5.9192E-09 4.1138E-09 2.7080E-09 1.6735E-09 9.5703E-10 4.9864E-10 2.4986E-10 1.0276E-10 3.1029E-11 3.8302E-12 0.0000E+00 0.0000E+00 0.0000E+00 0.0000E+00 0.0000E+00 0.0000E+00 0.0000E+00 0.0000E+00 0.0000E+00 0.0000E+00 0.0000E+00 0.0000E+00 0.0000E+00 0.0000E+00 0.0000E+00 0.0000E+00 0.0000E+00 0.0000E+00 0.0000E+00 0.0000E+00 0.0000E+00 0.0000E+00 0.0000E+00 0.0000E+00 0.0000E+00 0.0000E+00 0.0000E+00
8.3829E-09 9.1749E-09 1.0009E-08 1.0888E-08 1.1846E-08 1.2915E-08 1.4112E-08 1.5453E-08 1.6909E-08 1.8406E-08 1.9819E-08 2.0974E-08 2.1687E-08 2.1790E-08 2.1159E-08 1.9772E-08 1.7726E-08 1.5197E-08 1.2434E-08 9.6839E-09 7.1675E-09 5.0321E-09 3.3522E-09 2.1071E-09 1.2256E-09 6.5446E-10 3.2597E-10 1.4162E-10 4.4992E-11 9.4161E-12 0.0000E+00 0.0000E+00 0.0000E+00 0.0000E+00 0.0000E+00 0.0000E+00 0.0000E+00 0.0000E+00 0.0000E+00 0.0000E+00 0.0000E+00 0.0000E+00 0.0000E+00 0.0000E+00 0.0000E+00 0.0000E+00 0.0000E+00 0.0000E+00 0.0000E+00 0.0000E+00 0.0000E+00 0.0000E+00 0.0000E+00 0.0000E+00 0.0000E+00 0.0000E+00 0.0000E+00
7.2485E-09 8.0084E-09 8.8200E-09 9.6953E-09 1.0671E-08 1.1795E-08 1.3095E-08 1.4590E-08 1.6271E-08 1.8081E-08 1.9891E-08 2.1521E-08 2.2739E-08 2.3315E-08 2.3080E-08 2.1972E-08 2.0041E-08 1.7467E-08 1.4511E-08 1.1468E-08 8.6052E-09 6.1226E-09 4.1177E-09 2.6096E-09 1.5433E-09 8.3391E-10 4.2236E-10 1.9330E-10 6.7321E-11 1.5583E-11 0.0000E+00 0.0000E+00 0.0000E+00 0.0000E+00 0.0000E+00 0.0000E+00 0.0000E+00 0.0000E+00 0.0000E+00 0.0000E+00 0.0000E+00 0.0000E+00 0.0000E+00 0.0000E+00 0.0000E+00 0.0000E+00 0.0000E+00 0.0000E+00 0.0000E+00 0.0000E+00 0.0000E+00 0.0000E+00 0.0000E+00 0.0000E+00 0.0000E+00 0.0000E+00 0.0000E+00
6.1022E-09 6.8194E-09 7.5804E-09 8.4194E-09 9.3709E-09 1.0491E-08 1.1822E-08 1.3409E-08 1.5265E-08 1.7342E-08 1.9519E-08 2.1599E-08 2.3338E-08 2.4458E-08 2.4731E-08 2.4018E-08 2.2316E-08 1.9790E-08 1.6711E-08 1.3407E-08 1.0204E-08 7.3584E-09 5.0119E-09 3.2175E-09 1.9305E-09 1.0610E-09 5.3660E-10 2.5470E-10 9.7056E-11 2.9122E-11 2.8035E-12 0.0000E+00 0.0000E+00 0.0000E+00 0.0000E+00 0.0000E+00 0.0000E+00 0.0000E+00 0.0000E+00 0.0000E+00 0.0000E+00 0.0000E+00 0.0000E+00 0.0000E+00 0.0000E+00 0.0000E+00 0.0000E+00 0.0000E+00 0.0000E+00 0.0000E+00 0.0000E+00 0.0000E+00 0.0000E+00 0.0000E+00 0.0000E+00 0.0000E+00 0.0000E+00
5.0127E-09 5.6404E-09 6.3418E-09 7.1121E-09 7.9969E-09 9.0739E-09 1.0388E-08 1.1995E-08 1.3936E-08 1.6190E-08 1.8662E-08 2.1181E-08 2.3442E-08 2.5145E-08 2.5986E-08 2.5769E-08 2.4430E-08 2.2091E-08 1.8989E-08 1.5490E-08 1.1972E-08 8.7468E-09 6.0272E-09 3.9144E-09 2.3773E-09 1.3181E-09 6.8565E-10 3.3085E-10 1.3136E-10 3.6151E-11 5.0090E-12 0.0000E+00 0.0000E+00 0.0000E+00 0.0000E+00 0.0000E+00 0.0000E+00 0.0000E+00 0.0000E+00 0.0000E+00 0.0000E+00 0.0000E+00 0.0000E+00 0.0000E+00 0.0000E+00 0.0000E+00 0.0000E+00 0.0000E+00 0.0000E+00 0.0000E+00 0.0000E+00 0.0000E+00 0.0000E+00 0.0000E+00 0.0000E+00 0.0000E+00 0.0000E+00
4.0284E-09 4.5360E-09 5.1366E-09 5.8334E-09 6.6317E-09 7.6123E-09 8.8498E-09 1.0414E-08 1.2373E-08 1.4729E-08 1.7415E-08 2.0260E-08 2.3000E-08 2.5294E-08 2.6780E-08 2.7162E-08 2.6302E-08 2.4245E-08 2.1229E-08 1.7629E-08 1.3845E-08 1.0264E-08 7.1690E-09 4.7077E-09 2.8942E-09 1.6330E-09 8.4183E-10 4.0385E-10 1.6652E-10 4.7934E-11 6.5527E-12 0.0000E+00 0.0000E+00 0.0000E+00 0.0000E+00 0.0000E+00 0.0000E+00 0.0000E+00 0.0000E+00 0.0000E+00 0.0000E+00 0.0000E+00 0.0000E+00 0.0000E+00 0.0000E+00 0.0000E+00 0.0000E+00 0.0000E+00 0.0000E+00 0.0000E+00 0.0000E+00 0.0000E+00 0.0000E+00 0.0000E+00 0.0000E+00 0.0000E+00 0.0000E+00
3.1472E-09 3.5606E-09 4.0294E-09 4.6107E-09 5.3236E-09 6.1904E-09 7.3154E-09 8.7693E-09 1.0658E-08 1.3016E-08 1.5824E-08 1.8930E-08 2.2081E-08 2.4911E-08 2.7027E-08 2.8070E-08 2.7804E-08 2.6186E-08 2.3388E-08 1.9770E-08 1.5783E-08 1.1883E-08 8.4115E-09 5.5841E-09 3.4601E-09 1.9644E-09 1.0215E-09 4.9240E-10 2.1333E-10 6.7018E-11 1.0191E-11 0.0000E+00 0.0000E+00 0.0000E+00 0.0000E+00 0.0000E+00 0.0000E+00 0.0000E+00 0.0000E+00 0.0000E+00 0.0000E+00 0.0000E+00 0.0000E+00 0.0000E+00 0.0000E+00 0.0000E+00 0.0000E+00 0.0000E+00 0.0000E+00 0.0000E+00 0.0000E+00 0.0000E+00 0.0000E+00 0.0000E+00 0.0000E+00 0.0000E+00 0.0000E+00
2.3792E-09 2.7077E-09 3.0770E-09 3.5144E-09 4.0989E-09 4.8565E-09 5.8449E-09 7.1596E-09 8.9263E-09 1.1211E-08 1.4017E-08 1.7258E-08 2.0715E-08 2.4014E-08 2.6741E-08 2.8463E-08 2.8849E-08 2.7770E-08 2.5336E-08 2.1836E-08 1.7745E-08 1.3560E-08 9.7207E-09 6.5304E-09 4.0878E-09 2.3468E-09 1.2163E-09 5.7596E-10 2.4960E-10 8.1715E-11 1.1070E-11 0.0000E+00 0.0000E+00 0.0000E+00 0.0000E+00 0.0000E+00 0.0000E+00 0.0000E+00 0.0000E+00 0.0000E+00 0.0000E+00 0.0000E+00 0.0000E+00 0.0000E+00 0.0000E+00 0.0000E+00 0.0000E+00 0.0000E+00 0.0000E+00 0.0000E+00 0.0000E+00 0.0000E+00 0.0000E+00 0.0000E+00 0.0000E+00 0.0000E+00 0.0000E+00
1.7360E-09 1.9906E-09 2.2706E-09 2.6049E-09 3.0372E-09 3.6515E-09 4.5036E-09 5.6577E-09 7.2556E-09 9.4026E-09 1.2132E-08 1.5406E-08 1.9032E-08 2.2682E-08 2.5939E-08 2.8307E-08 2.9389E-08 2.8953E-08 2.6985E-08 2.3730E-08 1.9657E-08 1.5270E-08 1.1096E-08 7.5190E-09 4.7292E-09 2.7273E-09 1.4300E-09 6.6865E-10 2.8400E-10 9.4732E-11 1.1428E-11 0.0000E+00 0.0000E+00 0.0000E+00 0.0000E+00 0.0000E+00 0.0000E+00 0.0000E+00 0.0000E+00 0.0000E+00 0.0000E+00 0.0000E+00 0.0000E+00 0.0000E+00 0.0000E+00 0.0000E+00 0.0000E+00 0.0000E+00 0.0000E+00 0.0000E+00 0.0000E+00 0.0000E+00 0.0000E+00 0.0000E+00 0.0000E+00 0.0000E+00 0.0000E+00
1.2207E-09 1.4067E-09 1.6126E-09 1.8593E-09 2.1811E-09 2.6339E-09 3.3242E-09 4.3318E-09 5.7414E-09 7.7035E-09 1.0294E-08 1.3499E-08 1.7173E-08 2.1035E-08 2.4680E-08 2.7616E-08 2.9398E-08 2.9658E-08 2.8279E-08 2.5409E-08 2.1447E-08 1.6936E-08 1.2493E-08 8.5584E-09 5.4111E-09 3.1368E-09 1.6279E-09 7.4940E-10 3.0697E-10 1.0400E-10 1.0734E-11 0.0000E+00 0.0000E+00 0.0000E+00 0.0000E+00 0.0000E+00 0.0000E+00 0.0000E+00 0.0000E+00 0.0000E+00 0.0000E+00 0.0000E+00 0.0000E+00 0.0000E+00 0.0000E+00 0.0000E+00 0.0000E+00 0.0000E+00 0.0000E+00 0.0000E+00 0.0000E+00 0.0000E+00 0.0000E+00 0.0000E+00 0.0000E+00 0.0000E+00 0.0000E+00
8.2232E-10 9.5456E-10 1.0981E-09 1.2681E-09 1.5071E-09 1.8433E-09 2.3511E-09 3.1900E-09 4.4383E-09 6.2037E-09 8.6039E-09 1.1657E-08 1.5284E-08 1.9238E-08 2.3133E-08 2.6508E-08 2.8882E-08 2.9828E-08 2.9128E-08 2.6787E-08 2.3089E-08 1.8572E-08 1.3880E-08 9.5913E-09 6.0936E-09 3.5420E-09 1.8518E-09 8.3428E-10 3.2659E-10 1.0663E-10 1.1003E-11 0.0000E+00 0.0000E+00 0.0000E+00 0.0000E+00 0.0000E+00 0.0000E+00 0.0000E+00 0.0000E+00 0.0000E+00 0.0000E+00 0.0000E+00 0.0000E+00 0.0000E+00 0.0000E+00 0.0000E+00 0.0000E+00 0.0000E+00 0.0000E+00 0.0000E+00 0.0000E+00 0.0000E+00 0.0000E+00 0.0000E+00 0.0000E+00 0.0000E+00 0.0000E+00
5.2864E-10 6.1738E-10 7.1487E-10 8.2254E-10 9.8279E-10 1.2418E-09 1.6356E-09 2.2774E-09 3.3427E-09 4.9472E-09 7.1559E-09 1.0029E-08 1.3502E-08 1.7393E-08 2.1382E-08 2.5069E-08 2.7932E-08 2.9534E-08 2.9522E-08 2.7778E-08 2.4470E-08 2.0090E-08 1.5256E-08 1.0658E-08 6.8026E-09 3.9389E-09 2.0424E-09 9.1016E-10 3.3853E-10 1.0005E-10 6.5616E-12 0.0000E+00 0.0000E+00 0.0000E+00 0.0000E+00 0.0000E+00 0.0000E+00 0.0000E+00 0.0000E+00 0.0000E+00 0.0000E+00 0.0000E+00 0.0000E+00 0.0000E+00 0.0000E+00 0.0000E+00 0.0000E+00 0.0000E+00 0.0000E+00 0.0000E+00 0.0000E+00 0.0000E+00 0.0000E+00 0.0000E+00 0.0000E+00 0.0000E+00 0.0000E+00
3.2082E-10 3.7607E-10 4.3834E-10 5.1030E-10 6.0309E-10 7.8742E-10 1.1054E-09 1.6300E-09 2.5048E-09 3.9171E-09 5.9652E-09 8.6573E-09 1.1952E-08 1.5704E-08 1.9643E-08 2.3410E-08 2.6589E-08 2.8749E-08 2.9428E-08 2.8382E-08 2.5598E-08 2.1445E-08 1.6567E-08 1.1725E-08 7.5278E-09 4.3514E-09 2.2371E-09 9.7153E-10 3.4608E-10 9.0410E-11 2.7099E-12 0.0000E+00 0.0000E+00 0.0000E+00 0.0000E+00 0.0000E+00 0.0000E+00 0.0000E+00 0.0000E+00 0.0000E+00 0.0000E+00 0.0000E+00 0.0000E+00 0.0000E+00 0.0000E+00 0.0000E+00 0.0000E+00 0.0000E+00 0.0000E+00 0.0000E+00 0.0000E+00 0.0000E+00 0.0000E+00 0.0000E+00 0.0000E+00 0.0000E+00 0.0000E+00
1.8025E-10 2.1464E-10 2.5080E-10 2.9407E-10 3.5042E-10 4.7163E-10 7.2004E-10 1.1697E-09 1.9341E-09 3.1674E-09 5.0451E-09 7.5819E-09 1.0671E-08 1.4227E-08 1.8005E-08 2.1730E-08 2.5049E-08 2.7569E-08 2.8848E-08 2.8512E-08 2.6370E-08 2.2615E-08 1.7817E-08 1.2764E-08 8.2487E-09 4.7813E-09 2.4439E-09 1.0593E-09 3.5996E-10 7.8028E-11 1.0480E-13 0.0000E+00 0.0000E+00 0.0000E+00 0.0000E+00 0.0000E+00 0.0000E+00 0.0000E+00 0.0000E+00 0.0000E+00 0.0000E+00 0.0000E+00 0.0000E+00 0.0000E+00 0.0000E+00 0.0000E+00 0.0000E+00 0.0000E+00 0.0000E+00 0.0000E+00 0.0000E+00 0.0000E+00 0.0000E+00 0.0000E+00 0.0000E+00 0.0000E+00 0.0000E+00
9.0211E-11 1.0904E-10 1.2995E-10 1.5432E-10 1.8842E-10 2.7115E-10 4.5910E-10 8.4169E-10 1.5403E-09 2.6810E-09 4.3916E-09 6.7736E-09 9.7188E-09 1.3043E-08 1.6567E-08 2.0100E-08 2.3393E-08 2.6118E-08 2.7878E-08 2.8200E-08 2.6746E-08 2.3521E-08 1.8951E-08 1.3823E-08 9.0273E-09 5.2269E-09 2.6484E-09 1.1414E-09 3.8111E-10 7.6630E-11 0.0000E+00 0.0000E+00 0.0000E+00 0.0000E+00 0.0000E+00 0.0000E+00 0.0000E+00 0.0000E+00 0.0000E+00 0.0000E+00 0.0000E+00 0.0000E+00 0.0000E+00 0.0000E+00 0.0000E+00 0.0000E+00 0.0000E+00 0.0000E+00 0.0000E+00 0.0000E+00 0.0000E+00 0.0000E+00 0.0000E+00 0.0000E+00 0.0000E+00 0.0000E+00 0.0000E+00
3.8128E-11 4.5701E-11 5.7036E-11 7.0447E-11 8.6320E-11 1.4891E-10 2.9463E-10 6.3319E-10 1.2721E-09 2.3745E-09 4.0182E-09 6.2478E-09 9.0500E-09 1.2186E-08 1.5433E-08 1.8668E-08 2.1739E-08 2.4482E-08 2.6562E-08 2.7469E-08 2.6735E-08 2.4139E-08 1.9900E-08 1.4806E-08 9.8260E-09 5.7330E-09 2.9028E-09 1.2423E-09 3.9904E-10 6.8286E-11 0.0000E+00 0.0000E+00 0.0000E+00 0.0000E+00 0.0000E+00 0.0000E+00 0.0000E+00 0.0000E+00 0.0000E+00 0.0000E+00 0.0000E+00 0.0000E+00 0.0000E+00 0.0000E+00 0.0000E+00 0.0000E+00 0.0000E+00 0.0000E+00 0.0000E+00 0.0000E+00 0.0000E+00 0.0000E+00 0.0000E+00 0.0000E+00 0.0000E+00 0.0000E+00 0.0000E+00
