Assets/Resources/2015_m01_d19_1400(utc+0800)_l00_csi_1hr_conc.grd
DSAA
         159         159
     -79.000      79.000
     -79.000      79.000
  0.0000E+00  0.1091E-04
[rows 25 to 49 of 159, columns 0 to 56 of 159]
1.4822E-09 1.6253E-09 1.7763E-09 1.9394E-09 2.1140E-09 2.3033E-09 2.5058E-09 2.7162E-09 2.9424E-09 3.1827E-09 3.4377E-09 3.7053E-09 3.9907E-09 4.2874E-09 4.5949E-09 4.9178E-09 5.2647E-09 5.6287E-09 6.0022E-09 6.3921E-09 6.7921E-09 7.2017E-09 7.6131E-09 8.0224E-09 8.4299E-09 8.8329E-09 9.2307E-09 9.6199E-09 9.9848E-09 1.0326E-08 1.0644E-08 1.0936E-08 1.1197E-08 1.1422E-08 1.1606E-08 1.1741E-08 1.1807E-08 1.1803E-08 1.1717E-08 1.1539E-08 1.1262E-08 1.0886E-08 1.0422E-08 9.8906E-09 9.3410E-09 8.8287E-09 8.3554E-09 7.9735E-09 7.8302E-09 7.6898E-09 7.5429E-09 7.4137E-09 7.2855E-09 7.1768E-09 7.0718E-09 6.9815E-09 6.9012E-09
1.5284E-09 1.6800E-09 1.8358E-09 2.0068E-09 2.1902E-09 2.3893E-09 2.6011E-09 2.8242E-09 3.0629E-09 3.3153E-09 3.5867E-09 3.8705E-09 4.1709E-09 4.4854E-09 4.8148E-09 5.1581E-09 5.5256E-09 5.9087E-09 6.3091E-09 6.7264E-09 7.1568E-09 7.5912E-09 8.0265E-09 8.4641E-09 8.9071E-09 9.3454E-09 9.7717E-09 1.0185E-08 1.0580E-08 1.0952E-08 1.1304E-08 1.1628E-08 1.1918E-08 1.2172E-08 1.2383E-08 1.2542E-08 1.2637E-08 1.2658E-08 1.2595E-08 1.2433E-08 1.2162E-08 1.1777E-08 1.1283E-08 1.0703E-08 1.0079E-08 9.4682E-09 8.9362E-09 8.4081E-09 8.1816E-09 8.0210E-09 7.8557E-09 7.6909E-09 7.5470E-09 7.4058E-09 7.2867E-09 7.1726E-09 7.0750E-09
1.5748E-09 1.7318E-09 1.8945E-09 2.0731E-09 2.2654E-09 2.4750E-09 2.6952E-09 2.9313E-09 3.1810E-09 3.4491E-09 3.7349E-09 4.0346E-09 4.3504E-09 4.6866E-09 5.0374E-09 5.3991E-09 5.7849E-09 6.1934E-09 6.6219E-09 7.0647E-09 7.5170E-09 7.9782E-09 8.4479E-09 8.9216E-09 9.3915E-09 9.8560E-09 1.0313E-08 1.0760E-08 1.1194E-08 1.1600E-08 1.1979E-08 1.2328E-08 1.2647E-08 1.2932E-08 1.3173E-08 1.3366E-08 1.3492E-08 1.3543E-08 1.3506E-08 1.3367E-08 1.3109E-08 1.2722E-08 1.2208E-08 1.1581E-08 1.0882E-08 1.0171E-08 9.5230E-09 9.0439E-09 8.6069E-09 8.3642E-09 8.1790E-09 7.9954E-09 7.8206E-09 7.6491E-09 7.4951E-09 7.3608E-09 7.2441E-09
1.6193E-09 1.7818E-09 1.9517E-09 2.1379E-09 2.3389E-09 2.5569E-09 2.7888E-09 3.0352E-09 3.2994E-09 3.5820E-09 3.8799E-09 4.1958E-09 4.5321E-09 4.8868E-09 5.2540E-09 5.6371E-09 6.0470E-09 6.4819E-09 6.9305E-09 7.3963E-09 7.8777E-09 8.3769E-09 8.8740E-09 9.3727E-09 9.8702E-09 1.0369E-08 1.0861E-08 1.1340E-08 1.1801E-08 1.2240E-08 1.2651E-08 1.3036E-08 1.3385E-08 1.3699E-08 1.3971E-08 1.4191E-08 1.4348E-08 1.4430E-08 1.4424E-08 1.4310E-08 1.4071E-08 1.3690E-08 1.3164E-08 1.2500E-08 1.1733E-08 1.0925E-08 1.0160E-08 9.5592E-09 9.2041E-09 8.7583E-09 8.4932E-09 8.2881E-09 8.0859E-09 7.9011E-09 7.7153E-09 7.5453E-09 7.4035E-09
1.6618E-09 1.8303E-09 2.0072E-09 2.2010E-09 2.4093E-09 2.6372E-09 2.8792E-09 3.1382E-09 3.4142E-09 3.7093E-09 4.0220E-09 4.3571E-09 4.7106E-09 5.0805E-09 5.4698E-09 5.8761E-09 6.3087E-09 6.7616E-09 7.2341E-09 7.7328E-09 8.2458E-09 8.7682E-09 9.2922E-09 9.8230E-09 1.0357E-08 1.0885E-08 1.1406E-08 1.1915E-08 1.2412E-08 1.2887E-08 1.3332E-08 1.3744E-08 1.4123E-08 1.4466E-08 1.4767E-08 1.5018E-08 1.5206E-08 1.5321E-08 1.5346E-08 1.5261E-08 1.5046E-08 1.4678E-08 1.4148E-08 1.3457E-08 1.2632E-08 1.1731E-08 1.0846E-08 1.0109E-08 9.6642E-09 9.3068E-09 8.8082E-09 8.5817E-09 8.3585E-09 8.1318E-09 7.9324E-09 7.7293E-09 7.5585E-09
1.7010E-09 1.8767E-09 2.0594E-09 2.2603E-09 2.4762E-09 2.7141E-09 2.9662E-09 3.2365E-09 3.5234E-09 3.8317E-09 4.1626E-09 4.5131E-09 4.8809E-09 5.2717E-09 5.6844E-09 6.1105E-09 6.5601E-09 7.0349E-09 7.5437E-09 8.0649E-09 8.6031E-09 9.1516E-09 9.7133E-09 1.0274E-08 1.0838E-08 1.1397E-08 1.1950E-08 1.2494E-08 1.3020E-08 1.3526E-08 1.4005E-08 1.4451E-08 1.4860E-08 1.5231E-08 1.5562E-08 1.5842E-08 1.6061E-08 1.6208E-08 1.6266E-08 1.6212E-08 1.6023E-08 1.5675E-08 1.5149E-08 1.4440E-08 1.3567E-08 1.2582E-08 1.1579E-08 1.0699E-08 1.0145E-08 9.7233E-09 9.3018E-09 8.8622E-09 8.6160E-09 8.3745E-09 8.1465E-09 7.9148E-09 7.7112E-09
1.7375E-09 1.9193E-09 2.1100E-09 2.3153E-09 2.5402E-09 2.7889E-09 3.0495E-09 3.3287E-09 3.6272E-09 3.9520E-09 4.2969E-09 4.6603E-09 5.0471E-09 5.4605E-09 5.8911E-09 6.3349E-09 6.8051E-09 7.3134E-09 7.8417E-09 8.3860E-09 8.9535E-09 9.5375E-09 1.0126E-08 1.0719E-08 1.1311E-08 1.1905E-08 1.2488E-08 1.3063E-08 1.3622E-08 1.4161E-08 1.4674E-08 1.5152E-08 1.5593E-08 1.5993E-08 1.6352E-08 1.6659E-08 1.6908E-08 1.7086E-08 1.7176E-08 1.7154E-08 1.6994E-08 1.6668E-08 1.6154E-08 1.5436E-08 1.4525E-08 1.3467E-08 1.2353E-08 1.1331E-08 1.0646E-08 1.0153E-08 9.7183E-09 9.1919E-09 8.8632E-09 8.5994E-09 8.3436E-09 8.1052E-09 7.8721E-09
1.7715E-09 1.9577E-09 2.1545E-09 2.3667E-09 2.5987E-09 2.8576E-09 3.1252E-09 3.4145E-09 3.7270E-09 4.0654E-09 4.4212E-09 4.8014E-09 5.2096E-09 5.6390E-09 6.0860E-09 6.5518E-09 7.0513E-09 7.5770E-09 8.1273E-09 8.7013E-09 9.2988E-09 9.9126E-09 1.0529E-08 1.1154E-08 1.1779E-08 1.2402E-08 1.3021E-08 1.3626E-08 1.4216E-08 1.4787E-08 1.5332E-08 1.5844E-08 1.6318E-08 1.6748E-08 1.7132E-08 1.7466E-08 1.7742E-08 1.7949E-08 1.8070E-08 1.8079E-08 1.7947E-08 1.7646E-08 1.7147E-08 1.6428E-08 1.5490E-08 1.4370E-08 1.3155E-08 1.1993E-08 1.1163E-08 1.0592E-08 1.0091E-08 9.6014E-09 9.1043E-09 8.8115E-09 8.5351E-09 8.2685E-09 8.0212E-09
1.8015E-09 1.9920E-09 2.1927E-09 2.4134E-09 2.6535E-09 2.9159E-09 3.1946E-09 3.4953E-09 3.8208E-09 4.1682E-09 4.5380E-09 4.9380E-09 5.3610E-09 5.8049E-09 6.2720E-09 6.7672E-09 7.2826E-09 7.8273E-09 8.4072E-09 9.0058E-09 9.6341E-09 1.0273E-08 1.0923E-08 1.1577E-08 1.2237E-08 1.2893E-08 1.3542E-08 1.4179E-08 1.4801E-08 1.5405E-08 1.5983E-08 1.6528E-08 1.7033E-08 1.7493E-08 1.7904E-08 1.8262E-08 1.8562E-08 1.8795E-08 1.8944E-08 1.8982E-08 1.8878E-08 1.8602E-08 1.8120E-08 1.7405E-08 1.6449E-08 1.5279E-08 1.3975E-08 1.2679E-08 1.1696E-08 1.1041E-08 1.0469E-08 9.9673E-09 9.3928E-09 9.0195E-09 8.7140E-09 8.4272E-09 8.1601E-09
1.8271E-09 2.0219E-09 2.2283E-09 2.4549E-09 2.7016E-09 2.9700E-09 3.2570E-09 3.5701E-09 3.9035E-09 4.2614E-09 4.6491E-09 5.0634E-09 5.4985E-09 5.9591E-09 6.4550E-09 6.9624E-09 7.4976E-09 8.0701E-09 8.6730E-09 9.2986E-09 9.9507E-09 1.0623E-08 1.1301E-08 1.1991E-08 1.2680E-08 1.3367E-08 1.4048E-08 1.4718E-08 1.5375E-08 1.6008E-08 1.6616E-08 1.7192E-08 1.7729E-08 1.8219E-08 1.8656E-08 1.9036E-08 1.9357E-08 1.9613E-08 1.9786E-08 1.9848E-08 1.9769E-08 1.9516E-08 1.9052E-08 1.8344E-08 1.7377E-08 1.6168E-08 1.4789E-08 1.3374E-08 1.2232E-08 1.1485E-08 1.0841E-08 1.0279E-08 9.6931E-09 9.2172E-09 8.8813E-09 8.5656E-09 8.2711E-09
1.8483E-09 2.0469E-09 2.2587E-09 2.4914E-09 2.7421E-09 3.0169E-09 3.3141E-09 3.6350E-09 3.9762E-09 4.3460E-09 4.7506E-09 5.1742E-09 5.6232E-09 6.1104E-09 6.6173E-09 7.1433E-09 7.7032E-09 8.2975E-09 8.9246E-09 9.5730E-09 1.0255E-08 1.0956E-08 1.1668E-08 1.2385E-08 1.3106E-08 1.3825E-08 1.4542E-08 1.5246E-08 1.5932E-08 1.6597E-08 1.7234E-08 1.7841E-08 1.8407E-08 1.8925E-08 1.9388E-08 1.9789E-08 2.0128E-08 2.0402E-08 2.0593E-08 2.0675E-08 2.0616E-08 2.0382E-08 1.9934E-08 1.9235E-08 1.8262E-08 1.7023E-08 1.5582E-08 1.4069E-08 1.2775E-08 1.1925E-08 1.1207E-08 1.0585E-08 9.9933E-09 9.4075E-09 9.0398E-09 8.6937E-09 8.3709E-09
1.8652E-09 2.0669E-09 2.2842E-09 2.5204E-09 2.7754E-09 3.0570E-09 3.3629E-09 3.6885E-09 4.0392E-09 4.4247E-09 4.8361E-09 5.2695E-09 5.7415E-09 6.2423E-09 6.7632E-09 7.3113E-09 7.8924E-09 8.5081E-09 9.1523E-09 9.8326E-09 1.0541E-08 1.1272E-08 1.2011E-08 1.2759E-08 1.3514E-08 1.4270E-08 1.5017E-08 1.5752E-08 1.6469E-08 1.7166E-08 1.7834E-08 1.8468E-08 1.9062E-08 1.9608E-08 2.0096E-08 2.0517E-08 2.0872E-08 2.1161E-08 2.1366E-08 2.1462E-08 2.1419E-08 2.1201E-08 2.0765E-08 2.0073E-08 1.9097E-08 1.7837E-08 1.6346E-08 1.4748E-08 1.3314E-08 1.2355E-08 1.1567E-08 1.0884E-08 1.0288E-08 9.5903E-09 9.1894E-09 8.8119E-09 8.4599E-09
1.8781E-09 2.0824E-09 2.3048E-09 2.5431E-09 2.8021E-09 3.0901E-09 3.4011E-09 3.7311E-09 4.0959E-09 4.4889E-09 4.9076E-09 5.3562E-09 5.8443E-09 6.3553E-09 6.8936E-09 7.4645E-09 8.0632E-09 8.6960E-09 9.3663E-09 1.0073E-08 1.0806E-08 1.1563E-08 1.2333E-08 1.3117E-08 1.3904E-08 1.4690E-08 1.5469E-08 1.6237E-08 1.6990E-08 1.7716E-08 1.8414E-08 1.9077E-08 1.9699E-08 2.0272E-08 2.0784E-08 2.1226E-08 2.1598E-08 2.1897E-08 2.2111E-08 2.2214E-08 2.2178E-08 2.1966E-08 2.1536E-08 2.0847E-08 1.9866E-08 1.8588E-08 1.7057E-08 1.5390E-08 1.3836E-08 1.2767E-08 1.1911E-08 1.1170E-08 1.0522E-08 9.8151E-09 9.3287E-09 8.9192E-09 8.5379E-09
1.8860E-09 2.0841E-09 2.3181E-09 2.5588E-09 2.8224E-09 3.1156E-09 3.4293E-09 3.7663E-09 4.1418E-09 4.5385E-09 4.9658E-09 5.4325E-09 5.9275E-09 6.4503E-09 7.0090E-09 7.5967E-09 8.2112E-09 8.8659E-09 9.5590E-09 1.0289E-08 1.1046E-08 1.1828E-08 1.2637E-08 1.3450E-08 1.4270E-08 1.5089E-08 1.5906E-08 1.6712E-08 1.7496E-08 1.8255E-08 1.8983E-08 1.9674E-08 2.0321E-08 2.0917E-08 2.1451E-08 2.1910E-08 2.2293E-08 2.2599E-08 2.2815E-08 2.2918E-08 2.2881E-08 2.2668E-08 2.2237E-08 2.1545E-08 2.0558E-08 1.9265E-08 1.7702E-08 1.5982E-08 1.4330E-08 1.3154E-08 1.2235E-08 1.1439E-08 1.0742E-08 1.0041E-08 9.4579E-09 9.0161E-09 8.6049E-09
1.8889E-09 2.0897E-09 2.3245E-09 2.5671E-09 2.8362E-09 3.1303E-09 3.4472E-09 3.7943E-09 4.1707E-09 4.5739E-09 5.0141E-09 5.4888E-09 5.9917E-09 6.5318E-09 7.1029E-09 7.7058E-09 8.3400E-09 9.0134E-09 9.7273E-09 1.0481E-08 1.1263E-08 1.2081E-08 1.2916E-08 1.3761E-08 1.4613E-08 1.5473E-08 1.6323E-08 1.7159E-08 1.7976E-08 1.8767E-08 1.9529E-08 2.0246E-08 2.0917E-08 2.1535E-08 2.2086E-08 2.2560E-08 2.2955E-08 2.3266E-08 2.3478E-08 2.3576E-08 2.3532E-08 2.3311E-08 2.2872E-08 2.2172E-08 2.1175E-08 1.9867E-08 1.8281E-08 1.6521E-08 1.4799E-08 1.3517E-08 1.2543E-08 1.1695E-08 1.0951E-08 1.0205E-08 9.5814E-09 9.1065E-09 8.6648E-09
1.8862E-09 2.0854E-09 2.3207E-09 2.5676E-09 2.8385E-09 3.1343E-09 3.4551E-09 3.8090E-09 4.1856E-09 4.5956E-09 5.0471E-09 5.5254E-09 6.0383E-09 6.5932E-09 7.1757E-09 7.7929E-09 8.4485E-09 9.1359E-09 9.8689E-09 1.0646E-08 1.1457E-08 1.2298E-08 1.3161E-08 1.4039E-08 1.4929E-08 1.5816E-08 1.6699E-08 1.7569E-08 1.8423E-08 1.9249E-08 2.0037E-08 2.0782E-08 2.1477E-08 2.2115E-08 2.2683E-08 2.3172E-08 2.3574E-08 2.3886E-08 2.4092E-08 2.4178E-08 2.4119E-08 2.3882E-08 2.3427E-08 2.2712E-08 2.1701E-08 2.0380E-08 1.8777E-08 1.6991E-08 1.5216E-08 1.3840E-08 1.2819E-08 1.1926E-08 1.1140E-08 1.0352E-08 9.6922E-09 9.1845E-09 8.7123E-09
1.8761E-09 2.0758E-09 2.3108E-09 2.5599E-09 2.8273E-09 3.1231E-09 3.4511E-09 3.8049E-09 4.1850E-09 4.6055E-09 5.0577E-09 5.5423E-09 6.0698E-09 6.6314E-09 7.2243E-09 7.8596E-09 8.5305E-09 9.2318E-09 9.9839E-09 1.0786E-08 1.1615E-08 1.2483E-08 1.3377E-08 1.4288E-08 1.5205E-08 1.6125E-08 1.7042E-08 1.7951E-08 1.8835E-08 1.9689E-08 2.0505E-08 2.1277E-08 2.1996E-08 2.2651E-08 2.3233E-08 2.3731E-08 2.4141E-08 2.4453E-08 2.4652E-08 2.4722E-08 2.4643E-08 2.4384E-08 2.3907E-08 2.3173E-08 2.2145E-08 2.0810E-08 1.9196E-08 1.7395E-08 1.5583E-08 1.4128E-08 1.3069E-08 1.2137E-08 1.1312E-08 1.0490E-08 9.7956E-09 9.2544E-09 8.7511E-09
1.8565E-09 2.0591E-09 2.2931E-09 2.5418E-09 2.8087E-09 3.1028E-09 3.4367E-09 3.7881E-09 4.1714E-09 4.5969E-09 5.0508E-09 5.5425E-09 6.0771E-09 6.6449E-09 7.2509E-09 7.9004E-09 8.5834E-09 9.2999E-09 1.0074E-08 1.0892E-08 1.1741E-08 1.2638E-08 1.3561E-08 1.4497E-08 1.5444E-08 1.6400E-08 1.7352E-08 1.8288E-08 1.9204E-08 2.0088E-08 2.0937E-08 2.1735E-08 2.2474E-08 2.3146E-08 2.3739E-08 2.4245E-08 2.4658E-08 2.4966E-08 2.5153E-08 2.5204E-08 2.5100E-08 2.4813E-08 2.4309E-08 2.3551E-08 2.2505E-08 2.1156E-08 1.9534E-08 1.7729E-08 1.5899E-08 1.4379E-08 1.3289E-08 1.2325E-08 1.1467E-08 1.0614E-08 9.8889E-09 9.3144E-09 8.7801E-09
1.8213E-09 2.0341E-09 2.2647E-09 2.5174E-09 2.7814E-09 3.0771E-09 3.4066E-09 3.7588E-09 4.1458E-09 4.5720E-09 5.0262E-09 5.5269E-09 6.0635E-09 6.6355E-09 7.2556E-09 7.9134E-09 8.6065E-09 9.3416E-09 1.0130E-08 1.0965E-08 1.1838E-08 1.2759E-08 1.3706E-08 1.4670E-08 1.5653E-08 1.6638E-08 1.7619E-08 1.8587E-08 1.9535E-08 2.0453E-08 2.1327E-08 2.2147E-08 2.2907E-08 2.3594E-08 2.4197E-08 2.4708E-08 2.5121E-08 2.5423E-08 2.5596E-08 2.5625E-08 2.5490E-08 2.5171E-08 2.4637E-08 2.3850E-08 2.2781E-08 2.1419E-08 1.9793E-08 1.7992E-08 1.6167E-08 1.4603E-08 1.3479E-08 1.2490E-08 1.1604E-08 1.0673E-08 9.9722E-09 9.3643E-09 8.7959E-09
1.7953E-09 2.0062E-09 2.2363E-09 2.4792E-09 2.7416E-09 3.0379E-09 3.3644E-09 3.7186E-09 4.1082E-09 4.5296E-09 4.9872E-09 5.4895E-09 6.0288E-09 6.6077E-09 7.2341E-09 7.8982E-09 8.6032E-09 9.3512E-09 1.0151E-08 1.1003E-08 1.1900E-08 1.2838E-08 1.3809E-08 1.4806E-08 1.5814E-08 1.6828E-08 1.7840E-08 1.8845E-08 1.9824E-08 2.0768E-08 2.1667E-08 2.2511E-08 2.3291E-08 2.3992E-08 2.4602E-08 2.5114E-08 2.5523E-08 2.5815E-08 2.5972E-08 2.5977E-08 2.5815E-08 2.5464E-08 2.4898E-08 2.4081E-08 2.2987E-08 2.1612E-08 1.9988E-08 1.8198E-08 1.6387E-08 1.4799E-08 1.3646E-08 1.2637E-08 1.1726E-08 1.0730E-08 1.0045E-08 9.4043E-09 8.8087E-09
1.7647E-09 1.9707E-09 2.2018E-09 2.4397E-09 2.6988E-09 2.9940E-09 3.3147E-09 3.6665E-09 4.0552E-09 4.4732E-09 4.9314E-09 5.4330E-09 5.9723E-09 6.5572E-09 7.1861E-09 7.8554E-09 8.5688E-09 9.3267E-09 1.0139E-08 1.1005E-08 1.1918E-08 1.2874E-08 1.3872E-08 1.4889E-08 1.5922E-08 1.6963E-08 1.8009E-08 1.9039E-08 2.0044E-08 2.1016E-08 2.1943E-08 2.2816E-08 2.3615E-08 2.4331E-08 2.4951E-08 2.5467E-08 2.5873E-08 2.6156E-08 2.6297E-08 2.6282E-08 2.6094E-08 2.5713E-08 2.5113E-08 2.4262E-08 2.3143E-08 2.1755E-08 2.0135E-08 1.8363E-08 1.6575E-08 1.4980E-08 1.3798E-08 1.2773E-08 1.1791E-08 1.0834E-08 1.0114E-08 9.4394E-09 8.8131E-09
1.7259E-09 1.9314E-09 2.1533E-09 2.3922E-09 2.6496E-09 2.9406E-09 3.2537E-09 3.6053E-09 3.9874E-09 4.4033E-09 4.8601E-09 5.3573E-09 5.8961E-09 6.4825E-09 7.1126E-09 7.7851E-09 8.5047E-09 9.2693E-09 1.0091E-08 1.0965E-08 1.1891E-08 1.2866E-08 1.3877E-08 1.4917E-08 1.5974E-08 1.7046E-08 1.8114E-08 1.9170E-08 2.0203E-08 2.1208E-08 2.2160E-08 2.3051E-08 2.3869E-08 2.4599E-08 2.5231E-08 2.5750E-08 2.6153E-08 2.6426E-08 2.6551E-08 2.6517E-08 2.6308E-08 2.5899E-08 2.5263E-08 2.4379E-08 2.3236E-08 2.1841E-08 2.0229E-08 1.8481E-08 1.6724E-08 1.5134E-08 1.3929E-08 1.2890E-08 1.1841E-08 1.0923E-08 1.0168E-08 9.4604E-09 8.8005E-09
1.6803E-09 1.8841E-09 2.0996E-09 2.3378E-09 2.5943E-09 2.8768E-09 3.1862E-09 3.5338E-09 3.9085E-09 4.3197E-09 4.7724E-09 5.2641E-09 5.8024E-09 6.3839E-09 7.0134E-09 7.6865E-09 8.4086E-09 9.1795E-09 1.0002E-08 1.0883E-08 1.1825E-08 1.2809E-08 1.3834E-08 1.4893E-08 1.5975E-08 1.7065E-08 1.8156E-08 1.9239E-08 2.0304E-08 2.1328E-08 2.2303E-08 2.3215E-08 2.4055E-08 2.4804E-08 2.5443E-08 2.5967E-08 2.6366E-08 2.6630E-08 2.6745E-08 2.6699E-08 2.6471E-08 2.6033E-08 2.5364E-08 2.4451E-08 2.3291E-08 2.1892E-08 2.0293E-08 1.8575E-08 1.6853E-08 1.5283E-08 1.4055E-08 1.3002E-08 1.1898E-08 1.1010E-08 1.0220E-08 9.4803E-09 8.7935E-09
1.6373E-09 1.8258E-09 2.0468E-09 2.2811E-09 2.5319E-09 2.8058E-09 3.1088E-09 3.4514E-09 3.8173E-09 4.2247E-09 4.6680E-09 5.1535E-09 5.6886E-09 6.2646E-09 6.8889E-09 7.5609E-09 8.2833E-09 9.0558E-09 9.8769E-09 1.0765E-08 1.1713E-08 1.2701E-08 1.3741E-08 1.4818E-08 1.5913E-08 1.7021E-08 1.8136E-08 1.9244E-08 2.0326E-08 2.1373E-08 2.2370E-08 2.3309E-08 2.4164E-08 2.4922E-08 2.5571E-08 2.6100E-08 2.6503E-08 2.6763E-08 2.6872E-08 2.6818E-08 2.6571E-08 2.6106E-08 2.5410E-08 2.4474E-08 2.3301E-08 2.1904E-08 2.0324E-08 1.8639E-08 1.6958E-08 1.5414E-08 1.4167E-08 1.3055E-08 1.1959E-08 1.1087E-08 1.0263E-08 9.4913E-09 8.7761E-09
1.5904E-09 1.7746E-09 1.9876E-09 2.2115E-09 2.4600E-09 2.7275E-09 3.0226E-09 3.3554E-09 3.7169E-09 4.1161E-09 4.5503E-09 5.0272E-09 5.5557E-09 6.1220E-09 6.7397E-09 7.4088E-09 8.1273E-09 8.8945E-09 9.7174E-09 1.0606E-08 1.1554E-08 1.2547E-08 1.3598E-08 1.4682E-08 1.5788E-08 1.6915E-08 1.8048E-08 1.9171E-08 2.0272E-08 2.1342E-08 2.2363E-08 2.3314E-08 2.4184E-08 2.4957E-08 2.5622E-08 2.6158E-08 2.6562E-08 2.6826E-08 2.6937E-08 2.6871E-08 2.6603E-08 2.6115E-08 2.5397E-08 2.4448E-08 2.3269E-08 2.1880E-08 2.0324E-08 1.8676E-08 1.7039E-08 1.5522E-08 1.4266E-08 1.3057E-08 1.2056E-08 1.1151E-08 1.0294E-08 9.4912E-09 8.7481E-09
