Assets/Resources/2015_m01_d17_0900(utc+0800)_l00_csi_1hr_conc.grd
DSAA
         159         159
     -79.000      79.000
     -79.000      79.000
  0.0000E+00  0.2780E-05
[rows 25 to 49 of 159, columns 0 to 56 of 159]
0.0000E+00 0.0000E+00 0.0000E+00 0.0000E+00 0.0000E+00 0.0000E+00 0.0000E+00 0.0000E+00 0.0000E+00 2.1824E-12 4.6815E-12 6.9441E-12 1.1498E-11 1.4427E-11 1.8600E-11 2.3971E-11 3.0144E-11 3.5055E-11 4.3995E-11 5.1015E-11 6.1438E-11 7.0370E-11 8.1764E-11 9.3517E-11 1.0362E-10 1.1543E-10 1.2682E-10 1.3999E-10 1.5368E-10 1.7043E-10 1.8739E-10 2.0494E-10 2.2971E-10 2.5298E-10 2.7680E-10 3.0895E-10 3.4044E-10 3.7665E-10 4.0944E-10 4.4728E-10 4.9029E-10 5.3158E-10 5.8338E-10 6.3235E-10 6.9268E-10 7.4990E-10 8.1570E-10 8.8143E-10 9.5251E-10 1.0288E-09 1.1098E-09 1.1966E-09 1.2908E-09 1.3893E-09 1.4956E-09 1.6087E-09 1.7281E-09
0.0000E+00 0.0000E+00 0.0000E+00 0.0000E+00 0.0000E+00 0.0000E+00 0.0000E+00 0.0000E+00 0.0000E+00 0.0000E+00 3.4392E-12 5.3501E-12 9.6707E-12 1.2213E-11 1.8043E-11 2.1776E-11 2.7709E-11 3.4041E-11 4.1553E-11 4.9169E-11 5.8518E-11 6.7684E-11 7.9081E-11 9.0955E-11 1.0039E-10 1.1191E-10 1.2345E-10 1.3588E-10 1.4969E-10 1.6611E-10 1.8227E-10 2.0081E-10 2.2431E-10 2.4727E-10 2.7075E-10 3.0487E-10 3.3340E-10 3.6948E-10 4.0186E-10 4.4005E-10 4.8362E-10 5.2411E-10 5.7657E-10 6.2605E-10 6.8626E-10 7.4441E-10 8.1088E-10 8.7769E-10 9.5000E-10 1.0272E-09 1.1096E-09 1.1984E-09 1.2936E-09 1.3957E-09 1.5050E-09 1.6207E-09 1.7442E-09
0.0000E+00 0.0000E+00 0.0000E+00 0.0000E+00 0.0000E+00 0.0000E+00 0.0000E+00 0.0000E+00 0.0000E+00 0.0000E+00 2.2337E-12 4.8148E-12 8.2560E-12 1.1830E-11 1.6361E-11 2.1106E-11 2.6854E-11 3.2619E-11 3.9127E-11 4.7304E-11 5.5197E-11 6.4056E-11 7.4897E-11 8.6680E-11 9.7092E-11 1.0791E-10 1.1956E-10 1.3211E-10 1.4515E-10 1.6166E-10 1.7749E-10 1.9523E-10 2.1873E-10 2.4132E-10 2.6446E-10 2.9795E-10 3.2615E-10 3.6181E-10 3.9339E-10 4.3228E-10 4.7581E-10 5.1564E-10 5.6898E-10 6.1835E-10 6.7910E-10 7.3792E-10 8.0463E-10 8.7243E-10 9.4611E-10 1.0241E-09 1.1084E-09 1.1997E-09 1.2970E-09 1.4014E-09 1.5132E-09 1.6335E-09 1.7595E-09
0.0000E+00 0.0000E+00 0.0000E+00 0.0000E+00 0.0000E+00 0.0000E+00 0.0000E+00 0.0000E+00 0.0000E+00 0.0000E+00 1.0822E-12 4.6553E-12 6.5854E-12 1.1443E-11 1.3296E-11 2.0048E-11 2.2728E-11 3.0406E-11 3.5720E-11 4.4236E-11 5.1673E-11 6.2082E-11 7.0291E-11 8.2808E-11 9.4174E-11 1.0470E-10 1.1561E-10 1.2827E-10 1.4052E-10 1.5711E-10 1.7259E-10 1.8954E-10 2.1296E-10 2.3518E-10 2.5790E-10 2.9073E-10 3.1816E-10 3.5358E-10 3.8476E-10 4.2420E-10 4.6684E-10 5.0649E-10 5.6037E-10 6.0914E-10 6.7100E-10 7.3039E-10 7.9716E-10 8.6617E-10 9.4017E-10 1.0194E-09 1.1064E-09 1.1993E-09 1.2991E-09 1.4064E-09 1.5209E-09 1.6437E-09 1.7758E-09
0.0000E+00 0.0000E+00 0.0000E+00 0.0000E+00 0.0000E+00 0.0000E+00 0.0000E+00 0.0000E+00 0.0000E+00 0.0000E+00 0.0000E+00 3.3916E-12 5.2992E-12 9.9374E-12 1.2473E-11 1.7862E-11 2.1581E-11 2.7842E-11 3.4155E-11 4.1603E-11 4.9209E-11 5.8479E-11 6.8047E-11 7.9362E-11 9.0793E-11 1.0144E-10 1.1204E-10 1.2349E-10 1.3582E-10 1.5247E-10 1.6759E-10 1.8420E-10 2.0900E-10 2.2886E-10 2.5112E-10 2.8323E-10 3.1036E-10 3.4498E-10 3.7615E-10 4.1551E-10 4.5706E-10 4.9729E-10 5.5088E-10 5.9893E-10 6.6170E-10 7.2134E-10 7.8866E-10 8.5838E-10 9.3272E-10 1.0140E-09 1.1026E-09 1.1968E-09 1.2997E-09 1.4101E-09 1.5282E-09 1.6554E-09 1.7921E-09
0.0000E+00 0.0000E+00 0.0000E+00 0.0000E+00 0.0000E+00 0.0000E+00 0.0000E+00 0.0000E+00 0.0000E+00 0.0000E+00 0.0000E+00 2.1847E-12 4.7421E-12 6.7003E-12 1.1660E-11 1.4680E-11 2.0830E-11 2.5105E-11 3.2598E-11 3.7985E-11 4.7545E-11 5.3089E-11 6.5373E-11 7.2923E-11 8.6545E-11 9.7293E-11 1.0757E-10 1.1954E-10 1.3150E-10 1.4687E-10 1.6249E-10 1.7875E-10 2.0297E-10 2.2191E-10 2.4415E-10 2.7547E-10 3.0226E-10 3.3591E-10 3.6699E-10 4.0640E-10 4.4681E-10 4.8773E-10 5.4050E-10 5.8863E-10 6.5201E-10 7.1066E-10 7.7904E-10 8.4982E-10 9.2468E-10 1.0076E-09 1.0971E-09 1.1933E-09 1.2989E-09 1.4129E-09 1.5349E-09 1.6667E-09 1.8067E-09
0.0000E+00 0.0000E+00 0.0000E+00 0.0000E+00 0.0000E+00 0.0000E+00 0.0000E+00 0.0000E+00 0.0000E+00 0.0000E+00 0.0000E+00 0.0000E+00 4.5662E-12 5.3821E-12 1.1232E-11 1.3056E-11 2.0078E-11 2.2712E-11 2.9862E-11 3.5110E-11 4.4283E-11 5.0830E-11 6.1483E-11 6.9993E-11 8.1497E-11 9.3560E-11 1.0393E-10 1.1512E-10 1.2714E-10 1.4211E-10 1.5643E-10 1.7238E-10 1.9681E-10 2.1528E-10 2.3656E-10 2.6757E-10 2.9391E-10 3.2668E-10 3.5801E-10 3.9659E-10 4.3666E-10 4.7750E-10 5.2927E-10 5.7813E-10 6.4107E-10 6.9940E-10 7.6895E-10 8.3972E-10 9.1557E-10 9.9992E-10 1.0899E-09 1.1892E-09 1.2980E-09 1.4138E-09 1.5399E-09 1.6758E-09 1.8222E-09
0.0000E+00 0.0000E+00 0.0000E+00 0.0000E+00 0.0000E+00 0.0000E+00 0.0000E+00 0.0000E+00 0.0000E+00 0.0000E+00 0.0000E+00 0.0000E+00 2.1998E-12 5.1773E-12 8.2725E-12 1.2184E-11 1.5990E-11 2.1093E-11 2.6578E-11 3.3421E-11 3.8871E-11 4.8581E-11 5.5812E-11 6.6657E-11 7.6371E-11 8.9826E-11 9.9853E-11 1.1067E-10 1.2188E-10 1.3609E-10 1.5122E-10 1.6630E-10 1.9057E-10 2.0809E-10 2.3178E-10 2.5904E-10 2.8529E-10 3.1752E-10 3.4874E-10 3.8603E-10 4.2593E-10 4.6709E-10 5.1750E-10 5.6701E-10 6.2926E-10 6.8782E-10 7.5811E-10 8.2846E-10 9.0576E-10 9.9114E-10 1.0825E-09 1.1846E-09 1.2954E-09 1.4144E-09 1.5446E-09 1.6858E-09 1.8370E-09
0.0000E+00 0.0000E+00 0.0000E+00 0.0000E+00 0.0000E+00 0.0000E+00 0.0000E+00 0.0000E+00 0.0000E+00 0.0000E+00 0.0000E+00 0.0000E+00 0.0000E+00 4.6070E-12 5.4289E-12 1.1335E-11 1.3174E-11 2.0274E-11 2.3324E-11 3.2141E-11 3.6254E-11 4.6342E-11 5.2150E-11 6.4162E-11 7.1951E-11 8.4403E-11 9.5344E-11 1.0623E-10 1.1706E-10 1.3127E-10 1.4598E-10 1.6018E-10 1.8377E-10 2.0125E-10 2.2438E-10 2.5081E-10 2.7596E-10 3.0823E-10 3.3925E-10 3.7530E-10 4.1520E-10 4.5583E-10 5.0595E-10 5.5523E-10 6.1595E-10 6.7572E-10 7.4625E-10 8.1654E-10 8.9524E-10 9.8124E-10 1.0752E-09 1.1796E-09 1.2921E-09 1.4150E-09 1.5501E-09 1.6949E-09 1.8497E-09
0.0000E+00 0.0000E+00 0.0000E+00 0.0000E+00 0.0000E+00 0.0000E+00 0.0000E+00 0.0000E+00 0.0000E+00 0.0000E+00 0.0000E+00 0.0000E+00 0.0000E+00 3.3096E-12 5.2080E-12 9.4415E-12 1.2643E-11 1.6852E-11 2.2006E-11 2.7127E-11 3.4433E-11 4.1114E-11 4.9713E-11 5.7797E-11 6.7944E-11 7.7289E-11 9.1289E-11 1.0179E-10 1.1267E-10 1.2476E-10 1.4026E-10 1.5448E-10 1.7689E-10 1.9386E-10 2.1639E-10 2.4194E-10 2.6608E-10 2.9874E-10 3.2875E-10 3.6470E-10 4.0438E-10 4.4392E-10 4.9398E-10 5.4302E-10 6.0225E-10 6.6281E-10 7.3298E-10 8.0421E-10 8.8391E-10 9.7079E-10 1.0674E-09 1.1736E-09 1.2888E-09 1.4160E-09 1.5542E-09 1.7024E-09 1.8636E-09
0.0000E+00 0.0000E+00 0.0000E+00 0.0000E+00 0.0000E+00 0.0000E+00 0.0000E+00 0.0000E+00 0.0000E+00 0.0000E+00 0.0000E+00 0.0000E+00 0.0000E+00 0.0000E+00 4.6164E-12 5.4388E-12 1.1360E-11 1.3202E-11 2.0330E-11 2.3389E-11 3.1933E-11 3.6772E-11 4.6587E-11 5.3150E-11 6.4898E-11 7.2619E-11 8.6916E-11 9.6954E-11 1.0743E-10 1.1870E-10 1.3455E-10 1.4784E-10 1.6997E-10 1.8640E-10 2.0880E-10 2.3339E-10 2.5706E-10 2.8919E-10 3.1825E-10 3.5382E-10 3.9306E-10 4.3168E-10 4.8153E-10 5.2989E-10 5.8888E-10 6.4930E-10 7.1808E-10 7.9068E-10 8.7107E-10 9.5823E-10 1.0580E-09 1.1669E-09 1.2854E-09 1.4158E-09 1.5569E-09 1.7115E-09 1.8792E-09
0.0000E+00 0.0000E+00 0.0000E+00 0.0000E+00 0.0000E+00 0.0000E+00 0.0000E+00 0.0000E+00 0.0000E+00 0.0000E+00 0.0000E+00 0.0000E+00 0.0000E+00 0.0000E+00 3.2973E-12 5.2031E-12 9.4280E-12 1.2635E-11 1.7992E-11 2.2397E-11 2.9088E-11 3.4831E-11 4.1507E-11 5.0543E-11 5.8615E-11 6.9216E-11 7.9378E-11 9.2586E-11 1.0266E-10 1.1306E-10 1.2840E-10 1.4166E-10 1.6348E-10 1.7935E-10 2.0030E-10 2.2474E-10 2.4771E-10 2.7897E-10 3.0756E-10 3.4278E-10 3.8097E-10 4.1951E-10 4.6880E-10 5.1616E-10 5.7486E-10 6.3515E-10 7.0302E-10 7.7590E-10 8.5635E-10 9.4422E-10 1.0462E-09 1.1578E-09 1.2810E-09 1.4153E-09 1.5617E-09 1.7212E-09 1.8943E-09
0.0000E+00 0.0000E+00 0.0000E+00 0.0000E+00 0.0000E+00 0.0000E+00 0.0000E+00 0.0000E+00 0.0000E+00 0.0000E+00 0.0000E+00 0.0000E+00 0.0000E+00 0.0000E+00 0.0000E+00 4.5942E-12 5.7931E-12 1.0995E-11 1.3139E-11 1.9926E-11 2.3292E-11 3.1820E-11 3.6640E-11 4.6849E-11 5.2974E-11 6.5128E-11 7.3235E-11 8.6771E-11 9.7516E-11 1.0794E-10 1.2316E-10 1.3594E-10 1.5653E-10 1.7228E-10 1.9168E-10 2.1553E-10 2.3780E-10 2.6906E-10 2.9671E-10 3.3155E-10 3.6883E-10 4.0697E-10 4.5525E-10 5.0225E-10 5.6060E-10 6.1997E-10 6.8759E-10 7.6061E-10 8.4040E-10 9.2993E-10 1.0325E-09 1.1457E-09 1.2735E-09 1.4142E-09 1.5653E-09 1.7302E-09 1.9089E-09
0.0000E+00 0.0000E+00 0.0000E+00 0.0000E+00 0.0000E+00 0.0000E+00 0.0000E+00 0.0000E+00 0.0000E+00 0.0000E+00 0.0000E+00 0.0000E+00 0.0000E+00 0.0000E+00 0.0000E+00 0.0000E+00 5.1627E-12 6.0138E-12 1.2540E-11 1.4446E-11 2.2242E-11 2.5406E-11 3.4689E-11 3.9270E-11 5.0308E-11 5.6654E-11 6.9618E-11 7.7679E-11 9.2866E-11 1.0330E-10 1.1753E-10 1.2934E-10 1.4837E-10 1.6429E-10 1.8398E-10 2.0673E-10 2.2873E-10 2.5907E-10 2.8549E-10 3.1968E-10 3.5628E-10 3.9418E-10 4.4166E-10 4.8793E-10 5.4586E-10 6.0443E-10 6.7166E-10 7.4452E-10 8.2399E-10 9.1526E-10 1.0176E-09 1.1322E-09 1.2632E-09 1.4079E-09 1.5664E-09 1.7381E-09 1.9246E-09
0.0000E+00 0.0000E+00 0.0000E+00 0.0000E+00 0.0000E+00 0.0000E+00 0.0000E+00 0.0000E+00 0.0000E+00 0.0000E+00 0.0000E+00 0.0000E+00 0.0000E+00 0.0000E+00 0.0000E+00 0.0000E+00 4.5409E-12 5.7320E-12 1.1263E-11 1.3774E-11 2.0504E-11 2.4237E-11 3.1977E-11 3.6255E-11 4.6057E-11 5.2852E-11 6.4163E-11 7.2514E-11 8.6021E-11 9.6985E-11 1.1031E-10 1.2325E-10 1.4198E-10 1.5723E-10 1.7502E-10 1.9736E-10 2.1873E-10 2.4830E-10 2.7472E-10 3.0823E-10 3.4343E-10 3.8048E-10 4.2760E-10 4.7345E-10 5.3032E-10 5.8858E-10 6.5590E-10 7.2807E-10 8.0813E-10 8.9967E-10 1.0013E-09 1.1187E-09 1.2519E-09 1.3985E-09 1.5619E-09 1.7423E-09 1.9375E-09
0.0000E+00 0.0000E+00 0.0000E+00 0.0000E+00 0.0000E+00 0.0000E+00 0.0000E+00 0.0000E+00 0.0000E+00 0.0000E+00 0.0000E+00 0.0000E+00 0.0000E+00 0.0000E+00 0.0000E+00 0.0000E+00 0.0000E+00 5.0876E-12 5.9260E-12 1.2049E-11 1.4239E-11 2.1615E-11 2.5059E-11 3.4233E-11 3.9157E-11 4.9656E-11 5.6331E-11 6.8828E-11 7.6665E-11 9.1854E-11 1.0486E-10 1.1719E-10 1.3309E-10 1.4973E-10 1.6694E-10 1.8811E-10 2.0962E-10 2.3790E-10 2.6346E-10 2.9533E-10 3.3059E-10 3.6725E-10 4.1302E-10 4.5850E-10 5.1457E-10 5.7218E-10 6.3940E-10 7.1213E-10 7.9275E-10 8.8408E-10 9.8609E-10 1.1038E-09 1.2385E-09 1.3876E-09 1.5544E-09 1.7399E-09 1.9476E-09
0.0000E+00 0.0000E+00 0.0000E+00 0.0000E+00 0.0000E+00 0.0000E+00 0.0000E+00 0.0000E+00 0.0000E+00 0.0000E+00 0.0000E+00 0.0000E+00 0.0000E+00 0.0000E+00 0.0000E+00 0.0000E+00 0.0000E+00 3.3878E-12 5.6327E-12 9.9715E-12 1.3539E-11 1.9037E-11 2.3839E-11 3.0705E-11 3.6549E-11 4.5352E-11 5.2487E-11 6.3951E-11 7.2252E-11 8.5001E-11 9.5016E-11 1.1034E-10 1.2517E-10 1.4176E-10 1.5847E-10 1.7836E-10 1.9999E-10 2.2593E-10 2.5268E-10 2.8352E-10 3.1752E-10 3.5408E-10 3.9809E-10 4.4299E-10 4.9863E-10 5.5565E-10 6.2239E-10 6.9538E-10 7.7675E-10 8.6904E-10 9.7243E-10 1.0890E-09 1.2228E-09 1.3752E-09 1.5453E-09 1.7380E-09 1.9534E-09
0.0000E+00 0.0000E+00 0.0000E+00 0.0000E+00 0.0000E+00 0.0000E+00 0.0000E+00 0.0000E+00 0.0000E+00 0.0000E+00 0.0000E+00 0.0000E+00 0.0000E+00 0.0000E+00 0.0000E+00 0.0000E+00 0.0000E+00 0.0000E+00 4.9793E-12 5.7995E-12 1.1798E-11 1.3939E-11 2.1173E-11 2.4545E-11 3.3231E-11 3.8055E-11 4.8344E-11 5.5219E-11 6.7116E-11 7.5929E-11 8.9556E-11 1.0447E-10 1.1851E-10 1.3258E-10 1.5073E-10 1.6754E-10 1.9003E-10 2.1398E-10 2.4099E-10 2.7107E-10 3.0392E-10 3.4030E-10 3.8297E-10 4.2755E-10 4.8200E-10 5.3854E-10 6.0580E-10 6.7814E-10 7.5961E-10 8.5385E-10 9.5836E-10 1.0765E-09 1.2085E-09 1.3605E-09 1.5361E-09 1.7353E-09 1.9564E-09
0.0000E+00 0.0000E+00 0.0000E+00 0.0000E+00 0.0000E+00 0.0000E+00 0.0000E+00 0.0000E+00 0.0000E+00 0.0000E+00 0.0000E+00 0.0000E+00 0.0000E+00 0.0000E+00 0.0000E+00 0.0000E+00 0.0000E+00 0.0000E+00 1.1350E-12 5.1150E-12 7.5091E-12 1.2520E-11 1.6310E-11 2.2571E-11 2.8856E-11 3.5390E-11 4.3142E-11 5.0935E-11 6.0896E-11 7.0134E-11 8.2117E-11 9.6845E-11 1.1176E-10 1.2551E-10 1.4150E-10 1.5639E-10 1.7905E-10 2.0058E-10 2.2874E-10 2.5788E-10 2.9007E-10 3.2666E-10 3.6652E-10 4.1210E-10 4.6488E-10 5.2096E-10 5.8869E-10 6.5995E-10 7.4284E-10 8.3751E-10 9.4286E-10 1.0630E-09 1.1954E-09 1.3495E-09 1.5266E-09 1.7281E-09 1.9565E-09
0.0000E+00 0.0000E+00 0.0000E+00 0.0000E+00 0.0000E+00 0.0000E+00 0.0000E+00 0.0000E+00 0.0000E+00 0.0000E+00 0.0000E+00 0.0000E+00 0.0000E+00 0.0000E+00 0.0000E+00 0.0000E+00 0.0000E+00 0.0000E+00 0.0000E+00 2.6898E-12 5.6368E-12 9.2641E-12 1.3240E-11 1.9482E-11 2.3555E-11 3.1199E-11 3.7042E-11 4.6280E-11 5.3349E-11 6.4414E-11 7.3346E-11 9.0060E-11 1.0448E-10 1.1644E-10 1.3390E-10 1.4711E-10 1.6902E-10 1.8943E-10 2.1541E-10 2.4330E-10 2.7368E-10 3.1160E-10 3.4924E-10 3.9547E-10 4.4613E-10 5.0318E-10 5.7052E-10 6.4106E-10 7.2554E-10 8.1986E-10 9.2521E-10 1.0478E-09 1.1851E-09 1.3414E-09 1.5181E-09 1.7210E-09 1.9556E-09
0.0000E+00 0.0000E+00 0.0000E+00 0.0000E+00 0.0000E+00 0.0000E+00 0.0000E+00 0.0000E+00 0.0000E+00 0.0000E+00 0.0000E+00 0.0000E+00 0.0000E+00 0.0000E+00 0.0000E+00 0.0000E+00 0.0000E+00 0.0000E+00 0.0000E+00 0.0000E+00 3.8799E-12 5.7640E-12 1.1033E-11 1.3948E-11 2.0757E-11 2.5251E-11 3.4333E-11 3.8684E-11 4.9734E-11 5.5698E-11 6.8172E-11 7.9023E-11 9.7635E-11 1.0828E-10 1.2346E-10 1.3972E-10 1.5758E-10 1.7860E-10 2.0199E-10 2.2909E-10 2.5876E-10 2.9476E-10 3.3134E-10 3.7751E-10 4.2589E-10 4.8406E-10 5.5040E-10 6.2228E-10 7.0754E-10 8.0001E-10 9.0784E-10 1.0332E-09 1.1740E-09 1.3345E-09 1.5143E-09 1.7189E-09 1.9600E-09
0.0000E+00 0.0000E+00 0.0000E+00 0.0000E+00 0.0000E+00 0.0000E+00 0.0000E+00 0.0000E+00 0.0000E+00 0.0000E+00 0.0000E+00 0.0000E+00 0.0000E+00 0.0000E+00 0.0000E+00 0.0000E+00 0.0000E+00 0.0000E+00 0.0000E+00 0.0000E+00 1.1372E-12 4.3548E-12 7.4474E-12 1.1669E-11 1.6162E-11 2.2758E-11 2.7393E-11 3.5410E-11 4.3119E-11 5.1000E-11 6.0400E-11 7.0051E-11 8.4903E-11 1.0074E-10 1.1428E-10 1.3109E-10 1.4838E-10 1.6848E-10 1.9011E-10 2.1640E-10 2.4334E-10 2.7826E-10 3.1402E-10 3.5906E-10 4.0661E-10 4.6393E-10 5.2914E-10 6.0239E-10 6.8814E-10 7.8036E-10 8.8983E-10 1.0194E-09 1.1628E-09 1.3256E-09 1.5128E-09 1.7274E-09 1.9717E-09
0.0000E+00 0.0000E+00 0.0000E+00 0.0000E+00 0.0000E+00 0.0000E+00 0.0000E+00 0.0000E+00 0.0000E+00 0.0000E+00 0.0000E+00 0.0000E+00 0.0000E+00 0.0000E+00 0.0000E+00 0.0000E+00 0.0000E+00 0.0000E+00 0.0000E+00 0.0000E+00 0.0000E+00 1.5506E-12 5.5410E-12 9.1362E-12 1.3427E-11 1.8453E-11 2.3965E-11 3.0291E-11 3.6762E-11 4.4985E-11 5.2911E-11 6.4051E-11 7.5325E-11 9.3107E-11 1.0515E-10 1.2331E-10 1.3894E-10 1.5928E-10 1.7911E-10 2.0387E-10 2.3044E-10 2.6300E-10 2.9761E-10 3.3979E-10 3.8756E-10 4.4349E-10 5.0808E-10 5.8151E-10 6.6560E-10 7.6057E-10 8.7469E-10 1.0042E-09 1.1502E-09 1.3189E-09 1.5125E-09 1.7375E-09 1.9929E-09
0.0000E+00 0.0000E+00 0.0000E+00 0.0000E+00 0.0000E+00 0.0000E+00 0.0000E+00 0.0000E+00 0.0000E+00 0.0000E+00 0.0000E+00 0.0000E+00 0.0000E+00 0.0000E+00 0.0000E+00 0.0000E+00 0.0000E+00 0.0000E+00 0.0000E+00 0.0000E+00 0.0000E+00 0.0000E+00 2.7214E-12 6.0210E-12 9.6971E-12 1.4022E-11 1.9118E-11 2.4654E-11 3.2228E-11 3.7957E-11 4.7018E-11 5.4149E-11 6.7499E-11 8.2795E-11 9.5492E-11 1.1327E-10 1.2929E-10 1.4887E-10 1.6873E-10 1.9289E-10 2.1844E-10 2.4810E-10 2.8293E-10 3.2214E-10 3.6934E-10 4.2338E-10 4.8701E-10 5.5967E-10 6.4288E-10 7.3878E-10 8.5749E-10 9.8894E-10 1.1371E-09 1.3104E-09 1.5148E-09 1.7484E-09 2.0119E-09
0.0000E+00 0.0000E+00 0.0000E+00 0.0000E+00 0.0000E+00 0.0000E+00 0.0000E+00 0.0000E+00 0.0000E+00 0.0000E+00 0.0000E+00 0.0000E+00 0.0000E+00 0.0000E+00 0.0000E+00 0.0000E+00 0.0000E+00 0.0000E+00 0.0000E+00 0.0000E+00 0.0000E+00 0.0000E+00 0.0000E+00 3.1565E-12 6.0919E-12 1.0200E-11 1.4557E-11 2.1246E-11 2.6858E-11 3.3648E-11 4.0197E-11 4.8465E-11 5.7427E-11 7.2845E-11 8.5406E-11 1.0343E-10 1.2067E-10 1.3911E-10 1.5960E-10 1.8181E-10 2.0784E-10 2.3478E-10 2.6888E-10 3.0644E-10 3.5196E-10 4.0404E-10 4.6693E-10 5.3798E-10 6.2018E-10 7.1927E-10 8.3694E-10 9.6970E-10 1.1248E-09 1.3039E-09 1.5155E-09 1.7577E-09 2.0368E-09
