Assets/Resources/2015_m01_d15_2100(utc+0800)_l00_csi_1hr_conc.grd
DSAA
         159         159
     -79.000      79.000
     -79.000      79.000
  0.2204E-10  0.1653E-04
[rows 0 to 24 of 159, columns 0 to 56 of 159]
1.8575E-10 2.0020E-10 2.1586E-10 2.3220E-10 2.4920E-10 2.6689E-10 2.8576E-10 3.0471E-10 3.2429E-10 3.4441E-10 3.6520E-10 3.8596E-10 4.0766E-10 4.2936E-10 4.5143E-10 4.7447E-10 4.9684E-10 5.2051E-10 5.4400E-10 5.6723E-10 5.9217E-10 6.1574E-10 6.3990E-10 6.6460E-10 6.8830E-10 7.1296E-10 7.3707E-10 7.6054E-10 7.8489E-10 8.0859E-10 8.3149E-10 8.5544E-10 8.7850E-10 9.0065E-10 9.2442E-10 9.4614E-10 9.6759E-10 9.9008E-10 1.0117E-09 1.0323E-09 1.0525E-09 1.0736E-09 1.0936E-09 1.1123E-09 1.1302E-09 1.1479E-09 1.1657E-09 1.1812E-09 1.1959E-09 1.2112E-09 1.2250E-09 1.2373E-09 1.2502E-09 1.2638E-09 1.2739E-09 1.2847E-09 1.3104E-09
1.8830E-10 2.0346E-10 2.1875E-10 2.3581E-10 2.5302E-10 2.7144E-10 2.8943E-10 3.0914E-10 3.2890E-10 3.4933E-10 3.7037E-10 3.9128E-10 4.1325E-10 4.3467E-10 4.5751E-10 4.8029E-10 5.0340E-10 5.2738E-10 5.5061E-10 5.7512E-10 5.9932E-10 6.2313E-10 6.4855E-10 6.7253E-10 6.9700E-10 7.2192E-10 7.4583E-10 7.7007E-10 7.9472E-10 8.1818E-10 8.4202E-10 8.6627E-10 8.8904E-10 9.1279E-10 9.3572E-10 9.5783E-10 9.8033E-10 1.0032E-09 1.0246E-09 1.0456E-09 1.0668E-09 1.0883E-09 1.1079E-09 1.1268E-09 1.1456E-09 1.1643E-09 1.1808E-09 1.1965E-09 1.2121E-09 1.2276E-09 1.2409E-09 1.2548E-09 1.2694E-09 1.2804E-09 1.3059E-09 1.3197E-09 1.3298E-09
1.9073E-10 2.0657E-10 2.2206E-10 2.3873E-10 2.5667E-10 2.7529E-10 2.9402E-10 3.1340E-10 3.3337E-10 3.5405E-10 3.7474E-10 3.9640E-10 4.1811E-10 4.4023E-10 4.6336E-10 4.8586E-10 5.0972E-10 5.3344E-10 5.5744E-10 5.8222E-10 6.0614E-10 6.3124E-10 6.5590E-10 6.8011E-10 7.0584E-10 7.3007E-10 7.5418E-10 7.7976E-10 8.0370E-10 8.2738E-10 8.5281E-10 8.7614E-10 8.9983E-10 9.2398E-10 9.4669E-10 9.6979E-10 9.9338E-10 1.0155E-09 1.0372E-09 1.0585E-09 1.0815E-09 1.1020E-09 1.1219E-09 1.1409E-09 1.1613E-09 1.1789E-09 1.1956E-09 1.2122E-09 1.2287E-09 1.2429E-09 1.2578E-09 1.2734E-09 1.2901E-09 1.3126E-09 1.3274E-09 1.3387E-09 1.3636E-09
1.9358E-10 2.0903E-10 2.2521E-10 2.4260E-10 2.6018E-10 2.7842E-10 2.9788E-10 3.1744E-10 3.3769E-10 3.5860E-10 3.7940E-10 4.0132E-10 4.2272E-10 4.4606E-10 4.6843E-10 4.9165E-10 5.1580E-10 5.3922E-10 5.6448E-10 5.8850E-10 6.1316E-10 6.3848E-10 6.6291E-10 6.8838E-10 7.1336E-10 7.3785E-10 7.6324E-10 7.8809E-10 8.1226E-10 8.3751E-10 8.6199E-10 8.8562E-10 9.1092E-10 9.3421E-10 9.5730E-10 9.8210E-10 1.0048E-09 1.0273E-09 1.0494E-09 1.0731E-09 1.0945E-09 1.1153E-09 1.1353E-09 1.1560E-09 1.1752E-09 1.1930E-09 1.2099E-09 1.2281E-09 1.2434E-09 1.2578E-09 1.2758E-09 1.3028E-09 1.3177E-09 1.3336E-09 1.3600E-09 1.3728E-09 1.3895E-09
1.9628E-10 2.1137E-10 2.2820E-10 2.4577E-10 2.6352E-10 2.8194E-10 3.0103E-10 3.2133E-10 3.4181E-10 3.6234E-10 3.8435E-10 4.0550E-10 4.2758E-10 4.5071E-10 4.7324E-10 4.9768E-10 5.2105E-10 5.4523E-10 5.7024E-10 5.9445E-10 6.2037E-10 6.4492E-10 6.6955E-10 6.9578E-10 7.2052E-10 7.4573E-10 7.7143E-10 7.9604E-10 8.2106E-10 8.4666E-10 8.7080E-10 8.9598E-10 9.2043E-10 9.4408E-10 9.6880E-10 9.9283E-10 1.0159E-09 1.0388E-09 1.0625E-09 1.0854E-09 1.1071E-09 1.1281E-09 1.1497E-09 1.1699E-09 1.1887E-09 1.2066E-09 1.2258E-09 1.2422E-09 1.2576E-09 1.2790E-09 1.3051E-09 1.3197E-09 1.3452E-09 1.3663E-09 1.3803E-09 1.4016E-09 1.4261E-09
1.9885E-10 2.1409E-10 2.3107E-10 2.4825E-10 2.6668E-10 2.8581E-10 3.0507E-10 3.2506E-10 3.4575E-10 3.6637E-10 3.8814E-10 4.0943E-10 4.3270E-10 4.5504E-10 4.7829E-10 5.0249E-10 5.2602E-10 5.5145E-10 5.7567E-10 6.0059E-10 6.2622E-10 6.5100E-10 6.7688E-10 7.0233E-10 7.2731E-10 7.5378E-10 7.7874E-10 8.0355E-10 8.3014E-10 8.5477E-10 8.7983E-10 9.0538E-10 9.2955E-10 9.5422E-10 9.7941E-10 1.0031E-09 1.0266E-09 1.0505E-09 1.0747E-09 1.0972E-09 1.1192E-09 1.1411E-09 1.1630E-09 1.1827E-09 1.2017E-09 1.2212E-09 1.2393E-09 1.2558E-09 1.2814E-09 1.3057E-09 1.3214E-09 1.3528E-09 1.3709E-09 1.3886E-09 1.4182E-09 1.4365E-09 1.4614E-09
2.0079E-10 2.1665E-10 2.3379E-10 2.5112E-10 2.6969E-10 2.8844E-10 3.0841E-10 3.2862E-10 3.4890E-10 3.7022E-10 3.9167E-10 4.1361E-10 4.3665E-10 4.5912E-10 4.8356E-10 5.0696E-10 5.3173E-10 5.5638E-10 5.8076E-10 6.0692E-10 6.3175E-10 6.5723E-10 6.8334E-10 7.0852E-10 7.3421E-10 7.6046E-10 7.8564E-10 8.1194E-10 8.3762E-10 8.6249E-10 8.8909E-10 9.1377E-10 9.3830E-10 9.6459E-10 9.8899E-10 1.0131E-09 1.0370E-09 1.0625E-09 1.0858E-09 1.1086E-09 1.1308E-09 1.1543E-09 1.1751E-09 1.1951E-09 1.2149E-09 1.2347E-09 1.2522E-09 1.2813E-09 1.3045E-09 1.3238E-09 1.3551E-09 1.3737E-09 1.3997E-09 1.4241E-09 1.4489E-09 1.4792E-09 1.5036E-09
2.0258E-10 2.1907E-10 2.3635E-10 2.5381E-10 2.7253E-10 2.9141E-10 3.1104E-10 3.3197E-10 3.5232E-10 3.7386E-10 3.9495E-10 4.1806E-10 4.4028E-10 4.6345E-10 4.8762E-10 5.1116E-10 5.3665E-10 5.6097E-10 5.8655E-10 6.1189E-10 6.3692E-10 6.6362E-10 6.8893E-10 7.1432E-10 7.4128E-10 7.6674E-10 7.9275E-10 8.1935E-10 8.4464E-10 8.7106E-10 8.9679E-10 9.2176E-10 9.4794E-10 9.7392E-10 9.9923E-10 1.0238E-09 1.0495E-09 1.0743E-09 1.0980E-09 1.1212E-09 1.1451E-09 1.1676E-09 1.1887E-09 1.2096E-09 1.2306E-09 1.2493E-09 1.2804E-09 1.3042E-09 1.3295E-09 1.3577E-09 1.3800E-09 1.4076E-09 1.4354E-09 1.4670E-09 1.4920E-09 1.5273E-09 1.5539E-09
2.0475E-10 2.2084E-10 2.3821E-10 2.5633E-10 2.7520E-10 2.9423E-10 3.1461E-10 3.3456E-10 3.5558E-10 3.7677E-10 3.9849E-10 4.2133E-10 4.4366E-10 4.6799E-10 4.9134E-10 5.1608E-10 5.4077E-10 5.6523E-10 5.9153E-10 6.1654E-10 6.4225E-10 6.6865E-10 6.9416E-10 7.2076E-10 7.4695E-10 7.7262E-10 8.0007E-10 8.2576E-10 8.5190E-10 8.7861E-10 9.0405E-10 9.3025E-10 9.5737E-10 9.8329E-10 1.0091E-09 1.0350E-09 1.0612E-09 1.0859E-09 1.1100E-09 1.1342E-09 1.1585E-09 1.1807E-09 1.2022E-09 1.2249E-09 1.2449E-09 1.2781E-09 1.3023E-09 1.3335E-09 1.3578E-09 1.3869E-09 1.4195E-09 1.4525E-09 1.4859E-09 1.5184E-09 1.5476E-09 1.5784E-09 1.6132E-09
2.0678E-10 2.2299E-10 2.4048E-10 2.5871E-10 2.7712E-10 2.9689E-10 3.1742E-10 3.3694E-10 3.5863E-10 3.7944E-10 4.0181E-10 4.2429E-10 4.4729E-10 4.7133E-10 4.9478E-10 5.2023E-10 5.4456E-10 5.7019E-10 5.9564E-10 6.2083E-10 6.4773E-10 6.7331E-10 6.9901E-10 7.2633E-10 7.5222E-10 7.7870E-10 8.0584E-10 8.3170E-10 8.5877E-10 8.8519E-10 9.1138E-10 9.3905E-10 9.6608E-10 9.9243E-10 1.0187E-09 1.0471E-09 1.0732E-09 1.0985E-09 1.1231E-09 1.1493E-09 1.1728E-09 1.1955E-09 1.2188E-09 1.2408E-09 1.2754E-09 1.3026E-09 1.3362E-09 1.3631E-09 1.4011E-09 1.4386E-09 1.4680E-09 1.5096E-09 1.5395E-09 1.5729E-09 1.6101E-09 1.6430E-09 1.6812E-09
2.0816E-10 2.2498E-10 2.4257E-10 2.6093E-10 2.7947E-10 2.9939E-10 3.1948E-10 3.4012E-10 3.6096E-10 3.8237E-10 4.0493E-10 4.2702E-10 4.5115E-10 4.7434E-10 4.9847E-10 5.2358E-10 5.4803E-10 5.7434E-10 5.9943E-10 6.2528E-10 6.5186E-10 6.7760E-10 7.0449E-10 7.3102E-10 7.5708E-10 7.8500E-10 8.1119E-10 8.3789E-10 8.6536E-10 8.9204E-10 9.1947E-10 9.4757E-10 9.7454E-10 1.0016E-09 1.0297E-09 1.0571E-09 1.0837E-09 1.1097E-09 1.1362E-09 1.1614E-09 1.1853E-09 1.2091E-09 1.2329E-09 1.2704E-09 1.2998E-09 1.3383E-09 1.3701E-09 1.4076E-09 1.4521E-09 1.4862E-09 1.5238E-09 1.5600E-09 1.5958E-09 1.6343E-09 1.6737E-09 1.7189E-09 1.8283E-09
2.0992E-10 2.2682E-10 2.4450E-10 2.6294E-10 2.8219E-10 3.0171E-10 3.2135E-10 3.4262E-10 3.6306E-10 3.8509E-10 4.0727E-10 4.3000E-10 4.5380E-10 4.7707E-10 5.0237E-10 5.2661E-10 5.5169E-10 5.7764E-10 6.0288E-10 6.2988E-10 6.5561E-10 6.8152E-10 7.0911E-10 7.3531E-10 7.6216E-10 7.8972E-10 8.1607E-10 8.4455E-10 8.7161E-10 8.9875E-10 9.2798E-10 9.5538E-10 9.8298E-10 1.0103E-09 1.0397E-09 1.0670E-09 1.0940E-09 1.1214E-09 1.1484E-09 1.1734E-09 1.1978E-09 1.2254E-09 1.2664E-09 1.2976E-09 1.3402E-09 1.3744E-09 1.4189E-09 1.4634E-09 1.5031E-09 1.5406E-09 1.5788E-09 1.6136E-09 1.6576E-09 1.7012E-09 1.7542E-09 1.8636E-09 1.9387E-09
2.1154E-10 2.2853E-10 2.4630E-10 2.6428E-10 2.8367E-10 3.0383E-10 3.2353E-10 3.4441E-10 3.6495E-10 3.8761E-10 4.0938E-10 4.3273E-10 4.5614E-10 4.8006E-10 5.0499E-10 5.2932E-10 5.5555E-10 5.8061E-10 6.0649E-10 6.3314E-10 6.5900E-10 6.8607E-10 7.1284E-10 7.3919E-10 7.6745E-10 7.9404E-10 8.2159E-10 8.5023E-10 8.7766E-10 9.0595E-10 9.3501E-10 9.6305E-10 9.9099E-10 1.0202E-09 1.0488E-09 1.0767E-09 1.1039E-09 1.1325E-09 1.1585E-09 1.1857E-09 1.2162E-09 1.2585E-09 1.2942E-09 1.3377E-09 1.3787E-09 1.4253E-09 1.4712E-09 1.5097E-09 1.5468E-09 1.5887E-09 1.6271E-09 1.6765E-09 1.7204E-09 1.7780E-09 1.8922E-09 1.9750E-09 2.0679E-09
2.1302E-10 2.3008E-10 2.4791E-10 2.6604E-10 2.8554E-10 3.0522E-10 3.2553E-10 3.4600E-10 3.6711E-10 3.8937E-10 4.1125E-10 4.3522E-10 4.5821E-10 4.8278E-10 5.0730E-10 5.3223E-10 5.5807E-10 5.8325E-10 6.0975E-10 6.3603E-10 6.6203E-10 6.8977E-10 7.1618E-10 7.4329E-10 7.7117E-10 7.9837E-10 8.2784E-10 8.5556E-10 8.8349E-10 9.1364E-10 9.4190E-10 9.7034E-10 9.9945E-10 1.0293E-09 1.0578E-09 1.0856E-09 1.1136E-09 1.1432E-09 1.1735E-09 1.2057E-09 1.2496E-09 1.2899E-09 1.3344E-09 1.3778E-09 1.4274E-09 1.4721E-09 1.5128E-09 1.5528E-09 1.5963E-09 1.6437E-09 1.6913E-09 1.7410E-09 1.8051E-09 1.9233E-09 2.0353E-09 2.1236E-09 2.2005E-09
2.1382E-10 2.3148E-10 2.4938E-10 2.6764E-10 2.8721E-10 3.0645E-10 3.2729E-10 3.4737E-10 3.6909E-10 3.9092E-10 4.1339E-10 4.3693E-10 4.6004E-10 4.8519E-10 5.0931E-10 5.3486E-10 5.6028E-10 5.8607E-10 6.1268E-10 6.3856E-10 6.6570E-10 6.9259E-10 7.1911E-10 7.4761E-10 7.7501E-10 8.0339E-10 8.3254E-10 8.6075E-10 8.8980E-10 9.1960E-10 9.4851E-10 9.7750E-10 1.0079E-09 1.0373E-09 1.0657E-09 1.0942E-09 1.1272E-09 1.1610E-09 1.1954E-09 1.2386E-09 1.2839E-09 1.3274E-09 1.3726E-09 1.4255E-09 1.4698E-09 1.5150E-09 1.5575E-09 1.6043E-09 1.6551E-09 1.7042E-09 1.7545E-09 1.8438E-09 1.9793E-09 2.0866E-09 2.1682E-09 2.2488E-09 2.3330E-09
2.1501E-10 2.3218E-10 2.5020E-10 2.6906E-10 2.8872E-10 3.0799E-10 3.2840E-10 3.4852E-10 3.7078E-10 3.9224E-10 4.1576E-10 4.3840E-10 4.6261E-10 4.8684E-10 5.1100E-10 5.3714E-10 5.6216E-10 5.8854E-10 6.1475E-10 6.4075E-10 6.6851E-10 6.9502E-10 7.2227E-10 7.5089E-10 7.7880E-10 8.0874E-10 8.3710E-10 8.6563E-10 8.9643E-10 9.2555E-10 9.5497E-10 9.8512E-10 1.0155E-09 1.0445E-09 1.0746E-09 1.1101E-09 1.1469E-09 1.1837E-09 1.2260E-09 1.2722E-09 1.3162E-09 1.3637E-09 1.4186E-09 1.4662E-09 1.5150E-09 1.5608E-09 1.6117E-09 1.6641E-09 1.7149E-09 1.7750E-09 1.8914E-09 2.0259E-09 2.1246E-09 2.2093E-09 2.2960E-09 2.3865E-09 2.4802E-09
2.1609E-10 2.3331E-10 2.5143E-10 2.7034E-10 2.8953E-10 3.0931E-10 3.2931E-10 3.5001E-10 3.7182E-10 3.9332E-10 4.1691E-10 4.3963E-10 4.6439E-10 4.8819E-10 5.1345E-10 5.3863E-10 5.6372E-10 5.9068E-10 6.1648E-10 6.4306E-10 6.7047E-10 6.9706E-10 7.2559E-10 7.5418E-10 7.8296E-10 8.1260E-10 8.4130E-10 8.7100E-10 9.0153E-10 9.3133E-10 9.6112E-10 9.9177E-10 1.0219E-09 1.0544E-09 1.0911E-09 1.1315E-09 1.1704E-09 1.2104E-09 1.2589E-09 1.3051E-09 1.3512E-09 1.4133E-09 1.4617E-09 1.5118E-09 1.5616E-09 1.6154E-09 1.6666E-09 1.7296E-09 1.8462E-09 1.9551E-09 2.0469E-09 2.1533E-09 2.2478E-09 2.3410E-09 2.4389E-09 2.5406E-09 2.6481E-09
2.1647E-10 2.3432E-10 2.5248E-10 2.7146E-10 2.9017E-10 3.1045E-10 3.3002E-10 3.5122E-10 3.7264E-10 3.9517E-10 4.1782E-10 4.4111E-10 4.6543E-10 4.8925E-10 5.1505E-10 5.3982E-10 5.6546E-10 5.9200E-10 6.1788E-10 6.4505E-10 6.7205E-10 6.9980E-10 7.2892E-10 7.5713E-10 7.8679E-10 8.1617E-10 8.4531E-10 8.7663E-10 9.0667E-10 9.3664E-10 9.6692E-10 9.9851E-10 1.0328E-09 1.0718E-09 1.1137E-09 1.1551E-09 1.1925E-09 1.2414E-09 1.2882E-09 1.3405E-09 1.4007E-09 1.4551E-09 1.5024E-09 1.5589E-09 1.6141E-09 1.6713E-09 1.8368E-09 1.9060E-09 1.9768E-09 2.0696E-09 2.1862E-09 2.2851E-09 2.3850E-09 2.4900E-09 2.5996E-09 2.7166E-09 2.8409E-09
2.1727E-10 2.3518E-10 2.5338E-10 2.7244E-10 2.9109E-10 3.1095E-10 3.3056E-10 3.5227E-10 3.7324E-10 3.9628E-10 4.1852E-10 4.4232E-10 4.6619E-10 4.9056E-10 5.1588E-10 5.4069E-10 5.6689E-10 5.9298E-10 6.1889E-10 6.4670E-10 6.7363E-10 7.0260E-10 7.3133E-10 7.5974E-10 7.9032E-10 8.1957E-10 8.4969E-10 8.8104E-10 9.1119E-10 9.4109E-10 9.7333E-10 1.0102E-09 1.0508E-09 1.0932E-09 1.1367E-09 1.1750E-09 1.2203E-09 1.2709E-09 1.3230E-09 1.3865E-09 1.4457E-09 1.4954E-09 1.5542E-09 1.6694E-09 1.7694E-09 1.8509E-09 1.9250E-09 2.0095E-09 2.0938E-09 2.2140E-09 2.3204E-09 2.4273E-09 2.5397E-09 2.6568E-09 2.7850E-09 2.9157E-09 3.0489E-09
2.1796E-10 2.3536E-10 2.5359E-10 2.7273E-10 2.9186E-10 3.1127E-10 3.3135E-10 3.5265E-10 3.7362E-10 3.9669E-10 4.1897E-10 4.4327E-10 4.6667E-10 4.9154E-10 5.1644E-10 5.4124E-10 5.6800E-10 5.9366E-10 6.2062E-10 6.4776E-10 6.7527E-10 7.0499E-10 7.3344E-10 7.6330E-10 7.9315E-10 8.2259E-10 8.5403E-10 8.8487E-10 9.1495E-10 9.4644E-10 9.8605E-10 1.0282E-09 1.0721E-09 1.1152E-09 1.1557E-09 1.1983E-09 1.2514E-09 1.3041E-09 1.3680E-09 1.4301E-09 1.4829E-09 1.6016E-09 1.6982E-09 1.7800E-09 1.8683E-09 1.9496E-09 2.0289E-09 2.1175E-09 2.2350E-09 2.3538E-09 2.4659E-09 2.5857E-09 2.7115E-09 2.8501E-09 2.9915E-09 3.1335E-09 3.2822E-09
2.1800E-10 2.3597E-10 2.5425E-10 2.7282E-10 2.9246E-10 3.1142E-10 3.3198E-10 3.5282E-10 3.7427E-10 3.9690E-10 4.1966E-10 4.4350E-10 4.6690E-10 4.9226E-10 5.1670E-10 5.4201E-10 5.6830E-10 5.9395E-10 6.2166E-10 6.4883E-10 6.7716E-10 7.0672E-10 7.3520E-10 7.6606E-10 7.9554E-10 8.2566E-10 8.5774E-10 8.8795E-10 9.1989E-10 9.5983E-10 1.0040E-09 1.0491E-09 1.0914E-09 1.1346E-09 1.1765E-09 1.2298E-09 1.2812E-09 1.3513E-09 1.4101E-09 1.5056E-09 1.6104E-09 1.6985E-09 1.7935E-09 1.8747E-09 1.9611E-09 2.0491E-09 2.1404E-09 2.2529E-09 2.3796E-09 2.5010E-09 2.6294E-09 2.7712E-09 2.9171E-09 3.0654E-09 3.2184E-09 3.3753E-09 3.5410E-09
2.1846E-10 2.3643E-10 2.5478E-10 2.7277E-10 2.9243E-10 3.1135E-10 3.3243E-10 3.5278E-10 3.7471E-10 3.9689E-10 4.2012E-10 4.4347E-10 4.6733E-10 4.9225E-10 5.1664E-10 5.4298E-10 5.6831E-10 5.9446E-10 6.2226E-10 6.4976E-10 6.7902E-10 7.0798E-10 7.3731E-10 7.6796E-10 7.9796E-10 8.2941E-10 8.6020E-10 8.9218E-10 9.3131E-10 9.7789E-10 1.0242E-09 1.0671E-09 1.1104E-09 1.1550E-09 1.2022E-09 1.2582E-09 1.3228E-09 1.4017E-09 1.5195E-09 1.6056E-09 1.7055E-09 1.7964E-09 1.8815E-09 1.9717E-09 2.0645E-09 2.1594E-09 2.2675E-09 2.4027E-09 2.5440E-09 2.6805E-09 2.8264E-09 2.9784E-09 3.1369E-09 3.3011E-09 3.4695E-09 3.6464E-09 3.8826E-09
2.1878E-10 2.3623E-10 2.5512E-10 2.7306E-10 2.9225E-10 3.1112E-10 3.3223E-10 3.5252E-10 3.7498E-10 3.9663E-10 4.2034E-10 4.4319E-10 4.6752E-10 4.9195E-10 5.1630E-10 5.4267E-10 5.6797E-10 5.9514E-10 6.2284E-10 6.5055E-10 6.8047E-10 7.0888E-10 7.3932E-10 7.6983E-10 7.9993E-10 8.3180E-10 8.6346E-10 9.0261E-10 9.4872E-10 9.9729E-10 1.0412E-09 1.0851E-09 1.1305E-09 1.1748E-09 1.2305E-09 1.2946E-09 1.4157E-09 1.5079E-09 1.5997E-09 1.6965E-09 1.7906E-09 1.8815E-09 1.9759E-09 2.0742E-09 2.1757E-09 2.2819E-09 2.4297E-09 2.5739E-09 2.7188E-09 2.8736E-09 3.0360E-09 3.2055E-09 3.3803E-09 3.5928E-09 3.7881E-09 4.0184E-09 4.2467E-09
2.1845E-10 2.3647E-10 2.5479E-10 2.7320E-10 2.9187E-10 3.1124E-10 3.3184E-10 3.5258E-10 3.7457E-10 3.9615E-10 4.1985E-10 4.4264E-10 4.6747E-10 4.9135E-10 5.1620E-10 5.4208E-10 5.6757E-10 5.9582E-10 6.2311E-10 6.5148E-10 6.8089E-10 7.0982E-10 7.4126E-10 7.7126E-10 8.0173E-10 8.3387E-10 8.7247E-10 9.1837E-10 9.6805E-10 1.0137E-09 1.0586E-09 1.1033E-09 1.1498E-09 1.2016E-09 1.2743E-09 1.4027E-09 1.4906E-09 1.5883E-09 1.6836E-09 1.7814E-09 1.8797E-09 1.9766E-09 2.0806E-09 2.1876E-09 2.3073E-09 2.4454E-09 2.5979E-09 2.7526E-09 2.9158E-09 3.0891E-09 3.2905E-09 3.4940E-09 3.7083E-09 3.9274E-09 4.1505E-09 4.3928E-09 4.6668E-09
2.1854E-10 2.3657E-10 2.5433E-10 2.7320E-10 2.9134E-10 3.1119E-10 3.3125E-10 3.5247E-10 3.7391E-10 3.9596E-10 4.1914E-10 4.4185E-10 4.6668E-10 4.9050E-10 5.1583E-10 5.4118E-10 5.6715E-10 5.9558E-10 6.2311E-10 6.5216E-10 6.8135E-10 7.1115E-10 7.4216E-10 7.7190E-10 8.0327E-10 8.4106E-10 8.8713E-10 9.3646E-10 9.8461E-10 1.0304E-09 1.0757E-09 1.1219E-09 1.1683E-09 1.2625E-09 1.3691E-09 1.4703E-09 1.5696E-09 1.6662E-09 1.7678E-09 1.8678E-09 1.9723E-09 2.0797E-09 2.2024E-09 2.3208E-09 2.4570E-09 2.6173E-09 2.7815E-09 2.9519E-09 3.1495E-09 3.3754E-09 3.6029E-09 3.8169E-09 4.0519E-09 4.2828E-09 4.5318E-09 4.8371E-09 5.1397E-09
