Assets/Resources/2015_m01_d19_0500(utc+0800)_l00_csi_1hr_conc.grd
DSAA
         159         159
     -79.000      79.000
     -79.000      79.000
  0.0000E+00  0.1888E-04
[rows 75 to 99 of 159, columns 57 to 113 of 159]
0.0000E+00 0.0000E+00 0.0000E+00 0.0000E+00 0.0000E+00 0.0000E+00 0.0000E+00 0.0000E+00 0.0000E+00 0.0000E+00 0.0000E+00 0.0000E+00 0.0000E+00 4.5094E-11 1.2525E-10 2.9537E-10 6.4778E-10 1.3541E-09 2.7187E-09 5.5583E-09 3.4114E-08 4.6113E-07 8.1740E-07 4.9226E-07 1.2795E-07 8.2622E-08 6.4052E-08 5.4452E-08 4.7726E-08 4.2218E-08 3.7582E-08 3.3441E-08 2.9759E-08 2.6814E-08 2.4669E-08 2.2737E-08 2.1327E-08 2.0391E-08 1.9906E-08 1.9881E-08 2.0324E-08 2.1170E-08 2.2351E-08 2.3859E-08 2.5570E-08 2.7389E-08 2.9259E-08 3.1079E-08 3.2783E-08 3.4316E-08 3.5624E-08 3.6697E-08 3.7494E-08 3.7850E-08 3.7778E-08 3.7553E-08 3.7252E-08
0.0000E+00 0.0000E+00 0.0000E+00 0.0000E+00 0.0000E+00 0.0000E+00 0.0000E+00 0.0000E+00 0.0000E+00 0.0000E+00 0.0000E+00 0.0000E+00 0.0000E+00 3.0568E-11 1.0713E-10 2.3990E-10 5.3054E-10 1.1176E-09 2.2071E-09 4.4277E-09 7.5245E-08 1.5586E-06 1.7547E-06 2.4518E-07 1.1263E-07 7.2538E-08 5.4806E-08 4.5566E-08 3.9605E-08 3.4875E-08 3.0702E-08 2.7336E-08 2.4219E-08 2.1560E-08 1.9349E-08 1.8063E-08 1.6856E-08 1.6043E-08 1.5625E-08 1.5611E-08 1.5991E-08 1.6710E-08 1.7742E-08 1.9062E-08 2.0578E-08 2.2223E-08 2.3936E-08 2.5648E-08 2.7289E-08 2.8817E-08 3.0185E-08 3.1367E-08 3.2314E-08 3.2855E-08 3.3108E-08 3.3232E-08 3.3260E-08
0.0000E+00 0.0000E+00 0.0000E+00 0.0000E+00 0.0000E+00 0.0000E+00 0.0000E+00 0.0000E+00 0.0000E+00 0.0000E+00 0.0000E+00 0.0000E+00 0.0000E+00 1.5060E-11 8.1259E-11 1.7815E-10 4.0553E-10 8.5259E-10 1.6643E-09 3.2010E-09 2.2154E-08 1.5857E-06 2.3322E-06 2.1641E-07 3.2288E-08 4.9202E-08 4.1770E-08 3.5156E-08 3.0612E-08 2.7016E-08 2.3889E-08 2.1013E-08 1.8690E-08 1.6707E-08 1.4955E-08 1.3470E-08 1.2908E-08 1.2265E-08 1.1938E-08 1.1967E-08 1.2308E-08 1.2925E-08 1.3832E-08 1.4979E-08 1.6307E-08 1.7776E-08 1.9322E-08 2.0895E-08 2.2439E-08 2.3909E-08 2.5270E-08 2.6495E-08 2.7507E-08 2.8218E-08 2.8730E-08 2.9111E-08 2.9390E-08
0.0000E+00 0.0000E+00 0.0000E+00 0.0000E+00 0.0000E+00 0.0000E+00 0.0000E+00 0.0000E+00 0.0000E+00 0.0000E+00 0.0000E+00 0.0000E+00 0.0000E+00 3.0536E-12 5.3090E-11 1.3166E-10 2.8863E-10 6.1078E-10 1.1742E-09 2.1490E-09 3.8651E-09 1.2968E-06 2.8435E-06 2.8467E-07 1.7531E-08 1.9608E-08 2.6272E-08 2.4597E-08 2.2008E-08 1.9632E-08 1.7488E-08 1.5480E-08 1.3663E-08 1.2158E-08 1.1074E-08 1.0030E-08 9.1964E-09 9.1156E-09 8.8924E-09 8.9666E-09 9.2801E-09 9.8183E-09 1.0613E-08 1.1599E-08 1.2749E-08 1.4037E-08 1.5418E-08 1.6827E-08 1.8228E-08 1.9603E-08 2.0913E-08 2.2142E-08 2.3201E-08 2.4031E-08 2.4704E-08 2.5263E-08 2.5729E-08
0.0000E+00 0.0000E+00 0.0000E+00 0.0000E+00 0.0000E+00 0.0000E+00 0.0000E+00 0.0000E+00 0.0000E+00 0.0000E+00 0.0000E+00 0.0000E+00 0.0000E+00 0.0000E+00 2.7220E-11 9.1453E-11 1.8721E-10 3.9314E-10 7.7386E-10 1.3870E-09 2.3528E-09 8.5653E-07 3.4424E-06 3.1831E-06 9.7255E-09 1.1030E-08 1.2404E-08 1.4890E-08 1.4639E-08 1.3377E-08 1.2072E-08 1.0810E-08 9.6041E-09 8.5391E-09 7.5638E-09 7.1512E-09 6.5913E-09 6.2392E-09 6.3567E-09 6.5776E-09 6.8661E-09 7.3468E-09 8.0274E-09 8.8659E-09 9.8590E-09 1.0953E-08 1.2148E-08 1.3391E-08 1.4659E-08 1.5920E-08 1.7156E-08 1.8353E-08 1.9413E-08 2.0303E-08 2.1075E-08 2.1729E-08 2.2310E-08
0.0000E+00 0.0000E+00 0.0000E+00 0.0000E+00 0.0000E+00 0.0000E+00 0.0000E+00 0.0000E+00 0.0000E+00 0.0000E+00 0.0000E+00 0.0000E+00 0.0000E+00 0.0000E+00 4.7004E-12 5.2466E-11 1.2372E-10 2.4458E-10 4.6896E-10 8.5506E-10 1.4092E-09 2.9936E-07 1.2021E-05 1.2904E-05 5.4204E-09 6.2807E-09 6.8312E-09 7.7518E-09 8.6729E-09 8.5179E-09 7.8474E-09 7.1277E-09 6.4070E-09 5.7321E-09 5.1441E-09 4.6482E-09 4.5464E-09 4.2912E-09 4.2234E-09 4.4396E-09 4.9905E-09 5.4103E-09 5.9647E-09 6.6714E-09 7.5098E-09 8.4608E-09 9.4882E-09 1.0571E-08 1.1696E-08 1.2836E-08 1.3980E-08 1.5107E-08 1.6137E-08 1.7035E-08 1.7830E-08 1.8517E-08 1.9160E-08
0.0000E+00 0.0000E+00 0.0000E+00 0.0000E+00 0.0000E+00 0.0000E+00 0.0000E+00 0.0000E+00 0.0000E+00 0.0000E+00 0.0000E+00 0.0000E+00 0.0000E+00 0.0000E+00 0.0000E+00 2.1315E-11 7.4450E-11 1.4352E-10 2.6969E-10 4.8393E-10 8.2438E-10 1.9222E-08 1.7446E-05 1.4136E-05 3.0091E-09 3.5280E-09 3.9211E-09 4.1534E-09 4.5172E-09 4.9672E-09 4.8089E-09 4.4325E-09 4.0555E-09 3.6430E-09 3.2912E-09 3.0204E-09 2.8119E-09 2.8301E-09 2.8750E-09 2.9382E-09 3.1452E-09 3.8166E-09 4.3777E-09 4.9751E-09 5.6853E-09 6.4887E-09 7.3633E-09 8.2997E-09 9.2819E-09 1.0281E-08 1.1323E-08 1.2374E-08 1.3332E-08 1.4166E-08 1.4954E-08 1.5683E-08 1.6331E-08
0.0000E+00 0.0000E+00 0.0000E+00 0.0000E+00 0.0000E+00 0.0000E+00 0.0000E+00 0.0000E+00 0.0000E+00 0.0000E+00 0.0000E+00 0.0000E+00 0.0000E+00 0.0000E+00 0.0000E+00 0.0000E+00 2.9159E-11 8.5049E-11 1.4981E-10 2.5878E-10 4.4237E-10 6.8113E-10 1.8880E-05 1.2197E-05 1.6470E-09 1.9566E-09 2.1919E-09 2.3560E-09 2.4504E-09 2.5785E-09 2.7285E-09 2.5975E-09 2.3938E-09 2.1854E-09 1.9916E-09 1.8150E-09 1.7025E-09 1.6348E-09 1.7451E-09 1.9781E-09 2.1510E-09 2.4354E-09 3.0112E-09 3.6997E-09 4.2939E-09 4.9562E-09 5.6936E-09 6.4836E-09 7.3193E-09 8.2036E-09 9.1214E-09 1.0057E-08 1.0931E-08 1.1735E-08 1.2488E-08 1.3161E-08 1.3799E-08
0.0000E+00 0.0000E+00 0.0000E+00 0.0000E+00 0.0000E+00 0.0000E+00 0.0000E+00 0.0000E+00 0.0000E+00 0.0000E+00 0.0000E+00 0.0000E+00 0.0000E+00 0.0000E+00 0.0000E+00 0.0000E+00 0.0000E+00 3.2543E-11 8.6413E-11 1.4101E-10 2.1249E-10 3.5278E-10 5.2891E-10 7.0081E-10 8.7815E-10 1.0543E-09 1.1955E-09 1.3161E-09 1.3677E-09 1.3596E-09 1.4074E-09 1.4250E-09 1.3204E-09 1.2234E-09 1.1072E-09 1.0160E-09 9.7136E-10 9.5234E-10 9.7628E-10 1.0623E-09 1.4997E-09 1.7181E-09 2.0202E-09 2.4993E-09 3.1310E-09 3.7438E-09 4.3544E-09 5.0238E-09 5.7286E-09 6.4916E-09 7.3415E-09 8.1777E-09 8.9328E-09 9.6534E-09 1.0345E-08 1.0993E-08 1.1556E-08
0.0000E+00 0.0000E+00 0.0000E+00 0.0000E+00 0.0000E+00 0.0000E+00 0.0000E+00 0.0000E+00 0.0000E+00 0.0000E+00 0.0000E+00 0.0000E+00 0.0000E+00 0.0000E+00 0.0000E+00 0.0000E+00 0.0000E+00 0.0000E+00 2.6331E-11 7.6493E-11 1.2018E-10 1.7180E-10 2.3371E-10 3.2163E-10 4.5348E-10 5.4169E-10 6.2944E-10 6.9065E-10 7.1965E-10 7.2918E-10 7.2318E-10 7.0109E-10 6.7274E-10 6.2175E-10 5.6261E-10 5.3405E-10 5.3290E-10 5.5092E-10 5.6787E-10 6.3443E-10 7.3994E-10 1.1757E-09 1.4599E-09 1.7408E-09 2.0801E-09 2.5931E-09 3.2088E-09 3.8244E-09 4.4776E-09 5.1582E-09 5.8972E-09 6.6072E-09 7.2796E-09 7.9185E-09 8.4868E-09 9.0656E-09 9.6143E-09
0.0000E+00 0.0000E+00 0.0000E+00 0.0000E+00 0.0000E+00 0.0000E+00 0.0000E+00 0.0000E+00 0.0000E+00 0.0000E+00 0.0000E+00 0.0000E+00 0.0000E+00 0.0000E+00 0.0000E+00 0.0000E+00 0.0000E+00 0.0000E+00 0.0000E+00 3.4977E-12 5.8121E-11 9.3290E-11 1.2680E-10 1.6425E-10 2.0286E-10 2.4705E-10 3.0497E-10 3.4387E-10 3.6453E-10 3.7466E-10 3.4856E-10 3.2214E-10 3.0636E-10 2.8235E-10 2.7276E-10 2.5981E-10 2.6135E-10 2.8840E-10 3.3113E-10 3.8714E-10 4.6745E-10 6.0050E-10 9.1055E-10 1.2671E-09 1.6102E-09 1.9440E-09 2.3193E-09 2.8647E-09 3.4241E-09 4.0599E-09 4.6909E-09 5.2827E-09 5.8596E-09 6.4171E-09 6.9526E-09 7.4613E-09 7.9224E-09
0.0000E+00 0.0000E+00 0.0000E+00 0.0000E+00 0.0000E+00 0.0000E+00 0.0000E+00 0.0000E+00 0.0000E+00 0.0000E+00 0.0000E+00 0.0000E+00 0.0000E+00 0.0000E+00 0.0000E+00 0.0000E+00 0.0000E+00 0.0000E+00 0.0000E+00 0.0000E+00 0.0000E+00 6.8623E-13 6.6450E-11 8.6152E-11 1.0651E-10 1.2414E-10 1.3781E-10 1.4666E-10 1.6522E-10 1.6308E-10 1.4902E-10 1.4012E-10 1.2617E-10 1.2295E-10 1.1428E-10 1.0822E-10 1.1806E-10 1.3467E-10 1.7251E-10 2.5015E-10 3.3597E-10 4.3517E-10 5.7408E-10 8.1982E-10 1.1060E-09 1.4679E-09 1.8135E-09 2.1539E-09 2.6138E-09 3.1584E-09 3.7112E-09 4.2376E-09 4.7115E-09 5.1639E-09 5.6262E-09 6.0729E-09 6.4981E-09
0.0000E+00 0.0000E+00 0.0000E+00 0.0000E+00 0.0000E+00 0.0000E+00 0.0000E+00 0.0000E+00 0.0000E+00 0.0000E+00 0.0000E+00 0.0000E+00 0.0000E+00 0.0000E+00 0.0000E+00 0.0000E+00 0.0000E+00 0.0000E+00 0.0000E+00 0.0000E+00 0.0000E+00 0.0000E+00 0.0000E+00 0.0000E+00 2.5774E-11 4.9287E-11 5.6876E-11 6.2391E-11 6.5368E-11 6.5147E-11 5.6375E-11 4.8697E-11 4.4429E-11 3.3611E-11 2.4994E-11 3.2825E-11 4.7514E-11 7.0885E-11 1.2073E-10 1.7338E-10 2.3690E-10 3.5338E-10 4.5913E-10 5.9735E-10 7.5048E-10 1.0152E-09 1.3363E-09 1.6494E-09 2.0679E-09 2.4730E-09 2.8761E-09 3.3247E-09 3.7561E-09 4.1662E-09 4.5459E-09 4.8933E-09 5.2580E-09
0.0000E+00 0.0000E+00 0.0000E+00 0.0000E+00 0.0000E+00 0.0000E+00 0.0000E+00 0.0000E+00 0.0000E+00 0.0000E+00 0.0000E+00 0.0000E+00 0.0000E+00 0.0000E+00 0.0000E+00 0.0000E+00 0.0000E+00 0.0000E+00 0.0000E+00 0.0000E+00 0.0000E+00 0.0000E+00 0.0000E+00 0.0000E+00 0.0000E+00 0.0000E+00 0.0000E+00 1.2136E-11 1.3767E-11 1.5124E-11 1.5960E-11 1.5481E-11 1.3610E-11 1.1109E-11 8.4187E-12 2.1553E-12 1.9864E-11 4.8940E-11 7.5703E-11 1.2778E-10 1.8588E-10 2.5413E-10 3.4248E-10 4.7517E-10 6.0470E-10 7.5332E-10 9.3124E-10 1.1716E-09 1.5344E-09 1.9332E-09 2.2808E-09 2.6080E-09 2.9290E-09 3.2517E-09 3.6094E-09 3.9469E-09 4.2531E-09
0.0000E+00 0.0000E+00 0.0000E+00 0.0000E+00 0.0000E+00 0.0000E+00 0.0000E+00 0.0000E+00 0.0000E+00 0.0000E+00 0.0000E+00 0.0000E+00 0.0000E+00 0.0000E+00 0.0000E+00 0.0000E+00 0.0000E+00 0.0000E+00 0.0000E+00 0.0000E+00 0.0000E+00 0.0000E+00 0.0000E+00 0.0000E+00 0.0000E+00 0.0000E+00 0.0000E+00 0.0000E+00 0.0000E+00 0.0000E+00 0.0000E+00 0.0000E+00 0.0000E+00 0.0000E+00 0.0000E+00 0.0000E+00 7.4987E-12 2.0220E-11 4.3120E-11 8.6309E-11 1.3209E-10 1.9462E-10 2.6237E-10 3.4783E-10 4.5154E-10 5.9724E-10 7.3923E-10 9.3927E-10 1.2006E-09 1.4504E-09 1.7489E-09 2.0411E-09 2.3246E-09 2.5881E-09 2.8530E-09 3.1176E-09 3.3938E-09
0.0000E+00 0.0000E+00 0.0000E+00 0.0000E+00 0.0000E+00 0.0000E+00 0.0000E+00 0.0000E+00 0.0000E+00 0.0000E+00 0.0000E+00 0.0000E+00 0.0000E+00 0.0000E+00 0.0000E+00 0.0000E+00 0.0000E+00 0.0000E+00 0.0000E+00 0.0000E+00 0.0000E+00 0.0000E+00 0.0000E+00 0.0000E+00 0.0000E+00 0.0000E+00 0.0000E+00 0.0000E+00 0.0000E+00 0.0000E+00 0.0000E+00 0.0000E+00 0.0000E+00 0.0000E+00 0.0000E+00 0.0000E+00 0.0000E+00 1.2485E-11 2.1050E-11 4.4696E-11 7.7229E-11 1.1459E-10 1.9801E-10 2.6270E-10 3.4745E-10 4.4339E-10 5.5034E-10 7.0991E-10 9.5973E-10 1.1546E-09 1.3598E-09 1.5649E-09 1.8040E-09 2.0400E-09 2.2577E-09 2.4698E-09 2.6812E-09
0.0000E+00 0.0000E+00 0.0000E+00 0.0000E+00 0.0000E+00 0.0000E+00 0.0000E+00 0.0000E+00 0.0000E+00 0.0000E+00 0.0000E+00 0.0000E+00 0.0000E+00 0.0000E+00 0.0000E+00 0.0000E+00 0.0000E+00 0.0000E+00 0.0000E+00 0.0000E+00 0.0000E+00 0.0000E+00 0.0000E+00 0.0000E+00 0.0000E+00 0.0000E+00 0.0000E+00 0.0000E+00 0.0000E+00 0.0000E+00 0.0000E+00 0.0000E+00 0.0000E+00 0.0000E+00 0.0000E+00 0.0000E+00 0.0000E+00 0.0000E+00 1.5813E-11 2.2711E-11 4.5305E-11 7.6718E-11 1.1458E-10 1.7290E-10 2.5534E-10 3.3942E-10 4.2329E-10 5.5368E-10 7.2765E-10 8.8013E-10 1.0705E-09 1.2322E-09 1.3989E-09 1.5694E-09 1.7652E-09 1.9527E-09 2.1247E-09
0.0000E+00 0.0000E+00 0.0000E+00 0.0000E+00 0.0000E+00 0.0000E+00 0.0000E+00 0.0000E+00 0.0000E+00 0.0000E+00 0.0000E+00 0.0000E+00 0.0000E+00 0.0000E+00 0.0000E+00 0.0000E+00 0.0000E+00 0.0000E+00 0.0000E+00 0.0000E+00 0.0000E+00 0.0000E+00 0.0000E+00 0.0000E+00 0.0000E+00 0.0000E+00 0.0000E+00 0.0000E+00 0.0000E+00 0.0000E+00 0.0000E+00 0.0000E+00 0.0000E+00 0.0000E+00 0.0000E+00 0.0000E+00 0.0000E+00 0.0000E+00 0.0000E+00 1.6088E-11 2.2726E-11 4.4908E-11 6.9777E-11 1.1307E-10 1.6466E-10 2.1623E-10 3.2391E-10 4.2208E-10 5.2849E-10 6.8447E-10 8.0742E-10 9.3343E-10 1.0948E-09 1.2308E-09 1.3685E-09 1.5067E-09 1.6438E-09
0.0000E+00 0.0000E+00 0.0000E+00 0.0000E+00 0.0000E+00 0.0000E+00 0.0000E+00 0.0000E+00 0.0000E+00 0.0000E+00 0.0000E+00 0.0000E+00 0.0000E+00 0.0000E+00 0.0000E+00 0.0000E+00 0.0000E+00 0.0000E+00 0.0000E+00 0.0000E+00 0.0000E+00 0.0000E+00 0.0000E+00 0.0000E+00 0.0000E+00 0.0000E+00 0.0000E+00 0.0000E+00 0.0000E+00 0.0000E+00 0.0000E+00 0.0000E+00 0.0000E+00 0.0000E+00 0.0000E+00 0.0000E+00 0.0000E+00 0.0000E+00 0.0000E+00 0.0000E+00 1.2686E-11 2.0729E-11 4.3532E-11 6.2983E-11 1.0838E-10 1.4340E-10 2.0240E-10 2.7668E-10 3.9485E-10 4.8829E-10 6.1980E-10 7.1899E-10 8.2467E-10 9.3504E-10 1.0663E-09 1.1759E-09 1.2852E-09
0.0000E+00 0.0000E+00 0.0000E+00 0.0000E+00 0.0000E+00 0.0000E+00 0.0000E+00 0.0000E+00 0.0000E+00 0.0000E+00 0.0000E+00 0.0000E+00 0.0000E+00 0.0000E+00 0.0000E+00 0.0000E+00 0.0000E+00 0.0000E+00 0.0000E+00 0.0000E+00 0.0000E+00 0.0000E+00 0.0000E+00 0.0000E+00 0.0000E+00 0.0000E+00 0.0000E+00 0.0000E+00 0.0000E+00 0.0000E+00 0.0000E+00 0.0000E+00 0.0000E+00 0.0000E+00 0.0000E+00 0.0000E+00 0.0000E+00 0.0000E+00 0.0000E+00 0.0000E+00 0.0000E+00 6.2496E-12 1.9710E-11 4.1268E-11 5.4867E-11 8.3165E-11 1.2833E-10 1.8459E-10 2.6554E-10 3.3701E-10 4.0354E-10 5.2272E-10 6.3076E-10 7.1724E-10 8.0754E-10 8.9516E-10 9.8171E-10
0.0000E+00 0.0000E+00 0.0000E+00 0.0000E+00 0.0000E+00 0.0000E+00 0.0000E+00 0.0000E+00 0.0000E+00 0.0000E+00 0.0000E+00 0.0000E+00 0.0000E+00 0.0000E+00 0.0000E+00 0.0000E+00 0.0000E+00 0.0000E+00 0.0000E+00 0.0000E+00 0.0000E+00 0.0000E+00 0.0000E+00 0.0000E+00 0.0000E+00 0.0000E+00 0.0000E+00 0.0000E+00 0.0000E+00 0.0000E+00 0.0000E+00 0.0000E+00 0.0000E+00 0.0000E+00 0.0000E+00 0.0000E+00 0.0000E+00 0.0000E+00 0.0000E+00 0.0000E+00 0.0000E+00 0.0000E+00 0.0000E+00 1.8321E-11 3.1449E-11 4.7047E-11 7.6218E-11 9.4701E-11 1.7351E-10 2.3957E-10 2.8491E-10 3.4956E-10 4.2980E-10 5.2321E-10 6.1409E-10 6.8802E-10 7.5747E-10
0.0000E+00 0.0000E+00 0.0000E+00 0.0000E+00 0.0000E+00 0.0000E+00 0.0000E+00 0.0000E+00 0.0000E+00 0.0000E+00 0.0000E+00 0.0000E+00 0.0000E+00 0.0000E+00 0.0000E+00 0.0000E+00 0.0000E+00 0.0000E+00 0.0000E+00 0.0000E+00 0.0000E+00 0.0000E+00 0.0000E+00 0.0000E+00 0.0000E+00 0.0000E+00 0.0000E+00 0.0000E+00 0.0000E+00 0.0000E+00 0.0000E+00 0.0000E+00 0.0000E+00 0.0000E+00 0.0000E+00 0.0000E+00 0.0000E+00 0.0000E+00 0.0000E+00 0.0000E+00 0.0000E+00 0.0000E+00 0.0000E+00 0.0000E+00 8.1122E-12 1.9834E-11 4.3021E-11 6.1114E-11 8.2898E-11 1.1250E-10 1.6676E-10 2.2861E-10 2.8256E-10 3.4599E-10 4.1727E-10 4.8995E-10 5.4645E-10
0.0000E+00 0.0000E+00 0.0000E+00 0.0000E+00 0.0000E+00 0.0000E+00 0.0000E+00 0.0000E+00 0.0000E+00 0.0000E+00 0.0000E+00 0.0000E+00 0.0000E+00 0.0000E+00 0.0000E+00 0.0000E+00 0.0000E+00 0.0000E+00 0.0000E+00 0.0000E+00 0.0000E+00 0.0000E+00 0.0000E+00 0.0000E+00 0.0000E+00 0.0000E+00 0.0000E+00 0.0000E+00 0.0000E+00 0.0000E+00 0.0000E+00 0.0000E+00 0.0000E+00 0.0000E+00 0.0000E+00 0.0000E+00 0.0000E+00 0.0000E+00 0.0000E+00 0.0000E+00 0.0000E+00 0.0000E+00 0.0000E+00 0.0000E+00 0.0000E+00 0.0000E+00 1.4541E-11 2.3989E-11 4.6894E-11 7.3050E-11 8.6821E-11 1.3205E-10 1.5858E-10 2.0666E-10 2.5270E-10 3.0181E-10 3.6422E-10
0.0000E+00 0.0000E+00 0.0000E+00 0.0000E+00 0.0000E+00 0.0000E+00 0.0000E+00 0.0000E+00 0.0000E+00 0.0000E+00 0.0000E+00 0.0000E+00 0.0000E+00 0.0000E+00 0.0000E+00 0.0000E+00 0.0000E+00 0.0000E+00 0.0000E+00 0.0000E+00 0.0000E+00 0.0000E+00 0.0000E+00 0.0000E+00 0.0000E+00 0.0000E+00 0.0000E+00 0.0000E+00 0.0000E+00 0.0000E+00 0.0000E+00 0.0000E+00 0.0000E+00 0.0000E+00 0.0000E+00 0.0000E+00 0.0000E+00 0.0000E+00 0.0000E+00 0.0000E+00 0.0000E+00 0.0000E+00 0.0000E+00 0.0000E+00 0.0000E+00 0.0000E+00 0.0000E+00 0.0000E+00 9.7688E-12 2.5075E-11 4.8961E-11 7.2422E-11 9.5795E-11 1.3757E-10 1.5978E-10 2.0614E-10 2.3461E-10
0.0000E+00 0.0000E+00 0.0000E+00 0.0000E+00 0.0000E+00 0.0000E+00 0.0000E+00 0.0000E+00 0.0000E+00 0.0000E+00 0.0000E+00 0.0000E+00 0.0000E+00 0.0000E+00 0.0000E+00 0.0000E+00 0.0000E+00 0.0000E+00 0.0000E+00 0.0000E+00 0.0000E+00 0.0000E+00 0.0000E+00 0.0000E+00 0.0000E+00 0.0000E+00 0.0000E+00 0.0000E+00 0.0000E+00 0.0000E+00 0.0000E+00 0.0000E+00 0.0000E+00 0.0000E+00 0.0000E+00 0.0000E+00 0.0000E+00 0.0000E+00 0.0000E+00 0.0000E+00 0.0000E+00 0.0000E+00 0.0000E+00 0.0000E+00 0.0000E+00 0.0000E+00 0.0000E+00 0.0000E+00 0.0000E+00 1.5874E-12 5.6733E-12 1.8613E-11 3.2426E-11 5.6703E-11 9.7374E-11 1.2118E-10 1.4599E-10
