Assets/Resources/2015_m01_d20_1800(utc+0800)_l00_csi_1hr_conc.grd
DSAA
         159         159
     -79.000      79.000
     -79.000      79.000
  0.0000E+00  0.1251E-04
[rows 25 to 49 of 159, columns 57 to 113 of 159]
1.4059E-09 1.4451E-09 1.4816E-09 1.5245E-09 1.5633E-09 1.5916E-09 1.5910E-09 1.5447E-09 1.4323E-09 1.2713E-09 1.1170E-09 1.0132E-09 9.7080E-10 9.4957E-10 9.2516E-10 9.2036E-10 9.0507E-10 8.8762E-10 8.8733E-10 8.6438E-10 8.4432E-10 7.9745E-10 7.4738E-10 6.7891E-10 6.2777E-10 5.6280E-10 5.2608E-10 4.8436E-10 4.7836E-10 4.6406E-10 4.5688E-10 4.4193E-10 4.3402E-10 4.1916E-10 4.1150E-10 3.9739E-10 3.8951E-10 3.7216E-10 3.6310E-10 3.4039E-10 3.3014E-10 3.0665E-10 2.9722E-10 2.7699E-10 2.7081E-10 2.5513E-10 2.4700E-10 2.2925E-10 2.1874E-10 1.9848E-10 1.8517E-10 1.6199E-10 1.4555E-10 1.1938E-10 1.0020E-10 7.2290E-11 5.2794E-11
1.4329E-09 1.4682E-09 1.5025E-09 1.5523E-09 1.5933E-09 1.6336E-09 1.6440E-09 1.6215E-09 1.5240E-09 1.3765E-09 1.1971E-09 1.0677E-09 1.0057E-09 9.8047E-10 9.7007E-10 9.5235E-10 9.3293E-10 9.3074E-10 9.1908E-10 9.0818E-10 8.8442E-10 8.3806E-10 7.9498E-10 7.1622E-10 6.7032E-10 5.9177E-10 5.5716E-10 4.9878E-10 4.9620E-10 4.7851E-10 4.7457E-10 4.5621E-10 4.5129E-10 4.3290E-10 4.2799E-10 4.1049E-10 4.0579E-10 3.9361E-10 3.7942E-10 3.6474E-10 3.4587E-10 3.3027E-10 3.1136E-10 2.9787E-10 2.8300E-10 2.7282E-10 2.5944E-10 2.4712E-10 2.3144E-10 2.1652E-10 1.9807E-10 1.8008E-10 1.5845E-10 1.3717E-10 1.1250E-10 8.8745E-11 6.3034E-11
1.4539E-09 1.4905E-09 1.5206E-09 1.5778E-09 1.6233E-09 1.6701E-09 1.6954E-09 1.6906E-09 1.6220E-09 1.4824E-09 1.2782E-09 1.1308E-09 1.0390E-09 1.0239E-09 1.0045E-09 9.8298E-10 9.7442E-10 9.6219E-10 9.4826E-10 9.4399E-10 9.2180E-10 8.9389E-10 8.4216E-10 7.8205E-10 7.1321E-10 6.5233E-10 5.8942E-10 5.4704E-10 5.1337E-10 5.0466E-10 4.9167E-10 4.8176E-10 4.6805E-10 4.5753E-10 4.4403E-10 4.3405E-10 4.2139E-10 4.1082E-10 3.9485E-10 3.8247E-10 3.6082E-10 3.4721E-10 3.2494E-10 3.1275E-10 2.9446E-10 2.8607E-10 2.7118E-10 2.6063E-10 2.4347E-10 2.3030E-10 2.1036E-10 1.9405E-10 1.7085E-10 1.5104E-10 1.2452E-10 1.0170E-10 7.3385E-11
1.4842E-09 1.5115E-09 1.5564E-09 1.5989E-09 1.6527E-09 1.6993E-09 1.7412E-09 1.7476E-09 1.7071E-09 1.5834E-09 1.4058E-09 1.2255E-09 1.1100E-09 1.0601E-09 1.0378E-09 1.0112E-09 1.0078E-09 9.9217E-10 9.8741E-10 9.7814E-10 9.5557E-10 9.3770E-10 8.8742E-10 8.3265E-10 7.5490E-10 6.9725E-10 6.2152E-10 5.7878E-10 5.2932E-10 5.2348E-10 5.0764E-10 5.0039E-10 4.8380E-10 4.7563E-10 4.5912E-10 4.5127E-10 4.3585E-10 4.2803E-10 4.0895E-10 4.0000E-10 3.7457E-10 3.6410E-10 3.4589E-10 3.2776E-10 3.0492E-10 2.9907E-10 2.8191E-10 2.7392E-10 2.5452E-10 2.4388E-10 2.2172E-10 2.0790E-10 1.8242E-10 1.6494E-10 1.3590E-10 1.1496E-10 8.3480E-11
1.5082E-09 1.5390E-09 1.5783E-09 1.6171E-09 1.6755E-09 1.7256E-09 1.7792E-09 1.7972E-09 1.7838E-09 1.6808E-09 1.5157E-09 1.3114E-09 1.1695E-09 1.0954E-09 1.0687E-09 1.0585E-09 1.0403E-09 1.0198E-09 1.0198E-09 1.0098E-09 1.0013E-09 9.7887E-10 9.4190E-10 8.8364E-10 7.9395E-10 7.4351E-10 6.5214E-10 6.1278E-10 5.4356E-10 5.4188E-10 5.2198E-10 5.1870E-10 4.9802E-10 4.9352E-10 4.7281E-10 4.6830E-10 4.4877E-10 4.4477E-10 4.3171E-10 4.1680E-10 4.0094E-10 3.8039E-10 3.6327E-10 3.4241E-10 3.2756E-10 3.1147E-10 3.0077E-10 2.8662E-10 2.7358E-10 2.5692E-10 2.4099E-10 2.2126E-10 2.0185E-10 1.7847E-10 1.5518E-10 1.2810E-10 1.0159E-10
1.5375E-09 1.5622E-09 1.5992E-09 1.6429E-09 1.6984E-09 1.7496E-09 1.8094E-09 1.8489E-09 1.8476E-09 1.7771E-09 1.6236E-09 1.3994E-09 1.2314E-09 1.1284E-09 1.1128E-09 1.0933E-09 1.0708E-09 1.0627E-09 1.0512E-09 1.0382E-09 1.0372E-09 1.0163E-09 9.8894E-10 9.3334E-10 8.6636E-10 7.8933E-10 7.1973E-10 6.4754E-10 5.9771E-10 5.5925E-10 5.4997E-10 5.3606E-10 5.2537E-10 5.1060E-10 4.9914E-10 4.8459E-10 4.7384E-10 4.6051E-10 4.4934E-10 4.3234E-10 4.1928E-10 3.9555E-10 3.8091E-10 3.5621E-10 3.4298E-10 3.2290E-10 3.1429E-10 2.9837E-10 2.8741E-10 2.6903E-10 2.5517E-10 2.3375E-10 2.1635E-10 1.9124E-10 1.6977E-10 1.4072E-10 1.1550E-10
1.5623E-09 1.5896E-09 1.6263E-09 1.6688E-09 1.7163E-09 1.7780E-09 1.8363E-09 1.8858E-09 1.9026E-09 1.8641E-09 1.7267E-09 1.5281E-09 1.3323E-09 1.2010E-09 1.1486E-09 1.1262E-09 1.0980E-09 1.0959E-09 1.0806E-09 1.0775E-09 1.0708E-09 1.0492E-09 1.0336E-09 9.8001E-10 9.1991E-10 8.3292E-10 7.6799E-10 6.8144E-10 6.3185E-10 5.7496E-10 5.6909E-10 5.5186E-10 5.4436E-10 5.2624E-10 5.1762E-10 4.9958E-10 4.9132E-10 4.7474E-10 4.6679E-10 4.4615E-10 4.3716E-10 4.0912E-10 3.9825E-10 3.7806E-10 3.5837E-10 3.3304E-10 3.2738E-10 3.0884E-10 3.0084E-10 2.7990E-10 2.6898E-10 2.4503E-10 2.3054E-10 2.0290E-10 1.8421E-10 1.5243E-10 1.2954E-10
1.5860E-09 1.6182E-09 1.6466E-09 1.6886E-09 1.7387E-09 1.7995E-09 1.8554E-09 1.9187E-09 1.9447E-09 1.9350E-09 1.8245E-09 1.6404E-09 1.4170E-09 1.2660E-09 1.1828E-09 1.1558E-09 1.1456E-09 1.1277E-09 1.1068E-09 1.1090E-09 1.1013E-09 1.0951E-09 1.0746E-09 1.0363E-09 9.7314E-10 8.7268E-10 8.1698E-10 7.1296E-10 6.6808E-10 5.8851E-10 5.8750E-10 5.6558E-10 5.6274E-10 5.3993E-10 5.3562E-10 5.1274E-10 5.0840E-10 4.8704E-10 4.8352E-10 4.6941E-10 4.5397E-10 4.3671E-10 4.1467E-10 3.9579E-10 3.7315E-10 3.5673E-10 3.3965E-10 3.2825E-10 3.1345E-10 2.9952E-10 2.8201E-10 2.6491E-10 2.4402E-10 2.2304E-10 1.9805E-10 1.7259E-10 1.4325E-10
1.6177E-09 1.6432E-09 1.6693E-09 1.7076E-09 1.7563E-09 1.8165E-09 1.8753E-09 1.9455E-09 1.9907E-09 1.9959E-09 1.9207E-09 1.7485E-09 1.5125E-09 1.3246E-09 1.2181E-09 1.1979E-09 1.1791E-09 1.1568E-09 1.1489E-09 1.1390E-09 1.1277E-09 1.1297E-09 1.1109E-09 1.0836E-09 1.0241E-09 9.4943E-10 8.6463E-10 7.8546E-10 7.0453E-10 6.4661E-10 6.0448E-10 5.9435E-10 5.7979E-10 5.6804E-10 5.5245E-10 5.3978E-10 5.2442E-10 5.1264E-10 4.9891E-10 4.8686E-10 4.6914E-10 4.5508E-10 4.2959E-10 4.1359E-10 3.8677E-10 3.7221E-10 3.5068E-10 3.4160E-10 3.2485E-10 3.1323E-10 2.9385E-10 2.7905E-10 2.5637E-10 2.3764E-10 2.1086E-10 1.8750E-10 1.5618E-10
1.6407E-09 1.6676E-09 1.6955E-09 1.7349E-09 1.7793E-09 1.8305E-09 1.8984E-09 1.9646E-09 2.0233E-09 2.0430E-09 2.0015E-09 1.8534E-09 1.6011E-09 1.4222E-09 1.2894E-09 1.2312E-09 1.2099E-09 1.1818E-09 1.1804E-09 1.1664E-09 1.1649E-09 1.1615E-09 1.1415E-09 1.1275E-09 1.0707E-09 1.0043E-09 9.0891E-10 8.3565E-10 7.3930E-10 6.8205E-10 6.1935E-10 6.1304E-10 5.9484E-10 5.8667E-10 5.6743E-10 5.5794E-10 5.3876E-10 5.2972E-10 5.1240E-10 5.0394E-10 4.8217E-10 4.7273E-10 4.4251E-10 4.3084E-10 3.9874E-10 3.8748E-10 3.6014E-10 3.5435E-10 3.3470E-10 3.2636E-10 3.0417E-10 2.9265E-10 2.6722E-10 2.5175E-10 2.2227E-10 2.0207E-10 1.6791E-10
1.6747E-09 1.6997E-09 1.7245E-09 1.7577E-09 1.7965E-09 1.8543E-09 1.9158E-09 1.9838E-09 2.0474E-09 2.0839E-09 2.0666E-09 1.9478E-09 1.7408E-09 1.5078E-09 1.3473E-09 1.2663E-09 1.2368E-09 1.2263E-09 1.2099E-09 1.1899E-09 1.1938E-09 1.1893E-09 1.1851E-09 1.1668E-09 1.1264E-09 1.0580E-09 9.4811E-10 8.8588E-10 7.7075E-10 7.1933E-10 6.3159E-10 6.3071E-10 6.0734E-10 6.0438E-10 5.8001E-10 5.7535E-10 5.5087E-10 5.4617E-10 5.2357E-10 5.2002E-10 5.0468E-10 4.8897E-10 4.6999E-10 4.4684E-10 4.2590E-10 4.0189E-10 3.8368E-10 3.6604E-10 3.5371E-10 3.3845E-10 3.2339E-10 3.0524E-10 2.8675E-10 2.6492E-10 2.4217E-10 2.1580E-10 1.8803E-10
1.7074E-09 1.7240E-09 1.7487E-09 1.7757E-09 1.8223E-09 1.8663E-09 1.9281E-09 1.9934E-09 2.0681E-09 2.1098E-09 2.1213E-09 2.0384E-09 1.8475E-09 1.6020E-09 1.4072E-09 1.3011E-09 1.2583E-09 1.2564E-09 1.2359E-09 1.2281E-09 1.2207E-09 1.2124E-09 1.2166E-09 1.2003E-09 1.1720E-09 1.1085E-09 1.0253E-09 9.3380E-10 8.4438E-10 7.5624E-10 6.9007E-10 6.4655E-10 6.3518E-10 6.2039E-10 6.0723E-10 5.9124E-10 5.7702E-10 5.6127E-10 5.4818E-10 5.3443E-10 5.2113E-10 5.0319E-10 4.8764E-10 4.6097E-10 4.4315E-10 4.1483E-10 3.9856E-10 3.7625E-10 3.6632E-10 3.4908E-10 3.3642E-10 3.1639E-10 3.0030E-10 2.7671E-10 2.5632E-10 2.2826E-10 2.0272E-10
1.7358E-09 1.7466E-09 1.7722E-09 1.7982E-09 1.8444E-09 1.8851E-09 1.9499E-09 2.0128E-09 2.0806E-09 2.1421E-09 2.1635E-09 2.1096E-09 1.9440E-09 1.6844E-09 1.4654E-09 1.3315E-09 1.3019E-09 1.2833E-09 1.2572E-09 1.2557E-09 1.2445E-09 1.2298E-09 1.2447E-09 1.2273E-09 1.2133E-09 1.1534E-09 1.0792E-09 9.7723E-10 8.9440E-10 7.9067E-10 7.2510E-10 6.5988E-10 6.5247E-10 6.3400E-10 6.2454E-10 6.0489E-10 5.9394E-10 5.7433E-10 5.6399E-10 5.4661E-10 5.3702E-10 5.1491E-10 5.0431E-10 4.7276E-10 4.5961E-10 4.2582E-10 4.1306E-10 3.8463E-10 3.7817E-10 3.5791E-10 3.4870E-10 3.2577E-10 3.1313E-10 2.8676E-10 2.6982E-10 2.3907E-10 2.1689E-10
1.7675E-09 1.7793E-09 1.8059E-09 1.8287E-09 1.8626E-09 1.8991E-09 1.9610E-09 2.0222E-09 2.0951E-09 2.1614E-09 2.1958E-09 2.1699E-09 2.0327E-09 1.8062E-09 1.5761E-09 1.4097E-09 1.3327E-09 1.3056E-09 1.2947E-09 1.2809E-09 1.2639E-09 1.2687E-09 1.2683E-09 1.2654E-09 1.2491E-09 1.1914E-09 1.1312E-09 1.0144E-09 9.4381E-10 8.2090E-10 7.6171E-10 6.7017E-10 6.6847E-10 6.4467E-10 6.4068E-10 6.1576E-10 6.0988E-10 5.8481E-10 5.7897E-10 5.5612E-10 5.5170E-10 5.3507E-10 5.1929E-10 4.9832E-10 4.7454E-10 4.5129E-10 4.2650E-10 4.0639E-10 3.8878E-10 3.7527E-10 3.5977E-10 3.4337E-10 3.2478E-10 3.0473E-10 2.8218E-10 2.5754E-10 2.3004E-10
1.7942E-09 1.8127E-09 1.8298E-09 1.8517E-09 1.8792E-09 1.9246E-09 1.9698E-09 2.0295E-09 2.1022E-09 2.1727E-09 2.2175E-09 2.2148E-09 2.1091E-09 1.9042E-09 1.6580E-09 1.4640E-09 1.3683E-09 1.3222E-09 1.3190E-09 1.3022E-09 1.2779E-09 1.2905E-09 1.2866E-09 1.2917E-09 1.2783E-09 1.2470E-09 1.1790E-09 1.0868E-09 9.9009E-10 8.9038E-10 7.9749E-10 7.2401E-10 6.8235E-10 6.6937E-10 6.5484E-10 6.3995E-10 6.2402E-10 6.0803E-10 5.9237E-10 5.7779E-10 5.6446E-10 5.4953E-10 5.3194E-10 5.1432E-10 4.8731E-10 4.6711E-10 4.3823E-10 4.1985E-10 3.9772E-10 3.8648E-10 3.6918E-10 3.5505E-10 3.3481E-10 3.1702E-10 2.9298E-10 2.7058E-10 2.4173E-10
1.8226E-09 1.8448E-09 1.8520E-09 1.8850E-09 1.9022E-09 1.9458E-09 1.9764E-09 2.0503E-09 2.1033E-09 2.1858E-09 2.2371E-09 2.2539E-09 2.1775E-09 1.9949E-09 1.7331E-09 1.5166E-09 1.3902E-09 1.3597E-09 1.3400E-09 1.3182E-09 1.3160E-09 1.3089E-09 1.2988E-09 1.3142E-09 1.3002E-09 1.2836E-09 1.2204E-09 1.1368E-09 1.0310E-09 9.3757E-10 8.3017E-10 7.5633E-10 6.9341E-10 6.8413E-10 6.6629E-10 6.5483E-10 6.3565E-10 6.2263E-10 6.0349E-10 5.9131E-10 5.7472E-10 5.6330E-10 5.4183E-10 5.2916E-10 4.9746E-10 4.8197E-10 4.4777E-10 4.3284E-10 4.0466E-10 3.9683E-10 3.7662E-10 3.6587E-10 3.4289E-10 3.2848E-10 3.0188E-10 2.8286E-10 2.5159E-10
1.8544E-09 1.8728E-09 1.8886E-09 1.9098E-09 1.9294E-09 1.9625E-09 2.0055E-09 2.0582E-09 2.1153E-09 2.1891E-09 2.2496E-09 2.2764E-09 2.2305E-09 2.0764E-09 1.8048E-09 1.5747E-09 1.4541E-09 1.3870E-09 1.3562E-09 1.3282E-09 1.3347E-09 1.3227E-09 1.3279E-09 1.3319E-09 1.3144E-09 1.3141E-09 1.2539E-09 1.1844E-09 1.0648E-09 9.8368E-10 8.5801E-10 7.9013E-10 7.0117E-10 6.9743E-10 6.7456E-10 6.6840E-10 6.4425E-10 6.3611E-10 6.1181E-10 6.0388E-10 5.8212E-10 5.7573E-10 5.4872E-10 5.4215E-10 5.1910E-10 4.9514E-10 4.6956E-10 4.4464E-10 4.2283E-10 4.0583E-10 3.9101E-10 3.7539E-10 3.5757E-10 3.3867E-10 3.1703E-10 2.9392E-10 2.6741E-10
1.8885E-09 1.8991E-09 1.9200E-09 1.9334E-09 1.9550E-09 1.9857E-09 2.0246E-09 2.0643E-09 2.1324E-09 2.1923E-09 2.2578E-09 2.2927E-09 2.2746E-09 2.1416E-09 1.9166E-09 1.6785E-09 1.4983E-09 1.4113E-09 1.3665E-09 1.3615E-09 1.3495E-09 1.3309E-09 1.3426E-09 1.3441E-09 1.3485E-09 1.3374E-09 1.3008E-09 1.2273E-09 1.1265E-09 1.0262E-09 9.1760E-10 8.2291E-10 7.4490E-10 7.0849E-10 6.9384E-10 6.7985E-10 6.6323E-10 6.4768E-10 6.3001E-10 6.1479E-10 5.9890E-10 5.8615E-10 5.6948E-10 5.5266E-10 5.3247E-10 5.0599E-10 4.8302E-10 4.5463E-10 4.3400E-10 4.1307E-10 4.0014E-10 3.8318E-10 3.6722E-10 3.4717E-10 3.2739E-10 3.0333E-10 2.7871E-10
1.9174E-09 1.9281E-09 1.9484E-09 1.9553E-09 1.9859E-09 2.0025E-09 2.0405E-09 2.0687E-09 2.1386E-09 2.1893E-09 2.2635E-09 2.3011E-09 2.3024E-09 2.1962E-09 1.9961E-09 1.7433E-09 1.5476E-09 1.4326E-09 1.3766E-09 1.3746E-09 1.3591E-09 1.3560E-09 1.3540E-09 1.3501E-09 1.3636E-09 1.3532E-09 1.3307E-09 1.2634E-09 1.1697E-09 1.0629E-09 9.5903E-10 8.5237E-10 7.7192E-10 7.1665E-10 7.0491E-10 6.8851E-10 6.7456E-10 6.5665E-10 6.4119E-10 6.2335E-10 6.0908E-10 5.9400E-10 5.8018E-10 5.6031E-10 5.4464E-10 5.1411E-10 4.9545E-10 4.6234E-10 4.4467E-10 4.1827E-10 4.0837E-10 3.8894E-10 3.7600E-10 3.5367E-10 3.3691E-10 3.1078E-10 2.8919E-10
1.9494E-09 1.9513E-09 1.9759E-09 1.9838E-09 2.0105E-09 2.0180E-09 2.0634E-09 2.0954E-09 2.1440E-09 2.1929E-09 2.2661E-09 2.3102E-09 2.3235E-09 2.2454E-09 2.0686E-09 1.8074E-09 1.5928E-09 1.4455E-09 1.4179E-09 1.3833E-09 1.3629E-09 1.3665E-09 1.3608E-09 1.3498E-09 1.3741E-09 1.3610E-09 1.3542E-09 1.2913E-09 1.2102E-09 1.0922E-09 9.9923E-10 8.7677E-10 8.0052E-10 7.2147E-10 7.1454E-10 6.9394E-10 6.8457E-10 6.6254E-10 6.5125E-10 6.2908E-10 6.1833E-10 5.9894E-10 5.8957E-10 5.6488E-10 5.5495E-10 5.1928E-10 5.0620E-10 4.6750E-10 4.5420E-10 4.2127E-10 4.1528E-10 3.9253E-10 3.8349E-10 3.5803E-10 3.4517E-10 3.1612E-10 2.9847E-10
1.9767E-09 1.9912E-09 2.0064E-09 2.0221E-09 2.0340E-09 2.0589E-09 2.0812E-09 2.1138E-09 2.1483E-09 2.2103E-09 2.2631E-09 2.3184E-09 2.3329E-09 2.2855E-09 2.1260E-09 1.8640E-09 1.6665E-09 1.5122E-09 1.4306E-09 1.3926E-09 1.3803E-09 1.3733E-09 1.3625E-09 1.3725E-09 1.3792E-09 1.3817E-09 1.3707E-09 1.3101E-09 1.2461E-09 1.1133E-09 1.0359E-09 8.9510E-10 8.2835E-10 7.2279E-10 7.2205E-10 6.9594E-10 6.9258E-10 6.6513E-10 6.5950E-10 6.3174E-10 6.2602E-10 6.0084E-10 5.9705E-10 5.7902E-10 5.6286E-10 5.4008E-10 5.1468E-10 4.8902E-10 4.6198E-10 4.3948E-10 4.2051E-10 4.0578E-10 3.8932E-10 3.7152E-10 3.5181E-10 3.3010E-10 3.0616E-10
2.0083E-09 2.0188E-09 2.0319E-09 2.0497E-09 2.0642E-09 2.0836E-09 2.0984E-09 2.1287E-09 2.1660E-09 2.2143E-09 2.2577E-09 2.3171E-09 2.3395E-09 2.3128E-09 2.1759E-09 1.9616E-09 1.7243E-09 1.5500E-09 1.4470E-09 1.4013E-09 1.3844E-09 1.3756E-09 1.3585E-09 1.3754E-09 1.3785E-09 1.3880E-09 1.3796E-09 1.3481E-09 1.2755E-09 1.1727E-09 1.0670E-09 9.5520E-10 8.5317E-10 7.7039E-10 7.2683E-10 7.1269E-10 6.9796E-10 6.8168E-10 6.6531E-10 6.4773E-10 6.3153E-10 6.1556E-10 6.0210E-10 5.8587E-10 5.6800E-10 5.4883E-10 5.2050E-10 4.9831E-10 4.6758E-10 4.4714E-10 4.2377E-10 4.1140E-10 3.9322E-10 3.7776E-10 3.5655E-10 3.3718E-10 3.1200E-10
2.0330E-09 2.0510E-09 2.0628E-09 2.0811E-09 2.0924E-09 2.1083E-09 2.1197E-09 2.1537E-09 2.1796E-09 2.2183E-09 2.2687E-09 2.3182E-09 2.3453E-09 2.3289E-09 2.2193E-09 2.0197E-09 1.7793E-09 1.5836E-09 1.4601E-09 1.4059E-09 1.3903E-09 1.3727E-09 1.3738E-09 1.3744E-09 1.3718E-09 1.3901E-09 1.3810E-09 1.3637E-09 1.2969E-09 1.2039E-09 1.0910E-09 9.8720E-10 8.7330E-10 7.9156E-10 7.2849E-10 7.1789E-10 7.0032E-10 6.8738E-10 6.6824E-10 6.5361E-10 6.3442E-10 6.2077E-10 6.0442E-10 5.9158E-10 5.7019E-10 5.5595E-10 5.2350E-10 5.0610E-10 4.7075E-10 4.5385E-10 4.2495E-10 4.1587E-10 3.9507E-10 3.8287E-10 3.5925E-10 3.4317E-10 3.1582E-10
2.0604E-09 2.0778E-09 2.0860E-09 2.1085E-09 2.1159E-09 2.1323E-09 2.1474E-09 2.1724E-09 2.1977E-09 2.2354E-09 2.2756E-09 2.3140E-09 2.3499E-09 2.3418E-09 2.2555E-09 2.0739E-09 1.8312E-09 1.6195E-09 1.4775E-09 1.4331E-09 1.3971E-09 1.3644E-09 1.3719E-09 1.3691E-09 1.3779E-09 1.3876E-09 1.3752E-09 1.3726E-09 1.3098E-09 1.2311E-09 1.1071E-09 1.0163E-09 8.8775E-10 8.1262E-10 7.2691E-10 7.2131E-10 6.9950E-10 6.9140E-10 6.6812E-10 6.5798E-10 6.3447E-10 6.2469E-10 6.0390E-10 5.9568E-10 5.6949E-10 5.6094E-10 5.3629E-10 5.1189E-10 4.8444E-10 4.5907E-10 4.3583E-10 4.1886E-10 3.9486E-10 3.8654E-10 3.5992E-10 3.4774E-10 3.1764E-10
2.0934E-09 2.1107E-09 2.1244E-09 2.1416E-09 2.1505E-09 2.1659E-09 2.1802E-09 2.1911E-09 2.2216E-09 2.2503E-09 2.2790E-09 2.3121E-09 2.3521E-09 2.3456E-09 2.2829E-09 2.1167E-09 1.8733E-09 1.6486E-09 1.5297E-09 1.4389E-09 1.4012E-09 1.3696E-09 1.3665E-09 1.3589E-09 1.3717E-09 1.3801E-09 1.3847E-09 1.3748E-09 1.3324E-09 1.2527E-09 1.1154E-09 1.0407E-09 8.9616E-10 8.3154E-10 7.2217E-10 7.2245E-10 6.9557E-10 6.9322E-10 6.6497E-10 6.6032E-10 6.3168E-10 6.2684E-10 6.0063E-10 5.9773E-10 5.7990E-10 5.6347E-10 5.4120E-10 5.1533E-10 4.9011E-10 4.6241E-10 4.4002E-10 4.2014E-10 4.0550E-10 3.8852E-10 3.7082E-10 3.5065E-10 3.2906E-10
