Assets/Resources/2015_m01_d04_0700(utc+0800)_l00_csi_1hr_conc.grd
DSAA
         159         159
     -79.000      79.000
     -79.000      79.000
  0.2496E-10  0.5347E-05
[rows 25 to 49 of 159, columns 0 to 56 of 159]
3.6706E-11 3.7611E-11 3.8532E-11 3.9469E-11 4.0423E-11 4.1393E-11 4.2379E-11 4.3382E-11 4.4402E-11 4.5439E-11 4.6493E-11 4.7563E-11 4.8650E-11 4.9754E-11 5.0875E-11 5.2013E-11 5.3168E-11 5.4340E-11 5.5529E-11 5.6735E-11 5.7958E-11 5.9198E-11 6.0455E-11 6.1729E-11 6.3019E-11 6.4326E-11 6.5650E-11 6.6990E-11 6.8347E-11 6.9720E-11 7.1109E-11 7.2515E-11 7.3936E-11 7.5373E-11 7.6826E-11 7.8295E-11 7.9779E-11 8.1277E-11 8.2791E-11 8.4320E-11 8.5863E-11 8.7420E-11 8.8992E-11 9.0577E-11 9.2175E-11 9.3787E-11 9.5412E-11 9.7049E-11 9.8699E-11 1.0036E-10 1.0203E-10 1.0372E-10 1.0541E-10 1.0712E-10 1.0884E-10 1.1056E-10 1.1230E-10
3.7204E-11 3.8121E-11 3.9055E-11 4.0005E-11 4.0971E-11 4.1955E-11 4.2955E-11 4.3972E-11 4.5006E-11 4.6057E-11 4.7125E-11 4.8210E-11 4.9312E-11 5.0431E-11 5.1567E-11 5.2721E-11 5.3892E-11 5.5080E-11 5.6286E-11 5.7508E-11 5.8748E-11 6.0005E-11 6.1279E-11 6.2570E-11 6.3878E-11 6.5203E-11 6.6545E-11 6.7904E-11 6.9279E-11 7.0671E-11 7.2080E-11 7.3505E-11 7.4946E-11 7.6403E-11 7.7876E-11 7.9364E-11 8.0869E-11 8.2388E-11 8.3923E-11 8.5472E-11 8.7037E-11 8.8615E-11 9.0208E-11 9.1816E-11 9.3436E-11 9.5070E-11 9.6718E-11 9.8377E-11 1.0005E-10 1.0173E-10 1.0343E-10 1.0514E-10 1.0686E-10 1.0859E-10 1.1033E-10 1.1208E-10 1.1384E-10
3.7703E-11 3.8632E-11 3.9579E-11 4.0542E-11 4.1521E-11 4.2518E-11 4.3532E-11 4.4563E-11 4.5610E-11 4.6676E-11 4.7758E-11 4.8858E-11 4.9975E-11 5.1109E-11 5.2261E-11 5.3431E-11 5.4617E-11 5.5822E-11 5.7043E-11 5.8283E-11 5.9539E-11 6.0813E-11 6.2105E-11 6.3413E-11 6.4739E-11 6.6082E-11 6.7443E-11 6.8820E-11 7.0214E-11 7.1625E-11 7.3053E-11 7.4497E-11 7.5957E-11 7.7434E-11 7.8927E-11 8.0436E-11 8.1961E-11 8.3501E-11 8.5057E-11 8.6628E-11 8.8213E-11 8.9814E-11 9.1428E-11 9.3057E-11 9.4700E-11 9.6357E-11 9.8026E-11 9.9709E-11 1.0140E-10 1.0311E-10 1.0483E-10 1.0656E-10 1.0831E-10 1.1006E-10 1.1182E-10 1.1360E-10 1.1538E-10
3.8203E-11 3.9145E-11 4.0104E-11 4.1080E-11 4.2073E-11 4.3083E-11 4.4110E-11 4.5154E-11 4.6216E-11 4.7296E-11 4.8393E-11 4.9507E-11 5.0639E-11 5.1789E-11 5.2956E-11 5.4142E-11 5.5344E-11 5.6565E-11 5.7803E-11 5.9059E-11 6.0332E-11 6.1623E-11 6.2932E-11 6.4258E-11 6.5602E-11 6.6963E-11 6.8342E-11 6.9738E-11 7.1150E-11 7.2580E-11 7.4027E-11 7.5491E-11 7.6971E-11 7.8468E-11 7.9981E-11 8.1511E-11 8.3056E-11 8.4617E-11 8.6193E-11 8.7785E-11 8.9392E-11 9.1014E-11 9.2651E-11 9.4302E-11 9.5967E-11 9.7645E-11 9.9338E-11 1.0104E-10 1.0276E-10 1.0449E-10 1.0623E-10 1.0799E-10 1.0976E-10 1.1153E-10 1.1332E-10 1.1512E-10 1.1693E-10
3.8703E-11 3.9658E-11 4.0630E-11 4.1618E-11 4.2625E-11 4.3648E-11 4.4689E-11 4.5747E-11 4.6823E-11 4.7917E-11 4.9029E-11 5.0158E-11 5.1305E-11 5.2470E-11 5.3653E-11 5.4853E-11 5.6072E-11 5.7309E-11 5.8564E-11 5.9836E-11 6.1127E-11 6.2435E-11 6.3761E-11 6.5105E-11 6.6466E-11 6.7846E-11 6.9243E-11 7.0657E-11 7.2089E-11 7.3538E-11 7.5004E-11 7.6487E-11 7.7987E-11 7.9504E-11 8.1037E-11 8.2587E-11 8.4152E-11 8.5734E-11 8.7332E-11 8.8945E-11 9.0574E-11 9.2217E-11 9.3875E-11 9.5548E-11 9.7236E-11 9.8937E-11 1.0065E-10 1.0238E-10 1.0412E-10 1.0587E-10 1.0764E-10 1.0942E-10 1.1121E-10 1.1301E-10 1.1482E-10 1.1664E-10 1.1848E-10
3.9205E-11 4.0172E-11 4.1156E-11 4.2158E-11 4.3177E-11 4.4214E-11 4.5269E-11 4.6341E-11 4.7431E-11 4.8539E-11 4.9665E-11 5.0809E-11 5.1972E-11 5.3152E-11 5.4350E-11 5.5567E-11 5.6801E-11 5.8054E-11 5.9325E-11 6.0615E-11 6.1922E-11 6.3247E-11 6.4591E-11 6.5953E-11 6.7332E-11 6.8730E-11 7.0145E-11 7.1578E-11 7.3028E-11 7.4496E-11 7.5982E-11 7.7484E-11 7.9004E-11 8.0541E-11 8.2094E-11 8.3664E-11 8.5251E-11 8.6853E-11 8.8472E-11 9.0107E-11 9.1756E-11 9.3422E-11 9.5102E-11 9.6797E-11 9.8506E-11 1.0023E-10 1.0197E-10 1.0372E-10 1.0548E-10 1.0726E-10 1.0905E-10 1.1085E-10 1.1266E-10 1.1449E-10 1.1632E-10 1.1817E-10 1.2003E-10
3.9707E-11 4.0686E-11 4.1684E-11 4.2698E-11 4.3731E-11 4.4781E-11 4.5849E-11 4.6935E-11 4.8040E-11 4.9162E-11 5.0303E-11 5.1462E-11 5.2639E-11 5.3834E-11 5.5048E-11 5.6281E-11 5.7531E-11 5.8800E-11 6.0088E-11 6.1394E-11 6.2718E-11 6.4061E-11 6.5422E-11 6.6801E-11 6.8199E-11 6.9614E-11 7.1048E-11 7.2500E-11 7.3969E-11 7.5456E-11 7.6961E-11 7.8483E-11 8.0022E-11 8.1579E-11 8.3153E-11 8.4743E-11 8.6351E-11 8.7974E-11 8.9614E-11 9.1269E-11 9.2941E-11 9.4628E-11 9.6330E-11 9.8047E-11 9.9779E-11 1.0152E-10 1.0328E-10 1.0506E-10 1.0685E-10 1.0865E-10 1.1046E-10 1.1228E-10 1.1412E-10 1.1597E-10 1.1783E-10 1.1970E-10 1.2158E-10
4.0209E-11 4.1201E-11 4.2211E-11 4.3239E-11 4.4284E-11 4.5348E-11 4.6430E-11 4.7530E-11 4.8648E-11 4.9785E-11 5.0940E-11 5.2114E-11 5.3307E-11 5.4517E-11 5.5747E-11 5.6995E-11 5.8262E-11 5.9547E-11 6.0851E-11 6.2174E-11 6.3515E-11 6.4875E-11 6.6254E-11 6.7651E-11 6.9066E-11 7.0500E-11 7.1952E-11 7.3422E-11 7.4910E-11 7.6417E-11 7.7941E-11 7.9483E-11 8.1042E-11 8.2618E-11 8.4212E-11 8.5823E-11 8.7451E-11 8.9096E-11 9.0756E-11 9.2433E-11 9.4126E-11 9.5835E-11 9.7559E-11 9.9298E-11 1.0105E-10 1.0282E-10 1.0460E-10 1.0640E-10 1.0821E-10 1.1003E-10 1.1187E-10 1.1372E-10 1.1558E-10 1.1745E-10 1.1933E-10 1.2123E-10 1.2313E-10
4.0712E-11 4.1716E-11 4.2739E-11 4.3780E-11 4.4838E-11 4.5916E-11 4.7011E-11 4.8125E-11 4.9258E-11 5.0409E-11 5.1579E-11 5.2767E-11 5.3975E-11 5.5201E-11 5.6446E-11 5.7710E-11 5.8993E-11 6.0294E-11 6.1615E-11 6.2954E-11 6.4313E-11 6.5690E-11 6.7086E-11 6.8501E-11 6.9934E-11 7.1386E-11 7.2856E-11 7.4345E-11 7.5852E-11 7.7378E-11 7.8921E-11 8.0483E-11 8.2062E-11 8.3658E-11 8.5272E-11 8.6904E-11 8.8552E-11 9.0218E-11 9.1900E-11 9.3598E-11 9.5313E-11 9.7043E-11 9.8789E-11 1.0055E-10 1.0233E-10 1.0412E-10 1.0592E-10 1.0774E-10 1.0958E-10 1.1142E-10 1.1328E-10 1.1515E-10 1.1704E-10 1.1893E-10 1.2084E-10 1.2276E-10 1.2469E-10
4.1214E-11 4.2231E-11 4.3267E-11 4.4320E-11 4.5393E-11 4.6483E-11 4.7592E-11 4.8720E-11 4.9867E-11 5.1033E-11 5.2217E-11 5.3420E-11 5.4643E-11 5.5884E-11 5.7145E-11 5.8425E-11 5.9724E-11 6.1042E-11 6.2379E-11 6.3735E-11 6.5110E-11 6.6505E-11 6.7918E-11 6.9351E-11 7.0802E-11 7.2272E-11 7.3761E-11 7.5269E-11 7.6795E-11 7.8339E-11 7.9902E-11 8.1483E-11 8.3082E-11 8.4699E-11 8.6333E-11 8.7985E-11 8.9654E-11 9.1340E-11 9.3043E-11 9.4763E-11 9.6499E-11 9.8251E-11 1.0002E-10 1.0180E-10 1.0360E-10 1.0541E-10 1.0724E-10 1.0909E-10 1.1094E-10 1.1281E-10 1.1469E-10 1.1659E-10 1.1850E-10 1.2042E-10 1.2235E-10 1.2429E-10 1.2625E-10
4.1717E-11 4.2747E-11 4.3795E-11 4.4861E-11 4.5947E-11 4.7051E-11 4.8173E-11 4.9315E-11 5.0476E-11 5.1656E-11 5.2855E-11 5.4074E-11 5.5311E-11 5.6568E-11 5.7844E-11 5.9140E-11 6.0455E-11 6.1789E-11 6.3143E-11 6.4516E-11 6.5908E-11 6.7320E-11 6.8751E-11 7.0201E-11 7.1670E-11 7.3158E-11 7.4666E-11 7.6192E-11 7.7737E-11 7.9300E-11 8.0883E-11 8.2483E-11 8.4102E-11 8.5739E-11 8.7393E-11 8.9066E-11 9.0756E-11 9.2463E-11 9.4187E-11 9.5928E-11 9.7686E-11 9.9460E-11 1.0125E-10 1.0306E-10 1.0488E-10 1.0671E-10 1.0856E-10 1.1043E-10 1.1231E-10 1.1420E-10 1.1611E-10 1.1803E-10 1.1996E-10 1.2190E-10 1.2386E-10 1.2582E-10 1.2780E-10
4.2219E-11 4.3261E-11 4.4322E-11 4.5402E-11 4.6500E-11 4.7618E-11 4.8754E-11 4.9910E-11 5.1085E-11 5.2279E-11 5.3493E-11 5.4726E-11 5.5979E-11 5.7251E-11 5.8543E-11 5.9854E-11 6.1185E-11 6.2536E-11 6.3906E-11 6.5296E-11 6.6705E-11 6.8134E-11 6.9583E-11 7.1051E-11 7.2538E-11 7.4044E-11 7.5570E-11 7.7115E-11 7.8679E-11 8.0262E-11 8.1863E-11 8.3483E-11 8.5122E-11 8.6779E-11 8.8454E-11 9.0146E-11 9.1857E-11 9.3585E-11 9.5331E-11 9.7093E-11 9.8872E-11 1.0067E-10 1.0248E-10 1.0431E-10 1.0615E-10 1.0801E-10 1.0988E-10 1.1177E-10 1.1367E-10 1.1559E-10 1.1752E-10 1.1946E-10 1.2142E-10 1.2339E-10 1.2536E-10 1.2736E-10 1.2936E-10
4.2721E-11 4.3776E-11 4.4849E-11 4.5942E-11 4.7054E-11 4.8185E-11 4.9335E-11 5.0504E-11 5.1694E-11 5.2902E-11 5.4131E-11 5.5379E-11 5.6646E-11 5.7934E-11 5.9241E-11 6.0568E-11 6.1915E-11 6.3282E-11 6.4669E-11 6.6076E-11 6.7502E-11 6.8948E-11 7.0414E-11 7.1900E-11 7.3405E-11 7.4930E-11 7.6474E-11 7.8037E-11 7.9620E-11 8.1222E-11 8.2843E-11 8.4483E-11 8.6141E-11 8.7818E-11 8.9513E-11 9.1226E-11 9.2958E-11 9.4707E-11 9.6473E-11 9.8257E-11 1.0006E-10 1.0187E-10 1.0371E-10 1.0556E-10 1.0742E-10 1.0931E-10 1.1120E-10 1.1311E-10 1.1504E-10 1.1698E-10 1.1893E-10 1.2090E-10 1.2288E-10 1.2487E-10 1.2687E-10 1.2889E-10 1.3091E-10
4.3222E-11 4.4290E-11 4.5376E-11 4.6481E-11 4.7606E-11 4.8751E-11 4.9915E-11 5.1098E-11 5.2301E-11 5.3525E-11 5.4767E-11 5.6030E-11 5.7313E-11 5.8616E-11 5.9939E-11 6.1282E-11 6.2645E-11 6.4028E-11 6.5431E-11 6.6854E-11 6.8298E-11 6.9761E-11 7.1245E-11 7.2748E-11 7.4271E-11 7.5814E-11 7.7377E-11 7.8959E-11 8.0560E-11 8.2181E-11 8.3822E-11 8.5481E-11 8.7159E-11 8.8856E-11 9.0572E-11 9.2305E-11 9.4057E-11 9.5827E-11 9.7615E-11 9.9420E-11 1.0124E-10 1.0308E-10 1.0494E-10 1.0681E-10 1.0870E-10 1.1060E-10 1.1252E-10 1.1445E-10 1.1640E-10 1.1836E-10 1.2034E-10 1.2233E-10 1.2433E-10 1.2635E-10 1.2838E-10 1.3042E-10 1.3247E-10
4.3723E-11 4.4803E-11 4.5902E-11 4.7020E-11 4.8158E-11 4.9316E-11 5.0494E-11 5.1691E-11 5.2908E-11 5.4146E-11 5.5403E-11 5.6681E-11 5.7979E-11 5.9297E-11 6.0635E-11 6.1994E-11 6.3373E-11 6.4773E-11 6.6192E-11 6.7632E-11 6.9093E-11 7.0573E-11 7.2074E-11 7.3595E-11 7.5136E-11 7.6697E-11 7.8278E-11 7.9879E-11 8.1500E-11 8.3140E-11 8.4799E-11 8.6478E-11 8.8176E-11 8.9893E-11 9.1629E-11 9.3383E-11 9.5156E-11 9.6946E-11 9.8755E-11 1.0058E-10 1.0242E-10 1.0429E-10 1.0616E-10 1.0806E-10 1.0997E-10 1.1189E-10 1.1384E-10 1.1579E-10 1.1776E-10 1.1975E-10 1.2175E-10 1.2376E-10 1.2579E-10 1.2783E-10 1.2988E-10 1.3194E-10 1.3402E-10
4.4223E-11 4.5315E-11 4.6427E-11 4.7558E-11 4.8709E-11 4.9880E-11 5.1072E-11 5.2283E-11 5.3514E-11 5.4766E-11 5.6038E-11 5.7331E-11 5.8643E-11 5.9977E-11 6.1331E-11 6.2705E-11 6.4100E-11 6.5516E-11 6.6952E-11 6.8409E-11 6.9886E-11 7.1384E-11 7.2902E-11 7.4441E-11 7.6000E-11 7.7579E-11 7.9178E-11 8.0798E-11 8.2437E-11 8.4096E-11 8.5775E-11 8.7474E-11 8.9191E-11 9.0928E-11 9.2684E-11 9.4459E-11 9.6252E-11 9.8063E-11 9.9893E-11 1.0174E-10 1.0361E-10 1.0549E-10 1.0739E-10 1.0930E-10 1.1124E-10 1.1319E-10 1.1515E-10 1.1713E-10 1.1912E-10 1.2113E-10 1.2316E-10 1.2519E-10 1.2724E-10 1.2931E-10 1.3138E-10 1.3347E-10 1.3557E-10
4.4721E-11 4.5826E-11 4.6950E-11 4.8095E-11 4.9259E-11 5.0444E-11 5.1648E-11 5.2873E-11 5.4119E-11 5.5385E-11 5.6672E-11 5.7979E-11 5.9307E-11 6.0655E-11 6.2025E-11 6.3415E-11 6.4826E-11 6.6258E-11 6.7710E-11 6.9184E-11 7.0678E-11 7.2193E-11 7.3729E-11 7.5285E-11 7.6862E-11 7.8459E-11 8.0077E-11 8.1715E-11 8.3373E-11 8.5051E-11 8.6749E-11 8.8467E-11 9.0204E-11 9.1961E-11 9.3737E-11 9.5532E-11 9.7346E-11 9.9179E-11 1.0103E-10 1.0290E-10 1.0478E-10 1.0669E-10 1.0861E-10 1.1055E-10 1.1250E-10 1.1447E-10 1.1646E-10 1.1846E-10 1.2048E-10 1.2251E-10 1.2456E-10 1.2662E-10 1.2869E-10 1.3078E-10 1.3288E-10 1.3499E-10 1.3773E-10
4.5219E-11 4.6336E-11 4.7473E-11 4.8630E-11 4.9808E-11 5.1005E-11 5.2224E-11 5.3463E-11 5.4722E-11 5.6002E-11 5.7304E-11 5.8626E-11 5.9968E-11 6.1332E-11 6.2717E-11 6.4123E-11 6.5550E-11 6.6998E-11 6.8467E-11 6.9957E-11 7.1468E-11 7.3000E-11 7.4553E-11 7.6127E-11 7.7722E-11 7.9337E-11 8.0973E-11 8.2630E-11 8.4307E-11 8.6004E-11 8.7721E-11 8.9458E-11 9.1216E-11 9.2992E-11 9.4788E-11 9.6604E-11 9.8438E-11 1.0029E-10 1.0216E-10 1.0405E-10 1.0596E-10 1.0789E-10 1.0983E-10 1.1179E-10 1.1377E-10 1.1576E-10 1.1777E-10 1.1979E-10 1.2183E-10 1.2389E-10 1.2596E-10 1.2804E-10 1.3014E-10 1.3225E-10 1.3437E-10 1.3651E-10 1.4159E-10
4.5715E-11 4.6844E-11 4.7994E-11 4.9164E-11 5.0355E-11 5.1566E-11 5.2798E-11 5.4050E-11 5.5324E-11 5.6618E-11 5.7934E-11 5.9270E-11 6.0628E-11 6.2007E-11 6.3408E-11 6.4829E-11 6.6272E-11 6.7736E-11 6.9222E-11 7.0728E-11 7.2256E-11 7.3805E-11 7.5376E-11 7.6967E-11 7.8580E-11 8.0213E-11 8.1867E-11 8.3542E-11 8.5238E-11 8.6954E-11 8.8690E-11 9.0447E-11 9.2224E-11 9.4020E-11 9.5837E-11 9.7672E-11 9.9527E-11 1.0140E-10 1.0329E-10 1.0520E-10 1.0713E-10 1.0908E-10 1.1105E-10 1.1303E-10 1.1503E-10 1.1704E-10 1.1907E-10 1.2112E-10 1.2319E-10 1.2526E-10 1.2736E-10 1.2946E-10 1.3158E-10 1.3372E-10 1.3587E-10 1.4086E-10 1.4786E-10
4.6209E-11 4.7351E-11 4.8513E-11 4.9696E-11 5.0900E-11 5.2124E-11 5.3370E-11 5.4636E-11 5.5923E-11 5.7232E-11 5.8562E-11 5.9914E-11 6.1286E-11 6.2680E-11 6.4096E-11 6.5533E-11 6.6992E-11 6.8472E-11 6.9974E-11 7.1497E-11 7.3042E-11 7.4608E-11 7.6195E-11 7.7804E-11 7.9435E-11 8.1086E-11 8.2758E-11 8.4452E-11 8.6166E-11 8.7901E-11 8.9657E-11 9.1433E-11 9.3229E-11 9.5045E-11 9.6882E-11 9.8738E-11 1.0061E-10 1.0251E-10 1.0442E-10 1.0635E-10 1.0830E-10 1.1027E-10 1.1226E-10 1.1426E-10 1.1628E-10 1.1832E-10 1.2038E-10 1.2245E-10 1.2453E-10 1.2663E-10 1.2875E-10 1.3088E-10 1.3302E-10 1.3518E-10 1.3797E-10 1.4306E-10 1.5136E-10
4.6702E-11 4.7856E-11 4.9031E-11 5.0227E-11 5.1443E-11 5.2681E-11 5.3940E-11 5.5220E-11 5.6521E-11 5.7844E-11 5.9188E-11 6.0554E-11 6.1942E-11 6.3351E-11 6.4782E-11 6.6235E-11 6.7709E-11 6.9205E-11 7.0723E-11 7.2263E-11 7.3825E-11 7.5408E-11 7.7013E-11 7.8639E-11 8.0287E-11 8.1956E-11 8.3647E-11 8.5358E-11 8.7091E-11 8.8845E-11 9.0620E-11 9.2415E-11 9.4231E-11 9.6067E-11 9.7923E-11 9.9800E-11 1.0170E-10 1.0361E-10 1.0554E-10 1.0750E-10 1.0947E-10 1.1146E-10 1.1347E-10 1.1549E-10 1.1754E-10 1.1960E-10 1.2167E-10 1.2377E-10 1.2587E-10 1.2800E-10 1.3014E-10 1.3229E-10 1.3446E-10 1.3664E-10 1.4172E-10 1.5031E-10 1.5717E-10
4.7193E-11 4.8359E-11 4.9547E-11 5.0755E-11 5.1984E-11 5.3235E-11 5.4507E-11 5.5801E-11 5.7116E-11 5.8453E-11 5.9812E-11 6.1193E-11 6.2595E-11 6.4019E-11 6.5466E-11 6.6934E-11 6.8424E-11 6.9936E-11 7.1470E-11 7.3027E-11 7.4605E-11 7.6205E-11 7.7827E-11 7.9470E-11 8.1136E-11 8.2823E-11 8.4532E-11 8.6262E-11 8.8013E-11 8.9786E-11 9.1579E-11 9.3394E-11 9.5229E-11 9.7085E-11 9.8961E-11 1.0086E-10 1.0277E-10 1.0471E-10 1.0666E-10 1.0864E-10 1.1063E-10 1.1264E-10 1.1467E-10 1.1672E-10 1.1878E-10 1.2087E-10 1.2297E-10 1.2508E-10 1.2721E-10 1.2936E-10 1.3152E-10 1.3370E-10 1.3589E-10 1.3927E-10 1.4390E-10 1.5337E-10 1.6415E-10
4.7682E-11 4.8860E-11 5.0060E-11 5.1281E-11 5.2523E-11 5.3787E-11 5.5073E-11 5.6380E-11 5.7709E-11 5.9060E-11 6.0433E-11 6.1828E-11 6.3245E-11 6.4685E-11 6.6146E-11 6.7630E-11 6.9136E-11 7.0664E-11 7.2214E-11 7.3787E-11 7.5381E-11 7.6998E-11 7.8637E-11 8.0298E-11 8.1981E-11 8.3686E-11 8.5413E-11 8.7161E-11 8.8931E-11 9.0723E-11 9.2535E-11 9.4369E-11 9.6223E-11 9.8099E-11 9.9995E-11 1.0191E-10 1.0385E-10 1.0580E-10 1.0778E-10 1.0977E-10 1.1179E-10 1.1382E-10 1.1587E-10 1.1794E-10 1.2003E-10 1.2213E-10 1.2425E-10 1.2639E-10 1.2854E-10 1.3071E-10 1.3290E-10 1.3510E-10 1.3731E-10 1.4247E-10 1.5115E-10 1.5812E-10 1.6673E-10
4.8168E-11 4.9359E-11 5.0571E-11 5.1805E-11 5.3060E-11 5.4337E-11 5.5636E-11 5.6957E-11 5.8299E-11 5.9664E-11 6.1052E-11 6.2461E-11 6.3893E-11 6.5347E-11 6.6824E-11 6.8323E-11 6.9844E-11 7.1388E-11 7.2955E-11 7.4543E-11 7.6155E-11 7.7788E-11 7.9444E-11 8.1123E-11 8.2823E-11 8.4546E-11 8.6290E-11 8.8057E-11 8.9845E-11 9.1655E-11 9.3487E-11 9.5339E-11 9.7213E-11 9.9108E-11 1.0102E-10 1.0296E-10 1.0492E-10 1.0689E-10 1.0889E-10 1.1090E-10 1.1294E-10 1.1499E-10 1.1707E-10 1.1916E-10 1.2127E-10 1.2339E-10 1.2553E-10 1.2769E-10 1.2987E-10 1.3206E-10 1.3427E-10 1.3649E-10 1.4065E-10 1.4523E-10 1.5418E-10 1.6506E-10 1.7394E-10
4.8652E-11 4.9855E-11 5.1080E-11 5.2326E-11 5.3594E-11 5.4884E-11 5.6196E-11 5.7530E-11 5.8887E-11 6.0266E-11 6.1667E-11 6.3091E-11 6.4537E-11 6.6006E-11 6.7498E-11 6.9012E-11 7.0549E-11 7.2109E-11 7.3691E-11 7.5297E-11 7.6924E-11 7.8575E-11 8.0248E-11 8.1943E-11 8.3661E-11 8.5401E-11 8.7164E-11 8.8948E-11 9.0755E-11 9.2584E-11 9.4434E-11 9.6305E-11 9.8198E-11 1.0011E-10 1.0205E-10 1.0400E-10 1.0598E-10 1.0798E-10 1.0999E-10 1.1203E-10 1.1409E-10 1.1616E-10 1.1825E-10 1.2037E-10 1.2250E-10 1.2465E-10 1.2681E-10 1.2899E-10 1.3119E-10 1.3341E-10 1.3564E-10 1.3788E-10 1.4361E-10 1.5235E-10 1.5938E-10 1.6806E-10 1.7731E-10
