Assets/Resources/2015_m01_d26_1800(utc+0800)_l00_csi_1hr_conc.grd
DSAA
         159         159
     -79.000      79.000
     -79.000      79.000
  0.0000E+00  0.2000E-05
[rows 0 to 24 of 159, columns 0 to 56 of 159]
4.4349E-09 4.7255E-09 5.0218E-09 5.3256E-09 5.6338E-09 5.9458E-09 6.2601E-09 6.5753E-09 6.8890E-09 7.2006E-09 7.5072E-09 7.8061E-09 8.0950E-09 8.3714E-09 8.6339E-09 8.8805E-09 9.1082E-09 9.3153E-09 9.5001E-09 9.6609E-09 9.7958E-09 9.9073E-09 1.0001E-08 1.0068E-08 1.0100E-08 1.0094E-08 1.0052E-08 9.9664E-09 9.8368E-09 9.6690E-09 9.4659E-09 9.2283E-09 8.9573E-09 8.6537E-09 8.3205E-09 7.9599E-09 7.5754E-09 7.1692E-09 6.7443E-09 6.3043E-09 5.8538E-09 5.3967E-09 4.9380E-09 4.4833E-09 4.0389E-09 3.6102E-09 3.2016E-09 2.8167E-09 2.4597E-09 2.1304E-09 1.8271E-09 1.5523E-09 1.3043E-09 1.0835E-09 8.9092E-10 7.1686E-10 5.8006E-10
4.5317E-09 4.8325E-09 5.1412E-09 5.4573E-09 5.7788E-09 6.1053E-09 6.4353E-09 6.7668E-09 7.0982E-09 7.4278E-09 7.7526E-09 8.0702E-09 8.3779E-09 8.6749E-09 8.9579E-09 9.2247E-09 9.4738E-09 9.7019E-09 9.9085E-09 1.0090E-08 1.0245E-08 1.0377E-08 1.0490E-08 1.0577E-08 1.0629E-08 1.0642E-08 1.0617E-08 1.0547E-08 1.0431E-08 1.0272E-08 1.0076E-08 9.8428E-09 9.5732E-09 9.2684E-09 8.9321E-09 8.5657E-09 8.1716E-09 7.7528E-09 7.3122E-09 6.8533E-09 6.3796E-09 5.8970E-09 5.4108E-09 4.9269E-09 4.4511E-09 3.9898E-09 3.5479E-09 3.1309E-09 2.7418E-09 2.3822E-09 2.0511E-09 1.7465E-09 1.4722E-09 1.2275E-09 1.0152E-09 8.2893E-10 6.6337E-10
4.6143E-09 4.9258E-09 5.2456E-09 5.5725E-09 5.9073E-09 6.2481E-09 6.5921E-09 6.9400E-09 7.2873E-09 7.6345E-09 7.9767E-09 8.3128E-09 8.6399E-09 8.9561E-09 9.2601E-09 9.5484E-09 9.8178E-09 1.0069E-08 1.0296E-08 1.0500E-08 1.0678E-08 1.0829E-08 1.0962E-08 1.1070E-08 1.1144E-08 1.1178E-08 1.1173E-08 1.1121E-08 1.1019E-08 1.0873E-08 1.0686E-08 1.0460E-08 1.0195E-08 9.8937E-09 9.5571E-09 9.1878E-09 8.7881E-09 8.3599E-09 7.9055E-09 7.4289E-09 6.9354E-09 6.4295E-09 5.9162E-09 5.4028E-09 4.8955E-09 4.4016E-09 3.9267E-09 3.4760E-09 3.0534E-09 2.6608E-09 2.2992E-09 1.9661E-09 1.6606E-09 1.3871E-09 1.1513E-09 9.4263E-10 7.5420E-10
4.6819E-09 5.0028E-09 5.3323E-09 5.6713E-09 6.0174E-09 6.3710E-09 6.7291E-09 7.0915E-09 7.4551E-09 7.8176E-09 8.1771E-09 8.5311E-09 8.8769E-09 9.2133E-09 9.5369E-09 9.8458E-09 1.0138E-08 1.0410E-08 1.0660E-08 1.0887E-08 1.1086E-08 1.1259E-08 1.1412E-08 1.1543E-08 1.1639E-08 1.1696E-08 1.1712E-08 1.1680E-08 1.1597E-08 1.1466E-08 1.1292E-08 1.1076E-08 1.0820E-08 1.0525E-08 1.0192E-08 9.8235E-09 9.4210E-09 8.9853E-09 8.5207E-09 8.0305E-09 7.5192E-09 6.9912E-09 6.4538E-09 5.9129E-09 5.3764E-09 4.8505E-09 4.3421E-09 3.8573E-09 3.3996E-09 2.9722E-09 2.5775E-09 2.2137E-09 1.8762E-09 1.5718E-09 1.2749E-09 1.0670E-09 8.6384E-10
4.7337E-09 5.0625E-09 5.4014E-09 5.7508E-09 6.1077E-09 6.4727E-09 6.8439E-09 7.2197E-09 7.5967E-09 7.9751E-09 8.3511E-09 8.7221E-09 9.0865E-09 9.4418E-09 9.7855E-09 1.0116E-08 1.0428E-08 1.0723E-08 1.0996E-08 1.1244E-08 1.1466E-08 1.1660E-08 1.1837E-08 1.1989E-08 1.2109E-08 1.2190E-08 1.2229E-08 1.2220E-08 1.2159E-08 1.2046E-08 1.1887E-08 1.1686E-08 1.1441E-08 1.1156E-08 1.0831E-08 1.0467E-08 1.0065E-08 9.6270E-09 9.1566E-09 8.6556E-09 8.1296E-09 7.5840E-09 7.0244E-09 6.4587E-09 5.8930E-09 5.3353E-09 4.7940E-09 4.2741E-09 3.7803E-09 3.3167E-09 2.8858E-09 2.4882E-09 2.1172E-09 1.7791E-09 1.4466E-09 1.1985E-09 9.7765E-10
4.7690E-09 5.1044E-09 5.4517E-09 5.8099E-09 6.1766E-09 6.5519E-09 6.9342E-09 7.3216E-09 7.7124E-09 8.1050E-09 8.4958E-09 8.8840E-09 9.2656E-09 9.6396E-09 1.0003E-08 1.0352E-08 1.0687E-08 1.1003E-08 1.1297E-08 1.1568E-08 1.1812E-08 1.2030E-08 1.2227E-08 1.2403E-08 1.2547E-08 1.2654E-08 1.2718E-08 1.2735E-08 1.2698E-08 1.2606E-08 1.2466E-08 1.2282E-08 1.2054E-08 1.1784E-08 1.1470E-08 1.1114E-08 1.0718E-08 1.0283E-08 9.8086E-09 9.3024E-09 8.7668E-09 8.2070E-09 7.6289E-09 7.0402E-09 6.4491E-09 5.8631E-09 5.2899E-09 4.7359E-09 4.2057E-09 3.7049E-09 3.2356E-09 2.7999E-09 2.3932E-09 2.0178E-09 1.6479E-09 1.3657E-09 1.1022E-09
4.7868E-09 5.1284E-09 5.4825E-09 5.8473E-09 6.2226E-09 6.6069E-09 6.9985E-09 7.3972E-09 7.7997E-09 8.2054E-09 8.6110E-09 9.0137E-09 9.4123E-09 9.8034E-09 1.0185E-08 1.0554E-08 1.0908E-08 1.1246E-08 1.1562E-08 1.1855E-08 1.2121E-08 1.2361E-08 1.2580E-08 1.2779E-08 1.2949E-08 1.3083E-08 1.3174E-08 1.3218E-08 1.3206E-08 1.3140E-08 1.3023E-08 1.2859E-08 1.2652E-08 1.2398E-08 1.2101E-08 1.1760E-08 1.1373E-08 1.0943E-08 1.0474E-08 9.9679E-09 9.4264E-09 8.8569E-09 8.2651E-09 7.6587E-09 7.0448E-09 6.4317E-09 5.8272E-09 5.2384E-09 4.6717E-09 4.1322E-09 3.6232E-09 3.1467E-09 2.7016E-09 2.2856E-09 1.8748E-09 1.5581E-09 1.2609E-09
4.7869E-09 5.1337E-09 5.4924E-09 5.8630E-09 6.2444E-09 6.6370E-09 7.0365E-09 7.4441E-09 7.8578E-09 8.2750E-09 8.6929E-09 9.1102E-09 9.5234E-09 9.9312E-09 1.0330E-08 1.0717E-08 1.1091E-08 1.1448E-08 1.1785E-08 1.2099E-08 1.2387E-08 1.2649E-08 1.2890E-08 1.3112E-08 1.3309E-08 1.3469E-08 1.3589E-08 1.3662E-08 1.3679E-08 1.3641E-08 1.3549E-08 1.3412E-08 1.3227E-08 1.2997E-08 1.2721E-08 1.2396E-08 1.2025E-08 1.1610E-08 1.1150E-08 1.0648E-08 1.0108E-08 9.5355E-09 8.9357E-09 8.3152E-09 7.6822E-09 7.0463E-09 6.4148E-09 5.7947E-09 5.1928E-09 4.6148E-09 4.0639E-09 3.5439E-09 3.0558E-09 2.5971E-09 2.1417E-09 1.7822E-09 1.4496E-09
4.7690E-09 5.1188E-09 5.4812E-09 5.8557E-09 6.2422E-09 6.6404E-09 7.0473E-09 7.4629E-09 7.8850E-09 8.3127E-09 8.7419E-09 9.1709E-09 9.5986E-09 1.0021E-08 1.0435E-08 1.0840E-08 1.1231E-08 1.1606E-08 1.1963E-08 1.2297E-08 1.2607E-08 1.2890E-08 1.3154E-08 1.3399E-08 1.3621E-08 1.3810E-08 1.3959E-08 1.4060E-08 1.4110E-08 1.4100E-08 1.4040E-08 1.3930E-08 1.3774E-08 1.3571E-08 1.3318E-08 1.3018E-08 1.2670E-08 1.2272E-08 1.1828E-08 1.1339E-08 1.0807E-08 1.0237E-08 9.6347E-09 9.0071E-09 8.3618E-09 7.7074E-09 7.0510E-09 6.3993E-09 5.7624E-09 5.1446E-09 4.5508E-09 3.9848E-09 3.4504E-09 2.9444E-09 2.4410E-09 2.0367E-09 1.6629E-09
4.7331E-09 5.0838E-09 5.4483E-09 5.8259E-09 6.2156E-09 6.6179E-09 7.0303E-09 7.4515E-09 7.8813E-09 8.3174E-09 8.7555E-09 9.1958E-09 9.6348E-09 1.0070E-08 1.0498E-08 1.0918E-08 1.1326E-08 1.1718E-08 1.2092E-08 1.2446E-08 1.2776E-08 1.3081E-08 1.3366E-08 1.3635E-08 1.3881E-08 1.4098E-08 1.4276E-08 1.4410E-08 1.4490E-08 1.4516E-08 1.4487E-08 1.4409E-08 1.4284E-08 1.4110E-08 1.3889E-08 1.3619E-08 1.3296E-08 1.2925E-08 1.2505E-08 1.2035E-08 1.1518E-08 1.0959E-08 1.0363E-08 9.7344E-09 9.0823E-09 8.4138E-09 7.7369E-09 7.0616E-09 6.3927E-09 5.7372E-09 5.0997E-09 4.4868E-09 3.9017E-09 3.3475E-09 2.8225E-09 2.3366E-09 1.9171E-09
4.6786E-09 5.0291E-09 5.3944E-09 5.7730E-09 6.1648E-09 6.5698E-09 6.9846E-09 7.4113E-09 7.8458E-09 8.2881E-09 8.7345E-09 9.1824E-09 9.6318E-09 1.0078E-08 1.0518E-08 1.0951E-08 1.1373E-08 1.1780E-08 1.2171E-08 1.2543E-08 1.2892E-08 1.3218E-08 1.3523E-08 1.3814E-08 1.4084E-08 1.4328E-08 1.4536E-08 1.4702E-08 1.4816E-08 1.4877E-08 1.4883E-08 1.4840E-08 1.4749E-08 1.4612E-08 1.4426E-08 1.4188E-08 1.3901E-08 1.3563E-08 1.3171E-08 1.2729E-08 1.2237E-08 1.1698E-08 1.1114E-08 1.0494E-08 9.8429E-09 9.1683E-09 8.4787E-09 7.7800E-09 7.0810E-09 6.3859E-09 5.7049E-09 5.0412E-09 4.4025E-09 3.7940E-09 3.2273E-09 2.6731E-09 2.2025E-09
4.6066E-09 4.9552E-09 5.3196E-09 5.6979E-09 6.0901E-09 6.4956E-09 6.9124E-09 7.3403E-09 7.7792E-09 8.2255E-09 8.6766E-09 9.1322E-09 9.5891E-09 1.0044E-08 1.0494E-08 1.0938E-08 1.1371E-08 1.1792E-08 1.2197E-08 1.2585E-08 1.2953E-08 1.3297E-08 1.3623E-08 1.3932E-08 1.4227E-08 1.4497E-08 1.4735E-08 1.4932E-08 1.5081E-08 1.5179E-08 1.5223E-08 1.5216E-08 1.5163E-08 1.5065E-08 1.4917E-08 1.4721E-08 1.4474E-08 1.4174E-08 1.3822E-08 1.3416E-08 1.2956E-08 1.2445E-08 1.1886E-08 1.1283E-08 1.0641E-08 9.9687E-09 9.2701E-09 8.5558E-09 7.8302E-09 7.1016E-09 6.3760E-09 5.6626E-09 4.9690E-09 4.3037E-09 3.6772E-09 3.0657E-09 2.5370E-09
4.5171E-09 4.8630E-09 5.2250E-09 5.6010E-09 5.9917E-09 6.3966E-09 6.8126E-09 7.2412E-09 7.6805E-09 8.1295E-09 8.5840E-09 9.0435E-09 9.5059E-09 9.9671E-09 1.0425E-08 1.0876E-08 1.1320E-08 1.1752E-08 1.2170E-08 1.2572E-08 1.2956E-08 1.3318E-08 1.3661E-08 1.3990E-08 1.4305E-08 1.4601E-08 1.4868E-08 1.5096E-08 1.5280E-08 1.5415E-08 1.5498E-08 1.5530E-08 1.5518E-08 1.5460E-08 1.5358E-08 1.5207E-08 1.5005E-08 1.4753E-08 1.4447E-08 1.4085E-08 1.3668E-08 1.3195E-08 1.2669E-08 1.2093E-08 1.1472E-08 1.0809E-08 1.0113E-08 9.3869E-09 8.6396E-09 7.8765E-09 7.1082E-09 6.3431E-09 5.5924E-09 4.8657E-09 4.1741E-09 3.5020E-09 2.9100E-09
4.4113E-09 4.7533E-09 5.1107E-09 5.4835E-09 5.8707E-09 6.2729E-09 6.6870E-09 7.1133E-09 7.5519E-09 8.0010E-09 8.4561E-09 8.9179E-09 9.3827E-09 9.8480E-09 1.0310E-08 1.0768E-08 1.1219E-08 1.1660E-08 1.2088E-08 1.2503E-08 1.2900E-08 1.3277E-08 1.3637E-08 1.3983E-08 1.4318E-08 1.4637E-08 1.4931E-08 1.5190E-08 1.5408E-08 1.5580E-08 1.5702E-08 1.5776E-08 1.5805E-08 1.5794E-08 1.5738E-08 1.5636E-08 1.5488E-08 1.5288E-08 1.5035E-08 1.4728E-08 1.4363E-08 1.3939E-08 1.3457E-08 1.2921E-08 1.2329E-08 1.1688E-08 1.0998E-08 1.0270E-08 9.5038E-09 8.7139E-09 7.9058E-09 7.0911E-09 6.2837E-09 5.4956E-09 4.7359E-09 4.0032E-09 3.3372E-09
4.2909E-09 4.6270E-09 4.9789E-09 5.3461E-09 5.7284E-09 6.1260E-09 6.5357E-09 6.9590E-09 7.3942E-09 7.8405E-09 8.2947E-09 8.7553E-09 9.2204E-09 9.6872E-09 1.0151E-08 1.0613E-08 1.1069E-08 1.1516E-08 1.1953E-08 1.2376E-08 1.2784E-08 1.3174E-08 1.3549E-08 1.3911E-08 1.4263E-08 1.4603E-08 1.4923E-08 1.5210E-08 1.5462E-08 1.5670E-08 1.5832E-08 1.5946E-08 1.6020E-08 1.6055E-08 1.6050E-08 1.6003E-08 1.5910E-08 1.5770E-08 1.5580E-08 1.5334E-08 1.5029E-08 1.4666E-08 1.4243E-08 1.3754E-08 1.3204E-08 1.2591E-08 1.1922E-08 1.1195E-08 1.0423E-08 9.6076E-09 8.7623E-09 7.8997E-09 7.0348E-09 6.1816E-09 5.3503E-09 4.5661E-09 3.8300E-09
4.1565E-09 4.4850E-09 4.8301E-09 5.1908E-09 5.5663E-09 5.9573E-09 6.3610E-09 6.7786E-09 7.2089E-09 7.6505E-09 8.1003E-09 8.5578E-09 9.0207E-09 9.4860E-09 9.9503E-09 1.0413E-08 1.0870E-08 1.1322E-08 1.1762E-08 1.2193E-08 1.2610E-08 1.3011E-08 1.3397E-08 1.3773E-08 1.4140E-08 1.4498E-08 1.4841E-08 1.5156E-08 1.5437E-08 1.5681E-08 1.5882E-08 1.6037E-08 1.6156E-08 1.6238E-08 1.6287E-08 1.6295E-08 1.6265E-08 1.6190E-08 1.6067E-08 1.5891E-08 1.5660E-08 1.5368E-08 1.5008E-08 1.4582E-08 1.4083E-08 1.3514E-08 1.2868E-08 1.2158E-08 1.1380E-08 1.0550E-08 9.6747E-09 8.7692E-09 7.8504E-09 6.9318E-09 6.0323E-09 5.1764E-09 4.3696E-09
4.0094E-09 4.3292E-09 4.6667E-09 5.0183E-09 5.3859E-09 5.7689E-09 6.1642E-09 6.5743E-09 6.9975E-09 7.4321E-09 7.8755E-09 8.3270E-09 8.7851E-09 9.2468E-09 9.7076E-09 1.0169E-08 1.0626E-08 1.1077E-08 1.1521E-08 1.1956E-08 1.2379E-08 1.2787E-08 1.3184E-08 1.3570E-08 1.3950E-08 1.4323E-08 1.4685E-08 1.5024E-08 1.5333E-08 1.5610E-08 1.5847E-08 1.6044E-08 1.6205E-08 1.6338E-08 1.6439E-08 1.6508E-08 1.6543E-08 1.6537E-08 1.6489E-08 1.6392E-08 1.6240E-08 1.6026E-08 1.5746E-08 1.5389E-08 1.4955E-08 1.4433E-08 1.3831E-08 1.3140E-08 1.2375E-08 1.1536E-08 1.0637E-08 9.6938E-09 8.7220E-09 7.7394E-09 6.7683E-09 5.8338E-09 4.9469E-09
3.8519E-09 4.1617E-09 4.4886E-09 4.8310E-09 5.1892E-09 5.5622E-09 5.9480E-09 6.3480E-09 6.7617E-09 7.1881E-09 7.6219E-09 8.0654E-09 8.5166E-09 8.9707E-09 9.4268E-09 9.8832E-09 1.0337E-08 1.0787E-08 1.1230E-08 1.1667E-08 1.2092E-08 1.2506E-08 1.2909E-08 1.3303E-08 1.3692E-08 1.4077E-08 1.4456E-08 1.4815E-08 1.5149E-08 1.5454E-08 1.5728E-08 1.5963E-08 1.6167E-08 1.6348E-08 1.6504E-08 1.6635E-08 1.6734E-08 1.6803E-08 1.6835E-08 1.6821E-08 1.6756E-08 1.6632E-08 1.6435E-08 1.6162E-08 1.5797E-08 1.5343E-08 1.4786E-08 1.4136E-08 1.3387E-08 1.2551E-08 1.1639E-08 1.0664E-08 9.6470E-09 8.6035E-09 7.5649E-09 6.5360E-09 5.5814E-09
3.6841E-09 3.9832E-09 4.2995E-09 4.6309E-09 4.9776E-09 5.3397E-09 5.7137E-09 6.1020E-09 6.5044E-09 6.9193E-09 7.3429E-09 7.7762E-09 8.2170E-09 8.6630E-09 9.1101E-09 9.5596E-09 1.0008E-08 1.0453E-08 1.0894E-08 1.1328E-08 1.1754E-08 1.2170E-08 1.2577E-08 1.2975E-08 1.3370E-08 1.3763E-08 1.4155E-08 1.4531E-08 1.4886E-08 1.5217E-08 1.5521E-08 1.5794E-08 1.6039E-08 1.6266E-08 1.6476E-08 1.6666E-08 1.6835E-08 1.6980E-08 1.7092E-08 1.7168E-08 1.7198E-08 1.7166E-08 1.7065E-08 1.6878E-08 1.6602E-08 1.6217E-08 1.5728E-08 1.5123E-08 1.4409E-08 1.3588E-08 1.2672E-08 1.1677E-08 1.0618E-08 9.5198E-09 8.4128E-09 7.2836E-09 6.2555E-09
3.5079E-09 3.7968E-09 4.0998E-09 4.4189E-09 4.7532E-09 5.1028E-09 5.4639E-09 5.8392E-09 6.2282E-09 6.6302E-09 7.0410E-09 7.4620E-09 7.8911E-09 8.3249E-09 8.7624E-09 9.2017E-09 9.6423E-09 1.0080E-08 1.0515E-08 1.0945E-08 1.1368E-08 1.1783E-08 1.2190E-08 1.2590E-08 1.2987E-08 1.3385E-08 1.3784E-08 1.4173E-08 1.4544E-08 1.4897E-08 1.5229E-08 1.5535E-08 1.5819E-08 1.6091E-08 1.6351E-08 1.6600E-08 1.6839E-08 1.7058E-08 1.7256E-08 1.7424E-08 1.7546E-08 1.7616E-08 1.7613E-08 1.7529E-08 1.7340E-08 1.7047E-08 1.6630E-08 1.6090E-08 1.5421E-08 1.4627E-08 1.3722E-08 1.2713E-08 1.1624E-08 1.0479E-08 9.3100E-09 8.1088E-09 6.9881E-09
3.3271E-09 3.6024E-09 3.8926E-09 4.1983E-09 4.5191E-09 4.8547E-09 5.2012E-09 5.5619E-09 5.9366E-09 6.3234E-09 6.7196E-09 7.1268E-09 7.5408E-09 7.9620E-09 8.3866E-09 8.8141E-09 9.2434E-09 9.6720E-09 1.0098E-08 1.0520E-08 1.0938E-08 1.1348E-08 1.1753E-08 1.2150E-08 1.2547E-08 1.2945E-08 1.3348E-08 1.3746E-08 1.4129E-08 1.4498E-08 1.4854E-08 1.5189E-08 1.5507E-08 1.5820E-08 1.6128E-08 1.6437E-08 1.6738E-08 1.7034E-08 1.7315E-08 1.7572E-08 1.7795E-08 1.7965E-08 1.8069E-08 1.8085E-08 1.8007E-08 1.7807E-08 1.7481E-08 1.7016E-08 1.6407E-08 1.5660E-08 1.4775E-08 1.3768E-08 1.2658E-08 1.1478E-08 1.0253E-08 8.9849E-09 7.7875E-09
3.1420E-09 3.4018E-09 3.6803E-09 3.9695E-09 4.2760E-09 4.5970E-09 4.9285E-09 5.2735E-09 5.6321E-09 6.0028E-09 6.3828E-09 6.7736E-09 7.1721E-09 7.5778E-09 7.9875E-09 8.4009E-09 8.8173E-09 9.2328E-09 9.6484E-09 1.0060E-08 1.0470E-08 1.0872E-08 1.1270E-08 1.1663E-08 1.2055E-08 1.2450E-08 1.2853E-08 1.3254E-08 1.3645E-08 1.4026E-08 1.4399E-08 1.4759E-08 1.5108E-08 1.5456E-08 1.5811E-08 1.6169E-08 1.6534E-08 1.6902E-08 1.7262E-08 1.7610E-08 1.7928E-08 1.8203E-08 1.8413E-08 1.8547E-08 1.8574E-08 1.8487E-08 1.8261E-08 1.7885E-08 1.7356E-08 1.6663E-08 1.5816E-08 1.4822E-08 1.3709E-08 1.2501E-08 1.1232E-08 9.9053E-09 8.6336E-09
2.9542E-09 3.1997E-09 3.4629E-09 3.7376E-09 4.0280E-09 4.3330E-09 4.6486E-09 4.9764E-09 5.3183E-09 5.6711E-09 6.0336E-09 6.4069E-09 6.7879E-09 7.1759E-09 7.5694E-09 7.9662E-09 8.3672E-09 8.7694E-09 9.1705E-09 9.5699E-09 9.9674E-09 1.0360E-08 1.0749E-08 1.1132E-08 1.1516E-08 1.1904E-08 1.2303E-08 1.2703E-08 1.3096E-08 1.3485E-08 1.3871E-08 1.4251E-08 1.4624E-08 1.5005E-08 1.5396E-08 1.5803E-08 1.6225E-08 1.6657E-08 1.7096E-08 1.7527E-08 1.7941E-08 1.8318E-08 1.8644E-08 1.8887E-08 1.9039E-08 1.9065E-08 1.8952E-08 1.8683E-08 1.8239E-08 1.7623E-08 1.6826E-08 1.5868E-08 1.4765E-08 1.3546E-08 1.2245E-08 1.0870E-08 9.5328E-09
2.7652E-09 2.9967E-09 3.2414E-09 3.5030E-09 3.7750E-09 4.0652E-09 4.3638E-09 4.6740E-09 4.9975E-09 5.3319E-09 5.6758E-09 6.0302E-09 6.3927E-09 6.7618E-09 7.1373E-09 7.5165E-09 7.9001E-09 8.2853E-09 8.6711E-09 9.0546E-09 9.4375E-09 9.8173E-09 1.0192E-08 1.0566E-08 1.0939E-08 1.1317E-08 1.1706E-08 1.2101E-08 1.2492E-08 1.2883E-08 1.3276E-08 1.3669E-08 1.4063E-08 1.4468E-08 1.4892E-08 1.5341E-08 1.5810E-08 1.6304E-08 1.6809E-08 1.7323E-08 1.7827E-08 1.8309E-08 1.8739E-08 1.9108E-08 1.9377E-08 1.9530E-08 1.9541E-08 1.9384E-08 1.9051E-08 1.8519E-08 1.7796E-08 1.6884E-08 1.5807E-08 1.4591E-08 1.3274E-08 1.1884E-08 1.0470E-08
2.5768E-09 2.7937E-09 3.0230E-09 3.2665E-09 3.5237E-09 3.7945E-09 4.0765E-09 4.3690E-09 4.6734E-09 4.9888E-09 5.3132E-09 5.6477E-09 5.9906E-09 6.3394E-09 6.6954E-09 7.0551E-09 7.4196E-09 7.7862E-09 8.1542E-09 8.5209E-09 8.8861E-09 9.2508E-09 9.6105E-09 9.9710E-09 1.0329E-08 1.0693E-08 1.1069E-08 1.1454E-08 1.1840E-08 1.2227E-08 1.2623E-08 1.3023E-08 1.3431E-08 1.3854E-08 1.4304E-08 1.4784E-08 1.5297E-08 1.5841E-08 1.6410E-08 1.6997E-08 1.7587E-08 1.8162E-08 1.8707E-08 1.9188E-08 1.9586E-08 1.9870E-08 2.0010E-08 1.9984E-08 1.9760E-08 1.9338E-08 1.8698E-08 1.7858E-08 1.6827E-08 1.5635E-08 1.4318E-08 1.2915E-08 1.1448E-08
