Assets/Resources/2015_m01_d15_2100(utc+0800)_l00_csi_1hr_conc.grd
DSAA
         159         159
     -79.000      79.000
     -79.000      79.000
  0.2204E-10  0.1653E-04
[rows 125 to 149 of 159, columns 57 to 113 of 159]
2.0151E-09 2.0500E-09 2.0824E-09 2.1121E-09 2.1392E-09 2.1636E-09 2.1746E-09 2.1940E-09 2.2112E-09 2.2264E-09 2.2396E-09 2.2423E-09 2.2332E-09 2.2414E-09 2.2383E-09 2.2326E-09 2.2360E-09 2.2379E-09 2.2205E-09 2.2197E-09 2.2175E-09 2.1955E-09 2.1909E-09 2.1690E-09 2.1521E-09 2.1301E-09 2.1120E-09 2.0933E-09 2.0831E-09 2.0719E-09 2.0527E-09 2.0265E-09 2.0133E-09 1.9995E-09 1.9849E-09 1.9627E-09 1.9341E-09 1.9184E-09 1.8955E-09 1.8758E-09 1.8523E-09 1.8259E-09 1.8059E-09 1.7573E-09 1.7318E-09 1.7016E-09 1.6819E-09 1.6591E-09 1.6364E-09 1.5835E-09 1.5605E-09 1.5418E-09 1.5180E-09 1.4926E-09 1.4400E-09 1.4207E-09 1.3996E-09
1.9072E-09 1.9412E-09 1.9727E-09 2.0017E-09 2.0281E-09 2.0520E-09 2.0734E-09 2.0925E-09 2.0992E-09 2.1145E-09 2.1173E-09 2.1291E-09 2.1392E-09 2.1478E-09 2.1444E-09 2.1423E-09 2.1376E-09 2.1402E-09 2.1317E-09 2.1316E-09 2.1143E-09 2.1018E-09 2.0982E-09 2.0695E-09 2.0641E-09 2.0482E-09 2.0408E-09 2.0323E-09 2.0228E-09 1.9917E-09 1.9810E-09 1.9694E-09 1.9570E-09 1.9439E-09 1.9166E-09 1.8963E-09 1.8785E-09 1.8604E-09 1.8420E-09 1.8104E-09 1.7918E-09 1.7479E-09 1.7236E-09 1.6977E-09 1.6729E-09 1.6572E-09 1.6353E-09 1.5802E-09 1.5622E-09 1.5373E-09 1.5221E-09 1.4922E-09 1.4568E-09 1.4185E-09 1.3980E-09 1.3841E-09 1.3587E-09
1.8109E-09 1.8441E-09 1.8747E-09 1.9029E-09 1.9287E-09 1.9520E-09 1.9730E-09 1.9918E-09 2.0088E-09 2.0240E-09 2.0272E-09 2.0392E-09 2.0421E-09 2.0511E-09 2.0585E-09 2.0465E-09 2.0434E-09 2.0467E-09 2.0387E-09 2.0395E-09 2.0219E-09 2.0134E-09 2.0109E-09 1.9979E-09 1.9932E-09 1.9874E-09 1.9806E-09 1.9521E-09 1.9438E-09 1.9346E-09 1.9245E-09 1.9137E-09 1.8951E-09 1.8699E-09 1.8575E-09 1.8378E-09 1.8212E-09 1.8042E-09 1.7661E-09 1.7380E-09 1.7121E-09 1.6876E-09 1.6701E-09 1.6463E-09 1.6287E-09 1.5798E-09 1.5573E-09 1.5332E-09 1.5162E-09 1.4940E-09 1.4701E-09 1.4191E-09 1.4011E-09 1.3813E-09 1.3632E-09 1.3433E-09 1.3146E-09
1.7300E-09 1.7621E-09 1.7919E-09 1.8192E-09 1.8443E-09 1.8669E-09 1.8874E-09 1.9059E-09 1.9073E-09 1.9225E-09 1.9362E-09 1.9386E-09 1.9494E-09 1.9487E-09 1.9566E-09 1.9632E-09 1.9683E-09 1.9624E-09 1.9507E-09 1.9523E-09 1.9433E-09 1.9426E-09 1.9407E-09 1.9376E-09 1.9334E-09 1.9076E-09 1.9018E-09 1.8951E-09 1.8874E-09 1.8789E-09 1.8625E-09 1.8393E-09 1.8289E-09 1.8111E-09 1.7964E-09 1.7844E-09 1.7448E-09 1.7184E-09 1.6901E-09 1.6710E-09 1.6549E-09 1.6324E-09 1.6161E-09 1.5848E-09 1.5468E-09 1.5238E-09 1.5077E-09 1.4892E-09 1.4661E-09 1.4154E-09 1.3956E-09 1.3765E-09 1.3639E-09 1.3398E-09 1.3223E-09 1.2828E-09 1.2667E-09
1.6530E-09 1.6765E-09 1.7054E-09 1.7320E-09 1.7562E-09 1.7684E-09 1.7885E-09 1.8069E-09 1.8237E-09 1.8389E-09 1.8526E-09 1.8650E-09 1.8758E-09 1.8756E-09 1.8764E-09 1.8763E-09 1.8820E-09 1.8771E-09 1.8804E-09 1.8825E-09 1.8833E-09 1.8829E-09 1.8743E-09 1.8584E-09 1.8552E-09 1.8509E-09 1.8457E-09 1.8395E-09 1.8324E-09 1.8044E-09 1.7962E-09 1.7838E-09 1.7676E-09 1.7465E-09 1.7152E-09 1.6924E-09 1.6686E-09 1.6510E-09 1.6365E-09 1.6246E-09 1.6032E-09 1.5599E-09 1.5366E-09 1.5146E-09 1.4995E-09 1.4843E-09 1.4570E-09 1.4267E-09 1.3928E-09 1.3697E-09 1.3580E-09 1.3412E-09 1.3226E-09 1.2951E-09 1.2627E-09 1.2516E-09 1.2276E-09
1.5800E-09 1.6101E-09 1.6380E-09 1.6638E-09 1.6872E-09 1.7086E-09 1.7184E-09 1.7365E-09 1.7530E-09 1.7681E-09 1.7744E-09 1.7797E-09 1.7908E-09 1.7913E-09 1.7999E-09 1.8072E-09 1.8132E-09 1.8179E-09 1.8214E-09 1.8237E-09 1.8042E-09 1.8046E-09 1.8040E-09 1.8023E-09 1.7995E-09 1.7957E-09 1.7910E-09 1.7653E-09 1.7593E-09 1.7490E-09 1.7239E-09 1.7128E-09 1.6902E-09 1.6526E-09 1.6437E-09 1.6309E-09 1.6178E-09 1.6044E-09 1.5739E-09 1.5426E-09 1.5237E-09 1.4998E-09 1.4859E-09 1.4717E-09 1.4482E-09 1.4240E-09 1.3831E-09 1.3609E-09 1.3499E-09 1.3339E-09 1.3160E-09 1.2999E-09 1.2616E-09 1.2465E-09 1.2359E-09 1.2126E-09 1.1959E-09
1.5170E-09 1.5462E-09 1.5731E-09 1.5979E-09 1.6205E-09 1.6268E-09 1.6461E-09 1.6638E-09 1.6708E-09 1.6860E-09 1.6998E-09 1.7122E-09 1.7234E-09 1.7333E-09 1.7419E-09 1.7493E-09 1.7554E-09 1.7396E-09 1.7437E-09 1.7467E-09 1.7485E-09 1.7493E-09 1.7490E-09 1.7476E-09 1.7383E-09 1.7220E-09 1.7072E-09 1.6959E-09 1.6763E-09 1.6602E-09 1.6480E-09 1.6224E-09 1.6152E-09 1.6074E-09 1.5927E-09 1.5703E-09 1.5511E-09 1.5223E-09 1.4979E-09 1.4853E-09 1.4695E-09 1.4594E-09 1.4342E-09 1.4111E-09 1.3712E-09 1.3498E-09 1.3398E-09 1.3295E-09 1.3075E-09 1.2972E-09 1.2710E-09 1.2399E-09 1.2299E-09 1.2070E-09 1.1908E-09 1.1721E-09 1.1425E-09
1.4424E-09 1.4705E-09 1.4966E-09 1.5204E-09 1.5425E-09 1.5628E-09 1.5817E-09 1.5991E-09 1.6152E-09 1.6301E-09 1.6437E-09 1.6561E-09 1.6672E-09 1.6629E-09 1.6651E-09 1.6728E-09 1.6794E-09 1.6848E-09 1.6891E-09 1.6923E-09 1.6944E-09 1.6843E-09 1.6642E-09 1.6638E-09 1.6512E-09 1.6318E-09 1.6231E-09 1.6166E-09 1.6065E-09 1.5887E-09 1.5833E-09 1.5773E-09 1.5537E-09 1.5437E-09 1.5157E-09 1.4894E-09 1.4762E-09 1.4649E-09 1.4534E-09 1.4365E-09 1.4076E-09 1.3736E-09 1.3569E-09 1.3366E-09 1.3275E-09 1.3182E-09 1.2971E-09 1.2875E-09 1.2621E-09 1.2315E-09 1.2222E-09 1.2127E-09 1.1841E-09 1.1702E-09 1.1409E-09 1.1199E-09 1.1113E-09
1.3831E-09 1.4101E-09 1.4350E-09 1.4580E-09 1.4791E-09 1.4989E-09 1.5172E-09 1.5343E-09 1.5359E-09 1.5440E-09 1.5577E-09 1.5702E-09 1.5814E-09 1.5916E-09 1.6005E-09 1.6084E-09 1.6151E-09 1.6207E-09 1.6252E-09 1.5899E-09 1.5928E-09 1.5948E-09 1.5862E-09 1.5801E-09 1.5737E-09 1.5694E-09 1.5606E-09 1.5514E-09 1.5480E-09 1.5333E-09 1.5120E-09 1.4933E-09 1.4753E-09 1.4577E-09 1.4515E-09 1.4448E-09 1.4315E-09 1.4090E-09 1.3885E-09 1.3559E-09 1.3337E-09 1.3212E-09 1.3131E-09 1.3047E-09 1.2845E-09 1.2758E-09 1.2556E-09 1.2425E-09 1.2127E-09 1.2040E-09 1.1760E-09 1.1673E-09 1.1498E-09 1.1211E-09 1.1049E-09 1.0889E-09 1.0808E-09
1.2978E-09 1.3238E-09 1.3476E-09 1.3698E-09 1.3904E-09 1.4097E-09 1.4277E-09 1.4446E-09 1.4603E-09 1.4749E-09 1.4884E-09 1.5007E-09 1.5119E-09 1.5221E-09 1.5311E-09 1.5319E-09 1.5228E-09 1.5290E-09 1.5341E-09 1.5283E-09 1.5257E-09 1.5222E-09 1.5239E-09 1.5246E-09 1.5009E-09 1.5003E-09 1.4917E-09 1.4726E-09 1.4600E-09 1.4512E-09 1.4391E-09 1.4286E-09 1.4240E-09 1.4187E-09 1.3947E-09 1.3759E-09 1.3499E-09 1.3332E-09 1.3149E-09 1.3035E-09 1.2965E-09 1.2891E-09 1.2699E-09 1.2622E-09 1.2428E-09 1.2306E-09 1.2015E-09 1.1936E-09 1.1808E-09 1.1582E-09 1.1454E-09 1.1130E-09 1.0973E-09 1.0896E-09 1.0741E-09 1.0664E-09 1.0508E-09
1.2416E-09 1.2663E-09 1.2892E-09 1.3212E-09 1.3412E-09 1.3599E-09 1.3775E-09 1.3940E-09 1.4095E-09 1.4238E-09 1.4371E-09 1.4354E-09 1.4401E-09 1.4475E-09 1.4568E-09 1.4554E-09 1.4534E-09 1.4493E-09 1.4549E-09 1.4596E-09 1.4633E-09 1.4523E-09 1.4375E-09 1.4320E-09 1.4296E-09 1.4207E-09 1.4171E-09 1.4074E-09 1.4055E-09 1.3967E-09 1.3936E-09 1.3676E-09 1.3575E-09 1.3333E-09 1.3141E-09 1.2988E-09 1.2936E-09 1.2834E-09 1.2775E-09 1.2664E-09 1.2532E-09 1.2350E-09 1.2281E-09 1.2167E-09 1.1885E-09 1.1813E-09 1.1629E-09 1.1475E-09 1.1354E-09 1.1238E-09 1.0883E-09 1.0812E-09 1.0661E-09 1.0589E-09 1.0438E-09 1.0213E-09 1.0068E-09
1.1675E-09 1.1909E-09 1.2128E-09 1.2363E-09 1.2458E-09 1.2610E-09 1.2783E-09 1.2914E-09 1.3035E-09 1.3144E-09 1.3278E-09 1.3367E-09 1.3482E-09 1.3586E-09 1.3574E-09 1.3660E-09 1.3737E-09 1.3804E-09 1.3732E-09 1.3783E-09 1.3799E-09 1.3802E-09 1.3736E-09 1.3700E-09 1.3685E-09 1.3691E-09 1.3626E-09 1.3447E-09 1.3383E-09 1.3265E-09 1.3029E-09 1.2908E-09 1.2826E-09 1.2739E-09 1.2653E-09 1.2611E-09 1.2564E-09 1.2397E-09 1.2278E-09 1.2173E-09 1.2114E-09 1.1965E-09 1.1736E-09 1.1673E-09 1.1497E-09 1.1351E-09 1.1237E-09 1.1129E-09 1.0859E-09 1.0714E-09 1.0647E-09 1.0502E-09 1.0395E-09 1.0135E-09 9.9931E-10 9.9284E-10 9.7507E-10
1.0873E-09 1.1200E-09 1.1376E-09 1.1575E-09 1.1763E-09 1.1942E-09 1.2111E-09 1.2271E-09 1.2421E-09 1.2563E-09 1.2694E-09 1.2817E-09 1.2930E-09 1.3034E-09 1.2997E-09 1.3084E-09 1.3163E-09 1.3205E-09 1.3174E-09 1.3139E-09 1.3186E-09 1.3124E-09 1.3085E-09 1.3109E-09 1.2944E-09 1.2854E-09 1.2741E-09 1.2651E-09 1.2592E-09 1.2528E-09 1.2487E-09 1.2419E-09 1.2394E-09 1.2364E-09 1.2214E-09 1.2110E-09 1.2020E-09 1.1975E-09 1.1927E-09 1.1787E-09 1.1568E-09 1.1515E-09 1.1348E-09 1.1210E-09 1.1104E-09 1.1003E-09 1.0740E-09 1.0601E-09 1.0541E-09 1.0402E-09 1.0301E-09 1.0199E-09 9.9836E-10 9.8472E-10 9.7484E-10 9.6134E-10 9.5154E-10
1.0132E-09 1.0476E-09 1.0678E-09 1.0870E-09 1.1118E-09 1.1291E-09 1.1456E-09 1.1681E-09 1.1696E-09 1.1836E-09 1.1966E-09 1.2060E-09 1.2051E-09 1.2157E-09 1.2221E-09 1.2242E-09 1.2323E-09 1.2396E-09 1.2410E-09 1.2299E-09 1.2350E-09 1.2278E-09 1.2315E-09 1.2320E-09 1.2252E-09 1.2241E-09 1.2172E-09 1.2178E-09 1.2130E-09 1.2124E-09 1.2044E-09 1.1979E-09 1.1893E-09 1.1819E-09 1.1790E-09 1.1756E-09 1.1676E-09 1.1590E-09 1.1382E-09 1.1227E-09 1.1181E-09 1.1004E-09 1.0954E-09 1.0861E-09 1.0605E-09 1.0474E-09 1.0421E-09 1.0288E-09 1.0193E-09 1.0097E-09 9.8862E-10 9.7542E-10 9.6606E-10 9.5296E-10 9.4358E-10 9.3421E-10 9.2111E-10
9.4366E-10 9.6406E-10 9.8615E-10 1.0046E-09 1.0223E-09 1.0392E-09 1.0553E-09 1.0706E-09 1.0819E-09 1.0956E-09 1.1085E-09 1.1207E-09 1.1320E-09 1.1425E-09 1.1523E-09 1.1613E-09 1.1669E-09 1.1680E-09 1.1748E-09 1.1808E-09 1.1775E-09 1.1762E-09 1.1749E-09 1.1783E-09 1.1763E-09 1.1716E-09 1.1730E-09 1.1624E-09 1.1628E-09 1.1576E-09 1.1569E-09 1.1556E-09 1.1539E-09 1.1474E-09 1.1403E-09 1.1208E-09 1.1066E-09 1.1033E-09 1.0867E-09 1.0829E-09 1.0788E-09 1.0660E-09 1.0376E-09 1.0332E-09 1.0286E-09 1.0160E-09 1.0071E-09 9.9815E-10 9.7762E-10 9.6498E-10 9.5614E-10 9.4348E-10 9.3460E-10 9.2565E-10 9.2040E-10 9.0773E-10 8.9875E-10
8.9577E-10 9.1523E-10 9.3400E-10 9.5847E-10 9.7566E-10 9.9894E-10 1.0147E-09 1.0323E-09 1.0466E-09 1.0573E-09 1.0701E-09 1.0820E-09 1.0868E-09 1.0973E-09 1.1070E-09 1.1130E-09 1.1100E-09 1.1078E-09 1.1148E-09 1.1163E-09 1.1220E-09 1.1154E-09 1.1198E-09 1.1235E-09 1.1215E-09 1.1239E-09 1.1256E-09 1.1267E-09 1.1273E-09 1.1273E-09 1.1267E-09 1.1170E-09 1.0989E-09 1.0862E-09 1.0843E-09 1.0773E-09 1.0665E-09 1.0637E-09 1.0563E-09 1.0486E-09 1.0210E-09 1.0175E-09 1.0136E-09 1.0017E-09 9.9362E-10 9.8529E-10 9.6537E-10 9.5333E-10 9.4505E-10 9.3292E-10 9.2827E-10 9.1608E-10 9.1129E-10 8.9903E-10 8.9048E-10 8.8190E-10 8.7327E-10
8.3637E-10 8.5525E-10 8.7328E-10 8.9063E-10 9.0728E-10 9.2837E-10 9.4371E-10 9.5838E-10 9.6928E-10 9.8254E-10 9.9511E-10 1.0070E-09 1.0150E-09 1.0255E-09 1.0353E-09 1.0444E-09 1.0479E-09 1.0556E-09 1.0627E-09 1.0691E-09 1.0749E-09 1.0800E-09 1.0844E-09 1.0882E-09 1.0913E-09 1.0938E-09 1.0956E-09 1.0881E-09 1.0824E-09 1.0613E-09 1.0614E-09 1.0610E-09 1.0555E-09 1.0461E-09 1.0446E-09 1.0427E-09 1.0320E-09 1.0135E-09 1.0030E-09 1.0002E-09 9.9714E-10 9.8602E-10 9.7867E-10 9.7105E-10 9.5183E-10 9.3661E-10 9.3278E-10 9.2120E-10 9.1336E-10 9.0545E-10 9.0113E-10 8.8935E-10 8.8123E-10 8.7312E-10 8.6850E-10 8.6022E-10 8.4955E-10
7.9912E-10 8.1721E-10 8.3461E-10 8.5804E-10 8.7428E-10 8.8995E-10 9.0492E-10 9.1928E-10 9.3292E-10 9.4594E-10 9.5827E-10 9.6995E-10 9.8095E-10 9.9129E-10 1.0010E-09 1.0100E-09 1.0184E-09 1.0261E-09 1.0331E-09 1.0395E-09 1.0453E-09 1.0504E-09 1.0439E-09 1.0435E-09 1.0468E-09 1.0448E-09 1.0303E-09 1.0273E-09 1.0285E-09 1.0293E-09 1.0215E-09 1.0214E-09 1.0209E-09 1.0116E-09 1.0104E-09 9.8497E-10 9.8338E-10 9.8144E-10 9.7132E-10 9.6499E-10 9.6231E-10 9.5544E-10 9.2928E-10 9.2248E-10 9.1928E-10 9.0832E-10 9.0107E-10 8.9372E-10 8.8995E-10 8.7864E-10 8.6738E-10 8.6337E-10 8.5920E-10 8.4775E-10 8.4109E-10 8.3670E-10 8.2866E-10
7.6608E-10 7.8345E-10 8.0521E-10 8.2630E-10 8.4215E-10 8.5735E-10 8.7196E-10 8.8593E-10 8.9928E-10 9.1200E-10 9.2409E-10 9.3554E-10 9.4637E-10 9.5656E-10 9.6158E-10 9.7053E-10 9.7885E-10 9.8183E-10 9.8463E-10 9.9112E-10 9.9702E-10 9.9752E-10 9.8554E-10 9.8974E-10 9.9333E-10 9.9633E-10 9.9876E-10 9.9250E-10 9.9399E-10 9.9063E-10 9.8713E-10 9.8731E-10 9.6323E-10 9.6291E-10 9.6220E-10 9.6113E-10 9.4803E-10 9.4644E-10 9.4059E-10 9.3843E-10 9.0934E-10 9.0706E-10 9.0452E-10 8.9424E-10 8.8390E-10 8.8089E-10 8.7766E-10 8.6692E-10 8.5620E-10 8.5265E-10 8.4896E-10 8.3557E-10 8.3175E-10 8.2776E-10 8.2013E-10 8.1249E-10 8.0825E-10
7.3478E-10 7.5169E-10 7.6813E-10 7.8835E-10 8.0375E-10 8.1852E-10 8.2845E-10 8.4205E-10 8.5513E-10 8.6758E-10 8.7945E-10 8.9072E-10 9.0140E-10 9.1150E-10 9.2098E-10 9.2988E-10 9.2142E-10 9.2923E-10 9.3644E-10 9.4307E-10 9.4912E-10 9.5456E-10 9.5115E-10 9.5544E-10 9.5912E-10 9.5792E-10 9.5641E-10 9.5855E-10 9.3614E-10 9.3763E-10 9.3866E-10 9.3928E-10 9.3948E-10 9.2762E-10 9.2722E-10 9.2249E-10 9.2143E-10 8.9324E-10 8.9195E-10 8.9037E-10 8.8851E-10 8.7146E-10 8.6931E-10 8.6691E-10 8.6428E-10 8.4683E-10 8.4399E-10 8.4097E-10 8.3413E-10 8.2489E-10 8.2150E-10 8.1795E-10 8.0723E-10 8.0352E-10 7.9967E-10 7.9570E-10 7.8592E-10
6.9651E-10 7.1298E-10 7.2892E-10 7.4443E-10 7.5938E-10 7.7384E-10 7.8773E-10 8.0108E-10 8.1389E-10 8.2614E-10 8.3783E-10 8.4897E-10 8.5955E-10 8.6957E-10 8.7901E-10 8.8788E-10 8.8795E-10 8.9574E-10 9.0294E-10 9.0526E-10 9.1137E-10 9.1273E-10 9.1766E-10 9.1398E-10 9.0172E-10 9.0518E-10 9.0810E-10 9.1057E-10 9.1256E-10 9.0237E-10 9.0362E-10 9.0448E-10 9.0098E-10 9.0111E-10 8.7403E-10 8.7381E-10 8.7326E-10 8.7240E-10 8.5626E-10 8.5503E-10 8.5353E-10 8.5177E-10 8.3875E-10 8.3303E-10 8.3076E-10 8.2827E-10 8.1602E-10 8.1327E-10 8.1035E-10 8.0726E-10 7.9700E-10 7.9372E-10 7.9027E-10 7.8324E-10 7.7732E-10 7.7357E-10 7.6971E-10
6.6399E-10 6.7995E-10 6.9545E-10 7.1053E-10 7.2508E-10 7.3918E-10 7.5271E-10 7.6579E-10 7.7831E-10 7.9033E-10 8.0182E-10 8.1278E-10 8.2323E-10 8.3312E-10 8.3835E-10 8.4718E-10 8.5547E-10 8.5519E-10 8.6243E-10 8.5302E-10 8.5928E-10 8.6494E-10 8.7005E-10 8.7457E-10 8.7466E-10 8.7027E-10 8.7335E-10 8.7596E-10 8.7814E-10 8.7213E-10 8.7355E-10 8.5158E-10 8.5251E-10 8.5308E-10 8.4955E-10 8.3820E-10 8.3795E-10 8.3741E-10 8.3658E-10 8.2443E-10 8.1957E-10 8.1813E-10 8.1646E-10 8.1216E-10 8.0292E-10 8.0070E-10 7.9828E-10 7.9214E-10 7.8592E-10 7.8306E-10 7.8005E-10 7.7115E-10 7.6793E-10 7.6457E-10 7.6108E-10 7.5412E-10 7.5043E-10
6.2921E-10 6.4860E-10 6.6369E-10 6.7831E-10 6.9250E-10 7.0620E-10 7.1944E-10 7.3219E-10 7.4447E-10 7.5624E-10 7.6753E-10 7.6220E-10 7.7255E-10 7.8240E-10 7.9174E-10 8.0056E-10 8.0496E-10 8.1275E-10 8.2006E-10 8.2683E-10 8.2514E-10 8.3083E-10 8.3596E-10 8.4055E-10 8.3683E-10 8.4044E-10 8.3591E-10 8.2326E-10 8.2581E-10 8.2418E-10 8.2596E-10 8.2358E-10 8.1714E-10 8.1796E-10 8.1477E-10 8.1497E-10 8.0377E-10 8.0351E-10 8.0296E-10 7.9977E-10 7.9512E-10 7.9028E-10 7.8883E-10 7.8715E-10 7.8173E-10 7.7616E-10 7.7395E-10 7.7155E-10 7.6669E-10 7.6056E-10 7.5775E-10 7.5479E-10 7.4830E-10 7.4512E-10 7.4180E-10 7.3620E-10 7.3047E-10
5.8043E-10 6.0333E-10 6.2174E-10 6.3592E-10 6.4974E-10 6.6306E-10 6.7600E-10 6.8847E-10 7.0049E-10 7.1206E-10 7.1524E-10 7.2593E-10 7.3612E-10 7.4585E-10 7.5508E-10 7.6384E-10 7.7209E-10 7.7986E-10 7.8317E-10 7.8993E-10 7.9612E-10 7.9410E-10 7.9927E-10 7.8482E-10 7.8911E-10 7.9296E-10 7.9636E-10 7.9561E-10 7.9068E-10 7.8933E-10 7.9130E-10 7.9289E-10 7.9047E-10 7.8403E-10 7.8475E-10 7.8277E-10 7.8290E-10 7.7917E-10 7.7518E-10 7.7458E-10 7.7371E-10 7.6910E-10 7.6427E-10 7.6278E-10 7.6107E-10 7.5687E-10 7.5136E-10 7.4915E-10 7.4677E-10 7.4422E-10 7.3817E-10 7.3537E-10 7.3243E-10 7.2500E-10 7.2186E-10 7.1859E-10 7.1521E-10
5.4731E-10 5.6169E-10 5.7572E-10 5.9184E-10 6.0520E-10 6.1818E-10 6.3076E-10 6.4294E-10 6.5838E-10 6.6973E-10 6.8066E-10 6.9115E-10 7.0118E-10 7.1078E-10 7.1990E-10 7.2858E-10 7.2129E-10 7.2912E-10 7.3646E-10 7.4325E-10 7.4206E-10 7.4785E-10 7.5312E-10 7.5032E-10 7.5467E-10 7.5862E-10 7.6213E-10 7.6159E-10 7.6434E-10 7.5696E-10 7.5906E-10 7.6083E-10 7.5865E-10 7.5979E-10 7.5701E-10 7.5756E-10 7.5785E-10 7.5433E-10 7.5410E-10 7.5010E-10 7.4939E-10 7.4846E-10 7.4499E-10 7.4018E-10 7.3864E-10 7.3690E-10 7.3497E-10 7.2950E-10 7.2726E-10 7.2487E-10 7.2017E-10 7.1531E-10 7.1254E-10 7.0963E-10 7.0659E-10 7.0343E-10 7.0015E-10
