Assets/Resources/2015_m01_d31_2000(utc+0800)_l00_csi_1hr_conc.grd
DSAA
         159         159
     -79.000      79.000
     -79.000      79.000
  0.0000E+00  0.3359E-04
[rows 50 to 74 of 159, columns 57 to 113 of 159]
8.6224E-09 8.5607E-09 8.4750E-09 8.3752E-09 8.2615E-09 8.1245E-09 7.9777E-09 7.8045E-09 7.6139E-09 7.4075E-09 7.1733E-09 6.9108E-09 6.6346E-09 6.3381E-09 6.0237E-09 5.6928E-09 5.3425E-09 4.9932E-09 4.6350E-09 4.2716E-09 3.9031E-09 3.5424E-09 3.1855E-09 2.8265E-09 2.4810E-09 2.1583E-09 1.8486E-09 1.5877E-09 1.6686E-09 1.9873E-09 2.4266E-09 1.7443E-09 1.1844E-09 7.7863E-10 4.8227E-10 2.6607E-10 1.5119E-10 1.0511E-10 7.6993E-11 5.5910E-11 3.6469E-11 2.4479E-11 1.6548E-11 8.7270E-12 1.6646E-12 0.0000E+00 0.0000E+00 0.0000E+00 0.0000E+00 0.0000E+00 0.0000E+00 0.0000E+00 0.0000E+00 0.0000E+00 0.0000E+00 0.0000E+00 0.0000E+00
8.9013E-09 8.8652E-09 8.8186E-09 8.7498E-09 8.6612E-09 8.5584E-09 8.4337E-09 8.2966E-09 8.1328E-09 7.9350E-09 7.7132E-09 7.4902E-09 7.2187E-09 6.9193E-09 6.6023E-09 6.2628E-09 5.9186E-09 5.5672E-09 5.2009E-09 4.8163E-09 4.4296E-09 4.0378E-09 3.6433E-09 3.2520E-09 2.8649E-09 2.4970E-09 2.1410E-09 1.8523E-09 3.1743E-09 3.8987E-09 2.8888E-09 2.0664E-09 1.4193E-09 9.0686E-10 5.8845E-10 3.6280E-10 1.8287E-10 1.2866E-10 9.0459E-11 6.8150E-11 4.7147E-11 2.8613E-11 2.0053E-11 1.2207E-11 3.5996E-12 7.6941E-15 0.0000E+00 0.0000E+00 0.0000E+00 0.0000E+00 0.0000E+00 0.0000E+00 0.0000E+00 0.0000E+00 0.0000E+00 0.0000E+00 0.0000E+00
9.1653E-09 9.1703E-09 9.1551E-09 9.1200E-09 9.0682E-09 8.9968E-09 8.9133E-09 8.8000E-09 8.6578E-09 8.4996E-09 8.3192E-09 8.0904E-09 7.8358E-09 7.5602E-09 7.2448E-09 6.9255E-09 6.5723E-09 6.2021E-09 5.8132E-09 5.4116E-09 4.9972E-09 4.5736E-09 4.1430E-09 3.7124E-09 3.2930E-09 2.8786E-09 2.5490E-09 3.0497E-09 3.8191E-09 4.5926E-09 3.4146E-09 2.4538E-09 1.6961E-09 1.0847E-09 7.3429E-10 4.4722E-10 2.1586E-10 1.5795E-10 1.0705E-10 7.8712E-11 5.8015E-11 3.6399E-11 2.3063E-11 1.6161E-11 6.7412E-12 3.5075E-13 0.0000E+00 0.0000E+00 0.0000E+00 0.0000E+00 0.0000E+00 0.0000E+00 0.0000E+00 0.0000E+00 0.0000E+00 0.0000E+00 0.0000E+00
9.4225E-09 9.4619E-09 9.4825E-09 9.4871E-09 9.4754E-09 9.4488E-09 9.3915E-09 9.3209E-09 9.2235E-09 9.0951E-09 8.9266E-09 8.7376E-09 8.5026E-09 8.2458E-09 7.9527E-09 7.6341E-09 7.2856E-09 6.9155E-09 6.5271E-09 6.1253E-09 5.6941E-09 5.2389E-09 4.7629E-09 4.2911E-09 3.8153E-09 3.3443E-09 4.4000E-09 5.6818E-09 7.0182E-09 5.4068E-09 4.0255E-09 2.8683E-09 2.0116E-09 1.3304E-09 8.6199E-10 5.4235E-10 2.5401E-10 1.8895E-10 1.2983E-10 9.1525E-11 6.7854E-11 4.6009E-11 2.7109E-11 1.9041E-11 1.0266E-11 1.5755E-12 0.0000E+00 0.0000E+00 0.0000E+00 0.0000E+00 0.0000E+00 0.0000E+00 0.0000E+00 0.0000E+00 0.0000E+00 0.0000E+00 0.0000E+00
9.6585E-09 9.7351E-09 9.7983E-09 9.8496E-09 9.8816E-09 9.8904E-09 9.8862E-09 9.8597E-09 9.7939E-09 9.6983E-09 9.5785E-09 9.4115E-09 9.2122E-09 8.9735E-09 8.7205E-09 8.4320E-09 8.0955E-09 7.7415E-09 7.3424E-09 6.9134E-09 6.4561E-09 5.9690E-09 5.4608E-09 4.9412E-09 4.4090E-09 4.0052E-09 5.2136E-09 1.0189E-08 8.1758E-09 6.3470E-09 4.7259E-09 3.3454E-09 2.3810E-09 1.5971E-09 1.0047E-09 6.5429E-10 2.9441E-10 2.2394E-10 1.5688E-10 1.0757E-10 7.7934E-11 5.4975E-11 3.3716E-11 2.1294E-11 1.3758E-11 3.5585E-12 0.0000E+00 0.0000E+00 0.0000E+00 0.0000E+00 0.0000E+00 0.0000E+00 0.0000E+00 0.0000E+00 0.0000E+00 0.0000E+00 0.0000E+00
9.8730E-09 9.9939E-09 1.0103E-08 1.0199E-08 1.0274E-08 1.0337E-08 1.0381E-08 1.0393E-08 1.0382E-08 1.0335E-08 1.0256E-08 1.0131E-08 9.9725E-09 9.7918E-09 9.5588E-09 9.3001E-09 8.9839E-09 8.6298E-09 8.2348E-09 7.8082E-09 7.3461E-09 6.8496E-09 6.3119E-09 5.7399E-09 5.1493E-09 7.3621E-09 9.7033E-09 1.1859E-08 9.5150E-09 7.4041E-09 5.5407E-09 3.9448E-09 2.7947E-09 1.8893E-09 1.1712E-09 7.9416E-10 3.6544E-10 2.6053E-10 1.8731E-10 1.2636E-10 9.0356E-11 6.3284E-11 4.1122E-11 2.5213E-11 1.6542E-11 6.0805E-12 0.0000E+00 0.0000E+00 0.0000E+00 0.0000E+00 0.0000E+00 0.0000E+00 0.0000E+00 0.0000E+00 0.0000E+00 0.0000E+00 0.0000E+00
1.0065E-08 1.0231E-08 1.0390E-08 1.0530E-08 1.0660E-08 1.0773E-08 1.0864E-08 1.0937E-08 1.0972E-08 1.0983E-08 1.0956E-08 1.0881E-08 1.0788E-08 1.0657E-08 1.0469E-08 1.0243E-08 9.9725E-09 9.6641E-09 9.2999E-09 8.8781E-09 8.3934E-09 7.8617E-09 7.2806E-09 6.6550E-09 6.2659E-09 8.8826E-09 1.6620E-08 1.3757E-08 1.1046E-08 8.6067E-09 6.4776E-09 4.6429E-09 3.2478E-09 2.2284E-09 1.3557E-09 9.4401E-10 5.3279E-10 3.0802E-10 2.2324E-10 1.4972E-10 1.0443E-10 7.4181E-11 4.7586E-11 2.9444E-11 1.8610E-11 9.3081E-12 6.2585E-13 0.0000E+00 0.0000E+00 0.0000E+00 0.0000E+00 0.0000E+00 0.0000E+00 0.0000E+00 0.0000E+00 0.0000E+00 0.0000E+00
1.0228E-08 1.0445E-08 1.0647E-08 1.0843E-08 1.1022E-08 1.1191E-08 1.1344E-08 1.1468E-08 1.1578E-08 1.1645E-08 1.1678E-08 1.1677E-08 1.1649E-08 1.1583E-08 1.1456E-08 1.1302E-08 1.1076E-08 1.0815E-08 1.0480E-08 1.0066E-08 9.5793E-09 9.0403E-09 8.4314E-09 8.0875E-09 1.1904E-08 1.5900E-08 1.9208E-08 1.5917E-08 1.2797E-08 9.9787E-09 7.5314E-09 5.4227E-09 3.7558E-09 2.6127E-09 1.6092E-09 1.1137E-09 7.4502E-10 3.9106E-10 2.6572E-10 1.7926E-10 1.1958E-10 8.4390E-11 5.5692E-11 3.4229E-11 2.2018E-11 1.1927E-11 1.8805E-12 0.0000E+00 0.0000E+00 0.0000E+00 0.0000E+00 0.0000E+00 0.0000E+00 0.0000E+00 0.0000E+00 0.0000E+00 0.0000E+00
1.0362E-08 1.0619E-08 1.0874E-08 1.1118E-08 1.1361E-08 1.1588E-08 1.1799E-08 1.2000E-08 1.2168E-08 1.2307E-08 1.2413E-08 1.2501E-08 1.2557E-08 1.2575E-08 1.2530E-08 1.2451E-08 1.2312E-08 1.2117E-08 1.1827E-08 1.1467E-08 1.1003E-08 1.0444E-08 9.7935E-09 9.6311E-09 2.1331E-08 2.5953E-08 2.2164E-08 1.8390E-08 1.4809E-08 1.1546E-08 8.7066E-09 6.3035E-09 4.3564E-09 3.0270E-09 2.0250E-09 1.3437E-09 9.6094E-10 5.7116E-10 3.1711E-10 2.1629E-10 1.4048E-10 9.5422E-11 6.4850E-11 3.8344E-11 2.5203E-11 1.3945E-11 3.5376E-12 0.0000E+00 0.0000E+00 0.0000E+00 0.0000E+00 0.0000E+00 0.0000E+00 0.0000E+00 0.0000E+00 0.0000E+00 0.0000E+00
1.0458E-08 1.0764E-08 1.1059E-08 1.1363E-08 1.1658E-08 1.1953E-08 1.2234E-08 1.2504E-08 1.2747E-08 1.2961E-08 1.3183E-08 1.3353E-08 1.3510E-08 1.3609E-08 1.3688E-08 1.3727E-08 1.3684E-08 1.3580E-08 1.3364E-08 1.3046E-08 1.2611E-08 1.2054E-08 1.1938E-08 1.8566E-08 2.5063E-08 2.9800E-08 2.5484E-08 2.1183E-08 1.7076E-08 1.3316E-08 1.0069E-08 7.3187E-09 5.0852E-09 3.5827E-09 2.4799E-09 1.6438E-09 1.1578E-09 7.6324E-10 3.9037E-10 2.6279E-10 1.6769E-10 1.0914E-10 7.2881E-11 4.3841E-11 2.8115E-11 1.6416E-11 5.5908E-12 0.0000E+00 0.0000E+00 0.0000E+00 0.0000E+00 0.0000E+00 0.0000E+00 0.0000E+00 0.0000E+00 0.0000E+00 0.0000E+00
1.0513E-08 1.0860E-08 1.1206E-08 1.1566E-08 1.1923E-08 1.2275E-08 1.2635E-08 1.2972E-08 1.3293E-08 1.3627E-08 1.3928E-08 1.4224E-08 1.4475E-08 1.4732E-08 1.4940E-08 1.5111E-08 1.5201E-08 1.5197E-08 1.5086E-08 1.4870E-08 1.4516E-08 1.3998E-08 2.3638E-08 3.2058E-08 3.8694E-08 3.4073E-08 2.9196E-08 2.4308E-08 1.9611E-08 1.5317E-08 1.1605E-08 8.5662E-09 6.0418E-09 4.2174E-09 3.0289E-09 2.0675E-09 1.3814E-09 9.6973E-10 5.4788E-10 3.1973E-10 2.0586E-10 1.2890E-10 8.1281E-11 5.0775E-11 3.0170E-11 1.8687E-11 7.3391E-12 0.0000E+00 0.0000E+00 0.0000E+00 0.0000E+00 0.0000E+00 0.0000E+00 0.0000E+00 0.0000E+00 0.0000E+00 0.0000E+00
1.0522E-08 1.0909E-08 1.1309E-08 1.1719E-08 1.2132E-08 1.2561E-08 1.2978E-08 1.3402E-08 1.3825E-08 1.4253E-08 1.4679E-08 1.5077E-08 1.5501E-08 1.5890E-08 1.6274E-08 1.6596E-08 1.6842E-08 1.7016E-08 1.7049E-08 1.6957E-08 1.6674E-08 1.7098E-08 2.7631E-08 4.8576E-08 4.3998E-08 3.8841E-08 3.3353E-08 2.7800E-08 2.2443E-08 1.7605E-08 1.3373E-08 9.9212E-09 7.1900E-09 5.0072E-09 3.6126E-09 2.5333E-09 1.6500E-09 1.1541E-09 7.0899E-10 3.7877E-10 2.5532E-10 1.5506E-10 9.2201E-11 5.6864E-11 3.1675E-11 2.0657E-11 8.7814E-12 1.7370E-13 0.0000E+00 0.0000E+00 0.0000E+00 0.0000E+00 0.0000E+00 0.0000E+00 0.0000E+00 0.0000E+00 0.0000E+00
1.0480E-08 1.0906E-08 1.1354E-08 1.1820E-08 1.2292E-08 1.2782E-08 1.3280E-08 1.3778E-08 1.4315E-08 1.4846E-08 1.5383E-08 1.5950E-08 1.6520E-08 1.7106E-08 1.7664E-08 1.8196E-08 1.8651E-08 1.9008E-08 1.9244E-08 1.9288E-08 1.9262E-08 3.3516E-08 4.5603E-08 5.4780E-08 4.9762E-08 4.4045E-08 3.7912E-08 3.1640E-08 2.5605E-08 2.0120E-08 1.5429E-08 1.1518E-08 8.4481E-09 6.0062E-09 4.2625E-09 3.0471E-09 2.0103E-09 1.3659E-09 8.8668E-10 4.4377E-10 3.0037E-10 1.8930E-10 1.0846E-10 6.2117E-11 3.4783E-11 2.2312E-11 1.0284E-11 5.1697E-13 0.0000E+00 0.0000E+00 0.0000E+00 0.0000E+00 0.0000E+00 0.0000E+00 0.0000E+00 0.0000E+00 0.0000E+00
1.0386E-08 1.0853E-08 1.1342E-08 1.1854E-08 1.2386E-08 1.2938E-08 1.3502E-08 1.4108E-08 1.4728E-08 1.5381E-08 1.6063E-08 1.6787E-08 1.7552E-08 1.8326E-08 1.9118E-08 1.9874E-08 2.0571E-08 2.1184E-08 2.1626E-08 2.1918E-08 2.3389E-08 5.4223E-08 6.5823E-08 6.1451E-08 5.6001E-08 4.9698E-08 4.2845E-08 3.5822E-08 2.9140E-08 2.3023E-08 1.7719E-08 1.3396E-08 9.8761E-09 7.0863E-09 4.9793E-09 3.5605E-09 2.3994E-09 1.5901E-09 1.0801E-09 5.6871E-10 3.4404E-10 2.2678E-10 1.3132E-10 6.8673E-11 3.7912E-11 2.3634E-11 1.2112E-11 9.7528E-13 0.0000E+00 0.0000E+00 0.0000E+00 0.0000E+00 0.0000E+00 0.0000E+00 0.0000E+00 0.0000E+00 0.0000E+00
1.0239E-08 1.0740E-08 1.1268E-08 1.1827E-08 1.2410E-08 1.3023E-08 1.3661E-08 1.4355E-08 1.5082E-08 1.5845E-08 1.6682E-08 1.7583E-08 1.8541E-08 1.9554E-08 2.0582E-08 2.1602E-08 2.2598E-08 2.3479E-08 2.4228E-08 2.6089E-08 4.4588E-08 6.0983E-08 7.3135E-08 6.8510E-08 6.2771E-08 5.5731E-08 4.8152E-08 4.0502E-08 3.3056E-08 2.6355E-08 2.0467E-08 1.5512E-08 1.1448E-08 8.2460E-09 5.7866E-09 4.1184E-09 2.8005E-09 1.8192E-09 1.2583E-09 7.0739E-10 3.9238E-10 2.5895E-10 1.6184E-10 7.8975E-11 4.0652E-11 2.4044E-11 1.3372E-11 1.4806E-12 0.0000E+00 0.0000E+00 0.0000E+00 0.0000E+00 0.0000E+00 0.0000E+00 0.0000E+00 0.0000E+00 0.0000E+00
1.0037E-08 1.0567E-08 1.1132E-08 1.1728E-08 1.2354E-08 1.3018E-08 1.3738E-08 1.4510E-08 1.5332E-08 1.6233E-08 1.7222E-08 1.8308E-08 1.9480E-08 2.0725E-08 2.2017E-08 2.3354E-08 2.4652E-08 2.5875E-08 2.6972E-08 3.0393E-08 6.8871E-08 8.3845E-08 8.0608E-08 7.5795E-08 6.9518E-08 6.2128E-08 5.3914E-08 4.5621E-08 3.7806E-08 3.0122E-08 2.3676E-08 1.8007E-08 1.3210E-08 9.4842E-09 6.6938E-09 4.7045E-09 3.2337E-09 2.0554E-09 1.4178E-09 8.4623E-10 4.5898E-10 2.8530E-10 1.8635E-10 9.4854E-11 4.2533E-11 2.4136E-11 1.4118E-11 1.6988E-12 0.0000E+00 0.0000E+00 0.0000E+00 0.0000E+00 0.0000E+00 0.0000E+00 0.0000E+00 0.0000E+00 0.0000E+00
9.7837E-09 1.0336E-08 1.0927E-08 1.1550E-08 1.2216E-08 1.2935E-08 1.3719E-08 1.4566E-08 1.5485E-08 1.6513E-08 1.7660E-08 1.8921E-08 2.0311E-08 2.1797E-08 2.3380E-08 2.5028E-08 2.6680E-08 2.8271E-08 3.1589E-08 5.5115E-08 7.6242E-08 9.1224E-08 8.8071E-08 8.3542E-08 7.6616E-08 6.8729E-08 6.0106E-08 5.1207E-08 4.2672E-08 3.4670E-08 2.7384E-08 2.0831E-08 1.5173E-08 1.0850E-08 7.6669E-09 5.3450E-09 3.6734E-09 2.3262E-09 1.5692E-09 9.6493E-10 5.2997E-10 3.2008E-10 2.0479E-10 1.1585E-10 4.3484E-11 2.4295E-11 1.4551E-11 1.6205E-12 0.0000E+00 0.0000E+00 0.0000E+00 0.0000E+00 0.0000E+00 0.0000E+00 0.0000E+00 0.0000E+00 0.0000E+00
9.4755E-09 1.0044E-08 1.0653E-08 1.1297E-08 1.1996E-08 1.2765E-08 1.3595E-08 1.4507E-08 1.5525E-08 1.6669E-08 1.7959E-08 1.9404E-08 2.0988E-08 2.2717E-08 2.4601E-08 2.6570E-08 2.8572E-08 3.0666E-08 5.8131E-08 8.1025E-08 9.9305E-08 9.8217E-08 9.5281E-08 9.0388E-08 8.3669E-08 7.5607E-08 6.6748E-08 5.7667E-08 4.8683E-08 4.0053E-08 3.1784E-08 2.4175E-08 1.7390E-08 1.2363E-08 8.7127E-09 6.0117E-09 4.1446E-09 2.6040E-09 1.7236E-09 1.0653E-09 6.0019E-10 3.5440E-10 2.1804E-10 1.3301E-10 4.5263E-11 2.4372E-11 1.4611E-11 1.2342E-12 0.0000E+00 0.0000E+00 0.0000E+00 0.0000E+00 0.0000E+00 0.0000E+00 0.0000E+00 0.0000E+00 0.0000E+00
9.1171E-09 9.6913E-09 1.0311E-08 1.0968E-08 1.1696E-08 1.2488E-08 1.3362E-08 1.4332E-08 1.5434E-08 1.6684E-08 1.8099E-08 1.9694E-08 2.1466E-08 2.3432E-08 2.5577E-08 2.7851E-08 3.0290E-08 3.4993E-08 6.2691E-08 1.0406E-07 1.0517E-07 1.0452E-07 1.0184E-07 9.7173E-08 9.0594E-08 8.2673E-08 7.3944E-08 6.5063E-08 5.6015E-08 4.6606E-08 3.7194E-08 2.8104E-08 1.9827E-08 1.4025E-08 9.8108E-09 6.7035E-09 4.5777E-09 2.9020E-09 1.8663E-09 1.1434E-09 6.6067E-10 3.8640E-10 2.3468E-10 1.4612E-10 5.0007E-11 2.4139E-11 1.4203E-11 6.7348E-13 0.0000E+00 0.0000E+00 0.0000E+00 0.0000E+00 0.0000E+00 0.0000E+00 0.0000E+00 0.0000E+00 0.0000E+00
8.7104E-09 9.2845E-09 9.9029E-09 1.0565E-08 1.1310E-08 1.2113E-08 1.3018E-08 1.4042E-08 1.5205E-08 1.6532E-08 1.8054E-08 1.9768E-08 2.1702E-08 2.3869E-08 2.6244E-08 2.8839E-08 3.3492E-08 6.2012E-08 8.7489E-08 1.0824E-07 1.0985E-07 1.0968E-07 1.0846E-07 1.0319E-07 9.7115E-08 8.9892E-08 8.2165E-08 7.4114E-08 6.5028E-08 5.4911E-08 4.4177E-08 3.2976E-08 2.2534E-08 1.5832E-08 1.0956E-08 7.3744E-09 4.9661E-09 3.1440E-09 2.0122E-09 1.2059E-09 7.0843E-10 4.1587E-10 2.4987E-10 1.5341E-10 5.7661E-11 2.3368E-11 1.3246E-11 2.1781E-13 0.0000E+00 0.0000E+00 0.0000E+00 0.0000E+00 0.0000E+00 0.0000E+00 0.0000E+00 0.0000E+00 0.0000E+00
8.2588E-09 8.8233E-09 9.4327E-09 1.0096E-08 1.0840E-08 1.1642E-08 1.2571E-08 1.3628E-08 1.4822E-08 1.6206E-08 1.7793E-08 1.9598E-08 2.1650E-08 2.3962E-08 2.6537E-08 2.9444E-08 3.5134E-08 8.5303E-08 1.0724E-07 1.1082E-07 1.1293E-07 1.1326E-07 1.1165E-07 1.0812E-07 1.0317E-07 9.7487E-08 9.1788E-08 8.5458E-08 7.6742E-08 6.6138E-08 5.3639E-08 3.9167E-08 2.5367E-08 1.7701E-08 1.2058E-08 8.0140E-09 5.3000E-09 3.3240E-09 2.1332E-09 1.2370E-09 7.3878E-10 4.3753E-10 2.5905E-10 1.5429E-10 6.1725E-11 2.2057E-11 1.1737E-11 0.0000E+00 0.0000E+00 0.0000E+00 0.0000E+00 0.0000E+00 0.0000E+00 0.0000E+00 0.0000E+00 0.0000E+00 0.0000E+00
7.7697E-09 8.3157E-09 8.9119E-09 9.5628E-09 1.0293E-08 1.1092E-08 1.2023E-08 1.3083E-08 1.4287E-08 1.5693E-08 1.7311E-08 1.9167E-08 2.1273E-08 2.3679E-08 2.6424E-08 3.1451E-08 6.0067E-08 8.6120E-08 1.0755E-07 1.1146E-07 1.1402E-07 1.1603E-07 1.1398E-07 1.1160E-07 1.0842E-07 1.0569E-07 1.0353E-07 1.0038E-07 9.2729E-08 8.0738E-08 6.5915E-08 4.6461E-08 2.8097E-08 1.9412E-08 1.2986E-08 8.5299E-09 5.5258E-09 3.4483E-09 2.2021E-09 1.2374E-09 7.5003E-10 4.4695E-10 2.6175E-10 1.5129E-10 6.2219E-11 2.0513E-11 9.6713E-12 0.0000E+00 0.0000E+00 0.0000E+00 0.0000E+00 0.0000E+00 0.0000E+00 0.0000E+00 0.0000E+00 0.0000E+00 0.0000E+00
7.2504E-09 7.7728E-09 8.3462E-09 8.9708E-09 9.6838E-09 1.0463E-08 1.1376E-08 1.2416E-08 1.3604E-08 1.5000E-08 1.6613E-08 1.8458E-08 2.0567E-08 2.3023E-08 2.5889E-08 3.3414E-08 7.9241E-08 1.0070E-07 1.0578E-07 1.0987E-07 1.1271E-07 1.1406E-07 1.1401E-07 1.1324E-07 1.1312E-07 1.1506E-07 1.1855E-07 1.2126E-07 1.1480E-07 1.0051E-07 8.3489E-08 5.9737E-08 3.0501E-08 2.0659E-08 1.3568E-08 8.8142E-09 5.6110E-09 3.4820E-09 2.2096E-09 1.2002E-09 7.4280E-10 4.4335E-10 2.5826E-10 1.4477E-10 5.9260E-11 1.8676E-11 6.9915E-12 0.0000E+00 0.0000E+00 0.0000E+00 0.0000E+00 0.0000E+00 0.0000E+00 0.0000E+00 0.0000E+00 0.0000E+00 0.0000E+00
6.7081E-09 7.2018E-09 7.7475E-09 8.3391E-09 9.0211E-09 9.7657E-09 1.0640E-08 1.1641E-08 1.2787E-08 1.4141E-08 1.5699E-08 1.7488E-08 1.9552E-08 2.2004E-08 2.6720E-08 5.2879E-08 7.8273E-08 9.6903E-08 1.0185E-07 1.0591E-07 1.0885E-07 1.1055E-07 1.1141E-07 1.1263E-07 1.1656E-07 1.2486E-07 1.3727E-07 1.5063E-07 1.4812E-07 1.3053E-07 1.1623E-07 9.7496E-08 3.3900E-08 2.1102E-08 1.3612E-08 8.7828E-09 5.5020E-09 3.4122E-09 2.1123E-09 1.1739E-09 7.1878E-10 4.2632E-10 2.4797E-10 1.3525E-10 5.2152E-11 1.7386E-11 3.7706E-12 0.0000E+00 0.0000E+00 0.0000E+00 0.0000E+00 0.0000E+00 0.0000E+00 0.0000E+00 0.0000E+00 0.0000E+00 0.0000E+00
6.1540E-09 6.6135E-09 7.1221E-09 7.6739E-09 8.3136E-09 9.0128E-09 9.8308E-09 1.0776E-08 1.1855E-08 1.3133E-08 1.4599E-08 1.6294E-08 1.8275E-08 2.0674E-08 4.5402E-08 6.7066E-08 8.6011E-08 9.1178E-08 9.5761E-08 9.9549E-08 1.0236E-07 1.0426E-07 1.0597E-07 1.0936E-07 1.1740E-07 1.3330E-07 1.5814E-07 1.9097E-07 2.0882E-07 2.1793E-07 3.2791E-07 4.3811E-07 2.4352E-07 4.2506E-08 1.3073E-08 8.3868E-09 5.1643E-09 3.2331E-09 1.9372E-09 1.1134E-09 6.7463E-10 3.9603E-10 2.3238E-10 1.2176E-10 4.2750E-11 1.5339E-11 9.1803E-13 0.0000E+00 0.0000E+00 0.0000E+00 0.0000E+00 0.0000E+00 0.0000E+00 0.0000E+00 0.0000E+00 0.0000E+00 0.0000E+00
