Assets/Resources/2015_m01_d23_0300(utc+0800)_l00_csi_1hr_conc.grd
DSAA
         159         159
     -79.000      79.000
     -79.000      79.000
  0.0000E+00  0.1208E-04
[rows 0 to 24 of 159, columns 0 to 56 of 159]
0.0000E+00 0.0000E+00 0.0000E+00 0.0000E+00 0.0000E+00 0.0000E+00 0.0000E+00 0.0000E+00 0.0000E+00 0.0000E+00 6.6298E-12 1.3853E-11 2.6242E-11 3.5757E-11 5.0974E-11 6.5815E-11 8.3644E-11 1.0697E-10 1.3355E-10 1.5949E-10 1.8197E-10 2.0381E-10 2.2869E-10 2.5553E-10 2.8503E-10 3.1765E-10 3.5336E-10 3.9238E-10 4.3541E-10 4.8252E-10 5.3375E-10 5.8955E-10 6.4773E-10 7.1165E-10 7.7922E-10 8.5303E-10 9.3145E-10 1.0171E-09 1.1070E-09 1.2051E-09 1.3099E-09 1.4197E-09 1.5375E-09 1.6647E-09 1.7964E-09 1.9358E-09 2.0870E-09 2.2423E-09 2.4055E-09 2.5810E-09 2.7606E-09 2.9482E-09 3.1477E-09 3.3514E-09 3.5616E-09 3.7790E-09 3.9983E-09
0.0000E+00 0.0000E+00 0.0000E+00 0.0000E+00 0.0000E+00 0.0000E+00 0.0000E+00 0.0000E+00 0.0000E+00 0.0000E+00 6.6839E-12 1.3960E-11 2.6420E-11 3.6522E-11 5.1250E-11 6.8461E-11 8.4074E-11 1.0905E-10 1.3574E-10 1.6049E-10 1.8387E-10 2.0593E-10 2.3107E-10 2.5777E-10 2.8795E-10 3.2088E-10 3.5693E-10 3.9592E-10 4.3897E-10 4.8699E-10 5.3916E-10 5.9511E-10 6.5441E-10 7.1854E-10 7.8737E-10 8.6153E-10 9.4136E-10 1.0271E-09 1.1180E-09 1.2192E-09 1.3235E-09 1.4346E-09 1.5569E-09 1.6829E-09 1.8163E-09 1.9616E-09 2.1110E-09 2.2684E-09 2.4380E-09 2.6120E-09 2.7940E-09 2.9885E-09 3.1869E-09 3.3931E-09 3.6092E-09 3.8273E-09 4.0485E-09
0.0000E+00 0.0000E+00 0.0000E+00 0.0000E+00 0.0000E+00 0.0000E+00 0.0000E+00 0.0000E+00 0.0000E+00 0.0000E+00 6.7290E-12 1.6441E-11 2.6564E-11 3.7245E-11 5.1462E-11 6.8722E-11 8.4838E-11 1.0952E-10 1.3714E-10 1.6201E-10 1.8481E-10 2.0702E-10 2.3234E-10 2.5999E-10 2.9005E-10 3.2325E-10 3.5919E-10 3.9895E-10 4.4279E-10 4.9079E-10 5.4345E-10 6.0033E-10 6.5976E-10 7.2452E-10 7.9444E-10 8.6892E-10 9.5000E-10 1.0357E-09 1.1305E-09 1.2300E-09 1.3354E-09 1.4507E-09 1.5716E-09 1.6989E-09 1.8370E-09 1.9811E-09 2.1323E-09 2.2957E-09 2.4636E-09 2.6397E-09 2.8284E-09 3.0214E-09 3.2222E-09 3.4340E-09 3.6498E-09 3.8706E-09 4.0944E-09
0.0000E+00 0.0000E+00 0.0000E+00 0.0000E+00 0.0000E+00 0.0000E+00 0.0000E+00 0.0000E+00 0.0000E+00 0.0000E+00 6.7651E-12 1.6521E-11 2.6672E-11 3.8620E-11 5.1608E-11 6.9639E-11 8.6557E-11 1.0984E-10 1.3758E-10 1.6256E-10 1.8549E-10 2.0781E-10 2.3329E-10 2.6151E-10 2.9135E-10 3.2516E-10 3.6155E-10 4.0183E-10 4.4556E-10 4.9396E-10 5.4655E-10 6.0431E-10 6.6419E-10 7.2996E-10 7.9956E-10 8.7561E-10 9.5647E-10 1.0448E-09 1.1396E-09 1.2391E-09 1.3475E-09 1.4631E-09 1.5841E-09 1.7148E-09 1.8534E-09 1.9981E-09 2.1540E-09 2.3163E-09 2.4860E-09 2.6683E-09 2.8553E-09 3.0505E-09 3.2568E-09 3.4681E-09 3.6862E-09 3.9101E-09 4.1392E-09
0.0000E+00 0.0000E+00 0.0000E+00 0.0000E+00 0.0000E+00 0.0000E+00 0.0000E+00 0.0000E+00 0.0000E+00 2.5505E-12 6.7918E-12 1.6579E-11 2.6745E-11 3.8155E-11 5.1690E-11 6.8893E-11 8.8463E-11 1.1075E-10 1.3931E-10 1.6362E-10 1.8668E-10 2.0913E-10 2.3389E-10 2.6267E-10 2.9305E-10 3.2706E-10 3.6365E-10 4.0373E-10 4.4775E-10 4.9685E-10 5.4977E-10 6.0746E-10 6.6776E-10 7.3394E-10 8.0454E-10 8.8064E-10 9.6258E-10 1.0526E-09 1.1463E-09 1.2475E-09 1.3578E-09 1.4725E-09 1.5956E-09 1.7285E-09 1.8664E-09 2.0145E-09 2.1710E-09 2.3339E-09 2.5085E-09 2.6897E-09 2.8785E-09 3.0789E-09 3.2845E-09 3.4979E-09 3.7205E-09 3.9471E-09 4.1763E-09
0.0000E+00 0.0000E+00 0.0000E+00 0.0000E+00 0.0000E+00 0.0000E+00 0.0000E+00 0.0000E+00 0.0000E+00 2.5578E-12 6.8093E-12 1.6614E-11 2.6783E-11 3.8187E-11 5.1706E-11 6.8491E-11 8.8031E-11 1.1078E-10 1.3937E-10 1.6372E-10 1.8684E-10 2.1007E-10 2.3536E-10 2.6305E-10 2.9393E-10 3.2766E-10 3.6441E-10 4.0510E-10 4.4906E-10 4.9861E-10 5.5181E-10 6.0974E-10 6.7084E-10 7.3695E-10 8.0793E-10 8.8398E-10 9.6835E-10 1.0571E-09 1.1513E-09 1.2553E-09 1.3645E-09 1.4799E-09 1.6069E-09 1.7380E-09 1.8780E-09 2.0284E-09 2.1842E-09 2.3506E-09 2.5258E-09 2.7076E-09 2.9004E-09 3.1005E-09 3.3081E-09 3.5257E-09 3.7491E-09 3.9771E-09 4.2086E-09
0.0000E+00 0.0000E+00 0.0000E+00 0.0000E+00 0.0000E+00 0.0000E+00 0.0000E+00 0.0000E+00 0.0000E+00 2.5615E-12 6.8174E-12 1.6627E-11 2.6784E-11 3.6492E-11 5.1656E-11 6.8415E-11 8.6145E-11 1.1066E-10 1.3923E-10 1.6359E-10 1.8673E-10 2.0998E-10 2.3531E-10 2.6343E-10 2.9439E-10 3.2822E-10 3.6546E-10 4.0628E-10 4.5041E-10 4.9925E-10 5.5306E-10 6.1122E-10 6.7251E-10 7.3892E-10 8.1017E-10 8.8708E-10 9.7186E-10 1.0601E-09 1.1568E-09 1.2604E-09 1.3692E-09 1.4883E-09 1.6133E-09 1.7451E-09 1.8891E-09 2.0376E-09 2.1955E-09 2.3643E-09 2.5387E-09 2.7235E-09 2.9172E-09 3.1182E-09 3.3290E-09 3.5477E-09 3.7723E-09 4.0024E-09 4.2394E-09
0.0000E+00 0.0000E+00 0.0000E+00 0.0000E+00 0.0000E+00 0.0000E+00 0.0000E+00 0.0000E+00 0.0000E+00 2.5615E-12 6.8160E-12 1.6617E-11 2.6750E-11 3.6430E-11 5.1541E-11 6.8252E-11 8.5934E-11 1.1038E-10 1.3890E-10 1.6402E-10 1.8634E-10 2.0959E-10 2.3491E-10 2.6345E-10 2.9403E-10 3.2804E-10 3.6518E-10 4.0606E-10 4.5071E-10 4.9962E-10 5.5310E-10 6.1141E-10 6.7329E-10 7.3984E-10 8.1081E-10 8.8991E-10 9.7314E-10 1.0626E-09 1.1607E-09 1.2628E-09 1.3741E-09 1.4928E-09 1.6174E-09 1.7529E-09 1.8948E-09 2.0440E-09 2.2060E-09 2.3728E-09 2.5491E-09 2.7359E-09 2.9294E-09 3.1333E-09 3.3458E-09 3.5646E-09 3.7909E-09 4.0262E-09 4.2621E-09
0.0000E+00 0.0000E+00 0.0000E+00 0.0000E+00 0.0000E+00 0.0000E+00 0.0000E+00 0.0000E+00 0.0000E+00 2.5580E-12 6.8052E-12 1.6584E-11 2.6680E-11 3.5777E-11 5.0452E-11 6.8002E-11 8.5613E-11 1.0996E-10 1.3674E-10 1.6343E-10 1.8569E-10 2.0969E-10 2.3418E-10 2.6311E-10 2.9382E-10 3.2809E-10 3.6524E-10 4.0613E-10 4.5012E-10 4.9930E-10 5.5324E-10 6.1072E-10 6.7311E-10 7.3971E-10 8.1227E-10 8.9056E-10 9.7301E-10 1.0637E-09 1.1611E-09 1.2635E-09 1.3761E-09 1.4943E-09 1.6203E-09 1.7565E-09 1.8979E-09 2.0509E-09 2.2107E-09 2.3782E-09 2.5577E-09 2.7433E-09 2.9386E-09 3.1445E-09 3.3568E-09 3.5769E-09 3.8081E-09 4.0419E-09 4.2796E-09
0.0000E+00 0.0000E+00 0.0000E+00 0.0000E+00 0.0000E+00 0.0000E+00 0.0000E+00 0.0000E+00 0.0000E+00 2.5510E-12 6.7850E-12 1.6530E-11 2.6575E-11 3.5622E-11 4.8916E-11 6.6704E-11 8.5185E-11 1.0939E-10 1.3522E-10 1.6260E-10 1.8477E-10 2.0870E-10 2.3393E-10 2.6197E-10 2.9302E-10 3.2682E-10 3.6434E-10 4.0453E-10 4.4915E-10 4.9781E-10 5.5217E-10 6.1006E-10 6.7197E-10 7.3905E-10 8.1164E-10 8.8906E-10 9.7253E-10 1.0643E-09 1.1599E-09 1.2644E-09 1.3763E-09 1.4937E-09 1.6221E-09 1.7566E-09 1.9005E-09 2.0531E-09 2.2123E-09 2.3827E-09 2.5607E-09 2.7470E-09 2.9455E-09 3.1501E-09 3.3634E-09 3.5881E-09 3.8174E-09 4.0527E-09 4.2954E-09
0.0000E+00 0.0000E+00 0.0000E+00 0.0000E+00 0.0000E+00 0.0000E+00 0.0000E+00 0.0000E+00 0.0000E+00 0.0000E+00 6.7555E-12 1.6453E-11 2.5864E-11 3.5420E-11 4.8146E-11 6.3974E-11 8.3798E-11 1.0868E-10 1.3287E-10 1.6155E-10 1.8360E-10 2.0742E-10 2.3253E-10 2.6021E-10 2.9181E-10 3.2551E-10 3.6290E-10 4.0343E-10 4.4795E-10 4.9652E-10 5.5031E-10 6.0810E-10 6.6987E-10 7.3737E-10 8.0988E-10 8.8629E-10 9.7167E-10 1.0615E-09 1.1581E-09 1.2636E-09 1.3736E-09 1.4932E-09 1.6207E-09 1.7554E-09 1.9006E-09 2.0514E-09 2.2126E-09 2.3827E-09 2.5603E-09 2.7502E-09 2.9464E-09 3.1516E-09 3.3690E-09 3.5916E-09 3.8219E-09 4.0618E-09 4.3027E-09
0.0000E+00 0.0000E+00 0.0000E+00 0.0000E+00 0.0000E+00 0.0000E+00 0.0000E+00 0.0000E+00 0.0000E+00 0.0000E+00 6.7167E-12 1.3976E-11 2.4510E-11 3.4054E-11 4.7264E-11 6.2313E-11 8.1224E-11 1.0537E-10 1.3105E-10 1.5955E-10 1.8216E-10 2.0584E-10 2.3154E-10 2.5910E-10 2.8978E-10 3.2416E-10 3.6078E-10 4.0134E-10 4.4528E-10 4.9411E-10 5.4770E-10 6.0529E-10 6.6735E-10 7.3467E-10 8.0610E-10 8.8330E-10 9.6850E-10 1.0573E-09 1.1547E-09 1.2592E-09 1.3701E-09 1.4906E-09 1.6161E-09 1.7529E-09 1.8962E-09 2.0478E-09 2.2098E-09 2.3786E-09 2.5589E-09 2.7469E-09 2.9433E-09 3.1522E-09 3.3672E-09 3.5904E-09 3.8249E-09 4.0627E-09 4.3048E-09
0.0000E+00 0.0000E+00 0.0000E+00 0.0000E+00 0.0000E+00 0.0000E+00 0.0000E+00 0.0000E+00 0.0000E+00 0.0000E+00 6.6690E-12 1.3873E-11 2.4319E-11 3.3775E-11 4.6332E-11 6.0854E-11 8.0505E-11 1.0116E-10 1.2845E-10 1.5734E-10 1.8048E-10 2.0397E-10 2.2949E-10 2.5727E-10 2.8778E-10 3.2171E-10 3.5836E-10 3.9873E-10 4.4240E-10 4.9034E-10 5.4301E-10 6.0161E-10 6.6392E-10 7.3095E-10 8.0118E-10 8.8006E-10 9.6311E-10 1.0526E-09 1.1507E-09 1.2530E-09 1.3657E-09 1.4841E-09 1.6104E-09 1.7471E-09 1.8892E-09 2.0423E-09 2.2028E-09 2.3731E-09 2.5526E-09 2.7399E-09 2.9389E-09 3.1458E-09 3.3609E-09 3.5880E-09 3.8199E-09 4.0585E-09 4.3051E-09
0.0000E+00 0.0000E+00 0.0000E+00 0.0000E+00 0.0000E+00 0.0000E+00 0.0000E+00 0.0000E+00 0.0000E+00 0.0000E+00 6.6124E-12 1.2552E-11 2.2919E-11 3.3453E-11 4.4345E-11 5.8524E-11 7.9692E-11 1.0011E-10 1.2707E-10 1.5486E-10 1.7855E-10 2.0224E-10 2.2713E-10 2.5512E-10 2.8534E-10 3.1863E-10 3.5546E-10 3.9512E-10 4.3874E-10 4.8655E-10 5.3893E-10 5.9668E-10 6.5867E-10 7.2492E-10 7.9619E-10 8.7374E-10 9.5638E-10 1.0465E-09 1.1433E-09 1.2462E-09 1.3585E-09 1.4755E-09 1.6037E-09 1.7380E-09 1.8813E-09 2.0333E-09 2.1936E-09 2.3644E-09 2.5423E-09 2.7310E-09 2.9292E-09 3.1352E-09 3.3537E-09 3.5780E-09 3.8102E-09 4.0527E-09 4.2971E-09
0.0000E+00 0.0000E+00 0.0000E+00 0.0000E+00 0.0000E+00 0.0000E+00 0.0000E+00 0.0000E+00 0.0000E+00 0.0000E+00 6.5472E-12 1.2426E-11 2.1515E-11 3.2536E-11 4.2321E-11 5.7408E-11 7.6101E-11 9.7409E-11 1.2385E-10 1.5223E-10 1.7639E-10 1.9983E-10 2.2445E-10 2.5218E-10 2.8253E-10 3.1556E-10 3.5205E-10 3.9161E-10 4.3488E-10 4.8215E-10 5.3410E-10 5.9152E-10 6.5348E-10 7.1834E-10 7.9014E-10 8.6719E-10 9.4941E-10 1.0390E-09 1.1343E-09 1.2388E-09 1.3486E-09 1.4672E-09 1.5938E-09 1.7273E-09 1.8709E-09 2.0210E-09 2.1823E-09 2.3513E-09 2.5295E-09 2.7187E-09 2.9150E-09 3.1232E-09 3.3392E-09 3.5634E-09 3.7991E-09 4.0389E-09 4.2839E-09
0.0000E+00 0.0000E+00 0.0000E+00 0.0000E+00 0.0000E+00 0.0000E+00 0.0000E+00 0.0000E+00 0.0000E+00 0.0000E+00 3.9965E-12 1.2284E-11 2.1265E-11 3.0443E-11 4.0392E-11 5.6181E-11 7.2749E-11 9.6149E-11 1.1985E-10 1.4875E-10 1.7329E-10 1.9716E-10 2.2191E-10 2.4891E-10 2.7937E-10 3.1209E-10 3.4823E-10 3.8672E-10 4.2983E-10 4.7709E-10 5.2832E-10 5.8513E-10 6.4740E-10 7.1182E-10 7.8304E-10 8.5856E-10 9.4120E-10 1.0302E-09 1.1249E-09 1.2287E-09 1.3380E-09 1.4559E-09 1.5808E-09 1.7145E-09 1.8567E-09 2.0076E-09 2.1675E-09 2.3351E-09 2.5150E-09 2.7014E-09 2.8988E-09 3.1057E-09 3.3206E-09 3.5470E-09 3.7802E-09 4.0201E-09 4.2689E-09
0.0000E+00 0.0000E+00 0.0000E+00 0.0000E+00 0.0000E+00 0.0000E+00 0.0000E+00 0.0000E+00 0.0000E+00 0.0000E+00 2.6925E-12 1.0902E-11 1.9813E-11 2.7737E-11 3.9297E-11 5.4418E-11 7.0393E-11 8.9865E-11 1.1731E-10 1.4416E-10 1.7070E-10 1.9425E-10 2.1867E-10 2.4532E-10 2.7587E-10 3.0817E-10 3.4370E-10 3.8247E-10 4.2464E-10 4.7076E-10 5.2263E-10 5.7884E-10 6.3960E-10 7.0438E-10 7.7491E-10 8.4986E-10 9.3178E-10 1.0190E-09 1.1141E-09 1.2161E-09 1.3256E-09 1.4428E-09 1.5666E-09 1.7002E-09 1.8408E-09 1.9910E-09 2.1493E-09 2.3184E-09 2.4953E-09 2.6816E-09 2.8790E-09 3.0837E-09 3.2995E-09 3.5247E-09 3.7567E-09 3.9991E-09 4.2459E-09
0.0000E+00 0.0000E+00 0.0000E+00 0.0000E+00 0.0000E+00 0.0000E+00 0.0000E+00 0.0000E+00 0.0000E+00 0.0000E+00 2.6551E-12 1.0750E-11 1.8329E-11 2.7332E-11 3.7040E-11 5.1362E-11 6.8878E-11 8.7802E-11 1.1322E-10 1.3952E-10 1.6791E-10 1.9109E-10 2.1482E-10 2.4143E-10 2.7159E-10 3.0365E-10 3.3856E-10 3.7685E-10 4.1898E-10 4.6429E-10 5.1445E-10 5.7094E-10 6.3114E-10 6.9603E-10 7.6492E-10 8.4008E-10 9.2117E-10 1.0077E-09 1.1019E-09 1.2031E-09 1.3117E-09 1.4269E-09 1.5513E-09 1.6824E-09 1.8228E-09 1.9719E-09 2.1300E-09 2.2973E-09 2.4724E-09 2.6594E-09 2.8543E-09 3.0588E-09 3.2746E-09 3.4974E-09 3.7306E-09 3.9719E-09 4.2178E-09
0.0000E+00 0.0000E+00 0.0000E+00 0.0000E+00 0.0000E+00 0.0000E+00 0.0000E+00 0.0000E+00 0.0000E+00 0.0000E+00 2.6146E-12 8.1708E-12 1.6840E-11 2.6329E-11 3.4776E-11 4.9122E-11 6.5967E-11 8.5072E-11 1.0561E-10 1.3550E-10 1.6354E-10 1.8772E-10 2.1106E-10 2.3811E-10 2.6674E-10 2.9903E-10 3.3345E-10 3.7140E-10 4.1253E-10 4.5702E-10 5.0750E-10 5.6279E-10 6.2180E-10 6.8593E-10 7.5499E-10 8.2927E-10 9.0851E-10 9.9514E-10 1.0883E-09 1.1886E-09 1.2961E-09 1.4100E-09 1.5333E-09 1.6633E-09 1.8032E-09 1.9497E-09 2.1074E-09 2.2728E-09 2.4483E-09 2.6332E-09 2.8262E-09 3.0320E-09 3.2443E-09 3.4677E-09 3.7002E-09 3.9393E-09 4.1866E-09
0.0000E+00 0.0000E+00 0.0000E+00 0.0000E+00 0.0000E+00 0.0000E+00 0.0000E+00 0.0000E+00 0.0000E+00 0.0000E+00 2.5710E-12 6.8197E-12 1.6558E-11 2.4701E-11 3.4172E-11 4.6731E-11 6.1375E-11 8.2812E-11 1.0145E-10 1.3224E-10 1.5818E-10 1.8341E-10 2.0706E-10 2.3366E-10 2.6182E-10 2.9362E-10 3.2769E-10 3.6490E-10 4.0587E-10 4.5062E-10 4.9879E-10 5.5266E-10 6.1270E-10 6.7593E-10 7.4318E-10 8.1655E-10 8.9583E-10 9.8139E-10 1.0725E-09 1.1727E-09 1.2780E-09 1.3915E-09 1.5127E-09 1.6422E-09 1.7801E-09 1.9268E-09 2.0824E-09 2.2464E-09 2.4213E-09 2.6033E-09 2.7973E-09 2.9994E-09 3.2111E-09 3.4342E-09 3.6640E-09 3.9030E-09 4.1509E-09
0.0000E+00 0.0000E+00 0.0000E+00 0.0000E+00 0.0000E+00 0.0000E+00 0.0000E+00 0.0000E+00 0.0000E+00 0.0000E+00 0.0000E+00 6.6965E-12 1.3890E-11 2.1901E-11 3.2978E-11 4.3796E-11 5.8407E-11 7.7186E-11 9.8668E-11 1.2425E-10 1.5347E-10 1.7924E-10 2.0244E-10 2.2896E-10 2.5746E-10 2.8835E-10 3.2186E-10 3.5846E-10 3.9807E-10 4.4213E-10 4.9067E-10 5.4378E-10 6.0153E-10 6.6427E-10 7.3110E-10 8.0383E-10 8.8211E-10 9.6650E-10 1.0566E-09 1.1545E-09 1.2593E-09 1.3714E-09 1.4913E-09 1.6201E-09 1.7558E-09 1.9010E-09 2.0542E-09 2.2183E-09 2.3901E-09 2.5721E-09 2.7638E-09 2.9634E-09 3.1761E-09 3.3952E-09 3.6236E-09 3.8643E-09 4.1089E-09
0.0000E+00 0.0000E+00 0.0000E+00 0.0000E+00 0.0000E+00 0.0000E+00 0.0000E+00 0.0000E+00 0.0000E+00 0.0000E+00 0.0000E+00 6.5665E-12 1.2432E-11 2.1472E-11 3.0623E-11 4.1053E-11 5.6265E-11 7.3172E-11 9.2435E-11 1.1852E-10 1.4689E-10 1.7381E-10 1.9801E-10 2.2365E-10 2.5244E-10 2.8232E-10 3.1566E-10 3.5162E-10 3.9029E-10 4.3409E-10 4.8044E-10 5.3314E-10 5.9023E-10 6.5289E-10 7.1864E-10 7.8930E-10 8.6646E-10 9.4963E-10 1.0394E-09 1.1360E-09 1.2392E-09 1.3498E-09 1.4682E-09 1.5947E-09 1.7296E-09 1.8731E-09 2.0255E-09 2.1870E-09 2.3570E-09 2.5381E-09 2.7264E-09 2.9268E-09 3.1353E-09 3.3526E-09 3.5830E-09 3.8190E-09 4.0625E-09
0.0000E+00 0.0000E+00 0.0000E+00 0.0000E+00 0.0000E+00 0.0000E+00 0.0000E+00 0.0000E+00 0.0000E+00 0.0000E+00 0.0000E+00 2.7095E-12 1.0952E-11 1.8634E-11 2.7695E-11 3.9119E-11 5.3275E-11 6.8018E-11 8.8311E-11 1.1410E-10 1.4209E-10 1.6975E-10 1.9341E-10 2.1850E-10 2.4673E-10 2.7643E-10 3.0847E-10 3.4375E-10 3.8190E-10 4.2492E-10 4.7106E-10 5.2268E-10 5.7826E-10 6.3943E-10 7.0450E-10 7.7503E-10 8.5088E-10 9.3283E-10 1.0212E-09 1.1161E-09 1.2178E-09 1.3268E-09 1.4436E-09 1.5684E-09 1.7015E-09 1.8432E-09 1.9938E-09 2.1527E-09 2.3224E-09 2.5000E-09 2.6880E-09 2.8856E-09 3.0912E-09 3.3092E-09 3.5353E-09 3.7696E-09 4.0155E-09
0.0000E+00 0.0000E+00 0.0000E+00 0.0000E+00 0.0000E+00 0.0000E+00 0.0000E+00 0.0000E+00 0.0000E+00 0.0000E+00 0.0000E+00 2.6495E-12 1.0711E-11 1.7011E-11 2.6506E-11 3.5469E-11 4.8700E-11 6.5637E-11 8.5008E-11 1.0531E-10 1.3565E-10 1.6337E-10 1.8863E-10 2.1316E-10 2.4080E-10 2.7003E-10 3.0169E-10 3.3625E-10 3.7389E-10 4.1512E-10 4.6058E-10 5.1078E-10 5.6664E-10 6.2635E-10 6.9059E-10 7.5995E-10 8.3349E-10 9.1406E-10 1.0010E-09 1.0951E-09 1.1951E-09 1.3025E-09 1.4175E-09 1.5406E-09 1.6718E-09 1.8116E-09 1.9602E-09 2.1178E-09 2.2847E-09 2.4593E-09 2.6468E-09 2.8407E-09 3.0458E-09 3.2609E-09 3.4840E-09 3.7191E-09 3.9611E-09
0.0000E+00 0.0000E+00 0.0000E+00 0.0000E+00 0.0000E+00 0.0000E+00 0.0000E+00 0.0000E+00 0.0000E+00 0.0000E+00 0.0000E+00 2.5872E-12 6.8521E-12 1.6613E-11 2.3531E-11 3.4090E-11 4.6580E-11 6.1077E-11 8.0498E-11 1.0046E-10 1.2901E-10 1.5618E-10 1.8256E-10 2.0764E-10 2.3466E-10 2.6368E-10 2.9420E-10 3.2819E-10 3.6527E-10 4.0609E-10 4.5068E-10 4.9864E-10 5.5229E-10 6.1215E-10 6.7514E-10 7.4320E-10 8.1628E-10 8.9549E-10 9.8082E-10 1.0723E-09 1.1714E-09 1.2770E-09 1.3902E-09 1.5112E-09 1.6405E-09 1.7782E-09 1.9238E-09 2.0801E-09 2.2440E-09 2.4180E-09 2.6015E-09 2.7939E-09 2.9976E-09 3.2086E-09 3.4311E-09 3.6635E-09 3.9029E-09
