Assets/Resources/2015_m01_d29_1300(utc+0800)_l00_csi_1hr_conc.grd
DSAA
         159         159
     -79.000      79.000
     -79.000      79.000
  0.0000E+00  0.1283E-05
[rows 25 to 49 of 159, columns 57 to 113 of 159]
7.1069E-10 7.3898E-10 7.6710E-10 7.9593E-10 8.2544E-10 8.5470E-10 8.8455E-10 9.1497E-10 9.4510E-10 9.7571E-10 1.0062E-09 1.0371E-09 1.0682E-09 1.0993E-09 1.1305E-09 1.1616E-09 1.1927E-09 1.2238E-09 1.2544E-09 1.2849E-09 1.3155E-09 1.3460E-09 1.3763E-09 1.4063E-09 1.4356E-09 1.4651E-09 1.4938E-09 1.5225E-09 1.5502E-09 1.5780E-09 1.6052E-09 1.6314E-09 1.6569E-09 1.6823E-09 1.7071E-09 1.7329E-09 1.7580E-09 1.7824E-09 1.8061E-09 1.8285E-09 1.8500E-09 1.8687E-09 1.8863E-09 1.9029E-09 1.9184E-09 1.9328E-09 1.9461E-09 1.9582E-09 1.9698E-09 1.9809E-09 1.9902E-09 1.9983E-09 2.0052E-09 2.0118E-09 2.0164E-09 2.0199E-09 2.0227E-09
7.1871E-10 7.4689E-10 7.7581E-10 8.0543E-10 8.3488E-10 8.6497E-10 8.9568E-10 9.2614E-10 9.5715E-10 9.8840E-10 1.0199E-09 1.0515E-09 1.0832E-09 1.1151E-09 1.1470E-09 1.1789E-09 1.2105E-09 1.2421E-09 1.2738E-09 1.3055E-09 1.3371E-09 1.3686E-09 1.3997E-09 1.4304E-09 1.4612E-09 1.4912E-09 1.5213E-09 1.5505E-09 1.5798E-09 1.6086E-09 1.6364E-09 1.6636E-09 1.6907E-09 1.7172E-09 1.7449E-09 1.7719E-09 1.7982E-09 1.8239E-09 1.8482E-09 1.8718E-09 1.8924E-09 1.9120E-09 1.9306E-09 1.9481E-09 1.9645E-09 1.9798E-09 1.9946E-09 2.0088E-09 2.0213E-09 2.0325E-09 2.0433E-09 2.0522E-09 2.0606E-09 2.0671E-09 2.0724E-09 2.0758E-09 2.0779E-09
7.2605E-10 7.5496E-10 7.8403E-10 8.1417E-10 8.4442E-10 8.7504E-10 9.0606E-10 9.3740E-10 9.6900E-10 1.0009E-09 1.0330E-09 1.0653E-09 1.0978E-09 1.1304E-09 1.1624E-09 1.1951E-09 1.2278E-09 1.2605E-09 1.2931E-09 1.3258E-09 1.3583E-09 1.3906E-09 1.4225E-09 1.4541E-09 1.4859E-09 1.5174E-09 1.5480E-09 1.5788E-09 1.6091E-09 1.6385E-09 1.6674E-09 1.6962E-09 1.7244E-09 1.7539E-09 1.7828E-09 1.8111E-09 1.8387E-09 1.8650E-09 1.8906E-09 1.9133E-09 1.9349E-09 1.9556E-09 1.9751E-09 1.9936E-09 2.0116E-09 2.0285E-09 2.0442E-09 2.0593E-09 2.0740E-09 2.0863E-09 2.0973E-09 2.1070E-09 2.1155E-09 2.1228E-09 2.1295E-09 2.1343E-09 2.1385E-09
7.3290E-10 7.6225E-10 7.9213E-10 8.2245E-10 8.5320E-10 8.8466E-10 9.1595E-10 9.4787E-10 9.8039E-10 1.0126E-09 1.0454E-09 1.0784E-09 1.1113E-09 1.1446E-09 1.1780E-09 1.2114E-09 1.2449E-09 1.2784E-09 1.3121E-09 1.3456E-09 1.3790E-09 1.4120E-09 1.4448E-09 1.4779E-09 1.5107E-09 1.5427E-09 1.5749E-09 1.6067E-09 1.6377E-09 1.6687E-09 1.6992E-09 1.7314E-09 1.7621E-09 1.7928E-09 1.8230E-09 1.8504E-09 1.8788E-09 1.9064E-09 1.9311E-09 1.9548E-09 1.9775E-09 1.9992E-09 2.0205E-09 2.0406E-09 2.0597E-09 2.0783E-09 2.0957E-09 2.1119E-09 2.1263E-09 2.1395E-09 2.1521E-09 2.1628E-09 2.1729E-09 2.1810E-09 2.1877E-09 2.1925E-09 2.1961E-09
7.3934E-10 7.6941E-10 7.9943E-10 8.3022E-10 8.6176E-10 8.9320E-10 9.2531E-10 9.5810E-10 9.9066E-10 1.0238E-09 1.0572E-09 1.0909E-09 1.1248E-09 1.1588E-09 1.1929E-09 1.2272E-09 1.2615E-09 1.2960E-09 1.3305E-09 1.3641E-09 1.3984E-09 1.4329E-09 1.4671E-09 1.5011E-09 1.5350E-09 1.5681E-09 1.6013E-09 1.6338E-09 1.6664E-09 1.6985E-09 1.7324E-09 1.7654E-09 1.7980E-09 1.8295E-09 1.8610E-09 1.8913E-09 1.9189E-09 1.9457E-09 1.9715E-09 1.9963E-09 2.0208E-09 2.0443E-09 2.0667E-09 2.0880E-09 2.1095E-09 2.1292E-09 2.1471E-09 2.1638E-09 2.1806E-09 2.1949E-09 2.2078E-09 2.2195E-09 2.2297E-09 2.2380E-09 2.2449E-09 2.2519E-09 2.2576E-09
7.4526E-10 7.7577E-10 8.0624E-10 8.3750E-10 8.6954E-10 9.0178E-10 9.3442E-10 9.6751E-10 1.0010E-09 1.0347E-09 1.0688E-09 1.1031E-09 1.1377E-09 1.1724E-09 1.2073E-09 1.2421E-09 1.2773E-09 1.3122E-09 1.3475E-09 1.3828E-09 1.4183E-09 1.4537E-09 1.4889E-09 1.5240E-09 1.5584E-09 1.5930E-09 1.6269E-09 1.6610E-09 1.6947E-09 1.7303E-09 1.7650E-09 1.7994E-09 1.8333E-09 1.8662E-09 1.8985E-09 1.9281E-09 1.9569E-09 1.9848E-09 2.0118E-09 2.0385E-09 2.0643E-09 2.0889E-09 2.1132E-09 2.1364E-09 2.1584E-09 2.1794E-09 2.1992E-09 2.2177E-09 2.2344E-09 2.2497E-09 2.2636E-09 2.2756E-09 2.2877E-09 2.2976E-09 2.3068E-09 2.3139E-09 2.3190E-09
7.5103E-10 7.8165E-10 8.1281E-10 8.4454E-10 8.7680E-10 9.0953E-10 9.4302E-10 9.7637E-10 1.0104E-09 1.0448E-09 1.0795E-09 1.1142E-09 1.1497E-09 1.1849E-09 1.2205E-09 1.2563E-09 1.2924E-09 1.3286E-09 1.3648E-09 1.4012E-09 1.4376E-09 1.4739E-09 1.5102E-09 1.5458E-09 1.5817E-09 1.6169E-09 1.6525E-09 1.6877E-09 1.7249E-09 1.7613E-09 1.7974E-09 1.8331E-09 1.8679E-09 1.9021E-09 1.9338E-09 1.9647E-09 1.9947E-09 2.0245E-09 2.0534E-09 2.0814E-09 2.1090E-09 2.1357E-09 2.1612E-09 2.1858E-09 2.2092E-09 2.2315E-09 2.2518E-09 2.2709E-09 2.2887E-09 2.3052E-09 2.3211E-09 2.3349E-09 2.3472E-09 2.3581E-09 2.3669E-09 2.3742E-09 2.3800E-09
7.5599E-10 7.8700E-10 8.1831E-10 8.5077E-10 8.8350E-10 9.1701E-10 9.5046E-10 9.8463E-10 1.0192E-09 1.0542E-09 1.0896E-09 1.1252E-09 1.1611E-09 1.1973E-09 1.2337E-09 1.2705E-09 1.3074E-09 1.3444E-09 1.3816E-09 1.4190E-09 1.4563E-09 1.4931E-09 1.5303E-09 1.5670E-09 1.6040E-09 1.6409E-09 1.6775E-09 1.7163E-09 1.7543E-09 1.7921E-09 1.8296E-09 1.8662E-09 1.9023E-09 1.9359E-09 1.9688E-09 2.0009E-09 2.0329E-09 2.0641E-09 2.0950E-09 2.1250E-09 2.1540E-09 2.1819E-09 2.2097E-09 2.2350E-09 2.2598E-09 2.2827E-09 2.3050E-09 2.3255E-09 2.3446E-09 2.3624E-09 2.3787E-09 2.3935E-09 2.4063E-09 2.4174E-09 2.4271E-09 2.4353E-09 2.4420E-09
7.6046E-10 7.9184E-10 8.2413E-10 8.5647E-10 8.8964E-10 9.2365E-10 9.5789E-10 9.9231E-10 1.0278E-09 1.0633E-09 1.0993E-09 1.1356E-09 1.1722E-09 1.2088E-09 1.2464E-09 1.2836E-09 1.3213E-09 1.3597E-09 1.3974E-09 1.4356E-09 1.4733E-09 1.5117E-09 1.5500E-09 1.5881E-09 1.6263E-09 1.6643E-09 1.7044E-09 1.7440E-09 1.7834E-09 1.8225E-09 1.8609E-09 1.8988E-09 1.9344E-09 1.9693E-09 2.0035E-09 2.0376E-09 2.0710E-09 2.1042E-09 2.1365E-09 2.1679E-09 2.1991E-09 2.2286E-09 2.2571E-09 2.2838E-09 2.3101E-09 2.3351E-09 2.3582E-09 2.3800E-09 2.4004E-09 2.4194E-09 2.4362E-09 2.4515E-09 2.4653E-09 2.4784E-09 2.4908E-09 2.5018E-09 2.5103E-09
7.6440E-10 7.9643E-10 8.2886E-10 8.6159E-10 8.9550E-10 9.2970E-10 9.6442E-10 9.9966E-10 1.0354E-09 1.0712E-09 1.1081E-09 1.1451E-09 1.1820E-09 1.2201E-09 1.2581E-09 1.2960E-09 1.3350E-09 1.3734E-09 1.4124E-09 1.4515E-09 1.4908E-09 1.5301E-09 1.5694E-09 1.6087E-09 1.6479E-09 1.6894E-09 1.7304E-09 1.7712E-09 1.8115E-09 1.8520E-09 1.8917E-09 1.9291E-09 1.9660E-09 2.0029E-09 2.0391E-09 2.0746E-09 2.1094E-09 2.1441E-09 2.1786E-09 2.2123E-09 2.2443E-09 2.2753E-09 2.3054E-09 2.3344E-09 2.3615E-09 2.3873E-09 2.4118E-09 2.4350E-09 2.4560E-09 2.4756E-09 2.4945E-09 2.5128E-09 2.5286E-09 2.5430E-09 2.5557E-09 2.5662E-09 2.5751E-09
7.6782E-10 8.0021E-10 8.3273E-10 8.6615E-10 9.0049E-10 9.3514E-10 9.7033E-10 1.0061E-09 1.0423E-09 1.0791E-09 1.1162E-09 1.1538E-09 1.1917E-09 1.2302E-09 1.2690E-09 1.3080E-09 1.3476E-09 1.3873E-09 1.4272E-09 1.4673E-09 1.5075E-09 1.5478E-09 1.5882E-09 1.6285E-09 1.6712E-09 1.7135E-09 1.7553E-09 1.7975E-09 1.8396E-09 1.8810E-09 1.9202E-09 1.9589E-09 1.9977E-09 2.0360E-09 2.0744E-09 2.1120E-09 2.1490E-09 2.1853E-09 2.2213E-09 2.2553E-09 2.2889E-09 2.3224E-09 2.3540E-09 2.3838E-09 2.4124E-09 2.4398E-09 2.4651E-09 2.4898E-09 2.5131E-09 2.5350E-09 2.5553E-09 2.5748E-09 2.5913E-09 2.6061E-09 2.6193E-09 2.6337E-09 2.6456E-09
7.7073E-10 8.0346E-10 8.3631E-10 8.7042E-10 9.0490E-10 9.3998E-10 9.7594E-10 1.0119E-09 1.0487E-09 1.0862E-09 1.1237E-09 1.1619E-09 1.2009E-09 1.2398E-09 1.2793E-09 1.3196E-09 1.3599E-09 1.4000E-09 1.4413E-09 1.4823E-09 1.5235E-09 1.5648E-09 1.6057E-09 1.6495E-09 1.6930E-09 1.7365E-09 1.7801E-09 1.8237E-09 1.8667E-09 1.9075E-09 1.9480E-09 1.9887E-09 2.0290E-09 2.0694E-09 2.1093E-09 2.1492E-09 2.1884E-09 2.2263E-09 2.2633E-09 2.2997E-09 2.3344E-09 2.3688E-09 2.4014E-09 2.4328E-09 2.4629E-09 2.4920E-09 2.5197E-09 2.5460E-09 2.5708E-09 2.5942E-09 2.6160E-09 2.6364E-09 2.6561E-09 2.6732E-09 2.6896E-09 2.7056E-09 2.7190E-09
7.7335E-10 8.0586E-10 8.3933E-10 8.7381E-10 9.0867E-10 9.4447E-10 9.8031E-10 1.0170E-09 1.0546E-09 1.0921E-09 1.1304E-09 1.1697E-09 1.2091E-09 1.2490E-09 1.2892E-09 1.3300E-09 1.3711E-09 1.4125E-09 1.4542E-09 1.4956E-09 1.5383E-09 1.5806E-09 1.6249E-09 1.6699E-09 1.7146E-09 1.7594E-09 1.8043E-09 1.8488E-09 1.8912E-09 1.9333E-09 1.9758E-09 2.0180E-09 2.0604E-09 2.1023E-09 2.1445E-09 2.1860E-09 2.2263E-09 2.2665E-09 2.3054E-09 2.3434E-09 2.3798E-09 2.4152E-09 2.4494E-09 2.4826E-09 2.5146E-09 2.5453E-09 2.5747E-09 2.6026E-09 2.6300E-09 2.6551E-09 2.6787E-09 2.7026E-09 2.7249E-09 2.7447E-09 2.7620E-09 2.7788E-09 2.7949E-09
7.7518E-10 8.0825E-10 8.4206E-10 8.7662E-10 9.1184E-10 9.4805E-10 9.8433E-10 1.0215E-09 1.0596E-09 1.0979E-09 1.1368E-09 1.1763E-09 1.2164E-09 1.2574E-09 1.2980E-09 1.3395E-09 1.3814E-09 1.4237E-09 1.4663E-09 1.5091E-09 1.5523E-09 1.5979E-09 1.6438E-09 1.6896E-09 1.7355E-09 1.7816E-09 1.8254E-09 1.8712E-09 1.9149E-09 1.9591E-09 2.0030E-09 2.0473E-09 2.0913E-09 2.1355E-09 2.1793E-09 2.2219E-09 2.2646E-09 2.3060E-09 2.3466E-09 2.3856E-09 2.4237E-09 2.4616E-09 2.4978E-09 2.5328E-09 2.5665E-09 2.5989E-09 2.6309E-09 2.6617E-09 2.6911E-09 2.7200E-09 2.7464E-09 2.7724E-09 2.7958E-09 2.8176E-09 2.8367E-09 2.8578E-09 2.8775E-09
7.7617E-10 8.0951E-10 8.4392E-10 8.7880E-10 9.1468E-10 9.5099E-10 9.8767E-10 1.0256E-09 1.0639E-09 1.1027E-09 1.1423E-09 1.1824E-09 1.2231E-09 1.2647E-09 1.3065E-09 1.3483E-09 1.3915E-09 1.4346E-09 1.4780E-09 1.5218E-09 1.5682E-09 1.6149E-09 1.6615E-09 1.7064E-09 1.7536E-09 1.8006E-09 1.8478E-09 1.8929E-09 1.9386E-09 1.9842E-09 2.0303E-09 2.0761E-09 2.1223E-09 2.1682E-09 2.2138E-09 2.2588E-09 2.3019E-09 2.3451E-09 2.3868E-09 2.4285E-09 2.4692E-09 2.5082E-09 2.5462E-09 2.5829E-09 2.6194E-09 2.6558E-09 2.6900E-09 2.7228E-09 2.7563E-09 2.7864E-09 2.8150E-09 2.8420E-09 2.8742E-09 2.9045E-09 2.9331E-09 2.9528E-09 2.9712E-09
7.7687E-10 8.1078E-10 8.4520E-10 8.8037E-10 9.1660E-10 9.5298E-10 9.9034E-10 1.0287E-09 1.0674E-09 1.1072E-09 1.1473E-09 1.1875E-09 1.2293E-09 1.2713E-09 1.3138E-09 1.3568E-09 1.4003E-09 1.4442E-09 1.4885E-09 1.5355E-09 1.5807E-09 1.6286E-09 1.6764E-09 1.7241E-09 1.7726E-09 1.8209E-09 1.8673E-09 1.9144E-09 1.9615E-09 2.0092E-09 2.0575E-09 2.1056E-09 2.1522E-09 2.2005E-09 2.2478E-09 2.2940E-09 2.3396E-09 2.3839E-09 2.4282E-09 2.4711E-09 2.5130E-09 2.5539E-09 2.5947E-09 2.6354E-09 2.6742E-09 2.7136E-09 2.7510E-09 2.7872E-09 2.8253E-09 2.8612E-09 2.8988E-09 2.9308E-09 2.9613E-09 2.9862E-09 3.0096E-09 3.0329E-09 3.0551E-09
7.7704E-10 8.1118E-10 8.4586E-10 8.8162E-10 9.1789E-10 9.5459E-10 9.9264E-10 1.0311E-09 1.0702E-09 1.1105E-09 1.1508E-09 1.1921E-09 1.2344E-09 1.2770E-09 1.3207E-09 1.3640E-09 1.4082E-09 1.4534E-09 1.4987E-09 1.5461E-09 1.5946E-09 1.6432E-09 1.6921E-09 1.7415E-09 1.7907E-09 1.8383E-09 1.8867E-09 1.9351E-09 1.9843E-09 2.0342E-09 2.0834E-09 2.1332E-09 2.1828E-09 2.2323E-09 2.2807E-09 2.3287E-09 2.3763E-09 2.4232E-09 2.4688E-09 2.5127E-09 2.5575E-09 2.6024E-09 2.6462E-09 2.6894E-09 2.7325E-09 2.7734E-09 2.8209E-09 2.8623E-09 2.9014E-09 2.9429E-09 2.9755E-09 3.0063E-09 3.0383E-09 3.0684E-09 3.0971E-09 3.1216E-09 3.1450E-09
7.7693E-10 8.1102E-10 8.4594E-10 8.8196E-10 9.1824E-10 9.5555E-10 9.9395E-10 1.0328E-09 1.0728E-09 1.1133E-09 1.1544E-09 1.1962E-09 1.2388E-09 1.2820E-09 1.3263E-09 1.3708E-09 1.4153E-09 1.4613E-09 1.5097E-09 1.5587E-09 1.6077E-09 1.6573E-09 1.7074E-09 1.7555E-09 1.8060E-09 1.8555E-09 1.9051E-09 1.9556E-09 2.0064E-09 2.0578E-09 2.1092E-09 2.1607E-09 2.2122E-09 2.2628E-09 2.3130E-09 2.3630E-09 2.4124E-09 2.4606E-09 2.5090E-09 2.5577E-09 2.6055E-09 2.6529E-09 2.6994E-09 2.7502E-09 2.7985E-09 2.8449E-09 2.8933E-09 2.9365E-09 2.9763E-09 3.0146E-09 3.0526E-09 3.0875E-09 3.1206E-09 3.1507E-09 3.1793E-09 3.2080E-09 3.2358E-09
7.7598E-10 8.1026E-10 8.4542E-10 8.8170E-10 9.1821E-10 9.5615E-10 9.9458E-10 1.0338E-09 1.0742E-09 1.1148E-09 1.1569E-09 1.1996E-09 1.2423E-09 1.2866E-09 1.3312E-09 1.3763E-09 1.4220E-09 1.4706E-09 1.5199E-09 1.5698E-09 1.6179E-09 1.6681E-09 1.7194E-09 1.7707E-09 1.8210E-09 1.8717E-09 1.9228E-09 1.9754E-09 2.0282E-09 2.0812E-09 2.1344E-09 2.1877E-09 2.2403E-09 2.2926E-09 2.3449E-09 2.3967E-09 2.4474E-09 2.4985E-09 2.5500E-09 2.6019E-09 2.6525E-09 2.7067E-09 2.7603E-09 2.8124E-09 2.8628E-09 2.9166E-09 2.9620E-09 3.0060E-09 3.0500E-09 3.0910E-09 3.1292E-09 3.1656E-09 3.2000E-09 3.2344E-09 3.2658E-09 3.3021E-09 3.3330E-09
7.7449E-10 8.0893E-10 8.4428E-10 8.8051E-10 9.1756E-10 9.5577E-10 9.9450E-10 1.0345E-09 1.0750E-09 1.1163E-09 1.1584E-09 1.2013E-09 1.2450E-09 1.2899E-09 1.3351E-09 1.3814E-09 1.4279E-09 1.4774E-09 1.5271E-09 1.5776E-09 1.6287E-09 1.6805E-09 1.7324E-09 1.7829E-09 1.8344E-09 1.8871E-09 1.9408E-09 1.9949E-09 2.0485E-09 2.1039E-09 2.1589E-09 2.2132E-09 2.2676E-09 2.3219E-09 2.3761E-09 2.4301E-09 2.4847E-09 2.5399E-09 2.5939E-09 2.6518E-09 2.7094E-09 2.7666E-09 2.8216E-09 2.8766E-09 2.9308E-09 2.9817E-09 3.0300E-09 3.0771E-09 3.1214E-09 3.1641E-09 3.2083E-09 3.2506E-09 3.2896E-09 3.3272E-09 3.3620E-09 3.3973E-09 3.4317E-09
7.7215E-10 8.0705E-10 8.4254E-10 8.7896E-10 9.1655E-10 9.5473E-10 9.9373E-10 1.0338E-09 1.0746E-09 1.1168E-09 1.1597E-09 1.2032E-09 1.2474E-09 1.2924E-09 1.3381E-09 1.3851E-09 1.4346E-09 1.4845E-09 1.5356E-09 1.5870E-09 1.6391E-09 1.6915E-09 1.7425E-09 1.7948E-09 1.8482E-09 1.9028E-09 1.9572E-09 2.0127E-09 2.0688E-09 2.1252E-09 2.1819E-09 2.2388E-09 2.2951E-09 2.3505E-09 2.4068E-09 2.4639E-09 2.5217E-09 2.5836E-09 2.6447E-09 2.7056E-09 2.7654E-09 2.8256E-09 2.8845E-09 2.9404E-09 2.9941E-09 3.0467E-09 3.0970E-09 3.1490E-09 3.1981E-09 3.2470E-09 3.2929E-09 3.3357E-09 3.3765E-09 3.4162E-09 3.4561E-09 3.4998E-09 3.5475E-09
7.6952E-10 8.0455E-10 8.4023E-10 8.7681E-10 9.1460E-10 9.5271E-10 9.9246E-10 1.0331E-09 1.0742E-09 1.1163E-09 1.1594E-09 1.2038E-09 1.2485E-09 1.2940E-09 1.3409E-09 1.3902E-09 1.4405E-09 1.4916E-09 1.5411E-09 1.5930E-09 1.6461E-09 1.6995E-09 1.7523E-09 1.8063E-09 1.8609E-09 1.9169E-09 1.9722E-09 2.0300E-09 2.0882E-09 2.1463E-09 2.2048E-09 2.2629E-09 2.3210E-09 2.3795E-09 2.4389E-09 2.4993E-09 2.5640E-09 2.6281E-09 2.6922E-09 2.7570E-09 2.8200E-09 2.8827E-09 2.9412E-09 2.9990E-09 3.0575E-09 3.1153E-09 3.1705E-09 3.2244E-09 3.2770E-09 3.3267E-09 3.3747E-09 3.4240E-09 3.4715E-09 3.5228E-09 3.5657E-09 3.6127E-09 3.6596E-09
7.6636E-10 8.0149E-10 8.3701E-10 8.7405E-10 9.1202E-10 9.5029E-10 9.9029E-10 1.0309E-09 1.0729E-09 1.1157E-09 1.1592E-09 1.2035E-09 1.2487E-09 1.2953E-09 1.3422E-09 1.3923E-09 1.4433E-09 1.4949E-09 1.5473E-09 1.6005E-09 1.6541E-09 1.7072E-09 1.7610E-09 1.8155E-09 1.8722E-09 1.9294E-09 1.9881E-09 2.0474E-09 2.1067E-09 2.1666E-09 2.2262E-09 2.2860E-09 2.3472E-09 2.4089E-09 2.4758E-09 2.5430E-09 2.6090E-09 2.6776E-09 2.7456E-09 2.8119E-09 2.8747E-09 2.9385E-09 3.0019E-09 3.0635E-09 3.1242E-09 3.1841E-09 3.2429E-09 3.3008E-09 3.3589E-09 3.4139E-09 3.4687E-09 3.5189E-09 3.5871E-09 3.6445E-09 3.6930E-09 3.7421E-09 3.7892E-09
7.6269E-10 7.9789E-10 8.3377E-10 8.7064E-10 9.0848E-10 9.4773E-10 9.8792E-10 1.0283E-09 1.0705E-09 1.1134E-09 1.1578E-09 1.2030E-09 1.2481E-09 1.2952E-09 1.3449E-09 1.3957E-09 1.4474E-09 1.4997E-09 1.5509E-09 1.6046E-09 1.6592E-09 1.7132E-09 1.7687E-09 1.8258E-09 1.8836E-09 1.9430E-09 2.0031E-09 2.0633E-09 2.1237E-09 2.1853E-09 2.2466E-09 2.3088E-09 2.3731E-09 2.4422E-09 2.5119E-09 2.5828E-09 2.6542E-09 2.7245E-09 2.7928E-09 2.8605E-09 2.9282E-09 2.9955E-09 3.0613E-09 3.1264E-09 3.1925E-09 3.2565E-09 3.3196E-09 3.3878E-09 3.4535E-09 3.5211E-09 3.5827E-09 3.6425E-09 3.6989E-09 3.7527E-09 3.8059E-09 3.8585E-09 3.9121E-09
7.5843E-10 7.9342E-10 8.2969E-10 8.6664E-10 9.0459E-10 9.4399E-10 9.8409E-10 1.0256E-09 1.0681E-09 1.1108E-09 1.1555E-09 1.2006E-09 1.2472E-09 1.2969E-09 1.3446E-09 1.3960E-09 1.4481E-09 1.5011E-09 1.5551E-09 1.6097E-09 1.6638E-09 1.7195E-09 1.7768E-09 1.8349E-09 1.8942E-09 1.9536E-09 2.0152E-09 2.0778E-09 2.1404E-09 2.2023E-09 2.2676E-09 2.3326E-09 2.4037E-09 2.4755E-09 2.5489E-09 2.6229E-09 2.6961E-09 2.7689E-09 2.8399E-09 2.9111E-09 2.9825E-09 3.0522E-09 3.1233E-09 3.1943E-09 3.2680E-09 3.3412E-09 3.4139E-09 3.4886E-09 3.5579E-09 3.6233E-09 3.6856E-09 3.7459E-09 3.8059E-09 3.8666E-09 3.9248E-09 3.9807E-09 4.0388E-09
