Assets/Resources/2015_m01_d10_0300(utc+0800)_l00_csi_1hr_conc.grd
DSAA
         159         159
     -79.000      79.000
     -79.000      79.000
  0.1753E-08  0.3125E-05
[rows 75 to 99 of 159, columns 57 to 113 of 159]
2.7456E-08 2.7786E-08 2.8102E-08 2.8372E-08 2.9062E-08 2.9520E-08 3.1193E-08 3.2959E-08 3.4728E-08 3.6946E-08 3.9542E-08 4.3018E-08 4.7070E-08 5.3871E-08 6.3751E-08 7.4055E-08 8.8477E-08 1.0786E-07 1.3489E-07 2.7463E-07 5.7302E-07 8.4268E-07 1.0241E-06 1.1845E-06 1.2870E-06 1.3208E-06 1.3003E-06 1.2279E-06 1.0547E-06 9.2323E-07 7.7234E-07 6.3237E-07 4.8546E-07 4.0349E-07 3.4071E-07 2.9243E-07 2.5563E-07 2.2333E-07 1.9456E-07 1.6939E-07 1.4786E-07 1.2851E-07 1.1109E-07 9.6034E-08 8.2839E-08 7.1333E-08 5.3306E-08 4.6119E-08 4.0079E-08 3.4545E-08 2.4881E-08 2.2164E-08 1.5530E-08 1.4370E-08 1.3460E-08 9.1354E-09 8.9116E-09
2.6745E-08 2.7063E-08 2.7369E-08 2.7611E-08 2.7828E-08 2.8548E-08 2.9443E-08 3.1245E-08 3.3452E-08 3.5564E-08 3.8305E-08 4.1790E-08 4.5699E-08 5.2482E-08 6.2050E-08 7.2426E-08 8.6454E-08 1.0645E-07 1.3542E-07 2.0604E-07 5.7715E-07 1.1451E-06 1.4803E-06 1.6561E-06 1.7955E-06 1.8482E-06 1.7992E-06 1.6659E-06 1.4727E-06 1.1835E-06 9.4930E-07 7.4415E-07 5.5049E-07 4.4233E-07 3.6398E-07 3.0616E-07 2.6090E-07 2.2453E-07 1.9464E-07 1.6837E-07 1.4517E-07 1.2582E-07 1.0888E-07 9.3830E-08 8.0809E-08 6.9706E-08 5.1714E-08 4.4977E-08 3.9159E-08 3.4030E-08 2.4444E-08 2.1854E-08 1.5270E-08 1.4105E-08 1.3265E-08 8.9086E-09 8.6899E-09
2.6081E-08 2.6368E-08 2.6639E-08 2.6878E-08 2.7072E-08 2.7243E-08 2.7991E-08 2.9591E-08 3.1404E-08 3.4107E-08 3.6393E-08 3.9393E-08 4.3175E-08 4.9753E-08 5.8733E-08 6.9004E-08 8.2791E-08 1.0232E-07 1.3596E-07 1.9744E-07 3.5307E-07 1.2564E-06 2.1162E-06 2.4044E-06 2.4680E-06 2.4801E-06 2.3930E-06 2.1825E-06 1.8675E-06 1.4494E-06 1.1172E-06 8.4188E-07 6.0428E-07 4.7300E-07 3.8216E-07 3.1686E-07 2.6717E-07 2.2750E-07 1.9435E-07 1.6726E-07 1.4364E-07 1.2324E-07 1.0595E-07 9.1440E-08 7.8695E-08 6.7721E-08 5.8654E-08 4.3729E-08 3.8090E-08 3.3401E-08 2.4000E-08 2.1387E-08 1.4982E-08 1.3986E-08 1.3150E-08 8.7939E-09 8.5862E-09
2.5441E-08 2.5688E-08 2.5938E-08 2.6150E-08 2.6344E-08 2.6490E-08 2.6628E-08 2.7706E-08 2.9596E-08 3.2181E-08 3.4163E-08 3.6679E-08 3.9946E-08 4.5801E-08 5.4137E-08 6.3710E-08 7.6851E-08 9.5750E-08 1.2879E-07 1.9216E-07 3.2573E-07 6.4079E-07 2.1789E-06 3.0891E-06 3.1246E-06 2.9742E-06 2.8248E-06 2.5431E-06 2.1476E-06 1.6254E-06 1.2227E-06 9.0223E-07 6.3937E-07 4.9439E-07 3.9540E-07 3.2496E-07 2.7177E-07 2.2971E-07 1.9499E-07 1.6591E-07 1.4152E-07 1.2109E-07 1.0354E-07 8.8670E-08 7.6487E-08 6.6102E-08 5.7087E-08 4.2574E-08 3.7195E-08 3.2810E-08 2.3603E-08 2.1061E-08 1.4779E-08 1.3854E-08 1.3026E-08 8.6686E-09 8.4305E-09
2.4830E-08 2.5047E-08 2.5264E-08 2.5451E-08 2.5643E-08 2.5773E-08 2.5874E-08 2.5969E-08 2.7502E-08 2.9245E-08 3.1840E-08 3.3940E-08 3.6594E-08 4.1811E-08 4.9309E-08 5.7857E-08 6.9805E-08 8.6919E-08 1.1698E-07 1.7448E-07 2.9922E-07 5.8188E-07 1.0728E-06 2.1748E-06 2.8863E-06 2.8279E-06 2.6410E-06 2.4412E-06 2.1044E-06 1.6076E-06 1.2197E-06 9.0785E-07 6.4980E-07 5.0428E-07 4.0309E-07 3.2996E-07 2.7432E-07 2.3043E-07 1.9451E-07 1.6474E-07 1.3962E-07 1.1875E-07 1.0137E-07 8.6659E-08 7.4381E-08 6.4248E-08 4.7239E-08 4.1333E-08 3.6229E-08 3.2183E-08 2.2978E-08 2.0772E-08 1.4633E-08 1.3722E-08 1.2902E-08 8.5233E-09 8.3545E-09
2.4198E-08 2.4439E-08 2.4624E-08 2.4794E-08 2.4940E-08 2.5082E-08 2.5173E-08 2.5232E-08 2.5683E-08 2.7076E-08 2.9417E-08 3.1461E-08 3.3670E-08 3.8242E-08 4.4844E-08 5.2353E-08 6.2896E-08 7.7579E-08 1.0289E-07 1.4812E-07 2.3809E-07 4.2905E-07 7.4990E-07 1.0851E-06 1.3773E-06 1.7394E-06 1.8328E-06 1.7884E-06 1.6713E-06 1.4078E-06 1.1155E-06 8.6545E-07 6.4157E-07 5.0504E-07 4.0549E-07 3.3150E-07 2.7428E-07 2.2909E-07 1.9236E-07 1.6205E-07 1.3698E-07 1.1610E-07 9.8762E-08 8.4540E-08 7.2489E-08 6.2435E-08 4.5840E-08 4.0193E-08 3.5380E-08 3.1409E-08 2.2574E-08 2.0463E-08 1.4469E-08 1.3599E-08 1.2743E-08 8.4716E-09 8.2850E-09
2.3629E-08 2.3812E-08 2.4020E-08 2.4160E-08 2.4293E-08 2.4392E-08 2.4490E-08 2.4547E-08 2.4892E-08 2.5540E-08 2.6997E-08 2.9121E-08 3.1089E-08 3.5066E-08 4.0749E-08 4.7172E-08 5.6064E-08 6.8307E-08 8.6176E-08 1.1881E-07 1.7664E-07 2.7636E-07 4.3027E-07 6.0864E-07 7.6590E-07 8.9158E-07 1.0003E-06 1.0815E-06 1.0780E-06 1.0348E-06 9.4898E-07 7.6115E-07 6.1433E-07 4.9299E-07 3.9862E-07 3.2581E-07 2.6891E-07 2.2357E-07 1.8704E-07 1.5697E-07 1.3244E-07 1.1216E-07 9.5450E-08 8.1592E-08 7.0070E-08 6.0488E-08 4.4173E-08 3.8900E-08 3.4383E-08 2.4444E-08 2.2144E-08 2.0163E-08 1.4301E-08 1.3394E-08 1.2613E-08 8.4050E-09 8.1620E-09
2.3016E-08 2.3189E-08 2.3398E-08 2.3523E-08 2.3679E-08 2.3767E-08 2.3831E-08 2.3879E-08 2.4027E-08 2.4308E-08 2.5520E-08 2.6884E-08 2.8727E-08 3.2153E-08 3.6964E-08 4.2389E-08 4.9729E-08 5.9935E-08 7.3741E-08 9.7522E-08 1.3381E-07 1.8655E-07 2.6082E-07 3.5172E-07 4.4795E-07 5.3985E-07 6.1325E-07 6.8118E-07 7.1819E-07 7.2030E-07 6.8758E-07 6.2955E-07 5.4235E-07 4.5115E-07 3.7287E-07 3.0658E-07 2.5350E-07 2.1099E-07 1.7615E-07 1.4805E-07 1.2493E-07 1.0584E-07 9.0186E-08 7.7170E-08 6.6598E-08 5.7676E-08 4.2307E-08 3.7248E-08 3.3173E-08 2.3904E-08 2.1642E-08 1.4977E-08 1.4067E-08 1.3244E-08 1.2421E-08 8.3180E-09 8.1300E-09
2.2475E-08 2.2638E-08 2.2785E-08 2.2903E-08 2.3059E-08 2.3121E-08 2.3164E-08 2.3250E-08 2.3368E-08 2.3610E-08 2.4135E-08 2.5108E-08 2.6649E-08 2.9552E-08 3.2341E-08 3.8029E-08 4.4080E-08 5.2221E-08 6.3292E-08 8.0679E-08 1.0476E-07 1.3599E-07 1.7662E-07 2.2647E-07 2.8387E-07 3.4497E-07 4.0432E-07 4.5529E-07 4.9107E-07 5.0615E-07 4.9796E-07 4.6750E-07 4.1956E-07 3.6306E-07 3.1260E-07 2.6662E-07 2.2365E-07 1.8795E-07 1.5816E-07 1.3363E-07 1.1327E-07 9.6462E-08 8.2501E-08 7.0979E-08 6.1493E-08 5.3407E-08 3.9646E-08 3.5103E-08 3.1443E-08 2.3090E-08 2.1060E-08 1.4602E-08 1.3789E-08 1.3030E-08 8.4664E-09 8.2749E-09 8.0894E-09
2.1953E-08 2.2104E-08 2.2239E-08 2.2358E-08 2.2451E-08 2.2519E-08 2.2612E-08 2.2619E-08 2.2703E-08 2.2895E-08 2.3171E-08 2.3936E-08 2.4940E-08 2.6230E-08 2.9589E-08 3.4213E-08 3.9132E-08 4.5665E-08 5.4246E-08 6.4932E-08 8.2317E-08 1.0498E-07 1.3061E-07 1.6299E-07 2.0101E-07 2.4285E-07 2.8143E-07 3.1875E-07 3.5128E-07 3.6529E-07 3.5970E-07 3.4180E-07 3.1073E-07 2.7120E-07 2.2741E-07 2.0047E-07 1.7697E-07 1.5345E-07 1.3185E-07 1.1315E-07 9.7165E-08 8.3690E-08 7.2252E-08 6.2795E-08 5.4629E-08 4.1139E-08 3.6450E-08 3.2435E-08 2.4122E-08 2.1972E-08 2.0181E-08 1.4181E-08 1.3394E-08 1.2662E-08 8.4247E-09 8.2432E-09 8.0688E-09
2.1449E-08 2.1589E-08 2.1713E-08 2.1821E-08 2.1913E-08 2.1985E-08 2.2028E-08 2.2044E-08 2.2095E-08 2.2301E-08 2.2457E-08 2.2948E-08 2.3533E-08 2.4480E-08 2.7189E-08 3.0873E-08 3.4754E-08 3.9915E-08 4.6634E-08 5.5134E-08 6.8020E-08 8.2561E-08 1.0329E-07 1.2607E-07 1.5210E-07 1.8013E-07 2.0795E-07 2.3255E-07 2.5084E-07 2.6006E-07 2.5862E-07 2.4676E-07 2.2617E-07 1.9968E-07 1.7057E-07 1.4171E-07 1.2177E-07 1.1112E-07 9.9795E-08 8.8133E-08 7.7538E-08 6.8097E-08 5.9805E-08 5.2622E-08 4.6631E-08 3.6265E-08 3.2352E-08 2.9310E-08 2.2587E-08 2.0650E-08 1.9045E-08 1.3636E-08 1.2889E-08 1.2210E-08 8.4059E-09 8.2274E-09 8.0478E-09
2.0962E-08 2.1092E-08 2.1207E-08 2.1306E-08 2.1389E-08 2.1456E-08 2.1506E-08 2.1527E-08 2.1591E-08 2.1709E-08 2.1814E-08 2.2116E-08 2.2477E-08 2.3134E-08 2.4003E-08 2.6948E-08 3.0926E-08 3.4893E-08 4.0053E-08 4.6580E-08 5.4580E-08 6.6769E-08 7.9612E-08 9.7284E-08 1.1520E-07 1.3415E-07 1.5261E-07 1.6881E-07 1.8066E-07 1.8649E-07 1.8537E-07 1.7742E-07 1.6369E-07 1.4598E-07 1.2631E-07 1.0656E-07 8.8074E-08 6.9460E-08 6.7645E-08 6.2674E-08 5.7011E-08 5.1499E-08 4.6402E-08 4.1897E-08 3.4072E-08 3.0694E-08 2.8027E-08 2.2466E-08 2.0575E-08 1.9096E-08 1.3723E-08 1.2999E-08 1.2346E-08 8.5861E-09 8.3824E-09 8.1952E-09 8.0259E-09
2.0454E-08 2.0571E-08 2.0719E-08 2.0810E-08 2.0886E-08 2.0946E-08 2.0989E-08 2.1016E-08 2.1021E-08 2.1191E-08 2.1284E-08 2.1483E-08 2.1667E-08 2.2033E-08 2.2617E-08 2.4766E-08 2.6574E-08 3.0669E-08 3.4534E-08 3.9392E-08 4.5367E-08 5.2421E-08 6.3035E-08 7.3406E-08 8.6934E-08 9.9469E-08 1.1151E-07 1.2189E-07 1.2936E-07 1.3292E-07 1.3204E-07 1.2679E-07 1.1780E-07 1.0616E-07 9.3080E-08 7.9753E-08 6.1994E-08 5.2609E-08 4.4008E-08 3.9537E-08 3.6621E-08 3.3509E-08 3.4118E-08 2.9681E-08 2.7269E-08 2.5263E-08 2.3404E-08 1.9771E-08 1.8472E-08 1.7245E-08 1.2888E-08 1.2277E-08 1.1718E-08 8.5608E-09 8.3590E-09 8.1717E-09 7.9963E-09
1.9965E-08 2.0071E-08 2.0211E-08 2.0292E-08 2.0358E-08 2.0456E-08 2.0494E-08 2.0517E-08 2.0523E-08 2.0671E-08 2.0692E-08 2.0923E-08 2.1012E-08 2.1204E-08 2.1552E-08 2.2082E-08 2.4341E-08 2.7289E-08 3.0064E-08 3.3601E-08 3.7931E-08 4.3016E-08 4.8816E-08 5.5133E-08 6.4833E-08 7.2461E-08 7.9555E-08 8.8285E-08 9.2898E-08 9.5011E-08 9.4314E-08 9.0843E-08 8.5001E-08 7.7394E-08 6.6713E-08 5.5983E-08 4.8718E-08 4.1809E-08 3.5455E-08 2.9866E-08 2.6150E-08 2.4884E-08 2.3472E-08 2.2002E-08 2.0632E-08 1.9342E-08 1.8187E-08 1.7133E-08 1.6175E-08 1.2525E-08 1.1998E-08 1.1548E-08 8.7420E-09 8.5438E-09 8.3384E-09 8.1528E-09 7.9342E-09
1.9539E-08 1.9639E-08 1.9725E-08 1.9796E-08 1.9900E-08 1.9946E-08 1.9977E-08 1.9993E-08 2.0041E-08 2.0126E-08 2.0179E-08 2.0341E-08 2.0439E-08 2.0533E-08 2.0713E-08 2.1024E-08 2.1461E-08 2.3743E-08 2.6535E-08 2.8997E-08 3.2026E-08 3.5610E-08 3.9655E-08 4.4075E-08 4.8612E-08 5.3010E-08 5.9677E-08 6.3449E-08 6.6005E-08 6.7051E-08 6.6436E-08 6.4195E-08 6.0540E-08 5.3516E-08 4.8724E-08 4.3512E-08 3.8296E-08 3.3280E-08 2.8745E-08 2.4760E-08 2.1293E-08 1.8462E-08 1.7716E-08 1.7108E-08 1.6481E-08 1.5829E-08 1.5184E-08 1.4602E-08 1.4004E-08 1.1517E-08 1.1161E-08 1.0786E-08 8.7104E-09 8.5074E-09 8.2864E-09 8.0972E-09 7.9461E-09
1.9124E-08 1.9219E-08 1.9300E-08 1.9367E-08 1.9421E-08 1.9460E-08 1.9484E-08 1.9542E-08 1.9540E-08 1.9530E-08 1.9624E-08 1.9736E-08 1.9865E-08 1.9943E-08 2.0035E-08 2.0188E-08 2.0444E-08 2.0791E-08 2.2983E-08 2.5457E-08 2.7515E-08 2.9924E-08 3.2643E-08 3.5618E-08 3.8678E-08 4.1627E-08 4.4257E-08 4.6353E-08 4.7722E-08 4.8170E-08 4.7717E-08 4.6328E-08 4.4091E-08 4.1130E-08 3.7722E-08 3.4087E-08 3.0420E-08 2.6910E-08 2.3662E-08 2.0740E-08 1.8348E-08 1.3781E-08 1.2927E-08 1.2267E-08 1.1598E-08 1.1067E-08 1.2813E-08 1.2463E-08 1.0930E-08 1.0662E-08 1.0372E-08 8.8865E-09 8.6832E-09 8.4581E-09 8.2622E-09 8.1066E-09 7.9553E-09
1.8716E-08 1.8811E-08 1.8888E-08 1.8952E-08 1.9002E-08 1.9038E-08 1.9060E-08 1.9069E-08 1.9063E-08 1.9044E-08 1.9066E-08 1.9159E-08 1.9233E-08 1.9337E-08 1.9395E-08 1.9469E-08 1.9585E-08 1.9763E-08 2.0022E-08 2.1984E-08 2.2966E-08 2.5634E-08 2.7407E-08 2.9340E-08 3.1305E-08 3.3184E-08 3.4852E-08 3.6160E-08 3.6978E-08 3.7161E-08 3.6758E-08 3.5725E-08 3.4129E-08 3.2090E-08 2.9737E-08 2.7221E-08 2.4604E-08 2.2113E-08 1.9895E-08 1.6466E-08 1.3741E-08 1.3028E-08 1.2411E-08 1.1748E-08 1.1264E-08 1.0809E-08 1.0360E-08 9.9468E-09 9.6641E-09 9.4153E-09 9.1280E-09 8.8261E-09 8.6012E-09 8.4295E-09 8.2691E-09 8.1136E-09 7.9624E-09
1.8316E-08 1.8405E-08 1.8482E-08 1.8546E-08 1.8596E-08 1.8630E-08 1.8650E-08 1.8658E-08 1.8651E-08 1.8632E-08 1.8607E-08 1.8628E-08 1.8663E-08 1.8724E-08 1.8798E-08 1.8839E-08 1.8890E-08 1.8964E-08 1.9072E-08 1.9231E-08 2.0863E-08 2.1587E-08 2.3634E-08 2.4795E-08 2.5994E-08 2.7140E-08 2.8144E-08 2.8910E-08 2.9351E-08 2.9403E-08 2.9032E-08 2.8248E-08 2.7091E-08 2.5637E-08 2.3980E-08 2.2246E-08 2.0513E-08 1.8831E-08 1.5955E-08 1.3682E-08 1.3072E-08 1.2476E-08 1.1894E-08 1.1425E-08 1.0990E-08 1.0547E-08 1.0156E-08 9.8570E-09 9.5987E-09 9.3138E-09 8.9972E-09 8.7761E-09 8.5993E-09 8.4337E-09 8.2737E-09 8.1180E-09 7.9411E-09
1.7920E-08 1.8009E-08 1.8087E-08 1.8146E-08 1.8193E-08 1.8229E-08 1.8253E-08 1.8260E-08 1.8253E-08 1.8234E-08 1.8201E-08 1.8172E-08 1.8185E-08 1.8205E-08 1.8250E-08 1.8296E-08 1.8325E-08 1.8349E-08 1.8377E-08 1.8420E-08 1.8486E-08 1.8579E-08 2.0196E-08 2.0673E-08 2.1158E-08 2.3000E-08 2.3545E-08 2.3920E-08 2.4087E-08 2.4014E-08 2.3681E-08 2.3093E-08 2.2276E-08 2.1273E-08 2.0109E-08 1.8832E-08 1.6417E-08 1.4177E-08 1.3615E-08 1.3057E-08 1.2481E-08 1.2016E-08 1.1559E-08 1.1147E-08 1.0724E-08 1.0384E-08 1.0043E-08 9.7838E-09 9.4668E-09 9.1391E-09 8.9532E-09 8.7716E-09 8.6010E-09 8.4359E-09 8.2649E-09 8.0848E-09 7.9372E-09
1.7541E-08 1.7621E-08 1.7692E-08 1.7753E-08 1.7803E-08 1.7838E-08 1.7858E-08 1.7866E-08 1.7862E-08 1.7846E-08 1.7818E-08 1.7774E-08 1.7738E-08 1.7738E-08 1.7739E-08 1.7764E-08 1.7786E-08 1.7801E-08 1.7797E-08 1.7794E-08 1.7770E-08 1.7759E-08 1.7753E-08 1.7749E-08 1.9104E-08 1.9274E-08 1.9394E-08 1.9429E-08 1.9355E-08 1.9153E-08 1.8823E-08 1.8366E-08 1.7797E-08 1.7145E-08 1.6456E-08 1.4524E-08 1.4033E-08 1.3499E-08 1.2986E-08 1.2538E-08 1.2098E-08 1.1660E-08 1.1274E-08 1.0878E-08 1.0537E-08 1.0214E-08 9.9196E-09 9.6105E-09 9.3190E-09 9.1293E-09 8.9439E-09 8.7696E-09 8.6003E-09 8.4147E-09 8.2407E-09 8.0886E-09 7.9406E-09
1.7147E-08 1.7224E-08 1.7319E-08 1.7375E-08 1.7416E-08 1.7449E-08 1.7472E-08 1.7483E-08 1.7482E-08 1.7464E-08 1.7436E-08 1.7396E-08 1.7344E-08 1.7300E-08 1.7284E-08 1.7269E-08 1.7271E-08 1.7274E-08 1.7270E-08 1.7245E-08 1.7208E-08 1.7156E-08 1.7074E-08 1.6985E-08 1.6897E-08 1.6794E-08 1.6666E-08 1.6509E-08 1.6308E-08 1.6066E-08 1.5780E-08 1.5453E-08 1.5087E-08 1.4690E-08 1.4267E-08 1.3837E-08 1.3418E-08 1.3004E-08 1.2583E-08 1.2155E-08 1.1761E-08 1.1376E-08 1.1028E-08 1.0678E-08 1.0357E-08 1.0043E-08 9.7909E-09 9.4980E-09 9.3042E-09 9.1148E-09 8.9368E-09 8.7530E-09 8.5656E-09 8.4012E-09 8.2419E-09 8.0894E-09 7.9417E-09
1.6773E-08 1.6872E-08 1.6932E-08 1.6983E-08 1.7023E-08 1.7082E-08 1.7101E-08 1.7106E-08 1.7102E-08 1.7089E-08 1.7064E-08 1.7028E-08 1.6980E-08 1.6920E-08 1.6863E-08 1.6823E-08 1.6789E-08 1.6770E-08 1.6754E-08 1.6716E-08 1.6684E-08 1.6618E-08 1.6539E-08 1.6424E-08 1.6290E-08 1.6143E-08 1.5979E-08 1.5789E-08 1.5576E-08 1.5334E-08 1.5063E-08 1.4768E-08 1.4452E-08 1.4114E-08 1.3760E-08 1.3396E-08 1.3016E-08 1.2621E-08 1.2249E-08 1.1877E-08 1.1507E-08 1.1149E-08 1.0790E-08 1.0492E-08 1.0194E-08 9.9556E-09 9.6752E-09 9.4779E-09 9.2845E-09 9.1028E-09 8.9050E-09 8.7254E-09 8.5575E-09 8.3952E-09 8.2394E-09 8.0879E-09 7.9400E-09
1.6440E-08 1.6507E-08 1.6564E-08 1.6610E-08 1.6676E-08 1.6701E-08 1.6717E-08 1.6722E-08 1.6747E-08 1.6732E-08 1.6706E-08 1.6668E-08 1.6620E-08 1.6561E-08 1.6492E-08 1.6421E-08 1.6363E-08 1.6315E-08 1.6265E-08 1.6227E-08 1.6181E-08 1.6114E-08 1.6038E-08 1.5945E-08 1.5812E-08 1.5648E-08 1.5469E-08 1.5276E-08 1.5065E-08 1.4833E-08 1.4582E-08 1.4308E-08 1.4014E-08 1.3704E-08 1.3377E-08 1.3032E-08 1.2692E-08 1.2320E-08 1.1955E-08 1.1634E-08 1.1255E-08 1.0945E-08 1.0647E-08 1.0369E-08 1.0115E-08 9.8486E-09 9.6506E-09 9.4525E-09 9.2569E-09 9.0565E-09 8.8840E-09 8.7155E-09 8.5467E-09 8.3878E-09 8.2333E-09 8.0826E-09 7.9301E-09
1.6113E-08 1.6178E-08 1.6234E-08 1.6280E-08 1.6315E-08 1.6340E-08 1.6353E-08 1.6386E-08 1.6379E-08 1.6361E-08 1.6335E-08 1.6298E-08 1.6282E-08 1.6226E-08 1.6160E-08 1.6085E-08 1.6000E-08 1.5926E-08 1.5857E-08 1.5785E-08 1.5716E-08 1.5655E-08 1.5581E-08 1.5479E-08 1.5361E-08 1.5223E-08 1.5047E-08 1.4855E-08 1.4649E-08 1.4429E-08 1.4189E-08 1.3934E-08 1.3648E-08 1.3348E-08 1.3003E-08 1.2690E-08 1.2396E-08 1.2061E-08 1.1723E-08 1.1413E-08 1.1114E-08 1.0830E-08 1.0577E-08 1.0280E-08 1.0035E-08 9.8233E-09 9.6219E-09 9.4115E-09 9.2173E-09 9.0413E-09 8.8693E-09 8.6970E-09 8.5347E-09 8.3771E-09 8.2234E-09 8.0680E-09 7.9228E-09
1.5792E-08 1.5857E-08 1.5911E-08 1.5956E-08 1.5991E-08 1.6016E-08 1.6031E-08 1.6036E-08 1.6029E-08 1.6013E-08 1.5986E-08 1.5979E-08 1.5933E-08 1.5878E-08 1.5813E-08 1.5739E-08 1.5657E-08 1.5565E-08 1.5471E-08 1.5413E-08 1.5327E-08 1.5234E-08 1.5138E-08 1.5043E-08 1.4947E-08 1.4826E-08 1.4683E-08 1.4466E-08 1.4261E-08 1.4039E-08 1.3802E-08 1.3556E-08 1.3294E-08 1.3007E-08 1.2732E-08 1.2440E-08 1.2147E-08 1.1848E-08 1.1568E-08 1.1299E-08 1.1035E-08 1.0751E-08 1.0485E-08 1.0249E-08 1.0025E-08 9.7960E-09 9.5726E-09 9.3805E-09 9.1990E-09 9.0192E-09 8.8459E-09 8.6804E-09 8.5195E-09 8.3628E-09 8.2071E-09 8.0563E-09 7.9115E-09
