Assets/Resources/2015_m01_d25_1800(utc+0800)_l00_csi_1hr_conc.grd
DSAA
         159         159
     -79.000      79.000
     -79.000      79.000
  0.0000E+00  0.4448E-05
[rows 100 to 124 of 159, columns 57 to 113 of 159]
8.2038E-10 1.0423E-09 1.3122E-09 1.6371E-09 2.0298E-09 2.4839E-09 3.0090E-09 3.6077E-09 4.3006E-09 5.0617E-09 5.8997E-09 6.8089E-09 7.7801E-09 8.8009E-09 9.8553E-09 1.1044E-08 1.2141E-08 1.3206E-08 1.4328E-08 1.5448E-08 1.6324E-08 1.7064E-08 1.7735E-08 1.8132E-08 1.8322E-08 1.8311E-08 1.8036E-08 1.7592E-08 1.7064E-08 1.6418E-08 1.5658E-08 1.4789E-08 1.3841E-08 1.2865E-08 1.1920E-08 1.0976E-08 1.0234E-08 9.4913E-09 8.8575E-09 8.2594E-09 7.6739E-09 7.1640E-09 6.6649E-09 6.2172E-09 5.7945E-09 5.3953E-09 5.0115E-09 4.6587E-09 4.3200E-09 4.0071E-09 3.6915E-09 3.4153E-09 3.1363E-09 2.8926E-09 2.6610E-09 2.4373E-09 2.2339E-09
7.2603E-10 9.3102E-10 1.1729E-09 1.4614E-09 1.8017E-09 2.2160E-09 2.6843E-09 3.2174E-09 3.8309E-09 4.5061E-09 5.2488E-09 6.0538E-09 6.9131E-09 7.8156E-09 8.7470E-09 9.6904E-09 1.0732E-08 1.1664E-08 1.2548E-08 1.3438E-08 1.4293E-08 1.4927E-08 1.5424E-08 1.5817E-08 1.5994E-08 1.6005E-08 1.5838E-08 1.5486E-08 1.5044E-08 1.4514E-08 1.3897E-08 1.3210E-08 1.2429E-08 1.1600E-08 1.0790E-08 9.9766E-09 9.2636E-09 8.6791E-09 8.0823E-09 7.5619E-09 7.0770E-09 6.5963E-09 6.1664E-09 5.7586E-09 5.3726E-09 5.0015E-09 4.6550E-09 4.3257E-09 4.0178E-09 3.7164E-09 3.4363E-09 3.1700E-09 2.9185E-09 2.6940E-09 2.4751E-09 2.2686E-09 2.0784E-09
6.4071E-10 8.2223E-10 1.0346E-09 1.2918E-09 1.5937E-09 1.9439E-09 2.3686E-09 2.8406E-09 3.3703E-09 3.9723E-09 4.6242E-09 5.3302E-09 6.0833E-09 6.8737E-09 7.6889E-09 8.5142E-09 9.3329E-09 1.0213E-08 1.0980E-08 1.1686E-08 1.2362E-08 1.2982E-08 1.3412E-08 1.3715E-08 1.3880E-08 1.3908E-08 1.3801E-08 1.3563E-08 1.3225E-08 1.2807E-08 1.2300E-08 1.1726E-08 1.1109E-08 1.0426E-08 9.7211E-09 9.0612E-09 8.3984E-09 7.8470E-09 7.3695E-09 6.9191E-09 6.4650E-09 6.0593E-09 5.6722E-09 5.3039E-09 4.9530E-09 4.6132E-09 4.3002E-09 3.9971E-09 3.7178E-09 3.4320E-09 3.1833E-09 2.9282E-09 2.7039E-09 2.4950E-09 2.2902E-09 2.1027E-09 1.9234E-09
5.6247E-10 7.1332E-10 9.0640E-10 1.1290E-09 1.3952E-09 1.7035E-09 2.0599E-09 2.4825E-09 2.9455E-09 3.4588E-09 4.0351E-09 4.6485E-09 5.3024E-09 5.9883E-09 6.6956E-09 7.4114E-09 8.1216E-09 8.8105E-09 9.4621E-09 1.0139E-08 1.0680E-08 1.1138E-08 1.1588E-08 1.1858E-08 1.2013E-08 1.2053E-08 1.1979E-08 1.1805E-08 1.1560E-08 1.1232E-08 1.0838E-08 1.0380E-08 9.8596E-09 9.3087E-09 8.7233E-09 8.1532E-09 7.5653E-09 7.0985E-09 6.6578E-09 6.2698E-09 5.8946E-09 5.5338E-09 5.1881E-09 4.8431E-09 4.5328E-09 4.2365E-09 3.9447E-09 3.6778E-09 3.4132E-09 3.1602E-09 2.9250E-09 2.6963E-09 2.4947E-09 2.2992E-09 2.1107E-09 1.9396E-09 1.7698E-09
4.8201E-10 6.1993E-10 7.8754E-10 9.7937E-10 1.2073E-09 1.4770E-09 1.7846E-09 2.1406E-09 2.5478E-09 2.9931E-09 3.4784E-09 4.0164E-09 4.5791E-09 5.1692E-09 5.7776E-09 6.3934E-09 7.0045E-09 7.5978E-09 8.1598E-09 8.6770E-09 9.1930E-09 9.5905E-09 9.9094E-09 1.0143E-08 1.0324E-08 1.0380E-08 1.0343E-08 1.0216E-08 1.0043E-08 9.8095E-09 9.4898E-09 9.1288E-09 8.7124E-09 8.2673E-09 7.7854E-09 7.2627E-09 6.7941E-09 6.3593E-09 6.0123E-09 5.6729E-09 5.3434E-09 5.0252E-09 4.7023E-09 4.4135E-09 4.1361E-09 3.8599E-09 3.6083E-09 3.3672E-09 3.1168E-09 2.8986E-09 2.6736E-09 2.4740E-09 2.2896E-09 2.1066E-09 1.9387E-09 1.7783E-09 1.6224E-09
4.1475E-10 5.3249E-10 6.7052E-10 8.4272E-10 1.0373E-09 1.2653E-09 1.5320E-09 1.8336E-09 2.1752E-09 2.5632E-09 2.9807E-09 3.4297E-09 3.9155E-09 4.4226E-09 4.9416E-09 5.4671E-09 5.9890E-09 6.4963E-09 6.9777E-09 7.4220E-09 7.8188E-09 8.1968E-09 8.4753E-09 8.6833E-09 8.8206E-09 8.8845E-09 8.8743E-09 8.7918E-09 8.6606E-09 8.5141E-09 8.2811E-09 7.9864E-09 7.6584E-09 7.2492E-09 6.8771E-09 6.4877E-09 6.0448E-09 5.6968E-09 5.3975E-09 5.1035E-09 4.8166E-09 4.5199E-09 4.2559E-09 4.0006E-09 3.7429E-09 3.5091E-09 3.2839E-09 3.0555E-09 2.8395E-09 2.6353E-09 2.4364E-09 2.2614E-09 2.0897E-09 1.9237E-09 1.7723E-09 1.6207E-09 1.4820E-09
3.4702E-10 4.4853E-10 5.7075E-10 7.1110E-10 8.8416E-10 1.0787E-09 1.3021E-09 1.5585E-09 1.8474E-09 2.1678E-09 2.5286E-09 2.9110E-09 3.3168E-09 3.7409E-09 4.1903E-09 4.6357E-09 5.0782E-09 5.5090E-09 5.9186E-09 6.2980E-09 6.6385E-09 6.9323E-09 7.1855E-09 7.3743E-09 7.5059E-09 7.5779E-09 7.5872E-09 7.5352E-09 7.4270E-09 7.3237E-09 7.1752E-09 6.9452E-09 6.6603E-09 6.3812E-09 6.0716E-09 5.7345E-09 5.4154E-09 5.0731E-09 4.8175E-09 4.5651E-09 4.2980E-09 4.0617E-09 3.8146E-09 3.5946E-09 3.3808E-09 3.1737E-09 2.9709E-09 2.7589E-09 2.5757E-09 2.3813E-09 2.2134E-09 2.0547E-09 1.8961E-09 1.7509E-09 1.6101E-09 1.4726E-09 1.3494E-09
2.8399E-10 3.7958E-10 4.7838E-10 5.9998E-10 7.3886E-10 9.0983E-10 1.0985E-09 1.3129E-09 1.5541E-09 1.8252E-09 2.1203E-09 2.4478E-09 2.7898E-09 3.1470E-09 3.5152E-09 3.8906E-09 4.2713E-09 4.6349E-09 4.9814E-09 5.3036E-09 5.5942E-09 5.8470E-09 6.0567E-09 6.2203E-09 6.3417E-09 6.4181E-09 6.4451E-09 6.4229E-09 6.3538E-09 6.2652E-09 6.1822E-09 5.9975E-09 5.7963E-09 5.5504E-09 5.3096E-09 5.0549E-09 4.8004E-09 4.5207E-09 4.2505E-09 4.0418E-09 3.8349E-09 3.6137E-09 3.4177E-09 3.2258E-09 3.0384E-09 2.8561E-09 2.6618E-09 2.4886E-09 2.3132E-09 2.1490E-09 2.0032E-09 1.8548E-09 1.7155E-09 1.5851E-09 1.4539E-09 1.3350E-09 1.2209E-09
2.2739E-10 3.0481E-10 3.9861E-10 5.0098E-10 6.1903E-10 7.5312E-10 9.1837E-10 1.0973E-09 1.2991E-09 1.5210E-09 1.7696E-09 2.0358E-09 2.3189E-09 2.6259E-09 2.9333E-09 3.2453E-09 3.5562E-09 3.8605E-09 4.1568E-09 4.4338E-09 4.6807E-09 4.8973E-09 5.0792E-09 5.2245E-09 5.3379E-09 5.4168E-09 5.4557E-09 5.4540E-09 5.4129E-09 5.3187E-09 5.2647E-09 5.1760E-09 4.9960E-09 4.8232E-09 4.6390E-09 4.4333E-09 4.2224E-09 3.9632E-09 3.7569E-09 3.5803E-09 3.3865E-09 3.2158E-09 3.0468E-09 2.8805E-09 2.7173E-09 2.5449E-09 2.3814E-09 2.2262E-09 2.0694E-09 1.9346E-09 1.8008E-09 1.6683E-09 1.5479E-09 1.4252E-09 1.3101E-09 1.2042E-09 1.1002E-09
1.4359E-10 2.4070E-10 3.1886E-10 4.1439E-10 5.1135E-10 6.2664E-10 7.5389E-10 9.1093E-10 1.0766E-09 1.2620E-09 1.4650E-09 1.6850E-09 1.9205E-09 2.1651E-09 2.4204E-09 2.6878E-09 2.9472E-09 3.2007E-09 3.4442E-09 3.6715E-09 3.8798E-09 4.0659E-09 4.2244E-09 4.3537E-09 4.4591E-09 4.5381E-09 4.5846E-09 4.5971E-09 4.5752E-09 4.5270E-09 4.4706E-09 4.4122E-09 4.3058E-09 4.1695E-09 4.0225E-09 3.8683E-09 3.6707E-09 3.4802E-09 3.2823E-09 3.1385E-09 2.9934E-09 2.8480E-09 2.7034E-09 2.5601E-09 2.4096E-09 2.2576E-09 2.1226E-09 1.9761E-09 1.8518E-09 1.7315E-09 1.6088E-09 1.4970E-09 1.3859E-09 1.2762E-09 1.1779E-09 1.0795E-09 9.8902E-10
1.1341E-10 1.5676E-10 2.5370E-10 3.2585E-10 4.1928E-10 5.1271E-10 6.2233E-10 7.4139E-10 8.8635E-10 1.0377E-09 1.2043E-09 1.3852E-09 1.5766E-09 1.7807E-09 1.9898E-09 2.2020E-09 2.4160E-09 2.6294E-09 2.8362E-09 3.0297E-09 3.2059E-09 3.3625E-09 3.4973E-09 3.6105E-09 3.7079E-09 3.7861E-09 3.8386E-09 3.8635E-09 3.8601E-09 3.8211E-09 3.7697E-09 3.7443E-09 3.6924E-09 3.5867E-09 3.4710E-09 3.3273E-09 3.2001E-09 3.0195E-09 2.8750E-09 2.7550E-09 2.6331E-09 2.5103E-09 2.3872E-09 2.2339E-09 2.1195E-09 2.0037E-09 1.8709E-09 1.7562E-09 1.6496E-09 1.5379E-09 1.4352E-09 1.3351E-09 1.2328E-09 1.1411E-09 1.0505E-09 9.6540E-10 8.8346E-10
8.4947E-11 1.2101E-10 1.6299E-10 2.5788E-10 3.2737E-10 4.1331E-10 5.0515E-10 6.0739E-10 7.1649E-10 8.4305E-10 9.8287E-10 1.1306E-09 1.2879E-09 1.4522E-09 1.6256E-09 1.8001E-09 1.9757E-09 2.1482E-09 2.3169E-09 2.4758E-09 2.6229E-09 2.7551E-09 2.8713E-09 2.9721E-09 3.0607E-09 3.1360E-09 3.1912E-09 3.2240E-09 3.2347E-09 3.2243E-09 3.1916E-09 3.1596E-09 3.1410E-09 3.0503E-09 2.9637E-09 2.8697E-09 2.7517E-09 2.6278E-09 2.5063E-09 2.4071E-09 2.3055E-09 2.1628E-09 2.0671E-09 1.9698E-09 1.8714E-09 1.7471E-09 1.6500E-09 1.5567E-09 1.4568E-09 1.3637E-09 1.2742E-09 1.1804E-09 1.0961E-09 1.0133E-09 9.3347E-10 8.5771E-10 7.8599E-10
6.3085E-11 9.0279E-11 1.3069E-10 1.6404E-10 2.5894E-10 3.2317E-10 4.0020E-10 4.8912E-10 5.8307E-10 6.8085E-10 7.9024E-10 9.1393E-10 1.0445E-09 1.1796E-09 1.3179E-09 1.4619E-09 1.6062E-09 1.7480E-09 1.8865E-09 2.0182E-09 2.1425E-09 2.2551E-09 2.3550E-09 2.4437E-09 2.5242E-09 2.5958E-09 2.6517E-09 2.6886E-09 2.7071E-09 2.7084E-09 2.6910E-09 2.6587E-09 2.6320E-09 2.6039E-09 2.5376E-09 2.4481E-09 2.3523E-09 2.2748E-09 2.1752E-09 2.0459E-09 1.9710E-09 1.8927E-09 1.8118E-09 1.7001E-09 1.6185E-09 1.5352E-09 1.4547E-09 1.3666E-09 1.2840E-09 1.2048E-09 1.1199E-09 1.0429E-09 9.6811E-10 8.9460E-10 8.2550E-10 7.5826E-10 6.9441E-10
1.6280E-11 6.3729E-11 9.2942E-11 1.3115E-10 1.6749E-10 2.5378E-10 3.1393E-10 3.8517E-10 4.6253E-10 5.5028E-10 6.3751E-10 7.3283E-10 8.3365E-10 9.4687E-10 1.0648E-09 1.1801E-09 1.2979E-09 1.4143E-09 1.5286E-09 1.6373E-09 1.7400E-09 1.8346E-09 1.9210E-09 1.9995E-09 2.0725E-09 2.1393E-09 2.1933E-09 2.2318E-09 2.2555E-09 2.2656E-09 2.2599E-09 2.2269E-09 2.2128E-09 2.1908E-09 2.1493E-09 2.0774E-09 2.0205E-09 1.8874E-09 1.8340E-09 1.7759E-09 1.7139E-09 1.6137E-09 1.5520E-09 1.4834E-09 1.4137E-09 1.3449E-09 1.2681E-09 1.1964E-09 1.1270E-09 1.0514E-09 9.8335E-10 9.1639E-10 8.4941E-10 7.8652E-10 7.2518E-10 6.6753E-10 6.1022E-10
1.3186E-11 1.7309E-11 5.2485E-11 9.5053E-11 1.3132E-10 1.6530E-10 2.2677E-10 3.0036E-10 3.6546E-10 4.3066E-10 5.0808E-10 5.8835E-10 6.7058E-10 7.5587E-10 8.4679E-10 9.4184E-10 1.0395E-09 1.1394E-09 1.2320E-09 1.3219E-09 1.4079E-09 1.4870E-09 1.5595E-09 1.6280E-09 1.6938E-09 1.7554E-09 1.8066E-09 1.8456E-09 1.8707E-09 1.8768E-09 1.8806E-09 1.8722E-09 1.7769E-09 1.8243E-09 1.8104E-09 1.7129E-09 1.6623E-09 1.6242E-09 1.5812E-09 1.4937E-09 1.4492E-09 1.4003E-09 1.3439E-09 1.2878E-09 1.2297E-09 1.1643E-09 1.1043E-09 1.0433E-09 9.7710E-10 9.1781E-10 8.5835E-10 7.9918E-10 7.4337E-10 6.8799E-10 6.3524E-10 5.8302E-10 5.3444E-10
5.7628E-12 1.3966E-11 1.8921E-11 3.5682E-11 9.1196E-11 1.2647E-10 1.6052E-10 1.9383E-10 2.7533E-10 3.3990E-10 3.9946E-10 4.6158E-10 5.3039E-10 6.0577E-10 6.7744E-10 7.5270E-10 8.2886E-10 9.0552E-10 9.8104E-10 1.0561E-09 1.1271E-09 1.1936E-09 1.2568E-09 1.3170E-09 1.3742E-09 1.4281E-09 1.4745E-09 1.5119E-09 1.5403E-09 1.5600E-09 1.5076E-09 1.5027E-09 1.4865E-09 1.4851E-09 1.4809E-09 1.4463E-09 1.4214E-09 1.3475E-09 1.3197E-09 1.2872E-09 1.2476E-09 1.2041E-09 1.1607E-09 1.1100E-09 1.0565E-09 1.0081E-09 9.5420E-10 8.9867E-10 8.4925E-10 7.9677E-10 7.4510E-10 6.9529E-10 6.4639E-10 5.9934E-10 5.5222E-10 5.0803E-10 4.6577E-10
1.5977E-12 8.5687E-12 1.5911E-11 2.1021E-11 3.5054E-11 7.6839E-11 1.1837E-10 1.5192E-10 1.8281E-10 2.2030E-10 3.0031E-10 3.6181E-10 4.1388E-10 4.7458E-10 5.3291E-10 5.9510E-10 6.5918E-10 7.2339E-10 7.8613E-10 8.4579E-10 9.0488E-10 9.5960E-10 1.0126E-09 1.0641E-09 1.1148E-09 1.1643E-09 1.2076E-09 1.2413E-09 1.2132E-09 1.2337E-09 1.2518E-09 1.2492E-09 1.2036E-09 1.1924E-09 1.1902E-09 1.1827E-09 1.1700E-09 1.1524E-09 1.1287E-09 1.0988E-09 1.0673E-09 1.0338E-09 9.9088E-10 9.4952E-10 9.1122E-10 8.6345E-10 8.1812E-10 7.7720E-10 7.3167E-10 6.8813E-10 6.4446E-10 6.0193E-10 5.6001E-10 5.1820E-10 4.7886E-10 4.4092E-10 4.0272E-10
0.0000E+00 3.6418E-12 1.0391E-11 1.6599E-11 2.2725E-11 3.6541E-11 5.1805E-11 1.0147E-10 1.4245E-10 1.7149E-10 2.0043E-10 2.3627E-10 3.0028E-10 3.6943E-10 4.1749E-10 4.6492E-10 5.1420E-10 5.6209E-10 6.2030E-10 6.7011E-10 7.1706E-10 7.6310E-10 8.0891E-10 8.5330E-10 8.7645E-10 9.4057E-10 9.3496E-10 9.7094E-10 1.0013E-09 1.0158E-09 9.8901E-10 1.0055E-09 1.0040E-09 1.0089E-09 9.9579E-10 9.9230E-10 9.8437E-10 9.7216E-10 9.5592E-10 9.3585E-10 9.0549E-10 8.7411E-10 8.4536E-10 8.1019E-10 7.7270E-10 7.3860E-10 7.0300E-10 6.6531E-10 6.2851E-10 5.9146E-10 5.5532E-10 5.1860E-10 4.8198E-10 4.4766E-10 4.1427E-10 3.7997E-10 3.4807E-10
0.0000E+00 0.0000E+00 5.6087E-12 1.0755E-11 1.7038E-11 2.3231E-11 3.8882E-11 5.0778E-11 6.4048E-11 1.1248E-10 1.5587E-10 1.8075E-10 2.0656E-10 2.3882E-10 2.7393E-10 3.3233E-10 3.7831E-10 4.2643E-10 4.7173E-10 5.1364E-10 5.3681E-10 5.7417E-10 6.1997E-10 6.5751E-10 6.6107E-10 6.9745E-10 7.3059E-10 7.5998E-10 7.6316E-10 7.9113E-10 8.1400E-10 8.0413E-10 8.1742E-10 8.2514E-10 8.2854E-10 8.2802E-10 8.2364E-10 8.1559E-10 8.0139E-10 7.8376E-10 7.6493E-10 7.3490E-10 7.1043E-10 6.8523E-10 6.5952E-10 6.2934E-10 5.9912E-10 5.6857E-10 5.3781E-10 5.0793E-10 4.7615E-10 4.4511E-10 4.1547E-10 3.8592E-10 3.5557E-10 3.2741E-10 2.9993E-10
0.0000E+00 0.0000E+00 1.5424E-12 5.7940E-12 1.1022E-11 1.7314E-11 2.4657E-11 3.9715E-11 5.0237E-11 6.0856E-11 7.3292E-11 1.1064E-10 1.5393E-10 1.8799E-10 2.1146E-10 2.3547E-10 2.6186E-10 2.8875E-10 3.2376E-10 3.6022E-10 3.8863E-10 4.0275E-10 4.3274E-10 4.7330E-10 5.0575E-10 5.5560E-10 5.5226E-10 5.8160E-10 6.0641E-10 6.2354E-10 6.4474E-10 6.4845E-10 6.6176E-10 6.7050E-10 6.7591E-10 6.7808E-10 6.7703E-10 6.7281E-10 6.6554E-10 6.5378E-10 6.3808E-10 6.2081E-10 6.0366E-10 5.8137E-10 5.5831E-10 5.3464E-10 5.1031E-10 4.8589E-10 4.6030E-10 4.3367E-10 4.0778E-10 3.8240E-10 3.5626E-10 3.2997E-10 3.0549E-10 2.8072E-10 2.5709E-10
0.0000E+00 0.0000E+00 0.0000E+00 1.5885E-12 5.9278E-12 1.1185E-11 1.7418E-11 2.6224E-11 3.9350E-11 4.8600E-11 5.9792E-11 7.0231E-11 8.5247E-11 1.0108E-10 1.2527E-10 1.5850E-10 1.8402E-10 2.0001E-10 2.2555E-10 2.4993E-10 2.7380E-10 3.0402E-10 3.2615E-10 3.4816E-10 3.7358E-10 4.0113E-10 4.2651E-10 4.5092E-10 4.5935E-10 4.9762E-10 5.1787E-10 5.3444E-10 5.4655E-10 5.5508E-10 5.6095E-10 5.6411E-10 5.6453E-10 5.6225E-10 5.4740E-10 5.4092E-10 5.3201E-10 5.2082E-10 5.0753E-10 4.9092E-10 4.7296E-10 4.5429E-10 4.3483E-10 4.1331E-10 3.9157E-10 3.7051E-10 3.4909E-10 3.2594E-10 3.0338E-10 2.8232E-10 2.6028E-10 2.3967E-10 2.2055E-10
0.0000E+00 0.0000E+00 0.0000E+00 0.0000E+00 1.6206E-12 6.0063E-12 1.1240E-11 1.8246E-11 2.6235E-11 3.6285E-11 4.6605E-11 5.8304E-11 6.8124E-11 7.8826E-11 8.9380E-11 1.0214E-10 1.2041E-10 1.3493E-10 1.5012E-10 1.7372E-10 1.9128E-10 2.0919E-10 2.3690E-10 2.5830E-10 2.8908E-10 3.1361E-10 3.3705E-10 3.5914E-10 3.8614E-10 4.0515E-10 4.2318E-10 4.3818E-10 4.4886E-10 4.5685E-10 4.6268E-10 4.6628E-10 4.6763E-10 4.6672E-10 4.6360E-10 4.5832E-10 4.5019E-10 4.3980E-10 4.2794E-10 4.1521E-10 4.0123E-10 3.8484E-10 3.6781E-10 3.5094E-10 3.3359E-10 3.1474E-10 2.9535E-10 2.7680E-10 2.5803E-10 2.3905E-10 2.2145E-10 2.0405E-10 1.8587E-10
0.0000E+00 0.0000E+00 0.0000E+00 0.0000E+00 0.0000E+00 1.6377E-12 6.0274E-12 1.1184E-11 1.8188E-11 2.5033E-11 3.2024E-11 4.1972E-11 5.5924E-11 6.5394E-11 7.4656E-11 8.4611E-11 9.5634E-11 1.0765E-10 1.2006E-10 1.3286E-10 1.4649E-10 1.6794E-10 1.8304E-10 2.0767E-10 2.4080E-10 2.6143E-10 2.8050E-10 2.9918E-10 3.1760E-10 3.3477E-10 3.5017E-10 3.6227E-10 3.7648E-10 3.8383E-10 3.8938E-10 3.9299E-10 3.9382E-10 3.9233E-10 3.8908E-10 3.8417E-10 3.7790E-10 3.7054E-10 3.6103E-10 3.4962E-10 3.3730E-10 3.2478E-10 3.1155E-10 2.9677E-10 2.8094E-10 2.6524E-10 2.5010E-10 2.3348E-10 2.1707E-10 2.0197E-10 1.8557E-10 1.6935E-10 1.5503E-10
0.0000E+00 0.0000E+00 0.0000E+00 0.0000E+00 0.0000E+00 0.0000E+00 1.6394E-12 5.9903E-12 1.1019E-11 1.5830E-11 2.2440E-11 3.0249E-11 4.0467E-11 4.7444E-11 5.4362E-11 6.5592E-11 7.9539E-11 8.8592E-11 9.9241E-11 1.1020E-10 1.2146E-10 1.3288E-10 1.4514E-10 1.6584E-10 1.8074E-10 2.1057E-10 2.2709E-10 2.4315E-10 2.6379E-10 2.7783E-10 2.9089E-10 3.0181E-10 3.1047E-10 3.1717E-10 3.2208E-10 3.2499E-10 3.2634E-10 3.2639E-10 3.2489E-10 3.2138E-10 3.1585E-10 3.0911E-10 3.0132E-10 2.9306E-10 2.8369E-10 2.7237E-10 2.6014E-10 2.4761E-10 2.3546E-10 2.2157E-10 2.0760E-10 1.9424E-10 1.8062E-10 1.6631E-10 1.5285E-10 1.3991E-10 1.2666E-10
0.0000E+00 0.0000E+00 0.0000E+00 0.0000E+00 0.0000E+00 0.0000E+00 0.0000E+00 1.6256E-12 5.8961E-12 9.8099E-12 1.3438E-11 2.0272E-11 2.9032E-11 3.7161E-11 4.4442E-11 5.0589E-11 5.8037E-11 6.5277E-11 7.2900E-11 8.0590E-11 9.4645E-11 1.0985E-10 1.1961E-10 1.3628E-10 1.4841E-10 1.6822E-10 1.8163E-10 1.9481E-10 2.0751E-10 2.2586E-10 2.3719E-10 2.4598E-10 2.5644E-10 2.6162E-10 2.6588E-10 2.6803E-10 2.6914E-10 2.6894E-10 2.6738E-10 2.6457E-10 2.6106E-10 2.5634E-10 2.4990E-10 2.4201E-10 2.3342E-10 2.2451E-10 2.1544E-10 2.0462E-10 1.9334E-10 1.8231E-10 1.7115E-10 1.5900E-10 1.4733E-10 1.3638E-10 1.2460E-10 1.1342E-10 1.0248E-10
