Assets/Resources/2015_m01_d17_2100(utc+0800)_l00_csi_1hr_conc.grd
DSAA
         159         159
     -79.000      79.000
     -79.000      79.000
  0.0000E+00  0.7873E-04
[rows 75 to 99 of 159, columns 0 to 56 of 159]
1.4366E-09 1.5217E-09 1.6128E-09 1.7047E-09 1.7998E-09 1.9009E-09 2.0025E-09 2.1070E-09 2.2177E-09 2.3284E-09 2.4417E-09 2.5609E-09 2.6797E-09 2.8007E-09 2.9273E-09 3.0528E-09 3.1833E-09 3.3128E-09 3.4436E-09 3.5792E-09 3.7128E-09 3.8472E-09 3.9859E-09 4.1219E-09 4.2581E-09 4.3942E-09 4.5338E-09 4.6699E-09 4.8054E-09 4.9400E-09 5.0801E-09 5.2139E-09 5.3465E-09 5.4778E-09 5.6157E-09 5.7458E-09 5.8746E-09 6.0101E-09 6.1381E-09 6.2651E-09 6.3975E-09 6.5244E-09 6.6509E-09 6.7844E-09 6.9127E-09 7.0481E-09 7.1801E-09 7.3148E-09 7.4595E-09 7.6025E-09 7.7493E-09 7.9094E-09 8.0681E-09 8.2328E-09 8.4138E-09 8.5959E-09 8.7868E-09
1.3612E-09 1.4418E-09 1.5254E-09 1.6150E-09 1.7050E-09 1.8007E-09 1.8969E-09 1.9958E-09 2.1006E-09 2.2054E-09 2.3127E-09 2.4256E-09 2.5381E-09 2.6527E-09 2.7725E-09 2.8914E-09 3.0120E-09 3.1377E-09 3.2616E-09 3.3901E-09 3.5167E-09 3.6441E-09 3.7756E-09 3.9045E-09 4.0337E-09 4.1628E-09 4.2916E-09 4.4244E-09 4.5529E-09 4.6807E-09 4.8075E-09 4.9408E-09 5.0668E-09 5.1915E-09 5.3225E-09 5.4463E-09 5.5687E-09 5.6974E-09 5.8192E-09 5.9401E-09 6.0659E-09 6.1867E-09 6.3070E-09 6.4339E-09 6.5560E-09 6.6786E-09 6.8104E-09 6.9383E-09 7.0758E-09 7.2113E-09 7.3503E-09 7.5017E-09 7.6517E-09 7.8072E-09 7.9780E-09 8.1498E-09 8.3294E-09
1.2878E-09 1.3640E-09 1.4430E-09 1.5277E-09 1.6127E-09 1.7004E-09 1.7941E-09 1.8876E-09 1.9866E-09 2.0856E-09 2.1870E-09 2.2938E-09 2.4001E-09 2.5084E-09 2.6217E-09 2.7341E-09 2.8481E-09 2.9669E-09 3.0841E-09 3.2056E-09 3.3254E-09 3.4459E-09 3.5668E-09 3.6922E-09 3.8144E-09 3.9366E-09 4.0585E-09 4.1842E-09 4.3059E-09 4.4269E-09 4.5470E-09 4.6732E-09 4.7926E-09 4.9108E-09 5.0349E-09 5.1522E-09 5.2683E-09 5.3902E-09 5.5057E-09 5.6203E-09 5.7340E-09 5.8539E-09 5.9680E-09 6.0881E-09 6.2036E-09 6.3197E-09 6.4445E-09 6.5653E-09 6.6886E-09 6.8229E-09 6.9536E-09 7.0959E-09 7.2368E-09 7.3826E-09 7.5341E-09 7.7035E-09 7.8715E-09
1.2140E-09 1.2884E-09 1.3630E-09 1.4429E-09 1.5231E-09 1.6059E-09 1.6942E-09 1.7825E-09 1.8731E-09 1.9693E-09 2.0650E-09 2.1657E-09 2.2660E-09 2.3681E-09 2.4721E-09 2.5811E-09 2.6887E-09 2.8008E-09 2.9114E-09 3.0230E-09 3.1391E-09 3.2528E-09 3.3671E-09 3.4854E-09 3.6008E-09 3.7161E-09 3.8313E-09 3.9500E-09 4.0650E-09 4.1793E-09 4.2928E-09 4.4120E-09 4.5248E-09 4.6365E-09 4.7537E-09 4.8645E-09 4.9743E-09 5.0829E-09 5.1985E-09 5.3067E-09 5.4141E-09 5.5273E-09 5.6349E-09 5.7423E-09 5.8571E-09 5.9666E-09 6.0839E-09 6.1976E-09 6.3132E-09 6.4389E-09 6.5613E-09 6.6868E-09 6.8256E-09 6.9614E-09 7.1026E-09 7.2598E-09 7.4158E-09
1.1417E-09 1.2153E-09 1.2855E-09 1.3582E-09 1.4363E-09 1.5143E-09 1.5975E-09 1.6806E-09 1.7659E-09 1.8566E-09 1.9467E-09 2.0387E-09 2.1359E-09 2.2322E-09 2.3300E-09 2.4328E-09 2.5340E-09 2.6365E-09 2.7438E-09 2.8489E-09 2.9583E-09 3.0654E-09 3.1730E-09 3.2845E-09 3.3932E-09 3.5019E-09 3.6104E-09 3.7223E-09 3.8306E-09 3.9384E-09 4.0453E-09 4.1512E-09 4.2639E-09 4.3692E-09 4.4734E-09 4.5840E-09 4.6874E-09 4.7897E-09 4.8985E-09 5.0004E-09 5.1015E-09 5.2078E-09 5.3090E-09 5.4099E-09 5.5175E-09 5.6203E-09 5.7238E-09 5.8364E-09 5.9443E-09 6.0613E-09 6.1751E-09 6.2916E-09 6.4202E-09 6.5461E-09 6.6764E-09 6.8214E-09 6.9650E-09
1.0755E-09 1.1446E-09 1.2107E-09 1.2790E-09 1.3525E-09 1.4258E-09 1.5013E-09 1.5821E-09 1.6624E-09 1.7476E-09 1.8323E-09 1.9188E-09 2.0102E-09 2.1007E-09 2.1927E-09 2.2892E-09 2.3844E-09 2.4808E-09 2.5817E-09 2.6805E-09 2.7833E-09 2.8840E-09 2.9851E-09 3.0865E-09 3.1921E-09 3.2943E-09 3.3963E-09 3.4979E-09 3.6033E-09 3.7046E-09 3.8051E-09 3.9047E-09 4.0106E-09 4.1096E-09 4.2075E-09 4.3113E-09 4.4084E-09 4.5045E-09 4.5995E-09 4.7021E-09 4.7969E-09 4.8910E-09 4.9912E-09 5.0856E-09 5.1861E-09 5.2821E-09 5.3785E-09 5.4831E-09 5.5832E-09 5.6847E-09 5.7967E-09 5.9043E-09 6.0226E-09 6.1384E-09 6.2579E-09 6.3906E-09 6.5216E-09
1.0116E-09 1.0705E-09 1.1385E-09 1.2026E-09 1.2717E-09 1.3405E-09 1.4113E-09 1.4872E-09 1.5625E-09 1.6397E-09 1.7219E-09 1.8032E-09 1.8860E-09 1.9738E-09 2.0601E-09 2.1478E-09 2.2400E-09 2.3305E-09 2.4251E-09 2.5178E-09 2.6111E-09 2.7087E-09 2.8036E-09 2.8987E-09 2.9978E-09 3.0936E-09 3.1893E-09 3.2846E-09 3.3834E-09 3.4784E-09 3.5727E-09 3.6661E-09 3.7653E-09 3.8581E-09 3.9498E-09 4.0404E-09 4.1380E-09 4.2280E-09 4.3169E-09 4.4126E-09 4.5012E-09 4.5891E-09 4.6824E-09 4.7704E-09 4.8581E-09 4.9529E-09 5.0423E-09 5.1389E-09 5.2313E-09 5.3248E-09 5.4276E-09 5.5263E-09 5.6272E-09 5.7403E-09 5.8491E-09 5.9614E-09 6.0881E-09
9.5011E-10 1.0054E-09 1.0691E-09 1.1292E-09 1.1913E-09 1.2584E-09 1.3248E-09 1.3959E-09 1.4664E-09 1.5387E-09 1.6158E-09 1.6919E-09 1.7695E-09 1.8517E-09 1.9325E-09 2.0146E-09 2.1010E-09 2.1857E-09 2.2712E-09 2.3611E-09 2.4485E-09 2.5398E-09 2.6287E-09 2.7177E-09 2.8104E-09 2.9001E-09 2.9897E-09 3.0789E-09 3.1677E-09 3.2602E-09 3.3484E-09 3.4358E-09 3.5222E-09 3.6152E-09 3.7010E-09 3.7856E-09 3.8766E-09 3.9606E-09 4.0435E-09 4.1325E-09 4.2151E-09 4.2968E-09 4.3778E-09 4.4651E-09 4.5463E-09 4.6337E-09 4.7162E-09 4.7989E-09 4.8897E-09 4.9754E-09 5.0693E-09 5.1592E-09 5.2509E-09 5.3533E-09 5.4517E-09 5.5529E-09 5.6666E-09
8.8900E-10 9.4284E-10 9.9639E-10 1.0587E-09 1.1168E-09 1.1795E-09 1.2417E-09 1.3056E-09 1.3741E-09 1.4418E-09 1.5110E-09 1.5850E-09 1.6576E-09 1.7344E-09 1.8100E-09 1.8867E-09 1.9645E-09 2.0466E-09 2.1266E-09 2.2105E-09 2.2922E-09 2.3743E-09 2.4606E-09 2.5438E-09 2.6270E-09 2.7141E-09 2.7978E-09 2.8811E-09 2.9639E-09 3.0503E-09 3.1326E-09 3.2142E-09 3.2948E-09 3.3813E-09 3.4613E-09 3.5402E-09 3.6247E-09 3.7028E-09 3.7800E-09 3.8560E-09 3.9391E-09 4.0149E-09 4.0899E-09 4.1703E-09 4.2452E-09 4.3196E-09 4.4011E-09 4.4768E-09 4.5596E-09 4.6376E-09 4.7164E-09 4.8043E-09 4.8871E-09 4.9791E-09 5.0673E-09 5.1577E-09 5.2504E-09
8.2940E-10 8.8296E-10 9.3299E-10 9.9119E-10 1.0455E-09 1.1015E-09 1.1621E-09 1.2217E-09 1.2858E-09 1.3489E-09 1.4135E-09 1.4826E-09 1.5503E-09 1.6193E-09 1.6926E-09 1.7642E-09 1.8367E-09 1.9134E-09 1.9879E-09 2.0631E-09 2.1424E-09 2.2190E-09 2.2994E-09 2.3769E-09 2.4545E-09 2.5357E-09 2.6136E-09 2.6913E-09 2.7684E-09 2.8488E-09 2.9255E-09 3.0014E-09 3.0764E-09 3.1504E-09 3.2310E-09 3.3044E-09 3.3766E-09 3.4552E-09 3.5267E-09 3.5971E-09 3.6737E-09 3.7437E-09 3.8129E-09 3.8810E-09 3.9554E-09 4.0235E-09 4.0977E-09 4.1667E-09 4.2357E-09 4.3124E-09 4.3836E-09 4.4625E-09 4.5367E-09 4.6120E-09 4.6973E-09 4.7775E-09 4.8595E-09
7.7577E-10 8.2014E-10 8.7239E-10 9.2062E-10 9.7729E-10 1.0295E-09 1.0860E-09 1.1416E-09 1.1987E-09 1.2602E-09 1.3204E-09 1.3847E-09 1.4479E-09 1.5121E-09 1.5804E-09 1.6471E-09 1.7146E-09 1.7829E-09 1.8554E-09 1.9254E-09 1.9992E-09 2.0705E-09 2.1419E-09 2.2174E-09 2.2896E-09 2.3616E-09 2.4375E-09 2.5096E-09 2.5814E-09 2.6525E-09 2.7272E-09 2.7977E-09 2.8673E-09 2.9359E-09 3.0106E-09 3.0785E-09 3.1454E-09 3.2179E-09 3.2840E-09 3.3490E-09 3.4130E-09 3.4839E-09 3.5473E-09 3.6097E-09 3.6773E-09 3.7395E-09 3.8010E-09 3.8692E-09 3.9316E-09 4.0005E-09 4.0644E-09 4.1284E-09 4.2008E-09 4.2675E-09 4.3349E-09 4.4133E-09 4.4853E-09
7.2462E-10 7.6596E-10 8.1459E-10 8.5951E-10 9.1224E-10 9.6084E-10 1.0108E-09 1.0652E-09 1.1183E-09 1.1755E-09 1.2315E-09 1.2887E-09 1.3501E-09 1.4099E-09 1.4705E-09 1.5354E-09 1.5981E-09 1.6616E-09 1.7290E-09 1.7940E-09 1.8594E-09 1.9288E-09 1.9951E-09 2.0652E-09 2.1322E-09 2.1990E-09 2.2694E-09 2.3363E-09 2.4028E-09 2.4688E-09 2.5379E-09 2.6032E-09 2.6676E-09 2.7312E-09 2.7937E-09 2.8628E-09 2.9245E-09 2.9852E-09 3.0521E-09 3.1120E-09 3.1708E-09 3.2285E-09 3.2934E-09 3.3504E-09 3.4062E-09 3.4675E-09 3.5236E-09 3.5787E-09 3.6406E-09 3.6967E-09 3.7590E-09 3.8162E-09 3.8730E-09 3.9383E-09 3.9977E-09 4.0663E-09 4.1287E-09
6.7258E-10 7.1438E-10 7.5412E-10 8.0134E-10 8.4440E-10 8.9551E-10 9.4199E-10 9.9248E-10 1.0418E-09 1.0923E-09 1.1470E-09 1.2001E-09 1.2542E-09 1.3126E-09 1.3689E-09 1.4290E-09 1.4873E-09 1.5462E-09 1.6056E-09 1.6689E-09 1.7296E-09 1.7939E-09 1.8554E-09 1.9169E-09 1.9823E-09 2.0442E-09 2.1059E-09 2.1713E-09 2.2328E-09 2.2938E-09 2.3542E-09 2.4179E-09 2.4775E-09 2.5361E-09 2.5938E-09 2.6573E-09 2.7142E-09 2.7700E-09 2.8246E-09 2.8861E-09 2.9400E-09 2.9926E-09 3.0515E-09 3.1032E-09 3.1537E-09 3.2034E-09 3.2585E-09 3.3083E-09 3.3632E-09 3.4134E-09 3.4625E-09 3.5184E-09 3.5683E-09 3.6250E-09 3.6770E-09 3.7290E-09 3.7902E-09
6.2658E-10 6.6538E-10 7.0229E-10 7.4609E-10 7.8607E-10 8.2989E-10 8.7658E-10 9.2086E-10 9.6919E-10 1.0160E-09 1.0639E-09 1.1160E-09 1.1661E-09 1.2202E-09 1.2724E-09 1.3253E-09 1.3820E-09 1.4366E-09 1.4916E-09 1.5502E-09 1.6063E-09 1.6626E-09 1.7227E-09 1.7796E-09 1.8400E-09 1.8973E-09 1.9542E-09 2.0145E-09 2.0713E-09 2.1276E-09 2.1833E-09 2.2382E-09 2.2969E-09 2.3509E-09 2.4039E-09 2.4559E-09 2.5143E-09 2.5655E-09 2.6156E-09 2.6716E-09 2.7208E-09 2.7685E-09 2.8151E-09 2.8683E-09 2.9139E-09 2.9586E-09 3.0072E-09 3.0515E-09 3.0950E-09 3.1436E-09 3.1875E-09 3.2355E-09 3.2796E-09 3.3225E-09 3.3724E-09 3.4178E-09 3.4696E-09
5.8295E-10 6.1571E-10 6.5314E-10 6.8844E-10 7.3076E-10 7.6888E-10 8.1458E-10 8.5560E-10 8.9763E-10 9.4373E-10 9.8804E-10 1.0362E-09 1.0826E-09 1.1298E-09 1.1809E-09 1.2299E-09 1.2793E-09 1.3327E-09 1.3836E-09 1.4347E-09 1.4896E-09 1.5415E-09 1.5970E-09 1.6495E-09 1.7019E-09 1.7580E-09 1.8105E-09 1.8627E-09 1.9184E-09 1.9702E-09 2.0214E-09 2.0720E-09 2.1258E-09 2.1754E-09 2.2240E-09 2.2717E-09 2.3250E-09 2.3718E-09 2.4175E-09 2.4622E-09 2.5130E-09 2.5562E-09 2.5982E-09 2.6388E-09 2.6869E-09 2.7269E-09 2.7659E-09 2.8084E-09 2.8469E-09 2.8845E-09 2.9268E-09 2.9646E-09 3.0054E-09 3.0433E-09 3.0808E-09 3.1240E-09 3.1617E-09
5.4166E-10 5.7200E-10 6.0331E-10 6.3931E-10 6.7294E-10 7.1371E-10 7.4992E-10 7.9387E-10 8.3273E-10 8.7533E-10 9.1630E-10 9.5805E-10 1.0037E-09 1.0472E-09 1.0944E-09 1.1396E-09 1.1853E-09 1.2345E-09 1.2814E-09 1.3286E-09 1.3792E-09 1.4271E-09 1.4750E-09 1.5265E-09 1.5748E-09 1.6263E-09 1.6747E-09 1.7227E-09 1.7738E-09 1.8214E-09 1.8684E-09 1.9148E-09 1.9604E-09 2.0095E-09 2.0540E-09 2.0977E-09 2.1402E-09 2.1888E-09 2.2305E-09 2.2710E-09 2.3100E-09 2.3557E-09 2.3934E-09 2.4299E-09 2.4726E-09 2.5082E-09 2.5428E-09 2.5764E-09 2.6133E-09 2.6458E-09 2.6816E-09 2.7128E-09 2.7443E-09 2.7805E-09 2.8121E-09 2.8480E-09 2.8795E-09
4.9962E-10 5.3071E-10 5.5967E-10 5.9291E-10 6.2400E-10 6.5816E-10 6.9507E-10 7.3208E-10 7.7147E-10 8.0815E-10 8.4857E-10 8.8710E-10 9.2915E-10 9.6935E-10 1.0101E-09 1.0545E-09 1.0966E-09 1.1390E-09 1.1851E-09 1.2285E-09 1.2721E-09 1.3191E-09 1.3632E-09 1.4073E-09 1.4549E-09 1.4991E-09 1.5466E-09 1.5906E-09 1.6342E-09 1.6811E-09 1.7242E-09 1.7666E-09 1.8084E-09 1.8492E-09 1.8938E-09 1.9336E-09 1.9724E-09 2.0101E-09 2.0542E-09 2.0909E-09 2.1260E-09 2.1668E-09 2.2005E-09 2.2331E-09 2.2646E-09 2.3026E-09 2.3331E-09 2.3626E-09 2.3907E-09 2.4218E-09 2.4485E-09 2.4784E-09 2.5045E-09 2.5300E-09 2.5601E-09 2.5861E-09 2.6145E-09
4.6310E-10 4.8867E-10 5.1852E-10 5.4605E-10 5.7786E-10 6.0731E-10 6.4337E-10 6.7498E-10 7.1375E-10 7.4756E-10 7.8205E-10 8.2028E-10 8.5637E-10 8.9598E-10 9.3350E-10 9.7145E-10 1.0130E-09 1.0521E-09 1.0914E-09 1.1343E-09 1.1744E-09 1.2144E-09 1.2580E-09 1.2984E-09 1.3421E-09 1.3826E-09 1.4227E-09 1.4664E-09 1.5063E-09 1.5457E-09 1.5885E-09 1.6273E-09 1.6654E-09 1.7026E-09 1.7431E-09 1.7793E-09 1.8146E-09 1.8488E-09 1.8885E-09 1.9215E-09 1.9531E-09 1.9833E-09 2.0194E-09 2.0485E-09 2.0764E-09 2.1031E-09 2.1365E-09 2.1622E-09 2.1865E-09 2.2095E-09 2.2347E-09 2.2565E-09 2.2799E-09 2.3018E-09 2.3222E-09 2.3460E-09 2.3660E-09
4.2556E-10 4.5230E-10 4.7662E-10 5.0518E-10 5.3127E-10 5.6160E-10 5.8940E-10 6.2385E-10 6.5360E-10 6.9059E-10 7.2232E-10 7.5745E-10 7.9064E-10 8.2431E-10 8.6151E-10 8.9638E-10 9.3455E-10 9.7042E-10 1.0065E-09 1.0458E-09 1.0826E-09 1.1193E-09 1.1592E-09 1.1962E-09 1.2330E-09 1.2732E-09 1.3100E-09 1.3498E-09 1.3862E-09 1.4222E-09 1.4612E-09 1.4965E-09 1.5312E-09 1.5651E-09 1.5982E-09 1.6347E-09 1.6666E-09 1.6976E-09 1.7276E-09 1.7627E-09 1.7910E-09 1.8179E-09 1.8436E-09 1.8756E-09 1.9002E-09 1.9237E-09 1.9460E-09 1.9749E-09 1.9958E-09 2.0154E-09 2.0335E-09 2.0534E-09 2.0711E-09 2.0898E-09 2.1065E-09 2.1207E-09 2.1379E-09
3.9353E-10 4.1812E-10 4.4052E-10 4.6356E-10 4.9080E-10 5.1542E-10 5.4424E-10 5.7038E-10 6.0321E-10 6.3109E-10 6.6627E-10 6.9593E-10 7.2898E-10 7.5989E-10 7.9116E-10 8.2598E-10 8.5824E-10 8.9382E-10 9.2689E-10 9.6006E-10 9.9653E-10 1.0302E-09 1.0637E-09 1.1005E-09 1.1341E-09 1.1675E-09 1.2043E-09 1.2375E-09 1.2738E-09 1.3066E-09 1.3388E-09 1.3741E-09 1.4056E-09 1.4364E-09 1.4664E-09 1.4956E-09 1.5281E-09 1.5562E-09 1.5829E-09 1.6083E-09 1.6394E-09 1.6634E-09 1.6862E-09 1.7079E-09 1.7359E-09 1.7565E-09 1.7758E-09 1.7937E-09 1.8184E-09 1.8348E-09 1.8499E-09 1.8643E-09 1.8798E-09 1.8932E-09 1.9058E-09 1.9176E-09 1.9274E-09
3.6348E-10 3.8317E-10 4.0667E-10 4.2785E-10 4.4959E-10 4.7549E-10 4.9864E-10 5.2593E-10 5.5267E-10 5.8158E-10 6.1038E-10 6.4097E-10 6.6858E-10 6.9957E-10 7.2823E-10 7.6007E-10 7.8962E-10 8.1935E-10 8.5239E-10 8.8273E-10 9.1309E-10 9.4676E-10 9.7742E-10 1.0079E-09 1.0416E-09 1.0721E-09 1.1055E-09 1.1357E-09 1.1655E-09 1.1985E-09 1.2278E-09 1.2564E-09 1.2882E-09 1.3162E-09 1.3434E-09 1.3697E-09 1.3952E-09 1.4239E-09 1.4479E-09 1.4708E-09 1.4921E-09 1.5193E-09 1.5395E-09 1.5586E-09 1.5765E-09 1.6009E-09 1.6175E-09 1.6328E-09 1.6467E-09 1.6672E-09 1.6799E-09 1.6917E-09 1.7022E-09 1.7129E-09 1.7220E-09 1.7293E-09 1.7366E-09
3.3291E-10 3.5343E-10 3.7205E-10 3.9443E-10 4.1439E-10 4.3483E-10 4.5936E-10 4.8104E-10 5.0680E-10 5.3194E-10 5.5914E-10 5.8617E-10 6.1488E-10 6.4047E-10 6.6942E-10 6.9588E-10 7.2551E-10 7.5268E-10 7.7995E-10 8.1053E-10 8.3824E-10 8.6589E-10 8.9686E-10 9.2466E-10 9.5222E-10 9.8293E-10 1.0104E-09 1.0408E-09 1.0679E-09 1.0944E-09 1.1242E-09 1.1503E-09 1.1756E-09 1.2042E-09 1.2286E-09 1.2525E-09 1.2754E-09 1.2973E-09 1.3218E-09 1.3421E-09 1.3614E-09 1.3793E-09 1.4033E-09 1.4200E-09 1.4356E-09 1.4501E-09 1.4707E-09 1.4837E-09 1.4953E-09 1.5056E-09 1.5229E-09 1.5324E-09 1.5407E-09 1.5477E-09 1.5531E-09 1.5587E-09 1.5598E-09
3.0431E-10 3.2320E-10 3.4271E-10 3.6026E-10 3.8150E-10 4.0024E-10 4.1939E-10 4.4253E-10 4.6276E-10 4.8698E-10 5.1048E-10 5.3604E-10 5.6125E-10 5.8816E-10 6.1178E-10 6.3873E-10 6.6306E-10 6.9046E-10 7.1541E-10 7.4030E-10 7.6841E-10 7.9368E-10 8.1873E-10 8.4703E-10 8.7218E-10 8.9696E-10 9.2490E-10 9.4939E-10 9.7673E-10 1.0010E-09 1.0245E-09 1.0512E-09 1.0743E-09 1.0967E-09 1.1216E-09 1.1432E-09 1.1640E-09 1.1835E-09 1.2038E-09 1.2225E-09 1.2394E-09 1.2556E-09 1.2703E-09 1.2915E-09 1.3052E-09 1.3175E-09 1.3286E-09 1.3459E-09 1.3555E-09 1.3640E-09 1.3716E-09 1.3858E-09 1.3921E-09 1.3971E-09 1.4002E-09 1.4014E-09 1.4004E-09
2.8020E-10 2.9497E-10 3.1291E-10 3.2874E-10 3.4789E-10 3.6797E-10 3.8550E-10 4.0336E-10 4.2514E-10 4.4393E-10 4.6662E-10 4.8856E-10 5.1237E-10 5.3594E-10 5.6092E-10 5.8510E-10 6.0764E-10 6.2998E-10 6.5528E-10 6.7794E-10 7.0064E-10 7.2645E-10 7.4922E-10 7.7456E-10 7.9771E-10 8.2018E-10 8.4243E-10 8.6724E-10 8.8950E-10 9.1378E-10 9.3535E-10 9.5634E-10 9.7978E-10 1.0001E-09 1.0198E-09 1.0418E-09 1.0602E-09 1.0776E-09 1.0942E-09 1.1095E-09 1.1267E-09 1.1408E-09 1.1539E-09 1.1657E-09 1.1841E-09 1.1950E-09 1.2045E-09 1.2126E-09 1.2267E-09 1.2338E-09 1.2399E-09 1.2448E-09 1.2485E-09 1.2589E-09 1.2606E-09 1.2598E-09 1.2573E-09
2.5540E-10 2.6870E-10 2.8515E-10 3.0212E-10 3.1696E-10 3.3502E-10 3.5395E-10 3.7028E-10 3.8688E-10 4.0729E-10 4.2467E-10 4.4587E-10 4.6595E-10 4.8807E-10 5.0986E-10 5.3350E-10 5.5576E-10 5.7606E-10 5.9675E-10 6.1961E-10 6.4041E-10 6.6350E-10 6.8432E-10 7.0528E-10 7.2807E-10 7.4858E-10 7.6883E-10 7.8878E-10 8.1110E-10 8.3036E-10 8.5195E-10 8.7110E-10 8.8936E-10 9.1040E-10 9.2805E-10 9.4512E-10 9.6377E-10 9.7936E-10 9.9412E-10 1.0078E-09 1.0203E-09 1.0349E-09 1.0463E-09 1.0569E-09 1.0663E-09 1.0812E-09 1.0895E-09 1.0964E-09 1.1024E-09 1.1072E-09 1.1190E-09 1.1226E-09 1.1250E-09 1.1257E-09 1.1329E-09 1.1308E-09 1.1275E-09
