Assets/Resources/2015_m01_d19_1100(utc+0800)_l00_csi_1hr_conc.grd
DSAA
         159         159
     -79.000      79.000
     -79.000      79.000
  0.0000E+00  0.9855E-06
[rows 50 to 74 of 159, columns 0 to 56 of 159]
0.0000E+00 0.0000E+00 0.0000E+00 0.0000E+00 0.0000E+00 0.0000E+00 0.0000E+00 0.0000E+00 0.0000E+00 0.0000E+00 0.0000E+00 1.9905E-13 8.8110E-13 1.6649E-12 2.6357E-12 4.1263E-12 5.6285E-12 7.7153E-12 1.0038E-11 1.3070E-11 1.8135E-11 3.5028E-11 8.5563E-11 1.2451E-10 2.0238E-10 2.6682E-10 3.8297E-10 5.1731E-10 6.6563E-10 8.6426E-10 1.0828E-09 1.3753E-09 1.7081E-09 2.1453E-09 2.6351E-09 3.2097E-09 3.8972E-09 4.7158E-09 5.7006E-09 6.8653E-09 8.2578E-09 9.8898E-09 1.1809E-08 1.4029E-08 1.6560E-08 1.9422E-08 2.2586E-08 2.6041E-08 2.9724E-08 3.3529E-08 3.7363E-08 4.1053E-08 4.4426E-08 4.7281E-08 4.9460E-08 5.0763E-08 5.1092E-08
0.0000E+00 0.0000E+00 0.0000E+00 0.0000E+00 0.0000E+00 0.0000E+00 0.0000E+00 0.0000E+00 0.0000E+00 0.0000E+00 0.0000E+00 1.7270E-14 5.3199E-13 1.2478E-12 2.1415E-12 3.3135E-12 4.8576E-12 6.6087E-12 8.7192E-12 1.1515E-11 1.4500E-11 2.6945E-11 6.6433E-11 1.0707E-10 1.6959E-10 2.3398E-10 3.2972E-10 4.2885E-10 5.7591E-10 7.2890E-10 9.4184E-10 1.1739E-09 1.4883E-09 1.8378E-09 2.3011E-09 2.8062E-09 3.4056E-09 4.1248E-09 4.9879E-09 6.0152E-09 7.2521E-09 8.7065E-09 1.0440E-08 1.2462E-08 1.4800E-08 1.7465E-08 2.0450E-08 2.3769E-08 2.7342E-08 3.1126E-08 3.4994E-08 3.8813E-08 4.2390E-08 4.5572E-08 4.8114E-08 4.9864E-08 5.0635E-08
0.0000E+00 0.0000E+00 0.0000E+00 0.0000E+00 0.0000E+00 0.0000E+00 0.0000E+00 0.0000E+00 0.0000E+00 0.0000E+00 0.0000E+00 0.0000E+00 1.8227E-13 8.4672E-13 1.6540E-12 2.5971E-12 4.0656E-12 5.5306E-12 7.6246E-12 9.7917E-12 1.2863E-11 1.6663E-11 3.5560E-11 8.1935E-11 1.2208E-10 1.9622E-10 2.5792E-10 3.6892E-10 4.6285E-10 6.3152E-10 8.1045E-10 1.0175E-09 1.2777E-09 1.5880E-09 1.9821E-09 2.4265E-09 2.9405E-09 3.5609E-09 4.3072E-09 5.2004E-09 6.2805E-09 7.5594E-09 9.0914E-09 1.0896E-08 1.3020E-08 1.5455E-08 1.8227E-08 2.1342E-08 2.4762E-08 2.8443E-08 3.2289E-08 3.6150E-08 3.9910E-08 4.3343E-08 4.6266E-08 4.8453E-08 4.9735E-08
0.0000E+00 0.0000E+00 0.0000E+00 0.0000E+00 0.0000E+00 0.0000E+00 0.0000E+00 0.0000E+00 0.0000E+00 0.0000E+00 0.0000E+00 0.0000E+00 0.0000E+00 4.6964E-13 1.1772E-12 2.0605E-12 3.1323E-12 4.7193E-12 6.3626E-12 8.4604E-12 1.1050E-11 1.3988E-11 2.5063E-11 3.9625E-11 1.0073E-10 1.3320E-10 2.2225E-10 3.0532E-10 3.9956E-10 5.2645E-10 6.6968E-10 8.6119E-10 1.0656E-09 1.3463E-09 1.6566E-09 2.0706E-09 2.5136E-09 3.0385E-09 3.6742E-09 4.4395E-09 5.3620E-09 6.4702E-09 7.7986E-09 9.3833E-09 1.1260E-08 1.3451E-08 1.5967E-08 1.8840E-08 2.2040E-08 2.5548E-08 2.9271E-08 3.3133E-08 3.6972E-08 4.0616E-08 4.3853E-08 4.6478E-08 4.8272E-08
0.0000E+00 0.0000E+00 0.0000E+00 0.0000E+00 0.0000E+00 0.0000E+00 0.0000E+00 0.0000E+00 0.0000E+00 0.0000E+00 0.0000E+00 0.0000E+00 0.0000E+00 1.2168E-13 7.4091E-13 1.5207E-12 2.4367E-12 3.7774E-12 5.2706E-12 7.2240E-12 9.2312E-12 1.2262E-11 1.5117E-11 3.3024E-11 4.5741E-11 1.1402E-10 1.7538E-10 2.3535E-10 3.3056E-10 4.1520E-10 5.6103E-10 6.9093E-10 9.0445E-10 1.1239E-09 1.4003E-09 1.7340E-09 2.1231E-09 2.5579E-09 3.0979E-09 3.7356E-09 4.5194E-09 5.4555E-09 6.5905E-09 7.9525E-09 9.5751E-09 1.1502E-08 1.3742E-08 1.6329E-08 1.9256E-08 2.2513E-08 2.6059E-08 2.9814E-08 3.3653E-08 3.7419E-08 4.0911E-08 4.3923E-08 4.6198E-08
0.0000E+00 0.0000E+00 0.0000E+00 0.0000E+00 0.0000E+00 0.0000E+00 0.0000E+00 0.0000E+00 0.0000E+00 0.0000E+00 0.0000E+00 0.0000E+00 0.0000E+00 0.0000E+00 3.3027E-13 9.8351E-13 1.8786E-12 2.8310E-12 4.3730E-12 5.8344E-12 7.9606E-12 1.0114E-11 1.3150E-11 1.9759E-11 3.6235E-11 8.2965E-11 1.1818E-10 1.9151E-10 2.4189E-10 3.4798E-10 4.2334E-10 5.8204E-10 7.3612E-10 9.1898E-10 1.1543E-09 1.4151E-09 1.7665E-09 2.1317E-09 2.5760E-09 3.1049E-09 3.7580E-09 4.5316E-09 5.4871E-09 6.6287E-09 8.0119E-09 9.6580E-09 1.1608E-08 1.3884E-08 1.6493E-08 1.9461E-08 2.2757E-08 2.6318E-08 3.0071E-08 3.3861E-08 3.7534E-08 4.0839E-08 4.3577E-08
0.0000E+00 0.0000E+00 0.0000E+00 0.0000E+00 0.0000E+00 0.0000E+00 0.0000E+00 0.0000E+00 0.0000E+00 0.0000E+00 0.0000E+00 0.0000E+00 0.0000E+00 0.0000E+00 1.7183E-14 5.3332E-13 1.2732E-12 2.1775E-12 3.2079E-12 4.8364E-12 6.4964E-12 8.5352E-12 1.1063E-11 1.3912E-11 2.5341E-11 3.8429E-11 9.1376E-11 1.2258E-10 1.9886E-10 2.4743E-10 3.5195E-10 4.5983E-10 5.8085E-10 7.4842E-10 9.1329E-10 1.1612E-09 1.4082E-09 1.7549E-09 2.1153E-09 2.5510E-09 3.0784E-09 3.7214E-09 4.5002E-09 5.4488E-09 6.5917E-09 7.9692E-09 9.6263E-09 1.1583E-08 1.3859E-08 1.6497E-08 1.9480E-08 2.2790E-08 2.6363E-08 3.0097E-08 3.3813E-08 3.7341E-08 4.0456E-08
0.0000E+00 0.0000E+00 0.0000E+00 0.0000E+00 0.0000E+00 0.0000E+00 0.0000E+00 0.0000E+00 0.0000E+00 0.0000E+00 0.0000E+00 0.0000E+00 0.0000E+00 0.0000E+00 0.0000E+00 1.2674E-13 7.5438E-13 1.5538E-12 2.4315E-12 3.6883E-12 5.2247E-12 7.0701E-12 9.0961E-12 1.1852E-11 1.4674E-11 2.9071E-11 4.3203E-11 9.3739E-11 1.2786E-10 1.9910E-10 2.5100E-10 3.4578E-10 4.5921E-10 5.7060E-10 7.3960E-10 9.0013E-10 1.1443E-09 1.4171E-09 1.7203E-09 2.0694E-09 2.4893E-09 3.0103E-09 3.6301E-09 4.4065E-09 5.3256E-09 6.4654E-09 7.8310E-09 9.4763E-09 1.1417E-08 1.3707E-08 1.6351E-08 1.9350E-08 2.2678E-08 2.6245E-08 2.9935E-08 3.3591E-08 3.6971E-08
0.0000E+00 0.0000E+00 0.0000E+00 0.0000E+00 0.0000E+00 0.0000E+00 0.0000E+00 0.0000E+00 0.0000E+00 0.0000E+00 0.0000E+00 0.0000E+00 0.0000E+00 0.0000E+00 0.0000E+00 0.0000E+00 2.5796E-13 8.9458E-13 1.8140E-12 2.7143E-12 4.0441E-12 5.6210E-12 7.5794E-12 9.5725E-12 1.2440E-11 1.7435E-11 3.0581E-11 4.7897E-11 9.2430E-11 1.3083E-10 1.9463E-10 2.4841E-10 3.3759E-10 4.4655E-10 5.5835E-10 7.1445E-10 8.7182E-10 1.1072E-09 1.3623E-09 1.6585E-09 1.9811E-09 2.3987E-09 2.8858E-09 3.5035E-09 4.2329E-09 5.1459E-09 6.2460E-09 7.5966E-09 9.2138E-09 1.1162E-08 1.3448E-08 1.6107E-08 1.9134E-08 2.2476E-08 2.6060E-08 2.9728E-08 3.3287E-08
0.0000E+00 0.0000E+00 0.0000E+00 0.0000E+00 0.0000E+00 0.0000E+00 0.0000E+00 0.0000E+00 0.0000E+00 0.0000E+00 0.0000E+00 0.0000E+00 0.0000E+00 0.0000E+00 0.0000E+00 0.0000E+00 0.0000E+00 4.2454E-13 1.0770E-12 1.9656E-12 2.9669E-12 4.3815E-12 5.9496E-12 7.9344E-12 9.9958E-12 1.2879E-11 1.9612E-11 3.1299E-11 5.0978E-11 6.9717E-11 1.2974E-10 1.8703E-10 2.3912E-10 3.2631E-10 4.2284E-10 5.3253E-10 6.8168E-10 8.2946E-10 1.0535E-09 1.2905E-09 1.5639E-09 1.8738E-09 2.2590E-09 2.7242E-09 3.3014E-09 4.0141E-09 4.8886E-09 5.9582E-09 7.2841E-09 8.8958E-09 1.0833E-08 1.3146E-08 1.5837E-08 1.8914E-08 2.2309E-08 2.5911E-08 2.9585E-08
0.0000E+00 0.0000E+00 0.0000E+00 0.0000E+00 0.0000E+00 0.0000E+00 0.0000E+00 0.0000E+00 0.0000E+00 0.0000E+00 0.0000E+00 0.0000E+00 0.0000E+00 0.0000E+00 0.0000E+00 0.0000E+00 0.0000E+00 0.0000E+00 5.0155E-13 1.2372E-12 2.1509E-12 3.1787E-12 4.5620E-12 6.2294E-12 8.2016E-12 1.0230E-11 1.3204E-11 2.1129E-11 3.1184E-11 5.1492E-11 6.9284E-11 1.2462E-10 1.7185E-10 2.2565E-10 3.0775E-10 3.7666E-10 4.9915E-10 6.3346E-10 7.7648E-10 9.7746E-10 1.1736E-09 1.4458E-09 1.7353E-09 2.0825E-09 2.5280E-09 3.0649E-09 3.7414E-09 4.5732E-09 5.6290E-09 6.9295E-09 8.5338E-09 1.0494E-08 1.2846E-08 1.5618E-08 1.8775E-08 2.2272E-08 2.5948E-08
0.0000E+00 0.0000E+00 0.0000E+00 0.0000E+00 0.0000E+00 0.0000E+00 0.0000E+00 0.0000E+00 0.0000E+00 0.0000E+00 0.0000E+00 0.0000E+00 0.0000E+00 0.0000E+00 0.0000E+00 0.0000E+00 0.0000E+00 0.0000E+00 1.5289E-14 5.8041E-13 1.3633E-12 2.2504E-12 3.3455E-12 4.6864E-12 6.3691E-12 8.3899E-12 1.0396E-11 1.3371E-11 2.1703E-11 3.0295E-11 4.7356E-11 6.7458E-11 1.1583E-10 1.4602E-10 2.1131E-10 2.5900E-10 3.4713E-10 4.5734E-10 5.5225E-10 7.1342E-10 8.8931E-10 1.0724E-09 1.3039E-09 1.5683E-09 1.8912E-09 2.2905E-09 2.7801E-09 3.4152E-09 4.2136E-09 5.2502E-09 6.5457E-09 8.1722E-09 1.0192E-08 1.2615E-08 1.5525E-08 1.8842E-08 2.2478E-08
0.0000E+00 0.0000E+00 0.0000E+00 0.0000E+00 0.0000E+00 0.0000E+00 0.0000E+00 0.0000E+00 0.0000E+00 0.0000E+00 0.0000E+00 0.0000E+00 0.0000E+00 0.0000E+00 0.0000E+00 0.0000E+00 0.0000E+00 0.0000E+00 0.0000E+00 3.9260E-14 6.4828E-13 1.4484E-12 2.3031E-12 3.4520E-12 4.6837E-12 6.4208E-12 8.4746E-12 1.0438E-11 1.3364E-11 2.1087E-11 2.9721E-11 4.5021E-11 6.2680E-11 8.6868E-11 1.2517E-10 1.6199E-10 2.1015E-10 2.7562E-10 3.5171E-10 4.4201E-10 6.0996E-10 7.4073E-10 9.1931E-10 1.1143E-09 1.3454E-09 1.6414E-09 1.9996E-09 2.4613E-09 3.0684E-09 3.8513E-09 4.8533E-09 6.1794E-09 7.8650E-09 9.9677E-09 1.2578E-08 1.5665E-08 1.9209E-08
0.0000E+00 0.0000E+00 0.0000E+00 0.0000E+00 0.0000E+00 0.0000E+00 0.0000E+00 0.0000E+00 0.0000E+00 0.0000E+00 0.0000E+00 0.0000E+00 0.0000E+00 0.0000E+00 0.0000E+00 0.0000E+00 0.0000E+00 0.0000E+00 0.0000E+00 0.0000E+00 3.4129E-14 6.7028E-13 1.4777E-12 2.3190E-12 3.4611E-12 4.5624E-12 6.4133E-12 8.3298E-12 1.0333E-11 1.3151E-11 1.8486E-11 2.7546E-11 4.1272E-11 5.6873E-11 7.8305E-11 1.0430E-10 1.4481E-10 1.8953E-10 2.3591E-10 3.0259E-10 3.8042E-10 4.9223E-10 6.0588E-10 7.4234E-10 9.0806E-10 1.1164E-09 1.3742E-09 1.7095E-09 2.1545E-09 2.7431E-09 3.5197E-09 4.5727E-09 5.9467E-09 7.7578E-09 1.0060E-08 1.2907E-08 1.6296E-08
0.0000E+00 0.0000E+00 0.0000E+00 0.0000E+00 0.0000E+00 0.0000E+00 0.0000E+00 0.0000E+00 0.0000E+00 0.0000E+00 0.0000E+00 0.0000E+00 0.0000E+00 0.0000E+00 0.0000E+00 0.0000E+00 0.0000E+00 0.0000E+00 0.0000E+00 0.0000E+00 0.0000E+00 0.0000E+00 6.3163E-13 1.4496E-12 2.2923E-12 3.4124E-12 4.5022E-12 6.3128E-12 7.9364E-12 1.0119E-11 1.2689E-11 1.5305E-11 2.5691E-11 3.7071E-11 4.7252E-11 6.8947E-11 8.6616E-11 1.1812E-10 1.6148E-10 1.9512E-10 2.5543E-10 3.2082E-10 4.0110E-10 5.0206E-10 6.2269E-10 7.5041E-10 9.2789E-10 1.1732E-09 1.4829E-09 1.9141E-09 2.5035E-09 3.3085E-09 4.4147E-09 5.9273E-09 7.9168E-09 1.0467E-08 1.3633E-08
0.0000E+00 0.0000E+00 0.0000E+00 0.0000E+00 0.0000E+00 0.0000E+00 0.0000E+00 0.0000E+00 0.0000E+00 0.0000E+00 0.0000E+00 0.0000E+00 0.0000E+00 0.0000E+00 0.0000E+00 0.0000E+00 0.0000E+00 0.0000E+00 0.0000E+00 0.0000E+00 0.0000E+00 0.0000E+00 0.0000E+00 5.5222E-13 1.3424E-12 2.2137E-12 3.2927E-12 4.3754E-12 5.8173E-12 7.6811E-12 9.7962E-12 1.1873E-11 1.4749E-11 2.4162E-11 2.8370E-11 4.2184E-11 5.6717E-11 7.5045E-11 1.0252E-10 1.2592E-10 1.5905E-10 2.0232E-10 2.5360E-10 3.2493E-10 4.0634E-10 4.9454E-10 6.0847E-10 7.6587E-10 9.8637E-10 1.2851E-09 1.7066E-09 2.3120E-09 3.1670E-09 4.3992E-09 6.0891E-09 8.3278E-09 1.1220E-08
0.0000E+00 0.0000E+00 0.0000E+00 0.0000E+00 0.0000E+00 0.0000E+00 0.0000E+00 0.0000E+00 0.0000E+00 0.0000E+00 0.0000E+00 0.0000E+00 0.0000E+00 0.0000E+00 0.0000E+00 0.0000E+00 0.0000E+00 0.0000E+00 0.0000E+00 0.0000E+00 0.0000E+00 0.0000E+00 0.0000E+00 0.0000E+00 4.2862E-13 1.1240E-12 2.0628E-12 3.0872E-12 4.1591E-12 5.4981E-12 7.2648E-12 8.9784E-12 1.1289E-11 1.3875E-11 1.6539E-11 2.6370E-11 3.3659E-11 4.3589E-11 6.1899E-11 7.5421E-11 1.0323E-10 1.3328E-10 1.5924E-10 2.0531E-10 2.4829E-10 3.0304E-10 3.6425E-10 4.5212E-10 5.9796E-10 7.7902E-10 1.0727E-09 1.4988E-09 2.1316E-09 3.1101E-09 4.4853E-09 6.4044E-09 8.9724E-09
0.0000E+00 0.0000E+00 0.0000E+00 0.0000E+00 0.0000E+00 0.0000E+00 0.0000E+00 0.0000E+00 0.0000E+00 0.0000E+00 0.0000E+00 0.0000E+00 0.0000E+00 0.0000E+00 0.0000E+00 0.0000E+00 0.0000E+00 0.0000E+00 0.0000E+00 0.0000E+00 0.0000E+00 0.0000E+00 0.0000E+00 0.0000E+00 0.0000E+00 2.4154E-13 9.4088E-13 1.8450E-12 2.7621E-12 3.8815E-12 5.1062E-12 6.4457E-12 8.4441E-12 1.0578E-11 1.2556E-11 1.5521E-11 1.8139E-11 2.7176E-11 3.6041E-11 4.6578E-11 6.2165E-11 8.0041E-11 1.0183E-10 1.2669E-10 1.6232E-10 1.9048E-10 2.3781E-10 2.7298E-10 3.5377E-10 4.7995E-10 6.6705E-10 9.7090E-10 1.4158E-09 2.1429E-09 3.1928E-09 4.7349E-09 6.8999E-09
0.0000E+00 0.0000E+00 0.0000E+00 0.0000E+00 0.0000E+00 0.0000E+00 0.0000E+00 0.0000E+00 0.0000E+00 0.0000E+00 0.0000E+00 0.0000E+00 0.0000E+00 0.0000E+00 0.0000E+00 0.0000E+00 0.0000E+00 0.0000E+00 0.0000E+00 0.0000E+00 0.0000E+00 0.0000E+00 0.0000E+00 0.0000E+00 0.0000E+00 0.0000E+00 0.0000E+00 6.8575E-13 1.5375E-12 2.4186E-12 3.5155E-12 4.5840E-12 5.9655E-12 7.3854E-12 9.3782E-12 1.1504E-11 1.3688E-11 1.6604E-11 1.9211E-11 2.5336E-11 3.4628E-11 4.8448E-11 6.0841E-11 7.7277E-11 9.2398E-11 1.1980E-10 1.4303E-10 1.7311E-10 2.1386E-10 2.6703E-10 3.9253E-10 5.7385E-10 8.7572E-10 1.3966E-09 2.1553E-09 3.3592E-09 5.0522E-09
0.0000E+00 0.0000E+00 0.0000E+00 0.0000E+00 0.0000E+00 0.0000E+00 0.0000E+00 0.0000E+00 0.0000E+00 0.0000E+00 0.0000E+00 0.0000E+00 0.0000E+00 0.0000E+00 0.0000E+00 0.0000E+00 0.0000E+00 0.0000E+00 0.0000E+00 0.0000E+00 0.0000E+00 0.0000E+00 0.0000E+00 0.0000E+00 0.0000E+00 0.0000E+00 0.0000E+00 0.0000E+00 3.0759E-13 1.1907E-12 1.9543E-12 2.9703E-12 4.0811E-12 5.3629E-12 6.5455E-12 8.2129E-12 1.0061E-11 1.2088E-11 1.4474E-11 1.7113E-11 1.9077E-11 2.4092E-11 3.4357E-11 4.1806E-11 5.7012E-11 7.0685E-11 8.9433E-11 1.1155E-10 1.3429E-10 1.7130E-10 2.3384E-10 3.5195E-10 5.4362E-10 8.8126E-10 1.4093E-09 2.2612E-09 3.5091E-09
0.0000E+00 0.0000E+00 0.0000E+00 0.0000E+00 0.0000E+00 0.0000E+00 0.0000E+00 0.0000E+00 0.0000E+00 0.0000E+00 0.0000E+00 0.0000E+00 0.0000E+00 0.0000E+00 0.0000E+00 0.0000E+00 0.0000E+00 0.0000E+00 0.0000E+00 0.0000E+00 0.0000E+00 0.0000E+00 0.0000E+00 0.0000E+00 0.0000E+00 0.0000E+00 0.0000E+00 0.0000E+00 0.0000E+00 0.0000E+00 6.1049E-13 1.2374E-12 2.5047E-12 3.4690E-12 4.4016E-12 5.8197E-12 7.1772E-12 8.6580E-12 1.0463E-11 1.2403E-11 1.4801E-11 1.6631E-11 2.1444E-11 2.8053E-11 3.0781E-11 4.0596E-11 4.8729E-11 5.9838E-11 8.1378E-11 9.9985E-11 1.3585E-10 2.0248E-10 3.1696E-10 5.4975E-10 8.8450E-10 1.4604E-09 2.3363E-09
0.0000E+00 0.0000E+00 0.0000E+00 0.0000E+00 0.0000E+00 0.0000E+00 0.0000E+00 0.0000E+00 0.0000E+00 0.0000E+00 0.0000E+00 0.0000E+00 0.0000E+00 0.0000E+00 0.0000E+00 0.0000E+00 0.0000E+00 0.0000E+00 0.0000E+00 0.0000E+00 0.0000E+00 0.0000E+00 0.0000E+00 0.0000E+00 0.0000E+00 0.0000E+00 0.0000E+00 0.0000E+00 0.0000E+00 0.0000E+00 0.0000E+00 0.0000E+00 8.9702E-13 1.5781E-12 2.6143E-12 3.8020E-12 4.7757E-12 6.1357E-12 7.6712E-12 8.9908E-12 1.0732E-11 1.2351E-11 1.4080E-11 1.8177E-11 2.4376E-11 2.7114E-11 3.5562E-11 4.4239E-11 5.3130E-11 7.4986E-11 9.5867E-11 1.3889E-10 2.0358E-10 3.4476E-10 5.4833E-10 9.1088E-10 1.4698E-09
0.0000E+00 0.0000E+00 0.0000E+00 0.0000E+00 0.0000E+00 0.0000E+00 0.0000E+00 0.0000E+00 0.0000E+00 0.0000E+00 0.0000E+00 0.0000E+00 0.0000E+00 0.0000E+00 0.0000E+00 0.0000E+00 0.0000E+00 0.0000E+00 0.0000E+00 0.0000E+00 0.0000E+00 0.0000E+00 0.0000E+00 0.0000E+00 0.0000E+00 0.0000E+00 0.0000E+00 0.0000E+00 0.0000E+00 0.0000E+00 0.0000E+00 0.0000E+00 0.0000E+00 0.0000E+00 1.1573E-12 1.6099E-12 2.6072E-12 4.0509E-12 4.7933E-12 6.0535E-12 7.8291E-12 8.8553E-12 1.0467E-11 1.2313E-11 1.6091E-11 2.0541E-11 2.3915E-11 3.1363E-11 3.8781E-11 4.9176E-11 7.0851E-11 9.4548E-11 1.3980E-10 2.1364E-10 3.3448E-10 5.5567E-10 8.7519E-10
0.0000E+00 0.0000E+00 0.0000E+00 0.0000E+00 0.0000E+00 0.0000E+00 0.0000E+00 0.0000E+00 0.0000E+00 0.0000E+00 0.0000E+00 0.0000E+00 0.0000E+00 0.0000E+00 0.0000E+00 0.0000E+00 0.0000E+00 0.0000E+00 0.0000E+00 0.0000E+00 0.0000E+00 0.0000E+00 0.0000E+00 0.0000E+00 0.0000E+00 0.0000E+00 0.0000E+00 0.0000E+00 0.0000E+00 0.0000E+00 0.0000E+00 0.0000E+00 0.0000E+00 0.0000E+00 0.0000E+00 0.0000E+00 9.7741E-13 1.2502E-12 2.5478E-12 3.9114E-12 4.3506E-12 5.8500E-12 7.5531E-12 8.2701E-12 9.9957E-12 1.4440E-11 1.8544E-11 2.1563E-11 2.8260E-11 3.4886E-11 4.2106E-11 6.0915E-11 8.5156E-11 1.2636E-10 2.0417E-10 3.0177E-10 5.0174E-10
0.0000E+00 0.0000E+00 0.0000E+00 0.0000E+00 0.0000E+00 0.0000E+00 0.0000E+00 0.0000E+00 0.0000E+00 0.0000E+00 0.0000E+00 0.0000E+00 0.0000E+00 0.0000E+00 0.0000E+00 0.0000E+00 0.0000E+00 0.0000E+00 0.0000E+00 0.0000E+00 0.0000E+00 0.0000E+00 0.0000E+00 0.0000E+00 0.0000E+00 0.0000E+00 0.0000E+00 0.0000E+00 0.0000E+00 0.0000E+00 0.0000E+00 0.0000E+00 0.0000E+00 0.0000E+00 0.0000E+00 0.0000E+00 0.0000E+00 0.0000E+00 1.3923E-13 1.0739E-12 2.1382E-12 2.8933E-12 3.9796E-12 5.3537E-12 6.3983E-12 7.5642E-12 1.1528E-11 1.6065E-11 1.9410E-11 2.5631E-11 2.9560E-11 3.9079E-11 5.0039E-11 5.7641E-11 8.4497E-11 1.3844E-10 2.3197E-10
