Assets/Resources/2015_m01_d08_0200(utc+0800)_l00_csi_1hr_conc.grd
DSAA
         159         159
     -79.000      79.000
     -79.000      79.000
  0.0000E+00  0.1101E-04
[rows 50 to 74 of 159, columns 0 to 56 of 159]
5.2374E-10 5.5478E-10 5.8946E-10 6.2452E-10 6.6164E-10 7.0292E-10 7.4477E-10 7.9096E-10 8.3804E-10 8.8967E-10 9.4252E-10 9.9836E-10 1.0593E-09 1.1218E-09 1.1876E-09 1.2592E-09 1.3326E-09 1.4117E-09 1.4932E-09 1.5788E-09 1.6715E-09 1.7661E-09 1.8681E-09 1.9723E-09 2.0841E-09 2.1984E-09 2.3177E-09 2.4452E-09 2.5752E-09 2.7136E-09 2.8546E-09 3.0033E-09 3.1590E-09 3.3170E-09 3.4833E-09 3.6526E-09 3.8274E-09 4.0108E-09 4.1966E-09 4.3876E-09 4.5836E-09 4.7888E-09 4.9950E-09 5.2057E-09 5.4207E-09 5.6396E-09 5.8623E-09 6.0948E-09 6.3249E-09 6.5578E-09 6.7932E-09 7.0305E-09 7.2694E-09 7.5095E-09 7.7501E-09 7.9909E-09 8.2313E-09
5.2073E-10 5.5169E-10 5.8633E-10 6.2132E-10 6.6016E-10 6.9964E-10 7.4143E-10 7.8762E-10 8.3467E-10 8.8631E-10 9.3915E-10 9.9498E-10 1.0560E-09 1.1185E-09 1.1863E-09 1.2560E-09 1.3295E-09 1.4088E-09 1.4904E-09 1.5761E-09 1.6691E-09 1.7639E-09 1.8662E-09 1.9707E-09 2.0829E-09 2.1975E-09 2.3172E-09 2.4453E-09 2.5758E-09 2.7148E-09 2.8586E-09 3.0059E-09 3.1625E-09 3.3238E-09 3.4886E-09 3.6588E-09 3.8376E-09 4.0193E-09 4.2063E-09 4.3985E-09 4.5999E-09 4.8028E-09 5.0105E-09 5.2229E-09 5.4396E-09 5.6603E-09 5.8909E-09 6.1199E-09 6.3523E-09 6.5875E-09 6.8253E-09 7.0652E-09 7.3067E-09 7.5495E-09 7.7930E-09 8.0368E-09 8.2803E-09
5.1743E-10 5.4829E-10 5.8286E-10 6.1775E-10 6.5653E-10 6.9592E-10 7.3763E-10 7.8377E-10 8.3074E-10 8.8235E-10 9.3513E-10 9.9091E-10 1.0519E-09 1.1144E-09 1.1822E-09 1.2520E-09 1.3254E-09 1.4048E-09 1.4864E-09 1.5749E-09 1.6654E-09 1.7603E-09 1.8628E-09 1.9674E-09 2.0800E-09 2.1948E-09 2.3178E-09 2.4433E-09 2.5741E-09 2.7137E-09 2.8580E-09 3.0093E-09 3.1631E-09 3.3252E-09 3.4907E-09 3.6617E-09 3.8415E-09 4.0241E-09 4.2121E-09 4.4054E-09 4.6081E-09 4.8123E-09 5.0214E-09 5.2351E-09 5.4533E-09 5.6757E-09 5.9085E-09 6.1394E-09 6.3737E-09 6.6111E-09 6.8510E-09 7.0932E-09 7.3372E-09 7.5826E-09 7.8288E-09 8.0753E-09 8.3217E-09
5.1383E-10 5.4457E-10 5.7904E-10 6.1381E-10 6.5249E-10 6.9176E-10 7.3335E-10 7.7940E-10 8.2626E-10 8.7780E-10 9.3047E-10 9.8804E-10 1.0471E-09 1.1095E-09 1.1773E-09 1.2469E-09 1.3203E-09 1.3998E-09 1.4813E-09 1.5698E-09 1.6603E-09 1.7580E-09 1.8579E-09 1.9626E-09 2.0753E-09 2.1902E-09 2.3135E-09 2.4392E-09 2.5733E-09 2.7101E-09 2.8549E-09 3.0066E-09 3.1609E-09 3.3236E-09 3.4896E-09 3.6612E-09 3.8419E-09 4.0251E-09 4.2139E-09 4.4120E-09 4.6120E-09 4.8172E-09 5.0274E-09 5.2424E-09 5.4619E-09 5.6916E-09 5.9204E-09 6.1530E-09 6.3891E-09 6.6283E-09 6.8702E-09 7.1145E-09 7.3608E-09 7.6084E-09 7.8571E-09 8.1062E-09 8.3553E-09
5.0995E-10 5.4054E-10 5.7489E-10 6.0951E-10 6.4806E-10 6.8717E-10 7.3042E-10 7.7453E-10 8.2124E-10 8.7265E-10 9.2517E-10 9.8262E-10 1.0415E-09 1.1038E-09 1.1715E-09 1.2410E-09 1.3142E-09 1.3936E-09 1.4750E-09 1.5635E-09 1.6539E-09 1.7516E-09 1.8514E-09 1.9589E-09 2.0688E-09 2.1837E-09 2.3071E-09 2.4329E-09 2.5672E-09 2.7063E-09 2.8491E-09 3.0013E-09 3.1583E-09 3.3189E-09 3.4853E-09 3.6604E-09 3.8386E-09 4.0224E-09 4.2117E-09 4.4107E-09 4.6115E-09 4.8175E-09 5.0286E-09 5.2446E-09 5.4652E-09 5.6965E-09 5.9266E-09 6.1606E-09 6.3982E-09 6.6391E-09 6.8828E-09 7.1289E-09 7.3771E-09 7.6269E-09 7.8778E-09 8.1293E-09 8.3808E-09
5.0579E-10 5.3621E-10 5.7040E-10 6.0484E-10 6.4323E-10 6.8216E-10 7.2524E-10 7.6916E-10 8.1566E-10 8.6691E-10 9.1923E-10 9.7651E-10 1.0352E-09 1.0972E-09 1.1648E-09 1.2341E-09 1.3091E-09 1.3863E-09 1.4676E-09 1.5559E-09 1.6461E-09 1.7437E-09 1.8434E-09 1.9508E-09 2.0606E-09 2.1784E-09 2.2987E-09 2.4244E-09 2.5588E-09 2.6980E-09 2.8442E-09 2.9931E-09 3.1504E-09 3.3112E-09 3.4776E-09 3.6532E-09 3.8316E-09 4.0157E-09 4.2055E-09 4.4052E-09 4.6065E-09 4.8131E-09 5.0249E-09 5.2416E-09 5.4630E-09 5.6957E-09 5.9269E-09 6.1621E-09 6.4010E-09 6.6432E-09 6.8885E-09 7.1363E-09 7.3862E-09 7.6379E-09 7.8907E-09 8.1443E-09 8.3981E-09
5.0135E-10 5.3158E-10 5.6558E-10 5.9981E-10 6.3801E-10 6.7672E-10 7.1960E-10 7.6329E-10 8.0955E-10 8.6058E-10 9.1265E-10 9.6971E-10 1.0282E-09 1.0899E-09 1.1572E-09 1.2263E-09 1.3011E-09 1.3780E-09 1.4589E-09 1.5471E-09 1.6370E-09 1.7344E-09 1.8338E-09 1.9411E-09 2.0506E-09 2.1682E-09 2.2883E-09 2.4168E-09 2.5481E-09 2.6872E-09 2.8335E-09 2.9847E-09 3.1396E-09 3.3003E-09 3.4697E-09 3.6425E-09 3.8210E-09 4.0052E-09 4.1992E-09 4.3953E-09 4.5970E-09 4.8040E-09 5.0162E-09 5.2335E-09 5.4617E-09 5.6893E-09 5.9213E-09 6.1574E-09 6.3974E-09 6.6408E-09 6.8873E-09 7.1364E-09 7.3879E-09 7.6411E-09 7.8957E-09 8.1512E-09 8.4194E-09
4.9664E-10 5.2838E-10 5.6044E-10 5.9443E-10 6.3241E-10 6.7086E-10 7.1350E-10 7.5692E-10 8.0475E-10 8.5368E-10 9.0545E-10 9.6223E-10 1.0204E-09 1.0837E-09 1.1488E-09 1.2175E-09 1.2920E-09 1.3686E-09 1.4492E-09 1.5370E-09 1.6265E-09 1.7236E-09 1.8227E-09 1.9296E-09 2.0388E-09 2.1562E-09 2.2759E-09 2.4042E-09 2.5373E-09 2.6740E-09 2.8201E-09 2.9711E-09 3.1258E-09 3.2863E-09 3.4557E-09 3.6283E-09 3.8067E-09 3.9909E-09 4.1850E-09 4.3812E-09 4.5829E-09 4.7901E-09 5.0025E-09 5.2201E-09 5.4490E-09 5.6771E-09 5.9097E-09 6.1465E-09 6.3873E-09 6.6315E-09 6.8790E-09 7.1293E-09 7.3820E-09 7.6366E-09 7.8927E-09 8.1498E-09 8.4209E-09
4.9165E-10 5.2317E-10 5.5497E-10 5.8871E-10 6.2642E-10 6.6460E-10 7.0696E-10 7.5008E-10 7.9760E-10 8.4620E-10 8.9764E-10 9.5409E-10 1.0119E-09 1.0749E-09 1.1396E-09 1.2079E-09 1.2820E-09 1.3581E-09 1.4410E-09 1.5257E-09 1.6176E-09 1.7115E-09 1.8129E-09 1.9166E-09 2.0252E-09 2.1422E-09 2.2615E-09 2.3894E-09 2.5221E-09 2.6617E-09 2.8041E-09 2.9548E-09 3.1091E-09 3.2691E-09 3.4384E-09 3.6106E-09 3.7887E-09 3.9726E-09 4.1667E-09 4.3627E-09 4.5643E-09 4.7714E-09 4.9838E-09 5.2073E-09 5.4308E-09 5.6592E-09 5.8921E-09 6.1294E-09 6.3706E-09 6.6155E-09 6.8637E-09 7.1149E-09 7.3685E-09 7.6242E-09 7.8815E-09 8.1522E-09 8.4138E-09
4.8641E-10 5.1767E-10 5.4920E-10 5.8265E-10 6.2007E-10 6.5793E-10 6.9998E-10 7.4276E-10 7.8994E-10 8.3817E-10 8.8922E-10 9.4528E-10 1.0026E-09 1.0652E-09 1.1295E-09 1.1973E-09 1.2710E-09 1.3466E-09 1.4290E-09 1.5132E-09 1.6046E-09 1.6979E-09 1.7988E-09 1.9019E-09 2.0129E-09 2.1264E-09 2.2451E-09 2.3724E-09 2.5046E-09 2.6438E-09 2.7855E-09 2.9358E-09 3.0895E-09 3.2490E-09 3.4178E-09 3.5895E-09 3.7670E-09 3.9545E-09 4.1443E-09 4.3399E-09 4.5412E-09 4.7480E-09 4.9602E-09 5.1838E-09 5.4072E-09 5.6356E-09 5.8686E-09 6.1060E-09 6.3474E-09 6.5927E-09 6.8414E-09 7.0930E-09 7.3474E-09 7.6039E-09 7.8621E-09 8.1349E-09 8.3980E-09
4.8091E-10 5.1189E-10 5.4312E-10 5.7626E-10 6.1336E-10 6.5088E-10 6.9257E-10 7.3497E-10 7.8178E-10 8.2959E-10 8.8021E-10 9.3584E-10 9.9273E-10 1.0548E-09 1.1186E-09 1.1859E-09 1.2590E-09 1.3341E-09 1.4159E-09 1.4995E-09 1.5903E-09 1.6829E-09 1.7832E-09 1.8857E-09 1.9961E-09 2.1088E-09 2.2267E-09 2.3556E-09 2.4849E-09 2.6235E-09 2.7670E-09 2.9141E-09 3.0670E-09 3.2288E-09 3.3939E-09 3.5649E-09 3.7418E-09 3.9287E-09 4.1179E-09 4.3129E-09 4.5136E-09 4.7198E-09 4.9315E-09 5.1550E-09 5.3781E-09 5.6062E-09 5.8390E-09 6.0763E-09 6.3177E-09 6.5630E-09 6.8119E-09 7.0638E-09 7.3186E-09 7.5756E-09 7.8463E-09 8.1091E-09 8.3733E-09
4.7517E-10 5.0584E-10 5.3675E-10 5.6955E-10 6.0630E-10 6.4345E-10 6.8475E-10 7.2674E-10 7.7312E-10 8.2048E-10 8.7062E-10 9.2577E-10 9.8213E-10 1.0437E-09 1.1069E-09 1.1736E-09 1.2461E-09 1.3205E-09 1.4018E-09 1.4846E-09 1.5747E-09 1.6666E-09 1.7662E-09 1.8679E-09 1.9775E-09 2.0894E-09 2.2096E-09 2.3346E-09 2.4631E-09 2.6008E-09 2.7435E-09 2.8897E-09 3.0417E-09 3.2027E-09 3.3669E-09 3.5370E-09 3.7129E-09 3.8992E-09 4.0875E-09 4.2817E-09 4.4815E-09 4.6870E-09 4.9038E-09 5.1210E-09 5.3435E-09 5.5711E-09 5.8034E-09 6.0403E-09 6.2815E-09 6.5266E-09 6.7753E-09 7.0273E-09 7.2821E-09 7.5393E-09 7.8113E-09 8.0748E-09 8.3399E-09
4.6919E-10 4.9953E-10 5.3010E-10 5.6254E-10 5.9890E-10 6.3565E-10 6.7653E-10 7.1807E-10 7.6399E-10 8.1086E-10 8.6048E-10 9.1509E-10 9.7088E-10 1.0319E-09 1.0944E-09 1.1605E-09 1.2323E-09 1.3060E-09 1.3865E-09 1.4686E-09 1.5579E-09 1.6490E-09 1.7478E-09 1.8485E-09 1.9573E-09 2.0683E-09 2.1876E-09 2.3116E-09 2.4390E-09 2.5758E-09 2.7176E-09 2.8627E-09 3.0136E-09 3.1737E-09 3.3367E-09 3.5057E-09 3.6806E-09 3.8659E-09 4.0531E-09 4.2462E-09 4.4451E-09 4.6495E-09 4.8656E-09 5.0820E-09 5.3036E-09 5.5303E-09 5.7620E-09 5.9982E-09 6.2388E-09 6.4834E-09 6.7317E-09 6.9833E-09 7.2380E-09 7.4951E-09 7.7681E-09 8.0320E-09 8.2976E-09
4.6298E-10 4.9297E-10 5.2318E-10 5.5523E-10 5.9118E-10 6.2749E-10 6.6792E-10 7.0899E-10 7.5440E-10 8.0074E-10 8.4980E-10 9.0382E-10 9.5900E-10 1.0194E-09 1.0812E-09 1.1465E-09 1.2176E-09 1.2906E-09 1.3703E-09 1.4515E-09 1.5400E-09 1.6301E-09 1.7280E-09 1.8277E-09 1.9355E-09 2.0454E-09 2.1637E-09 2.2866E-09 2.4164E-09 2.5487E-09 2.6893E-09 2.8332E-09 2.9828E-09 3.1417E-09 3.3035E-09 3.4712E-09 3.6488E-09 3.8289E-09 4.0149E-09 4.2068E-09 4.4043E-09 4.6075E-09 4.8226E-09 5.0378E-09 5.2584E-09 5.4841E-09 5.7147E-09 5.9500E-09 6.1897E-09 6.4335E-09 6.6811E-09 6.9322E-09 7.1863E-09 7.4550E-09 7.7167E-09 7.9807E-09 8.2465E-09
4.5655E-10 4.8617E-10 5.1599E-10 5.4763E-10 5.8315E-10 6.1900E-10 6.5895E-10 6.9950E-10 7.4437E-10 7.9014E-10 8.3860E-10 8.9199E-10 9.4650E-10 1.0062E-09 1.0673E-09 1.1318E-09 1.2021E-09 1.2742E-09 1.3531E-09 1.4333E-09 1.5209E-09 1.6100E-09 1.7068E-09 1.8055E-09 1.9122E-09 2.0209E-09 2.1380E-09 2.2598E-09 2.3884E-09 2.5217E-09 2.6586E-09 2.8011E-09 2.9525E-09 3.1070E-09 3.2673E-09 3.4335E-09 3.6098E-09 3.7884E-09 3.9729E-09 4.1633E-09 4.3594E-09 4.5611E-09 4.7750E-09 4.9888E-09 5.2080E-09 5.4323E-09 5.6617E-09 5.8957E-09 6.1343E-09 6.3770E-09 6.6237E-09 6.8738E-09 7.1271E-09 7.3959E-09 7.6572E-09 7.9209E-09 8.1867E-09
4.4992E-10 4.7742E-10 5.0855E-10 5.3977E-10 5.7482E-10 6.1019E-10 6.4961E-10 6.8962E-10 7.3392E-10 7.7908E-10 8.2690E-10 8.7962E-10 9.3342E-10 9.9233E-10 1.0527E-09 1.1164E-09 1.1858E-09 1.2570E-09 1.3349E-09 1.4142E-09 1.5006E-09 1.5887E-09 1.6844E-09 1.7819E-09 1.8874E-09 1.9948E-09 2.1128E-09 2.2311E-09 2.3583E-09 2.4903E-09 2.6257E-09 2.7667E-09 2.9166E-09 3.0695E-09 3.2282E-09 3.3928E-09 3.5675E-09 3.7445E-09 3.9273E-09 4.1159E-09 4.3103E-09 4.5162E-09 4.7228E-09 4.9349E-09 5.1525E-09 5.3753E-09 5.6031E-09 5.8356E-09 6.0728E-09 6.3141E-09 6.5595E-09 6.8084E-09 7.0606E-09 7.3292E-09 7.5897E-09 7.8529E-09 8.1182E-09
4.4309E-10 4.7019E-10 5.0088E-10 5.3165E-10 5.6620E-10 6.0107E-10 6.3994E-10 6.7938E-10 7.2306E-10 7.6759E-10 8.1473E-10 8.6673E-10 9.1978E-10 9.7789E-10 1.0374E-09 1.1002E-09 1.1687E-09 1.2389E-09 1.3158E-09 1.3940E-09 1.4794E-09 1.5691E-09 1.6608E-09 1.7599E-09 1.8611E-09 1.9672E-09 2.0838E-09 2.2007E-09 2.3264E-09 2.4569E-09 2.5907E-09 2.7300E-09 2.8782E-09 3.0294E-09 3.1864E-09 3.3491E-09 3.5221E-09 3.6972E-09 3.8781E-09 4.0648E-09 4.2573E-09 4.4614E-09 4.6661E-09 4.8764E-09 5.0921E-09 5.3130E-09 5.5390E-09 5.7698E-09 6.0052E-09 6.2450E-09 6.4887E-09 6.7362E-09 6.9985E-09 7.2549E-09 7.5144E-09 7.7766E-09 8.0412E-09
4.3608E-10 4.6276E-10 4.9299E-10 5.2328E-10 5.5732E-10 5.9165E-10 6.2995E-10 6.6879E-10 7.1183E-10 7.5568E-10 8.0212E-10 8.5336E-10 9.0561E-10 9.6288E-10 1.0215E-09 1.0834E-09 1.1509E-09 1.2200E-09 1.2958E-09 1.3729E-09 1.4571E-09 1.5456E-09 1.6359E-09 1.7337E-09 1.8336E-09 1.9412E-09 2.0533E-09 2.1685E-09 2.2927E-09 2.4216E-09 2.5536E-09 2.6911E-09 2.8375E-09 2.9868E-09 3.1418E-09 3.3025E-09 3.4736E-09 3.6467E-09 3.8255E-09 4.0101E-09 4.2004E-09 4.4026E-09 4.6052E-09 4.8133E-09 5.0269E-09 5.2457E-09 5.4697E-09 5.6984E-09 5.9318E-09 6.1696E-09 6.4115E-09 6.6572E-09 6.9183E-09 7.1732E-09 7.4313E-09 7.6924E-09 7.9559E-09
4.2889E-10 4.5515E-10 4.8489E-10 5.1469E-10 5.4819E-10 5.8197E-10 6.1966E-10 6.5788E-10 7.0024E-10 7.4339E-10 7.8908E-10 8.3952E-10 8.9094E-10 9.4732E-10 1.0050E-09 1.0659E-09 1.1324E-09 1.2004E-09 1.2751E-09 1.3509E-09 1.4339E-09 1.5211E-09 1.6100E-09 1.7064E-09 1.8047E-09 1.9108E-09 2.0213E-09 2.1348E-09 2.2573E-09 2.3844E-09 2.5145E-09 2.6501E-09 2.7946E-09 2.9418E-09 3.0947E-09 3.2573E-09 3.4223E-09 3.5930E-09 3.7696E-09 3.9519E-09 4.1398E-09 4.3399E-09 4.5401E-09 4.7459E-09 4.9571E-09 5.1736E-09 5.3952E-09 5.6217E-09 5.8528E-09 6.0884E-09 6.3281E-09 6.5717E-09 6.8313E-09 7.0844E-09 7.3408E-09 7.6003E-09 7.8624E-09
4.2155E-10 4.4735E-10 4.7660E-10 5.0589E-10 5.3883E-10 5.7203E-10 6.0909E-10 6.4666E-10 6.8831E-10 7.3073E-10 7.7565E-10 8.2525E-10 8.7580E-10 9.3124E-10 9.8796E-10 1.0478E-09 1.1132E-09 1.1801E-09 1.2536E-09 1.3281E-09 1.4098E-09 1.4956E-09 1.5830E-09 1.6779E-09 1.7746E-09 1.8790E-09 1.9879E-09 2.0996E-09 2.2202E-09 2.3454E-09 2.4735E-09 2.6070E-09 2.7495E-09 2.8945E-09 3.0451E-09 3.2055E-09 3.3681E-09 3.5365E-09 3.7106E-09 3.8904E-09 4.0758E-09 4.2734E-09 4.4711E-09 4.6743E-09 4.8829E-09 5.0968E-09 5.3159E-09 5.5398E-09 5.7684E-09 6.0015E-09 6.2387E-09 6.4799E-09 6.7377E-09 6.9887E-09 7.2431E-09 7.5006E-09 7.7609E-09
4.1405E-10 4.3940E-10 4.6812E-10 4.9689E-10 5.2924E-10 5.6186E-10 5.9826E-10 6.3516E-10 6.7426E-10 7.1774E-10 7.6185E-10 8.1058E-10 8.6022E-10 9.1469E-10 9.7040E-10 1.0292E-09 1.0935E-09 1.1592E-09 1.2313E-09 1.3046E-09 1.3848E-09 1.4691E-09 1.5551E-09 1.6483E-09 1.7434E-09 1.8461E-09 1.9531E-09 2.0663E-09 2.1816E-09 2.3048E-09 2.4308E-09 2.5651E-09 2.7023E-09 2.8450E-09 2.9933E-09 3.1512E-09 3.3114E-09 3.4772E-09 3.6486E-09 3.8257E-09 4.0084E-09 4.2034E-09 4.3983E-09 4.5987E-09 4.8046E-09 5.0156E-09 5.2318E-09 5.4529E-09 5.6788E-09 5.9091E-09 6.1436E-09 6.3821E-09 6.6377E-09 6.8862E-09 7.1383E-09 7.3936E-09 7.6518E-09
4.0642E-10 4.3129E-10 4.5948E-10 4.8772E-10 5.1947E-10 5.5146E-10 5.8719E-10 6.2340E-10 6.6176E-10 7.0443E-10 7.4771E-10 7.9554E-10 8.4424E-10 8.9771E-10 9.5236E-10 1.0101E-09 1.0731E-09 1.1376E-09 1.2084E-09 1.2803E-09 1.3591E-09 1.4419E-09 1.5262E-09 1.6178E-09 1.7111E-09 1.8120E-09 1.9171E-09 2.0284E-09 2.1416E-09 2.2627E-09 2.3865E-09 2.5185E-09 2.6533E-09 2.7936E-09 2.9393E-09 3.0947E-09 3.2522E-09 3.4152E-09 3.5839E-09 3.7581E-09 3.9437E-09 4.1301E-09 4.3220E-09 4.5194E-09 4.7222E-09 4.9302E-09 5.1434E-09 5.3614E-09 5.5842E-09 5.8115E-09 6.0430E-09 6.2898E-09 6.5317E-09 6.7774E-09 7.0268E-09 7.2795E-09 7.5353E-09
3.9867E-10 4.2305E-10 4.5069E-10 4.7838E-10 5.0951E-10 5.4088E-10 5.7414E-10 6.1140E-10 6.4901E-10 6.9084E-10 7.3327E-10 7.8016E-10 8.2790E-10 8.8032E-10 9.3389E-10 9.9045E-10 1.0523E-09 1.1154E-09 1.1849E-09 1.2554E-09 1.3326E-09 1.4138E-09 1.4965E-09 1.5864E-09 1.6778E-09 1.7768E-09 1.8800E-09 1.9892E-09 2.1003E-09 2.2191E-09 2.3406E-09 2.4702E-09 2.6026E-09 2.7402E-09 2.8833E-09 3.0360E-09 3.1907E-09 3.3508E-09 3.5165E-09 3.6878E-09 3.8704E-09 4.0536E-09 4.2424E-09 4.4366E-09 4.6361E-09 4.8409E-09 5.0507E-09 5.2655E-09 5.4849E-09 5.7089E-09 5.9372E-09 6.1811E-09 6.4198E-09 6.6625E-09 6.9089E-09 7.1587E-09 7.4117E-09
3.9080E-10 4.1470E-10 4.4005E-10 4.6889E-10 4.9765E-10 5.3011E-10 5.6269E-10 5.9919E-10 6.3602E-10 6.7700E-10 7.1855E-10 7.6447E-10 8.1123E-10 8.6256E-10 9.1502E-10 9.7041E-10 1.0309E-09 1.0928E-09 1.1609E-09 1.2299E-09 1.3055E-09 1.3851E-09 1.4661E-09 1.5541E-09 1.6437E-09 1.7407E-09 1.8418E-09 1.9489E-09 2.0602E-09 2.1742E-09 2.2933E-09 2.4205E-09 2.5502E-09 2.6852E-09 2.8254E-09 2.9753E-09 3.1270E-09 3.2842E-09 3.4468E-09 3.6148E-09 3.7943E-09 3.9742E-09 4.1596E-09 4.3504E-09 4.5465E-09 4.7478E-09 4.9542E-09 5.1654E-09 5.3813E-09 5.6018E-09 5.8265E-09 6.0672E-09 6.3025E-09 6.5418E-09 6.7849E-09 7.0315E-09 7.2814E-09
3.8117E-10 4.0623E-10 4.3105E-10 4.5928E-10 4.8743E-10 5.1919E-10 5.5108E-10 5.8679E-10 6.2283E-10 6.6293E-10 7.0358E-10 7.4852E-10 7.9425E-10 8.4259E-10 8.9580E-10 9.4998E-10 1.0092E-09 1.0697E-09 1.1363E-09 1.2038E-09 1.2778E-09 1.3557E-09 1.4349E-09 1.5211E-09 1.6087E-09 1.7037E-09 1.8027E-09 1.9076E-09 2.0165E-09 2.1282E-09 2.2447E-09 2.3693E-09 2.4963E-09 2.6285E-09 2.7659E-09 2.9129E-09 3.0615E-09 3.2155E-09 3.3748E-09 3.5396E-09 3.7157E-09 3.8922E-09 4.0741E-09 4.2613E-09 4.4537E-09 4.6513E-09 4.8540E-09 5.0615E-09 5.2736E-09 5.4903E-09 5.7113E-09 5.9484E-09 6.1800E-09 6.4157E-09 6.6552E-09 6.8983E-09 7.1447E-09
