Assets/Resources/2015_m01_d23_0200(utc+0800)_l00_csi_1hr_conc.grd
DSAA
         159         159
     -79.000      79.000
     -79.000      79.000
  0.0000E+00  0.4719E-04
[rows 0 to 24 of 159, columns 57 to 113 of 159]
5.4306E-09 5.8283E-09 6.1977E-09 6.5470E-09 6.8684E-09 7.1637E-09 7.4295E-09 7.6685E-09 7.8782E-09 8.0611E-09 8.2162E-09 8.3488E-09 8.4533E-09 8.5396E-09 8.6002E-09 8.6447E-09 8.6644E-09 8.6688E-09 8.6521E-09 8.6231E-09 8.5763E-09 8.5204E-09 8.4500E-09 8.3728E-09 8.2840E-09 8.1876E-09 8.0883E-09 7.9805E-09 7.8713E-09 7.7558E-09 7.6375E-09 7.5204E-09 7.3989E-09 7.2794E-09 7.1571E-09 7.0344E-09 6.9148E-09 6.7927E-09 6.6711E-09 6.5533E-09 6.4334E-09 6.3145E-09 6.1982E-09 6.0815E-09 5.9666E-09 5.8516E-09 5.7375E-09 5.6236E-09 5.5110E-09 5.3987E-09 5.2886E-09 5.1819E-09 5.0777E-09 4.9765E-09 4.8778E-09 4.7811E-09 4.6860E-09
5.5271E-09 5.9290E-09 6.3058E-09 6.6603E-09 6.9832E-09 7.2846E-09 7.5507E-09 7.7945E-09 8.0034E-09 8.1890E-09 8.3445E-09 8.4764E-09 8.5832E-09 8.6660E-09 8.7283E-09 8.7687E-09 8.7904E-09 8.7897E-09 8.7745E-09 8.7403E-09 8.6946E-09 8.6330E-09 8.5608E-09 8.4802E-09 8.3885E-09 8.2926E-09 8.1873E-09 8.0766E-09 7.9649E-09 7.8466E-09 7.7286E-09 7.6058E-09 7.4816E-09 7.3598E-09 7.2349E-09 7.1106E-09 6.9880E-09 6.8635E-09 6.7426E-09 6.6198E-09 6.4978E-09 6.3786E-09 6.2587E-09 6.1400E-09 6.0232E-09 5.9065E-09 5.7905E-09 5.6759E-09 5.5617E-09 5.4480E-09 5.3363E-09 5.2283E-09 5.1228E-09 5.0205E-09 4.9207E-09 4.8232E-09 4.7273E-09
5.6146E-09 6.0200E-09 6.4044E-09 6.7616E-09 7.0930E-09 7.3938E-09 7.6671E-09 7.9091E-09 8.1228E-09 8.3069E-09 8.4664E-09 8.5954E-09 8.7040E-09 8.7845E-09 8.8475E-09 8.8870E-09 8.9063E-09 8.9050E-09 8.8873E-09 8.8504E-09 8.8028E-09 8.7387E-09 8.6665E-09 8.5811E-09 8.4878E-09 8.3885E-09 8.2804E-09 8.1703E-09 8.0528E-09 7.9317E-09 7.8114E-09 7.6859E-09 7.5622E-09 7.4351E-09 7.3075E-09 7.1832E-09 7.0562E-09 6.9293E-09 6.8067E-09 6.6817E-09 6.5593E-09 6.4365E-09 6.3146E-09 6.1949E-09 6.0755E-09 5.9570E-09 5.8402E-09 5.7231E-09 5.6072E-09 5.4921E-09 5.3788E-09 5.2693E-09 5.1625E-09 5.0590E-09 4.9581E-09 4.8596E-09 4.7629E-09
5.6923E-09 6.1008E-09 6.4930E-09 6.8526E-09 7.1907E-09 7.4928E-09 7.7717E-09 8.0140E-09 8.2319E-09 8.4171E-09 8.5766E-09 8.7088E-09 8.8147E-09 8.8981E-09 8.9578E-09 8.9991E-09 9.0150E-09 9.0146E-09 8.9932E-09 8.9584E-09 8.9056E-09 8.8421E-09 8.7658E-09 8.6780E-09 8.5849E-09 8.4810E-09 8.3715E-09 8.2582E-09 8.1382E-09 8.0180E-09 7.8921E-09 7.7642E-09 7.6385E-09 7.5089E-09 7.3823E-09 7.2529E-09 7.1237E-09 6.9981E-09 6.8704E-09 6.7433E-09 6.6192E-09 6.4946E-09 6.3708E-09 6.2494E-09 6.1282E-09 6.0089E-09 5.8897E-09 5.7711E-09 5.6545E-09 5.5380E-09 5.4235E-09 5.3127E-09 5.2048E-09 5.1003E-09 4.9985E-09 4.8992E-09 4.8017E-09
5.7573E-09 6.1734E-09 6.5688E-09 6.9353E-09 7.2758E-09 7.5836E-09 7.8642E-09 8.1108E-09 8.3294E-09 8.5182E-09 8.6771E-09 8.8122E-09 8.9169E-09 9.0020E-09 9.0614E-09 9.1009E-09 9.1173E-09 9.1153E-09 9.0935E-09 9.0567E-09 9.0019E-09 8.9377E-09 8.8583E-09 8.7707E-09 8.6734E-09 8.5671E-09 8.4580E-09 8.3401E-09 8.2200E-09 8.0956E-09 7.9673E-09 7.8406E-09 7.7094E-09 7.5775E-09 7.4491E-09 7.3175E-09 7.1894E-09 7.0589E-09 6.9292E-09 6.8021E-09 6.6745E-09 6.5479E-09 6.4238E-09 6.3001E-09 6.1772E-09 6.0564E-09 5.9356E-09 5.8155E-09 5.6975E-09 5.5797E-09 5.4638E-09 5.3516E-09 5.2425E-09 5.1370E-09 5.0341E-09 4.9340E-09 4.8357E-09
5.8113E-09 6.2352E-09 6.6334E-09 7.0072E-09 7.3497E-09 7.6644E-09 7.9459E-09 8.1990E-09 8.4167E-09 8.6094E-09 8.7700E-09 8.9047E-09 9.0134E-09 9.0959E-09 9.1582E-09 9.1951E-09 9.2137E-09 9.2086E-09 9.1885E-09 9.1477E-09 9.0945E-09 9.0267E-09 8.9455E-09 8.8577E-09 8.7573E-09 8.6515E-09 8.5383E-09 8.4183E-09 8.2975E-09 8.1699E-09 8.0418E-09 7.9110E-09 7.7778E-09 7.6473E-09 7.5137E-09 7.3801E-09 7.2505E-09 7.1182E-09 6.9872E-09 6.8586E-09 6.7292E-09 6.6019E-09 6.4749E-09 6.3493E-09 6.2257E-09 6.1026E-09 5.9802E-09 5.8598E-09 5.7394E-09 5.6207E-09 5.5037E-09 5.3903E-09 5.2800E-09 5.1732E-09 5.0692E-09 4.9680E-09 4.8688E-09
5.8539E-09 6.2859E-09 6.6864E-09 7.0680E-09 7.4125E-09 7.7339E-09 8.0186E-09 8.2732E-09 8.4971E-09 8.6889E-09 8.8546E-09 8.9879E-09 9.0991E-09 9.1826E-09 9.2441E-09 9.2823E-09 9.3000E-09 9.2952E-09 9.2741E-09 9.2324E-09 9.1794E-09 9.1089E-09 9.0300E-09 8.9373E-09 8.8352E-09 8.7292E-09 8.6129E-09 8.4934E-09 8.3688E-09 8.2391E-09 8.1106E-09 7.9767E-09 7.8427E-09 7.7096E-09 7.5745E-09 7.4428E-09 7.3083E-09 7.1741E-09 7.0430E-09 6.9107E-09 6.7799E-09 6.6515E-09 6.5229E-09 6.3967E-09 6.2708E-09 6.1471E-09 6.0242E-09 5.9016E-09 5.7799E-09 5.6596E-09 5.5411E-09 5.4263E-09 5.3150E-09 5.2073E-09 5.1027E-09 5.0009E-09 4.9010E-09
5.8877E-09 6.3224E-09 6.7308E-09 7.1149E-09 7.4662E-09 7.7899E-09 8.0799E-09 8.3366E-09 8.5651E-09 8.7597E-09 8.9262E-09 9.0644E-09 9.1743E-09 9.2602E-09 9.3214E-09 9.3628E-09 9.3781E-09 9.3765E-09 9.3520E-09 9.3136E-09 9.2563E-09 9.1847E-09 9.1052E-09 9.0111E-09 8.9115E-09 8.8005E-09 8.6826E-09 8.5631E-09 8.4355E-09 8.3078E-09 8.1743E-09 8.0390E-09 7.9062E-09 7.7691E-09 7.6317E-09 7.4986E-09 7.3629E-09 7.2293E-09 7.0949E-09 6.9610E-09 6.8301E-09 6.6989E-09 6.5688E-09 6.4412E-09 6.3139E-09 6.1882E-09 6.0648E-09 5.9409E-09 5.8179E-09 5.6964E-09 5.5767E-09 5.4607E-09 5.3484E-09 5.2396E-09 5.1339E-09 5.0310E-09 4.9303E-09
5.9127E-09 6.3474E-09 6.7632E-09 7.1497E-09 7.5083E-09 7.8340E-09 8.1301E-09 8.3903E-09 8.6209E-09 8.8198E-09 8.9878E-09 9.1297E-09 9.2400E-09 9.3291E-09 9.3911E-09 9.4325E-09 9.4495E-09 9.4470E-09 9.4224E-09 9.3843E-09 9.3264E-09 9.2583E-09 9.1743E-09 9.0791E-09 8.9788E-09 8.8665E-09 8.7512E-09 8.6269E-09 8.4977E-09 8.3697E-09 8.2346E-09 8.0998E-09 7.9632E-09 7.8251E-09 7.6902E-09 7.5521E-09 7.4146E-09 7.2801E-09 7.1441E-09 7.0096E-09 6.8768E-09 6.7440E-09 6.6136E-09 6.4843E-09 6.3559E-09 6.2300E-09 6.1036E-09 5.9786E-09 5.8544E-09 5.7318E-09 5.6109E-09 5.4937E-09 5.3804E-09 5.2707E-09 5.1645E-09 5.0611E-09 4.9599E-09
5.9214E-09 6.3598E-09 6.7839E-09 7.1749E-09 7.5389E-09 7.8680E-09 8.1669E-09 8.4329E-09 8.6654E-09 8.8698E-09 9.0403E-09 9.1839E-09 9.2991E-09 9.3875E-09 9.4539E-09 9.4932E-09 9.5142E-09 9.5097E-09 9.4897E-09 9.4479E-09 9.3897E-09 9.3218E-09 9.2372E-09 9.1455E-09 9.0406E-09 8.9272E-09 8.8116E-09 8.6865E-09 8.5601E-09 8.4266E-09 8.2907E-09 8.1565E-09 8.0172E-09 7.8786E-09 7.7421E-09 7.6033E-09 7.4664E-09 7.3282E-09 7.1911E-09 7.0562E-09 6.9211E-09 6.7870E-09 6.6555E-09 6.5243E-09 6.3954E-09 6.2674E-09 6.1398E-09 6.0137E-09 5.8892E-09 5.7656E-09 5.6436E-09 5.5253E-09 5.4111E-09 5.3005E-09 5.1935E-09 5.0894E-09 4.9876E-09
5.9177E-09 6.3689E-09 6.7897E-09 7.1884E-09 7.5544E-09 7.8905E-09 8.1936E-09 8.4645E-09 8.7024E-09 8.9072E-09 9.0845E-09 9.2276E-09 9.3476E-09 9.4376E-09 9.5047E-09 9.5468E-09 9.5681E-09 9.5644E-09 9.5456E-09 9.5043E-09 9.4507E-09 9.3788E-09 9.2938E-09 9.2023E-09 9.0969E-09 8.9876E-09 8.8672E-09 8.7409E-09 8.6146E-09 8.4800E-09 8.3465E-09 8.2084E-09 8.0685E-09 7.9315E-09 7.7908E-09 7.6507E-09 7.5131E-09 7.3737E-09 7.2362E-09 7.0986E-09 6.9623E-09 6.8284E-09 6.6953E-09 6.5637E-09 6.4339E-09 6.3047E-09 6.1761E-09 6.0490E-09 5.9225E-09 5.7979E-09 5.6749E-09 5.5555E-09 5.4403E-09 5.3289E-09 5.2211E-09 5.1165E-09 5.0140E-09
5.9079E-09 6.3582E-09 6.7834E-09 7.1896E-09 7.5582E-09 7.9010E-09 8.2091E-09 8.4824E-09 8.7269E-09 8.9354E-09 9.1153E-09 9.2647E-09 9.3844E-09 9.4786E-09 9.5464E-09 9.5936E-09 9.6137E-09 9.6144E-09 9.5941E-09 9.5534E-09 9.5009E-09 9.4293E-09 9.3490E-09 9.2539E-09 9.1480E-09 9.0387E-09 8.9181E-09 8.7953E-09 8.6641E-09 8.5300E-09 8.3962E-09 8.2563E-09 8.1181E-09 7.9783E-09 7.8365E-09 7.6972E-09 7.5562E-09 7.4164E-09 7.2781E-09 7.1402E-09 7.0030E-09 6.8678E-09 6.7331E-09 6.6007E-09 6.4688E-09 6.3385E-09 6.2097E-09 6.0819E-09 5.9543E-09 5.8288E-09 5.7048E-09 5.5844E-09 5.4683E-09 5.3561E-09 5.2476E-09 5.1424E-09 5.0394E-09
5.8847E-09 6.3356E-09 6.7731E-09 7.1766E-09 7.5517E-09 7.8978E-09 8.2126E-09 8.4911E-09 8.7384E-09 8.9534E-09 9.1352E-09 9.2902E-09 9.4114E-09 9.5106E-09 9.5808E-09 9.6290E-09 9.6510E-09 9.6555E-09 9.6349E-09 9.6001E-09 9.5443E-09 9.4752E-09 9.3945E-09 9.2992E-09 9.1984E-09 9.0847E-09 8.9652E-09 8.8422E-09 8.7104E-09 8.5789E-09 8.4414E-09 8.3008E-09 8.1633E-09 8.0211E-09 7.8803E-09 7.7393E-09 7.5981E-09 7.4581E-09 7.3177E-09 7.1781E-09 7.0409E-09 6.9044E-09 6.7689E-09 6.6357E-09 6.5029E-09 6.3716E-09 6.2412E-09 6.1121E-09 5.9836E-09 5.8573E-09 5.7323E-09 5.6115E-09 5.4951E-09 5.3822E-09 5.2730E-09 5.1672E-09 5.0638E-09
5.8472E-09 6.3065E-09 6.7437E-09 7.1513E-09 7.5355E-09 7.8846E-09 8.2031E-09 8.4884E-09 8.7389E-09 8.9603E-09 9.1464E-09 9.3040E-09 9.4322E-09 9.5317E-09 9.6081E-09 9.6559E-09 9.6834E-09 9.6872E-09 9.6683E-09 9.6358E-09 9.5816E-09 9.5164E-09 9.4340E-09 9.3405E-09 9.2391E-09 9.1265E-09 9.0099E-09 8.8834E-09 8.7518E-09 8.6206E-09 8.4820E-09 8.3459E-09 8.2042E-09 8.0617E-09 7.9215E-09 7.7788E-09 7.6361E-09 7.4955E-09 7.3549E-09 7.2157E-09 7.0767E-09 6.9386E-09 6.8032E-09 6.6679E-09 6.5348E-09 6.4036E-09 6.2729E-09 6.1431E-09 6.0138E-09 5.8866E-09 5.7609E-09 5.6385E-09 5.5208E-09 5.4071E-09 5.2973E-09 5.1909E-09 5.0869E-09
5.8037E-09 6.2645E-09 6.7025E-09 7.1203E-09 7.5037E-09 7.8600E-09 8.1818E-09 8.4747E-09 8.7300E-09 8.9548E-09 9.1475E-09 9.3078E-09 9.4422E-09 9.5451E-09 9.6238E-09 9.6743E-09 9.7065E-09 9.7111E-09 9.6982E-09 9.6646E-09 9.6136E-09 9.5488E-09 9.4671E-09 9.3787E-09 9.2751E-09 9.1636E-09 9.0470E-09 8.9204E-09 8.7932E-09 8.6584E-09 8.5195E-09 8.3838E-09 8.2420E-09 8.0999E-09 7.9580E-09 7.8155E-09 7.6735E-09 7.5310E-09 7.3890E-09 7.2494E-09 7.1103E-09 6.9719E-09 6.8367E-09 6.7007E-09 6.5662E-09 6.4332E-09 6.3012E-09 6.1704E-09 6.0404E-09 5.9133E-09 5.7872E-09 5.6639E-09 5.5454E-09 5.4310E-09 5.3207E-09 5.2138E-09 5.1093E-09
5.7481E-09 6.2084E-09 6.6538E-09 7.0723E-09 7.4603E-09 7.8242E-09 8.1514E-09 8.4478E-09 8.7106E-09 8.9406E-09 9.1387E-09 9.3036E-09 9.4410E-09 9.5498E-09 9.6306E-09 9.6877E-09 9.7203E-09 9.7280E-09 9.7195E-09 9.6868E-09 9.6407E-09 9.5753E-09 9.4968E-09 9.4078E-09 9.3054E-09 9.1980E-09 9.0789E-09 8.9547E-09 8.8268E-09 8.6921E-09 8.5584E-09 8.4180E-09 8.2762E-09 8.1359E-09 7.9924E-09 7.8486E-09 7.7070E-09 7.5643E-09 7.4235E-09 7.2828E-09 7.1423E-09 7.0042E-09 6.8664E-09 6.7297E-09 6.5957E-09 6.4619E-09 6.3292E-09 6.1977E-09 6.0670E-09 5.9383E-09 5.8111E-09 5.6870E-09 5.5678E-09 5.4545E-09 5.3436E-09 5.2357E-09 5.1309E-09
5.6792E-09 6.1455E-09 6.5930E-09 7.0131E-09 7.4121E-09 7.7751E-09 8.1098E-09 8.4120E-09 8.6807E-09 8.9164E-09 9.1181E-09 9.2920E-09 9.4305E-09 9.5459E-09 9.6289E-09 9.6921E-09 9.7264E-09 9.7408E-09 9.7321E-09 9.7019E-09 9.6594E-09 9.5953E-09 9.5220E-09 9.4317E-09 9.3317E-09 9.2250E-09 9.1063E-09 8.9863E-09 8.8565E-09 8.7216E-09 8.5894E-09 8.4494E-09 8.3085E-09 8.1673E-09 8.0242E-09 7.8817E-09 7.7390E-09 7.5957E-09 7.4542E-09 7.3123E-09 7.1735E-09 7.0341E-09 6.8957E-09 6.7583E-09 6.6225E-09 6.4880E-09 6.3546E-09 6.2268E-09 6.0972E-09 5.9675E-09 5.8399E-09 5.7153E-09 5.5952E-09 5.4796E-09 5.3679E-09 5.2600E-09 5.1546E-09
5.6039E-09 6.0713E-09 6.5194E-09 6.9473E-09 7.3471E-09 7.7148E-09 8.0577E-09 8.3657E-09 8.6385E-09 8.8823E-09 9.0896E-09 9.2675E-09 9.4147E-09 9.5316E-09 9.6229E-09 9.6870E-09 9.7250E-09 9.7448E-09 9.7381E-09 9.7144E-09 9.6710E-09 9.6111E-09 9.5385E-09 9.4503E-09 9.3553E-09 9.2466E-09 9.1313E-09 9.0109E-09 8.8822E-09 8.7533E-09 8.6165E-09 8.4775E-09 8.3389E-09 8.1964E-09 8.0536E-09 7.9112E-09 7.7674E-09 7.6260E-09 7.4834E-09 7.3412E-09 7.2012E-09 7.0611E-09 6.9230E-09 6.7881E-09 6.6540E-09 6.5191E-09 6.3855E-09 6.2528E-09 6.1212E-09 5.9913E-09 5.8631E-09 5.7454E-09 5.6251E-09 5.5085E-09 5.3961E-09 5.2879E-09 5.1824E-09
5.5182E-09 5.9852E-09 6.4420E-09 6.8697E-09 7.2714E-09 7.6506E-09 7.9930E-09 8.3094E-09 8.5883E-09 8.8366E-09 9.0518E-09 9.2337E-09 9.3887E-09 9.5093E-09 9.6073E-09 9.6740E-09 9.7196E-09 9.7405E-09 9.7369E-09 9.7188E-09 9.6765E-09 9.6212E-09 9.5498E-09 9.4646E-09 9.3712E-09 9.2639E-09 9.1536E-09 9.0319E-09 8.9035E-09 8.7770E-09 8.6411E-09 8.5038E-09 8.3653E-09 8.2229E-09 8.0813E-09 7.9386E-09 7.7948E-09 7.6527E-09 7.5097E-09 7.3698E-09 7.2308E-09 7.0927E-09 6.9536E-09 6.8156E-09 6.6790E-09 6.5451E-09 6.4164E-09 6.2882E-09 6.1566E-09 6.0266E-09 5.8984E-09 5.7727E-09 5.6515E-09 5.5352E-09 5.4291E-09 5.3207E-09 5.2158E-09
5.4216E-09 5.8939E-09 6.3493E-09 6.7799E-09 7.1898E-09 7.5705E-09 7.9205E-09 8.2413E-09 8.5286E-09 8.7813E-09 9.0051E-09 9.1931E-09 9.3528E-09 9.4804E-09 9.5821E-09 9.6536E-09 9.7058E-09 9.7288E-09 9.7330E-09 9.7150E-09 9.6762E-09 9.6258E-09 9.5552E-09 9.4768E-09 9.3819E-09 9.2787E-09 9.1687E-09 9.0488E-09 8.9275E-09 8.7968E-09 8.6628E-09 8.5279E-09 8.3883E-09 8.2473E-09 8.1060E-09 7.9627E-09 7.8217E-09 7.6790E-09 7.5400E-09 7.3993E-09 7.2580E-09 7.1175E-09 6.9828E-09 6.8481E-09 6.7151E-09 6.5798E-09 6.4459E-09 6.3129E-09 6.1810E-09 6.0646E-09 5.9417E-09 5.8166E-09 5.6955E-09 5.5793E-09 5.4669E-09 5.3584E-09 5.2524E-09
5.3167E-09 5.7926E-09 6.2472E-09 6.6872E-09 7.0975E-09 7.4805E-09 7.8406E-09 8.1634E-09 8.4597E-09 8.7190E-09 8.9478E-09 9.1445E-09 9.3085E-09 9.4439E-09 9.5495E-09 9.6277E-09 9.6830E-09 9.7105E-09 9.7210E-09 9.7052E-09 9.6732E-09 9.6234E-09 9.5556E-09 9.4808E-09 9.3883E-09 9.2911E-09 9.1804E-09 9.0614E-09 8.9432E-09 8.8141E-09 8.6823E-09 8.5482E-09 8.4091E-09 8.2701E-09 8.1289E-09 7.9874E-09 7.8491E-09 7.7063E-09 7.5650E-09 7.4271E-09 7.2879E-09 7.1534E-09 7.0145E-09 6.8766E-09 6.7448E-09 6.6153E-09 6.4939E-09 6.3622E-09 6.2312E-09 6.1013E-09 5.9736E-09 5.8483E-09 5.7347E-09 5.6186E-09 5.5083E-09 5.4001E-09 5.2941E-09
5.2109E-09 5.6809E-09 6.1407E-09 6.5801E-09 6.9940E-09 7.3857E-09 7.7478E-09 8.0788E-09 8.3799E-09 8.6483E-09 8.8841E-09 9.0880E-09 9.2560E-09 9.4001E-09 9.5094E-09 9.5967E-09 9.6533E-09 9.6876E-09 9.7010E-09 9.6888E-09 9.6639E-09 9.6155E-09 9.5554E-09 9.4799E-09 9.3904E-09 9.2960E-09 9.1876E-09 9.0753E-09 8.9552E-09 8.8285E-09 8.6999E-09 8.5654E-09 8.4281E-09 8.2912E-09 8.1532E-09 8.0128E-09 7.8720E-09 7.7331E-09 7.5954E-09 7.4581E-09 7.3192E-09 7.1832E-09 7.0501E-09 6.9213E-09 6.7898E-09 6.6555E-09 6.5226E-09 6.3940E-09 6.2781E-09 6.1488E-09 6.0213E-09 5.8966E-09 5.7760E-09 5.6600E-09 5.5478E-09 5.4398E-09 5.3343E-09
5.0921E-09 5.5616E-09 6.0252E-09 6.4648E-09 6.8884E-09 7.2810E-09 7.6460E-09 7.9877E-09 8.2937E-09 8.5697E-09 8.8125E-09 9.0215E-09 9.2001E-09 9.3469E-09 9.4638E-09 9.5554E-09 9.6172E-09 9.6601E-09 9.6747E-09 9.6714E-09 9.6472E-09 9.6026E-09 9.5487E-09 9.4746E-09 9.3915E-09 9.2975E-09 9.1913E-09 9.0843E-09 8.9647E-09 8.8411E-09 8.7138E-09 8.5810E-09 8.4500E-09 8.3117E-09 8.1736E-09 8.0373E-09 7.8990E-09 7.7634E-09 7.6273E-09 7.4895E-09 7.3549E-09 7.2259E-09 7.0894E-09 6.9544E-09 6.8291E-09 6.7040E-09 6.5724E-09 6.4415E-09 6.3117E-09 6.1829E-09 6.0603E-09 5.9413E-09 5.8209E-09 5.7053E-09 5.5930E-09 5.4852E-09 5.3794E-09
4.9672E-09 5.4425E-09 5.9003E-09 6.3482E-09 6.7694E-09 7.1657E-09 7.5404E-09 7.8845E-09 8.1998E-09 8.4810E-09 8.7333E-09 8.9472E-09 9.1352E-09 9.2865E-09 9.4118E-09 9.5076E-09 9.5760E-09 9.6232E-09 9.6428E-09 9.6469E-09 9.6252E-09 9.5893E-09 9.5351E-09 9.4645E-09 9.3882E-09 9.2950E-09 9.1963E-09 9.0881E-09 8.9716E-09 8.8518E-09 8.7274E-09 8.5971E-09 8.4660E-09 8.3323E-09 8.1975E-09 8.0649E-09 7.9282E-09 7.7939E-09 7.6586E-09 7.5292E-09 7.3922E-09 7.2617E-09 7.1354E-09 7.0026E-09 6.8692E-09 6.7368E-09 6.6127E-09 6.4881E-09 6.3594E-09 6.2315E-09 6.1057E-09 5.9819E-09 5.8619E-09 5.7465E-09 5.6351E-09 5.5275E-09 5.4225E-09
4.8433E-09 5.3109E-09 5.7686E-09 6.2189E-09 6.6429E-09 7.0496E-09 7.4259E-09 7.7737E-09 8.0984E-09 8.3867E-09 8.6446E-09 8.8678E-09 9.0613E-09 9.2191E-09 9.3533E-09 9.4526E-09 9.5295E-09 9.5806E-09 9.6078E-09 9.6153E-09 9.5983E-09 9.5687E-09 9.5173E-09 9.4550E-09 9.3790E-09 9.2890E-09 9.1964E-09 9.0894E-09 8.9776E-09 8.8623E-09 8.7379E-09 8.6143E-09 8.4826E-09 8.3558E-09 8.2243E-09 8.0906E-09 7.9576E-09 7.8286E-09 7.6968E-09 7.5653E-09 7.4385E-09 7.3035E-09 7.1690E-09 7.0424E-09 6.9156E-09 6.7847E-09 6.6550E-09 6.5260E-09 6.3980E-09 6.2708E-09 6.1456E-09 6.0222E-09 5.9025E-09 5.7872E-09 5.6761E-09 5.5687E-09 5.4639E-09
