Assets/Resources/2015_m01_d08_0100(utc+0800)_l00_csi_1hr_conc.grd
DSAA
         159         159
     -79.000      79.000
     -79.000      79.000
  0.0000E+00  0.1074E-04
[rows 0 to 24 of 159, columns 57 to 113 of 159]
2.7503E-09 2.8494E-09 2.9406E-09 3.0346E-09 3.1240E-09 3.2129E-09 3.2960E-09 3.3750E-09 3.4518E-09 3.5262E-09 3.5986E-09 3.6688E-09 3.7368E-09 3.8045E-09 3.8700E-09 3.9336E-09 3.9943E-09 4.0503E-09 4.1043E-09 4.1548E-09 4.2011E-09 4.2431E-09 4.2796E-09 4.3124E-09 4.3434E-09 4.3738E-09 4.4021E-09 4.4294E-09 4.4515E-09 4.4696E-09 4.4831E-09 4.4922E-09 4.4969E-09 4.4999E-09 4.4974E-09 4.4910E-09 4.4796E-09 4.4643E-09 4.4456E-09 4.4233E-09 4.3979E-09 4.3693E-09 4.3379E-09 4.3058E-09 4.2686E-09 4.2295E-09 4.1863E-09 4.1429E-09 4.0977E-09 4.0472E-09 3.9987E-09 3.9475E-09 3.8922E-09 3.8401E-09 3.7819E-09 3.7257E-09 3.6712E-09
2.8452E-09 2.9441E-09 3.0379E-09 3.1302E-09 3.2169E-09 3.3021E-09 3.3856E-09 3.4670E-09 3.5478E-09 3.6247E-09 3.7015E-09 3.7764E-09 3.8475E-09 3.9181E-09 3.9853E-09 4.0496E-09 4.1126E-09 4.1723E-09 4.2281E-09 4.2799E-09 4.3256E-09 4.3670E-09 4.4057E-09 4.4419E-09 4.4761E-09 4.5082E-09 4.5366E-09 4.5624E-09 4.5847E-09 4.6036E-09 4.6190E-09 4.6285E-09 4.6323E-09 4.6315E-09 4.6265E-09 4.6172E-09 4.6039E-09 4.5873E-09 4.5677E-09 4.5439E-09 4.5162E-09 4.4854E-09 4.4516E-09 4.4150E-09 4.3758E-09 4.3336E-09 4.2898E-09 4.2450E-09 4.1951E-09 4.1457E-09 4.0907E-09 4.0378E-09 3.9838E-09 3.9230E-09 3.8675E-09 3.8098E-09 3.7464E-09
2.9399E-09 3.0388E-09 3.1310E-09 3.2220E-09 3.3117E-09 3.3998E-09 3.4860E-09 3.5701E-09 3.6518E-09 3.7318E-09 3.8099E-09 3.8861E-09 3.9603E-09 4.0342E-09 4.1060E-09 4.1747E-09 4.2384E-09 4.2999E-09 4.3558E-09 4.4088E-09 4.4571E-09 4.5009E-09 4.5411E-09 4.5780E-09 4.6127E-09 4.6463E-09 4.6774E-09 4.7055E-09 4.7289E-09 4.7459E-09 4.7579E-09 4.7650E-09 4.7674E-09 4.7663E-09 4.7601E-09 4.7497E-09 4.7344E-09 4.7151E-09 4.6921E-09 4.6654E-09 4.6353E-09 4.6031E-09 4.5678E-09 4.5287E-09 4.4869E-09 4.4427E-09 4.3956E-09 4.3464E-09 4.2960E-09 4.2416E-09 4.1873E-09 4.1323E-09 4.0717E-09 4.0141E-09 3.9494E-09 3.8901E-09 3.8308E-09
3.0255E-09 3.1217E-09 3.2168E-09 3.3109E-09 3.4035E-09 3.4944E-09 3.5834E-09 3.6702E-09 3.7550E-09 3.8382E-09 3.9196E-09 4.0010E-09 4.0805E-09 4.1582E-09 4.2329E-09 4.3026E-09 4.3703E-09 4.4337E-09 4.4927E-09 4.5468E-09 4.5948E-09 4.6382E-09 4.6808E-09 4.7210E-09 4.7590E-09 4.7943E-09 4.8253E-09 4.8521E-09 4.8735E-09 4.8902E-09 4.9024E-09 4.9088E-09 4.9096E-09 4.9056E-09 4.8969E-09 4.8837E-09 4.8668E-09 4.8463E-09 4.8214E-09 4.7922E-09 4.7595E-09 4.7235E-09 4.6844E-09 4.6425E-09 4.5979E-09 4.5520E-09 4.5032E-09 4.4513E-09 4.3973E-09 4.3419E-09 4.2829E-09 4.2245E-09 4.1651E-09 4.1006E-09 4.0386E-09 3.9701E-09 3.9076E-09
3.1082E-09 3.2093E-09 3.3128E-09 3.4102E-09 3.5061E-09 3.6002E-09 3.6923E-09 3.7821E-09 3.8705E-09 3.9573E-09 4.0425E-09 4.1260E-09 4.2077E-09 4.2869E-09 4.3647E-09 4.4388E-09 4.5087E-09 4.5741E-09 4.6329E-09 4.6883E-09 4.7389E-09 4.7858E-09 4.8307E-09 4.8718E-09 4.9101E-09 4.9453E-09 4.9784E-09 5.0053E-09 5.0265E-09 5.0414E-09 5.0509E-09 5.0550E-09 5.0546E-09 5.0492E-09 5.0396E-09 5.0241E-09 5.0041E-09 4.9799E-09 4.9517E-09 4.9197E-09 4.8853E-09 4.8476E-09 4.8057E-09 4.7608E-09 4.7133E-09 4.6633E-09 4.6110E-09 4.5568E-09 4.5000E-09 4.4415E-09 4.3824E-09 4.3212E-09 4.2554E-09 4.1922E-09 4.1237E-09 4.0584E-09 3.9906E-09
3.2017E-09 3.3047E-09 3.4067E-09 3.5074E-09 3.6066E-09 3.7040E-09 3.7992E-09 3.8928E-09 3.9849E-09 4.0757E-09 4.1650E-09 4.2525E-09 4.3401E-09 4.4245E-09 4.5053E-09 4.5819E-09 4.6524E-09 4.7196E-09 4.7815E-09 4.8383E-09 4.8904E-09 4.9387E-09 4.9850E-09 5.0286E-09 5.0692E-09 5.1065E-09 5.1378E-09 5.1631E-09 5.1824E-09 5.1973E-09 5.2058E-09 5.2087E-09 5.2056E-09 5.1973E-09 5.1839E-09 5.1664E-09 5.1443E-09 5.1186E-09 5.0875E-09 5.0525E-09 5.0140E-09 4.9720E-09 4.9269E-09 4.8789E-09 4.8299E-09 4.7774E-09 4.7221E-09 4.6647E-09 4.6049E-09 4.5434E-09 4.4803E-09 4.4152E-09 4.3499E-09 4.2814E-09 4.2143E-09 4.1416E-09 4.0721E-09
3.2924E-09 3.3990E-09 3.5064E-09 3.6159E-09 3.7188E-09 3.8197E-09 3.9186E-09 4.0164E-09 4.1130E-09 4.2082E-09 4.3019E-09 4.3940E-09 4.4834E-09 4.5696E-09 4.6533E-09 4.7325E-09 4.8068E-09 4.8741E-09 4.9376E-09 4.9941E-09 5.0480E-09 5.0994E-09 5.1480E-09 5.1936E-09 5.2347E-09 5.2722E-09 5.3034E-09 5.3283E-09 5.3469E-09 5.3587E-09 5.3645E-09 5.3646E-09 5.3604E-09 5.3502E-09 5.3348E-09 5.3138E-09 5.2882E-09 5.2581E-09 5.2238E-09 5.1869E-09 5.1457E-09 5.1011E-09 5.0527E-09 5.0014E-09 4.9474E-09 4.8910E-09 4.8323E-09 4.7717E-09 4.7116E-09 4.6470E-09 4.5810E-09 4.5130E-09 4.4435E-09 4.3744E-09 4.3006E-09 4.2294E-09 4.1536E-09
3.3946E-09 3.5053E-09 3.6150E-09 3.7233E-09 3.8299E-09 3.9345E-09 4.0380E-09 4.1402E-09 4.2414E-09 4.3413E-09 4.4397E-09 4.5363E-09 4.6314E-09 4.7225E-09 4.8092E-09 4.8910E-09 4.9657E-09 5.0355E-09 5.0997E-09 5.1590E-09 5.2158E-09 5.2688E-09 5.3193E-09 5.3663E-09 5.4093E-09 5.4461E-09 5.4754E-09 5.4980E-09 5.5149E-09 5.5254E-09 5.5297E-09 5.5279E-09 5.5197E-09 5.5060E-09 5.4869E-09 5.4641E-09 5.4359E-09 5.4032E-09 5.3655E-09 5.3239E-09 5.2786E-09 5.2299E-09 5.1779E-09 5.1250E-09 5.0682E-09 5.0083E-09 4.9463E-09 4.8823E-09 4.8165E-09 4.7493E-09 4.6801E-09 4.6095E-09 4.5390E-09 4.4659E-09 4.3914E-09 4.3155E-09 4.2400E-09
3.4949E-09 3.6097E-09 3.7235E-09 3.8377E-09 3.9536E-09 4.0627E-09 4.1710E-09 4.2785E-09 4.3848E-09 4.4898E-09 4.5934E-09 4.6941E-09 4.7912E-09 4.8840E-09 4.9718E-09 5.0552E-09 5.1326E-09 5.2041E-09 5.2699E-09 5.3313E-09 5.3907E-09 5.4467E-09 5.4991E-09 5.5473E-09 5.5894E-09 5.6250E-09 5.6536E-09 5.6752E-09 5.6900E-09 5.6974E-09 5.6983E-09 5.6938E-09 5.6833E-09 5.6671E-09 5.6454E-09 5.6179E-09 5.5855E-09 5.5485E-09 5.5079E-09 5.4640E-09 5.4157E-09 5.3632E-09 5.3077E-09 5.2492E-09 5.1881E-09 5.1246E-09 5.0589E-09 4.9938E-09 4.9247E-09 4.8540E-09 4.7821E-09 4.7085E-09 4.6339E-09 4.5579E-09 4.4806E-09 4.4023E-09 4.3223E-09
3.6075E-09 3.7270E-09 3.8455E-09 3.9624E-09 4.0774E-09 4.1919E-09 4.3055E-09 4.4182E-09 4.5300E-09 4.6404E-09 4.7489E-09 4.8539E-09 4.9555E-09 5.0523E-09 5.1429E-09 5.2284E-09 5.3077E-09 5.3809E-09 5.4491E-09 5.5144E-09 5.5763E-09 5.6334E-09 5.6872E-09 5.7361E-09 5.7778E-09 5.8120E-09 5.8379E-09 5.8566E-09 5.8689E-09 5.8743E-09 5.8731E-09 5.8655E-09 5.8510E-09 5.8305E-09 5.8053E-09 5.7748E-09 5.7394E-09 5.6993E-09 5.6542E-09 5.6050E-09 5.5521E-09 5.4958E-09 5.4377E-09 5.3766E-09 5.3117E-09 5.2445E-09 5.1752E-09 5.1040E-09 5.0312E-09 4.9571E-09 4.8817E-09 4.8054E-09 4.7293E-09 4.6501E-09 4.5709E-09 4.4893E-09 4.4080E-09
3.7192E-09 3.8435E-09 3.9676E-09 4.0909E-09 4.2122E-09 4.3322E-09 4.4518E-09 4.5704E-09 4.6880E-09 4.8042E-09 4.9171E-09 5.0261E-09 5.1305E-09 5.2295E-09 5.3226E-09 5.4103E-09 5.4915E-09 5.5666E-09 5.6382E-09 5.7052E-09 5.7693E-09 5.8290E-09 5.8839E-09 5.9321E-09 5.9714E-09 6.0037E-09 6.0282E-09 6.0451E-09 6.0546E-09 6.0562E-09 6.0509E-09 6.0398E-09 6.0224E-09 5.9998E-09 5.9700E-09 5.9348E-09 5.8946E-09 5.8497E-09 5.8020E-09 5.7494E-09 5.6931E-09 5.6327E-09 5.5692E-09 5.5028E-09 5.4339E-09 5.3628E-09 5.2909E-09 5.2172E-09 5.1408E-09 5.0630E-09 4.9841E-09 4.9044E-09 4.8232E-09 4.7422E-09 4.6600E-09 4.5767E-09 4.4920E-09
3.8406E-09 3.9701E-09 4.0983E-09 4.2251E-09 4.3517E-09 4.4779E-09 4.6035E-09 4.7302E-09 4.8558E-09 4.9771E-09 5.0948E-09 5.2079E-09 5.3156E-09 5.4176E-09 5.5131E-09 5.6020E-09 5.6842E-09 5.7623E-09 5.8368E-09 5.9064E-09 5.9724E-09 6.0333E-09 6.0882E-09 6.1349E-09 6.1731E-09 6.2031E-09 6.2241E-09 6.2373E-09 6.2436E-09 6.2426E-09 6.2345E-09 6.2196E-09 6.1975E-09 6.1693E-09 6.1361E-09 6.0974E-09 6.0545E-09 6.0053E-09 5.9518E-09 5.8942E-09 5.8329E-09 5.7689E-09 5.7018E-09 5.6327E-09 5.5597E-09 5.4845E-09 5.4073E-09 5.3285E-09 5.2482E-09 5.1667E-09 5.0842E-09 5.0015E-09 4.9189E-09 4.8345E-09 4.7491E-09 4.6628E-09 4.5771E-09
3.9652E-09 4.1019E-09 4.2364E-09 4.3705E-09 4.5036E-09 4.6365E-09 4.7689E-09 4.9003E-09 5.0303E-09 5.1566E-09 5.2786E-09 5.3956E-09 5.5067E-09 5.6123E-09 5.7101E-09 5.8019E-09 5.8874E-09 5.9690E-09 6.0453E-09 6.1169E-09 6.1843E-09 6.2460E-09 6.2996E-09 6.3443E-09 6.3793E-09 6.4066E-09 6.4255E-09 6.4362E-09 6.4390E-09 6.4333E-09 6.4204E-09 6.4014E-09 6.3758E-09 6.3448E-09 6.3064E-09 6.2625E-09 6.2135E-09 6.1605E-09 6.1032E-09 6.0418E-09 5.9768E-09 5.9076E-09 5.8355E-09 5.7606E-09 5.6834E-09 5.6039E-09 5.5241E-09 5.4426E-09 5.3584E-09 5.2731E-09 5.1870E-09 5.1001E-09 5.0127E-09 4.9249E-09 4.8363E-09 4.7484E-09 4.6597E-09
4.1005E-09 4.2413E-09 4.3810E-09 4.5212E-09 4.6615E-09 4.8042E-09 4.9445E-09 5.0829E-09 5.2182E-09 5.3498E-09 5.4763E-09 5.5969E-09 5.7113E-09 5.8185E-09 5.9186E-09 6.0115E-09 6.0993E-09 6.1828E-09 6.2625E-09 6.3368E-09 6.4050E-09 6.4661E-09 6.5178E-09 6.5592E-09 6.5923E-09 6.6165E-09 6.6319E-09 6.6380E-09 6.6368E-09 6.6279E-09 6.6115E-09 6.5881E-09 6.5571E-09 6.5198E-09 6.4775E-09 6.4296E-09 6.3766E-09 6.3189E-09 6.2561E-09 6.1892E-09 6.1187E-09 6.0450E-09 5.9697E-09 5.8911E-09 5.8102E-09 5.7266E-09 5.6411E-09 5.5542E-09 5.4660E-09 5.3769E-09 5.2869E-09 5.1963E-09 5.1079E-09 5.0167E-09 4.9255E-09 4.8335E-09 4.7418E-09
4.2407E-09 4.3886E-09 4.5378E-09 4.6854E-09 4.8332E-09 4.9807E-09 5.1273E-09 5.2722E-09 5.4132E-09 5.5522E-09 5.6838E-09 5.8082E-09 5.9255E-09 6.0353E-09 6.1376E-09 6.2332E-09 6.3245E-09 6.4106E-09 6.4910E-09 6.5654E-09 6.6339E-09 6.6931E-09 6.7423E-09 6.7817E-09 6.8107E-09 6.8313E-09 6.8429E-09 6.8458E-09 6.8403E-09 6.8260E-09 6.8041E-09 6.7758E-09 6.7408E-09 6.6994E-09 6.6521E-09 6.5985E-09 6.5397E-09 6.4762E-09 6.4091E-09 6.3390E-09 6.2644E-09 6.1859E-09 6.1046E-09 6.0206E-09 5.9345E-09 5.8464E-09 5.7566E-09 5.6674E-09 5.5770E-09 5.4839E-09 5.3901E-09 5.2959E-09 5.2013E-09 5.1067E-09 5.0121E-09 4.9167E-09 4.8225E-09
4.3908E-09 4.5452E-09 4.7005E-09 4.8571E-09 5.0136E-09 5.1708E-09 5.3250E-09 5.4758E-09 5.6223E-09 5.7634E-09 5.8980E-09 6.0258E-09 6.1458E-09 6.2581E-09 6.3645E-09 6.4637E-09 6.5586E-09 6.6467E-09 6.7287E-09 6.8045E-09 6.8706E-09 6.9263E-09 6.9717E-09 7.0079E-09 7.0341E-09 7.0507E-09 7.0580E-09 7.0555E-09 7.0453E-09 7.0270E-09 7.0010E-09 6.9677E-09 6.9267E-09 6.8793E-09 6.8267E-09 6.7686E-09 6.7054E-09 6.6376E-09 6.5647E-09 6.4878E-09 6.4075E-09 6.3241E-09 6.2388E-09 6.1512E-09 6.0625E-09 5.9700E-09 5.8759E-09 5.7806E-09 5.6842E-09 5.5871E-09 5.4894E-09 5.3913E-09 5.2931E-09 5.1949E-09 5.0995E-09 5.0018E-09 4.9022E-09
4.5477E-09 4.7126E-09 4.8772E-09 5.0413E-09 5.2053E-09 5.3685E-09 5.5296E-09 5.6884E-09 5.8410E-09 5.9874E-09 6.1261E-09 6.2570E-09 6.3799E-09 6.4946E-09 6.6022E-09 6.7046E-09 6.8009E-09 6.8905E-09 6.9730E-09 7.0472E-09 7.1118E-09 7.1645E-09 7.2074E-09 7.2398E-09 7.2619E-09 7.2732E-09 7.2759E-09 7.2694E-09 7.2542E-09 7.2307E-09 7.1985E-09 7.1588E-09 7.1142E-09 7.0621E-09 7.0041E-09 6.9398E-09 6.8704E-09 6.7963E-09 6.7180E-09 6.6382E-09 6.5538E-09 6.4664E-09 6.3754E-09 6.2819E-09 6.1865E-09 6.0894E-09 5.9908E-09 5.8911E-09 5.7915E-09 5.6922E-09 5.5915E-09 5.4897E-09 5.3879E-09 5.2861E-09 5.1847E-09 5.0825E-09 4.9817E-09
4.7180E-09 4.8898E-09 5.0626E-09 5.2364E-09 5.4110E-09 5.5833E-09 5.7509E-09 5.9136E-09 6.0705E-09 6.2204E-09 6.3628E-09 6.4988E-09 6.6263E-09 6.7437E-09 6.8553E-09 6.9603E-09 7.0584E-09 7.1492E-09 7.2316E-09 7.3037E-09 7.3643E-09 7.4135E-09 7.4516E-09 7.4798E-09 7.4974E-09 7.5048E-09 7.5023E-09 7.4895E-09 7.4679E-09 7.4388E-09 7.4017E-09 7.3573E-09 7.3059E-09 7.2472E-09 7.1825E-09 7.1135E-09 7.0395E-09 6.9609E-09 6.8783E-09 6.7898E-09 6.6991E-09 6.6045E-09 6.5083E-09 6.4099E-09 6.3118E-09 6.2111E-09 6.1091E-09 6.0050E-09 5.9003E-09 5.7950E-09 5.6894E-09 5.5837E-09 5.4781E-09 5.3728E-09 5.2679E-09 5.1649E-09 5.0596E-09
4.8974E-09 5.0808E-09 5.2639E-09 5.4462E-09 5.6276E-09 5.8062E-09 5.9815E-09 6.1520E-09 6.3147E-09 6.4692E-09 6.6151E-09 6.7524E-09 6.8808E-09 7.0017E-09 7.1163E-09 7.2237E-09 7.3231E-09 7.4159E-09 7.4970E-09 7.5672E-09 7.6244E-09 7.6697E-09 7.7045E-09 7.7270E-09 7.7386E-09 7.7396E-09 7.7317E-09 7.7142E-09 7.6876E-09 7.6524E-09 7.6084E-09 7.5569E-09 7.4997E-09 7.4360E-09 7.3665E-09 7.2904E-09 7.2094E-09 7.1239E-09 7.0333E-09 6.9402E-09 6.8440E-09 6.7473E-09 6.6449E-09 6.5417E-09 6.4366E-09 6.3302E-09 6.2226E-09 6.1141E-09 6.0050E-09 5.8956E-09 5.7889E-09 5.6803E-09 5.5710E-09 5.4622E-09 5.3536E-09 5.2446E-09 5.1370E-09
5.0887E-09 5.2802E-09 5.4720E-09 5.6645E-09 5.8565E-09 6.0431E-09 6.2236E-09 6.3978E-09 6.5643E-09 6.7226E-09 6.8730E-09 7.0152E-09 7.1478E-09 7.2726E-09 7.3897E-09 7.4985E-09 7.5985E-09 7.6889E-09 7.7672E-09 7.8328E-09 7.8860E-09 7.9269E-09 7.9559E-09 7.9732E-09 7.9805E-09 7.9770E-09 7.9632E-09 7.9396E-09 7.9060E-09 7.8637E-09 7.8148E-09 7.7585E-09 7.6951E-09 7.6254E-09 7.5484E-09 7.4661E-09 7.3795E-09 7.2880E-09 7.1938E-09 7.0939E-09 6.9922E-09 6.8855E-09 6.7789E-09 6.6705E-09 6.5582E-09 6.4480E-09 6.3379E-09 6.2261E-09 6.1128E-09 5.9992E-09 5.8856E-09 5.7723E-09 5.6592E-09 5.5467E-09 5.4345E-09 5.3230E-09 5.2120E-09
5.2885E-09 5.4910E-09 5.6937E-09 5.8956E-09 6.0930E-09 6.2858E-09 6.4733E-09 6.6535E-09 6.8267E-09 6.9887E-09 7.1415E-09 7.2847E-09 7.4199E-09 7.5474E-09 7.6663E-09 7.7760E-09 7.8787E-09 7.9679E-09 8.0428E-09 8.1044E-09 8.1532E-09 8.1892E-09 8.2130E-09 8.2250E-09 8.2258E-09 8.2156E-09 8.1950E-09 8.1659E-09 8.1275E-09 8.0804E-09 8.0251E-09 7.9611E-09 7.8900E-09 7.8139E-09 7.7318E-09 7.6445E-09 7.5524E-09 7.4535E-09 7.3497E-09 7.2452E-09 7.1351E-09 7.0250E-09 6.9143E-09 6.8004E-09 6.6855E-09 6.5671E-09 6.4503E-09 6.3329E-09 6.2152E-09 6.0975E-09 5.9799E-09 5.8626E-09 5.7497E-09 5.6334E-09 5.5178E-09 5.4017E-09 5.2873E-09
5.5000E-09 5.7119E-09 5.9234E-09 6.1340E-09 6.3400E-09 6.5401E-09 6.7334E-09 6.9176E-09 7.0928E-09 7.2584E-09 7.4153E-09 7.5638E-09 7.7035E-09 7.8332E-09 7.9531E-09 8.0627E-09 8.1610E-09 8.2457E-09 8.3164E-09 8.3739E-09 8.4182E-09 8.4497E-09 8.4688E-09 8.4755E-09 8.4703E-09 8.4554E-09 8.4298E-09 8.3942E-09 8.3493E-09 8.2943E-09 8.2310E-09 8.1617E-09 8.0855E-09 8.0015E-09 7.9132E-09 7.8185E-09 7.7190E-09 7.6137E-09 7.5089E-09 7.3969E-09 7.2850E-09 7.1681E-09 7.0481E-09 6.9293E-09 6.8065E-09 6.6841E-09 6.5598E-09 6.4401E-09 6.3202E-09 6.1984E-09 6.0768E-09 5.9557E-09 5.8351E-09 5.7151E-09 5.5959E-09 5.4773E-09 5.3596E-09
5.7191E-09 5.9425E-09 6.1648E-09 6.3839E-09 6.5962E-09 6.8018E-09 6.9993E-09 7.1893E-09 7.3704E-09 7.5406E-09 7.6995E-09 7.8498E-09 7.9908E-09 8.1218E-09 8.2421E-09 8.3507E-09 8.4495E-09 8.5340E-09 8.6017E-09 8.6551E-09 8.6943E-09 8.7198E-09 8.7321E-09 8.7319E-09 8.7199E-09 8.6968E-09 8.6632E-09 8.6197E-09 8.5686E-09 8.5086E-09 8.4406E-09 8.3650E-09 8.2811E-09 8.1908E-09 8.0948E-09 7.9963E-09 7.8918E-09 7.7833E-09 7.6670E-09 7.5507E-09 7.4287E-09 7.3078E-09 7.1827E-09 7.0567E-09 6.9329E-09 6.8034E-09 6.6778E-09 6.5534E-09 6.4197E-09 6.2937E-09 6.1681E-09 6.0431E-09 5.9186E-09 5.7950E-09 5.6750E-09 5.5529E-09 5.4320E-09
5.9515E-09 6.1849E-09 6.4151E-09 6.6404E-09 6.8604E-09 7.0728E-09 7.2767E-09 7.4709E-09 7.6539E-09 7.8263E-09 7.9887E-09 8.1435E-09 8.2892E-09 8.4227E-09 8.5438E-09 8.6520E-09 8.7450E-09 8.8220E-09 8.8836E-09 8.9305E-09 8.9632E-09 8.9825E-09 8.9889E-09 8.9831E-09 8.9654E-09 8.9366E-09 8.8984E-09 8.8501E-09 8.7922E-09 8.7255E-09 8.6491E-09 8.5652E-09 8.4758E-09 8.3802E-09 8.2777E-09 8.1715E-09 8.0596E-09 7.9436E-09 7.8222E-09 7.7012E-09 7.5779E-09 7.4543E-09 7.3183E-09 7.1934E-09 7.0537E-09 6.9275E-09 6.7890E-09 6.6586E-09 6.5559E-09 6.3890E-09 6.2616E-09 6.1327E-09 6.0046E-09 5.8773E-09 5.7508E-09 5.6254E-09 5.4999E-09
6.1913E-09 6.4339E-09 6.6731E-09 6.9068E-09 7.1344E-09 7.3515E-09 7.5592E-09 7.7566E-09 7.9461E-09 8.1233E-09 8.2909E-09 8.4476E-09 8.5932E-09 8.7266E-09 8.8459E-09 8.9492E-09 9.0364E-09 9.1079E-09 9.1702E-09 9.2126E-09 9.2410E-09 9.2555E-09 9.2564E-09 9.2439E-09 9.2190E-09 9.1825E-09 9.1351E-09 9.0778E-09 9.0110E-09 8.9371E-09 8.8551E-09 8.7657E-09 8.6695E-09 8.5660E-09 8.4569E-09 8.3428E-09 8.2258E-09 8.1051E-09 7.9810E-09 7.8520E-09 7.7218E-09 7.5946E-09 7.4574E-09 7.3182E-09 7.1941E-09 7.0441E-09 6.9492E-09 6.8107E-09 6.6644E-09 6.5537E-09 6.3494E-09 6.2165E-09 6.0846E-09 5.9536E-09 5.8236E-09 5.6948E-09 5.5672E-09
