Assets/Resources/2015_m01_d22_2100(utc+0800)_l00_csi_1hr_conc.grd
DSAA
         159         159
     -79.000      79.000
     -79.000      79.000
  0.0000E+00  0.2467E-04
[rows 0 to 24 of 159, columns 0 to 56 of 159]
6.1750E-11 7.9801E-11 9.8408E-11 1.3064E-10 1.6985E-10 2.0694E-10 2.4394E-10 2.7403E-10 3.0831E-10 3.4460E-10 3.8898E-10 4.3538E-10 4.9085E-10 5.4975E-10 6.1933E-10 6.9092E-10 7.6890E-10 8.4931E-10 9.3731E-10 1.0321E-09 1.1343E-09 1.2453E-09 1.3641E-09 1.4918E-09 1.6503E-09 1.8461E-09 2.0668E-09 2.2974E-09 2.5462E-09 2.8384E-09 3.1852E-09 3.5827E-09 4.0475E-09 4.5799E-09 5.1669E-09 5.7897E-09 6.4325E-09 7.0794E-09 7.7177E-09 8.3374E-09 8.9321E-09 9.4962E-09 1.0023E-08 1.0514E-08 1.0947E-08 1.1326E-08 1.1652E-08 1.1929E-08 1.2160E-08 1.2342E-08 1.2478E-08 1.2571E-08 1.2628E-08 1.2649E-08 1.2642E-08 1.2607E-08 1.2546E-08
6.2932E-11 8.1329E-11 1.0060E-10 1.3484E-10 1.7323E-10 2.1515E-10 2.4865E-10 2.7971E-10 3.1415E-10 3.5275E-10 3.9689E-10 4.4542E-10 5.0134E-10 5.6245E-10 6.3296E-10 7.0590E-10 7.8571E-10 8.6870E-10 9.5827E-10 1.0551E-09 1.1603E-09 1.2733E-09 1.3949E-09 1.5258E-09 1.6886E-09 1.9002E-09 2.1192E-09 2.3585E-09 2.6170E-09 2.9137E-09 3.2652E-09 3.6641E-09 4.1362E-09 4.6780E-09 5.2810E-09 5.9257E-09 6.5938E-09 7.2666E-09 7.9319E-09 8.5785E-09 9.1952E-09 9.7781E-09 1.0324E-08 1.0832E-08 1.1290E-08 1.1683E-08 1.2017E-08 1.2299E-08 1.2533E-08 1.2722E-08 1.2857E-08 1.2953E-08 1.3004E-08 1.3022E-08 1.3010E-08 1.2967E-08 1.2901E-08
6.4017E-11 8.2672E-11 1.0978E-10 1.4665E-10 1.7748E-10 2.1865E-10 2.5298E-10 2.8481E-10 3.2039E-10 3.5976E-10 4.0476E-10 4.5396E-10 5.1164E-10 5.7774E-10 6.4559E-10 7.2008E-10 8.0208E-10 8.8638E-10 9.7775E-10 1.0771E-09 1.1841E-09 1.2995E-09 1.4240E-09 1.5578E-09 1.7248E-09 1.9429E-09 2.1692E-09 2.4266E-09 2.7023E-09 2.9886E-09 3.3409E-09 3.7459E-09 4.2192E-09 4.7692E-09 5.3846E-09 6.0487E-09 6.7413E-09 7.4417E-09 8.1321E-09 8.8029E-09 9.4434E-09 1.0051E-08 1.0616E-08 1.1139E-08 1.1621E-08 1.2029E-08 1.2376E-08 1.2664E-08 1.2903E-08 1.3095E-08 1.3234E-08 1.3329E-08 1.3379E-08 1.3395E-08 1.3376E-08 1.3328E-08 1.3256E-08
6.4848E-11 8.3753E-11 1.1135E-10 1.5105E-10 1.8957E-10 2.2297E-10 2.5745E-10 2.8900E-10 3.2639E-10 3.6574E-10 4.1212E-10 4.6216E-10 5.2090E-10 5.8843E-10 6.6157E-10 7.3766E-10 8.1671E-10 9.0268E-10 9.9601E-10 1.0971E-09 1.2062E-09 1.3240E-09 1.4511E-09 1.5946E-09 1.7652E-09 1.9834E-09 2.2256E-09 2.4864E-09 2.7657E-09 3.0686E-09 3.4160E-09 3.8202E-09 4.2975E-09 4.8512E-09 5.4783E-09 6.1580E-09 6.8727E-09 7.5976E-09 8.3141E-09 9.0122E-09 9.6770E-09 1.0305E-08 1.0890E-08 1.1430E-08 1.1926E-08 1.2362E-08 1.2723E-08 1.3019E-08 1.3261E-08 1.3456E-08 1.3601E-08 1.3695E-08 1.3747E-08 1.3757E-08 1.3735E-08 1.3683E-08 1.3603E-08
6.5578E-11 8.4710E-11 1.1269E-10 1.5290E-10 1.9387E-10 2.2836E-10 2.6059E-10 2.9358E-10 3.3101E-10 3.7178E-10 4.1836E-10 4.6994E-10 5.2912E-10 5.9743E-10 6.7192E-10 7.4980E-10 8.3026E-10 9.1753E-10 1.0126E-09 1.1153E-09 1.2264E-09 1.3465E-09 1.4759E-09 1.6290E-09 1.8148E-09 2.0207E-09 2.2758E-09 2.5366E-09 2.8254E-09 3.1457E-09 3.4893E-09 3.8907E-09 4.3700E-09 4.9251E-09 5.5584E-09 6.2520E-09 6.9854E-09 7.7356E-09 8.4783E-09 9.2005E-09 9.8896E-09 1.0539E-08 1.1144E-08 1.1702E-08 1.2213E-08 1.2674E-08 1.3051E-08 1.3359E-08 1.3606E-08 1.3803E-08 1.3955E-08 1.4050E-08 1.4104E-08 1.4110E-08 1.4084E-08 1.4026E-08 1.3941E-08
6.6114E-11 8.5327E-11 1.1368E-10 1.5440E-10 1.9573E-10 2.3158E-10 2.6322E-10 2.9676E-10 3.3429E-10 3.7644E-10 4.2482E-10 4.7596E-10 5.3609E-10 6.0556E-10 6.8180E-10 7.6057E-10 8.4191E-10 9.3096E-10 1.0272E-09 1.1316E-09 1.2446E-09 1.3668E-09 1.4986E-09 1.6615E-09 1.8637E-09 2.0675E-09 2.3154E-09 2.5896E-09 2.8785E-09 3.2076E-09 3.5561E-09 3.9568E-09 4.4341E-09 4.9915E-09 5.6261E-09 6.3289E-09 7.0800E-09 7.8504E-09 8.6187E-09 9.3659E-09 1.0080E-08 1.0753E-08 1.1379E-08 1.1956E-08 1.2483E-08 1.2961E-08 1.3365E-08 1.3688E-08 1.3942E-08 1.4142E-08 1.4296E-08 1.4398E-08 1.4451E-08 1.4459E-08 1.4429E-08 1.4368E-08 1.4278E-08
6.6476E-11 8.4969E-11 1.1439E-10 1.5540E-10 1.9699E-10 2.3304E-10 2.6463E-10 2.9935E-10 3.3749E-10 3.8113E-10 4.2938E-10 4.8588E-10 5.4214E-10 6.1289E-10 6.8990E-10 7.6942E-10 8.5249E-10 9.4232E-10 1.0399E-09 1.1459E-09 1.2608E-09 1.3849E-09 1.5192E-09 1.6852E-09 1.8922E-09 2.0981E-09 2.3591E-09 2.6307E-09 2.9268E-09 3.2617E-09 3.6195E-09 4.0192E-09 4.4913E-09 5.0466E-09 5.6817E-09 6.3892E-09 7.1527E-09 7.9422E-09 8.7345E-09 9.5069E-09 1.0246E-08 1.0942E-08 1.1589E-08 1.2184E-08 1.2726E-08 1.3218E-08 1.3651E-08 1.3991E-08 1.4256E-08 1.4461E-08 1.4616E-08 1.4727E-08 1.4778E-08 1.4792E-08 1.4757E-08 1.4692E-08 1.4599E-08
6.6548E-11 8.4257E-11 1.1460E-10 1.5594E-10 1.9780E-10 2.3397E-10 2.6598E-10 3.0128E-10 3.4015E-10 3.8450E-10 4.3313E-10 4.8940E-10 5.5124E-10 6.1884E-10 6.9658E-10 7.7732E-10 8.6095E-10 9.5187E-10 1.0508E-09 1.1582E-09 1.2747E-09 1.4008E-09 1.5379E-09 1.7073E-09 1.9223E-09 2.1332E-09 2.3903E-09 2.6683E-09 2.9726E-09 3.3106E-09 3.6719E-09 4.0753E-09 4.5401E-09 5.0914E-09 5.7233E-09 6.4334E-09 7.2041E-09 8.0093E-09 8.8232E-09 9.6203E-09 1.0383E-08 1.1102E-08 1.1771E-08 1.2385E-08 1.2945E-08 1.3451E-08 1.3906E-08 1.4270E-08 1.4551E-08 1.4762E-08 1.4921E-08 1.5034E-08 1.5093E-08 1.5106E-08 1.5074E-08 1.5007E-08 1.4908E-08
6.5662E-11 8.4127E-11 1.1454E-10 1.5614E-10 1.9799E-10 2.3420E-10 2.6687E-10 3.0198E-10 3.4193E-10 3.8676E-10 4.3566E-10 4.9240E-10 5.5554E-10 6.2339E-10 7.0168E-10 7.8317E-10 8.6754E-10 9.5955E-10 1.0597E-09 1.1685E-09 1.2864E-09 1.4154E-09 1.5547E-09 1.7256E-09 1.9457E-09 2.1614E-09 2.4190E-09 2.6987E-09 3.0096E-09 3.3500E-09 3.7163E-09 4.1228E-09 4.5832E-09 5.1259E-09 5.7521E-09 6.4592E-09 7.2337E-09 8.0510E-09 8.8830E-09 9.7023E-09 1.0490E-08 1.1233E-08 1.1924E-08 1.2559E-08 1.3136E-08 1.3657E-08 1.4124E-08 1.4523E-08 1.4823E-08 1.5044E-08 1.5207E-08 1.5322E-08 1.5391E-08 1.5404E-08 1.5378E-08 1.5307E-08 1.5207E-08
6.4020E-11 8.3222E-11 1.1410E-10 1.5572E-10 1.9757E-10 2.3374E-10 2.6695E-10 3.0260E-10 3.4248E-10 3.8816E-10 4.3733E-10 4.9459E-10 5.5808E-10 6.3044E-10 7.0559E-10 7.8740E-10 8.7261E-10 9.6557E-10 1.0668E-09 1.1767E-09 1.2973E-09 1.4275E-09 1.5686E-09 1.7430E-09 1.9576E-09 2.1834E-09 2.4362E-09 2.7261E-09 3.0383E-09 3.3818E-09 3.7506E-09 4.1612E-09 4.6192E-09 5.1493E-09 5.7684E-09 6.4683E-09 7.2424E-09 8.0659E-09 8.9130E-09 9.7527E-09 1.0564E-08 1.1330E-08 1.2043E-08 1.2697E-08 1.3293E-08 1.3829E-08 1.4310E-08 1.4738E-08 1.5058E-08 1.5297E-08 1.5467E-08 1.5586E-08 1.5661E-08 1.5680E-08 1.5658E-08 1.5587E-08 1.5487E-08
6.2631E-11 8.2416E-11 1.1282E-10 1.5433E-10 1.9650E-10 2.2886E-10 2.6616E-10 3.0233E-10 3.4238E-10 3.8831E-10 4.3710E-10 4.9554E-10 5.5870E-10 6.2834E-10 7.0772E-10 7.9014E-10 8.7605E-10 9.6979E-10 1.0719E-09 1.1837E-09 1.3051E-09 1.4377E-09 1.5806E-09 1.7567E-09 1.9735E-09 2.1994E-09 2.4610E-09 2.7460E-09 3.0602E-09 3.4053E-09 3.7758E-09 4.1874E-09 4.6449E-09 5.1613E-09 5.7705E-09 6.4620E-09 7.2286E-09 8.0553E-09 8.9120E-09 9.7699E-09 1.0602E-08 1.1390E-08 1.2126E-08 1.2803E-08 1.3417E-08 1.3971E-08 1.4466E-08 1.4906E-08 1.5266E-08 1.5526E-08 1.5705E-08 1.5829E-08 1.5907E-08 1.5938E-08 1.5917E-08 1.5854E-08 1.5752E-08
6.1222E-11 8.0896E-11 1.1150E-10 1.5282E-10 1.9342E-10 2.2337E-10 2.6484E-10 3.0093E-10 3.4163E-10 3.8796E-10 4.3670E-10 4.9573E-10 5.5892E-10 6.2900E-10 7.0855E-10 7.9142E-10 8.7788E-10 9.7225E-10 1.0753E-09 1.1884E-09 1.3122E-09 1.4448E-09 1.5908E-09 1.7680E-09 1.9746E-09 2.2036E-09 2.4744E-09 2.7603E-09 3.0753E-09 3.4205E-09 3.7911E-09 4.2029E-09 4.6597E-09 5.1693E-09 5.7592E-09 6.4404E-09 7.1953E-09 8.0184E-09 8.8806E-09 9.7510E-09 1.0603E-08 1.1415E-08 1.2171E-08 1.2869E-08 1.3504E-08 1.4075E-08 1.4586E-08 1.5039E-08 1.5431E-08 1.5714E-08 1.5912E-08 1.6044E-08 1.6127E-08 1.6168E-08 1.6151E-08 1.6098E-08 1.5995E-08
5.9954E-11 7.8628E-11 1.0936E-10 1.5045E-10 1.8689E-10 2.2004E-10 2.6309E-10 2.9935E-10 3.3997E-10 3.8682E-10 4.3598E-10 4.9402E-10 5.5843E-10 6.2826E-10 7.0802E-10 7.9120E-10 8.7805E-10 9.7288E-10 1.0777E-09 1.1921E-09 1.3153E-09 1.4520E-09 1.5976E-09 1.7758E-09 1.9855E-09 2.2125E-09 2.4787E-09 2.7691E-09 3.0831E-09 3.4277E-09 3.7975E-09 4.2077E-09 4.6620E-09 5.1650E-09 5.7362E-09 6.4011E-09 7.1456E-09 7.9576E-09 8.8193E-09 9.6989E-09 1.0566E-08 1.1398E-08 1.2177E-08 1.2896E-08 1.3551E-08 1.4141E-08 1.4668E-08 1.5135E-08 1.5547E-08 1.5866E-08 1.6087E-08 1.6229E-08 1.6320E-08 1.6365E-08 1.6362E-08 1.6311E-08 1.6218E-08
5.8054E-11 7.6526E-11 1.0743E-10 1.4722E-10 1.8070E-10 2.1583E-10 2.6085E-10 2.9717E-10 3.3795E-10 3.8475E-10 4.3417E-10 4.9221E-10 5.5239E-10 6.2638E-10 7.0621E-10 7.8953E-10 8.7662E-10 9.7256E-10 1.0778E-09 1.1928E-09 1.3192E-09 1.4545E-09 1.6024E-09 1.7761E-09 1.9694E-09 2.2189E-09 2.4827E-09 2.7718E-09 3.0845E-09 3.4272E-09 3.7950E-09 4.2020E-09 4.6527E-09 5.1511E-09 5.7069E-09 6.3484E-09 7.0758E-09 7.8741E-09 8.7281E-09 9.6113E-09 1.0491E-08 1.1341E-08 1.2140E-08 1.2881E-08 1.3556E-08 1.4167E-08 1.4712E-08 1.5195E-08 1.5620E-08 1.5977E-08 1.6223E-08 1.6384E-08 1.6484E-08 1.6536E-08 1.6547E-08 1.6501E-08 1.6420E-08
5.5748E-11 7.4701E-11 1.0324E-10 1.3870E-10 1.7644E-10 2.1306E-10 2.5811E-10 2.9451E-10 3.3513E-10 3.8253E-10 4.3096E-10 4.8975E-10 5.4874E-10 6.2337E-10 7.0310E-10 7.8641E-10 8.7371E-10 9.7054E-10 1.0770E-09 1.1923E-09 1.3190E-09 1.4566E-09 1.6042E-09 1.7786E-09 1.9737E-09 2.2198E-09 2.4728E-09 2.7601E-09 3.0794E-09 3.4196E-09 3.7839E-09 4.1871E-09 4.6322E-09 5.1246E-09 5.6672E-09 6.2835E-09 6.9902E-09 7.7705E-09 8.6131E-09 9.4914E-09 1.0378E-08 1.1243E-08 1.2062E-08 1.2823E-08 1.3519E-08 1.4148E-08 1.4712E-08 1.5211E-08 1.5651E-08 1.6036E-08 1.6313E-08 1.6500E-08 1.6611E-08 1.6673E-08 1.6692E-08 1.6660E-08 1.6585E-08
5.4071E-11 7.1095E-11 9.8249E-11 1.3101E-10 1.7127E-10 2.0953E-10 2.5447E-10 2.9090E-10 3.3192E-10 3.7950E-10 4.2755E-10 4.8115E-10 5.4486E-10 6.1923E-10 6.9871E-10 7.8185E-10 8.7006E-10 9.6743E-10 1.0731E-09 1.1906E-09 1.3174E-09 1.4542E-09 1.6046E-09 1.7727E-09 1.9617E-09 2.2137E-09 2.4583E-09 2.7428E-09 3.0644E-09 3.4008E-09 3.7653E-09 4.1628E-09 4.6022E-09 5.0856E-09 5.6180E-09 6.2097E-09 6.8904E-09 7.6488E-09 8.4729E-09 9.3420E-09 1.0230E-08 1.1104E-08 1.1940E-08 1.2721E-08 1.3438E-08 1.4088E-08 1.4671E-08 1.5189E-08 1.5645E-08 1.6044E-08 1.6366E-08 1.6580E-08 1.6707E-08 1.6781E-08 1.6809E-08 1.6793E-08 1.6725E-08
5.0654E-11 6.8575E-11 9.4228E-11 1.2689E-10 1.6194E-10 2.0500E-10 2.5044E-10 2.8715E-10 3.2780E-10 3.7525E-10 4.2282E-10 4.7661E-10 5.4000E-10 6.1379E-10 6.9304E-10 7.7190E-10 8.6467E-10 9.6219E-10 1.0695E-09 1.1860E-09 1.3131E-09 1.4520E-09 1.6014E-09 1.7693E-09 1.9598E-09 2.1976E-09 2.4349E-09 2.7260E-09 3.0433E-09 3.3800E-09 3.7388E-09 4.1310E-09 4.5617E-09 5.0364E-09 5.5575E-09 6.1302E-09 6.7787E-09 7.5130E-09 8.3126E-09 9.1666E-09 1.0049E-08 1.0928E-08 1.1778E-08 1.2575E-08 1.3313E-08 1.3984E-08 1.4587E-08 1.5123E-08 1.5596E-08 1.6011E-08 1.6368E-08 1.6610E-08 1.6767E-08 1.6854E-08 1.6894E-08 1.6892E-08 1.6836E-08
4.8373E-11 6.2468E-11 9.1177E-11 1.2256E-10 1.5663E-10 2.0114E-10 2.4632E-10 2.8238E-10 3.2307E-10 3.7066E-10 4.1752E-10 4.7122E-10 5.3401E-10 6.0671E-10 6.8610E-10 7.6547E-10 8.5851E-10 9.5542E-10 1.0632E-09 1.1803E-09 1.3071E-09 1.4458E-09 1.5961E-09 1.7576E-09 1.9529E-09 2.1678E-09 2.4236E-09 2.6997E-09 3.0132E-09 3.3488E-09 3.7065E-09 4.0905E-09 4.5136E-09 4.9777E-09 5.4861E-09 6.0419E-09 6.6571E-09 7.3631E-09 8.1366E-09 8.9683E-09 9.8388E-09 1.0716E-08 1.1574E-08 1.2389E-08 1.3144E-08 1.3834E-08 1.4457E-08 1.5014E-08 1.5506E-08 1.5937E-08 1.6310E-08 1.6599E-08 1.6785E-08 1.6889E-08 1.6942E-08 1.6952E-08 1.6916E-08
4.3481E-11 5.9809E-11 8.6323E-11 1.1143E-10 1.5264E-10 1.9646E-10 2.4180E-10 2.7769E-10 3.1808E-10 3.6514E-10 4.1173E-10 4.6461E-10 5.2615E-10 5.9910E-10 6.7407E-10 7.5728E-10 8.5007E-10 9.4825E-10 1.0552E-09 1.1713E-09 1.2998E-09 1.4382E-09 1.5873E-09 1.7489E-09 1.9436E-09 2.1460E-09 2.4081E-09 2.6657E-09 2.9782E-09 3.3128E-09 3.6669E-09 4.0444E-09 4.4577E-09 4.9106E-09 5.4058E-09 5.9448E-09 6.5363E-09 7.2033E-09 7.9488E-09 8.7523E-09 9.6029E-09 1.0474E-08 1.1336E-08 1.2161E-08 1.2934E-08 1.3643E-08 1.4287E-08 1.4863E-08 1.5373E-08 1.5822E-08 1.6212E-08 1.6539E-08 1.6755E-08 1.6888E-08 1.6958E-08 1.6982E-08 1.6966E-08
4.1148E-11 5.5517E-11 7.7393E-11 1.0779E-10 1.4838E-10 1.9158E-10 2.2916E-10 2.7252E-10 3.1203E-10 3.5942E-10 4.0484E-10 4.5671E-10 5.1832E-10 5.8572E-10 6.6558E-10 7.4821E-10 8.4090E-10 9.3879E-10 1.0454E-09 1.1619E-09 1.2894E-09 1.4271E-09 1.5768E-09 1.7376E-09 1.9243E-09 2.1273E-09 2.3795E-09 2.6324E-09 2.9347E-09 3.2714E-09 3.6191E-09 3.9918E-09 4.3954E-09 4.8365E-09 5.3170E-09 5.8400E-09 6.4080E-09 7.0383E-09 7.7495E-09 8.5249E-09 9.3504E-09 1.0206E-08 1.1064E-08 1.1897E-08 1.2684E-08 1.3410E-08 1.4072E-08 1.4668E-08 1.5200E-08 1.5668E-08 1.6075E-08 1.6427E-08 1.6683E-08 1.6849E-08 1.6939E-08 1.6980E-08 1.6978E-08
3.7038E-11 5.3178E-11 7.3245E-11 1.0236E-10 1.4385E-10 1.7813E-10 2.2126E-10 2.6652E-10 3.0587E-10 3.5243E-10 3.9767E-10 4.4839E-10 5.0904E-10 5.7647E-10 6.5170E-10 7.3768E-10 8.3095E-10 9.2796E-10 1.0335E-09 1.1506E-09 1.2773E-09 1.4145E-09 1.5631E-09 1.7230E-09 1.9024E-09 2.1044E-09 2.3435E-09 2.6075E-09 2.8927E-09 3.2180E-09 3.5659E-09 3.9341E-09 4.3277E-09 4.7561E-09 5.2221E-09 5.7286E-09 6.2770E-09 6.8736E-09 7.5461E-09 8.2884E-09 9.0820E-09 9.9158E-09 1.0765E-08 1.1600E-08 1.2396E-08 1.3138E-08 1.3819E-08 1.4435E-08 1.4984E-08 1.5470E-08 1.5896E-08 1.6266E-08 1.6567E-08 1.6763E-08 1.6880E-08 1.6940E-08 1.6955E-08
3.5123E-11 4.8420E-11 6.8239E-11 9.6588E-11 1.2907E-10 1.7047E-10 2.1548E-10 2.6046E-10 2.9882E-10 3.4484E-10 3.8947E-10 4.3916E-10 4.9549E-10 5.6201E-10 6.4117E-10 7.2600E-10 8.1861E-10 9.1534E-10 1.0210E-09 1.1371E-09 1.2625E-09 1.3993E-09 1.5469E-09 1.7060E-09 1.8776E-09 2.0847E-09 2.3064E-09 2.5740E-09 2.8377E-09 3.1610E-09 3.5089E-09 3.8722E-09 4.2549E-09 4.6706E-09 5.1226E-09 5.6121E-09 6.1404E-09 6.7098E-09 7.3414E-09 8.0468E-09 8.8080E-09 9.6149E-09 1.0445E-08 1.1274E-08 1.2076E-08 1.2831E-08 1.3527E-08 1.4160E-08 1.4730E-08 1.5238E-08 1.5682E-08 1.6069E-08 1.6402E-08 1.6633E-08 1.6783E-08 1.6865E-08 1.6899E-08
3.3183E-11 4.3985E-11 6.2607E-11 8.9794E-11 1.2187E-10 1.5743E-10 2.0879E-10 2.5346E-10 2.9134E-10 3.3715E-10 3.8066E-10 4.2999E-10 4.8473E-10 5.5161E-10 6.2948E-10 7.1375E-10 8.0058E-10 9.0059E-10 1.0071E-09 1.1216E-09 1.2462E-09 1.3820E-09 1.5279E-09 1.6860E-09 1.8574E-09 2.0556E-09 2.2709E-09 2.5229E-09 2.8017E-09 3.0967E-09 3.4360E-09 3.8021E-09 4.1778E-09 4.5820E-09 5.0194E-09 5.4919E-09 6.0003E-09 6.5463E-09 7.1388E-09 7.8057E-09 8.5303E-09 9.3033E-09 1.0111E-08 1.0929E-08 1.1730E-08 1.2492E-08 1.3201E-08 1.3852E-08 1.4440E-08 1.4965E-08 1.5429E-08 1.5838E-08 1.6188E-08 1.6467E-08 1.6651E-08 1.6757E-08 1.6812E-08
3.0789E-11 3.5988E-11 5.5481E-11 8.4888E-11 1.0990E-10 1.5009E-10 2.0242E-10 2.4123E-10 2.8370E-10 3.2856E-10 3.7129E-10 4.1902E-10 4.7394E-10 5.4009E-10 6.1171E-10 6.9596E-10 7.8589E-10 8.8530E-10 9.9111E-10 1.1043E-09 1.2282E-09 1.3618E-09 1.5067E-09 1.6642E-09 1.8338E-09 2.0241E-09 2.2367E-09 2.4779E-09 2.7573E-09 3.0304E-09 3.3597E-09 3.7286E-09 4.0985E-09 4.4902E-09 4.9134E-09 5.3688E-09 5.8583E-09 6.3828E-09 6.9455E-09 7.5672E-09 8.2547E-09 8.9909E-09 9.7694E-09 1.0568E-08 1.1360E-08 1.2127E-08 1.2847E-08 1.3511E-08 1.4115E-08 1.4661E-08 1.5146E-08 1.5571E-08 1.5941E-08 1.6255E-08 1.6470E-08 1.6609E-08 1.6687E-08
2.8168E-11 3.3811E-11 5.1477E-11 7.3689E-11 1.0192E-10 1.4410E-10 1.9054E-10 2.2915E-10 2.7561E-10 3.1955E-10 3.6181E-10 4.0823E-10 4.6286E-10 5.2683E-10 5.9374E-10 6.7717E-10 7.6986E-10 8.6882E-10 9.7327E-10 1.0856E-09 1.2080E-09 1.3400E-09 1.4835E-09 1.6394E-09 1.8081E-09 1.9895E-09 2.2064E-09 2.4269E-09 2.6923E-09 2.9826E-09 3.2779E-09 3.6412E-09 4.0164E-09 4.3962E-09 4.8049E-09 5.2448E-09 5.7157E-09 6.2194E-09 6.7554E-09 7.3344E-09 7.9837E-09 8.6833E-09 9.4262E-09 1.0199E-08 1.0978E-08 1.1742E-08 1.2467E-08 1.3142E-08 1.3765E-08 1.4326E-08 1.4829E-08 1.5274E-08 1.5665E-08 1.5999E-08 1.6256E-08 1.6428E-08 1.6530E-08
