Assets/Resources/2015_m01_d06_2200(utc+0800)_l00_csi_1hr_conc.grd
DSAA
         159         159
     -79.000      79.000
     -79.000      79.000
  0.0000E+00  0.3266E-04
[rows 50 to 74 of 159, columns 57 to 113 of 159]
1.5157E-09 1.7753E-09 2.0570E-09 2.5253E-09 2.9554E-09 3.4552E-09 4.0350E-09 4.7223E-09 5.5245E-09 6.4348E-09 7.4819E-09 8.7369E-09 1.0167E-08 1.1705E-08 1.3221E-08 1.4647E-08 1.5959E-08 1.7125E-08 1.8120E-08 1.8950E-08 1.9633E-08 2.0176E-08 2.0575E-08 2.0853E-08 2.0995E-08 2.1005E-08 2.0900E-08 2.0703E-08 2.0384E-08 1.9969E-08 1.9470E-08 1.8941E-08 1.8289E-08 1.7558E-08 1.6755E-08 1.5918E-08 1.5050E-08 1.4163E-08 1.3263E-08 1.2363E-08 1.1474E-08 1.0576E-08 9.7041E-09 8.9049E-09 8.1503E-09 7.4451E-09 6.7875E-09 6.1955E-09 5.6717E-09 5.2017E-09 4.7762E-09 4.4045E-09 4.0742E-09 3.7854E-09 3.5247E-09 3.2891E-09 3.0851E-09
1.5301E-09 1.7929E-09 2.1291E-09 2.5720E-09 3.0136E-09 3.5299E-09 4.1404E-09 4.8549E-09 5.6858E-09 6.6466E-09 7.7600E-09 9.0800E-09 1.0583E-08 1.2171E-08 1.3747E-08 1.5239E-08 1.6609E-08 1.7817E-08 1.8852E-08 1.9726E-08 2.0446E-08 2.1030E-08 2.1478E-08 2.1799E-08 2.2011E-08 2.2080E-08 2.2028E-08 2.1841E-08 2.1599E-08 2.1179E-08 2.0655E-08 2.0090E-08 1.9430E-08 1.8646E-08 1.7789E-08 1.6881E-08 1.5917E-08 1.4907E-08 1.3883E-08 1.2881E-08 1.1908E-08 1.0953E-08 1.0025E-08 9.1244E-09 8.2959E-09 7.5549E-09 6.8769E-09 6.2500E-09 5.6875E-09 5.2009E-09 4.7718E-09 4.3852E-09 4.0457E-09 3.7550E-09 3.4849E-09 3.2557E-09 3.0494E-09
1.5392E-09 1.8038E-09 2.1530E-09 2.6064E-09 3.0576E-09 3.5899E-09 4.2245E-09 4.9680E-09 5.8311E-09 6.8391E-09 8.0025E-09 9.3909E-09 1.0945E-08 1.2597E-08 1.4223E-08 1.5776E-08 1.7199E-08 1.8461E-08 1.9546E-08 2.0475E-08 2.1256E-08 2.1892E-08 2.2408E-08 2.2788E-08 2.3043E-08 2.3176E-08 2.3252E-08 2.3138E-08 2.2958E-08 2.2629E-08 2.2287E-08 2.1708E-08 2.1023E-08 2.0232E-08 1.9355E-08 1.8403E-08 1.6859E-08 1.5773E-08 1.4670E-08 1.3547E-08 1.2427E-08 1.1357E-08 1.0351E-08 9.4043E-09 8.5040E-09 7.6836E-09 6.9570E-09 6.3060E-09 5.7150E-09 5.1997E-09 4.7580E-09 4.3604E-09 4.0177E-09 3.7161E-09 3.4428E-09 3.2152E-09 3.0089E-09
1.5418E-09 1.8066E-09 2.2035E-09 2.6294E-09 3.0885E-09 3.6343E-09 4.2892E-09 5.0540E-09 5.9454E-09 6.9919E-09 8.2111E-09 9.6459E-09 1.1254E-08 1.2955E-08 1.4632E-08 1.6240E-08 1.7716E-08 1.9027E-08 2.0183E-08 2.1185E-08 2.2044E-08 2.2755E-08 2.3335E-08 2.3790E-08 2.4123E-08 2.4411E-08 2.4599E-08 2.4654E-08 2.4481E-08 2.4401E-08 2.4040E-08 2.3469E-08 2.2741E-08 2.1876E-08 2.0892E-08 1.9809E-08 1.8641E-08 1.7386E-08 1.6107E-08 1.4293E-08 1.3082E-08 1.1889E-08 1.0744E-08 9.6890E-09 8.7313E-09 7.8481E-09 7.0565E-09 6.3535E-09 5.7374E-09 5.2092E-09 4.7396E-09 4.3369E-09 3.9890E-09 3.6630E-09 3.3996E-09 3.1702E-09 2.9634E-09
1.5382E-09 1.8056E-09 2.2016E-09 2.6370E-09 3.1053E-09 3.6658E-09 4.3304E-09 5.1097E-09 6.0275E-09 7.1071E-09 8.3699E-09 9.8381E-09 1.1491E-08 1.3233E-08 1.4972E-08 1.6619E-08 1.8141E-08 1.9521E-08 2.0751E-08 2.1838E-08 2.2775E-08 2.3580E-08 2.4263E-08 2.4898E-08 2.5448E-08 2.5885E-08 2.6115E-08 2.6293E-08 2.6668E-08 2.6612E-08 2.6375E-08 2.5938E-08 2.5266E-08 2.4404E-08 2.3368E-08 2.1493E-08 2.0202E-08 1.8797E-08 1.7312E-08 1.5814E-08 1.4373E-08 1.2478E-08 1.1227E-08 1.0053E-08 8.9791E-09 8.0282E-09 7.1744E-09 6.4196E-09 5.7760E-09 5.2272E-09 4.7245E-09 4.3234E-09 3.9619E-09 3.6124E-09 3.3494E-09 3.1212E-09 2.9134E-09
1.5297E-09 1.7993E-09 2.1944E-09 2.6271E-09 3.1052E-09 3.6762E-09 4.3434E-09 5.1339E-09 6.0717E-09 7.1788E-09 8.4609E-09 9.9561E-09 1.1640E-08 1.3432E-08 1.5215E-08 1.6901E-08 1.8479E-08 1.9933E-08 2.1240E-08 2.2401E-08 2.3492E-08 2.4432E-08 2.5264E-08 2.6091E-08 2.6930E-08 2.7573E-08 2.7977E-08 2.8203E-08 2.8930E-08 2.9029E-08 2.8897E-08 2.8512E-08 2.7848E-08 2.6938E-08 2.5787E-08 2.4367E-08 2.2786E-08 2.0418E-08 1.8724E-08 1.7024E-08 1.5359E-08 1.3769E-08 1.2300E-08 1.0470E-08 9.2935E-09 8.2461E-09 7.3210E-09 6.5093E-09 5.8598E-09 5.2609E-09 4.7852E-09 4.4300E-09 3.8923E-09 3.5663E-09 3.2969E-09 3.0669E-09 2.8582E-09
1.5205E-09 1.7807E-09 2.1729E-09 2.6054E-09 3.0843E-09 3.6601E-09 4.3319E-09 5.1239E-09 6.0722E-09 7.1918E-09 8.4808E-09 9.9890E-09 1.1697E-08 1.3532E-08 1.5344E-08 1.7080E-08 1.8728E-08 2.0252E-08 2.1654E-08 2.2942E-08 2.4195E-08 2.5300E-08 2.6421E-08 2.7502E-08 2.8504E-08 2.9411E-08 3.0036E-08 3.1370E-08 3.2057E-08 3.2501E-08 3.2638E-08 3.2426E-08 3.1844E-08 2.9958E-08 2.8647E-08 2.7022E-08 2.5168E-08 2.3154E-08 2.1083E-08 1.8404E-08 1.6527E-08 1.4725E-08 1.3033E-08 1.1513E-08 9.6755E-09 8.5686E-09 7.5380E-09 6.7320E-09 6.2546E-09 5.4364E-09 5.0477E-09 4.3806E-09 3.8214E-09 3.5101E-09 3.2450E-09 3.0055E-09 2.7991E-09
1.4940E-09 1.7529E-09 2.1393E-09 2.5669E-09 3.0458E-09 3.6179E-09 4.2869E-09 5.0812E-09 6.0266E-09 7.1421E-09 8.4302E-09 9.9340E-09 1.1664E-08 1.3516E-08 1.5361E-08 1.7154E-08 1.8865E-08 2.0492E-08 2.2040E-08 2.3517E-08 2.4882E-08 2.6313E-08 2.7592E-08 2.9115E-08 3.0323E-08 3.1398E-08 3.3176E-08 3.4466E-08 3.5547E-08 3.6313E-08 3.6653E-08 3.6502E-08 3.5850E-08 3.4620E-08 3.2932E-08 3.0889E-08 2.7881E-08 2.5574E-08 2.3192E-08 2.0807E-08 1.8533E-08 1.5832E-08 1.3951E-08 1.2310E-08 1.0845E-08 9.2122E-09 8.5316E-09 7.4313E-09 6.7154E-09 5.7495E-09 5.0686E-09 4.2608E-09 3.7719E-09 3.4515E-09 3.1820E-09 2.9425E-09 2.7346E-09
1.4597E-09 1.7194E-09 2.0952E-09 2.5149E-09 2.9880E-09 3.5486E-09 4.2096E-09 4.9968E-09 5.9373E-09 7.0310E-09 8.3048E-09 9.7941E-09 1.1531E-08 1.3381E-08 1.5266E-08 1.7115E-08 1.8905E-08 2.0667E-08 2.2331E-08 2.4024E-08 2.5714E-08 2.7315E-08 2.9091E-08 3.0695E-08 3.2237E-08 3.3969E-08 3.6430E-08 3.8340E-08 3.9938E-08 4.1052E-08 4.1545E-08 4.1371E-08 4.0532E-08 3.9033E-08 3.7016E-08 3.4618E-08 3.1950E-08 2.8335E-08 2.5606E-08 2.2889E-08 2.0284E-08 1.7919E-08 1.5273E-08 1.3999E-08 1.2408E-08 1.0994E-08 9.8328E-09 8.4351E-09 6.7502E-09 5.9985E-09 4.8880E-09 4.1006E-09 3.7112E-09 3.3930E-09 3.1119E-09 2.8769E-09 2.6653E-09
1.4212E-09 1.6741E-09 1.9972E-09 2.4448E-09 2.9126E-09 3.4563E-09 4.1008E-09 4.8765E-09 5.7964E-09 6.8625E-09 8.1078E-09 9.5769E-09 1.1292E-08 1.3136E-08 1.5061E-08 1.6964E-08 1.8886E-08 2.0782E-08 2.2668E-08 2.4508E-08 2.6545E-08 2.8493E-08 3.0473E-08 3.2464E-08 3.4429E-08 3.7731E-08 4.0574E-08 4.3241E-08 4.5381E-08 4.6757E-08 4.7294E-08 4.7010E-08 4.5937E-08 4.4130E-08 4.1734E-08 3.8908E-08 3.5789E-08 3.2511E-08 2.9222E-08 2.5402E-08 2.2759E-08 2.1303E-08 1.8702E-08 1.6797E-08 1.5922E-08 1.3149E-08 1.0885E-08 8.7820E-09 6.9666E-09 5.7367E-09 4.5875E-09 4.0544E-09 3.6569E-09 3.3229E-09 3.0389E-09 2.8030E-09 2.5918E-09
1.3638E-09 1.6152E-09 1.9371E-09 2.3600E-09 2.8163E-09 3.3416E-09 3.9652E-09 4.7171E-09 5.6112E-09 6.6453E-09 7.8475E-09 9.2823E-09 1.0953E-08 1.2781E-08 1.4740E-08 1.6728E-08 1.8774E-08 2.0876E-08 2.2939E-08 2.5065E-08 2.7282E-08 2.9596E-08 3.2008E-08 3.4499E-08 3.7934E-08 4.1976E-08 4.5852E-08 4.9291E-08 5.1880E-08 5.3436E-08 5.3971E-08 5.3498E-08 5.2134E-08 4.9953E-08 4.7108E-08 4.3799E-08 4.0208E-08 3.6540E-08 3.3330E-08 3.0839E-08 2.7508E-08 2.6306E-08 2.4441E-08 2.1224E-08 1.6988E-08 1.4733E-08 1.1522E-08 8.8285E-09 6.8371E-09 5.5221E-09 4.4772E-09 3.9977E-09 3.5943E-09 3.2443E-09 2.9650E-09 2.7249E-09 2.5193E-09
1.3137E-09 1.5475E-09 1.8567E-09 2.2636E-09 2.7044E-09 3.2081E-09 3.8061E-09 4.5279E-09 5.3808E-09 6.3740E-09 7.5293E-09 8.9151E-09 1.0527E-08 1.2326E-08 1.4332E-08 1.6426E-08 1.8608E-08 2.0792E-08 2.3063E-08 2.5467E-08 2.8039E-08 3.0801E-08 3.3764E-08 3.6865E-08 4.2187E-08 4.7317E-08 5.2374E-08 5.6583E-08 5.9583E-08 6.1247E-08 6.1644E-08 6.0876E-08 5.9130E-08 5.6503E-08 5.3194E-08 4.9482E-08 4.6284E-08 4.2885E-08 4.1039E-08 4.0250E-08 3.6929E-08 3.2703E-08 2.8304E-08 2.4779E-08 1.8406E-08 1.4357E-08 1.1283E-08 8.7502E-09 6.7623E-09 5.4440E-09 4.4391E-09 3.9362E-09 3.5259E-09 3.1677E-09 2.8819E-09 2.6429E-09 2.4406E-09
1.2555E-09 1.4664E-09 1.7274E-09 2.1251E-09 2.5733E-09 3.0551E-09 3.6234E-09 4.3125E-09 5.1181E-09 6.0594E-09 7.1607E-09 8.4848E-09 1.0025E-08 1.1786E-08 1.3860E-08 1.6043E-08 1.8280E-08 2.0619E-08 2.3124E-08 2.5854E-08 2.8862E-08 3.2162E-08 3.5714E-08 4.0779E-08 4.7163E-08 5.3947E-08 6.0297E-08 6.5310E-08 6.8632E-08 7.0230E-08 7.0305E-08 6.9144E-08 6.6931E-08 6.3933E-08 6.1481E-08 5.7914E-08 5.7640E-08 5.8148E-08 5.2560E-08 5.0349E-08 4.4844E-08 3.6947E-08 3.1005E-08 2.4175E-08 1.8716E-08 1.4271E-08 1.1201E-08 8.7671E-09 7.2459E-09 5.3415E-09 4.3953E-09 3.8638E-09 3.4462E-09 3.0896E-09 2.7926E-09 2.5590E-09 2.3587E-09
1.1899E-09 1.3929E-09 1.6273E-09 1.9650E-09 2.4333E-09 2.8824E-09 3.4204E-09 4.0747E-09 4.8287E-09 5.7106E-09 6.7508E-09 8.0060E-09 9.4605E-09 1.1195E-08 1.3335E-08 1.5546E-08 1.7852E-08 2.0373E-08 2.3154E-08 2.6258E-08 2.9723E-08 3.3550E-08 3.8218E-08 4.5181E-08 5.3339E-08 6.2153E-08 6.9850E-08 7.5581E-08 7.9143E-08 8.0497E-08 8.0139E-08 7.8573E-08 7.6519E-08 7.4644E-08 7.6969E-08 7.4292E-08 7.2567E-08 7.2640E-08 6.6866E-08 5.6224E-08 4.9091E-08 3.9149E-08 3.0463E-08 2.3943E-08 1.8603E-08 1.4875E-08 1.1140E-08 8.7880E-09 7.1676E-09 5.1969E-09 4.3399E-09 3.7849E-09 3.3562E-09 3.0011E-09 2.7037E-09 2.4680E-09 2.2705E-09
1.1176E-09 1.3117E-09 1.5245E-09 1.7966E-09 2.2790E-09 2.7009E-09 3.1980E-09 3.8110E-09 4.5187E-09 5.3343E-09 6.3061E-09 7.4885E-09 8.8557E-09 1.0569E-08 1.2732E-08 1.4944E-08 1.7364E-08 2.0076E-08 2.3135E-08 2.6596E-08 3.0481E-08 3.4828E-08 4.1821E-08 5.0304E-08 6.1040E-08 7.2010E-08 8.1079E-08 8.7655E-08 9.1038E-08 9.2084E-08 9.1764E-08 9.1704E-08 9.7386E-08 9.4598E-08 9.5657E-08 9.9106E-08 9.2571E-08 8.0447E-08 7.2529E-08 5.9386E-08 4.8136E-08 3.8724E-08 3.0891E-08 2.3725E-08 1.8646E-08 1.4843E-08 1.1005E-08 8.7662E-09 7.0292E-09 5.5093E-09 4.2460E-09 3.6755E-09 3.2367E-09 2.8892E-09 2.5978E-09 2.3654E-09 2.1747E-09
1.0397E-09 1.2237E-09 1.4247E-09 1.6662E-09 2.0769E-09 2.5080E-09 2.9655E-09 3.5315E-09 4.1858E-09 4.9464E-09 5.8202E-09 6.9396E-09 8.2260E-09 9.9214E-09 1.2057E-08 1.4287E-08 1.6810E-08 1.9686E-08 2.2970E-08 2.6739E-08 3.1056E-08 3.7665E-08 4.5476E-08 5.6634E-08 7.0309E-08 8.3492E-08 9.4361E-08 1.0143E-07 1.0529E-07 1.0851E-07 1.1329E-07 1.1496E-07 1.1988E-07 1.2432E-07 1.1699E-07 1.0885E-07 1.0075E-07 8.4831E-08 7.0595E-08 5.8183E-08 4.7372E-08 3.8287E-08 3.0649E-08 2.3438E-08 1.8581E-08 1.4665E-08 1.1374E-08 8.6713E-09 6.8249E-09 5.3783E-09 4.1168E-09 3.5455E-09 3.0988E-09 2.7638E-09 2.4849E-09 2.2579E-09 2.0815E-09
9.5734E-10 1.1303E-09 1.3183E-09 1.5345E-09 1.8239E-09 2.2959E-09 2.7266E-09 3.2440E-09 3.8412E-09 4.5377E-09 5.3446E-09 6.3740E-09 7.5832E-09 9.2453E-09 1.1329E-08 1.3559E-08 1.6140E-08 1.9130E-08 2.2617E-08 2.6690E-08 3.2486E-08 3.9892E-08 4.9834E-08 6.4156E-08 8.0914E-08 9.6300E-08 1.0917E-07 1.2025E-07 1.2750E-07 1.3660E-07 1.4541E-07 1.5026E-07 1.4554E-07 1.3954E-07 1.3180E-07 1.1418E-07 9.7704E-08 8.2659E-08 6.9121E-08 5.7231E-08 4.6863E-08 3.7976E-08 3.0304E-08 2.3109E-08 1.8439E-08 1.4412E-08 1.1251E-08 8.5011E-09 6.5775E-09 5.2785E-09 3.9776E-09 3.4091E-09 2.9629E-09 2.6309E-09 2.3636E-09 2.1445E-09 1.9831E-09
8.7208E-10 1.0324E-09 1.2071E-09 1.4076E-09 1.6608E-09 2.0516E-09 2.4760E-09 2.9529E-09 3.4937E-09 4.1228E-09 4.8545E-09 5.7995E-09 6.9267E-09 8.5412E-09 1.0537E-08 1.2743E-08 1.5341E-08 1.8424E-08 2.2085E-08 2.6432E-08 3.3683E-08 4.2302E-08 5.4736E-08 7.2545E-08 9.2498E-08 1.1233E-07 1.3067E-07 1.5216E-07 1.6989E-07 1.7502E-07 1.7976E-07 1.7584E-07 1.6230E-07 1.4779E-07 1.2906E-07 1.1151E-07 9.5549E-08 8.0941E-08 6.7917E-08 5.6343E-08 4.6211E-08 3.7459E-08 2.9772E-08 2.3587E-08 1.8107E-08 1.4049E-08 1.1090E-08 8.1896E-09 6.2930E-09 5.1548E-09 3.8272E-09 3.2664E-09 2.8267E-09 2.5025E-09 2.2468E-09 2.0322E-09 1.7996E-09
7.8546E-10 9.3183E-10 1.0933E-09 1.2770E-09 1.5086E-09 1.7696E-09 2.2252E-09 2.6581E-09 3.1463E-09 3.7058E-09 4.3581E-09 5.1864E-09 6.2592E-09 7.7939E-09 9.6987E-09 1.1856E-08 1.4445E-08 1.7581E-08 2.1363E-08 2.6917E-08 3.4404E-08 4.4652E-08 5.9872E-08 8.2029E-08 1.0703E-07 1.3661E-07 1.6704E-07 1.9478E-07 2.1843E-07 2.2322E-07 2.0906E-07 1.9396E-07 1.6988E-07 1.4736E-07 1.2722E-07 1.0921E-07 9.3337E-08 7.9100E-08 6.6434E-08 5.5174E-08 4.5315E-08 3.6612E-08 2.9091E-08 2.3202E-08 1.7566E-08 1.3657E-08 1.0846E-08 7.8183E-09 6.1241E-09 5.0223E-09 4.1842E-09 3.1272E-09 2.6959E-09 2.3804E-09 2.1333E-09 1.9261E-09 1.7002E-09
6.9921E-10 8.3047E-10 9.7906E-10 1.1454E-09 1.3535E-09 1.5889E-09 1.8568E-09 2.3512E-09 2.7967E-09 3.2877E-09 3.8651E-09 4.6112E-09 5.5993E-09 7.0371E-09 8.8428E-09 1.0915E-08 1.3458E-08 1.6579E-08 2.0424E-08 2.6450E-08 3.4860E-08 4.7069E-08 6.6603E-08 9.9137E-08 1.2767E-07 1.6051E-07 2.2081E-07 2.6972E-07 2.8121E-07 2.7281E-07 2.4235E-07 2.0832E-07 1.7614E-07 1.4846E-07 1.2589E-07 1.0704E-07 9.0937E-08 7.6814E-08 6.4348E-08 5.3370E-08 4.3720E-08 3.5137E-08 2.8111E-08 2.2358E-08 1.6761E-08 1.3243E-08 1.0378E-08 7.3878E-09 5.9406E-09 4.8520E-09 4.0279E-09 2.9742E-09 2.5590E-09 2.2558E-09 2.0208E-09 1.8221E-09 1.6061E-09
6.1524E-10 7.3063E-10 8.6671E-10 1.0156E-09 1.1979E-09 1.4090E-09 1.6393E-09 1.9202E-09 2.4367E-09 2.8848E-09 3.3971E-09 3.9969E-09 4.9485E-09 6.2633E-09 7.9399E-09 9.8927E-09 1.2347E-08 1.5424E-08 1.9306E-08 2.6111E-08 3.6095E-08 5.3166E-08 7.6173E-08 1.1018E-07 1.4782E-07 1.8044E-07 2.8758E-07 3.8795E-07 4.0540E-07 3.5293E-07 2.8948E-07 2.2978E-07 1.8343E-07 1.4831E-07 1.2255E-07 1.0245E-07 8.6342E-08 7.2719E-08 6.0912E-08 5.0591E-08 4.1294E-08 3.3306E-08 2.6829E-08 2.1166E-08 1.5951E-08 1.2661E-08 9.7669E-09 7.0579E-09 5.7051E-09 4.6446E-09 3.8471E-09 2.8090E-09 2.4149E-09 2.1280E-09 1.9064E-09 1.6392E-09 1.5156E-09
5.3584E-10 6.3385E-10 7.5625E-10 8.8687E-10 1.0397E-09 1.2222E-09 1.4245E-09 1.6677E-09 1.9697E-09 2.4827E-09 2.9478E-09 3.4872E-09 4.2034E-09 5.5051E-09 7.0305E-09 8.8511E-09 1.1197E-08 1.4256E-08 1.8882E-08 2.6918E-08 3.9559E-08 5.8673E-08 8.5501E-08 1.1607E-07 1.4695E-07 1.9373E-07 4.8902E-07 6.8988E-07 6.5291E-07 5.1168E-07 3.5650E-07 2.5447E-07 1.8628E-07 1.4434E-07 1.1649E-07 9.6257E-08 8.0714E-08 6.7912E-08 5.6901E-08 4.7161E-08 3.8504E-08 3.1358E-08 2.5120E-08 1.9817E-08 1.5095E-08 1.1816E-08 9.1344E-09 6.7143E-09 5.4197E-09 4.4035E-09 3.6445E-09 2.6367E-09 2.2641E-09 1.9978E-09 1.7916E-09 1.5396E-09 1.4263E-09
4.6181E-10 5.4270E-10 6.4524E-10 7.5699E-10 8.8369E-10 1.0432E-09 1.2257E-09 1.4404E-09 1.7059E-09 2.0141E-09 2.5306E-09 2.9973E-09 3.6335E-09 4.6987E-09 6.0814E-09 7.8606E-09 1.0522E-08 1.3899E-08 2.0221E-08 3.0432E-08 4.1958E-08 5.9328E-08 8.1553E-08 1.0860E-07 1.3705E-07 4.3017E-07 1.2241E-06 1.4441E-06 1.1245E-06 7.2994E-07 4.4018E-07 2.7074E-07 1.8330E-07 1.3520E-07 1.0757E-07 8.8500E-08 7.4098E-08 6.2434E-08 5.2252E-08 4.3236E-08 3.5626E-08 2.8991E-08 2.3132E-08 1.8497E-08 1.3969E-08 1.0856E-08 8.6108E-09 6.3085E-09 5.0852E-09 4.1347E-09 3.4261E-09 2.4596E-09 2.1103E-09 1.8658E-09 1.5953E-09 1.4369E-09 1.3363E-09
3.8940E-10 4.5495E-10 5.3236E-10 6.3574E-10 7.4381E-10 8.8085E-10 1.0497E-09 1.2351E-09 1.4602E-09 1.7327E-09 2.0382E-09 2.5447E-09 3.0921E-09 4.0553E-09 5.3514E-09 7.3335E-09 1.0960E-08 1.5045E-08 2.0551E-08 3.0152E-08 4.0836E-08 5.2343E-08 7.0048E-08 9.1996E-08 2.3662E-07 1.3788E-06 1.8028E-06 1.7808E-06 1.5816E-06 8.6342E-07 4.3001E-07 2.5307E-07 1.6626E-07 1.2117E-07 9.5932E-08 7.9390E-08 6.6743E-08 5.6293E-08 4.7044E-08 3.9262E-08 3.2429E-08 2.6250E-08 2.1198E-08 1.6966E-08 1.2625E-08 1.0017E-08 8.0142E-09 5.8527E-09 4.7107E-09 3.8431E-09 3.1911E-09 2.2713E-09 1.9532E-09 1.7346E-09 1.4857E-09 1.3407E-09 1.2494E-09
2.6958E-10 3.4025E-10 4.3884E-10 5.2578E-10 6.2786E-10 7.4120E-10 8.8214E-10 1.0492E-09 1.2367E-09 1.4732E-09 1.7322E-09 2.0361E-09 2.5386E-09 3.5865E-09 5.5619E-09 7.6018E-09 1.0711E-08 1.5683E-08 2.0670E-08 2.5376E-08 3.3889E-08 4.2711E-08 5.5204E-08 7.3637E-08 6.7735E-07 1.3231E-06 1.2547E-06 1.1941E-06 1.0121E-06 4.3450E-07 2.2529E-07 1.6399E-07 1.2575E-07 9.9949E-08 8.2294E-08 6.9478E-08 5.8780E-08 4.9682E-08 4.1915E-08 3.5086E-08 2.8867E-08 2.3622E-08 1.9131E-08 1.5141E-08 1.1433E-08 9.1742E-09 7.3605E-09 5.3571E-09 4.3161E-09 3.5370E-09 2.9499E-09 2.0805E-09 1.8007E-09 1.5306E-09 1.3754E-09 1.2471E-09 1.1646E-09
