Assets/Resources/2015_m01_d23_0900(utc+0800)_l00_csi_1hr_conc.grd
DSAA
         159         159
     -79.000      79.000
     -79.000      79.000
  0.0000E+00  0.1583E-05
[rows 50 to 74 of 159, columns 0 to 56 of 159]
0.0000E+00 1.2200E-12 8.1990E-12 1.6782E-11 2.1437E-11 2.7458E-11 3.3808E-11 3.9073E-11 4.7912E-11 5.8695E-11 6.8434E-11 7.6250E-11 8.3921E-11 9.1781E-11 1.0021E-10 1.0921E-10 1.1883E-10 1.2890E-10 1.3981E-10 1.5120E-10 1.6349E-10 1.7632E-10 1.9010E-10 2.0425E-10 2.1941E-10 2.3539E-10 2.5221E-10 2.6967E-10 2.8824E-10 3.0747E-10 3.2787E-10 3.5000E-10 3.7160E-10 3.9627E-10 4.1994E-10 4.4674E-10 4.7254E-10 5.0160E-10 5.3070E-10 5.6108E-10 5.9307E-10 6.2630E-10 6.6077E-10 6.9490E-10 7.3191E-10 7.7021E-10 8.0978E-10 8.4901E-10 8.9121E-10 9.3294E-10 9.7770E-10 1.0220E-09 1.0692E-09 1.1159E-09 1.1648E-09 1.2148E-09 1.2652E-09
0.0000E+00 3.0559E-12 1.0667E-11 1.8114E-11 2.2576E-11 2.9934E-11 3.4408E-11 4.1090E-11 5.1166E-11 6.0641E-11 7.0843E-11 7.8024E-11 8.5075E-11 9.3298E-11 1.0141E-10 1.1078E-10 1.2024E-10 1.3049E-10 1.4120E-10 1.5259E-10 1.6486E-10 1.7766E-10 1.9141E-10 2.0572E-10 2.2060E-10 2.3651E-10 2.5324E-10 2.7059E-10 2.8905E-10 3.0813E-10 3.2865E-10 3.5012E-10 3.7206E-10 3.9602E-10 4.1945E-10 4.4602E-10 4.7157E-10 5.0036E-10 5.2915E-10 5.5920E-10 5.9087E-10 6.2375E-10 6.5785E-10 6.9277E-10 7.2819E-10 7.6608E-10 8.0522E-10 8.4438E-10 8.8568E-10 9.2777E-10 9.7115E-10 1.0148E-09 1.0615E-09 1.1077E-09 1.1567E-09 1.2053E-09 1.2555E-09
0.0000E+00 6.0919E-12 1.2847E-11 1.9183E-11 2.4215E-11 3.1693E-11 3.5723E-11 4.3503E-11 5.4681E-11 6.3866E-11 7.1890E-11 7.9427E-11 8.6173E-11 9.4760E-11 1.0289E-10 1.1228E-10 1.2157E-10 1.3182E-10 1.4253E-10 1.5408E-10 1.6633E-10 1.7890E-10 1.9260E-10 2.0685E-10 2.2188E-10 2.3748E-10 2.5413E-10 2.7160E-10 2.8969E-10 3.0889E-10 3.2926E-10 3.5007E-10 3.7234E-10 3.9558E-10 4.1932E-10 4.4514E-10 4.7094E-10 4.9892E-10 5.2742E-10 5.5715E-10 5.8848E-10 6.2099E-10 6.5473E-10 6.8968E-10 7.2426E-10 7.6170E-10 8.0040E-10 8.4034E-10 8.7990E-10 9.2230E-10 9.6430E-10 1.0074E-09 1.0535E-09 1.0991E-09 1.1476E-09 1.1955E-09 1.2459E-09
1.1815E-12 7.9583E-12 1.6273E-11 2.0768E-11 2.6587E-11 3.2724E-11 3.7029E-11 4.5842E-11 5.6501E-11 6.5793E-11 7.3213E-11 8.0467E-11 8.7884E-11 9.5835E-11 1.0431E-10 1.1336E-10 1.2300E-10 1.3307E-10 1.4395E-10 1.5529E-10 1.6751E-10 1.8023E-10 1.9367E-10 2.0787E-10 2.2283E-10 2.3856E-10 2.5487E-10 2.7223E-10 2.9018E-10 3.0949E-10 3.2971E-10 3.5035E-10 3.7244E-10 3.9497E-10 4.1901E-10 4.4406E-10 4.7014E-10 4.9731E-10 5.2606E-10 5.5492E-10 5.8589E-10 6.1805E-10 6.5141E-10 6.8596E-10 7.2089E-10 7.5710E-10 7.9536E-10 8.3482E-10 8.7385E-10 9.1575E-10 9.5719E-10 1.0010E-09 1.0453E-09 1.0902E-09 1.1381E-09 1.1854E-09 1.2356E-09
2.9579E-12 1.0334E-11 1.7539E-11 2.1841E-11 2.9192E-11 3.3254E-11 3.9336E-11 4.8914E-11 5.8289E-11 6.8020E-11 7.4808E-11 8.1455E-11 8.9213E-11 9.6847E-11 1.0567E-10 1.1455E-10 1.2418E-10 1.3442E-10 1.4509E-10 1.5641E-10 1.6859E-10 1.8127E-10 1.9486E-10 2.0898E-10 2.2364E-10 2.3928E-10 2.5571E-10 2.7272E-10 2.9077E-10 3.0994E-10 3.2951E-10 3.5047E-10 3.7237E-10 3.9471E-10 4.1852E-10 4.4334E-10 4.6864E-10 4.9552E-10 5.2452E-10 5.5250E-10 5.8314E-10 6.1492E-10 6.4788E-10 6.8203E-10 7.1695E-10 7.5229E-10 7.9007E-10 8.2906E-10 8.6757E-10 9.0896E-10 9.4981E-10 9.9353E-10 1.0367E-09 1.0810E-09 1.1283E-09 1.1750E-09 1.2245E-09
5.9007E-12 1.2427E-11 1.8548E-11 2.3398E-11 3.0625E-11 3.3767E-11 4.1198E-11 5.1270E-11 6.0049E-11 6.8924E-11 7.6048E-11 8.2392E-11 9.0492E-11 9.8130E-11 1.0696E-10 1.1568E-10 1.2529E-10 1.3551E-10 1.4616E-10 1.5763E-10 1.6957E-10 1.8219E-10 1.9572E-10 2.0977E-10 2.2455E-10 2.3988E-10 2.5619E-10 2.7306E-10 2.9122E-10 3.1024E-10 3.2965E-10 3.5043E-10 3.7164E-10 3.9427E-10 4.1786E-10 4.4191E-10 4.6749E-10 4.9409E-10 5.2227E-10 5.5031E-10 5.8020E-10 6.1160E-10 6.4417E-10 6.7790E-10 7.1280E-10 7.4725E-10 7.8457E-10 8.2309E-10 8.6104E-10 9.0193E-10 9.4220E-10 9.8537E-10 1.0280E-09 1.0730E-09 1.1183E-09 1.1643E-09 1.2132E-09
7.6982E-12 1.5727E-11 2.0058E-11 2.5665E-11 3.1581E-11 3.5670E-11 4.2759E-11 5.3936E-11 6.3070E-11 7.0093E-11 7.6936E-11 8.3601E-11 9.1396E-11 9.9357E-11 1.0786E-10 1.1690E-10 1.2633E-10 1.3652E-10 1.4714E-10 1.5857E-10 1.7046E-10 1.8323E-10 1.9648E-10 2.1045E-10 2.2514E-10 2.4057E-10 2.5654E-10 2.7351E-10 2.9153E-10 3.0993E-10 3.2964E-10 3.5024E-10 3.7125E-10 3.9366E-10 4.1651E-10 4.4084E-10 4.6616E-10 4.9249E-10 5.1984E-10 5.4794E-10 5.7708E-10 6.0811E-10 6.4026E-10 6.7357E-10 7.0804E-10 7.4284E-10 7.7885E-10 8.1688E-10 8.5431E-10 8.9467E-10 9.3439E-10 9.7697E-10 1.0190E-09 1.0638E-09 1.1081E-09 1.1534E-09 1.2017E-09
8.3905E-12 1.6929E-11 2.0631E-11 2.8159E-11 3.2049E-11 3.6865E-11 4.6294E-11 5.5262E-11 6.4812E-11 7.1225E-11 7.7778E-11 8.5078E-11 9.2244E-11 1.0053E-10 1.0886E-10 1.1789E-10 1.2747E-10 1.3745E-10 1.4822E-10 1.5942E-10 1.7146E-10 1.8396E-10 1.9714E-10 2.1101E-10 2.2561E-10 2.4093E-10 2.5677E-10 2.7383E-10 2.9171E-10 3.0994E-10 3.2948E-10 3.4941E-10 3.7070E-10 3.9290E-10 4.1552E-10 4.3961E-10 4.6466E-10 4.9071E-10 5.1762E-10 5.4539E-10 5.7417E-10 6.0443E-10 6.3617E-10 6.6906E-10 7.0309E-10 7.3783E-10 7.7295E-10 8.1048E-10 8.4822E-10 8.8720E-10 9.2635E-10 9.6837E-10 1.0098E-09 1.0540E-09 1.0976E-09 1.1440E-09 1.1899E-09
1.1984E-11 1.7880E-11 2.2072E-11 2.9510E-11 3.2499E-11 3.8621E-11 4.8823E-11 5.7479E-11 6.5901E-11 7.2617E-11 7.8571E-11 8.6193E-11 9.3035E-11 1.0164E-10 1.0980E-10 1.1880E-10 1.2836E-10 1.3831E-10 1.4904E-10 1.6038E-10 1.7216E-10 1.8460E-10 1.9770E-10 2.1148E-10 2.2596E-10 2.4116E-10 2.5664E-10 2.7402E-10 2.9130E-10 3.0982E-10 3.2919E-10 3.4892E-10 3.7000E-10 3.9149E-10 4.1438E-10 4.3820E-10 4.6299E-10 4.8875E-10 5.1522E-10 5.4265E-10 5.7110E-10 6.0057E-10 6.3192E-10 6.6437E-10 6.9795E-10 7.3223E-10 7.6686E-10 8.0389E-10 8.4199E-10 8.7955E-10 9.1812E-10 9.5958E-10 1.0003E-09 1.0440E-09 1.0870E-09 1.1328E-09 1.1779E-09
1.3473E-11 1.8831E-11 2.4488E-11 3.0396E-11 3.2932E-11 4.0338E-11 5.1322E-11 5.9381E-11 6.6638E-11 7.3372E-11 7.9626E-11 8.6948E-11 9.4094E-11 1.0238E-10 1.1084E-10 1.1966E-10 1.2918E-10 1.3928E-10 1.4978E-10 1.6106E-10 1.7278E-10 1.8514E-10 1.9815E-10 2.1184E-10 2.2621E-10 2.4128E-10 2.5686E-10 2.7410E-10 2.9075E-10 3.0957E-10 3.2829E-10 3.4829E-10 3.6917E-10 3.9043E-10 4.1308E-10 4.3665E-10 4.6117E-10 4.8650E-10 5.1265E-10 5.3976E-10 5.6786E-10 5.9695E-10 6.2750E-10 6.5951E-10 6.9265E-10 7.2690E-10 7.6142E-10 7.9713E-10 8.3471E-10 8.7172E-10 9.0970E-10 9.5060E-10 9.9075E-10 1.0338E-09 1.0761E-09 1.1213E-09 1.1657E-09
1.6053E-11 1.9602E-11 2.6637E-11 3.0807E-11 3.4705E-11 4.2759E-11 5.2548E-11 6.1891E-11 6.7927E-11 7.4083E-11 8.0637E-11 8.7652E-11 9.5418E-11 1.0321E-10 1.1165E-10 1.2044E-10 1.2993E-10 1.3999E-10 1.5044E-10 1.6166E-10 1.7332E-10 1.8579E-10 1.9851E-10 2.1209E-10 2.2636E-10 2.4108E-10 2.5696E-10 2.7362E-10 2.9055E-10 3.0920E-10 3.2725E-10 3.4753E-10 3.6771E-10 3.8923E-10 4.1164E-10 4.3495E-10 4.5919E-10 4.8409E-10 5.0991E-10 5.3670E-10 5.6444E-10 5.9318E-10 6.2291E-10 6.5451E-10 6.8718E-10 7.2097E-10 7.5500E-10 7.9021E-10 8.2726E-10 8.6372E-10 9.0197E-10 9.4145E-10 9.8099E-10 1.0234E-09 1.0651E-09 1.1096E-09 1.1534E-09
1.6950E-11 2.0788E-11 2.8364E-11 3.1201E-11 3.6731E-11 4.5744E-11 5.4009E-11 6.2856E-11 6.8887E-11 7.4750E-11 8.1907E-11 8.8303E-11 9.6374E-11 1.0399E-10 1.1241E-10 1.2134E-10 1.3062E-10 1.4063E-10 1.5120E-10 1.6218E-10 1.7395E-10 1.8615E-10 1.9899E-10 2.1225E-10 2.2639E-10 2.4120E-10 2.5696E-10 2.7301E-10 2.9023E-10 3.0825E-10 3.2657E-10 3.4664E-10 3.6660E-10 3.8789E-10 4.0955E-10 4.3310E-10 4.5656E-10 4.8152E-10 5.0703E-10 5.3348E-10 5.6088E-10 5.8924E-10 6.1858E-10 6.4936E-10 6.8158E-10 7.1490E-10 7.4886E-10 7.8312E-10 8.1966E-10 8.5556E-10 8.9371E-10 9.3214E-10 9.7107E-10 1.0129E-09 1.0539E-09 1.0977E-09 1.1409E-09
1.8086E-11 2.2612E-11 2.9184E-11 3.1579E-11 3.7693E-11 4.8098E-11 5.5740E-11 6.3483E-11 6.9811E-11 7.5374E-11 8.2533E-11 8.9212E-11 9.6966E-11 1.0487E-10 1.1310E-10 1.2199E-10 1.3141E-10 1.4119E-10 1.5171E-10 1.6281E-10 1.7432E-10 1.8642E-10 1.9916E-10 2.1253E-10 2.2633E-10 2.4123E-10 2.5685E-10 2.7273E-10 2.8980E-10 3.0717E-10 3.2576E-10 3.4516E-10 3.6537E-10 3.8642E-10 4.0784E-10 4.3112E-10 4.5417E-10 4.7881E-10 5.0401E-10 5.3011E-10 5.5717E-10 5.8515E-10 6.1412E-10 6.4405E-10 6.7583E-10 7.0868E-10 7.4216E-10 7.7590E-10 8.1193E-10 8.4726E-10 8.8530E-10 9.2268E-10 9.6144E-10 1.0022E-09 1.0426E-09 1.0858E-09 1.1282E-09
1.8805E-11 2.5128E-11 2.9544E-11 3.1941E-11 3.9009E-11 4.9529E-11 5.8089E-11 6.4073E-11 7.0408E-11 7.6252E-11 8.3111E-11 9.0075E-11 9.7503E-11 1.0538E-10 1.1373E-10 1.2259E-10 1.3196E-10 1.4186E-10 1.5214E-10 1.6317E-10 1.7460E-10 1.8662E-10 1.9924E-10 2.1250E-10 2.2595E-10 2.4116E-10 2.5620E-10 2.7236E-10 2.8926E-10 3.0644E-10 3.2484E-10 3.4356E-10 3.6401E-10 3.8435E-10 4.0600E-10 4.2852E-10 4.5163E-10 4.7560E-10 5.0084E-10 5.2662E-10 5.5331E-10 5.8093E-10 6.0950E-10 6.3902E-10 6.6996E-10 7.0233E-10 7.3533E-10 7.6855E-10 8.0405E-10 8.3883E-10 8.7632E-10 9.1311E-10 9.5168E-10 9.9140E-10 1.0311E-09 1.0737E-09 1.1154E-09
1.9693E-11 2.6985E-11 2.9888E-11 3.3585E-11 4.1268E-11 5.0621E-11 5.9526E-11 6.5198E-11 7.0965E-11 7.7385E-11 8.3642E-11 9.1194E-11 9.8144E-11 1.0599E-10 1.1431E-10 1.2312E-10 1.3244E-10 1.4229E-10 1.5250E-10 1.6346E-10 1.7480E-10 1.8672E-10 1.9924E-10 2.1237E-10 2.2592E-10 2.4099E-10 2.5544E-10 2.7188E-10 2.8817E-10 3.0560E-10 3.2381E-10 3.4231E-10 3.6254E-10 3.8264E-10 4.0404E-10 4.2615E-10 4.4897E-10 4.7263E-10 4.9754E-10 5.2298E-10 5.4931E-10 5.7657E-10 6.0474E-10 6.3388E-10 6.6396E-10 6.9586E-10 7.2837E-10 7.6108E-10 7.9606E-10 8.3030E-10 8.6721E-10 9.0342E-10 9.4140E-10 9.8050E-10 1.0196E-09 1.0615E-09 1.1026E-09
2.0809E-11 2.7959E-11 3.0217E-11 3.5215E-11 4.4073E-11 5.2205E-11 6.0350E-11 6.6284E-11 7.1482E-11 7.8185E-11 8.4126E-11 9.1665E-11 9.8888E-11 1.0671E-10 1.1499E-10 1.2376E-10 1.3286E-10 1.4265E-10 1.5298E-10 1.6367E-10 1.7492E-10 1.8674E-10 1.9916E-10 2.1196E-10 2.2579E-10 2.4031E-10 2.5502E-10 2.7130E-10 2.8696E-10 3.0466E-10 3.2221E-10 3.4096E-10 3.6049E-10 3.8082E-10 4.0196E-10 4.2366E-10 4.4618E-10 4.6954E-10 4.9375E-10 5.1922E-10 5.4520E-10 5.7208E-10 5.9988E-10 6.2859E-10 6.5825E-10 6.8929E-10 7.2175E-10 7.5352E-10 7.8796E-10 8.2165E-10 8.5801E-10 8.9364E-10 9.3146E-10 9.6949E-10 1.0084E-09 1.0492E-09 1.0896E-09
2.3196E-11 2.8273E-11 3.0530E-11 3.6339E-11 4.6265E-11 5.4087E-11 6.0847E-11 6.6782E-11 7.1960E-11 7.8655E-11 8.4862E-11 9.2085E-11 9.9427E-11 1.0721E-10 1.1545E-10 1.2418E-10 1.3339E-10 1.4295E-10 1.5320E-10 1.6381E-10 1.7497E-10 1.8669E-10 1.9899E-10 2.1145E-10 2.2559E-10 2.3953E-10 2.5451E-10 2.7020E-10 2.8611E-10 3.0362E-10 3.2096E-10 3.3950E-10 3.5833E-10 3.7888E-10 3.9964E-10 4.2105E-10 4.4328E-10 4.6633E-10 4.9022E-10 5.1497E-10 5.4097E-10 5.6747E-10 5.9489E-10 6.2319E-10 6.5243E-10 6.8261E-10 7.1459E-10 7.4585E-10 7.7977E-10 8.1292E-10 8.4872E-10 8.8376E-10 9.2101E-10 9.5843E-10 9.9668E-10 1.0369E-09 1.0766E-09
2.5181E-11 2.8572E-11 3.0828E-11 3.6929E-11 4.7561E-11 5.6252E-11 6.1310E-11 6.7243E-11 7.2967E-11 7.9083E-11 8.5850E-11 9.2457E-11 9.9762E-11 1.0766E-10 1.1586E-10 1.2453E-10 1.3352E-10 1.4317E-10 1.5335E-10 1.6388E-10 1.7494E-10 1.8656E-10 1.9874E-10 2.1170E-10 2.2530E-10 2.3865E-10 2.5392E-10 2.6900E-10 2.8516E-10 3.0204E-10 3.1962E-10 3.3794E-10 3.5700E-10 3.7685E-10 3.9720E-10 4.1834E-10 4.4027E-10 4.6301E-10 4.8658E-10 5.1098E-10 5.3663E-10 5.6276E-10 5.8978E-10 6.1769E-10 6.4650E-10 6.7623E-10 7.0734E-10 7.3808E-10 7.7150E-10 8.0410E-10 8.3935E-10 8.7383E-10 9.1048E-10 9.4728E-10 9.8536E-10 1.0245E-09 1.0636E-09
2.6731E-11 2.8856E-11 3.2347E-11 4.0198E-11 4.8815E-11 5.7262E-11 6.2286E-11 6.7668E-11 7.3935E-11 7.9468E-11 8.6504E-11 9.3082E-11 1.0036E-10 1.0806E-10 1.1622E-10 1.2483E-10 1.3393E-10 1.4352E-10 1.5344E-10 1.6388E-10 1.7485E-10 1.8636E-10 1.9821E-10 2.1145E-10 2.2451E-10 2.3854E-10 2.5324E-10 2.6814E-10 2.8413E-10 3.0036E-10 3.1818E-10 3.3583E-10 3.5511E-10 3.7425E-10 3.9467E-10 4.1552E-10 4.3716E-10 4.5959E-10 4.8283E-10 5.0690E-10 5.3180E-10 5.5794E-10 5.8456E-10 6.1208E-10 6.4046E-10 6.6977E-10 6.9999E-10 7.3066E-10 7.6315E-10 7.9520E-10 8.2992E-10 8.6382E-10 9.0035E-10 9.3610E-10 9.7355E-10 1.0120E-09 1.0505E-09
2.7003E-11 2.9127E-11 3.3857E-11 4.2243E-11 4.9713E-11 5.7677E-11 6.3230E-11 6.8057E-11 7.4311E-11 7.9812E-11 8.6826E-11 9.3660E-11 1.0090E-10 1.0857E-10 1.1667E-10 1.2507E-10 1.3411E-10 1.4363E-10 1.5347E-10 1.6382E-10 1.7468E-10 1.8608E-10 1.9801E-10 2.1113E-10 2.2363E-10 2.3793E-10 2.5205E-10 2.6719E-10 2.8301E-10 2.9904E-10 3.1665E-10 3.3408E-10 3.5312E-10 3.7189E-10 3.9203E-10 4.1261E-10 4.3394E-10 4.5607E-10 4.7898E-10 5.0271E-10 5.2725E-10 5.5264E-10 5.7887E-10 6.0637E-10 6.3435E-10 6.6322E-10 6.9254E-10 7.2318E-10 7.5472E-10 7.8668E-10 8.2043E-10 8.5375E-10 8.8972E-10 9.2485E-10 9.6214E-10 9.9955E-10 1.0373E-09
2.7262E-11 2.9383E-11 3.4631E-11 4.4017E-11 5.1696E-11 5.8062E-11 6.3608E-11 6.8411E-11 7.4650E-11 8.0399E-11 8.7104E-11 9.3899E-11 1.0110E-10 1.0871E-10 1.1676E-10 1.2526E-10 1.3423E-10 1.4367E-10 1.5343E-10 1.6369E-10 1.7445E-10 1.8573E-10 1.9774E-10 2.1034E-10 2.2309E-10 2.3725E-10 2.5078E-10 2.6617E-10 2.8137E-10 2.9764E-10 3.1460E-10 3.3224E-10 3.5061E-10 3.6943E-10 3.8898E-10 4.0960E-10 4.3029E-10 4.5246E-10 4.7505E-10 4.9843E-10 5.2262E-10 5.4764E-10 5.7348E-10 6.0057E-10 6.2814E-10 6.5656E-10 6.8545E-10 7.1561E-10 7.4620E-10 7.7809E-10 8.1087E-10 8.4406E-10 8.7902E-10 9.1355E-10 9.5070E-10 9.8701E-10 1.0246E-09
2.7508E-11 2.9624E-11 3.5390E-11 4.5196E-11 5.3696E-11 5.8417E-11 6.3954E-11 6.9272E-11 7.4951E-11 8.1232E-11 8.7339E-11 9.4242E-11 1.0140E-10 1.0896E-10 1.1696E-10 1.2540E-10 1.3430E-10 1.4349E-10 1.5334E-10 1.6349E-10 1.7415E-10 1.8513E-10 1.9741E-10 2.0948E-10 2.2247E-10 2.3608E-10 2.4985E-10 2.6507E-10 2.7965E-10 2.9615E-10 3.1246E-10 3.3032E-10 3.4800E-10 3.6689E-10 3.8617E-10 4.0651E-10 4.2726E-10 4.4876E-10 4.7103E-10 4.9407E-10 5.1791E-10 5.4255E-10 5.6802E-10 5.9430E-10 6.2145E-10 6.4944E-10 6.7827E-10 7.0795E-10 7.3806E-10 7.6943E-10 8.0124E-10 8.3432E-10 8.6828E-10 9.0264E-10 9.3876E-10 9.7443E-10 1.0122E-09
2.7740E-11 2.9851E-11 3.6760E-11 4.6332E-11 5.4584E-11 5.9261E-11 6.4267E-11 7.0100E-11 7.5214E-11 8.1748E-11 8.7821E-11 9.4688E-11 1.0180E-10 1.0933E-10 1.1727E-10 1.2565E-10 1.3448E-10 1.4360E-10 1.5318E-10 1.6324E-10 1.7398E-10 1.8484E-10 1.9701E-10 2.0854E-10 2.2179E-10 2.3485E-10 2.4885E-10 2.6348E-10 2.7829E-10 2.9460E-10 3.1069E-10 3.2833E-10 3.4564E-10 3.6428E-10 3.8329E-10 4.0300E-10 4.2379E-10 4.4463E-10 4.6692E-10 4.8963E-10 5.1312E-10 5.3739E-10 5.6247E-10 5.8837E-10 6.1509E-10 6.4264E-10 6.7102E-10 6.9981E-10 7.2983E-10 7.6070E-10 7.9198E-10 8.2451E-10 8.5747E-10 8.9170E-10 9.2678E-10 9.6179E-10 9.9899E-10
2.7959E-11 3.2418E-11 4.0353E-11 4.7144E-11 5.4901E-11 6.0078E-11 6.4548E-11 7.0363E-11 7.5441E-11 8.1947E-11 8.8262E-11 9.4946E-11 1.0202E-10 1.0949E-10 1.1737E-10 1.2568E-10 1.3444E-10 1.4348E-10 1.5297E-10 1.6293E-10 1.7338E-10 1.8449E-10 1.9616E-10 2.0793E-10 2.2105E-10 2.3353E-10 2.4778E-10 2.6182E-10 2.7727E-10 2.9254E-10 3.0884E-10 3.2582E-10 3.4352E-10 3.6126E-10 3.8032E-10 3.9976E-10 4.2025E-10 4.4078E-10 4.6275E-10 4.8512E-10 5.0825E-10 5.3216E-10 5.5685E-10 5.8236E-10 6.0867E-10 6.3578E-10 6.6370E-10 6.9202E-10 7.2155E-10 7.5149E-10 7.8265E-10 8.1465E-10 8.4705E-10 8.8069E-10 9.1474E-10 9.4959E-10 9.8572E-10
2.8165E-11 3.2636E-11 4.0607E-11 4.8688E-11 5.5191E-11 6.0355E-11 6.4798E-11 7.0592E-11 7.5633E-11 8.2108E-11 8.8381E-11 9.5018E-11 1.0203E-10 1.0944E-10 1.1726E-10 1.2550E-10 1.3418E-10 1.4330E-10 1.5270E-10 1.6257E-10 1.7271E-10 1.8409E-10 1.9524E-10 2.0726E-10 2.1985E-10 2.3255E-10 2.4664E-10 2.6008E-10 2.7577E-10 2.9040E-10 3.0692E-10 3.2324E-10 3.4101E-10 3.5849E-10 3.7729E-10 3.9645E-10 4.1630E-10 4.3721E-10 4.5815E-10 4.8054E-10 5.0332E-10 5.2687E-10 5.5119E-10 5.7629E-10 6.0218E-10 6.2886E-10 6.5592E-10 6.8416E-10 7.1321E-10 7.4222E-10 7.7328E-10 8.0433E-10 8.3614E-10 8.6965E-10 9.0266E-10 9.3735E-10 9.7286E-10
