Assets/Resources/2015_m01_d26_1000(utc+0800)_l00_csi_1hr_conc.grd
DSAA
         159         159
     -79.000      79.000
     -79.000      79.000
  0.0000E+00  0.3937E-05
[rows 25 to 49 of 159, columns 57 to 113 of 159]
2.0839E-08 2.1005E-08 2.1114E-08 2.1164E-08 2.1156E-08 2.1090E-08 2.0965E-08 2.0780E-08 2.0538E-08 2.0244E-08 1.9896E-08 1.9502E-08 1.9066E-08 1.8593E-08 1.8089E-08 1.7559E-08 1.7009E-08 1.6446E-08 1.5876E-08 1.5305E-08 1.4735E-08 1.4160E-08 1.3584E-08 1.3048E-08 1.2540E-08 1.2044E-08 1.1561E-08 1.1093E-08 1.0638E-08 1.0198E-08 9.7723E-09 9.3576E-09 8.9519E-09 8.5634E-09 8.1864E-09 7.8299E-09 7.4739E-09 7.1382E-09 6.8203E-09 6.5178E-09 6.2233E-09 5.9296E-09 5.6441E-09 5.3734E-09 5.1109E-09 4.8656E-09 4.6403E-09 4.4228E-09 4.2127E-09 4.0109E-09 3.8192E-09 3.6356E-09 3.4594E-09 3.2930E-09 3.1332E-09 2.9798E-09 2.8328E-09
2.1648E-08 2.1824E-08 2.1939E-08 2.1993E-08 2.1984E-08 2.1911E-08 2.1776E-08 2.1576E-08 2.1316E-08 2.0997E-08 2.0624E-08 2.0199E-08 1.9730E-08 1.9221E-08 1.8679E-08 1.8112E-08 1.7523E-08 1.6924E-08 1.6318E-08 1.5709E-08 1.5107E-08 1.4506E-08 1.3901E-08 1.3324E-08 1.2790E-08 1.2275E-08 1.1774E-08 1.1291E-08 1.0820E-08 1.0366E-08 9.9238E-09 9.4997E-09 9.0782E-09 8.6813E-09 8.2918E-09 7.9241E-09 7.5671E-09 7.2209E-09 6.8969E-09 6.5864E-09 6.2880E-09 5.9919E-09 5.7019E-09 5.4273E-09 5.1617E-09 4.9137E-09 4.6855E-09 4.4655E-09 4.2530E-09 4.0494E-09 3.8550E-09 3.6692E-09 3.4909E-09 3.3221E-09 3.1609E-09 3.0056E-09 2.8566E-09
2.2470E-08 2.2657E-08 2.2779E-08 2.2835E-08 2.2823E-08 2.2743E-08 2.2596E-08 2.2382E-08 2.2101E-08 2.1757E-08 2.1355E-08 2.0897E-08 2.0392E-08 1.9848E-08 1.9269E-08 1.8662E-08 1.8036E-08 1.7396E-08 1.6750E-08 1.6106E-08 1.5469E-08 1.4842E-08 1.4212E-08 1.3595E-08 1.3033E-08 1.2493E-08 1.1977E-08 1.1474E-08 1.0993E-08 1.0521E-08 1.0065E-08 9.6277E-09 9.1989E-09 8.7837E-09 8.3924E-09 8.0068E-09 7.6496E-09 7.2910E-09 6.9619E-09 6.6466E-09 6.3448E-09 6.0463E-09 5.7537E-09 5.4754E-09 5.2068E-09 4.9565E-09 4.7258E-09 4.5036E-09 4.2891E-09 4.0837E-09 3.8869E-09 3.6991E-09 3.5191E-09 3.3481E-09 3.1854E-09 3.0286E-09 2.8778E-09
2.3313E-08 2.3514E-08 2.3645E-08 2.3703E-08 2.3690E-08 2.3604E-08 2.3446E-08 2.3215E-08 2.2912E-08 2.2543E-08 2.2109E-08 2.1620E-08 2.1080E-08 2.0496E-08 1.9874E-08 1.9223E-08 1.8555E-08 1.7874E-08 1.7189E-08 1.6506E-08 1.5832E-08 1.5170E-08 1.4511E-08 1.3868E-08 1.3265E-08 1.2705E-08 1.2164E-08 1.1646E-08 1.1146E-08 1.0664E-08 1.0196E-08 9.7407E-09 9.3070E-09 8.8789E-09 8.4760E-09 8.0816E-09 7.7189E-09 7.3592E-09 7.0195E-09 6.6978E-09 6.3929E-09 6.0922E-09 5.7981E-09 5.5163E-09 5.2459E-09 4.9937E-09 4.7610E-09 4.5369E-09 4.3208E-09 4.1135E-09 3.9146E-09 3.7251E-09 3.5436E-09 3.3708E-09 3.2067E-09 3.0486E-09 2.8963E-09
2.4151E-08 2.4367E-08 2.4506E-08 2.4569E-08 2.4554E-08 2.4460E-08 2.4289E-08 2.4039E-08 2.3713E-08 2.3316E-08 2.2852E-08 2.2328E-08 2.1748E-08 2.1122E-08 2.0457E-08 1.9766E-08 1.9053E-08 1.8328E-08 1.7600E-08 1.6878E-08 1.6167E-08 1.5474E-08 1.4791E-08 1.4123E-08 1.3477E-08 1.2896E-08 1.2337E-08 1.1799E-08 1.1284E-08 1.0790E-08 1.0312E-08 9.8448E-09 9.3973E-09 8.9647E-09 8.5476E-09 8.1503E-09 7.7739E-09 7.4141E-09 7.0650E-09 6.7432E-09 6.4326E-09 6.1299E-09 5.8348E-09 5.5508E-09 5.2787E-09 5.0252E-09 4.7907E-09 4.5652E-09 4.3474E-09 4.1386E-09 3.9382E-09 3.7469E-09 3.5643E-09 3.3901E-09 3.2247E-09 3.0655E-09 2.9119E-09
2.5005E-08 2.5236E-08 2.5386E-08 2.5454E-08 2.5438E-08 2.5338E-08 2.5155E-08 2.4889E-08 2.4541E-08 2.4116E-08 2.3619E-08 2.3055E-08 2.2435E-08 2.1765E-08 2.1057E-08 2.0318E-08 1.9558E-08 1.8787E-08 1.8017E-08 1.7249E-08 1.6501E-08 1.5770E-08 1.5060E-08 1.4364E-08 1.3691E-08 1.3077E-08 1.2499E-08 1.1942E-08 1.1409E-08 1.0900E-08 1.0411E-08 9.9395E-09 9.4724E-09 9.0392E-09 8.6064E-09 8.2038E-09 7.8189E-09 7.4555E-09 7.1035E-09 6.7761E-09 6.4634E-09 6.1596E-09 5.8637E-09 5.5787E-09 5.3067E-09 5.0507E-09 4.8150E-09 4.5881E-09 4.3690E-09 4.1590E-09 3.9572E-09 3.7647E-09 3.5810E-09 3.4058E-09 3.2393E-09 3.0793E-09 2.9246E-09
2.5851E-08 2.6099E-08 2.6260E-08 2.6333E-08 2.6316E-08 2.6210E-08 2.6014E-08 2.5729E-08 2.5357E-08 2.4902E-08 2.4371E-08 2.3770E-08 2.3108E-08 2.2394E-08 2.1639E-08 2.0849E-08 2.0041E-08 1.9225E-08 1.8407E-08 1.7600E-08 1.6807E-08 1.6043E-08 1.5299E-08 1.4582E-08 1.3891E-08 1.3236E-08 1.2638E-08 1.2066E-08 1.1516E-08 1.0993E-08 1.0495E-08 1.0014E-08 9.5414E-09 9.0923E-09 8.6608E-09 8.2421E-09 7.8567E-09 7.4877E-09 7.1329E-09 6.7993E-09 6.4853E-09 6.1799E-09 5.8843E-09 5.5994E-09 5.3265E-09 5.0701E-09 4.8335E-09 4.6054E-09 4.3853E-09 4.1744E-09 3.9718E-09 3.7783E-09 3.5938E-09 3.4177E-09 3.2505E-09 3.0898E-09 2.9344E-09
2.6733E-08 2.7001E-08 2.7177E-08 2.7257E-08 2.7243E-08 2.7130E-08 2.6922E-08 2.6619E-08 2.6223E-08 2.5738E-08 2.5171E-08 2.4493E-08 2.3787E-08 2.3026E-08 2.2219E-08 2.1382E-08 2.0525E-08 1.9657E-08 1.8791E-08 1.7940E-08 1.7108E-08 1.6304E-08 1.5527E-08 1.4781E-08 1.4067E-08 1.3379E-08 1.2762E-08 1.2173E-08 1.1610E-08 1.1069E-08 1.0558E-08 1.0072E-08 9.5995E-09 9.1311E-09 8.6997E-09 8.2697E-09 7.8815E-09 7.5034E-09 7.1535E-09 6.8135E-09 6.4971E-09 6.1914E-09 5.8962E-09 5.6128E-09 5.3380E-09 5.0833E-09 4.8459E-09 4.6170E-09 4.3963E-09 4.1848E-09 3.9816E-09 3.7875E-09 3.6025E-09 3.4259E-09 3.2581E-09 3.0970E-09 2.9411E-09
2.7579E-08 2.7868E-08 2.8058E-08 2.8148E-08 2.8135E-08 2.8018E-08 2.7799E-08 2.7478E-08 2.7058E-08 2.6542E-08 2.5938E-08 2.5254E-08 2.4501E-08 2.3687E-08 2.2795E-08 2.1906E-08 2.0997E-08 2.0076E-08 1.9164E-08 1.8265E-08 1.7389E-08 1.6549E-08 1.5737E-08 1.4958E-08 1.4218E-08 1.3517E-08 1.2866E-08 1.2262E-08 1.1684E-08 1.1131E-08 1.0607E-08 1.0111E-08 9.6335E-09 9.1622E-09 8.7175E-09 8.2891E-09 7.8912E-09 7.5130E-09 7.1591E-09 6.8174E-09 6.4994E-09 6.1943E-09 5.9000E-09 5.6185E-09 5.3444E-09 5.0899E-09 4.8521E-09 4.6229E-09 4.4019E-09 4.1902E-09 3.9868E-09 3.7923E-09 3.6071E-09 3.4303E-09 3.2622E-09 3.1009E-09 2.9448E-09
2.8444E-08 2.8758E-08 2.8967E-08 2.9068E-08 2.9060E-08 2.8941E-08 2.8711E-08 2.8374E-08 2.7929E-08 2.7383E-08 2.6740E-08 2.6014E-08 2.5210E-08 2.4305E-08 2.3392E-08 2.2443E-08 2.1472E-08 2.0477E-08 1.9515E-08 1.8569E-08 1.7652E-08 1.6768E-08 1.5923E-08 1.5112E-08 1.4349E-08 1.3626E-08 1.2950E-08 1.2329E-08 1.1739E-08 1.1177E-08 1.0638E-08 1.0132E-08 9.6490E-09 9.1804E-09 8.7227E-09 8.2959E-09 7.8879E-09 7.5115E-09 7.1519E-09 6.8105E-09 6.4897E-09 6.1888E-09 5.8958E-09 5.6156E-09 5.3439E-09 5.0899E-09 4.8522E-09 4.6229E-09 4.4021E-09 4.1905E-09 3.9872E-09 3.7927E-09 3.6076E-09 3.4308E-09 3.2626E-09 3.1014E-09 2.9453E-09
2.9263E-08 2.9603E-08 2.9831E-08 2.9946E-08 2.9943E-08 2.9822E-08 2.9623E-08 2.9269E-08 2.8802E-08 2.8224E-08 2.7505E-08 2.6734E-08 2.5879E-08 2.4960E-08 2.3985E-08 2.2974E-08 2.1915E-08 2.0888E-08 1.9847E-08 1.8852E-08 1.7892E-08 1.6968E-08 1.6088E-08 1.5248E-08 1.4453E-08 1.3709E-08 1.3007E-08 1.2375E-08 1.1771E-08 1.1201E-08 1.0655E-08 1.0137E-08 9.6475E-09 9.1770E-09 8.7133E-09 8.2861E-09 7.8745E-09 7.4941E-09 7.1338E-09 6.7934E-09 6.4730E-09 6.1745E-09 5.8836E-09 5.6051E-09 5.3362E-09 5.0832E-09 4.8460E-09 4.6171E-09 4.3968E-09 4.1857E-09 3.9827E-09 3.7887E-09 3.6040E-09 3.4275E-09 3.2595E-09 3.0985E-09 2.9428E-09
3.0060E-08 3.0465E-08 3.0720E-08 3.0851E-08 3.0859E-08 3.0742E-08 3.0497E-08 3.0129E-08 2.9639E-08 2.9031E-08 2.8314E-08 2.7494E-08 2.6590E-08 2.5611E-08 2.4578E-08 2.3468E-08 2.2381E-08 2.1290E-08 2.0184E-08 1.9138E-08 1.8110E-08 1.7145E-08 1.6230E-08 1.5359E-08 1.4535E-08 1.3769E-08 1.3052E-08 1.2395E-08 1.1785E-08 1.1203E-08 1.0652E-08 1.0123E-08 9.6283E-09 9.1561E-09 8.6940E-09 8.2589E-09 7.8447E-09 7.4628E-09 7.1063E-09 6.7660E-09 6.4475E-09 6.1508E-09 5.8635E-09 5.5857E-09 5.3204E-09 5.0699E-09 4.8336E-09 4.6055E-09 4.3861E-09 4.1759E-09 3.9735E-09 3.7802E-09 3.5962E-09 3.4203E-09 3.2527E-09 3.0923E-09 2.9342E-09
3.0870E-08 3.1273E-08 3.1551E-08 3.1704E-08 3.1724E-08 3.1611E-08 3.1405E-08 3.1025E-08 3.0515E-08 2.9878E-08 2.9121E-08 2.8256E-08 2.7299E-08 2.6220E-08 2.5129E-08 2.3995E-08 2.2840E-08 2.1682E-08 2.0514E-08 1.9409E-08 1.8324E-08 1.7300E-08 1.6348E-08 1.5448E-08 1.4595E-08 1.3806E-08 1.3064E-08 1.2392E-08 1.1770E-08 1.1184E-08 1.0626E-08 1.0093E-08 9.5914E-09 9.1177E-09 8.6577E-09 8.2121E-09 7.8039E-09 7.4197E-09 7.0674E-09 6.7290E-09 6.4131E-09 6.1186E-09 5.8341E-09 5.5604E-09 5.2976E-09 5.0501E-09 4.8150E-09 4.5882E-09 4.3701E-09 4.1608E-09 3.9595E-09 3.7673E-09 3.5842E-09 3.4092E-09 3.2423E-09 3.0798E-09 2.9255E-09
3.1613E-08 3.2051E-08 3.2403E-08 3.2582E-08 3.2620E-08 3.2518E-08 3.2271E-08 3.1881E-08 3.1350E-08 3.0685E-08 2.9890E-08 2.8982E-08 2.7970E-08 2.6878E-08 2.5720E-08 2.4520E-08 2.3298E-08 2.2036E-08 2.0835E-08 1.9666E-08 1.8521E-08 1.7429E-08 1.6441E-08 1.5510E-08 1.4631E-08 1.3815E-08 1.3059E-08 1.2362E-08 1.1732E-08 1.1139E-08 1.0579E-08 1.0046E-08 9.5344E-09 9.0633E-09 8.6015E-09 8.1566E-09 7.7487E-09 7.3666E-09 7.0117E-09 6.6828E-09 6.3702E-09 6.0784E-09 5.7977E-09 5.5277E-09 5.2679E-09 5.0239E-09 4.7905E-09 4.5651E-09 4.3487E-09 4.1409E-09 3.9408E-09 3.7500E-09 3.5683E-09 3.3943E-09 3.2285E-09 3.0670E-09 2.9137E-09
3.2366E-08 3.2847E-08 3.3196E-08 3.3400E-08 3.3459E-08 3.3368E-08 3.3169E-08 3.2775E-08 3.2230E-08 3.1537E-08 3.0708E-08 2.9751E-08 2.8689E-08 2.7536E-08 2.6315E-08 2.5000E-08 2.3710E-08 2.2417E-08 2.1145E-08 1.9878E-08 1.8706E-08 1.7575E-08 1.6506E-08 1.5547E-08 1.4642E-08 1.3803E-08 1.3029E-08 1.2312E-08 1.1669E-08 1.1072E-08 1.0508E-08 9.9763E-09 9.4659E-09 8.9867E-09 8.5305E-09 8.0915E-09 7.6819E-09 7.3003E-09 6.9512E-09 6.6261E-09 6.3187E-09 6.0306E-09 5.7535E-09 5.4870E-09 5.2326E-09 4.9913E-09 4.7599E-09 4.5366E-09 4.3222E-09 4.1160E-09 3.9176E-09 3.7286E-09 3.5482E-09 3.3757E-09 3.2110E-09 3.0509E-09 2.8976E-09
3.3039E-08 3.3566E-08 3.3955E-08 3.4240E-08 3.4329E-08 3.4256E-08 3.4019E-08 3.3621E-08 3.3061E-08 3.2344E-08 3.1482E-08 3.0484E-08 2.9370E-08 2.8156E-08 2.6869E-08 2.5531E-08 2.4164E-08 2.2798E-08 2.1449E-08 2.0112E-08 1.8876E-08 1.7682E-08 1.6546E-08 1.5555E-08 1.4635E-08 1.3768E-08 1.2969E-08 1.2243E-08 1.1586E-08 1.0981E-08 1.0416E-08 9.8848E-09 9.3828E-09 8.8939E-09 8.4437E-09 8.0132E-09 7.6023E-09 7.2240E-09 6.8807E-09 6.5613E-09 6.2594E-09 5.9750E-09 5.7021E-09 5.4395E-09 5.1912E-09 4.9526E-09 4.7235E-09 4.5027E-09 4.2904E-09 4.0864E-09 3.8899E-09 3.7029E-09 3.5243E-09 3.3534E-09 3.1901E-09 3.0316E-09 2.8798E-09
3.3668E-08 3.4292E-08 3.4731E-08 3.5013E-08 3.5129E-08 3.5078E-08 3.4900E-08 3.4508E-08 3.3940E-08 3.3208E-08 3.2315E-08 3.1278E-08 3.0109E-08 2.8837E-08 2.7481E-08 2.6067E-08 2.4625E-08 2.3127E-08 2.1711E-08 2.0338E-08 1.9035E-08 1.7779E-08 1.6644E-08 1.5536E-08 1.4594E-08 1.3711E-08 1.2893E-08 1.2146E-08 1.1481E-08 1.0867E-08 1.0303E-08 9.7724E-09 9.2733E-09 8.7916E-09 8.3411E-09 7.9121E-09 7.5107E-09 7.1407E-09 6.8015E-09 6.4874E-09 6.1923E-09 5.9110E-09 5.6440E-09 5.3884E-09 5.1435E-09 4.9079E-09 4.6815E-09 4.4634E-09 4.2539E-09 4.0520E-09 3.8579E-09 3.6732E-09 3.4966E-09 3.3275E-09 3.1660E-09 3.0091E-09 2.8561E-09
3.4296E-08 3.4932E-08 3.5421E-08 3.5747E-08 3.5951E-08 3.5935E-08 3.5736E-08 3.5349E-08 3.4781E-08 3.4030E-08 3.3112E-08 3.2030E-08 3.0813E-08 2.9479E-08 2.8052E-08 2.6564E-08 2.5041E-08 2.3516E-08 2.2014E-08 2.0567E-08 1.9144E-08 1.7864E-08 1.6647E-08 1.5486E-08 1.4522E-08 1.3621E-08 1.2792E-08 1.2032E-08 1.1352E-08 1.0736E-08 1.0167E-08 9.6390E-09 9.1443E-09 8.6756E-09 8.2223E-09 7.8052E-09 7.4108E-09 7.0474E-09 6.7148E-09 6.4024E-09 6.1161E-09 5.8428E-09 5.5822E-09 5.3308E-09 5.0896E-09 4.8574E-09 4.6341E-09 4.4191E-09 4.2124E-09 4.0130E-09 3.8218E-09 3.6395E-09 3.4651E-09 3.2980E-09 3.1357E-09 2.9807E-09 2.8325E-09
3.4819E-08 3.5529E-08 3.6135E-08 3.6530E-08 3.6746E-08 3.6769E-08 3.6595E-08 3.6272E-08 3.5702E-08 3.4935E-08 3.3973E-08 3.2860E-08 3.1596E-08 3.0199E-08 2.8701E-08 2.7131E-08 2.5525E-08 2.3912E-08 2.2326E-08 2.0740E-08 1.9293E-08 1.7936E-08 1.6659E-08 1.5506E-08 1.4417E-08 1.3510E-08 1.2662E-08 1.1897E-08 1.1202E-08 1.0586E-08 1.0010E-08 9.4886E-09 9.0025E-09 8.5407E-09 8.0968E-09 7.6857E-09 7.3001E-09 6.9427E-09 6.6166E-09 6.3135E-09 6.0342E-09 5.7698E-09 5.5140E-09 5.2669E-09 5.0299E-09 4.8013E-09 4.5816E-09 4.3700E-09 4.1663E-09 3.9698E-09 3.7815E-09 3.6021E-09 3.4300E-09 3.2652E-09 3.1051E-09 2.9509E-09 2.8048E-09
3.5352E-08 3.6145E-08 3.6779E-08 3.7242E-08 3.7507E-08 3.7633E-08 3.7503E-08 3.7160E-08 3.6596E-08 3.5824E-08 3.4852E-08 3.3696E-08 3.2343E-08 3.0885E-08 2.9315E-08 2.7663E-08 2.5970E-08 2.4265E-08 2.2592E-08 2.0976E-08 1.9440E-08 1.8013E-08 1.6659E-08 1.5476E-08 1.4290E-08 1.3367E-08 1.2516E-08 1.1738E-08 1.1037E-08 1.0414E-08 9.8387E-09 9.3228E-09 8.8416E-09 8.3899E-09 7.9593E-09 7.5532E-09 7.1755E-09 6.8296E-09 6.5162E-09 6.2204E-09 5.9480E-09 5.6888E-09 5.4380E-09 5.1972E-09 4.9645E-09 4.7400E-09 4.5241E-09 4.3162E-09 4.1158E-09 3.9224E-09 3.7374E-09 3.5610E-09 3.3914E-09 3.2292E-09 3.0715E-09 2.9197E-09 2.7758E-09
3.5788E-08 3.6668E-08 3.7397E-08 3.7996E-08 3.8359E-08 3.8508E-08 3.8429E-08 3.8111E-08 3.7558E-08 3.6771E-08 3.5768E-08 3.4551E-08 3.3154E-08 3.1621E-08 2.9943E-08 2.8210E-08 2.6422E-08 2.4628E-08 2.2858E-08 2.1150E-08 1.9535E-08 1.8035E-08 1.6665E-08 1.5418E-08 1.4242E-08 1.3197E-08 1.2342E-08 1.1558E-08 1.0852E-08 1.0223E-08 9.6622E-09 9.1398E-09 8.6677E-09 8.2263E-09 7.8078E-09 7.4123E-09 7.0477E-09 6.7129E-09 6.4087E-09 6.1236E-09 5.8567E-09 5.6031E-09 5.3578E-09 5.1219E-09 4.8938E-09 4.6737E-09 4.4620E-09 4.2580E-09 4.0610E-09 3.8711E-09 3.6898E-09 3.5163E-09 3.3497E-09 3.1901E-09 3.0349E-09 2.8828E-09 2.7413E-09
3.6148E-08 3.7199E-08 3.8045E-08 3.8709E-08 3.9168E-08 3.9391E-08 3.9374E-08 3.9096E-08 3.8557E-08 3.7764E-08 3.6721E-08 3.5457E-08 3.4011E-08 3.2390E-08 3.0624E-08 2.8766E-08 2.6890E-08 2.4994E-08 2.3127E-08 2.1324E-08 1.9628E-08 1.8055E-08 1.6614E-08 1.5322E-08 1.4146E-08 1.3003E-08 1.2139E-08 1.1362E-08 1.0652E-08 1.0023E-08 9.4686E-09 8.9443E-09 8.4836E-09 8.0529E-09 7.6496E-09 7.2668E-09 6.9130E-09 6.5849E-09 6.2940E-09 6.0203E-09 5.7593E-09 5.5117E-09 5.2720E-09 5.0415E-09 4.8182E-09 4.6028E-09 4.3955E-09 4.1955E-09 4.0022E-09 3.8163E-09 3.6387E-09 3.4684E-09 3.3046E-09 3.1452E-09 2.9928E-09 2.8451E-09 2.7059E-09
3.6461E-08 3.7647E-08 3.8643E-08 3.9453E-08 4.0036E-08 4.0374E-08 4.0435E-08 4.0208E-08 3.9679E-08 3.8867E-08 3.7787E-08 3.6470E-08 3.4927E-08 3.3196E-08 3.1350E-08 2.9383E-08 2.7370E-08 2.5375E-08 2.3402E-08 2.1510E-08 1.9718E-08 1.8066E-08 1.6564E-08 1.5211E-08 1.3995E-08 1.2907E-08 1.1918E-08 1.1139E-08 1.0439E-08 9.8132E-09 9.2512E-09 8.7454E-09 8.2833E-09 7.8665E-09 7.4762E-09 7.1087E-09 6.7660E-09 6.4577E-09 6.1751E-09 5.9082E-09 5.6548E-09 5.4136E-09 5.1813E-09 4.9562E-09 4.7378E-09 4.5275E-09 4.3249E-09 4.1291E-09 3.9398E-09 3.7580E-09 3.5842E-09 3.4171E-09 3.2566E-09 3.1004E-09 2.9497E-09 2.8064E-09 2.6698E-09
3.6649E-08 3.8034E-08 3.9265E-08 4.0257E-08 4.1008E-08 4.1476E-08 4.1639E-08 4.1470E-08 4.0963E-08 4.0129E-08 3.8994E-08 3.7579E-08 3.5930E-08 3.4105E-08 3.2134E-08 3.0042E-08 2.7900E-08 2.5762E-08 2.3695E-08 2.1695E-08 1.9818E-08 1.8077E-08 1.6502E-08 1.5096E-08 1.3855E-08 1.2710E-08 1.1680E-08 1.0903E-08 1.0209E-08 9.5903E-09 9.0314E-09 8.5369E-09 8.0811E-09 7.6780E-09 7.3012E-09 6.9520E-09 6.6204E-09 6.3238E-09 6.0503E-09 5.7922E-09 5.5469E-09 5.3121E-09 5.0859E-09 4.8663E-09 4.6533E-09 4.4483E-09 4.2505E-09 4.0589E-09 3.8739E-09 3.6965E-09 3.5267E-09 3.3630E-09 3.2059E-09 3.0530E-09 2.9056E-09 2.7624E-09 2.6271E-09
3.6788E-08 3.8387E-08 3.9898E-08 4.1171E-08 4.2150E-08 4.2806E-08 4.3099E-08 4.3005E-08 4.2511E-08 4.1634E-08 4.0404E-08 3.8876E-08 3.7090E-08 3.5122E-08 3.2988E-08 3.0751E-08 2.8492E-08 2.6196E-08 2.3993E-08 2.1899E-08 1.9918E-08 1.8096E-08 1.6439E-08 1.4977E-08 1.3695E-08 1.2533E-08 1.1505E-08 1.0653E-08 9.9688E-09 9.3546E-09 8.8074E-09 8.3110E-09 7.8746E-09 7.4809E-09 7.1216E-09 6.7868E-09 6.4674E-09 6.1821E-09 5.9189E-09 5.6707E-09 5.4327E-09 5.2063E-09 4.9862E-09 4.7723E-09 4.5651E-09 4.3655E-09 4.1724E-09 3.9854E-09 3.8050E-09 3.6322E-09 3.4662E-09 3.3061E-09 3.1499E-09 2.9990E-09 2.8550E-09 2.7180E-09 2.5855E-09
