Assets/Resources/2015_m01_d04_0400(utc+0800)_l00_csi_1hr_conc.grd
DSAA
         159         159
     -79.000      79.000
     -79.000      79.000
  0.4761E-11  0.4622E-04
[rows 25 to 49 of 159, columns 0 to 56 of 159]
1.0829E-11 1.2076E-11 1.3100E-11 1.3730E-11 1.4382E-11 1.4929E-11 1.5620E-11 1.6334E-11 1.6944E-11 1.7700E-11 1.8480E-11 1.9156E-11 1.9981E-11 2.0831E-11 2.1580E-11 2.2478E-11 2.3403E-11 2.4227E-11 2.5202E-11 2.6206E-11 2.7110E-11 2.8167E-11 2.9125E-11 3.0109E-11 3.1118E-11 3.2153E-11 3.3215E-11 3.4302E-11 3.5417E-11 3.6559E-11 3.7728E-11 3.8925E-11 4.0151E-11 4.1404E-11 4.2686E-11 4.3997E-11 4.5337E-11 4.6706E-11 4.8105E-11 4.9533E-11 5.0991E-11 5.2479E-11 5.3996E-11 5.5544E-11 5.7122E-11 5.8731E-11 6.0370E-11 6.2038E-11 6.3738E-11 6.5467E-11 6.7227E-11 6.9017E-11 7.0837E-11 7.2687E-11 7.4566E-11 7.6475E-11 7.8414E-11
1.1582E-11 1.2860E-11 1.3483E-11 1.4127E-11 1.4668E-11 1.5352E-11 1.6058E-11 1.6662E-11 1.7411E-11 1.8183E-11 1.8854E-11 1.9671E-11 2.0514E-11 2.1256E-11 2.2147E-11 2.3065E-11 2.3883E-11 2.4852E-11 2.5849E-11 2.6747E-11 2.7798E-11 2.8751E-11 2.9730E-11 3.0734E-11 3.1764E-11 3.2821E-11 3.3905E-11 3.5016E-11 3.6154E-11 3.7320E-11 3.8514E-11 3.9736E-11 4.0987E-11 4.2267E-11 4.3576E-11 4.4915E-11 4.6283E-11 4.7681E-11 4.9110E-11 5.0568E-11 5.2057E-11 5.3576E-11 5.5126E-11 5.6707E-11 5.8318E-11 5.9961E-11 6.1634E-11 6.3339E-11 6.5074E-11 6.6840E-11 6.8637E-11 7.0465E-11 7.2324E-11 7.4213E-11 7.6133E-11 7.8082E-11 8.0062E-11
1.2347E-11 1.3234E-11 1.3870E-11 1.4405E-11 1.5081E-11 1.5779E-11 1.6377E-11 1.7118E-11 1.7882E-11 1.8546E-11 1.9356E-11 2.0191E-11 2.0927E-11 2.1811E-11 2.2721E-11 2.3533E-11 2.4494E-11 2.5484E-11 2.6377E-11 2.7294E-11 2.8368E-11 2.9341E-11 3.0340E-11 3.1365E-11 3.2417E-11 3.3496E-11 3.4602E-11 3.5736E-11 3.6898E-11 3.8088E-11 3.9307E-11 4.0555E-11 4.1832E-11 4.3139E-11 4.4475E-11 4.5842E-11 4.7239E-11 4.8666E-11 5.0124E-11 5.1613E-11 5.3133E-11 5.4684E-11 5.6267E-11 5.7881E-11 5.9526E-11 6.1203E-11 6.2911E-11 6.4652E-11 6.6423E-11 6.8227E-11 7.0062E-11 7.1928E-11 7.3826E-11 7.5755E-11 7.7715E-11 7.9705E-11 8.1727E-11
1.2983E-11 1.3611E-11 1.4140E-11 1.4808E-11 1.5498E-11 1.6089E-11 1.6821E-11 1.7455E-11 1.8235E-11 1.9037E-11 1.9740E-11 2.0593E-11 2.1344E-11 2.2247E-11 2.3177E-11 2.4005E-11 2.4988E-11 2.5999E-11 2.6910E-11 2.7976E-11 2.8943E-11 2.9936E-11 3.0956E-11 3.2002E-11 3.3076E-11 3.4177E-11 3.5306E-11 3.6463E-11 3.7649E-11 3.8864E-11 4.0108E-11 4.1381E-11 4.2685E-11 4.4019E-11 4.5383E-11 4.6778E-11 4.8203E-11 4.9660E-11 5.1148E-11 5.2668E-11 5.4220E-11 5.5803E-11 5.7418E-11 5.9066E-11 6.0745E-11 6.2457E-11 6.4201E-11 6.5977E-11 6.7786E-11 6.9627E-11 7.1500E-11 7.3405E-11 7.5342E-11 7.7311E-11 7.9312E-11 8.1344E-11 8.3408E-11
1.3230E-11 1.3872E-11 1.4411E-11 1.5093E-11 1.5798E-11 1.6400E-11 1.7149E-11 1.7921E-11 1.8592E-11 1.9410E-11 2.0255E-11 2.0999E-11 2.1893E-11 2.2815E-11 2.3636E-11 2.4610E-11 2.5613E-11 2.6518E-11 2.7576E-11 2.8537E-11 2.9524E-11 3.0537E-11 3.1577E-11 3.2645E-11 3.3740E-11 3.4863E-11 3.6015E-11 3.7196E-11 3.8406E-11 3.9646E-11 4.0915E-11 4.2215E-11 4.3545E-11 4.4906E-11 4.6298E-11 4.7722E-11 4.9177E-11 5.0663E-11 5.2182E-11 5.3733E-11 5.5316E-11 5.6932E-11 5.8580E-11 6.0261E-11 6.1975E-11 6.3722E-11 6.5502E-11 6.7315E-11 6.9161E-11 7.1039E-11 7.2951E-11 7.4895E-11 7.6872E-11 7.8882E-11 8.0924E-11 8.2998E-11 8.5104E-11
1.3603E-11 1.4135E-11 1.4809E-11 1.5505E-11 1.6100E-11 1.6840E-11 1.7603E-11 1.8267E-11 1.9077E-11 1.9913E-11 2.0649E-11 2.1534E-11 2.2447E-11 2.3262E-11 2.4227E-11 2.5222E-11 2.6119E-11 2.7169E-11 2.8122E-11 2.9102E-11 3.0109E-11 3.1142E-11 3.2204E-11 3.3293E-11 3.4410E-11 3.5556E-11 3.6731E-11 3.7936E-11 3.9171E-11 4.0435E-11 4.1730E-11 4.3056E-11 4.4413E-11 4.5802E-11 4.7222E-11 4.8674E-11 5.0158E-11 5.1675E-11 5.3225E-11 5.4807E-11 5.6422E-11 5.8071E-11 5.9752E-11 6.1468E-11 6.3216E-11 6.4999E-11 6.6815E-11 6.8664E-11 7.0548E-11 7.2464E-11 7.4415E-11 7.6399E-11 7.8416E-11 8.0467E-11 8.2550E-11 8.4666E-11 8.6815E-11
1.3858E-11 1.4523E-11 1.5210E-11 1.5798E-11 1.6528E-11 1.7283E-11 1.7939E-11 1.8740E-11 1.9566E-11 2.0295E-11 2.1171E-11 2.2075E-11 2.2882E-11 2.3838E-11 2.4698E-11 2.5713E-11 2.6628E-11 2.7701E-11 2.8673E-11 2.9672E-11 3.0699E-11 3.1753E-11 3.2835E-11 3.3946E-11 3.5086E-11 3.6255E-11 3.7453E-11 3.8682E-11 3.9941E-11 4.1231E-11 4.2552E-11 4.3904E-11 4.5288E-11 4.6704E-11 4.8153E-11 4.9634E-11 5.1148E-11 5.2695E-11 5.4276E-11 5.5890E-11 5.7537E-11 5.9219E-11 6.0935E-11 6.2684E-11 6.4468E-11 6.6286E-11 6.8138E-11 7.0025E-11 7.1946E-11 7.3902E-11 7.5891E-11 7.7915E-11 7.9973E-11 8.2065E-11 8.4190E-11 8.6349E-11 8.8541E-11
1.4114E-11 1.4793E-11 1.5494E-11 1.6093E-11 1.6838E-11 1.7608E-11 1.8277E-11 1.9094E-11 1.9938E-11 2.0680E-11 2.1575E-11 2.2497E-11 2.3319E-11 2.4296E-11 2.5302E-11 2.6209E-11 2.7272E-11 2.8236E-11 2.9228E-11 3.0247E-11 3.1293E-11 3.2368E-11 3.3472E-11 3.4604E-11 3.5766E-11 3.6958E-11 3.8181E-11 3.9433E-11 4.0717E-11 4.2033E-11 4.3380E-11 4.4759E-11 4.6170E-11 4.7614E-11 4.9092E-11 5.0602E-11 5.2146E-11 5.3724E-11 5.5335E-11 5.6981E-11 5.8662E-11 6.0377E-11 6.2126E-11 6.3910E-11 6.5730E-11 6.7584E-11 6.9473E-11 7.1397E-11 7.3356E-11 7.5351E-11 7.7380E-11 7.9444E-11 8.1543E-11 8.3676E-11 8.5844E-11 8.8046E-11 9.0282E-11
1.4496E-11 1.5188E-11 1.5779E-11 1.6515E-11 1.7275E-11 1.7936E-11 1.8743E-11 1.9577E-11 2.0311E-11 2.1196E-11 2.2108E-11 2.2922E-11 2.3888E-11 2.4884E-11 2.5783E-11 2.6836E-11 2.7793E-11 2.8776E-11 2.9787E-11 3.0825E-11 3.1892E-11 3.2988E-11 3.4113E-11 3.5268E-11 3.6452E-11 3.7667E-11 3.8913E-11 4.0191E-11 4.1500E-11 4.2841E-11 4.4214E-11 4.5620E-11 4.7059E-11 4.8531E-11 5.0037E-11 5.1577E-11 5.3151E-11 5.4760E-11 5.6403E-11 5.8081E-11 5.9795E-11 6.1543E-11 6.3327E-11 6.5146E-11 6.7001E-11 6.8892E-11 7.0818E-11 7.2780E-11 7.4777E-11 7.6811E-11 7.8880E-11 8.0985E-11 8.3125E-11 8.5300E-11 8.7510E-11 8.9756E-11 9.2035E-11
1.4759E-11 1.5464E-11 1.6190E-11 1.6940E-11 1.7592E-11 1.8390E-11 1.9213E-11 1.9939E-11 2.0813E-11 2.1715E-11 2.2520E-11 2.3476E-11 2.4462E-11 2.5352E-11 2.6395E-11 2.7343E-11 2.8317E-11 2.9319E-11 3.0350E-11 3.1408E-11 3.2496E-11 3.3612E-11 3.4759E-11 3.5936E-11 3.7143E-11 3.8382E-11 3.9651E-11 4.0953E-11 4.2287E-11 4.3654E-11 4.5054E-11 4.6487E-11 4.7954E-11 4.9455E-11 5.0990E-11 5.2559E-11 5.4164E-11 5.5804E-11 5.7479E-11 5.9189E-11 6.0936E-11 6.2718E-11 6.4536E-11 6.6391E-11 6.8282E-11 7.0209E-11 7.2172E-11 7.4172E-11 7.6209E-11 7.8282E-11 8.0391E-11 8.2537E-11 8.4718E-11 8.6936E-11 8.9189E-11 9.1478E-11 9.3802E-11
1.5148E-11 1.5742E-11 1.6482E-11 1.7247E-11 1.7911E-11 1.8724E-11 1.9564E-11 2.0304E-11 2.1195E-11 2.2115E-11 2.2935E-11 2.3911E-11 2.4916E-11 2.5823E-11 2.6887E-11 2.7852E-11 2.8845E-11 2.9866E-11 3.0916E-11 3.1995E-11 3.3103E-11 3.4241E-11 3.5409E-11 3.6608E-11 3.7838E-11 3.9100E-11 4.0395E-11 4.1721E-11 4.3081E-11 4.4473E-11 4.5900E-11 4.7360E-11 4.8855E-11 5.0384E-11 5.1949E-11 5.3548E-11 5.5183E-11 5.6854E-11 5.8562E-11 6.0305E-11 6.2085E-11 6.3901E-11 6.5754E-11 6.7644E-11 6.9571E-11 7.1535E-11 7.3536E-11 7.5575E-11 7.7650E-11 7.9763E-11 8.1913E-11 8.4099E-11 8.6323E-11 8.8583E-11 9.0880E-11 9.3213E-11 9.5582E-11
1.5417E-11 1.6146E-11 1.6900E-11 1.7556E-11 1.8358E-11 1.9187E-11 1.9917E-11 2.0798E-11 2.1706E-11 2.2517E-11 2.3481E-11 2.4476E-11 2.5373E-11 2.6425E-11 2.7381E-11 2.8365E-11 2.9377E-11 3.0417E-11 3.1486E-11 3.2585E-11 3.3714E-11 3.4873E-11 3.6063E-11 3.7285E-11 3.8538E-11 3.9824E-11 4.1142E-11 4.2494E-11 4.3879E-11 4.5298E-11 4.6751E-11 4.8239E-11 4.9762E-11 5.1320E-11 5.2914E-11 5.4544E-11 5.6210E-11 5.7912E-11 5.9651E-11 6.1428E-11 6.3241E-11 6.5092E-11 6.6980E-11 6.8906E-11 7.0869E-11 7.2870E-11 7.4909E-11 7.6987E-11 7.9102E-11 8.1254E-11 8.3445E-11 8.5673E-11 8.7938E-11 9.0241E-11 9.2582E-11 9.4959E-11 9.7373E-11
1.5686E-11 1.6430E-11 1.7199E-11 1.7990E-11 1.8808E-11 1.9528E-11 2.0397E-11 2.1295E-11 2.2096E-11 2.3048E-11 2.4031E-11 2.4918E-11 2.5959E-11 2.6905E-11 2.7879E-11 2.8881E-11 2.9911E-11 3.0970E-11 3.2059E-11 3.3179E-11 3.4328E-11 3.5509E-11 3.6721E-11 3.7965E-11 3.9242E-11 4.0552E-11 4.1894E-11 4.3271E-11 4.4682E-11 4.6127E-11 4.7607E-11 4.9123E-11 5.0674E-11 5.2261E-11 5.3885E-11 5.5545E-11 5.7242E-11 5.8976E-11 6.0748E-11 6.2557E-11 6.4404E-11 6.6290E-11 6.8213E-11 7.0175E-11 7.2175E-11 7.4214E-11 7.6291E-11 7.8407E-11 8.0561E-11 8.2754E-11 8.4986E-11 8.7256E-11 8.9564E-11 9.1910E-11 9.4294E-11 9.6716E-11 9.9175E-11
1.6083E-11 1.6841E-11 1.7498E-11 1.8305E-11 1.9138E-11 1.9872E-11 2.0757E-11 2.1672E-11 2.2488E-11 2.3458E-11 2.4460E-11 2.5363E-11 2.6425E-11 2.7388E-11 2.8379E-11 2.9399E-11 3.0448E-11 3.1527E-11 3.2636E-11 3.3775E-11 3.4946E-11 3.6148E-11 3.7383E-11 3.8650E-11 3.9950E-11 4.1283E-11 4.2651E-11 4.4053E-11 4.5489E-11 4.6961E-11 4.8468E-11 5.0012E-11 5.1591E-11 5.3208E-11 5.4861E-11 5.6552E-11 5.8280E-11 6.0046E-11 6.1851E-11 6.3693E-11 6.5575E-11 6.7495E-11 6.9454E-11 7.1451E-11 7.3489E-11 7.5565E-11 7.7681E-11 7.9836E-11 8.2030E-11 8.4263E-11 8.6536E-11 8.8848E-11 9.1199E-11 9.3589E-11 9.6017E-11 9.8484E-11 1.0099E-10
1.6482E-11 1.7130E-11 1.7925E-11 1.8746E-11 1.9470E-11 2.0343E-11 2.1246E-11 2.2051E-11 2.3009E-11 2.3998E-11 2.4891E-11 2.5940E-11 2.6892E-11 2.7873E-11 2.8882E-11 2.9920E-11 3.0988E-11 3.2086E-11 3.3215E-11 3.4375E-11 3.5567E-11 3.6791E-11 3.8048E-11 3.9338E-11 4.0661E-11 4.2019E-11 4.3411E-11 4.4838E-11 4.6301E-11 4.7799E-11 4.9334E-11 5.0905E-11 5.2514E-11 5.4159E-11 5.5843E-11 5.7564E-11 5.9324E-11 6.1122E-11 6.2959E-11 6.4836E-11 6.6751E-11 6.8706E-11 7.0701E-11 7.2735E-11 7.4809E-11 7.6923E-11 7.9078E-11 8.1272E-11 8.3506E-11 8.5781E-11 8.8095E-11 9.0449E-11 9.2843E-11 9.5276E-11 9.7749E-11 1.0026E-10 1.0281E-10
1.6762E-11 1.7421E-11 1.8230E-11 1.9067E-11 1.9928E-11 2.0693E-11 2.1612E-11 2.2558E-11 2.3534E-11 2.4415E-11 2.5451E-11 2.6392E-11 2.7362E-11 2.8360E-11 2.9387E-11 3.0444E-11 3.1531E-11 3.2648E-11 3.3797E-11 3.4978E-11 3.6191E-11 3.7437E-11 3.8716E-11 4.0029E-11 4.1376E-11 4.2758E-11 4.4175E-11 4.5628E-11 4.7116E-11 4.8642E-11 5.0204E-11 5.1803E-11 5.3440E-11 5.5116E-11 5.6829E-11 5.8581E-11 6.0373E-11 6.2203E-11 6.4073E-11 6.5983E-11 6.7933E-11 6.9923E-11 7.1954E-11 7.4025E-11 7.6136E-11 7.8289E-11 8.0482E-11 8.2716E-11 8.4990E-11 8.7306E-11 8.9662E-11 9.2058E-11 9.4495E-11 9.6973E-11 9.9490E-11 1.0205E-10 1.0464E-10
1.7042E-11 1.7839E-11 1.8663E-11 1.9388E-11 2.0265E-11 2.1171E-11 2.1980E-11 2.2943E-11 2.3937E-11 2.4834E-11 2.5889E-11 2.6847E-11 2.7833E-11 2.8849E-11 2.9894E-11 3.0969E-11 3.2075E-11 3.3213E-11 3.4382E-11 3.5583E-11 3.6818E-11 3.8085E-11 3.9387E-11 4.0723E-11 4.2094E-11 4.3500E-11 4.4942E-11 4.6420E-11 4.7935E-11 4.9488E-11 5.1077E-11 5.2705E-11 5.4371E-11 5.6076E-11 5.7820E-11 5.9603E-11 6.1426E-11 6.3289E-11 6.5193E-11 6.7136E-11 6.9121E-11 7.1146E-11 7.3213E-11 7.5321E-11 7.7470E-11 7.9660E-11 8.1892E-11 8.4166E-11 8.6481E-11 8.8838E-11 9.1236E-11 9.3675E-11 9.6156E-11 9.8677E-11 1.0124E-10 1.0384E-10 1.0649E-10
1.7447E-11 1.8258E-11 1.8973E-11 1.9837E-11 2.0730E-11 2.1527E-11 2.2476E-11 2.3457E-11 2.4342E-11 2.5383E-11 2.6329E-11 2.7303E-11 2.8307E-11 2.9340E-11 3.0403E-11 3.1497E-11 3.2622E-11 3.3779E-11 3.4968E-11 3.6191E-11 3.7446E-11 3.8736E-11 4.0060E-11 4.1420E-11 4.2814E-11 4.4245E-11 4.5712E-11 4.7216E-11 4.8758E-11 5.0337E-11 5.1954E-11 5.3611E-11 5.5306E-11 5.7040E-11 5.8815E-11 6.0629E-11 6.2484E-11 6.4380E-11 6.6316E-11 6.8294E-11 7.0313E-11 7.2374E-11 7.4477E-11 7.6622E-11 7.8809E-11 8.1038E-11 8.3309E-11 8.5622E-11 8.7978E-11 9.0376E-11 9.2816E-11 9.5299E-11 9.7823E-11 1.0039E-10 1.0300E-10 1.0564E-10 1.0833E-10
1.7732E-11 1.8558E-11 1.9284E-11 2.0164E-11 2.1073E-11 2.1883E-11 2.2850E-11 2.3848E-11 2.4748E-11 2.5808E-11 2.6770E-11 2.7761E-11 2.8782E-11 2.9832E-11 3.0914E-11 3.2026E-11 3.3171E-11 3.4347E-11 3.5557E-11 3.6800E-11 3.8078E-11 3.9389E-11 4.0736E-11 4.2119E-11 4.3537E-11 4.4993E-11 4.6485E-11 4.8015E-11 4.9583E-11 5.1189E-11 5.2835E-11 5.4519E-11 5.6244E-11 5.8008E-11 5.9813E-11 6.1659E-11 6.3546E-11 6.5474E-11 6.7444E-11 6.9456E-11 7.1510E-11 7.3607E-11 7.5746E-11 7.7928E-11 8.0153E-11 8.2420E-11 8.4731E-11 8.7084E-11 8.9481E-11 9.1921E-11 9.4403E-11 9.6929E-11 9.9497E-11 1.0211E-10 1.0476E-10 1.0745E-10 1.1019E-10
1.8142E-11 1.8857E-11 1.9723E-11 2.0618E-11 2.1416E-11 2.2369E-11 2.3353E-11 2.4240E-11 2.5286E-11 2.6235E-11 2.7213E-11 2.8220E-11 2.9258E-11 3.0326E-11 3.1426E-11 3.2557E-11 3.3721E-11 3.4917E-11 3.6148E-11 3.7412E-11 3.8711E-11 4.0045E-11 4.1414E-11 4.2820E-11 4.4263E-11 4.5743E-11 4.7260E-11 4.8816E-11 5.0411E-11 5.2044E-11 5.3718E-11 5.5431E-11 5.7185E-11 5.8979E-11 6.0815E-11 6.2692E-11 6.4611E-11 6.6572E-11 6.8576E-11 7.0622E-11 7.2711E-11 7.4843E-11 7.7019E-11 7.9238E-11 8.1501E-11 8.3807E-11 8.6157E-11 8.8551E-11 9.0989E-11 9.3470E-11 9.5995E-11 9.8564E-11 1.0118E-10 1.0383E-10 1.0653E-10 1.0927E-10 1.1205E-10
1.8431E-11 1.9158E-11 2.0039E-11 2.0949E-11 2.1887E-11 2.2856E-11 2.3731E-11 2.4761E-11 2.5697E-11 2.6662E-11 2.7656E-11 2.8681E-11 2.9736E-11 3.0821E-11 3.1939E-11 3.3089E-11 3.4272E-11 3.5489E-11 3.6740E-11 3.8025E-11 3.9345E-11 4.0702E-11 4.2094E-11 4.3523E-11 4.4990E-11 4.6495E-11 4.8038E-11 4.9620E-11 5.1241E-11 5.2902E-11 5.4603E-11 5.6345E-11 5.8128E-11 5.9953E-11 6.1819E-11 6.3728E-11 6.5679E-11 6.7673E-11 6.9710E-11 7.1791E-11 7.3915E-11 7.6084E-11 7.8296E-11 8.0552E-11 8.2853E-11 8.5198E-11 8.7588E-11 9.0023E-11 9.2501E-11 9.5025E-11 9.7592E-11 1.0020E-10 1.0286E-10 1.0556E-10 1.0830E-10 1.1109E-10 1.1392E-10
1.8720E-11 1.9586E-11 2.0482E-11 2.1281E-11 2.2235E-11 2.3221E-11 2.4110E-11 2.5158E-11 2.6110E-11 2.7090E-11 2.8101E-11 2.9142E-11 3.0214E-11 3.1318E-11 3.2454E-11 3.3623E-11 3.4825E-11 3.6062E-11 3.7333E-11 3.8639E-11 3.9981E-11 4.1360E-11 4.2775E-11 4.4228E-11 4.5719E-11 4.7248E-11 4.8817E-11 5.0425E-11 5.2073E-11 5.3761E-11 5.5490E-11 5.7261E-11 5.9074E-11 6.0929E-11 6.2826E-11 6.4766E-11 6.6750E-11 6.8777E-11 7.0848E-11 7.2963E-11 7.5123E-11 7.7327E-11 7.9576E-11 8.1870E-11 8.4209E-11 8.6593E-11 8.9023E-11 9.1498E-11 9.4018E-11 9.6583E-11 9.9193E-11 1.0185E-10 1.0455E-10 1.0729E-10 1.1008E-10 1.1292E-10 1.1580E-10
1.9135E-11 2.0016E-11 2.0802E-11 2.1740E-11 2.2711E-11 2.3586E-11 2.4619E-11 2.5556E-11 2.6523E-11 2.7519E-11 2.8546E-11 2.9604E-11 3.0693E-11 3.1815E-11 3.2969E-11 3.4157E-11 3.5379E-11 3.6635E-11 3.7927E-11 3.9255E-11 4.0618E-11 4.2019E-11 4.3458E-11 4.4934E-11 4.6449E-11 4.8003E-11 4.9597E-11 5.1231E-11 5.2906E-11 5.4622E-11 5.6380E-11 5.8179E-11 6.0021E-11 6.1906E-11 6.3835E-11 6.5807E-11 6.7823E-11 6.9883E-11 7.1988E-11 7.4137E-11 7.6332E-11 7.8573E-11 8.0859E-11 8.3190E-11 8.5567E-11 8.7991E-11 9.0460E-11 9.2976E-11 9.5537E-11 9.8145E-11 1.0080E-10 1.0350E-10 1.0624E-10 1.0903E-10 1.1187E-10 1.1475E-10 1.1767E-10
1.9428E-11 2.0323E-11 2.1121E-11 2.2076E-11 2.3063E-11 2.3952E-11 2.5002E-11 2.5954E-11 2.6936E-11 2.7949E-11 2.8992E-11 3.0066E-11 3.1173E-11 3.2312E-11 3.3485E-11 3.4692E-11 3.5933E-11 3.7210E-11 3.8522E-11 3.9871E-11 4.1256E-11 4.2680E-11 4.4141E-11 4.5641E-11 4.7180E-11 4.8759E-11 5.0379E-11 5.2039E-11 5.3741E-11 5.5484E-11 5.7270E-11 5.9099E-11 6.0970E-11 6.2886E-11 6.4845E-11 6.6848E-11 6.8897E-11 7.0990E-11 7.3129E-11 7.5314E-11 7.7544E-11 7.9820E-11 8.2143E-11 8.4512E-11 8.6928E-11 8.9391E-11 9.1900E-11 9.4456E-11 9.7059E-11 9.9709E-11 1.0241E-10 1.0515E-10 1.0794E-10 1.1077E-10 1.1365E-10 1.1658E-10 1.1955E-10
1.9846E-11 2.0631E-11 2.1569E-11 2.2539E-11 2.3415E-11 2.4448E-11 2.5386E-11 2.6353E-11 2.7350E-11 2.8378E-11 2.9438E-11 3.0529E-11 3.1653E-11 3.2810E-11 3.4001E-11 3.5227E-11 3.6488E-11 3.7784E-11 3.9117E-11 4.0487E-11 4.1895E-11 4.3340E-11 4.4825E-11 4.6349E-11 4.7912E-11 4.9516E-11 5.1161E-11 5.2848E-11 5.4576E-11 5.6347E-11 5.8161E-11 6.0019E-11 6.1920E-11 6.3866E-11 6.5856E-11 6.7892E-11 6.9972E-11 7.2099E-11 7.4272E-11 7.6491E-11 7.8757E-11 8.1070E-11 8.3429E-11 8.5836E-11 8.8290E-11 9.0792E-11 9.3342E-11 9.5938E-11 9.8583E-11 1.0127E-10 1.0401E-10 1.0680E-10 1.0963E-10 1.1252E-10 1.1544E-10 1.1842E-10 1.2144E-10
