Assets/Resources/2015_m01_d26_0800(utc+0800)_l00_csi_1hr_conc.grd
DSAA
         159         159
     -79.000      79.000
     -79.000      79.000
  0.0000E+00  0.1029E-04
[rows 50 to 74 of 159, columns 0 to 56 of 159]
5.8664E-10 6.1689E-10 6.4841E-10 6.8119E-10 7.1526E-10 7.5357E-10 8.0858E-10 8.5805E-10 9.1057E-10 9.7618E-10 1.0354E-09 1.0983E-09 1.1751E-09 1.2452E-09 1.3380E-09 1.4106E-09 1.4977E-09 1.5877E-09 1.6746E-09 1.7779E-09 1.8846E-09 1.9896E-09 2.0992E-09 2.2166E-09 2.3374E-09 2.4883E-09 2.6492E-09 2.8081E-09 3.0022E-09 3.2133E-09 3.4364E-09 3.6762E-09 3.9483E-09 4.2237E-09 4.5199E-09 4.8347E-09 5.1834E-09 5.5592E-09 5.9740E-09 6.4083E-09 6.9009E-09 7.4290E-09 8.0091E-09 8.6648E-09 9.3477E-09 1.0116E-08 1.0934E-08 1.1827E-08 1.2797E-08 1.3846E-08 1.4983E-08 1.6208E-08 1.7526E-08 1.8940E-08 2.0451E-08 2.2048E-08 2.3730E-08
5.8282E-10 6.1280E-10 6.4399E-10 6.7647E-10 7.1030E-10 7.4822E-10 8.0215E-10 8.4194E-10 9.0262E-10 9.6730E-10 1.0158E-09 1.0882E-09 1.1645E-09 1.2331E-09 1.3159E-09 1.3968E-09 1.4827E-09 1.5715E-09 1.6579E-09 1.7599E-09 1.8553E-09 1.9701E-09 2.0787E-09 2.1949E-09 2.3145E-09 2.4622E-09 2.6127E-09 2.7775E-09 2.9684E-09 3.1749E-09 3.3844E-09 3.6315E-09 3.9003E-09 4.1712E-09 4.4634E-09 4.7744E-09 5.1091E-09 5.4753E-09 5.8907E-09 6.3183E-09 6.7994E-09 7.3195E-09 7.8911E-09 8.5364E-09 9.2124E-09 9.9752E-09 1.0789E-08 1.1680E-08 1.2653E-08 1.3708E-08 1.4856E-08 1.6100E-08 1.7439E-08 1.8891E-08 2.0443E-08 2.2089E-08 2.3838E-08
5.7825E-10 6.0791E-10 6.3883E-10 6.7102E-10 7.0450E-10 7.4194E-10 7.8666E-10 8.3421E-10 8.9374E-10 9.5407E-10 1.0053E-09 1.0768E-09 1.1488E-09 1.2191E-09 1.3019E-09 1.3815E-09 1.4653E-09 1.5436E-09 1.6390E-09 1.7397E-09 1.8342E-09 1.9478E-09 2.0552E-09 2.1704E-09 2.2891E-09 2.4266E-09 2.5750E-09 2.7430E-09 2.9303E-09 3.1318E-09 3.3390E-09 3.5817E-09 3.8447E-09 4.1108E-09 4.3991E-09 4.7034E-09 5.0317E-09 5.3886E-09 5.7788E-09 6.2131E-09 6.6834E-09 7.1908E-09 7.7499E-09 8.3830E-09 9.0492E-09 9.7994E-09 1.0607E-08 1.1491E-08 1.2461E-08 1.3513E-08 1.4667E-08 1.5920E-08 1.7277E-08 1.8756E-08 2.0340E-08 2.2032E-08 2.3841E-08
5.7300E-10 6.0235E-10 6.3289E-10 6.6471E-10 6.9784E-10 7.3484E-10 7.7096E-10 8.2558E-10 8.8393E-10 9.3716E-10 9.9377E-10 1.0640E-09 1.1284E-09 1.1970E-09 1.2862E-09 1.3644E-09 1.4459E-09 1.5244E-09 1.6183E-09 1.7170E-09 1.8106E-09 1.9233E-09 2.0295E-09 2.1436E-09 2.2609E-09 2.3909E-09 2.5406E-09 2.7065E-09 2.8874E-09 3.0695E-09 3.2894E-09 3.5257E-09 3.7828E-09 4.0441E-09 4.3261E-09 4.6240E-09 4.9465E-09 5.2951E-09 5.6721E-09 6.0743E-09 6.5515E-09 7.0436E-09 7.5893E-09 8.2059E-09 8.8563E-09 9.5912E-09 1.0386E-08 1.1256E-08 1.2219E-08 1.3261E-08 1.4414E-08 1.5667E-08 1.7035E-08 1.8529E-08 2.0139E-08 2.1868E-08 2.3727E-08
5.6703E-10 5.9599E-10 6.2618E-10 6.5765E-10 6.9042E-10 7.2455E-10 7.6269E-10 8.1615E-10 8.7327E-10 9.1678E-10 9.8129E-10 1.0502E-09 1.1137E-09 1.1812E-09 1.2691E-09 1.3455E-09 1.4249E-09 1.5034E-09 1.5957E-09 1.6922E-09 1.7855E-09 1.8968E-09 2.0014E-09 2.1142E-09 2.2303E-09 2.3588E-09 2.5051E-09 2.6641E-09 2.8287E-09 3.0215E-09 3.2353E-09 3.4646E-09 3.7066E-09 3.9704E-09 4.2461E-09 4.5380E-09 4.8509E-09 5.1912E-09 5.5601E-09 5.9508E-09 6.3738E-09 6.8838E-09 7.4058E-09 8.0037E-09 8.6381E-09 9.3531E-09 1.0127E-08 1.0979E-08 1.1926E-08 1.2951E-08 1.4093E-08 1.5339E-08 1.6706E-08 1.8205E-08 1.9833E-08 2.1586E-08 2.3486E-08
5.6036E-10 5.8896E-10 6.1876E-10 6.4983E-10 6.8225E-10 7.1603E-10 7.5366E-10 8.0588E-10 8.5380E-10 9.0477E-10 9.6795E-10 1.0354E-09 1.0881E-09 1.1645E-09 1.2508E-09 1.3239E-09 1.3959E-09 1.4811E-09 1.5716E-09 1.6656E-09 1.7588E-09 1.8683E-09 1.9712E-09 2.0828E-09 2.1975E-09 2.3239E-09 2.4552E-09 2.6102E-09 2.7823E-09 2.9692E-09 3.1775E-09 3.3994E-09 3.6255E-09 3.8918E-09 4.1611E-09 4.4433E-09 4.7480E-09 5.0803E-09 5.4364E-09 5.8155E-09 6.2275E-09 6.6729E-09 7.2107E-09 7.7825E-09 8.3960E-09 9.0859E-09 9.8371E-09 1.0666E-08 1.1588E-08 1.2590E-08 1.3711E-08 1.4941E-08 1.6293E-08 1.7789E-08 1.9418E-08 2.1184E-08 2.3110E-08
5.5304E-10 5.8123E-10 6.1067E-10 6.4138E-10 6.7338E-10 7.0674E-10 7.4384E-10 7.9485E-10 8.3426E-10 8.9199E-10 9.5379E-10 1.0110E-09 1.0719E-09 1.1468E-09 1.2304E-09 1.2956E-09 1.3740E-09 1.4575E-09 1.5451E-09 1.6297E-09 1.7305E-09 1.8377E-09 1.9390E-09 2.0495E-09 2.1623E-09 2.2866E-09 2.4163E-09 2.5650E-09 2.7327E-09 2.9148E-09 3.1144E-09 3.3155E-09 3.5506E-09 3.8092E-09 4.0677E-09 4.3428E-09 4.6397E-09 4.9593E-09 5.3043E-09 5.6724E-09 6.0685E-09 6.4968E-09 6.9649E-09 7.5363E-09 8.1320E-09 8.7982E-09 9.5212E-09 1.0318E-08 1.1211E-08 1.2182E-08 1.3273E-08 1.4478E-08 1.5801E-08 1.7281E-08 1.8895E-08 2.0659E-08 2.2594E-08
5.4512E-10 5.7294E-10 6.0195E-10 6.3221E-10 6.6381E-10 6.9677E-10 7.3335E-10 7.7634E-10 8.2209E-10 8.7851E-10 9.3895E-10 9.9513E-10 1.0550E-09 1.1283E-09 1.1967E-09 1.2742E-09 1.3510E-09 1.4322E-09 1.5172E-09 1.6019E-09 1.7008E-09 1.8049E-09 1.9054E-09 2.0140E-09 2.1250E-09 2.2474E-09 2.3742E-09 2.5189E-09 2.6796E-09 2.8437E-09 3.0376E-09 3.2452E-09 3.4726E-09 3.7194E-09 3.9711E-09 4.2381E-09 4.5235E-09 4.8325E-09 5.1648E-09 5.5184E-09 5.8999E-09 6.3128E-09 6.7608E-09 7.2565E-09 7.8279E-09 8.4892E-09 9.1813E-09 9.9469E-09 1.0803E-08 1.1734E-08 1.2787E-08 1.3953E-08 1.5240E-08 1.6686E-08 1.8271E-08 2.0014E-08 2.1939E-08
5.3664E-10 5.6400E-10 5.9259E-10 6.2244E-10 6.5363E-10 6.8619E-10 7.2021E-10 7.5796E-10 8.0935E-10 8.6444E-10 9.1575E-10 9.7041E-10 1.0374E-09 1.1090E-09 1.1762E-09 1.2518E-09 1.3263E-09 1.4045E-09 1.4823E-09 1.5730E-09 1.6697E-09 1.7703E-09 1.8703E-09 1.9768E-09 2.0859E-09 2.2055E-09 2.3300E-09 2.4620E-09 2.6125E-09 2.7841E-09 2.9715E-09 3.1722E-09 3.3893E-09 3.6266E-09 3.8708E-09 4.1278E-09 4.4036E-09 4.6993E-09 5.0182E-09 5.3585E-09 5.7249E-09 6.1178E-09 6.5472E-09 7.0225E-09 7.5336E-09 8.1284E-09 8.8218E-09 9.5552E-09 1.0371E-08 1.1257E-08 1.2265E-08 1.3380E-08 1.4620E-08 1.6017E-08 1.7556E-08 1.9258E-08 2.1154E-08
5.2758E-10 5.5453E-10 5.8270E-10 6.1214E-10 6.4292E-10 6.7510E-10 7.0873E-10 7.4595E-10 7.9607E-10 8.4288E-10 8.9272E-10 9.5369E-10 1.0190E-09 1.0861E-09 1.1456E-09 1.2285E-09 1.2993E-09 1.3712E-09 1.4542E-09 1.5428E-09 1.6357E-09 1.7265E-09 1.8337E-09 1.9380E-09 2.0449E-09 2.1618E-09 2.2837E-09 2.4126E-09 2.5536E-09 2.7146E-09 2.9023E-09 3.0938E-09 3.2911E-09 3.5183E-09 3.7655E-09 4.0135E-09 4.2773E-09 4.5614E-09 4.8679E-09 5.1933E-09 5.5416E-09 5.9155E-09 6.3267E-09 6.7786E-09 7.2645E-09 7.8058E-09 8.4158E-09 9.1338E-09 9.9170E-09 1.0761E-08 1.1717E-08 1.2773E-08 1.3955E-08 1.5289E-08 1.6767E-08 1.8408E-08 2.0252E-08
5.1807E-10 5.4459E-10 5.7235E-10 6.0140E-10 6.3178E-10 6.6356E-10 6.9679E-10 7.3346E-10 7.7614E-10 8.2155E-10 8.7695E-10 9.3636E-10 1.0000E-09 1.0600E-09 1.1239E-09 1.1982E-09 1.2682E-09 1.3442E-09 1.4252E-09 1.5102E-09 1.5932E-09 1.6911E-09 1.7957E-09 1.8971E-09 2.0023E-09 2.1163E-09 2.2354E-09 2.3612E-09 2.4968E-09 2.6446E-09 2.8153E-09 3.0067E-09 3.2047E-09 3.4218E-09 3.6601E-09 3.8953E-09 4.1494E-09 4.4219E-09 4.7140E-09 5.0231E-09 5.3544E-09 5.7114E-09 6.0983E-09 6.5290E-09 6.9897E-09 7.5023E-09 8.0631E-09 8.6843E-09 9.4432E-09 1.0241E-08 1.1152E-08 1.2145E-08 1.3258E-08 1.4518E-08 1.5920E-08 1.7483E-08 1.9256E-08
5.0816E-10 5.3428E-10 5.6164E-10 5.9028E-10 6.2026E-10 6.5161E-10 6.8441E-10 7.1869E-10 7.5649E-10 8.0674E-10 8.6064E-10 9.1846E-10 9.7302E-10 1.0311E-09 1.1015E-09 1.1740E-09 1.2422E-09 1.3153E-09 1.3932E-09 1.4699E-09 1.5593E-09 1.6547E-09 1.7564E-09 1.8545E-09 1.9583E-09 2.0693E-09 2.1854E-09 2.3080E-09 2.4398E-09 2.5815E-09 2.7371E-09 2.9027E-09 3.0990E-09 3.3246E-09 3.5426E-09 3.7768E-09 4.0208E-09 4.2790E-09 4.5554E-09 4.8501E-09 5.1657E-09 5.5036E-09 5.8693E-09 6.2742E-09 6.7102E-09 7.1927E-09 7.7222E-09 8.3033E-09 8.9585E-09 9.7131E-09 1.0570E-08 1.1505E-08 1.2545E-08 1.3728E-08 1.5044E-08 1.6516E-08 1.8192E-08
4.9795E-10 5.2367E-10 5.5062E-10 5.7883E-10 6.0837E-10 6.3928E-10 6.7161E-10 7.0541E-10 7.4259E-10 7.9143E-10 8.4383E-10 8.9343E-10 9.4624E-10 1.0101E-09 1.0785E-09 1.1491E-09 1.2149E-09 1.2797E-09 1.3561E-09 1.4375E-09 1.5244E-09 1.6169E-09 1.7139E-09 1.8104E-09 1.9118E-09 2.0197E-09 2.1339E-09 2.2532E-09 2.3812E-09 2.5167E-09 2.6663E-09 2.8269E-09 2.9977E-09 3.1989E-09 3.4237E-09 3.6563E-09 3.8881E-09 4.1342E-09 4.3989E-09 4.6776E-09 4.9760E-09 5.2958E-09 5.6363E-09 6.0192E-09 6.4276E-09 6.8828E-09 7.3788E-09 7.9249E-09 8.5355E-09 9.1943E-09 9.9866E-09 1.0858E-08 1.1828E-08 1.2937E-08 1.4163E-08 1.5537E-08 1.7104E-08
4.8749E-10 5.1279E-10 5.3930E-10 5.6707E-10 5.9614E-10 6.2657E-10 6.5841E-10 6.9171E-10 7.2823E-10 7.7025E-10 8.1491E-10 8.6872E-10 9.2647E-10 9.8843E-10 1.0549E-09 1.1182E-09 1.1827E-09 1.2510E-09 1.3252E-09 1.4043E-09 1.4875E-09 1.5763E-09 1.6646E-09 1.7667E-09 1.8655E-09 1.9680E-09 2.0787E-09 2.1957E-09 2.3211E-09 2.4523E-09 2.5951E-09 2.7478E-09 2.9120E-09 3.0873E-09 3.2896E-09 3.5259E-09 3.7552E-09 3.9898E-09 4.2415E-09 4.5053E-09 4.7869E-09 5.0863E-09 5.4074E-09 5.7652E-09 6.1471E-09 6.5748E-09 7.0365E-09 7.5465E-09 8.1169E-09 8.7266E-09 9.4304E-09 1.0224E-08 1.1125E-08 1.2139E-08 1.3299E-08 1.4569E-08 1.6020E-08
4.7679E-10 5.0165E-10 5.2771E-10 5.5500E-10 5.8359E-10 6.1352E-10 6.4484E-10 6.7761E-10 7.1188E-10 7.4943E-10 7.9804E-10 8.5022E-10 9.0622E-10 9.6629E-10 1.0236E-09 1.0847E-09 1.1552E-09 1.2216E-09 1.2922E-09 1.3681E-09 1.4437E-09 1.5305E-09 1.6231E-09 1.7221E-09 1.8176E-09 1.9179E-09 2.0231E-09 2.1339E-09 2.2542E-09 2.3822E-09 2.5211E-09 2.6677E-09 2.8257E-09 2.9951E-09 3.1754E-09 3.3648E-09 3.5937E-09 3.8382E-09 4.0839E-09 4.3333E-09 4.5987E-09 4.8816E-09 5.1831E-09 5.5164E-09 5.8709E-09 6.2663E-09 6.7012E-09 7.1725E-09 7.7046E-09 8.2692E-09 8.9212E-09 9.6402E-09 1.0445E-08 1.1382E-08 1.2414E-08 1.3628E-08 1.4960E-08
4.6588E-10 4.9028E-10 5.1586E-10 5.4267E-10 5.7075E-10 6.0015E-10 6.3093E-10 6.6314E-10 6.9683E-10 7.3364E-10 7.8075E-10 8.3129E-10 8.7970E-10 9.3119E-10 9.9278E-10 1.0589E-09 1.1272E-09 1.1866E-09 1.2547E-09 1.3285E-09 1.4073E-09 1.4913E-09 1.5807E-09 1.6752E-09 1.7684E-09 1.8669E-09 1.9691E-09 2.0767E-09 2.1900E-09 2.3107E-09 2.4411E-09 2.5817E-09 2.7331E-09 2.9008E-09 3.0729E-09 3.2538E-09 3.4471E-09 3.6664E-09 3.9113E-09 4.1540E-09 4.4081E-09 4.6809E-09 4.9634E-09 5.2702E-09 5.5993E-09 5.9710E-09 6.3678E-09 6.8095E-09 7.3016E-09 7.8233E-09 8.4261E-09 9.0886E-09 9.8268E-09 1.0667E-08 1.1601E-08 1.2659E-08 1.3919E-08
4.5478E-10 4.7870E-10 5.0379E-10 5.3008E-10 5.5763E-10 5.8648E-10 6.1669E-10 6.4832E-10 6.8140E-10 7.1601E-10 7.5377E-10 8.0193E-10 8.5363E-10 9.0912E-10 9.6868E-10 1.0326E-09 1.0940E-09 1.1567E-09 1.2191E-09 1.2927E-09 1.3689E-09 1.4501E-09 1.5356E-09 1.6215E-09 1.7196E-09 1.8152E-09 1.9142E-09 2.0185E-09 2.1284E-09 2.2440E-09 2.3656E-09 2.4972E-09 2.6383E-09 2.7917E-09 2.9617E-09 3.1404E-09 3.3289E-09 3.5248E-09 3.7338E-09 3.9674E-09 4.2143E-09 4.4739E-09 4.7427E-09 5.0348E-09 5.3381E-09 5.6779E-09 6.0521E-09 6.4567E-09 6.9103E-09 7.3922E-09 7.9458E-09 8.5556E-09 9.2314E-09 9.9988E-09 1.0845E-08 1.1792E-08 1.2874E-08
4.4350E-10 4.6693E-10 4.9150E-10 5.1726E-10 5.4426E-10 5.7254E-10 6.0217E-10 6.3318E-10 6.6563E-10 6.9959E-10 7.3653E-10 7.8310E-10 8.3306E-10 8.8667E-10 9.4032E-10 9.9965E-10 1.0587E-09 1.1264E-09 1.1856E-09 1.2495E-09 1.3261E-09 1.4040E-09 1.4871E-09 1.5757E-09 1.6703E-09 1.7623E-09 1.8587E-09 1.9597E-09 2.0659E-09 2.1778E-09 2.2953E-09 2.4190E-09 2.5501E-09 2.6905E-09 2.8488E-09 3.0165E-09 3.1979E-09 3.3878E-09 3.5876E-09 3.7928E-09 4.0150E-09 4.2645E-09 4.5159E-09 4.7943E-09 5.0873E-09 5.3973E-09 5.7417E-09 6.1186E-09 6.5376E-09 6.9746E-09 7.4870E-09 8.0418E-09 8.6576E-09 9.3603E-09 1.0130E-08 1.0988E-08 1.1953E-08
4.3206E-10 4.5498E-10 4.7903E-10 5.0424E-10 5.3067E-10 5.5836E-10 5.8737E-10 6.1775E-10 6.4955E-10 6.8283E-10 7.1763E-10 7.5970E-10 8.0757E-10 8.5390E-10 9.0859E-10 9.6730E-10 1.0303E-09 1.0957E-09 1.1534E-09 1.2154E-09 1.2807E-09 1.3510E-09 1.4428E-09 1.5281E-09 1.6190E-09 1.7085E-09 1.8028E-09 1.9003E-09 2.0030E-09 2.1109E-09 2.2244E-09 2.3437E-09 2.4690E-09 2.6004E-09 2.7413E-09 2.8995E-09 3.0676E-09 3.2479E-09 3.4407E-09 3.6360E-09 3.8393E-09 4.0522E-09 4.2929E-09 4.5559E-09 4.8249E-09 5.1154E-09 5.4467E-09 5.7913E-09 6.1773E-09 6.5837E-09 7.0470E-09 7.5518E-09 8.1113E-09 8.7515E-09 9.4424E-09 1.0218E-08 1.1089E-08
4.1430E-10 4.4289E-10 4.6639E-10 4.9104E-10 5.1688E-10 5.4397E-10 5.7235E-10 6.0207E-10 6.3320E-10 6.6577E-10 6.9985E-10 7.3678E-10 7.8261E-10 8.3174E-10 8.8444E-10 9.4100E-10 1.0017E-09 1.0605E-09 1.1208E-09 1.1796E-09 1.2429E-09 1.3110E-09 1.3829E-09 1.4759E-09 1.5628E-09 1.6556E-09 1.7466E-09 1.8407E-09 1.9397E-09 2.0438E-09 2.1532E-09 2.2680E-09 2.3886E-09 2.5151E-09 2.6477E-09 2.7905E-09 2.9456E-09 3.1131E-09 3.2924E-09 3.4813E-09 3.6755E-09 3.8766E-09 4.0876E-09 4.3201E-09 4.5658E-09 4.8374E-09 5.1407E-09 5.4790E-09 5.8316E-09 6.2010E-09 6.6292E-09 7.0847E-09 7.5970E-09 8.1707E-09 8.7912E-09 9.4878E-09 1.0266E-08
4.0296E-10 4.3068E-10 4.5362E-10 4.7769E-10 5.0293E-10 5.2939E-10 5.5713E-10 5.8618E-10 6.1660E-10 6.4845E-10 6.8178E-10 7.1663E-10 7.5565E-10 8.0515E-10 8.5550E-10 9.0952E-10 9.6206E-10 1.0238E-09 1.0880E-09 1.1451E-09 1.2064E-09 1.2710E-09 1.3405E-09 1.4137E-09 1.5080E-09 1.6010E-09 1.6886E-09 1.7810E-09 1.8763E-09 1.9765E-09 2.0817E-09 2.1922E-09 2.3081E-09 2.4296E-09 2.5570E-09 2.6903E-09 2.8342E-09 2.9910E-09 3.1572E-09 3.3304E-09 3.5156E-09 3.7059E-09 3.9047E-09 4.1174E-09 4.3351E-09 4.5821E-09 4.8407E-09 5.1289E-09 5.4932E-09 5.8392E-09 6.2220E-09 6.6409E-09 7.1005E-09 7.6165E-09 8.1754E-09 8.7995E-09 9.4921E-09
3.9153E-10 4.1836E-10 4.4074E-10 4.6422E-10 4.8884E-10 5.1467E-10 5.4173E-10 5.7009E-10 5.9980E-10 6.3090E-10 6.6345E-10 6.9751E-10 7.3312E-10 7.7034E-10 8.2722E-10 8.7875E-10 9.3402E-10 9.9333E-10 1.0550E-09 1.1104E-09 1.1684E-09 1.2308E-09 1.2977E-09 1.3686E-09 1.4431E-09 1.5217E-09 1.6325E-09 1.7213E-09 1.8130E-09 1.9093E-09 2.0104E-09 2.1165E-09 2.2277E-09 2.3443E-09 2.4663E-09 2.5941E-09 2.7277E-09 2.8717E-09 3.0299E-09 3.1954E-09 3.3696E-09 3.5456E-09 3.7279E-09 3.9278E-09 4.1322E-09 4.3511E-09 4.5829E-09 4.8372E-09 5.1329E-09 5.4694E-09 5.8323E-09 6.2135E-09 6.6337E-09 7.0981E-09 7.5922E-09 8.1457E-09 8.7611E-09
3.8003E-10 4.0183E-10 4.2777E-10 4.5065E-10 4.7464E-10 4.9981E-10 5.2620E-10 5.5385E-10 5.8282E-10 6.1317E-10 6.4492E-10 6.7815E-10 7.1291E-10 7.4925E-10 7.8721E-10 8.4197E-10 9.0290E-10 9.5783E-10 1.0184E-09 1.0756E-09 1.1317E-09 1.1906E-09 1.2548E-09 1.3236E-09 1.3955E-09 1.4712E-09 1.5510E-09 1.6518E-09 1.7500E-09 1.8424E-09 1.9394E-09 2.0411E-09 2.1477E-09 2.2593E-09 2.3762E-09 2.4983E-09 2.6260E-09 2.7594E-09 2.9025E-09 3.0609E-09 3.2271E-09 3.3986E-09 3.5721E-09 3.7542E-09 3.9409E-09 4.1410E-09 4.3549E-09 4.5844E-09 4.8372E-09 5.1139E-09 5.4441E-09 5.8105E-09 6.1892E-09 6.6038E-09 7.0478E-09 7.5334E-09 8.0651E-09
3.6255E-10 3.8828E-10 4.1474E-10 4.3700E-10 4.6036E-10 4.8487E-10 5.1056E-10 5.3750E-10 5.6572E-10 5.9527E-10 6.2622E-10 6.5861E-10 6.9248E-10 7.2791E-10 7.6493E-10 8.0360E-10 8.4809E-10 9.2322E-10 9.8080E-10 1.0407E-09 1.0951E-09 1.1520E-09 1.2131E-09 1.2773E-09 1.3470E-09 1.4207E-09 1.4974E-09 1.5783E-09 1.6707E-09 1.7717E-09 1.8689E-09 1.9663E-09 2.0683E-09 2.1750E-09 2.2867E-09 2.4034E-09 2.5253E-09 2.6525E-09 2.7850E-09 2.9262E-09 3.0838E-09 3.2499E-09 3.4188E-09 3.5918E-09 3.7678E-09 3.9548E-09 4.1494E-09 4.3543E-09 4.5773E-09 4.8155E-09 5.1037E-09 5.4136E-09 5.7585E-09 6.1411E-09 6.5362E-09 6.9637E-09 7.4333E-09
3.5136E-10 3.7615E-10 4.0168E-10 4.2332E-10 4.4603E-10 4.6986E-10 4.9485E-10 5.2105E-10 5.4850E-10 5.7727E-10 6.0738E-10 6.3891E-10 6.7189E-10 7.0638E-10 7.4243E-10 7.8009E-10 8.1942E-10 8.6046E-10 9.4569E-10 1.0028E-09 1.0585E-09 1.1134E-09 1.1709E-09 1.2327E-09 1.2990E-09 1.3704E-09 1.4443E-09 1.5219E-09 1.6017E-09 1.6855E-09 1.7863E-09 1.8878E-09 1.9897E-09 2.0917E-09 2.1982E-09 2.3096E-09 2.4257E-09 2.5469E-09 2.6730E-09 2.8043E-09 2.9426E-09 3.0980E-09 3.2632E-09 3.4320E-09 3.5985E-09 3.7740E-09 3.9569E-09 4.1478E-09 4.3529E-09 4.5595E-09 4.7967E-09 5.0673E-09 5.3627E-09 5.7006E-09 6.0565E-09 6.4337E-09 6.8403E-09
