Assets/Resources/2015_m01_d16_0700(utc+0800)_l00_csi_1hr_conc.grd
DSAA
         159         159
     -79.000      79.000
     -79.000      79.000
  0.0000E+00  0.4029E-04
[rows 125 to 149 of 159, columns 57 to 113 of 159]
0.0000E+00 0.0000E+00 0.0000E+00 0.0000E+00 0.0000E+00 0.0000E+00 0.0000E+00 0.0000E+00 0.0000E+00 0.0000E+00 1.5243E-12 2.5774E-12 4.3734E-12 6.6345E-12 9.8272E-12 1.3060E-11 1.6806E-11 2.0971E-11 2.5676E-11 3.0950E-11 3.6827E-11 5.8491E-11 1.1899E-10 1.6631E-10 2.3658E-10 3.5537E-10 4.6304E-10 6.0682E-10 7.5556E-10 9.1403E-10 1.0889E-09 1.2754E-09 1.5005E-09 1.7242E-09 1.9732E-09 2.2092E-09 2.4500E-09 2.6878E-09 2.9218E-09 3.1598E-09 3.4110E-09 3.6575E-09 3.9007E-09 4.1370E-09 4.3705E-09 4.5930E-09 4.8321E-09 5.0840E-09 5.2851E-09 5.5422E-09 5.8376E-09 6.1347E-09 6.4937E-09 6.7880E-09 7.0382E-09 7.3065E-09 7.7291E-09
0.0000E+00 0.0000E+00 0.0000E+00 0.0000E+00 0.0000E+00 0.0000E+00 0.0000E+00 0.0000E+00 0.0000E+00 0.0000E+00 0.0000E+00 1.6849E-12 3.6316E-12 5.7058E-12 8.2031E-12 1.1662E-11 1.5149E-11 1.8828E-11 2.3237E-11 2.8192E-11 3.3724E-11 4.4396E-11 9.4042E-11 1.4683E-10 1.9856E-10 3.0864E-10 4.1359E-10 5.3596E-10 6.7563E-10 8.3127E-10 9.8260E-10 1.1663E-09 1.3594E-09 1.5745E-09 1.8273E-09 2.0436E-09 2.2739E-09 2.5041E-09 2.7353E-09 2.9573E-09 3.1893E-09 3.4252E-09 3.6670E-09 3.9023E-09 4.1278E-09 4.3316E-09 4.5546E-09 4.7784E-09 4.9851E-09 5.2343E-09 5.4622E-09 5.7402E-09 5.9561E-09 6.2291E-09 6.5361E-09 6.8538E-09 7.2365E-09
0.0000E+00 0.0000E+00 0.0000E+00 0.0000E+00 0.0000E+00 0.0000E+00 0.0000E+00 0.0000E+00 0.0000E+00 0.0000E+00 0.0000E+00 1.5540E-12 3.3539E-12 4.8607E-12 7.6027E-12 1.0371E-11 1.3619E-11 1.6851E-11 2.0980E-11 2.5632E-11 3.0833E-11 3.6617E-11 7.4393E-11 1.2771E-10 1.7262E-10 2.6141E-10 3.6761E-10 4.6982E-10 6.0495E-10 7.5216E-10 8.9395E-10 1.0616E-09 1.2357E-09 1.4416E-09 1.6848E-09 1.8893E-09 2.1153E-09 2.3303E-09 2.5511E-09 2.7640E-09 2.9912E-09 3.2195E-09 3.4499E-09 3.6715E-09 3.8753E-09 4.0961E-09 4.3078E-09 4.4907E-09 4.7036E-09 4.9180E-09 5.1002E-09 5.3514E-09 5.5862E-09 5.8541E-09 6.1184E-09 6.4060E-09 6.6596E-09
0.0000E+00 0.0000E+00 0.0000E+00 0.0000E+00 0.0000E+00 0.0000E+00 0.0000E+00 0.0000E+00 0.0000E+00 0.0000E+00 0.0000E+00 1.4315E-12 1.7085E-12 4.0934E-12 6.2037E-12 9.1859E-12 1.2198E-11 1.5689E-11 1.9565E-11 2.3941E-11 2.8845E-11 3.4308E-11 5.4499E-11 1.1077E-10 1.5284E-10 2.1547E-10 3.2477E-10 4.1610E-10 5.4391E-10 6.7395E-10 8.1225E-10 9.6246E-10 1.1226E-09 1.3219E-09 1.5198E-09 1.7476E-09 1.9538E-09 2.1674E-09 2.3768E-09 2.5853E-09 2.7896E-09 3.0107E-09 3.2244E-09 3.4459E-09 3.6541E-09 3.8582E-09 4.0430E-09 4.2525E-09 4.4515E-09 4.6157E-09 4.8186E-09 5.0521E-09 5.2872E-09 5.5092E-09 5.7499E-09 5.9529E-09 6.2032E-09
0.0000E+00 0.0000E+00 0.0000E+00 0.0000E+00 0.0000E+00 0.0000E+00 0.0000E+00 0.0000E+00 0.0000E+00 0.0000E+00 0.0000E+00 0.0000E+00 1.5782E-12 3.3986E-12 5.3341E-12 7.6622E-12 1.0890E-11 1.3661E-11 1.7556E-11 2.1656E-11 2.6262E-11 3.1401E-11 4.1292E-11 8.7009E-11 1.3497E-10 1.8045E-10 2.8467E-10 3.7136E-10 4.7883E-10 6.0155E-10 7.3902E-10 8.6781E-10 1.0255E-09 1.1928E-09 1.3806E-09 1.6130E-09 1.8043E-09 2.0081E-09 2.2088E-09 2.4091E-09 2.6134E-09 2.8174E-09 3.0253E-09 3.2404E-09 3.4416E-09 3.6334E-09 3.8213E-09 4.0136E-09 4.1901E-09 4.3754E-09 4.5607E-09 4.7176E-09 4.9272E-09 5.1696E-09 5.4043E-09 5.6349E-09 5.8668E-09
0.0000E+00 0.0000E+00 0.0000E+00 0.0000E+00 0.0000E+00 0.0000E+00 0.0000E+00 0.0000E+00 0.0000E+00 0.0000E+00 0.0000E+00 0.0000E+00 1.4562E-12 3.1400E-12 4.5435E-12 6.6846E-12 9.2374E-12 1.2706E-11 1.5706E-11 1.9544E-11 2.3865E-11 2.8696E-11 3.4067E-11 7.3501E-11 1.1952E-10 1.5881E-10 2.3601E-10 3.2986E-10 4.1903E-10 5.3933E-10 6.6343E-10 7.9051E-10 9.3397E-10 1.0809E-09 1.2621E-09 1.4718E-09 1.6672E-09 1.8602E-09 2.0546E-09 2.2469E-09 2.4335E-09 2.6259E-09 2.8392E-09 3.0465E-09 3.2322E-09 3.4217E-09 3.6081E-09 3.7877E-09 3.9542E-09 4.1336E-09 4.2953E-09 4.4697E-09 4.6820E-09 4.8839E-09 5.1072E-09 5.3182E-09 5.5324E-09
0.0000E+00 0.0000E+00 0.0000E+00 0.0000E+00 0.0000E+00 0.0000E+00 0.0000E+00 0.0000E+00 0.0000E+00 0.0000E+00 0.0000E+00 0.0000E+00 6.8387E-13 1.5973E-12 3.4326E-12 5.7927E-12 8.1463E-12 1.0928E-11 1.4625E-11 1.8228E-11 2.2293E-11 2.6847E-11 3.1919E-11 5.4276E-11 1.0181E-10 1.3882E-10 1.9352E-10 2.9126E-10 3.7071E-10 4.8307E-10 5.9715E-10 7.1793E-10 8.4707E-10 9.8249E-10 1.1541E-09 1.3256E-09 1.5321E-09 1.7208E-09 1.9054E-09 2.0902E-09 2.2723E-09 2.4516E-09 2.6407E-09 2.8332E-09 3.0401E-09 3.2215E-09 3.4015E-09 3.5697E-09 3.7407E-09 3.9044E-09 4.0573E-09 4.2206E-09 4.4244E-09 4.6121E-09 4.7930E-09 4.9829E-09 5.1861E-09
0.0000E+00 0.0000E+00 0.0000E+00 0.0000E+00 0.0000E+00 0.0000E+00 0.0000E+00 0.0000E+00 0.0000E+00 0.0000E+00 0.0000E+00 0.0000E+00 0.0000E+00 1.4761E-12 3.1762E-12 4.5784E-12 7.1476E-12 1.0156E-11 1.2726E-11 1.6350E-11 2.0157E-11 2.4432E-11 2.9202E-11 3.8286E-11 8.0159E-11 1.2268E-10 1.6237E-10 2.5703E-10 3.3073E-10 4.2554E-10 5.3224E-10 6.5269E-10 7.6494E-10 8.9920E-10 1.0404E-09 1.2026E-09 1.4052E-09 1.5834E-09 1.7663E-09 1.9386E-09 2.1120E-09 2.2900E-09 2.4729E-09 2.6550E-09 2.8449E-09 3.0268E-09 3.1957E-09 3.3668E-09 3.5356E-09 3.6837E-09 3.8432E-09 3.9826E-09 4.1658E-09 4.3449E-09 4.5415E-09 4.7211E-09 4.8964E-09
0.0000E+00 0.0000E+00 0.0000E+00 0.0000E+00 0.0000E+00 0.0000E+00 0.0000E+00 0.0000E+00 0.0000E+00 0.0000E+00 0.0000E+00 0.0000E+00 0.0000E+00 1.3627E-12 2.2861E-12 3.8566E-12 6.2349E-12 8.6095E-12 1.1840E-11 1.4621E-11 1.8184E-11 2.2194E-11 2.6676E-11 3.1658E-11 6.7683E-11 1.0877E-10 1.4294E-10 2.1126E-10 2.9371E-10 3.7057E-10 4.7675E-10 5.8547E-10 6.9472E-10 8.2117E-10 9.3953E-10 1.0965E-09 1.2785E-09 1.4492E-09 1.6318E-09 1.8026E-09 1.9697E-09 2.1331E-09 2.2966E-09 2.4786E-09 2.6673E-09 2.8371E-09 3.0026E-09 3.1751E-09 3.3291E-09 3.4813E-09 3.6377E-09 3.7714E-09 3.9461E-09 4.1182E-09 4.2907E-09 4.4585E-09 4.6196E-09
0.0000E+00 0.0000E+00 0.0000E+00 0.0000E+00 0.0000E+00 0.0000E+00 0.0000E+00 0.0000E+00 0.0000E+00 0.0000E+00 0.0000E+00 0.0000E+00 0.0000E+00 0.0000E+00 1.4916E-12 3.2030E-12 5.4026E-12 7.5916E-12 1.0178E-11 1.3176E-11 1.6963E-11 2.0735E-11 2.4959E-11 2.9663E-11 4.6461E-11 9.4608E-11 1.2499E-10 1.7300E-10 2.5676E-10 3.2820E-10 4.2811E-10 5.2655E-10 6.3186E-10 7.4187E-10 8.6012E-10 1.0036E-09 1.1413E-09 1.3274E-09 1.5011E-09 1.6677E-09 1.8291E-09 1.9877E-09 2.1471E-09 2.3141E-09 2.4820E-09 2.6661E-09 2.8244E-09 2.9777E-09 3.1311E-09 3.2901E-09 3.4289E-09 3.5698E-09 3.7368E-09 3.8866E-09 4.0453E-09 4.2029E-09 4.3517E-09
0.0000E+00 0.0000E+00 0.0000E+00 0.0000E+00 0.0000E+00 0.0000E+00 0.0000E+00 0.0000E+00 0.0000E+00 0.0000E+00 0.0000E+00 0.0000E+00 0.0000E+00 0.0000E+00 1.3790E-12 2.9649E-12 4.2681E-12 6.6604E-12 9.0503E-12 1.1843E-11 1.4583E-11 1.8100E-11 2.2049E-11 2.6453E-11 3.4722E-11 7.3207E-11 1.1059E-10 1.4506E-10 2.2405E-10 2.9282E-10 3.7635E-10 4.6622E-10 5.7085E-10 6.7193E-10 7.8797E-10 9.0763E-10 1.0422E-09 1.2139E-09 1.3649E-09 1.5393E-09 1.6938E-09 1.8523E-09 2.0040E-09 2.1538E-09 2.3187E-09 2.4893E-09 2.6495E-09 2.8009E-09 2.9520E-09 3.0902E-09 3.2294E-09 3.3873E-09 3.5297E-09 3.6815E-09 3.8326E-09 3.9818E-09 4.1208E-09
0.0000E+00 0.0000E+00 0.0000E+00 0.0000E+00 0.0000E+00 0.0000E+00 0.0000E+00 0.0000E+00 0.0000E+00 0.0000E+00 0.0000E+00 0.0000E+00 0.0000E+00 0.0000E+00 1.2736E-12 1.5028E-12 3.2209E-12 5.4251E-12 8.0162E-12 1.0607E-11 1.3598E-11 1.6903E-11 2.0621E-11 2.4774E-11 2.9391E-11 6.1866E-11 9.8211E-11 1.2780E-10 1.8795E-10 2.6007E-10 3.2750E-10 4.1969E-10 5.1482E-10 6.0987E-10 7.2060E-10 8.2049E-10 9.5317E-10 1.1056E-09 1.2499E-09 1.4096E-09 1.5709E-09 1.7190E-09 1.8617E-09 2.0139E-09 2.1686E-09 2.3349E-09 2.4845E-09 2.6301E-09 2.7785E-09 2.9181E-09 3.0507E-09 3.1956E-09 3.3439E-09 3.4809E-09 3.6089E-09 3.7487E-09 3.8856E-09
0.0000E+00 0.0000E+00 0.0000E+00 0.0000E+00 0.0000E+00 0.0000E+00 0.0000E+00 0.0000E+00 0.0000E+00 0.0000E+00 0.0000E+00 0.0000E+00 0.0000E+00 0.0000E+00 0.0000E+00 1.3914E-12 2.9858E-12 4.6656E-12 6.6753E-12 9.4694E-12 1.2252E-11 1.5770E-11 1.9267E-11 2.3182E-11 2.7541E-11 4.2643E-11 7.9240E-11 1.1185E-10 1.5382E-10 2.2734E-10 2.8929E-10 3.7674E-10 4.6277E-10 5.5451E-10 6.5053E-10 7.5397E-10 8.7288E-10 9.8910E-10 1.1496E-09 1.2895E-09 1.4413E-09 1.5954E-09 1.7320E-09 1.8699E-09 2.0121E-09 2.1765E-09 2.3335E-09 2.4706E-09 2.6085E-09 2.7434E-09 2.8825E-09 3.0233E-09 3.1532E-09 3.2738E-09 3.4189E-09 3.5499E-09 3.6836E-09
0.0000E+00 0.0000E+00 0.0000E+00 0.0000E+00 0.0000E+00 0.0000E+00 0.0000E+00 0.0000E+00 0.0000E+00 0.0000E+00 0.0000E+00 0.0000E+00 0.0000E+00 0.0000E+00 0.0000E+00 1.2870E-12 2.1482E-12 3.9753E-12 5.8247E-12 8.0193E-12 1.1012E-11 1.3548E-11 1.6808E-11 2.0466E-11 2.4545E-11 2.9070E-11 6.6438E-11 9.9107E-11 1.2896E-10 1.9688E-10 2.5820E-10 3.2716E-10 4.0939E-10 5.0152E-10 5.8670E-10 6.9043E-10 7.8958E-10 9.0584E-10 1.0500E-09 1.1817E-09 1.3179E-09 1.4616E-09 1.6080E-09 1.7478E-09 1.8792E-09 2.0184E-09 2.1718E-09 2.3190E-09 2.4525E-09 2.5856E-09 2.7083E-09 2.8486E-09 2.9806E-09 3.0994E-09 3.2258E-09 3.3467E-09 3.4855E-09
0.0000E+00 0.0000E+00 0.0000E+00 0.0000E+00 0.0000E+00 0.0000E+00 0.0000E+00 0.0000E+00 0.0000E+00 0.0000E+00 0.0000E+00 0.0000E+00 0.0000E+00 0.0000E+00 0.0000E+00 6.0437E-13 1.4001E-12 2.9990E-12 5.0491E-12 7.0734E-12 9.4565E-12 1.2636E-11 1.5699E-11 1.9143E-11 2.2990E-11 2.7265E-11 5.6251E-11 8.8184E-11 1.1376E-10 1.6219E-10 2.2718E-10 2.8788E-10 3.6846E-10 4.5164E-10 5.3432E-10 6.2883E-10 7.1848E-10 8.3516E-10 9.4948E-10 1.0797E-09 1.2185E-09 1.3434E-09 1.4805E-09 1.6129E-09 1.7468E-09 1.8922E-09 2.0364E-09 2.1702E-09 2.2962E-09 2.4320E-09 2.5571E-09 2.6909E-09 2.8088E-09 2.9338E-09 3.0402E-09 3.1645E-09 3.2846E-09
0.0000E+00 0.0000E+00 0.0000E+00 0.0000E+00 0.0000E+00 0.0000E+00 0.0000E+00 0.0000E+00 0.0000E+00 0.0000E+00 0.0000E+00 0.0000E+00 0.0000E+00 0.0000E+00 0.0000E+00 0.0000E+00 1.2970E-12 2.7812E-12 3.9853E-12 6.2081E-12 8.8038E-12 1.0979E-11 1.4073E-11 1.7299E-11 2.0910E-11 2.4929E-11 3.5540E-11 6.7588E-11 9.9130E-11 1.2753E-10 2.0060E-10 2.5427E-10 3.2566E-10 3.9957E-10 4.8578E-10 5.6668E-10 6.6004E-10 7.5986E-10 8.6693E-10 9.9857E-10 1.1149E-09 1.2411E-09 1.3651E-09 1.4955E-09 1.6231E-09 1.7426E-09 1.8883E-09 2.0349E-09 2.1593E-09 2.2808E-09 2.4106E-09 2.5372E-09 2.6562E-09 2.7644E-09 2.8685E-09 2.9969E-09 3.1135E-09
0.0000E+00 0.0000E+00 0.0000E+00 0.0000E+00 0.0000E+00 0.0000E+00 0.0000E+00 0.0000E+00 0.0000E+00 0.0000E+00 0.0000E+00 0.0000E+00 0.0000E+00 0.0000E+00 0.0000E+00 0.0000E+00 1.2002E-12 1.4054E-12 3.3583E-12 5.0527E-12 7.4533E-12 1.0232E-11 1.2579E-11 1.5598E-11 1.8985E-11 2.2760E-11 2.6948E-11 6.0034E-11 8.8476E-11 1.1429E-10 1.6591E-10 2.2572E-10 2.8662E-10 3.5822E-10 4.3670E-10 5.1350E-10 6.0314E-10 6.8687E-10 7.9332E-10 9.1675E-10 1.0230E-09 1.1412E-09 1.2624E-09 1.3748E-09 1.5087E-09 1.6321E-09 1.7536E-09 1.8881E-09 2.0266E-09 2.1443E-09 2.2576E-09 2.3788E-09 2.5064E-09 2.6100E-09 2.7175E-09 2.8310E-09 2.9350E-09
0.0000E+00 0.0000E+00 0.0000E+00 0.0000E+00 0.0000E+00 0.0000E+00 0.0000E+00 0.0000E+00 0.0000E+00 0.0000E+00 0.0000E+00 0.0000E+00 0.0000E+00 0.0000E+00 0.0000E+00 0.0000E+00 0.0000E+00 1.3037E-12 2.7906E-12 4.3472E-12 6.5742E-12 8.7840E-12 1.1337E-11 1.4571E-11 1.7760E-11 2.1321E-11 2.5277E-11 4.5012E-11 7.8894E-11 9.9540E-11 1.4336E-10 1.9933E-10 2.4851E-10 3.2233E-10 3.9571E-10 4.6649E-10 5.4522E-10 6.2869E-10 7.3123E-10 8.2474E-10 9.4645E-10 1.0566E-09 1.1646E-09 1.2807E-09 1.3869E-09 1.5022E-09 1.6340E-09 1.7626E-09 1.8855E-09 1.9974E-09 2.1343E-09 2.2465E-09 2.3448E-09 2.4626E-09 2.5743E-09 2.6715E-09 2.7814E-09
0.0000E+00 0.0000E+00 0.0000E+00 0.0000E+00 0.0000E+00 0.0000E+00 0.0000E+00 0.0000E+00 0.0000E+00 0.0000E+00 0.0000E+00 0.0000E+00 0.0000E+00 0.0000E+00 0.0000E+00 0.0000E+00 0.0000E+00 1.2081E-12 2.5889E-12 3.7059E-12 5.7704E-12 7.8135E-12 1.0193E-11 1.2499E-11 1.5470E-11 1.8797E-11 2.2497E-11 2.9917E-11 6.0257E-11 8.8107E-11 1.1264E-10 1.7665E-10 2.2182E-10 2.8013E-10 3.4779E-10 4.2264E-10 4.9395E-10 5.7639E-10 6.6295E-10 7.5639E-10 8.7237E-10 9.7299E-10 1.0782E-09 1.1835E-09 1.2941E-09 1.3981E-09 1.5073E-09 1.6347E-09 1.7719E-09 1.8791E-09 1.9880E-09 2.0885E-09 2.2163E-09 2.3303E-09 2.4225E-09 2.5219E-09 2.6351E-09
0.0000E+00 0.0000E+00 0.0000E+00 0.0000E+00 0.0000E+00 0.0000E+00 0.0000E+00 0.0000E+00 0.0000E+00 0.0000E+00 0.0000E+00 0.0000E+00 0.0000E+00 0.0000E+00 0.0000E+00 0.0000E+00 0.0000E+00 5.6754E-13 1.3074E-12 2.7939E-12 4.6955E-12 6.9237E-12 9.1313E-12 1.1673E-11 1.4467E-11 1.7602E-11 2.1094E-11 2.4968E-11 5.4098E-11 7.8805E-11 9.9742E-11 1.4155E-10 1.9824E-10 2.5063E-10 3.1315E-10 3.8243E-10 4.4812E-10 5.2768E-10 6.0117E-10 6.9460E-10 7.9364E-10 8.9689E-10 9.9881E-10 1.0985E-09 1.1970E-09 1.3042E-09 1.4049E-09 1.5103E-09 1.6495E-09 1.7567E-09 1.8671E-09 1.9705E-09 2.0701E-09 2.1793E-09 2.2947E-09 2.3901E-09 2.4845E-09
0.0000E+00 0.0000E+00 0.0000E+00 0.0000E+00 0.0000E+00 0.0000E+00 0.0000E+00 0.0000E+00 0.0000E+00 0.0000E+00 0.0000E+00 0.0000E+00 0.0000E+00 0.0000E+00 0.0000E+00 0.0000E+00 0.0000E+00 0.0000E+00 1.2132E-12 2.5954E-12 3.7040E-12 5.7602E-12 8.1554E-12 1.0135E-11 1.3518E-11 1.6469E-11 1.9763E-11 2.3423E-11 3.5526E-11 6.2638E-11 8.7726E-11 1.1847E-10 1.7324E-10 2.1710E-10 2.7905E-10 3.4362E-10 4.0817E-10 4.7450E-10 5.5009E-10 6.3212E-10 7.2082E-10 8.2961E-10 9.2579E-10 1.0217E-09 1.1158E-09 1.2105E-09 1.3101E-09 1.4115E-09 1.5174E-09 1.6424E-09 1.7515E-09 1.8503E-09 1.9570E-09 2.0531E-09 2.1580E-09 2.2512E-09 2.3506E-09
0.0000E+00 0.0000E+00 0.0000E+00 0.0000E+00 0.0000E+00 0.0000E+00 0.0000E+00 0.0000E+00 0.0000E+00 0.0000E+00 0.0000E+00 0.0000E+00 0.0000E+00 0.0000E+00 0.0000E+00 0.0000E+00 0.0000E+00 0.0000E+00 1.1247E-12 1.3083E-12 3.1229E-12 4.6856E-12 6.9007E-12 9.4589E-12 1.1591E-11 1.4341E-11 1.7418E-11 2.0840E-11 2.4629E-11 5.4087E-11 7.8219E-11 9.9429E-11 1.4853E-10 1.9452E-10 2.4550E-10 3.0452E-10 3.6759E-10 4.3036E-10 5.0331E-10 5.7323E-10 6.5980E-10 7.6203E-10 8.5057E-10 9.4484E-10 1.0361E-09 1.1270E-09 1.2188E-09 1.3162E-09 1.4193E-09 1.5322E-09 1.6308E-09 1.7405E-09 1.8356E-09 1.9342E-09 2.0353E-09 2.1154E-09 2.2112E-09
0.0000E+00 0.0000E+00 0.0000E+00 0.0000E+00 0.0000E+00 0.0000E+00 0.0000E+00 0.0000E+00 0.0000E+00 0.0000E+00 0.0000E+00 0.0000E+00 0.0000E+00 0.0000E+00 0.0000E+00 0.0000E+00 0.0000E+00 0.0000E+00 0.0000E+00 1.2157E-12 2.5965E-12 4.0335E-12 6.0898E-12 8.1163E-12 1.0827E-11 1.3414E-11 1.6313E-11 1.9543E-11 2.3125E-11 4.6074E-11 7.0117E-11 8.8208E-11 1.2476E-10 1.7166E-10 2.1561E-10 2.7361E-10 3.3493E-10 3.9107E-10 4.5743E-10 5.2401E-10 6.0834E-10 6.8773E-10 7.8656E-10 8.7673E-10 9.6514E-10 1.0527E-09 1.1402E-09 1.2272E-09 1.3197E-09 1.4319E-09 1.5300E-09 1.6204E-09 1.7210E-09 1.8218E-09 1.9121E-09 2.0061E-09 2.0869E-09
0.0000E+00 0.0000E+00 0.0000E+00 0.0000E+00 0.0000E+00 0.0000E+00 0.0000E+00 0.0000E+00 0.0000E+00 0.0000E+00 0.0000E+00 0.0000E+00 0.0000E+00 0.0000E+00 0.0000E+00 0.0000E+00 0.0000E+00 0.0000E+00 0.0000E+00 1.1286E-12 2.4129E-12 3.4405E-12 5.3482E-12 7.2231E-12 9.4003E-12 1.2023E-11 1.4740E-11 1.7772E-11 2.1140E-11 2.7221E-11 5.4284E-11 7.7221E-11 9.7319E-11 1.5218E-10 1.9021E-10 2.3984E-10 2.9581E-10 3.5503E-10 4.1539E-10 4.8054E-10 5.5167E-10 6.2917E-10 7.2503E-10 8.0871E-10 8.9591E-10 9.7967E-10 1.0643E-09 1.1476E-09 1.2348E-09 1.3253E-09 1.4386E-09 1.5295E-09 1.6157E-09 1.7002E-09 1.7937E-09 1.8940E-09 1.9689E-09
0.0000E+00 0.0000E+00 0.0000E+00 0.0000E+00 0.0000E+00 0.0000E+00 0.0000E+00 0.0000E+00 0.0000E+00 0.0000E+00 0.0000E+00 0.0000E+00 0.0000E+00 0.0000E+00 0.0000E+00 0.0000E+00 0.0000E+00 0.0000E+00 0.0000E+00 5.3043E-13 1.2158E-12 2.5927E-12 4.3502E-12 6.4040E-12 8.4253E-12 1.0746E-11 1.3290E-11 1.6135E-11 1.9299E-11 2.2802E-11 4.8519E-11 6.9428E-11 8.7785E-11 1.2318E-10 1.6953E-10 2.1460E-10 2.6568E-10 3.2198E-10 3.7576E-10 4.4066E-10 5.0056E-10 5.7767E-10 6.5989E-10 7.4550E-10 8.2897E-10 9.1103E-10 9.9206E-10 1.0742E-09 1.1566E-09 1.2383E-09 1.3393E-09 1.4297E-09 1.5228E-09 1.6055E-09 1.6869E-09 1.7653E-09 1.8525E-09
