Assets/Resources/2015_m01_d01_1900(utc+0800)_l00_csi_1hr_conc.grd
DSAA
         159         159
     -79.000      79.000
     -79.000      79.000
  0.0000E+00  0.2601E-04
[rows 75 to 99 of 159, columns 57 to 113 of 159]
0.0000E+00 0.0000E+00 0.0000E+00 0.0000E+00 0.0000E+00 0.0000E+00 0.0000E+00 0.0000E+00 0.0000E+00 0.0000E+00 0.0000E+00 0.0000E+00 0.0000E+00 0.0000E+00 7.2331E-10 4.3750E-09 1.1624E-08 2.5311E-08 4.9419E-08 8.8551E-08 1.4433E-07 2.1603E-07 2.7782E-07 5.0418E-07 7.3099E-07 8.6594E-07 9.2374E-07 9.1269E-07 8.3200E-07 7.1661E-07 5.9827E-07 4.9650E-07 4.1318E-07 3.3989E-07 2.8237E-07 2.4331E-07 2.0994E-07 1.8463E-07 1.7052E-07 1.5576E-07 1.4730E-07 1.4029E-07 1.2234E-07 1.1507E-07 8.8571E-08 6.4644E-08 6.0314E-08 3.8220E-08 3.5665E-08 2.4272E-08 2.2331E-08 2.1181E-08 2.0302E-08 1.9574E-08 1.8948E-08 1.8481E-08 1.8096E-08
0.0000E+00 0.0000E+00 0.0000E+00 0.0000E+00 0.0000E+00 0.0000E+00 0.0000E+00 0.0000E+00 0.0000E+00 0.0000E+00 0.0000E+00 0.0000E+00 0.0000E+00 0.0000E+00 1.5139E-09 6.4533E-09 1.6311E-08 3.5201E-08 6.8705E-08 1.2301E-07 2.0014E-07 2.9862E-07 3.7603E-07 7.3981E-07 1.1476E-06 1.3422E-06 1.3787E-06 1.2673E-06 1.1059E-06 9.1733E-07 7.5375E-07 6.0217E-07 4.9846E-07 4.0001E-07 3.2692E-07 2.7813E-07 2.4069E-07 2.0527E-07 1.8709E-07 1.7293E-07 1.5884E-07 1.5050E-07 1.3025E-07 9.9585E-08 9.3486E-08 6.7227E-08 6.3323E-08 3.9920E-08 2.7541E-08 2.5359E-08 2.3323E-08 2.2072E-08 2.1105E-08 2.0307E-08 1.9613E-08 1.9091E-08 1.8657E-08
0.0000E+00 0.0000E+00 0.0000E+00 0.0000E+00 0.0000E+00 0.0000E+00 0.0000E+00 0.0000E+00 0.0000E+00 0.0000E+00 0.0000E+00 0.0000E+00 0.0000E+00 0.0000E+00 2.2977E-09 8.3750E-09 2.0764E-08 4.4716E-08 8.7314E-08 1.5626E-07 2.5396E-07 3.7809E-07 4.7423E-07 1.1042E-06 1.7658E-06 1.9616E-06 1.8874E-06 1.6601E-06 1.3679E-06 1.1008E-06 8.8307E-07 6.9211E-07 5.6551E-07 4.5478E-07 3.6326E-07 3.0618E-07 2.6220E-07 2.2684E-07 2.0002E-07 1.8383E-07 1.6778E-07 1.4540E-07 1.3625E-07 1.0274E-07 9.7127E-08 6.9499E-08 4.5128E-08 4.1222E-08 2.8208E-08 2.6176E-08 2.4076E-08 2.2750E-08 2.1720E-08 2.0872E-08 2.0127E-08 1.9563E-08 1.9091E-08
0.0000E+00 0.0000E+00 0.0000E+00 0.0000E+00 0.0000E+00 0.0000E+00 0.0000E+00 0.0000E+00 0.0000E+00 0.0000E+00 0.0000E+00 0.0000E+00 0.0000E+00 0.0000E+00 2.8658E-09 9.7824E-09 2.4010E-08 5.1725E-08 1.0106E-07 1.8083E-07 2.9372E-07 4.3693E-07 5.4749E-07 1.5403E-06 2.4086E-06 2.5184E-06 2.2994E-06 1.9413E-06 1.5515E-06 1.2271E-06 9.6835E-07 7.6025E-07 6.0825E-07 4.8692E-07 3.9451E-07 3.2395E-07 2.7586E-07 2.3741E-07 2.0821E-07 1.9006E-07 1.7335E-07 1.4887E-07 1.3986E-07 1.0492E-07 7.6263E-08 7.0868E-08 4.5381E-08 4.2004E-08 2.8704E-08 2.6136E-08 2.4557E-08 2.3192E-08 2.2127E-08 2.1249E-08 2.0475E-08 1.9884E-08 1.9386E-08
0.0000E+00 0.0000E+00 0.0000E+00 0.0000E+00 0.0000E+00 0.0000E+00 0.0000E+00 0.0000E+00 0.0000E+00 0.0000E+00 0.0000E+00 0.0000E+00 0.0000E+00 0.0000E+00 3.0585E-09 1.0295E-08 2.5219E-08 5.4364E-08 1.0678E-07 1.9017E-07 3.0889E-07 4.5939E-07 5.7627E-07 2.6006E-05 9.2763E-06 5.2951E-06 3.5607E-06 2.5096E-06 1.7718E-06 1.2648E-06 9.8948E-07 7.7640E-07 6.1896E-07 4.9558E-07 4.0211E-07 3.2889E-07 2.7984E-07 2.3999E-07 2.1080E-07 1.9185E-07 1.7498E-07 1.4990E-07 1.1568E-07 1.0547E-07 7.5890E-08 7.1207E-08 4.5422E-08 3.1581E-08 2.8848E-08 2.6324E-08 2.4750E-08 2.3383E-08 2.2314E-08 2.1429E-08 2.0649E-08 2.0044E-08 1.9533E-08
0.0000E+00 0.0000E+00 0.0000E+00 0.0000E+00 0.0000E+00 0.0000E+00 0.0000E+00 0.0000E+00 0.0000E+00 0.0000E+00 0.0000E+00 0.0000E+00 0.0000E+00 0.0000E+00 2.8172E-09 9.7638E-09 2.4039E-08 5.1862E-08 1.0144E-07 1.8157E-07 2.9504E-07 4.3885E-07 6.1740E-07 1.3135E-06 2.1808E-06 2.3378E-06 2.1566E-06 1.8459E-06 1.4883E-06 1.1941E-06 9.4093E-07 7.3574E-07 5.9580E-07 4.7929E-07 3.8332E-07 3.2029E-07 2.7375E-07 2.3519E-07 2.0736E-07 1.8911E-07 1.5933E-07 1.4808E-07 1.1334E-07 1.0429E-07 7.4816E-08 4.9105E-08 4.4884E-08 3.1034E-08 2.8609E-08 2.6182E-08 2.4652E-08 2.3319E-08 2.2276E-08 2.1406E-08 2.0640E-08 2.0039E-08 1.9532E-08
0.0000E+00 0.0000E+00 0.0000E+00 0.0000E+00 0.0000E+00 0.0000E+00 0.0000E+00 0.0000E+00 0.0000E+00 0.0000E+00 0.0000E+00 0.0000E+00 0.0000E+00 0.0000E+00 2.2139E-09 8.3337E-09 2.0788E-08 4.4917E-08 8.7899E-08 1.5741E-07 2.5603E-07 3.8119E-07 5.0756E-07 8.5160E-07 1.4508E-06 1.6932E-06 1.6610E-06 1.4975E-06 1.2585E-06 1.0376E-06 8.3399E-07 6.6565E-07 5.4299E-07 4.4094E-07 3.5636E-07 2.9991E-07 2.5815E-07 2.1890E-07 1.9819E-07 1.8205E-07 1.5321E-07 1.4345E-07 1.0963E-07 7.8111E-08 7.2709E-08 4.7152E-08 4.3737E-08 3.0217E-08 2.7444E-08 2.5716E-08 2.4270E-08 2.3008E-08 2.2019E-08 2.1183E-08 2.0450E-08 1.9869E-08 1.9377E-08
0.0000E+00 0.0000E+00 0.0000E+00 0.0000E+00 0.0000E+00 0.0000E+00 0.0000E+00 0.0000E+00 0.0000E+00 0.0000E+00 0.0000E+00 0.0000E+00 0.0000E+00 0.0000E+00 1.4166E-09 6.3312E-09 1.6300E-08 3.5365E-08 6.9248E-08 1.2411E-07 2.0217E-07 3.0169E-07 3.8806E-07 5.6166E-07 8.9099E-07 1.1000E-06 1.1481E-06 1.0902E-06 9.7707E-07 8.3642E-07 6.9235E-07 5.7143E-07 4.6973E-07 3.8268E-07 3.1736E-07 2.7033E-07 2.3146E-07 2.0261E-07 1.8479E-07 1.7115E-07 1.4474E-07 1.1194E-07 1.0435E-07 7.3870E-08 6.9629E-08 4.4975E-08 3.1647E-08 2.9042E-08 2.6523E-08 2.4955E-08 2.3624E-08 2.2464E-08 2.1553E-08 2.0774E-08 2.0087E-08 1.9542E-08 1.9074E-08
0.0000E+00 0.0000E+00 0.0000E+00 0.0000E+00 0.0000E+00 0.0000E+00 0.0000E+00 0.0000E+00 0.0000E+00 0.0000E+00 0.0000E+00 0.0000E+00 0.0000E+00 0.0000E+00 6.3659E-10 4.1545E-09 1.1559E-08 2.5376E-08 4.9732E-08 8.8757E-08 1.4571E-07 2.1812E-07 2.7759E-07 3.8260E-07 5.6320E-07 6.8123E-07 7.4276E-07 7.5480E-07 7.0875E-07 6.3185E-07 5.3619E-07 4.6058E-07 3.8711E-07 3.1607E-07 2.7151E-07 2.3532E-07 1.9938E-07 1.8231E-07 1.6841E-07 1.4284E-07 1.3426E-07 1.0342E-07 9.5596E-08 6.9129E-08 4.5809E-08 4.2362E-08 2.9654E-08 2.7543E-08 2.5317E-08 2.3936E-08 2.2745E-08 2.1712E-08 2.0896E-08 2.0187E-08 1.9561E-08 1.9067E-08 1.8630E-08
0.0000E+00 0.0000E+00 0.0000E+00 0.0000E+00 0.0000E+00 0.0000E+00 0.0000E+00 0.0000E+00 0.0000E+00 0.0000E+00 0.0000E+00 0.0000E+00 0.0000E+00 0.0000E+00 8.1197E-11 1.9555E-09 7.2472E-09 1.6607E-08 3.2684E-08 5.8487E-08 9.6268E-08 1.4471E-07 1.8463E-07 2.5085E-07 3.6398E-07 4.3488E-07 4.8632E-07 5.0305E-07 4.7821E-07 4.4698E-07 4.0079E-07 3.5355E-07 2.9367E-07 2.5884E-07 2.2425E-07 1.9834E-07 1.7241E-07 1.5995E-07 1.5030E-07 1.2833E-07 1.2238E-07 9.4475E-08 6.7611E-08 6.3885E-08 4.1917E-08 3.9383E-08 2.7518E-08 2.5292E-08 2.3880E-08 2.2703E-08 2.1670E-08 2.0790E-08 2.0073E-08 1.9444E-08 1.8895E-08 1.8453E-08 1.8058E-08
0.0000E+00 0.0000E+00 0.0000E+00 0.0000E+00 0.0000E+00 0.0000E+00 0.0000E+00 0.0000E+00 0.0000E+00 0.0000E+00 0.0000E+00 0.0000E+00 0.0000E+00 0.0000E+00 0.0000E+00 4.6334E-10 3.5825E-09 9.8102E-09 1.9752E-08 3.5494E-08 5.8288E-08 8.8667E-08 1.1451E-07 1.5233E-07 2.2529E-07 2.8033E-07 3.0737E-07 3.2371E-07 3.2366E-07 3.0952E-07 2.8669E-07 2.5384E-07 2.2448E-07 2.0294E-07 1.7959E-07 1.5552E-07 1.4554E-07 1.3750E-07 1.2874E-07 1.1361E-07 8.9271E-08 8.2786E-08 6.0695E-08 5.8308E-08 3.8078E-08 2.7079E-08 2.5263E-08 2.3413E-08 2.2278E-08 2.1301E-08 2.0445E-08 1.9721E-08 1.9111E-08 1.8575E-08 1.8107E-08 1.7720E-08 1.7371E-08
0.0000E+00 0.0000E+00 0.0000E+00 0.0000E+00 0.0000E+00 0.0000E+00 0.0000E+00 0.0000E+00 0.0000E+00 0.0000E+00 0.0000E+00 0.0000E+00 0.0000E+00 0.0000E+00 0.0000E+00 0.0000E+00 8.4634E-10 4.7752E-09 1.0978E-08 1.9955E-08 3.3024E-08 5.0177E-08 6.6591E-08 8.6647E-08 1.3018E-07 1.6871E-07 1.9382E-07 2.0452E-07 2.0545E-07 2.0284E-07 1.9301E-07 1.7812E-07 1.6577E-07 1.4785E-07 1.3286E-07 1.2592E-07 1.2032E-07 1.1630E-07 1.0167E-07 9.9201E-08 7.7973E-08 7.3857E-08 5.4046E-08 3.6147E-08 3.4223E-08 2.4192E-08 2.2931E-08 2.1442E-08 2.0567E-08 1.9784E-08 1.9115E-08 1.8537E-08 1.8034E-08 1.7599E-08 1.7215E-08 1.6887E-08 1.6591E-08
0.0000E+00 0.0000E+00 0.0000E+00 0.0000E+00 0.0000E+00 0.0000E+00 0.0000E+00 0.0000E+00 0.0000E+00 0.0000E+00 0.0000E+00 0.0000E+00 0.0000E+00 0.0000E+00 0.0000E+00 0.0000E+00 7.0079E-14 7.1961E-10 3.4950E-09 1.0432E-08 1.7491E-08 2.6899E-08 3.6310E-08 4.6788E-08 7.0876E-08 9.5315E-08 1.1513E-07 1.2658E-07 1.3193E-07 1.3108E-07 1.2389E-07 1.2001E-07 1.1488E-07 1.0698E-07 1.0267E-07 1.0025E-07 9.7930E-08 9.4578E-08 8.5865E-08 8.5603E-08 6.5357E-08 4.8879E-08 4.7684E-08 3.1587E-08 3.0443E-08 2.1488E-08 2.0174E-08 1.9440E-08 1.8795E-08 1.8210E-08 1.7719E-08 1.7271E-08 1.6884E-08 1.6542E-08 1.6238E-08 1.5973E-08 1.5730E-08
0.0000E+00 0.0000E+00 0.0000E+00 0.0000E+00 0.0000E+00 0.0000E+00 0.0000E+00 0.0000E+00 0.0000E+00 0.0000E+00 0.0000E+00 0.0000E+00 0.0000E+00 0.0000E+00 0.0000E+00 0.0000E+00 0.0000E+00 2.8292E-12 5.0153E-10 3.0671E-09 6.2519E-09 1.0074E-08 1.5077E-08 2.4594E-08 3.6312E-08 5.0961E-08 6.4549E-08 7.4576E-08 7.6354E-08 8.0373E-08 8.2635E-08 8.2370E-08 7.8203E-08 7.8631E-08 7.8022E-08 7.8666E-08 7.6338E-08 7.8103E-08 7.2017E-08 5.5865E-08 5.6289E-08 4.1908E-08 4.1808E-08 2.7455E-08 1.9689E-08 1.8918E-08 1.7954E-08 1.7470E-08 1.7018E-08 1.6632E-08 1.6280E-08 1.5960E-08 1.5684E-08 1.5431E-08 1.5205E-08 1.4996E-08 1.4804E-08
0.0000E+00 0.0000E+00 0.0000E+00 0.0000E+00 0.0000E+00 0.0000E+00 0.0000E+00 0.0000E+00 0.0000E+00 0.0000E+00 0.0000E+00 0.0000E+00 0.0000E+00 0.0000E+00 0.0000E+00 0.0000E+00 0.0000E+00 6.5553E-13 1.0369E-11 4.1890E-10 1.7709E-09 3.5066E-09 5.5848E-09 9.3642E-09 1.4988E-08 1.8859E-08 3.0439E-08 3.8513E-08 4.4801E-08 4.9659E-08 4.9357E-08 5.2233E-08 5.4831E-08 5.7096E-08 5.5657E-08 5.8704E-08 6.1229E-08 5.7929E-08 5.7714E-08 4.6747E-08 4.8111E-08 3.5899E-08 2.4166E-08 2.3686E-08 1.6922E-08 1.6520E-08 1.5859E-08 1.5549E-08 1.5292E-08 1.5062E-08 1.4837E-08 1.4642E-08 1.4458E-08 1.4287E-08 1.4132E-08 1.3987E-08 1.3834E-08
0.0000E+00 0.0000E+00 0.0000E+00 0.0000E+00 0.0000E+00 0.0000E+00 0.0000E+00 0.0000E+00 0.0000E+00 0.0000E+00 0.0000E+00 0.0000E+00 0.0000E+00 0.0000E+00 0.0000E+00 0.0000E+00 0.0000E+00 0.0000E+00 4.3126E-12 2.6951E-11 2.0830E-10 8.1892E-10 1.6604E-09 3.2719E-09 5.0487E-09 8.7917E-09 1.1368E-08 1.8371E-08 2.2480E-08 2.6623E-08 3.0628E-08 3.4564E-08 3.8439E-08 3.8491E-08 4.2017E-08 4.5541E-08 4.9093E-08 4.4759E-08 4.8042E-08 3.9005E-08 2.9837E-08 3.0581E-08 2.0275E-08 2.0369E-08 1.4474E-08 1.4004E-08 1.3878E-08 1.3748E-08 1.3645E-08 1.3529E-08 1.3430E-08 1.3334E-08 1.3227E-08 1.3138E-08 1.3044E-08 1.2947E-08 1.2841E-08
0.0000E+00 0.0000E+00 0.0000E+00 0.0000E+00 0.0000E+00 0.0000E+00 0.0000E+00 0.0000E+00 0.0000E+00 0.0000E+00 0.0000E+00 0.0000E+00 0.0000E+00 0.0000E+00 0.0000E+00 0.0000E+00 0.0000E+00 0.0000E+00 7.8844E-13 1.2464E-11 5.0675E-11 1.0712E-10 2.0623E-10 7.2866E-10 1.3906E-09 2.5769E-09 5.2345E-09 7.6925E-09 1.2092E-08 1.3431E-08 1.6348E-08 2.0204E-08 2.4091E-08 2.7753E-08 3.1879E-08 3.3057E-08 3.7194E-08 3.6457E-08 3.0421E-08 3.2648E-08 2.4780E-08 2.5901E-08 1.7089E-08 1.2355E-08 1.2328E-08 1.2043E-08 1.2075E-08 1.2079E-08 1.2073E-08 1.2070E-08 1.2072E-08 1.2048E-08 1.2025E-08 1.1997E-08 1.1954E-08 1.1900E-08 1.1842E-08
0.0000E+00 0.0000E+00 0.0000E+00 0.0000E+00 0.0000E+00 0.0000E+00 0.0000E+00 0.0000E+00 0.0000E+00 0.0000E+00 0.0000E+00 0.0000E+00 0.0000E+00 0.0000E+00 0.0000E+00 0.0000E+00 0.0000E+00 0.0000E+00 0.0000E+00 4.3491E-12 2.5949E-11 7.3842E-11 1.3076E-10 2.3237E-10 4.0890E-10 9.2030E-10 2.0120E-09 3.2647E-09 5.0838E-09 6.7050E-09 9.9190E-09 1.3230E-08 1.4545E-08 1.8141E-08 2.2134E-08 2.5958E-08 2.6355E-08 2.9828E-08 2.4899E-08 2.7133E-08 2.0616E-08 1.3928E-08 1.4352E-08 1.0275E-08 1.0413E-08 1.0314E-08 1.0445E-08 1.0528E-08 1.0618E-08 1.0706E-08 1.0766E-08 1.0819E-08 1.0860E-08 1.0878E-08 1.0879E-08 1.0869E-08 1.0853E-08
0.0000E+00 0.0000E+00 0.0000E+00 0.0000E+00 0.0000E+00 0.0000E+00 0.0000E+00 0.0000E+00 0.0000E+00 0.0000E+00 0.0000E+00 0.0000E+00 0.0000E+00 0.0000E+00 0.0000E+00 0.0000E+00 0.0000E+00 0.0000E+00 0.0000E+00 1.0190E-13 1.1760E-11 4.3643E-11 9.2977E-11 1.5154E-10 2.5971E-10 4.4276E-10 1.0201E-09 2.1124E-09 3.1985E-09 4.3757E-09 5.9229E-09 7.9377E-09 1.0398E-08 1.3321E-08 1.6907E-08 2.0541E-08 2.1079E-08 2.4291E-08 2.0373E-08 1.5839E-08 1.7179E-08 1.1427E-08 1.2014E-08 8.5558E-09 8.5766E-09 8.7740E-09 8.9683E-09 9.1411E-09 9.2934E-09 9.4155E-09 9.5401E-09 9.6543E-09 9.7359E-09 9.7923E-09 9.8354E-09 9.8673E-09 9.8829E-09
0.0000E+00 0.0000E+00 0.0000E+00 0.0000E+00 0.0000E+00 0.0000E+00 0.0000E+00 0.0000E+00 0.0000E+00 0.0000E+00 0.0000E+00 0.0000E+00 0.0000E+00 0.0000E+00 0.0000E+00 0.0000E+00 0.0000E+00 0.0000E+00 0.0000E+00 0.0000E+00 2.1636E-12 2.2371E-11 5.9100E-11 1.0839E-10 1.7001E-10 2.6711E-10 4.6573E-10 1.1741E-09 2.2144E-09 3.1773E-09 4.4331E-09 6.0966E-09 8.1531E-09 1.0594E-08 1.3320E-08 1.6292E-08 1.6906E-08 1.4559E-08 1.6697E-08 1.2920E-08 1.4240E-08 9.3731E-09 6.7866E-09 7.0885E-09 7.1738E-09 7.4305E-09 7.6830E-09 7.8863E-09 8.0669E-09 8.2374E-09 8.4060E-09 8.5491E-09 8.6612E-09 8.7607E-09 8.8411E-09 8.8998E-09 8.9500E-09
0.0000E+00 0.0000E+00 0.0000E+00 0.0000E+00 0.0000E+00 0.0000E+00 0.0000E+00 0.0000E+00 0.0000E+00 0.0000E+00 0.0000E+00 0.0000E+00 0.0000E+00 0.0000E+00 0.0000E+00 0.0000E+00 0.0000E+00 0.0000E+00 0.0000E+00 0.0000E+00 0.0000E+00 7.1727E-12 3.4247E-11 6.8879E-11 1.2176E-10 1.8486E-10 2.6578E-10 4.3565E-10 1.2688E-09 2.3437E-09 3.4027E-09 4.7150E-09 6.4198E-09 8.4491E-09 1.0744E-08 1.1524E-08 1.3824E-08 1.1811E-08 1.3659E-08 1.0506E-08 7.0920E-09 7.7155E-09 5.5322E-09 5.8664E-09 6.0065E-09 6.2808E-09 6.5220E-09 6.7518E-09 6.9760E-09 7.1790E-09 7.3507E-09 7.5130E-09 7.6638E-09 7.7917E-09 7.8969E-09 7.9867E-09 8.0494E-09
0.0000E+00 0.0000E+00 0.0000E+00 0.0000E+00 0.0000E+00 0.0000E+00 0.0000E+00 0.0000E+00 0.0000E+00 0.0000E+00 0.0000E+00 0.0000E+00 0.0000E+00 0.0000E+00 0.0000E+00 0.0000E+00 0.0000E+00 0.0000E+00 0.0000E+00 0.0000E+00 0.0000E+00 3.6865E-13 1.4052E-11 4.4379E-11 7.4512E-11 1.3234E-10 1.9400E-10 2.5906E-10 4.7079E-10 1.3197E-09 2.5551E-09 3.6898E-09 5.0652E-09 6.7324E-09 8.6421E-09 9.3188E-09 1.1288E-08 9.6923E-09 7.6080E-09 8.6264E-09 5.6939E-09 4.7676E-09 4.4725E-09 4.6665E-09 4.9681E-09 5.2483E-09 5.5214E-09 5.7734E-09 5.9965E-09 6.1953E-09 6.3883E-09 6.5724E-09 6.7346E-09 6.8880E-09 7.0158E-09 7.1148E-09 7.1885E-09
0.0000E+00 0.0000E+00 0.0000E+00 0.0000E+00 0.0000E+00 0.0000E+00 0.0000E+00 0.0000E+00 0.0000E+00 0.0000E+00 0.0000E+00 0.0000E+00 0.0000E+00 0.0000E+00 0.0000E+00 0.0000E+00 0.0000E+00 0.0000E+00 0.0000E+00 0.0000E+00 0.0000E+00 0.0000E+00 1.8693E-12 2.1096E-11 5.1221E-11 8.0218E-11 1.3338E-10 1.8390E-10 2.5138E-10 6.0029E-10 1.5883E-09 2.7919E-09 3.9799E-09 5.3435E-09 6.9167E-09 7.5232E-09 6.6896E-09 7.9439E-09 6.2354E-09 5.6988E-09 4.6261E-09 3.3198E-09 3.6242E-09 3.8120E-09 4.0993E-09 4.3730E-09 4.6271E-09 4.8758E-09 5.1070E-09 5.3330E-09 5.5297E-09 5.7106E-09 5.8910E-09 6.0489E-09 6.1832E-09 6.2936E-09 6.3889E-09
0.0000E+00 0.0000E+00 0.0000E+00 0.0000E+00 0.0000E+00 0.0000E+00 0.0000E+00 0.0000E+00 0.0000E+00 0.0000E+00 0.0000E+00 0.0000E+00 0.0000E+00 0.0000E+00 0.0000E+00 0.0000E+00 0.0000E+00 0.0000E+00 0.0000E+00 0.0000E+00 0.0000E+00 0.0000E+00 0.0000E+00 4.7692E-12 2.6797E-11 5.5456E-11 8.6109E-11 1.3113E-10 1.7304E-10 2.7710E-10 8.6614E-10 1.9443E-09 3.0627E-09 4.2107E-09 4.7884E-09 6.0576E-09 5.4138E-09 5.4394E-09 5.1008E-09 3.4127E-09 3.8001E-09 2.6495E-09 2.8537E-09 3.1178E-09 3.3785E-09 3.6366E-09 3.8838E-09 4.1241E-09 4.3446E-09 4.5559E-09 4.7619E-09 4.9523E-09 5.1174E-09 5.2661E-09 5.4138E-09 5.5426E-09 5.6421E-09
0.0000E+00 0.0000E+00 0.0000E+00 0.0000E+00 0.0000E+00 0.0000E+00 0.0000E+00 0.0000E+00 0.0000E+00 0.0000E+00 0.0000E+00 0.0000E+00 0.0000E+00 0.0000E+00 0.0000E+00 0.0000E+00 0.0000E+00 0.0000E+00 0.0000E+00 0.0000E+00 0.0000E+00 0.0000E+00 0.0000E+00 2.2972E-14 8.1796E-12 2.9455E-11 5.4846E-11 9.1282E-11 1.2610E-10 1.6305E-10 3.9663E-10 1.2094E-09 2.2766E-09 3.2496E-09 3.7850E-09 3.6287E-09 4.3804E-09 3.5805E-09 4.1824E-09 2.7915E-09 2.0303E-09 2.1645E-09 2.2964E-09 2.5285E-09 2.7862E-09 3.0174E-09 3.2367E-09 3.4610E-09 3.6782E-09 3.8875E-09 4.0784E-09 4.2503E-09 4.4159E-09 4.5709E-09 4.7083E-09 4.8375E-09 4.9541E-09
