Assets/Resources/2015_m01_d02_0900(utc+0800)_l00_csi_1hr_conc.grd
DSAA
         159         159
     -79.000      79.000
     -79.000      79.000
  0.0000E+00  0.7151E-05
[rows 50 to 74 of 159, columns 57 to 113 of 159]
0.0000E+00 0.0000E+00 0.0000E+00 0.0000E+00 0.0000E+00 0.0000E+00 0.0000E+00 0.0000E+00 0.0000E+00 0.0000E+00 0.0000E+00 0.0000E+00 0.0000E+00 0.0000E+00 0.0000E+00 0.0000E+00 0.0000E+00 0.0000E+00 0.0000E+00 0.0000E+00 0.0000E+00 0.0000E+00 0.0000E+00 0.0000E+00 4.0490E-11 1.7228E-10 4.4893E-10 9.7036E-10 1.8078E-09 3.0118E-09 4.5422E-09 6.3520E-09 8.3390E-09 1.0427E-08 1.2423E-08 1.4170E-08 1.5714E-08 1.7006E-08 1.8085E-08 1.9006E-08 1.9849E-08 2.0653E-08 2.1468E-08 2.2303E-08 2.3083E-08 2.3825E-08 2.4599E-08 2.5331E-08 2.5968E-08 2.6458E-08 2.6771E-08 2.6881E-08 2.6780E-08 2.6468E-08 2.5984E-08 2.5348E-08 2.4602E-08
0.0000E+00 0.0000E+00 0.0000E+00 0.0000E+00 0.0000E+00 0.0000E+00 0.0000E+00 0.0000E+00 0.0000E+00 0.0000E+00 0.0000E+00 0.0000E+00 0.0000E+00 0.0000E+00 0.0000E+00 0.0000E+00 0.0000E+00 0.0000E+00 0.0000E+00 0.0000E+00 0.0000E+00 0.0000E+00 0.0000E+00 1.1622E-11 8.6686E-11 2.9537E-10 7.0962E-10 1.4493E-09 2.5958E-09 4.1731E-09 6.1148E-09 8.3122E-09 1.0634E-08 1.2972E-08 1.5180E-08 1.7010E-08 1.8575E-08 1.9838E-08 2.0856E-08 2.1696E-08 2.2450E-08 2.3174E-08 2.3925E-08 2.4711E-08 2.5468E-08 2.6201E-08 2.6970E-08 2.7706E-08 2.8322E-08 2.8782E-08 2.9043E-08 2.9081E-08 2.8876E-08 2.8428E-08 2.7773E-08 2.6951E-08 2.6002E-08
0.0000E+00 0.0000E+00 0.0000E+00 0.0000E+00 0.0000E+00 0.0000E+00 0.0000E+00 0.0000E+00 0.0000E+00 0.0000E+00 0.0000E+00 0.0000E+00 0.0000E+00 0.0000E+00 0.0000E+00 0.0000E+00 0.0000E+00 0.0000E+00 0.0000E+00 0.0000E+00 0.0000E+00 0.0000E+00 0.0000E+00 3.9631E-11 1.6912E-10 4.9053E-10 1.0979E-09 2.1200E-09 3.6287E-09 5.6151E-09 7.9576E-09 1.0494E-08 1.3065E-08 1.5573E-08 1.7883E-08 1.9724E-08 2.1254E-08 2.2448E-08 2.3392E-08 2.4125E-08 2.4797E-08 2.5458E-08 2.6162E-08 2.6927E-08 2.7698E-08 2.8442E-08 2.9233E-08 2.9961E-08 3.0560E-08 3.0997E-08 3.1207E-08 3.1151E-08 3.0813E-08 3.0206E-08 2.9351E-08 2.8308E-08 2.7127E-08
0.0000E+00 0.0000E+00 0.0000E+00 0.0000E+00 0.0000E+00 0.0000E+00 0.0000E+00 0.0000E+00 0.0000E+00 0.0000E+00 0.0000E+00 0.0000E+00 0.0000E+00 0.0000E+00 0.0000E+00 0.0000E+00 0.0000E+00 0.0000E+00 0.0000E+00 0.0000E+00 0.0000E+00 0.0000E+00 1.2750E-11 9.7444E-11 3.1493E-10 7.9972E-10 1.6766E-09 3.0622E-09 4.9768E-09 7.3558E-09 1.0048E-08 1.2831E-08 1.5535E-08 1.8085E-08 2.0419E-08 2.2213E-08 2.3679E-08 2.4793E-08 2.5638E-08 2.6299E-08 2.6918E-08 2.7529E-08 2.8223E-08 2.9012E-08 2.9827E-08 3.0580E-08 3.1378E-08 3.2125E-08 3.2709E-08 3.3095E-08 3.3208E-08 3.3027E-08 3.2514E-08 3.1693E-08 3.0602E-08 2.9321E-08 2.7883E-08
0.0000E+00 0.0000E+00 0.0000E+00 0.0000E+00 0.0000E+00 0.0000E+00 0.0000E+00 0.0000E+00 0.0000E+00 0.0000E+00 0.0000E+00 0.0000E+00 0.0000E+00 0.0000E+00 0.0000E+00 0.0000E+00 0.0000E+00 0.0000E+00 0.0000E+00 0.0000E+00 0.0000E+00 7.3510E-13 4.8481E-11 2.0169E-10 5.6319E-10 1.2904E-09 2.5260E-09 4.3351E-09 6.6669E-09 9.4016E-09 1.2329E-08 1.5220E-08 1.7936E-08 2.0444E-08 2.2733E-08 2.4461E-08 2.5838E-08 2.6889E-08 2.7681E-08 2.8291E-08 2.8865E-08 2.9491E-08 3.0222E-08 3.1045E-08 3.1888E-08 3.2659E-08 3.3471E-08 3.4184E-08 3.4710E-08 3.4999E-08 3.4965E-08 3.4579E-08 3.3827E-08 3.2757E-08 3.1383E-08 2.9837E-08 2.8135E-08
0.0000E+00 0.0000E+00 0.0000E+00 0.0000E+00 0.0000E+00 0.0000E+00 0.0000E+00 0.0000E+00 0.0000E+00 0.0000E+00 0.0000E+00 0.0000E+00 0.0000E+00 0.0000E+00 0.0000E+00 0.0000E+00 0.0000E+00 0.0000E+00 0.0000E+00 0.0000E+00 0.0000E+00 2.0766E-11 1.2566E-10 3.9575E-10 9.8508E-10 2.0598E-09 3.7424E-09 6.0121E-09 8.7292E-09 1.1684E-08 1.4688E-08 1.7560E-08 2.0189E-08 2.2575E-08 2.4795E-08 2.6482E-08 2.7835E-08 2.8860E-08 2.9619E-08 3.0215E-08 3.0821E-08 3.1479E-08 3.2258E-08 3.3115E-08 3.3962E-08 3.4707E-08 3.5464E-08 3.6089E-08 3.6476E-08 3.6548E-08 3.6280E-08 3.5616E-08 3.4573E-08 3.3187E-08 3.1525E-08 2.9700E-08 2.7754E-08
0.0000E+00 0.0000E+00 0.0000E+00 0.0000E+00 0.0000E+00 0.0000E+00 0.0000E+00 0.0000E+00 0.0000E+00 0.0000E+00 0.0000E+00 0.0000E+00 0.0000E+00 0.0000E+00 0.0000E+00 0.0000E+00 0.0000E+00 0.0000E+00 0.0000E+00 0.0000E+00 6.9827E-12 7.4919E-11 2.7324E-10 7.3979E-10 1.6644E-09 3.2059E-09 5.3970E-09 8.1128E-09 1.1103E-08 1.4125E-08 1.7036E-08 1.9768E-08 2.2237E-08 2.4518E-08 2.6727E-08 2.8431E-08 2.9808E-08 3.0861E-08 3.1652E-08 3.2281E-08 3.2936E-08 3.3649E-08 3.4432E-08 3.5259E-08 3.6041E-08 3.6663E-08 3.7232E-08 3.7647E-08 3.7766E-08 3.7504E-08 3.6885E-08 3.5866E-08 3.4489E-08 3.2774E-08 3.0845E-08 2.8778E-08 2.6634E-08
0.0000E+00 0.0000E+00 0.0000E+00 0.0000E+00 0.0000E+00 0.0000E+00 0.0000E+00 0.0000E+00 0.0000E+00 0.0000E+00 0.0000E+00 0.0000E+00 0.0000E+00 0.0000E+00 0.0000E+00 0.0000E+00 0.0000E+00 0.0000E+00 0.0000E+00 1.8033E-13 3.9511E-11 1.8801E-10 5.5935E-10 1.3314E-09 2.7195E-09 4.8211E-09 7.5162E-09 1.0600E-08 1.3680E-08 1.6577E-08 1.9261E-08 2.1745E-08 2.4090E-08 2.6337E-08 2.8634E-08 3.0461E-08 3.1949E-08 3.3121E-08 3.3988E-08 3.4698E-08 3.5335E-08 3.5996E-08 3.6727E-08 3.7429E-08 3.7986E-08 3.8278E-08 3.8486E-08 3.8523E-08 3.8209E-08 3.7531E-08 3.6469E-08 3.5048E-08 3.3330E-08 3.1337E-08 2.9193E-08 2.6966E-08 2.4738E-08
0.0000E+00 0.0000E+00 0.0000E+00 0.0000E+00 0.0000E+00 0.0000E+00 0.0000E+00 0.0000E+00 0.0000E+00 0.0000E+00 0.0000E+00 0.0000E+00 0.0000E+00 0.0000E+00 0.0000E+00 0.0000E+00 0.0000E+00 0.0000E+00 0.0000E+00 1.0987E-11 1.1027E-10 4.0099E-10 1.0700E-09 2.3073E-09 4.2552E-09 6.9269E-09 1.0073E-08 1.3296E-08 1.6288E-08 1.8893E-08 2.1260E-08 2.3545E-08 2.5825E-08 2.8156E-08 3.0684E-08 3.2807E-08 3.4501E-08 3.5867E-08 3.6793E-08 3.7427E-08 3.7982E-08 3.8483E-08 3.8959E-08 3.9299E-08 3.9428E-08 3.9148E-08 3.8753E-08 3.8250E-08 3.7409E-08 3.6247E-08 3.4743E-08 3.2962E-08 3.0962E-08 2.8794E-08 2.6548E-08 2.4295E-08 2.2121E-08
0.0000E+00 0.0000E+00 0.0000E+00 0.0000E+00 0.0000E+00 0.0000E+00 0.0000E+00 0.0000E+00 0.0000E+00 0.0000E+00 0.0000E+00 0.0000E+00 0.0000E+00 0.0000E+00 0.0000E+00 0.0000E+00 0.0000E+00 0.0000E+00 1.0206E-12 5.3052E-11 2.6690E-10 8.1771E-10 1.9434E-09 3.7979E-09 6.3729E-09 9.5110E-09 1.2868E-08 1.6047E-08 1.8749E-08 2.0963E-08 2.3027E-08 2.5198E-08 2.7578E-08 3.0165E-08 3.3112E-08 3.5722E-08 3.7670E-08 3.9132E-08 3.9960E-08 4.0398E-08 4.0596E-08 4.0626E-08 4.0545E-08 4.0237E-08 3.9666E-08 3.8628E-08 3.7508E-08 3.6376E-08 3.5005E-08 3.3402E-08 3.1561E-08 2.9563E-08 2.7417E-08 2.5233E-08 2.3047E-08 2.0912E-08 1.8925E-08
0.0000E+00 0.0000E+00 0.0000E+00 0.0000E+00 0.0000E+00 0.0000E+00 0.0000E+00 0.0000E+00 0.0000E+00 0.0000E+00 0.0000E+00 0.0000E+00 0.0000E+00 0.0000E+00 0.0000E+00 0.0000E+00 0.0000E+00 0.0000E+00 2.0379E-11 1.5885E-10 5.8672E-10 1.5670E-09 3.3406E-09 5.9237E-09 9.0794E-09 1.2452E-08 1.5731E-08 1.8613E-08 2.0920E-08 2.2799E-08 2.4651E-08 2.6859E-08 2.9536E-08 3.2574E-08 3.6092E-08 3.9218E-08 4.1325E-08 4.2710E-08 4.3106E-08 4.2903E-08 4.2326E-08 4.1501E-08 4.0512E-08 3.9309E-08 3.7899E-08 3.6097E-08 3.4309E-08 3.2644E-08 3.0894E-08 2.9022E-08 2.7053E-08 2.5023E-08 2.2944E-08 2.0929E-08 1.8967E-08 1.7098E-08 1.5403E-08
0.0000E+00 0.0000E+00 0.0000E+00 0.0000E+00 0.0000E+00 0.0000E+00 0.0000E+00 0.0000E+00 0.0000E+00 0.0000E+00 0.0000E+00 0.0000E+00 0.0000E+00 0.0000E+00 0.0000E+00 0.0000E+00 0.0000E+00 7.7971E-12 8.3692E-11 3.8716E-10 1.2055E-09 2.8547E-09 5.4341E-09 8.7251E-09 1.2238E-08 1.5525E-08 1.8425E-08 2.0854E-08 2.2810E-08 2.4467E-08 2.6275E-08 2.8693E-08 3.1883E-08 3.5473E-08 3.9554E-08 4.3083E-08 4.4847E-08 4.5610E-08 4.4906E-08 4.3576E-08 4.1740E-08 3.9828E-08 3.7770E-08 3.5714E-08 3.3611E-08 3.1317E-08 2.9140E-08 2.7235E-08 2.5385E-08 2.3532E-08 2.1668E-08 1.9825E-08 1.8015E-08 1.6316E-08 1.4702E-08 1.3209E-08 1.1877E-08
0.0000E+00 0.0000E+00 0.0000E+00 0.0000E+00 0.0000E+00 0.0000E+00 0.0000E+00 0.0000E+00 0.0000E+00 0.0000E+00 0.0000E+00 0.0000E+00 0.0000E+00 0.0000E+00 0.0000E+00 0.0000E+00 8.0601E-13 3.9334E-11 2.1352E-10 8.2376E-10 2.3004E-09 4.8808E-09 8.3459E-09 1.2113E-08 1.5572E-08 1.8456E-08 2.0803E-08 2.2813E-08 2.4502E-08 2.6177E-08 2.8122E-08 3.0928E-08 3.4613E-08 3.8711E-08 4.2839E-08 4.5891E-08 4.6347E-08 4.5641E-08 4.3288E-08 4.0534E-08 3.7452E-08 3.4626E-08 3.1840E-08 2.9363E-08 2.7000E-08 2.4716E-08 2.2603E-08 2.0818E-08 1.9173E-08 1.7592E-08 1.6068E-08 1.4594E-08 1.3182E-08 1.1884E-08 1.0677E-08 9.5975E-09 8.6347E-09
0.0000E+00 0.0000E+00 0.0000E+00 0.0000E+00 0.0000E+00 0.0000E+00 0.0000E+00 0.0000E+00 0.0000E+00 0.0000E+00 0.0000E+00 0.0000E+00 0.0000E+00 0.0000E+00 0.0000E+00 0.0000E+00 9.1322E-12 1.0006E-10 4.6226E-10 1.5949E-09 4.0627E-09 7.8088E-09 1.2052E-08 1.5853E-08 1.8823E-08 2.1011E-08 2.2793E-08 2.4515E-08 2.6240E-08 2.8054E-08 3.0388E-08 3.3709E-08 3.7795E-08 4.1609E-08 4.4263E-08 4.5055E-08 4.2960E-08 4.0341E-08 3.6543E-08 3.2897E-08 2.9319E-08 2.6311E-08 2.3552E-08 2.1266E-08 1.9201E-08 1.7381E-08 1.5749E-08 1.4380E-08 1.3156E-08 1.2006E-08 1.0932E-08 9.8964E-09 8.9261E-09 8.0417E-09 7.2272E-09 6.5270E-09 5.9007E-09
0.0000E+00 0.0000E+00 0.0000E+00 0.0000E+00 0.0000E+00 0.0000E+00 0.0000E+00 0.0000E+00 0.0000E+00 0.0000E+00 0.0000E+00 0.0000E+00 0.0000E+00 0.0000E+00 0.0000E+00 0.0000E+00 0.0000E+00 1.3823E-10 7.4220E-10 2.5793E-09 6.4598E-09 1.1730E-08 1.6418E-08 1.9612E-08 2.1671E-08 2.3130E-08 2.4504E-08 2.6223E-08 2.8175E-08 3.0368E-08 3.3259E-08 3.7168E-08 4.1028E-08 4.2777E-08 4.1472E-08 3.8294E-08 3.3424E-08 2.9455E-08 2.5599E-08 2.2195E-08 1.9262E-08 1.6888E-08 1.4856E-08 1.3235E-08 1.1842E-08 1.0696E-08 9.7014E-09 8.8658E-09 8.1092E-09 7.4102E-09 6.7656E-09 6.1389E-09 5.5610E-09 5.0225E-09 4.5440E-09 4.1337E-09 3.7806E-09
0.0000E+00 0.0000E+00 0.0000E+00 0.0000E+00 0.0000E+00 0.0000E+00 0.0000E+00 0.0000E+00 0.0000E+00 0.0000E+00 0.0000E+00 0.0000E+00 0.0000E+00 0.0000E+00 0.0000E+00 0.0000E+00 0.0000E+00 1.7838E-10 1.0439E-09 3.8426E-09 9.7360E-09 1.6958E-08 2.1773E-08 2.3456E-08 2.4100E-08 2.4982E-08 2.6227E-08 2.8174E-08 3.0501E-08 3.3324E-08 3.7013E-08 4.1154E-08 4.3389E-08 4.0729E-08 3.3671E-08 2.6316E-08 2.0488E-08 1.6734E-08 1.4078E-08 1.1938E-08 1.0228E-08 8.8780E-09 7.7899E-09 6.9278E-09 6.2208E-09 5.6592E-09 5.1983E-09 4.8176E-09 4.4353E-09 4.0943E-09 3.7680E-09 3.4587E-09 3.1606E-09 2.8783E-09 2.6328E-09 2.4228E-09 2.2582E-09
0.0000E+00 0.0000E+00 0.0000E+00 0.0000E+00 0.0000E+00 0.0000E+00 0.0000E+00 0.0000E+00 0.0000E+00 0.0000E+00 0.0000E+00 0.0000E+00 0.0000E+00 0.0000E+00 0.0000E+00 0.0000E+00 0.0000E+00 1.2155E-10 1.0725E-09 4.8266E-09 1.3411E-08 2.3585E-08 2.8113E-08 2.7189E-08 2.6191E-08 2.6765E-08 2.8186E-08 3.0458E-08 3.3510E-08 3.7185E-08 4.1729E-08 4.5186E-08 4.2976E-08 3.3946E-08 2.2485E-08 1.3777E-08 9.1723E-09 7.0005E-09 5.7643E-09 4.8938E-09 4.2373E-09 3.7026E-09 3.2992E-09 2.9704E-09 2.7235E-09 2.5234E-09 2.3809E-09 2.2682E-09 2.1237E-09 1.9906E-09 1.8589E-09 1.7431E-09 1.6127E-09 1.5008E-09 1.3878E-09 1.3060E-09 1.2393E-09
0.0000E+00 0.0000E+00 0.0000E+00 0.0000E+00 0.0000E+00 0.0000E+00 0.0000E+00 0.0000E+00 0.0000E+00 0.0000E+00 0.0000E+00 0.0000E+00 0.0000E+00 0.0000E+00 0.0000E+00 0.0000E+00 0.0000E+00 9.4285E-12 9.2750E-10 5.3990E-09 1.7547E-08 3.2487E-08 3.6372E-08 3.1199E-08 2.8217E-08 2.8751E-08 3.0698E-08 3.3466E-08 3.7327E-08 4.2226E-08 4.7024E-08 4.7040E-08 3.7418E-08 2.2718E-08 1.1273E-08 5.1302E-09 2.6977E-09 1.9482E-09 1.6192E-09 1.4465E-09 1.2834E-09 1.1603E-09 1.0631E-09 9.9383E-10 9.4285E-10 9.0844E-10 8.9276E-10 8.8818E-10 8.6066E-10 8.2308E-10 7.8624E-10 7.5116E-10 7.1480E-10 6.8695E-10 6.5096E-10 6.2863E-10 6.1301E-10
0.0000E+00 0.0000E+00 0.0000E+00 0.0000E+00 0.0000E+00 0.0000E+00 0.0000E+00 0.0000E+00 0.0000E+00 0.0000E+00 0.0000E+00 0.0000E+00 0.0000E+00 0.0000E+00 0.0000E+00 0.0000E+00 0.0000E+00 2.1565E-13 5.3548E-10 4.9280E-09 2.0882E-08 4.3400E-08 4.6761E-08 3.5240E-08 3.0221E-08 3.1277E-08 3.3933E-08 3.7416E-08 4.2405E-08 4.8434E-08 5.1296E-08 4.2429E-08 2.5147E-08 1.0944E-08 3.7250E-09 1.1150E-09 3.6392E-10 2.4894E-10 2.4116E-10 2.3225E-10 2.1159E-10 2.0652E-10 1.9419E-10 2.0095E-10 2.0188E-10 2.1792E-10 2.2902E-10 2.5038E-10 2.6115E-10 2.5360E-10 2.5095E-10 2.4117E-10 2.3793E-10 2.4698E-10 2.4712E-10 2.5227E-10 2.5634E-10
0.0000E+00 0.0000E+00 0.0000E+00 0.0000E+00 0.0000E+00 0.0000E+00 0.0000E+00 0.0000E+00 0.0000E+00 0.0000E+00 0.0000E+00 0.0000E+00 0.0000E+00 0.0000E+00 0.0000E+00 0.0000E+00 0.0000E+00 0.0000E+00 1.7975E-11 3.7583E-09 2.3376E-08 5.8440E-08 6.1409E-08 3.9809E-08 3.2720E-08 3.4592E-08 3.8102E-08 4.2577E-08 4.9425E-08 5.5152E-08 4.8712E-08 2.8472E-08 1.0914E-08 3.0117E-09 6.1394E-10 2.8546E-11 0.0000E+00 8.2675E-13 0.0000E+00 2.0146E-12 0.0000E+00 3.0773E-12 8.0523E-13 5.8876E-12 7.3377E-12 1.5508E-11 2.4966E-11 2.5890E-11 2.7748E-11 2.8121E-11 3.0638E-11 2.9646E-11 3.1737E-11 3.8148E-11 5.1673E-11 6.5747E-11 8.0462E-11
0.0000E+00 0.0000E+00 0.0000E+00 0.0000E+00 0.0000E+00 0.0000E+00 0.0000E+00 0.0000E+00 0.0000E+00 0.0000E+00 0.0000E+00 0.0000E+00 0.0000E+00 0.0000E+00 0.0000E+00 0.0000E+00 0.0000E+00 0.0000E+00 9.1156E-13 2.0255E-09 2.2916E-08 7.7612E-08 8.1645E-08 4.3904E-08 3.5145E-08 3.8818E-08 4.3733E-08 4.9601E-08 5.8102E-08 5.6445E-08 3.2751E-08 1.0852E-08 2.2667E-09 2.8894E-10 0.0000E+00 0.0000E+00 0.0000E+00 0.0000E+00 0.0000E+00 0.0000E+00 0.0000E+00 0.0000E+00 0.0000E+00 0.0000E+00 0.0000E+00 0.0000E+00 0.0000E+00 0.0000E+00 0.0000E+00 0.0000E+00 0.0000E+00 0.0000E+00 0.0000E+00 0.0000E+00 2.4050E-12 1.0674E-11 2.2412E-11
0.0000E+00 0.0000E+00 0.0000E+00 0.0000E+00 0.0000E+00 0.0000E+00 0.0000E+00 0.0000E+00 0.0000E+00 0.0000E+00 0.0000E+00 0.0000E+00 0.0000E+00 0.0000E+00 0.0000E+00 0.0000E+00 0.0000E+00 0.0000E+00 0.0000E+00 2.4070E-11 1.8728E-08 1.0260E-07 1.1224E-07 4.7745E-08 3.9493E-08 4.4584E-08 5.1443E-08 6.0246E-08 6.5596E-08 3.9470E-08 1.0211E-08 1.4618E-09 3.5320E-11 0.0000E+00 0.0000E+00 0.0000E+00 0.0000E+00 0.0000E+00 0.0000E+00 0.0000E+00 0.0000E+00 0.0000E+00 0.0000E+00 0.0000E+00 0.0000E+00 0.0000E+00 0.0000E+00 0.0000E+00 0.0000E+00 0.0000E+00 0.0000E+00 0.0000E+00 0.0000E+00 0.0000E+00 0.0000E+00 0.0000E+00 2.9995E-12
0.0000E+00 0.0000E+00 0.0000E+00 0.0000E+00 0.0000E+00 0.0000E+00 0.0000E+00 0.0000E+00 0.0000E+00 0.0000E+00 0.0000E+00 0.0000E+00 0.0000E+00 0.0000E+00 0.0000E+00 0.0000E+00 0.0000E+00 0.0000E+00 0.0000E+00 9.8721E-13 1.0372E-08 1.2925E-07 1.5742E-07 5.0216E-08 4.5780E-08 5.3030E-08 6.2085E-08 7.2198E-08 4.8256E-08 9.9508E-09 6.3286E-10 0.0000E+00 0.0000E+00 0.0000E+00 0.0000E+00 0.0000E+00 0.0000E+00 0.0000E+00 0.0000E+00 0.0000E+00 0.0000E+00 0.0000E+00 0.0000E+00 0.0000E+00 0.0000E+00 0.0000E+00 0.0000E+00 0.0000E+00 0.0000E+00 0.0000E+00 0.0000E+00 0.0000E+00 0.0000E+00 0.0000E+00 0.0000E+00 0.0000E+00 0.0000E+00
0.0000E+00 0.0000E+00 0.0000E+00 0.0000E+00 0.0000E+00 0.0000E+00 0.0000E+00 0.0000E+00 0.0000E+00 0.0000E+00 0.0000E+00 0.0000E+00 0.0000E+00 0.0000E+00 0.0000E+00 0.0000E+00 0.0000E+00 0.0000E+00 0.0000E+00 0.0000E+00 2.7432E-09 1.4756E-07 2.2770E-07 5.2990E-08 5.3816E-08 6.3836E-08 7.7423E-08 6.0928E-08 1.0803E-08 2.9598E-10 0.0000E+00 0.0000E+00 0.0000E+00 0.0000E+00 0.0000E+00 0.0000E+00 0.0000E+00 0.0000E+00 0.0000E+00 0.0000E+00 0.0000E+00 0.0000E+00 0.0000E+00 0.0000E+00 0.0000E+00 0.0000E+00 0.0000E+00 0.0000E+00 0.0000E+00 0.0000E+00 0.0000E+00 0.0000E+00 0.0000E+00 0.0000E+00 0.0000E+00 0.0000E+00 0.0000E+00
0.0000E+00 0.0000E+00 0.0000E+00 0.0000E+00 0.0000E+00 0.0000E+00 0.0000E+00 0.0000E+00 0.0000E+00 0.0000E+00 0.0000E+00 0.0000E+00 0.0000E+00 0.0000E+00 0.0000E+00 0.0000E+00 0.0000E+00 0.0000E+00 0.0000E+00 0.0000E+00 5.4100E-12 1.4237E-07 3.4007E-07 5.5690E-08 6.5578E-08 8.0981E-08 7.7112E-08 1.2642E-08 1.0036E-10 0.0000E+00 0.0000E+00 0.0000E+00 0.0000E+00 0.0000E+00 0.0000E+00 0.0000E+00 0.0000E+00 0.0000E+00 0.0000E+00 0.0000E+00 0.0000E+00 0.0000E+00 0.0000E+00 0.0000E+00 0.0000E+00 0.0000E+00 0.0000E+00 0.0000E+00 0.0000E+00 0.0000E+00 0.0000E+00 0.0000E+00 0.0000E+00 0.0000E+00 0.0000E+00 0.0000E+00 0.0000E+00
