Assets/Resources/2015_m01_d05_1500(utc+0800)_l00_csi_1hr_conc.grd
DSAA
         159         159
     -79.000      79.000
     -79.000      79.000
  0.9467E-10  0.6481E-05
[rows 125 to 149 of 159, columns 57 to 113 of 159]
6.1129E-10 6.0028E-10 5.8917E-10 5.7546E-10 5.5810E-10 5.4500E-10 5.2664E-10 5.1150E-10 4.9440E-10 4.8463E-10 4.7806E-10 4.7479E-10 4.7144E-10 4.6802E-10 4.6453E-10 4.6097E-10 4.5734E-10 4.5365E-10 4.4990E-10 4.4608E-10 4.4221E-10 4.3829E-10 4.3431E-10 4.3027E-10 4.2619E-10 4.2207E-10 4.1789E-10 4.1368E-10 4.0943E-10 4.0514E-10 4.0081E-10 3.9645E-10 3.9206E-10 3.8764E-10 3.8320E-10 3.7873E-10 3.7424E-10 3.6974E-10 3.6521E-10 3.6068E-10 3.5613E-10 3.5157E-10 3.4701E-10 3.4244E-10 3.3787E-10 3.3330E-10 3.2871E-10 3.2411E-10 3.1951E-10 3.1493E-10 3.1036E-10 3.0582E-10 3.0129E-10 2.9678E-10 2.9230E-10 2.8784E-10 2.8341E-10
5.9504E-10 5.8168E-10 5.7059E-10 5.5392E-10 5.3431E-10 5.1966E-10 5.0552E-10 4.9142E-10 4.8499E-10 4.7857E-10 4.7536E-10 4.7207E-10 4.6871E-10 4.6528E-10 4.6178E-10 4.5821E-10 4.5457E-10 4.5087E-10 4.4712E-10 4.4330E-10 4.3942E-10 4.3549E-10 4.3151E-10 4.2748E-10 4.2340E-10 4.1927E-10 4.1510E-10 4.1090E-10 4.0665E-10 4.0236E-10 3.9804E-10 3.9369E-10 3.8931E-10 3.8490E-10 3.8047E-10 3.7601E-10 3.7153E-10 3.6704E-10 3.6253E-10 3.5801E-10 3.5348E-10 3.4894E-10 3.4439E-10 3.3984E-10 3.3529E-10 3.3071E-10 3.2612E-10 3.2154E-10 3.1697E-10 3.1242E-10 3.0788E-10 3.0336E-10 2.9886E-10 2.9439E-10 2.8994E-10 2.8551E-10 2.8111E-10
5.7678E-10 5.5887E-10 5.4670E-10 5.2756E-10 5.1479E-10 4.9796E-10 4.9146E-10 4.8202E-10 4.7894E-10 4.7579E-10 4.7257E-10 4.6926E-10 4.6589E-10 4.6245E-10 4.5894E-10 4.5536E-10 4.5172E-10 4.4802E-10 4.4425E-10 4.4043E-10 4.3656E-10 4.3263E-10 4.2864E-10 4.2461E-10 4.2054E-10 4.1641E-10 4.1225E-10 4.0804E-10 4.0380E-10 3.9952E-10 3.9521E-10 3.9087E-10 3.8649E-10 3.8210E-10 3.7767E-10 3.7323E-10 3.6877E-10 3.6429E-10 3.5979E-10 3.5529E-10 3.5078E-10 3.4626E-10 3.4173E-10 3.3719E-10 3.3262E-10 3.2805E-10 3.2349E-10 3.1893E-10 3.1440E-10 3.0987E-10 3.0536E-10 3.0088E-10 2.9641E-10 2.9196E-10 2.8755E-10 2.8315E-10 2.7879E-10
5.5269E-10 5.3624E-10 5.1795E-10 5.0835E-10 4.9458E-10 4.8839E-10 4.8218E-10 4.7917E-10 4.7609E-10 4.7292E-10 4.6968E-10 4.6637E-10 4.6299E-10 4.5954E-10 4.5602E-10 4.5244E-10 4.4879E-10 4.4508E-10 4.4132E-10 4.3749E-10 4.3362E-10 4.2969E-10 4.2571E-10 4.2168E-10 4.1760E-10 4.1349E-10 4.0932E-10 4.0513E-10 4.0089E-10 3.9662E-10 3.9232E-10 3.8798E-10 3.8362E-10 3.7924E-10 3.7483E-10 3.7040E-10 3.6595E-10 3.6149E-10 3.5701E-10 3.5252E-10 3.4803E-10 3.4353E-10 3.3900E-10 3.3445E-10 3.2990E-10 3.2535E-10 3.2082E-10 3.1629E-10 3.1178E-10 3.0729E-10 3.0281E-10 2.9836E-10 2.9392E-10 2.8951E-10 2.8513E-10 2.8077E-10 2.7644E-10
5.2627E-10 5.1109E-10 5.0044E-10 4.9120E-10 4.8507E-10 4.8221E-10 4.7926E-10 4.7624E-10 4.7314E-10 4.6996E-10 4.6672E-10 4.6339E-10 4.6001E-10 4.5655E-10 4.5302E-10 4.4943E-10 4.4578E-10 4.4207E-10 4.3830E-10 4.3448E-10 4.3060E-10 4.2668E-10 4.2270E-10 4.1867E-10 4.1460E-10 4.1049E-10 4.0634E-10 4.0215E-10 3.9792E-10 3.9366E-10 3.8937E-10 3.8504E-10 3.8070E-10 3.7632E-10 3.7193E-10 3.6751E-10 3.6308E-10 3.5864E-10 3.5418E-10 3.4971E-10 3.4524E-10 3.4072E-10 3.3619E-10 3.3166E-10 3.2714E-10 3.2262E-10 3.1812E-10 3.1362E-10 3.0914E-10 3.0468E-10 3.0024E-10 2.9581E-10 2.9141E-10 2.8703E-10 2.8269E-10 2.7836E-10 2.7407E-10
5.0279E-10 4.9672E-10 4.8761E-10 4.8489E-10 4.8209E-10 4.7921E-10 4.7625E-10 4.7322E-10 4.7011E-10 4.6692E-10 4.6366E-10 4.6034E-10 4.5694E-10 4.5347E-10 4.4994E-10 4.4635E-10 4.4270E-10 4.3899E-10 4.3522E-10 4.3140E-10 4.2752E-10 4.2360E-10 4.1962E-10 4.1560E-10 4.1154E-10 4.0743E-10 4.0329E-10 3.9910E-10 3.9489E-10 3.9064E-10 3.8635E-10 3.8205E-10 3.7771E-10 3.7335E-10 3.6897E-10 3.6458E-10 3.6016E-10 3.5574E-10 3.5130E-10 3.4685E-10 3.4235E-10 3.3784E-10 3.3334E-10 3.2884E-10 3.2434E-10 3.1985E-10 3.1538E-10 3.1092E-10 3.0647E-10 3.0204E-10 2.9763E-10 2.9324E-10 2.8887E-10 2.8453E-10 2.8022E-10 2.7593E-10 2.7168E-10
4.8978E-10 4.8722E-10 4.8457E-10 4.8183E-10 4.7902E-10 4.7613E-10 4.7316E-10 4.7011E-10 4.6699E-10 4.6379E-10 4.6053E-10 4.5719E-10 4.5379E-10 4.5032E-10 4.4679E-10 4.4320E-10 4.3954E-10 4.3583E-10 4.3206E-10 4.2824E-10 4.2437E-10 4.2045E-10 4.1648E-10 4.1247E-10 4.0841E-10 4.0431E-10 4.0018E-10 3.9600E-10 3.9180E-10 3.8756E-10 3.8329E-10 3.7899E-10 3.7467E-10 3.7033E-10 3.6597E-10 3.6159E-10 3.5720E-10 3.5279E-10 3.4836E-10 3.4388E-10 3.3941E-10 3.3492E-10 3.3045E-10 3.2598E-10 3.2151E-10 3.1706E-10 3.1261E-10 3.0818E-10 3.0377E-10 2.9937E-10 2.9500E-10 2.9064E-10 2.8631E-10 2.8201E-10 2.7773E-10 2.7348E-10 2.6926E-10
4.8668E-10 4.8410E-10 4.8143E-10 4.7869E-10 4.7586E-10 4.7296E-10 4.6998E-10 4.6692E-10 4.6379E-10 4.6059E-10 4.5731E-10 4.5397E-10 4.5056E-10 4.4709E-10 4.4356E-10 4.3997E-10 4.3631E-10 4.3260E-10 4.2884E-10 4.2502E-10 4.2115E-10 4.1724E-10 4.1327E-10 4.0927E-10 4.0522E-10 4.0113E-10 3.9700E-10 3.9284E-10 3.8865E-10 3.8442E-10 3.8017E-10 3.7589E-10 3.7158E-10 3.6726E-10 3.6292E-10 3.5856E-10 3.5418E-10 3.4977E-10 3.4532E-10 3.4087E-10 3.3642E-10 3.3197E-10 3.2752E-10 3.2308E-10 3.1865E-10 3.1423E-10 3.0981E-10 3.0542E-10 3.0104E-10 2.9668E-10 2.9234E-10 2.8802E-10 2.8373E-10 2.7946E-10 2.7522E-10 2.7101E-10 2.6683E-10
4.8349E-10 4.8089E-10 4.7821E-10 4.7545E-10 4.7262E-10 4.6970E-10 4.6671E-10 4.6364E-10 4.6050E-10 4.5730E-10 4.5402E-10 4.5067E-10 4.4727E-10 4.4379E-10 4.4026E-10 4.3666E-10 4.3301E-10 4.2930E-10 4.2554E-10 4.2173E-10 4.1787E-10 4.1396E-10 4.1000E-10 4.0601E-10 4.0197E-10 3.9789E-10 3.9377E-10 3.8963E-10 3.8544E-10 3.8123E-10 3.7699E-10 3.7273E-10 3.6845E-10 3.6414E-10 3.5982E-10 3.5548E-10 3.5108E-10 3.4667E-10 3.4225E-10 3.3783E-10 3.3340E-10 3.2898E-10 3.2457E-10 3.2016E-10 3.1576E-10 3.1137E-10 3.0699E-10 3.0263E-10 2.9828E-10 2.9396E-10 2.8965E-10 2.8537E-10 2.8112E-10 2.7689E-10 2.7269E-10 2.6852E-10 2.6438E-10
4.8021E-10 4.7760E-10 4.7490E-10 4.7213E-10 4.6928E-10 4.6636E-10 4.6336E-10 4.6029E-10 4.5714E-10 4.5393E-10 4.5065E-10 4.4730E-10 4.4389E-10 4.4042E-10 4.3688E-10 4.3329E-10 4.2964E-10 4.2594E-10 4.2218E-10 4.1838E-10 4.1452E-10 4.1062E-10 4.0667E-10 4.0268E-10 3.9866E-10 3.9459E-10 3.9049E-10 3.8635E-10 3.8219E-10 3.7799E-10 3.7377E-10 3.6952E-10 3.6526E-10 3.6097E-10 3.5666E-10 3.5230E-10 3.4792E-10 3.4353E-10 3.3914E-10 3.3474E-10 3.3035E-10 3.2596E-10 3.2158E-10 3.1720E-10 3.1283E-10 3.0848E-10 3.0414E-10 2.9981E-10 2.9551E-10 2.9122E-10 2.8695E-10 2.8271E-10 2.7849E-10 2.7430E-10 2.7014E-10 2.6602E-10 2.6192E-10
4.7684E-10 4.7421E-10 4.7151E-10 4.6873E-10 4.6587E-10 4.6294E-10 4.5993E-10 4.5685E-10 4.5370E-10 4.5049E-10 4.4720E-10 4.4386E-10 4.4044E-10 4.3697E-10 4.3344E-10 4.2985E-10 4.2621E-10 4.2251E-10 4.1876E-10 4.1496E-10 4.1111E-10 4.0722E-10 4.0328E-10 3.9930E-10 3.9529E-10 3.9123E-10 3.8715E-10 3.8303E-10 3.7888E-10 3.7470E-10 3.7050E-10 3.6627E-10 3.6202E-10 3.5774E-10 3.5341E-10 3.4906E-10 3.4471E-10 3.4035E-10 3.3599E-10 3.3162E-10 3.2727E-10 3.2291E-10 3.1856E-10 3.1422E-10 3.0988E-10 3.0556E-10 3.0126E-10 2.9697E-10 2.9270E-10 2.8845E-10 2.8422E-10 2.8002E-10 2.7584E-10 2.7170E-10 2.6758E-10 2.6350E-10 2.5945E-10
4.7338E-10 4.7075E-10 4.6803E-10 4.6524E-10 4.6238E-10 4.5944E-10 4.5643E-10 4.5334E-10 4.5019E-10 4.4697E-10 4.4369E-10 4.4034E-10 4.3693E-10 4.3346E-10 4.2993E-10 4.2635E-10 4.2270E-10 4.1901E-10 4.1527E-10 4.1148E-10 4.0764E-10 4.0376E-10 3.9983E-10 3.9587E-10 3.9186E-10 3.8783E-10 3.8375E-10 3.7965E-10 3.7552E-10 3.7136E-10 3.6718E-10 3.6297E-10 3.5871E-10 3.5442E-10 3.5011E-10 3.4579E-10 3.4147E-10 3.3714E-10 3.3281E-10 3.2848E-10 3.2415E-10 3.1983E-10 3.1551E-10 3.1120E-10 3.0691E-10 3.0263E-10 2.9836E-10 2.9411E-10 2.8988E-10 2.8567E-10 2.8148E-10 2.7732E-10 2.7319E-10 2.6908E-10 2.6501E-10 2.6097E-10 2.5697E-10
4.6984E-10 4.6720E-10 4.6448E-10 4.6168E-10 4.5881E-10 4.5586E-10 4.5284E-10 4.4976E-10 4.4660E-10 4.4338E-10 4.4010E-10 4.3675E-10 4.3334E-10 4.2988E-10 4.2635E-10 4.2277E-10 4.1914E-10 4.1546E-10 4.1172E-10 4.0794E-10 4.0411E-10 4.0024E-10 3.9633E-10 3.9238E-10 3.8839E-10 3.8436E-10 3.8031E-10 3.7622E-10 3.7211E-10 3.6797E-10 3.6380E-10 3.5957E-10 3.5532E-10 3.5105E-10 3.4677E-10 3.4249E-10 3.3819E-10 3.3389E-10 3.2960E-10 3.2530E-10 3.2100E-10 3.1672E-10 3.1244E-10 3.0817E-10 3.0391E-10 2.9966E-10 2.9543E-10 2.9123E-10 2.8703E-10 2.8286E-10 2.7872E-10 2.7460E-10 2.7051E-10 2.6646E-10 2.6243E-10 2.5844E-10 2.5448E-10
4.6622E-10 4.6357E-10 4.6084E-10 4.5804E-10 4.5516E-10 4.5221E-10 4.4919E-10 4.4610E-10 4.4295E-10 4.3973E-10 4.3645E-10 4.3310E-10 4.2970E-10 4.2623E-10 4.2272E-10 4.1914E-10 4.1552E-10 4.1184E-10 4.0811E-10 4.0434E-10 4.0053E-10 3.9667E-10 3.9277E-10 3.8883E-10 3.8486E-10 3.8085E-10 3.7682E-10 3.7275E-10 3.6866E-10 3.6453E-10 3.6033E-10 3.5612E-10 3.5189E-10 3.4765E-10 3.4340E-10 3.3914E-10 3.3488E-10 3.3062E-10 3.2635E-10 3.2209E-10 3.1784E-10 3.1358E-10 3.0934E-10 3.0511E-10 3.0089E-10 2.9668E-10 2.9249E-10 2.8832E-10 2.8417E-10 2.8005E-10 2.7595E-10 2.7187E-10 2.6783E-10 2.6382E-10 2.5984E-10 2.5589E-10 2.5198E-10
4.6252E-10 4.5986E-10 4.5713E-10 4.5432E-10 4.5144E-10 4.4848E-10 4.4546E-10 4.4237E-10 4.3922E-10 4.3600E-10 4.3272E-10 4.2938E-10 4.2598E-10 4.2253E-10 4.1901E-10 4.1545E-10 4.1183E-10 4.0817E-10 4.0445E-10 4.0069E-10 3.9689E-10 3.9304E-10 3.8916E-10 3.8524E-10 3.8128E-10 3.7729E-10 3.7328E-10 3.6923E-10 3.6513E-10 3.6098E-10 3.5681E-10 3.5262E-10 3.4843E-10 3.4422E-10 3.4000E-10 3.3577E-10 3.3155E-10 3.2731E-10 3.2309E-10 3.1886E-10 3.1464E-10 3.1042E-10 3.0622E-10 3.0202E-10 2.9784E-10 2.9368E-10 2.8953E-10 2.8540E-10 2.8130E-10 2.7722E-10 2.7316E-10 2.6913E-10 2.6514E-10 2.6117E-10 2.5724E-10 2.5333E-10 2.4947E-10
4.5875E-10 4.5608E-10 4.5334E-10 4.5053E-10 4.4764E-10 4.4469E-10 4.4167E-10 4.3858E-10 4.3543E-10 4.3221E-10 4.2894E-10 4.2560E-10 4.2221E-10 4.1876E-10 4.1525E-10 4.1170E-10 4.0809E-10 4.0443E-10 4.0073E-10 3.9699E-10 3.9320E-10 3.8937E-10 3.8550E-10 3.8160E-10 3.7766E-10 3.7369E-10 3.6969E-10 3.6563E-10 3.6152E-10 3.5740E-10 3.5325E-10 3.4910E-10 3.4493E-10 3.4075E-10 3.3657E-10 3.3237E-10 3.2818E-10 3.2399E-10 3.1979E-10 3.1560E-10 3.1142E-10 3.0724E-10 3.0308E-10 2.9892E-10 2.9478E-10 2.9066E-10 2.8655E-10 2.8247E-10 2.7841E-10 2.7438E-10 2.7037E-10 2.6639E-10 2.6244E-10 2.5852E-10 2.5463E-10 2.5077E-10 2.4695E-10
4.5490E-10 4.5223E-10 4.4948E-10 4.4667E-10 4.4378E-10 4.4083E-10 4.3781E-10 4.3472E-10 4.3157E-10 4.2836E-10 4.2509E-10 4.2176E-10 4.1837E-10 4.1493E-10 4.1144E-10 4.0789E-10 4.0429E-10 4.0065E-10 3.9696E-10 3.9323E-10 3.8946E-10 3.8564E-10 3.8179E-10 3.7791E-10 3.7399E-10 3.7003E-10 3.6601E-10 3.6195E-10 3.5787E-10 3.5378E-10 3.4967E-10 3.4554E-10 3.4140E-10 3.3726E-10 3.3310E-10 3.2895E-10 3.2479E-10 3.2063E-10 3.1647E-10 3.1232E-10 3.0818E-10 3.0404E-10 2.9992E-10 2.9580E-10 2.9170E-10 2.8762E-10 2.8357E-10 2.7953E-10 2.7551E-10 2.7153E-10 2.6756E-10 2.6363E-10 2.5973E-10 2.5585E-10 2.5201E-10 2.4820E-10 2.4442E-10
4.5098E-10 4.4830E-10 4.4556E-10 4.4274E-10 4.3985E-10 4.3690E-10 4.3388E-10 4.3080E-10 4.2765E-10 4.2445E-10 4.2118E-10 4.1786E-10 4.1448E-10 4.1105E-10 4.0756E-10 4.0403E-10 4.0045E-10 3.9681E-10 3.9314E-10 3.8942E-10 3.8567E-10 3.8187E-10 3.7804E-10 3.7417E-10 3.7026E-10 3.6628E-10 3.6227E-10 3.5824E-10 3.5419E-10 3.5013E-10 3.4604E-10 3.4195E-10 3.3785E-10 3.3373E-10 3.2962E-10 3.2550E-10 3.2137E-10 3.1725E-10 3.1314E-10 3.0902E-10 3.0492E-10 3.0082E-10 2.9674E-10 2.9267E-10 2.8861E-10 2.8458E-10 2.8057E-10 2.7658E-10 2.7261E-10 2.6867E-10 2.6476E-10 2.6087E-10 2.5701E-10 2.5319E-10 2.4939E-10 2.4562E-10 2.4189E-10
4.4699E-10 4.4431E-10 4.4156E-10 4.3875E-10 4.3586E-10 4.3291E-10 4.2990E-10 4.2682E-10 4.2368E-10 4.2048E-10 4.1722E-10 4.1390E-10 4.1054E-10 4.0711E-10 4.0364E-10 4.0012E-10 3.9655E-10 3.9293E-10 3.8927E-10 3.8557E-10 3.8183E-10 3.7806E-10 3.7424E-10 3.7037E-10 3.6644E-10 3.6248E-10 3.5850E-10 3.5450E-10 3.5048E-10 3.4644E-10 3.4239E-10 3.3833E-10 3.3426E-10 3.3019E-10 3.2611E-10 3.2202E-10 3.1794E-10 3.1386E-10 3.0978E-10 3.0571E-10 3.0164E-10 2.9759E-10 2.9355E-10 2.8952E-10 2.8551E-10 2.8153E-10 2.7756E-10 2.7362E-10 2.6970E-10 2.6581E-10 2.6194E-10 2.5810E-10 2.5429E-10 2.5051E-10 2.4676E-10 2.4304E-10 2.3935E-10
4.4294E-10 4.4026E-10 4.3751E-10 4.3469E-10 4.3181E-10 4.2886E-10 4.2585E-10 4.2278E-10 4.1964E-10 4.1645E-10 4.1320E-10 4.0990E-10 4.0653E-10 4.0313E-10 3.9966E-10 3.9615E-10 3.9260E-10 3.8900E-10 3.8536E-10 3.8167E-10 3.7795E-10 3.7419E-10 3.7036E-10 3.6648E-10 3.6257E-10 3.5864E-10 3.5470E-10 3.5072E-10 3.4673E-10 3.4273E-10 3.3872E-10 3.3469E-10 3.3066E-10 3.2662E-10 3.2257E-10 3.1853E-10 3.1448E-10 3.1044E-10 3.0640E-10 3.0237E-10 2.9835E-10 2.9434E-10 2.9035E-10 2.8637E-10 2.8241E-10 2.7847E-10 2.7455E-10 2.7065E-10 2.6678E-10 2.6294E-10 2.5912E-10 2.5533E-10 2.5157E-10 2.4783E-10 2.4413E-10 2.4045E-10 2.3681E-10
4.3882E-10 4.3614E-10 4.3339E-10 4.3058E-10 4.2770E-10 4.2475E-10 4.2175E-10 4.1868E-10 4.1555E-10 4.1237E-10 4.0913E-10 4.0583E-10 4.0249E-10 3.9909E-10 3.9564E-10 3.9214E-10 3.8860E-10 3.8502E-10 3.8140E-10 3.7773E-10 3.7402E-10 3.7023E-10 3.6641E-10 3.6256E-10 3.5868E-10 3.5478E-10 3.5086E-10 3.4692E-10 3.4297E-10 3.3900E-10 3.3502E-10 3.3103E-10 3.2703E-10 3.2303E-10 3.1902E-10 3.1501E-10 3.1101E-10 3.0701E-10 3.0301E-10 2.9902E-10 2.9505E-10 2.9108E-10 2.8714E-10 2.8320E-10 2.7929E-10 2.7540E-10 2.7153E-10 2.6768E-10 2.6386E-10 2.6007E-10 2.5629E-10 2.5255E-10 2.4884E-10 2.4515E-10 2.4149E-10 2.3786E-10 2.3426E-10
4.3464E-10 4.3196E-10 4.2921E-10 4.2640E-10 4.2353E-10 4.2059E-10 4.1759E-10 4.1453E-10 4.1141E-10 4.0823E-10 4.0500E-10 4.0172E-10 3.9839E-10 3.9500E-10 3.9157E-10 3.8809E-10 3.8457E-10 3.8100E-10 3.7740E-10 3.7373E-10 3.6999E-10 3.6623E-10 3.6243E-10 3.5861E-10 3.5476E-10 3.5089E-10 3.4700E-10 3.4309E-10 3.3917E-10 3.3524E-10 3.3129E-10 3.2734E-10 3.2338E-10 3.1942E-10 3.1545E-10 3.1149E-10 3.0752E-10 3.0356E-10 2.9961E-10 2.9567E-10 2.9174E-10 2.8782E-10 2.8392E-10 2.8004E-10 2.7617E-10 2.7233E-10 2.6851E-10 2.6471E-10 2.6094E-10 2.5719E-10 2.5347E-10 2.4977E-10 2.4610E-10 2.4246E-10 2.3885E-10 2.3526E-10 2.3171E-10
4.3040E-10 4.2772E-10 4.2498E-10 4.2217E-10 4.1930E-10 4.1637E-10 4.1338E-10 4.1033E-10 4.0722E-10 4.0405E-10 4.0083E-10 3.9756E-10 3.9424E-10 3.9087E-10 3.8745E-10 3.8399E-10 3.8049E-10 3.7694E-10 3.7332E-10 3.6964E-10 3.6593E-10 3.6219E-10 3.5842E-10 3.5462E-10 3.5081E-10 3.4697E-10 3.4312E-10 3.3924E-10 3.3536E-10 3.3146E-10 3.2755E-10 3.2364E-10 3.1972E-10 3.1579E-10 3.1187E-10 3.0794E-10 3.0402E-10 3.0010E-10 2.9620E-10 2.9230E-10 2.8842E-10 2.8455E-10 2.8070E-10 2.7687E-10 2.7305E-10 2.6926E-10 2.6549E-10 2.6174E-10 2.5801E-10 2.5431E-10 2.5064E-10 2.4699E-10 2.4336E-10 2.3977E-10 2.3620E-10 2.3267E-10 2.2916E-10
4.2610E-10 4.2343E-10 4.2069E-10 4.1789E-10 4.1502E-10 4.1210E-10 4.0912E-10 4.0607E-10 4.0298E-10 3.9982E-10 3.9662E-10 3.9336E-10 3.9005E-10 3.8670E-10 3.8330E-10 3.7985E-10 3.7636E-10 3.7279E-10 3.6917E-10 3.6551E-10 3.6183E-10 3.5812E-10 3.5438E-10 3.5062E-10 3.4684E-10 3.4303E-10 3.3921E-10 3.3537E-10 3.3152E-10 3.2766E-10 3.2379E-10 3.1991E-10 3.1603E-10 3.1215E-10 3.0827E-10 3.0438E-10 3.0051E-10 2.9664E-10 2.9278E-10 2.8893E-10 2.8510E-10 2.8128E-10 2.7748E-10 2.7369E-10 2.6993E-10 2.6618E-10 2.6246E-10 2.5876E-10 2.5508E-10 2.5143E-10 2.4780E-10 2.4420E-10 2.4063E-10 2.3708E-10 2.3356E-10 2.3006E-10 2.2660E-10
4.2175E-10 4.1908E-10 4.1635E-10 4.1355E-10 4.1070E-10 4.0778E-10 4.0481E-10 4.0177E-10 3.9869E-10 3.9555E-10 3.9235E-10 3.8911E-10 3.8582E-10 3.8249E-10 3.7910E-10 3.7566E-10 3.7214E-10 3.6858E-10 3.6499E-10 3.6136E-10 3.5771E-10 3.5403E-10 3.5032E-10 3.4659E-10 3.4284E-10 3.3907E-10 3.3528E-10 3.3148E-10 3.2767E-10 3.2385E-10 3.2002E-10 3.1618E-10 3.1234E-10 3.0850E-10 3.0466E-10 3.0082E-10 2.9699E-10 2.9317E-10 2.8936E-10 2.8556E-10 2.8178E-10 2.7801E-10 2.7425E-10 2.7052E-10 2.6680E-10 2.6311E-10 2.5943E-10 2.5578E-10 2.5215E-10 2.4855E-10 2.4497E-10 2.4141E-10 2.3789E-10 2.3438E-10 2.3091E-10 2.2746E-10 2.2404E-10
