Assets/Resources/2015_m01_d17_2100(utc+0800)_l00_csi_1hr_conc.grd
DSAA
         159         159
     -79.000      79.000
     -79.000      79.000
  0.0000E+00  0.7873E-04
[rows 50 to 74 of 159, columns 57 to 113 of 159]
1.3509E-08 1.3494E-08 1.3482E-08 1.3461E-08 1.3435E-08 1.3403E-08 1.3365E-08 1.3320E-08 1.3281E-08 1.3224E-08 1.3160E-08 1.3087E-08 1.3003E-08 1.2920E-08 1.2812E-08 1.2699E-08 1.2571E-08 1.2427E-08 1.2265E-08 1.2086E-08 1.1882E-08 1.1677E-08 1.1424E-08 1.1143E-08 1.0836E-08 1.0506E-08 1.0155E-08 9.7831E-09 9.3914E-09 8.9817E-09 8.5568E-09 8.1178E-09 7.6661E-09 7.2049E-09 6.7382E-09 6.2699E-09 5.8042E-09 5.3446E-09 4.8949E-09 4.4567E-09 4.0314E-09 3.6248E-09 3.2383E-09 2.6458E-09 2.3564E-09 2.0216E-09 1.7878E-09 1.5824E-09 1.3948E-09 1.1858E-09 1.0474E-09 9.2633E-10 8.1624E-10 7.2236E-10 6.1956E-10 5.5852E-10 4.8773E-10
1.3644E-08 1.3649E-08 1.3661E-08 1.3662E-08 1.3659E-08 1.3650E-08 1.3637E-08 1.3629E-08 1.3606E-08 1.3577E-08 1.3540E-08 1.3495E-08 1.3453E-08 1.3386E-08 1.3305E-08 1.3220E-08 1.3122E-08 1.3007E-08 1.2874E-08 1.2724E-08 1.2578E-08 1.2371E-08 1.2137E-08 1.1867E-08 1.1571E-08 1.1250E-08 1.0903E-08 1.0531E-08 1.0135E-08 9.7172E-09 9.2819E-09 8.8262E-09 8.3530E-09 7.8661E-09 7.3693E-09 6.8675E-09 6.3650E-09 5.8685E-09 5.3785E-09 4.8956E-09 4.4262E-09 3.9739E-09 3.5439E-09 3.1340E-09 2.6552E-09 2.1416E-09 1.8882E-09 1.6654E-09 1.4628E-09 1.2829E-09 1.1289E-09 9.4699E-10 8.3723E-10 7.4138E-10 6.4836E-10 5.7353E-10 5.0206E-10
1.3761E-08 1.3796E-08 1.3823E-08 1.3847E-08 1.3867E-08 1.3884E-08 1.3907E-08 1.3917E-08 1.3922E-08 1.3922E-08 1.3914E-08 1.3898E-08 1.3889E-08 1.3851E-08 1.3801E-08 1.3747E-08 1.3681E-08 1.3600E-08 1.3500E-08 1.3419E-08 1.3279E-08 1.3098E-08 1.2884E-08 1.2633E-08 1.2353E-08 1.2044E-08 1.1706E-08 1.1339E-08 1.0943E-08 1.0568E-08 1.0131E-08 9.6663E-09 9.1784E-09 8.6702E-09 8.1460E-09 7.6106E-09 7.0715E-09 6.5332E-09 5.9926E-09 5.4572E-09 4.9334E-09 4.4238E-09 3.8957E-09 3.4284E-09 2.8820E-09 2.5205E-09 2.1113E-09 1.7543E-09 1.5355E-09 1.3417E-09 1.1757E-09 1.0208E-09 8.9473E-10 7.5778E-10 6.6019E-10 5.8175E-10 5.1362E-10
1.3862E-08 1.3916E-08 1.3966E-08 1.4013E-08 1.4058E-08 1.4110E-08 1.4152E-08 1.4190E-08 1.4225E-08 1.4254E-08 1.4277E-08 1.4309E-08 1.4317E-08 1.4312E-08 1.4295E-08 1.4273E-08 1.4245E-08 1.4200E-08 1.4177E-08 1.4106E-08 1.4006E-08 1.3856E-08 1.3663E-08 1.3437E-08 1.3179E-08 1.2889E-08 1.2565E-08 1.2259E-08 1.1880E-08 1.1476E-08 1.1037E-08 1.0565E-08 1.0063E-08 9.5330E-09 8.9806E-09 8.4100E-09 7.8384E-09 7.2513E-09 6.6587E-09 6.0681E-09 5.4842E-09 4.9156E-09 4.2912E-09 3.7659E-09 3.1349E-09 2.7372E-09 2.2556E-09 1.9639E-09 1.7098E-09 1.4040E-09 1.2254E-09 1.0598E-09 9.2478E-10 8.0155E-10 6.9820E-10 5.9031E-10 5.1918E-10
1.3942E-08 1.4015E-08 1.4087E-08 1.4158E-08 1.4228E-08 1.4308E-08 1.4377E-08 1.4444E-08 1.4509E-08 1.4569E-08 1.4641E-08 1.4693E-08 1.4734E-08 1.4764E-08 1.4781E-08 1.4795E-08 1.4807E-08 1.4842E-08 1.4835E-08 1.4807E-08 1.4752E-08 1.4635E-08 1.4472E-08 1.4277E-08 1.4047E-08 1.3834E-08 1.3545E-08 1.3219E-08 1.2866E-08 1.2475E-08 1.2042E-08 1.1568E-08 1.1056E-08 1.0509E-08 9.9294E-09 9.3321E-09 8.7176E-09 8.0788E-09 7.4309E-09 6.7794E-09 6.1283E-09 5.4911E-09 4.8516E-09 4.1529E-09 3.4129E-09 2.9767E-09 2.5880E-09 2.0923E-09 1.8145E-09 1.5662E-09 1.3539E-09 1.1007E-09 9.5623E-10 8.2539E-10 7.1923E-10 6.2241E-10 5.4252E-10
1.3995E-08 1.4090E-08 1.4185E-08 1.4279E-08 1.4385E-08 1.4483E-08 1.4580E-08 1.4677E-08 1.4772E-08 1.4879E-08 1.4972E-08 1.5058E-08 1.5134E-08 1.5200E-08 1.5255E-08 1.5306E-08 1.5400E-08 1.5455E-08 1.5496E-08 1.5515E-08 1.5509E-08 1.5428E-08 1.5305E-08 1.5195E-08 1.5016E-08 1.4801E-08 1.4548E-08 1.4261E-08 1.3940E-08 1.3572E-08 1.3155E-08 1.2688E-08 1.2173E-08 1.1613E-08 1.1010E-08 1.0395E-08 9.7297E-09 9.0393E-09 8.3303E-09 7.6076E-09 6.8839E-09 6.1545E-09 5.4300E-09 4.6142E-09 4.0167E-09 3.4804E-09 2.8157E-09 2.4211E-09 1.9233E-09 1.6533E-09 1.4251E-09 1.2163E-09 1.0452E-09 8.4998E-10 7.3725E-10 6.3528E-10 5.5129E-10
1.4023E-08 1.4139E-08 1.4256E-08 1.4374E-08 1.4506E-08 1.4630E-08 1.4756E-08 1.4883E-08 1.5008E-08 1.5152E-08 1.5279E-08 1.5399E-08 1.5511E-08 1.5616E-08 1.5709E-08 1.5837E-08 1.5950E-08 1.6059E-08 1.6152E-08 1.6223E-08 1.6269E-08 1.6232E-08 1.6208E-08 1.6115E-08 1.5987E-08 1.5823E-08 1.5618E-08 1.5389E-08 1.5110E-08 1.4777E-08 1.4388E-08 1.3939E-08 1.3430E-08 1.2864E-08 1.2259E-08 1.1605E-08 1.0895E-08 1.0152E-08 9.3772E-09 8.5772E-09 7.7700E-09 6.9344E-09 6.1121E-09 5.3555E-09 4.4652E-09 3.8562E-09 3.3102E-09 2.8230E-09 2.0405E-09 1.7476E-09 1.4904E-09 1.2748E-09 1.0902E-09 9.2707E-10 7.8832E-10 6.4829E-10 5.6014E-10
1.4024E-08 1.4160E-08 1.4298E-08 1.4451E-08 1.4598E-08 1.4748E-08 1.4902E-08 1.5058E-08 1.5231E-08 1.5394E-08 1.5555E-08 1.5710E-08 1.5860E-08 1.6003E-08 1.6173E-08 1.6317E-08 1.6485E-08 1.6648E-08 1.6795E-08 1.6924E-08 1.7015E-08 1.7095E-08 1.7093E-08 1.7062E-08 1.6998E-08 1.6897E-08 1.6768E-08 1.6602E-08 1.6381E-08 1.6099E-08 1.5751E-08 1.5334E-08 1.4844E-08 1.4281E-08 1.3684E-08 1.2993E-08 1.2245E-08 1.1444E-08 1.0595E-08 9.7138E-09 8.7964E-09 7.8544E-09 6.9284E-09 6.0563E-09 5.2328E-09 4.2772E-09 3.6595E-09 3.1072E-09 2.6230E-09 1.9958E-09 1.5680E-09 1.3353E-09 1.1300E-09 9.6214E-10 8.1429E-10 6.9591E-10 5.9432E-10
1.3995E-08 1.4151E-08 1.4310E-08 1.4486E-08 1.4657E-08 1.4833E-08 1.5015E-08 1.5199E-08 1.5406E-08 1.5602E-08 1.5795E-08 1.5986E-08 1.6174E-08 1.6387E-08 1.6580E-08 1.6767E-08 1.6993E-08 1.7212E-08 1.7418E-08 1.7608E-08 1.7805E-08 1.7919E-08 1.7988E-08 1.8031E-08 1.8044E-08 1.8024E-08 1.7988E-08 1.7902E-08 1.7757E-08 1.7545E-08 1.7258E-08 1.6889E-08 1.6431E-08 1.5911E-08 1.5296E-08 1.4584E-08 1.3800E-08 1.2941E-08 1.2014E-08 1.1043E-08 1.0004E-08 8.9432E-09 7.8780E-09 6.8690E-09 5.9152E-09 4.7493E-09 4.0438E-09 3.4230E-09 2.8758E-09 2.4075E-09 1.7908E-09 1.5041E-09 1.1773E-09 9.9766E-10 8.4052E-10 7.0848E-10 6.0721E-10
1.3937E-08 1.4110E-08 1.4300E-08 1.4488E-08 1.4682E-08 1.4883E-08 1.5091E-08 1.5319E-08 1.5543E-08 1.5769E-08 1.5995E-08 1.6222E-08 1.6447E-08 1.6709E-08 1.6948E-08 1.7188E-08 1.7464E-08 1.7741E-08 1.8009E-08 1.8306E-08 1.8536E-08 1.8734E-08 1.8884E-08 1.9013E-08 1.9117E-08 1.9211E-08 1.9276E-08 1.9289E-08 1.9242E-08 1.9121E-08 1.8916E-08 1.8615E-08 1.8297E-08 1.7844E-08 1.7243E-08 1.6535E-08 1.5719E-08 1.4793E-08 1.3783E-08 1.2580E-08 1.1426E-08 1.0203E-08 8.9726E-09 7.7967E-09 6.6966E-09 5.7050E-09 4.4712E-09 3.7692E-09 3.1523E-09 2.6250E-09 1.9044E-09 1.5911E-09 1.3219E-09 1.1033E-09 8.6287E-10 7.2703E-10 6.1981E-10
1.3846E-08 1.4037E-08 1.4246E-08 1.4454E-08 1.4670E-08 1.4895E-08 1.5127E-08 1.5385E-08 1.5637E-08 1.5892E-08 1.6150E-08 1.6411E-08 1.6706E-08 1.6986E-08 1.7269E-08 1.7564E-08 1.7892E-08 1.8228E-08 1.8613E-08 1.8928E-08 1.9238E-08 1.9529E-08 1.9771E-08 2.0000E-08 2.0219E-08 2.0439E-08 2.0624E-08 2.0760E-08 2.0835E-08 2.0912E-08 2.0842E-08 2.0663E-08 2.0403E-08 1.9987E-08 1.9425E-08 1.8732E-08 1.7889E-08 1.6904E-08 1.5807E-08 1.4581E-08 1.3101E-08 1.1643E-08 1.0222E-08 8.8582E-09 7.5898E-09 6.4410E-09 5.4088E-09 4.1387E-09 3.4503E-09 2.8521E-09 2.3511E-09 1.6801E-09 1.3889E-09 1.1464E-09 9.4878E-10 7.8744E-10 6.3176E-10
1.3723E-08 1.3930E-08 1.4157E-08 1.4383E-08 1.4619E-08 1.4866E-08 1.5136E-08 1.5406E-08 1.5684E-08 1.5967E-08 1.6255E-08 1.6549E-08 1.6887E-08 1.7210E-08 1.7541E-08 1.7889E-08 1.8266E-08 1.8708E-08 1.9116E-08 1.9504E-08 1.9900E-08 2.0292E-08 2.0636E-08 2.0978E-08 2.1342E-08 2.1697E-08 2.2024E-08 2.2381E-08 2.2638E-08 2.2823E-08 2.2912E-08 2.2881E-08 2.2763E-08 2.2446E-08 2.1966E-08 2.1302E-08 2.0440E-08 1.9405E-08 1.8202E-08 1.6856E-08 1.4942E-08 1.3267E-08 1.1630E-08 1.0053E-08 8.5916E-09 7.2638E-09 6.0733E-09 4.5361E-09 3.7660E-09 3.0993E-09 2.5415E-09 1.7629E-09 1.4557E-09 1.1922E-09 9.7783E-10 8.1216E-10 6.7386E-10
1.3567E-08 1.3788E-08 1.4031E-08 1.4274E-08 1.4528E-08 1.4794E-08 1.5087E-08 1.5380E-08 1.5681E-08 1.5990E-08 1.6307E-08 1.6664E-08 1.7013E-08 1.7375E-08 1.7756E-08 1.8152E-08 1.8577E-08 1.9094E-08 1.9555E-08 2.0022E-08 2.0508E-08 2.1009E-08 2.1466E-08 2.1949E-08 2.2461E-08 2.2970E-08 2.3546E-08 2.4048E-08 2.4510E-08 2.4904E-08 2.5202E-08 2.5418E-08 2.5446E-08 2.5284E-08 2.4924E-08 2.4319E-08 2.3462E-08 2.2382E-08 2.1079E-08 1.9604E-08 1.7600E-08 1.5073E-08 1.3192E-08 1.1380E-08 9.6979E-09 8.1651E-09 6.8019E-09 5.6051E-09 4.0937E-09 3.3552E-09 2.6746E-09 1.8506E-09 1.5175E-09 1.2398E-09 1.0119E-09 8.3563E-10 6.8947E-10
1.3379E-08 1.3622E-08 1.3868E-08 1.4125E-08 1.4396E-08 1.4678E-08 1.4992E-08 1.5305E-08 1.5626E-08 1.5959E-08 1.6302E-08 1.6693E-08 1.7077E-08 1.7478E-08 1.7905E-08 1.8347E-08 1.8868E-08 1.9400E-08 1.9922E-08 2.0472E-08 2.1051E-08 2.1662E-08 2.2244E-08 2.2889E-08 2.3557E-08 2.4327E-08 2.5060E-08 2.5793E-08 2.6505E-08 2.7165E-08 2.7738E-08 2.8230E-08 2.8511E-08 2.8587E-08 2.8395E-08 2.7888E-08 2.7071E-08 2.5950E-08 2.4566E-08 2.2653E-08 2.0309E-08 1.7042E-08 1.4886E-08 1.2815E-08 1.0895E-08 9.1411E-09 7.5833E-09 6.2197E-09 4.3860E-09 3.4840E-09 2.3647E-09 1.9339E-09 1.5727E-09 1.2844E-09 1.0435E-09 8.5708E-10 7.0346E-10
1.3157E-08 1.3411E-08 1.3667E-08 1.3938E-08 1.4221E-08 1.4533E-08 1.4849E-08 1.5177E-08 1.5517E-08 1.5871E-08 1.6236E-08 1.6660E-08 1.7075E-08 1.7516E-08 1.7982E-08 1.8466E-08 1.9044E-08 1.9617E-08 2.0209E-08 2.0839E-08 2.1513E-08 2.2235E-08 2.2976E-08 2.3770E-08 2.4692E-08 2.5620E-08 2.6594E-08 2.7602E-08 2.8620E-08 2.9612E-08 3.0577E-08 3.1397E-08 3.2031E-08 3.2430E-08 3.2488E-08 3.2149E-08 3.1412E-08 3.0284E-08 2.8804E-08 2.6237E-08 2.3471E-08 2.0636E-08 1.6694E-08 1.4347E-08 1.2165E-08 1.0175E-08 8.4037E-09 6.7949E-09 5.3503E-09 3.0057E-09 2.4604E-09 2.0071E-09 1.6288E-09 1.3245E-09 1.0715E-09 8.7177E-10 7.1521E-10
1.2903E-08 1.3165E-08 1.3430E-08 1.3710E-08 1.4004E-08 1.4329E-08 1.4658E-08 1.4999E-08 1.5354E-08 1.5724E-08 1.6142E-08 1.6563E-08 1.7004E-08 1.7481E-08 1.7982E-08 1.8553E-08 1.9130E-08 1.9744E-08 2.0404E-08 2.1114E-08 2.1882E-08 2.2720E-08 2.3619E-08 2.4644E-08 2.5714E-08 2.6876E-08 2.8126E-08 2.9455E-08 3.0840E-08 3.2252E-08 3.3670E-08 3.4967E-08 3.6098E-08 3.6933E-08 3.7345E-08 3.7270E-08 3.6674E-08 3.5586E-08 3.3483E-08 3.0463E-08 2.7171E-08 2.3781E-08 2.0438E-08 1.5933E-08 1.3471E-08 1.1264E-08 9.2007E-09 7.3034E-09 4.7749E-09 3.8171E-09 2.5474E-09 2.0738E-09 1.6772E-09 1.3524E-09 1.0947E-09 8.8684E-10 7.2414E-10
1.2617E-08 1.2885E-08 1.3158E-08 1.3444E-08 1.3746E-08 1.4080E-08 1.4418E-08 1.4769E-08 1.5136E-08 1.5520E-08 1.5959E-08 1.6398E-08 1.6868E-08 1.7370E-08 1.7899E-08 1.8515E-08 1.9110E-08 1.9776E-08 2.0498E-08 2.1284E-08 2.2142E-08 2.3113E-08 2.4151E-08 2.5367E-08 2.6648E-08 2.8065E-08 2.9624E-08 3.1322E-08 3.3145E-08 3.5089E-08 3.7062E-08 3.8987E-08 4.0764E-08 4.2197E-08 4.3122E-08 4.3432E-08 4.3074E-08 4.2017E-08 3.9390E-08 3.5725E-08 3.1687E-08 2.7528E-08 2.3389E-08 1.7578E-08 1.4991E-08 1.2426E-08 9.8186E-09 6.3402E-09 5.0765E-09 4.0301E-09 2.6218E-09 2.1217E-09 1.7158E-09 1.3790E-09 1.1121E-09 8.9742E-10 7.2600E-10
1.2302E-08 1.2573E-08 1.2850E-08 1.3141E-08 1.3448E-08 1.3788E-08 1.4130E-08 1.4488E-08 1.4864E-08 1.5257E-08 1.5712E-08 1.6166E-08 1.6659E-08 1.7182E-08 1.7734E-08 1.8387E-08 1.9000E-08 1.9707E-08 2.0484E-08 2.1339E-08 2.2293E-08 2.3377E-08 2.4637E-08 2.5964E-08 2.7462E-08 2.9149E-08 3.1046E-08 3.3161E-08 3.5503E-08 3.8055E-08 4.0739E-08 4.3482E-08 4.6085E-08 4.8309E-08 4.9940E-08 5.0799E-08 5.0806E-08 5.0149E-08 4.6513E-08 4.2004E-08 3.6998E-08 3.1852E-08 2.7314E-08 2.2929E-08 1.6665E-08 1.3119E-08 8.3439E-09 6.7056E-09 5.3453E-09 4.2239E-09 3.3236E-09 2.1610E-09 1.7364E-09 1.3966E-09 1.1186E-09 9.0278E-10 7.2776E-10
1.1958E-08 1.2232E-08 1.2509E-08 1.2802E-08 1.3111E-08 1.3453E-08 1.3797E-08 1.4158E-08 1.4538E-08 1.4939E-08 1.5404E-08 1.5873E-08 1.6378E-08 1.6914E-08 1.7532E-08 1.8147E-08 1.8792E-08 1.9531E-08 2.0356E-08 2.1269E-08 2.2319E-08 2.3496E-08 2.4909E-08 2.6405E-08 2.8119E-08 3.0086E-08 3.2340E-08 3.4914E-08 3.7838E-08 4.1104E-08 4.4652E-08 4.8382E-08 5.2023E-08 5.5273E-08 5.7829E-08 5.9436E-08 6.2722E-08 5.9935E-08 5.5451E-08 4.9737E-08 4.3774E-08 3.8148E-08 3.2520E-08 2.6761E-08 2.0588E-08 1.0800E-08 8.7513E-09 7.0080E-09 5.5667E-09 4.3810E-09 3.4256E-09 2.6693E-09 1.7467E-09 1.4004E-09 1.1215E-09 8.9857E-10 7.2518E-10
1.1589E-08 1.1862E-08 1.2138E-08 1.2430E-08 1.2738E-08 1.3078E-08 1.3421E-08 1.3782E-08 1.4163E-08 1.4566E-08 1.5037E-08 1.5515E-08 1.6026E-08 1.6570E-08 1.7203E-08 1.7817E-08 1.8484E-08 1.9246E-08 2.0108E-08 2.1085E-08 2.2201E-08 2.3536E-08 2.5009E-08 2.6662E-08 2.8583E-08 3.0825E-08 3.3444E-08 3.6494E-08 4.0056E-08 4.4122E-08 4.8681E-08 5.3551E-08 5.8425E-08 6.2930E-08 6.6645E-08 6.9209E-08 7.5993E-08 7.2746E-08 6.6951E-08 6.0837E-08 5.3806E-08 4.6463E-08 3.8674E-08 3.0033E-08 1.8023E-08 1.1211E-08 9.0535E-09 7.2339E-09 5.7180E-09 4.4883E-09 3.4959E-09 2.7159E-09 1.7459E-09 1.3928E-09 1.1160E-09 8.9203E-10 7.1798E-10
1.1197E-08 1.1466E-08 1.1739E-08 1.2027E-08 1.2330E-08 1.2666E-08 1.3005E-08 1.3363E-08 1.3741E-08 1.4143E-08 1.4615E-08 1.5095E-08 1.5606E-08 1.6151E-08 1.6778E-08 1.7397E-08 1.8078E-08 1.8853E-08 1.9741E-08 2.0769E-08 2.1930E-08 2.3343E-08 2.4919E-08 2.6708E-08 2.8816E-08 3.1313E-08 3.4286E-08 3.7816E-08 4.2025E-08 4.6946E-08 5.2576E-08 5.8696E-08 6.4962E-08 7.0899E-08 7.5968E-08 9.3699E-08 9.4313E-08 9.1408E-08 8.5380E-08 7.6906E-08 6.7617E-08 5.7249E-08 4.4777E-08 2.5553E-08 1.9431E-08 1.4733E-08 9.2391E-09 7.3641E-09 5.8058E-09 4.5376E-09 3.5287E-09 2.7263E-09 2.1057E-09 1.3777E-09 1.1018E-09 8.7900E-10 7.0247E-10
1.0784E-08 1.1047E-08 1.1315E-08 1.1597E-08 1.1892E-08 1.2220E-08 1.2553E-08 1.2904E-08 1.3277E-08 1.3672E-08 1.4142E-08 1.4616E-08 1.5121E-08 1.5661E-08 1.6270E-08 1.6892E-08 1.7577E-08 1.8355E-08 1.9270E-08 2.0316E-08 2.1503E-08 2.2972E-08 2.4621E-08 2.6520E-08 2.8780E-08 3.1498E-08 3.4761E-08 3.8758E-08 4.3579E-08 4.9350E-08 5.6027E-08 6.3403E-08 7.1103E-08 7.8552E-08 1.0875E-07 1.1893E-07 1.2377E-07 1.2115E-07 1.1313E-07 1.0145E-07 8.7592E-08 6.8926E-08 3.6858E-08 2.7594E-08 2.0602E-08 1.5382E-08 9.2848E-09 7.3805E-09 5.8122E-09 4.5328E-09 3.5165E-09 2.7104E-09 2.0880E-09 1.3508E-09 1.0752E-09 8.5946E-10 6.8587E-10
1.0353E-08 1.0609E-08 1.0869E-08 1.1142E-08 1.1427E-08 1.1746E-08 1.2069E-08 1.2411E-08 1.2774E-08 1.3160E-08 1.3620E-08 1.4084E-08 1.4578E-08 1.5099E-08 1.5690E-08 1.6305E-08 1.6986E-08 1.7761E-08 1.8682E-08 1.9728E-08 2.0921E-08 2.2419E-08 2.4109E-08 2.6082E-08 2.8450E-08 3.1333E-08 3.4841E-08 3.9199E-08 4.4547E-08 5.1038E-08 5.8636E-08 6.7154E-08 7.6175E-08 1.1531E-07 1.3977E-07 1.5971E-07 1.6980E-07 1.7161E-07 1.5885E-07 1.3982E-07 1.1226E-07 7.5580E-08 4.0059E-08 2.9235E-08 2.1407E-08 1.5751E-08 1.1659E-08 7.2875E-09 5.7265E-09 4.4611E-09 3.4483E-09 2.6573E-09 2.0386E-09 1.5693E-09 1.0439E-09 8.3012E-10 6.6469E-10
9.9080E-09 1.0155E-08 1.0404E-08 1.0666E-08 1.0940E-08 1.1247E-08 1.1558E-08 1.1888E-08 1.2238E-08 1.2613E-08 1.3057E-08 1.3502E-08 1.3982E-08 1.4472E-08 1.5046E-08 1.5644E-08 1.6314E-08 1.7082E-08 1.7986E-08 1.9015E-08 2.0193E-08 2.1686E-08 2.3379E-08 2.5387E-08 2.7810E-08 3.0748E-08 3.4441E-08 3.9036E-08 4.4765E-08 5.1759E-08 6.0028E-08 6.9412E-08 8.0211E-08 9.2739E-08 1.8231E-07 2.1843E-07 2.4098E-07 2.5631E-07 2.3370E-07 1.9755E-07 1.3476E-07 6.0669E-08 4.2570E-08 3.0234E-08 2.1708E-08 1.5761E-08 1.1550E-08 8.4637E-09 5.5599E-09 4.3302E-09 3.3443E-09 2.5746E-09 1.9733E-09 1.5138E-09 1.1666E-09 7.9868E-10 6.3426E-10
9.4514E-09 9.6872E-09 9.9252E-09 1.0174E-08 1.0435E-08 1.0728E-08 1.1024E-08 1.1340E-08 1.1674E-08 1.2035E-08 1.2455E-08 1.2881E-08 1.3336E-08 1.3799E-08 1.4345E-08 1.4923E-08 1.5571E-08 1.6318E-08 1.7190E-08 1.8186E-08 1.9330E-08 2.0784E-08 2.2451E-08 2.4435E-08 2.6855E-08 2.9801E-08 3.3530E-08 3.8213E-08 4.4094E-08 5.1310E-08 5.9914E-08 7.1494E-08 8.4935E-08 1.0007E-07 2.4264E-07 3.0337E-07 4.0084E-07 3.9525E-07 3.7070E-07 2.5258E-07 1.5452E-07 9.2717E-08 4.3818E-08 3.0332E-08 2.1402E-08 1.5364E-08 1.1181E-08 8.1323E-09 5.3176E-09 4.1349E-09 3.1978E-09 2.4576E-09 1.8862E-09 1.4468E-09 1.1113E-09 7.6209E-10 6.0333E-10
