Assets/Resources/2015_m01_d23_1400(utc+0800)_l00_csi_1hr_conc.grd
DSAA
         159         159
     -79.000      79.000
     -79.000      79.000
  0.0000E+00  0.9928E-05
[rows 25 to 49 of 159, columns 57 to 113 of 159]
4.7696E-10 4.9782E-10 5.2013E-10 5.4233E-10 5.6519E-10 5.8954E-10 6.1377E-10 6.3865E-10 6.6589E-10 6.9220E-10 7.1917E-10 7.4806E-10 7.7683E-10 8.0586E-10 8.3551E-10 8.6752E-10 8.9853E-10 9.3014E-10 9.6321E-10 9.9691E-10 1.0303E-09 1.0643E-09 1.1001E-09 1.1357E-09 1.1712E-09 1.2075E-09 1.2449E-09 1.2818E-09 1.3190E-09 1.3569E-09 1.3954E-09 1.4339E-09 1.4723E-09 1.5111E-09 1.5502E-09 1.5893E-09 1.6285E-09 1.6674E-09 1.7069E-09 1.7457E-09 1.7847E-09 1.8235E-09 1.8617E-09 1.9000E-09 1.9380E-09 1.9752E-09 2.0124E-09 2.0490E-09 2.0848E-09 2.1204E-09 2.1553E-09 2.1894E-09 2.2226E-09 2.2549E-09 2.2864E-09 2.3173E-09 2.3469E-09
4.9461E-10 5.1675E-10 5.3878E-10 5.6146E-10 5.8564E-10 6.0969E-10 6.3440E-10 6.6148E-10 6.8762E-10 7.1442E-10 7.4315E-10 7.7177E-10 8.0065E-10 8.3016E-10 8.6205E-10 8.9293E-10 9.2442E-10 9.5782E-10 9.9101E-10 1.0244E-09 1.0587E-09 1.0945E-09 1.1296E-09 1.1651E-09 1.2018E-09 1.2389E-09 1.2758E-09 1.3132E-09 1.3515E-09 1.3901E-09 1.4284E-09 1.4673E-09 1.5061E-09 1.5457E-09 1.5852E-09 1.6244E-09 1.6643E-09 1.7035E-09 1.7431E-09 1.7825E-09 1.8215E-09 1.8606E-09 1.8995E-09 1.9378E-09 1.9761E-09 2.0139E-09 2.0510E-09 2.0879E-09 2.1243E-09 2.1601E-09 2.1949E-09 2.2289E-09 2.2626E-09 2.2951E-09 2.3271E-09 2.3581E-09 2.3882E-09
5.1294E-10 5.3478E-10 5.5727E-10 5.8125E-10 6.0510E-10 6.2962E-10 6.5649E-10 6.8244E-10 7.0905E-10 7.3799E-10 7.6603E-10 7.9472E-10 8.2448E-10 8.5578E-10 8.8650E-10 9.1784E-10 9.5152E-10 9.8417E-10 1.0174E-09 1.0521E-09 1.0874E-09 1.1224E-09 1.1579E-09 1.1948E-09 1.2316E-09 1.2686E-09 1.3059E-09 1.3446E-09 1.3830E-09 1.4215E-09 1.4605E-09 1.4998E-09 1.5396E-09 1.5790E-09 1.6187E-09 1.6586E-09 1.6986E-09 1.7385E-09 1.7780E-09 1.8178E-09 1.8574E-09 1.8965E-09 1.9360E-09 1.9746E-09 2.0131E-09 2.0512E-09 2.0889E-09 2.1257E-09 2.1620E-09 2.1979E-09 2.2329E-09 2.2675E-09 2.3013E-09 2.3343E-09 2.3661E-09 2.3970E-09 2.4269E-09
5.3036E-10 5.5263E-10 5.7639E-10 6.0003E-10 6.2432E-10 6.5097E-10 6.7670E-10 7.0309E-10 7.3182E-10 7.5964E-10 7.8812E-10 8.1767E-10 8.4878E-10 8.7930E-10 9.1045E-10 9.4397E-10 9.7646E-10 1.0095E-09 1.0445E-09 1.0793E-09 1.1141E-09 1.1498E-09 1.1867E-09 1.2232E-09 1.2601E-09 1.2977E-09 1.3364E-09 1.3746E-09 1.4134E-09 1.4522E-09 1.4922E-09 1.5316E-09 1.5714E-09 1.6114E-09 1.6513E-09 1.6918E-09 1.7317E-09 1.7720E-09 1.8121E-09 1.8519E-09 1.8921E-09 1.9315E-09 1.9709E-09 2.0100E-09 2.0488E-09 2.0868E-09 2.1247E-09 2.1617E-09 2.1985E-09 2.2346E-09 2.2701E-09 2.3046E-09 2.3382E-09 2.3714E-09 2.4036E-09 2.4346E-09 2.4650E-09
5.4760E-10 5.7112E-10 5.9452E-10 6.1857E-10 6.4497E-10 6.7045E-10 6.9660E-10 7.2508E-10 7.5266E-10 7.8090E-10 8.1022E-10 8.4110E-10 8.7139E-10 9.0232E-10 9.3564E-10 9.6792E-10 1.0008E-09 1.0360E-09 1.0702E-09 1.1049E-09 1.1408E-09 1.1772E-09 1.2136E-09 1.2504E-09 1.2886E-09 1.3267E-09 1.3648E-09 1.4036E-09 1.4428E-09 1.4826E-09 1.5220E-09 1.5623E-09 1.6022E-09 1.6428E-09 1.6830E-09 1.7235E-09 1.7640E-09 1.8042E-09 1.8450E-09 1.8850E-09 1.9251E-09 1.9651E-09 2.0047E-09 2.0438E-09 2.0827E-09 2.1210E-09 2.1590E-09 2.1966E-09 2.2335E-09 2.2695E-09 2.3048E-09 2.3397E-09 2.3739E-09 2.4071E-09 2.4395E-09 2.4709E-09 2.5011E-09
5.6544E-10 5.8858E-10 6.1237E-10 6.3850E-10 6.6372E-10 6.8960E-10 7.1781E-10 7.4512E-10 7.7309E-10 8.0215E-10 8.3277E-10 8.6282E-10 8.9349E-10 9.2657E-10 9.5862E-10 9.9128E-10 1.0263E-09 1.0603E-09 1.0948E-09 1.1305E-09 1.1668E-09 1.2030E-09 1.2397E-09 1.2781E-09 1.3158E-09 1.3542E-09 1.3926E-09 1.4324E-09 1.4716E-09 1.5114E-09 1.5515E-09 1.5918E-09 1.6322E-09 1.6725E-09 1.7136E-09 1.7540E-09 1.7948E-09 1.8356E-09 1.8760E-09 1.9168E-09 1.9572E-09 1.9971E-09 2.0369E-09 2.0762E-09 2.1153E-09 2.1544E-09 2.1923E-09 2.2297E-09 2.2668E-09 2.3033E-09 2.3390E-09 2.3741E-09 2.4083E-09 2.4414E-09 2.4739E-09 2.5054E-09 2.5360E-09
5.8227E-10 6.0579E-10 6.3162E-10 6.5656E-10 6.8215E-10 7.1006E-10 7.3709E-10 7.6477E-10 7.9311E-10 8.2388E-10 8.5363E-10 8.8403E-10 9.1684E-10 9.4862E-10 9.8102E-10 1.0158E-09 1.0495E-09 1.0838E-09 1.1196E-09 1.1554E-09 1.1914E-09 1.2283E-09 1.2662E-09 1.3038E-09 1.3420E-09 1.3808E-09 1.4202E-09 1.4593E-09 1.4994E-09 1.5392E-09 1.5799E-09 1.6201E-09 1.6609E-09 1.7017E-09 1.7427E-09 1.7837E-09 1.8245E-09 1.8658E-09 1.9067E-09 1.9471E-09 1.9877E-09 2.0277E-09 2.0678E-09 2.1078E-09 2.1468E-09 2.1854E-09 2.2238E-09 2.2617E-09 2.2989E-09 2.3355E-09 2.3714E-09 2.4062E-09 2.4409E-09 2.4741E-09 2.5067E-09 2.5383E-09 2.5690E-09
5.9883E-10 6.2435E-10 6.4898E-10 6.7427E-10 7.0146E-10 7.2858E-10 7.5595E-10 7.8398E-10 8.1443E-10 8.4388E-10 8.7397E-10 9.0648E-10 9.3797E-10 9.7007E-10 1.0046E-09 1.0380E-09 1.0720E-09 1.1079E-09 1.1432E-09 1.1790E-09 1.2159E-09 1.2534E-09 1.2907E-09 1.3289E-09 1.3678E-09 1.4068E-09 1.4459E-09 1.4859E-09 1.5260E-09 1.5663E-09 1.6066E-09 1.6477E-09 1.6884E-09 1.7298E-09 1.7707E-09 1.8120E-09 1.8535E-09 1.8944E-09 1.9355E-09 1.9761E-09 2.0169E-09 2.0577E-09 2.0976E-09 2.1375E-09 2.1767E-09 2.2157E-09 2.2546E-09 2.2925E-09 2.3296E-09 2.3663E-09 2.4024E-09 2.4376E-09 2.4721E-09 2.5053E-09 2.5380E-09 2.5697E-09 2.6004E-09
6.1632E-10 6.4105E-10 6.6602E-10 6.9163E-10 7.1966E-10 7.4670E-10 7.7440E-10 8.0450E-10 8.3362E-10 8.6339E-10 8.9557E-10 9.2673E-10 9.5852E-10 9.9271E-10 1.0259E-09 1.0596E-09 1.0952E-09 1.1302E-09 1.1657E-09 1.2027E-09 1.2396E-09 1.2768E-09 1.3147E-09 1.3538E-09 1.3923E-09 1.4316E-09 1.4712E-09 1.5115E-09 1.5515E-09 1.5921E-09 1.6329E-09 1.6740E-09 1.7152E-09 1.7562E-09 1.7982E-09 1.8393E-09 1.8808E-09 1.9218E-09 1.9631E-09 2.0045E-09 2.0451E-09 2.0858E-09 2.1258E-09 2.1662E-09 2.2058E-09 2.2450E-09 2.2833E-09 2.3214E-09 2.3589E-09 2.3960E-09 2.4319E-09 2.4672E-09 2.5018E-09 2.5354E-09 2.5682E-09 2.5996E-09 2.6304E-09
6.3278E-10 6.5741E-10 6.8268E-10 7.1034E-10 7.3704E-10 7.6438E-10 7.9413E-10 8.2289E-10 8.5231E-10 8.8412E-10 9.1494E-10 9.4639E-10 9.8024E-10 1.0130E-09 1.0465E-09 1.0817E-09 1.1164E-09 1.1516E-09 1.1884E-09 1.2251E-09 1.2620E-09 1.2997E-09 1.3385E-09 1.3769E-09 1.4163E-09 1.4555E-09 1.4957E-09 1.5356E-09 1.5764E-09 1.6169E-09 1.6582E-09 1.6991E-09 1.7408E-09 1.7823E-09 1.8239E-09 1.8652E-09 1.9068E-09 1.9483E-09 1.9898E-09 2.0310E-09 2.0718E-09 2.1126E-09 2.1534E-09 2.1935E-09 2.2330E-09 2.2722E-09 2.3113E-09 2.3495E-09 2.3868E-09 2.4238E-09 2.4600E-09 2.4954E-09 2.5300E-09 2.5634E-09 2.5963E-09 2.6281E-09 2.6590E-09
6.4850E-10 6.7342E-10 7.0069E-10 7.2702E-10 7.5400E-10 7.8336E-10 8.1175E-10 8.4079E-10 8.7223E-10 9.0268E-10 9.3376E-10 9.6724E-10 9.9969E-10 1.0327E-09 1.0677E-09 1.1020E-09 1.1369E-09 1.1737E-09 1.2097E-09 1.2467E-09 1.2841E-09 1.3224E-09 1.3605E-09 1.3997E-09 1.4390E-09 1.4787E-09 1.5185E-09 1.5592E-09 1.6000E-09 1.6410E-09 1.6818E-09 1.7239E-09 1.7651E-09 1.8068E-09 1.8482E-09 1.8903E-09 1.9320E-09 1.9734E-09 2.0149E-09 2.0563E-09 2.0978E-09 2.1387E-09 2.1790E-09 2.2193E-09 2.2595E-09 2.2988E-09 2.3374E-09 2.3757E-09 2.4134E-09 2.4504E-09 2.4867E-09 2.5219E-09 2.5569E-09 2.5907E-09 2.6236E-09 2.6552E-09 2.6861E-09
6.6385E-10 6.9073E-10 7.1668E-10 7.4327E-10 7.7222E-10 8.0023E-10 8.2888E-10 8.5991E-10 8.8997E-10 9.2066E-10 9.5374E-10 9.8581E-10 1.0185E-09 1.0531E-09 1.0870E-09 1.1216E-09 1.1580E-09 1.1937E-09 1.2303E-09 1.2675E-09 1.3055E-09 1.3433E-09 1.3823E-09 1.4217E-09 1.4609E-09 1.5008E-09 1.5410E-09 1.5819E-09 1.6225E-09 1.6637E-09 1.7053E-09 1.7469E-09 1.7883E-09 1.8301E-09 1.8723E-09 1.9139E-09 1.9557E-09 1.9975E-09 2.0392E-09 2.0810E-09 2.1220E-09 2.1630E-09 2.2037E-09 2.2444E-09 2.2840E-09 2.3235E-09 2.3625E-09 2.4012E-09 2.4386E-09 2.4754E-09 2.5121E-09 2.5477E-09 2.5824E-09 2.6160E-09 2.6489E-09 2.6809E-09 2.7119E-09
6.8051E-10 7.0606E-10 7.3226E-10 7.6079E-10 7.8839E-10 8.1663E-10 8.4723E-10 8.7688E-10 9.0716E-10 9.3983E-10 9.7149E-10 1.0038E-09 1.0379E-09 1.0715E-09 1.1057E-09 1.1417E-09 1.1771E-09 1.2133E-09 1.2505E-09 1.2878E-09 1.3254E-09 1.3640E-09 1.4032E-09 1.4421E-09 1.4821E-09 1.5222E-09 1.5626E-09 1.6031E-09 1.6447E-09 1.6857E-09 1.7272E-09 1.7686E-09 1.8107E-09 1.8527E-09 1.8946E-09 1.9363E-09 1.9786E-09 2.0208E-09 2.0623E-09 2.1036E-09 2.1453E-09 2.1867E-09 2.2272E-09 2.2673E-09 2.3077E-09 2.3476E-09 2.3863E-09 2.4244E-09 2.4626E-09 2.4997E-09 2.5362E-09 2.5715E-09 2.6063E-09 2.6406E-09 2.6736E-09 2.7053E-09 2.7363E-09
6.9520E-10 7.2098E-10 7.4781E-10 7.7625E-10 8.0407E-10 8.3423E-10 8.6345E-10 8.9330E-10 9.2553E-10 9.5676E-10 9.8862E-10 1.0224E-09 1.0555E-09 1.0893E-09 1.1249E-09 1.1599E-09 1.1958E-09 1.2328E-09 1.2695E-09 1.3067E-09 1.3451E-09 1.3839E-09 1.4226E-09 1.4623E-09 1.5025E-09 1.5424E-09 1.5826E-09 1.6241E-09 1.6653E-09 1.7064E-09 1.7480E-09 1.7901E-09 1.8318E-09 1.8738E-09 1.9159E-09 1.9583E-09 2.0004E-09 2.0420E-09 2.0839E-09 2.1259E-09 2.1674E-09 2.2083E-09 2.2495E-09 2.2900E-09 2.3301E-09 2.3694E-09 2.4088E-09 2.4474E-09 2.4853E-09 2.5222E-09 2.5587E-09 2.5947E-09 2.6296E-09 2.6633E-09 2.6963E-09 2.7284E-09 2.7595E-09
7.0948E-10 7.3548E-10 7.6387E-10 7.9125E-10 8.1927E-10 8.4972E-10 8.7913E-10 9.1089E-10 9.4168E-10 9.7310E-10 1.0064E-09 1.0391E-09 1.0724E-09 1.1076E-09 1.1422E-09 1.1777E-09 1.2143E-09 1.2507E-09 1.2875E-09 1.3255E-09 1.3640E-09 1.4023E-09 1.4418E-09 1.4816E-09 1.5213E-09 1.5616E-09 1.6026E-09 1.6436E-09 1.6846E-09 1.7264E-09 1.7681E-09 1.8100E-09 1.8518E-09 1.8942E-09 1.9367E-09 1.9786E-09 2.0204E-09 2.0631E-09 2.1050E-09 2.1465E-09 2.1880E-09 2.2296E-09 2.2706E-09 2.3109E-09 2.3510E-09 2.3910E-09 2.4302E-09 2.4685E-09 2.5064E-09 2.5441E-09 2.5806E-09 2.6160E-09 2.6510E-09 2.6850E-09 2.7185E-09 2.7503E-09 2.7811E-09
7.2336E-10 7.5127E-10 7.7821E-10 8.0577E-10 8.3575E-10 8.6470E-10 8.9427E-10 9.2631E-10 9.5726E-10 9.9008E-10 1.0223E-09 1.0552E-09 1.0900E-09 1.1241E-09 1.1591E-09 1.1954E-09 1.2313E-09 1.2680E-09 1.3056E-09 1.3434E-09 1.3814E-09 1.4205E-09 1.4601E-09 1.4995E-09 1.5398E-09 1.5803E-09 1.6211E-09 1.6618E-09 1.7038E-09 1.7451E-09 1.7869E-09 1.8286E-09 1.8713E-09 1.9135E-09 1.9555E-09 1.9980E-09 2.0406E-09 2.0824E-09 2.1241E-09 2.1662E-09 2.2082E-09 2.2492E-09 2.2902E-09 2.3312E-09 2.3714E-09 2.4108E-09 2.4501E-09 2.4891E-09 2.5271E-09 2.5641E-09 2.6007E-09 2.6365E-09 2.6719E-09 2.7056E-09 2.7385E-09 2.7710E-09 2.8022E-09
7.3849E-10 7.6497E-10 7.9207E-10 8.2155E-10 8.5003E-10 8.7914E-10 9.1067E-10 9.4115E-10 9.7316E-10 1.0053E-09 1.0377E-09 1.0719E-09 1.1056E-09 1.1399E-09 1.1760E-09 1.2114E-09 1.2474E-09 1.2849E-09 1.3224E-09 1.3600E-09 1.3987E-09 1.4379E-09 1.4770E-09 1.5173E-09 1.5575E-09 1.5977E-09 1.6383E-09 1.6801E-09 1.7215E-09 1.7629E-09 1.8051E-09 1.8474E-09 1.8893E-09 1.9312E-09 1.9742E-09 2.0165E-09 2.0585E-09 2.1007E-09 2.1434E-09 2.1849E-09 2.2263E-09 2.2680E-09 2.3094E-09 2.3498E-09 2.3897E-09 2.4299E-09 2.4695E-09 2.5079E-09 2.5456E-09 2.5833E-09 2.6203E-09 2.6559E-09 2.6906E-09 2.7251E-09 2.7583E-09 2.7906E-09 2.8215E-09
7.5159E-10 7.7823E-10 8.0719E-10 8.3519E-10 8.6381E-10 8.9483E-10 9.2482E-10 9.5542E-10 9.8795E-10 1.0199E-09 1.0536E-09 1.0868E-09 1.1206E-09 1.1562E-09 1.1912E-09 1.2268E-09 1.2641E-09 1.3008E-09 1.3380E-09 1.3763E-09 1.4152E-09 1.4538E-09 1.4939E-09 1.5337E-09 1.5737E-09 1.6142E-09 1.6555E-09 1.6967E-09 1.7379E-09 1.7803E-09 1.8222E-09 1.8640E-09 1.9062E-09 1.9492E-09 1.9912E-09 2.0333E-09 2.0759E-09 2.1185E-09 2.1603E-09 2.2022E-09 2.2443E-09 2.2857E-09 2.3265E-09 2.3673E-09 2.4079E-09 2.4478E-09 2.4868E-09 2.5259E-09 2.5640E-09 2.6015E-09 2.6379E-09 2.6738E-09 2.7093E-09 2.7435E-09 2.7764E-09 2.8084E-09 2.8400E-09
7.6424E-10 7.9142E-10 8.2020E-10 8.4832E-10 8.7881E-10 9.0829E-10 9.3839E-10 9.7039E-10 1.0018E-09 1.0338E-09 1.0677E-09 1.1010E-09 1.1362E-09 1.1707E-09 1.2057E-09 1.2426E-09 1.2789E-09 1.3156E-09 1.3535E-09 1.3920E-09 1.4302E-09 1.4699E-09 1.5094E-09 1.5490E-09 1.5896E-09 1.6302E-09 1.6712E-09 1.7122E-09 1.7547E-09 1.7961E-09 1.8378E-09 1.8803E-09 1.9229E-09 1.9649E-09 2.0073E-09 2.0500E-09 2.0924E-09 2.1344E-09 2.1768E-09 2.2192E-09 2.2606E-09 2.3017E-09 2.3436E-09 2.3844E-09 2.4244E-09 2.4643E-09 2.5041E-09 2.5429E-09 2.5807E-09 2.6183E-09 2.6554E-09 2.6914E-09 2.7262E-09 2.7602E-09 2.7938E-09 2.8261E-09 2.8574E-09
7.7644E-10 8.0510E-10 8.3272E-10 8.6180E-10 8.9164E-10 9.2123E-10 9.5269E-10 9.8358E-10 1.0151E-09 1.0485E-09 1.0812E-09 1.1149E-09 1.1499E-09 1.1844E-09 1.2205E-09 1.2566E-09 1.2929E-09 1.3303E-09 1.3683E-09 1.4062E-09 1.4454E-09 1.4845E-09 1.5238E-09 1.5643E-09 1.6043E-09 1.6450E-09 1.6860E-09 1.7280E-09 1.7693E-09 1.8108E-09 1.8534E-09 1.8956E-09 1.9376E-09 1.9803E-09 2.0230E-09 2.0652E-09 2.1072E-09 2.1502E-09 2.1924E-09 2.2341E-09 2.2759E-09 2.3181E-09 2.3590E-09 2.3995E-09 2.4403E-09 2.4805E-09 2.5197E-09 2.5582E-09 2.5968E-09 2.6347E-09 2.6712E-09 2.7069E-09 2.7421E-09 2.7767E-09 2.8101E-09 2.8422E-09 2.8733E-09
7.8992E-10 8.1704E-10 8.4475E-10 8.7488E-10 9.0395E-10 9.3486E-10 9.6523E-10 9.9619E-10 1.0290E-09 1.0613E-09 1.0944E-09 1.1289E-09 1.1629E-09 1.1982E-09 1.2341E-09 1.2698E-09 1.3068E-09 1.3443E-09 1.3817E-09 1.4206E-09 1.4593E-09 1.4981E-09 1.5383E-09 1.5783E-09 1.6183E-09 1.6590E-09 1.7007E-09 1.7417E-09 1.7830E-09 1.8258E-09 1.8675E-09 1.9094E-09 1.9524E-09 1.9948E-09 2.0369E-09 2.0794E-09 2.1225E-09 2.1645E-09 2.2064E-09 2.2491E-09 2.2910E-09 2.3322E-09 2.3735E-09 2.4147E-09 2.4552E-09 2.4948E-09 2.5343E-09 2.5736E-09 2.6119E-09 2.6492E-09 2.6861E-09 2.7225E-09 2.7577E-09 2.7918E-09 2.8250E-09 2.8578E-09 2.8892E-09
8.0134E-10 8.2854E-10 8.5810E-10 8.8664E-10 9.1607E-10 9.4682E-10 9.7725E-10 1.0095E-09 1.0413E-09 1.0739E-09 1.1077E-09 1.1413E-09 1.1760E-09 1.2114E-09 1.2466E-09 1.2831E-09 1.3201E-09 1.3570E-09 1.3954E-09 1.4337E-09 1.4721E-09 1.5118E-09 1.5515E-09 1.5911E-09 1.6318E-09 1.6729E-09 1.7136E-09 1.7550E-09 1.7972E-09 1.8388E-09 1.8805E-09 1.9237E-09 1.9657E-09 2.0078E-09 2.0506E-09 2.0935E-09 2.1356E-09 2.1780E-09 2.2209E-09 2.2627E-09 2.3042E-09 2.3461E-09 2.3878E-09 2.4284E-09 2.4685E-09 2.5089E-09 2.5488E-09 2.5875E-09 2.6255E-09 2.6635E-09 2.7007E-09 2.7366E-09 2.7716E-09 2.8060E-09 2.8399E-09 2.8724E-09 2.9037E-09
8.1234E-10 8.4090E-10 8.6934E-10 8.9793E-10 9.2842E-10 9.5830E-10 9.8971E-10 1.0212E-09 1.0529E-09 1.0866E-09 1.1196E-09 1.1537E-09 1.1886E-09 1.2233E-09 1.2593E-09 1.2958E-09 1.3322E-09 1.3701E-09 1.4079E-09 1.4458E-09 1.4852E-09 1.5244E-09 1.5636E-09 1.6043E-09 1.6447E-09 1.6851E-09 1.7265E-09 1.7682E-09 1.8095E-09 1.8510E-09 1.8941E-09 1.9360E-09 1.9780E-09 2.0211E-09 2.0636E-09 2.1058E-09 2.1486E-09 2.1913E-09 2.2333E-09 2.2750E-09 2.3176E-09 2.3593E-09 2.4002E-09 2.4412E-09 2.4825E-09 2.5222E-09 2.5615E-09 2.6005E-09 2.6392E-09 2.6769E-09 2.7136E-09 2.7498E-09 2.7855E-09 2.8201E-09 2.8534E-09 2.8857E-09 2.9176E-09
8.2337E-10 8.5209E-10 8.8015E-10 9.1006E-10 9.3940E-10 9.6932E-10 1.0012E-09 1.0323E-09 1.0654E-09 1.0978E-09 1.1315E-09 1.1657E-09 1.2000E-09 1.2354E-09 1.2714E-09 1.3073E-09 1.3446E-09 1.3819E-09 1.4194E-09 1.4583E-09 1.4971E-09 1.5359E-09 1.5762E-09 1.6162E-09 1.6563E-09 1.6973E-09 1.7387E-09 1.7798E-09 1.8214E-09 1.8639E-09 1.9057E-09 1.9476E-09 1.9909E-09 2.0330E-09 2.0752E-09 2.1184E-09 2.1609E-09 2.2029E-09 2.2452E-09 2.2880E-09 2.3296E-09 2.3710E-09 2.4127E-09 2.4540E-09 2.4943E-09 2.5341E-09 2.5740E-09 2.6133E-09 2.6515E-09 2.6889E-09 2.7263E-09 2.7629E-09 2.7981E-09 2.8324E-09 2.8661E-09 2.8991E-09 2.9309E-09
8.3494E-10 8.6245E-10 8.9117E-10 9.2057E-10 9.4994E-10 9.8120E-10 1.0118E-09 1.0443E-09 1.0762E-09 1.1086E-09 1.1430E-09 1.1766E-09 1.2115E-09 1.2469E-09 1.2823E-09 1.3192E-09 1.3560E-09 1.3929E-09 1.4313E-09 1.4696E-09 1.5080E-09 1.5482E-09 1.5875E-09 1.6272E-09 1.6682E-09 1.7089E-09 1.7497E-09 1.7910E-09 1.8333E-09 1.8748E-09 1.9166E-09 1.9598E-09 2.0018E-09 2.0439E-09 2.0871E-09 2.1296E-09 2.1717E-09 2.2145E-09 2.2571E-09 2.2990E-09 2.3405E-09 2.3829E-09 2.4243E-09 2.4650E-09 2.5056E-09 2.5461E-09 2.5857E-09 2.6245E-09 2.6630E-09 2.7011E-09 2.7383E-09 2.7743E-09 2.8096E-09 2.8446E-09 2.8787E-09 2.9112E-09 2.9427E-09
