Assets/Resources/2015_m01_d11_1700(utc+0800)_l00_csi_1hr_conc.grd
DSAA
         159         159
     -79.000      79.000
     -79.000      79.000
  0.0000E+00  0.1435E-04
[rows 25 to 49 of 159, columns 0 to 56 of 159]
1.0706E-09 1.1831E-09 1.3054E-09 1.4347E-09 1.5748E-09 1.7231E-09 1.8845E-09 2.0578E-09 2.2432E-09 2.4419E-09 2.6542E-09 2.8840E-09 3.1291E-09 3.3929E-09 3.6743E-09 3.9739E-09 4.2938E-09 4.6300E-09 4.9810E-09 5.3481E-09 5.7240E-09 6.1060E-09 6.4905E-09 6.8691E-09 7.2339E-09 7.5808E-09 7.8992E-09 8.1795E-09 8.4143E-09 8.5979E-09 8.7205E-09 8.7755E-09 8.7588E-09 8.6684E-09 8.5019E-09 8.2613E-09 7.9501E-09 7.5749E-09 7.1447E-09 6.6711E-09 6.1625E-09 5.6304E-09 5.0882E-09 4.5434E-09 4.0075E-09 3.4930E-09 3.0043E-09 2.5491E-09 2.1343E-09 1.7602E-09 1.4292E-09 1.1426E-09 8.9716E-10 6.9060E-10 5.1996E-10 3.8006E-10 2.5643E-10
9.3062E-10 1.0301E-09 1.1388E-09 1.2537E-09 1.3792E-09 1.5124E-09 1.6593E-09 1.8167E-09 1.9866E-09 2.1699E-09 2.3675E-09 2.5827E-09 2.8151E-09 3.0661E-09 3.3369E-09 3.6296E-09 3.9429E-09 4.2750E-09 4.6282E-09 4.9997E-09 5.3836E-09 5.7801E-09 6.1822E-09 6.5828E-09 6.9779E-09 7.3589E-09 7.7148E-09 8.0383E-09 8.3220E-09 8.5553E-09 8.7282E-09 8.8353E-09 8.8707E-09 8.8281E-09 8.7068E-09 8.5062E-09 8.2304E-09 7.8854E-09 7.4795E-09 7.0223E-09 6.5231E-09 5.9946E-09 5.4455E-09 4.8883E-09 4.3375E-09 3.7996E-09 3.2851E-09 2.8044E-09 2.3598E-09 1.9567E-09 1.5991E-09 1.2847E-09 1.0143E-09 7.8619E-10 5.9610E-10 4.4108E-10 3.1260E-10
8.0168E-10 8.8942E-10 9.8407E-10 1.0868E-09 1.1979E-09 1.3168E-09 1.4481E-09 1.5905E-09 1.7453E-09 1.9133E-09 2.0956E-09 2.2955E-09 2.5138E-09 2.7517E-09 3.0108E-09 3.2934E-09 3.5977E-09 3.9257E-09 4.2776E-09 4.6484E-09 5.0385E-09 5.4452E-09 5.8608E-09 6.2822E-09 6.7039E-09 7.1144E-09 7.5067E-09 7.8733E-09 8.2029E-09 8.4836E-09 8.7090E-09 8.8694E-09 8.9561E-09 8.9647E-09 8.8912E-09 8.7357E-09 8.5009E-09 8.1926E-09 7.8162E-09 7.3801E-09 6.8955E-09 6.3708E-09 5.8188E-09 5.2550E-09 4.6878E-09 4.1297E-09 3.5934E-09 3.0839E-09 2.6091E-09 2.1773E-09 1.7874E-09 1.4434E-09 1.1473E-09 8.9364E-10 6.8218E-10 5.0804E-10 3.6835E-10
6.8498E-10 7.6002E-10 8.4310E-10 9.3280E-10 1.0312E-09 1.1364E-09 1.2532E-09 1.3814E-09 1.5202E-09 1.6734E-09 1.8395E-09 2.0251E-09 2.2287E-09 2.4517E-09 2.6983E-09 2.9696E-09 3.2636E-09 3.5846E-09 3.9300E-09 4.2994E-09 4.6928E-09 5.1040E-09 5.5308E-09 5.9702E-09 6.4131E-09 6.8507E-09 7.2784E-09 7.6839E-09 8.0554E-09 8.3850E-09 8.6614E-09 8.8732E-09 9.0135E-09 9.0750E-09 9.0527E-09 8.9486E-09 8.7608E-09 8.4927E-09 8.1509E-09 7.7418E-09 7.2755E-09 6.7633E-09 6.2185E-09 5.6502E-09 5.0722E-09 4.4992E-09 3.9384E-09 3.4011E-09 2.8986E-09 2.4331E-09 2.0110E-09 1.6373E-09 1.3090E-09 1.0272E-09 7.9072E-10 5.9500E-10 4.3647E-10
5.7896E-10 6.4357E-10 7.1536E-10 7.9222E-10 8.7927E-10 9.7206E-10 1.0749E-09 1.1887E-09 1.3128E-09 1.4518E-09 1.6020E-09 1.7723E-09 1.9606E-09 2.1696E-09 2.4029E-09 2.6594E-09 2.9419E-09 3.2536E-09 3.5910E-09 3.9558E-09 4.3472E-09 4.7606E-09 5.1972E-09 5.6491E-09 6.1088E-09 6.5725E-09 7.0302E-09 7.4697E-09 7.8827E-09 8.2578E-09 8.5818E-09 8.8461E-09 9.0406E-09 9.1564E-09 9.1923E-09 9.1415E-09 9.0044E-09 8.7828E-09 8.4809E-09 8.1066E-09 7.6672E-09 7.1731E-09 6.6349E-09 6.0663E-09 5.4824E-09 4.8927E-09 4.3107E-09 3.7500E-09 3.2151E-09 2.7164E-09 2.2622E-09 1.8519E-09 1.4910E-09 1.1798E-09 9.1556E-10 6.9575E-10 5.1659E-10
4.8434E-10 5.3915E-10 6.0014E-10 6.6634E-10 7.4133E-10 8.2371E-10 9.1390E-10 1.0140E-09 1.1241E-09 1.2484E-09 1.3834E-09 1.5393E-09 1.7123E-09 1.9054E-09 2.1240E-09 2.3660E-09 2.6366E-09 2.9347E-09 3.2619E-09 3.6199E-09 4.0064E-09 4.4204E-09 4.8616E-09 5.3208E-09 5.7961E-09 6.2801E-09 6.7621E-09 7.2334E-09 7.6839E-09 8.1000E-09 8.4715E-09 8.7872E-09 9.0347E-09 9.2108E-09 9.3047E-09 9.3107E-09 9.2289E-09 9.0606E-09 8.8068E-09 8.4720E-09 8.0636E-09 7.5925E-09 7.0706E-09 6.5119E-09 5.9267E-09 5.3277E-09 4.7306E-09 4.1431E-09 3.5785E-09 3.0489E-09 2.5562E-09 2.1097E-09 1.7136E-09 1.3666E-09 1.0689E-09 8.1992E-10 6.1512E-10
3.9984E-10 4.4679E-10 4.9813E-10 5.5418E-10 6.1883E-10 6.8884E-10 7.6953E-10 8.5693E-10 9.5349E-10 1.0641E-09 1.1846E-09 1.3256E-09 1.4828E-09 1.6611E-09 1.8643E-09 2.0906E-09 2.3468E-09 2.6310E-09 2.9471E-09 3.2953E-09 3.6741E-09 4.0862E-09 4.5264E-09 4.9904E-09 5.4765E-09 5.9750E-09 6.4774E-09 6.9764E-09 7.4584E-09 7.9139E-09 8.3299E-09 8.6937E-09 9.0001E-09 9.2333E-09 9.3849E-09 9.4542E-09 9.4343E-09 9.3224E-09 9.1203E-09 8.8313E-09 8.4639E-09 8.0270E-09 7.5303E-09 6.9839E-09 6.4010E-09 5.7976E-09 5.1831E-09 4.5734E-09 3.9824E-09 3.4159E-09 2.8864E-09 2.4023E-09 1.9660E-09 1.5804E-09 1.2481E-09 9.6791E-10 7.3403E-10
3.2539E-10 3.6496E-10 4.0776E-10 4.5539E-10 5.0931E-10 5.6961E-10 6.3819E-10 7.1690E-10 8.0074E-10 8.9821E-10 1.0046E-09 1.1315E-09 1.2734E-09 1.4363E-09 1.6235E-09 1.8343E-09 2.0757E-09 2.3453E-09 2.6482E-09 2.9839E-09 3.3539E-09 3.7598E-09 4.1949E-09 4.6610E-09 5.1513E-09 5.6594E-09 6.1782E-09 6.6983E-09 7.2089E-09 7.6991E-09 8.1557E-09 8.5712E-09 8.9292E-09 9.2194E-09 9.4365E-09 9.5692E-09 9.6120E-09 9.5622E-09 9.4183E-09 9.1859E-09 8.8690E-09 8.4716E-09 8.0043E-09 7.4787E-09 6.9103E-09 6.3080E-09 5.6862E-09 5.0613E-09 4.4416E-09 3.8430E-09 3.2775E-09 2.7505E-09 2.2716E-09 1.8455E-09 1.4734E-09 1.1535E-09 8.8481E-10
2.5983E-10 2.9172E-10 3.2926E-10 3.6784E-10 4.1335E-10 4.6347E-10 5.2167E-10 5.9013E-10 6.6448E-10 7.5009E-10 8.4346E-10 9.5649E-10 1.0837E-09 1.2320E-09 1.4037E-09 1.5990E-09 1.8249E-09 2.0787E-09 2.3678E-09 2.6893E-09 3.0485E-09 3.4430E-09 3.8707E-09 4.3333E-09 4.8234E-09 5.3361E-09 5.8648E-09 6.4019E-09 6.9364E-09 7.4560E-09 7.9540E-09 8.4142E-09 8.8226E-09 9.1731E-09 9.4521E-09 9.6497E-09 9.7590E-09 9.7760E-09 9.7006E-09 9.5312E-09 9.2678E-09 8.9188E-09 8.4940E-09 8.0015E-09 7.4507E-09 6.8556E-09 6.2322E-09 5.5908E-09 4.9482E-09 4.3199E-09 3.7142E-09 3.1457E-09 2.6222E-09 2.1506E-09 1.7322E-09 1.3705E-09 1.0663E-09
2.0194E-10 2.2906E-10 2.5891E-10 2.9186E-10 3.2878E-10 3.7029E-10 4.1961E-10 4.7724E-10 5.4343E-10 6.1973E-10 7.0095E-10 8.0156E-10 9.1511E-10 1.0492E-09 1.2058E-09 1.3855E-09 1.5959E-09 1.8336E-09 2.1070E-09 2.4128E-09 2.7575E-09 3.1374E-09 3.5552E-09 4.0088E-09 4.4935E-09 5.0059E-09 5.5413E-09 6.0893E-09 6.6413E-09 7.1905E-09 7.7227E-09 8.2215E-09 8.6822E-09 9.0890E-09 9.4284E-09 9.6919E-09 9.8718E-09 9.9625E-09 9.9585E-09 9.8549E-09 9.6574E-09 9.3703E-09 8.9950E-09 8.5404E-09 8.0183E-09 7.4419E-09 6.8229E-09 6.1759E-09 5.5173E-09 4.8591E-09 4.2176E-09 3.6058E-09 3.0343E-09 2.5131E-09 2.0462E-09 1.6394E-09 1.2879E-09
1.5676E-10 1.7530E-10 1.9908E-10 2.2551E-10 2.5630E-10 2.9040E-10 3.3073E-10 3.8013E-10 4.3592E-10 5.0646E-10 5.7749E-10 6.6685E-10 7.6768E-10 8.8824E-10 1.0303E-09 1.1946E-09 1.3886E-09 1.6091E-09 1.8649E-09 2.1540E-09 2.4817E-09 2.8448E-09 3.2484E-09 3.6891E-09 4.1645E-09 4.6729E-09 5.2083E-09 5.7627E-09 6.3302E-09 6.9009E-09 7.4596E-09 7.9987E-09 8.5048E-09 8.9631E-09 9.3629E-09 9.6936E-09 9.9467E-09 1.0112E-08 1.0181E-08 1.0157E-08 1.0035E-08 9.8124E-09 9.4962E-09 9.0941E-09 8.6136E-09 8.0638E-09 7.4584E-09 6.8127E-09 6.1398E-09 5.4582E-09 4.7828E-09 4.1275E-09 3.5093E-09 2.9347E-09 2.4181E-09 1.9557E-09 1.5552E-09
1.2362E-10 1.3562E-10 1.5283E-10 1.7354E-10 1.9746E-10 2.2619E-10 2.5859E-10 3.0008E-10 3.4769E-10 4.0668E-10 4.7383E-10 5.5185E-10 6.4067E-10 7.4779E-10 8.7553E-10 1.0239E-09 1.2015E-09 1.4046E-09 1.6421E-09 1.9125E-09 2.2208E-09 2.5649E-09 2.9511E-09 3.3756E-09 3.8389E-09 4.3388E-09 4.8694E-09 5.4260E-09 6.0030E-09 6.5878E-09 7.1705E-09 7.7428E-09 8.2883E-09 8.7957E-09 9.2531E-09 9.6505E-09 9.9755E-09 1.0216E-08 1.0369E-08 1.0428E-08 1.0383E-08 1.0238E-08 9.9961E-09 9.6565E-09 9.2265E-09 8.7142E-09 8.1336E-09 7.4969E-09 6.8197E-09 6.1196E-09 5.4124E-09 4.7178E-09 4.0488E-09 3.4221E-09 2.8461E-09 2.3277E-09 1.8751E-09
9.3620E-11 1.0474E-10 1.1522E-10 1.3102E-10 1.4984E-10 1.7294E-10 1.9813E-10 2.3416E-10 2.7175E-10 3.2311E-10 3.8013E-10 4.5310E-10 5.3086E-10 6.2516E-10 7.3921E-10 8.7246E-10 1.0334E-09 1.2177E-09 1.4359E-09 1.6865E-09 1.9739E-09 2.2977E-09 2.6656E-09 3.0710E-09 3.5189E-09 4.0064E-09 4.5283E-09 5.0824E-09 5.6612E-09 6.2549E-09 6.8555E-09 7.4527E-09 8.0329E-09 8.5840E-09 9.0968E-09 9.5583E-09 9.9514E-09 1.0273E-08 1.0512E-08 1.0654E-08 1.0699E-08 1.0644E-08 1.0481E-08 1.0214E-08 9.8470E-09 9.3870E-09 8.8419E-09 8.2242E-09 7.5511E-09 6.8390E-09 6.1098E-09 5.3772E-09 4.6627E-09 3.9846E-09 3.3495E-09 2.7758E-09 2.2574E-09
5.0298E-11 5.6946E-11 7.4262E-11 9.2401E-11 1.0709E-10 1.2435E-10 1.4842E-10 1.7573E-10 2.0835E-10 2.5069E-10 2.9968E-10 3.6290E-10 4.3521E-10 5.1726E-10 6.1735E-10 7.3524E-10 8.7945E-10 1.0462E-09 1.2454E-09 1.4765E-09 1.7426E-09 2.0468E-09 2.3929E-09 2.7780E-09 3.2086E-09 3.6783E-09 4.1872E-09 4.7334E-09 5.3072E-09 5.9030E-09 6.5146E-09 7.1302E-09 7.7373E-09 8.3292E-09 8.8922E-09 9.4092E-09 9.8752E-09 1.0277E-08 1.0597E-08 1.0832E-08 1.0975E-08 1.1010E-08 1.0938E-08 1.0758E-08 1.0466E-08 1.0068E-08 9.5707E-09 8.9860E-09 8.3295E-09 7.6188E-09 6.8708E-09 6.1076E-09 5.3519E-09 4.6179E-09 3.9266E-09 3.2846E-09 2.7013E-09
8.5839E-12 1.9480E-11 2.7853E-11 3.4212E-11 4.8571E-11 6.7961E-11 9.1398E-11 1.1773E-10 1.4362E-10 1.8071E-10 2.2091E-10 2.7600E-10 3.4121E-10 4.1610E-10 5.0616E-10 6.1123E-10 7.4071E-10 8.9120E-10 1.0724E-09 1.2840E-09 1.5296E-09 1.8117E-09 2.1355E-09 2.4992E-09 2.9078E-09 3.3568E-09 3.8488E-09 4.3795E-09 4.9426E-09 5.5351E-09 6.1504E-09 6.7764E-09 7.4056E-09 8.0312E-09 8.6354E-09 9.2085E-09 9.7425E-09 1.0217E-08 1.0624E-08 1.0955E-08 1.1192E-08 1.1329E-08 1.1358E-08 1.1271E-08 1.1066E-08 1.0744E-08 1.0309E-08 9.7723E-09 9.1444E-09 8.4430E-09 7.6887E-09 6.9058E-09 6.1121E-09 5.3309E-09 4.5845E-09 3.8774E-09 3.2352E-09
2.2029E-12 3.1422E-12 4.0257E-12 4.9227E-12 1.0528E-11 1.5384E-11 3.1186E-11 5.3454E-11 7.3041E-11 1.0969E-10 1.5468E-10 1.9856E-10 2.5375E-10 3.2571E-10 4.0598E-10 5.0153E-10 6.1794E-10 7.5313E-10 9.1678E-10 1.1099E-09 1.3345E-09 1.5942E-09 1.8958E-09 2.2335E-09 2.6182E-09 3.0432E-09 3.5132E-09 4.0240E-09 4.5712E-09 5.1545E-09 5.7652E-09 6.3948E-09 7.0417E-09 7.6902E-09 8.3287E-09 8.9546E-09 9.5468E-09 1.0092E-08 1.0586E-08 1.1007E-08 1.1343E-08 1.1587E-08 1.1720E-08 1.1737E-08 1.1631E-08 1.1398E-08 1.1041E-08 1.0563E-08 9.9781E-09 9.3029E-09 8.5586E-09 7.7650E-09 6.9470E-09 6.1295E-09 5.3245E-09 4.5628E-09 3.8421E-09
0.0000E+00 1.1678E-13 2.2798E-13 3.1255E-13 3.7095E-13 4.0412E-13 2.5149E-12 1.2051E-11 2.9021E-11 5.7307E-11 8.6218E-11 1.2331E-10 1.7657E-10 2.4240E-10 3.1690E-10 4.0380E-10 5.0865E-10 6.3006E-10 7.7841E-10 9.5265E-10 1.1568E-09 1.3943E-09 1.6702E-09 1.9816E-09 2.3416E-09 2.7372E-09 3.1839E-09 3.6701E-09 4.1964E-09 4.7648E-09 5.3641E-09 5.9924E-09 6.6454E-09 7.3083E-09 7.9790E-09 8.6431E-09 9.2855E-09 9.9019E-09 1.0472E-08 1.0982E-08 1.1420E-08 1.1768E-08 1.2012E-08 1.2139E-08 1.2141E-08 1.2008E-08 1.1739E-08 1.1337E-08 1.0814E-08 1.0183E-08 9.4630E-09 8.6745E-09 7.8467E-09 6.9940E-09 6.1482E-09 5.3277E-09 4.5426E-09
0.0000E+00 0.0000E+00 0.0000E+00 0.0000E+00 0.0000E+00 0.0000E+00 0.0000E+00 4.8013E-12 1.4416E-11 2.9947E-11 4.8271E-11 8.0843E-11 1.2051E-10 1.6917E-10 2.3640E-10 3.1845E-10 4.1006E-10 5.2331E-10 6.5538E-10 8.1029E-10 9.9429E-10 1.2088E-09 1.4600E-09 1.7464E-09 2.0768E-09 2.4440E-09 2.8644E-09 3.3204E-09 3.8241E-09 4.3704E-09 4.9511E-09 5.5721E-09 6.2215E-09 6.8925E-09 7.5829E-09 8.2755E-09 8.9645E-09 9.6387E-09 1.0279E-08 1.0874E-08 1.1407E-08 1.1859E-08 1.2214E-08 1.2457E-08 1.2571E-08 1.2548E-08 1.2381E-08 1.2073E-08 1.1630E-08 1.1060E-08 1.0382E-08 9.6214E-09 8.7931E-09 7.9301E-09 7.0569E-09 6.1835E-09 5.3449E-09
0.0000E+00 0.0000E+00 0.0000E+00 0.0000E+00 0.0000E+00 0.0000E+00 0.0000E+00 1.5763E-12 6.3740E-12 1.8660E-11 3.2577E-11 5.6164E-11 8.5778E-11 1.2421E-10 1.7888E-10 2.4426E-10 3.2829E-10 4.2631E-10 5.4362E-10 6.8237E-10 8.4769E-10 1.0388E-09 1.2668E-09 1.5249E-09 1.8270E-09 2.1655E-09 2.5538E-09 2.9794E-09 3.4564E-09 3.9730E-09 4.5326E-09 5.1374E-09 5.7743E-09 6.4467E-09 7.1449E-09 7.8577E-09 8.5829E-09 9.3027E-09 1.0005E-08 1.0677E-08 1.1296E-08 1.1846E-08 1.2310E-08 1.2667E-08 1.2899E-08 1.2995E-08 1.2944E-08 1.2744E-08 1.2395E-08 1.1907E-08 1.1297E-08 1.0580E-08 9.7823E-09 8.9291E-09 8.0356E-09 7.1330E-09 6.2384E-09
0.0000E+00 0.0000E+00 0.0000E+00 0.0000E+00 0.0000E+00 0.0000E+00 0.0000E+00 1.1671E-12 2.2166E-12 1.0536E-11 2.0569E-11 3.9987E-11 6.2268E-11 9.6441E-11 1.3844E-10 1.9229E-10 2.6562E-10 3.4999E-10 4.5219E-10 5.7325E-10 7.1635E-10 8.8681E-10 1.0884E-09 1.3192E-09 1.5933E-09 1.8982E-09 2.2563E-09 2.6493E-09 3.0938E-09 3.5800E-09 4.1132E-09 4.6930E-09 5.3127E-09 5.9764E-09 6.6710E-09 7.3950E-09 8.1418E-09 8.8952E-09 9.6474E-09 1.0381E-08 1.1077E-08 1.1718E-08 1.2284E-08 1.2752E-08 1.3105E-08 1.3323E-08 1.3399E-08 1.3318E-08 1.3084E-08 1.2701E-08 1.2178E-08 1.1536E-08 1.0791E-08 9.9620E-09 9.0775E-09 8.1630E-09 7.2326E-09
0.0000E+00 0.0000E+00 0.0000E+00 0.0000E+00 0.0000E+00 0.0000E+00 0.0000E+00 5.8641E-13 1.6663E-12 5.2519E-12 1.3572E-11 2.6719E-11 4.6245E-11 7.0826E-11 1.0618E-10 1.5271E-10 2.1273E-10 2.8529E-10 3.7640E-10 4.8217E-10 6.0780E-10 7.5568E-10 9.3323E-10 1.1394E-09 1.3826E-09 1.6560E-09 1.9819E-09 2.3381E-09 2.7487E-09 3.2002E-09 3.6986E-09 4.2484E-09 4.8423E-09 5.4852E-09 6.1677E-09 6.8906E-09 7.6436E-09 8.4181E-09 9.2053E-09 9.9859E-09 1.0746E-08 1.1466E-08 1.2125E-08 1.2699E-08 1.3168E-08 1.3515E-08 1.3719E-08 1.3772E-08 1.3670E-08 1.3408E-08 1.3003E-08 1.2456E-08 1.1787E-08 1.1021E-08 1.0174E-08 9.2698E-09 8.3328E-09
0.0000E+00 0.0000E+00 0.0000E+00 0.0000E+00 0.0000E+00 0.0000E+00 0.0000E+00 0.0000E+00 1.4946E-12 3.1149E-12 8.2875E-12 1.7871E-11 3.1140E-11 5.3220E-11 8.1854E-11 1.1909E-10 1.6681E-10 2.2912E-10 3.0913E-10 4.0133E-10 5.0900E-10 6.3811E-10 7.9491E-10 9.7355E-10 1.1884E-09 1.4330E-09 1.7229E-09 2.0431E-09 2.4185E-09 2.8288E-09 3.2921E-09 3.8056E-09 4.3655E-09 4.9811E-09 5.6396E-09 6.3484E-09 7.0951E-09 7.8766E-09 8.6813E-09 9.4942E-09 1.0304E-08 1.1088E-08 1.1826E-08 1.2497E-08 1.3079E-08 1.3551E-08 1.3887E-08 1.4083E-08 1.4120E-08 1.4008E-08 1.3735E-08 1.3310E-08 1.2756E-08 1.2080E-08 1.1301E-08 1.0436E-08 9.5131E-09
0.0000E+00 0.0000E+00 0.0000E+00 0.0000E+00 0.0000E+00 0.0000E+00 0.0000E+00 0.0000E+00 9.3085E-13 1.8265E-12 5.8562E-12 1.1846E-11 2.2761E-11 3.7867E-11 6.1815E-11 9.0899E-11 1.2922E-10 1.8228E-10 2.4823E-10 3.2830E-10 4.2259E-10 5.3467E-10 6.6845E-10 8.2320E-10 1.0124E-09 1.2242E-09 1.4806E-09 1.7669E-09 2.1018E-09 2.4720E-09 2.8968E-09 3.3670E-09 3.8898E-09 4.4682E-09 5.0938E-09 5.7783E-09 6.5045E-09 7.2788E-09 8.0849E-09 8.9141E-09 9.7547E-09 1.0587E-08 1.1390E-08 1.2146E-08 1.2831E-08 1.3415E-08 1.3889E-08 1.4226E-08 1.4423E-08 1.4465E-08 1.4343E-08 1.4077E-08 1.3662E-08 1.3109E-08 1.2433E-08 1.1650E-08 1.0771E-08
0.0000E+00 0.0000E+00 0.0000E+00 0.0000E+00 0.0000E+00 0.0000E+00 0.0000E+00 0.0000E+00 0.0000E+00 1.6085E-12 3.2151E-12 8.3686E-12 1.5887E-11 2.7361E-11 4.4741E-11 6.9244E-11 1.0112E-10 1.4351E-10 1.9547E-10 2.6429E-10 3.4672E-10 4.4093E-10 5.5526E-10 6.8947E-10 8.5063E-10 1.0336E-09 1.2597E-09 1.5081E-09 1.8050E-09 2.1363E-09 2.5153E-09 2.9426E-09 3.4214E-09 3.9550E-09 4.5419E-09 5.1893E-09 5.8833E-09 6.6371E-09 7.4276E-09 8.2579E-09 9.1122E-09 9.9736E-09 1.0825E-08 1.1651E-08 1.2418E-08 1.3114E-08 1.3714E-08 1.4196E-08 1.4550E-08 1.4751E-08 1.4814E-08 1.4722E-08 1.4472E-08 1.4080E-08 1.3545E-08 1.2882E-08 1.2091E-08
0.0000E+00 0.0000E+00 0.0000E+00 0.0000E+00 0.0000E+00 0.0000E+00 0.0000E+00 0.0000E+00 0.0000E+00 1.1683E-13 1.8624E-12 4.4774E-12 1.1724E-11 2.0441E-11 3.3022E-11 5.2896E-11 7.5697E-11 1.1046E-10 1.5330E-10 2.1131E-10 2.7676E-10 3.5847E-10 4.5663E-10 5.6853E-10 7.0545E-10 8.6297E-10 1.0560E-09 1.2702E-09 1.5314E-09 1.8188E-09 2.1547E-09 2.5366E-09 2.9666E-09 3.4534E-09 3.9922E-09 4.5937E-09 5.2470E-09 5.9654E-09 6.7266E-09 7.5424E-09 8.3916E-09 9.2639E-09 1.0147E-08 1.1017E-08 1.1859E-08 1.2647E-08 1.3359E-08 1.3982E-08 1.4483E-08 1.4867E-08 1.5114E-08 1.5208E-08 1.5160E-08 1.4958E-08 1.4607E-08 1.4100E-08 1.3436E-08
