Assets/Resources/2015_m01_d24_2000(utc+0800)_l00_csi_1hr_conc.grd
DSAA
         159         159
     -79.000      79.000
     -79.000      79.000
  0.0000E+00  0.5495E-05
[rows 50 to 74 of 159, columns 57 to 113 of 159]
2.2474E-08 1.7136E-08 1.2467E-08 8.6576E-09 5.6942E-09 3.5794E-09 2.1882E-09 1.2716E-09 7.1762E-10 4.4033E-10 3.4219E-10 3.1970E-10 3.1466E-10 3.0960E-10 3.0452E-10 2.9944E-10 2.9434E-10 2.8924E-10 2.8414E-10 2.7905E-10 2.7396E-10 2.6890E-10 2.6385E-10 2.5882E-10 2.5381E-10 2.4884E-10 2.4389E-10 2.3897E-10 2.3409E-10 2.2925E-10 2.2444E-10 2.1967E-10 2.1494E-10 2.1026E-10 2.0562E-10 2.0103E-10 1.9649E-10 1.9199E-10 1.8755E-10 1.8315E-10 1.7881E-10 1.7453E-10 1.7030E-10 1.6613E-10 1.6201E-10 1.5795E-10 1.5395E-10 1.5001E-10 1.4614E-10 1.4232E-10 1.3856E-10 1.3487E-10 1.3123E-10 1.2766E-10 1.2415E-10 1.2071E-10 1.1733E-10
2.7494E-08 2.1320E-08 1.5826E-08 1.1162E-08 7.4640E-09 4.7006E-09 2.8143E-09 1.6327E-09 9.0380E-10 5.1228E-10 3.4824E-10 3.1549E-10 3.1051E-10 3.0551E-10 3.0050E-10 2.9547E-10 2.9044E-10 2.8540E-10 2.8037E-10 2.7534E-10 2.7032E-10 2.6532E-10 2.6034E-10 2.5538E-10 2.5044E-10 2.4553E-10 2.4065E-10 2.3580E-10 2.3098E-10 2.2620E-10 2.2146E-10 2.1675E-10 2.1209E-10 2.0747E-10 2.0289E-10 1.9836E-10 1.9388E-10 1.8944E-10 1.8506E-10 1.8072E-10 1.7644E-10 1.7221E-10 1.6804E-10 1.6392E-10 1.5986E-10 1.5586E-10 1.5191E-10 1.4803E-10 1.4420E-10 1.4043E-10 1.3672E-10 1.3308E-10 1.2949E-10 1.2597E-10 1.2251E-10 1.1911E-10 1.1577E-10
3.3720E-08 2.6725E-08 2.0230E-08 1.4591E-08 9.9327E-09 6.3756E-09 3.8692E-09 2.1749E-09 1.2127E-09 6.4362E-10 3.7712E-10 3.1288E-10 3.0633E-10 3.0139E-10 2.9644E-10 2.9147E-10 2.8650E-10 2.8153E-10 2.7656E-10 2.7160E-10 2.6665E-10 2.6172E-10 2.5680E-10 2.5191E-10 2.4704E-10 2.4220E-10 2.3738E-10 2.3260E-10 2.2785E-10 2.2313E-10 2.1845E-10 2.1381E-10 2.0921E-10 2.0465E-10 2.0014E-10 1.9567E-10 1.9125E-10 1.8687E-10 1.8255E-10 1.7827E-10 1.7405E-10 1.6988E-10 1.6576E-10 1.6170E-10 1.5770E-10 1.5375E-10 1.4986E-10 1.4602E-10 1.4225E-10 1.3853E-10 1.3487E-10 1.3128E-10 1.2774E-10 1.2427E-10 1.2085E-10 1.1750E-10 1.1421E-10
4.1324E-08 3.3572E-08 2.6050E-08 1.9263E-08 1.3433E-08 8.8413E-09 5.4066E-09 3.1095E-09 1.6477E-09 8.6955E-10 4.5897E-10 3.1958E-10 3.0212E-10 2.9724E-10 2.9235E-10 2.8745E-10 2.8254E-10 2.7764E-10 2.7273E-10 2.6784E-10 2.6296E-10 2.5809E-10 2.5325E-10 2.4842E-10 2.4362E-10 2.3884E-10 2.3409E-10 2.2938E-10 2.2469E-10 2.2004E-10 2.1543E-10 2.1085E-10 2.0632E-10 2.0182E-10 1.9737E-10 1.9296E-10 1.8860E-10 1.8429E-10 1.8002E-10 1.7581E-10 1.7165E-10 1.6753E-10 1.6347E-10 1.5947E-10 1.5552E-10 1.5162E-10 1.4779E-10 1.4401E-10 1.4028E-10 1.3662E-10 1.3301E-10 1.2947E-10 1.2598E-10 1.2255E-10 1.1918E-10 1.1588E-10 1.1263E-10
5.0426E-08 4.2149E-08 3.3677E-08 2.5586E-08 1.8419E-08 1.2445E-08 7.8638E-09 4.5619E-09 2.4488E-09 1.2083E-09 6.0930E-10 3.4903E-10 2.9826E-10 2.9306E-10 2.8823E-10 2.8339E-10 2.7855E-10 2.7371E-10 2.6888E-10 2.6406E-10 2.5924E-10 2.5444E-10 2.4967E-10 2.4491E-10 2.4017E-10 2.3547E-10 2.3079E-10 2.2614E-10 2.2152E-10 2.1694E-10 2.1239E-10 2.0788E-10 2.0340E-10 1.9897E-10 1.9459E-10 1.9024E-10 1.8594E-10 1.8169E-10 1.7749E-10 1.7333E-10 1.6922E-10 1.6517E-10 1.6117E-10 1.5722E-10 1.5333E-10 1.4949E-10 1.4570E-10 1.4198E-10 1.3831E-10 1.3469E-10 1.3114E-10 1.2764E-10 1.2420E-10 1.2083E-10 1.1751E-10 1.1425E-10 1.1105E-10
6.0850E-08 5.2560E-08 4.3432E-08 3.4111E-08 2.5356E-08 1.7767E-08 1.1554E-08 6.9572E-09 3.7848E-09 1.8696E-09 8.4406E-10 4.3715E-10 3.0311E-10 2.8885E-10 2.8409E-10 2.7932E-10 2.7454E-10 2.6977E-10 2.6501E-10 2.6025E-10 2.5551E-10 2.5078E-10 2.4607E-10 2.4138E-10 2.3671E-10 2.3207E-10 2.2746E-10 2.2288E-10 2.1833E-10 2.1381E-10 2.0933E-10 2.0488E-10 2.0048E-10 1.9611E-10 1.9179E-10 1.8750E-10 1.8327E-10 1.7908E-10 1.7493E-10 1.7084E-10 1.6679E-10 1.6280E-10 1.5885E-10 1.5496E-10 1.5112E-10 1.4734E-10 1.4361E-10 1.3994E-10 1.3632E-10 1.3276E-10 1.2926E-10 1.2581E-10 1.2242E-10 1.1909E-10 1.1582E-10 1.1261E-10 1.0945E-10
7.2125E-08 6.4712E-08 5.5523E-08 4.5321E-08 3.4992E-08 2.5402E-08 1.7235E-08 1.0852E-08 6.0354E-09 3.0858E-09 1.4036E-09 5.6547E-10 3.2813E-10 2.8462E-10 2.7992E-10 2.7522E-10 2.7051E-10 2.6581E-10 2.6111E-10 2.5643E-10 2.5175E-10 2.4709E-10 2.4245E-10 2.3783E-10 2.3324E-10 2.2867E-10 2.2412E-10 2.1961E-10 2.1512E-10 2.1067E-10 2.0626E-10 2.0188E-10 1.9754E-10 1.9323E-10 1.8897E-10 1.8475E-10 1.8058E-10 1.7645E-10 1.7237E-10 1.6833E-10 1.6435E-10 1.6041E-10 1.5652E-10 1.5269E-10 1.4891E-10 1.4518E-10 1.4151E-10 1.3789E-10 1.3432E-10 1.3081E-10 1.2736E-10 1.2397E-10 1.2063E-10 1.1735E-10 1.1413E-10 1.1096E-10 1.0785E-10
8.3410E-08 7.7979E-08 6.9815E-08 5.9577E-08 4.8024E-08 3.6388E-08 2.5788E-08 1.6877E-08 1.0031E-08 5.3089E-09 2.5064E-09 1.0370E-09 4.0114E-10 2.8632E-10 2.7574E-10 2.7110E-10 2.6647E-10 2.6183E-10 2.5721E-10 2.5259E-10 2.4798E-10 2.4340E-10 2.3882E-10 2.3428E-10 2.2975E-10 2.2525E-10 2.2077E-10 2.1632E-10 2.1191E-10 2.0752E-10 2.0317E-10 1.9886E-10 1.9458E-10 1.9035E-10 1.8615E-10 1.8199E-10 1.7788E-10 1.7381E-10 1.6979E-10 1.6582E-10 1.6189E-10 1.5801E-10 1.5419E-10 1.5041E-10 1.4669E-10 1.4301E-10 1.3939E-10 1.3583E-10 1.3232E-10 1.2886E-10 1.2546E-10 1.2212E-10 1.1883E-10 1.1560E-10 1.1242E-10 1.0931E-10 1.0624E-10
9.3228E-08 9.1049E-08 8.5570E-08 7.6519E-08 6.4850E-08 5.1616E-08 3.8390E-08 2.6457E-08 1.6727E-08 9.4353E-09 4.7151E-09 2.0901E-09 7.3466E-10 3.0867E-10 2.7154E-10 2.6697E-10 2.6241E-10 2.5784E-10 2.5328E-10 2.4874E-10 2.4420E-10 2.3968E-10 2.3518E-10 2.3070E-10 2.2625E-10 2.2181E-10 2.1741E-10 2.1303E-10 2.0868E-10 2.0436E-10 2.0008E-10 1.9583E-10 1.9162E-10 1.8745E-10 1.8331E-10 1.7922E-10 1.7517E-10 1.7117E-10 1.6721E-10 1.6330E-10 1.5943E-10 1.5561E-10 1.5184E-10 1.4812E-10 1.4446E-10 1.4084E-10 1.3728E-10 1.3377E-10 1.3031E-10 1.2691E-10 1.2356E-10 1.2026E-10 1.1703E-10 1.1384E-10 1.1072E-10 1.0765E-10 1.0463E-10
9.9638E-08 1.0214E-07 1.0088E-07 9.5059E-08 8.5043E-08 7.1447E-08 5.6222E-08 4.1028E-08 2.7510E-08 1.6791E-08 9.1061E-09 4.2032E-09 1.6883E-09 5.3041E-10 2.7459E-10 2.6283E-10 2.5833E-10 2.5384E-10 2.4935E-10 2.4488E-10 2.4041E-10 2.3596E-10 2.3153E-10 2.2712E-10 2.2274E-10 2.1837E-10 2.1403E-10 2.0972E-10 2.0544E-10 2.0119E-10 1.9698E-10 1.9279E-10 1.8865E-10 1.8454E-10 1.8047E-10 1.7645E-10 1.7246E-10 1.6852E-10 1.6462E-10 1.6077E-10 1.5696E-10 1.5320E-10 1.4949E-10 1.4583E-10 1.4222E-10 1.3866E-10 1.3515E-10 1.3170E-10 1.2829E-10 1.2494E-10 1.2165E-10 1.1840E-10 1.1522E-10 1.1208E-10 1.0900E-10 1.0598E-10 1.0301E-10
1.0074E-07 1.0858E-07 1.1287E-07 1.1267E-07 1.0651E-07 9.5055E-08 7.9441E-08 6.1819E-08 4.4442E-08 2.9068E-08 1.7104E-08 8.8722E-09 3.7500E-09 1.3670E-09 3.7749E-10 2.5868E-10 2.5425E-10 2.4983E-10 2.4541E-10 2.4101E-10 2.3661E-10 2.3224E-10 2.2788E-10 2.2354E-10 2.1922E-10 2.1492E-10 2.1065E-10 2.0641E-10 2.0220E-10 1.9802E-10 1.9387E-10 1.8975E-10 1.8567E-10 1.8163E-10 1.7763E-10 1.7366E-10 1.6974E-10 1.6586E-10 1.6202E-10 1.5823E-10 1.5449E-10 1.5079E-10 1.4713E-10 1.4353E-10 1.3998E-10 1.3647E-10 1.3302E-10 1.2962E-10 1.2627E-10 1.2297E-10 1.1973E-10 1.1654E-10 1.1340E-10 1.1032E-10 1.0729E-10 1.0431E-10 1.0139E-10
9.5325E-08 1.0806E-07 1.1881E-07 1.2555E-07 1.2578E-07 1.1945E-07 1.0622E-07 8.8706E-08 6.8613E-08 4.8680E-08 3.1245E-08 1.7647E-08 8.6671E-09 3.4267E-09 1.0303E-09 3.1238E-10 2.5108E-10 2.4581E-10 2.4146E-10 2.3713E-10 2.3281E-10 2.2850E-10 2.2421E-10 2.1994E-10 2.1569E-10 2.1147E-10 2.0727E-10 2.0310E-10 1.9895E-10 1.9484E-10 1.9075E-10 1.8670E-10 1.8269E-10 1.7871E-10 1.7477E-10 1.7087E-10 1.6702E-10 1.6320E-10 1.5942E-10 1.5569E-10 1.5201E-10 1.4837E-10 1.4477E-10 1.4123E-10 1.3773E-10 1.3429E-10 1.3089E-10 1.2754E-10 1.2425E-10 1.2100E-10 1.1781E-10 1.1467E-10 1.1159E-10 1.0855E-10 1.0557E-10 1.0264E-10 9.9770E-11
8.3552E-08 9.9584E-08 1.1607E-07 1.2985E-07 1.3845E-07 1.3929E-07 1.3254E-07 1.1860E-07 9.9161E-08 7.6978E-08 5.4138E-08 3.4088E-08 1.8534E-08 8.4265E-09 2.8059E-09 7.1815E-10 2.7877E-10 2.4179E-10 2.3751E-10 2.3325E-10 2.2900E-10 2.2477E-10 2.2055E-10 2.1635E-10 2.1217E-10 2.0801E-10 2.0388E-10 1.9978E-10 1.9570E-10 1.9165E-10 1.8764E-10 1.8366E-10 1.7971E-10 1.7580E-10 1.7192E-10 1.6808E-10 1.6429E-10 1.6053E-10 1.5682E-10 1.5315E-10 1.4953E-10 1.4595E-10 1.4241E-10 1.3893E-10 1.3549E-10 1.3210E-10 1.2875E-10 1.2546E-10 1.2222E-10 1.1903E-10 1.1589E-10 1.1280E-10 1.0977E-10 1.0678E-10 1.0385E-10 1.0097E-10 9.8145E-11
6.6903E-08 8.4254E-08 1.0412E-07 1.2376E-07 1.4030E-07 1.4980E-07 1.5174E-07 1.4485E-07 1.3152E-07 1.1098E-07 8.6995E-08 6.1196E-08 3.7762E-08 1.9575E-08 8.0089E-09 2.1179E-09 4.4522E-10 2.4085E-10 2.3356E-10 2.2937E-10 2.2519E-10 2.2103E-10 2.1688E-10 2.1275E-10 2.0864E-10 2.0455E-10 2.0049E-10 1.9646E-10 1.9245E-10 1.8847E-10 1.8452E-10 1.8060E-10 1.7672E-10 1.7288E-10 1.6907E-10 1.6529E-10 1.6156E-10 1.5787E-10 1.5422E-10 1.5061E-10 1.4704E-10 1.4352E-10 1.4005E-10 1.3662E-10 1.3324E-10 1.2991E-10 1.2662E-10 1.2338E-10 1.2020E-10 1.1706E-10 1.1397E-10 1.1093E-10 1.0795E-10 1.0501E-10 1.0213E-10 9.9298E-11 9.6519E-11
4.8473E-08 6.4591E-08 8.4955E-08 1.0795E-07 1.2995E-07 1.4750E-07 1.5792E-07 1.6073E-07 1.5606E-07 1.4388E-07 1.2488E-07 9.8928E-08 7.0391E-08 4.2367E-08 2.0537E-08 7.4719E-09 1.6666E-09 2.8605E-10 2.2961E-10 2.2549E-10 2.2138E-10 2.1729E-10 2.1321E-10 2.0915E-10 2.0511E-10 2.0110E-10 1.9710E-10 1.9314E-10 1.8920E-10 1.8528E-10 1.8140E-10 1.7755E-10 1.7374E-10 1.6996E-10 1.6621E-10 1.6250E-10 1.5883E-10 1.5520E-10 1.5162E-10 1.4807E-10 1.4456E-10 1.4110E-10 1.3769E-10 1.3432E-10 1.3099E-10 1.2771E-10 1.2448E-10 1.2130E-10 1.1817E-10 1.1508E-10 1.1205E-10 1.0906E-10 1.0613E-10 1.0324E-10 1.0041E-10 9.7626E-11 9.4893E-11
3.1424E-08 4.4512E-08 6.2930E-08 8.6039E-08 1.1076E-07 1.3325E-07 1.4999E-07 1.6087E-07 1.6522E-07 1.6431E-07 1.5542E-07 1.3951E-07 1.1319E-07 8.1436E-08 4.8012E-08 2.1504E-08 6.4629E-09 9.6625E-10 2.4109E-10 2.2162E-10 2.1758E-10 2.1356E-10 2.0955E-10 2.0556E-10 2.0159E-10 1.9764E-10 1.9372E-10 1.8982E-10 1.8595E-10 1.8210E-10 1.7829E-10 1.7451E-10 1.7076E-10 1.6704E-10 1.6336E-10 1.5971E-10 1.5611E-10 1.5254E-10 1.4901E-10 1.4553E-10 1.4208E-10 1.3868E-10 1.3533E-10 1.3201E-10 1.2875E-10 1.2553E-10 1.2235E-10 1.1922E-10 1.1614E-10 1.1311E-10 1.1013E-10 1.0720E-10 1.0431E-10 1.0148E-10 9.8690E-11 9.5955E-11 9.3269E-11
1.8134E-08 2.7550E-08 4.2452E-08 6.3436E-08 8.8245E-08 1.1259E-07 1.3252E-07 1.4721E-07 1.5744E-07 1.6468E-07 1.6774E-07 1.6536E-07 1.5262E-07 1.2987E-07 9.3741E-08 5.4846E-08 2.2104E-08 5.0450E-09 4.0462E-10 2.1775E-10 2.1378E-10 2.0983E-10 2.0589E-10 2.0197E-10 1.9807E-10 1.9419E-10 1.9034E-10 1.8651E-10 1.8270E-10 1.7893E-10 1.7518E-10 1.7146E-10 1.6778E-10 1.6413E-10 1.6051E-10 1.5693E-10 1.5339E-10 1.4988E-10 1.4642E-10 1.4299E-10 1.3961E-10 1.3627E-10 1.3297E-10 1.2971E-10 1.2650E-10 1.2334E-10 1.2022E-10 1.1715E-10 1.1412E-10 1.1114E-10 1.0821E-10 1.0533E-10 1.0250E-10 9.9710E-11 9.6973E-11 9.4285E-11 9.1647E-11
9.2943E-09 1.5316E-08 2.6416E-08 4.4141E-08 6.7615E-08 9.2505E-08 1.1376E-07 1.2885E-07 1.3996E-07 1.4932E-07 1.5815E-07 1.6527E-07 1.6876E-07 1.6199E-07 1.4394E-07 1.0690E-07 6.1543E-08 2.1353E-08 3.4191E-09 2.3363E-10 2.0999E-10 2.0611E-10 2.0224E-10 1.9839E-10 1.9456E-10 1.9075E-10 1.8696E-10 1.8320E-10 1.7947E-10 1.7576E-10 1.7207E-10 1.6842E-10 1.6481E-10 1.6122E-10 1.5767E-10 1.5415E-10 1.5067E-10 1.4723E-10 1.4382E-10 1.4046E-10 1.3714E-10 1.3386E-10 1.3062E-10 1.2742E-10 1.2427E-10 1.2116E-10 1.1809E-10 1.1508E-10 1.1210E-10 1.0918E-10 1.0630E-10 1.0347E-10 1.0068E-10 9.7948E-11 9.5259E-11 9.2619E-11 9.0027E-11
4.0144E-09 7.4793E-09 1.5180E-08 2.9348E-08 5.0969E-08 7.6402E-08 9.9194E-08 1.1499E-07 1.2474E-07 1.3162E-07 1.3928E-07 1.4748E-07 1.5620E-07 1.6354E-07 1.6484E-07 1.5129E-07 1.1906E-07 6.3745E-08 1.6929E-08 1.1344E-09 2.0621E-10 2.0239E-10 1.9860E-10 1.9482E-10 1.9106E-10 1.8732E-10 1.8360E-10 1.7990E-10 1.7623E-10 1.7259E-10 1.6898E-10 1.6539E-10 1.6184E-10 1.5832E-10 1.5483E-10 1.5138E-10 1.4796E-10 1.4458E-10 1.4124E-10 1.3794E-10 1.3467E-10 1.3145E-10 1.2827E-10 1.2513E-10 1.2203E-10 1.1898E-10 1.1597E-10 1.1301E-10 1.1009E-10 1.0722E-10 1.0439E-10 1.0161E-10 9.8876E-11 9.6189E-11 9.3549E-11 9.0957E-11 8.8412E-11
1.2872E-09 3.0525E-09 7.7103E-09 1.8240E-08 3.7092E-08 6.2780E-08 8.8718E-08 1.0773E-07 1.1786E-07 1.2302E-07 1.2673E-07 1.3181E-07 1.3810E-07 1.4447E-07 1.5241E-07 1.5749E-07 1.5047E-07 1.1956E-07 4.9464E-08 4.5214E-09 2.0713E-10 1.9869E-10 1.9497E-10 1.9126E-10 1.8756E-10 1.8389E-10 1.8024E-10 1.7662E-10 1.7301E-10 1.6944E-10 1.6589E-10 1.6237E-10 1.5888E-10 1.5543E-10 1.5200E-10 1.4861E-10 1.4526E-10 1.4194E-10 1.3866E-10 1.3542E-10 1.3221E-10 1.2905E-10 1.2593E-10 1.2285E-10 1.1981E-10 1.1681E-10 1.1386E-10 1.1095E-10 1.0808E-10 1.0526E-10 1.0249E-10 9.9758E-11 9.7074E-11 9.4436E-11 9.1844E-11 8.9299E-11 8.6801E-11
3.6156E-10 1.0589E-09 3.5103E-09 1.0284E-08 2.4911E-08 4.8764E-08 7.7515E-08 1.0317E-07 1.1889E-07 1.2436E-07 1.2566E-07 1.2732E-07 1.3094E-07 1.3573E-07 1.4006E-07 1.4483E-07 1.5131E-07 1.4816E-07 9.6524E-08 1.2375E-08 1.9946E-10 1.9500E-10 1.9135E-10 1.8771E-10 1.8408E-10 1.8048E-10 1.7690E-10 1.7334E-10 1.6980E-10 1.6629E-10 1.6281E-10 1.5936E-10 1.5594E-10 1.5254E-10 1.4918E-10 1.4586E-10 1.4257E-10 1.3931E-10 1.3609E-10 1.3291E-10 1.2976E-10 1.2666E-10 1.2359E-10 1.2057E-10 1.1759E-10 1.1465E-10 1.1175E-10 1.0889E-10 1.0608E-10 1.0331E-10 1.0059E-10 9.7911E-11 9.5277E-11 9.2689E-11 9.0145E-11 8.7647E-11 8.5195E-11
2.6676E-10 4.2715E-10 1.4626E-09 5.0241E-09 1.4411E-08 3.2613E-08 6.0514E-08 9.3238E-08 1.2209E-07 1.3837E-07 1.3868E-07 1.3366E-07 1.3321E-07 1.3662E-07 1.4089E-07 1.4616E-07 1.5067E-07 1.5696E-07 1.4157E-07 3.7783E-08 3.9713E-10 1.9133E-10 1.8774E-10 1.8417E-10 1.8062E-10 1.7708E-10 1.7357E-10 1.7007E-10 1.6661E-10 1.6316E-10 1.5975E-10 1.5636E-10 1.5300E-10 1.4967E-10 1.4638E-10 1.4311E-10 1.3988E-10 1.3669E-10 1.3353E-10 1.3041E-10 1.2732E-10 1.2428E-10 1.2127E-10 1.1830E-10 1.1538E-10 1.1249E-10 1.0965E-10 1.0685E-10 1.0409E-10 1.0137E-10 9.8701E-11 9.6072E-11 9.3488E-11 9.0948E-11 8.8453E-11 8.6002E-11 8.3596E-11
2.6169E-10 2.5833E-10 5.3501E-10 1.8891E-09 6.1635E-09 1.6094E-08 3.5401E-08 6.5769E-08 1.0749E-07 1.4981E-07 1.7446E-07 1.6845E-07 1.4819E-07 1.4123E-07 1.4684E-07 1.5103E-07 1.5760E-07 1.6312E-07 1.6699E-07 9.3987E-08 2.7511E-09 1.8767E-10 1.8415E-10 1.8065E-10 1.7716E-10 1.7370E-10 1.7025E-10 1.6682E-10 1.6342E-10 1.6005E-10 1.5670E-10 1.5337E-10 1.5008E-10 1.4682E-10 1.4358E-10 1.4038E-10 1.3721E-10 1.3408E-10 1.3098E-10 1.2792E-10 1.2489E-10 1.2191E-10 1.1896E-10 1.1605E-10 1.1318E-10 1.1035E-10 1.0756E-10 1.0481E-10 1.0210E-10 9.9440E-11 9.6819E-11 9.4241E-11 9.1706E-11 8.9215E-11 8.6767E-11 8.4363E-11 8.2003E-11
2.5663E-10 2.5333E-10 2.7235E-10 6.5673E-10 1.8685E-09 5.4147E-09 1.3117E-08 2.8913E-08 5.9352E-08 1.0971E-07 1.8035E-07 2.3681E-07 2.3367E-07 1.7786E-07 1.5153E-07 1.5830E-07 1.6360E-07 1.7035E-07 1.7919E-07 1.6143E-07 1.6796E-08 1.8403E-10 1.8058E-10 1.7715E-10 1.7373E-10 1.7033E-10 1.6695E-10 1.6359E-10 1.6026E-10 1.5695E-10 1.5366E-10 1.5040E-10 1.4717E-10 1.4397E-10 1.4080E-10 1.3766E-10 1.3456E-10 1.3148E-10 1.2845E-10 1.2544E-10 1.2248E-10 1.1955E-10 1.1666E-10 1.1380E-10 1.1099E-10 1.0821E-10 1.0548E-10 1.0278E-10 1.0013E-10 9.7517E-11 9.4947E-11 9.2419E-11 8.9933E-11 8.7490E-11 8.5090E-11 8.2733E-11 8.0418E-11
2.5160E-10 2.4836E-10 2.4509E-10 2.6180E-10 5.0132E-10 1.1861E-09 2.7638E-09 6.6987E-09 1.5372E-08 3.6371E-08 8.2638E-08 1.7493E-07 3.1298E-07 3.8186E-07 2.6871E-07 1.7620E-07 1.7070E-07 1.7925E-07 1.8652E-07 2.0252E-07 7.7863E-08 1.8041E-10 1.7703E-10 1.7366E-10 1.7031E-10 1.6698E-10 1.6367E-10 1.6038E-10 1.5711E-10 1.5386E-10 1.5064E-10 1.4745E-10 1.4428E-10 1.4114E-10 1.3804E-10 1.3496E-10 1.3191E-10 1.2890E-10 1.2592E-10 1.2298E-10 1.2007E-10 1.1720E-10 1.1437E-10 1.1157E-10 1.0881E-10 1.0609E-10 1.0341E-10 1.0077E-10 9.8165E-11 9.5604E-11 9.3085E-11 9.0607E-11 8.8170E-11 8.5775E-11 8.3422E-11 8.1111E-11 7.8842E-11
