Assets/Resources/2015_m01_d12_0600(utc+0800)_l00_csi_1hr_conc.grd
DSAA
         159         159
     -79.000      79.000
     -79.000      79.000
  0.0000E+00  0.2689E-05
[rows 25 to 49 of 159, columns 0 to 56 of 159]
0.0000E+00 0.0000E+00 0.0000E+00 0.0000E+00 0.0000E+00 0.0000E+00 0.0000E+00 0.0000E+00 0.0000E+00 0.0000E+00 0.0000E+00 0.0000E+00 0.0000E+00 0.0000E+00 0.0000E+00 0.0000E+00 0.0000E+00 0.0000E+00 0.0000E+00 0.0000E+00 6.5242E-13 1.0487E-11 2.2907E-11 4.5819E-11 7.4072E-11 1.1830E-10 1.7299E-10 2.5124E-10 3.4769E-10 4.7758E-10 6.4062E-10 8.4969E-10 1.1071E-09 1.4265E-09 1.8099E-09 2.2766E-09 2.8184E-09 3.4420E-09 4.1495E-09 4.9429E-09 5.8175E-09 6.7619E-09 7.7625E-09 8.8030E-09 9.8588E-09 1.0901E-08 1.1902E-08 1.2831E-08 1.3657E-08 1.4350E-08 1.4884E-08 1.5239E-08 1.5400E-08 1.5361E-08 1.5122E-08 1.4693E-08 1.4090E-08
0.0000E+00 0.0000E+00 0.0000E+00 0.0000E+00 0.0000E+00 0.0000E+00 0.0000E+00 0.0000E+00 0.0000E+00 0.0000E+00 0.0000E+00 0.0000E+00 0.0000E+00 0.0000E+00 0.0000E+00 0.0000E+00 0.0000E+00 0.0000E+00 0.0000E+00 0.0000E+00 1.7673E-13 7.2360E-12 1.8727E-11 3.9219E-11 6.6062E-11 1.0678E-10 1.5915E-10 2.3360E-10 3.2736E-10 4.5226E-10 6.1199E-10 8.1612E-10 1.0692E-09 1.3842E-09 1.7649E-09 2.2270E-09 2.7694E-09 3.3950E-09 4.1073E-09 4.9061E-09 5.7877E-09 6.7454E-09 7.7657E-09 8.8252E-09 9.9001E-09 1.0964E-08 1.1987E-08 1.2935E-08 1.3776E-08 1.4477E-08 1.5013E-08 1.5363E-08 1.5511E-08 1.5451E-08 1.5184E-08 1.4721E-08 1.4080E-08
0.0000E+00 0.0000E+00 0.0000E+00 0.0000E+00 0.0000E+00 0.0000E+00 0.0000E+00 0.0000E+00 0.0000E+00 0.0000E+00 0.0000E+00 0.0000E+00 0.0000E+00 0.0000E+00 0.0000E+00 0.0000E+00 0.0000E+00 0.0000E+00 0.0000E+00 0.0000E+00 0.0000E+00 4.1499E-12 1.4608E-11 3.2528E-11 5.7596E-11 9.4768E-11 1.4491E-10 2.1411E-10 3.0483E-10 4.2458E-10 5.8006E-10 7.7738E-10 1.0268E-09 1.3355E-09 1.7114E-09 2.1684E-09 2.7097E-09 3.3362E-09 4.0498E-09 4.8528E-09 5.7442E-09 6.7150E-09 7.7485E-09 8.8242E-09 9.9196E-09 1.1007E-08 1.2051E-08 1.3016E-08 1.3872E-08 1.4586E-08 1.5128E-08 1.5475E-08 1.5611E-08 1.5530E-08 1.5235E-08 1.4738E-08 1.4058E-08
0.0000E+00 0.0000E+00 0.0000E+00 0.0000E+00 0.0000E+00 0.0000E+00 0.0000E+00 0.0000E+00 0.0000E+00 0.0000E+00 0.0000E+00 0.0000E+00 0.0000E+00 0.0000E+00 0.0000E+00 0.0000E+00 0.0000E+00 0.0000E+00 0.0000E+00 0.0000E+00 0.0000E+00 2.2676E-12 1.0843E-11 2.5965E-11 4.9298E-11 8.2580E-11 1.2977E-10 1.9410E-10 2.8080E-10 3.9502E-10 5.4518E-10 7.3535E-10 9.7851E-10 1.2792E-09 1.6512E-09 2.1011E-09 2.6393E-09 3.2615E-09 3.9770E-09 4.7871E-09 5.6865E-09 6.6663E-09 7.7114E-09 8.8066E-09 9.9239E-09 1.1031E-08 1.2095E-08 1.3083E-08 1.3957E-08 1.4682E-08 1.5228E-08 1.5572E-08 1.5698E-08 1.5599E-08 1.5279E-08 1.4748E-08 1.4031E-08
0.0000E+00 0.0000E+00 0.0000E+00 0.0000E+00 0.0000E+00 0.0000E+00 0.0000E+00 0.0000E+00 0.0000E+00 0.0000E+00 0.0000E+00 0.0000E+00 0.0000E+00 0.0000E+00 0.0000E+00 0.0000E+00 0.0000E+00 0.0000E+00 0.0000E+00 0.0000E+00 0.0000E+00 1.1323E-12 7.1672E-12 1.9934E-11 4.1090E-11 7.0889E-11 1.1453E-10 1.7342E-10 2.5569E-10 3.6349E-10 5.0766E-10 6.9050E-10 9.2583E-10 1.2180E-09 1.5838E-09 2.0255E-09 2.5584E-09 3.1784E-09 3.8936E-09 4.7057E-09 5.6092E-09 6.5997E-09 7.6625E-09 8.7763E-09 9.9111E-09 1.1041E-08 1.2129E-08 1.3140E-08 1.4031E-08 1.4769E-08 1.5323E-08 1.5668E-08 1.5787E-08 1.5671E-08 1.5325E-08 1.4763E-08 1.4008E-08
0.0000E+00 0.0000E+00 0.0000E+00 0.0000E+00 0.0000E+00 0.0000E+00 0.0000E+00 0.0000E+00 0.0000E+00 0.0000E+00 0.0000E+00 0.0000E+00 0.0000E+00 0.0000E+00 0.0000E+00 0.0000E+00 0.0000E+00 0.0000E+00 0.0000E+00 0.0000E+00 0.0000E+00 3.5340E-13 4.1671E-12 1.4042E-11 3.2789E-11 5.9566E-11 9.9029E-11 1.5326E-10 2.3029E-10 3.3137E-10 4.6817E-10 6.4260E-10 8.6964E-10 1.1525E-09 1.5095E-09 1.9416E-09 2.4698E-09 3.0858E-09 3.7975E-09 4.6102E-09 5.5223E-09 6.5241E-09 7.6002E-09 8.7281E-09 9.8867E-09 1.1043E-08 1.2157E-08 1.3187E-08 1.4100E-08 1.4855E-08 1.5419E-08 1.5765E-08 1.5875E-08 1.5743E-08 1.5373E-08 1.4779E-08 1.3986E-08
0.0000E+00 0.0000E+00 0.0000E+00 0.0000E+00 0.0000E+00 0.0000E+00 0.0000E+00 0.0000E+00 0.0000E+00 0.0000E+00 0.0000E+00 0.0000E+00 0.0000E+00 0.0000E+00 0.0000E+00 0.0000E+00 0.0000E+00 0.0000E+00 0.0000E+00 0.0000E+00 0.0000E+00 0.0000E+00 2.3560E-12 8.5460E-12 2.4932E-11 4.8039E-11 8.3918E-11 1.3356E-10 2.0424E-10 2.9873E-10 4.2728E-10 5.9288E-10 8.1083E-10 1.0830E-09 1.4289E-09 1.8522E-09 2.3721E-09 2.9811E-09 3.6910E-09 4.5066E-09 5.4242E-09 6.4322E-09 7.5195E-09 8.6685E-09 9.8513E-09 1.1030E-08 1.2167E-08 1.3227E-08 1.4166E-08 1.4941E-08 1.5517E-08 1.5866E-08 1.5972E-08 1.5827E-08 1.5433E-08 1.4807E-08 1.3979E-08
0.0000E+00 0.0000E+00 0.0000E+00 0.0000E+00 0.0000E+00 0.0000E+00 0.0000E+00 0.0000E+00 0.0000E+00 0.0000E+00 0.0000E+00 0.0000E+00 0.0000E+00 0.0000E+00 0.0000E+00 0.0000E+00 0.0000E+00 0.0000E+00 0.0000E+00 0.0000E+00 0.0000E+00 0.0000E+00 9.1919E-13 4.9317E-12 1.6859E-11 3.7565E-11 6.8695E-11 1.1420E-10 1.7919E-10 2.6658E-10 3.8597E-10 5.4284E-10 7.4950E-10 1.0101E-09 1.3446E-09 1.7574E-09 2.2650E-09 2.8693E-09 3.5759E-09 4.3893E-09 5.3075E-09 6.3266E-09 7.4313E-09 8.5999E-09 9.8015E-09 1.1006E-08 1.2176E-08 1.3267E-08 1.4232E-08 1.5029E-08 1.5621E-08 1.5981E-08 1.6086E-08 1.5927E-08 1.5509E-08 1.4853E-08 1.3986E-08
0.0000E+00 0.0000E+00 0.0000E+00 0.0000E+00 0.0000E+00 0.0000E+00 0.0000E+00 0.0000E+00 0.0000E+00 0.0000E+00 0.0000E+00 0.0000E+00 0.0000E+00 0.0000E+00 0.0000E+00 0.0000E+00 0.0000E+00 0.0000E+00 0.0000E+00 0.0000E+00 0.0000E+00 0.0000E+00 8.6163E-14 3.0509E-12 1.0038E-11 2.7791E-11 5.4061E-11 9.6330E-11 1.5422E-10 2.3487E-10 3.4548E-10 4.9302E-10 6.8764E-10 9.3799E-10 1.2576E-09 1.6571E-09 2.1529E-09 2.7495E-09 3.4490E-09 4.2582E-09 5.1814E-09 6.2097E-09 7.3280E-09 8.5134E-09 9.7416E-09 1.0979E-08 1.2182E-08 1.3302E-08 1.4298E-08 1.5124E-08 1.5741E-08 1.6115E-08 1.6221E-08 1.6052E-08 1.5615E-08 1.4928E-08 1.4021E-08
0.0000E+00 0.0000E+00 0.0000E+00 0.0000E+00 0.0000E+00 0.0000E+00 0.0000E+00 0.0000E+00 0.0000E+00 0.0000E+00 0.0000E+00 0.0000E+00 0.0000E+00 0.0000E+00 0.0000E+00 0.0000E+00 0.0000E+00 0.0000E+00 0.0000E+00 0.0000E+00 0.0000E+00 0.0000E+00 0.0000E+00 1.1628E-12 5.7390E-12 1.8307E-11 4.0718E-11 7.8894E-11 1.3119E-10 2.0507E-10 3.0576E-10 4.4363E-10 6.2751E-10 8.6549E-10 1.1701E-09 1.5563E-09 2.0376E-09 2.6213E-09 3.3142E-09 4.1206E-09 5.0440E-09 6.0752E-09 7.2039E-09 8.4115E-09 9.6679E-09 1.0936E-08 1.2172E-08 1.3332E-08 1.4368E-08 1.5229E-08 1.5871E-08 1.6261E-08 1.6375E-08 1.6203E-08 1.5750E-08 1.5033E-08 1.4088E-08
0.0000E+00 0.0000E+00 0.0000E+00 0.0000E+00 0.0000E+00 0.0000E+00 0.0000E+00 0.0000E+00 0.0000E+00 0.0000E+00 0.0000E+00 0.0000E+00 0.0000E+00 0.0000E+00 0.0000E+00 0.0000E+00 0.0000E+00 0.0000E+00 0.0000E+00 0.0000E+00 0.0000E+00 0.0000E+00 0.0000E+00 2.8641E-14 3.6840E-12 1.1454E-11 2.9533E-11 6.2359E-11 1.0983E-10 1.7838E-10 2.6787E-10 3.9745E-10 5.7033E-10 7.9530E-10 1.0861E-09 1.4576E-09 1.9216E-09 2.4918E-09 3.1756E-09 3.9750E-09 4.8928E-09 5.9306E-09 7.0736E-09 8.3024E-09 9.5817E-09 1.0884E-08 1.2164E-08 1.3371E-08 1.4450E-08 1.5352E-08 1.6028E-08 1.6446E-08 1.6574E-08 1.6402E-08 1.5934E-08 1.5188E-08 1.4204E-08
0.0000E+00 0.0000E+00 0.0000E+00 0.0000E+00 0.0000E+00 0.0000E+00 0.0000E+00 0.0000E+00 0.0000E+00 0.0000E+00 0.0000E+00 0.0000E+00 0.0000E+00 0.0000E+00 0.0000E+00 0.0000E+00 0.0000E+00 0.0000E+00 0.0000E+00 0.0000E+00 0.0000E+00 0.0000E+00 0.0000E+00 0.0000E+00 1.6970E-12 7.4237E-12 2.0273E-11 4.8425E-11 9.0386E-11 1.5271E-10 2.3423E-10 3.5094E-10 5.1352E-10 7.2677E-10 1.0043E-09 1.3593E-09 1.8082E-09 2.3644E-09 3.0362E-09 3.8250E-09 4.7410E-09 5.7816E-09 6.9341E-09 8.1772E-09 9.4879E-09 1.0828E-08 1.2151E-08 1.3399E-08 1.4527E-08 1.5476E-08 1.6198E-08 1.6648E-08 1.6797E-08 1.6631E-08 1.6153E-08 1.5386E-08 1.4366E-08
0.0000E+00 0.0000E+00 0.0000E+00 0.0000E+00 0.0000E+00 0.0000E+00 0.0000E+00 0.0000E+00 0.0000E+00 0.0000E+00 0.0000E+00 0.0000E+00 0.0000E+00 0.0000E+00 0.0000E+00 0.0000E+00 0.0000E+00 0.0000E+00 0.0000E+00 0.0000E+00 0.0000E+00 0.0000E+00 0.0000E+00 0.0000E+00 2.6407E-13 5.1273E-12 1.3727E-11 3.6842E-11 7.3191E-11 1.2889E-10 2.0333E-10 3.1274E-10 4.6129E-10 6.6093E-10 9.2541E-10 1.2650E-09 1.6959E-09 2.2368E-09 2.8949E-09 3.6787E-09 4.5901E-09 5.6321E-09 6.7917E-09 8.0563E-09 9.3958E-09 1.0772E-08 1.2137E-08 1.3440E-08 1.4623E-08 1.5626E-08 1.6393E-08 1.6878E-08 1.7053E-08 1.6897E-08 1.6414E-08 1.5625E-08 1.4567E-08
0.0000E+00 0.0000E+00 0.0000E+00 0.0000E+00 0.0000E+00 0.0000E+00 0.0000E+00 0.0000E+00 0.0000E+00 0.0000E+00 0.0000E+00 0.0000E+00 0.0000E+00 0.0000E+00 0.0000E+00 0.0000E+00 0.0000E+00 0.0000E+00 0.0000E+00 0.0000E+00 0.0000E+00 0.0000E+00 0.0000E+00 0.0000E+00 0.0000E+00 2.1581E-12 8.8005E-12 2.6856E-11 5.9189E-11 1.0743E-10 1.7291E-10 2.7388E-10 4.1225E-10 5.9850E-10 8.4924E-10 1.1737E-09 1.5902E-09 2.1107E-09 2.7579E-09 3.5356E-09 4.4401E-09 5.4847E-09 6.6590E-09 7.9451E-09 9.3143E-09 1.0729E-08 1.2145E-08 1.3504E-08 1.4742E-08 1.5800E-08 1.6619E-08 1.7147E-08 1.7351E-08 1.7208E-08 1.6718E-08 1.5904E-08 1.4809E-08
0.0000E+00 0.0000E+00 0.0000E+00 0.0000E+00 0.0000E+00 0.0000E+00 0.0000E+00 0.0000E+00 0.0000E+00 0.0000E+00 0.0000E+00 0.0000E+00 0.0000E+00 0.0000E+00 0.0000E+00 0.0000E+00 0.0000E+00 0.0000E+00 0.0000E+00 0.0000E+00 0.0000E+00 0.0000E+00 0.0000E+00 0.0000E+00 0.0000E+00 8.8377E-13 6.2808E-12 1.8224E-11 4.5215E-11 8.9561E-11 1.4468E-10 2.3581E-10 3.6656E-10 5.4076E-10 7.7416E-10 1.0840E-09 1.4854E-09 1.9903E-09 2.6220E-09 3.3876E-09 4.2970E-09 5.3459E-09 6.5328E-09 7.8417E-09 9.2507E-09 1.0715E-08 1.2188E-08 1.3606E-08 1.4910E-08 1.6033E-08 1.6908E-08 1.7480E-08 1.7712E-08 1.7574E-08 1.7075E-08 1.6236E-08 1.5098E-08
0.0000E+00 0.0000E+00 0.0000E+00 0.0000E+00 0.0000E+00 0.0000E+00 0.0000E+00 0.0000E+00 0.0000E+00 0.0000E+00 0.0000E+00 0.0000E+00 0.0000E+00 0.0000E+00 0.0000E+00 0.0000E+00 0.0000E+00 0.0000E+00 0.0000E+00 0.0000E+00 0.0000E+00 0.0000E+00 0.0000E+00 0.0000E+00 0.0000E+00 0.0000E+00 3.8579E-12 1.2394E-11 3.3392E-11 7.0608E-11 1.2131E-10 1.9989E-10 3.1988E-10 4.8141E-10 7.0182E-10 9.9375E-10 1.3786E-09 1.8684E-09 2.4868E-09 3.2409E-09 4.1493E-09 5.2088E-09 6.4122E-09 7.7528E-09 9.2046E-09 1.0724E-08 1.2256E-08 1.3749E-08 1.5127E-08 1.6322E-08 1.7258E-08 1.7878E-08 1.8141E-08 1.8020E-08 1.7511E-08 1.6634E-08 1.5448E-08
0.0000E+00 0.0000E+00 0.0000E+00 0.0000E+00 0.0000E+00 0.0000E+00 0.0000E+00 0.0000E+00 0.0000E+00 0.0000E+00 0.0000E+00 0.0000E+00 0.0000E+00 0.0000E+00 0.0000E+00 0.0000E+00 0.0000E+00 0.0000E+00 0.0000E+00 0.0000E+00 0.0000E+00 0.0000E+00 0.0000E+00 0.0000E+00 0.0000E+00 0.0000E+00 1.4023E-12 8.1749E-12 2.4377E-11 5.2615E-11 9.6634E-11 1.6815E-10 2.7514E-10 4.2313E-10 6.3086E-10 9.0635E-10 1.2716E-09 1.7437E-09 2.3472E-09 3.0906E-09 3.9935E-09 5.0657E-09 6.2930E-09 7.6660E-09 9.1639E-09 1.0745E-08 1.2359E-08 1.3938E-08 1.5405E-08 1.6682E-08 1.7697E-08 1.8378E-08 1.8680E-08 1.8572E-08 1.8046E-08 1.7128E-08 1.5875E-08
0.0000E+00 0.0000E+00 0.0000E+00 0.0000E+00 0.0000E+00 0.0000E+00 0.0000E+00 0.0000E+00 0.0000E+00 0.0000E+00 0.0000E+00 0.0000E+00 0.0000E+00 0.0000E+00 0.0000E+00 0.0000E+00 0.0000E+00 0.0000E+00 0.0000E+00 0.0000E+00 0.0000E+00 0.0000E+00 0.0000E+00 0.0000E+00 0.0000E+00 0.0000E+00 0.0000E+00 5.2733E-12 1.4913E-11 4.0738E-11 7.4409E-11 1.3812E-10 2.3182E-10 3.6586E-10 5.5718E-10 8.1662E-10 1.1632E-09 1.6126E-09 2.1981E-09 2.9314E-09 3.8323E-09 4.9065E-09 6.1570E-09 7.5696E-09 9.1238E-09 1.0785E-08 1.2487E-08 1.4159E-08 1.5728E-08 1.7111E-08 1.8218E-08 1.8971E-08 1.9318E-08 1.9224E-08 1.8682E-08 1.7723E-08 1.6390E-08
0.0000E+00 0.0000E+00 0.0000E+00 0.0000E+00 0.0000E+00 0.0000E+00 0.0000E+00 0.0000E+00 0.0000E+00 0.0000E+00 0.0000E+00 0.0000E+00 0.0000E+00 0.0000E+00 0.0000E+00 0.0000E+00 0.0000E+00 0.0000E+00 0.0000E+00 0.0000E+00 0.0000E+00 0.0000E+00 0.0000E+00 0.0000E+00 0.0000E+00 0.0000E+00 0.0000E+00 1.0663E-12 1.0260E-11 2.7523E-11 5.6876E-11 1.1001E-10 1.8972E-10 3.1269E-10 4.8392E-10 7.2282E-10 1.0490E-09 1.4793E-09 2.0404E-09 2.7563E-09 3.6510E-09 4.7287E-09 6.0041E-09 7.4595E-09 9.0765E-09 1.0813E-08 1.2614E-08 1.4408E-08 1.6108E-08 1.7614E-08 1.8824E-08 1.9661E-08 2.0065E-08 1.9996E-08 1.9442E-08 1.8439E-08 1.7028E-08
0.0000E+00 0.0000E+00 0.0000E+00 0.0000E+00 0.0000E+00 0.0000E+00 0.0000E+00 0.0000E+00 0.0000E+00 0.0000E+00 0.0000E+00 0.0000E+00 0.0000E+00 0.0000E+00 0.0000E+00 0.0000E+00 0.0000E+00 0.0000E+00 0.0000E+00 0.0000E+00 0.0000E+00 0.0000E+00 0.0000E+00 0.0000E+00 0.0000E+00 0.0000E+00 0.0000E+00 0.0000E+00 5.5221E-12 1.4702E-11 4.1905E-11 8.3137E-11 1.5350E-10 2.5773E-10 4.1097E-10 6.2946E-10 9.2903E-10 1.3351E-09 1.8723E-09 2.5663E-09 3.4410E-09 4.5211E-09 5.8171E-09 7.3139E-09 8.9935E-09 1.0825E-08 1.2745E-08 1.4675E-08 1.6517E-08 1.8160E-08 1.9510E-08 2.0463E-08 2.0948E-08 2.0915E-08 2.0351E-08 1.9291E-08 1.7797E-08
0.0000E+00 0.0000E+00 0.0000E+00 0.0000E+00 0.0000E+00 0.0000E+00 0.0000E+00 0.0000E+00 0.0000E+00 0.0000E+00 0.0000E+00 0.0000E+00 0.0000E+00 0.0000E+00 0.0000E+00 0.0000E+00 0.0000E+00 0.0000E+00 0.0000E+00 0.0000E+00 0.0000E+00 0.0000E+00 0.0000E+00 0.0000E+00 0.0000E+00 0.0000E+00 0.0000E+00 0.0000E+00 1.7632E-13 1.1251E-11 2.4500E-11 6.0712E-11 1.1799E-10 2.0519E-10 3.4208E-10 5.3352E-10 8.0420E-10 1.1822E-09 1.6863E-09 2.3530E-09 3.2051E-09 4.2781E-09 5.5836E-09 7.1174E-09 8.8633E-09 1.0793E-08 1.2835E-08 1.4918E-08 1.6934E-08 1.8758E-08 2.0273E-08 2.1365E-08 2.1942E-08 2.1958E-08 2.1395E-08 2.0281E-08 1.8693E-08
0.0000E+00 0.0000E+00 0.0000E+00 0.0000E+00 0.0000E+00 0.0000E+00 0.0000E+00 0.0000E+00 0.0000E+00 0.0000E+00 0.0000E+00 0.0000E+00 0.0000E+00 0.0000E+00 0.0000E+00 0.0000E+00 0.0000E+00 0.0000E+00 0.0000E+00 0.0000E+00 0.0000E+00 0.0000E+00 0.0000E+00 0.0000E+00 0.0000E+00 0.0000E+00 0.0000E+00 0.0000E+00 0.0000E+00 3.8077E-12 1.4234E-11 3.9111E-11 8.3125E-11 1.5972E-10 2.7279E-10 4.3729E-10 6.8160E-10 1.0205E-09 1.4882E-09 2.1166E-09 2.9363E-09 3.9892E-09 5.2889E-09 6.8508E-09 8.6602E-09 1.0687E-08 1.2871E-08 1.5124E-08 1.7336E-08 1.9362E-08 2.1081E-08 2.2355E-08 2.3074E-08 2.3172E-08 2.2624E-08 2.1457E-08 1.9763E-08
0.0000E+00 0.0000E+00 0.0000E+00 0.0000E+00 0.0000E+00 0.0000E+00 0.0000E+00 0.0000E+00 0.0000E+00 0.0000E+00 0.0000E+00 0.0000E+00 0.0000E+00 0.0000E+00 0.0000E+00 0.0000E+00 0.0000E+00 0.0000E+00 0.0000E+00 0.0000E+00 0.0000E+00 0.0000E+00 0.0000E+00 0.0000E+00 0.0000E+00 0.0000E+00 0.0000E+00 0.0000E+00 0.0000E+00 0.0000E+00 8.4669E-12 1.7630E-11 5.4009E-11 1.1367E-10 2.0864E-10 3.5089E-10 5.5584E-10 8.5574E-10 1.2780E-09 1.8575E-09 2.6380E-09 3.6461E-09 4.9294E-09 6.5021E-09 8.3594E-09 1.0481E-08 1.2803E-08 1.5239E-08 1.7673E-08 1.9953E-08 2.1920E-08 2.3418E-08 2.4320E-08 2.4538E-08 2.4036E-08 2.2836E-08 2.1030E-08
0.0000E+00 0.0000E+00 0.0000E+00 0.0000E+00 0.0000E+00 0.0000E+00 0.0000E+00 0.0000E+00 0.0000E+00 0.0000E+00 0.0000E+00 0.0000E+00 0.0000E+00 0.0000E+00 0.0000E+00 0.0000E+00 0.0000E+00 0.0000E+00 0.0000E+00 0.0000E+00 0.0000E+00 0.0000E+00 0.0000E+00 0.0000E+00 0.0000E+00 0.0000E+00 0.0000E+00 0.0000E+00 0.0000E+00 0.0000E+00 1.7331E-12 9.9204E-12 2.6515E-11 6.9942E-11 1.4975E-10 2.6122E-10 4.3976E-10 6.9704E-10 1.0630E-09 1.5901E-09 2.3058E-09 3.2605E-09 4.5077E-09 6.0620E-09 7.9472E-09 1.0140E-08 1.2594E-08 1.5221E-08 1.7901E-08 2.0464E-08 2.2724E-08 2.4519E-08 2.5679E-08 2.6088E-08 2.5680E-08 2.4474E-08 2.2559E-08
0.0000E+00 0.0000E+00 0.0000E+00 0.0000E+00 0.0000E+00 0.0000E+00 0.0000E+00 0.0000E+00 0.0000E+00 0.0000E+00 0.0000E+00 0.0000E+00 0.0000E+00 0.0000E+00 0.0000E+00 0.0000E+00 0.0000E+00 0.0000E+00 0.0000E+00 0.0000E+00 0.0000E+00 0.0000E+00 0.0000E+00 0.0000E+00 0.0000E+00 0.0000E+00 0.0000E+00 0.0000E+00 0.0000E+00 0.0000E+00 0.0000E+00 4.4375E-12 1.0723E-11 3.5203E-11 9.2205E-11 1.8138E-10 3.2666E-10 5.3656E-10 8.5582E-10 1.3170E-09 1.9596E-09 2.8495E-09 4.0241E-09 5.5391E-09 7.4161E-09 9.6501E-09 1.2213E-08 1.5025E-08 1.7948E-08 2.0816E-08 2.3441E-08 2.5608E-08 2.7112E-08 2.7791E-08 2.7557E-08 2.6405E-08 2.4420E-08
