Assets/Resources/2015_m01_d29_0400(utc+0800)_l00_csi_1hr_conc.grd
DSAA
         159         159
     -79.000      79.000
     -79.000      79.000
  0.0000E+00  0.3189E-04
[rows 50 to 74 of 159, columns 0 to 56 of 159]
0.0000E+00 9.5464E-13 3.0194E-12 6.3494E-12 1.0135E-11 1.3847E-11 1.7617E-11 2.0704E-11 2.3646E-11 2.8534E-11 3.3954E-11 3.9948E-11 4.6563E-11 5.3008E-11 5.9224E-11 6.5145E-11 7.1524E-11 7.8382E-11 8.5736E-11 9.3603E-11 1.0262E-10 1.1178E-10 1.2140E-10 1.3160E-10 1.4238E-10 1.5376E-10 1.6572E-10 1.8198E-10 1.9964E-10 2.1788E-10 2.4132E-10 2.5960E-10 2.7985E-10 3.0121E-10 3.2435E-10 3.4843E-10 3.7612E-10 4.0691E-10 4.4006E-10 4.7542E-10 5.1707E-10 5.5822E-10 6.0574E-10 6.5276E-10 7.1357E-10 7.7957E-10 8.5163E-10 9.3295E-10 1.0246E-09 1.1253E-09 1.2370E-09 1.3771E-09 1.5206E-09 1.6637E-09 1.8266E-09 1.9893E-09 2.1783E-09
0.0000E+00 0.0000E+00 9.4650E-13 3.4927E-12 7.3261E-12 1.1132E-11 1.4382E-11 1.7690E-11 2.1569E-11 2.6059E-11 3.1042E-11 3.5768E-11 4.1075E-11 4.7015E-11 5.3525E-11 5.9750E-11 6.5613E-11 7.1917E-11 7.8679E-11 8.5914E-11 9.4055E-11 1.0267E-10 1.1153E-10 1.2092E-10 1.3086E-10 1.4134E-10 1.5236E-10 1.6761E-10 1.8421E-10 2.0136E-10 2.2363E-10 2.4071E-10 2.5974E-10 2.7991E-10 3.0175E-10 3.2453E-10 3.4830E-10 3.7968E-10 4.1132E-10 4.4514E-10 4.8520E-10 5.2485E-10 5.7096E-10 6.1658E-10 6.7474E-10 7.3744E-10 8.0623E-10 8.8096E-10 9.7060E-10 1.0665E-09 1.1705E-09 1.3077E-09 1.4429E-09 1.5844E-09 1.7416E-09 1.9001E-09 2.0842E-09
0.0000E+00 0.0000E+00 0.0000E+00 4.6704E-13 2.9965E-12 6.8199E-12 1.1625E-11 1.4886E-11 1.8214E-11 2.1607E-11 2.6153E-11 3.1202E-11 3.6797E-11 4.2982E-11 4.8965E-11 5.4682E-11 6.0058E-11 6.5841E-11 7.2044E-11 7.8683E-11 8.5987E-11 9.4092E-11 1.0223E-10 1.1086E-10 1.2000E-10 1.2963E-10 1.3977E-10 1.5406E-10 1.6964E-10 1.8574E-10 2.0688E-10 2.2278E-10 2.4064E-10 2.5970E-10 2.8027E-10 3.0177E-10 3.2433E-10 3.5376E-10 3.8395E-10 4.1627E-10 4.5476E-10 4.9292E-10 5.3761E-10 5.8185E-10 6.3540E-10 6.9499E-10 7.6039E-10 8.3390E-10 9.1642E-10 1.0079E-09 1.1097E-09 1.2385E-09 1.3716E-09 1.5080E-09 1.6568E-09 1.8140E-09 1.9906E-09
0.0000E+00 0.0000E+00 0.0000E+00 0.0000E+00 0.0000E+00 2.5021E-12 6.2996E-12 1.1561E-11 1.4821E-11 1.8156E-11 2.1559E-11 2.6145E-11 3.1243E-11 3.6896E-11 4.3150E-11 4.9160E-11 5.4853E-11 6.0144E-11 6.5822E-11 7.1900E-11 7.8410E-11 8.6035E-11 9.3504E-11 1.0142E-10 1.0979E-10 1.1863E-10 1.2794E-10 1.4130E-10 1.5591E-10 1.7101E-10 1.9107E-10 2.0582E-10 2.2255E-10 2.4048E-10 2.5987E-10 2.8015E-10 3.0161E-10 3.2810E-10 3.5794E-10 3.8879E-10 4.2574E-10 4.6242E-10 5.0568E-10 5.4851E-10 5.9791E-10 6.5455E-10 7.1676E-10 7.8889E-10 8.6736E-10 9.5206E-10 1.0513E-09 1.1752E-09 1.3004E-09 1.4346E-09 1.5757E-09 1.7308E-09 1.8996E-09
0.0000E+00 0.0000E+00 0.0000E+00 0.0000E+00 0.0000E+00 0.0000E+00 2.4663E-12 6.2242E-12 1.1451E-11 1.5445E-11 1.9543E-11 2.3728E-11 2.8386E-11 3.3557E-11 3.9282E-11 4.4782E-11 4.9988E-11 5.4819E-11 6.0004E-11 6.5556E-11 7.1485E-11 7.8276E-11 8.5332E-11 9.2573E-11 1.0024E-10 1.0833E-10 1.1684E-10 1.2933E-10 1.4301E-10 1.5716E-10 1.7616E-10 1.8980E-10 2.0546E-10 2.2226E-10 2.4057E-10 2.5966E-10 2.8009E-10 3.0287E-10 3.3328E-10 3.6270E-10 3.9815E-10 4.3332E-10 4.7514E-10 5.1656E-10 5.6223E-10 6.1607E-10 6.7741E-10 7.4359E-10 8.1826E-10 9.0123E-10 9.9553E-10 1.1123E-09 1.2352E-09 1.3645E-09 1.5007E-09 1.6502E-09 1.8150E-09
0.0000E+00 0.0000E+00 0.0000E+00 0.0000E+00 0.0000E+00 0.0000E+00 0.0000E+00 1.9315E-12 5.6337E-12 1.1316E-11 1.5794E-11 1.9383E-11 2.3580E-11 2.8255E-11 3.3450E-11 3.9207E-11 4.4701E-11 4.9855E-11 5.4579E-11 5.9639E-11 6.5043E-11 7.1029E-11 7.7702E-11 8.4310E-11 9.1306E-11 9.8693E-11 1.0647E-10 1.1813E-10 1.3092E-10 1.4417E-10 1.6216E-10 1.7472E-10 1.8934E-10 2.0506E-10 2.2233E-10 2.4028E-10 2.5966E-10 2.8120E-10 3.0994E-10 3.3796E-10 3.7197E-10 4.0562E-10 4.4599E-10 4.8598E-10 5.3024E-10 5.8144E-10 6.3767E-10 7.0052E-10 7.7150E-10 8.5256E-10 9.4002E-10 1.0522E-09 1.1727E-09 1.2947E-09 1.4255E-09 1.5724E-09 1.7307E-09
0.0000E+00 0.0000E+00 0.0000E+00 0.0000E+00 0.0000E+00 0.0000E+00 0.0000E+00 0.0000E+00 0.0000E+00 4.1406E-12 9.2275E-12 1.5574E-11 1.9148E-11 2.3340E-11 2.8015E-11 3.3215E-11 3.8983E-11 4.4451E-11 4.9534E-11 5.4135E-11 5.9050E-11 6.4288E-11 7.0557E-11 7.6614E-11 8.2986E-11 8.9716E-11 9.6805E-11 1.0767E-10 1.1963E-10 1.3201E-10 1.4903E-10 1.6054E-10 1.7418E-10 1.8886E-10 2.0510E-10 2.2199E-10 2.4034E-10 2.6069E-10 2.8694E-10 3.1454E-10 3.4713E-10 3.7929E-10 4.1820E-10 4.5674E-10 4.9960E-10 5.4461E-10 5.9991E-10 6.5961E-10 7.2913E-10 8.0381E-10 8.8703E-10 9.9727E-10 1.1129E-09 1.2274E-09 1.3559E-09 1.4950E-09 1.6518E-09
0.0000E+00 0.0000E+00 0.0000E+00 0.0000E+00 0.0000E+00 0.0000E+00 0.0000E+00 0.0000E+00 0.0000E+00 0.0000E+00 4.0582E-12 9.0497E-12 1.5294E-11 1.8839E-11 2.3012E-11 2.8474E-11 3.4482E-11 4.0237E-11 4.4855E-11 4.9029E-11 5.3489E-11 5.8242E-11 6.3696E-11 6.9465E-11 7.5256E-11 8.1373E-11 8.7818E-11 9.7941E-11 1.0910E-10 1.2067E-10 1.3675E-10 1.4725E-10 1.5987E-10 1.7364E-10 1.8876E-10 2.0475E-10 2.2213E-10 2.4131E-10 2.6446E-10 2.9241E-10 3.2360E-10 3.5428E-10 3.9173E-10 4.2883E-10 4.7023E-10 5.1153E-10 5.6405E-10 6.2283E-10 6.8856E-10 7.5729E-10 8.3654E-10 9.4457E-10 1.0531E-09 1.1623E-09 1.2877E-09 1.4188E-09 1.5731E-09
0.0000E+00 0.0000E+00 0.0000E+00 0.0000E+00 0.0000E+00 0.0000E+00 0.0000E+00 0.0000E+00 0.0000E+00 0.0000E+00 0.0000E+00 2.5254E-12 7.3972E-12 1.4025E-11 1.9240E-11 2.4180E-11 2.9632E-11 3.4857E-11 3.9777E-11 4.4305E-11 4.8343E-11 5.2647E-11 5.7341E-11 6.2842E-11 6.8093E-11 7.3641E-11 7.9488E-11 8.8906E-11 9.9308E-11 1.1011E-10 1.2528E-10 1.3499E-10 1.4633E-10 1.5937E-10 1.7340E-10 1.8847E-10 2.0498E-10 2.2290E-10 2.4525E-10 2.7153E-10 3.0134E-10 3.3059E-10 3.6657E-10 4.0221E-10 4.4211E-10 4.8186E-10 5.3183E-10 5.8756E-10 6.4774E-10 7.1299E-10 7.9046E-10 8.9076E-10 9.9197E-10 1.1010E-09 1.2209E-09 1.3444E-09 1.4962E-09
0.0000E+00 0.0000E+00 0.0000E+00 0.0000E+00 0.0000E+00 0.0000E+00 0.0000E+00 0.0000E+00 0.0000E+00 0.0000E+00 0.0000E+00 0.0000E+00 5.0376E-13 5.7824E-12 1.2500E-11 1.9102E-11 2.4475E-11 2.9136E-11 3.4321E-11 3.9171E-11 4.3594E-11 4.7482E-11 5.1617E-11 5.6526E-11 6.1474E-11 6.6494E-11 7.1785E-11 8.0540E-11 9.0228E-11 1.0030E-10 1.1461E-10 1.2358E-10 1.3381E-10 1.4576E-10 1.5918E-10 1.7303E-10 1.8886E-10 2.0555E-10 2.2704E-10 2.5013E-10 2.8031E-10 3.0821E-10 3.4266E-10 3.7686E-10 4.1521E-10 4.5341E-10 4.9754E-10 5.5010E-10 6.0685E-10 6.7280E-10 7.4603E-10 8.3910E-10 9.3797E-10 1.0417E-09 1.1514E-09 1.2751E-09 1.4213E-09
0.0000E+00 0.0000E+00 0.0000E+00 0.0000E+00 0.0000E+00 0.0000E+00 0.0000E+00 0.0000E+00 0.0000E+00 0.0000E+00 0.0000E+00 0.0000E+00 0.0000E+00 0.0000E+00 3.2019E-12 9.7665E-12 1.7702E-11 2.3461E-11 2.8535E-11 3.3661E-11 3.8425E-11 4.2727E-11 4.6455E-11 5.0604E-11 5.5374E-11 5.9906E-11 6.4684E-11 7.2814E-11 8.1827E-11 9.1208E-11 1.0469E-10 1.1296E-10 1.2220E-10 1.3319E-10 1.4561E-10 1.5875E-10 1.7345E-10 1.8944E-10 2.0975E-10 2.3105E-10 2.6047E-10 2.8704E-10 3.1999E-10 3.5274E-10 3.8951E-10 4.2620E-10 4.6668E-10 5.1622E-10 5.7189E-10 6.3408E-10 6.9936E-10 7.8972E-10 8.8560E-10 9.8186E-10 1.0866E-09 1.2076E-09 1.3457E-09
0.0000E+00 0.0000E+00 0.0000E+00 0.0000E+00 0.0000E+00 0.0000E+00 0.0000E+00 0.0000E+00 0.0000E+00 0.0000E+00 0.0000E+00 0.0000E+00 0.0000E+00 0.0000E+00 0.0000E+00 2.6300E-12 8.0818E-12 1.5336E-11 2.1923E-11 2.7365E-11 3.2885E-11 3.7545E-11 4.1714E-11 4.5271E-11 4.9619E-11 5.3848E-11 5.8153E-11 6.5696E-11 7.4074E-11 8.2806E-11 9.5500E-11 1.0311E-10 1.1140E-10 1.2158E-10 1.3287E-10 1.4546E-10 1.5899E-10 1.7433E-10 1.9350E-10 2.1399E-10 2.4178E-10 2.6703E-10 2.9850E-10 3.2981E-10 3.6496E-10 4.0005E-10 4.3871E-10 4.8564E-10 5.3816E-10 5.9497E-10 6.5684E-10 7.4404E-10 8.3456E-10 9.2432E-10 1.0262E-09 1.1414E-09 1.2722E-09
0.0000E+00 0.0000E+00 0.0000E+00 0.0000E+00 0.0000E+00 0.0000E+00 0.0000E+00 0.0000E+00 0.0000E+00 0.0000E+00 0.0000E+00 0.0000E+00 0.0000E+00 0.0000E+00 0.0000E+00 0.0000E+00 1.5720E-12 6.4012E-12 1.2978E-11 1.9903E-11 2.6496E-11 3.2361E-11 3.7372E-11 4.0564E-11 4.4157E-11 4.8294E-11 5.2164E-11 5.9157E-11 6.6935E-11 7.5058E-11 8.6993E-11 9.3999E-11 1.0141E-10 1.1067E-10 1.2103E-10 1.3296E-10 1.4551E-10 1.6005E-10 1.7828E-10 1.9796E-10 2.2186E-10 2.4816E-10 2.7816E-10 3.0805E-10 3.4152E-10 3.7479E-10 4.1165E-10 4.5311E-10 5.0215E-10 5.5582E-10 6.1760E-10 6.9969E-10 7.8157E-10 8.6868E-10 9.6706E-10 1.0751E-09 1.2007E-09
0.0000E+00 0.0000E+00 0.0000E+00 0.0000E+00 0.0000E+00 0.0000E+00 0.0000E+00 0.0000E+00 0.0000E+00 0.0000E+00 0.0000E+00 0.0000E+00 0.0000E+00 0.0000E+00 0.0000E+00 0.0000E+00 0.0000E+00 0.0000E+00 2.9622E-12 9.6197E-12 1.7899E-11 2.4330E-11 3.0018E-11 3.5805E-11 3.9290E-11 4.3055E-11 4.6685E-11 5.3162E-11 6.0378E-11 6.7928E-11 7.9139E-11 8.5577E-11 9.2391E-11 1.0047E-10 1.1001E-10 1.2121E-10 1.3293E-10 1.4660E-10 1.6384E-10 1.8293E-10 2.0565E-10 2.3038E-10 2.5898E-10 2.8737E-10 3.1890E-10 3.5060E-10 3.8560E-10 4.2348E-10 4.6942E-10 5.2153E-10 5.7962E-10 6.5342E-10 7.3224E-10 8.1650E-10 9.0785E-10 1.0084E-09 1.1321E-09
0.0000E+00 0.0000E+00 0.0000E+00 0.0000E+00 0.0000E+00 0.0000E+00 0.0000E+00 0.0000E+00 0.0000E+00 0.0000E+00 0.0000E+00 0.0000E+00 0.0000E+00 0.0000E+00 0.0000E+00 0.0000E+00 0.0000E+00 0.0000E+00 0.0000E+00 2.3732E-12 7.6107E-12 1.4666E-11 2.2172E-11 2.7671E-11 3.2778E-11 3.7163E-11 4.1221E-11 4.7682E-11 5.4370E-11 6.1381E-11 7.1901E-11 7.7811E-11 8.4073E-11 9.1192E-11 9.9930E-11 1.1005E-10 1.2126E-10 1.3390E-10 1.5031E-10 1.6854E-10 1.9041E-10 2.1212E-10 2.4085E-10 2.6753E-10 2.9732E-10 3.2745E-10 3.6031E-10 3.9632E-10 4.3923E-10 4.8843E-10 5.4147E-10 6.1052E-10 6.8502E-10 7.6373E-10 8.5045E-10 9.4761E-10 1.0649E-09
0.0000E+00 0.0000E+00 0.0000E+00 0.0000E+00 0.0000E+00 0.0000E+00 0.0000E+00 0.0000E+00 0.0000E+00 0.0000E+00 0.0000E+00 0.0000E+00 0.0000E+00 0.0000E+00 0.0000E+00 0.0000E+00 0.0000E+00 0.0000E+00 0.0000E+00 0.0000E+00 1.2869E-12 5.3696E-12 1.1703E-11 2.0030E-11 2.5329E-11 3.0228E-11 3.4225E-11 4.0886E-11 4.7496E-11 5.4440E-11 6.5243E-11 7.0663E-11 7.6412E-11 8.2623E-11 9.0671E-11 9.9703E-11 1.1055E-10 1.2197E-10 1.3784E-10 1.5494E-10 1.7610E-10 1.9588E-10 2.2351E-10 2.4867E-10 2.7677E-10 3.0497E-10 3.3562E-10 3.6988E-10 4.0746E-10 4.5353E-10 5.0299E-10 5.7093E-10 6.4062E-10 7.1104E-10 7.9154E-10 8.8609E-10 9.9738E-10
0.0000E+00 0.0000E+00 0.0000E+00 0.0000E+00 0.0000E+00 0.0000E+00 0.0000E+00 0.0000E+00 0.0000E+00 0.0000E+00 0.0000E+00 0.0000E+00 0.0000E+00 0.0000E+00 0.0000E+00 0.0000E+00 0.0000E+00 0.0000E+00 0.0000E+00 0.0000E+00 0.0000E+00 0.0000E+00 2.6711E-12 7.7866E-12 1.5619E-11 2.3001E-11 2.7742E-11 3.3773E-11 4.0834E-11 4.7243E-11 5.6874E-11 6.2750E-11 6.7980E-11 7.4012E-11 8.1874E-11 9.0098E-11 1.0037E-10 1.1092E-10 1.2604E-10 1.4225E-10 1.6268E-10 1.8118E-10 2.0704E-10 2.3081E-10 2.5714E-10 2.8279E-10 3.1183E-10 3.4425E-10 3.7837E-10 4.2128E-10 4.6931E-10 5.3260E-10 5.9408E-10 6.6198E-10 7.3938E-10 8.2664E-10 9.2695E-10
0.0000E+00 0.0000E+00 0.0000E+00 0.0000E+00 0.0000E+00 0.0000E+00 0.0000E+00 0.0000E+00 0.0000E+00 0.0000E+00 0.0000E+00 0.0000E+00 0.0000E+00 0.0000E+00 0.0000E+00 0.0000E+00 0.0000E+00 0.0000E+00 0.0000E+00 0.0000E+00 0.0000E+00 0.0000E+00 0.0000E+00 1.5390E-12 6.4891E-12 1.3545E-11 1.9676E-11 2.7898E-11 3.3833E-11 4.0727E-11 4.9699E-11 5.4605E-11 6.0321E-11 6.5367E-11 7.1739E-11 8.0113E-11 9.0598E-11 1.0073E-10 1.1471E-10 1.3012E-10 1.4976E-10 1.6721E-10 1.8952E-10 2.1365E-10 2.3793E-10 2.6177E-10 2.8886E-10 3.1928E-10 3.5141E-10 3.9034E-10 4.3516E-10 4.9230E-10 5.5112E-10 6.1339E-10 6.8875E-10 7.6784E-10 8.6596E-10
0.0000E+00 0.0000E+00 0.0000E+00 0.0000E+00 0.0000E+00 0.0000E+00 0.0000E+00 0.0000E+00 0.0000E+00 0.0000E+00 0.0000E+00 0.0000E+00 0.0000E+00 0.0000E+00 0.0000E+00 0.0000E+00 0.0000E+00 0.0000E+00 0.0000E+00 0.0000E+00 0.0000E+00 0.0000E+00 0.0000E+00 0.0000E+00 0.0000E+00 2.9484E-12 9.1551E-12 1.8097E-11 2.6967E-11 3.3848E-11 4.2685E-11 4.7646E-11 5.2400E-11 5.7961E-11 6.2902E-11 7.0120E-11 8.0237E-11 9.1487E-11 1.0411E-10 1.1896E-10 1.3714E-10 1.5409E-10 1.7485E-10 1.9691E-10 2.1969E-10 2.4172E-10 2.6683E-10 2.9508E-10 3.2548E-10 3.5915E-10 4.0061E-10 4.5548E-10 5.1128E-10 5.6919E-10 6.3215E-10 7.1171E-10 8.0672E-10
0.0000E+00 0.0000E+00 0.0000E+00 0.0000E+00 0.0000E+00 0.0000E+00 0.0000E+00 0.0000E+00 0.0000E+00 0.0000E+00 0.0000E+00 0.0000E+00 0.0000E+00 0.0000E+00 0.0000E+00 0.0000E+00 0.0000E+00 0.0000E+00 0.0000E+00 0.0000E+00 0.0000E+00 0.0000E+00 0.0000E+00 0.0000E+00 0.0000E+00 0.0000E+00 1.5410E-12 8.4634E-12 1.7704E-11 2.7267E-11 3.6296E-11 4.0831E-11 4.5656E-11 5.0263E-11 5.5675E-11 6.1225E-11 6.8470E-11 8.1070E-11 9.4114E-11 1.0817E-10 1.2534E-10 1.4146E-10 1.6057E-10 1.7912E-10 2.0226E-10 2.2233E-10 2.4581E-10 2.7189E-10 3.0040E-10 3.3168E-10 3.7060E-10 4.2113E-10 4.7285E-10 5.2249E-10 5.8599E-10 6.5697E-10 7.4429E-10
0.0000E+00 0.0000E+00 0.0000E+00 0.0000E+00 0.0000E+00 0.0000E+00 0.0000E+00 0.0000E+00 0.0000E+00 0.0000E+00 0.0000E+00 0.0000E+00 0.0000E+00 0.0000E+00 0.0000E+00 0.0000E+00 0.0000E+00 0.0000E+00 0.0000E+00 0.0000E+00 0.0000E+00 0.0000E+00 0.0000E+00 0.0000E+00 0.0000E+00 0.0000E+00 0.0000E+00 2.1061E-12 7.7678E-12 1.6460E-11 2.8911E-11 3.4629E-11 3.9038E-11 4.3732E-11 4.8196E-11 5.3767E-11 5.9872E-11 6.9560E-11 8.2321E-11 9.7568E-11 1.1381E-10 1.2879E-10 1.4710E-10 1.6424E-10 1.8556E-10 2.0414E-10 2.2541E-10 2.4929E-10 2.7630E-10 3.0534E-10 3.3941E-10 3.8265E-10 4.2909E-10 4.7894E-10 5.4168E-10 6.0635E-10 6.8626E-10
0.0000E+00 0.0000E+00 0.0000E+00 0.0000E+00 0.0000E+00 0.0000E+00 0.0000E+00 0.0000E+00 0.0000E+00 0.0000E+00 0.0000E+00 0.0000E+00 0.0000E+00 0.0000E+00 0.0000E+00 0.0000E+00 0.0000E+00 0.0000E+00 0.0000E+00 0.0000E+00 0.0000E+00 0.0000E+00 0.0000E+00 0.0000E+00 0.0000E+00 0.0000E+00 0.0000E+00 2.0025E-12 4.3468E-12 6.8889E-12 1.6387E-11 2.4923E-11 3.3020E-11 3.7308E-11 4.1348E-11 4.6200E-11 5.2389E-11 5.9121E-11 7.2183E-11 8.4839E-11 1.0147E-10 1.1669E-10 1.3419E-10 1.5010E-10 1.6921E-10 1.8685E-10 2.0603E-10 2.2793E-10 2.5276E-10 2.7997E-10 3.1088E-10 3.4789E-10 3.9230E-10 4.3799E-10 4.9122E-10 5.5665E-10 6.3371E-10
0.0000E+00 0.0000E+00 0.0000E+00 0.0000E+00 0.0000E+00 0.0000E+00 0.0000E+00 0.0000E+00 0.0000E+00 0.0000E+00 0.0000E+00 0.0000E+00 0.0000E+00 0.0000E+00 0.0000E+00 0.0000E+00 0.0000E+00 0.0000E+00 0.0000E+00 0.0000E+00 0.0000E+00 0.0000E+00 0.0000E+00 0.0000E+00 0.0000E+00 0.0000E+00 0.0000E+00 1.9000E-12 4.1167E-12 6.5324E-12 1.1178E-11 1.3243E-11 1.9998E-11 2.9616E-11 3.5641E-11 3.9547E-11 4.4504E-11 5.0744E-11 6.0459E-11 7.3539E-11 8.9234E-11 1.0363E-10 1.2174E-10 1.3680E-10 1.5309E-10 1.7035E-10 1.8770E-10 2.0791E-10 2.3052E-10 2.5604E-10 2.8427E-10 3.1770E-10 3.5771E-10 3.9823E-10 4.4580E-10 5.0527E-10 5.7193E-10
0.0000E+00 0.0000E+00 0.0000E+00 0.0000E+00 0.0000E+00 0.0000E+00 0.0000E+00 0.0000E+00 0.0000E+00 0.0000E+00 0.0000E+00 0.0000E+00 0.0000E+00 0.0000E+00 0.0000E+00 0.0000E+00 0.0000E+00 0.0000E+00 0.0000E+00 0.0000E+00 0.0000E+00 0.0000E+00 0.0000E+00 0.0000E+00 0.0000E+00 0.0000E+00 0.0000E+00 1.7990E-12 3.8903E-12 6.1811E-12 1.0567E-11 1.1881E-11 1.4104E-11 1.7427E-11 2.5181E-11 3.4178E-11 3.7921E-11 4.2825E-11 5.1890E-11 6.2198E-11 7.6097E-11 9.1191E-11 1.0815E-10 1.2416E-10 1.3907E-10 1.5483E-10 1.7060E-10 1.8877E-10 2.0927E-10 2.3334E-10 2.5912E-10 2.8843E-10 3.2403E-10 3.6297E-10 4.0589E-10 4.6039E-10 5.1441E-10
0.0000E+00 0.0000E+00 0.0000E+00 0.0000E+00 0.0000E+00 0.0000E+00 0.0000E+00 0.0000E+00 0.0000E+00 0.0000E+00 0.0000E+00 0.0000E+00 0.0000E+00 0.0000E+00 0.0000E+00 0.0000E+00 0.0000E+00 0.0000E+00 0.0000E+00 0.0000E+00 0.0000E+00 0.0000E+00 0.0000E+00 0.0000E+00 0.0000E+00 0.0000E+00 0.0000E+00 1.6998E-12 3.6684E-12 5.8361E-12 9.9670E-12 1.1206E-11 1.2572E-11 1.4865E-11 1.6502E-11 2.0656E-11 2.6792E-11 3.6048E-11 4.3333E-11 5.1828E-11 6.5545E-11 7.8056E-11 9.4066E-11 1.0993E-10 1.2593E-10 1.3865E-10 1.5475E-10 1.7089E-10 1.8941E-10 2.1108E-10 2.3513E-10 2.6300E-10 2.9572E-10 3.3199E-10 3.7143E-10 4.1136E-10 4.5911E-10
