Assets/Resources/2015_m01_d29_2000(utc+0800)_l00_csi_1hr_conc.grd
DSAA
         159         159
     -79.000      79.000
     -79.000      79.000
  0.0000E+00  0.8967E-05
[rows 50 to 74 of 159, columns 57 to 113 of 159]
1.4322E-10 1.4968E-10 1.5635E-10 1.6324E-10 1.7036E-10 1.7770E-10 1.8528E-10 1.9308E-10 2.0112E-10 2.0940E-10 2.1791E-10 2.2667E-10 2.3566E-10 2.4490E-10 2.5437E-10 2.6409E-10 2.7405E-10 2.8425E-10 2.9470E-10 3.0538E-10 3.1629E-10 3.2744E-10 3.3881E-10 3.5040E-10 3.6218E-10 3.7416E-10 3.8630E-10 3.9860E-10 4.1104E-10 4.2360E-10 4.3625E-10 4.4898E-10 4.6176E-10 4.7458E-10 4.8740E-10 5.0023E-10 5.1303E-10 5.2578E-10 5.3888E-10 5.5461E-10 5.7276E-10 5.9196E-10 6.1399E-10 6.3742E-10 6.6481E-10 7.0021E-10 7.5171E-10 8.0182E-10 8.5094E-10 9.0409E-10 9.6313E-10 1.0196E-09 1.0790E-09 1.1530E-09 1.2269E-09 1.2950E-09 1.3568E-09
1.4213E-10 1.4854E-10 1.5517E-10 1.6201E-10 1.6908E-10 1.7638E-10 1.8390E-10 1.9166E-10 1.9965E-10 2.0787E-10 2.1633E-10 2.2503E-10 2.3397E-10 2.4315E-10 2.5257E-10 2.6223E-10 2.7213E-10 2.8227E-10 2.9265E-10 3.0327E-10 3.1412E-10 3.2521E-10 3.3652E-10 3.4805E-10 3.5979E-10 3.7172E-10 3.8382E-10 3.9609E-10 4.0850E-10 4.2104E-10 4.3368E-10 4.4640E-10 4.5917E-10 4.7199E-10 4.8483E-10 4.9767E-10 5.1049E-10 5.2375E-10 5.3987E-10 5.5899E-10 5.7977E-10 6.0314E-10 6.3035E-10 6.6167E-10 6.9104E-10 7.5085E-10 8.0690E-10 8.5295E-10 9.1020E-10 9.7263E-10 1.0386E-09 1.1048E-09 1.1783E-09 1.2590E-09 1.3397E-09 1.4141E-09 1.4865E-09
1.4097E-10 1.4733E-10 1.5391E-10 1.6071E-10 1.6773E-10 1.7498E-10 1.8245E-10 1.9015E-10 1.9808E-10 2.0625E-10 2.1466E-10 2.2330E-10 2.3218E-10 2.4129E-10 2.5065E-10 2.6025E-10 2.7009E-10 2.8016E-10 2.9048E-10 3.0103E-10 3.1182E-10 3.2283E-10 3.3408E-10 3.4555E-10 3.5722E-10 3.6909E-10 3.8115E-10 3.9337E-10 4.0575E-10 4.1825E-10 4.3087E-10 4.4357E-10 4.5634E-10 4.6916E-10 4.8200E-10 4.9484E-10 5.0810E-10 5.2431E-10 5.4399E-10 5.6925E-10 5.9460E-10 6.2703E-10 6.5985E-10 6.9736E-10 7.4228E-10 8.0373E-10 8.5909E-10 9.1438E-10 9.8004E-10 1.0534E-09 1.1293E-09 1.2046E-09 1.2923E-09 1.3838E-09 1.4754E-09 1.5590E-09 1.6404E-09
1.3975E-10 1.4607E-10 1.5260E-10 1.5934E-10 1.6631E-10 1.7350E-10 1.8091E-10 1.8856E-10 1.9643E-10 2.0454E-10 2.1289E-10 2.2146E-10 2.3028E-10 2.3933E-10 2.4863E-10 2.5816E-10 2.6792E-10 2.7793E-10 2.8818E-10 2.9865E-10 3.0937E-10 3.2031E-10 3.3149E-10 3.4288E-10 3.5449E-10 3.6630E-10 3.7829E-10 3.9046E-10 4.0279E-10 4.1526E-10 4.2784E-10 4.4052E-10 4.5327E-10 4.6608E-10 4.7891E-10 4.9203E-10 5.0826E-10 5.2848E-10 5.5637E-10 5.8672E-10 6.2196E-10 6.6268E-10 7.0088E-10 7.4042E-10 8.0693E-10 8.6849E-10 9.2722E-10 1.0014E-09 1.0813E-09 1.1672E-09 1.2493E-09 1.3408E-09 1.4416E-09 1.5474E-09 1.6462E-09 1.7365E-09 1.8243E-09
1.3848E-10 1.4474E-10 1.5121E-10 1.5791E-10 1.6482E-10 1.7195E-10 1.7931E-10 1.8689E-10 1.9470E-10 2.0275E-10 2.1102E-10 2.1954E-10 2.2829E-10 2.3727E-10 2.4649E-10 2.5595E-10 2.6565E-10 2.7558E-10 2.8575E-10 2.9615E-10 3.0679E-10 3.1765E-10 3.2875E-10 3.4006E-10 3.5160E-10 3.6333E-10 3.7526E-10 3.8737E-10 3.9964E-10 4.1205E-10 4.2460E-10 4.3724E-10 4.4997E-10 4.6275E-10 4.7563E-10 4.9157E-10 5.1198E-10 5.4424E-10 5.8035E-10 6.2101E-10 6.6152E-10 7.0431E-10 7.4653E-10 8.1285E-10 8.7645E-10 9.4612E-10 1.0230E-09 1.1079E-09 1.2055E-09 1.2993E-09 1.3982E-09 1.5089E-09 1.6261E-09 1.7445E-09 1.8466E-09 1.9449E-09 2.0375E-09
1.3714E-10 1.4335E-10 1.4977E-10 1.5640E-10 1.6325E-10 1.7033E-10 1.7762E-10 1.8514E-10 1.9289E-10 2.0087E-10 2.0908E-10 2.1752E-10 2.2619E-10 2.3511E-10 2.4425E-10 2.5364E-10 2.6325E-10 2.7311E-10 2.8320E-10 2.9352E-10 3.0407E-10 3.1485E-10 3.2586E-10 3.3710E-10 3.4855E-10 3.6020E-10 3.7206E-10 3.8409E-10 3.9630E-10 4.0865E-10 4.2114E-10 4.3374E-10 4.4643E-10 4.5919E-10 4.7431E-10 4.9625E-10 5.3150E-10 5.7615E-10 6.1481E-10 6.6084E-10 7.1281E-10 7.5959E-10 8.1598E-10 8.9240E-10 9.6568E-10 1.0567E-09 1.1566E-09 1.2604E-09 1.3686E-09 1.4752E-09 1.5862E-09 1.7162E-09 1.8453E-09 1.9695E-09 2.0810E-09 2.1875E-09 2.2895E-09
1.3575E-10 1.4191E-10 1.4827E-10 1.5484E-10 1.6163E-10 1.6864E-10 1.7586E-10 1.8332E-10 1.9100E-10 1.9890E-10 2.0704E-10 2.1541E-10 2.2401E-10 2.3284E-10 2.4191E-10 2.5122E-10 2.6075E-10 2.7052E-10 2.8053E-10 2.9076E-10 3.0123E-10 3.1192E-10 3.2284E-10 3.3398E-10 3.4535E-10 3.5692E-10 3.6869E-10 3.8064E-10 3.9277E-10 4.0506E-10 4.1748E-10 4.3003E-10 4.4267E-10 4.5665E-10 4.8165E-10 5.2058E-10 5.6598E-10 6.1880E-10 6.6300E-10 7.2056E-10 7.7329E-10 8.3304E-10 9.1244E-10 9.9608E-10 1.1013E-09 1.2014E-09 1.3172E-09 1.4454E-09 1.5599E-09 1.6818E-09 1.8233E-09 1.9684E-09 2.1131E-09 2.2396E-09 2.3574E-09 2.4707E-09 2.5807E-09
1.3431E-10 1.4040E-10 1.4670E-10 1.5321E-10 1.5994E-10 1.6688E-10 1.7404E-10 1.8142E-10 1.8903E-10 1.9686E-10 2.0492E-10 2.1321E-10 2.2174E-10 2.3049E-10 2.3948E-10 2.4870E-10 2.5815E-10 2.6783E-10 2.7775E-10 2.8789E-10 2.9826E-10 3.0887E-10 3.1969E-10 3.3074E-10 3.4200E-10 3.5348E-10 3.6515E-10 3.7702E-10 3.8907E-10 4.0127E-10 4.1363E-10 4.2611E-10 4.3911E-10 4.6679E-10 5.0579E-10 5.6436E-10 6.1293E-10 6.6382E-10 7.3453E-10 7.9753E-10 8.6195E-10 9.4036E-10 1.0334E-09 1.1433E-09 1.2727E-09 1.3947E-09 1.5387E-09 1.6772E-09 1.8116E-09 1.9539E-09 2.1096E-09 2.2660E-09 2.4196E-09 2.5570E-09 2.6880E-09 2.8101E-09 2.9260E-09
1.3282E-10 1.3885E-10 1.4508E-10 1.5153E-10 1.5818E-10 1.6505E-10 1.7214E-10 1.7945E-10 1.8698E-10 1.9474E-10 2.0272E-10 2.1093E-10 2.1937E-10 2.2804E-10 2.3694E-10 2.4608E-10 2.5544E-10 2.6503E-10 2.7485E-10 2.8490E-10 2.9518E-10 3.0568E-10 3.1641E-10 3.2735E-10 3.3851E-10 3.4989E-10 3.6147E-10 3.7324E-10 3.8519E-10 3.9731E-10 4.0958E-10 4.2199E-10 4.4835E-10 4.9152E-10 5.5084E-10 6.1347E-10 6.7698E-10 7.4456E-10 8.2039E-10 8.9653E-10 9.8291E-10 1.0839E-09 1.2124E-09 1.3516E-09 1.4959E-09 1.6540E-09 1.8072E-09 1.9584E-09 2.1158E-09 2.2841E-09 2.4602E-09 2.6386E-09 2.7925E-09 2.9356E-09 3.0736E-09 3.2065E-09 3.3293E-09
1.3128E-10 1.3724E-10 1.4341E-10 1.4979E-10 1.5637E-10 1.6317E-10 1.7018E-10 1.7742E-10 1.8487E-10 1.9255E-10 2.0045E-10 2.0857E-10 2.1693E-10 2.2551E-10 2.3432E-10 2.4336E-10 2.5263E-10 2.6213E-10 2.7185E-10 2.8180E-10 2.9198E-10 3.0238E-10 3.1300E-10 3.2384E-10 3.3490E-10 3.4616E-10 3.5763E-10 3.6930E-10 3.8115E-10 3.9318E-10 4.0536E-10 4.3039E-10 4.7527E-10 5.4171E-10 6.1465E-10 6.8034E-10 7.6403E-10 8.5465E-10 9.4400E-10 1.0413E-09 1.1441E-09 1.2757E-09 1.4511E-09 1.6173E-09 1.7897E-09 1.9810E-09 2.1531E-09 2.3253E-09 2.5037E-09 2.6917E-09 2.8899E-09 3.0660E-09 3.2336E-09 3.3884E-09 3.5300E-09 3.6626E-09 3.7889E-09
1.2969E-10 1.3559E-10 1.4168E-10 1.4799E-10 1.5450E-10 1.6123E-10 1.6816E-10 1.7532E-10 1.8269E-10 1.9028E-10 1.9810E-10 2.0614E-10 2.1440E-10 2.2289E-10 2.3161E-10 2.4055E-10 2.4972E-10 2.5912E-10 2.6875E-10 2.7860E-10 2.8867E-10 2.9896E-10 3.0947E-10 3.2020E-10 3.3115E-10 3.4230E-10 3.5366E-10 3.6522E-10 3.7696E-10 3.8888E-10 4.1209E-10 4.5839E-10 5.2741E-10 6.1032E-10 6.9731E-10 7.8137E-10 8.8310E-10 9.9389E-10 1.1087E-09 1.2312E-09 1.3812E-09 1.5666E-09 1.7689E-09 1.9660E-09 2.1818E-09 2.3746E-09 2.5744E-09 2.7806E-09 2.9867E-09 3.1944E-09 3.3956E-09 3.5772E-09 3.7469E-09 3.9105E-09 4.0618E-09 4.1972E-09 4.3208E-09
1.2805E-10 1.3388E-10 1.3991E-10 1.4614E-10 1.5258E-10 1.5922E-10 1.6608E-10 1.7315E-10 1.8044E-10 1.8795E-10 1.9568E-10 2.0363E-10 2.1180E-10 2.2019E-10 2.2881E-10 2.3766E-10 2.4673E-10 2.5602E-10 2.6554E-10 2.7529E-10 2.8525E-10 2.9543E-10 3.0583E-10 3.1645E-10 3.2728E-10 3.3831E-10 3.4955E-10 3.6099E-10 3.7262E-10 3.9280E-10 4.3966E-10 5.0698E-10 6.0258E-10 7.0093E-10 8.0491E-10 9.2057E-10 1.0457E-09 1.1799E-09 1.3263E-09 1.4849E-09 1.7183E-09 1.9499E-09 2.1826E-09 2.4229E-09 2.6639E-09 2.8943E-09 3.1215E-09 3.3391E-09 3.5539E-09 3.7866E-09 3.9950E-09 4.1859E-09 4.3604E-09 4.5195E-09 4.6681E-09 4.8070E-09 4.9303E-09
1.2638E-10 1.3213E-10 1.3809E-10 1.4424E-10 1.5060E-10 1.5717E-10 1.6394E-10 1.7093E-10 1.7813E-10 1.8555E-10 1.9319E-10 2.0104E-10 2.0912E-10 2.1742E-10 2.2594E-10 2.3468E-10 2.4365E-10 2.5284E-10 2.6225E-10 2.7188E-10 2.8173E-10 2.9180E-10 3.0208E-10 3.1258E-10 3.2329E-10 3.3420E-10 3.4532E-10 3.5663E-10 3.7256E-10 4.1884E-10 4.8675E-10 5.9075E-10 7.0723E-10 8.2060E-10 9.4178E-10 1.0932E-09 1.2653E-09 1.4445E-09 1.6392E-09 1.8833E-09 2.1623E-09 2.4404E-09 2.7168E-09 3.0025E-09 3.2754E-09 3.5242E-09 3.7718E-09 4.0161E-09 4.2674E-09 4.4937E-09 4.6977E-09 4.8907E-09 5.0711E-09 5.2295E-09 5.3686E-09 5.4958E-09 5.6185E-09
1.2466E-10 1.3034E-10 1.3622E-10 1.4230E-10 1.4858E-10 1.5506E-10 1.6175E-10 1.6865E-10 1.7577E-10 1.8309E-10 1.9063E-10 1.9839E-10 2.0637E-10 2.1457E-10 2.2298E-10 2.3162E-10 2.4048E-10 2.4956E-10 2.5886E-10 2.6838E-10 2.7811E-10 2.8806E-10 2.9822E-10 3.0860E-10 3.1918E-10 3.2997E-10 3.4096E-10 3.5349E-10 3.9479E-10 4.6559E-10 5.7256E-10 7.0245E-10 8.3359E-10 9.7378E-10 1.1474E-09 1.3432E-09 1.5603E-09 1.7986E-09 2.0873E-09 2.4128E-09 2.7378E-09 3.0656E-09 3.4064E-09 3.7538E-09 4.0536E-09 4.3255E-09 4.5899E-09 4.8516E-09 5.0937E-09 5.3233E-09 5.5301E-09 5.7156E-09 5.8827E-09 6.0342E-09 6.1660E-09 6.2790E-09 6.3910E-09
1.2290E-10 1.2851E-10 1.3431E-10 1.4031E-10 1.4651E-10 1.5291E-10 1.5951E-10 1.6632E-10 1.7334E-10 1.8057E-10 1.8802E-10 1.9568E-10 2.0356E-10 2.1165E-10 2.1996E-10 2.2849E-10 2.3724E-10 2.4620E-10 2.5538E-10 2.6478E-10 2.7440E-10 2.8423E-10 2.9427E-10 3.0451E-10 3.1497E-10 3.2563E-10 3.3648E-10 3.6709E-10 4.4231E-10 5.4163E-10 6.9120E-10 8.3061E-10 9.9294E-10 1.1844E-09 1.4260E-09 1.6875E-09 1.9712E-09 2.3122E-09 2.7051E-09 3.0917E-09 3.4873E-09 3.8930E-09 4.3194E-09 4.6841E-09 5.0068E-09 5.2990E-09 5.5775E-09 5.8543E-09 6.0886E-09 6.2964E-09 6.4890E-09 6.6650E-09 6.8141E-09 6.9415E-09 7.0535E-09 7.1561E-09 7.2480E-09
1.2111E-10 1.2664E-10 1.3236E-10 1.3828E-10 1.4439E-10 1.5070E-10 1.5722E-10 1.6394E-10 1.7086E-10 1.7800E-10 1.8535E-10 1.9290E-10 2.0068E-10 2.0866E-10 2.1686E-10 2.2528E-10 2.3392E-10 2.4276E-10 2.5183E-10 2.6111E-10 2.7060E-10 2.8030E-10 2.9021E-10 3.0033E-10 3.1065E-10 3.2118E-10 3.3871E-10 4.1261E-10 5.1267E-10 6.5383E-10 8.1914E-10 1.0065E-09 1.2224E-09 1.4803E-09 1.8033E-09 2.1763E-09 2.5821E-09 3.0472E-09 3.5165E-09 3.9941E-09 4.4807E-09 5.0229E-09 5.5182E-09 5.8917E-09 6.2066E-09 6.4874E-09 6.7660E-09 7.0192E-09 7.2396E-09 7.4300E-09 7.5932E-09 7.7353E-09 7.8594E-09 7.9578E-09 8.0406E-09 8.1188E-09 8.1889E-09
1.1928E-10 1.2473E-10 1.3037E-10 1.3621E-10 1.4223E-10 1.4846E-10 1.5488E-10 1.6151E-10 1.6834E-10 1.7537E-10 1.8262E-10 1.9007E-10 1.9774E-10 2.0561E-10 2.1370E-10 2.2201E-10 2.3052E-10 2.3925E-10 2.4820E-10 2.5735E-10 2.6672E-10 2.7629E-10 2.8607E-10 2.9605E-10 3.0624E-10 3.1751E-10 3.7185E-10 4.7930E-10 6.0975E-10 7.9219E-10 9.8490E-10 1.2319E-09 1.5295E-09 1.9192E-09 2.3470E-09 2.8400E-09 3.3913E-09 4.0041E-09 4.6036E-09 5.2066E-09 5.8513E-09 6.5259E-09 7.0225E-09 7.3824E-09 7.6727E-09 7.9378E-09 8.1730E-09 8.3770E-09 8.5576E-09 8.7146E-09 8.8430E-09 8.9384E-09 9.0138E-09 9.0764E-09 9.1234E-09 9.1632E-09 9.1970E-09
1.1742E-10 1.2279E-10 1.2835E-10 1.3410E-10 1.4004E-10 1.4617E-10 1.5250E-10 1.5903E-10 1.6576E-10 1.7270E-10 1.7984E-10 1.8719E-10 1.9474E-10 2.0251E-10 2.1048E-10 2.1867E-10 2.2707E-10 2.3568E-10 2.4449E-10 2.5352E-10 2.6275E-10 2.7220E-10 2.8184E-10 2.9169E-10 3.0174E-10 3.3027E-10 4.3614E-10 5.6202E-10 7.3262E-10 9.6207E-10 1.2250E-09 1.5441E-09 1.9777E-09 2.5147E-09 3.1051E-09 3.8069E-09 4.5368E-09 5.3045E-09 6.0679E-09 6.8968E-09 7.8031E-09 8.4817E-09 8.9251E-09 9.2125E-09 9.4273E-09 9.6377E-09 9.8132E-09 9.9457E-09 1.0056E-08 1.0149E-08 1.0221E-08 1.0264E-08 1.0280E-08 1.0286E-08 1.0291E-08 1.0284E-08 1.0285E-08
1.1553E-10 1.2082E-10 1.2630E-10 1.3196E-10 1.3781E-10 1.4385E-10 1.5008E-10 1.5651E-10 1.6315E-10 1.6998E-10 1.7701E-10 1.8425E-10 1.9170E-10 1.9935E-10 2.0721E-10 2.1527E-10 2.2355E-10 2.3203E-10 2.4072E-10 2.4962E-10 2.5872E-10 2.6803E-10 2.7754E-10 2.8724E-10 3.0078E-10 3.8054E-10 5.0785E-10 6.6855E-10 8.9117E-10 1.1758E-09 1.5322E-09 2.0168E-09 2.6005E-09 3.3191E-09 4.1756E-09 5.1462E-09 6.1479E-09 7.1579E-09 8.2102E-09 9.4441E-09 1.0408E-08 1.0988E-08 1.1255E-08 1.1410E-08 1.1521E-08 1.1600E-08 1.1667E-08 1.1707E-08 1.1730E-08 1.1731E-08 1.1719E-08 1.1690E-08 1.1643E-08 1.1582E-08 1.1524E-08 1.1467E-08 1.1430E-08
1.1362E-10 1.1882E-10 1.2421E-10 1.2978E-10 1.3554E-10 1.4149E-10 1.4763E-10 1.5396E-10 1.6049E-10 1.6721E-10 1.7414E-10 1.8127E-10 1.8860E-10 1.9614E-10 2.0388E-10 2.1182E-10 2.1997E-10 2.2833E-10 2.3689E-10 2.4565E-10 2.5462E-10 2.6379E-10 2.7315E-10 2.8272E-10 3.2493E-10 4.4362E-10 6.0038E-10 8.0229E-10 1.0944E-09 1.4557E-09 1.9687E-09 2.6400E-09 3.4542E-09 4.4639E-09 5.7361E-09 7.1198E-09 8.5375E-09 1.0175E-08 1.1799E-08 1.3106E-08 1.3886E-08 1.4139E-08 1.4078E-08 1.3996E-08 1.3920E-08 1.3834E-08 1.3731E-08 1.3642E-08 1.3544E-08 1.3438E-08 1.3320E-08 1.3197E-08 1.3074E-08 1.2941E-08 1.2813E-08 1.2713E-08 1.2603E-08
1.1168E-10 1.1680E-10 1.2210E-10 1.2758E-10 1.3325E-10 1.3910E-10 1.4514E-10 1.5137E-10 1.5779E-10 1.6441E-10 1.7123E-10 1.7825E-10 1.8546E-10 1.9288E-10 2.0050E-10 2.0832E-10 2.1634E-10 2.2457E-10 2.3300E-10 2.4162E-10 2.5045E-10 2.5948E-10 2.6871E-10 2.8583E-10 3.7286E-10 5.2114E-10 7.0639E-10 9.7581E-10 1.3363E-09 1.8544E-09 2.5557E-09 3.4880E-09 4.6826E-09 6.4467E-09 8.4853E-09 1.1064E-08 1.3644E-08 1.6109E-08 1.7679E-08 1.8453E-08 1.8369E-08 1.7919E-08 1.7412E-08 1.6983E-08 1.6608E-08 1.6295E-08 1.5982E-08 1.5713E-08 1.5465E-08 1.5229E-08 1.4991E-08 1.4764E-08 1.4544E-08 1.4336E-08 1.4143E-08 1.3961E-08 1.3786E-08
1.0971E-10 1.1475E-10 1.1996E-10 1.2535E-10 1.3092E-10 1.3668E-10 1.4262E-10 1.4875E-10 1.5506E-10 1.6158E-10 1.6828E-10 1.7518E-10 1.8228E-10 1.8958E-10 1.9707E-10 2.0477E-10 2.1266E-10 2.2076E-10 2.2905E-10 2.3754E-10 2.4623E-10 2.5511E-10 2.6493E-10 3.0830E-10 4.3218E-10 6.0725E-10 8.3179E-10 1.1935E-09 1.6625E-09 2.4106E-09 3.3706E-09 4.7001E-09 7.3343E-09 1.1366E-08 1.7714E-08 2.2989E-08 2.5927E-08 2.7289E-08 2.7012E-08 2.5711E-08 2.3927E-08 2.2359E-08 2.1169E-08 2.0288E-08 1.9530E-08 1.8904E-08 1.8342E-08 1.7872E-08 1.7444E-08 1.7055E-08 1.6690E-08 1.6348E-08 1.6026E-08 1.5733E-08 1.5470E-08 1.5208E-08 1.4960E-08
1.0773E-10 1.1268E-10 1.1780E-10 1.2310E-10 1.2857E-10 1.3423E-10 1.4007E-10 1.4609E-10 1.5231E-10 1.5871E-10 1.6530E-10 1.7209E-10 1.7907E-10 1.8624E-10 1.9361E-10 2.0118E-10 2.0894E-10 2.1690E-10 2.2506E-10 2.3341E-10 2.4195E-10 2.5069E-10 2.6786E-10 3.4490E-10 5.0034E-10 6.9002E-10 1.0034E-09 1.4519E-09 2.1452E-09 3.1359E-09 4.5373E-09 1.1081E-08 2.7337E-08 4.6361E-08 5.5089E-08 5.5578E-08 5.1844E-08 4.6436E-08 4.0256E-08 3.4640E-08 3.0347E-08 2.7370E-08 2.5253E-08 2.3783E-08 2.2581E-08 2.1574E-08 2.0737E-08 2.0033E-08 1.9415E-08 1.8864E-08 1.8361E-08 1.7904E-08 1.7478E-08 1.7105E-08 1.6756E-08 1.6417E-08 1.6099E-08
1.0573E-10 1.1059E-10 1.1562E-10 1.2083E-10 1.2620E-10 1.3176E-10 1.3750E-10 1.4342E-10 1.4952E-10 1.5581E-10 1.6229E-10 1.6896E-10 1.7581E-10 1.8287E-10 1.9011E-10 1.9755E-10 2.0518E-10 2.1300E-10 2.2102E-10 2.2923E-10 2.3763E-10 2.4672E-10 2.8176E-10 3.9167E-10 5.5903E-10 8.0499E-10 1.2051E-09 1.7882E-09 2.7424E-09 4.2112E-09 2.4095E-08 1.2573E-07 2.0730E-07 1.9213E-07 1.5369E-07 1.1974E-07 9.3627E-08 7.2469E-08 5.6046E-08 4.4546E-08 3.7126E-08 3.2550E-08 2.9435E-08 2.7266E-08 2.5565E-08 2.4182E-08 2.3048E-08 2.2105E-08 2.1298E-08 2.0589E-08 1.9951E-08 1.9378E-08 1.8861E-08 1.8406E-08 1.7976E-08 1.7560E-08 1.7178E-08
1.0371E-10 1.0849E-10 1.1342E-10 1.1853E-10 1.2381E-10 1.2927E-10 1.3490E-10 1.4072E-10 1.4671E-10 1.5289E-10 1.5925E-10 1.6580E-10 1.7254E-10 1.7946E-10 1.8658E-10 1.9388E-10 2.0138E-10 2.0907E-10 2.1694E-10 2.2501E-10 2.3326E-10 2.4571E-10 3.0403E-10 4.3465E-10 6.2334E-10 9.5249E-10 1.4259E-09 2.2452E-09 3.7394E-09 8.1291E-08 4.2792E-07 7.5827E-07 6.5062E-07 4.3892E-07 2.9143E-07 1.9724E-07 1.3810E-07 9.7405E-08 7.0579E-08 5.3667E-08 4.3383E-08 3.7365E-08 3.3317E-08 3.0468E-08 2.8312E-08 2.6570E-08 2.5149E-08 2.3991E-08 2.3007E-08 2.2158E-08 2.1399E-08 2.0720E-08 2.0131E-08 1.9583E-08 1.9085E-08 1.8606E-08 1.8166E-08
