Assets/Resources/2015_m01_d17_2000(utc+0800)_l00_csi_1hr_conc.grd
DSAA
         159         159
     -79.000      79.000
     -79.000      79.000
  0.0000E+00  0.1197E-04
[rows 25 to 49 of 159, columns 0 to 56 of 159]
3.8471E-10 4.6144E-10 5.9765E-10 7.7114E-10 1.0168E-09 1.3256E-09 1.7462E-09 2.2253E-09 2.7910E-09 3.4321E-09 4.1194E-09 4.8393E-09 5.5644E-09 6.2903E-09 6.9843E-09 7.6525E-09 8.2770E-09 8.8571E-09 9.3739E-09 9.8308E-09 1.0221E-08 1.0551E-08 1.0813E-08 1.1022E-08 1.1171E-08 1.1272E-08 1.1323E-08 1.1333E-08 1.1304E-08 1.1242E-08 1.1149E-08 1.1031E-08 1.0890E-08 1.0732E-08 1.0556E-08 1.0368E-08 1.0169E-08 9.9624E-09 9.7496E-09 9.5324E-09 9.3125E-09 9.0910E-09 8.8695E-09 8.6499E-09 8.4302E-09 8.2128E-09 8.0002E-09 7.7922E-09 7.5890E-09 7.3966E-09 7.2063E-09 7.0232E-09 6.8438E-09 6.6719E-09 6.5009E-09 6.3350E-09 6.1731E-09
3.8772E-10 4.7819E-10 6.0864E-10 8.1644E-10 1.0645E-09 1.4229E-09 1.7925E-09 2.2810E-09 2.8614E-09 3.5291E-09 4.2458E-09 4.9983E-09 5.7573E-09 6.5108E-09 7.2362E-09 7.9264E-09 8.5698E-09 9.1674E-09 9.6995E-09 1.0169E-08 1.0570E-08 1.0904E-08 1.1169E-08 1.1381E-08 1.1529E-08 1.1627E-08 1.1673E-08 1.1678E-08 1.1644E-08 1.1573E-08 1.1473E-08 1.1346E-08 1.1197E-08 1.1028E-08 1.0844E-08 1.0646E-08 1.0439E-08 1.0224E-08 1.0002E-08 9.7771E-09 9.5494E-09 9.3221E-09 9.0935E-09 8.8658E-09 8.6416E-09 8.4181E-09 8.1977E-09 7.9876E-09 7.7791E-09 7.5778E-09 7.3841E-09 7.1961E-09 7.0129E-09 6.8347E-09 6.6605E-09 6.4926E-09 6.3290E-09
3.9055E-10 4.8385E-10 6.5639E-10 8.6537E-10 1.1244E-09 1.4679E-09 1.8415E-09 2.3350E-09 2.9298E-09 3.6194E-09 4.3673E-09 5.1520E-09 5.9428E-09 6.7285E-09 7.4830E-09 8.1995E-09 8.8654E-09 9.4773E-09 1.0028E-08 1.0507E-08 1.0917E-08 1.1257E-08 1.1530E-08 1.1741E-08 1.1888E-08 1.1982E-08 1.2024E-08 1.2026E-08 1.1983E-08 1.1905E-08 1.1797E-08 1.1662E-08 1.1503E-08 1.1326E-08 1.1132E-08 1.0926E-08 1.0710E-08 1.0486E-08 1.0256E-08 1.0023E-08 9.7894E-09 9.5535E-09 9.3192E-09 9.0856E-09 8.8536E-09 8.6277E-09 8.4026E-09 8.1826E-09 7.9708E-09 7.7642E-09 7.5640E-09 7.3708E-09 7.1863E-09 7.0038E-09 6.8290E-09 6.6551E-09 6.4861E-09
3.9228E-10 5.0901E-10 6.9487E-10 9.0381E-10 1.2031E-09 1.5140E-09 1.8966E-09 2.3889E-09 2.9962E-09 3.7043E-09 4.4848E-09 5.2984E-09 6.1254E-09 6.9408E-09 7.7284E-09 8.4692E-09 9.1565E-09 9.7853E-09 1.0353E-08 1.0844E-08 1.1267E-08 1.1610E-08 1.1891E-08 1.2099E-08 1.2245E-08 1.2338E-08 1.2377E-08 1.2371E-08 1.2322E-08 1.2238E-08 1.2121E-08 1.1977E-08 1.1809E-08 1.1623E-08 1.1421E-08 1.1206E-08 1.0981E-08 1.0748E-08 1.0511E-08 1.0271E-08 1.0029E-08 9.7878E-09 9.5457E-09 9.3061E-09 9.0716E-09 8.8373E-09 8.6072E-09 8.3828E-09 8.1646E-09 7.9521E-09 7.7499E-09 7.5516E-09 7.3638E-09 7.1776E-09 6.9978E-09 6.8205E-09 6.6508E-09
4.0247E-10 5.3396E-10 7.0851E-10 9.2391E-10 1.2470E-09 1.5581E-09 1.9471E-09 2.4423E-09 3.0571E-09 3.7823E-09 4.5898E-09 5.4363E-09 6.2975E-09 7.1458E-09 7.9644E-09 8.7334E-09 9.4467E-09 1.0090E-08 1.0676E-08 1.1178E-08 1.1610E-08 1.1962E-08 1.2246E-08 1.2456E-08 1.2601E-08 1.2693E-08 1.2726E-08 1.2715E-08 1.2661E-08 1.2568E-08 1.2443E-08 1.2291E-08 1.2115E-08 1.1920E-08 1.1708E-08 1.1485E-08 1.1251E-08 1.1011E-08 1.0767E-08 1.0519E-08 1.0271E-08 1.0021E-08 9.7755E-09 9.5307E-09 9.2878E-09 9.0504E-09 8.8150E-09 8.5841E-09 8.3630E-09 8.1461E-09 7.9395E-09 7.7373E-09 7.5434E-09 7.3556E-09 7.1734E-09 6.9940E-09 6.8188E-09
4.2880E-10 5.8765E-10 7.5060E-10 9.9247E-10 1.2788E-09 1.6053E-09 1.9960E-09 2.4947E-09 3.1146E-09 3.8530E-09 4.6843E-09 5.5638E-09 6.4591E-09 7.3409E-09 8.1917E-09 8.9891E-09 9.7276E-09 1.0390E-08 1.0990E-08 1.1506E-08 1.1951E-08 1.2308E-08 1.2597E-08 1.2809E-08 1.2958E-08 1.3042E-08 1.3072E-08 1.3057E-08 1.2996E-08 1.2896E-08 1.2763E-08 1.2602E-08 1.2418E-08 1.2214E-08 1.1995E-08 1.1763E-08 1.1522E-08 1.1274E-08 1.1022E-08 1.0767E-08 1.0511E-08 1.0258E-08 1.0005E-08 9.7541E-09 9.5074E-09 9.2634E-09 9.0257E-09 8.7905E-09 8.5634E-09 8.3438E-09 8.1308E-09 7.9263E-09 7.7311E-09 7.5411E-09 7.3547E-09 7.1747E-09 6.9985E-09
4.4994E-10 6.0058E-10 7.8017E-10 1.0426E-09 1.3085E-09 1.6437E-09 2.0438E-09 2.5461E-09 3.1684E-09 3.9146E-09 4.7679E-09 5.6785E-09 6.6080E-09 7.5238E-09 8.4102E-09 9.2340E-09 9.9986E-09 1.0680E-08 1.1297E-08 1.1826E-08 1.2283E-08 1.2648E-08 1.2942E-08 1.3156E-08 1.3304E-08 1.3387E-08 1.3417E-08 1.3394E-08 1.3326E-08 1.3219E-08 1.3079E-08 1.2911E-08 1.2719E-08 1.2506E-08 1.2278E-08 1.2039E-08 1.1790E-08 1.1536E-08 1.1276E-08 1.1015E-08 1.0754E-08 1.0493E-08 1.0235E-08 9.9788E-09 9.7265E-09 9.4799E-09 9.2362E-09 8.9995E-09 8.7669E-09 8.5430E-09 8.3279E-09 8.1220E-09 7.9204E-09 7.7301E-09 7.5419E-09 7.3632E-09 7.1838E-09
4.6728E-10 6.0793E-10 8.1072E-10 1.0820E-09 1.3391E-09 1.6785E-09 2.0861E-09 2.5943E-09 3.2180E-09 3.9694E-09 4.8386E-09 5.7780E-09 6.7449E-09 7.6918E-09 8.6112E-09 9.4648E-09 1.0257E-08 1.0959E-08 1.1593E-08 1.2140E-08 1.2606E-08 1.2979E-08 1.3277E-08 1.3495E-08 1.3644E-08 1.3725E-08 1.3752E-08 1.3724E-08 1.3651E-08 1.3538E-08 1.3391E-08 1.3215E-08 1.3015E-08 1.2795E-08 1.2560E-08 1.2312E-08 1.2057E-08 1.1794E-08 1.1529E-08 1.1262E-08 1.0993E-08 1.0728E-08 1.0463E-08 1.0204E-08 9.9476E-09 9.6957E-09 9.4503E-09 9.2083E-09 8.9743E-09 8.7471E-09 8.5292E-09 8.3208E-09 8.1170E-09 7.9287E-09 7.7393E-09 7.5568E-09 7.3826E-09
4.7374E-10 6.3316E-10 8.3305E-10 1.1017E-09 1.3760E-09 1.7077E-09 2.1356E-09 2.6372E-09 3.2659E-09 4.0166E-09 4.9003E-09 5.8602E-09 6.8609E-09 7.8414E-09 8.7944E-09 9.6787E-09 1.0498E-08 1.1228E-08 1.1877E-08 1.2437E-08 1.2916E-08 1.3297E-08 1.3603E-08 1.3823E-08 1.3974E-08 1.4055E-08 1.4079E-08 1.4047E-08 1.3969E-08 1.3850E-08 1.3696E-08 1.3513E-08 1.3306E-08 1.3079E-08 1.2836E-08 1.2582E-08 1.2319E-08 1.2050E-08 1.1779E-08 1.1504E-08 1.1232E-08 1.0960E-08 1.0693E-08 1.0428E-08 1.0168E-08 9.9134E-09 9.6635E-09 9.4209E-09 9.1825E-09 8.9559E-09 8.7347E-09 8.5260E-09 8.3231E-09 8.1263E-09 7.9435E-09 7.7633E-09 7.5843E-09
4.8742E-10 6.5769E-10 8.7194E-10 1.1192E-09 1.3966E-09 1.7323E-09 2.1670E-09 2.6754E-09 3.3054E-09 4.0545E-09 4.9439E-09 5.9242E-09 6.9560E-09 7.9700E-09 8.9565E-09 9.8720E-09 1.0721E-08 1.1475E-08 1.2143E-08 1.2717E-08 1.3210E-08 1.3602E-08 1.3914E-08 1.4138E-08 1.4292E-08 1.4372E-08 1.4395E-08 1.4360E-08 1.4277E-08 1.4153E-08 1.3994E-08 1.3804E-08 1.3590E-08 1.3357E-08 1.3108E-08 1.2846E-08 1.2577E-08 1.2303E-08 1.2024E-08 1.1745E-08 1.1467E-08 1.1192E-08 1.0919E-08 1.0651E-08 1.0388E-08 1.0131E-08 9.8790E-09 9.6330E-09 9.3971E-09 9.1644E-09 8.9476E-09 8.7332E-09 8.5296E-09 8.3397E-09 8.1552E-09 7.9707E-09 7.8009E-09
4.7908E-10 6.7868E-10 8.8908E-10 1.1520E-09 1.4143E-09 1.7684E-09 2.1923E-09 2.7103E-09 3.3368E-09 4.0834E-09 4.9747E-09 5.9676E-09 7.0275E-09 8.0742E-09 9.0945E-09 1.0045E-08 1.0919E-08 1.1700E-08 1.2390E-08 1.2982E-08 1.3485E-08 1.3892E-08 1.4209E-08 1.4439E-08 1.4595E-08 1.4676E-08 1.4698E-08 1.4661E-08 1.4575E-08 1.4447E-08 1.4282E-08 1.4087E-08 1.3868E-08 1.3628E-08 1.3372E-08 1.3106E-08 1.2830E-08 1.2549E-08 1.2266E-08 1.1981E-08 1.1699E-08 1.1419E-08 1.1143E-08 1.0872E-08 1.0607E-08 1.0347E-08 1.0094E-08 9.8499E-09 9.6105E-09 9.3817E-09 9.1584E-09 8.9473E-09 8.7507E-09 8.5542E-09 8.3722E-09 8.1963E-09 8.0247E-09
4.7510E-10 6.7822E-10 9.0458E-10 1.1650E-09 1.4274E-09 1.7826E-09 2.2087E-09 2.7352E-09 3.3584E-09 4.1126E-09 4.9916E-09 5.9910E-09 7.0730E-09 8.1513E-09 9.2042E-09 1.0186E-08 1.1091E-08 1.1899E-08 1.2612E-08 1.3220E-08 1.3738E-08 1.4157E-08 1.4485E-08 1.4720E-08 1.4880E-08 1.4963E-08 1.4986E-08 1.4948E-08 1.4860E-08 1.4728E-08 1.4559E-08 1.4360E-08 1.4135E-08 1.3890E-08 1.3629E-08 1.3357E-08 1.3075E-08 1.2790E-08 1.2501E-08 1.2213E-08 1.1926E-08 1.1643E-08 1.1364E-08 1.1092E-08 1.0823E-08 1.0563E-08 1.0311E-08 1.0065E-08 9.8287E-09 9.5971E-09 9.3768E-09 9.1713E-09 8.9719E-09 8.7818E-09 8.5983E-09 8.4234E-09 8.2586E-09
4.7879E-10 6.6998E-10 9.2796E-10 1.1720E-09 1.4538E-09 1.7923E-09 2.2150E-09 2.7445E-09 3.3707E-09 4.1215E-09 4.9928E-09 6.0029E-09 7.0912E-09 8.1975E-09 9.2828E-09 1.0297E-08 1.1232E-08 1.2068E-08 1.2805E-08 1.3432E-08 1.3964E-08 1.4398E-08 1.4737E-08 1.4980E-08 1.5145E-08 1.5232E-08 1.5257E-08 1.5219E-08 1.5130E-08 1.4995E-08 1.4824E-08 1.4620E-08 1.4392E-08 1.4142E-08 1.3876E-08 1.3598E-08 1.3313E-08 1.3023E-08 1.2731E-08 1.2438E-08 1.2149E-08 1.1862E-08 1.1582E-08 1.1306E-08 1.1039E-08 1.0778E-08 1.0526E-08 1.0282E-08 1.0046E-08 9.8170E-09 9.6034E-09 9.3958E-09 9.2002E-09 9.0108E-09 8.8310E-09 8.6643E-09 8.4984E-09
4.8611E-10 6.5960E-10 9.3167E-10 1.1747E-09 1.4593E-09 1.7944E-09 2.2244E-09 2.7432E-09 3.3788E-09 4.1163E-09 4.9786E-09 5.9846E-09 7.0803E-09 8.2225E-09 9.3268E-09 1.0380E-08 1.1339E-08 1.2202E-08 1.2966E-08 1.3614E-08 1.4163E-08 1.4612E-08 1.4962E-08 1.5215E-08 1.5387E-08 1.5479E-08 1.5508E-08 1.5472E-08 1.5382E-08 1.5247E-08 1.5073E-08 1.4868E-08 1.4635E-08 1.4381E-08 1.4112E-08 1.3831E-08 1.3541E-08 1.3248E-08 1.2951E-08 1.2656E-08 1.2364E-08 1.2077E-08 1.1794E-08 1.1519E-08 1.1250E-08 1.0991E-08 1.0740E-08 1.0499E-08 1.0264E-08 1.0047E-08 9.8283E-09 9.6264E-09 9.4307E-09 9.2499E-09 9.0767E-09 8.9081E-09 8.7453E-09
4.8141E-10 6.5509E-10 9.1785E-10 1.1708E-09 1.4591E-09 1.7911E-09 2.2148E-09 2.7287E-09 3.3647E-09 4.0956E-09 4.9586E-09 5.9446E-09 7.0409E-09 8.2014E-09 9.3338E-09 1.0418E-08 1.1406E-08 1.2307E-08 1.3089E-08 1.3765E-08 1.4328E-08 1.4793E-08 1.5157E-08 1.5421E-08 1.5603E-08 1.5702E-08 1.5736E-08 1.5703E-08 1.5614E-08 1.5480E-08 1.5306E-08 1.5099E-08 1.4864E-08 1.4608E-08 1.4335E-08 1.4050E-08 1.3759E-08 1.3461E-08 1.3163E-08 1.2866E-08 1.2573E-08 1.2283E-08 1.2001E-08 1.1723E-08 1.1458E-08 1.1200E-08 1.0953E-08 1.0712E-08 1.0491E-08 1.0268E-08 1.0058E-08 9.8585E-09 9.6710E-09 9.4956E-09 9.3211E-09 9.1613E-09 9.0049E-09
4.7464E-10 6.5531E-10 8.9862E-10 1.1685E-09 1.4504E-09 1.7860E-09 2.1980E-09 2.7022E-09 3.3311E-09 4.0601E-09 4.9120E-09 5.8825E-09 6.9824E-09 8.1435E-09 9.3119E-09 1.0415E-08 1.1432E-08 1.2362E-08 1.3172E-08 1.3874E-08 1.4457E-08 1.4942E-08 1.5319E-08 1.5596E-08 1.5790E-08 1.5897E-08 1.5937E-08 1.5909E-08 1.5825E-08 1.5693E-08 1.5519E-08 1.5312E-08 1.5076E-08 1.4818E-08 1.4544E-08 1.4258E-08 1.3963E-08 1.3663E-08 1.3365E-08 1.3067E-08 1.2772E-08 1.2484E-08 1.2199E-08 1.1924E-08 1.1661E-08 1.1408E-08 1.1160E-08 1.0933E-08 1.0707E-08 1.0492E-08 1.0290E-08 1.0095E-08 9.9163E-09 9.7382E-09 9.5787E-09 9.4189E-09 9.2720E-09
4.6804E-10 6.4875E-10 8.8726E-10 1.1490E-09 1.4342E-09 1.7726E-09 2.1702E-09 2.6753E-09 3.2861E-09 4.0074E-09 4.8455E-09 5.7981E-09 6.8859E-09 8.0480E-09 9.2376E-09 1.0367E-08 1.1425E-08 1.2373E-08 1.3222E-08 1.3940E-08 1.4545E-08 1.5049E-08 1.5443E-08 1.5741E-08 1.5943E-08 1.6061E-08 1.6110E-08 1.6089E-08 1.6011E-08 1.5883E-08 1.5712E-08 1.5504E-08 1.5270E-08 1.5012E-08 1.4737E-08 1.4450E-08 1.4153E-08 1.3854E-08 1.3554E-08 1.3256E-08 1.2963E-08 1.2672E-08 1.2390E-08 1.2117E-08 1.1861E-08 1.1606E-08 1.1373E-08 1.1143E-08 1.0924E-08 1.0719E-08 1.0521E-08 1.0337E-08 1.0157E-08 9.9942E-09 9.8345E-09 9.6869E-09 9.5455E-09
4.5530E-10 6.4097E-10 8.6491E-10 1.1240E-09 1.4035E-09 1.7463E-09 2.1359E-09 2.6263E-09 3.2246E-09 3.9423E-09 4.7567E-09 5.7020E-09 6.7607E-09 7.9167E-09 9.1192E-09 1.0273E-08 1.1358E-08 1.2335E-08 1.3214E-08 1.3959E-08 1.4598E-08 1.5114E-08 1.5525E-08 1.5843E-08 1.6060E-08 1.6196E-08 1.6251E-08 1.6240E-08 1.6169E-08 1.6046E-08 1.5879E-08 1.5676E-08 1.5443E-08 1.5186E-08 1.4912E-08 1.4624E-08 1.4328E-08 1.4030E-08 1.3731E-08 1.3434E-08 1.3140E-08 1.2851E-08 1.2572E-08 1.2303E-08 1.2048E-08 1.1808E-08 1.1573E-08 1.1350E-08 1.1141E-08 1.0941E-08 1.0756E-08 1.0573E-08 1.0408E-08 1.0247E-08 1.0100E-08 9.9589E-09 9.8268E-09
4.3764E-10 6.2733E-10 8.4328E-10 1.1002E-09 1.3589E-09 1.7109E-09 2.0904E-09 2.5680E-09 3.1487E-09 3.8485E-09 4.6498E-09 5.5729E-09 6.6082E-09 7.7595E-09 8.9563E-09 1.0141E-08 1.1241E-08 1.2246E-08 1.3155E-08 1.3928E-08 1.4593E-08 1.5133E-08 1.5569E-08 1.5902E-08 1.6136E-08 1.6289E-08 1.6357E-08 1.6358E-08 1.6297E-08 1.6182E-08 1.6020E-08 1.5822E-08 1.5593E-08 1.5340E-08 1.5066E-08 1.4780E-08 1.4487E-08 1.4191E-08 1.3893E-08 1.3597E-08 1.3304E-08 1.3021E-08 1.2744E-08 1.2477E-08 1.2234E-08 1.1994E-08 1.1768E-08 1.1554E-08 1.1352E-08 1.1166E-08 1.0983E-08 1.0816E-08 1.0654E-08 1.0506E-08 1.0367E-08 1.0237E-08 1.0117E-08
4.2564E-10 6.0701E-10 8.1640E-10 1.0728E-09 1.3270E-09 1.6536E-09 2.0421E-09 2.4967E-09 3.0578E-09 3.7407E-09 4.5193E-09 5.4213E-09 6.4278E-09 7.5591E-09 8.7496E-09 9.9485E-09 1.1072E-08 1.2116E-08 1.3042E-08 1.3851E-08 1.4538E-08 1.5103E-08 1.5561E-08 1.5916E-08 1.6176E-08 1.6341E-08 1.6426E-08 1.6441E-08 1.6391E-08 1.6286E-08 1.6133E-08 1.5942E-08 1.5718E-08 1.5469E-08 1.5199E-08 1.4917E-08 1.4627E-08 1.4333E-08 1.4038E-08 1.3744E-08 1.3456E-08 1.3175E-08 1.2904E-08 1.2645E-08 1.2405E-08 1.2174E-08 1.1954E-08 1.1752E-08 1.1561E-08 1.1380E-08 1.1213E-08 1.1052E-08 1.0902E-08 1.0766E-08 1.0637E-08 1.0521E-08 1.0412E-08
3.9792E-10 5.8093E-10 7.8286E-10 1.0363E-09 1.2885E-09 1.5956E-09 1.9760E-09 2.4190E-09 2.9577E-09 3.6148E-09 4.3758E-09 5.2447E-09 6.2215E-09 7.3240E-09 8.5016E-09 9.7065E-09 1.0850E-08 1.1919E-08 1.2874E-08 1.3712E-08 1.4427E-08 1.5024E-08 1.5503E-08 1.5880E-08 1.6164E-08 1.6350E-08 1.6454E-08 1.6484E-08 1.6450E-08 1.6356E-08 1.6214E-08 1.6032E-08 1.5816E-08 1.5572E-08 1.5308E-08 1.5031E-08 1.4746E-08 1.4457E-08 1.4164E-08 1.3874E-08 1.3591E-08 1.3317E-08 1.3051E-08 1.2799E-08 1.2566E-08 1.2342E-08 1.2136E-08 1.1940E-08 1.1759E-08 1.1593E-08 1.1435E-08 1.1286E-08 1.1151E-08 1.1024E-08 1.0911E-08 1.0808E-08 1.0717E-08
3.7647E-10 5.5136E-10 7.3931E-10 9.8893E-10 1.2439E-09 1.5359E-09 1.8926E-09 2.3254E-09 2.8484E-09 3.4728E-09 4.2087E-09 5.0505E-09 5.9996E-09 7.0613E-09 8.2189E-09 9.4161E-09 1.0578E-08 1.1666E-08 1.2646E-08 1.3514E-08 1.4259E-08 1.4886E-08 1.5392E-08 1.5793E-08 1.6103E-08 1.6313E-08 1.6438E-08 1.6487E-08 1.6469E-08 1.6390E-08 1.6262E-08 1.6091E-08 1.5884E-08 1.5648E-08 1.5392E-08 1.5122E-08 1.4843E-08 1.4558E-08 1.4270E-08 1.3988E-08 1.3711E-08 1.3441E-08 1.3185E-08 1.2937E-08 1.2714E-08 1.2502E-08 1.2303E-08 1.2120E-08 1.1952E-08 1.1795E-08 1.1649E-08 1.1516E-08 1.1394E-08 1.1284E-08 1.1184E-08 1.1100E-08 1.1025E-08
3.5464E-10 5.0566E-10 7.0741E-10 9.4623E-10 1.1891E-09 1.4735E-09 1.8160E-09 2.2111E-09 2.7262E-09 3.3184E-09 4.0276E-09 4.8328E-09 5.7537E-09 6.7690E-09 7.8998E-09 9.0787E-09 1.0258E-08 1.1358E-08 1.2366E-08 1.3257E-08 1.4032E-08 1.4690E-08 1.5225E-08 1.5658E-08 1.5990E-08 1.6226E-08 1.6375E-08 1.6445E-08 1.6446E-08 1.6386E-08 1.6273E-08 1.6116E-08 1.5920E-08 1.5694E-08 1.5448E-08 1.5187E-08 1.4916E-08 1.4636E-08 1.4356E-08 1.4081E-08 1.3810E-08 1.3551E-08 1.3300E-08 1.3062E-08 1.2850E-08 1.2648E-08 1.2461E-08 1.2290E-08 1.2133E-08 1.1988E-08 1.1857E-08 1.1739E-08 1.1633E-08 1.1538E-08 1.1459E-08 1.1391E-08 1.1335E-08
3.2384E-10 4.6984E-10 6.6485E-10 8.8163E-10 1.1338E-09 1.4014E-09 1.7308E-09 2.1059E-09 2.5769E-09 3.1503E-09 3.8275E-09 4.5989E-09 5.4802E-09 6.4561E-09 7.5439E-09 8.7011E-09 9.8776E-09 1.0994E-08 1.2028E-08 1.2941E-08 1.3746E-08 1.4435E-08 1.5001E-08 1.5463E-08 1.5822E-08 1.6088E-08 1.6263E-08 1.6357E-08 1.6379E-08 1.6340E-08 1.6246E-08 1.6103E-08 1.5921E-08 1.5709E-08 1.5475E-08 1.5224E-08 1.4961E-08 1.4690E-08 1.4420E-08 1.4153E-08 1.3891E-08 1.3640E-08 1.3398E-08 1.3170E-08 1.2970E-08 1.2779E-08 1.2604E-08 1.2447E-08 1.2302E-08 1.2172E-08 1.2056E-08 1.1954E-08 1.1865E-08 1.1791E-08 1.1730E-08 1.1681E-08 1.1646E-08
2.9408E-10 4.2998E-10 6.1824E-10 8.1879E-10 1.0709E-09 1.3267E-09 1.6396E-09 1.9951E-09 2.4361E-09 2.9637E-09 3.6129E-09 4.3467E-09 5.1910E-09 6.1217E-09 7.1660E-09 8.2845E-09 9.4536E-09 1.0575E-08 1.1630E-08 1.2567E-08 1.3404E-08 1.4119E-08 1.4717E-08 1.5211E-08 1.5599E-08 1.5896E-08 1.6099E-08 1.6220E-08 1.6266E-08 1.6251E-08 1.6177E-08 1.6053E-08 1.5887E-08 1.5691E-08 1.5471E-08 1.5232E-08 1.4978E-08 1.4718E-08 1.4459E-08 1.4201E-08 1.3950E-08 1.3708E-08 1.3477E-08 1.3261E-08 1.3072E-08 1.2895E-08 1.2735E-08 1.2589E-08 1.2458E-08 1.2343E-08 1.2244E-08 1.2159E-08 1.2089E-08 1.2038E-08 1.1995E-08 1.1968E-08 1.1955E-08
