Assets/Resources/2015_m01_d08_0500(utc+0800)_l00_csi_1hr_conc.grd
DSAA
         159         159
     -79.000      79.000
     -79.000      79.000
  0.0000E+00  0.4286E-04
[rows 75 to 99 of 159, columns 57 to 113 of 159]
6.2970E-09 6.5256E-09 6.7396E-09 6.9573E-09 7.1786E-09 7.4037E-09 7.8640E-09 8.3896E-09 9.3004E-09 1.0513E-08 1.2252E-08 1.5002E-08 1.9003E-08 2.4765E-08 3.3064E-08 4.4141E-08 5.8950E-08 7.8693E-08 1.3657E-07 3.1391E-07 5.7827E-07 7.6417E-07 8.3019E-07 8.2500E-07 7.9349E-07 7.5905E-07 7.2777E-07 7.0371E-07 6.9111E-07 6.8463E-07 6.7892E-07 6.7619E-07 6.7467E-07 6.7096E-07 6.6701E-07 6.4210E-07 6.4072E-07 6.3651E-07 6.2835E-07 6.0417E-07 5.9103E-07 5.6551E-07 5.4245E-07 5.1265E-07 4.7347E-07 4.4029E-07 4.0647E-07 3.7290E-07 3.4100E-07 3.1125E-07 2.8172E-07 2.5388E-07 2.2510E-07 1.9756E-07 1.7207E-07 1.4919E-07 1.2849E-07
6.1669E-09 6.3918E-09 6.6024E-09 6.8167E-09 7.0348E-09 7.2568E-09 7.7220E-09 8.2595E-09 9.2469E-09 1.0535E-08 1.2405E-08 1.5333E-08 1.9690E-08 2.5977E-08 3.5121E-08 4.7498E-08 6.4296E-08 8.5590E-08 1.1275E-07 1.8449E-07 4.7941E-07 8.6621E-07 1.0430E-06 1.0511E-06 9.9296E-07 9.3125E-07 8.7056E-07 8.2977E-07 8.0201E-07 7.8578E-07 7.7878E-07 7.7285E-07 7.6745E-07 7.6459E-07 7.5970E-07 7.5338E-07 7.2927E-07 7.2290E-07 7.1205E-07 6.8395E-07 6.6627E-07 6.3579E-07 6.0724E-07 5.7190E-07 5.2715E-07 4.8845E-07 4.4928E-07 4.1074E-07 3.7466E-07 3.4042E-07 3.0710E-07 2.7374E-07 2.4079E-07 2.1050E-07 1.8274E-07 1.5778E-07 1.3553E-07
6.0322E-09 6.2537E-09 6.4607E-09 6.6714E-09 6.8859E-09 7.1044E-09 7.5686E-09 8.1102E-09 9.1206E-09 1.0480E-08 1.2486E-08 1.5580E-08 2.0165E-08 2.7064E-08 3.6517E-08 4.9930E-08 6.8050E-08 9.1315E-08 1.2075E-07 1.5668E-07 2.2856E-07 6.7983E-07 1.1735E-06 1.3003E-06 4.2859E-05 1.1220E-06 1.0296E-06 9.6388E-07 9.2062E-07 8.9333E-07 8.7664E-07 8.7007E-07 8.6383E-07 8.5652E-07 8.5081E-07 8.4316E-07 8.1556E-07 8.0656E-07 7.9273E-07 7.6071E-07 7.3808E-07 7.0231E-07 6.6780E-07 6.2697E-07 5.7738E-07 5.3379E-07 4.8932E-07 4.4628E-07 4.0565E-07 3.6630E-07 3.2872E-07 2.8989E-07 2.5406E-07 2.2123E-07 1.9158E-07 1.6472E-07 1.4118E-07
5.8932E-09 6.1118E-09 6.3150E-09 6.5218E-09 6.7325E-09 6.9472E-09 7.4042E-09 7.9411E-09 8.9521E-09 1.0339E-08 1.2397E-08 1.5600E-08 2.0254E-08 2.7468E-08 3.7477E-08 5.1539E-08 7.0246E-08 9.4854E-08 1.2616E-07 1.6433E-07 2.0990E-07 2.7287E-07 8.1609E-07 3.2914E-05 1.4382E-06 1.3188E-06 1.1892E-06 1.0944E-06 1.0329E-06 9.9532E-07 9.7324E-07 9.6048E-07 9.5405E-07 9.4576E-07 9.3573E-07 9.2569E-07 8.9621E-07 8.8378E-07 8.6649E-07 8.3061E-07 8.0287E-07 7.6153E-07 7.2128E-07 6.7534E-07 6.2182E-07 5.7334E-07 5.2456E-07 4.7799E-07 4.3156E-07 3.8842E-07 3.4408E-07 3.0258E-07 2.6422E-07 2.2931E-07 1.9802E-07 1.6983E-07 1.4512E-07
5.7505E-09 5.9665E-09 6.1655E-09 6.3682E-09 6.5748E-09 6.7854E-09 7.2295E-09 7.7531E-09 8.7417E-09 1.0108E-08 1.2156E-08 1.5345E-08 2.0038E-08 2.7340E-08 3.7415E-08 5.1790E-08 7.0890E-08 9.6171E-08 1.2828E-07 1.6782E-07 2.1543E-07 2.6985E-07 3.3185E-07 7.4839E-07 1.2932E-06 1.3853E-06 1.2900E-06 1.1897E-06 1.1187E-06 1.0757E-06 1.0513E-06 1.0391E-06 1.0309E-06 1.0209E-06 1.0098E-06 9.7612E-07 9.6585E-07 9.5068E-07 9.2952E-07 8.9003E-07 8.5738E-07 8.1039E-07 7.6466E-07 7.1495E-07 6.5748E-07 6.0523E-07 5.5362E-07 5.0193E-07 4.5233E-07 4.0168E-07 3.5456E-07 3.1096E-07 2.7066E-07 2.3436E-07 2.0179E-07 1.7269E-07 1.4716E-07
5.6044E-09 5.8182E-09 6.0128E-09 6.2112E-09 6.4133E-09 6.6195E-09 7.0455E-09 7.5481E-09 8.4867E-09 9.7932E-09 1.1775E-08 1.4886E-08 1.9573E-08 2.6589E-08 3.6500E-08 5.0765E-08 6.9759E-08 9.4900E-08 1.2712E-07 1.6700E-07 2.1533E-07 2.7112E-07 3.3418E-07 4.0014E-07 5.8909E-07 1.0204E-06 1.1831E-06 1.1767E-06 1.1406E-06 1.1116E-06 1.0957E-06 1.0889E-06 1.0838E-06 1.0755E-06 1.0655E-06 1.0323E-06 1.0201E-06 1.0022E-06 9.6428E-07 9.3496E-07 8.9783E-07 8.4543E-07 7.9578E-07 7.4307E-07 6.8244E-07 6.2738E-07 5.7231E-07 5.1822E-07 4.6317E-07 4.0931E-07 3.5970E-07 3.1452E-07 2.7308E-07 2.3593E-07 2.0264E-07 1.7317E-07 1.4721E-07
5.4560E-09 5.6672E-09 5.8573E-09 6.0510E-09 6.2486E-09 6.4501E-09 6.8165E-09 7.2946E-09 8.1557E-09 9.3882E-09 1.1242E-08 1.4224E-08 1.8786E-08 2.5380E-08 3.4994E-08 4.8602E-08 6.6934E-08 9.1314E-08 1.2278E-07 1.6194E-07 2.0981E-07 2.6543E-07 3.2838E-07 3.9488E-07 4.6604E-07 5.5655E-07 7.9900E-07 9.7830E-07 1.0500E-06 1.0755E-06 1.0878E-06 1.0976E-06 1.1035E-06 1.1017E-06 1.0955E-06 1.0665E-06 1.0538E-06 1.0341E-06 9.9489E-07 9.6265E-07 9.2171E-07 8.6494E-07 8.1245E-07 7.5781E-07 6.9497E-07 6.3771E-07 5.8070E-07 5.2361E-07 4.6555E-07 4.1012E-07 3.5907E-07 3.1306E-07 2.7133E-07 2.3390E-07 2.0052E-07 1.7118E-07 1.4523E-07
5.3081E-09 5.5139E-09 5.6992E-09 5.8882E-09 6.0809E-09 6.2775E-09 6.5684E-09 7.0282E-09 7.7525E-09 8.9036E-09 1.0540E-08 1.3400E-08 1.7586E-08 2.3799E-08 3.2896E-08 4.5483E-08 6.2746E-08 8.5780E-08 1.1563E-07 1.5315E-07 1.9934E-07 2.5351E-07 3.1409E-07 3.8071E-07 4.5262E-07 5.2815E-07 6.0629E-07 7.3690E-07 8.7330E-07 9.6540E-07 1.0230E-06 1.0607E-06 1.0846E-06 1.0941E-06 1.0782E-06 1.0745E-06 1.0629E-06 1.0434E-06 1.0051E-06 9.7047E-07 9.1822E-07 8.6827E-07 8.1345E-07 7.5130E-07 6.9436E-07 6.3484E-07 5.7687E-07 5.1746E-07 4.5959E-07 4.0420E-07 3.5302E-07 3.0671E-07 2.6530E-07 2.2832E-07 1.9547E-07 1.6672E-07 1.4127E-07
5.1585E-09 5.3559E-09 5.5392E-09 5.7232E-09 5.9108E-09 6.1023E-09 6.3352E-09 6.7680E-09 7.3687E-09 8.4119E-09 9.8912E-09 1.2470E-08 1.6279E-08 2.1919E-08 3.0303E-08 4.1682E-08 5.7501E-08 7.8698E-08 1.0639E-07 1.4136E-07 1.8481E-07 2.3570E-07 2.9373E-07 3.5863E-07 4.2951E-07 5.0469E-07 5.8169E-07 6.5789E-07 7.4612E-07 8.4492E-07 9.3018E-07 9.9033E-07 1.0319E-06 1.0542E-06 1.0542E-06 1.0557E-06 1.0471E-06 1.0198E-06 9.9265E-07 9.5694E-07 9.0514E-07 8.5365E-07 7.9838E-07 7.3729E-07 6.7894E-07 6.1997E-07 5.5995E-07 5.0193E-07 4.4539E-07 3.9141E-07 3.4114E-07 2.9571E-07 2.5535E-07 2.1942E-07 1.8769E-07 1.6002E-07 1.3550E-07
5.0078E-09 5.1928E-09 5.3776E-09 5.5564E-09 5.7388E-09 5.9250E-09 6.1279E-09 6.4791E-09 7.0166E-09 7.9036E-09 9.2380E-09 1.1065E-08 1.4889E-08 1.9300E-08 2.7330E-08 3.7440E-08 5.1584E-08 7.0620E-08 9.5680E-08 1.2754E-07 1.6731E-07 2.1407E-07 2.6861E-07 3.3034E-07 3.9822E-07 4.7057E-07 5.4553E-07 6.2096E-07 6.9518E-07 7.6822E-07 8.4560E-07 9.1131E-07 9.5876E-07 9.8728E-07 1.0060E-06 1.0120E-06 1.0061E-06 9.8463E-07 9.5783E-07 9.1471E-07 8.7291E-07 8.2186E-07 7.6782E-07 7.0770E-07 6.5079E-07 5.9117E-07 5.3281E-07 4.7721E-07 4.2349E-07 3.7220E-07 3.2423E-07 2.8070E-07 2.4190E-07 2.0759E-07 1.7752E-07 1.5134E-07 1.2814E-07
4.8562E-09 5.0291E-09 5.2149E-09 5.3884E-09 5.5654E-09 5.7460E-09 5.9353E-09 6.1997E-09 6.6614E-09 7.3538E-09 8.5157E-09 1.0056E-08 1.3146E-08 1.7189E-08 2.3765E-08 3.3034E-08 4.5386E-08 6.2099E-08 8.4217E-08 1.1253E-07 1.4785E-07 1.9032E-07 2.4032E-07 2.9746E-07 3.6062E-07 4.2881E-07 5.0031E-07 5.7306E-07 6.4564E-07 7.1464E-07 7.7766E-07 8.3649E-07 8.8657E-07 9.1982E-07 9.3857E-07 9.4671E-07 9.4260E-07 9.2735E-07 9.0289E-07 8.6363E-07 8.2346E-07 7.7487E-07 7.1797E-07 6.6553E-07 6.0977E-07 5.5279E-07 4.9737E-07 4.4525E-07 3.9513E-07 3.4744E-07 3.0280E-07 2.6199E-07 2.2564E-07 1.9347E-07 1.6539E-07 1.4105E-07 1.1949E-07
4.7041E-09 4.8654E-09 5.0514E-09 5.2195E-09 5.3910E-09 5.5660E-09 5.7446E-09 5.9662E-09 6.3048E-09 6.9042E-09 7.7929E-09 9.1501E-09 1.1243E-08 1.5217E-08 2.0156E-08 2.8701E-08 3.9235E-08 5.3613E-08 7.2612E-08 9.7256E-08 1.2797E-07 1.6576E-07 2.1038E-07 2.6209E-07 3.1969E-07 3.8244E-07 4.4883E-07 5.1746E-07 5.8586E-07 6.5140E-07 7.1205E-07 7.6574E-07 8.0904E-07 8.3780E-07 8.5954E-07 8.6895E-07 8.6654E-07 8.5338E-07 8.2708E-07 7.9689E-07 7.5937E-07 7.1439E-07 6.6215E-07 6.1250E-07 5.5952E-07 5.0679E-07 4.5556E-07 4.0737E-07 3.6164E-07 3.1836E-07 2.7778E-07 2.4051E-07 2.0720E-07 1.7757E-07 1.5182E-07 1.2956E-07 1.0989E-07
4.5504E-09 4.7036E-09 4.8876E-09 5.0502E-09 5.2160E-09 5.3852E-09 5.5579E-09 5.7607E-09 5.9608E-09 6.4768E-09 7.1058E-09 7.8966E-09 9.9569E-09 1.2984E-08 1.7408E-08 2.4013E-08 3.3441E-08 4.5532E-08 6.1519E-08 8.2447E-08 1.0876E-07 1.4161E-07 1.8063E-07 2.2632E-07 2.7760E-07 3.3394E-07 3.9413E-07 4.5675E-07 5.1970E-07 5.8088E-07 6.3778E-07 6.8799E-07 7.2879E-07 7.5622E-07 7.7231E-07 7.7989E-07 7.7700E-07 7.6790E-07 7.4611E-07 7.1869E-07 6.8449E-07 6.4105E-07 5.9738E-07 5.5108E-07 5.0309E-07 4.5547E-07 4.0929E-07 3.6577E-07 3.2492E-07 2.8624E-07 2.5024E-07 2.1706E-07 1.8715E-07 1.6062E-07 1.3741E-07 1.1729E-07 9.9709E-08
4.3902E-09 4.5466E-09 4.7160E-09 4.8808E-09 5.0410E-09 5.2043E-09 5.3710E-09 5.5546E-09 5.7585E-09 5.9665E-09 6.3762E-09 7.3174E-09 8.2177E-09 1.0254E-08 1.4953E-08 1.9581E-08 2.8183E-08 3.8104E-08 5.1347E-08 6.8817E-08 9.0912E-08 1.1877E-07 1.5226E-07 1.9158E-07 2.3622E-07 2.8559E-07 3.3888E-07 3.9473E-07 4.5131E-07 5.0649E-07 5.5792E-07 6.0352E-07 6.4092E-07 6.6643E-07 6.8142E-07 6.8867E-07 6.8705E-07 6.7606E-07 6.5747E-07 6.3262E-07 6.0182E-07 5.6575E-07 5.2702E-07 4.8583E-07 4.4346E-07 4.0148E-07 3.6087E-07 3.2239E-07 2.8657E-07 2.5277E-07 2.2143E-07 1.9257E-07 1.6625E-07 1.4308E-07 1.2258E-07 1.0476E-07 8.9289E-08
4.2318E-09 4.3902E-09 4.5442E-09 4.7120E-09 4.8663E-09 5.0237E-09 5.1843E-09 5.3507E-09 5.5562E-09 5.7436E-09 5.9710E-09 6.2796E-09 7.5320E-09 8.6836E-09 1.0723E-08 1.5834E-08 2.2273E-08 3.1543E-08 4.2404E-08 5.6541E-08 7.4847E-08 9.7832E-08 1.2599E-07 1.5908E-07 1.9719E-07 2.3943E-07 2.8553E-07 3.3402E-07 3.8329E-07 4.3147E-07 4.7672E-07 5.1698E-07 5.5029E-07 5.7343E-07 5.8712E-07 5.9420E-07 5.9350E-07 5.8422E-07 5.6775E-07 5.4585E-07 5.1900E-07 4.8798E-07 4.5475E-07 4.1926E-07 3.8295E-07 3.4699E-07 3.1215E-07 2.7912E-07 2.4828E-07 2.1935E-07 1.9239E-07 1.6793E-07 1.4529E-07 1.2541E-07 1.0788E-07 9.2272E-08 7.8885E-08
4.0758E-09 4.2347E-09 4.3749E-09 4.5439E-09 4.6924E-09 4.8439E-09 4.9983E-09 5.1559E-09 5.3449E-09 5.5279E-09 5.7441E-09 5.9467E-09 6.1522E-09 7.2179E-09 8.9929E-09 1.2052E-08 1.6735E-08 2.5907E-08 3.4623E-08 4.5931E-08 6.0818E-08 7.9349E-08 1.0250E-07 1.2979E-07 1.6154E-07 1.9696E-07 2.3560E-07 2.7652E-07 3.1829E-07 3.5933E-07 3.9795E-07 4.3252E-07 4.6140E-07 4.8183E-07 4.9420E-07 5.0081E-07 5.0070E-07 4.9312E-07 4.7915E-07 4.6034E-07 4.3756E-07 4.1175E-07 3.8398E-07 3.5430E-07 3.2416E-07 2.9422E-07 2.6511E-07 2.3744E-07 2.1131E-07 1.8717E-07 1.6454E-07 1.4400E-07 1.2507E-07 1.0822E-07 9.3505E-08 8.0232E-08 6.8698E-08
3.9280E-09 4.0712E-09 4.2133E-09 4.3698E-09 4.5198E-09 4.6652E-09 4.8135E-09 4.9647E-09 5.1314E-09 5.3198E-09 5.5088E-09 5.7178E-09 5.9133E-09 6.3125E-09 7.1098E-09 9.0932E-09 1.3595E-08 1.7292E-08 2.6509E-08 3.7047E-08 4.8692E-08 6.3486E-08 8.1884E-08 1.0403E-07 1.2974E-07 1.5884E-07 1.9046E-07 2.2406E-07 2.5854E-07 2.9259E-07 3.2475E-07 3.5362E-07 3.7790E-07 3.9554E-07 4.0652E-07 4.1238E-07 4.1244E-07 4.0650E-07 3.9522E-07 3.7959E-07 3.6103E-07 3.4030E-07 3.1757E-07 2.9340E-07 2.6891E-07 2.4466E-07 2.2103E-07 1.9842E-07 1.7705E-07 1.5700E-07 1.3852E-07 1.2145E-07 1.0601E-07 9.2126E-08 7.9876E-08 6.8320E-08 5.9008E-08
3.7818E-09 3.9101E-09 4.0554E-09 4.1946E-09 4.3487E-09 4.4882E-09 4.6303E-09 4.7751E-09 4.9228E-09 5.1119E-09 5.2792E-09 5.4907E-09 5.6762E-09 5.9247E-09 6.5250E-09 7.2082E-09 9.9416E-09 1.4607E-08 2.0107E-08 2.7791E-08 3.8590E-08 5.0224E-08 6.4395E-08 8.2027E-08 1.0228E-07 1.2560E-07 1.5094E-07 1.7787E-07 2.0559E-07 2.3305E-07 2.5916E-07 2.8267E-07 3.0257E-07 3.1741E-07 3.2689E-07 3.3165E-07 3.3198E-07 3.2754E-07 3.1855E-07 3.0636E-07 2.9187E-07 2.7547E-07 2.5727E-07 2.3803E-07 2.1874E-07 1.9962E-07 1.8110E-07 1.6299E-07 1.4600E-07 1.2976E-07 1.1493E-07 1.0083E-07 8.8262E-08 7.6863E-08 6.6357E-08 5.8028E-08 5.0416E-08
3.6374E-09 3.7545E-09 3.8961E-09 4.0235E-09 4.1789E-09 4.3132E-09 4.4491E-09 4.5877E-09 4.7288E-09 4.8913E-09 5.0644E-09 5.2490E-09 5.4417E-09 5.6251E-09 6.0803E-09 6.6296E-09 7.7123E-09 1.0867E-08 1.4987E-08 2.2008E-08 2.8446E-08 3.8061E-08 5.0104E-08 6.3434E-08 7.9347E-08 9.7352E-08 1.1738E-07 1.3844E-07 1.6019E-07 1.8182E-07 2.0240E-07 2.2108E-07 2.3702E-07 2.4910E-07 2.5681E-07 2.6084E-07 2.6128E-07 2.5788E-07 2.5135E-07 2.4219E-07 2.3117E-07 2.1865E-07 2.0442E-07 1.8947E-07 1.7472E-07 1.6011E-07 1.4581E-07 1.3187E-07 1.1846E-07 1.0580E-07 9.3961E-08 8.2863E-08 7.2259E-08 6.2980E-08 5.5283E-08 4.8511E-08 4.2095E-08
3.4951E-09 3.6074E-09 3.7316E-09 3.8645E-09 3.9996E-09 4.1405E-09 4.2704E-09 4.4027E-09 4.5373E-09 4.6777E-09 4.8551E-09 5.0130E-09 5.2103E-09 5.3833E-09 5.6310E-09 6.2075E-09 6.8616E-09 8.6480E-09 1.1542E-08 1.5063E-08 2.2216E-08 2.8782E-08 3.7289E-08 4.8109E-08 6.0424E-08 7.4139E-08 8.9457E-08 1.0579E-07 1.2245E-07 1.3906E-07 1.5492E-07 1.6927E-07 1.8167E-07 1.9128E-07 1.9749E-07 2.0068E-07 2.0109E-07 1.9891E-07 1.9425E-07 1.8756E-07 1.7962E-07 1.7027E-07 1.5951E-07 1.4828E-07 1.3700E-07 1.2616E-07 1.1546E-07 1.0497E-07 9.4736E-08 8.4980E-08 7.5625E-08 6.6385E-08 5.8339E-08 5.1347E-08 4.5580E-08 3.9883E-08 3.4488E-08
3.3551E-09 3.4627E-09 3.5720E-09 3.7075E-09 3.8259E-09 3.9706E-09 4.0945E-09 4.2205E-09 4.3488E-09 4.4793E-09 4.6321E-09 4.7929E-09 4.9657E-09 5.1456E-09 5.3152E-09 5.6970E-09 6.2434E-09 7.1350E-09 9.8172E-09 1.2030E-08 1.6558E-08 2.1938E-08 2.8230E-08 3.5332E-08 4.4424E-08 5.5464E-08 6.6813E-08 7.9233E-08 9.1858E-08 1.0433E-07 1.1630E-07 1.2723E-07 1.3651E-07 1.4367E-07 1.4854E-07 1.5133E-07 1.5191E-07 1.5054E-07 1.4721E-07 1.4265E-07 1.3707E-07 1.3030E-07 1.2248E-07 1.1407E-07 1.0574E-07 9.7816E-08 9.0073E-08 8.2372E-08 7.4901E-08 6.7350E-08 5.9034E-08 5.2835E-08 4.7130E-08 4.1778E-08 3.6175E-08 3.1866E-08 2.8609E-08
3.2176E-09 3.3206E-09 3.4244E-09 3.5417E-09 3.6641E-09 3.7915E-09 3.9217E-09 4.0417E-09 4.1636E-09 4.2877E-09 4.4166E-09 4.5816E-09 4.7271E-09 4.9126E-09 5.0715E-09 5.2584E-09 5.7645E-09 6.2882E-09 7.7365E-09 1.0004E-08 1.2716E-08 1.6523E-08 2.1053E-08 2.6288E-08 3.2920E-08 4.0138E-08 4.9215E-08 5.8171E-08 6.7753E-08 7.7044E-08 8.5803E-08 9.3783E-08 1.0050E-07 1.0584E-07 1.0972E-07 1.1197E-07 1.1273E-07 1.1197E-07 1.0972E-07 1.0655E-07 1.0288E-07 9.8156E-08 9.2492E-08 8.6544E-08 8.0475E-08 7.4826E-08 6.9480E-08 6.3994E-08 5.6738E-08 5.1525E-08 4.6581E-08 4.2014E-08 3.6311E-08 3.2127E-08 2.8854E-08 2.6090E-08 2.3373E-08
3.0828E-09 3.1813E-09 3.2804E-09 3.3818E-09 3.5075E-09 3.6173E-09 3.7524E-09 3.8663E-09 3.9821E-09 4.0998E-09 4.2193E-09 4.3568E-09 4.5087E-09 4.6627E-09 4.8334E-09 4.9879E-09 5.2220E-09 5.7644E-09 6.3116E-09 8.1199E-09 9.9668E-09 1.2859E-08 1.5946E-08 1.9504E-08 2.3991E-08 2.9459E-08 3.5305E-08 4.2082E-08 4.8860E-08 5.5769E-08 6.2308E-08 6.7928E-08 7.2696E-08 7.6673E-08 7.9666E-08 8.1692E-08 8.2368E-08 8.1946E-08 8.0554E-08 7.8598E-08 7.6141E-08 7.2812E-08 6.9032E-08 6.4815E-08 6.0549E-08 5.6691E-08 5.1966E-08 4.7214E-08 4.3124E-08 3.8685E-08 3.5684E-08 3.1228E-08 2.8654E-08 2.5975E-08 2.3438E-08 2.0959E-08 1.8680E-08
2.9509E-09 3.0449E-09 3.1396E-09 3.2349E-09 3.3423E-09 3.4567E-09 3.5725E-09 3.6949E-09 3.8047E-09 3.9161E-09 4.0292E-09 4.1440E-09 4.2912E-09 4.4268E-09 4.5913E-09 4.7453E-09 4.8947E-09 5.1620E-09 5.6928E-09 6.2538E-09 8.1365E-09 9.6945E-09 1.2310E-08 1.4842E-08 1.7875E-08 2.1216E-08 2.5505E-08 3.0044E-08 3.4808E-08 3.9521E-08 4.4003E-08 4.7921E-08 5.1261E-08 5.3982E-08 5.7180E-08 5.8791E-08 5.9464E-08 5.9342E-08 5.8427E-08 5.7173E-08 5.5770E-08 5.3647E-08 5.0981E-08 4.8096E-08 4.5268E-08 3.9772E-08 3.6533E-08 3.4467E-08 3.2497E-08 2.9685E-08 2.7034E-08 2.4654E-08 2.1828E-08 2.0181E-08 1.8225E-08 1.6729E-08 1.5352E-08
2.8221E-09 2.9117E-09 3.0020E-09 3.0928E-09 3.1840E-09 3.2986E-09 3.4001E-09 3.5233E-09 3.6315E-09 3.7368E-09 3.8437E-09 3.9520E-09 4.0618E-09 4.2155E-09 4.3372E-09 4.4618E-09 4.6481E-09 4.7917E-09 5.0609E-09 5.5833E-09 6.3780E-09 7.7012E-09 9.4935E-09 1.1381E-08 1.3388E-08 1.5763E-08 1.8408E-08 2.1203E-08 2.5955E-08 2.7868E-08 3.0834E-08 3.3686E-08 3.6093E-08 3.8231E-08 3.9917E-08 4.1226E-08 4.1610E-08 4.1491E-08 4.1004E-08 4.1478E-08 4.0525E-08 3.9044E-08 3.5476E-08 3.3155E-08 3.0329E-08 2.9024E-08 2.7598E-08 2.6528E-08 2.3736E-08 2.1109E-08 1.9845E-08 1.8738E-08 1.7302E-08 1.6057E-08 1.4879E-08 1.3714E-08 1.2451E-08
