Assets/Resources/2015_m01_d09_1000(utc+0800)_l00_csi_1hr_conc.grd
DSAA
         159         159
     -79.000      79.000
     -79.000      79.000
  0.4933E-09  0.3610E-04
[rows 25 to 49 of 159, columns 57 to 113 of 159]
1.7061E-09 1.7305E-09 1.7525E-09 1.7745E-09 1.7963E-09 1.8187E-09 1.8413E-09 1.8641E-09 1.8855E-09 1.9068E-09 1.9278E-09 1.9496E-09 1.9714E-09 1.9918E-09 2.0120E-09 2.0318E-09 2.0513E-09 2.0706E-09 2.0904E-09 2.1120E-09 2.1302E-09 2.1481E-09 2.1655E-09 2.1825E-09 2.1991E-09 2.2153E-09 2.2309E-09 2.2461E-09 2.2608E-09 2.2750E-09 2.2905E-09 2.3037E-09 2.3163E-09 2.3284E-09 2.3400E-09 2.3510E-09 2.3636E-09 2.3735E-09 2.3828E-09 2.3915E-09 2.3996E-09 2.4050E-09 2.4120E-09 2.4184E-09 2.4224E-09 2.4276E-09 2.4322E-09 2.4363E-09 2.4398E-09 2.4418E-09 2.4441E-09 2.4446E-09 2.4459E-09 2.4466E-09 2.4449E-09 2.4445E-09 2.4427E-09
1.7412E-09 1.7639E-09 1.7873E-09 1.8109E-09 1.8335E-09 1.8573E-09 1.8797E-09 1.9019E-09 1.9249E-09 1.9481E-09 1.9699E-09 1.9914E-09 2.0127E-09 2.0337E-09 2.0554E-09 2.0790E-09 2.0992E-09 2.1191E-09 2.1387E-09 2.1578E-09 2.1766E-09 2.1950E-09 2.2129E-09 2.2335E-09 2.2506E-09 2.2672E-09 2.2856E-09 2.3012E-09 2.3164E-09 2.3310E-09 2.3450E-09 2.3586E-09 2.3715E-09 2.3839E-09 2.3957E-09 2.4069E-09 2.4176E-09 2.4276E-09 2.4370E-09 2.4458E-09 2.4540E-09 2.4616E-09 2.4686E-09 2.4750E-09 2.4807E-09 2.4858E-09 2.4903E-09 2.4930E-09 2.4963E-09 2.4990E-09 2.5011E-09 2.4987E-09 2.4997E-09 2.4992E-09 2.4991E-09 2.4971E-09 2.4959E-09
1.7755E-09 1.8000E-09 1.8247E-09 1.8481E-09 1.8715E-09 1.8957E-09 1.9201E-09 1.9431E-09 1.9659E-09 1.9886E-09 2.0120E-09 2.0355E-09 2.0593E-09 2.0811E-09 2.1026E-09 2.1238E-09 2.1447E-09 2.1652E-09 2.1885E-09 2.2083E-09 2.2277E-09 2.2489E-09 2.2674E-09 2.2855E-09 2.3032E-09 2.3216E-09 2.3382E-09 2.3561E-09 2.3717E-09 2.3891E-09 2.4036E-09 2.4197E-09 2.4330E-09 2.4457E-09 2.4578E-09 2.4693E-09 2.4801E-09 2.4903E-09 2.4999E-09 2.5088E-09 2.5171E-09 2.5247E-09 2.5316E-09 2.5379E-09 2.5436E-09 2.5486E-09 2.5495E-09 2.5515E-09 2.5547E-09 2.5572E-09 2.5591E-09 2.5603E-09 2.5610E-09 2.5574E-09 2.5570E-09 2.5559E-09 2.5503E-09
1.8125E-09 1.8368E-09 1.8620E-09 1.8862E-09 1.9116E-09 1.9357E-09 1.9596E-09 1.9843E-09 2.0092E-09 2.0345E-09 2.0578E-09 2.0808E-09 2.1036E-09 2.1261E-09 2.1514E-09 2.1734E-09 2.1950E-09 2.2184E-09 2.2393E-09 2.2611E-09 2.2812E-09 2.3026E-09 2.3218E-09 2.3429E-09 2.3633E-09 2.3811E-09 2.3983E-09 2.4150E-09 2.4310E-09 2.4465E-09 2.4614E-09 2.4783E-09 2.4920E-09 2.5050E-09 2.5198E-09 2.5315E-09 2.5426E-09 2.5530E-09 2.5627E-09 2.5718E-09 2.5801E-09 2.5878E-09 2.5977E-09 2.6039E-09 2.6095E-09 2.6145E-09 2.6187E-09 2.6169E-09 2.6198E-09 2.6220E-09 2.6236E-09 2.6245E-09 2.6236E-09 2.6193E-09 2.6158E-09 2.6143E-09 2.6123E-09
1.8493E-09 1.8744E-09 1.9008E-09 1.9259E-09 1.9518E-09 1.9767E-09 2.0027E-09 2.0292E-09 2.0537E-09 2.0780E-09 2.1033E-09 2.1290E-09 2.1526E-09 2.1759E-09 2.2024E-09 2.2252E-09 2.2476E-09 2.2714E-09 2.2931E-09 2.3189E-09 2.3398E-09 2.3601E-09 2.3800E-09 2.3994E-09 2.4200E-09 2.4410E-09 2.4588E-09 2.4784E-09 2.4973E-09 2.5133E-09 2.5287E-09 2.5434E-09 2.5622E-09 2.5756E-09 2.5884E-09 2.6004E-09 2.6272E-09 2.6380E-09 2.6481E-09 2.6574E-09 2.6659E-09 2.6737E-09 2.6790E-09 2.6853E-09 2.6908E-09 2.6956E-09 2.6996E-09 2.7029E-09 2.7054E-09 2.7006E-09 2.7018E-09 2.7023E-09 2.7021E-09 2.7012E-09 2.6996E-09 2.6824E-09 2.6785E-09
1.8877E-09 1.9146E-09 1.9406E-09 1.9678E-09 1.9955E-09 2.0213E-09 2.0470E-09 2.0738E-09 2.1009E-09 2.1261E-09 2.1511E-09 2.1793E-09 2.2038E-09 2.2299E-09 2.2538E-09 2.2774E-09 2.3052E-09 2.3281E-09 2.3506E-09 2.3745E-09 2.3960E-09 2.4171E-09 2.4450E-09 2.4670E-09 2.4867E-09 2.5057E-09 2.5242E-09 2.5449E-09 2.5622E-09 2.5814E-09 2.6103E-09 2.6304E-09 2.6452E-09 2.6593E-09 2.6727E-09 2.6852E-09 2.6970E-09 2.7110E-09 2.7212E-09 2.7307E-09 2.7393E-09 2.7471E-09 2.7542E-09 2.7604E-09 2.7658E-09 2.7704E-09 2.7721E-09 2.7751E-09 2.7774E-09 2.7789E-09 2.7772E-09 2.7755E-09 2.7719E-09 2.7705E-09 2.7684E-09 2.7617E-09 2.7583E-09
1.9270E-09 1.9552E-09 1.9839E-09 2.0108E-09 2.0376E-09 2.0656E-09 2.0941E-09 2.1205E-09 2.1503E-09 2.1765E-09 2.2043E-09 2.2300E-09 2.2554E-09 2.2851E-09 2.3100E-09 2.3364E-09 2.3606E-09 2.3843E-09 2.4166E-09 2.4397E-09 2.4623E-09 2.4843E-09 2.5057E-09 2.5296E-09 2.5548E-09 2.5771E-09 2.6094E-09 2.6283E-09 2.6466E-09 2.6641E-09 2.6860E-09 2.7021E-09 2.7198E-09 2.7370E-09 2.7638E-09 2.7770E-09 2.7893E-09 2.8008E-09 2.8114E-09 2.8211E-09 2.8299E-09 2.8379E-09 2.8450E-09 2.8512E-09 2.8565E-09 2.8609E-09 2.8645E-09 2.8672E-09 2.8670E-09 2.8657E-09 2.8659E-09 2.8654E-09 2.8614E-09 2.8571E-09 2.8543E-09 2.8489E-09 2.8422E-09
1.9697E-09 1.9977E-09 2.0269E-09 2.0547E-09 2.0844E-09 2.1134E-09 2.1432E-09 2.1726E-09 2.2000E-09 2.2271E-09 2.2562E-09 2.2854E-09 2.3137E-09 2.3399E-09 2.3657E-09 2.4003E-09 2.4256E-09 2.4505E-09 2.4748E-09 2.4987E-09 2.5299E-09 2.5553E-09 2.5907E-09 2.6151E-09 2.6368E-09 2.6579E-09 2.6836E-09 2.7060E-09 2.7379E-09 2.7565E-09 2.7743E-09 2.7936E-09 2.8098E-09 2.8277E-09 2.8451E-09 2.8587E-09 2.8714E-09 2.8831E-09 2.8940E-09 2.9167E-09 2.9258E-09 2.9339E-09 2.9410E-09 2.9472E-09 2.9524E-09 2.9567E-09 2.9600E-09 2.9624E-09 2.9639E-09 2.9644E-09 2.9641E-09 2.9605E-09 2.9432E-09 2.9404E-09 2.9347E-09 2.9275E-09 2.9201E-09
2.0121E-09 2.0429E-09 2.0719E-09 2.1021E-09 2.1332E-09 2.1639E-09 2.1926E-09 2.2212E-09 2.2518E-09 2.2843E-09 2.3124E-09 2.3420E-09 2.3742E-09 2.4043E-09 2.4313E-09 2.4580E-09 2.4864E-09 2.5203E-09 2.5459E-09 2.5859E-09 2.6110E-09 2.6378E-09 2.6647E-09 2.6907E-09 2.7134E-09 2.7510E-09 2.7727E-09 2.7962E-09 2.8193E-09 2.8387E-09 2.8573E-09 2.8750E-09 2.9073E-09 2.9263E-09 2.9415E-09 2.9558E-09 2.9690E-09 2.9939E-09 3.0052E-09 3.0156E-09 3.0249E-09 3.0332E-09 3.0404E-09 3.0494E-09 3.0546E-09 3.0587E-09 3.0617E-09 3.0610E-09 3.0620E-09 3.0621E-09 3.0612E-09 3.0593E-09 3.0564E-09 3.0527E-09 3.0331E-09 3.0277E-09 3.0187E-09
2.0565E-09 2.0879E-09 2.1202E-09 2.1521E-09 2.1822E-09 2.2143E-09 2.2466E-09 2.2782E-09 2.3079E-09 2.3413E-09 2.3730E-09 2.4049E-09 2.4337E-09 2.4644E-09 2.4950E-09 2.5307E-09 2.5583E-09 2.5986E-09 2.6282E-09 2.6606E-09 2.6869E-09 2.7277E-09 2.7533E-09 2.7808E-09 2.8079E-09 2.8313E-09 2.8566E-09 2.8914E-09 2.9157E-09 2.9363E-09 2.9559E-09 2.9874E-09 3.0082E-09 3.0252E-09 3.0411E-09 3.0683E-09 3.0823E-09 3.0952E-09 3.1070E-09 3.1177E-09 3.1273E-09 3.1357E-09 3.1430E-09 3.1492E-09 3.1542E-09 3.1581E-09 3.1610E-09 3.1627E-09 3.1633E-09 3.1628E-09 3.1613E-09 3.1587E-09 3.1552E-09 3.1506E-09 3.1450E-09 3.1386E-09 3.1191E-09
2.1041E-09 2.1373E-09 2.1686E-09 2.2020E-09 2.2375E-09 2.2688E-09 2.3017E-09 2.3350E-09 2.3684E-09 2.4019E-09 2.4347E-09 2.4651E-09 2.5024E-09 2.5354E-09 2.5651E-09 2.6101E-09 2.6451E-09 2.6766E-09 2.7052E-09 2.7491E-09 2.7772E-09 2.8075E-09 2.8368E-09 2.8757E-09 2.9043E-09 2.9293E-09 2.9660E-09 2.9925E-09 3.0152E-09 3.0369E-09 3.0702E-09 3.0902E-09 3.1091E-09 3.1269E-09 3.1437E-09 3.1592E-09 3.1737E-09 3.1869E-09 3.1990E-09 3.2099E-09 3.2196E-09 3.2281E-09 3.2354E-09 3.2415E-09 3.2464E-09 3.2501E-09 3.2526E-09 3.2540E-09 3.2542E-09 3.2532E-09 3.2512E-09 3.2480E-09 3.2438E-09 3.2385E-09 3.2322E-09 3.2249E-09 3.2166E-09
2.1518E-09 2.1865E-09 2.2209E-09 2.2559E-09 2.2904E-09 2.3252E-09 2.3601E-09 2.3953E-09 2.4299E-09 2.4644E-09 2.5043E-09 2.5363E-09 2.5832E-09 2.6152E-09 2.6548E-09 2.6863E-09 2.7329E-09 2.7639E-09 2.7973E-09 2.8299E-09 2.8722E-09 2.9043E-09 2.9328E-09 2.9762E-09 3.0036E-09 3.0424E-09 3.0684E-09 3.0934E-09 3.1174E-09 3.1404E-09 3.1622E-09 3.1830E-09 3.2026E-09 3.2211E-09 3.2384E-09 3.2545E-09 3.2694E-09 3.2830E-09 3.2953E-09 3.3064E-09 3.3162E-09 3.3248E-09 3.3321E-09 3.3381E-09 3.3428E-09 3.3462E-09 3.3484E-09 3.3494E-09 3.3492E-09 3.3477E-09 3.3451E-09 3.3412E-09 3.3363E-09 3.3302E-09 3.3231E-09 3.3149E-09 3.3057E-09
2.2032E-09 2.2395E-09 2.2753E-09 2.3116E-09 2.3480E-09 2.3848E-09 2.4210E-09 2.4595E-09 2.4961E-09 2.5329E-09 2.5819E-09 2.6209E-09 2.6579E-09 2.6915E-09 2.7407E-09 2.7742E-09 2.8128E-09 2.8454E-09 2.8936E-09 2.9256E-09 2.9727E-09 3.0038E-09 3.0466E-09 3.0766E-09 3.1056E-09 3.1337E-09 3.1608E-09 3.1869E-09 3.2119E-09 3.2358E-09 3.2586E-09 3.2802E-09 3.3006E-09 3.3198E-09 3.3377E-09 3.3543E-09 3.3696E-09 3.3836E-09 3.3962E-09 3.4075E-09 3.4175E-09 3.4261E-09 3.4333E-09 3.4392E-09 3.4437E-09 3.4469E-09 3.4488E-09 3.4493E-09 3.4486E-09 3.4466E-09 3.4433E-09 3.4388E-09 3.4331E-09 3.4262E-09 3.4182E-09 3.4090E-09 3.3989E-09
2.2567E-09 2.2943E-09 2.3322E-09 2.3726E-09 2.4083E-09 2.4485E-09 2.4868E-09 2.5278E-09 2.5634E-09 2.6174E-09 2.6565E-09 2.6950E-09 2.7439E-09 2.7854E-09 2.8211E-09 2.8721E-09 2.9074E-09 2.9578E-09 2.9926E-09 3.0392E-09 3.0730E-09 3.1061E-09 3.1383E-09 3.1696E-09 3.2000E-09 3.2294E-09 3.2577E-09 3.2849E-09 3.3110E-09 3.3360E-09 3.3597E-09 3.3822E-09 3.4034E-09 3.4232E-09 3.4418E-09 3.4589E-09 3.4747E-09 3.4891E-09 3.5021E-09 3.5136E-09 3.5237E-09 3.5323E-09 3.5395E-09 3.5453E-09 3.5496E-09 3.5525E-09 3.5540E-09 3.5541E-09 3.5528E-09 3.5502E-09 3.5462E-09 3.5409E-09 3.5344E-09 3.5266E-09 3.5176E-09 3.5075E-09 3.4962E-09
2.3127E-09 2.3523E-09 2.3916E-09 2.4334E-09 2.4734E-09 2.5161E-09 2.5535E-09 2.6093E-09 2.6504E-09 2.6911E-09 2.7423E-09 2.7862E-09 2.8243E-09 2.8781E-09 2.9162E-09 2.9696E-09 3.0073E-09 3.0572E-09 3.0942E-09 3.1304E-09 3.1659E-09 3.2005E-09 3.2343E-09 3.2670E-09 3.2988E-09 3.3295E-09 3.3592E-09 3.3876E-09 3.4149E-09 3.4409E-09 3.4656E-09 3.4890E-09 3.5111E-09 3.5317E-09 3.5510E-09 3.5687E-09 3.5850E-09 3.5998E-09 3.6131E-09 3.6248E-09 3.6351E-09 3.6438E-09 3.6509E-09 3.6565E-09 3.6606E-09 3.6632E-09 3.6643E-09 3.6639E-09 3.6620E-09 3.6587E-09 3.6540E-09 3.6479E-09 3.6405E-09 3.6318E-09 3.6218E-09 3.6105E-09 3.5981E-09
2.3710E-09 2.4142E-09 2.4530E-09 2.5000E-09 2.5393E-09 2.5966E-09 2.6397E-09 2.6824E-09 2.7357E-09 2.7819E-09 2.8225E-09 2.8788E-09 2.9224E-09 2.9760E-09 3.0290E-09 3.0697E-09 3.1098E-09 3.1492E-09 3.1880E-09 3.2260E-09 3.2631E-09 3.2994E-09 3.3347E-09 3.3691E-09 3.4024E-09 3.4345E-09 3.4655E-09 3.4953E-09 3.5238E-09 3.5509E-09 3.5768E-09 3.6011E-09 3.6241E-09 3.6455E-09 3.6655E-09 3.6839E-09 3.7007E-09 3.7159E-09 3.7296E-09 3.7416E-09 3.7519E-09 3.7607E-09 3.7678E-09 3.7732E-09 3.7771E-09 3.7793E-09 3.7799E-09 3.7790E-09 3.7765E-09 3.7725E-09 3.7670E-09 3.7600E-09 3.7516E-09 3.7419E-09 3.7307E-09 3.7183E-09 3.7046E-09
2.4313E-09 2.4744E-09 2.5205E-09 2.5638E-09 2.6211E-09 2.6688E-09 2.7240E-09 2.7724E-09 2.8152E-09 2.8740E-09 2.9201E-09 2.9764E-09 3.0325E-09 3.0761E-09 3.1193E-09 3.1620E-09 3.2040E-09 3.2454E-09 3.2860E-09 3.3259E-09 3.3649E-09 3.4029E-09 3.4400E-09 3.4760E-09 3.5108E-09 3.5445E-09 3.5770E-09 3.6081E-09 3.6379E-09 3.6663E-09 3.6933E-09 3.7187E-09 3.7426E-09 3.7649E-09 3.7856E-09 3.8047E-09 3.8221E-09 3.8378E-09 3.8518E-09 3.8640E-09 3.8745E-09 3.8833E-09 3.8903E-09 3.8956E-09 3.8992E-09 3.9011E-09 3.9012E-09 3.8997E-09 3.8965E-09 3.8918E-09 3.8854E-09 3.8775E-09 3.8680E-09 3.8571E-09 3.8448E-09 3.8311E-09 3.8161E-09
2.4974E-09 2.5422E-09 2.6008E-09 2.6476E-09 2.6943E-09 2.7545E-09 2.8025E-09 2.8634E-09 2.9120E-09 2.9709E-09 3.0298E-09 3.0763E-09 3.1225E-09 3.1683E-09 3.2136E-09 3.2584E-09 3.3025E-09 3.3459E-09 3.3886E-09 3.4304E-09 3.4713E-09 3.5112E-09 3.5501E-09 3.5879E-09 3.6244E-09 3.6597E-09 3.6937E-09 3.7264E-09 3.7575E-09 3.7872E-09 3.8154E-09 3.8420E-09 3.8669E-09 3.8901E-09 3.9116E-09 3.9314E-09 3.9494E-09 3.9656E-09 3.9799E-09 3.9924E-09 4.0031E-09 4.0119E-09 4.0189E-09 4.0240E-09 4.0273E-09 4.0287E-09 4.0284E-09 4.0262E-09 4.0223E-09 4.0167E-09 4.0094E-09 4.0005E-09 3.9899E-09 3.9779E-09 3.9643E-09 3.9492E-09 3.9328E-09
2.5630E-09 2.6241E-09 2.6725E-09 2.7343E-09 2.7843E-09 2.8344E-09 2.8981E-09 2.9593E-09 3.0207E-09 3.0701E-09 3.1192E-09 3.1680E-09 3.2165E-09 3.2646E-09 3.3121E-09 3.3591E-09 3.4054E-09 3.4510E-09 3.4958E-09 3.5397E-09 3.5827E-09 3.6246E-09 3.6654E-09 3.7050E-09 3.7434E-09 3.7804E-09 3.8161E-09 3.8503E-09 3.8829E-09 3.9140E-09 3.9435E-09 3.9712E-09 3.9972E-09 4.0214E-09 4.0438E-09 4.0643E-09 4.0829E-09 4.0996E-09 4.1144E-09 4.1272E-09 4.1380E-09 4.1468E-09 4.1537E-09 4.1586E-09 4.1616E-09 4.1626E-09 4.1617E-09 4.1589E-09 4.1542E-09 4.1477E-09 4.1394E-09 4.1294E-09 4.1176E-09 4.1043E-09 4.0893E-09 4.0728E-09 4.0548E-09
2.6458E-09 2.6961E-09 2.7607E-09 2.8098E-09 2.8753E-09 2.9415E-09 3.0052E-09 3.0572E-09 3.1091E-09 3.1609E-09 3.2124E-09 3.2637E-09 3.3146E-09 3.3650E-09 3.4150E-09 3.4643E-09 3.5130E-09 3.5609E-09 3.6079E-09 3.6540E-09 3.6992E-09 3.7432E-09 3.7861E-09 3.8277E-09 3.8679E-09 3.9068E-09 3.9442E-09 3.9801E-09 4.0143E-09 4.0468E-09 4.0776E-09 4.1066E-09 4.1338E-09 4.1590E-09 4.1823E-09 4.2036E-09 4.2229E-09 4.2402E-09 4.2553E-09 4.2684E-09 4.2794E-09 4.2883E-09 4.2951E-09 4.2998E-09 4.3024E-09 4.3029E-09 4.3014E-09 4.2979E-09 4.2924E-09 4.2849E-09 4.2756E-09 4.2644E-09 4.2514E-09 4.2366E-09 4.2202E-09 4.2021E-09 4.1825E-09
2.7287E-09 2.7826E-09 2.8368E-09 2.9049E-09 2.9710E-09 3.0377E-09 3.0922E-09 3.1467E-09 3.2012E-09 3.2555E-09 3.3096E-09 3.3634E-09 3.4169E-09 3.4699E-09 3.5223E-09 3.5742E-09 3.6253E-09 3.6757E-09 3.7251E-09 3.7736E-09 3.8210E-09 3.8673E-09 3.9123E-09 3.9560E-09 3.9983E-09 4.0391E-09 4.0784E-09 4.1160E-09 4.1519E-09 4.1860E-09 4.2182E-09 4.2486E-09 4.2769E-09 4.3033E-09 4.3275E-09 4.3497E-09 4.3697E-09 4.3875E-09 4.4031E-09 4.4165E-09 4.4277E-09 4.4366E-09 4.4433E-09 4.4477E-09 4.4500E-09 4.4500E-09 4.4479E-09 4.4436E-09 4.4372E-09 4.4287E-09 4.4182E-09 4.4057E-09 4.3914E-09 4.3752E-09 4.3572E-09 4.3374E-09 4.3161E-09
2.8028E-09 2.8723E-09 2.9429E-09 3.0115E-09 3.0684E-09 3.1255E-09 3.1827E-09 3.2399E-09 3.2970E-09 3.3540E-09 3.4109E-09 3.4674E-09 3.5235E-09 3.5792E-09 3.6344E-09 3.6889E-09 3.7426E-09 3.7955E-09 3.8475E-09 3.8985E-09 3.9483E-09 3.9970E-09 4.0443E-09 4.0902E-09 4.1347E-09 4.1776E-09 4.2188E-09 4.2583E-09 4.2959E-09 4.3317E-09 4.3655E-09 4.3972E-09 4.4269E-09 4.4544E-09 4.4797E-09 4.5028E-09 4.5235E-09 4.5420E-09 4.5580E-09 4.5718E-09 4.5831E-09 4.5921E-09 4.5986E-09 4.6028E-09 4.6047E-09 4.6041E-09 4.6013E-09 4.5962E-09 4.5888E-09 4.5793E-09 4.5676E-09 4.5538E-09 4.5380E-09 4.5202E-09 4.5005E-09 4.4790E-09 4.4558E-09
2.8962E-09 2.9666E-09 3.0379E-09 3.0973E-09 3.1570E-09 3.2168E-09 3.2768E-09 3.3368E-09 3.3968E-09 3.4567E-09 3.5164E-09 3.5758E-09 3.6348E-09 3.6933E-09 3.7512E-09 3.8085E-09 3.8650E-09 3.9207E-09 3.9754E-09 4.0290E-09 4.0814E-09 4.1325E-09 4.1823E-09 4.2306E-09 4.2774E-09 4.3224E-09 4.3657E-09 4.4072E-09 4.4467E-09 4.4842E-09 4.5197E-09 4.5529E-09 4.5839E-09 4.6127E-09 4.6391E-09 4.6631E-09 4.6846E-09 4.7037E-09 4.7315E-09 4.7458E-09 4.7575E-09 4.7666E-09 4.7731E-09 4.7771E-09 4.7785E-09 4.7774E-09 4.7738E-09 4.7678E-09 4.7593E-09 4.7484E-09 4.7353E-09 4.7199E-09 4.6914E-09 4.6720E-09 4.6505E-09 4.6271E-09 4.6019E-09
3.0008E-09 3.0623E-09 3.1242E-09 3.1864E-09 3.2490E-09 3.3118E-09 3.3747E-09 3.4377E-09 3.5007E-09 3.5636E-09 3.6262E-09 3.6886E-09 3.7507E-09 3.8122E-09 3.8731E-09 3.9334E-09 3.9928E-09 4.0513E-09 4.1088E-09 4.1652E-09 4.2204E-09 4.2742E-09 4.3266E-09 4.3774E-09 4.4265E-09 4.4739E-09 4.5194E-09 4.5630E-09 4.6045E-09 4.6439E-09 4.6810E-09 4.7159E-09 4.7596E-09 4.7900E-09 4.8179E-09 4.8433E-09 4.8660E-09 4.9085E-09 4.9263E-09 4.9412E-09 4.9534E-09 4.9627E-09 4.9693E-09 4.9730E-09 4.9740E-09 4.9723E-09 4.9678E-09 4.9606E-09 4.9508E-09 4.9384E-09 4.9122E-09 4.8951E-09 4.8756E-09 4.8432E-09 4.8195E-09 4.7938E-09 4.7661E-09
3.0845E-09 3.1488E-09 3.2137E-09 3.2789E-09 3.3445E-09 3.4104E-09 3.4764E-09 3.5425E-09 3.6087E-09 3.6747E-09 3.7406E-09 3.8062E-09 3.8714E-09 3.9360E-09 4.0001E-09 4.0635E-09 4.1260E-09 4.1876E-09 4.2481E-09 4.3075E-09 4.3655E-09 4.4221E-09 4.4772E-09 4.5307E-09 4.5824E-09 4.6322E-09 4.6801E-09 4.7259E-09 4.7807E-09 4.8226E-09 4.8620E-09 4.9216E-09 4.9568E-09 4.9893E-09 5.0192E-09 5.0679E-09 5.1156E-09 5.1376E-09 5.1566E-09 5.1726E-09 5.1854E-09 5.1951E-09 5.2017E-09 5.2052E-09 5.2056E-09 5.2029E-09 5.1972E-09 5.1885E-09 5.1542E-09 5.1401E-09 5.1233E-09 5.1038E-09 5.0710E-09 5.0468E-09 5.0096E-09 4.9811E-09 4.9392E-09
