Assets/Resources/2015_m01_d14_0200(utc+0800)_l00_csi_1hr_conc.grd
DSAA
         159         159
     -79.000      79.000
     -79.000      79.000
  0.0000E+00  0.1244E-04
[rows 25 to 49 of 159, columns 0 to 56 of 159]
3.1192E-09 3.1968E-09 3.2644E-09 3.3271E-09 3.3773E-09 3.4179E-09 3.4520E-09 3.4739E-09 3.4894E-09 3.4950E-09 3.4939E-09 3.4852E-09 3.4700E-09 3.4489E-09 3.4226E-09 3.3911E-09 3.3556E-09 3.3160E-09 3.2737E-09 3.2290E-09 3.1837E-09 3.1343E-09 3.0846E-09 3.0328E-09 2.9802E-09 2.9282E-09 2.8764E-09 2.8229E-09 2.7704E-09 2.7187E-09 2.6683E-09 2.6186E-09 2.5706E-09 2.5226E-09 2.4771E-09 2.4298E-09 2.3816E-09 2.3334E-09 2.2909E-09 2.2450E-09 2.1959E-09 2.1458E-09 2.0946E-09 2.0471E-09 1.9934E-09 1.9374E-09 1.8813E-09 1.8213E-09 1.7601E-09 1.6979E-09 1.6361E-09 1.5724E-09 1.5088E-09 1.4454E-09 1.3825E-09 1.3187E-09 1.2555E-09
3.2827E-09 3.3616E-09 3.4311E-09 3.4965E-09 3.5479E-09 3.5914E-09 3.6225E-09 3.6439E-09 3.6590E-09 3.6644E-09 3.6615E-09 3.6510E-09 3.6341E-09 3.6107E-09 3.5816E-09 3.5481E-09 3.5094E-09 3.4681E-09 3.4233E-09 3.3777E-09 3.3284E-09 3.2795E-09 3.2270E-09 3.1748E-09 3.1213E-09 3.0672E-09 3.0130E-09 2.9596E-09 2.9061E-09 2.8546E-09 2.8036E-09 2.7538E-09 2.7059E-09 2.6573E-09 2.6081E-09 2.5637E-09 2.5186E-09 2.4710E-09 2.4225E-09 2.3736E-09 2.3314E-09 2.2820E-09 2.2302E-09 2.1769E-09 2.1217E-09 2.0674E-09 2.0080E-09 1.9481E-09 1.8847E-09 1.8199E-09 1.7544E-09 1.6887E-09 1.6219E-09 1.5547E-09 1.4874E-09 1.4199E-09 1.3524E-09
3.4470E-09 3.5286E-09 3.6058E-09 3.6690E-09 3.7215E-09 3.7651E-09 3.7963E-09 3.8198E-09 3.8330E-09 3.8372E-09 3.8327E-09 3.8208E-09 3.8015E-09 3.7757E-09 3.7446E-09 3.7082E-09 3.6675E-09 3.6231E-09 3.5779E-09 3.5291E-09 3.4792E-09 3.4269E-09 3.3730E-09 3.3190E-09 3.2631E-09 3.2084E-09 3.1525E-09 3.0993E-09 3.0454E-09 2.9921E-09 2.9409E-09 2.8903E-09 2.8405E-09 2.7935E-09 2.7465E-09 2.6981E-09 2.6493E-09 2.6048E-09 2.5591E-09 2.5099E-09 2.4595E-09 2.4087E-09 2.3609E-09 2.3064E-09 2.2497E-09 2.1905E-09 2.1288E-09 2.0647E-09 1.9985E-09 1.9330E-09 1.8641E-09 1.7945E-09 1.7247E-09 1.6546E-09 1.5832E-09 1.5118E-09 1.4405E-09
3.6128E-09 3.7029E-09 3.7787E-09 3.8435E-09 3.8989E-09 3.9413E-09 3.9728E-09 3.9973E-09 4.0099E-09 4.0130E-09 4.0071E-09 3.9932E-09 3.9719E-09 3.9441E-09 3.9108E-09 3.8715E-09 3.8286E-09 3.7820E-09 3.7358E-09 3.6858E-09 3.6332E-09 3.5804E-09 3.5260E-09 3.4704E-09 3.4144E-09 3.3587E-09 3.3050E-09 3.2494E-09 3.1955E-09 3.1428E-09 3.0916E-09 3.0423E-09 2.9936E-09 2.9451E-09 2.8977E-09 2.8523E-09 2.8064E-09 2.7586E-09 2.7105E-09 2.6659E-09 2.6164E-09 2.5649E-09 2.5116E-09 2.4571E-09 2.4019E-09 2.3415E-09 2.2783E-09 2.2122E-09 2.1438E-09 2.0737E-09 2.0029E-09 1.9331E-09 1.8597E-09 1.7855E-09 1.7114E-09 1.6366E-09 1.5608E-09
3.7850E-09 3.8747E-09 3.9528E-09 4.0212E-09 4.0762E-09 4.1195E-09 4.1545E-09 4.1772E-09 4.1892E-09 4.1911E-09 4.1838E-09 4.1683E-09 4.1452E-09 4.1157E-09 4.0789E-09 4.0381E-09 3.9931E-09 3.9446E-09 3.8981E-09 3.8451E-09 3.7923E-09 3.7370E-09 3.6813E-09 3.6239E-09 3.5694E-09 3.5126E-09 3.4573E-09 3.4019E-09 3.3488E-09 3.2962E-09 3.2447E-09 3.1950E-09 3.1466E-09 3.0995E-09 3.0526E-09 3.0054E-09 2.9595E-09 2.9144E-09 2.8659E-09 2.8164E-09 2.7673E-09 2.7170E-09 2.6630E-09 2.6066E-09 2.5476E-09 2.4852E-09 2.4197E-09 2.3547E-09 2.2836E-09 2.2105E-09 2.1354E-09 2.0589E-09 1.9816E-09 1.9033E-09 1.8245E-09 1.7450E-09 1.6664E-09
3.9536E-09 4.0466E-09 4.1291E-09 4.1979E-09 4.2545E-09 4.3020E-09 4.3361E-09 4.3587E-09 4.3700E-09 4.3710E-09 4.3627E-09 4.3456E-09 4.3210E-09 4.2880E-09 4.2502E-09 4.2075E-09 4.1604E-09 4.1104E-09 4.0621E-09 4.0095E-09 3.9541E-09 3.8979E-09 3.8407E-09 3.7854E-09 3.7280E-09 3.6716E-09 3.6164E-09 3.5624E-09 3.5086E-09 3.4556E-09 3.4058E-09 3.3566E-09 3.3084E-09 3.2615E-09 3.2158E-09 3.1705E-09 3.1235E-09 3.0754E-09 3.0297E-09 2.9805E-09 2.9299E-09 2.8774E-09 2.8226E-09 2.7652E-09 2.7070E-09 2.6446E-09 2.5772E-09 2.5062E-09 2.4321E-09 2.3584E-09 2.2808E-09 2.2005E-09 2.1189E-09 2.0360E-09 1.9523E-09 1.8679E-09 1.7833E-09
4.1215E-09 4.2195E-09 4.3033E-09 4.3746E-09 4.4362E-09 4.4835E-09 4.5183E-09 4.5407E-09 4.5516E-09 4.5522E-09 4.5429E-09 4.5245E-09 4.4968E-09 4.4631E-09 4.4236E-09 4.3791E-09 4.3307E-09 4.2775E-09 4.2309E-09 4.1760E-09 4.1194E-09 4.0628E-09 4.0065E-09 3.9491E-09 3.8918E-09 3.8376E-09 3.7823E-09 3.7277E-09 3.6749E-09 3.6240E-09 3.5742E-09 3.5253E-09 3.4797E-09 3.4340E-09 3.3883E-09 3.3415E-09 3.2974E-09 3.2502E-09 3.2021E-09 3.1529E-09 3.1022E-09 3.0495E-09 2.9973E-09 2.9401E-09 2.8789E-09 2.8138E-09 2.7481E-09 2.6750E-09 2.5981E-09 2.5184E-09 2.4359E-09 2.3512E-09 2.2650E-09 2.1773E-09 2.0887E-09 2.0053E-09 1.9155E-09
4.2889E-09 4.3890E-09 4.4763E-09 4.5510E-09 4.6157E-09 4.6646E-09 4.7001E-09 4.7224E-09 4.7338E-09 4.7340E-09 4.7237E-09 4.7027E-09 4.6744E-09 4.6395E-09 4.5985E-09 4.5526E-09 4.5012E-09 4.4477E-09 4.4015E-09 4.3452E-09 4.2890E-09 4.2320E-09 4.1748E-09 4.1176E-09 4.0637E-09 4.0077E-09 3.9525E-09 3.9010E-09 3.8489E-09 3.7983E-09 3.7502E-09 3.7044E-09 3.6594E-09 3.6133E-09 3.5698E-09 3.5251E-09 3.4794E-09 3.4330E-09 3.3857E-09 3.3370E-09 3.2892E-09 3.2382E-09 3.1832E-09 3.1276E-09 3.0670E-09 3.0006E-09 2.9296E-09 2.8542E-09 2.7788E-09 2.6958E-09 2.6126E-09 2.5253E-09 2.4349E-09 2.3425E-09 2.2486E-09 2.1535E-09 2.0576E-09
4.4517E-09 4.5562E-09 4.6474E-09 4.7286E-09 4.7937E-09 4.8441E-09 4.8801E-09 4.9038E-09 4.9155E-09 4.9153E-09 4.9029E-09 4.8816E-09 4.8528E-09 4.8166E-09 4.7744E-09 4.7257E-09 4.6741E-09 4.6197E-09 4.5738E-09 4.5180E-09 4.4610E-09 4.4041E-09 4.3473E-09 4.2928E-09 4.2373E-09 4.1826E-09 4.1316E-09 4.0792E-09 4.0280E-09 3.9817E-09 3.9351E-09 3.8904E-09 3.8462E-09 3.8038E-09 3.7600E-09 3.7163E-09 3.6721E-09 3.6272E-09 3.5825E-09 3.5375E-09 3.4884E-09 3.4402E-09 3.3865E-09 3.3283E-09 3.2671E-09 3.2030E-09 3.1308E-09 3.0563E-09 2.9758E-09 2.8898E-09 2.8003E-09 2.7075E-09 2.6125E-09 2.5171E-09 2.4201E-09 2.3193E-09 2.2174E-09
4.6105E-09 4.7198E-09 4.8183E-09 4.9009E-09 4.9687E-09 5.0203E-09 5.0586E-09 5.0832E-09 5.0953E-09 5.0939E-09 5.0815E-09 5.0604E-09 5.0307E-09 4.9936E-09 4.9489E-09 4.9001E-09 4.8480E-09 4.7930E-09 4.7484E-09 4.6923E-09 4.6357E-09 4.5794E-09 4.5248E-09 4.4698E-09 4.4158E-09 4.3650E-09 4.3132E-09 4.2631E-09 4.2173E-09 4.1710E-09 4.1263E-09 4.0845E-09 4.0426E-09 4.0009E-09 3.9595E-09 3.9180E-09 3.8761E-09 3.8363E-09 3.7930E-09 3.7502E-09 3.7041E-09 3.6540E-09 3.6041E-09 3.5473E-09 3.4854E-09 3.4217E-09 3.3487E-09 3.2700E-09 3.1856E-09 3.1011E-09 3.0084E-09 2.9117E-09 2.8123E-09 2.7098E-09 2.6047E-09 2.4977E-09 2.3892E-09
4.7640E-09 4.8814E-09 4.9828E-09 5.0690E-09 5.1389E-09 5.1935E-09 5.2338E-09 5.2597E-09 5.2715E-09 5.2702E-09 5.2589E-09 5.2375E-09 5.2072E-09 5.1681E-09 5.1234E-09 5.0746E-09 5.0222E-09 4.9673E-09 4.9238E-09 4.8681E-09 4.8126E-09 4.7583E-09 4.7038E-09 4.6506E-09 4.6001E-09 4.5497E-09 4.5006E-09 4.4555E-09 4.4102E-09 4.3669E-09 4.3265E-09 4.2857E-09 4.2461E-09 4.2074E-09 4.1690E-09 4.1315E-09 4.0952E-09 4.0567E-09 4.0183E-09 3.9754E-09 3.9340E-09 3.8865E-09 3.8350E-09 3.7822E-09 3.7208E-09 3.6535E-09 3.5834E-09 3.5044E-09 3.4185E-09 3.3269E-09 3.2309E-09 3.1303E-09 3.0310E-09 2.9235E-09 2.8142E-09 2.7010E-09 2.5859E-09
4.9113E-09 5.0353E-09 5.1417E-09 5.2309E-09 5.3042E-09 5.3624E-09 5.4049E-09 5.4313E-09 5.4436E-09 5.4440E-09 5.4331E-09 5.4119E-09 5.3803E-09 5.3412E-09 5.2971E-09 5.2484E-09 5.1960E-09 5.1411E-09 5.0998E-09 5.0452E-09 4.9916E-09 4.9379E-09 4.8856E-09 4.8357E-09 4.7864E-09 4.7391E-09 4.6947E-09 4.6512E-09 4.6096E-09 4.5705E-09 4.5314E-09 4.4942E-09 4.4584E-09 4.4234E-09 4.3905E-09 4.3578E-09 4.3256E-09 4.2907E-09 4.2558E-09 4.2179E-09 4.1757E-09 4.1330E-09 4.0847E-09 4.0306E-09 3.9742E-09 3.9078E-09 3.8342E-09 3.7540E-09 3.6710E-09 3.5774E-09 3.4801E-09 3.3783E-09 3.2700E-09 3.1574E-09 3.0407E-09 2.9209E-09 2.7987E-09
5.0536E-09 5.1816E-09 5.2928E-09 5.3857E-09 5.4635E-09 5.5253E-09 5.5696E-09 5.5971E-09 5.6115E-09 5.6135E-09 5.6035E-09 5.5817E-09 5.5502E-09 5.5124E-09 5.4687E-09 5.4203E-09 5.3681E-09 5.3145E-09 5.2757E-09 5.2232E-09 5.1706E-09 5.1192E-09 5.0701E-09 5.0222E-09 4.9762E-09 4.9335E-09 4.8918E-09 4.8524E-09 4.8150E-09 4.7782E-09 4.7435E-09 4.7106E-09 4.6792E-09 4.6510E-09 4.6232E-09 4.5966E-09 4.5675E-09 4.5392E-09 4.5060E-09 4.4716E-09 4.4358E-09 4.3942E-09 4.3517E-09 4.2998E-09 4.2415E-09 4.1810E-09 4.1085E-09 4.0284E-09 3.9439E-09 3.8490E-09 3.7480E-09 3.6406E-09 3.5277E-09 3.4118E-09 3.2906E-09 3.1656E-09 3.0361E-09
5.1848E-09 5.3187E-09 5.4344E-09 5.5327E-09 5.6151E-09 5.6803E-09 5.7264E-09 5.7567E-09 5.7740E-09 5.7777E-09 5.7681E-09 5.7465E-09 5.7165E-09 5.6798E-09 5.6371E-09 5.5891E-09 5.5388E-09 5.4864E-09 5.4511E-09 5.4001E-09 5.3500E-09 5.3019E-09 5.2552E-09 5.2108E-09 5.1696E-09 5.1302E-09 5.0930E-09 5.0579E-09 5.0237E-09 4.9918E-09 4.9621E-09 4.9344E-09 4.9108E-09 4.8885E-09 4.8669E-09 4.8455E-09 4.8225E-09 4.7963E-09 4.7706E-09 4.7413E-09 4.7103E-09 4.6741E-09 4.6326E-09 4.5880E-09 4.5327E-09 4.4706E-09 4.4026E-09 4.3231E-09 4.2351E-09 4.1412E-09 4.0397E-09 3.9322E-09 3.8172E-09 3.6950E-09 3.5666E-09 3.4335E-09 3.2964E-09
5.3055E-09 5.4450E-09 5.5661E-09 5.6707E-09 5.7576E-09 5.8257E-09 5.8749E-09 5.9091E-09 5.9290E-09 5.9346E-09 5.9257E-09 5.9060E-09 5.8782E-09 5.8430E-09 5.8008E-09 5.7551E-09 5.7065E-09 5.6561E-09 5.6242E-09 5.5759E-09 5.5291E-09 5.4840E-09 5.4411E-09 5.4014E-09 5.3641E-09 5.3297E-09 5.2972E-09 5.2657E-09 5.2370E-09 5.2107E-09 5.1869E-09 5.1676E-09 5.1509E-09 5.1352E-09 5.1212E-09 5.1043E-09 5.0861E-09 5.0694E-09 5.0487E-09 5.0272E-09 4.9994E-09 4.9715E-09 4.9342E-09 4.8904E-09 4.8421E-09 4.7827E-09 4.7151E-09 4.6406E-09 4.5534E-09 4.4609E-09 4.3571E-09 4.2448E-09 4.1265E-09 4.0025E-09 3.8685E-09 3.7312E-09 3.5874E-09
5.4134E-09 5.5589E-09 5.6868E-09 5.7974E-09 5.8889E-09 5.9606E-09 6.0142E-09 6.0525E-09 6.0753E-09 6.0825E-09 6.0759E-09 6.0594E-09 6.0339E-09 5.9996E-09 5.9596E-09 5.9163E-09 5.8700E-09 5.8217E-09 5.7947E-09 5.7498E-09 5.7064E-09 5.6654E-09 5.6272E-09 5.5920E-09 5.5600E-09 5.5306E-09 5.5022E-09 5.4766E-09 5.4541E-09 5.4342E-09 5.4193E-09 5.4080E-09 5.3988E-09 5.3918E-09 5.3819E-09 5.3723E-09 5.3644E-09 5.3540E-09 5.3412E-09 5.3263E-09 5.3069E-09 5.2810E-09 5.2515E-09 5.2144E-09 5.1688E-09 5.1168E-09 5.0521E-09 4.9804E-09 4.8995E-09 4.8046E-09 4.7037E-09 4.5909E-09 4.4696E-09 4.3418E-09 4.2028E-09 4.0565E-09 3.9039E-09
5.5069E-09 5.6598E-09 5.7950E-09 5.9114E-09 6.0073E-09 6.0841E-09 6.1431E-09 6.1859E-09 6.2112E-09 6.2209E-09 6.2180E-09 6.2049E-09 6.1817E-09 6.1495E-09 6.1129E-09 6.0721E-09 6.0280E-09 5.9831E-09 5.9612E-09 5.9198E-09 5.8810E-09 5.8448E-09 5.8116E-09 5.7822E-09 5.7560E-09 5.7308E-09 5.7086E-09 5.6898E-09 5.6742E-09 5.6634E-09 5.6577E-09 5.6546E-09 5.6542E-09 5.6521E-09 5.6513E-09 5.6524E-09 5.6528E-09 5.6507E-09 5.6483E-09 5.6389E-09 5.6258E-09 5.6104E-09 5.5862E-09 5.5579E-09 5.5178E-09 5.4715E-09 5.4172E-09 5.3467E-09 5.2687E-09 5.1751E-09 5.0729E-09 4.9608E-09 4.8391E-09 4.7043E-09 4.5645E-09 4.4120E-09 4.2548E-09
5.5856E-09 5.7463E-09 5.8890E-09 6.0110E-09 6.1123E-09 6.1951E-09 6.2599E-09 6.3070E-09 6.3353E-09 6.3492E-09 6.3510E-09 6.3412E-09 6.3200E-09 6.2921E-09 6.2591E-09 6.2209E-09 6.1807E-09 6.1396E-09 6.1229E-09 6.0864E-09 6.0526E-09 6.0212E-09 5.9940E-09 5.9709E-09 5.9493E-09 5.9307E-09 5.9157E-09 5.9042E-09 5.8977E-09 5.8972E-09 5.9004E-09 5.9066E-09 5.9121E-09 5.9198E-09 5.9306E-09 5.9417E-09 5.9514E-09 5.9601E-09 5.9634E-09 5.9643E-09 5.9621E-09 5.9543E-09 5.9403E-09 5.9180E-09 5.8922E-09 5.8504E-09 5.8006E-09 5.7359E-09 5.6587E-09 5.5762E-09 5.4742E-09 5.3623E-09 5.2389E-09 5.1017E-09 4.9586E-09 4.8008E-09 4.6340E-09
5.6485E-09 5.8173E-09 5.9669E-09 6.0950E-09 6.2026E-09 6.2924E-09 6.3632E-09 6.4143E-09 6.4469E-09 6.4664E-09 6.4731E-09 6.4664E-09 6.4491E-09 6.4259E-09 6.3962E-09 6.3618E-09 6.3263E-09 6.2890E-09 6.2791E-09 6.2483E-09 6.2194E-09 6.1945E-09 6.1739E-09 6.1560E-09 6.1407E-09 6.1295E-09 6.1222E-09 6.1195E-09 6.1243E-09 6.1334E-09 6.1463E-09 6.1592E-09 6.1750E-09 6.1954E-09 6.2171E-09 6.2389E-09 6.2594E-09 6.2759E-09 6.2913E-09 6.3037E-09 6.3128E-09 6.3140E-09 6.3130E-09 6.3024E-09 6.2811E-09 6.2497E-09 6.2042E-09 6.1531E-09 6.0821E-09 5.9983E-09 5.9015E-09 5.7886E-09 5.6665E-09 5.5328E-09 5.3816E-09 5.2232E-09 5.0514E-09
5.6946E-09 5.8711E-09 6.0277E-09 6.1626E-09 6.2772E-09 6.3744E-09 6.4512E-09 6.5070E-09 6.5454E-09 6.5711E-09 6.5824E-09 6.5796E-09 6.5682E-09 6.5495E-09 6.5234E-09 6.4944E-09 6.4633E-09 6.4304E-09 6.4287E-09 6.4033E-09 6.3806E-09 6.3631E-09 6.3488E-09 6.3367E-09 6.3291E-09 6.3258E-09 6.3271E-09 6.3356E-09 6.3507E-09 6.3704E-09 6.3912E-09 6.4144E-09 6.4435E-09 6.4759E-09 6.5095E-09 6.5423E-09 6.5722E-09 6.6024E-09 6.6308E-09 6.6563E-09 6.6758E-09 6.6926E-09 6.7005E-09 6.7010E-09 6.6892E-09 6.6699E-09 6.6380E-09 6.5889E-09 6.5276E-09 6.4473E-09 6.3574E-09 6.2530E-09 6.1288E-09 5.9947E-09 5.8417E-09 5.6754E-09 5.4965E-09
5.7229E-09 5.9066E-09 6.0701E-09 6.2125E-09 6.3355E-09 6.4397E-09 6.5222E-09 6.5843E-09 6.6298E-09 6.6618E-09 6.6777E-09 6.6806E-09 6.6754E-09 6.6611E-09 6.6404E-09 6.6174E-09 6.5906E-09 6.5641E-09 6.5704E-09 6.5506E-09 6.5356E-09 6.5251E-09 6.5169E-09 6.5126E-09 6.5132E-09 6.5186E-09 6.5307E-09 6.5509E-09 6.5769E-09 6.6052E-09 6.6359E-09 6.6730E-09 6.7151E-09 6.7601E-09 6.8052E-09 6.8485E-09 6.8933E-09 6.9379E-09 6.9800E-09 7.0187E-09 7.0536E-09 7.0819E-09 7.1041E-09 7.1154E-09 7.1195E-09 7.1101E-09 7.0875E-09 7.0492E-09 6.9958E-09 6.9306E-09 6.8426E-09 6.7423E-09 6.6212E-09 6.4829E-09 6.3393E-09 6.1762E-09 5.9949E-09
5.7324E-09 5.9230E-09 6.0937E-09 6.2443E-09 6.3759E-09 6.4870E-09 6.5762E-09 6.6456E-09 6.6988E-09 6.7368E-09 6.7583E-09 6.7685E-09 6.7693E-09 6.7600E-09 6.7462E-09 6.7285E-09 6.7075E-09 6.6882E-09 6.7024E-09 6.6901E-09 6.6833E-09 6.6791E-09 6.6782E-09 6.6824E-09 6.6918E-09 6.7071E-09 6.7318E-09 6.7634E-09 6.7990E-09 6.8369E-09 6.8812E-09 6.9324E-09 6.9878E-09 7.0449E-09 7.1012E-09 7.1602E-09 7.2207E-09 7.2800E-09 7.3374E-09 7.3911E-09 7.4406E-09 7.4839E-09 7.5199E-09 7.5474E-09 7.5632E-09 7.5683E-09 7.5568E-09 7.5344E-09 7.4935E-09 7.4336E-09 7.3564E-09 7.2585E-09 7.1480E-09 7.0202E-09 6.8692E-09 6.7011E-09 6.5167E-09
5.7223E-09 5.9194E-09 6.0980E-09 6.2572E-09 6.3972E-09 6.5153E-09 6.6121E-09 6.6896E-09 6.7509E-09 6.7951E-09 6.8237E-09 6.8418E-09 6.8484E-09 6.8459E-09 6.8394E-09 6.8271E-09 6.8137E-09 6.8012E-09 6.8239E-09 6.8205E-09 6.8212E-09 6.8240E-09 6.8317E-09 6.8448E-09 6.8635E-09 6.8905E-09 6.9274E-09 6.9702E-09 7.0150E-09 7.0658E-09 7.1254E-09 7.1904E-09 7.2586E-09 7.3273E-09 7.3995E-09 7.4754E-09 7.5516E-09 7.6272E-09 7.7001E-09 7.7708E-09 7.8363E-09 7.8962E-09 7.9479E-09 7.9905E-09 8.0226E-09 8.0417E-09 8.0483E-09 8.0380E-09 8.0110E-09 7.9620E-09 7.8969E-09 7.8121E-09 7.7068E-09 7.5830E-09 7.4409E-09 7.2760E-09 7.0925E-09
5.6919E-09 5.8957E-09 6.0824E-09 6.2503E-09 6.3985E-09 6.5242E-09 6.6293E-09 6.7156E-09 6.7851E-09 6.8358E-09 6.8733E-09 6.8992E-09 6.9121E-09 6.9179E-09 6.9180E-09 6.9126E-09 6.9077E-09 6.9018E-09 6.9348E-09 6.9403E-09 6.9480E-09 6.9592E-09 6.9759E-09 6.9985E-09 7.0279E-09 7.0680E-09 7.1163E-09 7.1684E-09 7.2250E-09 7.2909E-09 7.3649E-09 7.4440E-09 7.5239E-09 7.6082E-09 7.6984E-09 7.7908E-09 7.8841E-09 7.9757E-09 8.0671E-09 8.1554E-09 8.2393E-09 8.3147E-09 8.3842E-09 8.4446E-09 8.4939E-09 8.5310E-09 8.5541E-09 8.5619E-09 8.5492E-09 8.5171E-09 8.4650E-09 8.3911E-09 8.2996E-09 8.1807E-09 8.0405E-09 7.8827E-09 7.7089E-09
5.6416E-09 5.8519E-09 6.0467E-09 6.2236E-09 6.3795E-09 6.5133E-09 6.6272E-09 6.7229E-09 6.8004E-09 6.8591E-09 6.9061E-09 6.9394E-09 6.9601E-09 6.9747E-09 6.9815E-09 6.9847E-09 6.9879E-09 6.9891E-09 7.0339E-09 7.0475E-09 7.0630E-09 7.0834E-09 7.1097E-09 7.1421E-09 7.1838E-09 7.2366E-09 7.2955E-09 7.3582E-09 7.4289E-09 7.5100E-09 7.5982E-09 7.6894E-09 7.7843E-09 7.8865E-09 7.9939E-09 8.1043E-09 8.2140E-09 8.3255E-09 8.4358E-09 8.5428E-09 8.6428E-09 8.7387E-09 8.8272E-09 8.9070E-09 8.9741E-09 9.0314E-09 9.0752E-09 9.1012E-09 9.1069E-09 9.0933E-09 9.0571E-09 9.0004E-09 8.9195E-09 8.8186E-09 8.6962E-09 8.5510E-09 8.3920E-09
