Assets/Resources/2015_m01_d07_1000(utc+0800)_l00_csi_1hr_conc.grd
DSAA
         159         159
     -79.000      79.000
     -79.000      79.000
  0.0000E+00  0.9166E-06
[rows 75 to 99 of 159, columns 57 to 113 of 159]
6.2963E-10 6.9320E-10 7.5690E-10 8.3992E-10 9.2572E-10 1.0278E-09 1.1454E-09 1.2774E-09 1.4458E-09 1.6196E-09 1.8191E-09 2.0359E-09 2.2840E-09 2.5680E-09 2.8827E-09 3.2399E-09 3.6440E-09 4.1095E-09 4.6456E-09 5.2559E-09 5.9818E-09 6.8810E-09 8.1328E-09 1.0154E-08 1.6069E-08 2.7434E-08 4.2037E-08 5.6187E-08 6.8390E-08 7.8134E-08 8.4720E-08 8.8440E-08 8.9592E-08 8.8594E-08 8.5850E-08 8.1987E-08 7.6968E-08 7.1418E-08 6.5424E-08 5.9530E-08 5.3698E-08 4.8305E-08 4.3211E-08 3.8667E-08 3.4566E-08 3.0920E-08 2.7758E-08 2.4983E-08 2.2603E-08 2.0528E-08 1.8755E-08 1.7203E-08 1.5835E-08 1.4618E-08 1.3531E-08 1.2547E-08 1.1654E-08
5.8971E-10 6.5213E-10 7.1570E-10 7.8721E-10 8.7091E-10 9.6754E-10 1.0745E-09 1.2013E-09 1.3511E-09 1.5262E-09 1.7055E-09 1.9181E-09 2.1514E-09 2.4184E-09 2.7141E-09 3.0496E-09 3.4318E-09 3.8661E-09 4.3713E-09 4.9413E-09 5.6037E-09 6.4379E-09 7.6563E-09 9.6987E-09 1.4853E-08 3.2458E-08 5.3457E-08 6.9719E-08 8.0853E-08 8.9012E-08 9.4813E-08 9.8126E-08 9.8817E-08 9.7340E-08 9.4027E-08 8.9562E-08 8.3815E-08 7.7537E-08 7.0690E-08 6.3941E-08 5.7251E-08 5.1075E-08 4.5239E-08 4.0079E-08 3.5436E-08 3.1338E-08 2.7806E-08 2.4753E-08 2.2171E-08 1.9943E-08 1.8083E-08 1.6498E-08 1.5114E-08 1.3911E-08 1.2844E-08 1.1897E-08 1.1037E-08
5.5410E-10 6.1269E-10 6.7467E-10 7.3674E-10 8.1473E-10 9.0834E-10 1.0067E-09 1.1262E-09 1.2692E-09 1.4348E-09 1.6038E-09 1.8027E-09 2.0209E-09 2.2708E-09 2.5468E-09 2.8613E-09 3.2197E-09 3.6254E-09 4.0941E-09 4.6284E-09 5.2346E-09 5.9742E-09 7.0921E-09 8.9931E-09 1.3004E-08 4.2782E-08 8.6487E-08 9.3940E-08 9.7227E-08 1.0078E-07 1.0361E-07 1.0504E-07 1.0497E-07 1.0336E-07 9.9815E-08 9.5090E-08 8.8973E-08 8.2244E-08 7.4852E-08 6.7537E-08 6.0175E-08 5.3356E-08 4.6892E-08 4.1173E-08 3.6064E-08 3.1559E-08 2.7718E-08 2.4422E-08 2.1659E-08 1.9312E-08 1.7368E-08 1.5749E-08 1.4353E-08 1.3166E-08 1.2120E-08 1.1213E-08 1.0390E-08
5.1999E-10 5.7660E-10 6.3785E-10 6.9626E-10 7.6090E-10 8.4815E-10 9.4360E-10 1.0505E-09 1.1781E-09 1.3363E-09 1.5048E-09 1.6816E-09 1.8933E-09 2.1259E-09 2.3824E-09 2.6765E-09 3.0102E-09 3.3888E-09 3.8176E-09 4.3151E-09 4.8717E-09 5.5258E-09 6.4721E-09 8.0854E-09 1.4898E-08 7.5735E-08 1.3947E-07 1.4096E-07 1.2460E-07 1.1643E-07 1.1320E-07 1.1145E-07 1.0961E-07 1.0690E-07 1.0293E-07 9.8214E-08 9.2026E-08 8.5174E-08 7.7481E-08 6.9804E-08 6.2014E-08 5.4794E-08 4.7883E-08 4.1757E-08 3.6284E-08 3.1437E-08 2.7367E-08 2.3873E-08 2.0998E-08 1.8568E-08 1.6584E-08 1.4949E-08 1.3559E-08 1.2394E-08 1.1375E-08 1.0506E-08 9.7280E-09
4.8320E-10 5.3979E-10 5.9845E-10 6.5672E-10 7.1274E-10 7.8642E-10 8.8266E-10 9.7909E-10 1.0985E-09 1.2396E-09 1.3995E-09 1.5732E-09 1.7695E-09 1.9848E-09 2.2234E-09 2.4955E-09 2.8059E-09 3.1558E-09 3.5500E-09 4.0045E-09 4.5186E-09 5.1003E-09 5.8633E-09 7.4326E-07 3.6955E-07 2.5838E-07 1.7587E-07 1.4448E-07 1.5035E-07 1.3908E-07 1.2778E-07 1.2037E-07 1.1507E-07 1.1035E-07 1.0524E-07 9.9578E-08 9.2916E-08 8.5944E-08 7.8155E-08 7.0371E-08 6.2420E-08 5.5028E-08 4.7915E-08 4.1620E-08 3.5956E-08 3.0910E-08 2.6700E-08 2.3075E-08 2.0146E-08 1.7674E-08 1.5699E-08 1.4084E-08 1.2725E-08 1.1594E-08 1.0621E-08 9.7919E-09 9.0606E-09
4.5276E-10 5.0565E-10 5.6166E-10 6.1693E-10 6.7186E-10 7.3514E-10 8.2123E-10 9.1450E-10 1.0182E-09 1.1450E-09 1.3074E-09 1.4689E-09 1.6416E-09 1.8489E-09 2.0694E-09 2.3209E-09 2.6067E-09 2.9300E-09 3.2924E-09 3.6984E-09 4.1743E-09 4.6944E-09 5.3144E-09 8.7283E-07 9.1663E-07 3.4366E-07 2.1893E-07 1.7335E-07 1.4963E-07 1.5734E-07 1.4853E-07 1.3594E-07 1.2541E-07 1.1675E-07 1.0896E-07 1.0142E-07 9.3530E-08 8.5442E-08 7.7055E-08 6.9147E-08 6.1221E-08 5.3866E-08 4.6795E-08 4.0548E-08 3.4933E-08 2.9880E-08 2.5667E-08 2.2024E-08 1.9116E-08 1.6649E-08 1.4720E-08 1.3156E-08 1.1855E-08 1.0782E-08 9.8653E-09 9.0844E-09 8.4071E-09
4.2219E-10 4.6928E-10 5.2547E-10 5.8078E-10 6.3477E-10 6.9142E-10 7.6214E-10 8.5255E-10 9.4459E-10 1.0604E-09 1.2087E-09 1.3603E-09 1.5275E-09 1.7192E-09 1.9214E-09 2.1528E-09 2.4149E-09 2.7114E-09 3.0441E-09 3.4142E-09 3.8342E-09 4.3164E-09 4.8448E-09 5.5559E-09 1.8268E-07 4.1072E-07 2.9349E-07 2.1858E-07 1.8244E-07 1.5954E-07 1.6272E-07 1.5526E-07 1.4143E-07 1.2820E-07 1.1610E-07 1.0502E-07 9.4548E-08 8.4587E-08 7.5132E-08 6.6574E-08 5.8478E-08 5.1277E-08 4.4421E-08 3.8461E-08 3.3105E-08 2.8261E-08 2.4225E-08 2.0703E-08 1.7904E-08 1.5513E-08 1.3677E-08 1.2186E-08 1.0962E-08 9.9672E-09 9.1163E-09 8.4008E-09 7.7781E-09
3.9662E-10 4.3991E-10 4.8936E-10 5.4375E-10 5.9723E-10 6.4615E-10 7.1041E-10 7.8640E-10 8.8095E-10 9.7722E-10 1.1006E-09 1.2560E-09 1.4108E-09 1.5873E-09 1.7808E-09 1.9916E-09 2.2316E-09 2.5018E-09 2.8056E-09 3.1434E-09 3.5160E-09 3.9503E-09 4.4255E-09 4.9569E-09 5.9636E-09 7.3577E-08 1.8914E-07 2.2046E-07 2.0756E-07 1.8493E-07 1.6646E-07 1.6424E-07 1.5886E-07 1.4383E-07 1.2736E-07 1.1150E-07 9.6922E-08 8.3879E-08 7.2584E-08 6.3061E-08 5.4744E-08 4.7641E-08 4.1099E-08 3.5525E-08 3.0549E-08 2.6084E-08 2.2360E-08 1.9092E-08 1.6511E-08 1.4279E-08 1.2587E-08 1.1207E-08 1.0081E-08 9.1684E-09 8.3912E-09 7.7437E-09 7.1759E-09
3.7058E-10 4.1000E-10 4.5363E-10 5.0767E-10 5.6049E-10 6.0903E-10 6.6266E-10 7.3037E-10 8.1077E-10 9.0536E-10 1.0093E-09 1.1453E-09 1.3094E-09 1.4706E-09 1.6470E-09 1.8393E-09 2.0570E-09 2.3031E-09 2.5784E-09 2.8856E-09 3.2237E-09 3.5949E-09 4.0331E-09 4.4945E-09 5.0370E-09 9.6475E-09 4.6915E-08 1.1447E-07 1.6186E-07 1.7691E-07 1.7215E-07 1.6081E-07 1.5765E-07 1.5409E-07 1.3773E-07 1.1821E-07 9.9313E-08 8.2841E-08 6.9185E-08 5.8484E-08 4.9968E-08 4.3110E-08 3.7078E-08 3.2007E-08 2.7523E-08 2.3540E-08 2.0218E-08 1.7290E-08 1.4982E-08 1.2972E-08 1.1467E-08 1.0230E-08 9.2274E-09 8.4026E-09 7.7033E-09 7.1233E-09 6.6093E-09
3.4648E-10 3.8098E-10 4.2272E-10 4.6905E-10 5.2323E-10 5.7249E-10 6.1822E-10 6.8341E-10 7.5562E-10 8.4232E-10 9.2872E-10 1.0406E-09 1.1955E-09 1.3526E-09 1.5209E-09 1.6953E-09 1.8926E-09 2.1150E-09 2.3645E-09 2.6414E-09 2.9477E-09 3.2816E-09 3.6533E-09 4.0782E-09 4.5254E-09 5.1332E-09 1.1095E-08 3.6024E-08 7.9409E-08 1.1977E-07 1.4193E-07 1.4883E-07 1.4358E-07 1.4020E-07 1.3632E-07 1.1939E-07 9.8368E-08 7.9700E-08 6.4347E-08 5.2731E-08 4.4226E-08 3.7764E-08 3.2475E-08 2.8048E-08 2.4203E-08 2.0796E-08 1.7935E-08 1.5396E-08 1.3402E-08 1.1647E-08 1.0340E-08 9.2642E-09 8.3916E-09 7.6675E-09 7.0565E-09 6.5371E-09 6.0772E-09
3.2233E-10 3.5415E-10 3.9142E-10 4.3424E-10 4.8530E-10 5.3589E-10 5.8180E-10 6.3539E-10 6.9967E-10 7.7593E-10 8.6171E-10 9.5189E-10 1.0808E-09 1.2414E-09 1.3944E-09 1.5600E-09 1.7383E-09 1.9387E-09 2.1633E-09 2.4131E-09 2.6883E-09 2.9895E-09 3.3145E-09 3.6870E-09 4.0847E-09 4.5159E-09 5.2915E-09 1.1808E-08 2.9803E-08 5.8803E-08 8.9113E-08 1.1102E-07 1.1959E-07 1.1692E-07 1.1047E-07 1.0449E-07 8.9177E-08 7.1191E-08 5.6391E-08 4.5301E-08 3.7446E-08 3.1776E-08 2.7429E-08 2.3809E-08 2.0674E-08 1.7915E-08 1.5594E-08 1.3501E-08 1.1829E-08 1.0342E-08 9.2414E-09 8.3292E-09 7.5848E-09 6.9610E-09 6.4323E-09 5.9781E-09 5.5773E-09
3.0194E-10 3.3024E-10 3.6557E-10 4.0343E-10 4.4843E-10 4.9895E-10 5.4652E-10 5.8852E-10 6.4942E-10 7.1694E-10 7.9466E-10 8.7692E-10 9.7155E-10 1.1252E-09 1.2759E-09 1.4341E-09 1.5940E-09 1.7745E-09 1.9759E-09 2.2001E-09 2.4471E-09 2.7170E-09 3.0092E-09 3.3226E-09 3.6810E-09 4.0446E-09 4.4780E-09 5.9303E-09 1.1768E-08 2.4917E-08 4.5035E-08 6.6118E-08 8.1790E-08 8.7326E-08 8.3263E-08 7.4333E-08 6.6617E-08 5.5530E-08 4.4436E-08 3.5903E-08 2.9825E-08 2.5519E-08 2.2253E-08 1.9542E-08 1.7179E-08 1.5086E-08 1.3267E-08 1.1638E-08 1.0314E-08 9.0993E-09 8.1942E-09 7.4426E-09 6.8215E-09 6.2941E-09 5.8432E-09 5.4489E-09 5.1027E-09
2.8562E-10 3.0830E-10 3.3810E-10 3.7368E-10 4.1447E-10 4.6073E-10 5.1080E-10 5.5222E-10 6.0174E-10 6.6429E-10 7.3793E-10 8.1145E-10 8.9021E-10 1.0135E-09 1.1522E-09 1.3168E-09 1.4606E-09 1.6218E-09 1.8024E-09 2.0026E-09 2.2237E-09 2.4650E-09 2.7263E-09 3.0049E-09 3.3068E-09 3.6379E-09 3.9789E-09 4.4495E-09 6.3814E-09 1.1271E-08 2.0499E-08 3.3317E-08 4.6375E-08 5.4360E-08 5.5547E-08 5.0716E-08 4.3206E-08 3.6126E-08 3.0112E-08 2.5399E-08 2.1983E-08 1.9451E-08 1.7353E-08 1.5566E-08 1.3932E-08 1.2448E-08 1.1102E-08 9.9057E-09 8.8800E-09 7.9506E-09 7.2273E-09 6.6205E-09 6.1119E-09 5.6725E-09 5.2901E-09 4.9549E-09 4.6577E-09
2.7090E-10 2.8842E-10 3.1369E-10 3.4631E-10 3.8083E-10 4.2353E-10 4.7218E-10 5.1768E-10 5.5730E-10 6.1149E-10 6.7919E-10 7.5148E-10 8.2163E-10 9.1284E-10 1.0413E-09 1.1855E-09 1.3371E-09 1.4814E-09 1.6422E-09 1.8211E-09 2.0177E-09 2.2332E-09 2.4656E-09 2.7134E-09 2.9748E-09 3.2624E-09 3.5622E-09 3.8760E-09 4.4459E-09 6.3440E-09 1.0014E-08 1.5793E-08 2.2886E-08 2.8982E-08 3.1842E-08 3.0777E-08 2.7381E-08 2.3250E-08 1.9691E-08 1.7142E-08 1.5483E-08 1.4313E-08 1.3247E-08 1.2187E-08 1.1154E-08 1.0163E-08 9.2188E-09 8.3552E-09 7.5956E-09 6.9157E-09 6.3475E-09 5.8726E-09 5.4599E-09 5.0977E-09 4.7813E-09 4.4982E-09 4.2392E-09
2.5682E-10 2.7341E-10 2.9159E-10 3.1997E-10 3.5494E-10 3.9219E-10 4.3438E-10 4.8289E-10 5.2189E-10 5.6772E-10 6.2612E-10 6.9022E-10 7.5813E-10 8.2775E-10 9.3261E-10 1.0621E-09 1.2165E-09 1.3504E-09 1.4955E-09 1.6544E-09 1.8296E-09 2.0207E-09 2.2267E-09 2.4465E-09 2.6784E-09 2.9209E-09 3.1863E-09 3.4527E-09 3.7559E-09 4.3774E-09 5.8956E-09 8.1716E-09 1.1160E-08 1.4324E-08 1.6509E-08 1.7063E-08 1.6187E-08 1.4661E-08 1.3122E-08 1.1953E-08 1.1208E-08 1.0683E-08 1.0156E-08 9.5774E-09 8.9482E-09 8.2966E-09 7.6557E-09 7.0483E-09 6.4986E-09 6.0010E-09 5.5717E-09 5.1996E-09 4.8678E-09 4.5753E-09 4.3126E-09 4.0746E-09 3.8514E-09
2.4336E-10 2.5907E-10 2.7540E-10 2.9771E-10 3.2779E-10 3.6087E-10 3.9927E-10 4.4211E-10 4.8869E-10 5.2508E-10 5.7749E-10 6.3634E-10 7.0009E-10 7.6323E-10 8.4159E-10 9.6107E-10 1.0870E-09 1.2269E-09 1.3592E-09 1.5023E-09 1.6578E-09 1.8269E-09 2.0091E-09 2.2034E-09 2.4086E-09 2.6227E-09 2.8458E-09 3.0857E-09 3.3255E-09 3.6023E-09 4.2092E-09 5.0968E-09 6.2940E-09 7.5997E-09 8.7294E-09 9.4946E-09 9.6185E-09 9.3542E-09 8.9043E-09 8.5317E-09 8.2538E-09 8.0697E-09 7.8662E-09 7.5767E-09 7.2006E-09 6.7904E-09 6.3748E-09 5.9759E-09 5.5763E-09 5.2123E-09 4.8923E-09 4.6015E-09 4.3407E-09 4.1013E-09 3.8864E-09 3.6826E-09 3.4908E-09
2.3050E-10 2.4537E-10 2.6082E-10 2.7685E-10 3.0159E-10 3.3174E-10 3.6499E-10 4.0652E-10 4.4924E-10 4.9072E-10 5.3380E-10 5.8360E-10 6.4628E-10 7.0325E-10 7.6482E-10 8.5396E-10 9.7699E-10 1.1012E-09 1.2286E-09 1.3589E-09 1.4994E-09 1.6505E-09 1.8116E-09 1.9830E-09 2.1640E-09 2.3531E-09 2.5483E-09 2.7509E-09 2.9632E-09 3.1732E-09 3.4223E-09 3.8342E-09 4.3828E-09 4.8923E-09 5.4297E-09 5.9466E-09 6.2823E-09 6.4204E-09 6.4195E-09 6.3765E-09 6.3089E-09 6.2413E-09 6.1836E-09 6.0566E-09 5.8476E-09 5.5973E-09 5.3347E-09 5.0675E-09 4.7930E-09 4.5419E-09 4.2983E-09 4.0768E-09 3.8667E-09 3.6779E-09 3.4960E-09 3.3252E-09 3.1544E-09
2.1822E-10 2.3229E-10 2.4690E-10 2.6207E-10 2.7777E-10 3.0668E-10 3.3765E-10 3.7337E-10 4.1310E-10 4.5545E-10 4.9095E-10 5.4052E-10 5.9437E-10 6.4770E-10 7.0319E-10 7.6206E-10 8.7366E-10 9.8608E-10 1.1125E-09 1.2266E-09 1.3532E-09 1.4860E-09 1.6309E-09 1.7836E-09 1.9432E-09 2.1100E-09 2.2822E-09 2.4580E-09 2.6396E-09 2.8237E-09 3.0099E-09 3.2213E-09 3.4992E-09 3.7542E-09 4.0710E-09 4.3440E-09 4.6013E-09 4.8086E-09 4.9383E-09 4.9959E-09 5.0339E-09 5.0167E-09 4.9713E-09 4.9145E-09 4.8133E-09 4.6649E-09 4.4933E-09 4.3182E-09 4.1491E-09 3.9675E-09 3.7858E-09 3.6108E-09 3.4482E-09 3.2926E-09 3.1438E-09 2.9906E-09 2.8581E-09
2.0651E-10 2.1981E-10 2.3363E-10 2.4797E-10 2.6282E-10 2.8198E-10 3.0943E-10 3.3932E-10 3.7885E-10 4.1309E-10 4.5636E-10 4.8998E-10 5.4244E-10 5.9943E-10 6.4805E-10 7.0144E-10 7.7877E-10 8.8224E-10 1.0026E-09 1.1074E-09 1.2174E-09 1.3372E-09 1.4655E-09 1.5993E-09 1.7428E-09 1.8910E-09 2.0427E-09 2.1977E-09 2.3544E-09 2.5146E-09 2.6753E-09 2.8274E-09 3.0013E-09 3.1890E-09 3.3949E-09 3.5757E-09 3.7458E-09 3.8997E-09 4.0205E-09 4.1044E-09 4.1485E-09 4.1574E-09 4.1306E-09 4.0789E-09 4.0212E-09 3.9453E-09 3.8355E-09 3.7197E-09 3.6020E-09 3.4724E-09 3.3372E-09 3.2046E-09 3.0763E-09 2.9343E-09 2.8165E-09 2.7016E-09 2.5896E-09
1.9535E-10 2.0791E-10 2.2098E-10 2.3454E-10 2.4858E-10 2.6309E-10 2.8533E-10 3.1087E-10 3.3971E-10 3.7964E-10 4.1797E-10 4.5346E-10 4.9702E-10 5.4764E-10 5.9490E-10 6.4452E-10 6.9690E-10 7.9306E-10 8.9562E-10 9.9805E-10 1.0967E-09 1.2023E-09 1.3165E-09 1.4335E-09 1.5610E-09 1.6908E-09 1.8245E-09 1.9632E-09 2.1025E-09 2.2408E-09 2.3764E-09 2.5125E-09 2.6445E-09 2.7707E-09 2.9265E-09 3.0533E-09 3.1883E-09 3.3062E-09 3.3996E-09 3.4694E-09 3.5128E-09 3.5302E-09 3.5209E-09 3.4901E-09 3.4445E-09 3.3823E-09 3.3173E-09 3.2315E-09 3.1393E-09 3.0512E-09 2.9541E-09 2.8532E-09 2.7327E-09 2.6360E-09 2.5392E-09 2.4434E-09 2.3341E-09
1.8471E-10 1.9658E-10 2.0893E-10 2.2174E-10 2.3501E-10 2.4873E-10 2.6287E-10 2.8437E-10 3.1163E-10 3.3964E-10 3.7552E-10 4.1545E-10 4.4983E-10 4.9981E-10 5.4716E-10 5.9081E-10 6.3661E-10 6.8705E-10 8.0399E-10 8.9699E-10 9.8730E-10 1.0829E-09 1.1822E-09 1.2859E-09 1.3977E-09 1.5111E-09 1.6299E-09 1.7522E-09 1.8741E-09 1.9953E-09 2.1152E-09 2.2320E-09 2.3480E-09 2.4537E-09 2.5565E-09 2.6522E-09 2.7634E-09 2.8506E-09 2.9201E-09 2.9751E-09 3.0150E-09 3.0377E-09 3.0426E-09 3.0293E-09 3.0001E-09 2.9551E-09 2.9000E-09 2.8403E-09 2.7735E-09 2.7026E-09 2.6267E-09 2.5331E-09 2.4544E-09 2.3743E-09 2.2930E-09 2.1960E-09 2.1151E-09
1.7458E-10 1.8580E-10 1.9746E-10 2.0956E-10 2.2210E-10 2.3506E-10 2.4842E-10 2.6422E-10 2.8635E-10 3.1114E-10 3.4112E-10 3.7307E-10 4.0912E-10 4.4333E-10 4.9998E-10 5.4217E-10 5.8362E-10 6.2753E-10 6.9510E-10 7.8981E-10 8.8613E-10 9.7157E-10 1.0596E-09 1.1542E-09 1.2518E-09 1.3508E-09 1.4569E-09 1.5637E-09 1.6696E-09 1.7768E-09 1.8832E-09 1.9858E-09 2.0832E-09 2.1752E-09 2.2649E-09 2.3436E-09 2.4147E-09 2.4819E-09 2.5373E-09 2.5873E-09 2.6237E-09 2.6445E-09 2.6508E-09 2.6445E-09 2.6271E-09 2.5981E-09 2.5605E-09 2.5159E-09 2.4641E-09 2.3922E-09 2.3341E-09 2.2722E-09 2.2063E-09 2.1227E-09 2.0547E-09 1.9860E-09 1.9176E-09
1.6293E-10 1.7554E-10 1.8655E-10 1.9798E-10 2.0981E-10 2.2205E-10 2.3468E-10 2.4769E-10 2.6591E-10 2.8650E-10 3.0915E-10 3.3790E-10 3.7031E-10 4.0261E-10 4.4262E-10 4.9225E-10 5.3365E-10 5.7313E-10 6.1645E-10 6.9724E-10 7.8739E-10 8.5643E-10 9.5074E-10 1.0333E-09 1.1212E-09 1.2084E-09 1.3031E-09 1.3956E-09 1.4884E-09 1.5834E-09 1.6764E-09 1.7653E-09 1.8507E-09 1.9321E-09 2.0078E-09 2.0771E-09 2.1416E-09 2.1966E-09 2.2413E-09 2.2772E-09 2.3050E-09 2.3230E-09 2.3308E-09 2.3288E-09 2.3174E-09 2.2975E-09 2.2705E-09 2.2207E-09 2.1832E-09 2.1389E-09 2.0905E-09 2.0380E-09 1.9679E-09 1.9125E-09 1.8555E-09 1.7948E-09 1.7219E-09
1.4856E-10 1.6578E-10 1.7617E-10 1.8696E-10 1.9814E-10 2.0969E-10 2.2162E-10 2.3390E-10 2.4653E-10 2.6321E-10 2.8333E-10 3.0514E-10 3.3300E-10 3.6261E-10 3.9289E-10 4.4141E-10 4.8229E-10 5.1771E-10 5.5833E-10 6.0088E-10 6.9315E-10 7.5866E-10 8.3543E-10 9.0955E-10 9.9855E-10 1.0791E-09 1.1635E-09 1.2454E-09 1.3275E-09 1.4114E-09 1.4920E-09 1.5698E-09 1.6457E-09 1.7178E-09 1.7848E-09 1.8451E-09 1.8993E-09 1.9461E-09 1.9855E-09 2.0185E-09 2.0431E-09 2.0592E-09 2.0668E-09 2.0667E-09 2.0414E-09 2.0277E-09 2.0074E-09 1.9810E-09 1.9488E-09 1.9122E-09 1.8576E-09 1.8162E-09 1.7689E-09 1.7217E-09 1.6580E-09 1.6057E-09 1.5559E-09
1.3171E-10 1.5318E-10 1.6632E-10 1.7650E-10 1.8704E-10 1.9795E-10 2.0921E-10 2.2080E-10 2.3273E-10 2.4496E-10 2.6364E-10 2.8212E-10 3.0461E-10 3.2895E-10 3.5480E-10 3.8514E-10 4.3099E-10 4.6429E-10 5.0714E-10 5.4151E-10 5.8141E-10 6.7015E-10 7.3680E-10 7.9762E-10 8.7798E-10 9.4749E-10 1.0194E-09 1.0874E-09 1.1821E-09 1.2550E-09 1.3265E-09 1.3958E-09 1.4628E-09 1.5271E-09 1.5850E-09 1.6378E-09 1.6854E-09 1.7271E-09 1.7625E-09 1.7908E-09 1.8124E-09 1.8099E-09 1.8187E-09 1.8207E-09 1.8158E-09 1.8052E-09 1.7893E-09 1.7684E-09 1.7256E-09 1.6958E-09 1.6635E-09 1.6273E-09 1.5876E-09 1.5321E-09 1.4893E-09 1.4458E-09 1.4005E-09
