Assets/Resources/2015_m01_d26_0700(utc+0800)_l00_csi_1hr_conc.grd
DSAA
         159         159
     -79.000      79.000
     -79.000      79.000
  0.0000E+00  0.4385E-05
[rows 0 to 24 of 159, columns 57 to 113 of 159]
2.3226E-09 2.4044E-09 2.4770E-09 2.6353E-09 2.6875E-09 2.7289E-09 2.7615E-09 2.7861E-09 2.8028E-09 2.8138E-09 2.8196E-09 2.8210E-09 2.8185E-09 2.8123E-09 2.8015E-09 2.7866E-09 2.7693E-09 2.7508E-09 2.7334E-09 2.7157E-09 2.6961E-09 2.6744E-09 2.6520E-09 2.6313E-09 2.6127E-09 2.5975E-09 2.5825E-09 2.5666E-09 2.5507E-09 2.5347E-09 2.4199E-09 2.4027E-09 2.3847E-09 2.3655E-09 2.3432E-09 2.3200E-09 2.2987E-09 2.2764E-09 2.2525E-09 2.2249E-09 2.1971E-09 2.1699E-09 2.1420E-09 2.1121E-09 2.0817E-09 2.0506E-09 2.0179E-09 1.9848E-09 1.9512E-09 1.9173E-09 1.8843E-09 1.8520E-09 1.8206E-09 1.7173E-09 1.6168E-09 1.5899E-09 1.5285E-09
2.4808E-09 2.5729E-09 2.6520E-09 2.7180E-09 2.7724E-09 2.8163E-09 2.8499E-09 2.8748E-09 2.8919E-09 2.9014E-09 2.9070E-09 2.9076E-09 2.9042E-09 2.8972E-09 2.8863E-09 2.8696E-09 2.8494E-09 2.8285E-09 2.8084E-09 2.7889E-09 2.7688E-09 2.7456E-09 2.7216E-09 2.6976E-09 2.6755E-09 2.6550E-09 2.6376E-09 2.6226E-09 2.6065E-09 2.5898E-09 2.5714E-09 2.5503E-09 2.5273E-09 2.5062E-09 2.3880E-09 2.3665E-09 2.3441E-09 2.3178E-09 2.2928E-09 2.2673E-09 2.2408E-09 2.2117E-09 2.1796E-09 2.1500E-09 2.1196E-09 2.0876E-09 2.0551E-09 2.0219E-09 1.9874E-09 1.9531E-09 1.9190E-09 1.8857E-09 1.8532E-09 1.8216E-09 1.7906E-09 1.6164E-09 1.5893E-09
2.5542E-09 2.6515E-09 2.7349E-09 2.8046E-09 2.8616E-09 2.9080E-09 2.9431E-09 3.0779E-09 3.0949E-09 3.1055E-09 3.1103E-09 3.1108E-09 3.1069E-09 3.0989E-09 3.0859E-09 3.0690E-09 3.0475E-09 3.0231E-09 2.9998E-09 2.9765E-09 2.9539E-09 2.9295E-09 2.9031E-09 2.8754E-09 2.8500E-09 2.7179E-09 2.6989E-09 2.6813E-09 2.6644E-09 2.6440E-09 2.6223E-09 2.6015E-09 2.5806E-09 2.5589E-09 2.5354E-09 2.5091E-09 2.3857E-09 2.3622E-09 2.3374E-09 2.3098E-09 2.2803E-09 2.2520E-09 2.2228E-09 2.1916E-09 2.1566E-09 2.1249E-09 2.0922E-09 2.0583E-09 2.0240E-09 1.9890E-09 1.9540E-09 1.9197E-09 1.8862E-09 1.8535E-09 1.8217E-09 1.7905E-09 1.6879E-09
2.6287E-09 2.7315E-09 2.8218E-09 3.0055E-09 3.0684E-09 3.1176E-09 3.1548E-09 3.1817E-09 3.1987E-09 3.2083E-09 3.2119E-09 3.2115E-09 3.2063E-09 3.1969E-09 3.1820E-09 3.1633E-09 3.1407E-09 3.1130E-09 3.0850E-09 3.0581E-09 3.0326E-09 3.0064E-09 2.9782E-09 2.9487E-09 2.9191E-09 2.8918E-09 2.8680E-09 2.8471E-09 2.8275E-09 2.6989E-09 2.6790E-09 2.6576E-09 2.6353E-09 2.6090E-09 2.5837E-09 2.5591E-09 2.5339E-09 2.5067E-09 2.4762E-09 2.3523E-09 2.3246E-09 2.2945E-09 2.2618E-09 2.2309E-09 2.1994E-09 2.1654E-09 2.1288E-09 2.0950E-09 2.0604E-09 2.0248E-09 1.9893E-09 1.9539E-09 1.9194E-09 1.8857E-09 1.8530E-09 1.8209E-09 1.7896E-09
2.8095E-09 2.9256E-09 3.0247E-09 3.1066E-09 3.1729E-09 3.2252E-09 3.2641E-09 3.2914E-09 3.3087E-09 3.3166E-09 3.3193E-09 3.3165E-09 3.3086E-09 3.2962E-09 3.2795E-09 3.2586E-09 3.2341E-09 3.2049E-09 3.1731E-09 3.1420E-09 3.1130E-09 3.0848E-09 3.0553E-09 3.0239E-09 2.9914E-09 2.9609E-09 2.9326E-09 2.9087E-09 2.8866E-09 2.8656E-09 2.8429E-09 2.8198E-09 2.6867E-09 2.6628E-09 2.6379E-09 2.6111E-09 2.5813E-09 2.5533E-09 2.5259E-09 2.4970E-09 2.4644E-09 2.3359E-09 2.3055E-09 2.2724E-09 2.2375E-09 2.2044E-09 2.1708E-09 2.1337E-09 2.0963E-09 2.0609E-09 2.0246E-09 1.9884E-09 1.9528E-09 1.9182E-09 1.8844E-09 1.8515E-09 1.8193E-09
2.8979E-09 3.0214E-09 3.1267E-09 3.2134E-09 3.2835E-09 3.3378E-09 3.3779E-09 3.4053E-09 3.4217E-09 3.4284E-09 3.4284E-09 3.4225E-09 3.4131E-09 3.3990E-09 3.3805E-09 3.3576E-09 3.3311E-09 3.3009E-09 3.2660E-09 3.2308E-09 3.1973E-09 3.1662E-09 3.1349E-09 3.1019E-09 3.0675E-09 3.0330E-09 3.0011E-09 2.9727E-09 2.9479E-09 2.9247E-09 2.9013E-09 2.8769E-09 2.8512E-09 2.8249E-09 2.7973E-09 2.6615E-09 2.6338E-09 2.6056E-09 2.5732E-09 2.5417E-09 2.5117E-09 2.4800E-09 2.3474E-09 2.3134E-09 2.2804E-09 2.2441E-09 2.2080E-09 2.1729E-09 2.1372E-09 2.0969E-09 2.0597E-09 2.0231E-09 1.9864E-09 1.9508E-09 1.9161E-09 1.8822E-09 1.8491E-09
2.9881E-09 3.1195E-09 3.2309E-09 3.3229E-09 3.3964E-09 3.4532E-09 3.4947E-09 3.5227E-09 3.5389E-09 3.5448E-09 3.5426E-09 3.5351E-09 3.5227E-09 3.5068E-09 3.4863E-09 3.4612E-09 3.4325E-09 3.4007E-09 3.3640E-09 3.3247E-09 3.2864E-09 3.2512E-09 3.2174E-09 3.1829E-09 3.1463E-09 3.1087E-09 3.0732E-09 3.0401E-09 3.0119E-09 2.9858E-09 2.9612E-09 2.9351E-09 2.9088E-09 2.8807E-09 2.8523E-09 2.8228E-09 2.7925E-09 2.6536E-09 2.6233E-09 2.5929E-09 2.5580E-09 2.5240E-09 2.4908E-09 2.4562E-09 2.3211E-09 2.2852E-09 2.2494E-09 2.2100E-09 2.1738E-09 2.1370E-09 2.0979E-09 2.0576E-09 2.0203E-09 1.9836E-09 1.9479E-09 1.9131E-09 1.8791E-09
3.0805E-09 3.2210E-09 3.3397E-09 3.4373E-09 3.5152E-09 3.5749E-09 3.6180E-09 3.6468E-09 3.6628E-09 3.6679E-09 3.6636E-09 3.6536E-09 3.6383E-09 3.6199E-09 3.5973E-09 3.5699E-09 3.5387E-09 3.5045E-09 3.4668E-09 3.4241E-09 3.3811E-09 3.3405E-09 3.3032E-09 3.2665E-09 3.2281E-09 3.1885E-09 3.1486E-09 3.1118E-09 3.0785E-09 3.0495E-09 3.0222E-09 2.9952E-09 2.9672E-09 2.9382E-09 2.9084E-09 2.8776E-09 2.8463E-09 2.8138E-09 2.7810E-09 2.6393E-09 2.6068E-09 2.5738E-09 2.5355E-09 2.4994E-09 2.4634E-09 2.4256E-09 2.2884E-09 2.2517E-09 2.2121E-09 2.1732E-09 2.1353E-09 2.0964E-09 2.0544E-09 2.0166E-09 1.9799E-09 1.9440E-09 1.9092E-09
3.1772E-09 3.3275E-09 3.4542E-09 3.5582E-09 3.6408E-09 3.7035E-09 3.7487E-09 3.7781E-09 3.7939E-09 3.7980E-09 3.7921E-09 3.7787E-09 3.7612E-09 3.7389E-09 3.7140E-09 3.6842E-09 3.6501E-09 3.6131E-09 3.5734E-09 3.5290E-09 3.4814E-09 3.4353E-09 3.3933E-09 3.3534E-09 3.3133E-09 3.2712E-09 3.2283E-09 3.1872E-09 3.1489E-09 3.1159E-09 3.0855E-09 3.0569E-09 3.0271E-09 2.9972E-09 2.9655E-09 2.9337E-09 2.9007E-09 2.8672E-09 2.8330E-09 2.7979E-09 2.7626E-09 2.6188E-09 2.5842E-09 2.5470E-09 2.5057E-09 2.4685E-09 2.4298E-09 2.2919E-09 2.2520E-09 2.2125E-09 2.1707E-09 2.1325E-09 2.0931E-09 2.0509E-09 2.0119E-09 1.9752E-09 1.9393E-09
3.2781E-09 3.4392E-09 3.5750E-09 3.6859E-09 3.7735E-09 3.8399E-09 3.8871E-09 3.9173E-09 3.9329E-09 3.9358E-09 3.9281E-09 3.9120E-09 3.8909E-09 3.8650E-09 3.8367E-09 3.8041E-09 3.7672E-09 3.7272E-09 3.6845E-09 3.6387E-09 3.5879E-09 3.5364E-09 3.4883E-09 3.4441E-09 3.4013E-09 3.3573E-09 3.3119E-09 3.2664E-09 3.2240E-09 3.1853E-09 3.1516E-09 3.1199E-09 3.0891E-09 3.0570E-09 3.0244E-09 2.9908E-09 2.9565E-09 2.9217E-09 2.8859E-09 2.8500E-09 2.8128E-09 2.7756E-09 2.7375E-09 2.5921E-09 2.5545E-09 2.5127E-09 2.4711E-09 2.4317E-09 2.2934E-09 2.2500E-09 2.2113E-09 2.1672E-09 2.1276E-09 2.0882E-09 2.0463E-09 2.0064E-09 1.9695E-09
3.3836E-09 3.5567E-09 3.7023E-09 3.8209E-09 3.9143E-09 3.9845E-09 4.0338E-09 4.0650E-09 4.0803E-09 4.0820E-09 4.0723E-09 4.0536E-09 4.0279E-09 3.9991E-09 3.9658E-09 3.9303E-09 3.8903E-09 3.8469E-09 3.8011E-09 3.7528E-09 3.7000E-09 3.6435E-09 3.5894E-09 3.5396E-09 3.4930E-09 3.4468E-09 3.3988E-09 3.3502E-09 3.3029E-09 3.2590E-09 3.2206E-09 3.1856E-09 3.1525E-09 3.1187E-09 3.0848E-09 3.0493E-09 3.0138E-09 2.9770E-09 2.9401E-09 2.9024E-09 2.8641E-09 2.8255E-09 2.7861E-09 2.7466E-09 2.5980E-09 2.5585E-09 2.5175E-09 2.4721E-09 2.4310E-09 2.3896E-09 2.2484E-09 2.2068E-09 2.1634E-09 2.1216E-09 2.0818E-09 2.0405E-09 1.9999E-09
3.4938E-09 3.6801E-09 3.8366E-09 3.9639E-09 4.0635E-09 4.1378E-09 4.1898E-09 4.2218E-09 4.2368E-09 4.2372E-09 4.2253E-09 4.2038E-09 4.1747E-09 4.1408E-09 4.1035E-09 4.0634E-09 4.0198E-09 3.9730E-09 3.9235E-09 3.8718E-09 3.8173E-09 3.7575E-09 3.6972E-09 3.6407E-09 3.5889E-09 3.5395E-09 3.4893E-09 3.4377E-09 3.3860E-09 3.3377E-09 3.2931E-09 3.2542E-09 3.2176E-09 3.1826E-09 3.1461E-09 3.1095E-09 3.0718E-09 3.0338E-09 2.9952E-09 2.9559E-09 2.9165E-09 2.8760E-09 2.8357E-09 2.7945E-09 2.7527E-09 2.6021E-09 2.5605E-09 2.5186E-09 2.4725E-09 2.4287E-09 2.3859E-09 2.2451E-09 2.2010E-09 2.1573E-09 2.1147E-09 2.0743E-09 2.0335E-09
3.6088E-09 3.8098E-09 3.9786E-09 4.1153E-09 4.2219E-09 4.3010E-09 4.3556E-09 4.3886E-09 4.4032E-09 4.4021E-09 4.3878E-09 4.3631E-09 4.3306E-09 4.2910E-09 4.2496E-09 4.2040E-09 4.1571E-09 4.1062E-09 4.0522E-09 3.9968E-09 3.9392E-09 3.8776E-09 3.8115E-09 3.7485E-09 3.6902E-09 3.6364E-09 3.5834E-09 3.5290E-09 3.4741E-09 3.4203E-09 3.3704E-09 3.3259E-09 3.2857E-09 3.2477E-09 3.2096E-09 3.1712E-09 3.1316E-09 3.0921E-09 3.0513E-09 3.0106E-09 2.9693E-09 2.9276E-09 2.8856E-09 2.8431E-09 2.8007E-09 2.7565E-09 2.7120E-09 2.5608E-09 2.5171E-09 2.4705E-09 2.4249E-09 2.3806E-09 2.2395E-09 2.1940E-09 2.1496E-09 2.1064E-09 2.0659E-09
3.7289E-09 3.9462E-09 4.1284E-09 4.2758E-09 4.3902E-09 4.4745E-09 4.5320E-09 4.5662E-09 4.5804E-09 4.5776E-09 4.5610E-09 4.5346E-09 4.4985E-09 4.4552E-09 4.4078E-09 4.3580E-09 4.3046E-09 4.2499E-09 4.1930E-09 4.1333E-09 4.0722E-09 4.0084E-09 3.9391E-09 3.8691E-09 3.8009E-09 3.7379E-09 3.6811E-09 3.6241E-09 3.5658E-09 3.5074E-09 3.4526E-09 3.4017E-09 3.3569E-09 3.3151E-09 3.2753E-09 3.2341E-09 3.1932E-09 3.1511E-09 3.1090E-09 3.0663E-09 3.0232E-09 2.9801E-09 2.9362E-09 2.8927E-09 2.8482E-09 2.8035E-09 2.7582E-09 2.7117E-09 2.5582E-09 2.5138E-09 2.4663E-09 2.4188E-09 2.3739E-09 2.2320E-09 2.1854E-09 2.1407E-09 2.0970E-09
3.8540E-09 4.0893E-09 4.2867E-09 4.4460E-09 4.5691E-09 4.6593E-09 4.7201E-09 4.7554E-09 4.7694E-09 4.7661E-09 4.7508E-09 4.7208E-09 4.6810E-09 4.6339E-09 4.5801E-09 4.5249E-09 4.4651E-09 4.4060E-09 4.3450E-09 4.2804E-09 4.2146E-09 4.1447E-09 4.0701E-09 3.9936E-09 3.9203E-09 3.8522E-09 3.7899E-09 3.7283E-09 3.6632E-09 3.5997E-09 3.5390E-09 3.4825E-09 3.4314E-09 3.3855E-09 3.3421E-09 3.2993E-09 3.2560E-09 3.2120E-09 3.1679E-09 3.1231E-09 3.0785E-09 3.0332E-09 2.9879E-09 2.9423E-09 2.8966E-09 2.8510E-09 2.8040E-09 2.7569E-09 2.7092E-09 2.5537E-09 2.5081E-09 2.4603E-09 2.4109E-09 2.3653E-09 2.2230E-09 2.1752E-09 2.1303E-09
3.9860E-09 4.2397E-09 4.4540E-09 4.6265E-09 4.7614E-09 4.8582E-09 4.9232E-09 4.9613E-09 4.9769E-09 4.9749E-09 4.9570E-09 4.9237E-09 4.8801E-09 4.8278E-09 4.7690E-09 4.7055E-09 4.6401E-09 4.5734E-09 4.5040E-09 4.4326E-09 4.3611E-09 4.2881E-09 4.2133E-09 4.1328E-09 4.0513E-09 3.9716E-09 3.8991E-09 3.8336E-09 3.7686E-09 3.7023E-09 3.6346E-09 3.5682E-09 3.5103E-09 3.4593E-09 3.4116E-09 3.3665E-09 3.3204E-09 3.2747E-09 3.2279E-09 3.1814E-09 3.1345E-09 3.0874E-09 3.0404E-09 2.9929E-09 2.9459E-09 2.8981E-09 2.8506E-09 2.8022E-09 2.7532E-09 2.7041E-09 2.5474E-09 2.5002E-09 2.4519E-09 2.4015E-09 2.3548E-09 2.2124E-09 2.1641E-09
4.1412E-09 4.4109E-09 4.6451E-09 4.8354E-09 4.9805E-09 5.0865E-09 5.1575E-09 5.2004E-09 5.2223E-09 5.2222E-09 5.2018E-09 5.1624E-09 5.1116E-09 5.0515E-09 4.9851E-09 4.9141E-09 4.8411E-09 4.7646E-09 4.6912E-09 4.6155E-09 4.5378E-09 4.4585E-09 4.3754E-09 4.2850E-09 4.1931E-09 4.1073E-09 4.0277E-09 3.9549E-09 3.8811E-09 3.8084E-09 3.7373E-09 3.6671E-09 3.6001E-09 3.5371E-09 3.4843E-09 3.4350E-09 3.3870E-09 3.3385E-09 3.2898E-09 3.2409E-09 3.1917E-09 3.1429E-09 3.0935E-09 3.0445E-09 2.9952E-09 2.9462E-09 2.8972E-09 2.8475E-09 2.7977E-09 2.7473E-09 2.6965E-09 2.5390E-09 2.4908E-09 2.4411E-09 2.3904E-09 2.3430E-09 2.1997E-09
4.3337E-09 4.5879E-09 4.8609E-09 5.0723E-09 5.2341E-09 5.3507E-09 5.4294E-09 5.4768E-09 5.4955E-09 5.4904E-09 5.4682E-09 5.4264E-09 5.3716E-09 5.3072E-09 5.2345E-09 5.1557E-09 5.0694E-09 4.9796E-09 4.8878E-09 4.7985E-09 4.7117E-09 4.6226E-09 4.5356E-09 4.4472E-09 4.3534E-09 4.2558E-09 4.1600E-09 4.0745E-09 3.9976E-09 3.9227E-09 3.8443E-09 3.7656E-09 3.6932E-09 3.6251E-09 3.5654E-09 3.5064E-09 3.4555E-09 3.4041E-09 3.3534E-09 3.3016E-09 3.2505E-09 3.1990E-09 3.1478E-09 3.0967E-09 3.0455E-09 2.9949E-09 2.9438E-09 2.8934E-09 2.8420E-09 2.7904E-09 2.7389E-09 2.6869E-09 2.5281E-09 2.4795E-09 2.4284E-09 2.3773E-09 2.3298E-09
4.5938E-09 4.8242E-09 5.0931E-09 5.3226E-09 5.5017E-09 5.6288E-09 5.7154E-09 5.7669E-09 5.7864E-09 5.7817E-09 5.7567E-09 5.7103E-09 5.6492E-09 5.5774E-09 5.4970E-09 5.4093E-09 5.3159E-09 5.2169E-09 5.1166E-09 5.0197E-09 4.9225E-09 4.8201E-09 4.7203E-09 4.6224E-09 4.5205E-09 4.4146E-09 4.3137E-09 4.2197E-09 4.1297E-09 4.0441E-09 3.9593E-09 3.8774E-09 3.7922E-09 3.7143E-09 3.6474E-09 3.5876E-09 3.5290E-09 3.4719E-09 3.4178E-09 3.3641E-09 3.3101E-09 3.2564E-09 3.2030E-09 3.1496E-09 3.0968E-09 3.0437E-09 2.9913E-09 2.9389E-09 2.8863E-09 2.8339E-09 2.7808E-09 2.7277E-09 2.6753E-09 2.5155E-09 2.4659E-09 2.4141E-09 2.3629E-09
4.8635E-09 5.0877E-09 5.3474E-09 5.6003E-09 5.7963E-09 5.9373E-09 6.0316E-09 6.0893E-09 6.1136E-09 6.1104E-09 6.0790E-09 6.0249E-09 5.9540E-09 5.8729E-09 5.7830E-09 5.6855E-09 5.5814E-09 5.4722E-09 5.3660E-09 5.2560E-09 5.1488E-09 5.0365E-09 4.9224E-09 4.8130E-09 4.7031E-09 4.5905E-09 4.4772E-09 4.3666E-09 4.2683E-09 4.1774E-09 4.0830E-09 3.9917E-09 3.9005E-09 3.8147E-09 3.7353E-09 3.6671E-09 3.6055E-09 3.5472E-09 3.4848E-09 3.4280E-09 3.3712E-09 3.3152E-09 3.2590E-09 3.2035E-09 3.1483E-09 3.0933E-09 3.0390E-09 2.9847E-09 2.9312E-09 2.8769E-09 2.8227E-09 2.7690E-09 2.7146E-09 2.6608E-09 2.5015E-09 2.4508E-09 2.3972E-09
5.1492E-09 5.3856E-09 5.6459E-09 5.9168E-09 6.1353E-09 6.2928E-09 6.3990E-09 6.4615E-09 6.4863E-09 6.4758E-09 6.4395E-09 6.3803E-09 6.3028E-09 6.2114E-09 6.1089E-09 5.9971E-09 5.8733E-09 5.7438E-09 5.6167E-09 5.4975E-09 5.3795E-09 5.2609E-09 5.1404E-09 5.0200E-09 4.8961E-09 4.7715E-09 4.6473E-09 4.5280E-09 4.4172E-09 4.3107E-09 4.2113E-09 4.1165E-09 4.0165E-09 3.9200E-09 3.8332E-09 3.7552E-09 3.6833E-09 3.6198E-09 3.5592E-09 3.4956E-09 3.4338E-09 3.3747E-09 3.3162E-09 3.2582E-09 3.2006E-09 3.1438E-09 3.0869E-09 3.0312E-09 2.9755E-09 2.9201E-09 2.8650E-09 2.8094E-09 2.7541E-09 2.6995E-09 2.6445E-09 2.4849E-09 2.4342E-09
5.5010E-09 5.7587E-09 5.9996E-09 6.2642E-09 6.5076E-09 6.6834E-09 6.8016E-09 6.8706E-09 6.8939E-09 6.8815E-09 6.8400E-09 6.7740E-09 6.6864E-09 6.5844E-09 6.4711E-09 6.3486E-09 6.2165E-09 6.0772E-09 5.9339E-09 5.7953E-09 5.6537E-09 5.5195E-09 5.3883E-09 5.2550E-09 5.1225E-09 4.9896E-09 4.8530E-09 4.7095E-09 4.5814E-09 4.4631E-09 4.3542E-09 4.2455E-09 4.1416E-09 4.0362E-09 3.9384E-09 3.8481E-09 3.7708E-09 3.6960E-09 3.6304E-09 3.5664E-09 3.5017E-09 3.4356E-09 3.3747E-09 3.3137E-09 3.2538E-09 3.1943E-09 3.1356E-09 3.0776E-09 3.0201E-09 2.9637E-09 2.9065E-09 2.8499E-09 2.7938E-09 2.7373E-09 2.6817E-09 2.5188E-09 2.4669E-09
5.8390E-09 6.1188E-09 6.3804E-09 6.6321E-09 6.8933E-09 7.0887E-09 7.2181E-09 7.2912E-09 7.3167E-09 7.3023E-09 7.2558E-09 7.1825E-09 7.0852E-09 6.9714E-09 6.8452E-09 6.7093E-09 6.5658E-09 6.4137E-09 6.2562E-09 6.0980E-09 5.9432E-09 5.7923E-09 5.6422E-09 5.4967E-09 5.3505E-09 5.2052E-09 5.0602E-09 4.9100E-09 4.7645E-09 4.6246E-09 4.4992E-09 4.3830E-09 4.2708E-09 4.1561E-09 4.0491E-09 3.9512E-09 3.8616E-09 3.7812E-09 3.7058E-09 3.6365E-09 3.5693E-09 3.5028E-09 3.4334E-09 3.3702E-09 3.3075E-09 3.2456E-09 3.1849E-09 3.1243E-09 3.0653E-09 3.0063E-09 2.9483E-09 2.8904E-09 2.8325E-09 2.7753E-09 2.7186E-09 2.6619E-09 2.4995E-09
6.2051E-09 6.5120E-09 6.7981E-09 7.0598E-09 7.3223E-09 7.5435E-09 7.6870E-09 7.7683E-09 7.7970E-09 7.7812E-09 7.7293E-09 7.6478E-09 7.5402E-09 7.4131E-09 7.2723E-09 7.1210E-09 6.9609E-09 6.7940E-09 6.6223E-09 6.4453E-09 6.2720E-09 6.0998E-09 5.9339E-09 5.7705E-09 5.6082E-09 5.4472E-09 5.2870E-09 5.1301E-09 4.9702E-09 4.8159E-09 4.6664E-09 4.5312E-09 4.4070E-09 4.2853E-09 4.1659E-09 4.0603E-09 3.9588E-09 3.8704E-09 3.7869E-09 3.7106E-09 3.6373E-09 3.5681E-09 3.4988E-09 3.4275E-09 3.3619E-09 3.2977E-09 3.2341E-09 3.1717E-09 3.1101E-09 3.0495E-09 2.9900E-09 2.9303E-09 2.8714E-09 2.8130E-09 2.7547E-09 2.6974E-09 2.6405E-09
6.5968E-09 6.9347E-09 7.2499E-09 7.5382E-09 7.8027E-09 8.0479E-09 8.2109E-09 8.3020E-09 8.3347E-09 8.3171E-09 8.2591E-09 8.1684E-09 8.0488E-09 7.9067E-09 7.7493E-09 7.5798E-09 7.4010E-09 7.2150E-09 7.0238E-09 6.8299E-09 6.6346E-09 6.4442E-09 6.2545E-09 6.0713E-09 5.8893E-09 5.7096E-09 5.5359E-09 5.3659E-09 5.1896E-09 5.0144E-09 4.8490E-09 4.6945E-09 4.5517E-09 4.4207E-09 4.2920E-09 4.1741E-09 4.0655E-09 3.9624E-09 3.8743E-09 3.7880E-09 3.7102E-09 3.6335E-09 3.5621E-09 3.4903E-09 3.4172E-09 3.3499E-09 3.2839E-09 3.2192E-09 3.1552E-09 3.0929E-09 3.0309E-09 2.9703E-09 2.9099E-09 2.8499E-09 2.7908E-09 2.7323E-09 2.6741E-09
