Assets/Resources/2015_m01_d30_1600(utc+0800)_l00_csi_1hr_conc.grd
DSAA
         159         159
     -79.000      79.000
     -79.000      79.000
  0.0000E+00  0.2138E-05
[rows 25 to 49 of 159, columns 57 to 113 of 159]
0.0000E+00 0.0000E+00 0.0000E+00 0.0000E+00 0.0000E+00 0.0000E+00 0.0000E+00 1.1559E-12 4.5796E-12 9.7037E-12 1.6355E-11 2.7180E-11 4.8954E-11 7.9223E-11 1.2297E-10 1.7448E-10 2.3847E-10 3.1656E-10 4.0732E-10 5.1873E-10 6.4450E-10 7.8928E-10 9.4380E-10 1.1109E-09 1.2943E-09 1.4927E-09 1.7033E-09 1.9282E-09 2.1674E-09 2.4176E-09 2.6743E-09 2.9364E-09 3.2079E-09 3.4958E-09 3.7818E-09 4.0706E-09 4.3624E-09 4.6563E-09 4.9514E-09 5.2467E-09 5.5414E-09 5.8436E-09 6.1502E-09 6.4535E-09 6.7449E-09 7.0331E-09 7.3190E-09 7.5997E-09 7.8717E-09 8.1359E-09 8.3915E-09 8.6327E-09 8.8535E-09 9.0553E-09 9.2364E-09 9.3955E-09 9.5310E-09
0.0000E+00 0.0000E+00 0.0000E+00 0.0000E+00 0.0000E+00 0.0000E+00 2.9433E-14 4.6098E-12 7.2938E-12 1.4342E-11 2.2532E-11 3.9139E-11 6.8693E-11 1.1391E-10 1.6721E-10 2.3271E-10 3.0925E-10 3.9943E-10 5.0561E-10 6.2886E-10 7.7080E-10 9.3306E-10 1.1051E-09 1.2923E-09 1.4971E-09 1.7165E-09 1.9492E-09 2.1957E-09 2.4552E-09 2.7238E-09 2.9986E-09 3.2742E-09 3.5531E-09 3.8456E-09 4.1394E-09 4.4323E-09 4.7275E-09 5.0221E-09 5.3158E-09 5.6075E-09 5.8957E-09 6.1836E-09 6.4772E-09 6.7662E-09 7.0458E-09 7.3157E-09 7.5785E-09 7.8362E-09 8.0879E-09 8.3269E-09 8.5541E-09 8.7700E-09 8.9671E-09 9.1427E-09 9.2980E-09 9.4301E-09 9.5392E-09
0.0000E+00 0.0000E+00 0.0000E+00 0.0000E+00 0.0000E+00 1.8428E-13 2.9391E-12 6.2981E-12 1.2324E-11 1.9076E-11 3.4113E-11 5.9599E-11 9.9119E-11 1.5277E-10 2.2023E-10 2.9722E-10 3.9010E-10 4.9274E-10 6.1752E-10 7.6198E-10 9.2868E-10 1.1107E-09 1.3045E-09 1.5133E-09 1.7407E-09 1.9829E-09 2.2370E-09 2.5022E-09 2.7782E-09 3.0622E-09 3.3533E-09 3.6444E-09 3.9366E-09 4.2329E-09 4.5368E-09 4.8299E-09 5.1226E-09 5.4142E-09 5.7028E-09 5.9859E-09 6.2637E-09 6.5363E-09 6.8114E-09 7.0831E-09 7.3474E-09 7.5961E-09 7.8365E-09 8.0689E-09 8.2915E-09 8.5035E-09 8.7038E-09 8.8902E-09 9.0595E-09 9.2077E-09 9.3336E-09 9.4391E-09 9.5201E-09
0.0000E+00 0.0000E+00 0.0000E+00 0.0000E+00 1.7824E-13 1.7956E-12 6.1583E-12 9.3287E-12 1.8175E-11 3.2492E-11 5.2212E-11 8.6582E-11 1.3634E-10 2.0645E-10 2.8891E-10 3.8691E-10 4.9735E-10 6.2757E-10 7.7156E-10 9.3813E-10 1.1238E-09 1.3278E-09 1.5443E-09 1.7784E-09 2.0312E-09 2.3004E-09 2.5795E-09 2.8663E-09 3.1621E-09 3.4620E-09 3.7647E-09 4.0638E-09 4.3623E-09 4.6605E-09 4.9662E-09 5.2619E-09 5.5514E-09 5.8363E-09 6.1135E-09 6.3833E-09 6.6475E-09 6.9022E-09 7.1524E-09 7.4047E-09 7.6465E-09 7.8735E-09 8.0872E-09 8.2909E-09 8.4845E-09 8.6656E-09 8.8339E-09 8.9898E-09 9.1289E-09 9.2489E-09 9.3453E-09 9.4204E-09 9.4739E-09
0.0000E+00 0.0000E+00 0.0000E+00 0.0000E+00 1.8125E-12 3.3449E-12 8.6374E-12 1.7274E-11 2.9082E-11 4.9742E-11 7.8488E-11 1.2393E-10 1.8781E-10 2.7411E-10 3.7273E-10 4.9007E-10 6.2290E-10 7.7204E-10 9.4081E-10 1.1304E-09 1.3459E-09 1.5795E-09 1.8267E-09 2.0889E-09 2.3687E-09 2.6614E-09 2.9633E-09 3.2700E-09 3.5859E-09 3.9016E-09 4.2169E-09 4.5286E-09 4.8343E-09 5.1352E-09 5.4325E-09 5.7296E-09 6.0122E-09 6.2857E-09 6.5467E-09 6.7997E-09 7.0446E-09 7.2804E-09 7.5037E-09 7.7249E-09 7.9432E-09 8.1449E-09 8.3304E-09 8.5027E-09 8.6637E-09 8.8126E-09 8.9488E-09 9.0688E-09 9.1735E-09 9.2638E-09 9.3315E-09 9.3754E-09 9.3991E-09
0.0000E+00 0.0000E+00 0.0000E+00 1.6229E-12 2.6217E-12 8.0435E-12 1.4468E-11 2.6827E-11 4.7389E-11 7.2355E-11 1.1660E-10 1.7436E-10 2.4980E-10 3.5141E-10 4.7718E-10 6.1747E-10 7.8004E-10 9.6066E-10 1.1614E-09 1.3880E-09 1.6349E-09 1.9001E-09 2.1789E-09 2.4711E-09 2.7789E-09 3.0990E-09 3.4262E-09 3.7550E-09 4.0833E-09 4.4094E-09 4.7313E-09 5.0469E-09 5.3560E-09 5.6552E-09 5.9433E-09 6.2315E-09 6.5059E-09 6.7618E-09 7.0048E-09 7.2326E-09 7.4546E-09 7.6644E-09 7.8634E-09 8.0483E-09 8.2319E-09 8.4073E-09 8.5637E-09 8.7026E-09 8.8279E-09 8.9414E-09 9.0414E-09 9.1279E-09 9.1970E-09 9.2537E-09 9.2899E-09 9.3044E-09 9.2973E-09
0.0000E+00 0.0000E+00 1.1725E-12 2.4971E-12 3.8557E-12 1.2575E-11 2.6734E-11 4.2138E-11 6.8565E-11 1.0866E-10 1.6088E-10 2.3420E-10 3.3083E-10 4.5839E-10 6.0788E-10 7.8153E-10 9.7487E-10 1.1896E-09 1.4264E-09 1.6856E-09 1.9664E-09 2.2691E-09 2.5851E-09 2.9119E-09 3.2494E-09 3.5982E-09 3.9508E-09 4.3014E-09 4.6448E-09 4.9823E-09 5.3101E-09 5.6267E-09 5.9305E-09 6.2224E-09 6.5001E-09 6.7676E-09 7.0288E-09 7.2629E-09 7.4820E-09 7.6844E-09 7.8754E-09 8.0555E-09 8.2225E-09 8.3759E-09 8.5192E-09 8.6569E-09 8.7812E-09 8.8872E-09 8.9761E-09 9.0518E-09 9.1143E-09 9.1647E-09 9.1973E-09 9.2174E-09 9.2199E-09 9.2052E-09 9.1691E-09
0.0000E+00 3.3177E-13 2.3057E-12 3.2874E-12 7.9057E-12 1.9669E-11 3.9032E-11 6.4617E-11 1.0178E-10 1.4906E-10 2.1955E-10 3.1059E-10 4.3322E-10 5.8633E-10 7.6598E-10 9.7164E-10 1.2044E-09 1.4589E-09 1.7441E-09 2.0488E-09 2.3755E-09 2.7215E-09 3.0796E-09 3.4436E-09 3.8130E-09 4.1885E-09 4.5622E-09 4.9279E-09 5.2820E-09 5.6277E-09 5.9544E-09 6.2684E-09 6.5654E-09 6.8425E-09 7.1025E-09 7.3467E-09 7.5793E-09 7.7886E-09 7.9734E-09 8.1474E-09 8.3052E-09 8.4513E-09 8.5814E-09 8.6976E-09 8.8005E-09 8.8942E-09 8.9819E-09 9.0508E-09 9.1051E-09 9.1410E-09 9.1651E-09 9.1769E-09 9.1741E-09 9.1556E-09 9.1243E-09 9.0777E-09 9.0154E-09
0.0000E+00 2.0638E-12 2.8479E-12 5.8401E-12 1.3388E-11 2.9861E-11 5.7615E-11 9.4761E-11 1.4234E-10 2.0099E-10 2.9370E-10 4.0805E-10 5.5569E-10 7.4200E-10 9.6227E-10 1.2165E-09 1.4980E-09 1.8121E-09 2.1475E-09 2.5035E-09 2.8802E-09 3.2737E-09 3.6791E-09 4.0850E-09 4.4910E-09 4.8942E-09 5.2902E-09 5.6709E-09 6.0301E-09 6.3690E-09 6.6868E-09 6.9877E-09 7.2641E-09 7.5172E-09 7.7529E-09 7.9673E-09 8.1577E-09 8.3347E-09 8.4859E-09 8.6180E-09 8.7375E-09 8.8457E-09 8.9379E-09 9.0115E-09 9.0731E-09 9.1205E-09 9.1630E-09 9.1946E-09 9.2100E-09 9.2088E-09 9.1922E-09 9.1647E-09 9.1249E-09 9.0717E-09 9.0052E-09 8.9245E-09 8.8324E-09
7.7980E-13 2.5099E-12 4.7613E-12 8.7074E-12 2.5160E-11 4.7555E-11 8.6003E-11 1.2963E-10 1.8875E-10 2.7738E-10 3.8206E-10 5.2728E-10 7.1059E-10 9.3630E-10 1.2025E-09 1.5052E-09 1.8426E-09 2.2140E-09 2.6102E-09 3.0294E-09 3.4697E-09 3.9228E-09 4.3811E-09 4.8323E-09 5.2735E-09 5.7009E-09 6.1141E-09 6.5033E-09 6.8633E-09 7.1968E-09 7.5058E-09 7.7819E-09 8.0289E-09 8.2489E-09 8.4489E-09 8.6223E-09 8.7679E-09 8.8946E-09 9.0092E-09 9.0986E-09 9.1707E-09 9.2357E-09 9.2830E-09 9.3156E-09 9.3297E-09 9.3349E-09 9.3243E-09 9.3145E-09 9.2884E-09 9.2501E-09 9.1954E-09 9.1286E-09 9.0505E-09 8.9619E-09 8.8607E-09 8.7484E-09 8.6257E-09
2.1443E-12 3.0531E-12 6.6245E-12 1.4795E-11 3.3823E-11 6.7233E-11 1.1659E-10 1.7457E-10 2.4930E-10 3.5545E-10 4.9802E-10 6.7412E-10 8.9555E-10 1.1670E-09 1.4898E-09 1.8501E-09 2.2605E-09 2.7075E-09 3.1847E-09 3.6817E-09 4.1934E-09 4.7112E-09 5.2252E-09 5.7270E-09 6.2057E-09 6.6588E-09 7.0823E-09 7.4729E-09 7.8247E-09 8.1381E-09 8.4191E-09 8.6616E-09 8.8676E-09 9.0438E-09 9.1920E-09 9.3110E-09 9.4034E-09 9.4745E-09 9.5352E-09 9.5800E-09 9.6012E-09 9.6173E-09 9.6159E-09 9.6002E-09 9.5712E-09 9.5262E-09 9.4724E-09 9.4063E-09 9.3421E-09 9.2623E-09 9.1713E-09 9.0655E-09 8.9517E-09 8.8268E-09 8.6921E-09 8.5493E-09 8.3968E-09
2.5286E-12 5.5894E-12 9.8660E-12 2.6136E-11 5.2169E-11 9.3063E-11 1.5034E-10 2.2673E-10 3.2643E-10 4.5688E-10 6.2981E-10 8.4721E-10 1.1172E-09 1.4466E-09 1.8376E-09 2.2763E-09 2.7644E-09 3.2941E-09 3.8573E-09 4.4395E-09 5.0320E-09 5.6238E-09 6.2021E-09 6.7569E-09 7.2730E-09 7.7510E-09 8.1846E-09 8.5716E-09 8.9056E-09 9.1923E-09 9.4307E-09 9.6259E-09 9.7775E-09 9.8960E-09 9.9811E-09 1.0033E-08 1.0061E-08 1.0070E-08 1.0066E-08 1.0053E-08 1.0023E-08 9.9833E-09 9.9337E-09 9.8638E-09 9.7874E-09 9.6943E-09 9.5937E-09 9.4813E-09 9.3647E-09 9.2438E-09 9.1162E-09 8.9763E-09 8.8262E-09 8.6682E-09 8.5027E-09 8.3280E-09 8.1489E-09
2.9361E-12 6.7183E-12 1.5678E-11 3.4157E-11 7.1821E-11 1.2418E-10 1.9414E-10 2.8598E-10 4.1545E-10 5.8078E-10 7.8591E-10 1.0530E-09 1.3809E-09 1.7839E-09 2.2435E-09 2.7674E-09 3.3471E-09 3.9769E-09 4.6468E-09 5.3353E-09 6.0243E-09 6.7012E-09 7.3521E-09 7.9622E-09 8.5167E-09 9.0109E-09 9.4423E-09 9.8090E-09 1.0114E-08 1.0361E-08 1.0547E-08 1.0678E-08 1.0760E-08 1.0804E-08 1.0808E-08 1.0781E-08 1.0733E-08 1.0672E-08 1.0598E-08 1.0516E-08 1.0429E-08 1.0329E-08 1.0226E-08 1.0107E-08 9.9735E-09 9.8349E-09 9.6829E-09 9.5289E-09 9.3623E-09 9.1978E-09 9.0284E-09 8.8567E-09 8.6734E-09 8.4850E-09 8.2895E-09 8.0889E-09 7.8823E-09
3.3571E-12 7.8003E-12 2.2633E-11 4.8807E-11 9.3755E-11 1.5903E-10 2.4526E-10 3.6174E-10 5.1453E-10 7.1519E-10 9.7306E-10 1.2940E-09 1.6858E-09 2.1691E-09 2.7207E-09 3.3449E-09 4.0389E-09 4.7919E-09 5.5836E-09 6.3896E-09 7.1858E-09 7.9594E-09 8.6875E-09 9.3564E-09 9.9526E-09 1.0463E-08 1.0886E-08 1.1221E-08 1.1479E-08 1.1661E-08 1.1771E-08 1.1818E-08 1.1814E-08 1.1764E-08 1.1674E-08 1.1552E-08 1.1415E-08 1.1274E-08 1.1124E-08 1.0966E-08 1.0810E-08 1.0653E-08 1.0487E-08 1.0319E-08 1.0131E-08 9.9421E-09 9.7428E-09 9.5419E-09 9.3348E-09 9.1229E-09 8.9145E-09 8.7066E-09 8.4937E-09 8.2770E-09 8.0542E-09 7.8297E-09 7.6002E-09
3.7798E-12 8.9161E-12 2.8271E-11 6.4790E-11 1.2276E-10 1.9735E-10 3.0225E-10 4.4531E-10 6.3432E-10 8.7591E-10 1.1798E-09 1.5684E-09 2.0448E-09 2.6143E-09 3.2702E-09 4.0108E-09 4.8283E-09 5.7107E-09 6.6351E-09 7.5760E-09 8.5005E-09 9.3800E-09 1.0196E-08 1.0929E-08 1.1564E-08 1.2084E-08 1.2490E-08 1.2782E-08 1.2978E-08 1.3085E-08 1.3103E-08 1.3043E-08 1.2931E-08 1.2768E-08 1.2566E-08 1.2338E-08 1.2101E-08 1.1865E-08 1.1631E-08 1.1399E-08 1.1164E-08 1.0941E-08 1.0719E-08 1.0490E-08 1.0255E-08 1.0011E-08 9.7691E-09 9.5189E-09 9.2740E-09 9.0212E-09 8.7730E-09 8.5273E-09 8.2848E-09 8.0410E-09 7.7984E-09 7.5512E-09 7.3025E-09
4.1904E-12 1.2894E-11 3.7210E-11 7.9941E-11 1.4962E-10 2.4191E-10 3.6405E-10 5.3597E-10 7.6520E-10 1.0521E-09 1.4216E-09 1.8817E-09 2.4489E-09 3.1172E-09 3.8884E-09 4.7569E-09 5.7148E-09 6.7518E-09 7.8357E-09 8.9302E-09 9.9967E-09 1.0999E-08 1.1913E-08 1.2711E-08 1.3376E-08 1.3899E-08 1.4266E-08 1.4500E-08 1.4617E-08 1.4624E-08 1.4524E-08 1.4346E-08 1.4106E-08 1.3812E-08 1.3479E-08 1.3129E-08 1.2780E-08 1.2440E-08 1.2113E-08 1.1797E-08 1.1490E-08 1.1188E-08 1.0911E-08 1.0620E-08 1.0339E-08 1.0041E-08 9.7552E-09 9.4619E-09 9.1766E-09 8.8894E-09 8.6060E-09 8.3251E-09 8.0514E-09 7.7812E-09 7.5164E-09 7.2541E-09 6.9911E-09
4.5744E-12 1.6995E-11 5.0399E-11 1.0178E-10 1.7970E-10 2.8831E-10 4.3564E-10 6.3786E-10 9.0322E-10 1.2451E-09 1.6818E-09 2.2317E-09 2.8900E-09 3.6693E-09 4.5722E-09 5.5864E-09 6.7078E-09 7.9139E-09 9.1703E-09 1.0435E-08 1.1661E-08 1.2800E-08 1.3823E-08 1.4695E-08 1.5395E-08 1.5904E-08 1.6224E-08 1.6382E-08 1.6397E-08 1.6277E-08 1.6039E-08 1.5720E-08 1.5331E-08 1.4886E-08 1.4407E-08 1.3922E-08 1.3446E-08 1.2989E-08 1.2561E-08 1.2155E-08 1.1774E-08 1.1399E-08 1.1051E-08 1.0711E-08 1.0371E-08 1.0033E-08 9.6974E-09 9.3691E-09 9.0412E-09 8.7252E-09 8.4085E-09 8.1013E-09 7.7981E-09 7.5037E-09 7.2182E-09 6.9367E-09 6.6618E-09
4.9170E-12 1.8536E-11 5.8107E-11 1.2365E-10 2.1435E-10 3.3756E-10 5.1178E-10 7.4704E-10 1.0587E-09 1.4571E-09 1.9631E-09 2.5945E-09 3.3635E-09 4.2730E-09 5.3182E-09 6.4949E-09 7.7918E-09 9.1834E-09 1.0635E-08 1.2089E-08 1.3489E-08 1.4785E-08 1.5925E-08 1.6871E-08 1.7598E-08 1.8077E-08 1.8335E-08 1.8400E-08 1.8287E-08 1.8010E-08 1.7615E-08 1.7134E-08 1.6576E-08 1.5961E-08 1.5321E-08 1.4687E-08 1.4081E-08 1.3505E-08 1.2965E-08 1.2466E-08 1.1999E-08 1.1561E-08 1.1141E-08 1.0751E-08 1.0355E-08 9.9774E-09 9.6002E-09 9.2344E-09 8.8739E-09 8.5266E-09 8.1809E-09 7.8511E-09 7.5255E-09 7.2111E-09 6.9056E-09 6.6097E-09 6.3231E-09
5.2040E-12 1.9869E-11 6.5327E-11 1.3919E-10 2.4673E-10 3.9070E-10 5.8832E-10 8.5823E-10 1.2198E-09 1.6740E-09 2.2611E-09 2.9842E-09 3.8662E-09 4.9115E-09 6.1122E-09 7.4661E-09 8.9591E-09 1.0557E-08 1.2218E-08 1.3877E-08 1.5471E-08 1.6940E-08 1.8214E-08 1.9246E-08 1.9990E-08 2.0438E-08 2.0621E-08 2.0570E-08 2.0294E-08 1.9838E-08 1.9261E-08 1.8592E-08 1.7839E-08 1.7034E-08 1.6217E-08 1.5421E-08 1.4666E-08 1.3968E-08 1.3319E-08 1.2723E-08 1.2167E-08 1.1658E-08 1.1184E-08 1.0732E-08 1.0292E-08 9.8702E-09 9.4586E-09 9.0590E-09 8.6707E-09 8.2935E-09 7.9277E-09 7.5754E-09 7.2320E-09 6.9035E-09 6.5815E-09 6.2750E-09 5.9786E-09
5.4232E-12 2.1481E-11 7.3398E-11 1.5848E-10 2.7586E-10 4.4145E-10 6.6683E-10 9.7203E-10 1.3771E-09 1.8984E-09 2.5574E-09 3.3866E-09 4.3864E-09 5.5714E-09 6.9440E-09 8.4879E-09 1.0186E-08 1.2004E-08 1.3884E-08 1.5765E-08 1.7573E-08 1.9224E-08 2.0643E-08 2.1758E-08 2.2515E-08 2.2923E-08 2.3020E-08 2.2827E-08 2.2369E-08 2.1719E-08 2.0939E-08 2.0049E-08 1.9077E-08 1.8071E-08 1.7069E-08 1.6105E-08 1.5197E-08 1.4362E-08 1.3604E-08 1.2909E-08 1.2276E-08 1.1687E-08 1.1165E-08 1.0659E-08 1.0179E-08 9.7158E-09 9.2697E-09 8.8431E-09 8.4309E-09 8.0301E-09 7.6472E-09 7.2759E-09 6.9217E-09 6.5794E-09 6.2489E-09 5.9346E-09 5.6307E-09
5.5647E-12 2.4746E-11 9.0936E-11 1.7924E-10 3.0663E-10 4.8728E-10 7.4647E-10 1.0867E-09 1.5361E-09 2.1162E-09 2.8548E-09 3.7789E-09 4.9035E-09 6.2395E-09 7.7860E-09 9.5299E-09 1.1443E-08 1.3487E-08 1.5606E-08 1.7721E-08 1.9753E-08 2.1602E-08 2.3176E-08 2.4373E-08 2.5148E-08 2.5514E-08 2.5514E-08 2.5157E-08 2.4501E-08 2.3641E-08 2.2633E-08 2.1501E-08 2.0288E-08 1.9058E-08 1.7854E-08 1.6710E-08 1.5653E-08 1.4684E-08 1.3810E-08 1.3018E-08 1.2311E-08 1.1655E-08 1.1073E-08 1.0528E-08 1.0010E-08 9.5131E-09 9.0361E-09 8.5869E-09 8.1524E-09 7.7367E-09 7.3405E-09 6.9570E-09 6.5935E-09 6.2420E-09 5.9071E-09 5.5888E-09 5.2818E-09
5.6221E-12 2.9243E-11 9.5027E-11 1.9145E-10 3.3541E-10 5.3568E-10 8.1605E-10 1.1856E-09 1.6807E-09 2.3206E-09 3.1369E-09 4.1582E-09 5.4055E-09 6.8902E-09 8.6140E-09 1.0557E-08 1.2690E-08 1.4973E-08 1.7330E-08 1.9692E-08 2.1960E-08 2.4024E-08 2.5755E-08 2.7044E-08 2.7848E-08 2.8184E-08 2.8065E-08 2.7532E-08 2.6670E-08 2.5580E-08 2.4311E-08 2.2906E-08 2.1442E-08 1.9982E-08 1.8566E-08 1.7229E-08 1.6007E-08 1.4910E-08 1.3926E-08 1.3048E-08 1.2260E-08 1.1555E-08 1.0917E-08 1.0332E-08 9.7839E-09 9.2609E-09 8.7604E-09 8.2924E-09 7.8396E-09 7.4151E-09 7.0091E-09 6.6187E-09 6.2501E-09 5.8947E-09 5.5589E-09 5.2388E-09 4.9333E-09
5.5927E-12 2.9335E-11 9.7936E-11 2.0023E-10 3.5349E-10 5.7854E-10 8.8272E-10 1.2786E-09 1.8103E-09 2.5054E-09 3.3907E-09 4.5067E-09 5.8724E-09 7.4983E-09 9.3944E-09 1.1535E-08 1.3887E-08 1.6401E-08 1.9007E-08 2.1626E-08 2.4143E-08 2.6422E-08 2.8309E-08 2.9702E-08 3.0541E-08 3.0842E-08 3.0603E-08 2.9889E-08 2.8828E-08 2.7486E-08 2.5935E-08 2.4246E-08 2.2508E-08 2.0795E-08 1.9168E-08 1.7643E-08 1.6262E-08 1.5032E-08 1.3943E-08 1.2988E-08 1.2128E-08 1.1373E-08 1.0696E-08 1.0076E-08 9.5005E-09 8.9580E-09 8.4453E-09 7.9607E-09 7.4979E-09 7.0664E-09 6.6546E-09 6.2635E-09 5.8938E-09 5.5400E-09 5.2056E-09 4.8879E-09 4.5867E-09
5.4777E-12 2.7382E-11 9.8595E-11 2.0502E-10 3.6484E-10 6.0595E-10 9.2910E-10 1.3553E-09 1.9154E-09 2.6601E-09 3.6144E-09 4.8065E-09 6.2787E-09 8.0384E-09 1.0091E-08 1.2420E-08 1.4981E-08 1.7725E-08 2.0578E-08 2.3455E-08 2.6226E-08 2.8722E-08 3.0787E-08 3.2294E-08 3.3196E-08 3.3468E-08 3.3114E-08 3.2237E-08 3.0945E-08 2.9338E-08 2.7487E-08 2.5499E-08 2.3473E-08 2.1499E-08 1.9639E-08 1.7927E-08 1.6395E-08 1.5041E-08 1.3855E-08 1.2824E-08 1.1919E-08 1.1114E-08 1.0408E-08 9.7613E-09 9.1621E-09 8.6057E-09 8.0874E-09 7.5950E-09 7.1297E-09 6.6959E-09 6.2828E-09 5.8930E-09 5.5264E-09 5.1795E-09 4.8500E-09 4.5385E-09 4.2443E-09
5.2825E-12 2.4183E-11 9.6734E-11 2.1208E-10 3.8606E-10 6.3102E-10 9.6399E-10 1.4039E-09 1.9916E-09 2.7747E-09 3.7829E-09 5.0447E-09 6.6007E-09 8.4783E-09 1.0670E-08 1.3166E-08 1.5921E-08 1.8874E-08 2.1977E-08 2.5109E-08 2.8130E-08 3.0852E-08 3.3100E-08 3.4746E-08 3.5711E-08 3.5964E-08 3.5521E-08 3.4483E-08 3.2969E-08 3.1080E-08 2.8918E-08 2.6613E-08 2.4297E-08 2.2062E-08 1.9977E-08 1.8075E-08 1.6390E-08 1.4928E-08 1.3666E-08 1.2563E-08 1.1619E-08 1.0780E-08 1.0050E-08 9.3884E-09 8.7740E-09 8.2136E-09 7.6896E-09 7.1978E-09 6.7362E-09 6.3064E-09 5.8979E-09 5.5122E-09 5.1523E-09 4.8142E-09 4.4938E-09 4.1921E-09 3.9078E-09
