Assets/Resources/2015_m01_d15_0000(utc+0800)_l00_csi_1hr_conc.grd
DSAA
         159         159
     -79.000      79.000
     -79.000      79.000
  0.0000E+00  0.3359E-05
[rows 50 to 74 of 159, columns 0 to 56 of 159]
3.1500E-10 3.3972E-10 3.6614E-10 3.9458E-10 4.2459E-10 4.5681E-10 4.9076E-10 5.2712E-10 5.6494E-10 6.0501E-10 6.4740E-10 6.9173E-10 7.3874E-10 7.8786E-10 8.4023E-10 8.9553E-10 9.5323E-10 1.0145E-09 1.0781E-09 1.1455E-09 1.2155E-09 1.2888E-09 1.3662E-09 1.4472E-09 1.5330E-09 1.6221E-09 1.7163E-09 1.8162E-09 1.9209E-09 2.0317E-09 2.1459E-09 2.2636E-09 2.3877E-09 2.5163E-09 2.6497E-09 2.7881E-09 2.9319E-09 3.0788E-09 3.2299E-09 3.3852E-09 3.5440E-09 3.7071E-09 3.8733E-09 4.0443E-09 4.2175E-09 4.3963E-09 4.5766E-09 4.7608E-09 4.9475E-09 5.1373E-09 5.3277E-09 5.5173E-09 5.7074E-09 5.8975E-09 6.0861E-09 6.2741E-09 6.4598E-09
2.9723E-10 3.2063E-10 3.4617E-10 3.7307E-10 4.0139E-10 4.3187E-10 4.6456E-10 4.9894E-10 5.3429E-10 5.7219E-10 6.1229E-10 6.5386E-10 6.9872E-10 7.4555E-10 7.9512E-10 8.4682E-10 9.0147E-10 9.5952E-10 1.0198E-09 1.0838E-09 1.1501E-09 1.2202E-09 1.2936E-09 1.3706E-09 1.4521E-09 1.5369E-09 1.6266E-09 1.7218E-09 1.8218E-09 1.9279E-09 2.0373E-09 2.1501E-09 2.2695E-09 2.3934E-09 2.5221E-09 2.6561E-09 2.7955E-09 2.9395E-09 3.0866E-09 3.2375E-09 3.3929E-09 3.5521E-09 3.7159E-09 3.8837E-09 4.0546E-09 4.2314E-09 4.4110E-09 4.5942E-09 4.7805E-09 4.9694E-09 5.1601E-09 5.3506E-09 5.5429E-09 5.7343E-09 5.9255E-09 6.1167E-09 6.3070E-09
2.8007E-10 3.0271E-10 3.2684E-10 3.5187E-10 3.7881E-10 4.0658E-10 4.3709E-10 4.6921E-10 5.0361E-10 5.3976E-10 5.7756E-10 6.1753E-10 6.5992E-10 7.0418E-10 7.5104E-10 7.9991E-10 8.5197E-10 9.0619E-10 9.6327E-10 1.0238E-09 1.0867E-09 1.1531E-09 1.2226E-09 1.2962E-09 1.3735E-09 1.4540E-09 1.5393E-09 1.6300E-09 1.7253E-09 1.8266E-09 1.9312E-09 2.0392E-09 2.1539E-09 2.2729E-09 2.3970E-09 2.5263E-09 2.6619E-09 2.8016E-09 2.9439E-09 3.0914E-09 3.2425E-09 3.3989E-09 3.5587E-09 3.7237E-09 3.8931E-09 4.0670E-09 4.2442E-09 4.4260E-09 4.6112E-09 4.8002E-09 4.9900E-09 5.1818E-09 5.3744E-09 5.5673E-09 5.7606E-09 5.9549E-09 6.1490E-09
2.6359E-10 2.8487E-10 3.0701E-10 3.3119E-10 3.5662E-10 3.8396E-10 4.1272E-10 4.4300E-10 4.7543E-10 5.0953E-10 5.4517E-10 5.8286E-10 6.2286E-10 6.6461E-10 7.0883E-10 7.5495E-10 8.0410E-10 8.5530E-10 9.0921E-10 9.6572E-10 1.0251E-09 1.0880E-09 1.1537E-09 1.2235E-09 1.2967E-09 1.3735E-09 1.4545E-09 1.5408E-09 1.6315E-09 1.7281E-09 1.8279E-09 1.9311E-09 2.0410E-09 2.1552E-09 2.2745E-09 2.3998E-09 2.5315E-09 2.6653E-09 2.8039E-09 2.9467E-09 3.0946E-09 3.2464E-09 3.4042E-09 3.5651E-09 3.7308E-09 3.9023E-09 4.0773E-09 4.2578E-09 4.4417E-09 4.6289E-09 4.8181E-09 5.0098E-09 5.2029E-09 5.3968E-09 5.5925E-09 5.7889E-09 5.9861E-09
2.4719E-10 2.6771E-10 2.8910E-10 3.1188E-10 3.3544E-10 3.6121E-10 3.8831E-10 4.1700E-10 4.4696E-10 4.7926E-10 5.1281E-10 5.4791E-10 5.8535E-10 6.2508E-10 6.6715E-10 7.1099E-10 7.5734E-10 8.0562E-10 8.5702E-10 9.1032E-10 9.6639E-10 1.0251E-09 1.0878E-09 1.1537E-09 1.2229E-09 1.2957E-09 1.3724E-09 1.4543E-09 1.5405E-09 1.6324E-09 1.7275E-09 1.8260E-09 1.9310E-09 2.0404E-09 2.1556E-09 2.2754E-09 2.4024E-09 2.5316E-09 2.6657E-09 2.8044E-09 2.9481E-09 3.0965E-09 3.2499E-09 3.4072E-09 3.5695E-09 3.7390E-09 3.9113E-09 4.0889E-09 4.2708E-09 4.4565E-09 4.6454E-09 4.8367E-09 5.0290E-09 5.2234E-09 5.4205E-09 5.6192E-09 5.8185E-09
2.3146E-10 2.5068E-10 2.7134E-10 2.9214E-10 3.1487E-10 3.3875E-10 3.6442E-10 3.9138E-10 4.1975E-10 4.5014E-10 4.8206E-10 5.1582E-10 5.5103E-10 5.8840E-10 6.2734E-10 6.6861E-10 7.1226E-10 7.5772E-10 8.0614E-10 8.5636E-10 9.0976E-10 9.6509E-10 1.0236E-09 1.0852E-09 1.1506E-09 1.2194E-09 1.2919E-09 1.3700E-09 1.4519E-09 1.5397E-09 1.6301E-09 1.7239E-09 1.8241E-09 1.9287E-09 2.0391E-09 2.1540E-09 2.2763E-09 2.4008E-09 2.5303E-09 2.6646E-09 2.8039E-09 2.9482E-09 3.0977E-09 3.2509E-09 3.4106E-09 3.5762E-09 3.7454E-09 3.9204E-09 4.0999E-09 4.2836E-09 4.4711E-09 4.6614E-09 4.8532E-09 5.0476E-09 5.2458E-09 5.4458E-09 5.6468E-09
2.1597E-10 2.3504E-10 2.5433E-10 2.7439E-10 2.9575E-10 3.1817E-10 3.4190E-10 3.6724E-10 3.9382E-10 4.2238E-10 4.5259E-10 4.8421E-10 5.1763E-10 5.5275E-10 5.8933E-10 6.2812E-10 6.6848E-10 7.1161E-10 7.5716E-10 8.0440E-10 8.5467E-10 9.0675E-10 9.6212E-10 1.0204E-09 1.0820E-09 1.1462E-09 1.2147E-09 1.2887E-09 1.3662E-09 1.4494E-09 1.5353E-09 1.6249E-09 1.7204E-09 1.8202E-09 1.9258E-09 2.0358E-09 2.1534E-09 2.2730E-09 2.3980E-09 2.5277E-09 2.6624E-09 2.8025E-09 2.9477E-09 3.0982E-09 3.2527E-09 3.4149E-09 3.5807E-09 3.7534E-09 3.9302E-09 4.1108E-09 4.2965E-09 4.4853E-09 4.6759E-09 4.8708E-09 5.0688E-09 5.2692E-09 5.4714E-09
2.0122E-10 2.1889E-10 2.3643E-10 2.5632E-10 2.7627E-10 2.9749E-10 3.1975E-10 3.4308E-10 3.6821E-10 3.9561E-10 4.2347E-10 4.5316E-10 4.8454E-10 5.1786E-10 5.5254E-10 5.8931E-10 6.2695E-10 6.6744E-10 7.1023E-10 7.5446E-10 8.0171E-10 8.5065E-10 9.0257E-10 9.5740E-10 1.0160E-09 1.0765E-09 1.1410E-09 1.2102E-09 1.2835E-09 1.3624E-09 1.4437E-09 1.5287E-09 1.6195E-09 1.7152E-09 1.8159E-09 1.9211E-09 2.0332E-09 2.1479E-09 2.2689E-09 2.3939E-09 2.5240E-09 2.6596E-09 2.8010E-09 2.9466E-09 3.0972E-09 3.2554E-09 3.4183E-09 3.5869E-09 3.7606E-09 3.9384E-09 4.1225E-09 4.3087E-09 4.4978E-09 4.6920E-09 4.8897E-09 5.0902E-09 5.2928E-09
1.8451E-10 2.0322E-10 2.2109E-10 2.3960E-10 2.5882E-10 2.7871E-10 2.9917E-10 3.2159E-10 3.4449E-10 3.6977E-10 3.9627E-10 4.2466E-10 4.5404E-10 4.8498E-10 5.1748E-10 5.5194E-10 5.8777E-10 6.2571E-10 6.6516E-10 7.0669E-10 7.5102E-10 7.9751E-10 8.4624E-10 8.9703E-10 9.5249E-10 1.0089E-09 1.0702E-09 1.1355E-09 1.2046E-09 1.2785E-09 1.3554E-09 1.4358E-09 1.5221E-09 1.6131E-09 1.7090E-09 1.8100E-09 1.9171E-09 2.0270E-09 2.1433E-09 2.2635E-09 2.3896E-09 2.5213E-09 2.6566E-09 2.7978E-09 2.9442E-09 3.0990E-09 3.2572E-09 3.4222E-09 3.5924E-09 3.7678E-09 3.9485E-09 4.1322E-09 4.3195E-09 4.5125E-09 4.7092E-09 4.9091E-09 5.1116E-09
1.6619E-10 1.8623E-10 2.0486E-10 2.2262E-10 2.4047E-10 2.5900E-10 2.7870E-10 2.9932E-10 3.2150E-10 3.4515E-10 3.7052E-10 3.9669E-10 4.2408E-10 4.5304E-10 4.8302E-10 5.1501E-10 5.4894E-10 5.8485E-10 6.2215E-10 6.6160E-10 7.0242E-10 7.4599E-10 7.9107E-10 8.3894E-10 8.9086E-10 9.4464E-10 1.0023E-09 1.0638E-09 1.1289E-09 1.1986E-09 1.2712E-09 1.3471E-09 1.4289E-09 1.5152E-09 1.6064E-09 1.7026E-09 1.8048E-09 1.9099E-09 2.0213E-09 2.1366E-09 2.2581E-09 2.3850E-09 2.5155E-09 2.6522E-09 2.7949E-09 2.9445E-09 3.0986E-09 3.2596E-09 3.4260E-09 3.5980E-09 3.7755E-09 3.9563E-09 4.1420E-09 4.3327E-09 4.5277E-09 4.7265E-09 4.9286E-09
1.4886E-10 1.6704E-10 1.8700E-10 2.0615E-10 2.2256E-10 2.4092E-10 2.5921E-10 2.7865E-10 2.9939E-10 3.2167E-10 3.4498E-10 3.6903E-10 3.9522E-10 4.2263E-10 4.5173E-10 4.8160E-10 5.1269E-10 5.4560E-10 5.8048E-10 6.1739E-10 6.5611E-10 6.9688E-10 7.3902E-10 7.8384E-10 8.3148E-10 8.8220E-10 9.3655E-10 9.9460E-10 1.0564E-09 1.1220E-09 1.1903E-09 1.2612E-09 1.3387E-09 1.4203E-09 1.5068E-09 1.5983E-09 1.6957E-09 1.7966E-09 1.9032E-09 2.0135E-09 2.1303E-09 2.2523E-09 2.3786E-09 2.5107E-09 2.6479E-09 2.7930E-09 2.9428E-09 3.0994E-09 3.2617E-09 3.4299E-09 3.6039E-09 3.7815E-09 3.9647E-09 4.1529E-09 4.3459E-09 4.5430E-09 4.7442E-09
1.3285E-10 1.4988E-10 1.6856E-10 1.8835E-10 2.0732E-10 2.2377E-10 2.4189E-10 2.6003E-10 2.7899E-10 2.9937E-10 3.2113E-10 3.4447E-10 3.6889E-10 3.9406E-10 4.2061E-10 4.4841E-10 4.7837E-10 5.0907E-10 5.4162E-10 5.7515E-10 6.1133E-10 6.4943E-10 6.8937E-10 7.3126E-10 7.7461E-10 8.2254E-10 8.7370E-10 9.2838E-10 9.8647E-10 1.0482E-09 1.1129E-09 1.1796E-09 1.2527E-09 1.3298E-09 1.4111E-09 1.4978E-09 1.5912E-09 1.6874E-09 1.7890E-09 1.8945E-09 2.0070E-09 2.1233E-09 2.2448E-09 2.3722E-09 2.5045E-09 2.6449E-09 2.7907E-09 2.9428E-09 3.1001E-09 3.2642E-09 3.4344E-09 3.6085E-09 3.7885E-09 3.9738E-09 4.1641E-09 4.3591E-09 4.5588E-09
1.1791E-10 1.3325E-10 1.4955E-10 1.6808E-10 1.8769E-10 2.0647E-10 2.2389E-10 2.4056E-10 2.5840E-10 2.7703E-10 2.9748E-10 3.1885E-10 3.4179E-10 3.6578E-10 3.9086E-10 4.1752E-10 4.4480E-10 4.7377E-10 5.0448E-10 5.3630E-10 5.7001E-10 6.0552E-10 6.4214E-10 6.8055E-10 7.2156E-10 7.6538E-10 8.1280E-10 8.6494E-10 9.1976E-10 9.7763E-10 1.0384E-09 1.1011E-09 1.1704E-09 1.2432E-09 1.3200E-09 1.4021E-09 1.4901E-09 1.5815E-09 1.6781E-09 1.7795E-09 1.8871E-09 1.9984E-09 2.1150E-09 2.2375E-09 2.3648E-09 2.5011E-09 2.6413E-09 2.7887E-09 2.9415E-09 3.1012E-09 3.2671E-09 3.4374E-09 3.6140E-09 3.7957E-09 3.9829E-09 4.1755E-09 4.3732E-09
1.0395E-10 1.1760E-10 1.3278E-10 1.4947E-10 1.6779E-10 1.8715E-10 2.0569E-10 2.2284E-10 2.3931E-10 2.5680E-10 2.7545E-10 2.9590E-10 3.1685E-10 3.3918E-10 3.6311E-10 3.8762E-10 4.1336E-10 4.4067E-10 4.6819E-10 4.9783E-10 5.2962E-10 5.6254E-10 5.9724E-10 6.3366E-10 6.7182E-10 7.1203E-10 7.5609E-10 8.0462E-10 8.5556E-10 9.1030E-10 9.6738E-10 1.0260E-09 1.0913E-09 1.1598E-09 1.2328E-09 1.3103E-09 1.3937E-09 1.4803E-09 1.5722E-09 1.6687E-09 1.7707E-09 1.8777E-09 1.9893E-09 2.1068E-09 2.2291E-09 2.3604E-09 2.4957E-09 2.6382E-09 2.7861E-09 2.9419E-09 3.1026E-09 3.2688E-09 3.4414E-09 3.6193E-09 3.8030E-09 3.9925E-09 4.1877E-09
9.6043E-11 1.0361E-10 1.1606E-10 1.3165E-10 1.4811E-10 1.6560E-10 1.8535E-10 2.0450E-10 2.2135E-10 2.3754E-10 2.5504E-10 2.7366E-10 2.9367E-10 3.1455E-10 3.3537E-10 3.5878E-10 3.8305E-10 4.0815E-10 4.3446E-10 4.6237E-10 4.9124E-10 5.2186E-10 5.5414E-10 5.8797E-10 6.2349E-10 6.6089E-10 7.0116E-10 7.4741E-10 7.9527E-10 8.4584E-10 8.9889E-10 9.5449E-10 1.0158E-09 1.0802E-09 1.1489E-09 1.2220E-09 1.3015E-09 1.3834E-09 1.4705E-09 1.5621E-09 1.6592E-09 1.7613E-09 1.8679E-09 1.9804E-09 2.0975E-09 2.2238E-09 2.3539E-09 2.4914E-09 2.6351E-09 2.7852E-09 2.9413E-09 3.1030E-09 3.2712E-09 3.4450E-09 3.6247E-09 3.8108E-09 4.0027E-09
9.0303E-11 9.5647E-11 1.0120E-10 1.1344E-10 1.2882E-10 1.4567E-10 1.6385E-10 1.8327E-10 2.0337E-10 2.1986E-10 2.3517E-10 2.5264E-10 2.7082E-10 2.8983E-10 3.1066E-10 3.3238E-10 3.5457E-10 3.7784E-10 4.0261E-10 4.2820E-10 4.5461E-10 4.8344E-10 5.1395E-10 5.4466E-10 5.7767E-10 6.1235E-10 6.4888E-10 6.9169E-10 7.3733E-10 7.8520E-10 8.3502E-10 8.8656E-10 9.4404E-10 1.0036E-09 1.0681E-09 1.1370E-09 1.2113E-09 1.2887E-09 1.3718E-09 1.4592E-09 1.5522E-09 1.6492E-09 1.7509E-09 1.8583E-09 1.9703E-09 2.0914E-09 2.2164E-09 2.3487E-09 2.4872E-09 2.6323E-09 2.7835E-09 2.9405E-09 3.1039E-09 3.2731E-09 3.4486E-09 3.6308E-09 3.8190E-09
8.4817E-11 8.9836E-11 9.5055E-11 1.0047E-10 1.1047E-10 1.2559E-10 1.4217E-10 1.5964E-10 1.7872E-10 1.9882E-10 2.1676E-10 2.3222E-10 2.4869E-10 2.6683E-10 2.8574E-10 3.0604E-10 3.2721E-10 3.4947E-10 3.7239E-10 3.9583E-10 4.2103E-10 4.4775E-10 4.7536E-10 5.0449E-10 5.3499E-10 5.6712E-10 6.0099E-10 6.3887E-10 6.8152E-10 7.2654E-10 7.7395E-10 8.2266E-10 8.7586E-10 9.3165E-10 9.9210E-10 1.0574E-09 1.1274E-09 1.2003E-09 1.2787E-09 1.3613E-09 1.4495E-09 1.5417E-09 1.6383E-09 1.7407E-09 1.8475E-09 1.9634E-09 2.0832E-09 2.2102E-09 2.3435E-09 2.4834E-09 2.6295E-09 2.7814E-09 2.9399E-09 3.1041E-09 3.2751E-09 3.4530E-09 3.6370E-09
7.9583E-11 8.4292E-11 8.9188E-11 9.4270E-11 9.9539E-11 1.0826E-10 1.2407E-10 1.4030E-10 1.5738E-10 1.7604E-10 1.9635E-10 2.1384E-10 2.2922E-10 2.4562E-10 2.6226E-10 2.8108E-10 3.0089E-10 3.2146E-10 3.4270E-10 3.6496E-10 3.8865E-10 4.1310E-10 4.3841E-10 4.6594E-10 4.9420E-10 5.2393E-10 5.5588E-10 5.9014E-10 6.2944E-10 6.7051E-10 7.1500E-10 7.6082E-10 8.1136E-10 8.6397E-10 9.2054E-10 9.8175E-10 1.0469E-09 1.1161E-09 1.1899E-09 1.2678E-09 1.3514E-09 1.4386E-09 1.5304E-09 1.6277E-09 1.7293E-09 1.8400E-09 1.9545E-09 2.0762E-09 2.2041E-09 2.3387E-09 2.4795E-09 2.6262E-09 2.7794E-09 2.9385E-09 3.1046E-09 3.2778E-09 3.4571E-09
7.4595E-11 7.9008E-11 8.3597E-11 8.8360E-11 9.3299E-11 9.8412E-11 1.0458E-10 1.1746E-10 1.3535E-10 1.5287E-10 1.7110E-10 1.9187E-10 2.1048E-10 2.2473E-10 2.4063E-10 2.5818E-10 2.7644E-10 2.9546E-10 3.1607E-10 3.3669E-10 3.5829E-10 3.8089E-10 4.0489E-10 4.2963E-10 4.5576E-10 4.8378E-10 5.1271E-10 5.4372E-10 5.7983E-10 6.1910E-10 6.6068E-10 7.0224E-10 7.4966E-10 7.9878E-10 8.5222E-10 9.0872E-10 9.7047E-10 1.0354E-09 1.1047E-09 1.1782E-09 1.2577E-09 1.3401E-09 1.4271E-09 1.5194E-09 1.6158E-09 1.7214E-09 1.8306E-09 1.9468E-09 2.0694E-09 2.1984E-09 2.3338E-09 2.4752E-09 2.6228E-09 2.7765E-09 2.9374E-09 3.1055E-09 3.2799E-09
6.9847E-11 7.3980E-11 7.8276E-11 8.2736E-11 8.7360E-11 9.2147E-11 9.7095E-11 1.0220E-10 1.1434E-10 1.2982E-10 1.4609E-10 1.6386E-10 1.8320E-10 2.0419E-10 2.2084E-10 2.3663E-10 2.5323E-10 2.7090E-10 2.8931E-10 3.0832E-10 3.2898E-10 3.5056E-10 3.7240E-10 3.9497E-10 4.1964E-10 4.4491E-10 4.7160E-10 5.0145E-10 5.3275E-10 5.6869E-10 6.0778E-10 6.4795E-10 6.9245E-10 7.3772E-10 7.8627E-10 8.3902E-10 8.9745E-10 9.5830E-10 1.0226E-09 1.0923E-09 1.1678E-09 1.2454E-09 1.3284E-09 1.4157E-09 1.5070E-09 1.6075E-09 1.7113E-09 1.8222E-09 1.9393E-09 2.0628E-09 2.1926E-09 2.3285E-09 2.4704E-09 2.6184E-09 2.7739E-09 2.9366E-09 3.1057E-09
6.5334E-11 6.9199E-11 7.3218E-11 7.7389E-11 8.1714E-11 8.6191E-11 9.0820E-11 9.5599E-11 1.0052E-10 1.0945E-10 1.2290E-10 1.4070E-10 1.5835E-10 1.7712E-10 1.9938E-10 2.1547E-10 2.3073E-10 2.4760E-10 2.6513E-10 2.8355E-10 3.0225E-10 3.2185E-10 3.4195E-10 3.6374E-10 3.8518E-10 4.0904E-10 4.3416E-10 4.6109E-10 4.8921E-10 5.2194E-10 5.5788E-10 5.9548E-10 6.3729E-10 6.8025E-10 7.2602E-10 7.7513E-10 8.2912E-10 8.8595E-10 9.4669E-10 1.0120E-09 1.0823E-09 1.1561E-09 1.2343E-09 1.3167E-09 1.4030E-09 1.4984E-09 1.5970E-09 1.7025E-09 1.8141E-09 1.9319E-09 2.0562E-09 2.1863E-09 2.3225E-09 2.4647E-09 2.6146E-09 2.7715E-09 2.9349E-09
6.1050E-11 6.4662E-11 6.8416E-11 7.2314E-11 7.6355E-11 8.0538E-11 8.4863E-11 8.9328E-11 9.3930E-11 9.8668E-11 1.0644E-10 1.1702E-10 1.3273E-10 1.5186E-10 1.7002E-10 1.8975E-10 2.0828E-10 2.2485E-10 2.4114E-10 2.5807E-10 2.7587E-10 2.9459E-10 3.1310E-10 3.3286E-10 3.5351E-10 3.7547E-10 3.9795E-10 4.2282E-10 4.4988E-10 4.7839E-10 5.1096E-10 5.4590E-10 5.8513E-10 6.2548E-10 6.6817E-10 7.1436E-10 7.6531E-10 8.1754E-10 8.7429E-10 9.3542E-10 1.0013E-09 1.0712E-09 1.1449E-09 1.2224E-09 1.3039E-09 1.3942E-09 1.4875E-09 1.5877E-09 1.6938E-09 1.8060E-09 1.9246E-09 2.0490E-09 2.1792E-09 2.3155E-09 2.4595E-09 2.6105E-09 2.7681E-09
5.6988E-11 6.0359E-11 6.3863E-11 6.7502E-11 7.1273E-11 7.5178E-11 7.9215E-11 8.3382E-11 8.7678E-11 9.2100E-11 9.6645E-11 1.0254E-10 1.1194E-10 1.2264E-10 1.4127E-10 1.5981E-10 1.8134E-10 2.0036E-10 2.1857E-10 2.3427E-10 2.5057E-10 2.6773E-10 2.8580E-10 3.0434E-10 3.2368E-10 3.4354E-10 3.6471E-10 3.8752E-10 4.1178E-10 4.3772E-10 4.6733E-10 4.9880E-10 5.3556E-10 5.7359E-10 6.1356E-10 6.5662E-10 7.0265E-10 7.5182E-10 8.0476E-10 8.6185E-10 9.2399E-10 9.9018E-10 1.0600E-09 1.1329E-09 1.2096E-09 1.2948E-09 1.3830E-09 1.4779E-09 1.5785E-09 1.6851E-09 1.7980E-09 1.9165E-09 2.0408E-09 2.1711E-09 2.3091E-09 2.4539E-09 2.6054E-09
5.3142E-11 5.6285E-11 5.9553E-11 6.2945E-11 6.6462E-11 7.0103E-11 7.3867E-11 7.7752E-11 8.1758E-11 8.5881E-11 9.0119E-11 9.4469E-11 9.8926E-11 1.0713E-10 1.1706E-10 1.3055E-10 1.4851E-10 1.6927E-10 1.8958E-10 2.0924E-10 2.2711E-10 2.4343E-10 2.6058E-10 2.7728E-10 2.9511E-10 3.1372E-10 3.3315E-10 3.5413E-10 3.7698E-10 4.0141E-10 4.2738E-10 4.5546E-10 4.8918E-10 5.2473E-10 5.6231E-10 6.0187E-10 6.4578E-10 6.9141E-10 7.4065E-10 7.9363E-10 8.5167E-10 9.1358E-10 9.7955E-10 1.0480E-09 1.1200E-09 1.2003E-09 1.2834E-09 1.3732E-09 1.4676E-09 1.5687E-09 1.6766E-09 1.7892E-09 1.9075E-09 2.0316E-09 2.1635E-09 2.3021E-09 2.4473E-09
4.9504E-11 5.2432E-11 5.5476E-11 5.8635E-11 6.1911E-11 6.5303E-11 6.8809E-11 7.2428E-11 7.6159E-11 8.0000E-11 8.3948E-11 8.7999E-11 9.2151E-11 9.6399E-11 1.0262E-10 1.1131E-10 1.2265E-10 1.3565E-10 1.5579E-10 1.7789E-10 1.9839E-10 2.1820E-10 2.3571E-10 2.5181E-10 2.6917E-10 2.8624E-10 3.0371E-10 3.2285E-10 3.4386E-10 3.6570E-10 3.8969E-10 4.1524E-10 4.4547E-10 4.7813E-10 5.1377E-10 5.5167E-10 5.9186E-10 6.3411E-10 6.7965E-10 7.2891E-10 7.8165E-10 8.4005E-10 9.0229E-10 9.6642E-10 1.0345E-09 1.1093E-09 1.1882E-09 1.2728E-09 1.3626E-09 1.4582E-09 1.5603E-09 1.6671E-09 1.7794E-09 1.8973E-09 2.0229E-09 2.1552E-09 2.2939E-09
