Assets/Resources/2015_m01_d18_0400(utc+0800)_l00_csi_1hr_conc.grd
DSAA
         159         159
     -79.000      79.000
     -79.000      79.000
  0.1709E-10  0.1107E-04
[rows 0 to 24 of 159, columns 57 to 113 of 159]
6.5623E-10 6.7783E-10 6.9885E-10 7.2056E-10 7.4164E-10 7.6339E-10 7.8437E-10 8.0592E-10 8.2663E-10 8.4715E-10 8.6810E-10 8.8810E-10 9.0843E-10 9.2775E-10 9.4658E-10 9.6487E-10 9.8256E-10 1.0003E-09 1.0167E-09 1.0323E-09 1.0471E-09 1.0618E-09 1.0749E-09 1.0871E-09 1.0983E-09 1.1086E-09 1.1179E-09 1.1261E-09 1.1334E-09 1.1397E-09 1.1450E-09 1.1494E-09 1.1519E-09 1.1543E-09 1.1549E-09 1.1554E-09 1.1550E-09 1.1538E-09 1.1516E-09 1.1488E-09 1.1452E-09 1.1408E-09 1.1357E-09 1.1272E-09 1.1209E-09 1.1139E-09 1.1065E-09 1.0984E-09 1.0897E-09 1.0792E-09 1.0683E-09 1.0587E-09 1.0489E-09 1.0391E-09 1.0277E-09 1.0170E-09 1.0068E-09
6.8922E-10 7.1126E-10 7.3410E-10 7.5626E-10 7.7913E-10 8.0127E-10 8.2401E-10 8.4595E-10 8.6838E-10 8.8995E-10 9.1198E-10 9.3300E-10 9.5366E-10 9.7457E-10 9.9423E-10 1.0133E-09 1.0324E-09 1.0502E-09 1.0672E-09 1.0840E-09 1.0994E-09 1.1138E-09 1.1273E-09 1.1399E-09 1.1513E-09 1.1618E-09 1.1712E-09 1.1796E-09 1.1869E-09 1.1932E-09 1.1984E-09 1.2026E-09 1.2057E-09 1.2078E-09 1.2090E-09 1.2092E-09 1.2085E-09 1.2068E-09 1.2037E-09 1.1997E-09 1.1942E-09 1.1894E-09 1.1839E-09 1.1776E-09 1.1707E-09 1.1631E-09 1.1549E-09 1.1433E-09 1.1341E-09 1.1244E-09 1.1146E-09 1.1045E-09 1.0924E-09 1.0815E-09 1.0712E-09 1.0607E-09 1.0501E-09
7.2306E-10 7.4694E-10 7.7089E-10 7.9421E-10 8.1819E-10 8.4147E-10 8.6540E-10 8.8847E-10 9.1207E-10 9.3474E-10 9.5713E-10 9.7988E-10 1.0015E-09 1.0233E-09 1.0438E-09 1.0641E-09 1.0833E-09 1.1017E-09 1.1194E-09 1.1366E-09 1.1524E-09 1.1673E-09 1.1812E-09 1.1944E-09 1.2062E-09 1.2168E-09 1.2264E-09 1.2348E-09 1.2422E-09 1.2484E-09 1.2535E-09 1.2576E-09 1.2605E-09 1.2624E-09 1.2633E-09 1.2629E-09 1.2618E-09 1.2594E-09 1.2562E-09 1.2525E-09 1.2479E-09 1.2426E-09 1.2364E-09 1.2296E-09 1.2199E-09 1.2110E-09 1.2021E-09 1.1927E-09 1.1829E-09 1.1728E-09 1.1612E-09 1.1495E-09 1.1391E-09 1.1285E-09 1.1178E-09 1.1055E-09 1.0936E-09
7.5903E-10 7.8407E-10 8.0855E-10 8.3381E-10 8.5834E-10 8.8353E-10 9.0792E-10 9.3287E-10 9.5692E-10 9.8142E-10 1.0053E-09 1.0284E-09 1.0510E-09 1.0734E-09 1.0948E-09 1.1160E-09 1.1359E-09 1.1551E-09 1.1737E-09 1.1911E-09 1.2079E-09 1.2233E-09 1.2375E-09 1.2506E-09 1.2630E-09 1.2738E-09 1.2835E-09 1.2920E-09 1.2994E-09 1.3056E-09 1.3106E-09 1.3145E-09 1.3173E-09 1.3190E-09 1.3192E-09 1.3188E-09 1.3174E-09 1.3147E-09 1.3114E-09 1.3072E-09 1.3022E-09 1.2962E-09 1.2888E-09 1.2805E-09 1.2722E-09 1.2633E-09 1.2538E-09 1.2438E-09 1.2307E-09 1.2205E-09 1.2100E-09 1.1993E-09 1.1885E-09 1.1754E-09 1.1635E-09 1.1520E-09 1.1400E-09
7.9654E-10 8.2289E-10 8.4865E-10 8.7512E-10 9.0092E-10 9.2732E-10 9.5339E-10 9.7888E-10 1.0046E-09 1.0296E-09 1.0545E-09 1.0786E-09 1.1022E-09 1.1260E-09 1.1483E-09 1.1699E-09 1.1910E-09 1.2109E-09 1.2299E-09 1.2482E-09 1.2651E-09 1.2808E-09 1.2958E-09 1.3092E-09 1.3214E-09 1.3329E-09 1.3427E-09 1.3512E-09 1.3586E-09 1.3647E-09 1.3697E-09 1.3734E-09 1.3760E-09 1.3775E-09 1.3774E-09 1.3767E-09 1.3750E-09 1.3722E-09 1.3685E-09 1.3639E-09 1.3582E-09 1.3514E-09 1.3432E-09 1.3346E-09 1.3257E-09 1.3161E-09 1.3061E-09 1.2942E-09 1.2838E-09 1.2731E-09 1.2623E-09 1.2497E-09 1.2372E-09 1.2257E-09 1.2138E-09 1.2006E-09 1.1877E-09
8.3496E-10 8.6262E-10 8.9035E-10 9.1789E-10 9.4501E-10 9.7247E-10 9.9940E-10 1.0266E-09 1.0531E-09 1.0800E-09 1.1057E-09 1.1313E-09 1.1559E-09 1.1799E-09 1.2035E-09 1.2259E-09 1.2478E-09 1.2689E-09 1.2885E-09 1.3070E-09 1.3247E-09 1.3409E-09 1.3558E-09 1.3699E-09 1.3824E-09 1.3936E-09 1.4035E-09 1.4121E-09 1.4199E-09 1.4260E-09 1.4308E-09 1.4345E-09 1.4368E-09 1.4381E-09 1.4382E-09 1.4372E-09 1.4350E-09 1.4318E-09 1.4272E-09 1.4220E-09 1.4154E-09 1.4083E-09 1.3994E-09 1.3906E-09 1.3810E-09 1.3711E-09 1.3607E-09 1.3486E-09 1.3378E-09 1.3269E-09 1.3147E-09 1.3025E-09 1.2907E-09 1.2784E-09 1.2634E-09 1.2494E-09 1.2355E-09
8.7608E-10 9.0443E-10 9.3329E-10 9.6177E-10 9.9064E-10 1.0190E-09 1.0481E-09 1.0762E-09 1.1043E-09 1.1317E-09 1.1589E-09 1.1852E-09 1.2117E-09 1.2366E-09 1.2612E-09 1.2845E-09 1.3069E-09 1.3286E-09 1.3489E-09 1.3679E-09 1.3865E-09 1.4031E-09 1.4184E-09 1.4324E-09 1.4455E-09 1.4569E-09 1.4669E-09 1.4756E-09 1.4834E-09 1.4894E-09 1.4942E-09 1.4976E-09 1.4999E-09 1.5009E-09 1.5007E-09 1.4992E-09 1.4967E-09 1.4930E-09 1.4883E-09 1.4821E-09 1.4753E-09 1.4670E-09 1.4579E-09 1.4484E-09 1.4386E-09 1.4283E-09 1.4175E-09 1.4053E-09 1.3943E-09 1.3829E-09 1.3713E-09 1.3575E-09 1.3449E-09 1.3307E-09 1.3161E-09 1.3017E-09 1.2868E-09
9.1749E-10 9.4766E-10 9.7753E-10 1.0083E-09 1.0382E-09 1.0684E-09 1.0984E-09 1.1278E-09 1.1576E-09 1.1861E-09 1.2142E-09 1.2420E-09 1.2687E-09 1.2951E-09 1.3202E-09 1.3453E-09 1.3685E-09 1.3905E-09 1.4117E-09 1.4313E-09 1.4500E-09 1.4670E-09 1.4827E-09 1.4974E-09 1.5108E-09 1.5224E-09 1.5325E-09 1.5413E-09 1.5491E-09 1.5552E-09 1.5598E-09 1.5631E-09 1.5651E-09 1.5658E-09 1.5652E-09 1.5635E-09 1.5604E-09 1.5563E-09 1.5510E-09 1.5446E-09 1.5366E-09 1.5282E-09 1.5184E-09 1.5088E-09 1.4987E-09 1.4883E-09 1.4770E-09 1.4646E-09 1.4531E-09 1.4414E-09 1.4290E-09 1.4143E-09 1.4006E-09 1.3858E-09 1.3697E-09 1.3538E-09 1.3375E-09
9.6137E-10 9.9264E-10 1.0244E-09 1.0558E-09 1.0876E-09 1.1197E-09 1.1507E-09 1.1818E-09 1.2121E-09 1.2423E-09 1.2716E-09 1.3010E-09 1.3288E-09 1.3563E-09 1.3824E-09 1.4075E-09 1.4318E-09 1.4545E-09 1.4768E-09 1.4970E-09 1.5162E-09 1.5337E-09 1.5498E-09 1.5648E-09 1.5780E-09 1.5898E-09 1.6005E-09 1.6098E-09 1.6172E-09 1.6231E-09 1.6277E-09 1.6308E-09 1.6326E-09 1.6334E-09 1.6325E-09 1.6303E-09 1.6268E-09 1.6216E-09 1.6157E-09 1.6086E-09 1.6005E-09 1.5911E-09 1.5816E-09 1.5718E-09 1.5615E-09 1.5508E-09 1.5392E-09 1.5268E-09 1.5144E-09 1.5019E-09 1.4885E-09 1.4727E-09 1.4579E-09 1.4425E-09 1.4256E-09 1.4083E-09 1.3908E-09
1.0062E-09 1.0394E-09 1.0723E-09 1.1061E-09 1.1394E-09 1.1721E-09 1.2049E-09 1.2370E-09 1.2695E-09 1.3006E-09 1.3316E-09 1.3613E-09 1.3907E-09 1.4188E-09 1.4468E-09 1.4727E-09 1.4978E-09 1.5212E-09 1.5437E-09 1.5645E-09 1.5838E-09 1.6026E-09 1.6191E-09 1.6345E-09 1.6480E-09 1.6599E-09 1.6708E-09 1.6797E-09 1.6871E-09 1.6930E-09 1.6979E-09 1.7008E-09 1.7028E-09 1.7029E-09 1.7015E-09 1.6989E-09 1.6949E-09 1.6895E-09 1.6830E-09 1.6752E-09 1.6663E-09 1.6571E-09 1.6477E-09 1.6375E-09 1.6270E-09 1.6154E-09 1.6040E-09 1.5915E-09 1.5778E-09 1.5642E-09 1.5497E-09 1.5345E-09 1.5169E-09 1.5003E-09 1.4827E-09 1.4637E-09 1.4455E-09
1.0536E-09 1.0880E-09 1.1230E-09 1.1575E-09 1.1923E-09 1.2273E-09 1.2612E-09 1.2952E-09 1.3282E-09 1.3611E-09 1.3933E-09 1.4248E-09 1.4553E-09 1.4845E-09 1.5129E-09 1.5396E-09 1.5659E-09 1.5901E-09 1.6134E-09 1.6348E-09 1.6547E-09 1.6735E-09 1.6904E-09 1.7066E-09 1.7204E-09 1.7326E-09 1.7436E-09 1.7526E-09 1.7600E-09 1.7658E-09 1.7705E-09 1.7733E-09 1.7745E-09 1.7742E-09 1.7729E-09 1.7697E-09 1.7651E-09 1.7592E-09 1.7519E-09 1.7440E-09 1.7353E-09 1.7263E-09 1.7164E-09 1.7061E-09 1.6947E-09 1.6834E-09 1.6713E-09 1.6579E-09 1.6436E-09 1.6283E-09 1.6127E-09 1.5963E-09 1.5784E-09 1.5597E-09 1.5413E-09 1.5215E-09 1.5012E-09
1.1020E-09 1.1385E-09 1.1746E-09 1.2116E-09 1.2480E-09 1.2837E-09 1.3196E-09 1.3546E-09 1.3899E-09 1.4242E-09 1.4573E-09 1.4900E-09 1.5213E-09 1.5522E-09 1.5812E-09 1.6093E-09 1.6356E-09 1.6610E-09 1.6845E-09 1.7074E-09 1.7279E-09 1.7473E-09 1.7647E-09 1.7808E-09 1.7948E-09 1.8072E-09 1.8183E-09 1.8280E-09 1.8354E-09 1.8411E-09 1.8457E-09 1.8482E-09 1.8491E-09 1.8484E-09 1.8467E-09 1.8430E-09 1.8378E-09 1.8313E-09 1.8241E-09 1.8160E-09 1.8074E-09 1.7979E-09 1.7880E-09 1.7773E-09 1.7660E-09 1.7534E-09 1.7404E-09 1.7257E-09 1.7101E-09 1.6942E-09 1.6774E-09 1.6598E-09 1.6410E-09 1.6206E-09 1.6009E-09 1.5807E-09 1.5581E-09
1.1526E-09 1.1908E-09 1.2291E-09 1.2668E-09 1.3049E-09 1.3431E-09 1.3800E-09 1.4170E-09 1.4534E-09 1.4886E-09 1.5240E-09 1.5575E-09 1.5902E-09 1.6218E-09 1.6517E-09 1.6812E-09 1.7085E-09 1.7347E-09 1.7590E-09 1.7821E-09 1.8032E-09 1.8231E-09 1.8414E-09 1.8575E-09 1.8724E-09 1.8850E-09 1.8959E-09 1.9055E-09 1.9128E-09 1.9190E-09 1.9229E-09 1.9257E-09 1.9262E-09 1.9251E-09 1.9224E-09 1.9181E-09 1.9130E-09 1.9066E-09 1.8992E-09 1.8912E-09 1.8823E-09 1.8727E-09 1.8623E-09 1.8513E-09 1.8387E-09 1.8256E-09 1.8114E-09 1.7955E-09 1.7793E-09 1.7620E-09 1.7439E-09 1.7251E-09 1.7049E-09 1.6835E-09 1.6619E-09 1.6404E-09 1.6182E-09
1.2050E-09 1.2450E-09 1.2846E-09 1.3249E-09 1.3646E-09 1.4036E-09 1.4426E-09 1.4812E-09 1.5191E-09 1.5562E-09 1.5919E-09 1.6270E-09 1.6614E-09 1.6937E-09 1.7251E-09 1.7547E-09 1.7833E-09 1.8099E-09 1.8359E-09 1.8594E-09 1.8816E-09 1.9016E-09 1.9204E-09 1.9368E-09 1.9520E-09 1.9654E-09 1.9764E-09 1.9855E-09 1.9934E-09 1.9989E-09 2.0026E-09 2.0051E-09 2.0052E-09 2.0037E-09 2.0009E-09 1.9964E-09 1.9908E-09 1.9844E-09 1.9770E-09 1.9693E-09 1.9602E-09 1.9503E-09 1.9395E-09 1.9271E-09 1.9140E-09 1.8996E-09 1.8842E-09 1.8676E-09 1.8501E-09 1.8315E-09 1.8121E-09 1.7913E-09 1.7698E-09 1.7470E-09 1.7246E-09 1.7016E-09 1.6781E-09
1.2589E-09 1.3011E-09 1.3429E-09 1.3841E-09 1.4256E-09 1.4671E-09 1.5078E-09 1.5476E-09 1.5870E-09 1.6255E-09 1.6629E-09 1.6993E-09 1.7340E-09 1.7679E-09 1.8000E-09 1.8315E-09 1.8612E-09 1.8887E-09 1.9151E-09 1.9392E-09 1.9621E-09 1.9832E-09 2.0019E-09 2.0193E-09 2.0343E-09 2.0478E-09 2.0590E-09 2.0682E-09 2.0759E-09 2.0819E-09 2.0854E-09 2.0869E-09 2.0872E-09 2.0852E-09 2.0818E-09 2.0778E-09 2.0724E-09 2.0658E-09 2.0584E-09 2.0498E-09 2.0410E-09 2.0306E-09 2.0190E-09 2.0060E-09 1.9916E-09 1.9761E-09 1.9593E-09 1.9414E-09 1.9220E-09 1.9021E-09 1.8813E-09 1.8591E-09 1.8361E-09 1.8124E-09 1.7886E-09 1.7642E-09 1.7393E-09
1.3155E-09 1.3587E-09 1.4023E-09 1.4462E-09 1.4895E-09 1.5320E-09 1.5743E-09 1.6165E-09 1.6570E-09 1.6969E-09 1.7357E-09 1.7729E-09 1.8099E-09 1.8445E-09 1.8783E-09 1.9105E-09 1.9406E-09 1.9701E-09 1.9967E-09 2.0222E-09 2.0452E-09 2.0669E-09 2.0861E-09 2.1033E-09 2.1196E-09 2.1329E-09 2.1447E-09 2.1539E-09 2.1611E-09 2.1668E-09 2.1700E-09 2.1712E-09 2.1710E-09 2.1697E-09 2.1664E-09 2.1622E-09 2.1565E-09 2.1506E-09 2.1427E-09 2.1341E-09 2.1241E-09 2.1128E-09 2.0999E-09 2.0862E-09 2.0706E-09 2.0537E-09 2.0356E-09 2.0158E-09 1.9955E-09 1.9742E-09 1.9514E-09 1.9283E-09 1.9038E-09 1.8792E-09 1.8539E-09 1.8280E-09 1.8016E-09
1.3730E-09 1.4190E-09 1.4646E-09 1.5095E-09 1.5546E-09 1.5997E-09 1.6439E-09 1.6867E-09 1.7291E-09 1.7709E-09 1.8108E-09 1.8499E-09 1.8873E-09 1.9237E-09 1.9586E-09 1.9919E-09 2.0236E-09 2.0530E-09 2.0810E-09 2.1067E-09 2.1315E-09 2.1532E-09 2.1734E-09 2.1911E-09 2.2066E-09 2.2206E-09 2.2319E-09 2.2422E-09 2.2493E-09 2.2542E-09 2.2577E-09 2.2586E-09 2.2583E-09 2.2569E-09 2.2540E-09 2.2495E-09 2.2445E-09 2.2382E-09 2.2302E-09 2.2208E-09 2.2099E-09 2.1973E-09 2.1832E-09 2.1682E-09 2.1513E-09 2.1330E-09 2.1135E-09 2.0923E-09 2.0705E-09 2.0477E-09 2.0240E-09 1.9988E-09 1.9733E-09 1.9472E-09 1.9204E-09 1.8930E-09 1.8645E-09
1.4334E-09 1.4805E-09 1.5280E-09 1.5757E-09 1.6227E-09 1.6688E-09 1.7145E-09 1.7599E-09 1.8034E-09 1.8465E-09 1.8883E-09 1.9283E-09 1.9680E-09 2.0053E-09 2.0414E-09 2.0759E-09 2.1081E-09 2.1395E-09 2.1679E-09 2.1949E-09 2.2193E-09 2.2421E-09 2.2623E-09 2.2814E-09 2.2973E-09 2.3109E-09 2.3229E-09 2.3320E-09 2.3395E-09 2.3443E-09 2.3476E-09 2.3495E-09 2.3492E-09 2.3483E-09 2.3451E-09 2.3407E-09 2.3354E-09 2.3283E-09 2.3196E-09 2.3092E-09 2.2975E-09 2.2837E-09 2.2689E-09 2.2520E-09 2.2336E-09 2.2139E-09 2.1930E-09 2.1708E-09 2.1475E-09 2.1226E-09 2.0973E-09 2.0711E-09 2.0441E-09 2.0164E-09 1.9880E-09 1.9585E-09 1.9285E-09
1.4947E-09 1.5447E-09 1.5943E-09 1.6431E-09 1.6920E-09 1.7407E-09 1.7877E-09 1.8344E-09 1.8801E-09 1.9242E-09 1.9681E-09 2.0102E-09 2.0502E-09 2.0893E-09 2.1262E-09 2.1623E-09 2.1956E-09 2.2275E-09 2.2574E-09 2.2846E-09 2.3108E-09 2.3337E-09 2.3549E-09 2.3733E-09 2.3900E-09 2.4038E-09 2.4163E-09 2.4255E-09 2.4329E-09 2.4377E-09 2.4409E-09 2.4430E-09 2.4430E-09 2.4419E-09 2.4394E-09 2.4348E-09 2.4287E-09 2.4214E-09 2.4116E-09 2.3999E-09 2.3870E-09 2.3719E-09 2.3551E-09 2.3367E-09 2.3170E-09 2.2963E-09 2.2738E-09 2.2501E-09 2.2253E-09 2.1994E-09 2.1725E-09 2.1447E-09 2.1161E-09 2.0868E-09 2.0562E-09 2.0257E-09 1.9941E-09
1.5584E-09 1.6101E-09 1.6617E-09 1.7134E-09 1.7636E-09 1.8138E-09 1.8631E-09 1.9110E-09 1.9590E-09 2.0052E-09 2.0497E-09 2.0933E-09 2.1359E-09 2.1758E-09 2.2145E-09 2.2508E-09 2.2857E-09 2.3186E-09 2.3494E-09 2.3780E-09 2.4038E-09 2.4279E-09 2.4490E-09 2.4689E-09 2.4853E-09 2.4998E-09 2.5113E-09 2.5210E-09 2.5281E-09 2.5344E-09 2.5380E-09 2.5403E-09 2.5404E-09 2.5387E-09 2.5361E-09 2.5311E-09 2.5247E-09 2.5157E-09 2.5053E-09 2.4924E-09 2.4777E-09 2.4611E-09 2.4436E-09 2.4238E-09 2.4025E-09 2.3798E-09 2.3558E-09 2.3311E-09 2.3047E-09 2.2771E-09 2.2486E-09 2.2192E-09 2.1883E-09 2.1573E-09 2.1257E-09 2.0929E-09 2.0602E-09
1.6239E-09 1.6779E-09 1.7314E-09 1.7847E-09 1.8374E-09 1.8889E-09 1.9406E-09 1.9909E-09 2.0396E-09 2.0875E-09 2.1347E-09 2.1793E-09 2.2229E-09 2.2648E-09 2.3042E-09 2.3429E-09 2.3784E-09 2.4123E-09 2.4440E-09 2.4729E-09 2.5005E-09 2.5246E-09 2.5469E-09 2.5660E-09 2.5832E-09 2.5979E-09 2.6100E-09 2.6201E-09 2.6276E-09 2.6335E-09 2.6376E-09 2.6396E-09 2.6401E-09 2.6391E-09 2.6354E-09 2.6303E-09 2.6222E-09 2.6119E-09 2.6004E-09 2.5861E-09 2.5699E-09 2.5527E-09 2.5330E-09 2.5117E-09 2.4888E-09 2.4645E-09 2.4396E-09 2.4127E-09 2.3845E-09 2.3553E-09 2.3252E-09 2.2941E-09 2.2614E-09 2.2288E-09 2.1956E-09 2.1618E-09 2.1275E-09
1.6914E-09 1.7474E-09 1.8026E-09 1.8579E-09 1.9131E-09 1.9671E-09 2.0197E-09 2.0719E-09 2.1234E-09 2.1726E-09 2.2210E-09 2.2678E-09 2.3123E-09 2.3562E-09 2.3975E-09 2.4364E-09 2.4735E-09 2.5079E-09 2.5412E-09 2.5714E-09 2.5987E-09 2.6239E-09 2.6461E-09 2.6667E-09 2.6842E-09 2.6985E-09 2.7113E-09 2.7213E-09 2.7300E-09 2.7365E-09 2.7406E-09 2.7430E-09 2.7430E-09 2.7414E-09 2.7369E-09 2.7305E-09 2.7212E-09 2.7105E-09 2.6969E-09 2.6813E-09 2.6644E-09 2.6450E-09 2.6237E-09 2.6009E-09 2.5771E-09 2.5512E-09 2.5239E-09 2.4953E-09 2.4661E-09 2.4353E-09 2.4034E-09 2.3706E-09 2.3371E-09 2.3028E-09 2.2679E-09 2.2324E-09 2.1964E-09
1.7602E-09 1.8183E-09 1.8767E-09 1.9335E-09 1.9903E-09 2.0463E-09 2.1020E-09 2.1556E-09 2.2085E-09 2.2600E-09 2.3095E-09 2.3585E-09 2.4052E-09 2.4494E-09 2.4922E-09 2.5333E-09 2.5712E-09 2.6072E-09 2.6408E-09 2.6714E-09 2.7004E-09 2.7258E-09 2.7489E-09 2.7694E-09 2.7867E-09 2.8023E-09 2.8158E-09 2.8272E-09 2.8354E-09 2.8423E-09 2.8461E-09 2.8486E-09 2.8480E-09 2.8455E-09 2.8398E-09 2.8324E-09 2.8219E-09 2.8098E-09 2.7948E-09 2.7777E-09 2.7593E-09 2.7384E-09 2.7156E-09 2.6919E-09 2.6658E-09 2.6382E-09 2.6092E-09 2.5796E-09 2.5481E-09 2.5155E-09 2.4820E-09 2.4475E-09 2.4122E-09 2.3762E-09 2.3396E-09 2.3024E-09 2.2648E-09
1.8306E-09 1.8915E-09 1.9515E-09 2.0111E-09 2.0694E-09 2.1281E-09 2.1853E-09 2.2408E-09 2.2956E-09 2.3496E-09 2.4014E-09 2.4510E-09 2.4993E-09 2.5461E-09 2.5897E-09 2.6317E-09 2.6712E-09 2.7078E-09 2.7429E-09 2.7749E-09 2.8036E-09 2.8300E-09 2.8531E-09 2.8749E-09 2.8930E-09 2.9094E-09 2.9235E-09 2.9344E-09 2.9436E-09 2.9504E-09 2.9542E-09 2.9561E-09 2.9546E-09 2.9510E-09 2.9442E-09 2.9355E-09 2.9237E-09 2.9103E-09 2.8939E-09 2.8754E-09 2.8555E-09 2.8330E-09 2.8093E-09 2.7832E-09 2.7554E-09 2.7261E-09 2.6961E-09 2.6641E-09 2.6309E-09 2.5966E-09 2.5613E-09 2.5251E-09 2.4881E-09 2.4504E-09 2.4121E-09 2.3732E-09 2.3339E-09
1.9038E-09 1.9659E-09 2.0282E-09 2.0905E-09 2.1516E-09 2.2114E-09 2.2706E-09 2.3293E-09 2.3855E-09 2.4408E-09 2.4944E-09 2.5468E-09 2.5962E-09 2.6440E-09 2.6896E-09 2.7323E-09 2.7736E-09 2.8118E-09 2.8468E-09 2.8796E-09 2.9103E-09 2.9368E-09 2.9614E-09 2.9828E-09 3.0024E-09 3.0193E-09 3.0337E-09 3.0448E-09 3.0542E-09 3.0602E-09 3.0640E-09 3.0643E-09 3.0623E-09 3.0578E-09 3.0497E-09 3.0398E-09 3.0267E-09 3.0119E-09 2.9940E-09 2.9740E-09 2.9526E-09 2.9284E-09 2.9024E-09 2.8754E-09 2.8459E-09 2.8150E-09 2.7833E-09 2.7496E-09 2.7146E-09 2.6786E-09 2.6423E-09 2.6043E-09 2.5656E-09 2.5262E-09 2.4861E-09 2.4455E-09 2.4045E-09
