Assets/Resources/2015_m01_d19_0900(utc+0800)_l00_csi_1hr_conc.grd
DSAA
         159         159
     -79.000      79.000
     -79.000      79.000
  0.0000E+00  0.6416E-06
[rows 25 to 49 of 159, columns 57 to 113 of 159]
1.6102E-10 2.0257E-10 2.5021E-10 3.0603E-10 3.6566E-10 4.3371E-10 5.0828E-10 5.9145E-10 6.8200E-10 7.8047E-10 8.8691E-10 1.0014E-09 1.1231E-09 1.2539E-09 1.3932E-09 1.5403E-09 1.6951E-09 1.8562E-09 2.0248E-09 2.1983E-09 2.3762E-09 2.5603E-09 2.7476E-09 2.9375E-09 3.1281E-09 3.3183E-09 3.5076E-09 3.6943E-09 3.8773E-09 4.0553E-09 4.2261E-09 4.3901E-09 4.5440E-09 4.6881E-09 4.8206E-09 4.9409E-09 5.0473E-09 5.1400E-09 5.2174E-09 5.2796E-09 5.3268E-09 5.3578E-09 5.3732E-09 5.3737E-09 5.3586E-09 5.3293E-09 5.2868E-09 5.2311E-09 5.1632E-09 5.0854E-09 4.9986E-09 4.9031E-09 4.8003E-09 4.6919E-09 4.5786E-09 4.4617E-09 4.3423E-09
1.8303E-10 2.2901E-10 2.8391E-10 3.4629E-10 4.1452E-10 4.8944E-10 5.7170E-10 6.6297E-10 7.6354E-10 8.7220E-10 9.8839E-10 1.1137E-09 1.2477E-09 1.3906E-09 1.5405E-09 1.7010E-09 1.8682E-09 2.0438E-09 2.2262E-09 2.4136E-09 2.6068E-09 2.8035E-09 3.0037E-09 3.2082E-09 3.4136E-09 3.6186E-09 3.8227E-09 4.0239E-09 4.2208E-09 4.4120E-09 4.5955E-09 4.7713E-09 4.9366E-09 5.0913E-09 5.2334E-09 5.3615E-09 5.4754E-09 5.5739E-09 5.6566E-09 5.7228E-09 5.7717E-09 5.8038E-09 5.8190E-09 5.8172E-09 5.7992E-09 5.7658E-09 5.7175E-09 5.6554E-09 5.5803E-09 5.4935E-09 5.3967E-09 5.2912E-09 5.1772E-09 5.0563E-09 4.9314E-09 4.8026E-09 4.6707E-09
2.1023E-10 2.5865E-10 3.2094E-10 3.8960E-10 4.6744E-10 5.5142E-10 6.4482E-10 7.4451E-10 8.5441E-10 9.7307E-10 1.1009E-09 1.2381E-09 1.3831E-09 1.5384E-09 1.7022E-09 1.8757E-09 2.0553E-09 2.2440E-09 2.4381E-09 2.6393E-09 2.8465E-09 3.0594E-09 3.2755E-09 3.4923E-09 3.7116E-09 3.9319E-09 4.1495E-09 4.3652E-09 4.5759E-09 4.7803E-09 4.9775E-09 5.1647E-09 5.3418E-09 5.5065E-09 5.6583E-09 5.7949E-09 5.9155E-09 6.0207E-09 6.1082E-09 6.1778E-09 6.2295E-09 6.2622E-09 6.2767E-09 6.2734E-09 6.2521E-09 6.2139E-09 6.1604E-09 6.0916E-09 6.0084E-09 5.9128E-09 5.8066E-09 5.6896E-09 5.5636E-09 5.4308E-09 5.2933E-09 5.1521E-09 5.0083E-09
2.3863E-10 2.9080E-10 3.5908E-10 4.3864E-10 5.2640E-10 6.2061E-10 7.2282E-10 8.3246E-10 9.5110E-10 1.0813E-09 1.2204E-09 1.3695E-09 1.5277E-09 1.6953E-09 1.8722E-09 2.0578E-09 2.2528E-09 2.4550E-09 2.6637E-09 2.8784E-09 3.0994E-09 3.3245E-09 3.5541E-09 3.7873E-09 4.0212E-09 4.2538E-09 4.4871E-09 4.7168E-09 4.9411E-09 5.1589E-09 5.3683E-09 5.5676E-09 5.7561E-09 5.9312E-09 6.0926E-09 6.2376E-09 6.3663E-09 6.4766E-09 6.5693E-09 6.6426E-09 6.6962E-09 6.7301E-09 6.7441E-09 6.7384E-09 6.7139E-09 6.6716E-09 6.6119E-09 6.5365E-09 6.4457E-09 6.3411E-09 6.2240E-09 6.0964E-09 5.9581E-09 5.8122E-09 5.6624E-09 5.5087E-09 5.3520E-09
2.6969E-10 3.3072E-10 4.0370E-10 4.9321E-10 5.8968E-10 6.9472E-10 8.0753E-10 9.3005E-10 1.0616E-09 1.2032E-09 1.3554E-09 1.5173E-09 1.6882E-09 1.8685E-09 2.0590E-09 2.2565E-09 2.4633E-09 2.6771E-09 2.8985E-09 3.1273E-09 3.3629E-09 3.6031E-09 3.8458E-09 4.0907E-09 4.3386E-09 4.5872E-09 4.8319E-09 5.0753E-09 5.3136E-09 5.5441E-09 5.7667E-09 5.9778E-09 6.1773E-09 6.3632E-09 6.5333E-09 6.6869E-09 6.8224E-09 6.9397E-09 7.0364E-09 7.1131E-09 7.1690E-09 7.2036E-09 7.2170E-09 7.2096E-09 7.1818E-09 7.1344E-09 7.0693E-09 6.9874E-09 6.8885E-09 6.7746E-09 6.6473E-09 6.5075E-09 6.3573E-09 6.1993E-09 6.0360E-09 5.8697E-09 5.7005E-09
3.0692E-10 3.7415E-10 4.5151E-10 5.4917E-10 6.6036E-10 7.7901E-10 9.0478E-10 1.0393E-09 1.1830E-09 1.3362E-09 1.5013E-09 1.6749E-09 1.8598E-09 2.0533E-09 2.2563E-09 2.4673E-09 2.6874E-09 2.9154E-09 3.1497E-09 3.3901E-09 3.6360E-09 3.8881E-09 4.1453E-09 4.4050E-09 4.6647E-09 4.9251E-09 5.1852E-09 5.4396E-09 5.6903E-09 5.9340E-09 6.1689E-09 6.3918E-09 6.6021E-09 6.7978E-09 6.9770E-09 7.1386E-09 7.2817E-09 7.4041E-09 7.5060E-09 7.5860E-09 7.6437E-09 7.6791E-09 7.6919E-09 7.6824E-09 7.6514E-09 7.6000E-09 7.5290E-09 7.4398E-09 7.3336E-09 7.2108E-09 7.0723E-09 6.9207E-09 6.7584E-09 6.5874E-09 6.4119E-09 6.2330E-09 6.0506E-09
3.4826E-10 4.2084E-10 5.0923E-10 6.1533E-10 7.3954E-10 9.0989E-10 1.0565E-09 1.2125E-09 1.3782E-09 1.5533E-09 1.7358E-09 1.9249E-09 2.1223E-09 2.3262E-09 2.5384E-09 2.7567E-09 2.9795E-09 3.1708E-09 3.4115E-09 3.6637E-09 3.9223E-09 4.1860E-09 4.4527E-09 4.7235E-09 4.9969E-09 5.2699E-09 5.5392E-09 5.8079E-09 6.0696E-09 6.3250E-09 6.5711E-09 6.8060E-09 7.0259E-09 7.2318E-09 7.4198E-09 7.5894E-09 7.7386E-09 7.8675E-09 7.9734E-09 8.0566E-09 8.1166E-09 8.1524E-09 8.1644E-09 8.1531E-09 8.1192E-09 8.0632E-09 7.9867E-09 7.8911E-09 7.7769E-09 7.6446E-09 7.4959E-09 7.3325E-09 7.1583E-09 6.9753E-09 6.7869E-09 6.5952E-09 6.4007E-09
3.9429E-10 4.7770E-10 5.7608E-10 7.3255E-10 8.8019E-10 1.0463E-09 1.2170E-09 1.3952E-09 1.5804E-09 1.7714E-09 1.9687E-09 2.1726E-09 2.3830E-09 2.5985E-09 2.8223E-09 3.0486E-09 3.2816E-09 3.5185E-09 3.7626E-09 4.0087E-09 4.2232E-09 4.4900E-09 4.7695E-09 5.0508E-09 5.3314E-09 5.6154E-09 5.8982E-09 6.1750E-09 6.4489E-09 6.7135E-09 6.9704E-09 7.2156E-09 7.4467E-09 7.6607E-09 7.8573E-09 8.0343E-09 8.1906E-09 8.3239E-09 8.4344E-09 8.5206E-09 8.5823E-09 8.6190E-09 8.6306E-09 8.6172E-09 8.5801E-09 8.5205E-09 8.4388E-09 8.3362E-09 8.2150E-09 8.0734E-09 7.9131E-09 7.7388E-09 7.5531E-09 7.3582E-09 7.1580E-09 6.9537E-09 6.7466E-09
4.4779E-10 5.8460E-10 7.0646E-10 8.5205E-10 1.0219E-09 1.2122E-09 1.4062E-09 1.6485E-09 1.8599E-09 2.0772E-09 2.2996E-09 2.5240E-09 2.7484E-09 2.9753E-09 3.2046E-09 3.4333E-09 3.6641E-09 3.8576E-09 4.1013E-09 4.3538E-09 4.6108E-09 4.8262E-09 5.0968E-09 5.3799E-09 5.6721E-09 5.9619E-09 6.2526E-09 6.5416E-09 6.8220E-09 7.0988E-09 7.3632E-09 7.6179E-09 7.8578E-09 8.0808E-09 8.2850E-09 8.4691E-09 8.6311E-09 8.7702E-09 8.8844E-09 8.9736E-09 9.0366E-09 9.0742E-09 9.0850E-09 9.0704E-09 9.0307E-09 8.9666E-09 8.8801E-09 8.7721E-09 8.6424E-09 8.4917E-09 8.3223E-09 8.1369E-09 7.9396E-09 7.7336E-09 7.5218E-09 7.3055E-09 7.0868E-09
5.5580E-10 6.8582E-10 8.3342E-10 9.9942E-10 1.2304E-09 1.4548E-09 1.6944E-09 1.9360E-09 2.1797E-09 2.4249E-09 2.6689E-09 2.9126E-09 3.1512E-09 3.3897E-09 3.6253E-09 3.8557E-09 4.0828E-09 4.3106E-09 4.5422E-09 4.7322E-09 4.9759E-09 5.2312E-09 5.5009E-09 5.7299E-09 6.0092E-09 6.3082E-09 6.6052E-09 6.8993E-09 7.1901E-09 7.4719E-09 7.7468E-09 8.0077E-09 8.2566E-09 8.4871E-09 8.6986E-09 8.8889E-09 9.0567E-09 9.2001E-09 9.3183E-09 9.4102E-09 9.4752E-09 9.5129E-09 9.5240E-09 9.5077E-09 9.4652E-09 9.3980E-09 9.3066E-09 9.1926E-09 9.0559E-09 8.8959E-09 8.7163E-09 8.5217E-09 8.3147E-09 8.0974E-09 7.8741E-09 7.6470E-09 7.4167E-09
6.5419E-10 8.1019E-10 1.0242E-09 1.2268E-09 1.4616E-09 1.7256E-09 2.0070E-09 2.2872E-09 2.5640E-09 2.8875E-09 3.1633E-09 3.4329E-09 3.6891E-09 3.9350E-09 4.1720E-09 4.3955E-09 4.5664E-09 4.7804E-09 4.9972E-09 5.2191E-09 5.4451E-09 5.6309E-09 5.8761E-09 6.1398E-09 6.3728E-09 6.6507E-09 6.9508E-09 7.2503E-09 7.5452E-09 7.8347E-09 8.1145E-09 8.3823E-09 8.6377E-09 8.8755E-09 9.0932E-09 9.2892E-09 9.4617E-09 9.6098E-09 9.7315E-09 9.8261E-09 9.8924E-09 9.9310E-09 9.9414E-09 9.9245E-09 9.8800E-09 9.8091E-09 9.7136E-09 9.5941E-09 9.4503E-09 9.2826E-09 9.0942E-09 8.8899E-09 8.6730E-09 8.4470E-09 8.2135E-09 7.9753E-09 7.7344E-09
7.7155E-10 1.0036E-09 1.2250E-09 1.4730E-09 1.7489E-09 2.0974E-09 2.4370E-09 2.7811E-09 3.1194E-09 3.4456E-09 3.7581E-09 4.0523E-09 4.3276E-09 4.5823E-09 4.8156E-09 5.0274E-09 5.2207E-09 5.4043E-09 5.5825E-09 5.7164E-09 5.9091E-09 6.1185E-09 6.3423E-09 6.5322E-09 6.7803E-09 7.0141E-09 7.2902E-09 7.5887E-09 7.8865E-09 8.1794E-09 8.4639E-09 8.7388E-09 8.9973E-09 9.2408E-09 9.4642E-09 9.6651E-09 9.8423E-09 9.9939E-09 1.0119E-08 1.0216E-08 1.0284E-08 1.0323E-08 1.0334E-08 1.0315E-08 1.0269E-08 1.0196E-08 1.0097E-08 9.9710E-09 9.8206E-09 9.6460E-09 9.4504E-09 9.2382E-09 9.0122E-09 8.7769E-09 8.5339E-09 8.2864E-09 8.0360E-09
9.6214E-10 1.2008E-09 1.4708E-09 1.8127E-09 2.1525E-09 2.5311E-09 2.9409E-09 3.3553E-09 3.7535E-09 4.1319E-09 4.4849E-09 4.8597E-09 5.1565E-09 5.4170E-09 5.6429E-09 5.7864E-09 5.9493E-09 6.0937E-09 6.2298E-09 6.3644E-09 6.5070E-09 6.6144E-09 6.7892E-09 6.9946E-09 7.1758E-09 7.4130E-09 7.6404E-09 7.9125E-09 8.2102E-09 8.5039E-09 8.7925E-09 9.0674E-09 9.3301E-09 9.5790E-09 9.8068E-09 1.0012E-08 1.0193E-08 1.0348E-08 1.0476E-08 1.0575E-08 1.0645E-08 1.0685E-08 1.0695E-08 1.0677E-08 1.0629E-08 1.0553E-08 1.0451E-08 1.0321E-08 1.0164E-08 9.9828E-09 9.7812E-09 9.5616E-09 9.3292E-09 9.0859E-09 8.8341E-09 8.5779E-09 8.3185E-09
1.1518E-09 1.4359E-09 1.8135E-09 2.1935E-09 2.6140E-09 3.0694E-09 3.5582E-09 4.1112E-09 4.5988E-09 5.0591E-09 5.4777E-09 5.8476E-09 6.1664E-09 6.4329E-09 6.6435E-09 6.8002E-09 6.9111E-09 6.9879E-09 7.0490E-09 7.0607E-09 7.1328E-09 7.2306E-09 7.3491E-09 7.4473E-09 7.6231E-09 7.7945E-09 8.0199E-09 8.2450E-09 8.5113E-09 8.8051E-09 9.0921E-09 9.3703E-09 9.6366E-09 9.8851E-09 1.0117E-08 1.0326E-08 1.0510E-08 1.0668E-08 1.0797E-08 1.0899E-08 1.0970E-08 1.1011E-08 1.1022E-08 1.1003E-08 1.0954E-08 1.0877E-08 1.0771E-08 1.0636E-08 1.0476E-08 1.0290E-08 1.0083E-08 9.8574E-09 9.6180E-09 9.3682E-09 9.1101E-09 8.8459E-09 8.5790E-09
1.3708E-09 1.7696E-09 2.1881E-09 2.6558E-09 3.1696E-09 3.7807E-09 4.3883E-09 5.0140E-09 5.6098E-09 6.1564E-09 6.6436E-09 7.0601E-09 7.4029E-09 7.6708E-09 7.8592E-09 7.9727E-09 8.0199E-09 8.0197E-09 7.9931E-09 7.9582E-09 7.9335E-09 7.8803E-09 7.9097E-09 7.9882E-09 8.0593E-09 8.2100E-09 8.3679E-09 8.5455E-09 8.8137E-09 9.0786E-09 9.3624E-09 9.6404E-09 9.9044E-09 1.0156E-08 1.0390E-08 1.0601E-08 1.0788E-08 1.0948E-08 1.1081E-08 1.1183E-08 1.1256E-08 1.1298E-08 1.1309E-08 1.1291E-08 1.1242E-08 1.1164E-08 1.1055E-08 1.0917E-08 1.0752E-08 1.0563E-08 1.0352E-08 1.0123E-08 9.8782E-09 9.6222E-09 9.3576E-09 9.0883E-09 8.8153E-09
1.6839E-09 2.1225E-09 2.6295E-09 3.2566E-09 3.9051E-09 4.6078E-09 5.3476E-09 6.1062E-09 6.8887E-09 7.5547E-09 8.1437E-09 8.6344E-09 9.0136E-09 9.2843E-09 9.4427E-09 9.4915E-09 9.4471E-09 9.3320E-09 9.1751E-09 8.9571E-09 8.8026E-09 8.6846E-09 8.6073E-09 8.5270E-09 8.5600E-09 8.6113E-09 8.7446E-09 8.8973E-09 9.0778E-09 9.3285E-09 9.6009E-09 9.8739E-09 1.0138E-08 1.0386E-08 1.0623E-08 1.0836E-08 1.1024E-08 1.1186E-08 1.1320E-08 1.1425E-08 1.1498E-08 1.1542E-08 1.1554E-08 1.1536E-08 1.1487E-08 1.1408E-08 1.1297E-08 1.1157E-08 1.0991E-08 1.0798E-08 1.0585E-08 1.0352E-08 1.0105E-08 9.8449E-09 9.5759E-09 9.3014E-09 9.0240E-09
2.0009E-09 2.5283E-09 3.2037E-09 3.9282E-09 4.7272E-09 5.5903E-09 6.5539E-09 7.4964E-09 8.4195E-09 9.2391E-09 9.9433E-09 1.0513E-08 1.0928E-08 1.1194E-08 1.1308E-08 1.1277E-08 1.1120E-08 1.0864E-08 1.0549E-08 1.0213E-08 9.8914E-09 9.5524E-09 9.3257E-09 9.1814E-09 9.0569E-09 9.0538E-09 9.0901E-09 9.1710E-09 9.3725E-09 9.5611E-09 9.8007E-09 1.0068E-08 1.0329E-08 1.0573E-08 1.0811E-08 1.1026E-08 1.1215E-08 1.1378E-08 1.1514E-08 1.1619E-08 1.1695E-08 1.1739E-08 1.1752E-08 1.1735E-08 1.1688E-08 1.1608E-08 1.1495E-08 1.1354E-08 1.1187E-08 1.0995E-08 1.0780E-08 1.0545E-08 1.0295E-08 1.0032E-08 9.7608E-09 9.4838E-09 9.2039E-09
2.3472E-09 3.0533E-09 3.8240E-09 4.7033E-09 5.7382E-09 6.8144E-09 7.9492E-09 9.1021E-09 1.0229E-08 1.1238E-08 1.2144E-08 1.2819E-08 1.3294E-08 1.3559E-08 1.3625E-08 1.3494E-08 1.3191E-08 1.2754E-08 1.2180E-08 1.1632E-08 1.1101E-08 1.0623E-08 1.0215E-08 9.8444E-09 9.6381E-09 9.4875E-09 9.4664E-09 9.4997E-09 9.5912E-09 9.7557E-09 9.9758E-09 1.0223E-08 1.0477E-08 1.0719E-08 1.0952E-08 1.1167E-08 1.1358E-08 1.1521E-08 1.1657E-08 1.1764E-08 1.1841E-08 1.1887E-08 1.1901E-08 1.1886E-08 1.1839E-08 1.1759E-08 1.1648E-08 1.1507E-08 1.1339E-08 1.1147E-08 1.0933E-08 1.0699E-08 1.0448E-08 1.0183E-08 9.9109E-09 9.6330E-09 9.3517E-09
2.8094E-09 3.5980E-09 4.5209E-09 5.6482E-09 6.8638E-09 8.1812E-09 9.5666E-09 1.1034E-08 1.2425E-08 1.3702E-08 1.4754E-08 1.5567E-08 1.6114E-08 1.6375E-08 1.6372E-08 1.6114E-08 1.5631E-08 1.4969E-08 1.4195E-08 1.3378E-08 1.2577E-08 1.1784E-08 1.1152E-08 1.0651E-08 1.0221E-08 9.9697E-09 9.8133E-09 9.7455E-09 9.8391E-09 9.9258E-09 1.0113E-08 1.0330E-08 1.0573E-08 1.0812E-08 1.1044E-08 1.1259E-08 1.1449E-08 1.1613E-08 1.1750E-08 1.1858E-08 1.1936E-08 1.1983E-08 1.2000E-08 1.1986E-08 1.1941E-08 1.1861E-08 1.1751E-08 1.1612E-08 1.1447E-08 1.1256E-08 1.1043E-08 1.0809E-08 1.0559E-08 1.0296E-08 1.0025E-08 9.7476E-09 9.4665E-09
3.2597E-09 4.1835E-09 5.3585E-09 6.6621E-09 8.1244E-09 9.7822E-09 1.1487E-08 1.3232E-08 1.4933E-08 1.6506E-08 1.7812E-08 1.8843E-08 1.9480E-08 1.9749E-08 1.9669E-08 1.9262E-08 1.8560E-08 1.7625E-08 1.6488E-08 1.5349E-08 1.4231E-08 1.3195E-08 1.2284E-08 1.1476E-08 1.0901E-08 1.0447E-08 1.0193E-08 1.0050E-08 1.0007E-08 1.0051E-08 1.0212E-08 1.0395E-08 1.0630E-08 1.0854E-08 1.1085E-08 1.1298E-08 1.1488E-08 1.1652E-08 1.1789E-08 1.1898E-08 1.1977E-08 1.2027E-08 1.2046E-08 1.2034E-08 1.1990E-08 1.1913E-08 1.1804E-08 1.1668E-08 1.1505E-08 1.1319E-08 1.1109E-08 1.0878E-08 1.0629E-08 1.0369E-08 1.0101E-08 9.8263E-09 9.5468E-09
3.7099E-09 4.8903E-09 6.2211E-09 7.7634E-09 9.5837E-09 1.1535E-08 1.3606E-08 1.5721E-08 1.7848E-08 1.9780E-08 2.1424E-08 2.2635E-08 2.3389E-08 2.3670E-08 2.3495E-08 2.2907E-08 2.1942E-08 2.0683E-08 1.9232E-08 1.7698E-08 1.6186E-08 1.4720E-08 1.3486E-08 1.2458E-08 1.1581E-08 1.0973E-08 1.0542E-08 1.0261E-08 1.0166E-08 1.0153E-08 1.0273E-08 1.0437E-08 1.0628E-08 1.0850E-08 1.1074E-08 1.1285E-08 1.1474E-08 1.1638E-08 1.1775E-08 1.1884E-08 1.1965E-08 1.2017E-08 1.2038E-08 1.2028E-08 1.1986E-08 1.1912E-08 1.1809E-08 1.1676E-08 1.1516E-08 1.1334E-08 1.1128E-08 1.0902E-08 1.0658E-08 1.0401E-08 1.0139E-08 9.8678E-09 9.5915E-09
4.2846E-09 5.5777E-09 7.1242E-09 9.0161E-09 1.1122E-08 1.3444E-08 1.5990E-08 1.8568E-08 2.1105E-08 2.3462E-08 2.5492E-08 2.6993E-08 2.7885E-08 2.8247E-08 2.7980E-08 2.7176E-08 2.5839E-08 2.4193E-08 2.2306E-08 2.0319E-08 1.8356E-08 1.6521E-08 1.4827E-08 1.3459E-08 1.2371E-08 1.1489E-08 1.0916E-08 1.0533E-08 1.0311E-08 1.0202E-08 1.0280E-08 1.0408E-08 1.0578E-08 1.0784E-08 1.1010E-08 1.1219E-08 1.1406E-08 1.1569E-08 1.1707E-08 1.1816E-08 1.1899E-08 1.1953E-08 1.1977E-08 1.1970E-08 1.1931E-08 1.1860E-08 1.1761E-08 1.1633E-08 1.1480E-08 1.1303E-08 1.1102E-08 1.0881E-08 1.0643E-08 1.0394E-08 1.0137E-08 9.8722E-09 9.6003E-09
4.7853E-09 6.2496E-09 8.1223E-09 1.0268E-08 1.2728E-08 1.5553E-08 1.8546E-08 2.1641E-08 2.4692E-08 2.7593E-08 3.0080E-08 3.1968E-08 3.3082E-08 3.3424E-08 3.3048E-08 3.1998E-08 3.0368E-08 2.8272E-08 2.5871E-08 2.3337E-08 2.0770E-08 1.8437E-08 1.6367E-08 1.4621E-08 1.3141E-08 1.2054E-08 1.1256E-08 1.0699E-08 1.0408E-08 1.0232E-08 1.0264E-08 1.0361E-08 1.0485E-08 1.0670E-08 1.0895E-08 1.1101E-08 1.1286E-08 1.1448E-08 1.1585E-08 1.1697E-08 1.1781E-08 1.1837E-08 1.1863E-08 1.1858E-08 1.1824E-08 1.1759E-08 1.1664E-08 1.1541E-08 1.1394E-08 1.1224E-08 1.1032E-08 1.0818E-08 1.0587E-08 1.0346E-08 1.0097E-08 9.8389E-09 9.5728E-09
5.2645E-09 6.9979E-09 9.0665E-09 1.1524E-08 1.4461E-08 1.7709E-08 2.1227E-08 2.4965E-08 2.8648E-08 3.2109E-08 3.5129E-08 3.7462E-08 3.8849E-08 3.9250E-08 3.8758E-08 3.7429E-08 3.5372E-08 3.2757E-08 2.9775E-08 2.6629E-08 2.3528E-08 2.0624E-08 1.7967E-08 1.5783E-08 1.4011E-08 1.2590E-08 1.1613E-08 1.0927E-08 1.0483E-08 1.0201E-08 1.0183E-08 1.0245E-08 1.0332E-08 1.0510E-08 1.0730E-08 1.0933E-08 1.1115E-08 1.1275E-08 1.1412E-08 1.1524E-08 1.1610E-08 1.1669E-08 1.1698E-08 1.1696E-08 1.1666E-08 1.1606E-08 1.1518E-08 1.1404E-08 1.1263E-08 1.1099E-08 1.0914E-08 1.0710E-08 1.0490E-08 1.0258E-08 1.0019E-08 9.7683E-09 9.5096E-09
5.7456E-09 7.6318E-09 9.9465E-09 1.2816E-08 1.6121E-08 1.9871E-08 2.4064E-08 2.8425E-08 3.2802E-08 3.6934E-08 4.0556E-08 4.3399E-08 4.5139E-08 4.5653E-08 4.5041E-08 4.3404E-08 4.0886E-08 3.7680E-08 3.4029E-08 3.0196E-08 2.6420E-08 2.2891E-08 1.9754E-08 1.7086E-08 1.4838E-08 1.3170E-08 1.1922E-08 1.1034E-08 1.0508E-08 1.0151E-08 1.0083E-08 1.0082E-08 1.0133E-08 1.0306E-08 1.0517E-08 1.0715E-08 1.0894E-08 1.1053E-08 1.1190E-08 1.1303E-08 1.1391E-08 1.1451E-08 1.1482E-08 1.1486E-08 1.1461E-08 1.1406E-08 1.1325E-08 1.1218E-08 1.1087E-08 1.0932E-08 1.0756E-08 1.0562E-08 1.0353E-08 1.0132E-08 9.9024E-09 9.6615E-09 9.4112E-09
