Assets/Resources/2015_m01_d05_0900(utc+0800)_l00_csi_1hr_conc.grd
DSAA
         159         159
     -79.000      79.000
     -79.000      79.000
  0.1565E-09  0.1045E-04
[rows 125 to 149 of 159, columns 0 to 56 of 159]
9.3476E-10 9.4029E-10 9.4853E-10 9.5462E-10 9.6212E-10 9.6807E-10 9.7313E-10 9.7883E-10 9.8357E-10 9.8898E-10 9.9424E-10 9.9845E-10 1.0024E-09 1.0062E-09 1.0097E-09 1.0130E-09 1.0160E-09 1.0188E-09 1.0213E-09 1.0235E-09 1.0255E-09 1.0272E-09 1.0286E-09 1.0298E-09 1.0307E-09 1.0303E-09 1.0306E-09 1.0307E-09 1.0295E-09 1.0292E-09 1.0274E-09 1.0266E-09 1.0256E-09 1.0232E-09 1.0218E-09 1.0189E-09 1.0171E-09 1.0151E-09 1.0113E-09 1.0088E-09 1.0045E-09 1.0015E-09 9.9811E-10 9.9301E-10 9.8867E-10 9.7461E-10 9.6878E-10 9.5619E-10 9.4340E-10 9.3231E-10 9.1598E-10 9.0674E-10 8.9282E-10 8.7750E-10 8.6345E-10 8.4767E-10 8.3522E-10
9.0513E-10 9.1202E-10 9.2089E-10 9.2578E-10 9.3260E-10 9.4145E-10 9.4610E-10 9.5132E-10 9.5566E-10 9.6059E-10 9.6538E-10 9.6919E-10 9.7363E-10 9.7704E-10 9.8022E-10 9.8318E-10 9.8506E-10 9.8751E-10 9.8973E-10 9.9078E-10 9.9251E-10 9.9399E-10 9.9523E-10 9.9525E-10 9.9598E-10 9.9589E-10 9.9444E-10 9.9168E-10 9.8848E-10 9.8367E-10 9.7566E-10 9.7483E-10 9.6186E-10 9.6069E-10 9.5746E-10 9.6222E-10 9.5732E-10 9.5549E-10 9.4868E-10 9.4583E-10 9.4072E-10 9.3581E-10 9.3191E-10 9.2687E-10 9.1777E-10 9.0817E-10 8.9633E-10 8.9067E-10 8.7414E-10 8.6677E-10 8.5899E-10 8.3988E-10 8.2982E-10 8.2007E-10 8.0229E-10 7.9584E-10 7.8693E-10
8.7662E-10 8.8453E-10 8.9438E-10 8.9884E-10 9.0698E-10 9.1319E-10 9.1740E-10 9.2347E-10 9.2742E-10 9.3119E-10 9.3477E-10 9.3817E-10 9.4136E-10 9.4434E-10 9.4712E-10 9.4967E-10 9.5201E-10 9.5412E-10 9.5600E-10 9.5767E-10 9.5855E-10 9.5921E-10 9.5969E-10 9.5576E-10 9.5287E-10 9.4827E-10 9.4499E-10 9.3789E-10 9.3474E-10 9.3049E-10 9.2436E-10 9.1972E-10 9.0994E-10 9.0468E-10 9.0109E-10 8.9018E-10 8.8463E-10 8.7673E-10 8.7009E-10 8.6066E-10 8.5644E-10 8.5343E-10 8.4851E-10 8.4380E-10 8.3820E-10 8.3228E-10 8.2664E-10 8.2080E-10 8.1330E-10 8.0838E-10 8.0133E-10 7.9716E-10 7.9028E-10 7.8629E-10 7.7983E-10 7.7680E-10 7.7117E-10
8.4992E-10 8.5756E-10 8.6645E-10 8.7206E-10 8.8116E-10 8.8861E-10 8.9248E-10 8.9802E-10 9.0161E-10 9.0699E-10 9.1029E-10 9.1342E-10 9.1636E-10 9.1909E-10 9.2113E-10 9.2293E-10 9.2125E-10 9.2019E-10 9.2132E-10 9.1836E-10 9.1442E-10 9.1499E-10 9.0795E-10 9.0583E-10 9.0145E-10 8.9595E-10 8.9563E-10 8.8921E-10 8.8335E-10 8.8192E-10 8.7311E-10 8.6829E-10 8.6149E-10 8.5802E-10 8.5353E-10 8.4849E-10 8.4616E-10 8.4415E-10 8.4084E-10 8.3724E-10 8.3273E-10 8.2883E-10 8.2288E-10 8.1869E-10 8.1227E-10 8.0730E-10 8.0330E-10 7.9713E-10 7.9313E-10 7.8760E-10 7.8363E-10 7.7910E-10 7.7500E-10 7.7091E-10 7.6762E-10 7.6378E-10 7.6027E-10
8.0846E-10 8.1634E-10 8.2003E-10 8.3278E-10 8.4224E-10 8.4705E-10 8.5205E-10 8.5643E-10 8.5942E-10 8.6227E-10 8.6402E-10 8.6428E-10 8.6314E-10 8.6675E-10 8.6970E-10 8.6921E-10 8.6668E-10 8.6766E-10 8.6746E-10 8.6201E-10 8.5989E-10 8.5915E-10 8.5510E-10 8.5288E-10 8.4919E-10 8.4433E-10 8.4058E-10 8.4004E-10 8.3646E-10 8.3550E-10 8.3452E-10 8.3371E-10 8.3254E-10 8.3128E-10 8.2844E-10 8.2674E-10 8.2413E-10 8.1902E-10 8.1607E-10 8.1129E-10 8.0771E-10 8.0409E-10 7.9782E-10 7.9472E-10 7.8969E-10 7.8560E-10 7.8220E-10 7.7799E-10 7.7555E-10 7.7158E-10 7.6881E-10 7.6548E-10 7.6249E-10 7.5943E-10 7.5678E-10 7.5401E-10 7.5112E-10
7.8904E-10 7.9210E-10 7.9505E-10 7.9789E-10 8.0062E-10 8.0323E-10 8.0572E-10 8.0731E-10 8.0882E-10 8.1094E-10 8.1190E-10 8.1284E-10 8.1313E-10 8.1505E-10 8.1445E-10 8.1523E-10 8.1642E-10 8.1456E-10 8.1456E-10 8.1237E-10 8.1497E-10 8.1597E-10 8.1648E-10 8.1656E-10 8.1592E-10 8.1545E-10 8.1353E-10 8.1417E-10 8.1363E-10 8.1296E-10 8.1257E-10 8.0916E-10 8.0750E-10 8.0599E-10 8.0136E-10 7.9989E-10 7.9745E-10 7.9446E-10 7.9030E-10 7.8779E-10 7.8314E-10 7.8046E-10 7.7840E-10 7.7380E-10 7.7192E-10 7.6971E-10 7.6627E-10 7.6447E-10 7.6203E-10 7.5999E-10 7.5784E-10 7.5557E-10 7.5319E-10 7.5069E-10 7.4807E-10 7.4535E-10 7.4251E-10
7.7225E-10 7.7519E-10 7.7803E-10 7.8045E-10 7.8278E-10 7.8423E-10 7.8634E-10 7.8800E-10 7.8884E-10 7.9092E-10 7.9080E-10 7.9232E-10 7.9252E-10 7.9252E-10 7.9359E-10 7.9225E-10 7.9262E-10 7.9082E-10 7.9108E-10 7.9093E-10 7.9013E-10 7.8996E-10 7.8887E-10 7.8876E-10 7.8733E-10 7.8776E-10 7.8631E-10 7.8599E-10 7.8468E-10 7.8322E-10 7.8314E-10 7.8191E-10 7.8083E-10 7.7907E-10 7.7804E-10 7.7569E-10 7.7438E-10 7.7182E-10 7.7036E-10 7.6749E-10 7.6594E-10 7.6426E-10 7.6268E-10 7.6138E-10 7.5996E-10 7.5843E-10 7.5678E-10 7.5501E-10 7.5312E-10 7.5112E-10 7.4900E-10 7.4677E-10 7.4442E-10 7.4196E-10 7.3939E-10 7.3670E-10 7.3390E-10
7.5547E-10 7.5804E-10 7.5945E-10 7.6159E-10 7.6416E-10 7.6485E-10 7.6652E-10 7.6702E-10 7.6825E-10 7.7051E-10 7.6958E-10 7.7071E-10 7.6990E-10 7.7034E-10 7.7161E-10 7.7102E-10 7.7143E-10 7.7051E-10 7.7120E-10 7.7225E-10 7.7189E-10 7.7236E-10 7.7204E-10 7.7120E-10 7.7093E-10 7.7041E-10 7.7040E-10 7.6980E-10 7.6914E-10 7.6909E-10 7.6733E-10 7.6727E-10 7.6556E-10 7.6446E-10 7.6294E-10 7.6161E-10 7.5969E-10 7.5831E-10 7.5761E-10 7.5679E-10 7.5585E-10 7.5480E-10 7.5364E-10 7.5236E-10 7.5097E-10 7.4946E-10 7.4784E-10 7.4610E-10 7.4424E-10 7.4227E-10 7.4019E-10 7.3799E-10 7.3568E-10 7.3325E-10 7.3072E-10 7.2807E-10 7.2531E-10
7.3573E-10 7.3815E-10 7.4002E-10 7.4019E-10 7.4235E-10 7.4388E-10 7.4372E-10 7.4616E-10 7.4717E-10 7.4718E-10 7.4869E-10 7.4859E-10 7.5029E-10 7.5174E-10 7.5144E-10 7.5249E-10 7.5367E-10 7.5344E-10 7.5411E-10 7.5441E-10 7.5495E-10 7.5555E-10 7.5607E-10 7.5615E-10 7.5608E-10 7.5596E-10 7.5593E-10 7.5509E-10 7.5506E-10 7.5462E-10 7.5319E-10 7.5275E-10 7.5144E-10 7.5084E-10 7.5060E-10 7.5024E-10 7.4978E-10 7.4920E-10 7.4851E-10 7.4771E-10 7.4679E-10 7.4577E-10 7.4462E-10 7.4337E-10 7.4200E-10 7.4052E-10 7.3892E-10 7.3721E-10 7.3538E-10 7.3344E-10 7.3139E-10 7.2923E-10 7.2695E-10 7.2456E-10 7.2207E-10 7.1946E-10 7.1674E-10
7.1327E-10 7.1408E-10 7.1631E-10 7.1850E-10 7.2043E-10 7.2133E-10 7.2307E-10 7.2505E-10 7.2624E-10 7.2752E-10 7.2947E-10 7.3055E-10 7.3174E-10 7.3322E-10 7.3479E-10 7.3607E-10 7.3728E-10 7.3804E-10 7.3874E-10 7.3972E-10 7.4046E-10 7.4112E-10 7.4151E-10 7.4166E-10 7.4188E-10 7.4190E-10 7.4179E-10 7.4166E-10 7.4174E-10 7.4157E-10 7.4177E-10 7.4186E-10 7.4185E-10 7.4172E-10 7.4149E-10 7.4114E-10 7.4069E-10 7.4013E-10 7.3945E-10 7.3866E-10 7.3777E-10 7.3676E-10 7.3563E-10 7.3440E-10 7.3305E-10 7.3160E-10 7.3003E-10 7.2834E-10 7.2654E-10 7.2464E-10 7.2262E-10 7.2049E-10 7.1824E-10 7.1589E-10 7.1343E-10 7.1087E-10 7.0819E-10
6.9548E-10 6.9781E-10 7.0007E-10 7.0205E-10 7.0378E-10 7.0560E-10 7.0736E-10 7.0921E-10 7.1154E-10 7.1358E-10 7.1535E-10 7.1720E-10 7.1876E-10 7.2023E-10 7.2162E-10 7.2309E-10 7.2377E-10 7.2511E-10 7.2623E-10 7.2708E-10 7.2788E-10 7.2861E-10 7.2912E-10 7.2972E-10 7.3035E-10 7.3062E-10 7.3124E-10 7.3175E-10 7.3216E-10 7.3247E-10 7.3267E-10 7.3277E-10 7.3276E-10 7.3264E-10 7.3241E-10 7.3208E-10 7.3163E-10 7.3108E-10 7.3042E-10 7.2965E-10 7.2877E-10 7.2778E-10 7.2668E-10 7.2546E-10 7.2414E-10 7.2271E-10 7.2116E-10 7.1950E-10 7.1773E-10 7.1586E-10 7.1387E-10 7.1177E-10 7.0956E-10 7.0725E-10 7.0482E-10 7.0229E-10 6.9966E-10
6.8278E-10 6.8401E-10 6.8664E-10 6.8919E-10 6.9149E-10 6.9386E-10 6.9615E-10 6.9835E-10 7.0046E-10 7.0248E-10 7.0422E-10 7.0591E-10 7.0764E-10 7.0909E-10 7.1050E-10 7.1184E-10 7.1311E-10 7.1415E-10 7.1515E-10 7.1623E-10 7.1709E-10 7.1816E-10 7.1916E-10 7.2005E-10 7.2086E-10 7.2157E-10 7.2218E-10 7.2269E-10 7.2310E-10 7.2341E-10 7.2361E-10 7.2371E-10 7.2370E-10 7.2359E-10 7.2337E-10 7.2305E-10 7.2261E-10 7.2207E-10 7.2142E-10 7.2067E-10 7.1980E-10 7.1883E-10 7.1775E-10 7.1656E-10 7.1526E-10 7.1384E-10 7.1232E-10 7.1069E-10 7.0895E-10 7.0710E-10 7.0514E-10 7.0308E-10 7.0090E-10 6.9862E-10 6.9624E-10 6.9374E-10 6.9115E-10
6.7140E-10 6.7407E-10 6.7666E-10 6.7917E-10 6.8145E-10 6.8379E-10 6.8604E-10 6.8821E-10 6.9029E-10 6.9214E-10 6.9389E-10 6.9556E-10 6.9713E-10 6.9861E-10 7.0017E-10 7.0166E-10 7.0308E-10 7.0444E-10 7.0574E-10 7.0696E-10 7.0811E-10 7.0918E-10 7.1016E-10 7.1105E-10 7.1185E-10 7.1256E-10 7.1316E-10 7.1367E-10 7.1408E-10 7.1438E-10 7.1459E-10 7.1469E-10 7.1468E-10 7.1458E-10 7.1437E-10 7.1405E-10 7.1363E-10 7.1310E-10 7.1246E-10 7.1172E-10 7.1087E-10 7.0992E-10 7.0885E-10 7.0768E-10 7.0640E-10 7.0501E-10 7.0352E-10 7.0191E-10 7.0020E-10 6.9837E-10 6.9645E-10 6.9441E-10 6.9227E-10 6.9002E-10 6.8767E-10 6.8522E-10 6.8266E-10
6.6209E-10 6.6472E-10 6.6726E-10 6.6973E-10 6.7211E-10 6.7442E-10 6.7664E-10 6.7877E-10 6.8082E-10 6.8278E-10 6.8465E-10 6.8643E-10 6.8812E-10 6.8973E-10 6.9127E-10 6.9276E-10 6.9417E-10 6.9553E-10 6.9682E-10 6.9804E-10 6.9918E-10 7.0024E-10 7.0122E-10 7.0210E-10 7.0289E-10 7.0359E-10 7.0419E-10 7.0469E-10 7.0510E-10 7.0540E-10 7.0561E-10 7.0571E-10 7.0571E-10 7.0561E-10 7.0540E-10 7.0509E-10 7.0468E-10 7.0416E-10 7.0354E-10 7.0281E-10 7.0198E-10 7.0104E-10 6.9999E-10 6.9884E-10 6.9758E-10 6.9621E-10 6.9474E-10 6.9316E-10 6.9147E-10 6.8968E-10 6.8778E-10 6.8578E-10 6.8367E-10 6.8145E-10 6.7914E-10 6.7672E-10 6.7420E-10
6.5372E-10 6.5630E-10 6.5880E-10 6.6122E-10 6.6357E-10 6.6583E-10 6.6802E-10 6.7011E-10 6.7213E-10 6.7405E-10 6.7589E-10 6.7764E-10 6.7930E-10 6.8090E-10 6.8243E-10 6.8391E-10 6.8532E-10 6.8667E-10 6.8795E-10 6.8916E-10 6.9030E-10 6.9135E-10 6.9231E-10 6.9319E-10 6.9398E-10 6.9466E-10 6.9526E-10 6.9576E-10 6.9616E-10 6.9646E-10 6.9667E-10 6.9677E-10 6.9677E-10 6.9668E-10 6.9648E-10 6.9617E-10 6.9577E-10 6.9526E-10 6.9465E-10 6.9394E-10 6.9312E-10 6.9219E-10 6.9117E-10 6.9003E-10 6.8879E-10 6.8745E-10 6.8600E-10 6.8444E-10 6.8278E-10 6.8101E-10 6.7914E-10 6.7717E-10 6.7509E-10 6.7291E-10 6.7063E-10 6.6824E-10 6.6576E-10
6.4538E-10 6.4792E-10 6.5038E-10 6.5276E-10 6.5507E-10 6.5729E-10 6.5944E-10 6.6150E-10 6.6348E-10 6.6537E-10 6.6718E-10 6.6889E-10 6.7054E-10 6.7212E-10 6.7365E-10 6.7511E-10 6.7652E-10 6.7786E-10 6.7913E-10 6.8034E-10 6.8146E-10 6.8250E-10 6.8346E-10 6.8433E-10 6.8510E-10 6.8578E-10 6.8637E-10 6.8687E-10 6.8726E-10 6.8757E-10 6.8777E-10 6.8787E-10 6.8788E-10 6.8779E-10 6.8759E-10 6.8730E-10 6.8690E-10 6.8640E-10 6.8580E-10 6.8510E-10 6.8430E-10 6.8339E-10 6.8238E-10 6.8126E-10 6.8004E-10 6.7872E-10 6.7729E-10 6.7576E-10 6.7412E-10 6.7238E-10 6.7054E-10 6.6859E-10 6.6655E-10 6.6440E-10 6.6215E-10 6.5980E-10 6.5735E-10
6.3709E-10 6.3958E-10 6.4200E-10 6.4434E-10 6.4661E-10 6.4880E-10 6.5090E-10 6.5293E-10 6.5487E-10 6.5673E-10 6.5851E-10 6.6020E-10 6.6183E-10 6.6340E-10 6.6491E-10 6.6637E-10 6.6777E-10 6.6910E-10 6.7037E-10 6.7156E-10 6.7268E-10 6.7371E-10 6.7465E-10 6.7551E-10 6.7627E-10 6.7695E-10 6.7753E-10 6.7802E-10 6.7842E-10 6.7872E-10 6.7892E-10 6.7902E-10 6.7903E-10 6.7894E-10 6.7875E-10 6.7846E-10 6.7807E-10 6.7759E-10 6.7700E-10 6.7631E-10 6.7552E-10 6.7462E-10 6.7363E-10 6.7253E-10 6.7133E-10 6.7002E-10 6.6862E-10 6.6711E-10 6.6550E-10 6.6378E-10 6.6197E-10 6.6005E-10 6.5804E-10 6.5592E-10 6.5370E-10 6.5139E-10 6.4898E-10
6.2884E-10 6.3129E-10 6.3367E-10 6.3597E-10 6.3820E-10 6.4035E-10 6.4242E-10 6.4441E-10 6.4632E-10 6.4814E-10 6.4989E-10 6.5156E-10 6.5317E-10 6.5474E-10 6.5624E-10 6.5769E-10 6.5907E-10 6.6040E-10 6.6166E-10 6.6284E-10 6.6394E-10 6.6496E-10 6.6589E-10 6.6674E-10 6.6750E-10 6.6817E-10 6.6874E-10 6.6922E-10 6.6962E-10 6.6991E-10 6.7011E-10 6.7022E-10 6.7023E-10 6.7014E-10 6.6995E-10 6.6967E-10 6.6929E-10 6.6881E-10 6.6823E-10 6.6756E-10 6.6678E-10 6.6590E-10 6.6492E-10 6.6383E-10 6.6265E-10 6.6137E-10 6.5998E-10 6.5850E-10 6.5691E-10 6.5522E-10 6.5343E-10 6.5155E-10 6.4956E-10 6.4747E-10 6.4529E-10 6.4301E-10 6.4063E-10
6.2064E-10 6.2304E-10 6.2538E-10 6.2764E-10 6.2983E-10 6.3194E-10 6.3398E-10 6.3593E-10 6.3781E-10 6.3960E-10 6.4132E-10 6.4298E-10 6.4458E-10 6.4613E-10 6.4762E-10 6.4906E-10 6.5044E-10 6.5176E-10 6.5300E-10 6.5417E-10 6.5526E-10 6.5626E-10 6.5719E-10 6.5802E-10 6.5877E-10 6.5943E-10 6.6000E-10 6.6047E-10 6.6086E-10 6.6115E-10 6.6135E-10 6.6146E-10 6.6147E-10 6.6138E-10 6.6120E-10 6.6093E-10 6.6055E-10 6.6008E-10 6.5951E-10 6.5884E-10 6.5808E-10 6.5721E-10 6.5625E-10 6.5518E-10 6.5402E-10 6.5275E-10 6.5138E-10 6.4992E-10 6.4836E-10 6.4670E-10 6.4493E-10 6.4307E-10 6.4112E-10 6.3906E-10 6.3691E-10 6.3466E-10 6.3232E-10
6.1248E-10 6.1485E-10 6.1714E-10 6.1936E-10 6.2151E-10 6.2359E-10 6.2559E-10 6.2751E-10 6.2935E-10 6.3111E-10 6.3281E-10 6.3445E-10 6.3604E-10 6.3758E-10 6.3907E-10 6.4049E-10 6.4186E-10 6.4316E-10 6.4439E-10 6.4555E-10 6.4662E-10 6.4762E-10 6.4853E-10 6.4935E-10 6.5009E-10 6.5074E-10 6.5130E-10 6.5177E-10 6.5215E-10 6.5244E-10 6.5264E-10 6.5274E-10 6.5276E-10 6.5267E-10 6.5250E-10 6.5222E-10 6.5186E-10 6.5139E-10 6.5083E-10 6.5018E-10 6.4942E-10 6.4857E-10 6.4762E-10 6.4657E-10 6.4542E-10 6.4418E-10 6.4283E-10 6.4139E-10 6.3985E-10 6.3821E-10 6.3647E-10 6.3464E-10 6.3271E-10 6.3069E-10 6.2857E-10 6.2635E-10 6.2404E-10
6.0437E-10 6.0670E-10 6.0895E-10 6.1114E-10 6.1325E-10 6.1529E-10 6.1725E-10 6.1914E-10 6.2094E-10 6.2268E-10 6.2436E-10 6.2599E-10 6.2757E-10 6.2909E-10 6.3057E-10 6.3198E-10 6.3334E-10 6.3463E-10 6.3584E-10 6.3698E-10 6.3804E-10 6.3902E-10 6.3992E-10 6.4073E-10 6.4146E-10 6.4210E-10 6.4265E-10 6.4312E-10 6.4350E-10 6.4378E-10 6.4398E-10 6.4408E-10 6.4409E-10 6.4401E-10 6.4384E-10 6.4357E-10 6.4321E-10 6.4275E-10 6.4220E-10 6.4156E-10 6.4081E-10 6.3997E-10 6.3904E-10 6.3800E-10 6.3687E-10 6.3564E-10 6.3432E-10 6.3289E-10 6.3138E-10 6.2976E-10 6.2805E-10 6.2625E-10 6.2434E-10 6.2235E-10 6.2026E-10 6.1808E-10 6.1580E-10
5.9631E-10 5.9860E-10 6.0081E-10 6.0296E-10 6.0503E-10 6.0703E-10 6.0896E-10 6.1081E-10 6.1259E-10 6.1431E-10 6.1597E-10 6.1759E-10 6.1915E-10 6.2067E-10 6.2212E-10 6.2353E-10 6.2487E-10 6.2614E-10 6.2734E-10 6.2847E-10 6.2952E-10 6.3048E-10 6.3137E-10 6.3217E-10 6.3289E-10 6.3352E-10 6.3406E-10 6.3452E-10 6.3489E-10 6.3517E-10 6.3536E-10 6.3547E-10 6.3548E-10 6.3540E-10 6.3523E-10 6.3497E-10 6.3461E-10 6.3416E-10 6.3362E-10 6.3298E-10 6.3225E-10 6.3142E-10 6.3050E-10 6.2948E-10 6.2836E-10 6.2715E-10 6.2584E-10 6.2444E-10 6.2295E-10 6.2136E-10 6.1967E-10 6.1789E-10 6.1602E-10 6.1405E-10 6.1199E-10 6.0984E-10 6.0760E-10
5.8831E-10 5.9055E-10 5.9273E-10 5.9483E-10 5.9687E-10 5.9884E-10 6.0073E-10 6.0255E-10 6.0430E-10 6.0600E-10 6.0764E-10 6.0924E-10 6.1080E-10 6.1230E-10 6.1375E-10 6.1514E-10 6.1646E-10 6.1772E-10 6.1890E-10 6.2001E-10 6.2104E-10 6.2199E-10 6.2287E-10 6.2366E-10 6.2436E-10 6.2498E-10 6.2552E-10 6.2597E-10 6.2633E-10 6.2661E-10 6.2680E-10 6.2690E-10 6.2691E-10 6.2684E-10 6.2667E-10 6.2641E-10 6.2606E-10 6.2562E-10 6.2508E-10 6.2445E-10 6.2373E-10 6.2291E-10 6.2200E-10 6.2100E-10 6.1990E-10 6.1870E-10 6.1742E-10 6.1604E-10 6.1456E-10 6.1299E-10 6.1133E-10 6.0958E-10 6.0773E-10 6.0579E-10 6.0376E-10 6.0164E-10 5.9943E-10
5.8035E-10 5.8256E-10 5.8469E-10 5.8676E-10 5.8876E-10 5.9069E-10 5.9255E-10 5.9434E-10 5.9607E-10 5.9774E-10 5.9938E-10 6.0097E-10 6.0250E-10 6.0399E-10 6.0543E-10 6.0680E-10 6.0811E-10 6.0935E-10 6.1052E-10 6.1161E-10 6.1263E-10 6.1356E-10 6.1442E-10 6.1520E-10 6.1589E-10 6.1650E-10 6.1703E-10 6.1747E-10 6.1783E-10 6.1811E-10 6.1829E-10 6.1839E-10 6.1840E-10 6.1833E-10 6.1816E-10 6.1790E-10 6.1756E-10 6.1712E-10 6.1659E-10 6.1597E-10 6.1526E-10 6.1445E-10 6.1355E-10 6.1256E-10 6.1148E-10 6.1030E-10 6.0903E-10 6.0767E-10 6.0622E-10 6.0467E-10 6.0303E-10 6.0131E-10 5.9949E-10 5.9757E-10 5.9557E-10 5.9348E-10 5.9130E-10
5.7245E-10 5.7461E-10 5.7671E-10 5.7874E-10 5.8071E-10 5.8260E-10 5.8443E-10 5.8619E-10 5.8790E-10 5.8956E-10 5.9118E-10 5.9275E-10 5.9427E-10 5.9575E-10 5.9717E-10 5.9853E-10 5.9982E-10 6.0104E-10 6.0219E-10 6.0327E-10 6.0426E-10 6.0519E-10 6.0603E-10 6.0679E-10 6.0748E-10 6.0808E-10 6.0860E-10 6.0903E-10 6.0939E-10 6.0965E-10 6.0984E-10 6.0993E-10 6.0994E-10 6.0987E-10 6.0970E-10 6.0945E-10 6.0911E-10 6.0868E-10 6.0815E-10 6.0754E-10 6.0684E-10 6.0604E-10 6.0516E-10 6.0418E-10 6.0311E-10 6.0195E-10 6.0070E-10 5.9935E-10 5.9792E-10 5.9640E-10 5.9478E-10 5.9308E-10 5.9128E-10 5.8940E-10 5.8743E-10 5.8537E-10 5.8322E-10
