Assets/Resources/2015_m01_d26_1300(utc+0800)_l00_csi_1hr_conc.grd
DSAA
         159         159
     -79.000      79.000
     -79.000      79.000
  0.0000E+00  0.2164E-05
[rows 25 to 49 of 159, columns 0 to 56 of 159]
6.0984E-09 6.3990E-09 6.7201E-09 7.0484E-09 7.3958E-09 7.7520E-09 8.1187E-09 8.5108E-09 8.9067E-09 9.3159E-09 9.7496E-09 1.0187E-08 1.0636E-08 1.1109E-08 1.1584E-08 1.2073E-08 1.2585E-08 1.3093E-08 1.3611E-08 1.4148E-08 1.4678E-08 1.5210E-08 1.5758E-08 1.6295E-08 1.6825E-08 1.7351E-08 1.7868E-08 1.8374E-08 1.8863E-08 1.9344E-08 1.9808E-08 2.0242E-08 2.0639E-08 2.0997E-08 2.1313E-08 2.1587E-08 2.1815E-08 2.1990E-08 2.2115E-08 2.2184E-08 2.2197E-08 2.2151E-08 2.2045E-08 2.1879E-08 2.1655E-08 2.1372E-08 2.1036E-08 2.0647E-08 2.0209E-08 1.9727E-08 1.9205E-08 1.8646E-08 1.8057E-08 1.7444E-08 1.6811E-08 1.6165E-08 1.5515E-08
6.0820E-09 6.3933E-09 6.7076E-09 7.0383E-09 7.3887E-09 7.7484E-09 8.1282E-09 8.5156E-09 8.9160E-09 9.3407E-09 9.7709E-09 1.0215E-08 1.0682E-08 1.1154E-08 1.1641E-08 1.2152E-08 1.2663E-08 1.3186E-08 1.3730E-08 1.4271E-08 1.4816E-08 1.5381E-08 1.5938E-08 1.6491E-08 1.7046E-08 1.7597E-08 1.8139E-08 1.8667E-08 1.9184E-08 1.9686E-08 2.0177E-08 2.0644E-08 2.1071E-08 2.1457E-08 2.1799E-08 2.2097E-08 2.2347E-08 2.2544E-08 2.2683E-08 2.2765E-08 2.2785E-08 2.2741E-08 2.2636E-08 2.2467E-08 2.2235E-08 2.1942E-08 2.1589E-08 2.1180E-08 2.0720E-08 2.0211E-08 1.9661E-08 1.9073E-08 1.8453E-08 1.7809E-08 1.7146E-08 1.6471E-08 1.5785E-08
6.0576E-09 6.3701E-09 6.6862E-09 7.0281E-09 7.3713E-09 7.7335E-09 8.1168E-09 8.5081E-09 8.9123E-09 9.3429E-09 9.7785E-09 1.0238E-08 1.0703E-08 1.1184E-08 1.1692E-08 1.2203E-08 1.2725E-08 1.3273E-08 1.3820E-08 1.4374E-08 1.4952E-08 1.5525E-08 1.6096E-08 1.6676E-08 1.7255E-08 1.7829E-08 1.8394E-08 1.8953E-08 1.9498E-08 2.0026E-08 2.0539E-08 2.1036E-08 2.1500E-08 2.1921E-08 2.2294E-08 2.2618E-08 2.2890E-08 2.3108E-08 2.3265E-08 2.3362E-08 2.3394E-08 2.3359E-08 2.3256E-08 2.3084E-08 2.2843E-08 2.2537E-08 2.2167E-08 2.1738E-08 2.1253E-08 2.0718E-08 2.0136E-08 1.9517E-08 1.8865E-08 1.8185E-08 1.7486E-08 1.6773E-08 1.6054E-08
6.0341E-09 6.3383E-09 6.6551E-09 6.9985E-09 7.3434E-09 7.7176E-09 8.0941E-09 8.4883E-09 8.9064E-09 9.3311E-09 9.7708E-09 1.0237E-08 1.0708E-08 1.1199E-08 1.1717E-08 1.2235E-08 1.2782E-08 1.3332E-08 1.3890E-08 1.4462E-08 1.5058E-08 1.5645E-08 1.6243E-08 1.6844E-08 1.7445E-08 1.8043E-08 1.8641E-08 1.9230E-08 1.9804E-08 2.0360E-08 2.0901E-08 2.1426E-08 2.1926E-08 2.2385E-08 2.2793E-08 2.3147E-08 2.3447E-08 2.3690E-08 2.3870E-08 2.3984E-08 2.4029E-08 2.4002E-08 2.3899E-08 2.3723E-08 2.3474E-08 2.3153E-08 2.2765E-08 2.2312E-08 2.1800E-08 2.1235E-08 2.0623E-08 1.9969E-08 1.9281E-08 1.8566E-08 1.7832E-08 1.7084E-08 1.6331E-08
5.9928E-09 6.2978E-09 6.6145E-09 6.9589E-09 7.3046E-09 7.6803E-09 8.0588E-09 8.4552E-09 8.8769E-09 9.3051E-09 9.7589E-09 1.0220E-08 1.0699E-08 1.1208E-08 1.1721E-08 1.2251E-08 1.2810E-08 1.3368E-08 1.3943E-08 1.4544E-08 1.5140E-08 1.5750E-08 1.6369E-08 1.6991E-08 1.7616E-08 1.8246E-08 1.8872E-08 1.9488E-08 2.0095E-08 2.0690E-08 2.1264E-08 2.1817E-08 2.2347E-08 2.2846E-08 2.3297E-08 2.3690E-08 2.4022E-08 2.4292E-08 2.4496E-08 2.4631E-08 2.4688E-08 2.4667E-08 2.4568E-08 2.4389E-08 2.4132E-08 2.3798E-08 2.3391E-08 2.2915E-08 2.2375E-08 2.1778E-08 2.1129E-08 2.0437E-08 1.9710E-08 1.8956E-08 1.8181E-08 1.7394E-08 1.6604E-08
5.9427E-09 6.2473E-09 6.5736E-09 6.9087E-09 7.2542E-09 7.6317E-09 8.0111E-09 8.4193E-09 8.8332E-09 9.2634E-09 9.7214E-09 1.0186E-08 1.0684E-08 1.1189E-08 1.1709E-08 1.2260E-08 1.2816E-08 1.3388E-08 1.3989E-08 1.4590E-08 1.5206E-08 1.5836E-08 1.6474E-08 1.7119E-08 1.7773E-08 1.8431E-08 1.9082E-08 1.9735E-08 2.0381E-08 2.1011E-08 2.1619E-08 2.2207E-08 2.2773E-08 2.3311E-08 2.3804E-08 2.4242E-08 2.4612E-08 2.4914E-08 2.5145E-08 2.5299E-08 2.5374E-08 2.5364E-08 2.5270E-08 2.5089E-08 2.4823E-08 2.4474E-08 2.4046E-08 2.3544E-08 2.2973E-08 2.2342E-08 2.1657E-08 2.0925E-08 2.0156E-08 1.9358E-08 1.8540E-08 1.7712E-08 1.6879E-08
5.8842E-09 6.1877E-09 6.5128E-09 6.8474E-09 7.2026E-09 7.5704E-09 7.9501E-09 8.3598E-09 8.7749E-09 9.2175E-09 9.6681E-09 1.0138E-08 1.0641E-08 1.1150E-08 1.1678E-08 1.2239E-08 1.2802E-08 1.3399E-08 1.4001E-08 1.4616E-08 1.5252E-08 1.5900E-08 1.6558E-08 1.7231E-08 1.7912E-08 1.8593E-08 1.9284E-08 1.9973E-08 2.0654E-08 2.1320E-08 2.1976E-08 2.2609E-08 2.3211E-08 2.3779E-08 2.4314E-08 2.4799E-08 2.5219E-08 2.5558E-08 2.5819E-08 2.5998E-08 2.6091E-08 2.6095E-08 2.6007E-08 2.5825E-08 2.5552E-08 2.5189E-08 2.4741E-08 2.4211E-08 2.3608E-08 2.2938E-08 2.2211E-08 2.1434E-08 2.0619E-08 1.9775E-08 1.8909E-08 1.8035E-08 1.7160E-08
5.8172E-09 6.1189E-09 6.4426E-09 6.7759E-09 7.1301E-09 7.4973E-09 7.8865E-09 8.2864E-09 8.7015E-09 9.1456E-09 9.5980E-09 1.0084E-08 1.0581E-08 1.1093E-08 1.1641E-08 1.2195E-08 1.2769E-08 1.3378E-08 1.3989E-08 1.4623E-08 1.5275E-08 1.5938E-08 1.6623E-08 1.7321E-08 1.8025E-08 1.8743E-08 1.9469E-08 2.0192E-08 2.0911E-08 2.1628E-08 2.2330E-08 2.3008E-08 2.3654E-08 2.4265E-08 2.4839E-08 2.5372E-08 2.5840E-08 2.6222E-08 2.6517E-08 2.6727E-08 2.6844E-08 2.6864E-08 2.6784E-08 2.6604E-08 2.6323E-08 2.5945E-08 2.5473E-08 2.4914E-08 2.4276E-08 2.3565E-08 2.2794E-08 2.1969E-08 2.1104E-08 2.0208E-08 1.9293E-08 1.8370E-08 1.7446E-08
5.7424E-09 6.0513E-09 6.3629E-09 6.6939E-09 7.0463E-09 7.4123E-09 7.8002E-09 8.1995E-09 8.6248E-09 9.0587E-09 9.5121E-09 1.0001E-08 1.0498E-08 1.1029E-08 1.1571E-08 1.2130E-08 1.2727E-08 1.3331E-08 1.3956E-08 1.4605E-08 1.5269E-08 1.5956E-08 1.6663E-08 1.7382E-08 1.8119E-08 1.8870E-08 1.9627E-08 2.0390E-08 2.1158E-08 2.1922E-08 2.2668E-08 2.3399E-08 2.4106E-08 2.4768E-08 2.5381E-08 2.5952E-08 2.6469E-08 2.6906E-08 2.7246E-08 2.7488E-08 2.7632E-08 2.7671E-08 2.7601E-08 2.7422E-08 2.7136E-08 2.6742E-08 2.6247E-08 2.5658E-08 2.4981E-08 2.4227E-08 2.3406E-08 2.2531E-08 2.1611E-08 2.0660E-08 1.9689E-08 1.8712E-08 1.7740E-08
5.6596E-09 5.9655E-09 6.2741E-09 6.6126E-09 6.9523E-09 7.3154E-09 7.7015E-09 8.0988E-09 8.5226E-09 8.9558E-09 9.4217E-09 9.9018E-09 1.0399E-08 1.0934E-08 1.1477E-08 1.2044E-08 1.2648E-08 1.3258E-08 1.3898E-08 1.4558E-08 1.5239E-08 1.5947E-08 1.6672E-08 1.7418E-08 1.8187E-08 1.8968E-08 1.9762E-08 2.0571E-08 2.1384E-08 2.2189E-08 2.2995E-08 2.3786E-08 2.4550E-08 2.5272E-08 2.5934E-08 2.6543E-08 2.7107E-08 2.7601E-08 2.7992E-08 2.8274E-08 2.8449E-08 2.8511E-08 2.8457E-08 2.8283E-08 2.7991E-08 2.7583E-08 2.7065E-08 2.6442E-08 2.5726E-08 2.4925E-08 2.4052E-08 2.3119E-08 2.2140E-08 2.1129E-08 2.0100E-08 1.9066E-08 1.8036E-08
5.5699E-09 5.8718E-09 6.1767E-09 6.5114E-09 6.8479E-09 7.2182E-09 7.5909E-09 7.9855E-09 8.4071E-09 8.8376E-09 9.3042E-09 9.7827E-09 1.0281E-08 1.0818E-08 1.1362E-08 1.1948E-08 1.2543E-08 1.3165E-08 1.3813E-08 1.4482E-08 1.5182E-08 1.5906E-08 1.6651E-08 1.7426E-08 1.8222E-08 1.9034E-08 1.9872E-08 2.0724E-08 2.1577E-08 2.2443E-08 2.3306E-08 2.4154E-08 2.4974E-08 2.5766E-08 2.6500E-08 2.7155E-08 2.7755E-08 2.8297E-08 2.8749E-08 2.9081E-08 2.9292E-08 2.9382E-08 2.9345E-08 2.9178E-08 2.8883E-08 2.8462E-08 2.7919E-08 2.7263E-08 2.6504E-08 2.5654E-08 2.4725E-08 2.3732E-08 2.2692E-08 2.1618E-08 2.0525E-08 1.9428E-08 1.8342E-08
5.4731E-09 5.7708E-09 6.0715E-09 6.4020E-09 6.7339E-09 7.1001E-09 7.4689E-09 7.8702E-09 8.2777E-09 8.7050E-09 9.1711E-09 9.6463E-09 1.0158E-08 1.0682E-08 1.1228E-08 1.1817E-08 1.2415E-08 1.3045E-08 1.3699E-08 1.4381E-08 1.5094E-08 1.5832E-08 1.6602E-08 1.7400E-08 1.8220E-08 1.9073E-08 1.9949E-08 2.0837E-08 2.1748E-08 2.2668E-08 2.3587E-08 2.4493E-08 2.5383E-08 2.6244E-08 2.7057E-08 2.7781E-08 2.8419E-08 2.9002E-08 2.9511E-08 2.9901E-08 3.0156E-08 3.0278E-08 3.0263E-08 3.0109E-08 2.9814E-08 2.9381E-08 2.8815E-08 2.8126E-08 2.7323E-08 2.6421E-08 2.5433E-08 2.4376E-08 2.3266E-08 2.2124E-08 2.0964E-08 1.9803E-08 1.8650E-08
5.3801E-09 5.6628E-09 5.9581E-09 6.2840E-09 6.6108E-09 6.9722E-09 7.3363E-09 7.7328E-09 8.1357E-09 8.5710E-09 9.0227E-09 9.4932E-09 1.0004E-08 1.0525E-08 1.1086E-08 1.1663E-08 1.2264E-08 1.2898E-08 1.3557E-08 1.4250E-08 1.4974E-08 1.5727E-08 1.6517E-08 1.7336E-08 1.8188E-08 1.9074E-08 1.9983E-08 2.0921E-08 2.1883E-08 2.2855E-08 2.3831E-08 2.4805E-08 2.5766E-08 2.6698E-08 2.7588E-08 2.8405E-08 2.9105E-08 2.9724E-08 3.0274E-08 3.0727E-08 3.1037E-08 3.1197E-08 3.1211E-08 3.1072E-08 3.0779E-08 3.0336E-08 2.9749E-08 2.9025E-08 2.8178E-08 2.7220E-08 2.6171E-08 2.5047E-08 2.3868E-08 2.2654E-08 2.1422E-08 2.0187E-08 1.8968E-08
5.2717E-09 5.5485E-09 5.8483E-09 6.1584E-09 6.4791E-09 6.8351E-09 7.1930E-09 7.5841E-09 7.9814E-09 8.4123E-09 8.8598E-09 9.3374E-09 9.8334E-09 1.0350E-08 1.0911E-08 1.1484E-08 1.2089E-08 1.2725E-08 1.3389E-08 1.4090E-08 1.4821E-08 1.5591E-08 1.6396E-08 1.7236E-08 1.8118E-08 1.9032E-08 1.9980E-08 2.0966E-08 2.1974E-08 2.2999E-08 2.4039E-08 2.5082E-08 2.6112E-08 2.7121E-08 2.8091E-08 2.9004E-08 2.9798E-08 3.0461E-08 3.1048E-08 3.1549E-08 3.1920E-08 3.2128E-08 3.2174E-08 3.2055E-08 3.1771E-08 3.1322E-08 3.0714E-08 2.9957E-08 2.9064E-08 2.8051E-08 2.6937E-08 2.5742E-08 2.4488E-08 2.3195E-08 2.1887E-08 2.0580E-08 1.9290E-08
5.1581E-09 5.4285E-09 5.7223E-09 6.0257E-09 6.3504E-09 6.6896E-09 7.0404E-09 7.4249E-09 7.8154E-09 8.2409E-09 8.6816E-09 9.1543E-09 9.6451E-09 1.0170E-08 1.0715E-08 1.1285E-08 1.1890E-08 1.2524E-08 1.3193E-08 1.3898E-08 1.4637E-08 1.5419E-08 1.6237E-08 1.7100E-08 1.8005E-08 1.8947E-08 1.9937E-08 2.0963E-08 2.2016E-08 2.3100E-08 2.4201E-08 2.5309E-08 2.6416E-08 2.7505E-08 2.8559E-08 2.9557E-08 3.0466E-08 3.1215E-08 3.1839E-08 3.2374E-08 3.2801E-08 3.3067E-08 3.3153E-08 3.3061E-08 3.2789E-08 3.2338E-08 3.1712E-08 3.0922E-08 2.9983E-08 2.8913E-08 2.7732E-08 2.6464E-08 2.5133E-08 2.3762E-08 2.2371E-08 2.0985E-08 1.9618E-08
5.0397E-09 5.3033E-09 5.5904E-09 5.8864E-09 6.2039E-09 6.5355E-09 6.8896E-09 7.2557E-09 7.6381E-09 8.0574E-09 8.4896E-09 8.9568E-09 9.4397E-09 9.9595E-09 1.0500E-08 1.1065E-08 1.1667E-08 1.2298E-08 1.2969E-08 1.3675E-08 1.4421E-08 1.5211E-08 1.6042E-08 1.6923E-08 1.7848E-08 1.8822E-08 1.9844E-08 2.0906E-08 2.2009E-08 2.3147E-08 2.4307E-08 2.5486E-08 2.6670E-08 2.7840E-08 2.8977E-08 3.0063E-08 3.1079E-08 3.1953E-08 3.2641E-08 3.3211E-08 3.3672E-08 3.3992E-08 3.4128E-08 3.4069E-08 3.3815E-08 3.3364E-08 3.2724E-08 3.1904E-08 3.0921E-08 2.9792E-08 2.8544E-08 2.7201E-08 2.5790E-08 2.4332E-08 2.2857E-08 2.1386E-08 1.9943E-08
4.9170E-09 5.1732E-09 5.4530E-09 5.7411E-09 6.0508E-09 6.3739E-09 6.7197E-09 7.0774E-09 7.4624E-09 7.8621E-09 8.2848E-09 8.7448E-09 9.2184E-09 9.7322E-09 1.0264E-08 1.0825E-08 1.1421E-08 1.2048E-08 1.2717E-08 1.3421E-08 1.4173E-08 1.4967E-08 1.5810E-08 1.6703E-08 1.7646E-08 1.8648E-08 1.9699E-08 2.0798E-08 2.1946E-08 2.3132E-08 2.4354E-08 2.5603E-08 2.6861E-08 2.8111E-08 2.9336E-08 3.0518E-08 3.1627E-08 3.2630E-08 3.3433E-08 3.4054E-08 3.4546E-08 3.4908E-08 3.5095E-08 3.5077E-08 3.4846E-08 3.4404E-08 3.3753E-08 3.2907E-08 3.1882E-08 3.0698E-08 2.9382E-08 2.7961E-08 2.6464E-08 2.4920E-08 2.3358E-08 2.1801E-08 2.0272E-08
4.7905E-09 5.0390E-09 5.3109E-09 5.5907E-09 5.8917E-09 6.2057E-09 6.5424E-09 6.8905E-09 7.2659E-09 7.6563E-09 8.0806E-09 8.5197E-09 8.9829E-09 9.4888E-09 1.0010E-08 1.0565E-08 1.1152E-08 1.1775E-08 1.2438E-08 1.3140E-08 1.3891E-08 1.4687E-08 1.5538E-08 1.6441E-08 1.7401E-08 1.8422E-08 1.9497E-08 2.0631E-08 2.1818E-08 2.3054E-08 2.4337E-08 2.5650E-08 2.6979E-08 2.8310E-08 2.9627E-08 3.0899E-08 3.2106E-08 3.3219E-08 3.4170E-08 3.4887E-08 3.5423E-08 3.5809E-08 3.6036E-08 3.6064E-08 3.5865E-08 3.5434E-08 3.4780E-08 3.3911E-08 3.2846E-08 3.1608E-08 3.0227E-08 2.8728E-08 2.7144E-08 2.5512E-08 2.3854E-08 2.2205E-08 2.0589E-08
4.6610E-09 4.9012E-09 5.1650E-09 5.4357E-09 5.7277E-09 6.0319E-09 6.3587E-09 6.6965E-09 7.0614E-09 7.4412E-09 7.8544E-09 8.2830E-09 8.7469E-09 9.2305E-09 9.7406E-09 1.0285E-08 1.0862E-08 1.1477E-08 1.2133E-08 1.2830E-08 1.3578E-08 1.4373E-08 1.5225E-08 1.6133E-08 1.7108E-08 1.8143E-08 1.9241E-08 2.0403E-08 2.1624E-08 2.2908E-08 2.4243E-08 2.5615E-08 2.7016E-08 2.8430E-08 2.9830E-08 3.1195E-08 3.2502E-08 3.3720E-08 3.4807E-08 3.5665E-08 3.6280E-08 3.6706E-08 3.6957E-08 3.7021E-08 3.6862E-08 3.6456E-08 3.5805E-08 3.4920E-08 3.3823E-08 3.2535E-08 3.1087E-08 2.9510E-08 2.7844E-08 2.6115E-08 2.4364E-08 2.2621E-08 2.0913E-08
4.5288E-09 4.7605E-09 5.0158E-09 5.2770E-09 5.5596E-09 5.8534E-09 6.1697E-09 6.4966E-09 6.8500E-09 7.2180E-09 7.6193E-09 8.0358E-09 8.4872E-09 8.9586E-09 9.4557E-09 9.9888E-09 1.0553E-08 1.1158E-08 1.1802E-08 1.2492E-08 1.3232E-08 1.4023E-08 1.4874E-08 1.5785E-08 1.6764E-08 1.7809E-08 1.8925E-08 2.0107E-08 2.1362E-08 2.2685E-08 2.4064E-08 2.5493E-08 2.6964E-08 2.8450E-08 2.9934E-08 3.1395E-08 3.2800E-08 3.4120E-08 3.5322E-08 3.6340E-08 3.7083E-08 3.7576E-08 3.7857E-08 3.7942E-08 3.7817E-08 3.7441E-08 3.6802E-08 3.5911E-08 3.4787E-08 3.3454E-08 3.1943E-08 3.0293E-08 2.8537E-08 2.6715E-08 2.4867E-08 2.3025E-08 2.1224E-08
4.3852E-09 4.6160E-09 4.8642E-09 5.1154E-09 5.3882E-09 5.6710E-09 5.9764E-09 6.2915E-09 6.6331E-09 6.9878E-09 7.3767E-09 7.7796E-09 8.2174E-09 8.6749E-09 9.1574E-09 9.6767E-09 1.0226E-08 1.0818E-08 1.1448E-08 1.2128E-08 1.2856E-08 1.3640E-08 1.4484E-08 1.5393E-08 1.6372E-08 1.7422E-08 1.8546E-08 1.9744E-08 2.1026E-08 2.2378E-08 2.3797E-08 2.5280E-08 2.6806E-08 2.8362E-08 2.9929E-08 3.1478E-08 3.2982E-08 3.4407E-08 3.5721E-08 3.6876E-08 3.7780E-08 3.8383E-08 3.8724E-08 3.8827E-08 3.8725E-08 3.8388E-08 3.7772E-08 3.6884E-08 3.5742E-08 3.4371E-08 3.2806E-08 3.1085E-08 2.9244E-08 2.7332E-08 2.5382E-08 2.3440E-08 2.1542E-08
4.2516E-09 4.4642E-09 4.7024E-09 4.9510E-09 5.2142E-09 5.4858E-09 5.7798E-09 6.0826E-09 6.4116E-09 6.7520E-09 7.1278E-09 7.5156E-09 7.9390E-09 8.3810E-09 8.8476E-09 9.3509E-09 9.8839E-09 1.0460E-08 1.1074E-08 1.1740E-08 1.2452E-08 1.3224E-08 1.4057E-08 1.4958E-08 1.5932E-08 1.6980E-08 1.8105E-08 1.9316E-08 2.0611E-08 2.1984E-08 2.3439E-08 2.4962E-08 2.6540E-08 2.8161E-08 2.9803E-08 3.1437E-08 3.3034E-08 3.4565E-08 3.5987E-08 3.7262E-08 3.8326E-08 3.9083E-08 3.9526E-08 3.9680E-08 3.9583E-08 3.9271E-08 3.8694E-08 3.7822E-08 3.6672E-08 3.5271E-08 3.3659E-08 3.1866E-08 2.9946E-08 2.7938E-08 2.5892E-08 2.3851E-08 2.1850E-08
4.1173E-09 4.3211E-09 4.5477E-09 4.7768E-09 5.0319E-09 5.2976E-09 5.5808E-09 5.8708E-09 6.1867E-09 6.5120E-09 6.8743E-09 7.2459E-09 7.6539E-09 8.0787E-09 8.5280E-09 9.0137E-09 9.5286E-09 1.0087E-08 1.0682E-08 1.1330E-08 1.2023E-08 1.2779E-08 1.3595E-08 1.4484E-08 1.5447E-08 1.6486E-08 1.7607E-08 1.8821E-08 2.0120E-08 2.1510E-08 2.2988E-08 2.4541E-08 2.6164E-08 2.7841E-08 2.9548E-08 3.1259E-08 3.2949E-08 3.4579E-08 3.6106E-08 3.7494E-08 3.8699E-08 3.9629E-08 4.0213E-08 4.0463E-08 4.0401E-08 4.0096E-08 3.9557E-08 3.8714E-08 3.7573E-08 3.6161E-08 3.4506E-08 3.2657E-08 3.0661E-08 2.8564E-08 2.6420E-08 2.4273E-08 2.2174E-08
3.9820E-09 4.1771E-09 4.3947E-09 4.6137E-09 4.8534E-09 5.1001E-09 5.3743E-09 5.6554E-09 5.9601E-09 6.2694E-09 6.6181E-09 6.9726E-09 7.3648E-09 7.7711E-09 8.2026E-09 8.6686E-09 9.1636E-09 9.7020E-09 1.0276E-08 1.0903E-08 1.1576E-08 1.2311E-08 1.3107E-08 1.3976E-08 1.4921E-08 1.5944E-08 1.7056E-08 1.8261E-08 1.9557E-08 2.0954E-08 2.2443E-08 2.4018E-08 2.5676E-08 2.7394E-08 2.9156E-08 3.0941E-08 3.2712E-08 3.4432E-08 3.6067E-08 3.7569E-08 3.8893E-08 3.9979E-08 4.0740E-08 4.1132E-08 4.1160E-08 4.0868E-08 4.0347E-08 3.9551E-08 3.8432E-08 3.7014E-08 3.5337E-08 3.3442E-08 3.1374E-08 2.9194E-08 2.6952E-08 2.4704E-08 2.2501E-08
3.8326E-09 4.0317E-09 4.2409E-09 4.4501E-09 4.6795E-09 4.9142E-09 5.1706E-09 5.4336E-09 5.7287E-09 6.0267E-09 6.3598E-09 6.6967E-09 7.0729E-09 7.4599E-09 7.8726E-09 8.3179E-09 8.7914E-09 9.3077E-09 9.8588E-09 1.0463E-08 1.1110E-08 1.1822E-08 1.2592E-08 1.3439E-08 1.4359E-08 1.5357E-08 1.6452E-08 1.7639E-08 1.8927E-08 2.0319E-08 2.1807E-08 2.3395E-08 2.5072E-08 2.6822E-08 2.8632E-08 3.0473E-08 3.2315E-08 3.4125E-08 3.5858E-08 3.7468E-08 3.8911E-08 4.0138E-08 4.1071E-08 4.1632E-08 4.1805E-08 4.1586E-08 4.1072E-08 4.0320E-08 3.9244E-08 3.7846E-08 3.6160E-08 3.4227E-08 3.2104E-08 2.9848E-08 2.7514E-08 2.5169E-08 2.2857E-08
