Assets/Resources/2015_m01_d23_1800(utc+0800)_l00_csi_1hr_conc.grd
DSAA
         159         159
     -79.000      79.000
     -79.000      79.000
  0.0000E+00  0.6592E-04
[rows 125 to 149 of 159, columns 57 to 113 of 159]
2.5123E-10 3.4560E-10 4.2267E-10 5.0880E-10 6.0848E-10 7.2541E-10 8.6082E-10 1.0147E-09 1.1866E-09 1.3809E-09 1.6001E-09 1.8424E-09 2.1147E-09 2.4203E-09 2.7509E-09 3.1097E-09 3.4860E-09 3.8875E-09 4.3108E-09 4.7554E-09 5.2145E-09 5.6881E-09 6.1985E-09 6.7308E-09 7.2878E-09 7.8844E-09 8.4761E-09 9.0778E-09 9.6807E-09 1.0274E-08 1.0849E-08 1.1421E-08 1.1965E-08 1.2476E-08 1.2949E-08 1.3378E-08 1.3771E-08 1.4129E-08 1.4432E-08 1.4694E-08 1.4917E-08 1.5106E-08 1.5259E-08 1.5381E-08 1.5498E-08 1.5572E-08 1.5626E-08 1.5657E-08 1.5664E-08 1.5654E-08 1.5631E-08 1.5589E-08 1.5529E-08 1.5450E-08 1.5373E-08 1.5319E-08 1.5210E-08
2.2851E-10 3.3107E-10 4.1000E-10 4.9342E-10 5.9097E-10 7.0396E-10 8.3506E-10 9.8256E-10 1.1464E-09 1.3318E-09 1.5421E-09 1.7763E-09 2.0407E-09 2.3309E-09 2.6483E-09 2.9869E-09 3.3489E-09 3.7336E-09 4.1391E-09 4.5660E-09 5.0083E-09 5.4656E-09 5.9509E-09 6.4749E-09 7.0191E-09 7.6068E-09 8.1934E-09 8.7963E-09 9.4051E-09 1.0010E-08 1.0603E-08 1.1195E-08 1.1752E-08 1.2284E-08 1.2778E-08 1.3235E-08 1.3652E-08 1.4038E-08 1.4368E-08 1.4658E-08 1.4910E-08 1.5128E-08 1.5307E-08 1.5458E-08 1.5596E-08 1.5709E-08 1.5790E-08 1.5846E-08 1.5878E-08 1.5896E-08 1.5899E-08 1.5877E-08 1.5835E-08 1.5780E-08 1.5725E-08 1.5673E-08 1.5577E-08
2.1123E-10 3.0947E-10 3.9541E-10 4.7772E-10 5.7190E-10 6.8136E-10 8.0831E-10 9.4876E-10 1.1065E-09 1.2842E-09 1.4846E-09 1.7094E-09 1.9649E-09 2.2436E-09 2.5417E-09 2.8655E-09 3.2129E-09 3.5834E-09 3.9734E-09 4.3829E-09 4.8079E-09 5.2548E-09 5.7371E-09 6.2239E-09 6.7652E-09 7.3347E-09 7.9156E-09 8.5202E-09 9.1383E-09 9.7584E-09 1.0367E-08 1.0969E-08 1.1549E-08 1.2099E-08 1.2613E-08 1.3094E-08 1.3536E-08 1.3947E-08 1.4304E-08 1.4619E-08 1.4897E-08 1.5142E-08 1.5348E-08 1.5532E-08 1.5691E-08 1.5834E-08 1.5943E-08 1.6023E-08 1.6087E-08 1.6125E-08 1.6149E-08 1.6147E-08 1.6127E-08 1.6095E-08 1.6086E-08 1.6020E-08 1.5939E-08
1.9573E-10 2.8808E-10 3.7294E-10 4.5983E-10 5.5237E-10 6.5888E-10 7.8019E-10 9.1486E-10 1.0659E-09 1.2371E-09 1.4283E-09 1.6444E-09 1.8883E-09 2.1520E-09 2.4384E-09 2.7481E-09 3.0796E-09 3.4356E-09 3.8103E-09 4.2051E-09 4.6142E-09 5.0447E-09 5.5137E-09 6.0066E-09 6.5314E-09 7.0697E-09 7.6445E-09 8.2517E-09 8.8778E-09 9.5085E-09 1.0130E-08 1.0748E-08 1.1345E-08 1.1914E-08 1.2449E-08 1.2943E-08 1.3418E-08 1.3845E-08 1.4231E-08 1.4578E-08 1.4883E-08 1.5154E-08 1.5386E-08 1.5596E-08 1.5783E-08 1.5947E-08 1.6081E-08 1.6194E-08 1.6280E-08 1.6341E-08 1.6387E-08 1.6411E-08 1.6412E-08 1.6395E-08 1.6411E-08 1.6358E-08 1.6286E-08
1.7482E-10 2.7048E-10 3.4941E-10 4.3784E-10 5.3210E-10 6.3639E-10 7.5268E-10 8.8103E-10 1.0260E-09 1.1901E-09 1.3735E-09 1.5819E-09 1.8134E-09 2.0651E-09 2.3398E-09 2.6378E-09 2.9563E-09 3.2971E-09 3.6568E-09 4.0366E-09 4.4305E-09 4.8480E-09 5.3069E-09 5.7884E-09 6.2986E-09 6.8264E-09 7.3941E-09 7.9990E-09 8.6300E-09 9.2702E-09 9.9051E-09 1.0539E-08 1.1155E-08 1.1743E-08 1.2299E-08 1.2813E-08 1.3310E-08 1.3760E-08 1.4171E-08 1.4539E-08 1.4872E-08 1.5169E-08 1.5426E-08 1.5653E-08 1.5874E-08 1.6065E-08 1.6225E-08 1.6359E-08 1.6463E-08 1.6553E-08 1.6624E-08 1.6667E-08 1.6688E-08 1.6714E-08 1.6725E-08 1.6684E-08 1.6626E-08
1.5973E-10 2.4549E-10 3.2756E-10 4.1199E-10 5.0995E-10 6.1325E-10 7.2472E-10 8.4751E-10 9.8643E-10 1.1437E-09 1.3192E-09 1.5205E-09 1.7411E-09 1.9812E-09 2.2427E-09 2.5285E-09 2.8347E-09 3.1628E-09 3.5080E-09 3.8720E-09 4.2507E-09 4.6840E-09 5.1033E-09 5.5774E-09 6.0805E-09 6.5923E-09 7.1489E-09 7.7474E-09 8.3787E-09 9.0279E-09 9.6762E-09 1.0326E-08 1.0960E-08 1.1566E-08 1.2141E-08 1.2676E-08 1.3195E-08 1.3669E-08 1.4102E-08 1.4491E-08 1.4850E-08 1.5168E-08 1.5457E-08 1.5710E-08 1.5946E-08 1.6164E-08 1.6346E-08 1.6503E-08 1.6633E-08 1.6755E-08 1.6843E-08 1.6908E-08 1.6955E-08 1.7022E-08 1.7023E-08 1.7000E-08 1.6958E-08
1.4571E-10 2.2270E-10 3.0668E-10 3.9037E-10 4.8243E-10 5.8917E-10 6.9543E-10 8.1441E-10 9.4687E-10 1.0979E-09 1.2653E-09 1.4599E-09 1.6697E-09 1.9002E-09 2.1504E-09 2.4234E-09 2.7158E-09 3.0303E-09 3.3616E-09 3.7119E-09 4.0836E-09 4.4987E-09 4.9375E-09 5.4031E-09 5.8687E-09 6.3651E-09 6.9065E-09 7.4948E-09 8.1243E-09 8.7800E-09 9.4401E-09 1.0099E-08 1.0749E-08 1.1375E-08 1.1969E-08 1.2529E-08 1.3068E-08 1.3563E-08 1.4021E-08 1.4437E-08 1.4821E-08 1.5162E-08 1.5469E-08 1.5751E-08 1.6007E-08 1.6249E-08 1.6451E-08 1.6632E-08 1.6791E-08 1.6937E-08 1.7053E-08 1.7140E-08 1.7200E-08 1.7291E-08 1.7312E-08 1.7309E-08 1.7279E-08
1.4568E-10 2.0654E-10 2.8292E-10 3.6695E-10 4.5620E-10 5.5997E-10 6.6610E-10 7.8094E-10 9.0847E-10 1.0529E-09 1.2133E-09 1.4003E-09 1.6004E-09 1.8217E-09 2.0613E-09 2.3223E-09 2.6012E-09 2.9013E-09 3.2185E-09 3.5556E-09 3.9150E-09 4.3213E-09 4.7507E-09 5.2074E-09 5.6629E-09 6.1462E-09 6.6684E-09 7.2441E-09 7.8669E-09 8.5243E-09 9.1954E-09 9.8705E-09 1.0536E-08 1.1180E-08 1.1793E-08 1.2372E-08 1.2931E-08 1.3438E-08 1.3923E-08 1.4368E-08 1.4774E-08 1.5139E-08 1.5467E-08 1.5757E-08 1.6055E-08 1.6319E-08 1.6549E-08 1.6756E-08 1.6941E-08 1.7108E-08 1.7238E-08 1.7345E-08 1.7431E-08 1.7550E-08 1.7591E-08 1.7601E-08 1.7586E-08
1.4097E-10 1.9284E-10 2.6069E-10 3.4321E-10 4.3363E-10 5.2949E-10 6.3460E-10 7.4785E-10 8.6992E-10 1.0086E-09 1.1623E-09 1.3423E-09 1.5338E-09 1.7452E-09 1.9740E-09 2.2235E-09 2.4903E-09 2.7776E-09 3.0820E-09 3.4060E-09 3.7529E-09 4.1481E-09 4.5668E-09 5.0137E-09 5.4599E-09 5.9301E-09 6.4365E-09 6.9949E-09 7.6061E-09 8.2619E-09 8.9400E-09 9.6302E-09 1.0311E-08 1.0971E-08 1.1603E-08 1.2202E-08 1.2771E-08 1.3307E-08 1.3811E-08 1.4277E-08 1.4707E-08 1.5091E-08 1.5446E-08 1.5764E-08 1.6099E-08 1.6379E-08 1.6630E-08 1.6853E-08 1.7070E-08 1.7249E-08 1.7407E-08 1.7546E-08 1.7699E-08 1.7794E-08 1.7850E-08 1.7878E-08 1.7877E-08
1.3252E-10 1.8363E-10 2.4341E-10 3.1621E-10 4.0616E-10 5.0080E-10 6.0051E-10 7.1274E-10 8.3214E-10 9.6486E-10 1.1133E-09 1.2860E-09 1.4685E-09 1.6702E-09 1.8886E-09 2.1272E-09 2.3832E-09 2.6589E-09 2.9514E-09 3.2627E-09 3.5962E-09 3.9786E-09 4.3859E-09 4.8221E-09 5.2581E-09 5.7192E-09 6.2109E-09 6.7472E-09 7.3445E-09 7.9906E-09 8.6825E-09 9.3793E-09 1.0071E-08 1.0745E-08 1.1396E-08 1.2013E-08 1.2610E-08 1.3157E-08 1.3682E-08 1.4166E-08 1.4614E-08 1.5028E-08 1.5407E-08 1.5766E-08 1.6115E-08 1.6410E-08 1.6682E-08 1.6938E-08 1.7172E-08 1.7382E-08 1.7575E-08 1.7734E-08 1.7911E-08 1.8017E-08 1.8091E-08 1.8135E-08 1.8148E-08
1.2477E-10 1.7322E-10 2.2893E-10 2.9568E-10 3.8103E-10 4.7058E-10 5.6969E-10 6.7340E-10 7.9378E-10 9.2265E-10 1.0645E-09 1.2293E-09 1.4043E-09 1.5970E-09 1.8059E-09 2.0343E-09 2.2793E-09 2.5438E-09 2.8243E-09 3.1223E-09 3.4535E-09 3.8135E-09 4.2085E-09 4.6331E-09 5.0573E-09 5.5082E-09 5.9863E-09 6.5051E-09 7.0816E-09 7.7140E-09 8.4038E-09 9.1213E-09 9.8267E-09 1.0505E-08 1.1169E-08 1.1804E-08 1.2420E-08 1.3001E-08 1.3528E-08 1.4029E-08 1.4501E-08 1.4939E-08 1.5342E-08 1.5743E-08 1.6100E-08 1.6435E-08 1.6726E-08 1.7002E-08 1.7267E-08 1.7507E-08 1.7715E-08 1.7895E-08 1.8096E-08 1.8220E-08 1.8310E-08 1.8371E-08 1.8400E-08
1.1043E-10 1.6542E-10 2.1701E-10 2.7793E-10 3.5448E-10 4.4165E-10 5.3528E-10 6.3982E-10 7.5303E-10 8.8063E-10 1.0169E-09 1.1740E-09 1.3410E-09 1.5253E-09 1.7258E-09 1.9436E-09 2.1784E-09 2.4306E-09 2.6993E-09 2.9847E-09 3.3127E-09 3.6505E-09 4.0338E-09 4.4463E-09 4.8585E-09 5.2978E-09 5.7649E-09 6.2668E-09 6.8168E-09 7.4334E-09 8.1126E-09 8.8327E-09 9.5587E-09 1.0263E-08 1.0926E-08 1.1569E-08 1.2201E-08 1.2801E-08 1.3356E-08 1.3882E-08 1.4377E-08 1.4830E-08 1.5261E-08 1.5689E-08 1.6079E-08 1.6430E-08 1.6753E-08 1.7061E-08 1.7348E-08 1.7601E-08 1.7831E-08 1.8034E-08 1.8258E-08 1.8396E-08 1.8507E-08 1.8585E-08 1.8630E-08
9.6948E-11 1.5534E-10 2.0630E-10 2.6246E-10 3.3362E-10 4.1264E-10 5.0300E-10 6.0267E-10 7.1463E-10 8.3359E-10 9.7059E-10 1.1205E-09 1.2800E-09 1.4546E-09 1.6462E-09 1.8535E-09 2.0770E-09 2.3171E-09 2.5743E-09 2.8470E-09 3.1627E-09 3.4970E-09 3.8572E-09 4.2566E-09 4.6560E-09 5.0827E-09 5.5379E-09 6.0243E-09 6.5546E-09 7.1448E-09 7.8078E-09 8.5247E-09 9.2576E-09 9.9760E-09 1.0662E-08 1.1324E-08 1.1953E-08 1.2573E-08 1.3147E-08 1.3693E-08 1.4208E-08 1.4693E-08 1.5160E-08 1.5618E-08 1.6027E-08 1.6407E-08 1.6753E-08 1.7094E-08 1.7394E-08 1.7671E-08 1.7923E-08 1.8158E-08 1.8388E-08 1.8551E-08 1.8678E-08 1.8772E-08 1.8835E-08
8.6493E-11 1.3907E-10 1.9435E-10 2.4960E-10 3.1680E-10 3.8755E-10 4.7077E-10 5.6502E-10 6.7407E-10 7.8970E-10 9.2254E-10 1.0671E-09 1.2202E-09 1.3863E-09 1.5681E-09 1.7648E-09 1.9782E-09 2.2074E-09 2.4528E-09 2.7129E-09 3.0063E-09 3.3361E-09 3.6833E-09 4.0687E-09 4.4544E-09 4.8674E-09 5.3090E-09 5.7821E-09 6.2922E-09 6.8645E-09 7.5141E-09 8.1988E-09 8.9298E-09 9.6607E-09 1.0363E-08 1.1046E-08 1.1709E-08 1.2316E-08 1.2908E-08 1.3471E-08 1.4007E-08 1.4519E-08 1.5020E-08 1.5511E-08 1.5949E-08 1.6355E-08 1.6737E-08 1.7091E-08 1.7414E-08 1.7712E-08 1.7987E-08 1.8255E-08 1.8494E-08 1.8674E-08 1.8820E-08 1.8936E-08 1.9014E-08
7.7968E-11 1.2390E-10 1.8259E-10 2.3777E-10 3.0036E-10 3.6659E-10 4.4109E-10 5.2969E-10 6.3112E-10 7.4567E-10 8.7465E-10 1.0095E-09 1.1596E-09 1.3172E-09 1.4899E-09 1.6765E-09 1.8799E-09 2.0971E-09 2.3311E-09 2.5785E-09 2.8596E-09 3.1654E-09 3.5082E-09 3.8782E-09 4.2495E-09 4.6476E-09 5.0742E-09 5.5320E-09 6.0237E-09 6.5723E-09 7.1892E-09 7.8701E-09 8.5939E-09 9.3130E-09 1.0030E-08 1.0730E-08 1.1402E-08 1.2038E-08 1.2646E-08 1.3213E-08 1.3778E-08 1.4318E-08 1.4872E-08 1.5368E-08 1.5834E-08 1.6275E-08 1.6678E-08 1.7057E-08 1.7401E-08 1.7723E-08 1.8019E-08 1.8320E-08 1.8562E-08 1.8766E-08 1.8936E-08 1.9067E-08 1.9159E-08
7.2100E-11 1.1465E-10 1.6997E-10 2.2286E-10 2.8542E-10 3.4685E-10 4.1785E-10 4.9756E-10 5.8994E-10 7.0141E-10 8.2291E-10 9.5380E-10 1.0964E-09 1.2505E-09 1.4156E-09 1.5925E-09 1.7856E-09 1.9922E-09 2.2152E-09 2.4508E-09 2.7188E-09 3.0109E-09 3.3389E-09 3.6935E-09 4.0499E-09 4.4324E-09 4.8427E-09 5.2838E-09 5.7572E-09 6.2796E-09 6.8659E-09 7.5205E-09 8.2269E-09 8.9595E-09 9.6711E-09 1.0385E-08 1.1067E-08 1.1714E-08 1.2344E-08 1.2951E-08 1.3526E-08 1.4084E-08 1.4665E-08 1.5199E-08 1.5699E-08 1.6159E-08 1.6586E-08 1.6991E-08 1.7359E-08 1.7700E-08 1.8014E-08 1.8334E-08 1.8603E-08 1.8828E-08 1.9015E-08 1.9163E-08 1.9278E-08
6.7103E-11 9.8829E-11 1.6072E-10 2.0854E-10 2.6835E-10 3.2974E-10 3.9497E-10 4.6814E-10 5.5251E-10 6.5660E-10 7.7085E-10 8.9784E-10 1.0336E-09 1.1810E-09 1.3425E-09 1.5123E-09 1.6955E-09 1.8923E-09 2.1042E-09 2.3285E-09 2.5672E-09 2.8624E-09 3.1757E-09 3.5141E-09 3.8555E-09 4.2217E-09 4.6146E-09 5.0368E-09 5.4907E-09 5.9914E-09 6.5486E-09 7.1671E-09 7.8492E-09 8.5695E-09 9.3138E-09 1.0011E-08 1.0710E-08 1.1369E-08 1.2016E-08 1.2639E-08 1.3242E-08 1.3830E-08 1.4419E-08 1.4987E-08 1.5511E-08 1.6001E-08 1.6460E-08 1.6891E-08 1.7282E-08 1.7638E-08 1.7973E-08 1.8317E-08 1.8605E-08 1.8846E-08 1.9055E-08 1.9228E-08 1.9359E-08
6.2768E-11 9.3473E-11 1.5056E-10 1.9850E-10 2.5095E-10 3.0973E-10 3.7296E-10 4.4118E-10 5.2174E-10 6.1481E-10 7.2024E-10 8.4098E-10 9.6876E-10 1.1108E-09 1.2625E-09 1.4277E-09 1.6038E-09 1.7901E-09 1.9906E-09 2.2040E-09 2.4310E-09 2.7113E-09 3.0087E-09 3.3230E-09 3.6562E-09 4.0050E-09 4.3793E-09 4.7818E-09 5.2146E-09 5.6928E-09 6.2195E-09 6.8031E-09 7.4518E-09 8.1495E-09 8.8910E-09 9.6107E-09 1.0314E-08 1.0983E-08 1.1638E-08 1.2278E-08 1.2900E-08 1.3517E-08 1.4133E-08 1.4718E-08 1.5272E-08 1.5792E-08 1.6284E-08 1.6737E-08 1.7153E-08 1.7537E-08 1.7891E-08 1.8253E-08 1.8562E-08 1.8829E-08 1.9058E-08 1.9247E-08 1.9388E-08
5.9217E-11 8.0242E-11 1.3718E-10 1.8619E-10 2.3826E-10 2.8768E-10 3.4886E-10 4.1669E-10 4.9441E-10 5.7809E-10 6.7215E-10 7.8343E-10 9.0809E-10 1.0411E-09 1.1869E-09 1.3426E-09 1.5118E-09 1.6924E-09 1.8826E-09 2.0857E-09 2.3009E-09 2.5669E-09 2.8411E-09 3.1389E-09 3.4636E-09 3.7942E-09 4.1500E-09 4.5319E-09 4.9427E-09 5.3966E-09 5.8970E-09 6.4450E-09 7.0520E-09 7.7243E-09 8.4502E-09 9.1895E-09 9.8857E-09 1.0566E-08 1.1224E-08 1.1879E-08 1.2517E-08 1.3155E-08 1.3792E-08 1.4401E-08 1.4986E-08 1.5534E-08 1.6056E-08 1.6543E-08 1.6987E-08 1.7391E-08 1.7764E-08 1.8149E-08 1.8481E-08 1.8766E-08 1.9008E-08 1.9213E-08 1.9379E-08
5.5376E-11 7.5026E-11 1.1991E-10 1.7338E-10 2.2317E-10 2.7008E-10 3.2377E-10 3.9262E-10 4.6682E-10 5.4526E-10 6.3081E-10 7.3059E-10 8.4492E-10 9.7423E-10 1.1080E-09 1.2571E-09 1.4178E-09 1.5907E-09 1.7735E-09 1.9671E-09 2.1715E-09 2.4159E-09 2.6741E-09 2.9550E-09 3.2709E-09 3.5835E-09 3.9197E-09 4.2804E-09 4.6678E-09 5.0963E-09 5.5697E-09 6.0846E-09 6.6540E-09 7.2870E-09 7.9863E-09 8.7158E-09 9.4208E-09 1.0106E-08 1.0772E-08 1.1432E-08 1.2084E-08 1.2740E-08 1.3401E-08 1.4030E-08 1.4642E-08 1.5221E-08 1.5777E-08 1.6290E-08 1.6764E-08 1.7193E-08 1.7592E-08 1.8000E-08 1.8345E-08 1.8644E-08 1.8909E-08 1.9136E-08 1.9317E-08
5.0286E-11 6.9185E-11 1.1038E-10 1.5986E-10 2.0842E-10 2.5433E-10 3.0125E-10 3.6567E-10 4.3931E-10 5.1231E-10 5.9427E-10 6.8555E-10 7.8698E-10 9.0646E-10 1.0376E-09 1.1769E-09 1.3284E-09 1.4939E-09 1.6661E-09 1.8544E-09 2.0482E-09 2.2649E-09 2.5138E-09 2.7888E-09 3.0860E-09 3.3811E-09 3.6977E-09 4.0368E-09 4.4008E-09 4.8044E-09 5.2509E-09 5.7356E-09 6.2653E-09 6.8498E-09 7.5160E-09 8.2214E-09 8.9250E-09 9.6187E-09 1.0287E-08 1.0944E-08 1.1608E-08 1.2278E-08 1.2960E-08 1.3611E-08 1.4244E-08 1.4853E-08 1.5439E-08 1.5983E-08 1.6488E-08 1.6947E-08 1.7369E-08 1.7789E-08 1.8152E-08 1.8474E-08 1.8760E-08 1.9004E-08 1.9210E-08
4.5001E-11 6.3133E-11 9.2834E-11 1.4708E-10 1.9152E-10 2.3661E-10 2.8251E-10 3.4161E-10 4.0845E-10 4.8039E-10 5.5762E-10 6.4304E-10 7.3812E-10 8.4351E-10 9.6662E-10 1.1009E-09 1.2435E-09 1.3977E-09 1.5653E-09 1.7420E-09 1.9293E-09 2.1248E-09 2.3679E-09 2.6177E-09 2.8965E-09 3.1816E-09 3.4789E-09 3.7971E-09 4.1385E-09 4.5164E-09 4.9406E-09 5.3940E-09 5.8797E-09 6.4205E-09 7.0393E-09 7.7107E-09 8.3977E-09 9.0885E-09 9.7629E-09 1.0426E-08 1.1090E-08 1.1770E-08 1.2466E-08 1.3133E-08 1.3792E-08 1.4425E-08 1.5037E-08 1.5618E-08 1.6151E-08 1.6640E-08 1.7083E-08 1.7524E-08 1.7905E-08 1.8245E-08 1.8553E-08 1.8822E-08 1.9056E-08
3.7323E-11 5.6738E-11 7.7663E-11 1.3377E-10 1.7712E-10 2.2018E-10 2.6592E-10 3.1884E-10 3.7915E-10 4.4698E-10 5.2360E-10 6.0287E-10 6.9342E-10 7.9159E-10 9.0197E-10 1.0290E-09 1.1668E-09 1.3110E-09 1.4673E-09 1.6363E-09 1.8125E-09 1.9990E-09 2.2162E-09 2.4558E-09 2.7172E-09 2.9917E-09 3.2697E-09 3.5670E-09 3.8855E-09 4.2378E-09 4.6276E-09 5.0559E-09 5.5132E-09 6.0053E-09 6.5714E-09 7.2022E-09 7.8574E-09 8.5334E-09 9.2096E-09 9.8748E-09 1.0533E-08 1.1220E-08 1.1921E-08 1.2608E-08 1.3282E-08 1.3941E-08 1.4584E-08 1.5193E-08 1.5753E-08 1.6270E-08 1.6739E-08 1.7200E-08 1.7603E-08 1.7964E-08 1.8295E-08 1.8593E-08 1.8849E-08
2.7038E-11 4.9991E-11 6.8909E-11 1.1225E-10 1.6125E-10 2.0155E-10 2.4702E-10 2.9765E-10 3.5306E-10 4.1691E-10 4.8538E-10 5.6603E-10 6.4955E-10 7.4275E-10 8.4617E-10 9.5960E-10 1.0914E-09 1.2279E-09 1.3758E-09 1.5310E-09 1.7021E-09 1.8774E-09 2.0646E-09 2.2985E-09 2.5422E-09 2.7982E-09 3.0655E-09 3.3433E-09 3.6393E-09 3.9556E-09 4.3281E-09 4.7198E-09 5.1490E-09 5.6012E-09 6.1208E-09 6.6975E-09 7.3124E-09 7.9642E-09 8.6276E-09 9.2901E-09 9.9461E-09 1.0626E-08 1.1335E-08 1.2033E-08 1.2721E-08 1.3399E-08 1.4067E-08 1.4700E-08 1.5290E-08 1.5831E-08 1.6329E-08 1.6815E-08 1.7245E-08 1.7630E-08 1.7986E-08 1.8305E-08 1.8582E-08
1.5789E-11 4.0750E-11 6.1085E-11 1.0216E-10 1.4682E-10 1.8407E-10 2.2977E-10 2.7650E-10 3.2672E-10 3.8906E-10 4.5270E-10 5.2500E-10 6.0778E-10 6.9635E-10 7.9319E-10 8.9857E-10 1.0157E-09 1.1487E-09 1.2883E-09 1.4365E-09 1.5929E-09 1.7593E-09 1.9359E-09 2.1364E-09 2.3664E-09 2.6120E-09 2.8683E-09 3.1259E-09 3.3997E-09 3.6916E-09 4.0357E-09 4.3969E-09 4.7874E-09 5.2090E-09 5.6824E-09 6.2054E-09 6.7718E-09 7.3855E-09 8.0284E-09 8.6854E-09 9.3362E-09 1.0003E-08 1.0706E-08 1.1409E-08 1.2111E-08 1.2803E-08 1.3481E-08 1.4141E-08 1.4759E-08 1.5330E-08 1.5859E-08 1.6369E-08 1.6833E-08 1.7240E-08 1.7614E-08 1.7953E-08 1.8251E-08
