Assets/Resources/2015_m01_d15_2300(utc+0800)_l00_csi_1hr_conc.grd
DSAA
         159         159
     -79.000      79.000
     -79.000      79.000
  0.0000E+00  0.2833E-04
[rows 125 to 149 of 159, columns 57 to 113 of 159]
9.7184E-10 1.0463E-09 1.1319E-09 1.2212E-09 1.3131E-09 1.4060E-09 1.4877E-09 1.5716E-09 1.6514E-09 1.7322E-09 1.8102E-09 1.8852E-09 1.9579E-09 2.0280E-09 2.0953E-09 2.1596E-09 2.2207E-09 2.2786E-09 2.3331E-09 2.3842E-09 2.4318E-09 2.4726E-09 2.5130E-09 2.5499E-09 2.5833E-09 2.6132E-09 2.6394E-09 2.6573E-09 2.6763E-09 2.6918E-09 2.6982E-09 2.7065E-09 2.7115E-09 2.7134E-09 2.7125E-09 2.7091E-09 2.6987E-09 2.6912E-09 2.6768E-09 2.6605E-09 2.6476E-09 2.6329E-09 2.6163E-09 2.5981E-09 2.5738E-09 2.5431E-09 2.5212E-09 2.4981E-09 2.4741E-09 2.4423E-09 2.4076E-09 2.3485E-09 2.3161E-09 2.2902E-09 2.2522E-09 2.1952E-09 2.1569E-09
9.0549E-10 9.7584E-10 1.0541E-09 1.1375E-09 1.2265E-09 1.3129E-09 1.3969E-09 1.4742E-09 1.5545E-09 1.6325E-09 1.7072E-09 1.7800E-09 1.8508E-09 1.9193E-09 1.9852E-09 2.0484E-09 2.1087E-09 2.1659E-09 2.2200E-09 2.2709E-09 2.3185E-09 2.3592E-09 2.4000E-09 2.4375E-09 2.4716E-09 2.5023E-09 2.5245E-09 2.5481E-09 2.5683E-09 2.5851E-09 2.5983E-09 2.6080E-09 2.6144E-09 2.6128E-09 2.6135E-09 2.6068E-09 2.6030E-09 2.5922E-09 2.5847E-09 2.5753E-09 2.5640E-09 2.5508E-09 2.5312E-09 2.5050E-09 2.4872E-09 2.4680E-09 2.4475E-09 2.4190E-09 2.3921E-09 2.3503E-09 2.3009E-09 2.2778E-09 2.2473E-09 2.2134E-09 2.1572E-09 2.1266E-09 2.1023E-09
8.4006E-10 9.0990E-10 9.7790E-10 1.0590E-09 1.1436E-09 1.2279E-09 1.3102E-09 1.3856E-09 1.4628E-09 1.5361E-09 1.6092E-09 1.6799E-09 1.7487E-09 1.8155E-09 1.8799E-09 1.9419E-09 2.0012E-09 2.0576E-09 2.1112E-09 2.1618E-09 2.2056E-09 2.2497E-09 2.2908E-09 2.3287E-09 2.3634E-09 2.3948E-09 2.4228E-09 2.4475E-09 2.4643E-09 2.4821E-09 2.4964E-09 2.5073E-09 2.5100E-09 2.5149E-09 2.5119E-09 2.5119E-09 2.5098E-09 2.5057E-09 2.4997E-09 2.4871E-09 2.4775E-09 2.4612E-09 2.4432E-09 2.4284E-09 2.4121E-09 2.3943E-09 2.3638E-09 2.3394E-09 2.2855E-09 2.2581E-09 2.2370E-09 2.2087E-09 2.1707E-09 2.1162E-09 2.0942E-09 2.0653E-09 2.0327E-09
7.7863E-10 8.4820E-10 9.1304E-10 9.8248E-10 1.0667E-09 1.1466E-09 1.2268E-09 1.3020E-09 1.3730E-09 1.4456E-09 1.5151E-09 1.5845E-09 1.6513E-09 1.7163E-09 1.7792E-09 1.8399E-09 1.8981E-09 1.9537E-09 2.0066E-09 2.0567E-09 2.1040E-09 2.1452E-09 2.1864E-09 2.2247E-09 2.2598E-09 2.2917E-09 2.3204E-09 2.3458E-09 2.3633E-09 2.3820E-09 2.3973E-09 2.4042E-09 2.4133E-09 2.4196E-09 2.4232E-09 2.4245E-09 2.4190E-09 2.4165E-09 2.4072E-09 2.3961E-09 2.3882E-09 2.3784E-09 2.3667E-09 2.3533E-09 2.3269E-09 2.3061E-09 2.2689E-09 2.2379E-09 2.2128E-09 2.1873E-09 2.1582E-09 2.1122E-09 2.0799E-09 2.0597E-09 2.0276E-09 2.0017E-09 1.9439E-09
7.2617E-10 7.8604E-10 8.5207E-10 9.1550E-10 9.9371E-10 1.0692E-09 1.1489E-09 1.2198E-09 1.2913E-09 1.3611E-09 1.4284E-09 1.4946E-09 1.5594E-09 1.6226E-09 1.6839E-09 1.7432E-09 1.8002E-09 1.8549E-09 1.9071E-09 1.9567E-09 2.0037E-09 2.0445E-09 2.0857E-09 2.1241E-09 2.1595E-09 2.1919E-09 2.2211E-09 2.2424E-09 2.2652E-09 2.2847E-09 2.3011E-09 2.3143E-09 2.3245E-09 2.3271E-09 2.3320E-09 2.3298E-09 2.3306E-09 2.3246E-09 2.3218E-09 2.3172E-09 2.3106E-09 2.3022E-09 2.2804E-09 2.2639E-09 2.2442E-09 2.2029E-09 2.1810E-09 2.1586E-09 2.1421E-09 2.1090E-09 2.0658E-09 2.0414E-09 2.0167E-09 1.9879E-09 1.9506E-09 1.9131E-09 1.8940E-09
6.7497E-10 7.3181E-10 7.9498E-10 8.5436E-10 9.2045E-10 1.0004E-09 1.0715E-09 1.1457E-09 1.2141E-09 1.2794E-09 1.3452E-09 1.4091E-09 1.4718E-09 1.5331E-09 1.5928E-09 1.6507E-09 1.7065E-09 1.7602E-09 1.8116E-09 1.8606E-09 1.9071E-09 1.9473E-09 1.9884E-09 2.0269E-09 2.0625E-09 2.0953E-09 2.1250E-09 2.1516E-09 2.1751E-09 2.1912E-09 2.2082E-09 2.2223E-09 2.2286E-09 2.2372E-09 2.2383E-09 2.2424E-09 2.2446E-09 2.2449E-09 2.2434E-09 2.2400E-09 2.2233E-09 2.2118E-09 2.1967E-09 2.1669E-09 2.1484E-09 2.1223E-09 2.1091E-09 2.0903E-09 2.0453E-09 2.0165E-09 2.0008E-09 1.9782E-09 1.9513E-09 1.9038E-09 1.8803E-09 1.8628E-09 1.8350E-09
6.2113E-10 6.8113E-10 7.3720E-10 7.9816E-10 8.5753E-10 9.3325E-10 1.0020E-09 1.0751E-09 1.1383E-09 1.2029E-09 1.2652E-09 1.3278E-09 1.3884E-09 1.4479E-09 1.5059E-09 1.5622E-09 1.6168E-09 1.6694E-09 1.7199E-09 1.7681E-09 1.8141E-09 1.8577E-09 1.8957E-09 1.9342E-09 1.9698E-09 2.0028E-09 2.0328E-09 2.0598E-09 2.0794E-09 2.1003E-09 2.1180E-09 2.1280E-09 2.1402E-09 2.1499E-09 2.1571E-09 2.1623E-09 2.1656E-09 2.1555E-09 2.1508E-09 2.1490E-09 2.1389E-09 2.1138E-09 2.0998E-09 2.0778E-09 2.0683E-09 2.0530E-09 2.0241E-09 1.9917E-09 1.9720E-09 1.9521E-09 1.9377E-09 1.8946E-09 1.8674E-09 1.8457E-09 1.8299E-09 1.7990E-09 1.7824E-09
5.6811E-10 6.3213E-10 6.8803E-10 7.4421E-10 7.9977E-10 8.6350E-10 9.3648E-10 1.0041E-09 1.0699E-09 1.1318E-09 1.1918E-09 1.2512E-09 1.3098E-09 1.3674E-09 1.4237E-09 1.4786E-09 1.5319E-09 1.5833E-09 1.6329E-09 1.6803E-09 1.7257E-09 1.7656E-09 1.8063E-09 1.8446E-09 1.8803E-09 1.9133E-09 1.9436E-09 1.9663E-09 1.9907E-09 2.0121E-09 2.0305E-09 2.0463E-09 2.0594E-09 2.0653E-09 2.0736E-09 2.0729E-09 2.0729E-09 2.0758E-09 2.0706E-09 2.0504E-09 2.0412E-09 2.0239E-09 2.0144E-09 2.0077E-09 1.9933E-09 1.9531E-09 1.9364E-09 1.9194E-09 1.9078E-09 1.8794E-09 1.8422E-09 1.8229E-09 1.8094E-09 1.7951E-09 1.7660E-09 1.7509E-09 1.7353E-09
5.2354E-10 5.7993E-10 6.4097E-10 6.9075E-10 7.4780E-10 8.0336E-10 8.7568E-10 9.3972E-10 1.0053E-09 1.0629E-09 1.1214E-09 1.1786E-09 1.2351E-09 1.2908E-09 1.3454E-09 1.3987E-09 1.4506E-09 1.5009E-09 1.5494E-09 1.5960E-09 1.6407E-09 1.6798E-09 1.7202E-09 1.7582E-09 1.7938E-09 1.8269E-09 1.8573E-09 1.8849E-09 1.9097E-09 1.9274E-09 1.9464E-09 1.9627E-09 1.9647E-09 1.9764E-09 1.9857E-09 1.9867E-09 1.9925E-09 1.9770E-09 1.9726E-09 1.9672E-09 1.9554E-09 1.9533E-09 1.9433E-09 1.9141E-09 1.9006E-09 1.8799E-09 1.8714E-09 1.8558E-09 1.8177E-09 1.8006E-09 1.7831E-09 1.7713E-09 1.7537E-09 1.7313E-09 1.7178E-09 1.7036E-09 1.6889E-09
4.7205E-10 5.3561E-10 5.9295E-10 6.4608E-10 6.9378E-10 7.5017E-10 8.0919E-10 8.7893E-10 9.4097E-10 9.9858E-10 1.0537E-09 1.1096E-09 1.1641E-09 1.2179E-09 1.2707E-09 1.3225E-09 1.3729E-09 1.4219E-09 1.4694E-09 1.5151E-09 1.5590E-09 1.6011E-09 1.6382E-09 1.6759E-09 1.7114E-09 1.7443E-09 1.7748E-09 1.8025E-09 1.8164E-09 1.8384E-09 1.8579E-09 1.8749E-09 1.8829E-09 1.8954E-09 1.8936E-09 1.8947E-09 1.8879E-09 1.8893E-09 1.8865E-09 1.8830E-09 1.8782E-09 1.8592E-09 1.8500E-09 1.8332E-09 1.8281E-09 1.8157E-09 1.7803E-09 1.7658E-09 1.7509E-09 1.7416E-09 1.7315E-09 1.7062E-09 1.6950E-09 1.6830E-09 1.6704E-09 1.6523E-09 1.6295E-09
4.2966E-10 4.9011E-10 5.4603E-10 6.0238E-10 6.4850E-10 7.0096E-10 7.5422E-10 8.1595E-10 8.8044E-10 9.3712E-10 9.9196E-10 1.0448E-09 1.0973E-09 1.1492E-09 1.2003E-09 1.2505E-09 1.2995E-09 1.3473E-09 1.3936E-09 1.4384E-09 1.4815E-09 1.5199E-09 1.5539E-09 1.5911E-09 1.6261E-09 1.6587E-09 1.6889E-09 1.7165E-09 1.7415E-09 1.7573E-09 1.7773E-09 1.7828E-09 1.7906E-09 1.7930E-09 1.7973E-09 1.8074E-09 1.8087E-09 1.8095E-09 1.8035E-09 1.8002E-09 1.7840E-09 1.7781E-09 1.7771E-09 1.7686E-09 1.7465E-09 1.7249E-09 1.7192E-09 1.7061E-09 1.6986E-09 1.6902E-09 1.6667E-09 1.6571E-09 1.6468E-09 1.6357E-09 1.6097E-09 1.5978E-09 1.5829E-09
3.9919E-10 4.4463E-10 5.0367E-10 5.5780E-10 6.0610E-10 6.5197E-10 7.0324E-10 7.6195E-10 8.2196E-10 8.7942E-10 9.3072E-10 9.8118E-10 1.0314E-09 1.0812E-09 1.1303E-09 1.1786E-09 1.2260E-09 1.2722E-09 1.3171E-09 1.3606E-09 1.4027E-09 1.4431E-09 1.4818E-09 1.5187E-09 1.5535E-09 1.5802E-09 1.6103E-09 1.6379E-09 1.6508E-09 1.6558E-09 1.6763E-09 1.6871E-09 1.7034E-09 1.7177E-09 1.7170E-09 1.7223E-09 1.7188E-09 1.7206E-09 1.7153E-09 1.7138E-09 1.7174E-09 1.7133E-09 1.6954E-09 1.6773E-09 1.6748E-09 1.6647E-09 1.6599E-09 1.6541E-09 1.6329E-09 1.6258E-09 1.6178E-09 1.6090E-09 1.5994E-09 1.5751E-09 1.5646E-09 1.5511E-09 1.5372E-09
3.6236E-10 4.0446E-10 4.6275E-10 5.0924E-10 5.6739E-10 6.0808E-10 6.5607E-10 7.0760E-10 7.6636E-10 8.2476E-10 8.7508E-10 9.2346E-10 9.7286E-10 1.0209E-09 1.0685E-09 1.1154E-09 1.1615E-09 1.2027E-09 1.2464E-09 1.2888E-09 1.3299E-09 1.3669E-09 1.4049E-09 1.4255E-09 1.4593E-09 1.4909E-09 1.5128E-09 1.5401E-09 1.5577E-09 1.5808E-09 1.5955E-09 1.6072E-09 1.6183E-09 1.6278E-09 1.6277E-09 1.6328E-09 1.6384E-09 1.6409E-09 1.6429E-09 1.6492E-09 1.6358E-09 1.6220E-09 1.6235E-09 1.6168E-09 1.6152E-09 1.6123E-09 1.6082E-09 1.5890E-09 1.5834E-09 1.5770E-09 1.5698E-09 1.5475E-09 1.5392E-09 1.5301E-09 1.5157E-09 1.5032E-09 1.4834E-09
3.3706E-10 3.7606E-10 4.1861E-10 4.7448E-10 5.2411E-10 5.6746E-10 6.1054E-10 6.5553E-10 7.1404E-10 7.6879E-10 8.1988E-10 8.6594E-10 9.1196E-10 9.5473E-10 9.9993E-10 1.0446E-09 1.0885E-09 1.1275E-09 1.1694E-09 1.2102E-09 1.2498E-09 1.2815E-09 1.3182E-09 1.3532E-09 1.3866E-09 1.4104E-09 1.4346E-09 1.4618E-09 1.4798E-09 1.4916E-09 1.4996E-09 1.5190E-09 1.5366E-09 1.5454E-09 1.5546E-09 1.5548E-09 1.5664E-09 1.5657E-09 1.5677E-09 1.5632E-09 1.5639E-09 1.5615E-09 1.5637E-09 1.5643E-09 1.5633E-09 1.5467E-09 1.5437E-09 1.5398E-09 1.5350E-09 1.5293E-09 1.5087E-09 1.5019E-09 1.4919E-09 1.4813E-09 1.4703E-09 1.4497E-09 1.4401E-09
3.1372E-10 3.4175E-10 3.8150E-10 4.3569E-10 4.7856E-10 5.2797E-10 5.6847E-10 6.1011E-10 6.6080E-10 7.1374E-10 7.6448E-10 8.1076E-10 8.5464E-10 8.9388E-10 9.3713E-10 9.7996E-10 1.0191E-09 1.0604E-09 1.1008E-09 1.1403E-09 1.1787E-09 1.2091E-09 1.2450E-09 1.2793E-09 1.3026E-09 1.3210E-09 1.3499E-09 1.3695E-09 1.3945E-09 1.4177E-09 1.4320E-09 1.4408E-09 1.4588E-09 1.4685E-09 1.4726E-09 1.4795E-09 1.4919E-09 1.4913E-09 1.4961E-09 1.4978E-09 1.5044E-09 1.5091E-09 1.5118E-09 1.4985E-09 1.4985E-09 1.4973E-09 1.4950E-09 1.4917E-09 1.4733E-09 1.4687E-09 1.4634E-09 1.4525E-09 1.4434E-09 1.4269E-09 1.4170E-09 1.3985E-09 1.3713E-09
2.8914E-10 3.1815E-10 3.5134E-10 3.9355E-10 4.3858E-10 4.8848E-10 5.2766E-10 5.6703E-10 6.0924E-10 6.6110E-10 7.1090E-10 7.5461E-10 7.9596E-10 8.3728E-10 8.7328E-10 9.1388E-10 9.5402E-10 9.9000E-10 1.0286E-09 1.0665E-09 1.1033E-09 1.1322E-09 1.1606E-09 1.1938E-09 1.2256E-09 1.2558E-09 1.2724E-09 1.2989E-09 1.3186E-09 1.3419E-09 1.3458E-09 1.3658E-09 1.3773E-09 1.3945E-09 1.4034E-09 1.4078E-09 1.4145E-09 1.4265E-09 1.4370E-09 1.4458E-09 1.4527E-09 1.4434E-09 1.4471E-09 1.4491E-09 1.4497E-09 1.4490E-09 1.4473E-09 1.4307E-09 1.4276E-09 1.4212E-09 1.4143E-09 1.4067E-09 1.3894E-09 1.3729E-09 1.3538E-09 1.3352E-09 1.3212E-09
2.6574E-10 2.9358E-10 3.2139E-10 3.5763E-10 4.0348E-10 4.4520E-10 4.8980E-10 5.2613E-10 5.6316E-10 6.0994E-10 6.5723E-10 7.0301E-10 7.4213E-10 7.7738E-10 8.1625E-10 8.5490E-10 8.9320E-10 9.2498E-10 9.6203E-10 9.9837E-10 1.0339E-09 1.0685E-09 1.0958E-09 1.1281E-09 1.1592E-09 1.1790E-09 1.1954E-09 1.2217E-09 1.2396E-09 1.2627E-09 1.2843E-09 1.2977E-09 1.3116E-09 1.3240E-09 1.3339E-09 1.3489E-09 1.3626E-09 1.3750E-09 1.3859E-09 1.3805E-09 1.3883E-09 1.3943E-09 1.3984E-09 1.4009E-09 1.4020E-09 1.3878E-09 1.3870E-09 1.3854E-09 1.3782E-09 1.3727E-09 1.3575E-09 1.3430E-09 1.3281E-09 1.3091E-09 1.3013E-09 1.2886E-09 1.2820E-09
2.4314E-10 2.6920E-10 2.9860E-10 3.2544E-10 3.6715E-10 4.0972E-10 4.4688E-10 4.8551E-10 5.2092E-10 5.6148E-10 6.0709E-10 6.5105E-10 6.8989E-10 7.2699E-10 7.6409E-10 7.9631E-10 8.3283E-10 8.6897E-10 9.0134E-10 9.3622E-10 9.7042E-10 9.9873E-10 1.0312E-09 1.0503E-09 1.0804E-09 1.1093E-09 1.1368E-09 1.1560E-09 1.1805E-09 1.2035E-09 1.2152E-09 1.2291E-09 1.2484E-09 1.2663E-09 1.2830E-09 1.2982E-09 1.3075E-09 1.3105E-09 1.3220E-09 1.3319E-09 1.3401E-09 1.3464E-09 1.3510E-09 1.3397E-09 1.3417E-09 1.3424E-09 1.3375E-09 1.3342E-09 1.3210E-09 1.3087E-09 1.2939E-09 1.2788E-09 1.2729E-09 1.2640E-09 1.2571E-09 1.2421E-09 1.2134E-09
2.2608E-10 2.4747E-10 2.7275E-10 2.9910E-10 3.3150E-10 3.7001E-10 4.1060E-10 4.4941E-10 4.8264E-10 5.1753E-10 5.6458E-10 6.0506E-10 6.4499E-10 6.7687E-10 7.1201E-10 7.4712E-10 7.8206E-10 8.0684E-10 8.4083E-10 8.7433E-10 9.0725E-10 9.3949E-10 9.7096E-10 9.9566E-10 1.0251E-09 1.0534E-09 1.0755E-09 1.0960E-09 1.1139E-09 1.1371E-09 1.1590E-09 1.1795E-09 1.1988E-09 1.2169E-09 1.2240E-09 1.2347E-09 1.2493E-09 1.2626E-09 1.2744E-09 1.2846E-09 1.2931E-09 1.2856E-09 1.2909E-09 1.2946E-09 1.2922E-09 1.2913E-09 1.2816E-09 1.2621E-09 1.2501E-09 1.2466E-09 1.2426E-09 1.2379E-09 1.2283E-09 1.2074E-09 1.1903E-09 1.1790E-09 1.1723E-09
2.0737E-10 2.2864E-10 2.5110E-10 2.7594E-10 2.9976E-10 3.3745E-10 3.7642E-10 4.1100E-10 4.4531E-10 4.7656E-10 5.1359E-10 5.5774E-10 5.9725E-10 6.3120E-10 6.6471E-10 6.9826E-10 7.2732E-10 7.6040E-10 7.9319E-10 8.2558E-10 8.5748E-10 8.8878E-10 9.1941E-10 9.4445E-10 9.6202E-10 9.8991E-10 1.0166E-09 1.0421E-09 1.0664E-09 1.0893E-09 1.1111E-09 1.1269E-09 1.1364E-09 1.1547E-09 1.1719E-09 1.1878E-09 1.2026E-09 1.2161E-09 1.2235E-09 1.2245E-09 1.2336E-09 1.2409E-09 1.2418E-09 1.2358E-09 1.2285E-09 1.2194E-09 1.2096E-09 1.2105E-09 1.2061E-09 1.2034E-09 1.1880E-09 1.1766E-09 1.1584E-09 1.1516E-09 1.1466E-09 1.1411E-09 1.1241E-09
1.9225E-10 2.0980E-10 2.2905E-10 2.5171E-10 2.7658E-10 3.0765E-10 3.3965E-10 3.7829E-10 4.1501E-10 4.4616E-10 4.7494E-10 5.1868E-10 5.5843E-10 5.9258E-10 6.2461E-10 6.5674E-10 6.8887E-10 7.2088E-10 7.4346E-10 7.7465E-10 8.0082E-10 8.3101E-10 8.6063E-10 8.8959E-10 9.1782E-10 9.4521E-10 9.7150E-10 9.9661E-10 1.0158E-09 1.0338E-09 1.0506E-09 1.0713E-09 1.0908E-09 1.1091E-09 1.1263E-09 1.1424E-09 1.1479E-09 1.1569E-09 1.1695E-09 1.1725E-09 1.1772E-09 1.1747E-09 1.1735E-09 1.1652E-09 1.1650E-09 1.1680E-09 1.1656E-09 1.1572E-09 1.1514E-09 1.1368E-09 1.1257E-09 1.1207E-09 1.1174E-09 1.1135E-09 1.1001E-09 1.0831E-09 1.0609E-09
1.7600E-10 1.9262E-10 2.1199E-10 2.3208E-10 2.5411E-10 2.7714E-10 3.1213E-10 3.4648E-10 3.7739E-10 4.1126E-10 4.3983E-10 4.7803E-10 5.1590E-10 5.4894E-10 5.7925E-10 6.0975E-10 6.4031E-10 6.7083E-10 7.0122E-10 7.3137E-10 7.6119E-10 7.9058E-10 8.1947E-10 8.4777E-10 8.7089E-10 8.9280E-10 9.1364E-10 9.3857E-10 9.6240E-10 9.8511E-10 1.0067E-09 1.0273E-09 1.0467E-09 1.0604E-09 1.0680E-09 1.0771E-09 1.0922E-09 1.1063E-09 1.1039E-09 1.1079E-09 1.1092E-09 1.1089E-09 1.1160E-09 1.1215E-09 1.1137E-09 1.1151E-09 1.0983E-09 1.0917E-09 1.0895E-09 1.0884E-09 1.0846E-09 1.0751E-09 1.0657E-09 1.0485E-09 1.0349E-09 1.0332E-09 1.0276E-09
1.6180E-10 1.7663E-10 1.9388E-10 2.1247E-10 2.3281E-10 2.5502E-10 2.8296E-10 3.1356E-10 3.4805E-10 3.8004E-10 4.1187E-10 4.3945E-10 4.8114E-10 5.1668E-10 5.4754E-10 5.7687E-10 6.0632E-10 6.3579E-10 6.6518E-10 6.9055E-10 7.1939E-10 7.4357E-10 7.6685E-10 7.9423E-10 8.2105E-10 8.4723E-10 8.7269E-10 8.9719E-10 9.2066E-10 9.4307E-10 9.5359E-10 9.6908E-10 9.8351E-10 9.9469E-10 1.0073E-09 1.0163E-09 1.0272E-09 1.0372E-09 1.0388E-09 1.0507E-09 1.0612E-09 1.0624E-09 1.0631E-09 1.0541E-09 1.0457E-09 1.0461E-09 1.0497E-09 1.0504E-09 1.0484E-09 1.0407E-09 1.0236E-09 1.0089E-09 1.0056E-09 1.0055E-09 1.0013E-09 1.0002E-09 9.9004E-10
1.5174E-10 1.6366E-10 1.8035E-10 1.9853E-10 2.1431E-10 2.3517E-10 2.5577E-10 2.8881E-10 3.1876E-10 3.5148E-10 3.8267E-10 4.0722E-10 4.4356E-10 4.7865E-10 5.0870E-10 5.3641E-10 5.6429E-10 5.8834E-10 6.1617E-10 6.4389E-10 6.7143E-10 6.9869E-10 7.2560E-10 7.5208E-10 7.7806E-10 8.0347E-10 8.2364E-10 8.3681E-10 8.5595E-10 8.7282E-10 8.9370E-10 9.1187E-10 9.2373E-10 9.3762E-10 9.5049E-10 9.6216E-10 9.6597E-10 9.8033E-10 9.9350E-10 9.9318E-10 9.9156E-10 9.9676E-10 9.9422E-10 1.0009E-09 1.0066E-09 1.0069E-09 1.0015E-09 9.8674E-10 9.7610E-10 9.7113E-10 9.7318E-10 9.7464E-10 9.7201E-10 9.7232E-10 9.6365E-10 9.5829E-10 9.5365E-10
1.3752E-10 1.5110E-10 1.6420E-10 1.7913E-10 1.9717E-10 2.1541E-10 2.3557E-10 2.5995E-10 2.9081E-10 3.2023E-10 3.4483E-10 3.7575E-10 4.0137E-10 4.3984E-10 4.7281E-10 4.9948E-10 5.2581E-10 5.5227E-10 5.7876E-10 6.0520E-10 6.3150E-10 6.5760E-10 6.7936E-10 7.0032E-10 7.2516E-10 7.4328E-10 7.6697E-10 7.9007E-10 8.0614E-10 8.2298E-10 8.3392E-10 8.5338E-10 8.6744E-10 8.8061E-10 8.9769E-10 8.9805E-10 9.1082E-10 9.1859E-10 9.2952E-10 9.3541E-10 9.4186E-10 9.5146E-10 9.5239E-10 9.5498E-10 9.4275E-10 9.3442E-10 9.3348E-10 9.3404E-10 9.3769E-10 9.4073E-10 9.3965E-10 9.3299E-10 9.2955E-10 9.2680E-10 9.2718E-10 9.2706E-10 9.2000E-10
