Assets/Resources/2015_m01_d21_1200(utc+0800)_l00_csi_1hr_conc.grd
DSAA
         159         159
     -79.000      79.000
     -79.000      79.000
  0.1412E-09  0.2212E-05
[rows 25 to 49 of 159, columns 57 to 113 of 159]
5.6188E-09 5.6885E-09 5.7571E-09 5.8230E-09 5.8878E-09 5.9520E-09 6.0152E-09 6.0768E-09 6.1373E-09 6.2031E-09 6.2670E-09 6.3303E-09 6.3908E-09 6.4699E-09 6.5570E-09 6.6366E-09 6.7152E-09 6.7931E-09 6.8930E-09 6.9961E-09 7.1031E-09 7.2305E-09 7.3696E-09 7.5161E-09 7.6665E-09 7.8264E-09 8.0006E-09 8.1909E-09 8.3957E-09 8.6198E-09 8.8651E-09 9.1334E-09 9.4264E-09 9.7525E-09 1.0113E-08 1.0507E-08 1.0967E-08 1.1475E-08 1.2035E-08 1.2665E-08 1.3365E-08 1.4157E-08 1.5202E-08 1.6433E-08 1.7769E-08 1.9235E-08 2.0898E-08 2.2769E-08 2.4810E-08 2.6964E-08 2.9319E-08 3.1839E-08 3.4452E-08 3.7242E-08 4.0127E-08 4.3034E-08 4.5862E-08
5.6491E-09 5.7194E-09 5.7882E-09 5.8542E-09 5.9191E-09 5.9834E-09 6.0461E-09 6.1077E-09 6.1682E-09 6.2345E-09 6.2983E-09 6.3614E-09 6.4217E-09 6.4964E-09 6.5869E-09 6.6660E-09 6.7424E-09 6.8204E-09 6.9203E-09 7.0234E-09 7.1299E-09 7.2566E-09 7.3950E-09 7.5408E-09 7.6903E-09 7.8480E-09 8.0225E-09 8.2118E-09 8.4155E-09 8.6386E-09 8.8827E-09 9.1498E-09 9.4447E-09 9.7736E-09 1.0135E-08 1.0557E-08 1.1027E-08 1.1551E-08 1.2148E-08 1.2816E-08 1.3569E-08 1.4553E-08 1.5750E-08 1.7132E-08 1.8616E-08 2.0289E-08 2.2209E-08 2.4382E-08 2.6787E-08 2.9378E-08 3.2103E-08 3.5066E-08 3.8114E-08 4.1301E-08 4.4560E-08 4.7817E-08 5.0947E-08
5.6778E-09 5.7477E-09 5.8166E-09 5.8828E-09 5.9482E-09 6.0124E-09 6.0752E-09 6.1368E-09 6.1972E-09 6.2630E-09 6.3266E-09 6.3900E-09 6.4501E-09 6.5244E-09 6.6119E-09 6.6920E-09 6.7684E-09 6.8445E-09 6.9444E-09 7.0473E-09 7.1529E-09 7.2788E-09 7.4121E-09 7.5607E-09 7.7090E-09 7.8654E-09 8.0373E-09 8.2262E-09 8.4282E-09 8.6495E-09 8.8918E-09 9.1576E-09 9.4559E-09 9.7819E-09 1.0164E-08 1.0596E-08 1.1078E-08 1.1638E-08 1.2266E-08 1.2984E-08 1.3858E-08 1.4969E-08 1.6367E-08 1.7879E-08 1.9582E-08 2.1508E-08 2.3712E-08 2.6215E-08 2.9015E-08 3.2052E-08 3.5231E-08 3.8643E-08 4.2184E-08 4.5764E-08 4.9407E-08 5.2998E-08 5.6411E-08
5.7042E-09 5.7743E-09 5.8432E-09 5.9095E-09 5.9745E-09 6.0388E-09 6.1019E-09 6.1635E-09 6.2238E-09 6.2894E-09 6.3528E-09 6.4160E-09 6.4758E-09 6.5496E-09 6.6362E-09 6.7156E-09 6.7908E-09 6.8663E-09 6.9641E-09 7.0660E-09 7.1723E-09 7.2970E-09 7.4290E-09 7.5759E-09 7.7226E-09 7.8773E-09 8.0472E-09 8.2329E-09 8.4338E-09 8.6527E-09 8.8924E-09 9.1592E-09 9.4547E-09 9.7904E-09 1.0182E-08 1.0625E-08 1.1135E-08 1.1721E-08 1.2393E-08 1.3186E-08 1.4204E-08 1.5477E-08 1.7005E-08 1.8716E-08 2.0670E-08 2.2877E-08 2.5404E-08 2.8274E-08 3.1484E-08 3.4974E-08 3.8665E-08 4.2519E-08 4.6546E-08 5.0543E-08 5.4566E-08 5.8462E-08 6.2122E-08
5.7285E-09 5.7986E-09 5.8676E-09 5.9339E-09 5.9989E-09 6.0632E-09 6.1263E-09 6.1878E-09 6.2480E-09 6.3083E-09 6.3760E-09 6.4389E-09 6.4985E-09 6.5716E-09 6.6533E-09 6.7363E-09 6.8108E-09 6.8856E-09 6.9824E-09 7.0830E-09 7.1881E-09 7.3072E-09 7.4415E-09 7.5827E-09 7.7312E-09 7.8838E-09 8.0513E-09 8.2344E-09 8.4325E-09 8.6483E-09 8.8856E-09 9.1517E-09 9.4472E-09 9.7931E-09 1.0192E-08 1.0652E-08 1.1188E-08 1.1805E-08 1.2532E-08 1.3439E-08 1.4576E-08 1.5999E-08 1.7684E-08 1.9638E-08 2.1854E-08 2.4380E-08 2.7257E-08 3.0507E-08 3.4134E-08 3.8095E-08 4.2308E-08 4.6610E-08 5.1081E-08 5.5536E-08 5.9880E-08 6.4046E-08 6.7896E-08
5.7489E-09 5.8191E-09 5.8881E-09 5.9560E-09 6.0210E-09 6.0853E-09 6.1483E-09 6.2096E-09 6.2697E-09 6.3298E-09 6.3971E-09 6.4597E-09 6.5191E-09 6.5877E-09 6.6695E-09 6.7514E-09 6.8272E-09 6.9013E-09 6.9930E-09 7.0961E-09 7.1997E-09 7.3176E-09 7.4439E-09 7.5867E-09 7.7348E-09 7.8849E-09 8.0484E-09 8.2284E-09 8.4243E-09 8.6364E-09 8.8711E-09 9.1347E-09 9.4365E-09 9.7851E-09 1.0194E-08 1.0677E-08 1.1234E-08 1.1896E-08 1.2692E-08 1.3709E-08 1.4993E-08 1.6543E-08 1.8414E-08 2.0607E-08 2.3111E-08 2.5983E-08 2.9217E-08 3.2863E-08 3.6908E-08 4.1328E-08 4.5999E-08 5.0795E-08 5.5676E-08 6.0526E-08 6.5149E-08 6.9531E-08 7.3495E-08
5.7687E-09 5.8389E-09 5.9079E-09 5.9757E-09 6.0408E-09 6.1044E-09 6.1678E-09 6.2290E-09 6.2890E-09 6.3488E-09 6.4156E-09 6.4779E-09 6.5370E-09 6.5999E-09 6.6831E-09 6.7652E-09 6.8401E-09 6.9134E-09 7.0039E-09 7.1023E-09 7.2067E-09 7.3227E-09 7.4467E-09 7.5825E-09 7.7317E-09 7.8809E-09 8.0412E-09 8.2175E-09 8.4095E-09 8.6174E-09 8.8486E-09 9.1117E-09 9.4164E-09 9.7680E-09 1.0192E-08 1.0688E-08 1.1277E-08 1.1983E-08 1.2861E-08 1.3994E-08 1.5395E-08 1.7098E-08 1.9170E-08 2.1600E-08 2.4417E-08 2.7619E-08 3.1226E-08 3.5261E-08 3.9710E-08 4.4540E-08 4.9651E-08 5.4908E-08 6.0104E-08 6.5273E-08 7.0156E-08 7.4660E-08 7.8664E-08
5.7857E-09 5.8559E-09 5.9249E-09 5.9927E-09 6.0577E-09 6.1212E-09 6.1840E-09 6.2455E-09 6.3053E-09 6.3648E-09 6.4310E-09 6.4930E-09 6.5523E-09 6.6113E-09 6.6944E-09 6.7767E-09 6.8506E-09 6.9237E-09 7.0127E-09 7.1094E-09 7.2118E-09 7.3255E-09 7.4471E-09 7.5786E-09 7.7225E-09 7.8680E-09 8.0266E-09 8.2008E-09 8.3884E-09 8.5914E-09 8.8181E-09 9.0816E-09 9.3866E-09 9.7447E-09 1.0177E-08 1.0690E-08 1.1313E-08 1.2061E-08 1.3029E-08 1.4256E-08 1.5785E-08 1.7649E-08 1.9910E-08 2.2578E-08 2.5694E-08 2.9222E-08 3.3198E-08 3.7594E-08 4.2407E-08 4.7599E-08 5.3078E-08 5.8677E-08 6.4198E-08 6.9582E-08 7.4643E-08 7.9170E-08 8.3124E-08
5.8004E-09 5.8711E-09 5.9400E-09 6.0077E-09 6.0726E-09 6.1361E-09 6.1987E-09 6.2600E-09 6.3196E-09 6.3787E-09 6.4443E-09 6.5059E-09 6.5650E-09 6.6232E-09 6.6956E-09 6.7800E-09 6.8568E-09 6.9284E-09 7.0173E-09 7.1121E-09 7.2130E-09 7.3206E-09 7.4435E-09 7.5719E-09 7.7123E-09 7.8541E-09 8.0076E-09 8.1773E-09 8.3600E-09 8.5588E-09 8.7814E-09 9.0437E-09 9.3486E-09 9.7111E-09 1.0148E-08 1.0683E-08 1.1326E-08 1.2128E-08 1.3176E-08 1.4487E-08 1.6143E-08 1.8158E-08 2.0604E-08 2.3501E-08 2.6877E-08 3.0723E-08 3.5023E-08 3.9742E-08 4.4870E-08 5.0356E-08 5.6107E-08 6.1964E-08 6.7725E-08 7.3195E-08 7.8319E-08 8.2808E-08 8.6619E-08
5.8133E-09 5.8839E-09 5.9527E-09 6.0203E-09 6.0851E-09 6.1485E-09 6.2109E-09 6.2720E-09 6.3314E-09 6.3900E-09 6.4498E-09 6.5156E-09 6.5745E-09 6.6319E-09 6.7032E-09 6.7816E-09 6.8593E-09 6.9322E-09 7.0108E-09 7.1047E-09 7.2048E-09 7.3158E-09 7.4321E-09 7.5572E-09 7.6939E-09 7.8356E-09 7.9848E-09 8.1484E-09 8.3270E-09 8.5199E-09 8.7377E-09 8.9966E-09 9.3004E-09 9.6635E-09 1.0107E-08 1.0652E-08 1.1318E-08 1.2171E-08 1.3275E-08 1.4677E-08 1.6441E-08 1.8595E-08 2.1214E-08 2.4305E-08 2.7908E-08 3.2030E-08 3.6591E-08 4.1584E-08 4.6955E-08 5.2646E-08 5.8562E-08 6.4560E-08 7.0430E-08 7.5916E-08 8.0966E-08 8.5357E-08 8.8905E-08
5.8223E-09 5.8928E-09 5.9616E-09 6.0290E-09 6.0952E-09 6.1584E-09 6.2207E-09 6.2815E-09 6.3406E-09 6.3987E-09 6.4575E-09 6.5226E-09 6.5815E-09 6.6385E-09 6.7035E-09 6.7831E-09 6.8612E-09 6.9330E-09 7.0103E-09 7.1014E-09 7.1995E-09 7.3040E-09 7.4172E-09 7.5388E-09 7.6714E-09 7.8127E-09 7.9573E-09 8.1145E-09 8.2874E-09 8.4752E-09 8.6873E-09 8.9403E-09 9.2407E-09 9.6012E-09 1.0047E-08 1.0597E-08 1.1287E-08 1.2171E-08 1.3327E-08 1.4805E-08 1.6654E-08 1.8930E-08 2.1686E-08 2.4941E-08 2.8730E-08 3.3045E-08 3.7819E-08 4.3009E-08 4.8529E-08 5.4330E-08 6.0303E-08 6.6316E-08 7.2146E-08 7.7570E-08 8.2431E-08 8.6607E-08 8.9847E-08
5.8300E-09 5.9000E-09 5.9691E-09 6.0365E-09 6.1024E-09 6.1655E-09 6.2270E-09 6.2877E-09 6.3469E-09 6.4045E-09 6.4631E-09 6.5274E-09 6.5860E-09 6.6424E-09 6.7028E-09 6.7822E-09 6.8603E-09 6.9308E-09 6.9994E-09 7.0861E-09 7.1843E-09 7.2869E-09 7.3974E-09 7.5153E-09 7.6438E-09 7.7842E-09 7.9253E-09 8.0772E-09 8.2439E-09 8.4251E-09 8.6299E-09 8.8749E-09 9.1690E-09 9.5251E-09 9.9670E-09 1.0522E-08 1.1218E-08 1.2123E-08 1.3323E-08 1.4845E-08 1.6764E-08 1.9128E-08 2.1985E-08 2.5364E-08 2.9279E-08 3.3719E-08 3.8639E-08 4.3919E-08 4.9508E-08 5.5313E-08 6.1221E-08 6.7110E-08 7.2788E-08 7.8044E-08 8.2595E-08 8.6444E-08 8.9420E-08
5.8359E-09 5.9058E-09 5.9748E-09 6.0419E-09 6.1077E-09 6.1705E-09 6.2319E-09 6.2922E-09 6.3512E-09 6.4083E-09 6.4660E-09 6.5245E-09 6.5874E-09 6.6433E-09 6.6994E-09 6.7744E-09 6.8538E-09 6.9247E-09 6.9927E-09 7.0767E-09 7.1683E-09 7.2641E-09 7.3743E-09 7.4898E-09 7.6139E-09 7.7493E-09 7.8854E-09 8.0324E-09 8.1947E-09 8.3689E-09 8.5667E-09 8.8013E-09 9.0850E-09 9.4331E-09 9.8662E-09 1.0416E-08 1.1111E-08 1.2031E-08 1.3242E-08 1.4790E-08 1.6756E-08 1.9163E-08 2.2084E-08 2.5532E-08 2.9515E-08 3.4014E-08 3.8979E-08 4.4270E-08 4.9836E-08 5.5533E-08 6.1272E-08 6.6923E-08 7.2326E-08 7.7246E-08 8.1475E-08 8.5014E-08 8.7634E-08
5.8379E-09 5.9076E-09 5.9765E-09 6.0434E-09 6.1090E-09 6.1731E-09 6.2342E-09 6.2943E-09 6.3529E-09 6.4097E-09 6.4665E-09 6.5244E-09 6.5862E-09 6.6417E-09 6.6972E-09 6.7603E-09 6.8377E-09 6.9134E-09 6.9820E-09 7.0644E-09 7.1532E-09 7.2475E-09 7.3540E-09 7.4653E-09 7.5807E-09 7.7071E-09 7.8456E-09 7.9867E-09 8.1411E-09 8.3092E-09 8.4977E-09 8.7197E-09 8.9905E-09 9.3261E-09 9.7469E-09 1.0282E-08 1.0967E-08 1.1879E-08 1.3083E-08 1.4639E-08 1.6607E-08 1.9027E-08 2.1968E-08 2.5427E-08 2.9421E-08 3.3906E-08 3.8824E-08 4.4061E-08 4.9491E-08 5.5000E-08 6.0474E-08 6.5792E-08 7.0803E-08 7.5344E-08 7.9306E-08 8.2346E-08 8.4539E-08
5.8392E-09 5.9088E-09 5.9774E-09 6.0441E-09 6.1094E-09 6.1733E-09 6.2337E-09 6.2930E-09 6.3514E-09 6.4082E-09 6.4642E-09 6.5213E-09 6.5830E-09 6.6381E-09 6.6924E-09 6.7505E-09 6.8276E-09 6.9029E-09 6.9698E-09 7.0432E-09 7.1303E-09 7.2197E-09 7.3204E-09 7.4283E-09 7.5432E-09 7.6682E-09 7.8008E-09 7.9373E-09 8.0838E-09 8.2444E-09 8.4213E-09 8.6321E-09 8.8865E-09 9.2041E-09 9.6071E-09 1.0120E-08 1.0785E-08 1.1671E-08 1.2853E-08 1.4380E-08 1.6316E-08 1.8721E-08 2.1630E-08 2.5057E-08 2.8999E-08 3.3403E-08 3.8205E-08 4.3298E-08 4.8516E-08 5.3785E-08 5.8922E-08 6.3838E-08 6.8428E-08 7.2638E-08 7.6108E-08 7.8692E-08 8.0407E-08
5.8376E-09 5.9070E-09 5.9750E-09 6.0420E-09 6.1070E-09 6.1706E-09 6.2312E-09 6.2902E-09 6.3482E-09 6.4046E-09 6.4599E-09 6.5160E-09 6.5719E-09 6.6314E-09 6.6845E-09 6.7414E-09 6.8126E-09 6.8871E-09 6.9547E-09 7.0184E-09 7.0995E-09 7.1921E-09 7.2896E-09 7.3937E-09 7.5043E-09 7.6239E-09 7.7543E-09 7.8845E-09 8.0230E-09 8.1760E-09 8.3432E-09 8.5394E-09 8.7762E-09 9.0724E-09 9.4511E-09 9.9360E-09 1.0567E-08 1.1410E-08 1.2550E-08 1.4019E-08 1.5903E-08 1.8241E-08 2.1075E-08 2.4427E-08 2.8262E-08 3.2535E-08 3.7169E-08 4.2055E-08 4.7054E-08 5.2010E-08 5.6783E-08 6.1286E-08 6.5542E-08 6.9207E-08 7.2184E-08 7.4315E-08 7.5532E-08
5.8343E-09 5.9035E-09 5.9696E-09 6.0364E-09 6.1011E-09 6.1645E-09 6.2263E-09 6.2850E-09 6.3426E-09 6.3987E-09 6.4531E-09 6.5082E-09 6.5629E-09 6.6219E-09 6.6744E-09 6.7273E-09 6.7875E-09 6.8618E-09 6.9340E-09 6.9988E-09 7.0777E-09 7.1629E-09 7.2529E-09 7.3559E-09 7.4626E-09 7.5728E-09 7.6972E-09 7.8237E-09 7.9587E-09 8.1045E-09 8.2625E-09 8.4412E-09 8.6604E-09 8.9325E-09 9.2811E-09 9.7325E-09 1.0320E-08 1.1108E-08 1.2180E-08 1.3578E-08 1.5372E-08 1.7607E-08 2.0340E-08 2.3571E-08 2.7263E-08 3.1365E-08 3.5821E-08 4.0503E-08 4.5239E-08 4.9869E-08 5.4297E-08 5.8525E-08 6.2257E-08 6.5425E-08 6.7894E-08 6.9542E-08 7.0281E-08
5.8270E-09 5.8960E-09 5.9635E-09 6.0295E-09 6.0945E-09 6.1570E-09 6.2185E-09 6.2769E-09 6.3337E-09 6.3893E-09 6.4435E-09 6.4974E-09 6.5520E-09 6.6105E-09 6.6624E-09 6.7140E-09 6.7686E-09 6.8422E-09 6.9138E-09 6.9772E-09 7.0461E-09 7.1253E-09 7.2143E-09 7.3098E-09 7.4129E-09 7.5223E-09 7.6367E-09 7.7655E-09 7.8935E-09 8.0292E-09 8.1790E-09 8.3442E-09 8.5416E-09 8.7887E-09 9.1045E-09 9.5163E-09 1.0054E-08 1.0772E-08 1.1753E-08 1.3064E-08 1.4741E-08 1.6859E-08 1.9455E-08 2.2526E-08 2.6052E-08 3.0016E-08 3.4305E-08 3.8753E-08 4.3252E-08 4.7634E-08 5.1875E-08 5.5685E-08 5.8987E-08 6.1678E-08 6.3635E-08 6.4787E-08 6.5063E-08
5.8181E-09 5.8873E-09 5.9546E-09 6.0203E-09 6.0850E-09 6.1477E-09 6.2088E-09 6.2669E-09 6.3233E-09 6.3785E-09 6.4322E-09 6.4851E-09 6.5387E-09 6.5916E-09 6.6476E-09 6.6973E-09 6.7515E-09 6.8170E-09 6.8827E-09 6.9502E-09 7.0120E-09 7.0893E-09 7.1757E-09 7.2679E-09 7.3673E-09 7.4712E-09 7.5833E-09 7.7050E-09 7.8241E-09 7.9522E-09 8.0940E-09 8.2492E-09 8.4217E-09 8.6439E-09 8.9244E-09 9.2919E-09 9.7761E-09 1.0417E-08 1.1299E-08 1.2496E-08 1.4048E-08 1.6022E-08 1.8445E-08 2.1337E-08 2.4755E-08 2.8599E-08 3.2737E-08 3.7048E-08 4.1410E-08 4.5799E-08 4.9801E-08 5.3317E-08 5.6236E-08 5.8457E-08 5.9860E-08 6.0446E-08 6.0207E-08
5.8079E-09 5.8753E-09 5.9423E-09 6.0078E-09 6.0721E-09 6.1345E-09 6.1952E-09 6.2544E-09 6.3105E-09 6.3649E-09 6.4177E-09 6.4700E-09 6.5224E-09 6.5746E-09 6.6301E-09 6.6794E-09 6.7290E-09 6.7856E-09 6.8557E-09 6.9230E-09 6.9829E-09 7.0575E-09 7.1373E-09 7.2171E-09 7.3111E-09 7.4119E-09 7.5147E-09 7.6300E-09 7.7515E-09 7.8753E-09 8.0061E-09 8.1507E-09 8.3097E-09 8.5009E-09 8.7487E-09 9.0703E-09 9.4962E-09 1.0062E-08 1.0837E-08 1.1901E-08 1.3322E-08 1.5127E-08 1.7372E-08 2.0172E-08 2.3524E-08 2.7277E-08 3.1387E-08 3.5714E-08 4.0248E-08 4.4598E-08 4.8507E-08 5.1838E-08 5.4397E-08 5.6101E-08 5.6876E-08 5.6824E-08 5.5960E-08
5.7939E-09 5.8616E-09 5.9288E-09 5.9940E-09 6.0576E-09 6.1201E-09 6.1805E-09 6.2393E-09 6.2950E-09 6.3489E-09 6.4017E-09 6.4530E-09 6.5042E-09 6.5556E-09 6.6056E-09 6.6588E-09 6.7070E-09 6.7584E-09 6.8236E-09 6.8924E-09 6.9501E-09 7.0160E-09 7.0896E-09 7.1728E-09 7.2570E-09 7.3537E-09 7.4545E-09 7.5630E-09 7.6808E-09 7.7969E-09 7.9195E-09 8.0543E-09 8.2009E-09 8.3635E-09 8.5767E-09 8.8537E-09 9.2214E-09 9.7141E-09 1.0378E-08 1.1307E-08 1.2574E-08 1.4214E-08 1.6365E-08 1.9143E-08 2.2459E-08 2.6323E-08 3.0637E-08 3.5337E-08 4.0099E-08 4.4593E-08 4.8544E-08 5.1677E-08 5.3830E-08 5.4914E-08 5.4936E-08 5.4077E-08 5.2507E-08
5.7783E-09 5.8468E-09 5.9137E-09 5.9785E-09 6.0401E-09 6.1023E-09 6.1623E-09 6.2207E-09 6.2775E-09 6.3311E-09 6.3834E-09 6.4337E-09 6.4836E-09 6.5341E-09 6.5836E-09 6.6362E-09 6.6828E-09 6.7300E-09 6.7895E-09 6.8517E-09 6.9163E-09 6.9735E-09 7.0448E-09 7.1257E-09 7.2099E-09 7.2963E-09 7.3887E-09 7.4893E-09 7.5960E-09 7.7123E-09 7.8300E-09 7.9540E-09 8.0903E-09 8.2393E-09 8.4142E-09 8.6501E-09 8.9619E-09 9.3838E-09 9.9549E-09 1.0740E-08 1.1842E-08 1.3371E-08 1.5584E-08 1.8420E-08 2.1952E-08 2.6217E-08 3.1113E-08 3.6358E-08 4.1548E-08 4.6316E-08 5.0295E-08 5.3134E-08 5.4704E-08 5.4956E-08 5.4051E-08 5.2237E-08 4.9825E-08
5.7616E-09 5.8281E-09 5.8947E-09 5.9592E-09 6.0216E-09 6.0833E-09 6.1430E-09 6.2010E-09 6.2574E-09 6.3106E-09 6.3620E-09 6.4122E-09 6.4614E-09 6.5105E-09 6.5594E-09 6.6062E-09 6.6566E-09 6.7024E-09 6.7511E-09 6.8178E-09 6.8798E-09 6.9342E-09 6.9974E-09 7.0672E-09 7.1472E-09 7.2290E-09 7.3205E-09 7.4168E-09 7.5203E-09 7.6322E-09 7.7419E-09 7.8572E-09 7.9837E-09 8.1197E-09 8.2672E-09 8.4604E-09 8.7206E-09 9.0746E-09 9.5617E-09 1.0230E-08 1.1199E-08 1.2850E-08 1.5226E-08 1.8433E-08 2.2597E-08 2.7663E-08 3.3399E-08 3.9410E-08 4.5174E-08 5.0155E-08 5.3918E-08 5.6175E-08 5.6879E-08 5.6019E-08 5.3966E-08 5.1082E-08 4.7756E-08
5.7417E-09 5.8079E-09 5.8741E-09 5.9388E-09 6.0014E-09 6.0623E-09 6.1204E-09 6.1780E-09 6.2339E-09 6.2882E-09 6.3392E-09 6.3890E-09 6.4366E-09 6.4843E-09 6.5323E-09 6.5790E-09 6.6286E-09 6.6728E-09 6.7173E-09 6.7740E-09 6.8364E-09 6.8946E-09 6.9483E-09 7.0161E-09 7.0934E-09 7.1689E-09 7.2543E-09 7.3434E-09 7.4385E-09 7.5391E-09 7.6484E-09 7.7585E-09 7.8739E-09 8.0004E-09 8.1362E-09 8.2877E-09 8.5015E-09 8.7924E-09 9.1985E-09 9.7811E-09 1.0894E-08 1.2868E-08 1.5806E-08 1.9884E-08 2.5163E-08 3.1436E-08 3.8290E-08 4.5165E-08 5.1250E-08 5.6039E-08 5.9113E-08 6.0336E-08 5.9736E-08 5.7555E-08 5.4223E-08 5.0186E-08 4.5952E-08
5.7206E-09 5.7866E-09 5.8508E-09 5.9151E-09 5.9774E-09 6.0374E-09 6.0967E-09 6.1544E-09 6.2094E-09 6.2632E-09 6.3138E-09 6.3626E-09 6.4102E-09 6.4570E-09 6.5038E-09 6.5499E-09 6.5938E-09 6.6413E-09 6.6838E-09 6.7301E-09 6.7897E-09 6.8455E-09 6.9034E-09 6.9629E-09 7.0289E-09 7.1003E-09 7.1806E-09 7.2681E-09 7.3587E-09 7.4517E-09 7.5551E-09 7.6607E-09 7.7685E-09 7.8826E-09 8.0071E-09 8.1413E-09 8.3060E-09 8.5401E-09 8.8778E-09 9.6700E-09 1.1230E-08 1.3845E-08 1.7942E-08 2.3638E-08 3.0680E-08 3.8471E-08 4.6413E-08 5.3648E-08 5.9412E-08 6.3276E-08 6.4961E-08 6.4600E-08 6.2394E-08 5.8735E-08 5.4103E-08 4.9046E-08 4.4021E-08
