Assets/Resources/2015_m01_d23_1700(utc+0800)_l00_csi_1hr_conc.grd
DSAA
         159         159
     -79.000      79.000
     -79.000      79.000
  0.0000E+00  0.3535E-04
[rows 100 to 124 of 159, columns 57 to 113 of 159]
1.9407E-11 5.1654E-11 8.1077E-11 1.4614E-10 2.4255E-10 3.4751E-10 4.6964E-10 6.3129E-10 8.7341E-10 1.1956E-09 1.6098E-09 2.0525E-09 2.6730E-09 3.4713E-09 4.4454E-09 5.6499E-09 7.1302E-09 8.9291E-09 1.1060E-08 1.3431E-08 1.5949E-08 1.8505E-08 2.0968E-08 2.3222E-08 2.5168E-08 2.6680E-08 2.7776E-08 2.8413E-08 2.8531E-08 2.8169E-08 2.7371E-08 2.6216E-08 2.4761E-08 2.3125E-08 2.1365E-08 1.9559E-08 1.7753E-08 1.6053E-08 1.4456E-08 1.2970E-08 1.1651E-08 1.0494E-08 9.4559E-09 8.6037E-09 7.8871E-09 7.2557E-09 6.7603E-09 6.3317E-09 6.0261E-09 5.7700E-09 5.5825E-09 5.4428E-09 5.3220E-09 5.2298E-09 5.1804E-09 5.1210E-09 5.1073E-09
2.4376E-11 6.0817E-11 1.1168E-10 1.6044E-10 2.6482E-10 3.7997E-10 5.1404E-10 6.8404E-10 9.3346E-10 1.2506E-09 1.6669E-09 2.1276E-09 2.7281E-09 3.4994E-09 4.4391E-09 5.5894E-09 7.0056E-09 8.7043E-09 1.0645E-08 1.2792E-08 1.5060E-08 1.7356E-08 1.9583E-08 2.1622E-08 2.3393E-08 2.4874E-08 2.5981E-08 2.6653E-08 2.6879E-08 2.6674E-08 2.6058E-08 2.5122E-08 2.3904E-08 2.2491E-08 2.0923E-08 1.9298E-08 1.7678E-08 1.6081E-08 1.4563E-08 1.3163E-08 1.1895E-08 1.0754E-08 9.7385E-09 8.8825E-09 8.1542E-09 7.5087E-09 7.0000E-09 6.5611E-09 6.2394E-09 5.9783E-09 5.7756E-09 5.6215E-09 5.5027E-09 5.3989E-09 5.3419E-09 5.2813E-09 5.2579E-09
5.0074E-11 9.0621E-11 1.2453E-10 2.1463E-10 3.0006E-10 4.2185E-10 5.5903E-10 7.4287E-10 9.9716E-10 1.3132E-09 1.7090E-09 2.1776E-09 2.7509E-09 3.5171E-09 4.4444E-09 5.5631E-09 6.9175E-09 8.4956E-09 1.0280E-08 1.2226E-08 1.4277E-08 1.6360E-08 1.8362E-08 2.0223E-08 2.1897E-08 2.3299E-08 2.4372E-08 2.5069E-08 2.5371E-08 2.5292E-08 2.4851E-08 2.4098E-08 2.3066E-08 2.1846E-08 2.0467E-08 1.9025E-08 1.7533E-08 1.6067E-08 1.4668E-08 1.3347E-08 1.2116E-08 1.1016E-08 1.0012E-08 9.1625E-09 8.4280E-09 7.7819E-09 7.2605E-09 6.8144E-09 6.4733E-09 6.2024E-09 5.9877E-09 5.8140E-09 5.6954E-09 5.5870E-09 5.5167E-09 5.4538E-09 5.4251E-09
5.8545E-11 1.0298E-10 1.6650E-10 2.3729E-10 3.2409E-10 4.5268E-10 6.0818E-10 7.9543E-10 1.0517E-09 1.3638E-09 1.7787E-09 2.2355E-09 2.8010E-09 3.5522E-09 4.4791E-09 5.5614E-09 6.8394E-09 8.3165E-09 9.9674E-09 1.1757E-08 1.3628E-08 1.5517E-08 1.7356E-08 1.9090E-08 2.0649E-08 2.1971E-08 2.3013E-08 2.3724E-08 2.4083E-08 2.4089E-08 2.3779E-08 2.3180E-08 2.2323E-08 2.1262E-08 2.0047E-08 1.8752E-08 1.7400E-08 1.6064E-08 1.4758E-08 1.3503E-08 1.2334E-08 1.1266E-08 1.0290E-08 9.4495E-09 8.7149E-09 8.0706E-09 7.5423E-09 7.0823E-09 6.7267E-09 6.4470E-09 6.2205E-09 6.0312E-09 5.9036E-09 5.7863E-09 5.7089E-09 5.6424E-09 5.6058E-09
8.2049E-11 1.3317E-10 1.8637E-10 2.5356E-10 3.5012E-10 4.8274E-10 6.5821E-10 8.5404E-10 1.1142E-09 1.4300E-09 1.8405E-09 2.2920E-09 2.8751E-09 3.6411E-09 4.5239E-09 5.5588E-09 6.7688E-09 8.1522E-09 9.6907E-09 1.1337E-08 1.3058E-08 1.4789E-08 1.6492E-08 1.8103E-08 1.9560E-08 2.0812E-08 2.1818E-08 2.2536E-08 2.2936E-08 2.3028E-08 2.2825E-08 2.2333E-08 2.1619E-08 2.0711E-08 1.9657E-08 1.8494E-08 1.7277E-08 1.6050E-08 1.4824E-08 1.3651E-08 1.2544E-08 1.1506E-08 1.0569E-08 9.7459E-09 9.0170E-09 8.3765E-09 7.8420E-09 7.3761E-09 7.0076E-09 6.7157E-09 6.4741E-09 6.2712E-09 6.1295E-09 6.0041E-09 5.9189E-09 5.8473E-09 5.8072E-09
9.1449E-11 1.4843E-10 2.0527E-10 2.7228E-10 3.7580E-10 5.1302E-10 7.0231E-10 9.0616E-10 1.1697E-09 1.4961E-09 1.8815E-09 2.3496E-09 2.9280E-09 3.6780E-09 4.5634E-09 5.5579E-09 6.7097E-09 8.0104E-09 9.4390E-09 1.0969E-08 1.2551E-08 1.4155E-08 1.5737E-08 1.7246E-08 1.8616E-08 1.9806E-08 2.0781E-08 2.1498E-08 2.1927E-08 2.2080E-08 2.1967E-08 2.1599E-08 2.1004E-08 2.0214E-08 1.9294E-08 1.8260E-08 1.7161E-08 1.6024E-08 1.4893E-08 1.3786E-08 1.2727E-08 1.1741E-08 1.0839E-08 1.0030E-08 9.3182E-09 8.6890E-09 8.1483E-09 7.6802E-09 7.3068E-09 7.0047E-09 6.7472E-09 6.5377E-09 6.3815E-09 6.2450E-09 6.1508E-09 6.0708E-09 6.0265E-09
1.1274E-10 1.6441E-10 2.2491E-10 2.9655E-10 4.0045E-10 5.4574E-10 7.3999E-10 9.5797E-10 1.2237E-09 1.5532E-09 1.9470E-09 2.4038E-09 2.9602E-09 3.7202E-09 4.5732E-09 5.5583E-09 6.6620E-09 7.8838E-09 9.2187E-09 1.0632E-08 1.2113E-08 1.3612E-08 1.5096E-08 1.6510E-08 1.7802E-08 1.8935E-08 1.9880E-08 2.0596E-08 2.1059E-08 2.1267E-08 2.1219E-08 2.0931E-08 2.0451E-08 1.9786E-08 1.8975E-08 1.8037E-08 1.7044E-08 1.6005E-08 1.4949E-08 1.3908E-08 1.2909E-08 1.1964E-08 1.1104E-08 1.0325E-08 9.6266E-09 9.0074E-09 8.4716E-09 7.9986E-09 7.6202E-09 7.3045E-09 7.0377E-09 6.8212E-09 6.6555E-09 6.5078E-09 6.4097E-09 6.3205E-09 6.2659E-09
1.2303E-10 1.7731E-10 2.4056E-10 3.1572E-10 4.2414E-10 5.7593E-10 7.7126E-10 1.0038E-09 1.2707E-09 1.6069E-09 1.9986E-09 2.4557E-09 3.0283E-09 3.7778E-09 4.5916E-09 5.5352E-09 6.6084E-09 7.7692E-09 9.0150E-09 1.0351E-08 1.1738E-08 1.3154E-08 1.4545E-08 1.5878E-08 1.7101E-08 1.8182E-08 1.9091E-08 1.9801E-08 2.0281E-08 2.0531E-08 2.0549E-08 2.0346E-08 1.9952E-08 1.9380E-08 1.8672E-08 1.7843E-08 1.6929E-08 1.5969E-08 1.4991E-08 1.4015E-08 1.3076E-08 1.2189E-08 1.1362E-08 1.0609E-08 9.9267E-09 9.3285E-09 8.7933E-09 8.3258E-09 7.9469E-09 7.6222E-09 7.3537E-09 7.1286E-09 6.9487E-09 6.7947E-09 6.6865E-09 6.5887E-09 6.5282E-09
1.3291E-10 1.8862E-10 2.5448E-10 3.3263E-10 4.4736E-10 6.0524E-10 7.9992E-10 1.0400E-09 1.3157E-09 1.6439E-09 2.0465E-09 2.5115E-09 3.0677E-09 3.8119E-09 4.6063E-09 5.5121E-09 6.5450E-09 7.6494E-09 8.8473E-09 1.0112E-08 1.1432E-08 1.2764E-08 1.4075E-08 1.5327E-08 1.6495E-08 1.7523E-08 1.8403E-08 1.9102E-08 1.9591E-08 1.9867E-08 1.9939E-08 1.9804E-08 1.9489E-08 1.9004E-08 1.8372E-08 1.7632E-08 1.6807E-08 1.5929E-08 1.5026E-08 1.4121E-08 1.3243E-08 1.2407E-08 1.1619E-08 1.0892E-08 1.0240E-08 9.6560E-09 9.1301E-09 8.6712E-09 8.2835E-09 7.9540E-09 7.6833E-09 7.4522E-09 7.2637E-09 7.1045E-09 6.9876E-09 6.8808E-09 6.8094E-09
1.4093E-10 1.9767E-10 2.6533E-10 3.4864E-10 4.7157E-10 6.2895E-10 8.2677E-10 1.0643E-09 1.3517E-09 1.6844E-09 2.0817E-09 2.5479E-09 3.1031E-09 3.8354E-09 4.6066E-09 5.4955E-09 6.4684E-09 7.5504E-09 8.6966E-09 9.9118E-09 1.1163E-08 1.2429E-08 1.3672E-08 1.4861E-08 1.5965E-08 1.6949E-08 1.7801E-08 1.8486E-08 1.8981E-08 1.9286E-08 1.9394E-08 1.9307E-08 1.9047E-08 1.8629E-08 1.8080E-08 1.7421E-08 1.6675E-08 1.5880E-08 1.5050E-08 1.4217E-08 1.3402E-08 1.2622E-08 1.1865E-08 1.1179E-08 1.0554E-08 9.9870E-09 9.4659E-09 9.0202E-09 8.6396E-09 8.3090E-09 8.0363E-09 7.7950E-09 7.6023E-09 7.4312E-09 7.3064E-09 7.1949E-09 7.1145E-09
1.4729E-10 2.0525E-10 2.7238E-10 3.6089E-10 4.9087E-10 6.4739E-10 8.4457E-10 1.0860E-09 1.3787E-09 1.7120E-09 2.1077E-09 2.5815E-09 3.1372E-09 3.8238E-09 4.5857E-09 5.4309E-09 6.3919E-09 7.4244E-09 8.5359E-09 9.6981E-09 1.0891E-08 1.2089E-08 1.3271E-08 1.4394E-08 1.5448E-08 1.6396E-08 1.7211E-08 1.7889E-08 1.8385E-08 1.8705E-08 1.8834E-08 1.8794E-08 1.8593E-08 1.8248E-08 1.7778E-08 1.7197E-08 1.6544E-08 1.5832E-08 1.5080E-08 1.4320E-08 1.3569E-08 1.2826E-08 1.2125E-08 1.1475E-08 1.0872E-08 1.0317E-08 9.8220E-09 9.3817E-09 9.0050E-09 8.6777E-09 8.4002E-09 8.1558E-09 7.9588E-09 7.7842E-09 7.6487E-09 7.5265E-09 7.4354E-09
1.5150E-10 2.0999E-10 2.7743E-10 3.7066E-10 5.0695E-10 6.6522E-10 8.5867E-10 1.0985E-09 1.3906E-09 1.7348E-09 2.1282E-09 2.5973E-09 3.1525E-09 3.8172E-09 4.5489E-09 5.3911E-09 6.3056E-09 7.3209E-09 8.3859E-09 9.5020E-09 1.0642E-08 1.1788E-08 1.2909E-08 1.3981E-08 1.4985E-08 1.5893E-08 1.6685E-08 1.7337E-08 1.7816E-08 1.8137E-08 1.8300E-08 1.8307E-08 1.8155E-08 1.7879E-08 1.7483E-08 1.6988E-08 1.6420E-08 1.5787E-08 1.5117E-08 1.4420E-08 1.3720E-08 1.3046E-08 1.2394E-08 1.1770E-08 1.1190E-08 1.0671E-08 1.0186E-08 9.7545E-09 9.3896E-09 9.0665E-09 8.7773E-09 8.5394E-09 8.3337E-09 8.1523E-09 8.0092E-09 7.8823E-09 7.7824E-09
1.5443E-10 2.1236E-10 2.7964E-10 3.7797E-10 5.1750E-10 6.7509E-10 8.6220E-10 1.1090E-09 1.3964E-09 1.7453E-09 2.1407E-09 2.6019E-09 3.1423E-09 3.8075E-09 4.5381E-09 5.3584E-09 6.2536E-09 7.2171E-09 8.2481E-09 9.3169E-09 1.0409E-08 1.1499E-08 1.2570E-08 1.3589E-08 1.4553E-08 1.5411E-08 1.6161E-08 1.6790E-08 1.7268E-08 1.7602E-08 1.7797E-08 1.7845E-08 1.7755E-08 1.7540E-08 1.7215E-08 1.6803E-08 1.6311E-08 1.5758E-08 1.5149E-08 1.4516E-08 1.3886E-08 1.3262E-08 1.2652E-08 1.2067E-08 1.1529E-08 1.1027E-08 1.0560E-08 1.0146E-08 9.7877E-09 9.4631E-09 9.1793E-09 8.9381E-09 8.7273E-09 8.5412E-09 8.3910E-09 8.2563E-09 8.1515E-09
1.5464E-10 2.1184E-10 2.8018E-10 3.8223E-10 5.2401E-10 6.8009E-10 8.6739E-10 1.1091E-09 1.3976E-09 1.7449E-09 2.1489E-09 2.6071E-09 3.1464E-09 3.8025E-09 4.5210E-09 5.3162E-09 6.1973E-09 7.1387E-09 8.1264E-09 9.1621E-09 1.0211E-08 1.1258E-08 1.2283E-08 1.3254E-08 1.4165E-08 1.4986E-08 1.5706E-08 1.6324E-08 1.6807E-08 1.7156E-08 1.7374E-08 1.7455E-08 1.7428E-08 1.7280E-08 1.7023E-08 1.6675E-08 1.6247E-08 1.5750E-08 1.5213E-08 1.4646E-08 1.4065E-08 1.3494E-08 1.2928E-08 1.2379E-08 1.1868E-08 1.1393E-08 1.0949E-08 1.0553E-08 1.0196E-08 9.8781E-09 9.5982E-09 9.3527E-09 9.1404E-09 8.9506E-09 8.7931E-09 8.6535E-09 8.5422E-09
1.5336E-10 2.0924E-10 2.7875E-10 3.8349E-10 5.2523E-10 6.8099E-10 8.6942E-10 1.1032E-09 1.3961E-09 1.7365E-09 2.1417E-09 2.6042E-09 3.1328E-09 3.7860E-09 4.4878E-09 5.2692E-09 6.1201E-09 7.0369E-09 7.9938E-09 8.9886E-09 1.0002E-08 1.1004E-08 1.1977E-08 1.2902E-08 1.3768E-08 1.4562E-08 1.5255E-08 1.5868E-08 1.6356E-08 1.6721E-08 1.6981E-08 1.7120E-08 1.7141E-08 1.7043E-08 1.6835E-08 1.6547E-08 1.6186E-08 1.5765E-08 1.5290E-08 1.4776E-08 1.4256E-08 1.3724E-08 1.3203E-08 1.2698E-08 1.2214E-08 1.1771E-08 1.1348E-08 1.0964E-08 1.0618E-08 1.0311E-08 1.0036E-08 9.7863E-09 9.5732E-09 9.3807E-09 9.2171E-09 9.0753E-09 8.9577E-09
1.4951E-10 2.0462E-10 2.7506E-10 3.8252E-10 5.2367E-10 6.7886E-10 8.6635E-10 1.0976E-09 1.3860E-09 1.7272E-09 2.1239E-09 2.5929E-09 3.1165E-09 3.7512E-09 4.4470E-09 5.2061E-09 6.0295E-09 6.9113E-09 7.8440E-09 8.7973E-09 9.7680E-09 1.0723E-08 1.1655E-08 1.2539E-08 1.3372E-08 1.4144E-08 1.4822E-08 1.5430E-08 1.5939E-08 1.6335E-08 1.6619E-08 1.6791E-08 1.6858E-08 1.6815E-08 1.6676E-08 1.6447E-08 1.6144E-08 1.5782E-08 1.5369E-08 1.4916E-08 1.4439E-08 1.3960E-08 1.3490E-08 1.3018E-08 1.2574E-08 1.2157E-08 1.1751E-08 1.1388E-08 1.1061E-08 1.0759E-08 1.0485E-08 1.0241E-08 1.0025E-08 9.8320E-09 9.6687E-09 9.5226E-09 9.3985E-09
1.4427E-10 1.9902E-10 2.7187E-10 3.8072E-10 5.1930E-10 6.7292E-10 8.6192E-10 1.0914E-09 1.3726E-09 1.7099E-09 2.1013E-09 2.5623E-09 3.0888E-09 3.6955E-09 4.3804E-09 5.1270E-09 5.9222E-09 6.7725E-09 7.6642E-09 8.5819E-09 9.5120E-09 1.0440E-08 1.1329E-08 1.2178E-08 1.2986E-08 1.3737E-08 1.4414E-08 1.5037E-08 1.5556E-08 1.5974E-08 1.6290E-08 1.6499E-08 1.6609E-08 1.6611E-08 1.6525E-08 1.6354E-08 1.6116E-08 1.5814E-08 1.5449E-08 1.5045E-08 1.4631E-08 1.4206E-08 1.3776E-08 1.3350E-08 1.2940E-08 1.2547E-08 1.2172E-08 1.1824E-08 1.1514E-08 1.1220E-08 1.0954E-08 1.0711E-08 1.0500E-08 1.0310E-08 1.0141E-08 9.9900E-09 9.8606E-09
1.3819E-10 1.9264E-10 2.6922E-10 3.7869E-10 5.1497E-10 6.6695E-10 8.5300E-10 1.0796E-09 1.3580E-09 1.6833E-09 2.0728E-09 2.5270E-09 3.0386E-09 3.6387E-09 4.2983E-09 5.0212E-09 5.7987E-09 6.6166E-09 7.4753E-09 8.3544E-09 9.2471E-09 1.0128E-08 1.0990E-08 1.1821E-08 1.2615E-08 1.3363E-08 1.4034E-08 1.4658E-08 1.5185E-08 1.5625E-08 1.5969E-08 1.6214E-08 1.6368E-08 1.6426E-08 1.6396E-08 1.6276E-08 1.6082E-08 1.5833E-08 1.5535E-08 1.5193E-08 1.4827E-08 1.4453E-08 1.4073E-08 1.3687E-08 1.3311E-08 1.2955E-08 1.2599E-08 1.2275E-08 1.1980E-08 1.1695E-08 1.1438E-08 1.1207E-08 1.0997E-08 1.0807E-08 1.0631E-08 1.0479E-08 1.0341E-08
1.3239E-10 1.8613E-10 2.6619E-10 3.7805E-10 5.0764E-10 6.5816E-10 8.4365E-10 1.0655E-09 1.3356E-09 1.6562E-09 2.0350E-09 2.4738E-09 2.9807E-09 3.5453E-09 4.2059E-09 4.8965E-09 5.6494E-09 6.4469E-09 7.2703E-09 8.1182E-09 8.9703E-09 9.8220E-09 1.0666E-08 1.1476E-08 1.2248E-08 1.2985E-08 1.3653E-08 1.4285E-08 1.4826E-08 1.5290E-08 1.5662E-08 1.5944E-08 1.6136E-08 1.6243E-08 1.6264E-08 1.6196E-08 1.6065E-08 1.5873E-08 1.5626E-08 1.5340E-08 1.5034E-08 1.4709E-08 1.4374E-08 1.4036E-08 1.3696E-08 1.3367E-08 1.3040E-08 1.2737E-08 1.2451E-08 1.2190E-08 1.1942E-08 1.1715E-08 1.1512E-08 1.1317E-08 1.1142E-08 1.0985E-08 1.0841E-08
1.2039E-10 1.7954E-10 2.6517E-10 3.7682E-10 5.0330E-10 6.5005E-10 8.3211E-10 1.0497E-09 1.3099E-09 1.6230E-09 1.9897E-09 2.4245E-09 2.9094E-09 3.4614E-09 4.0982E-09 4.7650E-09 5.4876E-09 6.2627E-09 7.0588E-09 7.8711E-09 8.6933E-09 9.5224E-09 1.0342E-08 1.1133E-08 1.1893E-08 1.2613E-08 1.3289E-08 1.3925E-08 1.4478E-08 1.4964E-08 1.5370E-08 1.5695E-08 1.5932E-08 1.6078E-08 1.6139E-08 1.6125E-08 1.6051E-08 1.5916E-08 1.5730E-08 1.5499E-08 1.5243E-08 1.4973E-08 1.4689E-08 1.4390E-08 1.4082E-08 1.3790E-08 1.3491E-08 1.3206E-08 1.2945E-08 1.2695E-08 1.2455E-08 1.2238E-08 1.2035E-08 1.1845E-08 1.1670E-08 1.1506E-08 1.1356E-08
1.1488E-10 1.7310E-10 2.6261E-10 3.7435E-10 4.9702E-10 6.4193E-10 8.1661E-10 1.0272E-09 1.2818E-09 1.5888E-09 1.9448E-09 2.3646E-09 2.8390E-09 3.3653E-09 3.9507E-09 4.6227E-09 5.3143E-09 6.0587E-09 6.8359E-09 7.6229E-09 8.4235E-09 9.2273E-09 1.0017E-08 1.0791E-08 1.1538E-08 1.2251E-08 1.2925E-08 1.3571E-08 1.4140E-08 1.4650E-08 1.5090E-08 1.5448E-08 1.5717E-08 1.5911E-08 1.6027E-08 1.6071E-08 1.6050E-08 1.5967E-08 1.5836E-08 1.5666E-08 1.5470E-08 1.5248E-08 1.5004E-08 1.4747E-08 1.4479E-08 1.4220E-08 1.3944E-08 1.3685E-08 1.3442E-08 1.3204E-08 1.2983E-08 1.2767E-08 1.2572E-08 1.2388E-08 1.2208E-08 1.2040E-08 1.1887E-08
9.8460E-11 1.6553E-10 2.6050E-10 3.7104E-10 4.8821E-10 6.3131E-10 8.0100E-10 1.0053E-09 1.2523E-09 1.5523E-09 1.8986E-09 2.2955E-09 2.7567E-09 3.2648E-09 3.8337E-09 4.4699E-09 5.1394E-09 5.8458E-09 6.5942E-09 7.3682E-09 8.1433E-09 8.9261E-09 9.6959E-09 1.0452E-08 1.1190E-08 1.1896E-08 1.2570E-08 1.3225E-08 1.3811E-08 1.4343E-08 1.4804E-08 1.5198E-08 1.5512E-08 1.5755E-08 1.5922E-08 1.6021E-08 1.6056E-08 1.6039E-08 1.5967E-08 1.5849E-08 1.5701E-08 1.5525E-08 1.5328E-08 1.5111E-08 1.4878E-08 1.4648E-08 1.4402E-08 1.4170E-08 1.3938E-08 1.3724E-08 1.3508E-08 1.3302E-08 1.3114E-08 1.2937E-08 1.2754E-08 1.2589E-08 1.2432E-08
9.3744E-11 1.5153E-10 2.5473E-10 3.6518E-10 4.7929E-10 6.1901E-10 7.8547E-10 9.8483E-10 1.2216E-09 1.5080E-09 1.8462E-09 2.2321E-09 2.6675E-09 3.1569E-09 3.7027E-09 4.3094E-09 4.9497E-09 5.6280E-09 6.3378E-09 7.0899E-09 7.8490E-09 8.6070E-09 9.3578E-09 1.0097E-08 1.0824E-08 1.1528E-08 1.2206E-08 1.2872E-08 1.3470E-08 1.4019E-08 1.4511E-08 1.4945E-08 1.5306E-08 1.5597E-08 1.5815E-08 1.5971E-08 1.6070E-08 1.6111E-08 1.6092E-08 1.6023E-08 1.5925E-08 1.5801E-08 1.5649E-08 1.5469E-08 1.5271E-08 1.5077E-08 1.4857E-08 1.4642E-08 1.4439E-08 1.4232E-08 1.4035E-08 1.3845E-08 1.3663E-08 1.3486E-08 1.3312E-08 1.3145E-08 1.2986E-08
7.9308E-11 1.3850E-10 2.4836E-10 3.5749E-10 4.7247E-10 6.0750E-10 7.6738E-10 9.6060E-10 1.1909E-09 1.4649E-09 1.7900E-09 2.1612E-09 2.5742E-09 3.0407E-09 3.5703E-09 4.1438E-09 4.7604E-09 5.4064E-09 6.0907E-09 6.8067E-09 7.5522E-09 8.2902E-09 9.0230E-09 9.7491E-09 1.0465E-08 1.1168E-08 1.1848E-08 1.2516E-08 1.3131E-08 1.3708E-08 1.4233E-08 1.4706E-08 1.5113E-08 1.5454E-08 1.5730E-08 1.5944E-08 1.6094E-08 1.6188E-08 1.6221E-08 1.6205E-08 1.6155E-08 1.6074E-08 1.5960E-08 1.5821E-08 1.5659E-08 1.5493E-08 1.5299E-08 1.5110E-08 1.4932E-08 1.4740E-08 1.4563E-08 1.4383E-08 1.4205E-08 1.4037E-08 1.3873E-08 1.3706E-08 1.3543E-08
7.5476E-11 1.3324E-10 2.4320E-10 3.4988E-10 4.6254E-10 5.9370E-10 7.4885E-10 9.3408E-10 1.1569E-09 1.4210E-09 1.7326E-09 2.0842E-09 2.4810E-09 2.9261E-09 3.4283E-09 3.9812E-09 4.5680E-09 5.1938E-09 5.8525E-09 6.5386E-09 7.2460E-09 7.9788E-09 8.6966E-09 9.4089E-09 1.0103E-08 1.0795E-08 1.1488E-08 1.2168E-08 1.2803E-08 1.3407E-08 1.3965E-08 1.4477E-08 1.4934E-08 1.5333E-08 1.5661E-08 1.5925E-08 1.6130E-08 1.6276E-08 1.6355E-08 1.6386E-08 1.6380E-08 1.6339E-08 1.6268E-08 1.6157E-08 1.6030E-08 1.5895E-08 1.5735E-08 1.5569E-08 1.5409E-08 1.5242E-08 1.5080E-08 1.4913E-08 1.4749E-08 1.4591E-08 1.4429E-08 1.4265E-08 1.4109E-08
