Assets/Resources/2015_m01_d20_1100(utc+0800)_l00_csi_1hr_conc.grd
DSAA
         159         159
     -79.000      79.000
     -79.000      79.000
  0.1215E-09  0.8149E-05
[rows 100 to 124 of 159, columns 57 to 113 of 159]
2.1028E-09 2.1414E-09 2.1816E-09 2.2225E-09 2.2626E-09 2.3030E-09 2.3439E-09 2.3852E-09 2.4269E-09 2.4689E-09 2.5153E-09 2.6181E-09 2.8378E-09 3.3082E-09 4.2084E-09 5.8597E-09 8.7794E-09 1.3301E-08 1.9766E-08 2.8013E-08 3.7160E-08 4.5673E-08 5.1887E-08 5.4589E-08 5.3519E-08 4.9202E-08 4.2982E-08 3.6187E-08 2.9871E-08 2.4603E-08 2.0567E-08 1.7760E-08 1.5935E-08 1.4910E-08 1.4396E-08 1.4266E-08 1.4314E-08 1.4539E-08 1.4995E-08 1.5448E-08 1.5906E-08 1.6409E-08 1.6901E-08 1.7415E-08 1.7960E-08 1.8522E-08 1.9094E-08 1.9663E-08 2.0217E-08 2.0735E-08 2.1211E-08 2.1639E-08 2.2026E-08 2.2377E-08 2.2666E-08 2.2883E-08 2.3051E-08
2.0815E-09 2.1195E-09 2.1605E-09 2.1996E-09 2.2392E-09 2.2791E-09 2.3194E-09 2.3601E-09 2.4011E-09 2.4464E-09 2.4928E-09 2.6001E-09 2.8210E-09 3.2820E-09 4.1806E-09 5.8610E-09 8.6454E-09 1.2877E-08 1.8857E-08 2.6408E-08 3.4774E-08 4.2726E-08 4.8878E-08 5.2171E-08 5.2223E-08 4.9425E-08 4.4699E-08 3.9013E-08 3.3334E-08 2.8298E-08 2.4253E-08 2.1250E-08 1.9178E-08 1.7919E-08 1.7219E-08 1.6960E-08 1.6929E-08 1.7058E-08 1.7264E-08 1.7674E-08 1.8123E-08 1.8603E-08 1.9091E-08 1.9606E-08 2.0150E-08 2.0711E-08 2.1277E-08 2.1832E-08 2.2366E-08 2.2851E-08 2.3284E-08 2.3663E-08 2.3995E-08 2.4291E-08 2.4522E-08 2.4667E-08 2.4751E-08
2.0599E-09 2.0999E-09 2.1380E-09 2.1766E-09 2.2155E-09 2.2549E-09 2.2946E-09 2.3347E-09 2.3788E-09 2.4200E-09 2.4756E-09 2.5833E-09 2.8227E-09 3.2981E-09 4.2219E-09 5.9111E-09 8.5770E-09 1.2556E-08 1.8072E-08 2.4954E-08 3.2566E-08 3.9965E-08 4.6029E-08 4.9834E-08 5.0893E-08 4.9420E-08 4.6020E-08 4.1491E-08 3.6590E-08 3.1973E-08 2.8074E-08 2.5012E-08 2.2799E-08 2.1328E-08 2.0430E-08 1.9968E-08 1.9822E-08 1.9842E-08 1.9978E-08 2.0134E-08 2.0562E-08 2.0993E-08 2.1462E-08 2.1965E-08 2.2497E-08 2.3047E-08 2.3592E-08 2.4127E-08 2.4625E-08 2.5072E-08 2.5444E-08 2.5758E-08 2.6018E-08 2.6243E-08 2.6409E-08 2.6475E-08 2.6466E-08
2.0405E-09 2.0777E-09 2.1153E-09 2.1533E-09 2.1917E-09 2.2305E-09 2.2696E-09 2.3108E-09 2.3528E-09 2.3952E-09 2.4633E-09 2.5822E-09 2.8302E-09 3.3432E-09 4.3218E-09 5.9897E-09 8.5270E-09 1.2280E-08 1.7382E-08 2.3693E-08 3.0704E-08 3.7611E-08 4.3545E-08 4.7687E-08 4.9625E-08 4.9324E-08 4.7119E-08 4.3659E-08 3.9605E-08 3.5570E-08 3.1945E-08 2.8934E-08 2.6621E-08 2.4984E-08 2.3931E-08 2.3329E-08 2.3000E-08 2.2864E-08 2.2901E-08 2.3020E-08 2.3147E-08 2.3533E-08 2.3970E-08 2.4444E-08 2.4953E-08 2.5479E-08 2.5998E-08 2.6497E-08 2.6955E-08 2.7350E-08 2.7656E-08 2.7891E-08 2.8072E-08 2.8205E-08 2.8294E-08 2.8277E-08 2.8166E-08
2.0188E-09 2.0554E-09 2.0925E-09 2.1299E-09 2.1677E-09 2.2059E-09 2.2444E-09 2.2870E-09 2.3266E-09 2.3731E-09 2.4571E-09 2.5876E-09 2.8498E-09 3.4120E-09 4.4191E-09 6.0647E-09 8.5018E-09 1.2047E-08 1.6790E-08 2.2621E-08 2.9116E-08 3.5655E-08 4.1438E-08 4.5851E-08 4.8427E-08 4.9050E-08 4.7929E-08 4.5510E-08 4.2334E-08 3.8903E-08 3.5630E-08 3.2802E-08 3.0527E-08 2.8831E-08 2.7657E-08 2.6861E-08 2.6380E-08 2.6079E-08 2.5961E-08 2.5947E-08 2.6020E-08 2.6164E-08 2.6556E-08 2.6987E-08 2.7463E-08 2.7956E-08 2.8445E-08 2.8897E-08 2.9311E-08 2.9647E-08 2.9884E-08 3.0028E-08 3.0115E-08 3.0145E-08 3.0142E-08 3.0051E-08 2.9829E-08
1.9969E-09 2.0330E-09 2.0695E-09 2.1064E-09 2.1436E-09 2.1812E-09 2.2227E-09 2.2613E-09 2.3003E-09 2.3540E-09 2.4492E-09 2.5972E-09 2.8869E-09 3.4823E-09 4.5309E-09 6.1380E-09 8.5038E-09 1.1858E-08 1.6297E-08 2.1684E-08 2.7742E-08 3.3918E-08 3.9591E-08 4.4186E-08 4.7258E-08 4.8643E-08 4.8448E-08 4.6960E-08 4.4611E-08 4.1837E-08 3.9051E-08 3.6502E-08 3.4311E-08 3.2625E-08 3.1345E-08 3.0438E-08 2.9814E-08 2.9356E-08 2.9085E-08 2.8896E-08 2.8837E-08 2.8976E-08 2.9150E-08 2.9529E-08 2.9954E-08 3.0408E-08 3.0861E-08 3.1266E-08 3.1625E-08 3.1904E-08 3.2069E-08 3.2122E-08 3.2107E-08 3.2030E-08 3.1920E-08 3.1741E-08 3.1423E-08
1.9750E-09 2.0106E-09 2.0465E-09 2.0828E-09 2.1194E-09 2.1598E-09 2.1975E-09 2.2355E-09 2.2752E-09 2.3385E-09 2.4416E-09 2.6016E-09 2.9323E-09 3.5660E-09 4.6255E-09 6.1952E-09 8.4886E-09 1.1699E-08 1.5871E-08 2.0924E-08 2.6588E-08 3.2427E-08 3.7929E-08 4.2563E-08 4.5990E-08 4.7986E-08 4.8561E-08 4.7900E-08 4.6349E-08 4.4266E-08 4.1988E-08 3.9777E-08 3.7819E-08 3.6208E-08 3.4893E-08 3.3899E-08 3.3143E-08 3.2554E-08 3.2131E-08 3.1792E-08 3.1622E-08 3.1647E-08 3.1782E-08 3.1982E-08 3.2353E-08 3.2764E-08 3.3182E-08 3.3538E-08 3.3841E-08 3.4060E-08 3.4160E-08 3.4123E-08 3.4005E-08 3.3821E-08 3.3592E-08 3.3321E-08 3.2916E-08
1.9531E-09 1.9882E-09 2.0235E-09 2.0593E-09 2.0986E-09 2.1354E-09 2.1725E-09 2.2100E-09 2.2529E-09 2.3239E-09 2.4311E-09 2.6049E-09 2.9674E-09 3.6509E-09 4.7085E-09 6.2473E-09 8.4756E-09 1.1553E-08 1.5495E-08 2.0178E-08 2.5449E-08 3.0956E-08 3.6244E-08 4.0879E-08 4.4536E-08 4.7011E-08 4.8274E-08 4.8329E-08 4.7497E-08 4.6071E-08 4.4336E-08 4.2546E-08 4.0855E-08 3.9347E-08 3.8078E-08 3.7053E-08 3.6240E-08 3.5561E-08 3.4984E-08 3.4531E-08 3.4224E-08 3.4129E-08 3.4200E-08 3.4352E-08 3.4580E-08 3.4954E-08 3.5335E-08 3.5653E-08 3.5903E-08 3.6061E-08 3.6108E-08 3.5987E-08 3.5771E-08 3.5476E-08 3.5124E-08 3.4750E-08 3.4265E-08
1.9314E-09 1.9659E-09 2.0007E-09 2.0359E-09 2.0749E-09 2.1111E-09 2.1476E-09 2.1845E-09 2.2312E-09 2.3068E-09 2.4204E-09 2.6016E-09 3.0133E-09 3.7416E-09 4.7796E-09 6.3137E-09 8.4475E-09 1.1344E-08 1.5035E-08 1.9420E-08 2.4334E-08 2.9495E-08 3.4541E-08 3.9109E-08 4.2900E-08 4.5722E-08 4.7469E-08 4.8159E-08 4.7995E-08 4.7195E-08 4.6005E-08 4.4646E-08 4.3241E-08 4.1944E-08 4.0779E-08 3.9769E-08 3.8931E-08 3.8196E-08 3.7506E-08 3.6957E-08 3.6538E-08 3.6341E-08 3.6331E-08 3.6420E-08 3.6637E-08 3.6891E-08 3.7244E-08 3.7529E-08 3.7732E-08 3.7843E-08 3.7837E-08 3.7654E-08 3.7346E-08 3.6949E-08 3.6483E-08 3.5995E-08 3.5433E-08
1.9098E-09 1.9438E-09 1.9781E-09 2.0152E-09 2.0513E-09 2.0869E-09 2.1229E-09 2.1619E-09 2.2120E-09 2.2917E-09 2.4089E-09 2.6224E-09 3.0718E-09 3.8015E-09 4.8235E-09 6.3162E-09 8.3831E-09 1.1115E-08 1.4546E-08 1.8608E-08 2.3140E-08 2.7949E-08 3.2717E-08 3.7166E-08 4.1030E-08 4.4085E-08 4.6243E-08 4.7437E-08 4.7810E-08 4.7587E-08 4.6937E-08 4.5997E-08 4.4930E-08 4.3865E-08 4.2835E-08 4.1902E-08 4.1096E-08 4.0339E-08 3.9585E-08 3.8959E-08 3.8472E-08 3.8191E-08 3.8116E-08 3.8154E-08 3.8323E-08 3.8567E-08 3.8844E-08 3.9107E-08 3.9275E-08 3.9347E-08 3.9297E-08 3.9079E-08 3.8686E-08 3.8201E-08 3.7630E-08 3.7029E-08 3.6396E-08
1.8884E-09 1.9219E-09 1.9580E-09 1.9923E-09 2.0279E-09 2.0630E-09 2.0984E-09 2.1407E-09 2.1931E-09 2.2753E-09 2.3949E-09 2.6575E-09 3.1287E-09 3.8441E-09 4.8443E-09 6.2755E-09 8.2454E-09 1.0775E-08 1.3941E-08 1.7675E-08 2.1865E-08 2.6324E-08 3.0809E-08 3.5086E-08 3.8912E-08 4.2087E-08 4.4535E-08 4.6145E-08 4.7010E-08 4.7290E-08 4.7089E-08 4.6558E-08 4.5838E-08 4.5028E-08 4.4181E-08 4.3370E-08 4.2622E-08 4.1890E-08 4.1121E-08 4.0447E-08 3.9927E-08 3.9588E-08 3.9493E-08 3.9472E-08 3.9610E-08 3.9826E-08 4.0103E-08 4.0334E-08 4.0487E-08 4.0531E-08 4.0448E-08 4.0201E-08 3.9753E-08 3.9197E-08 3.8534E-08 3.7832E-08 3.7120E-08
1.8672E-09 1.9001E-09 1.9349E-09 1.9696E-09 2.0047E-09 2.0392E-09 2.0740E-09 2.1165E-09 2.1711E-09 2.2541E-09 2.3897E-09 2.6930E-09 3.1689E-09 3.8481E-09 4.8242E-09 6.1761E-09 7.9935E-09 1.0359E-08 1.3271E-08 1.6679E-08 2.0485E-08 2.4581E-08 2.8778E-08 3.2853E-08 3.6573E-08 3.9804E-08 4.2428E-08 4.4360E-08 4.5605E-08 4.6284E-08 4.6488E-08 4.6344E-08 4.5949E-08 4.5399E-08 4.4761E-08 4.4085E-08 4.3428E-08 4.2775E-08 4.2028E-08 4.1370E-08 4.0852E-08 4.0484E-08 4.0377E-08 4.0338E-08 4.0465E-08 4.0666E-08 4.0933E-08 4.1186E-08 4.1316E-08 4.1348E-08 4.1248E-08 4.0981E-08 4.0511E-08 3.9899E-08 3.9167E-08 3.8382E-08 3.7586E-08
1.8461E-09 1.8801E-09 1.9129E-09 1.9470E-09 1.9817E-09 2.0156E-09 2.0499E-09 2.0924E-09 2.1496E-09 2.2305E-09 2.3932E-09 2.7159E-09 3.1801E-09 3.8278E-09 4.7495E-09 6.0306E-09 7.7059E-09 9.8423E-09 1.2483E-08 1.5570E-08 1.9043E-08 2.2802E-08 2.6680E-08 3.0486E-08 3.4061E-08 3.7262E-08 3.9983E-08 4.2129E-08 4.3643E-08 4.4636E-08 4.5187E-08 4.5373E-08 4.5279E-08 4.4984E-08 4.4552E-08 4.4038E-08 4.3512E-08 4.2974E-08 4.2285E-08 4.1679E-08 4.1186E-08 4.0826E-08 4.0735E-08 4.0717E-08 4.0852E-08 4.1055E-08 4.1324E-08 4.1598E-08 4.1742E-08 4.1770E-08 4.1666E-08 4.1394E-08 4.0927E-08 4.0282E-08 3.9506E-08 3.8659E-08 3.7788E-08
1.8259E-09 1.8587E-09 1.8910E-09 1.9247E-09 1.9588E-09 1.9922E-09 2.0258E-09 2.0692E-09 2.1260E-09 2.2065E-09 2.3955E-09 2.7097E-09 3.1605E-09 3.7781E-09 4.6303E-09 5.8003E-09 7.3341E-09 9.2817E-09 1.1644E-08 1.4422E-08 1.7543E-08 2.0952E-08 2.4488E-08 2.8023E-08 3.1401E-08 3.4495E-08 3.7234E-08 3.9506E-08 4.1205E-08 4.2439E-08 4.3258E-08 4.3719E-08 4.3891E-08 4.3836E-08 4.3600E-08 4.3253E-08 4.2878E-08 4.2466E-08 4.1878E-08 4.1380E-08 4.0946E-08 4.0635E-08 4.0578E-08 4.0594E-08 4.0753E-08 4.0980E-08 4.1263E-08 4.1570E-08 4.1740E-08 4.1782E-08 4.1691E-08 4.1424E-08 4.0973E-08 4.0333E-08 3.9535E-08 3.8651E-08 3.7726E-08
1.8052E-09 1.8375E-09 1.8693E-09 1.9024E-09 1.9360E-09 1.9689E-09 2.0029E-09 2.0451E-09 2.1019E-09 2.1954E-09 2.3882E-09 2.6947E-09 3.1122E-09 3.6855E-09 4.4802E-09 5.5368E-09 6.9211E-09 8.6736E-09 1.0768E-08 1.3243E-08 1.6038E-08 1.9101E-08 2.2297E-08 2.5530E-08 2.8676E-08 3.1627E-08 3.4311E-08 3.6591E-08 3.8389E-08 3.9783E-08 4.0800E-08 4.1483E-08 4.1875E-08 4.2019E-08 4.1970E-08 4.1813E-08 4.1591E-08 4.1318E-08 4.0884E-08 4.0485E-08 4.0136E-08 3.9901E-08 3.9902E-08 3.9993E-08 4.0195E-08 4.0454E-08 4.0762E-08 4.1105E-08 4.1313E-08 4.1385E-08 4.1321E-08 4.1072E-08 4.0651E-08 4.0037E-08 3.9246E-08 3.8352E-08 3.7397E-08
1.7845E-09 1.8154E-09 1.8476E-09 1.8802E-09 1.9133E-09 1.9456E-09 1.9798E-09 2.0209E-09 2.0770E-09 2.1845E-09 2.3718E-09 2.6612E-09 3.0455E-09 3.5739E-09 4.2900E-09 5.2391E-09 6.4717E-09 8.0174E-09 9.8760E-09 1.2077E-08 1.4547E-08 1.7251E-08 2.0122E-08 2.3042E-08 2.5933E-08 2.8692E-08 3.1237E-08 3.3471E-08 3.5321E-08 3.6803E-08 3.7948E-08 3.8780E-08 3.9333E-08 3.9658E-08 3.9789E-08 3.9799E-08 3.9714E-08 3.9589E-08 3.9324E-08 3.9057E-08 3.8844E-08 3.8709E-08 3.8784E-08 3.8943E-08 3.9192E-08 3.9491E-08 3.9846E-08 4.0229E-08 4.0480E-08 4.0595E-08 4.0565E-08 4.0351E-08 3.9967E-08 3.9400E-08 3.8644E-08 3.7762E-08 3.6804E-08
1.7637E-09 1.7941E-09 1.8258E-09 1.8579E-09 1.8893E-09 1.9223E-09 1.9542E-09 1.9964E-09 2.0505E-09 2.1688E-09 2.3465E-09 2.6171E-09 2.9639E-09 3.4418E-09 4.0819E-09 4.9320E-09 6.0198E-09 7.3519E-09 8.9889E-09 1.0909E-08 1.3076E-08 1.5456E-08 1.7996E-08 2.0610E-08 2.3217E-08 2.5761E-08 2.8124E-08 3.0266E-08 3.2077E-08 3.3579E-08 3.4791E-08 3.5728E-08 3.6420E-08 3.6890E-08 3.7162E-08 3.7309E-08 3.7386E-08 3.7418E-08 3.7309E-08 3.7192E-08 3.7109E-08 3.7087E-08 3.7250E-08 3.7490E-08 3.7806E-08 3.8153E-08 3.8550E-08 3.8972E-08 3.9269E-08 3.9434E-08 3.9445E-08 3.9283E-08 3.8941E-08 3.8439E-08 3.7742E-08 3.6892E-08 3.5962E-08
1.7430E-09 1.7728E-09 1.8040E-09 1.8357E-09 1.8665E-09 1.8989E-09 1.9303E-09 1.9717E-09 2.0284E-09 2.1440E-09 2.3189E-09 2.5558E-09 2.8702E-09 3.3009E-09 3.8665E-09 4.6025E-09 5.5585E-09 6.7183E-09 8.1456E-09 9.7864E-09 1.1660E-08 1.3736E-08 1.5960E-08 1.8267E-08 2.0601E-08 2.2885E-08 2.5052E-08 2.7044E-08 2.8797E-08 3.0271E-08 3.1499E-08 3.2491E-08 3.3260E-08 3.3832E-08 3.4223E-08 3.4507E-08 3.4723E-08 3.4884E-08 3.4932E-08 3.4975E-08 3.5038E-08 3.5135E-08 3.5394E-08 3.5712E-08 3.6087E-08 3.6489E-08 3.6923E-08 3.7384E-08 3.7721E-08 3.7944E-08 3.8000E-08 3.7901E-08 3.7607E-08 3.7178E-08 3.6557E-08 3.5768E-08 3.4882E-08
1.7222E-09 1.7515E-09 1.7822E-09 1.8134E-09 1.8436E-09 1.8756E-09 1.9064E-09 1.9469E-09 2.0102E-09 2.1224E-09 2.2785E-09 2.4895E-09 2.7750E-09 3.1511E-09 3.6434E-09 4.2912E-09 5.1040E-09 6.0934E-09 7.3147E-09 8.7302E-09 1.0337E-08 1.2132E-08 1.4051E-08 1.6063E-08 1.8119E-08 2.0154E-08 2.2100E-08 2.3924E-08 2.5546E-08 2.6953E-08 2.8158E-08 2.9162E-08 2.9980E-08 3.0624E-08 3.1116E-08 3.1518E-08 3.1851E-08 3.2129E-08 3.2335E-08 3.2518E-08 3.2706E-08 3.2932E-08 3.3277E-08 3.3669E-08 3.4108E-08 3.4565E-08 3.5030E-08 3.5526E-08 3.5899E-08 3.6171E-08 3.6285E-08 3.6247E-08 3.6017E-08 3.5655E-08 3.5116E-08 3.4413E-08 3.3587E-08
1.7003E-09 1.7301E-09 1.7604E-09 1.7897E-09 1.8207E-09 1.8522E-09 1.8824E-09 1.9207E-09 1.9885E-09 2.0918E-09 2.2368E-09 2.4228E-09 2.6738E-09 2.9971E-09 3.4180E-09 3.9806E-09 4.6614E-09 5.5151E-09 6.5337E-09 7.7421E-09 9.1012E-09 1.0627E-08 1.2279E-08 1.4013E-08 1.5801E-08 1.7575E-08 1.9294E-08 2.0932E-08 2.2420E-08 2.3742E-08 2.4891E-08 2.5875E-08 2.6703E-08 2.7398E-08 2.7969E-08 2.8454E-08 2.8879E-08 2.9265E-08 2.9602E-08 2.9902E-08 3.0220E-08 3.0568E-08 3.0988E-08 3.1450E-08 3.1943E-08 3.2441E-08 3.2939E-08 3.3454E-08 3.3865E-08 3.4175E-08 3.4350E-08 3.4368E-08 3.4212E-08 3.3912E-08 3.3468E-08 3.2856E-08 3.2108E-08
1.6794E-09 1.7087E-09 1.7385E-09 1.7673E-09 1.7978E-09 1.8288E-09 1.8585E-09 1.8955E-09 1.9641E-09 2.0622E-09 2.1848E-09 2.3549E-09 2.5663E-09 2.8500E-09 3.2109E-09 3.6818E-09 4.2587E-09 4.9702E-09 5.8147E-09 6.8192E-09 7.9636E-09 9.2542E-09 1.0662E-08 1.2141E-08 1.3675E-08 1.5215E-08 1.6717E-08 1.8163E-08 1.9497E-08 2.0694E-08 2.1766E-08 2.2714E-08 2.3541E-08 2.4261E-08 2.4873E-08 2.5416E-08 2.5921E-08 2.6398E-08 2.6830E-08 2.7242E-08 2.7667E-08 2.8113E-08 2.8595E-08 2.9117E-08 2.9659E-08 3.0191E-08 3.0717E-08 3.1244E-08 3.1680E-08 3.2021E-08 3.2249E-08 3.2320E-08 3.2241E-08 3.1999E-08 3.1654E-08 3.1135E-08 3.0482E-08
1.6584E-09 1.6873E-09 1.7166E-09 1.7449E-09 1.7749E-09 1.8037E-09 1.8345E-09 1.8714E-09 1.9388E-09 2.0289E-09 2.1360E-09 2.2846E-09 2.4688E-09 2.6981E-09 3.0055E-09 3.3917E-09 3.8705E-09 4.4662E-09 5.1821E-09 6.0128E-09 6.9781E-09 8.0307E-09 9.2102E-09 1.0470E-08 1.1771E-08 1.3074E-08 1.4376E-08 1.5633E-08 1.6810E-08 1.7899E-08 1.8886E-08 1.9775E-08 2.0569E-08 2.1277E-08 2.1913E-08 2.2505E-08 2.3068E-08 2.3597E-08 2.4108E-08 2.4612E-08 2.5121E-08 2.5639E-08 2.6180E-08 2.6750E-08 2.7318E-08 2.7881E-08 2.8422E-08 2.8950E-08 2.9408E-08 2.9770E-08 3.0037E-08 3.0165E-08 3.0152E-08 2.9982E-08 2.9719E-08 2.9294E-08 2.8740E-08
1.6375E-09 1.6659E-09 1.6934E-09 1.7225E-09 1.7520E-09 1.7803E-09 1.8105E-09 1.8466E-09 1.9119E-09 1.9922E-09 2.0854E-09 2.2060E-09 2.3665E-09 2.5664E-09 2.8176E-09 3.1344E-09 3.5366E-09 4.0099E-09 4.5937E-09 5.2671E-09 6.0778E-09 6.9456E-09 7.9301E-09 8.9915E-09 1.0076E-08 1.1187E-08 1.2297E-08 1.3376E-08 1.4407E-08 1.5366E-08 1.6255E-08 1.7075E-08 1.7827E-08 1.8522E-08 1.9171E-08 1.9785E-08 2.0368E-08 2.0941E-08 2.1512E-08 2.2075E-08 2.2646E-08 2.3210E-08 2.3802E-08 2.4397E-08 2.4982E-08 2.5566E-08 2.6113E-08 2.6636E-08 2.7103E-08 2.7478E-08 2.7778E-08 2.7954E-08 2.7995E-08 2.7905E-08 2.7706E-08 2.7377E-08 2.6922E-08
1.6165E-09 1.6445E-09 1.6714E-09 1.7001E-09 1.7291E-09 1.7568E-09 1.7865E-09 1.8239E-09 1.8862E-09 1.9524E-09 2.0378E-09 2.1403E-09 2.2718E-09 2.4412E-09 2.6406E-09 2.8967E-09 3.2192E-09 3.6115E-09 4.0851E-09 4.6438E-09 5.2915E-09 6.0147E-09 6.8139E-09 7.6941E-09 8.6133E-09 9.5450E-09 1.0477E-08 1.1396E-08 1.2283E-08 1.3130E-08 1.3923E-08 1.4671E-08 1.5375E-08 1.6039E-08 1.6673E-08 1.7288E-08 1.7883E-08 1.8483E-08 1.9079E-08 1.9683E-08 2.0282E-08 2.0893E-08 2.1502E-08 2.2108E-08 2.2708E-08 2.3296E-08 2.3839E-08 2.4359E-08 2.4820E-08 2.5203E-08 2.5520E-08 2.5735E-08 2.5829E-08 2.5806E-08 2.5665E-08 2.5426E-08 2.5067E-08
1.5955E-09 1.6230E-09 1.6495E-09 1.6776E-09 1.7046E-09 1.7334E-09 1.7626E-09 1.8015E-09 1.8573E-09 1.9147E-09 1.9818E-09 2.0691E-09 2.1805E-09 2.3197E-09 2.4883E-09 2.6973E-09 2.9486E-09 3.2707E-09 3.6375E-09 4.1023E-09 4.6162E-09 5.2030E-09 5.8607E-09 6.5786E-09 7.3338E-09 8.1269E-09 8.9121E-09 9.6815E-09 1.0449E-08 1.1180E-08 1.1888E-08 1.2563E-08 1.3209E-08 1.3832E-08 1.4441E-08 1.5047E-08 1.5645E-08 1.6242E-08 1.6845E-08 1.7462E-08 1.8083E-08 1.8710E-08 1.9324E-08 1.9925E-08 2.0530E-08 2.1106E-08 2.1645E-08 2.2151E-08 2.2600E-08 2.2989E-08 2.3314E-08 2.3557E-08 2.3696E-08 2.3724E-08 2.3646E-08 2.3483E-08 2.3207E-08
