Assets/Resources/2015_m01_d01_1300(utc+0800)_l00_csi_1hr_conc.grd
DSAA
         159         159
     -79.000      79.000
     -79.000      79.000
  0.0000E+00  0.7194E-05
[rows 25 to 49 of 159, columns 57 to 113 of 159]
0.0000E+00 0.0000E+00 0.0000E+00 0.0000E+00 0.0000E+00 0.0000E+00 0.0000E+00 0.0000E+00 0.0000E+00 0.0000E+00 0.0000E+00 0.0000E+00 0.0000E+00 0.0000E+00 0.0000E+00 0.0000E+00 0.0000E+00 0.0000E+00 0.0000E+00 0.0000E+00 0.0000E+00 0.0000E+00 0.0000E+00 0.0000E+00 0.0000E+00 0.0000E+00 0.0000E+00 0.0000E+00 3.5987E-13 3.4572E-12 1.1934E-11 2.6940E-11 4.9437E-11 7.9171E-11 1.0903E-10 1.4059E-10 1.7613E-10 2.1793E-10 2.6650E-10 3.2326E-10 3.8672E-10 4.5679E-10 5.3860E-10 6.3003E-10 7.3206E-10 8.4926E-10 9.8148E-10 1.1256E-09 1.2820E-09 1.4523E-09 1.6362E-09 1.8322E-09 2.0399E-09 2.2598E-09 2.4918E-09 2.7340E-09 2.9847E-09
0.0000E+00 0.0000E+00 0.0000E+00 0.0000E+00 0.0000E+00 0.0000E+00 0.0000E+00 0.0000E+00 0.0000E+00 0.0000E+00 0.0000E+00 0.0000E+00 0.0000E+00 0.0000E+00 0.0000E+00 0.0000E+00 0.0000E+00 0.0000E+00 0.0000E+00 0.0000E+00 0.0000E+00 0.0000E+00 0.0000E+00 0.0000E+00 0.0000E+00 0.0000E+00 0.0000E+00 0.0000E+00 6.5318E-13 4.7452E-12 1.4838E-11 3.2242E-11 5.7719E-11 8.6221E-11 1.1540E-10 1.4687E-10 1.8375E-10 2.2719E-10 2.7950E-10 3.3934E-10 4.0493E-10 4.8066E-10 5.6516E-10 6.5953E-10 7.6908E-10 8.9138E-10 1.0264E-09 1.1772E-09 1.3433E-09 1.5226E-09 1.7134E-09 1.9175E-09 2.1353E-09 2.3652E-09 2.6064E-09 2.8575E-09 3.1176E-09
0.0000E+00 0.0000E+00 0.0000E+00 0.0000E+00 0.0000E+00 0.0000E+00 0.0000E+00 0.0000E+00 0.0000E+00 0.0000E+00 0.0000E+00 0.0000E+00 0.0000E+00 0.0000E+00 0.0000E+00 0.0000E+00 0.0000E+00 0.0000E+00 0.0000E+00 0.0000E+00 0.0000E+00 0.0000E+00 0.0000E+00 0.0000E+00 0.0000E+00 0.0000E+00 0.0000E+00 0.0000E+00 9.3822E-13 5.8436E-12 1.8072E-11 3.8617E-11 6.4913E-11 9.2187E-11 1.2098E-10 1.5291E-10 1.9109E-10 2.3726E-10 2.9261E-10 3.5425E-10 4.2477E-10 5.0315E-10 5.9052E-10 6.9211E-10 8.0557E-10 9.3111E-10 1.0728E-09 1.2320E-09 1.4046E-09 1.5902E-09 1.7901E-09 2.0047E-09 2.2318E-09 2.4709E-09 2.7210E-09 2.9817E-09 3.2514E-09
0.0000E+00 0.0000E+00 0.0000E+00 0.0000E+00 0.0000E+00 0.0000E+00 0.0000E+00 0.0000E+00 0.0000E+00 0.0000E+00 0.0000E+00 0.0000E+00 0.0000E+00 0.0000E+00 0.0000E+00 0.0000E+00 0.0000E+00 0.0000E+00 0.0000E+00 0.0000E+00 0.0000E+00 0.0000E+00 0.0000E+00 0.0000E+00 0.0000E+00 0.0000E+00 0.0000E+00 0.0000E+00 1.0307E-12 7.3674E-12 2.1789E-11 4.4929E-11 7.1190E-11 9.7815E-11 1.2598E-10 1.5860E-10 1.9889E-10 2.4774E-10 3.0447E-10 3.7006E-10 4.4335E-10 5.2433E-10 6.1826E-10 7.2321E-10 8.3977E-10 9.7298E-10 1.1216E-09 1.2839E-09 1.4629E-09 1.6590E-09 1.8687E-09 2.0912E-09 2.3269E-09 2.5755E-09 2.8358E-09 3.1062E-09 3.3848E-09
0.0000E+00 0.0000E+00 0.0000E+00 0.0000E+00 0.0000E+00 0.0000E+00 0.0000E+00 0.0000E+00 0.0000E+00 0.0000E+00 0.0000E+00 0.0000E+00 0.0000E+00 0.0000E+00 0.0000E+00 0.0000E+00 0.0000E+00 0.0000E+00 0.0000E+00 0.0000E+00 0.0000E+00 0.0000E+00 0.0000E+00 0.0000E+00 0.0000E+00 0.0000E+00 0.0000E+00 0.0000E+00 1.0895E-12 8.5618E-12 2.5964E-11 5.1104E-11 7.7492E-11 1.0310E-10 1.3049E-10 1.6413E-10 2.0698E-10 2.5723E-10 3.1660E-10 3.8480E-10 4.6024E-10 5.4710E-10 6.4413E-10 7.5198E-10 8.7623E-10 1.0148E-09 1.1667E-09 1.3356E-09 1.5237E-09 1.7274E-09 1.9446E-09 2.1757E-09 2.4219E-09 2.6806E-09 2.9503E-09 3.2298E-09 3.5181E-09
0.0000E+00 0.0000E+00 0.0000E+00 0.0000E+00 0.0000E+00 0.0000E+00 0.0000E+00 0.0000E+00 0.0000E+00 0.0000E+00 0.0000E+00 0.0000E+00 0.0000E+00 0.0000E+00 0.0000E+00 0.0000E+00 0.0000E+00 0.0000E+00 0.0000E+00 0.0000E+00 0.0000E+00 0.0000E+00 0.0000E+00 0.0000E+00 0.0000E+00 0.0000E+00 0.0000E+00 0.0000E+00 1.1402E-12 1.0137E-11 2.9545E-11 5.6999E-11 8.3267E-11 1.0747E-10 1.3481E-10 1.7004E-10 2.1444E-10 2.6679E-10 3.2809E-10 3.9770E-10 4.7799E-10 5.6798E-10 6.6759E-10 7.8278E-10 9.1122E-10 1.0529E-09 1.2124E-09 1.3898E-09 1.5822E-09 1.7918E-09 2.0190E-09 2.2611E-09 2.5164E-09 2.7844E-09 3.0635E-09 3.3534E-09 3.6514E-09
0.0000E+00 0.0000E+00 0.0000E+00 0.0000E+00 0.0000E+00 0.0000E+00 0.0000E+00 0.0000E+00 0.0000E+00 0.0000E+00 0.0000E+00 0.0000E+00 0.0000E+00 0.0000E+00 0.0000E+00 0.0000E+00 0.0000E+00 0.0000E+00 0.0000E+00 0.0000E+00 0.0000E+00 0.0000E+00 0.0000E+00 0.0000E+00 0.0000E+00 0.0000E+00 0.0000E+00 0.0000E+00 1.2782E-12 1.2019E-11 3.3182E-11 6.2396E-11 8.7427E-11 1.1083E-10 1.3922E-10 1.7607E-10 2.2155E-10 2.7589E-10 3.3808E-10 4.1109E-10 4.9437E-10 5.8662E-10 6.9263E-10 8.1136E-10 9.4269E-10 1.0921E-09 1.2587E-09 1.4397E-09 1.6384E-09 1.8570E-09 2.0934E-09 2.3440E-09 2.6078E-09 2.8862E-09 3.1772E-09 3.4774E-09 3.7860E-09
0.0000E+00 0.0000E+00 0.0000E+00 0.0000E+00 0.0000E+00 0.0000E+00 0.0000E+00 0.0000E+00 0.0000E+00 0.0000E+00 0.0000E+00 0.0000E+00 0.0000E+00 0.0000E+00 0.0000E+00 0.0000E+00 0.0000E+00 0.0000E+00 0.0000E+00 0.0000E+00 0.0000E+00 0.0000E+00 0.0000E+00 0.0000E+00 0.0000E+00 0.0000E+00 0.0000E+00 0.0000E+00 1.5461E-12 1.3371E-11 3.7301E-11 6.6781E-11 9.1051E-11 1.1401E-10 1.4359E-10 1.8157E-10 2.2843E-10 2.8372E-10 3.4812E-10 4.2363E-10 5.0859E-10 6.0625E-10 7.1571E-10 8.3671E-10 9.7576E-10 1.1305E-09 1.3000E-09 1.4884E-09 1.6968E-09 1.9215E-09 2.1635E-09 2.4235E-09 2.7001E-09 2.9895E-09 3.2914E-09 3.6031E-09 3.9212E-09
0.0000E+00 0.0000E+00 0.0000E+00 0.0000E+00 0.0000E+00 0.0000E+00 0.0000E+00 0.0000E+00 0.0000E+00 0.0000E+00 0.0000E+00 0.0000E+00 0.0000E+00 0.0000E+00 0.0000E+00 0.0000E+00 0.0000E+00 0.0000E+00 0.0000E+00 0.0000E+00 0.0000E+00 0.0000E+00 0.0000E+00 0.0000E+00 0.0000E+00 0.0000E+00 0.0000E+00 0.0000E+00 1.9191E-12 1.5281E-11 4.0670E-11 6.9825E-11 9.3366E-11 1.1728E-10 1.4800E-10 1.8694E-10 2.3466E-10 2.9128E-10 3.5796E-10 4.3435E-10 5.2317E-10 6.2416E-10 7.3577E-10 8.6377E-10 1.0069E-09 1.1645E-09 1.3415E-09 1.5384E-09 1.7510E-09 1.9818E-09 2.2336E-09 2.5052E-09 2.7932E-09 3.0940E-09 3.4051E-09 3.7272E-09 4.0553E-09
0.0000E+00 0.0000E+00 0.0000E+00 0.0000E+00 0.0000E+00 0.0000E+00 0.0000E+00 0.0000E+00 0.0000E+00 0.0000E+00 0.0000E+00 0.0000E+00 0.0000E+00 0.0000E+00 0.0000E+00 0.0000E+00 0.0000E+00 0.0000E+00 0.0000E+00 0.0000E+00 0.0000E+00 0.0000E+00 0.0000E+00 0.0000E+00 0.0000E+00 0.0000E+00 0.0000E+00 0.0000E+00 2.2309E-12 1.7685E-11 4.3169E-11 7.2063E-11 9.5307E-11 1.2042E-10 1.5238E-10 1.9249E-10 2.4054E-10 2.9893E-10 3.6619E-10 4.4488E-10 5.3663E-10 6.3920E-10 7.5696E-10 8.8871E-10 1.0344E-09 1.1994E-09 1.3833E-09 1.5828E-09 1.8028E-09 2.0454E-09 2.3074E-09 2.5875E-09 2.8843E-09 3.1963E-09 3.5195E-09 3.8509E-09 4.1894E-09
0.0000E+00 0.0000E+00 0.0000E+00 0.0000E+00 0.0000E+00 0.0000E+00 0.0000E+00 0.0000E+00 0.0000E+00 0.0000E+00 0.0000E+00 0.0000E+00 0.0000E+00 0.0000E+00 0.0000E+00 0.0000E+00 0.0000E+00 0.0000E+00 0.0000E+00 0.0000E+00 0.0000E+00 0.0000E+00 0.0000E+00 0.0000E+00 0.0000E+00 0.0000E+00 0.0000E+00 0.0000E+00 2.8009E-12 1.9698E-11 4.5053E-11 7.3341E-11 9.7043E-11 1.2355E-10 1.5686E-10 1.9780E-10 2.4689E-10 3.0590E-10 3.7449E-10 4.5538E-10 5.4789E-10 6.5514E-10 7.7622E-10 9.1014E-10 1.0627E-09 1.2331E-09 1.4195E-09 1.6272E-09 1.8592E-09 2.1100E-09 2.3804E-09 2.6693E-09 2.9759E-09 3.2974E-09 3.6319E-09 3.9739E-09 4.3233E-09
0.0000E+00 0.0000E+00 0.0000E+00 0.0000E+00 0.0000E+00 0.0000E+00 0.0000E+00 0.0000E+00 0.0000E+00 0.0000E+00 0.0000E+00 0.0000E+00 0.0000E+00 0.0000E+00 0.0000E+00 0.0000E+00 0.0000E+00 0.0000E+00 0.0000E+00 0.0000E+00 0.0000E+00 0.0000E+00 0.0000E+00 0.0000E+00 0.0000E+00 0.0000E+00 0.0000E+00 0.0000E+00 3.4600E-12 2.1154E-11 4.6283E-11 7.4231E-11 9.8434E-11 1.2648E-10 1.6089E-10 2.0283E-10 2.5299E-10 3.1248E-10 3.8290E-10 4.6442E-10 5.5976E-10 6.6964E-10 7.9238E-10 9.3270E-10 1.0896E-09 1.2621E-09 1.4569E-09 1.6767E-09 1.9149E-09 2.1746E-09 2.4538E-09 2.7511E-09 3.0672E-09 3.3994E-09 3.7439E-09 4.0981E-09 4.4585E-09
0.0000E+00 0.0000E+00 0.0000E+00 0.0000E+00 0.0000E+00 0.0000E+00 0.0000E+00 0.0000E+00 0.0000E+00 0.0000E+00 0.0000E+00 0.0000E+00 0.0000E+00 0.0000E+00 0.0000E+00 0.0000E+00 0.0000E+00 0.0000E+00 0.0000E+00 0.0000E+00 0.0000E+00 0.0000E+00 0.0000E+00 0.0000E+00 0.0000E+00 0.0000E+00 0.0000E+00 0.0000E+00 3.9346E-12 2.2030E-11 4.7140E-11 7.4674E-11 9.9637E-11 1.2897E-10 1.6422E-10 2.0733E-10 2.5817E-10 3.1899E-10 3.9016E-10 4.7336E-10 5.7116E-10 6.8192E-10 8.0961E-10 9.5384E-10 1.1123E-09 1.2932E-09 1.4989E-09 1.7249E-09 1.9709E-09 2.2384E-09 2.5269E-09 2.8342E-09 3.1590E-09 3.5007E-09 3.8561E-09 4.2222E-09 4.5943E-09
0.0000E+00 0.0000E+00 0.0000E+00 0.0000E+00 0.0000E+00 0.0000E+00 0.0000E+00 0.0000E+00 0.0000E+00 0.0000E+00 0.0000E+00 0.0000E+00 0.0000E+00 0.0000E+00 0.0000E+00 0.0000E+00 0.0000E+00 0.0000E+00 0.0000E+00 0.0000E+00 0.0000E+00 0.0000E+00 0.0000E+00 0.0000E+00 0.0000E+00 0.0000E+00 0.0000E+00 0.0000E+00 4.3703E-12 2.2437E-11 4.7343E-11 7.4786E-11 1.0046E-10 1.3077E-10 1.6694E-10 2.1084E-10 2.6298E-10 3.2468E-10 3.9679E-10 4.8202E-10 5.8053E-10 6.9476E-10 8.2565E-10 9.7116E-10 1.1371E-09 1.3289E-09 1.5412E-09 1.7729E-09 2.0272E-09 2.3028E-09 2.5991E-09 2.9174E-09 3.2531E-09 3.6038E-09 3.9699E-09 4.3469E-09 4.7290E-09
0.0000E+00 0.0000E+00 0.0000E+00 0.0000E+00 0.0000E+00 0.0000E+00 0.0000E+00 0.0000E+00 0.0000E+00 0.0000E+00 0.0000E+00 0.0000E+00 0.0000E+00 0.0000E+00 0.0000E+00 0.0000E+00 0.0000E+00 0.0000E+00 0.0000E+00 0.0000E+00 0.0000E+00 0.0000E+00 0.0000E+00 0.0000E+00 0.0000E+00 0.0000E+00 0.0000E+00 0.0000E+00 4.5660E-12 2.2197E-11 4.7151E-11 7.4517E-11 1.0072E-10 1.3195E-10 1.6899E-10 2.1357E-10 2.6706E-10 3.2933E-10 4.0269E-10 4.8878E-10 5.8943E-10 7.0658E-10 8.3835E-10 9.8902E-10 1.1664E-09 1.3653E-09 1.5833E-09 1.8221E-09 2.0841E-09 2.3684E-09 2.6737E-09 3.0003E-09 3.3467E-09 3.7095E-09 4.0856E-09 4.4719E-09 4.8645E-09
0.0000E+00 0.0000E+00 0.0000E+00 0.0000E+00 0.0000E+00 0.0000E+00 0.0000E+00 0.0000E+00 0.0000E+00 0.0000E+00 0.0000E+00 0.0000E+00 0.0000E+00 0.0000E+00 0.0000E+00 0.0000E+00 0.0000E+00 0.0000E+00 0.0000E+00 0.0000E+00 0.0000E+00 0.0000E+00 0.0000E+00 0.0000E+00 0.0000E+00 0.0000E+00 0.0000E+00 0.0000E+00 4.1900E-12 2.1643E-11 4.6607E-11 7.3954E-11 1.0055E-10 1.3261E-10 1.7014E-10 2.1558E-10 2.6982E-10 3.3339E-10 4.0771E-10 4.9456E-10 5.9746E-10 7.1517E-10 8.4891E-10 1.0108E-09 1.1979E-09 1.4023E-09 1.6260E-09 1.8730E-09 2.1427E-09 2.4351E-09 2.7509E-09 3.0870E-09 3.4419E-09 3.8149E-09 4.2004E-09 4.5960E-09 4.9993E-09
0.0000E+00 0.0000E+00 0.0000E+00 0.0000E+00 0.0000E+00 0.0000E+00 0.0000E+00 0.0000E+00 0.0000E+00 0.0000E+00 0.0000E+00 0.0000E+00 0.0000E+00 0.0000E+00 0.0000E+00 0.0000E+00 0.0000E+00 0.0000E+00 0.0000E+00 0.0000E+00 0.0000E+00 0.0000E+00 0.0000E+00 0.0000E+00 0.0000E+00 0.0000E+00 0.0000E+00 0.0000E+00 3.8195E-12 2.0498E-11 4.4766E-11 7.2851E-11 9.9814E-11 1.3252E-10 1.7065E-10 2.1677E-10 2.7172E-10 3.3663E-10 4.1148E-10 4.9966E-10 6.0292E-10 7.2110E-10 8.6437E-10 1.0361E-09 1.2277E-09 1.4386E-09 1.6701E-09 1.9251E-09 2.2039E-09 2.5052E-09 2.8290E-09 3.1734E-09 3.5393E-09 3.9210E-09 4.3175E-09 4.7241E-09 5.1367E-09
0.0000E+00 0.0000E+00 0.0000E+00 0.0000E+00 0.0000E+00 0.0000E+00 0.0000E+00 0.0000E+00 0.0000E+00 0.0000E+00 0.0000E+00 0.0000E+00 0.0000E+00 0.0000E+00 0.0000E+00 0.0000E+00 0.0000E+00 0.0000E+00 0.0000E+00 0.0000E+00 0.0000E+00 0.0000E+00 0.0000E+00 0.0000E+00 0.0000E+00 0.0000E+00 0.0000E+00 0.0000E+00 3.7799E-12 1.9163E-11 4.2874E-11 7.0292E-11 9.8647E-11 1.3170E-10 1.7038E-10 2.1695E-10 2.7268E-10 3.3824E-10 4.1459E-10 5.0343E-10 6.0611E-10 7.3009E-10 8.8230E-10 1.0605E-09 1.2580E-09 1.4748E-09 1.7154E-09 1.9789E-09 2.2653E-09 2.5757E-09 2.9074E-09 3.2616E-09 3.6393E-09 4.0330E-09 4.4411E-09 4.8598E-09 5.2839E-09
0.0000E+00 0.0000E+00 0.0000E+00 0.0000E+00 0.0000E+00 0.0000E+00 0.0000E+00 0.0000E+00 0.0000E+00 0.0000E+00 0.0000E+00 0.0000E+00 0.0000E+00 0.0000E+00 0.0000E+00 0.0000E+00 0.0000E+00 0.0000E+00 0.0000E+00 0.0000E+00 0.0000E+00 0.0000E+00 0.0000E+00 0.0000E+00 0.0000E+00 0.0000E+00 0.0000E+00 0.0000E+00 3.6155E-12 1.7483E-11 4.0296E-11 6.7599E-11 9.7207E-11 1.3026E-10 1.6929E-10 2.1634E-10 2.7258E-10 3.3890E-10 4.1655E-10 5.0520E-10 6.0911E-10 7.3996E-10 9.0331E-10 1.0863E-09 1.2884E-09 1.5123E-09 1.7610E-09 2.0315E-09 2.3248E-09 2.6451E-09 2.9898E-09 3.3660E-09 3.7553E-09 4.1615E-09 4.5824E-09 5.0140E-09 5.4518E-09
0.0000E+00 0.0000E+00 0.0000E+00 0.0000E+00 0.0000E+00 0.0000E+00 0.0000E+00 0.0000E+00 0.0000E+00 0.0000E+00 0.0000E+00 0.0000E+00 0.0000E+00 0.0000E+00 0.0000E+00 0.0000E+00 0.0000E+00 0.0000E+00 0.0000E+00 0.0000E+00 0.0000E+00 0.0000E+00 0.0000E+00 0.0000E+00 0.0000E+00 0.0000E+00 0.0000E+00 0.0000E+00 3.3316E-12 1.4973E-11 3.7281E-11 6.5059E-11 9.5203E-11 1.2828E-10 1.6750E-10 2.1465E-10 2.7129E-10 3.3842E-10 4.1652E-10 5.0495E-10 6.1424E-10 7.5621E-10 9.2591E-10 1.1125E-09 1.3194E-09 1.5501E-09 1.8026E-09 2.0840E-09 2.3945E-09 2.7268E-09 3.1030E-09 3.4867E-09 3.8908E-09 4.3127E-09 4.7485E-09 5.2065E-09 5.7134E-09
0.0000E+00 0.0000E+00 0.0000E+00 0.0000E+00 0.0000E+00 0.0000E+00 0.0000E+00 0.0000E+00 0.0000E+00 0.0000E+00 0.0000E+00 0.0000E+00 0.0000E+00 0.0000E+00 0.0000E+00 0.0000E+00 0.0000E+00 0.0000E+00 0.0000E+00 0.0000E+00 0.0000E+00 0.0000E+00 0.0000E+00 0.0000E+00 0.0000E+00 0.0000E+00 0.0000E+00 0.0000E+00 3.0011E-12 1.2571E-11 3.4790E-11 6.1422E-11 9.3111E-11 1.2590E-10 1.6494E-10 2.1213E-10 2.6894E-10 3.3657E-10 4.1428E-10 5.0423E-10 6.2567E-10 7.7614E-10 9.4758E-10 1.1398E-09 1.3490E-09 1.5867E-09 1.8563E-09 2.1523E-09 2.4710E-09 2.8425E-09 3.2184E-09 3.6178E-09 4.0383E-09 4.4783E-09 4.9671E-09 5.4668E-09 5.9573E-09
0.0000E+00 0.0000E+00 0.0000E+00 0.0000E+00 0.0000E+00 0.0000E+00 0.0000E+00 0.0000E+00 0.0000E+00 0.0000E+00 0.0000E+00 0.0000E+00 0.0000E+00 0.0000E+00 0.0000E+00 0.0000E+00 0.0000E+00 0.0000E+00 0.0000E+00 0.0000E+00 0.0000E+00 0.0000E+00 0.0000E+00 0.0000E+00 0.0000E+00 0.0000E+00 0.0000E+00 0.0000E+00 2.6183E-12 1.0810E-11 3.1249E-11 5.7638E-11 8.9625E-11 1.2279E-10 1.6180E-10 2.0867E-10 2.6553E-10 3.3288E-10 4.1006E-10 5.1023E-10 6.4164E-10 7.9691E-10 9.7095E-10 1.1637E-09 1.3886E-09 1.6413E-09 1.9201E-09 2.2281E-09 2.5969E-09 2.9659E-09 3.3607E-09 3.7800E-09 4.2293E-09 4.7301E-09 5.2378E-09 5.7418E-09 6.2419E-09
0.0000E+00 0.0000E+00 0.0000E+00 0.0000E+00 0.0000E+00 0.0000E+00 0.0000E+00 0.0000E+00 0.0000E+00 0.0000E+00 0.0000E+00 0.0000E+00 0.0000E+00 0.0000E+00 0.0000E+00 0.0000E+00 0.0000E+00 0.0000E+00 0.0000E+00 0.0000E+00 0.0000E+00 0.0000E+00 0.0000E+00 0.0000E+00 0.0000E+00 0.0000E+00 0.0000E+00 0.0000E+00 2.1758E-12 9.4547E-12 2.6626E-11 5.3264E-11 8.4022E-11 1.1882E-10 1.5758E-10 2.0408E-10 2.6065E-10 3.2698E-10 4.0862E-10 5.2066E-10 6.5899E-10 8.1912E-10 9.9781E-10 1.2069E-09 1.4416E-09 1.7027E-09 2.0048E-09 2.3643E-09 2.7320E-09 3.1226E-09 3.5472E-09 3.9965E-09 4.4905E-09 5.0038E-09 5.5250E-09 6.0426E-09 6.5587E-09
0.0000E+00 0.0000E+00 0.0000E+00 0.0000E+00 0.0000E+00 0.0000E+00 0.0000E+00 0.0000E+00 0.0000E+00 0.0000E+00 0.0000E+00 0.0000E+00 0.0000E+00 0.0000E+00 0.0000E+00 0.0000E+00 0.0000E+00 0.0000E+00 0.0000E+00 0.0000E+00 0.0000E+00 0.0000E+00 0.0000E+00 0.0000E+00 0.0000E+00 0.0000E+00 0.0000E+00 0.0000E+00 1.7606E-12 8.0335E-12 2.2378E-11 4.7925E-11 7.8269E-11 1.1406E-10 1.5223E-10 1.9817E-10 2.5362E-10 3.2075E-10 4.1090E-10 5.3269E-10 6.7929E-10 8.5290E-10 1.0447E-09 1.2567E-09 1.4951E-09 1.7890E-09 2.1369E-09 2.4971E-09 2.8808E-09 3.3052E-09 3.7538E-09 4.2469E-09 4.7691E-09 5.3034E-09 5.8399E-09 6.3784E-09 6.9131E-09
0.0000E+00 0.0000E+00 0.0000E+00 0.0000E+00 0.0000E+00 0.0000E+00 0.0000E+00 0.0000E+00 0.0000E+00 0.0000E+00 0.0000E+00 0.0000E+00 0.0000E+00 0.0000E+00 0.0000E+00 0.0000E+00 0.0000E+00 0.0000E+00 0.0000E+00 0.0000E+00 0.0000E+00 0.0000E+00 0.0000E+00 0.0000E+00 0.0000E+00 0.0000E+00 0.0000E+00 0.0000E+00 1.2880E-12 6.5517E-12 1.8298E-11 4.2232E-11 7.2378E-11 1.0807E-10 1.4638E-10 1.9166E-10 2.4533E-10 3.1787E-10 4.1785E-10 5.5295E-10 7.2418E-10 8.9777E-10 1.0843E-09 1.2991E-09 1.5754E-09 1.9123E-09 2.2687E-09 2.6447E-09 3.0638E-09 3.5100E-09 4.0054E-09 4.5320E-09 5.0778E-09 5.6399E-09 6.2013E-09 6.7659E-09 7.3167E-09
