Assets/Resources/2015_m01_d29_1500(utc+0800)_l00_csi_1hr_conc.grd
DSAA
         159         159
     -79.000      79.000
     -79.000      79.000
  0.0000E+00  0.1767E-05
[rows 0 to 24 of 159, columns 57 to 113 of 159]
2.4712E-10 2.5823E-10 2.6964E-10 2.8133E-10 2.9307E-10 3.0529E-10 3.1755E-10 3.3025E-10 3.4296E-10 3.5587E-10 3.6922E-10 3.8255E-10 3.9602E-10 4.0943E-10 4.2322E-10 4.3713E-10 4.5088E-10 4.6470E-10 4.7885E-10 4.9305E-10 5.0702E-10 5.2126E-10 5.3549E-10 5.4970E-10 5.6360E-10 5.7771E-10 5.9148E-10 6.0541E-10 6.1896E-10 6.3261E-10 6.4610E-10 6.5916E-10 6.7203E-10 6.8468E-10 6.9736E-10 7.0959E-10 7.2156E-10 7.3325E-10 7.4513E-10 7.5627E-10 7.6710E-10 7.7760E-10 7.8776E-10 7.9784E-10 8.0732E-10 8.1643E-10 8.2517E-10 8.3352E-10 8.4150E-10 8.4914E-10 8.5668E-10 8.6361E-10 8.7019E-10 8.7643E-10 8.8206E-10 8.8763E-10 8.9309E-10
2.5367E-10 2.6510E-10 2.7681E-10 2.8861E-10 3.0070E-10 3.1306E-10 3.2587E-10 3.3892E-10 3.5198E-10 3.6551E-10 3.7903E-10 3.9272E-10 4.0637E-10 4.2043E-10 4.3463E-10 4.4869E-10 4.6284E-10 4.7734E-10 4.9191E-10 5.0627E-10 5.2093E-10 5.3561E-10 5.5027E-10 5.6464E-10 5.7925E-10 5.9380E-10 6.0801E-10 6.2211E-10 6.3633E-10 6.5041E-10 6.6407E-10 6.7755E-10 6.9108E-10 7.0440E-10 7.1728E-10 7.2991E-10 7.4227E-10 7.5461E-10 7.6645E-10 7.7797E-10 7.8918E-10 8.0028E-10 8.1110E-10 8.2130E-10 8.3114E-10 8.4059E-10 8.4965E-10 8.5836E-10 8.6669E-10 8.7489E-10 8.8248E-10 8.8971E-10 8.9633E-10 9.0314E-10 9.0930E-10 9.1512E-10 9.2055E-10
2.6001E-10 2.7134E-10 2.8337E-10 2.9571E-10 3.0833E-10 3.2123E-10 3.3438E-10 3.4757E-10 3.6125E-10 3.7474E-10 3.8863E-10 4.0270E-10 4.1676E-10 4.3121E-10 4.4581E-10 4.6026E-10 4.7510E-10 4.9002E-10 5.0476E-10 5.1981E-10 5.3491E-10 5.5001E-10 5.6485E-10 5.7995E-10 5.9500E-10 6.0973E-10 6.2438E-10 6.3916E-10 6.5382E-10 6.6808E-10 6.8217E-10 6.9633E-10 7.1030E-10 7.2383E-10 7.3713E-10 7.5042E-10 7.6346E-10 7.7599E-10 7.8823E-10 8.0015E-10 8.1201E-10 8.2330E-10 8.3424E-10 8.4481E-10 8.5501E-10 8.6509E-10 8.7453E-10 8.8358E-10 8.9225E-10 9.0053E-10 9.0844E-10 9.1627E-10 9.2346E-10 9.3029E-10 9.3674E-10 9.4281E-10 9.4824E-10
2.6615E-10 2.7818E-10 2.9053E-10 3.0319E-10 3.1615E-10 3.2917E-10 3.4247E-10 3.5627E-10 3.6985E-10 3.8392E-10 3.9818E-10 4.1270E-10 4.2740E-10 4.4224E-10 4.5698E-10 4.7212E-10 4.8737E-10 5.0247E-10 5.1790E-10 5.3339E-10 5.4892E-10 5.6420E-10 5.7977E-10 5.9531E-10 6.1056E-10 6.2573E-10 6.4107E-10 6.5630E-10 6.7115E-10 6.8585E-10 7.0064E-10 7.1525E-10 7.2944E-10 7.4340E-10 7.5739E-10 7.7112E-10 7.8437E-10 7.9732E-10 8.1023E-10 8.2282E-10 8.3486E-10 8.4655E-10 8.5789E-10 8.6910E-10 8.7971E-10 8.8992E-10 8.9973E-10 9.0914E-10 9.1815E-10 9.2681E-10 9.3534E-10 9.4323E-10 9.5074E-10 9.5787E-10 9.6477E-10 9.7129E-10 9.7740E-10
2.7265E-10 2.8500E-10 2.9766E-10 3.1043E-10 3.2372E-10 3.3689E-10 3.5053E-10 3.6470E-10 3.7890E-10 3.9333E-10 4.0803E-10 4.2293E-10 4.3802E-10 4.5301E-10 4.6843E-10 4.8398E-10 4.9940E-10 5.1519E-10 5.3106E-10 5.4699E-10 5.6270E-10 5.7871E-10 5.9473E-10 6.1047E-10 6.2616E-10 6.4204E-10 6.5783E-10 6.7326E-10 6.8880E-10 7.0421E-10 7.1945E-10 7.3429E-10 7.4892E-10 7.6359E-10 7.7781E-10 7.9176E-10 8.0544E-10 8.1909E-10 8.3244E-10 8.4524E-10 8.5770E-10 8.6980E-10 8.8181E-10 8.9321E-10 9.0421E-10 9.1481E-10 9.2523E-10 9.3505E-10 9.4447E-10 9.5349E-10 9.6236E-10 9.7059E-10 9.7860E-10 9.8621E-10 9.9344E-10 1.0002E-09 1.0066E-09
2.7851E-10 2.9116E-10 3.0414E-10 3.1746E-10 3.3108E-10 3.4478E-10 3.5903E-10 3.7335E-10 3.8791E-10 4.0277E-10 4.1785E-10 4.3313E-10 4.4836E-10 4.6403E-10 4.7986E-10 4.9558E-10 5.1170E-10 5.2792E-10 5.4422E-10 5.6033E-10 5.7677E-10 5.9324E-10 6.0946E-10 6.2589E-10 6.4228E-10 6.5862E-10 6.7438E-10 6.9052E-10 7.0653E-10 7.2241E-10 7.3789E-10 7.5344E-10 7.6879E-10 7.8370E-10 7.9837E-10 8.1277E-10 8.2716E-10 8.4104E-10 8.5460E-10 8.6784E-10 8.8099E-10 8.9380E-10 9.0600E-10 9.1781E-10 9.2922E-10 9.4048E-10 9.5111E-10 9.6131E-10 9.7111E-10 9.8050E-10 9.8990E-10 9.9866E-10 1.0070E-09 1.0150E-09 1.0225E-09 1.0297E-09 1.0360E-09
2.8495E-10 2.9790E-10 3.1120E-10 3.2483E-10 3.3858E-10 3.5288E-10 3.6728E-10 3.8194E-10 3.9693E-10 4.1216E-10 4.2761E-10 4.4278E-10 4.5868E-10 4.7476E-10 4.9100E-10 5.0742E-10 5.2396E-10 5.4062E-10 5.5710E-10 5.7395E-10 5.9084E-10 6.0752E-10 6.2443E-10 6.4132E-10 6.5819E-10 6.7473E-10 6.9144E-10 7.0782E-10 7.2432E-10 7.4044E-10 7.5665E-10 7.7268E-10 7.8828E-10 8.0366E-10 8.1905E-10 8.3419E-10 8.4882E-10 8.6316E-10 8.7717E-10 8.9113E-10 9.0451E-10 9.1753E-10 9.3016E-10 9.4240E-10 9.5451E-10 9.6622E-10 9.7726E-10 9.8787E-10 9.9806E-10 1.0080E-09 1.0180E-09 1.0271E-09 1.0359E-09 1.0442E-09 1.0517E-09 1.0596E-09 1.0667E-09
2.9132E-10 3.0459E-10 3.1820E-10 3.3195E-10 3.4628E-10 3.6052E-10 3.7526E-10 3.9027E-10 4.0562E-10 4.2123E-10 4.3682E-10 4.5291E-10 4.6921E-10 4.8569E-10 5.0237E-10 5.1921E-10 5.3619E-10 5.5302E-10 5.7024E-10 5.8728E-10 6.0464E-10 6.2200E-10 6.3939E-10 6.5676E-10 6.7383E-10 6.9109E-10 7.0806E-10 7.2516E-10 7.4190E-10 7.5876E-10 7.7546E-10 7.9176E-10 8.0784E-10 8.2396E-10 8.3984E-10 8.5524E-10 8.7035E-10 8.8541E-10 9.0017E-10 9.1437E-10 9.2821E-10 9.4168E-10 9.5504E-10 9.6777E-10 9.8008E-10 9.9197E-10 1.0034E-09 1.0149E-09 1.0257E-09 1.0361E-09 1.0461E-09 1.0560E-09 1.0647E-09 1.0739E-09 1.0822E-09 1.0900E-09 1.0974E-09
2.9702E-10 3.1059E-10 3.2452E-10 3.3885E-10 3.5351E-10 3.6829E-10 3.8311E-10 3.9855E-10 4.1427E-10 4.3025E-10 4.4649E-10 4.6297E-10 4.7966E-10 4.9658E-10 5.1368E-10 5.3067E-10 5.4783E-10 5.6540E-10 5.8308E-10 6.0083E-10 6.1863E-10 6.3646E-10 6.5432E-10 6.7190E-10 6.8947E-10 7.0723E-10 7.2491E-10 7.4227E-10 7.5976E-10 7.7711E-10 7.9409E-10 8.1087E-10 8.2771E-10 8.4434E-10 8.6049E-10 8.7637E-10 8.9224E-10 9.0780E-10 9.2282E-10 9.3750E-10 9.5182E-10 9.6604E-10 9.7990E-10 9.9309E-10 1.0059E-09 1.0186E-09 1.0307E-09 1.0424E-09 1.0536E-09 1.0644E-09 1.0748E-09 1.0849E-09 1.0949E-09 1.1040E-09 1.1127E-09 1.1209E-09 1.1282E-09
3.0327E-10 3.1714E-10 3.3117E-10 3.4582E-10 3.6061E-10 3.7572E-10 3.9121E-10 4.0700E-10 4.2308E-10 4.3945E-10 4.5607E-10 4.7294E-10 4.8978E-10 5.0712E-10 5.2439E-10 5.4209E-10 5.5997E-10 5.7798E-10 5.9611E-10 6.1430E-10 6.3256E-10 6.5087E-10 6.6871E-10 6.8702E-10 7.0532E-10 7.2356E-10 7.4151E-10 7.5962E-10 7.7761E-10 7.9525E-10 8.1272E-10 8.3027E-10 8.4763E-10 8.6453E-10 8.8119E-10 8.9784E-10 9.1422E-10 9.3006E-10 9.4558E-10 9.6102E-10 9.7612E-10 9.9060E-10 1.0047E-09 1.0183E-09 1.0320E-09 1.0450E-09 1.0576E-09 1.0697E-09 1.0818E-09 1.0932E-09 1.1041E-09 1.1145E-09 1.1249E-09 1.1345E-09 1.1432E-09 1.1518E-09 1.1599E-09
3.0943E-10 3.2339E-10 3.3799E-10 3.5275E-10 3.6786E-10 3.8337E-10 3.9921E-10 4.1534E-10 4.3180E-10 4.4855E-10 4.6529E-10 4.8231E-10 4.9984E-10 5.1758E-10 5.3553E-10 5.5369E-10 5.7201E-10 5.9047E-10 6.0903E-10 6.2769E-10 6.4619E-10 6.6472E-10 6.8352E-10 7.0232E-10 7.2111E-10 7.3962E-10 7.5832E-10 7.7694E-10 7.9522E-10 8.1362E-10 8.3186E-10 8.4969E-10 8.6733E-10 8.8475E-10 9.0219E-10 9.1938E-10 9.3604E-10 9.5240E-10 9.6871E-10 9.8467E-10 1.0000E-09 1.0150E-09 1.0300E-09 1.0446E-09 1.0586E-09 1.0721E-09 1.0851E-09 1.0982E-09 1.1104E-09 1.1223E-09 1.1336E-09 1.1446E-09 1.1550E-09 1.1650E-09 1.1746E-09 1.1840E-09 1.1925E-09
3.1489E-10 3.2941E-10 3.4431E-10 3.5939E-10 3.7508E-10 3.9065E-10 4.0683E-10 4.2308E-10 4.3991E-10 4.5703E-10 4.7442E-10 4.9211E-10 5.1004E-10 5.2820E-10 5.4660E-10 5.6519E-10 5.8395E-10 6.0260E-10 6.2162E-10 6.4075E-10 6.5970E-10 6.7896E-10 6.9824E-10 7.1754E-10 7.3659E-10 7.5587E-10 7.7508E-10 7.9399E-10 8.1304E-10 8.3196E-10 8.5074E-10 8.6910E-10 8.8753E-10 9.0573E-10 9.2348E-10 9.4096E-10 9.5815E-10 9.7531E-10 9.9192E-10 1.0082E-09 1.0241E-09 1.0400E-09 1.0555E-09 1.0704E-09 1.0849E-09 1.0989E-09 1.1129E-09 1.1266E-09 1.1393E-09 1.1516E-09 1.1635E-09 1.1749E-09 1.1859E-09 1.1964E-09 1.2063E-09 1.2158E-09 1.2246E-09
3.2066E-10 3.3547E-10 3.5047E-10 3.6585E-10 3.8167E-10 3.9784E-10 4.1435E-10 4.3123E-10 4.4841E-10 4.6590E-10 4.8370E-10 5.0178E-10 5.2011E-10 5.3871E-10 5.5753E-10 5.7656E-10 5.9524E-10 6.1459E-10 6.3408E-10 6.5368E-10 6.7335E-10 6.9309E-10 7.1286E-10 7.3243E-10 7.5225E-10 7.7203E-10 7.9154E-10 8.1122E-10 8.3080E-10 8.5026E-10 8.6933E-10 8.8849E-10 9.0746E-10 9.2599E-10 9.4428E-10 9.6256E-10 9.8057E-10 9.9805E-10 1.0152E-09 1.0324E-09 1.0492E-09 1.0655E-09 1.0813E-09 1.0968E-09 1.1122E-09 1.1268E-09 1.1410E-09 1.1548E-09 1.1680E-09 1.1813E-09 1.1937E-09 1.2057E-09 1.2171E-09 1.2281E-09 1.2385E-09 1.2484E-09 1.2582E-09
3.2637E-10 3.4147E-10 3.5656E-10 3.7252E-10 3.8865E-10 4.0514E-10 4.2202E-10 4.3923E-10 4.5677E-10 4.7466E-10 4.9284E-10 5.1131E-10 5.2953E-10 5.4855E-10 5.6781E-10 5.8727E-10 6.0691E-10 6.2672E-10 6.4667E-10 6.6672E-10 6.8687E-10 7.0709E-10 7.2714E-10 7.4747E-10 7.6779E-10 7.8787E-10 8.0815E-10 8.2837E-10 8.4848E-10 8.6825E-10 8.8812E-10 9.0784E-10 9.2713E-10 9.4621E-10 9.6532E-10 9.8417E-10 1.0025E-09 1.0205E-09 1.0387E-09 1.0564E-09 1.0736E-09 1.0904E-09 1.1068E-09 1.1233E-09 1.1389E-09 1.1541E-09 1.1689E-09 1.1836E-09 1.1975E-09 1.2109E-09 1.2243E-09 1.2367E-09 1.2487E-09 1.2601E-09 1.2711E-09 1.2814E-09 1.2953E-09
3.3196E-10 3.4714E-10 3.6299E-10 3.7904E-10 3.9548E-10 4.1207E-10 4.2901E-10 4.4658E-10 4.6448E-10 4.8274E-10 5.0131E-10 5.2018E-10 5.3935E-10 5.5879E-10 5.7847E-10 5.9835E-10 6.1843E-10 6.3869E-10 6.5909E-10 6.7961E-10 7.0024E-10 7.2074E-10 7.4154E-10 7.6214E-10 7.8299E-10 8.0384E-10 8.2465E-10 8.4540E-10 8.6583E-10 8.8640E-10 9.0683E-10 9.2688E-10 9.4673E-10 9.6664E-10 9.8632E-10 1.0055E-09 1.0244E-09 1.0434E-09 1.0622E-09 1.0803E-09 1.0981E-09 1.1159E-09 1.1333E-09 1.1500E-09 1.1662E-09 1.1820E-09 1.1977E-09 1.2127E-09 1.2272E-09 1.2411E-09 1.2547E-09 1.2681E-09 1.2806E-09 1.2926E-09 1.3059E-09 1.3205E-09 1.3328E-09
3.3717E-10 3.5262E-10 3.6857E-10 3.8492E-10 4.0167E-10 4.1884E-10 4.3638E-10 4.5429E-10 4.7258E-10 4.9120E-10 5.1015E-10 5.2943E-10 5.4901E-10 5.6885E-10 5.8894E-10 6.0925E-10 6.2978E-10 6.5048E-10 6.7134E-10 6.9210E-10 7.1300E-10 7.3424E-10 7.5555E-10 7.7690E-10 7.9829E-10 8.1967E-10 8.4101E-10 8.6208E-10 8.8331E-10 9.0421E-10 9.2521E-10 9.4582E-10 9.6651E-10 9.8700E-10 1.0070E-09 1.0268E-09 1.0467E-09 1.0664E-09 1.0854E-09 1.1042E-09 1.1230E-09 1.1414E-09 1.1591E-09 1.1763E-09 1.1932E-09 1.2100E-09 1.2260E-09 1.2416E-09 1.2570E-09 1.2720E-09 1.2862E-09 1.2998E-09 1.3148E-09 1.3292E-09 1.3432E-09 1.3579E-09 1.3704E-09
3.4228E-10 3.5828E-10 3.7451E-10 3.9115E-10 4.0823E-10 4.2571E-10 4.4358E-10 4.6186E-10 4.8049E-10 4.9948E-10 5.1883E-10 5.3850E-10 5.5847E-10 5.7871E-10 5.9922E-10 6.1948E-10 6.4045E-10 6.6162E-10 6.8295E-10 7.0443E-10 7.2607E-10 7.4780E-10 7.6961E-10 7.9150E-10 8.1341E-10 8.3533E-10 8.5675E-10 8.7862E-10 9.0042E-10 9.2212E-10 9.4345E-10 9.6490E-10 9.8618E-10 1.0070E-09 1.0276E-09 1.0484E-09 1.0690E-09 1.0890E-09 1.1087E-09 1.1285E-09 1.1479E-09 1.1666E-09 1.1849E-09 1.2032E-09 1.2211E-09 1.2382E-09 1.2548E-09 1.2710E-09 1.2871E-09 1.3024E-09 1.3190E-09 1.3351E-09 1.3508E-09 1.3659E-09 1.3802E-09 1.3939E-09 1.4053E-09
3.4746E-10 3.6353E-10 3.7977E-10 3.9698E-10 4.1437E-10 4.3190E-10 4.5037E-10 4.6871E-10 4.8770E-10 5.0705E-10 5.2678E-10 5.4685E-10 5.6722E-10 5.8789E-10 6.0882E-10 6.3001E-10 6.5141E-10 6.7302E-10 6.9482E-10 7.1681E-10 7.3893E-10 7.6116E-10 7.8351E-10 8.0567E-10 8.2811E-10 8.5034E-10 8.7281E-10 8.9524E-10 9.1760E-10 9.3963E-10 9.6181E-10 9.8385E-10 1.0055E-09 1.0273E-09 1.0490E-09 1.0700E-09 1.0909E-09 1.1120E-09 1.1327E-09 1.1532E-09 1.1729E-09 1.1922E-09 1.2116E-09 1.2302E-09 1.2484E-09 1.2661E-09 1.2838E-09 1.3011E-09 1.3175E-09 1.3370E-09 1.3544E-09 1.3712E-09 1.3872E-09 1.4027E-09 1.4159E-09 1.4286E-09 1.4405E-09
3.5228E-10 3.6861E-10 3.8538E-10 4.0263E-10 4.2031E-10 4.3841E-10 4.5696E-10 4.7591E-10 4.9524E-10 5.1498E-10 5.3508E-10 5.5552E-10 5.7628E-10 5.9735E-10 6.1869E-10 6.4030E-10 6.6214E-10 6.8421E-10 7.0650E-10 7.2896E-10 7.5157E-10 7.7408E-10 7.9694E-10 8.1987E-10 8.4263E-10 8.6565E-10 8.8867E-10 9.1166E-10 9.3436E-10 9.5723E-10 9.8001E-10 1.0024E-09 1.0251E-09 1.0475E-09 1.0698E-09 1.0916E-09 1.1132E-09 1.1349E-09 1.1563E-09 1.1770E-09 1.1974E-09 1.2178E-09 1.2375E-09 1.2568E-09 1.2757E-09 1.2945E-09 1.3129E-09 1.3323E-09 1.3513E-09 1.3699E-09 1.3880E-09 1.4053E-09 1.4220E-09 1.4365E-09 1.4504E-09 1.4636E-09 1.4761E-09
3.5718E-10 3.7352E-10 3.9083E-10 4.0836E-10 4.2608E-10 4.4476E-10 4.6362E-10 4.8289E-10 5.0260E-10 5.2269E-10 5.4315E-10 5.6396E-10 5.8511E-10 6.0657E-10 6.2832E-10 6.5035E-10 6.7264E-10 6.9518E-10 7.1794E-10 7.4042E-10 7.6352E-10 7.8679E-10 8.1017E-10 8.3362E-10 8.5716E-10 8.8074E-10 9.0431E-10 9.2763E-10 9.5117E-10 9.7464E-10 9.9777E-10 1.0212E-09 1.0444E-09 1.0675E-09 1.0902E-09 1.1131E-09 1.1353E-09 1.1577E-09 1.1794E-09 1.2012E-09 1.2227E-09 1.2435E-09 1.2639E-09 1.2843E-09 1.3043E-09 1.3234E-09 1.3441E-09 1.3660E-09 1.3858E-09 1.4048E-09 1.4233E-09 1.4397E-09 1.4555E-09 1.4706E-09 1.4851E-09 1.4989E-09 1.5120E-09
3.6140E-10 3.7824E-10 3.9558E-10 4.1338E-10 4.3164E-10 4.5038E-10 4.6955E-10 4.8915E-10 5.0920E-10 5.2965E-10 5.5047E-10 5.7167E-10 5.9321E-10 6.1507E-10 6.3725E-10 6.5971E-10 6.8244E-10 7.0544E-10 7.2867E-10 7.5209E-10 7.7571E-10 7.9948E-10 8.2337E-10 8.4738E-10 8.7145E-10 8.9557E-10 9.1923E-10 9.4340E-10 9.6752E-10 9.9158E-10 1.0157E-09 1.0397E-09 1.0636E-09 1.0871E-09 1.1105E-09 1.1340E-09 1.1574E-09 1.1800E-09 1.2029E-09 1.2254E-09 1.2472E-09 1.2687E-09 1.2902E-09 1.3114E-09 1.3335E-09 1.3553E-09 1.3768E-09 1.3979E-09 1.4181E-09 1.4379E-09 1.4556E-09 1.4727E-09 1.4891E-09 1.5049E-09 1.5200E-09 1.5350E-09 1.5493E-09
3.6594E-10 3.8306E-10 4.0065E-10 4.1871E-10 4.3729E-10 4.5631E-10 4.7579E-10 4.9574E-10 5.1611E-10 5.3690E-10 5.5807E-10 5.7963E-10 6.0155E-10 6.2380E-10 6.4638E-10 6.6926E-10 6.9246E-10 7.1591E-10 7.3959E-10 7.6352E-10 7.8763E-10 8.1189E-10 8.3607E-10 8.6061E-10 8.8523E-10 9.0967E-10 9.3441E-10 9.5915E-10 9.8386E-10 1.0087E-09 1.0334E-09 1.0581E-09 1.0820E-09 1.1066E-09 1.1310E-09 1.1552E-09 1.1788E-09 1.2027E-09 1.2262E-09 1.2491E-09 1.2716E-09 1.2942E-09 1.3165E-09 1.3399E-09 1.3629E-09 1.3857E-09 1.4080E-09 1.4295E-09 1.4507E-09 1.4696E-09 1.4880E-09 1.5058E-09 1.5229E-09 1.5394E-09 1.5563E-09 1.5720E-09 1.5869E-09
3.7007E-10 3.8742E-10 4.0499E-10 4.2360E-10 4.4245E-10 4.6176E-10 4.8155E-10 5.0182E-10 5.2252E-10 5.4388E-10 5.6541E-10 5.8706E-10 6.0961E-10 6.3225E-10 6.5523E-10 6.7856E-10 7.0219E-10 7.2608E-10 7.5026E-10 7.7465E-10 7.9925E-10 8.2355E-10 8.4850E-10 8.7357E-10 8.9874E-10 9.2400E-10 9.4930E-10 9.7461E-10 1.0001E-09 1.0251E-09 1.0505E-09 1.0756E-09 1.1009E-09 1.1262E-09 1.1513E-09 1.1758E-09 1.2006E-09 1.2251E-09 1.2490E-09 1.2726E-09 1.2963E-09 1.3197E-09 1.3443E-09 1.3685E-09 1.3925E-09 1.4161E-09 1.4389E-09 1.4614E-09 1.4817E-09 1.5014E-09 1.5205E-09 1.5391E-09 1.5575E-09 1.5753E-09 1.5924E-09 1.6093E-09 1.6255E-09
3.7398E-10 3.9156E-10 4.0964E-10 4.2827E-10 4.4738E-10 4.6697E-10 4.8707E-10 5.0764E-10 5.2866E-10 5.5011E-10 5.7198E-10 5.9451E-10 6.1693E-10 6.3996E-10 6.6359E-10 6.8710E-10 7.1116E-10 7.3550E-10 7.6014E-10 7.8502E-10 8.1010E-10 8.3541E-10 8.6087E-10 8.8647E-10 9.1220E-10 9.3801E-10 9.6388E-10 9.8954E-10 1.0156E-09 1.0414E-09 1.0675E-09 1.0936E-09 1.1196E-09 1.1456E-09 1.1710E-09 1.1966E-09 1.2221E-09 1.2470E-09 1.2716E-09 1.2964E-09 1.3227E-09 1.3484E-09 1.3738E-09 1.3990E-09 1.4238E-09 1.4479E-09 1.4700E-09 1.4916E-09 1.5127E-09 1.5332E-09 1.5537E-09 1.5735E-09 1.5927E-09 1.6118E-09 1.6303E-09 1.6480E-09 1.6646E-09
3.7770E-10 3.9550E-10 4.1384E-10 4.3271E-10 4.5208E-10 4.7223E-10 4.9261E-10 5.1347E-10 5.3480E-10 5.5657E-10 5.7878E-10 6.0140E-10 6.2443E-10 6.4784E-10 6.7165E-10 6.9581E-10 7.2029E-10 7.4510E-10 7.7020E-10 7.9553E-10 8.2113E-10 8.4693E-10 8.7290E-10 8.9905E-10 9.2533E-10 9.5144E-10 9.7765E-10 1.0043E-09 1.0310E-09 1.0577E-09 1.0845E-09 1.1113E-09 1.1380E-09 1.1643E-09 1.1908E-09 1.2172E-09 1.2430E-09 1.2691E-09 1.2949E-09 1.3223E-09 1.3491E-09 1.3757E-09 1.4017E-09 1.4277E-09 1.4531E-09 1.4765E-09 1.4994E-09 1.5219E-09 1.5438E-09 1.5656E-09 1.5869E-09 1.6076E-09 1.6282E-09 1.6487E-09 1.6680E-09 1.6867E-09 1.7046E-09
