Assets/Resources/2015_m01_d25_0000(utc+0800)_l00_csi_1hr_conc.grd
DSAA
         159         159
     -79.000      79.000
     -79.000      79.000
  0.0000E+00  0.2451E-05
[rows 25 to 49 of 159, columns 0 to 56 of 159]
2.6239E-09 2.8871E-09 3.1657E-09 3.4630E-09 3.7794E-09 4.1141E-09 4.4710E-09 4.8479E-09 5.2491E-09 5.6758E-09 6.1282E-09 6.6087E-09 7.1199E-09 7.6599E-09 8.2296E-09 8.8320E-09 9.4604E-09 1.0116E-08 1.0792E-08 1.1482E-08 1.2181E-08 1.2876E-08 1.3555E-08 1.4208E-08 1.4818E-08 1.5369E-08 1.5846E-08 1.6232E-08 1.6514E-08 1.6681E-08 1.6724E-08 1.6637E-08 1.6415E-08 1.6067E-08 1.5593E-08 1.5002E-08 1.4306E-08 1.3522E-08 1.2666E-08 1.1752E-08 1.0802E-08 9.8326E-09 8.8616E-09 7.9045E-09 6.9739E-09 6.0841E-09 5.2459E-09 4.4678E-09 3.7545E-09 3.1117E-09 2.5406E-09 2.0402E-09 1.6046E-09 1.2326E-09 9.2015E-10 6.4810E-10 4.3530E-10
2.3534E-09 2.5936E-09 2.8488E-09 3.1220E-09 3.4135E-09 3.7232E-09 4.0542E-09 4.4060E-09 4.7815E-09 5.1839E-09 5.6130E-09 6.0707E-09 6.5616E-09 7.0836E-09 7.6384E-09 8.2298E-09 8.8514E-09 9.5056E-09 1.0187E-08 1.0890E-08 1.1609E-08 1.2333E-08 1.3050E-08 1.3752E-08 1.4417E-08 1.5034E-08 1.5584E-08 1.6052E-08 1.6422E-08 1.6681E-08 1.6820E-08 1.6828E-08 1.6706E-08 1.6449E-08 1.6060E-08 1.5550E-08 1.4928E-08 1.4206E-08 1.3398E-08 1.2525E-08 1.1603E-08 1.0647E-08 9.6755E-09 8.7057E-09 7.7532E-09 6.8302E-09 5.9490E-09 5.1183E-09 4.3478E-09 3.6419E-09 3.0072E-09 2.4437E-09 1.9499E-09 1.5179E-09 1.1492E-09 8.3810E-10 5.8116E-10
2.0946E-09 2.3125E-09 2.5451E-09 2.7942E-09 3.0608E-09 3.3441E-09 3.6491E-09 3.9742E-09 4.3227E-09 4.6989E-09 5.1012E-09 5.5334E-09 6.0008E-09 6.4996E-09 7.0344E-09 7.6081E-09 8.2172E-09 8.8621E-09 9.5413E-09 1.0249E-08 1.0979E-08 1.1722E-08 1.2469E-08 1.3207E-08 1.3920E-08 1.4596E-08 1.5212E-08 1.5755E-08 1.6208E-08 1.6559E-08 1.6792E-08 1.6899E-08 1.6877E-08 1.6717E-08 1.6426E-08 1.6007E-08 1.5468E-08 1.4820E-08 1.4082E-08 1.3265E-08 1.2384E-08 1.1457E-08 1.0503E-08 9.5366E-09 8.5726E-09 7.6250E-09 6.7067E-09 5.8293E-09 5.0026E-09 4.2338E-09 3.5338E-09 2.9030E-09 2.3440E-09 1.8509E-09 1.4234E-09 1.0651E-09 7.5179E-10
1.8489E-09 2.0466E-09 2.2570E-09 2.4824E-09 2.7235E-09 2.9812E-09 3.2592E-09 3.5570E-09 3.8780E-09 4.2257E-09 4.6002E-09 5.0038E-09 5.4444E-09 5.9159E-09 6.4264E-09 6.9777E-09 7.5672E-09 8.1965E-09 8.8653E-09 9.5680E-09 1.0299E-08 1.1053E-08 1.1818E-08 1.2584E-08 1.3335E-08 1.4057E-08 1.4731E-08 1.5343E-08 1.5874E-08 1.6309E-08 1.6635E-08 1.6843E-08 1.6919E-08 1.6864E-08 1.6674E-08 1.6355E-08 1.5911E-08 1.5355E-08 1.4697E-08 1.3948E-08 1.3128E-08 1.2250E-08 1.1330E-08 1.0382E-08 9.4198E-09 8.4617E-09 7.5190E-09 6.6046E-09 5.7287E-09 4.9033E-09 4.1355E-09 3.4349E-09 2.8044E-09 2.2457E-09 1.7565E-09 1.3325E-09 9.6737E-10
1.6222E-09 1.7952E-09 1.9846E-09 2.1873E-09 2.4044E-09 2.6366E-09 2.8880E-09 3.1592E-09 3.4512E-09 3.7701E-09 4.1148E-09 4.4885E-09 4.8992E-09 5.3410E-09 5.8226E-09 6.3468E-09 6.9113E-09 7.5185E-09 8.1702E-09 8.8584E-09 9.5834E-09 1.0337E-08 1.1108E-08 1.1892E-08 1.2669E-08 1.3428E-08 1.4151E-08 1.4820E-08 1.5420E-08 1.5934E-08 1.6349E-08 1.6649E-08 1.6825E-08 1.6875E-08 1.6794E-08 1.6580E-08 1.6242E-08 1.5787E-08 1.5222E-08 1.4562E-08 1.3820E-08 1.3006E-08 1.2135E-08 1.1223E-08 1.0286E-08 9.3338E-09 8.3801E-09 7.4378E-09 6.5197E-09 5.6395E-09 4.8078E-09 4.0369E-09 3.3298E-09 2.6952E-09 2.1342E-09 1.6478E-09 1.2282E-09
1.4130E-09 1.5626E-09 1.7283E-09 1.9107E-09 2.1051E-09 2.3129E-09 2.5392E-09 2.7827E-09 3.0468E-09 3.3359E-09 3.6508E-09 3.9928E-09 4.3716E-09 4.7819E-09 5.2309E-09 5.7249E-09 6.2589E-09 6.8381E-09 7.4648E-09 8.1323E-09 8.8409E-09 9.5843E-09 1.0353E-08 1.1143E-08 1.1934E-08 1.2718E-08 1.3478E-08 1.4194E-08 1.4854E-08 1.5437E-08 1.5931E-08 1.6320E-08 1.6596E-08 1.6749E-08 1.6772E-08 1.6671E-08 1.6446E-08 1.6100E-08 1.5643E-08 1.5085E-08 1.4433E-08 1.3702E-08 1.2904E-08 1.2051E-08 1.1152E-08 1.0221E-08 9.2731E-09 8.3195E-09 7.3744E-09 6.4493E-09 5.5605E-09 4.7179E-09 3.9348E-09 3.2222E-09 2.5845E-09 2.0223E-09 1.5397E-09
1.2231E-09 1.3519E-09 1.4927E-09 1.6527E-09 1.8272E-09 2.0131E-09 2.2142E-09 2.4314E-09 2.6672E-09 2.9273E-09 3.2116E-09 3.5217E-09 3.8680E-09 4.2445E-09 4.6590E-09 5.1191E-09 5.6189E-09 6.1658E-09 6.7606E-09 7.3998E-09 8.0849E-09 8.8084E-09 9.5648E-09 1.0348E-08 1.1143E-08 1.1940E-08 1.2724E-08 1.3474E-08 1.4182E-08 1.4825E-08 1.5389E-08 1.5859E-08 1.6224E-08 1.6475E-08 1.6608E-08 1.6620E-08 1.6508E-08 1.6280E-08 1.5941E-08 1.5495E-08 1.4952E-08 1.4323E-08 1.3614E-08 1.2835E-08 1.1997E-08 1.1114E-08 1.0191E-08 9.2412E-09 8.2806E-09 7.3218E-09 6.3815E-09 5.4736E-09 4.6145E-09 3.8161E-09 3.0919E-09 2.4529E-09 1.8968E-09
1.0506E-09 1.1611E-09 1.2828E-09 1.4178E-09 1.5704E-09 1.7358E-09 1.9138E-09 2.1058E-09 2.3149E-09 2.5465E-09 2.8008E-09 3.0798E-09 3.3922E-09 3.7350E-09 4.1129E-09 4.5374E-09 4.9996E-09 5.5095E-09 6.0685E-09 6.6729E-09 7.3262E-09 8.0218E-09 8.7558E-09 9.5234E-09 1.0309E-08 1.1107E-08 1.1902E-08 1.2675E-08 1.3418E-08 1.4106E-08 1.4727E-08 1.5268E-08 1.5716E-08 1.6060E-08 1.6294E-08 1.6414E-08 1.6421E-08 1.6317E-08 1.6099E-08 1.5776E-08 1.5358E-08 1.4842E-08 1.4241E-08 1.3560E-08 1.2808E-08 1.1988E-08 1.1110E-08 1.0187E-08 9.2288E-09 8.2524E-09 7.2724E-09 6.3067E-09 5.3739E-09 4.4932E-09 3.6832E-09 2.9510E-09 2.3049E-09
8.9375E-10 9.8967E-10 1.0913E-09 1.2070E-09 1.3362E-09 1.4794E-09 1.6377E-09 1.8066E-09 1.9911E-09 2.1955E-09 2.4214E-09 2.6689E-09 2.9490E-09 3.2568E-09 3.5990E-09 3.9846E-09 4.4082E-09 4.8773E-09 5.3963E-09 5.9620E-09 6.5762E-09 7.2379E-09 7.9392E-09 8.6813E-09 9.4477E-09 1.0234E-08 1.1029E-08 1.1809E-08 1.2571E-08 1.3293E-08 1.3960E-08 1.4560E-08 1.5077E-08 1.5504E-08 1.5834E-08 1.6060E-08 1.6182E-08 1.6196E-08 1.6107E-08 1.5918E-08 1.5629E-08 1.5243E-08 1.4768E-08 1.4203E-08 1.3553E-08 1.2821E-08 1.2015E-08 1.1141E-08 1.0208E-08 9.2321E-09 8.2272E-09 7.2145E-09 6.2159E-09 5.2536E-09 4.3482E-09 3.5202E-09 2.7838E-09
7.5512E-10 8.3543E-10 9.2419E-10 1.0173E-09 1.1290E-09 1.2488E-09 1.3855E-09 1.5347E-09 1.6970E-09 1.8765E-09 2.0743E-09 2.2926E-09 2.5405E-09 2.8143E-09 3.1201E-09 3.4670E-09 3.8505E-09 4.2772E-09 4.7530E-09 5.2749E-09 5.8462E-09 6.4666E-09 7.1291E-09 7.8365E-09 8.5733E-09 9.3361E-09 1.0116E-08 1.0892E-08 1.1661E-08 1.2403E-08 1.3099E-08 1.3744E-08 1.4318E-08 1.4820E-08 1.5231E-08 1.5555E-08 1.5785E-08 1.5919E-08 1.5959E-08 1.5902E-08 1.5750E-08 1.5507E-08 1.5170E-08 1.4738E-08 1.4213E-08 1.3594E-08 1.2881E-08 1.2078E-08 1.1195E-08 1.0239E-08 9.2298E-09 8.1852E-09 7.1305E-09 6.0929E-09 5.0993E-09 4.1751E-09 3.3327E-09
6.3081E-10 7.0109E-10 7.7420E-10 8.5482E-10 9.4183E-10 1.0473E-09 1.1612E-09 1.2891E-09 1.4319E-09 1.5880E-09 1.7603E-09 1.9509E-09 2.1682E-09 2.4096E-09 2.6793E-09 2.9877E-09 3.3308E-09 3.7143E-09 4.1462E-09 4.6207E-09 5.1458E-09 5.7191E-09 6.3367E-09 7.0019E-09 7.6995E-09 8.4300E-09 9.1845E-09 9.9433E-09 1.0704E-08 1.1452E-08 1.2162E-08 1.2840E-08 1.3458E-08 1.4015E-08 1.4500E-08 1.4912E-08 1.5239E-08 1.5485E-08 1.5647E-08 1.5722E-08 1.5715E-08 1.5617E-08 1.5427E-08 1.5145E-08 1.4763E-08 1.4277E-08 1.3681E-08 1.2978E-08 1.2170E-08 1.1263E-08 1.0273E-08 9.2169E-09 8.1221E-09 7.0195E-09 5.9376E-09 4.9098E-09 3.9625E-09
5.2380E-10 5.8055E-10 6.4347E-10 7.0916E-10 7.8145E-10 8.6445E-10 9.6365E-10 1.0712E-09 1.1914E-09 1.3291E-09 1.4778E-09 1.6444E-09 1.8326E-09 2.0432E-09 2.2787E-09 2.5499E-09 2.8529E-09 3.1930E-09 3.5792E-09 4.0067E-09 4.4817E-09 5.0054E-09 5.5723E-09 6.1893E-09 6.8413E-09 7.5299E-09 8.2499E-09 8.9790E-09 9.7212E-09 1.0460E-08 1.1172E-08 1.1863E-08 1.2512E-08 1.3111E-08 1.3655E-08 1.4136E-08 1.4549E-08 1.4898E-08 1.5175E-08 1.5378E-08 1.5509E-08 1.5559E-08 1.5528E-08 1.5404E-08 1.5179E-08 1.4844E-08 1.4391E-08 1.3814E-08 1.3108E-08 1.2277E-08 1.1328E-08 1.0281E-08 9.1653E-09 8.0085E-09 6.8499E-09 5.7271E-09 4.6717E-09
4.2988E-10 4.7789E-10 5.2888E-10 5.8499E-10 6.4363E-10 7.0933E-10 7.8789E-10 8.8335E-10 9.8191E-10 1.0974E-09 1.2274E-09 1.3713E-09 1.5339E-09 1.7150E-09 1.9186E-09 2.1542E-09 2.4182E-09 2.7166E-09 3.0567E-09 3.4364E-09 3.8605E-09 4.3326E-09 4.8469E-09 5.4106E-09 6.0126E-09 6.6524E-09 7.3284E-09 8.0192E-09 8.7300E-09 9.4459E-09 1.0146E-08 1.0838E-08 1.1501E-08 1.2124E-08 1.2710E-08 1.3246E-08 1.3735E-08 1.4170E-08 1.4546E-08 1.4871E-08 1.5133E-08 1.5330E-08 1.5455E-08 1.5494E-08 1.5439E-08 1.5274E-08 1.4985E-08 1.4557E-08 1.3980E-08 1.3252E-08 1.2380E-08 1.1376E-08 1.0263E-08 9.0753E-09 7.8544E-09 6.6388E-09 5.4717E-09
3.4655E-10 3.8725E-10 4.2910E-10 4.7502E-10 5.2399E-10 5.7720E-10 6.3489E-10 7.1059E-10 8.0155E-10 8.9504E-10 1.0044E-09 1.1288E-09 1.2691E-09 1.4232E-09 1.5970E-09 1.7989E-09 2.0266E-09 2.2843E-09 2.5811E-09 2.9132E-09 3.2881E-09 3.7078E-09 4.1685E-09 4.6775E-09 5.2241E-09 5.8114E-09 6.4358E-09 7.0804E-09 7.7496E-09 8.4324E-09 9.1075E-09 9.7852E-09 1.0446E-08 1.1078E-08 1.1690E-08 1.2264E-08 1.2808E-08 1.3310E-08 1.3780E-08 1.4207E-08 1.4589E-08 1.4925E-08 1.5201E-08 1.5408E-08 1.5528E-08 1.5544E-08 1.5433E-08 1.5176E-08 1.4758E-08 1.4168E-08 1.3401E-08 1.2464E-08 1.1380E-08 1.0184E-08 8.9132E-09 7.6198E-09 6.3521E-09
2.7582E-10 3.0755E-10 3.4341E-10 3.7999E-10 4.2001E-10 4.6403E-10 5.1064E-10 5.6193E-10 6.3376E-10 7.1987E-10 8.0969E-10 9.1259E-10 1.0341E-09 1.1658E-09 1.3133E-09 1.4837E-09 1.6781E-09 1.8980E-09 2.1540E-09 2.4415E-09 2.7680E-09 3.1366E-09 3.5436E-09 3.9972E-09 4.4861E-09 5.0158E-09 5.5860E-09 6.1772E-09 6.7974E-09 7.4372E-09 8.0757E-09 8.7254E-09 9.3702E-09 9.9954E-09 1.0616E-08 1.1212E-08 1.1791E-08 1.2348E-08 1.2886E-08 1.3397E-08 1.3889E-08 1.4350E-08 1.4768E-08 1.5135E-08 1.5432E-08 1.5632E-08 1.5713E-08 1.5650E-08 1.5415E-08 1.4987E-08 1.4355E-08 1.3525E-08 1.2509E-08 1.1334E-08 1.0044E-08 8.6900E-09 7.3247E-09
2.1352E-10 2.4042E-10 2.6799E-10 2.9908E-10 3.3110E-10 3.6651E-10 4.0451E-10 4.4581E-10 4.9225E-10 5.5744E-10 6.4124E-10 7.2587E-10 8.2549E-10 9.4142E-10 1.0656E-09 1.2103E-09 1.3732E-09 1.5591E-09 1.7763E-09 2.0222E-09 2.3029E-09 2.6222E-09 2.9770E-09 3.3746E-09 3.8069E-09 4.2755E-09 4.7870E-09 5.3241E-09 5.8889E-09 6.4771E-09 7.0692E-09 7.6818E-09 8.2969E-09 8.9003E-09 9.5119E-09 1.0116E-08 1.0709E-08 1.1301E-08 1.1886E-08 1.2469E-08 1.3048E-08 1.3611E-08 1.4160E-08 1.4679E-08 1.5141E-08 1.5529E-08 1.5811E-08 1.5951E-08 1.5915E-08 1.5680E-08 1.5224E-08 1.4533E-08 1.3613E-08 1.2491E-08 1.1206E-08 9.8101E-09 8.3691E-09
1.6003E-10 1.8005E-10 2.0401E-10 2.2675E-10 2.5444E-10 2.8074E-10 3.1258E-10 3.4447E-10 3.8132E-10 4.2057E-10 4.8350E-10 5.6358E-10 6.4398E-10 7.4158E-10 8.5090E-10 9.7273E-10 1.1079E-09 1.2636E-09 1.4456E-09 1.6534E-09 1.8910E-09 2.1648E-09 2.4699E-09 2.8148E-09 3.1907E-09 3.6018E-09 4.0481E-09 4.5295E-09 5.0349E-09 5.5680E-09 6.1076E-09 6.6717E-09 7.2464E-09 7.8167E-09 8.4076E-09 8.9992E-09 9.5888E-09 1.0197E-08 1.0811E-08 1.1441E-08 1.2080E-08 1.2733E-08 1.3394E-08 1.4040E-08 1.4661E-08 1.5229E-08 1.5707E-08 1.6056E-08 1.6245E-08 1.6227E-08 1.5967E-08 1.5447E-08 1.4669E-08 1.3642E-08 1.2399E-08 1.0998E-08 9.4974E-09
1.1472E-10 1.3295E-10 1.4898E-10 1.7000E-10 1.8837E-10 2.1200E-10 2.3439E-10 2.6139E-10 2.8861E-10 3.1955E-10 3.5485E-10 4.1335E-10 4.8913E-10 5.6742E-10 6.5996E-10 7.6542E-10 8.7991E-10 1.0082E-09 1.1600E-09 1.3332E-09 1.5317E-09 1.7631E-09 2.0214E-09 2.3154E-09 2.6391E-09 2.9941E-09 3.3823E-09 3.7961E-09 4.2462E-09 4.7210E-09 5.2040E-09 5.7143E-09 6.2416E-09 6.7675E-09 7.3223E-09 7.8880E-09 8.4621E-09 9.0663E-09 9.6866E-09 1.0339E-08 1.1023E-08 1.1740E-08 1.2480E-08 1.3238E-08 1.3999E-08 1.4729E-08 1.5396E-08 1.5962E-08 1.6377E-08 1.6586E-08 1.6557E-08 1.6253E-08 1.5649E-08 1.4753E-08 1.3589E-08 1.2208E-08 1.0680E-08
7.9974E-11 9.2349E-11 1.0664E-10 1.2090E-10 1.3740E-10 1.5361E-10 1.7261E-10 1.9094E-10 2.1335E-10 2.3616E-10 2.6355E-10 2.9276E-10 3.4750E-10 4.1996E-10 4.9593E-10 5.8641E-10 6.8414E-10 7.9077E-10 9.1553E-10 1.0581E-09 1.2225E-09 1.4148E-09 1.6315E-09 1.8781E-09 2.1527E-09 2.4551E-09 2.7871E-09 3.1427E-09 3.5230E-09 3.9428E-09 4.3713E-09 4.8246E-09 5.2961E-09 5.7711E-09 6.2830E-09 6.8114E-09 7.3487E-09 7.9321E-09 8.5474E-09 9.2010E-09 9.9006E-09 1.0652E-08 1.1451E-08 1.2298E-08 1.3167E-08 1.4041E-08 1.4886E-08 1.5657E-08 1.6295E-08 1.6756E-08 1.6977E-08 1.6907E-08 1.6514E-08 1.5795E-08 1.4760E-08 1.3448E-08 1.1925E-08
5.0904E-11 6.1788E-11 7.1518E-11 8.3725E-11 9.5107E-11 1.0888E-10 1.2083E-10 1.3673E-10 1.5052E-10 1.6947E-10 1.8789E-10 2.1180E-10 2.3600E-10 2.8628E-10 3.5693E-10 4.3172E-10 5.1756E-10 6.0712E-10 7.0862E-10 8.2521E-10 9.5919E-10 1.1176E-09 1.2955E-09 1.5017E-09 1.7298E-09 1.9846E-09 2.2648E-09 2.5666E-09 2.8878E-09 3.2333E-09 3.6176E-09 4.0115E-09 4.4268E-09 4.8471E-09 5.3044E-09 5.7853E-09 6.2803E-09 6.8300E-09 7.4159E-09 8.0462E-09 8.7454E-09 9.5079E-09 1.0340E-08 1.1238E-08 1.2191E-08 1.3187E-08 1.4184E-08 1.5138E-08 1.6005E-08 1.6712E-08 1.7191E-08 1.7385E-08 1.7249E-08 1.6750E-08 1.5883E-08 1.4681E-08 1.3201E-08
2.6213E-11 3.6201E-11 4.5671E-11 5.4450E-11 6.3351E-11 7.2916E-11 8.3475E-11 9.3892E-11 1.0545E-10 1.1715E-10 1.3071E-10 1.4666E-10 1.6575E-10 1.8739E-10 2.3232E-10 3.0155E-10 3.7429E-10 4.5353E-10 5.3660E-10 6.3092E-10 7.4076E-10 8.6833E-10 1.0133E-09 1.1819E-09 1.3699E-09 1.5801E-09 1.8124E-09 2.0643E-09 2.3339E-09 2.6230E-09 2.9297E-09 3.2807E-09 3.6409E-09 4.0043E-09 4.4061E-09 4.8330E-09 5.2753E-09 5.7749E-09 6.3220E-09 6.9152E-09 7.5929E-09 8.3356E-09 9.1722E-09 1.0097E-08 1.1110E-08 1.2187E-08 1.3305E-08 1.4432E-08 1.5502E-08 1.6444E-08 1.7195E-08 1.7678E-08 1.7821E-08 1.7575E-08 1.6931E-08 1.5894E-08 1.4512E-08
9.6071E-12 1.5836E-11 2.2840E-11 3.1676E-11 3.8297E-11 4.5542E-11 5.3366E-11 6.1342E-11 6.9124E-11 7.8355E-11 8.6697E-11 9.7403E-11 1.1009E-10 1.2585E-10 1.4286E-10 1.8555E-10 2.5096E-10 3.2106E-10 3.9515E-10 4.7057E-10 5.5959E-10 6.6232E-10 7.7877E-10 9.1502E-10 1.0676E-09 1.2374E-09 1.4286E-09 1.6353E-09 1.8574E-09 2.0967E-09 2.3476E-09 2.6161E-09 2.9376E-09 3.2509E-09 3.5967E-09 3.9647E-09 4.3487E-09 4.7952E-09 5.2930E-09 5.8288E-09 6.4644E-09 7.1770E-09 7.9969E-09 8.9120E-09 9.9428E-09 1.1075E-08 1.2291E-08 1.3548E-08 1.4792E-08 1.5967E-08 1.6985E-08 1.7754E-08 1.8200E-08 1.8262E-08 1.7885E-08 1.7066E-08 1.5834E-08
1.1754E-12 3.5684E-12 7.6724E-12 1.2721E-11 1.9836E-11 2.5209E-11 3.0604E-11 3.6711E-11 4.2323E-11 4.8512E-11 5.5156E-11 6.1650E-11 6.9273E-11 7.9869E-11 9.2048E-11 1.0623E-10 1.4306E-10 2.0626E-10 2.7056E-10 3.3466E-10 4.0571E-10 4.8862E-10 5.8180E-10 6.9077E-10 8.1384E-10 9.5014E-10 1.1028E-09 1.2704E-09 1.4516E-09 1.6460E-09 1.8521E-09 2.0670E-09 2.3014E-09 2.5899E-09 2.8800E-09 3.1927E-09 3.5187E-09 3.9034E-09 4.3394E-09 4.8167E-09 5.3992E-09 6.0596E-09 6.8270E-09 7.7183E-09 8.7449E-09 9.8915E-09 1.1158E-08 1.2515E-08 1.3913E-08 1.5286E-08 1.6548E-08 1.7614E-08 1.8387E-08 1.8772E-08 1.8715E-08 1.8174E-08 1.7153E-08
2.1409E-14 0.0000E+00 3.5062E-13 1.9603E-12 5.2397E-12 1.0072E-11 1.4595E-11 1.8500E-11 2.3051E-11 2.6846E-11 3.1438E-11 3.6053E-11 4.0843E-11 4.5966E-11 5.4620E-11 6.4550E-11 7.6490E-11 1.0879E-10 1.6858E-10 2.2527E-10 2.8207E-10 3.4719E-10 4.2066E-10 5.0503E-10 6.0137E-10 7.1052E-10 8.2981E-10 9.6432E-10 1.1089E-09 1.2670E-09 1.4319E-09 1.6054E-09 1.7892E-09 1.9860E-09 2.2527E-09 2.5174E-09 2.7869E-09 3.1119E-09 3.4862E-09 3.8970E-09 4.4086E-09 5.0077E-09 5.7154E-09 6.5577E-09 7.5330E-09 8.6690E-09 9.9604E-09 1.1371E-08 1.2877E-08 1.4416E-08 1.5907E-08 1.7256E-08 1.8351E-08 1.9099E-08 1.9402E-08 1.9191E-08 1.8452E-08
0.0000E+00 0.0000E+00 0.0000E+00 0.0000E+00 0.0000E+00 8.5089E-13 2.8153E-12 6.2889E-12 9.2667E-12 1.2143E-11 1.5037E-11 1.7774E-11 2.1061E-11 2.4329E-11 2.7703E-11 3.5049E-11 4.1899E-11 5.3977E-11 8.0239E-11 1.3410E-10 1.8463E-10 2.3432E-10 2.9193E-10 3.5804E-10 4.3015E-10 5.1502E-10 6.0775E-10 7.0991E-10 8.2379E-10 9.4715E-10 1.0793E-09 1.2187E-09 1.3661E-09 1.5172E-09 1.6855E-09 1.9262E-09 2.1568E-09 2.4258E-09 2.7360E-09 3.0762E-09 3.5219E-09 4.0505E-09 4.6743E-09 5.4457E-09 6.3675E-09 7.4614E-09 8.7182E-09 1.0151E-08 1.1726E-08 1.3388E-08 1.5070E-08 1.6677E-08 1.8099E-08 1.9216E-08 1.9911E-08 2.0098E-08 1.9707E-08
