Assets/Resources/2015_m01_d02_1500(utc+0800)_l00_csi_1hr_conc.grd
DSAA
         159         159
     -79.000      79.000
     -79.000      79.000
  0.0000E+00  0.8097E-05
[rows 0 to 24 of 159, columns 0 to 56 of 159]
0.0000E+00 0.0000E+00 0.0000E+00 0.0000E+00 0.0000E+00 0.0000E+00 0.0000E+00 0.0000E+00 0.0000E+00 0.0000E+00 0.0000E+00 0.0000E+00 0.0000E+00 0.0000E+00 1.4288E-12 2.1587E-12 4.0369E-12 6.4835E-12 1.1192E-11 1.6136E-11 2.2255E-11 3.0985E-11 4.0120E-11 5.3524E-11 7.0380E-11 9.0145E-11 1.1461E-10 1.4289E-10 1.7818E-10 2.1974E-10 2.6678E-10 3.2451E-10 3.9042E-10 4.6443E-10 5.4991E-10 6.4792E-10 7.5864E-10 8.8185E-10 1.0189E-09 1.1704E-09 1.3371E-09 1.5176E-09 1.7135E-09 1.9251E-09 2.1506E-09 2.3875E-09 2.6353E-09 2.8934E-09 3.1595E-09 3.4314E-09 3.7060E-09 3.9809E-09 4.2536E-09 4.5213E-09 4.7811E-09 5.0305E-09 5.2665E-09
0.0000E+00 0.0000E+00 0.0000E+00 0.0000E+00 0.0000E+00 0.0000E+00 0.0000E+00 0.0000E+00 0.0000E+00 0.0000E+00 0.0000E+00 0.0000E+00 0.0000E+00 0.0000E+00 1.7401E-12 2.5776E-12 4.6952E-12 8.0390E-12 1.3313E-11 1.8520E-11 2.6049E-11 3.5127E-11 4.5133E-11 6.0537E-11 7.8098E-11 9.9817E-11 1.2654E-10 1.5760E-10 1.9600E-10 2.3992E-10 2.9266E-10 3.5464E-10 4.2422E-10 5.0498E-10 5.9691E-10 7.0110E-10 8.1947E-10 9.5222E-10 1.0982E-09 1.2583E-09 1.4356E-09 1.6299E-09 1.8395E-09 2.0633E-09 2.3011E-09 2.5524E-09 2.8160E-09 3.0894E-09 3.3696E-09 3.6547E-09 3.9421E-09 4.2294E-09 4.5135E-09 4.7917E-09 5.0606E-09 5.3172E-09 5.5587E-09
0.0000E+00 0.0000E+00 0.0000E+00 0.0000E+00 0.0000E+00 0.0000E+00 0.0000E+00 0.0000E+00 0.0000E+00 0.0000E+00 0.0000E+00 0.0000E+00 0.0000E+00 0.0000E+00 2.0535E-12 3.0091E-12 5.4942E-12 9.6761E-12 1.5155E-11 2.1263E-11 2.9842E-11 3.9014E-11 5.0572E-11 6.7349E-11 8.6005E-11 1.1013E-10 1.3894E-10 1.7280E-10 2.1379E-10 2.6147E-10 3.1927E-10 3.8452E-10 4.6022E-10 5.4681E-10 6.4420E-10 7.5623E-10 8.8330E-10 1.0238E-09 1.1785E-09 1.3499E-09 1.5391E-09 1.7442E-09 1.9645E-09 2.2019E-09 2.4551E-09 2.7210E-09 2.9976E-09 3.2839E-09 3.5780E-09 3.8774E-09 4.1785E-09 4.4779E-09 4.7726E-09 5.0595E-09 5.3358E-09 5.5983E-09 5.8442E-09
0.0000E+00 0.0000E+00 0.0000E+00 0.0000E+00 0.0000E+00 0.0000E+00 0.0000E+00 0.0000E+00 0.0000E+00 0.0000E+00 0.0000E+00 0.0000E+00 0.0000E+00 0.0000E+00 2.2377E-12 3.4450E-12 6.4685E-12 1.1301E-11 1.6951E-11 2.4182E-11 3.3399E-11 4.3272E-11 5.6258E-11 7.3963E-11 9.4086E-11 1.2089E-10 1.5153E-10 1.8787E-10 2.3231E-10 2.8418E-10 3.4566E-10 4.1604E-10 4.9726E-10 5.8851E-10 6.9331E-10 8.1314E-10 9.4779E-10 1.0967E-09 1.2619E-09 1.4435E-09 1.6426E-09 1.8593E-09 2.0942E-09 2.3453E-09 2.6107E-09 2.8891E-09 3.1803E-09 3.4816E-09 3.7900E-09 4.1021E-09 4.4151E-09 4.7257E-09 5.0307E-09 5.3265E-09 5.6098E-09 5.8775E-09 6.1266E-09
0.0000E+00 0.0000E+00 0.0000E+00 0.0000E+00 0.0000E+00 0.0000E+00 0.0000E+00 0.0000E+00 0.0000E+00 0.0000E+00 0.0000E+00 0.0000E+00 0.0000E+00 0.0000E+00 2.3948E-12 3.9271E-12 7.5125E-12 1.2729E-11 1.9060E-11 2.7115E-11 3.6579E-11 4.7826E-11 6.1843E-11 8.0237E-11 1.0277E-10 1.3162E-10 1.6393E-10 2.0390E-10 2.5145E-10 3.0654E-10 3.7290E-10 4.4815E-10 5.3354E-10 6.3119E-10 7.4379E-10 8.7065E-10 1.0129E-09 1.1714E-09 1.3462E-09 1.5380E-09 1.7496E-09 1.9791E-09 2.2254E-09 2.4880E-09 2.7678E-09 3.0617E-09 3.3670E-09 3.6809E-09 4.0019E-09 4.3271E-09 4.6527E-09 4.9750E-09 5.2897E-09 5.5934E-09 5.8824E-09 6.1538E-09 6.4044E-09
0.0000E+00 0.0000E+00 0.0000E+00 0.0000E+00 0.0000E+00 0.0000E+00 0.0000E+00 0.0000E+00 0.0000E+00 0.0000E+00 0.0000E+00 0.0000E+00 0.0000E+00 0.0000E+00 2.5228E-12 4.2944E-12 8.5015E-12 1.3996E-11 2.1105E-11 2.9490E-11 3.9759E-11 5.2272E-11 6.6894E-11 8.6523E-11 1.1137E-10 1.4160E-10 1.7660E-10 2.2000E-10 2.7012E-10 3.2941E-10 4.0038E-10 4.7912E-10 5.7015E-10 6.7510E-10 7.9417E-10 9.2796E-10 1.0790E-09 1.2470E-09 1.4313E-09 1.6343E-09 1.8569E-09 2.0976E-09 2.3567E-09 2.6340E-09 2.9269E-09 3.2329E-09 3.5508E-09 3.8788E-09 4.2136E-09 4.5511E-09 4.8875E-09 5.2194E-09 5.5427E-09 5.8535E-09 6.1480E-09 6.4223E-09 6.6734E-09
0.0000E+00 0.0000E+00 0.0000E+00 0.0000E+00 0.0000E+00 0.0000E+00 0.0000E+00 0.0000E+00 0.0000E+00 0.0000E+00 0.0000E+00 0.0000E+00 0.0000E+00 0.0000E+00 2.5956E-12 4.6407E-12 9.2806E-12 1.5287E-11 2.3079E-11 3.1491E-11 4.2816E-11 5.6394E-11 7.1531E-11 9.3138E-11 1.1951E-10 1.5123E-10 1.8994E-10 2.3549E-10 2.8871E-10 3.5268E-10 4.2684E-10 5.0983E-10 6.0754E-10 7.1819E-10 8.4366E-10 9.8613E-10 1.1457E-09 1.3222E-09 1.5166E-09 1.7309E-09 1.9648E-09 2.2185E-09 2.4904E-09 2.7793E-09 3.0845E-09 3.4048E-09 3.7371E-09 4.0778E-09 4.4239E-09 4.7722E-09 5.1192E-09 5.4604E-09 5.7916E-09 6.1086E-09 6.4073E-09 6.6839E-09 6.9348E-09
0.0000E+00 0.0000E+00 0.0000E+00 0.0000E+00 0.0000E+00 0.0000E+00 0.0000E+00 0.0000E+00 0.0000E+00 0.0000E+00 0.0000E+00 0.0000E+00 0.0000E+00 0.0000E+00 2.6422E-12 4.9772E-12 9.7462E-12 1.6347E-11 2.4546E-11 3.3231E-11 4.5482E-11 5.9783E-11 7.6226E-11 9.9295E-11 1.2669E-10 1.6106E-10 2.0239E-10 2.5019E-10 3.0740E-10 3.7464E-10 4.5226E-10 5.4103E-10 6.4356E-10 7.6019E-10 8.9369E-10 1.0437E-09 1.2108E-09 1.3974E-09 1.6029E-09 1.8275E-09 2.0727E-09 2.3375E-09 2.6215E-09 2.9240E-09 3.2436E-09 3.5766E-09 3.9204E-09 4.2733E-09 4.6315E-09 4.9911E-09 5.3481E-09 5.6979E-09 6.0362E-09 6.3584E-09 6.6605E-09 6.9382E-09 7.1880E-09
0.0000E+00 0.0000E+00 0.0000E+00 0.0000E+00 0.0000E+00 0.0000E+00 0.0000E+00 0.0000E+00 0.0000E+00 0.0000E+00 0.0000E+00 0.0000E+00 0.0000E+00 0.0000E+00 2.6277E-12 5.2182E-12 1.0097E-11 1.7231E-11 2.5750E-11 3.4859E-11 4.7756E-11 6.2575E-11 8.0538E-11 1.0477E-10 1.3362E-10 1.7052E-10 2.1379E-10 2.6460E-10 3.2511E-10 3.9562E-10 4.7738E-10 5.7086E-10 6.7851E-10 8.0189E-10 9.4203E-10 1.0994E-09 1.2759E-09 1.4724E-09 1.6873E-09 1.9226E-09 2.1797E-09 2.4571E-09 2.7546E-09 3.0696E-09 3.4010E-09 3.7474E-09 4.1050E-09 4.4707E-09 4.8405E-09 5.2105E-09 5.5764E-09 5.9341E-09 6.2787E-09 6.6053E-09 6.9096E-09 7.1873E-09 7.4346E-09
0.0000E+00 0.0000E+00 0.0000E+00 0.0000E+00 0.0000E+00 0.0000E+00 0.0000E+00 0.0000E+00 0.0000E+00 0.0000E+00 0.0000E+00 0.0000E+00 0.0000E+00 0.0000E+00 2.6679E-12 5.4001E-12 1.0358E-11 1.7898E-11 2.6538E-11 3.6208E-11 4.9299E-11 6.5199E-11 8.4266E-11 1.0934E-10 1.4037E-10 1.7912E-10 2.2415E-10 2.7802E-10 3.4173E-10 4.1514E-10 5.0117E-10 5.9955E-10 7.1212E-10 8.4161E-10 9.8856E-10 1.1544E-09 1.3397E-09 1.5446E-09 1.7706E-09 2.0177E-09 2.2857E-09 2.5747E-09 2.8837E-09 3.2115E-09 3.5565E-09 3.9161E-09 4.2858E-09 4.6630E-09 5.0441E-09 5.4245E-09 5.7995E-09 6.1642E-09 6.5141E-09 6.8441E-09 7.1495E-09 7.4261E-09 7.6699E-09
0.0000E+00 0.0000E+00 0.0000E+00 0.0000E+00 0.0000E+00 0.0000E+00 0.0000E+00 0.0000E+00 0.0000E+00 0.0000E+00 0.0000E+00 0.0000E+00 0.0000E+00 0.0000E+00 2.6813E-12 5.4698E-12 1.0441E-11 1.8293E-11 2.7070E-11 3.7245E-11 5.0529E-11 6.7425E-11 8.7414E-11 1.1327E-10 1.4636E-10 1.8662E-10 2.3360E-10 2.9026E-10 3.5676E-10 4.3377E-10 5.2335E-10 6.2621E-10 7.4432E-10 8.7976E-10 1.0337E-09 1.2074E-09 1.4011E-09 1.6162E-09 1.8526E-09 2.1095E-09 2.3889E-09 2.6904E-09 3.0126E-09 3.3532E-09 3.7099E-09 4.0811E-09 4.4640E-09 4.8538E-09 5.2463E-09 5.6365E-09 6.0197E-09 6.3906E-09 6.7448E-09 7.0773E-09 7.3830E-09 7.6573E-09 7.8964E-09
0.0000E+00 0.0000E+00 0.0000E+00 0.0000E+00 0.0000E+00 0.0000E+00 0.0000E+00 0.0000E+00 0.0000E+00 0.0000E+00 0.0000E+00 0.0000E+00 0.0000E+00 0.0000E+00 2.6670E-12 5.4849E-12 1.0445E-11 1.8484E-11 2.7342E-11 3.7832E-11 5.1386E-11 6.9164E-11 8.9892E-11 1.1667E-10 1.5133E-10 1.9298E-10 2.4205E-10 3.0112E-10 3.6995E-10 4.5057E-10 5.4377E-10 6.5124E-10 7.7460E-10 9.1598E-10 1.0766E-09 1.2582E-09 1.4608E-09 1.6847E-09 1.9310E-09 2.1998E-09 2.4916E-09 2.8049E-09 3.1385E-09 3.4912E-09 3.8617E-09 4.2465E-09 4.6418E-09 5.0428E-09 5.4460E-09 5.8464E-09 6.2382E-09 6.6159E-09 6.9741E-09 7.3079E-09 7.6128E-09 7.8838E-09 8.1170E-09
0.0000E+00 0.0000E+00 0.0000E+00 0.0000E+00 0.0000E+00 0.0000E+00 0.0000E+00 0.0000E+00 0.0000E+00 0.0000E+00 0.0000E+00 0.0000E+00 0.0000E+00 0.0000E+00 2.6249E-12 5.4439E-12 1.0305E-11 1.8459E-11 2.7328E-11 3.8008E-11 5.1900E-11 7.0474E-11 9.1576E-11 1.1956E-10 1.5545E-10 1.9807E-10 2.4922E-10 3.1029E-10 3.8216E-10 4.6575E-10 5.6226E-10 6.7440E-10 8.0248E-10 9.4976E-10 1.1176E-09 1.3064E-09 1.5171E-09 1.7506E-09 2.0080E-09 2.2878E-09 2.5898E-09 2.9148E-09 3.2616E-09 3.6285E-09 4.0113E-09 4.4076E-09 4.8145E-09 5.2274E-09 5.6416E-09 6.0516E-09 6.4512E-09 6.8350E-09 7.1969E-09 7.5317E-09 7.8349E-09 8.1016E-09 8.3279E-09
0.0000E+00 0.0000E+00 0.0000E+00 0.0000E+00 0.0000E+00 0.0000E+00 0.0000E+00 0.0000E+00 0.0000E+00 0.0000E+00 0.0000E+00 0.0000E+00 0.0000E+00 0.0000E+00 2.5205E-12 5.3297E-12 9.9842E-12 1.8280E-11 2.6933E-11 3.7845E-11 5.1857E-11 7.1398E-11 9.2877E-11 1.2149E-10 1.5827E-10 2.0229E-10 2.5487E-10 3.1795E-10 3.9249E-10 4.7898E-10 5.7884E-10 6.9474E-10 8.2839E-10 9.8113E-10 1.1551E-09 1.3516E-09 1.5708E-09 1.8134E-09 2.0803E-09 2.3707E-09 2.6849E-09 3.0227E-09 3.3817E-09 3.7602E-09 4.1555E-09 4.5652E-09 4.9849E-09 5.4088E-09 5.8326E-09 6.2510E-09 6.6584E-09 7.0481E-09 7.4138E-09 7.7496E-09 8.0502E-09 8.3117E-09 8.5300E-09
0.0000E+00 0.0000E+00 0.0000E+00 0.0000E+00 0.0000E+00 0.0000E+00 0.0000E+00 0.0000E+00 0.0000E+00 0.0000E+00 0.0000E+00 0.0000E+00 0.0000E+00 0.0000E+00 2.0660E-12 5.1621E-12 9.5019E-12 1.7880E-11 2.6166E-11 3.7462E-11 5.1343E-11 7.1542E-11 9.3705E-11 1.2292E-10 1.5985E-10 2.0531E-10 2.5933E-10 3.2383E-10 4.0112E-10 4.8973E-10 5.9304E-10 7.1290E-10 8.5095E-10 1.0091E-09 1.1899E-09 1.3931E-09 1.6204E-09 1.8718E-09 2.1486E-09 2.4507E-09 2.7761E-09 3.1250E-09 3.4966E-09 3.8889E-09 4.2986E-09 4.7205E-09 5.1515E-09 5.5873E-09 6.0218E-09 6.4494E-09 6.8640E-09 7.2592E-09 7.6284E-09 7.9653E-09 8.2640E-09 8.5200E-09 8.7295E-09
0.0000E+00 0.0000E+00 0.0000E+00 0.0000E+00 0.0000E+00 0.0000E+00 0.0000E+00 0.0000E+00 0.0000E+00 0.0000E+00 0.0000E+00 0.0000E+00 0.0000E+00 0.0000E+00 1.5012E-12 4.9509E-12 8.9724E-12 1.7271E-11 2.5152E-11 3.6785E-11 5.0762E-11 7.0981E-11 9.3743E-11 1.2333E-10 1.6141E-10 2.0671E-10 2.6205E-10 3.2827E-10 4.0779E-10 4.9842E-10 6.0497E-10 7.2792E-10 8.7090E-10 1.0343E-09 1.2208E-09 1.4305E-09 1.6658E-09 1.9266E-09 2.2125E-09 2.5244E-09 2.8616E-09 3.2233E-09 3.6086E-09 4.0134E-09 4.4349E-09 4.8698E-09 5.3138E-09 5.7615E-09 6.2059E-09 6.6418E-09 7.0629E-09 7.4626E-09 7.8346E-09 8.1719E-09 8.4685E-09 8.7189E-09 8.9193E-09
0.0000E+00 0.0000E+00 0.0000E+00 0.0000E+00 0.0000E+00 0.0000E+00 0.0000E+00 0.0000E+00 0.0000E+00 0.0000E+00 0.0000E+00 0.0000E+00 0.0000E+00 0.0000E+00 9.7348E-13 4.0436E-12 8.3413E-12 1.5898E-11 2.4007E-11 3.5368E-11 4.9622E-11 7.0065E-11 9.3481E-11 1.2264E-10 1.6185E-10 2.0740E-10 2.6377E-10 3.3067E-10 4.1268E-10 5.0504E-10 6.1415E-10 7.4058E-10 8.8757E-10 1.0560E-09 1.2475E-09 1.4641E-09 1.7070E-09 1.9755E-09 2.2708E-09 2.5938E-09 2.9431E-09 3.3168E-09 3.7132E-09 4.1307E-09 4.5666E-09 5.0150E-09 5.4708E-09 5.9293E-09 6.3843E-09 6.8290E-09 7.2569E-09 7.6610E-09 8.0348E-09 8.3718E-09 8.6655E-09 8.9104E-09 9.1019E-09
0.0000E+00 0.0000E+00 0.0000E+00 0.0000E+00 0.0000E+00 0.0000E+00 0.0000E+00 0.0000E+00 0.0000E+00 0.0000E+00 0.0000E+00 0.0000E+00 0.0000E+00 0.0000E+00 4.5969E-13 3.2175E-12 7.6544E-12 1.4475E-11 2.2646E-11 3.3651E-11 4.8187E-11 6.8596E-11 9.2747E-11 1.2149E-10 1.6101E-10 2.0668E-10 2.6424E-10 3.3181E-10 4.1517E-10 5.0948E-10 6.2137E-10 7.5033E-10 9.0085E-10 1.0738E-09 1.2705E-09 1.4935E-09 1.7422E-09 2.0196E-09 2.3245E-09 2.6571E-09 3.0168E-09 3.4022E-09 3.8120E-09 4.2436E-09 4.6916E-09 5.1523E-09 5.6208E-09 6.0913E-09 6.5572E-09 7.0105E-09 7.4450E-09 7.8536E-09 8.2292E-09 8.5651E-09 8.8554E-09 9.0943E-09 9.2770E-09
0.0000E+00 0.0000E+00 0.0000E+00 0.0000E+00 0.0000E+00 0.0000E+00 0.0000E+00 0.0000E+00 0.0000E+00 0.0000E+00 0.0000E+00 0.0000E+00 0.0000E+00 0.0000E+00 1.5346E-13 2.2388E-12 6.4805E-12 1.2798E-11 2.0649E-11 3.1760E-11 4.5979E-11 6.6734E-11 9.0431E-11 1.1993E-10 1.5912E-10 2.0498E-10 2.6268E-10 3.3198E-10 4.1549E-10 5.1200E-10 6.2524E-10 7.5721E-10 9.1073E-10 1.0874E-09 1.2892E-09 1.5172E-09 1.7729E-09 2.0578E-09 2.3709E-09 2.7131E-09 3.0842E-09 3.4823E-09 3.9039E-09 4.3464E-09 4.8074E-09 5.2820E-09 5.7634E-09 6.2449E-09 6.7205E-09 7.1832E-09 7.6246E-09 8.0380E-09 8.4155E-09 8.7505E-09 9.0366E-09 9.2686E-09 9.4418E-09
0.0000E+00 0.0000E+00 0.0000E+00 0.0000E+00 0.0000E+00 0.0000E+00 0.0000E+00 0.0000E+00 0.0000E+00 0.0000E+00 0.0000E+00 0.0000E+00 0.0000E+00 0.0000E+00 8.7785E-14 1.3285E-12 4.9802E-12 1.1327E-11 1.8544E-11 2.9831E-11 4.3793E-11 6.4320E-11 8.7742E-11 1.1763E-10 1.5622E-10 2.0240E-10 2.5987E-10 3.2982E-10 4.1442E-10 5.1220E-10 6.2609E-10 7.6098E-10 9.1710E-10 1.0969E-09 1.3031E-09 1.5363E-09 1.7977E-09 2.0886E-09 2.4110E-09 2.7630E-09 3.1440E-09 3.5522E-09 3.9855E-09 4.4414E-09 4.9158E-09 5.4020E-09 5.8952E-09 6.3886E-09 6.8751E-09 7.3470E-09 7.7953E-09 8.2128E-09 8.5920E-09 8.9256E-09 9.2074E-09 9.4316E-09 9.5938E-09
0.0000E+00 0.0000E+00 0.0000E+00 0.0000E+00 0.0000E+00 0.0000E+00 0.0000E+00 0.0000E+00 0.0000E+00 0.0000E+00 0.0000E+00 0.0000E+00 0.0000E+00 0.0000E+00 7.1138E-15 5.8490E-13 3.7002E-12 9.4532E-12 1.6457E-11 2.7230E-11 4.1168E-11 6.1069E-11 8.4147E-11 1.1411E-10 1.5202E-10 1.9839E-10 2.5597E-10 3.2525E-10 4.1125E-10 5.0942E-10 6.2504E-10 7.6100E-10 9.1919E-10 1.1026E-09 1.3119E-09 1.5491E-09 1.8158E-09 2.1139E-09 2.4436E-09 2.8036E-09 3.1937E-09 3.6133E-09 4.0592E-09 4.5265E-09 5.0116E-09 5.5104E-09 6.0165E-09 6.5214E-09 7.0175E-09 7.4975E-09 7.9528E-09 8.3748E-09 8.7559E-09 9.0887E-09 9.3662E-09 9.5829E-09 9.7349E-09
0.0000E+00 0.0000E+00 0.0000E+00 0.0000E+00 0.0000E+00 0.0000E+00 0.0000E+00 0.0000E+00 0.0000E+00 0.0000E+00 0.0000E+00 0.0000E+00 0.0000E+00 0.0000E+00 0.0000E+00 4.8052E-13 2.3883E-12 7.5841E-12 1.4260E-11 2.4113E-11 3.8386E-11 5.7447E-11 8.0384E-11 1.0973E-10 1.4737E-10 1.9335E-10 2.5089E-10 3.1985E-10 4.0581E-10 5.0388E-10 6.2088E-10 7.5810E-10 9.1792E-10 1.1032E-09 1.3150E-09 1.5562E-09 1.8281E-09 2.1313E-09 2.4665E-09 2.8354E-09 3.2354E-09 3.6644E-09 4.1196E-09 4.5986E-09 5.0960E-09 5.6072E-09 6.1235E-09 6.6394E-09 7.1457E-09 7.6347E-09 8.0972E-09 8.5238E-09 8.9066E-09 9.2381E-09 9.5115E-09 9.7213E-09 9.8631E-09
0.0000E+00 0.0000E+00 0.0000E+00 0.0000E+00 0.0000E+00 0.0000E+00 0.0000E+00 0.0000E+00 0.0000E+00 0.0000E+00 0.0000E+00 0.0000E+00 0.0000E+00 0.0000E+00 0.0000E+00 3.6049E-13 1.1208E-12 5.4998E-12 1.2034E-11 2.1132E-11 3.5207E-11 5.3065E-11 7.6167E-11 1.0496E-10 1.4162E-10 1.8741E-10 2.4398E-10 3.1219E-10 3.9694E-10 4.9671E-10 6.1311E-10 7.5165E-10 9.1276E-10 1.0991E-09 1.3134E-09 1.5571E-09 1.8324E-09 2.1404E-09 2.4824E-09 2.8578E-09 3.2649E-09 3.7021E-09 4.1686E-09 4.6587E-09 5.1669E-09 5.6880E-09 6.2162E-09 6.7431E-09 7.2596E-09 7.7564E-09 8.2251E-09 8.6569E-09 9.0420E-09 9.3733E-09 9.6430E-09 9.8456E-09 9.9770E-09
0.0000E+00 0.0000E+00 0.0000E+00 0.0000E+00 0.0000E+00 0.0000E+00 0.0000E+00 0.0000E+00 0.0000E+00 0.0000E+00 0.0000E+00 0.0000E+00 0.0000E+00 0.0000E+00 0.0000E+00 2.2508E-13 8.9132E-13 3.5139E-12 9.4288E-12 1.7912E-11 3.1146E-11 4.8908E-11 7.1102E-11 9.9706E-11 1.3539E-10 1.8018E-10 2.3578E-10 3.0351E-10 3.8719E-10 4.8644E-10 6.0363E-10 7.4129E-10 9.0336E-10 1.0911E-09 1.3060E-09 1.5513E-09 1.8300E-09 2.1425E-09 2.4883E-09 2.8685E-09 3.2832E-09 3.7303E-09 4.2046E-09 4.7034E-09 5.2221E-09 5.7542E-09 6.2923E-09 6.8283E-09 7.3541E-09 7.8599E-09 8.3355E-09 8.7716E-09 9.1589E-09 9.4888E-09 9.7546E-09 9.9502E-09 1.0072E-08
0.0000E+00 0.0000E+00 0.0000E+00 0.0000E+00 0.0000E+00 0.0000E+00 0.0000E+00 0.0000E+00 0.0000E+00 0.0000E+00 0.0000E+00 0.0000E+00 0.0000E+00 0.0000E+00 0.0000E+00 7.4296E-14 6.8177E-13 1.7222E-12 7.1021E-12 1.4855E-11 2.7340E-11 4.4212E-11 6.5822E-11 9.3733E-11 1.2848E-10 1.7263E-10 2.2609E-10 2.9299E-10 3.7508E-10 4.7367E-10 5.9122E-10 7.2762E-10 8.9065E-10 1.0774E-09 1.2935E-09 1.5417E-09 1.8244E-09 2.1395E-09 2.4909E-09 2.8775E-09 3.2989E-09 3.7519E-09 4.2345E-09 4.7432E-09 5.2720E-09 5.8139E-09 6.3615E-09 6.9081E-09 7.4427E-09 7.9563E-09 8.4374E-09 8.8774E-09 9.2666E-09 9.5962E-09 9.8585E-09 1.0048E-08 1.0160E-08
