Assets/Resources/2015_m01_d07_1700(utc+0800)_l00_csi_1hr_conc.grd
DSAA
         159         159
     -79.000      79.000
     -79.000      79.000
  0.0000E+00  0.1681E-04
[rows 0 to 24 of 159, columns 0 to 56 of 159]
0.0000E+00 0.0000E+00 0.0000E+00 0.0000E+00 0.0000E+00 0.0000E+00 0.0000E+00 0.0000E+00 0.0000E+00 1.8575E-12 2.1249E-12 6.2207E-12 9.1292E-12 1.1875E-11 1.6664E-11 1.8975E-11 2.6289E-11 2.9882E-11 3.7037E-11 4.3682E-11 4.9449E-11 6.1024E-11 9.2988E-11 1.2707E-10 1.6268E-10 1.9971E-10 2.4064E-10 2.9117E-10 3.7052E-10 4.8486E-10 5.8847E-10 7.0878E-10 8.5188E-10 1.0254E-09 1.2220E-09 1.4167E-09 1.6572E-09 1.9421E-09 2.2018E-09 2.4636E-09 2.7289E-09 2.9966E-09 3.2695E-09 3.5372E-09 3.8023E-09 4.0554E-09 4.2985E-09 4.5298E-09 4.7498E-09 4.9535E-09 5.1414E-09 5.3132E-09 5.4682E-09 5.6063E-09 5.7296E-09 5.8505E-09 5.9401E-09
0.0000E+00 0.0000E+00 0.0000E+00 0.0000E+00 0.0000E+00 0.0000E+00 0.0000E+00 0.0000E+00 0.0000E+00 1.8529E-12 2.1196E-12 6.2145E-12 9.1184E-12 1.1868E-11 1.6662E-11 1.8973E-11 2.6316E-11 2.9913E-11 3.8588E-11 4.3774E-11 4.9556E-11 6.1216E-11 9.7228E-11 1.2860E-10 1.6486E-10 1.9740E-10 2.3777E-10 2.8741E-10 3.8250E-10 4.8524E-10 5.8414E-10 7.0204E-10 8.4448E-10 1.0170E-09 1.2171E-09 1.4164E-09 1.6637E-09 1.9565E-09 2.2270E-09 2.4965E-09 2.7720E-09 3.0525E-09 3.3387E-09 3.6164E-09 3.8912E-09 4.1556E-09 4.4119E-09 4.6539E-09 4.8820E-09 5.0948E-09 5.2912E-09 5.4729E-09 5.6473E-09 5.7929E-09 5.9207E-09 6.0309E-09 6.1426E-09
0.0000E+00 0.0000E+00 0.0000E+00 0.0000E+00 0.0000E+00 0.0000E+00 0.0000E+00 0.0000E+00 0.0000E+00 1.8445E-12 2.1100E-12 6.1953E-12 9.0889E-12 1.1837E-11 1.6626E-11 1.8932E-11 2.6287E-11 2.9881E-11 3.8587E-11 4.3774E-11 4.9557E-11 6.1279E-11 1.0125E-10 1.3328E-10 1.6671E-10 1.9910E-10 2.3892E-10 2.9996E-10 3.7974E-10 4.8230E-10 5.7954E-10 6.9695E-10 8.3527E-10 1.0066E-09 1.2093E-09 1.4129E-09 1.6689E-09 1.9640E-09 2.2470E-09 2.5282E-09 2.8143E-09 3.1061E-09 3.4026E-09 3.6918E-09 3.9809E-09 4.2574E-09 4.5232E-09 4.7763E-09 5.0154E-09 5.2398E-09 5.4556E-09 5.6447E-09 5.8153E-09 5.9825E-09 6.1173E-09 6.2345E-09 6.3537E-09
0.0000E+00 0.0000E+00 0.0000E+00 0.0000E+00 0.0000E+00 0.0000E+00 0.0000E+00 0.0000E+00 0.0000E+00 1.8324E-12 2.0961E-12 6.1634E-12 9.0407E-12 1.1781E-11 1.6555E-11 1.8852E-11 2.6204E-11 2.9786E-11 3.8504E-11 4.3682E-11 4.9454E-11 7.4308E-11 1.0844E-10 1.4753E-10 1.6821E-10 1.9626E-10 2.3540E-10 3.0066E-10 3.8894E-10 4.8313E-10 5.7755E-10 6.9132E-10 8.2717E-10 9.8704E-10 1.1985E-09 1.4082E-09 1.6689E-09 1.9685E-09 2.2656E-09 2.5566E-09 2.8535E-09 3.1547E-09 3.4635E-09 3.7673E-09 4.0671E-09 4.3559E-09 4.6361E-09 4.9011E-09 5.1588E-09 5.3932E-09 5.6212E-09 5.8205E-09 6.0017E-09 6.1786E-09 6.3219E-09 6.4455E-09 6.5493E-09
0.0000E+00 0.0000E+00 0.0000E+00 0.0000E+00 0.0000E+00 0.0000E+00 0.0000E+00 0.0000E+00 0.0000E+00 1.8166E-12 2.0781E-12 4.2945E-12 8.9744E-12 1.1702E-11 1.6450E-11 1.8733E-11 2.6065E-11 2.9629E-11 3.8340E-11 4.3497E-11 5.0871E-11 7.4393E-11 1.1228E-10 1.4850E-10 1.6935E-10 1.9740E-10 2.3629E-10 3.0119E-10 3.9871E-10 4.8317E-10 5.7368E-10 6.8598E-10 8.1990E-10 9.7473E-10 1.1875E-09 1.3982E-09 1.6671E-09 1.9684E-09 2.2804E-09 2.5793E-09 2.8870E-09 3.2022E-09 3.5237E-09 3.8382E-09 4.1533E-09 4.4553E-09 4.7518E-09 5.0303E-09 5.3021E-09 5.5494E-09 5.7901E-09 6.0015E-09 6.1927E-09 6.3631E-09 6.5305E-09 6.6603E-09 6.7932E-09
0.0000E+00 0.0000E+00 0.0000E+00 0.0000E+00 0.0000E+00 0.0000E+00 0.0000E+00 0.0000E+00 0.0000E+00 0.0000E+00 2.0559E-12 4.2540E-12 8.8901E-12 1.0141E-11 1.6312E-11 1.8576E-11 2.5873E-11 2.9412E-11 3.8096E-11 4.3222E-11 5.0569E-11 7.4318E-11 1.1258E-10 1.4915E-10 1.7012E-10 1.9670E-10 2.3705E-10 3.0581E-10 4.0974E-10 4.8374E-10 5.7222E-10 6.8126E-10 8.1246E-10 9.6656E-10 1.1739E-09 1.3952E-09 1.6602E-09 1.9705E-09 2.2892E-09 2.5995E-09 2.9188E-09 3.2438E-09 3.5783E-09 3.9084E-09 4.2352E-09 4.5554E-09 4.8674E-09 5.1604E-09 5.4470E-09 5.7086E-09 5.9507E-09 6.1867E-09 6.3879E-09 6.5881E-09 6.7493E-09 6.8890E-09 7.0059E-09
0.0000E+00 0.0000E+00 0.0000E+00 0.0000E+00 0.0000E+00 0.0000E+00 0.0000E+00 0.0000E+00 0.0000E+00 0.0000E+00 2.0299E-12 4.2052E-12 8.7885E-12 1.0025E-11 1.6142E-11 1.8381E-11 2.5629E-11 2.9134E-11 3.7774E-11 4.2857E-11 5.0163E-11 7.4086E-11 1.1264E-10 1.4947E-10 1.7051E-10 2.0408E-10 2.4838E-10 3.1976E-10 4.1004E-10 4.8294E-10 5.7152E-10 6.7793E-10 8.0553E-10 9.5604E-10 1.1625E-09 1.3811E-09 1.6513E-09 1.9631E-09 2.2956E-09 2.6142E-09 2.9441E-09 3.2835E-09 3.6315E-09 3.9762E-09 4.3140E-09 4.6541E-09 4.9813E-09 5.2918E-09 5.5946E-09 5.8704E-09 6.1398E-09 6.3769E-09 6.5918E-09 6.7838E-09 6.9720E-09 7.1178E-09 7.2411E-09
0.0000E+00 0.0000E+00 0.0000E+00 0.0000E+00 0.0000E+00 0.0000E+00 0.0000E+00 0.0000E+00 0.0000E+00 0.0000E+00 2.0001E-12 2.2832E-12 8.6702E-12 9.8900E-12 1.5940E-11 1.8152E-11 2.5334E-11 2.8799E-11 3.7375E-11 4.2406E-11 4.9654E-11 7.6981E-11 1.1567E-10 1.4946E-10 1.7052E-10 2.0976E-10 2.5038E-10 3.2751E-10 4.1136E-10 4.8299E-10 5.7153E-10 6.7483E-10 7.9897E-10 9.4842E-10 1.1429E-09 1.3659E-09 1.6366E-09 1.9478E-09 2.2953E-09 2.6246E-09 2.9669E-09 3.3165E-09 3.6781E-09 4.0369E-09 4.3938E-09 4.7499E-09 5.0966E-09 5.4237E-09 5.7434E-09 6.0357E-09 6.3069E-09 6.5721E-09 6.7980E-09 7.0014E-09 7.1824E-09 7.3375E-09 7.4677E-09
0.0000E+00 0.0000E+00 0.0000E+00 0.0000E+00 0.0000E+00 0.0000E+00 0.0000E+00 0.0000E+00 0.0000E+00 0.0000E+00 1.9666E-12 2.2451E-12 8.5359E-12 9.7367E-12 1.5707E-11 1.7887E-11 2.4989E-11 2.8408E-11 3.6902E-11 4.7774E-11 5.5407E-11 8.3313E-11 1.2261E-10 1.5698E-10 1.7900E-10 2.2034E-10 2.6519E-10 3.5414E-10 4.2214E-10 4.9575E-10 5.8233E-10 6.8555E-10 8.0770E-10 9.5502E-10 1.1458E-09 1.3670E-09 1.6383E-09 1.9454E-09 2.3105E-09 2.6492E-09 3.0022E-09 3.3650E-09 3.7413E-09 4.1154E-09 4.4932E-09 4.8674E-09 5.2366E-09 5.5821E-09 5.9209E-09 6.2303E-09 6.5176E-09 6.7825E-09 7.0222E-09 7.2365E-09 7.4240E-09 7.5851E-09 7.7210E-09
0.0000E+00 0.0000E+00 0.0000E+00 0.0000E+00 0.0000E+00 0.0000E+00 0.0000E+00 0.0000E+00 0.0000E+00 0.0000E+00 1.9298E-12 2.2030E-12 8.3863E-12 9.5662E-12 1.5446E-11 1.7590E-11 2.4597E-11 2.7963E-11 3.4898E-11 4.7633E-11 5.5215E-11 8.3194E-11 1.2254E-10 1.5694E-10 1.9014E-10 2.2116E-10 2.7058E-10 3.6909E-10 4.2518E-10 4.9777E-10 5.8238E-10 6.8419E-10 8.0589E-10 9.4582E-10 1.1362E-09 1.3541E-09 1.6214E-09 1.9250E-09 2.3016E-09 2.6496E-09 3.0137E-09 3.3889E-09 3.7793E-09 4.1684E-09 4.5634E-09 4.9617E-09 5.3523E-09 5.7173E-09 6.0634E-09 6.3887E-09 6.6913E-09 6.9692E-09 7.2196E-09 7.4427E-09 7.6646E-09 7.8382E-09 7.9836E-09
0.0000E+00 0.0000E+00 0.0000E+00 0.0000E+00 0.0000E+00 0.0000E+00 0.0000E+00 0.0000E+00 0.0000E+00 0.0000E+00 1.8898E-12 2.1573E-12 8.2224E-12 9.3792E-12 1.5158E-11 1.7262E-11 2.4161E-11 2.7467E-11 3.4303E-11 4.7833E-11 6.1260E-11 9.6412E-11 1.2959E-10 1.6650E-10 2.0291E-10 2.4018E-10 2.8558E-10 3.8268E-10 4.4431E-10 5.1144E-10 5.9740E-10 6.9755E-10 8.1469E-10 9.5613E-10 1.1310E-09 1.3568E-09 1.6246E-09 1.9177E-09 2.3063E-09 2.6642E-09 3.0400E-09 3.4286E-09 3.8352E-09 4.2419E-09 4.6600E-09 5.0784E-09 5.4851E-09 5.8685E-09 6.2328E-09 6.5757E-09 6.8926E-09 7.2045E-09 7.4712E-09 7.7097E-09 7.9196E-09 8.1001E-09 8.2525E-09
0.0000E+00 0.0000E+00 0.0000E+00 0.0000E+00 0.0000E+00 0.0000E+00 0.0000E+00 0.0000E+00 0.0000E+00 0.0000E+00 1.8468E-12 2.1083E-12 6.2737E-12 9.1770E-12 1.3464E-11 1.6905E-11 2.2278E-11 2.6923E-11 3.2141E-11 4.6858E-11 5.9971E-11 9.7197E-11 1.3152E-10 1.6675E-10 2.0365E-10 2.4130E-10 2.9644E-10 3.8734E-10 4.4828E-10 5.1550E-10 6.0019E-10 6.9487E-10 8.1418E-10 9.5104E-10 1.1211E-09 1.3447E-09 1.6097E-09 1.8956E-09 2.2888E-09 2.6545E-09 3.0420E-09 3.4444E-09 3.8658E-09 4.2884E-09 4.7245E-09 5.1671E-09 5.5904E-09 5.9928E-09 6.3886E-09 6.7502E-09 7.0864E-09 7.3956E-09 7.6760E-09 7.9260E-09 8.1495E-09 8.3408E-09 8.5014E-09
0.0000E+00 0.0000E+00 0.0000E+00 0.0000E+00 0.0000E+00 0.0000E+00 0.0000E+00 0.0000E+00 0.0000E+00 0.0000E+00 0.0000E+00 2.0561E-12 6.1258E-12 8.9606E-12 1.3156E-11 1.6520E-11 2.0325E-11 2.6335E-11 3.1450E-11 4.5792E-11 5.9381E-11 9.7397E-11 1.2895E-10 1.6755E-10 2.0408E-10 2.4205E-10 2.9991E-10 3.8979E-10 4.5315E-10 5.2007E-10 6.0152E-10 6.9591E-10 8.1103E-10 9.4788E-10 1.1032E-09 1.3307E-09 1.5935E-09 1.8776E-09 2.2646E-09 2.6408E-09 3.0390E-09 3.4540E-09 3.8910E-09 4.3309E-09 4.7862E-09 5.2491E-09 5.7017E-09 6.1247E-09 6.5283E-09 6.9085E-09 7.2624E-09 7.5914E-09 7.8862E-09 8.1498E-09 8.3818E-09 8.5821E-09 8.7510E-09
0.0000E+00 0.0000E+00 0.0000E+00 0.0000E+00 0.0000E+00 0.0000E+00 0.0000E+00 0.0000E+00 0.0000E+00 0.0000E+00 0.0000E+00 2.0011E-12 4.1802E-12 8.7313E-12 1.1427E-11 1.6111E-11 1.9830E-11 2.5705E-11 2.9163E-11 4.4640E-11 5.8785E-11 9.1598E-11 1.2809E-10 1.6644E-10 2.0463E-10 2.4453E-10 3.0094E-10 3.9367E-10 4.5693E-10 5.2739E-10 6.0530E-10 6.9946E-10 8.1010E-10 9.4243E-10 1.0935E-09 1.3163E-09 1.5764E-09 1.8567E-09 2.2456E-09 2.6226E-09 3.0298E-09 3.4631E-09 3.9116E-09 4.3682E-09 4.8615E-09 5.3392E-09 5.7992E-09 6.2428E-09 6.6712E-09 7.0705E-09 7.4422E-09 7.7840E-09 8.0944E-09 8.3722E-09 8.6178E-09 8.8328E-09 9.0128E-09
0.0000E+00 0.0000E+00 0.0000E+00 0.0000E+00 0.0000E+00 0.0000E+00 0.0000E+00 0.0000E+00 0.0000E+00 0.0000E+00 0.0000E+00 1.9436E-12 2.2142E-12 8.4903E-12 9.6650E-12 1.5679E-11 1.7819E-11 2.5037E-11 2.8406E-11 4.3407E-11 5.9131E-11 8.9935E-11 1.2720E-10 1.6907E-10 2.0473E-10 2.4758E-10 3.0746E-10 3.9995E-10 4.5941E-10 5.3128E-10 6.0714E-10 7.0166E-10 8.0697E-10 9.3636E-10 1.0846E-09 1.2926E-09 1.5620E-09 1.8404E-09 2.2165E-09 2.6037E-09 3.0176E-09 3.4638E-09 3.9271E-09 4.4071E-09 4.9206E-09 5.4118E-09 5.8949E-09 6.3587E-09 6.8036E-09 7.2239E-09 7.6152E-09 7.9819E-09 8.3112E-09 8.6055E-09 8.8644E-09 9.0886E-09 9.2785E-09
0.0000E+00 0.0000E+00 0.0000E+00 0.0000E+00 0.0000E+00 0.0000E+00 0.0000E+00 0.0000E+00 0.0000E+00 0.0000E+00 0.0000E+00 1.8838E-12 2.1461E-12 8.2390E-12 9.3789E-12 1.5227E-11 1.7305E-11 2.4336E-11 2.7611E-11 4.3070E-11 5.7606E-11 8.8099E-11 1.2181E-10 1.6984E-10 2.0460E-10 2.5059E-10 3.0977E-10 4.0234E-10 4.6220E-10 5.3337E-10 6.1056E-10 7.0211E-10 8.0400E-10 9.3045E-10 1.0766E-09 1.2942E-09 1.5425E-09 1.8194E-09 2.1892E-09 2.5853E-09 3.0001E-09 3.4575E-09 3.9360E-09 4.4328E-09 4.9713E-09 5.4818E-09 5.9814E-09 6.4685E-09 6.9436E-09 7.3900E-09 7.8045E-09 8.1858E-09 8.5322E-09 8.8431E-09 9.1170E-09 9.3551E-09 9.5581E-09
0.0000E+00 0.0000E+00 0.0000E+00 0.0000E+00 0.0000E+00 0.0000E+00 0.0000E+00 0.0000E+00 0.0000E+00 0.0000E+00 0.0000E+00 1.8222E-12 2.0759E-12 6.2218E-12 9.0826E-12 1.4757E-11 1.6771E-11 2.3604E-11 2.6781E-11 4.2803E-11 5.5983E-11 8.4589E-11 1.1609E-10 1.7036E-10 2.0594E-10 2.4868E-10 3.0747E-10 4.0170E-10 4.6265E-10 5.3559E-10 6.1302E-10 7.0243E-10 8.0628E-10 9.2438E-10 1.0724E-09 1.2823E-09 1.5333E-09 1.8086E-09 2.1653E-09 2.5651E-09 2.9824E-09 3.4460E-09 3.9454E-09 4.4592E-09 5.0146E-09 5.5419E-09 6.0767E-09 6.5865E-09 7.0787E-09 7.5469E-09 7.9843E-09 8.3895E-09 8.7595E-09 9.0868E-09 9.3771E-09 9.6286E-09 9.8419E-09
0.0000E+00 0.0000E+00 0.0000E+00 0.0000E+00 0.0000E+00 0.0000E+00 0.0000E+00 0.0000E+00 0.0000E+00 0.0000E+00 0.0000E+00 0.0000E+00 2.0039E-12 4.2046E-12 8.7775E-12 1.2928E-11 1.6220E-11 2.1456E-11 2.7499E-11 4.0107E-11 5.4270E-11 8.2469E-11 1.1181E-10 1.6237E-10 2.0755E-10 2.4747E-10 3.0484E-10 4.0212E-10 4.6245E-10 5.3540E-10 6.1623E-10 7.0284E-10 8.0425E-10 9.2300E-10 1.0652E-09 1.2701E-09 1.5209E-09 1.7856E-09 2.1343E-09 2.5484E-09 2.9673E-09 3.4354E-09 3.9403E-09 4.4758E-09 5.0652E-09 5.6132E-09 6.1577E-09 6.6922E-09 7.2197E-09 7.7186E-09 8.1811E-09 8.6075E-09 8.9955E-09 9.3429E-09 9.6494E-09 9.9149E-09 1.0140E-08
0.0000E+00 0.0000E+00 0.0000E+00 0.0000E+00 0.0000E+00 0.0000E+00 0.0000E+00 0.0000E+00 0.0000E+00 0.0000E+00 0.0000E+00 0.0000E+00 1.9304E-12 2.1947E-12 8.4651E-12 1.1092E-11 1.5654E-11 1.9645E-11 2.7176E-11 3.7358E-11 5.2475E-11 7.5762E-11 1.0665E-10 1.6282E-10 2.0493E-10 2.4807E-10 3.0678E-10 3.9864E-10 4.6511E-10 5.3343E-10 6.1495E-10 7.0034E-10 8.0661E-10 9.2073E-10 1.0867E-09 1.2604E-09 1.5149E-09 1.7763E-09 2.1052E-09 2.5322E-09 2.9503E-09 3.4173E-09 3.9489E-09 4.4977E-09 5.0960E-09 5.6670E-09 6.2492E-09 6.8179E-09 7.3686E-09 7.8879E-09 8.3769E-09 8.8288E-09 9.2406E-09 9.6074E-09 9.9305E-09 1.0212E-08 1.0454E-08
0.0000E+00 0.0000E+00 0.0000E+00 0.0000E+00 0.0000E+00 0.0000E+00 0.0000E+00 0.0000E+00 0.0000E+00 0.0000E+00 0.0000E+00 0.0000E+00 1.8557E-12 2.1098E-12 8.1471E-12 9.2553E-12 1.5077E-11 1.8965E-11 2.6440E-11 3.4567E-11 5.0606E-11 7.3757E-11 1.0490E-10 1.5316E-10 2.0313E-10 2.4570E-10 2.9793E-10 3.9688E-10 4.6091E-10 5.2892E-10 6.1025E-10 7.0302E-10 8.0624E-10 9.2939E-10 1.0928E-09 1.2647E-09 1.5059E-09 1.7627E-09 2.0978E-09 2.5142E-09 2.9433E-09 3.4221E-09 3.9402E-09 4.5033E-09 5.1443E-09 5.7404E-09 6.3359E-09 6.9436E-09 7.5163E-09 8.0661E-09 8.5840E-09 9.0615E-09 9.4965E-09 9.8868E-09 1.0231E-08 1.0527E-08 1.0777E-08
0.0000E+00 0.0000E+00 0.0000E+00 0.0000E+00 0.0000E+00 0.0000E+00 0.0000E+00 0.0000E+00 0.0000E+00 0.0000E+00 0.0000E+00 0.0000E+00 0.0000E+00 2.0241E-12 6.1001E-12 8.8892E-12 1.3627E-11 1.8604E-11 2.5694E-11 3.3336E-11 4.9468E-11 7.1583E-11 1.0021E-10 1.4833E-10 1.9948E-10 2.4312E-10 2.9715E-10 3.9210E-10 4.5582E-10 5.2340E-10 6.1040E-10 7.0202E-10 8.0999E-10 9.2996E-10 1.1014E-09 1.2598E-09 1.5057E-09 1.7638E-09 2.1003E-09 2.5181E-09 2.9384E-09 3.4125E-09 3.9536E-09 4.5331E-09 5.1820E-09 5.8032E-09 6.4406E-09 7.0794E-09 7.6832E-09 8.2596E-09 8.8032E-09 9.3081E-09 9.7672E-09 1.0178E-08 1.0541E-08 1.0856E-08 1.1122E-08
0.0000E+00 0.0000E+00 0.0000E+00 0.0000E+00 0.0000E+00 0.0000E+00 0.0000E+00 0.0000E+00 0.0000E+00 0.0000E+00 0.0000E+00 0.0000E+00 0.0000E+00 1.9379E-12 4.0821E-12 8.5200E-12 1.3024E-11 1.8091E-11 2.3561E-11 3.1923E-11 4.7464E-11 6.4639E-11 9.6245E-11 1.4275E-10 1.9769E-10 2.3961E-10 2.9360E-10 3.8265E-10 4.5020E-10 5.2289E-10 6.0431E-10 7.0837E-10 8.0835E-10 9.3717E-10 1.1053E-09 1.2684E-09 1.5152E-09 1.7759E-09 2.1056E-09 2.5193E-09 2.9507E-09 3.4374E-09 3.9701E-09 4.5631E-09 5.2365E-09 5.8843E-09 6.5623E-09 7.2196E-09 7.8518E-09 8.4571E-09 9.0297E-09 9.5618E-09 1.0045E-08 1.0479E-08 1.0861E-08 1.1189E-08 1.1468E-08
0.0000E+00 0.0000E+00 0.0000E+00 0.0000E+00 0.0000E+00 0.0000E+00 0.0000E+00 0.0000E+00 0.0000E+00 0.0000E+00 0.0000E+00 0.0000E+00 0.0000E+00 1.8516E-12 2.1007E-12 8.5761E-12 1.1411E-11 1.7579E-11 2.1446E-11 2.8407E-11 4.4382E-11 6.3343E-11 8.7159E-11 1.3705E-10 1.9060E-10 2.3712E-10 2.9027E-10 3.7112E-10 4.4859E-10 5.1787E-10 6.1022E-10 7.0420E-10 8.1493E-10 9.3720E-10 1.1235E-09 1.2852E-09 1.5288E-09 1.7981E-09 2.1358E-09 2.5463E-09 2.9710E-09 3.4488E-09 4.0076E-09 4.6107E-09 5.2899E-09 5.9629E-09 6.6749E-09 7.3640E-09 8.0281E-09 8.6649E-09 9.2669E-09 9.8279E-09 1.0341E-08 1.0801E-08 1.1206E-08 1.1553E-08 1.1844E-08
0.0000E+00 0.0000E+00 0.0000E+00 0.0000E+00 0.0000E+00 0.0000E+00 0.0000E+00 0.0000E+00 0.0000E+00 0.0000E+00 0.0000E+00 0.0000E+00 0.0000E+00 0.0000E+00 2.0030E-12 7.6529E-12 1.1138E-11 1.5692E-11 1.9357E-11 2.8803E-11 4.0062E-11 5.5532E-11 8.3490E-11 1.3404E-10 1.8150E-10 2.2943E-10 2.8345E-10 3.6049E-10 4.4246E-10 5.2492E-10 6.0650E-10 7.1240E-10 8.2474E-10 9.9031E-10 1.1369E-09 1.3190E-09 1.5672E-09 1.8469E-09 2.1678E-09 2.5713E-09 3.0121E-09 3.4941E-09 4.0507E-09 4.6764E-09 5.3637E-09 6.0798E-09 6.8115E-09 7.5315E-09 8.2286E-09 8.8957E-09 9.5274E-09 1.0117E-08 1.0654E-08 1.1135E-08 1.1560E-08 1.1927E-08 1.2238E-08
0.0000E+00 0.0000E+00 0.0000E+00 0.0000E+00 0.0000E+00 0.0000E+00 0.0000E+00 0.0000E+00 0.0000E+00 0.0000E+00 0.0000E+00 0.0000E+00 0.0000E+00 0.0000E+00 1.9060E-12 4.3044E-12 1.0871E-11 1.3846E-11 1.9691E-11 2.7055E-11 3.4333E-11 5.3814E-11 8.2413E-11 1.2168E-10 1.6553E-10 2.2578E-10 2.7880E-10 3.4939E-10 4.4570E-10 5.2119E-10 6.1467E-10 7.2066E-10 8.3475E-10 1.0216E-09 1.1849E-09 1.3551E-09 1.6079E-09 1.8884E-09 2.2363E-09 2.6448E-09 3.0672E-09 3.5518E-09 4.1085E-09 4.7475E-09 5.4487E-09 6.1891E-09 6.9478E-09 7.7012E-09 8.4328E-09 9.1328E-09 9.7953E-09 1.0416E-08 1.0985E-08 1.1497E-08 1.1946E-08 1.2330E-08 1.2651E-08
