Assets/Resources/2015_m01_d23_2200(utc+0800)_l00_csi_1hr_conc.grd
DSAA
         159         159
     -79.000      79.000
     -79.000      79.000
  0.5231E-10  0.7339E-05
[rows 125 to 149 of 159, columns 0 to 56 of 159]
8.4486E-11 8.7573E-11 9.0754E-11 9.4030E-11 9.7403E-11 1.0088E-10 1.0445E-10 1.0813E-10 1.1191E-10 1.1580E-10 1.1980E-10 1.2391E-10 1.2813E-10 1.3247E-10 1.3693E-10 1.4150E-10 1.4620E-10 1.5102E-10 1.5596E-10 1.6103E-10 1.6623E-10 1.7156E-10 1.7702E-10 1.8261E-10 1.8834E-10 1.9420E-10 2.0021E-10 2.0635E-10 2.1263E-10 2.1906E-10 2.2562E-10 2.3234E-10 2.3920E-10 2.4620E-10 2.5336E-10 2.6066E-10 2.6812E-10 2.7572E-10 2.8348E-10 2.9138E-10 2.9944E-10 3.0766E-10 3.1615E-10 3.2520E-10 3.3408E-10 3.4599E-10 3.6298E-10 3.7561E-10 3.9014E-10 4.0890E-10 4.3812E-10 4.6400E-10 4.9019E-10 5.1880E-10 5.5419E-10 5.8626E-10 6.2354E-10
8.3576E-11 8.6631E-11 8.9778E-11 9.3020E-11 9.6358E-11 9.9795E-11 1.0333E-10 1.0697E-10 1.1071E-10 1.1456E-10 1.1852E-10 1.2259E-10 1.2677E-10 1.3106E-10 1.3548E-10 1.4000E-10 1.4465E-10 1.4942E-10 1.5431E-10 1.5933E-10 1.6448E-10 1.6975E-10 1.7515E-10 1.8069E-10 1.8636E-10 1.9216E-10 1.9811E-10 2.0419E-10 2.1040E-10 2.1676E-10 2.2327E-10 2.2991E-10 2.3670E-10 2.4364E-10 2.5072E-10 2.5795E-10 2.6533E-10 2.7286E-10 2.8054E-10 2.8837E-10 2.9635E-10 3.0448E-10 3.1280E-10 3.2175E-10 3.3063E-10 3.4105E-10 3.5608E-10 3.7118E-10 3.8543E-10 4.0405E-10 4.3374E-10 4.6208E-10 4.8678E-10 5.1314E-10 5.4629E-10 5.7973E-10 6.1771E-10
8.2657E-11 8.5679E-11 8.8793E-11 9.2000E-11 9.5302E-11 9.8702E-11 1.0220E-10 1.0580E-10 1.0951E-10 1.1331E-10 1.1723E-10 1.2126E-10 1.2539E-10 1.2964E-10 1.3401E-10 1.3849E-10 1.4308E-10 1.4780E-10 1.5265E-10 1.5761E-10 1.6270E-10 1.6792E-10 1.7327E-10 1.7875E-10 1.8436E-10 1.9010E-10 1.9598E-10 2.0200E-10 2.0815E-10 2.1445E-10 2.2088E-10 2.2746E-10 2.3418E-10 2.4105E-10 2.4806E-10 2.5521E-10 2.6252E-10 2.6997E-10 2.7757E-10 2.8531E-10 2.9321E-10 3.0126E-10 3.0946E-10 3.1825E-10 3.2713E-10 3.3738E-10 3.5062E-10 3.6519E-10 3.8334E-10 3.9914E-10 4.2908E-10 4.5825E-10 4.8157E-10 5.0768E-10 5.3849E-10 5.7159E-10 6.1060E-10
8.1729E-11 8.4718E-11 8.7798E-11 9.0970E-11 9.4237E-11 9.7599E-11 1.0106E-10 1.0462E-10 1.0829E-10 1.1205E-10 1.1593E-10 1.1991E-10 1.2400E-10 1.2820E-10 1.3252E-10 1.3695E-10 1.4150E-10 1.4617E-10 1.5096E-10 1.5587E-10 1.6091E-10 1.6607E-10 1.7136E-10 1.7678E-10 1.8233E-10 1.8802E-10 1.9384E-10 1.9979E-10 2.0588E-10 2.1211E-10 2.1847E-10 2.2498E-10 2.3163E-10 2.3842E-10 2.4536E-10 2.5244E-10 2.5967E-10 2.6704E-10 2.7456E-10 2.8223E-10 2.9004E-10 2.9801E-10 3.0612E-10 3.1472E-10 3.2360E-10 3.3367E-10 3.4394E-10 3.5793E-10 3.7856E-10 3.9582E-10 4.2574E-10 4.5310E-10 4.7738E-10 5.0209E-10 5.3102E-10 5.6560E-10 6.0364E-10
8.0793E-11 8.3749E-11 8.6794E-11 8.9931E-11 9.3161E-11 9.6487E-11 9.9909E-11 1.0343E-10 1.0705E-10 1.1078E-10 1.1461E-10 1.1855E-10 1.2260E-10 1.2675E-10 1.3102E-10 1.3541E-10 1.3991E-10 1.4452E-10 1.4926E-10 1.5412E-10 1.5910E-10 1.6421E-10 1.6944E-10 1.7480E-10 1.8029E-10 1.8591E-10 1.9167E-10 1.9756E-10 2.0358E-10 2.0974E-10 2.1604E-10 2.2248E-10 2.2906E-10 2.3578E-10 2.4264E-10 2.4964E-10 2.5679E-10 2.6409E-10 2.7153E-10 2.7911E-10 2.8684E-10 2.9472E-10 3.0275E-10 3.1114E-10 3.2002E-10 3.2992E-10 3.4001E-10 3.5217E-10 3.7520E-10 3.9233E-10 4.2065E-10 4.4782E-10 4.7195E-10 4.9774E-10 5.2439E-10 5.5771E-10 5.9509E-10
7.9850E-11 8.2772E-11 8.5782E-11 8.8883E-11 9.2077E-11 9.5365E-11 9.8749E-11 1.0223E-10 1.0581E-10 1.0950E-10 1.1328E-10 1.1718E-10 1.2118E-10 1.2529E-10 1.2951E-10 1.3384E-10 1.3829E-10 1.4286E-10 1.4754E-10 1.5235E-10 1.5727E-10 1.6232E-10 1.6750E-10 1.7280E-10 1.7823E-10 1.8379E-10 1.8948E-10 1.9530E-10 2.0126E-10 2.0735E-10 2.1358E-10 2.1995E-10 2.2646E-10 2.3310E-10 2.3989E-10 2.4682E-10 2.5389E-10 2.6110E-10 2.6846E-10 2.7596E-10 2.8361E-10 2.9141E-10 2.9934E-10 3.0753E-10 3.1628E-10 3.2614E-10 3.3604E-10 3.4519E-10 3.6902E-10 3.8730E-10 4.1553E-10 4.4262E-10 4.6661E-10 4.9216E-10 5.1940E-10 5.5045E-10 5.8645E-10
7.8899E-11 8.1787E-11 8.4762E-11 8.7828E-11 9.0984E-11 9.4234E-11 9.7579E-11 1.0102E-10 1.0456E-10 1.0820E-10 1.1195E-10 1.1580E-10 1.1975E-10 1.2381E-10 1.2799E-10 1.3227E-10 1.3667E-10 1.4118E-10 1.4581E-10 1.5056E-10 1.5543E-10 1.6043E-10 1.6554E-10 1.7078E-10 1.7615E-10 1.8165E-10 1.8727E-10 1.9303E-10 1.9892E-10 2.0495E-10 2.1110E-10 2.1740E-10 2.2383E-10 2.3040E-10 2.3711E-10 2.4397E-10 2.5096E-10 2.5809E-10 2.6537E-10 2.7279E-10 2.8035E-10 2.8806E-10 2.9591E-10 3.0390E-10 3.1251E-10 3.2232E-10 3.3204E-10 3.4107E-10 3.6149E-10 3.8238E-10 4.1051E-10 4.3738E-10 4.6113E-10 4.8641E-10 5.1336E-10 5.4600E-10 5.8070E-10
7.7941E-11 8.0795E-11 8.3735E-11 8.6764E-11 8.9883E-11 9.3095E-11 9.6400E-11 9.9802E-11 1.0330E-10 1.0690E-10 1.1060E-10 1.1440E-10 1.1831E-10 1.2233E-10 1.2645E-10 1.3069E-10 1.3503E-10 1.3949E-10 1.4407E-10 1.4877E-10 1.5358E-10 1.5851E-10 1.6357E-10 1.6875E-10 1.7406E-10 1.7949E-10 1.8505E-10 1.9074E-10 1.9656E-10 2.0252E-10 2.0861E-10 2.1483E-10 2.2119E-10 2.2768E-10 2.3432E-10 2.4109E-10 2.4800E-10 2.5506E-10 2.6225E-10 2.6958E-10 2.7706E-10 2.8468E-10 2.9244E-10 3.0035E-10 3.0871E-10 3.1847E-10 3.2801E-10 3.3692E-10 3.5417E-10 3.7877E-10 4.0540E-10 4.3201E-10 4.5549E-10 4.8049E-10 5.0710E-10 5.3934E-10 5.7424E-10
7.6978E-11 7.9797E-11 8.2702E-11 8.5694E-11 8.8776E-11 9.1948E-11 9.5214E-11 9.8575E-11 1.0203E-10 1.0559E-10 1.0924E-10 1.1300E-10 1.1686E-10 1.2083E-10 1.2491E-10 1.2909E-10 1.3338E-10 1.3779E-10 1.4232E-10 1.4695E-10 1.5171E-10 1.5659E-10 1.6158E-10 1.6670E-10 1.7195E-10 1.7731E-10 1.8281E-10 1.8843E-10 1.9419E-10 2.0007E-10 2.0609E-10 2.1224E-10 2.1852E-10 2.2494E-10 2.3150E-10 2.3819E-10 2.4503E-10 2.5200E-10 2.5911E-10 2.6636E-10 2.7375E-10 2.8128E-10 2.8895E-10 2.9676E-10 3.0489E-10 3.1453E-10 3.2396E-10 3.3274E-10 3.4978E-10 3.7231E-10 4.0021E-10 4.2653E-10 4.5091E-10 4.7547E-10 5.0157E-10 5.3223E-10 5.6675E-10
7.6008E-11 7.8793E-11 8.1662E-11 8.4618E-11 8.7661E-11 9.0795E-11 9.4021E-11 9.7340E-11 1.0075E-10 1.0427E-10 1.0788E-10 1.1159E-10 1.1540E-10 1.1932E-10 1.2335E-10 1.2748E-10 1.3173E-10 1.3608E-10 1.4055E-10 1.4513E-10 1.4983E-10 1.5465E-10 1.5958E-10 1.6464E-10 1.6982E-10 1.7513E-10 1.8056E-10 1.8611E-10 1.9180E-10 1.9761E-10 2.0356E-10 2.0963E-10 2.1584E-10 2.2219E-10 2.2866E-10 2.3528E-10 2.4203E-10 2.4892E-10 2.5594E-10 2.6310E-10 2.7041E-10 2.7785E-10 2.8543E-10 2.9315E-10 3.0104E-10 3.1048E-10 3.1988E-10 3.2854E-10 3.4518E-10 3.6757E-10 3.9492E-10 4.2085E-10 4.4479E-10 4.6894E-10 4.9465E-10 5.2718E-10 5.6130E-10
7.5034E-11 7.7784E-11 8.0617E-11 8.3535E-11 8.6541E-11 8.9635E-11 9.2821E-11 9.6099E-11 9.9471E-11 1.0294E-10 1.0651E-10 1.1017E-10 1.1394E-10 1.1781E-10 1.2178E-10 1.2587E-10 1.3006E-10 1.3436E-10 1.3877E-10 1.4330E-10 1.4794E-10 1.5270E-10 1.5757E-10 1.6257E-10 1.6768E-10 1.7292E-10 1.7829E-10 1.8378E-10 1.8939E-10 1.9513E-10 2.0101E-10 2.0701E-10 2.1314E-10 2.1941E-10 2.2581E-10 2.3234E-10 2.3901E-10 2.4581E-10 2.5275E-10 2.5983E-10 2.6705E-10 2.7440E-10 2.8189E-10 2.8952E-10 2.9728E-10 3.0640E-10 3.1556E-10 3.2432E-10 3.3910E-10 3.6158E-10 3.8791E-10 4.1492E-10 4.3851E-10 4.6229E-10 4.8760E-10 5.1974E-10 5.5344E-10
7.4055E-11 7.6769E-11 7.9566E-11 8.2448E-11 8.5415E-11 8.8470E-11 9.1615E-11 9.4851E-11 9.8180E-11 1.0160E-10 1.0513E-10 1.0875E-10 1.1247E-10 1.1629E-10 1.2021E-10 1.2424E-10 1.2838E-10 1.3263E-10 1.3698E-10 1.4145E-10 1.4604E-10 1.5073E-10 1.5555E-10 1.6048E-10 1.6553E-10 1.7071E-10 1.7600E-10 1.8142E-10 1.8697E-10 1.9264E-10 1.9844E-10 2.0437E-10 2.1043E-10 2.1662E-10 2.2294E-10 2.2939E-10 2.3597E-10 2.4269E-10 2.4955E-10 2.5654E-10 2.6366E-10 2.7093E-10 2.7832E-10 2.8586E-10 2.9353E-10 3.0215E-10 3.1111E-10 3.2002E-10 3.3310E-10 3.5505E-10 3.8103E-10 4.0891E-10 4.3094E-10 4.5552E-10 4.8041E-10 5.1215E-10 5.4540E-10
7.3072E-11 7.5751E-11 7.8511E-11 8.1355E-11 8.4284E-11 8.7300E-11 9.0404E-11 9.3598E-11 9.6884E-11 1.0026E-10 1.0374E-10 1.0731E-10 1.1098E-10 1.1476E-10 1.1863E-10 1.2261E-10 1.2670E-10 1.3089E-10 1.3519E-10 1.3960E-10 1.4412E-10 1.4876E-10 1.5352E-10 1.5839E-10 1.6337E-10 1.6848E-10 1.7371E-10 1.7906E-10 1.8454E-10 1.9014E-10 1.9586E-10 2.0172E-10 2.0770E-10 2.1381E-10 2.2005E-10 2.2642E-10 2.3292E-10 2.3956E-10 2.4633E-10 2.5323E-10 2.6026E-10 2.6743E-10 2.7474E-10 2.8218E-10 2.8976E-10 2.9811E-10 3.0664E-10 3.1548E-10 3.2732E-10 3.4871E-10 3.7267E-10 4.0005E-10 4.2449E-10 4.4866E-10 4.7312E-10 5.0442E-10 5.3823E-10
7.2085E-11 7.4729E-11 7.7453E-11 8.0259E-11 8.3149E-11 8.6125E-11 8.9188E-11 9.2340E-11 9.5583E-11 9.8919E-11 1.0235E-10 1.0587E-10 1.0950E-10 1.1322E-10 1.1705E-10 1.2097E-10 1.2500E-10 1.2914E-10 1.3339E-10 1.3774E-10 1.4221E-10 1.4678E-10 1.5147E-10 1.5628E-10 1.6120E-10 1.6625E-10 1.7141E-10 1.7669E-10 1.8209E-10 1.8762E-10 1.9327E-10 1.9905E-10 2.0495E-10 2.1099E-10 2.1715E-10 2.2344E-10 2.2986E-10 2.3641E-10 2.4309E-10 2.4990E-10 2.5685E-10 2.6393E-10 2.7114E-10 2.7848E-10 2.8596E-10 2.9390E-10 3.0211E-10 3.1097E-10 3.2269E-10 3.4391E-10 3.6577E-10 3.8998E-10 4.1797E-10 4.4171E-10 4.6572E-10 4.9656E-10 5.2987E-10
7.1095E-11 7.3703E-11 7.6390E-11 7.9159E-11 8.2010E-11 8.4946E-11 8.7968E-11 9.1078E-11 9.4277E-11 9.7568E-11 1.0095E-10 1.0443E-10 1.0801E-10 1.1168E-10 1.1545E-10 1.1933E-10 1.2331E-10 1.2739E-10 1.3158E-10 1.3587E-10 1.4028E-10 1.4480E-10 1.4943E-10 1.5417E-10 1.5903E-10 1.6400E-10 1.6909E-10 1.7431E-10 1.7964E-10 1.8510E-10 1.9067E-10 1.9637E-10 2.0220E-10 2.0815E-10 2.1423E-10 2.2044E-10 2.2678E-10 2.3324E-10 2.3984E-10 2.4656E-10 2.5342E-10 2.6040E-10 2.6752E-10 2.7477E-10 2.8215E-10 2.8971E-10 2.9781E-10 3.0590E-10 3.1798E-10 3.3910E-10 3.5917E-10 3.8115E-10 4.1001E-10 4.3351E-10 4.5822E-10 4.8858E-10 5.2246E-10
7.0103E-11 7.2675E-11 7.5325E-11 7.8056E-11 8.0868E-11 8.3764E-11 8.6744E-11 8.9812E-11 9.2968E-11 9.6214E-11 9.9552E-11 1.0298E-10 1.0651E-10 1.1013E-10 1.1386E-10 1.1768E-10 1.2160E-10 1.2563E-10 1.2976E-10 1.3400E-10 1.3835E-10 1.4280E-10 1.4737E-10 1.5205E-10 1.5684E-10 1.6175E-10 1.6677E-10 1.7192E-10 1.7718E-10 1.8256E-10 1.8806E-10 1.9369E-10 1.9944E-10 2.0531E-10 2.1131E-10 2.1743E-10 2.2368E-10 2.3006E-10 2.3657E-10 2.4321E-10 2.4997E-10 2.5686E-10 2.6389E-10 2.7104E-10 2.7833E-10 2.8574E-10 2.9347E-10 3.0163E-10 3.1172E-10 3.3401E-10 3.5268E-10 3.7392E-10 4.0187E-10 4.2636E-10 4.4949E-10 4.8050E-10 5.1384E-10
6.9108E-11 7.1644E-11 7.4258E-11 7.6950E-11 7.9723E-11 8.2579E-11 8.5518E-11 8.8543E-11 9.1655E-11 9.4857E-11 9.8148E-11 1.0153E-10 1.0501E-10 1.0858E-10 1.1225E-10 1.1602E-10 1.1989E-10 1.2387E-10 1.2794E-10 1.3212E-10 1.3641E-10 1.4080E-10 1.4531E-10 1.4992E-10 1.5465E-10 1.5949E-10 1.6445E-10 1.6952E-10 1.7471E-10 1.8002E-10 1.8545E-10 1.9099E-10 1.9666E-10 2.0246E-10 2.0838E-10 2.1442E-10 2.2058E-10 2.2688E-10 2.3329E-10 2.3984E-10 2.4651E-10 2.5332E-10 2.6024E-10 2.6730E-10 2.7449E-10 2.8180E-10 2.8924E-10 2.9713E-10 3.0529E-10 3.2732E-10 3.4433E-10 3.6714E-10 3.9262E-10 4.1753E-10 4.4186E-10 4.7233E-10 5.0510E-10
6.8111E-11 7.0612E-11 7.3188E-11 7.5843E-11 7.8577E-11 8.1392E-11 8.4290E-11 8.7272E-11 9.0340E-11 9.3496E-11 9.6742E-11 1.0008E-10 1.0351E-10 1.0703E-10 1.1065E-10 1.1437E-10 1.1818E-10 1.2210E-10 1.2612E-10 1.3024E-10 1.3446E-10 1.3880E-10 1.4324E-10 1.4779E-10 1.5245E-10 1.5723E-10 1.6211E-10 1.6712E-10 1.7223E-10 1.7747E-10 1.8282E-10 1.8829E-10 1.9389E-10 1.9960E-10 2.0543E-10 2.1139E-10 2.1747E-10 2.2368E-10 2.3001E-10 2.3647E-10 2.4305E-10 2.4976E-10 2.5659E-10 2.6355E-10 2.7064E-10 2.7785E-10 2.8519E-10 2.9268E-10 3.0070E-10 3.2257E-10 3.3764E-10 3.5728E-10 3.8350E-10 4.0719E-10 4.3351E-10 4.6293E-10 4.9626E-10
6.7114E-11 6.9578E-11 7.2118E-11 7.4734E-11 7.7428E-11 8.0203E-11 8.3059E-11 8.5999E-11 8.9023E-11 9.2134E-11 9.5333E-11 9.8622E-11 1.0200E-10 1.0547E-10 1.0904E-10 1.1271E-10 1.1647E-10 1.2033E-10 1.2429E-10 1.2835E-10 1.3252E-10 1.3679E-10 1.4117E-10 1.4566E-10 1.5025E-10 1.5496E-10 1.5978E-10 1.6471E-10 1.6975E-10 1.7491E-10 1.8019E-10 1.8559E-10 1.9110E-10 1.9673E-10 2.0249E-10 2.0836E-10 2.1436E-10 2.2048E-10 2.2672E-10 2.3308E-10 2.3957E-10 2.4619E-10 2.5293E-10 2.5979E-10 2.6678E-10 2.7389E-10 2.8113E-10 2.8849E-10 2.9609E-10 3.1416E-10 3.3251E-10 3.5146E-10 3.7338E-10 3.9801E-10 4.2285E-10 4.5417E-10 4.8733E-10
6.6115E-11 6.8544E-11 7.1046E-11 7.3624E-11 7.6279E-11 7.9013E-11 8.1828E-11 8.4725E-11 8.7705E-11 9.0770E-11 9.3923E-11 9.7164E-11 1.0049E-10 1.0392E-10 1.0743E-10 1.1104E-10 1.1475E-10 1.1855E-10 1.2246E-10 1.2646E-10 1.3057E-10 1.3478E-10 1.3910E-10 1.4352E-10 1.4805E-10 1.5269E-10 1.5744E-10 1.6230E-10 1.6727E-10 1.7236E-10 1.7756E-10 1.8288E-10 1.8831E-10 1.9386E-10 1.9953E-10 2.0532E-10 2.1124E-10 2.1727E-10 2.2342E-10 2.2970E-10 2.3609E-10 2.4261E-10 2.4926E-10 2.5602E-10 2.6291E-10 2.6992E-10 2.7706E-10 2.8432E-10 2.9170E-10 3.0789E-10 3.2652E-10 3.4582E-10 3.6588E-10 3.8993E-10 4.1370E-10 4.4452E-10 4.7805E-10
6.5117E-11 6.7509E-11 6.9974E-11 7.2514E-11 7.5130E-11 7.7823E-11 8.0596E-11 8.3450E-11 8.6386E-11 8.9406E-11 9.2512E-11 9.5705E-11 9.8987E-11 1.0236E-10 1.0582E-10 1.0938E-10 1.1303E-10 1.1678E-10 1.2063E-10 1.2457E-10 1.2862E-10 1.3277E-10 1.3702E-10 1.4138E-10 1.4584E-10 1.5041E-10 1.5509E-10 1.5988E-10 1.6478E-10 1.6979E-10 1.7492E-10 1.8016E-10 1.8552E-10 1.9099E-10 1.9658E-10 2.0228E-10 2.0811E-10 2.1405E-10 2.2012E-10 2.2630E-10 2.3261E-10 2.3903E-10 2.4558E-10 2.5225E-10 2.5904E-10 2.6595E-10 2.7298E-10 2.8014E-10 2.8742E-10 3.0311E-10 3.1825E-10 3.3731E-10 3.5682E-10 3.8093E-10 4.0439E-10 4.3345E-10 4.6675E-10
6.4118E-11 6.6474E-11 6.8902E-11 7.1404E-11 7.3980E-11 7.6633E-11 7.9364E-11 8.2175E-11 8.5067E-11 8.8042E-11 9.1101E-11 9.4246E-11 9.7479E-11 1.0080E-10 1.0421E-10 1.0772E-10 1.1131E-10 1.1501E-10 1.1880E-10 1.2268E-10 1.2667E-10 1.3076E-10 1.3494E-10 1.3924E-10 1.4363E-10 1.4814E-10 1.5275E-10 1.5747E-10 1.6229E-10 1.6723E-10 1.7228E-10 1.7745E-10 1.8272E-10 1.8811E-10 1.9362E-10 1.9924E-10 2.0498E-10 2.1084E-10 2.1681E-10 2.2291E-10 2.2912E-10 2.3545E-10 2.4190E-10 2.4847E-10 2.5516E-10 2.6197E-10 2.6890E-10 2.7595E-10 2.8312E-10 2.9851E-10 3.1304E-10 3.2938E-10 3.5089E-10 3.7300E-10 3.9568E-10 4.2378E-10 4.5511E-10
6.3121E-11 6.5440E-11 6.7831E-11 7.0294E-11 7.2831E-11 7.5443E-11 7.8133E-11 8.0901E-11 8.3749E-11 8.6678E-11 8.9691E-11 9.2788E-11 9.5971E-11 9.9242E-11 1.0260E-10 1.0605E-10 1.0960E-10 1.1323E-10 1.1696E-10 1.2079E-10 1.2472E-10 1.2874E-10 1.3287E-10 1.3710E-10 1.4143E-10 1.4586E-10 1.5040E-10 1.5505E-10 1.5981E-10 1.6467E-10 1.6964E-10 1.7473E-10 1.7993E-10 1.8524E-10 1.9066E-10 1.9620E-10 2.0185E-10 2.0762E-10 2.1351E-10 2.1951E-10 2.2563E-10 2.3187E-10 2.3822E-10 2.4469E-10 2.5129E-10 2.5799E-10 2.6482E-10 2.7177E-10 2.7883E-10 2.9097E-10 3.0540E-10 3.2244E-10 3.4465E-10 3.6518E-10 3.8673E-10 4.1403E-10 4.4240E-10
6.2124E-11 6.4408E-11 6.6761E-11 6.9186E-11 7.1683E-11 7.4255E-11 7.6903E-11 7.9628E-11 8.2431E-11 8.5315E-11 8.8281E-11 9.1331E-11 9.4465E-11 9.7685E-11 1.0099E-10 1.0439E-10 1.0788E-10 1.1146E-10 1.1513E-10 1.1890E-10 1.2277E-10 1.2673E-10 1.3079E-10 1.3496E-10 1.3922E-10 1.4359E-10 1.4806E-10 1.5264E-10 1.5732E-10 1.6211E-10 1.6701E-10 1.7201E-10 1.7713E-10 1.8236E-10 1.8770E-10 1.9316E-10 1.9872E-10 2.0441E-10 2.1020E-10 2.1611E-10 2.2214E-10 2.2828E-10 2.3454E-10 2.4092E-10 2.4741E-10 2.5402E-10 2.6074E-10 2.6758E-10 2.7454E-10 2.8644E-10 2.9895E-10 3.1557E-10 3.3416E-10 3.5550E-10 3.7692E-10 4.0525E-10 4.2956E-10
6.1129E-11 6.3376E-11 6.5692E-11 6.8079E-11 7.0537E-11 7.3068E-11 7.5674E-11 7.8356E-11 8.1116E-11 8.3954E-11 8.6874E-11 8.9875E-11 9.2960E-11 9.6130E-11 9.9387E-11 1.0273E-10 1.0616E-10 1.0969E-10 1.1331E-10 1.1702E-10 1.2082E-10 1.2472E-10 1.2872E-10 1.3282E-10 1.3702E-10 1.4132E-10 1.4572E-10 1.5022E-10 1.5483E-10 1.5955E-10 1.6437E-10 1.6930E-10 1.7434E-10 1.7949E-10 1.8475E-10 1.9012E-10 1.9560E-10 2.0119E-10 2.0690E-10 2.1272E-10 2.1865E-10 2.2470E-10 2.3086E-10 2.3714E-10 2.4353E-10 2.5004E-10 2.5666E-10 2.6339E-10 2.7024E-10 2.8188E-10 2.9284E-10 3.1031E-10 3.2506E-10 3.4746E-10 3.6959E-10 3.9506E-10 4.2003E-10
