Assets/Resources/2015_m01_d07_0800(utc+0800)_l00_csi_1hr_conc.grd
DSAA
         159         159
     -79.000      79.000
     -79.000      79.000
  0.0000E+00  0.5291E-05
[rows 25 to 49 of 159, columns 0 to 56 of 159]
0.0000E+00 0.0000E+00 0.0000E+00 0.0000E+00 0.0000E+00 0.0000E+00 0.0000E+00 0.0000E+00 0.0000E+00 0.0000E+00 0.0000E+00 1.8461E-12 5.6607E-12 1.3855E-11 2.1838E-11 2.4117E-11 2.6602E-11 3.2328E-11 3.5640E-11 3.9247E-11 4.4901E-11 5.3001E-11 7.1605E-11 8.7025E-11 9.9287E-11 1.1293E-10 1.2787E-10 1.4446E-10 1.5991E-10 1.7976E-10 2.0173E-10 2.2283E-10 2.4583E-10 2.7088E-10 2.9810E-10 3.2976E-10 3.6209E-10 3.9911E-10 4.3722E-10 4.8789E-10 5.3384E-10 5.9150E-10 6.5925E-10 7.2913E-10 8.0584E-10 8.8632E-10 9.9521E-10 1.0896E-09 1.2229E-09 1.3453E-09 1.4791E-09 1.6432E-09 1.8248E-09 2.0178E-09 2.2487E-09 2.5132E-09 2.7901E-09
0.0000E+00 0.0000E+00 0.0000E+00 0.0000E+00 0.0000E+00 0.0000E+00 0.0000E+00 0.0000E+00 0.0000E+00 0.0000E+00 0.0000E+00 1.1254E-12 4.8535E-12 1.2829E-11 2.0120E-11 2.3625E-11 2.6060E-11 3.0275E-11 3.4928E-11 3.8463E-11 4.4014E-11 5.1972E-11 6.8562E-11 8.5526E-11 9.7610E-11 1.1105E-10 1.2578E-10 1.4213E-10 1.5736E-10 1.7695E-10 1.9862E-10 2.1942E-10 2.4210E-10 2.6679E-10 2.9363E-10 3.2498E-10 3.5688E-10 3.9358E-10 4.3128E-10 4.8169E-10 5.2716E-10 5.8868E-10 6.5286E-10 7.2356E-10 8.0547E-10 8.8814E-10 9.9235E-10 1.1004E-09 1.2202E-09 1.3353E-09 1.4694E-09 1.6159E-09 1.7982E-09 1.9959E-09 2.2182E-09 2.4795E-09 2.7532E-09
0.0000E+00 0.0000E+00 0.0000E+00 0.0000E+00 0.0000E+00 0.0000E+00 0.0000E+00 0.0000E+00 0.0000E+00 0.0000E+00 0.0000E+00 4.4393E-13 3.3690E-12 1.1820E-11 1.9683E-11 2.3116E-11 2.5499E-11 2.9631E-11 3.4189E-11 3.7650E-11 4.3091E-11 5.0899E-11 6.7240E-11 8.3932E-11 9.5822E-11 1.0904E-10 1.2354E-10 1.3964E-10 1.5461E-10 1.7391E-10 1.9526E-10 2.1572E-10 2.3804E-10 2.6235E-10 2.8877E-10 3.1977E-10 3.5120E-10 3.8751E-10 4.2681E-10 4.7484E-10 5.2030E-10 5.8770E-10 6.5066E-10 7.2459E-10 7.9887E-10 8.8186E-10 9.8678E-10 1.0955E-09 1.2162E-09 1.3319E-09 1.4651E-09 1.6126E-09 1.7663E-09 1.9653E-09 2.1854E-09 2.4375E-09 2.7538E-09
0.0000E+00 0.0000E+00 0.0000E+00 0.0000E+00 0.0000E+00 0.0000E+00 0.0000E+00 0.0000E+00 0.0000E+00 0.0000E+00 0.0000E+00 4.3100E-13 3.2798E-12 9.6149E-12 1.9233E-11 2.2591E-11 2.4921E-11 2.8965E-11 3.3425E-11 3.6809E-11 4.2137E-11 4.9785E-11 5.8520E-11 8.2250E-11 9.3930E-11 1.0691E-10 1.2117E-10 1.3698E-10 1.5168E-10 1.7067E-10 1.9166E-10 2.1176E-10 2.3369E-10 2.5758E-10 2.8354E-10 3.1416E-10 3.4507E-10 3.8095E-10 4.2272E-10 4.6736E-10 5.1690E-10 5.8185E-10 6.4274E-10 7.1701E-10 7.9123E-10 8.8835E-10 9.8000E-10 1.1037E-09 1.2107E-09 1.3268E-09 1.4529E-09 1.6003E-09 1.7601E-09 1.9515E-09 2.1559E-09 2.3884E-09 2.6946E-09
0.0000E+00 0.0000E+00 0.0000E+00 0.0000E+00 0.0000E+00 0.0000E+00 0.0000E+00 0.0000E+00 0.0000E+00 0.0000E+00 0.0000E+00 0.0000E+00 1.8145E-12 8.6883E-12 1.7572E-11 2.2052E-11 2.4327E-11 2.8281E-11 3.2638E-11 3.5943E-11 4.1152E-11 4.8634E-11 5.7185E-11 8.0486E-11 9.1942E-11 1.0467E-10 1.1600E-10 1.3417E-10 1.4858E-10 1.6722E-10 1.8783E-10 2.0755E-10 2.2906E-10 2.5249E-10 2.7796E-10 3.0815E-10 3.3850E-10 3.7391E-10 4.1773E-10 4.5927E-10 5.1002E-10 5.7810E-10 6.4202E-10 7.1369E-10 7.8837E-10 8.8035E-10 9.7194E-10 1.0964E-09 1.2036E-09 1.3201E-09 1.4481E-09 1.5853E-09 1.7449E-09 1.9235E-09 2.1335E-09 2.3837E-09 2.6413E-09
0.0000E+00 0.0000E+00 0.0000E+00 0.0000E+00 0.0000E+00 0.0000E+00 0.0000E+00 0.0000E+00 0.0000E+00 0.0000E+00 0.0000E+00 0.0000E+00 4.4373E-13 4.1418E-12 1.4114E-11 2.1501E-11 2.3719E-11 2.7580E-11 3.1832E-11 3.5056E-11 3.8562E-11 4.5863E-11 5.5809E-11 7.1458E-11 8.9864E-11 1.0232E-10 1.1340E-10 1.3122E-10 1.4532E-10 1.6075E-10 1.8379E-10 2.0310E-10 2.2417E-10 2.4712E-10 2.7207E-10 3.0179E-10 3.3154E-10 3.6643E-10 4.1090E-10 4.5111E-10 5.0844E-10 5.6913E-10 6.3315E-10 7.0447E-10 7.7916E-10 8.7121E-10 9.6261E-10 1.0876E-09 1.1949E-09 1.3118E-09 1.4401E-09 1.5777E-09 1.7396E-09 1.9136E-09 2.0972E-09 2.3312E-09 2.6064E-09
0.0000E+00 0.0000E+00 0.0000E+00 0.0000E+00 0.0000E+00 0.0000E+00 0.0000E+00 0.0000E+00 0.0000E+00 0.0000E+00 0.0000E+00 0.0000E+00 0.0000E+00 3.3036E-12 1.1751E-11 1.9666E-11 2.3099E-11 2.5453E-11 2.9596E-11 3.4149E-11 3.7564E-11 4.3015E-11 5.4394E-11 6.9704E-11 8.7705E-11 9.9877E-11 1.1070E-10 1.2552E-10 1.4192E-10 1.5699E-10 1.7956E-10 1.9844E-10 2.1904E-10 2.4147E-10 2.6587E-10 2.9509E-10 3.2421E-10 3.5853E-10 4.0247E-10 4.4575E-10 5.0249E-10 5.5947E-10 6.2787E-10 6.9967E-10 7.7619E-10 8.6096E-10 9.5203E-10 1.0773E-09 1.1844E-09 1.3028E-09 1.4299E-09 1.5680E-09 1.7212E-09 1.8948E-09 2.0849E-09 2.3125E-09 2.5693E-09
0.0000E+00 0.0000E+00 0.0000E+00 0.0000E+00 0.0000E+00 0.0000E+00 0.0000E+00 0.0000E+00 0.0000E+00 0.0000E+00 0.0000E+00 0.0000E+00 0.0000E+00 2.5048E-12 1.0044E-11 1.9127E-11 2.2469E-11 2.4759E-11 2.8793E-11 3.3224E-11 3.6548E-11 4.1856E-11 5.1308E-11 6.7898E-11 8.5472E-11 9.7347E-11 1.0790E-10 1.2237E-10 1.3838E-10 1.5308E-10 1.7234E-10 1.9357E-10 2.1368E-10 2.3558E-10 2.5940E-10 2.8808E-10 3.1653E-10 3.5025E-10 3.9357E-10 4.4091E-10 4.9727E-10 5.5640E-10 6.1732E-10 6.8891E-10 7.6521E-10 8.4962E-10 9.5473E-10 1.0655E-09 1.1724E-09 1.2907E-09 1.4177E-09 1.5590E-09 1.7097E-09 1.8726E-09 2.0638E-09 2.2715E-09 2.5233E-09
0.0000E+00 0.0000E+00 0.0000E+00 0.0000E+00 0.0000E+00 0.0000E+00 0.0000E+00 0.0000E+00 0.0000E+00 0.0000E+00 0.0000E+00 0.0000E+00 0.0000E+00 4.3901E-13 7.2515E-12 1.7377E-11 2.1831E-11 2.4056E-11 2.7979E-11 3.2286E-11 3.5517E-11 4.0678E-11 4.8145E-11 6.4311E-11 8.0677E-11 9.4739E-11 1.0501E-10 1.1912E-10 1.3472E-10 1.4905E-10 1.6782E-10 1.8853E-10 2.0812E-10 2.2947E-10 2.5268E-10 2.8079E-10 3.0855E-10 3.4177E-10 3.8426E-10 4.3109E-10 4.8699E-10 5.4652E-10 6.0604E-10 6.8325E-10 7.5328E-10 8.3721E-10 9.4188E-10 1.0522E-09 1.1603E-09 1.2767E-09 1.4035E-09 1.5452E-09 1.6956E-09 1.8600E-09 2.0477E-09 2.2437E-09 2.4701E-09
0.0000E+00 0.0000E+00 0.0000E+00 0.0000E+00 0.0000E+00 0.0000E+00 0.0000E+00 0.0000E+00 0.0000E+00 0.0000E+00 0.0000E+00 0.0000E+00 0.0000E+00 0.0000E+00 4.0194E-12 1.3867E-11 2.1185E-11 2.3345E-11 2.7155E-11 3.1336E-11 3.4472E-11 3.9484E-11 4.6735E-11 6.2469E-11 7.8381E-11 8.9616E-11 1.0205E-10 1.1578E-10 1.3096E-10 1.4489E-10 1.6317E-10 1.8333E-10 2.0239E-10 2.2315E-10 2.4574E-10 2.7325E-10 3.0028E-10 3.3325E-10 3.7556E-10 4.2619E-10 4.8056E-10 5.3946E-10 5.9893E-10 6.7223E-10 7.4045E-10 8.2377E-10 9.2779E-10 1.0375E-09 1.1451E-09 1.2609E-09 1.3892E-09 1.5288E-09 1.6789E-09 1.8438E-09 2.0205E-09 2.2241E-09 2.4473E-09
0.0000E+00 0.0000E+00 0.0000E+00 0.0000E+00 0.0000E+00 0.0000E+00 0.0000E+00 0.0000E+00 0.0000E+00 0.0000E+00 0.0000E+00 0.0000E+00 0.0000E+00 0.0000E+00 2.4812E-12 1.0052E-11 1.9266E-11 2.2628E-11 2.6324E-11 2.8969E-11 3.3417E-11 3.6719E-11 4.3760E-11 5.3385E-11 6.8828E-11 8.6952E-11 9.9025E-11 1.1237E-10 1.2711E-10 1.4063E-10 1.5840E-10 1.7799E-10 1.9650E-10 2.1667E-10 2.3860E-10 2.6548E-10 2.9177E-10 3.2449E-10 3.7071E-10 4.1713E-10 4.6989E-10 5.2771E-10 5.8641E-10 6.5935E-10 7.2674E-10 8.0932E-10 9.1250E-10 1.0218E-09 1.1283E-09 1.2434E-09 1.3726E-09 1.5102E-09 1.6602E-09 1.8243E-09 2.0007E-09 2.1915E-09 2.4125E-09
0.0000E+00 0.0000E+00 0.0000E+00 0.0000E+00 0.0000E+00 0.0000E+00 0.0000E+00 0.0000E+00 0.0000E+00 0.0000E+00 0.0000E+00 0.0000E+00 0.0000E+00 0.0000E+00 4.2990E-13 8.4973E-12 1.8651E-11 2.1907E-11 2.4113E-11 2.8049E-11 3.2356E-11 3.5553E-11 4.0721E-11 5.0051E-11 6.6672E-11 8.4242E-11 9.5943E-11 1.0888E-10 1.2318E-10 1.3629E-10 1.5353E-10 1.7253E-10 1.9048E-10 2.1003E-10 2.3130E-10 2.5753E-10 2.8304E-10 3.1543E-10 3.6249E-10 4.0697E-10 4.6298E-10 5.1966E-10 5.7821E-10 6.4573E-10 7.1220E-10 7.9391E-10 8.9605E-10 1.0056E-09 1.1099E-09 1.2249E-09 1.3526E-09 1.4893E-09 1.6400E-09 1.8020E-09 1.9778E-09 2.1680E-09 2.3850E-09
0.0000E+00 0.0000E+00 0.0000E+00 0.0000E+00 0.0000E+00 0.0000E+00 0.0000E+00 0.0000E+00 0.0000E+00 0.0000E+00 0.0000E+00 0.0000E+00 0.0000E+00 0.0000E+00 0.0000E+00 7.0218E-12 1.2465E-11 2.1184E-11 2.3317E-11 2.7125E-11 3.1289E-11 3.4382E-11 3.9380E-11 4.6651E-11 6.2752E-11 8.1495E-11 9.2818E-11 1.0277E-10 1.1661E-10 1.3187E-10 1.4857E-10 1.6697E-10 1.8434E-10 2.0327E-10 2.2386E-10 2.4941E-10 2.7414E-10 3.0594E-10 3.5495E-10 3.9996E-10 4.5251E-10 5.0693E-10 5.6534E-10 6.3142E-10 6.9686E-10 7.7758E-10 8.7848E-10 9.8687E-10 1.0901E-09 1.2059E-09 1.3307E-09 1.4662E-09 1.6160E-09 1.7770E-09 1.9517E-09 2.1410E-09 2.3454E-09
0.0000E+00 0.0000E+00 0.0000E+00 0.0000E+00 0.0000E+00 0.0000E+00 0.0000E+00 0.0000E+00 0.0000E+00 0.0000E+00 0.0000E+00 0.0000E+00 0.0000E+00 0.0000E+00 0.0000E+00 4.3406E-13 1.0038E-11 2.0460E-11 2.2521E-11 2.6201E-11 3.0221E-11 3.3208E-11 3.8035E-11 4.3488E-11 6.0617E-11 7.6245E-11 8.7198E-11 9.9277E-11 1.1266E-10 1.2740E-10 1.4079E-10 1.5858E-10 1.7812E-10 1.9642E-10 2.1632E-10 2.4117E-10 2.6509E-10 2.9608E-10 3.4459E-10 3.8866E-10 4.4019E-10 4.9803E-10 5.5194E-10 6.1645E-10 6.8077E-10 7.5436E-10 8.5989E-10 9.6687E-10 1.0687E-09 1.1841E-09 1.3069E-09 1.4428E-09 1.5896E-09 1.7492E-09 1.9226E-09 2.1105E-09 2.3136E-09
0.0000E+00 0.0000E+00 0.0000E+00 0.0000E+00 0.0000E+00 0.0000E+00 0.0000E+00 0.0000E+00 0.0000E+00 0.0000E+00 0.0000E+00 0.0000E+00 0.0000E+00 0.0000E+00 0.0000E+00 0.0000E+00 8.4366E-12 1.8504E-11 2.1727E-11 2.3887E-11 2.7785E-11 3.2036E-11 3.5161E-11 4.1950E-11 4.9589E-11 6.6386E-11 8.4105E-11 9.5754E-11 1.0867E-10 1.2289E-10 1.3581E-10 1.5298E-10 1.7184E-10 1.8949E-10 2.0868E-10 2.3282E-10 2.5592E-10 2.8591E-10 3.3622E-10 3.7695E-10 4.3069E-10 4.8446E-10 5.3747E-10 6.0086E-10 6.6398E-10 7.3644E-10 8.3520E-10 9.4565E-10 1.0465E-09 1.1600E-09 1.2812E-09 1.4157E-09 1.5608E-09 1.7187E-09 1.8904E-09 2.0766E-09 2.2780E-09
0.0000E+00 0.0000E+00 0.0000E+00 0.0000E+00 0.0000E+00 0.0000E+00 0.0000E+00 0.0000E+00 0.0000E+00 0.0000E+00 0.0000E+00 0.0000E+00 0.0000E+00 0.0000E+00 0.0000E+00 0.0000E+00 5.5449E-12 1.0287E-11 2.0935E-11 2.3017E-11 2.6774E-11 3.0867E-11 3.3879E-11 3.8796E-11 4.7769E-11 6.3944E-11 8.1000E-11 9.2217E-11 1.0466E-10 1.1836E-10 1.3080E-10 1.4734E-10 1.6551E-10 1.8251E-10 2.0100E-10 2.2440E-10 2.4668E-10 2.7580E-10 3.2605E-10 3.6491E-10 4.1793E-10 4.7048E-10 5.2236E-10 5.8471E-10 6.4654E-10 7.1778E-10 8.1544E-10 9.2327E-10 1.0242E-09 1.1344E-09 1.2538E-09 1.3866E-09 1.5297E-09 1.6856E-09 1.8553E-09 2.0393E-09 2.2386E-09
0.0000E+00 0.0000E+00 0.0000E+00 0.0000E+00 0.0000E+00 0.0000E+00 0.0000E+00 0.0000E+00 0.0000E+00 0.0000E+00 0.0000E+00 0.0000E+00 0.0000E+00 0.0000E+00 0.0000E+00 0.0000E+00 0.0000E+00 9.9064E-12 2.0148E-11 2.2153E-11 2.5768E-11 2.9705E-11 3.2603E-11 3.7332E-11 4.2680E-11 5.9816E-11 7.7895E-11 8.8676E-11 9.8070E-11 1.1127E-10 1.2578E-10 1.4169E-10 1.5916E-10 1.7550E-10 1.9328E-10 2.1594E-10 2.3738E-10 2.6574E-10 3.1532E-10 3.5304E-10 4.0739E-10 4.5615E-10 5.0682E-10 5.6805E-10 6.2851E-10 6.9841E-10 7.9419E-10 8.9980E-10 1.0001E-09 1.1073E-09 1.2259E-09 1.3555E-09 1.4964E-09 1.6501E-09 1.8173E-09 1.9989E-09 2.1956E-09
0.0000E+00 0.0000E+00 0.0000E+00 0.0000E+00 0.0000E+00 0.0000E+00 0.0000E+00 0.0000E+00 0.0000E+00 0.0000E+00 0.0000E+00 0.0000E+00 0.0000E+00 0.0000E+00 0.0000E+00 0.0000E+00 0.0000E+00 7.6247E-12 1.4956E-11 2.1295E-11 2.3386E-11 2.7197E-11 3.1337E-11 3.4355E-11 4.1015E-11 5.5808E-11 6.5189E-11 8.2750E-11 9.4160E-11 1.0684E-10 1.2076E-10 1.3328E-10 1.5008E-10 1.6850E-10 1.8556E-10 2.0747E-10 2.2807E-10 2.5566E-10 3.0399E-10 3.4089E-10 3.9411E-10 4.4170E-10 4.9091E-10 5.5093E-10 6.0993E-10 6.7840E-10 7.5833E-10 8.7533E-10 9.7393E-10 1.0789E-09 1.1960E-09 1.3226E-09 1.4610E-09 1.6121E-09 1.7766E-09 1.9553E-09 2.1490E-09
0.0000E+00 0.0000E+00 0.0000E+00 0.0000E+00 0.0000E+00 0.0000E+00 0.0000E+00 0.0000E+00 0.0000E+00 0.0000E+00 0.0000E+00 0.0000E+00 0.0000E+00 0.0000E+00 0.0000E+00 0.0000E+00 0.0000E+00 1.1656E-12 1.0070E-11 2.0446E-11 2.2455E-11 2.6112E-11 3.0084E-11 3.2980E-11 3.7752E-11 4.6538E-11 6.2524E-11 7.9339E-11 9.0269E-11 1.0242E-10 1.1576E-10 1.2776E-10 1.4387E-10 1.6151E-10 1.7786E-10 1.9900E-10 2.1877E-10 2.4555E-10 2.9221E-10 3.2863E-10 3.8016E-10 4.2705E-10 4.7468E-10 5.3341E-10 5.9087E-10 6.5807E-10 7.3587E-10 8.3664E-10 9.4653E-10 1.0492E-09 1.1640E-09 1.2880E-09 1.4237E-09 1.5719E-09 1.7333E-09 1.9088E-09 2.0991E-09
0.0000E+00 0.0000E+00 0.0000E+00 0.0000E+00 0.0000E+00 0.0000E+00 0.0000E+00 0.0000E+00 0.0000E+00 0.0000E+00 0.0000E+00 0.0000E+00 0.0000E+00 0.0000E+00 0.0000E+00 0.0000E+00 0.0000E+00 0.0000E+00 9.0083E-12 1.6386E-11 2.1534E-11 2.5040E-11 2.7462E-11 3.1622E-11 3.4626E-11 4.1363E-11 5.8215E-11 7.5954E-11 8.3927E-11 9.5440E-11 1.0825E-10 1.2228E-10 1.3769E-10 1.5456E-10 1.7021E-10 1.9058E-10 2.0951E-10 2.3551E-10 2.7931E-10 3.1633E-10 3.6574E-10 4.1212E-10 4.5817E-10 5.1553E-10 5.7140E-10 6.3739E-10 7.0681E-10 8.0558E-10 9.1813E-10 1.0183E-09 1.1306E-09 1.2518E-09 1.3845E-09 1.5295E-09 1.6876E-09 1.8595E-09 2.0460E-09
0.0000E+00 0.0000E+00 0.0000E+00 0.0000E+00 0.0000E+00 0.0000E+00 0.0000E+00 0.0000E+00 0.0000E+00 0.0000E+00 0.0000E+00 0.0000E+00 0.0000E+00 0.0000E+00 0.0000E+00 0.0000E+00 0.0000E+00 0.0000E+00 3.5386E-12 1.0176E-11 2.0627E-11 2.2627E-11 2.6303E-11 3.0283E-11 3.3160E-11 3.9599E-11 5.4073E-11 6.3122E-11 8.0224E-11 9.1216E-11 1.0345E-10 1.1685E-10 1.2879E-10 1.4496E-10 1.6262E-10 1.8222E-10 2.0032E-10 2.2539E-10 2.6552E-10 3.0389E-10 3.5034E-10 3.9697E-10 4.4146E-10 4.9737E-10 5.5157E-10 6.1620E-10 6.8343E-10 7.8037E-10 8.8885E-10 9.8712E-10 1.0960E-09 1.2142E-09 1.3437E-09 1.4853E-09 1.6397E-09 1.8077E-09 1.9901E-09
0.0000E+00 0.0000E+00 0.0000E+00 0.0000E+00 0.0000E+00 0.0000E+00 0.0000E+00 0.0000E+00 0.0000E+00 0.0000E+00 0.0000E+00 0.0000E+00 0.0000E+00 0.0000E+00 0.0000E+00 0.0000E+00 0.0000E+00 0.0000E+00 0.0000E+00 9.0922E-12 1.7775E-11 2.1648E-11 2.5163E-11 2.7564E-11 3.1717E-11 3.6283E-11 4.3210E-11 5.8578E-11 7.6570E-11 8.7047E-11 9.8717E-11 1.1148E-10 1.2288E-10 1.3829E-10 1.5512E-10 1.7395E-10 1.9123E-10 2.1523E-10 2.5156E-10 2.9135E-10 3.3454E-10 3.8164E-10 4.2458E-10 4.7898E-10 5.3146E-10 5.9458E-10 6.5958E-10 7.5441E-10 8.5880E-10 9.5491E-10 1.0602E-09 1.1753E-09 1.3013E-09 1.4392E-09 1.5897E-09 1.7535E-09 1.9313E-09
0.0000E+00 0.0000E+00 0.0000E+00 0.0000E+00 0.0000E+00 0.0000E+00 0.0000E+00 0.0000E+00 0.0000E+00 0.0000E+00 0.0000E+00 0.0000E+00 0.0000E+00 0.0000E+00 0.0000E+00 0.0000E+00 0.0000E+00 0.0000E+00 0.0000E+00 5.0325E-12 1.1391E-11 2.0038E-11 2.2666E-11 2.6337E-11 3.0299E-11 3.3139E-11 3.9584E-11 5.4241E-11 7.2973E-11 8.0526E-11 9.1488E-11 1.0371E-10 1.1705E-10 1.3172E-10 1.4773E-10 1.6578E-10 1.8225E-10 2.0507E-10 2.3757E-10 2.7875E-10 3.1859E-10 3.6619E-10 4.0760E-10 4.6041E-10 5.1112E-10 5.7259E-10 6.3537E-10 7.2752E-10 8.2809E-10 9.2183E-10 1.0235E-09 1.1352E-09 1.2576E-09 1.3918E-09 1.5379E-09 1.6970E-09 1.8700E-09
0.0000E+00 0.0000E+00 0.0000E+00 0.0000E+00 0.0000E+00 0.0000E+00 0.0000E+00 0.0000E+00 0.0000E+00 0.0000E+00 0.0000E+00 0.0000E+00 0.0000E+00 0.0000E+00 0.0000E+00 0.0000E+00 0.0000E+00 0.0000E+00 0.0000E+00 0.0000E+00 8.7008E-12 1.7809E-11 2.1634E-11 2.5134E-11 2.8910E-11 3.1619E-11 3.6150E-11 4.3071E-11 5.8536E-11 7.6625E-11 8.7038E-11 9.8653E-11 1.1132E-10 1.2253E-10 1.3782E-10 1.5775E-10 1.7342E-10 1.9496E-10 2.2363E-10 2.6615E-10 3.0263E-10 3.5067E-10 3.9057E-10 4.4174E-10 4.9063E-10 5.5031E-10 6.1086E-10 6.8081E-10 7.7788E-10 8.8771E-10 9.8605E-10 1.0942E-09 1.2129E-09 1.3426E-09 1.4844E-09 1.6386E-09 1.8063E-09
0.0000E+00 0.0000E+00 0.0000E+00 0.0000E+00 0.0000E+00 0.0000E+00 0.0000E+00 0.0000E+00 0.0000E+00 0.0000E+00 0.0000E+00 0.0000E+00 0.0000E+00 0.0000E+00 0.0000E+00 0.0000E+00 0.0000E+00 0.0000E+00 0.0000E+00 0.0000E+00 5.0543E-12 1.1381E-11 1.9320E-11 2.2571E-11 2.6212E-11 3.0132E-11 3.2916E-11 3.9321E-11 5.4035E-11 7.2803E-11 8.0232E-11 9.3698E-11 1.0318E-10 1.1635E-10 1.3085E-10 1.4987E-10 1.6475E-10 1.8495E-10 2.1015E-10 2.5335E-10 2.8671E-10 3.3513E-10 3.7354E-10 4.2302E-10 4.7006E-10 5.2781E-10 5.8614E-10 6.5395E-10 7.4721E-10 8.5295E-10 9.4790E-10 1.0524E-09 1.1669E-09 1.2924E-09 1.4292E-09 1.5784E-09 1.7406E-09
