Assets/Resources/2015_m01_d21_0200(utc+0800)_l00_csi_1hr_conc.grd
DSAA
         159         159
     -79.000      79.000
     -79.000      79.000
  0.6771E-09  0.2735E-04
[rows 100 to 124 of 159, columns 0 to 56 of 159]
6.2716E-09 6.4624E-09 6.6578E-09 6.8541E-09 7.0507E-09 7.2484E-09 7.4486E-09 7.6481E-09 7.8480E-09 8.0494E-09 8.2491E-09 8.4481E-09 8.6477E-09 8.8445E-09 9.0397E-09 9.2327E-09 9.4250E-09 9.6130E-09 9.7979E-09 9.9808E-09 1.0159E-08 1.0332E-08 1.0501E-08 1.0667E-08 1.0827E-08 1.0980E-08 1.1131E-08 1.1273E-08 1.1409E-08 1.1538E-08 1.1663E-08 1.1779E-08 1.1888E-08 1.1992E-08 1.2087E-08 1.2173E-08 1.2255E-08 1.2327E-08 1.2391E-08 1.2447E-08 1.2498E-08 1.2539E-08 1.2572E-08 1.2603E-08 1.2622E-08 1.2633E-08 1.2636E-08 1.2632E-08 1.2621E-08 1.2603E-08 1.2578E-08 1.2546E-08 1.2507E-08 1.2462E-08 1.2419E-08 1.2362E-08 1.2300E-08
6.2227E-09 6.4127E-09 6.6058E-09 6.7984E-09 6.9940E-09 7.1894E-09 7.3871E-09 7.5841E-09 7.7815E-09 7.9803E-09 8.1774E-09 8.3738E-09 8.5707E-09 8.7649E-09 8.9574E-09 9.1478E-09 9.3374E-09 9.5228E-09 9.7050E-09 9.8837E-09 1.0060E-08 1.0231E-08 1.0398E-08 1.0559E-08 1.0718E-08 1.0870E-08 1.1015E-08 1.1157E-08 1.1291E-08 1.1418E-08 1.1541E-08 1.1655E-08 1.1762E-08 1.1862E-08 1.1957E-08 1.2042E-08 1.2119E-08 1.2192E-08 1.2254E-08 1.2309E-08 1.2356E-08 1.2398E-08 1.2430E-08 1.2454E-08 1.2476E-08 1.2486E-08 1.2489E-08 1.2484E-08 1.2472E-08 1.2453E-08 1.2427E-08 1.2395E-08 1.2355E-08 1.2310E-08 1.2258E-08 1.2207E-08 1.2145E-08
6.1722E-09 6.3599E-09 6.5482E-09 6.7407E-09 6.9339E-09 7.1268E-09 7.3206E-09 7.5164E-09 7.7112E-09 7.9058E-09 8.1017E-09 8.2955E-09 8.4882E-09 8.6811E-09 8.8709E-09 9.0586E-09 9.2439E-09 9.4281E-09 9.6076E-09 9.7837E-09 9.9560E-09 1.0126E-08 1.0290E-08 1.0449E-08 1.0605E-08 1.0754E-08 1.0897E-08 1.1035E-08 1.1168E-08 1.1294E-08 1.1412E-08 1.1526E-08 1.1631E-08 1.1729E-08 1.1822E-08 1.1905E-08 1.1981E-08 1.2050E-08 1.2113E-08 1.2167E-08 1.2212E-08 1.2250E-08 1.2284E-08 1.2307E-08 1.2323E-08 1.2337E-08 1.2338E-08 1.2333E-08 1.2320E-08 1.2301E-08 1.2274E-08 1.2241E-08 1.2202E-08 1.2156E-08 1.2104E-08 1.2046E-08 1.1989E-08
6.1188E-09 6.3027E-09 6.4900E-09 6.6800E-09 6.8691E-09 7.0609E-09 7.2521E-09 7.4452E-09 7.6373E-09 7.8293E-09 8.0224E-09 8.2134E-09 8.4034E-09 8.5935E-09 8.7805E-09 8.9654E-09 9.1479E-09 9.3293E-09 9.5061E-09 9.6795E-09 9.8492E-09 1.0016E-08 1.0178E-08 1.0334E-08 1.0486E-08 1.0634E-08 1.0775E-08 1.0910E-08 1.1042E-08 1.1165E-08 1.1281E-08 1.1391E-08 1.1496E-08 1.1592E-08 1.1681E-08 1.1765E-08 1.1839E-08 1.1906E-08 1.1966E-08 1.2020E-08 1.2065E-08 1.2102E-08 1.2134E-08 1.2157E-08 1.2171E-08 1.2179E-08 1.2185E-08 1.2179E-08 1.2166E-08 1.2146E-08 1.2120E-08 1.2086E-08 1.2047E-08 1.2001E-08 1.1949E-08 1.1891E-08 1.1827E-08
6.0626E-09 6.2442E-09 6.4289E-09 6.6139E-09 6.8028E-09 6.9919E-09 7.1804E-09 7.3694E-09 7.5602E-09 7.7494E-09 7.9382E-09 8.1279E-09 8.3150E-09 8.5008E-09 8.6864E-09 8.8685E-09 9.0483E-09 9.2252E-09 9.4008E-09 9.5715E-09 9.7384E-09 9.9013E-09 1.0062E-08 1.0216E-08 1.0365E-08 1.0508E-08 1.0649E-08 1.0782E-08 1.0909E-08 1.1032E-08 1.1146E-08 1.1254E-08 1.1355E-08 1.1452E-08 1.1539E-08 1.1619E-08 1.1694E-08 1.1760E-08 1.1818E-08 1.1869E-08 1.1915E-08 1.1951E-08 1.1979E-08 1.2003E-08 1.2018E-08 1.2025E-08 1.2024E-08 1.2023E-08 1.2010E-08 1.1990E-08 1.1963E-08 1.1930E-08 1.1890E-08 1.1845E-08 1.1793E-08 1.1735E-08 1.1672E-08
6.0038E-09 6.1829E-09 6.3637E-09 6.5475E-09 6.7336E-09 6.9185E-09 7.1057E-09 7.2920E-09 7.4799E-09 7.6663E-09 7.8523E-09 8.0390E-09 8.2233E-09 8.4062E-09 8.5874E-09 8.7682E-09 8.9451E-09 9.1192E-09 9.2904E-09 9.4599E-09 9.6241E-09 9.7844E-09 9.9419E-09 1.0093E-08 1.0240E-08 1.0381E-08 1.0520E-08 1.0650E-08 1.0775E-08 1.0893E-08 1.1008E-08 1.1114E-08 1.1213E-08 1.1308E-08 1.1393E-08 1.1472E-08 1.1543E-08 1.1610E-08 1.1667E-08 1.1717E-08 1.1759E-08 1.1797E-08 1.1825E-08 1.1845E-08 1.1862E-08 1.1868E-08 1.1868E-08 1.1860E-08 1.1852E-08 1.1832E-08 1.1805E-08 1.1772E-08 1.1733E-08 1.1688E-08 1.1636E-08 1.1579E-08 1.1517E-08
5.9425E-09 6.1191E-09 6.2973E-09 6.4784E-09 6.6594E-09 6.8439E-09 7.0283E-09 7.2117E-09 7.3953E-09 7.5803E-09 7.7634E-09 7.9457E-09 8.1285E-09 8.3086E-09 8.4868E-09 8.6646E-09 8.8387E-09 9.0101E-09 9.1784E-09 9.3450E-09 9.5065E-09 9.6641E-09 9.8174E-09 9.9679E-09 1.0112E-08 1.0251E-08 1.0385E-08 1.0515E-08 1.0638E-08 1.0754E-08 1.0864E-08 1.0971E-08 1.1068E-08 1.1159E-08 1.1245E-08 1.1322E-08 1.1392E-08 1.1455E-08 1.1513E-08 1.1562E-08 1.1604E-08 1.1640E-08 1.1668E-08 1.1688E-08 1.1701E-08 1.1710E-08 1.1709E-08 1.1702E-08 1.1688E-08 1.1673E-08 1.1646E-08 1.1614E-08 1.1575E-08 1.1530E-08 1.1479E-08 1.1423E-08 1.1362E-08
5.8789E-09 6.0529E-09 6.2285E-09 6.4055E-09 6.5851E-09 6.7667E-09 6.9468E-09 7.1288E-09 7.3095E-09 7.4900E-09 7.6717E-09 7.8511E-09 8.0295E-09 8.2080E-09 8.3834E-09 8.5568E-09 8.7294E-09 8.8979E-09 9.0634E-09 9.2257E-09 9.3860E-09 9.5409E-09 9.6917E-09 9.8379E-09 9.9811E-09 1.0118E-08 1.0249E-08 1.0375E-08 1.0498E-08 1.0612E-08 1.0720E-08 1.0825E-08 1.0920E-08 1.1009E-08 1.1092E-08 1.1170E-08 1.1239E-08 1.1300E-08 1.1355E-08 1.1406E-08 1.1446E-08 1.1480E-08 1.1509E-08 1.1529E-08 1.1542E-08 1.1548E-08 1.1550E-08 1.1542E-08 1.1528E-08 1.1508E-08 1.1486E-08 1.1454E-08 1.1416E-08 1.1372E-08 1.1322E-08 1.1267E-08 1.1206E-08
5.8132E-09 5.9845E-09 6.1575E-09 6.3317E-09 6.5085E-09 6.6849E-09 6.8644E-09 7.0434E-09 7.2212E-09 7.3989E-09 7.5775E-09 7.7540E-09 7.9294E-09 8.1049E-09 8.2773E-09 8.4478E-09 8.6159E-09 8.7831E-09 8.9458E-09 9.1053E-09 9.2612E-09 9.4151E-09 9.5632E-09 9.7069E-09 9.8460E-09 9.9819E-09 1.0111E-08 1.0235E-08 1.0353E-08 1.0467E-08 1.0574E-08 1.0674E-08 1.0770E-08 1.0858E-08 1.0939E-08 1.1013E-08 1.1083E-08 1.1144E-08 1.1198E-08 1.1245E-08 1.1287E-08 1.1320E-08 1.1347E-08 1.1366E-08 1.1381E-08 1.1387E-08 1.1386E-08 1.1379E-08 1.1368E-08 1.1348E-08 1.1322E-08 1.1290E-08 1.1257E-08 1.1213E-08 1.1165E-08 1.1111E-08 1.1051E-08
5.7454E-09 5.9141E-09 6.0843E-09 6.2558E-09 6.4284E-09 6.6033E-09 6.7774E-09 6.9544E-09 7.1307E-09 7.3053E-09 7.4795E-09 7.6544E-09 7.8269E-09 7.9979E-09 8.1689E-09 8.3364E-09 8.5016E-09 8.6658E-09 8.8258E-09 8.9825E-09 9.1357E-09 9.2868E-09 9.4324E-09 9.5736E-09 9.7103E-09 9.8437E-09 9.9706E-09 1.0092E-08 1.0208E-08 1.0318E-08 1.0425E-08 1.0524E-08 1.0616E-08 1.0704E-08 1.0784E-08 1.0857E-08 1.0924E-08 1.0986E-08 1.1039E-08 1.1085E-08 1.1124E-08 1.1160E-08 1.1186E-08 1.1205E-08 1.1217E-08 1.1226E-08 1.1225E-08 1.1218E-08 1.1205E-08 1.1188E-08 1.1162E-08 1.1131E-08 1.1094E-08 1.1055E-08 1.1007E-08 1.0955E-08 1.0896E-08
5.6736E-09 5.8417E-09 6.0092E-09 6.1779E-09 6.3477E-09 6.5182E-09 6.6908E-09 6.8648E-09 7.0365E-09 7.2097E-09 7.3809E-09 7.5513E-09 7.7222E-09 7.8903E-09 8.0567E-09 8.2228E-09 8.3852E-09 8.5450E-09 8.7035E-09 8.8575E-09 9.0081E-09 9.1549E-09 9.2994E-09 9.4382E-09 9.5725E-09 9.7020E-09 9.8282E-09 9.9477E-09 1.0062E-08 1.0170E-08 1.0275E-08 1.0372E-08 1.0463E-08 1.0547E-08 1.0628E-08 1.0700E-08 1.0765E-08 1.0824E-08 1.0878E-08 1.0924E-08 1.0963E-08 1.0995E-08 1.1023E-08 1.1043E-08 1.1055E-08 1.1061E-08 1.1063E-08 1.1057E-08 1.1044E-08 1.1025E-08 1.1003E-08 1.0972E-08 1.0936E-08 1.0894E-08 1.0850E-08 1.0799E-08 1.0742E-08
5.6023E-09 5.7676E-09 5.9323E-09 6.0982E-09 6.2651E-09 6.4328E-09 6.6024E-09 6.7710E-09 6.9421E-09 7.1121E-09 7.2804E-09 7.4478E-09 7.6156E-09 7.7808E-09 7.9443E-09 8.1073E-09 8.2668E-09 8.4238E-09 8.5779E-09 8.7306E-09 8.8785E-09 9.0228E-09 9.1631E-09 9.3009E-09 9.4329E-09 9.5601E-09 9.6825E-09 9.8014E-09 9.9135E-09 1.0020E-08 1.0121E-08 1.0218E-08 1.0308E-08 1.0391E-08 1.0468E-08 1.0541E-08 1.0605E-08 1.0663E-08 1.0715E-08 1.0762E-08 1.0801E-08 1.0833E-08 1.0858E-08 1.0880E-08 1.0892E-08 1.0899E-08 1.0899E-08 1.0895E-08 1.0883E-08 1.0865E-08 1.0841E-08 1.0814E-08 1.0779E-08 1.0738E-08 1.0692E-08 1.0641E-08 1.0589E-08
5.5281E-09 5.6898E-09 5.8538E-09 6.0169E-09 6.1809E-09 6.3457E-09 6.5109E-09 6.6779E-09 6.8435E-09 7.0115E-09 7.1781E-09 7.3425E-09 7.5059E-09 7.6695E-09 7.8300E-09 7.9887E-09 8.1467E-09 8.3008E-09 8.4522E-09 8.6006E-09 8.7473E-09 8.8890E-09 9.0268E-09 9.1606E-09 9.2917E-09 9.4167E-09 9.5370E-09 9.6522E-09 9.7640E-09 9.8688E-09 9.9681E-09 1.0062E-08 1.0152E-08 1.0234E-08 1.0309E-08 1.0379E-08 1.0445E-08 1.0502E-08 1.0553E-08 1.0597E-08 1.0638E-08 1.0670E-08 1.0695E-08 1.0714E-08 1.0729E-08 1.0736E-08 1.0737E-08 1.0731E-08 1.0722E-08 1.0705E-08 1.0682E-08 1.0653E-08 1.0619E-08 1.0582E-08 1.0538E-08 1.0489E-08 1.0434E-08
5.4539E-09 5.6127E-09 5.7715E-09 5.9340E-09 6.0951E-09 6.2570E-09 6.4193E-09 6.5819E-09 6.7459E-09 6.9107E-09 7.0728E-09 7.2357E-09 7.3961E-09 7.5552E-09 7.7143E-09 7.8700E-09 8.0236E-09 8.1764E-09 8.3250E-09 8.4707E-09 8.6147E-09 8.7538E-09 8.8892E-09 9.0205E-09 9.1477E-09 9.2721E-09 9.3902E-09 9.5035E-09 9.6117E-09 9.7163E-09 9.8140E-09 9.9061E-09 9.9924E-09 1.0075E-08 1.0150E-08 1.0219E-08 1.0281E-08 1.0340E-08 1.0390E-08 1.0434E-08 1.0472E-08 1.0506E-08 1.0532E-08 1.0551E-08 1.0564E-08 1.0571E-08 1.0574E-08 1.0569E-08 1.0559E-08 1.0542E-08 1.0523E-08 1.0496E-08 1.0463E-08 1.0425E-08 1.0384E-08 1.0337E-08 1.0284E-08
5.3783E-09 5.5329E-09 5.6903E-09 5.8474E-09 6.0080E-09 6.1669E-09 6.3263E-09 6.4859E-09 6.6469E-09 6.8063E-09 6.9677E-09 7.1275E-09 7.2849E-09 7.4411E-09 7.5957E-09 7.7500E-09 7.9008E-09 8.0492E-09 8.1966E-09 8.3396E-09 8.4794E-09 8.6174E-09 8.7503E-09 8.8794E-09 9.0042E-09 9.1248E-09 9.2425E-09 9.3538E-09 9.4602E-09 9.5614E-09 9.6591E-09 9.7497E-09 9.8347E-09 9.9141E-09 9.9898E-09 1.0058E-08 1.0119E-08 1.0175E-08 1.0227E-08 1.0271E-08 1.0309E-08 1.0340E-08 1.0365E-08 1.0387E-08 1.0401E-08 1.0408E-08 1.0410E-08 1.0408E-08 1.0398E-08 1.0383E-08 1.0362E-08 1.0338E-08 1.0307E-08 1.0271E-08 1.0229E-08 1.0183E-08 1.0135E-08
5.2995E-09 5.4534E-09 5.6064E-09 5.7621E-09 5.9195E-09 6.0756E-09 6.2321E-09 6.3887E-09 6.5453E-09 6.7031E-09 6.8591E-09 7.0167E-09 7.1726E-09 7.3258E-09 7.4775E-09 7.6289E-09 7.7768E-09 7.9225E-09 8.0655E-09 8.2074E-09 8.3447E-09 8.4786E-09 8.6105E-09 8.7372E-09 8.8599E-09 8.9783E-09 9.0923E-09 9.2033E-09 9.3079E-09 9.4075E-09 9.5019E-09 9.5927E-09 9.6765E-09 9.7547E-09 9.8272E-09 9.8940E-09 9.9574E-09 1.0013E-08 1.0062E-08 1.0105E-08 1.0145E-08 1.0176E-08 1.0202E-08 1.0222E-08 1.0238E-08 1.0246E-08 1.0248E-08 1.0245E-08 1.0238E-08 1.0224E-08 1.0204E-08 1.0179E-08 1.0149E-08 1.0117E-08 1.0077E-08 1.0033E-08 9.9837E-09
5.2218E-09 5.3706E-09 5.5230E-09 5.6756E-09 5.8279E-09 5.9832E-09 6.1367E-09 6.2904E-09 6.4441E-09 6.5975E-09 6.7519E-09 6.9041E-09 7.0578E-09 7.2095E-09 7.3583E-09 7.5054E-09 7.6519E-09 7.7948E-09 7.9352E-09 8.0728E-09 8.2091E-09 8.3405E-09 8.4685E-09 8.5944E-09 8.7149E-09 8.8312E-09 8.9432E-09 9.0506E-09 9.1551E-09 9.2531E-09 9.3460E-09 9.4338E-09 9.5179E-09 9.5950E-09 9.6666E-09 9.7326E-09 9.7929E-09 9.8498E-09 9.8987E-09 9.9418E-09 9.9790E-09 1.0013E-08 1.0039E-08 1.0059E-08 1.0073E-08 1.0084E-08 1.0087E-08 1.0084E-08 1.0076E-08 1.0063E-08 1.0047E-08 1.0023E-08 9.9949E-09 9.9615E-09 9.9232E-09 9.8831E-09 9.8361E-09
5.1431E-09 5.2891E-09 5.4363E-09 5.5869E-09 5.7376E-09 5.8876E-09 6.0404E-09 6.1912E-09 6.3419E-09 6.4924E-09 6.6423E-09 6.7930E-09 6.9413E-09 7.0910E-09 7.2383E-09 7.3826E-09 7.5249E-09 7.6664E-09 7.8042E-09 7.9392E-09 8.0713E-09 8.2018E-09 8.3275E-09 8.4495E-09 8.5693E-09 8.6836E-09 8.7937E-09 8.8993E-09 9.0003E-09 9.0983E-09 9.1898E-09 9.2763E-09 9.3575E-09 9.4352E-09 9.5059E-09 9.5711E-09 9.6308E-09 9.6848E-09 9.7356E-09 9.7785E-09 9.8157E-09 9.8473E-09 9.8755E-09 9.8959E-09 9.9106E-09 9.9198E-09 9.9235E-09 9.9243E-09 9.9174E-09 9.9053E-09 9.8880E-09 9.8657E-09 9.8411E-09 9.8093E-09 9.7728E-09 9.7319E-09 9.6866E-09
5.0613E-09 5.2067E-09 5.3512E-09 5.4965E-09 5.6451E-09 5.7935E-09 5.9410E-09 6.0911E-09 6.2389E-09 6.3865E-09 6.5335E-09 6.6798E-09 6.8266E-09 6.9709E-09 7.1162E-09 7.2591E-09 7.3986E-09 7.5360E-09 7.6725E-09 7.8050E-09 7.9346E-09 8.0611E-09 8.1860E-09 8.3058E-09 8.4219E-09 8.5356E-09 8.6438E-09 8.7477E-09 8.8471E-09 8.9418E-09 9.0334E-09 9.1186E-09 9.1988E-09 9.2737E-09 9.3434E-09 9.4096E-09 9.4688E-09 9.5224E-09 9.5705E-09 9.6131E-09 9.6527E-09 9.6844E-09 9.7105E-09 9.7311E-09 9.7488E-09 9.7587E-09 9.7632E-09 9.7625E-09 9.7565E-09 9.7480E-09 9.7321E-09 9.7112E-09 9.6856E-09 9.6552E-09 9.6230E-09 9.5840E-09 9.5406E-09
4.9811E-09 5.1236E-09 5.2652E-09 5.4078E-09 5.5533E-09 5.6974E-09 5.8433E-09 5.9881E-09 6.1352E-09 6.2799E-09 6.4240E-09 6.5675E-09 6.7099E-09 6.8528E-09 6.9928E-09 7.1337E-09 7.2719E-09 7.4067E-09 7.5391E-09 7.6704E-09 7.7976E-09 7.9218E-09 8.0427E-09 8.1619E-09 8.2759E-09 8.3861E-09 8.4938E-09 8.5959E-09 8.6937E-09 8.7869E-09 8.8755E-09 8.9610E-09 9.0401E-09 9.1141E-09 9.1830E-09 9.2467E-09 9.3069E-09 9.3602E-09 9.4081E-09 9.4506E-09 9.4877E-09 9.5218E-09 9.5483E-09 9.5694E-09 9.5851E-09 9.5956E-09 9.6034E-09 9.6036E-09 9.5988E-09 9.5889E-09 9.5742E-09 9.5573E-09 9.5332E-09 9.5046E-09 9.4715E-09 9.4341E-09 9.3953E-09
4.9003E-09 5.0378E-09 5.1786E-09 5.3184E-09 5.4589E-09 5.6021E-09 5.7437E-09 5.8869E-09 6.0287E-09 6.1727E-09 6.3140E-09 6.4546E-09 6.5943E-09 6.7328E-09 6.8715E-09 7.0071E-09 7.1435E-09 7.2770E-09 7.4069E-09 7.5342E-09 7.6604E-09 7.7822E-09 7.9009E-09 8.0163E-09 8.1298E-09 8.2380E-09 8.3424E-09 8.4426E-09 8.5404E-09 8.6322E-09 8.7194E-09 8.8020E-09 8.8815E-09 8.9546E-09 9.0227E-09 9.0858E-09 9.1438E-09 9.1982E-09 9.2459E-09 9.2884E-09 9.3256E-09 9.3575E-09 9.3841E-09 9.4081E-09 9.4245E-09 9.4357E-09 9.4418E-09 9.4453E-09 9.4416E-09 9.4330E-09 9.4197E-09 9.4016E-09 9.3789E-09 9.3545E-09 9.3232E-09 9.2877E-09 9.2482E-09
4.8188E-09 4.9536E-09 5.0895E-09 5.2284E-09 5.3661E-09 5.5043E-09 5.6450E-09 5.7839E-09 5.9242E-09 6.0630E-09 6.2036E-09 6.3414E-09 6.4783E-09 6.6140E-09 6.7484E-09 6.8828E-09 7.0140E-09 7.1457E-09 7.2745E-09 7.3994E-09 7.5217E-09 7.6426E-09 7.7591E-09 7.8724E-09 7.9822E-09 8.0900E-09 8.1926E-09 8.2912E-09 8.3857E-09 8.4776E-09 8.5635E-09 8.6450E-09 8.7218E-09 8.7938E-09 8.8628E-09 8.9253E-09 8.9828E-09 9.0352E-09 9.0826E-09 9.1266E-09 9.1639E-09 9.1961E-09 9.2231E-09 9.2450E-09 9.2643E-09 9.2763E-09 9.2833E-09 9.2854E-09 9.2827E-09 9.2776E-09 9.2657E-09 9.2491E-09 9.2280E-09 9.2026E-09 9.1730E-09 9.1418E-09 9.1042E-09
4.7349E-09 4.8689E-09 5.0020E-09 5.1360E-09 5.2729E-09 5.4083E-09 5.5440E-09 5.6820E-09 5.8180E-09 5.9553E-09 6.0907E-09 6.2279E-09 6.3620E-09 6.4951E-09 6.6268E-09 6.7570E-09 6.8870E-09 7.0136E-09 7.1406E-09 7.2645E-09 7.3845E-09 7.5016E-09 7.6162E-09 7.7285E-09 7.8364E-09 7.9408E-09 8.0430E-09 8.1400E-09 8.2329E-09 8.3218E-09 8.4080E-09 8.4883E-09 8.5641E-09 8.6353E-09 8.7018E-09 8.7652E-09 8.8222E-09 8.8744E-09 8.9216E-09 8.9638E-09 9.0027E-09 9.0352E-09 9.0626E-09 9.0850E-09 9.1026E-09 9.1152E-09 9.1253E-09 9.1285E-09 9.1269E-09 9.1207E-09 9.1099E-09 9.0971E-09 9.0776E-09 9.0539E-09 9.0260E-09 8.9941E-09 8.9583E-09
4.6528E-09 4.7819E-09 4.9143E-09 5.0455E-09 5.1774E-09 5.3119E-09 5.4449E-09 5.5779E-09 5.7131E-09 5.8461E-09 5.9801E-09 6.1121E-09 6.2457E-09 6.3760E-09 6.5051E-09 6.6326E-09 6.7585E-09 6.8841E-09 7.0062E-09 7.1284E-09 7.2474E-09 7.3624E-09 7.4744E-09 7.5835E-09 7.6909E-09 7.7934E-09 7.8923E-09 7.9891E-09 8.0806E-09 8.1680E-09 8.2514E-09 8.3320E-09 8.4068E-09 8.4772E-09 8.5430E-09 8.6041E-09 8.6606E-09 8.7140E-09 8.7611E-09 8.8033E-09 8.8407E-09 8.8732E-09 8.9026E-09 8.9256E-09 8.9438E-09 8.9572E-09 8.9659E-09 8.9699E-09 8.9717E-09 8.9667E-09 8.9573E-09 8.9435E-09 8.9255E-09 8.9033E-09 8.8795E-09 8.8495E-09 8.8156E-09
4.5703E-09 4.6968E-09 4.8242E-09 4.9547E-09 5.0838E-09 5.2134E-09 5.3455E-09 5.4758E-09 5.6060E-09 5.7382E-09 5.8680E-09 5.9986E-09 6.1271E-09 6.2569E-09 6.3834E-09 6.5084E-09 6.6318E-09 6.7533E-09 6.8744E-09 6.9918E-09 7.1092E-09 7.2233E-09 7.3333E-09 7.4404E-09 7.5442E-09 7.6464E-09 7.7436E-09 7.8373E-09 7.9272E-09 8.0148E-09 8.0969E-09 8.1749E-09 8.2486E-09 8.3196E-09 8.3847E-09 8.4453E-09 8.5013E-09 8.5527E-09 8.6012E-09 8.6434E-09 8.6809E-09 8.7137E-09 8.7417E-09 8.7651E-09 8.7856E-09 8.7998E-09 8.8093E-09 8.8144E-09 8.8149E-09 8.8110E-09 8.8052E-09 8.7929E-09 8.7764E-09 8.7558E-09 8.7313E-09 8.7029E-09 8.6707E-09
