Assets/Resources/2015_m01_d16_0300(utc+0800)_l00_csi_1hr_conc.grd
DSAA
         159         159
     -79.000      79.000
     -79.000      79.000
  0.3814E-10  0.1088E-04
[rows 0 to 24 of 159, columns 0 to 56 of 159]
1.8645E-10 1.9254E-10 1.9876E-10 2.0536E-10 2.1211E-10 2.1891E-10 2.2610E-10 2.3345E-10 2.4074E-10 2.4818E-10 2.5603E-10 2.6382E-10 2.7246E-10 2.8218E-10 2.9231E-10 3.0316E-10 3.1518E-10 3.2727E-10 3.4122E-10 3.5557E-10 3.7068E-10 3.8460E-10 3.9941E-10 4.1359E-10 4.2966E-10 4.4577E-10 4.6330E-10 4.8039E-10 4.9873E-10 5.1792E-10 5.3471E-10 5.5066E-10 5.6657E-10 5.8279E-10 5.9931E-10 6.1658E-10 6.3415E-10 6.5204E-10 6.7023E-10 6.8834E-10 7.0715E-10 7.2586E-10 7.4484E-10 7.6457E-10 7.8617E-10 8.0906E-10 8.3233E-10 8.5728E-10 8.8105E-10 9.0665E-10 9.3149E-10 9.5479E-10 9.7903E-10 1.0031E-09 1.0268E-09 1.0505E-09 1.0741E-09
1.8838E-10 1.9454E-10 2.0084E-10 2.0752E-10 2.1435E-10 2.2124E-10 2.2851E-10 2.3596E-10 2.4334E-10 2.5088E-10 2.5883E-10 2.6740E-10 2.7636E-10 2.8642E-10 2.9741E-10 3.0902E-10 3.2116E-10 3.3449E-10 3.4865E-10 3.6367E-10 3.7859E-10 3.9362E-10 4.0774E-10 4.2381E-10 4.4068E-10 4.5768E-10 4.7613E-10 4.9380E-10 5.1272E-10 5.2927E-10 5.4532E-10 5.6134E-10 5.7769E-10 5.9478E-10 6.1180E-10 6.2956E-10 6.4766E-10 6.6608E-10 6.8482E-10 7.0350E-10 7.2249E-10 7.4223E-10 7.6322E-10 7.8522E-10 8.0824E-10 8.3229E-10 8.5838E-10 8.8344E-10 9.0857E-10 9.3340E-10 9.5800E-10 9.8249E-10 1.0067E-09 1.0309E-09 1.0553E-09 1.0800E-09 1.1048E-09
1.9040E-10 1.9662E-10 2.0322E-10 2.0998E-10 2.1679E-10 2.2399E-10 2.3135E-10 2.3866E-10 2.4613E-10 2.5401E-10 2.6183E-10 2.7053E-10 2.8032E-10 2.9122E-10 3.0239E-10 3.1404E-10 3.2694E-10 3.4119E-10 3.5588E-10 3.7106E-10 3.8601E-10 4.0056E-10 4.1683E-10 4.3443E-10 4.5168E-10 4.7014E-10 4.8929E-10 5.0684E-10 5.2325E-10 5.3960E-10 5.5573E-10 5.7219E-10 5.8941E-10 6.0698E-10 6.2451E-10 6.4279E-10 6.6142E-10 6.8039E-10 6.9931E-10 7.1900E-10 7.3859E-10 7.6055E-10 7.8387E-10 8.0786E-10 8.3314E-10 8.5846E-10 8.8449E-10 9.0983E-10 9.3524E-10 9.6005E-10 9.8440E-10 1.0093E-09 1.0342E-09 1.0593E-09 1.0850E-09 1.1106E-09 1.1362E-09
1.9226E-10 1.9855E-10 2.0523E-10 2.1207E-10 2.1896E-10 2.2624E-10 2.3370E-10 2.4110E-10 2.4866E-10 2.5663E-10 2.6525E-10 2.7517E-10 2.8529E-10 2.9632E-10 3.0820E-10 3.2099E-10 3.3353E-10 3.4839E-10 3.6363E-10 3.7827E-10 3.9305E-10 4.1055E-10 4.2813E-10 4.4610E-10 4.6424E-10 4.8304E-10 5.0043E-10 5.1710E-10 5.3352E-10 5.4973E-10 5.6628E-10 5.8362E-10 6.0133E-10 6.1941E-10 6.3785E-10 6.5626E-10 6.7545E-10 6.9459E-10 7.1453E-10 7.3482E-10 7.5805E-10 7.8038E-10 8.0587E-10 8.3246E-10 8.5879E-10 8.8434E-10 9.0970E-10 9.3515E-10 9.6056E-10 9.8575E-10 1.0110E-09 1.0366E-09 1.0628E-09 1.0889E-09 1.1154E-09 1.1420E-09 1.1688E-09
1.9420E-10 2.0056E-10 2.0755E-10 2.1435E-10 2.2155E-10 2.2892E-10 2.3624E-10 2.4372E-10 2.5161E-10 2.6014E-10 2.6886E-10 2.7870E-10 2.8968E-10 3.0128E-10 3.1345E-10 3.2700E-10 3.4172E-10 3.5679E-10 3.7149E-10 3.8646E-10 4.0408E-10 4.2126E-10 4.3957E-10 4.5770E-10 4.7629E-10 4.9391E-10 5.1062E-10 5.2709E-10 5.4336E-10 5.5999E-10 5.7743E-10 5.9525E-10 6.1345E-10 6.3204E-10 6.5101E-10 6.6999E-10 6.8933E-10 7.0950E-10 7.3100E-10 7.5453E-10 7.7849E-10 8.0412E-10 8.3008E-10 8.5667E-10 8.8317E-10 9.0950E-10 9.3508E-10 9.6050E-10 9.8583E-10 1.0120E-09 1.0385E-09 1.0651E-09 1.0920E-09 1.1195E-09 1.1470E-09 1.1747E-09 1.2024E-09
1.9600E-10 2.0266E-10 2.0949E-10 2.1637E-10 2.2365E-10 2.3111E-10 2.3851E-10 2.4607E-10 2.5406E-10 2.6294E-10 2.7267E-10 2.8319E-10 2.9467E-10 3.0668E-10 3.1959E-10 3.3342E-10 3.4855E-10 3.6344E-10 3.7818E-10 3.9600E-10 4.1382E-10 4.3257E-10 4.5068E-10 4.6985E-10 4.8676E-10 5.0382E-10 5.2032E-10 5.3663E-10 5.5332E-10 5.7083E-10 5.8874E-10 6.0706E-10 6.2578E-10 6.4489E-10 6.6403E-10 6.8399E-10 7.0393E-10 7.2630E-10 7.5011E-10 7.7517E-10 8.0199E-10 8.2734E-10 8.5519E-10 8.8130E-10 9.0758E-10 9.3321E-10 9.5918E-10 9.8558E-10 1.0124E-09 1.0393E-09 1.0666E-09 1.0945E-09 1.1225E-09 1.1508E-09 1.1793E-09 1.2087E-09 1.2386E-09
1.9786E-10 2.0460E-10 2.1139E-10 2.1857E-10 2.2616E-10 2.3348E-10 2.4096E-10 2.4885E-10 2.5739E-10 2.6648E-10 2.7635E-10 2.8741E-10 2.9924E-10 3.1134E-10 3.2503E-10 3.3989E-10 3.5533E-10 3.7042E-10 3.8841E-10 4.0691E-10 4.2486E-10 4.4363E-10 4.6243E-10 4.7933E-10 4.9638E-10 5.1322E-10 5.2955E-10 5.4670E-10 5.6385E-10 5.8184E-10 6.0024E-10 6.1906E-10 6.3830E-10 6.5757E-10 6.7770E-10 6.9825E-10 7.2178E-10 7.4451E-10 7.7049E-10 7.9733E-10 8.2473E-10 8.5212E-10 8.7789E-10 9.0442E-10 9.3101E-10 9.5753E-10 9.8449E-10 1.0116E-09 1.0395E-09 1.0674E-09 1.0958E-09 1.1246E-09 1.1542E-09 1.1853E-09 1.2159E-09 1.2473E-09 1.2786E-09
1.9981E-10 2.0662E-10 2.1348E-10 2.2074E-10 2.2818E-10 2.3558E-10 2.4314E-10 2.5112E-10 2.5977E-10 2.6976E-10 2.8066E-10 2.9220E-10 3.0496E-10 3.1796E-10 3.3264E-10 3.4790E-10 3.6313E-10 3.8127E-10 3.9920E-10 4.1746E-10 4.3548E-10 4.5477E-10 4.7196E-10 4.8898E-10 5.0580E-10 5.2214E-10 5.3931E-10 5.5691E-10 5.7453E-10 5.9300E-10 6.1191E-10 6.3125E-10 6.5064E-10 6.7091E-10 6.9162E-10 7.1537E-10 7.4052E-10 7.6542E-10 7.9236E-10 8.2035E-10 8.4782E-10 8.7499E-10 9.0129E-10 9.2782E-10 9.5483E-10 9.8232E-10 1.0101E-09 1.0383E-09 1.0671E-09 1.0968E-09 1.1271E-09 1.1587E-09 1.1896E-09 1.2223E-09 1.2553E-09 1.2886E-09 1.3215E-09
2.0160E-10 2.0837E-10 2.1529E-10 2.2264E-10 2.3016E-10 2.3786E-10 2.4574E-10 2.5428E-10 2.6372E-10 2.7360E-10 2.8522E-10 2.9748E-10 3.1014E-10 3.2326E-10 3.3842E-10 3.5329E-10 3.7146E-10 3.8908E-10 4.0869E-10 4.2800E-10 4.4720E-10 4.6432E-10 4.8130E-10 4.9809E-10 5.1442E-10 5.3159E-10 5.4920E-10 5.6685E-10 5.8537E-10 6.0433E-10 6.2375E-10 6.4324E-10 6.6362E-10 6.8541E-10 7.0840E-10 7.3423E-10 7.6025E-10 7.8787E-10 8.1450E-10 8.4233E-10 8.6989E-10 8.9708E-10 9.2380E-10 9.5128E-10 9.7906E-10 1.0076E-09 1.0366E-09 1.0665E-09 1.0979E-09 1.1296E-09 1.1623E-09 1.1943E-09 1.2287E-09 1.2618E-09 1.2963E-09 1.3312E-09 1.3658E-09
2.0347E-10 2.1030E-10 2.1754E-10 2.2495E-10 2.3232E-10 2.3986E-10 2.4783E-10 2.5647E-10 2.6656E-10 2.7748E-10 2.8962E-10 3.0213E-10 3.1552E-10 3.3030E-10 3.4566E-10 3.6307E-10 3.8154E-10 4.0115E-10 4.2032E-10 4.3903E-10 4.5611E-10 4.7303E-10 4.8988E-10 5.0640E-10 5.2355E-10 5.4115E-10 5.5921E-10 5.7735E-10 5.9635E-10 6.1583E-10 6.3538E-10 6.5586E-10 6.7776E-10 7.0182E-10 7.2692E-10 7.5446E-10 7.8188E-10 8.0988E-10 8.3658E-10 8.6404E-10 8.9162E-10 9.1899E-10 9.4692E-10 9.7543E-10 1.0042E-09 1.0352E-09 1.0660E-09 1.0977E-09 1.1309E-09 1.1644E-09 1.1990E-09 1.2337E-09 1.2683E-09 1.3033E-09 1.3388E-09 1.3763E-09 1.4131E-09
2.0507E-10 2.1196E-10 2.1927E-10 2.2676E-10 2.3420E-10 2.4206E-10 2.5081E-10 2.6024E-10 2.7047E-10 2.8211E-10 2.9442E-10 3.0712E-10 3.2031E-10 3.3524E-10 3.5276E-10 3.7194E-10 3.9166E-10 4.1045E-10 4.3013E-10 4.4746E-10 4.6463E-10 4.8163E-10 4.9808E-10 5.1520E-10 5.3277E-10 5.5082E-10 5.6896E-10 5.8798E-10 6.0748E-10 6.2708E-10 6.4763E-10 6.6962E-10 6.9380E-10 7.1906E-10 7.4680E-10 7.7487E-10 8.0351E-10 8.3025E-10 8.5794E-10 8.8586E-10 9.1313E-10 9.4173E-10 9.7127E-10 1.0014E-09 1.0322E-09 1.0642E-09 1.0976E-09 1.1313E-09 1.1662E-09 1.2015E-09 1.2371E-09 1.2732E-09 1.3102E-09 1.3471E-09 1.3843E-09 1.4215E-09 1.4594E-09
2.0685E-10 2.1404E-10 2.2142E-10 2.2875E-10 2.3626E-10 2.4454E-10 2.5349E-10 2.6323E-10 2.7469E-10 2.8704E-10 2.9924E-10 3.1268E-10 3.2752E-10 3.4477E-10 3.6293E-10 3.8200E-10 4.0154E-10 4.1965E-10 4.3916E-10 4.5621E-10 4.7280E-10 4.8951E-10 5.0656E-10 5.2409E-10 5.4170E-10 5.6022E-10 5.7923E-10 5.9874E-10 6.1836E-10 6.3895E-10 6.6100E-10 6.8527E-10 7.1065E-10 7.3854E-10 7.6680E-10 7.9609E-10 8.2288E-10 8.5085E-10 8.7886E-10 9.0694E-10 9.3569E-10 9.6624E-10 9.9691E-10 1.0296E-09 1.0625E-09 1.0963E-09 1.1319E-09 1.1668E-09 1.2027E-09 1.2393E-09 1.2775E-09 1.3148E-09 1.3526E-09 1.3909E-09 1.4302E-09 1.4685E-09 1.5064E-09
2.0836E-10 2.1562E-10 2.2306E-10 2.3046E-10 2.3829E-10 2.4700E-10 2.5641E-10 2.6696E-10 2.7859E-10 2.9091E-10 3.0364E-10 3.1729E-10 3.3436E-10 3.5222E-10 3.7009E-10 3.9012E-10 4.1057E-10 4.2999E-10 4.4693E-10 4.6406E-10 4.8068E-10 4.9765E-10 5.1511E-10 5.3267E-10 5.5114E-10 5.7012E-10 5.8962E-10 6.0924E-10 6.2984E-10 6.5192E-10 6.7648E-10 7.0171E-10 7.2972E-10 7.5837E-10 7.8760E-10 8.1558E-10 8.4282E-10 8.7110E-10 8.9975E-10 9.2945E-10 9.6065E-10 9.9293E-10 1.0256E-09 1.0596E-09 1.0949E-09 1.1299E-09 1.1662E-09 1.2038E-09 1.2418E-09 1.2792E-09 1.3175E-09 1.3564E-09 1.3964E-09 1.4354E-09 1.4749E-09 1.5142E-09 1.5544E-09
2.1004E-10 2.1760E-10 2.2489E-10 2.3235E-10 2.4058E-10 2.4950E-10 2.5902E-10 2.7047E-10 2.8300E-10 2.9521E-10 3.0867E-10 3.2386E-10 3.4222E-10 3.6095E-10 3.8071E-10 4.0080E-10 4.2065E-10 4.3790E-10 4.5490E-10 4.7141E-10 4.8849E-10 5.0546E-10 5.2335E-10 5.4175E-10 5.6068E-10 5.8013E-10 5.9973E-10 6.2032E-10 6.4241E-10 6.6698E-10 6.9226E-10 7.2035E-10 7.4910E-10 7.7871E-10 8.0711E-10 8.3487E-10 8.6259E-10 8.9211E-10 9.2295E-10 9.5478E-10 9.8694E-10 1.0207E-09 1.0559E-09 1.0915E-09 1.1275E-09 1.1654E-09 1.2025E-09 1.2412E-09 1.2798E-09 1.3190E-09 1.3596E-09 1.3992E-09 1.4394E-09 1.4801E-09 1.5206E-09 1.5622E-09 1.6042E-09
2.1170E-10 2.1909E-10 2.2643E-10 2.3396E-10 2.4263E-10 2.5223E-10 2.6275E-10 2.7435E-10 2.8666E-10 2.9971E-10 3.1294E-10 3.3056E-10 3.4971E-10 3.6994E-10 3.9024E-10 4.1067E-10 4.2825E-10 4.4544E-10 4.6214E-10 4.7869E-10 4.9596E-10 5.1376E-10 5.3207E-10 5.5092E-10 5.7031E-10 5.8986E-10 6.1041E-10 6.3247E-10 6.5613E-10 6.8232E-10 7.1044E-10 7.3926E-10 7.6896E-10 7.9750E-10 8.2566E-10 8.5443E-10 8.8441E-10 9.1506E-10 9.4710E-10 9.8047E-10 1.0155E-09 1.0514E-09 1.0867E-09 1.1237E-09 1.1623E-09 1.2010E-09 1.2397E-09 1.2792E-09 1.3200E-09 1.3600E-09 1.4007E-09 1.4414E-09 1.4832E-09 1.5256E-09 1.5686E-09 1.6120E-09 1.6559E-09
2.1306E-10 2.2052E-10 2.2792E-10 2.3599E-10 2.4452E-10 2.5433E-10 2.6606E-10 2.7838E-10 2.9090E-10 3.0453E-10 3.2175E-10 3.4021E-10 3.5983E-10 3.7978E-10 4.0080E-10 4.1843E-10 4.3545E-10 4.5235E-10 4.6909E-10 4.8624E-10 5.0391E-10 5.2211E-10 5.4086E-10 5.6016E-10 5.7964E-10 6.0013E-10 6.2121E-10 6.4575E-10 6.7191E-10 7.0002E-10 7.2887E-10 7.5862E-10 7.8725E-10 8.1554E-10 8.4472E-10 8.7529E-10 9.0751E-10 9.4010E-10 9.7251E-10 1.0088E-09 1.0446E-09 1.0820E-09 1.1193E-09 1.1581E-09 1.1975E-09 1.2370E-09 1.2772E-09 1.3182E-09 1.3586E-09 1.4003E-09 1.4426E-09 1.4856E-09 1.5293E-09 1.5736E-09 1.6184E-09 1.6655E-09 1.7132E-09
2.1484E-10 2.2213E-10 2.2959E-10 2.3819E-10 2.4750E-10 2.5795E-10 2.6971E-10 2.8221E-10 2.9523E-10 3.1107E-10 3.2926E-10 3.4938E-10 3.6843E-10 3.8773E-10 4.0842E-10 4.2567E-10 4.4251E-10 4.5909E-10 4.7630E-10 4.9383E-10 5.1190E-10 5.3053E-10 5.4972E-10 5.6910E-10 5.8951E-10 6.1051E-10 6.3473E-10 6.6106E-10 6.8911E-10 7.1794E-10 7.4769E-10 7.7639E-10 8.0478E-10 8.3487E-10 8.6485E-10 8.9734E-10 9.3049E-10 9.6621E-10 1.0016E-09 1.0372E-09 1.0747E-09 1.1129E-09 1.1528E-09 1.1922E-09 1.2328E-09 1.2734E-09 1.3145E-09 1.3564E-09 1.3991E-09 1.4425E-09 1.4867E-09 1.5316E-09 1.5771E-09 1.6232E-09 1.6719E-09 1.7230E-09 1.7748E-09
2.1611E-10 2.2345E-10 2.3122E-10 2.3991E-10 2.4931E-10 2.6047E-10 2.7338E-10 2.8604E-10 2.9946E-10 3.1766E-10 3.3657E-10 3.5562E-10 3.7611E-10 3.9736E-10 4.1554E-10 4.3240E-10 4.4913E-10 4.6617E-10 4.8354E-10 5.0146E-10 5.1994E-10 5.3900E-10 5.5826E-10 5.7856E-10 5.9946E-10 6.2356E-10 6.4978E-10 6.7774E-10 7.0650E-10 7.3565E-10 7.6379E-10 7.9339E-10 8.2415E-10 8.5561E-10 8.8772E-10 9.2055E-10 9.5587E-10 9.9217E-10 1.0296E-09 1.0678E-09 1.1070E-09 1.1457E-09 1.1857E-09 1.2265E-09 1.2682E-09 1.3101E-09 1.3528E-09 1.3958E-09 1.4409E-09 1.4862E-09 1.5323E-09 1.5790E-09 1.6278E-09 1.6796E-09 1.7330E-09 1.7844E-09 1.8393E-09
2.1756E-10 2.2495E-10 2.3347E-10 2.4270E-10 2.5255E-10 2.6494E-10 2.7737E-10 2.9002E-10 3.0605E-10 3.2398E-10 3.4420E-10 3.6476E-10 3.8606E-10 4.0477E-10 4.2217E-10 4.3870E-10 4.5586E-10 4.7306E-10 4.9081E-10 5.0873E-10 5.2764E-10 5.4715E-10 5.6731E-10 5.8809E-10 6.1204E-10 6.3811E-10 6.6535E-10 6.9342E-10 7.2148E-10 7.5136E-10 7.8164E-10 8.1222E-10 8.4406E-10 8.7661E-10 9.1155E-10 9.4729E-10 9.8186E-10 1.0191E-09 1.0580E-09 1.0980E-09 1.1375E-09 1.1786E-09 1.2194E-09 1.2611E-09 1.3038E-09 1.3473E-09 1.3924E-09 1.4379E-09 1.4836E-09 1.5308E-09 1.5788E-09 1.6295E-09 1.6836E-09 1.7392E-09 1.7938E-09 1.8517E-09 1.9083E-09
2.1873E-10 2.2617E-10 2.3477E-10 2.4409E-10 2.5540E-10 2.6758E-10 2.8030E-10 2.9578E-10 3.1428E-10 3.3398E-10 3.5415E-10 3.7472E-10 3.9362E-10 4.1125E-10 4.2825E-10 4.4479E-10 4.6201E-10 4.7958E-10 4.9772E-10 5.1645E-10 5.3578E-10 5.5578E-10 5.7641E-10 5.9957E-10 6.2487E-10 6.5125E-10 6.7919E-10 7.0816E-10 7.3881E-10 7.6984E-10 7.9990E-10 8.3157E-10 8.6449E-10 8.9963E-10 9.3559E-10 9.7227E-10 1.0106E-09 1.0488E-09 1.0874E-09 1.1274E-09 1.1691E-09 1.2111E-09 1.2534E-09 1.2961E-09 1.3404E-09 1.3864E-09 1.4328E-09 1.4801E-09 1.5283E-09 1.5793E-09 1.6331E-09 1.6879E-09 1.7417E-09 1.7999E-09 1.8597E-09 1.9199E-09 1.9771E-09
2.1984E-10 2.2826E-10 2.3761E-10 2.4737E-10 2.5914E-10 2.7148E-10 2.8438E-10 3.0082E-10 3.1882E-10 3.3868E-10 3.5959E-10 3.8091E-10 4.0042E-10 4.1759E-10 4.3423E-10 4.5123E-10 4.6858E-10 4.8652E-10 5.0505E-10 5.2419E-10 5.4401E-10 5.6403E-10 5.8608E-10 6.0985E-10 6.3678E-10 6.6558E-10 6.9525E-10 7.2632E-10 7.5727E-10 7.8809E-10 8.1924E-10 8.5198E-10 8.8694E-10 9.2282E-10 9.5997E-10 9.9859E-10 1.0379E-09 1.0773E-09 1.1177E-09 1.1583E-09 1.2008E-09 1.2437E-09 1.2876E-09 1.3333E-09 1.3795E-09 1.4267E-09 1.4744E-09 1.5236E-09 1.5757E-09 1.6315E-09 1.6884E-09 1.7470E-09 1.8068E-09 1.8672E-09 1.9267E-09 1.9870E-09 2.0489E-09
2.2112E-10 2.2962E-10 2.3884E-10 2.4980E-10 2.6187E-10 2.7471E-10 2.9016E-10 3.0749E-10 3.2720E-10 3.4875E-10 3.6983E-10 3.8915E-10 4.0686E-10 4.2325E-10 4.4032E-10 4.5745E-10 4.7516E-10 4.9347E-10 5.1240E-10 5.3158E-10 5.5184E-10 5.7277E-10 5.9722E-10 6.2391E-10 6.5246E-10 6.8191E-10 7.1258E-10 7.4362E-10 7.7492E-10 8.0625E-10 8.3976E-10 8.7383E-10 9.1060E-10 9.4711E-10 9.8541E-10 1.0252E-09 1.0647E-09 1.1060E-09 1.1472E-09 1.1894E-09 1.2328E-09 1.2773E-09 1.3236E-09 1.3705E-09 1.4185E-09 1.4677E-09 1.5178E-09 1.5712E-09 1.6282E-09 1.6870E-09 1.7459E-09 1.8079E-09 1.8707E-09 1.9319E-09 1.9949E-09 2.0594E-09 2.1238E-09
2.2212E-10 2.3068E-10 2.4159E-10 2.5287E-10 2.6560E-10 2.8056E-10 2.9657E-10 3.1556E-10 3.3548E-10 3.5650E-10 3.7538E-10 3.9444E-10 4.1197E-10 4.2911E-10 4.4579E-10 4.6327E-10 4.8135E-10 5.0005E-10 5.1939E-10 5.3943E-10 5.6014E-10 5.8433E-10 6.1050E-10 6.3877E-10 6.6713E-10 6.9804E-10 7.2949E-10 7.6068E-10 7.9247E-10 8.2622E-10 8.6073E-10 8.9659E-10 9.3395E-10 9.7188E-10 1.0119E-09 1.0511E-09 1.0927E-09 1.1348E-09 1.1774E-09 1.2206E-09 1.2662E-09 1.3125E-09 1.3601E-09 1.4088E-09 1.4588E-09 1.5116E-09 1.5660E-09 1.6241E-09 1.6825E-09 1.7446E-09 1.8087E-09 1.8714E-09 1.9357E-09 2.0012E-09 2.0664E-09 2.1336E-09 2.2024E-09
2.2399E-10 2.3332E-10 2.4396E-10 2.5556E-10 2.6860E-10 2.8416E-10 3.0138E-10 3.2103E-10 3.4146E-10 3.6331E-10 3.8305E-10 4.0087E-10 4.1731E-10 4.3445E-10 4.5167E-10 4.6950E-10 4.8795E-10 5.0703E-10 5.2683E-10 5.4730E-10 5.7035E-10 5.9584E-10 6.2381E-10 6.5160E-10 6.8204E-10 7.1333E-10 7.4515E-10 7.7759E-10 8.1179E-10 8.4651E-10 8.8210E-10 9.1981E-10 9.5776E-10 9.9734E-10 1.0370E-09 1.0783E-09 1.1207E-09 1.1636E-09 1.2077E-09 1.2533E-09 1.3007E-09 1.3488E-09 1.3976E-09 1.4482E-09 1.5027E-09 1.5597E-09 1.6177E-09 1.6777E-09 1.7395E-09 1.8050E-09 1.8710E-09 1.9370E-09 2.0038E-09 2.0719E-09 2.1423E-09 2.2117E-09 2.2822E-09
2.2513E-10 2.3431E-10 2.4546E-10 2.5755E-10 2.7377E-10 2.9001E-10 3.0894E-10 3.2917E-10 3.5054E-10 3.6977E-10 3.8881E-10 4.0599E-10 4.2284E-10 4.3999E-10 4.5754E-10 4.7572E-10 4.9453E-10 5.1362E-10 5.3385E-10 5.5476E-10 5.7928E-10 6.0636E-10 6.3492E-10 6.6529E-10 6.9795E-10 7.2995E-10 7.6220E-10 7.9629E-10 8.3089E-10 8.6641E-10 9.0409E-10 9.4287E-10 9.8170E-10 1.0217E-09 1.0629E-09 1.1055E-09 1.1486E-09 1.1931E-09 1.2395E-09 1.2868E-09 1.3355E-09 1.3854E-09 1.4367E-09 1.4913E-09 1.5492E-09 1.6082E-09 1.6711E-09 1.7351E-09 1.7992E-09 1.8675E-09 1.9356E-09 2.0047E-09 2.0752E-09 2.1461E-09 2.2184E-09 2.2912E-09 2.3646E-09
