Assets/Resources/2015_m01_d12_2200(utc+0800)_l00_csi_1hr_conc.grd
DSAA
         159         159
     -79.000      79.000
     -79.000      79.000
  0.0000E+00  0.4462E-05
[rows 75 to 99 of 159, columns 0 to 56 of 159]
2.3850E-09 2.6416E-09 2.9242E-09 3.2317E-09 3.5779E-09 3.9491E-09 4.3547E-09 4.7976E-09 5.2675E-09 5.7676E-09 6.3034E-09 6.8587E-09 7.4323E-09 8.0276E-09 8.6301E-09 9.2230E-09 9.8204E-09 1.0402E-08 1.0958E-08 1.1483E-08 1.1978E-08 1.2433E-08 1.2834E-08 1.3210E-08 1.3536E-08 1.3811E-08 1.4070E-08 1.4292E-08 1.4494E-08 1.4685E-08 1.4862E-08 1.5032E-08 1.5209E-08 1.5376E-08 1.5558E-08 1.5734E-08 1.5920E-08 1.6113E-08 1.6312E-08 1.6540E-08 1.6779E-08 1.7053E-08 1.7366E-08 1.7738E-08 1.8186E-08 1.8741E-08 1.9424E-08 2.0273E-08 2.1348E-08 2.2734E-08 2.4466E-08 2.6610E-08 2.9225E-08 3.2422E-08 3.6284E-08 4.1003E-08 4.6678E-08
2.0714E-09 2.2967E-09 2.5477E-09 2.8204E-09 3.1271E-09 3.4629E-09 3.8300E-09 4.2265E-09 4.6573E-09 5.1195E-09 5.6027E-09 6.1190E-09 6.6582E-09 7.2067E-09 7.7735E-09 8.3508E-09 8.9211E-09 9.4844E-09 1.0040E-08 1.0575E-08 1.1079E-08 1.1569E-08 1.2023E-08 1.2440E-08 1.2832E-08 1.3196E-08 1.3538E-08 1.3854E-08 1.4164E-08 1.4455E-08 1.4745E-08 1.5029E-08 1.5322E-08 1.5611E-08 1.5913E-08 1.6207E-08 1.6518E-08 1.6826E-08 1.7146E-08 1.7485E-08 1.7840E-08 1.8218E-08 1.8625E-08 1.9071E-08 1.9583E-08 2.0175E-08 2.0874E-08 2.1721E-08 2.2726E-08 2.3988E-08 2.5589E-08 2.7566E-08 2.9975E-08 3.2933E-08 3.6485E-08 4.0833E-08 4.6069E-08
1.7860E-09 1.9832E-09 2.2019E-09 2.4453E-09 2.7180E-09 3.0153E-09 3.3458E-09 3.7031E-09 4.0888E-09 4.5102E-09 4.9562E-09 5.4209E-09 5.9190E-09 6.4374E-09 6.9668E-09 7.5068E-09 8.0587E-09 8.6061E-09 9.1452E-09 9.6875E-09 1.0212E-08 1.0712E-08 1.1201E-08 1.1673E-08 1.2115E-08 1.2545E-08 1.2962E-08 1.3354E-08 1.3750E-08 1.4131E-08 1.4522E-08 1.4906E-08 1.5303E-08 1.5699E-08 1.6109E-08 1.6512E-08 1.6935E-08 1.7351E-08 1.7782E-08 1.8226E-08 1.8686E-08 1.9161E-08 1.9650E-08 2.0163E-08 2.0726E-08 2.1336E-08 2.2034E-08 2.2844E-08 2.3779E-08 2.4899E-08 2.6279E-08 2.7996E-08 3.0118E-08 3.2686E-08 3.5797E-08 3.9513E-08 4.4036E-08
1.5196E-09 1.7029E-09 1.8961E-09 2.1075E-09 2.3510E-09 2.6146E-09 2.9065E-09 3.2275E-09 3.5771E-09 3.9523E-09 4.3551E-09 4.7878E-09 5.2407E-09 5.7168E-09 6.2183E-09 6.7240E-09 7.2423E-09 7.7752E-09 8.3115E-09 8.8360E-09 9.3717E-09 9.8892E-09 1.0396E-08 1.0900E-08 1.1386E-08 1.1860E-08 1.2330E-08 1.2789E-08 1.3254E-08 1.3712E-08 1.4181E-08 1.4653E-08 1.5134E-08 1.5626E-08 1.6125E-08 1.6629E-08 1.7144E-08 1.7663E-08 1.8188E-08 1.8731E-08 1.9278E-08 1.9832E-08 2.0390E-08 2.0961E-08 2.1547E-08 2.2170E-08 2.2847E-08 2.3585E-08 2.4442E-08 2.5421E-08 2.6564E-08 2.7970E-08 2.9701E-08 3.1810E-08 3.4358E-08 3.7340E-08 4.0930E-08
1.2828E-09 1.4314E-09 1.6059E-09 1.8043E-09 2.0198E-09 2.2586E-09 2.5197E-09 2.8018E-09 3.1136E-09 3.4556E-09 3.8185E-09 4.2063E-09 4.6295E-09 5.0633E-09 5.5210E-09 6.0024E-09 6.5006E-09 6.9985E-09 7.5241E-09 8.0401E-09 8.5604E-09 9.0879E-09 9.6084E-09 1.0123E-08 1.0633E-08 1.1139E-08 1.1651E-08 1.2158E-08 1.2677E-08 1.3190E-08 1.3726E-08 1.4260E-08 1.4814E-08 1.5377E-08 1.5953E-08 1.6532E-08 1.7128E-08 1.7727E-08 1.8336E-08 1.8962E-08 1.9577E-08 2.0195E-08 2.0804E-08 2.1414E-08 2.2018E-08 2.2622E-08 2.3261E-08 2.3931E-08 2.4664E-08 2.5491E-08 2.6440E-08 2.7514E-08 2.8827E-08 3.0425E-08 3.2348E-08 3.4594E-08 3.7188E-08
1.0805E-09 1.2078E-09 1.3581E-09 1.5150E-09 1.7081E-09 1.9286E-09 2.1760E-09 2.4293E-09 2.7056E-09 3.0106E-09 3.3407E-09 3.6911E-09 4.0720E-09 4.4736E-09 4.9023E-09 5.3414E-09 5.8141E-09 6.2879E-09 6.7792E-09 7.2832E-09 7.7922E-09 8.3043E-09 8.8231E-09 9.3416E-09 9.8636E-09 1.0391E-08 1.0927E-08 1.1465E-08 1.2019E-08 1.2570E-08 1.3152E-08 1.3731E-08 1.4337E-08 1.4950E-08 1.5581E-08 1.6219E-08 1.6874E-08 1.7536E-08 1.8211E-08 1.8897E-08 1.9569E-08 2.0221E-08 2.0868E-08 2.1494E-08 2.2096E-08 2.2679E-08 2.3256E-08 2.3836E-08 2.4450E-08 2.5107E-08 2.5832E-08 2.6653E-08 2.7581E-08 2.8622E-08 2.9899E-08 3.1434E-08 3.3079E-08
9.0252E-10 1.0210E-09 1.1483E-09 1.2870E-09 1.4460E-09 1.6171E-09 1.8302E-09 2.0672E-09 2.3413E-09 2.6157E-09 2.9117E-09 3.2308E-09 3.5779E-09 3.9402E-09 4.3371E-09 4.7434E-09 5.1732E-09 5.6207E-09 6.0848E-09 6.5567E-09 7.0445E-09 7.5394E-09 8.0477E-09 8.5616E-09 9.0843E-09 9.6168E-09 1.0162E-08 1.0716E-08 1.1285E-08 1.1861E-08 1.2465E-08 1.3074E-08 1.3708E-08 1.4353E-08 1.5018E-08 1.5693E-08 1.6386E-08 1.7088E-08 1.7804E-08 1.8528E-08 1.9230E-08 1.9913E-08 2.0566E-08 2.1191E-08 2.1772E-08 2.2319E-08 2.2827E-08 2.3311E-08 2.3780E-08 2.4276E-08 2.4795E-08 2.5332E-08 2.5929E-08 2.6552E-08 2.7244E-08 2.8060E-08 2.8941E-08
7.7627E-10 8.6964E-10 9.7740E-10 1.0942E-09 1.2363E-09 1.3861E-09 1.5573E-09 1.7495E-09 1.9663E-09 2.2232E-09 2.5150E-09 2.8043E-09 3.1220E-09 3.4532E-09 3.8086E-09 4.1844E-09 4.5803E-09 4.9895E-09 5.4220E-09 5.8646E-09 6.3264E-09 6.7988E-09 7.2890E-09 7.7869E-09 8.2986E-09 8.8227E-09 9.3638E-09 9.9169E-09 1.0487E-08 1.1070E-08 1.1678E-08 1.2296E-08 1.2941E-08 1.3595E-08 1.4272E-08 1.4965E-08 1.5677E-08 1.6398E-08 1.7126E-08 1.7863E-08 1.8576E-08 1.9266E-08 1.9909E-08 2.0523E-08 2.1054E-08 2.1555E-08 2.1990E-08 2.2375E-08 2.2713E-08 2.3035E-08 2.3334E-08 2.3635E-08 2.3947E-08 2.4244E-08 2.4468E-08 2.4643E-08 2.4819E-08
6.6224E-10 7.4460E-10 8.3994E-10 9.4258E-10 1.0645E-09 1.1966E-09 1.3486E-09 1.5135E-09 1.7000E-09 1.9047E-09 2.1338E-09 2.3962E-09 2.6951E-09 3.0027E-09 3.3273E-09 3.6653E-09 4.0262E-09 4.4022E-09 4.7991E-09 5.2100E-09 5.6419E-09 6.0850E-09 6.5481E-09 7.0221E-09 7.5117E-09 8.0169E-09 8.5413E-09 9.0803E-09 9.6388E-09 1.0210E-08 1.0809E-08 1.1418E-08 1.2055E-08 1.2701E-08 1.3374E-08 1.4062E-08 1.4771E-08 1.5482E-08 1.6204E-08 1.6928E-08 1.7630E-08 1.8298E-08 1.8929E-08 1.9491E-08 1.9986E-08 2.0415E-08 2.0773E-08 2.1062E-08 2.1277E-08 2.1441E-08 2.1564E-08 2.1659E-08 2.1706E-08 2.1711E-08 2.1607E-08 2.1343E-08 2.0989E-08
5.5952E-10 6.3388E-10 7.1658E-10 8.0747E-10 9.1415E-10 1.0296E-09 1.1634E-09 1.3093E-09 1.4734E-09 1.6567E-09 1.8545E-09 2.0700E-09 2.3121E-09 2.5761E-09 2.8769E-09 3.1864E-09 3.5128E-09 3.8538E-09 4.2168E-09 4.5924E-09 4.9895E-09 5.3992E-09 5.8288E-09 6.2729E-09 6.7325E-09 7.2099E-09 7.7078E-09 8.2213E-09 8.7549E-09 9.3037E-09 9.8756E-09 1.0461E-08 1.1075E-08 1.1699E-08 1.2347E-08 1.3011E-08 1.3690E-08 1.4380E-08 1.5070E-08 1.5760E-08 1.6433E-08 1.7061E-08 1.7652E-08 1.8166E-08 1.8612E-08 1.8963E-08 1.9245E-08 1.9433E-08 1.9532E-08 1.9565E-08 1.9528E-08 1.9433E-08 1.9286E-08 1.9065E-08 1.8734E-08 1.8237E-08 1.7528E-08
4.5964E-10 5.3320E-10 6.0741E-10 6.8649E-10 7.7971E-10 8.7998E-10 9.9759E-10 1.1244E-09 1.2676E-09 1.4288E-09 1.6027E-09 1.7943E-09 2.0045E-09 2.2309E-09 2.4770E-09 2.7419E-09 3.0351E-09 3.3431E-09 3.6721E-09 4.0105E-09 4.3702E-09 4.7437E-09 5.1370E-09 5.5454E-09 5.9698E-09 6.4117E-09 6.8758E-09 7.3545E-09 7.8533E-09 8.3691E-09 8.9056E-09 9.4562E-09 1.0032E-08 1.0620E-08 1.1226E-08 1.1849E-08 1.2484E-08 1.3132E-08 1.3770E-08 1.4419E-08 1.5026E-08 1.5612E-08 1.6136E-08 1.6596E-08 1.6976E-08 1.7270E-08 1.7475E-08 1.7571E-08 1.7567E-08 1.7475E-08 1.7317E-08 1.7080E-08 1.6773E-08 1.6386E-08 1.5896E-08 1.5247E-08 1.4414E-08
3.8097E-10 4.3815E-10 5.0276E-10 5.7852E-10 6.6052E-10 7.4719E-10 8.4821E-10 9.5873E-10 1.0834E-09 1.2226E-09 1.3743E-09 1.5407E-09 1.7246E-09 1.9235E-09 2.1386E-09 2.3711E-09 2.6192E-09 2.8830E-09 3.1685E-09 3.4686E-09 3.7897E-09 4.1254E-09 4.4800E-09 4.8491E-09 5.2356E-09 5.6379E-09 6.0617E-09 6.5007E-09 6.9592E-09 7.4317E-09 7.9250E-09 8.4278E-09 8.9535E-09 9.4920E-09 1.0048E-08 1.0615E-08 1.1195E-08 1.1781E-08 1.2364E-08 1.2944E-08 1.3491E-08 1.4007E-08 1.4457E-08 1.4855E-08 1.5167E-08 1.5399E-08 1.5541E-08 1.5571E-08 1.5482E-08 1.5303E-08 1.5038E-08 1.4693E-08 1.4276E-08 1.3781E-08 1.3193E-08 1.2479E-08 1.1613E-08
3.0993E-10 3.5731E-10 4.1455E-10 4.7670E-10 5.4930E-10 6.2427E-10 7.1538E-10 8.1083E-10 9.1708E-10 1.0364E-09 1.1678E-09 1.3106E-09 1.4700E-09 1.6410E-09 1.8271E-09 2.0278E-09 2.2444E-09 2.4751E-09 2.7231E-09 2.9851E-09 3.2657E-09 3.5612E-09 3.8742E-09 4.2020E-09 4.5463E-09 4.9051E-09 5.2831E-09 5.6763E-09 6.0859E-09 6.5076E-09 6.9502E-09 7.3988E-09 7.8722E-09 8.3513E-09 8.8486E-09 9.3552E-09 9.8699E-09 1.0383E-08 1.0902E-08 1.1406E-08 1.1887E-08 1.2318E-08 1.2707E-08 1.3025E-08 1.3267E-08 1.3441E-08 1.3521E-08 1.3496E-08 1.3363E-08 1.3122E-08 1.2793E-08 1.2394E-08 1.1918E-08 1.1364E-08 1.0725E-08 9.9851E-09 9.1526E-09
2.4261E-10 2.8071E-10 3.2962E-10 3.8544E-10 4.4926E-10 5.1488E-10 5.9137E-10 6.7306E-10 7.6634E-10 8.6920E-10 9.7954E-10 1.1017E-09 1.2381E-09 1.3834E-09 1.5445E-09 1.7144E-09 1.9021E-09 2.0995E-09 2.3140E-09 2.5421E-09 2.7846E-09 3.0406E-09 3.3147E-09 3.5998E-09 3.8986E-09 4.2136E-09 4.5437E-09 4.8864E-09 5.2465E-09 5.6179E-09 6.0037E-09 6.4009E-09 6.8122E-09 7.2323E-09 7.6660E-09 8.1031E-09 8.5495E-09 8.9952E-09 9.4305E-09 9.8637E-09 1.0264E-08 1.0623E-08 1.0934E-08 1.1185E-08 1.1370E-08 1.1477E-08 1.1498E-08 1.1434E-08 1.1268E-08 1.1005E-08 1.0650E-08 1.0223E-08 9.7389E-09 9.1854E-09 8.5650E-09 7.8645E-09 7.0936E-09
1.9103E-10 2.2354E-10 2.6233E-10 3.0485E-10 3.5757E-10 4.1617E-10 4.7922E-10 5.4774E-10 6.2732E-10 7.1512E-10 8.1124E-10 9.1542E-10 1.0294E-09 1.1528E-09 1.2895E-09 1.4334E-09 1.5932E-09 1.7613E-09 1.9447E-09 2.1374E-09 2.3461E-09 2.5649E-09 2.7989E-09 3.0430E-09 3.2994E-09 3.5693E-09 3.8498E-09 4.1484E-09 4.4564E-09 4.7752E-09 5.1088E-09 5.4504E-09 5.8012E-09 6.1614E-09 6.5286E-09 6.9005E-09 7.2754E-09 7.6480E-09 8.0137E-09 8.3698E-09 8.6860E-09 8.9785E-09 9.2161E-09 9.4019E-09 9.5324E-09 9.5919E-09 9.5755E-09 9.4708E-09 9.2891E-09 9.0125E-09 8.6608E-09 8.2441E-09 7.7737E-09 7.2612E-09 6.6911E-09 6.0684E-09 5.4016E-09
1.4818E-10 1.7611E-10 2.0738E-10 2.4502E-10 2.8685E-10 3.3383E-10 3.8601E-10 4.4154E-10 5.0442E-10 5.7492E-10 6.5474E-10 7.4428E-10 8.4346E-10 9.4798E-10 1.0622E-09 1.1839E-09 1.3173E-09 1.4591E-09 1.6127E-09 1.7752E-09 1.9516E-09 2.1337E-09 2.3322E-09 2.5387E-09 2.7535E-09 2.9807E-09 3.2202E-09 3.4688E-09 3.7288E-09 3.9997E-09 4.2777E-09 4.5649E-09 4.8603E-09 5.1603E-09 5.4661E-09 5.7727E-09 6.0799E-09 6.3845E-09 6.6809E-09 6.9635E-09 7.2167E-09 7.4305E-09 7.6060E-09 7.7393E-09 7.8185E-09 7.8381E-09 7.7906E-09 7.6743E-09 7.4812E-09 7.2256E-09 6.8977E-09 6.5111E-09 6.0754E-09 5.6005E-09 5.1032E-09 4.5805E-09 4.0262E-09
1.1171E-10 1.3317E-10 1.5852E-10 1.9075E-10 2.2438E-10 2.6683E-10 3.0932E-10 3.5765E-10 4.0801E-10 4.6456E-10 5.2756E-10 5.9836E-10 6.7710E-10 7.6433E-10 8.6271E-10 9.6479E-10 1.0752E-09 1.1930E-09 1.3211E-09 1.4559E-09 1.6008E-09 1.7541E-09 1.9184E-09 2.0868E-09 2.2684E-09 2.4550E-09 2.6505E-09 2.8580E-09 3.0749E-09 3.2912E-09 3.5251E-09 3.7630E-09 3.9997E-09 4.2504E-09 4.4968E-09 4.7454E-09 4.9920E-09 5.2343E-09 5.4640E-09 5.6836E-09 5.8748E-09 6.0323E-09 6.1539E-09 6.2337E-09 6.2684E-09 6.2557E-09 6.1883E-09 6.0654E-09 5.8835E-09 5.6449E-09 5.3624E-09 5.0286E-09 4.6587E-09 4.2537E-09 3.8255E-09 3.3813E-09 2.9285E-09
7.6991E-11 9.5859E-11 1.1816E-10 1.4146E-10 1.7186E-10 2.0497E-10 2.4255E-10 2.8538E-10 3.2773E-10 3.7392E-10 4.2613E-10 4.8251E-10 5.4528E-10 6.1699E-10 6.9272E-10 7.7640E-10 8.6765E-10 9.6495E-10 1.0685E-09 1.1801E-09 1.2994E-09 1.4211E-09 1.5563E-09 1.6959E-09 1.8382E-09 1.9918E-09 2.1521E-09 2.3156E-09 2.4892E-09 2.6720E-09 2.8526E-09 3.0447E-09 3.2422E-09 3.4350E-09 3.6346E-09 3.8327E-09 4.0263E-09 4.2119E-09 4.3855E-09 4.5463E-09 4.6841E-09 4.7952E-09 4.8761E-09 4.9178E-09 4.9229E-09 4.8861E-09 4.8063E-09 4.6772E-09 4.5041E-09 4.2938E-09 4.0533E-09 3.7834E-09 3.4814E-09 3.1553E-09 2.8118E-09 2.4581E-09 2.1033E-09
4.8222E-11 6.4661E-11 8.3771E-11 1.0419E-10 1.2861E-10 1.5590E-10 1.8917E-10 2.2138E-10 2.6194E-10 2.9889E-10 3.4009E-10 3.8670E-10 4.3763E-10 4.9188E-10 5.5537E-10 6.2367E-10 6.9384E-10 7.7262E-10 8.5458E-10 9.4149E-10 1.0372E-09 1.1377E-09 1.2414E-09 1.3530E-09 1.4691E-09 1.5893E-09 1.7140E-09 1.8488E-09 1.9853E-09 2.1249E-09 2.2752E-09 2.4239E-09 2.5759E-09 2.7324E-09 2.8863E-09 3.0371E-09 3.1869E-09 3.3263E-09 3.4551E-09 3.5670E-09 3.6638E-09 3.7328E-09 3.7779E-09 3.7958E-09 3.7820E-09 3.7320E-09 3.6498E-09 3.5336E-09 3.3802E-09 3.1962E-09 2.9877E-09 2.7594E-09 2.5229E-09 2.2749E-09 2.0131E-09 1.7436E-09 1.4726E-09
2.9543E-11 3.9614E-11 5.3745E-11 7.0533E-11 8.8849E-11 1.1326E-10 1.3923E-10 1.7048E-10 2.0236E-10 2.3730E-10 2.6993E-10 3.0604E-10 3.4537E-10 3.9092E-10 4.3767E-10 4.9009E-10 5.5006E-10 6.0983E-10 6.7408E-10 7.4423E-10 8.1576E-10 8.9455E-10 9.7629E-10 1.0636E-09 1.1533E-09 1.2475E-09 1.3468E-09 1.4487E-09 1.5557E-09 1.6678E-09 1.7781E-09 1.8950E-09 2.0125E-09 2.1299E-09 2.2461E-09 2.3654E-09 2.4731E-09 2.5757E-09 2.6694E-09 2.7478E-09 2.8086E-09 2.8531E-09 2.8712E-09 2.8660E-09 2.8332E-09 2.7773E-09 2.6981E-09 2.5969E-09 2.4718E-09 2.3227E-09 2.1560E-09 1.9771E-09 1.7902E-09 1.5940E-09 1.3921E-09 1.1945E-09 9.9821E-10
1.3717E-11 2.0889E-11 3.0361E-11 4.1498E-11 5.5905E-11 7.3316E-11 9.2299E-11 1.1544E-10 1.4418E-10 1.7419E-10 2.0672E-10 2.3686E-10 2.6696E-10 3.0182E-10 3.3879E-10 3.7900E-10 4.2340E-10 4.7219E-10 5.2413E-10 5.7461E-10 6.3154E-10 6.9131E-10 7.5453E-10 8.2095E-10 8.9104E-10 9.6319E-10 1.0377E-09 1.1174E-09 1.1968E-09 1.2811E-09 1.3668E-09 1.4527E-09 1.5419E-09 1.6315E-09 1.7182E-09 1.8017E-09 1.8849E-09 1.9572E-09 2.0197E-09 2.0739E-09 2.1108E-09 2.1317E-09 2.1390E-09 2.1223E-09 2.0860E-09 2.0281E-09 1.9508E-09 1.8560E-09 1.7472E-09 1.6307E-09 1.5097E-09 1.3742E-09 1.2335E-09 1.0896E-09 9.4315E-10 8.0202E-10 6.6168E-10
2.5140E-12 3.6542E-12 8.1018E-12 1.4353E-11 2.5918E-11 3.9794E-11 5.3921E-11 7.1033E-11 9.0707E-11 1.1123E-10 1.3901E-10 1.6514E-10 1.9379E-10 2.2183E-10 2.5174E-10 2.8336E-10 3.1738E-10 3.5458E-10 3.9368E-10 4.3687E-10 4.7881E-10 5.2195E-10 5.7088E-10 6.2083E-10 6.7400E-10 7.2912E-10 7.8496E-10 8.4344E-10 9.0427E-10 9.6552E-10 1.0314E-09 1.0953E-09 1.1608E-09 1.2232E-09 1.2880E-09 1.3492E-09 1.4054E-09 1.4513E-09 1.4937E-09 1.5250E-09 1.5510E-09 1.5569E-09 1.5560E-09 1.5374E-09 1.5009E-09 1.4489E-09 1.3834E-09 1.3034E-09 1.2144E-09 1.1173E-09 1.0153E-09 9.1027E-10 8.1113E-10 7.1125E-10 6.1208E-10 5.1539E-10 4.2065E-10
1.1880E-13 1.9878E-13 4.6369E-13 7.4676E-13 1.1851E-12 6.0079E-12 1.6896E-11 3.3023E-11 5.0401E-11 6.7557E-11 8.4582E-11 1.0472E-10 1.2695E-10 1.5133E-10 1.7478E-10 2.0000E-10 2.2496E-10 2.5475E-10 2.8393E-10 3.1531E-10 3.5043E-10 3.8579E-10 4.1927E-10 4.5848E-10 4.9749E-10 5.3959E-10 5.8141E-10 6.2295E-10 6.6772E-10 7.1459E-10 7.6225E-10 8.0905E-10 8.5535E-10 9.0251E-10 9.4599E-10 9.8470E-10 1.0181E-09 1.0455E-09 1.0730E-09 1.0870E-09 1.0938E-09 1.0959E-09 1.0836E-09 1.0664E-09 1.0340E-09 9.8844E-10 9.3151E-10 8.6634E-10 7.9616E-10 7.2192E-10 6.4706E-10 5.7281E-10 5.0042E-10 4.3185E-10 3.6451E-10 3.0294E-10 2.4555E-10
0.0000E+00 0.0000E+00 0.0000E+00 0.0000E+00 0.0000E+00 0.0000E+00 8.1813E-14 1.6776E-12 5.2625E-12 1.7628E-11 3.3638E-11 5.5285E-11 7.5680E-11 9.4783E-11 1.1143E-10 1.2952E-10 1.4949E-10 1.6856E-10 1.9101E-10 2.1604E-10 2.4007E-10 2.6806E-10 3.0036E-10 3.2662E-10 3.5859E-10 3.8908E-10 4.2009E-10 4.5279E-10 4.8379E-10 5.1586E-10 5.4817E-10 5.8338E-10 6.1758E-10 6.4798E-10 6.7567E-10 7.0406E-10 7.2753E-10 7.4427E-10 7.5338E-10 7.5826E-10 7.5458E-10 7.4717E-10 7.3016E-10 7.0359E-10 6.7123E-10 6.3413E-10 5.9310E-10 5.4264E-10 4.8887E-10 4.3582E-10 3.8289E-10 3.3219E-10 2.8103E-10 2.3755E-10 1.9456E-10 1.5687E-10 1.2327E-10
0.0000E+00 0.0000E+00 0.0000E+00 0.0000E+00 0.0000E+00 0.0000E+00 0.0000E+00 0.0000E+00 6.4638E-14 1.3122E-12 3.6765E-12 7.3700E-12 1.6270E-11 3.0978E-11 5.1765E-11 6.9529E-11 8.3006E-11 9.9439E-11 1.1613E-10 1.3525E-10 1.5515E-10 1.7154E-10 1.9047E-10 2.1507E-10 2.3456E-10 2.6311E-10 2.8955E-10 3.1390E-10 3.3720E-10 3.6037E-10 3.8464E-10 4.0647E-10 4.2891E-10 4.5000E-10 4.7148E-10 4.9035E-10 5.0320E-10 5.1307E-10 5.1630E-10 5.1492E-10 5.0836E-10 4.9233E-10 4.6959E-10 4.4538E-10 4.1910E-10 3.8524E-10 3.4957E-10 3.0949E-10 2.7321E-10 2.3584E-10 1.9859E-10 1.6321E-10 1.3100E-10 1.0224E-10 7.6178E-11 5.3618E-11 3.6844E-11
