Assets/Resources/2015_m01_d24_1600(utc+0800)_l00_csi_1hr_conc.grd
DSAA
         159         159
     -79.000      79.000
     -79.000      79.000
  0.0000E+00  0.8255E-05
[rows 100 to 124 of 159, columns 57 to 113 of 159]
7.6038E-10 7.5361E-10 7.4657E-10 7.3926E-10 7.3169E-10 7.2386E-10 7.1580E-10 7.0751E-10 6.9900E-10 6.9029E-10 6.8137E-10 6.7228E-10 6.6301E-10 6.5359E-10 6.4401E-10 6.3430E-10 6.2447E-10 6.1452E-10 6.0447E-10 5.9433E-10 5.8410E-10 5.7380E-10 5.6345E-10 5.5304E-10 5.4259E-10 5.3200E-10 5.2151E-10 5.1089E-10 5.0017E-10 4.8954E-10 4.7896E-10 4.6813E-10 4.5744E-10 4.4695E-10 4.3666E-10 4.2600E-10 4.1571E-10 4.0534E-10 3.9520E-10 3.8516E-10 3.7507E-10 3.6509E-10 3.5536E-10 3.4559E-10 3.3595E-10 3.2658E-10 3.1734E-10 3.0808E-10 2.9902E-10 2.9009E-10 2.8145E-10 2.7296E-10 2.6452E-10 2.5623E-10 2.4818E-10 2.4028E-10 2.3244E-10
7.3641E-10 7.2985E-10 7.2302E-10 7.1593E-10 7.0859E-10 7.0101E-10 6.9320E-10 6.8517E-10 6.7694E-10 6.6850E-10 6.5988E-10 6.5108E-10 6.4212E-10 6.3301E-10 6.2375E-10 6.1436E-10 6.0486E-10 5.9524E-10 5.8552E-10 5.7571E-10 5.6583E-10 5.5587E-10 5.4585E-10 5.3567E-10 5.2557E-10 5.1533E-10 5.0518E-10 4.9481E-10 4.8440E-10 4.7412E-10 4.6375E-10 4.5337E-10 4.4318E-10 4.3302E-10 4.2279E-10 4.1261E-10 4.0265E-10 3.9261E-10 3.8281E-10 3.7309E-10 3.6332E-10 3.5365E-10 3.4423E-10 3.3478E-10 3.2559E-10 3.1652E-10 3.0742E-10 2.9851E-10 2.8973E-10 2.8123E-10 2.7286E-10 2.6455E-10 2.5637E-10 2.4842E-10 2.4062E-10 2.3288E-10 2.2529E-10
7.1281E-10 7.0646E-10 6.9984E-10 6.9298E-10 6.8587E-10 6.7854E-10 6.7098E-10 6.6322E-10 6.5526E-10 6.4710E-10 6.3877E-10 6.3027E-10 6.2161E-10 6.1281E-10 6.0386E-10 5.9479E-10 5.8561E-10 5.7631E-10 5.6692E-10 5.5744E-10 5.4788E-10 5.3826E-10 5.2847E-10 5.1874E-10 5.0887E-10 4.9886E-10 4.8891E-10 4.7899E-10 4.6878E-10 4.5884E-10 4.4892E-10 4.3903E-10 4.2902E-10 4.1921E-10 4.0931E-10 3.9946E-10 3.8982E-10 3.8026E-10 3.7063E-10 3.6124E-10 3.5178E-10 3.4242E-10 3.3331E-10 3.2431E-10 3.1527E-10 3.0649E-10 2.9774E-10 2.8911E-10 2.8075E-10 2.7252E-10 2.6433E-10 2.5628E-10 2.4845E-10 2.4075E-10 2.3311E-10 2.2561E-10 2.1835E-10
6.8961E-10 6.8346E-10 6.7707E-10 6.7043E-10 6.6356E-10 6.5647E-10 6.4917E-10 6.4167E-10 6.3398E-10 6.2611E-10 6.1806E-10 6.0985E-10 6.0149E-10 5.9299E-10 5.8436E-10 5.7560E-10 5.6672E-10 5.5775E-10 5.4867E-10 5.3952E-10 5.3017E-10 5.2088E-10 5.1142E-10 5.0202E-10 4.9237E-10 4.8267E-10 4.7305E-10 4.6333E-10 4.5356E-10 4.4396E-10 4.3452E-10 4.2466E-10 4.1514E-10 4.0566E-10 3.9608E-10 3.8670E-10 3.7739E-10 3.6800E-10 3.5868E-10 3.4960E-10 3.4045E-10 3.3154E-10 3.2274E-10 3.1388E-10 3.0528E-10 2.9669E-10 2.8822E-10 2.8002E-10 2.7193E-10 2.6388E-10 2.5595E-10 2.4824E-10 2.4066E-10 2.3313E-10 2.2573E-10 2.1856E-10 2.1144E-10
6.6684E-10 6.6089E-10 6.5471E-10 6.4830E-10 6.4167E-10 6.3483E-10 6.2779E-10 6.2055E-10 6.1313E-10 6.0553E-10 5.9777E-10 5.8984E-10 5.8178E-10 5.7357E-10 5.6523E-10 5.5678E-10 5.4821E-10 5.3954E-10 5.3067E-10 5.2183E-10 5.1281E-10 5.0384E-10 4.9459E-10 4.8538E-10 4.7617E-10 4.6665E-10 4.5737E-10 4.4808E-10 4.3879E-10 4.2951E-10 4.2011E-10 4.1073E-10 4.0153E-10 3.9237E-10 3.8325E-10 3.7405E-10 3.6505E-10 3.5597E-10 3.4711E-10 3.3819E-10 3.2934E-10 3.2088E-10 3.1221E-10 3.0370E-10 2.9538E-10 2.8708E-10 2.7904E-10 2.7110E-10 2.6319E-10 2.5539E-10 2.4781E-10 2.4035E-10 2.3294E-10 2.2564E-10 2.1857E-10 2.1155E-10 2.0466E-10
6.4450E-10 6.3877E-10 6.3281E-10 6.2662E-10 6.2023E-10 6.1363E-10 6.0684E-10 5.9986E-10 5.9270E-10 5.8537E-10 5.7789E-10 5.7025E-10 5.6246E-10 5.5455E-10 5.4650E-10 5.3834E-10 5.2997E-10 5.2160E-10 5.1315E-10 5.0451E-10 4.9580E-10 4.8704E-10 4.7808E-10 4.6919E-10 4.6016E-10 4.5107E-10 4.4211E-10 4.3329E-10 4.2417E-10 4.1522E-10 4.0614E-10 3.9707E-10 3.8819E-10 3.7934E-10 3.7055E-10 3.6165E-10 3.5296E-10 3.4418E-10 3.3563E-10 3.2700E-10 3.1859E-10 3.1027E-10 3.0195E-10 2.9372E-10 2.8568E-10 2.7780E-10 2.7002E-10 2.6226E-10 2.5461E-10 2.4716E-10 2.3983E-10 2.3253E-10 2.2535E-10 2.1839E-10 2.1146E-10 2.0467E-10 1.9800E-10
6.2262E-10 6.1710E-10 6.1135E-10 6.0540E-10 5.9924E-10 5.9288E-10 5.8633E-10 5.7961E-10 5.7271E-10 5.6564E-10 5.5843E-10 5.5106E-10 5.4355E-10 5.3592E-10 5.2816E-10 5.2019E-10 5.1221E-10 5.0404E-10 4.9589E-10 4.8745E-10 4.7902E-10 4.7057E-10 4.6177E-10 4.5320E-10 4.4459E-10 4.3596E-10 4.2731E-10 4.1852E-10 4.0987E-10 4.0123E-10 3.9245E-10 3.8385E-10 3.7527E-10 3.6659E-10 3.5810E-10 3.4950E-10 3.4111E-10 3.3263E-10 3.2437E-10 3.1618E-10 3.0791E-10 2.9994E-10 2.9189E-10 2.8403E-10 2.7632E-10 2.6861E-10 2.6109E-10 2.5359E-10 2.4628E-10 2.3900E-10 2.3191E-10 2.2485E-10 2.1800E-10 2.1119E-10 2.0449E-10 1.9792E-10 1.9156E-10
6.0122E-10 5.9590E-10 5.9037E-10 5.8464E-10 5.7870E-10 5.7258E-10 5.6628E-10 5.5980E-10 5.5315E-10 5.4634E-10 5.3939E-10 5.3229E-10 5.2506E-10 5.1759E-10 5.1011E-10 5.0242E-10 4.9474E-10 4.8675E-10 4.7890E-10 4.7073E-10 4.6260E-10 4.5430E-10 4.4592E-10 4.3765E-10 4.2950E-10 4.2103E-10 4.1270E-10 4.0421E-10 3.9587E-10 3.8753E-10 3.7921E-10 3.7076E-10 3.6249E-10 3.5410E-10 3.4591E-10 3.3761E-10 3.2951E-10 3.2147E-10 3.1349E-10 3.0544E-10 2.9766E-10 2.8981E-10 2.8204E-10 2.7459E-10 2.6706E-10 2.5970E-10 2.5235E-10 2.4519E-10 2.3804E-10 2.3109E-10 2.2415E-10 2.1742E-10 2.1072E-10 2.0413E-10 1.9765E-10 1.9139E-10 1.8525E-10
5.8030E-10 5.7518E-10 5.6986E-10 5.6434E-10 5.5863E-10 5.5274E-10 5.4667E-10 5.4043E-10 5.3403E-10 5.2747E-10 5.2077E-10 5.1383E-10 5.0686E-10 4.9967E-10 4.9247E-10 4.8506E-10 4.7755E-10 4.6982E-10 4.6226E-10 4.5423E-10 4.4640E-10 4.3851E-10 4.3058E-10 4.2260E-10 4.1446E-10 4.0644E-10 3.9841E-10 3.9021E-10 3.8217E-10 3.7413E-10 3.6611E-10 3.5796E-10 3.4998E-10 3.4188E-10 3.3398E-10 3.2597E-10 3.1831E-10 3.1041E-10 3.0271E-10 2.9498E-10 2.8748E-10 2.7990E-10 2.7254E-10 2.6527E-10 2.5799E-10 2.5088E-10 2.4388E-10 2.3687E-10 2.2997E-10 2.2325E-10 2.1665E-10 2.1006E-10 2.0358E-10 1.9721E-10 1.9105E-10 1.8500E-10 1.7898E-10
5.5987E-10 5.5495E-10 5.4983E-10 5.4452E-10 5.3902E-10 5.3335E-10 5.2751E-10 5.2151E-10 5.1535E-10 5.0893E-10 5.0248E-10 4.9579E-10 4.8909E-10 4.8216E-10 4.7512E-10 4.6785E-10 4.6073E-10 4.5313E-10 4.4571E-10 4.3822E-10 4.3068E-10 4.2323E-10 4.1529E-10 4.0776E-10 3.9991E-10 3.9218E-10 3.8444E-10 3.7668E-10 3.6879E-10 3.6104E-10 3.5331E-10 3.4544E-10 3.3775E-10 3.2994E-10 3.2233E-10 3.1474E-10 3.0721E-10 2.9964E-10 2.9221E-10 2.8476E-10 2.7752E-10 2.7035E-10 2.6316E-10 2.5614E-10 2.4911E-10 2.4235E-10 2.3550E-10 2.2873E-10 2.2215E-10 2.1568E-10 2.0921E-10 2.0285E-10 1.9659E-10 1.9053E-10 1.8458E-10 1.7866E-10 1.7284E-10
5.3992E-10 5.3519E-10 5.3027E-10 5.2516E-10 5.1988E-10 5.1443E-10 5.0870E-10 5.0293E-10 4.9700E-10 4.9082E-10 4.8462E-10 4.7818E-10 4.7163E-10 4.6493E-10 4.5816E-10 4.5100E-10 4.4416E-10 4.3694E-10 4.2980E-10 4.2274E-10 4.1532E-10 4.0801E-10 4.0051E-10 3.9326E-10 3.8569E-10 3.7825E-10 3.7079E-10 3.6333E-10 3.5571E-10 3.4825E-10 3.4080E-10 3.3322E-10 3.2580E-10 3.1842E-10 3.1108E-10 3.0362E-10 2.9642E-10 2.8911E-10 2.8195E-10 2.7491E-10 2.6792E-10 2.6092E-10 2.5408E-10 2.4721E-10 2.4052E-10 2.3391E-10 2.2730E-10 2.2077E-10 2.1452E-10 2.0818E-10 2.0194E-10 1.9580E-10 1.8984E-10 1.8391E-10 1.7817E-10 1.7245E-10 1.6684E-10
5.2046E-10 5.1591E-10 5.1119E-10 5.0628E-10 5.0109E-10 4.9585E-10 4.9045E-10 4.8480E-10 4.7910E-10 4.7316E-10 4.6709E-10 4.6086E-10 4.5456E-10 4.4785E-10 4.4146E-10 4.3467E-10 4.2809E-10 4.2129E-10 4.1441E-10 4.0734E-10 4.0035E-10 3.9331E-10 3.8608E-10 3.7896E-10 3.7196E-10 3.6465E-10 3.5747E-10 3.5028E-10 3.4294E-10 3.3575E-10 3.2858E-10 3.2128E-10 3.1428E-10 3.0703E-10 2.9995E-10 2.9281E-10 2.8587E-10 2.7883E-10 2.7207E-10 2.6520E-10 2.5846E-10 2.5171E-10 2.4511E-10 2.3858E-10 2.3213E-10 2.2567E-10 2.1929E-10 2.1308E-10 2.0696E-10 2.0085E-10 1.9483E-10 1.8890E-10 1.8316E-10 1.7753E-10 1.7190E-10 1.6638E-10 1.6097E-10
5.0148E-10 4.9701E-10 4.9247E-10 4.8776E-10 4.8289E-10 4.7774E-10 4.7256E-10 4.6712E-10 4.6154E-10 4.5580E-10 4.4997E-10 4.4387E-10 4.3777E-10 4.3143E-10 4.2528E-10 4.1890E-10 4.1242E-10 4.0574E-10 3.9913E-10 3.9246E-10 3.8574E-10 3.7897E-10 3.7215E-10 3.6530E-10 3.5828E-10 3.5139E-10 3.4448E-10 3.3756E-10 3.3049E-10 3.2357E-10 3.1666E-10 3.0977E-10 3.0289E-10 2.9596E-10 2.8914E-10 2.8226E-10 2.7558E-10 2.6893E-10 2.6234E-10 2.5571E-10 2.4922E-10 2.4280E-10 2.3635E-10 2.3006E-10 2.2384E-10 2.1761E-10 2.1146E-10 2.0557E-10 1.9959E-10 1.9369E-10 1.8788E-10 1.8225E-10 1.7664E-10 1.7120E-10 1.6578E-10 1.6045E-10 1.5523E-10
4.8289E-10 4.7870E-10 4.7424E-10 4.6972E-10 4.6493E-10 4.5999E-10 4.5501E-10 4.4965E-10 4.4440E-10 4.3862E-10 4.3313E-10 4.2723E-10 4.2152E-10 4.1557E-10 4.0966E-10 4.0323E-10 3.9716E-10 3.9073E-10 3.8438E-10 3.7796E-10 3.7149E-10 3.6498E-10 3.5843E-10 3.5185E-10 3.4509E-10 3.3845E-10 3.3180E-10 3.2515E-10 3.1834E-10 3.1183E-10 3.0504E-10 2.9840E-10 2.9184E-10 2.8516E-10 2.7859E-10 2.7211E-10 2.6567E-10 2.5919E-10 2.5284E-10 2.4645E-10 2.4029E-10 2.3402E-10 2.2789E-10 2.2174E-10 2.1575E-10 2.0975E-10 2.0391E-10 1.9815E-10 1.9238E-10 1.8670E-10 1.8110E-10 1.7568E-10 1.7035E-10 1.6503E-10 1.5980E-10 1.5466E-10 1.4971E-10
4.6478E-10 4.6076E-10 4.5648E-10 4.5204E-10 4.4755E-10 4.4267E-10 4.3790E-10 4.3259E-10 4.2756E-10 4.2211E-10 4.1685E-10 4.1132E-10 4.0584E-10 3.9997E-10 3.9416E-10 3.8812E-10 3.8230E-10 3.7611E-10 3.7000E-10 3.6384E-10 3.5762E-10 3.5136E-10 3.4506E-10 3.3873E-10 3.3222E-10 3.2585E-10 3.1945E-10 3.1305E-10 3.0665E-10 3.0024E-10 2.9376E-10 2.8737E-10 2.8106E-10 2.7462E-10 2.6845E-10 2.6213E-10 2.5593E-10 2.4968E-10 2.4357E-10 2.3750E-10 2.3149E-10 2.2545E-10 2.1955E-10 2.1372E-10 2.0786E-10 2.0208E-10 1.9645E-10 1.9091E-10 1.8535E-10 1.7987E-10 1.7448E-10 1.6935E-10 1.6413E-10 1.5900E-10 1.5396E-10 1.4910E-10 1.4424E-10
4.4705E-10 4.4321E-10 4.3906E-10 4.3480E-10 4.3050E-10 4.2566E-10 4.2109E-10 4.1610E-10 4.1128E-10 4.0619E-10 4.0114E-10 3.9569E-10 3.9029E-10 3.8465E-10 3.7922E-10 3.7341E-10 3.6767E-10 3.6202E-10 3.5615E-10 3.5008E-10 3.4411E-10 3.3810E-10 3.3204E-10 3.2581E-10 3.1970E-10 3.1357E-10 3.0757E-10 3.0127E-10 2.9511E-10 2.8901E-10 2.8277E-10 2.7662E-10 2.7055E-10 2.6450E-10 2.5848E-10 2.5239E-10 2.4643E-10 2.4051E-10 2.3462E-10 2.2879E-10 2.2291E-10 2.1709E-10 2.1151E-10 2.0581E-10 2.0017E-10 1.9460E-10 1.8927E-10 1.8385E-10 1.7849E-10 1.7322E-10 1.6820E-10 1.6309E-10 1.5806E-10 1.5312E-10 1.4827E-10 1.4358E-10 1.3900E-10
4.2977E-10 4.2610E-10 4.2201E-10 4.1789E-10 4.1363E-10 4.0924E-10 4.0471E-10 4.0021E-10 3.9544E-10 3.9042E-10 3.8558E-10 3.8034E-10 3.7531E-10 3.6989E-10 3.6468E-10 3.5924E-10 3.5374E-10 3.4817E-10 3.4253E-10 3.3670E-10 3.3096E-10 3.2518E-10 3.1937E-10 3.1338E-10 3.0766E-10 3.0176E-10 2.9586E-10 2.8985E-10 2.8393E-10 2.7807E-10 2.7206E-10 2.6630E-10 2.6038E-10 2.5456E-10 2.4877E-10 2.4291E-10 2.3727E-10 2.3148E-10 2.2582E-10 2.2021E-10 2.1455E-10 2.0895E-10 2.0358E-10 1.9810E-10 1.9267E-10 1.8739E-10 1.8219E-10 1.7696E-10 1.7181E-10 1.6682E-10 1.6191E-10 1.5699E-10 1.5215E-10 1.4739E-10 1.4280E-10 1.3830E-10 1.3379E-10
4.1284E-10 4.0932E-10 4.0536E-10 4.0157E-10 3.9748E-10 3.9342E-10 3.8908E-10 3.8448E-10 3.8005E-10 3.7523E-10 3.7059E-10 3.6556E-10 3.6074E-10 3.5568E-10 3.5054E-10 3.4533E-10 3.4004E-10 3.3455E-10 3.2914E-10 3.2368E-10 3.1818E-10 3.1263E-10 3.0705E-10 3.0143E-10 2.9579E-10 2.9013E-10 2.8437E-10 2.7874E-10 2.7305E-10 2.6742E-10 2.6179E-10 2.5617E-10 2.5047E-10 2.4488E-10 2.3931E-10 2.3376E-10 2.2826E-10 2.2269E-10 2.1725E-10 2.1185E-10 2.0642E-10 2.0111E-10 1.9587E-10 1.9059E-10 1.8537E-10 1.8029E-10 1.7529E-10 1.7026E-10 1.6530E-10 1.6050E-10 1.5578E-10 1.5104E-10 1.4639E-10 1.4181E-10 1.3739E-10 1.3306E-10 1.2873E-10
3.9650E-10 3.9314E-10 3.8949E-10 3.8586E-10 3.8180E-10 3.7776E-10 3.7361E-10 3.6934E-10 3.6496E-10 3.6047E-10 3.5588E-10 3.5135E-10 3.4658E-10 3.4173E-10 3.3680E-10 3.3180E-10 3.2673E-10 3.2145E-10 3.1627E-10 3.1102E-10 3.0574E-10 3.0057E-10 2.9506E-10 2.8967E-10 2.8431E-10 2.7888E-10 2.7333E-10 2.6793E-10 2.6261E-10 2.5711E-10 2.5170E-10 2.4631E-10 2.4083E-10 2.3555E-10 2.3011E-10 2.2478E-10 2.1949E-10 2.1413E-10 2.0899E-10 2.0372E-10 1.9849E-10 1.9340E-10 1.8835E-10 1.8328E-10 1.7826E-10 1.7347E-10 1.6857E-10 1.6374E-10 1.5897E-10 1.5435E-10 1.4981E-10 1.4526E-10 1.4078E-10 1.3637E-10 1.3221E-10 1.2796E-10 1.2379E-10
3.8079E-10 3.7742E-10 3.7379E-10 3.7032E-10 3.6657E-10 3.6271E-10 3.5873E-10 3.5463E-10 3.5044E-10 3.4628E-10 3.4189E-10 3.3741E-10 3.3284E-10 3.2819E-10 3.2346E-10 3.1851E-10 3.1365E-10 3.0873E-10 3.0376E-10 2.9888E-10 2.9381E-10 2.8855E-10 2.8347E-10 2.7829E-10 2.7316E-10 2.6784E-10 2.6276E-10 2.5757E-10 2.5238E-10 2.4710E-10 2.4190E-10 2.3672E-10 2.3154E-10 2.2639E-10 2.2116E-10 2.1604E-10 2.1096E-10 2.0581E-10 2.0088E-10 1.9581E-10 1.9079E-10 1.8598E-10 1.8105E-10 1.7617E-10 1.7134E-10 1.6674E-10 1.6204E-10 1.5739E-10 1.5280E-10 1.4846E-10 1.4401E-10 1.3963E-10 1.3531E-10 1.3125E-10 1.2709E-10 1.2300E-10 1.1899E-10
3.6525E-10 3.6204E-10 3.5870E-10 3.5538E-10 3.5165E-10 3.4810E-10 3.4429E-10 3.4037E-10 3.3649E-10 3.3223E-10 3.2817E-10 3.2372E-10 3.1949E-10 3.1488E-10 3.1036E-10 3.0576E-10 3.0110E-10 2.9653E-10 2.9176E-10 2.8694E-10 2.8199E-10 2.7708E-10 2.7221E-10 2.6724E-10 2.6231E-10 2.5736E-10 2.5240E-10 2.4742E-10 2.4243E-10 2.3736E-10 2.3246E-10 2.2740E-10 2.2243E-10 2.1748E-10 2.1246E-10 2.0764E-10 2.0267E-10 1.9773E-10 1.9300E-10 1.8812E-10 1.8330E-10 1.7869E-10 1.7395E-10 1.6925E-10 1.6470E-10 1.6021E-10 1.5568E-10 1.5121E-10 1.4689E-10 1.4264E-10 1.3836E-10 1.3415E-10 1.3009E-10 1.2610E-10 1.2210E-10 1.1817E-10 1.1424E-10
3.5034E-10 3.4727E-10 3.4407E-10 3.4075E-10 3.3747E-10 3.3393E-10 3.3028E-10 3.2653E-10 3.2268E-10 3.1874E-10 3.1471E-10 3.1059E-10 3.0640E-10 3.0212E-10 2.9779E-10 2.9353E-10 2.8906E-10 2.8454E-10 2.7988E-10 2.7525E-10 2.7065E-10 2.6595E-10 2.6127E-10 2.5666E-10 2.5184E-10 2.4709E-10 2.4233E-10 2.3755E-10 2.3277E-10 2.2799E-10 2.2321E-10 2.1835E-10 2.1358E-10 2.0883E-10 2.0401E-10 1.9939E-10 1.9461E-10 1.8987E-10 1.8533E-10 1.8066E-10 1.7602E-10 1.7160E-10 1.6704E-10 1.6254E-10 1.5817E-10 1.5386E-10 1.4951E-10 1.4522E-10 1.4115E-10 1.3698E-10 1.3287E-10 1.2883E-10 1.2493E-10 1.2110E-10 1.1725E-10 1.1340E-10 1.0962E-10
3.3588E-10 3.3294E-10 3.2989E-10 3.2687E-10 3.2359E-10 3.2020E-10 3.1671E-10 3.1312E-10 3.0943E-10 3.0566E-10 3.0180E-10 2.9786E-10 2.9384E-10 2.8990E-10 2.8574E-10 2.8152E-10 2.7715E-10 2.7297E-10 2.6849E-10 2.6406E-10 2.5965E-10 2.5529E-10 2.5081E-10 2.4630E-10 2.4168E-10 2.3712E-10 2.3256E-10 2.2807E-10 2.2340E-10 2.1881E-10 2.1423E-10 2.0956E-10 2.0508E-10 2.0043E-10 1.9581E-10 1.9138E-10 1.8679E-10 1.8224E-10 1.7789E-10 1.7340E-10 1.6895E-10 1.6471E-10 1.6034E-10 1.5602E-10 1.5182E-10 1.4768E-10 1.4351E-10 1.3939E-10 1.3549E-10 1.3149E-10 1.2754E-10 1.2365E-10 1.2000E-10 1.1624E-10 1.1247E-10 1.0877E-10 1.0513E-10
3.2188E-10 3.1908E-10 3.1616E-10 3.1312E-10 3.0998E-10 3.0689E-10 3.0355E-10 3.0012E-10 2.9660E-10 2.9298E-10 2.8929E-10 2.8567E-10 2.8182E-10 2.7791E-10 2.7384E-10 2.6994E-10 2.6575E-10 2.6160E-10 2.5746E-10 2.5336E-10 2.4913E-10 2.4487E-10 2.4058E-10 2.3626E-10 2.3182E-10 2.2755E-10 2.2308E-10 2.1878E-10 2.1430E-10 2.0990E-10 2.0551E-10 2.0103E-10 1.9674E-10 1.9229E-10 1.8784E-10 1.8360E-10 1.7921E-10 1.7484E-10 1.7067E-10 1.6636E-10 1.6209E-10 1.5803E-10 1.5384E-10 1.4968E-10 1.4575E-10 1.4170E-10 1.3769E-10 1.3373E-10 1.3000E-10 1.2615E-10 1.2236E-10 1.1863E-10 1.1497E-10 1.1145E-10 1.0782E-10 1.0426E-10 1.0070E-10
3.0833E-10 3.0565E-10 3.0286E-10 2.9996E-10 2.9696E-10 2.9386E-10 2.9067E-10 2.8739E-10 2.8416E-10 2.8071E-10 2.7732E-10 2.7356E-10 2.6994E-10 2.6619E-10 2.6244E-10 2.5857E-10 2.5470E-10 2.5087E-10 2.4690E-10 2.4290E-10 2.3885E-10 2.3477E-10 2.3056E-10 2.2651E-10 2.2235E-10 2.1818E-10 2.1389E-10 2.0978E-10 2.0548E-10 2.0136E-10 1.9706E-10 1.9277E-10 1.8866E-10 1.8438E-10 1.8013E-10 1.7607E-10 1.7185E-10 1.6765E-10 1.6367E-10 1.5954E-10 1.5544E-10 1.5155E-10 1.4752E-10 1.4354E-10 1.3978E-10 1.3588E-10 1.3204E-10 1.2833E-10 1.2467E-10 1.2098E-10 1.1734E-10 1.1377E-10 1.1033E-10 1.0679E-10 1.0315E-10 9.9824E-11 9.6398E-11
