Assets/Resources/2015_m01_d29_0300(utc+0800)_l00_csi_1hr_conc.grd
DSAA
         159         159
     -79.000      79.000
     -79.000      79.000
  0.0000E+00  0.2257E-04
[rows 75 to 99 of 159, columns 57 to 113 of 159]
5.0955E-10 5.5690E-10 6.0778E-10 6.6716E-10 7.3624E-10 8.3053E-10 9.3422E-10 1.0244E-09 1.1224E-09 1.2298E-09 1.3757E-09 1.5583E-09 1.7817E-09 2.0230E-09 2.2974E-09 2.6716E-09 3.5699E-09 5.7730E-09 1.1553E-08 2.8588E-08 9.4041E-08 2.7474E-07 4.5476E-07 5.5201E-07 5.6895E-07 5.2841E-07 4.4704E-07 3.4302E-07 2.6294E-07 1.9547E-07 1.3571E-07 1.0152E-07 7.7240E-08 5.5911E-08 4.9041E-08 4.4844E-08 4.9794E-08 5.0732E-08 5.6946E-08 6.3742E-08 6.0362E-08 5.6534E-08 5.2438E-08 4.8094E-08 4.3601E-08 3.9038E-08 3.4472E-08 3.0034E-08 2.5796E-08 2.1836E-08 1.8259E-08 1.5185E-08 1.2559E-08 1.0307E-08 8.4150E-09 6.8428E-09 5.5480E-09
4.5130E-10 4.9292E-10 5.3792E-10 5.9017E-10 6.4758E-10 7.1692E-10 7.9831E-10 8.9710E-10 9.9044E-10 1.0843E-09 1.1871E-09 1.3463E-09 1.5453E-09 1.7892E-09 2.0366E-09 2.3361E-09 3.0710E-09 4.8721E-09 1.0966E-08 2.6776E-08 8.5286E-08 3.7398E-07 6.5650E-07 7.3662E-07 6.9474E-07 5.8447E-07 4.6182E-07 3.2752E-07 2.4321E-07 1.7790E-07 1.2011E-07 9.2345E-08 7.8848E-08 6.1770E-08 6.4039E-08 6.3790E-08 6.5930E-08 6.3213E-08 6.0494E-08 5.7680E-08 5.4603E-08 5.1124E-08 4.7227E-08 4.3097E-08 3.8838E-08 3.4527E-08 3.0266E-08 2.6260E-08 2.2561E-08 1.9186E-08 1.6159E-08 1.3497E-08 1.1181E-08 9.2013E-09 7.5311E-09 6.1448E-09 4.9970E-09
3.9704E-10 4.3415E-10 4.7316E-10 5.1886E-10 5.6969E-10 6.3129E-10 6.9433E-10 7.6374E-10 8.4895E-10 9.4999E-10 1.0405E-09 1.1778E-09 1.3506E-09 1.5672E-09 1.7875E-09 2.0418E-09 2.5977E-09 4.5044E-09 9.0380E-09 2.4612E-08 9.0035E-08 4.9869E-07 9.8231E-07 1.0019E-06 2.3536E-06 6.2915E-07 4.4972E-07 3.1850E-07 2.1333E-07 1.5799E-07 1.2388E-07 9.1867E-08 8.2366E-08 6.7006E-08 6.2938E-08 6.0126E-08 5.7809E-08 5.5616E-08 5.3327E-08 5.0800E-08 4.7972E-08 4.4824E-08 4.1281E-08 3.7513E-08 3.3724E-08 2.9968E-08 2.6335E-08 2.2897E-08 1.9691E-08 1.6770E-08 1.4149E-08 1.1841E-08 9.8373E-09 8.1155E-09 6.6694E-09 5.4597E-09 4.4571E-09
3.4525E-10 3.7955E-10 4.1369E-10 4.5026E-10 4.9438E-10 5.5340E-10 6.0855E-10 6.6920E-10 7.3003E-10 8.0438E-10 8.9569E-10 1.0230E-09 1.1713E-09 1.3593E-09 1.5552E-09 1.7819E-09 2.1299E-09 3.6340E-09 7.8819E-09 1.9214E-08 1.2339E-07 6.3228E-07 1.4420E-06 2.2574E-05 9.4077E-07 6.3631E-07 4.2603E-07 2.8466E-07 1.8604E-07 1.3651E-07 1.0499E-07 7.7744E-08 6.7044E-08 5.4618E-08 5.2271E-08 5.0617E-08 4.9071E-08 4.7439E-08 4.5569E-08 4.3399E-08 4.0923E-08 3.8183E-08 3.5207E-08 3.2068E-08 2.8874E-08 2.5690E-08 2.2613E-08 1.9688E-08 1.6959E-08 1.4467E-08 1.2229E-08 1.0263E-08 8.5420E-09 7.0722E-09 5.8357E-09 4.7970E-09 3.9379E-09
2.9782E-10 3.3002E-10 3.5974E-10 3.9156E-10 4.3012E-10 4.7200E-10 5.2819E-10 5.8200E-10 6.3465E-10 6.9217E-10 7.5321E-10 8.3896E-10 9.7743E-10 1.1443E-09 1.3458E-09 1.5489E-09 1.8440E-09 2.7675E-09 5.7297E-09 1.5558E-08 1.1747E-07 6.2480E-07 1.6667E-06 1.4276E-06 9.3502E-07 5.7584E-07 3.6473E-07 2.3509E-07 1.4467E-07 1.0656E-07 8.2007E-08 6.0623E-08 5.3470E-08 4.3388E-08 4.2302E-08 4.1458E-08 4.0518E-08 3.9411E-08 3.8006E-08 3.6264E-08 3.4259E-08 3.1988E-08 2.9523E-08 2.6940E-08 2.4300E-08 2.1669E-08 1.9115E-08 1.6679E-08 1.4400E-08 1.2308E-08 1.0437E-08 8.7813E-09 7.3354E-09 6.0909E-09 5.0436E-09 4.1613E-09 3.4363E-09
2.5333E-10 2.8143E-10 3.0953E-10 3.3629E-10 3.6903E-10 4.0504E-10 4.4983E-10 4.9623E-10 5.4799E-10 5.9717E-10 6.5087E-10 7.0839E-10 8.1471E-10 9.6947E-10 1.1530E-09 1.3654E-09 1.6858E-09 2.7177E-09 4.6300E-09 1.0641E-08 5.8250E-08 2.7768E-07 6.5558E-07 7.2886E-07 5.8455E-07 3.9618E-07 2.5944E-07 1.7130E-07 1.0498E-07 7.9152E-08 5.2501E-08 4.6138E-08 4.1618E-08 3.3873E-08 3.3756E-08 3.3511E-08 3.3068E-08 3.2304E-08 3.1194E-08 2.9823E-08 2.8197E-08 2.6364E-08 2.4369E-08 2.2266E-08 2.0082E-08 1.7968E-08 1.5897E-08 1.3904E-08 1.2044E-08 1.0327E-08 8.7861E-09 7.4132E-09 6.2139E-09 5.1911E-09 4.3171E-09 3.5735E-09 2.9734E-09
2.1006E-10 2.3378E-10 2.6023E-10 2.8581E-10 3.1348E-10 3.4529E-10 3.8513E-10 4.2521E-10 4.6992E-10 5.1224E-10 5.5855E-10 6.0800E-10 6.6253E-10 8.0526E-10 1.1434E-09 1.6283E-09 1.9677E-09 2.6745E-09 3.7813E-09 6.3762E-09 1.8015E-08 5.8201E-08 1.2163E-07 1.2437E-07 1.0861E-07 1.3833E-07 1.2439E-07 8.1779E-08 6.5752E-08 5.4030E-08 3.7254E-08 3.4413E-08 2.6098E-08 2.6521E-08 2.6716E-08 2.6734E-08 2.6558E-08 2.6081E-08 2.5216E-08 2.4138E-08 2.2842E-08 2.1388E-08 1.9803E-08 1.8105E-08 1.6359E-08 1.4626E-08 1.2976E-08 1.1401E-08 9.9049E-09 8.5320E-09 7.2898E-09 6.1729E-09 5.1995E-09 4.3611E-09 3.6344E-09 3.0408E-09 2.3464E-09
1.6451E-10 1.9279E-10 2.1734E-10 2.3882E-10 2.6264E-10 2.8957E-10 3.2595E-10 3.6105E-10 3.9943E-10 4.3634E-10 4.7603E-10 5.1982E-10 5.6588E-10 6.4923E-10 7.5736E-10 9.8607E-10 1.4808E-09 1.9679E-09 2.5475E-09 3.6598E-09 5.9178E-09 9.7820E-09 1.4809E-08 1.8961E-08 2.0809E-08 2.0589E-08 1.9361E-08 3.1100E-08 3.2380E-08 2.5278E-08 2.4718E-08 2.4424E-08 1.9891E-08 2.0541E-08 2.0909E-08 2.1100E-08 2.1009E-08 2.0667E-08 2.0092E-08 1.9243E-08 1.8236E-08 1.7097E-08 1.5838E-08 1.4500E-08 1.3126E-08 1.1736E-08 1.0402E-08 9.1775E-09 8.0116E-09 6.9346E-09 5.9424E-09 5.0612E-09 4.2924E-09 3.6076E-09 3.0328E-09 2.4747E-09 1.9873E-09
1.2830E-10 1.4107E-10 1.6566E-10 1.9045E-10 2.1650E-10 2.4161E-10 2.6728E-10 3.0265E-10 3.3573E-10 3.6922E-10 4.0408E-10 4.4155E-10 4.8170E-10 5.2455E-10 6.1039E-10 7.2379E-10 8.6549E-10 1.0691E-09 1.5295E-09 2.2413E-09 3.1786E-09 4.4985E-09 6.3640E-09 8.1457E-09 9.4280E-09 1.0299E-08 1.0836E-08 1.1180E-08 1.1525E-08 1.4295E-08 1.5595E-08 1.4101E-08 1.4954E-08 1.5694E-08 1.6189E-08 1.6412E-08 1.6408E-08 1.6173E-08 1.5743E-08 1.5142E-08 1.4372E-08 1.3474E-08 1.2484E-08 1.1452E-08 1.0379E-08 9.2862E-09 8.2214E-09 7.2384E-09 6.3580E-09 5.5315E-09 4.7692E-09 4.0871E-09 3.4694E-09 2.9399E-09 2.4845E-09 1.9466E-09 1.6626E-09
9.9752E-11 1.0765E-10 1.2290E-10 1.4104E-10 1.6927E-10 1.9609E-10 2.2341E-10 2.5064E-10 2.8103E-10 3.1265E-10 3.4229E-10 3.7416E-10 4.0833E-10 4.4494E-10 5.1285E-10 5.7668E-10 6.9362E-10 8.3295E-10 9.5926E-10 1.2222E-09 1.9874E-09 2.7090E-09 3.5213E-09 4.3795E-09 5.2219E-09 5.9831E-09 6.5860E-09 7.3220E-09 8.0181E-09 8.5362E-09 9.5303E-09 1.0428E-08 1.1281E-08 1.1970E-08 1.2414E-08 1.2598E-08 1.2635E-08 1.2500E-08 1.2190E-08 1.1749E-08 1.1172E-08 1.0478E-08 9.7281E-09 8.9235E-09 8.0874E-09 7.2549E-09 6.4199E-09 5.6286E-09 4.9430E-09 4.3201E-09 3.7511E-09 3.2268E-09 2.7607E-09 2.3555E-09 1.8448E-09 1.5865E-09 1.2270E-09
7.9576E-11 8.8730E-11 9.6051E-11 1.0878E-10 1.2681E-10 1.4803E-10 1.6964E-10 2.0212E-10 2.3272E-10 2.6101E-10 2.8790E-10 3.1462E-10 3.4328E-10 3.7492E-10 4.0941E-10 4.7863E-10 5.4248E-10 6.5890E-10 7.9248E-10 9.1048E-10 1.1535E-09 1.7839E-09 2.3582E-09 2.8645E-09 3.3987E-09 3.9528E-09 4.5021E-09 5.0385E-09 5.6470E-09 6.3256E-09 6.9791E-09 7.7706E-09 8.4368E-09 9.0070E-09 9.3909E-09 9.5866E-09 9.6348E-09 9.5494E-09 9.3241E-09 8.9870E-09 8.5653E-09 8.0627E-09 7.4769E-09 6.8678E-09 6.2319E-09 5.5898E-09 4.9598E-09 4.3516E-09 3.7663E-09 3.3028E-09 2.8836E-09 2.4936E-09 2.1500E-09 1.6889E-09 1.4662E-09 1.1293E-09 1.0052E-09
5.5116E-11 6.5923E-11 7.7209E-11 8.3613E-11 9.2834E-11 1.0701E-10 1.2880E-10 1.5157E-10 1.7711E-10 2.0563E-10 2.3271E-10 2.5817E-10 2.8323E-10 3.1016E-10 3.4068E-10 3.7307E-10 4.4279E-10 5.3187E-10 6.1743E-10 7.4449E-10 8.5353E-10 1.0601E-09 1.5889E-09 2.0827E-09 2.4583E-09 2.8677E-09 3.3135E-09 3.7798E-09 4.2611E-09 4.7124E-09 5.1876E-09 5.6557E-09 6.2420E-09 6.6985E-09 7.0164E-09 7.1849E-09 7.2361E-09 7.1867E-09 7.0400E-09 6.8020E-09 6.4921E-09 6.0858E-09 5.6651E-09 5.2094E-09 4.7184E-09 4.2381E-09 3.7630E-09 3.3010E-09 2.8575E-09 2.4518E-09 2.1433E-09 1.8741E-09 1.4709E-09 1.2967E-09 9.9348E-10 8.9257E-10 6.6588E-10
3.6796E-11 4.6049E-11 5.6455E-11 6.6728E-11 7.2589E-11 8.3435E-11 9.5878E-11 1.1092E-10 1.2980E-10 1.5313E-10 1.7816E-10 2.0200E-10 2.2358E-10 2.4729E-10 2.7499E-10 3.0507E-10 3.3639E-10 4.0523E-10 4.9100E-10 5.7009E-10 6.8816E-10 7.8472E-10 9.3027E-10 1.3450E-09 1.8330E-09 2.1743E-09 2.5075E-09 2.8536E-09 3.2071E-09 3.5622E-09 3.9078E-09 4.2015E-09 4.5708E-09 4.9395E-09 5.1876E-09 5.3245E-09 5.3712E-09 5.3442E-09 5.2462E-09 5.0781E-09 4.8492E-09 4.5657E-09 4.2457E-09 3.8939E-09 3.5382E-09 3.1688E-09 2.8027E-09 2.4562E-09 2.1168E-09 1.8064E-09 1.3587E-09 1.2160E-09 9.0829E-10 8.2638E-10 6.7500E-10 5.5517E-10 5.2128E-10
2.4324E-11 3.0123E-11 4.1361E-11 5.0988E-11 5.8706E-11 6.6314E-11 7.4241E-11 8.5530E-11 1.0227E-10 1.1827E-10 1.3964E-10 1.5990E-10 1.7932E-10 1.9774E-10 2.1837E-10 2.4314E-10 2.7032E-10 2.9991E-10 3.6688E-10 4.1919E-10 5.1559E-10 6.2079E-10 7.0604E-10 8.0509E-10 1.0629E-09 1.5052E-09 1.8759E-09 2.1281E-09 2.3896E-09 2.6507E-09 2.9041E-09 3.1410E-09 3.3689E-09 3.6538E-09 3.8419E-09 3.9437E-09 3.9765E-09 3.9569E-09 3.8868E-09 3.7687E-09 3.6032E-09 3.4011E-09 3.1585E-09 2.9062E-09 2.6409E-09 2.3589E-09 2.0853E-09 1.8269E-09 1.5627E-09 1.1837E-09 1.0146E-09 7.1665E-10 6.6105E-10 4.5857E-10 4.4067E-10 4.2218E-10 4.0622E-10
1.6021E-11 1.8800E-11 2.5788E-11 3.6286E-11 4.5194E-11 5.2431E-11 5.9388E-11 6.9116E-11 8.0012E-11 9.3326E-11 1.0886E-10 1.2951E-10 1.4840E-10 1.6581E-10 1.8178E-10 1.9867E-10 2.1823E-10 2.4051E-10 2.6501E-10 3.2565E-10 3.7210E-10 4.5691E-10 5.5079E-10 6.2629E-10 7.0032E-10 8.2432E-10 1.1101E-09 1.4757E-09 1.7685E-09 1.9630E-09 2.1474E-09 2.3211E-09 2.4770E-09 2.6563E-09 2.8189E-09 2.8971E-09 2.9230E-09 2.9101E-09 2.8440E-09 2.7576E-09 2.6361E-09 2.4966E-09 2.3290E-09 2.1289E-09 1.9377E-09 1.7401E-09 1.4952E-09 1.1763E-09 1.0328E-09 7.2669E-10 6.2842E-10 4.4838E-10 3.4638E-10 3.3861E-10 3.2860E-10 3.1931E-10 3.1077E-10
7.8364E-12 1.0510E-11 1.5221E-11 2.2202E-11 3.1480E-11 3.9319E-11 4.3296E-11 5.2058E-11 6.1170E-11 7.1144E-11 8.6408E-11 1.0145E-10 1.1826E-10 1.3591E-10 1.5184E-10 1.6594E-10 1.8088E-10 1.9663E-10 2.1404E-10 2.3315E-10 2.8492E-10 3.2110E-10 3.9436E-10 4.5153E-10 5.3835E-10 6.0309E-10 6.6415E-10 7.7915E-10 9.9589E-10 1.2785E-09 1.5110E-09 1.6990E-09 1.8118E-09 1.9055E-09 2.0221E-09 2.0875E-09 2.1091E-09 2.0980E-09 2.0620E-09 2.0033E-09 1.9074E-09 1.8011E-09 1.6858E-09 1.5416E-09 1.2709E-09 1.1021E-09 9.8426E-10 7.1514E-10 6.3092E-10 4.7366E-10 3.4303E-10 2.9703E-10 2.5709E-10 2.4397E-10 2.3936E-10 2.3283E-10 2.2921E-10
3.4883E-12 4.9569E-12 7.0524E-12 1.0907E-11 1.7630E-11 2.6186E-11 3.1557E-11 3.7463E-11 4.5167E-11 5.3273E-11 6.4348E-11 7.6153E-11 9.0162E-11 1.0564E-10 1.2195E-10 1.3611E-10 1.4868E-10 1.6180E-10 1.7550E-10 1.8969E-10 2.0438E-10 2.2027E-10 2.7318E-10 3.0681E-10 3.7406E-10 4.2121E-10 4.9716E-10 5.4913E-10 5.9534E-10 6.6287E-10 7.7895E-10 9.4099E-10 1.0915E-09 1.2275E-09 1.3214E-09 1.3973E-09 1.4274E-09 1.4286E-09 1.3964E-09 1.3275E-09 1.2319E-09 1.1319E-09 1.0663E-09 9.1043E-10 7.4711E-10 6.6765E-10 5.7963E-10 3.9255E-10 3.4409E-10 3.0483E-10 2.6799E-10 1.7614E-10 1.2833E-10 1.1477E-10 9.9029E-11 1.1312E-10 1.6488E-10
1.3210E-12 2.0590E-12 3.2597E-12 4.5347E-12 8.1555E-12 1.3019E-11 1.7547E-11 2.3669E-11 3.1419E-11 3.8556E-11 4.5864E-11 5.5087E-11 6.5807E-11 7.8603E-11 9.2801E-11 1.0702E-10 1.2020E-10 1.3174E-10 1.4303E-10 1.5470E-10 1.6667E-10 1.7884E-10 1.9109E-10 2.3228E-10 2.5457E-10 2.8038E-10 3.3875E-10 3.7256E-10 4.3513E-10 4.6833E-10 5.0013E-10 5.2877E-10 5.6059E-10 6.1612E-10 6.6526E-10 7.0733E-10 7.5003E-10 7.7229E-10 7.6511E-10 7.3077E-10 6.9283E-10 6.3702E-10 5.6360E-10 4.8331E-10 3.9612E-10 3.6187E-10 3.2932E-10 2.9794E-10 2.6431E-10 1.7690E-10 1.3045E-10 1.1735E-10 1.0256E-10 9.1732E-11 8.0092E-11 6.7433E-11 5.9133E-11
3.8545E-14 5.4519E-13 1.1909E-12 1.8948E-12 2.6052E-12 4.9280E-12 8.4425E-12 1.1686E-11 1.7693E-11 2.3453E-11 2.9700E-11 3.7042E-11 4.5640E-11 5.5235E-11 6.7155E-11 7.9682E-11 9.2224E-11 1.0487E-10 1.1552E-10 1.2507E-10 1.3490E-10 1.4492E-10 1.5504E-10 1.6516E-10 1.7514E-10 2.1350E-10 2.3098E-10 2.4932E-10 2.9685E-10 3.1691E-10 3.3643E-10 3.8410E-10 4.0083E-10 4.1426E-10 4.2270E-10 4.2647E-10 4.2560E-10 4.2015E-10 4.1126E-10 3.9899E-10 3.8545E-10 3.6747E-10 3.4728E-10 3.2221E-10 3.0022E-10 2.7619E-10 2.2122E-10 1.7104E-10 1.2759E-10 1.1610E-10 1.0328E-10 9.3120E-11 8.2372E-11 7.3461E-11 6.2424E-11 5.3363E-11 3.9800E-11
0.0000E+00 0.0000E+00 0.0000E+00 4.2001E-13 9.3332E-13 1.5785E-12 2.4267E-12 3.8424E-12 6.9947E-12 1.1180E-11 1.5458E-11 2.0537E-11 2.7250E-11 3.5540E-11 4.4600E-11 5.4808E-11 6.6017E-11 7.7763E-11 8.9431E-11 9.9469E-11 1.0773E-10 1.1587E-10 1.2411E-10 1.3237E-10 1.4054E-10 1.4852E-10 1.5619E-10 1.6345E-10 2.0065E-10 2.1241E-10 2.2340E-10 2.6219E-10 2.7202E-10 2.7928E-10 2.8398E-10 2.8590E-10 2.8568E-10 3.1272E-10 3.0811E-10 2.9915E-10 2.5784E-10 2.4648E-10 2.3178E-10 2.1531E-10 1.7174E-10 1.2937E-10 1.2011E-10 1.1113E-10 1.0010E-10 9.1436E-11 8.1935E-11 7.4262E-11 6.3725E-11 5.6182E-11 4.9059E-11 3.3682E-11 2.9751E-11
0.0000E+00 0.0000E+00 0.0000E+00 0.0000E+00 0.0000E+00 1.8064E-13 6.0842E-13 1.0798E-12 1.7111E-12 3.0513E-12 5.2833E-12 8.3130E-12 1.2087E-11 1.6822E-11 2.3521E-11 3.1200E-11 4.0528E-11 5.2757E-11 6.3939E-11 7.3968E-11 8.4051E-11 9.2288E-11 9.8931E-11 1.0555E-10 1.1208E-10 1.1842E-10 1.2451E-10 1.3038E-10 1.3580E-10 1.4044E-10 1.4422E-10 1.4704E-10 1.7870E-10 1.8199E-10 1.8435E-10 1.8543E-10 1.8401E-10 1.8121E-10 1.7804E-10 1.7309E-10 1.6733E-10 1.5898E-10 1.2233E-10 1.1649E-10 1.0919E-10 1.0262E-10 9.3307E-11 8.6749E-11 7.8813E-11 7.1983E-11 6.2897E-11 5.6597E-11 4.9705E-11 3.5095E-11 3.0739E-11 2.5727E-11 1.5666E-11
0.0000E+00 0.0000E+00 0.0000E+00 0.0000E+00 0.0000E+00 0.0000E+00 0.0000E+00 0.0000E+00 1.8248E-13 5.4490E-13 9.3248E-13 1.6282E-12 3.1838E-12 5.5127E-12 8.4891E-12 1.2874E-11 1.8714E-11 2.5389E-11 3.3792E-11 4.4677E-11 5.6385E-11 6.6356E-11 7.5522E-11 8.2693E-11 8.8062E-11 9.3228E-11 9.8110E-11 1.0277E-10 1.0705E-10 1.1083E-10 1.1404E-10 1.1629E-10 1.1784E-10 1.1838E-10 1.1896E-10 1.1875E-10 1.1771E-10 1.1554E-10 1.1160E-10 1.0839E-10 1.0490E-10 1.0048E-10 9.6199E-11 8.9709E-11 8.4579E-11 7.8724E-11 7.3309E-11 6.6485E-11 6.0014E-11 5.4204E-11 4.8690E-11 3.5144E-11 3.0744E-11 2.6057E-11 2.1089E-11 1.1947E-11 9.8126E-12
0.0000E+00 0.0000E+00 0.0000E+00 0.0000E+00 0.0000E+00 0.0000E+00 0.0000E+00 0.0000E+00 0.0000E+00 0.0000E+00 0.0000E+00 0.0000E+00 2.1957E-13 4.9549E-13 1.0623E-12 2.5568E-12 5.0040E-12 8.7808E-12 1.3214E-11 1.9231E-11 2.7344E-11 3.6850E-11 4.6357E-11 5.5483E-11 6.2374E-11 6.8563E-11 7.2980E-11 7.6756E-11 8.0304E-11 8.3483E-11 8.6172E-11 8.8206E-11 8.9502E-11 9.0105E-11 9.0216E-11 8.9789E-11 8.9168E-11 8.7939E-11 8.6119E-11 8.3277E-11 7.9848E-11 7.6933E-11 7.3086E-11 6.9436E-11 6.4417E-11 5.9033E-11 5.5000E-11 4.9811E-11 4.5326E-11 3.2540E-11 2.9765E-11 2.5542E-11 2.0906E-11 1.1944E-11 1.0166E-11 8.1844E-12 0.0000E+00
0.0000E+00 0.0000E+00 0.0000E+00 0.0000E+00 0.0000E+00 0.0000E+00 0.0000E+00 0.0000E+00 0.0000E+00 0.0000E+00 0.0000E+00 0.0000E+00 0.0000E+00 0.0000E+00 0.0000E+00 0.0000E+00 0.0000E+00 0.0000E+00 7.2705E-13 3.7934E-12 7.5184E-12 1.2924E-11 1.9618E-11 2.6764E-11 3.3447E-11 4.0260E-11 4.7009E-11 5.2851E-11 5.7685E-11 6.0847E-11 6.3119E-11 6.5019E-11 6.6507E-11 6.7275E-11 6.7521E-11 6.7477E-11 6.6943E-11 6.6023E-11 6.4686E-11 6.2748E-11 5.9990E-11 5.6799E-11 5.4145E-11 5.0960E-11 4.7623E-11 4.3055E-11 3.3749E-11 2.9982E-11 2.6789E-11 2.4230E-11 1.6046E-11 1.1570E-11 9.5280E-12 8.1296E-12 4.1264E-14 0.0000E+00 0.0000E+00
0.0000E+00 0.0000E+00 0.0000E+00 0.0000E+00 0.0000E+00 0.0000E+00 0.0000E+00 0.0000E+00 0.0000E+00 0.0000E+00 0.0000E+00 0.0000E+00 0.0000E+00 0.0000E+00 0.0000E+00 0.0000E+00 0.0000E+00 0.0000E+00 0.0000E+00 0.0000E+00 0.0000E+00 1.0105E-12 2.9312E-12 5.9215E-12 1.0460E-11 1.5628E-11 2.0875E-11 2.5645E-11 3.0028E-11 3.3753E-11 3.7245E-11 4.0468E-11 4.3294E-11 4.5370E-11 4.6793E-11 4.7298E-11 4.7207E-11 4.6842E-11 4.5904E-11 4.4023E-11 4.1253E-11 3.7526E-11 3.3059E-11 2.9633E-11 2.7790E-11 2.5512E-11 2.3744E-11 1.7072E-11 1.1683E-11 1.0394E-11 8.5234E-12 6.1172E-12 0.0000E+00 0.0000E+00 0.0000E+00 0.0000E+00 0.0000E+00
