Assets/Resources/2015_m01_d21_1700(utc+0800)_l00_csi_1hr_conc.grd
DSAA
         159         159
     -79.000      79.000
     -79.000      79.000
  0.1531E-11  0.3882E-05
[rows 50 to 74 of 159, columns 0 to 56 of 159]
5.2858E-11 5.5020E-11 5.7257E-11 5.9571E-11 6.1964E-11 6.4438E-11 6.6994E-11 6.9635E-11 7.2362E-11 7.5177E-11 7.8082E-11 8.1079E-11 8.4170E-11 8.7357E-11 9.0640E-11 9.4023E-11 9.7508E-11 1.0109E-10 1.0479E-10 1.0858E-10 1.1249E-10 1.1650E-10 1.2063E-10 1.2487E-10 1.2922E-10 1.3369E-10 1.3827E-10 1.4298E-10 1.4780E-10 1.5274E-10 1.5781E-10 1.6299E-10 1.6831E-10 1.7374E-10 1.7930E-10 1.8499E-10 1.9081E-10 1.9675E-10 2.0282E-10 2.0902E-10 2.1535E-10 2.2181E-10 2.2839E-10 2.3511E-10 2.4195E-10 2.4892E-10 2.5601E-10 2.6324E-10 2.7059E-10 2.7806E-10 2.8566E-10 2.9339E-10 3.0123E-10 3.0920E-10 3.1728E-10 3.2548E-10 3.3379E-10
5.2259E-11 5.4396E-11 5.6607E-11 5.8894E-11 6.1259E-11 6.3703E-11 6.6230E-11 6.8839E-11 7.1534E-11 7.4316E-11 7.7187E-11 8.0149E-11 8.3203E-11 8.6352E-11 8.9597E-11 9.2940E-11 9.6383E-11 9.9928E-11 1.0358E-10 1.0733E-10 1.1119E-10 1.1515E-10 1.1923E-10 1.2342E-10 1.2772E-10 1.3213E-10 1.3667E-10 1.4131E-10 1.4608E-10 1.5096E-10 1.5597E-10 1.6109E-10 1.6634E-10 1.7172E-10 1.7721E-10 1.8283E-10 1.8858E-10 1.9445E-10 2.0045E-10 2.0658E-10 2.1283E-10 2.1921E-10 2.2572E-10 2.3235E-10 2.3911E-10 2.4600E-10 2.5301E-10 2.6015E-10 2.6741E-10 2.7480E-10 2.8231E-10 2.8994E-10 2.9769E-10 3.0556E-10 3.1355E-10 3.2165E-10 3.2987E-10
5.1653E-11 5.3764E-11 5.5948E-11 5.8208E-11 6.0544E-11 6.2959E-11 6.5455E-11 6.8033E-11 7.0696E-11 7.3444E-11 7.6281E-11 7.9207E-11 8.2224E-11 8.5335E-11 8.8541E-11 9.1843E-11 9.5245E-11 9.8746E-11 1.0235E-10 1.0606E-10 1.0987E-10 1.1379E-10 1.1782E-10 1.2195E-10 1.2620E-10 1.3056E-10 1.3504E-10 1.3963E-10 1.4434E-10 1.4916E-10 1.5411E-10 1.5917E-10 1.6436E-10 1.6966E-10 1.7509E-10 1.8065E-10 1.8632E-10 1.9212E-10 1.9805E-10 2.0410E-10 2.1028E-10 2.1658E-10 2.2301E-10 2.2956E-10 2.3624E-10 2.4304E-10 2.4997E-10 2.5702E-10 2.6420E-10 2.7150E-10 2.7891E-10 2.8645E-10 2.9411E-10 3.0188E-10 3.0977E-10 3.1778E-10 3.2590E-10
5.1039E-11 5.3124E-11 5.5282E-11 5.7514E-11 5.9821E-11 6.2207E-11 6.4672E-11 6.7218E-11 6.9848E-11 7.2562E-11 7.5363E-11 7.8253E-11 8.1233E-11 8.4306E-11 8.7472E-11 9.0733E-11 9.4093E-11 9.7551E-11 1.0111E-10 1.0477E-10 1.0854E-10 1.1241E-10 1.1638E-10 1.2047E-10 1.2467E-10 1.2897E-10 1.3339E-10 1.3793E-10 1.4258E-10 1.4734E-10 1.5222E-10 1.5723E-10 1.6235E-10 1.6759E-10 1.7295E-10 1.7843E-10 1.8404E-10 1.8977E-10 1.9562E-10 2.0160E-10 2.0770E-10 2.1392E-10 2.2027E-10 2.2674E-10 2.3334E-10 2.4005E-10 2.4690E-10 2.5386E-10 2.6095E-10 2.6815E-10 2.7548E-10 2.8292E-10 2.9048E-10 2.9816E-10 3.0595E-10 3.1386E-10 3.2187E-10
5.0419E-11 5.2478E-11 5.4608E-11 5.6812E-11 5.9090E-11 6.1446E-11 6.3879E-11 6.6394E-11 6.8990E-11 7.1670E-11 7.4436E-11 7.7289E-11 8.0232E-11 8.3265E-11 8.6391E-11 8.9612E-11 9.2928E-11 9.6342E-11 9.9856E-11 1.0347E-10 1.0719E-10 1.1101E-10 1.1494E-10 1.1897E-10 1.2311E-10 1.2737E-10 1.3173E-10 1.3621E-10 1.4080E-10 1.4550E-10 1.5032E-10 1.5526E-10 1.6031E-10 1.6549E-10 1.7078E-10 1.7620E-10 1.8173E-10 1.8739E-10 1.9316E-10 1.9906E-10 2.0509E-10 2.1123E-10 2.1750E-10 2.2389E-10 2.3040E-10 2.3703E-10 2.4379E-10 2.5066E-10 2.5766E-10 2.6477E-10 2.7200E-10 2.7935E-10 2.8682E-10 2.9440E-10 3.0209E-10 3.0990E-10 3.1781E-10
4.9792E-11 5.1825E-11 5.3928E-11 5.6103E-11 5.8352E-11 6.0677E-11 6.3079E-11 6.5561E-11 6.8124E-11 7.0769E-11 7.3499E-11 7.6316E-11 7.9220E-11 8.2214E-11 8.5300E-11 8.8478E-11 9.1752E-11 9.5122E-11 9.8590E-11 1.0216E-10 1.0583E-10 1.0960E-10 1.1347E-10 1.1746E-10 1.2154E-10 1.2574E-10 1.3005E-10 1.3447E-10 1.3900E-10 1.4364E-10 1.4840E-10 1.5327E-10 1.5826E-10 1.6337E-10 1.6859E-10 1.7394E-10 1.7940E-10 1.8498E-10 1.9068E-10 1.9651E-10 2.0245E-10 2.0852E-10 2.1470E-10 2.2101E-10 2.2743E-10 2.3398E-10 2.4065E-10 2.4743E-10 2.5434E-10 2.6136E-10 2.6850E-10 2.7575E-10 2.8312E-10 2.9060E-10 2.9819E-10 3.0589E-10 3.1371E-10
4.9160E-11 5.1165E-11 5.3241E-11 5.5387E-11 5.7607E-11 5.9901E-11 6.2272E-11 6.4721E-11 6.7250E-11 6.9860E-11 7.2554E-11 7.5333E-11 7.8199E-11 8.1153E-11 8.4198E-11 8.7335E-11 9.0565E-11 9.3890E-11 9.7312E-11 1.0083E-10 1.0445E-10 1.0817E-10 1.1200E-10 1.1593E-10 1.1996E-10 1.2410E-10 1.2835E-10 1.3271E-10 1.3718E-10 1.4176E-10 1.4646E-10 1.5127E-10 1.5619E-10 1.6123E-10 1.6638E-10 1.7166E-10 1.7705E-10 1.8255E-10 1.8818E-10 1.9393E-10 1.9979E-10 2.0577E-10 2.1188E-10 2.1810E-10 2.2444E-10 2.3090E-10 2.3748E-10 2.4417E-10 2.5098E-10 2.5791E-10 2.6496E-10 2.7211E-10 2.7938E-10 2.8676E-10 2.9426E-10 3.0186E-10 3.0956E-10
4.8522E-11 5.0500E-11 5.2548E-11 5.4665E-11 5.6855E-11 5.9118E-11 6.1457E-11 6.3873E-11 6.6368E-11 6.8943E-11 7.1601E-11 7.4342E-11 7.7169E-11 8.0084E-11 8.3087E-11 8.6181E-11 8.9368E-11 9.2648E-11 9.6023E-11 9.9496E-11 1.0307E-10 1.0674E-10 1.1051E-10 1.1439E-10 1.1837E-10 1.2245E-10 1.2664E-10 1.3094E-10 1.3535E-10 1.3987E-10 1.4450E-10 1.4925E-10 1.5410E-10 1.5907E-10 1.6416E-10 1.6936E-10 1.7467E-10 1.8011E-10 1.8566E-10 1.9132E-10 1.9711E-10 2.0301E-10 2.0903E-10 2.1517E-10 2.2142E-10 2.2779E-10 2.3428E-10 2.4089E-10 2.4761E-10 2.5444E-10 2.6139E-10 2.6845E-10 2.7562E-10 2.8290E-10 2.9029E-10 2.9778E-10 3.0539E-10
4.7879E-11 4.9830E-11 5.1850E-11 5.3938E-11 5.6098E-11 5.8330E-11 6.0636E-11 6.3019E-11 6.5479E-11 6.8019E-11 7.0640E-11 7.3344E-11 7.6132E-11 7.9006E-11 8.1968E-11 8.5019E-11 8.8161E-11 9.1396E-11 9.4725E-11 9.8150E-11 1.0167E-10 1.0529E-10 1.0901E-10 1.1283E-10 1.1676E-10 1.2079E-10 1.2492E-10 1.2916E-10 1.3351E-10 1.3797E-10 1.4253E-10 1.4721E-10 1.5200E-10 1.5690E-10 1.6191E-10 1.6704E-10 1.7228E-10 1.7764E-10 1.8311E-10 1.8870E-10 1.9441E-10 2.0023E-10 2.0616E-10 2.1221E-10 2.1838E-10 2.2467E-10 2.3106E-10 2.3758E-10 2.4420E-10 2.5094E-10 2.5779E-10 2.6475E-10 2.7182E-10 2.7900E-10 2.8629E-10 2.9368E-10 3.0118E-10
4.7232E-11 4.9156E-11 5.1147E-11 5.3206E-11 5.5335E-11 5.7536E-11 5.9810E-11 6.2159E-11 6.4585E-11 6.7089E-11 6.9673E-11 7.2338E-11 7.5087E-11 7.7921E-11 8.0841E-11 8.3849E-11 8.6947E-11 9.0136E-11 9.3418E-11 9.6794E-11 1.0027E-10 1.0383E-10 1.0750E-10 1.1127E-10 1.1514E-10 1.1911E-10 1.2319E-10 1.2737E-10 1.3165E-10 1.3605E-10 1.4055E-10 1.4516E-10 1.4988E-10 1.5471E-10 1.5965E-10 1.6471E-10 1.6988E-10 1.7516E-10 1.8055E-10 1.8606E-10 1.9169E-10 1.9742E-10 2.0328E-10 2.0924E-10 2.1532E-10 2.2151E-10 2.2782E-10 2.3424E-10 2.4077E-10 2.4742E-10 2.5417E-10 2.6103E-10 2.6800E-10 2.7508E-10 2.8226E-10 2.8955E-10 2.9694E-10
4.6580E-11 4.8477E-11 5.0439E-11 5.2469E-11 5.4568E-11 5.6737E-11 5.8978E-11 6.1294E-11 6.3685E-11 6.6153E-11 6.8699E-11 7.1327E-11 7.4036E-11 7.6829E-11 7.9707E-11 8.2672E-11 8.5725E-11 8.8868E-11 9.2102E-11 9.5430E-11 9.8851E-11 1.0237E-10 1.0598E-10 1.0970E-10 1.1351E-10 1.1742E-10 1.2144E-10 1.2556E-10 1.2978E-10 1.3411E-10 1.3855E-10 1.4309E-10 1.4775E-10 1.5251E-10 1.5738E-10 1.6236E-10 1.6746E-10 1.7266E-10 1.7798E-10 1.8341E-10 1.8895E-10 1.9460E-10 2.0037E-10 2.0625E-10 2.1224E-10 2.1835E-10 2.2456E-10 2.3089E-10 2.3732E-10 2.4387E-10 2.5053E-10 2.5729E-10 2.6416E-10 2.7114E-10 2.7821E-10 2.8540E-10 2.9268E-10
4.5925E-11 4.7794E-11 4.9728E-11 5.1728E-11 5.3796E-11 5.5933E-11 5.8142E-11 6.0424E-11 6.2779E-11 6.5211E-11 6.7721E-11 7.0309E-11 7.2979E-11 7.5731E-11 7.8566E-11 8.1488E-11 8.4496E-11 8.7593E-11 9.0780E-11 9.4058E-11 9.7429E-11 1.0090E-10 1.0446E-10 1.0811E-10 1.1187E-10 1.1573E-10 1.1968E-10 1.2374E-10 1.2791E-10 1.3217E-10 1.3654E-10 1.4102E-10 1.4560E-10 1.5030E-10 1.5510E-10 1.6000E-10 1.6502E-10 1.7015E-10 1.7539E-10 1.8074E-10 1.8620E-10 1.9177E-10 1.9745E-10 2.0324E-10 2.0915E-10 2.1516E-10 2.2128E-10 2.2752E-10 2.3386E-10 2.4031E-10 2.4686E-10 2.5353E-10 2.6030E-10 2.6717E-10 2.7414E-10 2.8122E-10 2.8839E-10
4.5267E-11 4.7108E-11 4.9013E-11 5.0983E-11 5.3020E-11 5.5126E-11 5.7302E-11 5.9549E-11 6.1870E-11 6.4265E-11 6.6737E-11 6.9287E-11 7.1917E-11 7.4627E-11 7.7421E-11 8.0298E-11 8.3261E-11 8.6312E-11 8.9451E-11 9.2680E-11 9.6001E-11 9.9414E-11 1.0292E-10 1.0653E-10 1.1023E-10 1.1402E-10 1.1792E-10 1.2192E-10 1.2602E-10 1.3022E-10 1.3453E-10 1.3894E-10 1.4345E-10 1.4807E-10 1.5280E-10 1.5763E-10 1.6258E-10 1.6763E-10 1.7279E-10 1.7805E-10 1.8343E-10 1.8892E-10 1.9452E-10 2.0022E-10 2.0603E-10 2.1196E-10 2.1799E-10 2.2413E-10 2.3037E-10 2.3673E-10 2.4319E-10 2.4975E-10 2.5641E-10 2.6318E-10 2.7005E-10 2.7702E-10 2.8409E-10
4.4606E-11 4.6419E-11 4.8295E-11 5.0235E-11 5.2242E-11 5.4315E-11 5.6458E-11 5.8671E-11 6.0957E-11 6.3316E-11 6.5750E-11 6.8261E-11 7.0850E-11 7.3520E-11 7.6270E-11 7.9104E-11 8.2022E-11 8.5026E-11 8.8117E-11 9.1297E-11 9.4566E-11 9.7928E-11 1.0138E-10 1.0493E-10 1.0857E-10 1.1231E-10 1.1615E-10 1.2009E-10 1.2412E-10 1.2826E-10 1.3250E-10 1.3684E-10 1.4129E-10 1.4584E-10 1.5049E-10 1.5525E-10 1.6012E-10 1.6509E-10 1.7017E-10 1.7536E-10 1.8066E-10 1.8606E-10 1.9157E-10 1.9719E-10 2.0291E-10 2.0874E-10 2.1468E-10 2.2073E-10 2.2688E-10 2.3313E-10 2.3949E-10 2.4595E-10 2.5252E-10 2.5918E-10 2.6595E-10 2.7281E-10 2.7977E-10
4.3942E-11 4.5728E-11 4.7575E-11 4.9485E-11 5.1460E-11 5.3502E-11 5.5611E-11 5.7790E-11 6.0040E-11 6.2363E-11 6.4759E-11 6.7231E-11 6.9780E-11 7.2408E-11 7.5116E-11 7.7905E-11 8.0778E-11 8.3735E-11 8.6778E-11 8.9908E-11 9.3127E-11 9.6436E-11 9.9836E-11 1.0333E-10 1.0692E-10 1.1060E-10 1.1438E-10 1.1825E-10 1.2222E-10 1.2630E-10 1.3047E-10 1.3474E-10 1.3912E-10 1.4360E-10 1.4818E-10 1.5287E-10 1.5766E-10 1.6255E-10 1.6755E-10 1.7266E-10 1.7787E-10 1.8319E-10 1.8861E-10 1.9414E-10 1.9978E-10 2.0552E-10 2.1137E-10 2.1732E-10 2.2337E-10 2.2953E-10 2.3579E-10 2.4215E-10 2.4861E-10 2.5517E-10 2.6183E-10 2.6858E-10 2.7543E-10
4.3277E-11 4.5034E-11 4.6852E-11 4.8733E-11 5.0677E-11 5.2686E-11 5.4762E-11 5.6907E-11 5.9121E-11 6.1407E-11 6.3766E-11 6.6199E-11 6.8707E-11 7.1294E-11 7.3958E-11 7.6704E-11 7.9531E-11 8.2441E-11 8.5436E-11 8.8516E-11 9.1684E-11 9.4940E-11 9.8287E-11 1.0172E-10 1.0525E-10 1.0888E-10 1.1259E-10 1.1641E-10 1.2032E-10 1.2433E-10 1.2843E-10 1.3264E-10 1.3695E-10 1.4135E-10 1.4586E-10 1.5047E-10 1.5519E-10 1.6001E-10 1.6493E-10 1.6995E-10 1.7508E-10 1.8031E-10 1.8565E-10 1.9109E-10 1.9664E-10 2.0229E-10 2.0804E-10 2.1390E-10 2.1985E-10 2.2591E-10 2.3207E-10 2.3833E-10 2.4469E-10 2.5114E-10 2.5770E-10 2.6434E-10 2.7108E-10
4.2610E-11 4.4339E-11 4.6128E-11 4.7978E-11 4.9891E-11 5.1869E-11 5.3911E-11 5.6021E-11 5.8200E-11 6.0449E-11 6.2770E-11 6.5164E-11 6.7632E-11 7.0177E-11 7.2799E-11 7.5500E-11 7.8281E-11 8.1144E-11 8.4090E-11 8.7121E-11 9.0238E-11 9.3442E-11 9.6734E-11 1.0012E-10 1.0359E-10 1.0715E-10 1.1081E-10 1.1456E-10 1.1841E-10 1.2235E-10 1.2639E-10 1.3053E-10 1.3477E-10 1.3910E-10 1.4354E-10 1.4808E-10 1.5271E-10 1.5745E-10 1.6229E-10 1.6724E-10 1.7228E-10 1.7743E-10 1.8268E-10 1.8804E-10 1.9349E-10 1.9905E-10 2.0471E-10 2.1047E-10 2.1633E-10 2.2229E-10 2.2835E-10 2.3451E-10 2.4076E-10 2.4711E-10 2.5356E-10 2.6010E-10 2.6673E-10
4.1942E-11 4.3643E-11 4.5403E-11 4.7223E-11 4.9105E-11 5.1050E-11 5.3059E-11 5.5135E-11 5.7278E-11 5.9490E-11 6.1773E-11 6.4127E-11 6.6555E-11 6.9058E-11 7.1637E-11 7.4293E-11 7.7029E-11 7.9845E-11 8.2743E-11 8.5724E-11 8.8790E-11 9.1941E-11 9.5179E-11 9.8505E-11 1.0192E-10 1.0543E-10 1.0902E-10 1.1271E-10 1.1650E-10 1.2038E-10 1.2435E-10 1.2842E-10 1.3258E-10 1.3685E-10 1.4121E-10 1.4567E-10 1.5023E-10 1.5490E-10 1.5966E-10 1.6452E-10 1.6948E-10 1.7454E-10 1.7971E-10 1.8497E-10 1.9034E-10 1.9580E-10 2.0137E-10 2.0704E-10 2.1280E-10 2.1866E-10 2.2462E-10 2.3068E-10 2.3683E-10 2.4308E-10 2.4941E-10 2.5585E-10 2.6237E-10
4.1274E-11 4.2947E-11 4.4677E-11 4.6467E-11 4.8317E-11 5.0230E-11 5.2206E-11 5.4247E-11 5.6355E-11 5.8530E-11 6.0774E-11 6.3090E-11 6.5477E-11 6.7938E-11 7.0474E-11 7.3087E-11 7.5776E-11 7.8545E-11 8.1395E-11 8.4326E-11 8.7340E-11 9.0438E-11 9.3622E-11 9.6893E-11 1.0025E-10 1.0370E-10 1.0724E-10 1.1086E-10 1.1458E-10 1.1840E-10 1.2230E-10 1.2630E-10 1.3040E-10 1.3459E-10 1.3888E-10 1.4327E-10 1.4775E-10 1.5234E-10 1.5702E-10 1.6180E-10 1.6668E-10 1.7166E-10 1.7673E-10 1.8191E-10 1.8719E-10 1.9256E-10 1.9803E-10 2.0360E-10 2.0927E-10 2.1503E-10 2.2089E-10 2.2685E-10 2.3289E-10 2.3904E-10 2.4527E-10 2.5159E-10 2.5800E-10
4.0605E-11 4.2250E-11 4.3951E-11 4.5711E-11 4.7530E-11 4.9410E-11 5.1353E-11 5.3359E-11 5.5431E-11 5.7569E-11 5.9776E-11 6.2052E-11 6.4399E-11 6.6818E-11 6.9311E-11 7.1879E-11 7.4523E-11 7.7245E-11 8.0046E-11 8.2928E-11 8.5890E-11 8.8936E-11 9.2065E-11 9.5280E-11 9.8581E-11 1.0197E-10 1.0545E-10 1.0901E-10 1.1267E-10 1.1642E-10 1.2026E-10 1.2419E-10 1.2822E-10 1.3234E-10 1.3655E-10 1.4087E-10 1.4527E-10 1.4978E-10 1.5438E-10 1.5908E-10 1.6387E-10 1.6877E-10 1.7376E-10 1.7885E-10 1.8403E-10 1.8931E-10 1.9469E-10 2.0017E-10 2.0574E-10 2.1140E-10 2.1716E-10 2.2301E-10 2.2896E-10 2.3499E-10 2.4112E-10 2.4734E-10 2.5364E-10
3.9936E-11 4.1553E-11 4.3225E-11 4.4954E-11 4.6742E-11 4.8590E-11 5.0499E-11 5.2471E-11 5.4508E-11 5.6609E-11 5.8778E-11 6.1015E-11 6.3321E-11 6.5699E-11 6.8148E-11 7.0672E-11 7.3271E-11 7.5946E-11 7.8698E-11 8.1530E-11 8.4441E-11 8.7434E-11 9.0509E-11 9.3668E-11 9.6912E-11 1.0024E-10 1.0366E-10 1.0716E-10 1.1076E-10 1.1444E-10 1.1821E-10 1.2208E-10 1.2603E-10 1.3008E-10 1.3423E-10 1.3846E-10 1.4279E-10 1.4722E-10 1.5174E-10 1.5636E-10 1.6107E-10 1.6588E-10 1.7078E-10 1.7578E-10 1.8088E-10 1.8607E-10 1.9135E-10 1.9673E-10 2.0221E-10 2.0777E-10 2.1343E-10 2.1918E-10 2.2502E-10 2.3096E-10 2.3698E-10 2.4308E-10 2.4928E-10
3.9268E-11 4.0856E-11 4.2499E-11 4.4199E-11 4.5955E-11 4.7771E-11 4.9647E-11 5.1585E-11 5.3585E-11 5.5650E-11 5.7780E-11 5.9978E-11 6.2244E-11 6.4580E-11 6.6987E-11 6.9466E-11 7.2019E-11 7.4647E-11 7.7351E-11 8.0133E-11 8.2993E-11 8.5933E-11 8.8955E-11 9.2058E-11 9.5245E-11 9.8516E-11 1.0187E-10 1.0531E-10 1.0884E-10 1.1246E-10 1.1617E-10 1.1997E-10 1.2385E-10 1.2783E-10 1.3190E-10 1.3606E-10 1.4032E-10 1.4467E-10 1.4911E-10 1.5364E-10 1.5827E-10 1.6300E-10 1.6781E-10 1.7272E-10 1.7773E-10 1.8283E-10 1.8802E-10 1.9330E-10 1.9868E-10 2.0415E-10 2.0971E-10 2.1536E-10 2.2109E-10 2.2692E-10 2.3283E-10 2.3883E-10 2.4492E-10
3.8601E-11 4.0161E-11 4.1775E-11 4.3444E-11 4.5170E-11 4.6953E-11 4.8796E-11 5.0699E-11 5.2664E-11 5.4692E-11 5.6785E-11 5.8943E-11 6.1169E-11 6.3463E-11 6.5827E-11 6.8262E-11 7.0769E-11 7.3350E-11 7.6006E-11 7.8738E-11 8.1547E-11 8.4435E-11 8.7402E-11 9.0450E-11 9.3580E-11 9.6792E-11 1.0009E-10 1.0347E-10 1.0694E-10 1.1049E-10 1.1413E-10 1.1786E-10 1.2168E-10 1.2558E-10 1.2958E-10 1.3367E-10 1.3785E-10 1.4212E-10 1.4648E-10 1.5093E-10 1.5548E-10 1.6012E-10 1.6485E-10 1.6967E-10 1.7458E-10 1.7959E-10 1.8469E-10 1.8988E-10 1.9516E-10 2.0053E-10 2.0599E-10 2.1154E-10 2.1717E-10 2.2289E-10 2.2870E-10 2.3459E-10 2.4057E-10
3.7935E-11 3.9467E-11 4.1052E-11 4.2691E-11 4.4385E-11 4.6137E-11 4.7946E-11 4.9815E-11 5.1744E-11 5.3736E-11 5.5791E-11 5.7910E-11 6.0095E-11 6.2348E-11 6.4669E-11 6.7060E-11 6.9522E-11 7.2056E-11 7.4664E-11 7.7346E-11 8.0105E-11 8.2940E-11 8.5853E-11 8.8846E-11 9.1918E-11 9.5072E-11 9.8309E-11 1.0163E-10 1.0503E-10 1.0852E-10 1.1209E-10 1.1575E-10 1.1950E-10 1.2334E-10 1.2726E-10 1.3128E-10 1.3538E-10 1.3957E-10 1.4385E-10 1.4822E-10 1.5269E-10 1.5724E-10 1.6189E-10 1.6662E-10 1.7145E-10 1.7636E-10 1.8137E-10 1.8646E-10 1.9165E-10 1.9692E-10 2.0228E-10 2.0772E-10 2.1326E-10 2.1887E-10 2.2458E-10 2.3036E-10 2.3622E-10
3.7270E-11 3.8774E-11 4.0330E-11 4.1939E-11 4.3603E-11 4.5322E-11 4.7098E-11 4.8933E-11 5.0827E-11 5.2782E-11 5.4799E-11 5.6880E-11 5.9025E-11 6.1236E-11 6.3515E-11 6.5862E-11 6.8278E-11 7.0766E-11 7.3325E-11 7.5958E-11 7.8666E-11 8.1448E-11 8.4308E-11 8.7245E-11 9.0261E-11 9.3357E-11 9.6533E-11 9.9792E-11 1.0313E-10 1.0656E-10 1.1006E-10 1.1366E-10 1.1734E-10 1.2110E-10 1.2495E-10 1.2889E-10 1.3292E-10 1.3703E-10 1.4123E-10 1.4553E-10 1.4991E-10 1.5438E-10 1.5893E-10 1.6358E-10 1.6832E-10 1.7314E-10 1.7805E-10 1.8306E-10 1.8814E-10 1.9332E-10 1.9858E-10 2.0392E-10 2.0935E-10 2.1487E-10 2.2046E-10 2.2614E-10 2.3190E-10
