Assets/Resources/2015_m01_d03_0900(utc+0800)_l00_csi_1hr_conc.grd
DSAA
         159         159
     -79.000      79.000
     -79.000      79.000
  0.0000E+00  0.2381E-05
[rows 100 to 124 of 159, columns 0 to 56 of 159]
1.1550E-10 1.2337E-10 1.3155E-10 1.4086E-10 1.4993E-10 1.5975E-10 1.7043E-10 1.8048E-10 1.9208E-10 2.0384E-10 2.1530E-10 2.2837E-10 2.4163E-10 2.5457E-10 2.6918E-10 2.8398E-10 2.9849E-10 3.1506E-10 3.3177E-10 3.4799E-10 3.6642E-10 3.8500E-10 4.0304E-10 4.2344E-10 4.4399E-10 4.6458E-10 4.8706E-10 5.0911E-10 5.3168E-10 5.5595E-10 5.7998E-10 6.0465E-10 6.3111E-10 6.5732E-10 6.8419E-10 7.1292E-10 7.4137E-10 7.7107E-10 8.0160E-10 8.3238E-10 8.6447E-10 8.9741E-10 9.3059E-10 9.6602E-10 1.0035E-09 1.0390E-09 1.0786E-09 1.1183E-09 1.1569E-09 1.1962E-09 1.2400E-09 1.2838E-09 1.3276E-09 1.3712E-09 1.4209E-09 1.4720E-09 1.5419E-09
1.1452E-10 1.2208E-10 1.3012E-10 1.3964E-10 1.4820E-10 1.5822E-10 1.6838E-10 1.7859E-10 1.9001E-10 2.0119E-10 2.1280E-10 2.2566E-10 2.3829E-10 2.5097E-10 2.6571E-10 2.7985E-10 2.9404E-10 3.1083E-10 3.2673E-10 3.4315E-10 3.6126E-10 3.7895E-10 3.9718E-10 4.1723E-10 4.3682E-10 4.5758E-10 4.7908E-10 5.0070E-10 5.2330E-10 5.4712E-10 5.7018E-10 5.9487E-10 6.2083E-10 6.4599E-10 6.7285E-10 7.0103E-10 7.2836E-10 7.5747E-10 7.8795E-10 8.1754E-10 8.4956E-10 8.8186E-10 9.1475E-10 9.4956E-10 9.8541E-10 1.0212E-09 1.0601E-09 1.0981E-09 1.1358E-09 1.1744E-09 1.2171E-09 1.2613E-09 1.3031E-09 1.3457E-09 1.3953E-09 1.4476E-09 1.5177E-09
1.1352E-10 1.2076E-10 1.2901E-10 1.3804E-10 1.4644E-10 1.5665E-10 1.6629E-10 1.7667E-10 1.8790E-10 1.9852E-10 2.1027E-10 2.2291E-10 2.3493E-10 2.4773E-10 2.6183E-10 2.7568E-10 2.9009E-10 3.0609E-10 3.2167E-10 3.3829E-10 3.5608E-10 3.7288E-10 3.9131E-10 4.1100E-10 4.2963E-10 4.5000E-10 4.7169E-10 4.9227E-10 5.1492E-10 5.3781E-10 5.6037E-10 5.8508E-10 6.1004E-10 6.3464E-10 6.6150E-10 6.8861E-10 7.1533E-10 7.4442E-10 7.7376E-10 8.0325E-10 8.3464E-10 8.6573E-10 8.9794E-10 9.3309E-10 9.6728E-10 1.0034E-09 1.0416E-09 1.0778E-09 1.1148E-09 1.1544E-09 1.1954E-09 1.2376E-09 1.2785E-09 1.3223E-09 1.3697E-09 1.4196E-09 1.4966E-09
1.1230E-10 1.1940E-10 1.2786E-10 1.3642E-10 1.4500E-10 1.5506E-10 1.6417E-10 1.7472E-10 1.8542E-10 1.9581E-10 2.0771E-10 2.1978E-10 2.3153E-10 2.4446E-10 2.5831E-10 2.7149E-10 2.8611E-10 3.0184E-10 3.1659E-10 3.3341E-10 3.5037E-10 3.6680E-10 3.8544E-10 4.0421E-10 4.2243E-10 4.4300E-10 4.6372E-10 4.8384E-10 5.0654E-10 5.2851E-10 5.5106E-10 5.7529E-10 5.9925E-10 6.2382E-10 6.5015E-10 6.7619E-10 7.0286E-10 7.3136E-10 7.5955E-10 7.8896E-10 8.1972E-10 8.4959E-10 8.8212E-10 9.1662E-10 9.4914E-10 9.8556E-10 1.0221E-09 1.0575E-09 1.0937E-09 1.1323E-09 1.1737E-09 1.2140E-09 1.2540E-09 1.2986E-09 1.3442E-09 1.3990E-09 1.4785E-09
1.1106E-10 1.1802E-10 1.2668E-10 1.3477E-10 1.4354E-10 1.5310E-10 1.6203E-10 1.7274E-10 1.8290E-10 1.9308E-10 2.0513E-10 2.1661E-10 2.2812E-10 2.4117E-10 2.5439E-10 2.6729E-10 2.8212E-10 2.9707E-10 3.1150E-10 3.2853E-10 3.4465E-10 3.6126E-10 3.7956E-10 3.9743E-10 4.1582E-10 4.3601E-10 4.5574E-10 4.7591E-10 4.9770E-10 5.1920E-10 5.4175E-10 5.6550E-10 5.8846E-10 6.1301E-10 6.3881E-10 6.6377E-10 6.9040E-10 7.1832E-10 7.4536E-10 7.7469E-10 8.0428E-10 8.3347E-10 8.6632E-10 8.9923E-10 9.3202E-10 9.6776E-10 1.0026E-09 1.0372E-09 1.0726E-09 1.1114E-09 1.1520E-09 1.1903E-09 1.2294E-09 1.2740E-09 1.3195E-09 1.3769E-09 1.4580E-09
1.0979E-10 1.1695E-10 1.2549E-10 1.3309E-10 1.4205E-10 1.5111E-10 1.5986E-10 1.7041E-10 1.8037E-10 1.9069E-10 2.0218E-10 2.1343E-10 2.2468E-10 2.3787E-10 2.5046E-10 2.6307E-10 2.7813E-10 2.9230E-10 3.0692E-10 3.2365E-10 3.3892E-10 3.5572E-10 3.7368E-10 3.9064E-10 4.0921E-10 4.2903E-10 4.4778E-10 4.6799E-10 4.8935E-10 5.0990E-10 5.3198E-10 5.5526E-10 5.7768E-10 6.0222E-10 6.2699E-10 6.5137E-10 6.7796E-10 7.0478E-10 7.3118E-10 7.6045E-10 7.8888E-10 8.1833E-10 8.5056E-10 8.8187E-10 9.1493E-10 9.5000E-10 9.8315E-10 1.0170E-09 1.0515E-09 1.0905E-09 1.1293E-09 1.1667E-09 1.2049E-09 1.2484E-09 1.2945E-09 1.3543E-09 1.4335E-09
1.0850E-10 1.1586E-10 1.2394E-10 1.3139E-10 1.4053E-10 1.4910E-10 1.5801E-10 1.6839E-10 1.7781E-10 1.8828E-10 1.9957E-10 2.1023E-10 2.2160E-10 2.3456E-10 2.4652E-10 2.5933E-10 2.7412E-10 2.8752E-10 3.0234E-10 3.1827E-10 3.3320E-10 3.5018E-10 3.6729E-10 3.8386E-10 4.0262E-10 4.2151E-10 4.3983E-10 4.6008E-10 4.8054E-10 5.0061E-10 5.2271E-10 5.4503E-10 5.6692E-10 5.9144E-10 6.1519E-10 6.3951E-10 6.6554E-10 6.9127E-10 7.1760E-10 7.4572E-10 7.7350E-10 8.0323E-10 8.3484E-10 8.6455E-10 8.9789E-10 9.3135E-10 9.6374E-10 9.9677E-10 1.0318E-09 1.0697E-09 1.1066E-09 1.1432E-09 1.1820E-09 1.2241E-09 1.2695E-09 1.3362E-09 1.4084E-09
1.0719E-10 1.1474E-10 1.2237E-10 1.3000E-10 1.3900E-10 1.4708E-10 1.5615E-10 1.6602E-10 1.7524E-10 1.8585E-10 1.9659E-10 2.0702E-10 2.1852E-10 2.3088E-10 2.4257E-10 2.5559E-10 2.6965E-10 2.8274E-10 2.9776E-10 3.1290E-10 3.2749E-10 3.4415E-10 3.6092E-10 3.7710E-10 3.9604E-10 4.1400E-10 4.3188E-10 4.5219E-10 4.7175E-10 4.9182E-10 5.1347E-10 5.3482E-10 5.5669E-10 5.8070E-10 6.0343E-10 6.2769E-10 6.5317E-10 6.7780E-10 7.0405E-10 7.3157E-10 7.5817E-10 7.8820E-10 8.1829E-10 8.4728E-10 8.8092E-10 9.1277E-10 9.4438E-10 9.7663E-10 1.0119E-09 1.0490E-09 1.0841E-09 1.1198E-09 1.1590E-09 1.2000E-09 1.2442E-09 1.3169E-09 1.3794E-09
1.0586E-10 1.1360E-10 1.2079E-10 1.2859E-10 1.3712E-10 1.4503E-10 1.5428E-10 1.6363E-10 1.7265E-10 1.8307E-10 1.9360E-10 2.0379E-10 2.1543E-10 2.2719E-10 2.3862E-10 2.5185E-10 2.6517E-10 2.7796E-10 2.9320E-10 3.0753E-10 3.2179E-10 3.3865E-10 3.5455E-10 3.7090E-10 3.8948E-10 4.0650E-10 4.2442E-10 4.4431E-10 4.6298E-10 4.8306E-10 5.0426E-10 5.2464E-10 5.4650E-10 5.6953E-10 5.9170E-10 6.1592E-10 6.4036E-10 6.6438E-10 6.9056E-10 7.1697E-10 7.4292E-10 7.7324E-10 8.0181E-10 8.3105E-10 8.6403E-10 8.9426E-10 9.2511E-10 9.5657E-10 9.9202E-10 1.0274E-09 1.0616E-09 1.0964E-09 1.1358E-09 1.1762E-09 1.2230E-09 1.2944E-09 1.3508E-09
1.0451E-10 1.1245E-10 1.1918E-10 1.2716E-10 1.3524E-10 1.4297E-10 1.5239E-10 1.6123E-10 1.7005E-10 1.8062E-10 1.9061E-10 2.0057E-10 2.1233E-10 2.2350E-10 2.3467E-10 2.4812E-10 2.6071E-10 2.7369E-10 2.8864E-10 3.0219E-10 3.1662E-10 3.3317E-10 3.4820E-10 3.6472E-10 3.8241E-10 3.9902E-10 4.1698E-10 4.3602E-10 4.5424E-10 4.7432E-10 4.9462E-10 5.1450E-10 5.3635E-10 5.5840E-10 5.8002E-10 6.0370E-10 6.2759E-10 6.5102E-10 6.7714E-10 7.0244E-10 7.2865E-10 7.5837E-10 7.8541E-10 8.1492E-10 8.4635E-10 8.7584E-10 9.0593E-10 9.3661E-10 9.7229E-10 1.0059E-09 1.0393E-09 1.0732E-09 1.1127E-09 1.1524E-09 1.2007E-09 1.2719E-09 1.3227E-09
1.0346E-10 1.1097E-10 1.1757E-10 1.2573E-10 1.3333E-10 1.4090E-10 1.5049E-10 1.5882E-10 1.6779E-10 1.7818E-10 1.8761E-10 1.9734E-10 2.0924E-10 2.1982E-10 2.3072E-10 2.4439E-10 2.5625E-10 2.6942E-10 2.8363E-10 2.9685E-10 3.1147E-10 3.2719E-10 3.4186E-10 3.5855E-10 3.7535E-10 3.9156E-10 4.0957E-10 4.2776E-10 4.4552E-10 4.6563E-10 4.8501E-10 5.0440E-10 5.2624E-10 5.4732E-10 5.6888E-10 5.9205E-10 6.1490E-10 6.3826E-10 6.6381E-10 6.8799E-10 7.1447E-10 7.4274E-10 7.6911E-10 7.9889E-10 8.2877E-10 8.5753E-10 8.8687E-10 9.1787E-10 9.5269E-10 9.8458E-10 1.0171E-09 1.0514E-09 1.0899E-09 1.1287E-09 1.1783E-09 1.2494E-09 1.2950E-09
1.0239E-10 1.0949E-10 1.1594E-10 1.2428E-10 1.3142E-10 1.3948E-10 1.4826E-10 1.5641E-10 1.6552E-10 1.7539E-10 1.8460E-10 1.9447E-10 2.0580E-10 2.1614E-10 2.2725E-10 2.4022E-10 2.5180E-10 2.6517E-10 2.7862E-10 2.9152E-10 3.0633E-10 3.2123E-10 3.3554E-10 3.5241E-10 3.6832E-10 3.8413E-10 4.0219E-10 4.1953E-10 4.3685E-10 4.5698E-10 4.7545E-10 4.9482E-10 5.1619E-10 5.3629E-10 5.5781E-10 5.8048E-10 6.0228E-10 6.2558E-10 6.5007E-10 6.7364E-10 7.0040E-10 7.2721E-10 7.5291E-10 7.8297E-10 8.1130E-10 8.3934E-10 8.6793E-10 8.9914E-10 9.3230E-10 9.6337E-10 9.9504E-10 1.0296E-09 1.0662E-09 1.1051E-09 1.1606E-09 1.2230E-09 1.2676E-09
1.0132E-10 1.0799E-10 1.1430E-10 1.2251E-10 1.2950E-10 1.3772E-10 1.4602E-10 1.5399E-10 1.6324E-10 1.7260E-10 1.8160E-10 1.9159E-10 2.0237E-10 2.1247E-10 2.2379E-10 2.3607E-10 2.4737E-10 2.6093E-10 2.7363E-10 2.8621E-10 3.0121E-10 3.1529E-10 3.2924E-10 3.4629E-10 3.6132E-10 3.7717E-10 3.9485E-10 4.1133E-10 4.2867E-10 4.4793E-10 4.6594E-10 4.8529E-10 5.0574E-10 5.2533E-10 5.4635E-10 5.6850E-10 5.8975E-10 6.1299E-10 6.3643E-10 6.5939E-10 6.8644E-10 7.1180E-10 7.3774E-10 7.6719E-10 7.9396E-10 8.2128E-10 8.4913E-10 8.8056E-10 9.1205E-10 9.4233E-10 9.7317E-10 1.0079E-09 1.0427E-09 1.0818E-09 1.1438E-09 1.1969E-09 1.2405E-09
1.0023E-10 1.0648E-10 1.1297E-10 1.2073E-10 1.2757E-10 1.3595E-10 1.4378E-10 1.5157E-10 1.6097E-10 1.6981E-10 1.7861E-10 1.8873E-10 1.9895E-10 2.0881E-10 2.2034E-10 2.3192E-10 2.4295E-10 2.5670E-10 2.6865E-10 2.8140E-10 2.9611E-10 3.0937E-10 3.2348E-10 3.3969E-10 3.5435E-10 3.7023E-10 3.8711E-10 4.0318E-10 4.2054E-10 4.3894E-10 4.5648E-10 4.7583E-10 4.9537E-10 5.1445E-10 5.3545E-10 5.5662E-10 5.7731E-10 6.0051E-10 6.2290E-10 6.4611E-10 6.7260E-10 6.9651E-10 7.2270E-10 7.5068E-10 7.7676E-10 8.0337E-10 8.3049E-10 8.6216E-10 8.9199E-10 9.2147E-10 9.5149E-10 9.8641E-10 1.0204E-09 1.0608E-09 1.1230E-09 1.1711E-09 1.2137E-09
9.8906E-11 1.0496E-10 1.1193E-10 1.1895E-10 1.2564E-10 1.3418E-10 1.4154E-10 1.4915E-10 1.5870E-10 1.6703E-10 1.7562E-10 1.8588E-10 1.9554E-10 2.0516E-10 2.1690E-10 2.2778E-10 2.3853E-10 2.5203E-10 2.6368E-10 2.7661E-10 2.9055E-10 3.0346E-10 3.1775E-10 3.3312E-10 3.4740E-10 3.6334E-10 3.7942E-10 3.9507E-10 4.1246E-10 4.3000E-10 4.4709E-10 4.6644E-10 4.8507E-10 5.0366E-10 5.2464E-10 5.4483E-10 5.6547E-10 5.8814E-10 6.0949E-10 6.3295E-10 6.5808E-10 6.8136E-10 7.0779E-10 7.3431E-10 7.5971E-10 7.8562E-10 8.1202E-10 8.4394E-10 8.7210E-10 9.0080E-10 9.3001E-10 9.6515E-10 9.9834E-10 1.0399E-09 1.1024E-09 1.1455E-09 1.1871E-09
9.7514E-11 1.0320E-10 1.1058E-10 1.1717E-10 1.2371E-10 1.3211E-10 1.3930E-10 1.4673E-10 1.5612E-10 1.6425E-10 1.7264E-10 1.8303E-10 1.9214E-10 2.0152E-10 2.1346E-10 2.2365E-10 2.3504E-10 2.4738E-10 2.5873E-10 2.7183E-10 2.8500E-10 2.9759E-10 3.1205E-10 3.2659E-10 3.4050E-10 3.5648E-10 3.7177E-10 3.8701E-10 4.0443E-10 4.2112E-10 4.3776E-10 4.5713E-10 4.7485E-10 4.9341E-10 5.1393E-10 5.3315E-10 5.5373E-10 5.7542E-10 5.9619E-10 6.1992E-10 6.4368E-10 6.6635E-10 6.9304E-10 7.1809E-10 7.4282E-10 7.6804E-10 7.9468E-10 8.2500E-10 8.5241E-10 8.8033E-10 9.0976E-10 9.4314E-10 9.7650E-10 1.0193E-09 1.0810E-09 1.1201E-09 1.1607E-09
9.5651E-11 1.0168E-10 1.0898E-10 1.1539E-10 1.2208E-10 1.3003E-10 1.3706E-10 1.4464E-10 1.5354E-10 1.6148E-10 1.6966E-10 1.7985E-10 1.8874E-10 1.9831E-10 2.0960E-10 2.1954E-10 2.3111E-10 2.4274E-10 2.5380E-10 2.6708E-10 2.7948E-10 2.9174E-10 3.0638E-10 3.2008E-10 3.3363E-10 3.4967E-10 3.6416E-10 3.7901E-10 3.9647E-10 4.1232E-10 4.2896E-10 4.4747E-10 4.6472E-10 4.8327E-10 5.0286E-10 5.2157E-10 5.4211E-10 5.6281E-10 5.8303E-10 6.0703E-10 6.2943E-10 6.5149E-10 6.7845E-10 7.0204E-10 7.2611E-10 7.5064E-10 7.7752E-10 8.0626E-10 8.3292E-10 8.6008E-10 8.8972E-10 9.2136E-10 9.5488E-10 9.9884E-10 1.0569E-09 1.0950E-09 1.1345E-09
9.4258E-11 9.9679E-11 1.0734E-10 1.1335E-10 1.2020E-10 1.2796E-10 1.3482E-10 1.4255E-10 1.5096E-10 1.5871E-10 1.6702E-10 1.7668E-10 1.8534E-10 1.9511E-10 2.0575E-10 2.1543E-10 2.2719E-10 2.3811E-10 2.4889E-10 2.6235E-10 2.7399E-10 2.8593E-10 3.0075E-10 3.1362E-10 3.2721E-10 3.4250E-10 3.5662E-10 3.7150E-10 3.8816E-10 4.0359E-10 4.2024E-10 4.3790E-10 4.5469E-10 4.7322E-10 4.9190E-10 5.1011E-10 5.3061E-10 5.5034E-10 5.7001E-10 5.9428E-10 6.1532E-10 6.3762E-10 6.6320E-10 6.8616E-10 7.0958E-10 7.3344E-10 7.6055E-10 7.8772E-10 8.1365E-10 8.4006E-10 8.6990E-10 8.9983E-10 9.3352E-10 9.7960E-10 1.0330E-09 1.0702E-09 1.1163E-09
9.2160E-11 9.8163E-11 1.0521E-10 1.1132E-10 1.1858E-10 1.2563E-10 1.3259E-10 1.4077E-10 1.4839E-10 1.5594E-10 1.6438E-10 1.7351E-10 1.8196E-10 1.9192E-10 2.0191E-10 2.1134E-10 2.2329E-10 2.3351E-10 2.4400E-10 2.5719E-10 2.6852E-10 2.8062E-10 2.9466E-10 3.0719E-10 3.2084E-10 3.3540E-10 3.4914E-10 3.6447E-10 3.7992E-10 3.9494E-10 4.1161E-10 4.2842E-10 4.4476E-10 4.6328E-10 4.8106E-10 4.9877E-10 5.1924E-10 5.3800E-10 5.5792E-10 5.8091E-10 6.0138E-10 6.2392E-10 6.4813E-10 6.7046E-10 6.9323E-10 7.1644E-10 7.4379E-10 7.6940E-10 7.9462E-10 8.2028E-10 8.5033E-10 8.7856E-10 9.1148E-10 9.6152E-10 1.0093E-09 1.0456E-09 1.0944E-09
9.0777E-11 9.6218E-11 1.0358E-10 1.0930E-10 1.1645E-10 1.2357E-10 1.3010E-10 1.3868E-10 1.4581E-10 1.5318E-10 1.6174E-10 1.7035E-10 1.7858E-10 1.8873E-10 1.9808E-10 2.0726E-10 2.1897E-10 2.2892E-10 2.3958E-10 2.5206E-10 2.6309E-10 2.7536E-10 2.8862E-10 3.0082E-10 3.1453E-10 3.2835E-10 3.4173E-10 3.5709E-10 3.7177E-10 3.8638E-10 4.0307E-10 4.1904E-10 4.3493E-10 4.5345E-10 4.7033E-10 4.8755E-10 5.0755E-10 5.2580E-10 5.4597E-10 5.6769E-10 5.8760E-10 6.1039E-10 6.3323E-10 6.5495E-10 6.7709E-10 6.9964E-10 7.2725E-10 7.5131E-10 7.7582E-10 8.0075E-10 8.3102E-10 8.5756E-10 8.8971E-10 9.4551E-10 9.8596E-10 1.0212E-09 1.0764E-09
8.8450E-11 9.5004E-11 1.0121E-10 1.0703E-10 1.1484E-10 1.2100E-10 1.2788E-10 1.3603E-10 1.4298E-10 1.5042E-10 1.5941E-10 1.6720E-10 1.7521E-10 1.8556E-10 1.9426E-10 2.0320E-10 2.1468E-10 2.2436E-10 2.3519E-10 2.4695E-10 2.5769E-10 2.7013E-10 2.8262E-10 2.9450E-10 3.0827E-10 3.2136E-10 3.3438E-10 3.4979E-10 3.6369E-10 3.7790E-10 3.9462E-10 4.0975E-10 4.2521E-10 4.4331E-10 4.5972E-10 4.7736E-10 4.9601E-10 5.1375E-10 5.3418E-10 5.5463E-10 5.7399E-10 5.9704E-10 6.1851E-10 6.3963E-10 6.6115E-10 6.8307E-10 7.1007E-10 7.3345E-10 7.5726E-10 7.8148E-10 8.1106E-10 8.3776E-10 8.6823E-10 9.2692E-10 9.6283E-10 9.9714E-10 1.0513E-09
8.7086E-11 9.3110E-11 9.9334E-11 1.0504E-10 1.1218E-10 1.1895E-10 1.2514E-10 1.3364E-10 1.4042E-10 1.4740E-10 1.5647E-10 1.6405E-10 1.7185E-10 1.8199E-10 1.9046E-10 1.9958E-10 2.1040E-10 2.1982E-10 2.3083E-10 2.4188E-10 2.5233E-10 2.6495E-10 2.7668E-10 2.8824E-10 3.0208E-10 3.1445E-10 3.2711E-10 3.4217E-10 3.5570E-10 3.6952E-10 3.8586E-10 4.0058E-10 4.1604E-10 4.3328E-10 4.4924E-10 4.6686E-10 4.8460E-10 5.0185E-10 5.2255E-10 5.4173E-10 5.6055E-10 5.8386E-10 6.0399E-10 6.2451E-10 6.4543E-10 6.6842E-10 6.9312E-10 7.1583E-10 7.3896E-10 7.6248E-10 7.9137E-10 8.1913E-10 8.4704E-10 9.0768E-10 9.3999E-10 9.7334E-10 1.0265E-09
8.4538E-11 9.1916E-11 9.7012E-11 1.0252E-10 1.1030E-10 1.1613E-10 1.2293E-10 1.3075E-10 1.3734E-10 1.4466E-10 1.5328E-10 1.6091E-10 1.6850E-10 1.7844E-10 1.8668E-10 1.9640E-10 2.0614E-10 2.1531E-10 2.2651E-10 2.3685E-10 2.4702E-10 2.5982E-10 2.7079E-10 2.8204E-10 2.9557E-10 3.0760E-10 3.1992E-10 3.3464E-10 3.4779E-10 3.6164E-10 3.7720E-10 3.9151E-10 4.0697E-10 4.2338E-10 4.3890E-10 4.5649E-10 4.7335E-10 4.9011E-10 5.1108E-10 5.2901E-10 5.4730E-10 5.7010E-10 5.8966E-10 6.0960E-10 6.2992E-10 6.5314E-10 6.7640E-10 6.9847E-10 7.2092E-10 7.4465E-10 7.7196E-10 7.9988E-10 8.3419E-10 8.8600E-10 9.1742E-10 9.4985E-10 9.9824E-10
8.3201E-11 8.9241E-11 9.4892E-11 1.0057E-10 1.0741E-10 1.1411E-10 1.2026E-10 1.2812E-10 1.3480E-10 1.4140E-10 1.5035E-10 1.5753E-10 1.6490E-10 1.7489E-10 1.8291E-10 1.9282E-10 2.0191E-10 2.1083E-10 2.2222E-10 2.3187E-10 2.4176E-10 2.5429E-10 2.6496E-10 2.7590E-10 2.8912E-10 3.0083E-10 3.1320E-10 3.2719E-10 3.3998E-10 3.5386E-10 3.6864E-10 3.8255E-10 3.9843E-10 4.1361E-10 4.2868E-10 4.4627E-10 4.6224E-10 4.7852E-10 4.9903E-10 5.1646E-10 5.3499E-10 5.5653E-10 5.7553E-10 5.9491E-10 6.1464E-10 6.3809E-10 6.5993E-10 6.8135E-10 7.0315E-10 7.2796E-10 7.5283E-10 7.8093E-10 8.1884E-10 8.6460E-10 8.9515E-10 9.2665E-10 9.7656E-10
8.0650E-11 8.7798E-11 9.2612E-11 9.8382E-11 1.0556E-10 1.1107E-10 1.1866E-10 1.2527E-10 1.3149E-10 1.3869E-10 1.4693E-10 1.5416E-10 1.6238E-10 1.7111E-10 1.7917E-10 1.8926E-10 1.9772E-10 2.0640E-10 2.1754E-10 2.2692E-10 2.3655E-10 2.4881E-10 2.5919E-10 2.7020E-10 2.8275E-10 2.9413E-10 3.0693E-10 3.1983E-10 3.3226E-10 3.4657E-10 3.6019E-10 3.7371E-10 3.8960E-10 4.0396E-10 4.1861E-10 4.3577E-10 4.5129E-10 4.6710E-10 4.8716E-10 5.0409E-10 5.2287E-10 5.4315E-10 5.6161E-10 5.8042E-10 5.9958E-10 6.2327E-10 6.4370E-10 6.6449E-10 6.8564E-10 7.1066E-10 7.3400E-10 7.6140E-10 7.9590E-10 8.4349E-10 8.7316E-10 9.0375E-10 9.4894E-10
