Assets/Resources/2015_m01_d27_0300(utc+0800)_l00_csi_1hr_conc.grd
DSAA
         159         159
     -79.000      79.000
     -79.000      79.000
  0.0000E+00  0.3745E-05
[rows 25 to 49 of 159, columns 57 to 113 of 159]
2.5465E-10 3.8707E-10 5.7580E-10 8.0969E-10 1.0926E-09 1.4713E-09 2.0477E-09 2.8055E-09 3.6829E-09 4.7988E-09 6.1440E-09 7.7046E-09 9.4614E-09 1.1373E-08 1.3384E-08 1.5422E-08 1.7409E-08 1.9281E-08 2.1667E-08 2.3073E-08 2.4135E-08 2.4834E-08 2.5304E-08 2.5235E-08 2.6047E-08 3.2588E-08 3.0101E-08 2.7220E-08 2.4125E-08 2.1049E-08 1.8049E-08 1.5957E-08 1.4793E-08 1.1601E-08 8.9605E-09 6.8475E-09 5.2024E-09 3.8546E-09 3.1704E-09 2.2801E-09 1.6015E-09 1.2126E-09 9.0483E-10 6.7903E-10 5.2480E-10 4.0217E-10 2.9666E-10 2.1632E-10 1.5395E-10 1.0400E-10 6.7757E-11 3.8954E-11 1.6965E-11 4.5529E-12 0.0000E+00 0.0000E+00 0.0000E+00
2.2807E-10 3.4975E-10 5.2739E-10 7.5808E-10 1.0478E-09 1.4306E-09 2.0576E-09 2.8271E-09 3.8535E-09 5.0420E-09 6.4925E-09 8.2230E-09 1.0192E-08 1.2354E-08 1.4781E-08 1.7447E-08 1.9775E-08 2.1966E-08 2.4044E-08 2.5858E-08 2.7807E-08 3.7665E-08 3.7695E-08 3.6951E-08 3.5501E-08 3.3563E-08 3.0954E-08 2.9039E-08 3.1008E-08 2.6254E-08 2.1709E-08 1.7571E-08 1.3968E-08 1.0954E-08 8.8830E-09 7.3436E-09 5.4715E-09 3.9181E-09 2.8161E-09 2.0033E-09 1.5001E-09 1.1125E-09 8.2533E-10 6.1308E-10 4.7406E-10 3.5769E-10 2.6247E-10 1.8596E-10 1.2949E-10 8.6395E-11 5.4756E-11 2.9442E-11 1.1677E-11 2.1940E-12 0.0000E+00 0.0000E+00 0.0000E+00
1.9884E-10 3.0613E-10 4.7984E-10 7.0903E-10 1.0036E-09 1.3861E-09 2.0357E-09 2.8984E-09 4.0285E-09 5.2849E-09 7.0980E-09 9.1257E-09 1.1378E-08 1.3880E-08 1.6555E-08 1.9408E-08 2.2387E-08 2.8722E-08 3.4406E-08 3.6588E-08 3.8123E-08 3.9075E-08 3.9273E-08 3.9253E-08 4.6718E-08 4.3358E-08 3.9252E-08 3.4676E-08 3.0007E-08 2.5274E-08 2.1512E-08 2.0216E-08 1.5851E-08 1.2101E-08 9.0925E-09 6.7738E-09 4.9519E-09 3.6517E-09 2.7349E-09 1.8755E-09 1.3904E-09 1.0172E-09 7.4277E-10 5.5039E-10 4.2002E-10 3.1399E-10 2.2770E-10 1.5807E-10 1.0617E-10 6.8307E-11 4.2802E-11 2.1040E-11 7.4578E-12 8.4263E-13 0.0000E+00 0.0000E+00 0.0000E+00
1.5921E-10 2.6480E-10 4.3006E-10 6.5046E-10 9.5357E-10 1.3482E-09 2.0526E-09 3.0593E-09 4.1896E-09 5.8945E-09 7.6692E-09 1.0108E-08 1.2687E-08 1.6117E-08 2.2307E-08 2.5950E-08 2.9492E-08 3.2815E-08 3.5877E-08 3.8618E-08 4.7387E-08 5.0195E-08 4.9808E-08 4.8293E-08 4.5882E-08 4.2585E-08 3.9111E-08 4.1561E-08 3.5249E-08 2.9467E-08 2.3836E-08 1.8858E-08 1.4653E-08 1.1485E-08 9.7333E-09 7.1648E-09 4.9701E-09 3.4134E-09 2.4798E-09 1.7248E-09 1.2769E-09 9.2003E-10 6.6829E-10 4.8943E-10 3.6878E-10 2.7133E-10 1.9321E-10 1.3320E-10 8.5209E-11 5.2169E-11 3.2027E-11 1.4124E-11 3.9061E-12 0.0000E+00 0.0000E+00 0.0000E+00 0.0000E+00
1.2049E-10 2.2466E-10 3.7963E-10 6.0996E-10 9.2862E-10 1.3392E-09 2.0375E-09 3.0419E-09 4.5021E-09 6.3148E-09 9.7368E-09 1.2834E-08 1.5761E-08 1.9727E-08 2.3337E-08 2.7240E-08 3.2324E-08 4.0956E-08 4.4424E-08 4.7096E-08 4.8829E-08 4.9725E-08 4.9760E-08 6.1842E-08 5.4806E-08 5.0455E-08 4.5056E-08 3.9312E-08 3.3443E-08 2.8118E-08 2.6891E-08 2.1145E-08 1.6095E-08 1.2012E-08 8.8282E-09 6.3762E-09 4.4293E-09 3.4958E-09 2.4024E-09 1.5903E-09 1.1573E-09 8.2198E-10 5.8559E-10 4.2902E-10 3.2033E-10 2.2867E-10 1.6054E-10 1.0880E-10 6.7370E-11 3.8920E-11 2.2475E-11 8.4463E-12 8.9878E-13 0.0000E+00 0.0000E+00 0.0000E+00 0.0000E+00
9.5013E-11 1.7903E-10 3.1708E-10 5.3276E-10 8.5693E-10 1.3096E-09 2.3115E-09 3.4762E-09 5.1193E-09 7.2196E-09 1.0111E-08 1.2907E-08 1.7323E-08 2.3436E-08 2.8353E-08 3.2803E-08 3.6957E-08 4.1075E-08 4.4725E-08 4.9354E-08 5.7946E-08 5.8733E-08 5.7870E-08 5.5660E-08 5.2440E-08 4.8445E-08 5.2063E-08 4.5170E-08 3.7908E-08 3.0953E-08 2.4684E-08 1.9209E-08 1.4835E-08 1.3004E-08 9.3384E-09 6.4924E-09 4.3767E-09 2.9913E-09 2.0377E-09 1.4682E-09 1.0402E-09 7.3174E-10 5.0581E-10 3.6946E-10 2.7235E-10 1.8991E-10 1.2962E-10 8.5502E-11 5.1292E-11 2.7931E-11 1.4180E-11 3.4246E-12 1.2208E-13 0.0000E+00 0.0000E+00 0.0000E+00 0.0000E+00
7.3509E-11 1.3443E-10 2.6712E-10 4.6464E-10 7.9197E-10 1.2624E-09 2.1353E-09 3.3034E-09 4.9497E-09 8.0587E-09 1.1010E-08 1.5169E-08 1.9469E-08 2.4103E-08 2.9360E-08 3.3921E-08 4.3652E-08 4.7732E-08 5.1742E-08 5.4552E-08 5.6349E-08 5.7025E-08 5.8908E-08 6.3988E-08 5.9998E-08 5.4489E-08 4.8177E-08 4.1622E-08 3.5204E-08 3.4470E-08 2.7379E-08 2.0946E-08 1.5637E-08 1.1432E-08 8.1508E-09 5.7269E-09 4.3817E-09 2.8730E-09 1.8613E-09 1.3214E-09 9.2402E-10 6.3189E-10 4.3118E-10 3.1351E-10 2.2724E-10 1.5536E-10 1.0079E-10 6.4031E-11 3.7444E-11 1.8368E-11 7.0928E-12 8.9211E-13 0.0000E+00 0.0000E+00 0.0000E+00 0.0000E+00 0.0000E+00
5.4468E-11 1.0655E-10 2.0933E-10 3.9235E-10 7.2752E-10 1.2150E-09 2.1375E-09 3.3101E-09 5.2048E-09 7.7070E-09 1.0983E-08 1.5406E-08 2.1809E-08 2.7910E-08 3.2701E-08 3.9209E-08 4.3749E-08 4.7805E-08 5.3037E-08 6.2377E-08 6.4295E-08 6.4382E-08 6.2921E-08 6.0215E-08 5.6345E-08 5.4262E-08 5.4466E-08 4.6512E-08 3.8555E-08 3.1054E-08 2.4424E-08 1.8821E-08 1.6958E-08 1.2114E-08 8.4084E-09 5.6881E-09 3.6530E-09 2.5549E-09 1.7247E-09 1.1789E-09 8.0739E-10 5.3784E-10 3.6329E-10 2.6035E-10 1.8471E-10 1.2370E-10 7.6842E-11 4.5097E-11 2.4323E-11 1.0162E-11 1.6929E-12 3.2281E-13 0.0000E+00 0.0000E+00 0.0000E+00 0.0000E+00 0.0000E+00
3.1259E-11 8.3509E-11 1.6539E-10 3.3684E-10 6.5151E-10 1.1234E-09 1.8544E-09 3.1138E-09 5.2267E-09 7.9862E-09 1.1817E-08 1.6095E-08 2.1983E-08 2.7520E-08 3.4687E-08 4.4370E-08 4.9961E-08 5.5331E-08 5.8086E-08 6.1196E-08 6.1924E-08 6.3186E-08 7.1110E-08 6.7548E-08 6.2470E-08 5.6228E-08 4.9390E-08 4.2322E-08 3.8131E-08 3.4393E-08 2.6612E-08 1.9973E-08 1.4568E-08 1.0325E-08 7.3685E-09 5.8043E-09 3.6738E-09 2.3922E-09 1.5218E-09 1.0393E-09 6.9394E-10 4.5121E-10 3.0054E-10 2.1150E-10 1.4531E-10 9.4847E-11 5.6571E-11 2.9405E-11 1.2899E-11 3.2158E-12 8.6363E-13 3.7677E-14 0.0000E+00 0.0000E+00 0.0000E+00 0.0000E+00 0.0000E+00
7.8085E-12 5.9883E-11 1.3347E-10 2.6528E-10 5.7179E-10 1.0699E-09 1.8036E-09 3.1627E-09 5.0508E-09 7.7689E-09 1.1394E-08 1.7140E-08 2.3766E-08 3.0421E-08 3.8157E-08 4.4360E-08 5.1309E-08 5.5032E-08 6.6572E-08 6.8603E-08 6.9019E-08 6.8718E-08 6.6230E-08 6.2495E-08 5.9469E-08 6.2865E-08 5.4755E-08 4.6232E-08 3.7847E-08 3.0152E-08 2.3364E-08 1.9483E-08 1.5564E-08 1.0835E-08 7.3143E-09 4.7635E-09 2.9996E-09 1.9396E-09 1.3496E-09 8.9980E-10 5.9276E-10 3.7129E-10 2.4269E-10 1.6830E-10 1.0960E-10 6.9233E-11 3.9350E-11 1.7690E-11 5.3698E-12 1.4115E-12 3.1511E-13 0.0000E+00 0.0000E+00 0.0000E+00 0.0000E+00 0.0000E+00 0.0000E+00
6.3275E-13 3.5190E-11 1.0406E-10 1.9700E-10 4.9640E-10 9.9454E-10 1.7320E-09 3.0241E-09 5.1361E-09 8.1195E-09 1.2068E-08 1.7317E-08 2.3109E-08 3.0907E-08 4.1238E-08 4.9164E-08 5.5364E-08 6.1422E-08 6.5558E-08 6.6084E-08 6.8094E-08 7.6272E-08 7.3738E-08 6.9020E-08 6.3093E-08 5.6359E-08 4.8821E-08 4.2907E-08 4.1863E-08 3.2891E-08 2.4948E-08 1.8288E-08 1.3052E-08 9.3260E-09 7.0092E-09 4.8325E-09 2.9108E-09 1.9223E-09 1.1519E-09 7.6669E-10 4.9413E-10 2.9450E-10 1.9104E-10 1.3013E-10 7.9699E-11 4.7360E-11 2.3813E-11 7.7640E-12 1.8575E-12 6.6617E-13 3.9338E-14 0.0000E+00 0.0000E+00 0.0000E+00 0.0000E+00 0.0000E+00 0.0000E+00
0.0000E+00 8.8458E-12 7.4891E-11 1.4921E-10 4.1044E-10 9.1110E-10 1.6896E-09 2.9257E-09 4.9885E-09 7.9672E-09 1.2191E-08 1.8008E-08 2.5187E-08 3.2499E-08 4.0789E-08 4.9359E-08 5.5796E-08 6.8119E-08 7.1308E-08 7.4189E-08 7.2986E-08 7.1458E-08 6.8422E-08 6.4867E-08 7.0178E-08 6.2151E-08 5.3458E-08 4.4541E-08 3.6047E-08 2.8593E-08 2.2792E-08 1.9816E-08 1.3859E-08 9.3541E-09 6.0930E-09 3.9538E-09 2.4338E-09 1.7135E-09 1.0234E-09 6.4981E-10 4.0080E-10 2.2676E-10 1.4472E-10 9.6005E-11 5.5822E-11 2.8211E-11 1.0075E-11 2.1814E-12 9.3391E-13 2.0081E-13 0.0000E+00 0.0000E+00 0.0000E+00 0.0000E+00 0.0000E+00 0.0000E+00 0.0000E+00
0.0000E+00 0.0000E+00 4.8517E-11 1.0413E-10 3.1484E-10 8.1956E-10 1.6351E-09 2.8845E-09 5.1397E-09 8.2301E-09 1.2468E-08 1.8196E-08 2.5337E-08 3.3248E-08 4.4537E-08 5.1791E-08 6.0471E-08 6.5210E-08 6.9952E-08 7.1984E-08 8.0800E-08 7.9055E-08 7.4150E-08 6.9089E-08 6.2244E-08 5.5458E-08 4.8600E-08 4.9275E-08 3.9482E-08 3.0457E-08 2.2595E-08 1.6638E-08 1.1651E-08 8.3187E-09 6.3356E-09 3.8162E-09 2.2335E-09 1.2988E-09 8.4212E-10 5.4209E-10 3.1242E-10 1.7089E-10 1.0750E-10 6.8218E-11 3.6480E-11 1.5018E-11 2.5962E-12 1.1642E-12 3.5680E-13 0.0000E+00 0.0000E+00 0.0000E+00 0.0000E+00 0.0000E+00 0.0000E+00 0.0000E+00 0.0000E+00
0.0000E+00 0.0000E+00 1.8478E-11 6.9554E-11 2.4121E-10 7.2723E-10 1.5415E-09 2.8625E-09 4.9804E-09 8.1922E-09 1.3125E-08 1.9307E-08 2.6456E-08 3.5481E-08 4.3814E-08 5.2845E-08 6.1893E-08 7.0954E-08 7.5912E-08 7.6246E-08 7.6269E-08 7.2403E-08 6.9878E-08 7.5685E-08 6.8252E-08 5.9848E-08 5.0678E-08 4.1794E-08 3.3682E-08 2.6861E-08 2.4803E-08 1.7541E-08 1.1894E-08 7.7887E-09 5.0712E-09 3.0203E-09 1.8101E-09 1.0647E-09 7.0443E-10 4.4399E-10 2.4224E-10 1.2775E-10 7.7123E-11 4.4151E-11 2.0755E-11 6.5961E-12 1.2905E-12 4.9615E-13 6.2285E-14 0.0000E+00 0.0000E+00 0.0000E+00 0.0000E+00 0.0000E+00 0.0000E+00 0.0000E+00 0.0000E+00
0.0000E+00 0.0000E+00 4.3673E-12 3.8739E-11 1.7415E-10 6.0673E-10 1.4576E-09 2.8378E-09 5.0012E-09 8.4283E-09 1.3364E-08 1.9576E-08 2.7544E-08 3.7608E-08 4.7330E-08 5.7087E-08 6.3430E-08 7.0527E-08 7.3102E-08 7.7761E-08 8.1310E-08 7.8501E-08 7.3491E-08 6.6674E-08 6.0503E-08 5.3108E-08 5.6206E-08 4.5938E-08 3.6169E-08 2.7247E-08 2.0337E-08 1.4339E-08 1.0079E-08 7.9804E-09 4.8489E-09 2.6920E-09 1.6128E-09 8.9897E-10 5.8076E-10 3.5490E-10 1.8536E-10 9.1394E-11 5.1754E-11 2.4827E-11 9.7510E-12 3.2051E-12 5.6753E-13 1.2525E-13 0.0000E+00 0.0000E+00 0.0000E+00 0.0000E+00 0.0000E+00 0.0000E+00 0.0000E+00 0.0000E+00 0.0000E+00
0.0000E+00 0.0000E+00 0.0000E+00 1.2520E-11 1.1269E-10 5.2455E-10 1.3657E-09 2.7806E-09 5.0529E-09 8.7892E-09 1.3939E-08 2.0646E-08 2.9115E-08 3.8126E-08 4.8738E-08 5.7464E-08 6.9443E-08 7.4357E-08 7.7694E-08 7.8718E-08 7.6411E-08 7.3723E-08 7.2577E-08 7.3037E-08 6.4516E-08 5.5729E-08 4.7260E-08 3.8475E-08 3.0690E-08 2.9293E-08 2.0919E-08 1.4289E-08 9.6200E-09 6.0668E-09 3.6584E-09 2.0369E-09 1.1219E-09 7.4690E-10 4.7167E-10 2.7799E-10 1.3214E-10 6.1555E-11 3.2656E-11 1.3820E-11 4.6898E-12 5.7326E-13 1.5700E-13 0.0000E+00 0.0000E+00 0.0000E+00 0.0000E+00 0.0000E+00 0.0000E+00 0.0000E+00 0.0000E+00 0.0000E+00 0.0000E+00
0.0000E+00 0.0000E+00 0.0000E+00 5.1222E-14 5.9422E-11 4.3373E-10 1.2750E-09 2.7480E-09 5.1691E-09 8.8692E-09 1.4285E-08 2.1597E-08 3.0945E-08 4.1122E-08 5.1259E-08 6.1153E-08 6.9321E-08 7.3564E-08 7.8419E-08 8.2630E-08 8.1183E-08 7.5784E-08 7.0026E-08 6.3498E-08 5.6245E-08 5.4782E-08 4.9680E-08 3.9756E-08 3.0317E-08 2.2780E-08 1.6114E-08 1.0907E-08 7.0820E-09 4.4260E-09 2.6358E-09 1.4813E-09 9.3032E-10 6.0739E-10 3.7365E-10 2.1045E-10 8.9893E-11 3.9535E-11 1.9150E-11 8.1304E-12 2.2144E-12 1.5897E-13 0.0000E+00 0.0000E+00 0.0000E+00 0.0000E+00 0.0000E+00 0.0000E+00 0.0000E+00 0.0000E+00 0.0000E+00 0.0000E+00 0.0000E+00
0.0000E+00 0.0000E+00 0.0000E+00 0.0000E+00 2.8094E-11 3.4987E-10 1.1669E-09 2.6876E-09 5.2059E-09 9.1695E-09 1.5053E-08 2.2905E-08 3.2181E-08 4.2821E-08 5.3147E-08 6.5634E-08 7.2514E-08 7.9010E-08 7.9454E-08 7.9061E-08 7.5405E-08 7.1612E-08 7.3706E-08 6.5289E-08 5.6980E-08 4.8233E-08 3.9498E-08 3.0929E-08 2.3301E-08 1.6826E-08 1.1693E-08 8.2629E-09 5.4918E-09 3.4750E-09 2.0873E-09 1.1220E-09 7.5492E-10 4.8093E-10 2.8826E-10 1.4937E-10 5.6640E-11 2.2420E-11 1.0981E-11 3.7670E-12 5.9396E-13 0.0000E+00 0.0000E+00 0.0000E+00 0.0000E+00 0.0000E+00 0.0000E+00 0.0000E+00 0.0000E+00 0.0000E+00 0.0000E+00 0.0000E+00 0.0000E+00
0.0000E+00 0.0000E+00 0.0000E+00 0.0000E+00 1.0136E-11 2.6689E-10 1.0339E-09 2.6066E-09 5.2992E-09 9.5366E-09 1.5744E-08 2.4363E-08 3.4551E-08 4.5496E-08 5.6820E-08 6.6394E-08 7.4283E-08 7.8572E-08 8.3579E-08 8.2482E-08 7.6070E-08 7.0950E-08 6.2622E-08 5.4717E-08 4.6054E-08 3.7837E-08 2.9964E-08 2.3536E-08 1.7700E-08 1.2845E-08 9.0497E-09 6.1669E-09 4.0583E-09 2.5411E-09 1.4668E-09 8.9204E-10 5.9522E-10 3.6907E-10 2.1117E-10 9.8777E-11 3.4919E-11 1.3986E-11 5.3080E-12 1.0566E-12 0.0000E+00 0.0000E+00 0.0000E+00 0.0000E+00 0.0000E+00 0.0000E+00 0.0000E+00 0.0000E+00 0.0000E+00 0.0000E+00 0.0000E+00 0.0000E+00 0.0000E+00
0.0000E+00 0.0000E+00 0.0000E+00 0.0000E+00 7.7146E-12 2.4073E-10 9.2444E-10 2.5186E-09 5.3319E-09 9.8609E-09 1.6532E-08 2.5547E-08 3.6456E-08 4.8110E-08 6.0482E-08 7.0026E-08 7.8161E-08 8.0359E-08 8.1607E-08 7.6251E-08 7.0989E-08 6.2107E-08 5.3454E-08 4.4916E-08 3.7307E-08 3.0095E-08 2.3337E-08 1.7824E-08 1.3134E-08 9.4411E-09 6.6071E-09 4.4797E-09 2.8976E-09 1.8045E-09 1.0383E-09 6.9319E-10 4.5067E-10 2.7051E-10 1.4631E-10 6.2249E-11 1.9528E-11 7.3105E-12 2.0070E-12 1.4417E-13 0.0000E+00 0.0000E+00 0.0000E+00 0.0000E+00 0.0000E+00 0.0000E+00 0.0000E+00 0.0000E+00 0.0000E+00 0.0000E+00 0.0000E+00 0.0000E+00 0.0000E+00
0.0000E+00 0.0000E+00 0.0000E+00 0.0000E+00 1.4585E-11 2.0919E-10 8.5465E-10 2.3978E-09 5.3408E-09 1.0227E-08 1.7461E-08 2.7258E-08 3.9091E-08 5.1610E-08 6.3176E-08 7.3175E-08 7.8613E-08 8.1127E-08 7.8355E-08 7.2921E-08 6.5620E-08 5.5701E-08 4.7275E-08 3.8022E-08 3.0446E-08 2.3494E-08 1.7893E-08 1.3297E-08 9.6344E-09 6.8193E-09 4.7377E-09 3.1504E-09 2.0279E-09 1.2337E-09 7.6482E-10 5.1788E-10 3.2891E-10 1.9061E-10 9.2914E-11 3.6242E-11 8.9548E-12 2.7085E-12 3.6355E-13 0.0000E+00 0.0000E+00 0.0000E+00 0.0000E+00 0.0000E+00 0.0000E+00 0.0000E+00 0.0000E+00 0.0000E+00 0.0000E+00 0.0000E+00 0.0000E+00 0.0000E+00 0.0000E+00
0.0000E+00 0.0000E+00 0.0000E+00 0.0000E+00 1.9670E-11 1.6044E-10 7.8363E-10 2.2768E-09 5.3113E-09 1.0504E-08 1.8297E-08 2.8833E-08 4.1519E-08 5.4763E-08 6.6856E-08 7.6055E-08 8.0916E-08 8.2034E-08 7.7054E-08 7.1498E-08 6.0531E-08 5.1465E-08 4.0918E-08 3.2199E-08 2.4709E-08 1.8481E-08 1.3686E-08 9.8454E-09 6.9926E-09 4.8504E-09 3.2785E-09 2.1660E-09 1.3407E-09 8.4305E-10 5.5814E-10 3.7125E-10 2.2443E-10 1.2479E-10 5.0285E-11 1.8350E-11 3.4381E-12 5.4646E-13 0.0000E+00 0.0000E+00 0.0000E+00 0.0000E+00 0.0000E+00 0.0000E+00 0.0000E+00 0.0000E+00 0.0000E+00 0.0000E+00 0.0000E+00 0.0000E+00 0.0000E+00 0.0000E+00 0.0000E+00
0.0000E+00 0.0000E+00 0.0000E+00 0.0000E+00 2.4266E-11 1.4971E-10 7.0969E-10 2.1440E-09 5.1769E-09 1.0628E-08 1.9021E-08 3.0487E-08 4.4336E-08 5.8702E-08 7.1301E-08 8.0132E-08 8.4640E-08 8.2404E-08 7.7256E-08 6.7281E-08 5.6967E-08 4.5920E-08 3.5775E-08 2.7386E-08 1.9890E-08 1.4519E-08 1.0283E-08 7.1798E-09 4.9407E-09 3.3727E-09 2.1897E-09 1.4195E-09 8.8135E-10 5.9302E-10 3.8484E-10 2.4939E-10 1.4201E-10 7.3574E-11 2.1774E-11 7.3146E-12 6.9590E-13 0.0000E+00 0.0000E+00 0.0000E+00 0.0000E+00 0.0000E+00 0.0000E+00 0.0000E+00 0.0000E+00 0.0000E+00 0.0000E+00 0.0000E+00 0.0000E+00 0.0000E+00 0.0000E+00 0.0000E+00 0.0000E+00
0.0000E+00 0.0000E+00 0.0000E+00 0.0000E+00 2.7372E-11 1.4172E-10 6.3625E-10 1.9553E-09 4.9367E-09 1.0598E-08 1.9544E-08 3.1948E-08 4.7095E-08 6.2818E-08 7.6299E-08 8.4951E-08 8.7367E-08 8.3748E-08 7.5735E-08 6.4095E-08 5.3269E-08 4.0494E-08 3.1336E-08 2.2361E-08 1.6091E-08 1.1087E-08 7.5772E-09 5.1394E-09 3.3883E-09 2.2331E-09 1.4216E-09 9.1712E-10 6.0175E-10 3.8902E-10 2.4862E-10 1.5445E-10 7.9709E-11 3.3659E-11 5.8049E-12 6.4865E-13 0.0000E+00 0.0000E+00 0.0000E+00 0.0000E+00 0.0000E+00 0.0000E+00 0.0000E+00 0.0000E+00 0.0000E+00 0.0000E+00 0.0000E+00 0.0000E+00 0.0000E+00 0.0000E+00 0.0000E+00 0.0000E+00 0.0000E+00
0.0000E+00 0.0000E+00 0.0000E+00 0.0000E+00 2.9588E-11 1.2262E-10 5.5087E-10 1.8090E-09 4.6254E-09 1.0269E-08 1.9683E-08 3.3096E-08 4.9655E-08 6.6993E-08 8.1621E-08 9.0354E-08 9.1528E-08 8.5488E-08 7.4413E-08 6.2131E-08 4.7645E-08 3.6085E-08 2.5844E-08 1.8113E-08 1.2427E-08 8.1676E-09 5.4308E-09 3.4805E-09 2.2232E-09 1.4239E-09 9.1073E-10 5.9317E-10 3.7936E-10 2.3612E-10 1.4618E-10 8.3604E-11 3.5275E-11 6.9601E-12 4.5703E-13 0.0000E+00 0.0000E+00 0.0000E+00 0.0000E+00 0.0000E+00 0.0000E+00 0.0000E+00 0.0000E+00 0.0000E+00 0.0000E+00 0.0000E+00 0.0000E+00 0.0000E+00 0.0000E+00 0.0000E+00 0.0000E+00 0.0000E+00 0.0000E+00
