Assets/Resources/2015_m01_d13_1500(utc+0800)_l00_csi_1hr_conc.grd
DSAA
         159         159
     -79.000      79.000
     -79.000      79.000
  0.0000E+00  0.4260E-05
[rows 50 to 74 of 159, columns 0 to 56 of 159]
4.1373E-09 4.3315E-09 4.5329E-09 4.7398E-09 4.9580E-09 5.1853E-09 5.4209E-09 5.6668E-09 5.9261E-09 6.1931E-09 6.4760E-09 6.7627E-09 7.0682E-09 7.3770E-09 7.7020E-09 8.0328E-09 8.3751E-09 8.7143E-09 9.0607E-09 9.4090E-09 9.7751E-09 1.0136E-08 1.0500E-08 1.0862E-08 1.1215E-08 1.1563E-08 1.1901E-08 1.2230E-08 1.2550E-08 1.2849E-08 1.3125E-08 1.3377E-08 1.3585E-08 1.3760E-08 1.3892E-08 1.3976E-08 1.4014E-08 1.4003E-08 1.3942E-08 1.3826E-08 1.3654E-08 1.3419E-08 1.3115E-08 1.2746E-08 1.2304E-08 1.1787E-08 1.1199E-08 1.0547E-08 9.8582E-09 9.1479E-09 8.4231E-09 7.6965E-09 6.9816E-09 6.2813E-09 5.6012E-09 4.9336E-09 4.3026E-09
4.2974E-09 4.5027E-09 4.7129E-09 4.9343E-09 5.1659E-09 5.4072E-09 5.6590E-09 5.9193E-09 6.1992E-09 6.4853E-09 6.7870E-09 7.1218E-09 7.4283E-09 7.7607E-09 8.1149E-09 8.4739E-09 8.8466E-09 9.2260E-09 9.6110E-09 9.9960E-09 1.0388E-08 1.0785E-08 1.1191E-08 1.1594E-08 1.1991E-08 1.2383E-08 1.2768E-08 1.3144E-08 1.3514E-08 1.3865E-08 1.4194E-08 1.4497E-08 1.4762E-08 1.4991E-08 1.5175E-08 1.5315E-08 1.5405E-08 1.5445E-08 1.5436E-08 1.5372E-08 1.5246E-08 1.5050E-08 1.4787E-08 1.4457E-08 1.4048E-08 1.3550E-08 1.2969E-08 1.2313E-08 1.1587E-08 1.0829E-08 1.0054E-08 9.2588E-09 8.4714E-09 7.6926E-09 6.9187E-09 6.1582E-09 5.4204E-09
4.4555E-09 4.6716E-09 4.8923E-09 5.1270E-09 5.3693E-09 5.6270E-09 5.8947E-09 6.1711E-09 6.4702E-09 6.7736E-09 7.0988E-09 7.4329E-09 7.8332E-09 8.1447E-09 8.5276E-09 8.9145E-09 9.3198E-09 9.7315E-09 1.0156E-08 1.0583E-08 1.1012E-08 1.1444E-08 1.1888E-08 1.2336E-08 1.2778E-08 1.3216E-08 1.3651E-08 1.4076E-08 1.4498E-08 1.4904E-08 1.5287E-08 1.5647E-08 1.5973E-08 1.6261E-08 1.6506E-08 1.6709E-08 1.6859E-08 1.6963E-08 1.7014E-08 1.7010E-08 1.6944E-08 1.6808E-08 1.6604E-08 1.6327E-08 1.5969E-08 1.5528E-08 1.4984E-08 1.4346E-08 1.3624E-08 1.2835E-08 1.2012E-08 1.1170E-08 1.0312E-08 9.4557E-09 8.5893E-09 7.7210E-09 6.8535E-09
4.6106E-09 4.8353E-09 5.0689E-09 5.3164E-09 5.5709E-09 5.8441E-09 6.1246E-09 6.4201E-09 6.7372E-09 7.0590E-09 7.4071E-09 7.7622E-09 8.1402E-09 8.5403E-09 8.9356E-09 9.3523E-09 9.7900E-09 1.0233E-08 1.0694E-08 1.1159E-08 1.1635E-08 1.2106E-08 1.2588E-08 1.3077E-08 1.3568E-08 1.4054E-08 1.4539E-08 1.5016E-08 1.5493E-08 1.5954E-08 1.6395E-08 1.6816E-08 1.7205E-08 1.7558E-08 1.7868E-08 1.8141E-08 1.8362E-08 1.8539E-08 1.8659E-08 1.8731E-08 1.8741E-08 1.8676E-08 1.8548E-08 1.8344E-08 1.8063E-08 1.7702E-08 1.7232E-08 1.6654E-08 1.5979E-08 1.5214E-08 1.4369E-08 1.3479E-08 1.2559E-08 1.1624E-08 1.0677E-08 9.7014E-09 8.7053E-09
4.7617E-09 4.9948E-09 5.2416E-09 5.4990E-09 5.7684E-09 6.0563E-09 6.3514E-09 6.6640E-09 6.9963E-09 7.3404E-09 7.7095E-09 8.0854E-09 8.4890E-09 8.8999E-09 9.3384E-09 9.7843E-09 1.0253E-08 1.0728E-08 1.1225E-08 1.1726E-08 1.2243E-08 1.2760E-08 1.3282E-08 1.3814E-08 1.4346E-08 1.4889E-08 1.5424E-08 1.5954E-08 1.6487E-08 1.7002E-08 1.7508E-08 1.7989E-08 1.8443E-08 1.8867E-08 1.9247E-08 1.9594E-08 1.9895E-08 2.0152E-08 2.0354E-08 2.0514E-08 2.0605E-08 2.0632E-08 2.0599E-08 2.0490E-08 2.0311E-08 2.0049E-08 1.9693E-08 1.9222E-08 1.8637E-08 1.7947E-08 1.7155E-08 1.6259E-08 1.5305E-08 1.4309E-08 1.3277E-08 1.2198E-08 1.1073E-08
4.9076E-09 5.1506E-09 5.4087E-09 5.6762E-09 5.9601E-09 6.2600E-09 6.5720E-09 6.9007E-09 7.2500E-09 7.6140E-09 8.0012E-09 8.4012E-09 8.8288E-09 9.2638E-09 9.7307E-09 1.0206E-08 1.0787E-08 1.1211E-08 1.1743E-08 1.2280E-08 1.2836E-08 1.3394E-08 1.3966E-08 1.4535E-08 1.5110E-08 1.5697E-08 1.6294E-08 1.6881E-08 1.7468E-08 1.8039E-08 1.8608E-08 1.9153E-08 1.9673E-08 2.0167E-08 2.0622E-08 2.1049E-08 2.1432E-08 2.1774E-08 2.2076E-08 2.2330E-08 2.2518E-08 2.2651E-08 2.2722E-08 2.2733E-08 2.2679E-08 2.2547E-08 2.2324E-08 2.1993E-08 2.1559E-08 2.1005E-08 2.0334E-08 1.9536E-08 1.8596E-08 1.7563E-08 1.6444E-08 1.5282E-08 1.4034E-08
5.0468E-09 5.3008E-09 5.5690E-09 5.8480E-09 6.1445E-09 6.4562E-09 6.7842E-09 7.1264E-09 7.4952E-09 7.8776E-09 8.2836E-09 8.7056E-09 9.1546E-09 9.6158E-09 1.0109E-08 1.0611E-08 1.1139E-08 1.1772E-08 1.2244E-08 1.2817E-08 1.3410E-08 1.4006E-08 1.4621E-08 1.5237E-08 1.5853E-08 1.6481E-08 1.7120E-08 1.7776E-08 1.8424E-08 1.9052E-08 1.9682E-08 2.0290E-08 2.0876E-08 2.1443E-08 2.1974E-08 2.2480E-08 2.2951E-08 2.3387E-08 2.3789E-08 2.4143E-08 2.4444E-08 2.4692E-08 2.4884E-08 2.5032E-08 2.5120E-08 2.5141E-08 2.5080E-08 2.4919E-08 2.4668E-08 2.4312E-08 2.3816E-08 2.3196E-08 2.2423E-08 2.1419E-08 2.0293E-08 1.9023E-08 1.7684E-08
5.1790E-09 5.4439E-09 5.7206E-09 6.0122E-09 6.3199E-09 6.6448E-09 6.9866E-09 7.3420E-09 7.7289E-09 8.1267E-09 8.5534E-09 8.9962E-09 9.4662E-09 9.9517E-09 1.0470E-08 1.0997E-08 1.1554E-08 1.2125E-08 1.2722E-08 1.3329E-08 1.3958E-08 1.4593E-08 1.5247E-08 1.5903E-08 1.6567E-08 1.7234E-08 1.7910E-08 1.8610E-08 1.9328E-08 2.0026E-08 2.0712E-08 2.1387E-08 2.2036E-08 2.2672E-08 2.3280E-08 2.3865E-08 2.4424E-08 2.4957E-08 2.5461E-08 2.5923E-08 2.6340E-08 2.6710E-08 2.7038E-08 2.7333E-08 2.7576E-08 2.7770E-08 2.7891E-08 2.7935E-08 2.7880E-08 2.7744E-08 2.7507E-08 2.7127E-08 2.6583E-08 2.5835E-08 2.4765E-08 2.3503E-08 2.2067E-08
5.3044E-09 5.5791E-09 5.8637E-09 6.1673E-09 6.4842E-09 6.8228E-09 7.1770E-09 7.5471E-09 7.9495E-09 8.3616E-09 8.8079E-09 9.2682E-09 9.7602E-09 1.0268E-08 1.0808E-08 1.1361E-08 1.1945E-08 1.2544E-08 1.3172E-08 1.3811E-08 1.4528E-08 1.5145E-08 1.5835E-08 1.6532E-08 1.7236E-08 1.7947E-08 1.8665E-08 1.9388E-08 2.0154E-08 2.0916E-08 2.1683E-08 2.2420E-08 2.3132E-08 2.3836E-08 2.4517E-08 2.5178E-08 2.5824E-08 2.6452E-08 2.7056E-08 2.7627E-08 2.8164E-08 2.8663E-08 2.9132E-08 2.9574E-08 2.9988E-08 3.0364E-08 3.0681E-08 3.0941E-08 3.1121E-08 3.1213E-08 3.1249E-08 3.1157E-08 3.0927E-08 3.0507E-08 2.9779E-08 2.8639E-08 2.7220E-08
5.4221E-09 5.7050E-09 5.9978E-09 6.3120E-09 6.6377E-09 6.9888E-09 7.3530E-09 7.7383E-09 8.1543E-09 8.5817E-09 9.0448E-09 9.5208E-09 1.0033E-08 1.0561E-08 1.1122E-08 1.1699E-08 1.2307E-08 1.2933E-08 1.3589E-08 1.4258E-08 1.4950E-08 1.5833E-08 1.6377E-08 1.7113E-08 1.7854E-08 1.8606E-08 1.9367E-08 2.0130E-08 2.0912E-08 2.1713E-08 2.2535E-08 2.3370E-08 2.4147E-08 2.4912E-08 2.5662E-08 2.6400E-08 2.7123E-08 2.7839E-08 2.8542E-08 2.9217E-08 2.9869E-08 3.0497E-08 3.1105E-08 3.1697E-08 3.2282E-08 3.2838E-08 3.3354E-08 3.3842E-08 3.4262E-08 3.4615E-08 3.4898E-08 3.5113E-08 3.5252E-08 3.5185E-08 3.4928E-08 3.4236E-08 3.3016E-08
5.5310E-09 5.8208E-09 6.1222E-09 6.4448E-09 6.7794E-09 7.1414E-09 7.5155E-09 7.9139E-09 8.3405E-09 8.7836E-09 9.2609E-09 9.7531E-09 1.0283E-08 1.0827E-08 1.1409E-08 1.2006E-08 1.2636E-08 1.3286E-08 1.3966E-08 1.4662E-08 1.5383E-08 1.6117E-08 1.6936E-08 1.7638E-08 1.8413E-08 1.9200E-08 2.0000E-08 2.0803E-08 2.1622E-08 2.2433E-08 2.3281E-08 2.4164E-08 2.5044E-08 2.5879E-08 2.6691E-08 2.7499E-08 2.8294E-08 2.9090E-08 2.9883E-08 3.0653E-08 3.1414E-08 3.2160E-08 3.2899E-08 3.3636E-08 3.4384E-08 3.5119E-08 3.5820E-08 3.6533E-08 3.7184E-08 3.7801E-08 3.8350E-08 3.8841E-08 3.9298E-08 3.9690E-08 3.9874E-08 3.9787E-08 3.9201E-08
5.6299E-09 5.9256E-09 6.2351E-09 6.5648E-09 6.9082E-09 7.2790E-09 7.6629E-09 8.0721E-09 8.5085E-09 8.9649E-09 9.4539E-09 9.9613E-09 1.0506E-08 1.1065E-08 1.1664E-08 1.2279E-08 1.2929E-08 1.3599E-08 1.4301E-08 1.5020E-08 1.5765E-08 1.6524E-08 1.7302E-08 1.8101E-08 1.8904E-08 1.9722E-08 2.0553E-08 2.1392E-08 2.2243E-08 2.3091E-08 2.3943E-08 2.4831E-08 2.5758E-08 2.6687E-08 2.7584E-08 2.8451E-08 2.9309E-08 3.0176E-08 3.1045E-08 3.1901E-08 3.2756E-08 3.3606E-08 3.4464E-08 3.5328E-08 3.6224E-08 3.7124E-08 3.8009E-08 3.8907E-08 3.9780E-08 4.0627E-08 4.1440E-08 4.2208E-08 4.2927E-08 4.3711E-08 4.4389E-08 4.4893E-08 4.5058E-08
5.7182E-09 6.0193E-09 6.3356E-09 6.6712E-09 7.0226E-09 7.4004E-09 7.7933E-09 8.2113E-09 8.6571E-09 9.1242E-09 9.6227E-09 1.0143E-08 1.0700E-08 1.1271E-08 1.1885E-08 1.2515E-08 1.3181E-08 1.3868E-08 1.4588E-08 1.5326E-08 1.6091E-08 1.6870E-08 1.7671E-08 1.8493E-08 1.9321E-08 2.0364E-08 2.1021E-08 2.1890E-08 2.2763E-08 2.3642E-08 2.4524E-08 2.5414E-08 2.6327E-08 2.7290E-08 2.8270E-08 2.9234E-08 3.0147E-08 3.1068E-08 3.2003E-08 3.2929E-08 3.3859E-08 3.4798E-08 3.5753E-08 3.6724E-08 3.7744E-08 3.8778E-08 3.9818E-08 4.0869E-08 4.1940E-08 4.2956E-08 4.4002E-08 4.5008E-08 4.6006E-08 4.7041E-08 4.8160E-08 4.9226E-08 5.0108E-08
5.7951E-09 6.1006E-09 6.4229E-09 6.7633E-09 7.1213E-09 7.5049E-09 7.9056E-09 8.3302E-09 8.7841E-09 9.2595E-09 9.7666E-09 1.0297E-08 1.0862E-08 1.1444E-08 1.2069E-08 1.2711E-08 1.3390E-08 1.4090E-08 1.4824E-08 1.5576E-08 1.6357E-08 1.7152E-08 1.7971E-08 1.8809E-08 1.9657E-08 2.0519E-08 2.1642E-08 2.2286E-08 2.3176E-08 2.4074E-08 2.4979E-08 2.5891E-08 2.6806E-08 2.7737E-08 2.8730E-08 2.9757E-08 3.0777E-08 3.1747E-08 3.2730E-08 3.3707E-08 3.4694E-08 3.5694E-08 3.6728E-08 3.7784E-08 3.8890E-08 4.0041E-08 4.1180E-08 4.2366E-08 4.3557E-08 4.4720E-08 4.5919E-08 4.7097E-08 4.8323E-08 4.9581E-08 5.0949E-08 5.2452E-08 5.3989E-08
5.8598E-09 6.1693E-09 6.4961E-09 6.8403E-09 7.2036E-09 7.5917E-09 7.9984E-09 8.4276E-09 8.8882E-09 9.3693E-09 9.8834E-09 1.0420E-08 1.0992E-08 1.1582E-08 1.2215E-08 1.2865E-08 1.3552E-08 1.4261E-08 1.5006E-08 1.5768E-08 1.6559E-08 1.7364E-08 1.8195E-08 1.9045E-08 1.9906E-08 2.0781E-08 2.1670E-08 2.2573E-08 2.3477E-08 2.4383E-08 2.5302E-08 2.6222E-08 2.7150E-08 2.8086E-08 2.9028E-08 3.0043E-08 3.1102E-08 3.2175E-08 3.3206E-08 3.4212E-08 3.5239E-08 3.6277E-08 3.7357E-08 3.8473E-08 3.9634E-08 4.0850E-08 4.2058E-08 4.3323E-08 4.4576E-08 4.5846E-08 4.7091E-08 4.8384E-08 4.9732E-08 5.1152E-08 5.2668E-08 5.4380E-08 5.6300E-08
5.9120E-09 6.2247E-09 6.5546E-09 6.9017E-09 7.2688E-09 7.6602E-09 8.0708E-09 8.5032E-09 8.9682E-09 9.4526E-09 9.9715E-09 1.0512E-08 1.1089E-08 1.1682E-08 1.2320E-08 1.2974E-08 1.3667E-08 1.4380E-08 1.5131E-08 1.5897E-08 1.6694E-08 1.7504E-08 1.8342E-08 1.9198E-08 2.0065E-08 2.0947E-08 2.1840E-08 2.2748E-08 2.3657E-08 2.4610E-08 2.5484E-08 2.6406E-08 2.7333E-08 2.8272E-08 2.9214E-08 3.0166E-08 3.1182E-08 3.2270E-08 3.3381E-08 3.4430E-08 3.5475E-08 3.6529E-08 3.7631E-08 3.8771E-08 3.9958E-08 4.1185E-08 4.2442E-08 4.3706E-08 4.4991E-08 4.6267E-08 4.7523E-08 4.8818E-08 5.0175E-08 5.1617E-08 5.3203E-08 5.4917E-08 5.6944E-08
5.9512E-09 6.2662E-09 6.5979E-09 6.9469E-09 7.3162E-09 7.7095E-09 8.1220E-09 8.5563E-09 9.0233E-09 9.5092E-09 1.0030E-08 1.0572E-08 1.1150E-08 1.1744E-08 1.2384E-08 1.3039E-08 1.3732E-08 1.4446E-08 1.5197E-08 1.5964E-08 1.6761E-08 1.7570E-08 1.8410E-08 1.9265E-08 2.0131E-08 2.1014E-08 2.1903E-08 2.2806E-08 2.3714E-08 2.4614E-08 2.5895E-08 2.6438E-08 2.7354E-08 2.8280E-08 2.9213E-08 3.0149E-08 3.1104E-08 3.2113E-08 3.3203E-08 3.4299E-08 3.5393E-08 3.6440E-08 3.7538E-08 3.8665E-08 3.9845E-08 4.1062E-08 4.2294E-08 4.3535E-08 4.4789E-08 4.6001E-08 4.7232E-08 4.8422E-08 4.9699E-08 5.1035E-08 5.2486E-08 5.4085E-08 5.5987E-08
5.9772E-09 6.2935E-09 6.6257E-09 6.9755E-09 7.3455E-09 7.7392E-09 8.1520E-09 8.5861E-09 9.0531E-09 9.5381E-09 1.0058E-08 1.0599E-08 1.1175E-08 1.1767E-08 1.2405E-08 1.3057E-08 1.3748E-08 1.4457E-08 1.5205E-08 1.5967E-08 1.6759E-08 1.7563E-08 1.8396E-08 1.9246E-08 2.0104E-08 2.0979E-08 2.1861E-08 2.2749E-08 2.3645E-08 2.4530E-08 2.5422E-08 2.6462E-08 2.7213E-08 2.8113E-08 2.9019E-08 2.9931E-08 3.0855E-08 3.1799E-08 3.2779E-08 3.3819E-08 3.4925E-08 3.6011E-08 3.7079E-08 3.8172E-08 3.9305E-08 4.0466E-08 4.1639E-08 4.2826E-08 4.3967E-08 4.5121E-08 4.6203E-08 4.7280E-08 4.8378E-08 4.9504E-08 5.0689E-08 5.2027E-08 5.3522E-08
5.9896E-09 6.3062E-09 6.6378E-09 6.9871E-09 7.3562E-09 7.7490E-09 8.1604E-09 8.5923E-09 9.0572E-09 9.5394E-09 1.0057E-08 1.0594E-08 1.1165E-08 1.1752E-08 1.2384E-08 1.3029E-08 1.3714E-08 1.4415E-08 1.5153E-08 1.5906E-08 1.6689E-08 1.7481E-08 1.8303E-08 1.9141E-08 1.9985E-08 2.0845E-08 2.1712E-08 2.2580E-08 2.3454E-08 2.4318E-08 2.5181E-08 2.6047E-08 2.6913E-08 2.7777E-08 2.8645E-08 2.9517E-08 3.0394E-08 3.1286E-08 3.2198E-08 3.3100E-08 3.4125E-08 3.5177E-08 3.6254E-08 3.7297E-08 3.8360E-08 3.9429E-08 4.0531E-08 4.1599E-08 4.2636E-08 4.3654E-08 4.4584E-08 4.5486E-08 4.6353E-08 4.7219E-08 4.8082E-08 4.8967E-08 5.0003E-08
5.9884E-09 6.3041E-09 6.6340E-09 6.9818E-09 7.3482E-09 7.7385E-09 8.1471E-09 8.5748E-09 9.0356E-09 9.5127E-09 1.0024E-08 1.0555E-08 1.1119E-08 1.1698E-08 1.2320E-08 1.2956E-08 1.3630E-08 1.4319E-08 1.5044E-08 1.5783E-08 1.6551E-08 1.7328E-08 1.8131E-08 1.8953E-08 1.9777E-08 2.0614E-08 2.1458E-08 2.2300E-08 2.3145E-08 2.3980E-08 2.4807E-08 2.5634E-08 2.6460E-08 2.7280E-08 2.8334E-08 2.8919E-08 2.9734E-08 3.0557E-08 3.1404E-08 3.2224E-08 3.3101E-08 3.4032E-08 3.5028E-08 3.6051E-08 3.7036E-08 3.7994E-08 3.8984E-08 3.9922E-08 4.0837E-08 4.1671E-08 4.2469E-08 4.3149E-08 4.3786E-08 4.4368E-08 4.4853E-08 4.5319E-08 4.5832E-08
5.9734E-09 6.2868E-09 6.6141E-09 6.9593E-09 7.3214E-09 7.7083E-09 8.1117E-09 8.5337E-09 8.9889E-09 9.4583E-09 9.9620E-09 1.0484E-08 1.1038E-08 1.1607E-08 1.2215E-08 1.2839E-08 1.3498E-08 1.4171E-08 1.4879E-08 1.5600E-08 1.6348E-08 1.7104E-08 1.7885E-08 1.8684E-08 1.9483E-08 2.0291E-08 2.1106E-08 2.1915E-08 2.2724E-08 2.3522E-08 2.4310E-08 2.5089E-08 2.5866E-08 2.6635E-08 2.7391E-08 2.8536E-08 2.8895E-08 2.9640E-08 3.0400E-08 3.1134E-08 3.1914E-08 3.2693E-08 3.3526E-08 3.4422E-08 3.5336E-08 3.6212E-08 3.7057E-08 3.7869E-08 3.8629E-08 3.9310E-08 3.9926E-08 4.0421E-08 4.0820E-08 4.1140E-08 4.1296E-08 4.1403E-08 4.1378E-08
5.9453E-09 6.2549E-09 6.5782E-09 6.9196E-09 7.2761E-09 7.6584E-09 8.0547E-09 8.4700E-09 8.9168E-09 9.3769E-09 9.8712E-09 1.0382E-08 1.0923E-08 1.1479E-08 1.2071E-08 1.2679E-08 1.3319E-08 1.3974E-08 1.4661E-08 1.5358E-08 1.6083E-08 1.6815E-08 1.7569E-08 1.8337E-08 1.9108E-08 1.9883E-08 2.0661E-08 2.1433E-08 2.2199E-08 2.2953E-08 2.3698E-08 2.4423E-08 2.5143E-08 2.5854E-08 2.6543E-08 2.7229E-08 2.7899E-08 2.8552E-08 2.9219E-08 2.9855E-08 3.0520E-08 3.1185E-08 3.1871E-08 3.2577E-08 3.3340E-08 3.4092E-08 3.4823E-08 3.5480E-08 3.6072E-08 3.6596E-08 3.7033E-08 3.7358E-08 3.7546E-08 3.7631E-08 3.7532E-08 3.7300E-08 3.6918E-08
5.9038E-09 6.2081E-09 6.5270E-09 6.8626E-09 7.2131E-09 7.5885E-09 7.9767E-09 8.3843E-09 8.8197E-09 9.2696E-09 9.7521E-09 1.0249E-08 1.0775E-08 1.1315E-08 1.1889E-08 1.2478E-08 1.3096E-08 1.3730E-08 1.4391E-08 1.5062E-08 1.5761E-08 1.6462E-08 1.7186E-08 1.7921E-08 1.8657E-08 1.9393E-08 2.0129E-08 2.0861E-08 2.1580E-08 2.2285E-08 2.2978E-08 2.3648E-08 2.4307E-08 2.4952E-08 2.5570E-08 2.6177E-08 2.6764E-08 2.7327E-08 2.7886E-08 2.8417E-08 2.8967E-08 2.9511E-08 3.0059E-08 3.0608E-08 3.1173E-08 3.1764E-08 3.2357E-08 3.2892E-08 3.3333E-08 3.3688E-08 3.3972E-08 3.4125E-08 3.4159E-08 3.4039E-08 3.3755E-08 3.3272E-08 3.2639E-08
5.8487E-09 6.1469E-09 6.4610E-09 6.7892E-09 7.1323E-09 7.4991E-09 7.8785E-09 8.2766E-09 8.6991E-09 9.1381E-09 9.6050E-09 1.0087E-08 1.0597E-08 1.1118E-08 1.1672E-08 1.2238E-08 1.2833E-08 1.3441E-08 1.4075E-08 1.4718E-08 1.5384E-08 1.6052E-08 1.6744E-08 1.7441E-08 1.8135E-08 1.8833E-08 1.9523E-08 2.0208E-08 2.0877E-08 2.1528E-08 2.2166E-08 2.2779E-08 2.3371E-08 2.3948E-08 2.4495E-08 2.5018E-08 2.5519E-08 2.5989E-08 2.6442E-08 2.7210E-08 2.7290E-08 2.7706E-08 2.8119E-08 2.8522E-08 2.8923E-08 2.9320E-08 2.9742E-08 3.0134E-08 3.0464E-08 3.0681E-08 3.0809E-08 3.0831E-08 3.0724E-08 3.0451E-08 3.0029E-08 2.9387E-08 2.8559E-08
5.7791E-09 6.0715E-09 6.3800E-09 6.6997E-09 7.0353E-09 7.3914E-09 7.7607E-09 8.1477E-09 8.5570E-09 8.9822E-09 9.4320E-09 9.8984E-09 1.0389E-08 1.0889E-08 1.1422E-08 1.1964E-08 1.2531E-08 1.3112E-08 1.3716E-08 1.4327E-08 1.4957E-08 1.5593E-08 1.6246E-08 1.6902E-08 1.7555E-08 1.8209E-08 1.8849E-08 1.9481E-08 2.0104E-08 2.0697E-08 2.1276E-08 2.1828E-08 2.2353E-08 2.2860E-08 2.3335E-08 2.3775E-08 2.4188E-08 2.4564E-08 2.4913E-08 2.5224E-08 2.5692E-08 2.5822E-08 2.6100E-08 2.6361E-08 2.6612E-08 2.6848E-08 2.7086E-08 2.7306E-08 2.7495E-08 2.7604E-08 2.7608E-08 2.7522E-08 2.7291E-08 2.6930E-08 2.6380E-08 2.5655E-08 2.4739E-08
