Assets/Resources/2015_m01_d08_0000(utc+0800)_l00_csi_1hr_conc.grd
DSAA
         159         159
     -79.000      79.000
     -79.000      79.000
  0.0000E+00  0.1219E-04
[rows 25 to 49 of 159, columns 0 to 56 of 159]
8.7027E-11 1.0290E-10 1.1647E-10 1.2874E-10 1.4192E-10 1.5659E-10 1.7182E-10 1.8858E-10 2.0553E-10 2.2452E-10 2.4423E-10 2.6508E-10 2.8766E-10 3.1045E-10 3.3601E-10 3.7291E-10 4.0117E-10 4.3091E-10 4.6211E-10 4.9468E-10 5.3437E-10 5.7974E-10 6.2669E-10 7.0605E-10 7.5467E-10 8.0579E-10 8.5983E-10 9.1632E-10 9.7531E-10 1.0657E-09 1.1706E-09 1.2679E-09 1.3639E-09 1.4777E-09 1.5889E-09 1.7158E-09 1.8750E-09 2.0467E-09 2.2278E-09 2.4229E-09 2.6190E-09 2.8194E-09 3.0313E-09 3.2591E-09 3.5027E-09 3.7556E-09 4.0234E-09 4.3047E-09 4.5982E-09 4.8998E-09 5.2113E-09 5.5298E-09 5.8544E-09 6.1808E-09 6.5122E-09 6.8462E-09 7.1797E-09
9.4512E-11 1.0860E-10 1.2058E-10 1.3257E-10 1.4685E-10 1.6079E-10 1.7663E-10 1.9310E-10 2.1063E-10 2.2976E-10 2.4906E-10 2.7049E-10 2.9264E-10 3.1645E-10 3.4484E-10 3.7858E-10 4.0701E-10 4.3677E-10 4.6787E-10 5.0169E-10 5.4145E-10 5.8542E-10 6.3244E-10 7.1291E-10 7.6159E-10 8.1313E-10 8.6723E-10 9.2357E-10 9.8988E-10 1.1039E-09 1.2001E-09 1.2903E-09 1.3953E-09 1.5067E-09 1.6311E-09 1.7606E-09 1.9522E-09 2.1216E-09 2.3169E-09 2.5147E-09 2.7136E-09 2.9249E-09 3.1551E-09 3.3986E-09 3.6550E-09 3.9276E-09 4.2175E-09 4.5176E-09 4.8288E-09 5.1539E-09 5.4865E-09 5.8253E-09 6.1719E-09 6.5257E-09 6.8814E-09 7.2387E-09 7.5921E-09
9.9410E-11 1.1289E-10 1.2419E-10 1.3723E-10 1.5081E-10 1.6533E-10 1.8133E-10 1.9746E-10 2.1557E-10 2.3433E-10 2.5417E-10 2.7568E-10 2.9783E-10 3.2167E-10 3.5365E-10 3.8418E-10 4.1255E-10 4.4223E-10 4.7320E-10 5.0836E-10 5.4826E-10 5.9233E-10 6.6124E-10 7.1939E-10 7.6838E-10 8.2004E-10 8.7400E-10 9.3076E-10 1.0322E-09 1.1267E-09 1.2205E-09 1.3179E-09 1.4226E-09 1.5433E-09 1.6673E-09 1.8348E-09 2.0137E-09 2.2040E-09 2.4066E-09 2.6029E-09 2.8121E-09 3.0417E-09 3.2860E-09 3.5439E-09 3.8218E-09 4.1147E-09 4.4215E-09 4.7428E-09 5.0762E-09 5.4217E-09 5.7753E-09 6.1412E-09 6.5163E-09 6.8940E-09 7.2728E-09 7.6544E-09 8.0303E-09
1.0524E-10 1.1628E-10 1.2815E-10 1.4136E-10 1.5464E-10 1.6975E-10 1.8544E-10 2.0212E-10 2.2034E-10 2.3868E-10 2.5955E-10 2.8013E-10 3.0278E-10 3.3345E-10 3.6241E-10 3.8944E-10 4.1773E-10 4.4729E-10 4.7949E-10 5.1468E-10 5.5338E-10 5.9744E-10 6.7368E-10 7.2555E-10 7.7482E-10 8.2642E-10 8.8044E-10 9.4438E-10 1.0569E-09 1.1451E-09 1.2435E-09 1.3444E-09 1.4626E-09 1.5807E-09 1.7185E-09 1.9102E-09 2.0896E-09 2.2871E-09 2.4879E-09 2.6960E-09 2.9214E-09 3.1649E-09 3.4228E-09 3.7023E-09 3.9985E-09 4.3097E-09 4.6372E-09 4.9811E-09 5.3357E-09 5.7052E-09 6.0887E-09 6.4807E-09 6.8795E-09 7.2831E-09 7.6876E-09 8.0872E-09 8.4775E-09
1.0882E-10 1.1959E-10 1.3204E-10 1.4498E-10 1.5881E-10 1.7406E-10 1.8939E-10 2.0663E-10 2.2446E-10 2.4380E-10 2.6377E-10 2.8481E-10 3.1100E-10 3.4167E-10 3.6739E-10 3.9434E-10 4.2253E-10 4.5194E-10 4.8546E-10 5.2222E-10 5.5965E-10 6.0228E-10 6.8184E-10 7.3157E-10 7.8090E-10 8.3226E-10 8.8682E-10 9.8572E-10 1.0782E-09 1.1634E-09 1.2692E-09 1.3734E-09 1.4949E-09 1.6183E-09 1.7723E-09 1.9692E-09 2.1609E-09 2.3696E-09 2.5714E-09 2.7954E-09 3.0360E-09 3.2926E-09 3.5715E-09 3.8689E-09 4.1823E-09 4.5160E-09 4.8645E-09 5.2279E-09 5.6115E-09 6.0101E-09 6.4194E-09 6.8354E-09 7.2631E-09 7.6880E-09 8.1087E-09 8.5220E-09 8.9276E-09
1.1194E-10 1.2325E-10 1.3586E-10 1.4848E-10 1.6287E-10 1.7779E-10 1.9365E-10 2.1098E-10 2.2885E-10 2.4824E-10 2.6775E-10 2.8926E-10 3.1872E-10 3.4639E-10 3.7205E-10 3.9890E-10 4.2695E-10 4.5757E-10 4.9251E-10 5.2804E-10 5.6566E-10 6.0838E-10 6.9026E-10 7.3725E-10 7.8634E-10 8.3802E-10 8.9296E-10 1.0088E-09 1.0949E-09 1.1944E-09 1.2917E-09 1.4040E-09 1.5300E-09 1.6596E-09 1.8516E-09 2.0433E-09 2.2449E-09 2.4455E-09 2.6645E-09 2.9010E-09 3.1540E-09 3.4307E-09 3.7266E-09 4.0402E-09 4.3757E-09 4.7284E-09 5.0997E-09 5.4935E-09 5.9056E-09 6.3286E-09 6.7648E-09 7.2076E-09 7.6524E-09 8.0933E-09 8.5287E-09 8.9585E-09 9.3782E-09
1.1497E-10 1.2684E-10 1.3916E-10 1.5231E-10 1.6683E-10 1.8137E-10 1.9821E-10 2.1469E-10 2.3306E-10 2.5202E-10 2.7197E-10 2.9698E-10 3.2641E-10 3.5082E-10 3.7638E-10 4.0311E-10 4.3100E-10 4.6291E-10 4.9800E-10 5.3369E-10 5.7133E-10 6.1765E-10 6.9553E-10 7.4249E-10 7.9150E-10 8.4365E-10 9.3292E-10 1.0285E-09 1.1113E-09 1.2146E-09 1.3206E-09 1.4370E-09 1.5636E-09 1.7057E-09 1.9092E-09 2.1059E-09 2.3176E-09 2.5299E-09 2.7607E-09 3.0086E-09 3.2807E-09 3.5730E-09 3.8845E-09 4.2195E-09 4.5736E-09 4.9517E-09 5.3536E-09 5.7752E-09 6.2093E-09 6.6602E-09 7.1197E-09 7.5798E-09 8.0393E-09 8.4971E-09 8.9500E-09 9.3911E-09 9.8233E-09
1.1835E-10 1.3036E-10 1.4235E-10 1.5646E-10 1.7021E-10 1.8570E-10 2.0173E-10 2.1868E-10 2.3708E-10 2.5556E-10 2.7644E-10 3.0421E-10 3.3061E-10 3.5493E-10 3.8039E-10 4.0697E-10 4.3731E-10 4.6935E-10 5.0319E-10 5.3904E-10 5.7683E-10 6.3495E-10 7.0056E-10 7.4724E-10 7.9656E-10 8.4904E-10 9.5874E-10 1.0434E-09 1.1337E-09 1.2333E-09 1.3451E-09 1.4691E-09 1.5981E-09 1.7707E-09 1.9776E-09 2.1842E-09 2.3914E-09 2.6164E-09 2.8579E-09 3.1233E-09 3.4097E-09 3.7167E-09 4.0487E-09 4.4042E-09 4.7838E-09 5.1921E-09 5.6185E-09 6.0632E-09 6.5233E-09 6.9958E-09 7.4697E-09 7.9454E-09 8.4225E-09 8.8952E-09 9.3596E-09 9.8162E-09 1.0264E-08
1.2167E-10 1.3338E-10 1.4587E-10 1.5967E-10 1.7389E-10 1.8945E-10 2.0507E-10 2.2249E-10 2.4046E-10 2.5982E-10 2.8322E-10 3.1141E-10 3.3453E-10 3.5875E-10 3.8407E-10 4.1173E-10 4.4208E-10 4.7425E-10 5.0961E-10 5.4557E-10 5.8348E-10 6.4349E-10 7.0509E-10 7.5178E-10 8.0157E-10 8.5386E-10 9.7798E-10 1.0564E-09 1.1515E-09 1.2609E-09 1.3666E-09 1.5028E-09 1.6327E-09 1.8392E-09 2.0384E-09 2.2538E-09 2.4702E-09 2.7033E-09 2.9583E-09 3.2386E-09 3.5389E-09 3.8659E-09 4.2204E-09 4.5992E-09 5.0096E-09 5.4399E-09 5.8897E-09 6.3567E-09 6.8378E-09 7.3228E-09 7.8121E-09 8.3055E-09 8.7964E-09 9.2816E-09 9.7623E-09 1.0236E-08 1.0693E-08
1.2491E-10 1.3629E-10 1.4970E-10 1.6274E-10 1.7743E-10 1.9263E-10 2.0869E-10 2.2614E-10 2.4407E-10 2.6343E-10 2.9317E-10 3.1514E-10 3.3817E-10 3.6227E-10 3.8743E-10 4.1625E-10 4.4670E-10 4.8026E-10 5.1435E-10 5.5043E-10 5.8859E-10 6.5200E-10 7.0927E-10 7.5626E-10 8.0625E-10 9.0698E-10 9.9107E-10 1.0744E-09 1.1680E-09 1.2825E-09 1.4002E-09 1.5305E-09 1.6736E-09 1.9005E-09 2.1108E-09 2.3215E-09 2.5466E-09 2.7916E-09 3.0619E-09 3.3533E-09 3.6741E-09 4.0237E-09 4.4015E-09 4.8064E-09 5.2406E-09 5.6908E-09 6.1615E-09 6.6478E-09 7.1404E-09 7.6410E-09 8.1486E-09 8.6537E-09 9.1577E-09 9.6601E-09 1.0155E-08 1.0637E-08 1.1106E-08
1.2766E-10 1.3952E-10 1.5261E-10 1.6609E-10 1.8086E-10 1.9564E-10 2.1215E-10 2.2916E-10 2.4750E-10 2.7293E-10 2.9672E-10 3.1861E-10 3.4153E-10 3.6548E-10 3.9170E-10 4.2051E-10 4.5233E-10 4.8474E-10 5.1894E-10 5.5502E-10 5.9353E-10 6.5866E-10 7.1326E-10 7.6066E-10 8.1050E-10 9.1767E-10 1.0007E-09 1.0933E-09 1.1971E-09 1.3010E-09 1.4273E-09 1.5619E-09 1.7358E-09 1.9549E-09 2.1736E-09 2.3893E-09 2.6214E-09 2.8800E-09 3.1640E-09 3.4750E-09 3.8202E-09 4.1909E-09 4.5927E-09 5.0222E-09 5.4707E-09 5.9404E-09 6.4284E-09 6.9259E-09 7.4333E-09 7.9508E-09 8.4683E-09 8.9892E-09 9.5092E-09 1.0025E-08 1.0528E-08 1.1021E-08 1.1503E-08
1.3032E-10 1.4306E-10 1.5540E-10 1.6933E-10 1.8372E-10 1.9892E-10 2.1545E-10 2.3242E-10 2.5386E-10 2.7925E-10 3.0003E-10 3.2181E-10 3.4460E-10 3.6839E-10 3.9573E-10 4.2589E-10 4.5656E-10 4.8895E-10 5.2325E-10 5.5948E-10 5.9819E-10 6.6498E-10 7.1721E-10 7.6483E-10 8.1429E-10 9.3524E-10 1.0114E-09 1.1053E-09 1.2176E-09 1.3292E-09 1.4586E-09 1.5964E-09 1.8027E-09 2.0150E-09 2.2335E-09 2.4537E-09 2.6972E-09 2.9738E-09 3.2735E-09 3.6091E-09 3.9718E-09 4.3650E-09 4.7888E-09 5.2318E-09 5.6973E-09 6.1831E-09 6.6823E-09 7.1925E-09 7.7167E-09 8.2444E-09 8.7776E-09 9.3119E-09 9.8452E-09 1.0367E-08 1.0882E-08 1.1387E-08 1.1870E-08
1.3367E-10 1.4570E-10 1.5846E-10 1.7245E-10 1.8642E-10 2.0248E-10 2.1814E-10 2.3550E-10 2.5978E-10 2.8241E-10 3.0310E-10 3.2476E-10 3.4740E-10 3.7222E-10 3.9954E-10 4.2978E-10 4.6054E-10 4.9302E-10 5.2730E-10 5.6383E-10 6.0429E-10 6.7241E-10 7.2112E-10 7.6863E-10 8.1789E-10 9.4637E-10 1.0312E-09 1.1215E-09 1.2338E-09 1.3559E-09 1.4832E-09 1.6277E-09 1.8514E-09 2.0790E-09 2.2880E-09 2.5185E-09 2.7833E-09 3.0735E-09 3.3939E-09 3.7491E-09 4.1300E-09 4.5426E-09 4.9777E-09 5.4337E-09 5.9152E-09 6.4127E-09 6.9232E-09 7.4480E-09 7.9847E-09 8.5259E-09 9.0720E-09 9.6192E-09 1.0157E-08 1.0694E-08 1.1216E-08 1.1721E-08 1.2207E-08
1.3655E-10 1.4822E-10 1.6142E-10 1.7503E-10 1.8941E-10 2.0505E-10 2.2109E-10 2.4147E-10 2.6569E-10 2.8534E-10 3.0592E-10 3.2745E-10 3.4992E-10 3.7583E-10 4.0446E-10 4.3355E-10 4.6428E-10 4.9817E-10 5.3120E-10 5.6951E-10 6.1465E-10 6.7960E-10 7.2488E-10 7.7202E-10 8.7266E-10 9.5449E-10 1.0452E-09 1.1460E-09 1.2577E-09 1.3765E-09 1.5151E-09 1.6560E-09 1.9013E-09 2.1266E-09 2.3460E-09 2.5945E-09 2.8742E-09 3.1801E-09 3.5233E-09 3.8909E-09 4.2882E-09 4.7131E-09 5.1585E-09 5.6317E-09 6.1226E-09 6.6294E-09 7.1544E-09 7.6928E-09 8.2385E-09 8.7925E-09 9.3494E-09 9.9016E-09 1.0452E-08 1.0993E-08 1.1517E-08 1.2024E-08 1.2508E-08
1.3895E-10 1.5103E-10 1.6427E-10 1.7747E-10 1.9266E-10 2.0745E-10 2.2387E-10 2.4701E-10 2.6850E-10 2.8805E-10 3.0851E-10 3.2988E-10 3.5335E-10 3.8044E-10 4.0793E-10 4.3709E-10 4.6921E-10 5.0042E-10 5.3637E-10 5.7355E-10 6.1970E-10 6.8303E-10 7.2835E-10 7.7561E-10 8.8197E-10 9.6283E-10 1.0559E-09 1.1596E-09 1.2778E-09 1.3958E-09 1.5398E-09 1.7202E-09 1.9582E-09 2.1783E-09 2.4106E-09 2.6774E-09 2.9713E-09 3.2958E-09 3.6498E-09 4.0296E-09 4.4414E-09 4.8746E-09 5.3332E-09 5.8168E-09 6.3168E-09 6.8362E-09 7.3742E-09 7.9210E-09 8.4780E-09 9.0422E-09 9.6028E-09 1.0163E-08 1.0720E-08 1.1260E-08 1.1785E-08 1.2289E-08 1.2761E-08
1.4124E-10 1.5373E-10 1.6659E-10 1.8017E-10 1.9497E-10 2.1011E-10 2.2947E-10 2.5255E-10 2.7110E-10 2.9053E-10 3.1085E-10 3.3206E-10 3.5658E-10 3.8373E-10 4.1128E-10 4.4041E-10 4.7259E-10 5.0526E-10 5.4011E-10 5.7846E-10 6.2605E-10 6.8661E-10 7.3204E-10 7.7966E-10 8.9036E-10 9.7122E-10 1.0664E-09 1.1724E-09 1.2975E-09 1.4155E-09 1.5623E-09 1.7635E-09 2.0191E-09 2.2368E-09 2.4871E-09 2.7661E-09 3.0706E-09 3.4096E-09 3.7724E-09 4.1658E-09 4.5850E-09 5.0273E-09 5.4996E-09 5.9908E-09 6.5018E-09 7.0343E-09 7.5782E-09 8.1343E-09 8.7017E-09 9.2672E-09 9.8355E-09 1.0401E-08 1.0955E-08 1.1494E-08 1.2015E-08 1.2506E-08 1.2974E-08
1.4380E-10 1.5633E-10 1.6878E-10 1.8316E-10 1.9711E-10 2.1262E-10 2.3465E-10 2.5504E-10 2.7349E-10 2.9279E-10 3.1296E-10 3.3513E-10 3.6080E-10 3.8683E-10 4.1565E-10 4.4491E-10 4.7581E-10 5.0846E-10 5.4479E-10 5.8410E-10 6.3805E-10 6.9044E-10 7.3602E-10 7.8402E-10 9.0805E-10 9.9469E-10 1.0871E-09 1.1950E-09 1.3116E-09 1.4416E-09 1.5892E-09 1.8149E-09 2.0713E-09 2.3021E-09 2.5669E-09 2.8544E-09 3.1722E-09 3.5174E-09 3.8897E-09 4.2942E-09 4.7201E-09 5.1760E-09 5.6558E-09 6.1551E-09 6.6766E-09 7.2152E-09 7.7675E-09 8.3305E-09 8.9010E-09 9.4686E-09 1.0044E-08 1.0605E-08 1.1156E-08 1.1690E-08 1.2197E-08 1.2685E-08 1.3149E-08
1.4627E-10 1.5842E-10 1.7124E-10 1.8522E-10 1.9951E-10 2.1787E-10 2.3984E-10 2.5734E-10 2.7567E-10 2.9484E-10 3.1484E-10 3.3803E-10 3.6374E-10 3.8981E-10 4.1866E-10 4.4789E-10 4.7883E-10 5.1165E-10 5.5055E-10 5.9232E-10 6.5069E-10 6.9451E-10 7.4027E-10 7.8852E-10 9.1466E-10 1.0024E-09 1.0989E-09 1.2072E-09 1.3293E-09 1.4673E-09 1.6369E-09 1.8912E-09 2.1292E-09 2.3722E-09 2.6447E-09 2.9396E-09 3.2689E-09 3.6215E-09 4.0046E-09 4.4135E-09 4.8492E-09 5.3163E-09 5.8017E-09 6.3089E-09 6.8391E-09 7.3829E-09 7.9407E-09 8.5087E-09 9.0759E-09 9.6495E-09 1.0217E-08 1.0775E-08 1.1320E-08 1.1840E-08 1.2344E-08 1.2826E-08 1.3279E-08
1.4864E-10 1.6039E-10 1.7398E-10 1.8713E-10 2.0177E-10 2.2273E-10 2.4205E-10 2.5945E-10 2.7765E-10 2.9666E-10 3.1759E-10 3.4189E-10 3.6650E-10 3.9380E-10 4.2148E-10 4.5073E-10 4.8164E-10 5.1726E-10 5.5585E-10 6.0254E-10 6.5481E-10 6.9864E-10 7.4440E-10 8.0685E-10 9.2041E-10 1.0092E-09 1.1110E-09 1.2270E-09 1.3554E-09 1.4995E-09 1.6771E-09 1.9453E-09 2.1887E-09 2.4437E-09 2.7191E-09 3.0248E-09 3.3603E-09 3.7191E-09 4.1127E-09 4.5287E-09 4.9752E-09 5.4460E-09 5.9376E-09 6.4550E-09 6.9861E-09 7.5354E-09 8.0961E-09 8.6601E-09 9.2274E-09 9.7976E-09 1.0356E-08 1.0907E-08 1.1441E-08 1.1956E-08 1.2454E-08 1.2924E-08 1.3372E-08
1.5053E-10 1.6262E-10 1.7582E-10 1.8930E-10 2.0670E-10 2.2758E-10 2.4408E-10 2.6136E-10 2.7943E-10 2.9828E-10 3.2123E-10 3.4451E-10 3.7031E-10 3.9647E-10 4.2412E-10 4.5339E-10 4.8576E-10 5.2114E-10 5.6121E-10 6.1202E-10 6.5881E-10 7.0243E-10 7.4811E-10 8.1409E-10 9.2649E-10 1.0184E-09 1.1270E-09 1.2521E-09 1.3848E-09 1.5365E-09 1.7255E-09 2.0000E-09 2.2471E-09 2.5096E-09 2.7917E-09 3.1086E-09 3.4471E-09 3.8160E-09 4.2149E-09 4.6372E-09 5.0924E-09 5.5668E-09 6.0632E-09 6.5841E-09 7.1194E-09 7.6688E-09 8.2263E-09 8.7845E-09 9.3526E-09 9.9108E-09 1.0465E-08 1.1004E-08 1.1525E-08 1.2038E-08 1.2522E-08 1.2987E-08 1.3435E-08
1.5230E-10 1.6513E-10 1.7753E-10 1.9134E-10 2.1125E-10 2.2954E-10 2.4594E-10 2.6309E-10 2.8101E-10 3.0075E-10 3.2372E-10 3.4698E-10 3.7280E-10 3.9897E-10 4.2662E-10 4.5586E-10 4.8942E-10 5.2611E-10 5.7580E-10 6.2057E-10 6.6246E-10 7.0583E-10 7.5140E-10 8.3604E-10 9.3483E-10 1.0346E-09 1.1583E-09 1.2789E-09 1.4153E-09 1.5758E-09 1.7805E-09 2.0595E-09 2.3071E-09 2.5731E-09 2.8613E-09 3.1864E-09 3.5315E-09 3.9102E-09 4.3116E-09 4.7413E-09 5.2001E-09 5.6774E-09 6.1814E-09 6.6997E-09 7.2353E-09 7.7816E-09 8.3299E-09 8.8868E-09 9.4426E-09 9.9944E-09 1.0538E-08 1.1064E-08 1.1582E-08 1.2080E-08 1.2557E-08 1.3022E-08 1.3454E-08
1.5433E-10 1.6679E-10 1.7949E-10 1.9597E-10 2.1579E-10 2.3134E-10 2.4762E-10 2.6464E-10 2.8239E-10 3.0307E-10 3.2607E-10 3.5046E-10 3.7517E-10 4.0130E-10 4.2896E-10 4.5961E-10 4.9280E-10 5.3614E-10 5.8458E-10 6.2405E-10 6.6568E-10 7.0885E-10 7.5425E-10 8.6055E-10 9.4766E-10 1.0569E-09 1.1824E-09 1.3058E-09 1.4520E-09 1.6127E-09 1.8233E-09 2.1147E-09 2.3669E-09 2.6347E-09 2.9328E-09 3.2617E-09 3.6118E-09 3.9964E-09 4.4026E-09 4.8404E-09 5.2984E-09 5.7776E-09 6.2815E-09 6.7988E-09 7.3289E-09 7.8667E-09 8.4062E-09 8.9594E-09 9.5038E-09 1.0049E-08 1.0576E-08 1.1095E-08 1.1603E-08 1.2090E-08 1.2565E-08 1.3016E-08 1.3438E-08
1.5664E-10 1.6831E-10 1.8134E-10 2.0022E-10 2.1754E-10 2.3298E-10 2.4914E-10 2.6600E-10 2.8461E-10 3.0631E-10 3.2827E-10 3.5268E-10 3.7738E-10 4.0350E-10 4.3112E-10 4.6291E-10 4.9733E-10 5.4532E-10 5.8763E-10 6.2716E-10 6.6845E-10 7.1146E-10 7.7371E-10 8.7634E-10 9.6596E-10 1.0779E-09 1.2061E-09 1.3330E-09 1.4864E-09 1.6546E-09 1.8790E-09 2.1679E-09 2.4223E-09 2.6961E-09 3.0041E-09 3.3339E-09 3.6908E-09 4.0780E-09 4.4869E-09 4.9283E-09 5.3861E-09 5.8665E-09 6.3655E-09 6.8777E-09 7.4005E-09 7.9267E-09 8.4645E-09 9.0034E-09 9.5381E-09 1.0069E-08 1.0585E-08 1.1100E-08 1.1592E-08 1.2075E-08 1.2540E-08 1.2977E-08 1.3391E-08
1.5812E-10 1.6972E-10 1.8307E-10 2.0448E-10 2.1913E-10 2.3446E-10 2.5048E-10 2.6719E-10 2.8669E-10 3.0841E-10 3.3037E-10 3.5478E-10 3.7944E-10 4.0555E-10 4.3453E-10 4.6591E-10 5.0686E-10 5.5362E-10 5.9039E-10 6.2984E-10 6.7085E-10 7.1997E-10 8.1319E-10 8.9776E-10 9.8805E-10 1.1040E-09 1.2299E-09 1.3692E-09 1.5228E-09 1.6981E-09 1.9489E-09 2.2177E-09 2.4765E-09 2.7559E-09 3.0689E-09 3.4030E-09 3.7674E-09 4.1538E-09 4.5641E-09 5.0057E-09 5.4613E-09 5.9395E-09 6.4310E-09 6.9344E-09 7.4476E-09 7.9641E-09 8.4962E-09 9.0205E-09 9.5490E-09 1.0062E-08 1.0573E-08 1.1070E-08 1.1554E-08 1.2032E-08 1.2481E-08 1.2909E-08 1.3318E-08
1.5948E-10 1.7176E-10 1.8966E-10 2.0603E-10 2.2057E-10 2.3578E-10 2.5165E-10 2.6918E-10 2.8865E-10 3.1038E-10 3.3343E-10 3.5674E-10 3.8138E-10 4.0745E-10 4.3753E-10 4.7099E-10 5.1679E-10 5.5605E-10 5.9284E-10 6.3219E-10 6.7287E-10 7.4648E-10 8.3321E-10 9.1138E-10 1.0160E-09 1.1262E-09 1.2566E-09 1.4016E-09 1.5546E-09 1.7400E-09 1.9999E-09 2.2663E-09 2.5300E-09 2.8143E-09 3.1311E-09 3.4680E-09 3.8355E-09 4.2223E-09 4.6384E-09 5.0706E-09 5.5209E-09 5.9934E-09 6.4774E-09 6.9731E-09 7.4735E-09 7.9829E-09 8.5024E-09 9.0164E-09 9.5292E-09 1.0030E-08 1.0533E-08 1.1017E-08 1.1495E-08 1.1957E-08 1.2395E-08 1.2817E-08 1.3216E-08
