Assets/Resources/2015_m01_d25_0200(utc+0800)_l00_csi_1hr_conc.grd
DSAA
         159         159
     -79.000      79.000
     -79.000      79.000
  0.0000E+00  0.3792E-05
[rows 0 to 24 of 159, columns 0 to 56 of 159]
7.0961E-10 8.3490E-10 9.7440E-10 1.1291E-09 1.3000E-09 1.4858E-09 1.6896E-09 1.9083E-09 2.1402E-09 2.3869E-09 2.6456E-09 2.9144E-09 3.1940E-09 3.4811E-09 3.7742E-09 4.0715E-09 4.3685E-09 4.6654E-09 4.9582E-09 5.2419E-09 5.5160E-09 5.7758E-09 6.0164E-09 6.2379E-09 6.4361E-09 6.6075E-09 6.7492E-09 6.8601E-09 6.9372E-09 6.9776E-09 6.9793E-09 6.9434E-09 6.8672E-09 6.7512E-09 6.5956E-09 6.4016E-09 6.1728E-09 5.9111E-09 5.6199E-09 5.3048E-09 4.9709E-09 4.6229E-09 4.2663E-09 3.9059E-09 3.5472E-09 3.1947E-09 2.8535E-09 2.5271E-09 2.2185E-09 1.9304E-09 1.6656E-09 1.4237E-09 1.2053E-09 1.0081E-09 8.2570E-10 6.7275E-10 5.4397E-10
7.1561E-10 8.4253E-10 9.8387E-10 1.1409E-09 1.3143E-09 1.5035E-09 1.7107E-09 1.9337E-09 2.1708E-09 2.4228E-09 2.6892E-09 2.9668E-09 3.2556E-09 3.5526E-09 3.8581E-09 4.1676E-09 4.4799E-09 4.7924E-09 5.0996E-09 5.4009E-09 5.6928E-09 5.9695E-09 6.2308E-09 6.4740E-09 6.6926E-09 6.8851E-09 7.0506E-09 7.1840E-09 7.2819E-09 7.3436E-09 7.3672E-09 7.3499E-09 7.2906E-09 7.1882E-09 7.0454E-09 6.8612E-09 6.6367E-09 6.3761E-09 6.0834E-09 5.7625E-09 5.4182E-09 5.0562E-09 4.6818E-09 4.3010E-09 3.9192E-09 3.5416E-09 3.1730E-09 2.8183E-09 2.4815E-09 2.1661E-09 1.8742E-09 1.6069E-09 1.3636E-09 1.1439E-09 9.3983E-10 7.6750E-10 6.2260E-10
7.1661E-10 8.4429E-10 9.8650E-10 1.1447E-09 1.3195E-09 1.5107E-09 1.7199E-09 1.9460E-09 2.1870E-09 2.4437E-09 2.7161E-09 3.0003E-09 3.2965E-09 3.6033E-09 3.9186E-09 4.2390E-09 4.5637E-09 4.8880E-09 5.2095E-09 5.5266E-09 5.8337E-09 6.1295E-09 6.4112E-09 6.6725E-09 6.9133E-09 7.1303E-09 7.3177E-09 7.4736E-09 7.5969E-09 7.6829E-09 7.7287E-09 7.7323E-09 7.6939E-09 7.6114E-09 7.4830E-09 7.3110E-09 7.0963E-09 6.8421E-09 6.5513E-09 6.2278E-09 5.8769E-09 5.5047E-09 5.1162E-09 4.7171E-09 4.3137E-09 3.9118E-09 3.5175E-09 3.1355E-09 2.7704E-09 2.4258E-09 2.1048E-09 1.8104E-09 1.5415E-09 1.2974E-09 1.0721E-09 8.7930E-10 7.1582E-10
7.1258E-10 8.4012E-10 9.8222E-10 1.1404E-09 1.3155E-09 1.5072E-09 1.7176E-09 1.9456E-09 2.1886E-09 2.4481E-09 2.7250E-09 3.0141E-09 3.3165E-09 3.6304E-09 3.9522E-09 4.2817E-09 4.6156E-09 4.9503E-09 5.2852E-09 5.6156E-09 5.9377E-09 6.2512E-09 6.5505E-09 6.8328E-09 7.0954E-09 7.3338E-09 7.5451E-09 7.7277E-09 7.8756E-09 7.9859E-09 8.0573E-09 8.0877E-09 8.0721E-09 8.0102E-09 7.9015E-09 7.7465E-09 7.5459E-09 7.3008E-09 7.0153E-09 6.6939E-09 6.3406E-09 5.9607E-09 5.5602E-09 5.1454E-09 4.7226E-09 4.2982E-09 3.8784E-09 3.4686E-09 3.0743E-09 2.7008E-09 2.3512E-09 2.0278E-09 1.7312E-09 1.4600E-09 1.2108E-09 9.9503E-10 8.1168E-10
7.0360E-10 8.3012E-10 9.7111E-10 1.1283E-09 1.3023E-09 1.4934E-09 1.7034E-09 1.9317E-09 2.1753E-09 2.4363E-09 2.7152E-09 3.0068E-09 3.3133E-09 3.6309E-09 3.9579E-09 4.2940E-09 4.6348E-09 4.9791E-09 5.3240E-09 5.6655E-09 6.0030E-09 6.3315E-09 6.6469E-09 6.9497E-09 7.2330E-09 7.4937E-09 7.7307E-09 7.9374E-09 8.1111E-09 8.2504E-09 8.3505E-09 8.4062E-09 8.4171E-09 8.3812E-09 8.2968E-09 8.1616E-09 7.9775E-09 7.7469E-09 7.4716E-09 7.1556E-09 6.8036E-09 6.4202E-09 6.0116E-09 5.5840E-09 5.1438E-09 4.6980E-09 4.2535E-09 3.8171E-09 3.3948E-09 2.9918E-09 2.6118E-09 2.2589E-09 1.9348E-09 1.6365E-09 1.3620E-09 1.1235E-09 9.1889E-10
6.8983E-10 8.1433E-10 9.5312E-10 1.1082E-09 1.2802E-09 1.4693E-09 1.6776E-09 1.9045E-09 2.1469E-09 2.4074E-09 2.6856E-09 2.9773E-09 3.2858E-09 3.6052E-09 3.9357E-09 4.2751E-09 4.6205E-09 4.9725E-09 5.3251E-09 5.6769E-09 6.0256E-09 6.3674E-09 6.7008E-09 7.0201E-09 7.3224E-09 7.6069E-09 7.8671E-09 8.0995E-09 8.3025E-09 8.4701E-09 8.5983E-09 8.6845E-09 8.7262E-09 8.7185E-09 8.6596E-09 8.5500E-09 8.3893E-09 8.1781E-09 7.9190E-09 7.6143E-09 7.2689E-09 6.8866E-09 6.4736E-09 6.0365E-09 5.5827E-09 5.1193E-09 4.6532E-09 4.1918E-09 3.7415E-09 3.3089E-09 2.8993E-09 2.5165E-09 2.1613E-09 1.8314E-09 1.5289E-09 1.2647E-09 1.0374E-09
6.7108E-10 7.9284E-10 9.2870E-10 1.0806E-09 1.2493E-09 1.4352E-09 1.6402E-09 1.8641E-09 2.1033E-09 2.3610E-09 2.6370E-09 2.9268E-09 3.2345E-09 3.5537E-09 3.8844E-09 4.2254E-09 4.5748E-09 4.9297E-09 5.2873E-09 5.6480E-09 6.0062E-09 6.3595E-09 6.7062E-09 7.0414E-09 7.3642E-09 7.6695E-09 7.9522E-09 8.2120E-09 8.4427E-09 8.6393E-09 8.7993E-09 8.9181E-09 8.9906E-09 9.0144E-09 8.9875E-09 8.9069E-09 8.7733E-09 8.5856E-09 8.3462E-09 8.0567E-09 7.7206E-09 7.3435E-09 6.9311E-09 6.4892E-09 6.0248E-09 5.5455E-09 5.0591E-09 4.5734E-09 4.0968E-09 3.6353E-09 3.1956E-09 2.7810E-09 2.3953E-09 2.0378E-09 1.7064E-09 1.4151E-09 1.1630E-09
6.4800E-10 7.6609E-10 8.9797E-10 1.0458E-09 1.2102E-09 1.3916E-09 1.5919E-09 1.8111E-09 2.0455E-09 2.2986E-09 2.5702E-09 2.8557E-09 3.1599E-09 3.4773E-09 3.8059E-09 4.1457E-09 4.4952E-09 4.8517E-09 5.2140E-09 5.5781E-09 5.9429E-09 6.3070E-09 6.6644E-09 7.0151E-09 7.3550E-09 7.6785E-09 7.9862E-09 8.2717E-09 8.5293E-09 8.7566E-09 8.9488E-09 9.1003E-09 9.2076E-09 9.2660E-09 9.2735E-09 9.2263E-09 9.1240E-09 8.9658E-09 8.7516E-09 8.4847E-09 8.1671E-09 7.8023E-09 7.3954E-09 6.9526E-09 6.4812E-09 5.9898E-09 5.4869E-09 4.9805E-09 4.4792E-09 3.9900E-09 3.5194E-09 3.0744E-09 2.6563E-09 2.2647E-09 1.9017E-09 1.5839E-09 1.3045E-09
6.2072E-10 7.3467E-10 8.6187E-10 1.0048E-09 1.1638E-09 1.3395E-09 1.5338E-09 1.7466E-09 1.9746E-09 2.2211E-09 2.4865E-09 2.7658E-09 3.0648E-09 3.3767E-09 3.7004E-09 4.0384E-09 4.3857E-09 4.7398E-09 5.1024E-09 5.4692E-09 5.8398E-09 6.2093E-09 6.5764E-09 6.9400E-09 7.2939E-09 7.6375E-09 7.9666E-09 8.2750E-09 8.5607E-09 8.8191E-09 9.0432E-09 9.2292E-09 9.3729E-09 9.4689E-09 9.5137E-09 9.5045E-09 9.4370E-09 9.3126E-09 9.1300E-09 8.8897E-09 8.5927E-09 8.2428E-09 7.8453E-09 7.4071E-09 6.9349E-09 6.4363E-09 5.9199E-09 5.3948E-09 4.8700E-09 4.3545E-09 3.8551E-09 3.3791E-09 2.9261E-09 2.5038E-09 2.1114E-09 1.7614E-09 1.4525E-09
5.9020E-10 6.9934E-10 8.2128E-10 9.5831E-10 1.1110E-09 1.2798E-09 1.4668E-09 1.6720E-09 1.8920E-09 2.1304E-09 2.3879E-09 2.6587E-09 2.9498E-09 3.2546E-09 3.5715E-09 3.9036E-09 4.2453E-09 4.5967E-09 4.9570E-09 5.3237E-09 5.6955E-09 6.0684E-09 6.4446E-09 6.8169E-09 7.1834E-09 7.5446E-09 7.8919E-09 8.2236E-09 8.5368E-09 8.8231E-09 9.0797E-09 9.3020E-09 9.4832E-09 9.6190E-09 9.7041E-09 9.7350E-09 9.7088E-09 9.6233E-09 9.4762E-09 9.2668E-09 8.9972E-09 8.6712E-09 8.2923E-09 7.8644E-09 7.3953E-09 6.8929E-09 6.3666E-09 5.8261E-09 5.2808E-09 4.7403E-09 4.2122E-09 3.7042E-09 3.2184E-09 2.7624E-09 2.3365E-09 1.9584E-09 1.6197E-09
5.5729E-10 6.6096E-10 7.7690E-10 9.0739E-10 1.0528E-09 1.2139E-09 1.3923E-09 1.5887E-09 1.7995E-09 2.0283E-09 2.2755E-09 2.5366E-09 2.8180E-09 3.1131E-09 3.4204E-09 3.7447E-09 4.0796E-09 4.4251E-09 4.7793E-09 5.1437E-09 5.5140E-09 5.8900E-09 6.2689E-09 6.6473E-09 7.0266E-09 7.3998E-09 7.7641E-09 8.1182E-09 8.4546E-09 8.7695E-09 9.0595E-09 9.3168E-09 9.5364E-09 9.7132E-09 9.8415E-09 9.9167E-09 9.9349E-09 9.8920E-09 9.7856E-09 9.6154E-09 9.3809E-09 9.0830E-09 8.7249E-09 8.3118E-09 7.8515E-09 7.3512E-09 6.8207E-09 6.2693E-09 5.7075E-09 5.1446E-09 4.5907E-09 4.0532E-09 3.5325E-09 3.0394E-09 2.5829E-09 2.1709E-09 1.7973E-09
5.2230E-10 6.2025E-10 7.2962E-10 8.5292E-10 9.9033E-10 1.1427E-09 1.3120E-09 1.4984E-09 1.6985E-09 1.9164E-09 2.1523E-09 2.4018E-09 2.6713E-09 2.9550E-09 3.2511E-09 3.5650E-09 3.8902E-09 4.2267E-09 4.5740E-09 4.9336E-09 5.2988E-09 5.6741E-09 6.0530E-09 6.4370E-09 6.8230E-09 7.2056E-09 7.5862E-09 7.9579E-09 8.3165E-09 8.6600E-09 8.9800E-09 9.2725E-09 9.5316E-09 9.7505E-09 9.9239E-09 1.0046E-08 1.0111E-08 1.0116E-08 1.0056E-08 9.9285E-09 9.7318E-09 9.4673E-09 9.1377E-09 8.7474E-09 8.3020E-09 7.8103E-09 7.2804E-09 6.7222E-09 6.1467E-09 5.5642E-09 4.9849E-09 4.4157E-09 3.8629E-09 3.3380E-09 2.8457E-09 2.4007E-09 1.9956E-09
4.8615E-10 5.7789E-10 6.8029E-10 7.9581E-10 9.2489E-10 1.0680E-09 1.2270E-09 1.4026E-09 1.5913E-09 1.7970E-09 2.0202E-09 2.2565E-09 2.5130E-09 2.7835E-09 3.0662E-09 3.3673E-09 3.6810E-09 4.0070E-09 4.3446E-09 4.6946E-09 5.0543E-09 5.4251E-09 5.8018E-09 6.1873E-09 6.5756E-09 6.9678E-09 7.3594E-09 7.7457E-09 8.1261E-09 8.4933E-09 8.8434E-09 9.1712E-09 9.4685E-09 9.7297E-09 9.9500E-09 1.0121E-08 1.0237E-08 1.0292E-08 1.0282E-08 1.0203E-08 1.0053E-08 9.8319E-09 9.5396E-09 9.1801E-09 8.7587E-09 8.2817E-09 7.7585E-09 7.1998E-09 6.6161E-09 6.0188E-09 5.4180E-09 4.8220E-09 4.2380E-09 3.6743E-09 3.1498E-09 2.6675E-09 2.2249E-09
4.4927E-10 5.3452E-10 6.2979E-10 7.3729E-10 8.5718E-10 9.9073E-10 1.1391E-09 1.3031E-09 1.4795E-09 1.6721E-09 1.8817E-09 2.1039E-09 2.3460E-09 2.6015E-09 2.8694E-09 3.1566E-09 3.4561E-09 3.7680E-09 4.0943E-09 4.4332E-09 4.7844E-09 5.1456E-09 5.5189E-09 5.9018E-09 6.2912E-09 6.6879E-09 7.0864E-09 7.4872E-09 7.8845E-09 8.2741E-09 8.6530E-09 9.0119E-09 9.3470E-09 9.6526E-09 9.9194E-09 1.0140E-08 1.0308E-08 1.0419E-08 1.0463E-08 1.0439E-08 1.0340E-08 1.0165E-08 9.9147E-09 9.5911E-09 9.1979E-09 8.7413E-09 8.2323E-09 7.6791E-09 7.0924E-09 6.4839E-09 5.8637E-09 5.2404E-09 4.6251E-09 4.0305E-09 3.4704E-09 2.9484E-09 2.4691E-09
4.1235E-10 4.9098E-10 5.7870E-10 6.7820E-10 7.8809E-10 9.1227E-10 1.0495E-09 1.2015E-09 1.3649E-09 1.5439E-09 1.7393E-09 1.9461E-09 2.1725E-09 2.4127E-09 2.6644E-09 2.9351E-09 3.2189E-09 3.5158E-09 3.8277E-09 4.1531E-09 4.4925E-09 4.8430E-09 5.2096E-09 5.5855E-09 5.9737E-09 6.3705E-09 6.7749E-09 7.1851E-09 7.5956E-09 8.0065E-09 8.4090E-09 8.7990E-09 9.1725E-09 9.5189E-09 9.8308E-09 1.0103E-08 1.0327E-08 1.0495E-08 1.0597E-08 1.0630E-08 1.0589E-08 1.0468E-08 1.0267E-08 9.9876E-09 9.6329E-09 9.2090E-09 8.7208E-09 8.1788E-09 7.5949E-09 6.9804E-09 6.3444E-09 5.6982E-09 5.0554E-09 4.4273E-09 3.8302E-09 3.2711E-09 2.7523E-09
3.7570E-10 4.4781E-10 5.2818E-10 6.1909E-10 7.2001E-10 8.3397E-10 9.5962E-10 1.0992E-09 1.2497E-09 1.4145E-09 1.5946E-09 1.7861E-09 1.9964E-09 2.2191E-09 2.4536E-09 2.7073E-09 2.9740E-09 3.2534E-09 3.5485E-09 3.8595E-09 4.1842E-09 4.5223E-09 4.8767E-09 5.2450E-09 5.6285E-09 6.0220E-09 6.4287E-09 6.8435E-09 7.2668E-09 7.6933E-09 8.1175E-09 8.5376E-09 8.9439E-09 9.3293E-09 9.6887E-09 1.0013E-08 1.0292E-08 1.0517E-08 1.0682E-08 1.0778E-08 1.0798E-08 1.0737E-08 1.0592E-08 1.0365E-08 1.0055E-08 9.6650E-09 9.2050E-09 8.6835E-09 8.1100E-09 7.4948E-09 6.8496E-09 6.1862E-09 5.5165E-09 4.8602E-09 4.2286E-09 3.6244E-09 3.0605E-09
3.4006E-10 4.0539E-10 4.7856E-10 5.6123E-10 6.5276E-10 7.5570E-10 8.7090E-10 9.9801E-10 1.1351E-09 1.2858E-09 1.4507E-09 1.6258E-09 1.8192E-09 2.0248E-09 2.2412E-09 2.4767E-09 2.7244E-09 2.9855E-09 3.2628E-09 3.5565E-09 3.8637E-09 4.1877E-09 4.5279E-09 4.8860E-09 5.2601E-09 5.6487E-09 6.0534E-09 6.4706E-09 6.9022E-09 7.3396E-09 7.7844E-09 8.2293E-09 8.6656E-09 9.0908E-09 9.4950E-09 9.8688E-09 1.0203E-08 1.0490E-08 1.0719E-08 1.0880E-08 1.0966E-08 1.0970E-08 1.0890E-08 1.0720E-08 1.0460E-08 1.0118E-08 9.6974E-09 9.2029E-09 8.6482E-09 8.0403E-09 7.3900E-09 6.7104E-09 6.0201E-09 5.3343E-09 4.6632E-09 4.0199E-09 3.4099E-09
3.0504E-10 3.6456E-10 4.2991E-10 5.0499E-10 5.8756E-10 6.8026E-10 7.8164E-10 8.9875E-10 1.0228E-09 1.1591E-09 1.3088E-09 1.4680E-09 1.6442E-09 1.8321E-09 2.0297E-09 2.2462E-09 2.4750E-09 2.7164E-09 2.9740E-09 3.2483E-09 3.5379E-09 3.8453E-09 4.1691E-09 4.5130E-09 4.8758E-09 5.2572E-09 5.6553E-09 6.0727E-09 6.5063E-09 6.9543E-09 7.4146E-09 7.8787E-09 8.3447E-09 8.8052E-09 9.2508E-09 9.6727E-09 1.0064E-08 1.0411E-08 1.0704E-08 1.0935E-08 1.1091E-08 1.1167E-08 1.1155E-08 1.1051E-08 1.0858E-08 1.0573E-08 1.0199E-08 9.7457E-09 9.2180E-09 8.6247E-09 7.9773E-09 7.2925E-09 6.5866E-09 5.8748E-09 5.1724E-09 4.4821E-09 3.8227E-09
2.7187E-10 3.2475E-10 3.8351E-10 4.5006E-10 5.2464E-10 6.0772E-10 6.9846E-10 7.9844E-10 9.1452E-10 1.0366E-09 1.1709E-09 1.3143E-09 1.4733E-09 1.6431E-09 1.8225E-09 2.0198E-09 2.2282E-09 2.4492E-09 2.6872E-09 2.9414E-09 3.2109E-09 3.4992E-09 3.8059E-09 4.1333E-09 4.4826E-09 4.8521E-09 5.2413E-09 5.6551E-09 6.0879E-09 6.5422E-09 7.0118E-09 7.4939E-09 7.9850E-09 8.4766E-09 8.9609E-09 9.4306E-09 9.8748E-09 1.0282E-08 1.0642E-08 1.0941E-08 1.1172E-08 1.1323E-08 1.1388E-08 1.1362E-08 1.1238E-08 1.1018E-08 1.0705E-08 1.0299E-08 9.8065E-09 9.2386E-09 8.6066E-09 7.9239E-09 7.2071E-09 6.4740E-09 5.7317E-09 4.9996E-09 4.2900E-09
2.4020E-10 2.8679E-10 3.3911E-10 3.9873E-10 4.6480E-10 5.3867E-10 6.1921E-10 7.0766E-10 8.0531E-10 9.1942E-10 1.0389E-09 1.1662E-09 1.3091E-09 1.4611E-09 1.6217E-09 1.7993E-09 1.9882E-09 2.1888E-09 2.4057E-09 2.6389E-09 2.8874E-09 3.1562E-09 3.4439E-09 3.7518E-09 4.0851E-09 4.4410E-09 4.8194E-09 5.2247E-09 5.6540E-09 6.1091E-09 6.5848E-09 7.0813E-09 7.5913E-09 8.1099E-09 8.6298E-09 9.1432E-09 9.6385E-09 1.0104E-08 1.0529E-08 1.0901E-08 1.1208E-08 1.1440E-08 1.1589E-08 1.1643E-08 1.1603E-08 1.1464E-08 1.1218E-08 1.0872E-08 1.0432E-08 9.9017E-09 9.2933E-09 8.6201E-09 7.8982E-09 7.1448E-09 6.3716E-09 5.6008E-09 4.8397E-09
2.1048E-10 2.5154E-10 2.9747E-10 3.4993E-10 4.0837E-10 4.7355E-10 5.4444E-10 6.2257E-10 7.0648E-10 8.0237E-10 9.1396E-10 1.0262E-09 1.1522E-09 1.2873E-09 1.4300E-09 1.5886E-09 1.7577E-09 1.9377E-09 2.1333E-09 2.3456E-09 2.5729E-09 2.8200E-09 3.0866E-09 3.3755E-09 3.6911E-09 4.0300E-09 4.3937E-09 4.7878E-09 5.2111E-09 5.6618E-09 6.1405E-09 6.6449E-09 7.1701E-09 7.7112E-09 8.2630E-09 8.8158E-09 9.3573E-09 9.8794E-09 1.0370E-08 1.0813E-08 1.1200E-08 1.1517E-08 1.1752E-08 1.1902E-08 1.1953E-08 1.1893E-08 1.1731E-08 1.1460E-08 1.1082E-08 1.0599E-08 1.0025E-08 9.3782E-09 8.6652E-09 7.9038E-09 7.1094E-09 6.2939E-09 5.4851E-09
1.8261E-10 2.1876E-10 2.5888E-10 3.0449E-10 3.5553E-10 4.1261E-10 4.7479E-10 5.4289E-10 6.1633E-10 6.9579E-10 7.8945E-10 8.9518E-10 1.0053E-09 1.1236E-09 1.2492E-09 1.3892E-09 1.5386E-09 1.6988E-09 1.8741E-09 2.0648E-09 2.2699E-09 2.4957E-09 2.7411E-09 3.0089E-09 3.3037E-09 3.6243E-09 3.9726E-09 4.3524E-09 4.7640E-09 5.2076E-09 5.6853E-09 6.1925E-09 6.7280E-09 7.2854E-09 7.8647E-09 8.4498E-09 9.0361E-09 9.6124E-09 1.0163E-08 1.0679E-08 1.1147E-08 1.1548E-08 1.1883E-08 1.2128E-08 1.2272E-08 1.2316E-08 1.2249E-08 1.2062E-08 1.1756E-08 1.1343E-08 1.0827E-08 1.0214E-08 9.5195E-09 8.7513E-09 7.9336E-09 7.0906E-09 6.2305E-09
1.5737E-10 1.8794E-10 2.2312E-10 2.6267E-10 3.0635E-10 3.5626E-10 4.1015E-10 4.6960E-10 5.3302E-10 6.0188E-10 6.7464E-10 7.6811E-10 8.6905E-10 9.7171E-10 1.0802E-09 1.2029E-09 1.3342E-09 1.4746E-09 1.6292E-09 1.7992E-09 1.9834E-09 2.1870E-09 2.4102E-09 2.6562E-09 2.9300E-09 3.2309E-09 3.5601E-09 3.9227E-09 4.3206E-09 4.7549E-09 5.2245E-09 5.7300E-09 6.2705E-09 6.8397E-09 7.4391E-09 8.0541E-09 8.6798E-09 9.3011E-09 9.9130E-09 1.0499E-08 1.1044E-08 1.1541E-08 1.1971E-08 1.2315E-08 1.2573E-08 1.2727E-08 1.2763E-08 1.2679E-08 1.2473E-08 1.2147E-08 1.1701E-08 1.1137E-08 1.0474E-08 9.7276E-09 8.9100E-09 8.0425E-09 7.1441E-09
1.3339E-10 1.6037E-10 1.8984E-10 2.2398E-10 2.6179E-10 3.0397E-10 3.5105E-10 4.0200E-10 4.5709E-10 5.1589E-10 5.7848E-10 6.4474E-10 7.3784E-10 8.3228E-10 9.2530E-10 1.0311E-09 1.1446E-09 1.2668E-09 1.4022E-09 1.5518E-09 1.7148E-09 1.8963E-09 2.0978E-09 2.3221E-09 2.5734E-09 2.8526E-09 3.1620E-09 3.5061E-09 3.8868E-09 4.3060E-09 4.7646E-09 5.2658E-09 5.8035E-09 6.3788E-09 6.9925E-09 7.6315E-09 8.2880E-09 8.9553E-09 9.6221E-09 1.0272E-08 1.0900E-08 1.1485E-08 1.2011E-08 1.2470E-08 1.2843E-08 1.3111E-08 1.3267E-08 1.3302E-08 1.3214E-08 1.2987E-08 1.2628E-08 1.2143E-08 1.1538E-08 1.0828E-08 1.0023E-08 9.1431E-09 8.2117E-09
1.1222E-10 1.3477E-10 1.6005E-10 1.8884E-10 2.2097E-10 2.5696E-10 2.9682E-10 3.4066E-10 3.8776E-10 4.3809E-10 4.9124E-10 5.4754E-10 6.0690E-10 6.9868E-10 7.8466E-10 8.7482E-10 9.7192E-10 1.0767E-09 1.1938E-09 1.3239E-09 1.4666E-09 1.6277E-09 1.8071E-09 2.0084E-09 2.2377E-09 2.4954E-09 2.7826E-09 3.1055E-09 3.4675E-09 3.8697E-09 4.3129E-09 4.8029E-09 5.3343E-09 5.9095E-09 6.5307E-09 7.1873E-09 7.8685E-09 8.5745E-09 9.2889E-09 1.0003E-08 1.0706E-08 1.1378E-08 1.2008E-08 1.2578E-08 1.3069E-08 1.3465E-08 1.3759E-08 1.3936E-08 1.3976E-08 1.3878E-08 1.3634E-08 1.3253E-08 1.2727E-08 1.2074E-08 1.1310E-08 1.0445E-08 9.4968E-09
