Assets/Resources/2015_m01_d24_1500(utc+0800)_l00_csi_1hr_conc.grd
DSAA
         159         159
     -79.000      79.000
     -79.000      79.000
  0.1174E-10  0.2466E-05
[rows 50 to 74 of 159, columns 0 to 56 of 159]
2.8106E-09 2.9394E-09 3.0746E-09 3.2148E-09 3.3625E-09 3.5143E-09 3.6733E-09 3.8372E-09 4.0089E-09 4.1962E-09 4.3923E-09 4.5948E-09 4.8067E-09 5.0365E-09 5.2802E-09 5.5385E-09 5.8212E-09 6.1267E-09 6.4604E-09 6.8272E-09 7.2284E-09 7.6731E-09 8.1659E-09 8.7111E-09 9.3157E-09 9.9842E-09 1.0725E-08 1.1533E-08 1.2412E-08 1.3354E-08 1.4354E-08 1.5391E-08 1.6451E-08 1.7513E-08 1.8544E-08 1.9518E-08 2.0406E-08 2.1178E-08 2.1802E-08 2.2265E-08 2.2545E-08 2.2642E-08 2.2561E-08 2.2320E-08 2.1935E-08 2.1438E-08 2.0868E-08 2.0268E-08 1.9664E-08 1.9103E-08 1.8634E-08 1.8278E-08 1.8062E-08 1.8015E-08 1.8112E-08 1.8352E-08 1.8671E-08
2.6597E-09 2.7762E-09 2.8978E-09 3.0232E-09 3.1567E-09 3.2923E-09 3.4344E-09 3.5806E-09 3.7323E-09 3.8902E-09 4.0612E-09 4.2447E-09 4.4357E-09 4.6367E-09 4.8529E-09 5.0808E-09 5.3313E-09 5.6032E-09 5.9014E-09 6.2271E-09 6.5857E-09 6.9903E-09 7.4370E-09 7.9333E-09 8.4904E-09 9.1137E-09 9.8106E-09 1.0575E-08 1.1420E-08 1.2334E-08 1.3312E-08 1.4346E-08 1.5411E-08 1.6495E-08 1.7573E-08 1.8607E-08 1.9570E-08 2.0436E-08 2.1174E-08 2.1754E-08 2.2159E-08 2.2393E-08 2.2444E-08 2.2328E-08 2.2071E-08 2.1693E-08 2.1232E-08 2.0730E-08 2.0236E-08 1.9774E-08 1.9398E-08 1.9151E-08 1.9058E-08 1.9142E-08 1.9416E-08 1.9858E-08 2.0432E-08
2.5217E-09 2.6254E-09 2.7345E-09 2.8474E-09 2.9665E-09 3.0877E-09 3.2141E-09 3.3439E-09 3.4781E-09 3.6155E-09 3.7592E-09 3.9163E-09 4.0807E-09 4.2580E-09 4.4530E-09 4.6532E-09 4.8735E-09 5.1098E-09 5.3697E-09 5.6575E-09 5.9759E-09 6.3309E-09 6.7315E-09 7.1780E-09 7.6847E-09 8.2542E-09 8.8973E-09 9.6116E-09 1.0407E-08 1.1281E-08 1.2222E-08 1.3227E-08 1.4282E-08 1.5373E-08 1.6465E-08 1.7539E-08 1.8560E-08 1.9502E-08 2.0327E-08 2.1015E-08 2.1536E-08 2.1888E-08 2.2059E-08 2.2074E-08 2.1935E-08 2.1669E-08 2.1326E-08 2.0931E-08 2.0528E-08 2.0170E-08 1.9895E-08 1.9750E-08 1.9761E-08 1.9981E-08 2.0410E-08 2.1040E-08 2.1847E-08
2.3923E-09 2.4857E-09 2.5844E-09 2.6867E-09 2.7916E-09 2.9006E-09 3.0124E-09 3.1265E-09 3.2447E-09 3.3654E-09 3.4898E-09 3.6208E-09 3.7581E-09 3.9089E-09 4.0763E-09 4.2551E-09 4.4470E-09 4.6517E-09 4.8761E-09 5.1243E-09 5.3996E-09 5.7117E-09 6.0651E-09 6.4578E-09 6.9105E-09 7.4220E-09 8.0073E-09 8.6637E-09 9.3999E-09 1.0212E-08 1.1108E-08 1.2073E-08 1.3095E-08 1.4161E-08 1.5260E-08 1.6346E-08 1.7398E-08 1.8393E-08 1.9290E-08 2.0056E-08 2.0676E-08 2.1135E-08 2.1421E-08 2.1544E-08 2.1520E-08 2.1370E-08 2.1127E-08 2.0831E-08 2.0538E-08 2.0269E-08 2.0086E-08 2.0039E-08 2.0151E-08 2.0466E-08 2.1018E-08 2.1808E-08 2.2831E-08
2.2750E-09 2.3571E-09 2.4435E-09 2.5334E-09 2.6290E-09 2.7267E-09 2.8274E-09 2.9284E-09 3.0324E-09 3.1378E-09 3.2459E-09 3.3580E-09 3.4727E-09 3.5942E-09 3.7279E-09 3.8785E-09 4.0491E-09 4.2277E-09 4.4197E-09 4.6333E-09 4.8699E-09 5.1388E-09 5.4425E-09 5.7850E-09 6.1811E-09 6.6366E-09 7.1565E-09 7.7458E-09 8.4133E-09 9.1680E-09 9.9963E-09 1.0902E-08 1.1879E-08 1.2911E-08 1.3976E-08 1.5055E-08 1.6120E-08 1.7139E-08 1.8076E-08 1.8910E-08 1.9604E-08 2.0147E-08 2.0530E-08 2.0758E-08 2.0833E-08 2.0785E-08 2.0642E-08 2.0449E-08 2.0236E-08 2.0064E-08 1.9972E-08 1.9994E-08 2.0182E-08 2.0579E-08 2.1224E-08 2.2123E-08 2.3295E-08
2.1693E-09 2.2425E-09 2.3186E-09 2.3972E-09 2.4797E-09 2.5653E-09 2.6535E-09 2.7449E-09 2.8374E-09 2.9315E-09 3.0252E-09 3.1222E-09 3.2186E-09 3.3181E-09 3.4265E-09 3.5483E-09 3.6795E-09 3.8366E-09 4.0021E-09 4.1867E-09 4.3880E-09 4.6145E-09 4.8748E-09 5.1682E-09 5.5091E-09 5.9025E-09 6.3555E-09 6.8816E-09 7.4793E-09 8.1541E-09 8.9147E-09 9.7533E-09 1.0661E-08 1.1635E-08 1.2660E-08 1.3707E-08 1.4750E-08 1.5773E-08 1.6732E-08 1.7596E-08 1.8342E-08 1.8956E-08 1.9413E-08 1.9721E-08 1.9890E-08 1.9935E-08 1.9877E-08 1.9776E-08 1.9654E-08 1.9558E-08 1.9525E-08 1.9629E-08 1.9866E-08 2.0319E-08 2.1015E-08 2.1968E-08 2.3223E-08
2.0762E-09 2.1404E-09 2.2076E-09 2.2765E-09 2.3478E-09 2.4215E-09 2.4989E-09 2.5774E-09 2.6572E-09 2.7399E-09 2.8219E-09 2.9065E-09 2.9902E-09 3.0750E-09 3.1603E-09 3.2505E-09 3.3606E-09 3.4806E-09 3.6248E-09 3.7842E-09 3.9501E-09 4.1399E-09 4.3619E-09 4.6091E-09 4.8959E-09 5.2346E-09 5.6254E-09 6.0782E-09 6.6030E-09 7.2041E-09 7.8837E-09 8.6389E-09 9.4776E-09 1.0378E-08 1.1335E-08 1.2331E-08 1.3339E-08 1.4332E-08 1.5281E-08 1.6159E-08 1.6935E-08 1.7585E-08 1.8102E-08 1.8478E-08 1.8719E-08 1.8837E-08 1.8870E-08 1.8836E-08 1.8781E-08 1.8760E-08 1.8793E-08 1.8928E-08 1.9218E-08 1.9703E-08 2.0408E-08 2.1384E-08 2.2665E-08
1.9935E-09 2.0501E-09 2.1092E-09 2.1691E-09 2.2313E-09 2.2952E-09 2.3603E-09 2.4284E-09 2.4968E-09 2.5682E-09 2.6389E-09 2.7112E-09 2.7829E-09 2.8556E-09 2.9278E-09 3.0006E-09 3.0840E-09 3.1754E-09 3.2844E-09 3.4193E-09 3.5640E-09 3.7191E-09 3.8972E-09 4.1070E-09 4.3513E-09 4.6342E-09 4.9637E-09 5.3526E-09 5.8031E-09 6.3235E-09 6.9229E-09 7.5962E-09 8.3408E-09 9.1613E-09 1.0042E-08 1.0965E-08 1.1908E-08 1.2860E-08 1.3776E-08 1.4636E-08 1.5415E-08 1.6089E-08 1.6635E-08 1.7056E-08 1.7353E-08 1.7535E-08 1.7626E-08 1.7664E-08 1.7684E-08 1.7702E-08 1.7787E-08 1.7966E-08 1.8274E-08 1.8759E-08 1.9472E-08 2.0405E-08 2.1650E-08
1.9231E-09 1.9715E-09 2.0230E-09 2.0762E-09 2.1300E-09 2.1848E-09 2.2412E-09 2.2979E-09 2.3576E-09 2.4176E-09 2.4787E-09 2.5405E-09 2.6018E-09 2.6636E-09 2.7247E-09 2.7846E-09 2.8474E-09 2.9177E-09 2.9963E-09 3.0962E-09 3.2251E-09 3.3514E-09 3.4988E-09 3.6639E-09 3.8621E-09 4.1000E-09 4.3774E-09 4.7029E-09 5.0853E-09 5.5297E-09 6.0425E-09 6.6269E-09 7.2885E-09 8.0138E-09 8.8010E-09 9.6387E-09 1.0513E-08 1.1386E-08 1.2251E-08 1.3077E-08 1.3832E-08 1.4501E-08 1.5062E-08 1.5512E-08 1.5838E-08 1.6070E-08 1.6216E-08 1.6302E-08 1.6357E-08 1.6434E-08 1.6555E-08 1.6756E-08 1.7082E-08 1.7550E-08 1.8208E-08 1.9106E-08 2.0297E-08
1.8600E-09 1.9041E-09 1.9480E-09 1.9936E-09 2.0405E-09 2.0882E-09 2.1362E-09 2.1854E-09 2.2351E-09 2.2861E-09 2.3386E-09 2.3916E-09 2.4446E-09 2.4974E-09 2.5491E-09 2.5990E-09 2.6503E-09 2.7026E-09 2.7585E-09 2.8281E-09 2.9163E-09 3.0360E-09 3.1565E-09 3.2898E-09 3.4448E-09 3.6343E-09 3.8617E-09 4.1349E-09 4.4499E-09 4.8201E-09 5.2566E-09 5.7549E-09 6.3184E-09 6.9543E-09 7.6463E-09 8.3884E-09 9.1618E-09 9.9661E-09 1.0757E-08 1.1516E-08 1.2239E-08 1.2884E-08 1.3428E-08 1.3881E-08 1.4239E-08 1.4496E-08 1.4666E-08 1.4799E-08 1.4901E-08 1.5004E-08 1.5146E-08 1.5372E-08 1.5681E-08 1.6135E-08 1.6737E-08 1.7540E-08 1.8634E-08
1.8018E-09 1.8424E-09 1.8827E-09 1.9223E-09 1.9638E-09 2.0049E-09 2.0466E-09 2.0891E-09 2.1318E-09 2.1741E-09 2.2184E-09 2.2630E-09 2.3077E-09 2.3534E-09 2.3968E-09 2.4398E-09 2.4828E-09 2.5238E-09 2.5671E-09 2.6124E-09 2.6693E-09 2.7605E-09 2.8620E-09 2.9713E-09 3.0959E-09 3.2428E-09 3.4258E-09 3.6439E-09 3.9044E-09 4.2084E-09 4.5651E-09 4.9806E-09 5.4592E-09 5.9967E-09 6.5870E-09 7.2372E-09 7.9175E-09 8.6180E-09 9.3308E-09 1.0024E-08 1.0676E-08 1.1272E-08 1.1803E-08 1.2245E-08 1.2588E-08 1.2860E-08 1.3061E-08 1.3211E-08 1.3340E-08 1.3470E-08 1.3631E-08 1.3841E-08 1.4156E-08 1.4560E-08 1.5121E-08 1.5829E-08 1.6739E-08
1.7488E-09 1.7877E-09 1.8252E-09 1.8613E-09 1.8970E-09 1.9332E-09 1.9701E-09 2.0061E-09 2.0433E-09 2.0789E-09 2.1168E-09 2.1539E-09 2.1923E-09 2.2298E-09 2.2677E-09 2.3044E-09 2.3402E-09 2.3744E-09 2.4088E-09 2.4443E-09 2.4790E-09 2.5349E-09 2.6129E-09 2.7030E-09 2.8048E-09 2.9222E-09 3.0633E-09 3.2374E-09 3.4424E-09 3.6877E-09 3.9790E-09 4.3181E-09 4.7083E-09 5.1540E-09 5.6551E-09 6.1985E-09 6.7822E-09 7.3907E-09 8.0064E-09 8.6120E-09 9.2035E-09 9.7390E-09 1.0220E-08 1.0627E-08 1.0970E-08 1.1237E-08 1.1438E-08 1.1601E-08 1.1744E-08 1.1885E-08 1.2050E-08 1.2254E-08 1.2524E-08 1.2885E-08 1.3375E-08 1.4000E-08 1.4805E-08
1.7040E-09 1.7368E-09 1.7724E-09 1.8069E-09 1.8396E-09 1.8719E-09 1.9035E-09 1.9352E-09 1.9671E-09 1.9989E-09 2.0297E-09 2.0619E-09 2.0928E-09 2.1248E-09 2.1569E-09 2.1883E-09 2.2200E-09 2.2489E-09 2.2771E-09 2.3047E-09 2.3347E-09 2.3633E-09 2.4056E-09 2.4756E-09 2.5568E-09 2.6629E-09 2.7711E-09 2.9004E-09 3.0629E-09 3.2568E-09 3.4879E-09 3.7600E-09 4.0732E-09 4.4357E-09 4.8386E-09 5.2993E-09 5.7821E-09 6.2909E-09 6.8169E-09 7.3409E-09 7.8441E-09 8.3162E-09 8.7391E-09 9.1134E-09 9.4206E-09 9.6799E-09 9.8733E-09 1.0038E-08 1.0181E-08 1.0316E-08 1.0466E-08 1.0658E-08 1.0888E-08 1.1199E-08 1.1599E-08 1.2129E-08 1.2802E-08
1.6613E-09 1.6944E-09 1.7243E-09 1.7569E-09 1.7884E-09 1.8182E-09 1.8472E-09 1.8755E-09 1.9030E-09 1.9303E-09 1.9572E-09 1.9841E-09 2.0109E-09 2.0376E-09 2.0644E-09 2.0907E-09 2.1177E-09 2.1440E-09 2.1675E-09 2.1907E-09 2.2131E-09 2.2387E-09 2.2630E-09 2.2903E-09 2.3560E-09 2.4326E-09 2.5370E-09 2.6344E-09 2.7559E-09 2.9047E-09 3.0863E-09 3.3002E-09 3.5469E-09 3.8353E-09 4.1633E-09 4.5223E-09 4.9212E-09 5.3451E-09 5.7788E-09 6.2097E-09 6.6439E-09 7.0444E-09 7.4076E-09 7.7299E-09 8.0065E-09 8.2328E-09 8.4209E-09 8.5725E-09 8.7040E-09 8.8243E-09 8.9483E-09 9.1088E-09 9.3036E-09 9.5536E-09 9.8792E-09 1.0294E-08 1.0838E-08
1.6251E-09 1.6531E-09 1.6840E-09 1.7118E-09 1.7409E-09 1.7704E-09 1.7973E-09 1.8236E-09 1.8490E-09 1.8735E-09 1.8970E-09 1.9197E-09 1.9424E-09 1.9646E-09 1.9869E-09 2.0104E-09 2.0320E-09 2.0541E-09 2.0766E-09 2.0963E-09 2.1154E-09 2.1338E-09 2.1563E-09 2.1770E-09 2.2011E-09 2.2520E-09 2.3353E-09 2.4246E-09 2.5173E-09 2.6272E-09 2.7644E-09 2.9289E-09 3.1227E-09 3.3453E-09 3.5997E-09 3.8920E-09 4.2033E-09 4.5405E-09 4.9012E-09 5.2563E-09 5.6032E-09 5.9321E-09 6.2399E-09 6.5113E-09 6.7397E-09 6.9391E-09 7.1060E-09 7.2408E-09 7.3519E-09 7.4468E-09 7.5533E-09 7.6647E-09 7.8165E-09 8.0039E-09 8.2580E-09 8.5673E-09 8.9832E-09
1.5920E-09 1.6191E-09 1.6450E-09 1.6736E-09 1.6993E-09 1.7257E-09 1.7527E-09 1.7774E-09 1.8012E-09 1.8242E-09 1.8463E-09 1.8672E-09 1.8872E-09 1.9058E-09 1.9241E-09 1.9429E-09 1.9617E-09 1.9806E-09 2.0002E-09 2.0182E-09 2.0352E-09 2.0517E-09 2.0670E-09 2.0868E-09 2.1066E-09 2.1259E-09 2.1739E-09 2.2426E-09 2.3274E-09 2.4126E-09 2.5094E-09 2.6363E-09 2.7812E-09 2.9570E-09 3.1522E-09 3.3704E-09 3.6189E-09 3.8849E-09 4.1634E-09 4.4496E-09 4.7318E-09 4.9987E-09 5.2415E-09 5.4667E-09 5.6625E-09 5.8196E-09 5.9536E-09 6.0671E-09 6.1547E-09 6.2296E-09 6.2997E-09 6.3856E-09 6.4798E-09 6.6137E-09 6.7841E-09 7.0179E-09 7.3099E-09
1.5617E-09 1.5873E-09 1.6130E-09 1.6371E-09 1.6633E-09 1.6873E-09 1.7112E-09 1.7361E-09 1.7587E-09 1.7805E-09 1.8014E-09 1.8216E-09 1.8406E-09 1.8586E-09 1.8756E-09 1.8916E-09 1.9064E-09 1.9209E-09 1.9366E-09 1.9531E-09 1.9689E-09 1.9841E-09 1.9984E-09 2.0119E-09 2.0290E-09 2.0471E-09 2.0647E-09 2.1084E-09 2.1604E-09 2.2402E-09 2.3180E-09 2.4048E-09 2.5180E-09 2.6464E-09 2.7963E-09 2.9692E-09 3.1541E-09 3.3566E-09 3.5763E-09 3.7966E-09 4.0178E-09 4.2318E-09 4.4261E-09 4.6012E-09 4.7510E-09 4.8820E-09 4.9818E-09 5.0624E-09 5.1312E-09 5.1804E-09 5.2270E-09 5.2748E-09 5.3268E-09 5.4045E-09 5.5111E-09 5.6696E-09 5.8659E-09
1.5355E-09 1.5589E-09 1.5825E-09 1.6068E-09 1.6296E-09 1.6533E-09 1.6759E-09 1.6978E-09 1.7207E-09 1.7416E-09 1.7616E-09 1.7810E-09 1.7993E-09 1.8170E-09 1.8336E-09 1.8494E-09 1.8643E-09 1.8782E-09 1.8912E-09 1.9033E-09 1.9146E-09 1.9279E-09 1.9416E-09 1.9546E-09 1.9669E-09 1.9813E-09 1.9988E-09 2.0151E-09 2.0539E-09 2.1078E-09 2.1652E-09 2.2369E-09 2.3135E-09 2.4155E-09 2.5278E-09 2.6532E-09 2.7992E-09 2.9513E-09 3.1140E-09 3.2828E-09 3.4500E-09 3.6138E-09 3.7651E-09 3.8993E-09 4.0121E-09 4.1055E-09 4.1840E-09 4.2393E-09 4.2767E-09 4.3109E-09 4.3337E-09 4.3502E-09 4.3730E-09 4.4087E-09 4.4706E-09 4.5487E-09 4.6715E-09
1.5106E-09 1.5334E-09 1.5559E-09 1.5778E-09 1.6007E-09 1.6222E-09 1.6438E-09 1.6653E-09 1.6856E-09 1.7065E-09 1.7259E-09 1.7447E-09 1.7627E-09 1.7799E-09 1.7963E-09 1.8121E-09 1.8269E-09 1.8410E-09 1.8544E-09 1.8668E-09 1.8786E-09 1.8896E-09 1.8999E-09 1.9099E-09 1.9209E-09 1.9322E-09 1.9453E-09 1.9626E-09 1.9776E-09 2.0122E-09 2.0640E-09 2.1147E-09 2.1738E-09 2.2380E-09 2.3247E-09 2.4206E-09 2.5249E-09 2.6420E-09 2.7596E-09 2.8837E-09 3.0065E-09 3.1256E-09 3.2407E-09 3.3398E-09 3.4256E-09 3.4918E-09 3.5399E-09 3.5807E-09 3.5995E-09 3.6016E-09 3.6114E-09 3.6109E-09 3.6154E-09 3.6185E-09 3.6428E-09 3.6812E-09 3.7291E-09
1.4890E-09 1.5101E-09 1.5313E-09 1.5527E-09 1.5735E-09 1.5946E-09 1.6151E-09 1.6353E-09 1.6553E-09 1.6745E-09 1.6936E-09 1.7119E-09 1.7296E-09 1.7465E-09 1.7628E-09 1.7784E-09 1.7934E-09 1.8077E-09 1.8211E-09 1.8340E-09 1.8463E-09 1.8580E-09 1.8694E-09 1.8803E-09 1.8907E-09 1.9007E-09 1.9102E-09 1.9203E-09 1.9369E-09 1.9528E-09 1.9807E-09 2.0304E-09 2.0722E-09 2.1218E-09 2.1751E-09 2.2388E-09 2.3221E-09 2.4027E-09 2.4919E-09 2.5800E-09 2.6662E-09 2.7536E-09 2.8319E-09 2.9062E-09 2.9685E-09 3.0139E-09 3.0453E-09 3.0618E-09 3.0750E-09 3.0695E-09 3.0518E-09 3.0485E-09 3.0350E-09 3.0254E-09 3.0220E-09 3.0251E-09 3.0350E-09
1.4677E-09 1.4885E-09 1.5090E-09 1.5292E-09 1.5494E-09 1.5693E-09 1.5890E-09 1.6084E-09 1.6274E-09 1.6461E-09 1.6644E-09 1.6822E-09 1.6994E-09 1.7161E-09 1.7322E-09 1.7478E-09 1.7628E-09 1.7772E-09 1.7912E-09 1.8048E-09 1.8177E-09 1.8305E-09 1.8428E-09 1.8547E-09 1.8660E-09 1.8768E-09 1.8870E-09 1.8966E-09 1.9058E-09 1.9210E-09 1.9339E-09 1.9563E-09 2.0023E-09 2.0347E-09 2.0764E-09 2.1200E-09 2.1684E-09 2.2298E-09 2.2883E-09 2.3523E-09 2.4140E-09 2.4705E-09 2.5287E-09 2.5746E-09 2.6189E-09 2.6507E-09 2.6702E-09 2.6769E-09 2.6740E-09 2.6693E-09 2.6504E-09 2.6253E-09 2.6094E-09 2.5931E-09 2.5759E-09 2.5640E-09 2.5448E-09
1.4477E-09 1.4678E-09 1.4878E-09 1.5077E-09 1.5272E-09 1.5465E-09 1.5655E-09 1.5843E-09 1.6028E-09 1.6209E-09 1.6387E-09 1.6561E-09 1.6733E-09 1.6900E-09 1.7064E-09 1.7223E-09 1.7377E-09 1.7527E-09 1.7672E-09 1.7812E-09 1.7947E-09 1.8076E-09 1.8200E-09 1.8319E-09 1.8432E-09 1.8540E-09 1.8642E-09 1.8738E-09 1.8829E-09 1.8913E-09 1.9050E-09 1.9169E-09 1.9340E-09 1.9730E-09 2.0002E-09 2.0337E-09 2.0679E-09 2.1033E-09 2.1459E-09 2.1852E-09 2.2272E-09 2.2668E-09 2.3009E-09 2.3356E-09 2.3589E-09 2.3811E-09 2.3933E-09 2.3948E-09 2.3886E-09 2.3735E-09 2.3601E-09 2.3368E-09 2.3102E-09 2.2910E-09 2.2715E-09 2.2456E-09 2.2293E-09
1.4286E-09 1.4485E-09 1.4682E-09 1.4878E-09 1.5070E-09 1.5261E-09 1.5449E-09 1.5634E-09 1.5817E-09 1.5996E-09 1.6173E-09 1.6346E-09 1.6515E-09 1.6681E-09 1.6843E-09 1.7000E-09 1.7153E-09 1.7302E-09 1.7446E-09 1.7585E-09 1.7719E-09 1.7848E-09 1.7972E-09 1.8090E-09 1.8203E-09 1.8311E-09 1.8413E-09 1.8509E-09 1.8600E-09 1.8684E-09 1.8763E-09 1.8885E-09 1.8988E-09 1.9108E-09 1.9424E-09 1.9645E-09 1.9908E-09 2.0165E-09 2.0406E-09 2.0708E-09 2.0945E-09 2.1204E-09 2.1432E-09 2.1591E-09 2.1773E-09 2.1853E-09 2.1923E-09 2.1923E-09 2.1848E-09 2.1712E-09 2.1530E-09 2.1346E-09 2.1128E-09 2.0885E-09 2.0672E-09 2.0459E-09 2.0222E-09
1.4096E-09 1.4292E-09 1.4487E-09 1.4680E-09 1.4871E-09 1.5060E-09 1.5246E-09 1.5429E-09 1.5609E-09 1.5787E-09 1.5961E-09 1.6132E-09 1.6299E-09 1.6463E-09 1.6623E-09 1.6778E-09 1.6930E-09 1.7077E-09 1.7220E-09 1.7358E-09 1.7491E-09 1.7619E-09 1.7742E-09 1.7860E-09 1.7973E-09 1.8080E-09 1.8182E-09 1.8277E-09 1.8367E-09 1.8452E-09 1.8530E-09 1.8602E-09 1.8700E-09 1.8795E-09 1.8879E-09 1.9105E-09 1.9284E-09 1.9471E-09 1.9657E-09 1.9815E-09 2.0004E-09 2.0147E-09 2.0279E-09 2.0393E-09 2.0449E-09 2.0502E-09 2.0500E-09 2.0468E-09 2.0412E-09 2.0294E-09 2.0142E-09 1.9960E-09 1.9781E-09 1.9592E-09 1.9396E-09 1.9194E-09 1.8997E-09
1.3902E-09 1.4097E-09 1.4290E-09 1.4481E-09 1.4669E-09 1.4856E-09 1.5040E-09 1.5221E-09 1.5400E-09 1.5575E-09 1.5748E-09 1.5917E-09 1.6082E-09 1.6244E-09 1.6402E-09 1.6556E-09 1.6707E-09 1.6852E-09 1.6994E-09 1.7130E-09 1.7262E-09 1.7389E-09 1.7512E-09 1.7629E-09 1.7740E-09 1.7847E-09 1.7947E-09 1.8042E-09 1.8132E-09 1.8215E-09 1.8293E-09 1.8365E-09 1.8430E-09 1.8507E-09 1.8591E-09 1.8655E-09 1.8787E-09 1.8924E-09 1.9049E-09 1.9174E-09 1.9270E-09 1.9375E-09 1.9446E-09 1.9499E-09 1.9538E-09 1.9530E-09 1.9508E-09 1.9456E-09 1.9385E-09 1.9301E-09 1.9183E-09 1.9040E-09 1.8887E-09 1.8734E-09 1.8576E-09 1.8438E-09 1.8291E-09
