Assets/Resources/2015_m01_d25_1400(utc+0800)_l00_csi_1hr_conc.grd
DSAA
         159         159
     -79.000      79.000
     -79.000      79.000
  0.0000E+00  0.9232E-05
[rows 50 to 74 of 159, columns 57 to 113 of 159]
3.4882E-12 1.7495E-11 3.7125E-11 5.9345E-11 8.0798E-11 1.0863E-10 1.4225E-10 1.8378E-10 2.3623E-10 3.0143E-10 3.7806E-10 4.6673E-10 5.6916E-10 6.8798E-10 8.2429E-10 9.7938E-10 1.1555E-09 1.3562E-09 1.5823E-09 1.8353E-09 2.1146E-09 2.4165E-09 2.7455E-09 3.0949E-09 3.4634E-09 3.8481E-09 4.2475E-09 4.6557E-09 5.0684E-09 5.4753E-09 5.8759E-09 6.2585E-09 6.6227E-09 6.9553E-09 7.2529E-09 7.5103E-09 7.7215E-09 7.8823E-09 7.9904E-09 8.0432E-09 8.0398E-09 7.9804E-09 7.8668E-09 7.7021E-09 7.4908E-09 7.2377E-09 6.9482E-09 6.6279E-09 6.2802E-09 5.9170E-09 5.5440E-09 5.1648E-09 4.7825E-09 4.4069E-09 4.0398E-09 3.6843E-09 3.3435E-09
3.9494E-12 1.8319E-11 3.8362E-11 6.0669E-11 8.3084E-11 1.1156E-10 1.4521E-10 1.8671E-10 2.4010E-10 3.0447E-10 3.8231E-10 4.7285E-10 5.7793E-10 6.9833E-10 8.3700E-10 9.9570E-10 1.1751E-09 1.3801E-09 1.6109E-09 1.8699E-09 2.1515E-09 2.4591E-09 2.7885E-09 3.1439E-09 3.5196E-09 3.9158E-09 4.3242E-09 4.7403E-09 5.1617E-09 5.5784E-09 5.9902E-09 6.3811E-09 6.7521E-09 7.0902E-09 7.3929E-09 7.6537E-09 7.8654E-09 8.0246E-09 8.1287E-09 8.1751E-09 8.1625E-09 8.0916E-09 7.9649E-09 7.7855E-09 7.5578E-09 7.2869E-09 6.9786E-09 6.6384E-09 6.2757E-09 5.8962E-09 5.5048E-09 5.1085E-09 4.7152E-09 4.3291E-09 3.9511E-09 3.5898E-09 3.2456E-09
4.3549E-12 1.8895E-11 3.9194E-11 6.1530E-11 8.4902E-11 1.1399E-10 1.4805E-10 1.8973E-10 2.4230E-10 3.0746E-10 3.8604E-10 4.7794E-10 5.8451E-10 7.0681E-10 8.4722E-10 1.0073E-09 1.1901E-09 1.3995E-09 1.6352E-09 1.8980E-09 2.1838E-09 2.4930E-09 2.8306E-09 3.1897E-09 3.5745E-09 3.9769E-09 4.3957E-09 4.8241E-09 5.2582E-09 5.6846E-09 6.1040E-09 6.5040E-09 6.8843E-09 7.2315E-09 7.5420E-09 7.8074E-09 8.0212E-09 8.1799E-09 8.2811E-09 8.3215E-09 8.3003E-09 8.2184E-09 8.0785E-09 7.8839E-09 7.6388E-09 7.3479E-09 7.0196E-09 6.6623E-09 6.2814E-09 5.8841E-09 5.4750E-09 5.0655E-09 4.6573E-09 4.2590E-09 3.8728E-09 3.5045E-09 3.1533E-09
4.6891E-12 1.9201E-11 3.9594E-11 6.1950E-11 8.6222E-11 1.1573E-10 1.5000E-10 1.9162E-10 2.4489E-10 3.1047E-10 3.8805E-10 4.7982E-10 5.8673E-10 7.1193E-10 8.5325E-10 1.0163E-09 1.1995E-09 1.4134E-09 1.6536E-09 1.9206E-09 2.2082E-09 2.5238E-09 2.8644E-09 3.2336E-09 3.6252E-09 4.0376E-09 4.4660E-09 4.9031E-09 5.3476E-09 5.7877E-09 6.2224E-09 6.6345E-09 7.0250E-09 7.3793E-09 7.6966E-09 7.9665E-09 8.1827E-09 8.3429E-09 8.4426E-09 8.4780E-09 8.4490E-09 8.3563E-09 8.2030E-09 7.9929E-09 7.7311E-09 7.4244E-09 7.0791E-09 6.7024E-09 6.3000E-09 5.8816E-09 5.4577E-09 5.0323E-09 4.6092E-09 4.1992E-09 3.8019E-09 3.4243E-09 3.0694E-09
4.9379E-12 1.9223E-11 3.9583E-11 6.2182E-11 8.7019E-11 1.1676E-10 1.5128E-10 1.9266E-10 2.4576E-10 3.1025E-10 3.8724E-10 4.8061E-10 5.8870E-10 7.1267E-10 8.5571E-10 1.0194E-09 1.2059E-09 1.4208E-09 1.6701E-09 1.9352E-09 2.2273E-09 2.5472E-09 2.8970E-09 3.2714E-09 3.6736E-09 4.0950E-09 4.5321E-09 4.9818E-09 5.4380E-09 5.8909E-09 6.3365E-09 6.7630E-09 7.1682E-09 7.5330E-09 7.8594E-09 8.1350E-09 8.3553E-09 8.5169E-09 8.6146E-09 8.6450E-09 8.6079E-09 8.5051E-09 8.3393E-09 8.1148E-09 7.8371E-09 7.5123E-09 7.1477E-09 6.7495E-09 6.3293E-09 5.8946E-09 5.4514E-09 5.0060E-09 4.5707E-09 4.1481E-09 3.7404E-09 3.3535E-09 2.9934E-09
5.0900E-12 1.9129E-11 3.9266E-11 6.1960E-11 8.7046E-11 1.1722E-10 1.5201E-10 1.9320E-10 2.4573E-10 3.0941E-10 3.8696E-10 4.7790E-10 5.8522E-10 7.1012E-10 8.5460E-10 1.0184E-09 1.2055E-09 1.4237E-09 1.6743E-09 1.9428E-09 2.2392E-09 2.5661E-09 2.9220E-09 3.3071E-09 3.7149E-09 4.1456E-09 4.5950E-09 5.0563E-09 5.5263E-09 5.9920E-09 6.4508E-09 6.8923E-09 7.3095E-09 7.6895E-09 8.0289E-09 8.3122E-09 8.5385E-09 8.7034E-09 8.8002E-09 8.8269E-09 8.7839E-09 8.6724E-09 8.4951E-09 8.2559E-09 7.9608E-09 7.6149E-09 7.2276E-09 6.8114E-09 6.3718E-09 5.9174E-09 5.4547E-09 4.9960E-09 4.5430E-09 4.1049E-09 3.6884E-09 3.2922E-09 2.9244E-09
5.1368E-12 1.8684E-11 3.8303E-11 6.0807E-11 8.6367E-11 1.1708E-10 1.5213E-10 1.9285E-10 2.4472E-10 3.0747E-10 3.8275E-10 4.7230E-10 5.8013E-10 7.0394E-10 8.4781E-10 1.0127E-09 1.2006E-09 1.4182E-09 1.6726E-09 1.9418E-09 2.2446E-09 2.5780E-09 2.9417E-09 3.3326E-09 3.7520E-09 4.1934E-09 4.6540E-09 5.1283E-09 5.6094E-09 6.0918E-09 6.5660E-09 7.0211E-09 7.4515E-09 7.8458E-09 8.1971E-09 8.4930E-09 8.7287E-09 8.8972E-09 8.9944E-09 9.0185E-09 8.9703E-09 8.8505E-09 8.6610E-09 8.4063E-09 8.0928E-09 7.7297E-09 7.3252E-09 6.8879E-09 6.4241E-09 5.9482E-09 5.4691E-09 4.9927E-09 4.5241E-09 4.0742E-09 3.6431E-09 3.2379E-09 2.8627E-09
5.0735E-12 1.7909E-11 3.6983E-11 5.9442E-11 8.4937E-11 1.1573E-10 1.5042E-10 1.9035E-10 2.4094E-10 3.0166E-10 3.7660E-10 4.6620E-10 5.7177E-10 6.9363E-10 8.3775E-10 1.0016E-09 1.1882E-09 1.4139E-09 1.6628E-09 1.9374E-09 2.2429E-09 2.5837E-09 2.9524E-09 3.3522E-09 3.7801E-09 4.2316E-09 4.7058E-09 5.1941E-09 5.6919E-09 6.1875E-09 6.6766E-09 7.1487E-09 7.5950E-09 8.0027E-09 8.3677E-09 8.6766E-09 8.9226E-09 9.1000E-09 9.2007E-09 9.2238E-09 9.1704E-09 9.0403E-09 8.8368E-09 8.5663E-09 8.2370E-09 7.8556E-09 7.4309E-09 6.9707E-09 6.4892E-09 5.9944E-09 5.4927E-09 4.9961E-09 4.5138E-09 4.0471E-09 3.6067E-09 3.1913E-09 2.8065E-09
4.8992E-12 1.7238E-11 3.5268E-11 5.7278E-11 8.2578E-11 1.1351E-10 1.4764E-10 1.8673E-10 2.3632E-10 2.9672E-10 3.7013E-10 4.5601E-10 5.5857E-10 6.8091E-10 8.2264E-10 9.8553E-10 1.1698E-09 1.3954E-09 1.6460E-09 1.9219E-09 2.2364E-09 2.5791E-09 2.9562E-09 3.3635E-09 3.8003E-09 4.2644E-09 4.7504E-09 5.2536E-09 5.7657E-09 6.2800E-09 6.7881E-09 7.2765E-09 7.7390E-09 8.1635E-09 8.5419E-09 8.8614E-09 9.1173E-09 9.3006E-09 9.4071E-09 9.4334E-09 9.3771E-09 9.2395E-09 9.0260E-09 8.7423E-09 8.3958E-09 7.9936E-09 7.5451E-09 7.0665E-09 6.5643E-09 6.0472E-09 5.5275E-09 5.0143E-09 4.5122E-09 4.0307E-09 3.5773E-09 3.1515E-09 2.7583E-09
4.5902E-12 1.6151E-11 3.2777E-11 5.4454E-11 7.9502E-11 1.0983E-10 1.4377E-10 1.8229E-10 2.3025E-10 2.8844E-10 3.5792E-10 4.4418E-10 5.4535E-10 6.6412E-10 8.0268E-10 9.6481E-10 1.1457E-09 1.3704E-09 1.6239E-09 1.9048E-09 2.2200E-09 2.5692E-09 2.9501E-09 3.3661E-09 3.8132E-09 4.2881E-09 4.7874E-09 5.3049E-09 5.8354E-09 6.3674E-09 6.8922E-09 7.4017E-09 7.8832E-09 8.3240E-09 8.7170E-09 9.0509E-09 9.3168E-09 9.5082E-09 9.6177E-09 9.6442E-09 9.5862E-09 9.4439E-09 9.2207E-09 8.9228E-09 8.5583E-09 8.1381E-09 7.6734E-09 7.1735E-09 6.6458E-09 6.1081E-09 5.5692E-09 5.0344E-09 4.5177E-09 4.0206E-09 3.5520E-09 3.1183E-09 2.7170E-09
4.0722E-12 1.4628E-11 3.0182E-11 5.1018E-11 7.5252E-11 1.0530E-10 1.3886E-10 1.7593E-10 2.2139E-10 2.7884E-10 3.4738E-10 4.3063E-10 5.2635E-10 6.4458E-10 7.8053E-10 9.3599E-10 1.1236E-09 1.3390E-09 1.5920E-09 1.8741E-09 2.1984E-09 2.5483E-09 2.9365E-09 3.3602E-09 3.8152E-09 4.3033E-09 4.8171E-09 5.3506E-09 5.8967E-09 6.4475E-09 6.9937E-09 7.5227E-09 8.0243E-09 8.4867E-09 8.8979E-09 9.2464E-09 9.5245E-09 9.7229E-09 9.8376E-09 9.8645E-09 9.8030E-09 9.6539E-09 9.4200E-09 9.1079E-09 8.7305E-09 8.2931E-09 7.8080E-09 7.2839E-09 6.7384E-09 6.1802E-09 5.6172E-09 5.0641E-09 4.5302E-09 4.0183E-09 3.5365E-09 3.0922E-09 2.6826E-09
3.5306E-12 1.3327E-11 2.7413E-11 4.6902E-11 7.0603E-11 1.0012E-10 1.3256E-10 1.6835E-10 2.1264E-10 2.6825E-10 3.3286E-10 4.1218E-10 5.0842E-10 6.2057E-10 7.5200E-10 9.0495E-10 1.0876E-09 1.3056E-09 1.5617E-09 1.8467E-09 2.1670E-09 2.5215E-09 2.9146E-09 3.3442E-09 3.8109E-09 4.3097E-09 4.8372E-09 5.3873E-09 5.9524E-09 6.5242E-09 7.0908E-09 7.6411E-09 8.1647E-09 8.6466E-09 9.0756E-09 9.4417E-09 9.7323E-09 9.9413E-09 1.0061E-08 1.0089E-08 1.0023E-08 9.8668E-09 9.6255E-09 9.3041E-09 8.9112E-09 8.4543E-09 7.9446E-09 7.4016E-09 6.8336E-09 6.2506E-09 5.6701E-09 5.0969E-09 4.5436E-09 4.0199E-09 3.5262E-09 3.0694E-09 2.6550E-09
3.0963E-12 1.1890E-11 2.4438E-11 4.2747E-11 6.5614E-11 9.3569E-11 1.2467E-10 1.6007E-10 2.0199E-10 2.5387E-10 3.1708E-10 3.9442E-10 4.8489E-10 5.9399E-10 7.2304E-10 8.6825E-10 1.0484E-09 1.2619E-09 1.5177E-09 1.8043E-09 2.1270E-09 2.4875E-09 2.8838E-09 3.3214E-09 3.7963E-09 4.3074E-09 4.8491E-09 5.4164E-09 6.0018E-09 6.5938E-09 7.1831E-09 7.7565E-09 8.3019E-09 8.8059E-09 9.2565E-09 9.6390E-09 9.9437E-09 1.0163E-08 1.0289E-08 1.0320E-08 1.0254E-08 1.0093E-08 9.8408E-09 9.5041E-09 9.0916E-09 8.6159E-09 8.0893E-09 7.5223E-09 6.9283E-09 6.3264E-09 5.7254E-09 5.1335E-09 4.5631E-09 4.0254E-09 3.5200E-09 3.0535E-09 2.6289E-09
2.6281E-12 1.0311E-11 1.9166E-11 3.8342E-11 5.9766E-11 8.6604E-11 1.1679E-10 1.5019E-10 1.8976E-10 2.3986E-10 3.0067E-10 3.7187E-10 4.6176E-10 5.6634E-10 6.8745E-10 8.3053E-10 1.0034E-09 1.2226E-09 1.4769E-09 1.7634E-09 2.0844E-09 2.4445E-09 2.8459E-09 3.2884E-09 3.7733E-09 4.2960E-09 4.8532E-09 5.4382E-09 6.0426E-09 6.6568E-09 7.2712E-09 7.8687E-09 8.4380E-09 8.9648E-09 9.4359E-09 9.8382E-09 1.0160E-08 1.0394E-08 1.0528E-08 1.0563E-08 1.0494E-08 1.0326E-08 1.0062E-08 9.7065E-09 9.2756E-09 8.7783E-09 8.2290E-09 7.6391E-09 7.0271E-09 6.4010E-09 5.7778E-09 5.1710E-09 4.5845E-09 4.0292E-09 3.5154E-09 3.0404E-09 2.6088E-09
2.2317E-12 9.0983E-12 1.6927E-11 3.3877E-11 5.3782E-11 7.9193E-11 1.0714E-10 1.3861E-10 1.7735E-10 2.2445E-10 2.8141E-10 3.5101E-10 4.3621E-10 5.3450E-10 6.5233E-10 7.8696E-10 9.6045E-10 1.1703E-09 1.4260E-09 1.7107E-09 2.0333E-09 2.3954E-09 2.7992E-09 3.2490E-09 3.7432E-09 4.2772E-09 4.8496E-09 5.4517E-09 6.0769E-09 6.7152E-09 7.3531E-09 7.9778E-09 8.5758E-09 9.1225E-09 9.6180E-09 1.0043E-08 1.0383E-08 1.0629E-08 1.0773E-08 1.0810E-08 1.0740E-08 1.0562E-08 1.0283E-08 9.9127E-09 9.4618E-09 8.9398E-09 8.3674E-09 7.7557E-09 7.1206E-09 6.4741E-09 5.8312E-09 5.2070E-09 4.6061E-09 4.0385E-09 3.5104E-09 3.0292E-09 2.5918E-09
2.0199E-12 5.9370E-12 1.4550E-11 2.4845E-11 4.7947E-11 7.1450E-11 9.7398E-11 1.2670E-10 1.6409E-10 2.0832E-10 2.6285E-10 3.2761E-10 4.0795E-10 5.0376E-10 6.1251E-10 7.4343E-10 9.0846E-10 1.1186E-09 1.3727E-09 1.6549E-09 1.9782E-09 2.3396E-09 2.7471E-09 3.2039E-09 3.7054E-09 4.2518E-09 4.8386E-09 5.4604E-09 6.1098E-09 6.7736E-09 7.4413E-09 8.0915E-09 8.7111E-09 9.2923E-09 9.8141E-09 1.0263E-08 1.0622E-08 1.0882E-08 1.1023E-08 1.1061E-08 1.0997E-08 1.0811E-08 1.0518E-08 1.0128E-08 9.6534E-09 9.1017E-09 8.5056E-09 7.8680E-09 7.2105E-09 6.5447E-09 5.8822E-09 5.2409E-09 4.6252E-09 4.0455E-09 3.5082E-09 3.0168E-09 2.5762E-09
0.0000E+00 4.9679E-12 8.1465E-12 2.1169E-11 3.6710E-11 6.3053E-11 8.6834E-11 1.1463E-10 1.5011E-10 1.9219E-10 2.4247E-10 3.0393E-10 3.8070E-10 4.6830E-10 5.7405E-10 6.9503E-10 8.5977E-10 1.0627E-09 1.3177E-09 1.5962E-09 1.9162E-09 2.2788E-09 2.6916E-09 3.1512E-09 3.6618E-09 4.2218E-09 4.8283E-09 5.4754E-09 6.1494E-09 6.8388E-09 7.5321E-09 8.2151E-09 8.8724E-09 9.4842E-09 1.0034E-08 1.0492E-08 1.0857E-08 1.1129E-08 1.1299E-08 1.1355E-08 1.1277E-08 1.1079E-08 1.0757E-08 1.0335E-08 9.8385E-09 9.2704E-09 8.6470E-09 7.9857E-09 7.3002E-09 6.6082E-09 5.9299E-09 5.2687E-09 4.6413E-09 4.0511E-09 3.5047E-09 3.0065E-09 2.5586E-09
0.0000E+00 1.7173E-13 6.5808E-12 1.3566E-11 3.2112E-11 4.6889E-11 7.7226E-11 1.0317E-10 1.3367E-10 1.7476E-10 2.2253E-10 2.8035E-10 3.5060E-10 4.3499E-10 5.3109E-10 6.4753E-10 8.0261E-10 1.0066E-09 1.2562E-09 1.5266E-09 1.8466E-09 2.2140E-09 2.6270E-09 3.0971E-09 3.6209E-09 4.2000E-09 4.8322E-09 5.5049E-09 6.2066E-09 6.9297E-09 7.6583E-09 8.3769E-09 9.0541E-09 9.6823E-09 1.0244E-08 1.0737E-08 1.1131E-08 1.1446E-08 1.1630E-08 1.1659E-08 1.1558E-08 1.1329E-08 1.0999E-08 1.0565E-08 1.0041E-08 9.4439E-09 8.7853E-09 8.0912E-09 7.3848E-09 6.6743E-09 5.9729E-09 5.2938E-09 4.6515E-09 4.0501E-09 3.4983E-09 2.9945E-09 2.5415E-09
0.0000E+00 0.0000E+00 1.1928E-12 1.1257E-11 1.9633E-11 4.0182E-11 5.5607E-11 8.9072E-11 1.1923E-10 1.5583E-10 2.0219E-10 2.5573E-10 3.2216E-10 3.9882E-10 4.9019E-10 6.0124E-10 7.5604E-10 9.6247E-10 1.1923E-09 1.4642E-09 1.7809E-09 2.1432E-09 2.5644E-09 3.0461E-09 3.5905E-09 4.1953E-09 4.8522E-09 5.5483E-09 6.2835E-09 7.0409E-09 7.8060E-09 8.5471E-09 9.2543E-09 9.9285E-09 1.0531E-08 1.1078E-08 1.1513E-08 1.1796E-08 1.1953E-08 1.1973E-08 1.1870E-08 1.1633E-08 1.1272E-08 1.0806E-08 1.0242E-08 9.6078E-09 8.9202E-09 8.2040E-09 7.4703E-09 6.7253E-09 6.0069E-09 5.3127E-09 4.6544E-09 4.0442E-09 3.4821E-09 2.9773E-09 2.5225E-09
0.0000E+00 0.0000E+00 7.3407E-13 2.4699E-12 1.6493E-11 2.4110E-11 4.6397E-11 6.5182E-11 1.0348E-10 1.3747E-10 1.8028E-10 2.3209E-10 2.9259E-10 3.6456E-10 4.4728E-10 5.5225E-10 7.0326E-10 8.9839E-10 1.1266E-09 1.3947E-09 1.7079E-09 2.0804E-09 2.5118E-09 3.0121E-09 3.5795E-09 4.2061E-09 4.8911E-09 5.6258E-09 6.3986E-09 7.1788E-09 7.9860E-09 8.7591E-09 9.5191E-09 1.0224E-08 1.0918E-08 1.1445E-08 1.1857E-08 1.2163E-08 1.2328E-08 1.2345E-08 1.2213E-08 1.1933E-08 1.1531E-08 1.1024E-08 1.0435E-08 9.7727E-09 9.0518E-09 8.2981E-09 7.5323E-09 6.7748E-09 6.0311E-09 5.3194E-09 4.6506E-09 4.0287E-09 3.4615E-09 2.9493E-09 2.4956E-09
0.0000E+00 0.0000E+00 2.8447E-14 1.3747E-12 4.1401E-12 1.9481E-11 2.7659E-11 5.4265E-11 7.5442E-11 1.1833E-10 1.5742E-10 2.0787E-10 2.6435E-10 3.2942E-10 4.1011E-10 5.1198E-10 6.5226E-10 8.4508E-10 1.0702E-09 1.3286E-09 1.6523E-09 2.0299E-09 2.4798E-09 2.9989E-09 3.5869E-09 4.2420E-09 4.9613E-09 5.7371E-09 6.5574E-09 7.4040E-09 8.2306E-09 9.0644E-09 9.8609E-09 1.0657E-08 1.1332E-08 1.1894E-08 1.2309E-08 1.2604E-08 1.2748E-08 1.2721E-08 1.2545E-08 1.2241E-08 1.1808E-08 1.1266E-08 1.0627E-08 9.9122E-09 9.1628E-09 8.3765E-09 7.5825E-09 6.7973E-09 6.0405E-09 5.3141E-09 4.6317E-09 4.0057E-09 3.4314E-09 2.9150E-09 2.4585E-09
0.0000E+00 0.0000E+00 0.0000E+00 1.1266E-12 2.7475E-12 8.1186E-12 2.3151E-11 4.3734E-11 6.2256E-11 1.0022E-10 1.3825E-10 1.8235E-10 2.3281E-10 2.9590E-10 3.6961E-10 4.6441E-10 6.0170E-10 7.8631E-10 1.0068E-09 1.2769E-09 1.6052E-09 2.0018E-09 2.4669E-09 3.0074E-09 3.6350E-09 4.3359E-09 5.1099E-09 5.9445E-09 6.7714E-09 7.6718E-09 8.5743E-09 9.4863E-09 1.0405E-08 1.1204E-08 1.1864E-08 1.2425E-08 1.2843E-08 1.3109E-08 1.3203E-08 1.3147E-08 1.2924E-08 1.2568E-08 1.2076E-08 1.1480E-08 1.0802E-08 1.0051E-08 9.2504E-09 8.4392E-09 7.6169E-09 6.8089E-09 6.0296E-09 5.2947E-09 4.6017E-09 3.9645E-09 3.3918E-09 2.8731E-09 2.4120E-09
0.0000E+00 0.0000E+00 0.0000E+00 1.9585E-13 1.3806E-12 4.0340E-12 1.8354E-11 2.5815E-11 5.0746E-11 7.3995E-11 1.1432E-10 1.5657E-10 2.0641E-10 2.6340E-10 3.3425E-10 4.2749E-10 5.5693E-10 7.3013E-10 9.5952E-10 1.2396E-09 1.5812E-09 1.9911E-09 2.4890E-09 3.0773E-09 3.7595E-09 4.5265E-09 5.3478E-09 6.2277E-09 7.1797E-09 8.1493E-09 9.1783E-09 1.0197E-08 1.1074E-08 1.1861E-08 1.2543E-08 1.3076E-08 1.3457E-08 1.3675E-08 1.3715E-08 1.3598E-08 1.3311E-08 1.2891E-08 1.2344E-08 1.1691E-08 1.0957E-08 1.0167E-08 9.3319E-09 8.4754E-09 7.6330E-09 6.8024E-09 6.0056E-09 5.2536E-09 4.5574E-09 3.9119E-09 3.3343E-09 2.8207E-09 2.3587E-09
0.0000E+00 0.0000E+00 0.0000E+00 0.0000E+00 1.1263E-12 2.5139E-12 5.1350E-12 2.0682E-11 3.0937E-11 5.7457E-11 8.3740E-11 1.3236E-10 1.7417E-10 2.3277E-10 3.0021E-10 3.8786E-10 5.0924E-10 6.9104E-10 9.2644E-10 1.2193E-09 1.5771E-09 2.0272E-09 2.5742E-09 3.2340E-09 3.9821E-09 4.9238E-09 5.8885E-09 6.8950E-09 7.9252E-09 9.0590E-09 1.0137E-08 1.1120E-08 1.2049E-08 1.2828E-08 1.3435E-08 1.3897E-08 1.4193E-08 1.4307E-08 1.4279E-08 1.4080E-08 1.3717E-08 1.3219E-08 1.2605E-08 1.1894E-08 1.1103E-08 1.0259E-08 9.3898E-09 8.4996E-09 7.6215E-09 6.7759E-09 5.9626E-09 5.1960E-09 4.4930E-09 3.8474E-09 3.2640E-09 2.7520E-09 2.3006E-09
0.0000E+00 0.0000E+00 0.0000E+00 0.0000E+00 9.9202E-14 1.2445E-12 3.7656E-12 6.2148E-12 2.2972E-11 3.3742E-11 6.8017E-11 9.2990E-11 1.5029E-10 1.9965E-10 2.6674E-10 3.4965E-10 4.6894E-10 6.5578E-10 9.1338E-10 1.2520E-09 1.6711E-09 2.2035E-09 2.9451E-09 3.8273E-09 4.7487E-09 5.9818E-09 7.0970E-09 8.2174E-09 9.3419E-09 1.0380E-08 1.1489E-08 1.2495E-08 1.3317E-08 1.4011E-08 1.4529E-08 1.4851E-08 1.5045E-08 1.5063E-08 1.4900E-08 1.4586E-08 1.4137E-08 1.3553E-08 1.2858E-08 1.2075E-08 1.1230E-08 1.0332E-08 9.4151E-09 8.4955E-09 7.5888E-09 6.7174E-09 5.8954E-09 5.1194E-09 4.4078E-09 3.7674E-09 3.1873E-09 2.6725E-09 2.2282E-09
