Assets/Resources/2015_m01_d26_0500(utc+0800)_l00_csi_1hr_conc.grd
DSAA
         159         159
     -79.000      79.000
     -79.000      79.000
  0.0000E+00  0.2212E-05
[rows 0 to 24 of 159, columns 57 to 113 of 159]
1.5067E-09 1.5380E-09 1.5688E-09 1.6070E-09 1.6370E-09 1.6663E-09 1.7352E-09 1.7641E-09 1.7922E-09 1.8194E-09 1.8455E-09 1.8706E-09 1.8946E-09 1.9173E-09 1.9389E-09 1.9674E-09 1.9865E-09 2.0043E-09 2.0207E-09 2.0357E-09 2.0493E-09 2.0613E-09 2.0720E-09 2.0811E-09 2.0888E-09 2.0949E-09 2.0915E-09 2.0949E-09 2.0967E-09 2.0972E-09 2.0962E-09 2.0938E-09 2.0738E-09 2.0612E-09 2.0398E-09 2.0333E-09 2.0256E-09 2.0090E-09 1.9992E-09 1.9883E-09 1.9686E-09 1.9559E-09 1.9422E-09 1.9275E-09 1.9119E-09 1.8954E-09 1.8780E-09 1.8598E-09 1.8409E-09 1.8212E-09 1.8008E-09 1.7797E-09 1.7580E-09 1.7358E-09 1.6970E-09 1.6660E-09 1.6371E-09
1.5659E-09 1.6067E-09 1.6392E-09 1.7118E-09 1.7446E-09 1.7766E-09 1.8078E-09 1.8381E-09 1.8674E-09 1.9040E-09 1.9315E-09 1.9578E-09 1.9830E-09 2.0069E-09 2.0544E-09 2.0760E-09 2.1130E-09 2.1317E-09 2.1489E-09 2.1645E-09 2.1785E-09 2.1908E-09 2.2015E-09 2.2105E-09 2.2012E-09 2.2071E-09 2.1866E-09 2.1896E-09 2.1910E-09 2.1909E-09 2.1893E-09 2.1863E-09 2.1737E-09 2.1679E-09 2.1607E-09 2.1522E-09 2.1266E-09 2.0926E-09 2.0817E-09 2.0697E-09 2.0489E-09 2.0350E-09 2.0200E-09 1.9966E-09 1.9800E-09 1.9624E-09 1.9440E-09 1.9247E-09 1.9046E-09 1.8838E-09 1.8622E-09 1.8400E-09 1.8171E-09 1.7936E-09 1.7696E-09 1.7341E-09 1.7044E-09
1.6760E-09 1.7122E-09 1.7478E-09 1.7827E-09 1.8170E-09 1.8587E-09 1.8915E-09 1.9235E-09 1.9544E-09 2.0268E-09 2.0565E-09 2.0849E-09 2.1119E-09 2.1376E-09 2.1618E-09 2.1844E-09 2.2055E-09 2.2249E-09 2.2428E-09 2.2589E-09 2.2733E-09 2.2859E-09 2.2968E-09 2.3059E-09 2.3133E-09 2.3189E-09 2.3227E-09 2.3248E-09 2.3252E-09 2.3239E-09 2.3040E-09 2.2998E-09 2.2694E-09 2.2627E-09 2.2545E-09 2.2367E-09 2.2260E-09 2.2139E-09 2.1843E-09 2.1463E-09 2.1322E-09 2.1170E-09 2.0929E-09 2.0758E-09 2.0578E-09 2.0314E-09 2.0119E-09 1.9915E-09 1.9702E-09 1.9482E-09 1.9254E-09 1.9019E-09 1.8778E-09 1.8530E-09 1.8277E-09 1.8019E-09 1.7756E-09
1.7445E-09 1.7824E-09 1.8278E-09 1.8648E-09 1.9009E-09 1.9787E-09 2.0144E-09 2.0492E-09 2.0828E-09 2.1151E-09 2.1462E-09 2.1760E-09 2.2128E-09 2.2398E-09 2.2652E-09 2.2889E-09 2.3109E-09 2.3312E-09 2.3497E-09 2.3664E-09 2.3812E-09 2.3942E-09 2.4053E-09 2.4145E-09 2.4218E-09 2.4272E-09 2.4307E-09 2.4324E-09 2.4322E-09 2.4301E-09 2.4180E-09 2.4126E-09 2.4055E-09 2.3968E-09 2.3697E-09 2.3333E-09 2.3214E-09 2.3080E-09 2.2850E-09 2.2693E-09 2.2523E-09 2.2184E-09 2.1765E-09 2.1580E-09 2.1307E-09 2.1105E-09 2.0817E-09 2.0601E-09 2.0376E-09 2.0143E-09 1.9903E-09 1.9655E-09 1.9401E-09 1.9140E-09 1.8873E-09 1.8602E-09 1.8325E-09
1.8238E-09 1.8639E-09 1.9456E-09 1.9860E-09 2.0254E-09 2.0640E-09 2.1015E-09 2.1465E-09 2.1819E-09 2.2161E-09 2.2489E-09 2.3062E-09 2.3542E-09 2.3831E-09 2.4103E-09 2.4356E-09 2.4590E-09 2.4805E-09 2.4999E-09 2.5173E-09 2.5326E-09 2.5459E-09 2.5570E-09 2.5660E-09 2.5729E-09 2.5776E-09 2.5803E-09 2.5809E-09 2.5620E-09 2.5502E-09 2.5283E-09 2.5219E-09 2.5137E-09 2.5038E-09 2.4838E-09 2.4707E-09 2.4561E-09 2.4232E-09 2.3814E-09 2.3642E-09 2.3456E-09 2.3178E-09 2.2971E-09 2.2595E-09 2.2142E-09 2.1924E-09 2.1619E-09 2.1386E-09 2.1068E-09 2.0823E-09 2.0569E-09 2.0308E-09 2.0040E-09 1.9765E-09 1.9485E-09 1.9199E-09 1.8908E-09
1.9416E-09 1.9854E-09 2.0285E-09 2.0708E-09 2.1208E-09 2.1616E-09 2.2013E-09 2.2837E-09 2.3222E-09 2.3592E-09 2.3947E-09 2.4285E-09 2.4606E-09 2.4909E-09 2.5193E-09 2.5458E-09 2.5791E-09 2.6015E-09 2.6217E-09 2.6397E-09 2.6556E-09 2.6691E-09 2.6804E-09 2.6894E-09 2.6962E-09 2.7006E-09 2.6940E-09 2.6941E-09 2.6920E-09 2.6877E-09 2.6814E-09 2.6731E-09 2.6627E-09 2.6333E-09 2.5941E-09 2.5796E-09 2.5634E-09 2.5371E-09 2.5181E-09 2.4977E-09 2.4595E-09 2.4128E-09 2.3904E-09 2.3587E-09 2.3344E-09 2.2853E-09 2.2448E-09 2.2197E-09 2.1861E-09 2.1519E-09 2.1252E-09 2.0977E-09 2.0694E-09 2.0406E-09 2.0111E-09 1.9810E-09 1.9505E-09
2.0233E-09 2.0693E-09 2.1234E-09 2.1681E-09 2.2564E-09 2.3008E-09 2.3440E-09 2.3859E-09 2.4263E-09 2.4652E-09 2.5115E-09 2.5472E-09 2.5810E-09 2.6129E-09 2.6427E-09 2.6977E-09 2.7419E-09 2.7657E-09 2.7870E-09 2.8058E-09 2.8222E-09 2.8361E-09 2.8474E-09 2.8561E-09 2.8441E-09 2.8480E-09 2.8404E-09 2.8217E-09 2.8188E-09 2.8136E-09 2.8062E-09 2.7966E-09 2.7760E-09 2.7624E-09 2.7469E-09 2.7296E-09 2.6931E-09 2.6471E-09 2.6263E-09 2.6039E-09 2.5717E-09 2.5469E-09 2.5043E-09 2.4535E-09 2.4272E-09 2.3917E-09 2.3474E-09 2.2954E-09 2.2680E-09 2.2318E-09 2.2031E-09 2.1662E-09 2.1365E-09 2.1061E-09 2.0751E-09 2.0436E-09 2.0115E-09
2.1170E-09 2.2095E-09 2.2593E-09 2.3083E-09 2.3561E-09 2.4028E-09 2.4572E-09 2.5015E-09 2.5443E-09 2.6126E-09 2.6713E-09 2.7099E-09 2.7464E-09 2.7807E-09 2.8127E-09 2.8424E-09 2.8696E-09 2.8943E-09 2.9164E-09 2.9359E-09 2.9528E-09 2.9670E-09 2.9784E-09 2.9872E-09 2.9932E-09 2.9966E-09 2.9973E-09 2.9953E-09 2.9908E-09 2.9837E-09 2.9742E-09 2.9442E-09 2.9035E-09 2.8884E-09 2.8712E-09 2.8519E-09 2.8220E-09 2.7994E-09 2.7750E-09 2.7233E-09 2.6800E-09 2.6530E-09 2.6163E-09 2.5871E-09 2.5404E-09 2.4856E-09 2.4555E-09 2.4164E-09 2.3690E-09 2.3142E-09 2.2835E-09 2.2445E-09 2.2051E-09 2.1732E-09 2.1406E-09 2.1075E-09 2.0739E-09
2.2524E-09 2.3056E-09 2.3580E-09 2.4184E-09 2.4691E-09 2.5185E-09 2.6130E-09 2.6612E-09 2.7077E-09 2.7523E-09 2.7949E-09 2.8355E-09 2.8738E-09 2.9192E-09 2.9529E-09 2.9841E-09 3.0129E-09 3.0389E-09 3.0621E-09 3.0823E-09 3.0997E-09 3.1141E-09 3.1255E-09 3.1340E-09 3.1398E-09 3.1426E-09 3.1426E-09 3.1398E-09 3.1343E-09 3.1260E-09 3.1059E-09 3.0926E-09 3.0768E-09 3.0587E-09 3.0383E-09 2.9980E-09 2.9475E-09 2.9227E-09 2.8960E-09 2.8590E-09 2.8295E-09 2.7811E-09 2.7241E-09 2.6925E-09 2.6513E-09 2.6178E-09 2.5419E-09 2.5089E-09 2.4668E-09 2.4162E-09 2.3583E-09 2.3251E-09 2.2835E-09 2.2416E-09 2.2075E-09 2.1728E-09 2.1375E-09
2.3493E-09 2.4144E-09 2.4699E-09 2.5707E-09 2.6260E-09 2.6799E-09 2.7323E-09 2.7831E-09 2.8413E-09 2.8885E-09 2.9336E-09 2.9765E-09 3.0551E-09 3.0948E-09 3.1318E-09 3.1655E-09 3.1962E-09 3.2238E-09 3.2482E-09 3.2695E-09 3.2874E-09 3.3021E-09 3.3138E-09 3.3219E-09 3.3268E-09 3.3284E-09 3.3268E-09 3.3220E-09 3.3141E-09 3.2846E-09 3.2531E-09 3.2382E-09 3.2206E-09 3.2005E-09 3.1687E-09 3.1441E-09 3.1174E-09 3.0702E-09 3.0313E-09 2.9824E-09 2.9503E-09 2.9077E-09 2.8730E-09 2.8197E-09 2.7579E-09 2.7218E-09 2.6764E-09 2.6220E-09 2.5599E-09 2.5232E-09 2.4777E-09 2.4163E-09 2.3642E-09 2.3200E-09 2.2837E-09 2.2393E-09 2.2024E-09
2.4594E-09 2.5661E-09 2.6267E-09 2.6862E-09 2.7445E-09 2.8106E-09 2.8662E-09 2.9200E-09 3.0111E-09 3.0624E-09 3.1368E-09 3.1844E-09 3.2293E-09 3.2714E-09 3.3107E-09 3.3460E-09 3.3783E-09 3.4071E-09 3.4326E-09 3.4544E-09 3.4727E-09 3.4620E-09 3.4733E-09 3.4810E-09 3.4852E-09 3.4860E-09 3.4833E-09 3.4773E-09 3.4683E-09 3.4560E-09 3.4406E-09 3.4221E-09 3.4007E-09 3.3584E-09 3.3143E-09 3.2874E-09 3.2581E-09 3.2173E-09 3.1842E-09 3.1492E-09 3.0945E-09 3.0304E-09 2.9928E-09 2.9449E-09 2.9051E-09 2.8472E-09 2.7811E-09 2.7407E-09 2.6913E-09 2.6251E-09 2.5685E-09 2.5201E-09 2.4638E-09 2.4006E-09 2.3539E-09 2.3151E-09 2.2685E-09
2.6148E-09 2.6796E-09 2.7435E-09 2.8158E-09 2.8781E-09 3.0044E-09 3.0666E-09 3.1261E-09 3.1834E-09 3.2383E-09 3.2907E-09 3.3410E-09 3.3883E-09 3.4327E-09 3.4743E-09 3.5115E-09 3.5453E-09 3.5752E-09 3.6015E-09 3.6238E-09 3.6425E-09 3.6573E-09 3.6680E-09 3.6749E-09 3.6779E-09 3.6772E-09 3.6474E-09 3.6399E-09 3.6291E-09 3.6150E-09 3.5975E-09 3.5776E-09 3.5543E-09 3.5279E-09 3.4987E-09 3.4670E-09 3.4147E-09 3.3610E-09 3.3249E-09 3.2869E-09 3.2378E-09 3.1966E-09 3.1359E-09 3.0661E-09 3.0231E-09 2.9703E-09 2.9079E-09 2.8373E-09 2.7936E-09 2.7406E-09 2.6793E-09 2.6108E-09 2.5594E-09 2.5001E-09 2.4341E-09 2.3849E-09 2.3438E-09
2.7384E-09 2.8073E-09 2.9415E-09 3.0129E-09 3.0826E-09 3.1497E-09 3.2148E-09 3.2778E-09 3.3386E-09 3.3966E-09 3.4521E-09 3.5052E-09 3.5552E-09 3.6023E-09 3.6460E-09 3.6853E-09 3.7206E-09 3.7518E-09 3.7792E-09 3.8025E-09 3.8215E-09 3.8363E-09 3.8469E-09 3.8533E-09 3.8555E-09 3.8534E-09 3.8478E-09 3.8382E-09 3.8248E-09 3.7826E-09 3.7626E-09 3.7392E-09 3.7132E-09 3.6842E-09 3.6534E-09 3.6189E-09 3.5817E-09 3.5421E-09 3.5013E-09 3.4399E-09 3.3776E-09 3.3330E-09 3.2776E-09 3.2304E-09 3.1640E-09 3.0890E-09 3.0410E-09 2.9835E-09 2.9171E-09 2.8430E-09 2.7866E-09 2.7218E-09 2.6498E-09 2.6039E-09 2.5333E-09 2.4645E-09 2.4209E-09
2.9269E-09 3.0051E-09 3.0822E-09 3.1566E-09 3.2293E-09 3.3002E-09 3.3693E-09 3.4631E-09 3.5285E-09 3.5907E-09 3.6501E-09 3.7065E-09 3.7599E-09 3.8100E-09 3.8562E-09 3.8980E-09 3.9347E-09 3.9672E-09 3.9955E-09 4.0191E-09 4.0383E-09 4.0525E-09 4.0623E-09 4.0672E-09 4.0413E-09 4.0383E-09 4.0311E-09 4.0196E-09 4.0041E-09 3.9849E-09 3.9623E-09 3.9358E-09 3.8814E-09 3.8488E-09 3.8131E-09 3.7753E-09 3.7361E-09 3.6938E-09 3.6486E-09 3.6012E-09 3.5532E-09 3.4845E-09 3.4153E-09 3.3645E-09 3.3030E-09 3.2502E-09 3.1512E-09 3.0992E-09 3.0375E-09 2.9669E-09 2.8887E-09 2.8377E-09 2.7606E-09 2.6853E-09 2.6366E-09 2.5632E-09 2.4917E-09
3.0643E-09 3.1453E-09 3.2251E-09 3.3039E-09 3.4099E-09 3.4877E-09 3.5622E-09 3.6339E-09 3.7031E-09 3.7689E-09 3.8319E-09 3.8915E-09 3.9482E-09 4.0008E-09 4.0498E-09 4.0938E-09 4.1325E-09 4.1664E-09 4.1954E-09 4.2195E-09 4.2387E-09 4.2529E-09 4.2624E-09 4.2672E-09 4.2668E-09 4.2617E-09 4.2519E-09 4.2376E-09 4.1927E-09 4.1703E-09 4.1446E-09 4.1150E-09 4.0822E-09 4.0466E-09 3.9825E-09 3.9409E-09 3.8957E-09 3.8491E-09 3.8017E-09 3.7514E-09 3.6984E-09 3.6437E-09 3.5887E-09 3.5133E-09 3.4379E-09 3.3810E-09 3.3141E-09 3.2377E-09 3.1532E-09 3.0966E-09 3.0308E-09 2.9305E-09 2.8762E-09 2.8131E-09 2.7171E-09 2.6657E-09 2.5895E-09
3.2029E-09 3.3177E-09 3.4058E-09 3.4923E-09 3.5764E-09 3.6576E-09 3.7361E-09 3.8123E-09 3.8856E-09 3.9562E-09 4.0224E-09 4.1141E-09 4.1745E-09 4.2308E-09 4.2828E-09 4.3296E-09 4.3700E-09 4.4053E-09 4.4354E-09 4.4602E-09 4.4795E-09 4.4652E-09 4.4739E-09 4.4774E-09 4.4756E-09 4.4688E-09 4.4569E-09 4.4402E-09 4.4193E-09 4.3937E-09 4.3638E-09 4.3042E-09 4.2669E-09 4.2265E-09 4.1831E-09 4.1377E-09 4.0648E-09 4.0139E-09 3.9596E-09 3.9048E-09 3.8493E-09 3.7910E-09 3.7303E-09 3.6694E-09 3.6077E-09 3.5262E-09 3.4452E-09 3.3828E-09 3.3108E-09 3.2026E-09 3.1422E-09 3.0726E-09 2.9950E-09 2.9105E-09 2.8443E-09 2.7622E-09 2.6909E-09
3.3814E-09 3.4762E-09 3.5689E-09 3.6589E-09 3.7470E-09 3.8335E-09 3.9472E-09 4.0299E-09 4.1086E-09 4.1838E-09 4.2550E-09 4.3223E-09 4.3864E-09 4.4459E-09 4.5010E-09 4.5507E-09 4.5931E-09 4.6298E-09 4.6609E-09 4.6861E-09 4.7054E-09 4.7191E-09 4.7268E-09 4.7286E-09 4.7246E-09 4.7152E-09 4.6721E-09 4.6525E-09 4.6284E-09 4.5996E-09 4.5662E-09 4.5291E-09 4.4881E-09 4.4168E-09 4.3690E-09 4.3172E-09 4.2635E-09 4.1829E-09 4.1269E-09 4.0666E-09 4.0036E-09 3.9418E-09 3.8785E-09 3.8122E-09 3.7448E-09 3.6778E-09 3.5906E-09 3.5041E-09 3.4372E-09 3.3606E-09 3.2755E-09 3.1830E-09 3.1096E-09 3.0284E-09 2.9404E-09 2.8711E-09 2.7861E-09
3.5393E-09 3.6378E-09 3.7351E-09 3.8619E-09 3.9589E-09 4.0530E-09 4.1434E-09 4.2307E-09 4.3146E-09 4.3942E-09 4.4697E-09 4.5413E-09 4.6090E-09 4.6722E-09 4.7303E-09 4.7829E-09 4.8276E-09 4.8661E-09 4.8983E-09 4.9243E-09 4.9438E-09 4.9570E-09 4.9637E-09 4.9644E-09 4.9586E-09 4.9469E-09 4.9294E-09 4.9065E-09 4.8782E-09 4.8165E-09 4.7793E-09 4.7369E-09 4.6910E-09 4.6412E-09 4.5889E-09 4.5068E-09 4.4483E-09 4.3859E-09 4.3221E-09 4.2333E-09 4.1681E-09 4.0984E-09 4.0286E-09 3.9595E-09 3.8882E-09 3.8147E-09 3.7424E-09 3.6694E-09 3.5772E-09 3.4862E-09 3.4051E-09 3.3156E-09 3.2188E-09 3.1418E-09 3.0570E-09 2.9657E-09 2.8934E-09
3.7297E-09 3.8384E-09 3.9456E-09 4.0509E-09 4.1525E-09 4.2516E-09 4.3474E-09 4.4404E-09 4.5600E-09 4.6461E-09 4.7273E-09 4.8035E-09 4.8761E-09 4.9433E-09 5.0054E-09 5.0610E-09 5.1084E-09 5.1484E-09 5.1814E-09 5.2077E-09 5.2269E-09 5.2392E-09 5.2443E-09 5.2425E-09 5.2039E-09 5.1898E-09 5.1695E-09 5.1432E-09 5.1112E-09 5.0737E-09 5.0318E-09 4.9846E-09 4.9054E-09 4.8503E-09 4.7909E-09 4.7290E-09 4.6378E-09 4.5730E-09 4.5036E-09 4.4310E-09 4.3334E-09 4.2624E-09 4.1871E-09 4.1093E-09 4.0343E-09 3.9579E-09 3.8788E-09 3.8008E-09 3.7229E-09 3.6254E-09 3.5294E-09 3.4535E-09 3.3501E-09 3.2493E-09 3.1779E-09 3.0805E-09 2.9860E-09
3.9068E-09 4.0220E-09 4.1339E-09 4.2439E-09 4.3817E-09 4.4902E-09 4.5953E-09 4.6957E-09 4.7916E-09 4.8830E-09 4.9694E-09 5.0503E-09 5.1271E-09 5.1987E-09 5.2642E-09 5.3233E-09 5.3733E-09 5.4150E-09 5.4492E-09 5.4756E-09 5.4946E-09 5.5060E-09 5.5099E-09 5.5067E-09 5.4961E-09 5.4785E-09 5.4540E-09 5.4230E-09 5.3564E-09 5.3140E-09 5.2664E-09 5.2140E-09 5.1569E-09 5.0967E-09 5.0041E-09 4.9366E-09 4.8646E-09 4.7906E-09 4.6896E-09 4.6143E-09 4.5343E-09 4.4266E-09 4.3490E-09 4.2687E-09 4.1842E-09 4.1024E-09 4.0207E-09 3.9362E-09 3.8527E-09 3.7698E-09 3.6672E-09 3.5664E-09 3.4863E-09 3.3787E-09 3.2740E-09 3.1991E-09 3.0985E-09
4.0882E-09 4.2085E-09 4.3600E-09 4.4812E-09 4.5998E-09 4.7147E-09 4.8252E-09 4.9319E-09 5.0340E-09 5.1315E-09 5.2239E-09 5.3415E-09 5.4235E-09 5.4999E-09 5.5698E-09 5.6325E-09 5.6857E-09 5.7291E-09 5.7643E-09 5.7915E-09 5.8098E-09 5.8203E-09 5.7910E-09 5.7854E-09 5.7719E-09 5.7509E-09 5.7225E-09 5.6872E-09 5.6456E-09 5.5978E-09 5.5441E-09 5.4560E-09 5.3926E-09 5.3245E-09 5.2530E-09 5.1788E-09 5.0743E-09 4.9942E-09 4.9103E-09 4.7985E-09 4.7160E-09 4.6299E-09 4.5401E-09 4.4283E-09 4.3425E-09 4.2519E-09 4.1633E-09 4.0760E-09 3.9864E-09 3.8975E-09 3.8098E-09 3.7221E-09 3.5968E-09 3.5126E-09 3.4009E-09 3.2925E-09 3.2142E-09
4.3083E-09 4.4411E-09 4.5723E-09 4.7004E-09 4.8248E-09 4.9461E-09 5.0644E-09 5.2122E-09 5.3232E-09 5.4282E-09 5.5273E-09 5.6197E-09 5.7067E-09 5.7880E-09 5.8619E-09 5.9285E-09 5.9839E-09 6.0291E-09 6.0649E-09 6.0919E-09 6.1098E-09 6.1188E-09 6.1189E-09 6.1104E-09 6.0935E-09 6.0684E-09 6.0355E-09 5.9642E-09 5.9174E-09 5.8639E-09 5.8042E-09 5.7389E-09 5.6692E-09 5.5648E-09 5.4866E-09 5.4034E-09 5.3177E-09 5.2023E-09 5.1149E-09 5.0227E-09 4.9277E-09 4.8091E-09 4.7172E-09 4.6201E-09 4.4999E-09 4.4080E-09 4.3115E-09 4.2165E-09 4.1237E-09 4.0289E-09 3.9349E-09 3.8424E-09 3.7501E-09 3.6398E-09 3.5320E-09 3.4165E-09 3.3045E-09
4.5125E-09 4.6522E-09 4.7896E-09 4.9250E-09 5.0929E-09 5.2263E-09 5.3552E-09 5.4784E-09 5.5964E-09 5.7086E-09 5.8141E-09 5.9124E-09 6.0042E-09 6.0904E-09 6.1676E-09 6.2364E-09 6.2949E-09 6.3415E-09 6.3784E-09 6.4056E-09 6.4231E-09 6.4310E-09 6.4292E-09 6.4182E-09 6.3980E-09 6.3690E-09 6.3317E-09 6.2863E-09 6.2334E-09 6.1733E-09 6.0764E-09 6.0045E-09 5.9269E-09 5.8442E-09 5.7581E-09 5.6392E-09 5.5466E-09 5.4495E-09 5.3509E-09 5.2253E-09 5.1263E-09 5.0226E-09 4.8935E-09 4.7944E-09 4.6912E-09 4.5631E-09 4.4649E-09 4.3626E-09 4.2616E-09 4.1633E-09 4.0632E-09 3.9645E-09 3.8672E-09 3.7705E-09 3.6559E-09 3.5441E-09 3.4250E-09
4.7205E-09 4.9009E-09 5.0522E-09 5.2013E-09 5.3473E-09 5.4880E-09 5.6245E-09 5.7557E-09 5.8812E-09 6.0003E-09 6.1124E-09 6.2169E-09 6.3137E-09 6.4044E-09 6.4862E-09 6.5588E-09 6.6207E-09 6.6692E-09 6.7072E-09 6.7347E-09 6.7517E-09 6.7582E-09 6.7544E-09 6.7404E-09 6.7167E-09 6.6836E-09 6.6413E-09 6.5905E-09 6.5316E-09 6.4652E-09 6.3919E-09 6.3123E-09 6.1959E-09 6.1068E-09 6.0121E-09 5.9131E-09 5.7812E-09 5.6793E-09 5.5727E-09 5.4627E-09 5.3258E-09 5.2190E-09 5.1079E-09 4.9689E-09 4.8624E-09 4.7529E-09 4.6176E-09 4.5129E-09 4.4046E-09 4.2982E-09 4.1946E-09 4.0890E-09 3.9860E-09 3.8842E-09 3.7832E-09 3.6645E-09 3.5487E-09
4.9736E-09 5.1366E-09 5.2978E-09 5.4545E-09 5.6082E-09 5.7581E-09 5.9034E-09 6.0434E-09 6.1772E-09 6.3043E-09 6.4237E-09 6.5356E-09 6.6387E-09 6.7353E-09 6.8221E-09 6.8990E-09 6.9644E-09 7.0148E-09 7.0535E-09 7.0806E-09 7.0961E-09 7.1009E-09 7.0947E-09 7.0776E-09 7.0499E-09 7.0123E-09 6.9650E-09 6.9085E-09 6.8435E-09 6.7704E-09 6.6899E-09 6.6026E-09 6.5091E-09 6.4101E-09 6.2756E-09 6.1696E-09 6.0587E-09 5.9444E-09 5.8001E-09 5.6852E-09 5.5653E-09 5.4160E-09 5.3006E-09 5.1825E-09 5.0348E-09 4.9205E-09 4.7784E-09 4.6631E-09 4.5522E-09 4.4379E-09 4.3263E-09 4.2173E-09 4.1060E-09 3.9988E-09 3.8924E-09 3.7870E-09 3.6643E-09
