Assets/Resources/2015_m01_d13_0900(utc+0800)_l00_csi_1hr_conc.grd
DSAA
         159         159
     -79.000      79.000
     -79.000      79.000
  0.0000E+00  0.9504E-05
[rows 100 to 124 of 159, columns 0 to 56 of 159]
2.3096E-09 2.4124E-09 2.5163E-09 2.6296E-09 2.7408E-09 2.8531E-09 2.9743E-09 3.0913E-09 3.2085E-09 3.3333E-09 3.4525E-09 3.5731E-09 3.6988E-09 3.8176E-09 3.9377E-09 4.0579E-09 4.1736E-09 4.2893E-09 4.4133E-09 4.5267E-09 4.6392E-09 4.7608E-09 4.8838E-09 4.9974E-09 5.1212E-09 5.2590E-09 5.3787E-09 5.5077E-09 5.6593E-09 5.7887E-09 5.9178E-09 6.0831E-09 6.2205E-09 6.3579E-09 6.5193E-09 6.6616E-09 6.8034E-09 6.9542E-09 7.0879E-09 7.2148E-09 7.3386E-09 7.4555E-09 7.5559E-09 7.6397E-09 7.7076E-09 7.7557E-09 7.7841E-09 7.7958E-09 7.7826E-09 7.7410E-09 7.6721E-09 7.5782E-09 7.4627E-09 7.3204E-09 7.1456E-09 6.9384E-09 6.7024E-09
2.1820E-09 2.2775E-09 2.3735E-09 2.4770E-09 2.5805E-09 2.6833E-09 2.7941E-09 2.9030E-09 3.0098E-09 3.1237E-09 3.2340E-09 3.3428E-09 3.4581E-09 3.5675E-09 3.6751E-09 3.7852E-09 3.8919E-09 3.9958E-09 4.1088E-09 4.2121E-09 4.3135E-09 4.4245E-09 4.5369E-09 4.6408E-09 4.7535E-09 4.8786E-09 4.9882E-09 5.1067E-09 5.2430E-09 5.3605E-09 5.4779E-09 5.6266E-09 5.7490E-09 5.8717E-09 6.0143E-09 6.1398E-09 6.2629E-09 6.3894E-09 6.5067E-09 6.6164E-09 6.7197E-09 6.8142E-09 6.8956E-09 6.9607E-09 7.0102E-09 7.0425E-09 7.0556E-09 7.0470E-09 7.0139E-09 6.9616E-09 6.8869E-09 6.7884E-09 6.6657E-09 6.5227E-09 6.3505E-09 6.1543E-09 5.9338E-09
2.0565E-09 2.1441E-09 2.2334E-09 2.3272E-09 2.4224E-09 2.5174E-09 2.6172E-09 2.7176E-09 2.8158E-09 2.9180E-09 3.0194E-09 3.1182E-09 3.2219E-09 3.3226E-09 3.4197E-09 3.5179E-09 3.6162E-09 3.7100E-09 3.8112E-09 3.9050E-09 3.9966E-09 4.0966E-09 4.1991E-09 4.2935E-09 4.3960E-09 4.5092E-09 4.6082E-09 4.7162E-09 4.8394E-09 4.9435E-09 5.0496E-09 5.1825E-09 5.2914E-09 5.4000E-09 5.5235E-09 5.6332E-09 5.7388E-09 5.8443E-09 5.9459E-09 6.0402E-09 6.1257E-09 6.1986E-09 6.2600E-09 6.3103E-09 6.3455E-09 6.3633E-09 6.3617E-09 6.3389E-09 6.2965E-09 6.2312E-09 6.1471E-09 6.0456E-09 5.9302E-09 5.7925E-09 5.6281E-09 5.4398E-09 5.2321E-09
1.9339E-09 2.0131E-09 2.0958E-09 2.1812E-09 2.2673E-09 2.3553E-09 2.4451E-09 2.5356E-09 2.6264E-09 2.7180E-09 2.8092E-09 2.9000E-09 2.9920E-09 3.0834E-09 3.1723E-09 3.2587E-09 3.3472E-09 3.4333E-09 3.5232E-09 3.6073E-09 3.6898E-09 3.7793E-09 3.8717E-09 3.9574E-09 4.0502E-09 4.1519E-09 4.2410E-09 4.3381E-09 4.4495E-09 4.5425E-09 4.6355E-09 4.7529E-09 4.8503E-09 4.9456E-09 5.0509E-09 5.1454E-09 5.2359E-09 5.3250E-09 5.4076E-09 5.4856E-09 5.5545E-09 5.6120E-09 5.6561E-09 5.6913E-09 5.7114E-09 5.7163E-09 5.6986E-09 5.6638E-09 5.6098E-09 5.5395E-09 5.4513E-09 5.3513E-09 5.2333E-09 5.0936E-09 4.9374E-09 4.7590E-09 4.5688E-09
1.8144E-09 1.8856E-09 1.9608E-09 2.0398E-09 2.1163E-09 2.1967E-09 2.2787E-09 2.3584E-09 2.4414E-09 2.5249E-09 2.6052E-09 2.6879E-09 2.7706E-09 2.8511E-09 2.9322E-09 3.0097E-09 3.0866E-09 3.1651E-09 3.2464E-09 3.3201E-09 3.3946E-09 3.4748E-09 3.5569E-09 3.6343E-09 3.7181E-09 3.8090E-09 3.8889E-09 3.9747E-09 4.0747E-09 4.1578E-09 4.2395E-09 4.3393E-09 4.4271E-09 4.5109E-09 4.5989E-09 4.6761E-09 4.7527E-09 4.8293E-09 4.8992E-09 4.9586E-09 5.0092E-09 5.0503E-09 5.0844E-09 5.1070E-09 5.1145E-09 5.1030E-09 5.0752E-09 5.0312E-09 4.9697E-09 4.8965E-09 4.8089E-09 4.7104E-09 4.5942E-09 4.4620E-09 4.3170E-09 4.1547E-09 3.9775E-09
1.6976E-09 1.7623E-09 1.8296E-09 1.9023E-09 1.9708E-09 2.0421E-09 2.1176E-09 2.1879E-09 2.2614E-09 2.3384E-09 2.4092E-09 2.4821E-09 2.5580E-09 2.6281E-09 2.7000E-09 2.7708E-09 2.8378E-09 2.9064E-09 2.9810E-09 3.0460E-09 3.1110E-09 3.1834E-09 3.2561E-09 3.3246E-09 3.4002E-09 3.4810E-09 3.5525E-09 3.6282E-09 3.7159E-09 3.7899E-09 3.8635E-09 3.9480E-09 4.0218E-09 4.0944E-09 4.1670E-09 4.2325E-09 4.2971E-09 4.3565E-09 4.4053E-09 4.4505E-09 4.4849E-09 4.5190E-09 4.5397E-09 4.5484E-09 4.5410E-09 4.5178E-09 4.4790E-09 4.4253E-09 4.3591E-09 4.2829E-09 4.1965E-09 4.0961E-09 3.9844E-09 3.8599E-09 3.7210E-09 3.5752E-09 3.4110E-09
1.5839E-09 1.6436E-09 1.7030E-09 1.7685E-09 1.8312E-09 1.8930E-09 1.9611E-09 2.0250E-09 2.0880E-09 2.1576E-09 2.2221E-09 2.2846E-09 2.3525E-09 2.4157E-09 2.4772E-09 2.5409E-09 2.6014E-09 2.6598E-09 2.7259E-09 2.7856E-09 2.8417E-09 2.9054E-09 2.9704E-09 3.0305E-09 3.0968E-09 3.1694E-09 3.2325E-09 3.2997E-09 3.3761E-09 3.4404E-09 3.5054E-09 3.5782E-09 3.6368E-09 3.6943E-09 3.7547E-09 3.8115E-09 3.8642E-09 3.9067E-09 3.9441E-09 3.9738E-09 4.0065E-09 4.0294E-09 4.0397E-09 4.0369E-09 4.0203E-09 3.9887E-09 3.9426E-09 3.8869E-09 3.8215E-09 3.7464E-09 3.6623E-09 3.5683E-09 3.4638E-09 3.3521E-09 3.2246E-09 3.0911E-09 2.9486E-09
1.4743E-09 1.5286E-09 1.5820E-09 1.6392E-09 1.6963E-09 1.7509E-09 1.8099E-09 1.8684E-09 1.9237E-09 1.9834E-09 2.0427E-09 2.0977E-09 2.1557E-09 2.2131E-09 2.2667E-09 2.3209E-09 2.3761E-09 2.4276E-09 2.4831E-09 2.5371E-09 2.5880E-09 2.6423E-09 2.6997E-09 2.7535E-09 2.8106E-09 2.8747E-09 2.9304E-09 2.9891E-09 3.0553E-09 3.1115E-09 3.1656E-09 3.2245E-09 3.2759E-09 3.3228E-09 3.3734E-09 3.4210E-09 3.4574E-09 3.4861E-09 3.5161E-09 3.5436E-09 3.5684E-09 3.5781E-09 3.5820E-09 3.5674E-09 3.5458E-09 3.5078E-09 3.4599E-09 3.4035E-09 3.3404E-09 3.2659E-09 3.1861E-09 3.0979E-09 3.0032E-09 2.8981E-09 2.7873E-09 2.6645E-09 2.5390E-09
1.3694E-09 1.4174E-09 1.4661E-09 1.5156E-09 1.5658E-09 1.6156E-09 1.6657E-09 1.7173E-09 1.7678E-09 1.8179E-09 1.8697E-09 1.9204E-09 1.9696E-09 2.0189E-09 2.0682E-09 2.1137E-09 2.1611E-09 2.2085E-09 2.2563E-09 2.3008E-09 2.3475E-09 2.3960E-09 2.4445E-09 2.4921E-09 2.5420E-09 2.5971E-09 2.6456E-09 2.6983E-09 2.7530E-09 2.8023E-09 2.8467E-09 2.8925E-09 2.9357E-09 2.9772E-09 3.0133E-09 3.0387E-09 3.0615E-09 3.0962E-09 3.1197E-09 3.1415E-09 3.1513E-09 3.1558E-09 3.1454E-09 3.1276E-09 3.0950E-09 3.0532E-09 3.0034E-09 2.9463E-09 2.8817E-09 2.8099E-09 2.7327E-09 2.6511E-09 2.5630E-09 2.4658E-09 2.3649E-09 2.2566E-09 2.1436E-09
1.2697E-09 1.3111E-09 1.3545E-09 1.3988E-09 1.4410E-09 1.4858E-09 1.5304E-09 1.5731E-09 1.6187E-09 1.6633E-09 1.7052E-09 1.7508E-09 1.7954E-09 1.8355E-09 1.8788E-09 1.9203E-09 1.9590E-09 2.0002E-09 2.0441E-09 2.0812E-09 2.1196E-09 2.1645E-09 2.2071E-09 2.2466E-09 2.2909E-09 2.3384E-09 2.3794E-09 2.4246E-09 2.4697E-09 2.5083E-09 2.5442E-09 2.5786E-09 2.6126E-09 2.6419E-09 2.6584E-09 2.6843E-09 2.7079E-09 2.7346E-09 2.7498E-09 2.7626E-09 2.7685E-09 2.7595E-09 2.7436E-09 2.7186E-09 2.6822E-09 2.6381E-09 2.5886E-09 2.5304E-09 2.4671E-09 2.3991E-09 2.3277E-09 2.2517E-09 2.1696E-09 2.0827E-09 1.9908E-09 1.8929E-09 1.7889E-09
1.1740E-09 1.2103E-09 1.2472E-09 1.2872E-09 1.3234E-09 1.3613E-09 1.4019E-09 1.4382E-09 1.4760E-09 1.5170E-09 1.5527E-09 1.5894E-09 1.6306E-09 1.6658E-09 1.7001E-09 1.7375E-09 1.7719E-09 1.8046E-09 1.8434E-09 1.8775E-09 1.9087E-09 1.9457E-09 1.9855E-09 2.0198E-09 2.0561E-09 2.0971E-09 2.1316E-09 2.1650E-09 2.1985E-09 2.2330E-09 2.2684E-09 2.2958E-09 2.3132E-09 2.3292E-09 2.3576E-09 2.3833E-09 2.4045E-09 2.4191E-09 2.4333E-09 2.4377E-09 2.4390E-09 2.4276E-09 2.4110E-09 2.3834E-09 2.3481E-09 2.3071E-09 2.2565E-09 2.2053E-09 2.1470E-09 2.0876E-09 2.0234E-09 1.9553E-09 1.8821E-09 1.8033E-09 1.7111E-09 1.6321E-09 1.5440E-09
1.0822E-09 1.1148E-09 1.1459E-09 1.1803E-09 1.2130E-09 1.2440E-09 1.2791E-09 1.3119E-09 1.3422E-09 1.3772E-09 1.4102E-09 1.4397E-09 1.4728E-09 1.5070E-09 1.5359E-09 1.5651E-09 1.5967E-09 1.6252E-09 1.6553E-09 1.6860E-09 1.7146E-09 1.7444E-09 1.7771E-09 1.8091E-09 1.8400E-09 1.8693E-09 1.9010E-09 1.9272E-09 1.9519E-09 1.9784E-09 2.0040E-09 2.0106E-09 2.0351E-09 2.0559E-09 2.0797E-09 2.0943E-09 2.1118E-09 2.1219E-09 2.1261E-09 2.1256E-09 2.1193E-09 2.1049E-09 2.0828E-09 2.0550E-09 2.0194E-09 1.9747E-09 1.9286E-09 1.8778E-09 1.8247E-09 1.7653E-09 1.7061E-09 1.6438E-09 1.5716E-09 1.4939E-09 1.4264E-09 1.3541E-09 1.2822E-09
9.9521E-10 1.0235E-09 1.0509E-09 1.0793E-09 1.1080E-09 1.1352E-09 1.1632E-09 1.1922E-09 1.2191E-09 1.2453E-09 1.2750E-09 1.3019E-09 1.3264E-09 1.3552E-09 1.3835E-09 1.4073E-09 1.4317E-09 1.4584E-09 1.4842E-09 1.5069E-09 1.5330E-09 1.5595E-09 1.5853E-09 1.6098E-09 1.6351E-09 1.6570E-09 1.6775E-09 1.7030E-09 1.7229E-09 1.7299E-09 1.7469E-09 1.7680E-09 1.7885E-09 1.8065E-09 1.8202E-09 1.8324E-09 1.8398E-09 1.8460E-09 1.8445E-09 1.8411E-09 1.8285E-09 1.8101E-09 1.7866E-09 1.7566E-09 1.7175E-09 1.6780E-09 1.6328E-09 1.5802E-09 1.5310E-09 1.4801E-09 1.4260E-09 1.3516E-09 1.2963E-09 1.2382E-09 1.1797E-09 1.1163E-09 1.0535E-09
9.1376E-10 9.3678E-10 9.6094E-10 9.8519E-10 1.0083E-09 1.0326E-09 1.0557E-09 1.0788E-09 1.1033E-09 1.1251E-09 1.1474E-09 1.1723E-09 1.1941E-09 1.2142E-09 1.2389E-09 1.2622E-09 1.2813E-09 1.3015E-09 1.3254E-09 1.3454E-09 1.3639E-09 1.3850E-09 1.4073E-09 1.4244E-09 1.4423E-09 1.4637E-09 1.4817E-09 1.4928E-09 1.5050E-09 1.5197E-09 1.5346E-09 1.5512E-09 1.5656E-09 1.5789E-09 1.5877E-09 1.5939E-09 1.5951E-09 1.5978E-09 1.5922E-09 1.5832E-09 1.5702E-09 1.5502E-09 1.5212E-09 1.4902E-09 1.4530E-09 1.4150E-09 1.3668E-09 1.3225E-09 1.2783E-09 1.2317E-09 1.1675E-09 1.1194E-09 1.0689E-09 1.0166E-09 9.6338E-10 9.0921E-10 8.5190E-10
8.3674E-10 8.5607E-10 8.7558E-10 8.9667E-10 9.1586E-10 9.3540E-10 9.5551E-10 9.7429E-10 9.9356E-10 1.0138E-09 1.0314E-09 1.0499E-09 1.0707E-09 1.0882E-09 1.1043E-09 1.1252E-09 1.1442E-09 1.1595E-09 1.1758E-09 1.1961E-09 1.2113E-09 1.2246E-09 1.2393E-09 1.2553E-09 1.2709E-09 1.2845E-09 1.2957E-09 1.3086E-09 1.3189E-09 1.3308E-09 1.3462E-09 1.3582E-09 1.3688E-09 1.3762E-09 1.3825E-09 1.3852E-09 1.3840E-09 1.3831E-09 1.3754E-09 1.3657E-09 1.3489E-09 1.3266E-09 1.3017E-09 1.2709E-09 1.2308E-09 1.1908E-09 1.1548E-09 1.1173E-09 1.0614E-09 1.0220E-09 9.8097E-10 9.3836E-10 8.9364E-10 8.4748E-10 8.0032E-10 7.5397E-10 7.0409E-10
7.6339E-10 7.8081E-10 7.9638E-10 8.1274E-10 8.3015E-10 8.4545E-10 8.6156E-10 8.7791E-10 8.9287E-10 9.0876E-10 9.2520E-10 9.3927E-10 9.5425E-10 9.7143E-10 9.8511E-10 9.9792E-10 1.0150E-09 1.0309E-09 1.0429E-09 1.0542E-09 1.0677E-09 1.0775E-09 1.0897E-09 1.1015E-09 1.1143E-09 1.1270E-09 1.1338E-09 1.1431E-09 1.1546E-09 1.1653E-09 1.1749E-09 1.1836E-09 1.1905E-09 1.1936E-09 1.1970E-09 1.1956E-09 1.1944E-09 1.1911E-09 1.1838E-09 1.1686E-09 1.1527E-09 1.1304E-09 1.1007E-09 1.0682E-09 1.0374E-09 1.0061E-09 9.7162E-10 9.2712E-10 8.9345E-10 8.5815E-10 8.2089E-10 7.8232E-10 7.4214E-10 7.0119E-10 6.5978E-10 6.1824E-10 5.7782E-10
6.9514E-10 7.0939E-10 7.2325E-10 7.3549E-10 7.4900E-10 7.6293E-10 7.7478E-10 7.8785E-10 8.0095E-10 8.1262E-10 8.2543E-10 8.3869E-10 8.4957E-10 8.6139E-10 8.7528E-10 8.8611E-10 8.9591E-10 9.0956E-10 9.2166E-10 9.2721E-10 9.3521E-10 9.4722E-10 9.5726E-10 9.6453E-10 9.7121E-10 9.8055E-10 9.8764E-10 9.9492E-10 1.0025E-09 1.0126E-09 1.0227E-09 1.0283E-09 1.0312E-09 1.0323E-09 1.0313E-09 1.0296E-09 1.0265E-09 1.0188E-09 1.0084E-09 9.9422E-10 9.7779E-10 9.5522E-10 9.2956E-10 8.9799E-10 8.6729E-10 8.3123E-10 8.0404E-10 7.7503E-10 7.4582E-10 7.1415E-10 6.8170E-10 6.4782E-10 6.1308E-10 5.7689E-10 5.3952E-10 5.0244E-10 4.6709E-10
6.3238E-10 6.4288E-10 6.5420E-10 6.6493E-10 6.7425E-10 6.8510E-10 6.9602E-10 7.0495E-10 7.1528E-10 7.2562E-10 7.3454E-10 7.4452E-10 7.5500E-10 7.6331E-10 7.7188E-10 7.8327E-10 7.9189E-10 7.9942E-10 8.0700E-10 8.1406E-10 8.1981E-10 8.2586E-10 8.3266E-10 8.3920E-10 8.4232E-10 8.4569E-10 8.5283E-10 8.6342E-10 8.7069E-10 8.7625E-10 8.7959E-10 8.8511E-10 8.8678E-10 8.8677E-10 8.8399E-10 8.8200E-10 8.7738E-10 8.6614E-10 8.5409E-10 8.4058E-10 8.2302E-10 7.9532E-10 7.7115E-10 7.4055E-10 7.1889E-10 6.9543E-10 6.6998E-10 6.4398E-10 6.1698E-10 5.8836E-10 5.5914E-10 5.2947E-10 5.0147E-10 4.7102E-10 4.3973E-10 4.0713E-10 3.7455E-10
5.7318E-10 5.8224E-10 5.8994E-10 5.9869E-10 6.0674E-10 6.1352E-10 6.2200E-10 6.3042E-10 6.3683E-10 6.4472E-10 6.5281E-10 6.5941E-10 6.6658E-10 6.7500E-10 6.8105E-10 6.8708E-10 6.9596E-10 7.0093E-10 7.0291E-10 7.0716E-10 7.1530E-10 7.2199E-10 7.2538E-10 7.2697E-10 7.3287E-10 7.3490E-10 7.4023E-10 7.4652E-10 7.5500E-10 7.6053E-10 7.6379E-10 7.6506E-10 7.6390E-10 7.6396E-10 7.6459E-10 7.6160E-10 7.5301E-10 7.4384E-10 7.3370E-10 7.1654E-10 6.9430E-10 6.7172E-10 6.5291E-10 6.3436E-10 6.1525E-10 5.9439E-10 5.7188E-10 5.4971E-10 5.2581E-10 5.0133E-10 4.7597E-10 4.5029E-10 4.2381E-10 3.9723E-10 3.7075E-10 3.4449E-10 3.1617E-10
5.1777E-10 5.2536E-10 5.3180E-10 5.3721E-10 5.4369E-10 5.4955E-10 5.5415E-10 5.6048E-10 5.6687E-10 5.7119E-10 5.7684E-10 5.8311E-10 5.8773E-10 5.9251E-10 5.9909E-10 6.0373E-10 6.0652E-10 6.0951E-10 6.1217E-10 6.1373E-10 6.1816E-10 6.2300E-10 6.2697E-10 6.2793E-10 6.2927E-10 6.3340E-10 6.4288E-10 6.4822E-10 6.5179E-10 6.5443E-10 6.5798E-10 6.5936E-10 6.6011E-10 6.5886E-10 6.5687E-10 6.5229E-10 6.4654E-10 6.3535E-10 6.1957E-10 6.0263E-10 5.8878E-10 5.7495E-10 5.5978E-10 5.4335E-10 5.2556E-10 5.0696E-10 4.8716E-10 4.6674E-10 4.4559E-10 4.2365E-10 4.0131E-10 3.7878E-10 3.5603E-10 3.3327E-10 3.1067E-10 2.8837E-10 2.6394E-10
4.6764E-10 4.7229E-10 4.7753E-10 4.8201E-10 4.8546E-10 4.8996E-10 4.9408E-10 4.9685E-10 5.0119E-10 5.0600E-10 5.0858E-10 5.1230E-10 5.1686E-10 5.2027E-10 5.2263E-10 5.2661E-10 5.2692E-10 5.2557E-10 5.2785E-10 5.3366E-10 5.3360E-10 5.3301E-10 5.3425E-10 5.3838E-10 5.4363E-10 5.4740E-10 5.5174E-10 5.5714E-10 5.6274E-10 5.6392E-10 5.6455E-10 5.6397E-10 5.6534E-10 5.6700E-10 5.6207E-10 5.5492E-10 5.4412E-10 5.3217E-10 5.2333E-10 5.1494E-10 5.0399E-10 4.9170E-10 4.7826E-10 4.6364E-10 4.4800E-10 4.3176E-10 4.1417E-10 3.9601E-10 3.7727E-10 3.5827E-10 3.3904E-10 3.1968E-10 3.0020E-10 2.8075E-10 2.6086E-10 2.3922E-10 2.1729E-10
4.2094E-10 4.2453E-10 4.2718E-10 4.3062E-10 4.3358E-10 4.3537E-10 4.3806E-10 4.4086E-10 4.4218E-10 4.4471E-10 4.4823E-10 4.4958E-10 4.5135E-10 4.5472E-10 4.5603E-10 4.5342E-10 4.5369E-10 4.5492E-10 4.5638E-10 4.5616E-10 4.5475E-10 4.5633E-10 4.5523E-10 4.5682E-10 4.6191E-10 4.6879E-10 4.7321E-10 4.7537E-10 4.7594E-10 4.7888E-10 4.8181E-10 4.8295E-10 4.8276E-10 4.7779E-10 4.7192E-10 4.6535E-10 4.6201E-10 4.5601E-10 4.4832E-10 4.3923E-10 4.2889E-10 4.1735E-10 4.0491E-10 3.9298E-10 3.7986E-10 3.6516E-10 3.4983E-10 3.3412E-10 3.1797E-10 3.0165E-10 2.8517E-10 2.6864E-10 2.5170E-10 2.3368E-10 2.1388E-10 1.9452E-10 1.7684E-10
3.7624E-10 3.8004E-10 3.8210E-10 3.8320E-10 3.8517E-10 3.8701E-10 3.8750E-10 3.8861E-10 3.9027E-10 3.9056E-10 3.9139E-10 3.9387E-10 3.9455E-10 3.9363E-10 3.9333E-10 3.9139E-10 3.9052E-10 3.8952E-10 3.9067E-10 3.8827E-10 3.8353E-10 3.8240E-10 3.8678E-10 3.9054E-10 3.9300E-10 3.9547E-10 3.9944E-10 4.0389E-10 4.0557E-10 4.0603E-10 4.0654E-10 4.0781E-10 4.0621E-10 4.0327E-10 4.0020E-10 3.9685E-10 3.9214E-10 3.8611E-10 3.8054E-10 3.7324E-10 3.6565E-10 3.5565E-10 3.4474E-10 3.3304E-10 3.2075E-10 3.0795E-10 2.9466E-10 2.8110E-10 2.6721E-10 2.5321E-10 2.3815E-10 2.2353E-10 2.0762E-10 1.9171E-10 1.7611E-10 1.6095E-10 1.4683E-10
3.3567E-10 3.3728E-10 3.3947E-10 3.4067E-10 3.4089E-10 3.4162E-10 3.4261E-10 3.4223E-10 3.4191E-10 3.4260E-10 3.4240E-10 3.4182E-10 3.4182E-10 3.4031E-10 3.3528E-10 3.3464E-10 3.3356E-10 3.3150E-10 3.2667E-10 3.2361E-10 3.2353E-10 3.2371E-10 3.2475E-10 3.2893E-10 3.3325E-10 3.3624E-10 3.3730E-10 3.3724E-10 3.3945E-10 3.4280E-10 3.4479E-10 3.4503E-10 3.4172E-10 3.3901E-10 3.3825E-10 3.3663E-10 3.3349E-10 3.2944E-10 3.2294E-10 3.1545E-10 3.0710E-10 2.9796E-10 2.8827E-10 2.7796E-10 2.6940E-10 2.5845E-10 2.4700E-10 2.3536E-10 2.2348E-10 2.0926E-10 1.9655E-10 1.8196E-10 1.6754E-10 1.5417E-10 1.4112E-10 1.2908E-10 1.1720E-10
2.9839E-10 2.9953E-10 2.9969E-10 3.0041E-10 3.0105E-10 3.0060E-10 3.0021E-10 3.0053E-10 2.9989E-10 2.9841E-10 2.9803E-10 2.9658E-10 2.9284E-10 2.8878E-10 2.8810E-10 2.8535E-10 2.8223E-10 2.7903E-10 2.7494E-10 2.7174E-10 2.7113E-10 2.7431E-10 2.7888E-10 2.7940E-10 2.8017E-10 2.8207E-10 2.8477E-10 2.8627E-10 2.8599E-10 2.8735E-10 2.8912E-10 2.8829E-10 2.8806E-10 2.8819E-10 2.8726E-10 2.8391E-10 2.7956E-10 2.7492E-10 2.7042E-10 2.6387E-10 2.5814E-10 2.5028E-10 2.4180E-10 2.3284E-10 2.2355E-10 2.1558E-10 2.0542E-10 1.9489E-10 1.8038E-10 1.6998E-10 1.5887E-10 1.4709E-10 1.3444E-10 1.2260E-10 1.1245E-10 1.0269E-10 9.1965E-11
