Assets/Resources/2015_m01_d21_0500(utc+0800)_l00_csi_1hr_conc.grd
DSAA
         159         159
     -79.000      79.000
     -79.000      79.000
  0.9201E-09  0.1116E-04
[rows 125 to 149 of 159, columns 57 to 113 of 159]
7.3649E-09 7.3525E-09 7.3373E-09 7.3186E-09 7.2975E-09 7.2733E-09 7.2468E-09 7.2176E-09 7.1863E-09 7.1528E-09 7.1171E-09 7.0772E-09 7.0347E-09 6.9894E-09 6.9433E-09 6.8949E-09 6.8457E-09 6.7945E-09 6.7425E-09 6.6890E-09 6.6336E-09 6.5780E-09 6.5204E-09 6.4606E-09 6.3987E-09 6.3359E-09 6.2709E-09 6.2003E-09 6.1245E-09 6.0609E-09 5.9966E-09 5.9323E-09 5.8709E-09 5.8087E-09 5.7429E-09 5.6786E-09 5.6130E-09 5.5473E-09 5.4812E-09 5.4151E-09 5.3487E-09 5.2824E-09 5.2157E-09 5.1493E-09 5.0825E-09 5.0155E-09 4.9478E-09 4.8795E-09 4.8110E-09 4.7417E-09 4.6724E-09 4.6027E-09 4.5336E-09 4.4645E-09 4.3958E-09 4.3278E-09 4.2594E-09
7.2306E-09 7.2205E-09 7.2072E-09 7.1908E-09 7.1715E-09 7.1494E-09 7.1248E-09 7.0976E-09 7.0684E-09 7.0366E-09 7.0031E-09 6.9672E-09 6.9290E-09 6.8868E-09 6.8425E-09 6.7965E-09 6.7492E-09 6.7002E-09 6.6502E-09 6.5985E-09 6.5462E-09 6.4917E-09 6.4345E-09 6.3750E-09 6.3152E-09 6.2508E-09 6.1769E-09 6.1076E-09 6.0478E-09 5.9860E-09 5.9260E-09 5.8669E-09 5.8074E-09 5.7442E-09 5.6829E-09 5.6206E-09 5.5556E-09 5.4912E-09 5.4262E-09 5.3608E-09 5.2960E-09 5.2303E-09 5.1647E-09 5.0989E-09 5.0336E-09 4.9678E-09 4.9019E-09 4.8353E-09 4.7683E-09 4.7011E-09 4.6331E-09 4.5651E-09 4.4966E-09 4.4280E-09 4.3599E-09 4.2922E-09 4.2251E-09
7.0942E-09 7.0864E-09 7.0750E-09 7.0608E-09 7.0433E-09 7.0234E-09 7.0004E-09 6.9753E-09 6.9476E-09 6.9179E-09 6.8860E-09 6.8522E-09 6.8165E-09 6.7789E-09 6.7379E-09 6.6945E-09 6.6488E-09 6.6022E-09 6.5530E-09 6.5037E-09 6.4522E-09 6.3989E-09 6.3426E-09 6.2816E-09 6.2185E-09 6.1486E-09 6.0854E-09 6.0278E-09 5.9707E-09 5.9125E-09 5.8553E-09 5.7974E-09 5.7365E-09 5.6775E-09 5.6179E-09 5.5562E-09 5.4945E-09 5.4324E-09 5.3693E-09 5.3049E-09 5.2404E-09 5.1757E-09 5.1110E-09 5.0460E-09 4.9812E-09 4.9161E-09 4.8513E-09 4.7862E-09 4.7211E-09 4.6554E-09 4.5892E-09 4.5229E-09 4.4560E-09 4.3892E-09 4.3220E-09 4.2554E-09 4.1890E-09
6.9553E-09 6.9496E-09 6.9402E-09 6.9287E-09 6.9132E-09 6.8951E-09 6.8741E-09 6.8508E-09 6.8250E-09 6.7971E-09 6.7661E-09 6.7342E-09 6.7000E-09 6.6644E-09 6.6268E-09 6.5872E-09 6.5443E-09 6.4989E-09 6.4526E-09 6.4046E-09 6.3522E-09 6.2981E-09 6.2386E-09 6.1773E-09 6.1135E-09 6.0555E-09 6.0033E-09 5.9482E-09 5.8920E-09 5.8368E-09 5.7807E-09 5.7217E-09 5.6644E-09 5.6068E-09 5.5479E-09 5.4881E-09 5.4285E-09 5.3681E-09 5.3070E-09 5.2449E-09 5.1819E-09 5.1183E-09 5.0544E-09 4.9905E-09 4.9264E-09 4.8624E-09 4.7984E-09 4.7343E-09 4.6703E-09 4.6064E-09 4.5420E-09 4.4771E-09 4.4122E-09 4.3467E-09 4.2812E-09 4.2154E-09 4.1499E-09
6.8153E-09 6.8113E-09 6.8047E-09 6.7942E-09 6.7808E-09 6.7644E-09 6.7455E-09 6.7237E-09 6.6998E-09 6.6727E-09 6.6444E-09 6.6139E-09 6.5817E-09 6.5475E-09 6.5118E-09 6.4743E-09 6.4346E-09 6.3916E-09 6.3464E-09 6.2956E-09 6.2411E-09 6.1862E-09 6.1271E-09 6.0702E-09 6.0199E-09 5.9702E-09 5.9170E-09 5.8644E-09 5.8114E-09 5.7573E-09 5.7003E-09 5.6448E-09 5.5890E-09 5.5319E-09 5.4737E-09 5.4163E-09 5.3582E-09 5.2979E-09 5.2385E-09 5.1784E-09 5.1176E-09 5.0558E-09 4.9931E-09 4.9303E-09 4.8672E-09 4.8043E-09 4.7411E-09 4.6782E-09 4.6151E-09 4.5522E-09 4.4892E-09 4.4262E-09 4.3627E-09 4.2990E-09 4.2353E-09 4.1710E-09 4.1069E-09
6.6745E-09 6.6728E-09 6.6675E-09 6.6586E-09 6.6471E-09 6.6324E-09 6.6152E-09 6.5953E-09 6.5730E-09 6.5477E-09 6.5203E-09 6.4915E-09 6.4609E-09 6.4284E-09 6.3936E-09 6.3570E-09 6.3178E-09 6.2743E-09 6.2289E-09 6.1768E-09 6.1238E-09 6.0721E-09 6.0221E-09 5.9758E-09 5.9289E-09 5.8785E-09 5.8286E-09 5.7781E-09 5.7266E-09 5.6721E-09 5.6186E-09 5.5647E-09 5.5096E-09 5.4532E-09 5.3976E-09 5.3411E-09 5.2827E-09 5.2254E-09 5.1677E-09 5.1093E-09 5.0501E-09 4.9903E-09 4.9298E-09 4.8685E-09 4.8066E-09 4.7446E-09 4.6826E-09 4.6205E-09 4.5585E-09 4.4965E-09 4.4346E-09 4.3727E-09 4.3110E-09 4.2490E-09 4.1866E-09 4.1242E-09 4.0615E-09
6.5344E-09 6.5329E-09 6.5286E-09 6.5216E-09 6.5116E-09 6.4988E-09 6.4832E-09 6.4651E-09 6.4437E-09 6.4209E-09 6.3950E-09 6.3673E-09 6.3381E-09 6.3067E-09 6.2721E-09 6.2336E-09 6.1934E-09 6.1475E-09 6.1019E-09 6.0571E-09 6.0119E-09 5.9676E-09 5.9242E-09 5.8789E-09 5.8323E-09 5.7848E-09 5.7370E-09 5.6874E-09 5.6362E-09 5.5852E-09 5.5338E-09 5.4808E-09 5.4263E-09 5.3726E-09 5.3180E-09 5.2613E-09 5.2058E-09 5.1497E-09 5.0923E-09 5.0352E-09 4.9783E-09 4.9202E-09 4.8616E-09 4.8028E-09 4.7427E-09 4.6820E-09 4.6211E-09 4.5600E-09 4.4992E-09 4.4381E-09 4.3773E-09 4.3164E-09 4.2557E-09 4.1951E-09 4.1344E-09 4.0736E-09 4.0125E-09
6.3943E-09 6.3937E-09 6.3904E-09 6.3844E-09 6.3758E-09 6.3640E-09 6.3499E-09 6.3335E-09 6.3137E-09 6.2911E-09 6.2670E-09 6.2408E-09 6.2114E-09 6.1791E-09 6.1430E-09 6.1038E-09 6.0621E-09 6.0226E-09 5.9829E-09 5.9428E-09 5.9040E-09 5.8648E-09 5.8225E-09 5.7779E-09 5.7338E-09 5.6888E-09 5.6415E-09 5.5928E-09 5.5445E-09 5.4956E-09 5.4450E-09 5.3929E-09 5.3415E-09 5.2887E-09 5.2345E-09 5.1803E-09 5.1260E-09 5.0703E-09 5.0144E-09 4.9589E-09 4.9028E-09 4.8463E-09 4.7892E-09 4.7316E-09 4.6735E-09 4.6148E-09 4.5555E-09 4.4957E-09 4.4358E-09 4.3760E-09 4.3162E-09 4.2564E-09 4.1968E-09 4.1372E-09 4.0778E-09 4.0185E-09 3.9591E-09
6.2544E-09 6.2540E-09 6.2516E-09 6.2466E-09 6.2384E-09 6.2284E-09 6.2152E-09 6.1996E-09 6.1809E-09 6.1605E-09 6.1361E-09 6.1098E-09 6.0794E-09 6.0465E-09 6.0122E-09 5.9770E-09 5.9413E-09 5.9044E-09 5.8679E-09 5.8327E-09 5.7961E-09 5.7573E-09 5.7165E-09 5.6759E-09 5.6335E-09 5.5889E-09 5.5426E-09 5.4969E-09 5.4503E-09 5.4021E-09 5.3525E-09 5.3035E-09 5.2530E-09 5.2011E-09 5.1489E-09 5.0964E-09 5.0431E-09 4.9885E-09 4.9346E-09 4.8803E-09 4.8255E-09 4.7704E-09 4.7147E-09 4.6587E-09 4.6022E-09 4.5452E-09 4.4878E-09 4.4298E-09 4.3713E-09 4.3126E-09 4.2539E-09 4.1954E-09 4.1367E-09 4.0783E-09 4.0199E-09 3.9617E-09 3.9036E-09
6.1143E-09 6.1153E-09 6.1138E-09 6.1091E-09 6.1019E-09 6.0917E-09 6.0804E-09 6.0643E-09 6.0466E-09 6.0259E-09 6.0026E-09 5.9765E-09 5.9463E-09 5.9165E-09 5.8859E-09 5.8533E-09 5.8211E-09 5.7889E-09 5.7563E-09 5.7212E-09 5.6849E-09 5.6474E-09 5.6096E-09 5.5705E-09 5.5286E-09 5.4859E-09 5.4429E-09 5.3986E-09 5.3530E-09 5.3056E-09 5.2588E-09 5.2108E-09 5.1612E-09 5.1112E-09 5.0610E-09 5.0097E-09 4.9570E-09 4.9050E-09 4.8514E-09 4.7978E-09 4.7445E-09 4.6905E-09 4.6362E-09 4.5816E-09 4.5266E-09 4.4712E-09 4.4154E-09 4.3592E-09 4.3026E-09 4.2455E-09 4.1881E-09 4.1306E-09 4.0732E-09 4.0159E-09 3.9587E-09 3.9016E-09 3.8446E-09
5.9754E-09 5.9772E-09 5.9758E-09 5.9715E-09 5.9647E-09 5.9557E-09 5.9443E-09 5.9295E-09 5.9119E-09 5.8913E-09 5.8683E-09 5.8423E-09 5.8177E-09 5.7906E-09 5.7627E-09 5.7339E-09 5.7052E-09 5.6751E-09 5.6425E-09 5.6088E-09 5.5736E-09 5.5382E-09 5.5005E-09 5.4619E-09 5.4220E-09 5.3821E-09 5.3408E-09 5.2970E-09 5.2528E-09 5.2082E-09 5.1627E-09 5.1151E-09 5.0675E-09 5.0195E-09 4.9704E-09 4.9198E-09 4.8698E-09 4.8182E-09 4.7664E-09 4.7148E-09 4.6627E-09 4.6101E-09 4.5571E-09 4.5037E-09 4.4501E-09 4.3961E-09 4.3418E-09 4.2871E-09 4.2322E-09 4.1768E-09 4.1211E-09 4.0650E-09 4.0089E-09 3.9527E-09 3.8967E-09 3.8407E-09 3.7849E-09
5.8377E-09 5.8385E-09 5.8374E-09 5.8352E-09 5.8277E-09 5.8203E-09 5.8088E-09 5.7920E-09 5.7766E-09 5.7556E-09 5.7372E-09 5.7150E-09 5.6919E-09 5.6684E-09 5.6432E-09 5.6172E-09 5.5888E-09 5.5588E-09 5.5274E-09 5.4956E-09 5.4625E-09 5.4272E-09 5.3898E-09 5.3532E-09 5.3154E-09 5.2765E-09 5.2354E-09 5.1940E-09 5.1519E-09 5.1088E-09 5.0635E-09 5.0182E-09 4.9723E-09 4.9253E-09 4.8770E-09 4.8291E-09 4.7800E-09 4.7297E-09 4.6801E-09 4.6282E-09 4.5775E-09 4.5263E-09 4.4746E-09 4.4226E-09 4.3702E-09 4.3175E-09 4.2646E-09 4.2113E-09 4.1579E-09 4.1041E-09 4.0500E-09 3.9957E-09 3.9411E-09 3.8862E-09 3.8314E-09 3.7766E-09 3.7220E-09
5.6985E-09 5.7006E-09 5.7010E-09 5.6978E-09 5.6904E-09 5.6828E-09 5.6709E-09 5.6577E-09 5.6431E-09 5.6275E-09 5.6094E-09 5.5908E-09 5.5702E-09 5.5486E-09 5.5254E-09 5.4995E-09 5.4721E-09 5.4431E-09 5.4137E-09 5.3829E-09 5.3490E-09 5.3148E-09 5.2804E-09 5.2447E-09 5.2075E-09 5.1691E-09 5.1298E-09 5.0900E-09 5.0494E-09 5.0066E-09 4.9635E-09 4.9200E-09 4.8751E-09 4.8289E-09 4.7831E-09 4.7361E-09 4.6879E-09 4.6402E-09 4.5902E-09 4.5414E-09 4.4921E-09 4.4422E-09 4.3919E-09 4.3412E-09 4.2902E-09 4.2388E-09 4.1871E-09 4.1352E-09 4.0830E-09 4.0307E-09 3.9781E-09 3.9253E-09 3.8723E-09 3.8190E-09 3.7655E-09 3.7121E-09 3.6586E-09
5.5625E-09 5.5641E-09 5.5644E-09 5.5601E-09 5.5543E-09 5.5475E-09 5.5376E-09 5.5283E-09 5.5152E-09 5.5016E-09 5.4859E-09 5.4693E-09 5.4506E-09 5.4292E-09 5.4059E-09 5.3810E-09 5.3554E-09 5.3284E-09 5.2990E-09 5.2683E-09 5.2364E-09 5.2041E-09 5.1706E-09 5.1355E-09 5.0987E-09 5.0620E-09 5.0243E-09 4.9856E-09 4.9449E-09 4.9039E-09 4.8626E-09 4.8199E-09 4.7760E-09 4.7322E-09 4.6873E-09 4.6411E-09 4.5954E-09 4.5480E-09 4.5006E-09 4.4531E-09 4.4036E-09 4.3552E-09 4.3062E-09 4.2569E-09 4.2076E-09 4.1576E-09 4.1072E-09 4.0566E-09 4.0057E-09 3.9547E-09 3.9039E-09 3.8525E-09 3.8009E-09 3.7492E-09 3.6969E-09 3.6449E-09 3.5923E-09
5.4232E-09 5.4258E-09 5.4279E-09 5.4242E-09 5.4221E-09 5.4163E-09 5.4097E-09 5.4010E-09 5.3912E-09 5.3785E-09 5.3647E-09 5.3480E-09 5.3295E-09 5.3100E-09 5.2878E-09 5.2648E-09 5.2400E-09 5.2130E-09 5.1836E-09 5.1549E-09 5.1247E-09 5.0934E-09 5.0597E-09 5.0256E-09 4.9909E-09 4.9553E-09 4.9180E-09 4.8793E-09 4.8408E-09 4.8015E-09 4.7607E-09 4.7186E-09 4.6769E-09 4.6341E-09 4.5900E-09 4.5462E-09 4.5008E-09 4.4553E-09 4.4097E-09 4.3621E-09 4.3156E-09 4.2685E-09 4.2209E-09 4.1729E-09 4.1244E-09 4.0757E-09 4.0266E-09 3.9773E-09 3.9277E-09 3.8780E-09 3.8280E-09 3.7779E-09 3.7277E-09 3.6773E-09 3.6269E-09 3.5763E-09 3.5257E-09
5.2887E-09 5.2926E-09 5.2939E-09 5.2943E-09 5.2935E-09 5.2897E-09 5.2847E-09 5.2768E-09 5.2678E-09 5.2559E-09 5.2430E-09 5.2273E-09 5.2098E-09 5.1913E-09 5.1710E-09 5.1481E-09 5.1236E-09 5.0974E-09 5.0707E-09 5.0427E-09 5.0129E-09 4.9818E-09 4.9497E-09 4.9170E-09 4.8833E-09 4.8480E-09 4.8113E-09 4.7747E-09 4.7373E-09 4.6984E-09 4.6582E-09 4.6184E-09 4.5771E-09 4.5348E-09 4.4929E-09 4.4500E-09 4.4059E-09 4.3622E-09 4.3165E-09 4.2717E-09 4.2265E-09 4.1802E-09 4.1339E-09 4.0877E-09 4.0406E-09 3.9932E-09 3.9454E-09 3.8974E-09 3.8491E-09 3.8006E-09 3.7519E-09 3.7031E-09 3.6541E-09 3.6050E-09 3.5558E-09 3.5066E-09 3.4574E-09
5.1581E-09 5.1632E-09 5.1671E-09 5.1681E-09 5.1669E-09 5.1647E-09 5.1604E-09 5.1533E-09 5.1450E-09 5.1340E-09 5.1211E-09 5.1072E-09 5.0915E-09 5.0731E-09 5.0529E-09 5.0311E-09 5.0085E-09 4.9843E-09 4.9585E-09 4.9306E-09 4.9011E-09 4.8714E-09 4.8408E-09 4.8089E-09 4.7750E-09 4.7407E-09 4.7061E-09 4.6704E-09 4.6329E-09 4.5951E-09 4.5571E-09 4.5176E-09 4.4771E-09 4.4367E-09 4.3953E-09 4.3528E-09 4.3110E-09 4.2676E-09 4.2242E-09 4.1807E-09 4.1353E-09 4.0909E-09 4.0460E-09 4.0006E-09 3.9548E-09 3.9087E-09 3.8621E-09 3.8154E-09 3.7684E-09 3.7212E-09 3.6738E-09 3.6262E-09 3.5785E-09 3.5306E-09 3.4827E-09 3.4348E-09 3.3868E-09
5.0306E-09 5.0370E-09 5.0405E-09 5.0428E-09 5.0432E-09 5.0406E-09 5.0370E-09 5.0305E-09 5.0222E-09 5.0128E-09 5.0016E-09 4.9877E-09 4.9729E-09 4.9555E-09 4.9363E-09 4.9164E-09 4.8948E-09 4.8711E-09 4.8458E-09 4.8190E-09 4.7914E-09 4.7625E-09 4.7320E-09 4.7005E-09 4.6680E-09 4.6351E-09 4.6013E-09 4.5656E-09 4.5295E-09 4.4933E-09 4.4557E-09 4.4168E-09 4.3783E-09 4.3385E-09 4.2977E-09 4.2571E-09 4.2151E-09 4.1732E-09 4.1316E-09 4.0879E-09 4.0452E-09 4.0020E-09 3.9579E-09 3.9143E-09 3.8698E-09 3.8249E-09 3.7797E-09 3.7341E-09 3.6884E-09 3.6424E-09 3.5962E-09 3.5499E-09 3.5034E-09 3.4568E-09 3.4102E-09 3.3634E-09 3.3166E-09
4.9051E-09 4.9119E-09 4.9158E-09 4.9186E-09 4.9186E-09 4.9175E-09 4.9136E-09 4.9087E-09 4.9020E-09 4.8925E-09 4.8821E-09 4.8690E-09 4.8542E-09 4.8386E-09 4.8213E-09 4.8017E-09 4.7812E-09 4.7579E-09 4.7343E-09 4.7092E-09 4.6826E-09 4.6541E-09 4.6237E-09 4.5936E-09 4.5624E-09 4.5298E-09 4.4963E-09 4.4620E-09 4.4274E-09 4.3910E-09 4.3544E-09 4.3176E-09 4.2795E-09 4.2404E-09 4.2015E-09 4.1611E-09 4.1206E-09 4.0800E-09 4.0375E-09 3.9965E-09 3.9550E-09 3.9116E-09 3.8693E-09 3.8265E-09 3.7832E-09 3.7396E-09 3.6956E-09 3.6514E-09 3.6068E-09 3.5620E-09 3.5171E-09 3.4720E-09 3.4268E-09 3.3814E-09 3.3359E-09 3.2904E-09 3.2449E-09
4.7809E-09 4.7880E-09 4.7923E-09 4.7955E-09 4.7960E-09 4.7955E-09 4.7931E-09 4.7879E-09 4.7818E-09 4.7731E-09 4.7626E-09 4.7512E-09 4.7382E-09 4.7234E-09 4.7064E-09 4.6878E-09 4.6677E-09 4.6466E-09 4.6240E-09 4.5994E-09 4.5733E-09 4.5460E-09 4.5178E-09 4.4884E-09 4.4574E-09 4.4251E-09 4.3929E-09 4.3599E-09 4.3251E-09 4.2902E-09 4.2550E-09 4.2181E-09 4.1811E-09 4.1439E-09 4.1050E-09 4.0662E-09 4.0272E-09 3.9867E-09 3.9461E-09 3.9056E-09 3.8635E-09 3.8228E-09 3.7816E-09 3.7400E-09 3.6980E-09 3.6556E-09 3.6129E-09 3.5698E-09 3.5263E-09 3.4829E-09 3.4391E-09 3.3951E-09 3.3511E-09 3.3069E-09 3.2627E-09 3.2183E-09 3.1739E-09
4.6580E-09 4.6645E-09 4.6701E-09 4.6737E-09 4.6755E-09 4.6746E-09 4.6727E-09 4.6682E-09 4.6619E-09 4.6548E-09 4.6459E-09 4.6353E-09 4.6224E-09 4.6079E-09 4.5918E-09 4.5748E-09 4.5561E-09 4.5360E-09 4.5138E-09 4.4903E-09 4.4654E-09 4.4396E-09 4.4126E-09 4.3832E-09 4.3532E-09 4.3225E-09 4.2912E-09 4.2579E-09 4.2246E-09 4.1908E-09 4.1556E-09 4.1200E-09 4.0845E-09 4.0472E-09 4.0099E-09 3.9725E-09 3.9336E-09 3.8946E-09 3.8556E-09 3.8151E-09 3.7747E-09 3.7344E-09 3.6928E-09 3.6524E-09 3.6117E-09 3.5705E-09 3.5290E-09 3.4870E-09 3.4449E-09 3.4025E-09 3.3599E-09 3.3171E-09 3.2741E-09 3.2312E-09 3.1881E-09 3.1450E-09 3.1018E-09
4.5365E-09 4.5442E-09 4.5491E-09 4.5532E-09 4.5545E-09 4.5550E-09 4.5528E-09 4.5497E-09 4.5449E-09 4.5384E-09 4.5296E-09 4.5192E-09 4.5071E-09 4.4940E-09 4.4794E-09 4.4632E-09 4.4449E-09 4.4252E-09 4.4040E-09 4.3820E-09 4.3587E-09 4.3335E-09 4.3070E-09 4.2793E-09 4.2510E-09 4.2209E-09 4.1893E-09 4.1578E-09 4.1257E-09 4.0918E-09 4.0578E-09 4.0236E-09 3.9879E-09 3.9521E-09 3.9162E-09 3.8787E-09 3.8413E-09 3.8038E-09 3.7649E-09 3.7259E-09 3.6871E-09 3.6467E-09 3.6065E-09 3.5668E-09 3.5271E-09 3.4871E-09 3.4467E-09 3.4060E-09 3.3650E-09 3.3237E-09 3.2823E-09 3.2405E-09 3.1988E-09 3.1569E-09 3.1148E-09 3.0729E-09 3.0308E-09
4.4165E-09 4.4244E-09 4.4297E-09 4.4340E-09 4.4358E-09 4.4367E-09 4.4359E-09 4.4333E-09 4.4285E-09 4.4221E-09 4.4145E-09 4.4048E-09 4.3941E-09 4.3818E-09 4.3674E-09 4.3520E-09 4.3347E-09 4.3159E-09 4.2963E-09 4.2752E-09 4.2524E-09 4.2277E-09 4.2028E-09 4.1768E-09 4.1490E-09 4.1196E-09 4.0901E-09 4.0591E-09 4.0271E-09 3.9946E-09 3.9618E-09 3.9275E-09 3.8930E-09 3.8586E-09 3.8226E-09 3.7866E-09 3.7505E-09 3.7131E-09 3.6755E-09 3.6382E-09 3.5992E-09 3.5605E-09 3.5218E-09 3.4818E-09 3.4420E-09 3.4029E-09 3.3637E-09 3.3242E-09 3.2842E-09 3.2442E-09 3.2038E-09 3.1633E-09 3.1226E-09 3.0817E-09 3.0409E-09 2.9998E-09 2.9590E-09
4.2980E-09 4.3053E-09 4.3117E-09 4.3164E-09 4.3194E-09 4.3201E-09 4.3197E-09 4.3171E-09 4.3135E-09 4.3076E-09 4.3007E-09 4.2922E-09 4.2822E-09 4.2701E-09 4.2565E-09 4.2415E-09 4.2255E-09 4.2082E-09 4.1889E-09 4.1684E-09 4.1465E-09 4.1239E-09 4.0996E-09 4.0740E-09 4.0474E-09 4.0201E-09 3.9913E-09 3.9609E-09 3.9306E-09 3.8993E-09 3.8662E-09 3.8332E-09 3.8000E-09 3.7654E-09 3.7307E-09 3.6961E-09 3.6600E-09 3.6239E-09 3.5879E-09 3.5509E-09 3.5130E-09 3.4758E-09 3.4371E-09 3.3987E-09 3.3602E-09 3.3215E-09 3.2828E-09 3.2443E-09 3.2055E-09 3.1665E-09 3.1273E-09 3.0878E-09 3.0482E-09 3.0085E-09 2.9685E-09 2.9287E-09 2.8887E-09
4.1812E-09 4.1895E-09 4.1961E-09 4.2005E-09 4.2039E-09 4.2050E-09 4.2045E-09 4.2029E-09 4.1998E-09 4.1950E-09 4.1887E-09 4.1804E-09 4.1705E-09 4.1591E-09 4.1469E-09 4.1332E-09 4.1175E-09 4.1005E-09 4.0822E-09 4.0631E-09 4.0427E-09 4.0206E-09 3.9973E-09 3.9728E-09 3.9478E-09 3.9211E-09 3.8929E-09 3.8646E-09 3.8349E-09 3.8038E-09 3.7728E-09 3.7409E-09 3.7075E-09 3.6741E-09 3.6408E-09 3.6059E-09 3.5712E-09 3.5364E-09 3.5009E-09 3.4643E-09 3.4284E-09 3.3916E-09 3.3540E-09 3.3169E-09 3.2796E-09 3.2405E-09 3.2025E-09 3.1643E-09 3.1263E-09 3.0883E-09 3.0502E-09 3.0118E-09 2.9733E-09 2.9346E-09 2.8958E-09 2.8569E-09 2.8179E-09
