Assets/Resources/2015_m01_d05_1400(utc+0800)_l00_csi_1hr_conc.grd
DSAA
         159         159
     -79.000      79.000
     -79.000      79.000
  0.1203E-09  0.1072E-03
[rows 100 to 124 of 159, columns 0 to 56 of 159]
4.6740E-09 4.7395E-09 4.8047E-09 4.8700E-09 4.9328E-09 4.9935E-09 5.0525E-09 5.1098E-09 5.1653E-09 5.2192E-09 5.2729E-09 5.3240E-09 5.3713E-09 5.4161E-09 5.4582E-09 5.4975E-09 5.5339E-09 5.5681E-09 5.6003E-09 5.6289E-09 5.6538E-09 5.6749E-09 5.6935E-09 5.7081E-09 5.7187E-09 5.7326E-09 5.7563E-09 5.7955E-09 5.8658E-09 5.9250E-09 5.9744E-09 6.0304E-09 6.0816E-09 6.1360E-09 6.1897E-09 6.2466E-09 6.2979E-09 6.3432E-09 6.3764E-09 6.4218E-09 6.4643E-09 6.5050E-09 6.5334E-09 6.5403E-09 6.5317E-09 6.5049E-09 6.4605E-09 6.3929E-09 6.3073E-09 6.2166E-09 6.1165E-09 6.0085E-09 5.8800E-09 5.7478E-09 5.5979E-09 5.4396E-09 5.2741E-09
4.5735E-09 4.6368E-09 4.6989E-09 4.7601E-09 4.8217E-09 4.8812E-09 4.9380E-09 4.9931E-09 5.0463E-09 5.0975E-09 5.1466E-09 5.1951E-09 5.2417E-09 5.2852E-09 5.3251E-09 5.3624E-09 5.3968E-09 5.4282E-09 5.4566E-09 5.4823E-09 5.5058E-09 5.5257E-09 5.5420E-09 5.5544E-09 5.5634E-09 5.5690E-09 5.5732E-09 5.5894E-09 5.6118E-09 5.6381E-09 5.6856E-09 5.7177E-09 5.7568E-09 5.7859E-09 5.8245E-09 5.8596E-09 5.8906E-09 5.9162E-09 5.9301E-09 5.9474E-09 5.9691E-09 5.9840E-09 5.9896E-09 5.9840E-09 5.9585E-09 5.9279E-09 5.8758E-09 5.8140E-09 5.7470E-09 5.6665E-09 5.5799E-09 5.4847E-09 5.3789E-09 5.2650E-09 5.1378E-09 5.0030E-09 4.8577E-09
4.4734E-09 4.5346E-09 4.5945E-09 4.6532E-09 4.7105E-09 4.7681E-09 4.8242E-09 4.8773E-09 4.9283E-09 4.9774E-09 5.0244E-09 5.0693E-09 5.1120E-09 5.1541E-09 5.1934E-09 5.2293E-09 5.2619E-09 5.2915E-09 5.3182E-09 5.3418E-09 5.3622E-09 5.3793E-09 5.3938E-09 5.4052E-09 5.4129E-09 5.4169E-09 5.4171E-09 5.4138E-09 5.4217E-09 5.4310E-09 5.4403E-09 5.4488E-09 5.4744E-09 5.4946E-09 5.5140E-09 5.5253E-09 5.5361E-09 5.5418E-09 5.5418E-09 5.5474E-09 5.5485E-09 5.5442E-09 5.5378E-09 5.5180E-09 5.4866E-09 5.4466E-09 5.3993E-09 5.3456E-09 5.2917E-09 5.2163E-09 5.1367E-09 5.0525E-09 4.9645E-09 4.8593E-09 4.7401E-09 4.6118E-09 4.4743E-09
4.3722E-09 4.4328E-09 4.4908E-09 4.5474E-09 4.6026E-09 4.6563E-09 4.7093E-09 4.7616E-09 4.8115E-09 4.8586E-09 4.9036E-09 4.9465E-09 4.9870E-09 5.0253E-09 5.0616E-09 5.0965E-09 5.1285E-09 5.1571E-09 5.1821E-09 5.2043E-09 5.2233E-09 5.2391E-09 5.2517E-09 5.2609E-09 5.2667E-09 5.2690E-09 5.2686E-09 5.2646E-09 5.2569E-09 5.2516E-09 5.2498E-09 5.2513E-09 5.2455E-09 5.2432E-09 5.2438E-09 5.2449E-09 5.2437E-09 5.2335E-09 5.2193E-09 5.2129E-09 5.2036E-09 5.1888E-09 5.1689E-09 5.1458E-09 5.1130E-09 5.0745E-09 5.0309E-09 4.9805E-09 4.9200E-09 4.8400E-09 4.7567E-09 4.6709E-09 4.5764E-09 4.4717E-09 4.3587E-09 4.2563E-09 4.1530E-09
4.2720E-09 4.3298E-09 4.3873E-09 4.4423E-09 4.4955E-09 4.5472E-09 4.5974E-09 4.6458E-09 4.6941E-09 4.7405E-09 4.7842E-09 4.8252E-09 4.8639E-09 4.9004E-09 4.9344E-09 4.9658E-09 4.9953E-09 5.0229E-09 5.0476E-09 5.0692E-09 5.0870E-09 5.1017E-09 5.1132E-09 5.1215E-09 5.1265E-09 5.1281E-09 5.1264E-09 5.1213E-09 5.1127E-09 5.1007E-09 5.0853E-09 5.0748E-09 5.0631E-09 5.0521E-09 5.0399E-09 5.0226E-09 5.0060E-09 4.9880E-09 4.9694E-09 4.9492E-09 4.9248E-09 4.9015E-09 4.8712E-09 4.8383E-09 4.7990E-09 4.7510E-09 4.6977E-09 4.6348E-09 4.5652E-09 4.4889E-09 4.4077E-09 4.3321E-09 4.2576E-09 4.1795E-09 4.0995E-09 4.0170E-09 3.9317E-09
4.1740E-09 4.2288E-09 4.2829E-09 4.3371E-09 4.3893E-09 4.4392E-09 4.4874E-09 4.5340E-09 4.5787E-09 4.6221E-09 4.6647E-09 4.7050E-09 4.7424E-09 4.7772E-09 4.8096E-09 4.8395E-09 4.8669E-09 4.8916E-09 4.9137E-09 4.9342E-09 4.9517E-09 4.9661E-09 4.9774E-09 4.9849E-09 4.9892E-09 4.9904E-09 4.9882E-09 4.9829E-09 4.9742E-09 4.9623E-09 4.9471E-09 4.9286E-09 4.9069E-09 4.8886E-09 4.8676E-09 4.8448E-09 4.8235E-09 4.7983E-09 4.7709E-09 4.7442E-09 4.7143E-09 4.6817E-09 4.6466E-09 4.6093E-09 4.5678E-09 4.5202E-09 4.4666E-09 4.4097E-09 4.3493E-09 4.2820E-09 4.2101E-09 4.1454E-09 4.0777E-09 4.0065E-09 3.9328E-09 3.8552E-09 3.7751E-09
4.0762E-09 4.1296E-09 4.1814E-09 4.2319E-09 4.2826E-09 4.3319E-09 4.3785E-09 4.4233E-09 4.4663E-09 4.5075E-09 4.5467E-09 4.5846E-09 4.6211E-09 4.6553E-09 4.6867E-09 4.7152E-09 4.7411E-09 4.7646E-09 4.7853E-09 4.8034E-09 4.8186E-09 4.8314E-09 4.8419E-09 4.8494E-09 4.8537E-09 4.8549E-09 4.8530E-09 4.8475E-09 4.8388E-09 4.8269E-09 4.8120E-09 4.7939E-09 4.7728E-09 4.7486E-09 4.7214E-09 4.6941E-09 4.6664E-09 4.6365E-09 4.6046E-09 4.5734E-09 4.5403E-09 4.5061E-09 4.4701E-09 4.4323E-09 4.3908E-09 4.3443E-09 4.2920E-09 4.2372E-09 4.1782E-09 4.1135E-09 4.0439E-09 3.9834E-09 3.9179E-09 3.8500E-09 3.7795E-09 3.7065E-09 3.6302E-09
3.9777E-09 4.0302E-09 4.0812E-09 4.1299E-09 4.1773E-09 4.2239E-09 4.2699E-09 4.3139E-09 4.3552E-09 4.3947E-09 4.4323E-09 4.4680E-09 4.5015E-09 4.5335E-09 4.5639E-09 4.5919E-09 4.6174E-09 4.6397E-09 4.6593E-09 4.6763E-09 4.6906E-09 4.7021E-09 4.7108E-09 4.7167E-09 4.7196E-09 4.7203E-09 4.7181E-09 4.7129E-09 4.7046E-09 4.6932E-09 4.6788E-09 4.6613E-09 4.6409E-09 4.6175E-09 4.5912E-09 4.5620E-09 4.5301E-09 4.4955E-09 4.4601E-09 4.4240E-09 4.3860E-09 4.3474E-09 4.3079E-09 4.2654E-09 4.2222E-09 4.1766E-09 4.1273E-09 4.0747E-09 4.0181E-09 3.9547E-09 3.8859E-09 3.8246E-09 3.7599E-09 3.6920E-09 3.6210E-09 3.5473E-09 3.4753E-09
3.8819E-09 3.9311E-09 3.9804E-09 4.0285E-09 4.0746E-09 4.1188E-09 4.1615E-09 4.2040E-09 4.2449E-09 4.2834E-09 4.3195E-09 4.3536E-09 4.3857E-09 4.4158E-09 4.4436E-09 4.4692E-09 4.4936E-09 4.5155E-09 4.5348E-09 4.5515E-09 4.5650E-09 4.5758E-09 4.5838E-09 4.5891E-09 4.5915E-09 4.5912E-09 4.5881E-09 4.5821E-09 4.5733E-09 4.5616E-09 4.5471E-09 4.5300E-09 4.5101E-09 4.4874E-09 4.4619E-09 4.4337E-09 4.4028E-09 4.3694E-09 4.3334E-09 4.2951E-09 4.2549E-09 4.2116E-09 4.1670E-09 4.1196E-09 4.0706E-09 4.0189E-09 3.9630E-09 3.9057E-09 3.8472E-09 3.7855E-09 3.7200E-09 3.6623E-09 3.6048E-09 3.5462E-09 3.4870E-09 3.4271E-09 3.3672E-09
3.7874E-09 3.8349E-09 3.8812E-09 3.9267E-09 3.9719E-09 4.0155E-09 4.0568E-09 4.0963E-09 4.1345E-09 4.1720E-09 4.2077E-09 4.2409E-09 4.2716E-09 4.3003E-09 4.3269E-09 4.3513E-09 4.3734E-09 4.3932E-09 4.4109E-09 4.4267E-09 4.4400E-09 4.4507E-09 4.4586E-09 4.4639E-09 4.4660E-09 4.4654E-09 4.4621E-09 4.4561E-09 4.4473E-09 4.4358E-09 4.4216E-09 4.4048E-09 4.3852E-09 4.3630E-09 4.3383E-09 4.3111E-09 4.2813E-09 4.2491E-09 4.2143E-09 4.1771E-09 4.1379E-09 4.0966E-09 4.0534E-09 4.0084E-09 3.9612E-09 3.9117E-09 3.8591E-09 3.8036E-09 3.7471E-09 3.6874E-09 3.6256E-09 3.5692E-09 3.5132E-09 3.4566E-09 3.3998E-09 3.3420E-09 3.2836E-09
3.6938E-09 3.7397E-09 3.7844E-09 3.8279E-09 3.8701E-09 3.9117E-09 3.9523E-09 3.9913E-09 4.0277E-09 4.0625E-09 4.0959E-09 4.1283E-09 4.1586E-09 4.1867E-09 4.2121E-09 4.2353E-09 4.2564E-09 4.2752E-09 4.2917E-09 4.3059E-09 4.3176E-09 4.3269E-09 4.3341E-09 4.3389E-09 4.3411E-09 4.3407E-09 4.3375E-09 4.3318E-09 4.3233E-09 4.3122E-09 4.2985E-09 4.2822E-09 4.2632E-09 4.2417E-09 4.2176E-09 4.1912E-09 4.1623E-09 4.1311E-09 4.0972E-09 4.0616E-09 4.0238E-09 3.9844E-09 3.9426E-09 3.8990E-09 3.8537E-09 3.8064E-09 3.7573E-09 3.7036E-09 3.6492E-09 3.5909E-09 3.5320E-09 3.4770E-09 3.4227E-09 3.3683E-09 3.3138E-09 3.2576E-09 3.2007E-09
3.6003E-09 3.6455E-09 3.6886E-09 3.7306E-09 3.7713E-09 3.8106E-09 3.8485E-09 3.8858E-09 3.9218E-09 3.9560E-09 3.9878E-09 4.0176E-09 4.0459E-09 4.0731E-09 4.0982E-09 4.1211E-09 4.1414E-09 4.1593E-09 4.1750E-09 4.1884E-09 4.1994E-09 4.2082E-09 4.2144E-09 4.2182E-09 4.2195E-09 4.2183E-09 4.2146E-09 4.2086E-09 4.2002E-09 4.1894E-09 4.1760E-09 4.1601E-09 4.1417E-09 4.1209E-09 4.0976E-09 4.0720E-09 4.0441E-09 4.0139E-09 3.9816E-09 3.9476E-09 3.9116E-09 3.8737E-09 3.8340E-09 3.7925E-09 3.7490E-09 3.7031E-09 3.6557E-09 3.6045E-09 3.5521E-09 3.4964E-09 3.4398E-09 3.3859E-09 3.3341E-09 3.2821E-09 3.2286E-09 3.1742E-09 3.1202E-09
3.5072E-09 3.5509E-09 3.5936E-09 3.6345E-09 3.6737E-09 3.7116E-09 3.7481E-09 3.7831E-09 3.8166E-09 3.8493E-09 3.8805E-09 3.9099E-09 3.9371E-09 3.9621E-09 3.9851E-09 4.0070E-09 4.0269E-09 4.0446E-09 4.0601E-09 4.0730E-09 4.0834E-09 4.0916E-09 4.0975E-09 4.1009E-09 4.1019E-09 4.1006E-09 4.0969E-09 4.0908E-09 4.0822E-09 4.0714E-09 4.0581E-09 4.0425E-09 4.0246E-09 4.0045E-09 3.9820E-09 3.9574E-09 3.9307E-09 3.9018E-09 3.8709E-09 3.8381E-09 3.8033E-09 3.7664E-09 3.7278E-09 3.6876E-09 3.6450E-09 3.6012E-09 3.5555E-09 3.5069E-09 3.4566E-09 3.4032E-09 3.3489E-09 3.2973E-09 3.2478E-09 3.1970E-09 3.1453E-09 3.0929E-09 3.0399E-09
3.4170E-09 3.4581E-09 3.4984E-09 3.5385E-09 3.5772E-09 3.6139E-09 3.6490E-09 3.6828E-09 3.7150E-09 3.7456E-09 3.7746E-09 3.8024E-09 3.8289E-09 3.8535E-09 3.8761E-09 3.8964E-09 3.9145E-09 3.9306E-09 3.9455E-09 3.9581E-09 3.9685E-09 3.9767E-09 3.9827E-09 3.9859E-09 3.9867E-09 3.9852E-09 3.9814E-09 3.9754E-09 3.9670E-09 3.9564E-09 3.9435E-09 3.9284E-09 3.9110E-09 3.8915E-09 3.8698E-09 3.8460E-09 3.8201E-09 3.7922E-09 3.7624E-09 3.7304E-09 3.6963E-09 3.6604E-09 3.6228E-09 3.5839E-09 3.5430E-09 3.5013E-09 3.4574E-09 3.4114E-09 3.3632E-09 3.3121E-09 3.2601E-09 3.2107E-09 3.1629E-09 3.1129E-09 3.0630E-09 3.0123E-09 2.9605E-09
3.3273E-09 3.3676E-09 3.4062E-09 3.4436E-09 3.4805E-09 3.5166E-09 3.5513E-09 3.5839E-09 3.6148E-09 3.6443E-09 3.6721E-09 3.6983E-09 3.7228E-09 3.7456E-09 3.7673E-09 3.7871E-09 3.8050E-09 3.8208E-09 3.8345E-09 3.8458E-09 3.8550E-09 3.8625E-09 3.8681E-09 3.8713E-09 3.8723E-09 3.8711E-09 3.8676E-09 3.8618E-09 3.8538E-09 3.8436E-09 3.8312E-09 3.8165E-09 3.7997E-09 3.7808E-09 3.7598E-09 3.7366E-09 3.7116E-09 3.6839E-09 3.6550E-09 3.6239E-09 3.5909E-09 3.5564E-09 3.5204E-09 3.4827E-09 3.4435E-09 3.4031E-09 3.3614E-09 3.3180E-09 3.2725E-09 3.2234E-09 3.1731E-09 3.1252E-09 3.0779E-09 3.0295E-09 2.9810E-09 2.9320E-09 2.8831E-09
3.2377E-09 3.2769E-09 3.3150E-09 3.3516E-09 3.3865E-09 3.4202E-09 3.4534E-09 3.4855E-09 3.5160E-09 3.5445E-09 3.5713E-09 3.5965E-09 3.6200E-09 3.6418E-09 3.6618E-09 3.6801E-09 3.6964E-09 3.7115E-09 3.7247E-09 3.7358E-09 3.7450E-09 3.7520E-09 3.7570E-09 3.7598E-09 3.7601E-09 3.7583E-09 3.7546E-09 3.7490E-09 3.7412E-09 3.7312E-09 3.7191E-09 3.7049E-09 3.6887E-09 3.6703E-09 3.6500E-09 3.6275E-09 3.6030E-09 3.5766E-09 3.5482E-09 3.5184E-09 3.4867E-09 3.4538E-09 3.4194E-09 3.3835E-09 3.3463E-09 3.3077E-09 3.2678E-09 3.2266E-09 3.1830E-09 3.1357E-09 3.0860E-09 3.0395E-09 2.9938E-09 2.9473E-09 2.9006E-09 2.8540E-09 2.8066E-09
3.1513E-09 3.1881E-09 3.2240E-09 3.2597E-09 3.2941E-09 3.3271E-09 3.3583E-09 3.3881E-09 3.4173E-09 3.4452E-09 3.4717E-09 3.4963E-09 3.5188E-09 3.5398E-09 3.5590E-09 3.5764E-09 3.5921E-09 3.6059E-09 3.6179E-09 3.6280E-09 3.6361E-09 3.6427E-09 3.6473E-09 3.6501E-09 3.6505E-09 3.6489E-09 3.6452E-09 3.6395E-09 3.6317E-09 3.6219E-09 3.6100E-09 3.5962E-09 3.5803E-09 3.5625E-09 3.5427E-09 3.5212E-09 3.4977E-09 3.4724E-09 3.4455E-09 3.4168E-09 3.3865E-09 3.3547E-09 3.3218E-09 3.2875E-09 3.2519E-09 3.2147E-09 3.1760E-09 3.1360E-09 3.0939E-09 3.0482E-09 2.9999E-09 2.9555E-09 2.9116E-09 2.8665E-09 2.8222E-09 2.7773E-09 2.7319E-09
3.0661E-09 3.1016E-09 3.1361E-09 3.1695E-09 3.2020E-09 3.2340E-09 3.2647E-09 3.2941E-09 3.3215E-09 3.3475E-09 3.3724E-09 3.3963E-09 3.4186E-09 3.4392E-09 3.4579E-09 3.4746E-09 3.4896E-09 3.5029E-09 3.5143E-09 3.5239E-09 3.5316E-09 3.5375E-09 3.5415E-09 3.5435E-09 3.5436E-09 3.5417E-09 3.5378E-09 3.5320E-09 3.5242E-09 3.5146E-09 3.5031E-09 3.4896E-09 3.4743E-09 3.4571E-09 3.4382E-09 3.4175E-09 3.3951E-09 3.3710E-09 3.3453E-09 3.3180E-09 3.2892E-09 3.2588E-09 3.2268E-09 3.1934E-09 3.1585E-09 3.1223E-09 3.0853E-09 3.0467E-09 3.0050E-09 2.9621E-09 2.9167E-09 2.8732E-09 2.8306E-09 2.7885E-09 2.7457E-09 2.7026E-09 2.6588E-09
2.9807E-09 3.0156E-09 3.0495E-09 3.0819E-09 3.1130E-09 3.1429E-09 3.1717E-09 3.2001E-09 3.2271E-09 3.2527E-09 3.2766E-09 3.2987E-09 3.3194E-09 3.3390E-09 3.3573E-09 3.3738E-09 3.3886E-09 3.4017E-09 3.4126E-09 3.4217E-09 3.4291E-09 3.4346E-09 3.4383E-09 3.4402E-09 3.4403E-09 3.4383E-09 3.4345E-09 3.4288E-09 3.4213E-09 3.4119E-09 3.4007E-09 3.3876E-09 3.3728E-09 3.3563E-09 3.3380E-09 3.3180E-09 3.2964E-09 3.2731E-09 3.2482E-09 3.2219E-09 3.1935E-09 3.1640E-09 3.1329E-09 3.1004E-09 3.0667E-09 3.0319E-09 2.9960E-09 2.9583E-09 2.9182E-09 2.8776E-09 2.8338E-09 2.7928E-09 2.7526E-09 2.7122E-09 2.6706E-09 2.6289E-09 2.5863E-09
2.8963E-09 2.9299E-09 2.9630E-09 2.9947E-09 3.0253E-09 3.0545E-09 3.0822E-09 3.1086E-09 3.1339E-09 3.1582E-09 3.1814E-09 3.2032E-09 3.2235E-09 3.2422E-09 3.2590E-09 3.2742E-09 3.2882E-09 3.3007E-09 3.3116E-09 3.3207E-09 3.3280E-09 3.3336E-09 3.3373E-09 3.3390E-09 3.3390E-09 3.3370E-09 3.3332E-09 3.3277E-09 3.3203E-09 3.3112E-09 3.3004E-09 3.2878E-09 3.2734E-09 3.2574E-09 3.2398E-09 3.2205E-09 3.1995E-09 3.1766E-09 3.1525E-09 3.1267E-09 3.0989E-09 3.0705E-09 3.0404E-09 3.0092E-09 2.9766E-09 2.9428E-09 2.9069E-09 2.8707E-09 2.8342E-09 2.7946E-09 2.7542E-09 2.7146E-09 2.6758E-09 2.6365E-09 2.5966E-09 2.5562E-09 2.4657E-09
2.8147E-09 2.8463E-09 2.8778E-09 2.9082E-09 2.9379E-09 2.9663E-09 2.9936E-09 3.0196E-09 3.0439E-09 3.0669E-09 3.0886E-09 3.1089E-09 3.1282E-09 3.1462E-09 3.1628E-09 3.1778E-09 3.1912E-09 3.2028E-09 3.2127E-09 3.2209E-09 3.2277E-09 3.2330E-09 3.2366E-09 3.2384E-09 3.2385E-09 3.2368E-09 3.2332E-09 3.2279E-09 3.2209E-09 3.2121E-09 3.2016E-09 3.1894E-09 3.1755E-09 3.1600E-09 3.1428E-09 3.1241E-09 3.1037E-09 3.0813E-09 3.0580E-09 3.0331E-09 3.0063E-09 2.9785E-09 2.9491E-09 2.9190E-09 2.8877E-09 2.8551E-09 2.8215E-09 2.7869E-09 2.7506E-09 2.7143E-09 2.6759E-09 2.6376E-09 2.6005E-09 2.5626E-09 2.4735E-09 2.4362E-09 2.3979E-09
2.7352E-09 2.7656E-09 2.7951E-09 2.8237E-09 2.8521E-09 2.8793E-09 2.9055E-09 2.9307E-09 2.9546E-09 2.9771E-09 2.9984E-09 3.0180E-09 3.0361E-09 3.0529E-09 3.0682E-09 3.0822E-09 3.0950E-09 3.1063E-09 3.1160E-09 3.1242E-09 3.1306E-09 3.1355E-09 3.1387E-09 3.1402E-09 3.1400E-09 3.1381E-09 3.1344E-09 3.1292E-09 3.1223E-09 3.1138E-09 3.1036E-09 3.0918E-09 3.0784E-09 3.0633E-09 3.0467E-09 3.0281E-09 3.0086E-09 2.9875E-09 2.9650E-09 2.9409E-09 2.9157E-09 2.8887E-09 2.8610E-09 2.8320E-09 2.8013E-09 2.7700E-09 2.7380E-09 2.7044E-09 2.6704E-09 2.6351E-09 2.5990E-09 2.5620E-09 2.4759E-09 2.4405E-09 2.4047E-09 2.3190E-09 2.1879E-09
2.6067E-09 2.6355E-09 2.7148E-09 2.7423E-09 2.7688E-09 2.7943E-09 2.8194E-09 2.8435E-09 2.8663E-09 2.8880E-09 2.9085E-09 2.9277E-09 2.9455E-09 2.9620E-09 2.9770E-09 2.9903E-09 3.0022E-09 3.0126E-09 3.0215E-09 3.0289E-09 3.0348E-09 3.0394E-09 3.0424E-09 3.0439E-09 3.0437E-09 3.0419E-09 3.0385E-09 3.0333E-09 3.0266E-09 3.0183E-09 3.0083E-09 2.9969E-09 2.9839E-09 2.9693E-09 2.9532E-09 2.9357E-09 2.9163E-09 2.8958E-09 2.8742E-09 2.8511E-09 2.8270E-09 2.8017E-09 2.7750E-09 2.7465E-09 2.7172E-09 2.6866E-09 2.6555E-09 2.6236E-09 2.5915E-09 2.5576E-09 2.4729E-09 2.4392E-09 2.4058E-09 2.3223E-09 2.1928E-09 2.1617E-09 2.1301E-09
2.4819E-09 2.5590E-09 2.5859E-09 2.6118E-09 2.6880E-09 2.7125E-09 2.7361E-09 2.7585E-09 2.7801E-09 2.8010E-09 2.8206E-09 2.8389E-09 2.8560E-09 2.8717E-09 2.8862E-09 2.8992E-09 2.9109E-09 2.9211E-09 2.9299E-09 2.9371E-09 2.9428E-09 2.9469E-09 2.9495E-09 2.9506E-09 2.9502E-09 2.9483E-09 2.9448E-09 2.9397E-09 2.9332E-09 2.9251E-09 2.9155E-09 2.9045E-09 2.8919E-09 2.8776E-09 2.8623E-09 2.8454E-09 2.8272E-09 2.8076E-09 2.7868E-09 2.7649E-09 2.7415E-09 2.7164E-09 2.6900E-09 2.6626E-09 2.6347E-09 2.6056E-09 2.5759E-09 2.5454E-09 2.4646E-09 2.4337E-09 2.4013E-09 2.3201E-09 2.1928E-09 2.1636E-09 2.1339E-09 2.0906E-09 2.0603E-09
2.3174E-09 2.3401E-09 2.4608E-09 2.5347E-09 2.5589E-09 2.5821E-09 2.6043E-09 2.6765E-09 2.6970E-09 2.7165E-09 2.7347E-09 2.7521E-09 2.7685E-09 2.7837E-09 2.7975E-09 2.8100E-09 2.8210E-09 2.8306E-09 2.8389E-09 2.8459E-09 2.8514E-09 2.8555E-09 2.8580E-09 2.8592E-09 2.8588E-09 2.8569E-09 2.8536E-09 2.8487E-09 2.8423E-09 2.8344E-09 2.8251E-09 2.8143E-09 2.8021E-09 2.7886E-09 2.7736E-09 2.7573E-09 2.7397E-09 2.7207E-09 2.7004E-09 2.6793E-09 2.6571E-09 2.6327E-09 2.6074E-09 2.5814E-09 2.5543E-09 2.4761E-09 2.4487E-09 2.4207E-09 2.3915E-09 2.3130E-09 2.1879E-09 2.1607E-09 2.1329E-09 2.0915E-09 2.0630E-09 1.9890E-09 1.9609E-09
