Assets/Resources/2015_m01_d29_0500(utc+0800)_l00_csi_1hr_conc.grd
DSAA
         159         159
     -79.000      79.000
     -79.000      79.000
  0.0000E+00  0.1508E-04
[rows 25 to 49 of 159, columns 57 to 113 of 159]
3.1841E-09 3.2838E-09 3.3861E-09 3.4847E-09 3.5835E-09 3.6812E-09 3.7815E-09 3.8764E-09 3.9676E-09 4.0566E-09 4.1475E-09 4.2313E-09 4.3111E-09 4.3889E-09 4.4618E-09 4.5260E-09 4.5822E-09 4.6305E-09 4.6729E-09 4.7063E-09 4.7309E-09 4.7446E-09 4.7487E-09 4.7441E-09 4.7311E-09 4.7087E-09 4.6782E-09 4.6397E-09 4.5933E-09 4.5397E-09 4.4794E-09 4.4132E-09 4.3415E-09 4.2649E-09 4.1835E-09 4.0981E-09 4.0092E-09 3.9169E-09 3.8219E-09 3.7246E-09 3.6255E-09 3.5249E-09 3.4233E-09 3.3210E-09 3.2183E-09 3.1156E-09 3.0130E-09 2.9109E-09 2.8094E-09 2.7087E-09 2.6156E-09 2.5209E-09 2.4249E-09 2.3303E-09 2.2373E-09 2.1460E-09 2.0566E-09
3.1988E-09 3.3051E-09 3.4127E-09 3.5188E-09 3.6244E-09 3.7334E-09 3.8376E-09 3.9388E-09 4.0386E-09 4.1410E-09 4.2374E-09 4.3304E-09 4.4225E-09 4.5102E-09 4.5890E-09 4.6603E-09 4.7238E-09 4.7824E-09 4.8312E-09 4.8692E-09 4.8967E-09 4.9143E-09 4.9219E-09 4.9201E-09 4.9086E-09 4.8872E-09 4.8574E-09 4.8188E-09 4.7718E-09 4.7171E-09 4.6553E-09 4.5871E-09 4.5131E-09 4.4337E-09 4.3491E-09 4.2606E-09 4.1679E-09 4.0718E-09 3.9728E-09 3.8713E-09 3.7679E-09 3.6630E-09 3.5571E-09 3.4503E-09 3.3432E-09 3.2360E-09 3.1290E-09 3.0256E-09 2.9234E-09 2.8224E-09 2.7196E-09 2.6181E-09 2.5178E-09 2.4191E-09 2.3249E-09 2.2328E-09 2.1399E-09
3.2105E-09 3.3240E-09 3.4363E-09 3.5488E-09 3.6633E-09 3.7780E-09 3.8884E-09 3.9981E-09 4.1113E-09 4.2193E-09 4.3251E-09 4.4311E-09 4.5333E-09 4.6269E-09 4.7139E-09 4.7957E-09 4.8693E-09 4.9342E-09 4.9871E-09 5.0298E-09 5.0620E-09 5.0835E-09 5.0947E-09 5.0959E-09 5.0861E-09 5.0665E-09 5.0372E-09 4.9984E-09 4.9508E-09 4.8949E-09 4.8317E-09 4.7617E-09 4.6855E-09 4.6032E-09 4.5159E-09 4.4239E-09 4.3276E-09 4.2277E-09 4.1247E-09 4.0192E-09 3.9116E-09 3.8025E-09 3.6922E-09 3.5811E-09 3.4696E-09 3.3614E-09 3.2538E-09 3.1473E-09 3.0383E-09 2.9304E-09 2.8233E-09 2.7176E-09 2.6193E-09 2.5170E-09 2.4164E-09 2.3176E-09 2.2207E-09
3.2179E-09 3.3372E-09 3.4554E-09 3.5764E-09 3.6985E-09 3.8169E-09 3.9355E-09 4.0583E-09 4.1770E-09 4.2948E-09 4.4138E-09 4.5298E-09 4.6383E-09 4.7411E-09 4.8398E-09 4.9304E-09 5.0113E-09 5.0812E-09 5.1403E-09 5.1889E-09 5.2262E-09 5.2522E-09 5.2672E-09 5.2708E-09 5.2629E-09 5.2447E-09 5.2162E-09 5.1775E-09 5.1295E-09 5.0728E-09 5.0082E-09 4.9364E-09 4.8579E-09 4.7729E-09 4.6827E-09 4.5874E-09 4.4876E-09 4.3840E-09 4.2772E-09 4.1678E-09 4.0561E-09 3.9429E-09 3.8283E-09 3.7130E-09 3.6048E-09 3.4936E-09 3.3796E-09 3.2660E-09 3.1529E-09 3.0407E-09 2.9363E-09 2.8270E-09 2.7191E-09 2.6126E-09 2.5079E-09 2.4049E-09 2.3040E-09
3.2214E-09 3.3457E-09 3.4721E-09 3.5986E-09 3.7256E-09 3.8518E-09 3.9810E-09 4.1111E-09 4.2396E-09 4.3703E-09 4.4994E-09 4.6222E-09 4.7403E-09 4.8558E-09 4.9635E-09 5.0612E-09 5.1487E-09 5.2256E-09 5.2915E-09 5.3458E-09 5.3880E-09 5.4192E-09 5.4396E-09 5.4462E-09 5.4414E-09 5.4252E-09 5.3979E-09 5.3599E-09 5.3119E-09 5.2548E-09 5.1893E-09 5.1163E-09 5.0357E-09 4.9488E-09 4.8560E-09 4.7578E-09 4.6549E-09 4.5481E-09 4.4379E-09 4.3248E-09 4.2095E-09 4.0923E-09 3.9817E-09 3.8673E-09 3.7495E-09 3.6315E-09 3.5136E-09 3.3959E-09 3.2860E-09 3.1705E-09 3.0560E-09 2.9424E-09 2.8301E-09 2.7192E-09 2.6131E-09 2.5060E-09 2.4010E-09
3.2216E-09 3.3500E-09 3.4836E-09 3.6160E-09 3.7484E-09 3.8846E-09 4.0226E-09 4.1601E-09 4.3013E-09 4.4421E-09 4.5782E-09 4.7107E-09 4.8424E-09 4.9669E-09 5.0817E-09 5.1870E-09 5.2824E-09 5.3664E-09 5.4390E-09 5.4993E-09 5.5471E-09 5.5860E-09 5.6094E-09 5.6195E-09 5.6177E-09 5.6038E-09 5.5780E-09 5.5413E-09 5.4939E-09 5.4367E-09 5.3706E-09 5.2962E-09 5.2140E-09 5.1253E-09 5.0301E-09 4.9294E-09 4.8347E-09 4.7255E-09 4.6127E-09 4.4968E-09 4.3784E-09 4.2586E-09 4.1380E-09 4.0170E-09 3.8957E-09 3.7740E-09 3.6598E-09 3.5393E-09 3.4192E-09 3.2997E-09 3.1808E-09 3.0628E-09 2.9494E-09 2.8343E-09 2.7208E-09 2.6092E-09 2.4995E-09
3.2162E-09 3.3515E-09 3.4899E-09 3.6270E-09 3.7666E-09 3.9131E-09 4.0579E-09 4.2079E-09 4.3589E-09 4.5066E-09 4.6525E-09 4.7990E-09 4.9396E-09 5.0713E-09 5.1945E-09 5.3085E-09 5.4116E-09 5.5031E-09 5.5823E-09 5.6484E-09 5.7039E-09 5.7513E-09 5.7792E-09 5.7942E-09 5.7963E-09 5.7856E-09 5.7623E-09 5.7275E-09 5.6813E-09 5.6250E-09 5.5591E-09 5.4840E-09 5.4050E-09 5.3226E-09 5.2268E-09 5.1251E-09 5.0182E-09 4.9067E-09 4.7914E-09 4.6728E-09 4.5517E-09 4.4292E-09 4.3058E-09 4.1821E-09 4.0616E-09 3.9412E-09 3.8168E-09 3.6925E-09 3.5681E-09 3.4440E-09 3.3241E-09 3.2017E-09 3.0803E-09 2.9601E-09 2.8414E-09 2.7245E-09 2.6095E-09
3.2081E-09 3.3475E-09 3.4897E-09 3.6334E-09 3.7845E-09 3.9350E-09 4.0898E-09 4.2511E-09 4.4087E-09 4.5661E-09 4.7259E-09 4.8814E-09 5.0291E-09 5.1698E-09 5.3019E-09 5.4242E-09 5.5351E-09 5.6341E-09 5.7201E-09 5.7925E-09 5.8554E-09 5.9060E-09 5.9380E-09 5.9565E-09 5.9613E-09 5.9528E-09 5.9316E-09 5.8980E-09 5.8532E-09 5.7972E-09 5.7419E-09 5.6671E-09 5.5845E-09 5.4941E-09 5.3967E-09 5.2931E-09 5.1841E-09 5.0706E-09 4.9534E-09 4.8402E-09 4.7177E-09 4.5937E-09 4.4686E-09 4.3430E-09 4.2167E-09 4.0898E-09 3.9622E-09 3.8342E-09 3.7098E-09 3.5822E-09 3.4545E-09 3.3270E-09 3.2002E-09 3.0750E-09 2.9517E-09 2.8565E-09 2.7644E-09
3.1949E-09 3.3390E-09 3.4850E-09 3.6371E-09 3.7935E-09 3.9532E-09 4.1190E-09 4.2862E-09 4.4532E-09 4.6223E-09 4.7928E-09 4.9553E-09 5.1125E-09 5.2622E-09 5.4032E-09 5.5337E-09 5.6526E-09 5.7587E-09 5.8513E-09 5.9298E-09 5.9992E-09 6.0542E-09 6.0908E-09 6.1129E-09 6.1206E-09 6.1143E-09 6.0950E-09 6.0669E-09 6.0304E-09 5.9768E-09 5.9122E-09 5.8379E-09 5.7547E-09 5.6635E-09 5.5657E-09 5.4697E-09 5.3612E-09 5.2475E-09 5.1296E-09 5.0078E-09 4.8836E-09 4.7578E-09 4.6312E-09 4.5035E-09 4.3748E-09 4.2447E-09 4.1174E-09 3.9859E-09 3.8542E-09 3.7225E-09 3.5909E-09 3.4587E-09 3.3412E-09 3.2410E-09 3.1306E-09 3.0091E-09 2.8871E-09
3.1751E-09 3.3240E-09 3.4756E-09 3.6362E-09 3.7985E-09 3.9683E-09 4.1415E-09 4.3158E-09 4.4938E-09 4.6751E-09 4.8510E-09 5.0228E-09 5.1890E-09 5.3476E-09 5.4971E-09 5.6357E-09 5.7623E-09 5.8758E-09 5.9752E-09 6.0600E-09 6.1359E-09 6.1951E-09 6.2361E-09 6.2618E-09 6.2726E-09 6.2692E-09 6.2597E-09 6.2344E-09 6.1940E-09 6.1416E-09 6.0780E-09 6.0058E-09 5.9321E-09 5.8437E-09 5.7477E-09 5.6446E-09 5.5354E-09 5.4204E-09 5.3008E-09 5.1782E-09 5.0532E-09 4.9262E-09 4.7982E-09 4.6689E-09 4.5418E-09 4.4096E-09 4.2756E-09 4.1404E-09 4.0043E-09 3.8685E-09 3.7637E-09 3.6456E-09 3.5287E-09 3.4008E-09 3.2735E-09 3.1466E-09 3.0197E-09
3.1531E-09 3.3046E-09 3.4636E-09 3.6287E-09 3.7989E-09 3.9775E-09 4.1566E-09 4.3409E-09 4.5307E-09 4.7176E-09 4.9021E-09 5.0830E-09 5.2579E-09 5.4253E-09 5.5830E-09 5.7297E-09 5.8639E-09 5.9843E-09 6.0903E-09 6.1811E-09 6.2637E-09 6.3276E-09 6.3731E-09 6.4026E-09 6.4206E-09 6.4279E-09 6.4151E-09 6.3892E-09 6.3512E-09 6.3024E-09 6.2517E-09 6.1842E-09 6.1061E-09 6.0177E-09 5.9207E-09 5.8172E-09 5.7077E-09 5.5930E-09 5.4778E-09 5.3558E-09 5.2309E-09 5.1044E-09 4.9759E-09 4.8454E-09 4.7126E-09 4.5782E-09 4.4415E-09 4.3031E-09 4.1981E-09 4.0790E-09 3.9613E-09 3.8268E-09 3.6916E-09 3.5586E-09 3.4263E-09 3.2922E-09 3.1615E-09
3.1249E-09 3.2807E-09 3.4469E-09 3.6171E-09 3.7955E-09 3.9789E-09 4.1667E-09 4.3624E-09 4.5579E-09 4.7527E-09 4.9458E-09 5.1352E-09 5.3187E-09 5.4943E-09 5.6600E-09 5.8144E-09 5.9561E-09 6.0836E-09 6.1962E-09 6.2926E-09 6.3820E-09 6.4504E-09 6.5004E-09 6.5416E-09 6.5644E-09 6.5693E-09 6.5598E-09 6.5393E-09 6.5153E-09 6.4726E-09 6.4175E-09 6.3498E-09 6.2726E-09 6.1873E-09 6.0974E-09 5.9964E-09 5.8887E-09 5.7747E-09 5.6567E-09 5.5354E-09 5.4109E-09 5.2845E-09 5.1555E-09 5.0236E-09 4.8897E-09 4.7527E-09 4.6505E-09 4.5314E-09 4.4134E-09 4.2797E-09 4.1446E-09 4.0076E-09 3.8683E-09 3.7305E-09 3.5901E-09 3.4519E-09 3.3129E-09
3.0925E-09 3.2545E-09 3.4245E-09 3.6006E-09 3.7860E-09 3.9747E-09 4.1718E-09 4.3749E-09 4.5772E-09 4.7800E-09 4.9814E-09 5.1789E-09 5.3705E-09 5.5540E-09 5.7275E-09 5.8894E-09 6.0381E-09 6.1724E-09 6.2912E-09 6.3947E-09 6.4902E-09 6.5665E-09 6.6254E-09 6.6685E-09 6.6926E-09 6.7015E-09 6.7065E-09 6.6967E-09 6.6676E-09 6.6262E-09 6.5747E-09 6.5134E-09 6.4455E-09 6.3640E-09 6.2732E-09 6.1745E-09 6.0679E-09 5.9557E-09 5.8397E-09 5.7199E-09 5.5975E-09 5.4718E-09 5.3429E-09 5.2104E-09 5.0962E-09 5.0000E-09 4.8857E-09 4.7526E-09 4.6171E-09 4.4807E-09 4.3419E-09 4.1996E-09 4.0558E-09 3.9123E-09 3.7680E-09 3.6209E-09 3.4767E-09
3.0561E-09 3.2242E-09 3.3976E-09 3.5798E-09 3.7692E-09 3.9663E-09 4.1725E-09 4.3793E-09 4.5890E-09 4.7994E-09 5.0084E-09 5.2136E-09 5.4127E-09 5.6036E-09 5.7846E-09 5.9537E-09 6.1093E-09 6.2502E-09 6.3749E-09 6.4856E-09 6.5907E-09 6.6719E-09 6.7367E-09 6.7818E-09 6.8113E-09 6.8434E-09 6.8467E-09 6.8355E-09 6.8129E-09 6.7798E-09 6.7375E-09 6.6799E-09 6.6114E-09 6.5331E-09 6.4464E-09 6.3518E-09 6.2495E-09 6.1409E-09 6.0281E-09 5.9108E-09 5.7902E-09 5.6826E-09 5.5945E-09 5.4895E-09 5.3651E-09 5.2395E-09 5.1107E-09 4.9776E-09 4.8404E-09 4.7004E-09 4.5570E-09 4.4075E-09 4.2570E-09 4.1068E-09 3.9533E-09 3.8007E-09 3.6486E-09
3.0177E-09 3.1883E-09 3.3658E-09 3.5538E-09 3.7481E-09 3.9521E-09 4.1629E-09 4.3764E-09 4.5929E-09 4.8104E-09 5.0263E-09 5.2387E-09 5.4449E-09 5.6430E-09 5.8308E-09 6.0066E-09 6.1688E-09 6.3158E-09 6.4463E-09 6.5676E-09 6.6823E-09 6.7664E-09 6.8335E-09 6.8986E-09 6.9404E-09 6.9625E-09 6.9750E-09 6.9732E-09 6.9606E-09 6.9303E-09 6.8888E-09 6.8372E-09 6.7764E-09 6.7054E-09 6.6244E-09 6.5345E-09 6.4366E-09 6.4096E-09 6.3055E-09 6.1970E-09 6.0829E-09 5.9654E-09 5.8462E-09 5.7261E-09 5.6050E-09 5.4825E-09 5.3542E-09 5.2192E-09 5.0787E-09 4.9346E-09 4.7860E-09 4.6325E-09 4.4754E-09 4.3170E-09 4.1549E-09 3.9916E-09 3.8305E-09
2.9761E-09 3.1484E-09 3.3301E-09 3.5211E-09 3.7221E-09 3.9325E-09 4.1466E-09 4.3660E-09 4.5888E-09 4.8126E-09 5.0350E-09 5.2538E-09 5.4665E-09 5.6711E-09 5.8655E-09 6.0477E-09 6.2161E-09 6.3689E-09 6.5090E-09 6.6379E-09 6.7552E-09 6.8452E-09 6.9351E-09 6.9982E-09 7.0422E-09 7.0809E-09 7.0989E-09 7.1044E-09 7.0949E-09 7.0744E-09 7.0426E-09 6.9986E-09 6.9432E-09 6.9166E-09 6.8808E-09 6.8040E-09 6.7201E-09 6.6296E-09 6.5326E-09 6.4296E-09 6.3205E-09 6.2095E-09 6.0981E-09 5.9842E-09 5.8680E-09 5.7465E-09 5.6180E-09 5.4797E-09 5.3360E-09 5.1868E-09 5.0321E-09 4.8695E-09 4.7060E-09 4.5393E-09 4.3685E-09 4.1968E-09 4.0228E-09
2.9292E-09 3.1039E-09 3.2901E-09 3.4848E-09 3.6905E-09 3.9041E-09 4.1233E-09 4.3480E-09 4.5763E-09 4.8057E-09 5.0341E-09 5.2587E-09 5.4775E-09 5.6881E-09 5.8884E-09 6.0765E-09 6.2506E-09 6.4125E-09 6.5591E-09 6.6964E-09 6.8154E-09 6.9293E-09 7.0155E-09 7.0847E-09 7.1475E-09 7.1855E-09 7.2153E-09 7.2301E-09 7.2311E-09 7.2178E-09 7.1911E-09 7.1940E-09 7.1871E-09 7.1392E-09 7.0819E-09 7.0160E-09 6.9422E-09 6.8608E-09 6.7727E-09 6.6771E-09 6.5761E-09 6.4737E-09 6.3693E-09 6.2616E-09 6.1504E-09 6.0300E-09 5.9000E-09 5.7610E-09 5.6133E-09 5.4578E-09 5.2931E-09 5.1245E-09 4.9515E-09 4.7747E-09 4.5923E-09 4.4108E-09 4.2283E-09
2.8790E-09 3.0546E-09 3.2445E-09 3.4439E-09 3.6535E-09 3.8695E-09 4.0930E-09 4.3224E-09 4.5555E-09 4.7899E-09 5.0233E-09 5.2531E-09 5.4772E-09 5.6932E-09 5.8991E-09 6.0927E-09 6.2719E-09 6.4436E-09 6.5962E-09 6.7375E-09 6.8806E-09 6.9904E-09 7.0947E-09 7.1711E-09 7.2357E-09 7.2906E-09 7.3284E-09 7.3497E-09 7.3566E-09 7.3915E-09 7.4160E-09 7.4000E-09 7.3739E-09 7.3381E-09 7.2926E-09 7.2393E-09 7.1782E-09 7.1076E-09 7.0295E-09 6.9430E-09 6.8576E-09 6.7664E-09 6.6709E-09 6.5707E-09 6.4662E-09 6.3452E-09 6.2118E-09 6.0661E-09 5.9114E-09 5.7483E-09 5.5771E-09 5.3963E-09 5.2119E-09 5.0208E-09 4.8295E-09 4.6358E-09 4.4382E-09
2.8250E-09 3.0036E-09 3.1956E-09 3.3976E-09 3.6093E-09 3.8287E-09 4.0558E-09 4.2891E-09 4.5261E-09 4.7649E-09 5.0026E-09 5.2371E-09 5.4658E-09 5.6866E-09 5.8973E-09 6.0958E-09 6.2874E-09 6.4617E-09 6.6169E-09 6.7791E-09 6.9219E-09 7.0508E-09 7.1513E-09 7.2399E-09 7.3245E-09 7.3835E-09 7.4276E-09 7.4787E-09 7.5385E-09 7.5726E-09 7.5812E-09 7.5797E-09 7.5681E-09 7.5467E-09 7.5160E-09 7.4771E-09 7.4292E-09 7.3729E-09 7.3142E-09 7.2477E-09 7.1743E-09 7.0935E-09 7.0068E-09 6.9132E-09 6.8052E-09 6.6827E-09 6.5453E-09 6.3925E-09 6.2310E-09 6.0588E-09 5.8764E-09 5.6838E-09 5.4877E-09 5.2864E-09 5.0781E-09 4.8681E-09 4.6598E-09
2.7670E-09 2.9495E-09 3.1428E-09 3.3454E-09 3.5596E-09 3.7816E-09 4.0118E-09 4.2481E-09 4.4885E-09 4.7306E-09 4.9719E-09 5.2102E-09 5.4431E-09 5.6682E-09 5.8833E-09 6.0898E-09 6.2869E-09 6.4635E-09 6.6241E-09 6.8016E-09 6.9624E-09 7.0874E-09 7.2071E-09 7.3123E-09 7.3950E-09 7.4636E-09 7.5601E-09 7.6454E-09 7.6907E-09 7.7258E-09 7.7509E-09 7.7662E-09 7.7716E-09 7.7671E-09 7.7542E-09 7.7324E-09 7.7064E-09 7.6717E-09 7.6251E-09 7.5761E-09 7.5171E-09 7.4488E-09 7.3720E-09 7.2812E-09 7.1728E-09 7.0470E-09 6.9028E-09 6.7434E-09 6.5723E-09 6.3887E-09 6.1907E-09 5.9877E-09 5.7774E-09 5.5581E-09 5.3385E-09 5.1163E-09 4.8866E-09
2.7065E-09 2.8913E-09 3.0855E-09 3.2904E-09 3.5047E-09 3.7286E-09 3.9610E-09 4.1996E-09 4.4426E-09 4.6874E-09 4.9317E-09 5.1732E-09 5.4093E-09 5.6380E-09 5.8567E-09 6.0714E-09 6.2706E-09 6.4521E-09 6.6262E-09 6.8220E-09 6.9772E-09 7.1310E-09 7.2537E-09 7.3617E-09 7.4749E-09 7.5797E-09 7.6932E-09 7.7662E-09 7.8291E-09 7.8826E-09 7.9267E-09 7.9614E-09 7.9865E-09 8.0024E-09 8.0093E-09 8.0084E-09 8.0033E-09 7.9868E-09 7.9630E-09 7.9316E-09 7.8884E-09 7.8321E-09 7.7642E-09 7.6749E-09 7.5646E-09 7.4340E-09 7.2843E-09 7.1171E-09 6.9340E-09 6.7329E-09 6.5245E-09 6.3062E-09 6.0764E-09 5.8448E-09 5.6089E-09 5.3670E-09 5.1278E-09
2.6453E-09 2.8300E-09 3.0236E-09 3.2293E-09 3.4447E-09 3.6700E-09 3.9037E-09 4.1439E-09 4.3886E-09 4.6352E-09 4.8817E-09 5.1257E-09 5.3647E-09 5.5963E-09 5.8221E-09 6.0412E-09 6.2415E-09 6.4315E-09 6.6273E-09 6.8178E-09 6.9959E-09 7.1476E-09 7.2820E-09 7.4217E-09 7.5697E-09 7.6944E-09 7.7954E-09 7.8871E-09 7.9700E-09 8.0443E-09 8.1101E-09 8.1671E-09 8.2149E-09 8.2542E-09 8.2837E-09 8.3074E-09 8.3249E-09 8.3304E-09 8.3335E-09 8.3220E-09 8.2951E-09 8.2518E-09 8.1870E-09 8.0973E-09 7.9829E-09 7.8454E-09 7.6862E-09 7.5071E-09 7.3104E-09 7.0984E-09 6.8735E-09 6.6342E-09 6.3910E-09 6.1418E-09 5.8846E-09 5.6291E-09 5.3726E-09
2.5810E-09 2.7657E-09 2.9581E-09 3.1643E-09 3.3799E-09 3.6057E-09 3.8400E-09 4.0812E-09 4.3268E-09 4.5748E-09 4.8228E-09 5.0683E-09 5.3094E-09 5.5469E-09 5.7761E-09 5.9959E-09 6.2037E-09 6.4148E-09 6.6031E-09 6.8173E-09 6.9939E-09 7.1525E-09 7.3192E-09 7.4946E-09 7.6470E-09 7.7759E-09 7.8965E-09 8.0092E-09 8.1146E-09 8.2125E-09 8.3029E-09 8.3853E-09 8.4640E-09 8.5308E-09 8.5866E-09 8.6393E-09 8.6835E-09 8.7197E-09 8.7483E-09 8.7569E-09 8.7451E-09 8.7174E-09 8.6532E-09 8.5599E-09 8.4387E-09 8.2883E-09 8.1147E-09 7.9211E-09 7.7083E-09 7.4752E-09 7.2321E-09 6.9783E-09 6.7162E-09 6.4438E-09 6.1718E-09 5.8974E-09 5.6190E-09
2.5146E-09 2.6977E-09 2.8894E-09 3.0953E-09 3.3108E-09 3.5364E-09 3.7706E-09 4.0118E-09 4.2575E-09 4.5059E-09 4.7547E-09 5.0016E-09 5.2441E-09 5.4871E-09 5.7194E-09 5.9389E-09 6.1697E-09 6.3696E-09 6.5820E-09 6.7937E-09 6.9776E-09 7.1665E-09 7.3669E-09 7.5473E-09 7.7054E-09 7.8551E-09 7.9974E-09 8.1337E-09 8.2667E-09 8.3952E-09 8.5177E-09 8.6312E-09 8.7367E-09 8.8331E-09 8.9253E-09 9.0109E-09 9.0904E-09 9.1617E-09 9.2120E-09 9.2420E-09 9.2511E-09 9.2194E-09 9.1528E-09 9.0528E-09 8.9212E-09 8.7523E-09 8.5638E-09 8.3534E-09 8.1210E-09 7.8694E-09 7.6069E-09 7.3330E-09 7.0462E-09 6.7579E-09 6.4648E-09 6.1679E-09 5.8738E-09
2.4483E-09 2.6272E-09 2.8197E-09 3.0228E-09 3.2373E-09 3.4620E-09 3.6957E-09 3.9361E-09 4.1815E-09 4.4298E-09 4.6785E-09 4.9258E-09 5.1726E-09 5.4140E-09 5.6489E-09 5.8888E-09 6.1086E-09 6.3308E-09 6.5395E-09 6.7547E-09 6.9691E-09 7.1746E-09 7.3936E-09 7.5789E-09 7.7588E-09 7.9320E-09 8.1024E-09 8.2715E-09 8.4387E-09 8.5991E-09 8.7616E-09 8.9098E-09 9.0509E-09 9.1817E-09 9.3179E-09 9.4414E-09 9.5621E-09 9.6580E-09 9.7335E-09 9.7804E-09 9.7919E-09 9.7595E-09 9.6866E-09 9.5765E-09 9.4280E-09 9.2430E-09 9.0380E-09 8.8079E-09 8.5482E-09 8.2771E-09 7.9931E-09 7.6932E-09 7.3894E-09 7.0793E-09 6.7618E-09 6.4469E-09 6.1287E-09
