Assets/Resources/2015_m01_d17_0900(utc+0800)_l00_csi_1hr_conc.grd
DSAA
         159         159
     -79.000      79.000
     -79.000      79.000
  0.0000E+00  0.2780E-05
[rows 25 to 49 of 159, columns 57 to 113 of 159]
1.8553E-09 1.9904E-09 2.1327E-09 2.2828E-09 2.4410E-09 2.6064E-09 2.7785E-09 2.9571E-09 3.1417E-09 3.3316E-09 3.5270E-09 3.7274E-09 3.9309E-09 4.1370E-09 4.3435E-09 4.5504E-09 4.7568E-09 4.9616E-09 5.1631E-09 5.3602E-09 5.5513E-09 5.7353E-09 5.9105E-09 6.0945E-09 6.2294E-09 6.3707E-09 6.4979E-09 6.6292E-09 6.7105E-09 6.7838E-09 6.8467E-09 6.9097E-09 6.9339E-09 6.9217E-09 6.9101E-09 6.8973E-09 6.8477E-09 6.7596E-09 6.6717E-09 6.5817E-09 6.4608E-09 6.3059E-09 6.1539E-09 5.9939E-09 5.8165E-09 5.6507E-09 5.4193E-09 5.2173E-09 5.0027E-09 4.7952E-09 4.5533E-09 4.3267E-09 4.0991E-09 3.8773E-09 3.6476E-09 3.4232E-09 3.2257E-09
1.8755E-09 2.0147E-09 2.1621E-09 2.3179E-09 2.4869E-09 2.6520E-09 2.8301E-09 3.0161E-09 3.2192E-09 3.4072E-09 3.6115E-09 3.8197E-09 4.0315E-09 4.2465E-09 4.4637E-09 4.6812E-09 4.8979E-09 5.1118E-09 5.3220E-09 5.5271E-09 5.7257E-09 5.9166E-09 6.0989E-09 6.2703E-09 6.4382E-09 6.5957E-09 6.7054E-09 6.8199E-09 6.9244E-09 7.0208E-09 7.0611E-09 7.1023E-09 7.1295E-09 7.1511E-09 7.1140E-09 7.0793E-09 7.0241E-09 6.9697E-09 6.8672E-09 6.7461E-09 6.6172E-09 6.4884E-09 6.3296E-09 6.1389E-09 5.9526E-09 5.7622E-09 5.5891E-09 5.3318E-09 5.1090E-09 4.8887E-09 4.6813E-09 4.4177E-09 4.1822E-09 3.9482E-09 3.7253E-09 3.4882E-09 3.2611E-09
1.8961E-09 2.0405E-09 2.1949E-09 2.3530E-09 2.5213E-09 2.6989E-09 2.8846E-09 3.0783E-09 3.2794E-09 3.4865E-09 3.6997E-09 3.9182E-09 4.1406E-09 4.3658E-09 4.5923E-09 4.8187E-09 5.0445E-09 5.2682E-09 5.4881E-09 5.7027E-09 5.9104E-09 6.1094E-09 6.2984E-09 6.4757E-09 6.6395E-09 6.7878E-09 6.9436E-09 7.0637E-09 7.1416E-09 7.2234E-09 7.3057E-09 7.3485E-09 7.3476E-09 7.3464E-09 7.3494E-09 7.3088E-09 7.2251E-09 7.1459E-09 7.0623E-09 6.9495E-09 6.7929E-09 6.6407E-09 6.4827E-09 6.3081E-09 6.0974E-09 5.8927E-09 5.6771E-09 5.4957E-09 5.2256E-09 4.9864E-09 4.7479E-09 4.5422E-09 4.2685E-09 4.0224E-09 3.7837E-09 3.5614E-09 3.3188E-09
1.9169E-09 2.0652E-09 2.2225E-09 2.3884E-09 2.5641E-09 2.7490E-09 2.9421E-09 3.1472E-09 3.3534E-09 3.5697E-09 3.7923E-09 4.0390E-09 4.2524E-09 4.4879E-09 4.7258E-09 4.9641E-09 5.2014E-09 5.4359E-09 5.6658E-09 5.8891E-09 6.1054E-09 6.3125E-09 6.5086E-09 6.6921E-09 6.8613E-09 7.0159E-09 7.1547E-09 7.2755E-09 7.3975E-09 7.4636E-09 7.5169E-09 7.5577E-09 7.5997E-09 7.5966E-09 7.5485E-09 7.5009E-09 7.4570E-09 7.3721E-09 7.2408E-09 7.1159E-09 6.9935E-09 6.8344E-09 6.6366E-09 6.4459E-09 6.2594E-09 6.0472E-09 5.8062E-09 5.5738E-09 5.3778E-09 5.0989E-09 4.8423E-09 4.5939E-09 4.3851E-09 4.1028E-09 3.8479E-09 3.6068E-09 3.3824E-09
1.9363E-09 2.0900E-09 2.2532E-09 2.4272E-09 2.6094E-09 2.8081E-09 3.0018E-09 3.2118E-09 3.4305E-09 3.6565E-09 3.8893E-09 4.1282E-09 4.3714E-09 4.6181E-09 4.8664E-09 5.1150E-09 5.3625E-09 5.6077E-09 5.8485E-09 6.0829E-09 6.3088E-09 6.5243E-09 6.7280E-09 6.9184E-09 7.0943E-09 7.2539E-09 7.3955E-09 7.5177E-09 7.6184E-09 7.7000E-09 7.7822E-09 7.7971E-09 7.8137E-09 7.8049E-09 7.8007E-09 7.7228E-09 7.6509E-09 7.5554E-09 7.4634E-09 7.3245E-09 7.1549E-09 6.9858E-09 6.8220E-09 6.6242E-09 6.3893E-09 6.1652E-09 5.9507E-09 5.7111E-09 5.4461E-09 5.2287E-09 4.9443E-09 4.6852E-09 4.4211E-09 4.1994E-09 3.9185E-09 3.6668E-09 3.4191E-09
1.9563E-09 2.1166E-09 2.2866E-09 2.4656E-09 2.6549E-09 2.8549E-09 3.0649E-09 3.2835E-09 3.5115E-09 3.7481E-09 3.9922E-09 4.2427E-09 4.4978E-09 4.7561E-09 5.0443E-09 5.2793E-09 5.5392E-09 5.7960E-09 6.0466E-09 6.2898E-09 6.5239E-09 6.7468E-09 6.9570E-09 7.1546E-09 7.3363E-09 7.5004E-09 7.6451E-09 7.7685E-09 7.8716E-09 7.9538E-09 8.0119E-09 8.0640E-09 8.0825E-09 8.0440E-09 8.0101E-09 7.9668E-09 7.8964E-09 7.7666E-09 7.6431E-09 7.5092E-09 7.3643E-09 7.1599E-09 6.9669E-09 6.7580E-09 6.5578E-09 6.3054E-09 6.0586E-09 5.8091E-09 5.5701E-09 5.3100E-09 5.0633E-09 4.7611E-09 4.5004E-09 4.2383E-09 4.0046E-09 3.7146E-09 3.4690E-09
1.9783E-09 2.1434E-09 2.3187E-09 2.5054E-09 2.7038E-09 2.9121E-09 3.1313E-09 3.3602E-09 3.6126E-09 3.8471E-09 4.1016E-09 4.3631E-09 4.6361E-09 4.9013E-09 5.1748E-09 5.4482E-09 5.7197E-09 5.9878E-09 6.2506E-09 6.5058E-09 6.7503E-09 6.9832E-09 7.2027E-09 7.4064E-09 7.5929E-09 7.7577E-09 7.9053E-09 8.0314E-09 8.1361E-09 8.2174E-09 8.2730E-09 8.3044E-09 8.3116E-09 8.3176E-09 8.2770E-09 8.1853E-09 8.0953E-09 8.0107E-09 7.8783E-09 7.6973E-09 7.5237E-09 7.3608E-09 7.1585E-09 6.9129E-09 6.6809E-09 6.4585E-09 6.2054E-09 5.9225E-09 5.6571E-09 5.4031E-09 5.1310E-09 4.8758E-09 4.5645E-09 4.2959E-09 4.0323E-09 3.7963E-09 3.5055E-09
1.9978E-09 2.1695E-09 2.3529E-09 2.5488E-09 2.7550E-09 2.9728E-09 3.2021E-09 3.4418E-09 3.6906E-09 3.9495E-09 4.2165E-09 4.4916E-09 4.7725E-09 5.0567E-09 5.3428E-09 5.6293E-09 5.9133E-09 6.2183E-09 6.4663E-09 6.7310E-09 6.9862E-09 7.2290E-09 7.4563E-09 7.6669E-09 7.8578E-09 8.0280E-09 8.1792E-09 8.3075E-09 8.4092E-09 8.4890E-09 8.5410E-09 8.5687E-09 8.5715E-09 8.5468E-09 8.4968E-09 8.4494E-09 8.3237E-09 8.2049E-09 8.0611E-09 7.9232E-09 7.7335E-09 7.5114E-09 7.2966E-09 7.0929E-09 6.8518E-09 6.5709E-09 6.3070E-09 6.0545E-09 5.7783E-09 5.4782E-09 5.1965E-09 4.9292E-09 4.6827E-09 4.3499E-09 4.0747E-09 3.8131E-09 3.5823E-09
2.0173E-09 2.1974E-09 2.3903E-09 2.5931E-09 2.8086E-09 3.0364E-09 3.2760E-09 3.5267E-09 3.7878E-09 4.0599E-09 4.3400E-09 4.6384E-09 4.9205E-09 5.2186E-09 5.5187E-09 5.8394E-09 6.1165E-09 6.4093E-09 6.6957E-09 6.9725E-09 7.2372E-09 7.4887E-09 7.7243E-09 7.9410E-09 8.1365E-09 8.3119E-09 8.4648E-09 8.5934E-09 8.6942E-09 8.7708E-09 8.8175E-09 8.8423E-09 8.8400E-09 8.8078E-09 8.7526E-09 8.6673E-09 8.5577E-09 8.4555E-09 8.2727E-09 8.1003E-09 7.9052E-09 7.7185E-09 7.4597E-09 7.2190E-09 6.9657E-09 6.7260E-09 6.4354E-09 6.1440E-09 5.8545E-09 5.5837E-09 5.2932E-09 4.9823E-09 4.6927E-09 4.4539E-09 4.1338E-09 3.8443E-09 3.5772E-09
2.0388E-09 2.2263E-09 2.4253E-09 2.6383E-09 2.8650E-09 3.1031E-09 3.3536E-09 3.6161E-09 3.8906E-09 4.1752E-09 4.4694E-09 4.7711E-09 5.0799E-09 5.3921E-09 5.7059E-09 6.0203E-09 6.3312E-09 6.6370E-09 6.9349E-09 7.2224E-09 7.5134E-09 7.7560E-09 7.9986E-09 8.2227E-09 8.4265E-09 8.6059E-09 8.7600E-09 8.8871E-09 8.9866E-09 9.0603E-09 9.1042E-09 9.1211E-09 9.1116E-09 9.0719E-09 9.0080E-09 8.9145E-09 8.7964E-09 8.6536E-09 8.5132E-09 8.3309E-09 8.0943E-09 7.8692E-09 7.6492E-09 7.3956E-09 7.1024E-09 6.8266E-09 6.5532E-09 6.2729E-09 5.9498E-09 5.6457E-09 5.3498E-09 5.0629E-09 4.7470E-09 4.4528E-09 4.1895E-09 3.8892E-09 3.6102E-09
2.0607E-09 2.2541E-09 2.4626E-09 2.6860E-09 2.9219E-09 3.1716E-09 3.4344E-09 3.7109E-09 3.9986E-09 4.2982E-09 4.6088E-09 4.9265E-09 5.2502E-09 5.5788E-09 5.9090E-09 6.2389E-09 6.5650E-09 6.8839E-09 7.2319E-09 7.4893E-09 7.7731E-09 8.0405E-09 8.2984E-09 8.5179E-09 8.7248E-09 8.9080E-09 9.0648E-09 9.1911E-09 9.2902E-09 9.3610E-09 9.3992E-09 9.4116E-09 9.3907E-09 9.3403E-09 9.2671E-09 9.1631E-09 9.0361E-09 8.8812E-09 8.7020E-09 8.5018E-09 8.3105E-09 8.0671E-09 7.7917E-09 7.5207E-09 7.2613E-09 6.9736E-09 6.6505E-09 6.3471E-09 6.0609E-09 5.7479E-09 5.4100E-09 5.1011E-09 4.8113E-09 4.5097E-09 4.1971E-09 3.9254E-09 3.6350E-09
2.0811E-09 2.2842E-09 2.5017E-09 2.7335E-09 2.9803E-09 3.2428E-09 3.5214E-09 3.8131E-09 4.1173E-09 4.4334E-09 4.7590E-09 5.0929E-09 5.4336E-09 5.7790E-09 6.1245E-09 6.4686E-09 6.8085E-09 7.1416E-09 7.4647E-09 7.7756E-09 8.0706E-09 8.3473E-09 8.6008E-09 8.8300E-09 9.0390E-09 9.2224E-09 9.3784E-09 9.5065E-09 9.6053E-09 9.6713E-09 9.7027E-09 9.7061E-09 9.6751E-09 9.6167E-09 9.5287E-09 9.4148E-09 9.2745E-09 9.1067E-09 8.9156E-09 8.7008E-09 8.4670E-09 8.2184E-09 7.9787E-09 7.6673E-09 7.3703E-09 7.0626E-09 6.7781E-09 6.4471E-09 6.1193E-09 5.7979E-09 5.4929E-09 5.1710E-09 4.8358E-09 4.5263E-09 4.2385E-09 3.9433E-09 3.6526E-09
2.1042E-09 2.3151E-09 2.5404E-09 2.7835E-09 3.0450E-09 3.3223E-09 3.6144E-09 3.9205E-09 4.2411E-09 4.5732E-09 4.9172E-09 5.2707E-09 5.6305E-09 5.9944E-09 6.3579E-09 6.7186E-09 7.0755E-09 7.4235E-09 7.7602E-09 8.0822E-09 8.3861E-09 8.7160E-09 8.9263E-09 9.1614E-09 9.3711E-09 9.5774E-09 9.7024E-09 9.8274E-09 9.9218E-09 9.9850E-09 1.0011E-08 1.0006E-08 9.9685E-09 9.8992E-09 9.7990E-09 9.6667E-09 9.5123E-09 9.3340E-09 9.1282E-09 8.8996E-09 8.6480E-09 8.3819E-09 8.1030E-09 7.8154E-09 7.5270E-09 7.1758E-09 6.8496E-09 6.5252E-09 6.2150E-09 5.8600E-09 5.5286E-09 5.1945E-09 4.8880E-09 4.5538E-09 4.2425E-09 3.9417E-09 3.6629E-09
2.1269E-09 2.3455E-09 2.5841E-09 2.8404E-09 3.1146E-09 3.4034E-09 3.7107E-09 4.0356E-09 4.3736E-09 4.7253E-09 5.0886E-09 5.4606E-09 5.8378E-09 6.2197E-09 6.6030E-09 7.0013E-09 7.3569E-09 7.7206E-09 8.0710E-09 8.4047E-09 8.7185E-09 9.0089E-09 9.2747E-09 9.5145E-09 9.7249E-09 9.8984E-09 1.0048E-08 1.0160E-08 1.0247E-08 1.0300E-08 1.0321E-08 1.0309E-08 1.0263E-08 1.0179E-08 1.0065E-08 9.9224E-09 9.7497E-09 9.5556E-09 9.3346E-09 9.0912E-09 8.8277E-09 8.5418E-09 8.2454E-09 7.9381E-09 7.6187E-09 7.3114E-09 6.9654E-09 6.5981E-09 6.2566E-09 5.9346E-09 5.5933E-09 5.2336E-09 4.8953E-09 4.5836E-09 4.2704E-09 3.9471E-09 3.6508E-09
2.1505E-09 2.3820E-09 2.6315E-09 2.8988E-09 3.1841E-09 3.4918E-09 3.8172E-09 4.1581E-09 4.5141E-09 4.8874E-09 5.2735E-09 5.6675E-09 6.0687E-09 6.4734E-09 6.8778E-09 7.2769E-09 7.6680E-09 8.0468E-09 8.4101E-09 8.7542E-09 9.0756E-09 9.3712E-09 9.6435E-09 9.8860E-09 1.0130E-08 1.0267E-08 1.0410E-08 1.0513E-08 1.0642E-08 1.0625E-08 1.0635E-08 1.0611E-08 1.0554E-08 1.0460E-08 1.0335E-08 1.0175E-08 9.9872E-09 9.7706E-09 9.5364E-09 9.2802E-09 9.0003E-09 8.7009E-09 8.3813E-09 8.0578E-09 7.7246E-09 7.3822E-09 7.0301E-09 6.6876E-09 6.3190E-09 5.9581E-09 5.6071E-09 5.2787E-09 4.9353E-09 4.5792E-09 4.2567E-09 3.9593E-09 3.6585E-09
2.1742E-09 2.4180E-09 2.6783E-09 2.9596E-09 3.2633E-09 3.5866E-09 3.9284E-09 4.2915E-09 4.6736E-09 5.0703E-09 5.4758E-09 5.8905E-09 6.3125E-09 6.7398E-09 7.1664E-09 7.5871E-09 7.9986E-09 8.3969E-09 8.7769E-09 9.1341E-09 9.4654E-09 9.7705E-09 1.0057E-08 1.0286E-08 1.0485E-08 1.0655E-08 1.0791E-08 1.0891E-08 1.0947E-08 1.0969E-08 1.0958E-08 1.0919E-08 1.0845E-08 1.0737E-08 1.0599E-08 1.0425E-08 1.0220E-08 9.9888E-09 9.7298E-09 9.4567E-09 9.1635E-09 8.8489E-09 8.5182E-09 8.1682E-09 7.8208E-09 7.4648E-09 7.1026E-09 6.7314E-09 6.3544E-09 6.0130E-09 5.6310E-09 5.2754E-09 4.9258E-09 4.5986E-09 4.2518E-09 3.9330E-09 3.6282E-09
2.1906E-09 2.4482E-09 2.7269E-09 3.0261E-09 3.3465E-09 3.6878E-09 4.0543E-09 4.4402E-09 4.8426E-09 5.2593E-09 5.6931E-09 6.1379E-09 6.5875E-09 7.0372E-09 7.4839E-09 7.9260E-09 8.3578E-09 8.7749E-09 9.1706E-09 9.5416E-09 9.8840E-09 1.0195E-08 1.0471E-08 1.0709E-08 1.0906E-08 1.1072E-08 1.1192E-08 1.1279E-08 1.1322E-08 1.1333E-08 1.1302E-08 1.1313E-08 1.1140E-08 1.1016E-08 1.0860E-08 1.0668E-08 1.0452E-08 1.0203E-08 9.9262E-09 9.6254E-09 9.3151E-09 8.9869E-09 8.6428E-09 8.2781E-09 7.9052E-09 7.5356E-09 7.1604E-09 6.7822E-09 6.3941E-09 6.0129E-09 5.6524E-09 5.2989E-09 4.9233E-09 4.5748E-09 4.2385E-09 3.9273E-09 3.6038E-09
2.2014E-09 2.4747E-09 2.7727E-09 3.0923E-09 3.4355E-09 3.8011E-09 4.1880E-09 4.5966E-09 5.0254E-09 5.4742E-09 5.9368E-09 6.4067E-09 6.8816E-09 7.3611E-09 7.8383E-09 8.3061E-09 8.7606E-09 9.1975E-09 9.6098E-09 9.9925E-09 1.0342E-08 1.0657E-08 1.0933E-08 1.1167E-08 1.1363E-08 1.1557E-08 1.1624E-08 1.1694E-08 1.1714E-08 1.1707E-08 1.1653E-08 1.1565E-08 1.1440E-08 1.1291E-08 1.1115E-08 1.0907E-08 1.0670E-08 1.0402E-08 1.0111E-08 9.7916E-09 9.4546E-09 9.1090E-09 8.7489E-09 8.3768E-09 7.9827E-09 7.5922E-09 7.2045E-09 6.8144E-09 6.4229E-09 6.0249E-09 5.6432E-09 5.2718E-09 4.9259E-09 4.5725E-09 4.2124E-09 3.8827E-09 3.5834E-09
2.2131E-09 2.4994E-09 2.8137E-09 3.1575E-09 3.5245E-09 3.9164E-09 4.3308E-09 4.7697E-09 5.2301E-09 5.7080E-09 6.2000E-09 6.7048E-09 7.2160E-09 7.7269E-09 8.2296E-09 8.7205E-09 9.1945E-09 9.6496E-09 1.0079E-08 1.0478E-08 1.0840E-08 1.1160E-08 1.1437E-08 1.1665E-08 1.1851E-08 1.1993E-08 1.2079E-08 1.2129E-08 1.2130E-08 1.2092E-08 1.2014E-08 1.1907E-08 1.1755E-08 1.1567E-08 1.1434E-08 1.1133E-08 1.0875E-08 1.0589E-08 1.0280E-08 9.9453E-09 9.5844E-09 9.2160E-09 8.8387E-09 8.4503E-09 8.0531E-09 7.6362E-09 7.2330E-09 6.8313E-09 6.4307E-09 6.0295E-09 5.6300E-09 5.2509E-09 4.8821E-09 4.5242E-09 4.1923E-09 3.8469E-09 3.5280E-09
2.2240E-09 2.5225E-09 2.8552E-09 3.2179E-09 3.6116E-09 4.0336E-09 4.4849E-09 4.9585E-09 5.4519E-09 5.9631E-09 6.4931E-09 7.0343E-09 7.5789E-09 8.1227E-09 8.6612E-09 9.1861E-09 9.6901E-09 1.0167E-08 1.0609E-08 1.1016E-08 1.1384E-08 1.1707E-08 1.1982E-08 1.2203E-08 1.2377E-08 1.2499E-08 1.2560E-08 1.2590E-08 1.2606E-08 1.2504E-08 1.2384E-08 1.2247E-08 1.2093E-08 1.1856E-08 1.1607E-08 1.1349E-08 1.1067E-08 1.0759E-08 1.0428E-08 1.0077E-08 9.7031E-09 9.3045E-09 8.9105E-09 8.5065E-09 8.0952E-09 7.6756E-09 7.2444E-09 6.8316E-09 6.4214E-09 6.0139E-09 5.6091E-09 5.2162E-09 4.8422E-09 4.4802E-09 4.1307E-09 3.7954E-09 3.4886E-09
2.2379E-09 2.5528E-09 2.9023E-09 3.2886E-09 3.7120E-09 4.1689E-09 4.6574E-09 5.1719E-09 5.7098E-09 6.2658E-09 6.8362E-09 7.4193E-09 8.0065E-09 8.5924E-09 9.1673E-09 9.7238E-09 1.0255E-08 1.0756E-08 1.1220E-08 1.1639E-08 1.2010E-08 1.2332E-08 1.2598E-08 1.2807E-08 1.2961E-08 1.3058E-08 1.3096E-08 1.3087E-08 1.3037E-08 1.2933E-08 1.2782E-08 1.2598E-08 1.2378E-08 1.2141E-08 1.1863E-08 1.1553E-08 1.1244E-08 1.0953E-08 1.0558E-08 1.0185E-08 9.7949E-09 9.3859E-09 8.9577E-09 8.5408E-09 8.1161E-09 7.6857E-09 7.2473E-09 6.8128E-09 6.3934E-09 5.9794E-09 5.5702E-09 5.1692E-09 4.7875E-09 4.4224E-09 4.0708E-09 3.7343E-09 3.4142E-09
2.2544E-09 2.5794E-09 2.9479E-09 3.3595E-09 3.8111E-09 4.3017E-09 4.8252E-09 5.3871E-09 5.9716E-09 6.5773E-09 7.1967E-09 7.8269E-09 8.4606E-09 9.0898E-09 9.7073E-09 1.0305E-08 1.0872E-08 1.1400E-08 1.1880E-08 1.2308E-08 1.2680E-08 1.2994E-08 1.3247E-08 1.3440E-08 1.3572E-08 1.3643E-08 1.3651E-08 1.3610E-08 1.3514E-08 1.3367E-08 1.3190E-08 1.2979E-08 1.2702E-08 1.2414E-08 1.2105E-08 1.1810E-08 1.1403E-08 1.1043E-08 1.0664E-08 1.0268E-08 9.8573E-09 9.4342E-09 8.9913E-09 8.5455E-09 8.1080E-09 7.6680E-09 7.2234E-09 6.7758E-09 6.3429E-09 5.9227E-09 5.5094E-09 5.1059E-09 4.7161E-09 4.3485E-09 3.9964E-09 3.6600E-09 3.3409E-09
2.2794E-09 2.6142E-09 3.0030E-09 3.4418E-09 3.9255E-09 4.4524E-09 5.0246E-09 5.6312E-09 6.2695E-09 6.9331E-09 7.6137E-09 8.3022E-09 8.9914E-09 9.6747E-09 1.0344E-08 1.0985E-08 1.1588E-08 1.2147E-08 1.2650E-08 1.3092E-08 1.3467E-08 1.3771E-08 1.4005E-08 1.4168E-08 1.4264E-08 1.4294E-08 1.4262E-08 1.4174E-08 1.4024E-08 1.3828E-08 1.3598E-08 1.3327E-08 1.3024E-08 1.2680E-08 1.2333E-08 1.1959E-08 1.1545E-08 1.1146E-08 1.0741E-08 1.0321E-08 9.9037E-09 9.4464E-09 8.9945E-09 8.5271E-09 8.0698E-09 7.6185E-09 7.1673E-09 6.7165E-09 6.2702E-09 5.8437E-09 5.4276E-09 5.0222E-09 4.6304E-09 4.2590E-09 3.9077E-09 3.5728E-09 3.2558E-09
2.3184E-09 2.6681E-09 3.0660E-09 3.5253E-09 4.0437E-09 4.6172E-09 5.2357E-09 5.8944E-09 6.5948E-09 7.3193E-09 8.0668E-09 8.8221E-09 9.5802E-09 1.0327E-08 1.1052E-08 1.1746E-08 1.2393E-08 1.2985E-08 1.3510E-08 1.3962E-08 1.4338E-08 1.4632E-08 1.4844E-08 1.4975E-08 1.5027E-08 1.5004E-08 1.4919E-08 1.4774E-08 1.4565E-08 1.4318E-08 1.4023E-08 1.3687E-08 1.3338E-08 1.2948E-08 1.2532E-08 1.2126E-08 1.1692E-08 1.1223E-08 1.0859E-08 1.0343E-08 9.8889E-09 9.4279E-09 8.9669E-09 8.4861E-09 8.0055E-09 7.5419E-09 7.0833E-09 6.6276E-09 6.1786E-09 5.7431E-09 5.3257E-09 4.9198E-09 4.5288E-09 4.1553E-09 3.8052E-09 3.4732E-09 3.1595E-09
2.3624E-09 2.7355E-09 3.1570E-09 3.6368E-09 4.1884E-09 4.8019E-09 5.4747E-09 6.2009E-09 6.9653E-09 7.7626E-09 8.5805E-09 9.4172E-09 1.0252E-08 1.1071E-08 1.1859E-08 1.2610E-08 1.3305E-08 1.3935E-08 1.4489E-08 1.4955E-08 1.5328E-08 1.5604E-08 1.5783E-08 1.5871E-08 1.5871E-08 1.5790E-08 1.5635E-08 1.5418E-08 1.5142E-08 1.4825E-08 1.4460E-08 1.4053E-08 1.3651E-08 1.3202E-08 1.2730E-08 1.2256E-08 1.1799E-08 1.1305E-08 1.0805E-08 1.0335E-08 9.8586E-09 9.3779E-09 8.8955E-09 8.4095E-09 7.9210E-09 7.4377E-09 6.9728E-09 6.5131E-09 6.0618E-09 5.6220E-09 5.2028E-09 4.7983E-09 4.4094E-09 4.0380E-09 3.6891E-09 3.3613E-09 3.0519E-09
