Assets/Resources/2015_m01_d03_1400(utc+0800)_l00_csi_1hr_conc.grd
DSAA
         159         159
     -79.000      79.000
     -79.000      79.000
  0.1036E-10  0.1193E-05
[rows 100 to 124 of 159, columns 57 to 113 of 159]
1.1076E-09 1.1436E-09 1.1775E-09 1.2136E-09 1.2502E-09 1.2873E-09 1.3250E-09 1.3634E-09 1.4027E-09 1.4418E-09 1.4811E-09 1.5209E-09 1.5611E-09 1.6020E-09 1.6436E-09 1.6859E-09 1.7290E-09 1.7727E-09 1.8171E-09 1.8675E-09 1.9201E-09 1.9761E-09 2.0317E-09 2.1206E-09 3.3940E-09 6.8433E-09 1.3945E-08 2.5776E-08 4.0343E-08 5.3161E-08 5.9751E-08 5.7933E-08 4.9372E-08 3.7608E-08 2.6251E-08 1.7335E-08 1.1224E-08 7.5228E-09 5.4122E-09 4.2552E-09 3.7455E-09 3.6314E-09 3.5875E-09 3.6112E-09 3.6688E-09 3.7314E-09 3.8118E-09 3.8931E-09 3.9782E-09 4.0639E-09 4.1533E-09 4.2372E-09 4.3179E-09 4.3980E-09 4.4782E-09 4.5583E-09 4.6328E-09
1.1161E-09 1.1517E-09 1.1866E-09 1.2227E-09 1.2592E-09 1.2966E-09 1.3354E-09 1.3745E-09 1.4144E-09 1.4539E-09 1.4936E-09 1.5337E-09 1.5747E-09 1.6163E-09 1.6587E-09 1.7018E-09 1.7457E-09 1.7903E-09 1.8397E-09 1.8924E-09 1.9466E-09 2.0014E-09 2.0608E-09 2.1241E-09 3.1404E-09 6.0133E-09 1.1965E-08 2.2017E-08 3.5338E-08 4.8493E-08 5.7502E-08 5.9311E-08 5.4015E-08 4.4125E-08 3.2801E-08 2.2798E-08 1.5341E-08 1.0365E-08 7.3305E-09 5.4983E-09 4.5001E-09 4.0508E-09 3.9352E-09 3.8665E-09 3.8772E-09 3.9301E-09 3.9998E-09 4.0808E-09 4.1595E-09 4.2445E-09 4.3329E-09 4.4231E-09 4.5111E-09 4.5995E-09 4.6852E-09 4.7681E-09 4.8486E-09
1.1249E-09 1.1589E-09 1.1951E-09 1.2314E-09 1.2693E-09 1.3075E-09 1.3463E-09 1.3860E-09 1.4255E-09 1.4653E-09 1.5054E-09 1.5462E-09 1.5878E-09 1.6302E-09 1.6733E-09 1.7173E-09 1.7620E-09 1.8095E-09 1.8621E-09 1.9153E-09 1.9730E-09 2.0306E-09 2.0918E-09 2.1544E-09 2.9993E-09 5.4204E-09 1.0286E-08 1.8854E-08 3.0803E-08 4.3761E-08 5.4284E-08 5.9060E-08 5.6841E-08 4.9157E-08 3.8869E-08 2.8632E-08 2.0148E-08 1.3872E-08 9.7924E-09 7.2468E-09 5.7014E-09 4.7926E-09 4.4166E-09 4.2641E-09 4.1881E-09 4.1902E-09 4.2315E-09 4.3078E-09 4.3858E-09 4.4630E-09 4.5487E-09 4.6365E-09 4.7272E-09 4.8211E-09 4.9123E-09 5.0020E-09 5.0863E-09
1.1320E-09 1.1664E-09 1.2028E-09 1.2398E-09 1.2773E-09 1.3161E-09 1.3558E-09 1.3961E-09 1.4359E-09 1.4761E-09 1.5168E-09 1.5583E-09 1.6005E-09 1.6436E-09 1.6875E-09 1.7322E-09 1.7778E-09 1.8284E-09 1.8834E-09 1.9410E-09 2.0003E-09 2.0597E-09 2.1201E-09 2.1905E-09 2.9099E-09 4.9456E-09 9.0789E-09 1.6399E-08 2.7023E-08 3.9314E-08 5.0459E-08 5.7190E-08 5.7885E-08 5.2857E-08 4.4143E-08 3.4152E-08 2.5118E-08 1.7972E-08 1.2874E-08 9.4715E-09 7.3221E-09 5.9480E-09 5.1581E-09 4.8239E-09 4.6259E-09 4.5515E-09 4.5503E-09 4.5789E-09 4.6538E-09 4.7284E-09 4.8026E-09 4.8892E-09 4.9822E-09 5.0732E-09 5.1670E-09 5.2584E-09 5.3479E-09
1.1379E-09 1.1732E-09 1.2106E-09 1.2480E-09 1.2870E-09 1.3260E-09 1.3659E-09 1.4058E-09 1.4459E-09 1.4864E-09 1.5277E-09 1.5698E-09 1.6128E-09 1.6566E-09 1.7012E-09 1.7467E-09 1.7971E-09 1.8509E-09 1.9054E-09 1.9646E-09 2.0239E-09 2.0870E-09 2.1503E-09 2.2293E-09 2.8512E-09 4.6163E-09 8.1767E-09 1.4406E-08 2.3735E-08 3.5161E-08 4.6402E-08 5.4573E-08 5.7510E-08 5.4894E-08 4.8078E-08 3.9171E-08 3.0188E-08 2.2431E-08 1.6408E-08 1.2187E-08 9.3478E-09 7.5064E-09 6.2965E-09 5.5863E-09 5.2550E-09 5.0413E-09 4.9627E-09 4.9531E-09 4.9725E-09 5.0430E-09 5.1069E-09 5.1844E-09 5.2734E-09 5.3687E-09 5.4597E-09 5.5507E-09 5.6420E-09
1.1445E-09 1.1803E-09 1.2175E-09 1.2555E-09 1.2951E-09 1.3352E-09 1.3749E-09 1.4148E-09 1.4552E-09 1.4963E-09 1.5382E-09 1.5809E-09 1.6245E-09 1.6690E-09 1.7144E-09 1.7627E-09 1.8152E-09 1.8693E-09 1.9282E-09 1.9891E-09 2.0511E-09 2.1161E-09 2.1821E-09 2.2702E-09 2.8310E-09 4.3458E-09 7.4286E-09 1.2836E-08 2.1069E-08 3.1544E-08 4.2376E-08 5.1232E-08 5.5979E-08 5.5699E-08 5.0965E-08 4.3314E-08 3.4821E-08 2.6903E-08 2.0330E-08 1.5366E-08 1.1803E-08 9.3750E-09 7.7947E-09 6.6936E-09 6.0502E-09 5.7287E-09 5.5202E-09 5.4251E-09 5.3941E-09 5.4201E-09 5.4829E-09 5.5383E-09 5.6154E-09 5.7047E-09 5.8009E-09 5.8912E-09 5.9764E-09
1.1497E-09 1.1872E-09 1.2246E-09 1.2636E-09 1.3029E-09 1.3430E-09 1.3827E-09 1.4234E-09 1.4641E-09 1.5057E-09 1.5482E-09 1.5915E-09 1.6358E-09 1.6810E-09 1.7271E-09 1.7783E-09 1.8330E-09 1.8904E-09 1.9509E-09 2.0134E-09 2.0763E-09 2.1415E-09 2.2125E-09 2.3152E-09 2.8183E-09 4.1821E-09 6.9006E-09 1.1634E-08 1.8798E-08 2.8211E-08 3.8571E-08 4.7788E-08 5.3782E-08 5.5306E-08 5.2541E-08 4.6589E-08 3.9009E-08 3.1277E-08 2.4382E-08 1.8827E-08 1.4638E-08 1.1631E-08 9.5647E-09 8.1606E-09 7.1765E-09 6.5925E-09 6.2441E-09 6.0521E-09 5.9475E-09 5.9061E-09 5.9266E-09 5.9787E-09 6.0306E-09 6.1040E-09 6.1878E-09 6.2824E-09 6.3645E-09
1.1556E-09 1.1927E-09 1.2308E-09 1.2707E-09 1.3103E-09 1.3506E-09 1.3906E-09 1.4312E-09 1.4724E-09 1.5146E-09 1.5576E-09 1.6016E-09 1.6465E-09 1.6924E-09 1.7412E-09 1.7944E-09 1.8513E-09 1.9112E-09 1.9742E-09 2.0366E-09 2.1023E-09 2.1704E-09 2.2455E-09 2.3610E-09 2.8275E-09 4.0489E-09 6.4687E-09 1.0574E-08 1.6948E-08 2.5461E-08 3.5135E-08 4.4204E-08 5.1013E-08 5.4144E-08 5.3222E-08 4.8919E-08 4.2448E-08 3.5252E-08 2.8385E-08 2.2480E-08 1.7787E-08 1.4236E-08 1.1671E-08 9.8612E-09 8.5845E-09 7.7078E-09 7.1858E-09 6.8477E-09 6.6398E-09 6.5390E-09 6.4902E-09 6.5031E-09 6.5388E-09 6.5723E-09 6.6343E-09 6.7233E-09 6.8110E-09
1.1604E-09 1.1990E-09 1.2375E-09 1.2773E-09 1.3173E-09 1.3571E-09 1.3977E-09 1.4386E-09 1.4803E-09 1.5230E-09 1.5666E-09 1.6112E-09 1.6567E-09 1.7033E-09 1.7549E-09 1.8103E-09 1.8685E-09 1.9299E-09 1.9936E-09 2.0605E-09 2.1290E-09 2.1982E-09 2.2768E-09 2.4081E-09 2.8501E-09 3.9966E-09 6.1575E-09 9.8139E-09 1.5407E-08 2.3003E-08 3.1939E-08 4.0863E-08 4.8099E-08 5.2362E-08 5.2996E-08 5.0290E-08 4.5137E-08 3.8745E-08 3.2162E-08 2.6138E-08 2.1085E-08 1.7088E-08 1.4084E-08 1.1874E-08 1.0289E-08 9.1427E-09 8.3330E-09 7.8602E-09 7.5076E-09 7.3032E-09 7.1840E-09 7.1395E-09 7.1307E-09 7.1486E-09 7.1756E-09 7.2261E-09 7.3051E-09
1.1655E-09 1.2040E-09 1.2437E-09 1.2834E-09 1.3237E-09 1.3636E-09 1.4042E-09 1.4455E-09 1.4877E-09 1.5309E-09 1.5750E-09 1.6202E-09 1.6664E-09 1.7155E-09 1.7692E-09 1.8257E-09 1.8872E-09 1.9511E-09 2.0164E-09 2.0842E-09 2.1529E-09 2.2260E-09 2.3109E-09 2.4578E-09 2.8772E-09 3.9519E-09 5.8999E-09 9.1484E-09 1.4155E-08 2.0991E-08 2.9158E-08 3.7638E-08 4.5077E-08 5.0157E-08 5.2093E-08 5.0850E-08 4.7034E-08 4.1568E-08 3.5498E-08 2.9641E-08 2.4452E-08 2.0145E-08 1.6747E-08 1.4155E-08 1.2222E-08 1.0804E-08 9.7821E-09 9.0596E-09 8.5773E-09 8.2404E-09 8.0265E-09 7.9009E-09 7.8364E-09 7.8104E-09 7.8044E-09 7.8212E-09 7.8710E-09
1.1698E-09 1.2092E-09 1.2488E-09 1.2892E-09 1.3288E-09 1.3691E-09 1.4101E-09 1.4518E-09 1.4945E-09 1.5382E-09 1.5829E-09 1.6287E-09 1.6754E-09 1.7274E-09 1.7830E-09 1.8417E-09 1.9037E-09 1.9692E-09 2.0371E-09 2.1068E-09 2.1792E-09 2.2547E-09 2.3492E-09 2.5091E-09 2.9159E-09 3.9342E-09 5.7465E-09 8.6571E-09 1.3103E-08 1.9209E-08 2.6694E-08 3.4710E-08 4.2083E-08 4.7673E-08 5.0605E-08 5.0634E-08 4.8094E-08 4.3740E-08 3.8409E-08 3.2882E-08 2.7718E-08 2.3263E-08 1.9597E-08 1.6688E-08 1.4444E-08 1.2730E-08 1.1453E-08 1.0523E-08 9.8464E-09 9.3532E-09 9.0254E-09 8.8123E-09 8.6615E-09 8.5841E-09 8.5493E-09 8.5184E-09 8.5254E-09
1.1745E-09 1.2134E-09 1.2542E-09 1.2934E-09 1.3339E-09 1.3744E-09 1.4155E-09 1.4577E-09 1.5009E-09 1.5450E-09 1.5902E-09 1.6365E-09 1.6839E-09 1.7387E-09 1.7964E-09 1.8583E-09 1.9236E-09 1.9906E-09 2.0593E-09 2.1291E-09 2.2035E-09 2.2804E-09 2.3858E-09 2.5607E-09 2.9734E-09 3.9503E-09 5.6037E-09 8.2417E-09 1.2244E-08 1.7725E-08 2.4508E-08 3.1997E-08 3.9174E-08 4.5024E-08 4.8708E-08 4.9833E-08 4.8492E-08 4.5211E-08 4.0700E-08 3.5741E-08 3.0845E-08 2.6375E-08 2.2546E-08 1.9381E-08 1.6850E-08 1.4876E-08 1.3349E-08 1.2190E-08 1.1315E-08 1.0674E-08 1.0187E-08 9.8644E-09 9.6365E-09 9.4798E-09 9.3857E-09 9.3319E-09 9.2878E-09
1.1789E-09 1.2178E-09 1.2582E-09 1.2980E-09 1.3381E-09 1.3789E-09 1.4205E-09 1.4630E-09 1.5066E-09 1.5513E-09 1.5970E-09 1.6438E-09 1.6938E-09 1.7505E-09 1.8104E-09 1.8735E-09 1.9403E-09 2.0088E-09 2.0802E-09 2.1519E-09 2.2284E-09 2.3077E-09 2.4281E-09 2.6165E-09 3.0452E-09 3.9713E-09 5.5341E-09 7.9133E-09 1.1506E-08 1.6445E-08 2.2622E-08 2.9538E-08 3.6393E-08 4.2344E-08 4.6542E-08 4.8505E-08 4.8257E-08 4.6068E-08 4.2498E-08 3.8177E-08 3.3648E-08 2.9343E-08 2.5491E-08 2.2175E-08 1.9435E-08 1.7211E-08 1.5428E-08 1.4057E-08 1.2987E-08 1.2165E-08 1.1554E-08 1.1087E-08 1.0750E-08 1.0507E-08 1.0344E-08 1.0235E-08 1.0154E-08
1.1820E-09 1.2223E-09 1.2617E-09 1.3014E-09 1.3420E-09 1.3829E-09 1.4249E-09 1.4678E-09 1.5118E-09 1.5569E-09 1.6031E-09 1.6505E-09 1.7052E-09 1.7619E-09 1.8248E-09 1.8902E-09 1.9576E-09 2.0268E-09 2.0991E-09 2.1744E-09 2.2497E-09 2.3347E-09 2.4709E-09 2.6753E-09 3.1296E-09 3.9959E-09 5.4572E-09 7.6659E-09 1.0925E-08 1.5371E-08 2.0947E-08 2.7320E-08 3.3823E-08 3.9681E-08 4.4221E-08 4.6898E-08 4.7550E-08 4.6341E-08 4.3674E-08 4.0123E-08 3.6122E-08 3.2090E-08 2.8324E-08 2.4972E-08 2.2081E-08 1.9672E-08 1.7690E-08 1.6104E-08 1.4841E-08 1.3851E-08 1.3080E-08 1.2485E-08 1.2025E-08 1.1681E-08 1.1425E-08 1.1254E-08 1.1124E-08
1.1852E-09 1.2251E-09 1.2648E-09 1.3048E-09 1.3452E-09 1.3865E-09 1.4287E-09 1.4721E-09 1.5165E-09 1.5620E-09 1.6087E-09 1.6585E-09 1.7150E-09 1.7728E-09 1.8378E-09 1.9046E-09 1.9725E-09 2.0452E-09 2.1202E-09 2.1958E-09 2.2721E-09 2.3642E-09 2.5173E-09 2.7416E-09 3.2130E-09 4.0570E-09 5.4335E-09 7.4621E-09 1.0421E-08 1.4468E-08 1.9532E-08 2.5341E-08 3.1441E-08 3.7165E-08 4.1873E-08 4.5041E-08 4.6436E-08 4.6143E-08 4.4379E-08 4.1555E-08 3.8146E-08 3.4545E-08 3.0991E-08 2.7687E-08 2.4749E-08 2.2218E-08 2.0070E-08 1.8311E-08 1.6859E-08 1.5694E-08 1.4766E-08 1.4038E-08 1.3462E-08 1.3014E-08 1.2660E-08 1.2400E-08 1.2198E-08
1.1876E-09 1.2275E-09 1.2672E-09 1.3072E-09 1.3479E-09 1.3895E-09 1.4321E-09 1.4758E-09 1.5206E-09 1.5665E-09 1.6136E-09 1.6661E-09 1.7234E-09 1.7841E-09 1.8494E-09 1.9186E-09 1.9890E-09 2.0617E-09 2.1376E-09 2.2146E-09 2.2935E-09 2.3935E-09 2.5669E-09 2.8090E-09 3.3010E-09 4.1022E-09 5.4141E-09 7.3253E-09 1.0030E-08 1.3682E-08 1.8283E-08 2.3633E-08 2.9322E-08 3.4819E-08 3.9578E-08 4.3083E-08 4.5089E-08 4.5526E-08 4.4561E-08 4.2558E-08 3.9810E-08 3.6650E-08 3.3397E-08 3.0269E-08 2.7361E-08 2.4780E-08 2.2529E-08 2.0617E-08 1.9019E-08 1.7693E-08 1.6611E-08 1.5732E-08 1.5031E-08 1.4466E-08 1.4032E-08 1.3677E-08 1.3388E-08
1.1900E-09 1.2291E-09 1.2691E-09 1.3093E-09 1.3501E-09 1.3919E-09 1.4349E-09 1.4789E-09 1.5241E-09 1.5704E-09 1.6180E-09 1.6731E-09 1.7333E-09 1.7942E-09 1.8626E-09 1.9323E-09 2.0059E-09 2.0820E-09 2.1563E-09 2.2333E-09 2.3133E-09 2.4231E-09 2.6200E-09 2.9005E-09 3.3879E-09 4.1641E-09 5.4297E-09 7.1949E-09 9.7024E-09 1.3057E-08 1.7242E-08 2.2133E-08 2.7437E-08 3.2661E-08 3.7363E-08 4.1085E-08 4.3537E-08 4.4647E-08 4.4453E-08 4.3144E-08 4.1027E-08 3.8420E-08 3.5558E-08 3.2654E-08 2.9869E-08 2.7297E-08 2.5011E-08 2.2992E-08 2.1270E-08 1.9798E-08 1.8581E-08 1.7568E-08 1.6735E-08 1.6056E-08 1.5508E-08 1.5068E-08 1.4696E-08
1.1916E-09 1.2309E-09 1.2706E-09 1.3108E-09 1.3518E-09 1.3939E-09 1.4371E-09 1.4815E-09 1.5271E-09 1.5738E-09 1.6238E-09 1.6797E-09 1.7408E-09 1.8075E-09 1.8735E-09 1.9455E-09 2.0190E-09 2.0959E-09 2.1723E-09 2.2517E-09 2.3325E-09 2.4556E-09 2.6740E-09 2.9687E-09 3.4726E-09 4.2323E-09 5.4427E-09 7.1314E-09 9.4484E-09 1.2514E-08 1.6366E-08 2.0861E-08 2.5763E-08 3.0718E-08 3.5328E-08 3.9166E-08 4.1974E-08 4.3591E-08 4.4008E-08 4.3398E-08 4.1934E-08 3.9857E-08 3.7412E-08 3.4806E-08 3.2215E-08 2.9730E-08 2.7445E-08 2.5371E-08 2.3565E-08 2.1991E-08 2.0643E-08 1.9505E-08 1.8550E-08 1.7754E-08 1.7101E-08 1.6564E-08 1.6112E-08
1.1921E-09 1.2314E-09 1.2713E-09 1.3117E-09 1.3530E-09 1.3954E-09 1.4389E-09 1.4836E-09 1.5295E-09 1.5767E-09 1.6272E-09 1.6868E-09 1.7498E-09 1.8157E-09 1.8867E-09 1.9601E-09 2.0360E-09 2.1111E-09 2.1882E-09 2.2685E-09 2.3510E-09 2.4891E-09 2.7288E-09 3.0558E-09 3.5611E-09 4.3006E-09 5.4754E-09 7.0621E-09 9.2421E-09 1.2081E-08 1.5600E-08 1.9753E-08 2.4324E-08 2.9001E-08 3.3450E-08 3.7339E-08 4.0384E-08 4.2425E-08 4.3394E-08 4.3373E-08 4.2493E-08 4.0956E-08 3.8963E-08 3.6711E-08 3.4352E-08 3.2004E-08 2.9786E-08 2.7727E-08 2.5859E-08 2.4207E-08 2.2762E-08 2.1514E-08 2.0453E-08 1.9551E-08 1.8800E-08 1.8158E-08 1.7609E-08
1.1925E-09 1.2320E-09 1.2719E-09 1.3123E-09 1.3538E-09 1.3964E-09 1.4402E-09 1.4853E-09 1.5315E-09 1.5790E-09 1.6341E-09 1.6924E-09 1.7564E-09 1.8263E-09 1.8968E-09 1.9725E-09 2.0482E-09 2.1243E-09 2.2038E-09 2.2847E-09 2.3700E-09 2.5247E-09 2.7813E-09 3.1199E-09 3.6424E-09 4.3721E-09 5.5062E-09 7.0299E-09 9.0575E-09 1.1703E-08 1.4984E-08 1.8805E-08 2.3048E-08 2.7469E-08 3.1780E-08 3.5657E-08 3.8857E-08 4.1209E-08 4.2617E-08 4.3116E-08 4.2775E-08 4.1761E-08 4.0225E-08 3.8334E-08 3.6254E-08 3.4115E-08 3.1996E-08 2.9978E-08 2.8111E-08 2.6419E-08 2.4899E-08 2.3571E-08 2.2415E-08 2.1411E-08 2.0561E-08 1.9826E-08 1.9190E-08
1.1923E-09 1.2320E-09 1.2718E-09 1.3124E-09 1.3541E-09 1.3970E-09 1.4411E-09 1.4864E-09 1.5330E-09 1.5808E-09 1.6365E-09 1.6996E-09 1.7656E-09 1.8356E-09 1.9100E-09 1.9845E-09 2.0600E-09 2.1374E-09 2.2177E-09 2.2998E-09 2.3892E-09 2.5612E-09 2.8295E-09 3.1987E-09 3.7206E-09 4.4430E-09 5.5387E-09 6.9870E-09 8.9220E-09 1.1382E-08 1.4407E-08 1.7976E-08 2.1950E-08 2.6116E-08 3.0236E-08 3.4069E-08 3.7365E-08 3.9960E-08 4.1727E-08 4.2666E-08 4.2822E-08 4.2281E-08 4.1184E-08 3.9685E-08 3.7911E-08 3.5989E-08 3.4036E-08 3.2117E-08 3.0274E-08 2.8577E-08 2.7020E-08 2.5630E-08 2.4399E-08 2.3315E-08 2.2379E-08 2.1550E-08 2.0826E-08
1.1920E-09 1.2313E-09 1.2712E-09 1.3121E-09 1.3540E-09 1.3971E-09 1.4415E-09 1.4871E-09 1.5339E-09 1.5842E-09 1.6425E-09 1.7054E-09 1.7714E-09 1.8445E-09 1.9193E-09 1.9952E-09 2.0704E-09 2.1493E-09 2.2308E-09 2.3141E-09 2.4091E-09 2.5983E-09 2.8786E-09 3.2497E-09 3.7804E-09 4.5097E-09 5.5714E-09 6.9601E-09 8.7657E-09 1.1092E-08 1.3941E-08 1.7262E-08 2.0960E-08 2.4896E-08 2.8850E-08 3.2610E-08 3.5951E-08 3.8704E-08 4.0768E-08 4.2078E-08 4.2649E-08 4.2549E-08 4.1880E-08 4.0757E-08 3.9304E-08 3.7649E-08 3.5882E-08 3.4083E-08 3.2324E-08 3.0647E-08 2.9090E-08 2.7668E-08 2.6384E-08 2.5228E-08 2.4214E-08 2.3310E-08 2.2506E-08
1.1908E-09 1.2305E-09 1.2703E-09 1.3113E-09 1.3535E-09 1.3968E-09 1.4414E-09 1.4873E-09 1.5344E-09 1.5851E-09 1.6470E-09 1.7108E-09 1.7814E-09 1.8529E-09 1.9299E-09 2.0054E-09 2.0807E-09 2.1613E-09 2.2429E-09 2.3282E-09 2.4298E-09 2.6344E-09 2.9209E-09 3.2972E-09 3.8502E-09 4.5767E-09 5.5941E-09 6.9197E-09 8.6539E-09 1.0839E-08 1.3483E-08 1.6600E-08 2.0083E-08 2.3797E-08 2.7584E-08 3.1238E-08 3.4584E-08 3.7464E-08 3.9741E-08 4.1352E-08 4.2297E-08 4.2591E-08 4.2309E-08 4.1563E-08 4.0434E-08 3.9051E-08 3.7505E-08 3.5869E-08 3.4216E-08 3.2605E-08 3.1072E-08 2.9637E-08 2.8325E-08 2.7129E-08 2.6052E-08 2.5083E-08 2.4199E-08
1.1897E-09 1.2291E-09 1.2690E-09 1.3102E-09 1.3525E-09 1.3961E-09 1.4409E-09 1.4870E-09 1.5345E-09 1.5896E-09 1.6502E-09 1.7175E-09 1.7846E-09 1.8609E-09 1.9383E-09 2.0123E-09 2.0905E-09 2.1715E-09 2.2540E-09 2.3418E-09 2.4495E-09 2.6708E-09 2.9596E-09 3.3519E-09 3.8961E-09 4.6280E-09 5.6104E-09 6.8859E-09 8.5181E-09 1.0585E-08 1.3090E-08 1.5996E-08 1.9261E-08 2.2765E-08 2.6375E-08 2.9939E-08 3.3268E-08 3.6205E-08 3.8660E-08 4.0527E-08 4.1773E-08 4.2423E-08 4.2508E-08 4.2099E-08 4.1303E-08 4.0212E-08 3.8894E-08 3.7443E-08 3.5926E-08 3.4403E-08 3.2926E-08 3.1520E-08 3.0201E-08 2.8981E-08 2.7854E-08 2.6832E-08 2.5890E-08
1.1878E-09 1.2273E-09 1.2674E-09 1.3087E-09 1.3512E-09 1.3950E-09 1.4400E-09 1.4864E-09 1.5341E-09 1.5897E-09 1.6538E-09 1.7202E-09 1.7937E-09 1.8693E-09 1.9443E-09 2.0204E-09 2.0998E-09 2.1806E-09 2.2640E-09 2.3547E-09 2.4700E-09 2.7060E-09 3.0011E-09 3.3885E-09 3.9526E-09 4.6611E-09 5.6166E-09 6.8348E-09 8.4034E-09 1.0355E-08 1.2694E-08 1.5428E-08 1.8499E-08 2.1816E-08 2.5272E-08 2.8711E-08 3.1989E-08 3.4979E-08 3.7544E-08 3.9598E-08 4.1117E-08 4.2068E-08 4.2470E-08 4.2399E-08 4.1918E-08 4.1100E-08 4.0037E-08 3.8786E-08 3.7436E-08 3.6033E-08 3.4635E-08 3.3275E-08 3.1975E-08 3.0744E-08 2.9601E-08 2.8538E-08 2.7549E-08
