Assets/Resources/2015_m01_d25_0500(utc+0800)_l00_csi_1hr_conc.grd
DSAA
         159         159
     -79.000      79.000
     -79.000      79.000
  0.0000E+00  0.2383E-05
[rows 25 to 49 of 159, columns 57 to 113 of 159]
2.1969E-08 2.3675E-08 2.4065E-08 2.4449E-08 2.4803E-08 2.5117E-08 2.5377E-08 2.5555E-08 2.5631E-08 2.5567E-08 2.5325E-08 2.4907E-08 2.4274E-08 2.3421E-08 2.2363E-08 2.1085E-08 1.9621E-08 1.8005E-08 1.6267E-08 1.4509E-08 1.2737E-08 1.0981E-08 9.2892E-09 7.7065E-09 6.2703E-09 4.9973E-09 3.9011E-09 2.9742E-09 2.2122E-09 1.6129E-09 1.1421E-09 8.0137E-10 5.3550E-10 3.0981E-10 8.7266E-11 2.3596E-11 5.0577E-13 0.0000E+00 0.0000E+00 0.0000E+00 0.0000E+00 0.0000E+00 0.0000E+00 0.0000E+00 0.0000E+00 0.0000E+00 0.0000E+00 0.0000E+00 0.0000E+00 0.0000E+00 0.0000E+00 0.0000E+00 0.0000E+00 0.0000E+00 0.0000E+00 0.0000E+00 0.0000E+00
2.0191E-08 2.0781E-08 2.1409E-08 2.2082E-08 2.2729E-08 2.3351E-08 2.3948E-08 2.4457E-08 2.4857E-08 2.5123E-08 2.5214E-08 2.5106E-08 2.4738E-08 2.4137E-08 2.3256E-08 2.2112E-08 2.0744E-08 1.9159E-08 1.7432E-08 1.5628E-08 1.3756E-08 1.1884E-08 1.0068E-08 8.3643E-09 6.8098E-09 5.4235E-09 4.2249E-09 3.2180E-09 2.3957E-09 1.7388E-09 1.2328E-09 8.5119E-10 5.6943E-10 3.2356E-10 9.3822E-11 2.4408E-11 0.0000E+00 0.0000E+00 0.0000E+00 0.0000E+00 0.0000E+00 0.0000E+00 0.0000E+00 0.0000E+00 0.0000E+00 0.0000E+00 0.0000E+00 0.0000E+00 0.0000E+00 0.0000E+00 0.0000E+00 0.0000E+00 0.0000E+00 0.0000E+00 0.0000E+00 0.0000E+00 0.0000E+00
1.7481E-08 1.8236E-08 1.9072E-08 1.9957E-08 2.0865E-08 2.1757E-08 2.2627E-08 2.3450E-08 2.4181E-08 2.4768E-08 2.5187E-08 2.5358E-08 2.5280E-08 2.4913E-08 2.4225E-08 2.3239E-08 2.1956E-08 2.0410E-08 1.8688E-08 1.6814E-08 1.4842E-08 1.2847E-08 1.0898E-08 9.0592E-09 7.3729E-09 5.8712E-09 4.5725E-09 3.4741E-09 2.5788E-09 1.8724E-09 1.3202E-09 9.1090E-10 6.0877E-10 3.4663E-10 9.5536E-11 2.5249E-11 3.2219E-13 0.0000E+00 0.0000E+00 0.0000E+00 0.0000E+00 0.0000E+00 0.0000E+00 0.0000E+00 0.0000E+00 0.0000E+00 0.0000E+00 0.0000E+00 0.0000E+00 0.0000E+00 0.0000E+00 0.0000E+00 0.0000E+00 0.0000E+00 0.0000E+00 0.0000E+00 0.0000E+00
1.5060E-08 1.5971E-08 1.7002E-08 1.8052E-08 1.9159E-08 2.0302E-08 2.1433E-08 2.2552E-08 2.3579E-08 2.4482E-08 2.5214E-08 2.5693E-08 2.5906E-08 2.5767E-08 2.5286E-08 2.4451E-08 2.3257E-08 2.1771E-08 2.0033E-08 1.8082E-08 1.6004E-08 1.3882E-08 1.1794E-08 9.8109E-09 7.9817E-09 6.3467E-09 4.9324E-09 3.7475E-09 2.7777E-09 2.0055E-09 1.4135E-09 9.6735E-10 6.2969E-10 3.5907E-10 1.0264E-10 2.8776E-11 4.9964E-13 0.0000E+00 0.0000E+00 0.0000E+00 0.0000E+00 0.0000E+00 0.0000E+00 0.0000E+00 0.0000E+00 0.0000E+00 0.0000E+00 0.0000E+00 0.0000E+00 0.0000E+00 0.0000E+00 0.0000E+00 0.0000E+00 0.0000E+00 0.0000E+00 0.0000E+00 0.0000E+00
1.3001E-08 1.4023E-08 1.5142E-08 1.6340E-08 1.7610E-08 1.8971E-08 2.0353E-08 2.1727E-08 2.3053E-08 2.4268E-08 2.5289E-08 2.6081E-08 2.6555E-08 2.6680E-08 2.6420E-08 2.5717E-08 2.4639E-08 2.3210E-08 2.1447E-08 1.9429E-08 1.7244E-08 1.4985E-08 1.2745E-08 1.0605E-08 8.6220E-09 6.8541E-09 5.3194E-09 4.0275E-09 2.9799E-09 2.1439E-09 1.5045E-09 1.0229E-09 6.6685E-10 3.6251E-10 1.0911E-10 2.8371E-11 3.5635E-13 0.0000E+00 0.0000E+00 0.0000E+00 0.0000E+00 0.0000E+00 0.0000E+00 0.0000E+00 0.0000E+00 0.0000E+00 0.0000E+00 0.0000E+00 0.0000E+00 0.0000E+00 0.0000E+00 0.0000E+00 0.0000E+00 0.0000E+00 0.0000E+00 0.0000E+00 0.0000E+00
1.1189E-08 1.2271E-08 1.3468E-08 1.4800E-08 1.6228E-08 1.7754E-08 1.9363E-08 2.0982E-08 2.2572E-08 2.4074E-08 2.5403E-08 2.6497E-08 2.7254E-08 2.7650E-08 2.7587E-08 2.7078E-08 2.6133E-08 2.4739E-08 2.2958E-08 2.0866E-08 1.8571E-08 1.6172E-08 1.3773E-08 1.1461E-08 9.3142E-09 7.3901E-09 5.7236E-09 4.3306E-09 3.1890E-09 2.2892E-09 1.5928E-09 1.0798E-09 6.8951E-10 3.6626E-10 1.0463E-10 2.6484E-11 4.1898E-14 0.0000E+00 0.0000E+00 0.0000E+00 0.0000E+00 0.0000E+00 0.0000E+00 0.0000E+00 0.0000E+00 0.0000E+00 0.0000E+00 0.0000E+00 0.0000E+00 0.0000E+00 0.0000E+00 0.0000E+00 0.0000E+00 0.0000E+00 0.0000E+00 0.0000E+00 0.0000E+00
9.6152E-09 1.0735E-08 1.1991E-08 1.3405E-08 1.4972E-08 1.6642E-08 1.8432E-08 2.0279E-08 2.2126E-08 2.3899E-08 2.5534E-08 2.6919E-08 2.7982E-08 2.8633E-08 2.8823E-08 2.8514E-08 2.7682E-08 2.6348E-08 2.4559E-08 2.2405E-08 1.9994E-08 1.7440E-08 1.4863E-08 1.2369E-08 1.0050E-08 7.9673E-09 6.1575E-09 4.6358E-09 3.4030E-09 2.4289E-09 1.6912E-09 1.1274E-09 7.1873E-10 3.5984E-10 1.0986E-10 3.3009E-11 0.0000E+00 0.0000E+00 0.0000E+00 0.0000E+00 0.0000E+00 0.0000E+00 0.0000E+00 0.0000E+00 0.0000E+00 0.0000E+00 0.0000E+00 0.0000E+00 0.0000E+00 0.0000E+00 0.0000E+00 0.0000E+00 0.0000E+00 0.0000E+00 0.0000E+00 0.0000E+00 0.0000E+00
8.2529E-09 9.3829E-09 1.0682E-08 1.2144E-08 1.3806E-08 1.5619E-08 1.7554E-08 1.9601E-08 2.1688E-08 2.3726E-08 2.5649E-08 2.7332E-08 2.8702E-08 2.9650E-08 3.0119E-08 3.0020E-08 2.9327E-08 2.8059E-08 2.6272E-08 2.4055E-08 2.1528E-08 1.8817E-08 1.6052E-08 1.3356E-08 1.0837E-08 8.5708E-09 6.6137E-09 4.9690E-09 3.6253E-09 2.5768E-09 1.7732E-09 1.1832E-09 7.4086E-10 3.5548E-10 1.1707E-10 3.2343E-11 0.0000E+00 0.0000E+00 0.0000E+00 0.0000E+00 0.0000E+00 0.0000E+00 0.0000E+00 0.0000E+00 0.0000E+00 0.0000E+00 0.0000E+00 0.0000E+00 0.0000E+00 0.0000E+00 0.0000E+00 0.0000E+00 0.0000E+00 0.0000E+00 0.0000E+00 0.0000E+00 0.0000E+00
7.0683E-09 8.1919E-09 9.5071E-09 1.1011E-08 1.2718E-08 1.4632E-08 1.6714E-08 1.8929E-08 2.1230E-08 2.3528E-08 2.5728E-08 2.7739E-08 2.9434E-08 3.0703E-08 3.1438E-08 3.1548E-08 3.1025E-08 2.9857E-08 2.8090E-08 2.5822E-08 2.3174E-08 2.0291E-08 1.7323E-08 1.4418E-08 1.1691E-08 9.2288E-09 7.0891E-09 5.2988E-09 3.8576E-09 2.7186E-09 1.8676E-09 1.2267E-09 7.5483E-10 3.6058E-10 1.2216E-10 2.8544E-11 0.0000E+00 0.0000E+00 0.0000E+00 0.0000E+00 0.0000E+00 0.0000E+00 0.0000E+00 0.0000E+00 0.0000E+00 0.0000E+00 0.0000E+00 0.0000E+00 0.0000E+00 0.0000E+00 0.0000E+00 0.0000E+00 0.0000E+00 0.0000E+00 0.0000E+00 0.0000E+00 0.0000E+00
6.0291E-09 7.1311E-09 8.4362E-09 9.9674E-09 1.1704E-08 1.3683E-08 1.5884E-08 1.8252E-08 2.0739E-08 2.3287E-08 2.5779E-08 2.8104E-08 3.0132E-08 3.1724E-08 3.2761E-08 3.3145E-08 3.2821E-08 3.1774E-08 3.0049E-08 2.7731E-08 2.4960E-08 2.1895E-08 1.8704E-08 1.5555E-08 1.2593E-08 9.9208E-09 7.6023E-09 5.6549E-09 4.0854E-09 2.8709E-09 1.9412E-09 1.2653E-09 7.6315E-10 3.3558E-10 1.2416E-10 2.2502E-11 0.0000E+00 0.0000E+00 0.0000E+00 0.0000E+00 0.0000E+00 0.0000E+00 0.0000E+00 0.0000E+00 0.0000E+00 0.0000E+00 0.0000E+00 0.0000E+00 0.0000E+00 0.0000E+00 0.0000E+00 0.0000E+00 0.0000E+00 0.0000E+00 0.0000E+00 0.0000E+00 0.0000E+00
5.1194E-09 6.1868E-09 7.4671E-09 8.9841E-09 1.0751E-08 1.2768E-08 1.5041E-08 1.7543E-08 2.0217E-08 2.2993E-08 2.5770E-08 2.8417E-08 3.0785E-08 3.2734E-08 3.4112E-08 3.4790E-08 3.4709E-08 3.3820E-08 3.2157E-08 2.9806E-08 2.6910E-08 2.3651E-08 2.0221E-08 1.6811E-08 1.3583E-08 1.0660E-08 8.1288E-09 6.0171E-09 4.3201E-09 3.0034E-09 2.0239E-09 1.3020E-09 7.6817E-10 3.0765E-10 1.3052E-10 1.4819E-11 0.0000E+00 0.0000E+00 0.0000E+00 0.0000E+00 0.0000E+00 0.0000E+00 0.0000E+00 0.0000E+00 0.0000E+00 0.0000E+00 0.0000E+00 0.0000E+00 0.0000E+00 0.0000E+00 0.0000E+00 0.0000E+00 0.0000E+00 0.0000E+00 0.0000E+00 0.0000E+00 0.0000E+00
4.3318E-09 5.3468E-09 6.5874E-09 8.0675E-09 9.8331E-09 1.1877E-08 1.4203E-08 1.6809E-08 1.9645E-08 2.2634E-08 2.5671E-08 2.8631E-08 3.1363E-08 3.3693E-08 3.5448E-08 3.6482E-08 3.6683E-08 3.5992E-08 3.4419E-08 3.2043E-08 2.9021E-08 2.5552E-08 2.1857E-08 1.8157E-08 1.4641E-08 1.1452E-08 8.6880E-09 6.3904E-09 4.5539E-09 3.1404E-09 2.0848E-09 1.3144E-09 7.5285E-10 3.0686E-10 1.2909E-10 5.9802E-12 0.0000E+00 0.0000E+00 0.0000E+00 0.0000E+00 0.0000E+00 0.0000E+00 0.0000E+00 0.0000E+00 0.0000E+00 0.0000E+00 0.0000E+00 0.0000E+00 0.0000E+00 0.0000E+00 0.0000E+00 0.0000E+00 0.0000E+00 0.0000E+00 0.0000E+00 0.0000E+00 0.0000E+00
3.6579E-09 4.6169E-09 5.7999E-09 7.2338E-09 8.9606E-09 1.0998E-08 1.3361E-08 1.6032E-08 1.8989E-08 2.2159E-08 2.5457E-08 2.8742E-08 3.1849E-08 3.4590E-08 3.6775E-08 3.8212E-08 3.8758E-08 3.8318E-08 3.6879E-08 3.4511E-08 3.1367E-08 2.7671E-08 2.3672E-08 1.9631E-08 1.5776E-08 1.2287E-08 9.2675E-09 6.7601E-09 4.7764E-09 3.2505E-09 2.1373E-09 1.3359E-09 7.4583E-10 2.9577E-10 1.2095E-10 1.5913E-13 0.0000E+00 0.0000E+00 0.0000E+00 0.0000E+00 0.0000E+00 0.0000E+00 0.0000E+00 0.0000E+00 0.0000E+00 0.0000E+00 0.0000E+00 0.0000E+00 0.0000E+00 0.0000E+00 0.0000E+00 0.0000E+00 0.0000E+00 0.0000E+00 0.0000E+00 0.0000E+00 0.0000E+00
3.0961E-09 3.9828E-09 5.0886E-09 6.4628E-09 8.1301E-09 1.0125E-08 1.2473E-08 1.5183E-08 1.8233E-08 2.1571E-08 2.5110E-08 2.8711E-08 3.2215E-08 3.5417E-08 3.8092E-08 4.0010E-08 4.0970E-08 4.0839E-08 3.9577E-08 3.7220E-08 3.3955E-08 3.0014E-08 2.5682E-08 2.1262E-08 1.7021E-08 1.3171E-08 9.8629E-09 7.1426E-09 4.9855E-09 3.3623E-09 2.1751E-09 1.3258E-09 7.2960E-10 2.7799E-10 1.2316E-10 0.0000E+00 0.0000E+00 0.0000E+00 0.0000E+00 0.0000E+00 0.0000E+00 0.0000E+00 0.0000E+00 0.0000E+00 0.0000E+00 0.0000E+00 0.0000E+00 0.0000E+00 0.0000E+00 0.0000E+00 0.0000E+00 0.0000E+00 0.0000E+00 0.0000E+00 0.0000E+00 0.0000E+00 0.0000E+00
2.6061E-09 3.4109E-09 4.4302E-09 5.7079E-09 7.2999E-09 9.2320E-09 1.1542E-08 1.4262E-08 1.7375E-08 2.0854E-08 2.4617E-08 2.8546E-08 3.2473E-08 3.6173E-08 3.9385E-08 4.1838E-08 4.3298E-08 4.3581E-08 4.2570E-08 4.0286E-08 3.6896E-08 3.2659E-08 2.7918E-08 2.3048E-08 1.8370E-08 1.4127E-08 1.0477E-08 7.4960E-09 5.1775E-09 3.4413E-09 2.1886E-09 1.3002E-09 6.8539E-10 2.7017E-10 1.0694E-10 0.0000E+00 0.0000E+00 0.0000E+00 0.0000E+00 0.0000E+00 0.0000E+00 0.0000E+00 0.0000E+00 0.0000E+00 0.0000E+00 0.0000E+00 0.0000E+00 0.0000E+00 0.0000E+00 0.0000E+00 0.0000E+00 0.0000E+00 0.0000E+00 0.0000E+00 0.0000E+00 0.0000E+00 0.0000E+00
2.1581E-09 2.8777E-09 3.8070E-09 4.9844E-09 6.4840E-09 8.3276E-09 1.0582E-08 1.3273E-08 1.6418E-08 2.0003E-08 2.3969E-08 2.8217E-08 3.2573E-08 3.6812E-08 4.0653E-08 4.3774E-08 4.5848E-08 4.6618E-08 4.5911E-08 4.3712E-08 4.0201E-08 3.5650E-08 3.0456E-08 2.5053E-08 1.9834E-08 1.5127E-08 1.1120E-08 7.8587E-09 5.3474E-09 3.4954E-09 2.1921E-09 1.2915E-09 6.5532E-10 2.6284E-10 7.6493E-11 0.0000E+00 0.0000E+00 0.0000E+00 0.0000E+00 0.0000E+00 0.0000E+00 0.0000E+00 0.0000E+00 0.0000E+00 0.0000E+00 0.0000E+00 0.0000E+00 0.0000E+00 0.0000E+00 0.0000E+00 0.0000E+00 0.0000E+00 0.0000E+00 0.0000E+00 0.0000E+00 0.0000E+00 0.0000E+00
1.7473E-09 2.3847E-09 3.2251E-09 4.2971E-09 5.6779E-09 7.4188E-09 9.5866E-09 1.2213E-08 1.5362E-08 1.9016E-08 2.3161E-08 2.7717E-08 3.2516E-08 3.7343E-08 4.1878E-08 4.5725E-08 4.8533E-08 4.9926E-08 4.9651E-08 4.7626E-08 4.3980E-08 3.9040E-08 3.3298E-08 2.7283E-08 2.1459E-08 1.6202E-08 1.1752E-08 8.1999E-09 5.4939E-09 3.5368E-09 2.1602E-09 1.2256E-09 6.1038E-10 2.4505E-10 5.0111E-11 0.0000E+00 0.0000E+00 0.0000E+00 0.0000E+00 0.0000E+00 0.0000E+00 0.0000E+00 0.0000E+00 0.0000E+00 0.0000E+00 0.0000E+00 0.0000E+00 0.0000E+00 0.0000E+00 0.0000E+00 0.0000E+00 0.0000E+00 0.0000E+00 0.0000E+00 0.0000E+00 0.0000E+00 0.0000E+00
1.3868E-09 1.9393E-09 2.6729E-09 3.6413E-09 4.9055E-09 6.5200E-09 8.5710E-09 1.1102E-08 1.4201E-08 1.7885E-08 2.2176E-08 2.7002E-08 3.2256E-08 3.7704E-08 4.3004E-08 4.7752E-08 5.1454E-08 5.3625E-08 5.3884E-08 5.2089E-08 4.8333E-08 4.2975E-08 3.6573E-08 2.9780E-08 2.3220E-08 1.7346E-08 1.2418E-08 8.5280E-09 5.6212E-09 3.5416E-09 2.1211E-09 1.1605E-09 5.6611E-10 2.2512E-10 2.5219E-11 0.0000E+00 0.0000E+00 0.0000E+00 0.0000E+00 0.0000E+00 0.0000E+00 0.0000E+00 0.0000E+00 0.0000E+00 0.0000E+00 0.0000E+00 0.0000E+00 0.0000E+00 0.0000E+00 0.0000E+00 0.0000E+00 0.0000E+00 0.0000E+00 0.0000E+00 0.0000E+00 0.0000E+00 0.0000E+00
1.0498E-09 1.5305E-09 2.1776E-09 3.0333E-09 4.1572E-09 5.6310E-09 7.5361E-09 9.9590E-09 1.2958E-08 1.6621E-08 2.0999E-08 2.6073E-08 3.1761E-08 3.7841E-08 4.4014E-08 4.9786E-08 5.4564E-08 5.7717E-08 5.8711E-08 5.7253E-08 5.3377E-08 4.7502E-08 4.0328E-08 3.2646E-08 2.5199E-08 1.8569E-08 1.3091E-08 8.8298E-09 5.7116E-09 3.5248E-09 2.0112E-09 1.0753E-09 5.0004E-10 1.9853E-10 6.4113E-12 0.0000E+00 0.0000E+00 0.0000E+00 0.0000E+00 0.0000E+00 0.0000E+00 0.0000E+00 0.0000E+00 0.0000E+00 0.0000E+00 0.0000E+00 0.0000E+00 0.0000E+00 0.0000E+00 0.0000E+00 0.0000E+00 0.0000E+00 0.0000E+00 0.0000E+00 0.0000E+00 0.0000E+00 0.0000E+00
7.7368E-10 1.1681E-09 1.7196E-09 2.4615E-09 3.4689E-09 4.7877E-09 6.5141E-09 8.7707E-09 1.1632E-08 1.5226E-08 1.9627E-08 2.4898E-08 3.0972E-08 3.7747E-08 4.4876E-08 5.1820E-08 5.7904E-08 6.2281E-08 6.4232E-08 6.3247E-08 5.9312E-08 5.2840E-08 4.4688E-08 3.5887E-08 2.7391E-08 1.9895E-08 1.3769E-08 9.1049E-09 5.7583E-09 3.4675E-09 1.9000E-09 1.0017E-09 4.3917E-10 1.6300E-10 0.0000E+00 0.0000E+00 0.0000E+00 0.0000E+00 0.0000E+00 0.0000E+00 0.0000E+00 0.0000E+00 0.0000E+00 0.0000E+00 0.0000E+00 0.0000E+00 0.0000E+00 0.0000E+00 0.0000E+00 0.0000E+00 0.0000E+00 0.0000E+00 0.0000E+00 0.0000E+00 0.0000E+00 0.0000E+00 0.0000E+00
5.2873E-10 8.5966E-10 1.3062E-09 1.9526E-09 2.8085E-09 3.9764E-09 5.5268E-09 7.5886E-09 1.0268E-08 1.3708E-08 1.8078E-08 2.3451E-08 2.9907E-08 3.7348E-08 4.5500E-08 5.3835E-08 6.1506E-08 6.7442E-08 7.0602E-08 7.0258E-08 6.6239E-08 5.9078E-08 4.9781E-08 3.9627E-08 2.9840E-08 2.1308E-08 1.4450E-08 9.3471E-09 5.7579E-09 3.3837E-09 1.7930E-09 9.0823E-10 3.7449E-10 1.3800E-10 0.0000E+00 0.0000E+00 0.0000E+00 0.0000E+00 0.0000E+00 0.0000E+00 0.0000E+00 0.0000E+00 0.0000E+00 0.0000E+00 0.0000E+00 0.0000E+00 0.0000E+00 0.0000E+00 0.0000E+00 0.0000E+00 0.0000E+00 0.0000E+00 0.0000E+00 0.0000E+00 0.0000E+00 0.0000E+00 0.0000E+00
3.2224E-10 5.9409E-10 9.6141E-10 1.4963E-09 2.2114E-09 3.2305E-09 4.5848E-09 6.3986E-09 8.8698E-09 1.2105E-08 1.6355E-08 2.1773E-08 2.8534E-08 3.6636E-08 4.5922E-08 5.5808E-08 6.5302E-08 7.3144E-08 7.7901E-08 7.8464E-08 7.4452E-08 6.6421E-08 5.5659E-08 4.3853E-08 3.2554E-08 2.2804E-08 1.5135E-08 9.5338E-09 5.7301E-09 3.1896E-09 1.6546E-09 7.8356E-10 3.0062E-10 1.0157E-10 0.0000E+00 0.0000E+00 0.0000E+00 0.0000E+00 0.0000E+00 0.0000E+00 0.0000E+00 0.0000E+00 0.0000E+00 0.0000E+00 0.0000E+00 0.0000E+00 0.0000E+00 0.0000E+00 0.0000E+00 0.0000E+00 0.0000E+00 0.0000E+00 0.0000E+00 0.0000E+00 0.0000E+00 0.0000E+00 0.0000E+00
1.6020E-10 3.8243E-10 6.8059E-10 1.0903E-09 1.6875E-09 2.5374E-09 3.6935E-09 5.2957E-09 7.4927E-09 1.0452E-08 1.4506E-08 1.9886E-08 2.6825E-08 3.5574E-08 4.6028E-08 5.7692E-08 6.9474E-08 7.9669E-08 8.6366E-08 8.7985E-08 8.3981E-08 7.4921E-08 6.2440E-08 4.8648E-08 3.5514E-08 2.4356E-08 1.5777E-08 9.6680E-09 5.6342E-09 3.0133E-09 1.4853E-09 6.9553E-10 2.4546E-10 5.8610E-11 0.0000E+00 0.0000E+00 0.0000E+00 0.0000E+00 0.0000E+00 0.0000E+00 0.0000E+00 0.0000E+00 0.0000E+00 0.0000E+00 0.0000E+00 0.0000E+00 0.0000E+00 0.0000E+00 0.0000E+00 0.0000E+00 0.0000E+00 0.0000E+00 0.0000E+00 0.0000E+00 0.0000E+00 0.0000E+00 0.0000E+00
7.2285E-11 2.0435E-10 4.3497E-10 7.6629E-10 1.2298E-09 1.9217E-09 2.8911E-09 4.2433E-09 6.1546E-09 8.7929E-09 1.2563E-08 1.7770E-08 2.4827E-08 3.4109E-08 4.5773E-08 5.9413E-08 7.3765E-08 8.6761E-08 9.5929E-08 9.9059E-08 9.5133E-08 8.4776E-08 7.0121E-08 5.3944E-08 3.8677E-08 2.5941E-08 1.6334E-08 9.7076E-09 5.4509E-09 2.7988E-09 1.2617E-09 5.4518E-10 1.8955E-10 2.9442E-11 0.0000E+00 0.0000E+00 0.0000E+00 0.0000E+00 0.0000E+00 0.0000E+00 0.0000E+00 0.0000E+00 0.0000E+00 0.0000E+00 0.0000E+00 0.0000E+00 0.0000E+00 0.0000E+00 0.0000E+00 0.0000E+00 0.0000E+00 0.0000E+00 0.0000E+00 0.0000E+00 0.0000E+00 0.0000E+00 0.0000E+00
1.5416E-11 8.1100E-11 2.4099E-10 5.0692E-10 8.6323E-10 1.4064E-09 2.1697E-09 3.2831E-09 4.9104E-09 7.2108E-09 1.0579E-08 1.5522E-08 2.2522E-08 3.2226E-08 4.5089E-08 6.0837E-08 7.8219E-08 9.4685E-08 1.0683E-07 1.1172E-07 1.0785E-07 9.5975E-08 7.8751E-08 5.9708E-08 4.1956E-08 2.7446E-08 1.6782E-08 9.6454E-09 5.2133E-09 2.4845E-09 1.0997E-09 4.0818E-10 1.3622E-10 1.0527E-11 0.0000E+00 0.0000E+00 0.0000E+00 0.0000E+00 0.0000E+00 0.0000E+00 0.0000E+00 0.0000E+00 0.0000E+00 0.0000E+00 0.0000E+00 0.0000E+00 0.0000E+00 0.0000E+00 0.0000E+00 0.0000E+00 0.0000E+00 0.0000E+00 0.0000E+00 0.0000E+00 0.0000E+00 0.0000E+00 0.0000E+00
