Assets/Resources/2015_m01_d16_1100(utc+0800)_l00_csi_1hr_conc.grd
DSAA
         159         159
     -79.000      79.000
     -79.000      79.000
  0.3555E-11  0.1017E-05
[rows 25 to 49 of 159, columns 57 to 113 of 159]
2.5699E-10 2.7045E-10 2.8401E-10 2.9820E-10 3.1184E-10 3.2587E-10 3.4030E-10 3.5564E-10 3.7143E-10 3.8781E-10 4.0482E-10 4.2249E-10 4.4081E-10 4.5964E-10 4.7933E-10 4.9953E-10 5.2045E-10 5.4209E-10 5.6469E-10 5.8787E-10 6.1203E-10 6.3674E-10 6.6201E-10 6.8829E-10 7.1512E-10 7.4273E-10 7.7113E-10 8.0031E-10 8.3029E-10 8.6106E-10 8.9262E-10 9.2496E-10 9.5809E-10 9.9199E-10 1.0267E-09 1.0621E-09 1.0983E-09 1.1352E-09 1.1728E-09 1.2111E-09 1.2501E-09 1.2898E-09 1.3300E-09 1.3709E-09 1.4124E-09 1.4544E-09 1.4969E-09 1.5399E-09 1.5833E-09 1.6271E-09 1.6713E-09 1.7157E-09 1.7602E-09 1.8050E-09 1.8497E-09 1.8945E-09 1.9391E-09
2.6229E-10 2.7621E-10 2.9025E-10 3.0379E-10 3.1775E-10 3.3211E-10 3.4722E-10 3.6278E-10 3.7894E-10 3.9555E-10 4.1300E-10 4.3111E-10 4.4988E-10 4.6917E-10 4.8935E-10 5.1008E-10 5.3153E-10 5.5395E-10 5.7695E-10 6.0072E-10 6.2529E-10 6.5065E-10 6.7657E-10 7.0354E-10 7.3107E-10 7.5941E-10 7.8856E-10 8.1852E-10 8.4929E-10 8.8089E-10 9.1329E-10 9.4650E-10 9.8053E-10 1.0153E-09 1.0510E-09 1.0874E-09 1.1245E-09 1.1624E-09 1.2011E-09 1.2405E-09 1.2805E-09 1.3213E-09 1.3627E-09 1.4047E-09 1.4473E-09 1.4905E-09 1.5342E-09 1.5784E-09 1.6231E-09 1.6681E-09 1.7135E-09 1.7591E-09 1.8049E-09 1.8508E-09 1.8968E-09 1.9427E-09 1.9886E-09
2.6694E-10 2.8099E-10 2.9566E-10 3.0938E-10 3.2351E-10 3.3821E-10 3.5367E-10 3.6959E-10 3.8613E-10 4.0331E-10 4.2118E-10 4.3972E-10 4.5879E-10 4.7874E-10 4.9923E-10 5.2047E-10 5.4245E-10 5.6543E-10 5.8901E-10 6.1362E-10 6.3880E-10 6.6458E-10 6.9141E-10 7.1883E-10 7.4707E-10 7.7613E-10 8.0604E-10 8.3678E-10 8.6835E-10 9.0077E-10 9.3403E-10 9.6812E-10 1.0030E-09 1.0388E-09 1.0753E-09 1.1127E-09 1.1509E-09 1.1898E-09 1.2295E-09 1.2699E-09 1.3111E-09 1.3529E-09 1.3955E-09 1.4386E-09 1.4824E-09 1.5268E-09 1.5717E-09 1.6171E-09 1.6630E-09 1.7093E-09 1.7558E-09 1.8027E-09 1.8497E-09 1.8969E-09 1.9440E-09 1.9911E-09 2.0381E-09
2.7331E-10 2.8738E-10 3.0112E-10 3.1514E-10 3.2958E-10 3.4446E-10 3.6027E-10 3.7656E-10 3.9348E-10 4.1109E-10 4.2938E-10 4.4835E-10 4.6770E-10 4.8813E-10 5.0930E-10 5.3105E-10 5.5379E-10 5.7715E-10 6.0131E-10 6.2630E-10 6.5212E-10 6.7877E-10 7.0603E-10 7.3413E-10 7.6308E-10 7.9289E-10 8.2354E-10 8.5506E-10 8.8745E-10 9.2069E-10 9.5480E-10 9.8977E-10 1.0256E-09 1.0623E-09 1.0998E-09 1.1381E-09 1.1773E-09 1.2172E-09 1.2580E-09 1.2995E-09 1.3417E-09 1.3847E-09 1.4283E-09 1.4727E-09 1.5176E-09 1.5632E-09 1.6093E-09 1.6559E-09 1.7030E-09 1.7505E-09 1.7983E-09 1.8464E-09 1.8946E-09 1.9430E-09 1.9913E-09 2.0396E-09 2.0878E-09
2.7797E-10 2.9264E-10 3.0639E-10 3.2057E-10 3.3533E-10 3.5087E-10 3.6688E-10 3.8354E-10 4.0084E-10 4.1885E-10 4.3755E-10 4.5681E-10 4.7678E-10 4.9768E-10 5.1918E-10 5.4144E-10 5.6473E-10 5.8865E-10 6.1362E-10 6.3921E-10 6.6543E-10 6.9273E-10 7.2065E-10 7.4945E-10 7.7910E-10 8.0964E-10 8.4106E-10 8.7336E-10 9.0655E-10 9.4063E-10 9.7559E-10 1.0114E-09 1.0482E-09 1.0858E-09 1.1242E-09 1.1635E-09 1.2037E-09 1.2447E-09 1.2865E-09 1.3290E-09 1.3724E-09 1.4165E-09 1.4612E-09 1.5067E-09 1.5529E-09 1.5996E-09 1.6469E-09 1.6948E-09 1.7431E-09 1.7918E-09 1.8408E-09 1.8901E-09 1.9395E-09 1.9891E-09 2.0386E-09 2.0881E-09 2.1374E-09
2.8245E-10 2.9762E-10 3.1167E-10 3.2598E-10 3.4106E-10 3.5694E-10 3.7331E-10 3.9033E-10 4.0820E-10 4.2643E-10 4.4555E-10 4.6524E-10 4.8586E-10 5.0723E-10 5.2922E-10 5.5223E-10 5.7588E-10 6.0035E-10 6.2569E-10 6.5189E-10 6.7895E-10 7.0667E-10 7.3526E-10 7.6474E-10 7.9511E-10 8.2638E-10 8.5856E-10 8.9164E-10 9.2564E-10 9.6055E-10 9.9637E-10 1.0331E-09 1.0707E-09 1.1093E-09 1.1487E-09 1.1890E-09 1.2301E-09 1.2721E-09 1.3150E-09 1.3586E-09 1.4030E-09 1.4482E-09 1.4942E-09 1.5408E-09 1.5881E-09 1.6360E-09 1.6846E-09 1.7336E-09 1.7832E-09 1.8331E-09 1.8833E-09 1.9338E-09 1.9844E-09 2.0352E-09 2.0859E-09 2.1365E-09 2.1868E-09
2.8882E-10 3.0258E-10 3.1691E-10 3.3170E-10 3.4726E-10 3.6332E-10 3.8003E-10 3.9725E-10 4.1535E-10 4.3416E-10 4.5370E-10 4.7382E-10 4.9489E-10 5.1658E-10 5.3906E-10 5.6258E-10 5.8677E-10 6.1204E-10 6.3796E-10 6.6453E-10 6.9222E-10 7.2058E-10 7.4984E-10 7.8000E-10 8.1108E-10 8.4309E-10 8.7602E-10 9.0989E-10 9.4469E-10 9.8043E-10 1.0171E-09 1.0547E-09 1.0932E-09 1.1327E-09 1.1731E-09 1.2143E-09 1.2565E-09 1.2995E-09 1.3434E-09 1.3881E-09 1.4337E-09 1.4800E-09 1.5270E-09 1.5748E-09 1.6233E-09 1.6724E-09 1.7222E-09 1.7724E-09 1.8232E-09 1.8743E-09 1.9257E-09 1.9774E-09 2.0292E-09 2.0811E-09 2.1330E-09 2.1847E-09 2.2361E-09
2.9347E-10 3.0750E-10 3.2197E-10 3.3706E-10 3.5295E-10 3.6934E-10 3.8640E-10 4.0415E-10 4.2263E-10 4.4184E-10 4.6164E-10 4.8238E-10 5.0390E-10 5.2606E-10 5.4908E-10 5.7312E-10 5.9762E-10 6.2345E-10 6.4995E-10 6.7712E-10 7.0544E-10 7.3443E-10 7.6435E-10 7.9520E-10 8.2699E-10 8.5973E-10 8.9342E-10 9.2807E-10 9.6368E-10 1.0002E-09 1.0378E-09 1.0763E-09 1.1157E-09 1.1561E-09 1.1974E-09 1.2397E-09 1.2828E-09 1.3269E-09 1.3718E-09 1.4176E-09 1.4642E-09 1.5116E-09 1.5598E-09 1.6088E-09 1.6584E-09 1.7087E-09 1.7597E-09 1.8111E-09 1.8630E-09 1.9154E-09 1.9680E-09 2.0209E-09 2.0739E-09 2.1269E-09 2.1799E-09 2.2327E-09 2.2851E-09
2.9810E-10 3.1240E-10 3.2716E-10 3.4239E-10 3.5860E-10 3.7532E-10 3.9273E-10 4.1102E-10 4.2988E-10 4.4949E-10 4.6953E-10 4.9070E-10 5.1268E-10 5.3531E-10 5.5900E-10 5.8338E-10 6.0864E-10 6.3481E-10 6.6188E-10 6.8989E-10 7.1859E-10 7.4822E-10 7.7880E-10 8.1033E-10 8.4283E-10 8.7630E-10 9.1074E-10 9.4617E-10 9.8258E-10 1.0200E-09 1.0584E-09 1.0977E-09 1.1381E-09 1.1794E-09 1.2216E-09 1.2649E-09 1.3090E-09 1.3541E-09 1.4001E-09 1.4469E-09 1.4946E-09 1.5431E-09 1.5925E-09 1.6426E-09 1.6934E-09 1.7449E-09 1.7970E-09 1.8496E-09 1.9027E-09 1.9562E-09 2.0101E-09 2.0641E-09 2.1182E-09 2.1724E-09 2.2265E-09 2.2803E-09 2.3338E-09
3.0268E-10 3.1726E-10 3.3230E-10 3.4816E-10 3.6453E-10 3.8158E-10 3.9933E-10 4.1766E-10 4.3691E-10 4.5691E-10 4.7753E-10 4.9914E-10 5.2140E-10 5.4449E-10 5.6868E-10 5.9357E-10 6.1960E-10 6.4632E-10 6.7374E-10 7.0233E-10 7.3165E-10 7.6191E-10 7.9315E-10 8.2536E-10 8.5856E-10 8.9276E-10 9.2795E-10 9.6415E-10 1.0014E-09 1.0396E-09 1.0788E-09 1.1190E-09 1.1603E-09 1.2025E-09 1.2457E-09 1.2899E-09 1.3351E-09 1.3812E-09 1.4282E-09 1.4761E-09 1.5249E-09 1.5745E-09 1.6250E-09 1.6762E-09 1.7282E-09 1.7808E-09 1.8341E-09 1.8879E-09 1.9422E-09 1.9969E-09 2.0519E-09 2.1070E-09 2.1623E-09 2.2176E-09 2.2727E-09 2.3276E-09 2.3820E-09
3.0706E-10 3.2191E-10 3.3724E-10 3.5340E-10 3.7008E-10 3.8746E-10 4.0555E-10 4.2441E-10 4.4403E-10 4.6427E-10 4.8548E-10 5.0751E-10 5.3022E-10 5.5401E-10 5.7850E-10 6.0390E-10 6.3024E-10 6.5751E-10 6.8573E-10 7.1468E-10 7.4460E-10 7.7550E-10 8.0739E-10 8.4027E-10 8.7417E-10 9.0909E-10 9.4503E-10 9.8200E-10 1.0200E-09 1.0590E-09 1.0991E-09 1.1402E-09 1.1823E-09 1.2255E-09 1.2696E-09 1.3148E-09 1.3609E-09 1.4080E-09 1.4561E-09 1.5050E-09 1.5549E-09 1.6056E-09 1.6572E-09 1.7096E-09 1.7627E-09 1.8165E-09 1.8710E-09 1.9259E-09 1.9814E-09 2.0372E-09 2.0933E-09 2.1496E-09 2.2060E-09 2.2623E-09 2.3185E-09 2.3743E-09 2.4297E-09
3.1154E-10 3.2651E-10 3.4212E-10 3.5858E-10 3.7557E-10 3.9328E-10 4.1189E-10 4.3110E-10 4.5109E-10 4.7171E-10 4.9333E-10 5.1563E-10 5.3877E-10 5.6303E-10 5.8801E-10 6.1414E-10 6.4100E-10 6.6859E-10 6.9738E-10 7.2691E-10 7.5743E-10 7.8896E-10 8.2149E-10 8.5505E-10 8.8964E-10 9.2528E-10 9.6196E-10 9.9969E-10 1.0385E-09 1.0783E-09 1.1192E-09 1.1612E-09 1.2042E-09 1.2483E-09 1.2934E-09 1.3395E-09 1.3866E-09 1.4347E-09 1.4837E-09 1.5338E-09 1.5847E-09 1.6365E-09 1.6892E-09 1.7427E-09 1.7970E-09 1.8519E-09 1.9075E-09 1.9636E-09 2.0202E-09 2.0771E-09 2.1343E-09 2.1918E-09 2.2492E-09 2.3066E-09 2.3637E-09 2.4205E-09 2.4768E-09
3.1599E-10 3.3122E-10 3.4710E-10 3.6385E-10 3.8115E-10 3.9917E-10 4.1797E-10 4.3754E-10 4.5790E-10 4.7890E-10 5.0093E-10 5.2364E-10 5.4723E-10 5.7195E-10 5.9741E-10 6.2404E-10 6.5142E-10 6.7977E-10 7.0889E-10 7.3900E-10 7.7012E-10 8.0226E-10 8.3544E-10 8.6966E-10 9.0494E-10 9.4129E-10 9.7870E-10 1.0172E-09 1.0568E-09 1.0974E-09 1.1392E-09 1.1820E-09 1.2259E-09 1.2708E-09 1.3168E-09 1.3639E-09 1.4120E-09 1.4611E-09 1.5111E-09 1.5622E-09 1.6142E-09 1.6671E-09 1.7209E-09 1.7755E-09 1.8309E-09 1.8869E-09 1.9436E-09 2.0009E-09 2.0585E-09 2.1166E-09 2.1749E-09 2.2334E-09 2.2919E-09 2.3502E-09 2.4083E-09 2.4660E-09 2.5233E-09
3.2036E-10 3.3585E-10 3.5218E-10 3.6907E-10 3.8667E-10 4.0500E-10 4.2413E-10 4.4405E-10 4.6461E-10 4.8618E-10 5.0861E-10 5.3173E-10 5.5598E-10 5.8097E-10 6.0690E-10 6.3381E-10 6.6171E-10 6.9059E-10 7.2026E-10 7.5094E-10 7.8265E-10 8.1540E-10 8.4921E-10 8.8409E-10 9.2005E-10 9.5710E-10 9.9524E-10 1.0345E-09 1.0748E-09 1.1163E-09 1.1588E-09 1.2025E-09 1.2472E-09 1.2931E-09 1.3400E-09 1.3880E-09 1.4370E-09 1.4871E-09 1.5382E-09 1.5903E-09 1.6433E-09 1.6973E-09 1.7522E-09 1.8079E-09 1.8644E-09 1.9215E-09 1.9793E-09 2.0376E-09 2.0964E-09 2.1555E-09 2.2149E-09 2.2744E-09 2.3339E-09 2.3931E-09 2.4521E-09 2.5108E-09 2.5689E-09
3.2450E-10 3.4025E-10 3.5686E-10 3.7403E-10 3.9193E-10 4.1058E-10 4.3004E-10 4.5030E-10 4.7122E-10 4.9317E-10 5.1599E-10 5.3952E-10 5.6420E-10 5.8964E-10 6.1628E-10 6.4367E-10 6.7184E-10 7.0126E-10 7.3146E-10 7.6270E-10 7.9500E-10 8.2835E-10 8.6279E-10 8.9832E-10 9.3495E-10 9.7269E-10 1.0115E-09 1.0515E-09 1.0926E-09 1.1349E-09 1.1782E-09 1.2227E-09 1.2683E-09 1.3151E-09 1.3629E-09 1.4118E-09 1.4618E-09 1.5128E-09 1.5649E-09 1.6180E-09 1.6721E-09 1.7271E-09 1.7831E-09 1.8398E-09 1.8974E-09 1.9556E-09 2.0145E-09 2.0739E-09 2.1337E-09 2.1939E-09 2.2543E-09 2.3148E-09 2.3751E-09 2.4353E-09 2.4952E-09 2.5547E-09 2.6138E-09
3.2857E-10 3.4457E-10 3.6145E-10 3.7906E-10 3.9725E-10 4.1624E-10 4.3602E-10 4.5662E-10 4.7789E-10 5.0020E-10 5.2324E-10 5.4718E-10 5.7229E-10 5.9817E-10 6.2527E-10 6.5315E-10 6.8204E-10 7.1174E-10 7.4248E-10 7.7428E-10 8.0714E-10 8.4110E-10 8.7615E-10 9.1232E-10 9.4961E-10 9.8803E-10 1.0276E-09 1.0683E-09 1.1102E-09 1.1532E-09 1.1973E-09 1.2427E-09 1.2891E-09 1.3367E-09 1.3854E-09 1.4352E-09 1.4862E-09 1.5382E-09 1.5912E-09 1.6453E-09 1.7004E-09 1.7565E-09 1.8135E-09 1.8713E-09 1.9299E-09 1.9892E-09 2.0491E-09 2.1095E-09 2.1704E-09 2.2316E-09 2.2929E-09 2.3543E-09 2.4156E-09 2.4767E-09 2.5385E-09 2.6024E-09 2.6686E-09
3.3272E-10 3.4897E-10 3.6628E-10 3.8400E-10 4.0248E-10 4.2177E-10 4.4187E-10 4.6264E-10 4.8444E-10 5.0712E-10 5.3054E-10 5.5510E-10 5.8045E-10 6.0676E-10 6.3410E-10 6.6244E-10 6.9183E-10 7.2204E-10 7.5330E-10 7.8564E-10 8.1907E-10 8.5361E-10 8.8927E-10 9.2607E-10 9.6401E-10 1.0031E-09 1.0434E-09 1.0848E-09 1.1274E-09 1.1712E-09 1.2161E-09 1.2622E-09 1.3095E-09 1.3580E-09 1.4076E-09 1.4583E-09 1.5101E-09 1.5631E-09 1.6171E-09 1.6722E-09 1.7283E-09 1.7854E-09 1.8434E-09 1.9022E-09 1.9618E-09 2.0221E-09 2.0831E-09 2.1445E-09 2.2063E-09 2.2685E-09 2.3308E-09 2.3931E-09 2.4562E-09 2.5218E-09 2.5911E-09 2.6637E-09 2.7399E-09
3.3677E-10 3.5344E-10 3.7068E-10 3.8868E-10 4.0744E-10 4.2703E-10 4.4744E-10 4.6854E-10 4.9068E-10 5.1372E-10 5.3751E-10 5.6247E-10 5.8822E-10 6.1520E-10 6.4297E-10 6.7155E-10 7.0142E-10 7.3213E-10 7.6390E-10 7.9678E-10 8.3076E-10 8.6588E-10 9.0214E-10 9.3955E-10 9.7813E-10 1.0179E-09 1.0588E-09 1.1010E-09 1.1443E-09 1.1888E-09 1.2345E-09 1.2814E-09 1.3295E-09 1.3788E-09 1.4293E-09 1.4809E-09 1.5336E-09 1.5875E-09 1.6425E-09 1.6985E-09 1.7556E-09 1.8137E-09 1.8726E-09 1.9325E-09 1.9931E-09 2.0544E-09 2.1163E-09 2.1787E-09 2.2416E-09 2.3046E-09 2.3682E-09 2.4338E-09 2.5039E-09 2.5781E-09 2.6561E-09 2.7375E-09 2.8228E-09
3.4058E-10 3.5748E-10 3.7498E-10 3.9324E-10 4.1228E-10 4.3234E-10 4.5306E-10 4.7447E-10 4.9695E-10 5.2017E-10 5.4432E-10 5.6967E-10 5.9582E-10 6.2322E-10 6.5143E-10 6.8069E-10 7.1080E-10 7.4199E-10 7.7427E-10 8.0767E-10 8.4220E-10 8.7788E-10 9.1472E-10 9.5274E-10 9.9194E-10 1.0323E-09 1.0740E-09 1.1168E-09 1.1608E-09 1.2061E-09 1.2525E-09 1.3002E-09 1.3491E-09 1.3992E-09 1.4505E-09 1.5030E-09 1.5566E-09 1.6114E-09 1.6673E-09 1.7243E-09 1.7823E-09 1.8414E-09 1.9013E-09 1.9621E-09 2.0237E-09 2.0860E-09 2.1488E-09 2.2122E-09 2.2759E-09 2.3409E-09 2.4097E-09 2.4835E-09 2.5616E-09 2.6427E-09 2.7289E-09 2.8195E-09 2.9130E-09
3.4428E-10 3.6142E-10 3.7916E-10 3.9768E-10 4.1718E-10 4.3734E-10 4.5836E-10 4.8008E-10 5.0289E-10 5.2645E-10 5.5119E-10 5.7691E-10 6.0345E-10 6.3104E-10 6.5968E-10 6.8939E-10 7.1995E-10 7.5161E-10 7.8439E-10 8.1830E-10 8.5336E-10 8.8959E-10 9.2700E-10 9.6561E-10 1.0054E-09 1.0465E-09 1.0887E-09 1.1322E-09 1.1769E-09 1.2229E-09 1.2701E-09 1.3186E-09 1.3683E-09 1.4192E-09 1.4713E-09 1.5246E-09 1.5791E-09 1.6348E-09 1.6916E-09 1.7495E-09 1.8084E-09 1.8684E-09 1.9293E-09 1.9910E-09 2.0535E-09 2.1167E-09 2.1805E-09 2.2448E-09 2.3111E-09 2.3823E-09 2.4590E-09 2.5395E-09 2.6243E-09 2.7147E-09 2.8105E-09 2.9115E-09 3.0174E-09
3.4803E-10 3.6541E-10 3.8339E-10 4.0215E-10 4.2192E-10 4.4237E-10 4.6351E-10 4.8572E-10 5.0885E-10 5.3274E-10 5.5783E-10 5.8374E-10 6.1066E-10 6.3865E-10 6.6770E-10 6.9785E-10 7.2886E-10 7.6098E-10 7.9424E-10 8.2865E-10 8.6422E-10 9.0099E-10 9.3896E-10 9.7814E-10 1.0186E-09 1.0602E-09 1.1031E-09 1.1473E-09 1.1927E-09 1.2393E-09 1.2873E-09 1.3365E-09 1.3869E-09 1.4386E-09 1.4915E-09 1.5457E-09 1.6010E-09 1.6575E-09 1.7152E-09 1.7740E-09 1.8339E-09 1.8947E-09 1.9565E-09 2.0192E-09 2.0826E-09 2.1467E-09 2.2114E-09 2.2787E-09 2.3516E-09 2.4302E-09 2.5126E-09 2.6000E-09 2.6951E-09 2.7984E-09 2.9091E-09 3.0252E-09 3.1453E-09
3.5184E-10 3.6928E-10 3.8749E-10 4.0650E-10 4.2637E-10 4.4708E-10 4.6851E-10 4.9101E-10 5.1445E-10 5.3867E-10 5.6410E-10 5.9037E-10 6.1789E-10 6.4627E-10 6.7549E-10 7.0606E-10 7.3750E-10 7.7007E-10 8.0380E-10 8.3869E-10 8.7478E-10 9.1207E-10 9.5058E-10 9.9032E-10 1.0313E-09 1.0736E-09 1.1171E-09 1.1619E-09 1.2080E-09 1.2553E-09 1.3039E-09 1.3538E-09 1.4050E-09 1.4575E-09 1.5112E-09 1.5661E-09 1.6223E-09 1.6797E-09 1.7382E-09 1.7979E-09 1.8586E-09 1.9203E-09 1.9830E-09 2.0465E-09 2.1107E-09 2.1757E-09 2.2435E-09 2.3171E-09 2.3968E-09 2.4809E-09 2.5709E-09 2.6705E-09 2.7804E-09 2.8988E-09 3.0234E-09 3.1568E-09 3.3039E-09
3.5520E-10 3.7286E-10 3.9130E-10 4.1055E-10 4.3066E-10 4.5164E-10 4.7333E-10 4.9630E-10 5.1987E-10 5.4441E-10 5.7017E-10 5.9678E-10 6.2467E-10 6.5342E-10 6.8327E-10 7.1401E-10 7.4587E-10 7.7888E-10 8.1306E-10 8.4843E-10 8.8500E-10 9.2279E-10 9.6183E-10 1.0021E-09 1.0437E-09 1.0865E-09 1.1306E-09 1.1760E-09 1.2228E-09 1.2708E-09 1.3201E-09 1.3707E-09 1.4226E-09 1.4758E-09 1.5302E-09 1.5860E-09 1.6429E-09 1.7011E-09 1.7605E-09 1.8210E-09 1.8825E-09 1.9451E-09 2.0086E-09 2.0729E-09 2.1380E-09 2.2056E-09 2.2791E-09 2.3593E-09 2.4442E-09 2.5366E-09 2.6397E-09 2.7545E-09 2.8859E-09 3.0364E-09 3.2030E-09 3.3930E-09 3.6070E-09
3.5844E-10 3.7631E-10 3.9496E-10 4.1444E-10 4.3497E-10 4.5620E-10 4.7816E-10 5.0124E-10 5.2510E-10 5.4994E-10 5.7602E-10 6.0319E-10 6.3121E-10 6.6033E-10 6.9055E-10 7.2168E-10 7.5395E-10 7.8738E-10 8.2200E-10 8.5782E-10 8.9487E-10 9.3316E-10 9.7270E-10 1.0135E-09 1.0556E-09 1.0990E-09 1.1437E-09 1.1897E-09 1.2371E-09 1.2857E-09 1.3357E-09 1.3870E-09 1.4396E-09 1.4935E-09 1.5487E-09 1.6052E-09 1.6629E-09 1.7219E-09 1.7820E-09 1.8433E-09 1.9056E-09 1.9690E-09 2.0333E-09 2.0984E-09 2.1655E-09 2.2380E-09 2.3178E-09 2.4032E-09 2.4981E-09 2.6110E-09 2.7470E-09 2.9197E-09 3.1138E-09 3.3245E-09 3.5579E-09 3.8156E-09 4.0834E-09
3.6154E-10 3.7961E-10 3.9848E-10 4.1836E-10 4.3895E-10 4.6042E-10 4.8264E-10 5.0598E-10 5.3012E-10 5.5566E-10 5.8188E-10 6.0914E-10 6.3750E-10 6.6697E-10 6.9756E-10 7.2907E-10 7.6173E-10 7.9557E-10 8.3061E-10 8.6687E-10 9.0438E-10 9.4314E-10 9.8317E-10 1.0245E-09 1.0671E-09 1.1111E-09 1.1563E-09 1.2029E-09 1.2509E-09 1.3001E-09 1.3507E-09 1.4027E-09 1.4560E-09 1.5105E-09 1.5664E-09 1.6236E-09 1.6821E-09 1.7418E-09 1.8028E-09 1.8648E-09 1.9279E-09 1.9920E-09 2.0571E-09 2.1234E-09 2.1945E-09 2.2732E-09 2.3580E-09 2.4573E-09 2.5875E-09 2.7556E-09 2.9572E-09 3.1842E-09 3.4340E-09 3.7072E-09 4.0157E-09 4.3488E-09 4.6865E-09
