Assets/Resources/2015_m01_d15_0600(utc+0800)_l00_csi_1hr_conc.grd
DSAA
         159         159
     -79.000      79.000
     -79.000      79.000
  0.0000E+00  0.1423E-04
[rows 75 to 99 of 159, columns 57 to 113 of 159]
0.0000E+00 0.0000E+00 0.0000E+00 0.0000E+00 1.6807E-13 5.3770E-11 2.1057E-10 4.3690E-10 7.2987E-10 1.2467E-09 2.2638E-09 4.2249E-09 1.8583E-08 3.6721E-08 6.7225E-08 1.2708E-07 1.8816E-07 2.4586E-07 2.8499E-07 2.9834E-07 2.8975E-07 2.6725E-07 2.4050E-07 2.1645E-07 2.0157E-07 1.8952E-07 1.7896E-07 1.6877E-07 1.5859E-07 1.4830E-07 1.3603E-07 1.2292E-07 1.1169E-07 1.0320E-07 9.6674E-08 9.1822E-08 8.8151E-08 8.5544E-08 8.3731E-08 8.2501E-08 8.2529E-08 8.3608E-08 8.5053E-08 8.6075E-08 8.6264E-08 8.5451E-08 8.3789E-08 8.1607E-08 7.8961E-08 7.5921E-08 7.2669E-08 6.9277E-08 6.5814E-08 6.2352E-08 5.8963E-08 5.5664E-08 5.2437E-08
0.0000E+00 0.0000E+00 0.0000E+00 0.0000E+00 2.4402E-13 3.3478E-11 2.3054E-10 4.2966E-10 7.3235E-10 1.3926E-09 2.5957E-09 5.3600E-09 2.6107E-08 5.3553E-08 1.2305E-07 2.1330E-07 3.1959E-07 4.1305E-07 4.6316E-07 4.6324E-07 4.2936E-07 3.7672E-07 3.1651E-07 2.7323E-07 2.4420E-07 2.2238E-07 2.0455E-07 1.8872E-07 1.7399E-07 1.6015E-07 1.4507E-07 1.2956E-07 1.1633E-07 1.0606E-07 9.8286E-08 9.2517E-08 8.8353E-08 8.5260E-08 8.3207E-08 8.1880E-08 8.1985E-08 8.3183E-08 8.4716E-08 8.5745E-08 8.5917E-08 8.5107E-08 8.3499E-08 8.1421E-08 7.8841E-08 7.5858E-08 7.2663E-08 6.9322E-08 6.5905E-08 6.2482E-08 5.9125E-08 5.5852E-08 5.2640E-08
0.0000E+00 0.0000E+00 0.0000E+00 0.0000E+00 2.5182E-13 2.3161E-11 2.0258E-10 4.0622E-10 7.7653E-10 1.4891E-09 2.8747E-09 1.4974E-08 3.3782E-08 7.0592E-08 1.8650E-07 3.3658E-07 5.1146E-07 6.5407E-07 7.0510E-07 6.7652E-07 6.2478E-07 4.9672E-07 3.9049E-07 3.2344E-07 1.6801E-06 2.4740E-07 2.2251E-07 2.0166E-07 1.8307E-07 1.6645E-07 1.4962E-07 1.3276E-07 1.1806E-07 1.0656E-07 9.7974E-08 9.1747E-08 8.7223E-08 8.3905E-08 8.1645E-08 8.0401E-08 8.0597E-08 8.1900E-08 8.3483E-08 8.4508E-08 8.4730E-08 8.4005E-08 8.2553E-08 8.0616E-08 7.8145E-08 7.5284E-08 7.2206E-08 6.8969E-08 6.5642E-08 6.2293E-08 5.8999E-08 5.5781E-08 5.2610E-08
0.0000E+00 0.0000E+00 0.0000E+00 0.0000E+00 1.9541E-13 1.7382E-11 1.7230E-10 3.6637E-10 7.4855E-10 1.5165E-09 3.0889E-09 1.6681E-08 3.8486E-08 1.1805E-07 2.5750E-07 4.8152E-07 7.4915E-07 9.3630E-07 9.7746E-07 9.1643E-07 7.7904E-07 6.1839E-07 4.3686E-07 1.4228E-05 3.9441E-06 2.5856E-07 2.2862E-07 2.0453E-07 1.8376E-07 1.6576E-07 1.4860E-07 1.3166E-07 1.1638E-07 1.0443E-07 9.5662E-08 8.9283E-08 8.4742E-08 8.1507E-08 7.9263E-08 7.8124E-08 7.8411E-08 7.9782E-08 8.1387E-08 8.2437E-08 8.2741E-08 8.2160E-08 8.0910E-08 7.9157E-08 7.6879E-08 7.4200E-08 7.1288E-08 6.8197E-08 6.4996E-08 6.1773E-08 5.8580E-08 5.5446E-08 5.2346E-08
0.0000E+00 0.0000E+00 0.0000E+00 0.0000E+00 7.9898E-14 1.1371E-11 1.3853E-10 3.1600E-10 6.9318E-10 1.4601E-09 6.7237E-09 1.6567E-08 3.8924E-08 1.3476E-07 3.0529E-07 5.8977E-07 9.1913E-07 1.1395E-06 1.2292E-06 1.1346E-06 9.6506E-07 8.4391E-07 3.4798E-06 5.3785E-06 3.8616E-06 2.5478E-07 2.2063E-07 1.9603E-07 1.7535E-07 1.5768E-07 1.4172E-07 1.2566E-07 1.1115E-07 9.9720E-08 9.1387E-08 8.5398E-08 8.1156E-08 7.8019E-08 7.6080E-08 7.5030E-08 7.5474E-08 7.6938E-08 7.8532E-08 7.9639E-08 8.0044E-08 7.9638E-08 7.8633E-08 7.7103E-08 7.5056E-08 7.2617E-08 6.9910E-08 6.7013E-08 6.3993E-08 6.0917E-08 5.7859E-08 5.4836E-08 5.1842E-08
0.0000E+00 0.0000E+00 0.0000E+00 0.0000E+00 0.0000E+00 7.6716E-12 1.1601E-10 2.6578E-10 6.1836E-10 1.2898E-09 5.9163E-09 1.4612E-08 4.8533E-08 1.2619E-07 2.9373E-07 5.7172E-07 8.9309E-07 1.1688E-06 1.3396E-06 1.2978E-06 1.4250E-06 1.4412E-06 1.1005E-06 4.4656E-06 3.7191E-06 3.9299E-07 1.9930E-07 1.7705E-07 1.5876E-07 1.4311E-07 1.2921E-07 1.1547E-07 1.0296E-07 9.2923E-08 8.5505E-08 8.0251E-08 7.6460E-08 7.3868E-08 7.2159E-08 7.1392E-08 7.1884E-08 7.3428E-08 7.5012E-08 7.6203E-08 7.6730E-08 7.6538E-08 7.5798E-08 7.4518E-08 7.2731E-08 7.0548E-08 6.8092E-08 6.5430E-08 6.2631E-08 5.9745E-08 5.6850E-08 5.3972E-08 5.1090E-08
0.0000E+00 0.0000E+00 0.0000E+00 0.0000E+00 0.0000E+00 5.4967E-12 8.8299E-11 2.1691E-10 5.2470E-10 1.9203E-09 4.6935E-09 1.1402E-08 3.7152E-08 9.6066E-08 2.2329E-07 4.3521E-07 6.8423E-07 9.1211E-07 1.1208E-06 1.3915E-06 1.5348E-06 1.4745E-06 1.4160E-06 4.9056E-06 3.9761E-06 8.8924E-07 1.6845E-07 1.5074E-07 1.3645E-07 1.2404E-07 1.1299E-07 1.0248E-07 9.2726E-08 8.4582E-08 7.8439E-08 7.4152E-08 7.1124E-08 6.9010E-08 6.7666E-08 6.7206E-08 6.7850E-08 6.9313E-08 7.0942E-08 7.2208E-08 7.2872E-08 7.2919E-08 7.2454E-08 7.1451E-08 6.9941E-08 6.8061E-08 6.5884E-08 6.3486E-08 6.0918E-08 5.8252E-08 5.5553E-08 5.2847E-08 5.0117E-08
0.0000E+00 0.0000E+00 0.0000E+00 0.0000E+00 0.0000E+00 4.5087E-12 6.0830E-11 1.9526E-10 4.5678E-10 1.2302E-09 3.4324E-09 9.3015E-09 2.4072E-08 5.9676E-08 1.3468E-07 2.5780E-07 3.9708E-07 5.0920E-07 5.5600E-07 5.3862E-07 7.8355E-07 1.2006E-06 1.4010E-06 4.5061E-06 3.4562E-06 3.8936E-07 1.3371E-07 1.2146E-07 1.1168E-07 1.0301E-07 9.5179E-08 8.8057E-08 8.1324E-08 7.5314E-08 7.0709E-08 6.7547E-08 6.5325E-08 6.3865E-08 6.2817E-08 6.2622E-08 6.3471E-08 6.4842E-08 6.6416E-08 6.7764E-08 6.8558E-08 6.8832E-08 6.8646E-08 6.7935E-08 6.6741E-08 6.5176E-08 6.3303E-08 6.1194E-08 5.8895E-08 5.6471E-08 5.3993E-08 5.1477E-08 4.8908E-08
0.0000E+00 0.0000E+00 0.0000E+00 0.0000E+00 0.0000E+00 3.5472E-12 3.5482E-11 1.6639E-10 3.6563E-10 7.7439E-10 2.2213E-09 5.0830E-09 1.3460E-08 3.0755E-08 6.7029E-08 1.2216E-07 1.7656E-07 2.2220E-07 2.3333E-07 2.2941E-07 2.1631E-07 2.9935E-07 8.1155E-07 3.1104E-06 4.9912E-07 1.0896E-07 1.0015E-07 9.3297E-08 8.7610E-08 8.2459E-08 7.7692E-08 7.3573E-08 6.9630E-08 6.5783E-08 6.2826E-08 6.0768E-08 5.9341E-08 5.8531E-08 5.7900E-08 5.7995E-08 5.8739E-08 6.0142E-08 6.1583E-08 6.2978E-08 6.3885E-08 6.4389E-08 6.4439E-08 6.4007E-08 6.3143E-08 6.1906E-08 6.0360E-08 5.8564E-08 5.6559E-08 5.4405E-08 5.2169E-08 4.9868E-08 4.7488E-08
0.0000E+00 0.0000E+00 0.0000E+00 0.0000E+00 0.0000E+00 2.5253E-12 1.9963E-11 1.3224E-10 2.8331E-10 5.8766E-10 1.2124E-09 2.9566E-09 6.4876E-09 1.4847E-08 2.8945E-08 4.9510E-08 7.0613E-08 9.0461E-08 1.0566E-07 1.1064E-07 1.0836E-07 1.0159E-07 9.7641E-08 1.5317E-07 8.0144E-08 7.5379E-08 7.1646E-08 6.8994E-08 6.6549E-08 6.4148E-08 6.2042E-08 6.0132E-08 5.8408E-08 5.6703E-08 5.5203E-08 5.4117E-08 5.3467E-08 5.3147E-08 5.2947E-08 5.3241E-08 5.4115E-08 5.5351E-08 5.6745E-08 5.8005E-08 5.8991E-08 5.9661E-08 5.9913E-08 5.9736E-08 5.9193E-08 5.8284E-08 5.7072E-08 5.5603E-08 5.3912E-08 5.2050E-08 5.0073E-08 4.8017E-08 4.5847E-08
0.0000E+00 0.0000E+00 0.0000E+00 0.0000E+00 0.0000E+00 1.6371E-12 1.0877E-11 9.1666E-11 2.3119E-10 4.7914E-10 7.7468E-10 1.6241E-09 3.3018E-09 6.3098E-09 1.1241E-08 1.8159E-08 2.6315E-08 3.4138E-08 4.4458E-08 5.0769E-08 5.3783E-08 5.4321E-08 5.3851E-08 5.1798E-08 5.1011E-08 5.0255E-08 5.0094E-08 4.9877E-08 4.9475E-08 4.9179E-08 4.8906E-08 4.8555E-08 4.8431E-08 4.8351E-08 4.8065E-08 4.7841E-08 4.7835E-08 4.7883E-08 4.8090E-08 4.8583E-08 4.9524E-08 5.0562E-08 5.1904E-08 5.3000E-08 5.4042E-08 5.4773E-08 5.5150E-08 5.5216E-08 5.4947E-08 5.4350E-08 5.3467E-08 5.2330E-08 5.0963E-08 4.9409E-08 4.7710E-08 4.5917E-08 4.3979E-08
0.0000E+00 0.0000E+00 0.0000E+00 0.0000E+00 0.0000E+00 1.0461E-12 7.7706E-12 5.5609E-11 1.8431E-10 3.7692E-10 6.7135E-10 9.8878E-10 1.7079E-09 3.1807E-09 5.0205E-09 7.6069E-09 1.0976E-08 1.4348E-08 1.7257E-08 1.9764E-08 2.2536E-08 2.7975E-08 3.0101E-08 2.9618E-08 3.1173E-08 3.3046E-08 3.4550E-08 3.5775E-08 3.6441E-08 3.7527E-08 3.8411E-08 3.9096E-08 4.0045E-08 4.0903E-08 4.1575E-08 4.2080E-08 4.2472E-08 4.2882E-08 4.3376E-08 4.3985E-08 4.4902E-08 4.6073E-08 4.7190E-08 4.8161E-08 4.9091E-08 4.9893E-08 5.0310E-08 5.0530E-08 5.0486E-08 5.0164E-08 4.9588E-08 4.8772E-08 4.7729E-08 4.6486E-08 4.5089E-08 4.3567E-08 4.1879E-08
0.0000E+00 0.0000E+00 0.0000E+00 0.0000E+00 0.0000E+00 4.5331E-13 6.5925E-12 3.1026E-11 1.3339E-10 3.0192E-10 5.6586E-10 7.9290E-10 1.1409E-09 1.5648E-09 2.4030E-09 3.6197E-09 4.8555E-09 6.3373E-09 7.8429E-09 9.5259E-09 1.1294E-08 1.3308E-08 1.5358E-08 1.6799E-08 1.9043E-08 2.1952E-08 2.4036E-08 2.5907E-08 2.7076E-08 2.8571E-08 3.0176E-08 3.1621E-08 3.2969E-08 3.4311E-08 3.5726E-08 3.6781E-08 3.7523E-08 3.8234E-08 3.8831E-08 3.9551E-08 4.0552E-08 4.1574E-08 4.2634E-08 4.3646E-08 4.4376E-08 4.5080E-08 4.5560E-08 4.5815E-08 4.5911E-08 4.5808E-08 4.5496E-08 4.4974E-08 4.4239E-08 4.3295E-08 4.2212E-08 4.0970E-08 3.9542E-08
0.0000E+00 0.0000E+00 0.0000E+00 0.0000E+00 0.0000E+00 0.0000E+00 4.8462E-12 1.9146E-11 9.0156E-11 2.3541E-10 4.5093E-10 7.0905E-10 9.8611E-10 1.2833E-09 1.6032E-09 2.0079E-09 2.5518E-09 3.2716E-09 4.1478E-09 5.1813E-09 6.4663E-09 7.9441E-09 9.1438E-09 1.0879E-08 1.2433E-08 1.4860E-08 1.6811E-08 1.8311E-08 1.9767E-08 2.2114E-08 2.3938E-08 2.5677E-08 2.7116E-08 2.8612E-08 3.0459E-08 3.1906E-08 3.2980E-08 3.3761E-08 3.4566E-08 3.5312E-08 3.6363E-08 3.7310E-08 3.8411E-08 3.9286E-08 4.0024E-08 4.0495E-08 4.0976E-08 4.1249E-08 4.1372E-08 4.1389E-08 4.1278E-08 4.1003E-08 4.0542E-08 3.9893E-08 3.9101E-08 3.8141E-08 3.6974E-08
0.0000E+00 0.0000E+00 0.0000E+00 0.0000E+00 0.0000E+00 0.0000E+00 3.1486E-12 1.1816E-11 5.3884E-11 1.7070E-10 3.6687E-10 6.1772E-10 8.7845E-10 1.1469E-09 1.4292E-09 1.7693E-09 2.1820E-09 2.6790E-09 3.3106E-09 4.0988E-09 5.0044E-09 6.0463E-09 7.2479E-09 8.3435E-09 9.6170E-09 1.1151E-08 1.2730E-08 1.4337E-08 1.5817E-08 1.7486E-08 1.9187E-08 2.0858E-08 2.2678E-08 2.4239E-08 2.5923E-08 2.7540E-08 2.8781E-08 2.9627E-08 3.0501E-08 3.1344E-08 3.2370E-08 3.3360E-08 3.4304E-08 3.5206E-08 3.5950E-08 3.6380E-08 3.6608E-08 3.6902E-08 3.7039E-08 3.7075E-08 3.7052E-08 3.6953E-08 3.6703E-08 3.6323E-08 3.5797E-08 3.5099E-08 3.4210E-08
0.0000E+00 0.0000E+00 0.0000E+00 0.0000E+00 0.0000E+00 0.0000E+00 1.6646E-12 9.0027E-12 3.3597E-11 1.1286E-10 2.6421E-10 4.9174E-10 7.4561E-10 1.0109E-09 1.2671E-09 1.5664E-09 1.9232E-09 2.3447E-09 2.8381E-09 3.4218E-09 4.1187E-09 4.9536E-09 5.8984E-09 6.7917E-09 7.8863E-09 9.1281E-09 1.0453E-08 1.1805E-08 1.2982E-08 1.4408E-08 1.5760E-08 1.7261E-08 1.8977E-08 2.0449E-08 2.2173E-08 2.3776E-08 2.5055E-08 2.6086E-08 2.6829E-08 2.7656E-08 2.8670E-08 2.9601E-08 3.0501E-08 3.1323E-08 3.2041E-08 3.2583E-08 3.2777E-08 3.2914E-08 3.2978E-08 3.3014E-08 3.2998E-08 3.2936E-08 3.2854E-08 3.2668E-08 3.2366E-08 3.1905E-08 3.1273E-08
0.0000E+00 0.0000E+00 0.0000E+00 0.0000E+00 0.0000E+00 0.0000E+00 8.2235E-13 6.8507E-12 2.1511E-11 7.0726E-11 1.9010E-10 3.7208E-10 6.0905E-10 8.6261E-10 1.1117E-09 1.3786E-09 1.6902E-09 2.0578E-09 2.4874E-09 2.9843E-09 3.5531E-09 4.2017E-09 4.9479E-09 5.7554E-09 6.6694E-09 7.6567E-09 8.7652E-09 9.9280E-09 1.1022E-08 1.2242E-08 1.3530E-08 1.4836E-08 1.6145E-08 1.7538E-08 1.8985E-08 2.0456E-08 2.1738E-08 2.2739E-08 2.3560E-08 2.4350E-08 2.5290E-08 2.6161E-08 2.7021E-08 2.7794E-08 2.8407E-08 2.8818E-08 2.9262E-08 2.9308E-08 2.9321E-08 2.9275E-08 2.9242E-08 2.9178E-08 2.9116E-08 2.9043E-08 2.8889E-08 2.8637E-08 2.8210E-08
0.0000E+00 0.0000E+00 0.0000E+00 0.0000E+00 0.0000E+00 0.0000E+00 3.1243E-14 4.7564E-12 1.4390E-11 4.5627E-11 1.2680E-10 2.6330E-10 4.7349E-10 7.1549E-10 9.6869E-10 1.2029E-09 1.4773E-09 1.7961E-09 2.1682E-09 2.5983E-09 3.0904E-09 3.6475E-09 4.2710E-09 4.9625E-09 5.7238E-09 6.5508E-09 7.4596E-09 8.4677E-09 9.5085E-09 1.0517E-08 1.1625E-08 1.2757E-08 1.3893E-08 1.5027E-08 1.6255E-08 1.7640E-08 1.8842E-08 1.9801E-08 2.0565E-08 2.1328E-08 2.2179E-08 2.2996E-08 2.3810E-08 2.4547E-08 2.5142E-08 2.5569E-08 2.5808E-08 2.6097E-08 2.6035E-08 2.5972E-08 2.5828E-08 2.5753E-08 2.5674E-08 2.5574E-08 2.5516E-08 2.5390E-08 2.5132E-08
0.0000E+00 0.0000E+00 0.0000E+00 0.0000E+00 0.0000E+00 0.0000E+00 0.0000E+00 2.6561E-12 1.0251E-11 3.0306E-11 8.1812E-11 1.8780E-10 3.5456E-10 5.6486E-10 8.1022E-10 1.0407E-09 1.2812E-09 1.5597E-09 1.8803E-09 2.2507E-09 2.6741E-09 3.1533E-09 3.6897E-09 4.2835E-09 4.9333E-09 5.6362E-09 6.3872E-09 7.2103E-09 8.1075E-09 9.0456E-09 1.0014E-08 1.1007E-08 1.2004E-08 1.2989E-08 1.3985E-08 1.5153E-08 1.6244E-08 1.7145E-08 1.7875E-08 1.8568E-08 1.9363E-08 2.0113E-08 2.0871E-08 2.1574E-08 2.2142E-08 2.2580E-08 2.2857E-08 2.2975E-08 2.2977E-08 2.2993E-08 2.2835E-08 2.2710E-08 2.2579E-08 2.2468E-08 2.2370E-08 2.2273E-08 2.2134E-08
0.0000E+00 0.0000E+00 0.0000E+00 0.0000E+00 0.0000E+00 0.0000E+00 0.0000E+00 1.2372E-12 7.5661E-12 2.0687E-11 5.5240E-11 1.2994E-10 2.3986E-10 4.3467E-10 6.5356E-10 8.9003E-10 1.1015E-09 1.3436E-09 1.6231E-09 1.9404E-09 2.3031E-09 2.7133E-09 3.1725E-09 3.6810E-09 4.2379E-09 4.8408E-09 5.4859E-09 6.1680E-09 6.9420E-09 7.7622E-09 8.5848E-09 9.4411E-09 1.0314E-08 1.1175E-08 1.2024E-08 1.2951E-08 1.3937E-08 1.4771E-08 1.5458E-08 1.6106E-08 1.6786E-08 1.7510E-08 1.8214E-08 1.8862E-08 1.9431E-08 1.9852E-08 2.0143E-08 2.0288E-08 2.0327E-08 2.0252E-08 2.0163E-08 1.9936E-08 1.9857E-08 1.9722E-08 1.9581E-08 1.9446E-08 1.9328E-08
0.0000E+00 0.0000E+00 0.0000E+00 0.0000E+00 0.0000E+00 0.0000E+00 0.0000E+00 2.7365E-13 5.0132E-12 1.4119E-11 3.6278E-11 8.9786E-11 1.7275E-10 3.3098E-10 5.0158E-10 7.2704E-10 9.3743E-10 1.1491E-09 1.3886E-09 1.6659E-09 1.9751E-09 2.3247E-09 2.7162E-09 3.1498E-09 3.6250E-09 4.1399E-09 4.6917E-09 5.2761E-09 5.9163E-09 6.6425E-09 7.3519E-09 8.0821E-09 8.8219E-09 9.5587E-09 1.0302E-08 1.1068E-08 1.1898E-08 1.2665E-08 1.3311E-08 1.3886E-08 1.4491E-08 1.5189E-08 1.5823E-08 1.6439E-08 1.6964E-08 1.7395E-08 1.7693E-08 1.7867E-08 1.7937E-08 1.7910E-08 1.7783E-08 1.7627E-08 1.7362E-08 1.7232E-08 1.7174E-08 1.7006E-08 1.6832E-08
0.0000E+00 0.0000E+00 0.0000E+00 0.0000E+00 0.0000E+00 0.0000E+00 0.0000E+00 0.0000E+00 2.5932E-12 9.8540E-12 2.5423E-11 5.9914E-11 1.2545E-10 2.3103E-10 3.8565E-10 5.8425E-10 7.7691E-10 9.7281E-10 1.1827E-09 1.4157E-09 1.6852E-09 1.9843E-09 2.3167E-09 2.6850E-09 3.0889E-09 3.5270E-09 3.9972E-09 4.4961E-09 5.0285E-09 5.6629E-09 6.2723E-09 6.9018E-09 7.5427E-09 8.1845E-09 8.8163E-09 9.4269E-09 1.0105E-08 1.0814E-08 1.1414E-08 1.1926E-08 1.2467E-08 1.3125E-08 1.3672E-08 1.4233E-08 1.4744E-08 1.5162E-08 1.5472E-08 1.5685E-08 1.5788E-08 1.5781E-08 1.5709E-08 1.5583E-08 1.5411E-08 1.5186E-08 1.4939E-08 1.4781E-08 1.4696E-08
0.0000E+00 0.0000E+00 0.0000E+00 0.0000E+00 0.0000E+00 0.0000E+00 0.0000E+00 0.0000E+00 1.0838E-12 6.8707E-12 1.7485E-11 4.1444E-11 8.9805E-11 1.5448E-10 2.7917E-10 4.4213E-10 6.1730E-10 8.0158E-10 9.9562E-10 1.1988E-09 1.4252E-09 1.6804E-09 1.9688E-09 2.2811E-09 2.6232E-09 2.9948E-09 3.3940E-09 3.8185E-09 4.2646E-09 4.7993E-09 5.3331E-09 5.8740E-09 6.4272E-09 6.9841E-09 7.5356E-09 8.0725E-09 8.6008E-09 9.2051E-09 9.6870E-09 1.0155E-08 1.0662E-08 1.1269E-08 1.1803E-08 1.2328E-08 1.2798E-08 1.3191E-08 1.3485E-08 1.3711E-08 1.3839E-08 1.3895E-08 1.3868E-08 1.3759E-08 1.3612E-08 1.3436E-08 1.3247E-08 1.2972E-08 1.2683E-08
0.0000E+00 0.0000E+00 0.0000E+00 0.0000E+00 0.0000E+00 0.0000E+00 0.0000E+00 0.0000E+00 2.6251E-14 3.9892E-12 1.1455E-11 2.7480E-11 6.0417E-11 1.1736E-10 2.0125E-10 3.1143E-10 4.7401E-10 6.3626E-10 8.1493E-10 1.0054E-09 1.2019E-09 1.4174E-09 1.6573E-09 1.9239E-09 2.2184E-09 2.5353E-09 2.8734E-09 3.2333E-09 3.6126E-09 4.0472E-09 4.5211E-09 4.9843E-09 5.4601E-09 5.8937E-09 6.3742E-09 6.8458E-09 7.3022E-09 7.8102E-09 8.2954E-09 8.7095E-09 9.1470E-09 9.6731E-09 1.0115E-08 1.0590E-08 1.1040E-08 1.1427E-08 1.1735E-08 1.1969E-08 1.2118E-08 1.2197E-08 1.2195E-08 1.2139E-08 1.2038E-08 1.1885E-08 1.1676E-08 1.1450E-08 1.1218E-08
0.0000E+00 0.0000E+00 0.0000E+00 0.0000E+00 0.0000E+00 0.0000E+00 0.0000E+00 0.0000E+00 0.0000E+00 1.6609E-12 8.0126E-12 1.9352E-11 4.3146E-11 8.2382E-11 1.3892E-10 2.3233E-10 3.4887E-10 4.8589E-10 6.4252E-10 8.1442E-10 9.9956E-10 1.1894E-09 1.3930E-09 1.6175E-09 1.8628E-09 2.1296E-09 2.4178E-09 2.7261E-09 3.0264E-09 3.3730E-09 3.7929E-09 4.1873E-09 4.5946E-09 5.0095E-09 5.4259E-09 5.8370E-09 6.2390E-09 6.6075E-09 7.0611E-09 7.4335E-09 7.8126E-09 8.2567E-09 8.6923E-09 9.1237E-09 9.5298E-09 9.8565E-09 1.0161E-08 1.0402E-08 1.0569E-08 1.0673E-08 1.0718E-08 1.0697E-08 1.0620E-08 1.0505E-08 1.0364E-08 1.0180E-08 9.9429E-09
