Assets/Resources/2015_m01_d26_1700(utc+0800)_l00_csi_1hr_conc.grd
DSAA
         159         159
     -79.000      79.000
     -79.000      79.000
  0.0000E+00  0.1119E-05
[rows 0 to 24 of 159, columns 0 to 56 of 159]
7.2160E-09 7.4922E-09 7.7590E-09 8.0144E-09 8.2564E-09 8.4831E-09 8.6920E-09 8.8803E-09 9.0479E-09 9.1922E-09 9.3117E-09 9.4034E-09 9.4684E-09 9.5050E-09 9.5126E-09 9.4897E-09 9.4373E-09 9.3553E-09 9.2447E-09 9.1052E-09 8.9382E-09 8.7453E-09 8.5279E-09 8.2872E-09 8.0259E-09 7.7455E-09 7.4468E-09 7.1320E-09 6.8060E-09 6.4720E-09 6.1319E-09 5.7893E-09 5.4473E-09 5.1064E-09 4.7684E-09 4.4357E-09 4.1099E-09 3.7928E-09 3.4855E-09 3.1903E-09 2.9080E-09 2.6395E-09 2.3860E-09 2.1483E-09 1.9257E-09 1.7169E-09 1.5227E-09 1.3430E-09 1.1809E-09 1.0320E-09 9.0407E-10 7.9214E-10 6.8980E-10 5.9981E-10 5.1674E-10 4.4420E-10 3.7515E-10
7.4824E-09 7.7754E-09 8.0592E-09 8.3313E-09 8.5900E-09 8.8324E-09 9.0561E-09 9.2606E-09 9.4429E-09 9.6001E-09 9.7302E-09 9.8341E-09 9.9088E-09 9.9533E-09 9.9664E-09 9.9488E-09 9.9002E-09 9.8201E-09 9.7089E-09 9.5680E-09 9.3973E-09 9.1989E-09 8.9743E-09 8.7255E-09 8.4542E-09 8.1622E-09 7.8504E-09 7.5217E-09 7.1794E-09 6.8281E-09 6.4702E-09 6.1087E-09 5.7477E-09 5.3881E-09 5.0313E-09 4.6789E-09 4.3340E-09 3.9978E-09 3.6722E-09 3.3579E-09 3.0575E-09 2.7727E-09 2.5039E-09 2.2509E-09 2.0129E-09 1.7913E-09 1.5881E-09 1.3988E-09 1.2242E-09 1.0682E-09 9.3085E-10 8.1220E-10 7.0806E-10 6.1130E-10 5.2379E-10 4.4968E-10 3.7743E-10
7.7433E-09 8.0533E-09 8.3540E-09 8.6436E-09 8.9193E-09 9.1782E-09 9.4195E-09 9.6396E-09 9.8357E-09 1.0006E-08 1.0151E-08 1.0266E-08 1.0351E-08 1.0404E-08 1.0425E-08 1.0414E-08 1.0369E-08 1.0291E-08 1.0180E-08 1.0038E-08 9.8650E-09 9.6617E-09 9.4305E-09 9.1735E-09 8.8925E-09 8.5896E-09 8.2648E-09 7.9213E-09 7.5631E-09 7.1948E-09 6.8182E-09 6.4381E-09 6.0570E-09 5.6770E-09 5.2997E-09 4.9277E-09 4.5627E-09 4.2061E-09 3.8607E-09 3.5278E-09 3.2094E-09 2.9064E-09 2.6207E-09 2.3535E-09 2.1043E-09 1.8706E-09 1.6542E-09 1.4544E-09 1.2733E-09 1.1062E-09 9.5749E-10 8.3410E-10 7.2356E-10 6.2639E-10 5.3448E-10 4.5521E-10 3.7802E-10
7.9963E-09 8.3237E-09 8.6425E-09 8.9497E-09 9.2424E-09 9.5195E-09 9.7777E-09 1.0013E-08 1.0225E-08 1.0411E-08 1.0570E-08 1.0696E-08 1.0793E-08 1.0856E-08 1.0886E-08 1.0881E-08 1.0841E-08 1.0767E-08 1.0659E-08 1.0517E-08 1.0342E-08 1.0136E-08 9.8996E-09 9.6360E-09 9.3465E-09 9.0336E-09 8.6982E-09 8.3410E-09 7.9680E-09 7.5828E-09 7.1885E-09 6.7894E-09 6.3891E-09 5.9901E-09 5.5930E-09 5.2006E-09 4.8152E-09 4.4390E-09 4.0729E-09 3.7203E-09 3.3824E-09 3.0614E-09 2.7580E-09 2.4726E-09 2.2065E-09 1.9596E-09 1.7314E-09 1.5194E-09 1.3250E-09 1.1511E-09 9.9344E-10 8.5723E-10 7.4357E-10 6.3933E-10 5.4545E-10 4.5864E-10 3.7625E-10
8.2398E-09 8.5851E-09 8.9217E-09 9.2464E-09 9.5577E-09 9.8528E-09 1.0127E-08 1.0380E-08 1.0609E-08 1.0810E-08 1.0982E-08 1.1123E-08 1.1232E-08 1.1307E-08 1.1345E-08 1.1349E-08 1.1317E-08 1.1248E-08 1.1143E-08 1.1002E-08 1.0827E-08 1.0619E-08 1.0380E-08 1.0110E-08 9.8136E-09 9.4919E-09 9.1458E-09 8.7764E-09 8.3884E-09 7.9867E-09 7.5752E-09 7.1566E-09 6.7366E-09 6.3169E-09 5.8995E-09 5.4862E-09 5.0789E-09 4.6807E-09 4.2938E-09 3.9202E-09 3.5621E-09 3.2206E-09 2.8981E-09 2.5962E-09 2.3150E-09 2.0524E-09 1.8086E-09 1.5853E-09 1.3821E-09 1.1964E-09 1.0298E-09 8.8598E-10 7.6209E-10 6.5645E-10 5.5808E-10 4.6487E-10 3.8218E-10
8.4716E-09 8.8349E-09 9.1891E-09 9.5320E-09 9.8621E-09 1.0174E-08 1.0467E-08 1.0738E-08 1.0983E-08 1.1200E-08 1.1388E-08 1.1544E-08 1.1666E-08 1.1752E-08 1.1803E-08 1.1817E-08 1.1792E-08 1.1729E-08 1.1629E-08 1.1492E-08 1.1319E-08 1.1110E-08 1.0869E-08 1.0596E-08 1.0294E-08 9.9645E-09 9.6090E-09 9.2286E-09 8.8272E-09 8.4103E-09 7.9820E-09 7.5460E-09 7.1067E-09 6.6676E-09 6.2300E-09 5.7956E-09 5.3679E-09 4.9479E-09 4.5394E-09 4.1442E-09 3.7651E-09 3.4034E-09 3.0610E-09 2.7386E-09 2.4382E-09 2.1607E-09 1.9028E-09 1.6636E-09 1.4460E-09 1.2513E-09 1.0756E-09 9.1900E-10 7.8837E-10 6.7361E-10 5.7227E-10 4.7498E-10 3.8481E-10
8.6901E-09 9.0703E-09 9.4421E-09 9.8044E-09 1.0153E-08 1.0483E-08 1.0794E-08 1.1082E-08 1.1345E-08 1.1580E-08 1.1784E-08 1.1954E-08 1.2092E-08 1.2192E-08 1.2255E-08 1.2279E-08 1.2264E-08 1.2211E-08 1.2118E-08 1.1985E-08 1.1815E-08 1.1609E-08 1.1367E-08 1.1092E-08 1.0785E-08 1.0450E-08 1.0086E-08 9.6958E-09 9.2832E-09 8.8516E-09 8.4070E-09 7.9535E-09 7.4950E-09 7.0359E-09 6.5778E-09 6.1219E-09 5.6715E-09 5.2290E-09 4.7976E-09 4.3799E-09 3.9779E-09 3.5940E-09 3.2303E-09 2.8892E-09 2.5704E-09 2.2734E-09 1.9984E-09 1.7459E-09 1.5159E-09 1.3073E-09 1.1220E-09 9.5080E-10 8.1382E-10 6.9565E-10 5.8581E-10 4.8541E-10 3.9550E-10
8.8914E-09 9.2891E-09 9.6795E-09 1.0060E-08 1.0426E-08 1.0776E-08 1.1105E-08 1.1412E-08 1.1693E-08 1.1945E-08 1.2166E-08 1.2354E-08 1.2507E-08 1.2621E-08 1.2698E-08 1.2736E-08 1.2732E-08 1.2688E-08 1.2603E-08 1.2478E-08 1.2314E-08 1.2111E-08 1.1871E-08 1.1595E-08 1.1287E-08 1.0947E-08 1.0577E-08 1.0179E-08 9.7558E-09 9.3116E-09 8.8522E-09 8.3822E-09 7.9058E-09 7.4271E-09 6.9491E-09 6.4729E-09 6.0002E-09 5.5356E-09 5.0812E-09 4.6408E-09 4.2157E-09 3.8088E-09 3.4232E-09 3.0593E-09 2.7197E-09 2.4057E-09 2.1144E-09 1.8441E-09 1.5964E-09 1.3759E-09 1.1783E-09 9.9554E-10 8.5038E-10 7.1359E-10 6.0541E-10 5.0049E-10 4.0323E-10
9.0750E-09 9.4901E-09 9.8980E-09 1.0297E-08 1.0681E-08 1.1049E-08 1.1397E-08 1.1723E-08 1.2022E-08 1.2292E-08 1.2532E-08 1.2738E-08 1.2906E-08 1.3038E-08 1.3131E-08 1.3182E-08 1.3191E-08 1.3159E-08 1.3086E-08 1.2971E-08 1.2815E-08 1.2618E-08 1.2382E-08 1.2109E-08 1.1800E-08 1.1458E-08 1.1085E-08 1.0681E-08 1.0250E-08 9.7955E-09 9.3233E-09 8.8385E-09 8.3456E-09 7.8484E-09 7.3500E-09 6.8527E-09 6.3587E-09 5.8710E-09 5.3932E-09 4.9276E-09 4.4781E-09 4.0474E-09 3.6372E-09 3.2505E-09 2.8883E-09 2.5500E-09 2.2378E-09 1.9523E-09 1.6890E-09 1.4496E-09 1.2395E-09 1.0551E-09 8.8125E-10 7.4952E-10 6.2411E-10 5.1563E-10 4.1809E-10
9.2377E-09 9.6699E-09 1.0095E-08 1.0511E-08 1.0915E-08 1.1301E-08 1.1668E-08 1.2012E-08 1.2330E-08 1.2620E-08 1.2878E-08 1.3102E-08 1.3289E-08 1.3439E-08 1.3547E-08 1.3614E-08 1.3640E-08 1.3623E-08 1.3563E-08 1.3459E-08 1.3312E-08 1.3124E-08 1.2895E-08 1.2625E-08 1.2318E-08 1.1977E-08 1.1602E-08 1.1195E-08 1.0757E-08 1.0295E-08 9.8118E-09 9.3130E-09 8.8035E-09 8.2893E-09 7.7720E-09 7.2540E-09 6.7386E-09 6.2281E-09 5.7269E-09 5.2374E-09 4.7629E-09 4.3065E-09 3.8712E-09 3.4597E-09 3.0739E-09 2.7159E-09 2.3833E-09 2.0779E-09 1.7946E-09 1.5402E-09 1.3131E-09 1.1130E-09 9.3874E-10 7.8506E-10 6.4817E-10 5.3705E-10 4.3162E-10
9.3785E-09 9.8272E-09 1.0268E-08 1.0702E-08 1.1123E-08 1.1528E-08 1.1914E-08 1.2276E-08 1.2615E-08 1.2924E-08 1.3201E-08 1.3445E-08 1.3652E-08 1.3818E-08 1.3947E-08 1.4033E-08 1.4075E-08 1.4075E-08 1.4029E-08 1.3939E-08 1.3807E-08 1.3629E-08 1.3409E-08 1.3148E-08 1.2848E-08 1.2509E-08 1.2136E-08 1.1730E-08 1.1291E-08 1.0822E-08 1.0331E-08 9.8226E-09 9.3003E-09 8.7699E-09 8.2354E-09 7.6992E-09 7.1622E-09 6.6290E-09 6.1028E-09 5.5880E-09 5.0881E-09 4.6050E-09 4.1434E-09 3.7048E-09 3.2920E-09 2.9054E-09 2.5479E-09 2.2202E-09 1.9180E-09 1.6414E-09 1.3967E-09 1.1838E-09 9.9299E-10 8.2855E-10 6.8090E-10 5.6009E-10 4.5267E-10
9.4950E-09 9.9582E-09 1.0416E-08 1.0866E-08 1.1304E-08 1.1728E-08 1.2131E-08 1.2515E-08 1.2872E-08 1.3200E-08 1.3499E-08 1.3762E-08 1.3988E-08 1.4177E-08 1.4326E-08 1.4430E-08 1.4493E-08 1.4511E-08 1.4484E-08 1.4412E-08 1.4293E-08 1.4129E-08 1.3922E-08 1.3671E-08 1.3378E-08 1.3044E-08 1.2675E-08 1.2272E-08 1.1833E-08 1.1362E-08 1.0867E-08 1.0351E-08 9.8175E-09 9.2722E-09 8.7203E-09 8.1651E-09 7.6079E-09 7.0533E-09 6.5039E-09 5.9633E-09 5.4360E-09 4.9252E-09 4.4350E-09 3.9683E-09 3.5288E-09 3.1183E-09 2.7350E-09 2.3810E-09 2.0569E-09 1.7606E-09 1.4950E-09 1.2625E-09 1.0603E-09 8.7990E-10 7.1819E-10 5.8627E-10 4.7386E-10
9.5851E-09 1.0062E-08 1.0535E-08 1.1001E-08 1.1456E-08 1.1898E-08 1.2320E-08 1.2722E-08 1.3098E-08 1.3448E-08 1.3766E-08 1.4049E-08 1.4299E-08 1.4510E-08 1.4678E-08 1.4806E-08 1.4891E-08 1.4929E-08 1.4923E-08 1.4868E-08 1.4768E-08 1.4622E-08 1.4430E-08 1.4191E-08 1.3910E-08 1.3588E-08 1.3226E-08 1.2829E-08 1.2395E-08 1.1927E-08 1.1430E-08 1.0909E-08 1.0368E-08 9.8118E-09 9.2466E-09 8.6748E-09 8.0996E-09 7.5229E-09 6.9503E-09 6.3858E-09 5.8317E-09 5.2935E-09 4.7742E-09 4.2776E-09 3.8067E-09 3.3639E-09 2.9520E-09 2.5721E-09 2.2208E-09 1.8985E-09 1.6118E-09 1.3596E-09 1.1364E-09 9.4015E-10 7.6820E-10 6.2442E-10 4.9951E-10
9.6476E-09 1.0138E-08 1.0624E-08 1.1105E-08 1.1576E-08 1.2035E-08 1.2475E-08 1.2895E-08 1.3292E-08 1.3661E-08 1.4000E-08 1.4308E-08 1.4579E-08 1.4810E-08 1.5004E-08 1.5156E-08 1.5263E-08 1.5325E-08 1.5341E-08 1.5309E-08 1.5230E-08 1.5103E-08 1.4928E-08 1.4708E-08 1.4442E-08 1.4132E-08 1.3778E-08 1.3392E-08 1.2967E-08 1.2503E-08 1.2007E-08 1.1486E-08 1.0941E-08 1.0376E-08 9.7990E-09 9.2124E-09 8.6195E-09 8.0231E-09 7.4271E-09 6.8368E-09 6.2558E-09 5.6888E-09 5.1398E-09 4.6126E-09 4.1111E-09 3.6379E-09 3.1948E-09 2.7824E-09 2.4032E-09 2.0591E-09 1.7441E-09 1.4688E-09 1.2286E-09 1.0120E-09 8.2237E-10 6.6687E-10 5.3467E-10
9.6804E-09 1.0183E-08 1.0681E-08 1.1177E-08 1.1662E-08 1.2137E-08 1.2595E-08 1.3033E-08 1.3450E-08 1.3839E-08 1.4201E-08 1.4528E-08 1.4822E-08 1.5080E-08 1.5299E-08 1.5474E-08 1.5607E-08 1.5695E-08 1.5735E-08 1.5728E-08 1.5673E-08 1.5569E-08 1.5416E-08 1.5216E-08 1.4967E-08 1.4671E-08 1.4336E-08 1.3963E-08 1.3550E-08 1.3097E-08 1.2609E-08 1.2092E-08 1.1545E-08 1.0975E-08 1.0389E-08 9.7915E-09 9.1837E-09 8.5694E-09 7.9530E-09 7.3374E-09 6.7289E-09 6.1327E-09 5.5525E-09 4.9932E-09 4.4581E-09 3.9518E-09 3.4756E-09 3.0321E-09 2.6197E-09 2.2423E-09 1.9008E-09 1.5991E-09 1.3342E-09 1.0973E-09 8.9154E-10 7.2518E-10 5.7976E-10
9.6827E-09 1.0195E-08 1.0705E-08 1.1214E-08 1.1712E-08 1.2203E-08 1.2676E-08 1.3134E-08 1.3568E-08 1.3979E-08 1.4361E-08 1.4712E-08 1.5031E-08 1.5313E-08 1.5557E-08 1.5759E-08 1.5920E-08 1.6034E-08 1.6101E-08 1.6122E-08 1.6093E-08 1.6015E-08 1.5888E-08 1.5709E-08 1.5483E-08 1.5210E-08 1.4892E-08 1.4536E-08 1.4143E-08 1.3705E-08 1.3228E-08 1.2718E-08 1.2176E-08 1.1605E-08 1.1014E-08 1.0408E-08 9.7871E-09 9.1552E-09 8.5179E-09 7.8791E-09 7.2446E-09 6.6184E-09 6.0058E-09 5.4126E-09 4.8426E-09 4.2987E-09 3.7857E-09 3.3063E-09 2.8621E-09 2.4543E-09 2.0796E-09 1.7478E-09 1.4597E-09 1.1977E-09 9.6929E-10 7.8685E-10 6.3235E-10
9.6542E-09 1.0175E-08 1.0695E-08 1.1214E-08 1.1726E-08 1.2230E-08 1.2720E-08 1.3194E-08 1.3647E-08 1.4077E-08 1.4480E-08 1.4856E-08 1.5198E-08 1.5505E-08 1.5776E-08 1.6007E-08 1.6195E-08 1.6338E-08 1.6436E-08 1.6486E-08 1.6486E-08 1.6438E-08 1.6337E-08 1.6186E-08 1.5987E-08 1.5739E-08 1.5443E-08 1.5112E-08 1.4740E-08 1.4323E-08 1.3862E-08 1.3366E-08 1.2834E-08 1.2267E-08 1.1674E-08 1.1060E-08 1.0430E-08 9.7860E-09 9.1307E-09 8.4703E-09 7.8098E-09 7.1546E-09 6.5102E-09 5.8817E-09 5.2733E-09 4.6913E-09 4.1385E-09 3.6187E-09 3.1377E-09 2.6940E-09 2.2869E-09 1.9237E-09 1.6003E-09 1.3161E-09 1.0630E-09 8.6552E-10 6.9657E-10
9.5932E-09 1.0121E-08 1.0650E-08 1.1178E-08 1.1700E-08 1.2217E-08 1.2722E-08 1.3212E-08 1.3683E-08 1.4132E-08 1.4558E-08 1.4956E-08 1.5321E-08 1.5655E-08 1.5954E-08 1.6213E-08 1.6430E-08 1.6605E-08 1.6734E-08 1.6815E-08 1.6848E-08 1.6829E-08 1.6761E-08 1.6643E-08 1.6473E-08 1.6254E-08 1.5988E-08 1.5684E-08 1.5339E-08 1.4946E-08 1.4509E-08 1.4033E-08 1.3515E-08 1.2957E-08 1.2367E-08 1.1753E-08 1.1117E-08 1.0462E-08 9.7913E-09 9.1110E-09 8.4257E-09 7.7414E-09 7.0646E-09 6.3998E-09 5.7538E-09 5.1295E-09 4.5334E-09 3.9713E-09 3.4464E-09 2.9632E-09 2.5223E-09 2.1239E-09 1.7689E-09 1.4494E-09 1.1759E-09 9.5326E-10 7.7149E-10
9.5002E-09 1.0033E-08 1.0568E-08 1.1105E-08 1.1636E-08 1.2165E-08 1.2681E-08 1.3187E-08 1.3675E-08 1.4143E-08 1.4590E-08 1.5008E-08 1.5398E-08 1.5760E-08 1.6084E-08 1.6373E-08 1.6621E-08 1.6828E-08 1.6990E-08 1.7105E-08 1.7171E-08 1.7189E-08 1.7157E-08 1.7072E-08 1.6938E-08 1.6752E-08 1.6519E-08 1.6244E-08 1.5933E-08 1.5574E-08 1.5165E-08 1.4712E-08 1.4215E-08 1.3672E-08 1.3091E-08 1.2479E-08 1.1842E-08 1.1179E-08 1.0496E-08 9.7978E-09 9.0907E-09 8.3798E-09 7.6702E-09 6.9696E-09 6.2822E-09 5.6154E-09 4.9744E-09 4.3650E-09 3.7940E-09 3.2663E-09 2.7849E-09 2.3480E-09 1.9556E-09 1.6123E-09 1.3025E-09 1.0592E-09 8.5529E-10
9.3752E-09 9.9112E-09 1.0450E-08 1.0993E-08 1.1532E-08 1.2071E-08 1.2599E-08 1.3118E-08 1.3622E-08 1.4107E-08 1.4573E-08 1.5013E-08 1.5429E-08 1.5813E-08 1.6167E-08 1.6485E-08 1.6765E-08 1.7004E-08 1.7199E-08 1.7351E-08 1.7455E-08 1.7510E-08 1.7515E-08 1.7470E-08 1.7374E-08 1.7228E-08 1.7030E-08 1.6793E-08 1.6519E-08 1.6196E-08 1.5822E-08 1.5400E-08 1.4932E-08 1.4408E-08 1.3840E-08 1.3237E-08 1.2603E-08 1.1938E-08 1.1248E-08 1.0536E-08 9.8074E-09 9.0713E-09 8.3310E-09 7.5939E-09 6.8666E-09 6.1552E-09 5.4667E-09 4.8081E-09 4.1876E-09 3.6106E-09 3.0835E-09 2.6032E-09 2.1731E-09 1.7889E-09 1.4556E-09 1.1811E-09 9.5490E-10
9.2186E-09 9.7557E-09 1.0297E-08 1.0845E-08 1.1390E-08 1.1936E-08 1.2473E-08 1.3004E-08 1.3522E-08 1.4023E-08 1.4507E-08 1.4969E-08 1.5405E-08 1.5816E-08 1.6197E-08 1.6545E-08 1.6857E-08 1.7128E-08 1.7361E-08 1.7549E-08 1.7692E-08 1.7788E-08 1.7834E-08 1.7831E-08 1.7778E-08 1.7672E-08 1.7517E-08 1.7321E-08 1.7088E-08 1.6808E-08 1.6475E-08 1.6090E-08 1.5653E-08 1.5158E-08 1.4611E-08 1.4022E-08 1.3394E-08 1.2731E-08 1.2035E-08 1.1313E-08 1.0569E-08 9.8087E-09 9.0402E-09 8.2685E-09 7.5007E-09 6.7434E-09 6.0049E-09 5.2949E-09 4.6200E-09 3.9918E-09 3.4162E-09 2.8895E-09 2.4160E-09 1.9962E-09 1.6206E-09 1.3226E-09 1.0655E-09
9.0310E-09 9.5675E-09 1.0110E-08 1.0659E-08 1.1208E-08 1.1759E-08 1.2305E-08 1.2846E-08 1.3376E-08 1.3890E-08 1.4391E-08 1.4873E-08 1.5331E-08 1.5766E-08 1.6173E-08 1.6550E-08 1.6893E-08 1.7201E-08 1.7469E-08 1.7696E-08 1.7880E-08 1.8017E-08 1.8108E-08 1.8150E-08 1.8141E-08 1.8083E-08 1.7973E-08 1.7819E-08 1.7634E-08 1.7403E-08 1.7114E-08 1.6771E-08 1.6374E-08 1.5914E-08 1.5393E-08 1.4822E-08 1.4209E-08 1.3554E-08 1.2861E-08 1.2133E-08 1.1377E-08 1.0599E-08 9.8041E-09 8.9991E-09 8.1905E-09 7.3868E-09 6.5979E-09 5.8322E-09 5.1032E-09 4.4190E-09 3.7876E-09 3.2112E-09 2.6446E-09 2.2280E-09 1.8091E-09 1.4818E-09 1.1968E-09
8.8137E-09 9.3477E-09 9.8887E-09 1.0438E-08 1.0988E-08 1.1544E-08 1.2095E-08 1.2642E-08 1.3182E-08 1.3709E-08 1.4226E-08 1.4724E-08 1.5203E-08 1.5661E-08 1.6093E-08 1.6499E-08 1.6873E-08 1.7215E-08 1.7520E-08 1.7788E-08 1.8012E-08 1.8195E-08 1.8332E-08 1.8420E-08 1.8460E-08 1.8450E-08 1.8387E-08 1.8286E-08 1.8150E-08 1.7967E-08 1.7731E-08 1.7437E-08 1.7086E-08 1.6665E-08 1.6177E-08 1.5634E-08 1.5040E-08 1.4400E-08 1.3713E-08 1.2985E-08 1.2222E-08 1.1428E-08 1.0610E-08 9.7737E-09 8.9271E-09 8.0780E-09 7.2371E-09 6.4171E-09 5.6297E-09 4.8875E-09 4.1971E-09 3.5691E-09 3.0022E-09 2.4576E-09 2.0257E-09 1.6598E-09 1.3408E-09
8.5686E-09 9.0982E-09 9.6354E-09 1.0183E-08 1.0731E-08 1.1288E-08 1.1842E-08 1.2396E-08 1.2943E-08 1.3482E-08 1.4009E-08 1.4523E-08 1.5023E-08 1.5500E-08 1.5957E-08 1.6390E-08 1.6795E-08 1.7171E-08 1.7513E-08 1.7819E-08 1.8089E-08 1.8315E-08 1.8498E-08 1.8637E-08 1.8727E-08 1.8767E-08 1.8758E-08 1.8707E-08 1.8622E-08 1.8497E-08 1.8316E-08 1.8076E-08 1.7774E-08 1.7402E-08 1.6956E-08 1.6445E-08 1.5878E-08 1.5258E-08 1.4584E-08 1.3865E-08 1.3101E-08 1.2299E-08 1.1464E-08 1.0602E-08 9.7194E-09 8.8262E-09 7.9353E-09 7.0592E-09 6.2132E-09 5.4107E-09 4.6561E-09 3.9709E-09 3.3505E-09 2.7925E-09 2.2918E-09 1.8683E-09 1.5054E-09
8.2984E-09 8.8199E-09 9.3523E-09 9.8941E-09 1.0440E-08 1.0996E-08 1.1550E-08 1.2106E-08 1.2660E-08 1.3206E-08 1.3744E-08 1.4273E-08 1.4786E-08 1.5285E-08 1.5764E-08 1.6223E-08 1.6658E-08 1.7066E-08 1.7445E-08 1.7792E-08 1.8102E-08 1.8374E-08 1.8605E-08 1.8792E-08 1.8934E-08 1.9028E-08 1.9075E-08 1.9075E-08 1.9046E-08 1.8979E-08 1.8858E-08 1.8675E-08 1.8432E-08 1.8113E-08 1.7714E-08 1.7243E-08 1.6712E-08 1.6118E-08 1.5468E-08 1.4761E-08 1.4002E-08 1.3198E-08 1.2351E-08 1.1466E-08 1.0551E-08 9.6179E-09 8.6770E-09 7.7474E-09 6.8435E-09 5.9754E-09 5.1652E-09 4.4159E-09 3.7383E-09 3.1272E-09 2.5749E-09 2.1016E-09 1.6988E-09
