Assets/Resources/2015_m01_d04_2100(utc+0800)_l00_csi_1hr_conc.grd
DSAA
         159         159
     -79.000      79.000
     -79.000      79.000
  0.1609E-09  0.8982E-05
[rows 100 to 124 of 159, columns 57 to 113 of 159]
1.7416E-09 1.7422E-09 1.7422E-09 1.7338E-09 1.7353E-09 1.7263E-09 1.7251E-09 1.7285E-09 1.7301E-09 1.7299E-09 1.7211E-09 1.7193E-09 1.7177E-09 1.7185E-09 1.7224E-09 1.7258E-09 1.7285E-09 1.7291E-09 1.7292E-09 1.7286E-09 1.7289E-09 1.7286E-09 1.7275E-09 1.7258E-09 1.7234E-09 1.7189E-09 1.7138E-09 1.7081E-09 1.7031E-09 1.6974E-09 1.6909E-09 1.6838E-09 1.6759E-09 1.6673E-09 1.6580E-09 1.6463E-09 1.6348E-09 1.6235E-09 1.6116E-09 1.5990E-09 1.5858E-09 1.5718E-09 1.5573E-09 1.5412E-09 1.5237E-09 1.5074E-09 1.4904E-09 1.4728E-09 1.4546E-09 1.4351E-09 1.4143E-09 1.3946E-09 1.3745E-09 1.3531E-09 1.3305E-09 1.3091E-09 1.2873E-09
1.7030E-09 1.6980E-09 1.7019E-09 1.6984E-09 1.6956E-09 1.6989E-09 1.7019E-09 1.6990E-09 1.6921E-09 1.6956E-09 1.6969E-09 1.6991E-09 1.7044E-09 1.7092E-09 1.7133E-09 1.7154E-09 1.7169E-09 1.7179E-09 1.7197E-09 1.7209E-09 1.7214E-09 1.7212E-09 1.7203E-09 1.7188E-09 1.7139E-09 1.7097E-09 1.7062E-09 1.7021E-09 1.6973E-09 1.6917E-09 1.6854E-09 1.6784E-09 1.6706E-09 1.6613E-09 1.6503E-09 1.6406E-09 1.6302E-09 1.6190E-09 1.6072E-09 1.5947E-09 1.5815E-09 1.5676E-09 1.5522E-09 1.5354E-09 1.5197E-09 1.5034E-09 1.4864E-09 1.4688E-09 1.4498E-09 1.4295E-09 1.4103E-09 1.3906E-09 1.3696E-09 1.3474E-09 1.3264E-09 1.3050E-09 1.2828E-09
1.6669E-09 1.6650E-09 1.6619E-09 1.6654E-09 1.6668E-09 1.6649E-09 1.6627E-09 1.6679E-09 1.6695E-09 1.6766E-09 1.6832E-09 1.6893E-09 1.6948E-09 1.6968E-09 1.6998E-09 1.7036E-09 1.7069E-09 1.7095E-09 1.7115E-09 1.7128E-09 1.7135E-09 1.7135E-09 1.7101E-09 1.7075E-09 1.7056E-09 1.7030E-09 1.6998E-09 1.6958E-09 1.6910E-09 1.6856E-09 1.6794E-09 1.6725E-09 1.6631E-09 1.6539E-09 1.6450E-09 1.6354E-09 1.6251E-09 1.6140E-09 1.6023E-09 1.5898E-09 1.5767E-09 1.5612E-09 1.5459E-09 1.5309E-09 1.5152E-09 1.4988E-09 1.4818E-09 1.4626E-09 1.4437E-09 1.4250E-09 1.4058E-09 1.3853E-09 1.3635E-09 1.3429E-09 1.3218E-09 1.3000E-09 1.2774E-09
1.6207E-09 1.6262E-09 1.6244E-09 1.6243E-09 1.6323E-09 1.6387E-09 1.6430E-09 1.6513E-09 1.6591E-09 1.6664E-09 1.6717E-09 1.6750E-09 1.6808E-09 1.6861E-09 1.6907E-09 1.6947E-09 1.6981E-09 1.7009E-09 1.7030E-09 1.7045E-09 1.7026E-09 1.7015E-09 1.7012E-09 1.7001E-09 1.6984E-09 1.6960E-09 1.6928E-09 1.6890E-09 1.6844E-09 1.6791E-09 1.6721E-09 1.6635E-09 1.6562E-09 1.6481E-09 1.6393E-09 1.6298E-09 1.6195E-09 1.6086E-09 1.5969E-09 1.5845E-09 1.5697E-09 1.5552E-09 1.5409E-09 1.5258E-09 1.5101E-09 1.4937E-09 1.4751E-09 1.4567E-09 1.4387E-09 1.4200E-09 1.3999E-09 1.3786E-09 1.3585E-09 1.3378E-09 1.3163E-09 1.2941E-09 1.2721E-09
1.5810E-09 1.5906E-09 1.5984E-09 1.6041E-09 1.6140E-09 1.6233E-09 1.6322E-09 1.6393E-09 1.6443E-09 1.6519E-09 1.6589E-09 1.6653E-09 1.6713E-09 1.6766E-09 1.6813E-09 1.6855E-09 1.6890E-09 1.6906E-09 1.6916E-09 1.6919E-09 1.6931E-09 1.6936E-09 1.6933E-09 1.6924E-09 1.6908E-09 1.6885E-09 1.6855E-09 1.6818E-09 1.6764E-09 1.6703E-09 1.6636E-09 1.6570E-09 1.6498E-09 1.6418E-09 1.6331E-09 1.6236E-09 1.6135E-09 1.6025E-09 1.5901E-09 1.5761E-09 1.5632E-09 1.5495E-09 1.5352E-09 1.5201E-09 1.5044E-09 1.4864E-09 1.4687E-09 1.4512E-09 1.4330E-09 1.4136E-09 1.3927E-09 1.3730E-09 1.3528E-09 1.3318E-09 1.3099E-09 1.2883E-09 1.2663E-09
1.5609E-09 1.5720E-09 1.5827E-09 1.5916E-09 1.6001E-09 1.6082E-09 1.6173E-09 1.6260E-09 1.6341E-09 1.6417E-09 1.6489E-09 1.6554E-09 1.6614E-09 1.6669E-09 1.6717E-09 1.6747E-09 1.6756E-09 1.6789E-09 1.6814E-09 1.6834E-09 1.6846E-09 1.6852E-09 1.6851E-09 1.6843E-09 1.6829E-09 1.6807E-09 1.6768E-09 1.6723E-09 1.6671E-09 1.6622E-09 1.6565E-09 1.6501E-09 1.6429E-09 1.6350E-09 1.6264E-09 1.6170E-09 1.6069E-09 1.5943E-09 1.5820E-09 1.5699E-09 1.5569E-09 1.5433E-09 1.5289E-09 1.5131E-09 1.4957E-09 1.4795E-09 1.4626E-09 1.4450E-09 1.4261E-09 1.4058E-09 1.3866E-09 1.3669E-09 1.3463E-09 1.3248E-09 1.3036E-09 1.2820E-09 1.2592E-09
1.5453E-09 1.5566E-09 1.5674E-09 1.5779E-09 1.5880E-09 1.5976E-09 1.6068E-09 1.6155E-09 1.6237E-09 1.6314E-09 1.6386E-09 1.6452E-09 1.6500E-09 1.6543E-09 1.6579E-09 1.6625E-09 1.6664E-09 1.6697E-09 1.6724E-09 1.6744E-09 1.6758E-09 1.6765E-09 1.6765E-09 1.6758E-09 1.6745E-09 1.6705E-09 1.6669E-09 1.6635E-09 1.6594E-09 1.6545E-09 1.6489E-09 1.6426E-09 1.6355E-09 1.6277E-09 1.6191E-09 1.6089E-09 1.5981E-09 1.5866E-09 1.5752E-09 1.5630E-09 1.5501E-09 1.5364E-09 1.5213E-09 1.5047E-09 1.4891E-09 1.4728E-09 1.4558E-09 1.4367E-09 1.4178E-09 1.3992E-09 1.3799E-09 1.3598E-09 1.3388E-09 1.3180E-09 1.2968E-09 1.2744E-09 1.2521E-09
1.5344E-09 1.5456E-09 1.5565E-09 1.5670E-09 1.5771E-09 1.5868E-09 1.5960E-09 1.6048E-09 1.6130E-09 1.6195E-09 1.6254E-09 1.6309E-09 1.6372E-09 1.6430E-09 1.6482E-09 1.6528E-09 1.6568E-09 1.6603E-09 1.6630E-09 1.6651E-09 1.6666E-09 1.6674E-09 1.6675E-09 1.6651E-09 1.6630E-09 1.6611E-09 1.6585E-09 1.6552E-09 1.6512E-09 1.6464E-09 1.6409E-09 1.6346E-09 1.6276E-09 1.6198E-09 1.6096E-09 1.5996E-09 1.5898E-09 1.5791E-09 1.5677E-09 1.5555E-09 1.5426E-09 1.5274E-09 1.5123E-09 1.4974E-09 1.4817E-09 1.4655E-09 1.4470E-09 1.4287E-09 1.4106E-09 1.3919E-09 1.3722E-09 1.3517E-09 1.3314E-09 1.3106E-09 1.2887E-09 1.2667E-09 1.2447E-09
1.5232E-09 1.5345E-09 1.5454E-09 1.5559E-09 1.5661E-09 1.5744E-09 1.5823E-09 1.5898E-09 1.5982E-09 1.6062E-09 1.6137E-09 1.6206E-09 1.6270E-09 1.6329E-09 1.6381E-09 1.6428E-09 1.6469E-09 1.6504E-09 1.6532E-09 1.6555E-09 1.6561E-09 1.6561E-09 1.6554E-09 1.6550E-09 1.6540E-09 1.6522E-09 1.6497E-09 1.6465E-09 1.6425E-09 1.6378E-09 1.6323E-09 1.6261E-09 1.6183E-09 1.6089E-09 1.6006E-09 1.5916E-09 1.5817E-09 1.5711E-09 1.5596E-09 1.5467E-09 1.5330E-09 1.5187E-09 1.5044E-09 1.4895E-09 1.4738E-09 1.4560E-09 1.4383E-09 1.4208E-09 1.4027E-09 1.3833E-09 1.3637E-09 1.3438E-09 1.3235E-09 1.3020E-09 1.2804E-09 1.2588E-09 1.2365E-09
1.5106E-09 1.5205E-09 1.5301E-09 1.5407E-09 1.5509E-09 1.5607E-09 1.5701E-09 1.5790E-09 1.5875E-09 1.5955E-09 1.6030E-09 1.6100E-09 1.6165E-09 1.6224E-09 1.6277E-09 1.6325E-09 1.6366E-09 1.6402E-09 1.6422E-09 1.6426E-09 1.6443E-09 1.6454E-09 1.6458E-09 1.6455E-09 1.6445E-09 1.6428E-09 1.6404E-09 1.6372E-09 1.6333E-09 1.6287E-09 1.6224E-09 1.6155E-09 1.6078E-09 1.6003E-09 1.5920E-09 1.5829E-09 1.5730E-09 1.5624E-09 1.5502E-09 1.5365E-09 1.5237E-09 1.5102E-09 1.4959E-09 1.4802E-09 1.4630E-09 1.4468E-09 1.4299E-09 1.4124E-09 1.3935E-09 1.3745E-09 1.3552E-09 1.3353E-09 1.3143E-09 1.2932E-09 1.2720E-09 1.2501E-09 1.2275E-09
1.4967E-09 1.5080E-09 1.5190E-09 1.5296E-09 1.5398E-09 1.5497E-09 1.5591E-09 1.5680E-09 1.5765E-09 1.5845E-09 1.5921E-09 1.5991E-09 1.6056E-09 1.6115E-09 1.6169E-09 1.6208E-09 1.6241E-09 1.6269E-09 1.6300E-09 1.6324E-09 1.6342E-09 1.6353E-09 1.6358E-09 1.6356E-09 1.6346E-09 1.6330E-09 1.6306E-09 1.6275E-09 1.6236E-09 1.6173E-09 1.6112E-09 1.6052E-09 1.5985E-09 1.5910E-09 1.5827E-09 1.5736E-09 1.5629E-09 1.5515E-09 1.5394E-09 1.5274E-09 1.5146E-09 1.5011E-09 1.4852E-09 1.4696E-09 1.4540E-09 1.4378E-09 1.4208E-09 1.4026E-09 1.3841E-09 1.3654E-09 1.3460E-09 1.3255E-09 1.3049E-09 1.2842E-09 1.2627E-09 1.2405E-09 1.2188E-09
1.4854E-09 1.4967E-09 1.5077E-09 1.5183E-09 1.5285E-09 1.5383E-09 1.5477E-09 1.5567E-09 1.5652E-09 1.5733E-09 1.5808E-09 1.5879E-09 1.5935E-09 1.5985E-09 1.6031E-09 1.6080E-09 1.6124E-09 1.6162E-09 1.6193E-09 1.6218E-09 1.6236E-09 1.6248E-09 1.6253E-09 1.6251E-09 1.6242E-09 1.6226E-09 1.6203E-09 1.6155E-09 1.6109E-09 1.6065E-09 1.6013E-09 1.5954E-09 1.5887E-09 1.5811E-09 1.5728E-09 1.5630E-09 1.5515E-09 1.5410E-09 1.5297E-09 1.5177E-09 1.5041E-09 1.4898E-09 1.4748E-09 1.4600E-09 1.4444E-09 1.4278E-09 1.4102E-09 1.3926E-09 1.3744E-09 1.3553E-09 1.3354E-09 1.3156E-09 1.2954E-09 1.2744E-09 1.2526E-09 1.2312E-09 1.2094E-09
1.4739E-09 1.4852E-09 1.4961E-09 1.5067E-09 1.5169E-09 1.5267E-09 1.5361E-09 1.5451E-09 1.5536E-09 1.5607E-09 1.5664E-09 1.5736E-09 1.5802E-09 1.5863E-09 1.5919E-09 1.5969E-09 1.6012E-09 1.6050E-09 1.6082E-09 1.6107E-09 1.6126E-09 1.6138E-09 1.6144E-09 1.6142E-09 1.6133E-09 1.6101E-09 1.6070E-09 1.6041E-09 1.6004E-09 1.5960E-09 1.5909E-09 1.5849E-09 1.5782E-09 1.5699E-09 1.5608E-09 1.5510E-09 1.5412E-09 1.5307E-09 1.5194E-09 1.5066E-09 1.4922E-09 1.4788E-09 1.4646E-09 1.4497E-09 1.4338E-09 1.4168E-09 1.3999E-09 1.3823E-09 1.3638E-09 1.3444E-09 1.3252E-09 1.3055E-09 1.2850E-09 1.2637E-09 1.2427E-09 1.2214E-09 1.1990E-09
1.4622E-09 1.4734E-09 1.4843E-09 1.4948E-09 1.5050E-09 1.5129E-09 1.5214E-09 1.5304E-09 1.5390E-09 1.5471E-09 1.5548E-09 1.5620E-09 1.5686E-09 1.5747E-09 1.5803E-09 1.5853E-09 1.5897E-09 1.5935E-09 1.5967E-09 1.5992E-09 1.6011E-09 1.6024E-09 1.6029E-09 1.6011E-09 1.5995E-09 1.5981E-09 1.5959E-09 1.5930E-09 1.5894E-09 1.5850E-09 1.5798E-09 1.5730E-09 1.5655E-09 1.5573E-09 1.5490E-09 1.5401E-09 1.5303E-09 1.5197E-09 1.5069E-09 1.4941E-09 1.4814E-09 1.4680E-09 1.4537E-09 1.4382E-09 1.4222E-09 1.4060E-09 1.3890E-09 1.3711E-09 1.3523E-09 1.3337E-09 1.3145E-09 1.2945E-09 1.2738E-09 1.2532E-09 1.2323E-09 1.2104E-09 1.1885E-09
1.4483E-09 1.4585E-09 1.4694E-09 1.4800E-09 1.4902E-09 1.5000E-09 1.5095E-09 1.5185E-09 1.5270E-09 1.5352E-09 1.5428E-09 1.5500E-09 1.5566E-09 1.5627E-09 1.5683E-09 1.5733E-09 1.5777E-09 1.5815E-09 1.5847E-09 1.5873E-09 1.5884E-09 1.5888E-09 1.5886E-09 1.5886E-09 1.5879E-09 1.5864E-09 1.5843E-09 1.5814E-09 1.5778E-09 1.5734E-09 1.5666E-09 1.5598E-09 1.5532E-09 1.5458E-09 1.5375E-09 1.5285E-09 1.5180E-09 1.5059E-09 1.4947E-09 1.4827E-09 1.4700E-09 1.4561E-09 1.4412E-09 1.4263E-09 1.4107E-09 1.3944E-09 1.3769E-09 1.3590E-09 1.3410E-09 1.3224E-09 1.3026E-09 1.2827E-09 1.2627E-09 1.2422E-09 1.2208E-09 1.1993E-09 1.1777E-09
1.4353E-09 1.4465E-09 1.4573E-09 1.4679E-09 1.4780E-09 1.4878E-09 1.4972E-09 1.5062E-09 1.5147E-09 1.5228E-09 1.5304E-09 1.5376E-09 1.5442E-09 1.5503E-09 1.5559E-09 1.5609E-09 1.5653E-09 1.5683E-09 1.5706E-09 1.5724E-09 1.5744E-09 1.5758E-09 1.5764E-09 1.5764E-09 1.5757E-09 1.5743E-09 1.5721E-09 1.5693E-09 1.5640E-09 1.5588E-09 1.5537E-09 1.5478E-09 1.5411E-09 1.5337E-09 1.5246E-09 1.5141E-09 1.5044E-09 1.4939E-09 1.4827E-09 1.4706E-09 1.4572E-09 1.4434E-09 1.4292E-09 1.4142E-09 1.3983E-09 1.3813E-09 1.3645E-09 1.3471E-09 1.3291E-09 1.3099E-09 1.2906E-09 1.2711E-09 1.2508E-09 1.2298E-09 1.2091E-09 1.1880E-09 1.1660E-09
1.4231E-09 1.4342E-09 1.4450E-09 1.4554E-09 1.4655E-09 1.4753E-09 1.4846E-09 1.4936E-09 1.5021E-09 1.5101E-09 1.5177E-09 1.5248E-09 1.5314E-09 1.5375E-09 1.5431E-09 1.5463E-09 1.5499E-09 1.5538E-09 1.5571E-09 1.5598E-09 1.5618E-09 1.5631E-09 1.5638E-09 1.5638E-09 1.5630E-09 1.5616E-09 1.5579E-09 1.5541E-09 1.5505E-09 1.5462E-09 1.5410E-09 1.5351E-09 1.5276E-09 1.5194E-09 1.5104E-09 1.5015E-09 1.4917E-09 1.4813E-09 1.4696E-09 1.4569E-09 1.4442E-09 1.4307E-09 1.4164E-09 1.4012E-09 1.3849E-09 1.3687E-09 1.3520E-09 1.3342E-09 1.3157E-09 1.2973E-09 1.2783E-09 1.2586E-09 1.2381E-09 1.2179E-09 1.1972E-09 1.1757E-09 1.1540E-09
1.4105E-09 1.4215E-09 1.4323E-09 1.4427E-09 1.4527E-09 1.4624E-09 1.4717E-09 1.4806E-09 1.4891E-09 1.4971E-09 1.5046E-09 1.5109E-09 1.5166E-09 1.5218E-09 1.5274E-09 1.5324E-09 1.5369E-09 1.5408E-09 1.5440E-09 1.5466E-09 1.5486E-09 1.5499E-09 1.5506E-09 1.5498E-09 1.5482E-09 1.5460E-09 1.5439E-09 1.5410E-09 1.5374E-09 1.5330E-09 1.5278E-09 1.5203E-09 1.5128E-09 1.5054E-09 1.4972E-09 1.4882E-09 1.4785E-09 1.4673E-09 1.4557E-09 1.4436E-09 1.4309E-09 1.4170E-09 1.4024E-09 1.3872E-09 1.3717E-09 1.3556E-09 1.3385E-09 1.3206E-09 1.3028E-09 1.2844E-09 1.2653E-09 1.2454E-09 1.2256E-09 1.2051E-09 1.1840E-09 1.1631E-09 1.1419E-09
1.3977E-09 1.4086E-09 1.4193E-09 1.4296E-09 1.4396E-09 1.4492E-09 1.4584E-09 1.4664E-09 1.4740E-09 1.4811E-09 1.4887E-09 1.4958E-09 1.5024E-09 1.5085E-09 1.5140E-09 1.5190E-09 1.5234E-09 1.5272E-09 1.5304E-09 1.5330E-09 1.5350E-09 1.5355E-09 1.5345E-09 1.5345E-09 1.5338E-09 1.5324E-09 1.5302E-09 1.5273E-09 1.5236E-09 1.5176E-09 1.5117E-09 1.5058E-09 1.4991E-09 1.4916E-09 1.4834E-09 1.4737E-09 1.4636E-09 1.4531E-09 1.4418E-09 1.4297E-09 1.4166E-09 1.4024E-09 1.3882E-09 1.3734E-09 1.3580E-09 1.3412E-09 1.3243E-09 1.3071E-09 1.2893E-09 1.2705E-09 1.2514E-09 1.2322E-09 1.2123E-09 1.1916E-09 1.1712E-09 1.1502E-09 1.1285E-09
1.3845E-09 1.3954E-09 1.4051E-09 1.4145E-09 1.4236E-09 1.4332E-09 1.4424E-09 1.4512E-09 1.4596E-09 1.4676E-09 1.4751E-09 1.4821E-09 1.4887E-09 1.4947E-09 1.5002E-09 1.5051E-09 1.5095E-09 1.5132E-09 1.5156E-09 1.5174E-09 1.5185E-09 1.5199E-09 1.5205E-09 1.5205E-09 1.5197E-09 1.5182E-09 1.5152E-09 1.5114E-09 1.5070E-09 1.5026E-09 1.4974E-09 1.4915E-09 1.4847E-09 1.4769E-09 1.4680E-09 1.4589E-09 1.4491E-09 1.4386E-09 1.4269E-09 1.4145E-09 1.4014E-09 1.3879E-09 1.3738E-09 1.3587E-09 1.3427E-09 1.3268E-09 1.3102E-09 1.2930E-09 1.2748E-09 1.2563E-09 1.2377E-09 1.2183E-09 1.1982E-09 1.1782E-09 1.1577E-09 1.1365E-09 1.1155E-09
1.3687E-09 1.3795E-09 1.3900E-09 1.4002E-09 1.4100E-09 1.4196E-09 1.4287E-09 1.4374E-09 1.4458E-09 1.4536E-09 1.4611E-09 1.4680E-09 1.4745E-09 1.4805E-09 1.4859E-09 1.4900E-09 1.4935E-09 1.4964E-09 1.4996E-09 1.5022E-09 1.5041E-09 1.5054E-09 1.5060E-09 1.5058E-09 1.5042E-09 1.5019E-09 1.4989E-09 1.4959E-09 1.4922E-09 1.4878E-09 1.4825E-09 1.4762E-09 1.4688E-09 1.4612E-09 1.4530E-09 1.4439E-09 1.4341E-09 1.4228E-09 1.4111E-09 1.3991E-09 1.3863E-09 1.3730E-09 1.3582E-09 1.3432E-09 1.3280E-09 1.3121E-09 1.2952E-09 1.2776E-09 1.2601E-09 1.2420E-09 1.2229E-09 1.2036E-09 1.1842E-09 1.1642E-09 1.1434E-09 1.1229E-09 1.1018E-09
1.3552E-09 1.3659E-09 1.3763E-09 1.3864E-09 1.3962E-09 1.4056E-09 1.4146E-09 1.4233E-09 1.4315E-09 1.4393E-09 1.4467E-09 1.4535E-09 1.4583E-09 1.4634E-09 1.4688E-09 1.4737E-09 1.4780E-09 1.4817E-09 1.4848E-09 1.4873E-09 1.4892E-09 1.4904E-09 1.4893E-09 1.4883E-09 1.4875E-09 1.4860E-09 1.4837E-09 1.4807E-09 1.4769E-09 1.4720E-09 1.4661E-09 1.4601E-09 1.4532E-09 1.4457E-09 1.4373E-09 1.4279E-09 1.4174E-09 1.4068E-09 1.3955E-09 1.3834E-09 1.3705E-09 1.3564E-09 1.3425E-09 1.3279E-09 1.3127E-09 1.2962E-09 1.2796E-09 1.2626E-09 1.2452E-09 1.2267E-09 1.2080E-09 1.1891E-09 1.1693E-09 1.1493E-09 1.1293E-09 1.1086E-09 1.0873E-09
1.3414E-09 1.3520E-09 1.3623E-09 1.3723E-09 1.3819E-09 1.3912E-09 1.4002E-09 1.4079E-09 1.4153E-09 1.4222E-09 1.4295E-09 1.4363E-09 1.4427E-09 1.4485E-09 1.4539E-09 1.4586E-09 1.4629E-09 1.4665E-09 1.4695E-09 1.4712E-09 1.4714E-09 1.4725E-09 1.4730E-09 1.4728E-09 1.4719E-09 1.4703E-09 1.4679E-09 1.4645E-09 1.4599E-09 1.4554E-09 1.4501E-09 1.4440E-09 1.4371E-09 1.4292E-09 1.4201E-09 1.4110E-09 1.4011E-09 1.3905E-09 1.3793E-09 1.3667E-09 1.3537E-09 1.3405E-09 1.3266E-09 1.3117E-09 1.2959E-09 1.2803E-09 1.2640E-09 1.2469E-09 1.2290E-09 1.2111E-09 1.1929E-09 1.1736E-09 1.1541E-09 1.1346E-09 1.1141E-09 1.0935E-09 1.0731E-09
1.3273E-09 1.3378E-09 1.3471E-09 1.3562E-09 1.3650E-09 1.3742E-09 1.3830E-09 1.3915E-09 1.3996E-09 1.4073E-09 1.4145E-09 1.4212E-09 1.4275E-09 1.4332E-09 1.4384E-09 1.4431E-09 1.4465E-09 1.4485E-09 1.4515E-09 1.4538E-09 1.4556E-09 1.4566E-09 1.4570E-09 1.4567E-09 1.4557E-09 1.4533E-09 1.4505E-09 1.4474E-09 1.4435E-09 1.4389E-09 1.4335E-09 1.4270E-09 1.4198E-09 1.4118E-09 1.4034E-09 1.3942E-09 1.3844E-09 1.3735E-09 1.3616E-09 1.3497E-09 1.3372E-09 1.3240E-09 1.3095E-09 1.2948E-09 1.2798E-09 1.2641E-09 1.2474E-09 1.2304E-09 1.2131E-09 1.1952E-09 1.1768E-09 1.1578E-09 1.1389E-09 1.1189E-09 1.0988E-09 1.0788E-09 1.0577E-09
1.3106E-09 1.3209E-09 1.3310E-09 1.3408E-09 1.3503E-09 1.3594E-09 1.3681E-09 1.3765E-09 1.3844E-09 1.3920E-09 1.3990E-09 1.4057E-09 1.4110E-09 1.4159E-09 1.4203E-09 1.4249E-09 1.4290E-09 1.4325E-09 1.4354E-09 1.4376E-09 1.4392E-09 1.4401E-09 1.4401E-09 1.4390E-09 1.4379E-09 1.4362E-09 1.4337E-09 1.4304E-09 1.4265E-09 1.4214E-09 1.4153E-09 1.4091E-09 1.4022E-09 1.3945E-09 1.3860E-09 1.3766E-09 1.3661E-09 1.3556E-09 1.3444E-09 1.3326E-09 1.3198E-09 1.3060E-09 1.2923E-09 1.2780E-09 1.2627E-09 1.2469E-09 1.2306E-09 1.2140E-09 1.1966E-09 1.1785E-09 1.1604E-09 1.1420E-09 1.1225E-09 1.1030E-09 1.0834E-09 1.0628E-09 1.0423E-09
