Assets/Resources/2015_m01_d23_0800(utc+0800)_l00_csi_1hr_conc.grd
DSAA
         159         159
     -79.000      79.000
     -79.000      79.000
  0.0000E+00  0.3611E-04
[rows 100 to 124 of 159, columns 57 to 113 of 159]
0.0000E+00 0.0000E+00 0.0000E+00 0.0000E+00 0.0000E+00 0.0000E+00 0.0000E+00 0.0000E+00 0.0000E+00 0.0000E+00 0.0000E+00 0.0000E+00 0.0000E+00 0.0000E+00 0.0000E+00 0.0000E+00 9.6606E-13 8.9066E-12 1.4808E-11 2.3330E-11 3.0293E-11 4.2736E-11 6.8028E-11 8.0966E-11 1.0257E-10 1.2451E-10 1.4727E-10 1.7325E-10 2.0448E-10 2.4404E-10 2.9127E-10 3.3928E-10 4.0084E-10 4.5302E-10 5.1113E-10 5.6728E-10 6.2644E-10 6.8379E-10 7.7536E-10 1.0069E-09 1.4151E-09 1.9491E-09 2.6248E-09 3.4713E-09 4.4729E-09 5.8221E-09 7.4035E-09 9.0197E-09 1.1176E-08 1.4062E-08 1.7125E-08 2.0394E-08 2.6439E-08 3.1648E-08 3.7032E-08 4.2290E-08 4.7308E-08
0.0000E+00 0.0000E+00 0.0000E+00 0.0000E+00 0.0000E+00 0.0000E+00 0.0000E+00 0.0000E+00 0.0000E+00 0.0000E+00 0.0000E+00 0.0000E+00 0.0000E+00 0.0000E+00 0.0000E+00 0.0000E+00 0.0000E+00 1.9145E-12 9.0496E-12 1.3115E-11 2.1661E-11 3.2309E-11 4.4633E-11 6.4574E-11 8.3301E-11 1.0859E-10 1.2972E-10 1.5198E-10 1.7791E-10 2.1359E-10 2.5277E-10 3.0073E-10 3.5290E-10 4.1100E-10 4.6121E-10 5.1885E-10 5.7427E-10 6.2965E-10 6.9363E-10 8.5281E-10 1.1808E-09 1.6393E-09 2.1602E-09 2.8448E-09 3.6434E-09 4.6857E-09 6.0302E-09 7.3491E-09 9.1678E-09 1.1283E-08 1.3657E-08 1.6356E-08 1.9177E-08 2.4068E-08 2.8350E-08 3.2799E-08 3.7206E-08
0.0000E+00 0.0000E+00 0.0000E+00 0.0000E+00 0.0000E+00 0.0000E+00 0.0000E+00 0.0000E+00 0.0000E+00 0.0000E+00 0.0000E+00 0.0000E+00 0.0000E+00 0.0000E+00 0.0000E+00 0.0000E+00 0.0000E+00 0.0000E+00 2.8382E-12 9.1461E-12 1.4191E-11 2.1384E-11 3.3844E-11 4.6742E-11 6.6521E-11 8.8935E-11 1.1192E-10 1.3323E-10 1.5506E-10 1.8314E-10 2.2362E-10 2.6548E-10 3.0925E-10 3.6481E-10 4.1796E-10 4.7010E-10 5.2398E-10 5.7869E-10 6.3126E-10 7.2857E-10 9.7564E-10 1.3687E-09 1.8314E-09 2.3326E-09 2.9852E-09 3.7509E-09 4.8511E-09 6.0065E-09 7.3234E-09 8.9617E-09 1.1051E-08 1.3039E-08 1.5407E-08 1.7924E-08 2.2357E-08 2.5993E-08 2.9694E-08
0.0000E+00 0.0000E+00 0.0000E+00 0.0000E+00 0.0000E+00 0.0000E+00 0.0000E+00 0.0000E+00 0.0000E+00 0.0000E+00 0.0000E+00 0.0000E+00 0.0000E+00 0.0000E+00 0.0000E+00 0.0000E+00 0.0000E+00 0.0000E+00 0.0000E+00 2.8604E-12 9.1942E-12 1.5174E-11 2.3001E-11 3.7275E-11 5.0525E-11 6.7165E-11 9.2979E-11 1.1399E-10 1.3718E-10 1.5973E-10 1.9067E-10 2.3101E-10 2.7485E-10 3.1855E-10 3.7542E-10 4.2366E-10 4.7621E-10 5.2830E-10 5.8036E-10 6.4042E-10 8.0515E-10 1.1232E-09 1.5454E-09 1.9821E-09 2.4651E-09 3.0795E-09 3.8016E-09 4.9463E-09 5.9442E-09 7.2697E-09 8.8221E-09 1.0601E-08 1.2350E-08 1.4447E-08 1.6709E-08 2.0260E-08 2.3514E-08
0.0000E+00 0.0000E+00 0.0000E+00 0.0000E+00 0.0000E+00 0.0000E+00 0.0000E+00 0.0000E+00 0.0000E+00 0.0000E+00 0.0000E+00 0.0000E+00 0.0000E+00 0.0000E+00 0.0000E+00 0.0000E+00 0.0000E+00 0.0000E+00 0.0000E+00 0.0000E+00 2.8673E-12 9.1934E-12 1.6056E-11 2.5049E-11 3.8625E-11 5.1795E-11 7.0547E-11 9.9798E-11 1.1794E-10 1.4139E-10 1.6552E-10 1.9906E-10 2.3871E-10 2.8198E-10 3.2913E-10 3.8418E-10 4.3000E-10 4.8131E-10 5.3130E-10 5.8088E-10 6.7493E-10 9.0783E-10 1.2704E-09 1.6888E-09 2.0927E-09 2.5765E-09 3.1312E-09 4.0027E-09 4.9088E-09 5.8474E-09 7.1375E-09 8.7960E-09 1.0154E-08 1.1688E-08 1.3528E-08 1.5590E-08 1.8543E-08
0.0000E+00 0.0000E+00 0.0000E+00 0.0000E+00 0.0000E+00 0.0000E+00 0.0000E+00 0.0000E+00 0.0000E+00 0.0000E+00 0.0000E+00 0.0000E+00 0.0000E+00 0.0000E+00 0.0000E+00 0.0000E+00 0.0000E+00 0.0000E+00 0.0000E+00 0.0000E+00 0.0000E+00 2.8588E-12 9.1437E-12 1.7501E-11 2.6723E-11 4.0173E-11 5.6277E-11 7.6414E-11 1.0300E-10 1.2043E-10 1.4464E-10 1.7161E-10 2.0728E-10 2.4527E-10 2.8770E-10 3.3883E-10 3.8925E-10 4.3770E-10 4.8405E-10 5.3329E-10 5.8823E-10 7.3451E-10 1.0257E-09 1.4089E-09 1.7959E-09 2.1950E-09 2.6526E-09 3.1625E-09 4.0665E-09 4.8422E-09 5.7755E-09 6.9382E-09 8.4361E-09 9.6555E-09 1.0994E-08 1.2574E-08 1.4506E-08
0.0000E+00 0.0000E+00 0.0000E+00 0.0000E+00 0.0000E+00 0.0000E+00 0.0000E+00 0.0000E+00 0.0000E+00 0.0000E+00 0.0000E+00 0.0000E+00 0.0000E+00 0.0000E+00 0.0000E+00 0.0000E+00 0.0000E+00 0.0000E+00 0.0000E+00 0.0000E+00 0.0000E+00 0.0000E+00 2.8351E-12 9.0457E-12 1.7045E-11 2.7002E-11 4.1913E-11 5.8367E-11 8.1548E-11 1.0646E-10 1.2453E-10 1.4933E-10 1.7731E-10 2.1318E-10 2.5326E-10 2.9280E-10 3.4631E-10 3.9228E-10 4.4157E-10 4.8618E-10 5.3276E-10 6.0772E-10 8.0929E-10 1.1422E-09 1.5045E-09 1.8785E-09 2.2833E-09 2.6956E-09 3.1898E-09 4.0346E-09 4.7504E-09 5.8348E-09 7.0017E-09 8.1614E-09 9.2806E-09 1.0488E-08 1.1856E-08
0.0000E+00 0.0000E+00 0.0000E+00 0.0000E+00 0.0000E+00 0.0000E+00 0.0000E+00 0.0000E+00 0.0000E+00 0.0000E+00 0.0000E+00 0.0000E+00 0.0000E+00 0.0000E+00 0.0000E+00 0.0000E+00 0.0000E+00 0.0000E+00 0.0000E+00 0.0000E+00 0.0000E+00 0.0000E+00 0.0000E+00 0.0000E+00 6.6322E-12 1.8048E-11 2.9612E-11 4.3719E-11 6.2350E-11 8.8849E-11 1.0900E-10 1.2849E-10 1.5243E-10 1.8356E-10 2.1813E-10 2.6037E-10 3.0027E-10 3.5225E-10 3.9552E-10 4.4352E-10 4.8720E-10 5.3545E-10 6.4448E-10 8.9864E-10 1.2323E-09 1.5761E-09 1.9298E-09 2.3237E-09 2.7194E-09 3.2822E-09 4.0309E-09 4.6439E-09 5.6172E-09 6.8936E-09 7.8458E-09 8.8760E-09 9.9693E-09
0.0000E+00 0.0000E+00 0.0000E+00 0.0000E+00 0.0000E+00 0.0000E+00 0.0000E+00 0.0000E+00 0.0000E+00 0.0000E+00 0.0000E+00 0.0000E+00 0.0000E+00 0.0000E+00 0.0000E+00 0.0000E+00 0.0000E+00 0.0000E+00 0.0000E+00 0.0000E+00 0.0000E+00 0.0000E+00 0.0000E+00 0.0000E+00 0.0000E+00 8.0303E-12 1.8559E-11 3.0647E-11 4.3595E-11 6.8770E-11 9.2331E-11 1.1178E-10 1.3166E-10 1.5686E-10 1.9001E-10 2.2203E-10 2.6687E-10 3.0910E-10 3.5661E-10 3.9977E-10 4.4340E-10 4.8737E-10 5.4133E-10 6.9710E-10 9.7387E-10 1.3057E-09 1.6210E-09 1.9813E-09 2.3466E-09 2.7202E-09 3.4319E-09 3.9653E-09 4.5684E-09 5.5216E-09 6.7274E-09 7.5951E-09 8.5315E-09
0.0000E+00 0.0000E+00 0.0000E+00 0.0000E+00 0.0000E+00 0.0000E+00 0.0000E+00 0.0000E+00 0.0000E+00 0.0000E+00 0.0000E+00 0.0000E+00 0.0000E+00 0.0000E+00 0.0000E+00 0.0000E+00 0.0000E+00 0.0000E+00 0.0000E+00 0.0000E+00 0.0000E+00 0.0000E+00 0.0000E+00 0.0000E+00 0.0000E+00 0.0000E+00 9.4081E-12 1.7632E-11 3.0432E-11 4.9987E-11 7.3640E-11 9.6072E-11 1.1589E-10 1.3587E-10 1.6102E-10 1.9596E-10 2.2868E-10 2.7000E-10 3.1715E-10 3.6081E-10 4.0312E-10 4.4255E-10 4.8528E-10 5.5775E-10 7.4682E-10 1.0403E-09 1.3477E-09 1.6472E-09 2.0096E-09 2.3474E-09 2.6966E-09 3.3844E-09 3.8786E-09 4.5187E-09 5.3139E-09 6.4859E-09 7.2911E-09
0.0000E+00 0.0000E+00 0.0000E+00 0.0000E+00 0.0000E+00 0.0000E+00 0.0000E+00 0.0000E+00 0.0000E+00 0.0000E+00 0.0000E+00 0.0000E+00 0.0000E+00 0.0000E+00 0.0000E+00 0.0000E+00 0.0000E+00 0.0000E+00 0.0000E+00 0.0000E+00 0.0000E+00 0.0000E+00 0.0000E+00 0.0000E+00 0.0000E+00 0.0000E+00 1.4052E-12 9.3155E-12 1.8350E-11 3.3018E-11 5.4636E-11 7.8369E-11 9.8801E-11 1.1984E-10 1.3871E-10 1.6545E-10 1.9986E-10 2.3485E-10 2.7193E-10 3.2172E-10 3.6264E-10 4.0470E-10 4.4080E-10 4.8516E-10 5.7848E-10 7.9407E-10 1.0819E-09 1.3672E-09 1.6523E-09 2.0130E-09 2.3326E-09 2.6547E-09 3.3191E-09 3.7714E-09 4.4596E-09 5.1167E-09 6.2213E-09
0.0000E+00 0.0000E+00 0.0000E+00 0.0000E+00 0.0000E+00 0.0000E+00 0.0000E+00 0.0000E+00 0.0000E+00 0.0000E+00 0.0000E+00 0.0000E+00 0.0000E+00 0.0000E+00 0.0000E+00 0.0000E+00 0.0000E+00 0.0000E+00 0.0000E+00 0.0000E+00 0.0000E+00 0.0000E+00 0.0000E+00 0.0000E+00 0.0000E+00 0.0000E+00 0.0000E+00 2.8188E-12 7.6868E-12 2.0341E-11 3.6514E-11 6.0530E-11 8.2119E-11 1.0142E-10 1.2046E-10 1.4212E-10 1.7042E-10 2.0132E-10 2.4055E-10 2.7592E-10 3.2379E-10 3.6438E-10 4.0338E-10 4.3840E-10 4.8640E-10 5.9923E-10 8.2742E-10 1.1052E-09 1.3674E-09 1.6384E-09 1.9851E-09 2.2923E-09 2.6052E-09 3.2346E-09 3.6437E-09 4.3534E-09 5.0172E-09
0.0000E+00 0.0000E+00 0.0000E+00 0.0000E+00 0.0000E+00 0.0000E+00 0.0000E+00 0.0000E+00 0.0000E+00 0.0000E+00 0.0000E+00 0.0000E+00 0.0000E+00 0.0000E+00 0.0000E+00 0.0000E+00 0.0000E+00 0.0000E+00 0.0000E+00 0.0000E+00 0.0000E+00 0.0000E+00 0.0000E+00 0.0000E+00 0.0000E+00 0.0000E+00 0.0000E+00 0.0000E+00 3.7765E-12 9.7128E-12 2.0948E-11 4.2170E-11 6.6004E-11 8.5829E-11 1.0297E-10 1.2316E-10 1.4564E-10 1.7447E-10 2.0454E-10 2.4333E-10 2.8000E-10 3.2329E-10 3.6443E-10 4.0145E-10 4.3526E-10 4.8742E-10 6.1696E-10 8.4987E-10 1.1079E-09 1.3527E-09 1.6099E-09 1.9397E-09 2.2363E-09 2.5198E-09 3.1386E-09 3.5153E-09 4.2003E-09
0.0000E+00 0.0000E+00 0.0000E+00 0.0000E+00 0.0000E+00 0.0000E+00 0.0000E+00 0.0000E+00 0.0000E+00 0.0000E+00 0.0000E+00 0.0000E+00 0.0000E+00 0.0000E+00 0.0000E+00 0.0000E+00 0.0000E+00 0.0000E+00 0.0000E+00 0.0000E+00 0.0000E+00 0.0000E+00 0.0000E+00 0.0000E+00 0.0000E+00 0.0000E+00 0.0000E+00 0.0000E+00 1.3361E-12 6.1617E-12 1.1404E-11 2.2779E-11 4.9097E-11 6.9732E-11 8.7530E-11 1.0462E-10 1.2555E-10 1.4781E-10 1.7668E-10 2.0863E-10 2.4351E-10 2.8321E-10 3.2385E-10 3.6393E-10 3.9885E-10 4.3158E-10 4.8843E-10 6.2937E-10 8.5591E-10 1.0931E-09 1.3291E-09 1.5628E-09 1.8749E-09 2.1452E-09 2.4337E-09 3.0099E-09 3.3455E-09
0.0000E+00 0.0000E+00 0.0000E+00 0.0000E+00 0.0000E+00 0.0000E+00 0.0000E+00 0.0000E+00 0.0000E+00 0.0000E+00 0.0000E+00 0.0000E+00 0.0000E+00 0.0000E+00 0.0000E+00 0.0000E+00 0.0000E+00 0.0000E+00 0.0000E+00 0.0000E+00 0.0000E+00 0.0000E+00 0.0000E+00 0.0000E+00 0.0000E+00 0.0000E+00 0.0000E+00 0.0000E+00 0.0000E+00 2.6709E-12 7.6499E-12 1.3057E-11 3.1798E-11 5.4789E-11 7.3060E-11 8.8740E-11 1.0786E-10 1.2747E-10 1.4833E-10 1.8120E-10 2.1249E-10 2.4413E-10 2.8398E-10 3.2382E-10 3.5877E-10 3.9455E-10 4.2728E-10 4.8832E-10 6.3252E-10 8.4732E-10 1.0689E-09 1.2855E-09 1.5005E-09 1.7878E-09 2.0410E-09 2.3085E-09 2.8841E-09
0.0000E+00 0.0000E+00 0.0000E+00 0.0000E+00 0.0000E+00 0.0000E+00 0.0000E+00 0.0000E+00 0.0000E+00 0.0000E+00 0.0000E+00 0.0000E+00 0.0000E+00 0.0000E+00 0.0000E+00 0.0000E+00 0.0000E+00 0.0000E+00 0.0000E+00 0.0000E+00 0.0000E+00 0.0000E+00 0.0000E+00 0.0000E+00 0.0000E+00 0.0000E+00 0.0000E+00 0.0000E+00 0.0000E+00 0.0000E+00 3.9998E-12 9.1224E-12 1.8417E-11 4.1114E-11 5.9309E-11 7.6587E-11 9.2072E-11 1.1088E-10 1.2826E-10 1.5196E-10 1.8384E-10 2.1717E-10 2.4649E-10 2.8665E-10 3.2143E-10 3.5632E-10 3.8868E-10 4.2258E-10 4.8554E-10 6.2641E-10 8.2528E-10 1.0292E-09 1.2257E-09 1.4336E-09 1.6830E-09 1.9330E-09 2.1612E-09
0.0000E+00 0.0000E+00 0.0000E+00 0.0000E+00 0.0000E+00 0.0000E+00 0.0000E+00 0.0000E+00 0.0000E+00 0.0000E+00 0.0000E+00 0.0000E+00 0.0000E+00 0.0000E+00 0.0000E+00 0.0000E+00 0.0000E+00 0.0000E+00 0.0000E+00 0.0000E+00 0.0000E+00 0.0000E+00 0.0000E+00 0.0000E+00 0.0000E+00 0.0000E+00 0.0000E+00 0.0000E+00 0.0000E+00 0.0000E+00 1.2547E-12 5.3985E-12 1.0652E-11 2.4538E-11 4.7060E-11 6.4603E-11 8.0821E-11 9.6217E-11 1.1284E-10 1.3209E-10 1.5676E-10 1.8569E-10 2.1811E-10 2.4957E-10 2.8625E-10 3.1885E-10 3.5043E-10 3.8472E-10 4.1741E-10 4.7911E-10 6.1028E-10 7.9588E-10 9.8023E-10 1.1632E-09 1.3475E-09 1.5946E-09 1.7824E-09
0.0000E+00 0.0000E+00 0.0000E+00 0.0000E+00 0.0000E+00 0.0000E+00 0.0000E+00 0.0000E+00 0.0000E+00 0.0000E+00 0.0000E+00 0.0000E+00 0.0000E+00 0.0000E+00 0.0000E+00 0.0000E+00 0.0000E+00 0.0000E+00 0.0000E+00 0.0000E+00 0.0000E+00 0.0000E+00 0.0000E+00 0.0000E+00 0.0000E+00 0.0000E+00 0.0000E+00 0.0000E+00 0.0000E+00 0.0000E+00 0.0000E+00 2.5017E-12 6.7743E-12 1.3916E-11 3.4073E-11 4.9652E-11 6.7527E-11 8.2763E-11 1.0007E-10 1.1548E-10 1.3553E-10 1.6160E-10 1.8879E-10 2.2011E-10 2.5157E-10 2.8844E-10 3.1767E-10 3.4639E-10 3.7825E-10 4.1074E-10 4.6640E-10 5.8738E-10 7.5649E-10 9.2281E-10 1.0998E-09 1.2504E-09 1.4507E-09
0.0000E+00 0.0000E+00 0.0000E+00 0.0000E+00 0.0000E+00 0.0000E+00 0.0000E+00 0.0000E+00 0.0000E+00 0.0000E+00 0.0000E+00 0.0000E+00 0.0000E+00 0.0000E+00 0.0000E+00 0.0000E+00 0.0000E+00 0.0000E+00 0.0000E+00 0.0000E+00 0.0000E+00 0.0000E+00 0.0000E+00 0.0000E+00 0.0000E+00 0.0000E+00 0.0000E+00 0.0000E+00 0.0000E+00 0.0000E+00 0.0000E+00 0.0000E+00 3.7373E-12 8.4822E-12 1.8879E-11 3.9601E-11 5.4181E-11 7.1027E-11 8.5153E-11 1.0137E-10 1.1885E-10 1.3756E-10 1.6501E-10 1.9250E-10 2.2276E-10 2.5515E-10 2.8908E-10 3.1597E-10 3.4294E-10 3.7174E-10 4.0386E-10 4.5245E-10 5.6206E-10 7.0904E-10 8.6836E-10 1.0099E-09 1.1712E-09
0.0000E+00 0.0000E+00 0.0000E+00 0.0000E+00 0.0000E+00 0.0000E+00 0.0000E+00 0.0000E+00 0.0000E+00 0.0000E+00 0.0000E+00 0.0000E+00 0.0000E+00 0.0000E+00 0.0000E+00 0.0000E+00 0.0000E+00 0.0000E+00 0.0000E+00 0.0000E+00 0.0000E+00 0.0000E+00 0.0000E+00 0.0000E+00 0.0000E+00 0.0000E+00 0.0000E+00 0.0000E+00 0.0000E+00 0.0000E+00 0.0000E+00 0.0000E+00 0.0000E+00 5.0151E-12 9.8582E-12 2.5510E-11 4.4271E-11 5.8838E-11 7.3712E-11 8.7295E-11 1.0440E-10 1.2161E-10 1.4002E-10 1.6755E-10 1.9685E-10 2.2393E-10 2.5721E-10 2.8782E-10 3.1393E-10 3.3997E-10 3.6696E-10 3.9689E-10 4.4116E-10 5.3178E-10 6.6222E-10 8.0999E-10 9.3498E-10
0.0000E+00 0.0000E+00 0.0000E+00 0.0000E+00 0.0000E+00 0.0000E+00 0.0000E+00 0.0000E+00 0.0000E+00 0.0000E+00 0.0000E+00 0.0000E+00 0.0000E+00 0.0000E+00 0.0000E+00 0.0000E+00 0.0000E+00 0.0000E+00 0.0000E+00 0.0000E+00 0.0000E+00 0.0000E+00 0.0000E+00 0.0000E+00 0.0000E+00 0.0000E+00 0.0000E+00 0.0000E+00 0.0000E+00 0.0000E+00 0.0000E+00 0.0000E+00 0.0000E+00 1.1905E-12 6.2681E-12 1.2926E-11 3.2925E-11 4.6387E-11 6.3291E-11 7.7092E-11 9.0509E-11 1.0638E-10 1.2313E-10 1.4315E-10 1.7067E-10 1.9920E-10 2.2524E-10 2.5828E-10 2.8613E-10 3.1146E-10 3.3672E-10 3.6383E-10 3.9079E-10 4.2928E-10 5.0017E-10 6.1527E-10 7.3863E-10
0.0000E+00 0.0000E+00 0.0000E+00 0.0000E+00 0.0000E+00 0.0000E+00 0.0000E+00 0.0000E+00 0.0000E+00 0.0000E+00 0.0000E+00 0.0000E+00 0.0000E+00 0.0000E+00 0.0000E+00 0.0000E+00 0.0000E+00 0.0000E+00 0.0000E+00 0.0000E+00 0.0000E+00 0.0000E+00 0.0000E+00 0.0000E+00 0.0000E+00 0.0000E+00 0.0000E+00 0.0000E+00 0.0000E+00 0.0000E+00 0.0000E+00 0.0000E+00 0.0000E+00 0.0000E+00 2.3648E-12 7.4936E-12 1.8031E-11 3.7545E-11 4.8308E-11 6.4652E-11 7.9210E-11 9.2550E-11 1.0808E-10 1.2457E-10 1.4553E-10 1.7257E-10 2.0019E-10 2.2762E-10 2.5891E-10 2.8497E-10 3.0860E-10 3.3310E-10 3.5939E-10 3.8559E-10 4.1813E-10 4.7716E-10 5.6872E-10
0.0000E+00 0.0000E+00 0.0000E+00 0.0000E+00 0.0000E+00 0.0000E+00 0.0000E+00 0.0000E+00 0.0000E+00 0.0000E+00 0.0000E+00 0.0000E+00 0.0000E+00 0.0000E+00 0.0000E+00 0.0000E+00 0.0000E+00 0.0000E+00 0.0000E+00 0.0000E+00 0.0000E+00 0.0000E+00 0.0000E+00 0.0000E+00 0.0000E+00 0.0000E+00 0.0000E+00 0.0000E+00 0.0000E+00 0.0000E+00 0.0000E+00 0.0000E+00 0.0000E+00 0.0000E+00 0.0000E+00 3.5205E-12 9.5570E-12 2.4223E-11 4.0566E-11 5.2135E-11 6.6539E-11 8.0828E-11 9.4284E-11 1.0964E-10 1.2572E-10 1.4751E-10 1.7519E-10 1.9982E-10 2.2864E-10 2.5813E-10 2.8259E-10 3.0551E-10 3.2915E-10 3.5464E-10 3.8009E-10 4.0776E-10 4.5709E-10
0.0000E+00 0.0000E+00 0.0000E+00 0.0000E+00 0.0000E+00 0.0000E+00 0.0000E+00 0.0000E+00 0.0000E+00 0.0000E+00 0.0000E+00 0.0000E+00 0.0000E+00 0.0000E+00 0.0000E+00 0.0000E+00 0.0000E+00 0.0000E+00 0.0000E+00 0.0000E+00 0.0000E+00 0.0000E+00 0.0000E+00 0.0000E+00 0.0000E+00 0.0000E+00 0.0000E+00 0.0000E+00 0.0000E+00 0.0000E+00 0.0000E+00 0.0000E+00 0.0000E+00 0.0000E+00 0.0000E+00 1.0928E-12 4.6881E-12 1.3114E-11 3.0313E-11 4.3140E-11 5.6070E-11 6.9134E-11 8.1394E-11 9.6505E-11 1.1155E-10 1.2758E-10 1.5016E-10 1.7713E-10 2.0110E-10 2.3010E-10 2.5713E-10 2.7904E-10 3.0211E-10 3.2505E-10 3.4980E-10 3.7435E-10 3.9896E-10
0.0000E+00 0.0000E+00 0.0000E+00 0.0000E+00 0.0000E+00 0.0000E+00 0.0000E+00 0.0000E+00 0.0000E+00 0.0000E+00 0.0000E+00 0.0000E+00 0.0000E+00 0.0000E+00 0.0000E+00 0.0000E+00 0.0000E+00 0.0000E+00 0.0000E+00 0.0000E+00 0.0000E+00 0.0000E+00 0.0000E+00 0.0000E+00 0.0000E+00 0.0000E+00 0.0000E+00 0.0000E+00 0.0000E+00 0.0000E+00 0.0000E+00 0.0000E+00 0.0000E+00 0.0000E+00 0.0000E+00 0.0000E+00 2.1682E-12 5.8275E-12 1.8141E-11 3.4763E-11 4.5262E-11 5.8996E-11 7.1804E-11 8.3575E-11 9.7513E-11 1.1321E-10 1.2805E-10 1.5335E-10 1.7671E-10 2.0160E-10 2.2985E-10 2.5539E-10 2.7608E-10 2.9843E-10 3.2068E-10 3.4471E-10 3.6734E-10
