Assets/Resources/2015_m01_d15_1900(utc+0800)_l00_csi_1hr_conc.grd
DSAA
         159         159
     -79.000      79.000
     -79.000      79.000
  0.0000E+00  0.1242E-04
[rows 0 to 24 of 159, columns 0 to 56 of 159]
0.0000E+00 0.0000E+00 0.0000E+00 0.0000E+00 0.0000E+00 0.0000E+00 0.0000E+00 0.0000E+00 5.6223E-12 1.3446E-11 2.7432E-11 5.1156E-11 7.8616E-11 1.1308E-10 1.5428E-10 2.0158E-10 2.5628E-10 3.1274E-10 3.6982E-10 4.3283E-10 4.9663E-10 5.6044E-10 6.1847E-10 6.8152E-10 7.4293E-10 8.0118E-10 8.5260E-10 9.0564E-10 9.5510E-10 9.9898E-10 1.0399E-09 1.0793E-09 1.1131E-09 1.1527E-09 1.2006E-09 1.2739E-09 1.3259E-09 1.3882E-09 1.4390E-09 1.5036E-09 1.5637E-09 1.6169E-09 1.6828E-09 1.7654E-09 1.8505E-09 1.9257E-09 2.0015E-09 2.0690E-09 2.1367E-09 2.2192E-09 2.3029E-09 2.3771E-09 2.4529E-09 2.5235E-09 2.5922E-09 2.6525E-09 2.7129E-09
0.0000E+00 0.0000E+00 0.0000E+00 0.0000E+00 0.0000E+00 0.0000E+00 0.0000E+00 0.0000E+00 5.0331E-12 8.5076E-12 2.5340E-11 4.7726E-11 7.4263E-11 1.0797E-10 1.4866E-10 1.9576E-10 2.4839E-10 3.0539E-10 3.6548E-10 4.2952E-10 4.9459E-10 5.5708E-10 6.1977E-10 6.8454E-10 7.4775E-10 8.0789E-10 8.6132E-10 9.1620E-10 9.6743E-10 1.0109E-09 1.0556E-09 1.0965E-09 1.1316E-09 1.1706E-09 1.2219E-09 1.2985E-09 1.3531E-09 1.4185E-09 1.4768E-09 1.5398E-09 1.6042E-09 1.6669E-09 1.7423E-09 1.8201E-09 1.9071E-09 1.9866E-09 2.0620E-09 2.1325E-09 2.2030E-09 2.2889E-09 2.3759E-09 2.4530E-09 2.5315E-09 2.6046E-09 2.6755E-09 2.7375E-09 2.7996E-09
0.0000E+00 0.0000E+00 0.0000E+00 0.0000E+00 0.0000E+00 0.0000E+00 0.0000E+00 0.0000E+00 4.4564E-12 7.7488E-12 2.3217E-11 4.0224E-11 6.7620E-11 1.0253E-10 1.4256E-10 1.8931E-10 2.4194E-10 2.9931E-10 3.6012E-10 4.2509E-10 4.9136E-10 5.5543E-10 6.1985E-10 6.8634E-10 7.5137E-10 8.1122E-10 8.6893E-10 9.2571E-10 9.7879E-10 1.0242E-09 1.0705E-09 1.1129E-09 1.1496E-09 1.1899E-09 1.2426E-09 1.3229E-09 1.3802E-09 1.4488E-09 1.5102E-09 1.5763E-09 1.6454E-09 1.7100E-09 1.7891E-09 1.8709E-09 1.9623E-09 2.0457E-09 2.1294E-09 2.2037E-09 2.2776E-09 2.3736E-09 2.4648E-09 2.5456E-09 2.6276E-09 2.7038E-09 2.7775E-09 2.8417E-09 2.9057E-09
0.0000E+00 0.0000E+00 0.0000E+00 0.0000E+00 0.0000E+00 0.0000E+00 0.0000E+00 0.0000E+00 0.0000E+00 6.9908E-12 2.1087E-11 3.2946E-11 6.0955E-11 9.4713E-11 1.3371E-10 1.8225E-10 2.3472E-10 2.9231E-10 3.5372E-10 4.1950E-10 4.8691E-10 5.4962E-10 6.1863E-10 6.8683E-10 7.5369E-10 8.1558E-10 8.7534E-10 9.3407E-10 9.8908E-10 1.0364E-09 1.0845E-09 1.1286E-09 1.1647E-09 1.2043E-09 1.2836E-09 1.3468E-09 1.4070E-09 1.4790E-09 1.5437E-09 1.6145E-09 1.6845E-09 1.7563E-09 1.8399E-09 1.9298E-09 2.0270E-09 2.1157E-09 2.1995E-09 2.2777E-09 2.3553E-09 2.4493E-09 2.5441E-09 2.6280E-09 2.7131E-09 2.7920E-09 2.8665E-09 2.9341E-09 2.9998E-09
0.0000E+00 0.0000E+00 0.0000E+00 0.0000E+00 0.0000E+00 0.0000E+00 0.0000E+00 0.0000E+00 0.0000E+00 6.2424E-12 1.4945E-11 3.0325E-11 5.6645E-11 8.6778E-11 1.2700E-10 1.7233E-10 2.2676E-10 2.8440E-10 3.4626E-10 4.1274E-10 4.7835E-10 5.4553E-10 6.1604E-10 6.8592E-10 7.5462E-10 8.1625E-10 8.8043E-10 9.4118E-10 9.9596E-10 1.0476E-09 1.0975E-09 1.1433E-09 1.1811E-09 1.2222E-09 1.3040E-09 1.3702E-09 1.4335E-09 1.5092E-09 1.5774E-09 1.6545E-09 1.7293E-09 1.8062E-09 1.8920E-09 1.9838E-09 2.0860E-09 2.1793E-09 2.2671E-09 2.3491E-09 2.4300E-09 2.5320E-09 2.6265E-09 2.7138E-09 2.8020E-09 2.8837E-09 2.9607E-09 3.0302E-09 3.0977E-09
0.0000E+00 0.0000E+00 0.0000E+00 0.0000E+00 0.0000E+00 0.0000E+00 0.0000E+00 0.0000E+00 0.0000E+00 5.5124E-12 9.2241E-12 2.7681E-11 5.2250E-11 8.1111E-11 1.1775E-10 1.6441E-10 2.1583E-10 2.7560E-10 3.3775E-10 4.0166E-10 4.6844E-10 5.4006E-10 6.1200E-10 6.8354E-10 7.5119E-10 8.1789E-10 8.8411E-10 9.4692E-10 1.0038E-09 1.0575E-09 1.1093E-09 1.1569E-09 1.1966E-09 1.2391E-09 1.3237E-09 1.3930E-09 1.4596E-09 1.5393E-09 1.6112E-09 1.6925E-09 1.7713E-09 1.8578E-09 1.9426E-09 2.0433E-09 2.1515E-09 2.2551E-09 2.3483E-09 2.4352E-09 2.5206E-09 2.6277E-09 2.7268E-09 2.8182E-09 2.9103E-09 2.9953E-09 3.0752E-09 3.1471E-09 3.2166E-09
0.0000E+00 1.8182E-12 1.9688E-12 2.1282E-12 2.2966E-12 2.4740E-12 2.6604E-12 2.8560E-12 3.0607E-12 8.0839E-12 1.1789E-11 2.8770E-11 5.1782E-11 7.9509E-11 1.1512E-10 1.5856E-10 2.0932E-10 2.6907E-10 3.3155E-10 3.9860E-10 4.6664E-10 5.3961E-10 6.1321E-10 6.8665E-10 7.5651E-10 8.2514E-10 8.9327E-10 9.5803E-10 1.0147E-09 1.0726E-09 1.1262E-09 1.1732E-09 1.2168E-09 1.2586E-09 1.3479E-09 1.4202E-09 1.4900E-09 1.5736E-09 1.6519E-09 1.7356E-09 1.8204E-09 1.9121E-09 2.0015E-09 2.1046E-09 2.2212E-09 2.3237E-09 2.4216E-09 2.5126E-09 2.6018E-09 2.7134E-09 2.8166E-09 2.9116E-09 3.0071E-09 3.0952E-09 3.1777E-09 3.2517E-09 3.3230E-09
1.8498E-12 2.0065E-12 2.1727E-12 2.3486E-12 2.5344E-12 2.7302E-12 2.9360E-12 3.1519E-12 3.3778E-12 3.6136E-12 1.1236E-11 2.6552E-11 4.3872E-11 7.1921E-11 1.0825E-10 1.5049E-10 2.0035E-10 2.5705E-10 3.1939E-10 3.8601E-10 4.5800E-10 5.3194E-10 6.0683E-10 6.7882E-10 7.5074E-10 8.2439E-10 8.9459E-10 9.5901E-10 1.0205E-09 1.0806E-09 1.1362E-09 1.1853E-09 1.2308E-09 1.2743E-09 1.3645E-09 1.4422E-09 1.5157E-09 1.6038E-09 1.6909E-09 1.7794E-09 1.8658E-09 1.9640E-09 2.0588E-09 2.1748E-09 2.2889E-09 2.4025E-09 2.5058E-09 2.6018E-09 2.6954E-09 2.8121E-09 2.9198E-09 3.0270E-09 3.1266E-09 3.2182E-09 3.3034E-09 3.3789E-09 3.4424E-09
2.0378E-12 2.2104E-12 2.3935E-12 2.5874E-12 2.7920E-12 3.0077E-12 3.2345E-12 3.4723E-12 3.7212E-12 3.9811E-12 1.0740E-11 2.4430E-11 3.6489E-11 6.4554E-11 9.9111E-11 1.4211E-10 1.9088E-10 2.4685E-10 3.0890E-10 3.7568E-10 4.4809E-10 5.2286E-10 5.9894E-10 6.7262E-10 7.4644E-10 8.2197E-10 8.9425E-10 9.6098E-10 1.0248E-09 1.0870E-09 1.1448E-09 1.1937E-09 1.2435E-09 1.2889E-09 1.3842E-09 1.4670E-09 1.5431E-09 1.6360E-09 1.7281E-09 1.8214E-09 1.9179E-09 2.0209E-09 2.1251E-09 2.2494E-09 2.3727E-09 2.4849E-09 2.5939E-09 2.6952E-09 2.7935E-09 2.9156E-09 3.0280E-09 3.1314E-09 3.2347E-09 3.3296E-09 3.4180E-09 3.4963E-09 3.5711E-09
2.2411E-12 2.4309E-12 4.5735E-12 4.9573E-12 5.3638E-12 5.7932E-12 6.2458E-12 6.7216E-12 7.2207E-12 7.7430E-12 1.3926E-11 2.2647E-11 3.7951E-11 6.4157E-11 9.4829E-11 1.3635E-10 1.8629E-10 2.4164E-10 3.0350E-10 3.7057E-10 4.4354E-10 5.1931E-10 5.9372E-10 6.6936E-10 7.4841E-10 8.2572E-10 8.9991E-10 9.6621E-10 1.0347E-09 1.0990E-09 1.1583E-09 1.2119E-09 1.2636E-09 1.3106E-09 1.4087E-09 1.4985E-09 1.5816E-09 1.6742E-09 1.7761E-09 1.8723E-09 1.9734E-09 2.0806E-09 2.1875E-09 2.3186E-09 2.4491E-09 2.5689E-09 2.6868E-09 2.7930E-09 2.8966E-09 3.0246E-09 3.1419E-09 3.2496E-09 3.3571E-09 3.4552E-09 3.5464E-09 3.6265E-09 3.7037E-09
2.4604E-12 4.6438E-12 5.0427E-12 5.4661E-12 5.9144E-12 6.3880E-12 6.8872E-12 7.4120E-12 7.9626E-12 8.5386E-12 1.3974E-11 1.8098E-11 3.5826E-11 5.9911E-11 8.8890E-11 1.2620E-10 1.7446E-10 2.3085E-10 2.9201E-10 3.5884E-10 4.3188E-10 5.0489E-10 5.8047E-10 6.6092E-10 7.4153E-10 8.2068E-10 8.9426E-10 9.6776E-10 1.0387E-09 1.1053E-09 1.1651E-09 1.2230E-09 1.2769E-09 1.3261E-09 1.4237E-09 1.5234E-09 1.6176E-09 1.7094E-09 1.8194E-09 1.9209E-09 2.0327E-09 2.1470E-09 2.2590E-09 2.4000E-09 2.5441E-09 2.6721E-09 2.7903E-09 2.9012E-09 3.0082E-09 3.1465E-09 3.2641E-09 3.3766E-09 3.4882E-09 3.5902E-09 3.6843E-09 3.7702E-09 3.8446E-09
4.6983E-12 5.1111E-12 5.5503E-12 6.0164E-12 6.5100E-12 7.0314E-12 7.5810E-12 8.1589E-12 8.7650E-12 9.3993E-12 1.0061E-11 1.8043E-11 3.3878E-11 5.1838E-11 8.0818E-11 1.1859E-10 1.6263E-10 2.1748E-10 2.7747E-10 3.4623E-10 4.1911E-10 4.9274E-10 5.6934E-10 6.5088E-10 7.3315E-10 8.1596E-10 8.9188E-10 9.6580E-10 1.0410E-09 1.1102E-09 1.1699E-09 1.2354E-09 1.2918E-09 1.3457E-09 1.4423E-09 1.5480E-09 1.6525E-09 1.7498E-09 1.8673E-09 1.9770E-09 2.0930E-09 2.2149E-09 2.3341E-09 2.4933E-09 2.6330E-09 2.7658E-09 2.8901E-09 3.0069E-09 3.1184E-09 3.2610E-09 3.3834E-09 3.5008E-09 3.6166E-09 3.7224E-09 3.8200E-09 3.9089E-09 3.9850E-09
5.1618E-12 5.6155E-12 6.0981E-12 6.6104E-12 7.1528E-12 7.7259E-12 8.3299E-12 8.9651E-12 9.6313E-12 1.0328E-11 1.1056E-11 1.8117E-11 2.7903E-11 4.5763E-11 7.4910E-11 1.1057E-10 1.5527E-10 2.0614E-10 2.6487E-10 3.3307E-10 4.0494E-10 4.7909E-10 5.6132E-10 6.4474E-10 7.2849E-10 8.1349E-10 8.8925E-10 9.6859E-10 1.0495E-09 1.1239E-09 1.1871E-09 1.2517E-09 1.3123E-09 1.3689E-09 1.4700E-09 1.5816E-09 1.6903E-09 1.7959E-09 1.9214E-09 2.0361E-09 2.1593E-09 2.2894E-09 2.4164E-09 2.5852E-09 2.7437E-09 2.8949E-09 3.0269E-09 3.1521E-09 3.2706E-09 3.4214E-09 3.5497E-09 3.6725E-09 3.7934E-09 3.9033E-09 4.0038E-09 4.0954E-09 4.1741E-09
5.6609E-12 6.1586E-12 6.6881E-12 7.2501E-12 7.8452E-12 8.4739E-12 9.1366E-12 9.8334E-12 1.0564E-11 1.1329E-11 1.2127E-11 1.8452E-11 2.6114E-11 4.5923E-11 7.2438E-11 1.0361E-10 1.4621E-10 1.9788E-10 2.5542E-10 3.2018E-10 3.9219E-10 4.7087E-10 5.5241E-10 6.3833E-10 7.2371E-10 8.0572E-10 8.9283E-10 9.7683E-10 1.0559E-09 1.1304E-09 1.2039E-09 1.2722E-09 1.3347E-09 1.3889E-09 1.4968E-09 1.6164E-09 1.7316E-09 1.8411E-09 1.9759E-09 2.1041E-09 2.2379E-09 2.3784E-09 2.5148E-09 2.6990E-09 2.8611E-09 3.0118E-09 3.1497E-09 3.2809E-09 3.4044E-09 3.5618E-09 3.6954E-09 3.8225E-09 3.9479E-09 4.0621E-09 4.1663E-09 4.2607E-09 4.3402E-09
6.1973E-12 6.7424E-12 7.3222E-12 7.9376E-12 8.5893E-12 9.2778E-12 1.0004E-11 1.0767E-11 1.1567E-11 1.2405E-11 1.3969E-11 2.2044E-11 2.6644E-11 4.4335E-11 6.8477E-11 9.7677E-11 1.3546E-10 1.8489E-10 2.4369E-10 3.0890E-10 3.7908E-10 4.5869E-10 5.4052E-10 6.2575E-10 7.1595E-10 8.0026E-10 8.8952E-10 9.7629E-10 1.0613E-09 1.1345E-09 1.2142E-09 1.2846E-09 1.3502E-09 1.4059E-09 1.5107E-09 1.6435E-09 1.7684E-09 1.8852E-09 2.0275E-09 2.1651E-09 2.3022E-09 2.4511E-09 2.5959E-09 2.7913E-09 2.9624E-09 3.1232E-09 3.2688E-09 3.4068E-09 3.5359E-09 3.6999E-09 3.8383E-09 3.9703E-09 4.1003E-09 4.2172E-09 4.3248E-09 4.4213E-09 4.5031E-09
6.7725E-12 7.3683E-12 8.0020E-12 8.6748E-12 9.3872E-12 1.0140E-11 1.0933E-11 1.1767E-11 1.2642E-11 1.4789E-11 1.7904E-11 1.9236E-11 2.7373E-11 4.3065E-11 6.1732E-11 9.1687E-11 1.2973E-10 1.7653E-10 2.3306E-10 2.9999E-10 3.6962E-10 4.4743E-10 5.3640E-10 6.1909E-10 7.0627E-10 7.9842E-10 8.9134E-10 9.7885E-10 1.0667E-09 1.1463E-09 1.2248E-09 1.3006E-09 1.3679E-09 1.4316E-09 1.5344E-09 1.6781E-09 1.8086E-09 1.9328E-09 2.0839E-09 2.2301E-09 2.3761E-09 2.5344E-09 2.6886E-09 2.9010E-09 3.0804E-09 3.2502E-09 3.4046E-09 3.5496E-09 3.6852E-09 3.8561E-09 4.0025E-09 4.1395E-09 4.2732E-09 4.3942E-09 4.5037E-09 4.6025E-09 4.6855E-09
7.3879E-12 8.0379E-12 8.7295E-12 9.4636E-12 1.0241E-11 1.1062E-11 1.1928E-11 1.2838E-11 1.5536E-11 1.8222E-11 1.9614E-11 2.1075E-11 2.8318E-11 3.9681E-11 5.6640E-11 8.6342E-11 1.2252E-10 1.6830E-10 2.2133E-10 2.8456E-10 3.6275E-10 4.3987E-10 5.2117E-10 6.0640E-10 6.9986E-10 7.9539E-10 8.8905E-10 9.7919E-10 1.0636E-09 1.1493E-09 1.2345E-09 1.3116E-09 1.3785E-09 1.4466E-09 1.5519E-09 1.7061E-09 1.8440E-09 1.9773E-09 2.1366E-09 2.2963E-09 2.4476E-09 2.6160E-09 2.7801E-09 3.0110E-09 3.1992E-09 3.3796E-09 3.5423E-09 3.6984E-09 3.8411E-09 4.0130E-09 4.1686E-09 4.3111E-09 4.4495E-09 4.5745E-09 4.6877E-09 4.7887E-09 4.8734E-09
8.0449E-12 8.7529E-12 9.5061E-12 1.0306E-11 1.1152E-11 1.2047E-11 1.2990E-11 1.5976E-11 1.8475E-11 1.9923E-11 2.1448E-11 2.3049E-11 3.1214E-11 3.6491E-11 5.7650E-11 8.3536E-11 1.1631E-10 1.5880E-10 2.1515E-10 2.7720E-10 3.4865E-10 4.2661E-10 5.0700E-10 6.0033E-10 6.9360E-10 7.8701E-10 8.8279E-10 9.7243E-10 1.0645E-09 1.1533E-09 1.2381E-09 1.3156E-09 1.3889E-09 1.4624E-09 1.5736E-09 1.7315E-09 1.8771E-09 2.0188E-09 2.1878E-09 2.3574E-09 2.5212E-09 2.7003E-09 2.8843E-09 3.1206E-09 3.3160E-09 3.5092E-09 3.6814E-09 3.8464E-09 4.0062E-09 4.1853E-09 4.3550E-09 4.5040E-09 4.6476E-09 4.7773E-09 4.8939E-09 4.9966E-09 5.0808E-09
8.7446E-12 9.5144E-12 1.0333E-11 1.1203E-11 1.2123E-11 1.3096E-11 1.6110E-11 1.8661E-11 2.0162E-11 2.1745E-11 2.3411E-11 2.6906E-11 2.9626E-11 4.0137E-11 5.8080E-11 7.8676E-11 1.0990E-10 1.5652E-10 2.0676E-10 2.7049E-10 3.3650E-10 4.1552E-10 5.0144E-10 5.8958E-10 6.8379E-10 7.7849E-10 8.7751E-10 9.6683E-10 1.0613E-09 1.1529E-09 1.2408E-09 1.3222E-09 1.4009E-09 1.4758E-09 1.6016E-09 1.7569E-09 1.9108E-09 2.0658E-09 2.2461E-09 2.4250E-09 2.5992E-09 2.7898E-09 2.9957E-09 3.2378E-09 3.4553E-09 3.6613E-09 3.8532E-09 4.0287E-09 4.1896E-09 4.3822E-09 4.5517E-09 4.7064E-09 4.8535E-09 4.9887E-09 5.1091E-09 5.2135E-09 5.2993E-09
9.4882E-12 1.0324E-11 1.1213E-11 1.2156E-11 1.3155E-11 1.6030E-11 1.8779E-11 2.0326E-11 2.1963E-11 2.3690E-11 2.7267E-11 3.1119E-11 3.3827E-11 4.4203E-11 5.5541E-11 7.7608E-11 1.1103E-10 1.5494E-10 2.0072E-10 2.6052E-10 3.3411E-10 4.0710E-10 4.9125E-10 5.7923E-10 6.7537E-10 7.6779E-10 8.6522E-10 9.6038E-10 1.0573E-09 1.1517E-09 1.2418E-09 1.3268E-09 1.4103E-09 1.4887E-09 1.6214E-09 1.7889E-09 1.9533E-09 2.1141E-09 2.3055E-09 2.4963E-09 2.6824E-09 2.8900E-09 3.1197E-09 3.3857E-09 3.6152E-09 3.8326E-09 4.0268E-09 4.2170E-09 4.3835E-09 4.5856E-09 4.7613E-09 4.9253E-09 5.0780E-09 5.2235E-09 5.3478E-09 5.4557E-09 5.5414E-09
1.0277E-11 1.1182E-11 1.2145E-11 1.3167E-11 1.5683E-11 1.8827E-11 2.0416E-11 2.2100E-11 2.3882E-11 2.7528E-11 3.1785E-11 3.4310E-11 3.9040E-11 4.6947E-11 5.9090E-11 8.2043E-11 1.1402E-10 1.4706E-10 2.0171E-10 2.5667E-10 3.2418E-10 3.9847E-10 4.8248E-10 5.7081E-10 6.6031E-10 7.5365E-10 8.5265E-10 9.5333E-10 1.0525E-09 1.1520E-09 1.2438E-09 1.3323E-09 1.4193E-09 1.5041E-09 1.6557E-09 1.8174E-09 1.9902E-09 2.1612E-09 2.3667E-09 2.5738E-09 2.7863E-09 3.0066E-09 3.2546E-09 3.5258E-09 3.7685E-09 4.0027E-09 4.2097E-09 4.4207E-09 4.5970E-09 4.8150E-09 4.9990E-09 5.1730E-09 5.3333E-09 5.4799E-09 5.6072E-09 5.7142E-09 5.8028E-09
1.1111E-11 1.2090E-11 1.3131E-11 1.5278E-11 1.8803E-11 2.0428E-11 2.2155E-11 2.3985E-11 2.7685E-11 3.2048E-11 3.5029E-11 3.9546E-11 4.4584E-11 5.3163E-11 6.7330E-11 8.8282E-11 1.1550E-10 1.5428E-10 1.9850E-10 2.5313E-10 3.1381E-10 3.8989E-10 4.6889E-10 5.5622E-10 6.4573E-10 7.4371E-10 8.4367E-10 9.4586E-10 1.0496E-09 1.1469E-09 1.2423E-09 1.3400E-09 1.4344E-09 1.5221E-09 1.6751E-09 1.8405E-09 2.0284E-09 2.2179E-09 2.4536E-09 2.6704E-09 2.8953E-09 3.1349E-09 3.3908E-09 3.6829E-09 3.9516E-09 4.2096E-09 4.4347E-09 4.6506E-09 4.8345E-09 5.0577E-09 5.2511E-09 5.4308E-09 5.5993E-09 5.7534E-09 5.8851E-09 5.9968E-09 6.0835E-09
1.1991E-11 1.3048E-11 1.4847E-11 1.8710E-11 2.0364E-11 2.2126E-11 2.3998E-11 2.7736E-11 3.2185E-11 3.5724E-11 3.9896E-11 4.6753E-11 5.4296E-11 6.2934E-11 7.3830E-11 9.4805E-11 1.1713E-10 1.5496E-10 1.9591E-10 2.4891E-10 3.1146E-10 3.7964E-10 4.5613E-10 5.4271E-10 6.3571E-10 7.3391E-10 8.3489E-10 9.4058E-10 1.0445E-09 1.1443E-09 1.2464E-09 1.3500E-09 1.4453E-09 1.5332E-09 1.6992E-09 1.8620E-09 2.0856E-09 2.2899E-09 2.5321E-09 2.7606E-09 3.0051E-09 3.2780E-09 3.5515E-09 3.8635E-09 4.1471E-09 4.4166E-09 4.6570E-09 4.8853E-09 5.0891E-09 5.3215E-09 5.5209E-09 5.7113E-09 5.8843E-09 6.0447E-09 6.1801E-09 6.2929E-09 6.3814E-09
1.2918E-11 1.4332E-11 1.8301E-11 2.0224E-11 2.2014E-11 2.3920E-11 2.7709E-11 3.2196E-11 3.6104E-11 4.0086E-11 4.7682E-11 5.4840E-11 6.3765E-11 6.9407E-11 8.4810E-11 9.8825E-11 1.2459E-10 1.5568E-10 1.9760E-10 2.4619E-10 3.0493E-10 3.7369E-10 4.4877E-10 5.3408E-10 6.2640E-10 7.2480E-10 8.2834E-10 9.3398E-10 1.0393E-09 1.1433E-09 1.2531E-09 1.3561E-09 1.4536E-09 1.5477E-09 1.7322E-09 1.8999E-09 2.1467E-09 2.3552E-09 2.6120E-09 2.8698E-09 3.1403E-09 3.4262E-09 3.7135E-09 4.0494E-09 4.3559E-09 4.6446E-09 4.9036E-09 5.1483E-09 5.3558E-09 5.5913E-09 5.8100E-09 6.0086E-09 6.1871E-09 6.3521E-09 6.4914E-09 6.6067E-09 6.6964E-09
1.3892E-11 1.6805E-11 2.0010E-11 2.1820E-11 2.3754E-11 2.7377E-11 3.2078E-11 3.6166E-11 4.0113E-11 4.7855E-11 5.5726E-11 6.4319E-11 7.0998E-11 8.2595E-11 9.3713E-11 1.0863E-10 1.3128E-10 1.6393E-10 1.9840E-10 2.4439E-10 3.0057E-10 3.6692E-10 4.4285E-10 5.2670E-10 6.1826E-10 7.1831E-10 8.1966E-10 9.2637E-10 1.0332E-09 1.1469E-09 1.2562E-09 1.3655E-09 1.4663E-09 1.5783E-09 1.7800E-09 1.9453E-09 2.1990E-09 2.4366E-09 2.7208E-09 2.9901E-09 3.2768E-09 3.5787E-09 3.8967E-09 4.2553E-09 4.5809E-09 4.8895E-09 5.1677E-09 5.4260E-09 5.6478E-09 5.8957E-09 6.1220E-09 6.3338E-09 6.5253E-09 6.6980E-09 6.8425E-09 6.9605E-09 7.0509E-09
