Assets/Resources/2015_m01_d13_2100(utc+0800)_l00_csi_1hr_conc.grd
DSAA
         159         159
     -79.000      79.000
     -79.000      79.000
  0.0000E+00  0.9321E-05
[rows 0 to 24 of 159, columns 0 to 56 of 159]
1.0323E-10 9.6278E-11 8.5022E-11 8.0870E-11 7.2821E-11 5.1474E-11 5.0682E-11 4.9756E-11 4.8703E-11 4.7383E-11 4.5720E-11 4.3653E-11 4.1073E-11 3.8321E-11 3.5602E-11 3.3069E-11 3.0916E-11 2.8947E-11 2.1340E-11 2.0577E-11 1.9783E-11 1.8964E-11 1.8125E-11 1.5205E-11 1.4442E-11 1.3678E-11 1.2916E-11 1.1658E-11 9.6571E-12 7.1059E-12 4.6949E-12 3.1492E-12 1.8491E-12 5.0135E-13 0.0000E+00 0.0000E+00 0.0000E+00 0.0000E+00 0.0000E+00 0.0000E+00 0.0000E+00 0.0000E+00 0.0000E+00 0.0000E+00 0.0000E+00 0.0000E+00 0.0000E+00 0.0000E+00 0.0000E+00 0.0000E+00 0.0000E+00 0.0000E+00 0.0000E+00 0.0000E+00 0.0000E+00 0.0000E+00 0.0000E+00
1.2501E-10 1.1911E-10 1.0873E-10 1.0306E-10 8.9089E-11 8.2725E-11 5.7727E-11 5.6747E-11 5.5618E-11 5.4157E-11 5.2282E-11 4.9955E-11 4.7120E-11 4.4046E-11 4.1048E-11 3.8267E-11 3.5838E-11 3.3839E-11 3.0378E-11 2.6507E-11 2.5499E-11 2.4457E-11 2.3387E-11 2.2296E-11 1.9054E-11 1.8050E-11 1.7049E-11 1.6056E-11 1.4281E-11 1.2420E-11 1.0575E-11 7.6370E-12 4.8987E-12 3.1082E-12 1.5068E-12 2.7469E-13 0.0000E+00 0.0000E+00 0.0000E+00 0.0000E+00 0.0000E+00 0.0000E+00 0.0000E+00 0.0000E+00 0.0000E+00 0.0000E+00 0.0000E+00 0.0000E+00 0.0000E+00 0.0000E+00 0.0000E+00 0.0000E+00 0.0000E+00 0.0000E+00 0.0000E+00 0.0000E+00 0.0000E+00
1.5003E-10 1.4316E-10 1.3604E-10 1.2678E-10 1.1334E-10 9.8000E-11 9.1013E-11 6.6475E-11 6.3371E-11 6.1760E-11 5.9654E-11 5.7046E-11 5.3938E-11 5.0514E-11 4.7216E-11 4.4171E-11 4.1473E-11 3.9223E-11 3.7159E-11 3.1703E-11 2.9581E-11 2.8372E-11 2.7131E-11 2.5867E-11 2.4588E-11 2.3302E-11 2.2017E-11 2.0741E-11 1.9379E-11 1.7139E-11 1.4929E-11 1.2924E-11 1.0702E-11 7.6211E-12 4.6604E-12 2.6974E-12 8.9498E-13 0.0000E+00 0.0000E+00 0.0000E+00 0.0000E+00 0.0000E+00 0.0000E+00 0.0000E+00 0.0000E+00 0.0000E+00 0.0000E+00 0.0000E+00 0.0000E+00 0.0000E+00 0.0000E+00 0.0000E+00 0.0000E+00 0.0000E+00 0.0000E+00 0.0000E+00 0.0000E+00
1.7854E-10 1.7101E-10 1.6625E-10 1.5784E-10 1.4493E-10 1.2760E-10 1.1086E-10 1.0329E-10 7.7492E-11 7.4562E-11 7.3174E-11 7.0352E-11 6.7022E-11 6.3284E-11 5.9708E-11 5.6401E-11 5.3440E-11 5.0876E-11 4.8519E-11 4.6039E-11 3.8966E-11 3.7007E-11 3.5097E-11 3.3572E-11 3.2020E-11 3.0450E-11 2.8874E-11 2.7300E-11 2.5737E-11 2.4193E-11 2.2676E-11 2.0577E-11 1.7930E-11 1.5314E-11 1.2598E-11 9.0370E-12 5.8621E-12 3.4880E-12 1.6634E-12 0.0000E+00 0.0000E+00 0.0000E+00 0.0000E+00 0.0000E+00 0.0000E+00 0.0000E+00 0.0000E+00 0.0000E+00 0.0000E+00 0.0000E+00 0.0000E+00 0.0000E+00 0.0000E+00 0.0000E+00 0.0000E+00 0.0000E+00 0.0000E+00
2.1182E-10 2.0365E-10 1.9816E-10 1.8884E-10 1.8089E-10 1.6408E-10 1.4766E-10 1.3228E-10 1.2047E-10 9.5233E-11 8.8765E-11 8.5759E-11 8.3432E-11 7.9916E-11 7.6091E-11 7.2545E-11 6.9326E-11 6.6431E-11 6.3751E-11 6.0728E-11 5.6039E-11 5.0302E-11 4.7977E-11 4.6050E-11 4.3630E-11 4.0823E-11 3.7613E-11 3.5014E-11 3.3097E-11 3.1206E-11 2.9386E-11 2.7407E-11 2.5486E-11 2.3053E-11 1.9958E-11 1.6758E-11 1.3360E-11 9.3324E-12 6.0818E-12 2.1764E-12 0.0000E+00 0.0000E+00 0.0000E+00 0.0000E+00 0.0000E+00 0.0000E+00 0.0000E+00 0.0000E+00 0.0000E+00 0.0000E+00 0.0000E+00 0.0000E+00 0.0000E+00 0.0000E+00 0.0000E+00 0.0000E+00 0.0000E+00
2.5075E-10 2.4258E-10 2.3326E-10 2.2365E-10 2.1805E-10 2.0718E-10 1.9786E-10 1.7769E-10 1.5568E-10 1.3800E-10 1.1286E-10 1.0544E-10 1.0170E-10 9.7503E-11 9.3388E-11 9.0419E-11 8.7372E-11 8.4275E-11 8.1136E-11 7.7777E-11 7.4270E-11 6.7154E-11 6.3254E-11 6.0870E-11 5.8232E-11 5.5015E-11 5.1336E-11 4.7900E-11 4.4812E-11 4.1231E-11 3.7327E-11 3.4659E-11 3.2208E-11 2.9645E-11 2.7176E-11 2.4337E-11 2.0682E-11 1.6947E-11 1.2764E-11 8.4996E-12 1.6461E-12 1.5199E-13 0.0000E+00 0.0000E+00 0.0000E+00 0.0000E+00 0.0000E+00 0.0000E+00 0.0000E+00 0.0000E+00 0.0000E+00 0.0000E+00 0.0000E+00 0.0000E+00 0.0000E+00 0.0000E+00 0.0000E+00
2.9543E-10 2.8755E-10 2.7898E-10 2.6896E-10 2.5781E-10 2.4637E-10 2.3603E-10 2.2385E-10 2.0345E-10 1.8212E-10 1.5960E-10 1.3100E-10 1.2457E-10 1.2026E-10 1.1592E-10 1.1196E-10 1.0826E-10 1.0476E-10 1.0137E-10 9.7946E-11 9.4202E-11 9.0148E-11 8.1911E-11 7.9016E-11 7.5991E-11 7.2208E-11 6.8274E-11 6.3806E-11 6.0048E-11 5.6065E-11 5.1365E-11 4.6900E-11 4.2054E-11 3.7271E-11 3.4009E-11 3.1017E-11 2.8164E-11 2.4740E-11 2.0450E-11 1.6109E-11 9.3739E-12 2.5015E-12 3.8456E-13 0.0000E+00 0.0000E+00 0.0000E+00 0.0000E+00 0.0000E+00 0.0000E+00 0.0000E+00 0.0000E+00 0.0000E+00 0.0000E+00 0.0000E+00 0.0000E+00 0.0000E+00 0.0000E+00
3.4516E-10 3.3637E-10 3.2732E-10 3.1779E-10 3.0773E-10 2.9609E-10 2.8341E-10 2.7043E-10 2.5881E-10 2.3429E-10 2.1244E-10 1.8780E-10 1.5792E-10 1.4903E-10 1.4458E-10 1.4259E-10 1.3880E-10 1.3508E-10 1.3132E-10 1.2731E-10 1.2310E-10 1.1872E-10 1.1221E-10 1.0536E-10 1.0166E-10 9.7259E-11 9.2587E-11 8.7380E-11 8.2439E-11 7.7558E-11 7.2401E-11 6.6256E-11 6.0609E-11 5.4342E-11 4.7892E-11 4.1983E-11 3.7428E-11 3.3756E-11 3.0280E-11 2.5696E-11 2.0593E-11 7.4320E-12 3.2763E-12 6.6131E-13 0.0000E+00 0.0000E+00 0.0000E+00 0.0000E+00 0.0000E+00 0.0000E+00 0.0000E+00 0.0000E+00 0.0000E+00 0.0000E+00 0.0000E+00 0.0000E+00 0.0000E+00
3.9972E-10 3.9244E-10 3.8387E-10 3.7330E-10 3.6259E-10 3.5118E-10 3.3943E-10 3.2603E-10 3.1150E-10 2.9631E-10 2.7703E-10 2.5074E-10 2.1895E-10 1.8482E-10 1.7797E-10 1.7380E-10 1.6986E-10 1.6589E-10 1.6174E-10 1.5726E-10 1.5249E-10 1.4748E-10 1.4227E-10 1.3274E-10 1.2749E-10 1.2288E-10 1.1806E-10 1.1317E-10 1.0785E-10 1.0248E-10 9.6553E-11 8.9505E-11 8.2131E-11 7.4683E-11 6.6681E-11 5.8812E-11 5.1148E-11 4.4149E-11 3.8784E-11 3.4555E-11 3.0036E-11 2.0640E-11 8.2522E-12 4.0005E-12 9.5322E-13 0.0000E+00 0.0000E+00 0.0000E+00 0.0000E+00 0.0000E+00 0.0000E+00 0.0000E+00 0.0000E+00 0.0000E+00 0.0000E+00 0.0000E+00 0.0000E+00
4.6017E-10 4.5263E-10 4.4572E-10 4.3673E-10 4.2606E-10 4.1343E-10 4.0082E-10 3.8732E-10 3.7181E-10 3.5534E-10 3.3800E-10 3.1690E-10 2.8487E-10 2.5203E-10 2.1614E-10 2.0937E-10 2.0537E-10 2.0118E-10 1.9667E-10 1.9172E-10 1.8639E-10 1.8072E-10 1.7476E-10 1.6751E-10 1.5752E-10 1.5210E-10 1.4657E-10 1.4044E-10 1.3422E-10 1.2762E-10 1.2070E-10 1.1350E-10 1.0628E-10 9.8504E-11 8.9222E-11 7.9567E-11 7.0129E-11 6.0709E-11 5.1980E-11 4.4185E-11 3.8536E-11 3.3759E-11 1.4084E-11 9.2254E-12 4.7384E-12 1.1381E-12 0.0000E+00 0.0000E+00 0.0000E+00 0.0000E+00 0.0000E+00 0.0000E+00 0.0000E+00 0.0000E+00 0.0000E+00 0.0000E+00 0.0000E+00
5.2704E-10 5.2280E-10 5.1505E-10 5.0545E-10 4.9647E-10 4.8393E-10 4.7001E-10 4.5486E-10 4.3834E-10 4.2049E-10 4.0148E-10 3.8147E-10 3.6099E-10 3.2647E-10 2.8427E-10 2.5229E-10 2.4566E-10 2.4126E-10 2.3637E-10 2.3091E-10 2.2496E-10 2.1855E-10 2.1177E-10 2.0466E-10 1.9386E-10 1.8542E-10 1.7874E-10 1.7171E-10 1.6418E-10 1.5619E-10 1.4783E-10 1.3920E-10 1.3004E-10 1.2093E-10 1.1151E-10 1.0177E-10 9.1955E-11 8.1018E-11 7.0017E-11 5.9446E-11 4.9630E-11 4.1772E-11 2.8960E-11 1.4486E-11 1.0032E-11 5.2286E-12 1.2601E-12 0.0000E+00 0.0000E+00 0.0000E+00 0.0000E+00 0.0000E+00 0.0000E+00 0.0000E+00 0.0000E+00 0.0000E+00 0.0000E+00
6.0138E-10 5.9693E-10 5.9147E-10 5.8324E-10 5.7276E-10 5.6046E-10 5.4643E-10 5.3082E-10 5.1345E-10 4.9435E-10 4.7372E-10 4.5187E-10 4.2918E-10 4.0684E-10 3.6988E-10 3.2307E-10 2.9387E-10 2.8678E-10 2.8155E-10 2.7561E-10 2.6903E-10 2.6187E-10 2.5421E-10 2.4612E-10 2.3730E-10 2.2388E-10 2.1590E-10 2.0753E-10 1.9875E-10 1.8922E-10 1.7937E-10 1.6875E-10 1.5785E-10 1.4682E-10 1.3543E-10 1.2426E-10 1.1281E-10 1.0182E-10 9.1266E-11 7.9347E-11 6.7209E-11 5.5717E-11 4.5228E-11 1.8072E-11 1.5099E-11 1.0480E-11 5.4625E-12 1.2795E-12 0.0000E+00 0.0000E+00 0.0000E+00 0.0000E+00 0.0000E+00 0.0000E+00 0.0000E+00 0.0000E+00 0.0000E+00
6.8211E-10 6.7973E-10 6.7469E-10 6.6730E-10 6.5770E-10 6.4593E-10 6.3207E-10 6.1620E-10 5.9820E-10 5.7797E-10 5.5579E-10 5.3204E-10 5.0714E-10 4.8234E-10 4.5818E-10 4.2266E-10 3.7317E-10 3.3803E-10 3.3243E-10 3.2597E-10 3.1872E-10 3.1074E-10 3.0212E-10 2.9294E-10 2.8341E-10 2.7036E-10 2.5794E-10 2.4805E-10 2.3744E-10 2.2665E-10 2.1457E-10 2.0206E-10 1.8934E-10 1.7602E-10 1.6261E-10 1.4926E-10 1.3579E-10 1.2260E-10 1.1001E-10 9.8106E-11 8.6580E-11 7.3737E-11 6.0709E-11 3.3401E-11 1.7869E-11 1.5436E-11 1.0819E-11 5.4477E-12 1.1527E-12 0.0000E+00 0.0000E+00 0.0000E+00 0.0000E+00 0.0000E+00 0.0000E+00 0.0000E+00 0.0000E+00
7.6968E-10 7.6880E-10 7.6552E-10 7.5974E-10 7.5143E-10 7.4058E-10 7.2724E-10 7.1144E-10 6.9309E-10 6.7196E-10 6.4841E-10 6.2286E-10 5.9583E-10 5.6849E-10 5.4159E-10 5.1577E-10 4.7921E-10 4.3821E-10 4.0251E-10 3.8293E-10 3.7501E-10 3.6620E-10 3.5658E-10 3.4645E-10 3.3525E-10 3.2367E-10 3.0634E-10 2.9433E-10 2.8194E-10 2.6882E-10 2.5474E-10 2.4058E-10 2.2528E-10 2.0972E-10 1.9415E-10 1.7822E-10 1.6245E-10 1.4698E-10 1.3193E-10 1.1766E-10 1.0425E-10 9.1747E-11 7.9150E-11 6.3713E-11 2.4084E-11 1.8417E-11 1.5528E-11 1.0856E-11 5.1976E-12 8.9158E-13 0.0000E+00 0.0000E+00 0.0000E+00 0.0000E+00 0.0000E+00 0.0000E+00 0.0000E+00
8.6436E-10 8.6612E-10 8.6522E-10 8.6153E-10 8.5496E-10 8.4546E-10 8.3305E-10 8.1767E-10 7.9927E-10 7.7753E-10 7.5281E-10 7.2560E-10 6.9651E-10 6.6656E-10 6.3678E-10 6.0770E-10 5.8094E-10 5.4664E-10 5.0330E-10 4.7415E-10 4.5071E-10 4.2849E-10 4.1778E-10 4.0620E-10 3.9379E-10 3.8042E-10 3.6380E-10 3.4628E-10 3.3199E-10 3.1642E-10 3.0011E-10 2.8319E-10 2.6571E-10 2.4785E-10 2.2934E-10 2.1083E-10 1.9248E-10 1.7445E-10 1.5692E-10 1.4001E-10 1.2408E-10 1.0920E-10 9.5450E-11 8.2848E-11 4.3310E-11 2.6089E-11 1.8833E-11 1.5456E-11 1.0605E-11 4.6588E-12 5.8733E-13 0.0000E+00 0.0000E+00 0.0000E+00 0.0000E+00 0.0000E+00 0.0000E+00
9.6669E-10 9.7033E-10 9.7217E-10 9.7091E-10 9.6641E-10 9.5859E-10 9.4739E-10 9.3267E-10 9.1435E-10 8.9222E-10 8.6642E-10 8.3757E-10 8.0635E-10 7.7364E-10 7.4072E-10 7.0800E-10 6.7712E-10 6.4894E-10 6.1266E-10 5.6675E-10 5.4421E-10 5.2007E-10 4.8875E-10 4.6805E-10 4.5386E-10 4.3880E-10 4.2243E-10 4.0040E-10 3.8272E-10 3.6488E-10 3.4627E-10 3.2652E-10 3.0622E-10 2.8582E-10 2.6459E-10 2.4337E-10 2.2230E-10 2.0159E-10 1.8136E-10 1.6216E-10 1.4377E-10 1.2659E-10 1.1067E-10 9.6064E-11 7.4484E-11 3.7609E-11 2.7512E-11 1.9293E-11 1.5226E-11 1.0086E-11 3.8127E-12 2.3846E-13 0.0000E+00 0.0000E+00 0.0000E+00 0.0000E+00 0.0000E+00
1.0912E-09 1.0960E-09 1.0996E-09 1.0963E-09 1.0891E-09 1.0856E-09 1.0763E-09 1.0628E-09 1.0452E-09 1.0232E-09 9.9672E-10 9.6658E-10 9.3492E-10 9.0053E-10 8.6427E-10 8.2715E-10 7.9087E-10 7.5743E-10 7.2715E-10 6.8771E-10 6.3697E-10 6.1054E-10 5.9243E-10 5.6425E-10 5.2239E-10 5.0495E-10 4.8659E-10 4.6442E-10 4.4080E-10 4.2064E-10 3.9895E-10 3.7642E-10 3.5333E-10 3.2936E-10 3.0515E-10 2.8114E-10 2.5697E-10 2.3324E-10 2.1008E-10 1.8761E-10 1.6639E-10 1.4652E-10 1.2809E-10 1.1117E-10 9.5776E-11 4.7525E-11 3.7391E-11 2.8743E-11 1.9451E-11 1.4738E-11 9.1523E-12 2.8468E-12 1.1368E-14 0.0000E+00 0.0000E+00 0.0000E+00 0.0000E+00
1.2242E-09 1.2359E-09 1.2437E-09 1.2443E-09 1.2426E-09 1.2340E-09 1.2239E-09 1.2089E-09 1.1936E-09 1.1722E-09 1.1458E-09 1.1196E-09 1.0861E-09 1.0485E-09 1.0091E-09 9.6867E-10 9.2844E-10 8.9013E-10 8.5469E-10 8.1973E-10 7.7086E-10 7.1507E-10 6.8718E-10 6.6270E-10 6.3836E-10 5.9075E-10 5.5975E-10 5.3702E-10 5.0833E-10 4.8427E-10 4.5961E-10 4.3388E-10 4.0634E-10 3.7833E-10 3.5065E-10 3.2297E-10 2.9573E-10 2.6855E-10 2.4187E-10 2.1652E-10 1.9212E-10 1.6924E-10 1.4799E-10 1.2844E-10 1.1065E-10 7.5947E-11 4.4425E-11 3.7787E-11 2.9323E-11 1.9288E-11 1.4045E-11 7.8275E-12 1.8451E-12 0.0000E+00 0.0000E+00 0.0000E+00 0.0000E+00
1.3594E-09 1.3760E-09 1.3897E-09 1.3982E-09 1.4020E-09 1.4010E-09 1.3950E-09 1.3835E-09 1.3614E-09 1.3378E-09 1.3122E-09 1.2872E-09 1.2516E-09 1.2126E-09 1.1716E-09 1.1275E-09 1.0825E-09 1.0391E-09 9.9795E-10 9.5901E-10 9.2300E-10 8.6386E-10 8.0606E-10 7.7311E-10 7.4376E-10 7.1167E-10 6.6994E-10 6.1702E-10 5.8696E-10 5.5575E-10 5.2794E-10 4.9881E-10 4.6768E-10 4.3590E-10 4.0401E-10 3.7239E-10 3.4005E-10 3.0822E-10 2.7825E-10 2.4907E-10 2.2152E-10 1.9522E-10 1.7076E-10 1.4822E-10 1.2768E-10 1.0895E-10 5.5861E-11 4.2859E-11 3.7605E-11 2.9250E-11 1.8768E-11 1.2926E-11 6.0969E-12 8.2324E-13 0.0000E+00 0.0000E+00 0.0000E+00
1.5059E-09 1.5286E-09 1.5465E-09 1.5599E-09 1.5682E-09 1.5712E-09 1.5684E-09 1.5595E-09 1.5447E-09 1.5242E-09 1.4985E-09 1.4651E-09 1.4323E-09 1.3912E-09 1.3460E-09 1.2982E-09 1.2495E-09 1.2009E-09 1.1547E-09 1.1096E-09 1.0653E-09 1.0208E-09 9.5962E-10 9.0161E-10 8.5978E-10 8.2444E-10 7.8656E-10 7.4558E-10 6.7206E-10 6.3213E-10 5.9940E-10 5.6625E-10 5.3176E-10 4.9589E-10 4.5911E-10 4.2249E-10 3.8581E-10 3.4969E-10 3.1506E-10 2.8244E-10 2.5089E-10 2.1963E-10 1.9213E-10 1.6678E-10 1.4366E-10 1.2280E-10 7.5127E-11 4.9236E-11 4.2365E-11 3.7040E-11 2.8537E-11 1.7853E-11 1.1371E-11 4.0220E-12 1.1733E-13 0.0000E+00 0.0000E+00
1.6635E-09 1.6919E-09 1.7159E-09 1.7350E-09 1.7487E-09 1.7565E-09 1.7579E-09 1.7524E-09 1.7407E-09 1.7221E-09 1.6968E-09 1.6651E-09 1.6283E-09 1.5872E-09 1.5413E-09 1.4894E-09 1.4343E-09 1.3792E-09 1.3267E-09 1.2743E-09 1.2253E-09 1.1737E-09 1.1201E-09 1.0552E-09 1.0002E-09 9.4913E-10 9.0545E-10 8.6346E-10 8.1849E-10 7.3760E-10 6.8807E-10 6.4426E-10 6.0448E-10 5.6373E-10 5.2217E-10 4.8042E-10 4.3906E-10 3.9842E-10 3.5834E-10 3.1929E-10 2.8389E-10 2.4795E-10 2.1580E-10 1.8733E-10 1.6134E-10 1.3788E-10 1.0766E-10 5.9319E-11 4.7565E-11 4.1576E-11 3.6210E-11 2.7095E-11 1.6456E-11 9.5229E-12 2.3110E-12 0.0000E+00 0.0000E+00
1.8315E-09 1.8671E-09 1.8981E-09 1.9239E-09 1.9438E-09 1.9573E-09 1.9649E-09 1.9648E-09 1.9558E-09 1.9388E-09 1.9152E-09 1.8853E-09 1.8482E-09 1.8044E-09 1.7553E-09 1.7012E-09 1.6431E-09 1.5826E-09 1.5220E-09 1.4625E-09 1.4059E-09 1.3465E-09 1.2892E-09 1.2276E-09 1.1657E-09 1.0957E-09 1.0482E-09 9.8205E-10 9.3396E-10 8.8465E-10 8.0746E-10 7.4675E-10 6.8878E-10 6.3994E-10 5.9426E-10 5.4755E-10 5.0124E-10 4.5478E-10 4.0906E-10 3.6420E-10 3.2237E-10 2.8521E-10 2.4519E-10 2.1000E-10 1.8084E-10 1.5450E-10 1.3093E-10 7.0781E-11 5.3234E-11 4.6520E-11 4.0506E-11 3.5036E-11 2.4884E-11 1.4390E-11 6.7203E-12 7.8753E-13 0.0000E+00
2.0104E-09 2.0541E-09 2.0930E-09 2.1265E-09 2.1543E-09 2.1759E-09 2.1888E-09 2.1935E-09 2.1905E-09 2.1791E-09 2.1570E-09 2.1258E-09 2.0890E-09 2.0459E-09 1.9961E-09 1.9386E-09 1.8746E-09 1.8079E-09 1.7413E-09 1.6750E-09 1.6091E-09 1.5432E-09 1.4749E-09 1.4079E-09 1.3465E-09 1.2726E-09 1.2107E-09 1.1367E-09 1.0803E-09 1.0063E-09 9.5043E-10 8.6682E-10 8.0434E-10 7.3800E-10 6.7558E-10 6.2309E-10 5.6993E-10 5.1777E-10 4.6639E-10 4.1724E-10 3.6999E-10 3.2427E-10 2.8445E-10 2.4089E-10 2.0450E-10 1.7276E-10 1.4639E-10 1.0044E-10 6.1417E-11 5.1885E-11 4.5166E-11 3.9175E-11 3.3491E-11 2.2145E-11 1.1706E-11 3.6688E-12 0.0000E+00
2.2002E-09 2.2528E-09 2.3006E-09 2.3443E-09 2.3803E-09 2.4088E-09 2.4299E-09 2.4438E-09 2.4464E-09 2.4381E-09 2.4204E-09 2.3944E-09 2.3582E-09 2.3129E-09 2.2614E-09 2.2023E-09 2.1356E-09 2.0629E-09 1.9880E-09 1.9121E-09 1.8387E-09 1.7634E-09 1.6860E-09 1.6108E-09 1.5375E-09 1.4672E-09 1.3939E-09 1.3126E-09 1.2448E-09 1.1603E-09 1.0783E-09 1.0142E-09 9.2285E-10 8.5391E-10 7.8546E-10 7.1247E-10 6.4979E-10 5.9165E-10 5.3461E-10 4.7950E-10 4.2518E-10 3.7355E-10 3.2651E-10 2.8406E-10 2.3722E-10 1.9673E-10 1.6462E-10 1.3315E-10 7.3671E-11 5.7678E-11 5.0197E-11 4.3528E-11 3.7609E-11 3.1204E-11 1.8937E-11 8.9512E-12 1.5902E-12
2.4006E-09 2.4635E-09 2.5224E-09 2.5745E-09 2.6198E-09 2.6599E-09 2.6903E-09 2.7102E-09 2.7205E-09 2.7220E-09 2.7112E-09 2.6858E-09 2.6508E-09 2.6073E-09 2.5552E-09 2.4934E-09 2.4212E-09 2.3431E-09 2.2623E-09 2.1795E-09 2.0957E-09 2.0093E-09 1.9202E-09 1.8334E-09 1.7494E-09 1.6685E-09 1.5929E-09 1.5149E-09 1.4356E-09 1.3383E-09 1.2436E-09 1.1644E-09 1.0745E-09 9.7440E-10 9.0021E-10 8.2805E-10 7.4873E-10 6.7339E-10 6.0977E-10 5.4770E-10 4.8803E-10 4.3108E-10 3.7725E-10 3.2802E-10 2.7940E-10 2.3124E-10 1.8994E-10 1.5465E-10 9.3902E-11 6.3905E-11 5.5605E-11 4.8205E-11 4.1639E-11 3.5838E-11 2.7705E-11 1.4479E-11 4.9106E-12
