Assets/Resources/2015_m01_d30_0500(utc+0800)_l00_csi_1hr_conc.grd
DSAA
         159         159
     -79.000      79.000
     -79.000      79.000
  0.0000E+00  0.4658E-05
[rows 50 to 74 of 159, columns 57 to 113 of 159]
0.0000E+00 0.0000E+00 0.0000E+00 0.0000E+00 0.0000E+00 0.0000E+00 0.0000E+00 0.0000E+00 0.0000E+00 0.0000E+00 0.0000E+00 0.0000E+00 0.0000E+00 0.0000E+00 0.0000E+00 0.0000E+00 0.0000E+00 0.0000E+00 0.0000E+00 0.0000E+00 0.0000E+00 0.0000E+00 7.4854E-12 3.6346E-11 9.9132E-11 2.7684E-10 5.5933E-10 9.8856E-10 1.5710E-09 2.3328E-09 3.3489E-09 4.6789E-09 6.3215E-09 8.2714E-09 1.0520E-08 1.2992E-08 1.5592E-08 1.8196E-08 2.0674E-08 2.2877E-08 2.4703E-08 2.6072E-08 2.6963E-08 2.7403E-08 2.7450E-08 2.7166E-08 2.6636E-08 2.5949E-08 2.5183E-08 2.4352E-08 2.3535E-08 2.2694E-08 2.1894E-08 2.1159E-08 2.0492E-08 1.9899E-08 1.9358E-08
0.0000E+00 0.0000E+00 0.0000E+00 0.0000E+00 0.0000E+00 0.0000E+00 0.0000E+00 0.0000E+00 0.0000E+00 0.0000E+00 0.0000E+00 0.0000E+00 0.0000E+00 0.0000E+00 0.0000E+00 0.0000E+00 0.0000E+00 0.0000E+00 0.0000E+00 0.0000E+00 0.0000E+00 0.0000E+00 7.8618E-12 3.9477E-11 1.2740E-10 3.4883E-10 6.7091E-10 1.1925E-09 1.8781E-09 2.8130E-09 4.0511E-09 5.6373E-09 7.6067E-09 9.9530E-09 1.2630E-08 1.5537E-08 1.8551E-08 2.1522E-08 2.4276E-08 2.6663E-08 2.8540E-08 2.9840E-08 3.0562E-08 3.0757E-08 3.0508E-08 2.9892E-08 2.9010E-08 2.8017E-08 2.6944E-08 2.5854E-08 2.4784E-08 2.3732E-08 2.2748E-08 2.1884E-08 2.1096E-08 2.0411E-08 1.9787E-08
0.0000E+00 0.0000E+00 0.0000E+00 0.0000E+00 0.0000E+00 0.0000E+00 0.0000E+00 0.0000E+00 0.0000E+00 0.0000E+00 0.0000E+00 0.0000E+00 0.0000E+00 0.0000E+00 0.0000E+00 0.0000E+00 0.0000E+00 0.0000E+00 0.0000E+00 0.0000E+00 0.0000E+00 0.0000E+00 7.0921E-12 4.0756E-11 1.5168E-10 4.2162E-10 8.1945E-10 1.4193E-09 2.2547E-09 3.3664E-09 4.8450E-09 6.7820E-09 9.1431E-09 1.1930E-08 1.5083E-08 1.8473E-08 2.1938E-08 2.5280E-08 2.8315E-08 3.0849E-08 3.2733E-08 3.3898E-08 3.4369E-08 3.4219E-08 3.3580E-08 3.2574E-08 3.1317E-08 2.9923E-08 2.8537E-08 2.7169E-08 2.5831E-08 2.4567E-08 2.3423E-08 2.2414E-08 2.1529E-08 2.0750E-08 2.0061E-08
0.0000E+00 0.0000E+00 0.0000E+00 0.0000E+00 0.0000E+00 0.0000E+00 0.0000E+00 0.0000E+00 0.0000E+00 0.0000E+00 0.0000E+00 0.0000E+00 0.0000E+00 0.0000E+00 0.0000E+00 0.0000E+00 0.0000E+00 0.0000E+00 0.0000E+00 0.0000E+00 0.0000E+00 0.0000E+00 5.6886E-12 3.9466E-11 2.0498E-10 5.1224E-10 9.6454E-10 1.6986E-09 2.6680E-09 4.0098E-09 5.8124E-09 8.1009E-09 1.0905E-08 1.4201E-08 1.7906E-08 2.1833E-08 2.5777E-08 2.9507E-08 3.2781E-08 3.5391E-08 3.7205E-08 3.8154E-08 3.8300E-08 3.7730E-08 3.6606E-08 3.5132E-08 3.3425E-08 3.1644E-08 2.9878E-08 2.8229E-08 2.6634E-08 2.5156E-08 2.3878E-08 2.2734E-08 2.1769E-08 2.0901E-08 2.0162E-08
0.0000E+00 0.0000E+00 0.0000E+00 0.0000E+00 0.0000E+00 0.0000E+00 0.0000E+00 0.0000E+00 0.0000E+00 0.0000E+00 0.0000E+00 0.0000E+00 0.0000E+00 0.0000E+00 0.0000E+00 0.0000E+00 0.0000E+00 0.0000E+00 0.0000E+00 0.0000E+00 0.0000E+00 0.0000E+00 4.2054E-12 5.6706E-11 2.3653E-10 5.9796E-10 1.1539E-09 1.9870E-09 3.1644E-09 4.7688E-09 6.8931E-09 9.6247E-09 1.2953E-08 1.6842E-08 2.1152E-08 2.5665E-08 3.0113E-08 3.4208E-08 3.7679E-08 4.0306E-08 4.1928E-08 4.2552E-08 4.2234E-08 4.1149E-08 3.9500E-08 3.7470E-08 3.5277E-08 3.3051E-08 3.0943E-08 2.8962E-08 2.7140E-08 2.5495E-08 2.4070E-08 2.2842E-08 2.1788E-08 2.0869E-08 2.0083E-08
0.0000E+00 0.0000E+00 0.0000E+00 0.0000E+00 0.0000E+00 0.0000E+00 0.0000E+00 0.0000E+00 0.0000E+00 0.0000E+00 0.0000E+00 0.0000E+00 0.0000E+00 0.0000E+00 0.0000E+00 0.0000E+00 0.0000E+00 0.0000E+00 0.0000E+00 0.0000E+00 0.0000E+00 0.0000E+00 2.5399E-12 6.4422E-11 2.6307E-10 7.1750E-10 1.3472E-09 2.3359E-09 3.7186E-09 5.6136E-09 8.1504E-09 1.1377E-08 1.5299E-08 1.9834E-08 2.4813E-08 2.9946E-08 3.4897E-08 3.9332E-08 4.2934E-08 4.5449E-08 4.6810E-08 4.6977E-08 4.6107E-08 4.4384E-08 4.2090E-08 3.9502E-08 3.6774E-08 3.4101E-08 3.1637E-08 2.9352E-08 2.7304E-08 2.5536E-08 2.3994E-08 2.2702E-08 2.1589E-08 2.0640E-08 1.9826E-08
0.0000E+00 0.0000E+00 0.0000E+00 0.0000E+00 0.0000E+00 0.0000E+00 0.0000E+00 0.0000E+00 0.0000E+00 0.0000E+00 0.0000E+00 0.0000E+00 0.0000E+00 0.0000E+00 0.0000E+00 0.0000E+00 0.0000E+00 0.0000E+00 0.0000E+00 0.0000E+00 0.0000E+00 0.0000E+00 8.7188E-13 6.3129E-11 3.1977E-10 8.1646E-10 1.5750E-09 2.7120E-09 4.3447E-09 6.5832E-09 9.5437E-09 1.3337E-08 1.7964E-08 2.3232E-08 2.8934E-08 3.4718E-08 4.0166E-08 4.4879E-08 4.8492E-08 5.0807E-08 5.1692E-08 5.1268E-08 4.9725E-08 4.7312E-08 4.4321E-08 4.1073E-08 3.7834E-08 3.4734E-08 3.1888E-08 2.9365E-08 2.7123E-08 2.5261E-08 2.3645E-08 2.2317E-08 2.1166E-08 2.0211E-08 1.9396E-08
0.0000E+00 0.0000E+00 0.0000E+00 0.0000E+00 0.0000E+00 0.0000E+00 0.0000E+00 0.0000E+00 0.0000E+00 0.0000E+00 0.0000E+00 0.0000E+00 0.0000E+00 0.0000E+00 0.0000E+00 0.0000E+00 0.0000E+00 0.0000E+00 0.0000E+00 0.0000E+00 0.0000E+00 0.0000E+00 0.0000E+00 8.1790E-11 3.6420E-10 9.5158E-10 1.8104E-09 3.1305E-09 5.0280E-09 7.6234E-09 1.1112E-08 1.5534E-08 2.0957E-08 2.7019E-08 3.3484E-08 3.9923E-08 4.5837E-08 5.0742E-08 5.4283E-08 5.6188E-08 5.6497E-08 5.5320E-08 5.2947E-08 4.9731E-08 4.6031E-08 4.2145E-08 3.8352E-08 3.4866E-08 3.1707E-08 2.8942E-08 2.6611E-08 2.4648E-08 2.3031E-08 2.1679E-08 2.0533E-08 1.9594E-08 1.8810E-08
0.0000E+00 0.0000E+00 0.0000E+00 0.0000E+00 0.0000E+00 0.0000E+00 0.0000E+00 0.0000E+00 0.0000E+00 0.0000E+00 0.0000E+00 0.0000E+00 0.0000E+00 0.0000E+00 0.0000E+00 0.0000E+00 0.0000E+00 0.0000E+00 0.0000E+00 0.0000E+00 0.0000E+00 0.0000E+00 2.3322E-12 8.1368E-11 4.1440E-10 1.0540E-09 2.0623E-09 3.5786E-09 5.7478E-09 8.7885E-09 1.2812E-08 1.7945E-08 2.4227E-08 3.1208E-08 3.8484E-08 4.5572E-08 5.1870E-08 5.6862E-08 6.0108E-08 6.1488E-08 6.0998E-08 5.8930E-08 5.5645E-08 5.1546E-08 4.7074E-08 4.2586E-08 3.8309E-08 3.4450E-08 3.1042E-08 2.8129E-08 2.5738E-08 2.3737E-08 2.2143E-08 2.0812E-08 1.9705E-08 1.8808E-08 1.8068E-08
0.0000E+00 0.0000E+00 0.0000E+00 0.0000E+00 0.0000E+00 0.0000E+00 0.0000E+00 0.0000E+00 0.0000E+00 0.0000E+00 0.0000E+00 0.0000E+00 0.0000E+00 0.0000E+00 0.0000E+00 0.0000E+00 0.0000E+00 0.0000E+00 0.0000E+00 0.0000E+00 0.0000E+00 0.0000E+00 3.6287E-12 8.7675E-11 4.2872E-10 1.1601E-09 2.3287E-09 4.0368E-09 6.5229E-09 9.9897E-09 1.4645E-08 2.0548E-08 2.7806E-08 3.5765E-08 4.3896E-08 5.1610E-08 5.8234E-08 6.3127E-08 6.5942E-08 6.6525E-08 6.5064E-08 6.1934E-08 5.7614E-08 5.2624E-08 4.7389E-08 4.2307E-08 3.7649E-08 3.3481E-08 2.9923E-08 2.6931E-08 2.4529E-08 2.2557E-08 2.1014E-08 1.9736E-08 1.8697E-08 1.7873E-08 1.7189E-08
0.0000E+00 0.0000E+00 0.0000E+00 0.0000E+00 0.0000E+00 0.0000E+00 0.0000E+00 0.0000E+00 0.0000E+00 0.0000E+00 0.0000E+00 0.0000E+00 0.0000E+00 0.0000E+00 0.0000E+00 0.0000E+00 0.0000E+00 0.0000E+00 0.0000E+00 0.0000E+00 0.0000E+00 0.0000E+00 3.4489E-12 8.5258E-11 4.2192E-10 1.2305E-09 2.5751E-09 4.4959E-09 7.2899E-09 1.1272E-08 1.6570E-08 2.3254E-08 3.1602E-08 4.0725E-08 4.9774E-08 5.8040E-08 6.4795E-08 6.9411E-08 7.1508E-08 7.1132E-08 6.8530E-08 6.4197E-08 5.8773E-08 5.2836E-08 4.6908E-08 4.1307E-08 3.6321E-08 3.1991E-08 2.8334E-08 2.5388E-08 2.3005E-08 2.1147E-08 1.9680E-08 1.8486E-08 1.7542E-08 1.6809E-08 1.6196E-08
0.0000E+00 0.0000E+00 0.0000E+00 0.0000E+00 0.0000E+00 0.0000E+00 0.0000E+00 0.0000E+00 0.0000E+00 0.0000E+00 0.0000E+00 0.0000E+00 0.0000E+00 0.0000E+00 0.0000E+00 0.0000E+00 0.0000E+00 0.0000E+00 0.0000E+00 0.0000E+00 0.0000E+00 0.0000E+00 2.4435E-12 8.8855E-11 4.8220E-10 1.3203E-09 2.8034E-09 4.9247E-09 8.0822E-09 1.2539E-08 1.8523E-08 2.6141E-08 3.5733E-08 4.6214E-08 5.6168E-08 6.4860E-08 7.1583E-08 7.5646E-08 7.6796E-08 7.5147E-08 7.1155E-08 6.5544E-08 5.8973E-08 5.2144E-08 4.5569E-08 3.9595E-08 3.4379E-08 2.9997E-08 2.6381E-08 2.3533E-08 2.1250E-08 1.9539E-08 1.8182E-08 1.7110E-08 1.6267E-08 1.5623E-08 1.5091E-08
0.0000E+00 0.0000E+00 0.0000E+00 0.0000E+00 0.0000E+00 0.0000E+00 0.0000E+00 0.0000E+00 0.0000E+00 0.0000E+00 0.0000E+00 0.0000E+00 0.0000E+00 0.0000E+00 0.0000E+00 0.0000E+00 0.0000E+00 0.0000E+00 0.0000E+00 0.0000E+00 0.0000E+00 0.0000E+00 1.0447E-12 8.9746E-11 4.4451E-10 1.3942E-09 3.0023E-09 5.3162E-09 8.7870E-09 1.3790E-08 2.0524E-08 2.9125E-08 4.0404E-08 5.2514E-08 6.3605E-08 7.2437E-08 7.8712E-08 8.1761E-08 8.1510E-08 7.8316E-08 7.2847E-08 6.5831E-08 5.8173E-08 5.0529E-08 4.3419E-08 3.7186E-08 3.1894E-08 2.7565E-08 2.4115E-08 2.1423E-08 1.9332E-08 1.7786E-08 1.6574E-08 1.5640E-08 1.4936E-08 1.4389E-08 1.3924E-08
0.0000E+00 0.0000E+00 0.0000E+00 0.0000E+00 0.0000E+00 0.0000E+00 0.0000E+00 0.0000E+00 0.0000E+00 0.0000E+00 0.0000E+00 0.0000E+00 0.0000E+00 0.0000E+00 0.0000E+00 0.0000E+00 0.0000E+00 0.0000E+00 0.0000E+00 0.0000E+00 0.0000E+00 0.0000E+00 0.0000E+00 7.6691E-11 4.5425E-10 1.4286E-09 3.1329E-09 5.6198E-09 9.4590E-09 1.4946E-08 2.2511E-08 3.2677E-08 4.6212E-08 6.0740E-08 7.2998E-08 8.1493E-08 8.6390E-08 8.7818E-08 8.5654E-08 8.0573E-08 7.3366E-08 6.4993E-08 5.6261E-08 4.7968E-08 4.0522E-08 3.4163E-08 2.8969E-08 2.4803E-08 2.1616E-08 1.9155E-08 1.7310E-08 1.5948E-08 1.4912E-08 1.4129E-08 1.3538E-08 1.3091E-08 1.2733E-08
0.0000E+00 0.0000E+00 0.0000E+00 0.0000E+00 0.0000E+00 0.0000E+00 0.0000E+00 0.0000E+00 0.0000E+00 0.0000E+00 0.0000E+00 0.0000E+00 0.0000E+00 0.0000E+00 0.0000E+00 0.0000E+00 0.0000E+00 0.0000E+00 0.0000E+00 0.0000E+00 0.0000E+00 0.0000E+00 0.0000E+00 6.9735E-11 4.0847E-10 1.4329E-09 3.1970E-09 5.8684E-09 9.9646E-09 1.6037E-08 2.4656E-08 3.7505E-08 5.4938E-08 7.2923E-08 8.6452E-08 9.3354E-08 9.5495E-08 9.3891E-08 8.9080E-08 8.1634E-08 7.2606E-08 6.2904E-08 5.3330E-08 4.4545E-08 3.6967E-08 3.0686E-08 2.5713E-08 2.1859E-08 1.8990E-08 1.6813E-08 1.5244E-08 1.4084E-08 1.3230E-08 1.2591E-08 1.2116E-08 1.1804E-08 1.1551E-08
0.0000E+00 0.0000E+00 0.0000E+00 0.0000E+00 0.0000E+00 0.0000E+00 0.0000E+00 0.0000E+00 0.0000E+00 0.0000E+00 0.0000E+00 0.0000E+00 0.0000E+00 0.0000E+00 0.0000E+00 0.0000E+00 0.0000E+00 0.0000E+00 0.0000E+00 0.0000E+00 0.0000E+00 0.0000E+00 0.0000E+00 4.8268E-11 3.8906E-10 1.4076E-09 3.2300E-09 5.9916E-09 1.0480E-08 1.7455E-08 2.8162E-08 4.6156E-08 7.0473E-08 9.3119E-08 1.0660E-07 1.0956E-07 1.0619E-07 9.9683E-08 9.1434E-08 8.1439E-08 7.0528E-08 5.9619E-08 4.9397E-08 4.0387E-08 3.2885E-08 2.6903E-08 2.2275E-08 1.8841E-08 1.6334E-08 1.4495E-08 1.3193E-08 1.2255E-08 1.1566E-08 1.1085E-08 1.0767E-08 1.0563E-08 1.0365E-08
0.0000E+00 0.0000E+00 0.0000E+00 0.0000E+00 0.0000E+00 0.0000E+00 0.0000E+00 0.0000E+00 0.0000E+00 0.0000E+00 0.0000E+00 0.0000E+00 0.0000E+00 0.0000E+00 0.0000E+00 0.0000E+00 0.0000E+00 0.0000E+00 0.0000E+00 0.0000E+00 0.0000E+00 0.0000E+00 0.0000E+00 2.8214E-11 4.5229E-10 2.2562E-09 5.8174E-09 1.1135E-08 1.7150E-08 2.6134E-08 4.1090E-08 6.8141E-08 1.0163E-07 1.2691E-07 1.3579E-07 1.3002E-07 1.1779E-07 1.0508E-07 9.2206E-08 7.9495E-08 6.6945E-08 5.5126E-08 4.4586E-08 3.5665E-08 2.8475E-08 2.2959E-08 1.8822E-08 1.5872E-08 1.3772E-08 1.2278E-08 1.1208E-08 1.0508E-08 9.9985E-09 9.6652E-09 9.5037E-09 9.3641E-09 9.2136E-09
0.0000E+00 0.0000E+00 0.0000E+00 0.0000E+00 0.0000E+00 0.0000E+00 0.0000E+00 0.0000E+00 0.0000E+00 0.0000E+00 0.0000E+00 0.0000E+00 0.0000E+00 0.0000E+00 0.0000E+00 0.0000E+00 0.0000E+00 0.0000E+00 0.0000E+00 0.0000E+00 0.0000E+00 0.0000E+00 0.0000E+00 1.7239E-11 1.7708E-09 1.3207E-08 3.5619E-08 5.0075E-08 5.7454E-08 6.6790E-08 8.6126E-08 1.2397E-07 1.5995E-07 1.7743E-07 1.7166E-07 1.5172E-07 1.2832E-07 1.0782E-07 9.0709E-08 7.5669E-08 6.1903E-08 4.9614E-08 3.9097E-08 3.0558E-08 2.3947E-08 1.9046E-08 1.5508E-08 1.3062E-08 1.1367E-08 1.0175E-08 9.4273E-09 8.8986E-09 8.5339E-09 8.3938E-09 8.3014E-09 8.2098E-09 8.1165E-09
0.0000E+00 0.0000E+00 0.0000E+00 0.0000E+00 0.0000E+00 0.0000E+00 0.0000E+00 0.0000E+00 0.0000E+00 0.0000E+00 0.0000E+00 0.0000E+00 0.0000E+00 0.0000E+00 0.0000E+00 0.0000E+00 0.0000E+00 0.0000E+00 0.0000E+00 0.0000E+00 0.0000E+00 0.0000E+00 0.0000E+00 8.7443E-12 5.7507E-09 5.8464E-08 1.3848E-07 1.5701E-07 1.5816E-07 1.5874E-07 1.7882E-07 2.1845E-07 2.4534E-07 2.3618E-07 2.0608E-07 1.6718E-07 1.3313E-07 1.0682E-07 8.6510E-08 6.9761E-08 5.5435E-08 4.3226E-08 3.3188E-08 2.5344E-08 1.9515E-08 1.5326E-08 1.2446E-08 1.0499E-08 9.1500E-09 8.3412E-09 7.8040E-09 7.4065E-09 7.2901E-09 7.2279E-09 7.1765E-09 7.1346E-09 7.0741E-09
0.0000E+00 0.0000E+00 0.0000E+00 0.0000E+00 0.0000E+00 0.0000E+00 0.0000E+00 0.0000E+00 0.0000E+00 0.0000E+00 0.0000E+00 0.0000E+00 0.0000E+00 0.0000E+00 0.0000E+00 0.0000E+00 0.0000E+00 0.0000E+00 0.0000E+00 0.0000E+00 0.0000E+00 0.0000E+00 0.0000E+00 1.1627E-11 1.2602E-08 1.7906E-07 2.8698E-07 2.6567E-07 2.6097E-07 2.5623E-07 2.7991E-07 3.2257E-07 3.2293E-07 2.8256E-07 2.2378E-07 1.6991E-07 1.2941E-07 1.0052E-07 7.9065E-08 6.2183E-08 4.8020E-08 3.6370E-08 2.7186E-08 2.0304E-08 1.5388E-08 1.1982E-08 9.7341E-09 8.2255E-09 7.2491E-09 6.6653E-09 6.3234E-09 6.1957E-09 6.1773E-09 6.1737E-09 6.1658E-09 6.1492E-09 6.1374E-09
0.0000E+00 0.0000E+00 0.0000E+00 0.0000E+00 0.0000E+00 0.0000E+00 0.0000E+00 0.0000E+00 0.0000E+00 0.0000E+00 0.0000E+00 0.0000E+00 0.0000E+00 0.0000E+00 0.0000E+00 0.0000E+00 0.0000E+00 0.0000E+00 0.0000E+00 0.0000E+00 0.0000E+00 0.0000E+00 0.0000E+00 1.6081E-12 4.6098E-08 3.9947E-07 3.5354E-07 3.1035E-07 3.1151E-07 3.1217E-07 3.4219E-07 3.8752E-07 3.6467E-07 2.9380E-07 2.1884E-07 1.5858E-07 1.1717E-07 8.9391E-08 6.9489E-08 5.3254E-08 4.0021E-08 2.9428E-08 2.1433E-08 1.5678E-08 1.1728E-08 9.0953E-09 7.3811E-09 6.3055E-09 5.6762E-09 5.2331E-09 5.1436E-09 5.1718E-09 5.2086E-09 5.2376E-09 5.2477E-09 5.2591E-09 5.2485E-09
0.0000E+00 0.0000E+00 0.0000E+00 0.0000E+00 0.0000E+00 0.0000E+00 0.0000E+00 0.0000E+00 0.0000E+00 0.0000E+00 0.0000E+00 0.0000E+00 0.0000E+00 0.0000E+00 0.0000E+00 0.0000E+00 0.0000E+00 0.0000E+00 0.0000E+00 0.0000E+00 0.0000E+00 0.0000E+00 0.0000E+00 1.0486E-12 1.7037E-07 6.0818E-07 3.4966E-07 3.3634E-07 3.4193E-07 3.4299E-07 3.8232E-07 4.2445E-07 3.6435E-07 2.7972E-07 1.9658E-07 1.3697E-07 9.9791E-08 7.6099E-08 5.8099E-08 4.3652E-08 3.1873E-08 2.2804E-08 1.6178E-08 1.1628E-08 8.6299E-09 6.6994E-09 5.4497E-09 4.7708E-09 4.2838E-09 4.1730E-09 4.2317E-09 4.3044E-09 4.3612E-09 4.4036E-09 4.4420E-09 4.4578E-09 4.4700E-09
0.0000E+00 0.0000E+00 0.0000E+00 0.0000E+00 0.0000E+00 0.0000E+00 0.0000E+00 0.0000E+00 0.0000E+00 0.0000E+00 0.0000E+00 0.0000E+00 0.0000E+00 0.0000E+00 0.0000E+00 0.0000E+00 0.0000E+00 0.0000E+00 0.0000E+00 0.0000E+00 0.0000E+00 0.0000E+00 0.0000E+00 1.1778E-10 5.4384E-07 5.9232E-07 3.4779E-07 3.4686E-07 3.5111E-07 3.5559E-07 4.1780E-07 4.3150E-07 3.5090E-07 2.4883E-07 1.6400E-07 1.1127E-07 8.1665E-08 6.1847E-08 4.6584E-08 3.3980E-08 2.4147E-08 1.6811E-08 1.1660E-08 8.2634E-09 6.1039E-09 4.6674E-09 3.9811E-09 3.4383E-09 3.3003E-09 3.3798E-09 3.4785E-09 3.5586E-09 3.6278E-09 3.6875E-09 3.7296E-09 3.7648E-09 3.7760E-09
0.0000E+00 0.0000E+00 0.0000E+00 0.0000E+00 0.0000E+00 0.0000E+00 0.0000E+00 0.0000E+00 0.0000E+00 0.0000E+00 0.0000E+00 0.0000E+00 0.0000E+00 0.0000E+00 0.0000E+00 0.0000E+00 0.0000E+00 0.0000E+00 0.0000E+00 0.0000E+00 0.0000E+00 0.0000E+00 0.0000E+00 1.8147E-08 1.2484E-06 4.3472E-07 3.7143E-07 3.6861E-07 3.6898E-07 3.8007E-07 4.6871E-07 4.2949E-07 3.1917E-07 2.0997E-07 1.2953E-07 8.7203E-08 6.4269E-08 4.8510E-08 3.5557E-08 2.5172E-08 1.7275E-08 1.1703E-08 7.9861E-09 5.6020E-09 4.0588E-09 3.2894E-09 2.7183E-09 2.5356E-09 2.6409E-09 2.7540E-09 2.8431E-09 2.9326E-09 3.0029E-09 3.0675E-09 3.1184E-09 3.1520E-09 3.1798E-09
0.0000E+00 0.0000E+00 0.0000E+00 0.0000E+00 0.0000E+00 0.0000E+00 0.0000E+00 0.0000E+00 0.0000E+00 0.0000E+00 0.0000E+00 0.0000E+00 0.0000E+00 0.0000E+00 0.0000E+00 0.0000E+00 0.0000E+00 0.0000E+00 0.0000E+00 0.0000E+00 0.0000E+00 0.0000E+00 0.0000E+00 1.3792E-07 1.4648E-06 4.0928E-07 4.0060E-07 4.0016E-07 3.9438E-07 4.1810E-07 4.8396E-07 4.0652E-07 2.8603E-07 1.6662E-07 9.5104E-08 6.4720E-08 4.8772E-08 3.6215E-08 2.5761E-08 1.7511E-08 1.1569E-08 7.6639E-09 5.1533E-09 3.5502E-09 2.6539E-09 2.1021E-09 1.8980E-09 2.0146E-09 2.1358E-09 2.2331E-09 2.3319E-09 2.4042E-09 2.4826E-09 2.5420E-09 2.5908E-09 2.6316E-09 2.6578E-09
