Assets/Resources/2015_m01_d14_1200(utc+0800)_l00_csi_1hr_conc.grd
DSAA
         159         159
     -79.000      79.000
     -79.000      79.000
  0.0000E+00  0.3002E-05
[rows 50 to 74 of 159, columns 0 to 56 of 159]
2.2151E-09 2.3087E-09 2.3998E-09 2.4951E-09 2.5937E-09 2.6946E-09 2.8032E-09 2.9256E-09 3.0620E-09 3.1809E-09 3.3327E-09 3.4622E-09 3.6126E-09 3.7498E-09 3.9087E-09 4.0748E-09 4.2336E-09 4.3996E-09 4.5729E-09 4.7529E-09 4.9409E-09 5.1365E-09 5.3395E-09 5.5521E-09 5.7967E-09 6.0489E-09 6.3217E-09 6.6286E-09 6.9534E-09 7.3152E-09 7.7225E-09 8.1676E-09 8.6884E-09 9.2390E-09 9.8649E-09 1.0570E-08 1.1355E-08 1.2266E-08 1.3272E-08 1.4436E-08 1.5720E-08 1.7185E-08 1.8817E-08 2.0631E-08 2.2644E-08 2.4830E-08 2.7218E-08 2.9771E-08 3.2474E-08 3.5305E-08 3.8194E-08 4.1100E-08 4.3936E-08 4.6610E-08 4.9017E-08 5.1027E-08 5.2547E-08
2.1401E-09 2.2258E-09 2.3027E-09 2.3979E-09 2.4884E-09 2.5949E-09 2.7015E-09 2.8175E-09 2.9299E-09 3.0549E-09 3.1953E-09 3.3218E-09 3.4642E-09 3.5982E-09 3.7489E-09 3.8904E-09 4.0553E-09 4.2118E-09 4.3742E-09 4.5438E-09 4.7202E-09 4.9032E-09 5.0939E-09 5.2918E-09 5.5026E-09 5.7398E-09 5.9967E-09 6.2624E-09 6.5593E-09 6.8896E-09 7.2453E-09 7.6493E-09 8.1119E-09 8.6123E-09 9.1707E-09 9.7992E-09 1.0491E-08 1.1298E-08 1.2186E-08 1.3219E-08 1.4357E-08 1.5657E-08 1.7119E-08 1.8755E-08 2.0576E-08 2.2577E-08 2.4794E-08 2.7182E-08 2.9756E-08 3.2487E-08 3.5335E-08 3.8264E-08 4.1195E-08 4.4043E-08 4.6711E-08 4.9097E-08 5.1059E-08
2.0594E-09 2.1270E-09 2.2163E-09 2.3062E-09 2.3932E-09 2.4865E-09 2.5812E-09 2.7046E-09 2.8024E-09 2.9316E-09 3.0508E-09 3.1830E-09 3.3037E-09 3.4452E-09 3.5870E-09 3.7202E-09 3.8754E-09 4.0216E-09 4.1740E-09 4.3326E-09 4.4968E-09 4.6679E-09 4.8455E-09 5.0302E-09 5.2222E-09 5.4279E-09 5.6588E-09 5.9129E-09 6.1757E-09 6.4610E-09 6.7845E-09 7.1393E-09 7.5439E-09 8.0001E-09 8.4957E-09 9.0502E-09 9.6572E-09 1.0368E-08 1.1140E-08 1.2046E-08 1.3041E-08 1.4183E-08 1.5474E-08 1.6924E-08 1.8551E-08 2.0356E-08 2.2373E-08 2.4573E-08 2.6984E-08 2.9574E-08 3.2327E-08 3.5216E-08 3.8180E-08 4.1140E-08 4.4023E-08 4.6717E-08 4.9088E-08
1.9792E-09 2.0471E-09 2.1317E-09 2.2037E-09 2.2935E-09 2.3855E-09 2.4751E-09 2.5750E-09 2.6830E-09 2.7914E-09 2.9075E-09 3.0438E-09 3.1569E-09 3.2899E-09 3.4098E-09 3.5493E-09 3.6784E-09 3.8306E-09 3.9727E-09 4.1198E-09 4.2726E-09 4.4314E-09 4.5963E-09 4.7676E-09 4.9458E-09 5.1311E-09 5.3292E-09 5.5532E-09 5.7994E-09 6.0618E-09 6.3353E-09 6.6435E-09 7.0068E-09 7.3921E-09 7.8417E-09 8.3287E-09 8.8600E-09 9.4772E-09 1.0145E-08 1.0932E-08 1.1787E-08 1.2781E-08 1.3903E-08 1.5165E-08 1.6598E-08 1.8195E-08 2.0003E-08 2.1997E-08 2.4199E-08 2.6608E-08 2.9221E-08 3.2012E-08 3.4927E-08 3.7928E-08 4.0956E-08 4.3890E-08 4.6604E-08
1.8955E-09 1.9625E-09 2.0358E-09 2.1091E-09 2.1932E-09 2.2735E-09 2.3642E-09 2.4516E-09 2.5517E-09 2.6652E-09 2.7735E-09 2.8838E-09 3.0061E-09 3.1160E-09 3.2471E-09 3.3778E-09 3.4978E-09 3.6396E-09 3.7708E-09 3.9070E-09 4.0485E-09 4.1951E-09 4.3474E-09 4.5058E-09 4.6702E-09 4.8408E-09 5.0177E-09 5.2051E-09 5.4229E-09 5.6590E-09 5.9146E-09 6.1771E-09 6.4797E-09 6.8232E-09 7.2102E-09 7.6365E-09 8.0949E-09 8.6302E-09 9.2056E-09 9.8764E-09 1.0608E-08 1.1459E-08 1.2416E-08 1.3505E-08 1.4744E-08 1.6127E-08 1.7718E-08 1.9480E-08 2.1462E-08 2.3662E-08 2.6070E-08 2.8694E-08 3.1506E-08 3.4478E-08 3.7531E-08 4.0606E-08 4.3589E-08
1.8197E-09 1.8790E-09 1.9412E-09 2.0202E-09 2.0862E-09 2.1693E-09 2.2544E-09 2.3370E-09 2.4291E-09 2.5279E-09 2.6320E-09 2.7344E-09 2.8605E-09 2.9629E-09 3.0842E-09 3.1915E-09 3.3180E-09 3.4487E-09 3.5698E-09 3.6954E-09 3.8254E-09 3.9603E-09 4.1005E-09 4.2459E-09 4.3967E-09 4.5530E-09 4.7153E-09 4.8835E-09 5.0573E-09 5.2681E-09 5.4922E-09 5.7364E-09 5.9958E-09 6.2752E-09 6.6099E-09 6.9871E-09 7.3758E-09 7.8306E-09 8.3185E-09 8.8897E-09 9.5126E-09 1.0219E-08 1.1037E-08 1.1954E-08 1.3001E-08 1.4184E-08 1.5552E-08 1.7078E-08 1.8823E-08 2.0765E-08 2.2940E-08 2.5361E-08 2.7980E-08 3.0812E-08 3.3818E-08 3.6942E-08 4.0076E-08
1.7404E-09 1.7928E-09 1.8539E-09 1.9212E-09 1.9880E-09 2.0626E-09 2.1355E-09 2.2217E-09 2.3126E-09 2.3933E-09 2.4971E-09 2.5950E-09 2.7005E-09 2.8107E-09 2.9092E-09 3.0221E-09 3.1390E-09 3.2444E-09 3.3708E-09 3.4856E-09 3.6048E-09 3.7285E-09 3.8565E-09 3.9893E-09 4.1269E-09 4.2698E-09 4.4178E-09 4.5706E-09 4.7294E-09 4.8928E-09 5.0883E-09 5.3001E-09 5.5342E-09 5.7624E-09 6.0441E-09 6.3601E-09 6.7121E-09 7.0897E-09 7.4940E-09 7.9725E-09 8.4886E-09 9.0773E-09 9.7633E-09 1.0517E-08 1.1399E-08 1.2381E-08 1.3530E-08 1.4822E-08 1.6307E-08 1.7993E-08 1.9914E-08 2.2046E-08 2.4423E-08 2.7065E-08 2.9912E-08 3.2945E-08 3.6104E-08
1.6586E-09 1.7146E-09 1.7650E-09 1.8209E-09 1.8936E-09 1.9504E-09 2.0313E-09 2.1090E-09 2.1830E-09 2.2708E-09 2.3594E-09 2.4511E-09 2.5547E-09 2.6446E-09 2.7474E-09 2.8547E-09 2.9482E-09 3.0590E-09 3.1742E-09 3.2792E-09 3.3879E-09 3.5004E-09 3.6169E-09 3.7375E-09 3.8628E-09 3.9924E-09 4.1265E-09 4.2655E-09 4.4086E-09 4.5560E-09 4.7074E-09 4.8738E-09 5.0732E-09 5.2783E-09 5.5143E-09 5.7813E-09 6.0670E-09 6.4091E-09 6.7445E-09 7.1303E-09 7.5482E-09 8.0351E-09 8.5868E-09 9.2131E-09 9.9349E-09 1.0727E-08 1.1679E-08 1.2738E-08 1.3974E-08 1.5399E-08 1.7013E-08 1.8855E-08 2.0962E-08 2.3301E-08 2.5896E-08 2.8759E-08 3.1828E-08
1.5843E-09 1.6306E-09 1.6809E-09 1.7360E-09 1.7867E-09 1.8560E-09 1.9236E-09 1.9885E-09 2.0660E-09 2.1482E-09 2.2199E-09 2.3129E-09 2.3892E-09 2.4942E-09 2.5913E-09 2.6779E-09 2.7757E-09 2.8768E-09 2.9677E-09 3.0769E-09 3.1754E-09 3.2773E-09 3.3829E-09 3.4923E-09 3.6052E-09 3.7223E-09 3.8435E-09 3.9682E-09 4.0967E-09 4.2287E-09 4.3638E-09 4.5017E-09 4.6475E-09 4.8167E-09 5.0173E-09 5.2378E-09 5.4741E-09 5.7563E-09 6.0474E-09 6.3659E-09 6.7038E-09 7.0869E-09 7.5218E-09 8.0322E-09 8.6065E-09 9.2468E-09 1.0006E-08 1.0849E-08 1.1847E-08 1.2998E-08 1.4331E-08 1.5874E-08 1.7630E-08 1.9646E-08 2.1943E-08 2.4534E-08 2.7396E-08
1.5050E-09 1.5510E-09 1.6012E-09 1.6430E-09 1.6956E-09 1.7604E-09 1.8108E-09 1.8808E-09 1.9502E-09 2.0177E-09 2.0897E-09 2.1586E-09 2.2549E-09 2.3467E-09 2.4249E-09 2.5139E-09 2.6067E-09 2.6866E-09 2.7811E-09 2.8659E-09 2.9685E-09 3.0606E-09 3.1558E-09 3.2539E-09 3.3559E-09 3.4609E-09 3.5691E-09 3.6806E-09 3.7951E-09 3.9122E-09 4.0318E-09 4.1535E-09 4.2817E-09 4.4094E-09 4.5446E-09 4.7119E-09 4.9089E-09 5.1380E-09 5.3735E-09 5.6466E-09 5.9384E-09 6.2395E-09 6.5818E-09 6.9721E-09 7.4108E-09 7.9272E-09 8.5098E-09 9.1730E-09 9.9497E-09 1.0851E-08 1.1900E-08 1.3129E-08 1.4562E-08 1.6237E-08 1.8165E-08 2.0416E-08 2.2988E-08
1.4299E-09 1.4730E-09 1.5138E-09 1.5616E-09 1.6044E-09 1.6512E-09 1.7160E-09 1.7730E-09 1.8302E-09 1.8956E-09 1.9573E-09 2.0348E-09 2.1082E-09 2.1830E-09 2.2746E-09 2.3484E-09 2.4318E-09 2.5145E-09 2.5880E-09 2.6761E-09 2.7683E-09 2.8509E-09 2.9361E-09 3.0244E-09 3.1153E-09 3.2087E-09 3.3050E-09 3.4037E-09 3.5047E-09 3.6078E-09 3.7128E-09 3.8193E-09 3.9310E-09 4.0413E-09 4.1556E-09 4.2729E-09 4.3947E-09 4.5591E-09 4.7437E-09 4.9614E-09 5.1948E-09 5.4726E-09 5.7411E-09 6.0364E-09 6.3816E-09 6.7526E-09 7.2042E-09 7.7087E-09 8.2824E-09 8.9653E-09 9.7637E-09 1.0710E-08 1.1818E-08 1.3130E-08 1.4691E-08 1.6585E-08 1.8782E-08
1.3562E-09 1.3937E-09 1.4370E-09 1.4760E-09 1.5182E-09 1.5645E-09 1.6062E-09 1.6645E-09 1.7166E-09 1.7722E-09 1.8388E-09 1.9065E-09 1.9649E-09 2.0452E-09 2.1189E-09 2.1946E-09 2.2688E-09 2.3378E-09 2.4143E-09 2.4931E-09 2.5635E-09 2.6491E-09 2.7253E-09 2.8036E-09 2.8841E-09 2.9669E-09 3.0516E-09 3.1383E-09 3.2267E-09 3.3167E-09 3.4080E-09 3.5004E-09 3.5936E-09 3.6884E-09 3.7892E-09 3.8841E-09 3.9818E-09 4.0844E-09 4.2031E-09 4.3451E-09 4.5036E-09 4.6941E-09 4.9171E-09 5.1727E-09 5.4417E-09 5.7277E-09 6.0747E-09 6.4353E-09 6.8566E-09 7.3558E-09 7.9284E-09 8.6186E-09 9.4367E-09 1.0424E-08 1.1643E-08 1.3124E-08 1.4939E-08
1.2841E-09 1.3213E-09 1.3568E-09 1.3950E-09 1.4343E-09 1.4742E-09 1.5146E-09 1.5637E-09 1.6070E-09 1.6606E-09 1.7186E-09 1.7716E-09 1.8382E-09 1.9032E-09 1.9678E-09 2.0339E-09 2.1046E-09 2.1773E-09 2.2374E-09 2.3072E-09 2.3799E-09 2.4558E-09 2.5231E-09 2.5923E-09 2.6632E-09 2.7357E-09 2.8098E-09 2.8852E-09 2.9620E-09 3.0399E-09 3.1186E-09 3.1980E-09 3.2777E-09 3.3573E-09 3.4363E-09 3.5144E-09 3.5908E-09 3.6731E-09 3.7532E-09 3.8481E-09 3.9565E-09 4.0759E-09 4.2156E-09 4.3732E-09 4.5622E-09 4.7895E-09 5.0330E-09 5.2875E-09 5.5819E-09 5.9388E-09 6.3672E-09 6.8447E-09 7.4272E-09 8.1334E-09 9.0198E-09 1.0155E-08 1.1582E-08
1.2113E-09 1.2459E-09 1.2809E-09 1.3141E-09 1.3499E-09 1.3890E-09 1.4237E-09 1.4613E-09 1.5102E-09 1.5476E-09 1.5996E-09 1.6503E-09 1.7010E-09 1.7638E-09 1.8252E-09 1.8803E-09 1.9478E-09 2.0127E-09 2.0770E-09 2.1404E-09 2.1951E-09 2.2613E-09 2.3303E-09 2.3909E-09 2.4528E-09 2.5159E-09 2.5800E-09 2.6452E-09 2.7113E-09 2.7780E-09 2.8453E-09 2.9128E-09 2.9802E-09 3.0473E-09 3.1135E-09 3.1785E-09 3.2416E-09 3.3023E-09 3.3605E-09 3.4156E-09 3.4702E-09 3.5541E-09 3.6406E-09 3.7551E-09 3.8742E-09 3.9984E-09 4.1602E-09 4.3537E-09 4.5304E-09 4.7385E-09 5.0142E-09 5.3448E-09 5.7609E-09 6.2329E-09 6.8793E-09 7.6950E-09 8.7619E-09
1.1417E-09 1.1726E-09 1.2051E-09 1.2377E-09 1.2686E-09 1.3043E-09 1.3381E-09 1.3728E-09 1.4049E-09 1.4512E-09 1.4919E-09 1.5323E-09 1.5814E-09 1.6357E-09 1.6817E-09 1.7382E-09 1.8024E-09 1.8604E-09 1.9134E-09 1.9732E-09 2.0293E-09 2.0784E-09 2.1379E-09 2.1998E-09 2.2534E-09 2.3078E-09 2.3629E-09 2.4187E-09 2.4751E-09 2.5317E-09 2.5886E-09 2.6454E-09 2.7018E-09 2.7576E-09 2.8124E-09 2.8658E-09 2.9171E-09 2.9665E-09 3.0134E-09 3.0578E-09 3.0991E-09 3.1379E-09 3.1816E-09 3.2326E-09 3.3031E-09 3.3693E-09 3.4649E-09 3.5748E-09 3.7179E-09 3.8374E-09 3.9847E-09 4.1888E-09 4.4448E-09 4.7620E-09 5.1666E-09 5.7560E-09 6.5162E-09
1.0733E-09 1.1027E-09 1.1315E-09 1.1637E-09 1.1919E-09 1.2226E-09 1.2534E-09 1.2845E-09 1.3164E-09 1.3456E-09 1.3882E-09 1.4245E-09 1.4620E-09 1.5053E-09 1.5542E-09 1.6067E-09 1.6533E-09 1.7076E-09 1.7669E-09 1.8131E-09 1.8651E-09 1.9146E-09 1.9660E-09 2.0106E-09 2.0652E-09 2.1117E-09 2.1587E-09 2.2061E-09 2.2537E-09 2.3013E-09 2.3488E-09 2.3960E-09 2.4427E-09 2.4885E-09 2.5333E-09 2.5763E-09 2.6179E-09 2.6573E-09 2.6948E-09 2.7299E-09 2.7633E-09 2.7934E-09 2.8212E-09 2.8473E-09 2.8776E-09 2.9123E-09 2.9527E-09 3.0012E-09 3.0616E-09 3.1351E-09 3.2136E-09 3.3045E-09 3.4774E-09 3.6792E-09 3.9250E-09 4.2924E-09 4.8140E-09
1.0089E-09 1.0341E-09 1.0623E-09 1.0903E-09 1.1179E-09 1.1438E-09 1.1720E-09 1.2001E-09 1.2309E-09 1.2596E-09 1.2864E-09 1.3227E-09 1.3575E-09 1.3979E-09 1.4309E-09 1.4756E-09 1.5243E-09 1.5638E-09 1.6129E-09 1.6569E-09 1.6974E-09 1.7476E-09 1.7971E-09 1.8420E-09 1.8805E-09 1.9279E-09 1.9676E-09 2.0074E-09 2.0472E-09 2.0868E-09 2.1261E-09 2.1649E-09 2.2029E-09 2.2401E-09 2.2761E-09 2.3106E-09 2.3435E-09 2.3749E-09 2.4041E-09 2.4325E-09 2.4584E-09 2.4825E-09 2.5044E-09 2.5238E-09 2.5411E-09 2.5573E-09 2.5770E-09 2.5985E-09 2.6257E-09 2.6549E-09 2.6877E-09 2.7275E-09 2.7694E-09 2.8451E-09 2.9649E-09 3.2034E-09 3.5339E-09
9.4624E-10 9.6978E-10 9.9305E-10 1.0194E-09 1.0465E-09 1.0701E-09 1.0937E-09 1.1193E-09 1.1449E-09 1.1727E-09 1.1987E-09 1.2226E-09 1.2535E-09 1.2846E-09 1.3214E-09 1.3527E-09 1.3927E-09 1.4369E-09 1.4730E-09 1.5189E-09 1.5555E-09 1.5929E-09 1.6244E-09 1.6546E-09 1.6848E-09 1.7428E-09 1.7895E-09 1.8226E-09 1.8555E-09 1.8881E-09 1.9202E-09 1.9516E-09 1.9823E-09 2.0120E-09 2.0407E-09 2.0679E-09 2.0938E-09 2.1182E-09 2.1417E-09 2.1636E-09 2.1842E-09 2.2032E-09 2.2204E-09 2.2362E-09 2.2498E-09 2.2620E-09 2.2705E-09 2.2776E-09 2.2832E-09 2.2905E-09 2.3007E-09 2.3099E-09 2.3277E-09 2.3479E-09 2.3797E-09 2.4527E-09 2.6390E-09
8.8620E-10 9.0933E-10 9.3062E-10 9.5027E-10 9.7450E-10 9.9769E-10 1.0206E-09 1.0419E-09 1.0650E-09 1.0882E-09 1.1096E-09 1.1361E-09 1.1574E-09 1.1848E-09 1.2123E-09 1.2419E-09 1.2672E-09 1.3056E-09 1.3461E-09 1.3907E-09 1.4219E-09 1.4531E-09 1.4873E-09 1.5130E-09 1.5384E-09 1.5637E-09 1.5886E-09 1.6132E-09 1.6595E-09 1.6921E-09 1.7174E-09 1.7494E-09 1.7735E-09 1.7971E-09 1.8192E-09 1.8405E-09 1.8603E-09 1.8870E-09 1.9052E-09 1.9226E-09 1.9388E-09 1.9537E-09 1.9678E-09 1.9801E-09 1.9917E-09 2.0004E-09 2.0078E-09 2.0118E-09 2.0134E-09 2.0108E-09 2.0046E-09 1.9960E-09 1.9868E-09 1.9772E-09 1.9711E-09 1.9841E-09 2.0315E-09
8.2674E-10 8.4631E-10 8.6887E-10 8.8827E-10 9.0606E-10 9.2676E-10 9.4617E-10 9.6830E-10 9.8739E-10 1.0094E-09 1.0302E-09 1.0490E-09 1.0676E-09 1.0859E-09 1.1092E-09 1.1378E-09 1.1638E-09 1.1911E-09 1.2182E-09 1.2512E-09 1.2897E-09 1.3164E-09 1.3492E-09 1.3807E-09 1.4020E-09 1.4230E-09 1.4436E-09 1.4637E-09 1.4834E-09 1.5024E-09 1.5208E-09 1.5462E-09 1.5718E-09 1.5969E-09 1.6138E-09 1.6295E-09 1.6445E-09 1.6585E-09 1.6801E-09 1.6927E-09 1.7203E-09 1.7325E-09 1.7434E-09 1.7540E-09 1.7624E-09 1.7698E-09 1.7746E-09 1.7777E-09 1.7774E-09 1.7743E-09 1.7677E-09 1.7571E-09 1.7421E-09 1.7228E-09 1.6989E-09 1.6724E-09 1.6649E-09
7.7261E-10 7.8888E-10 8.0670E-10 8.2455E-10 8.4049E-10 8.6074E-10 8.7948E-10 8.9687E-10 9.1228E-10 9.2741E-10 9.4535E-10 9.6496E-10 9.8106E-10 1.0039E-09 1.0198E-09 1.0332E-09 1.0461E-09 1.0622E-09 1.1009E-09 1.1314E-09 1.1603E-09 1.1929E-09 1.2158E-09 1.2410E-09 1.2660E-09 1.2861E-09 1.3043E-09 1.3204E-09 1.3377E-09 1.3552E-09 1.3714E-09 1.3857E-09 1.3991E-09 1.4118E-09 1.4236E-09 1.4346E-09 1.4533E-09 1.4637E-09 1.4736E-09 1.4912E-09 1.5002E-09 1.5081E-09 1.5156E-09 1.5388E-09 1.5533E-09 1.5655E-09 1.5691E-09 1.5702E-09 1.5690E-09 1.5652E-09 1.5581E-09 1.5473E-09 1.5330E-09 1.5148E-09 1.4925E-09 1.4595E-09 1.4299E-09
7.1916E-10 7.3535E-10 7.5005E-10 7.6616E-10 7.8227E-10 7.9650E-10 8.1052E-10 8.2564E-10 8.4540E-10 8.6043E-10 8.7363E-10 8.8635E-10 8.9866E-10 9.1045E-10 9.2889E-10 9.4178E-10 9.6162E-10 9.7395E-10 9.8570E-10 9.9636E-10 1.0075E-09 1.0393E-09 1.0793E-09 1.1152E-09 1.1364E-09 1.1592E-09 1.1744E-09 1.1887E-09 1.2009E-09 1.2142E-09 1.2273E-09 1.2382E-09 1.2503E-09 1.2616E-09 1.2706E-09 1.2789E-09 1.2867E-09 1.2944E-09 1.3041E-09 1.3147E-09 1.3211E-09 1.3273E-09 1.3321E-09 1.3363E-09 1.3389E-09 1.3401E-09 1.3671E-09 1.3665E-09 1.3721E-09 1.3673E-09 1.3596E-09 1.3490E-09 1.3353E-09 1.3183E-09 1.2980E-09 1.2746E-09 1.2481E-09
6.6571E-10 6.7897E-10 6.9203E-10 7.1055E-10 7.2498E-10 7.3941E-10 7.5200E-10 7.6437E-10 7.7781E-10 7.8962E-10 8.0100E-10 8.1521E-10 8.2758E-10 8.3957E-10 8.5114E-10 8.6055E-10 8.6940E-10 8.8135E-10 8.9102E-10 9.0399E-10 9.1462E-10 9.2670E-10 9.3766E-10 9.5136E-10 9.6950E-10 9.9740E-10 1.0322E-09 1.0541E-09 1.0651E-09 1.0755E-09 1.0893E-09 1.1035E-09 1.1110E-09 1.1199E-09 1.1281E-09 1.1388E-09 1.1449E-09 1.1507E-09 1.1562E-09 1.1611E-09 1.1698E-09 1.1762E-09 1.1855E-09 1.1899E-09 1.1913E-09 1.1913E-09 1.1900E-09 1.1872E-09 1.1826E-09 1.1851E-09 1.1766E-09 1.1744E-09 1.1610E-09 1.1450E-09 1.1264E-09 1.1051E-09 1.0814E-09
6.1847E-10 6.3049E-10 6.4238E-10 6.5403E-10 6.6552E-10 6.7670E-10 6.9350E-10 7.0590E-10 7.1810E-10 7.2997E-10 7.4016E-10 7.4996E-10 7.5933E-10 7.6826E-10 7.7669E-10 7.8635E-10 7.9558E-10 8.0432E-10 8.1251E-10 8.1839E-10 8.2363E-10 8.3209E-10 8.4012E-10 8.5282E-10 8.6224E-10 8.7079E-10 8.8272E-10 8.9282E-10 9.0485E-10 9.2692E-10 9.4373E-10 9.4867E-10 9.5890E-10 9.7348E-10 9.7751E-10 9.8751E-10 9.9366E-10 9.9675E-10 1.0190E-09 1.0313E-09 1.0363E-09 1.0427E-09 1.0443E-09 1.0490E-09 1.0507E-09 1.0516E-09 1.0514E-09 1.0497E-09 1.0469E-09 1.0399E-09 1.0326E-09 1.0215E-09 1.0083E-09 9.9294E-10 9.7553E-10 9.5607E-10 9.3053E-10
5.7331E-10 5.8425E-10 5.9496E-10 6.0555E-10 6.1586E-10 6.2599E-10 6.3581E-10 6.4537E-10 6.5458E-10 6.6649E-10 6.7970E-10 6.8830E-10 6.9808E-10 7.0744E-10 7.1490E-10 7.2187E-10 7.2833E-10 7.3427E-10 7.3965E-10 7.4624E-10 7.5054E-10 7.5605E-10 7.5917E-10 7.6352E-10 7.7214E-10 7.7646E-10 7.8468E-10 7.9273E-10 8.0516E-10 8.0852E-10 8.1067E-10 8.1853E-10 8.1988E-10 8.3376E-10 8.3699E-10 8.4914E-10 8.5917E-10 8.6692E-10 8.7217E-10 8.7451E-10 8.7379E-10 9.0192E-10 9.1829E-10 9.2601E-10 9.2897E-10 9.2888E-10 9.2572E-10 9.2320E-10 9.1921E-10 9.1370E-10 9.0460E-10 8.9376E-10 8.8485E-10 8.7055E-10 8.5451E-10 8.3501E-10 8.1567E-10
