Assets/Resources/2015_m01_d18_1100(utc+0800)_l00_csi_1hr_conc.grd
DSAA
         159         159
     -79.000      79.000
     -79.000      79.000
  0.0000E+00  0.1279E-05
[rows 100 to 124 of 159, columns 0 to 56 of 159]
4.6804E-12 5.0234E-12 5.6052E-12 6.4420E-12 7.2355E-12 7.9450E-12 8.7020E-12 9.5553E-12 1.0736E-11 1.2088E-11 1.3665E-11 1.5511E-11 1.7595E-11 1.9641E-11 2.2103E-11 2.4344E-11 2.6894E-11 2.9512E-11 3.2534E-11 3.5160E-11 3.8082E-11 4.1424E-11 4.4701E-11 4.7791E-11 5.1045E-11 5.4227E-11 5.7605E-11 6.1119E-11 6.4779E-11 6.8650E-11 7.2680E-11 7.6872E-11 8.1214E-11 8.5710E-11 9.0468E-11 9.5404E-11 1.0061E-10 1.0594E-10 1.1159E-10 1.1742E-10 1.2351E-10 1.2974E-10 1.3629E-10 1.4311E-10 1.5014E-10 1.5746E-10 1.6507E-10 1.7297E-10 1.8118E-10 1.8970E-10 1.9854E-10 2.0770E-10 2.1720E-10 2.2704E-10 2.3723E-10 2.4777E-10 2.5867E-10
4.6881E-12 5.2424E-12 5.6997E-12 6.4563E-12 7.2533E-12 8.1016E-12 8.7261E-12 9.5834E-12 1.0771E-11 1.2238E-11 1.3719E-11 1.5989E-11 1.7829E-11 1.9954E-11 2.2390E-11 2.4816E-11 2.7202E-11 2.9792E-11 3.2823E-11 3.5530E-11 3.8715E-11 4.1783E-11 4.5191E-11 4.8312E-11 5.1490E-11 5.4701E-11 5.8078E-11 6.1623E-11 6.5348E-11 6.9219E-11 7.3337E-11 7.7515E-11 8.1896E-11 8.6433E-11 9.1183E-11 9.6212E-11 1.0147E-10 1.0692E-10 1.1249E-10 1.1838E-10 1.2452E-10 1.3087E-10 1.3741E-10 1.4429E-10 1.5139E-10 1.5877E-10 1.6645E-10 1.7442E-10 1.8270E-10 1.9130E-10 2.0022E-10 2.0947E-10 2.1906E-10 2.2899E-10 2.3927E-10 2.4991E-10 2.6091E-10
4.6942E-12 5.3305E-12 5.7089E-12 6.4684E-12 7.2685E-12 8.1204E-12 8.7471E-12 9.6081E-12 1.0901E-11 1.2373E-11 1.3873E-11 1.6054E-11 1.8085E-11 2.0245E-11 2.2501E-11 2.5179E-11 2.7501E-11 3.0145E-11 3.3094E-11 3.6221E-11 3.9105E-11 4.2151E-11 4.5572E-11 4.8684E-11 5.1969E-11 5.5210E-11 5.8533E-11 6.2188E-11 6.5863E-11 6.9768E-11 7.3870E-11 7.8083E-11 8.2551E-11 8.7127E-11 9.1976E-11 9.6987E-11 1.0224E-10 1.0774E-10 1.1342E-10 1.1929E-10 1.2549E-10 1.3189E-10 1.3855E-10 1.4543E-10 1.5259E-10 1.6003E-10 1.6777E-10 1.7581E-10 1.8417E-10 1.9284E-10 2.0184E-10 2.1117E-10 2.2084E-10 2.3085E-10 2.4123E-10 2.5196E-10 2.6306E-10
4.6987E-12 5.3369E-12 5.7162E-12 6.4782E-12 7.2812E-12 8.1363E-12 8.8946E-12 9.8037E-12 1.1035E-11 1.2409E-11 1.4283E-11 1.6285E-11 1.8416E-11 2.0486E-11 2.2790E-11 2.5469E-11 2.7816E-11 3.0547E-11 3.3378E-11 3.6512E-11 3.9384E-11 4.2783E-11 4.5980E-11 4.9168E-11 5.2303E-11 5.5569E-11 5.9076E-11 6.2649E-11 6.6353E-11 7.0421E-11 7.4472E-11 7.8720E-11 8.3175E-11 8.7787E-11 9.2677E-11 9.7678E-11 1.0297E-10 1.0856E-10 1.1430E-10 1.2023E-10 1.2641E-10 1.3286E-10 1.3958E-10 1.4651E-10 1.5373E-10 1.6123E-10 1.6903E-10 1.7714E-10 1.8556E-10 1.9431E-10 2.0338E-10 2.1278E-10 2.2253E-10 2.3263E-10 2.4309E-10 2.5392E-10 2.6511E-10
4.7016E-12 5.3415E-12 5.7984E-12 6.4858E-12 7.2913E-12 8.1494E-12 9.0449E-12 9.8226E-12 1.1059E-11 1.2441E-11 1.4326E-11 1.6340E-11 1.8633E-11 2.0718E-11 2.2990E-11 2.5584E-11 2.8433E-11 3.0896E-11 3.3630E-11 3.6784E-11 3.9928E-11 4.3026E-11 4.6346E-11 4.9541E-11 5.2664E-11 5.6034E-11 5.9489E-11 6.3090E-11 6.6901E-11 7.0871E-11 7.4951E-11 7.9284E-11 8.3719E-11 8.8417E-11 9.3294E-11 9.8442E-11 1.0372E-10 1.0930E-10 1.1508E-10 1.2111E-10 1.2728E-10 1.3378E-10 1.4055E-10 1.4754E-10 1.5481E-10 1.6237E-10 1.7023E-10 1.7840E-10 1.8689E-10 1.9570E-10 2.0484E-10 2.1432E-10 2.2415E-10 2.3433E-10 2.4487E-10 2.5578E-10 2.6706E-10
4.7029E-12 5.3443E-12 5.9339E-12 6.5745E-12 7.2988E-12 8.1595E-12 9.0579E-12 9.8379E-12 1.1162E-11 1.2566E-11 1.4458E-11 1.6492E-11 1.8774E-11 2.0970E-11 2.3171E-11 2.5791E-11 2.8557E-11 3.1210E-11 3.3891E-11 3.6965E-11 4.0360E-11 4.3447E-11 4.6726E-11 4.9940E-11 5.3087E-11 5.6352E-11 5.9831E-11 6.3537E-11 6.7342E-11 7.1391E-11 7.5502E-11 7.9815E-11 8.4282E-11 8.8963E-11 9.3923E-11 9.9111E-11 1.0449E-10 1.1000E-10 1.1582E-10 1.2190E-10 1.2817E-10 1.3465E-10 1.4147E-10 1.4851E-10 1.5583E-10 1.6345E-10 1.7137E-10 1.7960E-10 1.8814E-10 1.9702E-10 2.0623E-10 2.1578E-10 2.2568E-10 2.3593E-10 2.4655E-10 2.5754E-10 2.6891E-10
4.7026E-12 5.3452E-12 6.1526E-12 6.5778E-12 7.3038E-12 8.1667E-12 9.1639E-12 9.9569E-12 1.1179E-11 1.2695E-11 1.4491E-11 1.6772E-11 1.8921E-11 2.1295E-11 2.3404E-11 2.6073E-11 2.8749E-11 3.1593E-11 3.4237E-11 3.7364E-11 4.0628E-11 4.3885E-11 4.7060E-11 5.0195E-11 5.3444E-11 5.6696E-11 6.0329E-11 6.3930E-11 6.7761E-11 7.1788E-11 7.5925E-11 8.0266E-11 8.4815E-11 8.9537E-11 9.4519E-11 9.9692E-11 1.0511E-10 1.1065E-10 1.1651E-10 1.2263E-10 1.2895E-10 1.3554E-10 1.4234E-10 1.4942E-10 1.5679E-10 1.6446E-10 1.7243E-10 1.8072E-10 1.8933E-10 1.9826E-10 2.0753E-10 2.1715E-10 2.2712E-10 2.3745E-10 2.4814E-10 2.5921E-10 2.7065E-10
4.7006E-12 5.3442E-12 6.1532E-12 6.5788E-12 7.3062E-12 8.1710E-12 9.1708E-12 1.0095E-11 1.1285E-11 1.2871E-11 1.4756E-11 1.6810E-11 1.8969E-11 2.1505E-11 2.3557E-11 2.6161E-11 2.8852E-11 3.1943E-11 3.4521E-11 3.7621E-11 4.0803E-11 4.4264E-11 4.7325E-11 5.0559E-11 5.3749E-11 5.7099E-11 6.0626E-11 6.4250E-11 6.8184E-11 7.2203E-11 7.6416E-11 8.0786E-11 8.5313E-11 9.0064E-11 9.5028E-11 1.0023E-10 1.0574E-10 1.1138E-10 1.1716E-10 1.2332E-10 1.2967E-10 1.3630E-10 1.4315E-10 1.5027E-10 1.5769E-10 1.6541E-10 1.7343E-10 1.8177E-10 1.9043E-10 1.9943E-10 2.0876E-10 2.1844E-10 2.2847E-10 2.3886E-10 2.4963E-10 2.6077E-10 2.7229E-10
4.6971E-12 5.3414E-12 6.1517E-12 6.5775E-12 7.3059E-12 8.1724E-12 9.1744E-12 1.0235E-11 1.1294E-11 1.3119E-11 1.4779E-11 1.6936E-11 1.9198E-11 2.1638E-11 2.3970E-11 2.6331E-11 2.9127E-11 3.2131E-11 3.4919E-11 3.7810E-11 4.1112E-11 4.4445E-11 4.7601E-11 5.0777E-11 5.3984E-11 5.7433E-11 6.0947E-11 6.4670E-11 6.8602E-11 7.2592E-11 7.6781E-11 8.1175E-11 8.5728E-11 9.0558E-11 9.5561E-11 1.0079E-10 1.0627E-10 1.1195E-10 1.1788E-10 1.2395E-10 1.3035E-10 1.3702E-10 1.4390E-10 1.5107E-10 1.5853E-10 1.6629E-10 1.7436E-10 1.8275E-10 1.9147E-10 2.0051E-10 2.0990E-10 2.1964E-10 2.2973E-10 2.4019E-10 2.5102E-10 2.6223E-10 2.7382E-10
4.6919E-12 5.3367E-12 6.1480E-12 6.5738E-12 7.3859E-12 8.1708E-12 9.1747E-12 1.0238E-11 1.1406E-11 1.3131E-11 1.5152E-11 1.6962E-11 1.9338E-11 2.1774E-11 2.4112E-11 2.6549E-11 2.9311E-11 3.2228E-11 3.5264E-11 3.8086E-11 4.1438E-11 4.4735E-11 4.7881E-11 5.1021E-11 5.4325E-11 5.7714E-11 6.1247E-11 6.4991E-11 6.8893E-11 7.2904E-11 7.7167E-11 8.1532E-11 8.6160E-11 9.1014E-11 9.6044E-11 1.0131E-10 1.0676E-10 1.1247E-10 1.1844E-10 1.2454E-10 1.3097E-10 1.3767E-10 1.4459E-10 1.5180E-10 1.5930E-10 1.6711E-10 1.7522E-10 1.8366E-10 1.9242E-10 2.0152E-10 2.1096E-10 2.2075E-10 2.3090E-10 2.4142E-10 2.5231E-10 2.6358E-10 2.7524E-10
4.6850E-12 5.3302E-12 6.1421E-12 6.5679E-12 7.4744E-12 8.1663E-12 9.1716E-12 1.0237E-11 1.1513E-11 1.3137E-11 1.5165E-11 1.7064E-11 1.9498E-11 2.1812E-11 2.4539E-11 2.6688E-11 2.9431E-11 3.2312E-11 3.5586E-11 3.8425E-11 4.1568E-11 4.4881E-11 4.8125E-11 5.1198E-11 5.4518E-11 5.7923E-11 6.1553E-11 6.5282E-11 6.9203E-11 7.3286E-11 7.7519E-11 8.1906E-11 8.6506E-11 9.1385E-11 9.6490E-11 1.0179E-10 1.0721E-10 1.1295E-10 1.1894E-10 1.2514E-10 1.3154E-10 1.3827E-10 1.4523E-10 1.5247E-10 1.6001E-10 1.6785E-10 1.7601E-10 1.8449E-10 1.9329E-10 2.0244E-10 2.1193E-10 2.2177E-10 2.3197E-10 2.4254E-10 2.5349E-10 2.6482E-10 2.7654E-10
4.6766E-12 5.3218E-12 6.1340E-12 6.5596E-12 7.4667E-12 8.1589E-12 9.1652E-12 1.0328E-11 1.1512E-11 1.3231E-11 1.5254E-11 1.7077E-11 1.9519E-11 2.2028E-11 2.4579E-11 2.7167E-11 2.9582E-11 3.2668E-11 3.5672E-11 3.8706E-11 4.1729E-11 4.5238E-11 4.8394E-11 5.1482E-11 5.4735E-11 5.8156E-11 6.1755E-11 6.5499E-11 6.9489E-11 7.3539E-11 7.7790E-11 8.2249E-11 8.6817E-11 9.1768E-11 9.6847E-11 1.0217E-10 1.0768E-10 1.1338E-10 1.1940E-10 1.2562E-10 1.3211E-10 1.3882E-10 1.4580E-10 1.5308E-10 1.6065E-10 1.6853E-10 1.7673E-10 1.8524E-10 1.9409E-10 2.0328E-10 2.1281E-10 2.2270E-10 2.3295E-10 2.4357E-10 2.5457E-10 2.6595E-10 2.7773E-10
4.6666E-12 5.3116E-12 6.1238E-12 6.7596E-12 7.4564E-12 8.1485E-12 9.1555E-12 1.0319E-11 1.1634E-11 1.3334E-11 1.5412E-11 1.7342E-11 1.9533E-11 2.2153E-11 2.4610E-11 2.7206E-11 2.9710E-11 3.2728E-11 3.5744E-11 3.8939E-11 4.1973E-11 4.5450E-11 4.8518E-11 5.1700E-11 5.4884E-11 5.8397E-11 6.1980E-11 6.5820E-11 6.9743E-11 7.3809E-11 7.8129E-11 8.2555E-11 8.7204E-11 9.2063E-11 9.7163E-11 1.0256E-10 1.0810E-10 1.1376E-10 1.1981E-10 1.2606E-10 1.3257E-10 1.3930E-10 1.4632E-10 1.5362E-10 1.6123E-10 1.6914E-10 1.7737E-10 1.8592E-10 1.9480E-10 2.0403E-10 2.1360E-10 2.2353E-10 2.3383E-10 2.4449E-10 2.5554E-10 2.6698E-10 2.7881E-10
4.6550E-12 5.2996E-12 6.1115E-12 6.7470E-12 7.4435E-12 8.1352E-12 9.1425E-12 1.0307E-11 1.1623E-11 1.3326E-11 1.5559E-11 1.7439E-11 1.9715E-11 2.2167E-11 2.4719E-11 2.7313E-11 2.9746E-11 3.2823E-11 3.5882E-11 3.9230E-11 4.2132E-11 4.5591E-11 4.8750E-11 5.1815E-11 5.5087E-11 5.8586E-11 6.2130E-11 6.5985E-11 6.9921E-11 7.4052E-11 7.8337E-11 8.2778E-11 8.7443E-11 9.2320E-11 9.7488E-11 1.0286E-10 1.0841E-10 1.1416E-10 1.2017E-10 1.2644E-10 1.3298E-10 1.3973E-10 1.4677E-10 1.5410E-10 1.6173E-10 1.6968E-10 1.7793E-10 1.8652E-10 1.9544E-10 2.0470E-10 2.1430E-10 2.2427E-10 2.3461E-10 2.4532E-10 2.5641E-10 2.6788E-10 2.7976E-10
4.6418E-12 5.2857E-12 6.0970E-12 6.7320E-12 7.4279E-12 8.1190E-12 9.1262E-12 1.0291E-11 1.1742E-11 1.3314E-11 1.5550E-11 1.7514E-11 1.9714E-11 2.2171E-11 2.4813E-11 2.7630E-11 3.0106E-11 3.2857E-11 3.6176E-11 3.9284E-11 4.2524E-11 4.5666E-11 4.8835E-11 5.1958E-11 5.5321E-11 5.8748E-11 6.2381E-11 6.6222E-11 7.0120E-11 7.4214E-11 7.8512E-11 8.2967E-11 8.7746E-11 9.2649E-11 9.7723E-11 1.0311E-10 1.0868E-10 1.1451E-10 1.2047E-10 1.2676E-10 1.3332E-10 1.4010E-10 1.4716E-10 1.5452E-10 1.6217E-10 1.7014E-10 1.7842E-10 1.8704E-10 1.9598E-10 2.0527E-10 2.1492E-10 2.2492E-10 2.3529E-10 2.4603E-10 2.5716E-10 2.6868E-10 2.8060E-10
4.6271E-12 5.2700E-12 6.0805E-12 6.7146E-12 7.4096E-12 8.1000E-12 9.1066E-12 1.0272E-11 1.1724E-11 1.3401E-11 1.5535E-11 1.7501E-11 1.9705E-11 2.2167E-11 2.4918E-11 2.7637E-11 3.0214E-11 3.2956E-11 3.6205E-11 3.9321E-11 4.2571E-11 4.5800E-11 4.8900E-11 5.2031E-11 5.5403E-11 5.8838E-11 6.2532E-11 6.6332E-11 7.0240E-11 7.4344E-11 7.8654E-11 8.3171E-11 8.7913E-11 9.2829E-11 9.7978E-11 1.0332E-10 1.0891E-10 1.1475E-10 1.2079E-10 1.2703E-10 1.3361E-10 1.4041E-10 1.4749E-10 1.5486E-10 1.6254E-10 1.7053E-10 1.7884E-10 1.8748E-10 1.9645E-10 2.0577E-10 2.1543E-10 2.2547E-10 2.3587E-10 2.4664E-10 2.5780E-10 2.6936E-10 2.8131E-10
4.6108E-12 5.2525E-12 6.0618E-12 6.6949E-12 7.3888E-12 8.0780E-12 9.0837E-12 1.0354E-11 1.1700E-11 1.3379E-11 1.5514E-11 1.7482E-11 1.9688E-11 2.2153E-11 2.5011E-11 2.7633E-11 3.0293E-11 3.2962E-11 3.6268E-11 3.9423E-11 4.2825E-11 4.5837E-11 4.8991E-11 5.2209E-11 5.5460E-11 5.8953E-11 6.2652E-11 6.6461E-11 7.0330E-11 7.4545E-11 7.8812E-11 8.3289E-11 8.8042E-11 9.3021E-11 9.8191E-11 1.0348E-10 1.0908E-10 1.1494E-10 1.2099E-10 1.2731E-10 1.3385E-10 1.4066E-10 1.4775E-10 1.5515E-10 1.6284E-10 1.7085E-10 1.7918E-10 1.8783E-10 1.9683E-10 2.0617E-10 2.1586E-10 2.2592E-10 2.3634E-10 2.4715E-10 2.5833E-10 2.6992E-10 2.8190E-10
4.5930E-12 5.2333E-12 6.0410E-12 6.6729E-12 7.3654E-12 8.0533E-12 9.0576E-12 1.0409E-11 1.1673E-11 1.3352E-11 1.5592E-11 1.7456E-11 1.9767E-11 2.2212E-11 2.4993E-11 2.7701E-11 3.0432E-11 3.2955E-11 3.6268E-11 3.9579E-11 4.2888E-11 4.6036E-11 4.9015E-11 5.2238E-11 5.5544E-11 5.9074E-11 6.2700E-11 6.6516E-11 7.0490E-11 7.4613E-11 7.8888E-11 8.3372E-11 8.8184E-11 9.3122E-11 9.8301E-11 1.0360E-10 1.0921E-10 1.1508E-10 1.2115E-10 1.2748E-10 1.3402E-10 1.4084E-10 1.4795E-10 1.5536E-10 1.6307E-10 1.7109E-10 1.7944E-10 1.8811E-10 1.9712E-10 2.0648E-10 2.1619E-10 2.2627E-10 2.3671E-10 2.4754E-10 2.5875E-10 2.7036E-10 2.8237E-10
4.5736E-12 5.2123E-12 6.0182E-12 6.5173E-12 7.3394E-12 8.0257E-12 9.0282E-12 1.0378E-11 1.1641E-11 1.3319E-11 1.5560E-11 1.7424E-11 1.9815E-11 2.2181E-11 2.4964E-11 2.7675E-11 3.0408E-11 3.3119E-11 3.6252E-11 3.9668E-11 4.2883E-11 4.6036E-11 4.9095E-11 5.2245E-11 5.5555E-11 5.9090E-11 6.2720E-11 6.6592E-11 7.0521E-11 7.4649E-11 7.8929E-11 8.3469E-11 8.8239E-11 9.3182E-11 9.8370E-11 1.0374E-10 1.0930E-10 1.1517E-10 1.2125E-10 1.2759E-10 1.3414E-10 1.4097E-10 1.4809E-10 1.5551E-10 1.6323E-10 1.7126E-10 1.7962E-10 1.8830E-10 1.9733E-10 2.0670E-10 2.1643E-10 2.2652E-10 2.3698E-10 2.4783E-10 2.5906E-10 2.7069E-10 2.8271E-10
4.5528E-12 5.1896E-12 5.9933E-12 6.4909E-12 7.2171E-12 7.9953E-12 8.9957E-12 1.0344E-11 1.1605E-11 1.3282E-11 1.5521E-11 1.7384E-11 1.9775E-11 2.2235E-11 2.4926E-11 2.7740E-11 3.0524E-11 3.3086E-11 3.6301E-11 3.9642E-11 4.2859E-11 4.6092E-11 4.9078E-11 5.2277E-11 5.5670E-11 5.9081E-11 6.2764E-11 6.6636E-11 7.0569E-11 7.4701E-11 7.9037E-11 8.3542E-11 8.8255E-11 9.3203E-11 9.8446E-11 1.0383E-10 1.0933E-10 1.1521E-10 1.2129E-10 1.2764E-10 1.3420E-10 1.4103E-10 1.4816E-10 1.5558E-10 1.6331E-10 1.7135E-10 1.7972E-10 1.8842E-10 1.9745E-10 2.0683E-10 2.1657E-10 2.2667E-10 2.3715E-10 2.4801E-10 2.5925E-10 2.7089E-10 2.8294E-10
4.5305E-12 5.1651E-12 5.8293E-12 6.4624E-12 7.1863E-12 7.9621E-12 8.9600E-12 1.0306E-11 1.1565E-11 1.3239E-11 1.5477E-11 1.7338E-11 1.9824E-11 2.2186E-11 2.4877E-11 2.7691E-11 3.0622E-11 3.3210E-11 3.6255E-11 3.9647E-11 4.2898E-11 4.6053E-11 4.9121E-11 5.2240E-11 5.5635E-11 5.9095E-11 6.2811E-11 6.6605E-11 7.0540E-11 7.4724E-11 7.9012E-11 8.3518E-11 8.8233E-11 9.3234E-11 9.8430E-11 1.0381E-10 1.0938E-10 1.1520E-10 1.2129E-10 1.2764E-10 1.3420E-10 1.4104E-10 1.4817E-10 1.5559E-10 1.6333E-10 1.7137E-10 1.7974E-10 1.8844E-10 1.9748E-10 2.0687E-10 2.1662E-10 2.2673E-10 2.3721E-10 2.4808E-10 2.5933E-10 2.7098E-10 2.8303E-10
4.5067E-12 5.1390E-12 5.8009E-12 6.3525E-12 7.1531E-12 7.9262E-12 8.9212E-12 1.0265E-11 1.1521E-11 1.3192E-11 1.5426E-11 1.7285E-11 1.9769E-11 2.2214E-11 2.4818E-11 2.7632E-11 3.0561E-11 3.3149E-11 3.6194E-11 3.9587E-11 4.2989E-11 4.6045E-11 4.9113E-11 5.2258E-11 5.5575E-11 5.9036E-11 6.2752E-11 6.6546E-11 7.0480E-11 7.4665E-11 7.8952E-11 8.3458E-11 8.8222E-11 9.3174E-11 9.8371E-11 1.0375E-10 1.0938E-10 1.1515E-10 1.2123E-10 1.2758E-10 1.3414E-10 1.4098E-10 1.4811E-10 1.5554E-10 1.6327E-10 1.7132E-10 1.7969E-10 1.8839E-10 1.9743E-10 2.0682E-10 2.1657E-10 2.2668E-10 2.3717E-10 2.4803E-10 2.5929E-10 2.7094E-10 2.8300E-10
4.4815E-12 5.1112E-12 5.6383E-12 6.3198E-12 7.1174E-12 7.8876E-12 8.8793E-12 1.0219E-11 1.1339E-11 1.3140E-11 1.5370E-11 1.7309E-11 1.9706E-11 2.2148E-11 2.4829E-11 2.7561E-11 3.0570E-11 3.3075E-11 3.6201E-11 3.9511E-11 4.2912E-11 4.5967E-11 4.9034E-11 5.2177E-11 5.5540E-11 5.9030E-11 6.2666E-11 6.6458E-11 7.0441E-11 7.4573E-11 7.8858E-11 8.3462E-11 8.8185E-11 9.3074E-11 9.8269E-11 1.0365E-10 1.0928E-10 1.1504E-10 1.2112E-10 1.2746E-10 1.3402E-10 1.4086E-10 1.4799E-10 1.5541E-10 1.6314E-10 1.7119E-10 1.7955E-10 1.8825E-10 1.9729E-10 2.0668E-10 2.1643E-10 2.2654E-10 2.3702E-10 2.4788E-10 2.5914E-10 2.7079E-10 2.8285E-10
4.4548E-12 5.0818E-12 5.6066E-12 6.2850E-12 7.0794E-12 7.8464E-12 8.8344E-12 1.0064E-11 1.1286E-11 1.3083E-11 1.5307E-11 1.7088E-11 1.9635E-11 2.2072E-11 2.4751E-11 2.7478E-11 3.0485E-11 3.2987E-11 3.6111E-11 3.9496E-11 4.2818E-11 4.5870E-11 4.8934E-11 5.2074E-11 5.5434E-11 5.8968E-11 6.2602E-11 6.6392E-11 7.0321E-11 7.4450E-11 7.8730E-11 8.3331E-11 8.8050E-11 9.2934E-11 9.8124E-11 1.0350E-10 1.0912E-10 1.1494E-10 1.2095E-10 1.2729E-10 1.3385E-10 1.4068E-10 1.4780E-10 1.5522E-10 1.6294E-10 1.7098E-10 1.7934E-10 1.8803E-10 1.9707E-10 2.0645E-10 2.1619E-10 2.2629E-10 2.3677E-10 2.4762E-10 2.5887E-10 2.7052E-10 2.8256E-10
4.4268E-12 5.0508E-12 5.5731E-12 6.2482E-12 6.9564E-12 7.8025E-12 8.7865E-12 9.9164E-12 1.1230E-11 1.2916E-11 1.5086E-11 1.7016E-11 1.9460E-11 2.1989E-11 2.4662E-11 2.7385E-11 3.0387E-11 3.2886E-11 3.6106E-11 3.9387E-11 4.2804E-11 4.5833E-11 4.8813E-11 5.2030E-11 5.5355E-11 5.8834E-11 6.2463E-11 6.6248E-11 7.0171E-11 7.4294E-11 7.8619E-11 8.3164E-11 8.7876E-11 9.2754E-11 9.7937E-11 1.0331E-10 1.0892E-10 1.1473E-10 1.2073E-10 1.2707E-10 1.3361E-10 1.4044E-10 1.4755E-10 1.5496E-10 1.6267E-10 1.7070E-10 1.7905E-10 1.8773E-10 1.9676E-10 2.0613E-10 2.1585E-10 2.2594E-10 2.3641E-10 2.4726E-10 2.5849E-10 2.7012E-10 2.8216E-10
