Assets/Resources/2015_m01_d19_2300(utc+0800)_l00_csi_1hr_conc.grd
DSAA
         159         159
     -79.000      79.000
     -79.000      79.000
  0.0000E+00  0.1252E-04
[rows 75 to 99 of 159, columns 57 to 113 of 159]
7.8078E-09 8.0000E-09 8.1875E-09 8.3845E-09 8.5813E-09 8.7736E-09 8.9753E-09 9.1869E-09 9.3945E-09 9.6066E-09 9.8259E-09 1.0054E-08 1.0291E-08 1.0539E-08 1.0824E-08 1.1142E-08 1.1458E-08 1.1795E-08 1.2161E-08 1.2815E-08 1.6032E-08 1.7093E-08 2.3434E-08 2.7455E-08 3.2820E-08 3.6625E-08 4.0096E-08 4.1281E-08 4.2569E-08 4.4013E-08 4.5503E-08 4.7213E-08 5.4841E-08 3.1083E-07 1.1384E-06 1.5786E-06 1.6938E-06 1.7512E-06 1.4041E-06 6.2893E-07 3.7247E-07 3.4757E-07 3.5225E-07 3.3995E-07 3.1285E-07 2.7217E-07 2.2758E-07 1.8382E-07 1.4199E-07 1.0672E-07 7.7987E-08 5.5967E-08 3.9663E-08 2.7801E-08 1.9415E-08 1.3751E-08 9.8582E-09
7.4836E-09 7.6721E-09 7.8543E-09 8.0432E-09 8.2347E-09 8.4210E-09 8.6141E-09 8.8182E-09 9.0186E-09 9.2216E-09 9.4310E-09 9.6480E-09 9.8735E-09 1.0110E-08 1.0375E-08 1.0677E-08 1.0980E-08 1.1301E-08 1.1876E-08 1.2576E-08 1.5589E-08 2.1354E-08 2.4487E-08 2.9866E-08 3.3349E-08 3.6535E-08 3.7632E-08 3.8701E-08 3.9824E-08 4.1117E-08 4.2455E-08 4.7885E-08 3.9491E-07 1.4981E-06 1.9034E-06 1.9587E-06 1.9371E-06 1.4587E-06 5.2405E-07 1.6390E-07 1.6449E-07 1.9927E-07 2.2408E-07 2.2701E-07 2.1625E-07 1.9565E-07 1.6637E-07 1.3666E-07 1.0782E-07 8.2570E-08 6.1682E-08 4.5068E-08 3.2503E-08 2.3212E-08 1.6507E-08 1.1915E-08 8.7001E-09
7.1521E-09 7.3365E-09 7.5138E-09 7.6939E-09 7.8792E-09 8.0593E-09 8.2430E-09 8.4385E-09 8.6320E-09 8.8255E-09 9.0245E-09 9.2302E-09 9.4435E-09 9.6661E-09 9.9114E-09 1.0195E-08 1.0486E-08 1.0987E-08 1.1424E-08 1.4246E-08 1.9346E-08 2.2126E-08 2.5489E-08 3.0177E-08 3.3070E-08 3.4075E-08 3.5048E-08 3.5992E-08 3.6950E-08 3.8057E-08 4.1216E-08 4.2733E-07 1.6770E-06 1.9922E-06 2.0347E-06 2.0306E-06 1.4355E-06 4.2248E-07 9.1953E-08 8.7946E-08 1.1305E-07 1.3415E-07 1.4900E-07 1.5371E-07 1.4777E-07 1.3535E-07 1.1779E-07 9.8261E-08 7.9015E-08 6.1752E-08 4.7002E-08 3.5109E-08 2.5875E-08 1.8833E-08 1.3762E-08 1.0162E-08 7.5168E-09
6.8150E-09 6.9948E-09 7.1675E-09 7.3393E-09 7.5172E-09 7.6912E-09 7.8650E-09 8.0504E-09 8.2375E-09 8.4212E-09 8.6095E-09 8.8034E-09 9.0040E-09 9.2130E-09 9.4373E-09 9.7012E-09 1.0150E-08 1.0501E-08 1.3000E-08 1.5421E-08 1.9915E-08 2.2810E-08 2.7142E-08 2.9749E-08 3.0662E-08 3.1918E-08 6.0583E-06 6.9209E-06 3.9589E-06 2.9250E-06 1.5492E-06 2.1228E-06 2.5874E-06 3.6046E-06 3.9883E-06 1.9764E-06 3.6249E-07 6.1029E-08 5.5065E-08 6.5512E-08 7.9879E-08 9.1324E-08 9.8899E-08 1.0173E-07 9.8646E-08 9.1191E-08 8.0705E-08 6.8391E-08 5.6252E-08 4.4879E-08 3.4906E-08 2.6750E-08 2.0175E-08 1.5037E-08 1.1317E-08 8.5414E-09 6.4777E-09
6.4746E-09 6.6485E-09 6.8171E-09 6.9812E-09 7.1508E-09 7.3191E-09 7.4834E-09 7.6573E-09 7.8370E-09 8.0115E-09 8.1889E-09 8.3710E-09 8.5587E-09 8.7537E-09 8.9589E-09 9.2069E-09 9.6555E-09 1.1837E-08 1.3917E-08 1.7899E-08 2.0407E-08 2.4230E-08 2.5139E-08 4.7067E-06 4.5394E-06 4.3430E-06 4.0264E-06 4.0101E-06 3.9415E-06 6.2414E-06 1.0816E-05 1.2521E-05 1.0359E-05 5.0066E-06 1.0744E-06 1.6070E-07 4.5146E-08 4.3369E-08 4.6338E-08 5.0840E-08 5.6918E-08 6.2987E-08 6.6808E-08 6.7692E-08 6.5734E-08 6.0756E-08 5.4463E-08 4.7148E-08 3.9496E-08 3.2067E-08 2.5717E-08 2.0188E-08 1.5507E-08 1.1974E-08 9.2720E-09 7.1021E-09 5.5878E-09
6.1334E-09 6.2999E-09 6.4645E-09 6.6217E-09 6.7826E-09 6.9450E-09 7.1011E-09 7.2626E-09 7.4333E-09 7.5993E-09 7.7658E-09 7.9359E-09 8.1107E-09 8.2920E-09 8.4845E-09 8.8492E-09 1.0612E-08 1.2546E-08 1.4730E-08 1.8212E-08 2.1567E-08 2.2300E-08 2.4367E-08 2.5110E-08 2.5785E-08 4.9608E-07 3.5322E-06 7.5419E-06 8.8481E-06 3.1455E-06 6.7498E-07 1.2127E-07 3.2775E-08 3.1924E-08 3.2991E-08 3.4255E-08 3.5686E-08 3.7284E-08 3.8810E-08 3.9964E-08 4.1225E-08 4.4579E-08 4.6296E-08 4.6107E-08 4.4295E-08 4.1171E-08 3.7236E-08 3.2433E-08 2.7757E-08 2.3256E-08 1.8994E-08 1.5063E-08 1.2076E-08 9.6056E-09 7.5306E-09 5.9957E-09 4.8023E-09
5.7933E-09 5.9518E-09 6.1113E-09 6.2632E-09 6.4144E-09 6.5701E-09 6.7202E-09 6.8694E-09 7.0291E-09 7.1878E-09 7.3430E-09 7.5013E-09 7.6634E-09 7.8330E-09 8.1318E-09 9.6068E-09 1.1274E-08 1.3151E-08 1.6183E-08 1.7853E-08 1.9754E-08 2.1539E-08 2.2174E-08 2.2814E-08 2.3389E-08 2.3917E-08 2.4413E-08 2.4881E-08 2.5332E-08 2.5768E-08 2.6219E-08 2.6824E-08 2.7551E-08 2.8253E-08 2.8988E-08 2.9835E-08 3.0802E-08 3.1788E-08 3.2272E-08 3.1588E-08 3.1641E-08 3.2196E-08 3.2442E-08 3.2071E-08 3.0714E-08 2.8462E-08 2.5924E-08 2.3127E-08 2.0115E-08 1.6875E-08 1.4105E-08 1.1677E-08 9.5290E-09 7.6575E-09 6.2433E-09 5.0655E-09 4.0220E-09
5.4565E-09 5.6065E-09 5.7591E-09 5.9070E-09 6.0492E-09 6.1960E-09 6.3414E-09 6.4805E-09 6.6274E-09 6.7789E-09 6.9236E-09 7.0699E-09 7.2207E-09 7.4767E-09 8.7214E-09 9.1335E-09 1.1694E-08 1.4320E-08 1.5745E-08 1.7421E-08 1.8989E-08 1.9531E-08 2.0045E-08 2.0567E-08 2.1066E-08 2.1495E-08 2.1895E-08 2.2274E-08 2.2637E-08 2.2993E-08 2.3344E-08 2.3734E-08 2.4250E-08 2.4816E-08 2.5325E-08 2.5846E-08 2.6357E-08 2.6805E-08 2.6198E-08 2.6078E-08 2.5077E-08 2.4427E-08 2.3718E-08 2.3099E-08 2.2119E-08 2.0511E-08 1.8806E-08 1.6764E-08 1.4786E-08 1.2830E-08 1.0909E-08 9.0929E-09 7.5815E-09 6.3230E-09 5.1993E-09 4.1841E-09 3.4744E-09
5.1236E-09 5.2665E-09 5.4106E-09 5.5540E-09 5.6892E-09 5.8261E-09 5.9655E-09 6.0979E-09 6.2314E-09 6.3736E-09 6.5104E-09 6.6456E-09 6.8858E-09 7.9314E-09 8.2573E-09 1.0417E-08 1.1689E-08 1.3834E-08 1.5298E-08 1.6658E-08 1.7141E-08 1.7596E-08 1.8015E-08 1.8416E-08 1.8826E-08 1.9191E-08 1.9509E-08 1.9815E-08 2.0107E-08 2.0394E-08 2.0674E-08 2.0939E-08 2.1209E-08 2.1527E-08 2.1978E-08 2.2284E-08 2.2434E-08 2.2418E-08 2.1915E-08 2.1092E-08 2.0605E-08 1.9376E-08 1.8428E-08 1.7150E-08 1.6353E-08 1.5471E-08 1.4185E-08 1.2837E-08 1.1374E-08 9.8003E-09 8.5343E-09 7.3449E-09 6.2140E-09 5.1417E-09 4.3014E-09 3.6098E-09 3.0390E-09
4.7954E-09 4.9337E-09 5.0683E-09 5.2055E-09 5.3364E-09 5.4629E-09 5.5938E-09 5.7224E-09 5.8440E-09 5.9738E-09 6.1055E-09 6.3124E-09 6.4898E-09 7.4732E-09 9.2800E-09 1.0316E-08 1.2134E-08 1.3373E-08 1.4546E-08 1.4976E-08 1.5378E-08 1.5753E-08 1.6093E-08 1.6396E-08 1.6705E-08 1.7020E-08 1.7288E-08 1.7527E-08 1.7767E-08 1.7990E-08 1.8205E-08 1.8392E-08 1.8547E-08 1.8676E-08 1.8798E-08 1.8960E-08 1.8870E-08 1.8611E-08 1.8248E-08 1.7559E-08 1.6941E-08 1.5944E-08 1.5051E-08 1.3811E-08 1.2858E-08 1.2089E-08 1.1046E-08 9.9220E-09 8.8750E-09 7.8657E-09 6.8956E-09 5.8354E-09 5.0586E-09 4.3421E-09 3.6713E-09 3.1239E-09 2.6703E-09
4.4736E-09 4.6082E-09 4.7350E-09 4.8634E-09 4.9908E-09 5.1096E-09 5.2301E-09 5.3533E-09 5.4677E-09 5.5837E-09 5.7738E-09 5.9152E-09 6.7415E-09 7.6006E-09 9.0997E-09 1.0118E-08 1.1663E-08 1.2631E-08 1.3014E-08 1.3387E-08 1.3717E-08 1.4019E-08 1.4289E-08 1.4533E-08 1.4742E-08 1.4989E-08 1.5234E-08 1.5438E-08 1.5621E-08 1.5799E-08 1.5943E-08 1.6066E-08 1.6158E-08 1.6196E-08 1.6176E-08 1.6054E-08 1.5564E-08 1.5373E-08 1.4710E-08 1.4485E-08 1.3693E-08 1.3148E-08 1.2176E-08 1.1434E-08 1.0646E-08 9.7626E-09 8.9254E-09 8.0812E-09 7.2551E-09 6.4062E-09 5.6664E-09 4.9687E-09 4.3056E-09 3.6684E-09 3.1602E-09 2.7266E-09 2.3084E-09
4.1611E-09 4.2898E-09 4.4124E-09 4.5310E-09 4.6522E-09 4.7675E-09 4.8769E-09 4.9913E-09 5.1028E-09 5.2111E-09 5.3849E-09 6.0765E-09 6.7500E-09 8.0200E-09 8.8550E-09 1.0158E-08 1.0499E-08 1.1281E-08 1.1581E-08 1.1888E-08 1.2167E-08 1.2407E-08 1.2624E-08 1.2811E-08 1.2988E-08 1.3138E-08 1.3339E-08 1.3536E-08 1.3686E-08 1.3805E-08 1.3907E-08 1.3971E-08 1.4007E-08 1.3992E-08 1.3914E-08 1.3695E-08 1.3244E-08 1.2685E-08 1.2376E-08 1.1690E-08 1.1357E-08 1.0602E-08 1.0088E-08 9.4849E-09 8.8338E-09 8.1602E-09 7.4326E-09 6.7282E-09 6.0666E-09 5.4257E-09 4.8141E-09 4.1750E-09 3.6322E-09 3.1567E-09 2.7374E-09 2.3254E-09 2.0078E-09
3.8604E-09 3.9806E-09 4.0999E-09 4.2110E-09 4.3231E-09 4.4349E-09 4.5377E-09 4.6404E-09 4.7484E-09 4.8957E-09 5.4554E-09 6.0148E-09 6.6792E-09 7.7483E-09 8.8306E-09 9.0982E-09 9.7777E-09 1.0030E-08 1.0266E-08 1.0499E-08 1.0731E-08 1.0931E-08 1.1098E-08 1.1257E-08 1.1392E-08 1.1524E-08 1.1634E-08 1.1793E-08 1.1943E-08 1.2026E-08 1.2073E-08 1.2107E-08 1.2099E-08 1.2037E-08 1.1909E-08 1.1570E-08 1.1295E-08 1.0828E-08 1.0442E-08 9.8506E-09 9.1946E-09 8.7109E-09 8.3349E-09 7.8152E-09 7.3637E-09 6.8033E-09 6.2459E-09 5.6869E-09 5.0792E-09 4.5643E-09 4.0401E-09 3.5456E-09 3.1104E-09 2.6831E-09 2.3353E-09 2.0265E-09 1.7673E-09
3.5716E-09 3.6835E-09 3.7962E-09 3.9045E-09 4.0066E-09 4.1112E-09 4.2119E-09 4.3044E-09 4.4397E-09 4.8644E-09 5.3496E-09 5.8778E-09 6.7740E-09 7.6678E-09 7.8907E-09 8.4604E-09 8.6761E-09 8.8796E-09 9.0681E-09 9.2381E-09 9.4121E-09 9.5853E-09 9.7298E-09 9.8530E-09 9.9742E-09 1.0075E-08 1.0176E-08 1.0245E-08 1.0331E-08 1.0432E-08 1.0461E-08 1.0453E-08 1.0416E-08 1.0329E-08 1.0083E-08 9.8859E-09 9.5204E-09 9.2189E-09 8.7629E-09 8.3697E-09 7.8395E-09 7.4335E-09 7.0018E-09 6.5522E-09 6.0857E-09 5.7060E-09 5.2429E-09 4.7790E-09 4.3315E-09 3.8673E-09 3.3660E-09 2.9896E-09 2.6441E-09 2.3122E-09 2.0246E-09 1.7749E-09 1.5474E-09
3.2940E-09 3.4006E-09 3.5045E-09 3.6086E-09 3.7057E-09 3.8002E-09 3.8968E-09 4.0141E-09 4.3560E-09 4.5420E-09 5.1859E-09 5.9043E-09 6.3391E-09 6.8399E-09 7.3131E-09 7.4969E-09 7.6709E-09 7.8329E-09 7.9805E-09 8.1145E-09 8.2333E-09 8.3652E-09 8.5033E-09 8.6138E-09 8.7103E-09 8.8027E-09 8.8760E-09 8.9348E-09 8.9551E-09 8.9663E-09 8.9736E-09 8.9702E-09 8.8960E-09 8.8490E-09 8.6310E-09 8.4316E-09 8.1301E-09 7.7628E-09 7.4564E-09 7.0192E-09 6.6906E-09 6.3386E-09 5.9688E-09 5.5804E-09 5.1963E-09 4.8067E-09 4.4131E-09 4.0289E-09 3.6117E-09 3.2318E-09 2.8918E-09 2.5769E-09 2.2601E-09 2.0014E-09 1.7666E-09 1.5394E-09 1.3457E-09
3.0292E-09 3.1297E-09 3.2274E-09 3.3236E-09 3.4186E-09 3.5054E-09 3.6149E-09 3.9007E-09 4.0270E-09 4.5673E-09 5.1562E-09 5.5059E-09 5.9103E-09 6.3103E-09 6.4743E-09 6.6230E-09 6.7619E-09 6.8891E-09 7.0047E-09 7.1099E-09 7.2055E-09 7.2952E-09 7.3992E-09 7.5144E-09 7.6041E-09 7.6786E-09 7.7374E-09 7.7702E-09 7.7812E-09 7.7595E-09 7.7207E-09 7.6707E-09 7.6126E-09 7.4251E-09 7.3344E-09 7.1008E-09 6.9359E-09 6.6233E-09 6.3473E-09 5.9959E-09 5.7109E-09 5.4001E-09 5.0863E-09 4.7667E-09 4.4373E-09 4.1074E-09 3.7397E-09 3.4070E-09 3.0679E-09 2.7660E-09 2.4689E-09 2.1954E-09 1.9559E-09 1.7391E-09 1.5151E-09 1.3422E-09 1.1847E-09
2.7794E-09 2.8711E-09 2.9645E-09 3.0533E-09 3.1420E-09 3.2440E-09 3.4740E-09 3.5883E-09 4.0251E-09 4.3116E-09 4.7817E-09 5.1196E-09 5.4392E-09 5.5751E-09 5.7125E-09 5.8369E-09 5.9467E-09 6.0464E-09 6.1385E-09 6.2214E-09 6.3029E-09 6.3763E-09 6.4487E-09 6.5302E-09 6.6246E-09 6.6959E-09 6.7395E-09 6.7534E-09 6.7448E-09 6.7215E-09 6.6714E-09 6.5999E-09 6.4494E-09 6.3628E-09 6.1665E-09 6.0023E-09 5.7997E-09 5.5782E-09 5.3337E-09 5.0874E-09 4.8636E-09 4.5947E-09 4.3181E-09 4.0465E-09 3.7690E-09 3.4636E-09 3.1813E-09 2.8832E-09 2.5939E-09 2.3551E-09 2.1137E-09 1.8891E-09 1.6768E-09 1.4945E-09 1.3236E-09 1.1728E-09 1.0247E-09
2.5392E-09 2.6298E-09 2.7134E-09 2.7993E-09 2.8920E-09 2.9789E-09 3.1895E-09 3.5341E-09 3.7730E-09 4.1557E-09 4.4234E-09 4.6913E-09 4.8132E-09 4.9201E-09 5.0260E-09 5.1314E-09 5.2216E-09 5.3025E-09 5.3740E-09 5.4471E-09 5.5118E-09 5.5792E-09 5.6387E-09 5.6970E-09 5.7538E-09 5.8115E-09 5.8324E-09 5.8687E-09 5.8509E-09 5.8162E-09 5.7660E-09 5.6953E-09 5.5728E-09 5.4643E-09 5.2928E-09 5.0833E-09 4.9068E-09 4.7145E-09 4.5024E-09 4.3319E-09 4.1185E-09 3.9255E-09 3.6880E-09 3.4278E-09 3.1727E-09 2.9209E-09 2.6733E-09 2.4404E-09 2.2272E-09 2.0049E-09 1.7865E-09 1.6195E-09 1.4534E-09 1.2942E-09 1.1359E-09 1.0230E-09 9.3749E-10
2.3186E-09 2.3975E-09 2.4812E-09 2.5654E-09 2.6430E-09 2.8216E-09 3.0066E-09 3.2979E-09 3.5050E-09 3.8288E-09 4.0487E-09 4.1458E-09 4.2454E-09 4.3410E-09 4.4207E-09 4.4995E-09 4.5809E-09 4.6470E-09 4.7123E-09 4.7688E-09 4.8306E-09 4.8842E-09 4.9400E-09 4.9869E-09 5.0271E-09 5.0512E-09 5.0489E-09 5.0265E-09 5.0218E-09 5.0129E-09 4.9854E-09 4.8930E-09 4.8147E-09 4.6877E-09 4.5648E-09 4.3905E-09 4.2373E-09 4.0248E-09 3.8510E-09 3.6702E-09 3.5138E-09 3.3190E-09 3.0836E-09 2.9153E-09 2.6799E-09 2.4457E-09 2.2641E-09 2.0600E-09 1.8681E-09 1.7131E-09 1.5455E-09 1.3845E-09 1.2435E-09 1.1105E-09 1.0151E-09 9.3144E-10 8.4365E-10
2.1036E-09 2.1855E-09 2.2576E-09 2.3380E-09 2.4853E-09 2.6317E-09 2.8751E-09 3.0493E-09 3.3090E-09 3.4011E-09 3.5807E-09 3.6665E-09 3.7417E-09 3.8191E-09 3.8921E-09 3.9514E-09 4.0067E-09 4.0775E-09 4.1325E-09 4.1883E-09 4.2361E-09 4.2884E-09 4.3319E-09 4.3736E-09 4.3995E-09 4.3990E-09 4.3793E-09 4.3677E-09 4.3202E-09 4.2928E-09 4.2498E-09 4.2382E-09 4.1377E-09 4.0451E-09 3.9157E-09 3.7930E-09 3.6244E-09 3.4819E-09 3.3326E-09 3.1727E-09 2.9636E-09 2.8055E-09 2.5958E-09 2.4125E-09 2.2688E-09 2.0892E-09 1.9119E-09 1.7370E-09 1.5979E-09 1.4553E-09 1.3085E-09 1.1999E-09 1.0790E-09 1.0012E-09 9.1736E-10 8.3837E-10 7.6644E-10
1.9004E-09 1.9709E-09 2.0433E-09 2.1176E-09 2.2998E-09 2.4360E-09 2.6329E-09 2.8516E-09 2.9351E-09 3.0884E-09 3.1618E-09 3.2364E-09 3.3042E-09 3.3607E-09 3.4181E-09 3.4766E-09 3.5249E-09 3.5688E-09 3.6265E-09 3.6812E-09 3.7288E-09 3.7690E-09 3.8089E-09 3.8383E-09 3.8463E-09 3.8388E-09 3.8344E-09 3.7982E-09 3.7651E-09 3.7011E-09 3.6443E-09 3.6038E-09 3.5369E-09 3.4738E-09 3.3845E-09 3.2472E-09 3.1362E-09 3.0026E-09 2.8367E-09 2.7064E-09 2.5246E-09 2.3570E-09 2.2054E-09 2.0570E-09 1.9074E-09 1.7564E-09 1.6394E-09 1.4898E-09 1.3587E-09 1.2614E-09 1.1349E-09 1.0516E-09 9.7311E-10 9.0255E-10 8.2913E-10 7.5939E-10 6.9506E-10
1.7179E-09 1.7804E-09 1.8440E-09 1.9046E-09 1.9792E-09 2.0895E-09 2.3097E-09 2.4257E-09 2.6483E-09 2.7020E-09 2.7753E-09 2.8321E-09 2.8879E-09 2.9412E-09 2.9791E-09 3.0526E-09 3.1010E-09 3.1485E-09 3.1855E-09 3.2281E-09 3.2772E-09 3.3219E-09 3.3533E-09 3.3664E-09 3.3790E-09 3.3717E-09 3.3488E-09 3.3284E-09 3.2828E-09 3.2408E-09 3.1843E-09 3.1155E-09 3.0455E-09 2.9697E-09 2.9082E-09 2.7591E-09 2.6647E-09 2.5224E-09 2.4064E-09 2.2576E-09 2.1488E-09 1.9972E-09 1.8794E-09 1.7350E-09 1.6360E-09 1.4990E-09 1.3812E-09 1.2905E-09 1.1798E-09 1.0825E-09 1.0132E-09 9.4745E-10 8.8110E-10 8.0943E-10 7.4039E-10 6.8878E-10 6.3408E-10
1.5535E-09 1.6127E-09 1.6697E-09 1.7249E-09 1.7779E-09 1.8357E-09 1.9375E-09 2.0365E-09 2.1745E-09 2.2370E-09 2.3459E-09 2.4102E-09 2.4803E-09 2.5217E-09 2.5642E-09 2.6897E-09 2.6752E-09 2.7046E-09 2.7687E-09 2.8196E-09 2.8629E-09 2.8993E-09 2.9412E-09 2.9661E-09 2.9661E-09 2.9533E-09 2.9442E-09 2.9119E-09 2.8740E-09 2.8281E-09 2.7312E-09 2.6803E-09 2.6100E-09 2.5378E-09 2.4100E-09 2.3389E-09 2.2151E-09 2.1374E-09 2.0208E-09 1.9212E-09 1.7881E-09 1.7043E-09 1.5961E-09 1.4955E-09 1.3725E-09 1.2920E-09 1.1833E-09 1.1100E-09 1.0431E-09 9.7960E-10 9.1962E-10 8.4524E-10 7.8030E-10 7.2949E-10 6.7952E-10 6.2260E-10 5.7577E-10
1.4020E-09 1.4569E-09 1.5104E-09 1.5626E-09 1.6125E-09 1.6600E-09 1.7121E-09 1.7554E-09 1.8033E-09 1.8415E-09 1.9724E-09 2.0105E-09 2.0981E-09 2.1093E-09 2.2068E-09 2.2028E-09 2.3135E-09 2.2977E-09 2.3035E-09 2.3729E-09 2.3629E-09 2.4080E-09 2.4393E-09 2.4721E-09 2.4987E-09 2.5015E-09 2.4846E-09 2.4597E-09 2.4243E-09 2.3814E-09 2.3016E-09 2.2479E-09 2.1978E-09 2.1403E-09 2.0233E-09 1.9584E-09 1.8721E-09 1.7754E-09 1.7077E-09 1.6113E-09 1.5272E-09 1.4186E-09 1.3527E-09 1.2788E-09 1.1825E-09 1.1216E-09 1.0592E-09 9.9262E-10 9.3748E-10 8.7598E-10 8.1675E-10 7.6075E-10 7.1378E-10 6.5975E-10 6.0980E-10 5.6912E-10 5.3034E-10
1.2590E-09 1.3131E-09 1.3629E-09 1.4112E-09 1.4588E-09 1.5038E-09 1.5465E-09 1.5927E-09 1.6319E-09 1.6734E-09 1.7081E-09 1.7438E-09 1.7745E-09 1.8042E-09 1.8413E-09 1.8962E-09 1.9478E-09 1.9696E-09 1.9883E-09 2.0432E-09 2.0090E-09 2.0191E-09 2.0102E-09 2.0419E-09 2.0569E-09 2.0574E-09 2.0664E-09 2.0554E-09 2.0352E-09 1.9872E-09 1.9363E-09 1.8966E-09 1.8449E-09 1.7955E-09 1.7398E-09 1.6476E-09 1.5882E-09 1.4870E-09 1.4297E-09 1.3740E-09 1.2759E-09 1.2191E-09 1.1675E-09 1.1135E-09 1.0589E-09 1.0049E-09 9.5378E-10 8.9547E-10 8.4000E-10 7.8784E-10 7.3856E-10 6.8962E-10 6.4046E-10 5.9391E-10 5.6021E-10 5.1810E-10 4.7517E-10
