Assets/Resources/2015_m01_d24_0100(utc+0800)_l00_csi_1hr_conc.grd
DSAA
         159         159
     -79.000      79.000
     -79.000      79.000
  0.1494E-10  0.1450E-04
[rows 25 to 49 of 159, columns 57 to 113 of 159]
1.6934E-10 1.7340E-10 1.7745E-10 1.8154E-10 1.8561E-10 1.8968E-10 1.9375E-10 1.9780E-10 2.0183E-10 2.0586E-10 2.0984E-10 2.1377E-10 2.1766E-10 2.2149E-10 2.2526E-10 2.2893E-10 2.3250E-10 2.3597E-10 2.3932E-10 2.4256E-10 2.4570E-10 2.4872E-10 2.5163E-10 2.5442E-10 2.5710E-10 2.5967E-10 2.6212E-10 2.6445E-10 2.6668E-10 2.6879E-10 2.9008E-10 3.3139E-10 4.4458E-10 4.5571E-10 4.6645E-10 4.6993E-10 4.8010E-10 4.8319E-10 4.8605E-10 4.9539E-10 4.9783E-10 5.0002E-10 5.0198E-10 5.0370E-10 5.0517E-10 5.1297E-10 5.1399E-10 5.1477E-10 5.1530E-10 5.1560E-10 5.1566E-10 5.1548E-10 5.1507E-10 5.1443E-10 5.1357E-10 5.1248E-10 5.1117E-10
1.7062E-10 1.7471E-10 1.7884E-10 1.8298E-10 1.8711E-10 1.9127E-10 1.9541E-10 1.9954E-10 2.0366E-10 2.0774E-10 2.1181E-10 2.1585E-10 2.1984E-10 2.2376E-10 2.2764E-10 2.3143E-10 2.3514E-10 2.3874E-10 2.4223E-10 2.4561E-10 2.4887E-10 2.5202E-10 2.5505E-10 2.5796E-10 2.6076E-10 2.6344E-10 2.6600E-10 2.6844E-10 3.1471E-10 4.2991E-10 4.5522E-10 4.6681E-10 4.7803E-10 4.8219E-10 4.9282E-10 4.9659E-10 5.0011E-10 5.0339E-10 5.1300E-10 5.1584E-10 5.3951E-10 5.4220E-10 5.4488E-10 5.7831E-10 6.0168E-10 6.0376E-10 6.1336E-10 6.3144E-10 6.3226E-10 6.3263E-10 6.4021E-10 6.3973E-10 6.2201E-10 6.2072E-10 6.1909E-10 6.0970E-10 6.0760E-10
1.7189E-10 1.7606E-10 1.8023E-10 1.8442E-10 1.8864E-10 1.9284E-10 1.9706E-10 2.0127E-10 2.0547E-10 2.0965E-10 2.1380E-10 2.1792E-10 2.2201E-10 2.2605E-10 2.3002E-10 2.3393E-10 2.3777E-10 2.4151E-10 2.4514E-10 2.4866E-10 2.5206E-10 2.5534E-10 2.5850E-10 2.6154E-10 2.6445E-10 2.8658E-10 4.0385E-10 4.4455E-10 4.6432E-10 4.7641E-10 4.8144E-10 4.9300E-10 4.9765E-10 5.0206E-10 5.1284E-10 5.3794E-10 5.4247E-10 5.8489E-10 6.2151E-10 6.5839E-10 6.6288E-10 6.7433E-10 6.7769E-10 6.8701E-10 6.9703E-10 6.9923E-10 7.0096E-10 7.0223E-10 7.0305E-10 7.0341E-10 7.0332E-10 7.0278E-10 7.0180E-10 7.0070E-10 6.9926E-10 6.9722E-10 6.9477E-10
1.7321E-10 1.7741E-10 1.8162E-10 1.8588E-10 1.9015E-10 1.9443E-10 1.9872E-10 2.0299E-10 2.0727E-10 2.1154E-10 2.1578E-10 2.2000E-10 2.2417E-10 2.2831E-10 2.3240E-10 2.3643E-10 2.4039E-10 2.4426E-10 2.4804E-10 2.5171E-10 2.5525E-10 2.5867E-10 2.6196E-10 2.8451E-10 4.2496E-10 4.5171E-10 4.7173E-10 4.7766E-10 4.9012E-10 4.9568E-10 5.0760E-10 5.1276E-10 5.3919E-10 5.6824E-10 6.4610E-10 6.6100E-10 6.8090E-10 6.8695E-10 6.9991E-10 7.0501E-10 7.0963E-10 7.1375E-10 7.3297E-10 7.3601E-10 7.3863E-10 7.4083E-10 7.4260E-10 7.4396E-10 7.4488E-10 7.4538E-10 7.4546E-10 7.4513E-10 7.4437E-10 7.4298E-10 7.4107E-10 7.3870E-10 7.3589E-10
1.7454E-10 1.7877E-10 1.8305E-10 1.8735E-10 1.9167E-10 1.9601E-10 2.0036E-10 2.0472E-10 2.0907E-10 2.1341E-10 2.1775E-10 2.2205E-10 2.2633E-10 2.3057E-10 2.3476E-10 2.3891E-10 2.4299E-10 2.4699E-10 2.5091E-10 2.5473E-10 2.5844E-10 2.8135E-10 4.2247E-10 4.5703E-10 4.7067E-10 4.8401E-10 4.9050E-10 5.0335E-10 5.0947E-10 5.4313E-10 5.8261E-10 6.4728E-10 6.6951E-10 6.8504E-10 7.0012E-10 7.0729E-10 7.2203E-10 7.3496E-10 7.4029E-10 7.4521E-10 7.5013E-10 7.5521E-10 7.7518E-10 7.7907E-10 7.8235E-10 7.8504E-10 7.8712E-10 7.8862E-10 7.8954E-10 7.8987E-10 7.8962E-10 7.8880E-10 7.8740E-10 7.8543E-10 7.8289E-10 7.8037E-10 7.7787E-10
1.7588E-10 1.8017E-10 1.8448E-10 1.8882E-10 1.9321E-10 1.9759E-10 2.0201E-10 2.0644E-10 2.1085E-10 2.1529E-10 2.1970E-10 2.2409E-10 2.2846E-10 2.3280E-10 2.3710E-10 2.4135E-10 2.4556E-10 2.4969E-10 2.5373E-10 2.5770E-10 3.9624E-10 4.5348E-10 4.6787E-10 4.8195E-10 4.8915E-10 5.0278E-10 5.0963E-10 5.4533E-10 6.2836E-10 6.6682E-10 6.8387E-10 7.0066E-10 7.1764E-10 7.3245E-10 7.3969E-10 7.4660E-10 7.7050E-10 7.7825E-10 7.8530E-10 7.9144E-10 7.9648E-10 8.0797E-10 8.2034E-10 8.2399E-10 8.2713E-10 8.2976E-10 8.3188E-10 8.3348E-10 8.4257E-10 8.4315E-10 8.4322E-10 8.4278E-10 8.4184E-10 8.4039E-10 8.3846E-10 8.3552E-10 8.3179E-10
1.7721E-10 1.8155E-10 1.8593E-10 1.9032E-10 1.9474E-10 1.9920E-10 2.0367E-10 2.0814E-10 2.1265E-10 2.1714E-10 2.2163E-10 2.2612E-10 2.3057E-10 2.3501E-10 2.3941E-10 2.4377E-10 2.4808E-10 2.5233E-10 3.9046E-10 4.4801E-10 4.6305E-10 4.7789E-10 4.9246E-10 5.0032E-10 5.1444E-10 6.1792E-10 6.5120E-10 6.7699E-10 6.9562E-10 7.1441E-10 7.3073E-10 7.3948E-10 7.6419E-10 7.7483E-10 7.8463E-10 7.9950E-10 8.1503E-10 8.2191E-10 8.2833E-10 8.3426E-10 8.5448E-10 8.5948E-10 8.6395E-10 8.6789E-10 8.7128E-10 8.7412E-10 8.8422E-10 8.8598E-10 8.8717E-10 8.8781E-10 8.8789E-10 8.8743E-10 8.8641E-10 8.8486E-10 8.8279E-10 8.8020E-10 8.7711E-10
1.7853E-10 1.8293E-10 1.8736E-10 1.9181E-10 1.9630E-10 2.0080E-10 2.0531E-10 2.0987E-10 2.1443E-10 2.1899E-10 2.2356E-10 2.2812E-10 2.3267E-10 2.3719E-10 2.4169E-10 2.4615E-10 2.8091E-10 4.0431E-10 4.5644E-10 4.7188E-10 4.8714E-10 4.9568E-10 5.1059E-10 6.2184E-10 6.5005E-10 6.8451E-10 7.0581E-10 7.2382E-10 7.3408E-10 7.5961E-10 7.7228E-10 7.9124E-10 8.0895E-10 8.1807E-10 8.2676E-10 8.4183E-10 8.5773E-10 8.6514E-10 8.7205E-10 8.9550E-10 9.0145E-10 9.0685E-10 9.1168E-10 9.1593E-10 9.2435E-10 9.2745E-10 9.2995E-10 9.3184E-10 9.3313E-10 9.4746E-10 9.4757E-10 9.4708E-10 9.4600E-10 9.4433E-10 9.4209E-10 9.3028E-10 9.2695E-10
1.7983E-10 1.8428E-10 1.8878E-10 1.9330E-10 1.9784E-10 2.0240E-10 2.0699E-10 2.1159E-10 2.1620E-10 2.2084E-10 2.2547E-10 2.3011E-10 2.3474E-10 2.3935E-10 2.4395E-10 3.8289E-10 4.4832E-10 4.6421E-10 4.7998E-10 4.9558E-10 5.0471E-10 6.1593E-10 6.4572E-10 6.8981E-10 7.1120E-10 7.2310E-10 7.5019E-10 7.6206E-10 7.8377E-10 8.0432E-10 8.1519E-10 8.3251E-10 8.5072E-10 8.6051E-10 8.7914E-10 8.9591E-10 9.0442E-10 9.1242E-10 9.2566E-10 9.4309E-10 9.5070E-10 9.5744E-10 9.6798E-10 9.7315E-10 9.7751E-10 9.8102E-10 9.9256E-10 9.9462E-10 1.0004E-09 1.0008E-09 1.0005E-09 9.9933E-10 9.9740E-10 9.9466E-10 9.9117E-10 9.8691E-10 9.8247E-10
1.8111E-10 1.8563E-10 1.9018E-10 1.9475E-10 1.9936E-10 2.0399E-10 2.0864E-10 2.1331E-10 2.1799E-10 2.2267E-10 2.2738E-10 2.3209E-10 2.3679E-10 2.7186E-10 4.0266E-10 4.5515E-10 4.7134E-10 4.8742E-10 4.9707E-10 5.6755E-10 6.3859E-10 6.8324E-10 7.0600E-10 7.2763E-10 7.4755E-10 7.6049E-10 7.9252E-10 8.0595E-10 8.2513E-10 8.4528E-10 8.5695E-10 8.7757E-10 8.9637E-10 9.0692E-10 9.2294E-10 9.4397E-10 9.5501E-10 9.6463E-10 9.7760E-10 9.9418E-10 1.0013E-09 1.0078E-09 1.0181E-09 1.0233E-09 1.0362E-09 1.0399E-09 1.0429E-09 1.0451E-09 1.0466E-09 1.0518E-09 1.0518E-09 1.0511E-09 1.0497E-09 1.0475E-09 1.0447E-09 1.0412E-09 1.0364E-09
1.8238E-10 1.8694E-10 1.9155E-10 1.9620E-10 2.0086E-10 2.0555E-10 2.1027E-10 2.1501E-10 2.1975E-10 2.2451E-10 2.2928E-10 2.3405E-10 3.0570E-10 4.1600E-10 4.5480E-10 4.7141E-10 4.8794E-10 5.0436E-10 6.1321E-10 6.7488E-10 6.9759E-10 7.2092E-10 7.4187E-10 7.6252E-10 7.8879E-10 8.1069E-10 8.3255E-10 8.5545E-10 8.7668E-10 8.8981E-10 9.0248E-10 9.2974E-10 9.4462E-10 9.5801E-10 9.7390E-10 9.9354E-10 1.0038E-09 1.0134E-09 1.0356E-09 1.0440E-09 1.0517E-09 1.0587E-09 1.0650E-09 1.0834E-09 1.0882E-09 1.0922E-09 1.0954E-09 1.0978E-09 1.0994E-09 1.1052E-09 1.1096E-09 1.1088E-09 1.1073E-09 1.1049E-09 1.1019E-09 1.0981E-09 1.0936E-09
1.8362E-10 1.8826E-10 1.9292E-10 1.9760E-10 2.0234E-10 2.0710E-10 2.1187E-10 2.1668E-10 2.2150E-10 2.2633E-10 2.3116E-10 3.4584E-10 4.4339E-10 4.6058E-10 4.7749E-10 4.9429E-10 5.9884E-10 6.6434E-10 6.8591E-10 7.1884E-10 7.3355E-10 7.6343E-10 7.8762E-10 8.0527E-10 8.2843E-10 8.5273E-10 8.7543E-10 8.9010E-10 9.1824E-10 9.3522E-10 9.5222E-10 9.7947E-10 9.9282E-10 1.0056E-09 1.0309E-09 1.0426E-09 1.0536E-09 1.0724E-09 1.0866E-09 1.0958E-09 1.1041E-09 1.1168E-09 1.1237E-09 1.1297E-09 1.1392E-09 1.1435E-09 1.1519E-09 1.1545E-09 1.1563E-09 1.1571E-09 1.1571E-09 1.1605E-09 1.1587E-09 1.1562E-09 1.1528E-09 1.1487E-09 1.1438E-09
1.8486E-10 1.8953E-10 1.9425E-10 1.9901E-10 2.0380E-10 2.0861E-10 2.1346E-10 2.1833E-10 2.2321E-10 2.2811E-10 3.9434E-10 4.4691E-10 4.6475E-10 4.8243E-10 4.9361E-10 6.1148E-10 6.6664E-10 6.9909E-10 7.2282E-10 7.5351E-10 7.7588E-10 8.0499E-10 8.3048E-10 8.5448E-10 8.7058E-10 8.9563E-10 9.1626E-10 9.3554E-10 9.6712E-10 9.8283E-10 9.9807E-10 1.0261E-09 1.0407E-09 1.0546E-09 1.0763E-09 1.0934E-09 1.1054E-09 1.1218E-09 1.1324E-09 1.1466E-09 1.1606E-09 1.1689E-09 1.1762E-09 1.1827E-09 1.1883E-09 1.2021E-09 1.2058E-09 1.2086E-09 1.2105E-09 1.2113E-09 1.2113E-09 1.2103E-09 1.2126E-09 1.2098E-09 1.2061E-09 1.2016E-09 1.1962E-09
1.8606E-10 1.9080E-10 1.9557E-10 2.0038E-10 2.0523E-10 2.1011E-10 2.1501E-10 2.1995E-10 2.5505E-10 4.0376E-10 4.4229E-10 4.6734E-10 4.7952E-10 5.3343E-10 6.5170E-10 6.8369E-10 7.0979E-10 7.4124E-10 7.6436E-10 7.9088E-10 8.2035E-10 8.4535E-10 8.6252E-10 8.9354E-10 9.1065E-10 9.4436E-10 9.6435E-10 9.8167E-10 1.0119E-09 1.0288E-09 1.0537E-09 1.0699E-09 1.0899E-09 1.1102E-09 1.1248E-09 1.1386E-09 1.1611E-09 1.1733E-09 1.1848E-09 1.1954E-09 1.2144E-09 1.2233E-09 1.2313E-09 1.2392E-09 1.2469E-09 1.2530E-09 1.2664E-09 1.2693E-09 1.2706E-09 1.2703E-09 1.2685E-09 1.2669E-09 1.2648E-09 1.2658E-09 1.2618E-09 1.2568E-09 1.2579E-09
1.8726E-10 1.9204E-10 1.9686E-10 2.0174E-10 2.0664E-10 2.1157E-10 2.1655E-10 2.5105E-10 3.9677E-10 4.4190E-10 4.6175E-10 4.8372E-10 5.6982E-10 6.6635E-10 6.9064E-10 7.2596E-10 7.5015E-10 7.7551E-10 8.0666E-10 8.3337E-10 8.6054E-10 8.8351E-10 9.0170E-10 9.3475E-10 9.5778E-10 9.8514E-10 1.0084E-09 1.0353E-09 1.0536E-09 1.0762E-09 1.0991E-09 1.1165E-09 1.1334E-09 1.1591E-09 1.1749E-09 1.1900E-09 1.2092E-09 1.2270E-09 1.2441E-09 1.2605E-09 1.2748E-09 1.2963E-09 1.3064E-09 1.3146E-09 1.3215E-09 1.3272E-09 1.3316E-09 1.3437E-09 1.3456E-09 1.3462E-09 1.3456E-09 1.3426E-09 1.3377E-09 1.3312E-09 1.3382E-09 1.3286E-09 1.3265E-09
1.8842E-10 1.9326E-10 1.9814E-10 2.0305E-10 2.0802E-10 2.1302E-10 2.6690E-10 3.9497E-10 4.3943E-10 4.5391E-10 4.7694E-10 5.8015E-10 6.6267E-10 6.9527E-10 7.3202E-10 7.5873E-10 7.8665E-10 8.1842E-10 8.4662E-10 8.7053E-10 8.8965E-10 9.2238E-10 9.4666E-10 9.8075E-10 1.0008E-09 1.0292E-09 1.0492E-09 1.0786E-09 1.0982E-09 1.1176E-09 1.1460E-09 1.1647E-09 1.1829E-09 1.2055E-09 1.2270E-09 1.2512E-09 1.2733E-09 1.2959E-09 1.3152E-09 1.3291E-09 1.3418E-09 1.3532E-09 1.3723E-09 1.3812E-09 1.3888E-09 1.3950E-09 1.3998E-09 1.4115E-09 1.4181E-09 1.4187E-09 1.4179E-09 1.4157E-09 1.4191E-09 1.4225E-09 1.4236E-09 1.4166E-09 1.4163E-09
1.8957E-10 1.9445E-10 1.9938E-10 2.0436E-10 2.0938E-10 2.6169E-10 3.9153E-10 4.2893E-10 4.5299E-10 4.6834E-10 5.9635E-10 6.6340E-10 6.9928E-10 7.2896E-10 7.6657E-10 7.9442E-10 8.2897E-10 8.5423E-10 8.7455E-10 9.0837E-10 9.2901E-10 9.6834E-10 9.8947E-10 1.0192E-09 1.0450E-09 1.0714E-09 1.0927E-09 1.1189E-09 1.1443E-09 1.1650E-09 1.1903E-09 1.2147E-09 1.2386E-09 1.2673E-09 1.2943E-09 1.3181E-09 1.3367E-09 1.3543E-09 1.3757E-09 1.3955E-09 1.4097E-09 1.4226E-09 1.4339E-09 1.4565E-09 1.4649E-09 1.4717E-09 1.4770E-09 1.4888E-09 1.4909E-09 1.4959E-09 1.5017E-09 1.5093E-09 1.5379E-09 1.5327E-09 1.5364E-09 1.5365E-09 1.5529E-09
1.9069E-10 1.9563E-10 2.0061E-10 2.0562E-10 2.6936E-10 3.6662E-10 4.0117E-10 4.4159E-10 4.5787E-10 6.0098E-10 6.6854E-10 6.9827E-10 7.3122E-10 7.6261E-10 7.9214E-10 8.3317E-10 8.5518E-10 8.9051E-10 9.1220E-10 9.5016E-10 9.8342E-10 1.0058E-09 1.0377E-09 1.0602E-09 1.0828E-09 1.1149E-09 1.1377E-09 1.1651E-09 1.1919E-09 1.2142E-09 1.2417E-09 1.2789E-09 1.3063E-09 1.3289E-09 1.3510E-09 1.3770E-09 1.4018E-09 1.4215E-09 1.4399E-09 1.4700E-09 1.4870E-09 1.5058E-09 1.5216E-09 1.5430E-09 1.5582E-09 1.5664E-09 1.5723E-09 1.6038E-09 1.6193E-09 1.6362E-09 1.6443E-09 1.6384E-09 1.6379E-09 1.6499E-09 1.6427E-09 1.6413E-09 1.6387E-09
1.9180E-10 1.9677E-10 2.0179E-10 2.6286E-10 3.4492E-10 3.8887E-10 4.2828E-10 4.8473E-10 5.9429E-10 6.5525E-10 6.8630E-10 7.3097E-10 7.6302E-10 7.9602E-10 8.3004E-10 8.6739E-10 8.9097E-10 9.2294E-10 9.5590E-10 9.8880E-10 1.0222E-09 1.0460E-09 1.0747E-09 1.1029E-09 1.1268E-09 1.1555E-09 1.1840E-09 1.2082E-09 1.2393E-09 1.2814E-09 1.3073E-09 1.3329E-09 1.3628E-09 1.3918E-09 1.4160E-09 1.4441E-09 1.4767E-09 1.5062E-09 1.5326E-09 1.5562E-09 1.5877E-09 1.6048E-09 1.6202E-09 1.6515E-09 1.6982E-09 1.7117E-09 1.7253E-09 1.7298E-09 1.7465E-09 1.7467E-09 1.7447E-09 1.7603E-09 1.7681E-09 1.7647E-09 1.7519E-09 1.7554E-09 1.7458E-09
1.9286E-10 1.9789E-10 2.5130E-10 3.3405E-10 3.8367E-10 4.1307E-10 4.7642E-10 5.7711E-10 6.4550E-10 6.7951E-10 7.1807E-10 7.6119E-10 7.9192E-10 8.3211E-10 8.6292E-10 8.9736E-10 9.2730E-10 9.6681E-10 1.0020E-09 1.0275E-09 1.0578E-09 1.0875E-09 1.1128E-09 1.1429E-09 1.1726E-09 1.1979E-09 1.2281E-09 1.2707E-09 1.3016E-09 1.3344E-09 1.3668E-09 1.3948E-09 1.4225E-09 1.4626E-09 1.4993E-09 1.5336E-09 1.5655E-09 1.5995E-09 1.6242E-09 1.6552E-09 1.7246E-09 1.8712E-09 1.9631E-09 2.0384E-09 2.1038E-09 2.1610E-09 2.1937E-09 2.1955E-09 2.1873E-09 2.1669E-09 2.1267E-09 2.0794E-09 2.0080E-09 1.9587E-09 1.8969E-09 1.9087E-09 1.9130E-09
1.9392E-10 2.2329E-10 3.0788E-10 3.6825E-10 3.9604E-10 4.5838E-10 5.7160E-10 6.2553E-10 6.7063E-10 7.0951E-10 7.4678E-10 7.7955E-10 8.2648E-10 8.6348E-10 8.9610E-10 9.3226E-10 9.6576E-10 1.0033E-09 1.0358E-09 1.0675E-09 1.0946E-09 1.1264E-09 1.1576E-09 1.1845E-09 1.2161E-09 1.2490E-09 1.2912E-09 1.3255E-09 1.3597E-09 1.3901E-09 1.4254E-09 1.4650E-09 1.5092E-09 1.5449E-09 1.5895E-09 1.6206E-09 1.6589E-09 1.7503E-09 1.9225E-09 2.1078E-09 2.2377E-09 2.3518E-09 2.4432E-09 2.5319E-09 2.6030E-09 2.6374E-09 2.6542E-09 2.6574E-09 2.6486E-09 2.6287E-09 2.6033E-09 2.5663E-09 2.5108E-09 2.4570E-09 2.3809E-09 2.2897E-09 2.1686E-09
2.1264E-10 2.9667E-10 3.4335E-10 3.8587E-10 4.1897E-10 5.4877E-10 6.1017E-10 6.4881E-10 6.8936E-10 7.3335E-10 7.7226E-10 8.1238E-10 8.5167E-10 8.9503E-10 9.2520E-10 9.7073E-10 1.0011E-09 1.0362E-09 1.0703E-09 1.1045E-09 1.1379E-09 1.1668E-09 1.2003E-09 1.2330E-09 1.2711E-09 1.3129E-09 1.3487E-09 1.3808E-09 1.4178E-09 1.4589E-09 1.5066E-09 1.5583E-09 1.5947E-09 1.6309E-09 1.6790E-09 1.8402E-09 2.0719E-09 2.2430E-09 2.4436E-09 2.6205E-09 2.7702E-09 2.9240E-09 3.0601E-09 3.1428E-09 3.1853E-09 3.2430E-09 3.2677E-09 3.2717E-09 3.2286E-09 3.1973E-09 3.1264E-09 3.0575E-09 2.9887E-09 2.9182E-09 2.8258E-09 2.7191E-09 2.6298E-09
2.8467E-10 3.1732E-10 3.5912E-10 3.9872E-10 5.2984E-10 5.8341E-10 6.3124E-10 6.7455E-10 7.1117E-10 7.5672E-10 8.0210E-10 8.4025E-10 8.8149E-10 9.2367E-10 9.6217E-10 1.0001E-09 1.0373E-09 1.0745E-09 1.1109E-09 1.1426E-09 1.1786E-09 1.2138E-09 1.2493E-09 1.2947E-09 1.3334E-09 1.3717E-09 1.4142E-09 1.4490E-09 1.4941E-09 1.5522E-09 1.5912E-09 1.6387E-09 1.6908E-09 1.8271E-09 2.1269E-09 2.3346E-09 2.5440E-09 2.7872E-09 3.0400E-09 3.2795E-09 3.5072E-09 3.6596E-09 3.7786E-09 3.9257E-09 4.0299E-09 4.0764E-09 4.0872E-09 4.0548E-09 3.9878E-09 3.8877E-09 3.7745E-09 3.7015E-09 3.5827E-09 3.4272E-09 3.2909E-09 3.1677E-09 3.0243E-09
3.0244E-10 3.4009E-10 3.7705E-10 5.0138E-10 5.5030E-10 6.0239E-10 6.5033E-10 6.9388E-10 7.3236E-10 7.7506E-10 8.2826E-10 8.6347E-10 9.0818E-10 9.5410E-10 9.9424E-10 1.0346E-09 1.0699E-09 1.1092E-09 1.1485E-09 1.1870E-09 1.2208E-09 1.2589E-09 1.3123E-09 1.3529E-09 1.3975E-09 1.4344E-09 1.4759E-09 1.5402E-09 1.5817E-09 1.6364E-09 1.6975E-09 1.7619E-09 2.0916E-09 2.3109E-09 2.6107E-09 2.9320E-09 3.2330E-09 3.5511E-09 3.8839E-09 4.2352E-09 4.5798E-09 4.8450E-09 5.0901E-09 5.2678E-09 5.3786E-09 5.4659E-09 5.4640E-09 5.4141E-09 5.3056E-09 5.1802E-09 4.9804E-09 4.7059E-09 4.4566E-09 4.1767E-09 3.8989E-09 3.6929E-09 3.4740E-09
3.1647E-10 3.5860E-10 4.6081E-10 5.1985E-10 5.7036E-10 6.1752E-10 6.6387E-10 7.0379E-10 7.5283E-10 8.0327E-10 8.4577E-10 8.8783E-10 9.3388E-10 9.7910E-10 1.0224E-09 1.0649E-09 1.1077E-09 1.1454E-09 1.1870E-09 1.2287E-09 1.2695E-09 1.3266E-09 1.3658E-09 1.4134E-09 1.4574E-09 1.5102E-09 1.5660E-09 1.6233E-09 1.6970E-09 1.7542E-09 1.9349E-09 2.2837E-09 2.5642E-09 2.9066E-09 3.2884E-09 3.7361E-09 4.2138E-09 4.8144E-09 5.3164E-09 5.6959E-09 6.0796E-09 6.4648E-09 6.7566E-09 6.9795E-09 7.0959E-09 7.1311E-09 7.0968E-09 6.9901E-09 6.8090E-09 6.5821E-09 6.3476E-09 6.0409E-09 5.6738E-09 5.3176E-09 4.9612E-09 4.5961E-09 4.1971E-09
