Assets/Resources/2015_m01_d08_1500(utc+0800)_l00_csi_1hr_conc.grd
DSAA
         159         159
     -79.000      79.000
     -79.000      79.000
  0.2425E-09  0.7854E-05
[rows 50 to 74 of 159, columns 0 to 56 of 159]
1.0879E-09 1.1095E-09 1.1320E-09 1.1541E-09 1.1765E-09 1.1997E-09 1.2226E-09 1.2462E-09 1.2695E-09 1.2930E-09 1.3173E-09 1.3412E-09 1.3652E-09 1.3902E-09 1.4146E-09 1.4407E-09 1.4655E-09 1.4905E-09 1.5172E-09 1.5426E-09 1.5681E-09 1.5953E-09 1.6290E-09 1.6575E-09 1.6878E-09 1.7249E-09 1.7570E-09 1.7927E-09 1.8396E-09 1.8775E-09 1.9178E-09 1.9693E-09 2.0142E-09 2.0688E-09 2.1323E-09 2.1925E-09 2.2683E-09 2.3434E-09 2.4132E-09 2.4952E-09 2.5807E-09 2.6639E-09 2.7499E-09 2.8364E-09 2.9276E-09 3.0218E-09 3.1194E-09 3.2168E-09 3.3137E-09 3.4177E-09 3.5092E-09 3.6029E-09 3.6988E-09 3.7968E-09 3.8968E-09 3.9988E-09 4.1027E-09
1.0895E-09 1.1118E-09 1.1338E-09 1.1560E-09 1.1790E-09 1.2017E-09 1.2246E-09 1.2483E-09 1.2716E-09 1.2952E-09 1.3195E-09 1.3435E-09 1.3677E-09 1.3926E-09 1.4172E-09 1.4433E-09 1.4683E-09 1.4934E-09 1.5201E-09 1.5456E-09 1.5712E-09 1.6061E-09 1.6345E-09 1.6628E-09 1.7014E-09 1.7333E-09 1.7634E-09 1.8062E-09 1.8524E-09 1.8843E-09 1.9339E-09 1.9873E-09 2.0330E-09 2.0922E-09 2.1595E-09 2.2279E-09 2.2953E-09 2.3769E-09 2.4536E-09 2.5290E-09 2.6192E-09 2.6991E-09 2.7950E-09 2.8837E-09 2.9709E-09 3.0791E-09 3.1728E-09 3.2691E-09 3.3762E-09 3.4680E-09 3.5621E-09 3.6585E-09 3.7571E-09 3.8578E-09 3.9608E-09 4.0657E-09 4.1727E-09
1.0909E-09 1.1133E-09 1.1353E-09 1.1575E-09 1.1806E-09 1.2034E-09 1.2263E-09 1.2501E-09 1.2735E-09 1.2977E-09 1.3216E-09 1.3456E-09 1.3704E-09 1.3948E-09 1.4194E-09 1.4457E-09 1.4707E-09 1.4973E-09 1.5227E-09 1.5482E-09 1.5754E-09 1.6092E-09 1.6379E-09 1.6682E-09 1.7055E-09 1.7377E-09 1.7719E-09 1.8227E-09 1.8587E-09 1.8992E-09 1.9555E-09 1.9961E-09 2.0512E-09 2.1214E-09 2.1761E-09 2.2527E-09 2.3350E-09 2.3994E-09 2.4827E-09 2.5760E-09 2.6540E-09 2.7488E-09 2.8362E-09 2.9300E-09 3.0262E-09 3.1224E-09 3.2260E-09 3.3252E-09 3.4242E-09 3.5185E-09 3.6152E-09 3.7142E-09 3.8156E-09 3.9192E-09 4.0251E-09 4.1331E-09 4.2431E-09
1.0921E-09 1.1145E-09 1.1366E-09 1.1589E-09 1.1820E-09 1.2048E-09 1.2284E-09 1.2517E-09 1.2751E-09 1.2994E-09 1.3233E-09 1.3474E-09 1.3723E-09 1.3968E-09 1.4229E-09 1.4478E-09 1.4729E-09 1.4996E-09 1.5250E-09 1.5506E-09 1.5856E-09 1.6140E-09 1.6409E-09 1.6811E-09 1.7131E-09 1.7433E-09 1.7951E-09 1.8326E-09 1.8690E-09 1.9235E-09 1.9680E-09 2.0186E-09 2.0831E-09 2.1451E-09 2.2135E-09 2.2884E-09 2.3646E-09 2.4434E-09 2.5286E-09 2.6104E-09 2.6985E-09 2.7885E-09 2.8753E-09 2.9722E-09 3.0743E-09 3.1700E-09 3.2719E-09 3.3780E-09 3.4723E-09 3.5691E-09 3.6684E-09 3.7702E-09 3.8744E-09 3.9809E-09 4.0897E-09 4.2007E-09 4.3139E-09
1.0931E-09 1.1156E-09 1.1377E-09 1.1606E-09 1.1832E-09 1.2061E-09 1.2297E-09 1.2530E-09 1.2765E-09 1.3009E-09 1.3248E-09 1.3489E-09 1.3739E-09 1.3984E-09 1.4246E-09 1.4496E-09 1.4747E-09 1.5015E-09 1.5270E-09 1.5527E-09 1.5880E-09 1.6166E-09 1.6470E-09 1.6863E-09 1.7166E-09 1.7509E-09 1.8019E-09 1.8379E-09 1.8768E-09 1.9370E-09 1.9758E-09 2.0433E-09 2.1065E-09 2.1644E-09 2.2377E-09 2.3255E-09 2.3898E-09 2.4771E-09 2.5672E-09 2.6518E-09 2.7396E-09 2.8283E-09 2.9278E-09 3.0215E-09 3.1196E-09 3.2210E-09 3.3224E-09 3.4236E-09 3.5204E-09 3.6197E-09 3.7217E-09 3.8262E-09 3.9332E-09 4.0426E-09 4.1561E-09 4.2722E-09 4.3895E-09
1.0945E-09 1.1164E-09 1.1386E-09 1.1615E-09 1.1842E-09 1.2071E-09 1.2308E-09 1.2541E-09 1.2776E-09 1.3020E-09 1.3260E-09 1.3508E-09 1.3752E-09 1.3998E-09 1.4261E-09 1.4511E-09 1.4777E-09 1.5032E-09 1.5287E-09 1.5636E-09 1.5921E-09 1.6189E-09 1.6574E-09 1.6912E-09 1.7198E-09 1.7732E-09 1.8109E-09 1.8473E-09 1.9018E-09 1.9465E-09 1.9973E-09 2.0645E-09 2.1243E-09 2.1951E-09 2.2747E-09 2.3452E-09 2.4246E-09 2.5205E-09 2.5934E-09 2.6825E-09 2.7803E-09 2.8615E-09 2.9599E-09 3.0675E-09 3.1609E-09 3.2646E-09 3.3728E-09 3.4692E-09 3.5713E-09 3.6770E-09 3.7841E-09 3.8943E-09 4.0096E-09 4.1275E-09 4.2553E-09 4.3965E-09 4.5382E-09
1.0951E-09 1.1170E-09 1.1392E-09 1.1622E-09 1.1849E-09 1.2078E-09 1.2316E-09 1.2549E-09 1.2791E-09 1.3030E-09 1.3270E-09 1.3518E-09 1.3763E-09 1.4024E-09 1.4272E-09 1.4523E-09 1.4790E-09 1.5045E-09 1.5301E-09 1.5653E-09 1.5939E-09 1.6228E-09 1.6615E-09 1.6939E-09 1.7281E-09 1.7791E-09 1.8152E-09 1.8541E-09 1.9169E-09 1.9604E-09 2.0191E-09 2.0878E-09 2.1424E-09 2.2129E-09 2.3042E-09 2.3689E-09 2.4667E-09 2.5477E-09 2.6338E-09 2.7217E-09 2.8114E-09 2.9121E-09 3.0070E-09 3.1104E-09 3.2095E-09 3.3126E-09 3.4159E-09 3.5184E-09 3.6239E-09 3.7315E-09 3.8451E-09 3.9669E-09 4.1094E-09 4.2584E-09 4.4023E-09 4.5491E-09 4.7087E-09
1.0955E-09 1.1174E-09 1.1396E-09 1.1627E-09 1.1854E-09 1.2089E-09 1.2321E-09 1.2555E-09 1.2798E-09 1.3036E-09 1.3277E-09 1.3526E-09 1.3771E-09 1.4032E-09 1.4281E-09 1.4532E-09 1.4800E-09 1.5055E-09 1.5312E-09 1.5687E-09 1.5955E-09 1.6339E-09 1.6676E-09 1.6963E-09 1.7479E-09 1.7872E-09 1.8237E-09 1.8788E-09 1.9228E-09 1.9736E-09 2.0444E-09 2.1008E-09 2.1668E-09 2.2515E-09 2.3223E-09 2.4021E-09 2.4917E-09 2.5719E-09 2.6617E-09 2.7603E-09 2.8425E-09 2.9459E-09 3.0506E-09 3.1453E-09 3.2504E-09 3.3604E-09 3.4625E-09 3.5677E-09 3.6761E-09 3.7923E-09 3.9315E-09 4.0882E-09 4.2425E-09 4.4029E-09 4.5869E-09 4.7987E-09 4.9932E-09
1.0956E-09 1.1176E-09 1.1404E-09 1.1629E-09 1.1856E-09 1.2092E-09 1.2324E-09 1.2559E-09 1.2801E-09 1.3040E-09 1.3287E-09 1.3531E-09 1.3776E-09 1.4038E-09 1.4287E-09 1.4539E-09 1.4807E-09 1.5063E-09 1.5413E-09 1.5698E-09 1.5986E-09 1.6356E-09 1.6695E-09 1.7022E-09 1.7545E-09 1.7906E-09 1.8295E-09 1.8920E-09 1.9356E-09 1.9942E-09 2.0629E-09 2.1175E-09 2.1862E-09 2.2794E-09 2.3470E-09 2.4321E-09 2.5237E-09 2.6104E-09 2.6989E-09 2.7892E-09 2.8854E-09 2.9865E-09 3.0909E-09 3.1912E-09 3.2955E-09 3.4039E-09 3.5087E-09 3.6175E-09 3.7349E-09 3.8855E-09 4.0473E-09 4.2097E-09 4.3951E-09 4.6204E-09 4.8643E-09 5.0987E-09 5.3580E-09
1.0955E-09 1.1175E-09 1.1404E-09 1.1629E-09 1.1857E-09 1.2093E-09 1.2325E-09 1.2565E-09 1.2802E-09 1.3042E-09 1.3289E-09 1.3533E-09 1.3778E-09 1.4040E-09 1.4290E-09 1.4557E-09 1.4811E-09 1.5067E-09 1.5439E-09 1.5707E-09 1.5996E-09 1.6424E-09 1.6711E-09 1.7136E-09 1.7617E-09 1.7961E-09 1.8530E-09 1.8968E-09 1.9457E-09 2.0164E-09 2.0744E-09 2.1405E-09 2.2249E-09 2.2958E-09 2.3706E-09 2.4654E-09 2.5538E-09 2.6401E-09 2.7318E-09 2.8261E-09 2.9220E-09 3.0314E-09 3.1231E-09 3.2258E-09 3.3428E-09 3.4471E-09 3.5555E-09 3.6727E-09 3.8269E-09 3.9935E-09 4.1654E-09 4.3776E-09 4.6292E-09 4.9097E-09 5.2001E-09 5.5495E-09 5.9162E-09
1.0952E-09 1.1173E-09 1.1401E-09 1.1627E-09 1.1854E-09 1.2090E-09 1.2323E-09 1.2564E-09 1.2801E-09 1.3040E-09 1.3288E-09 1.3532E-09 1.3792E-09 1.4040E-09 1.4290E-09 1.4557E-09 1.4812E-09 1.5144E-09 1.5443E-09 1.5730E-09 1.6097E-09 1.6435E-09 1.6761E-09 1.7244E-09 1.7641E-09 1.8029E-09 1.8589E-09 1.9086E-09 1.9565E-09 2.0353E-09 2.0898E-09 2.1563E-09 2.2511E-09 2.3188E-09 2.4038E-09 2.4953E-09 2.5750E-09 2.6704E-09 2.7617E-09 2.8584E-09 2.9638E-09 3.0649E-09 3.1627E-09 3.2724E-09 3.3826E-09 3.4903E-09 3.6051E-09 3.7568E-09 3.9275E-09 4.1056E-09 4.3320E-09 4.6072E-09 4.9257E-09 5.2805E-09 5.7140E-09 6.1823E-09 6.6533E-09
1.0947E-09 1.1168E-09 1.1396E-09 1.1622E-09 1.1856E-09 1.2086E-09 1.2319E-09 1.2560E-09 1.2797E-09 1.3036E-09 1.3284E-09 1.3528E-09 1.3789E-09 1.4037E-09 1.4287E-09 1.4555E-09 1.4809E-09 1.5159E-09 1.5445E-09 1.5733E-09 1.6122E-09 1.6443E-09 1.6771E-09 1.7343E-09 1.7687E-09 1.8162E-09 1.8688E-09 1.9154E-09 1.9841E-09 2.0420E-09 2.1112E-09 2.1903E-09 2.2657E-09 2.3405E-09 2.4350E-09 2.5233E-09 2.6045E-09 2.6979E-09 2.7960E-09 2.8901E-09 2.9984E-09 3.0942E-09 3.1974E-09 3.3161E-09 3.4224E-09 3.5355E-09 3.6766E-09 3.8481E-09 4.0297E-09 4.2567E-09 4.5466E-09 4.8959E-09 5.3017E-09 5.8128E-09 6.3940E-09 7.0164E-09 7.7176E-09
1.0940E-09 1.1166E-09 1.1389E-09 1.1615E-09 1.1849E-09 1.2079E-09 1.2312E-09 1.2553E-09 1.2790E-09 1.3030E-09 1.3278E-09 1.3522E-09 1.3782E-09 1.4031E-09 1.4296E-09 1.4549E-09 1.4804E-09 1.5176E-09 1.5443E-09 1.5810E-09 1.6161E-09 1.6447E-09 1.6949E-09 1.7358E-09 1.7744E-09 1.8280E-09 1.8793E-09 1.9270E-09 1.9952E-09 2.0594E-09 2.1225E-09 2.2130E-09 2.2870E-09 2.3567E-09 2.4594E-09 2.5424E-09 2.6304E-09 2.7288E-09 2.8256E-09 2.9278E-09 3.0286E-09 3.1306E-09 3.2396E-09 3.3520E-09 3.4635E-09 3.5871E-09 3.7553E-09 3.9393E-09 4.1539E-09 4.4462E-09 4.8127E-09 5.2445E-09 5.8113E-09 6.4892E-09 7.2553E-09 8.1592E-09 9.1367E-09
1.0931E-09 1.1157E-09 1.1380E-09 1.1605E-09 1.1839E-09 1.2070E-09 1.2302E-09 1.2544E-09 1.2781E-09 1.3027E-09 1.3269E-09 1.3513E-09 1.3774E-09 1.4022E-09 1.4288E-09 1.4541E-09 1.4873E-09 1.5170E-09 1.5457E-09 1.5808E-09 1.6161E-09 1.6487E-09 1.6997E-09 1.7370E-09 1.7760E-09 1.8370E-09 1.8850E-09 1.9419E-09 2.0104E-09 2.0682E-09 2.1488E-09 2.2288E-09 2.3067E-09 2.3974E-09 2.4885E-09 2.5695E-09 2.6626E-09 2.7605E-09 2.8514E-09 2.9552E-09 3.0586E-09 3.1588E-09 3.2738E-09 3.3896E-09 3.5048E-09 3.6493E-09 3.8387E-09 4.0372E-09 4.3118E-09 4.6671E-09 5.1100E-09 5.6950E-09 6.4211E-09 7.3013E-09 8.3713E-09 9.6015E-09 1.0962E-08
1.0919E-09 1.1145E-09 1.1368E-09 1.1593E-09 1.1827E-09 1.2058E-09 1.2297E-09 1.2532E-09 1.2769E-09 1.3015E-09 1.3257E-09 1.3515E-09 1.3762E-09 1.4011E-09 1.4276E-09 1.4529E-09 1.4863E-09 1.5162E-09 1.5449E-09 1.5856E-09 1.6158E-09 1.6485E-09 1.7042E-09 1.7403E-09 1.7971E-09 1.8481E-09 1.8918E-09 1.9587E-09 2.0262E-09 2.0889E-09 2.1651E-09 2.2491E-09 2.3209E-09 2.4193E-09 2.5052E-09 2.5877E-09 2.6874E-09 2.7800E-09 2.8759E-09 2.9898E-09 3.0841E-09 3.1973E-09 3.3083E-09 3.4263E-09 3.5509E-09 3.7132E-09 3.9183E-09 4.1549E-09 4.4886E-09 4.9197E-09 5.4759E-09 6.2078E-09 7.1375E-09 8.2940E-09 9.7015E-09 1.1353E-08 1.3245E-08
1.0905E-09 1.1131E-09 1.1354E-09 1.1585E-09 1.1813E-09 1.2044E-09 1.2282E-09 1.2517E-09 1.2755E-09 1.3000E-09 1.3242E-09 1.3501E-09 1.3747E-09 1.3996E-09 1.4262E-09 1.4515E-09 1.4870E-09 1.5150E-09 1.5516E-09 1.5849E-09 1.6151E-09 1.6652E-09 1.7061E-09 1.7447E-09 1.7984E-09 1.8500E-09 1.8979E-09 1.9746E-09 2.0336E-09 2.0972E-09 2.1839E-09 2.2604E-09 2.3473E-09 2.4379E-09 2.5187E-09 2.6098E-09 2.7197E-09 2.8103E-09 2.9102E-09 3.0166E-09 3.1167E-09 3.2279E-09 3.3401E-09 3.4627E-09 3.6027E-09 3.7788E-09 4.0009E-09 4.2843E-09 4.6900E-09 5.1797E-09 5.8654E-09 6.7827E-09 7.9226E-09 9.3981E-09 1.1229E-08 1.3379E-08 1.5903E-08
1.0889E-09 1.1115E-09 1.1338E-09 1.1569E-09 1.1797E-09 1.2027E-09 1.2265E-09 1.2500E-09 1.2737E-09 1.2983E-09 1.3225E-09 1.3483E-09 1.3730E-09 1.3978E-09 1.4244E-09 1.4574E-09 1.4869E-09 1.5154E-09 1.5504E-09 1.5854E-09 1.6179E-09 1.6672E-09 1.7084E-09 1.7474E-09 1.8060E-09 1.8541E-09 1.9147E-09 1.9855E-09 2.0400E-09 2.1160E-09 2.2069E-09 2.2816E-09 2.3672E-09 2.4611E-09 2.5430E-09 2.6409E-09 2.7364E-09 2.8286E-09 2.9377E-09 3.0388E-09 3.1407E-09 3.2625E-09 3.3713E-09 3.4984E-09 3.6550E-09 3.8407E-09 4.0906E-09 4.4201E-09 4.8789E-09 5.4697E-09 6.2761E-09 7.3659E-09 8.7735E-09 1.0581E-08 1.2847E-08 1.5600E-08 1.8818E-08
1.0877E-09 1.1097E-09 1.1319E-09 1.1550E-09 1.1778E-09 1.2008E-09 1.2246E-09 1.2481E-09 1.2718E-09 1.2963E-09 1.3205E-09 1.3463E-09 1.3710E-09 1.3973E-09 1.4224E-09 1.4555E-09 1.4851E-09 1.5136E-09 1.5488E-09 1.5840E-09 1.6166E-09 1.6704E-09 1.7080E-09 1.7647E-09 1.8139E-09 1.8630E-09 1.9263E-09 1.9939E-09 2.0567E-09 2.1338E-09 2.2199E-09 2.2921E-09 2.3884E-09 2.4750E-09 2.5620E-09 2.6586E-09 2.7523E-09 2.8501E-09 2.9645E-09 3.0678E-09 3.1754E-09 3.2901E-09 3.4015E-09 3.5371E-09 3.7057E-09 3.9009E-09 4.1840E-09 4.5630E-09 5.0737E-09 5.7454E-09 6.6856E-09 7.9494E-09 9.6045E-09 1.1756E-08 1.4489E-08 1.7830E-08 2.1851E-08
1.0856E-09 1.1076E-09 1.1298E-09 1.1529E-09 1.1756E-09 1.1986E-09 1.2224E-09 1.2459E-09 1.2702E-09 1.2941E-09 1.3182E-09 1.3441E-09 1.3687E-09 1.3950E-09 1.4201E-09 1.4552E-09 1.4830E-09 1.5115E-09 1.5507E-09 1.5822E-09 1.6319E-09 1.6710E-09 1.7111E-09 1.7645E-09 1.8169E-09 1.8664E-09 1.9364E-09 1.9993E-09 2.0629E-09 2.1495E-09 2.2262E-09 2.3133E-09 2.4088E-09 2.4893E-09 2.5739E-09 2.6876E-09 2.7790E-09 2.8776E-09 2.9872E-09 3.0884E-09 3.2020E-09 3.3171E-09 3.4309E-09 3.5750E-09 3.7533E-09 3.9603E-09 4.2743E-09 4.6843E-09 5.2452E-09 6.0002E-09 7.0484E-09 8.4765E-09 1.0372E-08 1.2824E-08 1.5989E-08 1.9917E-08 2.4693E-08
1.0834E-09 1.1053E-09 1.1275E-09 1.1506E-09 1.1733E-09 1.1962E-09 1.2200E-09 1.2434E-09 1.2677E-09 1.2916E-09 1.3171E-09 1.3415E-09 1.3661E-09 1.3924E-09 1.4174E-09 1.4527E-09 1.4805E-09 1.5170E-09 1.5501E-09 1.5839E-09 1.6327E-09 1.6720E-09 1.7124E-09 1.7706E-09 1.8186E-09 1.8705E-09 1.9494E-09 2.0054E-09 2.0796E-09 2.1652E-09 2.2378E-09 2.3204E-09 2.4272E-09 2.5092E-09 2.5994E-09 2.7007E-09 2.7935E-09 2.9032E-09 3.0051E-09 3.1085E-09 3.2283E-09 3.3426E-09 3.4596E-09 3.6124E-09 3.7975E-09 4.0181E-09 4.3665E-09 4.8024E-09 5.3956E-09 6.2290E-09 7.3654E-09 8.9109E-09 1.0997E-08 1.3710E-08 1.7214E-08 2.1646E-08 2.7077E-08
1.0809E-09 1.1028E-09 1.1250E-09 1.1480E-09 1.1707E-09 1.1942E-09 1.2173E-09 1.2407E-09 1.2650E-09 1.2888E-09 1.3143E-09 1.3387E-09 1.3632E-09 1.3895E-09 1.4221E-09 1.4499E-09 1.4796E-09 1.5144E-09 1.5476E-09 1.5815E-09 1.6347E-09 1.6720E-09 1.7109E-09 1.7771E-09 1.8218E-09 1.8887E-09 1.9507E-09 2.0114E-09 2.0852E-09 2.1789E-09 2.2528E-09 2.3435E-09 2.4352E-09 2.5224E-09 2.6235E-09 2.7169E-09 2.8111E-09 2.9222E-09 3.0219E-09 3.1276E-09 3.2543E-09 3.3677E-09 3.4880E-09 3.6464E-09 3.8391E-09 4.0721E-09 4.4337E-09 4.8912E-09 5.5177E-09 6.3965E-09 7.5917E-09 9.2374E-09 1.1449E-08 1.4315E-08 1.8077E-08 2.2857E-08 2.8678E-08
1.0782E-09 1.1001E-09 1.1222E-09 1.1452E-09 1.1678E-09 1.1913E-09 1.2144E-09 1.2377E-09 1.2620E-09 1.2858E-09 1.3112E-09 1.3356E-09 1.3601E-09 1.3863E-09 1.4191E-09 1.4484E-09 1.4766E-09 1.5133E-09 1.5447E-09 1.5788E-09 1.6325E-09 1.6699E-09 1.7265E-09 1.7760E-09 1.8276E-09 1.8913E-09 1.9576E-09 2.0225E-09 2.1033E-09 2.1845E-09 2.2613E-09 2.3627E-09 2.4465E-09 2.5309E-09 2.6371E-09 2.7282E-09 2.8313E-09 2.9440E-09 3.0460E-09 3.1570E-09 3.2753E-09 3.3916E-09 3.5154E-09 3.6770E-09 3.8766E-09 4.1308E-09 4.5010E-09 4.9609E-09 5.6190E-09 6.5206E-09 7.7325E-09 9.4156E-09 1.1681E-08 1.4602E-08 1.8481E-08 2.3342E-08 2.9341E-08
1.0753E-09 1.0971E-09 1.1198E-09 1.1422E-09 1.1647E-09 1.1882E-09 1.2112E-09 1.2345E-09 1.2587E-09 1.2825E-09 1.3079E-09 1.3322E-09 1.3567E-09 1.3829E-09 1.4157E-09 1.4450E-09 1.4732E-09 1.5121E-09 1.5432E-09 1.5926E-09 1.6298E-09 1.6737E-09 1.7271E-09 1.7770E-09 1.8265E-09 1.9061E-09 1.9597E-09 2.0273E-09 2.1132E-09 2.1915E-09 2.2754E-09 2.3717E-09 2.4558E-09 2.5425E-09 2.6536E-09 2.7463E-09 2.8503E-09 2.9574E-09 3.0613E-09 3.1780E-09 3.2954E-09 3.4145E-09 3.5410E-09 3.7049E-09 3.9091E-09 4.1694E-09 4.5475E-09 5.0132E-09 5.6758E-09 6.5817E-09 7.7830E-09 9.4785E-09 1.1694E-08 1.4600E-08 1.8389E-08 2.3128E-08 2.9000E-08
1.0722E-09 1.0940E-09 1.1166E-09 1.1389E-09 1.1614E-09 1.1848E-09 1.2078E-09 1.2311E-09 1.2552E-09 1.2789E-09 1.3043E-09 1.3285E-09 1.3544E-09 1.3791E-09 1.4139E-09 1.4413E-09 1.4696E-09 1.5086E-09 1.5435E-09 1.5919E-09 1.6293E-09 1.6710E-09 1.7340E-09 1.7750E-09 1.8286E-09 1.9055E-09 1.9633E-09 2.0375E-09 2.1233E-09 2.1987E-09 2.2855E-09 2.3863E-09 2.4690E-09 2.5679E-09 2.6659E-09 2.7598E-09 2.8667E-09 2.9697E-09 3.0754E-09 3.1977E-09 3.3139E-09 3.4360E-09 3.5645E-09 3.7311E-09 3.9380E-09 4.2138E-09 4.5844E-09 5.0590E-09 5.7230E-09 6.5908E-09 7.7826E-09 9.3998E-09 1.1517E-08 1.4294E-08 1.7870E-08 2.2350E-08 2.7835E-08
1.0689E-09 1.0906E-09 1.1132E-09 1.1354E-09 1.1579E-09 1.1812E-09 1.2042E-09 1.2274E-09 1.2514E-09 1.2751E-09 1.3005E-09 1.3246E-09 1.3504E-09 1.3751E-09 1.4100E-09 1.4374E-09 1.4735E-09 1.5047E-09 1.5398E-09 1.5884E-09 1.6275E-09 1.6678E-09 1.7335E-09 1.7780E-09 1.8351E-09 1.9063E-09 1.9694E-09 2.0440E-09 2.1339E-09 2.2078E-09 2.3034E-09 2.3943E-09 2.4780E-09 2.5742E-09 2.6734E-09 2.7684E-09 2.8801E-09 2.9888E-09 3.0886E-09 3.2166E-09 3.3315E-09 3.4557E-09 3.5862E-09 3.7575E-09 3.9780E-09 4.2454E-09 4.6124E-09 5.0867E-09 5.7257E-09 6.5673E-09 7.7058E-09 9.2298E-09 1.1231E-08 1.3807E-08 1.7075E-08 2.1159E-08 2.6118E-08
