Assets/Resources/2015_m01_d26_1900(utc+0800)_l00_csi_1hr_conc.grd
DSAA
         159         159
     -79.000      79.000
     -79.000      79.000
  0.0000E+00  0.1957E-05
[rows 0 to 24 of 159, columns 0 to 56 of 159]
8.8060E-10 9.9589E-10 1.1289E-09 1.2708E-09 1.4244E-09 1.5915E-09 1.7693E-09 1.9603E-09 2.1641E-09 2.3807E-09 2.6107E-09 2.8539E-09 3.1131E-09 3.3855E-09 3.6741E-09 3.9749E-09 4.2920E-09 4.6221E-09 4.9627E-09 5.3184E-09 5.6890E-09 6.0716E-09 6.4602E-09 6.8509E-09 7.2420E-09 7.6298E-09 8.0083E-09 8.3781E-09 8.7413E-09 9.0899E-09 9.4186E-09 9.7203E-09 9.9896E-09 1.0217E-08 1.0397E-08 1.0522E-08 1.0584E-08 1.0580E-08 1.0507E-08 1.0363E-08 1.0148E-08 9.8670E-09 9.5217E-09 9.1178E-09 8.6632E-09 8.1602E-09 7.6183E-09 7.0443E-09 6.4485E-09 5.8412E-09 5.2353E-09 4.6380E-09 4.0627E-09 3.5168E-09 3.0090E-09 2.5434E-09 2.1227E-09
8.7834E-10 9.9356E-10 1.1268E-09 1.2691E-09 1.4229E-09 1.5908E-09 1.7685E-09 1.9610E-09 2.1659E-09 2.3841E-09 2.6160E-09 2.8631E-09 3.1264E-09 3.4029E-09 3.6975E-09 4.0049E-09 4.3314E-09 4.6687E-09 5.0214E-09 5.3879E-09 5.7695E-09 6.1707E-09 6.5779E-09 6.9887E-09 7.4073E-09 7.8246E-09 8.2348E-09 8.6423E-09 9.0451E-09 9.4356E-09 9.8097E-09 1.0160E-08 1.0477E-08 1.0756E-08 1.0985E-08 1.1157E-08 1.1266E-08 1.1307E-08 1.1274E-08 1.1164E-08 1.0981E-08 1.0721E-08 1.0390E-08 9.9919E-09 9.5307E-09 9.0123E-09 8.4435E-09 7.8345E-09 7.1953E-09 6.5399E-09 5.8784E-09 5.2251E-09 4.5917E-09 3.9861E-09 3.4197E-09 2.8988E-09 2.4298E-09
8.7154E-10 9.8601E-10 1.1188E-09 1.2607E-09 1.4141E-09 1.5815E-09 1.7589E-09 1.9516E-09 2.1560E-09 2.3750E-09 2.6079E-09 2.8573E-09 3.1217E-09 3.4031E-09 3.7012E-09 4.0143E-09 4.3460E-09 4.6903E-09 5.0524E-09 5.4254E-09 5.8209E-09 6.2359E-09 6.6589E-09 7.0922E-09 7.5351E-09 7.9796E-09 8.4239E-09 8.8677E-09 9.3084E-09 9.7443E-09 1.0164E-08 1.0563E-08 1.0933E-08 1.1264E-08 1.1548E-08 1.1773E-08 1.1936E-08 1.2026E-08 1.2039E-08 1.1977E-08 1.1830E-08 1.1599E-08 1.1291E-08 1.0903E-08 1.0441E-08 9.9108E-09 9.3211E-09 8.6800E-09 8.0014E-09 7.2970E-09 6.5819E-09 5.8703E-09 5.1740E-09 4.5067E-09 3.8813E-09 3.3022E-09 2.7736E-09
8.6030E-10 9.7344E-10 1.1052E-09 1.2459E-09 1.3977E-09 1.5638E-09 1.7403E-09 1.9312E-09 2.1349E-09 2.3533E-09 2.5856E-09 2.8358E-09 3.1007E-09 3.3846E-09 3.6832E-09 4.0018E-09 4.3351E-09 4.6858E-09 5.0518E-09 5.4332E-09 5.8388E-09 6.2643E-09 6.7041E-09 7.1568E-09 7.6205E-09 8.0938E-09 8.5687E-09 9.0471E-09 9.5288E-09 1.0006E-08 1.0474E-08 1.0923E-08 1.1347E-08 1.1734E-08 1.2074E-08 1.2359E-08 1.2579E-08 1.2727E-08 1.2800E-08 1.2786E-08 1.2683E-08 1.2493E-08 1.2211E-08 1.1841E-08 1.1385E-08 1.0850E-08 1.0241E-08 9.5716E-09 8.8536E-09 8.1019E-09 7.3318E-09 6.5591E-09 5.7994E-09 5.0693E-09 4.3783E-09 3.7354E-09 3.1523E-09
8.4478E-10 9.5604E-10 1.0861E-09 1.2245E-09 1.3742E-09 1.5385E-09 1.7122E-09 1.9009E-09 2.1033E-09 2.3187E-09 2.5502E-09 2.7991E-09 3.0632E-09 3.3471E-09 3.6460E-09 3.9655E-09 4.2989E-09 4.6530E-09 5.0214E-09 5.4093E-09 5.8218E-09 6.2570E-09 6.7105E-09 7.1786E-09 7.6633E-09 8.1617E-09 8.6653E-09 9.1776E-09 9.6971E-09 1.0215E-08 1.0731E-08 1.1232E-08 1.1709E-08 1.2154E-08 1.2555E-08 1.2902E-08 1.3186E-08 1.3402E-08 1.3534E-08 1.3579E-08 1.3532E-08 1.3385E-08 1.3139E-08 1.2794E-08 1.2351E-08 1.1815E-08 1.1195E-08 1.0502E-08 9.7496E-09 8.9538E-09 8.1320E-09 7.3005E-09 6.4800E-09 5.6831E-09 4.9248E-09 4.2225E-09 3.5698E-09
8.2520E-10 9.3419E-10 1.0614E-09 1.1972E-09 1.3442E-09 1.5050E-09 1.6755E-09 1.8616E-09 2.0597E-09 2.2727E-09 2.5017E-09 2.7474E-09 3.0094E-09 3.2912E-09 3.5877E-09 3.9061E-09 4.2376E-09 4.5928E-09 4.9606E-09 5.3534E-09 5.7694E-09 6.2122E-09 6.6763E-09 7.1580E-09 7.6605E-09 8.1792E-09 8.7107E-09 9.2542E-09 9.8068E-09 1.0369E-08 1.0927E-08 1.1478E-08 1.2010E-08 1.2514E-08 1.2978E-08 1.3391E-08 1.3748E-08 1.4030E-08 1.4232E-08 1.4344E-08 1.4354E-08 1.4261E-08 1.4059E-08 1.3747E-08 1.3322E-08 1.2794E-08 1.2170E-08 1.1459E-08 1.0678E-08 9.8425E-09 8.9706E-09 8.0827E-09 7.1977E-09 6.3340E-09 5.5132E-09 4.7370E-09 4.0206E-09
8.0198E-10 9.0784E-10 1.0319E-09 1.1645E-09 1.3074E-09 1.4644E-09 1.6312E-09 1.8124E-09 2.0065E-09 2.2158E-09 2.4393E-09 2.6819E-09 2.9400E-09 3.2169E-09 3.5095E-09 3.8242E-09 4.1514E-09 4.5049E-09 4.8708E-09 5.2658E-09 5.6818E-09 6.1298E-09 6.6011E-09 7.0928E-09 7.6089E-09 8.1465E-09 8.7008E-09 9.2712E-09 9.8570E-09 1.0455E-08 1.1057E-08 1.1656E-08 1.2243E-08 1.2804E-08 1.3332E-08 1.3818E-08 1.4243E-08 1.4602E-08 1.4878E-08 1.5058E-08 1.5136E-08 1.5103E-08 1.4951E-08 1.4677E-08 1.4285E-08 1.3775E-08 1.3155E-08 1.2436E-08 1.1632E-08 1.0762E-08 9.8442E-09 8.9030E-09 7.9596E-09 7.0359E-09 6.1437E-09 5.3014E-09 4.5175E-09
7.7522E-10 8.7763E-10 9.9810E-10 1.1262E-09 1.2648E-09 1.4176E-09 1.5789E-09 1.7549E-09 1.9446E-09 2.1472E-09 2.3657E-09 2.6032E-09 2.8540E-09 3.1250E-09 3.4129E-09 3.7189E-09 4.0421E-09 4.3904E-09 4.7529E-09 5.1463E-09 5.5600E-09 6.0106E-09 6.4841E-09 6.9835E-09 7.5090E-09 8.0609E-09 8.6341E-09 9.2262E-09 9.8425E-09 1.0472E-08 1.1114E-08 1.1758E-08 1.2395E-08 1.3015E-08 1.3610E-08 1.4163E-08 1.4665E-08 1.5099E-08 1.5450E-08 1.5707E-08 1.5856E-08 1.5888E-08 1.5795E-08 1.5574E-08 1.5218E-08 1.4734E-08 1.4126E-08 1.3404E-08 1.2586E-08 1.1688E-08 1.0733E-08 9.7465E-09 8.7481E-09 7.7599E-09 6.8040E-09 5.8939E-09 5.0391E-09
7.4547E-10 8.4421E-10 9.5984E-10 1.0833E-09 1.2174E-09 1.3642E-09 1.5197E-09 1.6905E-09 1.8728E-09 2.0691E-09 2.2817E-09 2.5104E-09 2.7539E-09 3.0177E-09 3.2960E-09 3.5937E-09 3.9110E-09 4.2506E-09 4.6085E-09 4.9965E-09 5.4056E-09 5.8542E-09 6.3270E-09 6.8297E-09 7.3604E-09 7.9215E-09 8.5084E-09 9.1199E-09 9.7580E-09 1.0417E-08 1.1094E-08 1.1778E-08 1.2463E-08 1.3141E-08 1.3796E-08 1.4420E-08 1.4995E-08 1.5505E-08 1.5935E-08 1.6270E-08 1.6495E-08 1.6599E-08 1.6574E-08 1.6407E-08 1.6100E-08 1.5651E-08 1.5065E-08 1.4354E-08 1.3531E-08 1.2616E-08 1.1634E-08 1.0605E-08 9.5570E-09 8.5160E-09 7.4961E-09 6.5184E-09 5.5947E-09
7.1330E-10 8.0725E-10 9.1825E-10 1.0367E-09 1.1648E-09 1.3056E-09 1.4554E-09 1.6184E-09 1.7935E-09 1.9831E-09 2.1861E-09 2.4062E-09 2.6413E-09 2.8939E-09 3.1629E-09 3.4509E-09 3.7588E-09 4.0882E-09 4.4396E-09 4.8180E-09 5.2206E-09 5.6625E-09 6.1317E-09 6.6322E-09 7.1642E-09 7.7299E-09 8.3237E-09 8.9499E-09 9.6037E-09 1.0287E-08 1.0992E-08 1.1713E-08 1.2444E-08 1.3170E-08 1.3887E-08 1.4575E-08 1.5220E-08 1.5805E-08 1.6314E-08 1.6727E-08 1.7033E-08 1.7218E-08 1.7261E-08 1.7160E-08 1.6909E-08 1.6503E-08 1.5953E-08 1.5260E-08 1.4441E-08 1.3519E-08 1.2515E-08 1.1459E-08 1.0374E-08 9.2822E-09 8.2081E-09 7.1690E-09 6.1809E-09
6.7860E-10 7.6779E-10 8.7405E-10 9.8636E-10 1.1084E-09 1.2430E-09 1.3849E-09 1.5404E-09 1.7083E-09 1.8879E-09 2.0818E-09 2.2928E-09 2.5154E-09 2.7574E-09 3.0158E-09 3.2910E-09 3.5883E-09 3.9060E-09 4.2472E-09 4.6134E-09 5.0075E-09 5.4380E-09 5.9004E-09 6.3937E-09 6.9228E-09 7.4863E-09 8.0838E-09 8.7157E-09 9.3820E-09 1.0081E-08 1.0809E-08 1.1561E-08 1.2327E-08 1.3102E-08 1.3870E-08 1.4617E-08 1.5328E-08 1.5985E-08 1.6569E-08 1.7065E-08 1.7455E-08 1.7716E-08 1.7837E-08 1.7811E-08 1.7620E-08 1.7274E-08 1.6761E-08 1.6095E-08 1.5298E-08 1.4382E-08 1.3377E-08 1.2304E-08 1.1189E-08 1.0059E-08 8.9352E-09 7.8374E-09 6.7858E-09
6.4223E-10 7.2668E-10 8.2697E-10 9.3367E-10 1.0492E-09 1.1758E-09 1.3107E-09 1.4583E-09 1.6160E-09 1.7866E-09 1.9707E-09 2.1692E-09 2.3796E-09 2.6108E-09 2.8549E-09 3.1175E-09 3.4024E-09 3.7057E-09 4.0344E-09 4.3864E-09 4.7684E-09 5.1840E-09 5.6359E-09 6.1165E-09 6.6390E-09 7.1937E-09 7.7903E-09 8.4216E-09 9.0928E-09 9.8021E-09 1.0546E-08 1.1319E-08 1.2117E-08 1.2928E-08 1.3741E-08 1.4540E-08 1.5311E-08 1.6035E-08 1.6694E-08 1.7269E-08 1.7737E-08 1.8081E-08 1.8286E-08 1.8332E-08 1.8220E-08 1.7926E-08 1.7467E-08 1.6852E-08 1.6088E-08 1.5198E-08 1.4201E-08 1.3125E-08 1.1994E-08 1.0836E-08 9.6726E-09 8.5274E-09 7.4250E-09
6.0480E-10 6.8337E-10 7.7856E-10 8.7875E-10 9.8646E-10 1.1065E-09 1.2330E-09 1.3712E-09 1.5195E-09 1.6802E-09 1.8522E-09 2.0387E-09 2.2371E-09 2.4541E-09 2.6844E-09 2.9335E-09 3.2027E-09 3.4908E-09 3.8049E-09 4.1399E-09 4.5073E-09 4.9048E-09 5.3422E-09 5.8058E-09 6.3162E-09 6.8574E-09 7.4464E-09 8.0709E-09 8.7412E-09 9.4520E-09 1.0203E-08 1.0992E-08 1.1810E-08 1.2649E-08 1.3496E-08 1.4340E-08 1.5164E-08 1.5948E-08 1.6677E-08 1.7324E-08 1.7871E-08 1.8297E-08 1.8582E-08 1.8715E-08 1.8667E-08 1.8450E-08 1.8061E-08 1.7502E-08 1.6784E-08 1.5931E-08 1.4960E-08 1.3899E-08 1.2770E-08 1.1600E-08 1.0410E-08 9.2290E-09 8.0769E-09
5.6632E-10 6.3996E-10 7.2887E-10 8.2177E-10 9.2287E-10 1.0350E-09 1.1520E-09 1.2820E-09 1.4197E-09 1.5692E-09 1.7296E-09 1.9033E-09 2.0881E-09 2.2918E-09 2.5060E-09 2.7402E-09 2.9931E-09 3.2648E-09 3.5611E-09 3.8781E-09 4.2276E-09 4.6046E-09 5.0232E-09 5.4671E-09 5.9598E-09 6.4832E-09 7.0577E-09 7.6701E-09 8.3308E-09 9.0352E-09 9.7882E-09 1.0579E-08 1.1408E-08 1.2265E-08 1.3138E-08 1.4018E-08 1.4883E-08 1.5723E-08 1.6510E-08 1.7226E-08 1.7844E-08 1.8351E-08 1.8719E-08 1.8922E-08 1.8962E-08 1.8829E-08 1.8514E-08 1.8023E-08 1.7373E-08 1.6577E-08 1.5655E-08 1.4627E-08 1.3518E-08 1.2347E-08 1.1146E-08 9.9361E-09 8.7475E-09
5.2772E-10 5.9550E-10 6.7798E-10 7.6462E-10 8.5777E-10 9.6129E-10 1.0706E-09 1.1900E-09 1.3173E-09 1.4564E-09 1.6038E-09 1.7637E-09 1.9366E-09 2.1244E-09 2.3218E-09 2.5419E-09 2.7759E-09 3.0302E-09 3.3077E-09 3.6042E-09 3.9337E-09 4.2883E-09 4.6844E-09 5.1056E-09 5.5758E-09 6.0767E-09 6.6318E-09 7.2243E-09 7.8685E-09 8.5613E-09 9.3023E-09 1.0089E-08 1.0920E-08 1.1782E-08 1.2672E-08 1.3573E-08 1.4475E-08 1.5356E-08 1.6194E-08 1.6966E-08 1.7656E-08 1.8234E-08 1.8669E-08 1.8963E-08 1.9091E-08 1.9040E-08 1.8811E-08 1.8410E-08 1.7843E-08 1.7122E-08 1.6263E-08 1.5285E-08 1.4207E-08 1.3057E-08 1.1862E-08 1.0645E-08 9.4352E-09
4.8839E-10 5.5122E-10 6.2718E-10 7.0677E-10 7.9242E-10 8.8798E-10 9.8745E-10 1.0974E-09 1.2152E-09 1.3407E-09 1.4770E-09 1.6243E-09 1.7824E-09 1.9541E-09 2.1378E-09 2.3398E-09 2.5539E-09 2.7913E-09 3.0474E-09 3.3230E-09 3.6303E-09 3.9603E-09 4.3314E-09 4.7267E-09 5.1709E-09 5.6453E-09 6.1739E-09 6.7417E-09 7.3633E-09 8.0343E-09 8.7567E-09 9.5306E-09 1.0350E-08 1.1209E-08 1.2105E-08 1.3018E-08 1.3942E-08 1.4852E-08 1.5728E-08 1.6553E-08 1.7299E-08 1.7932E-08 1.8452E-08 1.8826E-08 1.9035E-08 1.9080E-08 1.8951E-08 1.8652E-08 1.8180E-08 1.7551E-08 1.6772E-08 1.5863E-08 1.4846E-08 1.3740E-08 1.2570E-08 1.1362E-08 1.0140E-08
4.4910E-10 5.0783E-10 5.7628E-10 6.4934E-10 7.2758E-10 8.1362E-10 9.0458E-10 1.0059E-09 1.1118E-09 1.2261E-09 1.3517E-09 1.4848E-09 1.6287E-09 1.7840E-09 1.9531E-09 2.1373E-09 2.3306E-09 2.5507E-09 2.7844E-09 3.0388E-09 3.3219E-09 3.6259E-09 3.9699E-09 4.3372E-09 4.7511E-09 5.1955E-09 5.6941E-09 6.2314E-09 6.8225E-09 7.4659E-09 8.1624E-09 8.9133E-09 9.7118E-09 1.0562E-08 1.1447E-08 1.2361E-08 1.3296E-08 1.4220E-08 1.5125E-08 1.5986E-08 1.6769E-08 1.7470E-08 1.8052E-08 1.8501E-08 1.8804E-08 1.8948E-08 1.8928E-08 1.8736E-08 1.8377E-08 1.7852E-08 1.7178E-08 1.6362E-08 1.5423E-08 1.4376E-08 1.3247E-08 1.2065E-08 1.0853E-08
4.1070E-10 4.6429E-10 5.2663E-10 5.9295E-10 6.6251E-10 7.4096E-10 8.2417E-10 9.1485E-10 1.0103E-09 1.1149E-09 1.2274E-09 1.3469E-09 1.4771E-09 1.6175E-09 1.7708E-09 1.9353E-09 2.1117E-09 2.3121E-09 2.5219E-09 2.7556E-09 3.0130E-09 3.2900E-09 3.6059E-09 3.9419E-09 4.3242E-09 4.7358E-09 5.1990E-09 5.7011E-09 6.2593E-09 6.8675E-09 7.5295E-09 8.2498E-09 9.0215E-09 9.8464E-09 1.0714E-08 1.1618E-08 1.2546E-08 1.3475E-08 1.4394E-08 1.5271E-08 1.6096E-08 1.6838E-08 1.7481E-08 1.8007E-08 1.8399E-08 1.8646E-08 1.8737E-08 1.8664E-08 1.8426E-08 1.8028E-08 1.7473E-08 1.6766E-08 1.5919E-08 1.4958E-08 1.3903E-08 1.2773E-08 1.1590E-08
3.7371E-10 4.2170E-10 4.7867E-10 5.3676E-10 6.0035E-10 6.7103E-10 7.4459E-10 8.2551E-10 9.1266E-10 1.0059E-09 1.1050E-09 1.2139E-09 1.3297E-09 1.4560E-09 1.5930E-09 1.7361E-09 1.8988E-09 2.0783E-09 2.2631E-09 2.4772E-09 2.7077E-09 2.9585E-09 3.2440E-09 3.5482E-09 3.8973E-09 4.2723E-09 4.6985E-09 5.1635E-09 5.6808E-09 6.2496E-09 6.8741E-09 7.5558E-09 8.2912E-09 9.0840E-09 9.9221E-09 1.0801E-08 1.1710E-08 1.2633E-08 1.3546E-08 1.4435E-08 1.5279E-08 1.6060E-08 1.6756E-08 1.7353E-08 1.7831E-08 1.8180E-08 1.8383E-08 1.8434E-08 1.8332E-08 1.8071E-08 1.7644E-08 1.7064E-08 1.6347E-08 1.5501E-08 1.4540E-08 1.3482E-08 1.2347E-08
3.3657E-10 3.7976E-10 4.3157E-10 4.8334E-10 5.4074E-10 6.0202E-10 6.6754E-10 7.4103E-10 8.1841E-10 9.0073E-10 9.8915E-10 1.0862E-09 1.1890E-09 1.2997E-09 1.4176E-09 1.5491E-09 1.6933E-09 1.8477E-09 2.0153E-09 2.2074E-09 2.4093E-09 2.6351E-09 2.8905E-09 3.1615E-09 3.4760E-09 3.8143E-09 4.2024E-09 4.6255E-09 5.1009E-09 5.6274E-09 6.2068E-09 6.8434E-09 7.5371E-09 8.2892E-09 9.0862E-09 9.9301E-09 1.0810E-08 1.1708E-08 1.2607E-08 1.3492E-08 1.4347E-08 1.5155E-08 1.5895E-08 1.6553E-08 1.7115E-08 1.7559E-08 1.7875E-08 1.8058E-08 1.8094E-08 1.7970E-08 1.7695E-08 1.7270E-08 1.6699E-08 1.5983E-08 1.5137E-08 1.4178E-08 1.3122E-08
3.0236E-10 3.4062E-10 3.8635E-10 4.3303E-10 4.8206E-10 5.3758E-10 5.9579E-10 6.6045E-10 7.2763E-10 8.0038E-10 8.7921E-10 9.6324E-10 1.0539E-09 1.1494E-09 1.2559E-09 1.3712E-09 1.4944E-09 1.6270E-09 1.7800E-09 1.9486E-09 2.1205E-09 2.3249E-09 2.5481E-09 2.7868E-09 3.0680E-09 3.3693E-09 3.7173E-09 4.0982E-09 4.5308E-09 5.0099E-09 5.5405E-09 6.1332E-09 6.7754E-09 7.4761E-09 8.2269E-09 9.0257E-09 9.8627E-09 1.0728E-08 1.1598E-08 1.2469E-08 1.3325E-08 1.4146E-08 1.4920E-08 1.5633E-08 1.6263E-08 1.6797E-08 1.7227E-08 1.7536E-08 1.7707E-08 1.7740E-08 1.7631E-08 1.7373E-08 1.6959E-08 1.6401E-08 1.5708E-08 1.4879E-08 1.3925E-08
2.6193E-10 3.0195E-10 3.4241E-10 3.8482E-10 4.2794E-10 4.7731E-10 5.2672E-10 5.8245E-10 6.4267E-10 7.0702E-10 7.7588E-10 8.4828E-10 9.2733E-10 1.0115E-09 1.1033E-09 1.1987E-09 1.3049E-09 1.4257E-09 1.5573E-09 1.6965E-09 1.8515E-09 2.0299E-09 2.2212E-09 2.4324E-09 2.6792E-09 2.9430E-09 3.2518E-09 3.5917E-09 3.9777E-09 4.4088E-09 4.8928E-09 5.4284E-09 6.0200E-09 6.6668E-09 7.3628E-09 8.1045E-09 8.8935E-09 9.7130E-09 1.0544E-08 1.1393E-08 1.2235E-08 1.3061E-08 1.3857E-08 1.4608E-08 1.5298E-08 1.5917E-08 1.6449E-08 1.6877E-08 1.7189E-08 1.7385E-08 1.7447E-08 1.7361E-08 1.7136E-08 1.6768E-08 1.6245E-08 1.5571E-08 1.4748E-08
2.2213E-10 2.6030E-10 2.9963E-10 3.3867E-10 3.7758E-10 4.1951E-10 4.6349E-10 5.1220E-10 5.6425E-10 6.1954E-10 6.7751E-10 7.4129E-10 8.0922E-10 8.8176E-10 9.5830E-10 1.0425E-09 1.1349E-09 1.2355E-09 1.3402E-09 1.4645E-09 1.6013E-09 1.7537E-09 1.9135E-09 2.0996E-09 2.3132E-09 2.5424E-09 2.8136E-09 3.1106E-09 3.4520E-09 3.8368E-09 4.2673E-09 4.7513E-09 5.2858E-09 5.8725E-09 6.5073E-09 7.1917E-09 7.9242E-09 8.6877E-09 9.4758E-09 1.0290E-08 1.1106E-08 1.1924E-08 1.2729E-08 1.3505E-08 1.4244E-08 1.4933E-08 1.5556E-08 1.6096E-08 1.6553E-08 1.6907E-08 1.7137E-08 1.7251E-08 1.7233E-08 1.7063E-08 1.6737E-08 1.6247E-08 1.5594E-08
1.9080E-10 2.1482E-10 2.5026E-10 2.8977E-10 3.2920E-10 3.6656E-10 4.0415E-10 4.4599E-10 4.8976E-10 5.3786E-10 5.8913E-10 6.4381E-10 7.0155E-10 7.6154E-10 8.2655E-10 8.9759E-10 9.7079E-10 1.0539E-09 1.1470E-09 1.2546E-09 1.3698E-09 1.4905E-09 1.6341E-09 1.7931E-09 1.9736E-09 2.1712E-09 2.4056E-09 2.6631E-09 2.9620E-09 3.2969E-09 3.6782E-09 4.1086E-09 4.5838E-09 5.1086E-09 5.6851E-09 6.3023E-09 6.9724E-09 7.6782E-09 8.4141E-09 9.1815E-09 9.9634E-09 1.0763E-08 1.1559E-08 1.2350E-08 1.3123E-08 1.3866E-08 1.4565E-08 1.5216E-08 1.5804E-08 1.6305E-08 1.6723E-08 1.7039E-08 1.7228E-08 1.7281E-08 1.7180E-08 1.6907E-08 1.6467E-08
1.6550E-10 1.8582E-10 2.0852E-10 2.3268E-10 2.7412E-10 3.1445E-10 3.5034E-10 3.8546E-10 4.2284E-10 4.6252E-10 5.0623E-10 5.5249E-10 6.0180E-10 6.5398E-10 7.0751E-10 7.6528E-10 8.2926E-10 8.9867E-10 9.7253E-10 1.0529E-09 1.1483E-09 1.2582E-09 1.3817E-09 1.5128E-09 1.6628E-09 1.8334E-09 2.0337E-09 2.2538E-09 2.5084E-09 2.8023E-09 3.1326E-09 3.5086E-09 3.9254E-09 4.3918E-09 4.9012E-09 5.4532E-09 6.0619E-09 6.7016E-09 7.3788E-09 8.0923E-09 8.8326E-09 9.5973E-09 1.0376E-08 1.1166E-08 1.1956E-08 1.2739E-08 1.3503E-08 1.4249E-08 1.4951E-08 1.5606E-08 1.6202E-08 1.6713E-08 1.7124E-08 1.7415E-08 1.7558E-08 1.7543E-08 1.7335E-08
