Assets/Resources/2015_m01_d08_1400(utc+0800)_l00_csi_1hr_conc.grd
DSAA
         159         159
     -79.000      79.000
     -79.000      79.000
  0.2693E-09  0.3316E-05
[rows 100 to 124 of 159, columns 57 to 113 of 159]
4.8792E-09 5.2452E-09 5.6493E-09 6.1657E-09 6.7382E-09 7.4333E-09 8.2426E-09 9.1792E-09 1.0287E-08 1.1555E-08 1.3015E-08 1.4653E-08 1.6486E-08 1.8519E-08 2.0741E-08 2.3136E-08 2.5677E-08 2.8330E-08 3.1056E-08 3.3803E-08 3.6521E-08 3.9155E-08 4.1648E-08 4.3951E-08 4.6015E-08 4.7803E-08 4.9278E-08 5.0416E-08 5.1189E-08 5.1608E-08 5.1689E-08 5.1458E-08 5.0942E-08 5.0166E-08 4.9179E-08 4.8022E-08 4.6714E-08 4.5290E-08 4.3787E-08 4.2235E-08 4.0661E-08 3.9089E-08 3.7541E-08 3.6034E-08 3.4580E-08 3.3188E-08 3.1883E-08 3.0655E-08 2.9500E-08 2.8427E-08 2.7468E-08 2.6643E-08 2.5888E-08 2.5189E-08 2.4541E-08 2.3939E-08 2.3374E-08
4.7882E-09 5.1522E-09 5.5374E-09 6.0318E-09 6.5720E-09 7.2359E-09 7.9978E-09 8.8878E-09 9.9332E-09 1.1132E-08 1.2510E-08 1.4065E-08 1.5799E-08 1.7725E-08 1.9834E-08 2.2112E-08 2.4536E-08 2.7076E-08 2.9694E-08 3.2345E-08 3.4980E-08 3.7547E-08 3.9990E-08 4.2259E-08 4.4309E-08 4.6095E-08 4.7584E-08 4.8750E-08 4.9580E-08 5.0050E-08 5.0175E-08 4.9982E-08 4.9501E-08 4.8764E-08 4.7809E-08 4.6674E-08 4.5397E-08 4.4010E-08 4.2531E-08 4.1004E-08 3.9457E-08 3.7916E-08 3.6402E-08 3.4935E-08 3.3529E-08 3.2193E-08 3.0948E-08 2.9785E-08 2.8699E-08 2.7694E-08 2.6782E-08 2.5997E-08 2.5283E-08 2.4621E-08 2.4009E-08 2.3438E-08 2.2902E-08
4.7112E-09 5.0592E-09 5.4301E-09 5.8927E-09 6.4172E-09 7.0192E-09 7.7670E-09 8.5985E-09 9.5780E-09 1.0716E-08 1.2005E-08 1.3477E-08 1.5109E-08 1.6926E-08 1.8914E-08 2.1067E-08 2.3362E-08 2.5774E-08 2.8268E-08 3.0803E-08 3.3333E-08 3.5807E-08 3.8174E-08 4.0384E-08 4.2390E-08 4.4147E-08 4.5624E-08 4.6790E-08 4.7636E-08 4.8150E-08 4.8327E-08 4.8174E-08 4.7730E-08 4.7042E-08 4.6132E-08 4.5039E-08 4.3795E-08 4.2444E-08 4.1025E-08 3.9548E-08 3.8050E-08 3.6560E-08 3.5102E-08 3.3695E-08 3.2355E-08 3.1087E-08 2.9911E-08 2.8816E-08 2.7800E-08 2.6866E-08 2.6015E-08 2.5276E-08 2.4608E-08 2.3992E-08 2.3421E-08 2.2885E-08 2.2381E-08
4.6320E-09 4.9280E-09 5.3151E-09 5.7202E-09 6.2431E-09 6.8091E-09 7.5045E-09 8.2876E-09 9.1983E-09 1.0256E-08 1.1457E-08 1.2831E-08 1.4358E-08 1.6052E-08 1.7911E-08 1.9930E-08 2.2086E-08 2.4357E-08 2.6713E-08 2.9116E-08 3.1523E-08 3.3886E-08 3.6158E-08 3.8287E-08 4.0228E-08 4.1937E-08 4.3379E-08 4.4536E-08 4.5384E-08 4.5922E-08 4.6144E-08 4.6055E-08 4.5670E-08 4.5030E-08 4.4176E-08 4.3138E-08 4.1954E-08 4.0658E-08 3.9291E-08 3.7887E-08 3.6469E-08 3.5049E-08 3.3666E-08 3.2338E-08 3.1077E-08 2.9891E-08 2.8792E-08 2.7768E-08 2.6824E-08 2.5963E-08 2.5181E-08 2.4498E-08 2.3873E-08 2.3302E-08 2.2775E-08 2.2282E-08 2.1815E-08
4.5480E-09 4.8283E-09 5.1916E-09 5.5791E-09 6.0644E-09 6.6042E-09 7.2424E-09 7.9830E-09 8.8211E-09 9.8145E-09 1.0925E-08 1.2205E-08 1.3624E-08 1.5196E-08 1.6929E-08 1.8805E-08 2.0816E-08 2.2938E-08 2.5146E-08 2.7402E-08 2.9668E-08 3.1898E-08 3.4047E-08 3.6069E-08 3.7919E-08 3.9560E-08 4.0956E-08 4.2083E-08 4.2919E-08 4.3458E-08 4.3702E-08 4.3660E-08 4.3348E-08 4.2775E-08 4.1983E-08 4.1014E-08 3.9904E-08 3.8687E-08 3.7397E-08 3.6069E-08 3.4733E-08 3.3414E-08 3.2125E-08 3.0889E-08 2.9718E-08 2.8624E-08 2.7607E-08 2.6663E-08 2.5793E-08 2.5003E-08 2.4291E-08 2.3668E-08 2.3098E-08 2.2567E-08 2.2080E-08 2.1629E-08 2.1202E-08
4.4644E-09 4.7282E-09 5.0540E-09 5.4347E-09 5.8613E-09 6.3946E-09 6.9762E-09 7.6763E-09 8.4593E-09 9.3655E-09 1.0402E-08 1.1570E-08 1.2891E-08 1.4342E-08 1.5936E-08 1.7668E-08 1.9528E-08 2.1491E-08 2.3536E-08 2.5632E-08 2.7741E-08 2.9825E-08 3.1840E-08 3.3744E-08 3.5492E-08 3.7047E-08 3.8378E-08 3.9455E-08 4.0267E-08 4.0803E-08 4.1065E-08 4.1061E-08 4.0803E-08 4.0313E-08 3.9606E-08 3.8717E-08 3.7692E-08 3.6566E-08 3.5374E-08 3.4143E-08 3.2902E-08 3.1682E-08 3.0503E-08 2.9371E-08 2.8302E-08 2.7304E-08 2.6375E-08 2.5515E-08 2.4723E-08 2.4005E-08 2.3360E-08 2.2796E-08 2.2282E-08 2.1805E-08 2.1357E-08 2.0937E-08 2.0546E-08
4.3762E-09 4.6272E-09 4.9185E-09 5.2904E-09 5.6879E-09 6.1840E-09 6.7253E-09 7.3640E-09 8.0925E-09 8.9177E-09 9.8773E-09 1.0938E-08 1.2151E-08 1.3480E-08 1.4942E-08 1.6526E-08 1.8228E-08 2.0030E-08 2.1909E-08 2.3839E-08 2.5786E-08 2.7713E-08 2.9581E-08 3.1347E-08 3.2976E-08 3.4431E-08 3.5685E-08 3.6712E-08 3.7495E-08 3.8024E-08 3.8296E-08 3.8323E-08 3.8117E-08 3.7698E-08 3.7084E-08 3.6296E-08 3.5368E-08 3.4345E-08 3.3259E-08 3.2137E-08 3.1011E-08 2.9904E-08 2.8834E-08 2.7812E-08 2.6850E-08 2.5950E-08 2.5111E-08 2.4338E-08 2.3628E-08 2.2985E-08 2.2405E-08 2.1895E-08 2.1434E-08 2.1009E-08 2.0611E-08 2.0230E-08 1.9862E-08
4.2845E-09 4.5247E-09 4.7972E-09 5.1103E-09 5.5133E-09 5.9398E-09 6.4705E-09 7.0467E-09 7.7234E-09 8.4832E-09 9.3452E-09 1.0321E-08 1.1408E-08 1.2628E-08 1.3953E-08 1.5390E-08 1.6937E-08 1.8574E-08 2.0283E-08 2.2041E-08 2.3817E-08 2.5579E-08 2.7293E-08 2.8920E-08 3.0426E-08 3.1781E-08 3.2952E-08 3.3919E-08 3.4662E-08 3.5174E-08 3.5457E-08 3.5515E-08 3.5362E-08 3.5008E-08 3.4475E-08 3.3791E-08 3.2979E-08 3.2068E-08 3.1096E-08 3.0094E-08 2.9089E-08 2.8103E-08 2.7148E-08 2.6240E-08 2.5386E-08 2.4582E-08 2.3834E-08 2.3148E-08 2.2520E-08 2.1952E-08 2.1439E-08 2.0981E-08 2.0567E-08 2.0189E-08 1.9839E-08 1.9503E-08 1.9163E-08
4.1911E-09 4.4199E-09 4.6739E-09 4.9667E-09 5.3346E-09 5.7313E-09 6.2194E-09 6.7463E-09 7.3421E-09 8.0543E-09 8.8307E-09 9.7149E-09 1.0694E-08 1.1788E-08 1.2984E-08 1.4280E-08 1.5671E-08 1.7146E-08 1.8688E-08 2.0277E-08 2.1885E-08 2.3484E-08 2.5040E-08 2.6524E-08 2.7901E-08 2.9142E-08 3.0223E-08 3.1121E-08 3.1824E-08 3.2322E-08 3.2614E-08 3.2700E-08 3.2591E-08 3.2301E-08 3.1851E-08 3.1265E-08 3.0566E-08 2.9777E-08 2.8926E-08 2.8048E-08 2.7168E-08 2.6303E-08 2.5469E-08 2.4676E-08 2.3925E-08 2.3219E-08 2.2564E-08 2.1960E-08 2.1411E-08 2.0917E-08 2.0469E-08 2.0064E-08 1.9694E-08 1.9358E-08 1.9049E-08 1.8747E-08 1.8440E-08
4.0972E-09 4.3120E-09 4.5503E-09 4.8230E-09 5.1324E-09 5.5261E-09 5.9415E-09 6.4496E-09 6.9974E-09 7.6302E-09 8.3358E-09 9.1166E-09 1.0005E-08 1.0970E-08 1.2054E-08 1.3208E-08 1.4450E-08 1.5768E-08 1.7147E-08 1.8567E-08 2.0007E-08 2.1441E-08 2.2842E-08 2.4180E-08 2.5429E-08 2.6562E-08 2.7555E-08 2.8388E-08 2.9048E-08 2.9524E-08 2.9814E-08 2.9924E-08 2.9860E-08 2.9636E-08 2.9268E-08 2.8776E-08 2.8181E-08 2.7508E-08 2.6784E-08 2.6032E-08 2.5276E-08 2.4532E-08 2.3817E-08 2.3133E-08 2.2484E-08 2.1876E-08 2.1311E-08 2.0790E-08 2.0316E-08 1.9888E-08 1.9503E-08 1.9151E-08 1.8825E-08 1.8526E-08 1.8245E-08 1.7971E-08 1.7708E-08
4.0020E-09 4.2049E-09 4.4279E-09 4.6811E-09 4.9643E-09 5.2903E-09 5.7043E-09 6.1320E-09 6.6594E-09 7.2083E-09 7.8602E-09 8.5555E-09 9.3414E-09 1.0205E-08 1.1154E-08 1.2188E-08 1.3287E-08 1.4455E-08 1.5677E-08 1.6939E-08 1.8220E-08 1.9498E-08 2.0749E-08 2.1948E-08 2.3071E-08 2.4094E-08 2.4995E-08 2.5756E-08 2.6365E-08 2.6818E-08 2.7109E-08 2.7243E-08 2.7222E-08 2.7058E-08 2.6766E-08 2.6364E-08 2.5871E-08 2.5309E-08 2.4703E-08 2.4073E-08 2.3438E-08 2.2814E-08 2.2209E-08 2.1627E-08 2.1076E-08 2.0562E-08 2.0085E-08 1.9645E-08 1.9244E-08 1.8880E-08 1.8548E-08 1.8244E-08 1.7963E-08 1.7693E-08 1.7437E-08 1.7201E-08 1.6964E-08
3.9050E-09 4.0957E-09 4.3059E-09 4.5378E-09 4.8030E-09 5.0972E-09 5.4691E-09 5.8623E-09 6.2941E-09 6.8292E-09 7.3800E-09 8.0282E-09 8.7103E-09 9.4838E-09 1.0312E-08 1.1228E-08 1.2198E-08 1.3225E-08 1.4299E-08 1.5409E-08 1.6538E-08 1.7666E-08 1.8773E-08 1.9837E-08 2.0837E-08 2.1752E-08 2.2565E-08 2.3260E-08 2.3826E-08 2.4255E-08 2.4545E-08 2.4695E-08 2.4711E-08 2.4602E-08 2.4381E-08 2.4063E-08 2.3666E-08 2.3210E-08 2.2715E-08 2.2199E-08 2.1679E-08 2.1163E-08 2.0659E-08 2.0175E-08 1.9718E-08 1.9289E-08 1.8894E-08 1.8531E-08 1.8199E-08 1.7893E-08 1.7614E-08 1.7355E-08 1.7105E-08 1.6866E-08 1.6647E-08 1.6432E-08 1.6225E-08
3.8145E-09 3.9857E-09 4.1866E-09 4.3979E-09 4.6434E-09 4.9095E-09 5.2176E-09 5.5951E-09 5.9933E-09 6.4617E-09 6.9605E-09 7.5202E-09 8.1319E-09 8.7953E-09 9.5388E-09 1.0324E-08 1.1188E-08 1.2084E-08 1.3022E-08 1.3992E-08 1.4980E-08 1.5970E-08 1.6943E-08 1.7882E-08 1.8768E-08 1.9583E-08 2.0312E-08 2.0941E-08 2.1460E-08 2.1862E-08 2.2145E-08 2.2308E-08 2.2356E-08 2.2296E-08 2.2140E-08 2.1900E-08 2.1591E-08 2.1232E-08 2.0843E-08 2.0432E-08 2.0014E-08 1.9593E-08 1.9182E-08 1.8789E-08 1.8416E-08 1.8067E-08 1.7746E-08 1.7452E-08 1.7183E-08 1.6933E-08 1.6694E-08 1.6462E-08 1.6254E-08 1.6054E-08 1.5867E-08 1.5678E-08 1.5487E-08
3.7177E-09 3.8854E-09 4.0616E-09 4.2681E-09 4.4812E-09 4.7364E-09 5.0005E-09 5.3207E-09 5.6950E-09 6.0951E-09 6.5563E-09 7.0434E-09 7.5905E-09 8.1775E-09 8.8114E-09 9.5123E-09 1.0244E-08 1.1043E-08 1.1858E-08 1.2701E-08 1.3560E-08 1.4422E-08 1.5272E-08 1.6094E-08 1.6873E-08 1.7594E-08 1.8242E-08 1.8808E-08 1.9281E-08 1.9656E-08 1.9929E-08 2.0102E-08 2.0177E-08 2.0162E-08 2.0062E-08 1.9890E-08 1.9663E-08 1.9396E-08 1.9100E-08 1.8782E-08 1.8452E-08 1.8117E-08 1.7790E-08 1.7476E-08 1.7180E-08 1.6905E-08 1.6651E-08 1.6417E-08 1.6201E-08 1.5994E-08 1.5793E-08 1.5610E-08 1.5436E-08 1.5273E-08 1.5107E-08 1.4928E-08 1.4744E-08
3.6269E-09 3.7841E-09 3.9485E-09 4.1325E-09 4.3372E-09 4.5541E-09 4.8119E-09 5.0781E-09 5.4006E-09 5.7691E-09 6.1609E-09 6.6084E-09 7.0747E-09 7.5973E-09 8.1520E-09 8.7448E-09 9.3926E-09 1.0063E-08 1.0786E-08 1.1514E-08 1.2256E-08 1.3002E-08 1.3740E-08 1.4456E-08 1.5137E-08 1.5771E-08 1.6346E-08 1.6853E-08 1.7284E-08 1.7633E-08 1.7898E-08 1.8079E-08 1.8178E-08 1.8200E-08 1.8154E-08 1.8049E-08 1.7896E-08 1.7707E-08 1.7488E-08 1.7249E-08 1.6998E-08 1.6743E-08 1.6490E-08 1.6245E-08 1.6018E-08 1.5805E-08 1.5609E-08 1.5412E-08 1.5237E-08 1.5076E-08 1.4922E-08 1.4783E-08 1.4645E-08 1.4505E-08 1.4350E-08 1.4184E-08 1.4013E-08
3.5399E-09 3.6784E-09 3.8416E-09 4.0045E-09 4.1923E-09 4.3956E-09 4.6176E-09 4.8689E-09 5.1401E-09 5.4538E-09 5.8152E-09 6.1914E-09 6.6225E-09 7.0679E-09 7.5591E-09 8.0775E-09 8.6236E-09 9.2171E-09 9.8206E-09 1.0467E-08 1.1107E-08 1.1750E-08 1.2388E-08 1.3009E-08 1.3602E-08 1.4157E-08 1.4665E-08 1.5117E-08 1.5506E-08 1.5829E-08 1.6082E-08 1.6267E-08 1.6384E-08 1.6437E-08 1.6433E-08 1.6382E-08 1.6288E-08 1.6162E-08 1.6009E-08 1.5839E-08 1.5656E-08 1.5469E-08 1.5282E-08 1.5103E-08 1.4923E-08 1.4748E-08 1.4596E-08 1.4453E-08 1.4329E-08 1.4210E-08 1.4096E-08 1.3984E-08 1.3871E-08 1.3743E-08 1.3599E-08 1.3447E-08 1.3297E-08
3.4470E-09 3.5847E-09 3.7250E-09 3.8880E-09 4.0515E-09 4.2405E-09 4.4425E-09 4.6667E-09 4.9109E-09 5.1831E-09 5.4850E-09 5.8324E-09 6.1890E-09 6.5955E-09 7.0085E-09 7.4646E-09 7.9442E-09 8.4371E-09 8.9735E-09 9.5078E-09 1.0076E-08 1.0629E-08 1.1177E-08 1.1713E-08 1.2228E-08 1.2712E-08 1.3159E-08 1.3561E-08 1.3913E-08 1.4211E-08 1.4453E-08 1.4639E-08 1.4770E-08 1.4849E-08 1.4881E-08 1.4873E-08 1.4831E-08 1.4759E-08 1.4663E-08 1.4549E-08 1.4417E-08 1.4272E-08 1.4137E-08 1.4005E-08 1.3886E-08 1.3773E-08 1.3667E-08 1.3570E-08 1.3477E-08 1.3387E-08 1.3300E-08 1.3210E-08 1.3108E-08 1.2990E-08 1.2858E-08 1.2730E-08 1.2603E-08
3.3638E-09 3.4854E-09 3.6231E-09 3.7636E-09 3.9243E-09 4.0895E-09 4.2760E-09 4.4715E-09 4.6957E-09 4.9308E-09 5.1983E-09 5.4829E-09 5.8141E-09 6.1524E-09 6.5116E-09 6.9157E-09 7.3220E-09 7.7695E-09 8.2109E-09 8.6884E-09 9.1550E-09 9.6496E-09 1.0121E-08 1.0584E-08 1.1030E-08 1.1452E-08 1.1844E-08 1.2201E-08 1.2519E-08 1.2793E-08 1.3023E-08 1.3207E-08 1.3331E-08 1.3422E-08 1.3476E-08 1.3495E-08 1.3490E-08 1.3458E-08 1.3408E-08 1.3344E-08 1.3272E-08 1.3194E-08 1.3114E-08 1.3033E-08 1.2954E-08 1.2877E-08 1.2802E-08 1.2732E-08 1.2665E-08 1.2600E-08 1.2533E-08 1.2454E-08 1.2355E-08 1.2247E-08 1.2138E-08 1.2035E-08 1.1923E-08
3.2801E-09 3.3962E-09 3.5164E-09 3.6549E-09 3.7941E-09 3.9512E-09 4.1170E-09 4.2985E-09 4.4918E-09 4.7099E-09 4.9393E-09 5.1952E-09 5.4717E-09 5.7555E-09 6.0966E-09 6.4209E-09 6.7951E-09 7.1568E-09 7.5633E-09 7.9542E-09 8.3726E-09 8.7770E-09 9.1965E-09 9.5993E-09 9.9850E-09 1.0352E-08 1.0697E-08 1.1013E-08 1.1291E-08 1.1528E-08 1.1738E-08 1.1913E-08 1.2061E-08 1.2174E-08 1.2253E-08 1.2301E-08 1.2325E-08 1.2330E-08 1.2320E-08 1.2296E-08 1.2263E-08 1.2223E-08 1.2180E-08 1.2133E-08 1.2084E-08 1.2036E-08 1.1989E-08 1.1942E-08 1.1895E-08 1.1848E-08 1.1786E-08 1.1707E-08 1.1619E-08 1.1529E-08 1.1451E-08 1.1360E-08 1.1257E-08
3.1960E-09 3.3074E-09 3.4221E-09 3.5400E-09 3.6785E-09 3.8158E-09 3.9712E-09 4.1323E-09 4.3037E-09 4.4978E-09 4.6944E-09 4.9244E-09 5.1564E-09 5.4240E-09 5.6909E-09 5.9901E-09 6.2994E-09 6.6252E-09 6.9568E-09 7.2917E-09 7.6548E-09 8.0041E-09 8.3697E-09 8.7047E-09 9.0446E-09 9.3591E-09 9.6557E-09 9.9388E-09 1.0198E-08 1.0432E-08 1.0637E-08 1.0813E-08 1.0956E-08 1.1073E-08 1.1166E-08 1.1239E-08 1.1293E-08 1.1326E-08 1.1343E-08 1.1349E-08 1.1346E-08 1.1336E-08 1.1319E-08 1.1298E-08 1.1275E-08 1.1250E-08 1.1223E-08 1.1195E-08 1.1162E-08 1.1116E-08 1.1055E-08 1.0983E-08 1.0917E-08 1.0856E-08 1.0785E-08 1.0702E-08 1.0591E-08
3.1112E-09 3.2182E-09 3.3284E-09 3.4416E-09 3.5579E-09 3.6838E-09 3.8295E-09 3.9708E-09 4.1341E-09 4.3005E-09 4.4790E-09 4.6756E-09 4.8830E-09 5.1079E-09 5.3522E-09 5.6108E-09 5.8676E-09 6.1517E-09 6.4294E-09 6.7274E-09 7.0216E-09 7.3334E-09 7.6314E-09 7.9410E-09 8.2362E-09 8.5170E-09 8.8045E-09 9.0551E-09 9.2847E-09 9.4939E-09 9.6817E-09 9.8475E-09 9.9940E-09 1.0121E-08 1.0227E-08 1.0311E-08 1.0375E-08 1.0425E-08 1.0465E-08 1.0494E-08 1.0512E-08 1.0522E-08 1.0525E-08 1.0525E-08 1.0520E-08 1.0512E-08 1.0502E-08 1.0487E-08 1.0457E-08 1.0412E-08 1.0353E-08 1.0302E-08 1.0256E-08 1.0202E-08 1.0136E-08 1.0043E-08 9.9414E-09
3.0259E-09 3.1287E-09 3.2343E-09 3.3428E-09 3.4543E-09 3.5689E-09 3.6899E-09 3.8222E-09 3.9672E-09 4.1167E-09 4.2806E-09 4.4466E-09 4.6374E-09 4.8286E-09 5.0340E-09 5.2629E-09 5.4955E-09 5.7416E-09 5.9860E-09 6.2417E-09 6.4997E-09 6.7640E-09 7.0188E-09 7.2896E-09 7.5370E-09 7.7958E-09 8.0334E-09 8.2593E-09 8.4868E-09 8.6818E-09 8.8601E-09 9.0211E-09 9.1636E-09 9.2855E-09 9.3886E-09 9.4780E-09 9.5562E-09 9.6231E-09 9.6765E-09 9.7173E-09 9.7500E-09 9.7757E-09 9.7948E-09 9.8083E-09 9.8173E-09 9.8226E-09 9.8236E-09 9.8086E-09 9.7751E-09 9.7286E-09 9.6864E-09 9.6542E-09 9.6173E-09 9.5635E-09 9.4932E-09 9.4141E-09 9.3288E-09
2.9405E-09 3.0390E-09 3.1401E-09 3.2440E-09 3.3507E-09 3.4602E-09 3.5723E-09 3.6870E-09 3.8132E-09 3.9431E-09 4.0964E-09 4.2416E-09 4.4114E-09 4.5773E-09 4.7645E-09 4.9442E-09 5.1525E-09 5.3618E-09 5.5934E-09 5.8164E-09 6.0395E-09 6.2721E-09 6.4939E-09 6.7295E-09 6.9458E-09 7.1709E-09 7.3808E-09 7.5820E-09 7.7856E-09 7.9592E-09 8.1366E-09 8.2854E-09 8.4181E-09 8.5386E-09 8.6490E-09 8.7471E-09 8.8305E-09 8.9002E-09 8.9597E-09 9.0114E-09 9.0551E-09 9.0900E-09 9.1195E-09 9.1430E-09 9.1616E-09 9.1753E-09 9.1711E-09 9.1426E-09 9.1039E-09 9.0738E-09 9.0560E-09 9.0309E-09 8.9933E-09 8.9481E-09 8.8945E-09 8.8302E-09 8.7503E-09
2.8552E-09 2.9493E-09 3.0460E-09 3.1453E-09 3.2472E-09 3.3516E-09 3.4584E-09 3.5674E-09 3.6786E-09 3.7962E-09 3.9170E-09 4.0520E-09 4.1977E-09 4.3488E-09 4.5079E-09 4.6757E-09 4.8497E-09 5.0299E-09 5.2297E-09 5.4262E-09 5.6393E-09 5.8398E-09 6.0294E-09 6.2332E-09 6.4236E-09 6.6145E-09 6.8009E-09 6.9737E-09 7.1515E-09 7.3118E-09 7.4679E-09 7.6197E-09 7.7527E-09 7.8812E-09 7.9942E-09 8.0883E-09 8.1712E-09 8.2462E-09 8.3121E-09 8.3683E-09 8.4169E-09 8.4590E-09 8.4946E-09 8.5219E-09 8.5374E-09 8.5310E-09 8.5073E-09 8.4810E-09 8.4645E-09 8.4632E-09 8.4560E-09 8.4418E-09 8.4199E-09 8.3846E-09 8.3345E-09 8.2692E-09 8.1886E-09
2.7700E-09 2.8599E-09 2.9522E-09 3.0470E-09 3.1440E-09 3.2433E-09 3.3447E-09 3.4480E-09 3.5534E-09 3.6605E-09 3.7733E-09 3.8849E-09 4.0084E-09 4.1432E-09 4.2826E-09 4.4330E-09 4.5737E-09 4.7488E-09 4.9009E-09 5.0807E-09 5.2551E-09 5.4306E-09 5.6257E-09 5.8022E-09 5.9690E-09 6.1323E-09 6.3021E-09 6.4609E-09 6.6154E-09 6.7640E-09 6.9027E-09 7.0316E-09 7.1504E-09 7.2601E-09 7.3634E-09 7.4600E-09 7.5461E-09 7.6223E-09 7.6897E-09 7.7488E-09 7.7983E-09 7.8382E-09 7.8690E-09 7.8819E-09 7.8778E-09 7.8678E-09 7.8688E-09 7.8831E-09 7.9045E-09 7.9187E-09 7.9204E-09 7.9089E-09 7.8841E-09 7.8455E-09 7.7930E-09 7.7264E-09 7.6459E-09
