Assets/Resources/2015_m01_d17_1400(utc+0800)_l00_csi_1hr_conc.grd
DSAA
         159         159
     -79.000      79.000
     -79.000      79.000
  0.0000E+00  0.3519E-05
[rows 0 to 24 of 159, columns 0 to 56 of 159]
7.4644E-10 7.8172E-10 8.2530E-10 8.6746E-10 9.1116E-10 9.5098E-10 9.9693E-10 1.0434E-09 1.0913E-09 1.1349E-09 1.1880E-09 1.2390E-09 1.2904E-09 1.3372E-09 1.3844E-09 1.4410E-09 1.4951E-09 1.5436E-09 1.5921E-09 1.6500E-09 1.6986E-09 1.7623E-09 1.8107E-09 1.8587E-09 1.9060E-09 1.9527E-09 1.9989E-09 2.0447E-09 2.0996E-09 2.1443E-09 2.1881E-09 2.2413E-09 2.2841E-09 2.3268E-09 2.3688E-09 2.4107E-09 2.4513E-09 2.4912E-09 2.5292E-09 2.5659E-09 2.6001E-09 2.6221E-09 2.6416E-09 2.6686E-09 2.6924E-09 2.7132E-09 2.7311E-09 2.7461E-09 2.7512E-09 2.7609E-09 2.7607E-09 2.7646E-09 2.7652E-09 2.7623E-09 2.7513E-09 2.7379E-09 2.7216E-09
7.7071E-10 8.0954E-10 8.5676E-10 8.9605E-10 9.3623E-10 9.8280E-10 1.0349E-09 1.0785E-09 1.1317E-09 1.1829E-09 1.2295E-09 1.2821E-09 1.3301E-09 1.3878E-09 1.4431E-09 1.4930E-09 1.5526E-09 1.6032E-09 1.6539E-09 1.7202E-09 1.7713E-09 1.8220E-09 1.8726E-09 1.9327E-09 1.9824E-09 2.0317E-09 2.0900E-09 2.1378E-09 2.1850E-09 2.2314E-09 2.2773E-09 2.3224E-09 2.3674E-09 2.4120E-09 2.4564E-09 2.5000E-09 2.5429E-09 2.5845E-09 2.6247E-09 2.6630E-09 2.6992E-09 2.7328E-09 2.7634E-09 2.7908E-09 2.8146E-09 2.8345E-09 2.8424E-09 2.8576E-09 2.8612E-09 2.8708E-09 2.8771E-09 2.8745E-09 2.8746E-09 2.8656E-09 2.8589E-09 2.8484E-09 2.8303E-09
7.9260E-10 8.4003E-10 8.7953E-10 9.2531E-10 9.6706E-10 1.0198E-09 1.0726E-09 1.1236E-09 1.1703E-09 1.2231E-09 1.2716E-09 1.3298E-09 1.3859E-09 1.4369E-09 1.4979E-09 1.5501E-09 1.6119E-09 1.6711E-09 1.7244E-09 1.7781E-09 1.8415E-09 1.8949E-09 1.9575E-09 2.0098E-09 2.0615E-09 2.1126E-09 2.1631E-09 2.2132E-09 2.2730E-09 2.3219E-09 2.3702E-09 2.4287E-09 2.4770E-09 2.5245E-09 2.5717E-09 2.6177E-09 2.6630E-09 2.7065E-09 2.7487E-09 2.7882E-09 2.8257E-09 2.8594E-09 2.8901E-09 2.9166E-09 2.9303E-09 2.9410E-09 2.9593E-09 2.9745E-09 2.9863E-09 2.9934E-09 2.9920E-09 2.9872E-09 2.9867E-09 2.9776E-09 2.9701E-09 2.9539E-09 2.9389E-09
8.2413E-10 8.6391E-10 9.1017E-10 9.5238E-10 1.0058E-09 1.0596E-09 1.1116E-09 1.1592E-09 1.2131E-09 1.2717E-09 1.3284E-09 1.3803E-09 1.4425E-09 1.4960E-09 1.5596E-09 1.6205E-09 1.6764E-09 1.7423E-09 1.7988E-09 1.8646E-09 1.9206E-09 1.9762E-09 2.0314E-09 2.0864E-09 2.1513E-09 2.2053E-09 2.2696E-09 2.3230E-09 2.3755E-09 2.4273E-09 2.4780E-09 2.5286E-09 2.5785E-09 2.6283E-09 2.6773E-09 2.7257E-09 2.7726E-09 2.8183E-09 2.8618E-09 2.9035E-09 2.9423E-09 2.9780E-09 3.0101E-09 3.0387E-09 3.0635E-09 3.0845E-09 3.1021E-09 3.1143E-09 3.1142E-09 3.1219E-09 3.1179E-09 3.1193E-09 3.1153E-09 3.1040E-09 3.0887E-09 3.0718E-09 3.0552E-09
8.4488E-10 8.9132E-10 9.3847E-10 9.9612E-10 1.0473E-09 1.0946E-09 1.1480E-09 1.1975E-09 1.2573E-09 1.3152E-09 1.3778E-09 1.4320E-09 1.4965E-09 1.5585E-09 1.6161E-09 1.6839E-09 1.7424E-09 1.8104E-09 1.8690E-09 1.9276E-09 1.9863E-09 2.0551E-09 2.1136E-09 2.1820E-09 2.2398E-09 2.2969E-09 2.3527E-09 2.4080E-09 2.4626E-09 2.5164E-09 2.5699E-09 2.6238E-09 2.6771E-09 2.7298E-09 2.7816E-09 2.8326E-09 2.8820E-09 2.9300E-09 2.9756E-09 3.0191E-09 3.0591E-09 3.0960E-09 3.1287E-09 3.1577E-09 3.1819E-09 3.2023E-09 3.2194E-09 3.2340E-09 3.2449E-09 3.2521E-09 3.2550E-09 3.2450E-09 3.2400E-09 3.2255E-09 3.2129E-09 3.1935E-09 3.1698E-09
8.7301E-10 9.2043E-10 9.7867E-10 1.0305E-09 1.0783E-09 1.1325E-09 1.1919E-09 1.2497E-09 1.3124E-09 1.3673E-09 1.4323E-09 1.4953E-09 1.5541E-09 1.6235E-09 1.6837E-09 1.7539E-09 1.8149E-09 1.8765E-09 1.9486E-09 2.0106E-09 2.0831E-09 2.1453E-09 2.2070E-09 2.2676E-09 2.3278E-09 2.3873E-09 2.4464E-09 2.5048E-09 2.5624E-09 2.6191E-09 2.6759E-09 2.7316E-09 2.7873E-09 2.8421E-09 2.8966E-09 2.9496E-09 3.0015E-09 3.0511E-09 3.0989E-09 3.1436E-09 3.1851E-09 3.2227E-09 3.2566E-09 3.2866E-09 3.3126E-09 3.3349E-09 3.3534E-09 3.3681E-09 3.3788E-09 3.3835E-09 3.3840E-09 3.3829E-09 3.3776E-09 3.3665E-09 3.3450E-09 3.3269E-09 3.2982E-09
8.9909E-10 9.5759E-10 1.0097E-09 1.0578E-09 1.1124E-09 1.1726E-09 1.2312E-09 1.2950E-09 1.3508E-09 1.4172E-09 1.4822E-09 1.5524E-09 1.6138E-09 1.6852E-09 1.7479E-09 1.8116E-09 1.8861E-09 1.9510E-09 2.0264E-09 2.0920E-09 2.1571E-09 2.2215E-09 2.2855E-09 2.3493E-09 2.4125E-09 2.4749E-09 2.5365E-09 2.5969E-09 2.6567E-09 2.7164E-09 2.7758E-09 2.8349E-09 2.8934E-09 2.9511E-09 3.0078E-09 3.0633E-09 3.1173E-09 3.1693E-09 3.2190E-09 3.2654E-09 3.3085E-09 3.3475E-09 3.3827E-09 3.4134E-09 3.4405E-09 3.4634E-09 3.4819E-09 3.4961E-09 3.5066E-09 3.5134E-09 3.5159E-09 3.5140E-09 3.5063E-09 3.4927E-09 3.4771E-09 3.4572E-09 3.4270E-09
9.3878E-10 9.9135E-10 1.0400E-09 1.1043E-09 1.1566E-09 1.2256E-09 1.2815E-09 1.3478E-09 1.4070E-09 1.4836E-09 1.5464E-09 1.6094E-09 1.6835E-09 1.7492E-09 1.8260E-09 1.8935E-09 1.9720E-09 2.0410E-09 2.1099E-09 2.1784E-09 2.2465E-09 2.3148E-09 2.3824E-09 2.4495E-09 2.5154E-09 2.5808E-09 2.6454E-09 2.7091E-09 2.7717E-09 2.8345E-09 2.8966E-09 2.9587E-09 3.0199E-09 3.0810E-09 3.1405E-09 3.1993E-09 3.2556E-09 3.3104E-09 3.3617E-09 3.4099E-09 3.4539E-09 3.4941E-09 3.5296E-09 3.5610E-09 3.5879E-09 3.6110E-09 3.6302E-09 3.6450E-09 3.6555E-09 3.6616E-09 3.6628E-09 3.6579E-09 3.6501E-09 3.6375E-09 3.6201E-09 3.5962E-09 3.5665E-09
9.6764E-10 1.0164E-09 1.0809E-09 1.1392E-09 1.2033E-09 1.2598E-09 1.3271E-09 1.3935E-09 1.4657E-09 1.5294E-09 1.6037E-09 1.6702E-09 1.7481E-09 1.8171E-09 1.8974E-09 1.9687E-09 2.0405E-09 2.1120E-09 2.1836E-09 2.2554E-09 2.3269E-09 2.3979E-09 2.4682E-09 2.5379E-09 2.6067E-09 2.6744E-09 2.7414E-09 2.8074E-09 2.8739E-09 2.9400E-09 3.0061E-09 3.0715E-09 3.1364E-09 3.1999E-09 3.2625E-09 3.3234E-09 3.3825E-09 3.4392E-09 3.4925E-09 3.5423E-09 3.5879E-09 3.6294E-09 3.6663E-09 3.6990E-09 3.7273E-09 3.7513E-09 3.7708E-09 3.7859E-09 3.7958E-09 3.8004E-09 3.8006E-09 3.7965E-09 3.7874E-09 3.7733E-09 3.7523E-09 3.7283E-09 3.6991E-09
9.9446E-10 1.0595E-09 1.1183E-09 1.1833E-09 1.2406E-09 1.3093E-09 1.3772E-09 1.4511E-09 1.5161E-09 1.5926E-09 1.6615E-09 1.7421E-09 1.8138E-09 1.8973E-09 1.9720E-09 2.0466E-09 2.1215E-09 2.1972E-09 2.2728E-09 2.3482E-09 2.4231E-09 2.4976E-09 2.5710E-09 2.6437E-09 2.7157E-09 2.7875E-09 2.8585E-09 2.9290E-09 2.9993E-09 3.0687E-09 3.1381E-09 3.2066E-09 3.2748E-09 3.3415E-09 3.4074E-09 3.4711E-09 3.5332E-09 3.5919E-09 3.6475E-09 3.6986E-09 3.7459E-09 3.7882E-09 3.8263E-09 3.8596E-09 3.8885E-09 3.9128E-09 3.9323E-09 3.9469E-09 3.9565E-09 3.9610E-09 3.9603E-09 3.9544E-09 3.9426E-09 3.9248E-09 3.9032E-09 3.8762E-09 3.8420E-09
1.0341E-09 1.0934E-09 1.1588E-09 1.2167E-09 1.2864E-09 1.3650E-09 1.4302E-09 1.5060E-09 1.5749E-09 1.6556E-09 1.7281E-09 1.8125E-09 1.8888E-09 1.9658E-09 2.0432E-09 2.1215E-09 2.2004E-09 2.2798E-09 2.3587E-09 2.4373E-09 2.5151E-09 2.5924E-09 2.6695E-09 2.7465E-09 2.8226E-09 2.8978E-09 2.9717E-09 3.0459E-09 3.1193E-09 3.1933E-09 3.2669E-09 3.3402E-09 3.4120E-09 3.4828E-09 3.5515E-09 3.6183E-09 3.6821E-09 3.7423E-09 3.7989E-09 3.8521E-09 3.9007E-09 3.9445E-09 3.9837E-09 4.0180E-09 4.0476E-09 4.0723E-09 4.0918E-09 4.1062E-09 4.1151E-09 4.1186E-09 4.1166E-09 4.1090E-09 4.0959E-09 4.0771E-09 4.0527E-09 4.0217E-09 3.9854E-09
1.0746E-09 1.1316E-09 1.1904E-09 1.2608E-09 1.3403E-09 1.4062E-09 1.4833E-09 1.5536E-09 1.6362E-09 1.7105E-09 1.7972E-09 1.8760E-09 1.9552E-09 2.0354E-09 2.1170E-09 2.1995E-09 2.2819E-09 2.3645E-09 2.4463E-09 2.5281E-09 2.6100E-09 2.6920E-09 2.7733E-09 2.8535E-09 2.9345E-09 3.0149E-09 3.0950E-09 3.1753E-09 3.2550E-09 3.3332E-09 3.4106E-09 3.4875E-09 3.5630E-09 3.6374E-09 3.7096E-09 3.7800E-09 3.8469E-09 3.9102E-09 3.9687E-09 4.0229E-09 4.0719E-09 4.1165E-09 4.1536E-09 4.1852E-09 4.2155E-09 4.2405E-09 4.2600E-09 4.2739E-09 4.2820E-09 4.2843E-09 4.2808E-09 4.2712E-09 4.2558E-09 4.2344E-09 4.2071E-09 4.1739E-09 4.1350E-09
1.1020E-09 1.1704E-09 1.2327E-09 1.3130E-09 1.3795E-09 1.4576E-09 1.5292E-09 1.6133E-09 1.6893E-09 1.7782E-09 1.8590E-09 1.9405E-09 2.0235E-09 2.1079E-09 2.1936E-09 2.2793E-09 2.3650E-09 2.4506E-09 2.5367E-09 2.6232E-09 2.7096E-09 2.7974E-09 2.8848E-09 2.9722E-09 3.0579E-09 3.1420E-09 3.2269E-09 3.3102E-09 3.3936E-09 3.4767E-09 3.5601E-09 3.6417E-09 3.7225E-09 3.8007E-09 3.8773E-09 3.9504E-09 4.0197E-09 4.0841E-09 4.1437E-09 4.1989E-09 4.2484E-09 4.2944E-09 4.3355E-09 4.3702E-09 4.3981E-09 4.4227E-09 4.4355E-09 4.4477E-09 4.4548E-09 4.4556E-09 4.4502E-09 4.4384E-09 4.4204E-09 4.3960E-09 4.3655E-09 4.3287E-09 4.2859E-09
1.1299E-09 1.2014E-09 1.2819E-09 1.3486E-09 1.4274E-09 1.5098E-09 1.5847E-09 1.6621E-09 1.7528E-09 1.8349E-09 1.9181E-09 2.0036E-09 2.0909E-09 2.1788E-09 2.2673E-09 2.3558E-09 2.4450E-09 2.5353E-09 2.6273E-09 2.7197E-09 2.8129E-09 2.9056E-09 2.9980E-09 3.0880E-09 3.1773E-09 3.2682E-09 3.3580E-09 3.4481E-09 3.5378E-09 3.6255E-09 3.7122E-09 3.7978E-09 3.8820E-09 3.9643E-09 4.0443E-09 4.1209E-09 4.1936E-09 4.2618E-09 4.3253E-09 4.3828E-09 4.4350E-09 4.4805E-09 4.5186E-09 4.5543E-09 4.5809E-09 4.6016E-09 4.6198E-09 4.6281E-09 4.6336E-09 4.6255E-09 4.6183E-09 4.6043E-09 4.5836E-09 4.5563E-09 4.5224E-09 4.4820E-09 4.4353E-09
1.1682E-09 1.2485E-09 1.3154E-09 1.3950E-09 1.4788E-09 1.5548E-09 1.6435E-09 1.7258E-09 1.8094E-09 1.8946E-09 1.9823E-09 2.0722E-09 2.1627E-09 2.2539E-09 2.3457E-09 2.4391E-09 2.5351E-09 2.6326E-09 2.7313E-09 2.8298E-09 2.9271E-09 3.0234E-09 3.1213E-09 3.2189E-09 3.3159E-09 3.4124E-09 3.5080E-09 3.6031E-09 3.6964E-09 3.7902E-09 3.8834E-09 3.9756E-09 4.0653E-09 4.1531E-09 4.2375E-09 4.3179E-09 4.3930E-09 4.4627E-09 4.5264E-09 4.5849E-09 4.6365E-09 4.6833E-09 4.7234E-09 4.7582E-09 4.7881E-09 4.8069E-09 4.8208E-09 4.8298E-09 4.8263E-09 4.8223E-09 4.8086E-09 4.7840E-09 4.7600E-09 4.7290E-09 4.6910E-09 4.6462E-09 4.5948E-09
1.2132E-09 1.2800E-09 1.3598E-09 1.4438E-09 1.5202E-09 1.6096E-09 1.6931E-09 1.7778E-09 1.8645E-09 1.9539E-09 2.0458E-09 2.1385E-09 2.2319E-09 2.3267E-09 2.4246E-09 2.5263E-09 2.6292E-09 2.7314E-09 2.8334E-09 2.9369E-09 3.0413E-09 3.1455E-09 3.2495E-09 3.3522E-09 3.4533E-09 3.5550E-09 3.6573E-09 3.7586E-09 3.8604E-09 3.9600E-09 4.0577E-09 4.1534E-09 4.2471E-09 4.3381E-09 4.4257E-09 4.5093E-09 4.5881E-09 4.6617E-09 4.7295E-09 4.7913E-09 4.8469E-09 4.8945E-09 4.9356E-09 4.9694E-09 4.9939E-09 5.0161E-09 5.0262E-09 5.0307E-09 5.0269E-09 5.0171E-09 4.9977E-09 4.9742E-09 4.9422E-09 4.8998E-09 4.8576E-09 4.8083E-09 4.7520E-09
1.2426E-09 1.3221E-09 1.4062E-09 1.4828E-09 1.5726E-09 1.6568E-09 1.7424E-09 1.8303E-09 1.9213E-09 2.0148E-09 2.1094E-09 2.2050E-09 2.3030E-09 2.4052E-09 2.5117E-09 2.6182E-09 2.7251E-09 2.8330E-09 2.9433E-09 3.0541E-09 3.1647E-09 3.2739E-09 3.3821E-09 3.4927E-09 3.6028E-09 3.7124E-09 3.8216E-09 3.9293E-09 4.0353E-09 4.1398E-09 4.2454E-09 4.3484E-09 4.4491E-09 4.5463E-09 4.6399E-09 4.7281E-09 4.8102E-09 4.8851E-09 4.9533E-09 5.0154E-09 5.0702E-09 5.1188E-09 5.1585E-09 5.1918E-09 5.2143E-09 5.2325E-09 5.2450E-09 5.2440E-09 5.2393E-09 5.2241E-09 5.1986E-09 5.1691E-09 5.1340E-09 5.0874E-09 5.0361E-09 4.9743E-09 4.9128E-09
1.2823E-09 1.3561E-09 1.4428E-09 1.5227E-09 1.6172E-09 1.7035E-09 1.7922E-09 1.8845E-09 1.9793E-09 2.0755E-09 2.1731E-09 2.2745E-09 2.3811E-09 2.4904E-09 2.6008E-09 2.7125E-09 2.8279E-09 2.9445E-09 3.0607E-09 3.1761E-09 3.2924E-09 3.4100E-09 3.5275E-09 3.6458E-09 3.7626E-09 3.8782E-09 3.9938E-09 4.1097E-09 4.2245E-09 4.3391E-09 4.4494E-09 4.5575E-09 4.6625E-09 4.7630E-09 4.8585E-09 4.9490E-09 5.0339E-09 5.1127E-09 5.1847E-09 5.2495E-09 5.3071E-09 5.3550E-09 5.3975E-09 5.4295E-09 5.4553E-09 5.4700E-09 5.4746E-09 5.4738E-09 5.4599E-09 5.4393E-09 5.4125E-09 5.3802E-09 5.3295E-09 5.2790E-09 5.2171E-09 5.1522E-09 5.0768E-09
1.3157E-09 1.4024E-09 1.4822E-09 1.5769E-09 1.6639E-09 1.7534E-09 1.8469E-09 1.9431E-09 2.0409E-09 2.1405E-09 2.2462E-09 2.3563E-09 2.4690E-09 2.5823E-09 2.7004E-09 2.8219E-09 2.9437E-09 3.0661E-09 3.1898E-09 3.3152E-09 3.4416E-09 3.5668E-09 3.6909E-09 3.8151E-09 3.9413E-09 4.0666E-09 4.1915E-09 4.3159E-09 4.4372E-09 4.5564E-09 4.6745E-09 4.7914E-09 4.9039E-09 5.0121E-09 5.1153E-09 5.2118E-09 5.3008E-09 5.3814E-09 5.4543E-09 5.5193E-09 5.5759E-09 5.6241E-09 5.6636E-09 5.6930E-09 5.7120E-09 5.7242E-09 5.7234E-09 5.7173E-09 5.7021E-09 5.6734E-09 5.6433E-09 5.5925E-09 5.5455E-09 5.4822E-09 5.4127E-09 5.3399E-09 5.2563E-09
1.3578E-09 1.4370E-09 1.5313E-09 1.6186E-09 1.7082E-09 1.8022E-09 1.8994E-09 1.9983E-09 2.0996E-09 2.2088E-09 2.3226E-09 2.4365E-09 2.5540E-09 2.6771E-09 2.8029E-09 2.9302E-09 3.0585E-09 3.1909E-09 3.3243E-09 3.4573E-09 3.5892E-09 3.7217E-09 3.8569E-09 3.9925E-09 4.1282E-09 4.2625E-09 4.3948E-09 4.5274E-09 4.6591E-09 4.7898E-09 4.9177E-09 5.0408E-09 5.1596E-09 5.2724E-09 5.3786E-09 5.4772E-09 5.5683E-09 5.6517E-09 5.7269E-09 5.7933E-09 5.8504E-09 5.8972E-09 5.9361E-09 5.9646E-09 5.9845E-09 5.9931E-09 5.9912E-09 5.9771E-09 5.9527E-09 5.9236E-09 5.8760E-09 5.8260E-09 5.7671E-09 5.6901E-09 5.6197E-09 5.5343E-09 5.4415E-09
1.3908E-09 1.4846E-09 1.5722E-09 1.6619E-09 1.7562E-09 1.8544E-09 1.9544E-09 2.0573E-09 2.1698E-09 2.2868E-09 2.4039E-09 2.5248E-09 2.6532E-09 2.7838E-09 2.9147E-09 3.0491E-09 3.1888E-09 3.3297E-09 3.4710E-09 3.6131E-09 3.7574E-09 3.9030E-09 4.0478E-09 4.1916E-09 4.3357E-09 4.4807E-09 4.6252E-09 4.7688E-09 4.9106E-09 5.0481E-09 5.1824E-09 5.3124E-09 5.4365E-09 5.5547E-09 5.6663E-09 5.7704E-09 5.8663E-09 5.9533E-09 6.0310E-09 6.0971E-09 6.1545E-09 6.2005E-09 6.2370E-09 6.2595E-09 6.2753E-09 6.2765E-09 6.2690E-09 6.2507E-09 6.2227E-09 6.1863E-09 6.1326E-09 6.0734E-09 6.0027E-09 5.9182E-09 5.8311E-09 5.7316E-09 5.6290E-09
1.4339E-09 1.5213E-09 1.6107E-09 1.7045E-09 1.8031E-09 1.9036E-09 2.0076E-09 2.1226E-09 2.2414E-09 2.3609E-09 2.4864E-09 2.6187E-09 2.7517E-09 2.8866E-09 3.0272E-09 3.1724E-09 3.3206E-09 3.4694E-09 3.6215E-09 3.7763E-09 3.9312E-09 4.0857E-09 4.2407E-09 4.3989E-09 4.5566E-09 4.7150E-09 4.8703E-09 5.0228E-09 5.1727E-09 5.3195E-09 5.4625E-09 5.6000E-09 5.7314E-09 5.8566E-09 5.9742E-09 6.0830E-09 6.1817E-09 6.2696E-09 6.3470E-09 6.4141E-09 6.4704E-09 6.5157E-09 6.5475E-09 6.5709E-09 6.5799E-09 6.5772E-09 6.5636E-09 6.5376E-09 6.5034E-09 6.4487E-09 6.3933E-09 6.3272E-09 6.2451E-09 6.1519E-09 6.0539E-09 5.9455E-09 5.8308E-09
1.4679E-09 1.5577E-09 1.6513E-09 1.7499E-09 1.8511E-09 1.9559E-09 2.0723E-09 2.1939E-09 2.3157E-09 2.4445E-09 2.5806E-09 2.7174E-09 2.8568E-09 3.0043E-09 3.1558E-09 3.3080E-09 3.4640E-09 3.6264E-09 3.7920E-09 3.9580E-09 4.1254E-09 4.2951E-09 4.4668E-09 4.6367E-09 4.8058E-09 4.9737E-09 5.1394E-09 5.3022E-09 5.4628E-09 5.6197E-09 5.7718E-09 5.9180E-09 6.0575E-09 6.1891E-09 6.3117E-09 6.4246E-09 6.5262E-09 6.6175E-09 6.6979E-09 6.7664E-09 6.8223E-09 6.8631E-09 6.8938E-09 6.9092E-09 6.9126E-09 6.9023E-09 6.8820E-09 6.8451E-09 6.8015E-09 6.7402E-09 6.6733E-09 6.5871E-09 6.4988E-09 6.3978E-09 6.2830E-09 6.1644E-09 6.0403E-09
1.5016E-09 1.5941E-09 1.6916E-09 1.7928E-09 1.8983E-09 2.0158E-09 2.1389E-09 2.2621E-09 2.3940E-09 2.5341E-09 2.6742E-09 2.8177E-09 2.9714E-09 3.1285E-09 3.2868E-09 3.4506E-09 3.6221E-09 3.7974E-09 3.9730E-09 4.1521E-09 4.3363E-09 4.5209E-09 4.7052E-09 4.8895E-09 5.0721E-09 5.2526E-09 5.4318E-09 5.6081E-09 5.7812E-09 5.9502E-09 6.1129E-09 6.2686E-09 6.4164E-09 6.5553E-09 6.6836E-09 6.8015E-09 6.9079E-09 7.0017E-09 7.0819E-09 7.1464E-09 7.1973E-09 7.2359E-09 7.2613E-09 7.2730E-09 7.2691E-09 7.2531E-09 7.2178E-09 7.1757E-09 7.1144E-09 7.0442E-09 6.9649E-09 6.8686E-09 6.7651E-09 6.6462E-09 6.5174E-09 6.3879E-09 6.2494E-09
1.5342E-09 1.6304E-09 1.7314E-09 1.8362E-09 1.9538E-09 2.0774E-09 2.2009E-09 2.3344E-09 2.4772E-09 2.6199E-09 2.7679E-09 2.9262E-09 3.0885E-09 3.2534E-09 3.4251E-09 3.6050E-09 3.7860E-09 3.9699E-09 4.1608E-09 4.3587E-09 4.5590E-09 4.7598E-09 4.9602E-09 5.1584E-09 5.3539E-09 5.5485E-09 5.7407E-09 5.9302E-09 6.1170E-09 6.2983E-09 6.4730E-09 6.6399E-09 6.7977E-09 6.9450E-09 7.0805E-09 7.2025E-09 7.3103E-09 7.4044E-09 7.4836E-09 7.5497E-09 7.6008E-09 7.6364E-09 7.6533E-09 7.6567E-09 7.6452E-09 7.6174E-09 7.5748E-09 7.5203E-09 7.4468E-09 7.3654E-09 7.2632E-09 7.1585E-09 7.0370E-09 6.9082E-09 6.7625E-09 6.6149E-09 6.4632E-09
