Assets/Resources/2015_m01_d11_1300(utc+0800)_l00_csi_1hr_conc.grd
DSAA
         159         159
     -79.000      79.000
     -79.000      79.000
  0.0000E+00  0.3895E-05
[rows 0 to 24 of 159, columns 57 to 113 of 159]
3.0351E-09 3.0920E-09 3.1445E-09 3.1927E-09 3.2360E-09 3.2746E-09 3.3083E-09 3.3369E-09 3.3604E-09 3.3786E-09 3.3917E-09 3.3995E-09 3.4021E-09 3.3997E-09 3.3921E-09 3.3794E-09 3.3618E-09 3.3395E-09 3.3124E-09 3.2808E-09 3.2448E-09 3.2047E-09 3.1606E-09 3.1128E-09 3.0615E-09 3.0069E-09 2.9494E-09 2.8890E-09 2.8262E-09 2.7610E-09 2.6939E-09 2.6249E-09 2.5544E-09 2.4825E-09 2.4094E-09 2.3356E-09 2.2610E-09 2.1859E-09 2.1105E-09 2.0351E-09 1.9598E-09 1.8849E-09 1.8104E-09 1.7365E-09 1.6634E-09 1.5913E-09 1.5201E-09 1.4499E-09 1.3807E-09 1.3133E-09 1.2469E-09 1.1829E-09 1.1206E-09 1.0597E-09 1.0017E-09 9.4527E-10 8.9081E-10
3.0744E-09 3.1329E-09 3.1871E-09 3.2368E-09 3.2818E-09 3.3218E-09 3.3570E-09 3.3870E-09 3.4119E-09 3.4314E-09 3.4457E-09 3.4547E-09 3.4585E-09 3.4570E-09 3.4504E-09 3.4385E-09 3.4217E-09 3.3999E-09 3.3734E-09 3.3422E-09 3.3066E-09 3.2667E-09 3.2227E-09 3.1749E-09 3.1236E-09 3.0688E-09 3.0110E-09 2.9503E-09 2.8870E-09 2.8213E-09 2.7535E-09 2.6838E-09 2.6124E-09 2.5396E-09 2.4656E-09 2.3906E-09 2.3148E-09 2.2386E-09 2.1619E-09 2.0852E-09 2.0086E-09 1.9322E-09 1.8562E-09 1.7809E-09 1.7063E-09 1.6327E-09 1.5600E-09 1.4883E-09 1.4175E-09 1.3486E-09 1.2810E-09 1.2151E-09 1.1514E-09 1.0890E-09 1.0295E-09 9.7168E-10 9.1580E-10
3.1081E-09 3.1681E-09 3.2239E-09 3.2750E-09 3.3215E-09 3.3631E-09 3.3998E-09 3.4312E-09 3.4574E-09 3.4783E-09 3.4939E-09 3.5041E-09 3.5091E-09 3.5087E-09 3.5030E-09 3.4921E-09 3.4761E-09 3.4551E-09 3.4292E-09 3.3986E-09 3.3634E-09 3.3238E-09 3.2801E-09 3.2325E-09 3.1812E-09 3.1265E-09 3.0685E-09 3.0076E-09 2.9440E-09 2.8779E-09 2.8095E-09 2.7392E-09 2.6671E-09 2.5936E-09 2.5187E-09 2.4428E-09 2.3660E-09 2.2887E-09 2.2109E-09 2.1330E-09 2.0551E-09 1.9774E-09 1.9001E-09 1.8234E-09 1.7475E-09 1.6725E-09 1.5984E-09 1.5252E-09 1.4530E-09 1.3826E-09 1.3136E-09 1.2463E-09 1.1811E-09 1.1173E-09 1.0564E-09 9.9725E-10 9.4003E-10
3.1357E-09 3.1972E-09 3.2545E-09 3.3071E-09 3.3551E-09 3.3982E-09 3.4363E-09 3.4692E-09 3.4967E-09 3.5190E-09 3.5359E-09 3.5475E-09 3.5536E-09 3.5544E-09 3.5498E-09 3.5399E-09 3.5248E-09 3.5046E-09 3.4795E-09 3.4495E-09 3.4149E-09 3.3758E-09 3.3325E-09 3.2852E-09 3.2341E-09 3.1795E-09 3.1216E-09 3.0606E-09 2.9968E-09 2.9304E-09 2.8617E-09 2.7910E-09 2.7184E-09 2.6442E-09 2.5686E-09 2.4919E-09 2.4142E-09 2.3359E-09 2.2572E-09 2.1782E-09 2.0992E-09 2.0203E-09 1.9419E-09 1.8639E-09 1.7867E-09 1.7104E-09 1.6350E-09 1.5604E-09 1.4869E-09 1.4152E-09 1.3448E-09 1.2762E-09 1.2097E-09 1.1449E-09 1.0824E-09 1.0219E-09 9.6338E-10
3.1572E-09 3.2202E-09 3.2788E-09 3.3329E-09 3.3823E-09 3.4269E-09 3.4663E-09 3.5006E-09 3.5296E-09 3.5533E-09 3.5715E-09 3.5844E-09 3.5918E-09 3.5938E-09 3.5903E-09 3.5815E-09 3.5674E-09 3.5482E-09 3.5238E-09 3.4946E-09 3.4607E-09 3.4223E-09 3.3795E-09 3.3327E-09 3.2819E-09 3.2276E-09 3.1699E-09 3.1090E-09 3.0452E-09 2.9787E-09 2.9098E-09 2.8388E-09 2.7658E-09 2.6911E-09 2.6149E-09 2.5376E-09 2.4592E-09 2.3802E-09 2.3005E-09 2.2206E-09 2.1406E-09 2.0608E-09 1.9812E-09 1.9022E-09 1.8238E-09 1.7463E-09 1.6697E-09 1.5936E-09 1.5191E-09 1.4462E-09 1.3746E-09 1.3047E-09 1.2370E-09 1.1709E-09 1.1071E-09 1.0454E-09 9.8572E-10
3.1725E-09 3.2368E-09 3.2967E-09 3.3522E-09 3.4030E-09 3.4489E-09 3.4898E-09 3.5254E-09 3.5558E-09 3.5808E-09 3.6005E-09 3.6147E-09 3.6234E-09 3.6266E-09 3.6243E-09 3.6167E-09 3.6037E-09 3.5855E-09 3.5621E-09 3.5338E-09 3.5007E-09 3.4630E-09 3.4209E-09 3.3746E-09 3.3244E-09 3.2705E-09 3.2131E-09 3.1525E-09 3.0888E-09 3.0224E-09 2.9535E-09 2.8823E-09 2.8091E-09 2.7340E-09 2.6575E-09 2.5797E-09 2.5008E-09 2.4210E-09 2.3407E-09 2.2600E-09 2.1792E-09 2.0985E-09 2.0180E-09 1.9380E-09 1.8586E-09 1.7800E-09 1.7019E-09 1.6251E-09 1.5495E-09 1.4754E-09 1.4027E-09 1.3317E-09 1.2628E-09 1.1956E-09 1.1306E-09 1.0678E-09 1.0070E-09
3.1815E-09 3.2469E-09 3.3081E-09 3.3648E-09 3.4170E-09 3.4642E-09 3.5064E-09 3.5434E-09 3.5752E-09 3.6016E-09 3.6226E-09 3.6382E-09 3.6482E-09 3.6527E-09 3.6517E-09 3.6452E-09 3.6334E-09 3.6163E-09 3.5940E-09 3.5667E-09 3.5345E-09 3.4977E-09 3.4564E-09 3.4109E-09 3.3613E-09 3.3080E-09 3.2511E-09 3.1908E-09 3.1275E-09 3.0613E-09 2.9925E-09 2.9213E-09 2.8480E-09 2.7728E-09 2.6960E-09 2.6179E-09 2.5386E-09 2.4584E-09 2.3775E-09 2.2962E-09 2.2147E-09 2.1332E-09 2.0519E-09 1.9711E-09 1.8908E-09 1.8113E-09 1.7323E-09 1.6545E-09 1.5779E-09 1.5028E-09 1.4287E-09 1.3569E-09 1.2870E-09 1.2188E-09 1.1527E-09 1.0888E-09 1.0267E-09
3.1839E-09 3.2505E-09 3.3128E-09 3.3708E-09 3.4241E-09 3.4726E-09 3.5161E-09 3.5545E-09 3.5875E-09 3.6154E-09 3.6378E-09 3.6547E-09 3.6660E-09 3.6719E-09 3.6722E-09 3.6670E-09 3.6564E-09 3.6405E-09 3.6193E-09 3.5931E-09 3.5620E-09 3.5261E-09 3.4858E-09 3.4412E-09 3.3924E-09 3.3398E-09 3.2835E-09 3.2238E-09 3.1609E-09 3.0951E-09 3.0265E-09 2.9555E-09 2.8823E-09 2.8072E-09 2.7303E-09 2.6520E-09 2.5724E-09 2.4919E-09 2.4106E-09 2.3289E-09 2.2469E-09 2.1648E-09 2.0829E-09 2.0013E-09 1.9203E-09 1.8400E-09 1.7602E-09 1.6812E-09 1.6037E-09 1.5277E-09 1.4530E-09 1.3803E-09 1.3094E-09 1.2400E-09 1.1733E-09 1.1082E-09 1.0454E-09
3.1800E-09 3.2475E-09 3.3109E-09 3.3700E-09 3.4244E-09 3.4741E-09 3.5188E-09 3.5585E-09 3.5929E-09 3.6221E-09 3.6459E-09 3.6641E-09 3.6768E-09 3.6840E-09 3.6856E-09 3.6818E-09 3.6725E-09 3.6578E-09 3.6379E-09 3.6128E-09 3.5829E-09 3.5482E-09 3.5089E-09 3.4653E-09 3.4175E-09 3.3657E-09 3.3102E-09 3.2512E-09 3.1889E-09 3.1236E-09 3.0555E-09 2.9848E-09 2.9119E-09 2.8369E-09 2.7601E-09 2.6818E-09 2.6021E-09 2.5215E-09 2.4400E-09 2.3579E-09 2.2756E-09 2.1930E-09 2.1106E-09 2.0285E-09 1.9470E-09 1.8659E-09 1.7855E-09 1.7057E-09 1.6275E-09 1.5508E-09 1.4753E-09 1.4018E-09 1.3301E-09 1.2597E-09 1.1922E-09 1.1263E-09 1.0626E-09
3.1696E-09 3.2379E-09 3.3023E-09 3.3623E-09 3.4178E-09 3.4686E-09 3.5145E-09 3.5554E-09 3.5912E-09 3.6216E-09 3.6468E-09 3.6663E-09 3.6804E-09 3.6889E-09 3.6920E-09 3.6895E-09 3.6815E-09 3.6681E-09 3.6496E-09 3.6258E-09 3.5972E-09 3.5637E-09 3.5256E-09 3.4831E-09 3.4363E-09 3.3855E-09 3.3309E-09 3.2728E-09 3.2112E-09 3.1466E-09 3.0791E-09 3.0089E-09 2.9364E-09 2.8618E-09 2.7852E-09 2.7071E-09 2.6275E-09 2.5469E-09 2.4653E-09 2.3832E-09 2.3006E-09 2.2178E-09 2.1350E-09 2.0526E-09 1.9705E-09 1.8890E-09 1.8080E-09 1.7277E-09 1.6488E-09 1.5712E-09 1.4950E-09 1.4208E-09 1.3482E-09 1.2777E-09 1.2093E-09 1.1427E-09 1.0783E-09
3.1529E-09 3.2219E-09 3.2871E-09 3.3479E-09 3.4044E-09 3.4562E-09 3.5033E-09 3.5453E-09 3.5823E-09 3.6141E-09 3.6404E-09 3.6614E-09 3.6768E-09 3.6867E-09 3.6911E-09 3.6900E-09 3.6834E-09 3.6715E-09 3.6543E-09 3.6320E-09 3.6047E-09 3.5725E-09 3.5357E-09 3.4944E-09 3.4488E-09 3.3992E-09 3.3456E-09 3.2884E-09 3.2278E-09 3.1640E-09 3.0972E-09 3.0278E-09 2.9558E-09 2.8817E-09 2.8056E-09 2.7277E-09 2.6485E-09 2.5680E-09 2.4865E-09 2.4044E-09 2.3217E-09 2.2388E-09 2.1559E-09 2.0732E-09 1.9909E-09 1.9090E-09 1.8276E-09 1.7468E-09 1.6675E-09 1.5894E-09 1.5127E-09 1.4380E-09 1.3647E-09 1.2936E-09 1.2246E-09 1.1574E-09 1.0922E-09
3.1298E-09 3.1995E-09 3.2652E-09 3.3269E-09 3.3842E-09 3.4370E-09 3.4850E-09 3.5282E-09 3.5664E-09 3.5994E-09 3.6270E-09 3.6492E-09 3.6659E-09 3.6773E-09 3.6831E-09 3.6834E-09 3.6782E-09 3.6678E-09 3.6521E-09 3.6312E-09 3.6053E-09 3.5746E-09 3.5391E-09 3.4992E-09 3.4549E-09 3.4065E-09 3.3542E-09 3.2981E-09 3.2385E-09 3.1757E-09 3.1098E-09 3.0412E-09 2.9700E-09 2.8965E-09 2.8209E-09 2.7436E-09 2.6647E-09 2.5846E-09 2.5034E-09 2.4215E-09 2.3389E-09 2.2561E-09 2.1732E-09 2.0904E-09 2.0078E-09 1.9255E-09 1.8438E-09 1.7631E-09 1.6835E-09 1.6050E-09 1.5279E-09 1.4527E-09 1.3791E-09 1.3074E-09 1.2379E-09 1.1702E-09 1.1043E-09
3.1006E-09 3.1707E-09 3.2370E-09 3.2994E-09 3.3574E-09 3.4110E-09 3.4600E-09 3.5042E-09 3.5435E-09 3.5776E-09 3.6064E-09 3.6299E-09 3.6480E-09 3.6606E-09 3.6678E-09 3.6696E-09 3.6660E-09 3.6570E-09 3.6428E-09 3.6235E-09 3.5991E-09 3.5699E-09 3.5359E-09 3.4974E-09 3.4546E-09 3.4075E-09 3.3565E-09 3.3016E-09 3.2432E-09 3.1815E-09 3.1167E-09 3.0490E-09 2.9787E-09 2.9060E-09 2.8312E-09 2.7545E-09 2.6763E-09 2.5966E-09 2.5159E-09 2.4343E-09 2.3520E-09 2.2694E-09 2.1866E-09 2.1039E-09 2.0214E-09 1.9389E-09 1.8569E-09 1.7764E-09 1.6966E-09 1.6179E-09 1.5405E-09 1.4651E-09 1.3911E-09 1.3191E-09 1.2491E-09 1.1810E-09 1.1147E-09
3.0655E-09 3.1358E-09 3.2026E-09 3.2654E-09 3.3241E-09 3.3784E-09 3.4283E-09 3.4734E-09 3.5137E-09 3.5488E-09 3.5788E-09 3.6035E-09 3.6229E-09 3.6370E-09 3.6456E-09 3.6488E-09 3.6467E-09 3.6393E-09 3.6266E-09 3.6088E-09 3.5861E-09 3.5584E-09 3.5260E-09 3.4891E-09 3.4477E-09 3.4021E-09 3.3525E-09 3.2990E-09 3.2419E-09 3.1815E-09 3.1178E-09 3.0512E-09 2.9820E-09 2.9103E-09 2.8363E-09 2.7605E-09 2.6830E-09 2.6040E-09 2.5238E-09 2.4427E-09 2.3609E-09 2.2787E-09 2.1962E-09 2.1137E-09 2.0313E-09 1.9490E-09 1.8671E-09 1.7862E-09 1.7065E-09 1.6276E-09 1.5505E-09 1.4749E-09 1.4007E-09 1.3285E-09 1.2580E-09 1.1897E-09 1.1231E-09
3.0246E-09 3.0951E-09 3.1621E-09 3.2253E-09 3.2845E-09 3.3395E-09 3.3901E-09 3.4361E-09 3.4772E-09 3.5133E-09 3.5444E-09 3.5703E-09 3.5910E-09 3.6063E-09 3.6163E-09 3.6211E-09 3.6205E-09 3.6146E-09 3.6035E-09 3.5874E-09 3.5663E-09 3.5403E-09 3.5095E-09 3.4742E-09 3.4344E-09 3.3904E-09 3.3422E-09 3.2903E-09 3.2346E-09 3.1755E-09 3.1132E-09 3.0478E-09 2.9797E-09 2.9091E-09 2.8363E-09 2.7614E-09 2.6847E-09 2.6066E-09 2.5272E-09 2.4467E-09 2.3656E-09 2.2838E-09 2.2018E-09 2.1197E-09 2.0377E-09 1.9556E-09 1.8739E-09 1.7932E-09 1.7133E-09 1.6345E-09 1.5577E-09 1.4819E-09 1.4078E-09 1.3355E-09 1.2649E-09 1.1964E-09 1.1296E-09
2.9781E-09 3.0487E-09 3.1158E-09 3.1793E-09 3.2389E-09 3.2944E-09 3.3456E-09 3.3923E-09 3.4342E-09 3.4713E-09 3.5034E-09 3.5304E-09 3.5523E-09 3.5690E-09 3.5804E-09 3.5865E-09 3.5875E-09 3.5832E-09 3.5737E-09 3.5593E-09 3.5398E-09 3.5155E-09 3.4864E-09 3.4528E-09 3.4147E-09 3.3723E-09 3.3258E-09 3.2754E-09 3.2213E-09 3.1636E-09 3.1027E-09 3.0388E-09 2.9720E-09 2.9026E-09 2.8309E-09 2.7572E-09 2.6816E-09 2.6044E-09 2.5259E-09 2.4463E-09 2.3659E-09 2.2848E-09 2.2035E-09 2.1218E-09 2.0399E-09 1.9584E-09 1.8773E-09 1.7969E-09 1.7173E-09 1.6387E-09 1.5618E-09 1.4861E-09 1.4121E-09 1.3401E-09 1.2696E-09 1.2008E-09 1.1341E-09
2.9265E-09 2.9969E-09 3.0640E-09 3.1276E-09 3.1875E-09 3.2434E-09 3.2951E-09 3.3423E-09 3.3850E-09 3.4229E-09 3.4559E-09 3.4841E-09 3.5071E-09 3.5251E-09 3.5378E-09 3.5454E-09 3.5479E-09 3.5452E-09 3.5374E-09 3.5246E-09 3.5068E-09 3.4842E-09 3.4569E-09 3.4250E-09 3.3886E-09 3.3480E-09 3.3032E-09 3.2544E-09 3.2020E-09 3.1459E-09 3.0866E-09 3.0241E-09 2.9587E-09 2.8907E-09 2.8204E-09 2.7479E-09 2.6734E-09 2.5974E-09 2.5199E-09 2.4413E-09 2.3618E-09 2.2816E-09 2.2010E-09 2.1201E-09 2.0388E-09 1.9575E-09 1.8769E-09 1.7974E-09 1.7182E-09 1.6400E-09 1.5634E-09 1.4879E-09 1.4142E-09 1.3422E-09 1.2719E-09 1.2031E-09 1.1363E-09
2.8699E-09 2.9401E-09 3.0070E-09 3.0706E-09 3.1306E-09 3.1867E-09 3.2388E-09 3.2865E-09 3.3298E-09 3.3685E-09 3.4025E-09 3.4316E-09 3.4558E-09 3.4749E-09 3.4890E-09 3.4980E-09 3.5019E-09 3.5008E-09 3.4947E-09 3.4835E-09 3.4675E-09 3.4467E-09 3.4212E-09 3.3910E-09 3.3564E-09 3.3176E-09 3.2745E-09 3.2276E-09 3.1768E-09 3.1224E-09 3.0647E-09 3.0038E-09 2.9400E-09 2.8736E-09 2.8046E-09 2.7335E-09 2.6604E-09 2.5856E-09 2.5093E-09 2.4318E-09 2.3534E-09 2.2742E-09 2.1945E-09 2.1143E-09 2.0339E-09 1.9533E-09 1.8734E-09 1.7940E-09 1.7156E-09 1.6382E-09 1.5618E-09 1.4870E-09 1.4136E-09 1.3417E-09 1.2716E-09 1.2032E-09 1.1364E-09
2.8088E-09 2.8785E-09 2.9451E-09 3.0086E-09 3.0686E-09 3.1248E-09 3.1771E-09 3.2252E-09 3.2690E-09 3.3084E-09 3.3432E-09 3.3732E-09 3.3985E-09 3.4188E-09 3.4342E-09 3.4445E-09 3.4499E-09 3.4504E-09 3.4458E-09 3.4364E-09 3.4221E-09 3.4030E-09 3.3793E-09 3.3510E-09 3.3182E-09 3.2812E-09 3.2400E-09 3.1948E-09 3.1458E-09 3.0933E-09 3.0373E-09 2.9781E-09 2.9160E-09 2.8511E-09 2.7837E-09 2.7141E-09 2.6424E-09 2.5690E-09 2.4941E-09 2.4179E-09 2.3406E-09 2.2625E-09 2.1838E-09 2.1044E-09 2.0246E-09 1.9455E-09 1.8664E-09 1.7878E-09 1.7098E-09 1.6331E-09 1.5576E-09 1.4833E-09 1.4103E-09 1.3389E-09 1.2690E-09 1.2011E-09 1.1346E-09
2.7434E-09 2.8125E-09 2.8787E-09 2.9419E-09 3.0017E-09 3.0579E-09 3.1103E-09 3.1587E-09 3.2030E-09 3.2430E-09 3.2785E-09 3.3094E-09 3.3356E-09 3.3570E-09 3.3736E-09 3.3853E-09 3.3921E-09 3.3941E-09 3.3911E-09 3.3834E-09 3.3708E-09 3.3535E-09 3.3316E-09 3.3051E-09 3.2742E-09 3.2391E-09 3.1997E-09 3.1564E-09 3.1093E-09 3.0586E-09 3.0044E-09 2.9470E-09 2.8866E-09 2.8235E-09 2.7578E-09 2.6897E-09 2.6197E-09 2.5478E-09 2.4743E-09 2.3994E-09 2.3235E-09 2.2467E-09 2.1692E-09 2.0909E-09 2.0121E-09 1.9338E-09 1.8561E-09 1.7782E-09 1.7011E-09 1.6252E-09 1.5501E-09 1.4765E-09 1.4041E-09 1.3336E-09 1.2642E-09 1.1964E-09 1.1306E-09
2.6741E-09 2.7425E-09 2.8082E-09 2.8709E-09 2.9304E-09 2.9865E-09 3.0389E-09 3.0876E-09 3.1321E-09 3.1726E-09 3.2087E-09 3.2404E-09 3.2675E-09 3.2899E-09 3.3077E-09 3.3207E-09 3.3289E-09 3.3323E-09 3.3309E-09 3.3248E-09 3.3139E-09 3.2984E-09 3.2783E-09 3.2537E-09 3.2247E-09 3.1914E-09 3.1540E-09 3.1126E-09 3.0674E-09 3.0185E-09 2.9662E-09 2.9107E-09 2.8522E-09 2.7908E-09 2.7269E-09 2.6606E-09 2.5922E-09 2.5219E-09 2.4500E-09 2.3767E-09 2.3022E-09 2.2267E-09 2.1502E-09 2.0735E-09 1.9960E-09 1.9188E-09 1.8416E-09 1.7648E-09 1.6893E-09 1.6141E-09 1.5401E-09 1.4672E-09 1.3956E-09 1.3255E-09 1.2569E-09 1.1896E-09 1.1243E-09
2.6014E-09 2.6689E-09 2.7339E-09 2.7961E-09 2.8552E-09 2.9110E-09 2.9634E-09 3.0120E-09 3.0569E-09 3.0977E-09 3.1343E-09 3.1667E-09 3.1946E-09 3.2180E-09 3.2368E-09 3.2510E-09 3.2605E-09 3.2654E-09 3.2655E-09 3.2610E-09 3.2518E-09 3.2380E-09 3.2197E-09 3.1969E-09 3.1698E-09 3.1384E-09 3.1029E-09 3.0635E-09 3.0202E-09 2.9733E-09 2.9230E-09 2.8694E-09 2.8128E-09 2.7533E-09 2.6912E-09 2.6268E-09 2.5601E-09 2.4916E-09 2.4213E-09 2.3497E-09 2.2768E-09 2.2027E-09 2.1276E-09 2.0518E-09 1.9759E-09 1.9003E-09 1.8243E-09 1.7487E-09 1.6740E-09 1.6002E-09 1.5272E-09 1.4552E-09 1.3845E-09 1.3150E-09 1.2473E-09 1.1807E-09 1.1159E-09
2.5256E-09 2.5921E-09 2.6563E-09 2.7178E-09 2.7763E-09 2.8318E-09 2.8839E-09 2.9326E-09 2.9775E-09 3.0186E-09 3.0557E-09 3.0886E-09 3.1172E-09 3.1415E-09 3.1613E-09 3.1766E-09 3.1874E-09 3.1936E-09 3.1952E-09 3.1922E-09 3.1847E-09 3.1726E-09 3.1561E-09 3.1351E-09 3.1099E-09 3.0804E-09 3.0469E-09 3.0094E-09 2.9681E-09 2.9232E-09 2.8749E-09 2.8233E-09 2.7686E-09 2.7111E-09 2.6510E-09 2.5884E-09 2.5236E-09 2.4569E-09 2.3885E-09 2.3185E-09 2.2472E-09 2.1745E-09 2.1013E-09 2.0269E-09 1.9525E-09 1.8779E-09 1.8038E-09 1.7295E-09 1.6558E-09 1.5831E-09 1.5111E-09 1.4403E-09 1.3708E-09 1.3022E-09 1.2351E-09 1.1696E-09 1.1053E-09
2.4471E-09 2.5126E-09 2.5758E-09 2.6364E-09 2.6944E-09 2.7494E-09 2.8012E-09 2.8497E-09 2.8946E-09 2.9359E-09 2.9732E-09 3.0066E-09 3.0359E-09 3.0609E-09 3.0817E-09 3.0980E-09 3.1100E-09 3.1175E-09 3.1204E-09 3.1189E-09 3.1130E-09 3.1026E-09 3.0878E-09 3.0686E-09 3.0452E-09 3.0177E-09 2.9861E-09 2.9506E-09 2.9113E-09 2.8685E-09 2.8222E-09 2.7726E-09 2.7200E-09 2.6645E-09 2.6063E-09 2.5457E-09 2.4829E-09 2.4181E-09 2.3515E-09 2.2834E-09 2.2138E-09 2.1428E-09 2.0707E-09 1.9983E-09 1.9258E-09 1.8526E-09 1.7794E-09 1.7069E-09 1.6349E-09 1.5634E-09 1.4927E-09 1.4230E-09 1.3542E-09 1.2870E-09 1.2207E-09 1.1559E-09 1.0927E-09
2.3663E-09 2.4306E-09 2.4928E-09 2.5525E-09 2.6097E-09 2.6641E-09 2.7155E-09 2.7637E-09 2.8085E-09 2.8498E-09 2.8874E-09 2.9212E-09 2.9509E-09 2.9767E-09 2.9982E-09 3.0156E-09 3.0286E-09 3.0373E-09 3.0416E-09 3.0415E-09 3.0371E-09 3.0283E-09 3.0152E-09 2.9978E-09 2.9762E-09 2.9506E-09 2.9209E-09 2.8874E-09 2.8502E-09 2.8093E-09 2.7651E-09 2.7176E-09 2.6670E-09 2.6136E-09 2.5575E-09 2.4989E-09 2.4381E-09 2.3753E-09 2.3107E-09 2.2444E-09 2.1764E-09 2.1075E-09 2.0372E-09 1.9665E-09 1.8952E-09 1.8242E-09 1.7525E-09 1.6813E-09 1.6107E-09 1.5409E-09 1.4713E-09 1.4031E-09 1.3356E-09 1.2692E-09 1.2042E-09 1.1403E-09 1.0781E-09
