Assets/Resources/2015_m01_d29_2100(utc+0800)_l00_csi_1hr_conc.grd
DSAA
         159         159
     -79.000      79.000
     -79.000      79.000
  0.0000E+00  0.3304E-05
[rows 0 to 24 of 159, columns 57 to 113 of 159]
8.1891E-11 8.5674E-11 8.9611E-11 9.3700E-11 9.7937E-11 1.0231E-10 1.0680E-10 1.1140E-10 1.1610E-10 1.2088E-10 1.2576E-10 1.3072E-10 1.3576E-10 1.4088E-10 1.4606E-10 1.5132E-10 1.5664E-10 1.6202E-10 1.6746E-10 1.7294E-10 1.7846E-10 1.8403E-10 1.8962E-10 1.9525E-10 2.0089E-10 2.0655E-10 2.1222E-10 2.1790E-10 2.2357E-10 2.2923E-10 2.3489E-10 2.4052E-10 2.4613E-10 2.5170E-10 2.5724E-10 2.6274E-10 2.6819E-10 2.7358E-10 2.7891E-10 2.8418E-10 2.8938E-10 2.9451E-10 2.9955E-10 3.0451E-10 3.0938E-10 3.1415E-10 3.1883E-10 3.2340E-10 3.2786E-10 3.3221E-10 3.3645E-10 3.4057E-10 3.4456E-10 3.4843E-10 3.5217E-10 3.5578E-10 3.5926E-10
8.2647E-11 8.6434E-11 9.0380E-11 9.4480E-11 9.8734E-11 1.0313E-10 1.0766E-10 1.1231E-10 1.1707E-10 1.2191E-10 1.2685E-10 1.3187E-10 1.3698E-10 1.4216E-10 1.4742E-10 1.5275E-10 1.5814E-10 1.6359E-10 1.6910E-10 1.7465E-10 1.8025E-10 1.8589E-10 1.9157E-10 1.9727E-10 2.0299E-10 2.0873E-10 2.1448E-10 2.2024E-10 2.2599E-10 2.3174E-10 2.3747E-10 2.4318E-10 2.4887E-10 2.5453E-10 2.6015E-10 2.6572E-10 2.7125E-10 2.7672E-10 2.8213E-10 2.8748E-10 2.9275E-10 2.9795E-10 3.0307E-10 3.0810E-10 3.1304E-10 3.1788E-10 3.2262E-10 3.2726E-10 3.3178E-10 3.3620E-10 3.4049E-10 3.4467E-10 3.4872E-10 3.5264E-10 3.5643E-10 3.6009E-10 3.6362E-10
8.3403E-11 8.7197E-11 9.1147E-11 9.5257E-11 9.9522E-11 1.0394E-10 1.0850E-10 1.1319E-10 1.1800E-10 1.2291E-10 1.2790E-10 1.3299E-10 1.3816E-10 1.4341E-10 1.4873E-10 1.5413E-10 1.5959E-10 1.6511E-10 1.7069E-10 1.7632E-10 1.8200E-10 1.8771E-10 1.9347E-10 1.9924E-10 2.0505E-10 2.1087E-10 2.1670E-10 2.2253E-10 2.2836E-10 2.3419E-10 2.4000E-10 2.4580E-10 2.5157E-10 2.5730E-10 2.6300E-10 2.6866E-10 2.7426E-10 2.7981E-10 2.8530E-10 2.9072E-10 2.9607E-10 3.0134E-10 3.0653E-10 3.1163E-10 3.1664E-10 3.2155E-10 3.2636E-10 3.3106E-10 3.3565E-10 3.4013E-10 3.4448E-10 3.4872E-10 3.5282E-10 3.5680E-10 3.6064E-10 3.6435E-10 3.6792E-10
8.4161E-11 8.7958E-11 9.1915E-11 9.6029E-11 1.0031E-10 1.0474E-10 1.0932E-10 1.1404E-10 1.1889E-10 1.2386E-10 1.2891E-10 1.3406E-10 1.3929E-10 1.4461E-10 1.5000E-10 1.5546E-10 1.6099E-10 1.6659E-10 1.7224E-10 1.7794E-10 1.8369E-10 1.8949E-10 1.9531E-10 2.0117E-10 2.0705E-10 2.1295E-10 2.1886E-10 2.2477E-10 2.3069E-10 2.3659E-10 2.4249E-10 2.4836E-10 2.5421E-10 2.6002E-10 2.6580E-10 2.7154E-10 2.7722E-10 2.8285E-10 2.8841E-10 2.9391E-10 2.9934E-10 3.0468E-10 3.0994E-10 3.1512E-10 3.2019E-10 3.2517E-10 3.3005E-10 3.3482E-10 3.3947E-10 3.4401E-10 3.4842E-10 3.5271E-10 3.5688E-10 3.6091E-10 3.6480E-10 3.6856E-10 3.7218E-10
8.4915E-11 8.8719E-11 9.2680E-11 9.6801E-11 1.0108E-10 1.0553E-10 1.1012E-10 1.1487E-10 1.1976E-10 1.2477E-10 1.2988E-10 1.3509E-10 1.4038E-10 1.4576E-10 1.5122E-10 1.5675E-10 1.6235E-10 1.6801E-10 1.7374E-10 1.7951E-10 1.8534E-10 1.9121E-10 1.9711E-10 2.0304E-10 2.0900E-10 2.1498E-10 2.2096E-10 2.2696E-10 2.3295E-10 2.3894E-10 2.4491E-10 2.5086E-10 2.5679E-10 2.6269E-10 2.6854E-10 2.7436E-10 2.8012E-10 2.8582E-10 2.9147E-10 2.9704E-10 3.0254E-10 3.0796E-10 3.1329E-10 3.1854E-10 3.2369E-10 3.2874E-10 3.3368E-10 3.3851E-10 3.4323E-10 3.4783E-10 3.5230E-10 3.5665E-10 3.6087E-10 3.6495E-10 3.6890E-10 3.7271E-10 3.7638E-10
8.5666E-11 8.9475E-11 9.3442E-11 9.7567E-11 1.0185E-10 1.0630E-10 1.1091E-10 1.1568E-10 1.2059E-10 1.2564E-10 1.3080E-10 1.3607E-10 1.4143E-10 1.4687E-10 1.5239E-10 1.5799E-10 1.6366E-10 1.6939E-10 1.7518E-10 1.8103E-10 1.8693E-10 1.9287E-10 1.9885E-10 2.0486E-10 2.1089E-10 2.1695E-10 2.2301E-10 2.2908E-10 2.3516E-10 2.4122E-10 2.4727E-10 2.5331E-10 2.5931E-10 2.6529E-10 2.7123E-10 2.7712E-10 2.8296E-10 2.8874E-10 2.9446E-10 3.0011E-10 3.0568E-10 3.1118E-10 3.1658E-10 3.2190E-10 3.2712E-10 3.3223E-10 3.3724E-10 3.4214E-10 3.4692E-10 3.5158E-10 3.5612E-10 3.6053E-10 3.6480E-10 3.6894E-10 3.7294E-10 3.7680E-10 3.8051E-10
8.6411E-11 9.0226E-11 9.4197E-11 9.8328E-11 1.0262E-10 1.0707E-10 1.1169E-10 1.1647E-10 1.2140E-10 1.2648E-10 1.3169E-10 1.3701E-10 1.4242E-10 1.4793E-10 1.5351E-10 1.5918E-10 1.6491E-10 1.7071E-10 1.7658E-10 1.8249E-10 1.8846E-10 1.9448E-10 2.0053E-10 2.0662E-10 2.1273E-10 2.1886E-10 2.2500E-10 2.3115E-10 2.3730E-10 2.4344E-10 2.4958E-10 2.5569E-10 2.6177E-10 2.6783E-10 2.7384E-10 2.7981E-10 2.8573E-10 2.9159E-10 2.9738E-10 3.0311E-10 3.0876E-10 3.1433E-10 3.1981E-10 3.2519E-10 3.3048E-10 3.3567E-10 3.4074E-10 3.4570E-10 3.5055E-10 3.5527E-10 3.5987E-10 3.6433E-10 3.6867E-10 3.7286E-10 3.7691E-10 3.8082E-10 3.8458E-10
8.7143E-11 9.0968E-11 9.4944E-11 9.9081E-11 1.0338E-10 1.0784E-10 1.1246E-10 1.1725E-10 1.2219E-10 1.2729E-10 1.3253E-10 1.3790E-10 1.4337E-10 1.4893E-10 1.5458E-10 1.6031E-10 1.6611E-10 1.7198E-10 1.7791E-10 1.8390E-10 1.8994E-10 1.9603E-10 2.0215E-10 2.0831E-10 2.1450E-10 2.2070E-10 2.2692E-10 2.3315E-10 2.3938E-10 2.4560E-10 2.5181E-10 2.5800E-10 2.6417E-10 2.7030E-10 2.7639E-10 2.8244E-10 2.8843E-10 2.9437E-10 3.0024E-10 3.0604E-10 3.1176E-10 3.1740E-10 3.2296E-10 3.2841E-10 3.3377E-10 3.3903E-10 3.4417E-10 3.4920E-10 3.5411E-10 3.5889E-10 3.6355E-10 3.6807E-10 3.7246E-10 3.7671E-10 3.8081E-10 3.8477E-10 3.8858E-10
8.7859E-11 9.1697E-11 9.5683E-11 9.9823E-11 1.0413E-10 1.0859E-10 1.1322E-10 1.1801E-10 1.2297E-10 1.2808E-10 1.3334E-10 1.3874E-10 1.4426E-10 1.4988E-10 1.5559E-10 1.6138E-10 1.6725E-10 1.7318E-10 1.7918E-10 1.8524E-10 1.9135E-10 1.9751E-10 2.0371E-10 2.0994E-10 2.1620E-10 2.2248E-10 2.2878E-10 2.3508E-10 2.4139E-10 2.4769E-10 2.5398E-10 2.6024E-10 2.6649E-10 2.7270E-10 2.7887E-10 2.8499E-10 2.9106E-10 2.9707E-10 3.0302E-10 3.0890E-10 3.1469E-10 3.2041E-10 3.2603E-10 3.3156E-10 3.3699E-10 3.4231E-10 3.4752E-10 3.5261E-10 3.5759E-10 3.6243E-10 3.6715E-10 3.7173E-10 3.7618E-10 3.8048E-10 3.8464E-10 3.8865E-10 3.9250E-10
8.8553E-11 9.2408E-11 9.6405E-11 1.0055E-10 1.0486E-10 1.0933E-10 1.1396E-10 1.1876E-10 1.2372E-10 1.2885E-10 1.3413E-10 1.3955E-10 1.4511E-10 1.5078E-10 1.5655E-10 1.6240E-10 1.6833E-10 1.7433E-10 1.8040E-10 1.8652E-10 1.9270E-10 1.9893E-10 2.0520E-10 2.1151E-10 2.1784E-10 2.2420E-10 2.3057E-10 2.3695E-10 2.4333E-10 2.4970E-10 2.5607E-10 2.6241E-10 2.6873E-10 2.7502E-10 2.8127E-10 2.8747E-10 2.9362E-10 2.9970E-10 3.0573E-10 3.1168E-10 3.1755E-10 3.2333E-10 3.2903E-10 3.3463E-10 3.4013E-10 3.4552E-10 3.5079E-10 3.5595E-10 3.6099E-10 3.6590E-10 3.7067E-10 3.7531E-10 3.7982E-10 3.8417E-10 3.8838E-10 3.9244E-10 3.9635E-10
8.9221E-11 9.3096E-11 9.7108E-11 1.0127E-10 1.0558E-10 1.1005E-10 1.1469E-10 1.1949E-10 1.2446E-10 1.2959E-10 1.3489E-10 1.4033E-10 1.4591E-10 1.5163E-10 1.5745E-10 1.6336E-10 1.6935E-10 1.7541E-10 1.8155E-10 1.8774E-10 1.9399E-10 2.0028E-10 2.0662E-10 2.1300E-10 2.1941E-10 2.2584E-10 2.3228E-10 2.3874E-10 2.4519E-10 2.5164E-10 2.5808E-10 2.6451E-10 2.7090E-10 2.7726E-10 2.8359E-10 2.8986E-10 2.9609E-10 3.0225E-10 3.0835E-10 3.1437E-10 3.2032E-10 3.2618E-10 3.3194E-10 3.3761E-10 3.4318E-10 3.4864E-10 3.5398E-10 3.5920E-10 3.6430E-10 3.6927E-10 3.7411E-10 3.7881E-10 3.8337E-10 3.8778E-10 3.9204E-10 3.9615E-10 4.0011E-10
8.9855E-11 9.3755E-11 9.7786E-11 1.0196E-10 1.0628E-10 1.1076E-10 1.1540E-10 1.2021E-10 1.2518E-10 1.3032E-10 1.3562E-10 1.4107E-10 1.4668E-10 1.5242E-10 1.5829E-10 1.6425E-10 1.7031E-10 1.7643E-10 1.8263E-10 1.8889E-10 1.9520E-10 2.0157E-10 2.0798E-10 2.1442E-10 2.2090E-10 2.2740E-10 2.3392E-10 2.4045E-10 2.4698E-10 2.5350E-10 2.6002E-10 2.6652E-10 2.7299E-10 2.7943E-10 2.8583E-10 2.9218E-10 2.9848E-10 3.0472E-10 3.1089E-10 3.1698E-10 3.2300E-10 3.2893E-10 3.3477E-10 3.4051E-10 3.4615E-10 3.5167E-10 3.5708E-10 3.6237E-10 3.6753E-10 3.7256E-10 3.7746E-10 3.8222E-10 3.8683E-10 3.9130E-10 3.9561E-10 3.9977E-10 4.0378E-10
9.0453E-11 9.4380E-11 9.8434E-11 1.0262E-10 1.0696E-10 1.1144E-10 1.1609E-10 1.2090E-10 1.2587E-10 1.3102E-10 1.3632E-10 1.4179E-10 1.4741E-10 1.5318E-10 1.5908E-10 1.6509E-10 1.7120E-10 1.7738E-10 1.8364E-10 1.8996E-10 1.9634E-10 2.0277E-10 2.0925E-10 2.1577E-10 2.2232E-10 2.2889E-10 2.3548E-10 2.4208E-10 2.4868E-10 2.5528E-10 2.6187E-10 2.6844E-10 2.7499E-10 2.8150E-10 2.8798E-10 2.9440E-10 3.0078E-10 3.0709E-10 3.1333E-10 3.1951E-10 3.2559E-10 3.3160E-10 3.3751E-10 3.4332E-10 3.4902E-10 3.5461E-10 3.6009E-10 3.6544E-10 3.7067E-10 3.7576E-10 3.8072E-10 3.8553E-10 3.9020E-10 3.9472E-10 3.9909E-10 4.0330E-10 4.0735E-10
9.1012E-11 9.4966E-11 9.9047E-11 1.0326E-10 1.0761E-10 1.1210E-10 1.1676E-10 1.2157E-10 1.2655E-10 1.3169E-10 1.3700E-10 1.4248E-10 1.4811E-10 1.5389E-10 1.5982E-10 1.6586E-10 1.7202E-10 1.7826E-10 1.8458E-10 1.9097E-10 1.9741E-10 2.0391E-10 2.1045E-10 2.1704E-10 2.2365E-10 2.3029E-10 2.3695E-10 2.4363E-10 2.5030E-10 2.5698E-10 2.6364E-10 2.7028E-10 2.7690E-10 2.8349E-10 2.9004E-10 2.9654E-10 3.0299E-10 3.0937E-10 3.1569E-10 3.2193E-10 3.2809E-10 3.3417E-10 3.4015E-10 3.4602E-10 3.5180E-10 3.5746E-10 3.6300E-10 3.6841E-10 3.7370E-10 3.7886E-10 3.8387E-10 3.8875E-10 3.9347E-10 3.9805E-10 4.0247E-10 4.0673E-10 4.1083E-10
9.1533E-11 9.5511E-11 9.9618E-11 1.0385E-10 1.0822E-10 1.1273E-10 1.1739E-10 1.2221E-10 1.2720E-10 1.3234E-10 1.3766E-10 1.4313E-10 1.4877E-10 1.5457E-10 1.6051E-10 1.6659E-10 1.7278E-10 1.7907E-10 1.8545E-10 1.9190E-10 1.9840E-10 2.0496E-10 2.1157E-10 2.1822E-10 2.2491E-10 2.3162E-10 2.3835E-10 2.4509E-10 2.5184E-10 2.5858E-10 2.6532E-10 2.7203E-10 2.7873E-10 2.8539E-10 2.9201E-10 2.9858E-10 3.0510E-10 3.1156E-10 3.1795E-10 3.2426E-10 3.3049E-10 3.3664E-10 3.4269E-10 3.4863E-10 3.5447E-10 3.6020E-10 3.6580E-10 3.7129E-10 3.7664E-10 3.8185E-10 3.8693E-10 3.9186E-10 3.9664E-10 4.0127E-10 4.0574E-10 4.1006E-10 4.1421E-10
9.2015E-11 9.6016E-11 1.0015E-10 1.0441E-10 1.0880E-10 1.1333E-10 1.1800E-10 1.2283E-10 1.2781E-10 1.3296E-10 1.3828E-10 1.4376E-10 1.4940E-10 1.5521E-10 1.6116E-10 1.6726E-10 1.7348E-10 1.7982E-10 1.8625E-10 1.9275E-10 1.9932E-10 2.0594E-10 2.1261E-10 2.1933E-10 2.2608E-10 2.3285E-10 2.3965E-10 2.4646E-10 2.5328E-10 2.6009E-10 2.6690E-10 2.7369E-10 2.8045E-10 2.8718E-10 2.9388E-10 3.0052E-10 3.0711E-10 3.1364E-10 3.2010E-10 3.2649E-10 3.3279E-10 3.3901E-10 3.4512E-10 3.5114E-10 3.5704E-10 3.6283E-10 3.6851E-10 3.7405E-10 3.7946E-10 3.8474E-10 3.8988E-10 3.9486E-10 3.9970E-10 4.0439E-10 4.0891E-10 4.1327E-10 4.1747E-10
9.2456E-11 9.6479E-11 1.0063E-10 1.0491E-10 1.0933E-10 1.1388E-10 1.1857E-10 1.2341E-10 1.2840E-10 1.3355E-10 1.3887E-10 1.4435E-10 1.5000E-10 1.5581E-10 1.6177E-10 1.6788E-10 1.7413E-10 1.8049E-10 1.8696E-10 1.9352E-10 2.0015E-10 2.0683E-10 2.1357E-10 2.2034E-10 2.2716E-10 2.3400E-10 2.4087E-10 2.4774E-10 2.5463E-10 2.6151E-10 2.6839E-10 2.7525E-10 2.8208E-10 2.8888E-10 2.9565E-10 3.0236E-10 3.0902E-10 3.1562E-10 3.2216E-10 3.2861E-10 3.3498E-10 3.4127E-10 3.4745E-10 3.5353E-10 3.5951E-10 3.6536E-10 3.7110E-10 3.7671E-10 3.8218E-10 3.8752E-10 3.9271E-10 3.9776E-10 4.0265E-10 4.0739E-10 4.1197E-10 4.1638E-10 4.2063E-10
9.2857E-11 9.6900E-11 1.0107E-10 1.0538E-10 1.0981E-10 1.1438E-10 1.1909E-10 1.2394E-10 1.2894E-10 1.3410E-10 1.3942E-10 1.4491E-10 1.5056E-10 1.5637E-10 1.6233E-10 1.6846E-10 1.7472E-10 1.8111E-10 1.8761E-10 1.9422E-10 2.0090E-10 2.0764E-10 2.1444E-10 2.2127E-10 2.2815E-10 2.3506E-10 2.4199E-10 2.4893E-10 2.5588E-10 2.6283E-10 2.6978E-10 2.7670E-10 2.8361E-10 2.9048E-10 2.9731E-10 3.0410E-10 3.1083E-10 3.1750E-10 3.2410E-10 3.3062E-10 3.3706E-10 3.4342E-10 3.4967E-10 3.5582E-10 3.6185E-10 3.6778E-10 3.7358E-10 3.7925E-10 3.8478E-10 3.9018E-10 3.9543E-10 4.0053E-10 4.0548E-10 4.1028E-10 4.1490E-10 4.1937E-10 4.2366E-10
9.3217E-11 9.7277E-11 1.0147E-10 1.0579E-10 1.1025E-10 1.1484E-10 1.1957E-10 1.2444E-10 1.2945E-10 1.3461E-10 1.3994E-10 1.4542E-10 1.5107E-10 1.5688E-10 1.6286E-10 1.6898E-10 1.7526E-10 1.8167E-10 1.8820E-10 1.9484E-10 2.0156E-10 2.0836E-10 2.1521E-10 2.2211E-10 2.2905E-10 2.3602E-10 2.4301E-10 2.5002E-10 2.5704E-10 2.6405E-10 2.7106E-10 2.7806E-10 2.8503E-10 2.9197E-10 2.9887E-10 3.0572E-10 3.1252E-10 3.1926E-10 3.2593E-10 3.3252E-10 3.3903E-10 3.4545E-10 3.5177E-10 3.5798E-10 3.6409E-10 3.7007E-10 3.7593E-10 3.8167E-10 3.8726E-10 3.9272E-10 3.9803E-10 4.0319E-10 4.0820E-10 4.1304E-10 4.1772E-10 4.2223E-10 4.2658E-10
9.3536E-11 9.7611E-11 1.0182E-10 1.0616E-10 1.1063E-10 1.1524E-10 1.1999E-10 1.2488E-10 1.2991E-10 1.3508E-10 1.4041E-10 1.4590E-10 1.5155E-10 1.5736E-10 1.6333E-10 1.6946E-10 1.7574E-10 1.8217E-10 1.8872E-10 1.9538E-10 2.0215E-10 2.0899E-10 2.1590E-10 2.2286E-10 2.2986E-10 2.3688E-10 2.4394E-10 2.5101E-10 2.5809E-10 2.6517E-10 2.7224E-10 2.7930E-10 2.8634E-10 2.9335E-10 3.0032E-10 3.0724E-10 3.1411E-10 3.2091E-10 3.2765E-10 3.3431E-10 3.4088E-10 3.4736E-10 3.5375E-10 3.6003E-10 3.6620E-10 3.7225E-10 3.7817E-10 3.8396E-10 3.8962E-10 3.9514E-10 4.0050E-10 4.0572E-10 4.1078E-10 4.1568E-10 4.2041E-10 4.2497E-10 4.2937E-10
9.3812E-11 9.7902E-11 1.0212E-10 1.0648E-10 1.1097E-10 1.1560E-10 1.2036E-10 1.2526E-10 1.3031E-10 1.3550E-10 1.4083E-10 1.4633E-10 1.5198E-10 1.5779E-10 1.6376E-10 1.6989E-10 1.7617E-10 1.8261E-10 1.8917E-10 1.9586E-10 2.0265E-10 2.0954E-10 2.1650E-10 2.2351E-10 2.3056E-10 2.3765E-10 2.4476E-10 2.5189E-10 2.5904E-10 2.6618E-10 2.7332E-10 2.8044E-10 2.8754E-10 2.9461E-10 3.0165E-10 3.0864E-10 3.1557E-10 3.2244E-10 3.2924E-10 3.3597E-10 3.4261E-10 3.4916E-10 3.5561E-10 3.6195E-10 3.6818E-10 3.7429E-10 3.8028E-10 3.8613E-10 3.9185E-10 3.9742E-10 4.0285E-10 4.0812E-10 4.1323E-10 4.1819E-10 4.2297E-10 4.2758E-10 4.3202E-10
9.4046E-11 9.8148E-11 1.0238E-10 1.0675E-10 1.1125E-10 1.1590E-10 1.2067E-10 1.2559E-10 1.3065E-10 1.3586E-10 1.4120E-10 1.4670E-10 1.5236E-10 1.5817E-10 1.6414E-10 1.7027E-10 1.7655E-10 1.8299E-10 1.8956E-10 1.9627E-10 2.0308E-10 2.1000E-10 2.1700E-10 2.2406E-10 2.3117E-10 2.3831E-10 2.4548E-10 2.5267E-10 2.5988E-10 2.6708E-10 2.7428E-10 2.8147E-10 2.8863E-10 2.9577E-10 3.0286E-10 3.0992E-10 3.1691E-10 3.2385E-10 3.3072E-10 3.3751E-10 3.4421E-10 3.5082E-10 3.5734E-10 3.6374E-10 3.7004E-10 3.7621E-10 3.8226E-10 3.8817E-10 3.9395E-10 3.9958E-10 4.0506E-10 4.1039E-10 4.1556E-10 4.2056E-10 4.2539E-10 4.3006E-10 4.3454E-10
9.4237E-11 9.8349E-11 1.0259E-10 1.0697E-10 1.1149E-10 1.1614E-10 1.2093E-10 1.2587E-10 1.3094E-10 1.3616E-10 1.4152E-10 1.4702E-10 1.5268E-10 1.5849E-10 1.6446E-10 1.7059E-10 1.7688E-10 1.8331E-10 1.8989E-10 1.9660E-10 2.0344E-10 2.1038E-10 2.1741E-10 2.2452E-10 2.3168E-10 2.3887E-10 2.4610E-10 2.5335E-10 2.6061E-10 2.6787E-10 2.7513E-10 2.8238E-10 2.8960E-10 2.9680E-10 3.0396E-10 3.1107E-10 3.1813E-10 3.2513E-10 3.3206E-10 3.3892E-10 3.4568E-10 3.5236E-10 3.5893E-10 3.6540E-10 3.7176E-10 3.7799E-10 3.8410E-10 3.9007E-10 3.9591E-10 4.0159E-10 4.0713E-10 4.1251E-10 4.1774E-10 4.2279E-10 4.2768E-10 4.3239E-10 4.3692E-10
9.4385E-11 9.8505E-11 1.0276E-10 1.0715E-10 1.1167E-10 1.1634E-10 1.2114E-10 1.2608E-10 1.3117E-10 1.3640E-10 1.4177E-10 1.4728E-10 1.5295E-10 1.5876E-10 1.6473E-10 1.7086E-10 1.7714E-10 1.8357E-10 1.9015E-10 1.9687E-10 2.0372E-10 2.1068E-10 2.1774E-10 2.2487E-10 2.3208E-10 2.3933E-10 2.4661E-10 2.5391E-10 2.6122E-10 2.6854E-10 2.7586E-10 2.8317E-10 2.9045E-10 2.9771E-10 3.0493E-10 3.1210E-10 3.1923E-10 3.2629E-10 3.3328E-10 3.4019E-10 3.4702E-10 3.5376E-10 3.6040E-10 3.6693E-10 3.7334E-10 3.7964E-10 3.8580E-10 3.9183E-10 3.9772E-10 4.0347E-10 4.0906E-10 4.1450E-10 4.1977E-10 4.2488E-10 4.2982E-10 4.3458E-10 4.3916E-10
9.4489E-11 9.8616E-11 1.0288E-10 1.0727E-10 1.1181E-10 1.1648E-10 1.2129E-10 1.2624E-10 1.3133E-10 1.3657E-10 1.4195E-10 1.4748E-10 1.5315E-10 1.5897E-10 1.6494E-10 1.7106E-10 1.7734E-10 1.8377E-10 1.9035E-10 1.9707E-10 2.0392E-10 2.1090E-10 2.1798E-10 2.2514E-10 2.3238E-10 2.3967E-10 2.4701E-10 2.5436E-10 2.6173E-10 2.6910E-10 2.7647E-10 2.8384E-10 2.9118E-10 2.9850E-10 3.0577E-10 3.1301E-10 3.2019E-10 3.2731E-10 3.3436E-10 3.4134E-10 3.4823E-10 3.5503E-10 3.6172E-10 3.6831E-10 3.7479E-10 3.8114E-10 3.8736E-10 3.9345E-10 3.9940E-10 4.0520E-10 4.1085E-10 4.1634E-10 4.2166E-10 4.2682E-10 4.3181E-10 4.3662E-10 4.4125E-10
