Assets/Resources/2015_m01_d10_0400(utc+0800)_l00_csi_1hr_conc.grd
DSAA
         159         159
     -79.000      79.000
     -79.000      79.000
  0.2128E-08  0.9224E-05
[rows 25 to 49 of 159, columns 0 to 56 of 159]
4.3892E-09 4.5255E-09 4.6761E-09 4.8223E-09 4.9731E-09 5.1400E-09 5.3015E-09 5.4796E-09 5.6525E-09 5.8423E-09 6.0270E-09 6.2290E-09 6.4261E-09 6.6409E-09 6.8656E-09 7.0833E-09 7.3228E-09 7.5547E-09 7.8555E-09 8.1088E-09 8.3693E-09 8.6373E-09 8.9127E-09 9.1955E-09 9.4858E-09 9.7835E-09 1.0089E-08 1.0454E-08 1.0849E-08 1.1197E-08 1.1555E-08 1.1922E-08 1.2300E-08 1.2688E-08 1.3169E-08 1.3592E-08 1.4027E-08 1.4475E-08 1.4935E-08 1.5408E-08 1.5894E-08 1.6405E-08 1.6918E-08 1.7456E-08 1.7997E-08 1.8551E-08 1.9130E-08 1.9710E-08 2.0301E-08 2.0916E-08 2.1531E-08 2.2154E-08 2.2798E-08 2.3437E-08 2.4080E-08 2.4727E-08 2.5387E-08
4.4706E-09 4.6102E-09 4.7648E-09 4.9148E-09 5.0799E-09 5.2407E-09 5.4170E-09 5.5892E-09 5.7775E-09 5.9616E-09 6.1622E-09 6.3589E-09 6.5724E-09 6.7821E-09 7.0132E-09 7.2369E-09 7.4833E-09 7.7371E-09 8.0318E-09 8.2924E-09 8.5605E-09 8.8363E-09 9.1198E-09 9.4110E-09 9.7100E-09 1.0017E-08 1.0379E-08 1.0709E-08 1.1119E-08 1.1478E-08 1.1848E-08 1.2228E-08 1.2618E-08 1.3020E-08 1.3522E-08 1.3961E-08 1.4413E-08 1.4878E-08 1.5356E-08 1.5848E-08 1.6365E-08 1.6886E-08 1.7422E-08 1.7984E-08 1.8550E-08 1.9140E-08 1.9735E-08 2.0344E-08 2.0977E-08 2.1612E-08 2.2258E-08 2.2927E-08 2.3594E-08 2.4269E-08 2.4961E-08 2.5647E-08 2.6335E-08
4.5518E-09 4.6948E-09 4.8533E-09 5.0069E-09 5.1763E-09 5.3411E-09 5.5220E-09 5.6985E-09 5.8917E-09 6.0806E-09 6.2865E-09 6.4883E-09 6.7075E-09 6.9228E-09 7.1602E-09 7.4048E-09 7.6431E-09 7.9039E-09 8.2072E-09 8.4750E-09 8.7507E-09 9.0342E-09 9.3257E-09 9.6252E-09 9.9327E-09 1.0291E-08 1.0622E-08 1.0962E-08 1.1387E-08 1.1758E-08 1.2139E-08 1.2531E-08 1.2935E-08 1.3432E-08 1.3873E-08 1.4327E-08 1.4795E-08 1.5278E-08 1.5774E-08 1.6285E-08 1.6823E-08 1.7365E-08 1.7935E-08 1.8510E-08 1.9099E-08 1.9717E-08 2.0339E-08 2.0988E-08 2.1640E-08 2.2306E-08 2.2997E-08 2.3689E-08 2.4392E-08 2.5103E-08 2.5834E-08 2.6560E-08 2.7288E-08
4.6326E-09 4.7890E-09 4.9414E-09 5.0987E-09 5.2722E-09 5.4410E-09 5.6264E-09 5.8073E-09 6.0053E-09 6.1989E-09 6.4101E-09 6.6169E-09 6.8419E-09 7.0772E-09 7.3062E-09 7.5574E-09 7.8018E-09 8.0696E-09 8.3813E-09 8.6563E-09 8.9393E-09 9.2305E-09 9.5299E-09 9.8376E-09 1.0174E-08 1.0523E-08 1.0864E-08 1.1282E-08 1.1653E-08 1.2035E-08 1.2428E-08 1.2832E-08 1.3248E-08 1.3765E-08 1.4220E-08 1.4690E-08 1.5175E-08 1.5674E-08 1.6188E-08 1.6729E-08 1.7277E-08 1.7840E-08 1.8433E-08 1.9031E-08 1.9658E-08 2.0290E-08 2.0939E-08 2.1617E-08 2.2300E-08 2.2997E-08 2.3722E-08 2.4449E-08 2.5187E-08 2.5948E-08 2.6707E-08 2.7472E-08 2.8254E-08
4.7131E-09 4.8731E-09 5.0290E-09 5.1900E-09 5.3676E-09 5.5403E-09 5.7302E-09 5.9259E-09 6.1182E-09 6.3271E-09 6.5328E-09 6.7555E-09 6.9751E-09 7.2164E-09 7.4511E-09 7.7086E-09 7.9741E-09 8.2800E-09 8.5538E-09 8.8358E-09 9.1261E-09 9.4248E-09 9.7320E-09 1.0048E-08 1.0413E-08 1.0753E-08 1.1102E-08 1.1535E-08 1.1916E-08 1.2309E-08 1.2713E-08 1.3129E-08 1.3558E-08 1.4094E-08 1.4564E-08 1.5049E-08 1.5549E-08 1.6066E-08 1.6597E-08 1.7158E-08 1.7726E-08 1.8322E-08 1.8925E-08 1.9546E-08 2.0199E-08 2.0857E-08 2.1546E-08 2.2241E-08 2.2953E-08 2.3695E-08 2.4442E-08 2.5203E-08 2.5989E-08 2.6777E-08 2.7575E-08 2.8393E-08 2.9206E-08
4.7930E-09 4.9566E-09 5.1160E-09 5.2911E-09 5.4623E-09 5.6496E-09 5.8332E-09 6.0334E-09 6.2301E-09 6.4439E-09 6.6543E-09 6.8824E-09 7.1072E-09 7.3542E-09 7.5945E-09 7.8583E-09 8.1302E-09 8.4439E-09 8.7243E-09 9.0132E-09 9.3106E-09 9.6167E-09 9.9458E-09 1.0255E-08 1.0630E-08 1.0979E-08 1.1403E-08 1.1783E-08 1.2175E-08 1.2578E-08 1.2994E-08 1.3422E-08 1.3948E-08 1.4417E-08 1.4902E-08 1.5402E-08 1.5918E-08 1.6451E-08 1.7012E-08 1.7581E-08 1.8167E-08 1.8785E-08 1.9410E-08 2.0067E-08 2.0732E-08 2.1428E-08 2.2133E-08 2.2856E-08 2.3611E-08 2.4373E-08 2.5153E-08 2.5960E-08 2.6772E-08 2.7598E-08 2.8447E-08 2.9296E-08 3.0152E-08
4.8723E-09 5.0395E-09 5.2023E-09 5.3812E-09 5.5561E-09 5.7475E-09 5.9351E-09 6.1398E-09 6.3409E-09 6.5595E-09 6.7746E-09 7.0079E-09 7.2377E-09 7.4905E-09 7.7512E-09 8.0061E-09 8.2844E-09 8.6055E-09 8.8925E-09 9.1881E-09 9.4925E-09 9.8201E-09 1.0143E-08 1.0479E-08 1.0844E-08 1.1201E-08 1.1638E-08 1.2028E-08 1.2429E-08 1.2843E-08 1.3270E-08 1.3709E-08 1.4253E-08 1.4735E-08 1.5234E-08 1.5749E-08 1.6280E-08 1.6829E-08 1.7408E-08 1.7995E-08 1.8613E-08 1.9240E-08 1.9898E-08 2.0566E-08 2.1255E-08 2.1977E-08 2.2709E-08 2.3461E-08 2.4247E-08 2.5040E-08 2.5863E-08 2.6695E-08 2.7544E-08 2.8419E-08 2.9298E-08 3.0188E-08 3.1087E-08
4.9508E-09 5.1215E-09 5.2877E-09 5.4704E-09 5.6489E-09 5.8444E-09 6.0359E-09 6.2450E-09 6.4503E-09 6.6737E-09 6.8933E-09 7.1318E-09 7.3811E-09 7.6249E-09 7.8913E-09 8.1518E-09 8.4362E-09 8.7647E-09 9.0580E-09 9.3602E-09 9.6714E-09 1.0007E-08 1.0337E-08 1.0681E-08 1.1054E-08 1.1420E-08 1.1868E-08 1.2267E-08 1.2679E-08 1.3103E-08 1.3540E-08 1.4072E-08 1.4551E-08 1.5047E-08 1.5559E-08 1.6088E-08 1.6634E-08 1.7210E-08 1.7795E-08 1.8400E-08 1.9037E-08 1.9684E-08 2.0364E-08 2.1055E-08 2.1779E-08 2.2515E-08 2.3272E-08 2.4065E-08 2.4869E-08 2.5693E-08 2.6550E-08 2.7416E-08 2.8300E-08 2.9215E-08 3.0134E-08 3.1065E-08 3.2022E-08
5.0384E-09 5.2026E-09 5.3721E-09 5.5584E-09 5.7406E-09 5.9400E-09 6.1354E-09 6.3488E-09 6.5689E-09 6.7863E-09 7.0213E-09 7.2537E-09 7.5084E-09 7.7571E-09 8.0292E-09 8.2951E-09 8.5855E-09 8.9210E-09 9.2205E-09 9.5291E-09 9.8469E-09 1.0189E-08 1.0527E-08 1.0897E-08 1.1260E-08 1.1634E-08 1.2094E-08 1.2502E-08 1.2923E-08 1.3357E-08 1.3804E-08 1.4351E-08 1.4842E-08 1.5350E-08 1.5875E-08 1.6418E-08 1.6979E-08 1.7571E-08 1.8172E-08 1.8806E-08 1.9450E-08 2.0116E-08 2.0817E-08 2.1529E-08 2.2278E-08 2.3038E-08 2.3833E-08 2.4642E-08 2.5474E-08 2.6340E-08 2.7219E-08 2.8119E-08 2.9052E-08 2.9993E-08 3.0950E-08 3.1937E-08 3.2925E-08
5.1153E-09 5.2826E-09 5.4554E-09 5.6453E-09 5.8309E-09 6.0342E-09 6.2440E-09 6.4510E-09 6.6754E-09 6.8970E-09 7.1367E-09 7.3737E-09 7.6334E-09 7.8870E-09 8.1645E-09 8.4506E-09 8.7780E-09 9.0742E-09 9.3796E-09 9.6944E-09 1.0019E-08 1.0368E-08 1.0712E-08 1.1091E-08 1.1461E-08 1.1909E-08 1.2313E-08 1.2730E-08 1.3160E-08 1.3604E-08 1.4061E-08 1.4622E-08 1.5125E-08 1.5645E-08 1.6183E-08 1.6739E-08 1.7314E-08 1.7921E-08 1.8538E-08 1.9188E-08 1.9850E-08 2.0547E-08 2.1256E-08 2.2001E-08 2.2760E-08 2.3544E-08 2.4366E-08 2.5201E-08 2.6071E-08 2.6957E-08 2.7867E-08 2.8813E-08 2.9770E-08 3.0747E-08 3.1758E-08 3.2773E-08 3.3804E-08
5.1910E-09 5.3614E-09 5.5477E-09 5.7308E-09 5.9303E-09 6.1269E-09 6.3406E-09 6.5514E-09 6.7800E-09 7.0057E-09 7.2499E-09 7.4913E-09 7.7559E-09 8.0143E-09 8.2971E-09 8.5886E-09 8.9221E-09 9.2239E-09 9.5351E-09 9.8558E-09 1.0186E-08 1.0543E-08 1.0913E-08 1.1279E-08 1.1657E-08 1.2115E-08 1.2527E-08 1.2952E-08 1.3391E-08 1.3843E-08 1.4310E-08 1.4885E-08 1.5399E-08 1.5930E-08 1.6480E-08 1.7049E-08 1.7637E-08 1.8259E-08 1.8890E-08 1.9557E-08 2.0236E-08 2.0951E-08 2.1679E-08 2.2445E-08 2.3225E-08 2.4044E-08 2.4878E-08 2.5738E-08 2.6637E-08 2.7552E-08 2.8504E-08 2.9471E-08 3.0462E-08 3.1489E-08 3.2526E-08 3.3582E-08 3.4668E-08
5.2656E-09 5.4389E-09 5.6285E-09 5.8148E-09 6.0179E-09 6.2179E-09 6.4353E-09 6.6498E-09 6.8825E-09 7.1122E-09 7.3607E-09 7.6064E-09 7.8758E-09 8.1536E-09 8.4266E-09 8.7232E-09 9.0627E-09 9.3698E-09 9.6866E-09 1.0013E-08 1.0349E-08 1.0712E-08 1.1089E-08 1.1462E-08 1.1846E-08 1.2314E-08 1.2734E-08 1.3167E-08 1.3614E-08 1.4075E-08 1.4632E-08 1.5139E-08 1.5663E-08 1.6205E-08 1.6766E-08 1.7347E-08 1.7959E-08 1.8583E-08 1.9241E-08 1.9912E-08 2.0618E-08 2.1339E-08 2.2084E-08 2.2870E-08 2.3670E-08 2.4512E-08 2.5369E-08 2.6264E-08 2.7179E-08 2.8121E-08 2.9103E-08 3.0102E-08 3.1125E-08 3.2189E-08 3.3263E-08 3.4372E-08 3.5488E-08
5.3387E-09 5.5150E-09 5.7077E-09 5.8971E-09 6.1036E-09 6.3070E-09 6.5281E-09 6.7462E-09 6.9827E-09 7.2163E-09 7.4690E-09 7.7333E-09 7.9928E-09 8.2752E-09 8.5527E-09 8.8544E-09 9.1994E-09 9.5117E-09 9.8337E-09 1.0165E-08 1.0507E-08 1.0877E-08 1.1260E-08 1.1639E-08 1.2030E-08 1.2506E-08 1.2933E-08 1.3374E-08 1.3829E-08 1.4298E-08 1.4867E-08 1.5382E-08 1.5916E-08 1.6469E-08 1.7040E-08 1.7632E-08 1.8257E-08 1.8893E-08 1.9565E-08 2.0249E-08 2.0971E-08 2.1708E-08 2.2483E-08 2.3275E-08 2.4106E-08 2.4956E-08 2.5835E-08 2.6755E-08 2.7693E-08 2.8674E-08 2.9673E-08 3.0701E-08 3.1771E-08 3.2856E-08 3.3965E-08 3.5114E-08 3.6270E-08
5.4104E-09 5.5895E-09 5.7853E-09 5.9777E-09 6.1875E-09 6.3941E-09 6.6187E-09 6.8402E-09 7.0805E-09 7.3178E-09 7.5746E-09 7.8431E-09 8.1066E-09 8.3935E-09 8.6754E-09 8.9817E-09 9.3321E-09 9.6492E-09 9.9762E-09 1.0313E-08 1.0660E-08 1.1035E-08 1.1425E-08 1.1810E-08 1.2207E-08 1.2692E-08 1.3125E-08 1.3573E-08 1.4035E-08 1.4512E-08 1.5091E-08 1.5615E-08 1.6158E-08 1.6720E-08 1.7302E-08 1.7904E-08 1.8540E-08 1.9188E-08 1.9872E-08 2.0570E-08 2.1306E-08 2.2057E-08 2.2849E-08 2.3657E-08 2.4507E-08 2.5376E-08 2.6286E-08 2.7217E-08 2.8179E-08 2.9185E-08 3.0210E-08 3.1280E-08 3.2368E-08 3.3484E-08 3.4643E-08 3.5816E-08 3.7011E-08
5.4806E-09 5.6624E-09 5.8611E-09 6.0565E-09 6.2693E-09 6.4790E-09 6.7070E-09 6.9319E-09 7.1758E-09 7.4274E-09 7.6772E-09 7.9497E-09 8.2171E-09 8.5083E-09 8.7942E-09 9.1050E-09 9.4604E-09 9.7821E-09 1.0114E-08 1.0456E-08 1.0808E-08 1.1188E-08 1.1583E-08 1.1974E-08 1.2443E-08 1.2869E-08 1.3309E-08 1.3763E-08 1.4232E-08 1.4716E-08 1.5305E-08 1.5837E-08 1.6388E-08 1.6959E-08 1.7549E-08 1.8161E-08 1.8808E-08 1.9466E-08 2.0162E-08 2.0883E-08 2.1621E-08 2.2385E-08 2.3192E-08 2.4015E-08 2.4883E-08 2.5769E-08 2.6698E-08 2.7649E-08 2.8645E-08 2.9662E-08 3.0712E-08 3.1809E-08 3.2925E-08 3.4086E-08 3.5266E-08 3.6472E-08 3.7720E-08
5.5490E-09 5.7335E-09 5.9350E-09 6.1331E-09 6.3490E-09 6.5617E-09 6.7929E-09 7.0315E-09 7.2682E-09 7.5234E-09 7.7766E-09 8.0529E-09 8.3240E-09 8.6192E-09 8.9091E-09 9.2241E-09 9.5840E-09 9.9101E-09 1.0246E-08 1.0593E-08 1.0949E-08 1.1335E-08 1.1735E-08 1.2131E-08 1.2606E-08 1.3038E-08 1.3484E-08 1.3944E-08 1.4419E-08 1.4909E-08 1.5508E-08 1.6047E-08 1.6606E-08 1.7184E-08 1.7783E-08 1.8414E-08 1.9059E-08 1.9739E-08 2.0434E-08 2.1166E-08 2.1915E-08 2.2704E-08 2.3512E-08 2.4361E-08 2.5232E-08 2.6133E-08 2.7080E-08 2.8049E-08 2.9065E-08 3.0104E-08 3.1190E-08 3.2299E-08 3.3441E-08 3.4632E-08 3.5841E-08 3.7095E-08 3.8366E-08
5.6157E-09 5.8026E-09 6.0068E-09 6.2077E-09 6.4264E-09 6.6420E-09 6.8762E-09 7.1180E-09 7.3578E-09 7.6163E-09 7.8728E-09 8.1527E-09 8.4273E-09 8.7262E-09 9.0198E-09 9.3387E-09 9.7029E-09 1.0033E-08 1.0373E-08 1.0724E-08 1.1085E-08 1.1475E-08 1.1880E-08 1.2281E-08 1.2762E-08 1.3199E-08 1.3650E-08 1.4116E-08 1.4596E-08 1.5092E-08 1.5698E-08 1.6244E-08 1.6810E-08 1.7395E-08 1.8001E-08 1.8640E-08 1.9293E-08 1.9982E-08 2.0686E-08 2.1428E-08 2.2187E-08 2.2987E-08 2.3806E-08 2.4669E-08 2.5552E-08 2.6479E-08 2.7430E-08 2.8427E-08 2.9450E-08 3.0507E-08 3.1615E-08 3.2745E-08 3.3926E-08 3.5130E-08 3.6367E-08 3.7653E-08 3.8956E-08
5.6805E-09 5.8698E-09 6.0766E-09 6.2800E-09 6.5014E-09 6.7197E-09 6.9568E-09 7.2015E-09 7.4442E-09 7.7059E-09 7.9655E-09 8.2487E-09 8.5266E-09 8.8290E-09 9.1260E-09 9.4485E-09 9.8166E-09 1.0150E-08 1.0494E-08 1.0849E-08 1.1214E-08 1.1609E-08 1.2018E-08 1.2423E-08 1.2910E-08 1.3351E-08 1.3807E-08 1.4277E-08 1.4763E-08 1.5344E-08 1.5877E-08 1.6429E-08 1.7000E-08 1.7591E-08 1.8204E-08 1.8850E-08 1.9510E-08 2.0206E-08 2.0917E-08 2.1668E-08 2.2436E-08 2.3246E-08 2.4074E-08 2.4948E-08 2.5843E-08 2.6783E-08 2.7747E-08 2.8759E-08 2.9796E-08 3.0883E-08 3.1997E-08 3.3147E-08 3.4351E-08 3.5577E-08 3.6856E-08 3.8156E-08 3.9488E-08
5.7433E-09 5.9350E-09 6.1441E-09 6.3499E-09 6.5739E-09 6.7947E-09 7.0345E-09 7.2820E-09 7.5275E-09 7.7921E-09 8.0546E-09 8.3409E-09 8.6219E-09 8.9275E-09 9.2277E-09 9.5535E-09 9.9250E-09 1.0262E-08 1.0610E-08 1.0968E-08 1.1336E-08 1.1735E-08 1.2148E-08 1.2557E-08 1.3048E-08 1.3494E-08 1.3954E-08 1.4428E-08 1.4918E-08 1.5505E-08 1.6043E-08 1.6600E-08 1.7176E-08 1.7772E-08 1.8390E-08 1.9042E-08 1.9708E-08 2.0411E-08 2.1128E-08 2.1886E-08 2.2661E-08 2.3479E-08 2.4328E-08 2.5199E-08 2.6102E-08 2.7053E-08 2.8028E-08 2.9053E-08 3.0103E-08 3.1206E-08 3.2334E-08 3.3516E-08 3.4725E-08 3.5987E-08 3.7275E-08 3.8599E-08 3.9976E-08
5.8040E-09 5.9979E-09 6.2092E-09 6.4174E-09 6.6437E-09 6.8669E-09 7.1092E-09 7.3593E-09 7.6074E-09 7.8747E-09 8.1400E-09 8.4291E-09 8.7129E-09 9.0214E-09 9.3246E-09 9.6534E-09 1.0028E-08 1.0368E-08 1.0719E-08 1.1080E-08 1.1452E-08 1.1854E-08 1.2270E-08 1.2682E-08 1.3178E-08 1.3627E-08 1.4091E-08 1.4569E-08 1.5063E-08 1.5654E-08 1.6196E-08 1.6757E-08 1.7337E-08 1.7938E-08 1.8560E-08 1.9217E-08 1.9887E-08 2.0595E-08 2.1317E-08 2.2081E-08 2.2874E-08 2.3686E-08 2.4542E-08 2.5420E-08 2.6342E-08 2.7290E-08 2.8286E-08 2.9309E-08 3.0382E-08 3.1484E-08 3.2625E-08 3.3823E-08 3.5047E-08 3.6328E-08 3.7635E-08 3.8980E-08 4.0383E-08
5.8626E-09 6.0585E-09 6.2720E-09 6.4823E-09 6.7108E-09 6.9468E-09 7.1809E-09 7.4334E-09 7.6839E-09 7.9536E-09 8.2214E-09 8.5132E-09 8.7995E-09 9.1107E-09 9.4165E-09 9.7481E-09 1.0125E-08 1.0468E-08 1.0822E-08 1.1186E-08 1.1560E-08 1.1965E-08 1.2385E-08 1.2800E-08 1.3299E-08 1.3751E-08 1.4217E-08 1.4699E-08 1.5195E-08 1.5791E-08 1.6336E-08 1.6899E-08 1.7483E-08 1.8087E-08 1.8713E-08 1.9373E-08 2.0046E-08 2.0758E-08 2.1497E-08 2.2253E-08 2.3050E-08 2.3866E-08 2.4728E-08 2.5610E-08 2.6539E-08 2.7492E-08 2.8495E-08 2.9525E-08 3.0607E-08 3.1718E-08 3.2884E-08 3.4079E-08 3.5330E-08 3.6612E-08 3.7935E-08 3.9317E-08 4.0724E-08
5.9189E-09 6.1168E-09 6.3322E-09 6.5445E-09 6.7751E-09 7.0131E-09 7.2494E-09 7.5040E-09 7.7567E-09 8.0288E-09 8.2988E-09 8.5929E-09 8.8816E-09 9.1952E-09 9.5034E-09 9.8373E-09 1.0217E-08 1.0562E-08 1.0918E-08 1.1285E-08 1.1662E-08 1.2069E-08 1.2491E-08 1.2908E-08 1.3410E-08 1.3864E-08 1.4333E-08 1.4817E-08 1.5316E-08 1.5914E-08 1.6462E-08 1.7028E-08 1.7614E-08 1.8220E-08 1.8848E-08 1.9511E-08 2.0186E-08 2.0901E-08 2.1642E-08 2.2400E-08 2.3200E-08 2.4019E-08 2.4884E-08 2.5769E-08 2.6702E-08 2.7658E-08 2.8666E-08 2.9700E-08 3.0789E-08 3.1905E-08 3.3079E-08 3.4282E-08 3.5545E-08 3.6837E-08 3.8189E-08 3.9571E-08 4.0994E-08
5.9729E-09 6.1726E-09 6.3898E-09 6.6040E-09 6.8364E-09 7.0659E-09 7.3145E-09 7.5712E-09 7.8259E-09 8.1000E-09 8.3721E-09 8.6683E-09 8.9591E-09 9.2747E-09 9.5851E-09 9.9211E-09 1.0302E-08 1.0650E-08 1.1008E-08 1.1376E-08 1.1756E-08 1.2165E-08 1.2589E-08 1.3008E-08 1.3512E-08 1.3968E-08 1.4439E-08 1.4925E-08 1.5425E-08 1.6025E-08 1.6574E-08 1.7141E-08 1.7729E-08 1.8337E-08 1.8966E-08 1.9630E-08 2.0306E-08 2.1022E-08 2.1764E-08 2.2523E-08 2.3325E-08 2.4145E-08 2.5011E-08 2.5897E-08 2.6831E-08 2.7802E-08 2.8799E-08 2.9849E-08 3.0927E-08 3.2061E-08 3.3226E-08 3.4433E-08 3.5703E-08 3.7002E-08 3.8365E-08 3.9757E-08 4.1212E-08
6.0245E-09 6.2258E-09 6.4447E-09 6.6606E-09 6.8947E-09 7.1260E-09 7.3763E-09 7.6347E-09 7.8913E-09 8.1672E-09 8.4411E-09 8.7392E-09 9.0318E-09 9.3492E-09 9.6615E-09 9.9992E-09 1.0382E-08 1.0731E-08 1.1091E-08 1.1461E-08 1.1842E-08 1.2253E-08 1.2678E-08 1.3099E-08 1.3604E-08 1.4061E-08 1.4534E-08 1.5020E-08 1.5522E-08 1.6123E-08 1.6672E-08 1.7240E-08 1.7828E-08 1.8437E-08 1.9066E-08 1.9730E-08 2.0406E-08 2.1122E-08 2.1864E-08 2.2622E-08 2.3423E-08 2.4242E-08 2.5108E-08 2.6003E-08 2.6926E-08 2.7897E-08 2.8894E-08 2.9944E-08 3.1022E-08 3.2157E-08 3.3322E-08 3.4548E-08 3.5805E-08 3.7124E-08 3.8477E-08 3.9875E-08 4.1341E-08
6.0737E-09 6.2765E-09 6.4968E-09 6.7143E-09 6.9499E-09 7.1828E-09 7.4347E-09 7.6946E-09 7.9528E-09 8.2303E-09 8.5058E-09 8.8054E-09 9.0997E-09 9.4186E-09 9.7324E-09 1.0072E-08 1.0455E-08 1.0806E-08 1.1167E-08 1.1539E-08 1.1921E-08 1.2333E-08 1.2759E-08 1.3181E-08 1.3686E-08 1.4145E-08 1.4617E-08 1.5105E-08 1.5607E-08 1.6207E-08 1.6756E-08 1.7325E-08 1.7912E-08 1.8520E-08 1.9148E-08 1.9811E-08 2.0486E-08 2.1200E-08 2.1941E-08 2.2697E-08 2.3496E-08 2.4325E-08 2.5175E-08 2.6068E-08 2.6988E-08 2.7956E-08 2.8950E-08 2.9997E-08 3.1072E-08 3.2206E-08 3.3368E-08 3.4593E-08 3.5849E-08 3.7171E-08 3.8524E-08 3.9945E-08 4.1398E-08
