Assets/Resources/2015_m01_d01_1000(utc+0800)_l00_csi_1hr_conc.grd
DSAA
         159         159
     -79.000      79.000
     -79.000      79.000
  0.0000E+00  0.4581E-05
[rows 50 to 74 of 159, columns 57 to 113 of 159]
0.0000E+00 0.0000E+00 0.0000E+00 0.0000E+00 0.0000E+00 0.0000E+00 0.0000E+00 0.0000E+00 0.0000E+00 0.0000E+00 0.0000E+00 0.0000E+00 0.0000E+00 0.0000E+00 0.0000E+00 0.0000E+00 0.0000E+00 0.0000E+00 0.0000E+00 0.0000E+00 0.0000E+00 0.0000E+00 0.0000E+00 8.6852E-12 3.0878E-11 8.7648E-11 1.7141E-10 2.9360E-10 4.4024E-10 6.4005E-10 8.9715E-10 1.2387E-09 1.6632E-09 2.1830E-09 2.8281E-09 3.5867E-09 4.4688E-09 5.4744E-09 6.5940E-09 7.8037E-09 9.0621E-09 1.0338E-08 1.1587E-08 1.2755E-08 1.3794E-08 1.4660E-08 1.5306E-08 1.5713E-08 1.5866E-08 1.5758E-08 1.5407E-08 1.4838E-08 1.4081E-08 1.3176E-08 1.2162E-08 1.1085E-08 9.9854E-09
0.0000E+00 0.0000E+00 0.0000E+00 0.0000E+00 0.0000E+00 0.0000E+00 0.0000E+00 0.0000E+00 0.0000E+00 0.0000E+00 0.0000E+00 0.0000E+00 0.0000E+00 0.0000E+00 0.0000E+00 0.0000E+00 0.0000E+00 0.0000E+00 0.0000E+00 0.0000E+00 0.0000E+00 0.0000E+00 0.0000E+00 7.2881E-12 2.6708E-11 8.0485E-11 1.6176E-10 2.8184E-10 4.2753E-10 6.2606E-10 8.8321E-10 1.2306E-09 1.6589E-09 2.2023E-09 2.8531E-09 3.6294E-09 4.5422E-09 5.5765E-09 6.7328E-09 7.9721E-09 9.2661E-09 1.0571E-08 1.1843E-08 1.3023E-08 1.4060E-08 1.4905E-08 1.5519E-08 1.5877E-08 1.5962E-08 1.5779E-08 1.5348E-08 1.4692E-08 1.3856E-08 1.2879E-08 1.1808E-08 1.0685E-08 9.5486E-09
0.0000E+00 0.0000E+00 0.0000E+00 0.0000E+00 0.0000E+00 0.0000E+00 0.0000E+00 0.0000E+00 0.0000E+00 0.0000E+00 0.0000E+00 0.0000E+00 0.0000E+00 0.0000E+00 0.0000E+00 0.0000E+00 0.0000E+00 0.0000E+00 0.0000E+00 0.0000E+00 0.0000E+00 0.0000E+00 0.0000E+00 5.7288E-12 2.2776E-11 7.1544E-11 1.4955E-10 2.6684E-10 4.1024E-10 6.0699E-10 8.7130E-10 1.2083E-09 1.6500E-09 2.1969E-09 2.8599E-09 3.6638E-09 4.5949E-09 5.6692E-09 6.8581E-09 8.1373E-09 9.4728E-09 1.0814E-08 1.2107E-08 1.3298E-08 1.4330E-08 1.5155E-08 1.5733E-08 1.6037E-08 1.6055E-08 1.5796E-08 1.5280E-08 1.4539E-08 1.3621E-08 1.2568E-08 1.1435E-08 1.0266E-08 9.1011E-09
0.0000E+00 0.0000E+00 0.0000E+00 0.0000E+00 0.0000E+00 0.0000E+00 0.0000E+00 0.0000E+00 0.0000E+00 0.0000E+00 0.0000E+00 0.0000E+00 0.0000E+00 0.0000E+00 0.0000E+00 0.0000E+00 0.0000E+00 0.0000E+00 0.0000E+00 0.0000E+00 0.0000E+00 0.0000E+00 0.0000E+00 4.0139E-12 1.8176E-11 4.6505E-11 1.3544E-10 2.4819E-10 3.8914E-10 5.8309E-10 8.4418E-10 1.1816E-09 1.6261E-09 2.1757E-09 2.8596E-09 3.6724E-09 4.6410E-09 5.7498E-09 6.9743E-09 8.3037E-09 9.6757E-09 1.1056E-08 1.2380E-08 1.3588E-08 1.4620E-08 1.5426E-08 1.5964E-08 1.6210E-08 1.6157E-08 1.5816E-08 1.5208E-08 1.4382E-08 1.3380E-08 1.2254E-08 1.1060E-08 9.8431E-09 8.6489E-09
0.0000E+00 0.0000E+00 0.0000E+00 0.0000E+00 0.0000E+00 0.0000E+00 0.0000E+00 0.0000E+00 0.0000E+00 0.0000E+00 0.0000E+00 0.0000E+00 0.0000E+00 0.0000E+00 0.0000E+00 0.0000E+00 0.0000E+00 0.0000E+00 0.0000E+00 0.0000E+00 0.0000E+00 0.0000E+00 0.0000E+00 2.4077E-12 1.3977E-11 3.7461E-11 1.0122E-10 2.0286E-10 3.6975E-10 5.5814E-10 8.1034E-10 1.1523E-09 1.5856E-09 2.1473E-09 2.8333E-09 3.6594E-09 4.6760E-09 5.8151E-09 7.0944E-09 8.4639E-09 9.8863E-09 1.1314E-08 1.2677E-08 1.3908E-08 1.4945E-08 1.5733E-08 1.6230E-08 1.6414E-08 1.6281E-08 1.5848E-08 1.5148E-08 1.4227E-08 1.3138E-08 1.1939E-08 1.0686E-08 9.4263E-09 8.2030E-09
0.0000E+00 0.0000E+00 0.0000E+00 0.0000E+00 0.0000E+00 0.0000E+00 0.0000E+00 0.0000E+00 0.0000E+00 0.0000E+00 0.0000E+00 0.0000E+00 0.0000E+00 0.0000E+00 0.0000E+00 0.0000E+00 0.0000E+00 0.0000E+00 0.0000E+00 0.0000E+00 0.0000E+00 0.0000E+00 0.0000E+00 1.2415E-12 9.8614E-12 2.9956E-11 9.2707E-11 1.8690E-10 3.4031E-10 5.2317E-10 7.7117E-10 1.1055E-09 1.5419E-09 2.0945E-09 2.7850E-09 3.6535E-09 4.6912E-09 5.8820E-09 7.2071E-09 8.6359E-09 1.0118E-08 1.1595E-08 1.2999E-08 1.4259E-08 1.5306E-08 1.6079E-08 1.6535E-08 1.6655E-08 1.6440E-08 1.5909E-08 1.5107E-08 1.4084E-08 1.2904E-08 1.1628E-08 1.0313E-08 9.0135E-09 7.7689E-09
0.0000E+00 0.0000E+00 0.0000E+00 0.0000E+00 0.0000E+00 0.0000E+00 0.0000E+00 0.0000E+00 0.0000E+00 0.0000E+00 0.0000E+00 0.0000E+00 0.0000E+00 0.0000E+00 0.0000E+00 0.0000E+00 0.0000E+00 0.0000E+00 0.0000E+00 0.0000E+00 0.0000E+00 0.0000E+00 0.0000E+00 4.3997E-13 6.6239E-12 2.1770E-11 7.0356E-11 1.7195E-10 3.1519E-10 4.9091E-10 7.3205E-10 1.0497E-09 1.4786E-09 2.0250E-09 2.7442E-09 3.6435E-09 4.7137E-09 5.9425E-09 7.3351E-09 8.8231E-09 1.0376E-08 1.1920E-08 1.3380E-08 1.4676E-08 1.5734E-08 1.6492E-08 1.6906E-08 1.6955E-08 1.6645E-08 1.6009E-08 1.5095E-08 1.3965E-08 1.2687E-08 1.1327E-08 9.9502E-09 8.6092E-09 7.3435E-09
0.0000E+00 0.0000E+00 0.0000E+00 0.0000E+00 0.0000E+00 0.0000E+00 0.0000E+00 0.0000E+00 0.0000E+00 0.0000E+00 0.0000E+00 0.0000E+00 0.0000E+00 0.0000E+00 0.0000E+00 0.0000E+00 0.0000E+00 0.0000E+00 0.0000E+00 0.0000E+00 0.0000E+00 0.0000E+00 0.0000E+00 0.0000E+00 3.6868E-12 1.6102E-11 4.5003E-11 1.3761E-10 2.7856E-10 4.4714E-10 6.7992E-10 9.9180E-10 1.4049E-09 1.9664E-09 2.6896E-09 3.6014E-09 4.7308E-09 6.0099E-09 7.4786E-09 9.0449E-09 1.0676E-08 1.2297E-08 1.3826E-08 1.5169E-08 1.6246E-08 1.6988E-08 1.7353E-08 1.7325E-08 1.6914E-08 1.6161E-08 1.5123E-08 1.3873E-08 1.2489E-08 1.1043E-08 9.6020E-09 8.2175E-09 6.9312E-09
0.0000E+00 0.0000E+00 0.0000E+00 0.0000E+00 0.0000E+00 0.0000E+00 0.0000E+00 0.0000E+00 0.0000E+00 0.0000E+00 0.0000E+00 0.0000E+00 0.0000E+00 0.0000E+00 0.0000E+00 0.0000E+00 0.0000E+00 0.0000E+00 0.0000E+00 0.0000E+00 0.0000E+00 0.0000E+00 0.0000E+00 0.0000E+00 1.6469E-12 9.5128E-12 3.4381E-11 9.5189E-11 2.4030E-10 4.1191E-10 6.3551E-10 9.3306E-10 1.3256E-09 1.9012E-09 2.6279E-09 3.5876E-09 4.7474E-09 6.1161E-09 7.6545E-09 9.3145E-09 1.1044E-08 1.2762E-08 1.4369E-08 1.5768E-08 1.6865E-08 1.7591E-08 1.7899E-08 1.7778E-08 1.7249E-08 1.6362E-08 1.5188E-08 1.3809E-08 1.2309E-08 1.0771E-08 9.2626E-09 7.8364E-09 6.5282E-09
0.0000E+00 0.0000E+00 0.0000E+00 0.0000E+00 0.0000E+00 0.0000E+00 0.0000E+00 0.0000E+00 0.0000E+00 0.0000E+00 0.0000E+00 0.0000E+00 0.0000E+00 0.0000E+00 0.0000E+00 0.0000E+00 0.0000E+00 0.0000E+00 0.0000E+00 0.0000E+00 0.0000E+00 0.0000E+00 0.0000E+00 0.0000E+00 4.8689E-13 5.9034E-12 2.5220E-11 7.5047E-11 1.8330E-10 3.6543E-10 5.7972E-10 8.6633E-10 1.2475E-09 1.8421E-09 2.6010E-09 3.6100E-09 4.8285E-09 6.2605E-09 7.8893E-09 9.6526E-09 1.1495E-08 1.3328E-08 1.5040E-08 1.6512E-08 1.7636E-08 1.8341E-08 1.8574E-08 1.8342E-08 1.7672E-08 1.6629E-08 1.5297E-08 1.3769E-08 1.2141E-08 1.0505E-08 8.9262E-09 7.4590E-09 6.1357E-09
0.0000E+00 0.0000E+00 0.0000E+00 0.0000E+00 0.0000E+00 0.0000E+00 0.0000E+00 0.0000E+00 0.0000E+00 0.0000E+00 0.0000E+00 0.0000E+00 0.0000E+00 0.0000E+00 0.0000E+00 0.0000E+00 0.0000E+00 0.0000E+00 0.0000E+00 0.0000E+00 0.0000E+00 0.0000E+00 0.0000E+00 0.0000E+00 0.0000E+00 2.2246E-12 1.7104E-11 5.7321E-11 1.5245E-10 3.0779E-10 5.2192E-10 7.9624E-10 1.2126E-09 1.7899E-09 2.6108E-09 3.6306E-09 4.9504E-09 6.4720E-09 8.2046E-09 1.0098E-08 1.2097E-08 1.4074E-08 1.5896E-08 1.7429E-08 1.8558E-08 1.9223E-08 1.9360E-08 1.8987E-08 1.8147E-08 1.6929E-08 1.5424E-08 1.3741E-08 1.1983E-08 1.0241E-08 8.5934E-09 7.0861E-09 5.7517E-09
0.0000E+00 0.0000E+00 0.0000E+00 0.0000E+00 0.0000E+00 0.0000E+00 0.0000E+00 0.0000E+00 0.0000E+00 0.0000E+00 0.0000E+00 0.0000E+00 0.0000E+00 0.0000E+00 0.0000E+00 0.0000E+00 0.0000E+00 0.0000E+00 0.0000E+00 0.0000E+00 0.0000E+00 0.0000E+00 0.0000E+00 0.0000E+00 0.0000E+00 7.3251E-13 1.1585E-11 4.1752E-11 1.1404E-10 2.6223E-10 4.6381E-10 7.4390E-10 1.1932E-09 1.7808E-09 2.6262E-09 3.7360E-09 5.1416E-09 6.7784E-09 8.6503E-09 1.0730E-08 1.2897E-08 1.5021E-08 1.6945E-08 1.8538E-08 1.9662E-08 2.0259E-08 2.0270E-08 1.9732E-08 1.8704E-08 1.7278E-08 1.5575E-08 1.3721E-08 1.1826E-08 9.9824E-09 8.2642E-09 6.7224E-09 5.3805E-09
0.0000E+00 0.0000E+00 0.0000E+00 0.0000E+00 0.0000E+00 0.0000E+00 0.0000E+00 0.0000E+00 0.0000E+00 0.0000E+00 0.0000E+00 0.0000E+00 0.0000E+00 0.0000E+00 0.0000E+00 0.0000E+00 0.0000E+00 0.0000E+00 0.0000E+00 0.0000E+00 0.0000E+00 0.0000E+00 0.0000E+00 0.0000E+00 0.0000E+00 0.0000E+00 6.9893E-12 3.0198E-11 8.8634E-11 2.0806E-10 4.2069E-10 6.9766E-10 1.1596E-09 1.8356E-09 2.6745E-09 3.9491E-09 5.4239E-09 7.2283E-09 9.3093E-09 1.1594E-08 1.3958E-08 1.6241E-08 1.8294E-08 1.9946E-08 2.1050E-08 2.1533E-08 2.1370E-08 2.0612E-08 1.9343E-08 1.7679E-08 1.5751E-08 1.3703E-08 1.1661E-08 9.7166E-09 7.9366E-09 6.3626E-09 5.0175E-09
0.0000E+00 0.0000E+00 0.0000E+00 0.0000E+00 0.0000E+00 0.0000E+00 0.0000E+00 0.0000E+00 0.0000E+00 0.0000E+00 0.0000E+00 0.0000E+00 0.0000E+00 0.0000E+00 0.0000E+00 0.0000E+00 0.0000E+00 0.0000E+00 0.0000E+00 0.0000E+00 0.0000E+00 0.0000E+00 0.0000E+00 0.0000E+00 0.0000E+00 0.0000E+00 4.8114E-12 2.2648E-11 6.7458E-11 1.5853E-10 3.7184E-10 6.9099E-10 1.1680E-09 1.8795E-09 2.8906E-09 4.2173E-09 5.8850E-09 7.9042E-09 1.0235E-08 1.2772E-08 1.5376E-08 1.7855E-08 1.9996E-08 2.1649E-08 2.2673E-08 2.2996E-08 2.2608E-08 2.1586E-08 2.0037E-08 1.8099E-08 1.5933E-08 1.3683E-08 1.1482E-08 9.4350E-09 7.5968E-09 6.0033E-09 4.6594E-09
0.0000E+00 0.0000E+00 0.0000E+00 0.0000E+00 0.0000E+00 0.0000E+00 0.0000E+00 0.0000E+00 0.0000E+00 0.0000E+00 0.0000E+00 0.0000E+00 0.0000E+00 0.0000E+00 0.0000E+00 0.0000E+00 0.0000E+00 0.0000E+00 0.0000E+00 0.0000E+00 0.0000E+00 0.0000E+00 0.0000E+00 0.0000E+00 0.0000E+00 0.0000E+00 3.2681E-12 1.7037E-11 5.1617E-11 1.3438E-10 3.3670E-10 7.2119E-10 1.2754E-09 2.0718E-09 3.2149E-09 4.7308E-09 6.6310E-09 8.9251E-09 1.1546E-08 1.4375E-08 1.7219E-08 1.9856E-08 2.2093E-08 2.3714E-08 2.4593E-08 2.4674E-08 2.3995E-08 2.2643E-08 2.0761E-08 1.8520E-08 1.6088E-08 1.3632E-08 1.1277E-08 9.1268E-09 7.2396E-09 5.6318E-09 4.3046E-09
0.0000E+00 0.0000E+00 0.0000E+00 0.0000E+00 0.0000E+00 0.0000E+00 0.0000E+00 0.0000E+00 0.0000E+00 0.0000E+00 0.0000E+00 0.0000E+00 0.0000E+00 0.0000E+00 0.0000E+00 0.0000E+00 0.0000E+00 0.0000E+00 0.0000E+00 0.0000E+00 0.0000E+00 0.0000E+00 0.0000E+00 0.0000E+00 0.0000E+00 0.0000E+00 1.6379E-12 1.2226E-11 4.0474E-11 1.5908E-10 3.9848E-10 8.6041E-10 1.5482E-09 2.4427E-09 3.7807E-09 5.5427E-09 7.7308E-09 1.0360E-08 1.3322E-08 1.6459E-08 1.9540E-08 2.2331E-08 2.4565E-08 2.6087E-08 2.6742E-08 2.6515E-08 2.5465E-08 2.3734E-08 2.1474E-08 1.8891E-08 1.6186E-08 1.3517E-08 1.1022E-08 8.7805E-09 6.8599E-09 5.2554E-09 3.9553E-09
0.0000E+00 0.0000E+00 0.0000E+00 0.0000E+00 0.0000E+00 0.0000E+00 0.0000E+00 0.0000E+00 0.0000E+00 0.0000E+00 0.0000E+00 0.0000E+00 0.0000E+00 0.0000E+00 0.0000E+00 0.0000E+00 0.0000E+00 0.0000E+00 0.0000E+00 0.0000E+00 0.0000E+00 0.0000E+00 0.0000E+00 0.0000E+00 0.0000E+00 0.0000E+00 4.2061E-13 1.3649E-11 9.7680E-11 2.5456E-10 6.2483E-10 1.1307E-09 2.0361E-09 3.2101E-09 4.7927E-09 6.8471E-09 9.4065E-09 1.2427E-08 1.5739E-08 1.9176E-08 2.2474E-08 2.5306E-08 2.7456E-08 2.8736E-08 2.9056E-08 2.8416E-08 2.6923E-08 2.4746E-08 2.2082E-08 1.9149E-08 1.6164E-08 1.3304E-08 1.0687E-08 8.3834E-09 6.4435E-09 4.8613E-09 3.5992E-09
0.0000E+00 0.0000E+00 0.0000E+00 0.0000E+00 0.0000E+00 0.0000E+00 0.0000E+00 0.0000E+00 0.0000E+00 0.0000E+00 0.0000E+00 0.0000E+00 0.0000E+00 0.0000E+00 0.0000E+00 0.0000E+00 0.0000E+00 0.0000E+00 0.0000E+00 0.0000E+00 0.0000E+00 0.0000E+00 0.0000E+00 0.0000E+00 0.0000E+00 0.0000E+00 6.8400E-12 6.0311E-11 1.6875E-10 4.8376E-10 1.0546E-09 1.8543E-09 2.9747E-09 4.4325E-09 6.3842E-09 8.9026E-09 1.1937E-08 1.5377E-08 1.9016E-08 2.2628E-08 2.5936E-08 2.8678E-08 3.0605E-08 3.1522E-08 3.1382E-08 3.0221E-08 2.8218E-08 2.5543E-08 2.2464E-08 1.9196E-08 1.5960E-08 1.2939E-08 1.0238E-08 7.9073E-09 5.9836E-09 4.4468E-09 3.2411E-09
0.0000E+00 0.0000E+00 0.0000E+00 0.0000E+00 0.0000E+00 0.0000E+00 0.0000E+00 0.0000E+00 0.0000E+00 0.0000E+00 0.0000E+00 0.0000E+00 0.0000E+00 0.0000E+00 0.0000E+00 0.0000E+00 0.0000E+00 0.0000E+00 0.0000E+00 0.0000E+00 0.0000E+00 0.0000E+00 0.0000E+00 0.0000E+00 0.0000E+00 0.0000E+00 4.7569E-11 1.1538E-10 4.4397E-10 1.0619E-09 1.9587E-09 3.2205E-09 4.6986E-09 6.6871E-09 9.0800E-09 1.2152E-08 1.5720E-08 1.9530E-08 2.3313E-08 2.6871E-08 2.9972E-08 3.2360E-08 3.3875E-08 3.4244E-08 3.3512E-08 3.1753E-08 2.9174E-08 2.6005E-08 2.2504E-08 1.8947E-08 1.5520E-08 1.2385E-08 9.6606E-09 7.3477E-09 5.4758E-09 4.0110E-09 2.8824E-09
0.0000E+00 0.0000E+00 0.0000E+00 0.0000E+00 0.0000E+00 0.0000E+00 0.0000E+00 0.0000E+00 0.0000E+00 0.0000E+00 0.0000E+00 0.0000E+00 0.0000E+00 0.0000E+00 0.0000E+00 0.0000E+00 0.0000E+00 0.0000E+00 0.0000E+00 0.0000E+00 0.0000E+00 0.0000E+00 0.0000E+00 0.0000E+00 0.0000E+00 2.2541E-11 8.7178E-11 3.9901E-10 1.0936E-09 2.2073E-09 3.7264E-09 5.6515E-09 7.8843E-09 1.0354E-08 1.3474E-08 1.7191E-08 2.1236E-08 2.5134E-08 2.8751E-08 3.1926E-08 3.4493E-08 3.6208E-08 3.7013E-08 3.6672E-08 3.5256E-08 3.2824E-08 2.9661E-08 2.6012E-08 2.2151E-08 1.8359E-08 1.4818E-08 1.1642E-08 8.9561E-09 6.7131E-09 4.9310E-09 3.5634E-09 2.5259E-09
0.0000E+00 0.0000E+00 0.0000E+00 0.0000E+00 0.0000E+00 0.0000E+00 0.0000E+00 0.0000E+00 0.0000E+00 0.0000E+00 0.0000E+00 0.0000E+00 0.0000E+00 0.0000E+00 0.0000E+00 0.0000E+00 0.0000E+00 0.0000E+00 0.0000E+00 0.0000E+00 0.0000E+00 0.0000E+00 0.0000E+00 0.0000E+00 1.7032E-11 9.1698E-11 3.4630E-10 1.1366E-09 2.5006E-09 4.5411E-09 7.1214E-09 9.9527E-09 1.3049E-08 1.6317E-08 2.0252E-08 2.4600E-08 2.8837E-08 3.2425E-08 3.5381E-08 3.7655E-08 3.9248E-08 3.9989E-08 3.9828E-08 3.8602E-08 3.6406E-08 3.3303E-08 2.9573E-08 2.5507E-08 2.1375E-08 1.7432E-08 1.3867E-08 1.0729E-08 8.1437E-09 6.0196E-09 4.3589E-09 3.1057E-09 2.1724E-09
0.0000E+00 0.0000E+00 0.0000E+00 0.0000E+00 0.0000E+00 0.0000E+00 0.0000E+00 0.0000E+00 0.0000E+00 0.0000E+00 0.0000E+00 0.0000E+00 0.0000E+00 0.0000E+00 0.0000E+00 0.0000E+00 0.0000E+00 0.0000E+00 0.0000E+00 0.0000E+00 0.0000E+00 0.0000E+00 0.0000E+00 1.7967E-11 8.1401E-11 2.9563E-10 1.0440E-09 2.8573E-09 5.5271E-09 9.0476E-09 1.3104E-08 1.7304E-08 2.1358E-08 2.5551E-08 3.0144E-08 3.4771E-08 3.8645E-08 4.1291E-08 4.2922E-08 4.3712E-08 4.3855E-08 4.3302E-08 4.1988E-08 3.9783E-08 3.6771E-08 3.3030E-08 2.8831E-08 2.4456E-08 2.0160E-08 1.6191E-08 1.2688E-08 9.6712E-09 7.2397E-09 5.2779E-09 3.7691E-09 2.6477E-09 1.8260E-09
0.0000E+00 0.0000E+00 0.0000E+00 0.0000E+00 0.0000E+00 0.0000E+00 0.0000E+00 0.0000E+00 0.0000E+00 0.0000E+00 0.0000E+00 0.0000E+00 0.0000E+00 0.0000E+00 0.0000E+00 0.0000E+00 0.0000E+00 0.0000E+00 0.0000E+00 0.0000E+00 0.0000E+00 0.0000E+00 0.0000E+00 5.2861E-11 2.3163E-10 7.5321E-10 2.9072E-09 6.7298E-09 1.1552E-08 1.7252E-08 2.3234E-08 2.8720E-08 3.3568E-08 3.8437E-08 4.3266E-08 4.7678E-08 5.0291E-08 5.1146E-08 5.0702E-08 4.9446E-08 4.7786E-08 4.5712E-08 4.3143E-08 3.9975E-08 3.6191E-08 3.1914E-08 2.7383E-08 2.2837E-08 1.8524E-08 1.4655E-08 1.1316E-08 8.4964E-09 6.2775E-09 4.5133E-09 3.1790E-09 2.2052E-09 1.5006E-09
0.0000E+00 0.0000E+00 0.0000E+00 0.0000E+00 0.0000E+00 0.0000E+00 0.0000E+00 0.0000E+00 0.0000E+00 0.0000E+00 0.0000E+00 0.0000E+00 0.0000E+00 0.0000E+00 0.0000E+00 0.0000E+00 0.0000E+00 0.0000E+00 0.0000E+00 0.0000E+00 0.0000E+00 0.0000E+00 2.5210E-11 1.1120E-10 5.3789E-10 2.0919E-09 7.7443E-09 1.5007E-08 2.2763E-08 3.1154E-08 3.8856E-08 4.4907E-08 4.9859E-08 5.4560E-08 5.8829E-08 6.1921E-08 6.2394E-08 6.0660E-08 5.7601E-08 5.3979E-08 5.0374E-08 4.6767E-08 4.3003E-08 3.8987E-08 3.4588E-08 2.9948E-08 2.5261E-08 2.0718E-08 1.6537E-08 1.2891E-08 9.8108E-09 7.2561E-09 5.2930E-09 3.7578E-09 2.6095E-09 1.7943E-09 1.2031E-09
0.0000E+00 0.0000E+00 0.0000E+00 0.0000E+00 0.0000E+00 0.0000E+00 0.0000E+00 0.0000E+00 0.0000E+00 0.0000E+00 0.0000E+00 0.0000E+00 0.0000E+00 0.0000E+00 0.0000E+00 0.0000E+00 0.0000E+00 0.0000E+00 0.0000E+00 0.0000E+00 0.0000E+00 1.6013E-13 4.0524E-11 2.3591E-10 1.2197E-09 6.8646E-09 2.0971E-08 3.1649E-08 4.2026E-08 5.2154E-08 5.9961E-08 6.4787E-08 6.8188E-08 7.1259E-08 7.3893E-08 7.4708E-08 7.2457E-08 6.7858E-08 6.2144E-08 5.6316E-08 5.0971E-08 4.6102E-08 4.1388E-08 3.6738E-08 3.1992E-08 2.7215E-08 2.2577E-08 1.8221E-08 1.4318E-08 1.1002E-08 8.2581E-09 6.0137E-09 4.3352E-09 3.0388E-09 2.0832E-09 1.4169E-09 9.3569E-10
