Assets/Resources/2015_m01_d04_0000(utc+0800)_l00_csi_1hr_conc.grd
DSAA
         159         159
     -79.000      79.000
     -79.000      79.000
  0.1748E-10  0.4467E-05
[rows 125 to 149 of 159, columns 57 to 113 of 159]
4.2342E-10 4.5306E-10 4.7748E-10 5.9494E-10 7.0355E-10 7.5188E-10 8.0510E-10 8.7189E-10 9.5726E-10 1.0113E-09 1.0561E-09 1.0960E-09 1.1374E-09 1.1803E-09 1.2234E-09 1.2685E-09 1.3151E-09 1.3634E-09 1.4136E-09 1.4664E-09 1.5213E-09 1.5777E-09 1.6370E-09 1.6986E-09 1.7621E-09 1.8285E-09 1.8981E-09 1.9700E-09 2.0443E-09 2.1215E-09 2.2016E-09 2.2845E-09 2.3707E-09 2.4599E-09 2.5523E-09 2.6479E-09 2.7466E-09 2.8484E-09 2.9539E-09 3.0636E-09 3.1769E-09 3.2936E-09 3.4142E-09 3.5381E-09 3.6654E-09 3.7966E-09 3.9316E-09 4.0706E-09 4.2133E-09 4.3599E-09 4.5106E-09 4.6652E-09 4.8242E-09 4.9872E-09 5.1543E-09 5.3255E-09 5.5011E-09
4.2565E-10 4.6284E-10 4.8513E-10 6.0712E-10 7.0935E-10 7.6642E-10 8.1969E-10 8.7261E-10 9.5391E-10 1.0137E-09 1.0647E-09 1.1050E-09 1.1463E-09 1.1889E-09 1.2322E-09 1.2770E-09 1.3238E-09 1.3720E-09 1.4219E-09 1.4738E-09 1.5282E-09 1.5848E-09 1.6431E-09 1.7041E-09 1.7674E-09 1.8326E-09 1.9006E-09 1.9714E-09 2.0450E-09 2.1210E-09 2.1999E-09 2.2814E-09 2.3657E-09 2.4530E-09 2.5434E-09 2.6367E-09 2.7335E-09 2.8331E-09 2.9361E-09 3.0422E-09 3.1513E-09 3.2641E-09 3.3810E-09 3.5016E-09 3.6255E-09 3.7532E-09 3.8845E-09 4.0196E-09 4.1582E-09 4.3003E-09 4.4464E-09 4.5962E-09 4.7499E-09 4.9074E-09 5.0686E-09 5.2341E-09 5.4032E-09
4.2770E-10 4.6539E-10 5.0349E-10 6.1492E-10 6.9030E-10 7.7260E-10 8.2264E-10 8.8198E-10 9.5142E-10 1.0090E-09 1.0652E-09 1.1125E-09 1.1537E-09 1.1966E-09 1.2396E-09 1.2843E-09 1.3307E-09 1.3789E-09 1.4288E-09 1.4803E-09 1.5339E-09 1.5898E-09 1.6479E-09 1.7078E-09 1.7702E-09 1.8351E-09 1.9021E-09 1.9714E-09 2.0435E-09 2.1185E-09 2.1959E-09 2.2760E-09 2.3589E-09 2.4443E-09 2.5325E-09 2.6235E-09 2.7179E-09 2.8151E-09 2.9154E-09 3.0189E-09 3.1254E-09 3.2353E-09 3.3482E-09 3.4643E-09 3.5838E-09 3.7067E-09 3.8339E-09 3.9643E-09 4.0984E-09 4.2359E-09 4.3770E-09 4.5218E-09 4.6701E-09 4.8223E-09 4.9780E-09 5.1372E-09 5.3000E-09
4.2951E-10 4.6769E-10 5.0712E-10 6.2209E-10 6.9853E-10 7.7521E-10 8.1687E-10 8.8438E-10 9.4228E-10 1.0102E-09 1.0589E-09 1.1186E-09 1.1602E-09 1.2029E-09 1.2458E-09 1.2902E-09 1.3365E-09 1.3843E-09 1.4340E-09 1.4853E-09 1.5384E-09 1.5933E-09 1.6507E-09 1.7103E-09 1.7718E-09 1.8354E-09 1.9016E-09 1.9701E-09 2.0407E-09 2.1140E-09 2.1897E-09 2.2685E-09 2.3495E-09 2.4332E-09 2.5197E-09 2.6086E-09 2.7005E-09 2.7948E-09 2.8924E-09 2.9931E-09 3.0967E-09 3.2035E-09 3.3134E-09 3.4262E-09 3.5423E-09 3.6615E-09 3.7839E-09 3.9095E-09 4.0384E-09 4.1708E-09 4.3065E-09 4.4457E-09 4.5883E-09 4.7344E-09 4.8840E-09 5.0370E-09 5.1936E-09
4.3107E-10 4.6966E-10 5.1624E-10 6.2861E-10 6.9629E-10 7.7508E-10 8.2474E-10 8.7600E-10 9.3895E-10 1.0108E-09 1.0650E-09 1.1168E-09 1.1653E-09 1.2079E-09 1.2508E-09 1.2950E-09 1.3408E-09 1.3883E-09 1.4375E-09 1.4886E-09 1.5414E-09 1.5958E-09 1.6521E-09 1.7107E-09 1.7716E-09 1.8345E-09 1.8993E-09 1.9666E-09 2.0362E-09 2.1080E-09 2.1820E-09 2.2589E-09 2.3381E-09 2.4200E-09 2.5043E-09 2.5912E-09 2.6809E-09 2.7732E-09 2.8682E-09 2.9658E-09 3.0661E-09 3.1695E-09 3.2760E-09 3.3853E-09 3.4977E-09 3.6132E-09 3.7317E-09 3.8532E-09 3.9778E-09 4.1055E-09 4.2364E-09 4.3704E-09 4.5077E-09 4.6481E-09 4.7918E-09 4.9386E-09 5.0887E-09
4.3225E-10 4.6424E-10 5.1943E-10 6.3441E-10 7.0309E-10 7.7183E-10 8.2605E-10 8.8317E-10 9.3940E-10 9.9930E-10 1.0577E-09 1.1145E-09 1.1692E-09 1.2116E-09 1.2545E-09 1.2985E-09 1.3440E-09 1.3910E-09 1.4398E-09 1.4902E-09 1.5426E-09 1.5967E-09 1.6523E-09 1.7099E-09 1.7695E-09 1.8315E-09 1.8955E-09 1.9614E-09 2.0295E-09 2.1001E-09 2.1728E-09 2.2477E-09 2.3249E-09 2.4047E-09 2.4869E-09 2.5719E-09 2.6591E-09 2.7489E-09 2.8415E-09 2.9365E-09 3.0342E-09 3.1345E-09 3.2374E-09 3.3430E-09 3.4514E-09 3.5629E-09 3.6772E-09 3.7944E-09 3.9144E-09 4.0374E-09 4.1635E-09 4.2925E-09 4.4245E-09 4.5594E-09 4.6972E-09 4.8380E-09 4.9816E-09
4.3313E-10 4.6557E-10 5.2569E-10 6.2154E-10 7.0914E-10 7.6813E-10 8.2663E-10 8.8373E-10 9.2850E-10 9.9376E-10 1.0561E-09 1.1118E-09 1.1582E-09 1.2143E-09 1.2568E-09 1.3007E-09 1.3458E-09 1.3925E-09 1.4407E-09 1.4907E-09 1.5422E-09 1.5957E-09 1.6510E-09 1.7077E-09 1.7663E-09 1.8268E-09 1.8897E-09 1.9546E-09 2.0214E-09 2.0902E-09 2.1612E-09 2.2346E-09 2.3103E-09 2.3881E-09 2.4681E-09 2.5506E-09 2.6355E-09 2.7230E-09 2.8128E-09 2.9050E-09 2.9998E-09 3.0972E-09 3.1970E-09 3.2994E-09 3.4044E-09 3.5120E-09 3.6220E-09 3.7347E-09 3.8502E-09 3.9685E-09 4.0896E-09 4.2133E-09 4.3398E-09 4.4691E-09 4.6011E-09 4.7359E-09 4.8733E-09
4.3702E-10 4.7674E-10 5.4170E-10 6.3706E-10 7.0891E-10 7.7067E-10 8.4354E-10 8.8343E-10 9.3384E-10 9.9201E-10 1.0537E-09 1.1019E-09 1.1537E-09 1.2156E-09 1.2580E-09 1.3014E-09 1.3463E-09 1.3926E-09 1.4404E-09 1.4896E-09 1.5406E-09 1.5931E-09 1.6476E-09 1.7038E-09 1.7616E-09 1.8211E-09 1.8823E-09 1.9457E-09 2.0113E-09 2.0790E-09 2.1485E-09 2.2198E-09 2.2936E-09 2.3695E-09 2.4477E-09 2.5280E-09 2.6105E-09 2.6953E-09 2.7824E-09 2.8718E-09 2.9637E-09 3.0580E-09 3.1545E-09 3.2535E-09 3.3550E-09 3.4591E-09 3.5654E-09 3.6744E-09 3.7857E-09 3.8994E-09 4.0156E-09 4.1344E-09 4.2557E-09 4.3796E-09 4.5059E-09 4.6347E-09 4.7660E-09
4.3775E-10 4.8181E-10 5.4468E-10 6.4183E-10 7.1406E-10 7.6614E-10 8.3863E-10 8.8032E-10 9.2193E-10 9.7882E-10 1.0394E-09 1.0980E-09 1.1487E-09 1.2022E-09 1.2580E-09 1.3010E-09 1.3454E-09 1.3913E-09 1.4386E-09 1.4873E-09 1.5374E-09 1.5894E-09 1.6429E-09 1.6980E-09 1.7549E-09 1.8136E-09 1.8738E-09 1.9358E-09 1.9997E-09 2.0657E-09 2.1338E-09 2.2038E-09 2.2757E-09 2.3494E-09 2.4254E-09 2.5036E-09 2.5838E-09 2.6663E-09 2.7506E-09 2.8375E-09 2.9264E-09 3.0175E-09 3.1108E-09 3.2064E-09 3.3044E-09 3.4046E-09 3.5071E-09 3.6117E-09 3.7190E-09 3.8285E-09 3.9404E-09 4.0545E-09 4.1707E-09 4.2893E-09 4.4102E-09 4.5334E-09 4.6589E-09
4.3818E-10 4.7597E-10 5.4726E-10 6.4590E-10 7.1848E-10 7.6313E-10 8.2528E-10 8.7882E-10 9.1988E-10 9.7124E-10 1.0308E-09 1.0933E-09 1.1430E-09 1.1891E-09 1.2437E-09 1.2995E-09 1.3433E-09 1.3886E-09 1.4354E-09 1.4836E-09 1.5332E-09 1.5840E-09 1.6367E-09 1.6910E-09 1.7467E-09 1.8043E-09 1.8637E-09 1.9245E-09 1.9870E-09 2.0513E-09 2.1175E-09 2.1858E-09 2.2560E-09 2.3281E-09 2.4020E-09 2.4778E-09 2.5556E-09 2.6356E-09 2.7176E-09 2.8016E-09 2.8877E-09 2.9758E-09 3.0662E-09 3.1586E-09 3.2530E-09 3.3495E-09 3.4482E-09 3.5490E-09 3.6519E-09 3.7569E-09 3.8640E-09 3.9733E-09 4.0848E-09 4.1984E-09 4.3139E-09 4.4314E-09 4.5510E-09
4.2878E-10 4.8313E-10 5.4938E-10 6.3951E-10 7.1501E-10 7.6697E-10 8.1937E-10 8.7208E-10 9.2317E-10 9.6773E-10 1.0154E-09 1.0768E-09 1.1366E-09 1.1883E-09 1.2420E-09 1.2902E-09 1.3402E-09 1.3849E-09 1.4309E-09 1.4784E-09 1.5274E-09 1.5776E-09 1.6292E-09 1.6825E-09 1.7373E-09 1.7936E-09 1.8517E-09 1.9115E-09 1.9729E-09 2.0358E-09 2.1003E-09 2.1667E-09 2.2348E-09 2.3050E-09 2.3771E-09 2.4509E-09 2.5266E-09 2.6039E-09 2.6832E-09 2.7645E-09 2.8479E-09 2.9332E-09 3.0203E-09 3.1095E-09 3.2005E-09 3.2937E-09 3.3888E-09 3.4857E-09 3.5846E-09 3.6855E-09 3.7884E-09 3.8932E-09 3.9998E-09 4.1081E-09 4.2186E-09 4.3309E-09 4.4451E-09
4.1932E-10 4.8374E-10 5.5112E-10 6.4234E-10 7.1051E-10 7.6068E-10 8.2272E-10 8.6482E-10 9.1976E-10 9.6377E-10 1.0164E-09 1.0771E-09 1.1231E-09 1.1737E-09 1.2263E-09 1.2803E-09 1.3293E-09 1.3799E-09 1.4253E-09 1.4720E-09 1.5202E-09 1.5698E-09 1.6207E-09 1.6729E-09 1.7266E-09 1.7819E-09 1.8388E-09 1.8969E-09 1.9570E-09 2.0187E-09 2.0819E-09 2.1466E-09 2.2130E-09 2.2810E-09 2.3507E-09 2.4224E-09 2.4960E-09 2.5712E-09 2.6483E-09 2.7269E-09 2.8073E-09 2.8896E-09 2.9736E-09 3.0597E-09 3.1475E-09 3.2371E-09 3.3286E-09 3.4218E-09 3.5169E-09 3.6137E-09 3.7122E-09 3.8125E-09 3.9146E-09 4.0185E-09 4.1241E-09 4.2312E-09 4.3399E-09
4.1904E-10 4.8448E-10 5.4549E-10 6.3732E-10 7.1299E-10 7.5580E-10 8.1566E-10 8.6705E-10 9.0291E-10 9.5493E-10 1.0003E-09 1.0594E-09 1.1105E-09 1.1712E-09 1.2231E-09 1.2629E-09 1.3175E-09 1.3674E-09 1.4187E-09 1.4647E-09 1.5120E-09 1.5606E-09 1.6106E-09 1.6622E-09 1.7149E-09 1.7688E-09 1.8245E-09 1.8816E-09 1.9401E-09 2.0001E-09 2.0618E-09 2.1251E-09 2.1898E-09 2.2560E-09 2.3238E-09 2.3933E-09 2.4644E-09 2.5372E-09 2.6118E-09 2.6881E-09 2.7661E-09 2.8457E-09 2.9268E-09 3.0096E-09 3.0941E-09 3.1802E-09 3.2681E-09 3.3576E-09 3.4488E-09 3.5417E-09 3.6362E-09 3.7324E-09 3.8300E-09 3.9291E-09 4.0299E-09 4.1321E-09 4.2359E-09
4.1854E-10 4.8472E-10 5.4648E-10 6.3905E-10 7.0780E-10 7.5767E-10 8.1760E-10 8.5085E-10 9.0409E-10 9.4970E-10 9.9447E-10 1.0418E-09 1.1024E-09 1.1555E-09 1.2061E-09 1.2582E-09 1.3053E-09 1.3607E-09 1.4110E-09 1.4562E-09 1.5028E-09 1.5506E-09 1.5996E-09 1.6500E-09 1.7019E-09 1.7550E-09 1.8092E-09 1.8649E-09 1.9221E-09 1.9808E-09 2.0407E-09 2.1022E-09 2.1654E-09 2.2299E-09 2.2960E-09 2.3634E-09 2.4324E-09 2.5029E-09 2.5749E-09 2.6485E-09 2.7237E-09 2.8006E-09 2.8791E-09 2.9590E-09 3.0406E-09 3.1236E-09 3.2080E-09 3.2939E-09 3.3814E-09 3.4704E-09 3.5608E-09 3.6526E-09 3.7460E-09 3.8407E-09 3.9369E-09 4.0344E-09 4.1331E-09
4.0864E-10 4.8465E-10 5.4713E-10 6.4019E-10 7.0903E-10 7.5128E-10 8.0196E-10 8.4212E-10 8.9446E-10 9.4957E-10 9.9386E-10 1.0402E-09 1.0891E-09 1.1405E-09 1.1890E-09 1.2398E-09 1.2924E-09 1.3401E-09 1.3961E-09 1.4470E-09 1.4926E-09 1.5395E-09 1.5876E-09 1.6370E-09 1.6877E-09 1.7397E-09 1.7931E-09 1.8476E-09 1.9031E-09 1.9603E-09 2.0189E-09 2.0789E-09 2.1400E-09 2.2027E-09 2.2669E-09 2.3326E-09 2.3995E-09 2.4679E-09 2.5376E-09 2.6088E-09 2.6814E-09 2.7554E-09 2.8309E-09 2.9078E-09 2.9863E-09 3.0662E-09 3.1475E-09 3.2301E-09 3.3141E-09 3.3995E-09 3.4862E-09 3.5742E-09 3.6635E-09 3.7539E-09 3.8456E-09 3.9386E-09 4.0327E-09
4.0772E-10 4.7778E-10 5.4044E-10 6.3121E-10 6.9209E-10 7.4477E-10 8.0274E-10 8.4255E-10 8.8441E-10 9.3042E-10 9.7662E-10 1.0219E-09 1.0693E-09 1.1303E-09 1.1836E-09 1.2338E-09 1.2790E-09 1.3257E-09 1.3739E-09 1.4303E-09 1.4816E-09 1.5277E-09 1.5748E-09 1.6231E-09 1.6728E-09 1.7235E-09 1.7756E-09 1.8290E-09 1.8836E-09 1.9394E-09 1.9962E-09 2.0545E-09 2.1142E-09 2.1752E-09 2.2373E-09 2.3006E-09 2.3654E-09 2.4315E-09 2.4989E-09 2.5676E-09 2.6377E-09 2.7091E-09 2.7818E-09 2.8559E-09 2.9312E-09 3.0079E-09 3.0858E-09 3.1650E-09 3.2454E-09 3.3272E-09 3.4103E-09 3.4944E-09 3.5797E-09 3.6662E-09 3.7538E-09 3.8424E-09 3.9320E-09
4.1711E-10 4.7712E-10 5.4012E-10 6.2427E-10 6.8222E-10 7.4484E-10 7.9541E-10 8.4227E-10 8.7587E-10 9.1913E-10 9.6444E-10 1.0195E-09 1.0661E-09 1.1088E-09 1.1606E-09 1.2146E-09 1.2651E-09 1.3108E-09 1.3645E-09 1.4066E-09 1.4634E-09 1.5083E-09 1.5612E-09 1.6085E-09 1.6570E-09 1.7068E-09 1.7577E-09 1.8097E-09 1.8629E-09 1.9175E-09 1.9731E-09 2.0298E-09 2.0876E-09 2.1468E-09 2.2072E-09 2.2689E-09 2.3317E-09 2.3957E-09 2.4608E-09 2.5272E-09 2.5949E-09 2.6638E-09 2.7338E-09 2.8052E-09 2.8777E-09 2.9514E-09 3.0263E-09 3.1023E-09 3.1795E-09 3.2577E-09 3.3371E-09 3.4175E-09 3.4990E-09 3.5815E-09 3.6649E-09 3.7494E-09 3.8347E-09
4.1601E-10 4.7602E-10 5.4514E-10 6.2975E-10 6.8186E-10 7.4425E-10 7.8732E-10 8.2445E-10 8.6497E-10 9.0740E-10 9.6207E-10 1.0004E-09 1.0461E-09 1.0936E-09 1.1434E-09 1.2013E-09 1.2443E-09 1.2954E-09 1.3416E-09 1.3956E-09 1.4381E-09 1.4951E-09 1.5402E-09 1.5932E-09 1.6407E-09 1.6893E-09 1.7389E-09 1.7899E-09 1.8417E-09 1.8947E-09 1.9489E-09 2.0044E-09 2.0609E-09 2.1182E-09 2.1766E-09 2.2362E-09 2.2969E-09 2.3587E-09 2.4216E-09 2.4858E-09 2.5511E-09 2.6174E-09 2.6849E-09 2.7535E-09 2.8232E-09 2.8939E-09 2.9659E-09 3.0387E-09 3.1127E-09 3.1877E-09 3.2636E-09 3.3405E-09 3.4183E-09 3.4971E-09 3.5766E-09 3.6571E-09 3.7383E-09
4.0580E-10 4.5746E-10 5.3720E-10 6.2866E-10 6.7104E-10 7.3607E-10 7.8627E-10 8.2306E-10 8.6316E-10 9.0512E-10 9.4091E-10 9.8659E-10 1.0360E-09 1.0827E-09 1.1314E-09 1.1825E-09 1.2359E-09 1.2796E-09 1.3247E-09 1.3712E-09 1.4255E-09 1.4682E-09 1.5255E-09 1.5706E-09 1.6236E-09 1.6712E-09 1.7197E-09 1.7693E-09 1.8199E-09 1.8718E-09 1.9245E-09 1.9781E-09 2.0330E-09 2.0891E-09 2.1462E-09 2.2040E-09 2.2628E-09 2.3227E-09 2.3836E-09 2.4455E-09 2.5084E-09 2.5724E-09 2.6375E-09 2.7035E-09 2.7704E-09 2.8385E-09 2.9075E-09 2.9774E-09 3.0482E-09 3.1201E-09 3.1927E-09 3.2663E-09 3.3406E-09 3.4158E-09 3.4918E-09 3.5683E-09 3.6457E-09
4.0425E-10 4.4652E-10 5.3560E-10 6.1095E-10 6.6207E-10 7.2667E-10 7.7718E-10 8.2096E-10 8.5128E-10 8.8470E-10 9.2758E-10 9.8253E-10 1.0210E-09 1.0668E-09 1.1143E-09 1.1580E-09 1.2096E-09 1.2634E-09 1.3076E-09 1.3594E-09 1.3998E-09 1.4542E-09 1.4971E-09 1.5544E-09 1.5996E-09 1.6525E-09 1.6999E-09 1.7484E-09 1.7977E-09 1.8480E-09 1.8995E-09 1.9520E-09 2.0053E-09 2.0592E-09 2.1143E-09 2.1705E-09 2.2277E-09 2.2857E-09 2.3445E-09 2.4043E-09 2.4650E-09 2.5267E-09 2.5893E-09 2.6527E-09 2.7171E-09 2.7825E-09 2.8486E-09 2.9156E-09 2.9835E-09 3.0522E-09 3.1217E-09 3.1919E-09 3.2629E-09 3.3346E-09 3.4070E-09 3.4800E-09 3.5537E-09
4.0215E-10 4.4441E-10 5.1878E-10 5.9999E-10 6.5981E-10 7.1369E-10 7.7420E-10 8.0282E-10 8.4041E-10 8.8122E-10 9.2372E-10 9.5975E-10 1.0056E-09 1.0551E-09 1.1018E-09 1.1502E-09 1.1947E-09 1.2358E-09 1.2900E-09 1.3345E-09 1.3865E-09 1.4271E-09 1.4817E-09 1.5245E-09 1.5817E-09 1.6270E-09 1.6730E-09 1.7268E-09 1.7751E-09 1.8243E-09 1.8742E-09 1.9250E-09 1.9770E-09 2.0299E-09 2.0835E-09 2.1378E-09 2.1929E-09 2.2489E-09 2.3058E-09 2.3636E-09 2.4221E-09 2.4815E-09 2.5417E-09 2.6028E-09 2.6648E-09 2.7274E-09 2.7907E-09 2.8550E-09 2.9201E-09 2.9857E-09 3.0521E-09 3.1192E-09 3.1870E-09 3.2553E-09 3.3242E-09 3.3938E-09 3.4638E-09
3.9137E-10 4.3290E-10 5.1612E-10 5.9056E-10 6.5686E-10 7.0050E-10 7.5642E-10 7.9911E-10 8.3631E-10 8.7663E-10 9.0901E-10 9.4457E-10 9.8971E-10 1.0281E-09 1.0784E-09 1.1257E-09 1.1747E-09 1.2257E-09 1.2724E-09 1.3156E-09 1.3604E-09 1.4124E-09 1.4531E-09 1.5077E-09 1.5504E-09 1.6076E-09 1.6527E-09 1.6986E-09 1.7520E-09 1.7999E-09 1.8487E-09 1.8983E-09 1.9485E-09 1.9997E-09 2.0520E-09 2.1050E-09 2.1588E-09 2.2131E-09 2.2681E-09 2.3240E-09 2.3805E-09 2.4378E-09 2.4959E-09 2.5548E-09 2.6142E-09 2.6744E-09 2.7354E-09 2.7970E-09 2.8591E-09 2.9219E-09 2.9855E-09 3.0496E-09 3.1142E-09 3.1794E-09 3.2451E-09 3.3113E-09 3.3779E-09
3.8920E-10 4.2315E-10 5.0376E-10 5.7871E-10 6.3705E-10 6.8960E-10 7.5222E-10 7.8750E-10 8.2402E-10 8.5471E-10 8.9585E-10 9.3865E-10 9.7498E-10 1.0211E-09 1.0706E-09 1.1068E-09 1.1489E-09 1.1984E-09 1.2498E-09 1.2969E-09 1.3465E-09 1.3850E-09 1.4371E-09 1.4778E-09 1.5323E-09 1.5751E-09 1.6254E-09 1.6766E-09 1.7224E-09 1.7688E-09 1.8228E-09 1.8710E-09 1.9202E-09 1.9701E-09 2.0204E-09 2.0714E-09 2.1232E-09 2.1757E-09 2.2289E-09 2.2828E-09 2.3374E-09 2.3927E-09 2.4486E-09 2.5051E-09 2.5623E-09 2.6202E-09 2.6786E-09 2.7375E-09 2.7970E-09 2.8572E-09 2.9179E-09 2.9789E-09 3.0405E-09 3.1027E-09 3.1653E-09 3.2282E-09 3.2914E-09
3.7859E-10 4.2071E-10 5.0088E-10 5.7538E-10 6.3330E-10 6.7570E-10 7.3731E-10 7.8246E-10 8.1136E-10 8.4906E-10 8.8983E-10 9.2254E-10 9.5825E-10 1.0034E-09 1.0419E-09 1.0920E-09 1.1392E-09 1.1820E-09 1.2212E-09 1.2730E-09 1.3203E-09 1.3699E-09 1.4085E-09 1.4606E-09 1.5011E-09 1.5556E-09 1.5981E-09 1.6481E-09 1.6990E-09 1.7443E-09 1.7904E-09 1.8438E-09 1.8913E-09 1.9398E-09 1.9891E-09 2.0390E-09 2.0893E-09 2.1402E-09 2.1917E-09 2.2439E-09 2.2967E-09 2.3500E-09 2.4040E-09 2.4585E-09 2.5136E-09 2.5692E-09 2.6253E-09 2.6819E-09 2.7391E-09 2.7966E-09 2.8545E-09 2.9130E-09 2.9719E-09 3.0311E-09 3.0905E-09 3.1504E-09 3.2107E-09
3.7627E-10 4.0933E-10 4.8865E-10 5.6547E-10 6.1349E-10 6.7139E-10 7.3243E-10 7.6986E-10 8.0569E-10 8.4294E-10 8.7392E-10 9.0777E-10 9.5080E-10 9.8726E-10 1.0333E-09 1.0724E-09 1.1128E-09 1.1605E-09 1.2036E-09 1.2541E-09 1.2952E-09 1.3427E-09 1.3922E-09 1.4308E-09 1.4828E-09 1.5232E-09 1.5710E-09 1.6195E-09 1.6693E-09 1.7131E-09 1.7644E-09 1.8100E-09 1.8563E-09 1.9099E-09 1.9573E-09 2.0055E-09 2.0543E-09 2.1038E-09 2.1539E-09 2.2043E-09 2.2553E-09 2.3068E-09 2.3589E-09 2.4115E-09 2.4644E-09 2.5179E-09 2.5719E-09 2.6263E-09 2.6810E-09 2.7361E-09 2.7916E-09 2.8475E-09 2.9036E-09 2.9600E-09 3.0167E-09 3.0738E-09 3.1310E-09
