Assets/Resources/2015_m01_d11_0700(utc+0800)_l00_csi_1hr_conc.grd
DSAA
         159         159
     -79.000      79.000
     -79.000      79.000
  0.0000E+00  0.4818E-05
[rows 50 to 74 of 159, columns 57 to 113 of 159]
0.0000E+00 0.0000E+00 0.0000E+00 0.0000E+00 0.0000E+00 0.0000E+00 0.0000E+00 0.0000E+00 0.0000E+00 0.0000E+00 0.0000E+00 0.0000E+00 0.0000E+00 0.0000E+00 0.0000E+00 0.0000E+00 0.0000E+00 0.0000E+00 0.0000E+00 0.0000E+00 0.0000E+00 0.0000E+00 0.0000E+00 0.0000E+00 0.0000E+00 0.0000E+00 0.0000E+00 0.0000E+00 0.0000E+00 0.0000E+00 0.0000E+00 0.0000E+00 0.0000E+00 0.0000E+00 0.0000E+00 0.0000E+00 0.0000E+00 0.0000E+00 0.0000E+00 5.0089E-13 2.3674E-12 4.1815E-12 6.6277E-12 8.6763E-12 1.0346E-11 1.1995E-11 1.3058E-11 1.3684E-11 1.3597E-11 1.2607E-11 1.0817E-11 9.4181E-12 7.1232E-12 3.9525E-12 1.4040E-12 3.7579E-14 0.0000E+00
0.0000E+00 0.0000E+00 0.0000E+00 0.0000E+00 0.0000E+00 0.0000E+00 0.0000E+00 0.0000E+00 0.0000E+00 0.0000E+00 0.0000E+00 0.0000E+00 0.0000E+00 0.0000E+00 0.0000E+00 0.0000E+00 0.0000E+00 0.0000E+00 0.0000E+00 0.0000E+00 0.0000E+00 0.0000E+00 0.0000E+00 0.0000E+00 0.0000E+00 0.0000E+00 0.0000E+00 0.0000E+00 0.0000E+00 0.0000E+00 0.0000E+00 0.0000E+00 0.0000E+00 0.0000E+00 0.0000E+00 0.0000E+00 7.2702E-13 4.5591E-12 9.3821E-12 1.4841E-11 2.0209E-11 2.5696E-11 3.0595E-11 3.4720E-11 3.7877E-11 4.0114E-11 4.2547E-11 4.3149E-11 4.2861E-11 4.1668E-11 4.1525E-11 4.1222E-11 3.9080E-11 3.5196E-11 3.0882E-11 2.4471E-11 1.7484E-11
0.0000E+00 0.0000E+00 0.0000E+00 0.0000E+00 0.0000E+00 0.0000E+00 0.0000E+00 0.0000E+00 0.0000E+00 0.0000E+00 0.0000E+00 0.0000E+00 0.0000E+00 0.0000E+00 0.0000E+00 0.0000E+00 0.0000E+00 0.0000E+00 0.0000E+00 0.0000E+00 0.0000E+00 0.0000E+00 0.0000E+00 0.0000E+00 0.0000E+00 0.0000E+00 0.0000E+00 0.0000E+00 0.0000E+00 0.0000E+00 0.0000E+00 0.0000E+00 0.0000E+00 0.0000E+00 3.2640E-12 1.0923E-11 1.9245E-11 2.8821E-11 3.8368E-11 4.7569E-11 5.4934E-11 6.2054E-11 6.8405E-11 7.4519E-11 7.7784E-11 8.1918E-11 8.4181E-11 8.5393E-11 8.6819E-11 8.6966E-11 8.6043E-11 8.3487E-11 7.9309E-11 7.7598E-11 7.4255E-11 6.7018E-11 6.0287E-11
0.0000E+00 0.0000E+00 0.0000E+00 0.0000E+00 0.0000E+00 0.0000E+00 0.0000E+00 0.0000E+00 0.0000E+00 0.0000E+00 0.0000E+00 0.0000E+00 0.0000E+00 0.0000E+00 0.0000E+00 0.0000E+00 0.0000E+00 0.0000E+00 0.0000E+00 0.0000E+00 0.0000E+00 0.0000E+00 0.0000E+00 0.0000E+00 0.0000E+00 0.0000E+00 0.0000E+00 0.0000E+00 0.0000E+00 0.0000E+00 0.0000E+00 0.0000E+00 4.8647E-12 1.4025E-11 2.5320E-11 3.9217E-11 5.3260E-11 6.5335E-11 7.7365E-11 9.1576E-11 1.0488E-10 1.1803E-10 1.3004E-10 1.4071E-10 1.5027E-10 1.5883E-10 1.6450E-10 1.6666E-10 1.6889E-10 1.6849E-10 1.6482E-10 1.6088E-10 1.5610E-10 1.4735E-10 1.3705E-10 1.2436E-10 1.1127E-10
0.0000E+00 0.0000E+00 0.0000E+00 0.0000E+00 0.0000E+00 0.0000E+00 0.0000E+00 0.0000E+00 0.0000E+00 0.0000E+00 0.0000E+00 0.0000E+00 0.0000E+00 0.0000E+00 0.0000E+00 0.0000E+00 0.0000E+00 0.0000E+00 0.0000E+00 0.0000E+00 0.0000E+00 0.0000E+00 0.0000E+00 0.0000E+00 0.0000E+00 0.0000E+00 0.0000E+00 0.0000E+00 0.0000E+00 0.0000E+00 3.1191E-12 1.2712E-11 2.7804E-11 4.5168E-11 6.2489E-11 7.8319E-11 9.9050E-11 1.2319E-10 1.4768E-10 1.7193E-10 1.9357E-10 2.1313E-10 2.2894E-10 2.4601E-10 2.6111E-10 2.7318E-10 2.8106E-10 2.8406E-10 2.8451E-10 2.7949E-10 2.7692E-10 2.7099E-10 2.6139E-10 2.5252E-10 2.3943E-10 2.2066E-10 2.0211E-10
0.0000E+00 0.0000E+00 0.0000E+00 0.0000E+00 0.0000E+00 0.0000E+00 0.0000E+00 0.0000E+00 0.0000E+00 0.0000E+00 0.0000E+00 0.0000E+00 0.0000E+00 0.0000E+00 0.0000E+00 0.0000E+00 0.0000E+00 0.0000E+00 0.0000E+00 0.0000E+00 0.0000E+00 0.0000E+00 0.0000E+00 0.0000E+00 0.0000E+00 0.0000E+00 0.0000E+00 0.0000E+00 7.4857E-13 7.5540E-12 2.2498E-11 4.2309E-11 6.2040E-11 8.2758E-11 1.1155E-10 1.4433E-10 1.7986E-10 2.1730E-10 2.5411E-10 2.8798E-10 3.1938E-10 3.4802E-10 3.7713E-10 4.0503E-10 4.2801E-10 4.4285E-10 4.5080E-10 4.5546E-10 4.5551E-10 4.5023E-10 4.3783E-10 4.2600E-10 4.1089E-10 3.8775E-10 3.6590E-10 3.4014E-10 3.1029E-10
0.0000E+00 0.0000E+00 0.0000E+00 0.0000E+00 0.0000E+00 0.0000E+00 0.0000E+00 0.0000E+00 0.0000E+00 0.0000E+00 0.0000E+00 0.0000E+00 0.0000E+00 0.0000E+00 0.0000E+00 0.0000E+00 0.0000E+00 0.0000E+00 0.0000E+00 0.0000E+00 0.0000E+00 0.0000E+00 0.0000E+00 0.0000E+00 0.0000E+00 0.0000E+00 0.0000E+00 1.6192E-12 1.2287E-11 3.0470E-11 5.2879E-11 7.5745E-11 1.0637E-10 1.4598E-10 1.9273E-10 2.4473E-10 2.9532E-10 3.4510E-10 3.9863E-10 4.5153E-10 5.0119E-10 5.4729E-10 6.0024E-10 6.4468E-10 6.7521E-10 6.9452E-10 7.0328E-10 7.0193E-10 6.9500E-10 6.8579E-10 6.7207E-10 6.4892E-10 6.2309E-10 5.9455E-10 5.5630E-10 5.1463E-10 4.7737E-10
0.0000E+00 0.0000E+00 0.0000E+00 0.0000E+00 0.0000E+00 0.0000E+00 0.0000E+00 0.0000E+00 0.0000E+00 0.0000E+00 0.0000E+00 0.0000E+00 0.0000E+00 0.0000E+00 0.0000E+00 0.0000E+00 0.0000E+00 0.0000E+00 0.0000E+00 0.0000E+00 0.0000E+00 0.0000E+00 0.0000E+00 0.0000E+00 0.0000E+00 0.0000E+00 1.9817E-12 1.4930E-11 3.5567E-11 5.9786E-11 8.7788E-11 1.2901E-10 1.8242E-10 2.4299E-10 3.0709E-10 3.7655E-10 4.5637E-10 5.3806E-10 6.1913E-10 6.9719E-10 7.6867E-10 8.4582E-10 9.1884E-10 9.7830E-10 1.0158E-09 1.0359E-09 1.0447E-09 1.0400E-09 1.0229E-09 1.0014E-09 9.7418E-10 9.4250E-10 8.9942E-10 8.4768E-10 8.0244E-10 7.4826E-10 6.9114E-10
0.0000E+00 0.0000E+00 0.0000E+00 0.0000E+00 0.0000E+00 0.0000E+00 0.0000E+00 0.0000E+00 0.0000E+00 0.0000E+00 0.0000E+00 0.0000E+00 0.0000E+00 0.0000E+00 0.0000E+00 0.0000E+00 0.0000E+00 0.0000E+00 0.0000E+00 0.0000E+00 0.0000E+00 0.0000E+00 0.0000E+00 0.0000E+00 0.0000E+00 1.7410E-12 1.5090E-11 3.6958E-11 6.2250E-11 9.6378E-11 1.4762E-10 2.1387E-10 2.9033E-10 3.7799E-10 4.7993E-10 5.9096E-10 7.0809E-10 8.2549E-10 9.3301E-10 1.0328E-09 1.1475E-09 1.2624E-09 1.3662E-09 1.4401E-09 1.4901E-09 1.5126E-09 1.5165E-09 1.5013E-09 1.4785E-09 1.4404E-09 1.3944E-09 1.3382E-09 1.2815E-09 1.2113E-09 1.1309E-09 1.0577E-09 9.7830E-10
0.0000E+00 0.0000E+00 0.0000E+00 0.0000E+00 0.0000E+00 0.0000E+00 0.0000E+00 0.0000E+00 0.0000E+00 0.0000E+00 0.0000E+00 0.0000E+00 0.0000E+00 0.0000E+00 0.0000E+00 0.0000E+00 0.0000E+00 0.0000E+00 0.0000E+00 0.0000E+00 0.0000E+00 0.0000E+00 0.0000E+00 0.0000E+00 8.8257E-13 1.2777E-11 3.4960E-11 6.1212E-11 9.9909E-11 1.5881E-10 2.3839E-10 3.2991E-10 4.4401E-10 5.8108E-10 7.3320E-10 8.9551E-10 1.0565E-09 1.2171E-09 1.3713E-09 1.5370E-09 1.7070E-09 1.8673E-09 1.9952E-09 2.0803E-09 2.1335E-09 2.1506E-09 2.1427E-09 2.1162E-09 2.0672E-09 2.0110E-09 1.9382E-09 1.8594E-09 1.7697E-09 1.6757E-09 1.5769E-09 1.4673E-09 1.3664E-09
0.0000E+00 0.0000E+00 0.0000E+00 0.0000E+00 0.0000E+00 0.0000E+00 0.0000E+00 0.0000E+00 0.0000E+00 0.0000E+00 0.0000E+00 0.0000E+00 0.0000E+00 0.0000E+00 0.0000E+00 0.0000E+00 0.0000E+00 0.0000E+00 0.0000E+00 0.0000E+00 0.0000E+00 0.0000E+00 0.0000E+00 0.0000E+00 8.8931E-12 2.9695E-11 5.5552E-11 9.6944E-11 1.6139E-10 2.4847E-10 3.5574E-10 4.9641E-10 6.6605E-10 8.6183E-10 1.0769E-09 1.3059E-09 1.5429E-09 1.7753E-09 2.0154E-09 2.2604E-09 2.4976E-09 2.6897E-09 2.8421E-09 2.9348E-09 2.9803E-09 2.9905E-09 2.9671E-09 2.9163E-09 2.8478E-09 2.7539E-09 2.6525E-09 2.5301E-09 2.4089E-09 2.2718E-09 2.1293E-09 1.9878E-09 1.8448E-09
0.0000E+00 0.0000E+00 0.0000E+00 0.0000E+00 0.0000E+00 0.0000E+00 0.0000E+00 0.0000E+00 0.0000E+00 0.0000E+00 0.0000E+00 0.0000E+00 0.0000E+00 0.0000E+00 0.0000E+00 0.0000E+00 0.0000E+00 0.0000E+00 0.0000E+00 0.0000E+00 0.0000E+00 0.0000E+00 0.0000E+00 3.7166E-12 2.2290E-11 4.7604E-11 8.7079E-11 1.5158E-10 2.4197E-10 3.6239E-10 5.2190E-10 7.2569E-10 9.7048E-10 1.2547E-09 1.5683E-09 1.8993E-09 2.2292E-09 2.5786E-09 2.9284E-09 3.2697E-09 3.5726E-09 3.8016E-09 3.9648E-09 4.0644E-09 4.1013E-09 4.0849E-09 4.0360E-09 3.9537E-09 3.8396E-09 3.7107E-09 3.5601E-09 3.4024E-09 3.2191E-09 3.0478E-09 2.8568E-09 2.6649E-09 2.4761E-09
0.0000E+00 0.0000E+00 0.0000E+00 0.0000E+00 0.0000E+00 0.0000E+00 0.0000E+00 0.0000E+00 0.0000E+00 0.0000E+00 0.0000E+00 0.0000E+00 0.0000E+00 0.0000E+00 0.0000E+00 0.0000E+00 0.0000E+00 0.0000E+00 0.0000E+00 0.0000E+00 0.0000E+00 0.0000E+00 0.0000E+00 1.3201E-11 3.7252E-11 7.0625E-11 1.3088E-10 2.2185E-10 3.4552E-10 5.4213E-10 8.3488E-10 1.1847E-09 1.5802E-09 1.9903E-09 2.3914E-09 2.8093E-09 3.2374E-09 3.7372E-09 4.2289E-09 4.6714E-09 5.0168E-09 5.2792E-09 5.4381E-09 5.5145E-09 5.5272E-09 5.4756E-09 5.3782E-09 5.2538E-09 5.0912E-09 4.8995E-09 4.6986E-09 4.4717E-09 4.2458E-09 3.9912E-09 3.7486E-09 3.4994E-09 3.2486E-09
0.0000E+00 0.0000E+00 0.0000E+00 0.0000E+00 0.0000E+00 0.0000E+00 0.0000E+00 0.0000E+00 0.0000E+00 0.0000E+00 0.0000E+00 0.0000E+00 0.0000E+00 0.0000E+00 0.0000E+00 0.0000E+00 0.0000E+00 0.0000E+00 0.0000E+00 0.0000E+00 0.0000E+00 0.0000E+00 4.0985E-12 2.5325E-11 5.2892E-11 1.1935E-10 2.9545E-10 5.6783E-10 9.3428E-10 1.3969E-09 1.9190E-09 2.4403E-09 3.0044E-09 3.4643E-09 3.8629E-09 4.3586E-09 4.8847E-09 5.4752E-09 6.0731E-09 6.5427E-09 6.8956E-09 7.1408E-09 7.2925E-09 7.3535E-09 7.3152E-09 7.2218E-09 7.0633E-09 6.8750E-09 6.6479E-09 6.3969E-09 6.1130E-09 5.8236E-09 5.5057E-09 5.1904E-09 4.8632E-09 4.5389E-09 4.2218E-09
0.0000E+00 0.0000E+00 0.0000E+00 0.0000E+00 0.0000E+00 0.0000E+00 0.0000E+00 0.0000E+00 0.0000E+00 0.0000E+00 0.0000E+00 0.0000E+00 0.0000E+00 0.0000E+00 0.0000E+00 0.0000E+00 0.0000E+00 0.0000E+00 6.0610E-12 0.0000E+00 0.0000E+00 0.0000E+00 2.2956E-11 4.4312E-10 8.3359E-10 1.2554E-09 1.8091E-09 2.5134E-09 3.3517E-09 4.2065E-09 5.0597E-09 5.7345E-09 6.2664E-09 6.5821E-09 6.7371E-09 6.9813E-09 7.4820E-09 8.0405E-09 8.5538E-09 8.9880E-09 9.2918E-09 9.5071E-09 9.6151E-09 9.6178E-09 9.5380E-09 9.3607E-09 9.1382E-09 8.8560E-09 8.5448E-09 8.1977E-09 7.8347E-09 7.4473E-09 7.0468E-09 6.6332E-09 6.2233E-09 5.8137E-09 5.3966E-09
0.0000E+00 0.0000E+00 0.0000E+00 0.0000E+00 0.0000E+00 0.0000E+00 0.0000E+00 0.0000E+00 0.0000E+00 0.0000E+00 0.0000E+00 0.0000E+00 0.0000E+00 0.0000E+00 0.0000E+00 0.0000E+00 1.6368E-11 4.1415E-10 1.2679E-09 1.3006E-09 5.0294E-10 2.5147E-10 1.7921E-09 4.4055E-09 6.1904E-09 7.2737E-09 8.3220E-09 9.4407E-09 1.0779E-08 1.2069E-08 1.3014E-08 1.3524E-08 1.3450E-08 1.2887E-08 1.2114E-08 1.1595E-08 1.1385E-08 1.1579E-08 1.1825E-08 1.2083E-08 1.2299E-08 1.2425E-08 1.2450E-08 1.2376E-08 1.2196E-08 1.1948E-08 1.1616E-08 1.1232E-08 1.0824E-08 1.0381E-08 9.9064E-09 9.4140E-09 8.9038E-09 8.3800E-09 7.8458E-09 7.3241E-09 6.8169E-09
0.0000E+00 0.0000E+00 0.0000E+00 0.0000E+00 0.0000E+00 0.0000E+00 0.0000E+00 0.0000E+00 0.0000E+00 0.0000E+00 0.0000E+00 0.0000E+00 0.0000E+00 0.0000E+00 0.0000E+00 0.0000E+00 4.5293E-10 4.3779E-09 1.5130E-08 1.9929E-08 1.2126E-08 8.1210E-09 1.2851E-08 2.2606E-08 2.8672E-08 2.8875E-08 2.7462E-08 2.7647E-08 2.8396E-08 2.9464E-08 2.9678E-08 2.8938E-08 2.6889E-08 2.4360E-08 2.1361E-08 1.8878E-08 1.7176E-08 1.6295E-08 1.6008E-08 1.5930E-08 1.5919E-08 1.5903E-08 1.5839E-08 1.5663E-08 1.5386E-08 1.5014E-08 1.4578E-08 1.4078E-08 1.3532E-08 1.2963E-08 1.2364E-08 1.1747E-08 1.1101E-08 1.0444E-08 9.7994E-09 9.1529E-09 8.5064E-09
0.0000E+00 0.0000E+00 0.0000E+00 0.0000E+00 0.0000E+00 0.0000E+00 0.0000E+00 0.0000E+00 0.0000E+00 0.0000E+00 0.0000E+00 0.0000E+00 0.0000E+00 0.0000E+00 0.0000E+00 0.0000E+00 1.7391E-09 1.7687E-08 7.3195E-08 1.0790E-07 7.4469E-08 4.9956E-08 5.7513E-08 7.9234E-08 8.8834E-08 8.0641E-08 6.7623E-08 6.2162E-08 6.0037E-08 5.9386E-08 5.7182E-08 5.3859E-08 4.8244E-08 4.1974E-08 3.5367E-08 2.9278E-08 2.4885E-08 2.2355E-08 2.1037E-08 2.0494E-08 2.0259E-08 2.0048E-08 1.9817E-08 1.9510E-08 1.9093E-08 1.8593E-08 1.8003E-08 1.7358E-08 1.6674E-08 1.5957E-08 1.5213E-08 1.4442E-08 1.3663E-08 1.2861E-08 1.2049E-08 1.1263E-08 1.0492E-08
0.0000E+00 0.0000E+00 0.0000E+00 0.0000E+00 0.0000E+00 0.0000E+00 0.0000E+00 0.0000E+00 0.0000E+00 0.0000E+00 0.0000E+00 0.0000E+00 0.0000E+00 0.0000E+00 0.0000E+00 0.0000E+00 1.6318E-09 2.6758E-08 1.6091E-07 3.0109E-07 2.3381E-07 1.6717E-07 1.6426E-07 1.9318E-07 1.9461E-07 1.6329E-07 1.2553E-07 1.0941E-07 1.0214E-07 9.8835E-08 9.3571E-08 8.6880E-08 7.6683E-08 6.5487E-08 5.3707E-08 4.2783E-08 3.4433E-08 2.9601E-08 2.7102E-08 2.5830E-08 2.5240E-08 2.4798E-08 2.4360E-08 2.3892E-08 2.3318E-08 2.2655E-08 2.1916E-08 2.1103E-08 2.0250E-08 1.9380E-08 1.8472E-08 1.7541E-08 1.6576E-08 1.5608E-08 1.4642E-08 1.3681E-08 1.2748E-08
0.0000E+00 0.0000E+00 0.0000E+00 0.0000E+00 0.0000E+00 0.0000E+00 0.0000E+00 0.0000E+00 0.0000E+00 0.0000E+00 0.0000E+00 0.0000E+00 0.0000E+00 0.0000E+00 0.0000E+00 0.0000E+00 2.3652E-10 1.4454E-08 1.7889E-07 5.2579E-07 4.4572E-07 3.4261E-07 3.1609E-07 3.3212E-07 3.1908E-07 2.5514E-07 1.8582E-07 1.5640E-07 1.4525E-07 1.3972E-07 1.3236E-07 1.2296E-07 1.0882E-07 9.2351E-08 7.5049E-08 5.8265E-08 4.5627E-08 3.7871E-08 3.3900E-08 3.1913E-08 3.0851E-08 3.0133E-08 2.9479E-08 2.8803E-08 2.8054E-08 2.7224E-08 2.6307E-08 2.5322E-08 2.4283E-08 2.3222E-08 2.2133E-08 2.0998E-08 1.9868E-08 1.8710E-08 1.7547E-08 1.6412E-08 1.5294E-08
0.0000E+00 0.0000E+00 0.0000E+00 0.0000E+00 0.0000E+00 0.0000E+00 0.0000E+00 0.0000E+00 0.0000E+00 0.0000E+00 0.0000E+00 0.0000E+00 0.0000E+00 0.0000E+00 0.0000E+00 0.0000E+00 0.0000E+00 5.7463E-10 8.4739E-08 6.4485E-07 6.5399E-07 4.9976E-07 4.4409E-07 4.3668E-07 4.2304E-07 3.3685E-07 2.3686E-07 1.9237E-07 1.8063E-07 1.7405E-07 1.6714E-07 1.5649E-07 1.4117E-07 1.2004E-07 9.8041E-08 7.5396E-08 5.7951E-08 4.7109E-08 4.1353E-08 3.8501E-08 3.7030E-08 3.5974E-08 3.5068E-08 3.4210E-08 3.3270E-08 3.2239E-08 3.1129E-08 2.9945E-08 2.8698E-08 2.7460E-08 2.6155E-08 2.4839E-08 2.3488E-08 2.2143E-08 2.0781E-08 1.9450E-08 1.8158E-08
0.0000E+00 0.0000E+00 0.0000E+00 0.0000E+00 0.0000E+00 0.0000E+00 0.0000E+00 0.0000E+00 0.0000E+00 0.0000E+00 0.0000E+00 0.0000E+00 0.0000E+00 0.0000E+00 0.0000E+00 0.0000E+00 0.0000E+00 0.0000E+00 1.4349E-08 5.3283E-07 9.0229E-07 6.3159E-07 5.2894E-07 5.0062E-07 4.9588E-07 4.1358E-07 2.8275E-07 2.1599E-07 2.0687E-07 1.9901E-07 1.9516E-07 1.8453E-07 1.7115E-07 1.4748E-07 1.2184E-07 9.4124E-08 7.1214E-08 5.7057E-08 4.9374E-08 4.5572E-08 4.3632E-08 4.2274E-08 4.1110E-08 4.0004E-08 3.8881E-08 3.7662E-08 3.6345E-08 3.4944E-08 3.3486E-08 3.2011E-08 3.0523E-08 2.8985E-08 2.7444E-08 2.5868E-08 2.4324E-08 2.2783E-08 2.1278E-08
0.0000E+00 0.0000E+00 0.0000E+00 0.0000E+00 0.0000E+00 0.0000E+00 0.0000E+00 0.0000E+00 0.0000E+00 0.0000E+00 0.0000E+00 0.0000E+00 0.0000E+00 0.0000E+00 0.0000E+00 0.0000E+00 0.0000E+00 0.0000E+00 0.0000E+00 2.3482E-07 1.2095E-06 7.3308E-07 6.0761E-07 5.4975E-07 5.4211E-07 5.0184E-07 3.4379E-07 2.3657E-07 2.2792E-07 2.1767E-07 2.1761E-07 2.0744E-07 1.9787E-07 1.7436E-07 1.4599E-07 1.1393E-07 8.6160E-08 6.7611E-08 5.7854E-08 5.3142E-08 5.0678E-08 4.8927E-08 4.7500E-08 4.6153E-08 4.4789E-08 4.3347E-08 4.1799E-08 4.0196E-08 3.8535E-08 3.6862E-08 3.5135E-08 3.3412E-08 3.1653E-08 2.9892E-08 2.8106E-08 2.6377E-08 2.4682E-08
0.0000E+00 0.0000E+00 0.0000E+00 0.0000E+00 0.0000E+00 0.0000E+00 0.0000E+00 0.0000E+00 0.0000E+00 0.0000E+00 0.0000E+00 0.0000E+00 0.0000E+00 0.0000E+00 0.0000E+00 0.0000E+00 0.0000E+00 0.0000E+00 0.0000E+00 3.4386E-08 1.4797E-06 8.2090E-07 6.8865E-07 5.9024E-07 5.8295E-07 5.8888E-07 4.3047E-07 2.6035E-07 2.4594E-07 2.3593E-07 2.3650E-07 2.2812E-07 2.2163E-07 2.0183E-07 1.7125E-07 1.3569E-07 1.0205E-07 7.9573E-08 6.6828E-08 6.1021E-08 5.8030E-08 5.5877E-08 5.4109E-08 5.2495E-08 5.0853E-08 4.9137E-08 4.7406E-08 4.5572E-08 4.3718E-08 4.1855E-08 3.9944E-08 3.7995E-08 3.6039E-08 3.4079E-08 3.2112E-08 3.0171E-08 2.8273E-08
0.0000E+00 0.0000E+00 0.0000E+00 0.0000E+00 0.0000E+00 0.0000E+00 0.0000E+00 0.0000E+00 0.0000E+00 0.0000E+00 0.0000E+00 0.0000E+00 0.0000E+00 0.0000E+00 0.0000E+00 0.0000E+00 0.0000E+00 0.0000E+00 0.0000E+00 0.0000E+00 9.7187E-07 1.0847E-06 7.8643E-07 6.5742E-07 6.2203E-07 6.2810E-07 5.3900E-07 2.9955E-07 2.6952E-07 2.6175E-07 2.5634E-07 2.4998E-07 2.4288E-07 2.3072E-07 1.9867E-07 1.6115E-07 1.2044E-07 9.2797E-08 7.6659E-08 6.9182E-08 6.5597E-08 6.3032E-08 6.0807E-08 5.8766E-08 5.6790E-08 5.4877E-08 5.2931E-08 5.0926E-08 4.8902E-08 4.6853E-08 4.4772E-08 4.2658E-08 4.0527E-08 3.8388E-08 3.6224E-08 3.4100E-08 3.2018E-08
