Assets/Resources/2015_m01_d30_0300(utc+0800)_l00_csi_1hr_conc.grd
DSAA
         159         159
     -79.000      79.000
     -79.000      79.000
  0.0000E+00  0.2503E-05
[rows 50 to 74 of 159, columns 57 to 113 of 159]
0.0000E+00 0.0000E+00 0.0000E+00 0.0000E+00 0.0000E+00 0.0000E+00 0.0000E+00 0.0000E+00 0.0000E+00 0.0000E+00 0.0000E+00 0.0000E+00 0.0000E+00 0.0000E+00 0.0000E+00 0.0000E+00 0.0000E+00 0.0000E+00 0.0000E+00 0.0000E+00 0.0000E+00 0.0000E+00 0.0000E+00 0.0000E+00 1.6831E-12 1.7963E-11 5.8506E-11 1.3114E-10 3.3887E-10 8.1726E-10 1.4291E-09 2.2451E-09 3.1589E-09 4.1275E-09 5.1957E-09 6.2581E-09 7.3506E-09 8.4635E-09 9.4795E-09 1.0444E-08 1.1260E-08 1.1968E-08 1.2606E-08 1.3206E-08 1.3791E-08 1.4359E-08 1.4934E-08 1.5526E-08 1.6131E-08 1.6932E-08 1.8307E-08 1.9430E-08 2.0496E-08 2.1639E-08 2.2887E-08 2.4228E-08 2.5671E-08
0.0000E+00 0.0000E+00 0.0000E+00 0.0000E+00 0.0000E+00 0.0000E+00 0.0000E+00 0.0000E+00 0.0000E+00 0.0000E+00 0.0000E+00 0.0000E+00 0.0000E+00 0.0000E+00 0.0000E+00 0.0000E+00 0.0000E+00 0.0000E+00 0.0000E+00 0.0000E+00 0.0000E+00 0.0000E+00 0.0000E+00 0.0000E+00 7.0358E-12 3.7462E-11 1.1625E-10 2.6729E-10 6.8574E-10 1.2513E-09 2.1884E-09 3.3089E-09 4.6072E-09 6.0900E-09 7.5597E-09 9.0190E-09 1.0520E-08 1.1910E-08 1.3086E-08 1.4108E-08 1.4909E-08 1.5540E-08 1.6071E-08 1.6550E-08 1.6985E-08 1.7393E-08 1.7796E-08 1.8219E-08 1.8658E-08 1.9292E-08 2.0436E-08 2.1445E-08 2.2350E-08 2.3347E-08 2.4440E-08 2.5637E-08 2.6930E-08
0.0000E+00 0.0000E+00 0.0000E+00 0.0000E+00 0.0000E+00 0.0000E+00 0.0000E+00 0.0000E+00 0.0000E+00 0.0000E+00 0.0000E+00 0.0000E+00 0.0000E+00 0.0000E+00 0.0000E+00 0.0000E+00 0.0000E+00 0.0000E+00 0.0000E+00 0.0000E+00 0.0000E+00 0.0000E+00 0.0000E+00 9.4491E-13 1.8062E-11 7.6609E-11 1.9909E-10 4.5978E-10 9.4745E-10 1.9265E-09 3.1686E-09 4.8467E-09 6.7520E-09 8.7715E-09 1.0835E-08 1.2858E-08 1.4785E-08 1.6423E-08 1.7710E-08 1.8718E-08 1.9426E-08 1.9893E-08 2.0230E-08 2.0480E-08 2.0677E-08 2.0840E-08 2.1009E-08 2.1189E-08 2.1408E-08 2.1741E-08 2.2711E-08 2.3535E-08 2.4240E-08 2.5042E-08 2.5955E-08 2.6974E-08 2.8089E-08
0.0000E+00 0.0000E+00 0.0000E+00 0.0000E+00 0.0000E+00 0.0000E+00 0.0000E+00 0.0000E+00 0.0000E+00 0.0000E+00 0.0000E+00 0.0000E+00 0.0000E+00 0.0000E+00 0.0000E+00 0.0000E+00 0.0000E+00 0.0000E+00 0.0000E+00 0.0000E+00 0.0000E+00 0.0000E+00 0.0000E+00 4.1043E-12 3.8427E-11 1.3642E-10 3.4395E-10 6.8671E-10 1.4634E-09 2.6650E-09 4.6732E-09 6.9663E-09 9.6977E-09 1.2567E-08 1.5376E-08 1.8067E-08 2.0388E-08 2.2186E-08 2.3463E-08 2.4311E-08 2.4802E-08 2.5007E-08 2.5035E-08 2.4951E-08 2.4801E-08 2.4644E-08 2.4508E-08 2.4393E-08 2.4319E-08 2.4387E-08 2.5043E-08 2.5536E-08 2.6124E-08 2.6700E-08 2.7395E-08 2.8197E-08 2.9112E-08
0.0000E+00 0.0000E+00 0.0000E+00 0.0000E+00 0.0000E+00 0.0000E+00 0.0000E+00 0.0000E+00 0.0000E+00 0.0000E+00 0.0000E+00 0.0000E+00 0.0000E+00 0.0000E+00 0.0000E+00 0.0000E+00 0.0000E+00 0.0000E+00 0.0000E+00 0.0000E+00 0.0000E+00 0.0000E+00 0.0000E+00 1.0073E-11 7.2833E-11 2.1987E-10 5.4069E-10 1.0464E-09 2.0058E-09 3.9796E-09 6.4874E-09 1.0006E-08 1.3763E-08 1.7700E-08 2.1471E-08 2.4790E-08 2.7378E-08 2.9207E-08 3.0315E-08 3.0869E-08 3.0985E-08 3.0763E-08 3.0351E-08 2.9820E-08 2.9248E-08 2.8696E-08 2.8196E-08 2.7729E-08 2.7324E-08 2.6989E-08 2.7170E-08 2.7615E-08 2.7942E-08 2.8270E-08 2.8709E-08 2.9285E-08 2.9963E-08
0.0000E+00 0.0000E+00 0.0000E+00 0.0000E+00 0.0000E+00 0.0000E+00 0.0000E+00 0.0000E+00 0.0000E+00 0.0000E+00 0.0000E+00 0.0000E+00 0.0000E+00 0.0000E+00 0.0000E+00 0.0000E+00 0.0000E+00 0.0000E+00 0.0000E+00 0.0000E+00 0.0000E+00 0.0000E+00 0.0000E+00 2.0363E-11 1.1960E-10 3.3543E-10 7.5507E-10 1.5025E-09 2.8403E-09 5.4949E-09 9.3007E-09 1.4090E-08 1.9449E-08 2.4705E-08 2.9491E-08 3.3283E-08 3.5892E-08 3.7462E-08 3.8132E-08 3.8181E-08 3.7766E-08 3.6969E-08 3.5972E-08 3.4902E-08 3.3838E-08 3.2845E-08 3.1913E-08 3.1072E-08 3.0305E-08 2.9629E-08 2.9484E-08 2.9605E-08 2.9641E-08 2.9682E-08 2.9854E-08 3.0175E-08 3.0610E-08
0.0000E+00 0.0000E+00 0.0000E+00 0.0000E+00 0.0000E+00 0.0000E+00 0.0000E+00 0.0000E+00 0.0000E+00 0.0000E+00 0.0000E+00 0.0000E+00 0.0000E+00 0.0000E+00 0.0000E+00 0.0000E+00 0.0000E+00 0.0000E+00 0.0000E+00 0.0000E+00 0.0000E+00 0.0000E+00 0.0000E+00 3.6273E-11 1.7424E-10 4.5533E-10 1.0769E-09 2.0426E-09 3.9824E-09 7.5579E-09 1.3125E-08 1.9955E-08 2.7096E-08 3.3912E-08 3.9577E-08 4.3536E-08 4.5907E-08 4.6794E-08 4.6743E-08 4.5941E-08 4.4779E-08 4.3270E-08 4.1596E-08 3.9922E-08 3.8351E-08 3.6886E-08 3.5517E-08 3.4269E-08 3.3138E-08 3.2120E-08 3.1565E-08 3.1343E-08 3.1136E-08 3.0886E-08 3.0775E-08 3.0835E-08 3.1023E-08
0.0000E+00 0.0000E+00 0.0000E+00 0.0000E+00 0.0000E+00 0.0000E+00 0.0000E+00 0.0000E+00 0.0000E+00 0.0000E+00 0.0000E+00 0.0000E+00 0.0000E+00 0.0000E+00 0.0000E+00 0.0000E+00 0.0000E+00 0.0000E+00 0.0000E+00 0.0000E+00 0.0000E+00 0.0000E+00 0.0000E+00 5.3651E-11 2.3566E-10 6.4654E-10 1.3554E-09 2.6948E-09 5.1869E-09 1.0865E-08 1.8549E-08 2.8042E-08 3.7622E-08 4.5975E-08 5.1990E-08 5.5694E-08 5.7088E-08 5.6963E-08 5.5659E-08 5.3800E-08 5.1561E-08 4.9244E-08 4.6867E-08 4.4594E-08 4.2507E-08 4.0583E-08 3.8798E-08 3.7161E-08 3.5678E-08 3.4337E-08 3.3302E-08 3.2832E-08 3.2243E-08 3.1826E-08 3.1429E-08 3.1224E-08 3.1167E-08
0.0000E+00 0.0000E+00 0.0000E+00 0.0000E+00 0.0000E+00 0.0000E+00 0.0000E+00 0.0000E+00 0.0000E+00 0.0000E+00 0.0000E+00 0.0000E+00 0.0000E+00 0.0000E+00 0.0000E+00 0.0000E+00 0.0000E+00 0.0000E+00 0.0000E+00 0.0000E+00 0.0000E+00 0.0000E+00 0.0000E+00 6.8800E-11 3.0142E-10 7.8245E-10 1.7240E-09 3.3092E-09 7.7232E-09 1.5103E-08 2.6665E-08 3.9611E-08 5.1928E-08 6.1446E-08 6.7302E-08 6.9560E-08 6.9296E-08 6.7243E-08 6.4396E-08 6.1048E-08 5.7653E-08 5.4410E-08 5.1387E-08 4.8583E-08 4.6034E-08 4.3716E-08 4.1562E-08 3.9583E-08 3.7793E-08 3.6160E-08 3.4746E-08 3.3840E-08 3.3129E-08 3.2426E-08 3.1763E-08 3.1305E-08 3.1012E-08
0.0000E+00 0.0000E+00 0.0000E+00 0.0000E+00 0.0000E+00 0.0000E+00 0.0000E+00 0.0000E+00 0.0000E+00 0.0000E+00 0.0000E+00 0.0000E+00 0.0000E+00 0.0000E+00 0.0000E+00 0.0000E+00 0.0000E+00 0.0000E+00 0.0000E+00 0.0000E+00 0.0000E+00 0.0000E+00 0.0000E+00 8.0637E-11 3.5216E-10 9.1174E-10 2.0506E-09 4.5019E-09 1.0513E-08 2.2427E-08 3.8461E-08 5.6244E-08 7.1318E-08 8.1069E-08 8.5191E-08 8.4830E-08 8.1582E-08 7.6999E-08 7.1985E-08 6.7006E-08 6.2416E-08 5.8337E-08 5.4772E-08 5.1567E-08 4.8686E-08 4.6039E-08 4.3615E-08 4.1391E-08 3.9342E-08 3.7467E-08 3.5715E-08 3.4443E-08 3.3524E-08 3.2526E-08 3.1746E-08 3.1054E-08 3.0541E-08
0.0000E+00 0.0000E+00 0.0000E+00 0.0000E+00 0.0000E+00 0.0000E+00 0.0000E+00 0.0000E+00 0.0000E+00 0.0000E+00 0.0000E+00 0.0000E+00 0.0000E+00 0.0000E+00 0.0000E+00 0.0000E+00 0.0000E+00 0.0000E+00 0.0000E+00 0.0000E+00 0.0000E+00 0.0000E+00 0.0000E+00 8.9027E-11 3.7903E-10 1.0185E-09 2.4583E-09 5.7627E-09 1.5951E-08 3.3540E-08 5.7122E-08 8.0214E-08 9.7211E-08 1.0508E-07 1.0509E-07 1.0011E-07 9.2719E-08 8.4982E-08 7.7537E-08 7.1000E-08 6.5331E-08 6.0664E-08 5.6713E-08 5.3294E-08 5.0221E-08 4.7407E-08 4.4815E-08 4.2436E-08 4.0234E-08 3.8161E-08 3.6209E-08 3.4564E-08 3.3518E-08 3.2333E-08 3.1346E-08 3.0452E-08 2.9759E-08
0.0000E+00 0.0000E+00 0.0000E+00 0.0000E+00 0.0000E+00 0.0000E+00 0.0000E+00 0.0000E+00 0.0000E+00 0.0000E+00 0.0000E+00 0.0000E+00 0.0000E+00 0.0000E+00 0.0000E+00 0.0000E+00 0.0000E+00 0.0000E+00 0.0000E+00 0.0000E+00 0.0000E+00 0.0000E+00 0.0000E+00 8.8236E-11 3.7998E-10 1.0829E-09 2.8822E-09 7.9518E-09 2.4454E-08 5.2786E-08 8.6027E-08 1.1429E-07 1.2953E-07 1.3193E-07 1.2473E-07 1.1306E-07 1.0086E-07 8.9550E-08 8.0117E-08 7.2245E-08 6.6084E-08 6.1047E-08 5.7052E-08 5.3635E-08 5.0514E-08 4.7698E-08 4.5086E-08 4.2645E-08 4.0363E-08 3.8175E-08 3.6090E-08 3.4222E-08 3.2860E-08 3.1705E-08 3.0556E-08 2.9511E-08 2.8662E-08
0.0000E+00 0.0000E+00 0.0000E+00 0.0000E+00 0.0000E+00 0.0000E+00 0.0000E+00 0.0000E+00 0.0000E+00 0.0000E+00 0.0000E+00 0.0000E+00 0.0000E+00 0.0000E+00 0.0000E+00 0.0000E+00 0.0000E+00 0.0000E+00 0.0000E+00 0.0000E+00 0.0000E+00 0.0000E+00 0.0000E+00 7.7085E-11 3.5388E-10 1.1303E-09 3.5168E-09 1.4345E-08 4.1447E-08 8.6317E-08 1.3108E-07 1.5907E-07 1.6632E-07 1.5682E-07 1.3970E-07 1.2057E-07 1.0350E-07 8.9754E-08 7.8829E-08 7.0633E-08 6.4359E-08 5.9529E-08 5.5693E-08 5.2513E-08 4.9564E-08 4.6859E-08 4.4365E-08 4.1996E-08 3.9698E-08 3.7478E-08 3.5339E-08 3.3323E-08 3.1766E-08 3.0535E-08 2.9275E-08 2.8239E-08 2.7271E-08
0.0000E+00 0.0000E+00 0.0000E+00 0.0000E+00 0.0000E+00 0.0000E+00 0.0000E+00 0.0000E+00 0.0000E+00 0.0000E+00 0.0000E+00 0.0000E+00 0.0000E+00 0.0000E+00 0.0000E+00 0.0000E+00 0.0000E+00 0.0000E+00 0.0000E+00 0.0000E+00 0.0000E+00 0.0000E+00 0.0000E+00 5.9588E-11 3.0789E-10 1.0478E-09 5.4846E-09 2.4348E-08 7.5898E-08 1.4483E-07 1.9527E-07 2.1080E-07 1.9821E-07 1.7241E-07 1.4378E-07 1.1887E-07 9.9036E-08 8.4352E-08 7.3673E-08 6.5924E-08 6.0376E-08 5.6117E-08 5.2784E-08 5.0025E-08 4.7434E-08 4.5023E-08 4.2719E-08 4.0474E-08 3.8265E-08 3.6085E-08 3.3974E-08 3.1965E-08 3.0226E-08 2.8942E-08 2.7759E-08 2.6652E-08 2.5633E-08
0.0000E+00 0.0000E+00 0.0000E+00 0.0000E+00 0.0000E+00 0.0000E+00 0.0000E+00 0.0000E+00 0.0000E+00 0.0000E+00 0.0000E+00 0.0000E+00 0.0000E+00 0.0000E+00 0.0000E+00 0.0000E+00 0.0000E+00 0.0000E+00 0.0000E+00 0.0000E+00 0.0000E+00 0.0000E+00 0.0000E+00 4.0835E-11 2.5156E-10 9.6575E-10 7.8092E-09 5.0943E-08 1.4742E-07 2.3938E-07 2.7116E-07 2.5292E-07 2.1183E-07 1.6877E-07 1.3277E-07 1.0600E-07 8.6973E-08 7.3915E-08 6.4958E-08 5.8764E-08 5.4456E-08 5.1169E-08 4.8626E-08 4.6381E-08 4.4261E-08 4.2244E-08 4.0218E-08 3.8182E-08 3.6134E-08 3.4063E-08 3.2050E-08 3.0115E-08 2.8268E-08 2.7007E-08 2.5814E-08 2.4706E-08 2.3774E-08
0.0000E+00 0.0000E+00 0.0000E+00 0.0000E+00 0.0000E+00 0.0000E+00 0.0000E+00 0.0000E+00 0.0000E+00 0.0000E+00 0.0000E+00 0.0000E+00 0.0000E+00 0.0000E+00 0.0000E+00 0.0000E+00 0.0000E+00 0.0000E+00 0.0000E+00 0.0000E+00 0.0000E+00 0.0000E+00 0.0000E+00 2.5280E-11 1.8949E-10 1.2240E-09 1.8370E-08 1.2265E-07 2.8910E-07 3.5570E-07 3.2637E-07 2.5848E-07 1.9330E-07 1.4219E-07 1.0704E-07 8.3945E-08 6.9342E-08 5.9999E-08 5.3991E-08 4.9992E-08 4.7290E-08 4.5135E-08 4.3487E-08 4.1890E-08 4.0346E-08 3.8744E-08 3.7031E-08 3.5252E-08 3.3396E-08 3.1512E-08 2.9662E-08 2.7853E-08 2.6118E-08 2.4658E-08 2.3539E-08 2.2603E-08 2.1636E-08
0.0000E+00 0.0000E+00 0.0000E+00 0.0000E+00 0.0000E+00 0.0000E+00 0.0000E+00 0.0000E+00 0.0000E+00 0.0000E+00 0.0000E+00 0.0000E+00 0.0000E+00 0.0000E+00 0.0000E+00 0.0000E+00 0.0000E+00 0.0000E+00 0.0000E+00 0.0000E+00 0.0000E+00 0.0000E+00 0.0000E+00 1.1162E-11 1.2297E-10 2.4113E-09 6.4892E-08 3.1393E-07 4.7060E-07 4.1782E-07 3.0621E-07 2.1183E-07 1.4400E-07 1.0020E-07 7.3858E-08 5.8696E-08 5.0160E-08 4.5321E-08 4.2439E-08 4.0788E-08 3.9612E-08 3.8719E-08 3.7808E-08 3.6844E-08 3.5858E-08 3.4691E-08 3.3341E-08 3.1839E-08 3.0224E-08 2.8569E-08 2.6914E-08 2.5277E-08 2.3707E-08 2.2209E-08 2.1174E-08 2.0287E-08 1.9511E-08
0.0000E+00 0.0000E+00 0.0000E+00 0.0000E+00 0.0000E+00 0.0000E+00 0.0000E+00 0.0000E+00 0.0000E+00 0.0000E+00 0.0000E+00 0.0000E+00 0.0000E+00 0.0000E+00 0.0000E+00 0.0000E+00 0.0000E+00 0.0000E+00 0.0000E+00 0.0000E+00 0.0000E+00 0.0000E+00 0.0000E+00 1.5182E-12 1.1411E-10 9.6133E-09 2.0594E-07 5.7703E-07 5.0747E-07 3.3860E-07 2.1764E-07 1.3650E-07 8.6853E-08 5.8602E-08 4.3907E-08 3.6855E-08 3.3671E-08 3.2432E-08 3.2073E-08 3.2127E-08 3.2203E-08 3.2239E-08 3.2060E-08 3.1644E-08 3.1098E-08 3.0335E-08 2.9339E-08 2.8122E-08 2.6781E-08 2.5373E-08 2.3932E-08 2.2505E-08 2.1123E-08 1.9791E-08 1.8679E-08 1.7922E-08 1.7264E-08
0.0000E+00 0.0000E+00 0.0000E+00 0.0000E+00 0.0000E+00 0.0000E+00 0.0000E+00 0.0000E+00 0.0000E+00 0.0000E+00 0.0000E+00 0.0000E+00 0.0000E+00 0.0000E+00 0.0000E+00 0.0000E+00 0.0000E+00 0.0000E+00 0.0000E+00 0.0000E+00 0.0000E+00 0.0000E+00 0.0000E+00 0.0000E+00 2.7116E-10 5.4989E-08 4.6826E-07 6.1638E-07 3.8943E-07 2.3198E-07 1.3562E-07 7.7946E-08 4.5492E-08 3.0141E-08 2.3754E-08 2.1863E-08 2.1994E-08 2.2717E-08 2.3824E-08 2.4829E-08 2.5676E-08 2.6251E-08 2.6529E-08 2.6571E-08 2.6348E-08 2.5915E-08 2.5217E-08 2.4297E-08 2.3230E-08 2.2067E-08 2.0859E-08 1.9653E-08 1.8465E-08 1.7316E-08 1.6213E-08 1.5488E-08 1.4988E-08
0.0000E+00 0.0000E+00 0.0000E+00 0.0000E+00 0.0000E+00 0.0000E+00 0.0000E+00 0.0000E+00 0.0000E+00 0.0000E+00 0.0000E+00 0.0000E+00 0.0000E+00 0.0000E+00 0.0000E+00 0.0000E+00 0.0000E+00 0.0000E+00 0.0000E+00 0.0000E+00 0.0000E+00 0.0000E+00 0.0000E+00 0.0000E+00 1.6473E-09 2.1156E-07 6.8702E-07 5.0408E-07 2.8657E-07 1.6339E-07 8.7566E-08 4.4757E-08 2.3883E-08 1.5490E-08 1.3151E-08 1.3440E-08 1.4636E-08 1.6210E-08 1.7657E-08 1.8955E-08 2.0054E-08 2.0880E-08 2.1490E-08 2.1775E-08 2.1863E-08 2.1630E-08 2.1184E-08 2.0544E-08 1.9715E-08 1.8795E-08 1.7822E-08 1.6829E-08 1.5844E-08 1.4863E-08 1.3952E-08 1.3081E-08 1.2784E-08
0.0000E+00 0.0000E+00 0.0000E+00 0.0000E+00 0.0000E+00 0.0000E+00 0.0000E+00 0.0000E+00 0.0000E+00 0.0000E+00 0.0000E+00 0.0000E+00 0.0000E+00 0.0000E+00 0.0000E+00 0.0000E+00 0.0000E+00 0.0000E+00 0.0000E+00 0.0000E+00 0.0000E+00 0.0000E+00 0.0000E+00 0.0000E+00 3.6548E-08 5.4611E-07 6.5796E-07 3.6578E-07 2.1099E-07 1.1349E-07 5.4512E-08 2.4710E-08 1.2305E-08 8.3515E-09 8.0524E-09 9.0393E-09 1.0544E-08 1.2091E-08 1.3500E-08 1.4731E-08 1.5771E-08 1.6576E-08 1.7173E-08 1.7552E-08 1.7709E-08 1.7675E-08 1.7369E-08 1.6969E-08 1.6386E-08 1.5684E-08 1.4922E-08 1.4131E-08 1.3324E-08 1.2538E-08 1.1795E-08 1.1064E-08 1.0621E-08
0.0000E+00 0.0000E+00 0.0000E+00 0.0000E+00 0.0000E+00 0.0000E+00 0.0000E+00 0.0000E+00 0.0000E+00 0.0000E+00 0.0000E+00 0.0000E+00 0.0000E+00 0.0000E+00 0.0000E+00 0.0000E+00 0.0000E+00 0.0000E+00 0.0000E+00 0.0000E+00 0.0000E+00 0.0000E+00 0.0000E+00 6.4400E-11 2.3018E-07 7.2574E-07 4.7468E-07 2.8634E-07 1.6637E-07 8.0155E-08 3.2372E-08 1.2289E-08 5.8228E-09 4.6448E-09 5.1839E-09 6.3979E-09 7.7014E-09 9.0163E-09 1.0234E-08 1.1303E-08 1.2256E-08 1.3020E-08 1.3591E-08 1.3979E-08 1.4168E-08 1.4172E-08 1.4006E-08 1.3714E-08 1.3316E-08 1.2809E-08 1.2235E-08 1.1632E-08 1.0992E-08 1.0386E-08 9.7797E-09 9.1972E-09 8.6570E-09
0.0000E+00 0.0000E+00 0.0000E+00 0.0000E+00 0.0000E+00 0.0000E+00 0.0000E+00 0.0000E+00 0.0000E+00 0.0000E+00 0.0000E+00 0.0000E+00 0.0000E+00 0.0000E+00 0.0000E+00 0.0000E+00 0.0000E+00 0.0000E+00 0.0000E+00 0.0000E+00 0.0000E+00 0.0000E+00 0.0000E+00 3.1796E-08 5.5395E-07 5.8163E-07 4.0273E-07 2.5886E-07 1.3677E-07 5.3470E-08 1.6232E-08 4.9969E-09 2.6841E-09 2.7955E-09 3.6113E-09 4.5793E-09 5.5975E-09 6.6448E-09 7.6637E-09 8.5565E-09 9.3611E-09 1.0032E-08 1.0546E-08 1.0911E-08 1.1119E-08 1.1172E-08 1.1094E-08 1.0897E-08 1.0620E-08 1.0271E-08 9.8509E-09 9.3701E-09 8.9093E-09 8.4368E-09 7.9630E-09 7.5194E-09 7.0877E-09
0.0000E+00 0.0000E+00 0.0000E+00 0.0000E+00 0.0000E+00 0.0000E+00 0.0000E+00 0.0000E+00 0.0000E+00 0.0000E+00 0.0000E+00 0.0000E+00 0.0000E+00 0.0000E+00 0.0000E+00 0.0000E+00 0.0000E+00 0.0000E+00 0.0000E+00 0.0000E+00 0.0000E+00 0.0000E+00 7.3246E-13 1.3106E-07 6.5303E-07 4.9550E-07 3.8684E-07 2.4989E-07 1.0960E-07 3.1136E-08 6.3742E-09 1.6837E-09 1.4222E-09 1.9195E-09 2.5488E-09 3.2693E-09 4.0499E-09 4.8549E-09 5.6356E-09 6.3765E-09 7.0236E-09 7.5792E-09 8.0185E-09 8.3371E-09 8.5438E-09 8.6354E-09 8.6138E-09 8.4938E-09 8.2988E-09 8.0590E-09 7.7499E-09 7.4256E-09 7.0811E-09 6.7220E-09 6.3715E-09 6.0322E-09 5.7002E-09
0.0000E+00 0.0000E+00 0.0000E+00 0.0000E+00 0.0000E+00 0.0000E+00 0.0000E+00 0.0000E+00 0.0000E+00 0.0000E+00 0.0000E+00 0.0000E+00 0.0000E+00 0.0000E+00 0.0000E+00 0.0000E+00 0.0000E+00 0.0000E+00 0.0000E+00 0.0000E+00 0.0000E+00 0.0000E+00 0.0000E+00 2.9759E-07 6.6527E-07 4.7651E-07 3.8061E-07 2.4512E-07 7.9495E-08 1.2799E-08 1.4918E-09 5.6799E-10 9.1500E-10 1.3406E-09 1.7955E-09 2.3157E-09 2.8907E-09 3.4934E-09 4.0802E-09 4.6477E-09 5.1632E-09 5.6080E-09 5.9703E-09 6.2489E-09 6.4368E-09 6.5385E-09 6.5563E-09 6.4942E-09 6.3674E-09 6.1723E-09 5.9907E-09 5.7682E-09 5.5175E-09 5.2554E-09 5.0028E-09 4.7472E-09 4.5023E-09
