Assets/Resources/2015_m01_d07_1700(utc+0800)_l00_csi_1hr_conc.grd
DSAA
         159         159
     -79.000      79.000
     -79.000      79.000
  0.0000E+00  0.1681E-04
[rows 25 to 49 of 159, columns 57 to 113 of 159]
1.3375E-08 1.3591E-08 1.3750E-08 1.3855E-08 1.3912E-08 1.3920E-08 1.3880E-08 1.3801E-08 1.3693E-08 1.3560E-08 1.3397E-08 1.3203E-08 1.2988E-08 1.2759E-08 1.2513E-08 1.2249E-08 1.1975E-08 1.1697E-08 1.1412E-08 1.1123E-08 1.0830E-08 1.0537E-08 1.0241E-08 9.9470E-09 9.6536E-09 9.3635E-09 9.0765E-09 8.7926E-09 8.5135E-09 8.2446E-09 7.9794E-09 7.7221E-09 7.4713E-09 7.2275E-09 6.9909E-09 6.7623E-09 6.5414E-09 6.3267E-09 6.1193E-09 5.9185E-09 5.7273E-09 5.5426E-09 5.3628E-09 5.1908E-09 5.0236E-09 4.8355E-09 4.6840E-09 4.5375E-09 4.3929E-09 4.2544E-09 4.1242E-09 3.9718E-09 3.8342E-09 3.6934E-09 3.5624E-09 3.4456E-09 3.3469E-09
1.3856E-08 1.4085E-08 1.4253E-08 1.4359E-08 1.4410E-08 1.4414E-08 1.4376E-08 1.4295E-08 1.4175E-08 1.4026E-08 1.3853E-08 1.3654E-08 1.3424E-08 1.3173E-08 1.2912E-08 1.2638E-08 1.2348E-08 1.2051E-08 1.1752E-08 1.1450E-08 1.1143E-08 1.0835E-08 1.0527E-08 1.0218E-08 9.9102E-09 9.6063E-09 9.3066E-09 9.0109E-09 8.7199E-09 8.4346E-09 8.1588E-09 7.8904E-09 7.6290E-09 7.3764E-09 7.1305E-09 6.8915E-09 6.6616E-09 6.4385E-09 6.2234E-09 6.0153E-09 5.8156E-09 5.6248E-09 5.4410E-09 5.2619E-09 5.0911E-09 4.9252E-09 4.7396E-09 4.5897E-09 4.4443E-09 4.3005E-09 4.1656E-09 4.0109E-09 3.8711E-09 3.7504E-09 3.6139E-09 3.4704E-09 3.3699E-09
1.4375E-08 1.4611E-08 1.4783E-08 1.4894E-08 1.4945E-08 1.4941E-08 1.4895E-08 1.4810E-08 1.4686E-08 1.4523E-08 1.4329E-08 1.4115E-08 1.3878E-08 1.3612E-08 1.3327E-08 1.3036E-08 1.2735E-08 1.2422E-08 1.2102E-08 1.1783E-08 1.1462E-08 1.1139E-08 1.0815E-08 1.0493E-08 1.0172E-08 9.8536E-09 9.5406E-09 9.2322E-09 8.9297E-09 8.6330E-09 8.3421E-09 8.0609E-09 7.7892E-09 7.5239E-09 7.2691E-09 7.0215E-09 6.7818E-09 6.5509E-09 6.3279E-09 6.1126E-09 5.9044E-09 5.7060E-09 5.5164E-09 5.3337E-09 5.1559E-09 4.9868E-09 4.8229E-09 4.6400E-09 4.4922E-09 4.3473E-09 4.2061E-09 4.0741E-09 3.9057E-09 3.7826E-09 3.6653E-09 3.5174E-09 3.3916E-09
1.4932E-08 1.5175E-08 1.5348E-08 1.5458E-08 1.5508E-08 1.5503E-08 1.5446E-08 1.5349E-08 1.5215E-08 1.5046E-08 1.4838E-08 1.4598E-08 1.4342E-08 1.4067E-08 1.3766E-08 1.3449E-08 1.3131E-08 1.2803E-08 1.2467E-08 1.2126E-08 1.1789E-08 1.1450E-08 1.1111E-08 1.0772E-08 1.0436E-08 1.0104E-08 9.7760E-09 9.4544E-09 9.1382E-09 8.8302E-09 8.5296E-09 8.2344E-09 7.9500E-09 7.6753E-09 7.4080E-09 7.1514E-09 6.9018E-09 6.6621E-09 6.4307E-09 6.2092E-09 5.9939E-09 5.7872E-09 5.5902E-09 5.4030E-09 5.2214E-09 5.0462E-09 4.8784E-09 4.7175E-09 4.5372E-09 4.3912E-09 4.2468E-09 4.1095E-09 3.9641E-09 3.8143E-09 3.6929E-09 3.5393E-09 3.4115E-09
1.5535E-08 1.5782E-08 1.5957E-08 1.6061E-08 1.6104E-08 1.6093E-08 1.6034E-08 1.5923E-08 1.5771E-08 1.5586E-08 1.5366E-08 1.5110E-08 1.4826E-08 1.4531E-08 1.4219E-08 1.3885E-08 1.3538E-08 1.3194E-08 1.2842E-08 1.2482E-08 1.2124E-08 1.1768E-08 1.1413E-08 1.1058E-08 1.0706E-08 1.0358E-08 1.0016E-08 9.6793E-09 9.3496E-09 9.0273E-09 8.7142E-09 8.4090E-09 8.1113E-09 7.8245E-09 7.5485E-09 7.2805E-09 7.0233E-09 6.7733E-09 6.5334E-09 6.3028E-09 6.0826E-09 5.8685E-09 5.6644E-09 5.4692E-09 5.2847E-09 5.1043E-09 4.9322E-09 4.7664E-09 4.5805E-09 4.4316E-09 4.2869E-09 4.1445E-09 3.9947E-09 3.8428E-09 3.7200E-09 3.5855E-09 3.4540E-09
1.6188E-08 1.6435E-08 1.6607E-08 1.6707E-08 1.6742E-08 1.6719E-08 1.6647E-08 1.6528E-08 1.6360E-08 1.6150E-08 1.5911E-08 1.5640E-08 1.5338E-08 1.5012E-08 1.4681E-08 1.4334E-08 1.3967E-08 1.3594E-08 1.3223E-08 1.2849E-08 1.2467E-08 1.2092E-08 1.1719E-08 1.1349E-08 1.0981E-08 1.0617E-08 1.0258E-08 9.9065E-09 9.5627E-09 9.2261E-09 8.8991E-09 8.5818E-09 8.2735E-09 7.9742E-09 7.6860E-09 7.4094E-09 7.1413E-09 6.8842E-09 6.6351E-09 6.3961E-09 6.1675E-09 5.9489E-09 5.7373E-09 5.5359E-09 5.3439E-09 5.1613E-09 4.9830E-09 4.8142E-09 4.6513E-09 4.4697E-09 4.3236E-09 4.1794E-09 4.0233E-09 3.8954E-09 3.7458E-09 3.6074E-09 3.4711E-09
1.6889E-08 1.7135E-08 1.7301E-08 1.7393E-08 1.7420E-08 1.7386E-08 1.7297E-08 1.7157E-08 1.6975E-08 1.6745E-08 1.6476E-08 1.6185E-08 1.5866E-08 1.5519E-08 1.5156E-08 1.4790E-08 1.4409E-08 1.4010E-08 1.3614E-08 1.3220E-08 1.2822E-08 1.2422E-08 1.2032E-08 1.1643E-08 1.1259E-08 1.0878E-08 1.0503E-08 1.0136E-08 9.7769E-09 9.4262E-09 9.0845E-09 8.7541E-09 8.4338E-09 8.1236E-09 7.8237E-09 7.5354E-09 7.2590E-09 6.9919E-09 6.7358E-09 6.4886E-09 6.2514E-09 6.0260E-09 5.8083E-09 5.6008E-09 5.4022E-09 5.2148E-09 5.0338E-09 4.8596E-09 4.6931E-09 4.5057E-09 4.3565E-09 4.2122E-09 4.0513E-09 3.9199E-09 3.7685E-09 3.6282E-09 3.5124E-09
1.7651E-08 1.7891E-08 1.8048E-08 1.8127E-08 1.8139E-08 1.8088E-08 1.7981E-08 1.7820E-08 1.7610E-08 1.7361E-08 1.7071E-08 1.6747E-08 1.6407E-08 1.6042E-08 1.5652E-08 1.5256E-08 1.4856E-08 1.4442E-08 1.4016E-08 1.3598E-08 1.3182E-08 1.2761E-08 1.2348E-08 1.1941E-08 1.1539E-08 1.1141E-08 1.0750E-08 1.0366E-08 9.9915E-09 9.6266E-09 9.2704E-09 8.9256E-09 8.5931E-09 8.2705E-09 7.9608E-09 7.6603E-09 7.3744E-09 7.0984E-09 6.8333E-09 6.5782E-09 6.3341E-09 6.1004E-09 5.8782E-09 5.6634E-09 5.4595E-09 5.2647E-09 5.0817E-09 4.9026E-09 4.7328E-09 4.5692E-09 4.3874E-09 4.2416E-09 4.0789E-09 3.9423E-09 3.8151E-09 3.6475E-09 3.5289E-09
1.8473E-08 1.8701E-08 1.8841E-08 1.8909E-08 1.8902E-08 1.8827E-08 1.8695E-08 1.8509E-08 1.8273E-08 1.7995E-08 1.7683E-08 1.7335E-08 1.6962E-08 1.6575E-08 1.6166E-08 1.5737E-08 1.5310E-08 1.4878E-08 1.4430E-08 1.3982E-08 1.3543E-08 1.3106E-08 1.2667E-08 1.2241E-08 1.1819E-08 1.1406E-08 1.0997E-08 1.0597E-08 1.0206E-08 9.8254E-09 9.4555E-09 9.0962E-09 8.7498E-09 8.4161E-09 8.0935E-09 7.7847E-09 7.4851E-09 7.2022E-09 6.9282E-09 6.6660E-09 6.4138E-09 6.1725E-09 5.9436E-09 5.7247E-09 5.5145E-09 5.3144E-09 5.1251E-09 4.9443E-09 4.7694E-09 4.6032E-09 4.4446E-09 4.2674E-09 4.1038E-09 3.9639E-09 3.8335E-09 3.6638E-09 3.5440E-09
1.9363E-08 1.9572E-08 1.9699E-08 1.9740E-08 1.9704E-08 1.9606E-08 1.9440E-08 1.9222E-08 1.8958E-08 1.8652E-08 1.8310E-08 1.7939E-08 1.7537E-08 1.7118E-08 1.6687E-08 1.6235E-08 1.5773E-08 1.5316E-08 1.4852E-08 1.4375E-08 1.3909E-08 1.3451E-08 1.2992E-08 1.2542E-08 1.2102E-08 1.1669E-08 1.1244E-08 1.0827E-08 1.0419E-08 1.0023E-08 9.6386E-09 9.2651E-09 8.9051E-09 8.5588E-09 8.2245E-09 7.9046E-09 7.5968E-09 7.3008E-09 7.0206E-09 6.7500E-09 6.4916E-09 6.2432E-09 6.0066E-09 5.7822E-09 5.5659E-09 5.3612E-09 5.1657E-09 4.9827E-09 4.8040E-09 4.6344E-09 4.4717E-09 4.2908E-09 4.1253E-09 3.9845E-09 3.8495E-09 3.7038E-09 3.5578E-09
2.0322E-08 2.0512E-08 2.0605E-08 2.0619E-08 2.0554E-08 2.0415E-08 2.0218E-08 1.9962E-08 1.9663E-08 1.9327E-08 1.8954E-08 1.8553E-08 1.8126E-08 1.7672E-08 1.7213E-08 1.6739E-08 1.6247E-08 1.5758E-08 1.5272E-08 1.4776E-08 1.4279E-08 1.3796E-08 1.3319E-08 1.2842E-08 1.2383E-08 1.1930E-08 1.1489E-08 1.1054E-08 1.0630E-08 1.0217E-08 9.8183E-09 9.4312E-09 9.0568E-09 8.6974E-09 8.3525E-09 8.0202E-09 7.7040E-09 7.3981E-09 7.1080E-09 6.8307E-09 6.5645E-09 6.3097E-09 6.0660E-09 5.8361E-09 5.6155E-09 5.4054E-09 5.2048E-09 5.0162E-09 4.8364E-09 4.6624E-09 4.4973E-09 4.3403E-09 4.1430E-09 4.0026E-09 3.8645E-09 3.7154E-09 3.5686E-09
2.1345E-08 2.1508E-08 2.1569E-08 2.1538E-08 2.1428E-08 2.1257E-08 2.1017E-08 2.0726E-08 2.0389E-08 2.0016E-08 1.9611E-08 1.9178E-08 1.8721E-08 1.8241E-08 1.7743E-08 1.7243E-08 1.6728E-08 1.6204E-08 1.5692E-08 1.5176E-08 1.4652E-08 1.4141E-08 1.3642E-08 1.3146E-08 1.2661E-08 1.2190E-08 1.1729E-08 1.1278E-08 1.0837E-08 1.0409E-08 9.9936E-09 9.5932E-09 9.2056E-09 8.8329E-09 8.4757E-09 8.1326E-09 7.8051E-09 7.4925E-09 7.1910E-09 6.9070E-09 6.6341E-09 6.3729E-09 6.1225E-09 5.8861E-09 5.6604E-09 5.4457E-09 5.2405E-09 5.0471E-09 4.8652E-09 4.6878E-09 4.5200E-09 4.3593E-09 4.1583E-09 4.0171E-09 3.8779E-09 3.7244E-09 3.5769E-09
2.2430E-08 2.2555E-08 2.2574E-08 2.2500E-08 2.2345E-08 2.2121E-08 2.1840E-08 2.1510E-08 2.1133E-08 2.0715E-08 2.0277E-08 1.9808E-08 1.9320E-08 1.8811E-08 1.8281E-08 1.7747E-08 1.7208E-08 1.6655E-08 1.6109E-08 1.5571E-08 1.5026E-08 1.4485E-08 1.3961E-08 1.3445E-08 1.2936E-08 1.2445E-08 1.1964E-08 1.1496E-08 1.1039E-08 1.0595E-08 1.0165E-08 9.7495E-09 9.3487E-09 8.9628E-09 8.5940E-09 8.2405E-09 7.9017E-09 7.5807E-09 7.2713E-09 6.9766E-09 6.6991E-09 6.4303E-09 6.1751E-09 5.9327E-09 5.7016E-09 5.4835E-09 5.2730E-09 5.0758E-09 4.8890E-09 4.7103E-09 4.5396E-09 4.3763E-09 4.1709E-09 4.0282E-09 3.8893E-09 3.7318E-09 3.6085E-09
2.3580E-08 2.3659E-08 2.3628E-08 2.3502E-08 2.3295E-08 2.3022E-08 2.2690E-08 2.2309E-08 2.1890E-08 2.1434E-08 2.0945E-08 2.0438E-08 1.9918E-08 1.9379E-08 1.8819E-08 1.8250E-08 1.7682E-08 1.7104E-08 1.6523E-08 1.5960E-08 1.5395E-08 1.4825E-08 1.4276E-08 1.3738E-08 1.3207E-08 1.2693E-08 1.2194E-08 1.1707E-08 1.1235E-08 1.0775E-08 1.0329E-08 9.8994E-09 9.4862E-09 9.0877E-09 8.7068E-09 8.3423E-09 7.9933E-09 7.6626E-09 7.3467E-09 7.0426E-09 6.7584E-09 6.4842E-09 6.2230E-09 5.9750E-09 5.7380E-09 5.5160E-09 5.3010E-09 5.1005E-09 4.9096E-09 4.7291E-09 4.5555E-09 4.3905E-09 4.2094E-09 4.0363E-09 3.8971E-09 3.7375E-09 3.6116E-09
2.4769E-08 2.4799E-08 2.4713E-08 2.4527E-08 2.4265E-08 2.3939E-08 2.3556E-08 2.3125E-08 2.2656E-08 2.2152E-08 2.1627E-08 2.1074E-08 2.0510E-08 1.9939E-08 1.9351E-08 1.8749E-08 1.8148E-08 1.7546E-08 1.6934E-08 1.6340E-08 1.5754E-08 1.5162E-08 1.4584E-08 1.4022E-08 1.3471E-08 1.2933E-08 1.2416E-08 1.1911E-08 1.1421E-08 1.0947E-08 1.0486E-08 1.0042E-08 9.6156E-09 9.2054E-09 8.8129E-09 8.4380E-09 8.0786E-09 7.7389E-09 7.4144E-09 7.1045E-09 6.8108E-09 6.5321E-09 6.2651E-09 6.0125E-09 5.7703E-09 5.5445E-09 5.3265E-09 5.1216E-09 4.9278E-09 4.7433E-09 4.5687E-09 4.4014E-09 4.2166E-09 4.0415E-09 3.9018E-09 3.7409E-09 3.6126E-09
2.6001E-08 2.5979E-08 2.5828E-08 2.5580E-08 2.5255E-08 2.4867E-08 2.4430E-08 2.3950E-08 2.3428E-08 2.2878E-08 2.2301E-08 2.1704E-08 2.1102E-08 2.0488E-08 1.9868E-08 1.9239E-08 1.8604E-08 1.7974E-08 1.7338E-08 1.6709E-08 1.6099E-08 1.5488E-08 1.4881E-08 1.4298E-08 1.3725E-08 1.3166E-08 1.2626E-08 1.2105E-08 1.1598E-08 1.1108E-08 1.0634E-08 1.0177E-08 9.7373E-09 9.3152E-09 8.9116E-09 8.5267E-09 8.1572E-09 7.8088E-09 7.4756E-09 7.1602E-09 6.8587E-09 6.5735E-09 6.3028E-09 6.0448E-09 5.7980E-09 5.5677E-09 5.3463E-09 5.1381E-09 4.9417E-09 4.7535E-09 4.5780E-09 4.4086E-09 4.2217E-09 4.0434E-09 3.9031E-09 3.7419E-09 3.6113E-09
2.7253E-08 2.7172E-08 2.6966E-08 2.6654E-08 2.6260E-08 2.5807E-08 2.5310E-08 2.4772E-08 2.4199E-08 2.3596E-08 2.2974E-08 2.2335E-08 2.1681E-08 2.1023E-08 2.0374E-08 1.9711E-08 1.9040E-08 1.8385E-08 1.7726E-08 1.7066E-08 1.6430E-08 1.5800E-08 1.5167E-08 1.4560E-08 1.3966E-08 1.3385E-08 1.2826E-08 1.2287E-08 1.1764E-08 1.1259E-08 1.0771E-08 1.0301E-08 9.8495E-09 9.4160E-09 9.0015E-09 8.6071E-09 8.2286E-09 7.8712E-09 7.5305E-09 7.2076E-09 6.9018E-09 6.6078E-09 6.3339E-09 6.0710E-09 5.8201E-09 5.5861E-09 5.3616E-09 5.1512E-09 4.9513E-09 4.7610E-09 4.5835E-09 4.4123E-09 4.2235E-09 4.0711E-09 3.9011E-09 3.7396E-09 3.6078E-09
2.8530E-08 2.8389E-08 2.8126E-08 2.7748E-08 2.7286E-08 2.6763E-08 2.6195E-08 2.5595E-08 2.4968E-08 2.4315E-08 2.3643E-08 2.2956E-08 2.2260E-08 2.1561E-08 2.0863E-08 2.0175E-08 1.9473E-08 1.8778E-08 1.8090E-08 1.7408E-08 1.6744E-08 1.6093E-08 1.5440E-08 1.4806E-08 1.4194E-08 1.3591E-08 1.3014E-08 1.2455E-08 1.1917E-08 1.1396E-08 1.0896E-08 1.0413E-08 9.9508E-09 9.5069E-09 9.0818E-09 8.6784E-09 8.2916E-09 7.9252E-09 7.5777E-09 7.2476E-09 6.9376E-09 6.6367E-09 6.3583E-09 6.0924E-09 5.8377E-09 5.5999E-09 5.3717E-09 5.1595E-09 4.9566E-09 4.7643E-09 4.5841E-09 4.4125E-09 4.2218E-09 4.0673E-09 3.8959E-09 3.7342E-09 3.6014E-09
2.9803E-08 2.9604E-08 2.9278E-08 2.8838E-08 2.8303E-08 2.7701E-08 2.7062E-08 2.6398E-08 2.5712E-08 2.5007E-08 2.4283E-08 2.3552E-08 2.2813E-08 2.2073E-08 2.1335E-08 2.0606E-08 1.9876E-08 1.9154E-08 1.8441E-08 1.7728E-08 1.7036E-08 1.6363E-08 1.5693E-08 1.5036E-08 1.4403E-08 1.3783E-08 1.3185E-08 1.2610E-08 1.2055E-08 1.1521E-08 1.1008E-08 1.0513E-08 1.0040E-08 9.5869E-09 9.1518E-09 8.7395E-09 8.3453E-09 7.9716E-09 7.6166E-09 7.2808E-09 6.9650E-09 6.6604E-09 6.3751E-09 6.1068E-09 5.8486E-09 5.6076E-09 5.3769E-09 5.1620E-09 4.9575E-09 4.7630E-09 4.5807E-09 4.4088E-09 4.2162E-09 4.0608E-09 3.8875E-09 3.7256E-09 3.5931E-09
3.1077E-08 3.0818E-08 3.0427E-08 2.9917E-08 2.9310E-08 2.8633E-08 2.7918E-08 2.7180E-08 2.6431E-08 2.5671E-08 2.4896E-08 2.4115E-08 2.3336E-08 2.2557E-08 2.1782E-08 2.1017E-08 2.0258E-08 1.9502E-08 1.8762E-08 1.8031E-08 1.7306E-08 1.6607E-08 1.5922E-08 1.5245E-08 1.4592E-08 1.3956E-08 1.3338E-08 1.2747E-08 1.2176E-08 1.1629E-08 1.1103E-08 1.0599E-08 1.0116E-08 9.6539E-09 9.2108E-09 8.7893E-09 8.3885E-09 8.0084E-09 7.6462E-09 7.3052E-09 6.9842E-09 6.6763E-09 6.3851E-09 6.1142E-09 5.8532E-09 5.6095E-09 5.3764E-09 5.1597E-09 4.9541E-09 4.7571E-09 4.5737E-09 4.4011E-09 4.2064E-09 4.0511E-09 3.8759E-09 3.7132E-09 3.5819E-09
3.2363E-08 3.2043E-08 3.1586E-08 3.1006E-08 3.0329E-08 2.9580E-08 2.8783E-08 2.7970E-08 2.7150E-08 2.6329E-08 2.5502E-08 2.4670E-08 2.3846E-08 2.3028E-08 2.2213E-08 2.1410E-08 2.0618E-08 1.9831E-08 1.9061E-08 1.8301E-08 1.7550E-08 1.6835E-08 1.6125E-08 1.5425E-08 1.4759E-08 1.4107E-08 1.3473E-08 1.2865E-08 1.2282E-08 1.1720E-08 1.1184E-08 1.0670E-08 1.0177E-08 9.7072E-09 9.2574E-09 8.8277E-09 8.4204E-09 8.0352E-09 7.6673E-09 7.3207E-09 6.9957E-09 6.6843E-09 6.3897E-09 6.1147E-09 5.8519E-09 5.6068E-09 5.3701E-09 5.1525E-09 4.9456E-09 4.7472E-09 4.5624E-09 4.3889E-09 4.1934E-09 4.0375E-09 3.8899E-09 3.6976E-09 3.5675E-09
3.3622E-08 3.3237E-08 3.2712E-08 3.2062E-08 3.1310E-08 3.0480E-08 2.9611E-08 2.8718E-08 2.7821E-08 2.6933E-08 2.6055E-08 2.5172E-08 2.4300E-08 2.3446E-08 2.2597E-08 2.1759E-08 2.0940E-08 2.0125E-08 1.9329E-08 1.8549E-08 1.7774E-08 1.7030E-08 1.6304E-08 1.5587E-08 1.4900E-08 1.4230E-08 1.3586E-08 1.2963E-08 1.2368E-08 1.1794E-08 1.1247E-08 1.0723E-08 1.0222E-08 9.7457E-09 9.2901E-09 8.8540E-09 8.4401E-09 8.0507E-09 7.6779E-09 7.3267E-09 6.9982E-09 6.6832E-09 6.3865E-09 6.1075E-09 5.8431E-09 5.5964E-09 5.3579E-09 5.1393E-09 4.9311E-09 4.7321E-09 4.5467E-09 4.3718E-09 4.1766E-09 4.0202E-09 3.8720E-09 3.6790E-09 3.5495E-09
3.4889E-08 3.4443E-08 3.3856E-08 3.3137E-08 3.2311E-08 3.1410E-08 3.0464E-08 2.9489E-08 2.8511E-08 2.7549E-08 2.6605E-08 2.5673E-08 2.4745E-08 2.3841E-08 2.2958E-08 2.2085E-08 2.1228E-08 2.0388E-08 1.9568E-08 1.8759E-08 1.7965E-08 1.7202E-08 1.6453E-08 1.5716E-08 1.5019E-08 1.4337E-08 1.3672E-08 1.3040E-08 1.2432E-08 1.1849E-08 1.1290E-08 1.0760E-08 1.0251E-08 9.7684E-09 9.3080E-09 8.8671E-09 8.4478E-09 8.0543E-09 7.6781E-09 7.3235E-09 6.9913E-09 6.6738E-09 6.3755E-09 6.0932E-09 5.8277E-09 5.5791E-09 5.3399E-09 5.1202E-09 4.9117E-09 4.7117E-09 4.5264E-09 4.3504E-09 4.1557E-09 3.9992E-09 3.8504E-09 3.6572E-09 3.5284E-09
3.6097E-08 3.5591E-08 3.4937E-08 3.4149E-08 3.3254E-08 3.2280E-08 3.1250E-08 3.0202E-08 2.9152E-08 2.8113E-08 2.7104E-08 2.6121E-08 2.5150E-08 2.4201E-08 2.3281E-08 2.2377E-08 2.1489E-08 2.0616E-08 1.9770E-08 1.8943E-08 1.8123E-08 1.7339E-08 1.6576E-08 1.5822E-08 1.5108E-08 1.4412E-08 1.3739E-08 1.3093E-08 1.2472E-08 1.1883E-08 1.1315E-08 1.0778E-08 1.0262E-08 9.7744E-09 9.3102E-09 8.8657E-09 8.4429E-09 8.0455E-09 7.6666E-09 7.3096E-09 6.9750E-09 6.6554E-09 6.3563E-09 6.0714E-09 5.8054E-09 5.5558E-09 5.3158E-09 5.0951E-09 4.8872E-09 4.6868E-09 4.5012E-09 4.3253E-09 4.1304E-09 3.9743E-09 3.8256E-09 3.6320E-09 3.5042E-09
3.7283E-08 3.6722E-08 3.6002E-08 3.5149E-08 3.4186E-08 3.3138E-08 3.2039E-08 3.0915E-08 2.9790E-08 2.8681E-08 2.7604E-08 2.6558E-08 2.5540E-08 2.4544E-08 2.3580E-08 2.2645E-08 2.1723E-08 2.0816E-08 1.9944E-08 1.9094E-08 1.8256E-08 1.7449E-08 1.6669E-08 1.5901E-08 1.5172E-08 1.4467E-08 1.3779E-08 1.3124E-08 1.2495E-08 1.1892E-08 1.1318E-08 1.0775E-08 1.0256E-08 9.7629E-09 9.2960E-09 8.8493E-09 8.4241E-09 8.0244E-09 7.6433E-09 7.2850E-09 6.9490E-09 6.6274E-09 6.3282E-09 6.0425E-09 5.7750E-09 5.5257E-09 5.2854E-09 5.0640E-09 4.8567E-09 4.6573E-09 4.4704E-09 4.2960E-09 4.1009E-09 3.9452E-09 3.7975E-09 3.6035E-09 3.4770E-09
