Assets/Resources/2015_m01_d15_1300(utc+0800)_l00_csi_1hr_conc.grd
DSAA
         159         159
     -79.000      79.000
     -79.000      79.000
  0.0000E+00  0.5265E-05
[rows 0 to 24 of 159, columns 0 to 56 of 159]
3.6494E-10 3.7528E-10 3.8515E-10 3.9517E-10 4.0604E-10 4.1640E-10 4.2716E-10 4.3832E-10 4.4917E-10 4.6043E-10 4.7186E-10 4.8345E-10 4.9521E-10 5.0691E-10 5.1899E-10 5.3124E-10 5.4342E-10 5.5604E-10 5.6878E-10 5.8143E-10 5.9455E-10 6.0753E-10 6.2095E-10 6.3454E-10 6.4770E-10 6.6157E-10 6.7560E-10 6.8949E-10 7.0321E-10 7.1794E-10 7.3192E-10 7.4693E-10 7.6177E-10 7.7611E-10 7.9085E-10 8.0729E-10 8.2196E-10 8.3703E-10 8.5348E-10 8.6842E-10 8.8442E-10 9.0048E-10 9.1631E-10 9.3253E-10 9.4898E-10 9.6499E-10 9.8036E-10 9.9676E-10 1.0141E-09 1.0301E-09 1.0462E-09 1.0629E-09 1.0796E-09 1.0956E-09 1.1117E-09 1.1283E-09 1.1442E-09
3.6919E-10 3.7924E-10 3.8923E-10 3.9985E-10 4.1040E-10 4.2088E-10 4.3206E-10 4.4311E-10 4.5410E-10 4.6578E-10 4.7738E-10 4.8888E-10 5.0085E-10 5.1294E-10 5.2496E-10 5.3743E-10 5.5008E-10 5.6286E-10 5.7556E-10 5.8873E-10 6.0150E-10 6.1497E-10 6.2892E-10 6.4216E-10 6.5583E-10 6.7025E-10 6.8395E-10 6.9808E-10 7.1293E-10 7.2705E-10 7.4158E-10 7.5719E-10 7.7169E-10 7.8660E-10 8.0321E-10 8.1808E-10 8.3335E-10 8.4936E-10 8.6518E-10 8.8141E-10 8.9741E-10 9.1381E-10 9.2998E-10 9.4704E-10 9.6335E-10 9.7903E-10 9.9576E-10 1.0140E-09 1.0298E-09 1.0463E-09 1.0633E-09 1.0804E-09 1.0976E-09 1.1134E-09 1.1305E-09 1.1468E-09 1.1638E-09
3.7297E-10 3.8291E-10 3.9349E-10 4.0400E-10 4.1468E-10 4.2534E-10 4.3685E-10 4.4782E-10 4.5927E-10 4.7108E-10 4.8258E-10 4.9455E-10 5.0665E-10 5.1867E-10 5.3116E-10 5.4383E-10 5.5638E-10 5.6938E-10 5.8259E-10 5.9541E-10 6.0893E-10 6.2294E-10 6.3626E-10 6.5001E-10 6.6450E-10 6.7830E-10 6.9254E-10 7.0749E-10 7.2173E-10 7.3639E-10 7.5212E-10 7.6678E-10 7.8185E-10 7.9798E-10 8.1367E-10 8.2913E-10 8.4534E-10 8.6136E-10 8.7782E-10 8.9405E-10 9.1070E-10 9.2712E-10 9.4393E-10 9.6105E-10 9.7703E-10 9.9407E-10 1.0126E-09 1.0288E-09 1.0456E-09 1.0630E-09 1.0805E-09 1.0981E-09 1.1143E-09 1.1324E-09 1.1486E-09 1.1667E-09 1.1834E-09
3.7668E-10 3.8674E-10 3.9767E-10 4.0809E-10 4.1894E-10 4.3019E-10 4.4113E-10 4.5252E-10 4.6408E-10 4.7582E-10 4.8775E-10 4.9962E-10 5.1213E-10 5.2463E-10 5.3704E-10 5.4987E-10 5.6291E-10 5.7586E-10 5.8900E-10 6.0256E-10 6.1661E-10 6.2999E-10 6.4381E-10 6.5837E-10 6.7225E-10 6.8658E-10 7.0134E-10 7.1597E-10 7.3075E-10 7.4660E-10 7.6139E-10 7.7661E-10 7.9258E-10 8.0873E-10 8.2437E-10 8.4045E-10 8.5698E-10 8.7364E-10 8.9008E-10 9.0697E-10 9.2296E-10 9.4005E-10 9.5808E-10 9.7435E-10 9.9168E-10 1.0098E-09 1.0270E-09 1.0442E-09 1.0620E-09 1.0798E-09 1.0978E-09 1.1144E-09 1.1329E-09 1.1495E-09 1.1681E-09 1.1853E-09 1.2038E-09
3.8032E-10 3.9097E-10 4.0156E-10 4.1211E-10 4.2335E-10 4.3448E-10 4.4558E-10 4.5737E-10 4.6908E-10 4.8073E-10 4.9285E-10 5.0512E-10 5.1758E-10 5.2998E-10 5.4286E-10 5.5587E-10 5.6884E-10 5.8228E-10 5.9560E-10 6.0911E-10 6.2338E-10 6.3698E-10 6.5131E-10 6.6582E-10 6.8022E-10 6.9478E-10 7.0979E-10 7.2468E-10 7.4033E-10 7.5554E-10 7.7088E-10 7.8669E-10 8.0329E-10 8.1908E-10 8.3533E-10 8.5204E-10 8.6791E-10 8.8489E-10 9.0263E-10 9.1886E-10 9.3618E-10 9.5446E-10 9.7100E-10 9.8862E-10 1.0065E-09 1.0245E-09 1.0421E-09 1.0602E-09 1.0784E-09 1.0967E-09 1.1137E-09 1.1326E-09 1.1502E-09 1.1687E-09 1.1863E-09 1.2053E-09 1.2264E-09
3.8393E-10 3.9467E-10 4.0517E-10 4.1610E-10 4.2744E-10 4.3871E-10 4.5024E-10 4.6188E-10 4.7377E-10 4.8586E-10 4.9811E-10 5.1029E-10 5.2295E-10 5.3583E-10 5.4857E-10 5.6181E-10 5.7526E-10 5.8833E-10 6.0214E-10 6.1644E-10 6.3008E-10 6.4416E-10 6.5901E-10 6.7318E-10 6.8781E-10 7.0320E-10 7.1787E-10 7.3300E-10 7.4923E-10 7.6438E-10 7.7999E-10 7.9734E-10 8.1297E-10 8.2905E-10 8.4656E-10 8.6260E-10 8.7977E-10 8.9770E-10 9.1414E-10 9.3169E-10 9.5020E-10 9.6699E-10 9.8487E-10 1.0030E-09 1.0213E-09 1.0392E-09 1.0576E-09 1.0761E-09 1.0941E-09 1.1122E-09 1.1314E-09 1.1495E-09 1.1684E-09 1.1864E-09 1.2059E-09 1.2295E-09 1.2473E-09
3.8765E-10 3.9830E-10 4.0892E-10 4.2046E-10 4.3146E-10 4.4291E-10 4.5454E-10 4.6638E-10 4.7840E-10 4.9039E-10 5.0304E-10 5.1568E-10 5.2799E-10 5.4127E-10 5.5450E-10 5.6795E-10 5.8104E-10 5.9486E-10 6.0918E-10 6.2284E-10 6.3696E-10 6.5185E-10 6.6607E-10 6.8076E-10 6.9620E-10 7.1095E-10 7.2616E-10 7.4247E-10 7.5773E-10 7.7345E-10 7.9090E-10 8.0667E-10 8.2288E-10 8.4053E-10 8.5674E-10 8.7408E-10 8.9153E-10 9.0883E-10 9.2658E-10 9.4464E-10 9.6233E-10 9.8045E-10 9.9887E-10 1.0175E-09 1.0356E-09 1.0543E-09 1.0732E-09 1.0915E-09 1.1099E-09 1.1295E-09 1.1480E-09 1.1672E-09 1.1857E-09 1.2069E-09 1.2298E-09 1.2500E-09 1.2716E-09
3.9109E-10 4.0186E-10 4.1285E-10 4.2427E-10 4.3541E-10 4.4702E-10 4.5903E-10 4.7075E-10 4.8297E-10 4.9535E-10 5.0792E-10 5.2047E-10 5.3350E-10 5.4667E-10 5.5983E-10 5.7346E-10 5.8701E-10 6.0075E-10 6.1529E-10 6.2943E-10 6.4406E-10 6.5860E-10 6.7334E-10 6.8854E-10 7.0363E-10 7.1891E-10 7.3529E-10 7.5064E-10 7.6645E-10 7.8336E-10 7.9987E-10 8.1621E-10 8.3335E-10 8.5035E-10 8.6783E-10 8.8545E-10 9.0292E-10 9.2086E-10 9.3913E-10 9.5703E-10 9.7537E-10 9.9403E-10 1.0129E-09 1.0306E-09 1.0491E-09 1.0694E-09 1.0880E-09 1.1068E-09 1.1268E-09 1.1456E-09 1.1652E-09 1.1841E-09 1.2085E-09 1.2292E-09 1.2512E-09 1.2720E-09 1.2957E-09
3.9446E-10 4.0512E-10 4.1672E-10 4.2779E-10 4.3930E-10 4.5103E-10 4.6318E-10 4.7534E-10 4.8742E-10 4.9995E-10 5.1273E-10 5.2572E-10 5.3860E-10 5.5200E-10 5.6562E-10 5.7889E-10 5.9290E-10 6.0743E-10 6.2131E-10 6.3565E-10 6.5079E-10 6.6525E-10 6.8020E-10 6.9593E-10 7.1126E-10 7.2709E-10 7.4311E-10 7.5901E-10 7.7539E-10 7.9260E-10 8.0905E-10 8.2599E-10 8.4342E-10 8.6104E-10 8.7849E-10 8.9644E-10 9.1387E-10 9.3299E-10 9.5109E-10 9.6864E-10 9.8799E-10 1.0076E-09 1.0256E-09 1.0443E-09 1.0650E-09 1.0839E-09 1.1030E-09 1.1232E-09 1.1424E-09 1.1624E-09 1.1843E-09 1.2066E-09 1.2276E-09 1.2502E-09 1.2741E-09 1.3000E-09 1.3237E-09
3.9774E-10 4.0903E-10 4.2026E-10 4.3144E-10 4.4335E-10 4.5522E-10 4.6728E-10 4.7934E-10 4.9182E-10 5.0450E-10 5.1718E-10 5.3056E-10 5.4394E-10 5.5725E-10 5.7077E-10 5.8477E-10 5.9927E-10 6.1316E-10 6.2750E-10 6.4264E-10 6.5713E-10 6.7210E-10 6.8785E-10 7.0293E-10 7.1849E-10 7.3517E-10 7.5082E-10 7.6696E-10 7.8487E-10 8.0110E-10 8.1781E-10 8.3599E-10 8.5274E-10 8.7066E-10 8.8939E-10 9.0666E-10 9.2509E-10 9.4453E-10 9.6228E-10 9.8118E-10 1.0017E-09 1.0199E-09 1.0388E-09 1.0597E-09 1.0789E-09 1.0983E-09 1.1182E-09 1.1384E-09 1.1587E-09 1.1824E-09 1.2037E-09 1.2265E-09 1.2476E-09 1.2727E-09 1.2991E-09 1.3275E-09 1.3512E-09
4.0098E-10 4.1237E-10 4.2370E-10 4.3505E-10 4.4706E-10 4.5906E-10 4.7131E-10 4.8373E-10 4.9609E-10 5.0898E-10 5.2209E-10 5.3537E-10 5.4864E-10 5.6240E-10 5.7610E-10 5.9000E-10 6.0472E-10 6.1906E-10 6.3361E-10 6.4868E-10 6.6366E-10 6.7942E-10 6.9452E-10 7.1012E-10 7.2683E-10 7.4254E-10 7.5873E-10 7.7605E-10 7.9299E-10 8.0979E-10 8.2741E-10 8.4492E-10 8.6295E-10 8.8179E-10 8.9921E-10 9.1778E-10 9.3737E-10 9.5530E-10 9.7438E-10 9.9437E-10 1.0135E-09 1.0327E-09 1.0531E-09 1.0733E-09 1.0929E-09 1.1125E-09 1.1336E-09 1.1542E-09 1.1783E-09 1.2000E-09 1.2239E-09 1.2461E-09 1.2730E-09 1.2984E-09 1.3287E-09 1.3534E-09 1.3813E-09
4.0459E-10 4.1562E-10 4.2684E-10 4.3881E-10 4.5072E-10 4.6286E-10 4.7498E-10 4.8776E-10 5.0059E-10 5.1309E-10 5.2659E-10 5.4008E-10 5.5379E-10 5.6718E-10 5.8132E-10 5.9600E-10 6.1005E-10 6.2457E-10 6.3991E-10 6.5459E-10 6.6978E-10 6.8577E-10 7.0107E-10 7.1751E-10 7.3385E-10 7.5009E-10 7.6744E-10 7.8444E-10 8.0131E-10 8.1900E-10 8.3660E-10 8.5472E-10 8.7301E-10 8.9120E-10 9.0990E-10 9.2897E-10 9.4771E-10 9.6696E-10 9.8712E-10 1.0064E-09 1.0258E-09 1.0459E-09 1.0669E-09 1.0868E-09 1.1066E-09 1.1274E-09 1.1503E-09 1.1728E-09 1.1954E-09 1.2197E-09 1.2437E-09 1.2697E-09 1.2962E-09 1.3280E-09 1.3546E-09 1.3832E-09 1.4112E-09
4.0742E-10 4.1878E-10 4.3043E-10 4.4221E-10 4.5426E-10 4.6657E-10 4.7904E-10 4.9176E-10 5.0446E-10 5.1766E-10 5.3104E-10 5.4442E-10 5.5831E-10 5.7240E-10 5.8675E-10 6.0104E-10 6.1554E-10 6.3085E-10 6.4552E-10 6.6070E-10 6.7667E-10 6.9199E-10 7.0781E-10 7.2478E-10 7.4074E-10 7.5720E-10 7.7546E-10 7.9207E-10 8.0982E-10 8.2779E-10 8.4533E-10 8.6405E-10 8.8266E-10 9.0079E-10 9.2065E-10 9.3953E-10 9.5824E-10 9.7867E-10 9.9869E-10 1.0176E-09 1.0386E-09 1.0597E-09 1.0792E-09 1.0995E-09 1.1210E-09 1.1435E-09 1.1670E-09 1.1912E-09 1.2146E-09 1.2403E-09 1.2668E-09 1.2984E-09 1.3248E-09 1.3534E-09 1.3819E-09 1.4153E-09 1.4424E-09
4.1038E-10 4.2163E-10 4.3362E-10 4.4557E-10 4.5775E-10 4.7013E-10 4.8276E-10 4.9565E-10 5.0877E-10 5.2181E-10 5.3539E-10 5.4921E-10 5.6298E-10 5.7697E-10 5.9178E-10 6.0596E-10 6.2065E-10 6.3615E-10 6.5130E-10 6.6697E-10 6.8256E-10 6.9838E-10 7.1534E-10 7.3132E-10 7.4781E-10 7.6543E-10 7.8272E-10 7.9988E-10 8.1788E-10 8.3581E-10 8.5428E-10 8.7359E-10 8.9151E-10 9.1061E-10 9.3077E-10 9.4929E-10 9.6899E-10 9.9034E-10 1.0094E-09 1.0294E-09 1.0513E-09 1.0716E-09 1.0921E-09 1.1138E-09 1.1366E-09 1.1604E-09 1.1849E-09 1.2100E-09 1.2361E-09 1.2617E-09 1.2964E-09 1.3220E-09 1.3511E-09 1.3800E-09 1.4141E-09 1.4421E-09 1.4745E-09
4.1326E-10 4.2491E-10 4.3672E-10 4.4880E-10 4.6113E-10 4.7366E-10 4.8642E-10 4.9917E-10 5.1268E-10 5.2590E-10 5.3937E-10 5.5335E-10 5.6755E-10 5.8229E-10 5.9642E-10 6.1105E-10 6.2650E-10 6.4132E-10 6.5667E-10 6.7282E-10 6.8832E-10 7.0434E-10 7.2153E-10 7.3803E-10 7.5565E-10 7.7295E-10 7.9015E-10 8.0818E-10 8.2615E-10 8.4466E-10 8.6339E-10 8.8203E-10 9.0121E-10 9.2080E-10 9.4009E-10 9.5991E-10 9.8070E-10 1.0006E-09 1.0207E-09 1.0421E-09 1.0633E-09 1.0840E-09 1.1053E-09 1.1303E-09 1.1517E-09 1.1778E-09 1.2032E-09 1.2296E-09 1.2550E-09 1.2901E-09 1.3182E-09 1.3471E-09 1.3759E-09 1.4129E-09 1.4407E-09 1.4732E-09 1.5051E-09
4.1582E-10 4.2781E-10 4.3978E-10 4.5196E-10 4.6439E-10 4.7705E-10 4.8997E-10 5.0315E-10 5.1624E-10 5.2989E-10 5.4379E-10 5.5764E-10 5.7173E-10 5.8664E-10 6.0121E-10 6.1573E-10 6.3137E-10 6.4667E-10 6.6278E-10 6.7825E-10 6.9425E-10 7.1140E-10 7.2759E-10 7.4428E-10 7.6280E-10 7.7969E-10 7.9710E-10 8.1605E-10 8.3393E-10 8.5304E-10 8.7205E-10 8.9063E-10 9.1095E-10 9.3034E-10 9.5025E-10 9.7058E-10 9.9120E-10 1.0114E-09 1.0330E-09 1.0543E-09 1.0752E-09 1.0961E-09 1.1219E-09 1.1435E-09 1.1693E-09 1.1956E-09 1.2223E-09 1.2477E-09 1.2835E-09 1.3121E-09 1.3415E-09 1.3745E-09 1.4083E-09 1.4382E-09 1.4706E-09 1.5075E-09 1.5398E-09
4.1881E-10 4.3062E-10 4.4269E-10 4.5504E-10 4.6759E-10 4.8036E-10 4.9316E-10 5.0670E-10 5.2025E-10 5.3349E-10 5.4754E-10 5.6182E-10 5.7664E-10 5.9087E-10 6.0560E-10 6.2117E-10 6.3611E-10 6.5158E-10 6.6789E-10 6.8384E-10 7.0095E-10 7.1711E-10 7.3379E-10 7.5164E-10 7.6916E-10 7.8658E-10 8.0487E-10 8.2312E-10 8.4191E-10 8.6160E-10 8.7991E-10 8.9942E-10 9.2004E-10 9.3904E-10 9.5992E-10 9.8116E-10 1.0008E-09 1.0221E-09 1.0446E-09 1.0650E-09 1.0862E-09 1.1127E-09 1.1338E-09 1.1606E-09 1.1869E-09 1.2134E-09 1.2418E-09 1.2754E-09 1.3063E-09 1.3342E-09 1.3717E-09 1.4040E-09 1.4352E-09 1.4678E-09 1.5073E-09 1.5397E-09 1.5740E-09
4.2141E-10 4.3336E-10 4.4555E-10 4.5797E-10 4.7064E-10 4.8358E-10 4.9678E-10 5.1018E-10 5.2360E-10 5.3754E-10 5.5145E-10 5.6560E-10 5.8059E-10 5.9524E-10 6.1072E-10 6.2560E-10 6.4101E-10 6.5724E-10 6.7285E-10 6.8899E-10 7.0631E-10 7.2265E-10 7.3953E-10 7.5826E-10 7.7567E-10 7.9395E-10 8.1219E-10 8.3033E-10 8.5003E-10 8.6903E-10 8.8858E-10 9.0857E-10 9.2830E-10 9.4858E-10 9.6987E-10 9.9034E-10 1.0110E-09 1.0337E-09 1.0548E-09 1.0762E-09 1.1016E-09 1.1242E-09 1.1505E-09 1.1764E-09 1.2043E-09 1.2344E-09 1.2683E-09 1.3003E-09 1.3265E-09 1.3657E-09 1.3995E-09 1.4297E-09 1.4632E-09 1.5023E-09 1.5362E-09 1.5712E-09 1.6072E-09
4.2392E-10 4.3597E-10 4.4831E-10 4.6084E-10 4.7363E-10 4.8643E-10 4.9998E-10 5.1355E-10 5.2683E-10 5.4091E-10 5.5523E-10 5.7011E-10 5.8440E-10 5.9921E-10 6.1486E-10 6.2989E-10 6.4546E-10 6.6188E-10 6.7796E-10 6.9521E-10 7.1151E-10 7.2835E-10 7.4638E-10 7.6409E-10 7.8171E-10 8.0087E-10 8.1869E-10 8.3773E-10 8.5770E-10 8.7659E-10 8.9675E-10 9.1705E-10 9.3737E-10 9.5871E-10 9.7925E-10 1.0000E-09 1.0221E-09 1.0440E-09 1.0655E-09 1.0903E-09 1.1137E-09 1.1389E-09 1.1663E-09 1.1945E-09 1.2248E-09 1.2590E-09 1.2912E-09 1.3185E-09 1.3574E-09 1.3916E-09 1.4224E-09 1.4598E-09 1.4969E-09 1.5329E-09 1.5663E-09 1.6062E-09 1.6466E-09
4.2636E-10 4.3852E-10 4.5092E-10 4.6357E-10 4.7651E-10 4.8970E-10 5.0311E-10 5.1653E-10 5.3050E-10 5.4443E-10 5.5862E-10 5.7365E-10 5.8836E-10 6.0390E-10 6.1885E-10 6.3433E-10 6.5066E-10 6.6637E-10 6.8262E-10 7.0007E-10 7.1655E-10 7.3481E-10 7.5247E-10 7.7006E-10 7.8853E-10 8.0697E-10 8.2599E-10 8.4528E-10 8.6452E-10 8.8434E-10 9.0530E-10 9.2466E-10 9.4527E-10 9.6761E-10 9.8775E-10 1.0095E-09 1.0326E-09 1.0535E-09 1.0772E-09 1.1026E-09 1.1279E-09 1.1549E-09 1.1838E-09 1.2143E-09 1.2481E-09 1.2812E-09 1.3074E-09 1.3474E-09 1.3827E-09 1.4139E-09 1.4527E-09 1.4909E-09 1.5275E-09 1.5601E-09 1.6055E-09 1.6428E-09 1.6821E-09
4.2866E-10 4.4096E-10 4.5347E-10 4.6623E-10 4.7900E-10 4.9255E-10 5.0611E-10 5.1939E-10 5.3349E-10 5.4782E-10 5.6273E-10 5.7705E-10 5.9190E-10 6.0760E-10 6.2269E-10 6.3891E-10 6.5483E-10 6.7100E-10 6.8835E-10 7.0476E-10 7.2173E-10 7.3990E-10 7.5775E-10 7.7554E-10 7.9488E-10 8.1321E-10 8.3311E-10 8.5234E-10 8.7147E-10 8.9242E-10 9.1246E-10 9.3309E-10 9.5476E-10 9.7563E-10 9.9674E-10 1.0205E-09 1.0415E-09 1.0648E-09 1.0908E-09 1.1141E-09 1.1414E-09 1.1723E-09 1.1998E-09 1.2353E-09 1.2703E-09 1.2968E-09 1.3373E-09 1.3734E-09 1.4043E-09 1.4456E-09 1.4818E-09 1.5201E-09 1.5526E-09 1.5987E-09 1.6390E-09 1.6776E-09 1.7160E-09
4.3090E-10 4.4326E-10 4.5587E-10 4.6877E-10 4.8166E-10 4.9532E-10 5.0873E-10 5.2269E-10 5.3662E-10 5.5081E-10 5.6586E-10 5.8059E-10 5.9616E-10 6.1114E-10 6.2668E-10 6.4307E-10 6.5884E-10 6.7517E-10 6.9271E-10 7.0960E-10 7.2767E-10 7.4545E-10 7.6318E-10 7.8180E-10 8.0040E-10 8.1961E-10 8.3974E-10 8.5854E-10 8.7860E-10 8.9980E-10 9.1975E-10 9.4099E-10 9.6298E-10 9.8413E-10 1.0066E-09 1.0290E-09 1.0510E-09 1.0764E-09 1.1018E-09 1.1291E-09 1.1588E-09 1.1878E-09 1.2234E-09 1.2572E-09 1.2853E-09 1.3260E-09 1.3595E-09 1.3944E-09 1.4323E-09 1.4719E-09 1.5108E-09 1.5446E-09 1.5914E-09 1.6315E-09 1.6693E-09 1.7136E-09 1.7582E-09
4.3303E-10 4.4549E-10 4.5819E-10 4.7093E-10 4.8443E-10 4.9797E-10 5.1122E-10 5.2529E-10 5.3962E-10 5.5452E-10 5.6884E-10 5.8370E-10 5.9942E-10 6.1454E-10 6.3079E-10 6.4676E-10 6.6299E-10 6.8040E-10 6.9689E-10 7.1395E-10 7.3221E-10 7.5019E-10 7.6809E-10 7.8758E-10 8.0606E-10 8.2613E-10 8.4554E-10 8.6555E-10 8.8604E-10 9.0632E-10 9.2720E-10 9.4982E-10 9.7031E-10 9.9173E-10 1.0159E-09 1.0372E-09 1.0628E-09 1.0888E-09 1.1148E-09 1.1445E-09 1.1736E-09 1.2092E-09 1.2431E-09 1.2728E-09 1.3112E-09 1.3475E-09 1.3826E-09 1.4209E-09 1.4609E-09 1.5002E-09 1.5344E-09 1.5819E-09 1.6226E-09 1.6611E-09 1.7089E-09 1.7539E-09 1.7976E-09
4.3479E-10 4.4756E-10 4.6040E-10 4.7297E-10 4.8658E-10 5.0022E-10 5.1414E-10 5.2804E-10 5.4221E-10 5.5724E-10 5.7196E-10 5.8753E-10 6.0252E-10 6.1807E-10 6.3448E-10 6.5029E-10 6.6666E-10 6.8426E-10 7.0121E-10 7.1936E-10 7.3723E-10 7.5505E-10 7.7378E-10 7.9252E-10 8.1186E-10 8.3216E-10 8.5112E-10 8.7202E-10 8.9278E-10 9.1295E-10 9.3552E-10 9.5668E-10 9.7810E-10 1.0009E-09 1.0236E-09 1.0486E-09 1.0738E-09 1.1005E-09 1.1297E-09 1.1588E-09 1.1923E-09 1.2284E-09 1.2594E-09 1.2964E-09 1.3338E-09 1.3707E-09 1.4092E-09 1.4481E-09 1.4884E-09 1.5225E-09 1.5721E-09 1.6159E-09 1.6513E-09 1.7007E-09 1.7464E-09 1.7910E-09 1.8314E-09
4.3666E-10 4.4930E-10 4.6223E-10 4.7566E-10 4.8887E-10 5.0234E-10 5.1637E-10 5.3065E-10 5.4551E-10 5.5981E-10 5.7465E-10 5.9035E-10 6.0547E-10 6.2143E-10 6.3771E-10 6.5396E-10 6.7140E-10 6.8793E-10 7.0504E-10 7.2337E-10 7.4141E-10 7.5971E-10 7.7899E-10 7.9758E-10 8.1778E-10 8.3733E-10 8.5750E-10 8.7816E-10 8.9863E-10 9.1972E-10 9.4258E-10 9.6330E-10 9.8566E-10 1.0094E-09 1.0344E-09 1.0577E-09 1.0849E-09 1.1141E-09 1.1439E-09 1.1752E-09 1.2128E-09 1.2446E-09 1.2809E-09 1.3193E-09 1.3569E-09 1.3930E-09 1.4348E-09 1.4753E-09 1.5114E-09 1.5599E-09 1.6041E-09 1.6409E-09 1.6914E-09 1.7353E-09 1.7819E-09 1.8252E-09 1.8799E-09
