Assets/Resources/2015_m01_d18_0400(utc+0800)_l00_csi_1hr_conc.grd
DSAA
         159         159
     -79.000      79.000
     -79.000      79.000
  0.1709E-10  0.1107E-04
[rows 50 to 74 of 159, columns 0 to 56 of 159]
7.4927E-11 8.3203E-11 9.1453E-11 1.0032E-10 1.1352E-10 1.3115E-10 1.5237E-10 1.7696E-10 1.9972E-10 2.1739E-10 2.3715E-10 2.5843E-10 2.8138E-10 3.0536E-10 3.3131E-10 3.5912E-10 3.8854E-10 4.2053E-10 4.5426E-10 4.9082E-10 5.2975E-10 5.7086E-10 6.1509E-10 6.6238E-10 7.1227E-10 7.6556E-10 8.2196E-10 8.8103E-10 9.4370E-10 1.0096E-09 1.0784E-09 1.1511E-09 1.2267E-09 1.3063E-09 1.3889E-09 1.4749E-09 1.5650E-09 1.6580E-09 1.7549E-09 1.8547E-09 1.9583E-09 2.0645E-09 2.1743E-09 2.2865E-09 2.4020E-09 2.5195E-09 2.6394E-09 2.7623E-09 2.8866E-09 3.0127E-09 3.1402E-09 3.2691E-09 3.3977E-09 3.5260E-09 3.6536E-09 3.7805E-09 3.9050E-09
7.6124E-11 8.3402E-11 9.2432E-11 1.0142E-10 1.1629E-10 1.3424E-10 1.5479E-10 1.8100E-10 2.0171E-10 2.2034E-10 2.4039E-10 2.6210E-10 2.8544E-10 3.0962E-10 3.3603E-10 3.6392E-10 3.9438E-10 4.2690E-10 4.6137E-10 4.9857E-10 5.3787E-10 5.8029E-10 6.2569E-10 6.7365E-10 7.2498E-10 7.7932E-10 8.3633E-10 8.9691E-10 9.6074E-10 1.0274E-09 1.0980E-09 1.1716E-09 1.2491E-09 1.3297E-09 1.4143E-09 1.5020E-09 1.5938E-09 1.6885E-09 1.7873E-09 1.8889E-09 1.9938E-09 2.1024E-09 2.2137E-09 2.3284E-09 2.4453E-09 2.5655E-09 2.6875E-09 2.8121E-09 2.9393E-09 3.0675E-09 3.1968E-09 3.3274E-09 3.4573E-09 3.5869E-09 3.7153E-09 3.8423E-09 3.9672E-09
7.6225E-11 8.3537E-11 9.2627E-11 1.0259E-10 1.1764E-10 1.3858E-10 1.6034E-10 1.8565E-10 2.0356E-10 2.2317E-10 2.4288E-10 2.6497E-10 2.8874E-10 3.1375E-10 3.4057E-10 3.6908E-10 3.9999E-10 4.3277E-10 4.6822E-10 5.0614E-10 5.4631E-10 5.8984E-10 6.3578E-10 6.8509E-10 7.3732E-10 7.9266E-10 8.5068E-10 9.1230E-10 9.7726E-10 1.0451E-09 1.1170E-09 1.1919E-09 1.2703E-09 1.3529E-09 1.4390E-09 1.5283E-09 1.6212E-09 1.7181E-09 1.8180E-09 1.9219E-09 2.0286E-09 2.1392E-09 2.2523E-09 2.3689E-09 2.4878E-09 2.6099E-09 2.7344E-09 2.8611E-09 2.9903E-09 3.1203E-09 3.2512E-09 3.3824E-09 3.5134E-09 3.6445E-09 3.7735E-09 3.9009E-09 4.0264E-09
7.7304E-11 8.3608E-11 9.3464E-11 1.0444E-10 1.2132E-10 1.4014E-10 1.6260E-10 1.8777E-10 2.0603E-10 2.2524E-10 2.4600E-10 2.6844E-10 2.9190E-10 3.1732E-10 3.4466E-10 3.7358E-10 4.0510E-10 4.3879E-10 4.7492E-10 5.1324E-10 5.5487E-10 5.9922E-10 6.4602E-10 6.9617E-10 7.4886E-10 8.0513E-10 8.6447E-10 9.2719E-10 9.9273E-10 1.0623E-09 1.1349E-09 1.2116E-09 1.2914E-09 1.3753E-09 1.4624E-09 1.5538E-09 1.6481E-09 1.7467E-09 1.8482E-09 1.9538E-09 2.0623E-09 2.1746E-09 2.2894E-09 2.4079E-09 2.5287E-09 2.6525E-09 2.7797E-09 2.9083E-09 3.0385E-09 3.1707E-09 3.3028E-09 3.4351E-09 3.5669E-09 3.6985E-09 3.8279E-09 3.9558E-09 4.0816E-09
7.7304E-11 8.4381E-11 9.3527E-11 1.0459E-10 1.2318E-10 1.4285E-10 1.6685E-10 1.9039E-10 2.0842E-10 2.2789E-10 2.4902E-10 2.7178E-10 2.9537E-10 3.2120E-10 3.4854E-10 3.7840E-10 4.1036E-10 4.4427E-10 4.8120E-10 5.2043E-10 5.6280E-10 6.0791E-10 6.5593E-10 7.0683E-10 7.6040E-10 8.1747E-10 8.7782E-10 9.4103E-10 1.0081E-09 1.0783E-09 1.1527E-09 1.2300E-09 1.3117E-09 1.3970E-09 1.4855E-09 1.5777E-09 1.6741E-09 1.7736E-09 1.8773E-09 1.9839E-09 2.0946E-09 2.2079E-09 2.3251E-09 2.4449E-09 2.5684E-09 2.6943E-09 2.8232E-09 2.9534E-09 3.0852E-09 3.2178E-09 3.3516E-09 3.4845E-09 3.6168E-09 3.7480E-09 3.8778E-09 4.0066E-09 4.1325E-09
7.7244E-11 8.4332E-11 9.3517E-11 1.0789E-10 1.2522E-10 1.4470E-10 1.6967E-10 1.9174E-10 2.1003E-10 2.2980E-10 2.5122E-10 2.7436E-10 2.9870E-10 3.2492E-10 3.5271E-10 3.8299E-10 4.1510E-10 4.5023E-10 4.8794E-10 5.2786E-10 5.7089E-10 6.1672E-10 6.6499E-10 7.1665E-10 7.7141E-10 8.2934E-10 8.9015E-10 9.5478E-10 1.0224E-09 1.0943E-09 1.1697E-09 1.2483E-09 1.3312E-09 1.4172E-09 1.5076E-09 1.6011E-09 1.6984E-09 1.7999E-09 1.9050E-09 2.0132E-09 2.1254E-09 2.2403E-09 2.3593E-09 2.4811E-09 2.6059E-09 2.7343E-09 2.8641E-09 2.9956E-09 3.1292E-09 3.2627E-09 3.3964E-09 3.5304E-09 3.6629E-09 3.7944E-09 3.9244E-09 4.0525E-09 4.1793E-09
7.7123E-11 8.4966E-11 9.4338E-11 1.0882E-10 1.2781E-10 1.4725E-10 1.7314E-10 1.9373E-10 2.1225E-10 2.3156E-10 2.5405E-10 2.7679E-10 3.0151E-10 3.2807E-10 3.5628E-10 3.8746E-10 4.2037E-10 4.5617E-10 4.9406E-10 5.3501E-10 5.7864E-10 6.2469E-10 6.7404E-10 7.2643E-10 7.8192E-10 8.4025E-10 9.0236E-10 9.6792E-10 1.0366E-09 1.1095E-09 1.1855E-09 1.2658E-09 1.3497E-09 1.4370E-09 1.5281E-09 1.6234E-09 1.7221E-09 1.8250E-09 1.9309E-09 2.0410E-09 2.1541E-09 2.2714E-09 2.3917E-09 2.5159E-09 2.6425E-09 2.7723E-09 2.9033E-09 3.0360E-09 3.1704E-09 3.3044E-09 3.4384E-09 3.5719E-09 3.7052E-09 3.8368E-09 3.9668E-09 4.0950E-09 4.2209E-09
7.6942E-11 8.4793E-11 9.4199E-11 1.1112E-10 1.2887E-10 1.5025E-10 1.7472E-10 1.9492E-10 2.1433E-10 2.3404E-10 2.5603E-10 2.7955E-10 3.0453E-10 3.3109E-10 3.6018E-10 3.9169E-10 4.2516E-10 4.6149E-10 4.9990E-10 5.4181E-10 5.8561E-10 6.3264E-10 6.8264E-10 7.3524E-10 7.9154E-10 8.5103E-10 9.1404E-10 9.7997E-10 1.0502E-09 1.1240E-09 1.2010E-09 1.2823E-09 1.3669E-09 1.4553E-09 1.5481E-09 1.6441E-09 1.7445E-09 1.8486E-09 1.9559E-09 2.0673E-09 2.1822E-09 2.3013E-09 2.4235E-09 2.5485E-09 2.6773E-09 2.8082E-09 2.9396E-09 3.0737E-09 3.2077E-09 3.3419E-09 3.4767E-09 3.6103E-09 3.7429E-09 3.8744E-09 4.0051E-09 4.1331E-09 4.2590E-09
7.6702E-11 8.5285E-11 9.4909E-11 1.1201E-10 1.3128E-10 1.5149E-10 1.7804E-10 1.9673E-10 2.1573E-10 2.3633E-10 2.5865E-10 2.8169E-10 3.0745E-10 3.3406E-10 3.6423E-10 3.9581E-10 4.3017E-10 4.6696E-10 5.0587E-10 5.4787E-10 5.9256E-10 6.4019E-10 6.9031E-10 7.4409E-10 8.0098E-10 8.6135E-10 9.2460E-10 9.9197E-10 1.0630E-09 1.1373E-09 1.2152E-09 1.2976E-09 1.3831E-09 1.4731E-09 1.5670E-09 1.6641E-09 1.7656E-09 1.8703E-09 1.9794E-09 2.0922E-09 2.2092E-09 2.3295E-09 2.4535E-09 2.5802E-09 2.7099E-09 2.8412E-09 2.9739E-09 3.1082E-09 3.2423E-09 3.3765E-09 3.5113E-09 3.6448E-09 3.7774E-09 3.9087E-09 4.0392E-09 4.1663E-09 4.2919E-09
7.6405E-11 8.5033E-11 9.5532E-11 1.1360E-10 1.3230E-10 1.5516E-10 1.7887E-10 1.9779E-10 2.1698E-10 2.3787E-10 2.6040E-10 2.8418E-10 3.0999E-10 3.3759E-10 3.6775E-10 3.9974E-10 4.3494E-10 4.7171E-10 5.1150E-10 5.5388E-10 5.9871E-10 6.4683E-10 6.9804E-10 7.5236E-10 8.0957E-10 8.7057E-10 9.3506E-10 1.0028E-09 1.0747E-09 1.1497E-09 1.2291E-09 1.3123E-09 1.3989E-09 1.4898E-09 1.5841E-09 1.6828E-09 1.7848E-09 1.8913E-09 2.0016E-09 2.1164E-09 2.2346E-09 2.3567E-09 2.4815E-09 2.6098E-09 2.7404E-09 2.8714E-09 3.0050E-09 3.1386E-09 3.2727E-09 3.4076E-09 3.5415E-09 3.6748E-09 3.8071E-09 3.9389E-09 4.0683E-09 4.1958E-09 4.3211E-09
7.6101E-11 8.4774E-11 9.6223E-11 1.1510E-10 1.3252E-10 1.5566E-10 1.8083E-10 1.9944E-10 2.1815E-10 2.3995E-10 2.6207E-10 2.8633E-10 3.1263E-10 3.4099E-10 3.7150E-10 4.0387E-10 4.3899E-10 4.7614E-10 5.1630E-10 5.5915E-10 6.0486E-10 6.5350E-10 7.0482E-10 7.5977E-10 8.1801E-10 8.7970E-10 9.4446E-10 1.0134E-09 1.0860E-09 1.1619E-09 1.2421E-09 1.3256E-09 1.4136E-09 1.5053E-09 1.6000E-09 1.6996E-09 1.8034E-09 1.9110E-09 2.0234E-09 2.1391E-09 2.2590E-09 2.3823E-09 2.5082E-09 2.6373E-09 2.7676E-09 2.8994E-09 3.0329E-09 3.1664E-09 3.3003E-09 3.4350E-09 3.5686E-09 3.7015E-09 3.8335E-09 3.9649E-09 4.0931E-09 4.2210E-09 4.3459E-09
7.5791E-11 8.5225E-11 9.8415E-11 1.1598E-10 1.3473E-10 1.5791E-10 1.8225E-10 2.0098E-10 2.1995E-10 2.4196E-10 2.6387E-10 2.8894E-10 3.1514E-10 3.4381E-10 3.7463E-10 4.0730E-10 4.4314E-10 4.8065E-10 5.2117E-10 5.6403E-10 6.1016E-10 6.5932E-10 7.1158E-10 7.6705E-10 8.2548E-10 8.8822E-10 9.5369E-10 1.0233E-09 1.0961E-09 1.1732E-09 1.2541E-09 1.3379E-09 1.4265E-09 1.5192E-09 1.6151E-09 1.7161E-09 1.8207E-09 1.9304E-09 2.0440E-09 2.1610E-09 2.2820E-09 2.4057E-09 2.5329E-09 2.6616E-09 2.7918E-09 2.9242E-09 3.0568E-09 3.1900E-09 3.3244E-09 3.4579E-09 3.5911E-09 3.7236E-09 3.8558E-09 3.9860E-09 4.1145E-09 4.2411E-09 4.3662E-09
7.5478E-11 8.4955E-11 9.9076E-11 1.1684E-10 1.3488E-10 1.5962E-10 1.8284E-10 2.0179E-10 2.2098E-10 2.4347E-10 2.6611E-10 2.9142E-10 3.1747E-10 3.4682E-10 3.7750E-10 4.1083E-10 4.4658E-10 4.8437E-10 5.2571E-10 5.6892E-10 6.1555E-10 6.6465E-10 7.1785E-10 7.7343E-10 8.3284E-10 8.9566E-10 9.6172E-10 1.0320E-09 1.1053E-09 1.1831E-09 1.2647E-09 1.3496E-09 1.4390E-09 1.5317E-09 1.6296E-09 1.7318E-09 1.8381E-09 1.9488E-09 2.0631E-09 2.1816E-09 2.3035E-09 2.4278E-09 2.5545E-09 2.6837E-09 2.8138E-09 2.9451E-09 3.0781E-09 3.2110E-09 3.3442E-09 3.4779E-09 3.6106E-09 3.7425E-09 3.8741E-09 4.0029E-09 4.1316E-09 4.2576E-09 4.3814E-09
7.5163E-11 8.4667E-11 9.9624E-11 1.1681E-10 1.3700E-10 1.5994E-10 1.8411E-10 2.0259E-10 2.2290E-10 2.4496E-10 2.6823E-10 2.9336E-10 3.2004E-10 3.4921E-10 3.8006E-10 4.1410E-10 4.4966E-10 4.8826E-10 5.2943E-10 5.7309E-10 6.2043E-10 6.7005E-10 7.2326E-10 7.7928E-10 8.3957E-10 9.0250E-10 9.6957E-10 1.0403E-09 1.1143E-09 1.1926E-09 1.2741E-09 1.3602E-09 1.4502E-09 1.5438E-09 1.6434E-09 1.7466E-09 1.8543E-09 1.9663E-09 2.0814E-09 2.2008E-09 2.3225E-09 2.4469E-09 2.5740E-09 2.7022E-09 2.8320E-09 2.9637E-09 3.0955E-09 3.2278E-09 3.3611E-09 3.4935E-09 3.6255E-09 3.7575E-09 3.8877E-09 4.0165E-09 4.1438E-09 4.2698E-09 4.3931E-09
7.4849E-11 8.5325E-11 1.0109E-10 1.1765E-10 1.3709E-10 1.6154E-10 1.8471E-10 2.0355E-10 2.2408E-10 2.4634E-10 2.6981E-10 2.9511E-10 3.2198E-10 3.5170E-10 3.8239E-10 4.1663E-10 4.5251E-10 4.9132E-10 5.3290E-10 5.7724E-10 6.2458E-10 6.7456E-10 7.2858E-10 7.8500E-10 8.4534E-10 9.0863E-10 9.7668E-10 1.0474E-09 1.1218E-09 1.2010E-09 1.2826E-09 1.3694E-09 1.4607E-09 1.5559E-09 1.6564E-09 1.7603E-09 1.8693E-09 1.9820E-09 2.0979E-09 2.2175E-09 2.3392E-09 2.4639E-09 2.5907E-09 2.7179E-09 2.8479E-09 2.9790E-09 3.1095E-09 3.2419E-09 3.3745E-09 3.5054E-09 3.6374E-09 3.7686E-09 3.8973E-09 4.0261E-09 4.1526E-09 4.2772E-09 4.3997E-09
7.4550E-11 8.5060E-11 1.0160E-10 1.1839E-10 1.3786E-10 1.6320E-10 1.8614E-10 2.0446E-10 2.2587E-10 2.4760E-10 2.7161E-10 2.9667E-10 3.2408E-10 3.5359E-10 3.8488E-10 4.1935E-10 4.5501E-10 4.9457E-10 5.3594E-10 5.8107E-10 6.2830E-10 6.7904E-10 7.3295E-10 7.9023E-10 8.5084E-10 9.1465E-10 9.8258E-10 1.0536E-09 1.1289E-09 1.2081E-09 1.2909E-09 1.3788E-09 1.4707E-09 1.5677E-09 1.6690E-09 1.7740E-09 1.8836E-09 1.9965E-09 2.1132E-09 2.2326E-09 2.3540E-09 2.4784E-09 2.6041E-09 2.7314E-09 2.8608E-09 2.9905E-09 3.1210E-09 3.2526E-09 3.3836E-09 3.5145E-09 3.6456E-09 3.7751E-09 3.9029E-09 4.0309E-09 4.1573E-09 4.2803E-09 4.4029E-09
7.4262E-11 8.5683E-11 1.0229E-10 1.1918E-10 1.4062E-10 1.6372E-10 1.8685E-10 2.0530E-10 2.2754E-10 2.4869E-10 2.7283E-10 2.9800E-10 3.2556E-10 3.5524E-10 3.8670E-10 4.2140E-10 4.5770E-10 4.9746E-10 5.3869E-10 5.8410E-10 6.3158E-10 6.8303E-10 7.3685E-10 7.9436E-10 8.5533E-10 9.1944E-10 9.8814E-10 1.0590E-09 1.1352E-09 1.2146E-09 1.2984E-09 1.3880E-09 1.4803E-09 1.5782E-09 1.6803E-09 1.7862E-09 1.8969E-09 2.0098E-09 2.1262E-09 2.2447E-09 2.3657E-09 2.4896E-09 2.6146E-09 2.7420E-09 2.8706E-09 2.9988E-09 3.1292E-09 3.2599E-09 3.3893E-09 3.5199E-09 3.6500E-09 3.7779E-09 3.9055E-09 4.0326E-09 4.1573E-09 4.2803E-09 4.4020E-09
7.3962E-11 8.5432E-11 1.0356E-10 1.1933E-10 1.4163E-10 1.6421E-10 1.8815E-10 2.0602E-10 2.2839E-10 2.4960E-10 2.7426E-10 2.9912E-10 3.2726E-10 3.5664E-10 3.8875E-10 4.2315E-10 4.5966E-10 4.9966E-10 5.4155E-10 5.8713E-10 6.3442E-10 6.8616E-10 7.4014E-10 7.9840E-10 8.5917E-10 9.2398E-10 9.9245E-10 1.0640E-09 1.1406E-09 1.2208E-09 1.3064E-09 1.3961E-09 1.4901E-09 1.5886E-09 1.6911E-09 1.7978E-09 1.9079E-09 2.0205E-09 2.1365E-09 2.2545E-09 2.3756E-09 2.4988E-09 2.6225E-09 2.7490E-09 2.8768E-09 3.0041E-09 3.1335E-09 3.2632E-09 3.3915E-09 3.5211E-09 3.6502E-09 3.7770E-09 3.9044E-09 4.0304E-09 4.1534E-09 4.2762E-09 4.3970E-09
7.3695E-11 8.5251E-11 1.0364E-10 1.1954E-10 1.4198E-10 1.6464E-10 1.8869E-10 2.0737E-10 2.2907E-10 2.5081E-10 2.7510E-10 3.0011E-10 3.2832E-10 3.5790E-10 3.9049E-10 4.2469E-10 4.6181E-10 5.0156E-10 5.4359E-10 5.8941E-10 6.3731E-10 6.8917E-10 7.4341E-10 8.0139E-10 8.6224E-10 9.2784E-10 9.9597E-10 1.0685E-09 1.1463E-09 1.2272E-09 1.3139E-09 1.4042E-09 1.4986E-09 1.5986E-09 1.7006E-09 1.8078E-09 1.9170E-09 2.0297E-09 2.1451E-09 2.2619E-09 2.3831E-09 2.5048E-09 2.6283E-09 2.7539E-09 2.8801E-09 3.0070E-09 3.1353E-09 3.2632E-09 3.3912E-09 3.5196E-09 3.6469E-09 3.7733E-09 3.8995E-09 4.0237E-09 4.1465E-09 4.2683E-09 4.3874E-09
7.3524E-11 8.6133E-11 1.0461E-10 1.2054E-10 1.4229E-10 1.6499E-10 1.8914E-10 2.0783E-10 2.2964E-10 2.5140E-10 2.7584E-10 3.0087E-10 3.2968E-10 3.5889E-10 3.9167E-10 4.2600E-10 4.6325E-10 5.0310E-10 5.4577E-10 5.9125E-10 6.3928E-10 6.9133E-10 7.4566E-10 8.0415E-10 8.6475E-10 9.3057E-10 9.9964E-10 1.0734E-09 1.1517E-09 1.2331E-09 1.3208E-09 1.4116E-09 1.5073E-09 1.6068E-09 1.7092E-09 1.8154E-09 1.9241E-09 2.0363E-09 2.1510E-09 2.2678E-09 2.3874E-09 2.5083E-09 2.6308E-09 2.7561E-09 2.8804E-09 3.0070E-09 3.1341E-09 3.2601E-09 3.3876E-09 3.5148E-09 3.6401E-09 3.7653E-09 3.8904E-09 4.0135E-09 4.1351E-09 4.2559E-09 4.3740E-09
7.3534E-11 8.6200E-11 1.0476E-10 1.2074E-10 1.4126E-10 1.6592E-10 1.8943E-10 2.0891E-10 2.3005E-10 2.5190E-10 2.7639E-10 3.0154E-10 3.3039E-10 3.5974E-10 3.9304E-10 4.2705E-10 4.6481E-10 5.0440E-10 5.4710E-10 5.9270E-10 6.4130E-10 6.9294E-10 7.4777E-10 8.0593E-10 8.6736E-10 9.3397E-10 1.0032E-09 1.0779E-09 1.1568E-09 1.2396E-09 1.3278E-09 1.4186E-09 1.5149E-09 1.6136E-09 1.7161E-09 1.8218E-09 1.9299E-09 2.0413E-09 2.1548E-09 2.2714E-09 2.3900E-09 2.5092E-09 2.6313E-09 2.7548E-09 2.8779E-09 3.0032E-09 3.1291E-09 3.2538E-09 3.3808E-09 3.5060E-09 3.6300E-09 3.7548E-09 3.8786E-09 3.9997E-09 4.1210E-09 4.2406E-09 4.3577E-09
7.3590E-11 8.6293E-11 1.0490E-10 1.2089E-10 1.4145E-10 1.6488E-10 1.8965E-10 2.0917E-10 2.3036E-10 2.5268E-10 2.7682E-10 3.0245E-10 3.3098E-10 3.6039E-10 3.9377E-10 4.2783E-10 4.6571E-10 5.0530E-10 5.4854E-10 5.9377E-10 6.4278E-10 6.9404E-10 7.4890E-10 8.0745E-10 8.6954E-10 9.3692E-10 1.0068E-09 1.0827E-09 1.1617E-09 1.2457E-09 1.3338E-09 1.4246E-09 1.5206E-09 1.6187E-09 1.7207E-09 1.8258E-09 1.9332E-09 2.0444E-09 2.1564E-09 2.2720E-09 2.3896E-09 2.5076E-09 2.6293E-09 2.7508E-09 2.8734E-09 2.9974E-09 3.1212E-09 3.2453E-09 3.3702E-09 3.4941E-09 3.6175E-09 3.7409E-09 3.8627E-09 3.9833E-09 4.1034E-09 4.2211E-09 4.3371E-09
7.3671E-11 8.6387E-11 1.0502E-10 1.2099E-10 1.4157E-10 1.6497E-10 1.8978E-10 2.0930E-10 2.3057E-10 2.5291E-10 2.7711E-10 3.0280E-10 3.3140E-10 3.6083E-10 3.9427E-10 4.2839E-10 4.6667E-10 5.0592E-10 5.4918E-10 5.9435E-10 6.4341E-10 6.9462E-10 7.5041E-10 8.0904E-10 8.7250E-10 9.3983E-10 1.0105E-09 1.0874E-09 1.1666E-09 1.2508E-09 1.3388E-09 1.4298E-09 1.5252E-09 1.6223E-09 1.7242E-09 1.8280E-09 1.9352E-09 2.0449E-09 2.1558E-09 2.2711E-09 2.3869E-09 2.5044E-09 2.6241E-09 2.7443E-09 2.8654E-09 2.9888E-09 3.1105E-09 3.2339E-09 3.3574E-09 3.4791E-09 3.6011E-09 3.7232E-09 3.8435E-09 3.9629E-09 4.0817E-09 4.1981E-09 4.3139E-09
7.3762E-11 8.6479E-11 1.0434E-10 1.2029E-10 1.4161E-10 1.6379E-10 1.8979E-10 2.1011E-10 2.3065E-10 2.5347E-10 2.7731E-10 3.0345E-10 3.3163E-10 3.6155E-10 3.9457E-10 4.2865E-10 4.6700E-10 5.0620E-10 5.4980E-10 5.9457E-10 6.4399E-10 6.9537E-10 7.5156E-10 8.1108E-10 8.7485E-10 9.4303E-10 1.0146E-09 1.0916E-09 1.1709E-09 1.2556E-09 1.3426E-09 1.4330E-09 1.5280E-09 1.6244E-09 1.7256E-09 1.8285E-09 1.9347E-09 2.0434E-09 2.1540E-09 2.2680E-09 2.3819E-09 2.4981E-09 2.6171E-09 2.7352E-09 2.8557E-09 2.9769E-09 3.0971E-09 3.2190E-09 3.3410E-09 3.4612E-09 3.5825E-09 3.7031E-09 3.8214E-09 3.9401E-09 4.0575E-09 4.1720E-09 4.2873E-09
7.3863E-11 8.6532E-11 1.0206E-10 1.1868E-10 1.4166E-10 1.6118E-10 1.8980E-10 2.1007E-10 2.3069E-10 2.5353E-10 2.7738E-10 3.0350E-10 3.3174E-10 3.6161E-10 3.9462E-10 4.2871E-10 4.6700E-10 5.0610E-10 5.4971E-10 5.9444E-10 6.4448E-10 6.9618E-10 7.5365E-10 8.1299E-10 8.7809E-10 9.4606E-10 1.0182E-09 1.0953E-09 1.1744E-09 1.2586E-09 1.3451E-09 1.4356E-09 1.5293E-09 1.6255E-09 1.7258E-09 1.8272E-09 1.9330E-09 2.0401E-09 2.1494E-09 2.2622E-09 2.3747E-09 2.4902E-09 2.6071E-09 2.7237E-09 2.8434E-09 2.9624E-09 3.0810E-09 3.2022E-09 3.3219E-09 3.4405E-09 3.5611E-09 3.6795E-09 3.7962E-09 3.9143E-09 4.0297E-09 4.1436E-09 4.2569E-09
