Assets/Resources/2015_m01_d08_2200(utc+0800)_l00_csi_1hr_conc.grd
DSAA
         159         159
     -79.000      79.000
     -79.000      79.000
  0.4050E-09  0.3795E-04
[rows 100 to 124 of 159, columns 0 to 56 of 159]
8.2634E-10 8.4848E-10 8.7816E-10 8.9332E-10 9.1445E-10 9.3258E-10 9.5312E-10 9.7422E-10 1.0016E-09 1.0328E-09 1.0744E-09 1.1087E-09 1.1448E-09 1.1957E-09 1.2329E-09 1.2930E-09 1.3446E-09 1.3883E-09 1.4463E-09 1.5075E-09 1.5764E-09 1.6707E-09 1.7412E-09 1.8491E-09 1.9293E-09 2.0805E-09 2.2030E-09 2.3519E-09 2.4608E-09 2.5762E-09 2.7029E-09 2.8370E-09 2.9785E-09 3.1278E-09 3.2855E-09 3.4536E-09 3.6340E-09 3.8213E-09 4.0143E-09 4.2212E-09 4.4349E-09 4.6731E-09 5.0767E-09 5.5808E-09 6.0306E-09 6.5406E-09 6.8188E-09 7.1133E-09 7.3953E-09 7.6771E-09 7.9732E-09 8.2548E-09 8.5266E-09 8.8151E-09 9.0948E-09 9.3492E-09 9.6062E-09
8.1749E-10 8.3788E-10 8.6446E-10 8.8273E-10 9.0147E-10 9.2083E-10 9.4083E-10 9.6139E-10 9.8816E-10 1.0153E-09 1.0557E-09 1.0871E-09 1.1271E-09 1.1769E-09 1.2202E-09 1.2706E-09 1.3223E-09 1.3761E-09 1.4177E-09 1.4965E-09 1.5582E-09 1.6192E-09 1.7269E-09 1.8004E-09 1.9325E-09 2.0278E-09 2.1930E-09 2.3099E-09 2.4517E-09 2.5686E-09 2.6925E-09 2.8235E-09 2.9638E-09 3.1125E-09 3.2677E-09 3.4313E-09 3.6028E-09 3.7862E-09 3.9752E-09 4.1706E-09 4.3790E-09 4.7324E-09 5.1546E-09 5.5385E-09 5.9969E-09 6.2490E-09 6.5081E-09 6.7638E-09 7.0295E-09 7.2853E-09 7.5394E-09 7.8055E-09 8.0527E-09 8.2855E-09 8.5268E-09 8.7507E-09 8.9594E-09
8.0863E-10 8.2721E-10 8.5069E-10 8.7207E-10 8.9031E-10 9.0914E-10 9.2854E-10 9.4850E-10 9.7116E-10 9.9303E-10 1.0408E-09 1.0752E-09 1.1122E-09 1.1541E-09 1.2107E-09 1.2446E-09 1.3091E-09 1.3654E-09 1.4069E-09 1.4538E-09 1.5490E-09 1.6154E-09 1.6917E-09 1.8087E-09 1.9021E-09 2.0342E-09 2.1335E-09 2.3071E-09 2.4141E-09 2.5625E-09 2.6870E-09 2.8179E-09 2.9554E-09 3.0999E-09 3.2523E-09 3.4127E-09 3.5793E-09 3.7546E-09 3.9376E-09 4.1259E-09 4.3266E-09 4.7556E-09 5.0572E-09 5.4552E-09 5.6925E-09 5.9353E-09 6.1760E-09 6.4335E-09 6.6717E-09 6.9193E-09 7.1580E-09 7.3814E-09 7.6145E-09 7.8153E-09 8.0028E-09 8.2055E-09 8.3770E-09
7.9879E-10 8.1657E-10 8.3229E-10 8.6138E-10 8.7907E-10 8.9740E-10 9.1629E-10 9.3572E-10 9.5330E-10 9.7898E-10 1.0160E-09 1.0623E-09 1.0893E-09 1.1390E-09 1.1761E-09 1.2363E-09 1.2883E-09 1.3439E-09 1.4054E-09 1.4532E-09 1.5185E-09 1.6277E-09 1.7113E-09 1.7918E-09 1.9084E-09 2.0054E-09 2.1372E-09 2.2467E-09 2.4169E-09 2.5304E-09 2.6840E-09 2.8137E-09 2.9497E-09 3.0921E-09 3.2421E-09 3.3960E-09 3.5592E-09 3.7283E-09 3.9031E-09 4.0851E-09 4.3183E-09 4.6289E-09 5.0031E-09 5.2247E-09 5.4468E-09 5.6782E-09 5.9142E-09 6.1348E-09 6.3678E-09 6.5651E-09 6.7821E-09 6.9628E-09 7.0934E-09 7.2296E-09 7.3929E-09 7.5446E-09 7.7080E-09
7.8893E-10 8.0410E-10 8.2236E-10 8.5074E-10 8.6794E-10 8.8569E-10 9.0401E-10 9.1942E-10 9.3903E-10 9.6507E-10 9.9216E-10 1.0412E-09 1.0755E-09 1.1254E-09 1.1742E-09 1.2355E-09 1.2740E-09 1.3313E-09 1.4043E-09 1.4505E-09 1.5220E-09 1.6327E-09 1.7193E-09 1.8041E-09 1.8897E-09 2.0126E-09 2.1158E-09 2.2524E-09 2.3587E-09 2.5349E-09 2.6542E-09 2.8136E-09 2.9465E-09 3.0874E-09 3.2343E-09 3.3863E-09 3.5429E-09 3.7087E-09 3.8778E-09 4.0596E-09 4.3341E-09 4.5408E-09 4.8393E-09 5.0483E-09 5.2605E-09 5.4691E-09 5.6688E-09 5.8675E-09 6.0566E-09 6.2374E-09 6.4116E-09 6.5767E-09 6.7306E-09 6.8766E-09 7.0295E-09 7.1583E-09 7.2804E-09
7.8003E-10 7.9230E-10 8.1244E-10 8.4004E-10 8.5677E-10 8.7405E-10 8.9187E-10 9.0676E-10 9.2584E-10 9.5192E-10 9.8040E-10 1.0344E-09 1.0726E-09 1.1054E-09 1.1658E-09 1.2117E-09 1.2764E-09 1.3311E-09 1.4087E-09 1.4804E-09 1.5416E-09 1.6242E-09 1.7327E-09 1.8087E-09 1.9024E-09 2.0261E-09 2.1255E-09 2.2323E-09 2.3684E-09 2.4791E-09 2.6607E-09 2.7854E-09 2.9485E-09 3.0853E-09 3.2321E-09 3.3820E-09 3.5372E-09 3.6996E-09 3.8702E-09 4.0909E-09 4.2821E-09 4.5162E-09 4.7114E-09 4.9070E-09 5.1002E-09 5.2821E-09 5.4714E-09 5.6501E-09 5.8241E-09 5.9842E-09 6.1448E-09 6.2864E-09 6.4285E-09 6.5534E-09 6.6714E-09 6.7904E-09 6.8455E-09
7.7108E-10 7.8296E-10 8.0259E-10 8.2948E-10 8.4388E-10 8.6069E-10 8.7700E-10 8.9712E-10 9.1821E-10 9.4597E-10 9.7313E-10 1.0197E-09 1.0587E-09 1.1003E-09 1.1484E-09 1.2120E-09 1.2763E-09 1.3382E-09 1.4066E-09 1.4869E-09 1.5625E-09 1.6387E-09 1.7097E-09 1.8219E-09 1.9150E-09 2.0164E-09 2.1437E-09 2.2476E-09 2.3528E-09 2.4936E-09 2.6097E-09 2.7966E-09 2.9258E-09 3.0946E-09 3.2379E-09 3.3922E-09 3.5514E-09 3.7158E-09 3.8887E-09 4.0607E-09 4.2376E-09 4.4219E-09 4.6089E-09 4.7840E-09 4.9512E-09 5.1238E-09 5.2862E-09 5.4375E-09 5.5923E-09 5.7110E-09 5.8042E-09 5.8986E-09 6.0152E-09 6.1241E-09 6.2284E-09 6.3237E-09 6.4133E-09
7.6224E-10 7.7367E-10 7.9159E-10 8.1969E-10 8.3370E-10 8.5221E-10 8.7171E-10 8.9206E-10 9.1324E-10 9.3398E-10 9.6129E-10 1.0099E-09 1.0573E-09 1.1013E-09 1.1420E-09 1.2163E-09 1.2681E-09 1.3608E-09 1.4154E-09 1.4873E-09 1.5676E-09 1.6497E-09 1.7291E-09 1.8259E-09 1.9328E-09 2.0299E-09 2.1381E-09 2.2656E-09 2.3718E-09 2.4825E-09 2.6299E-09 2.7546E-09 2.9188E-09 3.0913E-09 3.2387E-09 3.4253E-09 3.5823E-09 3.7425E-09 3.9005E-09 4.0579E-09 4.2144E-09 4.3690E-09 4.5210E-09 4.6702E-09 4.8172E-09 4.9597E-09 5.0970E-09 5.2308E-09 5.3589E-09 5.4799E-09 5.5946E-09 5.7030E-09 5.8046E-09 5.8985E-09 5.9851E-09 6.0669E-09 6.1435E-09
7.5202E-10 7.6389E-10 7.9119E-10 8.0769E-10 8.2913E-10 8.4775E-10 8.6737E-10 8.8789E-10 9.0923E-10 9.2800E-10 9.5721E-10 9.9598E-10 1.0413E-09 1.0856E-09 1.1495E-09 1.2026E-09 1.2833E-09 1.3590E-09 1.4370E-09 1.5117E-09 1.5870E-09 1.6776E-09 1.7513E-09 1.8338E-09 1.9408E-09 2.0577E-09 2.1596E-09 2.2620E-09 2.3984E-09 2.5144E-09 2.6374E-09 2.7973E-09 2.9339E-09 3.1054E-09 3.2802E-09 3.4255E-09 3.6049E-09 3.7518E-09 3.9010E-09 4.0468E-09 4.1900E-09 4.3306E-09 4.4685E-09 4.6028E-09 4.7332E-09 4.8593E-09 4.9821E-09 5.0992E-09 5.2120E-09 5.3192E-09 5.4191E-09 5.5136E-09 5.6001E-09 5.6839E-09 5.7590E-09 5.8273E-09 5.8900E-09
7.5413E-10 7.6754E-10 7.8393E-10 8.0387E-10 8.2544E-10 8.4424E-10 8.6389E-10 8.8450E-10 9.0244E-10 9.2484E-10 9.5376E-10 9.8657E-10 1.0363E-09 1.0815E-09 1.1330E-09 1.2107E-09 1.2837E-09 1.3456E-09 1.4560E-09 1.5232E-09 1.6011E-09 1.6860E-09 1.7827E-09 1.8600E-09 1.9561E-09 2.0773E-09 2.1934E-09 2.3011E-09 2.4163E-09 2.5651E-09 2.6900E-09 2.8182E-09 2.9790E-09 3.1124E-09 3.2785E-09 3.4460E-09 3.5825E-09 3.7184E-09 3.8865E-09 4.0199E-09 4.1542E-09 4.2820E-09 4.4062E-09 4.5272E-09 4.6439E-09 4.7567E-09 4.8645E-09 4.9688E-09 5.0674E-09 5.1594E-09 5.2482E-09 5.3297E-09 5.4068E-09 5.4773E-09 5.5450E-09 5.6067E-09 5.6612E-09
7.5076E-10 7.6439E-10 7.7855E-10 8.0089E-10 8.2254E-10 8.4147E-10 8.6124E-10 8.8178E-10 8.9982E-10 9.2223E-10 9.5101E-10 9.8432E-10 1.0298E-09 1.0808E-09 1.1324E-09 1.2134E-09 1.2795E-09 1.3582E-09 1.4555E-09 1.5463E-09 1.6101E-09 1.7040E-09 1.8004E-09 1.9107E-09 2.0086E-09 2.1078E-09 2.2291E-09 2.3549E-09 2.4695E-09 2.5880E-09 2.7081E-09 2.8592E-09 2.9838E-09 3.1094E-09 3.2658E-09 3.3925E-09 3.5501E-09 3.7071E-09 3.8309E-09 3.9855E-09 4.1047E-09 4.2216E-09 4.3369E-09 4.4456E-09 4.5503E-09 4.6510E-09 4.7469E-09 4.8387E-09 4.9258E-09 5.0080E-09 5.0841E-09 5.1551E-09 5.2236E-09 5.2858E-09 5.3435E-09 5.3962E-09 5.4459E-09
7.4817E-10 7.6201E-10 7.7637E-10 7.9875E-10 8.2032E-10 8.3575E-10 8.5563E-10 8.7628E-10 8.9766E-10 9.2003E-10 9.4180E-10 9.7664E-10 1.0260E-09 1.0707E-09 1.1301E-09 1.1842E-09 1.2904E-09 1.3563E-09 1.4558E-09 1.5655E-09 1.6484E-09 1.7287E-09 1.8388E-09 1.9508E-09 2.0620E-09 2.1623E-09 2.2663E-09 2.3893E-09 2.5156E-09 2.6289E-09 2.7453E-09 2.8618E-09 3.0078E-09 3.1260E-09 3.2440E-09 3.3913E-09 3.5078E-09 3.6540E-09 3.7673E-09 3.9100E-09 4.0182E-09 4.1563E-09 4.2580E-09 4.3565E-09 4.4531E-09 4.5430E-09 4.6290E-09 4.7103E-09 4.7878E-09 4.8600E-09 4.9288E-09 4.9921E-09 5.0503E-09 5.1039E-09 5.1532E-09 5.1992E-09 5.2394E-09
7.4805E-10 7.6028E-10 7.7483E-10 7.9303E-10 8.1157E-10 8.3417E-10 8.5411E-10 8.7491E-10 8.9644E-10 9.1860E-10 9.4094E-10 9.7665E-10 1.0182E-09 1.0734E-09 1.1275E-09 1.1916E-09 1.2876E-09 1.3682E-09 1.4477E-09 1.5926E-09 1.6935E-09 1.7954E-09 1.8970E-09 1.9884E-09 2.0978E-09 2.2112E-09 2.3126E-09 2.4165E-09 2.5383E-09 2.6622E-09 2.7715E-09 2.8834E-09 2.9937E-09 3.1322E-09 3.2421E-09 3.3509E-09 3.4878E-09 3.5935E-09 3.6968E-09 3.8289E-09 3.9584E-09 4.0537E-09 4.1456E-09 4.2667E-09 4.3512E-09 4.4316E-09 4.5102E-09 4.5834E-09 4.6518E-09 4.7167E-09 4.7770E-09 4.8333E-09 4.8858E-09 4.9334E-09 4.9763E-09 5.0152E-09 5.0504E-09
7.4830E-10 7.6089E-10 7.7377E-10 7.8967E-10 8.1080E-10 8.3350E-10 8.5330E-10 8.7388E-10 8.9547E-10 9.1423E-10 9.4094E-10 9.7412E-10 1.0197E-09 1.0793E-09 1.1279E-09 1.2000E-09 1.3010E-09 1.4025E-09 1.4772E-09 1.6233E-09 1.7341E-09 1.8310E-09 1.9314E-09 2.0357E-09 2.1287E-09 2.2388E-09 2.3519E-09 2.4519E-09 2.5533E-09 2.6714E-09 2.7903E-09 2.8938E-09 2.9989E-09 3.1016E-09 3.2313E-09 3.3319E-09 3.4305E-09 3.5271E-09 3.6511E-09 3.7430E-09 3.8631E-09 3.9492E-09 4.0633E-09 4.1428E-09 4.2186E-09 4.3238E-09 4.3924E-09 4.4569E-09 4.5181E-09 4.5765E-09 4.6299E-09 4.6801E-09 4.7259E-09 4.7686E-09 4.8067E-09 4.8422E-09 4.8728E-09
7.4738E-10 7.6123E-10 7.7577E-10 7.8944E-10 8.1039E-10 8.3313E-10 8.5304E-10 8.7364E-10 8.9312E-10 9.1336E-10 9.4954E-10 9.8515E-10 1.0352E-09 1.0875E-09 1.1452E-09 1.2162E-09 1.2854E-09 1.4276E-09 1.5212E-09 1.6166E-09 1.7807E-09 1.8628E-09 1.9755E-09 2.0635E-09 2.1682E-09 2.2606E-09 2.3690E-09 2.4794E-09 2.5758E-09 2.6726E-09 2.7852E-09 2.8977E-09 2.9940E-09 3.0906E-09 3.1850E-09 3.2773E-09 3.3962E-09 3.4848E-09 3.5709E-09 3.6542E-09 3.7646E-09 3.8423E-09 3.9482E-09 4.0199E-09 4.0881E-09 4.1843E-09 4.2456E-09 4.3032E-09 4.3904E-09 4.4411E-09 4.4880E-09 4.5315E-09 4.5726E-09 4.6100E-09 4.6444E-09 4.6749E-09 4.7023E-09
7.4915E-10 7.6216E-10 7.7719E-10 7.9371E-10 8.1069E-10 8.3312E-10 8.4922E-10 8.6975E-10 9.0343E-10 9.3443E-10 9.7111E-10 1.0119E-09 1.0518E-09 1.1044E-09 1.1618E-09 1.2368E-09 1.3155E-09 1.4586E-09 1.5388E-09 1.6424E-09 1.7859E-09 1.9042E-09 1.9872E-09 2.0999E-09 2.1870E-09 2.2899E-09 2.3796E-09 2.4845E-09 2.5906E-09 2.6817E-09 2.7724E-09 2.8625E-09 2.9834E-09 3.0718E-09 3.1590E-09 3.2454E-09 3.3283E-09 3.4372E-09 3.5160E-09 3.5921E-09 3.6654E-09 3.7356E-09 3.8328E-09 3.8972E-09 3.9896E-09 4.0480E-09 4.1031E-09 4.1861E-09 4.2347E-09 4.2797E-09 4.3214E-09 4.3929E-09 4.4284E-09 4.4605E-09 4.4894E-09 4.5150E-09 4.5383E-09
7.4883E-10 7.6599E-10 7.7982E-10 7.9394E-10 8.1098E-10 8.2609E-10 8.5125E-10 8.9085E-10 9.1947E-10 9.5570E-10 9.9040E-10 1.0219E-09 1.0613E-09 1.1192E-09 1.1792E-09 1.2505E-09 1.3305E-09 1.4172E-09 1.5717E-09 1.6566E-09 1.7547E-09 1.9178E-09 2.0210E-09 2.1168E-09 2.2139E-09 2.2983E-09 2.3978E-09 2.4832E-09 2.5831E-09 2.6835E-09 2.7685E-09 2.8524E-09 2.9352E-09 3.0323E-09 3.1281E-09 3.2063E-09 3.2841E-09 3.3583E-09 3.4299E-09 3.5272E-09 3.5939E-09 3.6578E-09 3.7188E-09 3.7770E-09 3.8620E-09 3.9143E-09 3.9946E-09 4.0411E-09 4.0846E-09 4.1250E-09 4.1623E-09 4.2281E-09 4.2595E-09 4.2878E-09 4.3133E-09 4.3690E-09 4.3891E-09
7.5279E-10 7.6622E-10 7.8229E-10 7.9666E-10 8.1839E-10 8.4993E-10 8.8309E-10 9.1108E-10 9.4130E-10 9.6701E-10 9.9377E-10 1.0334E-09 1.0772E-09 1.1255E-09 1.1888E-09 1.2644E-09 1.3550E-09 1.4378E-09 1.5872E-09 1.6748E-09 1.7763E-09 1.9398E-09 2.0264E-09 2.1277E-09 2.2209E-09 2.3146E-09 2.3951E-09 2.4899E-09 2.5701E-09 2.6642E-09 2.7581E-09 2.8362E-09 2.9129E-09 2.9881E-09 3.0774E-09 3.1650E-09 3.2349E-09 3.3029E-09 3.3697E-09 3.4327E-09 3.4932E-09 3.5794E-09 3.6349E-09 3.6875E-09 3.7374E-09 3.7845E-09 3.8585E-09 3.9003E-09 3.9392E-09 4.0063E-09 4.0398E-09 4.0705E-09 4.0985E-09 4.1239E-09 4.1465E-09 4.1979E-09 4.2155E-09
7.5291E-10 7.6870E-10 7.8264E-10 8.0606E-10 8.4304E-10 8.6948E-10 9.0305E-10 9.2713E-10 9.5219E-10 9.7822E-10 1.0052E-09 1.0468E-09 1.0925E-09 1.1297E-09 1.2021E-09 1.2823E-09 1.3478E-09 1.4369E-09 1.5200E-09 1.6798E-09 1.7746E-09 1.8801E-09 2.0492E-09 2.1238E-09 2.2220E-09 2.3114E-09 2.4007E-09 2.4762E-09 2.5655E-09 2.6398E-09 2.7275E-09 2.8148E-09 2.8859E-09 2.9554E-09 3.0230E-09 3.0888E-09 3.1686E-09 3.2463E-09 3.3061E-09 3.3646E-09 3.4204E-09 3.4731E-09 3.5232E-09 3.5991E-09 3.6445E-09 3.6872E-09 3.7273E-09 3.7646E-09 3.7995E-09 3.8615E-09 3.8915E-09 3.9190E-09 3.9749E-09 3.9975E-09 4.0177E-09 4.0356E-09 4.0515E-09
7.5540E-10 7.7564E-10 8.0510E-10 8.3597E-10 8.6183E-10 8.8970E-10 9.1320E-10 9.3761E-10 9.6292E-10 9.8911E-10 1.0161E-09 1.0509E-09 1.0958E-09 1.1447E-09 1.2082E-09 1.2810E-09 1.3610E-09 1.4457E-09 1.5337E-09 1.7034E-09 1.7898E-09 1.8773E-09 2.0572E-09 2.1375E-09 2.2181E-09 2.3025E-09 2.3873E-09 2.4578E-09 2.5415E-09 2.6249E-09 2.6931E-09 2.7599E-09 2.8547E-09 2.9189E-09 2.9814E-09 3.0419E-09 3.1005E-09 3.1727E-09 3.2430E-09 3.2955E-09 3.3459E-09 3.3951E-09 3.4412E-09 3.4845E-09 3.5253E-09 3.5920E-09 3.6284E-09 3.6624E-09 3.6940E-09 3.7231E-09 3.7499E-09 3.7743E-09 3.7965E-09 3.8466E-09 3.8649E-09 3.8809E-09 3.8948E-09
7.6764E-10 7.9742E-10 8.2012E-10 8.4874E-10 8.7657E-10 8.9949E-10 9.2326E-10 9.4787E-10 9.7328E-10 9.9948E-10 1.0264E-09 1.0541E-09 1.1017E-09 1.1529E-09 1.1928E-09 1.2752E-09 1.3560E-09 1.4393E-09 1.5289E-09 1.6208E-09 1.7891E-09 1.8751E-09 1.9541E-09 2.1365E-09 2.2129E-09 2.2892E-09 2.3688E-09 2.4484E-09 2.5136E-09 2.5914E-09 2.6689E-09 2.7309E-09 2.7913E-09 2.8646E-09 2.9369E-09 2.9927E-09 3.0465E-09 3.0984E-09 3.1482E-09 3.2118E-09 3.2733E-09 3.3170E-09 3.3586E-09 3.3992E-09 3.4370E-09 3.4720E-09 3.5047E-09 3.5352E-09 3.5918E-09 3.6183E-09 3.6429E-09 3.6653E-09 3.6855E-09 3.7037E-09 3.7198E-09 3.7342E-09 3.7471E-09
7.8047E-10 8.0532E-10 8.3229E-10 8.5679E-10 8.8600E-10 9.0914E-10 9.3305E-10 9.5771E-10 9.8310E-10 1.0092E-09 1.0359E-09 1.0632E-09 1.1120E-09 1.1508E-09 1.2041E-09 1.2883E-09 1.3541E-09 1.4402E-09 1.5283E-09 1.6103E-09 1.7774E-09 1.8595E-09 1.9518E-09 2.0974E-09 2.2030E-09 2.2750E-09 2.3466E-09 2.4211E-09 2.4955E-09 2.5551E-09 2.6271E-09 2.6843E-09 2.7545E-09 2.8088E-09 2.8615E-09 2.9419E-09 2.9915E-09 3.0391E-09 3.0847E-09 3.1284E-09 3.1701E-09 3.2257E-09 3.2793E-09 3.3152E-09 3.3490E-09 3.3816E-09 3.4124E-09 3.4404E-09 3.4664E-09 3.4903E-09 3.5123E-09 3.5605E-09 3.5791E-09 3.5961E-09 3.6112E-09 3.6247E-09 3.6371E-09
7.8459E-10 8.0941E-10 8.3293E-10 8.5972E-10 8.9083E-10 9.1847E-10 9.4240E-10 9.6699E-10 9.9222E-10 1.0181E-09 1.0444E-09 1.0713E-09 1.0987E-09 1.1507E-09 1.2057E-09 1.2551E-09 1.3457E-09 1.4327E-09 1.5126E-09 1.6044E-09 1.6972E-09 1.8567E-09 1.9373E-09 2.0098E-09 2.1766E-09 2.2569E-09 2.3242E-09 2.3908E-09 2.4602E-09 2.5153E-09 2.5833E-09 2.6497E-09 2.7013E-09 2.7657E-09 2.8142E-09 2.8611E-09 2.9207E-09 2.9793E-09 3.0213E-09 3.0614E-09 3.0996E-09 3.1359E-09 3.1703E-09 3.2187E-09 3.2654E-09 3.2946E-09 3.3220E-09 3.3476E-09 3.3722E-09 3.3946E-09 3.4151E-09 3.4338E-09 3.4509E-09 3.4669E-09 3.4813E-09 3.5229E-09 3.5351E-09
7.8855E-10 8.0994E-10 8.3896E-10 8.6666E-10 8.9385E-10 9.2734E-10 9.5117E-10 9.7558E-10 1.0005E-09 1.0260E-09 1.0519E-09 1.0783E-09 1.1050E-09 1.1575E-09 1.1977E-09 1.2538E-09 1.3278E-09 1.4047E-09 1.5016E-09 1.5633E-09 1.6638E-09 1.8333E-09 1.9100E-09 1.9876E-09 2.0752E-09 2.2228E-09 2.2986E-09 2.3611E-09 2.4228E-09 2.4871E-09 2.5371E-09 2.5997E-09 2.6471E-09 2.7068E-09 2.7658E-09 2.8091E-09 2.8507E-09 2.8906E-09 2.9581E-09 2.9949E-09 3.0301E-09 3.0636E-09 3.0953E-09 3.1252E-09 3.1533E-09 3.1955E-09 3.2206E-09 3.2599E-09 3.2818E-09 3.3023E-09 3.3219E-09 3.3406E-09 3.3579E-09 3.3734E-09 3.3876E-09 3.4010E-09 3.4133E-09
7.8701E-10 8.0900E-10 8.4466E-10 8.7319E-10 9.0097E-10 9.3561E-10 9.5923E-10 9.8335E-10 1.0079E-09 1.0329E-09 1.0583E-09 1.0841E-09 1.1101E-09 1.1363E-09 1.1910E-09 1.2586E-09 1.3003E-09 1.3950E-09 1.4793E-09 1.5660E-09 1.6567E-09 1.7307E-09 1.8883E-09 1.9624E-09 2.0371E-09 2.2078E-09 2.2577E-09 2.3289E-09 2.3866E-09 2.4339E-09 2.5028E-09 2.5479E-09 2.6055E-09 2.6480E-09 2.7027E-09 2.7423E-09 2.7949E-09 2.8317E-09 2.8670E-09 2.9007E-09 2.9621E-09 2.9928E-09 3.0219E-09 3.0496E-09 3.0758E-09 3.1004E-09 3.1236E-09 3.1613E-09 3.1821E-09 3.2174E-09 3.2359E-09 3.2533E-09 3.2697E-09 3.2850E-09 3.2997E-09 3.3138E-09 3.3268E-09
