Assets/Resources/2015_m01_d23_0700(utc+0800)_l00_csi_1hr_conc.grd
DSAA
         159         159
     -79.000      79.000
     -79.000      79.000
  0.0000E+00  0.1056E-04
[rows 25 to 49 of 159, columns 57 to 113 of 159]
1.9387E-09 2.0438E-09 2.1517E-09 2.2603E-09 2.3708E-09 2.4826E-09 2.5949E-09 2.7087E-09 2.8223E-09 2.9361E-09 3.0507E-09 3.1643E-09 3.2774E-09 3.3905E-09 3.5019E-09 3.6121E-09 3.7216E-09 3.8286E-09 3.9336E-09 4.0364E-09 4.1376E-09 4.2354E-09 4.3304E-09 4.4226E-09 4.5113E-09 4.5965E-09 4.6788E-09 4.7567E-09 4.8305E-09 4.9003E-09 4.9664E-09 5.0278E-09 5.0848E-09 5.1373E-09 5.1854E-09 5.2290E-09 5.2687E-09 5.3032E-09 5.3332E-09 5.3583E-09 5.3794E-09 5.3962E-09 5.4086E-09 5.4167E-09 5.4206E-09 5.4197E-09 5.4157E-09 5.4078E-09 5.3961E-09 5.3807E-09 5.3617E-09 5.3419E-09 5.3189E-09 5.2929E-09 5.2639E-09 5.2376E-09 5.2059E-09
1.9344E-09 2.0394E-09 2.1463E-09 2.2544E-09 2.3648E-09 2.4756E-09 2.5874E-09 2.7009E-09 2.8140E-09 2.9278E-09 3.0417E-09 3.1550E-09 3.2678E-09 3.3809E-09 3.4922E-09 3.6023E-09 3.7117E-09 3.8187E-09 3.9238E-09 4.0272E-09 4.1283E-09 4.2263E-09 4.3220E-09 4.4143E-09 4.5033E-09 4.5897E-09 4.6718E-09 4.7502E-09 4.8246E-09 4.8955E-09 4.9618E-09 5.0239E-09 5.0816E-09 5.1355E-09 5.1845E-09 5.2290E-09 5.2689E-09 5.3044E-09 5.3348E-09 5.3613E-09 5.3835E-09 5.4012E-09 5.4145E-09 5.4236E-09 5.4287E-09 5.4296E-09 5.4266E-09 5.4197E-09 5.4089E-09 5.3970E-09 5.3816E-09 5.3630E-09 5.3411E-09 5.3216E-09 5.2965E-09 5.2687E-09 5.2799E-09
1.9293E-09 2.0333E-09 2.1392E-09 2.2475E-09 2.3566E-09 2.4672E-09 2.5789E-09 2.6915E-09 2.8041E-09 2.9176E-09 3.0311E-09 3.1441E-09 3.2571E-09 3.3696E-09 3.4807E-09 3.5911E-09 3.7001E-09 3.8071E-09 3.9127E-09 4.0159E-09 4.1171E-09 4.2158E-09 4.3114E-09 4.4040E-09 4.4939E-09 4.5804E-09 4.6630E-09 4.7419E-09 4.8174E-09 4.8885E-09 4.9555E-09 5.0183E-09 5.0773E-09 5.1316E-09 5.1814E-09 5.2267E-09 5.2676E-09 5.3034E-09 5.3361E-09 5.3636E-09 5.3867E-09 5.4054E-09 5.4192E-09 5.4295E-09 5.4357E-09 5.4377E-09 5.4357E-09 5.4298E-09 5.4227E-09 5.4121E-09 5.3981E-09 5.3860E-09 5.3710E-09 5.3502E-09 5.3673E-09 5.3742E-09 5.4138E-09
1.9224E-09 2.0258E-09 2.1315E-09 2.2389E-09 2.3473E-09 2.4578E-09 2.5686E-09 2.6806E-09 2.7932E-09 2.9058E-09 3.0190E-09 3.1320E-09 3.2444E-09 3.3566E-09 3.4679E-09 3.5778E-09 3.6868E-09 3.7942E-09 3.8995E-09 4.0028E-09 4.1046E-09 4.2032E-09 4.2991E-09 4.3920E-09 4.4827E-09 4.5693E-09 4.6524E-09 4.7323E-09 4.8080E-09 4.8798E-09 4.9475E-09 5.0115E-09 5.0709E-09 5.1260E-09 5.1766E-09 5.2229E-09 5.2648E-09 5.3023E-09 5.3353E-09 5.3639E-09 5.3880E-09 5.4071E-09 5.4228E-09 5.4343E-09 5.4423E-09 5.4454E-09 5.4471E-09 5.4450E-09 5.4393E-09 5.4300E-09 5.4228E-09 5.4097E-09 5.3935E-09 5.4174E-09 5.4956E-09 5.5645E-09 5.6324E-09
1.9140E-09 2.0171E-09 2.1221E-09 2.2288E-09 2.3366E-09 2.4466E-09 2.5568E-09 2.6678E-09 2.7804E-09 2.8925E-09 3.0057E-09 3.1180E-09 3.2301E-09 3.3424E-09 3.4532E-09 3.5629E-09 3.6718E-09 3.7793E-09 3.8846E-09 3.9880E-09 4.0900E-09 4.1888E-09 4.2850E-09 4.3787E-09 4.4694E-09 4.5564E-09 4.6405E-09 4.7205E-09 4.7968E-09 4.8693E-09 4.9382E-09 5.0026E-09 5.0628E-09 5.1187E-09 5.1702E-09 5.2176E-09 5.2605E-09 5.2990E-09 5.3330E-09 5.3626E-09 5.3881E-09 5.4092E-09 5.4260E-09 5.4386E-09 5.4470E-09 5.4539E-09 5.4571E-09 5.4564E-09 5.4574E-09 5.4552E-09 5.4470E-09 5.4767E-09 5.4963E-09 5.5712E-09 5.6457E-09 5.7212E-09 5.7856E-09
1.9048E-09 2.0076E-09 2.1115E-09 2.2175E-09 2.3251E-09 2.4336E-09 2.5436E-09 2.6545E-09 2.7661E-09 2.8778E-09 2.9901E-09 3.1025E-09 3.2142E-09 3.3259E-09 3.4368E-09 3.5464E-09 3.6552E-09 3.7627E-09 3.8680E-09 3.9719E-09 4.0737E-09 4.1727E-09 4.2695E-09 4.3632E-09 4.4543E-09 4.5422E-09 4.6264E-09 4.7070E-09 4.7839E-09 4.8575E-09 4.9268E-09 4.9919E-09 5.0530E-09 5.1097E-09 5.1624E-09 5.2107E-09 5.2546E-09 5.2941E-09 5.3292E-09 5.3602E-09 5.3868E-09 5.4091E-09 5.4271E-09 5.4441E-09 5.4564E-09 5.4648E-09 5.4694E-09 5.4757E-09 5.4759E-09 5.4728E-09 5.5092E-09 5.5999E-09 5.6823E-09 5.7647E-09 5.8488E-09 5.9216E-09 5.9410E-09
1.8944E-09 1.9961E-09 2.0997E-09 2.2046E-09 2.3119E-09 2.4197E-09 2.5295E-09 2.6394E-09 2.7505E-09 2.8620E-09 2.9735E-09 3.0855E-09 3.1972E-09 3.3082E-09 3.4189E-09 3.5287E-09 3.6371E-09 3.7444E-09 3.8502E-09 3.9538E-09 4.0557E-09 4.1553E-09 4.2520E-09 4.3460E-09 4.4379E-09 4.5259E-09 4.6106E-09 4.6917E-09 4.7693E-09 4.8437E-09 4.9136E-09 4.9796E-09 5.0415E-09 5.0993E-09 5.1529E-09 5.2022E-09 5.2471E-09 5.2877E-09 5.3242E-09 5.3563E-09 5.3841E-09 5.4076E-09 5.4302E-09 5.4479E-09 5.4618E-09 5.4718E-09 5.4885E-09 5.4940E-09 5.4961E-09 5.5391E-09 5.6340E-09 5.7426E-09 5.8320E-09 5.9114E-09 5.9943E-09 6.0221E-09 6.0499E-09
1.8833E-09 1.9838E-09 2.0867E-09 2.1913E-09 2.2974E-09 2.4045E-09 2.5137E-09 2.6230E-09 2.7330E-09 2.8445E-09 2.9555E-09 3.0666E-09 3.1784E-09 3.2890E-09 3.3998E-09 3.5091E-09 3.6173E-09 3.7250E-09 3.8304E-09 3.9340E-09 4.0364E-09 4.1359E-09 4.2328E-09 4.3271E-09 4.4194E-09 4.5078E-09 4.5930E-09 4.6747E-09 4.7535E-09 4.8281E-09 4.8988E-09 4.9655E-09 5.0284E-09 5.0872E-09 5.1417E-09 5.1920E-09 5.2380E-09 5.2800E-09 5.3176E-09 5.3510E-09 5.3800E-09 5.4081E-09 5.4315E-09 5.4508E-09 5.4715E-09 5.4888E-09 5.4997E-09 5.5482E-09 5.5871E-09 5.6820E-09 5.7780E-09 5.8766E-09 5.9654E-09 6.0583E-09 6.0947E-09 6.1314E-09 6.1685E-09
1.8708E-09 1.9705E-09 2.0725E-09 2.1764E-09 2.2814E-09 2.3886E-09 2.4962E-09 2.6053E-09 2.7151E-09 2.8256E-09 2.9361E-09 3.0471E-09 3.1581E-09 3.2684E-09 3.3785E-09 3.4880E-09 3.5960E-09 3.7036E-09 3.8090E-09 3.9126E-09 4.0148E-09 4.1148E-09 4.2119E-09 4.3070E-09 4.3988E-09 4.4881E-09 4.5737E-09 4.6561E-09 4.7355E-09 4.8107E-09 4.8822E-09 4.9499E-09 5.0137E-09 5.0734E-09 5.1289E-09 5.1803E-09 5.2276E-09 5.2707E-09 5.3096E-09 5.3442E-09 5.3779E-09 5.4068E-09 5.4317E-09 5.4580E-09 5.4810E-09 5.4975E-09 5.5523E-09 5.5976E-09 5.7003E-09 5.8652E-09 5.9715E-09 6.0683E-09 6.1128E-09 6.1580E-09 6.2038E-09 6.2503E-09 6.2975E-09
1.8568E-09 1.9561E-09 2.0573E-09 2.1603E-09 2.2645E-09 2.3710E-09 2.4779E-09 2.5863E-09 2.6956E-09 2.8050E-09 2.9158E-09 3.0259E-09 3.1364E-09 3.2467E-09 3.3562E-09 3.4654E-09 3.5736E-09 3.6803E-09 3.7860E-09 3.8901E-09 3.9919E-09 4.0920E-09 4.1898E-09 4.2848E-09 4.3769E-09 4.4666E-09 4.5528E-09 4.6358E-09 4.7158E-09 4.7917E-09 4.8634E-09 4.9327E-09 4.9973E-09 5.0579E-09 5.1145E-09 5.1671E-09 5.2156E-09 5.2599E-09 5.3000E-09 5.3393E-09 5.3737E-09 5.4043E-09 5.4363E-09 5.4648E-09 5.4871E-09 5.5480E-09 5.5995E-09 5.7724E-09 5.8835E-09 5.9984E-09 6.1041E-09 6.1571E-09 6.2110E-09 6.2660E-09 6.3221E-09 6.3793E-09 6.4378E-09
1.8422E-09 1.9402E-09 2.0410E-09 2.1428E-09 2.2470E-09 2.3519E-09 2.4585E-09 2.5661E-09 2.6747E-09 2.7836E-09 2.8933E-09 3.0034E-09 3.1130E-09 3.2233E-09 3.3324E-09 3.4417E-09 3.5494E-09 3.6559E-09 3.7619E-09 3.8656E-09 3.9674E-09 4.0676E-09 4.1657E-09 4.2609E-09 4.3534E-09 4.4435E-09 4.5302E-09 4.6137E-09 4.6944E-09 4.7705E-09 4.8443E-09 4.9137E-09 4.9792E-09 5.0408E-09 5.0986E-09 5.1524E-09 5.2021E-09 5.2476E-09 5.2923E-09 5.3323E-09 5.3684E-09 5.4089E-09 5.4403E-09 5.4681E-09 5.5351E-09 5.6569E-09 5.7730E-09 5.8917E-09 6.0148E-09 6.1291E-09 6.1905E-09 6.2531E-09 6.3172E-09 6.3829E-09 6.4502E-09 6.5193E-09 6.5900E-09
1.8267E-09 1.9242E-09 2.0238E-09 2.1246E-09 2.2281E-09 2.3321E-09 2.4378E-09 2.5448E-09 2.6523E-09 2.7613E-09 2.8701E-09 2.9795E-09 3.0891E-09 3.1986E-09 3.3073E-09 3.4159E-09 3.5237E-09 3.6300E-09 3.7355E-09 3.8396E-09 3.9414E-09 4.0418E-09 4.1400E-09 4.2354E-09 4.3282E-09 4.4188E-09 4.5060E-09 4.5900E-09 4.6708E-09 4.7482E-09 4.8228E-09 4.8930E-09 4.9594E-09 5.0223E-09 5.0811E-09 5.1360E-09 5.1868E-09 5.2369E-09 5.2824E-09 5.3241E-09 5.3701E-09 5.4070E-09 5.4406E-09 5.5132E-09 5.6411E-09 5.7637E-09 5.8894E-09 6.0202E-09 6.1427E-09 6.2122E-09 6.2835E-09 6.3566E-09 6.4318E-09 6.5091E-09 6.5887E-09 6.6706E-09 6.7823E-09
1.8099E-09 1.9069E-09 2.0051E-09 2.1059E-09 2.2076E-09 2.3112E-09 2.4162E-09 2.5224E-09 2.6291E-09 2.7374E-09 2.8455E-09 2.9540E-09 3.0635E-09 3.1721E-09 3.2812E-09 3.3891E-09 3.4966E-09 3.6031E-09 3.7081E-09 3.8120E-09 3.9143E-09 4.0144E-09 4.1127E-09 4.2083E-09 4.3015E-09 4.3925E-09 4.4801E-09 4.5646E-09 4.6461E-09 4.7243E-09 4.7996E-09 4.8706E-09 4.9382E-09 5.0020E-09 5.0620E-09 5.1180E-09 5.1733E-09 5.2241E-09 5.2712E-09 5.3198E-09 5.3652E-09 5.4043E-09 5.4824E-09 5.6156E-09 5.7442E-09 5.8764E-09 6.0142E-09 6.1444E-09 6.2219E-09 6.3015E-09 6.3835E-09 6.4680E-09 6.5552E-09 6.6453E-09 6.7421E-09 6.8683E-09 6.9966E-09
1.7930E-09 1.8887E-09 1.9859E-09 2.0854E-09 2.1866E-09 2.2893E-09 2.3935E-09 2.4985E-09 2.6052E-09 2.7121E-09 2.8199E-09 2.9281E-09 3.0366E-09 3.1447E-09 3.2534E-09 3.3609E-09 3.4677E-09 3.5744E-09 3.6792E-09 3.7830E-09 3.8853E-09 3.9854E-09 4.0834E-09 4.1797E-09 4.2732E-09 4.3645E-09 4.4525E-09 4.5377E-09 4.6198E-09 4.6987E-09 4.7741E-09 4.8459E-09 4.9153E-09 4.9801E-09 5.0411E-09 5.1015E-09 5.1575E-09 5.2099E-09 5.2638E-09 5.3146E-09 5.3592E-09 5.4424E-09 5.5172E-09 5.7143E-09 5.8524E-09 5.9967E-09 6.1339E-09 6.2191E-09 6.3068E-09 6.3973E-09 6.4909E-09 6.5877E-09 6.6879E-09 6.7917E-09 6.9026E-09 7.0493E-09 7.1982E-09
1.7749E-09 1.8691E-09 1.9662E-09 2.0644E-09 2.1646E-09 2.2665E-09 2.3698E-09 2.4739E-09 2.5795E-09 2.6859E-09 2.7930E-09 2.9007E-09 3.0082E-09 3.1166E-09 3.2240E-09 3.3314E-09 3.4383E-09 3.5444E-09 3.6489E-09 3.7526E-09 3.8548E-09 3.9549E-09 4.0530E-09 4.1496E-09 4.2433E-09 4.3344E-09 4.4228E-09 4.5092E-09 4.5919E-09 4.6713E-09 4.7475E-09 4.8205E-09 4.8907E-09 4.9565E-09 5.0217E-09 5.0828E-09 5.1403E-09 5.1942E-09 5.2553E-09 5.3054E-09 5.3933E-09 5.4732E-09 5.6122E-09 5.8173E-09 5.9673E-09 6.1110E-09 6.2035E-09 6.2989E-09 6.3976E-09 6.4999E-09 6.6059E-09 6.7160E-09 6.8303E-09 6.9489E-09 7.0720E-09 7.2345E-09 7.4073E-09
1.7555E-09 1.8492E-09 1.9449E-09 2.0424E-09 2.1413E-09 2.2427E-09 2.3447E-09 2.4488E-09 2.5531E-09 2.6588E-09 2.7652E-09 2.8721E-09 2.9790E-09 3.0868E-09 3.1937E-09 3.3007E-09 3.4072E-09 3.5125E-09 3.6176E-09 3.7208E-09 3.8225E-09 3.9229E-09 4.0212E-09 4.1179E-09 4.2118E-09 4.3032E-09 4.3922E-09 4.4784E-09 4.5622E-09 4.6423E-09 4.7195E-09 4.7933E-09 4.8644E-09 4.9311E-09 4.9970E-09 5.0625E-09 5.1215E-09 5.1827E-09 5.2428E-09 5.2950E-09 5.4199E-09 5.5627E-09 5.7107E-09 5.9262E-09 6.0755E-09 6.1749E-09 6.2777E-09 6.3841E-09 6.4946E-09 6.6094E-09 6.7289E-09 6.8533E-09 6.9827E-09 7.1173E-09 7.2572E-09 7.4378E-09 7.6688E-09
1.7359E-09 1.8284E-09 1.9231E-09 2.0193E-09 2.1180E-09 2.2176E-09 2.3191E-09 2.4218E-09 2.5258E-09 2.6302E-09 2.7362E-09 2.8421E-09 2.9491E-09 3.0555E-09 3.1623E-09 3.2688E-09 3.3748E-09 3.4798E-09 3.5842E-09 3.6876E-09 3.7891E-09 3.8896E-09 3.9879E-09 4.0841E-09 4.1787E-09 4.2706E-09 4.3599E-09 4.4466E-09 4.5309E-09 4.6119E-09 4.6898E-09 4.7644E-09 4.8356E-09 4.9067E-09 4.9738E-09 5.0407E-09 5.1067E-09 5.1670E-09 5.2291E-09 5.3279E-09 5.5032E-09 5.6549E-09 5.8732E-09 6.0276E-09 6.1334E-09 6.2429E-09 6.3565E-09 6.4747E-09 6.5978E-09 6.7261E-09 6.8600E-09 6.9996E-09 7.1453E-09 7.2970E-09 7.4710E-09 7.7014E-09 7.9603E-09
1.7150E-09 1.8070E-09 1.9002E-09 1.9957E-09 2.0931E-09 2.1921E-09 2.2926E-09 2.3945E-09 2.4974E-09 2.6014E-09 2.7063E-09 2.8114E-09 2.9177E-09 3.0235E-09 3.1296E-09 3.2357E-09 3.3408E-09 3.4462E-09 3.5499E-09 3.6530E-09 3.7544E-09 3.8543E-09 3.9531E-09 4.0494E-09 4.1437E-09 4.2358E-09 4.3261E-09 4.4132E-09 4.4974E-09 4.5790E-09 4.6584E-09 4.7337E-09 4.8091E-09 4.8807E-09 4.9491E-09 5.0226E-09 5.0877E-09 5.1500E-09 5.2571E-09 5.4129E-09 5.5885E-09 5.7513E-09 5.9100E-09 6.0789E-09 6.1947E-09 6.3149E-09 6.4402E-09 6.5709E-09 6.7074E-09 6.8501E-09 6.9993E-09 7.1553E-09 7.3183E-09 7.5119E-09 7.7203E-09 7.9916E-09 8.3237E-09
1.6939E-09 1.7844E-09 1.8770E-09 1.9714E-09 2.0678E-09 2.1658E-09 2.2653E-09 2.3662E-09 2.4678E-09 2.5714E-09 2.6750E-09 2.7801E-09 2.8849E-09 2.9903E-09 3.0959E-09 3.2014E-09 3.3060E-09 3.4106E-09 3.5144E-09 3.6167E-09 3.7184E-09 3.8182E-09 3.9169E-09 4.0132E-09 4.1078E-09 4.2001E-09 4.2907E-09 4.3781E-09 4.4631E-09 4.5453E-09 4.6253E-09 4.7014E-09 4.7803E-09 4.8530E-09 4.9228E-09 5.0003E-09 5.0673E-09 5.1731E-09 5.2720E-09 5.4951E-09 5.6772E-09 5.8392E-09 6.0118E-09 6.1331E-09 6.2594E-09 6.3911E-09 6.5287E-09 6.6726E-09 6.8234E-09 6.9814E-09 7.1470E-09 7.3204E-09 7.5321E-09 7.7538E-09 8.0086E-09 8.3175E-09 8.7196E-09
1.6722E-09 1.7616E-09 1.8530E-09 1.9465E-09 2.0418E-09 2.1383E-09 2.2372E-09 2.3367E-09 2.4382E-09 2.5401E-09 2.6432E-09 2.7470E-09 2.8515E-09 2.9558E-09 3.0611E-09 3.1655E-09 3.2705E-09 3.3742E-09 3.4775E-09 3.5795E-09 3.6810E-09 3.7807E-09 3.8788E-09 3.9751E-09 4.0704E-09 4.1629E-09 4.2537E-09 4.3409E-09 4.4272E-09 4.5099E-09 4.5905E-09 4.6700E-09 4.7498E-09 4.8238E-09 4.9004E-09 4.9766E-09 5.0455E-09 5.1874E-09 5.3486E-09 5.5782E-09 5.7569E-09 5.9323E-09 6.0586E-09 6.1902E-09 6.3276E-09 6.4713E-09 6.6219E-09 6.7800E-09 6.9459E-09 7.1202E-09 7.3104E-09 7.5309E-09 7.7627E-09 8.0272E-09 8.3250E-09 8.7448E-09 9.2360E-09
1.6499E-09 1.7378E-09 1.8281E-09 1.9204E-09 2.0146E-09 2.1105E-09 2.2080E-09 2.3068E-09 2.4070E-09 2.5082E-09 2.6104E-09 2.7135E-09 2.8171E-09 2.9211E-09 3.0253E-09 3.1290E-09 3.2330E-09 3.3366E-09 3.4391E-09 3.5412E-09 3.6419E-09 3.7418E-09 3.8398E-09 3.9362E-09 4.0315E-09 4.1241E-09 4.2146E-09 4.3029E-09 4.3896E-09 4.4728E-09 4.5565E-09 4.6370E-09 4.7148E-09 4.7982E-09 4.8737E-09 4.9514E-09 5.0656E-09 5.2559E-09 5.4254E-09 5.6049E-09 5.8410E-09 5.9716E-09 6.1077E-09 6.2500E-09 6.3991E-09 6.5556E-09 6.7200E-09 6.8929E-09 7.0748E-09 7.2754E-09 7.5056E-09 7.7568E-09 8.0307E-09 8.3345E-09 8.7267E-09 9.2381E-09 9.7479E-09
1.6267E-09 1.7138E-09 1.8030E-09 1.8942E-09 1.9873E-09 2.0820E-09 2.1784E-09 2.2758E-09 2.3753E-09 2.4757E-09 2.5770E-09 2.6791E-09 2.7814E-09 2.8850E-09 2.9880E-09 3.0915E-09 3.1949E-09 3.2979E-09 3.3999E-09 3.5017E-09 3.6020E-09 3.7016E-09 3.7989E-09 3.8960E-09 3.9906E-09 4.0839E-09 4.1748E-09 4.2634E-09 4.3504E-09 4.4341E-09 4.5210E-09 4.6024E-09 4.6813E-09 4.7683E-09 4.8454E-09 4.9615E-09 5.0716E-09 5.3070E-09 5.5037E-09 5.6818E-09 5.8725E-09 6.0125E-09 6.1590E-09 6.3126E-09 6.4740E-09 6.6438E-09 6.8227E-09 7.0112E-09 7.2221E-09 7.4594E-09 7.7218E-09 8.0098E-09 8.3492E-09 8.7540E-09 9.2176E-09 9.7265E-09 1.0236E-08
1.6033E-09 1.6893E-09 1.7773E-09 1.8674E-09 1.9589E-09 2.0529E-09 2.1478E-09 2.2449E-09 2.3427E-09 2.4419E-09 2.5426E-09 2.6434E-09 2.7457E-09 2.8476E-09 2.9503E-09 3.0530E-09 3.1557E-09 3.2577E-09 3.3596E-09 3.4605E-09 3.5609E-09 3.6597E-09 3.7574E-09 3.8543E-09 3.9489E-09 4.0416E-09 4.1327E-09 4.2224E-09 4.3089E-09 4.3964E-09 4.4809E-09 4.5662E-09 4.6515E-09 4.7369E-09 4.8156E-09 4.9666E-09 5.1378E-09 5.3786E-09 5.5711E-09 5.7621E-09 5.9053E-09 6.0551E-09 6.2124E-09 6.3778E-09 6.5520E-09 6.7358E-09 6.9299E-09 7.1444E-09 7.3875E-09 7.6652E-09 7.9677E-09 8.3323E-09 8.7593E-09 9.1932E-09 9.6720E-09 1.0192E-08 1.0746E-08
1.5791E-09 1.6639E-09 1.7507E-09 1.8396E-09 1.9304E-09 2.0229E-09 2.1170E-09 2.2126E-09 2.3097E-09 2.4079E-09 2.5072E-09 2.6074E-09 2.7083E-09 2.8098E-09 2.9115E-09 3.0136E-09 3.1151E-09 3.2168E-09 3.3178E-09 3.4186E-09 3.5186E-09 3.6166E-09 3.7147E-09 3.8107E-09 3.9058E-09 3.9988E-09 4.0899E-09 4.1798E-09 4.2666E-09 4.3571E-09 4.4423E-09 4.5283E-09 4.6173E-09 4.6993E-09 4.8263E-09 5.0026E-09 5.2024E-09 5.3928E-09 5.6412E-09 5.7867E-09 5.9391E-09 6.0992E-09 6.2677E-09 6.4454E-09 6.6330E-09 6.8314E-09 7.0476E-09 7.2961E-09 7.5787E-09 7.8936E-09 8.2858E-09 8.7278E-09 9.1632E-09 9.5775E-09 1.0117E-08 1.0693E-08 1.1277E-08
1.5549E-09 1.6384E-09 1.7241E-09 1.8118E-09 1.9014E-09 1.9927E-09 2.0852E-09 2.1801E-09 2.2760E-09 2.3732E-09 2.4715E-09 2.5702E-09 2.6706E-09 2.7711E-09 2.8720E-09 2.9728E-09 3.0740E-09 3.1745E-09 3.2754E-09 3.3757E-09 3.4747E-09 3.5729E-09 3.6706E-09 3.7665E-09 3.8608E-09 3.9537E-09 4.0457E-09 4.1349E-09 4.2253E-09 4.3162E-09 4.4022E-09 4.4916E-09 4.5815E-09 4.6650E-09 4.8225E-09 5.0012E-09 5.2668E-09 5.4552E-09 5.6577E-09 5.8119E-09 5.9739E-09 6.1446E-09 6.3247E-09 6.5151E-09 6.7167E-09 6.9332E-09 7.1805E-09 7.4684E-09 7.7969E-09 8.2008E-09 8.6558E-09 9.0970E-09 9.5162E-09 9.9955E-09 1.0586E-08 1.1217E-08 1.1851E-08
