Assets/Resources/2015_m01_d19_1300(utc+0800)_l00_csi_1hr_conc.grd
DSAA
         159         159
     -79.000      79.000
     -79.000      79.000
  0.0000E+00  0.8988E-06
[rows 100 to 124 of 159, columns 57 to 113 of 159]
6.7308E-11 7.2260E-11 8.1887E-11 9.6846E-11 1.0840E-10 1.1496E-10 1.1834E-10 1.2255E-10 1.2832E-10 1.3554E-10 1.4057E-10 1.4467E-10 1.4807E-10 1.5307E-10 1.5706E-10 1.5948E-10 1.6181E-10 1.6406E-10 1.6793E-10 1.7001E-10 1.7363E-10 1.7552E-10 1.7730E-10 1.7663E-10 1.7821E-10 1.7967E-10 1.8102E-10 1.8225E-10 1.8336E-10 1.8434E-10 1.8520E-10 1.8424E-10 1.8486E-10 1.8536E-10 1.8120E-10 1.7928E-10 1.7952E-10 1.7518E-10 1.7526E-10 1.7076E-10 1.6903E-10 1.6445E-10 1.6264E-10 1.6073E-10 1.5607E-10 1.5573E-10 1.4935E-10 1.4893E-10 1.4681E-10 1.4463E-10 1.4400E-10 1.4328E-10 1.4090E-10 1.3846E-10 1.3600E-10 1.3350E-10 1.3249E-10
5.9763E-11 6.2980E-11 6.7656E-11 7.2485E-11 7.6607E-11 8.5222E-11 9.3415E-11 1.0272E-10 1.1718E-10 1.2118E-10 1.2435E-10 1.2900E-10 1.3373E-10 1.3685E-10 1.4145E-10 1.4528E-10 1.4899E-10 1.5112E-10 1.5316E-10 1.5511E-10 1.5864E-10 1.6043E-10 1.6212E-10 1.6371E-10 1.6520E-10 1.6659E-10 1.6787E-10 1.6904E-10 1.7010E-10 1.6652E-10 1.6741E-10 1.6593E-10 1.6049E-10 1.6115E-10 1.6169E-10 1.5771E-10 1.5810E-10 1.5838E-10 1.5416E-10 1.5268E-10 1.5277E-10 1.4681E-10 1.4681E-10 1.4239E-10 1.4228E-10 1.4048E-10 1.4021E-10 1.3827E-10 1.3628E-10 1.3580E-10 1.3366E-10 1.2993E-10 1.2929E-10 1.2857E-10 1.2777E-10 1.2536E-10 1.2293E-10
3.9929E-11 5.1849E-11 5.7840E-11 6.1548E-11 6.5603E-11 7.1051E-11 7.5790E-11 8.0982E-11 8.9143E-11 9.5116E-11 1.0037E-10 1.0403E-10 1.0836E-10 1.1121E-10 1.1567E-10 1.1847E-10 1.2566E-10 1.2914E-10 1.3705E-10 1.4042E-10 1.4219E-10 1.4388E-10 1.4100E-10 1.4416E-10 1.4562E-10 1.4472E-10 1.4602E-10 1.4279E-10 1.4394E-10 1.4499E-10 1.4595E-10 1.4681E-10 1.4758E-10 1.4661E-10 1.4558E-10 1.4173E-10 1.4222E-10 1.3825E-10 1.3863E-10 1.3890E-10 1.3481E-10 1.3339E-10 1.3349E-10 1.3192E-10 1.3030E-10 1.3019E-10 1.2999E-10 1.2662E-10 1.2630E-10 1.2437E-10 1.2392E-10 1.2339E-10 1.2126E-10 1.1908E-10 1.1839E-10 1.1763E-10 1.1532E-10
2.2819E-11 2.5792E-11 2.9652E-11 3.8631E-11 4.8558E-11 5.8294E-11 6.5610E-11 6.8686E-11 7.0986E-11 7.4739E-11 8.3299E-11 8.7617E-11 9.5494E-11 9.8147E-11 1.0228E-10 1.0493E-10 1.0914E-10 1.1173E-10 1.1428E-10 1.1747E-10 1.1912E-10 1.2070E-10 1.2222E-10 1.2367E-10 1.2505E-10 1.2794E-10 1.3073E-10 1.3190E-10 1.3300E-10 1.3401E-10 1.3055E-10 1.3145E-10 1.3226E-10 1.2866E-10 1.2936E-10 1.2680E-10 1.2308E-10 1.2362E-10 1.2407E-10 1.2444E-10 1.2161E-10 1.2185E-10 1.2043E-10 1.2053E-10 1.2055E-10 1.1893E-10 1.1882E-10 1.1863E-10 1.1837E-10 1.1650E-10 1.1611E-10 1.1415E-10 1.1215E-10 1.1159E-10 1.1096E-10 1.0878E-10 1.0805E-10
1.8411E-11 2.0615E-11 2.3703E-11 2.5961E-11 2.9724E-11 3.4625E-11 4.1065E-11 4.7626E-11 5.0440E-11 5.3273E-11 5.6908E-11 6.9157E-11 7.5623E-11 8.3469E-11 8.9139E-11 9.1558E-11 9.8391E-11 1.0084E-10 1.0482E-10 1.0721E-10 1.0955E-10 1.1255E-10 1.0960E-10 1.1099E-10 1.1233E-10 1.1361E-10 1.1048E-10 1.1166E-10 1.1277E-10 1.1381E-10 1.1051E-10 1.1146E-10 1.1234E-10 1.1314E-10 1.1388E-10 1.1296E-10 1.1200E-10 1.1255E-10 1.1302E-10 1.1342E-10 1.1375E-10 1.1400E-10 1.1263E-10 1.1276E-10 1.1127E-10 1.1126E-10 1.1118E-10 1.0951E-10 1.0782E-10 1.0757E-10 1.0725E-10 1.0687E-10 1.0641E-10 1.0298E-10 1.0245E-10 1.0184E-10 9.9747E-11
9.7944E-12 1.4842E-11 1.9195E-11 2.1375E-11 2.4442E-11 2.5904E-11 2.8170E-11 3.2562E-11 3.8701E-11 4.5148E-11 4.8425E-11 5.1166E-11 5.6114E-11 5.8122E-11 6.0126E-11 6.3091E-11 7.0227E-11 7.5292E-11 7.7523E-11 7.9736E-11 8.5040E-11 9.0139E-11 9.2324E-11 9.5164E-11 9.6458E-11 9.6120E-11 9.7316E-11 9.8460E-11 9.9550E-11 1.0058E-10 1.0156E-10 1.0247E-10 1.0332E-10 1.0411E-10 1.0484E-10 1.0549E-10 1.0608E-10 1.0506E-10 1.0400E-10 1.0442E-10 1.0476E-10 1.0504E-10 1.0376E-10 1.0239E-10 1.0249E-10 1.0253E-10 1.0249E-10 1.0239E-10 1.0223E-10 9.9087E-11 9.8830E-11 9.8510E-11 9.8125E-11 9.6251E-11 9.5769E-11 9.5227E-11 9.4626E-11
7.6793E-12 9.5424E-12 9.7919E-12 1.3435E-11 1.7805E-11 2.2146E-11 2.4330E-11 2.6538E-11 2.8000E-11 3.0903E-11 3.4672E-11 4.0918E-11 4.4382E-11 4.8991E-11 5.3811E-11 5.5711E-11 5.7605E-11 5.9490E-11 6.1365E-11 7.0000E-11 7.2961E-11 7.6399E-11 7.8444E-11 8.0466E-11 8.2460E-11 8.5111E-11 8.6224E-11 8.7292E-11 8.9741E-11 9.0721E-11 9.1650E-11 9.2526E-11 9.3348E-11 9.4113E-11 9.4820E-11 9.5469E-11 9.6057E-11 9.6584E-11 9.5535E-11 9.5954E-11 9.6309E-11 9.5172E-11 9.5409E-11 9.5584E-11 9.5694E-11 9.4259E-11 9.4265E-11 9.4209E-11 9.4091E-11 9.2478E-11 9.2258E-11 9.1979E-11 9.0250E-11 8.9870E-11 8.8050E-11 8.7580E-11 8.5658E-11
5.6230E-12 6.6307E-12 8.4856E-12 9.5202E-12 1.0567E-11 1.1625E-11 1.7108E-11 2.0658E-11 2.4134E-11 2.6314E-11 2.9145E-11 3.0614E-11 3.2088E-11 3.6744E-11 4.2331E-11 4.4037E-11 4.8693E-11 5.0450E-11 5.5023E-11 5.6799E-11 5.8563E-11 6.0980E-11 6.6568E-11 6.9432E-11 7.2672E-11 7.5397E-11 7.7234E-11 7.9586E-11 8.2076E-11 8.3002E-11 8.3881E-11 8.4713E-11 8.5495E-11 8.6226E-11 8.6906E-11 8.7532E-11 8.8103E-11 8.8619E-11 8.9079E-11 8.9481E-11 8.8347E-11 8.8648E-11 8.8891E-11 8.9075E-11 8.7767E-11 8.7849E-11 8.6489E-11 8.6466E-11 8.6387E-11 8.6251E-11 8.4680E-11 8.4450E-11 8.4165E-11 8.1072E-11 8.0723E-11 8.0322E-11 7.9872E-11
0.0000E+00 2.4864E-12 4.3149E-12 7.4280E-12 8.4394E-12 9.4652E-12 1.0503E-11 1.1550E-11 1.4791E-11 1.9011E-11 2.1941E-11 2.6004E-11 2.8804E-11 3.0226E-11 3.1652E-11 3.3080E-11 3.7280E-11 4.3393E-11 4.6376E-11 4.8033E-11 4.9683E-11 5.1324E-11 5.2955E-11 5.5239E-11 5.7432E-11 6.0033E-11 6.3604E-11 6.8562E-11 7.1220E-11 7.2885E-11 7.5207E-11 7.7343E-11 7.8083E-11 7.8777E-11 7.9425E-11 7.8592E-11 7.9147E-11 7.9654E-11 8.0110E-11 8.0516E-11 8.0869E-11 8.1171E-11 8.1419E-11 8.1615E-11 8.0377E-11 8.0477E-11 7.9166E-11 7.9169E-11 7.9119E-11 7.9018E-11 7.7485E-11 7.7303E-11 7.7072E-11 7.4475E-11 7.4173E-11 7.2494E-11 7.2123E-11
0.0000E+00 0.0000E+00 0.0000E+00 0.0000E+00 4.2807E-12 6.0817E-12 8.3641E-12 9.3781E-12 1.0403E-11 1.1437E-11 1.2480E-11 1.6620E-11 2.1671E-11 2.2958E-11 2.5682E-11 2.9744E-11 3.1117E-11 3.2492E-11 3.3865E-11 3.5884E-11 4.1951E-11 4.4811E-11 4.7202E-11 5.0073E-11 5.1611E-11 5.2319E-11 5.4511E-11 5.5199E-11 5.5859E-11 5.9192E-11 6.2512E-11 6.4962E-11 6.6453E-11 6.9562E-11 7.0168E-11 7.0733E-11 7.1255E-11 7.1733E-11 7.2167E-11 7.2555E-11 7.2898E-11 7.3194E-11 7.3442E-11 7.3643E-11 7.3797E-11 7.2511E-11 7.2584E-11 7.2611E-11 7.1250E-11 7.1194E-11 7.1092E-11 6.8652E-11 6.8484E-11 6.8272E-11 6.6698E-11 6.6416E-11 6.6092E-11
0.0000E+00 0.0000E+00 0.0000E+00 0.0000E+00 0.0000E+00 0.0000E+00 3.3700E-12 5.1819E-12 6.9808E-12 9.2597E-12 1.0269E-11 1.1287E-11 1.2312E-11 1.3346E-11 1.8352E-11 2.3975E-11 2.5260E-11 2.6548E-11 2.7838E-11 2.9129E-11 3.1755E-11 3.3702E-11 3.5619E-11 3.9712E-11 4.2923E-11 4.5298E-11 4.6726E-11 4.9460E-11 5.1539E-11 5.2128E-11 5.2690E-11 5.3222E-11 5.3724E-11 5.5980E-11 5.9969E-11 6.1297E-11 6.4210E-11 6.4655E-11 6.5060E-11 6.4043E-11 6.4377E-11 6.4671E-11 6.5866E-11 6.6078E-11 6.6247E-11 6.6373E-11 6.4182E-11 6.4237E-11 6.2932E-11 6.2914E-11 6.2856E-11 6.2756E-11 6.2617E-11 6.2437E-11 5.9974E-11 5.8443E-11 5.7274E-11
0.0000E+00 0.0000E+00 0.0000E+00 0.0000E+00 0.0000E+00 0.0000E+00 0.0000E+00 0.0000E+00 0.0000E+00 4.2520E-12 6.8823E-12 7.8434E-12 1.0102E-11 1.1101E-11 1.2106E-11 1.3119E-11 1.4138E-11 1.8435E-11 2.2671E-11 2.3899E-11 2.7239E-11 2.8477E-11 2.9714E-11 3.0156E-11 3.2050E-11 3.2496E-11 3.2926E-11 3.7727E-11 3.9948E-11 4.3000E-11 4.3485E-11 4.5446E-11 4.8189E-11 4.8633E-11 4.7713E-11 4.8101E-11 4.8462E-11 4.8793E-11 5.1697E-11 5.3747E-11 5.6479E-11 5.6760E-11 5.7005E-11 5.7213E-11 5.8300E-11 5.8438E-11 5.8537E-11 5.7658E-11 5.7688E-11 5.6378E-11 5.6347E-11 5.6280E-11 5.3976E-11 5.2930E-11 5.2787E-11 5.1335E-11 5.1143E-11
0.0000E+00 0.0000E+00 0.0000E+00 0.0000E+00 0.0000E+00 0.0000E+00 0.0000E+00 0.0000E+00 0.0000E+00 0.0000E+00 0.0000E+00 0.0000E+00 4.7012E-12 7.7047E-12 8.6571E-12 9.6174E-12 1.0585E-11 1.2854E-11 1.3849E-11 1.5475E-11 1.5730E-11 2.1191E-11 2.3260E-11 2.4425E-11 2.6871E-11 2.8046E-11 2.9867E-11 3.0251E-11 3.1919E-11 3.2279E-11 3.2622E-11 3.7270E-11 3.8469E-11 4.0560E-11 4.2412E-11 4.3680E-11 4.4015E-11 4.4323E-11 4.4605E-11 4.4859E-11 4.5085E-11 4.5284E-11 4.4158E-11 4.5154E-11 4.7015E-11 4.8677E-11 4.9657E-11 4.8437E-11 4.8492E-11 4.8516E-11 4.7236E-11 4.6296E-11 4.6246E-11 4.6166E-11 4.6057E-11 4.3749E-11 4.3613E-11
0.0000E+00 0.0000E+00 0.0000E+00 0.0000E+00 0.0000E+00 0.0000E+00 0.0000E+00 0.0000E+00 0.0000E+00 0.0000E+00 0.0000E+00 0.0000E+00 0.0000E+00 0.0000E+00 0.0000E+00 4.2889E-12 6.4326E-12 9.4123E-12 1.0358E-11 1.1309E-11 1.2267E-11 1.2460E-11 1.4072E-11 1.4285E-11 1.8356E-11 2.1158E-11 2.3155E-11 2.5059E-11 2.6280E-11 2.8040E-11 2.8353E-11 2.8651E-11 2.8933E-11 2.9200E-11 3.0726E-11 3.2669E-11 3.6290E-11 3.6546E-11 3.9172E-11 3.9409E-11 3.7056E-11 3.7257E-11 3.7434E-11 3.7588E-11 3.7719E-11 3.7826E-11 3.7908E-11 3.7967E-11 3.8001E-11 3.7096E-11 3.7937E-11 3.6662E-11 3.8174E-11 3.8125E-11 3.8912E-11 3.7919E-11 3.5691E-11
0.0000E+00 0.0000E+00 0.0000E+00 0.0000E+00 0.0000E+00 0.0000E+00 0.0000E+00 0.0000E+00 0.0000E+00 0.0000E+00 0.0000E+00 0.0000E+00 0.0000E+00 0.0000E+00 0.0000E+00 0.0000E+00 0.0000E+00 0.0000E+00 2.5261E-12 5.9681E-12 8.0988E-12 9.0193E-12 9.9461E-12 1.2132E-11 1.3711E-11 1.3900E-11 1.4084E-11 1.4260E-11 1.6970E-11 1.9688E-11 2.1523E-11 2.2645E-11 2.4337E-11 2.4581E-11 2.5709E-11 2.5929E-11 2.6134E-11 2.6324E-11 2.6498E-11 2.6656E-11 2.8451E-11 3.0291E-11 3.1930E-11 3.2931E-11 3.3053E-11 3.1903E-11 3.1994E-11 3.1167E-11 3.1222E-11 3.1257E-11 3.1272E-11 3.0028E-11 3.0017E-11 2.9987E-11 2.9055E-11 2.8995E-11 2.8028E-11
0.0000E+00 0.0000E+00 0.0000E+00 0.0000E+00 0.0000E+00 0.0000E+00 0.0000E+00 0.0000E+00 0.0000E+00 0.0000E+00 0.0000E+00 0.0000E+00 0.0000E+00 0.0000E+00 0.0000E+00 0.0000E+00 0.0000E+00 0.0000E+00 0.0000E+00 0.0000E+00 0.0000E+00 0.0000E+00 4.1761E-12 5.9155E-12 8.4664E-12 9.3625E-12 9.4924E-12 1.2273E-11 1.2428E-11 1.2577E-11 1.2719E-11 1.2855E-11 1.2984E-11 1.7258E-11 1.9086E-11 2.0710E-11 2.0894E-11 2.1937E-11 2.2100E-11 2.2251E-11 2.2388E-11 2.2512E-11 2.2622E-11 2.2718E-11 2.1563E-11 2.1638E-11 2.2523E-11 2.2578E-11 2.4956E-11 2.4997E-11 2.5022E-11 2.4118E-11 2.4126E-11 2.4119E-11 2.4097E-11 2.4059E-11 2.3135E-11
0.0000E+00 0.0000E+00 0.0000E+00 0.0000E+00 0.0000E+00 0.0000E+00 0.0000E+00 0.0000E+00 0.0000E+00 0.0000E+00 0.0000E+00 0.0000E+00 0.0000E+00 0.0000E+00 0.0000E+00 0.0000E+00 0.0000E+00 0.0000E+00 0.0000E+00 0.0000E+00 0.0000E+00 0.0000E+00 0.0000E+00 0.0000E+00 0.0000E+00 8.1771E-13 4.1283E-12 5.7651E-12 7.4858E-12 7.5834E-12 9.9762E-12 1.0096E-11 1.0211E-11 1.0320E-11 1.0424E-11 1.1408E-11 1.1502E-11 1.1589E-11 1.4940E-11 1.7338E-11 1.8304E-11 1.7536E-11 1.7643E-11 1.7740E-11 1.7826E-11 1.7901E-11 1.7965E-11 1.8018E-11 1.8059E-11 1.8089E-11 1.7240E-11 1.7254E-11 1.7257E-11 1.7249E-11 1.7230E-11 1.5493E-11 1.5465E-11
0.0000E+00 0.0000E+00 0.0000E+00 0.0000E+00 0.0000E+00 0.0000E+00 0.0000E+00 0.0000E+00 0.0000E+00 0.0000E+00 0.0000E+00 0.0000E+00 0.0000E+00 0.0000E+00 0.0000E+00 0.0000E+00 0.0000E+00 0.0000E+00 0.0000E+00 0.0000E+00 0.0000E+00 0.0000E+00 0.0000E+00 0.0000E+00 0.0000E+00 0.0000E+00 0.0000E+00 0.0000E+00 0.0000E+00 0.0000E+00 3.2341E-12 5.6749E-12 5.7442E-12 8.0763E-12 8.1667E-12 8.2529E-12 8.3347E-12 9.2711E-12 9.3462E-12 9.4159E-12 9.4801E-12 9.5388E-12 9.5918E-12 1.1248E-11 1.2753E-11 1.3633E-11 1.2832E-11 1.2884E-11 1.3755E-11 1.3793E-11 1.3822E-11 1.3842E-11 1.3854E-11 1.3857E-11 1.3007E-11 1.2171E-11 1.2157E-11
0.0000E+00 0.0000E+00 0.0000E+00 0.0000E+00 0.0000E+00 0.0000E+00 0.0000E+00 0.0000E+00 0.0000E+00 0.0000E+00 0.0000E+00 0.0000E+00 0.0000E+00 0.0000E+00 0.0000E+00 0.0000E+00 0.0000E+00 0.0000E+00 0.0000E+00 0.0000E+00 0.0000E+00 0.0000E+00 0.0000E+00 0.0000E+00 0.0000E+00 0.0000E+00 0.0000E+00 0.0000E+00 0.0000E+00 0.0000E+00 0.0000E+00 0.0000E+00 0.0000E+00 0.0000E+00 0.0000E+00 3.9815E-12 4.8457E-12 6.3125E-12 6.3741E-12 7.2643E-12 7.3219E-12 7.3755E-12 7.4248E-12 7.4697E-12 7.5102E-12 7.5462E-12 7.5776E-12 7.6044E-12 7.6265E-12 7.6439E-12 7.6566E-12 6.8319E-12 7.6395E-12 9.0981E-12 9.1030E-12 9.1023E-12 9.0959E-12
0.0000E+00 0.0000E+00 0.0000E+00 0.0000E+00 0.0000E+00 0.0000E+00 0.0000E+00 0.0000E+00 0.0000E+00 0.0000E+00 0.0000E+00 0.0000E+00 0.0000E+00 0.0000E+00 0.0000E+00 0.0000E+00 0.0000E+00 0.0000E+00 0.0000E+00 0.0000E+00 0.0000E+00 0.0000E+00 0.0000E+00 0.0000E+00 0.0000E+00 0.0000E+00 0.0000E+00 0.0000E+00 0.0000E+00 0.0000E+00 0.0000E+00 0.0000E+00 0.0000E+00 0.0000E+00 0.0000E+00 0.0000E+00 0.0000E+00 0.0000E+00 0.0000E+00 0.0000E+00 1.5662E-12 3.7866E-12 4.6238E-12 4.6594E-12 4.6923E-12 5.5341E-12 5.5633E-12 5.5891E-12 5.6116E-12 5.6307E-12 5.6464E-12 5.6586E-12 5.6672E-12 4.8617E-12 4.8658E-12 4.8669E-12 4.8650E-12
0.0000E+00 0.0000E+00 0.0000E+00 0.0000E+00 0.0000E+00 0.0000E+00 0.0000E+00 0.0000E+00 0.0000E+00 0.0000E+00 0.0000E+00 0.0000E+00 0.0000E+00 0.0000E+00 0.0000E+00 0.0000E+00 0.0000E+00 0.0000E+00 0.0000E+00 0.0000E+00 0.0000E+00 0.0000E+00 0.0000E+00 0.0000E+00 0.0000E+00 0.0000E+00 0.0000E+00 0.0000E+00 0.0000E+00 0.0000E+00 0.0000E+00 0.0000E+00 0.0000E+00 0.0000E+00 0.0000E+00 0.0000E+00 0.0000E+00 0.0000E+00 0.0000E+00 0.0000E+00 0.0000E+00 0.0000E+00 0.0000E+00 0.0000E+00 0.0000E+00 0.0000E+00 0.0000E+00 7.7957E-13 2.1964E-12 2.9941E-12 3.0072E-12 3.0185E-12 3.0280E-12 3.0356E-12 3.0414E-12 3.0453E-12 3.0473E-12
0.0000E+00 0.0000E+00 0.0000E+00 0.0000E+00 0.0000E+00 0.0000E+00 0.0000E+00 0.0000E+00 0.0000E+00 0.0000E+00 0.0000E+00 0.0000E+00 0.0000E+00 0.0000E+00 0.0000E+00 0.0000E+00 0.0000E+00 0.0000E+00 0.0000E+00 0.0000E+00 0.0000E+00 0.0000E+00 0.0000E+00 0.0000E+00 0.0000E+00 0.0000E+00 0.0000E+00 0.0000E+00 0.0000E+00 0.0000E+00 0.0000E+00 0.0000E+00 0.0000E+00 0.0000E+00 0.0000E+00 0.0000E+00 0.0000E+00 0.0000E+00 0.0000E+00 0.0000E+00 0.0000E+00 0.0000E+00 0.0000E+00 0.0000E+00 0.0000E+00 0.0000E+00 0.0000E+00 0.0000E+00 0.0000E+00 0.0000E+00 0.0000E+00 0.0000E+00 0.0000E+00 0.0000E+00 0.0000E+00 0.0000E+00 0.0000E+00
0.0000E+00 0.0000E+00 0.0000E+00 0.0000E+00 0.0000E+00 0.0000E+00 0.0000E+00 0.0000E+00 0.0000E+00 0.0000E+00 0.0000E+00 0.0000E+00 0.0000E+00 0.0000E+00 0.0000E+00 0.0000E+00 0.0000E+00 0.0000E+00 0.0000E+00 0.0000E+00 0.0000E+00 0.0000E+00 0.0000E+00 0.0000E+00 0.0000E+00 0.0000E+00 0.0000E+00 0.0000E+00 0.0000E+00 0.0000E+00 0.0000E+00 0.0000E+00 0.0000E+00 0.0000E+00 0.0000E+00 0.0000E+00 0.0000E+00 0.0000E+00 0.0000E+00 0.0000E+00 0.0000E+00 0.0000E+00 0.0000E+00 0.0000E+00 0.0000E+00 0.0000E+00 0.0000E+00 0.0000E+00 0.0000E+00 0.0000E+00 0.0000E+00 0.0000E+00 0.0000E+00 0.0000E+00 0.0000E+00 0.0000E+00 0.0000E+00
0.0000E+00 0.0000E+00 0.0000E+00 0.0000E+00 0.0000E+00 0.0000E+00 0.0000E+00 0.0000E+00 0.0000E+00 0.0000E+00 0.0000E+00 0.0000E+00 0.0000E+00 0.0000E+00 0.0000E+00 0.0000E+00 0.0000E+00 0.0000E+00 0.0000E+00 0.0000E+00 0.0000E+00 0.0000E+00 0.0000E+00 0.0000E+00 0.0000E+00 0.0000E+00 0.0000E+00 0.0000E+00 0.0000E+00 0.0000E+00 0.0000E+00 0.0000E+00 0.0000E+00 0.0000E+00 0.0000E+00 0.0000E+00 0.0000E+00 0.0000E+00 0.0000E+00 0.0000E+00 0.0000E+00 0.0000E+00 0.0000E+00 0.0000E+00 0.0000E+00 0.0000E+00 0.0000E+00 0.0000E+00 0.0000E+00 0.0000E+00 0.0000E+00 0.0000E+00 0.0000E+00 0.0000E+00 0.0000E+00 0.0000E+00 0.0000E+00
0.0000E+00 0.0000E+00 0.0000E+00 0.0000E+00 0.0000E+00 0.0000E+00 0.0000E+00 0.0000E+00 0.0000E+00 0.0000E+00 0.0000E+00 0.0000E+00 0.0000E+00 0.0000E+00 0.0000E+00 0.0000E+00 0.0000E+00 0.0000E+00 0.0000E+00 0.0000E+00 0.0000E+00 0.0000E+00 0.0000E+00 0.0000E+00 0.0000E+00 0.0000E+00 0.0000E+00 0.0000E+00 0.0000E+00 0.0000E+00 0.0000E+00 0.0000E+00 0.0000E+00 0.0000E+00 0.0000E+00 0.0000E+00 0.0000E+00 0.0000E+00 0.0000E+00 0.0000E+00 0.0000E+00 0.0000E+00 0.0000E+00 0.0000E+00 0.0000E+00 0.0000E+00 0.0000E+00 0.0000E+00 0.0000E+00 0.0000E+00 0.0000E+00 0.0000E+00 0.0000E+00 0.0000E+00 0.0000E+00 0.0000E+00 0.0000E+00
