Assets/Resources/2015_m01_d24_0900(utc+0800)_l00_csi_1hr_conc.grd
DSAA
         159         159
     -79.000      79.000
     -79.000      79.000
  0.9548E-10  0.8552E-06
[rows 50 to 74 of 159, columns 57 to 113 of 159]
5.4648E-08 4.9284E-08 4.3357E-08 3.7359E-08 3.1656E-08 2.6592E-08 2.2303E-08 1.8936E-08 1.6500E-08 1.4970E-08 1.4029E-08 1.3538E-08 1.3574E-08 1.4944E-08 1.3876E-08 1.2968E-08 1.1485E-08 1.2231E-08 1.2798E-08 1.3267E-08 1.4259E-08 1.4729E-08 1.5989E-08 1.7425E-08 1.8071E-08 1.7405E-08 1.7262E-08 1.8206E-08 1.5347E-08 1.5503E-08 1.5238E-08 1.5365E-08 1.4973E-08 1.4567E-08 1.4148E-08 1.3719E-08 1.3284E-08 1.2845E-08 1.2406E-08 1.1969E-08 1.1535E-08 1.1105E-08 1.0682E-08 1.0265E-08 9.8578E-09 9.4595E-09 9.0714E-09 8.6943E-09 8.3284E-09 7.9742E-09 7.6328E-09 7.3043E-09 6.9887E-09 6.6856E-09 6.3958E-09 6.1160E-09 5.8504E-09
5.8944E-08 5.3761E-08 4.7681E-08 4.1154E-08 3.4680E-08 2.8739E-08 2.3646E-08 1.9559E-08 1.6417E-08 1.4403E-08 1.3304E-08 1.2859E-08 1.3046E-08 1.5346E-08 1.1537E-08 1.1627E-08 1.1304E-08 1.1763E-08 1.2674E-08 1.2872E-08 1.3769E-08 1.4712E-08 1.5557E-08 1.6854E-08 1.7940E-08 1.7147E-08 1.7414E-08 1.4892E-08 1.5037E-08 1.4935E-08 1.4759E-08 1.4807E-08 1.4434E-08 1.4048E-08 1.3650E-08 1.3243E-08 1.2831E-08 1.2416E-08 1.2001E-08 1.1588E-08 1.1177E-08 1.0771E-08 1.0370E-08 9.9753E-09 9.5886E-09 9.2105E-09 8.8419E-09 8.4834E-09 8.1352E-09 7.7982E-09 7.4731E-09 7.1600E-09 6.8587E-09 6.5694E-09 6.2903E-09 6.0249E-09 5.7685E-09
6.4091E-08 5.9504E-08 5.3589E-08 4.6794E-08 3.9656E-08 3.2718E-08 2.6480E-08 2.1273E-08 1.7322E-08 1.4443E-08 1.2893E-08 1.2270E-08 1.2672E-08 1.4051E-08 1.1159E-08 1.0315E-08 1.1199E-08 1.1364E-08 1.2168E-08 1.2596E-08 1.3326E-08 1.4690E-08 1.5263E-08 1.6334E-08 1.5971E-08 1.7052E-08 1.8692E-08 1.4338E-08 1.4633E-08 1.4374E-08 1.4422E-08 1.4250E-08 1.3897E-08 1.3530E-08 1.3154E-08 1.2769E-08 1.2380E-08 1.1990E-08 1.1599E-08 1.1209E-08 1.0822E-08 1.0438E-08 1.0059E-08 9.6858E-09 9.3198E-09 8.9618E-09 8.6125E-09 8.2724E-09 7.9418E-09 7.6218E-09 7.3129E-09 7.0151E-09 6.7281E-09 6.4525E-09 6.1863E-09 5.9308E-09 5.6856E-09
6.9586E-08 6.6138E-08 6.0960E-08 5.4385E-08 4.6884E-08 3.9093E-08 3.1617E-08 2.4985E-08 1.9647E-08 1.5762E-08 1.3237E-08 1.2077E-08 1.2545E-08 1.1730E-08 1.0961E-08 9.9269E-09 1.0708E-08 1.1085E-08 1.1702E-08 1.2625E-08 1.2958E-08 1.4162E-08 1.5334E-08 1.5897E-08 1.5420E-08 1.5266E-08 1.5604E-08 1.3817E-08 1.4050E-08 1.3830E-08 1.4018E-08 1.3698E-08 1.3363E-08 1.3017E-08 1.2662E-08 1.2301E-08 1.1935E-08 1.1568E-08 1.1200E-08 1.0834E-08 1.0469E-08 1.0107E-08 9.7501E-09 9.3983E-09 9.0529E-09 8.7146E-09 8.3842E-09 8.0622E-09 7.7492E-09 7.4461E-09 7.1531E-09 6.8703E-09 6.5975E-09 6.3354E-09 6.0810E-09 5.8363E-09 5.6047E-09
7.4471E-08 7.2760E-08 6.8992E-08 6.3369E-08 5.6216E-08 4.8143E-08 3.9705E-08 3.1628E-08 2.4561E-08 1.8922E-08 1.4989E-08 1.2846E-08 1.3086E-08 1.0784E-08 1.0777E-08 9.6594E-09 1.0264E-08 1.1108E-08 1.1288E-08 1.2134E-08 1.2734E-08 1.3688E-08 1.4868E-08 1.5615E-08 1.5029E-08 1.5078E-08 1.6286E-08 1.3386E-08 1.3478E-08 1.3317E-08 1.3455E-08 1.3152E-08 1.2837E-08 1.2512E-08 1.2178E-08 1.1839E-08 1.1496E-08 1.1151E-08 1.0807E-08 1.0463E-08 1.0121E-08 9.7813E-09 9.4454E-09 9.1143E-09 8.7889E-09 8.4699E-09 8.1581E-09 7.8540E-09 7.5583E-09 7.2717E-09 6.9943E-09 6.7263E-09 6.4676E-09 6.2167E-09 5.9748E-09 5.7443E-09 5.5214E-09
7.7437E-08 7.7898E-08 7.6126E-08 7.2334E-08 6.6492E-08 5.9113E-08 5.0646E-08 4.1730E-08 3.3163E-08 2.5408E-08 1.9169E-08 1.5053E-08 1.4577E-08 9.9806E-09 8.9297E-09 9.6751E-09 9.8742E-09 1.0651E-08 1.0951E-08 1.1682E-08 1.2908E-08 1.3301E-08 1.4319E-08 1.5142E-08 1.4802E-08 1.5461E-08 1.2804E-08 1.3271E-08 1.2920E-08 1.2886E-08 1.2900E-08 1.2617E-08 1.2320E-08 1.2016E-08 1.1703E-08 1.1385E-08 1.1065E-08 1.0743E-08 1.0422E-08 1.0100E-08 9.7792E-09 9.4608E-09 9.1457E-09 8.8347E-09 8.5289E-09 8.2288E-09 7.9352E-09 7.6487E-09 7.3700E-09 7.0994E-09 6.8374E-09 6.5837E-09 6.3390E-09 6.1002E-09 5.8695E-09 5.6506E-09 5.4378E-09
7.7212E-08 7.9804E-08 8.0416E-08 7.8994E-08 7.5442E-08 6.9866E-08 6.2799E-08 5.4333E-08 4.5405E-08 3.5973E-08 2.7199E-08 2.0058E-08 1.4026E-08 1.0653E-08 8.8340E-09 9.3009E-09 9.5628E-09 1.0211E-08 1.0776E-08 1.1293E-08 1.2397E-08 1.3094E-08 1.3832E-08 1.3496E-08 1.4238E-08 1.3440E-08 1.2281E-08 1.2556E-08 1.2382E-08 1.2735E-08 1.2359E-08 1.2093E-08 1.1816E-08 1.1531E-08 1.1239E-08 1.0942E-08 1.0644E-08 1.0345E-08 1.0045E-08 9.7444E-09 9.4448E-09 9.1470E-09 8.8521E-09 8.5608E-09 8.2739E-09 7.9923E-09 7.7163E-09 7.4470E-09 7.1848E-09 6.9300E-09 6.6829E-09 6.4434E-09 6.2099E-09 5.9840E-09 5.7679E-09 5.5580E-09 5.3557E-09
7.2928E-08 7.7236E-08 8.0003E-08 8.1012E-08 8.0167E-08 7.7258E-08 7.2731E-08 6.6325E-08 5.8742E-08 4.9190E-08 3.8607E-08 2.8330E-08 1.8319E-08 1.2279E-08 9.0466E-09 8.9672E-09 9.3979E-09 9.8121E-09 1.0585E-08 1.0999E-08 1.1926E-08 1.2955E-08 1.3445E-08 1.3050E-08 1.3024E-08 1.3844E-08 1.1813E-08 1.2006E-08 1.1873E-08 1.2069E-08 1.1831E-08 1.1583E-08 1.1325E-08 1.1059E-08 1.0787E-08 1.0512E-08 1.0234E-08 9.9566E-09 9.6776E-09 9.3980E-09 9.1188E-09 8.8411E-09 8.5656E-09 8.2933E-09 8.0249E-09 7.7610E-09 7.5023E-09 7.2497E-09 7.0035E-09 6.7639E-09 6.5312E-09 6.3056E-09 6.0844E-09 5.8698E-09 5.6655E-09 5.4659E-09 5.2739E-09
6.4740E-08 6.9929E-08 7.4201E-08 7.7046E-08 7.8544E-08 7.8215E-08 7.6528E-08 7.3139E-08 6.7988E-08 6.0534E-08 4.9814E-08 3.8238E-08 2.2333E-08 1.3642E-08 9.6154E-09 8.7449E-09 9.2513E-09 9.4825E-09 1.0172E-08 1.0893E-08 1.1513E-08 1.2420E-08 1.3180E-08 1.2712E-08 1.2973E-08 1.1303E-08 1.1494E-08 1.1475E-08 1.1417E-08 1.1541E-08 1.1321E-08 1.1089E-08 1.0849E-08 1.0601E-08 1.0349E-08 1.0094E-08 9.8373E-09 9.5803E-09 9.3215E-09 9.0618E-09 8.8023E-09 8.5437E-09 8.2871E-09 8.0331E-09 7.7824E-09 7.5357E-09 7.2938E-09 7.0573E-09 6.8265E-09 6.6017E-09 6.3830E-09 6.1687E-09 5.9603E-09 5.7579E-09 5.5644E-09 5.3763E-09 5.1949E-09
5.3793E-08 5.9071E-08 6.3821E-08 6.7636E-08 7.0366E-08 7.1875E-08 7.2118E-08 7.1427E-08 6.8891E-08 6.4575E-08 5.5681E-08 4.4125E-08 2.6772E-08 1.5260E-08 1.0383E-08 8.6482E-09 8.8770E-09 9.2461E-09 9.8021E-09 1.0761E-08 1.1198E-08 1.1932E-08 1.1726E-08 1.2485E-08 1.3659E-08 1.0807E-08 1.1100E-08 1.0968E-08 1.1098E-08 1.1032E-08 1.0827E-08 1.0611E-08 1.0388E-08 1.0159E-08 9.9245E-09 9.6907E-09 9.4542E-09 9.2167E-09 8.9772E-09 8.7366E-09 8.4959E-09 8.2558E-09 8.0172E-09 7.7808E-09 7.5472E-09 7.3170E-09 7.0914E-09 6.8704E-09 6.6545E-09 6.4438E-09 6.2364E-09 6.0365E-09 5.8395E-09 5.6488E-09 5.4663E-09 5.2878E-09 5.1175E-09
4.1947E-08 4.6661E-08 5.1117E-08 5.4998E-08 5.7995E-08 6.0147E-08 6.1300E-08 6.1879E-08 6.1138E-08 5.9297E-08 5.3651E-08 4.3329E-08 2.9349E-08 1.7374E-08 1.1126E-08 8.7144E-09 8.5326E-09 9.2010E-09 9.4875E-09 1.0318E-08 1.1128E-08 1.1512E-08 1.1254E-08 1.1212E-08 1.1543E-08 1.0352E-08 1.0592E-08 1.0491E-08 1.0723E-08 1.0541E-08 1.0350E-08 1.0151E-08 9.9434E-09 9.7327E-09 9.5176E-09 9.3023E-09 9.0853E-09 8.8664E-09 8.6454E-09 8.4231E-09 8.2004E-09 7.9780E-09 7.7566E-09 7.5370E-09 7.3198E-09 7.1055E-09 6.8954E-09 6.6894E-09 6.4877E-09 6.2907E-09 6.0954E-09 5.9069E-09 5.7219E-09 5.5443E-09 5.3701E-09 5.2017E-09 5.0406E-09
3.0982E-08 3.4876E-08 3.8679E-08 4.2149E-08 4.4951E-08 4.6996E-08 4.8225E-08 4.8949E-08 4.8934E-08 4.8280E-08 4.6590E-08 3.9708E-08 3.0800E-08 2.0011E-08 1.2504E-08 9.2597E-09 8.3074E-09 8.8266E-09 9.2727E-09 9.9171E-09 1.0693E-08 1.1200E-08 1.0877E-08 1.0972E-08 1.1790E-08 9.9836E-09 1.0108E-08 1.0053E-08 1.0237E-08 1.0069E-08 9.8918E-09 9.7083E-09 9.5172E-09 9.3236E-09 9.1275E-09 8.9297E-09 8.7313E-09 8.5302E-09 8.3267E-09 8.1218E-09 7.9162E-09 7.7106E-09 7.5057E-09 7.3021E-09 7.1005E-09 6.9016E-09 6.7064E-09 6.5145E-09 6.3265E-09 6.1403E-09 5.9578E-09 5.7816E-09 5.6073E-09 5.4389E-09 5.2766E-09 5.1178E-09 4.9651E-09
2.2064E-08 2.5139E-08 2.8325E-08 3.1344E-08 3.3927E-08 3.5793E-08 3.6989E-08 3.7602E-08 3.7872E-08 3.8140E-08 3.9269E-08 3.5873E-08 3.1406E-08 2.4063E-08 1.5191E-08 9.9510E-09 8.2333E-09 8.4773E-09 9.2891E-09 9.5773E-09 1.0236E-08 1.0756E-08 1.0615E-08 1.1106E-08 9.4516E-09 9.8666E-09 9.6483E-09 9.6935E-09 9.7711E-09 9.6167E-09 9.4531E-09 9.2844E-09 9.1101E-09 8.9321E-09 8.7544E-09 8.5741E-09 8.3927E-09 8.2083E-09 8.0214E-09 7.8330E-09 7.6436E-09 7.4540E-09 7.2648E-09 7.0765E-09 6.8897E-09 6.7056E-09 6.5244E-09 6.3461E-09 6.1687E-09 5.9966E-09 5.8251E-09 5.6593E-09 5.4972E-09 5.3385E-09 5.1861E-09 5.0366E-09 4.8950E-09
1.5504E-08 1.7966E-08 2.0730E-08 2.3562E-08 2.6124E-08 2.8155E-08 2.9538E-08 3.0326E-08 3.0866E-08 3.1804E-08 3.2392E-08 3.3594E-08 3.3116E-08 2.8675E-08 1.9440E-08 1.1671E-08 8.5018E-09 8.1860E-09 8.8996E-09 9.3666E-09 9.8396E-09 9.6755E-09 1.0131E-08 9.7643E-09 9.0372E-09 9.2892E-09 9.2141E-09 9.5710E-09 9.3262E-09 9.1841E-09 9.0349E-09 8.8797E-09 8.7217E-09 8.5595E-09 8.3986E-09 8.2351E-09 8.0696E-09 7.9009E-09 7.7299E-09 7.5570E-09 7.3830E-09 7.2085E-09 7.0341E-09 6.8603E-09 6.6876E-09 6.5176E-09 6.3497E-09 6.1843E-09 6.0183E-09 5.8571E-09 5.6974E-09 5.5431E-09 5.3904E-09 5.2416E-09 5.0986E-09 4.9589E-09 4.8238E-09
1.1200E-08 1.3223E-08 1.5694E-08 1.8442E-08 2.1082E-08 2.3491E-08 2.5249E-08 2.6573E-08 2.7329E-08 2.8687E-08 2.9592E-08 3.1657E-08 3.3640E-08 3.3124E-08 2.5500E-08 1.4947E-08 9.2003E-09 7.9882E-09 8.5477E-09 9.1883E-09 9.5103E-09 9.3110E-09 9.3425E-09 9.9663E-09 8.6724E-09 8.8572E-09 8.8125E-09 9.0260E-09 8.9026E-09 8.7720E-09 8.6367E-09 8.4949E-09 8.3522E-09 8.2066E-09 8.0603E-09 7.9128E-09 7.7622E-09 7.6084E-09 7.4522E-09 7.2940E-09 7.1345E-09 6.9742E-09 6.8138E-09 6.6536E-09 6.4946E-09 6.3377E-09 6.1825E-09 6.0270E-09 5.8730E-09 5.7235E-09 5.5741E-09 5.4286E-09 5.2876E-09 5.1475E-09 5.0135E-09 4.8833E-09 4.7580E-09
8.3373E-09 1.0032E-08 1.2243E-08 1.4830E-08 1.7708E-08 2.0470E-08 2.2733E-08 2.4554E-08 2.5953E-08 2.7818E-08 2.7409E-08 2.9464E-08 3.2813E-08 3.5598E-08 3.1997E-08 2.0416E-08 1.0850E-08 8.0944E-09 8.2333E-09 8.7870E-09 9.2544E-09 9.0162E-09 9.2237E-09 8.2390E-09 8.4253E-09 8.4489E-09 8.4606E-09 8.6118E-09 8.5003E-09 8.3812E-09 8.2589E-09 8.1314E-09 8.0019E-09 7.8720E-09 7.7400E-09 7.6070E-09 7.4703E-09 7.3305E-09 7.1882E-09 7.0438E-09 6.8979E-09 6.7511E-09 6.6038E-09 6.4565E-09 6.3105E-09 6.1659E-09 6.0203E-09 5.8778E-09 5.7341E-09 5.5932E-09 5.4566E-09 5.3196E-09 5.1889E-09 5.0571E-09 4.9335E-09 4.8113E-09 4.6906E-09
6.5763E-09 7.9220E-09 9.8317E-09 1.2393E-08 1.5383E-08 1.8494E-08 2.1323E-08 2.3602E-08 2.5396E-08 2.6834E-08 2.6670E-08 2.7794E-08 3.0904E-08 3.5295E-08 3.7083E-08 2.8276E-08 1.4424E-08 8.5213E-09 7.9800E-09 8.4195E-09 8.3218E-09 8.7858E-09 9.5287E-09 7.8708E-09 8.1173E-09 8.0658E-09 8.2239E-09 8.2200E-09 8.1192E-09 8.0122E-09 7.9014E-09 7.7877E-09 7.6706E-09 7.5555E-09 7.4375E-09 7.3176E-09 7.1940E-09 7.0673E-09 6.9379E-09 6.8064E-09 6.6733E-09 6.5391E-09 6.4041E-09 6.2689E-09 6.1352E-09 5.9999E-09 5.8670E-09 5.7319E-09 5.6003E-09 5.4702E-09 5.3435E-09 5.2161E-09 5.0910E-09 4.9735E-09 4.8551E-09 4.7400E-09 4.6159E-09
5.6714E-09 6.6973E-09 8.2888E-09 1.0560E-08 1.3438E-08 1.6662E-08 1.9811E-08 2.2543E-08 2.4838E-08 2.5823E-08 2.6323E-08 2.6831E-08 2.8993E-08 3.3111E-08 3.8465E-08 3.6698E-08 2.1386E-08 9.6319E-09 7.8694E-09 8.0972E-09 7.9769E-09 7.9864E-09 8.2519E-09 7.5387E-09 7.7419E-09 7.7114E-09 7.9368E-09 7.8504E-09 7.7593E-09 7.6641E-09 7.5641E-09 7.4635E-09 7.3600E-09 7.2570E-09 7.1520E-09 7.0442E-09 6.9328E-09 6.8183E-09 6.7011E-09 6.5816E-09 6.4605E-09 6.3380E-09 6.2146E-09 6.0910E-09 5.9686E-09 5.8433E-09 5.7175E-09 5.5953E-09 5.4720E-09 5.3529E-09 5.2324E-09 5.1158E-09 5.0023E-09 4.8902E-09 4.7794E-09 4.6736E-09 4.5550E-09
5.0803E-09 5.8156E-09 7.0460E-09 8.9426E-09 1.1540E-08 1.4700E-08 1.8048E-08 2.1194E-08 2.4131E-08 2.4966E-08 2.5975E-08 2.6273E-08 2.7587E-08 3.0637E-08 3.6360E-08 4.1872E-08 3.2340E-08 1.3327E-08 7.6971E-09 7.8402E-09 7.6855E-09 7.7755E-09 8.2493E-09 7.2717E-09 7.3899E-09 7.3939E-09 7.5787E-09 7.5023E-09 7.4204E-09 7.3364E-09 7.2476E-09 7.1584E-09 7.0679E-09 6.9759E-09 6.8832E-09 6.7866E-09 6.6865E-09 6.5833E-09 6.4773E-09 6.3692E-09 6.2591E-09 6.1476E-09 6.0350E-09 5.9225E-09 5.8073E-09 5.6922E-09 5.5777E-09 5.4649E-09 5.3512E-09 5.2387E-09 5.1295E-09 5.0211E-09 4.9150E-09 4.8108E-09 4.7098E-09 4.5949E-09 4.4685E-09
4.6610E-09 5.1597E-09 6.0474E-09 7.5346E-09 9.7682E-09 1.2718E-08 1.6136E-08 1.9626E-08 2.3179E-08 2.3981E-08 2.4968E-08 2.5955E-08 2.6721E-08 2.8542E-08 3.2714E-08 4.1078E-08 4.4234E-08 2.2777E-08 8.2852E-09 7.5013E-09 7.4602E-09 7.7775E-09 6.8610E-09 7.1850E-09 7.0617E-09 7.1418E-09 7.2422E-09 7.1752E-09 7.1029E-09 7.0286E-09 6.9512E-09 6.8719E-09 6.7935E-09 6.7127E-09 6.6304E-09 6.5442E-09 6.4545E-09 6.3618E-09 6.2664E-09 6.1686E-09 6.0689E-09 5.9676E-09 5.8651E-09 5.7597E-09 5.6543E-09 5.5490E-09 5.4445E-09 5.3386E-09 5.2338E-09 5.1317E-09 5.0300E-09 4.9302E-09 4.8319E-09 4.7364E-09 4.6264E-09 4.5182E-09 4.4135E-09
4.3677E-09 4.6865E-09 5.3052E-09 6.4085E-09 8.2210E-09 1.0858E-08 1.4188E-08 1.7946E-08 2.0936E-08 2.3191E-08 2.4463E-08 2.5547E-08 2.6177E-08 2.7279E-08 2.9764E-08 3.6270E-08 4.7149E-08 3.9371E-08 1.1924E-08 6.8568E-09 7.1053E-09 6.9805E-09 6.5734E-09 6.7746E-09 6.7586E-09 7.0739E-09 6.9274E-09 6.8685E-09 6.8059E-09 6.7401E-09 6.6735E-09 6.6042E-09 6.5362E-09 6.4659E-09 6.3930E-09 6.3164E-09 6.2365E-09 6.1535E-09 6.0677E-09 5.9796E-09 5.8895E-09 5.7977E-09 5.7013E-09 5.6057E-09 5.5097E-09 5.4140E-09 5.3158E-09 5.2200E-09 5.1240E-09 5.0293E-09 4.9361E-09 4.8439E-09 4.7530E-09 4.6484E-09 4.5463E-09 4.4462E-09 4.3362E-09
4.1485E-09 4.3614E-09 4.7597E-09 5.5472E-09 6.9377E-09 9.1674E-09 1.2269E-08 1.6192E-08 1.9504E-08 2.2305E-08 2.3999E-08 2.5300E-08 2.5945E-08 2.6656E-08 2.8169E-08 3.2132E-08 4.1981E-08 5.2795E-08 2.5250E-08 6.9318E-09 6.6391E-09 7.0606E-09 6.3256E-09 6.4785E-09 6.4847E-09 6.6811E-09 6.6331E-09 6.5815E-09 6.5280E-09 6.4706E-09 6.4136E-09 6.3548E-09 6.2954E-09 6.2346E-09 6.1705E-09 6.1027E-09 6.0317E-09 5.9576E-09 5.8809E-09 5.8017E-09 5.7204E-09 5.6341E-09 5.5470E-09 5.4603E-09 5.3735E-09 5.2837E-09 5.1953E-09 5.1069E-09 5.0193E-09 4.9328E-09 4.8459E-09 4.7622E-09 4.6632E-09 4.5663E-09 4.4712E-09 4.3646E-09 4.2876E-09
3.9863E-09 4.1225E-09 4.3778E-09 4.8997E-09 5.9038E-09 7.6729E-09 1.0418E-08 1.4387E-08 1.7442E-08 2.0895E-08 2.3525E-08 2.5181E-08 2.6007E-08 2.6177E-08 2.7111E-08 2.9500E-08 3.5796E-08 5.0332E-08 4.9759E-08 1.0315E-08 6.5170E-09 6.0062E-09 6.1625E-09 6.2041E-09 6.2513E-09 6.3985E-09 6.3584E-09 6.3140E-09 6.2686E-09 6.2203E-09 6.1710E-09 6.1217E-09 6.0706E-09 6.0182E-09 5.9621E-09 5.9025E-09 5.8397E-09 5.7738E-09 5.7053E-09 5.6343E-09 5.5579E-09 5.4799E-09 5.4017E-09 5.3238E-09 5.2425E-09 5.1598E-09 5.0806E-09 5.0003E-09 4.9207E-09 4.8403E-09 4.7608E-09 4.6686E-09 4.5636E-09 4.4875E-09 4.3870E-09 4.3144E-09 4.2114E-09
3.8527E-09 3.9418E-09 4.1062E-09 4.4323E-09 5.1195E-09 6.4380E-09 8.7488E-09 1.2103E-08 1.5606E-08 1.9496E-08 2.3291E-08 2.5635E-08 2.6754E-08 2.6892E-08 2.6828E-08 2.7979E-08 3.1846E-08 4.1986E-08 6.1567E-08 2.8723E-08 6.6127E-09 5.7653E-09 5.9541E-09 5.9514E-09 6.1060E-09 6.1356E-09 6.1021E-09 6.0654E-09 6.0268E-09 5.9869E-09 5.9447E-09 5.9042E-09 5.8611E-09 5.8160E-09 5.7671E-09 5.7150E-09 5.6596E-09 5.6013E-09 5.5404E-09 5.4737E-09 5.4039E-09 5.3349E-09 5.2655E-09 5.1926E-09 5.1180E-09 5.0439E-09 4.9727E-09 4.8993E-09 4.8264E-09 4.7383E-09 4.6661E-09 4.5671E-09 4.4962E-09 4.3998E-09 4.3191E-09 4.2348E-09 4.1335E-09
3.7388E-09 3.8021E-09 3.9080E-09 4.1121E-09 4.5578E-09 5.4881E-09 7.3445E-09 9.9355E-09 1.3633E-08 1.8007E-08 2.3042E-08 2.7101E-08 2.9816E-08 3.0173E-08 2.8917E-08 2.8120E-08 2.9291E-08 3.5521E-08 5.1402E-08 6.6637E-08 8.1627E-09 5.5519E-09 5.7101E-09 5.7219E-09 5.9168E-09 5.8913E-09 5.8636E-09 5.8341E-09 5.8017E-09 5.7695E-09 5.7354E-09 5.7014E-09 5.6656E-09 5.6270E-09 5.5848E-09 5.5395E-09 5.4910E-09 5.4372E-09 5.3823E-09 5.3217E-09 5.2604E-09 5.1969E-09 5.1341E-09 5.0682E-09 4.9997E-09 4.9350E-09 4.8707E-09 4.8034E-09 4.7220E-09 4.6550E-09 4.5631E-09 4.4837E-09 4.4069E-09 4.3112E-09 4.2329E-09 4.1565E-09 4.0821E-09
