Assets/Resources/2015_m01_d05_1500(utc+0800)_l00_csi_1hr_conc.grd
DSAA
         159         159
     -79.000      79.000
     -79.000      79.000
  0.9467E-10  0.6481E-05
[rows 25 to 49 of 159, columns 0 to 56 of 159]
5.2681E-09 5.3597E-09 5.4498E-09 5.5381E-09 5.6252E-09 5.7104E-09 5.7942E-09 5.8765E-09 5.9569E-09 6.0330E-09 6.1089E-09 6.1830E-09 6.2542E-09 6.3211E-09 6.3839E-09 6.4427E-09 6.4973E-09 6.5493E-09 6.5971E-09 6.6433E-09 6.6883E-09 6.7278E-09 6.7685E-09 6.8067E-09 6.8429E-09 6.8751E-09 6.9008E-09 6.9207E-09 6.9358E-09 6.9436E-09 6.9444E-09 6.9386E-09 6.9263E-09 6.9065E-09 6.8786E-09 6.8427E-09 6.7986E-09 6.7468E-09 6.6868E-09 6.6186E-09 6.5419E-09 6.4569E-09 6.3638E-09 6.2632E-09 6.1551E-09 6.0396E-09 5.9160E-09 5.7864E-09 5.6498E-09 5.5069E-09 5.3585E-09 5.2096E-09 5.0578E-09 4.9010E-09 4.7446E-09 4.5790E-09 4.4184E-09
5.4285E-09 5.5241E-09 5.6185E-09 5.7118E-09 5.8031E-09 5.8937E-09 5.9827E-09 6.0697E-09 6.1532E-09 6.2366E-09 6.3193E-09 6.3983E-09 6.4778E-09 6.5514E-09 6.6208E-09 6.6867E-09 6.7510E-09 6.8087E-09 6.8636E-09 6.9142E-09 6.9651E-09 7.0134E-09 7.0620E-09 7.1077E-09 7.1490E-09 7.1875E-09 7.2185E-09 7.2437E-09 7.2642E-09 7.2775E-09 7.2819E-09 7.2791E-09 7.2688E-09 7.2507E-09 7.2261E-09 7.1920E-09 7.1489E-09 7.0969E-09 7.0357E-09 6.9647E-09 6.8842E-09 6.7944E-09 6.6953E-09 6.5876E-09 6.4706E-09 6.3456E-09 6.2123E-09 6.0731E-09 5.9278E-09 5.7773E-09 5.6226E-09 5.4599E-09 5.2918E-09 5.1211E-09 4.9540E-09 4.7826E-09 4.6116E-09
5.5912E-09 5.6916E-09 5.7911E-09 5.8885E-09 5.9858E-09 6.0814E-09 6.1751E-09 6.2668E-09 6.3576E-09 6.4482E-09 6.5359E-09 6.6230E-09 6.7078E-09 6.7891E-09 6.8687E-09 6.9428E-09 7.0149E-09 7.0808E-09 7.1432E-09 7.2018E-09 7.2616E-09 7.3190E-09 7.3740E-09 7.4262E-09 7.4738E-09 7.5194E-09 7.5582E-09 7.5903E-09 7.6151E-09 7.6339E-09 7.6451E-09 7.6494E-09 7.6459E-09 7.6335E-09 7.6114E-09 7.5800E-09 7.5386E-09 7.4862E-09 7.4227E-09 7.3488E-09 7.2645E-09 7.1678E-09 7.0609E-09 6.9441E-09 6.8176E-09 6.6829E-09 6.5394E-09 6.3885E-09 6.2298E-09 6.0641E-09 5.8969E-09 5.7255E-09 5.5481E-09 5.3704E-09 5.1828E-09 4.9927E-09 4.8113E-09
5.7570E-09 5.8626E-09 5.9661E-09 6.0700E-09 6.1726E-09 6.2726E-09 6.3721E-09 6.4706E-09 6.5689E-09 6.6654E-09 6.7605E-09 6.8545E-09 6.9466E-09 7.0387E-09 7.1266E-09 7.2100E-09 7.2902E-09 7.3672E-09 7.4406E-09 7.5099E-09 7.5763E-09 7.6407E-09 7.7030E-09 7.7649E-09 7.8212E-09 7.8731E-09 7.9211E-09 7.9627E-09 7.9982E-09 8.0261E-09 8.0454E-09 8.0567E-09 8.0569E-09 8.0468E-09 8.0256E-09 7.9937E-09 7.9508E-09 7.8964E-09 7.8302E-09 7.7525E-09 7.6633E-09 7.5629E-09 7.4515E-09 7.3293E-09 7.1968E-09 7.0542E-09 6.9002E-09 6.7392E-09 6.5692E-09 6.3877E-09 6.2002E-09 6.0103E-09 5.8176E-09 5.6261E-09 5.4306E-09 5.2334E-09 5.0298E-09
5.9259E-09 6.0360E-09 6.1457E-09 6.2549E-09 6.3618E-09 6.4687E-09 6.5748E-09 6.6809E-09 6.7862E-09 6.8898E-09 6.9929E-09 7.0950E-09 7.1968E-09 7.2978E-09 7.3946E-09 7.4895E-09 7.5812E-09 7.6709E-09 7.7546E-09 7.8340E-09 7.9084E-09 7.9834E-09 8.0544E-09 8.1233E-09 8.1917E-09 8.2573E-09 8.3174E-09 8.3692E-09 8.4138E-09 8.4479E-09 8.4723E-09 8.4872E-09 8.4918E-09 8.4864E-09 8.4705E-09 8.4426E-09 8.4020E-09 8.3492E-09 8.2832E-09 8.2038E-09 8.1107E-09 8.0049E-09 7.8861E-09 7.7531E-09 7.6084E-09 7.4532E-09 7.2871E-09 7.1127E-09 6.9297E-09 6.7384E-09 6.5364E-09 6.3316E-09 6.1262E-09 5.9130E-09 5.6980E-09 5.4795E-09 5.2655E-09
6.0971E-09 6.2126E-09 6.3283E-09 6.4423E-09 6.5563E-09 6.6703E-09 6.7841E-09 6.8980E-09 7.0098E-09 7.1214E-09 7.2340E-09 7.3457E-09 7.4569E-09 7.5667E-09 7.6759E-09 7.7838E-09 7.8865E-09 7.9883E-09 8.0842E-09 8.1762E-09 8.2627E-09 8.3461E-09 8.4301E-09 8.5145E-09 8.5960E-09 8.6729E-09 8.7415E-09 8.8011E-09 8.8528E-09 8.8967E-09 8.9326E-09 8.9584E-09 8.9741E-09 8.9766E-09 8.9659E-09 8.9419E-09 8.9036E-09 8.8497E-09 8.7808E-09 8.6975E-09 8.5995E-09 8.4871E-09 8.3605E-09 8.2198E-09 8.0638E-09 7.8960E-09 7.7163E-09 7.5266E-09 7.3282E-09 7.1192E-09 6.8986E-09 6.6749E-09 6.4515E-09 6.2238E-09 5.9949E-09 5.7638E-09 5.5279E-09
6.2705E-09 6.3925E-09 6.5139E-09 6.6343E-09 6.7557E-09 6.8775E-09 6.9994E-09 7.1197E-09 7.2403E-09 7.3627E-09 7.4845E-09 7.6061E-09 7.7277E-09 7.8491E-09 7.9713E-09 8.0900E-09 8.2072E-09 8.3213E-09 8.4325E-09 8.5375E-09 8.6394E-09 8.7396E-09 8.8389E-09 8.9349E-09 9.0255E-09 9.1101E-09 9.1901E-09 9.2660E-09 9.3340E-09 9.3936E-09 9.4408E-09 9.4785E-09 9.5002E-09 9.5071E-09 9.4992E-09 9.4766E-09 9.4381E-09 9.3831E-09 9.3122E-09 9.2265E-09 9.1237E-09 9.0043E-09 8.8691E-09 8.7182E-09 8.5525E-09 8.3729E-09 8.1817E-09 7.9790E-09 7.7628E-09 7.5360E-09 7.3008E-09 7.0566E-09 6.8116E-09 6.5636E-09 6.3104E-09 6.0612E-09 5.8089E-09
6.4470E-09 6.5754E-09 6.7025E-09 6.8309E-09 6.9606E-09 7.0904E-09 7.2190E-09 7.3488E-09 7.4808E-09 7.6122E-09 7.7438E-09 7.8770E-09 8.0105E-09 8.1447E-09 8.2788E-09 8.4116E-09 8.5436E-09 8.6717E-09 8.7986E-09 8.9240E-09 9.0453E-09 9.1618E-09 9.2716E-09 9.3766E-09 9.4806E-09 9.5840E-09 9.6841E-09 9.7768E-09 9.8606E-09 9.9311E-09 9.9890E-09 1.0032E-08 1.0062E-08 1.0078E-08 1.0079E-08 1.0064E-08 1.0031E-08 9.9807E-09 9.9112E-09 9.8229E-09 9.7160E-09 9.5900E-09 9.4461E-09 9.2821E-09 9.1016E-09 8.9055E-09 8.6953E-09 8.4721E-09 8.2360E-09 7.9899E-09 7.7341E-09 7.4671E-09 7.2014E-09 6.9326E-09 6.6623E-09 6.3885E-09 6.1132E-09
6.6265E-09 6.7606E-09 6.8956E-09 7.0334E-09 7.1702E-09 7.3074E-09 7.4458E-09 7.5867E-09 7.7278E-09 7.8701E-09 8.0142E-09 8.1594E-09 8.3056E-09 8.4533E-09 8.6003E-09 8.7490E-09 8.8952E-09 9.0426E-09 9.1908E-09 9.3356E-09 9.4740E-09 9.6025E-09 9.7274E-09 9.8540E-09 9.9793E-09 1.0102E-08 1.0219E-08 1.0325E-08 1.0421E-08 1.0506E-08 1.0579E-08 1.0639E-08 1.0685E-08 1.0714E-08 1.0724E-08 1.0716E-08 1.0687E-08 1.0636E-08 1.0564E-08 1.0471E-08 1.0356E-08 1.0221E-08 1.0067E-08 9.8927E-09 9.7004E-09 9.4906E-09 9.2623E-09 9.0201E-09 8.7627E-09 8.4926E-09 8.2126E-09 7.9211E-09 7.6268E-09 7.3348E-09 7.0387E-09 6.7416E-09 6.4438E-09
6.8082E-09 6.9499E-09 7.0943E-09 7.2386E-09 7.3838E-09 7.5311E-09 7.6803E-09 7.8310E-09 7.9837E-09 8.1383E-09 8.2948E-09 8.4529E-09 8.6139E-09 8.7752E-09 8.9382E-09 9.1011E-09 9.2689E-09 9.4378E-09 9.6045E-09 9.7656E-09 9.9205E-09 1.0074E-08 1.0224E-08 1.0372E-08 1.0517E-08 1.0655E-08 1.0787E-08 1.0914E-08 1.1033E-08 1.1139E-08 1.1232E-08 1.1309E-08 1.1367E-08 1.1404E-08 1.1421E-08 1.1418E-08 1.1391E-08 1.1341E-08 1.1270E-08 1.1176E-08 1.1058E-08 1.0917E-08 1.0752E-08 1.0565E-08 1.0357E-08 1.0129E-08 9.8822E-09 9.6173E-09 9.3359E-09 9.0407E-09 8.7355E-09 8.4208E-09 8.0993E-09 7.7779E-09 7.4535E-09 7.1271E-09 6.8005E-09
6.9933E-09 7.1439E-09 7.2952E-09 7.4487E-09 7.6040E-09 7.7610E-09 7.9212E-09 8.0839E-09 8.2485E-09 8.4157E-09 8.5862E-09 8.7597E-09 8.9345E-09 9.1117E-09 9.2913E-09 9.4763E-09 9.6642E-09 9.8514E-09 1.0034E-08 1.0216E-08 1.0400E-08 1.0581E-08 1.0756E-08 1.0924E-08 1.1087E-08 1.1249E-08 1.1408E-08 1.1560E-08 1.1701E-08 1.1829E-08 1.1938E-08 1.2028E-08 1.2099E-08 1.2151E-08 1.2183E-08 1.2192E-08 1.2176E-08 1.2134E-08 1.2064E-08 1.1968E-08 1.1845E-08 1.1696E-08 1.1519E-08 1.1317E-08 1.1090E-08 1.0840E-08 1.0570E-08 1.0281E-08 9.9731E-09 9.6496E-09 9.3144E-09 8.9683E-09 8.6116E-09 8.2572E-09 7.9025E-09 7.5489E-09 7.1967E-09
7.1817E-09 7.3410E-09 7.5017E-09 7.6645E-09 7.8284E-09 7.9977E-09 8.1703E-09 8.3442E-09 8.5219E-09 8.7043E-09 8.8896E-09 9.0773E-09 9.2685E-09 9.4640E-09 9.6658E-09 9.8710E-09 1.0076E-08 1.0280E-08 1.0489E-08 1.0700E-08 1.0911E-08 1.1118E-08 1.1317E-08 1.1511E-08 1.1706E-08 1.1898E-08 1.2082E-08 1.2258E-08 1.2420E-08 1.2567E-08 1.2697E-08 1.2813E-08 1.2909E-08 1.2981E-08 1.3028E-08 1.3048E-08 1.3037E-08 1.2996E-08 1.2925E-08 1.2825E-08 1.2695E-08 1.2536E-08 1.2347E-08 1.2130E-08 1.1886E-08 1.1618E-08 1.1327E-08 1.1012E-08 1.0675E-08 1.0319E-08 9.9539E-09 9.5733E-09 9.1836E-09 8.7944E-09 8.4018E-09 8.0104E-09 7.6193E-09
7.3741E-09 7.5420E-09 7.7116E-09 7.8831E-09 8.0610E-09 8.2424E-09 8.4249E-09 8.6125E-09 8.8066E-09 9.0031E-09 9.2031E-09 9.4080E-09 9.6179E-09 9.8356E-09 1.0058E-08 1.0281E-08 1.0503E-08 1.0735E-08 1.0973E-08 1.1211E-08 1.1449E-08 1.1683E-08 1.1917E-08 1.2149E-08 1.2375E-08 1.2594E-08 1.2803E-08 1.3004E-08 1.3195E-08 1.3374E-08 1.3537E-08 1.3677E-08 1.3794E-08 1.3881E-08 1.3940E-08 1.3970E-08 1.3968E-08 1.3932E-08 1.3863E-08 1.3762E-08 1.3627E-08 1.3458E-08 1.3257E-08 1.3024E-08 1.2761E-08 1.2470E-08 1.2152E-08 1.1809E-08 1.1442E-08 1.1056E-08 1.0655E-08 1.0240E-08 9.8118E-09 9.3799E-09 8.9516E-09 8.5219E-09 8.0942E-09
7.5691E-09 7.7456E-09 7.9246E-09 8.1102E-09 8.2998E-09 8.4904E-09 8.6877E-09 8.8922E-09 9.0992E-09 9.3109E-09 9.5289E-09 9.7520E-09 9.9845E-09 1.0224E-08 1.0463E-08 1.0705E-08 1.0958E-08 1.1219E-08 1.1482E-08 1.1748E-08 1.2016E-08 1.2289E-08 1.2563E-08 1.2829E-08 1.3085E-08 1.3333E-08 1.3578E-08 1.3817E-08 1.4043E-08 1.4256E-08 1.4447E-08 1.4610E-08 1.4749E-08 1.4858E-08 1.4934E-08 1.4979E-08 1.4989E-08 1.4962E-08 1.4898E-08 1.4795E-08 1.4655E-08 1.4477E-08 1.4261E-08 1.4011E-08 1.3725E-08 1.3408E-08 1.3061E-08 1.2686E-08 1.2284E-08 1.1862E-08 1.1423E-08 1.0971E-08 1.0511E-08 1.0043E-08 9.5661E-09 9.0876E-09 8.6147E-09
7.7674E-09 7.9531E-09 8.1441E-09 8.3414E-09 8.5413E-09 8.7471E-09 8.9609E-09 9.1777E-09 9.4004E-09 9.6307E-09 9.8657E-09 1.0112E-08 1.0367E-08 1.0623E-08 1.0883E-08 1.1157E-08 1.1438E-08 1.1724E-08 1.2016E-08 1.2316E-08 1.2624E-08 1.2937E-08 1.3245E-08 1.3545E-08 1.3840E-08 1.4135E-08 1.4421E-08 1.4698E-08 1.4960E-08 1.5201E-08 1.5423E-08 1.5616E-08 1.5781E-08 1.5915E-08 1.6014E-08 1.6076E-08 1.6099E-08 1.6081E-08 1.6020E-08 1.5918E-08 1.5772E-08 1.5584E-08 1.5355E-08 1.5085E-08 1.4776E-08 1.4432E-08 1.4053E-08 1.3642E-08 1.3201E-08 1.2737E-08 1.2253E-08 1.1755E-08 1.1248E-08 1.0736E-08 1.0220E-08 9.7029E-09 9.1858E-09
7.9676E-09 8.1649E-09 8.3688E-09 8.5772E-09 8.7907E-09 9.0119E-09 9.2379E-09 9.4715E-09 9.7127E-09 9.9581E-09 1.0218E-08 1.0487E-08 1.0758E-08 1.1035E-08 1.1328E-08 1.1631E-08 1.1940E-08 1.2254E-08 1.2581E-08 1.2921E-08 1.3269E-08 1.3615E-08 1.3960E-08 1.4310E-08 1.4657E-08 1.4995E-08 1.5324E-08 1.5639E-08 1.5940E-08 1.6218E-08 1.6475E-08 1.6703E-08 1.6900E-08 1.7063E-08 1.7186E-08 1.7270E-08 1.7309E-08 1.7303E-08 1.7249E-08 1.7148E-08 1.6999E-08 1.6802E-08 1.6558E-08 1.6268E-08 1.5935E-08 1.5561E-08 1.5149E-08 1.4700E-08 1.4218E-08 1.3710E-08 1.3179E-08 1.2632E-08 1.2074E-08 1.1507E-08 1.0935E-08 1.0363E-08 9.7940E-09
8.1725E-09 8.3815E-09 8.5973E-09 8.8176E-09 9.0460E-09 9.2816E-09 9.5243E-09 9.7745E-09 1.0030E-08 1.0301E-08 1.0583E-08 1.0869E-08 1.1160E-08 1.1471E-08 1.1794E-08 1.2124E-08 1.2462E-08 1.2815E-08 1.3182E-08 1.3559E-08 1.3941E-08 1.4327E-08 1.4727E-08 1.5127E-08 1.5523E-08 1.5908E-08 1.6284E-08 1.6644E-08 1.6989E-08 1.7310E-08 1.7608E-08 1.7876E-08 1.8108E-08 1.8303E-08 1.8455E-08 1.8561E-08 1.8619E-08 1.8626E-08 1.8580E-08 1.8481E-08 1.8329E-08 1.8123E-08 1.7865E-08 1.7555E-08 1.7195E-08 1.6790E-08 1.6339E-08 1.5848E-08 1.5320E-08 1.4762E-08 1.4179E-08 1.3577E-08 1.2965E-08 1.2343E-08 1.1719E-08 1.1090E-08 1.0464E-08
8.3790E-09 8.6016E-09 8.8301E-09 9.0639E-09 9.3078E-09 9.5581E-09 9.8159E-09 1.0082E-08 1.0362E-08 1.0655E-08 1.0954E-08 1.1260E-08 1.1586E-08 1.1927E-08 1.2276E-08 1.2637E-08 1.3015E-08 1.3409E-08 1.3812E-08 1.4223E-08 1.4648E-08 1.5092E-08 1.5539E-08 1.5989E-08 1.6437E-08 1.6877E-08 1.7305E-08 1.7717E-08 1.8111E-08 1.8482E-08 1.8825E-08 1.9137E-08 1.9408E-08 1.9638E-08 1.9821E-08 1.9954E-08 2.0034E-08 2.0059E-08 2.0026E-08 1.9932E-08 1.9778E-08 1.9563E-08 1.9287E-08 1.8954E-08 1.8566E-08 1.8125E-08 1.7635E-08 1.7099E-08 1.6522E-08 1.5910E-08 1.5271E-08 1.4610E-08 1.3935E-08 1.3252E-08 1.2562E-08 1.1870E-08 1.1184E-08
8.5920E-09 8.8268E-09 9.0655E-09 9.3151E-09 9.5728E-09 9.8386E-09 1.0115E-08 1.0401E-08 1.0702E-08 1.1013E-08 1.1332E-08 1.1671E-08 1.2028E-08 1.2396E-08 1.2776E-08 1.3177E-08 1.3596E-08 1.4026E-08 1.4465E-08 1.4922E-08 1.5402E-08 1.5894E-08 1.6391E-08 1.6897E-08 1.7401E-08 1.7900E-08 1.8386E-08 1.8858E-08 1.9308E-08 1.9735E-08 2.0127E-08 2.0485E-08 2.0800E-08 2.1072E-08 2.1293E-08 2.1460E-08 2.1569E-08 2.1613E-08 2.1592E-08 2.1504E-08 2.1348E-08 2.1125E-08 2.0835E-08 2.0480E-08 2.0064E-08 1.9588E-08 1.9058E-08 1.8474E-08 1.7845E-08 1.7176E-08 1.6476E-08 1.5752E-08 1.5010E-08 1.4258E-08 1.3496E-08 1.2735E-08 1.1975E-08
8.8067E-09 9.0520E-09 9.3064E-09 9.5712E-09 9.8429E-09 1.0126E-08 1.0417E-08 1.0726E-08 1.1050E-08 1.1380E-08 1.1727E-08 1.2098E-08 1.2482E-08 1.2880E-08 1.3300E-08 1.3742E-08 1.4197E-08 1.4665E-08 1.5153E-08 1.5663E-08 1.6191E-08 1.6732E-08 1.7288E-08 1.7849E-08 1.8414E-08 1.8977E-08 1.9527E-08 2.0065E-08 2.0577E-08 2.1063E-08 2.1511E-08 2.1923E-08 2.2291E-08 2.2610E-08 2.2874E-08 2.3075E-08 2.3212E-08 2.3278E-08 2.3273E-08 2.3194E-08 2.3040E-08 2.2810E-08 2.2507E-08 2.2130E-08 2.1683E-08 2.1170E-08 2.0594E-08 1.9959E-08 1.9272E-08 1.8540E-08 1.7772E-08 1.6978E-08 1.6166E-08 1.5339E-08 1.4504E-08 1.3668E-08 1.2834E-08
9.0241E-09 9.2817E-09 9.5503E-09 9.8277E-09 1.0117E-08 1.0416E-08 1.0729E-08 1.1061E-08 1.1402E-08 1.1755E-08 1.2138E-08 1.2537E-08 1.2950E-08 1.3385E-08 1.3845E-08 1.4324E-08 1.4818E-08 1.5334E-08 1.5876E-08 1.6435E-08 1.7012E-08 1.7611E-08 1.8225E-08 1.8847E-08 1.9476E-08 2.0107E-08 2.0730E-08 2.1336E-08 2.1916E-08 2.2467E-08 2.2983E-08 2.3456E-08 2.3881E-08 2.4250E-08 2.4558E-08 2.4800E-08 2.4970E-08 2.5064E-08 2.5079E-08 2.5013E-08 2.4862E-08 2.4627E-08 2.4308E-08 2.3907E-08 2.3426E-08 2.2872E-08 2.2248E-08 2.1560E-08 2.0812E-08 2.0014E-08 1.9175E-08 1.8305E-08 1.7414E-08 1.6506E-08 1.5589E-08 1.4669E-08 1.3758E-08
9.2424E-09 9.5133E-09 9.7968E-09 1.0090E-08 1.0395E-08 1.0710E-08 1.1046E-08 1.1397E-08 1.1760E-08 1.2149E-08 1.2560E-08 1.2985E-08 1.3432E-08 1.3908E-08 1.4407E-08 1.4923E-08 1.5462E-08 1.6034E-08 1.6627E-08 1.7237E-08 1.7870E-08 1.8525E-08 1.9200E-08 1.9888E-08 2.0586E-08 2.1289E-08 2.1987E-08 2.2666E-08 2.3325E-08 2.3951E-08 2.4540E-08 2.5079E-08 2.5563E-08 2.5989E-08 2.6349E-08 2.6637E-08 2.6849E-08 2.6977E-08 2.7016E-08 2.6964E-08 2.6817E-08 2.6577E-08 2.6243E-08 2.5819E-08 2.5307E-08 2.4714E-08 2.4044E-08 2.3299E-08 2.2489E-08 2.1620E-08 2.0705E-08 1.9754E-08 1.8779E-08 1.7784E-08 1.6779E-08 1.5772E-08 1.4772E-08
9.4608E-09 9.7470E-09 1.0044E-08 1.0352E-08 1.0673E-08 1.1011E-08 1.1370E-08 1.1741E-08 1.2132E-08 1.2550E-08 1.2986E-08 1.3445E-08 1.3931E-08 1.4445E-08 1.4981E-08 1.5539E-08 1.6135E-08 1.6758E-08 1.7401E-08 1.8069E-08 1.8759E-08 1.9473E-08 2.0213E-08 2.0973E-08 2.1742E-08 2.2518E-08 2.3293E-08 2.4057E-08 2.4800E-08 2.5508E-08 2.6174E-08 2.6786E-08 2.7339E-08 2.7828E-08 2.8248E-08 2.8589E-08 2.8844E-08 2.9005E-08 2.9070E-08 2.9034E-08 2.8895E-08 2.8653E-08 2.8309E-08 2.7862E-08 2.7318E-08 2.6684E-08 2.5961E-08 2.5157E-08 2.4278E-08 2.3333E-08 2.2336E-08 2.1300E-08 2.0232E-08 1.9144E-08 1.8044E-08 1.6942E-08 1.5848E-08
9.6824E-09 9.9832E-09 1.0294E-08 1.0618E-08 1.0956E-08 1.1317E-08 1.1696E-08 1.2088E-08 1.2512E-08 1.2959E-08 1.3424E-08 1.3917E-08 1.4442E-08 1.4993E-08 1.5566E-08 1.6180E-08 1.6828E-08 1.7499E-08 1.8199E-08 1.8926E-08 1.9676E-08 2.0453E-08 2.1262E-08 2.2094E-08 2.2937E-08 2.3791E-08 2.4651E-08 2.5504E-08 2.6335E-08 2.7131E-08 2.7881E-08 2.8575E-08 2.9206E-08 2.9766E-08 3.0249E-08 3.0644E-08 3.0947E-08 3.1149E-08 3.1245E-08 3.1231E-08 3.1103E-08 3.0861E-08 3.0504E-08 3.0034E-08 2.9459E-08 2.8782E-08 2.8009E-08 2.7142E-08 2.6193E-08 2.5169E-08 2.4087E-08 2.2958E-08 2.1795E-08 2.0605E-08 1.9402E-08 1.8198E-08 1.7002E-08
9.9035E-09 1.0217E-08 1.0543E-08 1.0884E-08 1.1245E-08 1.1630E-08 1.2027E-08 1.2447E-08 1.2901E-08 1.3371E-08 1.3866E-08 1.4400E-08 1.4963E-08 1.5548E-08 1.6172E-08 1.6839E-08 1.7532E-08 1.8258E-08 1.9016E-08 1.9803E-08 2.0618E-08 2.1464E-08 2.2341E-08 2.3246E-08 2.4170E-08 2.5107E-08 2.6054E-08 2.6999E-08 2.7922E-08 2.8813E-08 2.9657E-08 3.0444E-08 3.1158E-08 3.1793E-08 3.2343E-08 3.2801E-08 3.3157E-08 3.3405E-08 3.3537E-08 3.3547E-08 3.3433E-08 3.3192E-08 3.2825E-08 3.2335E-08 3.1730E-08 3.1014E-08 3.0190E-08 2.9261E-08 2.8238E-08 2.7131E-08 2.5958E-08 2.4732E-08 2.3465E-08 2.2169E-08 2.0858E-08 1.9544E-08 1.8240E-08
