Assets/Resources/2015_m01_d08_1300(utc+0800)_l00_csi_1hr_conc.grd
DSAA
         159         159
     -79.000      79.000
     -79.000      79.000
  0.1823E-09  0.1672E-04
[rows 25 to 49 of 159, columns 57 to 113 of 159]
1.9547E-09 1.9825E-09 2.0097E-09 2.0369E-09 2.0640E-09 2.0917E-09 2.1202E-09 2.1474E-09 2.1746E-09 2.2018E-09 2.2305E-09 2.2578E-09 2.2851E-09 2.3139E-09 2.3413E-09 2.3687E-09 2.3961E-09 2.4250E-09 2.4525E-09 2.4800E-09 2.5092E-09 2.5382E-09 2.5659E-09 2.5935E-09 2.6227E-09 2.6518E-09 2.6793E-09 2.7067E-09 2.7356E-09 2.7628E-09 2.7898E-09 2.8167E-09 2.8433E-09 2.8713E-09 2.8992E-09 2.9249E-09 2.9501E-09 2.9749E-09 3.0010E-09 3.0268E-09 3.0502E-09 3.0730E-09 3.0984E-09 3.1219E-09 3.1431E-09 3.1656E-09 3.1855E-09 3.2046E-09 3.2293E-09 3.2471E-09 3.2641E-09 3.2802E-09 3.2976E-09 3.3120E-09 3.3256E-09 3.3382E-09 3.3498E-09
1.9755E-09 2.0031E-09 2.0306E-09 2.0582E-09 2.0863E-09 2.1152E-09 2.1428E-09 2.1705E-09 2.1995E-09 2.2273E-09 2.2551E-09 2.2829E-09 2.3122E-09 2.3401E-09 2.3681E-09 2.3961E-09 2.4255E-09 2.4536E-09 2.4833E-09 2.5115E-09 2.5412E-09 2.5695E-09 2.5995E-09 2.6278E-09 2.6576E-09 2.6859E-09 2.7157E-09 2.7439E-09 2.7719E-09 2.7998E-09 2.8274E-09 2.8567E-09 2.8859E-09 2.9129E-09 2.9396E-09 2.9658E-09 2.9934E-09 3.0208E-09 3.0458E-09 3.0733E-09 3.0974E-09 3.1227E-09 3.1477E-09 3.1701E-09 3.1918E-09 3.2192E-09 3.2398E-09 3.2596E-09 3.2787E-09 3.2990E-09 3.3165E-09 3.3332E-09 3.3490E-09 3.3736E-09 3.3878E-09 3.4009E-09 3.4131E-09
1.9955E-09 2.0234E-09 2.0514E-09 2.0799E-09 2.1092E-09 2.1373E-09 2.1653E-09 2.1948E-09 2.2230E-09 2.2513E-09 2.2796E-09 2.3094E-09 2.3378E-09 2.3663E-09 2.3948E-09 2.4249E-09 2.4535E-09 2.4838E-09 2.5141E-09 2.5430E-09 2.5720E-09 2.6026E-09 2.6331E-09 2.6622E-09 2.6912E-09 2.7219E-09 2.7508E-09 2.7796E-09 2.8083E-09 2.8386E-09 2.8689E-09 2.8972E-09 2.9252E-09 2.9529E-09 2.9819E-09 3.0108E-09 3.0373E-09 3.0664E-09 3.0921E-09 3.1192E-09 3.1459E-09 3.1701E-09 3.1969E-09 3.2231E-09 3.2456E-09 3.2675E-09 3.2906E-09 3.3110E-09 3.3340E-09 3.3594E-09 3.3776E-09 3.3949E-09 3.4114E-09 3.4290E-09 3.4436E-09 3.4572E-09 3.4732E-09
2.0153E-09 2.0436E-09 2.0725E-09 2.1023E-09 2.1307E-09 2.1592E-09 2.1891E-09 2.2178E-09 2.2464E-09 2.2752E-09 2.3055E-09 2.3344E-09 2.3634E-09 2.3939E-09 2.4231E-09 2.4523E-09 2.4832E-09 2.5140E-09 2.5436E-09 2.5748E-09 2.6045E-09 2.6357E-09 2.6655E-09 2.6969E-09 2.7266E-09 2.7563E-09 2.7859E-09 2.8155E-09 2.8466E-09 2.8779E-09 2.9071E-09 2.9361E-09 2.9665E-09 2.9967E-09 3.0247E-09 3.0554E-09 3.0827E-09 3.1113E-09 3.1397E-09 3.1688E-09 3.1974E-09 3.2224E-09 3.2468E-09 3.2726E-09 3.2957E-09 3.3216E-09 3.3499E-09 3.3711E-09 3.3916E-09 3.4146E-09 3.4355E-09 3.4535E-09 3.4705E-09 3.4898E-09 3.5190E-09 3.5333E-09 3.5465E-09
2.0349E-09 2.0642E-09 2.0943E-09 2.1231E-09 2.1520E-09 2.1823E-09 2.2114E-09 2.2405E-09 2.2698E-09 2.3005E-09 2.3299E-09 2.3594E-09 2.3904E-09 2.4201E-09 2.4514E-09 2.4813E-09 2.5128E-09 2.5429E-09 2.5747E-09 2.6051E-09 2.6370E-09 2.6674E-09 2.6996E-09 2.7301E-09 2.7605E-09 2.7909E-09 2.8230E-09 2.8552E-09 2.8855E-09 2.9156E-09 2.9473E-09 2.9788E-09 3.0082E-09 3.0403E-09 3.0771E-09 3.1075E-09 3.1395E-09 3.1704E-09 3.2009E-09 3.2277E-09 3.2540E-09 3.2851E-09 3.3103E-09 3.3382E-09 3.3654E-09 3.3922E-09 3.4149E-09 3.4459E-09 3.4671E-09 3.4981E-09 3.5244E-09 3.5432E-09 3.5611E-09 3.5759E-09 3.5858E-09 3.6006E-09 3.6180E-09
2.0549E-09 2.0854E-09 2.1146E-09 2.1439E-09 2.1746E-09 2.2041E-09 2.2336E-09 2.2632E-09 2.2944E-09 2.3243E-09 2.3543E-09 2.3858E-09 2.4160E-09 2.4478E-09 2.4783E-09 2.5103E-09 2.5410E-09 2.5734E-09 2.6059E-09 2.6370E-09 2.6681E-09 2.7009E-09 2.7321E-09 2.7634E-09 2.7945E-09 2.8293E-09 2.8605E-09 2.8916E-09 2.9226E-09 2.9633E-09 2.9981E-09 3.0317E-09 3.0621E-09 3.0939E-09 3.1255E-09 3.1601E-09 3.1922E-09 3.2209E-09 3.2490E-09 3.2819E-09 3.3143E-09 3.3442E-09 3.3739E-09 3.4065E-09 3.4408E-09 3.4687E-09 3.4958E-09 3.5221E-09 3.5479E-09 3.5693E-09 3.5954E-09 3.6149E-09 3.6334E-09 3.6581E-09 3.6829E-09 3.6983E-09 3.7126E-09
2.0755E-09 2.1050E-09 2.1347E-09 2.1658E-09 2.1956E-09 2.2256E-09 2.2556E-09 2.2873E-09 2.3176E-09 2.3480E-09 2.3800E-09 2.4107E-09 2.4431E-09 2.4740E-09 2.5066E-09 2.5378E-09 2.5709E-09 2.6039E-09 2.6356E-09 2.6691E-09 2.7010E-09 2.7329E-09 2.7648E-09 2.7984E-09 2.8323E-09 2.8724E-09 2.9045E-09 2.9404E-09 2.9744E-09 3.0063E-09 3.0430E-09 3.0745E-09 3.1094E-09 3.1435E-09 3.1875E-09 3.2180E-09 3.2534E-09 3.2851E-09 3.3195E-09 3.3549E-09 3.3976E-09 3.4257E-09 3.4607E-09 3.4912E-09 3.5241E-09 3.5496E-09 3.5780E-09 3.6045E-09 3.6370E-09 3.6701E-09 3.6950E-09 3.7167E-09 3.7398E-09 3.7555E-09 3.7726E-09 3.7864E-09 3.7965E-09
2.0945E-09 2.1245E-09 2.1560E-09 2.1862E-09 2.2166E-09 2.2470E-09 2.2790E-09 2.3098E-09 2.3406E-09 2.3731E-09 2.4042E-09 2.4371E-09 2.4700E-09 2.5017E-09 2.5334E-09 2.5670E-09 2.6007E-09 2.6330E-09 2.6671E-09 2.6996E-09 2.7322E-09 2.7648E-09 2.8072E-09 2.8441E-09 2.8773E-09 2.9104E-09 2.9452E-09 2.9822E-09 3.0182E-09 3.0592E-09 3.0957E-09 3.1355E-09 3.1710E-09 3.2051E-09 3.2402E-09 3.2757E-09 3.3135E-09 3.3617E-09 3.3952E-09 3.4291E-09 3.4665E-09 3.5076E-09 3.5396E-09 3.5713E-09 3.6170E-09 3.6461E-09 3.6757E-09 3.7063E-09 3.7377E-09 3.7637E-09 3.7812E-09 3.8025E-09 3.8180E-09 3.8444E-09 3.8658E-09 3.8894E-09 3.9124E-09
2.1134E-09 2.1438E-09 2.1758E-09 2.2065E-09 2.2373E-09 2.2697E-09 2.3008E-09 2.3321E-09 2.3650E-09 2.3966E-09 2.4300E-09 2.4634E-09 2.4955E-09 2.5278E-09 2.5620E-09 2.5962E-09 2.6291E-09 2.6638E-09 2.6969E-09 2.7302E-09 2.7717E-09 2.8110E-09 2.8449E-09 2.8789E-09 2.9148E-09 2.9525E-09 2.9979E-09 3.0362E-09 3.0703E-09 3.1112E-09 3.1471E-09 3.1859E-09 3.2227E-09 3.2558E-09 3.3105E-09 3.3612E-09 3.4000E-09 3.4360E-09 3.4723E-09 3.5099E-09 3.5516E-09 3.5972E-09 3.6298E-09 3.6687E-09 3.7048E-09 3.7391E-09 3.7702E-09 3.7967E-09 3.8296E-09 3.8654E-09 3.8925E-09 3.9221E-09 3.9468E-09 3.9668E-09 3.9854E-09 4.0005E-09 4.0212E-09
2.1320E-09 2.1643E-09 2.1954E-09 2.2265E-09 2.2593E-09 2.2909E-09 2.3225E-09 2.3558E-09 2.3878E-09 2.4217E-09 2.4555E-09 2.4881E-09 2.5225E-09 2.5556E-09 2.5903E-09 2.6238E-09 2.6591E-09 2.7008E-09 2.7370E-09 2.7714E-09 2.8095E-09 2.8462E-09 2.8810E-09 2.9259E-09 2.9670E-09 3.0054E-09 3.0409E-09 3.0819E-09 3.1222E-09 3.1605E-09 3.2118E-09 3.2491E-09 3.2998E-09 3.3488E-09 3.3860E-09 3.4288E-09 3.4690E-09 3.5196E-09 3.5740E-09 3.6078E-09 3.6531E-09 3.7002E-09 3.7394E-09 3.7777E-09 3.8181E-09 3.8668E-09 3.8980E-09 3.9323E-09 3.9665E-09 3.9957E-09 4.0107E-09 4.0356E-09 4.0577E-09 4.0822E-09 4.1004E-09 4.1257E-09 4.1480E-09
2.1519E-09 2.1833E-09 2.2148E-09 2.2479E-09 2.2798E-09 2.3118E-09 2.3455E-09 2.3779E-09 2.4122E-09 2.4465E-09 2.4796E-09 2.5144E-09 2.5480E-09 2.5832E-09 2.6172E-09 2.6611E-09 2.6978E-09 2.7327E-09 2.7695E-09 2.8086E-09 2.8441E-09 2.8882E-09 2.9300E-09 2.9682E-09 3.0095E-09 3.0480E-09 3.0894E-09 3.1410E-09 3.1830E-09 3.2229E-09 3.2752E-09 3.3392E-09 3.3797E-09 3.4201E-09 3.4631E-09 3.5220E-09 3.5825E-09 3.6267E-09 3.6739E-09 3.7165E-09 3.7552E-09 3.8027E-09 3.8519E-09 3.8853E-09 3.9252E-09 3.9667E-09 4.0007E-09 4.0340E-09 4.0687E-09 4.1035E-09 4.1372E-09 4.1694E-09 4.1962E-09 4.2179E-09 4.2380E-09 4.2603E-09 4.2713E-09
2.1701E-09 2.2020E-09 2.2354E-09 2.2677E-09 2.3000E-09 2.3341E-09 2.3669E-09 2.4015E-09 2.4363E-09 2.4698E-09 2.5051E-09 2.5391E-09 2.5749E-09 2.6173E-09 2.6560E-09 2.6914E-09 2.7270E-09 2.7665E-09 2.8126E-09 2.8531E-09 2.8900E-09 2.9306E-09 2.9747E-09 3.0123E-09 3.0583E-09 3.1098E-09 3.1510E-09 3.2019E-09 3.2574E-09 3.3123E-09 3.3546E-09 3.4108E-09 3.4580E-09 3.5169E-09 3.5805E-09 3.6260E-09 3.6707E-09 3.7231E-09 3.7705E-09 3.8295E-09 3.8847E-09 3.9256E-09 3.9692E-09 4.0102E-09 4.0595E-09 4.1066E-09 4.1497E-09 4.1811E-09 4.2148E-09 4.2510E-09 4.2783E-09 4.3078E-09 4.3358E-09 4.3483E-09 4.3770E-09 4.4057E-09 4.4142E-09
2.1882E-09 2.2219E-09 2.2545E-09 2.2872E-09 2.3216E-09 2.3548E-09 2.3898E-09 2.4234E-09 2.4588E-09 2.4946E-09 2.5290E-09 2.5652E-09 2.6084E-09 2.6478E-09 2.6838E-09 2.7219E-09 2.7683E-09 2.8112E-09 2.8487E-09 2.8863E-09 2.9318E-09 2.9814E-09 3.0202E-09 3.0707E-09 3.1215E-09 3.1683E-09 3.2211E-09 3.2873E-09 3.3351E-09 3.3877E-09 3.4360E-09 3.5110E-09 3.5744E-09 3.6199E-09 3.6653E-09 3.7244E-09 3.7850E-09 3.8434E-09 3.8923E-09 3.9463E-09 3.9890E-09 4.0377E-09 4.0908E-09 4.1364E-09 4.1730E-09 4.2229E-09 4.2608E-09 4.2965E-09 4.3381E-09 4.3683E-09 4.4128E-09 4.4440E-09 4.4732E-09 4.4969E-09 4.5187E-09 4.5426E-09 4.5622E-09
2.2074E-09 2.2403E-09 2.2733E-09 2.3065E-09 2.3415E-09 2.3768E-09 2.4109E-09 2.4466E-09 2.4812E-09 2.5176E-09 2.5624E-09 2.6002E-09 2.6382E-09 2.6767E-09 2.7216E-09 2.7608E-09 2.8046E-09 2.8428E-09 2.8852E-09 2.9361E-09 2.9851E-09 3.0251E-09 3.0799E-09 3.1293E-09 3.1767E-09 3.2481E-09 3.3053E-09 3.3518E-09 3.4170E-09 3.4840E-09 3.5482E-09 3.6017E-09 3.6582E-09 3.7111E-09 3.7757E-09 3.8454E-09 3.8984E-09 3.9563E-09 4.0039E-09 4.0568E-09 4.1203E-09 4.1821E-09 4.2233E-09 4.2733E-09 4.3238E-09 4.3675E-09 4.4265E-09 4.4619E-09 4.4955E-09 4.5354E-09 4.5657E-09 4.5981E-09 4.6286E-09 4.6531E-09 4.6838E-09 4.6940E-09 4.7209E-09
2.2250E-09 2.2584E-09 2.2919E-09 2.3272E-09 2.3612E-09 2.3972E-09 2.4333E-09 2.4682E-09 2.5129E-09 2.5524E-09 2.5888E-09 2.6273E-09 2.6664E-09 2.7121E-09 2.7560E-09 2.7965E-09 2.8394E-09 2.8871E-09 2.9328E-09 2.9904E-09 3.0317E-09 3.0848E-09 3.1376E-09 3.1938E-09 3.2609E-09 3.3241E-09 3.3912E-09 3.4430E-09 3.5198E-09 3.5770E-09 3.6359E-09 3.6903E-09 3.7723E-09 3.8421E-09 3.8935E-09 3.9450E-09 4.0101E-09 4.0768E-09 4.1352E-09 4.2007E-09 4.2550E-09 4.2996E-09 4.3530E-09 4.4151E-09 4.4568E-09 4.5078E-09 4.5504E-09 4.5926E-09 4.6321E-09 4.6697E-09 4.7096E-09 4.7520E-09 4.7884E-09 4.8144E-09 4.8381E-09 4.8638E-09 4.8829E-09
2.2424E-09 2.2762E-09 2.3118E-09 2.3461E-09 2.3824E-09 2.4188E-09 2.4541E-09 2.4994E-09 2.5393E-09 2.5762E-09 2.6170E-09 2.6629E-09 2.7052E-09 2.7459E-09 2.7890E-09 2.8307E-09 2.8794E-09 2.9401E-09 2.9850E-09 3.0339E-09 3.0904E-09 3.1411E-09 3.2173E-09 3.2798E-09 3.3499E-09 3.4038E-09 3.4751E-09 3.5442E-09 3.5994E-09 3.6717E-09 3.7458E-09 3.8149E-09 3.8773E-09 3.9428E-09 4.0000E-09 4.0658E-09 4.1457E-09 4.2153E-09 4.2690E-09 4.3222E-09 4.3807E-09 4.4491E-09 4.5038E-09 4.5533E-09 4.6094E-09 4.6542E-09 4.7061E-09 4.7618E-09 4.7996E-09 4.8355E-09 4.8733E-09 4.9090E-09 4.9384E-09 4.9654E-09 4.9900E-09 5.0120E-09 5.0316E-09
2.2595E-09 2.2953E-09 2.3299E-09 2.3665E-09 2.4032E-09 2.4388E-09 2.4846E-09 2.5249E-09 2.5622E-09 2.6035E-09 2.6501E-09 2.6931E-09 2.7343E-09 2.7800E-09 2.8290E-09 2.8862E-09 2.9322E-09 2.9821E-09 3.0366E-09 3.0879E-09 3.1654E-09 3.2262E-09 3.2986E-09 3.3619E-09 3.4251E-09 3.4996E-09 3.5682E-09 3.6417E-09 3.7039E-09 3.7885E-09 3.8553E-09 3.9193E-09 3.9809E-09 4.0701E-09 4.1461E-09 4.2043E-09 4.2652E-09 4.3275E-09 4.3995E-09 4.4641E-09 4.5303E-09 4.5877E-09 4.6372E-09 4.6932E-09 4.7561E-09 4.8154E-09 4.8674E-09 4.9121E-09 4.9561E-09 4.9937E-09 5.0290E-09 5.0747E-09 5.0944E-09 5.1226E-09 5.1482E-09 5.1712E-09 5.1913E-09
2.2778E-09 2.3127E-09 2.3495E-09 2.3865E-09 2.4303E-09 2.4706E-09 2.5093E-09 2.5489E-09 2.5969E-09 2.6380E-09 2.6796E-09 2.7232E-09 2.7760E-09 2.8196E-09 2.8760E-09 2.9228E-09 2.9762E-09 3.0326E-09 3.0983E-09 3.1648E-09 3.2389E-09 3.3107E-09 3.3634E-09 3.4420E-09 3.5197E-09 3.6011E-09 3.6592E-09 3.7347E-09 3.8193E-09 3.8926E-09 3.9594E-09 4.0377E-09 4.1224E-09 4.1838E-09 4.2543E-09 4.3158E-09 4.3927E-09 4.4897E-09 4.5469E-09 4.6030E-09 4.6687E-09 4.7263E-09 4.8022E-09 4.8578E-09 4.9118E-09 4.9684E-09 5.0174E-09 5.0657E-09 5.1076E-09 5.1471E-09 5.1841E-09 5.2229E-09 5.2548E-09 5.2840E-09 5.3105E-09 5.3340E-09 5.3543E-09
2.2945E-09 2.3315E-09 2.3673E-09 2.4128E-09 2.4535E-09 2.4910E-09 2.5325E-09 2.5810E-09 2.6246E-09 2.6646E-09 2.7091E-09 2.7624E-09 2.8207E-09 2.8641E-09 2.9157E-09 2.9748E-09 3.0305E-09 3.0936E-09 3.1699E-09 3.2448E-09 3.3087E-09 3.3827E-09 3.4651E-09 3.5420E-09 3.6175E-09 3.6815E-09 3.7721E-09 3.8494E-09 3.9317E-09 4.0024E-09 4.0865E-09 4.1571E-09 4.2258E-09 4.3092E-09 4.3964E-09 4.4780E-09 4.5400E-09 4.6081E-09 4.6749E-09 4.7503E-09 4.8211E-09 4.8942E-09 4.9504E-09 5.0089E-09 5.0728E-09 5.1235E-09 5.1720E-09 5.2254E-09 5.2693E-09 5.3150E-09 5.3538E-09 5.3986E-09 5.4319E-09 5.4624E-09 5.4897E-09 5.5024E-09 5.5234E-09
2.3108E-09 2.3484E-09 2.3943E-09 2.4336E-09 2.4731E-09 2.5149E-09 2.5622E-09 2.6078E-09 2.6484E-09 2.6933E-09 2.7473E-09 2.8066E-09 2.8507E-09 2.9057E-09 2.9632E-09 3.0324E-09 3.0825E-09 3.1760E-09 3.2481E-09 3.3216E-09 3.3952E-09 3.4733E-09 3.5616E-09 3.6228E-09 3.7207E-09 3.7936E-09 3.8823E-09 3.9520E-09 4.0305E-09 4.1184E-09 4.2020E-09 4.2855E-09 4.3623E-09 4.4522E-09 4.5253E-09 4.5982E-09 4.6673E-09 4.7604E-09 4.8515E-09 4.9154E-09 4.9779E-09 5.0430E-09 5.1051E-09 5.1667E-09 5.2264E-09 5.2884E-09 5.3396E-09 5.3882E-09 5.4343E-09 5.4777E-09 5.5183E-09 5.5559E-09 5.5906E-09 5.6221E-09 5.6502E-09 5.6749E-09 5.6958E-09
2.3286E-09 2.3747E-09 2.4143E-09 2.4540E-09 2.4960E-09 2.5458E-09 2.5898E-09 2.6327E-09 2.6846E-09 2.7443E-09 2.7910E-09 2.8378E-09 2.9002E-09 2.9639E-09 3.0205E-09 3.0863E-09 3.1864E-09 3.2448E-09 3.3186E-09 3.3913E-09 3.4895E-09 3.5624E-09 3.6433E-09 3.7269E-09 3.8184E-09 3.8983E-09 3.9700E-09 4.0715E-09 4.1584E-09 4.2420E-09 4.3258E-09 4.4078E-09 4.4967E-09 4.5743E-09 4.6597E-09 4.7493E-09 4.8438E-09 4.9135E-09 4.9862E-09 5.0564E-09 5.1264E-09 5.2034E-09 5.2661E-09 5.3266E-09 5.3850E-09 5.4410E-09 5.4945E-09 5.5453E-09 5.5935E-09 5.6387E-09 5.6810E-09 5.7202E-09 5.7562E-09 5.7887E-09 5.8176E-09 5.8428E-09 5.8639E-09
2.3526E-09 2.3938E-09 2.4337E-09 2.4841E-09 2.5262E-09 2.5705E-09 2.6138E-09 2.6662E-09 2.7247E-09 2.7738E-09 2.8232E-09 2.8826E-09 2.9518E-09 3.0037E-09 3.0836E-09 3.1754E-09 3.2480E-09 3.3108E-09 3.3997E-09 3.4950E-09 3.5680E-09 3.6470E-09 3.7495E-09 3.8356E-09 3.9076E-09 4.0118E-09 4.0983E-09 4.1882E-09 4.2724E-09 4.3529E-09 4.4564E-09 4.5501E-09 4.6378E-09 4.7240E-09 4.8234E-09 4.8988E-09 4.9802E-09 5.0537E-09 5.1430E-09 5.2142E-09 5.2837E-09 5.3514E-09 5.4170E-09 5.4804E-09 5.5415E-09 5.6001E-09 5.6561E-09 5.7092E-09 5.7595E-09 5.8067E-09 5.8508E-09 5.8915E-09 5.9288E-09 5.9623E-09 5.9921E-09 6.0176E-09 6.0392E-09
2.3723E-09 2.4108E-09 2.4615E-09 2.5053E-09 2.5499E-09 2.5955E-09 2.6465E-09 2.7081E-09 2.7552E-09 2.8076E-09 2.8674E-09 2.9380E-09 2.9881E-09 3.0781E-09 3.1645E-09 3.2391E-09 3.3028E-09 3.4043E-09 3.4911E-09 3.5772E-09 3.6565E-09 3.7612E-09 3.8394E-09 3.9296E-09 4.0256E-09 4.1176E-09 4.2160E-09 4.2927E-09 4.3946E-09 4.5002E-09 4.5956E-09 4.6827E-09 4.7745E-09 4.8709E-09 4.9580E-09 5.0415E-09 5.1331E-09 5.2108E-09 5.2871E-09 5.3618E-09 5.4346E-09 5.5055E-09 5.5743E-09 5.6408E-09 5.7047E-09 5.7660E-09 5.8246E-09 5.8801E-09 5.9326E-09 5.9819E-09 6.0278E-09 6.0701E-09 6.1087E-09 6.1434E-09 6.1736E-09 6.1998E-09 6.2214E-09
2.3884E-09 2.4393E-09 2.4833E-09 2.5265E-09 2.5740E-09 2.6253E-09 2.6858E-09 2.7350E-09 2.7966E-09 2.8564E-09 2.9169E-09 2.9729E-09 3.0673E-09 3.1585E-09 3.2254E-09 3.2925E-09 3.4014E-09 3.4978E-09 3.5708E-09 3.6566E-09 3.7673E-09 3.8423E-09 3.9362E-09 4.0324E-09 4.1467E-09 4.2297E-09 4.3154E-09 4.4386E-09 4.5341E-09 4.6329E-09 4.7209E-09 4.8325E-09 4.9220E-09 5.0197E-09 5.1088E-09 5.1928E-09 5.2756E-09 5.3571E-09 5.4371E-09 5.5154E-09 5.5918E-09 5.6661E-09 5.7382E-09 5.8078E-09 5.8748E-09 5.9389E-09 6.0001E-09 6.0582E-09 6.1130E-09 6.1644E-09 6.2122E-09 6.2561E-09 6.2960E-09 6.3315E-09 6.3626E-09 6.3892E-09 6.4110E-09
2.4160E-09 2.4601E-09 2.5035E-09 2.5512E-09 2.6029E-09 2.6638E-09 2.7133E-09 2.7755E-09 2.8380E-09 2.8971E-09 2.9557E-09 3.0492E-09 3.1407E-09 3.2094E-09 3.2881E-09 3.3885E-09 3.4895E-09 3.5616E-09 3.6601E-09 3.7626E-09 3.8564E-09 3.9368E-09 4.0604E-09 4.1537E-09 4.2426E-09 4.3522E-09 4.4606E-09 4.5711E-09 4.6594E-09 4.7666E-09 4.8682E-09 4.9752E-09 5.0698E-09 5.1597E-09 5.2487E-09 5.3368E-09 5.4237E-09 5.5092E-09 5.5931E-09 5.6752E-09 5.7553E-09 5.8332E-09 5.9087E-09 5.9816E-09 6.0518E-09 6.1189E-09 6.1829E-09 6.2436E-09 6.3008E-09 6.3544E-09 6.4040E-09 6.4496E-09 6.4907E-09 6.5273E-09 6.5592E-09 6.5861E-09 6.6085E-09
