Assets/Resources/2015_m01_d08_2000(utc+0800)_l00_csi_1hr_conc.grd
DSAA
         159         159
     -79.000      79.000
     -79.000      79.000
  0.2909E-09  0.3129E-04
[rows 100 to 124 of 159, columns 57 to 113 of 159]
1.0577E-08 1.1021E-08 1.1467E-08 1.1910E-08 1.2353E-08 1.2791E-08 1.3224E-08 1.3648E-08 1.4063E-08 1.4464E-08 1.4864E-08 1.5237E-08 1.5594E-08 1.5932E-08 1.6249E-08 1.6572E-08 1.6844E-08 1.7092E-08 1.7311E-08 1.7504E-08 1.7670E-08 1.7808E-08 1.7919E-08 1.8002E-08 1.8058E-08 1.8051E-08 1.8056E-08 1.8013E-08 1.7957E-08 1.7889E-08 1.7796E-08 1.7702E-08 1.7588E-08 1.7453E-08 1.7301E-08 1.7132E-08 1.6940E-08 1.6741E-08 1.6529E-08 1.6304E-08 1.6062E-08 1.5817E-08 1.5564E-08 1.5304E-08 1.5038E-08 1.4766E-08 1.4487E-08 1.4209E-08 1.3929E-08 1.3647E-08 1.3365E-08 1.3081E-08 1.2800E-08 1.2521E-08 1.2242E-08 1.1968E-08 1.1697E-08
1.0256E-08 1.0682E-08 1.1110E-08 1.1541E-08 1.1966E-08 1.2389E-08 1.2805E-08 1.3217E-08 1.3620E-08 1.4011E-08 1.4388E-08 1.4748E-08 1.5093E-08 1.5419E-08 1.5724E-08 1.6031E-08 1.6297E-08 1.6538E-08 1.6754E-08 1.6946E-08 1.7113E-08 1.7254E-08 1.7343E-08 1.7435E-08 1.7497E-08 1.7536E-08 1.7534E-08 1.7519E-08 1.7484E-08 1.7432E-08 1.7366E-08 1.7278E-08 1.7171E-08 1.7044E-08 1.6893E-08 1.6733E-08 1.6557E-08 1.6366E-08 1.6162E-08 1.5940E-08 1.5714E-08 1.5479E-08 1.5235E-08 1.4983E-08 1.4726E-08 1.4460E-08 1.4194E-08 1.3925E-08 1.3653E-08 1.3380E-08 1.3104E-08 1.2831E-08 1.2558E-08 1.2285E-08 1.2016E-08 1.1750E-08 1.1484E-08
9.9334E-09 1.0349E-08 1.0761E-08 1.1174E-08 1.1584E-08 1.1996E-08 1.2399E-08 1.2795E-08 1.3180E-08 1.3556E-08 1.3920E-08 1.4269E-08 1.4617E-08 1.4937E-08 1.5236E-08 1.5516E-08 1.5775E-08 1.6012E-08 1.6226E-08 1.6417E-08 1.6584E-08 1.6705E-08 1.6821E-08 1.6913E-08 1.6980E-08 1.7012E-08 1.7040E-08 1.7039E-08 1.7022E-08 1.6983E-08 1.6923E-08 1.6842E-08 1.6742E-08 1.6617E-08 1.6481E-08 1.6328E-08 1.6161E-08 1.5979E-08 1.5778E-08 1.5572E-08 1.5355E-08 1.5128E-08 1.4893E-08 1.4651E-08 1.4400E-08 1.4147E-08 1.3890E-08 1.3630E-08 1.3367E-08 1.3100E-08 1.2836E-08 1.2572E-08 1.2305E-08 1.2043E-08 1.1782E-08 1.1521E-08 1.1266E-08
9.6169E-09 1.0012E-08 1.0413E-08 1.0811E-08 1.1212E-08 1.1605E-08 1.1994E-08 1.2375E-08 1.2748E-08 1.3120E-08 1.3473E-08 1.3813E-08 1.4138E-08 1.4447E-08 1.4740E-08 1.5013E-08 1.5267E-08 1.5500E-08 1.5707E-08 1.5892E-08 1.6055E-08 1.6183E-08 1.6300E-08 1.6401E-08 1.6479E-08 1.6527E-08 1.6560E-08 1.6570E-08 1.6558E-08 1.6524E-08 1.6470E-08 1.6389E-08 1.6296E-08 1.6185E-08 1.6057E-08 1.5913E-08 1.5753E-08 1.5574E-08 1.5389E-08 1.5192E-08 1.4984E-08 1.4767E-08 1.4542E-08 1.4306E-08 1.4068E-08 1.3825E-08 1.3577E-08 1.3326E-08 1.3073E-08 1.2815E-08 1.2560E-08 1.2305E-08 1.2047E-08 1.1793E-08 1.1541E-08 1.1288E-08 1.1041E-08
9.2966E-09 9.6808E-09 1.0062E-08 1.0449E-08 1.0830E-08 1.1213E-08 1.1587E-08 1.1955E-08 1.2322E-08 1.2674E-08 1.3015E-08 1.3352E-08 1.3667E-08 1.3968E-08 1.4247E-08 1.4490E-08 1.4740E-08 1.4970E-08 1.5181E-08 1.5371E-08 1.5539E-08 1.5685E-08 1.5810E-08 1.5905E-08 1.5985E-08 1.6043E-08 1.6079E-08 1.6092E-08 1.6085E-08 1.6056E-08 1.6002E-08 1.5934E-08 1.5849E-08 1.5745E-08 1.5624E-08 1.5482E-08 1.5332E-08 1.5168E-08 1.4991E-08 1.4804E-08 1.4605E-08 1.4398E-08 1.4179E-08 1.3956E-08 1.3728E-08 1.3494E-08 1.3256E-08 1.3015E-08 1.2768E-08 1.2523E-08 1.2277E-08 1.2028E-08 1.1782E-08 1.1537E-08 1.1291E-08 1.1049E-08 1.0810E-08
8.9937E-09 9.3590E-09 9.7261E-09 1.0094E-08 1.0461E-08 1.0825E-08 1.1186E-08 1.1541E-08 1.1890E-08 1.2230E-08 1.2561E-08 1.2880E-08 1.3187E-08 1.3480E-08 1.3757E-08 1.4018E-08 1.4262E-08 1.4488E-08 1.4694E-08 1.4881E-08 1.5040E-08 1.5185E-08 1.5310E-08 1.5413E-08 1.5494E-08 1.5553E-08 1.5592E-08 1.5609E-08 1.5599E-08 1.5577E-08 1.5534E-08 1.5473E-08 1.5394E-08 1.5297E-08 1.5178E-08 1.5051E-08 1.4909E-08 1.4754E-08 1.4586E-08 1.4407E-08 1.4219E-08 1.4017E-08 1.3812E-08 1.3599E-08 1.3380E-08 1.3156E-08 1.2928E-08 1.2694E-08 1.2460E-08 1.2225E-08 1.1985E-08 1.1748E-08 1.1512E-08 1.1272E-08 1.1038E-08 1.0805E-08 1.0571E-08
8.6928E-09 9.0442E-09 9.3975E-09 9.7516E-09 1.0105E-08 1.0456E-08 1.0804E-08 1.1147E-08 1.1484E-08 1.1813E-08 1.2132E-08 1.2441E-08 1.2739E-08 1.3023E-08 1.3292E-08 1.3547E-08 1.3784E-08 1.3998E-08 1.4200E-08 1.4383E-08 1.4547E-08 1.4691E-08 1.4814E-08 1.4917E-08 1.4999E-08 1.5060E-08 1.5095E-08 1.5116E-08 1.5117E-08 1.5099E-08 1.5061E-08 1.5006E-08 1.4927E-08 1.4838E-08 1.4733E-08 1.4614E-08 1.4480E-08 1.4333E-08 1.4175E-08 1.4005E-08 1.3823E-08 1.3635E-08 1.3439E-08 1.3236E-08 1.3027E-08 1.2813E-08 1.2592E-08 1.2371E-08 1.2147E-08 1.1918E-08 1.1691E-08 1.1463E-08 1.1236E-08 1.1006E-08 1.0780E-08 1.0556E-08 1.0330E-08
8.3878E-09 8.7252E-09 9.0646E-09 9.4055E-09 9.7519E-09 1.0090E-08 1.0425E-08 1.0755E-08 1.1080E-08 1.1397E-08 1.1699E-08 1.1998E-08 1.2286E-08 1.2561E-08 1.2823E-08 1.3070E-08 1.3301E-08 1.3516E-08 1.3714E-08 1.3893E-08 1.4054E-08 1.4195E-08 1.4317E-08 1.4413E-08 1.4496E-08 1.4559E-08 1.4602E-08 1.4626E-08 1.4631E-08 1.4617E-08 1.4585E-08 1.4530E-08 1.4464E-08 1.4382E-08 1.4284E-08 1.4172E-08 1.4047E-08 1.3909E-08 1.3759E-08 1.3596E-08 1.3426E-08 1.3248E-08 1.3062E-08 1.2868E-08 1.2669E-08 1.2462E-08 1.2254E-08 1.2043E-08 1.1826E-08 1.1610E-08 1.1393E-08 1.1175E-08 1.0954E-08 1.0736E-08 1.0519E-08 1.0300E-08 1.0086E-08
8.0944E-09 8.4180E-09 8.7438E-09 9.0704E-09 9.3968E-09 9.7216E-09 1.0044E-08 1.0361E-08 1.0674E-08 1.0980E-08 1.1277E-08 1.1566E-08 1.1844E-08 1.2110E-08 1.2363E-08 1.2603E-08 1.2827E-08 1.3036E-08 1.3229E-08 1.3404E-08 1.3554E-08 1.3694E-08 1.3815E-08 1.3917E-08 1.4000E-08 1.4064E-08 1.4110E-08 1.4136E-08 1.4144E-08 1.4129E-08 1.4102E-08 1.4058E-08 1.3998E-08 1.3923E-08 1.3833E-08 1.3728E-08 1.3611E-08 1.3478E-08 1.3338E-08 1.3187E-08 1.3026E-08 1.2858E-08 1.2681E-08 1.2498E-08 1.2306E-08 1.2112E-08 1.1914E-08 1.1709E-08 1.1505E-08 1.1299E-08 1.1091E-08 1.0880E-08 1.0671E-08 1.0463E-08 1.0252E-08 1.0045E-08 9.8394E-09
7.8045E-09 8.1146E-09 8.4267E-09 8.7399E-09 9.0529E-09 9.3646E-09 9.6737E-09 9.9790E-09 1.0279E-08 1.0573E-08 1.0860E-08 1.1138E-08 1.1406E-08 1.1663E-08 1.1907E-08 1.2139E-08 1.2350E-08 1.2553E-08 1.2740E-08 1.2912E-08 1.3066E-08 1.3202E-08 1.3322E-08 1.3423E-08 1.3506E-08 1.3571E-08 1.3611E-08 1.3641E-08 1.3652E-08 1.3647E-08 1.3625E-08 1.3587E-08 1.3532E-08 1.3463E-08 1.3380E-08 1.3283E-08 1.3171E-08 1.3050E-08 1.2918E-08 1.2776E-08 1.2625E-08 1.2466E-08 1.2299E-08 1.2122E-08 1.1943E-08 1.1759E-08 1.1568E-08 1.1376E-08 1.1182E-08 1.0986E-08 1.0785E-08 1.0586E-08 1.0386E-08 1.0184E-08 9.9853E-09 9.7872E-09 9.5881E-09
7.5131E-09 7.8096E-09 8.1081E-09 8.4078E-09 8.7075E-09 9.0060E-09 9.3023E-09 9.5951E-09 9.8833E-09 1.0166E-08 1.0441E-08 1.0709E-08 1.0967E-08 1.1214E-08 1.1451E-08 1.1675E-08 1.1885E-08 1.2082E-08 1.2264E-08 1.2430E-08 1.2581E-08 1.2714E-08 1.2831E-08 1.2931E-08 1.3008E-08 1.3074E-08 1.3123E-08 1.3154E-08 1.3169E-08 1.3167E-08 1.3149E-08 1.3116E-08 1.3068E-08 1.3005E-08 1.2925E-08 1.2836E-08 1.2735E-08 1.2622E-08 1.2499E-08 1.2365E-08 1.2223E-08 1.2070E-08 1.1913E-08 1.1749E-08 1.1580E-08 1.1403E-08 1.1224E-08 1.1043E-08 1.0858E-08 1.0668E-08 1.0480E-08 1.0291E-08 1.0100E-08 9.9074E-09 9.7174E-09 9.5280E-09 9.3376E-09
7.2333E-09 7.5167E-09 7.8021E-09 8.0886E-09 8.3752E-09 8.6608E-09 8.9445E-09 9.2249E-09 9.5011E-09 9.7719E-09 1.0036E-08 1.0293E-08 1.0541E-08 1.0779E-08 1.1007E-08 1.1223E-08 1.1426E-08 1.1616E-08 1.1793E-08 1.1954E-08 1.2100E-08 1.2225E-08 1.2340E-08 1.2439E-08 1.2522E-08 1.2588E-08 1.2638E-08 1.2671E-08 1.2689E-08 1.2690E-08 1.2677E-08 1.2648E-08 1.2605E-08 1.2545E-08 1.2476E-08 1.2394E-08 1.2300E-08 1.2195E-08 1.2080E-08 1.1956E-08 1.1819E-08 1.1679E-08 1.1531E-08 1.1377E-08 1.1214E-08 1.1050E-08 1.0881E-08 1.0709E-08 1.0531E-08 1.0354E-08 1.0175E-08 9.9949E-09 9.8111E-09 9.6300E-09 9.4489E-09 9.2662E-09 9.0862E-09
6.9523E-09 7.2225E-09 7.5015E-09 7.7751E-09 8.0488E-09 8.3218E-09 8.5929E-09 8.8611E-09 9.1254E-09 9.3847E-09 9.6379E-09 9.8840E-09 1.0122E-08 1.0351E-08 1.0570E-08 1.0778E-08 1.0968E-08 1.1151E-08 1.1322E-08 1.1479E-08 1.1622E-08 1.1749E-08 1.1862E-08 1.1959E-08 1.2041E-08 1.2107E-08 1.2158E-08 1.2193E-08 1.2213E-08 1.2218E-08 1.2208E-08 1.2181E-08 1.2144E-08 1.2093E-08 1.2030E-08 1.1955E-08 1.1868E-08 1.1771E-08 1.1664E-08 1.1545E-08 1.1421E-08 1.1290E-08 1.1151E-08 1.1003E-08 1.0853E-08 1.0698E-08 1.0539E-08 1.0373E-08 1.0208E-08 1.0040E-08 9.8705E-09 9.6967E-09 9.5251E-09 9.3528E-09 9.1784E-09 9.0063E-09 8.8346E-09
6.6845E-09 6.9420E-09 7.2015E-09 7.4623E-09 7.7233E-09 7.9837E-09 8.2424E-09 8.4986E-09 8.7511E-09 8.9990E-09 9.2414E-09 9.4771E-09 9.7053E-09 9.9250E-09 1.0135E-08 1.0335E-08 1.0524E-08 1.0702E-08 1.0866E-08 1.1018E-08 1.1157E-08 1.1281E-08 1.1391E-08 1.1487E-08 1.1568E-08 1.1634E-08 1.1685E-08 1.1722E-08 1.1744E-08 1.1748E-08 1.1743E-08 1.1723E-08 1.1691E-08 1.1646E-08 1.1589E-08 1.1520E-08 1.1441E-08 1.1348E-08 1.1249E-08 1.1142E-08 1.1026E-08 1.0903E-08 1.0771E-08 1.0635E-08 1.0494E-08 1.0348E-08 1.0196E-08 1.0042E-08 9.8864E-09 9.7278E-09 9.5645E-09 9.4028E-09 9.2399E-09 9.0744E-09 8.9107E-09 8.7470E-09 8.5816E-09
6.4224E-09 6.6675E-09 6.9147E-09 7.1631E-09 7.4117E-09 7.6599E-09 7.9066E-09 8.1509E-09 8.3919E-09 8.6287E-09 8.8602E-09 9.0856E-09 9.3039E-09 9.5143E-09 9.7160E-09 9.9080E-09 1.0090E-08 1.0260E-08 1.0419E-08 1.0566E-08 1.0700E-08 1.0821E-08 1.0928E-08 1.1022E-08 1.1102E-08 1.1168E-08 1.1216E-08 1.1254E-08 1.1279E-08 1.1290E-08 1.1287E-08 1.1272E-08 1.1244E-08 1.1205E-08 1.1153E-08 1.1088E-08 1.1016E-08 1.0934E-08 1.0843E-08 1.0743E-08 1.0636E-08 1.0518E-08 1.0397E-08 1.0271E-08 1.0138E-08 9.9989E-09 9.8584E-09 9.7143E-09 9.5672E-09 9.4149E-09 9.2636E-09 9.1106E-09 8.9545E-09 8.7997E-09 8.6444E-09 8.4869E-09 8.3317E-09
6.1665E-09 6.3996E-09 6.6347E-09 6.8710E-09 7.1076E-09 7.3438E-09 7.5787E-09 7.8114E-09 8.0411E-09 8.2669E-09 8.4879E-09 8.7031E-09 8.9118E-09 9.1130E-09 9.3061E-09 9.4902E-09 9.6646E-09 9.8286E-09 9.9817E-09 1.0123E-08 1.0253E-08 1.0370E-08 1.0475E-08 1.0563E-08 1.0642E-08 1.0708E-08 1.0760E-08 1.0799E-08 1.0825E-08 1.0839E-08 1.0840E-08 1.0828E-08 1.0805E-08 1.0770E-08 1.0722E-08 1.0666E-08 1.0600E-08 1.0525E-08 1.0441E-08 1.0347E-08 1.0247E-08 1.0141E-08 1.0029E-08 9.9105E-09 9.7843E-09 9.6566E-09 9.5249E-09 9.3896E-09 9.2485E-09 9.1080E-09 8.9653E-09 8.8190E-09 8.6735E-09 8.5270E-09 8.3779E-09 8.2307E-09 8.0833E-09
5.9172E-09 6.1387E-09 6.3620E-09 6.5864E-09 6.8113E-09 7.0359E-09 7.2593E-09 7.4808E-09 7.6994E-09 7.9144E-09 8.1250E-09 8.3303E-09 8.5295E-09 8.7217E-09 8.9064E-09 9.0826E-09 9.2498E-09 9.4073E-09 9.5546E-09 9.6877E-09 9.8132E-09 9.9270E-09 1.0029E-08 1.0119E-08 1.0196E-08 1.0261E-08 1.0314E-08 1.0354E-08 1.0382E-08 1.0397E-08 1.0401E-08 1.0393E-08 1.0371E-08 1.0342E-08 1.0302E-08 1.0252E-08 1.0192E-08 1.0121E-08 1.0044E-08 9.9599E-09 9.8684E-09 9.7701E-09 9.6626E-09 9.5529E-09 9.4382E-09 9.3189E-09 9.1957E-09 9.0662E-09 8.9368E-09 8.8047E-09 8.6685E-09 8.5327E-09 8.3954E-09 8.2550E-09 8.1161E-09 7.9767E-09 7.8370E-09
5.6720E-09 5.8820E-09 6.0938E-09 6.3067E-09 6.5201E-09 6.7333E-09 6.9455E-09 7.1559E-09 7.3638E-09 7.5684E-09 7.7688E-09 7.9644E-09 8.1543E-09 8.3378E-09 8.5142E-09 8.6829E-09 8.8431E-09 8.9942E-09 9.1358E-09 9.2673E-09 9.3883E-09 9.4985E-09 9.5974E-09 9.6850E-09 9.7609E-09 9.8252E-09 9.8778E-09 9.9186E-09 9.9479E-09 9.9625E-09 9.9693E-09 9.9652E-09 9.9504E-09 9.9252E-09 9.8902E-09 9.8457E-09 9.7893E-09 9.7276E-09 9.6578E-09 9.5805E-09 9.4962E-09 9.4026E-09 9.3062E-09 9.2044E-09 9.0977E-09 8.9860E-09 8.8689E-09 8.7507E-09 8.6295E-09 8.5036E-09 8.3778E-09 8.2500E-09 8.1207E-09 7.9885E-09 7.8574E-09 7.7255E-09 7.5915E-09
5.4374E-09 5.6364E-09 5.8372E-09 6.0391E-09 6.2415E-09 6.4437E-09 6.6450E-09 6.8448E-09 7.0422E-09 7.2366E-09 7.4272E-09 7.6133E-09 7.7941E-09 7.9690E-09 8.1373E-09 8.2984E-09 8.4516E-09 8.5964E-09 8.7322E-09 8.8586E-09 8.9753E-09 9.0817E-09 9.1777E-09 9.2630E-09 9.3374E-09 9.4008E-09 9.4532E-09 9.4916E-09 9.5223E-09 9.5422E-09 9.5515E-09 9.5505E-09 9.5394E-09 9.5185E-09 9.4852E-09 9.4462E-09 9.3986E-09 9.3429E-09 9.2795E-09 9.2066E-09 9.1289E-09 9.0456E-09 8.9567E-09 8.8625E-09 8.7606E-09 8.6577E-09 8.5508E-09 8.4405E-09 8.3252E-09 8.2095E-09 8.0915E-09 7.9716E-09 7.8482E-09 7.7256E-09 7.6020E-09 7.4757E-09 7.3510E-09
5.2101E-09 5.3986E-09 5.5887E-09 5.7799E-09 5.9716E-09 6.1633E-09 6.3541E-09 6.5435E-09 6.7308E-09 6.9153E-09 7.0964E-09 7.2732E-09 7.4452E-09 7.6117E-09 7.7721E-09 7.9258E-09 8.0721E-09 8.2107E-09 8.3409E-09 8.4623E-09 8.5745E-09 8.6773E-09 8.7703E-09 8.8532E-09 8.9229E-09 8.9856E-09 9.0379E-09 9.0800E-09 9.1117E-09 9.1333E-09 9.1449E-09 9.1467E-09 9.1360E-09 9.1193E-09 9.0937E-09 9.0596E-09 9.0173E-09 8.9673E-09 8.9071E-09 8.8432E-09 8.7728E-09 8.6965E-09 8.6146E-09 8.5249E-09 8.4336E-09 8.3381E-09 8.2388E-09 8.1343E-09 8.0288E-09 7.9206E-09 7.8082E-09 7.6960E-09 7.5822E-09 7.4669E-09 7.3487E-09 7.2316E-09 7.1138E-09
4.9904E-09 5.1686E-09 5.3485E-09 5.5294E-09 5.7108E-09 5.8922E-09 6.0730E-09 6.2524E-09 6.4299E-09 6.6049E-09 6.7766E-09 6.9445E-09 7.1080E-09 7.2663E-09 7.4190E-09 7.5655E-09 7.7052E-09 7.8376E-09 7.9622E-09 8.0787E-09 8.1835E-09 8.2827E-09 8.3728E-09 8.4536E-09 8.5248E-09 8.5864E-09 8.6383E-09 8.6806E-09 8.7132E-09 8.7362E-09 8.7470E-09 8.7517E-09 8.7473E-09 8.7343E-09 8.7129E-09 8.6833E-09 8.6431E-09 8.5988E-09 8.5474E-09 8.4895E-09 8.4255E-09 8.3528E-09 8.2779E-09 8.1982E-09 8.1139E-09 8.0256E-09 7.9317E-09 7.8365E-09 7.7383E-09 7.6354E-09 7.5325E-09 7.4275E-09 7.3208E-09 7.2108E-09 7.1016E-09 6.9914E-09 6.8785E-09
4.7755E-09 4.9438E-09 5.1137E-09 5.2847E-09 5.4562E-09 5.6277E-09 5.7986E-09 5.9684E-09 6.1365E-09 6.3022E-09 6.4650E-09 6.6243E-09 6.7795E-09 6.9300E-09 7.0753E-09 7.2148E-09 7.3480E-09 7.4745E-09 7.5938E-09 7.7055E-09 7.8093E-09 7.9049E-09 7.9919E-09 8.0703E-09 8.1397E-09 8.2002E-09 8.2516E-09 8.2909E-09 8.3244E-09 8.3489E-09 8.3646E-09 8.3717E-09 8.3703E-09 8.3606E-09 8.3401E-09 8.3151E-09 8.2828E-09 8.2435E-09 8.1975E-09 8.1453E-09 8.0844E-09 8.0211E-09 7.9527E-09 7.8795E-09 7.8000E-09 7.7186E-09 7.6336E-09 7.5454E-09 7.4522E-09 7.3586E-09 7.2625E-09 7.1645E-09 7.0628E-09 6.9616E-09 6.8591E-09 6.7536E-09 6.6493E-09
4.5715E-09 4.7305E-09 4.8909E-09 5.0524E-09 5.2144E-09 5.3765E-09 5.5381E-09 5.6986E-09 5.8576E-09 6.0145E-09 6.1687E-09 6.3196E-09 6.4668E-09 6.6097E-09 6.7477E-09 6.8804E-09 7.0073E-09 7.1279E-09 7.2419E-09 7.3489E-09 7.4485E-09 7.5404E-09 7.6244E-09 7.6972E-09 7.7650E-09 7.8244E-09 7.8753E-09 7.9178E-09 7.9518E-09 7.9774E-09 7.9947E-09 8.0039E-09 8.0022E-09 7.9960E-09 7.9822E-09 7.9612E-09 7.9332E-09 7.8986E-09 7.8549E-09 7.8083E-09 7.7561E-09 7.6986E-09 7.6362E-09 7.5673E-09 7.4963E-09 7.4214E-09 7.3430E-09 7.2594E-09 7.1750E-09 7.0880E-09 6.9986E-09 6.9054E-09 6.8123E-09 6.7176E-09 6.6196E-09 6.5226E-09 6.4245E-09
4.3721E-09 4.5220E-09 4.6766E-09 4.8290E-09 4.9819E-09 5.1349E-09 5.2875E-09 5.4392E-09 5.5895E-09 5.7378E-09 5.8837E-09 6.0267E-09 6.1661E-09 6.3016E-09 6.4327E-09 6.5588E-09 6.6796E-09 6.7946E-09 6.9034E-09 7.0027E-09 7.0982E-09 7.1867E-09 7.2678E-09 7.3414E-09 7.4073E-09 7.4654E-09 7.5156E-09 7.5578E-09 7.5922E-09 7.6187E-09 7.6346E-09 7.6460E-09 7.6498E-09 7.6464E-09 7.6359E-09 7.6186E-09 7.5918E-09 7.5619E-09 7.5260E-09 7.4844E-09 7.4374E-09 7.3835E-09 7.3269E-09 7.2660E-09 7.2010E-09 7.1322E-09 7.0582E-09 6.9829E-09 6.9048E-09 6.8221E-09 6.7393E-09 6.6543E-09 6.5675E-09 6.4771E-09 6.3873E-09 6.2963E-09 6.2042E-09
4.1839E-09 4.3253E-09 4.4680E-09 4.6117E-09 4.7559E-09 4.9002E-09 5.0441E-09 5.1873E-09 5.3292E-09 5.4694E-09 5.6073E-09 5.7426E-09 5.8747E-09 6.0031E-09 6.1275E-09 6.2473E-09 6.3622E-09 6.4717E-09 6.5756E-09 6.6735E-09 6.7650E-09 6.8500E-09 6.9281E-09 6.9992E-09 7.0632E-09 7.1199E-09 7.1692E-09 7.2083E-09 7.2431E-09 7.2705E-09 7.2907E-09 7.3037E-09 7.3098E-09 7.3089E-09 7.2986E-09 7.2849E-09 7.2650E-09 7.2392E-09 7.2077E-09 7.1708E-09 7.1269E-09 7.0802E-09 7.0290E-09 6.9736E-09 6.9123E-09 6.8495E-09 6.7833E-09 6.7139E-09 6.6399E-09 6.5653E-09 6.4885E-09 6.4094E-09 6.3266E-09 6.2442E-09 6.1603E-09 6.0751E-09 5.9868E-09
