Assets/Resources/2015_m01_d09_1800(utc+0800)_l00_csi_1hr_conc.grd
DSAA
         159         159
     -79.000      79.000
     -79.000      79.000
  0.8473E-09  0.2192E-04
[rows 25 to 49 of 159, columns 0 to 56 of 159]
1.2484E-09 1.2669E-09 1.2855E-09 1.3043E-09 1.3232E-09 1.3422E-09 1.3732E-09 1.4054E-09 1.4321E-09 1.4712E-09 1.4930E-09 1.5150E-09 1.5372E-09 1.5595E-09 1.5819E-09 1.6044E-09 1.6270E-09 1.6498E-09 1.6726E-09 1.6955E-09 1.7185E-09 1.7416E-09 1.7647E-09 1.7878E-09 1.8110E-09 1.8342E-09 1.8574E-09 1.8806E-09 1.9038E-09 1.9270E-09 1.9501E-09 1.9731E-09 1.9961E-09 2.0190E-09 2.0418E-09 2.0645E-09 2.0871E-09 2.1095E-09 2.1317E-09 2.1538E-09 2.1757E-09 2.1974E-09 2.2188E-09 2.2400E-09 2.2610E-09 2.2817E-09 2.3021E-09 2.3223E-09 2.3421E-09 2.3615E-09 2.3807E-09 2.3994E-09 2.4178E-09 2.4358E-09 2.4534E-09 2.4706E-09 2.4873E-09
1.2671E-09 1.2860E-09 1.3050E-09 1.3242E-09 1.3435E-09 1.3868E-09 1.4136E-09 1.4407E-09 1.4744E-09 1.4967E-09 1.5191E-09 1.5417E-09 1.5644E-09 1.5873E-09 1.6103E-09 1.6335E-09 1.6567E-09 1.6801E-09 1.7035E-09 1.7271E-09 1.7507E-09 1.7744E-09 1.7981E-09 1.8219E-09 1.8458E-09 1.8696E-09 1.8935E-09 1.9174E-09 1.9412E-09 1.9650E-09 1.9888E-09 2.0125E-09 2.0362E-09 2.0597E-09 2.0832E-09 2.1065E-09 2.1298E-09 2.1528E-09 2.1757E-09 2.1985E-09 2.2210E-09 2.2433E-09 2.2654E-09 2.2873E-09 2.3089E-09 2.3302E-09 2.3512E-09 2.3719E-09 2.3923E-09 2.4124E-09 2.4321E-09 2.4514E-09 2.4703E-09 2.4889E-09 2.5070E-09 2.5247E-09 2.5419E-09
1.2860E-09 1.3053E-09 1.3247E-09 1.3443E-09 1.3882E-09 1.4153E-09 1.4429E-09 1.4772E-09 1.4999E-09 1.5227E-09 1.5457E-09 1.5689E-09 1.5922E-09 1.6157E-09 1.6393E-09 1.6631E-09 1.6869E-09 1.7109E-09 1.7350E-09 1.7592E-09 1.7835E-09 1.8079E-09 1.8323E-09 1.8567E-09 1.8812E-09 1.9058E-09 1.9303E-09 1.9549E-09 1.9794E-09 2.0039E-09 2.0283E-09 2.0527E-09 2.0771E-09 2.1013E-09 2.1255E-09 2.1495E-09 2.1734E-09 2.1971E-09 2.2207E-09 2.2441E-09 2.2673E-09 2.2903E-09 2.3131E-09 2.3356E-09 2.3578E-09 2.3798E-09 2.4014E-09 2.4227E-09 2.4437E-09 2.4644E-09 2.4847E-09 2.5046E-09 2.5241E-09 2.5432E-09 2.5618E-09 2.5800E-09 2.5977E-09
1.3051E-09 1.3249E-09 1.3447E-09 1.3891E-09 1.4166E-09 1.4566E-09 1.4794E-09 1.5025E-09 1.5257E-09 1.5491E-09 1.5727E-09 1.5965E-09 1.6205E-09 1.6446E-09 1.6688E-09 1.6932E-09 1.7177E-09 1.7424E-09 1.7671E-09 1.7920E-09 1.8169E-09 1.8420E-09 1.8671E-09 1.8922E-09 1.9174E-09 1.9426E-09 1.9679E-09 1.9931E-09 2.0183E-09 2.0435E-09 2.0687E-09 2.0938E-09 2.1188E-09 2.1438E-09 2.1686E-09 2.1934E-09 2.2180E-09 2.2424E-09 2.2667E-09 2.2908E-09 2.3147E-09 2.3383E-09 2.3618E-09 2.3849E-09 2.4078E-09 2.4304E-09 2.4527E-09 2.4747E-09 2.4963E-09 2.5176E-09 2.5385E-09 2.5590E-09 2.5791E-09 2.5987E-09 2.6179E-09 2.6367E-09 2.6549E-09
1.3245E-09 1.3446E-09 1.3895E-09 1.4173E-09 1.4579E-09 1.4811E-09 1.5045E-09 1.5282E-09 1.5520E-09 1.5760E-09 1.6003E-09 1.6247E-09 1.6492E-09 1.6740E-09 1.6989E-09 1.7239E-09 1.7491E-09 1.7744E-09 1.7998E-09 1.8254E-09 1.8510E-09 1.8767E-09 1.9025E-09 1.9284E-09 1.9543E-09 1.9802E-09 2.0062E-09 2.0321E-09 2.0581E-09 2.0840E-09 2.1099E-09 2.1357E-09 2.1615E-09 2.1871E-09 2.2127E-09 2.2382E-09 2.2635E-09 2.2887E-09 2.3136E-09 2.3384E-09 2.3630E-09 2.3874E-09 2.4115E-09 2.4354E-09 2.4590E-09 2.4823E-09 2.5052E-09 2.5278E-09 2.5501E-09 2.5720E-09 2.5935E-09 2.6146E-09 2.6353E-09 2.6555E-09 2.6753E-09 2.6946E-09 2.7134E-09
1.3500E-09 1.3953E-09 1.4236E-09 1.4587E-09 1.4822E-09 1.5060E-09 1.5301E-09 1.5543E-09 1.5787E-09 1.6034E-09 1.6282E-09 1.6533E-09 1.6785E-09 1.7039E-09 1.7295E-09 1.7552E-09 1.7810E-09 1.8070E-09 1.8332E-09 1.8594E-09 1.8857E-09 1.9122E-09 1.9387E-09 1.9652E-09 1.9919E-09 2.0185E-09 2.0452E-09 2.0719E-09 2.0986E-09 2.1253E-09 2.1519E-09 2.1785E-09 2.2050E-09 2.2314E-09 2.2577E-09 2.2839E-09 2.3100E-09 2.3359E-09 2.3616E-09 2.3871E-09 2.4125E-09 2.4375E-09 2.4624E-09 2.4870E-09 2.5112E-09 2.5352E-09 2.5589E-09 2.5822E-09 2.6051E-09 2.6277E-09 2.6936E-09 2.7163E-09 2.7384E-09 2.7600E-09 2.7811E-09 2.8160E-09 2.8360E-09
1.3948E-09 1.4234E-09 1.4589E-09 1.4828E-09 1.5070E-09 1.5314E-09 1.5560E-09 1.5808E-09 1.6059E-09 1.6312E-09 1.6567E-09 1.6824E-09 1.7083E-09 1.7344E-09 1.7606E-09 1.7870E-09 1.8136E-09 1.8403E-09 1.8671E-09 1.8940E-09 1.9211E-09 1.9483E-09 1.9755E-09 2.0028E-09 2.0302E-09 2.0576E-09 2.0850E-09 2.1125E-09 2.1399E-09 2.1674E-09 2.1948E-09 2.2221E-09 2.2494E-09 2.2766E-09 2.3037E-09 2.3306E-09 2.3574E-09 2.3841E-09 2.4106E-09 2.4369E-09 2.4629E-09 2.4888E-09 2.5143E-09 2.5396E-09 2.5646E-09 2.6330E-09 2.6588E-09 2.6841E-09 2.7234E-09 2.7482E-09 2.7725E-09 2.7963E-09 2.8196E-09 2.8422E-09 2.8642E-09 2.8856E-09 2.9063E-09
1.4227E-09 1.4586E-09 1.4828E-09 1.5073E-09 1.5321E-09 1.5571E-09 1.5824E-09 1.6078E-09 1.6336E-09 1.6595E-09 1.6857E-09 1.7120E-09 1.7386E-09 1.7653E-09 1.7923E-09 1.8194E-09 1.8467E-09 1.8741E-09 1.9016E-09 1.9293E-09 1.9571E-09 1.9850E-09 2.0130E-09 2.0411E-09 2.0692E-09 2.0974E-09 2.1256E-09 2.1539E-09 2.1821E-09 2.2103E-09 2.2385E-09 2.2666E-09 2.2947E-09 2.3227E-09 2.3505E-09 2.3783E-09 2.4059E-09 2.4333E-09 2.4606E-09 2.4876E-09 2.5145E-09 2.5411E-09 2.6122E-09 2.6400E-09 2.6818E-09 2.7094E-09 2.7366E-09 2.7634E-09 2.7896E-09 2.8154E-09 2.8407E-09 2.8797E-09 2.9041E-09 2.9279E-09 2.9510E-09 2.9837E-09 3.0161E-09
1.4577E-09 1.4823E-09 1.5071E-09 1.5322E-09 1.5576E-09 1.5832E-09 1.6091E-09 1.6353E-09 1.6616E-09 1.6882E-09 1.7151E-09 1.7421E-09 1.7694E-09 1.7969E-09 1.8245E-09 1.8523E-09 1.8803E-09 1.9085E-09 1.9368E-09 1.9652E-09 1.9938E-09 2.0225E-09 2.0513E-09 2.0801E-09 2.1090E-09 2.1380E-09 2.1670E-09 2.1960E-09 2.2251E-09 2.2541E-09 2.2831E-09 2.3120E-09 2.3409E-09 2.3697E-09 2.3983E-09 2.4269E-09 2.4553E-09 2.4835E-09 2.5116E-09 2.5844E-09 2.6141E-09 2.6581E-09 2.6878E-09 2.7173E-09 2.7463E-09 2.7750E-09 2.8175E-09 2.8457E-09 2.8735E-09 2.9007E-09 2.9273E-09 2.9636E-09 2.9998E-09 3.0392E-09 3.0843E-09 3.1088E-09 3.1527E-09
1.4812E-09 1.5063E-09 1.5318E-09 1.5575E-09 1.5835E-09 1.6098E-09 1.6363E-09 1.6631E-09 1.6902E-09 1.7175E-09 1.7450E-09 1.7727E-09 1.8007E-09 1.8289E-09 1.8573E-09 1.8859E-09 1.9146E-09 1.9435E-09 1.9726E-09 2.0018E-09 2.0312E-09 2.0606E-09 2.0902E-09 2.1198E-09 2.1496E-09 2.1793E-09 2.2092E-09 2.2390E-09 2.2689E-09 2.2987E-09 2.3285E-09 2.3583E-09 2.3880E-09 2.4176E-09 2.4471E-09 2.4765E-09 2.5499E-09 2.5812E-09 2.6269E-09 2.6587E-09 2.6901E-09 2.7214E-09 2.7523E-09 2.7974E-09 2.8282E-09 2.8585E-09 2.8884E-09 2.9178E-09 2.9712E-09 3.0111E-09 3.0398E-09 3.1093E-09 3.1583E-09 3.2295E-09 3.2576E-09 3.2887E-09 3.3150E-09
1.5050E-09 1.5307E-09 1.5568E-09 1.5832E-09 1.6098E-09 1.6367E-09 1.6640E-09 1.6914E-09 1.7192E-09 1.7471E-09 1.7754E-09 1.8039E-09 1.8326E-09 1.8615E-09 1.8906E-09 1.9199E-09 1.9495E-09 1.9792E-09 2.0090E-09 2.0390E-09 2.0692E-09 2.0994E-09 2.1298E-09 2.1603E-09 2.1908E-09 2.2215E-09 2.2521E-09 2.2828E-09 2.3135E-09 2.3442E-09 2.3749E-09 2.4055E-09 2.4360E-09 2.4665E-09 2.5418E-09 2.5746E-09 2.6221E-09 2.6555E-09 2.6886E-09 2.7216E-09 2.7689E-09 2.8020E-09 2.8348E-09 2.8673E-09 2.8993E-09 2.9664E-09 2.9988E-09 3.0725E-09 3.1258E-09 3.2011E-09 3.2476E-09 3.2840E-09 3.3157E-09 3.3465E-09 3.3763E-09 3.4091E-09 3.4369E-09
1.5291E-09 1.5555E-09 1.5822E-09 1.6092E-09 1.6365E-09 1.6641E-09 1.6920E-09 1.7202E-09 1.7486E-09 1.7773E-09 1.8063E-09 1.8355E-09 1.8649E-09 1.8946E-09 1.9245E-09 1.9546E-09 1.9849E-09 2.0154E-09 2.0461E-09 2.0769E-09 2.1078E-09 2.1389E-09 2.1701E-09 2.2015E-09 2.2329E-09 2.2643E-09 2.2958E-09 2.3274E-09 2.3590E-09 2.3905E-09 2.4221E-09 2.4535E-09 2.5303E-09 2.5644E-09 2.6136E-09 2.6484E-09 2.6832E-09 2.7321E-09 2.7673E-09 2.8024E-09 2.8372E-09 2.8717E-09 2.9205E-09 2.9972E-09 3.0542E-09 3.1109E-09 3.2037E-09 3.2449E-09 3.2816E-09 3.3176E-09 3.3528E-09 3.3912E-09 3.4246E-09 3.4706E-09 3.5021E-09 3.5325E-09 3.5617E-09
1.5536E-09 1.5806E-09 1.6079E-09 1.6356E-09 1.6636E-09 1.6919E-09 1.7205E-09 1.7493E-09 1.7785E-09 1.8079E-09 1.8376E-09 1.8676E-09 1.8978E-09 1.9282E-09 1.9589E-09 1.9898E-09 2.0209E-09 2.0522E-09 2.0837E-09 2.1154E-09 2.1472E-09 2.1791E-09 2.2112E-09 2.2434E-09 2.2756E-09 2.3080E-09 2.3404E-09 2.3728E-09 2.4053E-09 2.4377E-09 2.5153E-09 2.5507E-09 2.6012E-09 2.6375E-09 2.6739E-09 2.7245E-09 2.7615E-09 2.7984E-09 2.8352E-09 2.8861E-09 2.9650E-09 3.0249E-09 3.0778E-09 3.1608E-09 3.2257E-09 3.2664E-09 3.3065E-09 3.3635E-09 3.4027E-09 3.4411E-09 3.4786E-09 3.5151E-09 3.5505E-09 3.5849E-09 3.6226E-09 3.6678E-09 3.6987E-09
1.5784E-09 1.6060E-09 1.6341E-09 1.6624E-09 1.6911E-09 1.7200E-09 1.7493E-09 1.7789E-09 1.8088E-09 1.8390E-09 1.8695E-09 1.9002E-09 1.9312E-09 1.9624E-09 1.9939E-09 2.0256E-09 2.0576E-09 2.0897E-09 2.1220E-09 2.1545E-09 2.1872E-09 2.2200E-09 2.2529E-09 2.2860E-09 2.3192E-09 2.3524E-09 2.3857E-09 2.4190E-09 2.4969E-09 2.5334E-09 2.5851E-09 2.6228E-09 2.6605E-09 2.7128E-09 2.7514E-09 2.7901E-09 2.8287E-09 2.9023E-09 2.9848E-09 3.0405E-09 3.1258E-09 3.1734E-09 3.2380E-09 3.2953E-09 3.3435E-09 3.3871E-09 3.4300E-09 3.4722E-09 3.5136E-09 3.5674E-09 3.6119E-09 3.6508E-09 3.6886E-09 3.7251E-09 3.7603E-09 3.7942E-09 3.8363E-09
1.6035E-09 1.6318E-09 1.6605E-09 1.6895E-09 1.7189E-09 1.7486E-09 1.7786E-09 1.8090E-09 1.8396E-09 1.8705E-09 1.9018E-09 1.9333E-09 1.9651E-09 1.9971E-09 2.0294E-09 2.0620E-09 2.0948E-09 2.1277E-09 2.1609E-09 2.1943E-09 2.2279E-09 2.2616E-09 2.2954E-09 2.3294E-09 2.3634E-09 2.3976E-09 2.4753E-09 2.5128E-09 2.5653E-09 2.6042E-09 2.6433E-09 2.6968E-09 2.7370E-09 2.7773E-09 2.8176E-09 2.8936E-09 2.9922E-09 3.0373E-09 3.1256E-09 3.1965E-09 3.2575E-09 3.3094E-09 3.3570E-09 3.4041E-09 3.4508E-09 3.5104E-09 3.5607E-09 3.6059E-09 3.6502E-09 3.6935E-09 3.7456E-09 3.7870E-09 3.8270E-09 3.8657E-09 3.9030E-09 3.9439E-09 3.9880E-09
1.6289E-09 1.6580E-09 1.6873E-09 1.7171E-09 1.7471E-09 1.7776E-09 1.8083E-09 1.8394E-09 1.8708E-09 1.9025E-09 1.9346E-09 1.9669E-09 1.9995E-09 2.0324E-09 2.0655E-09 2.0989E-09 2.1326E-09 2.1664E-09 2.2005E-09 2.2347E-09 2.2692E-09 2.3038E-09 2.3386E-09 2.3734E-09 2.4084E-09 2.4889E-09 2.5420E-09 2.5820E-09 2.6222E-09 2.6767E-09 2.7183E-09 2.7601E-09 2.8020E-09 2.8799E-09 2.9808E-09 3.0282E-09 3.1231E-09 3.1931E-09 3.2574E-09 3.3126E-09 3.3636E-09 3.4274E-09 3.4783E-09 3.5333E-09 3.5834E-09 3.6328E-09 3.6915E-09 3.7397E-09 3.7869E-09 3.8330E-09 3.8877E-09 3.9368E-09 3.9795E-09 4.0208E-09 4.0604E-09 4.1080E-09 4.1445E-09
1.6547E-09 1.6844E-09 1.7145E-09 1.7449E-09 1.7758E-09 1.8069E-09 1.8384E-09 1.8703E-09 1.9025E-09 1.9350E-09 1.9678E-09 2.0010E-09 2.0344E-09 2.0682E-09 2.1022E-09 2.1364E-09 2.1709E-09 2.2057E-09 2.2406E-09 2.2758E-09 2.3112E-09 2.3467E-09 2.3824E-09 2.4618E-09 2.5013E-09 2.5561E-09 2.5973E-09 2.6389E-09 2.6955E-09 2.7386E-09 2.7819E-09 2.8611E-09 2.9638E-09 3.0133E-09 3.1105E-09 3.1966E-09 3.2505E-09 3.3087E-09 3.3629E-09 3.4307E-09 3.4853E-09 3.5442E-09 3.6082E-09 3.6622E-09 3.7157E-09 3.7685E-09 3.8302E-09 3.8867E-09 3.9372E-09 3.9866E-09 4.0443E-09 4.0912E-09 4.1367E-09 4.1805E-09 4.2284E-09 4.2784E-09 4.3171E-09
1.6808E-09 1.7112E-09 1.7420E-09 1.7732E-09 1.8048E-09 1.8367E-09 1.8690E-09 1.9016E-09 1.9346E-09 1.9679E-09 2.0016E-09 2.0356E-09 2.0699E-09 2.1044E-09 2.1393E-09 2.1745E-09 2.2099E-09 2.2455E-09 2.2814E-09 2.3175E-09 2.3538E-09 2.3903E-09 2.4719E-09 2.5268E-09 2.5689E-09 2.6114E-09 2.6686E-09 2.7129E-09 2.7575E-09 2.8375E-09 2.9412E-09 2.9926E-09 3.0916E-09 3.1800E-09 3.2365E-09 3.2976E-09 3.3682E-09 3.4262E-09 3.4889E-09 3.5471E-09 3.6153E-09 3.6736E-09 3.7315E-09 3.7987E-09 3.8610E-09 3.9176E-09 3.9829E-09 4.0380E-09 4.0920E-09 4.1446E-09 4.2112E-09 4.2614E-09 4.3161E-09 4.3631E-09 4.4083E-09 4.4514E-09 4.4924E-09
1.7072E-09 1.7383E-09 1.7699E-09 1.8018E-09 1.8341E-09 1.8668E-09 1.8999E-09 1.9333E-09 1.9671E-09 2.0013E-09 2.0358E-09 2.0706E-09 2.1058E-09 2.1413E-09 2.1770E-09 2.2131E-09 2.2494E-09 2.2860E-09 2.3228E-09 2.3599E-09 2.3972E-09 2.4808E-09 2.5372E-09 2.5804E-09 2.6241E-09 2.6831E-09 2.7288E-09 2.7954E-09 2.8825E-09 2.9662E-09 3.0425E-09 3.1368E-09 3.2156E-09 3.2793E-09 3.3528E-09 3.4139E-09 3.4798E-09 3.5516E-09 3.6139E-09 3.6761E-09 3.7481E-09 3.8155E-09 3.8776E-09 3.9489E-09 4.0102E-09 4.0708E-09 4.1360E-09 4.2045E-09 4.2685E-09 4.3252E-09 4.3804E-09 4.4339E-09 4.4857E-09 4.5355E-09 4.5833E-09 4.6289E-09 4.6723E-09
1.7339E-09 1.7658E-09 1.7981E-09 1.8308E-09 1.8638E-09 1.8973E-09 1.9312E-09 1.9655E-09 2.0001E-09 2.0351E-09 2.0705E-09 2.1062E-09 2.1422E-09 2.1786E-09 2.2153E-09 2.2522E-09 2.2895E-09 2.3271E-09 2.3648E-09 2.4029E-09 2.4883E-09 2.5461E-09 2.5905E-09 2.6496E-09 2.6961E-09 2.7432E-09 2.8264E-09 2.9344E-09 3.0119E-09 3.1074E-09 3.1879E-09 3.2538E-09 3.3298E-09 3.3937E-09 3.4626E-09 3.5377E-09 3.6035E-09 3.6696E-09 3.7458E-09 3.8176E-09 3.8844E-09 3.9608E-09 4.0274E-09 4.0934E-09 4.1743E-09 4.2455E-09 4.3098E-09 4.3730E-09 4.4348E-09 4.4952E-09 4.5538E-09 4.6107E-09 4.6657E-09 4.7454E-09 4.7972E-09 4.8464E-09 4.9166E-09
1.7610E-09 1.7936E-09 1.8266E-09 1.8601E-09 1.8939E-09 1.9282E-09 1.9629E-09 1.9980E-09 2.0335E-09 2.0693E-09 2.1056E-09 2.1422E-09 2.1791E-09 2.2164E-09 2.2540E-09 2.2920E-09 2.3302E-09 2.3687E-09 2.4514E-09 2.4945E-09 2.5537E-09 2.5992E-09 2.6597E-09 2.7076E-09 2.7766E-09 2.8667E-09 2.9757E-09 3.0718E-09 3.1536E-09 3.2213E-09 3.2994E-09 3.3656E-09 3.4371E-09 3.5152E-09 3.5842E-09 3.6634E-09 3.7339E-09 3.8098E-09 3.8906E-09 3.9623E-09 4.0338E-09 4.1204E-09 4.1981E-09 4.2694E-09 4.3399E-09 4.4095E-09 4.4781E-09 4.5453E-09 4.6112E-09 4.7434E-09 4.8367E-09 4.9262E-09 5.0125E-09 5.1107E-09 5.1167E-09 5.1734E-09 5.2262E-09
1.7883E-09 1.8217E-09 1.8555E-09 1.8897E-09 1.9244E-09 1.9595E-09 1.9950E-09 2.0309E-09 2.0673E-09 2.1040E-09 2.1412E-09 2.1787E-09 2.2165E-09 2.2548E-09 2.2933E-09 2.3322E-09 2.3714E-09 2.4554E-09 2.5138E-09 2.5597E-09 2.6063E-09 2.6683E-09 2.7175E-09 2.7885E-09 2.9129E-09 2.9977E-09 3.0933E-09 3.1822E-09 3.2618E-09 3.3300E-09 3.4038E-09 3.4843E-09 3.5561E-09 3.6384E-09 3.7123E-09 3.7919E-09 3.8768E-09 3.9529E-09 4.0291E-09 4.1210E-09 4.2042E-09 4.2812E-09 4.3578E-09 4.4338E-09 4.5090E-09 4.5833E-09 4.7231E-09 4.8286E-09 4.9512E-09 5.0687E-09 5.1534E-09 5.2498E-09 5.3291E-09 5.4043E-09 5.4750E-09 5.5540E-09 5.5295E-09
1.8159E-09 1.8501E-09 1.8846E-09 1.9197E-09 1.9552E-09 1.9911E-09 2.0275E-09 2.0643E-09 2.1015E-09 2.1391E-09 2.1772E-09 2.2156E-09 2.2544E-09 2.2936E-09 2.3331E-09 2.3730E-09 2.4580E-09 2.5174E-09 2.5643E-09 2.6119E-09 2.6753E-09 2.7256E-09 2.8374E-09 2.9485E-09 3.0273E-09 3.1126E-09 3.2045E-09 3.2873E-09 3.3583E-09 3.4452E-09 3.5194E-09 3.5946E-09 3.6811E-09 3.7639E-09 3.8525E-09 3.9325E-09 4.0130E-09 4.1097E-09 4.1980E-09 4.2805E-09 4.3629E-09 4.4450E-09 4.5267E-09 4.6078E-09 4.7568E-09 4.8944E-09 5.0434E-09 5.1441E-09 5.2589E-09 5.3579E-09 5.4681E-09 5.6056E-09 5.7003E-09 5.8024E-09 5.8867E-09 5.9643E-09 5.9708E-09
1.8438E-09 1.8787E-09 1.9141E-09 1.9500E-09 1.9863E-09 2.0231E-09 2.0603E-09 2.0980E-09 2.1361E-09 2.1747E-09 2.2136E-09 2.2530E-09 2.2927E-09 2.3329E-09 2.3734E-09 2.4593E-09 2.5196E-09 2.5674E-09 2.6160E-09 2.6806E-09 2.7527E-09 2.8568E-09 2.9642E-09 3.0625E-09 3.1544E-09 3.2379E-09 3.3103E-09 3.3984E-09 3.4745E-09 3.5519E-09 3.6406E-09 3.7262E-09 3.8177E-09 3.9012E-09 3.9856E-09 4.0864E-09 4.1794E-09 4.2669E-09 4.3547E-09 4.4426E-09 4.5305E-09 4.6181E-09 4.7723E-09 4.9194E-09 5.0813E-09 5.2100E-09 5.3258E-09 5.4553E-09 5.6127E-09 5.7454E-09 5.8636E-09 5.9781E-09 6.0997E-09 6.2038E-09 6.3006E-09 6.3891E-09 6.4684E-09
1.8720E-09 1.9077E-09 1.9439E-09 1.9806E-09 2.0178E-09 2.0554E-09 2.0935E-09 2.1321E-09 2.1711E-09 2.2106E-09 2.2505E-09 2.2908E-09 2.3315E-09 2.3727E-09 2.4591E-09 2.5203E-09 2.5690E-09 2.6185E-09 2.6842E-09 2.7578E-09 2.8641E-09 2.9741E-09 3.0749E-09 3.1695E-09 3.2557E-09 3.3306E-09 3.4220E-09 3.5010E-09 3.5914E-09 3.6741E-09 3.7635E-09 3.8594E-09 3.9470E-09 4.0514E-09 4.1483E-09 4.2403E-09 4.3330E-09 4.4263E-09 4.5199E-09 4.6137E-09 4.7619E-09 4.9223E-09 5.0936E-09 5.2345E-09 5.3775E-09 5.5098E-09 5.6984E-09 5.8403E-09 6.0488E-09 6.1351E-09 6.2734E-09 6.4379E-09 6.5952E-09 6.7182E-09 6.8320E-09 6.9819E-09 7.0266E-09
