Assets/Resources/2015_m01_d24_0000(utc+0800)_l00_csi_1hr_conc.grd
DSAA
         159         159
     -79.000      79.000
     -79.000      79.000
  0.2243E-10  0.3218E-04
[rows 0 to 24 of 159, columns 57 to 113 of 159]
1.4205E-10 1.4547E-10 1.4893E-10 1.5244E-10 1.5600E-10 1.5960E-10 1.6324E-10 1.6693E-10 1.7066E-10 1.7443E-10 1.7824E-10 1.8209E-10 1.8598E-10 1.8990E-10 1.9386E-10 1.9786E-10 2.0189E-10 2.0595E-10 2.1004E-10 2.1416E-10 2.1831E-10 2.2248E-10 2.2668E-10 2.3090E-10 2.3515E-10 2.3941E-10 2.4369E-10 2.4799E-10 2.5230E-10 2.5663E-10 2.6096E-10 2.6531E-10 2.6966E-10 2.7401E-10 2.7837E-10 2.8272E-10 2.8708E-10 2.9143E-10 2.9578E-10 3.0011E-10 3.0444E-10 3.0875E-10 3.1305E-10 3.1733E-10 3.2159E-10 3.2582E-10 3.3003E-10 3.3422E-10 3.3837E-10 3.4249E-10 3.4658E-10 3.5063E-10 3.5464E-10 3.5860E-10 3.6253E-10 3.6640E-10 3.7023E-10
1.4467E-10 1.4815E-10 1.5168E-10 1.5526E-10 1.5888E-10 1.6255E-10 1.6626E-10 1.7002E-10 1.7382E-10 1.7766E-10 1.8154E-10 1.8546E-10 1.8943E-10 1.9342E-10 1.9746E-10 2.0153E-10 2.0563E-10 2.0977E-10 2.1394E-10 2.1814E-10 2.2237E-10 2.2662E-10 2.3090E-10 2.3520E-10 2.3953E-10 2.4387E-10 2.4823E-10 2.5261E-10 2.5701E-10 2.6142E-10 2.6583E-10 2.7026E-10 2.7469E-10 2.7913E-10 2.8357E-10 2.8801E-10 2.9245E-10 2.9688E-10 3.0131E-10 3.0573E-10 3.1014E-10 3.1453E-10 3.1891E-10 3.2327E-10 3.2761E-10 3.3193E-10 3.3622E-10 3.4049E-10 3.4472E-10 3.4892E-10 3.5309E-10 3.5721E-10 3.6130E-10 3.6534E-10 3.6934E-10 3.7329E-10 3.7719E-10
1.4731E-10 1.5085E-10 1.5445E-10 1.5809E-10 1.6178E-10 1.6552E-10 1.6930E-10 1.7313E-10 1.7700E-10 1.8091E-10 1.8486E-10 1.8886E-10 1.9289E-10 1.9697E-10 2.0108E-10 2.0522E-10 2.0941E-10 2.1362E-10 2.1787E-10 2.2214E-10 2.2645E-10 2.3078E-10 2.3514E-10 2.3953E-10 2.4393E-10 2.4836E-10 2.5280E-10 2.5727E-10 2.6174E-10 2.6623E-10 2.7073E-10 2.7524E-10 2.7976E-10 2.8428E-10 2.8881E-10 2.9333E-10 2.9785E-10 3.0237E-10 3.0688E-10 3.1138E-10 3.1588E-10 3.2035E-10 3.2482E-10 3.2926E-10 3.3368E-10 3.3808E-10 3.4245E-10 3.4680E-10 3.5111E-10 3.5539E-10 3.5963E-10 3.6384E-10 3.6800E-10 3.7212E-10 3.7620E-10 3.8022E-10 3.8420E-10
1.4995E-10 1.5357E-10 1.5723E-10 1.6094E-10 1.6470E-10 1.6850E-10 1.7235E-10 1.7625E-10 1.8019E-10 1.8418E-10 1.8820E-10 1.9227E-10 1.9638E-10 2.0053E-10 2.0472E-10 2.0894E-10 2.1320E-10 2.1749E-10 2.2182E-10 2.2617E-10 2.3056E-10 2.3497E-10 2.3941E-10 2.4388E-10 2.4836E-10 2.5287E-10 2.5740E-10 2.6195E-10 2.6651E-10 2.7108E-10 2.7566E-10 2.8026E-10 2.8486E-10 2.8946E-10 2.9407E-10 2.9868E-10 3.0329E-10 3.0789E-10 3.1248E-10 3.1707E-10 3.2165E-10 3.2621E-10 3.3075E-10 3.3528E-10 3.3978E-10 3.4426E-10 3.4872E-10 3.5315E-10 3.5754E-10 3.6190E-10 3.6622E-10 3.7051E-10 3.7475E-10 3.7895E-10 3.8310E-10 3.8720E-10 3.9125E-10
1.5262E-10 1.5629E-10 1.6002E-10 1.6380E-10 1.6763E-10 1.7150E-10 1.7542E-10 1.7939E-10 1.8340E-10 1.8746E-10 1.9156E-10 1.9570E-10 1.9989E-10 2.0411E-10 2.0837E-10 2.1267E-10 2.1701E-10 2.2138E-10 2.2579E-10 2.3022E-10 2.3469E-10 2.3918E-10 2.4370E-10 2.4825E-10 2.5282E-10 2.5741E-10 2.6202E-10 2.6665E-10 2.7129E-10 2.7595E-10 2.8062E-10 2.8530E-10 2.8998E-10 2.9467E-10 2.9937E-10 3.0406E-10 3.0875E-10 3.1344E-10 3.1812E-10 3.2279E-10 3.2745E-10 3.3209E-10 3.3672E-10 3.4133E-10 3.4592E-10 3.5048E-10 3.5502E-10 3.5953E-10 3.6400E-10 3.6844E-10 3.7285E-10 3.7721E-10 3.8153E-10 3.8580E-10 3.9003E-10 3.9421E-10 3.9833E-10
1.5529E-10 1.5903E-10 1.6283E-10 1.6667E-10 1.7057E-10 1.7451E-10 1.7850E-10 1.8254E-10 1.8663E-10 1.9076E-10 1.9493E-10 1.9915E-10 2.0341E-10 2.0771E-10 2.1205E-10 2.1643E-10 2.2084E-10 2.2529E-10 2.2977E-10 2.3429E-10 2.3884E-10 2.4341E-10 2.4802E-10 2.5264E-10 2.5730E-10 2.6197E-10 2.6666E-10 2.7138E-10 2.7610E-10 2.8085E-10 2.8560E-10 2.9036E-10 2.9513E-10 2.9991E-10 3.0469E-10 3.0946E-10 3.1424E-10 3.1901E-10 3.2378E-10 3.2853E-10 3.3328E-10 3.3801E-10 3.4272E-10 3.4741E-10 3.5209E-10 3.5673E-10 3.6135E-10 3.6594E-10 3.7050E-10 3.7502E-10 3.7950E-10 3.8395E-10 3.8835E-10 3.9270E-10 3.9700E-10 4.0126E-10 4.0546E-10
1.5798E-10 1.6179E-10 1.6565E-10 1.6956E-10 1.7352E-10 1.7754E-10 1.8160E-10 1.8571E-10 1.8987E-10 1.9407E-10 1.9832E-10 2.0261E-10 2.0695E-10 2.1132E-10 2.1574E-10 2.2019E-10 2.2469E-10 2.2922E-10 2.3378E-10 2.3838E-10 2.4300E-10 2.4766E-10 2.5235E-10 2.5706E-10 2.6179E-10 2.6655E-10 2.7133E-10 2.7612E-10 2.8094E-10 2.8576E-10 2.9060E-10 2.9545E-10 3.0031E-10 3.0517E-10 3.1003E-10 3.1489E-10 3.1976E-10 3.2461E-10 3.2946E-10 3.3431E-10 3.3914E-10 3.4395E-10 3.4875E-10 3.5353E-10 3.5828E-10 3.6301E-10 3.6772E-10 3.7239E-10 3.7703E-10 3.8163E-10 3.8619E-10 3.9072E-10 3.9520E-10 3.9963E-10 4.0401E-10 4.0834E-10 4.1261E-10
1.6067E-10 1.6455E-10 1.6848E-10 1.7246E-10 1.7649E-10 1.8057E-10 1.8471E-10 1.8889E-10 1.9312E-10 1.9740E-10 2.0172E-10 2.0609E-10 2.1050E-10 2.1495E-10 2.1944E-10 2.2398E-10 2.2855E-10 2.3316E-10 2.3780E-10 2.4248E-10 2.4719E-10 2.5193E-10 2.5670E-10 2.6149E-10 2.6631E-10 2.7115E-10 2.7601E-10 2.8089E-10 2.8579E-10 2.9070E-10 2.9563E-10 3.0056E-10 3.0550E-10 3.1045E-10 3.1540E-10 3.2035E-10 3.2529E-10 3.3024E-10 3.3518E-10 3.4010E-10 3.4502E-10 3.4992E-10 3.5480E-10 3.5966E-10 3.6450E-10 3.6932E-10 3.7410E-10 3.7886E-10 3.8358E-10 3.8827E-10 3.9291E-10 3.9752E-10 4.0207E-10 4.0658E-10 4.1104E-10 4.1545E-10 4.1980E-10
1.6337E-10 1.6732E-10 1.7131E-10 1.7536E-10 1.7947E-10 1.8362E-10 1.8782E-10 1.9208E-10 1.9638E-10 2.0073E-10 2.0513E-10 2.0957E-10 2.1406E-10 2.1859E-10 2.2316E-10 2.2777E-10 2.3243E-10 2.3711E-10 2.4184E-10 2.4660E-10 2.5139E-10 2.5621E-10 2.6106E-10 2.6594E-10 2.7084E-10 2.7576E-10 2.8071E-10 2.8568E-10 2.9066E-10 2.9566E-10 3.0067E-10 3.0569E-10 3.1071E-10 3.1575E-10 3.2078E-10 3.2582E-10 3.3085E-10 3.3588E-10 3.4091E-10 3.4592E-10 3.5092E-10 3.5591E-10 3.6088E-10 3.6583E-10 3.7075E-10 3.7565E-10 3.8052E-10 3.8536E-10 3.9016E-10 3.9493E-10 3.9966E-10 4.0434E-10 4.0898E-10 4.1357E-10 4.1811E-10 4.2259E-10 4.2702E-10
1.6609E-10 1.7010E-10 1.7416E-10 1.7828E-10 1.8245E-10 1.8668E-10 1.9095E-10 1.9528E-10 1.9965E-10 2.0408E-10 2.0855E-10 2.1307E-10 2.1763E-10 2.2224E-10 2.2689E-10 2.3158E-10 2.3631E-10 2.4108E-10 2.4589E-10 2.5073E-10 2.5560E-10 2.6050E-10 2.6544E-10 2.7040E-10 2.7539E-10 2.8040E-10 2.8543E-10 2.9048E-10 2.9555E-10 3.0063E-10 3.0573E-10 3.1083E-10 3.1595E-10 3.2107E-10 3.2619E-10 3.3131E-10 3.3643E-10 3.4155E-10 3.4666E-10 3.5176E-10 3.5685E-10 3.6192E-10 3.6697E-10 3.7201E-10 3.7702E-10 3.8200E-10 3.8696E-10 3.9188E-10 3.9677E-10 4.0162E-10 4.0643E-10 4.1119E-10 4.1591E-10 4.2058E-10 4.2520E-10 4.2976E-10 4.3426E-10
1.6880E-10 1.7288E-10 1.7701E-10 1.8120E-10 1.8544E-10 1.8974E-10 1.9409E-10 1.9849E-10 2.0294E-10 2.0743E-10 2.1198E-10 2.1658E-10 2.2122E-10 2.2590E-10 2.3063E-10 2.3540E-10 2.4021E-10 2.4506E-10 2.4995E-10 2.5487E-10 2.5982E-10 2.6481E-10 2.6983E-10 2.7487E-10 2.7994E-10 2.8504E-10 2.9016E-10 2.9529E-10 3.0045E-10 3.0562E-10 3.1080E-10 3.1599E-10 3.2119E-10 3.2640E-10 3.3161E-10 3.3682E-10 3.4203E-10 3.4723E-10 3.5243E-10 3.5762E-10 3.6279E-10 3.6795E-10 3.7309E-10 3.7821E-10 3.8330E-10 3.8837E-10 3.9341E-10 3.9842E-10 4.0339E-10 4.0832E-10 4.1321E-10 4.1806E-10 4.2286E-10 4.2761E-10 4.3231E-10 4.3695E-10 4.4153E-10
1.7153E-10 1.7567E-10 1.7987E-10 1.8413E-10 1.8844E-10 1.9281E-10 1.9723E-10 2.0170E-10 2.0622E-10 2.1080E-10 2.1542E-10 2.2009E-10 2.2481E-10 2.2957E-10 2.3438E-10 2.3923E-10 2.4412E-10 2.4905E-10 2.5402E-10 2.5902E-10 2.6406E-10 2.6913E-10 2.7423E-10 2.7936E-10 2.8451E-10 2.8969E-10 2.9490E-10 3.0012E-10 3.0536E-10 3.1061E-10 3.1588E-10 3.2116E-10 3.2645E-10 3.3175E-10 3.3704E-10 3.4234E-10 3.4764E-10 3.5293E-10 3.5821E-10 3.6349E-10 3.6875E-10 3.7399E-10 3.7922E-10 3.8443E-10 3.8961E-10 3.9476E-10 3.9989E-10 4.0498E-10 4.1003E-10 4.1505E-10 4.2002E-10 4.2495E-10 4.2983E-10 4.3466E-10 4.3944E-10 4.4415E-10 4.4881E-10
1.7426E-10 1.7847E-10 1.8274E-10 1.8706E-10 1.9145E-10 1.9588E-10 2.0037E-10 2.0492E-10 2.0952E-10 2.1417E-10 2.1886E-10 2.2361E-10 2.2841E-10 2.3325E-10 2.3813E-10 2.4306E-10 2.4803E-10 2.5304E-10 2.5809E-10 2.6318E-10 2.6830E-10 2.7345E-10 2.7864E-10 2.8385E-10 2.8909E-10 2.9436E-10 2.9964E-10 3.0495E-10 3.1028E-10 3.1562E-10 3.2098E-10 3.2635E-10 3.3172E-10 3.3710E-10 3.4249E-10 3.4787E-10 3.5326E-10 3.5864E-10 3.6401E-10 3.6937E-10 3.7472E-10 3.8005E-10 3.8536E-10 3.9066E-10 3.9592E-10 4.0116E-10 4.0637E-10 4.1155E-10 4.1669E-10 4.2179E-10 4.2684E-10 4.3185E-10 4.3682E-10 4.4173E-10 4.4658E-10 4.5138E-10 4.5612E-10
1.7699E-10 1.8127E-10 1.8560E-10 1.9000E-10 1.9445E-10 1.9896E-10 2.0353E-10 2.0814E-10 2.1282E-10 2.1754E-10 2.2231E-10 2.2714E-10 2.3201E-10 2.3693E-10 2.4189E-10 2.4690E-10 2.5195E-10 2.5704E-10 2.6218E-10 2.6734E-10 2.7255E-10 2.7778E-10 2.8305E-10 2.8835E-10 2.9368E-10 2.9903E-10 3.0440E-10 3.0980E-10 3.1521E-10 3.2064E-10 3.2608E-10 3.3154E-10 3.3700E-10 3.4247E-10 3.4794E-10 3.5342E-10 3.5889E-10 3.6435E-10 3.6981E-10 3.7526E-10 3.8070E-10 3.8612E-10 3.9152E-10 3.9690E-10 4.0225E-10 4.0758E-10 4.1287E-10 4.1813E-10 4.2335E-10 4.2854E-10 4.3368E-10 4.3877E-10 4.4381E-10 4.4880E-10 4.5374E-10 4.5862E-10 4.6343E-10
1.7972E-10 1.8407E-10 1.8847E-10 1.9294E-10 1.9746E-10 2.0204E-10 2.0668E-10 2.1137E-10 2.1612E-10 2.2091E-10 2.2576E-10 2.3066E-10 2.3561E-10 2.4061E-10 2.4566E-10 2.5074E-10 2.5588E-10 2.6105E-10 2.6626E-10 2.7151E-10 2.7680E-10 2.8212E-10 2.8747E-10 2.9286E-10 2.9827E-10 3.0370E-10 3.0916E-10 3.1464E-10 3.2014E-10 3.2566E-10 3.3119E-10 3.3673E-10 3.4228E-10 3.4784E-10 3.5340E-10 3.5896E-10 3.6452E-10 3.7008E-10 3.7563E-10 3.8116E-10 3.8669E-10 3.9219E-10 3.9768E-10 4.0315E-10 4.0859E-10 4.1400E-10 4.1938E-10 4.2472E-10 4.3003E-10 4.3530E-10 4.4052E-10 4.4570E-10 4.5082E-10 4.5589E-10 4.6091E-10 4.6586E-10 4.7076E-10
1.8245E-10 1.8687E-10 1.9134E-10 1.9588E-10 2.0047E-10 2.0512E-10 2.0983E-10 2.1460E-10 2.1942E-10 2.2429E-10 2.2922E-10 2.3419E-10 2.3922E-10 2.4430E-10 2.4942E-10 2.5459E-10 2.5980E-10 2.6506E-10 2.7035E-10 2.7568E-10 2.8105E-10 2.8646E-10 2.9189E-10 2.9736E-10 3.0286E-10 3.0838E-10 3.1393E-10 3.1950E-10 3.2508E-10 3.3069E-10 3.3630E-10 3.4193E-10 3.4757E-10 3.5322E-10 3.5887E-10 3.6452E-10 3.7016E-10 3.7581E-10 3.8144E-10 3.8707E-10 3.9268E-10 3.9827E-10 4.0385E-10 4.0940E-10 4.1493E-10 4.2042E-10 4.2589E-10 4.3132E-10 4.3671E-10 4.4206E-10 4.4737E-10 4.5263E-10 4.5783E-10 4.6299E-10 4.6808E-10 4.7312E-10 4.7809E-10
1.8519E-10 1.8967E-10 1.9421E-10 1.9882E-10 2.0348E-10 2.0821E-10 2.1299E-10 2.1782E-10 2.2272E-10 2.2767E-10 2.3267E-10 2.3772E-10 2.4283E-10 2.4798E-10 2.5318E-10 2.5843E-10 2.6373E-10 2.6906E-10 2.7444E-10 2.7985E-10 2.8531E-10 2.9080E-10 2.9632E-10 3.0187E-10 3.0745E-10 3.1306E-10 3.1869E-10 3.2435E-10 3.3002E-10 3.3571E-10 3.4142E-10 3.4714E-10 3.5286E-10 3.5860E-10 3.6433E-10 3.7007E-10 3.7581E-10 3.8154E-10 3.8726E-10 3.9297E-10 3.9867E-10 4.0436E-10 4.1002E-10 4.1566E-10 4.2127E-10 4.2685E-10 4.3241E-10 4.3792E-10 4.4340E-10 4.4883E-10 4.5422E-10 4.5956E-10 4.6485E-10 4.7009E-10 4.7526E-10 4.8037E-10 4.8542E-10
1.8792E-10 1.9247E-10 1.9708E-10 2.0175E-10 2.0649E-10 2.1128E-10 2.1614E-10 2.2105E-10 2.2602E-10 2.3104E-10 2.3612E-10 2.4125E-10 2.4643E-10 2.5167E-10 2.5695E-10 2.6228E-10 2.6765E-10 2.7307E-10 2.7852E-10 2.8402E-10 2.8956E-10 2.9513E-10 3.0074E-10 3.0638E-10 3.1204E-10 3.1774E-10 3.2346E-10 3.2920E-10 3.3496E-10 3.4074E-10 3.4653E-10 3.5234E-10 3.5815E-10 3.6397E-10 3.6980E-10 3.7562E-10 3.8145E-10 3.8727E-10 3.9308E-10 3.9888E-10 4.0467E-10 4.1044E-10 4.1619E-10 4.2191E-10 4.2761E-10 4.3328E-10 4.3892E-10 4.4452E-10 4.5008E-10 4.5560E-10 4.6107E-10 4.6650E-10 4.7187E-10 4.7718E-10 4.8244E-10 4.8763E-10 4.9276E-10
1.9065E-10 1.9526E-10 1.9995E-10 2.0469E-10 2.0949E-10 2.1436E-10 2.1929E-10 2.2427E-10 2.2931E-10 2.3441E-10 2.3957E-10 2.4477E-10 2.5003E-10 2.5535E-10 2.6071E-10 2.6611E-10 2.7157E-10 2.7707E-10 2.8261E-10 2.8819E-10 2.9381E-10 2.9947E-10 3.0516E-10 3.1088E-10 3.1663E-10 3.2241E-10 3.2822E-10 3.3404E-10 3.3989E-10 3.4576E-10 3.5164E-10 3.5753E-10 3.6343E-10 3.6934E-10 3.7526E-10 3.8117E-10 3.8708E-10 3.9299E-10 3.9889E-10 4.0478E-10 4.1066E-10 4.1651E-10 4.2235E-10 4.2816E-10 4.3395E-10 4.3971E-10 4.4543E-10 4.5112E-10 4.5676E-10 4.6237E-10 4.6792E-10 4.7343E-10 4.7888E-10 4.8428E-10 4.8961E-10 4.9489E-10 5.0009E-10
1.9337E-10 1.9805E-10 2.0280E-10 2.0762E-10 2.1249E-10 2.1743E-10 2.2243E-10 2.2749E-10 2.3260E-10 2.3778E-10 2.4301E-10 2.4829E-10 2.5363E-10 2.5902E-10 2.6446E-10 2.6995E-10 2.7548E-10 2.8106E-10 2.8669E-10 2.9235E-10 2.9805E-10 3.0379E-10 3.0957E-10 3.1537E-10 3.2121E-10 3.2708E-10 3.3297E-10 3.3888E-10 3.4482E-10 3.5077E-10 3.5674E-10 3.6272E-10 3.6871E-10 3.7471E-10 3.8071E-10 3.8671E-10 3.9272E-10 3.9871E-10 4.0470E-10 4.1068E-10 4.1664E-10 4.2258E-10 4.2851E-10 4.3441E-10 4.4028E-10 4.4613E-10 4.5193E-10 4.5771E-10 4.6344E-10 4.6912E-10 4.7476E-10 4.8035E-10 4.8589E-10 4.9136E-10 4.9678E-10 5.0213E-10 5.0742E-10
1.9609E-10 2.0084E-10 2.0566E-10 2.1054E-10 2.1549E-10 2.2050E-10 2.2557E-10 2.3070E-10 2.3589E-10 2.4114E-10 2.4644E-10 2.5180E-10 2.5722E-10 2.6269E-10 2.6821E-10 2.7377E-10 2.7939E-10 2.8505E-10 2.9075E-10 2.9650E-10 3.0229E-10 3.0811E-10 3.1397E-10 3.1986E-10 3.2579E-10 3.3174E-10 3.3771E-10 3.4372E-10 3.4974E-10 3.5578E-10 3.6183E-10 3.6790E-10 3.7398E-10 3.8007E-10 3.8616E-10 3.9225E-10 3.9834E-10 4.0442E-10 4.1050E-10 4.1656E-10 4.2261E-10 4.2865E-10 4.3466E-10 4.4064E-10 4.4660E-10 4.5253E-10 4.5843E-10 4.6429E-10 4.7010E-10 4.7587E-10 4.8160E-10 4.8727E-10 4.9288E-10 4.9844E-10 5.0394E-10 5.0937E-10 5.1473E-10
1.9880E-10 2.0362E-10 2.0850E-10 2.1346E-10 2.1847E-10 2.2355E-10 2.2869E-10 2.3390E-10 2.3916E-10 2.4449E-10 2.4987E-10 2.5531E-10 2.6080E-10 2.6635E-10 2.7194E-10 2.7759E-10 2.8329E-10 2.8903E-10 2.9481E-10 3.0064E-10 3.0651E-10 3.1242E-10 3.1836E-10 3.2434E-10 3.3035E-10 3.3639E-10 3.4245E-10 3.4854E-10 3.5465E-10 3.6077E-10 3.6692E-10 3.7307E-10 3.7924E-10 3.8541E-10 3.9159E-10 3.9777E-10 4.0395E-10 4.1012E-10 4.1628E-10 4.2244E-10 4.2857E-10 4.3469E-10 4.4079E-10 4.4687E-10 4.5291E-10 4.5893E-10 4.6491E-10 4.7085E-10 4.7675E-10 4.8261E-10 4.8841E-10 4.9417E-10 4.9987E-10 5.0550E-10 5.1108E-10 5.1659E-10 5.2203E-10
2.0150E-10 2.0638E-10 2.1134E-10 2.1636E-10 2.2145E-10 2.2660E-10 2.3181E-10 2.3709E-10 2.4243E-10 2.4783E-10 2.5328E-10 2.5880E-10 2.6437E-10 2.6999E-10 2.7567E-10 2.8140E-10 2.8717E-10 2.9299E-10 2.9886E-10 3.0477E-10 3.1072E-10 3.1672E-10 3.2274E-10 3.2880E-10 3.3490E-10 3.4102E-10 3.4717E-10 3.5334E-10 3.5954E-10 3.6575E-10 3.7198E-10 3.7823E-10 3.8448E-10 3.9074E-10 3.9701E-10 4.0328E-10 4.0954E-10 4.1580E-10 4.2205E-10 4.2829E-10 4.3452E-10 4.4073E-10 4.4691E-10 4.5307E-10 4.5921E-10 4.6531E-10 4.7137E-10 4.7740E-10 4.8339E-10 4.8932E-10 4.9521E-10 5.0105E-10 5.0683E-10 5.1255E-10 5.1821E-10 5.2380E-10 5.2932E-10
2.0419E-10 2.0914E-10 2.1417E-10 2.1926E-10 2.2441E-10 2.2963E-10 2.3492E-10 2.4027E-10 2.4568E-10 2.5116E-10 2.5669E-10 2.6228E-10 2.6792E-10 2.7363E-10 2.7938E-10 2.8519E-10 2.9104E-10 2.9695E-10 3.0290E-10 3.0889E-10 3.1492E-10 3.2100E-10 3.2711E-10 3.3325E-10 3.3943E-10 3.4564E-10 3.5188E-10 3.5814E-10 3.6442E-10 3.7072E-10 3.7704E-10 3.8337E-10 3.8971E-10 3.9606E-10 4.0241E-10 4.0876E-10 4.1512E-10 4.2147E-10 4.2780E-10 4.3413E-10 4.4045E-10 4.4674E-10 4.5301E-10 4.5926E-10 4.6548E-10 4.7167E-10 4.7782E-10 4.8393E-10 4.9000E-10 4.9602E-10 5.0199E-10 5.0791E-10 5.1378E-10 5.1958E-10 5.2531E-10 5.3098E-10 5.3658E-10
2.0687E-10 2.1189E-10 2.1698E-10 2.2214E-10 2.2736E-10 2.3266E-10 2.3802E-10 2.4344E-10 2.4892E-10 2.5447E-10 2.6008E-10 2.6574E-10 2.7147E-10 2.7725E-10 2.8308E-10 2.8896E-10 2.9490E-10 3.0088E-10 3.0691E-10 3.1299E-10 3.1911E-10 3.2526E-10 3.3146E-10 3.3769E-10 3.4395E-10 3.5024E-10 3.5656E-10 3.6291E-10 3.6928E-10 3.7566E-10 3.8207E-10 3.8849E-10 3.9491E-10 4.0135E-10 4.0779E-10 4.1423E-10 4.2067E-10 4.2711E-10 4.3354E-10 4.3995E-10 4.4635E-10 4.5273E-10 4.5909E-10 4.6543E-10 4.7173E-10 4.7800E-10 4.8424E-10 4.9044E-10 4.9659E-10 5.0270E-10 5.0875E-10 5.1475E-10 5.2070E-10 5.2658E-10 5.3239E-10 5.3814E-10 5.4381E-10
