Assets/Resources/2015_m01_d09_0200(utc+0800)_l00_csi_1hr_conc.grd
DSAA
         159         159
     -79.000      79.000
     -79.000      79.000
  0.3655E-09  0.5020E-04
[rows 0 to 24 of 159, columns 0 to 56 of 159]
5.0908E-10 5.2095E-10 5.3314E-10 5.4539E-10 5.5782E-10 5.7044E-10 5.8323E-10 5.9635E-10 6.0951E-10 6.2299E-10 6.3651E-10 6.5034E-10 6.6422E-10 6.7840E-10 6.9262E-10 7.0700E-10 7.2155E-10 7.3626E-10 7.5112E-10 7.6614E-10 7.8132E-10 7.9664E-10 8.1211E-10 8.2771E-10 8.4346E-10 8.5934E-10 8.7552E-10 8.9166E-10 9.0809E-10 9.2448E-10 9.4114E-10 9.5775E-10 9.7463E-10 9.9144E-10 1.0083E-09 1.0253E-09 1.0424E-09 1.0595E-09 1.0767E-09 1.0940E-09 1.1113E-09 1.1287E-09 1.1460E-09 1.1639E-09 1.1813E-09 1.1992E-09 1.2167E-09 1.2342E-09 1.2521E-09 1.2696E-09 1.2875E-09 1.3050E-09 1.3224E-09 1.3398E-09 1.3572E-09 1.3745E-09 1.3921E-09
5.1525E-10 5.2729E-10 5.3965E-10 5.5207E-10 5.6467E-10 5.7746E-10 5.9058E-10 6.0374E-10 6.1723E-10 6.3076E-10 6.4461E-10 6.5850E-10 6.7271E-10 6.8696E-10 7.0138E-10 7.1597E-10 7.3072E-10 7.4564E-10 7.6072E-10 7.7596E-10 7.9135E-10 8.0690E-10 8.2259E-10 8.3842E-10 8.5439E-10 8.7068E-10 8.8693E-10 9.0348E-10 9.1998E-10 9.3678E-10 9.5352E-10 9.7054E-10 9.8751E-10 1.0046E-09 1.0217E-09 1.0390E-09 1.0563E-09 1.0737E-09 1.0911E-09 1.1086E-09 1.1262E-09 1.1438E-09 1.1619E-09 1.1796E-09 1.1977E-09 1.2155E-09 1.2332E-09 1.2514E-09 1.2692E-09 1.2874E-09 1.3051E-09 1.3229E-09 1.3406E-09 1.3583E-09 1.3759E-09 1.3939E-09 1.4114E-09
5.2142E-10 5.3376E-10 5.4615E-10 5.5874E-10 5.7152E-10 5.8463E-10 5.9779E-10 6.1127E-10 6.2481E-10 6.3867E-10 6.5257E-10 6.6680E-10 6.8107E-10 6.9552E-10 7.1014E-10 7.2494E-10 7.3990E-10 7.5503E-10 7.7033E-10 7.8578E-10 8.0139E-10 8.1716E-10 8.3307E-10 8.4913E-10 8.6551E-10 8.8186E-10 8.9851E-10 9.1514E-10 9.3205E-10 9.4893E-10 9.6608E-10 9.8319E-10 1.0004E-09 1.0177E-09 1.0351E-09 1.0526E-09 1.0702E-09 1.0878E-09 1.1055E-09 1.1233E-09 1.1411E-09 1.1594E-09 1.1773E-09 1.1957E-09 1.2137E-09 1.2321E-09 1.2502E-09 1.2683E-09 1.2867E-09 1.3048E-09 1.3228E-09 1.3408E-09 1.3588E-09 1.3768E-09 1.3951E-09 1.4129E-09 1.4311E-09
5.2771E-10 5.4008E-10 5.5265E-10 5.6541E-10 5.7850E-10 5.9165E-10 6.0513E-10 6.1866E-10 6.3252E-10 6.4643E-10 6.6067E-10 6.7496E-10 6.8943E-10 7.0408E-10 7.1890E-10 7.3390E-10 7.4908E-10 7.6442E-10 7.7993E-10 7.9560E-10 8.1143E-10 8.2742E-10 8.4356E-10 8.6002E-10 8.7646E-10 8.9321E-10 9.0994E-10 9.2697E-10 9.4396E-10 9.6108E-10 9.7849E-10 9.9584E-10 1.0133E-09 1.0309E-09 1.0485E-09 1.0663E-09 1.0841E-09 1.1020E-09 1.1200E-09 1.1380E-09 1.1565E-09 1.1746E-09 1.1932E-09 1.2115E-09 1.2301E-09 1.2485E-09 1.2668E-09 1.2855E-09 1.3039E-09 1.3222E-09 1.3405E-09 1.3588E-09 1.3771E-09 1.3957E-09 1.4139E-09 1.4324E-09 1.4505E-09
5.3386E-10 5.4640E-10 5.5914E-10 5.7221E-10 5.8534E-10 5.9880E-10 6.1232E-10 6.2618E-10 6.4009E-10 6.5419E-10 6.6863E-10 6.8311E-10 6.9778E-10 7.1263E-10 7.2766E-10 7.4286E-10 7.5824E-10 7.7380E-10 7.8952E-10 8.0541E-10 8.2146E-10 8.3767E-10 8.5421E-10 8.7073E-10 8.8758E-10 9.0440E-10 9.2153E-10 9.3864E-10 9.5587E-10 9.7341E-10 9.9090E-10 1.0085E-09 1.0262E-09 1.0440E-09 1.0619E-09 1.0799E-09 1.0980E-09 1.1162E-09 1.1348E-09 1.1531E-09 1.1715E-09 1.1903E-09 1.2088E-09 1.2277E-09 1.2462E-09 1.2648E-09 1.2838E-09 1.3024E-09 1.3210E-09 1.3397E-09 1.3583E-09 1.3772E-09 1.3958E-09 1.4143E-09 1.4332E-09 1.4516E-09 1.4703E-09
5.4001E-10 5.5271E-10 5.6561E-10 5.7885E-10 5.9216E-10 6.0580E-10 6.1951E-10 6.3355E-10 6.4765E-10 6.6208E-10 6.7657E-10 6.9125E-10 7.0611E-10 7.2117E-10 7.3640E-10 7.5181E-10 7.6740E-10 7.8317E-10 7.9911E-10 8.1522E-10 8.3149E-10 8.4809E-10 8.6469E-10 8.8161E-10 8.9853E-10 9.1575E-10 9.3296E-10 9.5030E-10 9.6796E-10 9.8557E-10 1.0033E-09 1.0212E-09 1.0391E-09 1.0572E-09 1.0753E-09 1.0936E-09 1.1119E-09 1.1307E-09 1.1492E-09 1.1678E-09 1.1868E-09 1.2055E-09 1.2247E-09 1.2435E-09 1.2623E-09 1.2816E-09 1.3005E-09 1.3194E-09 1.3382E-09 1.3571E-09 1.3764E-09 1.3953E-09 1.4141E-09 1.4333E-09 1.4520E-09 1.4711E-09 1.4898E-09
5.4613E-10 5.5900E-10 5.7221E-10 5.8549E-10 5.9911E-10 6.1279E-10 6.2682E-10 6.4091E-10 6.5533E-10 6.6982E-10 6.8450E-10 6.9937E-10 7.1444E-10 7.2969E-10 7.4513E-10 7.6075E-10 7.7655E-10 7.9253E-10 8.0868E-10 8.2501E-10 8.4167E-10 8.5833E-10 8.7533E-10 8.9232E-10 9.0946E-10 9.2693E-10 9.4438E-10 9.6213E-10 9.7986E-10 9.9772E-10 1.0157E-09 1.0338E-09 1.0520E-09 1.0703E-09 1.0887E-09 1.1072E-09 1.1262E-09 1.1449E-09 1.1637E-09 1.1829E-09 1.2018E-09 1.2212E-09 1.2402E-09 1.2597E-09 1.2788E-09 1.2979E-09 1.3171E-09 1.3363E-09 1.3554E-09 1.3750E-09 1.3942E-09 1.4137E-09 1.4329E-09 1.4519E-09 1.4714E-09 1.4903E-09 1.5092E-09
5.5224E-10 5.6541E-10 5.7866E-10 5.9224E-10 6.0590E-10 6.1990E-10 6.3397E-10 6.4838E-10 6.6286E-10 6.7754E-10 6.9241E-10 7.0748E-10 7.2274E-10 7.3819E-10 7.5384E-10 7.6966E-10 7.8568E-10 8.0187E-10 8.1824E-10 8.3495E-10 8.5167E-10 8.6856E-10 8.8579E-10 9.0301E-10 9.2056E-10 9.3809E-10 9.5595E-10 9.7378E-10 9.9175E-10 1.0098E-09 1.0281E-09 1.0464E-09 1.0649E-09 1.0835E-09 1.1021E-09 1.1213E-09 1.1401E-09 1.1591E-09 1.1785E-09 1.1976E-09 1.2172E-09 1.2365E-09 1.2561E-09 1.2755E-09 1.2949E-09 1.3143E-09 1.3338E-09 1.3532E-09 1.3731E-09 1.3925E-09 1.4124E-09 1.4318E-09 1.4512E-09 1.4710E-09 1.4903E-09 1.5100E-09 1.5292E-09
5.5833E-10 5.7167E-10 5.8522E-10 5.9884E-10 6.1281E-10 6.2686E-10 6.4124E-10 6.5571E-10 6.7037E-10 6.8524E-10 7.0030E-10 7.1556E-10 7.3102E-10 7.4668E-10 7.6252E-10 7.7856E-10 7.9478E-10 8.1118E-10 8.2777E-10 8.4470E-10 8.6165E-10 8.7894E-10 8.9622E-10 9.1385E-10 9.3146E-10 9.4941E-10 9.6734E-10 9.8541E-10 1.0036E-09 1.0220E-09 1.0404E-09 1.0590E-09 1.0777E-09 1.0966E-09 1.1155E-09 1.1349E-09 1.1540E-09 1.1736E-09 1.1930E-09 1.2127E-09 1.2322E-09 1.2521E-09 1.2717E-09 1.2913E-09 1.3110E-09 1.3307E-09 1.3504E-09 1.3706E-09 1.3903E-09 1.4104E-09 1.4302E-09 1.4499E-09 1.4700E-09 1.4896E-09 1.5097E-09 1.5310E-09 1.5510E-09
5.6453E-10 5.7790E-10 5.9162E-10 6.0541E-10 6.1956E-10 6.3378E-10 6.4836E-10 6.6300E-10 6.7785E-10 6.9291E-10 7.0816E-10 7.2362E-10 7.3928E-10 7.5514E-10 7.7119E-10 7.8743E-10 8.0386E-10 8.2047E-10 8.3745E-10 8.5443E-10 8.7177E-10 8.8912E-10 9.0681E-10 9.2449E-10 9.4252E-10 9.6053E-10 9.7870E-10 9.9701E-10 1.0155E-09 1.0341E-09 1.0528E-09 1.0716E-09 1.0906E-09 1.1097E-09 1.1292E-09 1.1485E-09 1.1683E-09 1.1878E-09 1.2078E-09 1.2274E-09 1.2476E-09 1.2674E-09 1.2872E-09 1.3071E-09 1.3271E-09 1.3470E-09 1.3675E-09 1.3875E-09 1.4079E-09 1.4279E-09 1.4484E-09 1.4684E-09 1.4884E-09 1.5105E-09 1.5309E-09 1.5509E-09 1.5730E-09
5.7057E-10 5.8424E-10 5.9799E-10 6.1210E-10 6.2629E-10 6.4083E-10 6.5544E-10 6.7027E-10 6.8530E-10 7.0055E-10 7.1600E-10 7.3165E-10 7.4751E-10 7.6356E-10 7.7982E-10 7.9626E-10 8.1290E-10 8.2990E-10 8.4693E-10 8.6431E-10 8.8170E-10 8.9944E-10 9.1719E-10 9.3528E-10 9.5337E-10 9.7162E-10 9.9003E-10 1.0086E-09 1.0273E-09 1.0461E-09 1.0651E-09 1.0842E-09 1.1034E-09 1.1231E-09 1.1426E-09 1.1625E-09 1.1822E-09 1.2023E-09 1.2222E-09 1.2425E-09 1.2625E-09 1.2826E-09 1.3027E-09 1.3229E-09 1.3431E-09 1.3638E-09 1.3841E-09 1.4048E-09 1.4251E-09 1.4459E-09 1.4662E-09 1.4882E-09 1.5094E-09 1.5298E-09 1.5518E-09 1.5726E-09 1.5938E-09
5.7672E-10 5.9042E-10 6.0448E-10 6.1862E-10 6.3312E-10 6.4770E-10 6.6250E-10 6.7750E-10 6.9273E-10 7.0816E-10 7.2380E-10 7.3965E-10 7.5570E-10 7.7196E-10 7.8841E-10 8.0507E-10 8.2209E-10 8.3914E-10 8.5654E-10 8.7398E-10 8.9176E-10 9.0957E-10 9.2771E-10 9.4587E-10 9.6419E-10 9.8268E-10 1.0013E-09 1.0201E-09 1.0390E-09 1.0581E-09 1.0773E-09 1.0967E-09 1.1165E-09 1.1361E-09 1.1562E-09 1.1761E-09 1.1964E-09 1.2164E-09 1.2369E-09 1.2572E-09 1.2775E-09 1.2978E-09 1.3182E-09 1.3387E-09 1.3596E-09 1.3801E-09 1.4011E-09 1.4217E-09 1.4427E-09 1.4633E-09 1.4857E-09 1.5073E-09 1.5280E-09 1.5509E-09 1.5720E-09 1.5936E-09 1.6165E-09
5.8271E-10 5.9657E-10 6.1080E-10 6.2511E-10 6.3978E-10 6.5454E-10 6.6951E-10 6.8470E-10 7.0011E-10 7.1573E-10 7.3156E-10 7.4760E-10 7.6385E-10 7.8031E-10 7.9697E-10 8.1383E-10 8.3107E-10 8.4833E-10 8.6596E-10 8.8361E-10 9.0162E-10 9.1965E-10 9.3803E-10 9.5642E-10 9.7497E-10 9.9369E-10 1.0126E-09 1.0316E-09 1.0508E-09 1.0701E-09 1.0896E-09 1.1095E-09 1.1293E-09 1.1495E-09 1.1695E-09 1.1900E-09 1.2102E-09 1.2309E-09 1.2513E-09 1.2718E-09 1.2923E-09 1.3130E-09 1.3336E-09 1.3548E-09 1.3756E-09 1.3968E-09 1.4177E-09 1.4390E-09 1.4617E-09 1.4831E-09 1.5045E-09 1.5277E-09 1.5493E-09 1.5703E-09 1.5945E-09 1.6160E-09 1.6380E-09
5.8865E-10 6.0282E-10 6.1708E-10 6.3170E-10 6.4641E-10 6.6134E-10 6.7649E-10 6.9187E-10 7.0746E-10 7.2326E-10 7.3929E-10 7.5552E-10 7.7197E-10 7.8862E-10 8.0549E-10 8.2273E-10 8.4000E-10 8.5765E-10 8.7533E-10 8.9337E-10 9.1144E-10 9.2986E-10 9.4830E-10 9.6692E-10 9.8570E-10 1.0047E-09 1.0238E-09 1.0430E-09 1.0625E-09 1.0820E-09 1.1021E-09 1.1220E-09 1.1424E-09 1.1625E-09 1.1831E-09 1.2035E-09 1.2240E-09 1.2449E-09 1.2656E-09 1.2864E-09 1.3072E-09 1.3281E-09 1.3495E-09 1.3705E-09 1.3920E-09 1.4131E-09 1.4347E-09 1.4576E-09 1.4798E-09 1.5011E-09 1.5247E-09 1.5466E-09 1.5706E-09 1.5926E-09 1.6150E-09 1.6391E-09 1.6611E-09
5.9470E-10 6.0890E-10 6.2346E-10 6.3811E-10 6.5299E-10 6.6810E-10 6.8343E-10 6.9898E-10 7.1476E-10 7.3075E-10 7.4696E-10 7.6339E-10 7.8004E-10 7.9689E-10 8.1413E-10 8.3141E-10 8.4906E-10 8.6675E-10 8.8482E-10 9.0291E-10 9.2137E-10 9.3986E-10 9.5852E-10 9.7737E-10 9.9639E-10 1.0156E-09 1.0349E-09 1.0544E-09 1.0741E-09 1.0943E-09 1.1143E-09 1.1348E-09 1.1550E-09 1.1758E-09 1.1963E-09 1.2169E-09 1.2381E-09 1.2589E-09 1.2799E-09 1.3009E-09 1.3220E-09 1.3436E-09 1.3648E-09 1.3865E-09 1.4079E-09 1.4315E-09 1.4535E-09 1.4755E-09 1.4993E-09 1.5215E-09 1.5432E-09 1.5681E-09 1.5904E-09 1.6127E-09 1.6378E-09 1.6628E-09 1.6870E-09
6.0057E-10 6.1493E-10 6.2966E-10 6.4448E-10 6.5954E-10 6.7482E-10 6.9032E-10 7.0605E-10 7.2201E-10 7.3819E-10 7.5459E-10 7.7121E-10 7.8805E-10 8.0527E-10 8.2255E-10 8.4020E-10 8.5790E-10 8.7598E-10 8.9409E-10 9.1257E-10 9.3109E-10 9.4979E-10 9.6869E-10 9.8776E-10 1.0070E-09 1.0264E-09 1.0460E-09 1.0658E-09 1.0860E-09 1.1061E-09 1.1267E-09 1.1471E-09 1.1676E-09 1.1886E-09 1.2094E-09 1.2307E-09 1.2517E-09 1.2728E-09 1.2940E-09 1.3153E-09 1.3371E-09 1.3586E-09 1.3805E-09 1.4021E-09 1.4260E-09 1.4482E-09 1.4705E-09 1.4947E-09 1.5172E-09 1.5414E-09 1.5649E-09 1.5876E-09 1.6121E-09 1.6358E-09 1.6612E-09 1.6854E-09 1.7096E-09
6.0640E-10 6.2106E-10 6.3582E-10 6.5081E-10 6.6603E-10 6.8148E-10 6.9716E-10 7.1308E-10 7.2922E-10 7.4558E-10 7.6217E-10 7.7898E-10 7.9602E-10 8.1344E-10 8.3092E-10 8.4878E-10 8.6669E-10 8.8498E-10 9.0331E-10 9.2201E-10 9.4075E-10 9.5967E-10 9.7879E-10 9.9809E-10 1.0176E-09 1.0372E-09 1.0570E-09 1.0770E-09 1.0976E-09 1.1179E-09 1.1387E-09 1.1594E-09 1.1805E-09 1.2014E-09 1.2229E-09 1.2440E-09 1.2653E-09 1.2867E-09 1.3082E-09 1.3302E-09 1.3518E-09 1.3740E-09 1.3958E-09 1.4199E-09 1.4424E-09 1.4667E-09 1.4899E-09 1.5122E-09 1.5372E-09 1.5607E-09 1.5837E-09 1.6090E-09 1.6352E-09 1.6597E-09 1.6842E-09 1.7110E-09 1.7358E-09
6.1232E-10 6.2700E-10 6.4192E-10 6.5708E-10 6.7247E-10 6.8810E-10 7.0395E-10 7.2004E-10 7.3636E-10 7.5292E-10 7.6969E-10 7.8669E-10 8.0409E-10 8.2155E-10 8.3940E-10 8.5730E-10 8.7558E-10 8.9392E-10 9.1263E-10 9.3138E-10 9.5034E-10 9.6949E-10 9.8883E-10 1.0084E-09 1.0281E-09 1.0479E-09 1.0680E-09 1.0886E-09 1.1090E-09 1.1300E-09 1.1507E-09 1.1720E-09 1.1930E-09 1.2146E-09 1.2359E-09 1.2573E-09 1.2788E-09 1.3005E-09 1.3226E-09 1.3445E-09 1.3668E-09 1.3906E-09 1.4137E-09 1.4360E-09 1.4606E-09 1.4840E-09 1.5070E-09 1.5320E-09 1.5562E-09 1.5813E-09 1.6072E-09 1.6319E-09 1.6563E-09 1.6837E-09 1.7085E-09 1.7343E-09 1.7644E-09
6.1805E-10 6.3290E-10 6.4798E-10 6.6330E-10 6.7886E-10 6.9465E-10 7.1069E-10 7.2695E-10 7.4346E-10 7.6019E-10 7.7715E-10 7.9451E-10 8.1194E-10 8.2976E-10 8.4765E-10 8.6592E-10 8.8425E-10 9.0296E-10 9.2172E-10 9.4069E-10 9.5986E-10 9.7923E-10 9.9879E-10 1.0185E-09 1.0385E-09 1.0586E-09 1.0793E-09 1.0997E-09 1.1208E-09 1.1416E-09 1.1630E-09 1.1841E-09 1.2058E-09 1.2272E-09 1.2488E-09 1.2705E-09 1.2923E-09 1.3146E-09 1.3366E-09 1.3592E-09 1.3832E-09 1.4064E-09 1.4290E-09 1.4538E-09 1.4775E-09 1.5026E-09 1.5265E-09 1.5506E-09 1.5765E-09 1.6029E-09 1.6278E-09 1.6532E-09 1.6801E-09 1.7057E-09 1.7321E-09 1.7660E-09 1.7962E-09
6.2373E-10 6.3873E-10 6.5398E-10 6.6946E-10 6.8519E-10 7.0115E-10 7.1736E-10 7.3380E-10 7.5048E-10 7.6740E-10 7.8455E-10 8.0210E-10 8.1972E-10 8.3775E-10 8.5600E-10 8.7431E-10 8.9301E-10 9.1177E-10 9.3074E-10 9.4992E-10 9.6931E-10 9.8889E-10 1.0087E-09 1.0287E-09 1.0488E-09 1.0695E-09 1.0901E-09 1.1112E-09 1.1321E-09 1.1535E-09 1.1748E-09 1.1965E-09 1.2181E-09 1.2398E-09 1.2616E-09 1.2836E-09 1.3060E-09 1.3282E-09 1.3509E-09 1.3752E-09 1.3986E-09 1.4231E-09 1.4469E-09 1.4704E-09 1.4962E-09 1.5200E-09 1.5447E-09 1.5705E-09 1.5978E-09 1.6226E-09 1.6504E-09 1.6761E-09 1.7023E-09 1.7311E-09 1.7655E-09 1.7938E-09 1.8257E-09
6.2935E-10 6.4451E-10 6.5992E-10 6.7556E-10 6.9146E-10 7.0759E-10 7.2397E-10 7.4059E-10 7.5745E-10 7.7454E-10 7.9205E-10 8.0962E-10 8.2761E-10 8.4566E-10 8.6411E-10 8.8262E-10 9.0153E-10 9.2050E-10 9.3968E-10 9.5907E-10 9.7867E-10 9.9848E-10 1.0185E-09 1.0387E-09 1.0591E-09 1.0800E-09 1.1008E-09 1.1222E-09 1.1433E-09 1.1650E-09 1.1865E-09 1.2085E-09 1.2303E-09 1.2523E-09 1.2743E-09 1.2970E-09 1.3193E-09 1.3422E-09 1.3666E-09 1.3898E-09 1.4150E-09 1.4390E-09 1.4627E-09 1.4887E-09 1.5128E-09 1.5396E-09 1.5664E-09 1.5915E-09 1.6172E-09 1.6455E-09 1.6714E-09 1.6981E-09 1.7293E-09 1.7634E-09 1.7911E-09 1.8248E-09 1.8584E-09
6.3492E-10 6.5023E-10 6.6579E-10 6.8160E-10 6.9766E-10 7.1396E-10 7.3051E-10 7.4730E-10 7.6434E-10 7.8178E-10 7.9931E-10 8.1724E-10 8.3525E-10 8.5366E-10 8.7215E-10 8.9103E-10 9.0998E-10 9.2915E-10 9.4853E-10 9.6814E-10 9.8795E-10 1.0080E-09 1.0282E-09 1.0486E-09 1.0696E-09 1.0904E-09 1.1118E-09 1.1330E-09 1.1548E-09 1.1764E-09 1.1985E-09 1.2204E-09 1.2425E-09 1.2647E-09 1.2870E-09 1.3099E-09 1.3325E-09 1.3575E-09 1.3809E-09 1.4062E-09 1.4304E-09 1.4548E-09 1.4811E-09 1.5054E-09 1.5321E-09 1.5597E-09 1.5846E-09 1.6111E-09 1.6392E-09 1.6656E-09 1.6946E-09 1.7265E-09 1.7595E-09 1.7897E-09 1.8247E-09 1.8561E-09 1.8868E-09
6.4042E-10 6.5588E-10 6.7160E-10 6.8757E-10 7.0379E-10 7.2026E-10 7.3698E-10 7.5394E-10 7.7116E-10 7.8878E-10 8.0649E-10 8.2462E-10 8.4298E-10 8.6142E-10 8.8027E-10 8.9919E-10 9.1834E-10 9.3771E-10 9.5730E-10 9.7711E-10 9.9714E-10 1.0174E-09 1.0378E-09 1.0588E-09 1.0797E-09 1.1011E-09 1.1224E-09 1.1442E-09 1.1659E-09 1.1880E-09 1.2100E-09 1.2322E-09 1.2545E-09 1.2769E-09 1.2999E-09 1.3227E-09 1.3483E-09 1.3714E-09 1.3973E-09 1.4213E-09 1.4476E-09 1.4724E-09 1.4969E-09 1.5238E-09 1.5518E-09 1.5775E-09 1.6058E-09 1.6327E-09 1.6596E-09 1.6890E-09 1.7223E-09 1.7548E-09 1.7874E-09 1.8221E-09 1.8524E-09 1.8853E-09 1.9200E-09
6.4585E-10 6.6147E-10 6.7734E-10 6.9347E-10 7.0985E-10 7.2649E-10 7.4337E-10 7.6051E-10 7.7807E-10 7.9571E-10 8.1377E-10 8.3191E-10 8.5046E-10 8.6910E-10 8.8814E-10 9.0726E-10 9.2660E-10 9.4618E-10 9.6598E-10 9.8600E-10 1.0062E-09 1.0267E-09 1.0477E-09 1.0686E-09 1.0901E-09 1.1114E-09 1.1332E-09 1.1549E-09 1.1772E-09 1.1992E-09 1.2215E-09 1.2439E-09 1.2664E-09 1.2895E-09 1.3124E-09 1.3381E-09 1.3614E-09 1.3875E-09 1.4116E-09 1.4381E-09 1.4632E-09 1.4879E-09 1.5150E-09 1.5433E-09 1.5692E-09 1.5979E-09 1.6244E-09 1.6522E-09 1.6821E-09 1.7166E-09 1.7507E-09 1.7835E-09 1.8176E-09 1.8478E-09 1.8846E-09 1.9166E-09 1.9491E-09
6.5121E-10 6.6698E-10 6.8301E-10 6.9930E-10 7.1584E-10 7.3264E-10 7.4969E-10 7.6700E-10 7.8473E-10 8.0271E-10 8.2079E-10 8.3928E-10 8.5786E-10 8.7685E-10 8.9593E-10 9.1523E-10 9.3478E-10 9.5455E-10 9.7456E-10 9.9478E-10 1.0152E-09 1.0359E-09 1.0571E-09 1.0782E-09 1.0999E-09 1.1215E-09 1.1436E-09 1.1655E-09 1.1880E-09 1.2103E-09 1.2328E-09 1.2554E-09 1.2786E-09 1.3033E-09 1.3274E-09 1.3508E-09 1.3771E-09 1.4014E-09 1.4281E-09 1.4533E-09 1.4782E-09 1.5080E-09 1.5345E-09 1.5607E-09 1.5898E-09 1.6164E-09 1.6467E-09 1.6765E-09 1.7108E-09 1.7444E-09 1.7770E-09 1.8122E-09 1.8424E-09 1.8805E-09 1.9123E-09 1.9471E-09 1.9824E-09
