Assets/Resources/2015_m01_d29_0800(utc+0800)_l00_csi_1hr_conc.grd
DSAA
         159         159
     -79.000      79.000
     -79.000      79.000
  0.0000E+00  0.5197E-04
[rows 25 to 49 of 159, columns 0 to 56 of 159]
1.5384E-10 1.6427E-10 1.7657E-10 1.8827E-10 2.0058E-10 2.1481E-10 2.2853E-10 2.4292E-10 2.5800E-10 2.7378E-10 2.9179E-10 3.0919E-10 3.2926E-10 3.4843E-10 3.7047E-10 3.9349E-10 4.1562E-10 4.4076E-10 4.6695E-10 4.9229E-10 5.2074E-10 5.4827E-10 5.7935E-10 6.0919E-10 6.4009E-10 6.7467E-10 7.0798E-10 7.4239E-10 7.8059E-10 8.1748E-10 8.5548E-10 8.9740E-10 9.3791E-10 9.7955E-10 1.0252E-09 1.0693E-09 1.1145E-09 1.1633E-09 1.2110E-09 1.2596E-09 1.3118E-09 1.3628E-09 1.4147E-09 1.4700E-09 1.5240E-09 1.5787E-09 1.6369E-09 1.6934E-09 1.7506E-09 1.8084E-09 1.8696E-09 1.9287E-09 1.9882E-09 2.0507E-09 2.1110E-09 2.1713E-09 2.2317E-09
1.5300E-10 1.6338E-10 1.7566E-10 1.8733E-10 1.9959E-10 2.1381E-10 2.2749E-10 2.4185E-10 2.5689E-10 2.7401E-10 2.9064E-10 3.0802E-10 3.2811E-10 3.4726E-10 3.6934E-10 3.9242E-10 4.1454E-10 4.3977E-10 4.6607E-10 4.9144E-10 5.2003E-10 5.4763E-10 5.7891E-10 6.0886E-10 6.3987E-10 6.7471E-10 7.0819E-10 7.4277E-10 7.8132E-10 8.1845E-10 8.5670E-10 8.9906E-10 9.3990E-10 9.8189E-10 1.0281E-09 1.0726E-09 1.1183E-09 1.1678E-09 1.2160E-09 1.2677E-09 1.3183E-09 1.3699E-09 1.4250E-09 1.4789E-09 1.5337E-09 1.5893E-09 1.6486E-09 1.7062E-09 1.7645E-09 1.8262E-09 1.8860E-09 1.9464E-09 2.0072E-09 2.0713E-09 2.1330E-09 2.1949E-09 2.2614E-09
1.5201E-10 1.6235E-10 1.7460E-10 1.8621E-10 1.9843E-10 2.1262E-10 2.2625E-10 2.4055E-10 2.5555E-10 2.7265E-10 2.8923E-10 3.0656E-10 3.2666E-10 3.4772E-10 3.6787E-10 3.9098E-10 4.1514E-10 4.3839E-10 4.6476E-10 4.9224E-10 5.1886E-10 5.4650E-10 5.7794E-10 6.0797E-10 6.3908E-10 6.7415E-10 7.0776E-10 7.4518E-10 7.8135E-10 8.1869E-10 8.5997E-10 8.9993E-10 9.4107E-10 9.8628E-10 1.0301E-09 1.0751E-09 1.1237E-09 1.1713E-09 1.2200E-09 1.2724E-09 1.3236E-09 1.3759E-09 1.4319E-09 1.4865E-09 1.5421E-09 1.6014E-09 1.6591E-09 1.7177E-09 1.7797E-09 1.8401E-09 1.9011E-09 1.9627E-09 2.0277E-09 2.0905E-09 2.1537E-09 2.2215E-09 2.2855E-09
1.5089E-10 1.6241E-10 1.7338E-10 1.8493E-10 1.9709E-10 2.1124E-10 2.2481E-10 2.3905E-10 2.5397E-10 2.7104E-10 2.8756E-10 3.0483E-10 3.2491E-10 3.4596E-10 3.6801E-10 3.8920E-10 4.1338E-10 4.3863E-10 4.6304E-10 4.9059E-10 5.1722E-10 5.4746E-10 5.7646E-10 6.0654E-10 6.4040E-10 6.7298E-10 7.0670E-10 7.4437E-10 7.8070E-10 8.1820E-10 8.5982E-10 9.0002E-10 9.4142E-10 9.8707E-10 1.0312E-09 1.0765E-09 1.1257E-09 1.1737E-09 1.2254E-09 1.2760E-09 1.3278E-09 1.3833E-09 1.4376E-09 1.4930E-09 1.5519E-09 1.6096E-09 1.6683E-09 1.7278E-09 1.7910E-09 1.8525E-09 1.9147E-09 1.9803E-09 2.0440E-09 2.1082E-09 2.1771E-09 2.2424E-09 2.3080E-09
1.4964E-10 1.6111E-10 1.7201E-10 1.8349E-10 1.9557E-10 2.0967E-10 2.2316E-10 2.3733E-10 2.5218E-10 2.6919E-10 2.8563E-10 3.0283E-10 3.2287E-10 3.4390E-10 3.6594E-10 3.8706E-10 4.1125E-10 4.3652E-10 4.6089E-10 4.8850E-10 5.1511E-10 5.4545E-10 5.7446E-10 6.0456E-10 6.3857E-10 6.7122E-10 7.0501E-10 7.4290E-10 7.7935E-10 8.1975E-10 8.5892E-10 8.9932E-10 9.4381E-10 9.8700E-10 1.0314E-09 1.0796E-09 1.1268E-09 1.1752E-09 1.2275E-09 1.2786E-09 1.3309E-09 1.3872E-09 1.4421E-09 1.4982E-09 1.5581E-09 1.6166E-09 1.6761E-09 1.7393E-09 1.8010E-09 1.8635E-09 1.9296E-09 1.9939E-09 2.0588E-09 2.1243E-09 2.1950E-09 2.2618E-09 2.3289E-09
1.4826E-10 1.5967E-10 1.7049E-10 1.8189E-10 1.9389E-10 2.0792E-10 2.2133E-10 2.3540E-10 2.5016E-10 2.6711E-10 2.8346E-10 3.0246E-10 3.2055E-10 3.4154E-10 3.6354E-10 3.8658E-10 4.0876E-10 4.3403E-10 4.6042E-10 4.8597E-10 5.1254E-10 5.4295E-10 5.7195E-10 6.0466E-10 6.3618E-10 6.6885E-10 7.0543E-10 7.4076E-10 7.7730E-10 8.1794E-10 8.5725E-10 8.9782E-10 9.4265E-10 9.8606E-10 1.0308E-09 1.0793E-09 1.1269E-09 1.1781E-09 1.2285E-09 1.2801E-09 1.3355E-09 1.3898E-09 1.4454E-09 1.5048E-09 1.5629E-09 1.6222E-09 1.6852E-09 1.7468E-09 1.8095E-09 1.8730E-09 1.9404E-09 2.0058E-09 2.0720E-09 2.1434E-09 2.2112E-09 2.2795E-09 2.3528E-09
1.4676E-10 1.5810E-10 1.6883E-10 1.8014E-10 1.9333E-10 2.0599E-10 2.1930E-10 2.3327E-10 2.4793E-10 2.6479E-10 2.8104E-10 2.9997E-10 3.1986E-10 3.3887E-10 3.6082E-10 3.8381E-10 4.0590E-10 4.3115E-10 4.5753E-10 4.8301E-10 5.1211E-10 5.3997E-10 5.6893E-10 6.0171E-10 6.3322E-10 6.6589E-10 7.0260E-10 7.3798E-10 7.7457E-10 8.1541E-10 8.5483E-10 8.9835E-10 9.4065E-10 9.8426E-10 1.0316E-09 1.0782E-09 1.1260E-09 1.1777E-09 1.2284E-09 1.2804E-09 1.3365E-09 1.3913E-09 1.4475E-09 1.5076E-09 1.5664E-09 1.6264E-09 1.6904E-09 1.7529E-09 1.8165E-09 1.8839E-09 1.9496E-09 2.0162E-09 2.0880E-09 2.1566E-09 2.2258E-09 2.2955E-09 2.3707E-09
1.4514E-10 1.5639E-10 1.6702E-10 1.7823E-10 1.9134E-10 2.0389E-10 2.1709E-10 2.3095E-10 2.4686E-10 2.6225E-10 2.7837E-10 2.9722E-10 3.1703E-10 3.3591E-10 3.5778E-10 3.8072E-10 4.0474E-10 4.2789E-10 4.5424E-10 4.7962E-10 5.0872E-10 5.3652E-10 5.6541E-10 5.9823E-10 6.2970E-10 6.6500E-10 6.9916E-10 7.3453E-10 7.7396E-10 8.1217E-10 8.5166E-10 8.9540E-10 9.3783E-10 9.8159E-10 1.0293E-09 1.0760E-09 1.1265E-09 1.1762E-09 1.2273E-09 1.2823E-09 1.3363E-09 1.3916E-09 1.4509E-09 1.5092E-09 1.5686E-09 1.6321E-09 1.6942E-09 1.7576E-09 1.8248E-09 1.8905E-09 1.9573E-09 2.0292E-09 2.0983E-09 2.1681E-09 2.2386E-09 2.3146E-09 2.3868E-09
1.4340E-10 1.5456E-10 1.6509E-10 1.7618E-10 1.8919E-10 2.0163E-10 2.1470E-10 2.2843E-10 2.4423E-10 2.5949E-10 2.7548E-10 2.9421E-10 3.1392E-10 3.3463E-10 3.5445E-10 3.7729E-10 4.0124E-10 4.2631E-10 4.5056E-10 4.7583E-10 5.0490E-10 5.3260E-10 5.6400E-10 5.9423E-10 6.2563E-10 6.6098E-10 6.9509E-10 7.3045E-10 7.6998E-10 8.0820E-10 8.4773E-10 8.9166E-10 9.3418E-10 9.8049E-10 1.0260E-09 1.0729E-09 1.1238E-09 1.1738E-09 1.2251E-09 1.2806E-09 1.3350E-09 1.3907E-09 1.4507E-09 1.5094E-09 1.5695E-09 1.6337E-09 1.6966E-09 1.7607E-09 1.8289E-09 1.8956E-09 1.9633E-09 2.0367E-09 2.1068E-09 2.1779E-09 2.2544E-09 2.3274E-09 2.4011E-09
1.4155E-10 1.5261E-10 1.6302E-10 1.7399E-10 1.8689E-10 1.9920E-10 2.1214E-10 2.2573E-10 2.4141E-10 2.5652E-10 2.7235E-10 2.9097E-10 3.1055E-10 3.3115E-10 3.5081E-10 3.7355E-10 3.9740E-10 4.2238E-10 4.4649E-10 4.7417E-10 5.0065E-10 5.2822E-10 5.5959E-10 5.8972E-10 6.2102E-10 6.5638E-10 6.9043E-10 7.2844E-10 7.6533E-10 8.0353E-10 8.4593E-10 8.8714E-10 9.2971E-10 9.7621E-10 1.0218E-09 1.0689E-09 1.1201E-09 1.1702E-09 1.2244E-09 1.2777E-09 1.3325E-09 1.3913E-09 1.4491E-09 1.5084E-09 1.5717E-09 1.6340E-09 1.6975E-09 1.7652E-09 1.8315E-09 1.8991E-09 1.9722E-09 2.0424E-09 2.1136E-09 2.1904E-09 2.2640E-09 2.3384E-09 2.4135E-09
1.3959E-10 1.5054E-10 1.6083E-10 1.7167E-10 1.8444E-10 1.9661E-10 2.0941E-10 2.2285E-10 2.3839E-10 2.5334E-10 2.6902E-10 2.8748E-10 3.0693E-10 3.2739E-10 3.4890E-10 3.6950E-10 3.9323E-10 4.1810E-10 4.4205E-10 4.6964E-10 4.9597E-10 5.2339E-10 5.5470E-10 5.8470E-10 6.1588E-10 6.5122E-10 6.8516E-10 7.2319E-10 7.6002E-10 7.9817E-10 8.4065E-10 8.8184E-10 9.2443E-10 9.7108E-10 1.0168E-09 1.0665E-09 1.1153E-09 1.1657E-09 1.2202E-09 1.2738E-09 1.3288E-09 1.3881E-09 1.4463E-09 1.5060E-09 1.5700E-09 1.6328E-09 1.6970E-09 1.7655E-09 1.8326E-09 1.9009E-09 1.9752E-09 2.0464E-09 2.1187E-09 2.1969E-09 2.2717E-09 2.3474E-09 2.4289E-09
1.3753E-10 1.4836E-10 1.5851E-10 1.6922E-10 1.8186E-10 1.9388E-10 2.0652E-10 2.1981E-10 2.3519E-10 2.4997E-10 2.6547E-10 2.8378E-10 3.0307E-10 3.2338E-10 3.4473E-10 3.6717E-10 3.8874E-10 4.1348E-10 4.3724E-10 4.6473E-10 4.9088E-10 5.1812E-10 5.4935E-10 5.7919E-10 6.1295E-10 6.4550E-10 6.7932E-10 7.1732E-10 7.5405E-10 7.9211E-10 8.3464E-10 8.7579E-10 9.2082E-10 9.6510E-10 1.0108E-09 1.0607E-09 1.1097E-09 1.1627E-09 1.2149E-09 1.2687E-09 1.3266E-09 1.3837E-09 1.4423E-09 1.5051E-09 1.5669E-09 1.6302E-09 1.6978E-09 1.7643E-09 1.8320E-09 1.9057E-09 1.9766E-09 2.0487E-09 2.1267E-09 2.2016E-09 2.2776E-09 2.3594E-09 2.4378E-09
1.3537E-10 1.4607E-10 1.5609E-10 1.6665E-10 1.7914E-10 1.9100E-10 2.0348E-10 2.1659E-10 2.3181E-10 2.4641E-10 2.6360E-10 2.7985E-10 2.9897E-10 3.1911E-10 3.4030E-10 3.6257E-10 3.8394E-10 4.0852E-10 4.3208E-10 4.5944E-10 4.8539E-10 5.1507E-10 5.4355E-10 5.7320E-10 6.0686E-10 6.3925E-10 6.7290E-10 7.1085E-10 7.4745E-10 7.8826E-10 8.2792E-10 8.6898E-10 9.1405E-10 9.5829E-10 1.0065E-09 1.0540E-09 1.1030E-09 1.1562E-09 1.2086E-09 1.2625E-09 1.3208E-09 1.3781E-09 1.4369E-09 1.5003E-09 1.5625E-09 1.6262E-09 1.6945E-09 1.7615E-09 1.8342E-09 1.9045E-09 1.9762E-09 2.0537E-09 2.1285E-09 2.2044E-09 2.2816E-09 2.3649E-09 2.4446E-09
1.3312E-10 1.4368E-10 1.5355E-10 1.6396E-10 1.7630E-10 1.8799E-10 2.0030E-10 2.1323E-10 2.2826E-10 2.4267E-10 2.5968E-10 2.7572E-10 2.9465E-10 3.1460E-10 3.3561E-10 3.5770E-10 3.8091E-10 4.0325E-10 4.2912E-10 4.5378E-10 4.7951E-10 5.0904E-10 5.3731E-10 5.6675E-10 6.0028E-10 6.3247E-10 6.6871E-10 7.0379E-10 7.4022E-10 7.8098E-10 8.2050E-10 8.6382E-10 9.0650E-10 9.5067E-10 9.9891E-10 1.0464E-09 1.0954E-09 1.1487E-09 1.2012E-09 1.2578E-09 1.3137E-09 1.3713E-09 1.4331E-09 1.4941E-09 1.5567E-09 1.6237E-09 1.6897E-09 1.7572E-09 1.8307E-09 1.9017E-09 1.9741E-09 2.0527E-09 2.1284E-09 2.2054E-09 2.2885E-09 2.3684E-09 2.4494E-09
1.3078E-10 1.4120E-10 1.5091E-10 1.6116E-10 1.7333E-10 1.8485E-10 1.9697E-10 2.0971E-10 2.2456E-10 2.3876E-10 2.5557E-10 2.7332E-10 2.9012E-10 3.0986E-10 3.3066E-10 3.5255E-10 3.7557E-10 3.9767E-10 4.2335E-10 4.4777E-10 4.7326E-10 5.0261E-10 5.3064E-10 5.6250E-10 5.9322E-10 6.2518E-10 6.6128E-10 6.9616E-10 7.3238E-10 7.7305E-10 8.1239E-10 8.5565E-10 8.9819E-10 9.4224E-10 9.9048E-10 1.0379E-09 1.0894E-09 1.1403E-09 1.1928E-09 1.2496E-09 1.3056E-09 1.3632E-09 1.4254E-09 1.4866E-09 1.5495E-09 1.6170E-09 1.6834E-09 1.7556E-09 1.8257E-09 1.8972E-09 1.9749E-09 2.0500E-09 2.1265E-09 2.2091E-09 2.2889E-09 2.3700E-09 2.4572E-09
1.2837E-10 1.3863E-10 1.4818E-10 1.5826E-10 1.7026E-10 1.8159E-10 1.9352E-10 2.0606E-10 2.2071E-10 2.3469E-10 2.5129E-10 2.6882E-10 2.8733E-10 3.0491E-10 3.2549E-10 3.4716E-10 3.6995E-10 3.9180E-10 4.1727E-10 4.4143E-10 4.6665E-10 4.9580E-10 5.2357E-10 5.5523E-10 5.8569E-10 6.1740E-10 6.5333E-10 6.8797E-10 7.2678E-10 7.6449E-10 8.0363E-10 8.4677E-10 8.8914E-10 9.3550E-10 9.8122E-10 1.0285E-09 1.0801E-09 1.1309E-09 1.1833E-09 1.2403E-09 1.2963E-09 1.3567E-09 1.4165E-09 1.4779E-09 1.5438E-09 1.6088E-09 1.6756E-09 1.7485E-09 1.8190E-09 1.8911E-09 1.9697E-09 2.0454E-09 2.1227E-09 2.2066E-09 2.2873E-09 2.3694E-09 2.4582E-09
1.2588E-10 1.3598E-10 1.4536E-10 1.5526E-10 1.6708E-10 1.7822E-10 1.8995E-10 2.0228E-10 2.1671E-10 2.3047E-10 2.4684E-10 2.6415E-10 2.8243E-10 2.9974E-10 3.2008E-10 3.4152E-10 3.6408E-10 3.8564E-10 4.1089E-10 4.3477E-10 4.6229E-10 4.8863E-10 5.1610E-10 5.4754E-10 5.7772E-10 6.0914E-10 6.4487E-10 6.7924E-10 7.1786E-10 7.5532E-10 7.9422E-10 8.3721E-10 8.7936E-10 9.2561E-10 9.7116E-10 1.0183E-09 1.0698E-09 1.1205E-09 1.1755E-09 1.2299E-09 1.2859E-09 1.3465E-09 1.4063E-09 1.4678E-09 1.5340E-09 1.5993E-09 1.6706E-09 1.7398E-09 1.8107E-09 1.8879E-09 1.9627E-09 2.0391E-09 2.1219E-09 2.2021E-09 2.2837E-09 2.3720E-09 2.4772E-09
1.2331E-10 1.3325E-10 1.4246E-10 1.5218E-10 1.6381E-10 1.7475E-10 1.8627E-10 1.9838E-10 2.1259E-10 2.2611E-10 2.4224E-10 2.5930E-10 2.7734E-10 2.9638E-10 3.1447E-10 3.3565E-10 3.5796E-10 3.7923E-10 4.0423E-10 4.2780E-10 4.5507E-10 4.8110E-10 5.0826E-10 5.3945E-10 5.6932E-10 6.0320E-10 6.3593E-10 6.6999E-10 7.0840E-10 7.4557E-10 7.8660E-10 8.2698E-10 8.6888E-10 9.1498E-10 9.6030E-10 1.0098E-09 1.0587E-09 1.1092E-09 1.1642E-09 1.2185E-09 1.2744E-09 1.3351E-09 1.3949E-09 1.4593E-09 1.5229E-09 1.5884E-09 1.6601E-09 1.7296E-09 1.8008E-09 1.8787E-09 1.9540E-09 2.0309E-09 2.1148E-09 2.1956E-09 2.2781E-09 2.3676E-09 2.4756E-09
1.2069E-10 1.3045E-10 1.3948E-10 1.4901E-10 1.6044E-10 1.7118E-10 1.8248E-10 1.9437E-10 2.0834E-10 2.2162E-10 2.3750E-10 2.5431E-10 2.7208E-10 2.9086E-10 3.1068E-10 3.2957E-10 3.5160E-10 3.7256E-10 3.9729E-10 4.2054E-10 4.4753E-10 4.7323E-10 5.0006E-10 5.3098E-10 5.6051E-10 5.9411E-10 6.2651E-10 6.6024E-10 6.9840E-10 7.3525E-10 7.7604E-10 8.1611E-10 8.6015E-10 9.0361E-10 9.4867E-10 9.9802E-10 1.0467E-09 1.0970E-09 1.1519E-09 1.2060E-09 1.2646E-09 1.3226E-09 1.3824E-09 1.4468E-09 1.5105E-09 1.5761E-09 1.6481E-09 1.7178E-09 1.7939E-09 1.8678E-09 1.9435E-09 2.0259E-09 2.1057E-09 2.1872E-09 2.2757E-09 2.3820E-09 2.4719E-09
1.1801E-10 1.2759E-10 1.3644E-10 1.4578E-10 1.5700E-10 1.6752E-10 1.7860E-10 1.9026E-10 2.0398E-10 2.1701E-10 2.3263E-10 2.4917E-10 2.6667E-10 2.8517E-10 3.0470E-10 3.2328E-10 3.4503E-10 3.6820E-10 3.9010E-10 4.1301E-10 4.3971E-10 4.6506E-10 4.9419E-10 5.2214E-10 5.5131E-10 5.8462E-10 6.1665E-10 6.5281E-10 6.8789E-10 7.2439E-10 7.6489E-10 8.0463E-10 8.4841E-10 8.9156E-10 9.3630E-10 9.8545E-10 1.0338E-09 1.0866E-09 1.1387E-09 1.1926E-09 1.2511E-09 1.3090E-09 1.3686E-09 1.4332E-09 1.4968E-09 1.5668E-09 1.6348E-09 1.7046E-09 1.7812E-09 1.8553E-09 1.9314E-09 2.0144E-09 2.0948E-09 2.1819E-09 2.2664E-09 2.3751E-09 2.4661E-09
1.1528E-10 1.2468E-10 1.3333E-10 1.4247E-10 1.5348E-10 1.6378E-10 1.7464E-10 1.8605E-10 1.9953E-10 2.1229E-10 2.2763E-10 2.4389E-10 2.6111E-10 2.7932E-10 2.9856E-10 3.1888E-10 3.3826E-10 3.6112E-10 3.8268E-10 4.0523E-10 4.3160E-10 4.5658E-10 4.8539E-10 5.1296E-10 5.4175E-10 5.7472E-10 6.0637E-10 6.4221E-10 6.7690E-10 7.1300E-10 7.5319E-10 7.9255E-10 8.3604E-10 8.7882E-10 9.2575E-10 9.7212E-10 1.0202E-09 1.0727E-09 1.1246E-09 1.1782E-09 1.2366E-09 1.2943E-09 1.3566E-09 1.4183E-09 1.4819E-09 1.5520E-09 1.6200E-09 1.6944E-09 1.7668E-09 1.8412E-09 1.9224E-09 2.0012E-09 2.0820E-09 2.1699E-09 2.2762E-09 2.3662E-09 2.4582E-09
1.1251E-10 1.2171E-10 1.3017E-10 1.3911E-10 1.4989E-10 1.5998E-10 1.7060E-10 1.8177E-10 1.9498E-10 2.0748E-10 2.2254E-10 2.3850E-10 2.5542E-10 2.7332E-10 2.9226E-10 3.1226E-10 3.3129E-10 3.5384E-10 3.7503E-10 3.9721E-10 4.2324E-10 4.4784E-10 4.7628E-10 5.0346E-10 5.3184E-10 5.6445E-10 5.9569E-10 6.3117E-10 6.6544E-10 7.0352E-10 7.4096E-10 7.7991E-10 8.2306E-10 8.6545E-10 9.1206E-10 9.5805E-10 1.0057E-09 1.0580E-09 1.1096E-09 1.1656E-09 1.2211E-09 1.2785E-09 1.3407E-09 1.4022E-09 1.4700E-09 1.5359E-09 1.6038E-09 1.6785E-09 1.7510E-09 1.8255E-09 1.9071E-09 1.9862E-09 2.0723E-09 2.1561E-09 2.2644E-09 2.3552E-09 2.4482E-09
1.0969E-10 1.1870E-10 1.2697E-10 1.3570E-10 1.4626E-10 1.5611E-10 1.6649E-10 1.7741E-10 1.9035E-10 2.0257E-10 2.1734E-10 2.3301E-10 2.4961E-10 2.6720E-10 2.8581E-10 3.0549E-10 3.2416E-10 3.4636E-10 3.6718E-10 3.8898E-10 4.1464E-10 4.3883E-10 4.6691E-10 4.9366E-10 5.2433E-10 5.5384E-10 5.8463E-10 6.1972E-10 6.5355E-10 6.9123E-10 7.2823E-10 7.6673E-10 8.0951E-10 8.5145E-10 8.9771E-10 9.4329E-10 9.9317E-10 1.0425E-09 1.0937E-09 1.1495E-09 1.2047E-09 1.2617E-09 1.3238E-09 1.3850E-09 1.4528E-09 1.5185E-09 1.5863E-09 1.6612E-09 1.7336E-09 1.8130E-09 1.8902E-09 1.9695E-09 2.0562E-09 2.1615E-09 2.2506E-09 2.3422E-09 2.4360E-09
1.0685E-10 1.1565E-10 1.2372E-10 1.3224E-10 1.4257E-10 1.5219E-10 1.6232E-10 1.7299E-10 1.8565E-10 1.9760E-10 2.1206E-10 2.2742E-10 2.4370E-10 2.6096E-10 2.7924E-10 2.9857E-10 3.1688E-10 3.3872E-10 3.5915E-10 3.8054E-10 4.0583E-10 4.2959E-10 4.5727E-10 4.8358E-10 5.1384E-10 5.4289E-10 5.7322E-10 6.0790E-10 6.4125E-10 6.7851E-10 7.1503E-10 7.5553E-10 7.9541E-10 8.3688E-10 8.8274E-10 9.2785E-10 9.7736E-10 1.0263E-09 1.0770E-09 1.1325E-09 1.1873E-09 1.2468E-09 1.3058E-09 1.3667E-09 1.4344E-09 1.4999E-09 1.5721E-09 1.6424E-09 1.7148E-09 1.7944E-09 1.8717E-09 1.9560E-09 2.0383E-09 2.1452E-09 2.2350E-09 2.3271E-09 2.4218E-09
1.0397E-10 1.1257E-10 1.2044E-10 1.2875E-10 1.3884E-10 1.4822E-10 1.5811E-10 1.6852E-10 1.8090E-10 1.9256E-10 2.0671E-10 2.2174E-10 2.3770E-10 2.5462E-10 2.7255E-10 2.9153E-10 3.0946E-10 3.3093E-10 3.5095E-10 3.7453E-10 3.9681E-10 4.2014E-10 4.4740E-10 4.7325E-10 5.0308E-10 5.3165E-10 5.6149E-10 5.9572E-10 6.2857E-10 6.6537E-10 7.0138E-10 7.4143E-10 7.8079E-10 8.2175E-10 8.6717E-10 9.1178E-10 9.6087E-10 1.0093E-09 1.0622E-09 1.1147E-09 1.1690E-09 1.2282E-09 1.2868E-09 1.3517E-09 1.4148E-09 1.4801E-09 1.5522E-09 1.6223E-09 1.6945E-09 1.7743E-09 1.8515E-09 1.9362E-09 2.0395E-09 2.1271E-09 2.2173E-09 2.3101E-09 2.4054E-09
