Assets/Resources/2015_m01_d18_0300(utc+0800)_l00_csi_1hr_conc.grd
DSAA
         159         159
     -79.000      79.000
     -79.000      79.000
  0.0000E+00  0.4365E-05
[rows 75 to 99 of 159, columns 0 to 56 of 159]
1.4951E-10 1.7112E-10 2.0185E-10 2.2890E-10 2.5366E-10 2.7764E-10 3.0604E-10 3.3343E-10 3.6474E-10 3.9643E-10 4.3224E-10 4.6860E-10 5.0925E-10 5.5061E-10 5.9641E-10 6.4305E-10 6.9427E-10 7.4642E-10 8.0324E-10 8.6104E-10 9.2358E-10 9.8712E-10 1.0552E-09 1.1250E-09 1.1971E-09 1.2743E-09 1.3520E-09 1.4347E-09 1.5177E-09 1.6042E-09 1.6938E-09 1.7842E-09 1.8795E-09 1.9744E-09 2.0740E-09 2.1729E-09 2.2749E-09 2.3792E-09 2.4832E-09 2.5916E-09 2.6983E-09 2.8059E-09 2.9178E-09 3.0272E-09 3.1378E-09 3.2509E-09 3.3617E-09 3.4731E-09 3.5868E-09 3.6975E-09 3.8092E-09 3.9213E-09 4.0306E-09 4.1422E-09 4.2509E-09 4.3578E-09 4.4674E-09
1.5377E-10 1.7723E-10 2.0664E-10 2.3241E-10 2.5629E-10 2.8035E-10 3.0879E-10 3.3624E-10 3.6757E-10 3.9927E-10 4.3503E-10 4.7133E-10 5.1185E-10 5.5306E-10 5.9864E-10 6.4502E-10 6.9591E-10 7.4766E-10 8.0403E-10 8.6130E-10 9.2325E-10 9.8612E-10 1.0535E-09 1.1225E-09 1.1936E-09 1.2699E-09 1.3465E-09 1.4281E-09 1.5099E-09 1.5961E-09 1.6833E-09 1.7723E-09 1.8660E-09 1.9594E-09 2.0573E-09 2.1545E-09 2.2559E-09 2.3572E-09 2.4593E-09 2.5659E-09 2.6706E-09 2.7763E-09 2.8862E-09 2.9936E-09 3.1028E-09 3.2133E-09 3.3220E-09 3.4322E-09 3.5432E-09 3.6519E-09 3.7624E-09 3.8719E-09 3.9794E-09 4.0900E-09 4.1962E-09 4.3014E-09 4.4095E-09
1.5641E-10 1.8368E-10 2.0984E-10 2.3480E-10 2.5879E-10 2.8288E-10 3.1138E-10 3.3886E-10 3.7017E-10 4.0183E-10 4.3752E-10 4.7371E-10 5.1368E-10 5.5508E-10 6.0001E-10 6.4647E-10 6.9657E-10 7.4829E-10 8.0416E-10 8.6085E-10 9.2217E-10 9.8432E-10 1.0509E-09 1.1190E-09 1.1892E-09 1.2645E-09 1.3399E-09 1.4204E-09 1.5009E-09 1.5862E-09 1.6716E-09 1.7591E-09 1.8513E-09 1.9430E-09 2.0392E-09 2.1348E-09 2.2350E-09 2.3339E-09 2.4340E-09 2.5387E-09 2.6415E-09 2.7451E-09 2.8531E-09 2.9584E-09 3.0663E-09 3.1741E-09 3.2808E-09 3.3896E-09 3.4979E-09 3.6046E-09 3.7139E-09 3.8209E-09 3.9265E-09 4.0353E-09 4.1397E-09 4.2440E-09 4.3498E-09
1.6075E-10 1.9005E-10 2.1556E-10 2.3766E-10 2.6173E-10 2.8587E-10 3.1378E-10 3.4123E-10 3.7253E-10 4.0412E-10 4.3969E-10 4.7574E-10 5.1551E-10 5.5666E-10 6.0129E-10 6.4739E-10 6.9708E-10 7.4832E-10 8.0323E-10 8.5973E-10 9.2036E-10 9.8175E-10 1.0475E-09 1.1147E-09 1.1839E-09 1.2581E-09 1.3325E-09 1.4117E-09 1.4909E-09 1.5749E-09 1.6588E-09 1.7447E-09 1.8354E-09 1.9255E-09 2.0200E-09 2.1137E-09 2.2121E-09 2.3092E-09 2.4074E-09 2.5102E-09 2.6110E-09 2.7132E-09 2.8185E-09 2.9218E-09 3.0283E-09 3.1334E-09 3.2380E-09 3.3455E-09 3.4512E-09 3.5559E-09 3.6639E-09 3.7683E-09 3.8720E-09 3.9790E-09 4.0817E-09 4.1858E-09 4.2884E-09
1.6699E-10 1.9433E-10 2.1857E-10 2.4037E-10 2.6389E-10 2.8803E-10 3.1597E-10 3.4375E-10 3.7462E-10 4.0610E-10 4.4155E-10 4.7740E-10 5.1695E-10 5.5781E-10 6.0171E-10 6.4780E-10 6.9664E-10 7.4776E-10 8.0209E-10 8.5793E-10 9.1742E-10 9.7844E-10 1.0429E-09 1.1096E-09 1.1778E-09 1.2509E-09 1.3240E-09 1.4020E-09 1.4799E-09 1.5625E-09 1.6449E-09 1.7293E-09 1.8184E-09 1.9068E-09 1.9996E-09 2.0915E-09 2.1881E-09 2.2833E-09 2.3796E-09 2.4804E-09 2.5792E-09 2.6808E-09 2.7827E-09 2.8839E-09 2.9891E-09 3.0914E-09 3.1940E-09 3.3001E-09 3.4030E-09 3.5057E-09 3.6119E-09 3.7142E-09 3.8176E-09 3.9212E-09 4.0221E-09 4.1252E-09 4.2254E-09
1.7290E-10 1.9856E-10 2.2103E-10 2.4290E-10 2.6585E-10 2.9064E-10 3.1793E-10 3.4601E-10 3.7643E-10 4.0815E-10 4.4305E-10 4.7868E-10 5.1836E-10 5.5851E-10 6.0205E-10 6.4771E-10 6.9606E-10 7.4662E-10 7.9993E-10 8.5549E-10 9.1423E-10 9.7441E-10 1.0379E-09 1.1037E-09 1.1708E-09 1.2428E-09 1.3147E-09 1.3914E-09 1.4680E-09 1.5486E-09 1.6301E-09 1.7129E-09 1.8004E-09 1.8871E-09 1.9781E-09 2.0683E-09 2.1630E-09 2.2563E-09 2.3506E-09 2.4495E-09 2.5463E-09 2.6471E-09 2.7457E-09 2.8449E-09 2.9480E-09 3.0483E-09 3.1487E-09 3.2528E-09 3.3537E-09 3.4544E-09 3.5586E-09 3.6589E-09 3.7611E-09 3.8622E-09 3.9612E-09 4.0633E-09 4.1611E-09
1.7675E-10 2.0271E-10 2.2335E-10 2.4465E-10 2.6823E-10 2.9302E-10 3.1964E-10 3.4765E-10 3.7794E-10 4.0949E-10 4.4421E-10 4.7996E-10 5.1897E-10 5.5877E-10 6.0231E-10 6.4712E-10 6.9496E-10 7.4493E-10 7.9799E-10 8.5243E-10 9.0997E-10 9.6970E-10 1.0318E-09 1.0970E-09 1.1631E-09 1.2339E-09 1.3046E-09 1.3800E-09 1.4552E-09 1.5344E-09 1.6143E-09 1.6956E-09 1.7814E-09 1.8664E-09 1.9557E-09 2.0440E-09 2.1369E-09 2.2282E-09 2.3207E-09 2.4176E-09 2.5123E-09 2.6111E-09 2.7077E-09 2.8048E-09 2.9058E-09 3.0040E-09 3.1024E-09 3.2045E-09 3.3033E-09 3.4019E-09 3.5042E-09 3.6026E-09 3.7035E-09 3.8021E-09 3.8992E-09 3.9996E-09 4.0957E-09
1.8151E-10 2.0575E-10 2.2550E-10 2.4681E-10 2.6979E-10 2.9515E-10 3.2147E-10 3.4937E-10 3.7915E-10 4.1089E-10 4.4501E-10 4.8047E-10 5.1918E-10 5.5897E-10 6.0172E-10 6.4602E-10 6.9373E-10 7.4268E-10 7.9507E-10 8.4876E-10 9.0589E-10 9.6432E-10 1.0255E-09 1.0897E-09 1.1546E-09 1.2242E-09 1.2937E-09 1.3678E-09 1.4416E-09 1.5193E-09 1.5977E-09 1.6779E-09 1.7615E-09 1.8448E-09 1.9323E-09 2.0189E-09 2.1099E-09 2.1993E-09 2.2898E-09 2.3847E-09 2.4774E-09 2.5742E-09 2.6687E-09 2.7637E-09 2.8627E-09 2.9588E-09 3.0551E-09 3.1552E-09 3.2519E-09 3.3485E-09 3.4488E-09 3.5452E-09 3.6450E-09 3.7409E-09 3.8362E-09 3.9348E-09 4.0291E-09
1.8617E-10 2.0715E-10 2.2748E-10 2.4878E-10 2.7176E-10 2.9706E-10 3.2304E-10 3.5080E-10 3.8042E-10 4.1195E-10 4.4545E-10 4.8099E-10 5.1897E-10 5.5836E-10 6.0104E-10 6.4482E-10 6.9159E-10 7.3989E-10 7.9159E-10 8.4450E-10 9.0081E-10 9.5831E-10 1.0185E-09 1.0816E-09 1.1454E-09 1.2139E-09 1.2821E-09 1.3548E-09 1.4272E-09 1.5029E-09 1.5803E-09 1.6588E-09 1.7408E-09 1.8224E-09 1.9082E-09 1.9929E-09 2.0820E-09 2.1695E-09 2.2580E-09 2.3510E-09 2.4417E-09 2.5364E-09 2.6289E-09 2.7219E-09 2.8188E-09 2.9128E-09 3.0071E-09 3.1051E-09 3.1998E-09 3.2943E-09 3.3926E-09 3.4871E-09 3.5849E-09 3.6789E-09 3.7723E-09 3.8692E-09 3.9616E-09
1.8979E-10 2.0897E-10 2.2928E-10 2.5058E-10 2.7352E-10 2.9814E-10 3.2434E-10 3.5195E-10 3.8137E-10 4.1267E-10 4.4590E-10 4.8112E-10 5.1837E-10 5.5770E-10 5.9916E-10 6.4315E-10 6.8932E-10 7.3696E-10 7.8757E-10 8.3966E-10 8.9552E-10 9.5169E-10 1.0114E-09 1.0729E-09 1.1356E-09 1.2028E-09 1.2697E-09 1.3411E-09 1.4121E-09 1.4863E-09 1.5622E-09 1.6386E-09 1.7194E-09 1.7993E-09 1.8833E-09 1.9661E-09 2.0534E-09 2.1390E-09 2.2256E-09 2.3165E-09 2.4052E-09 2.4980E-09 2.5884E-09 2.6793E-09 2.7741E-09 2.8661E-09 2.9583E-09 3.0542E-09 3.1469E-09 3.2394E-09 3.3357E-09 3.4282E-09 3.5241E-09 3.6162E-09 3.7077E-09 3.8028E-09 3.8935E-09
1.9236E-10 2.1064E-10 2.3036E-10 2.5160E-10 2.7506E-10 2.9934E-10 3.2505E-10 3.5247E-10 3.8167E-10 4.1306E-10 4.4563E-10 4.8086E-10 5.1772E-10 5.5662E-10 5.9757E-10 6.4063E-10 6.8618E-10 7.3353E-10 7.8339E-10 8.3467E-10 8.8888E-10 9.4447E-10 1.0032E-09 1.0636E-09 1.1256E-09 1.1911E-09 1.2568E-09 1.3268E-09 1.3963E-09 1.4691E-09 1.5434E-09 1.6182E-09 1.6973E-09 1.7754E-09 1.8577E-09 1.9387E-09 2.0241E-09 2.1078E-09 2.1924E-09 2.2814E-09 2.3681E-09 2.4581E-09 2.5472E-09 2.6361E-09 2.7289E-09 2.8188E-09 2.9089E-09 3.0028E-09 3.0935E-09 3.1839E-09 3.2782E-09 3.3687E-09 3.4627E-09 3.5529E-09 3.6425E-09 3.7357E-09 3.8247E-09
1.9334E-10 2.1214E-10 2.3183E-10 2.5303E-10 2.7639E-10 3.0030E-10 3.2585E-10 3.5307E-10 3.8203E-10 4.1279E-10 4.4539E-10 4.8025E-10 5.1633E-10 5.5511E-10 5.9555E-10 6.3803E-10 6.8257E-10 7.2959E-10 7.7832E-10 8.2916E-10 8.8208E-10 9.3716E-10 9.9440E-10 1.0537E-09 1.1150E-09 1.1788E-09 1.2436E-09 1.3118E-09 1.3799E-09 1.4517E-09 1.5239E-09 1.5977E-09 1.6746E-09 1.7510E-09 1.8314E-09 1.9107E-09 1.9942E-09 2.0760E-09 2.1587E-09 2.2457E-09 2.3305E-09 2.4185E-09 2.5055E-09 2.5923E-09 2.6831E-09 2.7710E-09 2.8590E-09 2.9509E-09 3.0395E-09 3.1280E-09 3.2203E-09 3.3088E-09 3.4009E-09 3.4891E-09 3.5769E-09 3.6682E-09 3.7554E-09
1.9473E-10 2.1295E-10 2.3257E-10 2.5426E-10 2.7695E-10 3.0103E-10 3.2639E-10 3.5339E-10 3.8210E-10 4.1255E-10 4.4482E-10 4.7893E-10 5.1493E-10 5.5321E-10 5.9311E-10 6.3499E-10 6.7888E-10 7.2480E-10 7.7274E-10 8.2312E-10 8.7514E-10 9.2932E-10 9.8552E-10 1.0437E-09 1.1039E-09 1.1660E-09 1.2300E-09 1.2963E-09 1.3630E-09 1.4333E-09 1.5039E-09 1.5766E-09 1.6513E-09 1.7265E-09 1.8047E-09 1.8821E-09 1.9632E-09 2.0437E-09 2.1245E-09 2.2096E-09 2.2923E-09 2.3777E-09 2.4634E-09 2.5482E-09 2.6369E-09 2.7227E-09 2.8088E-09 2.8986E-09 2.9852E-09 3.0717E-09 3.1620E-09 3.2485E-09 3.3387E-09 3.4250E-09 3.5109E-09 3.6004E-09 3.6857E-09
1.9544E-10 2.1416E-10 2.3371E-10 2.5531E-10 2.7762E-10 3.0121E-10 3.2636E-10 3.5311E-10 3.8188E-10 4.1167E-10 4.4392E-10 4.7726E-10 5.1316E-10 5.5058E-10 5.8991E-10 6.3154E-10 6.7475E-10 7.1994E-10 7.6709E-10 8.1660E-10 8.6731E-10 9.2096E-10 9.7612E-10 1.0327E-09 1.0922E-09 1.1526E-09 1.2157E-09 1.2802E-09 1.3459E-09 1.4143E-09 1.4834E-09 1.5544E-09 1.6275E-09 1.7010E-09 1.7774E-09 1.8530E-09 1.9329E-09 2.0109E-09 2.0898E-09 2.1730E-09 2.2538E-09 2.3378E-09 2.4209E-09 2.5037E-09 2.5903E-09 2.6742E-09 2.7582E-09 2.8460E-09 2.9306E-09 3.0151E-09 3.1034E-09 3.1880E-09 3.2762E-09 3.3606E-09 3.4446E-09 3.5323E-09 3.6158E-09
1.9656E-10 2.1521E-10 2.3469E-10 2.5617E-10 2.7777E-10 3.0150E-10 3.2609E-10 3.5292E-10 3.8105E-10 4.1084E-10 4.4271E-10 4.7563E-10 5.1105E-10 5.4794E-10 5.8669E-10 6.2732E-10 6.7021E-10 7.1464E-10 7.6099E-10 8.0962E-10 8.5948E-10 9.1212E-10 9.6578E-10 1.0217E-09 1.0800E-09 1.1391E-09 1.2005E-09 1.2636E-09 1.3284E-09 1.3948E-09 1.4628E-09 1.5323E-09 1.6033E-09 1.6756E-09 1.7498E-09 1.8242E-09 1.9017E-09 1.9778E-09 2.0555E-09 2.1360E-09 2.2149E-09 2.2970E-09 2.3781E-09 2.4589E-09 2.5435E-09 2.6254E-09 2.7074E-09 2.7932E-09 2.8758E-09 2.9584E-09 3.0447E-09 3.1274E-09 3.2136E-09 3.2961E-09 3.3782E-09 3.4641E-09 3.5458E-09
1.9755E-10 2.1557E-10 2.3549E-10 2.5630E-10 2.7804E-10 3.0157E-10 3.2592E-10 3.5248E-10 3.7996E-10 4.0973E-10 4.4086E-10 4.7368E-10 5.0860E-10 5.4495E-10 5.8311E-10 6.2309E-10 6.6527E-10 7.0858E-10 7.5447E-10 8.0186E-10 8.5120E-10 9.0241E-10 9.5544E-10 1.0103E-09 1.0669E-09 1.1253E-09 1.1853E-09 1.2466E-09 1.3104E-09 1.3754E-09 1.4418E-09 1.5098E-09 1.5791E-09 1.6497E-09 1.7217E-09 1.7950E-09 1.8700E-09 1.9443E-09 2.0208E-09 2.0988E-09 2.1757E-09 2.2559E-09 2.3350E-09 2.4138E-09 2.4966E-09 2.5765E-09 2.6565E-09 2.7403E-09 2.8210E-09 2.9015E-09 2.9859E-09 3.0666E-09 3.1509E-09 3.2316E-09 3.3119E-09 3.3959E-09 3.4758E-09
1.9839E-10 2.1632E-10 2.3613E-10 2.5624E-10 2.7812E-10 3.0111E-10 3.2552E-10 3.5179E-10 3.7894E-10 4.0835E-10 4.3872E-10 4.7142E-10 5.0550E-10 5.4129E-10 5.7919E-10 6.1851E-10 6.5961E-10 7.0251E-10 7.4756E-10 7.9368E-10 8.4252E-10 8.9272E-10 9.4423E-10 9.9839E-10 1.0534E-09 1.1109E-09 1.1697E-09 1.2296E-09 1.2921E-09 1.3551E-09 1.4205E-09 1.4868E-09 1.5545E-09 1.6235E-09 1.6932E-09 1.7654E-09 1.8381E-09 1.9112E-09 1.9858E-09 2.0614E-09 2.1370E-09 2.2147E-09 2.2918E-09 2.3694E-09 2.4495E-09 2.5274E-09 2.6062E-09 2.6874E-09 2.7660E-09 2.8454E-09 2.9271E-09 3.0059E-09 3.0883E-09 3.1671E-09 3.2456E-09 3.3278E-09 3.4059E-09
1.9910E-10 2.1693E-10 2.3661E-10 2.5633E-10 2.7801E-10 3.0043E-10 3.2491E-10 3.5055E-10 3.7768E-10 4.0670E-10 4.3664E-10 4.6888E-10 5.0209E-10 5.3766E-10 5.7459E-10 6.1358E-10 6.5396E-10 6.9608E-10 7.4029E-10 7.8558E-10 8.3346E-10 8.8222E-10 9.3310E-10 9.8613E-10 1.0399E-09 1.0958E-09 1.1533E-09 1.2123E-09 1.2733E-09 1.3349E-09 1.3988E-09 1.4631E-09 1.5292E-09 1.5970E-09 1.6651E-09 1.7350E-09 1.8059E-09 1.8772E-09 1.9506E-09 2.0237E-09 2.0982E-09 2.1733E-09 2.2485E-09 2.3248E-09 2.4024E-09 2.4783E-09 2.5558E-09 2.6344E-09 2.7111E-09 2.7893E-09 2.8684E-09 2.9453E-09 3.0259E-09 3.1028E-09 3.1794E-09 3.2598E-09 3.3362E-09
1.9916E-10 2.1738E-10 2.3641E-10 2.5624E-10 2.7771E-10 2.9988E-10 3.2408E-10 3.4908E-10 3.7618E-10 4.0448E-10 4.3431E-10 4.6606E-10 4.9874E-10 5.3373E-10 5.7003E-10 6.0834E-10 6.4764E-10 6.8931E-10 7.3233E-10 7.7713E-10 8.2406E-10 8.7137E-10 9.2162E-10 9.7309E-10 1.0261E-09 1.0808E-09 1.1365E-09 1.1946E-09 1.2538E-09 1.3143E-09 1.3763E-09 1.4395E-09 1.5040E-09 1.5698E-09 1.6368E-09 1.7050E-09 1.7735E-09 1.8437E-09 1.9153E-09 1.9859E-09 2.0592E-09 2.1325E-09 2.2051E-09 2.2802E-09 2.3552E-09 2.4292E-09 2.5049E-09 2.5816E-09 2.6563E-09 2.7333E-09 2.8098E-09 2.8856E-09 2.9636E-09 3.0387E-09 3.1142E-09 3.1921E-09 3.2667E-09
1.9908E-10 2.1718E-10 2.3604E-10 2.5598E-10 2.7692E-10 2.9914E-10 3.2304E-10 3.4739E-10 3.7444E-10 4.0202E-10 4.3172E-10 4.6265E-10 4.9512E-10 5.2952E-10 5.6484E-10 6.0246E-10 6.4136E-10 6.8224E-10 7.2406E-10 7.6837E-10 8.1393E-10 8.6064E-10 9.0983E-10 9.5973E-10 1.0120E-09 1.0654E-09 1.1199E-09 1.1767E-09 1.2340E-09 1.2936E-09 1.3540E-09 1.4157E-09 1.4787E-09 1.5423E-09 1.6083E-09 1.6748E-09 1.7410E-09 1.8100E-09 1.8793E-09 1.9487E-09 2.0195E-09 2.0910E-09 2.1624E-09 2.2357E-09 2.3081E-09 2.3809E-09 2.4547E-09 2.5288E-09 2.6024E-09 2.6768E-09 2.7515E-09 2.8261E-09 2.9016E-09 2.9748E-09 3.0494E-09 3.1247E-09 3.1975E-09
1.9940E-10 2.1736E-10 2.3552E-10 2.5556E-10 2.7595E-10 2.9790E-10 3.2151E-10 3.4582E-10 3.7250E-10 3.9932E-10 4.2889E-10 4.5899E-10 4.9124E-10 5.2472E-10 5.5973E-10 5.9666E-10 6.3481E-10 6.7489E-10 7.1591E-10 7.5932E-10 8.0351E-10 8.4963E-10 8.9775E-10 9.4609E-10 9.9723E-10 1.0494E-09 1.1030E-09 1.1585E-09 1.2144E-09 1.2726E-09 1.3311E-09 1.3913E-09 1.4532E-09 1.5153E-09 1.5796E-09 1.6439E-09 1.7090E-09 1.7763E-09 1.8432E-09 1.9115E-09 1.9805E-09 2.0496E-09 2.1198E-09 2.1906E-09 2.2612E-09 2.3327E-09 2.4047E-09 2.4762E-09 2.5487E-09 2.6213E-09 2.6933E-09 2.7669E-09 2.8398E-09 2.9120E-09 2.9848E-09 3.0576E-09 3.1287E-09
1.9958E-10 2.1741E-10 2.3516E-10 2.5498E-10 2.7482E-10 2.9679E-10 3.1978E-10 3.4405E-10 3.7003E-10 3.9674E-10 4.2584E-10 4.5510E-10 4.8713E-10 5.1967E-10 5.5436E-10 5.9025E-10 6.2799E-10 6.6694E-10 7.0709E-10 7.4961E-10 7.9283E-10 8.3836E-10 8.8500E-10 9.3265E-10 9.8263E-10 1.0332E-09 1.0859E-09 1.1396E-09 1.1947E-09 1.2510E-09 1.3080E-09 1.3672E-09 1.4271E-09 1.4882E-09 1.5503E-09 1.6129E-09 1.6770E-09 1.7426E-09 1.8072E-09 1.8743E-09 1.9416E-09 2.0082E-09 2.0772E-09 2.1462E-09 2.2143E-09 2.2847E-09 2.3549E-09 2.4239E-09 2.4952E-09 2.5660E-09 2.6363E-09 2.7073E-09 2.7785E-09 2.8488E-09 2.9207E-09 2.9910E-09 3.0602E-09
1.9965E-10 2.1681E-10 2.3465E-10 2.5396E-10 2.7382E-10 2.9552E-10 3.1787E-10 3.4210E-10 3.6737E-10 3.9396E-10 4.2227E-10 4.5132E-10 4.8279E-10 5.1472E-10 5.4876E-10 5.8361E-10 6.2060E-10 6.5874E-10 6.9845E-10 7.4007E-10 7.8233E-10 8.2686E-10 8.7203E-10 9.1900E-10 9.6782E-10 1.0171E-09 1.0687E-09 1.1206E-09 1.1747E-09 1.2297E-09 1.2853E-09 1.3430E-09 1.4009E-09 1.4610E-09 1.5216E-09 1.5820E-09 1.6450E-09 1.7083E-09 1.7718E-09 1.8372E-09 1.9021E-09 1.9676E-09 2.0349E-09 2.1015E-09 2.1684E-09 2.2363E-09 2.3047E-09 2.3726E-09 2.4421E-09 2.5104E-09 2.5796E-09 2.6489E-09 2.7175E-09 2.7869E-09 2.8570E-09 2.9248E-09 2.9931E-09
1.9959E-10 2.1609E-10 2.3401E-10 2.5278E-10 2.7267E-10 2.9408E-10 3.1578E-10 3.3996E-10 3.6451E-10 3.9097E-10 4.1849E-10 4.4734E-10 4.7792E-10 5.0956E-10 5.4295E-10 5.7709E-10 6.1333E-10 6.5033E-10 6.8959E-10 7.2992E-10 7.7162E-10 8.1516E-10 8.5887E-10 9.0516E-10 9.5242E-10 1.0010E-09 1.0512E-09 1.1015E-09 1.1543E-09 1.2078E-09 1.2625E-09 1.3187E-09 1.3746E-09 1.4332E-09 1.4923E-09 1.5516E-09 1.6130E-09 1.6741E-09 1.7365E-09 1.7996E-09 1.8628E-09 1.9272E-09 1.9927E-09 2.0569E-09 2.1227E-09 2.1889E-09 2.2548E-09 2.3216E-09 2.3887E-09 2.4552E-09 2.5233E-09 2.5909E-09 2.6571E-09 2.7254E-09 2.7931E-09 2.8591E-09 2.9265E-09
1.9893E-10 2.1523E-10 2.3323E-10 2.5147E-10 2.7108E-10 2.9218E-10 3.1385E-10 3.3765E-10 3.6148E-10 3.8781E-10 4.1453E-10 4.4317E-10 4.7286E-10 5.0420E-10 5.3661E-10 5.7038E-10 6.0587E-10 6.4212E-10 6.8054E-10 7.1957E-10 7.6033E-10 8.0289E-10 8.4595E-10 8.9116E-10 9.3687E-10 9.8422E-10 1.0333E-09 1.0827E-09 1.1342E-09 1.1859E-09 1.2396E-09 1.2940E-09 1.3490E-09 1.4061E-09 1.4630E-09 1.5214E-09 1.5812E-09 1.6401E-09 1.7014E-09 1.7629E-09 1.8238E-09 1.8870E-09 1.9503E-09 2.0127E-09 2.0774E-09 2.1419E-09 2.2054E-09 2.2710E-09 2.3364E-09 2.4012E-09 2.4675E-09 2.5327E-09 2.5978E-09 2.6645E-09 2.7298E-09 2.7941E-09 2.8605E-09
