Assets/Resources/2015_m01_d25_1500(utc+0800)_l00_csi_1hr_conc.grd
DSAA
         159         159
     -79.000      79.000
     -79.000      79.000
  0.0000E+00  0.3469E-05
[rows 0 to 24 of 159, columns 57 to 113 of 159]
7.6219E-11 8.8856E-11 1.0013E-10 1.1349E-10 1.2860E-10 1.4403E-10 1.6348E-10 1.8243E-10 2.0410E-10 2.2809E-10 2.5359E-10 2.8386E-10 3.1471E-10 3.4898E-10 3.8620E-10 4.2567E-10 4.6828E-10 5.1365E-10 5.6209E-10 6.1254E-10 6.6549E-10 7.2074E-10 7.7809E-10 8.3784E-10 8.9948E-10 9.6318E-10 1.0285E-09 1.0953E-09 1.1631E-09 1.2319E-09 1.3012E-09 1.3707E-09 1.4400E-09 1.5087E-09 1.5763E-09 1.6423E-09 1.7064E-09 1.7679E-09 1.8265E-09 1.8817E-09 1.9330E-09 1.9799E-09 2.0221E-09 2.0592E-09 2.0907E-09 2.1164E-09 2.1360E-09 2.1493E-09 2.1561E-09 2.1564E-09 2.1501E-09 2.1371E-09 2.1175E-09 2.0916E-09 2.0595E-09 2.0215E-09 1.9778E-09
7.9359E-11 9.2222E-11 1.0392E-10 1.1772E-10 1.3337E-10 1.4935E-10 1.6951E-10 1.9015E-10 2.1218E-10 2.3748E-10 2.6638E-10 2.9572E-10 3.2973E-10 3.6589E-10 4.0479E-10 4.4700E-10 4.9215E-10 5.4012E-10 5.9050E-10 6.4377E-10 6.9916E-10 7.5730E-10 8.1775E-10 8.8075E-10 9.4596E-10 1.0131E-09 1.0821E-09 1.1527E-09 1.2246E-09 1.2975E-09 1.3710E-09 1.4448E-09 1.5183E-09 1.5912E-09 1.6630E-09 1.7332E-09 1.8012E-09 1.8667E-09 1.9290E-09 1.9877E-09 2.0422E-09 2.0922E-09 2.1371E-09 2.1766E-09 2.2102E-09 2.2377E-09 2.2587E-09 2.2731E-09 2.2805E-09 2.2811E-09 2.2745E-09 2.2610E-09 2.2405E-09 2.2133E-09 2.1795E-09 2.1394E-09 2.0933E-09
8.2223E-11 9.5339E-11 1.0775E-10 1.2165E-10 1.3781E-10 1.5432E-10 1.7574E-10 1.9658E-10 2.2110E-10 2.4715E-10 2.7633E-10 3.0973E-10 3.4434E-10 3.8257E-10 4.2410E-10 4.6864E-10 5.1601E-10 5.6593E-10 6.1898E-10 6.7446E-10 7.3262E-10 7.9393E-10 8.5813E-10 9.2474E-10 9.9390E-10 1.0653E-09 1.1387E-09 1.2136E-09 1.2900E-09 1.3674E-09 1.4455E-09 1.5238E-09 1.6020E-09 1.6794E-09 1.7558E-09 1.8303E-09 1.9027E-09 1.9723E-09 2.0385E-09 2.1010E-09 2.1590E-09 2.2122E-09 2.2600E-09 2.3020E-09 2.3378E-09 2.3671E-09 2.3895E-09 2.4048E-09 2.4128E-09 2.4134E-09 2.4066E-09 2.3923E-09 2.3707E-09 2.3418E-09 2.3061E-09 2.2636E-09 2.2148E-09
8.4657E-11 9.7067E-11 1.1099E-10 1.2516E-10 1.4189E-10 1.5889E-10 1.8145E-10 2.0418E-10 2.2851E-10 2.5702E-10 2.8890E-10 3.2190E-10 3.5959E-10 4.0006E-10 4.4337E-10 4.9006E-10 5.3928E-10 5.9178E-10 6.4673E-10 7.0496E-10 7.6651E-10 8.3093E-10 8.9843E-10 9.6864E-10 1.0415E-09 1.1166E-09 1.1940E-09 1.2732E-09 1.3540E-09 1.4359E-09 1.5187E-09 1.6017E-09 1.6845E-09 1.7667E-09 1.8476E-09 1.9267E-09 2.0035E-09 2.0774E-09 2.1477E-09 2.2140E-09 2.2756E-09 2.3321E-09 2.3829E-09 2.4276E-09 2.4657E-09 2.4969E-09 2.5208E-09 2.5371E-09 2.5457E-09 2.5466E-09 2.5395E-09 2.5245E-09 2.5017E-09 2.4713E-09 2.4335E-09 2.3887E-09 2.3372E-09
8.6742E-11 9.9574E-11 1.1386E-10 1.2839E-10 1.4557E-10 1.6402E-10 1.8677E-10 2.1039E-10 2.3673E-10 2.6689E-10 2.9892E-10 3.3591E-10 3.7475E-10 4.1686E-10 4.6281E-10 5.1081E-10 5.6244E-10 6.1678E-10 6.7456E-10 7.3576E-10 8.0037E-10 8.6828E-10 9.3964E-10 1.0137E-09 1.0909E-09 1.1705E-09 1.2525E-09 1.3364E-09 1.4220E-09 1.5089E-09 1.5966E-09 1.6846E-09 1.7725E-09 1.8597E-09 1.9456E-09 2.0296E-09 2.1111E-09 2.1895E-09 2.2642E-09 2.3346E-09 2.4000E-09 2.4599E-09 2.5139E-09 2.5613E-09 2.6017E-09 2.6348E-09 2.6602E-09 2.6775E-09 2.6867E-09 2.6875E-09 2.6800E-09 2.6640E-09 2.6399E-09 2.6077E-09 2.5676E-09 2.5201E-09 2.4655E-09
8.8611E-11 1.0176E-10 1.1619E-10 1.3124E-10 1.4884E-10 1.6783E-10 1.9244E-10 2.1656E-10 2.4482E-10 2.7500E-10 3.1156E-10 3.4829E-10 3.8948E-10 4.3441E-10 4.8093E-10 5.3161E-10 5.8479E-10 6.4181E-10 7.0231E-10 7.6657E-10 8.3465E-10 9.0585E-10 9.8068E-10 1.0587E-09 1.1397E-09 1.2234E-09 1.3097E-09 1.3982E-09 1.4886E-09 1.5805E-09 1.6732E-09 1.7664E-09 1.8595E-09 1.9518E-09 2.0428E-09 2.1318E-09 2.2182E-09 2.3013E-09 2.3805E-09 2.4551E-09 2.5245E-09 2.5880E-09 2.6452E-09 2.6955E-09 2.7384E-09 2.7734E-09 2.8003E-09 2.8188E-09 2.8285E-09 2.8295E-09 2.8216E-09 2.8049E-09 2.7794E-09 2.7454E-09 2.7031E-09 2.6529E-09 2.5951E-09
9.0177E-11 1.0361E-10 1.1833E-10 1.3358E-10 1.5244E-10 1.7111E-10 1.9738E-10 2.2271E-10 2.5272E-10 2.8581E-10 3.2160E-10 3.6104E-10 4.0503E-10 4.4990E-10 4.9938E-10 5.5122E-10 6.0704E-10 6.6660E-10 7.3023E-10 7.9738E-10 8.6851E-10 9.4332E-10 1.0216E-09 1.1034E-09 1.1885E-09 1.2767E-09 1.3676E-09 1.4610E-09 1.5564E-09 1.6534E-09 1.7515E-09 1.8502E-09 1.9489E-09 2.0468E-09 2.1433E-09 2.2378E-09 2.3295E-09 2.4178E-09 2.5018E-09 2.5809E-09 2.6545E-09 2.7219E-09 2.7826E-09 2.8358E-09 2.8811E-09 2.9182E-09 2.9466E-09 2.9660E-09 2.9761E-09 2.9770E-09 2.9684E-09 2.9504E-09 2.9233E-09 2.8872E-09 2.8424E-09 2.7892E-09 2.7281E-09
9.1416E-11 1.0500E-10 1.2007E-10 1.3558E-10 1.5504E-10 1.7555E-10 2.0015E-10 2.2920E-10 2.5977E-10 2.9423E-10 3.3326E-10 3.7336E-10 4.1814E-10 4.6611E-10 5.1631E-10 5.7072E-10 6.2899E-10 6.9127E-10 7.5750E-10 8.2781E-10 9.0207E-10 9.8020E-10 1.0623E-09 1.1482E-09 1.2377E-09 1.3305E-09 1.4263E-09 1.5249E-09 1.6259E-09 1.7286E-09 1.8326E-09 1.9372E-09 2.0416E-09 2.1453E-09 2.2475E-09 2.3475E-09 2.4446E-09 2.5379E-09 2.6269E-09 2.7108E-09 2.7887E-09 2.8602E-09 2.9245E-09 2.9810E-09 3.0292E-09 3.0686E-09 3.0987E-09 3.1192E-09 3.1298E-09 3.1306E-09 3.1212E-09 3.1018E-09 3.0726E-09 3.0338E-09 2.9858E-09 2.9291E-09 2.8642E-09
9.2336E-11 1.0612E-10 1.2139E-10 1.3766E-10 1.5700E-10 1.7840E-10 2.0530E-10 2.3395E-10 2.6634E-10 3.0286E-10 3.4285E-10 3.8628E-10 4.3216E-10 4.8060E-10 5.3306E-10 5.8966E-10 6.5023E-10 7.1505E-10 7.8418E-10 8.5736E-10 9.3494E-10 1.0168E-09 1.1029E-09 1.1931E-09 1.2873E-09 1.3852E-09 1.4865E-09 1.5908E-09 1.6974E-09 1.8058E-09 1.9156E-09 2.0259E-09 2.1362E-09 2.2459E-09 2.3541E-09 2.4600E-09 2.5629E-09 2.6619E-09 2.7563E-09 2.8451E-09 2.9278E-09 3.0034E-09 3.0714E-09 3.1310E-09 3.1818E-09 3.2231E-09 3.2546E-09 3.2759E-09 3.2868E-09 3.2873E-09 3.2772E-09 3.2566E-09 3.2257E-09 3.1844E-09 3.1332E-09 3.0725E-09 3.0032E-09
9.2680E-11 1.0672E-10 1.2223E-10 1.3883E-10 1.5832E-10 1.8118E-10 2.0871E-10 2.3817E-10 2.7483E-10 3.1266E-10 3.5260E-10 3.9752E-10 4.4440E-10 4.9463E-10 5.4920E-10 6.0767E-10 6.7067E-10 7.3797E-10 8.0977E-10 8.8626E-10 9.6742E-10 1.0532E-09 1.1437E-09 1.2388E-09 1.3381E-09 1.4413E-09 1.5479E-09 1.6577E-09 1.7699E-09 1.8842E-09 2.0001E-09 2.1168E-09 2.2334E-09 2.3494E-09 2.4637E-09 2.5757E-09 2.6846E-09 2.7893E-09 2.8891E-09 2.9831E-09 3.0705E-09 3.1505E-09 3.2223E-09 3.2852E-09 3.3387E-09 3.3822E-09 3.4152E-09 3.4373E-09 3.4483E-09 3.4480E-09 3.4365E-09 3.4138E-09 3.3803E-09 3.3362E-09 3.2818E-09 3.2179E-09 3.1446E-09
9.2822E-11 1.0697E-10 1.2266E-10 1.3948E-10 1.6148E-10 1.8374E-10 2.1376E-10 2.4516E-10 2.8024E-10 3.1996E-10 3.6039E-10 4.0805E-10 4.5575E-10 5.0796E-10 5.6406E-10 6.2487E-10 6.8995E-10 7.5989E-10 8.3475E-10 9.1463E-10 9.9971E-10 1.0900E-09 1.1851E-09 1.2851E-09 1.3893E-09 1.4977E-09 1.6098E-09 1.7253E-09 1.8436E-09 1.9639E-09 2.0859E-09 2.2087E-09 2.3315E-09 2.4537E-09 2.5743E-09 2.6925E-09 2.8073E-09 2.9178E-09 3.0232E-09 3.1224E-09 3.2146E-09 3.2989E-09 3.3746E-09 3.4409E-09 3.4972E-09 3.5428E-09 3.5772E-09 3.6003E-09 3.6116E-09 3.6111E-09 3.5987E-09 3.5745E-09 3.5385E-09 3.4912E-09 3.4329E-09 3.3645E-09 3.2865E-09
9.2567E-11 1.0674E-10 1.2276E-10 1.3964E-10 1.6238E-10 1.8549E-10 2.1213E-10 2.5042E-10 2.8495E-10 3.2683E-10 3.6869E-10 4.1703E-10 4.6656E-10 5.2005E-10 5.7816E-10 6.4077E-10 7.0837E-10 7.8111E-10 8.5934E-10 9.4308E-10 1.0322E-09 1.1269E-09 1.2265E-09 1.3312E-09 1.4406E-09 1.5543E-09 1.6720E-09 1.7932E-09 1.9174E-09 2.0440E-09 2.1725E-09 2.3020E-09 2.4316E-09 2.5604E-09 2.6876E-09 2.8122E-09 2.9332E-09 3.0497E-09 3.1607E-09 3.2652E-09 3.3623E-09 3.4510E-09 3.5306E-09 3.6003E-09 3.6592E-09 3.7069E-09 3.7427E-09 3.7664E-09 3.7777E-09 3.7764E-09 3.7625E-09 3.7363E-09 3.6980E-09 3.6479E-09 3.5863E-09 3.5138E-09 3.4308E-09
9.1965E-11 1.0623E-10 1.2165E-10 1.3980E-10 1.6241E-10 1.8674E-10 2.1321E-10 2.5319E-10 2.8855E-10 3.3365E-10 3.7490E-10 4.2555E-10 4.7624E-10 5.3133E-10 5.9108E-10 6.5592E-10 7.2618E-10 8.0210E-10 8.8384E-10 9.7141E-10 1.0646E-09 1.1635E-09 1.2676E-09 1.3771E-09 1.4916E-09 1.6107E-09 1.7341E-09 1.8615E-09 1.9920E-09 2.1250E-09 2.2598E-09 2.3956E-09 2.5315E-09 2.6668E-09 2.8004E-09 2.9313E-09 3.0586E-09 3.1811E-09 3.2978E-09 3.4078E-09 3.5098E-09 3.6031E-09 3.6868E-09 3.7599E-09 3.8218E-09 3.8718E-09 3.9094E-09 3.9342E-09 3.9459E-09 3.9442E-09 3.9292E-09 3.9008E-09 3.8596E-09 3.8058E-09 3.7402E-09 3.6634E-09 3.5761E-09
9.0843E-11 1.0528E-10 1.2171E-10 1.3945E-10 1.6427E-10 1.8873E-10 2.1784E-10 2.5804E-10 2.9734E-10 3.3823E-10 3.8543E-10 4.3306E-10 4.8492E-10 5.4148E-10 6.0318E-10 6.7059E-10 7.4384E-10 8.2278E-10 9.0812E-10 9.9952E-10 1.0964E-09 1.1995E-09 1.3083E-09 1.4226E-09 1.5424E-09 1.6672E-09 1.7964E-09 1.9297E-09 2.0663E-09 2.2058E-09 2.3474E-09 2.4902E-09 2.6332E-09 2.7754E-09 2.9159E-09 3.0536E-09 3.1873E-09 3.3161E-09 3.4387E-09 3.5540E-09 3.6611E-09 3.7589E-09 3.8464E-09 3.9228E-09 3.9873E-09 4.0392E-09 4.0779E-09 4.1032E-09 4.1146E-09 4.1122E-09 4.0959E-09 4.0659E-09 4.0223E-09 3.9653E-09 3.8955E-09 3.8138E-09 3.7210E-09
8.9675E-11 1.0450E-10 1.2102E-10 1.4007E-10 1.6425E-10 1.8968E-10 2.2290E-10 2.5987E-10 3.0266E-10 3.4197E-10 3.9093E-10 4.3938E-10 4.9250E-10 5.5082E-10 6.1493E-10 6.8483E-10 7.6100E-10 8.4348E-10 9.3178E-10 1.0266E-09 1.1278E-09 1.2350E-09 1.3484E-09 1.4678E-09 1.5929E-09 1.7231E-09 1.8583E-09 1.9979E-09 2.1412E-09 2.2873E-09 2.4355E-09 2.5849E-09 2.7345E-09 2.8834E-09 3.0306E-09 3.1747E-09 3.3149E-09 3.4497E-09 3.5782E-09 3.6991E-09 3.8113E-09 3.9137E-09 4.0054E-09 4.0853E-09 4.1528E-09 4.2070E-09 4.2474E-09 4.2734E-09 4.2848E-09 4.2814E-09 4.2633E-09 4.2307E-09 4.1839E-09 4.1235E-09 4.0501E-09 3.9642E-09 3.8662E-09
8.8177E-11 1.0302E-10 1.1973E-10 1.3934E-10 1.6225E-10 1.8942E-10 2.2255E-10 2.6029E-10 3.0505E-10 3.4452E-10 3.9513E-10 4.4465E-10 4.9941E-10 5.5988E-10 6.2619E-10 6.9885E-10 7.7795E-10 8.6310E-10 9.5489E-10 1.0534E-09 1.1583E-09 1.2699E-09 1.3880E-09 1.5124E-09 1.6428E-09 1.7789E-09 1.9200E-09 2.0657E-09 2.2152E-09 2.3679E-09 2.5229E-09 2.6793E-09 2.8359E-09 2.9919E-09 3.1459E-09 3.2969E-09 3.4436E-09 3.5847E-09 3.7190E-09 3.8454E-09 3.9625E-09 4.0694E-09 4.1649E-09 4.2480E-09 4.3180E-09 4.3741E-09 4.4157E-09 4.4422E-09 4.4536E-09 4.4497E-09 4.4303E-09 4.3955E-09 4.3456E-09 4.2812E-09 4.2030E-09 4.1120E-09 4.0091E-09
8.6494E-11 1.0032E-10 1.1786E-10 1.3753E-10 1.6090E-10 1.8757E-10 2.2405E-10 2.6240E-10 3.0615E-10 3.4626E-10 3.9840E-10 4.4942E-10 5.0592E-10 5.6850E-10 6.3732E-10 7.1232E-10 7.9390E-10 8.8237E-10 9.7711E-10 1.0792E-09 1.1883E-09 1.3042E-09 1.4270E-09 1.5564E-09 1.6921E-09 1.8337E-09 1.9808E-09 2.1329E-09 2.2891E-09 2.4486E-09 2.6105E-09 2.7737E-09 2.9374E-09 3.1001E-09 3.2610E-09 3.4186E-09 3.5717E-09 3.7190E-09 3.8592E-09 3.9911E-09 4.1133E-09 4.2247E-09 4.3242E-09 4.4107E-09 4.4834E-09 4.5413E-09 4.5839E-09 4.6107E-09 4.6215E-09 4.6161E-09 4.5946E-09 4.5574E-09 4.5047E-09 4.4369E-09 4.3545E-09 4.2583E-09 4.1494E-09
8.4334E-11 9.8232E-11 1.1702E-10 1.3758E-10 1.5935E-10 1.8950E-10 2.2308E-10 2.6799E-10 3.0655E-10 3.5423E-10 4.0131E-10 4.5365E-10 5.1224E-10 5.7676E-10 6.4768E-10 7.2512E-10 8.0919E-10 9.0035E-10 9.9879E-10 1.1044E-09 1.2173E-09 1.3376E-09 1.4651E-09 1.5994E-09 1.7407E-09 1.8881E-09 2.0412E-09 2.1993E-09 2.3618E-09 2.5277E-09 2.6962E-09 2.8663E-09 3.0368E-09 3.2065E-09 3.3742E-09 3.5385E-09 3.6980E-09 3.8515E-09 3.9975E-09 4.1347E-09 4.2618E-09 4.3775E-09 4.4807E-09 4.5703E-09 4.6455E-09 4.7053E-09 4.7491E-09 4.7765E-09 4.7872E-09 4.7808E-09 4.7573E-09 4.7171E-09 4.6606E-09 4.5885E-09 4.5017E-09 4.4010E-09 4.2869E-09
8.1880E-11 9.5784E-11 1.1346E-10 1.3581E-10 1.5937E-10 1.9338E-10 2.2355E-10 2.6913E-10 3.0627E-10 3.5560E-10 4.0366E-10 4.5796E-10 5.1796E-10 5.8439E-10 6.5740E-10 7.3682E-10 8.2363E-10 9.1789E-10 1.0193E-09 1.1286E-09 1.2455E-09 1.3701E-09 1.5023E-09 1.6417E-09 1.7882E-09 1.9411E-09 2.1001E-09 2.2646E-09 2.4338E-09 2.6065E-09 2.7820E-09 2.9591E-09 3.1365E-09 3.3131E-09 3.4875E-09 3.6584E-09 3.8243E-09 3.9838E-09 4.1355E-09 4.2779E-09 4.4098E-09 4.5296E-09 4.6364E-09 4.7289E-09 4.8061E-09 4.8672E-09 4.9116E-09 4.9388E-09 4.9485E-09 4.9406E-09 4.9154E-09 4.8729E-09 4.8132E-09 4.7369E-09 4.6450E-09 4.5386E-09 4.4189E-09
7.9280E-11 9.4102E-11 1.1126E-10 1.3364E-10 1.5720E-10 1.9010E-10 2.2165E-10 2.6809E-10 3.0587E-10 3.5632E-10 4.0631E-10 4.6161E-10 5.2330E-10 5.9146E-10 6.6606E-10 7.4817E-10 8.3712E-10 9.3417E-10 1.0391E-09 1.1518E-09 1.2727E-09 1.4016E-09 1.5383E-09 1.6827E-09 1.8346E-09 1.9933E-09 2.1583E-09 2.3287E-09 2.5040E-09 2.6830E-09 2.8649E-09 3.0485E-09 3.2325E-09 3.4158E-09 3.5968E-09 3.7740E-09 3.9461E-09 4.1115E-09 4.2687E-09 4.4162E-09 4.5526E-09 4.6766E-09 4.7869E-09 4.8823E-09 4.9619E-09 5.0247E-09 5.0701E-09 5.0974E-09 5.1062E-09 5.0966E-09 5.0686E-09 5.0227E-09 4.9594E-09 4.8794E-09 4.7833E-09 4.6716E-09 4.5458E-09
7.6376E-11 8.9893E-11 1.1046E-10 1.3073E-10 1.5608E-10 1.8908E-10 2.2116E-10 2.6672E-10 3.0487E-10 3.5772E-10 4.0773E-10 4.6508E-10 5.2815E-10 5.9797E-10 6.7523E-10 7.5974E-10 8.5221E-10 9.5273E-10 1.0613E-09 1.1781E-09 1.3032E-09 1.4367E-09 1.5784E-09 1.7281E-09 1.8853E-09 2.0495E-09 2.2202E-09 2.3968E-09 2.5784E-09 2.7641E-09 2.9527E-09 3.1431E-09 3.3340E-09 3.5239E-09 3.7114E-09 3.8949E-09 4.0730E-09 4.2440E-09 4.4064E-09 4.5587E-09 4.6993E-09 4.8269E-09 4.9401E-09 5.0378E-09 5.1190E-09 5.1828E-09 5.2283E-09 5.2552E-09 5.2631E-09 5.2519E-09 5.2215E-09 5.1721E-09 5.1044E-09 5.0192E-09 4.9174E-09 4.8001E-09 4.6682E-09
7.3408E-11 8.8502E-11 1.0766E-10 1.2787E-10 1.5314E-10 1.8828E-10 2.2714E-10 2.6485E-10 3.1156E-10 3.5785E-10 4.0998E-10 4.6846E-10 5.3301E-10 6.0478E-10 6.8378E-10 7.7100E-10 8.6559E-10 9.6863E-10 1.0802E-09 1.2002E-09 1.3291E-09 1.4666E-09 1.6126E-09 1.7667E-09 1.9287E-09 2.0984E-09 2.2748E-09 2.4574E-09 2.6452E-09 2.8372E-09 3.0322E-09 3.2290E-09 3.4263E-09 3.6225E-09 3.8162E-09 4.0058E-09 4.1896E-09 4.3660E-09 4.5334E-09 4.6902E-09 4.8348E-09 4.9659E-09 5.0819E-09 5.1819E-09 5.2646E-09 5.3291E-09 5.3748E-09 5.4012E-09 5.4078E-09 5.3947E-09 5.3618E-09 5.3096E-09 5.2386E-09 5.1491E-09 5.0423E-09 4.9194E-09 4.7818E-09
7.0580E-11 8.7569E-11 1.0496E-10 1.2645E-10 1.5720E-10 1.8544E-10 2.2556E-10 2.6301E-10 3.1111E-10 3.5772E-10 4.1254E-10 4.7172E-10 5.3801E-10 6.1139E-10 6.9253E-10 7.8164E-10 8.7930E-10 9.8520E-10 1.1002E-09 1.2237E-09 1.3561E-09 1.4975E-09 1.6478E-09 1.8068E-09 1.9742E-09 2.1494E-09 2.3316E-09 2.5203E-09 2.7142E-09 2.9126E-09 3.1140E-09 3.3172E-09 3.5208E-09 3.7232E-09 3.9229E-09 4.1182E-09 4.3075E-09 4.4889E-09 4.6609E-09 4.8219E-09 4.9701E-09 5.1041E-09 5.2226E-09 5.3242E-09 5.4079E-09 5.4728E-09 5.5181E-09 5.5434E-09 5.5483E-09 5.5328E-09 5.4969E-09 5.4411E-09 5.3659E-09 5.2721E-09 5.1608E-09 5.0323E-09 4.8882E-09
6.7738E-11 8.4989E-11 1.0197E-10 1.2339E-10 1.5392E-10 1.8190E-10 2.2255E-10 2.6029E-10 3.1073E-10 3.5958E-10 4.1385E-10 4.7522E-10 5.4279E-10 6.1810E-10 7.0106E-10 7.9245E-10 8.9230E-10 1.0009E-09 1.1186E-09 1.2450E-09 1.3808E-09 1.5262E-09 1.6810E-09 1.8448E-09 2.0173E-09 2.1978E-09 2.3857E-09 2.5802E-09 2.7802E-09 2.9846E-09 3.1922E-09 3.4016E-09 3.6113E-09 3.8196E-09 4.0250E-09 4.2257E-09 4.4201E-09 4.6063E-09 4.7826E-09 4.9472E-09 5.0985E-09 5.2351E-09 5.3556E-09 5.4586E-09 5.5430E-09 5.6078E-09 5.6525E-09 5.6763E-09 5.6793E-09 5.6610E-09 5.6220E-09 5.5624E-09 5.4829E-09 5.3845E-09 5.2679E-09 5.1346E-09 4.9856E-09
6.5745E-11 8.1696E-11 9.8550E-11 1.1974E-10 1.5026E-10 1.7887E-10 2.2010E-10 2.5899E-10 3.1056E-10 3.6073E-10 4.1656E-10 4.7863E-10 5.4781E-10 6.2472E-10 7.0926E-10 8.0252E-10 9.0483E-10 1.0156E-09 1.1358E-09 1.2655E-09 1.4050E-09 1.5543E-09 1.7133E-09 1.8816E-09 2.0589E-09 2.2446E-09 2.4380E-09 2.6381E-09 2.8439E-09 3.0542E-09 3.2677E-09 3.4830E-09 3.6984E-09 3.9124E-09 4.1233E-09 4.3291E-09 4.5282E-09 4.7187E-09 4.8986E-09 5.0666E-09 5.2207E-09 5.3595E-09 5.4814E-09 5.5852E-09 5.6696E-09 5.7341E-09 5.7777E-09 5.7999E-09 5.8005E-09 5.7794E-09 5.7369E-09 5.6733E-09 5.5894E-09 5.4861E-09 5.3645E-09 5.2258E-09 5.0711E-09
