Assets/Resources/2015_m01_d27_0200(utc+0800)_l00_csi_1hr_conc.grd
DSAA
         159         159
     -79.000      79.000
     -79.000      79.000
  0.0000E+00  0.6265E-05
[rows 0 to 24 of 159, columns 57 to 113 of 159]
1.0154E-09 1.1977E-09 1.4028E-09 1.6305E-09 1.8800E-09 2.1511E-09 2.4416E-09 2.7490E-09 3.0701E-09 3.4001E-09 3.7343E-09 4.0669E-09 4.3904E-09 4.6987E-09 4.9844E-09 5.2398E-09 5.4577E-09 5.6321E-09 5.7574E-09 5.8286E-09 5.8440E-09 5.8026E-09 5.7040E-09 5.5494E-09 5.3437E-09 5.0929E-09 4.8027E-09 4.4803E-09 4.1346E-09 3.7740E-09 3.4066E-09 3.0405E-09 2.6831E-09 2.3409E-09 2.0190E-09 1.7209E-09 1.4494E-09 1.2063E-09 9.9261E-10 8.0827E-10 6.4900E-10 5.1413E-10 4.0320E-10 3.0920E-10 2.2728E-10 1.6806E-10 1.2326E-10 8.0481E-11 2.4098E-11 0.0000E+00 0.0000E+00 0.0000E+00 0.0000E+00 0.0000E+00 0.0000E+00 0.0000E+00 0.0000E+00
1.0305E-09 1.2185E-09 1.4298E-09 1.6649E-09 1.9239E-09 2.2058E-09 2.5086E-09 2.8303E-09 3.1672E-09 3.5148E-09 3.8679E-09 4.2199E-09 4.5650E-09 4.8945E-09 5.2011E-09 5.4770E-09 5.7144E-09 5.9059E-09 6.0462E-09 6.1312E-09 6.1563E-09 6.1192E-09 6.0217E-09 5.8670E-09 5.6573E-09 5.3975E-09 5.0952E-09 4.7585E-09 4.3958E-09 4.0158E-09 3.6280E-09 3.2412E-09 2.8628E-09 2.4995E-09 2.1572E-09 1.8405E-09 1.5527E-09 1.2954E-09 1.0675E-09 8.6832E-10 6.9860E-10 5.5617E-10 4.3539E-10 3.3593E-10 2.4607E-10 1.8456E-10 1.3527E-10 9.1026E-11 3.4616E-11 0.0000E+00 0.0000E+00 0.0000E+00 0.0000E+00 0.0000E+00 0.0000E+00 0.0000E+00 0.0000E+00
1.0372E-09 1.2290E-09 1.4454E-09 1.6872E-09 1.9537E-09 2.2442E-09 2.5582E-09 2.8923E-09 3.2432E-09 3.6070E-09 3.9773E-09 4.3482E-09 4.7124E-09 5.0622E-09 5.3889E-09 5.6840E-09 5.9398E-09 6.1498E-09 6.3056E-09 6.4022E-09 6.4373E-09 6.4097E-09 6.3178E-09 6.1628E-09 5.9494E-09 5.6836E-09 5.3718E-09 5.0221E-09 4.6441E-09 4.2475E-09 3.8415E-09 3.4352E-09 3.0373E-09 2.6549E-09 2.2943E-09 1.9612E-09 1.6569E-09 1.3832E-09 1.1415E-09 9.3312E-10 7.5188E-10 5.9756E-10 4.7058E-10 3.6205E-10 2.6788E-10 2.0037E-10 1.4848E-10 1.0175E-10 4.2932E-11 0.0000E+00 0.0000E+00 0.0000E+00 0.0000E+00 0.0000E+00 0.0000E+00 0.0000E+00 0.0000E+00
1.0355E-09 1.2301E-09 1.4499E-09 1.6956E-09 1.9677E-09 2.2662E-09 2.5887E-09 2.9332E-09 3.2968E-09 3.6738E-09 4.0594E-09 4.4475E-09 4.8293E-09 5.1973E-09 5.5430E-09 5.8585E-09 6.1337E-09 6.3611E-09 6.5344E-09 6.6484E-09 6.6974E-09 6.6784E-09 6.5919E-09 6.4406E-09 6.2276E-09 5.9578E-09 5.6389E-09 5.2797E-09 4.8893E-09 4.4776E-09 4.0551E-09 3.6314E-09 3.2154E-09 2.8160E-09 2.4384E-09 2.0868E-09 1.7657E-09 1.4788E-09 1.2229E-09 9.9851E-10 8.0623E-10 6.4357E-10 5.0561E-10 3.8956E-10 2.9130E-10 2.1791E-10 1.6016E-10 1.1183E-10 5.1601E-11 1.7282E-12 0.0000E+00 0.0000E+00 0.0000E+00 0.0000E+00 0.0000E+00 0.0000E+00 0.0000E+00
1.0252E-09 1.2203E-09 1.4417E-09 1.6904E-09 1.9669E-09 2.2699E-09 2.5990E-09 2.9520E-09 3.3247E-09 3.7137E-09 4.1128E-09 4.5143E-09 4.9122E-09 5.2982E-09 5.6624E-09 5.9952E-09 6.2892E-09 6.5362E-09 6.7271E-09 6.8549E-09 6.9161E-09 6.9098E-09 6.8332E-09 6.6873E-09 6.4761E-09 6.2056E-09 5.8828E-09 5.5162E-09 5.1160E-09 4.6927E-09 4.2567E-09 3.8192E-09 3.3887E-09 2.9724E-09 2.5778E-09 2.2129E-09 1.8764E-09 1.5724E-09 1.3026E-09 1.0673E-09 8.6350E-10 6.8898E-10 5.4377E-10 4.1842E-10 3.1381E-10 2.3689E-10 1.7491E-10 1.2140E-10 6.4690E-11 5.9009E-12 0.0000E+00 0.0000E+00 0.0000E+00 0.0000E+00 0.0000E+00 0.0000E+00 0.0000E+00
1.0059E-09 1.2008E-09 1.4221E-09 1.6713E-09 1.9489E-09 2.2551E-09 2.5891E-09 2.9472E-09 3.3274E-09 3.7251E-09 4.1338E-09 4.5489E-09 4.9612E-09 5.3618E-09 5.7423E-09 6.0943E-09 6.4071E-09 6.6714E-09 6.8799E-09 7.0274E-09 7.1065E-09 7.1134E-09 7.0476E-09 6.9105E-09 6.7049E-09 6.4364E-09 6.1129E-09 5.7429E-09 5.3364E-09 4.9051E-09 4.4594E-09 4.0089E-09 3.5645E-09 3.1354E-09 2.7259E-09 2.3430E-09 1.9916E-09 1.6737E-09 1.3896E-09 1.1390E-09 9.2227E-10 7.3808E-10 5.8185E-10 4.4797E-10 3.3986E-10 2.5497E-10 1.8946E-10 1.3416E-10 7.6878E-11 1.1702E-11 9.1602E-13 0.0000E+00 0.0000E+00 0.0000E+00 0.0000E+00 0.0000E+00 0.0000E+00
9.7862E-10 1.1706E-09 1.3899E-09 1.6383E-09 1.9159E-09 2.2229E-09 2.5574E-09 2.9187E-09 3.3037E-09 3.7074E-09 4.1251E-09 4.5496E-09 4.9729E-09 5.3882E-09 5.7846E-09 6.1525E-09 6.4824E-09 6.7667E-09 6.9946E-09 7.1585E-09 7.2534E-09 7.2757E-09 7.2237E-09 7.0977E-09 6.9010E-09 6.6388E-09 6.3181E-09 5.9488E-09 5.5403E-09 5.1036E-09 4.6504E-09 4.1920E-09 3.7362E-09 3.2926E-09 2.8697E-09 2.4737E-09 2.1071E-09 1.7736E-09 1.4755E-09 1.2131E-09 9.8502E-10 7.8871E-10 6.2172E-10 4.8043E-10 3.6454E-10 2.7675E-10 2.0405E-10 1.4426E-10 8.5725E-11 2.0344E-11 1.1747E-12 6.3432E-13 0.0000E+00 0.0000E+00 0.0000E+00 0.0000E+00 0.0000E+00
9.4283E-10 1.1313E-09 1.3474E-09 1.5923E-09 1.8672E-09 2.1720E-09 2.5062E-09 2.8683E-09 3.2545E-09 3.6618E-09 4.0849E-09 4.5165E-09 4.9503E-09 5.3767E-09 5.7866E-09 6.1706E-09 6.5183E-09 6.8195E-09 7.0658E-09 7.2496E-09 7.3644E-09 7.4053E-09 7.3704E-09 7.2595E-09 7.0754E-09 6.8229E-09 6.5098E-09 6.1446E-09 5.7376E-09 5.3005E-09 4.8428E-09 4.3758E-09 3.9106E-09 3.4568E-09 3.0205E-09 2.6092E-09 2.2286E-09 1.8808E-09 1.5684E-09 1.2911E-09 1.0493E-09 8.4238E-10 6.6493E-10 5.1326E-10 3.9334E-10 2.9723E-10 2.2149E-10 1.5582E-10 9.4232E-11 3.1978E-11 3.0631E-12 1.0368E-12 0.0000E+00 0.0000E+00 0.0000E+00 0.0000E+00 0.0000E+00
9.0049E-10 1.0834E-09 1.2937E-09 1.5341E-09 1.8049E-09 2.1054E-09 2.4363E-09 2.7956E-09 3.1814E-09 3.5898E-09 4.0150E-09 4.4520E-09 4.8928E-09 5.3289E-09 5.7507E-09 6.1489E-09 6.5132E-09 6.8332E-09 7.0996E-09 7.3037E-09 7.4383E-09 7.4992E-09 7.4827E-09 7.3891E-09 7.2214E-09 6.9833E-09 6.6816E-09 6.3256E-09 5.9241E-09 5.4880E-09 5.0297E-09 4.5587E-09 4.0856E-09 3.6201E-09 3.1718E-09 2.7467E-09 2.3513E-09 1.9885E-09 1.6613E-09 1.3713E-09 1.1177E-09 8.9818E-10 7.0856E-10 5.5136E-10 4.2221E-10 3.2081E-10 2.3772E-10 1.6895E-10 1.0588E-10 4.1248E-11 4.2453E-12 2.1887E-12 9.4761E-13 0.0000E+00 0.0000E+00 0.0000E+00 0.0000E+00
8.5159E-10 1.0281E-09 1.2319E-09 1.4656E-09 1.7290E-09 2.0235E-09 2.3490E-09 2.7038E-09 3.0864E-09 3.4922E-09 3.9181E-09 4.3578E-09 4.8030E-09 5.2464E-09 5.6791E-09 6.0908E-09 6.4701E-09 6.8075E-09 7.0927E-09 7.3180E-09 7.4747E-09 7.5581E-09 7.5653E-09 7.4944E-09 7.3472E-09 7.1278E-09 6.8420E-09 6.4977E-09 6.1049E-09 5.6738E-09 5.2154E-09 4.7410E-09 4.2623E-09 3.7884E-09 3.3287E-09 2.8904E-09 2.4802E-09 2.1026E-09 1.7613E-09 1.4567E-09 1.1892E-09 9.5658E-10 7.5732E-10 5.8985E-10 4.5511E-10 3.4541E-10 2.5634E-10 1.8055E-10 1.1578E-10 5.5479E-11 1.0384E-11 2.6588E-12 1.5346E-12 0.0000E+00 0.0000E+00 0.0000E+00 0.0000E+00
7.9858E-10 9.6694E-10 1.1624E-09 1.3877E-09 1.6429E-09 1.9298E-09 2.2470E-09 2.5948E-09 2.9711E-09 3.3729E-09 3.7969E-09 4.2354E-09 4.6839E-09 5.1338E-09 5.5750E-09 5.9972E-09 6.3912E-09 6.7471E-09 7.0532E-09 7.3014E-09 7.4835E-09 7.5927E-09 7.6252E-09 7.5792E-09 7.4558E-09 7.2581E-09 6.9912E-09 6.6631E-09 6.2821E-09 5.8584E-09 5.4035E-09 4.9284E-09 4.4440E-09 3.9612E-09 3.4899E-09 3.0386E-09 2.6145E-09 2.2219E-09 1.8644E-09 1.5456E-09 1.2647E-09 1.0189E-09 8.0784E-10 6.3298E-10 4.8922E-10 3.7255E-10 2.7592E-10 1.9587E-10 1.2720E-10 7.0060E-11 1.9761E-11 5.7121E-12 2.3488E-12 9.8612E-13 0.0000E+00 0.0000E+00 0.0000E+00
7.4141E-10 9.0058E-10 1.0872E-09 1.3026E-09 1.5484E-09 1.8246E-09 2.1322E-09 2.4711E-09 2.8394E-09 3.2350E-09 3.6535E-09 4.0909E-09 4.5402E-09 4.9930E-09 5.4406E-09 5.8747E-09 6.2834E-09 6.6570E-09 6.9842E-09 7.2555E-09 7.4626E-09 7.5992E-09 7.6604E-09 7.6433E-09 7.5476E-09 7.3760E-09 7.1322E-09 6.8225E-09 6.4557E-09 6.0418E-09 5.5917E-09 5.1171E-09 4.6292E-09 4.1392E-09 3.6578E-09 3.1937E-09 2.7551E-09 2.3474E-09 1.9756E-09 1.6413E-09 1.3441E-09 1.0844E-09 8.6373E-10 6.7826E-10 5.2631E-10 4.0166E-10 2.9694E-10 2.1167E-10 1.4141E-10 8.2277E-11 2.8721E-11 8.6922E-12 3.7160E-12 2.0767E-12 0.0000E+00 0.0000E+00 0.0000E+00
6.8238E-10 8.3192E-10 1.0081E-09 1.2123E-09 1.4470E-09 1.7115E-09 2.0085E-09 2.3359E-09 2.6942E-09 3.0814E-09 3.4935E-09 3.9275E-09 4.3746E-09 4.8298E-09 5.2841E-09 5.7292E-09 6.1510E-09 6.5417E-09 6.8909E-09 7.1881E-09 7.4241E-09 7.5913E-09 7.6841E-09 7.6986E-09 7.6331E-09 7.4886E-09 7.2688E-09 6.9801E-09 6.6299E-09 6.2276E-09 5.7841E-09 5.3113E-09 4.8207E-09 4.3240E-09 3.8326E-09 3.3560E-09 2.9025E-09 2.4797E-09 2.0915E-09 1.7413E-09 1.4292E-09 1.1560E-09 9.2307E-10 7.2786E-10 5.6638E-10 4.3154E-10 3.2128E-10 2.2988E-10 1.5438E-10 9.3270E-11 3.8971E-11 1.3603E-11 5.2955E-12 2.3902E-12 0.0000E+00 0.0000E+00 0.0000E+00
6.2173E-10 7.6122E-10 9.2596E-10 1.1193E-09 1.3415E-09 1.5934E-09 1.8772E-09 2.1923E-09 2.5399E-09 2.9167E-09 3.3212E-09 3.7486E-09 4.1934E-09 4.6523E-09 5.1112E-09 5.5632E-09 6.0003E-09 6.4103E-09 6.7817E-09 7.1047E-09 7.3697E-09 7.5678E-09 7.6925E-09 7.7392E-09 7.7052E-09 7.5913E-09 7.3992E-09 7.1342E-09 6.8027E-09 6.4139E-09 5.9786E-09 5.5088E-09 5.0164E-09 4.5139E-09 4.0134E-09 3.5246E-09 3.0574E-09 2.6185E-09 2.2143E-09 1.8474E-09 1.5190E-09 1.2329E-09 9.8752E-10 7.8073E-10 6.0836E-10 4.6515E-10 3.4579E-10 2.4994E-10 1.7152E-10 1.0756E-10 5.1198E-11 1.9332E-11 7.5631E-12 3.7722E-12 0.0000E+00 0.0000E+00 0.0000E+00
5.6126E-10 6.9065E-10 8.4378E-10 1.0250E-09 1.2331E-09 1.4722E-09 1.7421E-09 2.0449E-09 2.3791E-09 2.7447E-09 3.1403E-09 3.5628E-09 4.0053E-09 4.4613E-09 4.9256E-09 5.3883E-09 5.8387E-09 6.2653E-09 6.6593E-09 7.0088E-09 7.3042E-09 7.5355E-09 7.6956E-09 7.7786E-09 7.7797E-09 7.6978E-09 7.5345E-09 7.2937E-09 6.9821E-09 6.6083E-09 6.1831E-09 5.7179E-09 5.2250E-09 4.7168E-09 4.2063E-09 3.7051E-09 3.2231E-09 2.7684E-09 2.3462E-09 1.9602E-09 1.6173E-09 1.3163E-09 1.0576E-09 8.3763E-10 6.5399E-10 4.9943E-10 3.7424E-10 2.7142E-10 1.8893E-10 1.2410E-10 6.9911E-11 2.4930E-11 1.1199E-11 5.1990E-12 0.0000E+00 0.0000E+00 0.0000E+00
5.0249E-10 6.2095E-10 7.6240E-10 9.3084E-10 1.1260E-09 1.3511E-09 1.6059E-09 1.8947E-09 2.2158E-09 2.5722E-09 2.9577E-09 3.3715E-09 3.8098E-09 4.2665E-09 4.7348E-09 5.2046E-09 5.6675E-09 6.1132E-09 6.5306E-09 6.9076E-09 7.2346E-09 7.4999E-09 7.6947E-09 7.8122E-09 7.8475E-09 7.7984E-09 7.6655E-09 7.4508E-09 7.1609E-09 6.8031E-09 6.3880E-09 5.9276E-09 5.4345E-09 4.9219E-09 4.4037E-09 3.8901E-09 3.3928E-09 2.9213E-09 2.4815E-09 2.0805E-09 1.7198E-09 1.4044E-09 1.1312E-09 8.9897E-10 7.0125E-10 5.3835E-10 4.0374E-10 2.9522E-10 2.0837E-10 1.4011E-10 8.3018E-11 3.4595E-11 1.5470E-11 6.0136E-12 0.0000E+00 0.0000E+00 0.0000E+00
4.4582E-10 5.5341E-10 6.8367E-10 8.3882E-10 1.0205E-09 1.2299E-09 1.4725E-09 1.7479E-09 2.0562E-09 2.3986E-09 2.7739E-09 3.1807E-09 3.6141E-09 4.0693E-09 4.5405E-09 5.0180E-09 5.4948E-09 5.9588E-09 6.3997E-09 6.8038E-09 7.1610E-09 7.4602E-09 7.6919E-09 7.8473E-09 7.9202E-09 7.9064E-09 7.8054E-09 7.6185E-09 7.3511E-09 7.0105E-09 6.6073E-09 6.1528E-09 5.6604E-09 5.1430E-09 4.6149E-09 4.0892E-09 3.5766E-09 3.0865E-09 2.6284E-09 2.2082E-09 1.8319E-09 1.4987E-09 1.2102E-09 9.6190E-10 7.5266E-10 5.7862E-10 4.3679E-10 3.2098E-10 2.2875E-10 1.5735E-10 9.7086E-11 4.5668E-11 2.1410E-11 7.8796E-12 0.0000E+00 0.0000E+00 0.0000E+00
3.9248E-10 4.8916E-10 6.0780E-10 7.5018E-10 9.1917E-10 1.1161E-09 1.3441E-09 1.6041E-09 1.9023E-09 2.2332E-09 2.5989E-09 2.9970E-09 3.4269E-09 3.8811E-09 4.3560E-09 4.8434E-09 5.3349E-09 5.8166E-09 6.2808E-09 6.7142E-09 7.1048E-09 7.4404E-09 7.7093E-09 7.9017E-09 8.0107E-09 8.0312E-09 7.9617E-09 7.8021E-09 7.5575E-09 7.2339E-09 6.8420E-09 6.3926E-09 5.8991E-09 5.3762E-09 4.8382E-09 4.2987E-09 3.7685E-09 3.2607E-09 2.7831E-09 2.3434E-09 1.9488E-09 1.5988E-09 1.2923E-09 1.0300E-09 8.0691E-10 6.2183E-10 4.7056E-10 3.4898E-10 2.5232E-10 1.7590E-10 1.1128E-10 5.7968E-11 2.8873E-11 9.0717E-12 0.0000E+00 0.0000E+00 0.0000E+00
3.4241E-10 4.2885E-10 5.3689E-10 6.6812E-10 8.2354E-10 1.0060E-09 1.2215E-09 1.4697E-09 1.7523E-09 2.0693E-09 2.4257E-09 2.8147E-09 3.2385E-09 3.6917E-09 4.1708E-09 4.6650E-09 5.1680E-09 5.6695E-09 6.1578E-09 6.6203E-09 7.0424E-09 7.4124E-09 7.7184E-09 7.9499E-09 8.0977E-09 8.1549E-09 8.1189E-09 7.9887E-09 7.7680E-09 7.4629E-09 7.0824E-09 6.6395E-09 6.1463E-09 5.6187E-09 5.0699E-09 4.5149E-09 3.9684E-09 3.4424E-09 2.9469E-09 2.4888E-09 2.0714E-09 1.7031E-09 1.3795E-09 1.1005E-09 8.6559E-10 6.6861E-10 5.0749E-10 3.7768E-10 2.7620E-10 1.9634E-10 1.2655E-10 7.2310E-11 3.7303E-11 1.1114E-11 1.1450E-12 0.0000E+00 0.0000E+00
2.9474E-10 3.7427E-10 4.7093E-10 5.9001E-10 7.3378E-10 9.0538E-10 1.1056E-09 1.3393E-09 1.6086E-09 1.9162E-09 2.2608E-09 2.6439E-09 3.0637E-09 3.5164E-09 3.9977E-09 4.5014E-09 5.0196E-09 5.5419E-09 6.0543E-09 6.5455E-09 7.0018E-09 7.4098E-09 7.7553E-09 8.0263E-09 8.2122E-09 8.3051E-09 8.3016E-09 8.1996E-09 8.0014E-09 7.7134E-09 7.3438E-09 6.9055E-09 6.4111E-09 5.8754E-09 5.3149E-09 4.7454E-09 4.1803E-09 3.6351E-09 3.1190E-09 2.6383E-09 2.2034E-09 1.8109E-09 1.4697E-09 1.1752E-09 9.2459E-10 7.1697E-10 5.4528E-10 4.0936E-10 3.0036E-10 2.1518E-10 1.4491E-10 8.7192E-11 4.3875E-11 1.3851E-11 2.4215E-12 0.0000E+00 0.0000E+00
2.4705E-10 3.1813E-10 4.1014E-10 5.1909E-10 6.5092E-10 8.0962E-10 9.9700E-10 1.2181E-09 1.4744E-09 1.7698E-09 2.1035E-09 2.4789E-09 2.8923E-09 3.3436E-09 3.8288E-09 4.3421E-09 4.8738E-09 5.4144E-09 5.9524E-09 6.4745E-09 6.9654E-09 7.4105E-09 7.7940E-09 8.1041E-09 8.3285E-09 8.4586E-09 8.4881E-09 8.4150E-09 8.2399E-09 7.9695E-09 7.6108E-09 7.1768E-09 6.6797E-09 6.1371E-09 5.5645E-09 4.9799E-09 4.3980E-09 3.8326E-09 3.2948E-09 2.7956E-09 2.3355E-09 1.9259E-09 1.5626E-09 1.2523E-09 9.8739E-10 7.6695E-10 5.8641E-10 4.4048E-10 3.2697E-10 2.3570E-10 1.6166E-10 1.0200E-10 5.1863E-11 1.6219E-11 2.8108E-12 0.0000E+00 0.0000E+00
2.0876E-10 2.6851E-10 3.4770E-10 4.5296E-10 5.7522E-10 7.2181E-10 8.9598E-10 1.1044E-09 1.3487E-09 1.6313E-09 1.9569E-09 2.3242E-09 2.7350E-09 3.1877E-09 3.6781E-09 4.2008E-09 4.7484E-09 5.3116E-09 5.8770E-09 6.4315E-09 6.9580E-09 7.4426E-09 7.8681E-09 8.2201E-09 8.4851E-09 8.6522E-09 8.7139E-09 8.6677E-09 8.5138E-09 8.2585E-09 7.9076E-09 7.4749E-09 6.9740E-09 6.4220E-09 5.8362E-09 5.2338E-09 4.6311E-09 4.0427E-09 3.4821E-09 2.9546E-09 2.4756E-09 2.0416E-09 1.6618E-09 1.3310E-09 1.0523E-09 8.1913E-10 6.2814E-10 4.7318E-10 3.5165E-10 2.5641E-10 1.7732E-10 1.1526E-10 6.2214E-11 2.0493E-11 4.4522E-12 0.0000E+00 0.0000E+00
1.7755E-10 2.2870E-10 2.9333E-10 3.8836E-10 5.0265E-10 6.3917E-10 8.0391E-10 9.9930E-10 1.2316E-09 1.5039E-09 1.8198E-09 2.1803E-09 2.5876E-09 3.0398E-09 3.5346E-09 4.0685E-09 4.6332E-09 5.2195E-09 5.8124E-09 6.4004E-09 6.9649E-09 7.4899E-09 7.9578E-09 8.3504E-09 8.6546E-09 8.8587E-09 8.9536E-09 8.9349E-09 8.8009E-09 8.5573E-09 8.2121E-09 7.7796E-09 7.2742E-09 6.7107E-09 6.1104E-09 5.4892E-09 4.8656E-09 4.2547E-09 3.6682E-09 3.1205E-09 2.6140E-09 2.1626E-09 1.7601E-09 1.4103E-09 1.1170E-09 8.7038E-10 6.6925E-10 5.0697E-10 3.7757E-10 2.7525E-10 1.9432E-10 1.2933E-10 7.2707E-11 2.6602E-11 5.7104E-12 0.0000E+00 0.0000E+00
1.4960E-10 1.9450E-10 2.5058E-10 3.3244E-10 4.3317E-10 5.6058E-10 7.1669E-10 9.0135E-10 1.1246E-09 1.3868E-09 1.6934E-09 2.0483E-09 2.4531E-09 2.9081E-09 3.4118E-09 3.9603E-09 4.5436E-09 5.1550E-09 5.7796E-09 6.4030E-09 7.0078E-09 7.5743E-09 8.0856E-09 8.5223E-09 8.8686E-09 9.1098E-09 9.2359E-09 9.2415E-09 9.1260E-09 8.8948E-09 8.5552E-09 8.1178E-09 7.6007E-09 7.0229E-09 6.4039E-09 5.7607E-09 5.1116E-09 4.4733E-09 3.8619E-09 3.2845E-09 2.7575E-09 2.2803E-09 1.8601E-09 1.4886E-09 1.1813E-09 9.2275E-10 7.1126E-10 5.3976E-10 4.0239E-10 2.9555E-10 2.0948E-10 1.3909E-10 8.0475E-11 3.3873E-11 7.1605E-12 0.0000E+00 0.0000E+00
1.2048E-10 1.6332E-10 2.1253E-10 2.8568E-10 3.7484E-10 4.9137E-10 6.3427E-10 8.1085E-10 1.0239E-09 1.2776E-09 1.5774E-09 1.9282E-09 2.3319E-09 2.7909E-09 3.3037E-09 3.8644E-09 4.4682E-09 5.1050E-09 5.7631E-09 6.4231E-09 7.0699E-09 7.6820E-09 8.2395E-09 8.7208E-09 9.1077E-09 9.3850E-09 9.5417E-09 9.5716E-09 9.4735E-09 9.2499E-09 8.9105E-09 8.4683E-09 7.9419E-09 7.3443E-09 6.7008E-09 6.0326E-09 5.3573E-09 4.6927E-09 4.0538E-09 3.4540E-09 2.8989E-09 2.4000E-09 1.9590E-09 1.5667E-09 1.2443E-09 9.7512E-10 7.5123E-10 5.7112E-10 4.2609E-10 3.1297E-10 2.2330E-10 1.5145E-10 8.9375E-11 3.9179E-11 9.4024E-12 0.0000E+00 0.0000E+00
