Assets/Resources/2015_m01_d18_0000(utc+0800)_l00_csi_1hr_conc.grd
DSAA
         159         159
     -79.000      79.000
     -79.000      79.000
  0.0000E+00  0.9317E-05
[rows 50 to 74 of 159, columns 0 to 56 of 159]
1.4528E-09 1.5599E-09 1.6735E-09 1.7935E-09 1.9193E-09 2.0507E-09 2.1880E-09 2.3319E-09 2.4810E-09 2.6356E-09 2.7950E-09 2.9590E-09 3.1281E-09 3.3013E-09 3.4775E-09 3.6569E-09 3.8394E-09 4.0236E-09 4.2102E-09 4.3977E-09 4.5862E-09 4.7757E-09 4.9648E-09 5.1536E-09 5.3416E-09 5.5285E-09 5.7137E-09 5.8976E-09 6.0786E-09 6.2569E-09 6.4327E-09 6.6050E-09 6.7737E-09 6.9379E-09 7.0985E-09 7.2552E-09 7.4073E-09 7.5536E-09 7.6999E-09 7.8413E-09 7.9775E-09 8.1088E-09 8.2341E-09 8.3551E-09 8.4735E-09 8.5847E-09 8.6924E-09 8.7954E-09 8.8936E-09 8.9856E-09 9.0706E-09 9.1508E-09 9.2249E-09 9.2959E-09 9.3630E-09 9.4247E-09 9.4819E-09
1.4400E-09 1.5469E-09 1.6600E-09 1.7790E-09 1.9040E-09 2.0346E-09 2.1710E-09 2.3144E-09 2.4620E-09 2.6155E-09 2.7735E-09 2.9367E-09 3.1044E-09 3.2755E-09 3.4504E-09 3.6280E-09 3.8087E-09 3.9911E-09 4.1754E-09 4.3617E-09 4.5483E-09 4.7357E-09 4.9231E-09 5.1102E-09 5.2967E-09 5.4827E-09 5.6666E-09 5.8487E-09 6.0286E-09 6.2059E-09 6.3810E-09 6.5534E-09 6.7215E-09 6.8848E-09 7.0455E-09 7.2031E-09 7.3553E-09 7.5022E-09 7.6495E-09 7.7914E-09 7.9290E-09 8.0617E-09 8.1900E-09 8.3132E-09 8.4340E-09 8.5479E-09 8.6586E-09 8.7651E-09 8.8669E-09 8.9628E-09 9.0504E-09 9.1348E-09 9.2148E-09 9.2907E-09 9.3619E-09 9.4289E-09 9.4917E-09
1.4260E-09 1.5327E-09 1.6450E-09 1.7629E-09 1.8870E-09 2.0166E-09 2.1532E-09 2.2942E-09 2.4406E-09 2.5926E-09 2.7497E-09 2.9114E-09 3.0769E-09 3.2466E-09 3.4192E-09 3.5953E-09 3.7735E-09 3.9539E-09 4.1368E-09 4.3206E-09 4.5053E-09 4.6907E-09 4.8768E-09 5.0622E-09 5.2470E-09 5.4308E-09 5.6138E-09 5.7952E-09 5.9738E-09 6.1499E-09 6.3244E-09 6.4954E-09 6.6626E-09 6.8264E-09 6.9870E-09 7.1439E-09 7.2956E-09 7.4437E-09 7.5918E-09 7.7353E-09 7.8734E-09 8.0073E-09 8.1373E-09 8.2625E-09 8.3851E-09 8.5015E-09 8.6152E-09 8.7262E-09 8.8303E-09 8.9299E-09 9.0227E-09 9.1100E-09 9.1944E-09 9.2754E-09 9.3517E-09 9.4239E-09 9.4934E-09
1.4112E-09 1.5167E-09 1.6283E-09 1.7451E-09 1.8683E-09 1.9975E-09 2.1321E-09 2.2718E-09 2.4168E-09 2.5678E-09 2.7233E-09 2.8827E-09 3.0468E-09 3.2139E-09 3.3849E-09 3.5584E-09 3.7345E-09 3.9133E-09 4.0935E-09 4.2756E-09 4.4577E-09 4.6416E-09 4.8257E-09 5.0086E-09 5.1922E-09 5.3742E-09 5.5556E-09 5.7349E-09 5.9121E-09 6.0876E-09 6.2604E-09 6.4305E-09 6.5968E-09 6.7601E-09 6.9206E-09 7.0772E-09 7.2288E-09 7.3773E-09 7.5261E-09 7.6704E-09 7.8095E-09 7.9445E-09 8.0761E-09 8.2032E-09 8.3280E-09 8.4469E-09 8.5633E-09 8.6776E-09 8.7851E-09 8.8883E-09 8.9849E-09 9.0775E-09 9.1652E-09 9.2511E-09 9.3322E-09 9.4096E-09 9.4849E-09
1.3949E-09 1.4996E-09 1.6101E-09 1.7259E-09 1.8483E-09 1.9759E-09 2.1091E-09 2.2473E-09 2.3915E-09 2.5401E-09 2.6937E-09 2.8511E-09 3.0130E-09 3.1785E-09 3.3468E-09 3.5185E-09 3.6922E-09 3.8683E-09 4.0467E-09 4.2260E-09 4.4064E-09 4.5881E-09 4.7695E-09 4.9509E-09 5.1319E-09 5.3120E-09 5.4916E-09 5.6691E-09 5.8448E-09 6.0189E-09 6.1906E-09 6.3600E-09 6.5248E-09 6.6876E-09 6.8476E-09 7.0045E-09 7.1558E-09 7.3047E-09 7.4539E-09 7.5983E-09 7.7381E-09 7.8755E-09 8.0086E-09 8.1374E-09 8.2643E-09 8.3854E-09 8.5059E-09 8.6220E-09 8.7326E-09 8.8393E-09 8.9383E-09 9.0347E-09 9.1282E-09 9.2176E-09 9.3034E-09 9.3870E-09 9.4670E-09
1.3780E-09 1.4813E-09 1.5907E-09 1.7057E-09 1.8264E-09 1.9526E-09 2.0843E-09 2.2209E-09 2.3634E-09 2.5106E-09 2.6616E-09 2.8173E-09 2.9769E-09 3.1395E-09 3.3054E-09 3.4747E-09 3.6460E-09 3.8201E-09 3.9956E-09 4.1730E-09 4.3510E-09 4.5298E-09 4.7089E-09 4.8881E-09 5.0674E-09 5.2455E-09 5.4226E-09 5.5988E-09 5.7734E-09 5.9455E-09 6.1158E-09 6.2839E-09 6.4476E-09 6.6104E-09 6.7698E-09 6.9247E-09 7.0759E-09 7.2247E-09 7.3750E-09 7.5200E-09 7.6602E-09 7.7985E-09 7.9329E-09 8.0626E-09 8.1915E-09 8.3147E-09 8.4378E-09 8.5567E-09 8.6704E-09 8.7805E-09 8.8828E-09 8.9832E-09 9.0811E-09 9.1748E-09 9.2653E-09 9.3541E-09 9.4397E-09
1.3597E-09 1.4618E-09 1.5700E-09 1.6837E-09 1.8030E-09 1.9277E-09 2.0578E-09 2.1930E-09 2.3332E-09 2.4782E-09 2.6270E-09 2.7803E-09 2.9375E-09 3.0976E-09 3.2615E-09 3.4277E-09 3.5970E-09 3.7680E-09 3.9409E-09 4.1157E-09 4.2912E-09 4.4675E-09 4.6442E-09 4.8215E-09 4.9980E-09 5.1739E-09 5.3494E-09 5.5238E-09 5.6958E-09 5.8664E-09 6.0358E-09 6.2017E-09 6.3650E-09 6.5262E-09 6.6848E-09 6.8388E-09 6.9905E-09 7.1391E-09 7.2888E-09 7.4340E-09 7.5746E-09 7.7138E-09 7.8494E-09 7.9805E-09 8.1123E-09 8.2375E-09 8.3631E-09 8.4846E-09 8.6011E-09 8.7131E-09 8.8201E-09 8.9243E-09 9.0250E-09 9.1228E-09 9.2188E-09 9.3116E-09 9.4026E-09
1.3404E-09 1.4414E-09 1.5486E-09 1.6605E-09 1.7786E-09 1.9013E-09 2.0296E-09 2.1633E-09 2.3010E-09 2.4437E-09 2.5904E-09 2.7414E-09 2.8955E-09 3.0535E-09 3.2143E-09 3.3778E-09 3.5444E-09 3.7127E-09 3.8834E-09 4.0550E-09 4.2278E-09 4.4014E-09 4.5761E-09 4.7504E-09 4.9245E-09 5.0986E-09 5.2720E-09 5.4435E-09 5.6136E-09 5.7830E-09 5.9501E-09 6.1143E-09 6.2763E-09 6.4365E-09 6.5940E-09 6.7472E-09 6.8990E-09 7.0473E-09 7.1963E-09 7.3415E-09 7.4824E-09 7.6237E-09 7.7601E-09 7.8924E-09 8.0245E-09 8.1529E-09 8.2793E-09 8.4033E-09 8.5225E-09 8.6374E-09 8.7474E-09 8.8553E-09 8.9598E-09 9.0617E-09 9.1620E-09 9.2598E-09 9.3557E-09
1.3203E-09 1.4199E-09 1.5257E-09 1.6365E-09 1.7526E-09 1.8735E-09 2.0003E-09 2.1315E-09 2.2668E-09 2.4071E-09 2.5513E-09 2.6996E-09 2.8511E-09 3.0064E-09 3.1644E-09 3.3257E-09 3.4889E-09 3.6544E-09 3.8227E-09 3.9910E-09 4.1610E-09 4.3330E-09 4.5039E-09 4.6755E-09 4.8476E-09 5.0187E-09 5.1897E-09 5.3590E-09 5.5276E-09 5.6944E-09 5.8602E-09 6.0221E-09 6.1827E-09 6.3423E-09 6.4986E-09 6.6507E-09 6.8013E-09 6.9491E-09 7.0979E-09 7.2436E-09 7.3859E-09 7.5263E-09 7.6629E-09 7.7962E-09 7.9296E-09 8.0597E-09 8.1880E-09 8.3142E-09 8.4359E-09 8.5534E-09 8.6664E-09 8.7778E-09 8.8858E-09 8.9914E-09 9.0961E-09 9.1984E-09 9.2989E-09
1.2994E-09 1.3976E-09 1.5019E-09 1.6110E-09 1.7254E-09 1.8447E-09 1.9690E-09 2.0979E-09 2.2308E-09 2.3689E-09 2.5101E-09 2.6557E-09 2.8044E-09 2.9570E-09 3.1121E-09 3.2709E-09 3.4307E-09 3.5932E-09 3.7586E-09 3.9240E-09 4.0916E-09 4.2603E-09 4.4283E-09 4.5972E-09 4.7671E-09 4.9357E-09 5.1035E-09 5.2710E-09 5.4368E-09 5.6022E-09 5.7653E-09 5.9259E-09 6.0850E-09 6.2433E-09 6.3974E-09 6.5484E-09 6.6983E-09 6.8453E-09 6.9944E-09 7.1390E-09 7.2813E-09 7.4221E-09 7.5592E-09 7.6933E-09 7.8290E-09 7.9593E-09 8.0907E-09 8.2188E-09 8.3415E-09 8.4628E-09 8.5786E-09 8.6918E-09 8.8031E-09 8.9132E-09 9.0209E-09 9.1276E-09 9.2323E-09
1.2777E-09 1.3745E-09 1.4771E-09 1.5845E-09 1.6970E-09 1.8143E-09 1.9363E-09 2.0627E-09 2.1931E-09 2.3285E-09 2.4671E-09 2.6099E-09 2.7557E-09 2.9053E-09 3.0574E-09 3.2133E-09 3.3701E-09 3.5306E-09 3.6919E-09 3.8542E-09 4.0189E-09 4.1845E-09 4.3496E-09 4.5168E-09 4.6828E-09 4.8486E-09 5.0144E-09 5.1788E-09 5.3428E-09 5.5054E-09 5.6669E-09 5.8250E-09 5.9823E-09 6.1391E-09 6.2916E-09 6.4413E-09 6.5902E-09 6.7372E-09 6.8848E-09 7.0288E-09 7.1711E-09 7.3119E-09 7.4507E-09 7.5853E-09 7.7208E-09 7.8535E-09 7.9851E-09 8.1150E-09 8.2396E-09 8.3632E-09 8.4816E-09 8.5976E-09 8.7118E-09 8.8252E-09 8.9367E-09 9.0474E-09 9.1560E-09
1.2554E-09 1.3506E-09 1.4516E-09 1.5571E-09 1.6672E-09 1.7826E-09 1.9022E-09 2.0261E-09 2.1538E-09 2.2866E-09 2.4228E-09 2.5622E-09 2.7051E-09 2.8517E-09 3.0008E-09 3.1536E-09 3.3072E-09 3.4646E-09 3.6228E-09 3.7825E-09 3.9435E-09 4.1060E-09 4.2681E-09 4.4323E-09 4.5954E-09 4.7584E-09 4.9215E-09 5.0838E-09 5.2447E-09 5.4050E-09 5.5642E-09 5.7201E-09 5.8764E-09 6.0307E-09 6.1814E-09 6.3298E-09 6.4788E-09 6.6235E-09 6.7702E-09 6.9135E-09 7.0561E-09 7.1975E-09 7.3351E-09 7.4701E-09 7.6077E-09 7.7400E-09 7.8727E-09 8.0042E-09 8.1304E-09 8.2560E-09 8.3767E-09 8.4952E-09 8.6121E-09 8.7287E-09 8.8437E-09 8.9578E-09 9.0700E-09
1.2321E-09 1.3260E-09 1.4252E-09 1.5288E-09 1.6367E-09 1.7497E-09 1.8668E-09 1.9881E-09 2.1131E-09 2.2431E-09 2.3765E-09 2.5130E-09 2.6533E-09 2.7963E-09 2.9427E-09 3.0919E-09 3.2423E-09 3.3965E-09 3.5514E-09 3.7079E-09 3.8663E-09 4.0251E-09 4.1841E-09 4.3452E-09 4.5053E-09 4.6659E-09 4.8256E-09 4.9852E-09 5.1435E-09 5.3020E-09 5.4580E-09 5.6117E-09 5.7660E-09 5.9184E-09 6.0672E-09 6.2147E-09 6.3618E-09 6.5052E-09 6.6509E-09 6.7940E-09 6.9367E-09 7.0765E-09 7.2140E-09 7.3492E-09 7.4873E-09 7.6202E-09 7.7540E-09 7.8867E-09 8.0143E-09 8.1416E-09 8.2645E-09 8.3852E-09 8.5055E-09 8.6238E-09 8.7420E-09 8.8592E-09 8.9746E-09
1.2087E-09 1.3009E-09 1.3982E-09 1.4996E-09 1.6051E-09 1.7158E-09 1.8303E-09 1.9490E-09 2.0712E-09 2.1983E-09 2.3287E-09 2.4622E-09 2.5995E-09 2.7394E-09 2.8825E-09 3.0284E-09 3.1756E-09 3.3265E-09 3.4782E-09 3.6314E-09 3.7865E-09 3.9420E-09 4.0983E-09 4.2557E-09 4.4127E-09 4.5703E-09 4.7270E-09 4.8838E-09 5.0394E-09 5.1958E-09 5.3487E-09 5.5000E-09 5.6529E-09 5.8025E-09 5.9500E-09 6.0961E-09 6.2409E-09 6.3829E-09 6.5280E-09 6.6694E-09 6.8114E-09 6.9507E-09 7.0879E-09 7.2230E-09 7.3613E-09 7.4947E-09 7.6305E-09 7.7629E-09 7.8930E-09 8.0218E-09 8.1451E-09 8.2676E-09 8.3900E-09 8.5108E-09 8.6318E-09 8.7516E-09 8.8701E-09
1.1848E-09 1.2752E-09 1.3704E-09 1.4692E-09 1.5727E-09 1.6809E-09 1.7928E-09 1.9088E-09 2.0282E-09 2.1524E-09 2.2798E-09 2.4102E-09 2.5443E-09 2.6809E-09 2.8209E-09 2.9635E-09 3.1078E-09 3.2549E-09 3.4032E-09 3.5530E-09 3.7048E-09 3.8570E-09 4.0100E-09 4.1642E-09 4.3180E-09 4.4725E-09 4.6261E-09 4.7800E-09 4.9328E-09 5.0865E-09 5.2367E-09 5.3861E-09 5.5361E-09 5.6836E-09 5.8289E-09 5.9732E-09 6.1163E-09 6.2568E-09 6.4004E-09 6.5420E-09 6.6818E-09 6.8204E-09 6.9571E-09 7.0931E-09 7.2302E-09 7.3651E-09 7.5000E-09 7.6331E-09 7.7641E-09 7.8941E-09 8.0188E-09 8.1429E-09 8.2671E-09 8.3900E-09 8.5134E-09 8.6355E-09 8.7568E-09
1.1605E-09 1.2489E-09 1.3415E-09 1.4384E-09 1.5395E-09 1.6451E-09 1.7544E-09 1.8672E-09 1.9842E-09 2.1054E-09 2.2292E-09 2.3570E-09 2.4879E-09 2.6213E-09 2.7580E-09 2.8972E-09 3.0382E-09 3.1818E-09 3.3267E-09 3.4731E-09 3.6215E-09 3.7703E-09 3.9200E-09 4.0708E-09 4.2214E-09 4.3727E-09 4.5232E-09 4.6740E-09 4.8239E-09 4.9748E-09 5.1223E-09 5.2690E-09 5.4167E-09 5.5618E-09 5.7049E-09 5.8472E-09 5.9886E-09 6.1281E-09 6.2693E-09 6.4096E-09 6.5483E-09 6.6859E-09 6.8232E-09 6.9575E-09 7.0957E-09 7.2292E-09 7.3643E-09 7.4978E-09 7.6294E-09 7.7603E-09 7.8861E-09 8.0114E-09 8.1370E-09 8.2619E-09 8.3871E-09 8.5113E-09 8.6349E-09
1.1357E-09 1.2220E-09 1.3124E-09 1.4070E-09 1.5056E-09 1.6086E-09 1.7148E-09 1.8252E-09 1.9393E-09 2.0575E-09 2.1783E-09 2.3024E-09 2.4306E-09 2.5607E-09 2.6940E-09 2.8298E-09 2.9674E-09 3.1075E-09 3.2490E-09 3.3919E-09 3.5362E-09 3.6822E-09 3.8284E-09 3.9759E-09 4.1232E-09 4.2712E-09 4.4192E-09 4.5663E-09 4.7137E-09 4.8611E-09 5.0057E-09 5.1498E-09 5.2949E-09 5.4383E-09 5.5783E-09 5.7185E-09 5.8579E-09 5.9956E-09 6.1351E-09 6.2739E-09 6.4113E-09 6.5491E-09 6.6841E-09 6.8177E-09 6.9554E-09 7.0886E-09 7.2236E-09 7.3572E-09 7.4892E-09 7.6208E-09 7.7473E-09 7.8735E-09 8.0003E-09 8.1267E-09 8.2533E-09 8.3792E-09 8.5047E-09
1.1101E-09 1.1946E-09 1.2828E-09 1.3750E-09 1.4707E-09 1.5711E-09 1.6746E-09 1.7826E-09 1.8937E-09 2.0084E-09 2.1266E-09 2.2474E-09 2.3724E-09 2.4992E-09 2.6291E-09 2.7615E-09 2.8956E-09 3.0317E-09 3.1702E-09 3.3097E-09 3.4505E-09 3.5930E-09 3.7357E-09 3.8798E-09 4.0236E-09 4.1683E-09 4.3124E-09 4.4570E-09 4.6013E-09 4.7457E-09 4.8874E-09 5.0287E-09 5.1712E-09 5.3120E-09 5.4495E-09 5.5881E-09 5.7248E-09 5.8605E-09 5.9980E-09 6.1359E-09 6.2712E-09 6.4076E-09 6.5415E-09 6.6743E-09 6.8112E-09 6.9438E-09 7.0785E-09 7.2119E-09 7.3439E-09 7.4758E-09 7.6029E-09 7.7296E-09 7.8573E-09 7.9848E-09 8.1126E-09 8.2397E-09 8.3669E-09
1.0845E-09 1.1665E-09 1.2519E-09 1.3425E-09 1.4357E-09 1.5335E-09 1.6342E-09 1.7393E-09 1.8475E-09 1.9592E-09 2.0742E-09 2.1919E-09 2.3136E-09 2.4370E-09 2.5635E-09 2.6925E-09 2.8226E-09 2.9557E-09 3.0907E-09 3.2266E-09 3.3638E-09 3.5028E-09 3.6421E-09 3.7826E-09 3.9231E-09 4.0644E-09 4.2057E-09 4.3465E-09 4.4876E-09 4.6290E-09 4.7677E-09 4.9061E-09 5.0458E-09 5.1839E-09 5.3189E-09 5.4551E-09 5.5896E-09 5.7231E-09 5.8586E-09 5.9947E-09 6.1283E-09 6.2632E-09 6.3959E-09 6.5274E-09 6.6634E-09 6.7952E-09 6.9293E-09 7.0624E-09 7.1941E-09 7.3260E-09 7.4532E-09 7.5813E-09 7.7083E-09 7.8367E-09 7.9651E-09 8.0932E-09 8.2216E-09
1.0585E-09 1.1383E-09 1.2216E-09 1.3093E-09 1.4004E-09 1.4951E-09 1.5935E-09 1.6957E-09 1.8009E-09 1.9095E-09 2.0214E-09 2.1359E-09 2.2542E-09 2.3743E-09 2.4969E-09 2.6224E-09 2.7495E-09 2.8791E-09 3.0105E-09 3.1429E-09 3.2766E-09 3.4120E-09 3.5477E-09 3.6841E-09 3.8217E-09 3.9596E-09 4.0976E-09 4.2350E-09 4.3729E-09 4.5111E-09 4.6468E-09 4.7822E-09 4.9190E-09 5.0545E-09 5.1868E-09 5.3204E-09 5.4526E-09 5.5839E-09 5.7173E-09 5.8514E-09 5.9831E-09 6.1164E-09 6.2475E-09 6.3777E-09 6.5125E-09 6.6433E-09 6.7766E-09 6.9089E-09 7.0414E-09 7.1717E-09 7.2988E-09 7.4269E-09 7.5540E-09 7.6827E-09 7.8115E-09 7.9403E-09 8.0695E-09
1.0319E-09 1.1100E-09 1.1909E-09 1.2762E-09 1.3643E-09 1.4564E-09 1.5524E-09 1.6513E-09 1.7536E-09 1.8586E-09 1.9683E-09 2.0795E-09 2.1940E-09 2.3108E-09 2.4299E-09 2.5525E-09 2.6761E-09 2.8021E-09 2.9300E-09 3.0588E-09 3.1889E-09 3.3207E-09 3.4529E-09 3.5858E-09 3.7199E-09 3.8536E-09 3.9888E-09 4.1229E-09 4.2575E-09 4.3925E-09 4.5251E-09 4.6575E-09 4.7913E-09 4.9239E-09 5.0536E-09 5.1837E-09 5.3142E-09 5.4432E-09 5.5742E-09 5.7062E-09 5.8361E-09 5.9674E-09 6.0968E-09 6.2255E-09 6.3589E-09 6.4884E-09 6.6206E-09 6.7520E-09 6.8838E-09 7.0135E-09 7.1400E-09 7.2678E-09 7.3949E-09 7.5234E-09 7.6523E-09 7.7815E-09 7.9110E-09
1.0052E-09 1.0810E-09 1.1600E-09 1.2425E-09 1.3285E-09 1.4179E-09 1.5107E-09 1.6072E-09 1.7065E-09 1.8085E-09 1.9145E-09 2.0225E-09 2.1337E-09 2.2476E-09 2.3633E-09 2.4824E-09 2.6025E-09 2.7244E-09 2.8492E-09 2.9744E-09 3.1003E-09 3.2292E-09 3.3578E-09 3.4871E-09 3.6177E-09 3.7480E-09 3.8798E-09 4.0104E-09 4.1416E-09 4.2734E-09 4.4028E-09 4.5322E-09 4.6628E-09 4.7927E-09 4.9195E-09 5.0468E-09 5.1748E-09 5.3013E-09 5.4300E-09 5.5583E-09 5.6874E-09 5.8167E-09 5.9443E-09 6.0712E-09 6.2030E-09 6.3323E-09 6.4619E-09 6.5921E-09 6.7229E-09 6.8517E-09 6.9774E-09 7.1047E-09 7.2312E-09 7.3593E-09 7.4880E-09 7.6171E-09 7.7466E-09
9.7877E-10 1.0520E-09 1.1287E-09 1.2087E-09 1.2921E-09 1.3788E-09 1.4693E-09 1.5621E-09 1.6593E-09 1.7582E-09 1.8611E-09 1.9659E-09 2.0733E-09 2.1843E-09 2.2967E-09 2.4122E-09 2.5288E-09 2.6472E-09 2.7679E-09 2.8896E-09 3.0124E-09 3.1371E-09 3.2621E-09 3.3885E-09 3.5155E-09 3.6423E-09 3.7706E-09 3.8978E-09 4.0249E-09 4.1534E-09 4.2804E-09 4.4066E-09 4.5340E-09 4.6610E-09 4.7850E-09 4.9094E-09 5.0347E-09 5.1587E-09 5.2848E-09 5.4108E-09 5.5376E-09 5.6647E-09 5.7902E-09 5.9153E-09 6.0453E-09 6.1729E-09 6.3010E-09 6.4298E-09 6.5593E-09 6.6868E-09 6.8116E-09 6.9379E-09 7.0637E-09 7.1910E-09 7.3191E-09 7.4477E-09 7.5769E-09
9.5188E-10 1.0233E-09 1.0976E-09 1.1748E-09 1.2561E-09 1.3398E-09 1.4275E-09 1.5179E-09 1.6117E-09 1.7080E-09 1.8072E-09 1.9094E-09 2.0135E-09 2.1207E-09 2.2301E-09 2.3417E-09 2.4548E-09 2.5702E-09 2.6873E-09 2.8054E-09 2.9247E-09 3.0458E-09 3.1672E-09 3.2894E-09 3.4134E-09 3.5367E-09 3.6610E-09 3.7854E-09 3.9091E-09 4.0342E-09 4.1579E-09 4.2810E-09 4.4044E-09 4.5284E-09 4.6502E-09 4.7716E-09 4.8942E-09 5.0156E-09 5.1391E-09 5.2626E-09 5.3870E-09 5.5118E-09 5.6363E-09 5.7582E-09 5.8861E-09 6.0119E-09 6.1382E-09 6.2654E-09 6.3933E-09 6.5194E-09 6.6428E-09 6.7680E-09 6.8927E-09 7.0190E-09 7.1461E-09 7.2740E-09 7.4024E-09
9.2537E-10 9.9379E-10 1.0662E-09 1.1414E-09 1.2198E-09 1.3013E-09 1.3862E-09 1.4738E-09 1.5647E-09 1.6576E-09 1.7541E-09 1.8525E-09 1.9539E-09 2.0578E-09 2.1633E-09 2.2714E-09 2.3816E-09 2.4930E-09 2.6065E-09 2.7216E-09 2.8373E-09 2.9548E-09 3.0727E-09 3.1913E-09 3.3112E-09 3.4310E-09 3.5517E-09 3.6726E-09 3.7930E-09 3.9152E-09 4.0358E-09 4.1556E-09 4.2757E-09 4.3968E-09 4.5156E-09 4.6339E-09 4.7536E-09 4.8724E-09 4.9932E-09 5.1141E-09 5.2360E-09 5.3583E-09 5.4793E-09 5.6002E-09 5.7259E-09 5.8497E-09 5.9741E-09 6.0993E-09 6.2255E-09 6.3499E-09 6.4717E-09 6.5955E-09 6.7189E-09 6.8437E-09 6.9697E-09 7.0964E-09 7.2239E-09
