Assets/Resources/2015_m01_d22_2100(utc+0800)_l00_csi_1hr_conc.grd
DSAA
         159         159
     -79.000      79.000
     -79.000      79.000
  0.0000E+00  0.2467E-04
[rows 50 to 74 of 159, columns 0 to 56 of 159]
0.0000E+00 0.0000E+00 0.0000E+00 0.0000E+00 0.0000E+00 0.0000E+00 8.4741E-12 1.7596E-11 2.9731E-11 4.5228E-11 5.1606E-11 6.0613E-11 7.4795E-11 9.3994E-11 1.2336E-10 1.5640E-10 1.9170E-10 2.3568E-10 2.7943E-10 3.3090E-10 3.9300E-10 4.6291E-10 5.2933E-10 6.1410E-10 7.0114E-10 7.9862E-10 8.9513E-10 1.0004E-09 1.1162E-09 1.2432E-09 1.3846E-09 1.5403E-09 1.7043E-09 1.8947E-09 2.0964E-09 2.3048E-09 2.5329E-09 2.7684E-09 3.0197E-09 3.2865E-09 3.5682E-09 3.8640E-09 4.1761E-09 4.5042E-09 4.8412E-09 5.1899E-09 5.5507E-09 5.9190E-09 6.2962E-09 6.6816E-09 7.0689E-09 7.4575E-09 7.8440E-09 8.2417E-09 8.6299E-09 9.0301E-09 9.4074E-09
0.0000E+00 0.0000E+00 0.0000E+00 0.0000E+00 0.0000E+00 0.0000E+00 7.7314E-12 1.5668E-11 2.6492E-11 4.2224E-11 4.9460E-11 5.7531E-11 6.8846E-11 8.5899E-11 1.1157E-10 1.3890E-10 1.7558E-10 2.1314E-10 2.5968E-10 3.0130E-10 3.5667E-10 4.2496E-10 4.9623E-10 5.7099E-10 6.5199E-10 7.4885E-10 8.4493E-10 9.4650E-10 1.0572E-09 1.1788E-09 1.3147E-09 1.4599E-09 1.6215E-09 1.7961E-09 1.9904E-09 2.1910E-09 2.4160E-09 2.6481E-09 2.8927E-09 3.1524E-09 3.4269E-09 3.7161E-09 4.0220E-09 4.3437E-09 4.6753E-09 5.0191E-09 5.3764E-09 5.7427E-09 6.1183E-09 6.5022E-09 6.8892E-09 7.2771E-09 7.6649E-09 8.0501E-09 8.4501E-09 8.8282E-09 9.2194E-09
0.0000E+00 0.0000E+00 0.0000E+00 0.0000E+00 0.0000E+00 0.0000E+00 7.2664E-12 1.3814E-11 2.4147E-11 3.9137E-11 4.6189E-11 5.4532E-11 6.4675E-11 7.8432E-11 9.7855E-11 1.2595E-10 1.5728E-10 1.9268E-10 2.3427E-10 2.8000E-10 3.2563E-10 3.8464E-10 4.5742E-10 5.3330E-10 6.0554E-10 6.9788E-10 7.9032E-10 8.9079E-10 9.9785E-10 1.1144E-09 1.2446E-09 1.3837E-09 1.5347E-09 1.7025E-09 1.8850E-09 2.0865E-09 2.2950E-09 2.5237E-09 2.7604E-09 3.0169E-09 3.2839E-09 3.5659E-09 3.8652E-09 4.1800E-09 4.5056E-09 4.8443E-09 5.1979E-09 5.5606E-09 5.9327E-09 6.3142E-09 6.6997E-09 7.0871E-09 7.4754E-09 7.8613E-09 8.2432E-09 8.6392E-09 9.0116E-09
0.0000E+00 0.0000E+00 0.0000E+00 0.0000E+00 0.0000E+00 0.0000E+00 7.0190E-12 1.2359E-11 2.1512E-11 3.6912E-11 4.2933E-11 5.0561E-11 6.0953E-11 7.2449E-11 8.8905E-11 1.0964E-10 1.3992E-10 1.7453E-10 2.1156E-10 2.5247E-10 3.0078E-10 3.5096E-10 4.1310E-10 4.8537E-10 5.6639E-10 6.4773E-10 7.3651E-10 8.3113E-10 9.3632E-10 1.0491E-09 1.1746E-09 1.3077E-09 1.4523E-09 1.6136E-09 1.7846E-09 1.9742E-09 2.1746E-09 2.3953E-09 2.6236E-09 2.8762E-09 3.1349E-09 3.4136E-09 3.7055E-09 4.0130E-09 4.3322E-09 4.6655E-09 5.0139E-09 5.3716E-09 5.7394E-09 6.1177E-09 6.5009E-09 6.8868E-09 7.2737E-09 7.6587E-09 8.0432E-09 8.4231E-09 8.8159E-09
0.0000E+00 0.0000E+00 0.0000E+00 0.0000E+00 0.0000E+00 0.0000E+00 6.7641E-12 1.1377E-11 1.8946E-11 3.4189E-11 4.1023E-11 4.6689E-11 5.5606E-11 6.7178E-11 8.0146E-11 9.8739E-11 1.2167E-10 1.5237E-10 1.9281E-10 2.2877E-10 2.7226E-10 3.2394E-10 3.7566E-10 4.4464E-10 5.1362E-10 6.0150E-10 6.8428E-10 7.7457E-10 8.7193E-10 9.8194E-10 1.1033E-09 1.2314E-09 1.3702E-09 1.5249E-09 1.6888E-09 1.8667E-09 2.0592E-09 2.2674E-09 2.4871E-09 2.7309E-09 2.9809E-09 3.2555E-09 3.5386E-09 3.8431E-09 4.1553E-09 4.4817E-09 4.8238E-09 5.1756E-09 5.5384E-09 5.9127E-09 6.2926E-09 6.6749E-09 7.0588E-09 7.4444E-09 7.8308E-09 8.2134E-09 8.5923E-09
0.0000E+00 0.0000E+00 0.0000E+00 0.0000E+00 0.0000E+00 0.0000E+00 6.5032E-12 1.0894E-11 1.6802E-11 3.0856E-11 3.8728E-11 4.3970E-11 5.0491E-11 6.0638E-11 7.3289E-11 8.7915E-11 1.0769E-10 1.3408E-10 1.6587E-10 2.0670E-10 2.4944E-10 2.9367E-10 3.3948E-10 4.0308E-10 4.7055E-10 5.4958E-10 6.3088E-10 7.1905E-10 8.1296E-10 9.1329E-10 1.0301E-09 1.1542E-09 1.2868E-09 1.4357E-09 1.5931E-09 1.7636E-09 1.9483E-09 2.1442E-09 2.3556E-09 2.5857E-09 2.8310E-09 3.0921E-09 3.3657E-09 3.6660E-09 3.9698E-09 4.2928E-09 4.6278E-09 4.9729E-09 5.3298E-09 5.6989E-09 6.0735E-09 6.4513E-09 6.8324E-09 7.2182E-09 7.6047E-09 7.9899E-09 8.3719E-09
0.0000E+00 0.0000E+00 0.0000E+00 0.0000E+00 0.0000E+00 0.0000E+00 6.2376E-12 1.0439E-11 1.5288E-11 2.7471E-11 3.5301E-11 4.1240E-11 4.6796E-11 5.4567E-11 6.5096E-11 7.8966E-11 9.6157E-11 1.1517E-10 1.4126E-10 1.7820E-10 2.2117E-10 2.6873E-10 3.1215E-10 3.6447E-10 4.2596E-10 5.0237E-10 5.7905E-10 6.6321E-10 7.5380E-10 8.4877E-10 9.5800E-10 1.0746E-09 1.2030E-09 1.3460E-09 1.4962E-09 1.6598E-09 1.8371E-09 2.0253E-09 2.2283E-09 2.4450E-09 2.6767E-09 2.9281E-09 3.1917E-09 3.4827E-09 3.7771E-09 4.0954E-09 4.4222E-09 4.7639E-09 5.1137E-09 5.4760E-09 5.8446E-09 6.2174E-09 6.5956E-09 6.9797E-09 7.3651E-09 7.7514E-09 8.1350E-09
0.0000E+00 0.0000E+00 0.0000E+00 0.0000E+00 0.0000E+00 0.0000E+00 5.9689E-12 9.9896E-12 1.4299E-11 2.3986E-11 3.1167E-11 3.8341E-11 4.2882E-11 4.9570E-11 5.8554E-11 6.9463E-11 8.5167E-11 1.0379E-10 1.2237E-10 1.5544E-10 1.9146E-10 2.3896E-10 2.8566E-10 3.3393E-10 3.8462E-10 4.5607E-10 5.2237E-10 6.0694E-10 6.9479E-10 7.8701E-10 8.8751E-10 9.9977E-10 1.1183E-09 1.2547E-09 1.3995E-09 1.5556E-09 1.7250E-09 1.9048E-09 2.0998E-09 2.3078E-09 2.5303E-09 2.7676E-09 3.0212E-09 3.2980E-09 3.5825E-09 3.8909E-09 4.2084E-09 4.5409E-09 4.8862E-09 5.2407E-09 5.6070E-09 5.9737E-09 6.3482E-09 6.7288E-09 7.1125E-09 7.4980E-09 7.8824E-09
0.0000E+00 0.0000E+00 0.0000E+00 0.0000E+00 0.0000E+00 0.0000E+00 5.6896E-12 9.2903E-12 1.3226E-11 2.1523E-11 2.6903E-11 3.4072E-11 3.9345E-11 4.4708E-11 5.2702E-11 6.2679E-11 7.4497E-11 9.0846E-11 1.0946E-10 1.2761E-10 1.6163E-10 2.1501E-10 2.5316E-10 3.0435E-10 3.5077E-10 4.1083E-10 4.7865E-10 5.4674E-10 6.2858E-10 7.1798E-10 8.2106E-10 9.2506E-10 1.0402E-09 1.1662E-09 1.3013E-09 1.4506E-09 1.6131E-09 1.7849E-09 1.9707E-09 2.1685E-09 2.3814E-09 2.6095E-09 2.8534E-09 3.1163E-09 3.3906E-09 3.6800E-09 3.9916E-09 4.3097E-09 4.6497E-09 4.9954E-09 5.3532E-09 5.7168E-09 6.0863E-09 6.4661E-09 6.8466E-09 7.2297E-09 7.6140E-09
0.0000E+00 0.0000E+00 0.0000E+00 0.0000E+00 0.0000E+00 0.0000E+00 5.2205E-12 8.4605E-12 1.2177E-11 1.9544E-11 2.2719E-11 2.9212E-11 3.5746E-11 4.0414E-11 4.7176E-11 5.6143E-11 6.6797E-11 8.0006E-11 9.5562E-11 1.1392E-10 1.3316E-10 1.7852E-10 2.2720E-10 2.7004E-10 3.1781E-10 3.7477E-10 4.3197E-10 4.9402E-10 5.7117E-10 6.5768E-10 7.4983E-10 8.5134E-10 9.6072E-10 1.0785E-09 1.2092E-09 1.3475E-09 1.5001E-09 1.6631E-09 1.8404E-09 2.0296E-09 2.2326E-09 2.4503E-09 2.6836E-09 2.9359E-09 3.1998E-09 3.4787E-09 3.7758E-09 4.0837E-09 4.4049E-09 4.7453E-09 5.0895E-09 5.4451E-09 5.8114E-09 6.1804E-09 6.5555E-09 6.9434E-09 7.3259E-09
0.0000E+00 0.0000E+00 0.0000E+00 0.0000E+00 0.0000E+00 0.0000E+00 4.7403E-12 7.6628E-12 1.1051E-11 1.7727E-11 1.9663E-11 2.4448E-11 3.1234E-11 3.6484E-11 4.1965E-11 4.9966E-11 5.9589E-11 7.1313E-11 8.4723E-11 9.8923E-11 1.1702E-10 1.4122E-10 1.8719E-10 2.4222E-10 2.8152E-10 3.3801E-10 3.9160E-10 4.5011E-10 5.1470E-10 5.9517E-10 6.7980E-10 7.7585E-10 8.7627E-10 9.9521E-10 1.1165E-09 1.2509E-09 1.3923E-09 1.5434E-09 1.7100E-09 1.8887E-09 2.0828E-09 2.2910E-09 2.5139E-09 2.7550E-09 3.0079E-09 3.2757E-09 3.5615E-09 3.8582E-09 4.1685E-09 4.4940E-09 4.8283E-09 5.1708E-09 5.5236E-09 5.8897E-09 6.2578E-09 6.6317E-09 7.0100E-09
0.0000E+00 0.0000E+00 0.0000E+00 0.0000E+00 0.0000E+00 0.0000E+00 4.2810E-12 6.9011E-12 9.9724E-12 1.5987E-11 1.7504E-11 2.0291E-11 2.6166E-11 3.2479E-11 3.7286E-11 4.3725E-11 5.2757E-11 6.3228E-11 7.5460E-11 8.8502E-11 1.0203E-10 1.1988E-10 1.5516E-10 1.9954E-10 2.5167E-10 2.9923E-10 3.5223E-10 4.0757E-10 4.6833E-10 5.3646E-10 6.1459E-10 7.0245E-10 7.9392E-10 9.1036E-10 1.0189E-09 1.1516E-09 1.2834E-09 1.4299E-09 1.5853E-09 1.7525E-09 1.9345E-09 2.1305E-09 2.3421E-09 2.5730E-09 2.8152E-09 3.0718E-09 3.3459E-09 3.6305E-09 3.9290E-09 4.2431E-09 4.5667E-09 4.8992E-09 5.2424E-09 5.5957E-09 5.9554E-09 6.3233E-09 6.6957E-09
0.0000E+00 0.0000E+00 0.0000E+00 0.0000E+00 0.0000E+00 0.0000E+00 3.8444E-12 6.1784E-12 8.9468E-12 1.4331E-11 1.5692E-11 1.7345E-11 2.1352E-11 2.7609E-11 3.2987E-11 3.8091E-11 4.5338E-11 5.5396E-11 6.6857E-11 7.8700E-11 9.0945E-11 1.0506E-10 1.2185E-10 1.5969E-10 2.1710E-10 2.6720E-10 3.1075E-10 3.6521E-10 4.2309E-10 4.8481E-10 5.5934E-10 6.3728E-10 7.1942E-10 8.2367E-10 9.2931E-10 1.0479E-09 1.1765E-09 1.3149E-09 1.4628E-09 1.6218E-09 1.7917E-09 1.9757E-09 2.1750E-09 2.3931E-09 2.6220E-09 2.8658E-09 3.1275E-09 3.3997E-09 3.6862E-09 3.9884E-09 4.3006E-09 4.6220E-09 4.9555E-09 5.2979E-09 5.6491E-09 6.0089E-09 6.3743E-09
0.0000E+00 0.0000E+00 0.0000E+00 0.0000E+00 0.0000E+00 0.0000E+00 3.4322E-12 5.4974E-12 7.9779E-12 1.2767E-11 1.3979E-11 1.5306E-11 1.7464E-11 2.2431E-11 2.8493E-11 3.3051E-11 3.8606E-11 4.7863E-11 5.7476E-11 6.9278E-11 8.1037E-11 9.2804E-11 1.0695E-10 1.2370E-10 1.7489E-10 2.2959E-10 2.7708E-10 3.2098E-10 3.7746E-10 4.3811E-10 5.0364E-10 5.7739E-10 6.5422E-10 7.4426E-10 8.4178E-10 9.4743E-10 1.0707E-09 1.1965E-09 1.3350E-09 1.4896E-09 1.6513E-09 1.8268E-09 2.0137E-09 2.2185E-09 2.4340E-09 2.6641E-09 2.9121E-09 3.1704E-09 3.4427E-09 3.7315E-09 4.0307E-09 4.3391E-09 4.6607E-09 4.9917E-09 5.3332E-09 5.6840E-09 6.0413E-09
0.0000E+00 0.0000E+00 0.0000E+00 0.0000E+00 0.0000E+00 0.0000E+00 3.0455E-12 4.8602E-12 7.0691E-12 1.1299E-11 1.2372E-11 1.3544E-11 1.4884E-11 1.7897E-11 2.3346E-11 2.8857E-11 3.2813E-11 4.0082E-11 4.8919E-11 6.0350E-11 7.1934E-11 8.2288E-11 9.4068E-11 1.0809E-10 1.3706E-10 1.8420E-10 2.3588E-10 2.8414E-10 3.3094E-10 3.8914E-10 4.5240E-10 5.2040E-10 5.9229E-10 6.7434E-10 7.6214E-10 8.5590E-10 9.6999E-10 1.0818E-09 1.2110E-09 1.3549E-09 1.5068E-09 1.6769E-09 1.8542E-09 2.0492E-09 2.2513E-09 2.4675E-09 2.7011E-09 2.9450E-09 3.2031E-09 3.4779E-09 3.7629E-09 4.0579E-09 4.3662E-09 4.6845E-09 5.0150E-09 5.3556E-09 5.7037E-09
0.0000E+00 0.0000E+00 0.0000E+00 0.0000E+00 0.0000E+00 0.0000E+00 2.6392E-12 2.9326E-12 6.2226E-12 9.9328E-12 1.0874E-11 1.1902E-11 1.3025E-11 1.4607E-11 1.8327E-11 2.3849E-11 2.8674E-11 3.4083E-11 3.9975E-11 5.0624E-11 6.2708E-11 7.3268E-11 8.3019E-11 9.4691E-11 1.0848E-10 1.4458E-10 1.9795E-10 2.4312E-10 2.9076E-10 3.3859E-10 4.0152E-10 4.6247E-10 5.3111E-10 6.0533E-10 6.8853E-10 7.7603E-10 8.7430E-10 9.7775E-10 1.0948E-09 1.2255E-09 1.3671E-09 1.5251E-09 1.6909E-09 1.8790E-09 2.0677E-09 2.2727E-09 2.4953E-09 2.7249E-09 2.9682E-09 3.2281E-09 3.4982E-09 3.7792E-09 4.0739E-09 4.3795E-09 4.6976E-09 5.0269E-09 5.3634E-09
0.0000E+00 0.0000E+00 0.0000E+00 0.0000E+00 0.0000E+00 0.0000E+00 1.0335E-12 1.3253E-12 2.8145E-12 5.9663E-12 6.5196E-12 1.0383E-11 1.1360E-11 1.2426E-11 1.4416E-11 1.8610E-11 2.3905E-11 2.8227E-11 3.3527E-11 4.1264E-11 5.2225E-11 6.3251E-11 7.3559E-11 8.3197E-11 9.4639E-11 1.1427E-10 1.4870E-10 2.0650E-10 2.4940E-10 2.9769E-10 3.4795E-10 4.0909E-10 4.6979E-10 5.4427E-10 6.1828E-10 7.0093E-10 7.8907E-10 8.8554E-10 9.9240E-10 1.1077E-09 1.2356E-09 1.3788E-09 1.5307E-09 1.7018E-09 1.8842E-09 2.0750E-09 2.2894E-09 2.5071E-09 2.7386E-09 2.9838E-09 3.2393E-09 3.5058E-09 3.7866E-09 4.0787E-09 4.3832E-09 4.6995E-09 5.0222E-09
0.0000E+00 0.0000E+00 0.0000E+00 0.0000E+00 0.0000E+00 0.0000E+00 0.0000E+00 0.0000E+00 0.0000E+00 2.6199E-12 2.9278E-12 3.1931E-12 6.7653E-12 7.3861E-12 1.1852E-11 1.4261E-11 1.8711E-11 2.3591E-11 2.7500E-11 3.2747E-11 4.0599E-11 5.1997E-11 6.3044E-11 7.3403E-11 8.2840E-11 9.9809E-11 1.1734E-10 1.6390E-10 2.1056E-10 2.5287E-10 3.0304E-10 3.5321E-10 4.1416E-10 4.7973E-10 5.4725E-10 6.2630E-10 7.0959E-10 7.9795E-10 8.9571E-10 1.0031E-09 1.1181E-09 1.2462E-09 1.3852E-09 1.5379E-09 1.7068E-09 1.8850E-09 2.0783E-09 2.2858E-09 2.5019E-09 2.7345E-09 2.9841E-09 3.2357E-09 3.5050E-09 3.7822E-09 4.0720E-09 4.3731E-09 4.6810E-09
0.0000E+00 0.0000E+00 0.0000E+00 0.0000E+00 0.0000E+00 0.0000E+00 0.0000E+00 0.0000E+00 0.0000E+00 0.0000E+00 0.0000E+00 0.0000E+00 0.0000E+00 3.2886E-12 3.5825E-12 7.8527E-12 1.0259E-11 1.8459E-11 2.2975E-11 2.6575E-11 3.1761E-11 3.9683E-11 5.1290E-11 6.2452E-11 7.2790E-11 8.7615E-11 1.0228E-10 1.2480E-10 1.6583E-10 2.1280E-10 2.5974E-10 3.0412E-10 3.5777E-10 4.2135E-10 4.8672E-10 5.5425E-10 6.3360E-10 7.1175E-10 8.0264E-10 9.0070E-10 1.0077E-09 1.1256E-09 1.2525E-09 1.3944E-09 1.5443E-09 1.7062E-09 1.8836E-09 2.0700E-09 2.2771E-09 2.4930E-09 2.7208E-09 2.9659E-09 3.2163E-09 3.4802E-09 3.7564E-09 4.0475E-09 4.3420E-09
0.0000E+00 0.0000E+00 0.0000E+00 0.0000E+00 0.0000E+00 0.0000E+00 0.0000E+00 0.0000E+00 0.0000E+00 0.0000E+00 0.0000E+00 0.0000E+00 0.0000E+00 0.0000E+00 0.0000E+00 0.0000E+00 4.1356E-12 6.4761E-12 1.4177E-11 1.7977E-11 2.5464E-11 3.0582E-11 4.0870E-11 5.0272E-11 6.1466E-11 7.6946E-11 8.9282E-11 1.0330E-10 1.2999E-10 1.7252E-10 2.1719E-10 2.6261E-10 3.0706E-10 3.6315E-10 4.2375E-10 4.9048E-10 5.6105E-10 6.3598E-10 7.1637E-10 8.0493E-10 9.0157E-10 1.0084E-09 1.1261E-09 1.2571E-09 1.3954E-09 1.5451E-09 1.7094E-09 1.8818E-09 2.0669E-09 2.2664E-09 2.4774E-09 2.6973E-09 2.9336E-09 3.1787E-09 3.4439E-09 3.7138E-09 3.9880E-09
0.0000E+00 0.0000E+00 0.0000E+00 0.0000E+00 0.0000E+00 0.0000E+00 0.0000E+00 0.0000E+00 0.0000E+00 0.0000E+00 0.0000E+00 0.0000E+00 0.0000E+00 0.0000E+00 0.0000E+00 0.0000E+00 8.1585E-15 7.6039E-13 2.9269E-12 1.0064E-11 1.3245E-11 2.0138E-11 2.7005E-11 3.4760E-11 4.8734E-11 6.7174E-11 7.8065E-11 9.0169E-11 1.0452E-10 1.3096E-10 1.8050E-10 2.1781E-10 2.6067E-10 3.1299E-10 3.6669E-10 4.2608E-10 4.9618E-10 5.6284E-10 6.3645E-10 7.1802E-10 8.0536E-10 9.0214E-10 1.0096E-09 1.1288E-09 1.2547E-09 1.3915E-09 1.5424E-09 1.7013E-09 1.8723E-09 2.0571E-09 2.2516E-09 2.4577E-09 2.6749E-09 2.9028E-09 3.1409E-09 3.3901E-09 3.6502E-09
0.0000E+00 0.0000E+00 0.0000E+00 0.0000E+00 0.0000E+00 0.0000E+00 0.0000E+00 0.0000E+00 0.0000E+00 0.0000E+00 0.0000E+00 0.0000E+00 0.0000E+00 0.0000E+00 0.0000E+00 0.0000E+00 0.0000E+00 8.6770E-14 9.7900E-13 3.1722E-12 6.1829E-12 8.8541E-12 1.7267E-11 1.9549E-11 3.3277E-11 4.9075E-11 6.3187E-11 7.8964E-11 9.1435E-11 1.0610E-10 1.3758E-10 1.8127E-10 2.1897E-10 2.6511E-10 3.1471E-10 3.6870E-10 4.2945E-10 4.9465E-10 5.6235E-10 6.3778E-10 7.1666E-10 8.0393E-10 9.0217E-10 1.0106E-09 1.1252E-09 1.2502E-09 1.3882E-09 1.5344E-09 1.6904E-09 1.8633E-09 2.0424E-09 2.2308E-09 2.4310E-09 2.6401E-09 2.8632E-09 3.0944E-09 3.3322E-09
0.0000E+00 0.0000E+00 0.0000E+00 0.0000E+00 0.0000E+00 0.0000E+00 0.0000E+00 0.0000E+00 0.0000E+00 0.0000E+00 0.0000E+00 0.0000E+00 0.0000E+00 0.0000E+00 0.0000E+00 0.0000E+00 0.0000E+00 0.0000E+00 1.4855E-13 1.1326E-12 3.2659E-12 6.1169E-12 8.6887E-12 1.0799E-11 1.6714E-11 3.2243E-11 4.6284E-11 6.2046E-11 7.5473E-11 8.8089E-11 1.1170E-10 1.4317E-10 1.8146E-10 2.2410E-10 2.6841E-10 3.1644E-10 3.7017E-10 4.2848E-10 4.8903E-10 5.6314E-10 6.3575E-10 7.1402E-10 8.0274E-10 9.0154E-10 1.0058E-09 1.1194E-09 1.2455E-09 1.3789E-09 1.5224E-09 1.6782E-09 1.8429E-09 2.0140E-09 2.1997E-09 2.3918E-09 2.5944E-09 2.8086E-09 3.0275E-09
0.0000E+00 0.0000E+00 0.0000E+00 0.0000E+00 0.0000E+00 0.0000E+00 0.0000E+00 0.0000E+00 0.0000E+00 0.0000E+00 0.0000E+00 0.0000E+00 0.0000E+00 0.0000E+00 0.0000E+00 0.0000E+00 0.0000E+00 0.0000E+00 0.0000E+00 1.9080E-13 1.2142E-12 3.2408E-12 5.9479E-12 8.4368E-12 1.0512E-11 1.8656E-11 3.0380E-11 4.1754E-11 5.9798E-11 7.3541E-11 9.3203E-11 1.0948E-10 1.4014E-10 1.8481E-10 2.2668E-10 2.7029E-10 3.1536E-10 3.6941E-10 4.2295E-10 4.8748E-10 5.5988E-10 6.3074E-10 7.1311E-10 8.0214E-10 8.9646E-10 9.9921E-10 1.1137E-09 1.2346E-09 1.3649E-09 1.5064E-09 1.6570E-09 1.8123E-09 1.9798E-09 2.1555E-09 2.3405E-09 2.5363E-09 2.7381E-09
0.0000E+00 0.0000E+00 0.0000E+00 0.0000E+00 0.0000E+00 0.0000E+00 0.0000E+00 0.0000E+00 0.0000E+00 0.0000E+00 0.0000E+00 0.0000E+00 0.0000E+00 0.0000E+00 0.0000E+00 0.0000E+00 0.0000E+00 0.0000E+00 0.0000E+00 0.0000E+00 2.1151E-13 1.2192E-12 3.1178E-12 5.6420E-12 8.0557E-12 1.4063E-11 2.0879E-11 3.0663E-11 4.4694E-11 5.8964E-11 7.4906E-11 9.2411E-11 1.1098E-10 1.4340E-10 1.8086E-10 2.2474E-10 2.6846E-10 3.0991E-10 3.6337E-10 4.1654E-10 4.8340E-10 5.4897E-10 6.2928E-10 7.1082E-10 7.9787E-10 8.8940E-10 9.9269E-10 1.1015E-09 1.2190E-09 1.3477E-09 1.4820E-09 1.6231E-09 1.7735E-09 1.9354E-09 2.1030E-09 2.2796E-09 2.4637E-09
