Assets/Resources/2015_m01_d31_0200(utc+0800)_l00_csi_1hr_conc.grd
DSAA
         159         159
     -79.000      79.000
     -79.000      79.000
  0.0000E+00  0.3136E-05
[rows 0 to 24 of 159, columns 57 to 113 of 159]
1.1246E-08 1.2233E-08 1.3131E-08 1.3909E-08 1.4539E-08 1.5000E-08 1.5273E-08 1.5346E-08 1.5214E-08 1.4886E-08 1.4379E-08 1.3711E-08 1.2906E-08 1.1991E-08 1.1001E-08 9.9713E-09 8.9274E-09 7.8927E-09 6.8938E-09 5.9519E-09 5.0820E-09 4.2870E-09 3.5783E-09 2.9534E-09 2.4121E-09 1.9486E-09 1.5600E-09 1.2342E-09 9.6594E-10 7.4849E-10 5.6562E-10 4.1499E-10 2.9841E-10 2.2184E-10 1.6103E-10 1.1050E-10 7.2707E-11 4.8474E-11 3.1182E-11 1.9531E-11 6.8029E-12 2.5107E-12 1.8414E-12 9.2263E-13 0.0000E+00 0.0000E+00 0.0000E+00 0.0000E+00 0.0000E+00 0.0000E+00 0.0000E+00 0.0000E+00 0.0000E+00 0.0000E+00 0.0000E+00 0.0000E+00 0.0000E+00
1.1936E-08 1.3008E-08 1.3986E-08 1.4837E-08 1.5531E-08 1.6038E-08 1.6336E-08 1.6418E-08 1.6283E-08 1.5936E-08 1.5392E-08 1.4668E-08 1.3794E-08 1.2805E-08 1.1735E-08 1.0617E-08 9.4846E-09 8.3697E-09 7.2981E-09 6.2856E-09 5.3479E-09 4.5027E-09 3.7445E-09 3.0816E-09 2.5073E-09 2.0203E-09 1.6071E-09 1.2674E-09 9.8888E-10 7.6235E-10 5.7271E-10 4.1422E-10 2.9802E-10 2.2123E-10 1.6070E-10 1.0821E-10 7.0635E-11 4.6409E-11 2.9378E-11 1.8491E-11 6.6485E-12 2.3612E-12 1.7933E-12 6.4362E-13 0.0000E+00 0.0000E+00 0.0000E+00 0.0000E+00 0.0000E+00 0.0000E+00 0.0000E+00 0.0000E+00 0.0000E+00 0.0000E+00 0.0000E+00 0.0000E+00 0.0000E+00
1.2573E-08 1.3731E-08 1.4791E-08 1.5715E-08 1.6466E-08 1.7018E-08 1.7351E-08 1.7451E-08 1.7314E-08 1.6942E-08 1.6354E-08 1.5574E-08 1.4637E-08 1.3575E-08 1.2426E-08 1.1226E-08 1.0011E-08 8.8145E-09 7.6639E-09 6.5853E-09 5.5906E-09 4.6866E-09 3.8884E-09 3.1867E-09 2.5853E-09 2.0713E-09 1.6472E-09 1.2929E-09 1.0034E-09 7.7071E-10 5.7190E-10 4.0857E-10 2.9493E-10 2.1751E-10 1.5332E-10 1.0241E-10 6.6141E-11 4.3431E-11 2.7378E-11 1.7323E-11 6.4360E-12 2.2789E-12 1.7308E-12 3.4420E-13 0.0000E+00 0.0000E+00 0.0000E+00 0.0000E+00 0.0000E+00 0.0000E+00 0.0000E+00 0.0000E+00 0.0000E+00 0.0000E+00 0.0000E+00 0.0000E+00 0.0000E+00
1.3146E-08 1.4386E-08 1.5525E-08 1.6521E-08 1.7337E-08 1.7943E-08 1.8313E-08 1.8429E-08 1.8286E-08 1.7893E-08 1.7271E-08 1.6442E-08 1.5439E-08 1.4300E-08 1.3067E-08 1.1784E-08 1.0488E-08 9.2164E-09 7.9959E-09 6.8473E-09 5.7932E-09 4.8469E-09 4.0015E-09 3.2706E-09 2.6395E-09 2.1113E-09 1.6659E-09 1.3006E-09 1.0055E-09 7.6752E-10 5.6759E-10 3.9897E-10 2.8650E-10 2.1034E-10 1.4314E-10 9.2530E-11 5.7524E-11 4.0173E-11 2.5227E-11 1.6055E-11 5.8471E-12 2.1797E-12 1.6554E-12 0.0000E+00 0.0000E+00 0.0000E+00 0.0000E+00 0.0000E+00 0.0000E+00 0.0000E+00 0.0000E+00 0.0000E+00 0.0000E+00 0.0000E+00 0.0000E+00 0.0000E+00 0.0000E+00
1.3643E-08 1.4965E-08 1.6185E-08 1.7258E-08 1.8141E-08 1.8799E-08 1.9201E-08 1.9334E-08 1.9195E-08 1.8787E-08 1.8128E-08 1.7246E-08 1.6177E-08 1.4968E-08 1.3661E-08 1.2298E-08 1.0921E-08 9.5692E-09 8.2762E-09 7.0714E-09 5.9628E-09 4.9638E-09 4.0899E-09 3.3235E-09 2.6756E-09 2.1242E-09 1.6709E-09 1.3020E-09 9.9957E-10 7.5489E-10 5.5246E-10 3.8373E-10 2.7401E-10 2.0244E-10 1.3402E-10 8.3457E-11 4.9747E-11 3.6707E-11 2.2973E-11 1.4715E-11 3.8554E-12 2.0661E-12 1.5692E-12 0.0000E+00 0.0000E+00 0.0000E+00 0.0000E+00 0.0000E+00 0.0000E+00 0.0000E+00 0.0000E+00 0.0000E+00 0.0000E+00 0.0000E+00 0.0000E+00 0.0000E+00 0.0000E+00
1.4059E-08 1.5457E-08 1.6751E-08 1.7898E-08 1.8845E-08 1.9557E-08 2.0003E-08 2.0163E-08 2.0030E-08 1.9607E-08 1.8915E-08 1.7986E-08 1.6859E-08 1.5579E-08 1.4193E-08 1.2750E-08 1.1297E-08 9.8776E-09 8.5193E-09 7.2492E-09 6.0922E-09 5.0572E-09 4.1407E-09 3.3574E-09 2.6821E-09 2.1251E-09 1.6619E-09 1.2810E-09 9.7891E-10 7.3406E-10 5.2607E-10 3.6707E-10 2.5805E-10 1.8898E-10 1.2250E-10 7.4914E-11 4.2406E-11 3.3028E-11 1.9605E-11 1.2559E-11 2.5327E-12 1.9409E-12 2.1393E-13 0.0000E+00 0.0000E+00 0.0000E+00 0.0000E+00 0.0000E+00 0.0000E+00 0.0000E+00 0.0000E+00 0.0000E+00 0.0000E+00 0.0000E+00 0.0000E+00 0.0000E+00 0.0000E+00
1.4385E-08 1.5858E-08 1.7229E-08 1.8446E-08 1.9460E-08 2.0228E-08 2.0717E-08 2.0902E-08 2.0774E-08 2.0342E-08 1.9625E-08 1.8655E-08 1.7473E-08 1.6125E-08 1.4667E-08 1.3150E-08 1.1623E-08 1.0130E-08 8.7100E-09 7.3905E-09 6.1840E-09 5.1081E-09 4.1714E-09 3.3566E-09 2.6775E-09 2.1039E-09 1.6337E-09 1.2568E-09 9.4963E-10 7.0474E-10 4.9551E-10 3.4437E-10 2.3769E-10 1.7095E-10 1.0964E-10 6.4658E-11 3.6826E-11 2.7701E-11 1.4907E-11 9.6698E-12 2.3132E-12 1.8069E-12 0.0000E+00 0.0000E+00 0.0000E+00 0.0000E+00 0.0000E+00 0.0000E+00 0.0000E+00 0.0000E+00 0.0000E+00 0.0000E+00 0.0000E+00 0.0000E+00 0.0000E+00 0.0000E+00 0.0000E+00
1.4627E-08 1.6165E-08 1.7604E-08 1.8889E-08 1.9968E-08 2.0794E-08 2.1324E-08 2.1537E-08 2.1424E-08 2.0989E-08 2.0250E-08 1.9239E-08 1.8004E-08 1.6596E-08 1.5071E-08 1.3485E-08 1.1892E-08 1.0337E-08 8.8557E-09 7.4825E-09 6.2404E-09 5.1333E-09 4.1646E-09 3.3435E-09 2.6427E-09 2.0697E-09 1.6006E-09 1.2207E-09 9.1229E-10 6.7142E-10 4.6415E-10 3.1623E-10 2.1148E-10 1.4794E-10 9.1669E-11 5.3522E-11 3.0142E-11 2.1387E-11 1.0500E-11 5.7536E-12 1.7080E-12 5.0759E-13 0.0000E+00 0.0000E+00 0.0000E+00 0.0000E+00 0.0000E+00 0.0000E+00 0.0000E+00 0.0000E+00 0.0000E+00 0.0000E+00 0.0000E+00 0.0000E+00 0.0000E+00 0.0000E+00 0.0000E+00
1.4782E-08 1.6378E-08 1.7881E-08 1.9233E-08 2.0373E-08 2.1253E-08 2.1831E-08 2.2079E-08 2.1984E-08 2.1544E-08 2.0786E-08 1.9743E-08 1.8462E-08 1.7000E-08 1.5412E-08 1.3759E-08 1.2101E-08 1.0485E-08 8.9555E-09 7.5393E-09 6.2552E-09 5.1224E-09 4.1397E-09 3.2959E-09 2.5980E-09 2.0181E-09 1.5470E-09 1.1703E-09 8.7445E-10 6.2959E-10 4.2575E-10 2.8826E-10 1.8705E-10 1.2427E-10 7.2957E-11 4.0315E-11 2.3055E-11 1.5314E-11 6.1502E-12 1.3469E-12 2.8055E-13 0.0000E+00 0.0000E+00 0.0000E+00 0.0000E+00 0.0000E+00 0.0000E+00 0.0000E+00 0.0000E+00 0.0000E+00 0.0000E+00 0.0000E+00 0.0000E+00 0.0000E+00 0.0000E+00 0.0000E+00 0.0000E+00
1.4854E-08 1.6507E-08 1.8070E-08 1.9482E-08 2.0681E-08 2.1614E-08 2.2237E-08 2.2516E-08 2.2436E-08 2.2001E-08 2.1231E-08 2.0162E-08 1.8841E-08 1.7325E-08 1.5681E-08 1.3972E-08 1.2257E-08 1.0588E-08 9.0079E-09 7.5516E-09 6.2428E-09 5.0831E-09 4.0831E-09 3.2391E-09 2.5302E-09 1.9536E-09 1.4918E-09 1.1220E-09 8.2305E-10 5.8389E-10 3.9107E-10 2.5608E-10 1.6289E-10 1.0191E-10 5.2800E-11 2.6988E-11 1.6673E-11 8.3235E-12 2.5143E-12 0.0000E+00 0.0000E+00 0.0000E+00 0.0000E+00 0.0000E+00 0.0000E+00 0.0000E+00 0.0000E+00 0.0000E+00 0.0000E+00 0.0000E+00 0.0000E+00 0.0000E+00 0.0000E+00 0.0000E+00 0.0000E+00 0.0000E+00 0.0000E+00
1.4853E-08 1.6554E-08 1.8170E-08 1.9638E-08 2.0895E-08 2.1881E-08 2.2549E-08 2.2863E-08 2.2805E-08 2.2375E-08 2.1595E-08 2.0500E-08 1.9142E-08 1.7582E-08 1.5888E-08 1.4126E-08 1.2358E-08 1.0641E-08 9.0220E-09 7.5305E-09 6.1910E-09 5.0196E-09 4.0088E-09 3.1569E-09 2.4551E-09 1.8818E-09 1.4190E-09 1.0575E-09 7.6668E-10 5.3536E-10 3.5365E-10 2.1834E-10 1.3583E-10 7.7565E-11 3.5909E-11 1.8235E-11 1.1105E-11 2.6082E-12 1.4485E-12 0.0000E+00 0.0000E+00 0.0000E+00 0.0000E+00 0.0000E+00 0.0000E+00 0.0000E+00 0.0000E+00 0.0000E+00 0.0000E+00 0.0000E+00 0.0000E+00 0.0000E+00 0.0000E+00 0.0000E+00 0.0000E+00 0.0000E+00 0.0000E+00
1.4775E-08 1.6522E-08 1.8193E-08 1.9720E-08 2.1035E-08 2.2075E-08 2.2788E-08 2.3138E-08 2.3103E-08 2.2682E-08 2.1895E-08 2.0780E-08 1.9389E-08 1.7787E-08 1.6043E-08 1.4230E-08 1.2415E-08 1.0653E-08 8.9964E-09 7.4784E-09 6.1213E-09 4.9305E-09 3.9179E-09 3.0652E-09 2.3652E-09 1.7950E-09 1.3494E-09 9.9680E-10 7.0163E-10 4.7745E-10 3.1248E-10 1.8039E-10 1.0745E-10 5.4209E-11 2.4092E-11 1.2404E-11 6.1474E-12 2.0247E-12 0.0000E+00 0.0000E+00 0.0000E+00 0.0000E+00 0.0000E+00 0.0000E+00 0.0000E+00 0.0000E+00 0.0000E+00 0.0000E+00 0.0000E+00 0.0000E+00 0.0000E+00 0.0000E+00 0.0000E+00 0.0000E+00 0.0000E+00 0.0000E+00 0.0000E+00
1.4630E-08 1.6423E-08 1.8144E-08 1.9725E-08 2.1095E-08 2.2190E-08 2.2953E-08 2.3339E-08 2.3328E-08 2.2918E-08 2.2128E-08 2.0995E-08 1.9574E-08 1.7934E-08 1.6149E-08 1.4292E-08 1.2432E-08 1.0633E-08 8.9438E-09 7.3978E-09 6.0229E-09 4.8295E-09 3.8079E-09 2.9627E-09 2.2663E-09 1.7154E-09 1.2700E-09 9.2750E-10 6.4931E-10 4.2425E-10 2.6916E-10 1.4329E-10 7.8480E-11 3.4582E-11 1.3783E-11 7.4357E-12 3.7287E-12 1.4824E-12 0.0000E+00 0.0000E+00 0.0000E+00 0.0000E+00 0.0000E+00 0.0000E+00 0.0000E+00 0.0000E+00 0.0000E+00 0.0000E+00 0.0000E+00 0.0000E+00 0.0000E+00 0.0000E+00 0.0000E+00 0.0000E+00 0.0000E+00 0.0000E+00 0.0000E+00
1.4422E-08 1.6250E-08 1.8019E-08 1.9656E-08 2.1087E-08 2.2240E-08 2.3054E-08 2.3485E-08 2.3506E-08 2.3113E-08 2.2323E-08 2.1175E-08 1.9728E-08 1.8051E-08 1.6224E-08 1.4322E-08 1.2420E-08 1.0584E-08 8.8658E-09 7.3018E-09 5.9123E-09 4.7091E-09 3.6960E-09 2.8498E-09 2.1704E-09 1.6172E-09 1.1926E-09 8.5561E-10 5.8355E-10 3.7116E-10 2.1928E-10 1.0717E-10 5.2469E-11 1.7061E-11 8.2507E-12 5.9047E-12 1.9563E-12 6.8380E-13 0.0000E+00 0.0000E+00 0.0000E+00 0.0000E+00 0.0000E+00 0.0000E+00 0.0000E+00 0.0000E+00 0.0000E+00 0.0000E+00 0.0000E+00 0.0000E+00 0.0000E+00 0.0000E+00 0.0000E+00 0.0000E+00 0.0000E+00 0.0000E+00 0.0000E+00
1.4147E-08 1.6014E-08 1.7832E-08 1.9524E-08 2.1012E-08 2.2222E-08 2.3091E-08 2.3569E-08 2.3624E-08 2.3251E-08 2.2466E-08 2.1310E-08 1.9842E-08 1.8134E-08 1.6269E-08 1.4329E-08 1.2391E-08 1.0522E-08 8.7743E-09 7.1893E-09 5.7921E-09 4.5877E-09 3.5700E-09 2.7402E-09 2.0608E-09 1.5364E-09 1.1182E-09 7.9409E-10 5.2076E-10 3.1438E-10 1.7174E-10 7.6640E-11 3.0476E-11 8.9630E-12 6.9342E-12 3.9548E-12 1.2287E-12 0.0000E+00 0.0000E+00 0.0000E+00 0.0000E+00 0.0000E+00 0.0000E+00 0.0000E+00 0.0000E+00 0.0000E+00 0.0000E+00 0.0000E+00 0.0000E+00 0.0000E+00 0.0000E+00 0.0000E+00 0.0000E+00 0.0000E+00 0.0000E+00 0.0000E+00 0.0000E+00
1.3820E-08 1.5718E-08 1.7577E-08 1.9320E-08 2.0868E-08 2.2141E-08 2.3070E-08 2.3600E-08 2.3697E-08 2.3351E-08 2.2576E-08 2.1415E-08 1.9929E-08 1.8192E-08 1.6292E-08 1.4314E-08 1.2340E-08 1.0441E-08 8.6719E-09 7.0721E-09 5.6628E-09 4.4575E-09 3.4509E-09 2.6215E-09 1.9665E-09 1.4406E-09 1.0328E-09 7.2250E-10 4.6165E-10 2.5870E-10 1.2819E-10 4.9134E-11 1.8269E-11 7.5322E-12 5.1808E-12 2.2132E-12 4.4315E-13 0.0000E+00 0.0000E+00 0.0000E+00 0.0000E+00 0.0000E+00 0.0000E+00 0.0000E+00 0.0000E+00 0.0000E+00 0.0000E+00 0.0000E+00 0.0000E+00 0.0000E+00 0.0000E+00 0.0000E+00 0.0000E+00 0.0000E+00 0.0000E+00 0.0000E+00 0.0000E+00
1.3439E-08 1.5361E-08 1.7259E-08 1.9055E-08 2.0662E-08 2.1998E-08 2.2989E-08 2.3573E-08 2.3714E-08 2.3399E-08 2.2642E-08 2.1482E-08 1.9984E-08 1.8226E-08 1.6297E-08 1.4287E-08 1.2280E-08 1.0352E-08 8.5598E-09 6.9475E-09 5.5346E-09 4.3272E-09 3.3240E-09 2.5128E-09 1.8597E-09 1.3567E-09 9.6717E-10 6.5336E-10 3.8538E-10 2.0863E-10 8.8853E-11 3.0707E-11 1.0877E-11 5.7998E-12 3.0427E-12 7.8320E-13 0.0000E+00 0.0000E+00 0.0000E+00 0.0000E+00 0.0000E+00 0.0000E+00 0.0000E+00 0.0000E+00 0.0000E+00 0.0000E+00 0.0000E+00 0.0000E+00 0.0000E+00 0.0000E+00 0.0000E+00 0.0000E+00 0.0000E+00 0.0000E+00 0.0000E+00 0.0000E+00 0.0000E+00
1.3008E-08 1.4952E-08 1.6886E-08 1.8729E-08 2.0392E-08 2.1789E-08 2.2841E-08 2.3483E-08 2.3673E-08 2.3394E-08 2.2659E-08 2.1507E-08 2.0002E-08 1.8226E-08 1.6272E-08 1.4235E-08 1.2204E-08 1.0255E-08 8.4453E-09 6.8185E-09 5.4004E-09 4.2006E-09 3.2056E-09 2.3990E-09 1.7670E-09 1.2707E-09 8.8759E-10 5.8044E-10 3.2040E-10 1.5939E-10 5.5734E-11 1.7448E-11 6.2218E-12 3.7482E-12 1.2458E-12 6.7333E-14 0.0000E+00 0.0000E+00 0.0000E+00 0.0000E+00 0.0000E+00 0.0000E+00 0.0000E+00 0.0000E+00 0.0000E+00 0.0000E+00 0.0000E+00 0.0000E+00 0.0000E+00 0.0000E+00 0.0000E+00 0.0000E+00 0.0000E+00 0.0000E+00 0.0000E+00 0.0000E+00 0.0000E+00
1.2539E-08 1.4494E-08 1.6454E-08 1.8338E-08 2.0056E-08 2.1517E-08 2.2635E-08 2.3342E-08 2.3588E-08 2.3353E-08 2.2646E-08 2.1507E-08 2.0001E-08 1.8212E-08 1.6237E-08 1.4175E-08 1.2117E-08 1.0144E-08 8.3203E-09 6.6894E-09 5.2710E-09 4.0695E-09 3.0847E-09 2.2923E-09 1.6698E-09 1.1850E-09 8.2334E-10 5.3274E-10 2.5839E-10 1.1405E-10 3.1326E-11 9.8902E-12 4.2129E-12 1.6834E-12 2.5069E-13 0.0000E+00 0.0000E+00 0.0000E+00 0.0000E+00 0.0000E+00 0.0000E+00 0.0000E+00 0.0000E+00 0.0000E+00 0.0000E+00 0.0000E+00 0.0000E+00 0.0000E+00 0.0000E+00 0.0000E+00 0.0000E+00 0.0000E+00 0.0000E+00 0.0000E+00 0.0000E+00 0.0000E+00 0.0000E+00
1.2031E-08 1.3990E-08 1.5973E-08 1.7895E-08 1.9664E-08 2.1183E-08 2.2364E-08 2.3132E-08 2.3434E-08 2.3246E-08 2.2573E-08 2.1454E-08 1.9955E-08 1.8161E-08 1.6173E-08 1.4093E-08 1.2018E-08 1.0030E-08 8.1934E-09 6.5526E-09 5.1352E-09 3.9445E-09 2.9647E-09 2.1876E-09 1.5778E-09 1.1104E-09 7.5155E-10 4.6588E-10 2.1971E-10 7.5174E-11 1.6233E-11 5.2557E-12 1.9286E-12 3.5734E-13 0.0000E+00 0.0000E+00 0.0000E+00 0.0000E+00 0.0000E+00 0.0000E+00 0.0000E+00 0.0000E+00 0.0000E+00 0.0000E+00 0.0000E+00 0.0000E+00 0.0000E+00 0.0000E+00 0.0000E+00 0.0000E+00 0.0000E+00 0.0000E+00 0.0000E+00 0.0000E+00 0.0000E+00 0.0000E+00 0.0000E+00
1.1493E-08 1.3450E-08 1.5446E-08 1.7397E-08 1.9210E-08 2.0787E-08 2.2032E-08 2.2866E-08 2.3230E-08 2.3094E-08 2.2462E-08 2.1368E-08 1.9879E-08 1.8086E-08 1.6090E-08 1.3996E-08 1.1907E-08 9.9047E-09 8.0610E-09 6.4195E-09 5.0004E-09 3.8128E-09 2.8515E-09 2.0819E-09 1.4879E-09 1.0238E-09 6.8420E-10 3.9855E-10 1.6636E-10 4.2137E-11 6.9472E-12 1.9798E-12 3.8825E-13 0.0000E+00 0.0000E+00 0.0000E+00 0.0000E+00 0.0000E+00 0.0000E+00 0.0000E+00 0.0000E+00 0.0000E+00 0.0000E+00 0.0000E+00 0.0000E+00 0.0000E+00 0.0000E+00 0.0000E+00 0.0000E+00 0.0000E+00 0.0000E+00 0.0000E+00 0.0000E+00 0.0000E+00 0.0000E+00 0.0000E+00 0.0000E+00
1.0934E-08 1.2879E-08 1.4879E-08 1.6853E-08 1.8705E-08 2.0334E-08 2.1641E-08 2.2538E-08 2.2964E-08 2.2884E-08 2.2297E-08 2.1237E-08 1.9768E-08 1.7982E-08 1.5983E-08 1.3882E-08 1.1782E-08 9.7714E-09 7.9197E-09 6.2762E-09 4.8668E-09 3.6900E-09 2.7335E-09 1.9836E-09 1.3955E-09 9.5903E-10 6.2695E-10 3.5204E-10 1.1394E-10 1.7015E-11 1.9405E-12 3.4891E-13 0.0000E+00 0.0000E+00 0.0000E+00 0.0000E+00 0.0000E+00 0.0000E+00 0.0000E+00 0.0000E+00 0.0000E+00 0.0000E+00 0.0000E+00 0.0000E+00 0.0000E+00 0.0000E+00 0.0000E+00 0.0000E+00 0.0000E+00 0.0000E+00 0.0000E+00 0.0000E+00 0.0000E+00 0.0000E+00 0.0000E+00 0.0000E+00 0.0000E+00
1.0356E-08 1.2281E-08 1.4280E-08 1.6271E-08 1.8155E-08 1.9830E-08 2.1195E-08 2.2158E-08 2.2648E-08 2.2627E-08 2.2089E-08 2.1066E-08 1.9622E-08 1.7849E-08 1.5855E-08 1.3751E-08 1.1645E-08 9.6299E-09 7.7795E-09 6.1382E-09 4.7291E-09 3.5616E-09 2.6202E-09 1.8763E-09 1.3149E-09 8.8118E-10 5.6225E-10 3.0900E-10 7.1370E-11 3.5809E-12 2.4881E-13 0.0000E+00 0.0000E+00 0.0000E+00 0.0000E+00 0.0000E+00 0.0000E+00 0.0000E+00 0.0000E+00 0.0000E+00 0.0000E+00 0.0000E+00 0.0000E+00 0.0000E+00 0.0000E+00 0.0000E+00 0.0000E+00 0.0000E+00 0.0000E+00 0.0000E+00 0.0000E+00 0.0000E+00 0.0000E+00 0.0000E+00 0.0000E+00 0.0000E+00 0.0000E+00
9.7646E-09 1.1664E-08 1.3652E-08 1.5650E-08 1.7560E-08 1.9278E-08 2.0698E-08 2.1723E-08 2.2279E-08 2.2319E-08 2.1834E-08 2.0853E-08 1.9440E-08 1.7685E-08 1.5699E-08 1.3601E-08 1.1496E-08 9.4814E-09 7.6294E-09 5.9925E-09 4.5966E-09 3.4365E-09 2.5056E-09 1.7831E-09 1.2283E-09 8.1631E-10 5.0779E-10 2.4477E-10 3.7603E-11 1.0054E-13 0.0000E+00 0.0000E+00 0.0000E+00 0.0000E+00 0.0000E+00 0.0000E+00 0.0000E+00 0.0000E+00 0.0000E+00 0.0000E+00 0.0000E+00 0.0000E+00 0.0000E+00 0.0000E+00 0.0000E+00 0.0000E+00 0.0000E+00 0.0000E+00 0.0000E+00 0.0000E+00 0.0000E+00 0.0000E+00 0.0000E+00 0.0000E+00 0.0000E+00 0.0000E+00 0.0000E+00
9.1794E-09 1.1041E-08 1.3008E-08 1.5004E-08 1.6935E-08 1.8689E-08 2.0159E-08 2.1245E-08 2.1864E-08 2.1966E-08 2.1537E-08 2.0603E-08 1.9225E-08 1.7496E-08 1.5527E-08 1.3435E-08 1.1335E-08 9.3244E-09 7.4795E-09 5.8492E-09 4.4562E-09 3.3135E-09 2.3968E-09 1.6860E-09 1.1497E-09 7.5004E-10 4.5605E-10 1.6632E-10 1.3159E-11 0.0000E+00 0.0000E+00 0.0000E+00 0.0000E+00 0.0000E+00 0.0000E+00 0.0000E+00 0.0000E+00 0.0000E+00 0.0000E+00 0.0000E+00 0.0000E+00 0.0000E+00 0.0000E+00 0.0000E+00 0.0000E+00 0.0000E+00 0.0000E+00 0.0000E+00 0.0000E+00 0.0000E+00 0.0000E+00 0.0000E+00 0.0000E+00 0.0000E+00 0.0000E+00 0.0000E+00 0.0000E+00
