Assets/Resources/2015_m01_d29_0200(utc+0800)_l00_csi_1hr_conc.grd
DSAA
         159         159
     -79.000      79.000
     -79.000      79.000
  0.0000E+00  0.5945E-04
[rows 0 to 24 of 159, columns 57 to 113 of 159]
2.6710E-09 2.6573E-09 2.6386E-09 2.6150E-09 2.5898E-09 2.5571E-09 2.5199E-09 2.4785E-09 2.4329E-09 2.3834E-09 2.3302E-09 2.2737E-09 2.2169E-09 2.1545E-09 2.0894E-09 2.0221E-09 1.9529E-09 1.8820E-09 1.8098E-09 1.7365E-09 1.6626E-09 1.5882E-09 1.5137E-09 1.4395E-09 1.3658E-09 1.2929E-09 1.2210E-09 1.1505E-09 1.0814E-09 1.0141E-09 9.4551E-10 8.8193E-10 8.2056E-10 7.6153E-10 7.0495E-10 6.5090E-10 5.9934E-10 5.5026E-10 5.0098E-10 4.5745E-10 4.1656E-10 3.7828E-10 3.4265E-10 3.0674E-10 2.7626E-10 2.4766E-10 2.2139E-10 1.8927E-10 1.6353E-10 1.4545E-10 1.2640E-10 1.1184E-10 8.9101E-11 7.1628E-11 5.4164E-11 4.1398E-11 3.0434E-11
2.7823E-09 2.7700E-09 2.7558E-09 2.7335E-09 2.7063E-09 2.6742E-09 2.6374E-09 2.5960E-09 2.5533E-09 2.5035E-09 2.4498E-09 2.3925E-09 2.3317E-09 2.2678E-09 2.2011E-09 2.1319E-09 2.0605E-09 1.9873E-09 1.9125E-09 1.8365E-09 1.7595E-09 1.6821E-09 1.6044E-09 1.5268E-09 1.4497E-09 1.3732E-09 1.2977E-09 1.2235E-09 1.1508E-09 1.0797E-09 1.0103E-09 9.4301E-10 8.7795E-10 8.1529E-10 7.5216E-10 6.9467E-10 6.3977E-10 5.8762E-10 5.3826E-10 4.9170E-10 4.4496E-10 4.0436E-10 3.6636E-10 3.3100E-10 2.9776E-10 2.6427E-10 2.3626E-10 2.0499E-10 1.8005E-10 1.5483E-10 1.3737E-10 1.1883E-10 1.0245E-10 8.3240E-11 6.9196E-11 5.0812E-11 3.5256E-11
2.8977E-09 2.8874E-09 2.8717E-09 2.8508E-09 2.8246E-09 2.7964E-09 2.7603E-09 2.7195E-09 2.6740E-09 2.6240E-09 2.5698E-09 2.5117E-09 2.4499E-09 2.3847E-09 2.3202E-09 2.2494E-09 2.1761E-09 2.1007E-09 2.0234E-09 1.9446E-09 1.8648E-09 1.7842E-09 1.7033E-09 1.6223E-09 1.5416E-09 1.4615E-09 1.3823E-09 1.3042E-09 1.2276E-09 1.1486E-09 1.0754E-09 1.0043E-09 9.3558E-10 8.6927E-10 8.0536E-10 7.4411E-10 6.8566E-10 6.2706E-10 5.7460E-10 5.2510E-10 4.7875E-10 4.3512E-10 3.9136E-10 3.5328E-10 3.1777E-10 2.8497E-10 2.5188E-10 2.1872E-10 1.9513E-10 1.7067E-10 1.4607E-10 1.2927E-10 1.0887E-10 9.3189E-11 7.6251E-11 6.1427E-11 4.4001E-11
3.0111E-09 3.0028E-09 2.9889E-09 2.9726E-09 2.9480E-09 2.9180E-09 2.8828E-09 2.8425E-09 2.7973E-09 2.7473E-09 2.6967E-09 2.6382E-09 2.5757E-09 2.5096E-09 2.4402E-09 2.3678E-09 2.2925E-09 2.2148E-09 2.1350E-09 2.0535E-09 1.9708E-09 1.8872E-09 1.8029E-09 1.7185E-09 1.6342E-09 1.5504E-09 1.4674E-09 1.3855E-09 1.3048E-09 1.2256E-09 1.1484E-09 1.0732E-09 1.0004E-09 9.2590E-10 8.5821E-10 7.9331E-10 7.3132E-10 6.7232E-10 6.1642E-10 5.6379E-10 5.1117E-10 4.6472E-10 4.2102E-10 3.7992E-10 3.3882E-10 3.0387E-10 2.7173E-10 2.4280E-10 2.0802E-10 1.8510E-10 1.6427E-10 1.4269E-10 1.1879E-10 9.9050E-11 8.5630E-11 6.8048E-11 5.5475E-11
3.1279E-09 3.1221E-09 3.1105E-09 3.0931E-09 3.0701E-09 3.0414E-09 3.0110E-09 2.9717E-09 2.9272E-09 2.8777E-09 2.8235E-09 2.7646E-09 2.7016E-09 2.6347E-09 2.5641E-09 2.4901E-09 2.4128E-09 2.3330E-09 2.2547E-09 2.1708E-09 2.0852E-09 1.9985E-09 1.9111E-09 1.8232E-09 1.7353E-09 1.6477E-09 1.5608E-09 1.4747E-09 1.3858E-09 1.3026E-09 1.2213E-09 1.1420E-09 1.0649E-09 9.9036E-10 9.1388E-10 8.4518E-10 7.7948E-10 7.1701E-10 6.5786E-10 6.0179E-10 5.4887E-10 4.9902E-10 4.4885E-10 4.0510E-10 3.6449E-10 3.2694E-10 2.8991E-10 2.5941E-10 2.3147E-10 1.9713E-10 1.7496E-10 1.5486E-10 1.3009E-10 1.0844E-10 9.0953E-11 7.6838E-11 6.5705E-11
3.2425E-09 3.2392E-09 3.2299E-09 3.2146E-09 3.1973E-09 3.1705E-09 3.1380E-09 3.0999E-09 3.0562E-09 3.0072E-09 2.9532E-09 2.8944E-09 2.8350E-09 2.7676E-09 2.6960E-09 2.6205E-09 2.5418E-09 2.4600E-09 2.3757E-09 2.2892E-09 2.2009E-09 2.1112E-09 2.0204E-09 1.9290E-09 1.8375E-09 1.7461E-09 1.6551E-09 1.5649E-09 1.4758E-09 1.3883E-09 1.3025E-09 1.2187E-09 1.1372E-09 1.0541E-09 9.7814E-10 8.9978E-10 8.3038E-10 7.6431E-10 7.0146E-10 6.4182E-10 5.8557E-10 5.3194E-10 4.8170E-10 4.3482E-10 3.8835E-10 3.4860E-10 3.1284E-10 2.7996E-10 2.4709E-10 2.1989E-10 1.8917E-10 1.6476E-10 1.4165E-10 1.2047E-10 9.9796E-11 8.1636E-11 6.9885E-11
3.3570E-09 3.3565E-09 3.3537E-09 3.3412E-09 3.3225E-09 3.2977E-09 3.2668E-09 3.2300E-09 3.1875E-09 3.1433E-09 3.0903E-09 3.0320E-09 2.9688E-09 2.9006E-09 2.8280E-09 2.7514E-09 2.6712E-09 2.5876E-09 2.5012E-09 2.4122E-09 2.3212E-09 2.2325E-09 2.1385E-09 2.0437E-09 1.9485E-09 1.8531E-09 1.7580E-09 1.6636E-09 1.5662E-09 1.4742E-09 1.3839E-09 1.2956E-09 1.2097E-09 1.1264E-09 1.0410E-09 9.6396E-10 8.8408E-10 8.1405E-10 7.4726E-10 6.8398E-10 6.2360E-10 5.6660E-10 5.1316E-10 4.6328E-10 4.1694E-10 3.7525E-10 3.3396E-10 2.9889E-10 2.6676E-10 2.3451E-10 2.0813E-10 1.7823E-10 1.5081E-10 1.3139E-10 1.1111E-10 8.9930E-11 7.4190E-11
3.4751E-09 3.4780E-09 3.4746E-09 3.4648E-09 3.4486E-09 3.4260E-09 3.4010E-09 3.3663E-09 3.3255E-09 3.2791E-09 3.2269E-09 3.1691E-09 3.1056E-09 3.0371E-09 2.9679E-09 2.8906E-09 2.8092E-09 2.7241E-09 2.6358E-09 2.5447E-09 2.4511E-09 2.3555E-09 2.2583E-09 2.1600E-09 2.0610E-09 1.9617E-09 1.8625E-09 1.7638E-09 1.6660E-09 1.5693E-09 1.4744E-09 1.3813E-09 1.2906E-09 1.2025E-09 1.1133E-09 1.0260E-09 9.4793E-10 8.6617E-10 7.9541E-10 7.2784E-10 6.6356E-10 6.0302E-10 5.4623E-10 4.9320E-10 4.4494E-10 4.0056E-10 3.5957E-10 3.1881E-10 2.8456E-10 2.5325E-10 2.2174E-10 1.9624E-10 1.6947E-10 1.3979E-10 1.2137E-10 1.0203E-10 8.6313E-11
3.5894E-09 3.5957E-09 3.5955E-09 3.5887E-09 3.5793E-09 3.5597E-09 3.5335E-09 3.5011E-09 3.4624E-09 3.4174E-09 3.3661E-09 3.3128E-09 3.2500E-09 3.1818E-09 3.1085E-09 3.0305E-09 2.9480E-09 2.8615E-09 2.7714E-09 2.6781E-09 2.5819E-09 2.4835E-09 2.3831E-09 2.2814E-09 2.1829E-09 2.0796E-09 1.9762E-09 1.8731E-09 1.7665E-09 1.6652E-09 1.5655E-09 1.4677E-09 1.3722E-09 1.2795E-09 1.1897E-09 1.0982E-09 1.0151E-09 9.2928E-10 8.4568E-10 7.7367E-10 7.0551E-10 6.4124E-10 5.8093E-10 5.2542E-10 4.7447E-10 4.2721E-10 3.8355E-10 3.4334E-10 3.0646E-10 2.6989E-10 2.3952E-10 2.1195E-10 1.8064E-10 1.5760E-10 1.2903E-10 1.1163E-10 9.1778E-11
3.7028E-09 3.7128E-09 3.7202E-09 3.7172E-09 3.7073E-09 3.6906E-09 3.6676E-09 3.6377E-09 3.6052E-09 3.5620E-09 3.5123E-09 3.4562E-09 3.3942E-09 3.3264E-09 3.2531E-09 3.1746E-09 3.0954E-09 3.0078E-09 2.9163E-09 2.8211E-09 2.7227E-09 2.6216E-09 2.5182E-09 2.4132E-09 2.3068E-09 2.1996E-09 2.0920E-09 1.9844E-09 1.8773E-09 1.7712E-09 1.6664E-09 1.5636E-09 1.4631E-09 1.3652E-09 1.2703E-09 1.1742E-09 1.0801E-09 9.9572E-10 9.0734E-10 8.2168E-10 7.4943E-10 6.8128E-10 6.1782E-10 5.5965E-10 5.0547E-10 4.5520E-10 4.0873E-10 3.6592E-10 3.2663E-10 2.9071E-10 2.5499E-10 2.2310E-10 1.9550E-10 1.6787E-10 1.4595E-10 1.1706E-10 1.0072E-10
3.8190E-09 3.8335E-09 3.8411E-09 3.8418E-09 3.8356E-09 3.8228E-09 3.8070E-09 3.7803E-09 3.7462E-09 3.7050E-09 3.6571E-09 3.6026E-09 3.5416E-09 3.4788E-09 3.4060E-09 3.3276E-09 3.2440E-09 3.1555E-09 3.0625E-09 2.9655E-09 2.8648E-09 2.7611E-09 2.6548E-09 2.5465E-09 2.4365E-09 2.3253E-09 2.2134E-09 2.1013E-09 1.9894E-09 1.8783E-09 1.7685E-09 1.6606E-09 1.5549E-09 1.4518E-09 1.3515E-09 1.2544E-09 1.1557E-09 1.0586E-09 9.7239E-10 8.8233E-10 8.0499E-10 7.2333E-10 6.5730E-10 5.9554E-10 5.3798E-10 4.8455E-10 4.3513E-10 3.8959E-10 3.4778E-10 3.0954E-10 2.7468E-10 2.3745E-10 2.0818E-10 1.8181E-10 1.5533E-10 1.3305E-10 1.1172E-10
3.9305E-09 3.9494E-09 3.9613E-09 3.9664E-09 3.9688E-09 3.9600E-09 3.9439E-09 3.9199E-09 3.8886E-09 3.8500E-09 3.8086E-09 3.7563E-09 3.6971E-09 3.6313E-09 3.5592E-09 3.4811E-09 3.3972E-09 3.3079E-09 3.2181E-09 3.1196E-09 3.0171E-09 2.9110E-09 2.8022E-09 2.6908E-09 2.5774E-09 2.4622E-09 2.3460E-09 2.2292E-09 2.1125E-09 1.9963E-09 1.8813E-09 1.7679E-09 1.6567E-09 1.5479E-09 1.4419E-09 1.3391E-09 1.2350E-09 1.1329E-09 1.0411E-09 9.4633E-10 8.5481E-10 7.7910E-10 6.9858E-10 6.3307E-10 5.7198E-10 5.1525E-10 4.6275E-10 4.1435E-10 3.6990E-10 3.2923E-10 2.9215E-10 2.5603E-10 2.2138E-10 1.9343E-10 1.6834E-10 1.4157E-10 1.2199E-10
4.0403E-09 4.0639E-09 4.0850E-09 4.0953E-09 4.0983E-09 4.0934E-09 4.0807E-09 4.0644E-09 4.0368E-09 4.0017E-09 3.9591E-09 3.9090E-09 3.8518E-09 3.7875E-09 3.7205E-09 3.6432E-09 3.5597E-09 3.4703E-09 3.3755E-09 3.2757E-09 3.1713E-09 3.0633E-09 2.9519E-09 2.8375E-09 2.7204E-09 2.6012E-09 2.4806E-09 2.3591E-09 2.2373E-09 2.1160E-09 1.9956E-09 1.8766E-09 1.7597E-09 1.6451E-09 1.5334E-09 1.4245E-09 1.3188E-09 1.2115E-09 1.1069E-09 1.0140E-09 9.1892E-10 8.2828E-10 7.5305E-10 6.7223E-10 6.0747E-10 5.4728E-10 4.9157E-10 4.4019E-10 3.9298E-10 3.4978E-10 3.1038E-10 2.7220E-10 2.3882E-10 2.0873E-10 1.7744E-10 1.5367E-10 1.2967E-10
4.1519E-09 4.1817E-09 4.2044E-09 4.2196E-09 4.2268E-09 4.2303E-09 4.2223E-09 4.2065E-09 4.1828E-09 4.1512E-09 4.1117E-09 4.0685E-09 4.0139E-09 3.9519E-09 3.8825E-09 3.8062E-09 3.7231E-09 3.6336E-09 3.5382E-09 3.4373E-09 3.3353E-09 3.2258E-09 3.1121E-09 2.9946E-09 2.8740E-09 2.7509E-09 2.6259E-09 2.4996E-09 2.3728E-09 2.2461E-09 2.1201E-09 1.9954E-09 1.8725E-09 1.7518E-09 1.6338E-09 1.5184E-09 1.4064E-09 1.2947E-09 1.1847E-09 1.0866E-09 9.8707E-10 8.9142E-10 7.9995E-10 7.2523E-10 6.4440E-10 5.8063E-10 5.2156E-10 4.6708E-10 4.1700E-10 3.7116E-10 3.2934E-10 2.8759E-10 2.5221E-10 2.2032E-10 1.9168E-10 1.6326E-10 1.4084E-10
4.2589E-09 4.2941E-09 4.3221E-09 4.3420E-09 4.3587E-09 4.3636E-09 4.3604E-09 4.3492E-09 4.3298E-09 4.3064E-09 4.2709E-09 4.2273E-09 4.1756E-09 4.1159E-09 4.0484E-09 3.9734E-09 3.8947E-09 3.8058E-09 3.7104E-09 3.6092E-09 3.5033E-09 3.3919E-09 3.2757E-09 3.1553E-09 3.0312E-09 2.9040E-09 2.7745E-09 2.6434E-09 2.5114E-09 2.3793E-09 2.2476E-09 2.1169E-09 1.9879E-09 1.8610E-09 1.7362E-09 1.6144E-09 1.4961E-09 1.3816E-09 1.2718E-09 1.1611E-09 1.0631E-09 9.5832E-10 8.6167E-10 7.8135E-10 6.9575E-10 6.1524E-10 5.5270E-10 4.9498E-10 4.4193E-10 3.9334E-10 3.4644E-10 3.0507E-10 2.6763E-10 2.3388E-10 2.0356E-10 1.7643E-10 1.4947E-10
4.3632E-09 4.4041E-09 4.4414E-09 4.4675E-09 4.4859E-09 4.4963E-09 4.4985E-09 4.4965E-09 4.4824E-09 4.4597E-09 4.4284E-09 4.3885E-09 4.3401E-09 4.2868E-09 4.2220E-09 4.1491E-09 4.0684E-09 3.9802E-09 3.8853E-09 3.7848E-09 3.6777E-09 3.5647E-09 3.4462E-09 3.3266E-09 3.1990E-09 3.0679E-09 2.9341E-09 2.7982E-09 2.6611E-09 2.5234E-09 2.3858E-09 2.2490E-09 2.1136E-09 1.9799E-09 1.8484E-09 1.7198E-09 1.5908E-09 1.4696E-09 1.3549E-09 1.2452E-09 1.1323E-09 1.0338E-09 9.3131E-10 8.3364E-10 7.5018E-10 6.6477E-10 5.8492E-10 5.2386E-10 4.6771E-10 4.1628E-10 3.6685E-10 3.2315E-10 2.8358E-10 2.4789E-10 2.1583E-10 1.8714E-10 1.5834E-10
4.4641E-09 4.5151E-09 4.5550E-09 4.5873E-09 4.6118E-09 4.6322E-09 4.6407E-09 4.6406E-09 4.6318E-09 4.6142E-09 4.5875E-09 4.5556E-09 4.5114E-09 4.4583E-09 4.3963E-09 4.3257E-09 4.2468E-09 4.1601E-09 4.0707E-09 3.9703E-09 3.8627E-09 3.7485E-09 3.6281E-09 3.5019E-09 3.3709E-09 3.2360E-09 3.0978E-09 2.9571E-09 2.8147E-09 2.6713E-09 2.5278E-09 2.3846E-09 2.2426E-09 2.1020E-09 1.9636E-09 1.8280E-09 1.6957E-09 1.5688E-09 1.4471E-09 1.3306E-09 1.2194E-09 1.1103E-09 1.0019E-09 8.9843E-10 8.0033E-10 7.1733E-10 6.3247E-10 5.5364E-10 4.9430E-10 4.3994E-10 3.8790E-10 3.4177E-10 3.0000E-10 2.6232E-10 2.2847E-10 1.9817E-10 1.7115E-10
4.5660E-09 4.6197E-09 4.6661E-09 4.7050E-09 4.7404E-09 4.7637E-09 4.7786E-09 4.7846E-09 4.7817E-09 4.7733E-09 4.7523E-09 4.7219E-09 4.6821E-09 4.6329E-09 4.5743E-09 4.5102E-09 4.4345E-09 4.3511E-09 4.2593E-09 4.1592E-09 4.0512E-09 3.9358E-09 3.8131E-09 3.6843E-09 3.5502E-09 3.4115E-09 3.2728E-09 3.1274E-09 2.9797E-09 2.8307E-09 2.6811E-09 2.5315E-09 2.3826E-09 2.2349E-09 2.0892E-09 1.9423E-09 1.8035E-09 1.6698E-09 1.5410E-09 1.4174E-09 1.2995E-09 1.1874E-09 1.0813E-09 9.7147E-10 8.6338E-10 7.6524E-10 6.8298E-10 5.9906E-10 5.3473E-10 4.6424E-10 4.0952E-10 3.6090E-10 3.1687E-10 2.7714E-10 2.4144E-10 2.0948E-10 1.8099E-10
4.6603E-09 4.7209E-09 4.7785E-09 4.8250E-09 4.8636E-09 4.8938E-09 4.9155E-09 4.9318E-09 4.9357E-09 4.9302E-09 4.9151E-09 4.8901E-09 4.8553E-09 4.8144E-09 4.7601E-09 4.6971E-09 4.6251E-09 4.5442E-09 4.4538E-09 4.3544E-09 4.2462E-09 4.1332E-09 4.0091E-09 3.8783E-09 3.7415E-09 3.5994E-09 3.4529E-09 3.3026E-09 3.1497E-09 2.9949E-09 2.8390E-09 2.6830E-09 2.5270E-09 2.3720E-09 2.2187E-09 2.0683E-09 1.9225E-09 1.7810E-09 1.6445E-09 1.5133E-09 1.3880E-09 1.2650E-09 1.1523E-09 1.0461E-09 9.3532E-10 8.2633E-10 7.3680E-10 6.4737E-10 5.6399E-10 4.8655E-10 4.3023E-10 3.7902E-10 3.3411E-10 2.9229E-10 2.5469E-10 2.2104E-10 1.9103E-10
4.7508E-09 4.8230E-09 4.8844E-09 4.9384E-09 4.9844E-09 5.0256E-09 5.0550E-09 5.0754E-09 5.0863E-09 5.0876E-09 5.0789E-09 5.0638E-09 5.0350E-09 4.9958E-09 4.9474E-09 4.8890E-09 4.8210E-09 4.7464E-09 4.6582E-09 4.5599E-09 4.4516E-09 4.3346E-09 4.2094E-09 4.0767E-09 3.9372E-09 3.7917E-09 3.6410E-09 3.4861E-09 3.3279E-09 3.1672E-09 3.0054E-09 2.8425E-09 2.6792E-09 2.5166E-09 2.3556E-09 2.1979E-09 2.0440E-09 1.8946E-09 1.7501E-09 1.6112E-09 1.4783E-09 1.3517E-09 1.2317E-09 1.1185E-09 1.0083E-09 8.9699E-10 7.8751E-10 6.9813E-10 6.0908E-10 5.1199E-10 4.5282E-10 3.9899E-10 3.5023E-10 3.0623E-10 2.6668E-10 2.3127E-10 1.9970E-10
4.8415E-09 4.9176E-09 4.9869E-09 5.0487E-09 5.1063E-09 5.1525E-09 5.1898E-09 5.2180E-09 5.2365E-09 5.2489E-09 5.2476E-09 5.2358E-09 5.2136E-09 5.1815E-09 5.1385E-09 5.0896E-09 5.0260E-09 4.9512E-09 4.8649E-09 4.7675E-09 4.6601E-09 4.5431E-09 4.4171E-09 4.2827E-09 4.1448E-09 3.9962E-09 3.8417E-09 3.6826E-09 3.5192E-09 3.3533E-09 3.1851E-09 3.0152E-09 2.8445E-09 2.6739E-09 2.5051E-09 2.3391E-09 2.1768E-09 2.0188E-09 1.8659E-09 1.7187E-09 1.5737E-09 1.4393E-09 1.3119E-09 1.1915E-09 1.0784E-09 9.7260E-10 8.5592E-10 7.5993E-10 6.5722E-10 5.6772E-10 4.7573E-10 4.1926E-10 3.6808E-10 3.2190E-10 2.8039E-10 2.4322E-10 2.1008E-10
4.9239E-09 5.0080E-09 5.0854E-09 5.1594E-09 5.2223E-09 5.2769E-09 5.3227E-09 5.3628E-09 5.3900E-09 5.4070E-09 5.4134E-09 5.4097E-09 5.3955E-09 5.3738E-09 5.3383E-09 5.2912E-09 5.2321E-09 5.1603E-09 5.0764E-09 4.9812E-09 4.8791E-09 4.7629E-09 4.6367E-09 4.5013E-09 4.3575E-09 4.2059E-09 4.0480E-09 3.8843E-09 3.7163E-09 3.5449E-09 3.3700E-09 3.1929E-09 3.0145E-09 2.8358E-09 2.6586E-09 2.4840E-09 2.3130E-09 2.1463E-09 1.9847E-09 1.8288E-09 1.6793E-09 1.5365E-09 1.4009E-09 1.2728E-09 1.1483E-09 1.0351E-09 9.2899E-10 8.1170E-10 7.1719E-10 6.1190E-10 5.1430E-10 4.5312E-10 3.8610E-10 3.3771E-10 2.9422E-10 2.5527E-10 2.2054E-10
5.0015E-09 5.0974E-09 5.1838E-09 5.2632E-09 5.3350E-09 5.3985E-09 5.4571E-09 5.5029E-09 5.5390E-09 5.5646E-09 5.5804E-09 5.5895E-09 5.5833E-09 5.5664E-09 5.5378E-09 5.4966E-09 5.4414E-09 5.3775E-09 5.2977E-09 5.2056E-09 5.1018E-09 4.9865E-09 4.8604E-09 4.7241E-09 4.5784E-09 4.4245E-09 4.2631E-09 4.0954E-09 3.9273E-09 3.7500E-09 3.5686E-09 3.3843E-09 3.1976E-09 3.0103E-09 2.8244E-09 2.6409E-09 2.4607E-09 2.2848E-09 2.1098E-09 1.9450E-09 1.7866E-09 1.6353E-09 1.4913E-09 1.3552E-09 1.2264E-09 1.1049E-09 9.8756E-10 8.7734E-10 7.7169E-10 6.6997E-10 5.5421E-10 4.7554E-10 4.1741E-10 3.5358E-10 3.0809E-10 2.6735E-10 2.3103E-10
5.0774E-09 5.1790E-09 5.2744E-09 5.3629E-09 5.4439E-09 5.5209E-09 5.5856E-09 5.6410E-09 5.6863E-09 5.7264E-09 5.7524E-09 5.7666E-09 5.7697E-09 5.7613E-09 5.7398E-09 5.7077E-09 5.6587E-09 5.5964E-09 5.5209E-09 5.4323E-09 5.3309E-09 5.2171E-09 5.0915E-09 4.9589E-09 4.8123E-09 4.6565E-09 4.4921E-09 4.3220E-09 4.1448E-09 3.9617E-09 3.7736E-09 3.5814E-09 3.3858E-09 3.1900E-09 2.9952E-09 2.8024E-09 2.6128E-09 2.4273E-09 2.2470E-09 2.0725E-09 1.9047E-09 1.7440E-09 1.5911E-09 1.4417E-09 1.3039E-09 1.1748E-09 1.0545E-09 9.3816E-10 8.2689E-10 7.2444E-10 6.1526E-10 5.1260E-10 4.3576E-10 3.8233E-10 3.2192E-10 2.7940E-10 2.4149E-10
5.1448E-09 5.2554E-09 5.3600E-09 5.4616E-09 5.5529E-09 5.6363E-09 5.7110E-09 5.7764E-09 5.8376E-09 5.8846E-09 5.9202E-09 5.9443E-09 5.9576E-09 5.9613E-09 5.9467E-09 5.9184E-09 5.8761E-09 5.8196E-09 5.7491E-09 5.6645E-09 5.5704E-09 5.4591E-09 5.3349E-09 5.1987E-09 5.0516E-09 4.8937E-09 4.7283E-09 4.5543E-09 4.3723E-09 4.1833E-09 3.9885E-09 3.7868E-09 3.5830E-09 3.3784E-09 3.1744E-09 2.9721E-09 2.7727E-09 2.5774E-09 2.3871E-09 2.2028E-09 2.0252E-09 1.8550E-09 1.6926E-09 1.5371E-09 1.3904E-09 1.2529E-09 1.1206E-09 9.9940E-10 8.8341E-10 7.7673E-10 6.7652E-10 5.5421E-10 4.7141E-10 4.1177E-10 3.4661E-10 2.9134E-10 2.5184E-10
