Assets/Resources/2015_m01_d09_0100(utc+0800)_l00_csi_1hr_conc.grd
DSAA
         159         159
     -79.000      79.000
     -79.000      79.000
  0.4730E-09  0.1524E-04
[rows 125 to 149 of 159, columns 57 to 113 of 159]
5.2822E-09 5.4217E-09 5.5659E-09 5.7027E-09 5.8837E-09 6.0305E-09 6.1697E-09 6.3538E-09 6.4973E-09 6.6789E-09 6.8196E-09 6.9600E-09 7.1394E-09 7.2738E-09 7.4052E-09 7.5342E-09 7.6595E-09 7.8273E-09 7.9441E-09 8.0550E-09 8.1620E-09 8.2617E-09 8.3546E-09 8.4909E-09 8.5724E-09 8.6468E-09 8.7153E-09 8.7756E-09 8.8290E-09 8.8751E-09 8.9137E-09 8.9438E-09 8.9645E-09 8.9762E-09 8.9792E-09 8.9742E-09 8.9604E-09 8.9392E-09 8.9105E-09 8.8734E-09 8.8288E-09 8.7745E-09 8.7151E-09 8.6492E-09 8.5779E-09 8.5009E-09 8.4192E-09 8.2879E-09 8.2022E-09 8.1128E-09 8.0182E-09 7.9180E-09 7.8159E-09 7.7129E-09 7.6125E-09 7.4635E-09 7.3584E-09
5.1338E-09 5.2646E-09 5.3953E-09 5.5341E-09 5.6678E-09 5.8366E-09 5.9748E-09 6.1085E-09 6.2804E-09 6.4141E-09 6.5447E-09 6.7156E-09 6.8448E-09 6.9710E-09 7.1372E-09 7.2579E-09 7.3751E-09 7.4877E-09 7.5952E-09 7.7454E-09 7.8447E-09 7.9383E-09 8.0261E-09 8.1073E-09 8.1832E-09 8.2524E-09 8.3149E-09 8.4194E-09 8.4694E-09 8.5135E-09 8.5507E-09 8.5798E-09 8.6013E-09 8.6144E-09 8.6187E-09 8.6154E-09 8.6033E-09 8.5837E-09 8.5564E-09 8.5204E-09 8.4792E-09 8.4333E-09 8.3801E-09 8.2759E-09 8.2164E-09 8.1506E-09 8.0785E-09 8.0022E-09 7.9226E-09 7.8370E-09 7.7481E-09 7.6587E-09 7.5242E-09 7.4347E-09 7.3396E-09 7.2419E-09 7.1438E-09
4.9856E-09 5.1130E-09 5.2420E-09 5.3651E-09 5.4935E-09 5.6243E-09 5.7465E-09 5.9117E-09 6.0383E-09 6.2008E-09 6.3246E-09 6.4475E-09 6.6077E-09 6.7250E-09 6.8406E-09 6.9534E-09 7.1065E-09 7.2122E-09 7.3131E-09 7.4105E-09 7.5034E-09 7.5907E-09 7.7175E-09 7.7945E-09 7.8655E-09 7.9307E-09 7.9901E-09 8.0434E-09 8.0906E-09 8.1316E-09 8.1661E-09 8.1935E-09 8.2136E-09 8.2265E-09 8.2309E-09 8.2282E-09 8.2185E-09 8.1989E-09 8.1781E-09 8.1514E-09 8.1181E-09 8.0795E-09 8.0348E-09 7.9816E-09 7.9228E-09 7.8625E-09 7.7967E-09 7.7265E-09 7.6522E-09 7.5331E-09 7.4568E-09 7.3780E-09 7.2949E-09 7.2059E-09 7.1181E-09 7.0307E-09 6.9428E-09
4.8456E-09 4.9638E-09 5.0845E-09 5.2085E-09 5.3306E-09 5.4482E-09 5.5710E-09 5.6892E-09 5.8433E-09 5.9615E-09 6.0765E-09 6.2301E-09 6.3434E-09 6.4543E-09 6.6031E-09 6.7087E-09 6.8109E-09 6.9096E-09 7.0033E-09 7.1389E-09 7.2264E-09 7.3078E-09 7.3846E-09 7.4560E-09 7.5225E-09 7.5830E-09 7.6831E-09 7.7334E-09 7.7784E-09 7.8169E-09 7.8495E-09 7.8769E-09 7.8952E-09 7.9080E-09 7.9125E-09 7.9136E-09 7.9084E-09 7.8967E-09 7.8781E-09 7.8532E-09 7.8222E-09 7.7839E-09 7.7403E-09 7.6948E-09 7.6436E-09 7.5447E-09 7.4884E-09 7.4284E-09 7.3640E-09 7.2941E-09 7.2222E-09 7.1455E-09 7.0681E-09 6.9895E-09 6.8715E-09 6.7897E-09 6.7052E-09
4.7061E-09 4.8224E-09 4.9389E-09 5.0510E-09 5.1681E-09 5.2854E-09 5.3978E-09 5.5104E-09 5.6248E-09 5.7710E-09 5.8802E-09 5.9885E-09 6.0928E-09 6.2353E-09 6.3377E-09 6.4369E-09 6.5740E-09 6.6666E-09 6.7555E-09 6.8416E-09 6.9229E-09 6.9994E-09 7.1142E-09 7.1819E-09 7.2447E-09 7.3019E-09 7.3535E-09 7.4012E-09 7.4405E-09 7.4763E-09 7.5068E-09 7.5316E-09 7.5519E-09 7.5659E-09 7.5737E-09 7.5744E-09 7.5695E-09 7.5587E-09 7.5426E-09 7.5194E-09 7.4931E-09 7.4638E-09 7.4298E-09 7.3918E-09 7.3492E-09 7.2984E-09 7.2433E-09 7.1853E-09 7.1251E-09 7.0615E-09 6.9956E-09 6.8876E-09 6.8198E-09 6.7494E-09 6.6731E-09 6.5965E-09 6.5195E-09
4.5749E-09 4.6841E-09 4.7935E-09 4.9065E-09 5.0154E-09 5.1221E-09 5.2323E-09 5.3398E-09 5.4452E-09 5.5502E-09 5.6536E-09 5.7919E-09 5.8918E-09 5.9916E-09 6.1256E-09 6.2186E-09 6.3102E-09 6.3967E-09 6.4799E-09 6.6026E-09 6.6788E-09 6.7477E-09 6.8128E-09 6.8763E-09 6.9348E-09 7.0319E-09 7.0823E-09 7.1279E-09 7.1667E-09 7.2023E-09 7.2325E-09 7.2582E-09 7.2776E-09 7.2913E-09 7.2992E-09 7.3023E-09 7.2979E-09 7.2902E-09 7.2788E-09 7.2614E-09 7.2403E-09 7.2131E-09 7.1791E-09 7.1406E-09 7.0995E-09 7.0534E-09 7.0050E-09 6.9544E-09 6.8608E-09 6.8059E-09 6.7466E-09 6.6847E-09 6.6198E-09 6.5508E-09 6.4829E-09 6.4144E-09 6.3067E-09
4.4447E-09 4.5515E-09 4.6560E-09 4.7614E-09 4.8664E-09 4.9733E-09 5.0751E-09 5.1777E-09 5.2790E-09 5.3776E-09 5.4746E-09 5.5705E-09 5.6629E-09 5.7920E-09 5.8828E-09 5.9706E-09 6.0944E-09 6.1762E-09 6.2557E-09 6.3318E-09 6.4032E-09 6.5122E-09 6.5746E-09 6.6347E-09 6.6908E-09 6.7427E-09 6.7894E-09 6.8320E-09 6.8690E-09 6.9033E-09 6.9314E-09 6.9967E-09 7.0160E-09 7.0299E-09 7.0400E-09 7.0436E-09 7.0437E-09 7.0377E-09 7.0268E-09 7.0112E-09 6.9891E-09 6.9625E-09 6.8938E-09 6.8616E-09 6.8281E-09 6.7916E-09 6.7497E-09 6.7019E-09 6.6523E-09 6.6002E-09 6.5450E-09 6.4854E-09 6.4253E-09 6.3267E-09 6.2668E-09 6.2024E-09 6.1333E-09
4.3212E-09 4.4220E-09 4.5221E-09 4.6246E-09 4.7241E-09 4.8225E-09 4.9221E-09 5.0201E-09 5.1161E-09 5.2102E-09 5.3029E-09 5.3945E-09 5.4834E-09 5.5727E-09 5.6941E-09 5.7764E-09 5.8560E-09 5.9331E-09 6.0076E-09 6.1191E-09 6.1873E-09 6.2515E-09 6.3129E-09 6.3683E-09 6.4193E-09 6.5085E-09 6.5506E-09 6.5919E-09 6.6295E-09 6.6621E-09 6.6888E-09 6.7119E-09 6.7318E-09 6.7478E-09 6.7570E-09 6.7619E-09 6.7628E-09 6.7589E-09 6.7492E-09 6.7367E-09 6.7203E-09 6.7007E-09 6.6770E-09 6.6487E-09 6.6146E-09 6.5768E-09 6.5373E-09 6.4950E-09 6.4493E-09 6.4007E-09 6.3137E-09 6.2628E-09 6.2099E-09 6.1535E-09 6.0925E-09 6.0321E-09 5.9706E-09
4.2013E-09 4.2988E-09 4.3972E-09 4.4913E-09 4.5883E-09 4.6839E-09 4.7792E-09 4.8708E-09 4.9625E-09 5.0527E-09 5.1406E-09 5.2264E-09 5.3107E-09 5.3925E-09 5.4735E-09 5.5517E-09 5.6642E-09 5.7375E-09 5.8083E-09 5.8760E-09 5.9395E-09 6.0394E-09 6.0976E-09 6.1519E-09 6.2024E-09 6.2468E-09 6.2900E-09 6.3279E-09 6.3626E-09 6.3943E-09 6.4624E-09 6.4854E-09 6.5049E-09 6.5184E-09 6.5289E-09 6.5351E-09 6.5367E-09 6.5356E-09 6.5289E-09 6.5187E-09 6.5041E-09 6.4856E-09 6.4615E-09 6.4338E-09 6.4040E-09 6.3332E-09 6.3009E-09 6.2653E-09 6.2257E-09 6.1807E-09 6.1336E-09 6.0852E-09 6.0319E-09 5.9791E-09 5.9276E-09 5.8362E-09 5.7807E-09
4.0866E-09 4.1784E-09 4.2719E-09 4.3646E-09 4.4553E-09 4.5452E-09 4.6347E-09 4.7270E-09 4.8143E-09 4.9008E-09 4.9849E-09 5.0677E-09 5.1494E-09 5.2301E-09 5.3061E-09 5.3777E-09 5.4490E-09 5.5185E-09 5.6227E-09 5.6874E-09 5.7484E-09 5.8044E-09 5.8600E-09 5.9114E-09 5.9971E-09 6.0425E-09 6.0825E-09 6.1199E-09 6.1527E-09 6.1810E-09 6.2080E-09 6.2308E-09 6.2494E-09 6.2634E-09 6.2754E-09 6.2813E-09 6.2843E-09 6.2839E-09 6.2792E-09 6.2690E-09 6.2571E-09 6.2419E-09 6.2238E-09 6.2030E-09 6.1787E-09 6.1494E-09 6.1159E-09 6.0793E-09 6.0403E-09 6.0000E-09 5.9572E-09 5.9124E-09 5.8308E-09 5.7838E-09 5.7340E-09 5.6802E-09 5.6260E-09
3.9755E-09 4.0661E-09 4.1554E-09 4.2424E-09 4.3308E-09 4.4173E-09 4.5040E-09 4.5875E-09 4.6708E-09 4.7533E-09 4.8343E-09 4.9120E-09 4.9885E-09 5.0638E-09 5.1368E-09 5.2075E-09 5.2757E-09 5.3416E-09 5.4052E-09 5.4657E-09 5.5230E-09 5.6159E-09 5.6690E-09 5.7185E-09 5.7639E-09 5.8065E-09 5.8459E-09 5.8800E-09 5.9125E-09 5.9793E-09 6.0057E-09 6.0265E-09 6.0459E-09 6.0622E-09 6.0739E-09 6.0808E-09 6.0852E-09 6.0855E-09 6.0822E-09 6.0770E-09 6.0658E-09 6.0524E-09 6.0353E-09 6.0123E-09 5.9886E-09 5.9618E-09 5.9310E-09 5.8626E-09 5.8308E-09 5.7953E-09 5.7571E-09 5.7164E-09 5.6728E-09 5.6280E-09 5.5794E-09 5.5306E-09 5.4463E-09
3.8650E-09 3.9500E-09 4.0368E-09 4.1241E-09 4.2087E-09 4.2923E-09 4.3746E-09 4.4556E-09 4.5381E-09 4.6159E-09 4.6942E-09 4.7697E-09 4.8438E-09 4.9154E-09 4.9847E-09 5.0518E-09 5.1172E-09 5.1806E-09 5.2412E-09 5.2992E-09 5.3541E-09 5.4056E-09 5.4561E-09 5.5026E-09 5.5818E-09 5.6227E-09 5.6606E-09 5.6933E-09 5.7249E-09 5.7525E-09 5.7767E-09 5.7974E-09 5.8157E-09 5.8320E-09 5.8432E-09 5.8513E-09 5.8571E-09 5.8579E-09 5.8559E-09 5.8506E-09 5.8421E-09 5.8266E-09 5.8121E-09 5.7965E-09 5.7760E-09 5.7547E-09 5.7306E-09 5.6998E-09 5.6667E-09 5.6327E-09 5.5969E-09 5.5580E-09 5.5164E-09 5.4401E-09 5.3983E-09 5.3600E-09 5.3191E-09
3.7612E-09 3.8459E-09 3.9273E-09 4.0093E-09 4.0899E-09 4.1712E-09 4.2499E-09 4.3269E-09 4.4021E-09 4.4780E-09 4.5513E-09 4.6243E-09 4.6957E-09 4.7662E-09 4.8333E-09 4.8981E-09 4.9606E-09 5.0224E-09 5.0788E-09 5.1341E-09 5.1865E-09 5.2368E-09 5.2838E-09 5.3265E-09 5.3682E-09 5.4074E-09 5.4438E-09 5.4770E-09 5.5447E-09 5.5726E-09 5.5964E-09 5.6185E-09 5.6358E-09 5.6506E-09 5.6630E-09 5.6727E-09 5.6788E-09 5.6802E-09 5.6775E-09 5.6751E-09 5.6683E-09 5.6585E-09 5.6462E-09 5.6307E-09 5.6120E-09 5.5879E-09 5.5620E-09 5.5349E-09 5.5060E-09 5.4746E-09 5.4069E-09 5.3760E-09 5.3396E-09 5.3051E-09 5.2694E-09 5.2319E-09 5.1913E-09
3.6575E-09 3.7364E-09 3.8190E-09 3.8978E-09 3.9765E-09 4.0538E-09 4.1307E-09 4.2067E-09 4.2801E-09 4.3521E-09 4.4238E-09 4.4923E-09 4.5595E-09 4.6252E-09 4.6889E-09 4.7505E-09 4.8113E-09 4.8697E-09 4.9256E-09 4.9789E-09 5.0303E-09 5.0792E-09 5.1253E-09 5.1686E-09 5.2072E-09 5.2447E-09 5.2798E-09 5.3106E-09 5.3396E-09 5.3650E-09 5.3882E-09 5.4095E-09 5.4275E-09 5.4412E-09 5.4534E-09 5.4977E-09 5.5051E-09 5.5081E-09 5.5080E-09 5.5053E-09 5.4994E-09 5.4906E-09 5.4778E-09 5.4258E-09 5.4094E-09 5.3908E-09 5.3714E-09 5.3493E-09 5.3252E-09 5.2985E-09 5.2676E-09 5.2384E-09 5.2080E-09 5.1765E-09 5.1415E-09 5.1052E-09 5.0672E-09
3.5575E-09 3.6357E-09 3.7136E-09 3.7900E-09 3.8642E-09 3.9391E-09 4.0116E-09 4.0839E-09 4.1541E-09 4.2258E-09 4.2938E-09 4.3615E-09 4.4263E-09 4.4894E-09 4.5517E-09 4.6113E-09 4.6705E-09 4.7260E-09 4.7795E-09 4.8308E-09 4.8808E-09 4.9280E-09 4.9728E-09 5.0134E-09 5.0527E-09 5.0882E-09 5.1212E-09 5.1492E-09 5.1786E-09 5.2052E-09 5.2294E-09 5.2497E-09 5.2665E-09 5.2821E-09 5.2934E-09 5.3021E-09 5.3084E-09 5.3121E-09 5.3130E-09 5.3111E-09 5.3041E-09 5.2972E-09 5.2894E-09 5.2779E-09 5.2649E-09 5.2489E-09 5.2305E-09 5.2080E-09 5.1841E-09 5.1603E-09 5.1351E-09 5.1088E-09 5.0790E-09 5.0476E-09 5.0146E-09 4.9804E-09 4.9455E-09
3.4576E-09 3.5334E-09 3.6077E-09 3.6826E-09 3.7565E-09 3.8301E-09 3.9009E-09 3.9710E-09 4.0388E-09 4.1068E-09 4.1720E-09 4.2357E-09 4.2981E-09 4.3591E-09 4.4183E-09 4.4759E-09 4.5315E-09 4.5853E-09 4.6369E-09 4.6866E-09 4.7342E-09 4.7796E-09 4.8226E-09 4.8634E-09 4.9018E-09 4.9369E-09 4.9705E-09 5.0002E-09 5.0289E-09 5.0535E-09 5.0771E-09 5.0966E-09 5.1149E-09 5.1298E-09 5.1420E-09 5.1513E-09 5.1559E-09 5.1600E-09 5.1632E-09 5.1624E-09 5.1593E-09 5.1543E-09 5.1462E-09 5.1366E-09 5.1223E-09 5.1059E-09 5.0895E-09 5.0711E-09 5.0513E-09 5.0302E-09 5.0055E-09 4.9792E-09 4.9510E-09 4.9226E-09 4.8917E-09 4.8583E-09 4.8244E-09
3.3659E-09 3.4377E-09 3.5080E-09 3.5789E-09 3.6479E-09 3.7175E-09 3.7859E-09 3.8538E-09 3.9225E-09 3.9867E-09 4.0524E-09 4.1140E-09 4.1755E-09 4.2341E-09 4.2927E-09 4.3481E-09 4.4018E-09 4.4538E-09 4.5040E-09 4.5521E-09 4.5982E-09 4.6422E-09 4.6825E-09 4.7222E-09 4.7597E-09 4.7948E-09 4.8262E-09 4.8567E-09 4.8839E-09 4.9086E-09 4.9296E-09 4.9491E-09 4.9676E-09 4.9828E-09 4.9948E-09 5.0044E-09 5.0131E-09 5.0178E-09 5.0207E-09 5.0204E-09 5.0186E-09 5.0135E-09 5.0031E-09 4.9942E-09 4.9832E-09 4.9715E-09 4.9568E-09 4.9409E-09 4.9214E-09 4.9001E-09 4.8769E-09 4.8534E-09 4.8273E-09 4.7995E-09 4.7693E-09 4.7391E-09 4.7061E-09
3.2713E-09 3.3419E-09 3.4121E-09 3.4793E-09 3.5485E-09 3.6152E-09 3.6815E-09 3.7455E-09 3.8101E-09 3.8721E-09 3.9329E-09 3.9946E-09 4.0528E-09 4.1096E-09 4.1649E-09 4.2185E-09 4.2705E-09 4.3208E-09 4.3693E-09 4.4159E-09 4.4606E-09 4.5033E-09 4.5441E-09 4.5827E-09 4.6193E-09 4.6537E-09 4.6859E-09 4.7159E-09 4.7427E-09 4.7665E-09 4.7896E-09 4.8089E-09 4.8273E-09 4.8419E-09 4.8556E-09 4.8661E-09 4.8732E-09 4.8789E-09 4.8776E-09 4.8783E-09 4.8768E-09 4.8745E-09 4.8687E-09 4.8621E-09 4.8525E-09 4.8408E-09 4.8271E-09 4.8109E-09 4.7927E-09 4.7740E-09 4.7527E-09 4.7297E-09 4.7050E-09 4.6786E-09 4.6500E-09 4.6206E-09 4.5897E-09
3.1863E-09 3.2520E-09 3.3173E-09 3.3820E-09 3.4462E-09 3.5106E-09 3.5747E-09 3.6376E-09 3.7000E-09 3.7609E-09 3.8196E-09 3.8800E-09 3.9362E-09 3.9926E-09 4.0460E-09 4.0980E-09 4.1484E-09 4.1994E-09 4.2464E-09 4.2917E-09 4.3352E-09 4.3767E-09 4.4149E-09 4.4526E-09 4.4882E-09 4.5218E-09 4.5518E-09 4.5812E-09 4.6084E-09 4.6319E-09 4.6536E-09 4.6732E-09 4.6895E-09 4.7007E-09 4.7145E-09 4.7252E-09 4.7330E-09 4.7386E-09 4.7435E-09 4.7447E-09 4.7452E-09 4.7428E-09 4.7390E-09 4.7322E-09 4.7235E-09 4.7121E-09 4.6988E-09 4.6849E-09 4.6685E-09 4.6501E-09 4.6301E-09 4.6083E-09 4.5843E-09 4.5593E-09 4.5335E-09 4.5047E-09 4.4746E-09
3.0985E-09 3.1618E-09 3.2263E-09 3.2903E-09 3.3530E-09 3.4151E-09 3.4756E-09 3.5353E-09 3.5940E-09 3.6518E-09 3.7085E-09 3.7641E-09 3.8184E-09 3.8725E-09 3.9252E-09 3.9755E-09 4.0243E-09 4.0726E-09 4.1182E-09 4.1622E-09 4.2044E-09 4.2449E-09 4.2825E-09 4.3192E-09 4.3520E-09 4.3848E-09 4.4156E-09 4.4436E-09 4.4703E-09 4.4949E-09 4.5164E-09 4.5367E-09 4.5534E-09 4.5693E-09 4.5817E-09 4.5918E-09 4.6013E-09 4.6086E-09 4.6130E-09 4.6161E-09 4.6162E-09 4.6142E-09 4.6096E-09 4.6044E-09 4.5958E-09 4.5859E-09 4.5749E-09 4.5613E-09 4.5459E-09 4.5287E-09 4.5091E-09 4.4886E-09 4.4673E-09 4.4427E-09 4.4176E-09 4.3910E-09 4.3638E-09
3.0160E-09 3.0770E-09 3.1377E-09 3.1979E-09 3.2576E-09 3.3181E-09 3.3765E-09 3.4356E-09 3.4923E-09 3.5497E-09 3.6044E-09 3.6590E-09 3.7116E-09 3.7630E-09 3.8130E-09 3.8617E-09 3.9090E-09 3.9548E-09 3.9991E-09 4.0418E-09 4.0828E-09 4.1221E-09 4.1597E-09 4.1946E-09 4.2285E-09 4.2605E-09 4.2891E-09 4.3172E-09 4.3419E-09 4.3660E-09 4.3880E-09 4.4066E-09 4.4245E-09 4.4404E-09 4.4533E-09 4.4649E-09 4.4745E-09 4.4812E-09 4.4858E-09 4.4878E-09 4.4892E-09 4.4872E-09 4.4846E-09 4.4793E-09 4.4728E-09 4.4629E-09 4.4521E-09 4.4401E-09 4.4251E-09 4.4090E-09 4.3920E-09 4.3718E-09 4.3508E-09 4.3284E-09 4.3054E-09 4.2801E-09 4.2534E-09
2.9335E-09 2.9938E-09 3.0524E-09 3.1113E-09 3.1697E-09 3.2267E-09 3.2830E-09 3.3386E-09 3.3933E-09 3.4472E-09 3.5002E-09 3.5521E-09 3.6043E-09 3.6540E-09 3.7024E-09 3.7496E-09 3.7954E-09 3.8398E-09 3.8827E-09 3.9242E-09 3.9640E-09 4.0023E-09 4.0388E-09 4.0736E-09 4.1052E-09 4.1364E-09 4.1658E-09 4.1933E-09 4.2188E-09 4.2424E-09 4.2633E-09 4.2829E-09 4.3006E-09 4.3154E-09 4.3291E-09 4.3400E-09 4.3482E-09 4.3545E-09 4.3602E-09 4.3640E-09 4.3650E-09 4.3648E-09 4.3620E-09 4.3573E-09 4.3508E-09 4.3419E-09 4.3326E-09 4.3208E-09 4.3082E-09 4.2922E-09 4.2755E-09 4.2573E-09 4.2383E-09 4.2171E-09 4.1944E-09 4.1704E-09 4.1439E-09
2.8539E-09 2.9106E-09 2.9669E-09 3.0237E-09 3.0807E-09 3.1356E-09 3.1914E-09 3.2450E-09 3.2979E-09 3.3508E-09 3.4019E-09 3.4521E-09 3.5021E-09 3.5501E-09 3.5970E-09 3.6426E-09 3.6870E-09 3.7301E-09 3.7717E-09 3.8119E-09 3.8506E-09 3.8877E-09 3.9224E-09 3.9562E-09 3.9884E-09 4.0188E-09 4.0474E-09 4.0734E-09 4.0984E-09 4.1215E-09 4.1419E-09 4.1598E-09 4.1773E-09 4.1914E-09 4.2050E-09 4.2167E-09 4.2256E-09 4.2335E-09 4.2394E-09 4.2426E-09 4.2440E-09 4.2436E-09 4.2421E-09 4.2374E-09 4.2316E-09 4.2248E-09 4.2155E-09 4.2046E-09 4.1920E-09 4.1779E-09 4.1630E-09 4.1458E-09 4.1271E-09 4.1070E-09 4.0849E-09 4.0624E-09 4.0384E-09
2.7765E-09 2.8311E-09 2.8864E-09 2.9411E-09 2.9946E-09 3.0476E-09 3.1000E-09 3.1518E-09 3.2027E-09 3.2530E-09 3.3038E-09 3.3530E-09 3.4005E-09 3.4470E-09 3.4938E-09 3.5380E-09 3.5810E-09 3.6227E-09 3.6631E-09 3.7021E-09 3.7396E-09 3.7756E-09 3.8093E-09 3.8408E-09 3.8720E-09 3.9017E-09 3.9296E-09 3.9543E-09 3.9788E-09 4.0014E-09 4.0223E-09 4.0413E-09 4.0577E-09 4.0730E-09 4.0865E-09 4.0973E-09 4.1071E-09 4.1143E-09 4.1197E-09 4.1227E-09 4.1252E-09 4.1260E-09 4.1242E-09 4.1215E-09 4.1163E-09 4.1094E-09 4.1002E-09 4.0908E-09 4.0799E-09 4.0667E-09 4.0519E-09 4.0357E-09 4.0175E-09 3.9988E-09 3.9785E-09 3.9577E-09 3.9349E-09
2.7003E-09 2.7530E-09 2.8053E-09 2.8596E-09 2.9112E-09 2.9623E-09 3.0128E-09 3.0635E-09 3.1127E-09 3.1621E-09 3.2097E-09 3.2566E-09 3.3025E-09 3.3474E-09 3.3913E-09 3.4341E-09 3.4757E-09 3.5161E-09 3.5552E-09 3.5930E-09 3.6294E-09 3.6644E-09 3.6979E-09 3.7298E-09 3.7603E-09 3.7891E-09 3.8155E-09 3.8410E-09 3.8649E-09 3.8871E-09 3.9066E-09 3.9253E-09 3.9414E-09 3.9566E-09 3.9692E-09 3.9808E-09 3.9893E-09 3.9974E-09 4.0030E-09 4.0076E-09 4.0105E-09 4.0108E-09 4.0096E-09 4.0066E-09 4.0020E-09 3.9966E-09 3.9888E-09 3.9802E-09 3.9693E-09 3.9570E-09 3.9425E-09 3.9276E-09 3.9110E-09 3.8939E-09 3.8747E-09 3.8543E-09 3.8317E-09
