Assets/Resources/2015_m01_d22_2300(utc+0800)_l00_csi_1hr_conc.grd
DSAA
         159         159
     -79.000      79.000
     -79.000      79.000
  0.0000E+00  0.7092E-04
[rows 0 to 24 of 159, columns 0 to 56 of 159]
0.0000E+00 0.0000E+00 0.0000E+00 3.9835E-12 1.3212E-11 3.5042E-11 5.4597E-11 7.5154E-11 1.0043E-10 1.2922E-10 1.6508E-10 2.1075E-10 2.6280E-10 3.1308E-10 3.6429E-10 4.1675E-10 4.7802E-10 5.4406E-10 6.1911E-10 7.0096E-10 7.9277E-10 8.9358E-10 1.0048E-09 1.1262E-09 1.2600E-09 1.4077E-09 1.5681E-09 1.7426E-09 1.9320E-09 2.1389E-09 2.3595E-09 2.5997E-09 2.8561E-09 3.1296E-09 3.4236E-09 3.7335E-09 4.0620E-09 4.4109E-09 4.7742E-09 5.1512E-09 5.5389E-09 5.9369E-09 6.3377E-09 6.7320E-09 7.1188E-09 7.4950E-09 7.8589E-09 8.1979E-09 8.5198E-09 8.8198E-09 9.0933E-09 9.3467E-09 9.5763E-09 9.7794E-09 9.9598E-09 1.0114E-08 1.0243E-08
0.0000E+00 0.0000E+00 0.0000E+00 4.0470E-12 1.8966E-11 3.5490E-11 5.5245E-11 7.6740E-11 1.0144E-10 1.3068E-10 1.6781E-10 2.1687E-10 2.7121E-10 3.1933E-10 3.6920E-10 4.2373E-10 4.8476E-10 5.5321E-10 6.2895E-10 7.1298E-10 8.0650E-10 9.0925E-10 1.0221E-09 1.1469E-09 1.2838E-09 1.4335E-09 1.5969E-09 1.7756E-09 1.9707E-09 2.1792E-09 2.4071E-09 2.6513E-09 2.9126E-09 3.1944E-09 3.4926E-09 3.8097E-09 4.1481E-09 4.5026E-09 4.8736E-09 5.2582E-09 5.6606E-09 6.0634E-09 6.4677E-09 6.8688E-09 7.2672E-09 7.6495E-09 8.0128E-09 8.3582E-09 8.6844E-09 8.9862E-09 9.2662E-09 9.5222E-09 9.7501E-09 9.9565E-09 1.0138E-08 1.0291E-08 1.0419E-08
0.0000E+00 0.0000E+00 0.0000E+00 4.1027E-12 1.9200E-11 3.7642E-11 5.5792E-11 7.8197E-11 1.0241E-10 1.3617E-10 1.7072E-10 2.2279E-10 2.7521E-10 3.2404E-10 3.7338E-10 4.2864E-10 4.9190E-10 5.6071E-10 6.3828E-10 7.2282E-10 8.1953E-10 9.2337E-10 1.0378E-09 1.1653E-09 1.3041E-09 1.4571E-09 1.6233E-09 1.8063E-09 2.0030E-09 2.2173E-09 2.4492E-09 2.6974E-09 2.9659E-09 3.2511E-09 3.5555E-09 3.8816E-09 4.2247E-09 4.5862E-09 4.9643E-09 5.3638E-09 5.7669E-09 6.1765E-09 6.5873E-09 7.0002E-09 7.4017E-09 7.7875E-09 8.1578E-09 8.5100E-09 8.8387E-09 9.1441E-09 9.4275E-09 9.6844E-09 9.9179E-09 1.0126E-08 1.0305E-08 1.0458E-08 1.0586E-08
0.0000E+00 0.0000E+00 0.0000E+00 6.0723E-12 1.9398E-11 3.7974E-11 5.6234E-11 8.0313E-11 1.0322E-10 1.3711E-10 1.7448E-10 2.2463E-10 2.7754E-10 3.2689E-10 3.7812E-10 4.3405E-10 4.9619E-10 5.6764E-10 6.4540E-10 7.3304E-10 8.2973E-10 9.3525E-10 1.0527E-09 1.1810E-09 1.3226E-09 1.4777E-09 1.6476E-09 1.8322E-09 2.0333E-09 2.2517E-09 2.4859E-09 2.7403E-09 3.0116E-09 3.3020E-09 3.6144E-09 3.9441E-09 4.2934E-09 4.6683E-09 5.0540E-09 5.4534E-09 5.8632E-09 6.2827E-09 6.7042E-09 7.1181E-09 7.5233E-09 7.9146E-09 8.2959E-09 8.6492E-09 8.9819E-09 9.2933E-09 9.5784E-09 9.8381E-09 1.0074E-08 1.0283E-08 1.0463E-08 1.0616E-08 1.0744E-08
0.0000E+00 0.0000E+00 0.0000E+00 6.1271E-12 1.9556E-11 3.8233E-11 5.6570E-11 8.2297E-11 1.0385E-10 1.3910E-10 1.8071E-10 2.2564E-10 2.8025E-10 3.3123E-10 3.8048E-10 4.3834E-10 5.0126E-10 5.7283E-10 6.5304E-10 7.4126E-10 8.3832E-10 9.4579E-10 1.0645E-09 1.1948E-09 1.3381E-09 1.4956E-09 1.6680E-09 1.8548E-09 2.0600E-09 2.2799E-09 2.5188E-09 2.7761E-09 3.0515E-09 3.3490E-09 3.6640E-09 3.9989E-09 4.3609E-09 4.7355E-09 5.1273E-09 5.5330E-09 5.9564E-09 6.3794E-09 6.8032E-09 7.2225E-09 7.6366E-09 8.0374E-09 8.4158E-09 8.7733E-09 9.1143E-09 9.4276E-09 9.7157E-09 9.9802E-09 1.0217E-08 1.0425E-08 1.0606E-08 1.0760E-08 1.0889E-08
0.0000E+00 0.0000E+00 0.0000E+00 9.9168E-12 1.9676E-11 4.0175E-11 5.6817E-11 8.2696E-11 1.0420E-10 1.3968E-10 1.8136E-10 2.2861E-10 2.8367E-10 3.3275E-10 3.8232E-10 4.4061E-10 5.0479E-10 5.7767E-10 6.5722E-10 7.4632E-10 8.4640E-10 9.5495E-10 1.0736E-09 1.2060E-09 1.3519E-09 1.5106E-09 1.6845E-09 1.8749E-09 2.0809E-09 2.3039E-09 2.5465E-09 2.8063E-09 3.0878E-09 3.3869E-09 3.7061E-09 4.0529E-09 4.4134E-09 4.7935E-09 5.1910E-09 5.6100E-09 6.0325E-09 6.4611E-09 6.8902E-09 7.3228E-09 7.7391E-09 8.1409E-09 8.5241E-09 8.8942E-09 9.2340E-09 9.5489E-09 9.8429E-09 1.0111E-08 1.0349E-08 1.0559E-08 1.0741E-08 1.0897E-08 1.1025E-08
0.0000E+00 0.0000E+00 0.0000E+00 9.9638E-12 1.9221E-11 3.9082E-11 5.7056E-11 8.2171E-11 1.0446E-10 1.4000E-10 1.8163E-10 2.2902E-10 2.8400E-10 3.3473E-10 3.8460E-10 4.4298E-10 5.0704E-10 5.8132E-10 6.6148E-10 7.5177E-10 8.5210E-10 9.6093E-10 1.0818E-09 1.2150E-09 1.3617E-09 1.5219E-09 1.6982E-09 1.8901E-09 2.0978E-09 2.3245E-09 2.5681E-09 2.8331E-09 3.1155E-09 3.4180E-09 3.7480E-09 4.0921E-09 4.4572E-09 4.8420E-09 5.2523E-09 5.6697E-09 6.0972E-09 6.5310E-09 6.9735E-09 7.4040E-09 7.8254E-09 8.2358E-09 8.6283E-09 8.9955E-09 9.3394E-09 9.6646E-09 9.9609E-09 1.0228E-08 1.0469E-08 1.0681E-08 1.0866E-08 1.1022E-08 1.1152E-08
0.0000E+00 0.0000E+00 0.0000E+00 9.9897E-12 1.9263E-11 3.9125E-11 5.7191E-11 8.1884E-11 1.0455E-10 1.3992E-10 1.8155E-10 2.3026E-10 2.8400E-10 3.3482E-10 3.8479E-10 4.4364E-10 5.1016E-10 5.8322E-10 6.6395E-10 7.5453E-10 8.5491E-10 9.6514E-10 1.0874E-09 1.2216E-09 1.3686E-09 1.5307E-09 1.7087E-09 1.9002E-09 2.1117E-09 2.3388E-09 2.5859E-09 2.8518E-09 3.1367E-09 3.4489E-09 3.7754E-09 4.1233E-09 4.4958E-09 4.8888E-09 5.2962E-09 5.7182E-09 6.1582E-09 6.5976E-09 7.0375E-09 7.4730E-09 7.9066E-09 8.3187E-09 8.7117E-09 9.0834E-09 9.4399E-09 9.7638E-09 1.0061E-08 1.0332E-08 1.0575E-08 1.0790E-08 1.0976E-08 1.1134E-08 1.1265E-08
0.0000E+00 0.0000E+00 0.0000E+00 9.9944E-12 1.9265E-11 3.7439E-11 5.7221E-11 8.1069E-11 1.0358E-10 1.3875E-10 1.7798E-10 2.2944E-10 2.8338E-10 3.3392E-10 3.8554E-10 4.4383E-10 5.1029E-10 5.8284E-10 6.6544E-10 7.5664E-10 8.5719E-10 9.6861E-10 1.0902E-09 1.2249E-09 1.3740E-09 1.5368E-09 1.7138E-09 1.9084E-09 2.1197E-09 2.3495E-09 2.5977E-09 2.8645E-09 3.1565E-09 3.4661E-09 3.7954E-09 4.1497E-09 4.5256E-09 4.9184E-09 5.3297E-09 5.7634E-09 6.2009E-09 6.6448E-09 7.0890E-09 7.5370E-09 7.9681E-09 8.3846E-09 8.7860E-09 9.1665E-09 9.5196E-09 9.8475E-09 1.0149E-08 1.0423E-08 1.0670E-08 1.0887E-08 1.1076E-08 1.1236E-08 1.1368E-08
0.0000E+00 0.0000E+00 0.0000E+00 9.9778E-12 1.9227E-11 3.7444E-11 5.7097E-11 7.9448E-11 1.0318E-10 1.3762E-10 1.7581E-10 2.2844E-10 2.8186E-10 3.3387E-10 3.8416E-10 4.4382E-10 5.0959E-10 5.8344E-10 6.6616E-10 7.5686E-10 8.5683E-10 9.6912E-10 1.0912E-09 1.2261E-09 1.3757E-09 1.5384E-09 1.7164E-09 1.9120E-09 2.1238E-09 2.3548E-09 2.6032E-09 2.8761E-09 3.1664E-09 3.4764E-09 3.8113E-09 4.1677E-09 4.5426E-09 4.9383E-09 5.3604E-09 5.7907E-09 6.2319E-09 6.6835E-09 7.1363E-09 7.5811E-09 8.0165E-09 8.4454E-09 8.8480E-09 9.2289E-09 9.5865E-09 9.9187E-09 1.0224E-08 1.0502E-08 1.0752E-08 1.0972E-08 1.1164E-08 1.1326E-08 1.1459E-08
0.0000E+00 0.0000E+00 0.0000E+00 9.9399E-12 1.9215E-11 3.7379E-11 5.6381E-11 7.8365E-11 1.0082E-10 1.3613E-10 1.7470E-10 2.2696E-10 2.7877E-10 3.3152E-10 3.8249E-10 4.4246E-10 5.0746E-10 5.8165E-10 6.6319E-10 7.5458E-10 8.5624E-10 9.6699E-10 1.0896E-09 1.2256E-09 1.3739E-09 1.5364E-09 1.7158E-09 1.9104E-09 2.1243E-09 2.3543E-09 2.6063E-09 2.8786E-09 3.1685E-09 3.4814E-09 3.8191E-09 4.1739E-09 4.5507E-09 4.9561E-09 5.3737E-09 5.8067E-09 6.2570E-09 6.7108E-09 7.1636E-09 7.6123E-09 8.0601E-09 8.4859E-09 8.8929E-09 9.2783E-09 9.6399E-09 9.9761E-09 1.0286E-08 1.0568E-08 1.0821E-08 1.1044E-08 1.1238E-08 1.1402E-08 1.1538E-08
0.0000E+00 0.0000E+00 0.0000E+00 9.8811E-12 1.9197E-11 3.4359E-11 5.5286E-11 7.5967E-11 9.8835E-11 1.3117E-10 1.7165E-10 2.2502E-10 2.7638E-10 3.2875E-10 3.7972E-10 4.3915E-10 5.0531E-10 5.7885E-10 6.5955E-10 7.5220E-10 8.5271E-10 9.6327E-10 1.0862E-09 1.2214E-09 1.3695E-09 1.5331E-09 1.7111E-09 1.9066E-09 2.1191E-09 2.3501E-09 2.6042E-09 2.8739E-09 3.1659E-09 3.4825E-09 3.8161E-09 4.1718E-09 4.5572E-09 4.9570E-09 5.3762E-09 5.8175E-09 6.2672E-09 6.7222E-09 7.1823E-09 7.6392E-09 8.0834E-09 8.5134E-09 8.9246E-09 9.3142E-09 9.6801E-09 1.0021E-08 1.0335E-08 1.0620E-08 1.0877E-08 1.1103E-08 1.1300E-08 1.1467E-08 1.1605E-08
0.0000E+00 0.0000E+00 0.0000E+00 6.0927E-12 1.9143E-11 3.4187E-11 5.2396E-11 7.2918E-11 9.7267E-11 1.2810E-10 1.6991E-10 2.1719E-10 2.6973E-10 3.2499E-10 3.7600E-10 4.3493E-10 5.0210E-10 5.7461E-10 6.5627E-10 7.4755E-10 8.4651E-10 9.5877E-10 1.0808E-09 1.2146E-09 1.3629E-09 1.5255E-09 1.7031E-09 1.8983E-09 2.1105E-09 2.3431E-09 2.5941E-09 2.8633E-09 3.1584E-09 3.4718E-09 3.8056E-09 4.1673E-09 4.5476E-09 4.9481E-09 5.3745E-09 5.8140E-09 6.2638E-09 6.7274E-09 7.1892E-09 7.6459E-09 8.0937E-09 8.5276E-09 8.9429E-09 9.3370E-09 9.7077E-09 1.0053E-08 1.0370E-08 1.0660E-08 1.0920E-08 1.1150E-08 1.1350E-08 1.1520E-08 1.1660E-08
0.0000E+00 0.0000E+00 0.0000E+00 4.2178E-12 1.7202E-11 3.3961E-11 5.1618E-11 7.1260E-11 9.4914E-11 1.2420E-10 1.6561E-10 2.1312E-10 2.6626E-10 3.1977E-10 3.7234E-10 4.2970E-10 4.9710E-10 5.6913E-10 6.5099E-10 7.4090E-10 8.4069E-10 9.5143E-10 1.0722E-09 1.2059E-09 1.3532E-09 1.5141E-09 1.6919E-09 1.8848E-09 2.0979E-09 2.3303E-09 2.5786E-09 2.8519E-09 3.1432E-09 3.4546E-09 3.7933E-09 4.1507E-09 4.5294E-09 4.9358E-09 5.3592E-09 5.7977E-09 6.2552E-09 6.7178E-09 7.1804E-09 7.6400E-09 8.0914E-09 8.5290E-09 8.9486E-09 9.3470E-09 9.7217E-09 1.0071E-08 1.0393E-08 1.0686E-08 1.0950E-08 1.1184E-08 1.1387E-08 1.1560E-08 1.1703E-08
0.0000E+00 0.0000E+00 0.0000E+00 4.2534E-12 1.7121E-11 3.1400E-11 4.7605E-11 6.9783E-11 9.1252E-11 1.2105E-10 1.5730E-10 2.0845E-10 2.6197E-10 3.1471E-10 3.6582E-10 4.2527E-10 4.9025E-10 5.6335E-10 6.4389E-10 7.3266E-10 8.3135E-10 9.4175E-10 1.0621E-09 1.1948E-09 1.3406E-09 1.5009E-09 1.6769E-09 1.8710E-09 2.0834E-09 2.3112E-09 2.5612E-09 2.8319E-09 3.1206E-09 3.4343E-09 3.7698E-09 4.1249E-09 4.5067E-09 4.9107E-09 5.3319E-09 5.7752E-09 6.2325E-09 6.6947E-09 7.1594E-09 7.6220E-09 8.0766E-09 8.5180E-09 8.9414E-09 9.3438E-09 9.7229E-09 1.0076E-08 1.0402E-08 1.0700E-08 1.0968E-08 1.1206E-08 1.1412E-08 1.1588E-08 1.1734E-08
0.0000E+00 0.0000E+00 0.0000E+00 4.2819E-12 1.6996E-11 2.9302E-11 4.6953E-11 6.5532E-11 8.9606E-11 1.1858E-10 1.5319E-10 2.0120E-10 2.5215E-10 3.0935E-10 3.5950E-10 4.1829E-10 4.8259E-10 5.5609E-10 6.3469E-10 7.2399E-10 8.2189E-10 9.3129E-10 1.0495E-09 1.1803E-09 1.3252E-09 1.4844E-09 1.6593E-09 1.8525E-09 2.0618E-09 2.2889E-09 2.5376E-09 2.8054E-09 3.0938E-09 3.4072E-09 3.7382E-09 4.0956E-09 4.4756E-09 4.8747E-09 5.2995E-09 5.7430E-09 6.1969E-09 6.6602E-09 7.1270E-09 7.5921E-09 8.0497E-09 8.4944E-09 8.9217E-09 9.3281E-09 9.7110E-09 1.0069E-08 1.0399E-08 1.0701E-08 1.0973E-08 1.1215E-08 1.1425E-08 1.1605E-08 1.1754E-08
0.0000E+00 0.0000E+00 5.6352E-14 4.3029E-12 1.1392E-11 2.7132E-11 4.4188E-11 6.1904E-11 8.7399E-11 1.1276E-10 1.4789E-10 1.9078E-10 2.4469E-10 3.0102E-10 3.5282E-10 4.1080E-10 4.7337E-10 5.4678E-10 6.2600E-10 7.1419E-10 8.1006E-10 9.1807E-10 1.0352E-09 1.1648E-09 1.3080E-09 1.4647E-09 1.6393E-09 1.8308E-09 2.0357E-09 2.2628E-09 2.5099E-09 2.7752E-09 3.0629E-09 3.3712E-09 3.7020E-09 4.0585E-09 4.4330E-09 4.8346E-09 5.2583E-09 5.6970E-09 6.1510E-09 6.6153E-09 7.0834E-09 7.5505E-09 8.0108E-09 8.4588E-09 8.8894E-09 9.2994E-09 9.6866E-09 1.0049E-08 1.0384E-08 1.0690E-08 1.0967E-08 1.1213E-08 1.1427E-08 1.1610E-08 1.1762E-08
0.0000E+00 0.0000E+00 1.2571E-13 4.3333E-12 1.1308E-11 2.6700E-11 4.0529E-11 5.9165E-11 8.5039E-11 1.0563E-10 1.4350E-10 1.8178E-10 2.3955E-10 2.9190E-10 3.4525E-10 4.0258E-10 4.6556E-10 5.3653E-10 6.1561E-10 7.0158E-10 7.9753E-10 9.0342E-10 1.0192E-09 1.1474E-09 1.2879E-09 1.4439E-09 1.6169E-09 1.8038E-09 2.0099E-09 2.2351E-09 2.4759E-09 2.7400E-09 3.0255E-09 3.3295E-09 3.6609E-09 4.0113E-09 4.3855E-09 4.7866E-09 5.2043E-09 5.6419E-09 6.0956E-09 6.5598E-09 7.0289E-09 7.4979E-09 7.9605E-09 8.4109E-09 8.8448E-09 9.2588E-09 9.6502E-09 1.0017E-08 1.0356E-08 1.0667E-08 1.0949E-08 1.1199E-08 1.1417E-08 1.1604E-08 1.1760E-08
0.0000E+00 0.0000E+00 1.9442E-13 5.7458E-13 1.1206E-11 2.6224E-11 3.8028E-11 5.6865E-11 8.0713E-11 1.0164E-10 1.3472E-10 1.7513E-10 2.2633E-10 2.8136E-10 3.3710E-10 3.9314E-10 4.5569E-10 5.2537E-10 6.0374E-10 6.8777E-10 7.8354E-10 8.8672E-10 1.0020E-09 1.1275E-09 1.2658E-09 1.4212E-09 1.5911E-09 1.7755E-09 1.9796E-09 2.2001E-09 2.4392E-09 2.7007E-09 2.9818E-09 3.2859E-09 3.6121E-09 3.9580E-09 4.3330E-09 4.7270E-09 5.1424E-09 5.5784E-09 6.0305E-09 6.4944E-09 6.9643E-09 7.4344E-09 7.8986E-09 8.3516E-09 8.7888E-09 9.2066E-09 9.6023E-09 9.9733E-09 1.0317E-08 1.0633E-08 1.0919E-08 1.1173E-08 1.1396E-08 1.1587E-08 1.1747E-08
0.0000E+00 0.0000E+00 2.6187E-13 6.6622E-13 1.1086E-11 2.0464E-11 3.4990E-11 5.3129E-11 7.3106E-11 9.7237E-11 1.2749E-10 1.6691E-10 2.1466E-10 2.6996E-10 3.2844E-10 3.8336E-10 4.4467E-10 5.1479E-10 5.9118E-10 6.7398E-10 7.6811E-10 8.7008E-10 9.8214E-10 1.1057E-09 1.2434E-09 1.3959E-09 1.5611E-09 1.7450E-09 1.9461E-09 2.1610E-09 2.3991E-09 2.6578E-09 2.9349E-09 3.2352E-09 3.5567E-09 3.9028E-09 4.2716E-09 4.6606E-09 5.0732E-09 5.5062E-09 5.9565E-09 6.4199E-09 6.8895E-09 7.3600E-09 7.8259E-09 8.2814E-09 8.7219E-09 9.1434E-09 9.5432E-09 9.9186E-09 1.0267E-08 1.0588E-08 1.0878E-08 1.1137E-08 1.1364E-08 1.1560E-08 1.1725E-08
0.0000E+00 0.0000E+00 3.2746E-13 7.5659E-13 5.2674E-12 1.8200E-11 3.2399E-11 4.8508E-11 6.9836E-11 9.3142E-11 1.1804E-10 1.5698E-10 2.0462E-10 2.5912E-10 3.1821E-10 3.7301E-10 4.3218E-10 5.0229E-10 5.7647E-10 6.6011E-10 7.5062E-10 8.5131E-10 9.6184E-10 1.0821E-09 1.2191E-09 1.3681E-09 1.5310E-09 1.7121E-09 1.9075E-09 2.1229E-09 2.3562E-09 2.6087E-09 2.8854E-09 3.1806E-09 3.4982E-09 3.8413E-09 4.2027E-09 4.5881E-09 4.9964E-09 5.4261E-09 5.8746E-09 6.3361E-09 6.8048E-09 7.2759E-09 7.7432E-09 8.2010E-09 8.6445E-09 9.0696E-09 9.4733E-09 9.8530E-09 1.0206E-08 1.0531E-08 1.0826E-08 1.1090E-08 1.1323E-08 1.1524E-08 1.1693E-08
0.0000E+00 0.0000E+00 3.9060E-13 8.4494E-13 5.1920E-12 1.7792E-11 2.9901E-11 4.4708E-11 6.5103E-11 8.9397E-11 1.1351E-10 1.5086E-10 1.9104E-10 2.4774E-10 3.0775E-10 3.6052E-10 4.2022E-10 4.8851E-10 5.6122E-10 6.4361E-10 7.3221E-10 8.3108E-10 9.3886E-10 1.0598E-09 1.1910E-09 1.3372E-09 1.4994E-09 1.6748E-09 1.8683E-09 2.0789E-09 2.3097E-09 2.5597E-09 2.8308E-09 3.1221E-09 3.4364E-09 3.7716E-09 4.1288E-09 4.5090E-09 4.9129E-09 5.3394E-09 5.7845E-09 6.2435E-09 6.7113E-09 7.1825E-09 7.6511E-09 8.1108E-09 8.5571E-09 8.9856E-09 9.3932E-09 9.7771E-09 1.0135E-08 1.0464E-08 1.0764E-08 1.1034E-08 1.1272E-08 1.1477E-08 1.1650E-08
0.0000E+00 0.0000E+00 4.5070E-13 9.3051E-13 5.1095E-12 1.1937E-11 2.7370E-11 3.9450E-11 5.9727E-11 8.4702E-11 1.0614E-10 1.4045E-10 1.7642E-10 2.3459E-10 2.9204E-10 3.4934E-10 4.0710E-10 4.7404E-10 5.4614E-10 6.2636E-10 7.1239E-10 8.0934E-10 9.1538E-10 1.0335E-09 1.1630E-09 1.3071E-09 1.4638E-09 1.6367E-09 1.8256E-09 2.0340E-09 2.2600E-09 2.5061E-09 2.7714E-09 3.0592E-09 3.3687E-09 3.6978E-09 4.0494E-09 4.4242E-09 4.8238E-09 5.2456E-09 5.6866E-09 6.1431E-09 6.6096E-09 7.0806E-09 7.5500E-09 8.0114E-09 8.4602E-09 8.8919E-09 9.3031E-09 9.6911E-09 1.0053E-08 1.0388E-08 1.0695E-08 1.0969E-08 1.1211E-08 1.1420E-08 1.1598E-08
0.0000E+00 0.0000E+00 4.8712E-13 1.0126E-12 1.2094E-12 1.1647E-11 2.6626E-11 3.6059E-11 5.6074E-11 7.6602E-11 9.9802E-11 1.3168E-10 1.6697E-10 2.1419E-10 2.7467E-10 3.3751E-10 3.9443E-10 4.5905E-10 5.3069E-10 6.0810E-10 6.9343E-10 7.8724E-10 8.9084E-10 1.0072E-09 1.1343E-09 1.2737E-09 1.4278E-09 1.5958E-09 1.7830E-09 1.9863E-09 2.2082E-09 2.4502E-09 2.7104E-09 2.9928E-09 3.2962E-09 3.6196E-09 3.9651E-09 4.3350E-09 4.7289E-09 5.1452E-09 5.5822E-09 6.0357E-09 6.5003E-09 6.9707E-09 7.4405E-09 7.9033E-09 8.3543E-09 8.7889E-09 9.2036E-09 9.5955E-09 9.9631E-09 1.0304E-08 1.0615E-08 1.0892E-08 1.1139E-08 1.1354E-08 1.1537E-08
0.0000E+00 0.0000E+00 4.9854E-13 1.0742E-12 1.2410E-12 1.1344E-11 1.8800E-11 3.3179E-11 5.1025E-11 7.0640E-11 9.4739E-11 1.2078E-10 1.5567E-10 2.0043E-10 2.6030E-10 3.2215E-10 3.7876E-10 4.4361E-10 5.1478E-10 5.8888E-10 6.7198E-10 7.6462E-10 8.6705E-10 9.8038E-10 1.1033E-09 1.2402E-09 1.3906E-09 1.5557E-09 1.7380E-09 1.9368E-09 2.1548E-09 2.3899E-09 2.6463E-09 2.9242E-09 3.2203E-09 3.5373E-09 3.8774E-09 4.2411E-09 4.6284E-09 5.0393E-09 5.4717E-09 5.9217E-09 6.3841E-09 6.8534E-09 7.3232E-09 7.7870E-09 8.2399E-09 8.6772E-09 9.0951E-09 9.4923E-09 9.8657E-09 1.0210E-08 1.0524E-08 1.0807E-08 1.1060E-08 1.1279E-08 1.1465E-08
