Assets/Resources/2015_m01_d24_1800(utc+0800)_l00_csi_1hr_conc.grd
DSAA
         159         159
     -79.000      79.000
     -79.000      79.000
  0.0000E+00  0.4619E-05
[rows 75 to 99 of 159, columns 57 to 113 of 159]
7.5807E-10 7.4951E-10 7.4076E-10 7.3184E-10 7.2274E-10 7.1349E-10 7.0409E-10 6.9455E-10 6.8487E-10 7.6603E-10 9.9250E-10 4.2642E-09 1.3223E-08 6.4597E-08 3.2023E-07 8.5725E-07 9.3601E-07 6.2668E-07 2.5630E-07 5.7281E-10 5.6174E-10 5.5118E-10 5.4063E-10 5.3007E-10 5.1955E-10 5.0904E-10 4.9858E-10 4.8816E-10 4.7780E-10 4.6750E-10 4.5727E-10 4.4711E-10 4.3703E-10 4.2704E-10 4.1714E-10 4.0734E-10 3.9763E-10 3.8803E-10 3.7853E-10 3.6914E-10 3.5987E-10 3.5072E-10 3.4168E-10 3.3277E-10 3.2398E-10 3.1533E-10 3.0680E-10 2.9840E-10 2.9014E-10 2.8202E-10 2.7403E-10 2.6618E-10 2.5848E-10 2.5091E-10 2.4349E-10 2.3620E-10 2.2906E-10
7.4315E-10 7.3473E-10 7.2612E-10 7.1734E-10 7.0840E-10 6.9931E-10 6.9007E-10 6.8069E-10 6.7118E-10 6.6155E-10 6.5181E-10 6.4197E-10 6.3271E-10 6.2508E-10 6.0276E-09 8.2814E-08 6.4229E-07 1.6553E-06 8.9958E-07 3.0026E-07 5.5033E-10 5.3998E-10 5.2963E-10 5.1929E-10 5.0897E-10 4.9869E-10 4.8844E-10 4.7824E-10 4.6809E-10 4.5800E-10 4.4798E-10 4.3804E-10 4.2817E-10 4.1839E-10 4.0869E-10 3.9909E-10 3.8958E-10 3.8018E-10 3.7088E-10 3.6169E-10 3.5261E-10 3.4364E-10 3.3479E-10 3.2606E-10 3.1746E-10 3.0898E-10 3.0063E-10 2.9241E-10 2.8431E-10 2.7636E-10 2.6853E-10 2.6085E-10 2.5330E-10 2.4589E-10 2.3861E-10 2.3148E-10 2.2448E-10
7.2825E-10 7.1996E-10 7.1150E-10 7.0287E-10 6.9408E-10 6.8514E-10 6.7606E-10 6.6685E-10 6.5751E-10 6.4806E-10 6.3849E-10 6.2883E-10 6.1908E-10 6.0925E-10 5.9935E-10 5.8939E-10 5.7937E-10 7.8702E-08 1.4460E-06 2.5575E-06 3.4045E-07 5.2881E-10 5.1867E-10 5.0855E-10 4.9844E-10 4.8837E-10 4.7834E-10 4.6835E-10 4.5842E-10 4.4854E-10 4.3873E-10 4.2900E-10 4.1934E-10 4.0976E-10 4.0027E-10 3.9088E-10 3.8157E-10 3.7236E-10 3.6326E-10 3.5426E-10 3.4537E-10 3.3659E-10 3.2793E-10 3.1938E-10 3.1096E-10 3.0266E-10 2.9448E-10 2.8643E-10 2.7851E-10 2.7072E-10 2.6306E-10 2.5553E-10 2.4814E-10 2.4088E-10 2.3376E-10 2.2677E-10 2.1992E-10
7.1338E-10 7.0523E-10 6.9691E-10 6.8843E-10 6.7979E-10 6.7101E-10 6.6209E-10 6.5305E-10 6.4388E-10 6.3460E-10 6.2521E-10 6.1574E-10 6.0617E-10 5.9653E-10 5.8682E-10 5.7705E-10 5.6723E-10 5.5737E-10 5.4748E-10 6.8219E-10 4.6192E-06 5.1770E-10 5.0777E-10 4.9785E-10 4.8796E-10 4.7810E-10 4.6828E-10 4.5851E-10 4.4879E-10 4.3913E-10 4.2953E-10 4.2001E-10 4.1055E-10 4.0118E-10 3.9190E-10 3.8270E-10 3.7359E-10 3.6458E-10 3.5567E-10 3.4687E-10 3.3817E-10 3.2958E-10 3.2110E-10 3.1274E-10 3.0449E-10 2.9636E-10 2.8836E-10 2.8048E-10 2.7273E-10 2.6510E-10 2.5760E-10 2.5024E-10 2.4300E-10 2.3590E-10 2.2892E-10 2.2208E-10 2.1538E-10
6.9855E-10 6.9053E-10 6.8236E-10 6.7403E-10 6.6555E-10 6.5692E-10 6.4817E-10 6.3929E-10 6.3029E-10 6.2119E-10 6.1198E-10 6.0269E-10 5.9331E-10 5.8386E-10 5.7434E-10 5.6476E-10 5.5514E-10 5.4548E-10 5.3579E-10 5.2608E-10 5.1636E-10 5.0663E-10 4.9691E-10 4.8721E-10 4.7754E-10 4.6789E-10 4.5828E-10 4.4872E-10 4.3921E-10 4.2976E-10 4.2038E-10 4.1106E-10 4.0182E-10 3.9265E-10 3.8357E-10 3.7457E-10 3.6566E-10 3.5685E-10 3.4813E-10 3.3951E-10 3.3100E-10 3.2260E-10 3.1430E-10 3.0612E-10 2.9805E-10 2.9010E-10 2.8227E-10 2.7456E-10 2.6698E-10 2.5951E-10 2.5218E-10 2.4497E-10 2.3789E-10 2.3094E-10 2.2411E-10 2.1742E-10 2.1086E-10
6.8376E-10 6.7589E-10 6.6786E-10 6.5968E-10 6.5135E-10 6.4289E-10 6.3430E-10 6.2559E-10 6.1676E-10 6.0783E-10 5.9881E-10 5.8970E-10 5.8051E-10 5.7124E-10 5.6192E-10 5.5254E-10 5.4311E-10 5.3365E-10 5.2417E-10 5.1466E-10 5.0515E-10 4.9563E-10 4.8612E-10 4.7664E-10 4.6717E-10 4.5774E-10 4.4834E-10 4.3899E-10 4.2970E-10 4.2046E-10 4.1128E-10 4.0217E-10 3.9313E-10 3.8417E-10 3.7528E-10 3.6648E-10 3.5777E-10 3.4915E-10 3.4063E-10 3.3220E-10 3.2388E-10 3.1566E-10 3.0755E-10 2.9954E-10 2.9165E-10 2.8388E-10 2.7622E-10 2.6868E-10 2.6126E-10 2.5396E-10 2.4678E-10 2.3973E-10 2.3280E-10 2.2600E-10 2.1933E-10 2.1278E-10 2.0636E-10
6.6903E-10 6.6130E-10 6.5342E-10 6.4539E-10 6.3722E-10 6.2892E-10 6.2049E-10 6.1195E-10 6.0330E-10 5.9455E-10 5.8570E-10 5.7677E-10 5.6777E-10 5.5870E-10 5.4956E-10 5.4038E-10 5.3115E-10 5.2190E-10 5.1261E-10 5.0331E-10 4.9401E-10 4.8470E-10 4.7540E-10 4.6613E-10 4.5687E-10 4.4765E-10 4.3847E-10 4.2933E-10 4.2024E-10 4.1121E-10 4.0224E-10 3.9333E-10 3.8450E-10 3.7574E-10 3.6705E-10 3.5845E-10 3.4994E-10 3.4151E-10 3.3318E-10 3.2494E-10 3.1680E-10 3.0876E-10 3.0083E-10 2.9301E-10 2.8530E-10 2.7769E-10 2.7020E-10 2.6283E-10 2.5557E-10 2.4844E-10 2.4142E-10 2.3452E-10 2.2775E-10 2.2110E-10 2.1457E-10 2.0817E-10 2.0190E-10
6.5437E-10 6.4678E-10 6.3905E-10 6.3117E-10 6.2316E-10 6.1502E-10 6.0676E-10 5.9838E-10 5.8991E-10 5.8133E-10 5.7267E-10 5.6392E-10 5.5510E-10 5.4622E-10 5.3728E-10 5.2830E-10 5.1927E-10 5.1021E-10 5.0113E-10 4.9204E-10 4.8294E-10 4.7384E-10 4.6476E-10 4.5569E-10 4.4665E-10 4.3764E-10 4.2866E-10 4.1973E-10 4.1086E-10 4.0203E-10 3.9326E-10 3.8456E-10 3.7593E-10 3.6737E-10 3.5888E-10 3.5048E-10 3.4215E-10 3.3392E-10 3.2578E-10 3.1772E-10 3.0977E-10 3.0192E-10 2.9417E-10 2.8652E-10 2.7898E-10 2.7155E-10 2.6423E-10 2.5702E-10 2.4993E-10 2.4295E-10 2.3609E-10 2.2935E-10 2.2273E-10 2.1623E-10 2.0985E-10 2.0359E-10 1.9746E-10
6.3978E-10 6.3234E-10 6.2475E-10 6.1703E-10 6.0918E-10 6.0120E-10 5.9310E-10 5.8490E-10 5.7660E-10 5.6820E-10 5.5972E-10 5.5116E-10 5.4253E-10 5.3383E-10 5.2509E-10 5.1630E-10 5.0747E-10 4.9862E-10 4.8974E-10 4.8085E-10 4.7196E-10 4.6307E-10 4.5419E-10 4.4533E-10 4.3650E-10 4.2770E-10 4.1894E-10 4.1021E-10 4.0154E-10 3.9292E-10 3.8436E-10 3.7586E-10 3.6742E-10 3.5906E-10 3.5077E-10 3.4256E-10 3.3443E-10 3.2639E-10 3.1843E-10 3.1057E-10 3.0280E-10 2.9512E-10 2.8755E-10 2.8008E-10 2.7271E-10 2.6545E-10 2.5830E-10 2.5126E-10 2.4433E-10 2.3751E-10 2.3081E-10 2.2422E-10 2.1775E-10 2.1140E-10 2.0516E-10 1.9905E-10 1.9305E-10
6.2528E-10 6.1799E-10 6.1055E-10 6.0298E-10 5.9528E-10 5.8747E-10 5.7954E-10 5.7151E-10 5.6338E-10 5.5516E-10 5.4686E-10 5.3848E-10 5.3004E-10 5.2154E-10 5.1299E-10 5.0439E-10 4.9576E-10 4.8711E-10 4.7843E-10 4.6975E-10 4.6107E-10 4.5238E-10 4.4372E-10 4.3506E-10 4.2644E-10 4.1785E-10 4.0929E-10 4.0077E-10 3.9230E-10 3.8389E-10 3.7553E-10 3.6723E-10 3.5899E-10 3.5082E-10 3.4273E-10 3.3471E-10 3.2677E-10 3.1892E-10 3.1115E-10 3.0346E-10 2.9588E-10 2.8838E-10 2.8099E-10 2.7369E-10 2.6649E-10 2.5940E-10 2.5241E-10 2.4554E-10 2.3877E-10 2.3211E-10 2.2556E-10 2.1913E-10 2.1281E-10 2.0660E-10 2.0051E-10 1.9453E-10 1.8868E-10
6.1088E-10 6.0373E-10 5.9644E-10 5.8903E-10 5.8149E-10 5.7384E-10 5.6608E-10 5.5821E-10 5.5026E-10 5.4222E-10 5.3410E-10 5.2590E-10 5.1765E-10 5.0934E-10 5.0098E-10 4.9258E-10 4.8415E-10 4.7570E-10 4.6723E-10 4.5875E-10 4.5027E-10 4.4179E-10 4.3333E-10 4.2489E-10 4.1647E-10 4.0808E-10 3.9973E-10 3.9142E-10 3.8315E-10 3.7493E-10 3.6677E-10 3.5867E-10 3.5063E-10 3.4266E-10 3.3476E-10 3.2693E-10 3.1918E-10 3.1151E-10 3.0392E-10 2.9643E-10 2.8902E-10 2.8170E-10 2.7448E-10 2.6735E-10 2.6033E-10 2.5340E-10 2.4658E-10 2.3987E-10 2.3326E-10 2.2675E-10 2.2036E-10 2.1408E-10 2.0790E-10 2.0184E-10 1.9590E-10 1.9006E-10 1.8434E-10
5.9658E-10 5.8958E-10 5.8244E-10 5.7518E-10 5.6780E-10 5.6031E-10 5.5272E-10 5.4503E-10 5.3724E-10 5.2938E-10 5.2144E-10 5.1343E-10 5.0537E-10 4.9725E-10 4.8908E-10 4.8088E-10 4.7265E-10 4.6439E-10 4.5612E-10 4.4785E-10 4.3957E-10 4.3130E-10 4.2304E-10 4.1480E-10 4.0659E-10 3.9841E-10 3.9026E-10 3.8215E-10 3.7408E-10 3.6607E-10 3.5810E-10 3.5020E-10 3.4235E-10 3.3457E-10 3.2686E-10 3.1922E-10 3.1166E-10 3.0417E-10 2.9677E-10 2.8945E-10 2.8222E-10 2.7508E-10 2.6803E-10 2.6108E-10 2.5422E-10 2.4746E-10 2.4080E-10 2.3425E-10 2.2779E-10 2.2145E-10 2.1521E-10 2.0907E-10 2.0305E-10 1.9713E-10 1.9132E-10 1.8563E-10 1.8004E-10
5.8240E-10 5.7554E-10 5.6855E-10 5.6145E-10 5.5423E-10 5.4690E-10 5.3947E-10 5.3195E-10 5.2435E-10 5.1666E-10 5.0890E-10 5.0108E-10 4.9320E-10 4.8527E-10 4.7730E-10 4.6929E-10 4.6125E-10 4.5320E-10 4.4513E-10 4.3706E-10 4.2898E-10 4.2091E-10 4.1286E-10 4.0482E-10 3.9681E-10 3.8883E-10 3.8088E-10 3.7297E-10 3.6510E-10 3.5728E-10 3.4952E-10 3.4180E-10 3.3415E-10 3.2656E-10 3.1904E-10 3.1159E-10 3.0421E-10 2.9691E-10 2.8968E-10 2.8254E-10 2.7549E-10 2.6852E-10 2.6164E-10 2.5486E-10 2.4817E-10 2.4157E-10 2.3508E-10 2.2868E-10 2.2238E-10 2.1619E-10 2.1010E-10 2.0412E-10 1.9824E-10 1.9246E-10 1.8680E-10 1.8124E-10 1.7579E-10
5.6834E-10 5.6162E-10 5.5479E-10 5.4784E-10 5.4078E-10 5.3361E-10 5.2635E-10 5.1900E-10 5.1157E-10 5.0406E-10 4.9648E-10 4.8884E-10 4.8115E-10 4.7341E-10 4.6563E-10 4.5782E-10 4.4998E-10 4.4212E-10 4.3425E-10 4.2638E-10 4.1850E-10 4.1064E-10 4.0278E-10 3.9495E-10 3.8714E-10 3.7935E-10 3.7160E-10 3.6389E-10 3.5622E-10 3.4860E-10 3.4102E-10 3.3350E-10 3.2604E-10 3.1864E-10 3.1130E-10 3.0403E-10 2.9684E-10 2.8972E-10 2.8267E-10 2.7571E-10 2.6883E-10 2.6203E-10 2.5532E-10 2.4871E-10 2.4218E-10 2.3575E-10 2.2941E-10 2.2317E-10 2.1703E-10 2.1099E-10 2.0505E-10 1.9921E-10 1.9347E-10 1.8784E-10 1.8231E-10 1.7689E-10 1.7157E-10
5.5440E-10 5.4784E-10 5.4115E-10 5.3436E-10 5.2745E-10 5.2045E-10 5.1336E-10 5.0618E-10 4.9892E-10 4.9159E-10 4.8419E-10 4.7673E-10 4.6923E-10 4.6168E-10 4.5409E-10 4.4647E-10 4.3882E-10 4.3116E-10 4.2349E-10 4.1581E-10 4.0814E-10 4.0047E-10 3.9282E-10 3.8518E-10 3.7757E-10 3.6998E-10 3.6243E-10 3.5491E-10 3.4743E-10 3.4000E-10 3.3262E-10 3.2529E-10 3.1801E-10 3.1080E-10 3.0365E-10 2.9656E-10 2.8955E-10 2.8260E-10 2.7574E-10 2.6895E-10 2.6224E-10 2.5561E-10 2.4907E-10 2.4262E-10 2.3626E-10 2.2998E-10 2.2381E-10 2.1772E-10 2.1173E-10 2.0584E-10 2.0005E-10 1.9435E-10 1.8876E-10 1.8327E-10 1.7788E-10 1.7259E-10 1.6740E-10
5.4061E-10 5.3419E-10 5.2765E-10 5.2101E-10 5.1427E-10 5.0743E-10 5.0050E-10 4.9349E-10 4.8640E-10 4.7925E-10 4.7203E-10 4.6476E-10 4.5744E-10 4.5007E-10 4.4267E-10 4.3525E-10 4.2780E-10 4.2033E-10 4.1286E-10 4.0538E-10 3.9790E-10 3.9043E-10 3.8297E-10 3.7553E-10 3.6811E-10 3.6072E-10 3.5336E-10 3.4604E-10 3.3875E-10 3.3151E-10 3.2431E-10 3.1717E-10 3.1008E-10 3.0305E-10 2.9608E-10 2.8918E-10 2.8234E-10 2.7557E-10 2.6888E-10 2.6226E-10 2.5572E-10 2.4927E-10 2.4289E-10 2.3660E-10 2.3040E-10 2.2429E-10 2.1826E-10 2.1233E-10 2.0649E-10 2.0075E-10 1.9510E-10 1.8955E-10 1.8410E-10 1.7874E-10 1.7349E-10 1.6833E-10 1.6328E-10
5.2696E-10 5.2068E-10 5.1430E-10 5.0781E-10 5.0122E-10 4.9455E-10 4.8778E-10 4.8094E-10 4.7403E-10 4.6705E-10 4.6001E-10 4.5292E-10 4.4579E-10 4.3861E-10 4.3140E-10 4.2416E-10 4.1690E-10 4.0963E-10 4.0235E-10 3.9506E-10 3.8778E-10 3.8051E-10 3.7324E-10 3.6600E-10 3.5877E-10 3.5157E-10 3.4440E-10 3.3727E-10 3.3017E-10 3.2312E-10 3.1611E-10 3.0915E-10 3.0224E-10 2.9539E-10 2.8860E-10 2.8188E-10 2.7522E-10 2.6862E-10 2.6210E-10 2.5566E-10 2.4929E-10 2.4299E-10 2.3678E-10 2.3065E-10 2.2461E-10 2.1865E-10 2.1278E-10 2.0701E-10 2.0132E-10 1.9572E-10 1.9022E-10 1.8481E-10 1.7949E-10 1.7428E-10 1.6915E-10 1.6413E-10 1.5920E-10
5.1346E-10 5.0733E-10 5.0109E-10 4.9476E-10 4.8833E-10 4.8182E-10 4.7522E-10 4.6855E-10 4.6181E-10 4.5500E-10 4.4814E-10 4.4123E-10 4.3428E-10 4.2729E-10 4.2026E-10 4.1321E-10 4.0615E-10 3.9907E-10 3.9198E-10 3.8488E-10 3.7779E-10 3.7071E-10 3.6364E-10 3.5658E-10 3.4955E-10 3.4254E-10 3.3556E-10 3.2861E-10 3.2170E-10 3.1483E-10 3.0801E-10 3.0123E-10 2.9450E-10 2.8783E-10 2.8122E-10 2.7467E-10 2.6818E-10 2.6176E-10 2.5541E-10 2.4913E-10 2.4293E-10 2.3680E-10 2.3075E-10 2.2478E-10 2.1889E-10 2.1309E-10 2.0737E-10 2.0174E-10 1.9620E-10 1.9075E-10 1.8539E-10 1.8012E-10 1.7494E-10 1.6986E-10 1.6487E-10 1.5997E-10 1.5517E-10
5.0011E-10 4.9413E-10 4.8805E-10 4.8186E-10 4.7559E-10 4.6924E-10 4.6281E-10 4.5630E-10 4.4973E-10 4.4310E-10 4.3642E-10 4.2969E-10 4.2292E-10 4.1611E-10 4.0927E-10 4.0241E-10 3.9553E-10 3.8864E-10 3.8174E-10 3.7484E-10 3.6794E-10 3.6104E-10 3.5416E-10 3.4729E-10 3.4045E-10 3.3362E-10 3.2683E-10 3.2007E-10 3.1334E-10 3.0665E-10 3.0001E-10 2.9341E-10 2.8686E-10 2.8037E-10 2.7393E-10 2.6756E-10 2.6124E-10 2.5499E-10 2.4881E-10 2.4269E-10 2.3665E-10 2.3068E-10 2.2479E-10 2.1898E-10 2.1325E-10 2.0760E-10 2.0203E-10 1.9655E-10 1.9115E-10 1.8585E-10 1.8062E-10 1.7549E-10 1.7045E-10 1.6550E-10 1.6064E-10 1.5587E-10 1.5120E-10
4.8693E-10 4.8110E-10 4.7516E-10 4.6913E-10 4.6302E-10 4.5682E-10 4.5056E-10 4.4422E-10 4.3782E-10 4.3136E-10 4.2486E-10 4.1830E-10 4.1171E-10 4.0509E-10 3.9843E-10 3.9176E-10 3.8507E-10 3.7836E-10 3.7165E-10 3.6493E-10 3.5822E-10 3.5151E-10 3.4481E-10 3.3813E-10 3.3147E-10 3.2483E-10 3.1822E-10 3.1164E-10 3.0509E-10 2.9859E-10 2.9212E-10 2.8570E-10 2.7933E-10 2.7301E-10 2.6675E-10 2.6054E-10 2.5439E-10 2.4831E-10 2.4229E-10 2.3634E-10 2.3046E-10 2.2465E-10 2.1892E-10 2.1326E-10 2.0768E-10 2.0218E-10 1.9676E-10 1.9143E-10 1.8617E-10 1.8100E-10 1.7592E-10 1.7093E-10 1.6602E-10 1.6120E-10 1.5647E-10 1.5182E-10 1.4727E-10
4.7393E-10 4.6823E-10 4.6244E-10 4.5657E-10 4.5061E-10 4.4458E-10 4.3847E-10 4.3230E-10 4.2607E-10 4.1979E-10 4.1345E-10 4.0708E-10 4.0066E-10 3.9422E-10 3.8775E-10 3.8126E-10 3.7475E-10 3.6822E-10 3.6170E-10 3.5516E-10 3.4863E-10 3.4211E-10 3.3560E-10 3.2910E-10 3.2262E-10 3.1616E-10 3.0973E-10 3.0333E-10 2.9696E-10 2.9063E-10 2.8434E-10 2.7810E-10 2.7190E-10 2.6575E-10 2.5966E-10 2.5362E-10 2.4764E-10 2.4172E-10 2.3586E-10 2.3008E-10 2.2435E-10 2.1870E-10 2.1312E-10 2.0762E-10 2.0219E-10 1.9684E-10 1.9156E-10 1.8637E-10 1.8126E-10 1.7623E-10 1.7128E-10 1.6642E-10 1.6164E-10 1.5695E-10 1.5235E-10 1.4783E-10 1.4340E-10
4.6109E-10 4.5554E-10 4.4990E-10 4.4418E-10 4.3838E-10 4.3250E-10 4.2656E-10 4.2055E-10 4.1449E-10 4.0837E-10 4.0221E-10 3.9601E-10 3.8978E-10 3.8351E-10 3.7722E-10 3.7091E-10 3.6458E-10 3.5824E-10 3.5189E-10 3.4554E-10 3.3919E-10 3.3285E-10 3.2652E-10 3.2020E-10 3.1390E-10 3.0762E-10 3.0137E-10 2.9514E-10 2.8895E-10 2.8280E-10 2.7668E-10 2.7061E-10 2.6458E-10 2.5860E-10 2.5267E-10 2.4680E-10 2.4098E-10 2.3523E-10 2.2953E-10 2.2390E-10 2.1834E-10 2.1284E-10 2.0741E-10 2.0206E-10 1.9678E-10 1.9157E-10 1.8644E-10 1.8139E-10 1.7642E-10 1.7152E-10 1.6671E-10 1.6198E-10 1.5733E-10 1.5277E-10 1.4829E-10 1.4389E-10 1.3958E-10
4.4844E-10 4.4303E-10 4.3754E-10 4.3197E-10 4.2632E-10 4.2060E-10 4.1482E-10 4.0898E-10 4.0308E-10 3.9713E-10 3.9115E-10 3.8512E-10 3.7906E-10 3.7297E-10 3.6685E-10 3.6072E-10 3.5457E-10 3.4841E-10 3.4224E-10 3.3607E-10 3.2990E-10 3.2373E-10 3.1758E-10 3.1143E-10 3.0531E-10 2.9921E-10 2.9313E-10 2.8708E-10 2.8106E-10 2.7508E-10 2.6913E-10 2.6323E-10 2.5737E-10 2.5155E-10 2.4579E-10 2.4008E-10 2.3443E-10 2.2883E-10 2.2329E-10 2.1782E-10 2.1241E-10 2.0706E-10 2.0179E-10 1.9658E-10 1.9144E-10 1.8638E-10 1.8139E-10 1.7648E-10 1.7164E-10 1.6689E-10 1.6221E-10 1.5761E-10 1.5309E-10 1.4865E-10 1.4429E-10 1.4001E-10 1.3582E-10
4.3597E-10 4.3071E-10 4.2536E-10 4.1994E-10 4.1444E-10 4.0888E-10 4.0326E-10 3.9758E-10 3.9185E-10 3.8607E-10 3.8025E-10 3.7439E-10 3.6851E-10 3.6259E-10 3.5665E-10 3.5069E-10 3.4471E-10 3.3873E-10 3.3273E-10 3.2674E-10 3.2074E-10 3.1475E-10 3.0877E-10 3.0281E-10 2.9686E-10 2.9093E-10 2.8502E-10 2.7914E-10 2.7329E-10 2.6748E-10 2.6170E-10 2.5596E-10 2.5027E-10 2.4462E-10 2.3902E-10 2.3347E-10 2.2797E-10 2.2253E-10 2.1715E-10 2.1183E-10 2.0657E-10 2.0137E-10 1.9625E-10 1.9118E-10 1.8619E-10 1.8127E-10 1.7642E-10 1.7165E-10 1.6694E-10 1.6232E-10 1.5777E-10 1.5330E-10 1.4890E-10 1.4459E-10 1.4035E-10 1.3619E-10 1.3212E-10
4.2369E-10 4.1857E-10 4.1337E-10 4.0809E-10 4.0275E-10 3.9735E-10 3.9188E-10 3.8636E-10 3.8079E-10 3.7518E-10 3.6953E-10 3.6384E-10 3.5813E-10 3.5238E-10 3.4661E-10 3.4082E-10 3.3502E-10 3.2921E-10 3.2339E-10 3.1756E-10 3.1174E-10 3.0592E-10 3.0012E-10 2.9432E-10 2.8854E-10 2.8278E-10 2.7704E-10 2.7133E-10 2.6565E-10 2.6000E-10 2.5439E-10 2.4881E-10 2.4328E-10 2.3779E-10 2.3235E-10 2.2696E-10 2.2162E-10 2.1633E-10 2.1111E-10 2.0593E-10 2.0082E-10 1.9578E-10 1.9079E-10 1.8587E-10 1.8102E-10 1.7624E-10 1.7153E-10 1.6689E-10 1.6232E-10 1.5782E-10 1.5340E-10 1.4906E-10 1.4479E-10 1.4059E-10 1.3647E-10 1.3243E-10 1.2847E-10
