Assets/Resources/2015_m01_d19_0500(utc+0800)_l00_csi_1hr_conc.grd
DSAA
         159         159
     -79.000      79.000
     -79.000      79.000
  0.0000E+00  0.1888E-04
[rows 50 to 74 of 159, columns 57 to 113 of 159]
0.0000E+00 0.0000E+00 0.0000E+00 0.0000E+00 0.0000E+00 0.0000E+00 0.0000E+00 0.0000E+00 0.0000E+00 0.0000E+00 0.0000E+00 0.0000E+00 0.0000E+00 0.0000E+00 0.0000E+00 0.0000E+00 0.0000E+00 0.0000E+00 0.0000E+00 0.0000E+00 0.0000E+00 0.0000E+00 0.0000E+00 0.0000E+00 0.0000E+00 0.0000E+00 0.0000E+00 0.0000E+00 2.1963E-11 4.2285E-11 8.3836E-11 1.6164E-10 4.4532E-10 6.3699E-10 8.3104E-10 1.2200E-09 1.5560E-09 1.8879E-09 2.2536E-09 2.6501E-09 3.0334E-09 3.4138E-09 3.7675E-09 4.1087E-09 4.3610E-09 4.5590E-09 4.6729E-09 4.7206E-09 4.7211E-09 4.6470E-09 4.5321E-09 4.3886E-09 4.2258E-09 4.0434E-09 3.8309E-09 3.6600E-09 3.5206E-09
0.0000E+00 0.0000E+00 0.0000E+00 0.0000E+00 0.0000E+00 0.0000E+00 0.0000E+00 0.0000E+00 0.0000E+00 0.0000E+00 0.0000E+00 0.0000E+00 0.0000E+00 0.0000E+00 0.0000E+00 0.0000E+00 0.0000E+00 0.0000E+00 0.0000E+00 0.0000E+00 0.0000E+00 0.0000E+00 0.0000E+00 0.0000E+00 0.0000E+00 0.0000E+00 0.0000E+00 9.3947E-12 3.8882E-11 7.0976E-11 1.5316E-10 4.8870E-10 6.9135E-10 9.1547E-10 1.4160E-09 1.8175E-09 2.2457E-09 2.7277E-09 3.2530E-09 3.8044E-09 4.3469E-09 4.8913E-09 5.3953E-09 5.8320E-09 6.1814E-09 6.4354E-09 6.5904E-09 6.6481E-09 6.5993E-09 6.4784E-09 6.2853E-09 6.0548E-09 5.7943E-09 5.5324E-09 5.2825E-09 5.0193E-09 4.7921E-09
0.0000E+00 0.0000E+00 0.0000E+00 0.0000E+00 0.0000E+00 0.0000E+00 0.0000E+00 0.0000E+00 0.0000E+00 0.0000E+00 0.0000E+00 0.0000E+00 0.0000E+00 0.0000E+00 0.0000E+00 0.0000E+00 0.0000E+00 0.0000E+00 0.0000E+00 0.0000E+00 0.0000E+00 0.0000E+00 0.0000E+00 0.0000E+00 0.0000E+00 0.0000E+00 0.0000E+00 3.4177E-11 5.5493E-11 1.2845E-10 4.9866E-10 7.1826E-10 9.8900E-10 1.5931E-09 2.0541E-09 2.5808E-09 3.1790E-09 3.8495E-09 4.5728E-09 5.3167E-09 6.0915E-09 6.8249E-09 7.5115E-09 8.0804E-09 8.5653E-09 8.8972E-09 9.0910E-09 9.1443E-09 9.0619E-09 8.8627E-09 8.5776E-09 8.2187E-09 7.8279E-09 7.4306E-09 7.0582E-09 6.7182E-09 6.4074E-09
0.0000E+00 0.0000E+00 0.0000E+00 0.0000E+00 0.0000E+00 0.0000E+00 0.0000E+00 0.0000E+00 0.0000E+00 0.0000E+00 0.0000E+00 0.0000E+00 0.0000E+00 0.0000E+00 0.0000E+00 0.0000E+00 0.0000E+00 0.0000E+00 0.0000E+00 0.0000E+00 0.0000E+00 0.0000E+00 0.0000E+00 0.0000E+00 0.0000E+00 0.0000E+00 1.9077E-11 4.3714E-11 1.1790E-10 4.9601E-10 7.2007E-10 1.0268E-09 1.7414E-09 2.2629E-09 2.8827E-09 3.6014E-09 4.4291E-09 5.3324E-09 6.2923E-09 7.3169E-09 8.3224E-09 9.3004E-09 1.0189E-08 1.0979E-08 1.1597E-08 1.2032E-08 1.2285E-08 1.2331E-08 1.2206E-08 1.1910E-08 1.1487E-08 1.0974E-08 1.0410E-08 9.8412E-09 9.2935E-09 8.7924E-09 8.3517E-09
0.0000E+00 0.0000E+00 0.0000E+00 0.0000E+00 0.0000E+00 0.0000E+00 0.0000E+00 0.0000E+00 0.0000E+00 0.0000E+00 0.0000E+00 0.0000E+00 0.0000E+00 0.0000E+00 0.0000E+00 0.0000E+00 0.0000E+00 0.0000E+00 0.0000E+00 0.0000E+00 0.0000E+00 0.0000E+00 0.0000E+00 0.0000E+00 0.0000E+00 1.2120E-12 3.7205E-11 3.0721E-10 4.8831E-10 7.4350E-10 1.0925E-09 1.8409E-09 2.4352E-09 3.1397E-09 3.9654E-09 4.9266E-09 6.0104E-09 7.1804E-09 8.4798E-09 9.8005E-09 1.1123E-08 1.2391E-08 1.3546E-08 1.4554E-08 1.5360E-08 1.5933E-08 1.6244E-08 1.6297E-08 1.6102E-08 1.5696E-08 1.5105E-08 1.4393E-08 1.3619E-08 1.2823E-08 1.2055E-08 1.1343E-08 1.0703E-08
0.0000E+00 0.0000E+00 0.0000E+00 0.0000E+00 0.0000E+00 0.0000E+00 0.0000E+00 0.0000E+00 0.0000E+00 0.0000E+00 0.0000E+00 0.0000E+00 0.0000E+00 0.0000E+00 0.0000E+00 0.0000E+00 0.0000E+00 0.0000E+00 0.0000E+00 0.0000E+00 0.0000E+00 0.0000E+00 0.0000E+00 0.0000E+00 0.0000E+00 2.1647E-11 2.8803E-10 5.0334E-10 7.6638E-10 1.4091E-09 1.9092E-09 2.5597E-09 3.3548E-09 4.2749E-09 5.3518E-09 6.5995E-09 7.9935E-09 9.5237E-09 1.1150E-08 1.2827E-08 1.4510E-08 1.6128E-08 1.7615E-08 1.8893E-08 1.9907E-08 2.0635E-08 2.1025E-08 2.1085E-08 2.0815E-08 2.0261E-08 1.9482E-08 1.8533E-08 1.7491E-08 1.6427E-08 1.5381E-08 1.4406E-08 1.3525E-08
0.0000E+00 0.0000E+00 0.0000E+00 0.0000E+00 0.0000E+00 0.0000E+00 0.0000E+00 0.0000E+00 0.0000E+00 0.0000E+00 0.0000E+00 0.0000E+00 0.0000E+00 0.0000E+00 0.0000E+00 0.0000E+00 0.0000E+00 0.0000E+00 0.0000E+00 0.0000E+00 0.0000E+00 0.0000E+00 0.0000E+00 0.0000E+00 1.4573E-11 3.2778E-10 5.3126E-10 7.7739E-10 1.4265E-09 1.9841E-09 2.7027E-09 3.5515E-09 4.5526E-09 5.7136E-09 7.0897E-09 8.6524E-09 1.0400E-08 1.2323E-08 1.4351E-08 1.6442E-08 1.8525E-08 2.0521E-08 2.2372E-08 2.3969E-08 2.5248E-08 2.6135E-08 2.6622E-08 2.6684E-08 2.6340E-08 2.5621E-08 2.4615E-08 2.3395E-08 2.2046E-08 2.0654E-08 1.9290E-08 1.8003E-08 1.6822E-08
0.0000E+00 0.0000E+00 0.0000E+00 0.0000E+00 0.0000E+00 0.0000E+00 0.0000E+00 0.0000E+00 0.0000E+00 0.0000E+00 0.0000E+00 0.0000E+00 0.0000E+00 0.0000E+00 0.0000E+00 0.0000E+00 0.0000E+00 0.0000E+00 0.0000E+00 0.0000E+00 0.0000E+00 0.0000E+00 0.0000E+00 2.2483E-11 3.5661E-10 5.3799E-10 7.6993E-10 1.4261E-09 2.1032E-09 2.8458E-09 3.7331E-09 4.7871E-09 6.0404E-09 7.5217E-09 9.2198E-09 1.1147E-08 1.3284E-08 1.5601E-08 1.8050E-08 2.0589E-08 2.3113E-08 2.5539E-08 2.7772E-08 2.9716E-08 3.1280E-08 3.2376E-08 3.2959E-08 3.3029E-08 3.2605E-08 3.1714E-08 3.0454E-08 2.8926E-08 2.7239E-08 2.5483E-08 2.3749E-08 2.2104E-08 2.0586E-08
0.0000E+00 0.0000E+00 0.0000E+00 0.0000E+00 0.0000E+00 0.0000E+00 0.0000E+00 0.0000E+00 0.0000E+00 0.0000E+00 0.0000E+00 0.0000E+00 0.0000E+00 0.0000E+00 0.0000E+00 0.0000E+00 0.0000E+00 0.0000E+00 0.0000E+00 0.0000E+00 0.0000E+00 0.0000E+00 9.4610E-11 3.4861E-10 5.2456E-10 7.6967E-10 1.5602E-09 2.2295E-09 2.9925E-09 3.9115E-09 5.0274E-09 6.3556E-09 7.8975E-09 9.7126E-09 1.1756E-08 1.4061E-08 1.6609E-08 1.9339E-08 2.2231E-08 2.5200E-08 2.8177E-08 3.1057E-08 3.3700E-08 3.6005E-08 3.7861E-08 3.9175E-08 3.9890E-08 3.9972E-08 3.9456E-08 3.8386E-08 3.6858E-08 3.5023E-08 3.2973E-08 3.0821E-08 2.8690E-08 2.6659E-08 2.4775E-08
0.0000E+00 0.0000E+00 0.0000E+00 0.0000E+00 0.0000E+00 0.0000E+00 0.0000E+00 0.0000E+00 0.0000E+00 0.0000E+00 0.0000E+00 0.0000E+00 0.0000E+00 0.0000E+00 0.0000E+00 0.0000E+00 0.0000E+00 0.0000E+00 0.0000E+00 0.0000E+00 0.0000E+00 1.1430E-10 2.5544E-10 4.8972E-10 8.5342E-10 1.6643E-09 2.3197E-09 3.1639E-09 4.1420E-09 5.3617E-09 6.7375E-09 8.3439E-09 1.0207E-08 1.2315E-08 1.4715E-08 1.7396E-08 2.0321E-08 2.3454E-08 2.6768E-08 3.0169E-08 3.3571E-08 3.6878E-08 3.9937E-08 4.2605E-08 4.4759E-08 4.6309E-08 4.7161E-08 4.7282E-08 4.6651E-08 4.5407E-08 4.3656E-08 4.1505E-08 3.9080E-08 3.6534E-08 3.3998E-08 3.1566E-08 2.9302E-08
0.0000E+00 0.0000E+00 0.0000E+00 0.0000E+00 0.0000E+00 0.0000E+00 0.0000E+00 0.0000E+00 0.0000E+00 0.0000E+00 0.0000E+00 0.0000E+00 0.0000E+00 0.0000E+00 0.0000E+00 0.0000E+00 0.0000E+00 0.0000E+00 0.0000E+00 4.6157E-11 1.3799E-10 2.2981E-10 5.4130E-10 8.3664E-10 1.6897E-09 2.4440E-09 3.3185E-09 4.4471E-09 5.6943E-09 7.1663E-09 8.8499E-09 1.0762E-08 1.2954E-08 1.5389E-08 1.8111E-08 2.1098E-08 2.4339E-08 2.7841E-08 3.1511E-08 3.5290E-08 3.9098E-08 4.2764E-08 4.6200E-08 4.9227E-08 5.1678E-08 5.3453E-08 5.4443E-08 5.4580E-08 5.3902E-08 5.2522E-08 5.0563E-08 4.8112E-08 4.5340E-08 4.2424E-08 3.9506E-08 3.6685E-08 3.4048E-08
0.0000E+00 0.0000E+00 0.0000E+00 0.0000E+00 0.0000E+00 0.0000E+00 0.0000E+00 0.0000E+00 0.0000E+00 0.0000E+00 0.0000E+00 0.0000E+00 0.0000E+00 0.0000E+00 0.0000E+00 0.0000E+00 0.0000E+00 2.3691E-11 5.3287E-11 1.1239E-10 2.6639E-10 4.1852E-10 9.7606E-10 1.5899E-09 2.4746E-09 3.5560E-09 4.7203E-09 6.1124E-09 7.6949E-09 9.4591E-09 1.1447E-08 1.3668E-08 1.6144E-08 1.8863E-08 2.1854E-08 2.5100E-08 2.8586E-08 3.2314E-08 3.6267E-08 4.0337E-08 4.4448E-08 4.8449E-08 5.2174E-08 5.5513E-08 5.8243E-08 6.0230E-08 6.1339E-08 6.1521E-08 6.0851E-08 5.9374E-08 5.7248E-08 5.4559E-08 5.1490E-08 4.8264E-08 4.5010E-08 4.1838E-08 3.8847E-08
0.0000E+00 0.0000E+00 0.0000E+00 0.0000E+00 0.0000E+00 0.0000E+00 0.0000E+00 0.0000E+00 0.0000E+00 0.0000E+00 0.0000E+00 0.0000E+00 0.0000E+00 0.0000E+00 0.0000E+00 3.1697E-12 1.9367E-11 3.4249E-11 8.1944E-11 2.2349E-10 4.2720E-10 7.4954E-10 1.5016E-09 2.5311E-09 3.6245E-09 5.0024E-09 6.5290E-09 8.3059E-09 1.0209E-08 1.2317E-08 1.4619E-08 1.7114E-08 1.9783E-08 2.2697E-08 2.5854E-08 2.9238E-08 3.2862E-08 3.6725E-08 4.0789E-08 4.5039E-08 4.9332E-08 5.3564E-08 5.7532E-08 6.1086E-08 6.4067E-08 6.6216E-08 6.7441E-08 6.7716E-08 6.7094E-08 6.5622E-08 6.3377E-08 6.0510E-08 5.7250E-08 5.3796E-08 5.0270E-08 4.6805E-08 4.3513E-08
0.0000E+00 0.0000E+00 0.0000E+00 0.0000E+00 0.0000E+00 0.0000E+00 0.0000E+00 0.0000E+00 0.0000E+00 0.0000E+00 0.0000E+00 0.0000E+00 0.0000E+00 0.0000E+00 0.0000E+00 1.4839E-11 2.4991E-11 9.6455E-11 2.0811E-10 3.6801E-10 7.5621E-10 1.4807E-09 2.2651E-09 3.6722E-09 5.1399E-09 7.0069E-09 8.9677E-09 1.1066E-08 1.3324E-08 1.5747E-08 1.8306E-08 2.1026E-08 2.3839E-08 2.6831E-08 2.9983E-08 3.3360E-08 3.6965E-08 4.0802E-08 4.4859E-08 4.9101E-08 5.3466E-08 5.7782E-08 6.1905E-08 6.5602E-08 6.8737E-08 7.1011E-08 7.2374E-08 7.2804E-08 7.2282E-08 7.0869E-08 6.8574E-08 6.5668E-08 6.2338E-08 5.8736E-08 5.5031E-08 5.1359E-08 4.7843E-08
0.0000E+00 0.0000E+00 0.0000E+00 0.0000E+00 0.0000E+00 0.0000E+00 0.0000E+00 0.0000E+00 0.0000E+00 0.0000E+00 0.0000E+00 0.0000E+00 0.0000E+00 0.0000E+00 2.4756E-12 3.6511E-11 6.3656E-11 1.5052E-10 3.5297E-10 6.1611E-10 1.1228E-09 2.2096E-09 3.5345E-09 5.3590E-09 7.3227E-09 9.5532E-09 1.2032E-08 1.4547E-08 1.7127E-08 1.9771E-08 2.2506E-08 2.5319E-08 2.8146E-08 3.1062E-08 3.4096E-08 3.7251E-08 4.0672E-08 4.4297E-08 4.8192E-08 5.2302E-08 5.6556E-08 6.0828E-08 6.4967E-08 6.8749E-08 7.1903E-08 7.4318E-08 7.5851E-08 7.6459E-08 7.6097E-08 7.4787E-08 7.2586E-08 6.9757E-08 6.6453E-08 6.2821E-08 5.9050E-08 5.5280E-08 5.1636E-08
0.0000E+00 0.0000E+00 0.0000E+00 0.0000E+00 0.0000E+00 0.0000E+00 0.0000E+00 0.0000E+00 0.0000E+00 0.0000E+00 0.0000E+00 0.0000E+00 0.0000E+00 0.0000E+00 1.3430E-11 4.5929E-11 1.3245E-10 2.6278E-10 5.1817E-10 8.9614E-10 1.7167E-09 3.2736E-09 5.2321E-09 7.4485E-09 1.0170E-08 1.2964E-08 1.5885E-08 1.8771E-08 2.1627E-08 2.4396E-08 2.7155E-08 2.9864E-08 3.2554E-08 3.5201E-08 3.7922E-08 4.0731E-08 4.3737E-08 4.7005E-08 5.0555E-08 5.4364E-08 5.8368E-08 6.2490E-08 6.6526E-08 7.0244E-08 7.3400E-08 7.5925E-08 7.7639E-08 7.8434E-08 7.8280E-08 7.7150E-08 7.5187E-08 7.2533E-08 6.9364E-08 6.5835E-08 6.2118E-08 5.8372E-08 5.4706E-08
0.0000E+00 0.0000E+00 0.0000E+00 0.0000E+00 0.0000E+00 0.0000E+00 0.0000E+00 0.0000E+00 0.0000E+00 0.0000E+00 0.0000E+00 0.0000E+00 0.0000E+00 0.0000E+00 3.0009E-11 8.5908E-11 1.9403E-10 3.7118E-10 8.2975E-10 1.5317E-09 2.4990E-09 4.7430E-09 7.2132E-09 1.0510E-08 1.3846E-08 1.7246E-08 2.0658E-08 2.3814E-08 2.6781E-08 2.9503E-08 3.2054E-08 3.4495E-08 3.6793E-08 3.9011E-08 4.1204E-08 4.3501E-08 4.5962E-08 4.8703E-08 5.1749E-08 5.5147E-08 5.8801E-08 6.2625E-08 6.6424E-08 6.9999E-08 7.3169E-08 7.5754E-08 7.7620E-08 7.8620E-08 7.8715E-08 7.7880E-08 7.6210E-08 7.3832E-08 7.0920E-08 6.7617E-08 6.4085E-08 6.0477E-08 5.6862E-08
0.0000E+00 0.0000E+00 0.0000E+00 0.0000E+00 0.0000E+00 0.0000E+00 0.0000E+00 0.0000E+00 0.0000E+00 0.0000E+00 0.0000E+00 0.0000E+00 0.0000E+00 1.8191E-12 5.7186E-11 1.0660E-10 3.2771E-10 6.4630E-10 1.1668E-09 1.9989E-09 3.2553E-09 6.7568E-09 1.0446E-08 1.4356E-08 1.8535E-08 2.2601E-08 2.6367E-08 2.9678E-08 3.2466E-08 3.4929E-08 3.7004E-08 3.8904E-08 4.0619E-08 4.2202E-08 4.3715E-08 4.5341E-08 4.7137E-08 4.9236E-08 5.1705E-08 5.4571E-08 5.7765E-08 6.1193E-08 6.4699E-08 6.8098E-08 7.1209E-08 7.3818E-08 7.5816E-08 7.7054E-08 7.7427E-08 7.6916E-08 7.5609E-08 7.3602E-08 7.1055E-08 6.8088E-08 6.4856E-08 6.1501E-08 5.7973E-08
0.0000E+00 0.0000E+00 0.0000E+00 0.0000E+00 0.0000E+00 0.0000E+00 0.0000E+00 0.0000E+00 0.0000E+00 0.0000E+00 0.0000E+00 0.0000E+00 0.0000E+00 8.7003E-12 9.3736E-11 1.8614E-10 4.3610E-10 8.1403E-10 1.4642E-09 2.8126E-09 4.6648E-09 8.8191E-09 1.4232E-08 1.9311E-08 2.4352E-08 2.9190E-08 3.3065E-08 3.6240E-08 3.8536E-08 4.0345E-08 4.1720E-08 4.2754E-08 4.3700E-08 4.4488E-08 4.5225E-08 4.6065E-08 4.7140E-08 4.8545E-08 5.0373E-08 5.2648E-08 5.5347E-08 5.8328E-08 6.1496E-08 6.4675E-08 6.7673E-08 7.0286E-08 7.2393E-08 7.3857E-08 7.4513E-08 7.4355E-08 7.3463E-08 7.1893E-08 6.9790E-08 6.7250E-08 6.4416E-08 6.1386E-08 5.7916E-08
0.0000E+00 0.0000E+00 0.0000E+00 0.0000E+00 0.0000E+00 0.0000E+00 0.0000E+00 0.0000E+00 0.0000E+00 0.0000E+00 0.0000E+00 0.0000E+00 0.0000E+00 2.3088E-11 1.1191E-10 2.3585E-10 5.2327E-10 1.0827E-09 1.9995E-09 3.5222E-09 5.8786E-09 1.1017E-08 1.8883E-08 2.6066E-08 3.1858E-08 3.6837E-08 4.0572E-08 4.3140E-08 4.4691E-08 4.5402E-08 4.5785E-08 4.5778E-08 4.5739E-08 4.5619E-08 4.5536E-08 4.5579E-08 4.5909E-08 4.6632E-08 4.7816E-08 4.9530E-08 5.1702E-08 5.4249E-08 5.7051E-08 5.9988E-08 6.2834E-08 6.5418E-08 6.7622E-08 6.9268E-08 7.0182E-08 7.0397E-08 6.9941E-08 6.8849E-08 6.7241E-08 6.5190E-08 6.2820E-08 6.0087E-08 5.6829E-08
0.0000E+00 0.0000E+00 0.0000E+00 0.0000E+00 0.0000E+00 0.0000E+00 0.0000E+00 0.0000E+00 0.0000E+00 0.0000E+00 0.0000E+00 0.0000E+00 0.0000E+00 4.5957E-11 1.2822E-10 2.9512E-10 6.5991E-10 1.2768E-09 2.3779E-09 4.2211E-09 7.0870E-09 1.2737E-08 2.6194E-08 3.4575E-08 4.0745E-08 4.5445E-08 4.8514E-08 4.9944E-08 5.0287E-08 4.9682E-08 4.8732E-08 4.7626E-08 4.6453E-08 4.5440E-08 4.4530E-08 4.3863E-08 4.3498E-08 4.3613E-08 4.4222E-08 4.5405E-08 4.7092E-08 4.9231E-08 5.1674E-08 5.4352E-08 5.7028E-08 5.9559E-08 6.1814E-08 6.3583E-08 6.4750E-08 6.5320E-08 6.5298E-08 6.4685E-08 6.3589E-08 6.2058E-08 6.0193E-08 5.7720E-08 5.4801E-08
0.0000E+00 0.0000E+00 0.0000E+00 0.0000E+00 0.0000E+00 0.0000E+00 0.0000E+00 0.0000E+00 0.0000E+00 0.0000E+00 0.0000E+00 0.0000E+00 0.0000E+00 6.4743E-11 1.4058E-10 3.5235E-10 7.3600E-10 1.4312E-09 2.6876E-09 4.8013E-09 9.2501E-09 1.5512E-08 3.5933E-08 4.6109E-08 5.1847E-08 5.4919E-08 5.6255E-08 5.5974E-08 5.4565E-08 5.2644E-08 5.0221E-08 4.7953E-08 4.5764E-08 4.3875E-08 4.2254E-08 4.0974E-08 4.0069E-08 3.9670E-08 3.9823E-08 4.0546E-08 4.1835E-08 4.3598E-08 4.5717E-08 4.8128E-08 5.0623E-08 5.3077E-08 5.5322E-08 5.7173E-08 5.8564E-08 5.9449E-08 5.9826E-08 5.9672E-08 5.9075E-08 5.8062E-08 5.6593E-08 5.4476E-08 5.2083E-08
0.0000E+00 0.0000E+00 0.0000E+00 0.0000E+00 0.0000E+00 0.0000E+00 0.0000E+00 0.0000E+00 0.0000E+00 0.0000E+00 0.0000E+00 0.0000E+00 0.0000E+00 6.7327E-11 1.4713E-10 3.7096E-10 7.7838E-10 1.5172E-09 3.0994E-09 5.8796E-09 1.0740E-08 1.8580E-08 4.8556E-08 6.7353E-08 6.6140E-08 6.4862E-08 6.2983E-08 6.0376E-08 5.7012E-08 5.3447E-08 4.9960E-08 4.6561E-08 4.3628E-08 4.0998E-08 3.8848E-08 3.7119E-08 3.5845E-08 3.5078E-08 3.4900E-08 3.5276E-08 3.6242E-08 3.7691E-08 3.9517E-08 4.1674E-08 4.3989E-08 4.6316E-08 4.8502E-08 5.0411E-08 5.1973E-08 5.3120E-08 5.3839E-08 5.4101E-08 5.3957E-08 5.3431E-08 5.2320E-08 5.0602E-08 4.8802E-08
0.0000E+00 0.0000E+00 0.0000E+00 0.0000E+00 0.0000E+00 0.0000E+00 0.0000E+00 0.0000E+00 0.0000E+00 0.0000E+00 0.0000E+00 0.0000E+00 0.0000E+00 6.4098E-11 1.4667E-10 3.6646E-10 7.8151E-10 1.6036E-09 3.2018E-09 6.2094E-09 1.1687E-08 2.6265E-08 6.8505E-08 1.0605E-07 8.6412E-08 7.4642E-08 6.7550E-08 6.1980E-08 5.6949E-08 5.2046E-08 4.7531E-08 4.3571E-08 4.0078E-08 3.7050E-08 3.4554E-08 3.2579E-08 3.1099E-08 3.0146E-08 2.9751E-08 2.9903E-08 3.0619E-08 3.1819E-08 3.3397E-08 3.5317E-08 3.7434E-08 3.9607E-08 4.1710E-08 4.3635E-08 4.5303E-08 4.6651E-08 4.7639E-08 4.8251E-08 4.8499E-08 4.8348E-08 4.7565E-08 4.6372E-08 4.5164E-08
0.0000E+00 0.0000E+00 0.0000E+00 0.0000E+00 0.0000E+00 0.0000E+00 0.0000E+00 0.0000E+00 0.0000E+00 0.0000E+00 0.0000E+00 0.0000E+00 0.0000E+00 5.6420E-11 1.3906E-10 3.4009E-10 7.3515E-10 1.5262E-09 3.0721E-09 6.2588E-09 1.3119E-08 3.9789E-08 1.6224E-07 1.8406E-07 1.1195E-07 8.1968E-08 6.8369E-08 6.0120E-08 5.3755E-08 4.8269E-08 4.3344E-08 3.8916E-08 3.5250E-08 3.2307E-08 2.9707E-08 2.7672E-08 2.6156E-08 2.5165E-08 2.4672E-08 2.4698E-08 2.5244E-08 2.6247E-08 2.7609E-08 2.9314E-08 3.1229E-08 3.3229E-08 3.5226E-08 3.7118E-08 3.8835E-08 4.0312E-08 4.1496E-08 4.2379E-08 4.2948E-08 4.3105E-08 4.2650E-08 4.1964E-08 4.1263E-08
