Assets/Resources/2015_m01_d04_0500(utc+0800)_l00_csi_1hr_conc.grd
DSAA
         159         159
     -79.000      79.000
     -79.000      79.000
  0.4884E-10  0.5695E-04
[rows 100 to 124 of 159, columns 0 to 56 of 159]
8.4695E-11 8.5841E-11 8.6994E-11 8.8155E-11 8.9324E-11 9.0501E-11 9.1685E-11 9.2876E-11 9.4074E-11 9.5280E-11 9.6493E-11 9.7712E-11 9.8939E-11 1.0017E-10 1.0141E-10 1.0266E-10 1.0391E-10 1.0517E-10 1.0643E-10 1.0770E-10 1.0898E-10 1.1026E-10 1.1154E-10 1.1283E-10 1.1413E-10 1.1543E-10 1.1674E-10 1.1805E-10 1.1936E-10 1.2068E-10 1.2200E-10 1.2333E-10 1.2466E-10 1.2599E-10 1.2732E-10 1.2866E-10 1.3000E-10 1.3135E-10 1.3269E-10 1.3404E-10 1.3539E-10 1.3674E-10 1.3810E-10 1.3945E-10 1.5521E-10 1.6366E-10 1.7115E-10 1.9147E-10 2.2643E-10 2.4843E-10 2.8033E-10 3.2219E-10 3.5398E-10 4.0368E-10 4.2525E-10 4.6980E-10 5.0494E-10
8.4797E-11 8.5944E-11 8.7098E-11 8.8261E-11 8.9432E-11 9.0610E-11 9.1795E-11 9.2988E-11 9.4188E-11 9.5395E-11 9.6609E-11 9.7830E-11 9.9058E-11 1.0029E-10 1.0153E-10 1.0278E-10 1.0403E-10 1.0529E-10 1.0656E-10 1.0783E-10 1.0911E-10 1.1039E-10 1.1168E-10 1.1297E-10 1.1427E-10 1.1557E-10 1.1688E-10 1.1819E-10 1.1951E-10 1.2083E-10 1.2215E-10 1.2348E-10 1.2481E-10 1.2614E-10 1.2748E-10 1.2882E-10 1.3016E-10 1.3151E-10 1.3286E-10 1.3421E-10 1.3556E-10 1.3691E-10 1.3827E-10 1.3962E-10 1.5537E-10 1.6382E-10 1.7378E-10 1.9911E-10 2.2639E-10 2.5128E-10 2.7704E-10 3.2916E-10 3.5751E-10 3.9539E-10 4.4111E-10 4.7384E-10 5.1134E-10
8.4891E-11 8.6039E-11 8.7196E-11 8.8360E-11 8.9531E-11 9.0711E-11 9.1898E-11 9.3092E-11 9.4293E-11 9.5502E-11 9.6718E-11 9.7940E-11 9.9169E-11 1.0041E-10 1.0165E-10 1.0290E-10 1.0415E-10 1.0541E-10 1.0668E-10 1.0795E-10 1.0923E-10 1.1052E-10 1.1180E-10 1.1310E-10 1.1440E-10 1.1570E-10 1.1701E-10 1.1832E-10 1.1964E-10 1.2096E-10 1.2229E-10 1.2362E-10 1.2495E-10 1.2629E-10 1.2763E-10 1.2897E-10 1.3031E-10 1.3166E-10 1.3301E-10 1.3436E-10 1.3571E-10 1.3707E-10 1.3842E-10 1.3978E-10 1.5381E-10 1.6536E-10 1.7394E-10 2.0115E-10 2.3070E-10 2.5404E-10 2.7980E-10 3.3649E-10 3.6484E-10 3.9895E-10 4.4404E-10 4.7771E-10 5.0269E-10
8.4978E-11 8.6128E-11 8.7285E-11 8.8451E-11 8.9624E-11 9.0804E-11 9.1992E-11 9.3188E-11 9.4391E-11 9.5601E-11 9.6818E-11 9.8041E-11 9.9272E-11 1.0051E-10 1.0175E-10 1.0300E-10 1.0426E-10 1.0552E-10 1.0679E-10 1.0807E-10 1.0935E-10 1.1063E-10 1.1192E-10 1.1322E-10 1.1452E-10 1.1582E-10 1.1713E-10 1.1845E-10 1.1977E-10 1.2109E-10 1.2242E-10 1.2375E-10 1.2508E-10 1.2642E-10 1.2776E-10 1.2910E-10 1.3045E-10 1.3180E-10 1.3315E-10 1.3450E-10 1.3586E-10 1.3721E-10 1.3857E-10 1.3993E-10 1.5394E-10 1.6548E-10 1.7407E-10 2.0494E-10 2.3581E-10 2.5709E-10 2.8851E-10 3.3532E-10 3.6594E-10 3.9258E-10 4.5388E-10 4.8142E-10 5.0641E-10
8.5058E-11 8.6209E-11 8.7368E-11 8.8534E-11 8.9708E-11 9.0890E-11 9.2079E-11 9.3276E-11 9.4480E-11 9.5691E-11 9.6909E-11 9.8135E-11 9.9367E-11 1.0061E-10 1.0185E-10 1.0310E-10 1.0436E-10 1.0562E-10 1.0689E-10 1.0817E-10 1.0945E-10 1.1074E-10 1.1203E-10 1.1333E-10 1.1463E-10 1.1593E-10 1.1725E-10 1.1856E-10 1.1988E-10 1.2121E-10 1.2253E-10 1.2387E-10 1.2520E-10 1.2654E-10 1.2788E-10 1.2923E-10 1.3057E-10 1.3192E-10 1.3328E-10 1.3463E-10 1.3599E-10 1.3734E-10 1.3870E-10 1.4006E-10 1.5241E-10 1.6558E-10 1.7660E-10 2.0833E-10 2.3664E-10 2.5974E-10 2.9100E-10 3.3855E-10 3.6911E-10 4.0179E-10 4.4845E-10 4.8422E-10 5.0994E-10
8.5131E-11 8.6283E-11 8.7443E-11 8.8610E-11 8.9785E-11 9.0968E-11 9.2159E-11 9.3356E-11 9.4561E-11 9.5774E-11 9.6993E-11 9.8219E-11 9.9452E-11 1.0069E-10 1.0194E-10 1.0319E-10 1.0445E-10 1.0571E-10 1.0699E-10 1.0826E-10 1.0954E-10 1.1083E-10 1.1213E-10 1.1342E-10 1.1473E-10 1.1604E-10 1.1735E-10 1.1867E-10 1.1999E-10 1.2131E-10 1.2264E-10 1.2398E-10 1.2531E-10 1.2665E-10 1.2799E-10 1.2934E-10 1.3069E-10 1.3204E-10 1.3339E-10 1.3475E-10 1.3611E-10 1.3747E-10 1.3883E-10 1.4019E-10 1.5396E-10 1.6524E-10 1.7993E-10 2.1106E-10 2.4073E-10 2.6161E-10 2.9862E-10 3.3950E-10 3.7178E-10 4.0915E-10 4.5203E-10 4.8760E-10 5.1774E-10
8.5197E-11 8.6349E-11 8.7510E-11 8.8678E-11 8.9855E-11 9.1038E-11 9.2230E-11 9.3429E-11 9.4635E-11 9.5848E-11 9.7068E-11 9.8296E-11 9.9530E-11 1.0077E-10 1.0202E-10 1.0327E-10 1.0453E-10 1.0580E-10 1.0707E-10 1.0835E-10 1.0963E-10 1.1092E-10 1.1221E-10 1.1351E-10 1.1482E-10 1.1613E-10 1.1744E-10 1.1876E-10 1.2008E-10 1.2141E-10 1.2274E-10 1.2407E-10 1.2541E-10 1.2675E-10 1.2810E-10 1.2944E-10 1.3079E-10 1.3215E-10 1.3350E-10 1.3486E-10 1.3621E-10 1.3757E-10 1.3894E-10 1.4030E-10 1.5244E-10 1.6531E-10 1.8357E-10 2.1443E-10 2.4330E-10 2.6826E-10 2.9999E-10 3.3844E-10 3.7907E-10 4.1189E-10 4.4376E-10 4.8847E-10 5.1872E-10
8.5255E-11 8.6408E-11 8.7570E-11 8.8739E-11 8.9916E-11 9.1101E-11 9.2293E-11 9.3493E-11 9.4700E-11 9.5914E-11 9.7135E-11 9.8364E-11 9.9599E-11 1.0084E-10 1.0209E-10 1.0334E-10 1.0460E-10 1.0587E-10 1.0714E-10 1.0842E-10 1.0971E-10 1.1100E-10 1.1229E-10 1.1359E-10 1.1490E-10 1.1621E-10 1.1752E-10 1.1884E-10 1.2017E-10 1.2149E-10 1.2283E-10 1.2416E-10 1.2550E-10 1.2684E-10 1.2819E-10 1.2953E-10 1.3089E-10 1.3224E-10 1.3359E-10 1.3495E-10 1.3631E-10 1.3767E-10 1.3903E-10 1.4040E-10 1.5251E-10 1.6535E-10 1.8859E-10 2.1704E-10 2.4587E-10 2.7053E-10 3.0148E-10 3.3906E-10 3.7980E-10 4.1994E-10 4.4730E-10 4.9373E-10 5.1953E-10
8.5306E-11 8.6460E-11 8.7622E-11 8.8792E-11 8.9970E-11 9.1156E-11 9.2349E-11 9.3549E-11 9.4757E-11 9.5972E-11 9.7194E-11 9.8423E-11 9.9659E-11 1.0090E-10 1.0215E-10 1.0341E-10 1.0467E-10 1.0594E-10 1.0721E-10 1.0849E-10 1.0977E-10 1.1106E-10 1.1236E-10 1.1366E-10 1.1497E-10 1.1628E-10 1.1760E-10 1.1892E-10 1.2024E-10 1.2157E-10 1.2290E-10 1.2424E-10 1.2558E-10 1.2692E-10 1.2827E-10 1.2961E-10 1.3097E-10 1.3232E-10 1.3368E-10 1.3504E-10 1.3640E-10 1.3776E-10 1.3912E-10 1.4049E-10 1.5099E-10 1.6368E-10 1.9304E-10 2.1797E-10 2.4773E-10 2.7463E-10 3.0433E-10 3.4387E-10 3.7565E-10 4.2058E-10 4.5067E-10 4.7824E-10 5.1699E-10
8.5349E-11 8.6504E-11 8.7667E-11 8.8838E-11 9.0016E-11 9.1202E-11 9.2396E-11 9.3597E-11 9.4806E-11 9.6022E-11 9.7244E-11 9.8474E-11 9.9711E-11 1.0095E-10 1.0220E-10 1.0346E-10 1.0472E-10 1.0599E-10 1.0727E-10 1.0855E-10 1.0983E-10 1.1112E-10 1.1242E-10 1.1372E-10 1.1503E-10 1.1634E-10 1.1766E-10 1.1898E-10 1.2030E-10 1.2163E-10 1.2297E-10 1.2430E-10 1.2564E-10 1.2699E-10 1.2833E-10 1.2968E-10 1.3104E-10 1.3239E-10 1.3375E-10 1.3511E-10 1.3647E-10 1.3783E-10 1.3920E-10 1.4056E-10 1.4947E-10 1.7137E-10 1.9793E-10 2.1577E-10 2.4639E-10 2.7575E-10 3.0500E-10 3.4897E-10 3.8067E-10 4.2642E-10 4.5388E-10 4.7922E-10 5.1751E-10
8.5385E-11 8.6541E-11 8.7704E-11 8.8876E-11 9.0055E-11 9.1242E-11 9.2436E-11 9.3638E-11 9.4847E-11 9.6063E-11 9.7286E-11 9.8517E-11 9.9754E-11 1.0100E-10 1.0225E-10 1.0350E-10 1.0477E-10 1.0604E-10 1.0731E-10 1.0859E-10 1.0988E-10 1.1117E-10 1.1247E-10 1.1377E-10 1.1508E-10 1.1639E-10 1.1771E-10 1.1903E-10 1.2036E-10 1.2169E-10 1.2302E-10 1.2436E-10 1.2570E-10 1.2704E-10 1.2839E-10 1.2974E-10 1.3110E-10 1.3245E-10 1.3381E-10 1.3517E-10 1.3653E-10 1.3789E-10 1.3926E-10 1.4062E-10 1.4805E-10 1.7145E-10 2.0330E-10 2.2039E-10 2.4672E-10 2.8075E-10 3.0794E-10 3.4784E-10 3.8350E-10 4.2959E-10 4.6136E-10 4.7750E-10 5.0883E-10
8.5414E-11 8.6570E-11 8.7734E-11 8.8906E-11 9.0086E-11 9.1273E-11 9.2467E-11 9.3670E-11 9.4879E-11 9.6096E-11 9.7320E-11 9.8551E-11 9.9788E-11 1.0103E-10 1.0228E-10 1.0354E-10 1.0480E-10 1.0607E-10 1.0735E-10 1.0863E-10 1.0992E-10 1.1121E-10 1.1251E-10 1.1381E-10 1.1512E-10 1.1643E-10 1.1775E-10 1.1907E-10 1.2040E-10 1.2173E-10 1.2306E-10 1.2440E-10 1.2574E-10 1.2709E-10 1.2844E-10 1.2979E-10 1.3114E-10 1.3250E-10 1.3386E-10 1.3522E-10 1.3658E-10 1.3794E-10 1.3931E-10 1.4068E-10 1.4502E-10 1.7581E-10 2.0579E-10 2.2075E-10 2.5072E-10 2.8844E-10 3.1289E-10 3.4545E-10 3.8230E-10 4.2413E-10 4.5901E-10 4.7822E-10 4.9757E-10
8.5436E-11 8.6592E-11 8.7756E-11 8.8929E-11 9.0108E-11 9.1296E-11 9.2491E-11 9.3694E-11 9.4904E-11 9.6121E-11 9.7345E-11 9.8576E-11 9.9814E-11 1.0106E-10 1.0231E-10 1.0357E-10 1.0483E-10 1.0610E-10 1.0738E-10 1.0866E-10 1.0995E-10 1.1124E-10 1.1254E-10 1.1384E-10 1.1515E-10 1.1646E-10 1.1778E-10 1.1911E-10 1.2043E-10 1.2176E-10 1.2310E-10 1.2444E-10 1.2578E-10 1.2712E-10 1.2847E-10 1.2982E-10 1.3118E-10 1.3254E-10 1.3389E-10 1.3526E-10 1.3662E-10 1.3798E-10 1.3935E-10 1.4072E-10 1.4208E-10 1.7670E-10 2.0855E-10 2.2107E-10 2.5073E-10 2.9197E-10 3.1784E-10 3.4214E-10 3.8547E-10 4.2935E-10 4.5747E-10 4.7878E-10 4.9809E-10
8.5450E-11 8.6607E-11 8.7771E-11 8.8944E-11 9.0124E-11 9.1312E-11 9.2507E-11 9.3710E-11 9.4920E-11 9.6138E-11 9.7362E-11 9.8593E-11 9.9832E-11 1.0108E-10 1.0233E-10 1.0359E-10 1.0485E-10 1.0612E-10 1.0740E-10 1.0868E-10 1.0997E-10 1.1126E-10 1.1256E-10 1.1386E-10 1.1517E-10 1.1649E-10 1.1780E-10 1.1913E-10 1.2045E-10 1.2179E-10 1.2312E-10 1.2446E-10 1.2580E-10 1.2715E-10 1.2850E-10 1.2985E-10 1.3120E-10 1.3256E-10 1.3392E-10 1.3528E-10 1.3664E-10 1.3801E-10 1.3938E-10 1.4074E-10 1.4211E-10 1.8378E-10 2.1307E-10 2.1953E-10 2.5636E-10 2.9473E-10 3.1410E-10 3.4968E-10 3.9630E-10 4.3014E-10 4.4940E-10 4.7919E-10 4.9591E-10
8.5457E-11 8.6613E-11 8.7778E-11 8.8951E-11 9.0131E-11 9.1319E-11 9.2515E-11 9.3718E-11 9.4928E-11 9.6146E-11 9.7371E-11 9.8602E-11 9.9841E-11 1.0109E-10 1.0234E-10 1.0360E-10 1.0486E-10 1.0613E-10 1.0741E-10 1.0869E-10 1.0998E-10 1.1127E-10 1.1257E-10 1.1387E-10 1.1518E-10 1.1650E-10 1.1782E-10 1.1914E-10 1.2047E-10 1.2180E-10 1.2313E-10 1.2447E-10 1.2582E-10 1.2716E-10 1.2851E-10 1.2986E-10 1.3122E-10 1.3257E-10 1.3393E-10 1.3530E-10 1.3666E-10 1.3802E-10 1.3939E-10 1.4076E-10 1.4386E-10 1.8476E-10 2.1169E-10 2.1978E-10 2.5915E-10 2.9779E-10 3.1458E-10 3.5019E-10 3.9627E-10 4.3077E-10 4.4997E-10 4.7642E-10 4.9616E-10
8.5456E-11 8.6613E-11 8.7778E-11 8.8950E-11 9.0131E-11 9.1319E-11 9.2515E-11 9.3718E-11 9.4928E-11 9.6146E-11 9.7371E-11 9.8602E-11 9.9841E-11 1.0109E-10 1.0234E-10 1.0360E-10 1.0486E-10 1.0613E-10 1.0741E-10 1.0869E-10 1.0998E-10 1.1127E-10 1.1257E-10 1.1388E-10 1.1518E-10 1.1650E-10 1.1782E-10 1.1914E-10 1.2047E-10 1.2180E-10 1.2314E-10 1.2447E-10 1.2582E-10 1.2716E-10 1.2851E-10 1.2986E-10 1.3122E-10 1.3258E-10 1.3394E-10 1.3530E-10 1.3666E-10 1.3803E-10 1.3939E-10 1.4076E-10 1.4904E-10 1.8714E-10 2.1194E-10 2.1999E-10 2.6503E-10 3.0059E-10 3.1497E-10 3.5318E-10 3.9793E-10 4.2942E-10 4.5040E-10 4.6580E-10 4.9626E-10
8.5448E-11 8.6605E-11 8.7770E-11 8.8942E-11 9.0123E-11 9.1311E-11 9.2506E-11 9.3709E-11 9.4920E-11 9.6138E-11 9.7362E-11 9.8594E-11 9.9832E-11 1.0108E-10 1.0233E-10 1.0359E-10 1.0485E-10 1.0612E-10 1.0740E-10 1.0868E-10 1.0997E-10 1.1126E-10 1.1256E-10 1.1387E-10 1.1518E-10 1.1649E-10 1.1781E-10 1.1913E-10 1.2046E-10 1.2179E-10 1.2313E-10 1.2447E-10 1.2581E-10 1.2715E-10 1.2850E-10 1.2986E-10 1.3121E-10 1.3257E-10 1.3393E-10 1.3529E-10 1.3665E-10 1.3802E-10 1.3938E-10 1.4075E-10 1.5155E-10 1.9184E-10 2.1054E-10 2.1846E-10 2.6760E-10 2.9931E-10 3.1351E-10 3.5212E-10 4.0516E-10 4.2688E-10 4.4629E-10 4.6609E-10 4.9314E-10
8.5433E-11 8.6590E-11 8.7754E-11 8.8927E-11 9.0107E-11 9.1295E-11 9.2490E-11 9.3693E-11 9.4903E-11 9.6121E-11 9.7346E-11 9.8577E-11 9.9815E-11 1.0106E-10 1.0231E-10 1.0357E-10 1.0483E-10 1.0610E-10 1.0738E-10 1.0866E-10 1.0995E-10 1.1125E-10 1.1254E-10 1.1385E-10 1.1516E-10 1.1647E-10 1.1779E-10 1.1911E-10 1.2044E-10 1.2177E-10 1.2311E-10 1.2445E-10 1.2579E-10 1.2713E-10 1.2848E-10 1.2983E-10 1.3119E-10 1.3255E-10 1.3391E-10 1.3527E-10 1.3663E-10 1.3800E-10 1.3936E-10 1.4073E-10 1.5636E-10 1.9474E-10 2.1072E-10 2.2392E-10 2.6656E-10 2.9963E-10 3.1376E-10 3.5830E-10 4.0615E-10 4.2541E-10 4.4653E-10 4.6623E-10 4.8435E-10
8.5410E-11 8.6567E-11 8.7731E-11 8.8903E-11 9.0083E-11 9.1271E-11 9.2466E-11 9.3669E-11 9.4879E-11 9.6096E-11 9.7320E-11 9.8552E-11 9.9790E-11 1.0103E-10 1.0229E-10 1.0354E-10 1.0481E-10 1.0608E-10 1.0735E-10 1.0864E-10 1.0992E-10 1.1122E-10 1.1252E-10 1.1382E-10 1.1513E-10 1.1644E-10 1.1776E-10 1.1908E-10 1.2041E-10 1.2174E-10 1.2308E-10 1.2441E-10 1.2576E-10 1.2710E-10 1.2845E-10 1.2980E-10 1.3116E-10 1.3251E-10 1.3387E-10 1.3523E-10 1.3660E-10 1.3796E-10 1.3933E-10 1.4070E-10 1.6112E-10 1.9339E-10 2.0928E-10 2.2682E-10 2.6968E-10 2.9824E-10 3.1023E-10 3.5775E-10 4.0409E-10 4.2357E-10 4.4476E-10 4.6376E-10 4.8214E-10
8.5380E-11 8.6536E-11 8.7700E-11 8.8872E-11 9.0052E-11 9.1239E-11 9.2434E-11 9.3636E-11 9.4846E-11 9.6063E-11 9.7287E-11 9.8518E-11 9.9756E-11 1.0100E-10 1.0225E-10 1.0351E-10 1.0477E-10 1.0604E-10 1.0732E-10 1.0860E-10 1.0989E-10 1.1118E-10 1.1248E-10 1.1378E-10 1.1509E-10 1.1640E-10 1.1772E-10 1.1904E-10 1.2037E-10 1.2170E-10 1.2304E-10 1.2437E-10 1.2572E-10 1.2706E-10 1.2841E-10 1.2976E-10 1.3111E-10 1.3247E-10 1.3383E-10 1.3519E-10 1.3655E-10 1.3792E-10 1.3928E-10 1.4065E-10 1.6731E-10 1.9205E-10 2.0940E-10 2.3425E-10 2.6931E-10 2.9662E-10 3.1418E-10 3.5767E-10 4.0076E-10 4.2195E-10 4.4187E-10 4.6172E-10 4.8197E-10
8.5343E-11 8.6499E-11 8.7662E-11 8.8833E-11 9.0013E-11 9.1200E-11 9.2394E-11 9.3596E-11 9.4805E-11 9.6021E-11 9.7245E-11 9.8475E-11 9.9713E-11 1.0096E-10 1.0221E-10 1.0346E-10 1.0473E-10 1.0600E-10 1.0727E-10 1.0855E-10 1.0984E-10 1.1113E-10 1.1243E-10 1.1373E-10 1.1504E-10 1.1635E-10 1.1767E-10 1.1899E-10 1.2032E-10 1.2165E-10 1.2298E-10 1.2432E-10 1.2566E-10 1.2701E-10 1.2836E-10 1.2971E-10 1.3106E-10 1.3242E-10 1.3377E-10 1.3513E-10 1.3650E-10 1.3786E-10 1.3923E-10 1.4059E-10 1.6963E-10 1.9071E-10 2.0793E-10 2.3529E-10 2.6804E-10 2.9516E-10 3.1887E-10 3.5784E-10 4.0093E-10 4.2199E-10 4.3790E-10 4.6152E-10 4.7917E-10
8.5298E-11 8.6453E-11 8.7616E-11 8.8787E-11 8.9966E-11 9.1152E-11 9.2346E-11 9.3547E-11 9.4756E-11 9.5972E-11 9.7195E-11 9.8424E-11 9.9661E-11 1.0090E-10 1.0215E-10 1.0341E-10 1.0467E-10 1.0594E-10 1.0722E-10 1.0850E-10 1.0978E-10 1.1108E-10 1.1237E-10 1.1368E-10 1.1498E-10 1.1629E-10 1.1761E-10 1.1893E-10 1.2026E-10 1.2159E-10 1.2292E-10 1.2426E-10 1.2560E-10 1.2694E-10 1.2829E-10 1.2964E-10 1.3099E-10 1.3235E-10 1.3371E-10 1.3507E-10 1.3643E-10 1.3779E-10 1.3916E-10 1.4052E-10 1.7403E-10 1.8937E-10 2.0799E-10 2.3988E-10 2.6254E-10 2.9364E-10 3.2482E-10 3.5436E-10 3.9932E-10 4.1784E-10 4.3776E-10 4.5644E-10 4.7679E-10
8.5246E-11 8.6401E-11 8.7563E-11 8.8733E-11 8.9911E-11 9.1097E-11 9.2290E-11 9.3491E-11 9.4699E-11 9.5914E-11 9.7136E-11 9.8365E-11 9.9601E-11 1.0084E-10 1.0209E-10 1.0335E-10 1.0461E-10 1.0588E-10 1.0715E-10 1.0843E-10 1.0972E-10 1.1101E-10 1.1231E-10 1.1361E-10 1.1491E-10 1.1623E-10 1.1754E-10 1.1886E-10 1.2019E-10 1.2152E-10 1.2285E-10 1.2419E-10 1.2553E-10 1.2687E-10 1.2822E-10 1.2957E-10 1.3092E-10 1.3227E-10 1.3363E-10 1.3499E-10 1.3635E-10 1.3771E-10 1.3908E-10 1.4629E-10 1.7416E-10 1.8561E-10 2.0648E-10 2.4290E-10 2.5835E-10 2.9040E-10 3.2566E-10 3.5452E-10 3.9588E-10 4.1585E-10 4.3573E-10 4.5607E-10 4.7333E-10
8.5187E-11 8.6340E-11 8.7502E-11 8.8671E-11 8.9849E-11 9.1034E-11 9.2226E-11 9.3426E-11 9.4633E-11 9.5848E-11 9.7069E-11 9.8297E-11 9.9533E-11 1.0077E-10 1.0202E-10 1.0328E-10 1.0454E-10 1.0581E-10 1.0708E-10 1.0836E-10 1.0964E-10 1.1093E-10 1.1223E-10 1.1353E-10 1.1484E-10 1.1615E-10 1.1746E-10 1.1878E-10 1.2011E-10 1.2143E-10 1.2277E-10 1.2410E-10 1.2544E-10 1.2678E-10 1.2813E-10 1.2948E-10 1.3083E-10 1.3218E-10 1.3354E-10 1.3490E-10 1.3626E-10 1.3762E-10 1.3898E-10 1.5258E-10 1.7427E-10 1.8427E-10 2.0497E-10 2.4529E-10 2.5688E-10 2.9041E-10 3.2866E-10 3.5291E-10 3.9044E-10 4.1393E-10 4.3304E-10 4.5171E-10 4.7275E-10
8.5120E-11 8.6273E-11 8.7434E-11 8.8602E-11 8.9779E-11 9.0963E-11 9.2154E-11 9.3353E-11 9.4560E-11 9.5773E-11 9.6994E-11 9.8221E-11 9.9456E-11 1.0070E-10 1.0194E-10 1.0320E-10 1.0446E-10 1.0572E-10 1.0700E-10 1.0828E-10 1.0956E-10 1.1085E-10 1.1214E-10 1.1344E-10 1.1475E-10 1.1606E-10 1.1737E-10 1.1869E-10 1.2001E-10 1.2134E-10 1.2267E-10 1.2401E-10 1.2534E-10 1.2669E-10 1.2803E-10 1.2938E-10 1.3073E-10 1.3208E-10 1.3344E-10 1.3479E-10 1.3615E-10 1.3751E-10 1.3888E-10 1.6166E-10 1.7435E-10 1.7910E-10 2.0518E-10 2.4574E-10 2.5699E-10 2.8717E-10 3.3158E-10 3.5313E-10 3.8871E-10 4.1184E-10 4.2900E-10 4.5114E-10 4.7018E-10
