Assets/Resources/2015_m01_d22_0700(utc+0800)_l00_csi_1hr_conc.grd
DSAA
         159         159
     -79.000      79.000
     -79.000      79.000
  0.0000E+00  0.2346E-04
[rows 25 to 49 of 159, columns 57 to 113 of 159]
0.0000E+00 0.0000E+00 0.0000E+00 0.0000E+00 0.0000E+00 0.0000E+00 0.0000E+00 0.0000E+00 0.0000E+00 0.0000E+00 0.0000E+00 0.0000E+00 0.0000E+00 0.0000E+00 0.0000E+00 0.0000E+00 0.0000E+00 0.0000E+00 0.0000E+00 0.0000E+00 1.5228E-11 3.7973E-11 6.5445E-11 7.7799E-11 1.1737E-10 1.5085E-10 1.8996E-10 2.1741E-10 2.3629E-10 2.5007E-10 2.6373E-10 2.7749E-10 2.8803E-10 2.9958E-10 3.1145E-10 3.2351E-10 3.3631E-10 3.4867E-10 3.6193E-10 3.7565E-10 3.8917E-10 4.0353E-10 4.1799E-10 4.3295E-10 4.4806E-10 4.6365E-10 4.7911E-10 4.9484E-10 5.1367E-10 5.3226E-10 5.5175E-10 5.6931E-10 5.9111E-10 6.1221E-10 6.3203E-10 6.5109E-10 6.7226E-10
0.0000E+00 0.0000E+00 0.0000E+00 0.0000E+00 0.0000E+00 0.0000E+00 0.0000E+00 0.0000E+00 0.0000E+00 0.0000E+00 0.0000E+00 0.0000E+00 0.0000E+00 0.0000E+00 0.0000E+00 0.0000E+00 0.0000E+00 0.0000E+00 0.0000E+00 0.0000E+00 2.1389E-11 4.4617E-11 6.5970E-11 8.3537E-11 1.1837E-10 1.6438E-10 1.9724E-10 2.2537E-10 2.3910E-10 2.5300E-10 2.6700E-10 2.8052E-10 2.9171E-10 3.0365E-10 3.1555E-10 3.2836E-10 3.4067E-10 3.5391E-10 3.6765E-10 3.8114E-10 3.9554E-10 4.1022E-10 4.2509E-10 4.4052E-10 4.5612E-10 4.7176E-10 4.8972E-10 5.0894E-10 5.2883E-10 5.5056E-10 5.7585E-10 5.9680E-10 6.1625E-10 6.3472E-10 6.5608E-10 6.7627E-10 6.9811E-10
0.0000E+00 0.0000E+00 0.0000E+00 0.0000E+00 0.0000E+00 0.0000E+00 0.0000E+00 0.0000E+00 0.0000E+00 0.0000E+00 0.0000E+00 0.0000E+00 0.0000E+00 0.0000E+00 0.0000E+00 0.0000E+00 0.0000E+00 0.0000E+00 0.0000E+00 0.0000E+00 2.1502E-11 5.4504E-11 7.3134E-11 8.9344E-11 1.3129E-10 1.7284E-10 2.0656E-10 2.2785E-10 2.4179E-10 2.5633E-10 2.6979E-10 2.8377E-10 2.9552E-10 3.0731E-10 3.2015E-10 3.3239E-10 3.4554E-10 3.5928E-10 3.7272E-10 3.8710E-10 4.0192E-10 4.1671E-10 4.3233E-10 4.4793E-10 4.6470E-10 4.8382E-10 5.0663E-10 5.3358E-10 5.5532E-10 5.7466E-10 5.9429E-10 6.1619E-10 6.3825E-10 6.6123E-10 6.8383E-10 7.0529E-10 7.2895E-10
0.0000E+00 0.0000E+00 0.0000E+00 0.0000E+00 0.0000E+00 0.0000E+00 0.0000E+00 0.0000E+00 0.0000E+00 0.0000E+00 0.0000E+00 0.0000E+00 0.0000E+00 0.0000E+00 0.0000E+00 0.0000E+00 0.0000E+00 0.0000E+00 0.0000E+00 0.0000E+00 2.7806E-11 6.1384E-11 7.8727E-11 9.6416E-11 1.4784E-10 1.8675E-10 2.1409E-10 2.3033E-10 2.4530E-10 2.5898E-10 2.7266E-10 2.8725E-10 2.9885E-10 3.1164E-10 3.2388E-10 3.3684E-10 3.5057E-10 3.6392E-10 3.7830E-10 3.9317E-10 4.0791E-10 4.2361E-10 4.3919E-10 4.5798E-10 4.8433E-10 5.0902E-10 5.3036E-10 5.4990E-10 5.6985E-10 5.9171E-10 6.1471E-10 6.3885E-10 6.6180E-10 6.8871E-10 7.1611E-10 7.4003E-10 7.6299E-10
0.0000E+00 0.0000E+00 0.0000E+00 0.0000E+00 0.0000E+00 0.0000E+00 0.0000E+00 0.0000E+00 0.0000E+00 0.0000E+00 0.0000E+00 0.0000E+00 0.0000E+00 0.0000E+00 0.0000E+00 0.0000E+00 0.0000E+00 0.0000E+00 0.0000E+00 0.0000E+00 3.4225E-11 6.1787E-11 7.9309E-11 1.0236E-10 1.5588E-10 1.9547E-10 2.1657E-10 2.3290E-10 2.4783E-10 2.6148E-10 2.7572E-10 2.9037E-10 3.0274E-10 3.1515E-10 3.2783E-10 3.4156E-10 3.5479E-10 3.6915E-10 3.8399E-10 3.9869E-10 4.1437E-10 4.3258E-10 4.5770E-10 4.8187E-10 5.0385E-10 5.2367E-10 5.4371E-10 5.6477E-10 5.8868E-10 6.1337E-10 6.4085E-10 6.7324E-10 6.9986E-10 7.2425E-10 7.4884E-10 7.7101E-10 7.9687E-10
0.0000E+00 0.0000E+00 0.0000E+00 0.0000E+00 0.0000E+00 0.0000E+00 0.0000E+00 0.0000E+00 0.0000E+00 0.0000E+00 0.0000E+00 0.0000E+00 0.0000E+00 0.0000E+00 0.0000E+00 0.0000E+00 0.0000E+00 0.0000E+00 0.0000E+00 0.0000E+00 4.0763E-11 6.8827E-11 8.5009E-11 1.1483E-10 1.6937E-10 2.0259E-10 2.1857E-10 2.3533E-10 2.4990E-10 2.6418E-10 2.7862E-10 2.9374E-10 3.0619E-10 3.1856E-10 3.3229E-10 3.4542E-10 3.5963E-10 3.7444E-10 3.8904E-10 4.0683E-10 4.2859E-10 4.5257E-10 4.7786E-10 4.9926E-10 5.1986E-10 5.4084E-10 5.6444E-10 5.9168E-10 6.2498E-10 6.5393E-10 6.7947E-10 7.0497E-10 7.3093E-10 7.5466E-10 7.8215E-10 8.0962E-10 8.3688E-10
0.0000E+00 0.0000E+00 0.0000E+00 0.0000E+00 0.0000E+00 0.0000E+00 0.0000E+00 0.0000E+00 0.0000E+00 0.0000E+00 0.0000E+00 0.0000E+00 0.0000E+00 0.0000E+00 0.0000E+00 0.0000E+00 0.0000E+00 0.0000E+00 0.0000E+00 5.8537E-12 4.7417E-11 7.4295E-11 9.0778E-11 1.2220E-10 1.7598E-10 2.0441E-10 2.2061E-10 2.3429E-10 2.5199E-10 2.6679E-10 2.8140E-10 2.9709E-10 3.0913E-10 3.2268E-10 3.3583E-10 3.4978E-10 3.6476E-10 3.8340E-10 4.0498E-10 4.2468E-10 4.4850E-10 4.7198E-10 4.9228E-10 5.1336E-10 5.3525E-10 5.6560E-10 5.9757E-10 6.2637E-10 6.5296E-10 6.7924E-10 7.0656E-10 7.3533E-10 7.6454E-10 7.9324E-10 8.2253E-10 8.5210E-10 8.8145E-10
0.0000E+00 0.0000E+00 0.0000E+00 0.0000E+00 0.0000E+00 0.0000E+00 0.0000E+00 0.0000E+00 0.0000E+00 0.0000E+00 0.0000E+00 0.0000E+00 0.0000E+00 0.0000E+00 0.0000E+00 0.0000E+00 0.0000E+00 0.0000E+00 0.0000E+00 1.1815E-11 5.4188E-11 7.9835E-11 9.1383E-11 1.2836E-10 1.8444E-10 2.0618E-10 2.2226E-10 2.3626E-10 2.5480E-10 2.6908E-10 2.8449E-10 2.9966E-10 3.1284E-10 3.2604E-10 3.4227E-10 3.5942E-10 3.7807E-10 3.9826E-10 4.2182E-10 4.4613E-10 4.6855E-10 4.8952E-10 5.1149E-10 5.3973E-10 5.7141E-10 6.0107E-10 6.2903E-10 6.5091E-10 6.7944E-10 7.0991E-10 7.3944E-10 7.6965E-10 8.0065E-10 8.3215E-10 8.6832E-10 9.1706E-10 9.4822E-10
0.0000E+00 0.0000E+00 0.0000E+00 0.0000E+00 0.0000E+00 0.0000E+00 0.0000E+00 0.0000E+00 0.0000E+00 0.0000E+00 0.0000E+00 0.0000E+00 0.0000E+00 0.0000E+00 0.0000E+00 0.0000E+00 0.0000E+00 0.0000E+00 0.0000E+00 1.1833E-11 6.1074E-11 8.0299E-11 9.7256E-11 1.4126E-10 1.9305E-10 2.0799E-10 2.2122E-10 2.3923E-10 2.5697E-10 2.7185E-10 2.8704E-10 3.0047E-10 3.1965E-10 3.3402E-10 3.5213E-10 3.7098E-10 3.9108E-10 4.1508E-10 4.3940E-10 4.6148E-10 4.8555E-10 5.1150E-10 5.4350E-10 5.7581E-10 6.0704E-10 6.3546E-10 6.6461E-10 6.9671E-10 7.2730E-10 7.5895E-10 7.9081E-10 8.2785E-10 8.6808E-10 9.0563E-10 9.4334E-10 9.7544E-10 1.0114E-09
0.0000E+00 0.0000E+00 0.0000E+00 0.0000E+00 0.0000E+00 0.0000E+00 0.0000E+00 0.0000E+00 0.0000E+00 0.0000E+00 0.0000E+00 0.0000E+00 0.0000E+00 0.0000E+00 0.0000E+00 0.0000E+00 0.0000E+00 0.0000E+00 0.0000E+00 1.7911E-11 6.6397E-11 8.2815E-11 1.0320E-10 1.5593E-10 1.9446E-10 2.0684E-10 2.2378E-10 2.4091E-10 2.5901E-10 2.7526E-10 2.8926E-10 3.0597E-10 3.2508E-10 3.4459E-10 3.6358E-10 3.8377E-10 4.0916E-10 4.3435E-10 4.5981E-10 4.8700E-10 5.1512E-10 5.4692E-10 5.7633E-10 6.0663E-10 6.3556E-10 6.6739E-10 7.0094E-10 7.3615E-10 7.6967E-10 8.1425E-10 8.5108E-10 8.9085E-10 9.3141E-10 9.6985E-10 1.0092E-09 1.0482E-09 1.0856E-09
0.0000E+00 0.0000E+00 0.0000E+00 0.0000E+00 0.0000E+00 0.0000E+00 0.0000E+00 0.0000E+00 0.0000E+00 0.0000E+00 0.0000E+00 0.0000E+00 0.0000E+00 0.0000E+00 0.0000E+00 0.0000E+00 0.0000E+00 0.0000E+00 0.0000E+00 3.0351E-11 6.6708E-11 8.8531E-11 1.0382E-10 1.6388E-10 1.9570E-10 2.0821E-10 2.2524E-10 2.4339E-10 2.6391E-10 2.7940E-10 2.9285E-10 3.1126E-10 3.3475E-10 3.5613E-10 3.7764E-10 4.0478E-10 4.3219E-10 4.5737E-10 4.8524E-10 5.1343E-10 5.4696E-10 5.8020E-10 6.1083E-10 6.4239E-10 6.7736E-10 7.1537E-10 7.5720E-10 7.9343E-10 8.3179E-10 8.7320E-10 9.0817E-10 9.5189E-10 9.9430E-10 1.0371E-09 1.0800E-09 1.1419E-09 1.1848E-09
0.0000E+00 0.0000E+00 0.0000E+00 0.0000E+00 0.0000E+00 0.0000E+00 0.0000E+00 0.0000E+00 0.0000E+00 0.0000E+00 0.0000E+00 0.0000E+00 0.0000E+00 0.0000E+00 0.0000E+00 0.0000E+00 0.0000E+00 0.0000E+00 0.0000E+00 4.3195E-11 7.2125E-11 8.9010E-11 1.0685E-10 1.6896E-10 1.9043E-10 2.1000E-10 2.2854E-10 2.4766E-10 2.6649E-10 2.7938E-10 2.9811E-10 3.2082E-10 3.4615E-10 3.7165E-10 4.0008E-10 4.2761E-10 4.5414E-10 4.8273E-10 5.1183E-10 5.4516E-10 5.8394E-10 6.1690E-10 6.5478E-10 6.9532E-10 7.3831E-10 7.7598E-10 8.1542E-10 8.5863E-10 9.0141E-10 9.4346E-10 9.8755E-10 1.0330E-09 1.0910E-09 1.1399E-09 1.1822E-09 1.2280E-09 1.2729E-09
0.0000E+00 0.0000E+00 0.0000E+00 0.0000E+00 0.0000E+00 0.0000E+00 0.0000E+00 0.0000E+00 0.0000E+00 0.0000E+00 0.0000E+00 0.0000E+00 0.0000E+00 0.0000E+00 0.0000E+00 0.0000E+00 0.0000E+00 0.0000E+00 0.0000E+00 4.9822E-11 7.7617E-11 9.4824E-11 1.0756E-10 1.7721E-10 1.9244E-10 2.1090E-10 2.3138E-10 2.4983E-10 2.6414E-10 2.8666E-10 3.0716E-10 3.3368E-10 3.6062E-10 3.8978E-10 4.2215E-10 4.5206E-10 4.8225E-10 5.1365E-10 5.4980E-10 5.8694E-10 6.3080E-10 6.7275E-10 7.1053E-10 7.4899E-10 7.8855E-10 8.3151E-10 8.7755E-10 9.2595E-10 9.7382E-10 1.0327E-09 1.0821E-09 1.1338E-09 1.1843E-09 1.2350E-09 1.2806E-09 1.3297E-09 1.3777E-09
0.0000E+00 0.0000E+00 0.0000E+00 0.0000E+00 0.0000E+00 0.0000E+00 0.0000E+00 0.0000E+00 0.0000E+00 0.0000E+00 0.0000E+00 0.0000E+00 0.0000E+00 0.0000E+00 0.0000E+00 0.0000E+00 0.0000E+00 0.0000E+00 0.0000E+00 5.6565E-11 8.3184E-11 1.0071E-10 1.0830E-10 1.7968E-10 1.9571E-10 2.1256E-10 2.3154E-10 2.5134E-10 2.7183E-10 2.9670E-10 3.2023E-10 3.4663E-10 3.7721E-10 4.1884E-10 4.5522E-10 4.9178E-10 5.2690E-10 5.6923E-10 6.1884E-10 6.6197E-10 7.0179E-10 7.4108E-10 7.8132E-10 8.2365E-10 8.7268E-10 9.2436E-10 9.7508E-10 1.0319E-09 1.0832E-09 1.1379E-09 1.1917E-09 1.2453E-09 1.2993E-09 1.3534E-09 1.4065E-09 1.4580E-09 1.5081E-09
0.0000E+00 0.0000E+00 0.0000E+00 0.0000E+00 0.0000E+00 0.0000E+00 0.0000E+00 0.0000E+00 0.0000E+00 0.0000E+00 0.0000E+00 0.0000E+00 0.0000E+00 0.0000E+00 0.0000E+00 0.0000E+00 0.0000E+00 0.0000E+00 0.0000E+00 5.5905E-11 8.8822E-11 1.0128E-10 1.1098E-10 1.8199E-10 1.9726E-10 2.1652E-10 2.3591E-10 2.5637E-10 2.8318E-10 3.0802E-10 3.3250E-10 3.6475E-10 4.0356E-10 4.4416E-10 4.8507E-10 5.2952E-10 5.7825E-10 6.2850E-10 6.6958E-10 7.1165E-10 7.5683E-10 8.0096E-10 8.5041E-10 9.0901E-10 9.6658E-10 1.0196E-09 1.0734E-09 1.1302E-09 1.1883E-09 1.2459E-09 1.3039E-09 1.3568E-09 1.4155E-09 1.4740E-09 1.5311E-09 1.5863E-09 1.6397E-09
0.0000E+00 0.0000E+00 0.0000E+00 0.0000E+00 0.0000E+00 0.0000E+00 0.0000E+00 0.0000E+00 0.0000E+00 0.0000E+00 0.0000E+00 0.0000E+00 0.0000E+00 0.0000E+00 0.0000E+00 0.0000E+00 0.0000E+00 0.0000E+00 0.0000E+00 6.1173E-11 8.9308E-11 1.0424E-10 1.1273E-10 1.8486E-10 2.0199E-10 2.2081E-10 2.4129E-10 2.6755E-10 2.9442E-10 3.2138E-10 3.4937E-10 3.8942E-10 4.3008E-10 4.7837E-10 5.2655E-10 5.8144E-10 6.3513E-10 6.7938E-10 7.2443E-10 7.7232E-10 8.2924E-10 8.9107E-10 9.4519E-10 1.0002E-09 1.0563E-09 1.1145E-09 1.1765E-09 1.2385E-09 1.3011E-09 1.3644E-09 1.4277E-09 1.4910E-09 1.5543E-09 1.6169E-09 1.6776E-09 1.7308E-09 1.7875E-09
0.0000E+00 0.0000E+00 0.0000E+00 0.0000E+00 0.0000E+00 0.0000E+00 0.0000E+00 0.0000E+00 0.0000E+00 0.0000E+00 0.0000E+00 0.0000E+00 0.0000E+00 0.0000E+00 0.0000E+00 0.0000E+00 0.0000E+00 0.0000E+00 0.0000E+00 6.0863E-11 9.7437E-11 1.0551E-10 1.1621E-10 1.8280E-10 2.0584E-10 2.2929E-10 2.5246E-10 2.7853E-10 3.0822E-10 3.3342E-10 3.7487E-10 4.1772E-10 4.6611E-10 5.2028E-10 5.8399E-10 6.5299E-10 7.0915E-10 7.6417E-10 8.2444E-10 8.8822E-10 9.5193E-10 1.0138E-09 1.0733E-09 1.1339E-09 1.1968E-09 1.2631E-09 1.3288E-09 1.3957E-09 1.4540E-09 1.5220E-09 1.5901E-09 1.6578E-09 1.7251E-09 1.7911E-09 1.8546E-09 1.9153E-09 1.9735E-09
0.0000E+00 0.0000E+00 0.0000E+00 0.0000E+00 0.0000E+00 0.0000E+00 0.0000E+00 0.0000E+00 0.0000E+00 0.0000E+00 0.0000E+00 0.0000E+00 0.0000E+00 0.0000E+00 0.0000E+00 0.0000E+00 0.0000E+00 0.0000E+00 2.3513E-13 6.8547E-11 9.8391E-11 1.0977E-10 1.1985E-10 1.8644E-10 2.1293E-10 2.3675E-10 2.6344E-10 2.9467E-10 3.2495E-10 3.6123E-10 4.0702E-10 4.6312E-10 5.2025E-10 5.7735E-10 6.4760E-10 7.1420E-10 7.8213E-10 8.4957E-10 9.1766E-10 9.8395E-10 1.0503E-09 1.1187E-09 1.1874E-09 1.2566E-09 1.3276E-09 1.3993E-09 1.4721E-09 1.5457E-09 1.6200E-09 1.6938E-09 1.7669E-09 1.8391E-09 1.9011E-09 1.9715E-09 2.0386E-09 2.1025E-09 2.1634E-09
0.0000E+00 0.0000E+00 0.0000E+00 0.0000E+00 0.0000E+00 0.0000E+00 0.0000E+00 0.0000E+00 0.0000E+00 0.0000E+00 0.0000E+00 0.0000E+00 0.0000E+00 0.0000E+00 0.0000E+00 0.0000E+00 0.0000E+00 2.3020E-14 2.3509E-12 6.8671E-11 9.9576E-11 1.0986E-10 1.2727E-10 1.8663E-10 2.2157E-10 2.5053E-10 2.8027E-10 3.1262E-10 3.4850E-10 4.0716E-10 4.5652E-10 5.0968E-10 5.6616E-10 6.3653E-10 7.1463E-10 7.9039E-10 8.6810E-10 9.4273E-10 1.0162E-09 1.0890E-09 1.1635E-09 1.2405E-09 1.3206E-09 1.3987E-09 1.4767E-09 1.5562E-09 1.6369E-09 1.7179E-09 1.7992E-09 1.8794E-09 1.9584E-09 2.0358E-09 2.1119E-09 2.1854E-09 2.2483E-09 2.3117E-09 2.3749E-09
0.0000E+00 0.0000E+00 0.0000E+00 0.0000E+00 0.0000E+00 0.0000E+00 0.0000E+00 0.0000E+00 0.0000E+00 0.0000E+00 0.0000E+00 0.0000E+00 0.0000E+00 0.0000E+00 0.0000E+00 0.0000E+00 0.0000E+00 2.0478E-12 3.0914E-12 7.8445E-11 1.0263E-10 1.1208E-10 1.4371E-10 1.9487E-10 2.3334E-10 2.6338E-10 3.0030E-10 3.4110E-10 3.9386E-10 4.4688E-10 5.0269E-10 5.6047E-10 6.2623E-10 7.0748E-10 7.9155E-10 8.8856E-10 9.8312E-10 1.0708E-09 1.1543E-09 1.2375E-09 1.3221E-09 1.4107E-09 1.5003E-09 1.5884E-09 1.6749E-09 1.7623E-09 1.8504E-09 1.9278E-09 2.0157E-09 2.1017E-09 2.1752E-09 2.2578E-09 2.3385E-09 2.4157E-09 2.4879E-09 2.5558E-09 2.6137E-09
0.0000E+00 0.0000E+00 0.0000E+00 0.0000E+00 0.0000E+00 0.0000E+00 0.0000E+00 0.0000E+00 0.0000E+00 0.0000E+00 0.0000E+00 0.0000E+00 0.0000E+00 0.0000E+00 0.0000E+00 0.0000E+00 1.6087E-12 2.9877E-12 6.9209E-12 7.5118E-11 1.0504E-10 1.2180E-10 1.5169E-10 2.0424E-10 2.5144E-10 2.9091E-10 3.3167E-10 3.7865E-10 4.3465E-10 4.9241E-10 5.5284E-10 6.2349E-10 7.2132E-10 8.1095E-10 9.0492E-10 9.9989E-10 1.0976E-09 1.1960E-09 1.2927E-09 1.3881E-09 1.4853E-09 1.5848E-09 1.6842E-09 1.7850E-09 1.8814E-09 1.9780E-09 2.0750E-09 2.1705E-09 2.2649E-09 2.3564E-09 2.4448E-09 2.5206E-09 2.6040E-09 2.6726E-09 2.7473E-09 2.8169E-09 2.8817E-09
0.0000E+00 0.0000E+00 0.0000E+00 0.0000E+00 0.0000E+00 0.0000E+00 0.0000E+00 0.0000E+00 0.0000E+00 0.0000E+00 0.0000E+00 0.0000E+00 0.0000E+00 0.0000E+00 0.0000E+00 1.0294E-12 2.8530E-12 6.2210E-12 2.4934E-11 7.7589E-11 1.1430E-10 1.3049E-10 1.6751E-10 2.2589E-10 2.7572E-10 3.1803E-10 3.6064E-10 4.2261E-10 4.8122E-10 5.5631E-10 6.3600E-10 7.2496E-10 8.1337E-10 9.1196E-10 1.0101E-09 1.1188E-09 1.2293E-09 1.3418E-09 1.4536E-09 1.5644E-09 1.6742E-09 1.7850E-09 1.8965E-09 2.0089E-09 2.1184E-09 2.2250E-09 2.3312E-09 2.4351E-09 2.5367E-09 2.6345E-09 2.7282E-09 2.8177E-09 2.9030E-09 2.9761E-09 3.0470E-09 3.1069E-09 3.1701E-09
0.0000E+00 0.0000E+00 0.0000E+00 0.0000E+00 0.0000E+00 0.0000E+00 0.0000E+00 0.0000E+00 0.0000E+00 0.0000E+00 0.0000E+00 0.0000E+00 0.0000E+00 0.0000E+00 3.0156E-13 2.6220E-12 5.2113E-12 9.2242E-12 4.4111E-11 8.6054E-11 1.1657E-10 1.4600E-10 1.9153E-10 2.4595E-10 2.9880E-10 3.4293E-10 4.0430E-10 4.7780E-10 5.5981E-10 6.3222E-10 7.2070E-10 8.1885E-10 9.1830E-10 1.0203E-09 1.1338E-09 1.2572E-09 1.3913E-09 1.5247E-09 1.6555E-09 1.7849E-09 1.9096E-09 2.0348E-09 2.1605E-09 2.2854E-09 2.4091E-09 2.5209E-09 2.6362E-09 2.7478E-09 2.8493E-09 2.9472E-09 3.0456E-09 3.1385E-09 3.2258E-09 3.3065E-09 3.3799E-09 3.4410E-09 3.4984E-09
0.0000E+00 0.0000E+00 0.0000E+00 0.0000E+00 0.0000E+00 0.0000E+00 0.0000E+00 0.0000E+00 0.0000E+00 0.0000E+00 0.0000E+00 0.0000E+00 0.0000E+00 0.0000E+00 1.8760E-12 3.8745E-12 8.7321E-12 1.0651E-11 5.6711E-11 9.3924E-11 1.3337E-10 1.6598E-10 2.0491E-10 2.6116E-10 3.2177E-10 3.9024E-10 4.7075E-10 5.4579E-10 6.2365E-10 7.1174E-10 8.1676E-10 9.2196E-10 1.0357E-09 1.1621E-09 1.2941E-09 1.4330E-09 1.5809E-09 1.7298E-09 1.8808E-09 2.0272E-09 2.1697E-09 2.3105E-09 2.4504E-09 2.5892E-09 2.7260E-09 2.8552E-09 2.9796E-09 3.0989E-09 3.2127E-09 3.3184E-09 3.4137E-09 3.5075E-09 3.5830E-09 3.6634E-09 3.7356E-09 3.8003E-09 3.8585E-09
0.0000E+00 0.0000E+00 0.0000E+00 0.0000E+00 0.0000E+00 0.0000E+00 0.0000E+00 0.0000E+00 0.0000E+00 0.0000E+00 0.0000E+00 0.0000E+00 0.0000E+00 9.8183E-13 2.8492E-12 7.3251E-12 1.0017E-11 1.6278E-11 6.4682E-11 1.0409E-10 1.4789E-10 1.8042E-10 2.2812E-10 2.9197E-10 3.6961E-10 4.4871E-10 5.3007E-10 6.1140E-10 7.0205E-10 8.0666E-10 9.2898E-10 1.0534E-09 1.1839E-09 1.3203E-09 1.4677E-09 1.6297E-09 1.8000E-09 1.9711E-09 2.1421E-09 2.3098E-09 2.4732E-09 2.6309E-09 2.7822E-09 2.9346E-09 3.0840E-09 3.2264E-09 3.3602E-09 3.4874E-09 3.6068E-09 3.7178E-09 3.8199E-09 3.9135E-09 3.9944E-09 4.0687E-09 4.1268E-09 4.1856E-09 4.2394E-09
