Assets/Resources/2015_m01_d01_0800(utc+0800)_l00_csi_1hr_conc.grd
DSAA
         159         159
     -79.000      79.000
     -79.000      79.000
  0.0000E+00  0.7695E-05
[rows 25 to 49 of 159, columns 57 to 113 of 159]
0.0000E+00 0.0000E+00 0.0000E+00 0.0000E+00 0.0000E+00 0.0000E+00 0.0000E+00 0.0000E+00 0.0000E+00 0.0000E+00 0.0000E+00 0.0000E+00 0.0000E+00 0.0000E+00 0.0000E+00 0.0000E+00 0.0000E+00 0.0000E+00 0.0000E+00 0.0000E+00 0.0000E+00 0.0000E+00 0.0000E+00 0.0000E+00 0.0000E+00 2.7790E-12 3.3490E-11 1.5478E-10 3.1545E-10 4.9685E-10 7.2442E-10 1.0182E-09 1.3903E-09 1.8464E-09 2.3878E-09 3.0123E-09 3.7220E-09 4.5056E-09 5.3423E-09 6.2123E-09 7.0963E-09 7.9738E-09 8.8230E-09 9.6219E-09 1.0361E-08 1.1025E-08 1.1596E-08 1.2063E-08 1.2429E-08 1.2682E-08 1.2828E-08 1.2866E-08 1.2805E-08 1.2648E-08 1.2401E-08 1.2074E-08 1.1683E-08
0.0000E+00 0.0000E+00 0.0000E+00 0.0000E+00 0.0000E+00 0.0000E+00 0.0000E+00 0.0000E+00 0.0000E+00 0.0000E+00 0.0000E+00 0.0000E+00 0.0000E+00 0.0000E+00 0.0000E+00 0.0000E+00 0.0000E+00 0.0000E+00 0.0000E+00 0.0000E+00 0.0000E+00 0.0000E+00 0.0000E+00 0.0000E+00 0.0000E+00 3.2378E-12 7.0189E-11 2.0489E-10 3.7885E-10 5.8904E-10 8.5386E-10 1.1943E-09 1.6236E-09 2.1464E-09 2.7594E-09 3.4612E-09 4.2456E-09 5.1020E-09 6.0060E-09 6.9312E-09 7.8526E-09 8.7466E-09 9.5902E-09 1.0368E-08 1.1056E-08 1.1649E-08 1.2133E-08 1.2505E-08 1.2755E-08 1.2893E-08 1.2918E-08 1.2838E-08 1.2660E-08 1.2397E-08 1.2055E-08 1.1644E-08 1.1175E-08
0.0000E+00 0.0000E+00 0.0000E+00 0.0000E+00 0.0000E+00 0.0000E+00 0.0000E+00 0.0000E+00 0.0000E+00 0.0000E+00 0.0000E+00 0.0000E+00 0.0000E+00 0.0000E+00 0.0000E+00 0.0000E+00 0.0000E+00 0.0000E+00 0.0000E+00 0.0000E+00 0.0000E+00 0.0000E+00 0.0000E+00 0.0000E+00 0.0000E+00 1.0465E-11 1.0114E-10 2.5570E-10 4.5983E-10 7.0461E-10 1.0144E-09 1.4060E-09 1.8949E-09 2.4878E-09 3.1821E-09 3.9693E-09 4.8354E-09 5.7678E-09 6.7391E-09 7.7182E-09 8.6740E-09 9.5793E-09 1.0413E-08 1.1149E-08 1.1776E-08 1.2280E-08 1.2661E-08 1.2919E-08 1.3050E-08 1.3061E-08 1.2961E-08 1.2759E-08 1.2465E-08 1.2093E-08 1.1656E-08 1.1166E-08 1.0630E-08
0.0000E+00 0.0000E+00 0.0000E+00 0.0000E+00 0.0000E+00 0.0000E+00 0.0000E+00 0.0000E+00 0.0000E+00 0.0000E+00 0.0000E+00 0.0000E+00 0.0000E+00 0.0000E+00 0.0000E+00 0.0000E+00 0.0000E+00 0.0000E+00 0.0000E+00 0.0000E+00 0.0000E+00 0.0000E+00 0.0000E+00 0.0000E+00 0.0000E+00 3.3206E-11 1.5560E-10 3.4103E-10 5.7182E-10 8.4969E-10 1.2050E-09 1.6545E-09 2.2149E-09 2.8895E-09 3.6723E-09 4.5509E-09 5.5063E-09 6.5145E-09 7.5519E-09 8.5793E-09 9.5619E-09 1.0469E-08 1.1273E-08 1.1960E-08 1.2506E-08 1.2915E-08 1.3176E-08 1.3305E-08 1.3306E-08 1.3184E-08 1.2953E-08 1.2627E-08 1.2220E-08 1.1743E-08 1.1214E-08 1.0647E-08 1.0051E-08
0.0000E+00 0.0000E+00 0.0000E+00 0.0000E+00 0.0000E+00 0.0000E+00 0.0000E+00 0.0000E+00 0.0000E+00 0.0000E+00 0.0000E+00 0.0000E+00 0.0000E+00 0.0000E+00 0.0000E+00 0.0000E+00 0.0000E+00 0.0000E+00 0.0000E+00 0.0000E+00 0.0000E+00 0.0000E+00 0.0000E+00 0.0000E+00 1.3435E-11 8.1547E-11 2.3279E-10 4.4400E-10 6.8997E-10 1.0099E-09 1.4206E-09 1.9392E-09 2.5780E-09 3.3402E-09 4.2182E-09 5.1960E-09 6.2443E-09 7.3335E-09 8.4319E-09 9.5019E-09 1.0504E-08 1.1400E-08 1.2168E-08 1.2784E-08 1.3243E-08 1.3535E-08 1.3672E-08 1.3660E-08 1.3517E-08 1.3256E-08 1.2890E-08 1.2440E-08 1.1922E-08 1.1348E-08 1.0735E-08 1.0098E-08 9.4485E-09
0.0000E+00 0.0000E+00 0.0000E+00 0.0000E+00 0.0000E+00 0.0000E+00 0.0000E+00 0.0000E+00 0.0000E+00 0.0000E+00 0.0000E+00 0.0000E+00 0.0000E+00 0.0000E+00 0.0000E+00 0.0000E+00 0.0000E+00 0.0000E+00 0.0000E+00 0.0000E+00 0.0000E+00 0.0000E+00 0.0000E+00 3.9426E-12 4.1237E-11 1.3801E-10 3.1074E-10 5.4597E-10 8.3151E-10 1.2050E-09 1.6816E-09 2.2784E-09 3.0079E-09 3.8693E-09 4.8505E-09 5.9263E-09 7.0661E-09 8.2341E-09 9.3867E-09 1.0488E-08 1.1493E-08 1.2366E-08 1.3072E-08 1.3609E-08 1.3959E-08 1.4133E-08 1.4130E-08 1.3973E-08 1.3677E-08 1.3271E-08 1.2770E-08 1.2196E-08 1.1571E-08 1.0908E-08 1.0220E-08 9.5241E-09 8.8308E-09
0.0000E+00 0.0000E+00 0.0000E+00 0.0000E+00 0.0000E+00 0.0000E+00 0.0000E+00 0.0000E+00 0.0000E+00 0.0000E+00 0.0000E+00 0.0000E+00 0.0000E+00 0.0000E+00 0.0000E+00 0.0000E+00 0.0000E+00 0.0000E+00 0.0000E+00 0.0000E+00 0.0000E+00 0.0000E+00 0.0000E+00 1.1602E-11 6.9218E-11 1.9780E-10 4.1319E-10 6.6900E-10 9.9726E-10 1.4279E-09 1.9816E-09 2.6730E-09 3.5001E-09 4.4675E-09 5.5548E-09 6.7345E-09 7.9663E-09 9.2060E-09 1.0408E-08 1.1522E-08 1.2517E-08 1.3343E-08 1.3984E-08 1.4415E-08 1.4644E-08 1.4677E-08 1.4531E-08 1.4221E-08 1.3777E-08 1.3225E-08 1.2591E-08 1.1898E-08 1.1169E-08 1.0424E-08 9.6719E-09 8.9269E-09 8.2027E-09
0.0000E+00 0.0000E+00 0.0000E+00 0.0000E+00 0.0000E+00 0.0000E+00 0.0000E+00 0.0000E+00 0.0000E+00 0.0000E+00 0.0000E+00 0.0000E+00 0.0000E+00 0.0000E+00 0.0000E+00 0.0000E+00 0.0000E+00 0.0000E+00 0.0000E+00 0.0000E+00 0.0000E+00 0.0000E+00 9.2960E-13 3.1105E-11 1.1844E-10 2.9863E-10 5.1541E-10 8.0293E-10 1.1871E-09 1.6931E-09 2.3378E-09 3.1281E-09 4.0694E-09 5.1501E-09 6.3505E-09 7.6340E-09 8.9524E-09 1.0254E-08 1.1488E-08 1.2601E-08 1.3552E-08 1.4319E-08 1.4862E-08 1.5184E-08 1.5273E-08 1.5156E-08 1.4852E-08 1.4390E-08 1.3796E-08 1.3104E-08 1.2346E-08 1.1545E-08 1.0721E-08 9.8996E-09 9.0951E-09 8.3108E-09 7.5638E-09
0.0000E+00 0.0000E+00 0.0000E+00 0.0000E+00 0.0000E+00 0.0000E+00 0.0000E+00 0.0000E+00 0.0000E+00 0.0000E+00 0.0000E+00 0.0000E+00 0.0000E+00 0.0000E+00 0.0000E+00 0.0000E+00 0.0000E+00 0.0000E+00 0.0000E+00 0.0000E+00 0.0000E+00 0.0000E+00 3.6819E-12 5.6839E-11 1.8684E-10 3.7800E-10 6.2040E-10 9.5562E-10 1.4131E-09 2.0074E-09 2.7495E-09 3.6618E-09 4.7214E-09 5.9223E-09 7.2364E-09 8.6191E-09 1.0022E-08 1.1371E-08 1.2617E-08 1.3708E-08 1.4600E-08 1.5268E-08 1.5697E-08 1.5874E-08 1.5821E-08 1.5541E-08 1.5074E-08 1.4460E-08 1.3724E-08 1.2900E-08 1.2025E-08 1.1130E-08 1.0229E-08 9.3444E-09 8.4969E-09 7.6869E-09 6.9232E-09
0.0000E+00 0.0000E+00 0.0000E+00 0.0000E+00 0.0000E+00 0.0000E+00 0.0000E+00 0.0000E+00 0.0000E+00 0.0000E+00 0.0000E+00 0.0000E+00 0.0000E+00 0.0000E+00 0.0000E+00 0.0000E+00 0.0000E+00 0.0000E+00 0.0000E+00 0.0000E+00 0.0000E+00 0.0000E+00 9.1768E-12 8.9933E-11 2.4528E-10 4.5690E-10 7.3166E-10 1.1356E-09 1.6815E-09 2.3760E-09 3.2306E-09 4.2614E-09 5.4508E-09 6.7830E-09 8.2077E-09 9.6867E-09 1.1154E-08 1.2539E-08 1.3781E-08 1.4827E-08 1.5630E-08 1.6180E-08 1.6460E-08 1.6483E-08 1.6254E-08 1.5813E-08 1.5185E-08 1.4412E-08 1.3542E-08 1.2605E-08 1.1625E-08 1.0646E-08 9.6909E-09 8.7595E-09 7.8798E-09 7.0614E-09 6.2949E-09
0.0000E+00 0.0000E+00 0.0000E+00 0.0000E+00 0.0000E+00 0.0000E+00 0.0000E+00 0.0000E+00 0.0000E+00 0.0000E+00 0.0000E+00 0.0000E+00 0.0000E+00 0.0000E+00 0.0000E+00 0.0000E+00 0.0000E+00 0.0000E+00 0.0000E+00 0.0000E+00 0.0000E+00 0.0000E+00 1.3880E-11 1.2377E-10 3.1442E-10 5.3643E-10 8.7217E-10 1.3496E-09 1.9811E-09 2.7835E-09 3.7696E-09 4.9367E-09 6.2743E-09 7.7354E-09 9.2708E-09 1.0825E-08 1.2338E-08 1.3734E-08 1.4948E-08 1.5924E-08 1.6624E-08 1.7025E-08 1.7136E-08 1.6970E-08 1.6570E-08 1.5950E-08 1.5163E-08 1.4248E-08 1.3244E-08 1.2203E-08 1.1148E-08 1.0100E-08 9.0977E-09 8.1463E-09 7.2509E-09 6.4346E-09 5.6806E-09
0.0000E+00 0.0000E+00 0.0000E+00 0.0000E+00 0.0000E+00 0.0000E+00 0.0000E+00 0.0000E+00 0.0000E+00 0.0000E+00 0.0000E+00 0.0000E+00 0.0000E+00 0.0000E+00 0.0000E+00 0.0000E+00 0.0000E+00 0.0000E+00 0.0000E+00 0.0000E+00 0.0000E+00 0.0000E+00 2.6525E-11 1.7498E-10 3.6438E-10 6.3228E-10 1.0328E-09 1.5857E-09 2.3260E-09 3.2579E-09 4.3887E-09 5.7068E-09 7.1870E-09 8.7831E-09 1.0431E-08 1.2059E-08 1.3597E-08 1.4973E-08 1.6115E-08 1.6981E-08 1.7539E-08 1.7778E-08 1.7701E-08 1.7338E-08 1.6738E-08 1.5946E-08 1.4999E-08 1.3951E-08 1.2839E-08 1.1702E-08 1.0586E-08 9.4963E-09 8.4614E-09 7.5062E-09 6.6146E-09 5.8080E-09 5.0817E-09
0.0000E+00 0.0000E+00 0.0000E+00 0.0000E+00 0.0000E+00 0.0000E+00 0.0000E+00 0.0000E+00 0.0000E+00 0.0000E+00 0.0000E+00 0.0000E+00 0.0000E+00 0.0000E+00 0.0000E+00 0.0000E+00 0.0000E+00 0.0000E+00 0.0000E+00 0.0000E+00 0.0000E+00 1.1666E-12 4.5063E-11 2.0415E-10 4.1917E-10 7.5174E-10 1.2158E-09 1.8617E-09 2.7168E-09 3.7940E-09 5.0899E-09 6.5776E-09 8.2206E-09 9.9523E-09 1.1698E-08 1.3376E-08 1.4914E-08 1.6229E-08 1.7269E-08 1.7987E-08 1.8363E-08 1.8402E-08 1.8127E-08 1.7565E-08 1.6766E-08 1.5793E-08 1.4697E-08 1.3521E-08 1.2319E-08 1.1115E-08 9.9430E-09 8.8364E-09 7.7961E-09 6.8432E-09 5.9729E-09 5.1927E-09 4.4988E-09
0.0000E+00 0.0000E+00 0.0000E+00 0.0000E+00 0.0000E+00 0.0000E+00 0.0000E+00 0.0000E+00 0.0000E+00 0.0000E+00 0.0000E+00 0.0000E+00 0.0000E+00 0.0000E+00 0.0000E+00 0.0000E+00 0.0000E+00 0.0000E+00 0.0000E+00 0.0000E+00 0.0000E+00 2.3202E-12 5.7314E-11 2.2850E-10 4.9297E-10 8.8169E-10 1.4248E-09 2.1771E-09 3.1703E-09 4.4214E-09 5.9037E-09 7.5842E-09 9.3995E-09 1.1277E-08 1.3116E-08 1.4824E-08 1.6321E-08 1.7527E-08 1.8407E-08 1.8942E-08 1.9098E-08 1.8909E-08 1.8398E-08 1.7630E-08 1.6641E-08 1.5494E-08 1.4262E-08 1.2976E-08 1.1691E-08 1.0442E-08 9.2471E-09 8.1326E-09 7.1019E-09 6.1721E-09 5.3325E-09 4.5893E-09 3.9423E-09
0.0000E+00 0.0000E+00 0.0000E+00 0.0000E+00 0.0000E+00 0.0000E+00 0.0000E+00 0.0000E+00 0.0000E+00 0.0000E+00 0.0000E+00 0.0000E+00 0.0000E+00 0.0000E+00 0.0000E+00 0.0000E+00 0.0000E+00 0.0000E+00 0.0000E+00 0.0000E+00 0.0000E+00 8.1356E-12 6.4256E-11 2.5640E-10 5.7825E-10 1.0279E-09 1.6674E-09 2.5459E-09 3.7018E-09 5.1397E-09 6.8427E-09 8.7413E-09 1.0754E-08 1.2773E-08 1.4690E-08 1.6405E-08 1.7836E-08 1.8902E-08 1.9581E-08 1.9851E-08 1.9750E-08 1.9301E-08 1.8542E-08 1.7541E-08 1.6362E-08 1.5061E-08 1.3695E-08 1.2331E-08 1.0984E-08 9.7011E-09 8.5045E-09 7.3999E-09 6.3938E-09 5.5009E-09 4.7042E-09 4.0129E-09 3.4122E-09
0.0000E+00 0.0000E+00 0.0000E+00 0.0000E+00 0.0000E+00 0.0000E+00 0.0000E+00 0.0000E+00 0.0000E+00 0.0000E+00 0.0000E+00 0.0000E+00 0.0000E+00 0.0000E+00 0.0000E+00 0.0000E+00 0.0000E+00 0.0000E+00 0.0000E+00 0.0000E+00 0.0000E+00 1.0752E-11 6.6978E-11 2.9684E-10 6.7138E-10 1.1996E-09 1.9371E-09 2.9671E-09 4.3129E-09 5.9895E-09 7.9366E-09 1.0086E-08 1.2315E-08 1.4492E-08 1.6484E-08 1.8170E-08 1.9478E-08 2.0351E-08 2.0781E-08 2.0767E-08 2.0351E-08 1.9596E-08 1.8568E-08 1.7329E-08 1.5948E-08 1.4504E-08 1.3028E-08 1.1587E-08 1.0214E-08 8.9193E-09 7.7271E-09 6.6600E-09 5.6907E-09 4.8451E-09 4.1017E-09 3.4604E-09 2.9167E-09
0.0000E+00 0.0000E+00 0.0000E+00 0.0000E+00 0.0000E+00 0.0000E+00 0.0000E+00 0.0000E+00 0.0000E+00 0.0000E+00 0.0000E+00 0.0000E+00 0.0000E+00 0.0000E+00 0.0000E+00 0.0000E+00 0.0000E+00 0.0000E+00 0.0000E+00 0.0000E+00 0.0000E+00 1.2250E-11 6.5670E-11 3.4284E-10 7.8190E-10 1.3782E-09 2.2501E-09 3.4573E-09 5.0337E-09 6.9607E-09 9.1908E-09 1.1611E-08 1.4074E-08 1.6417E-08 1.8480E-08 2.0120E-08 2.1270E-08 2.1903E-08 2.2013E-08 2.1660E-08 2.0904E-08 1.9813E-08 1.8485E-08 1.7009E-08 1.5435E-08 1.3841E-08 1.2280E-08 1.0781E-08 9.3883E-09 8.1098E-09 6.9423E-09 5.9194E-09 5.0038E-09 4.2151E-09 3.5338E-09 2.9471E-09 2.4575E-09
0.0000E+00 0.0000E+00 0.0000E+00 0.0000E+00 0.0000E+00 0.0000E+00 0.0000E+00 0.0000E+00 0.0000E+00 0.0000E+00 0.0000E+00 0.0000E+00 0.0000E+00 0.0000E+00 0.0000E+00 0.0000E+00 0.0000E+00 0.0000E+00 0.0000E+00 0.0000E+00 0.0000E+00 1.2499E-11 7.3802E-11 3.9420E-10 8.8814E-10 1.5936E-09 2.6018E-09 4.0135E-09 5.8432E-09 8.0758E-09 1.0625E-08 1.3341E-08 1.6046E-08 1.8535E-08 2.0644E-08 2.2215E-08 2.3177E-08 2.3515E-08 2.3273E-08 2.2529E-08 2.1391E-08 1.9958E-08 1.8321E-08 1.6586E-08 1.4833E-08 1.3104E-08 1.1469E-08 9.9386E-09 8.5364E-09 7.2887E-09 6.1646E-09 5.1959E-09 4.3459E-09 3.6199E-09 3.0023E-09 2.4783E-09 2.0474E-09
0.0000E+00 0.0000E+00 0.0000E+00 0.0000E+00 0.0000E+00 0.0000E+00 0.0000E+00 0.0000E+00 0.0000E+00 0.0000E+00 0.0000E+00 0.0000E+00 0.0000E+00 0.0000E+00 0.0000E+00 0.0000E+00 0.0000E+00 0.0000E+00 0.0000E+00 0.0000E+00 0.0000E+00 1.1545E-11 1.0435E-10 4.5751E-10 1.0143E-09 1.8196E-09 3.0062E-09 4.6429E-09 6.7627E-09 9.3287E-09 1.2219E-08 1.5255E-08 1.8203E-08 2.0833E-08 2.2939E-08 2.4393E-08 2.5108E-08 2.5113E-08 2.4477E-08 2.3326E-08 2.1784E-08 1.9992E-08 1.8063E-08 1.6088E-08 1.4159E-08 1.2317E-08 1.0613E-08 9.0684E-09 7.6869E-09 6.4711E-09 5.4071E-09 4.5046E-09 3.7220E-09 3.0683E-09 2.5145E-09 2.0540E-09 1.6781E-09
0.0000E+00 0.0000E+00 0.0000E+00 0.0000E+00 0.0000E+00 0.0000E+00 0.0000E+00 0.0000E+00 0.0000E+00 0.0000E+00 0.0000E+00 0.0000E+00 0.0000E+00 0.0000E+00 0.0000E+00 0.0000E+00 0.0000E+00 0.0000E+00 0.0000E+00 0.0000E+00 0.0000E+00 9.5276E-12 1.3875E-10 5.3459E-10 1.1592E-09 2.1053E-09 3.4605E-09 5.3447E-09 7.7856E-09 1.0714E-08 1.3971E-08 1.7325E-08 2.0506E-08 2.3235E-08 2.5299E-08 2.6551E-08 2.6972E-08 2.6601E-08 2.5544E-08 2.3962E-08 2.2029E-08 1.9887E-08 1.7676E-08 1.5493E-08 1.3410E-08 1.1489E-08 9.7426E-09 8.1944E-09 6.8494E-09 5.6844E-09 4.6847E-09 3.8560E-09 3.1457E-09 2.5621E-09 2.0750E-09 1.6770E-09 1.3557E-09
0.0000E+00 0.0000E+00 0.0000E+00 0.0000E+00 0.0000E+00 0.0000E+00 0.0000E+00 0.0000E+00 0.0000E+00 0.0000E+00 0.0000E+00 0.0000E+00 0.0000E+00 0.0000E+00 0.0000E+00 0.0000E+00 0.0000E+00 0.0000E+00 0.0000E+00 0.0000E+00 0.0000E+00 1.8550E-11 1.9549E-10 6.4431E-10 1.3717E-09 2.4245E-09 3.9772E-09 6.1309E-09 8.9127E-09 1.2228E-08 1.5863E-08 1.9522E-08 2.2890E-08 2.5666E-08 2.7618E-08 2.8630E-08 2.8681E-08 2.7876E-08 2.6384E-08 2.4377E-08 2.2060E-08 1.9603E-08 1.7141E-08 1.4786E-08 1.2592E-08 1.0612E-08 8.8630E-09 7.3361E-09 6.0368E-09 4.9400E-09 4.0092E-09 3.2529E-09 2.6207E-09 2.1075E-09 1.6858E-09 1.3403E-09 1.0638E-09
0.0000E+00 0.0000E+00 0.0000E+00 0.0000E+00 0.0000E+00 0.0000E+00 0.0000E+00 0.0000E+00 0.0000E+00 0.0000E+00 0.0000E+00 0.0000E+00 0.0000E+00 0.0000E+00 0.0000E+00 0.0000E+00 0.0000E+00 0.0000E+00 0.0000E+00 0.0000E+00 0.0000E+00 2.6227E-11 2.7296E-10 8.0237E-10 1.5954E-09 2.8071E-09 4.5872E-09 7.0293E-09 1.0147E-08 1.3834E-08 1.7832E-08 2.1784E-08 2.5301E-08 2.8041E-08 2.9802E-08 3.0476E-08 3.0125E-08 2.8870E-08 2.6910E-08 2.4492E-08 2.1825E-08 1.9095E-08 1.6434E-08 1.3953E-08 1.1701E-08 9.7013E-09 7.9742E-09 6.4990E-09 5.2589E-09 4.2404E-09 3.3865E-09 2.7044E-09 2.1505E-09 1.7008E-09 1.3345E-09 1.0423E-09 8.1906E-10
0.0000E+00 0.0000E+00 0.0000E+00 0.0000E+00 0.0000E+00 0.0000E+00 0.0000E+00 0.0000E+00 0.0000E+00 0.0000E+00 0.0000E+00 0.0000E+00 0.0000E+00 0.0000E+00 0.0000E+00 0.0000E+00 0.0000E+00 0.0000E+00 0.0000E+00 0.0000E+00 0.0000E+00 5.5977E-11 3.6919E-10 9.6410E-10 1.8686E-09 3.2629E-09 5.2921E-09 8.0566E-09 1.1531E-08 1.5559E-08 1.9850E-08 2.4002E-08 2.7585E-08 3.0240E-08 3.1732E-08 3.2021E-08 3.1190E-08 2.9457E-08 2.7075E-08 2.4276E-08 2.1306E-08 1.8359E-08 1.5561E-08 1.2997E-08 1.0735E-08 8.7637E-09 7.0844E-09 5.6851E-09 4.5280E-09 3.5831E-09 2.8205E-09 2.2129E-09 1.7272E-09 1.3348E-09 1.0350E-09 7.9547E-10 6.1218E-10
0.0000E+00 0.0000E+00 0.0000E+00 0.0000E+00 0.0000E+00 0.0000E+00 0.0000E+00 0.0000E+00 0.0000E+00 0.0000E+00 0.0000E+00 0.0000E+00 0.0000E+00 0.0000E+00 0.0000E+00 0.0000E+00 0.0000E+00 0.0000E+00 0.0000E+00 0.0000E+00 0.0000E+00 9.6600E-11 4.9057E-10 1.1407E-09 2.1752E-09 3.7763E-09 6.0911E-09 9.1848E-09 1.3000E-08 1.7342E-08 2.1850E-08 2.6090E-08 2.9608E-08 3.2037E-08 3.3196E-08 3.3056E-08 3.1769E-08 2.9581E-08 2.6797E-08 2.3696E-08 2.0501E-08 1.7399E-08 1.4533E-08 1.1958E-08 9.7136E-09 7.8090E-09 6.2100E-09 4.9024E-09 3.8340E-09 2.9795E-09 2.3069E-09 1.7697E-09 1.3528E-09 1.0315E-09 7.8435E-10 5.9432E-10 4.5294E-10
0.0000E+00 0.0000E+00 0.0000E+00 0.0000E+00 0.0000E+00 0.0000E+00 0.0000E+00 0.0000E+00 0.0000E+00 0.0000E+00 0.0000E+00 0.0000E+00 0.0000E+00 0.0000E+00 0.0000E+00 0.0000E+00 0.0000E+00 0.0000E+00 0.0000E+00 0.0000E+00 0.0000E+00 1.3972E-10 6.0691E-10 1.3299E-09 2.4980E-09 4.3309E-09 6.9480E-09 1.0386E-08 1.4552E-08 1.9167E-08 2.3818E-08 2.8019E-08 3.1317E-08 3.3397E-08 3.4095E-08 3.3471E-08 3.1729E-08 2.9150E-08 2.6046E-08 2.2712E-08 1.9390E-08 1.6236E-08 1.3368E-08 1.0841E-08 8.6730E-09 6.8574E-09 5.3663E-09 4.1533E-09 3.1932E-09 2.4327E-09 1.8411E-09 1.3901E-09 1.0442E-09 7.8242E-10 5.8318E-10 4.3414E-10 3.1914E-10
