Assets/Resources/2015_m01_d29_1800(utc+0800)_l00_csi_1hr_conc.grd
DSAA
         159         159
     -79.000      79.000
     -79.000      79.000
  0.0000E+00  0.2284E-04
[rows 25 to 49 of 159, columns 0 to 56 of 159]
0.0000E+00 0.0000E+00 0.0000E+00 0.0000E+00 0.0000E+00 0.0000E+00 0.0000E+00 0.0000E+00 0.0000E+00 0.0000E+00 0.0000E+00 0.0000E+00 0.0000E+00 0.0000E+00 0.0000E+00 0.0000E+00 0.0000E+00 0.0000E+00 0.0000E+00 0.0000E+00 3.3913E-13 3.7102E-13 1.1159E-12 1.5596E-12 2.0712E-12 2.9624E-12 3.2354E-12 4.2556E-12 4.9883E-12 5.8107E-12 6.6894E-12 7.6690E-12 9.0740E-12 9.8767E-12 1.1484E-11 1.2486E-11 1.4324E-11 1.5553E-11 1.7793E-11 1.9298E-11 2.1994E-11 2.3827E-11 2.6882E-11 2.9089E-11 3.2548E-11 3.5178E-11 3.9089E-11 4.2194E-11 4.6072E-11 5.0248E-11 5.4688E-11 5.9456E-11 6.5055E-11 6.9946E-11 7.5700E-11 8.1841E-11 8.7794E-11
0.0000E+00 0.0000E+00 0.0000E+00 0.0000E+00 0.0000E+00 0.0000E+00 0.0000E+00 0.0000E+00 0.0000E+00 0.0000E+00 0.0000E+00 0.0000E+00 0.0000E+00 0.0000E+00 0.0000E+00 0.0000E+00 0.0000E+00 0.0000E+00 0.0000E+00 0.0000E+00 3.3767E-13 3.6943E-13 1.1117E-12 1.5541E-12 2.0646E-12 2.9547E-12 3.2271E-12 4.2470E-12 4.9796E-12 5.8024E-12 6.6816E-12 7.6622E-12 9.0707E-12 9.8732E-12 1.1486E-11 1.2488E-11 1.4333E-11 1.5927E-11 1.7814E-11 1.9830E-11 2.2032E-11 2.4384E-11 2.6944E-11 2.9676E-11 3.2640E-11 3.5279E-11 3.9218E-11 4.2336E-11 4.6786E-11 5.0441E-11 5.4910E-11 5.9712E-11 6.5359E-11 7.0277E-11 7.6612E-11 8.2264E-11 8.8256E-11
0.0000E+00 0.0000E+00 0.0000E+00 0.0000E+00 0.0000E+00 0.0000E+00 0.0000E+00 0.0000E+00 0.0000E+00 0.0000E+00 0.0000E+00 0.0000E+00 0.0000E+00 0.0000E+00 0.0000E+00 0.0000E+00 0.0000E+00 0.0000E+00 0.0000E+00 0.0000E+00 3.3592E-13 3.6751E-13 1.1064E-12 1.5471E-12 2.0561E-12 2.9444E-12 3.2158E-12 4.2346E-12 4.9664E-12 5.7887E-12 6.6675E-12 7.6484E-12 9.0589E-12 9.8606E-12 1.1477E-11 1.2478E-11 1.4328E-11 1.5925E-11 1.7818E-11 1.9840E-11 2.2051E-11 2.4411E-11 2.6982E-11 2.9725E-11 3.2702E-11 3.5877E-11 3.9312E-11 4.2439E-11 4.6920E-11 5.0588E-11 5.5642E-11 5.9913E-11 6.5604E-11 7.0546E-11 7.6932E-11 8.2614E-11 8.9217E-11
0.0000E+00 0.0000E+00 0.0000E+00 0.0000E+00 0.0000E+00 0.0000E+00 0.0000E+00 0.0000E+00 0.0000E+00 0.0000E+00 0.0000E+00 0.0000E+00 0.0000E+00 0.0000E+00 0.0000E+00 0.0000E+00 0.0000E+00 0.0000E+00 0.0000E+00 0.0000E+00 3.3386E-13 3.6526E-13 1.1002E-12 1.5388E-12 2.0458E-12 2.9313E-12 3.2015E-12 4.2183E-12 4.9485E-12 5.7697E-12 6.9993E-12 7.6274E-12 9.0388E-12 9.8388E-12 1.1457E-11 1.2816E-11 1.4311E-11 1.5909E-11 1.7806E-11 1.9833E-11 2.2049E-11 2.4415E-11 2.6994E-11 2.9746E-11 3.2734E-11 3.5920E-11 3.9369E-11 4.3045E-11 4.7010E-11 5.1232E-11 5.5775E-11 6.0060E-11 6.5790E-11 7.0750E-11 7.7183E-11 8.2889E-11 9.0079E-11
0.0000E+00 0.0000E+00 0.0000E+00 0.0000E+00 0.0000E+00 0.0000E+00 0.0000E+00 0.0000E+00 0.0000E+00 0.0000E+00 0.0000E+00 0.0000E+00 0.0000E+00 0.0000E+00 0.0000E+00 0.0000E+00 0.0000E+00 0.0000E+00 0.0000E+00 0.0000E+00 3.3152E-13 3.6270E-13 1.0930E-12 1.5291E-12 2.0336E-12 2.9156E-12 3.1844E-12 4.1982E-12 4.9262E-12 5.7454E-12 6.9736E-12 7.5995E-12 9.0104E-12 9.8080E-12 1.1427E-11 1.2785E-11 1.4280E-11 1.5879E-11 1.7778E-11 1.9806E-11 2.2026E-11 2.4397E-11 2.6981E-11 2.9739E-11 3.2735E-11 3.5930E-11 3.9390E-11 4.3077E-11 4.7058E-11 5.1295E-11 5.5856E-11 6.1235E-11 6.5915E-11 7.0890E-11 7.7362E-11 8.3089E-11 9.0326E-11
0.0000E+00 0.0000E+00 0.0000E+00 0.0000E+00 0.0000E+00 0.0000E+00 0.0000E+00 0.0000E+00 0.0000E+00 0.0000E+00 0.0000E+00 0.0000E+00 0.0000E+00 0.0000E+00 0.0000E+00 0.0000E+00 0.0000E+00 0.0000E+00 0.0000E+00 0.0000E+00 0.0000E+00 3.5982E-13 1.0849E-12 1.1860E-12 2.0197E-12 2.8974E-12 3.1645E-12 4.1744E-12 4.8994E-12 5.7160E-12 6.9415E-12 7.5647E-12 8.9736E-12 9.7681E-12 1.1386E-11 1.2742E-11 1.4236E-11 1.5833E-11 1.7733E-11 1.9762E-11 2.1983E-11 2.4356E-11 2.6943E-11 2.9705E-11 3.2706E-11 3.5907E-11 3.9375E-11 4.3070E-11 4.7061E-11 5.1310E-11 5.5886E-11 6.1291E-11 6.5979E-11 7.2064E-11 7.7471E-11 8.3212E-11 9.0491E-11
0.0000E+00 0.0000E+00 0.0000E+00 0.0000E+00 0.0000E+00 0.0000E+00 0.0000E+00 0.0000E+00 0.0000E+00 0.0000E+00 0.0000E+00 0.0000E+00 0.0000E+00 0.0000E+00 0.0000E+00 0.0000E+00 0.0000E+00 0.0000E+00 0.0000E+00 0.0000E+00 0.0000E+00 3.5664E-13 1.0758E-12 1.1761E-12 2.0040E-12 2.8766E-12 3.1418E-12 4.1468E-12 4.5246E-12 5.6814E-12 6.9032E-12 7.5230E-12 8.9288E-12 9.7194E-12 1.1335E-11 1.2688E-11 1.4179E-11 1.5773E-11 1.7671E-11 2.0211E-11 2.1920E-11 2.4813E-11 2.6880E-11 3.0171E-11 3.2647E-11 3.6385E-11 3.9323E-11 4.3023E-11 4.7021E-11 5.1278E-11 5.5864E-11 6.1290E-11 6.5983E-11 7.2093E-11 7.7509E-11 8.3831E-11 9.0572E-11
0.0000E+00 0.0000E+00 0.0000E+00 0.0000E+00 0.0000E+00 0.0000E+00 0.0000E+00 0.0000E+00 0.0000E+00 0.0000E+00 0.0000E+00 0.0000E+00 0.0000E+00 0.0000E+00 0.0000E+00 0.0000E+00 0.0000E+00 0.0000E+00 0.0000E+00 0.0000E+00 0.0000E+00 3.5317E-13 1.0658E-12 1.1652E-12 1.9866E-12 2.5128E-12 3.1164E-12 4.1156E-12 4.4905E-12 5.6418E-12 6.8588E-12 7.4746E-12 8.8759E-12 9.6620E-12 1.1274E-11 1.2622E-11 1.4109E-11 1.6204E-11 1.7594E-11 2.0134E-11 2.1837E-11 2.4731E-11 2.6793E-11 3.0087E-11 3.2557E-11 3.6302E-11 3.9234E-11 4.3484E-11 4.6938E-11 5.1752E-11 5.5791E-11 6.1233E-11 6.5926E-11 7.2056E-11 7.7475E-11 8.4351E-11 9.0570E-11
0.0000E+00 0.0000E+00 0.0000E+00 0.0000E+00 0.0000E+00 0.0000E+00 0.0000E+00 0.0000E+00 0.0000E+00 0.0000E+00 0.0000E+00 0.0000E+00 0.0000E+00 0.0000E+00 0.0000E+00 0.0000E+00 0.0000E+00 0.0000E+00 0.0000E+00 0.0000E+00 0.0000E+00 3.4941E-13 1.0550E-12 1.1533E-12 1.9676E-12 2.4893E-12 3.0883E-12 4.0808E-12 4.4527E-12 5.5973E-12 6.8082E-12 7.4196E-12 8.8151E-12 9.5959E-12 1.1202E-11 1.2545E-11 1.4026E-11 1.6118E-11 1.7500E-11 2.0038E-11 2.1733E-11 2.4627E-11 2.6680E-11 2.9975E-11 3.2438E-11 3.6185E-11 3.9110E-11 4.3364E-11 4.6811E-11 5.1632E-11 5.5666E-11 6.1119E-11 6.5807E-11 7.1953E-11 7.7370E-11 8.4264E-11 9.0485E-11
0.0000E+00 0.0000E+00 0.0000E+00 0.0000E+00 0.0000E+00 0.0000E+00 0.0000E+00 0.0000E+00 0.0000E+00 0.0000E+00 0.0000E+00 0.0000E+00 0.0000E+00 0.0000E+00 0.0000E+00 0.0000E+00 0.0000E+00 0.0000E+00 0.0000E+00 0.0000E+00 0.0000E+00 3.4537E-13 7.1055E-13 1.1406E-12 1.9469E-12 2.4638E-12 3.0577E-12 4.0426E-12 4.4110E-12 5.5480E-12 6.4014E-12 7.3582E-12 8.7466E-12 9.5215E-12 1.1121E-11 1.2457E-11 1.3931E-11 1.6017E-11 1.7391E-11 1.9924E-11 2.1610E-11 2.4500E-11 2.6544E-11 2.9836E-11 3.2289E-11 3.6035E-11 3.8949E-11 4.3204E-11 4.6642E-11 5.1466E-11 5.6009E-11 6.0948E-11 6.5629E-11 7.1783E-11 7.7193E-11 8.4100E-11 9.0316E-11
0.0000E+00 0.0000E+00 0.0000E+00 0.0000E+00 0.0000E+00 0.0000E+00 0.0000E+00 0.0000E+00 0.0000E+00 0.0000E+00 0.0000E+00 0.0000E+00 0.0000E+00 0.0000E+00 0.0000E+00 0.0000E+00 0.0000E+00 0.0000E+00 0.0000E+00 0.0000E+00 0.0000E+00 3.4107E-13 3.7281E-13 1.1269E-12 1.9247E-12 2.1022E-12 3.0245E-12 4.0011E-12 4.3657E-12 5.4940E-12 6.3407E-12 7.2905E-12 8.6706E-12 9.4388E-12 1.1029E-11 1.2357E-11 1.3823E-11 1.5902E-11 1.7267E-11 1.9792E-11 2.1468E-11 2.4351E-11 2.6384E-11 2.9671E-11 3.2110E-11 3.5852E-11 3.8754E-11 4.3005E-11 4.6429E-11 5.1252E-11 5.5789E-11 6.0722E-11 6.5390E-11 7.1548E-11 7.6946E-11 8.3859E-11 9.0064E-11
0.0000E+00 0.0000E+00 0.0000E+00 0.0000E+00 0.0000E+00 0.0000E+00 0.0000E+00 0.0000E+00 0.0000E+00 0.0000E+00 0.0000E+00 0.0000E+00 0.0000E+00 0.0000E+00 0.0000E+00 0.0000E+00 0.0000E+00 0.0000E+00 0.0000E+00 0.0000E+00 0.0000E+00 3.3652E-13 3.6783E-13 1.1124E-12 1.9010E-12 2.0763E-12 2.9890E-12 3.9563E-12 4.3169E-12 5.4355E-12 6.2747E-12 7.2168E-12 8.5872E-12 9.3481E-12 1.0929E-11 1.2247E-11 1.3704E-11 1.5773E-11 1.7127E-11 1.9643E-11 2.1307E-11 2.4181E-11 2.6200E-11 2.9478E-11 3.1903E-11 3.5637E-11 3.9059E-11 4.2768E-11 4.6721E-11 5.0992E-11 5.6074E-11 6.0441E-11 6.6186E-11 7.1247E-11 7.6628E-11 8.3541E-11 8.9730E-11
0.0000E+00 0.0000E+00 0.0000E+00 0.0000E+00 0.0000E+00 0.0000E+00 0.0000E+00 0.0000E+00 0.0000E+00 0.0000E+00 0.0000E+00 0.0000E+00 0.0000E+00 0.0000E+00 0.0000E+00 0.0000E+00 0.0000E+00 0.0000E+00 0.0000E+00 0.0000E+00 0.0000E+00 3.3172E-13 3.6259E-13 1.0970E-12 1.8759E-12 2.0489E-12 2.9512E-12 3.5649E-12 4.2646E-12 5.3727E-12 5.8562E-12 7.1371E-12 8.4967E-12 9.2497E-12 1.0819E-11 1.2127E-11 1.3573E-11 1.5630E-11 1.6972E-11 1.9477E-11 2.1127E-11 2.3989E-11 2.5993E-11 2.9259E-11 3.2196E-11 3.5390E-11 3.8798E-11 4.2491E-11 4.6430E-11 5.0686E-11 5.5758E-11 6.0105E-11 6.5841E-11 7.0881E-11 7.6810E-11 8.3147E-11 8.9315E-11
0.0000E+00 0.0000E+00 0.0000E+00 0.0000E+00 0.0000E+00 0.0000E+00 0.0000E+00 0.0000E+00 0.0000E+00 0.0000E+00 0.0000E+00 0.0000E+00 0.0000E+00 0.0000E+00 0.0000E+00 0.0000E+00 0.0000E+00 0.0000E+00 0.0000E+00 0.0000E+00 0.0000E+00 0.0000E+00 3.5710E-13 1.0809E-12 1.5146E-12 2.0199E-12 2.9111E-12 3.5174E-12 4.2091E-12 5.3056E-12 5.7832E-12 7.0518E-12 8.3993E-12 9.1439E-12 1.0700E-11 1.1997E-11 1.3431E-11 1.5474E-11 1.6804E-11 1.9294E-11 2.0930E-11 2.3777E-11 2.5764E-11 2.9015E-11 3.1936E-11 3.5112E-11 3.8502E-11 4.2178E-11 4.6097E-11 5.0335E-11 5.5393E-11 5.9715E-11 6.5438E-11 7.0452E-11 7.6896E-11 8.2679E-11 8.8819E-11
0.0000E+00 0.0000E+00 0.0000E+00 0.0000E+00 0.0000E+00 0.0000E+00 0.0000E+00 0.0000E+00 0.0000E+00 0.0000E+00 0.0000E+00 0.0000E+00 0.0000E+00 0.0000E+00 0.0000E+00 0.0000E+00 0.0000E+00 0.0000E+00 0.0000E+00 0.0000E+00 0.0000E+00 0.0000E+00 3.5136E-13 1.0641E-12 1.1622E-12 1.9896E-12 2.8690E-12 3.1307E-12 4.1505E-12 5.2345E-12 5.7057E-12 6.9610E-12 8.2954E-12 9.0308E-12 1.0573E-11 1.1857E-11 1.3277E-11 1.5306E-11 1.6621E-11 1.9095E-11 2.0714E-11 2.3544E-11 2.5513E-11 2.8747E-11 3.1647E-11 3.4804E-11 3.8173E-11 4.1828E-11 4.5725E-11 4.9940E-11 5.4979E-11 5.9273E-11 6.4977E-11 6.9961E-11 7.6386E-11 8.2136E-11 8.8243E-11
0.0000E+00 0.0000E+00 0.0000E+00 0.0000E+00 0.0000E+00 0.0000E+00 0.0000E+00 0.0000E+00 0.0000E+00 0.0000E+00 0.0000E+00 0.0000E+00 0.0000E+00 0.0000E+00 0.0000E+00 0.0000E+00 0.0000E+00 0.0000E+00 0.0000E+00 0.0000E+00 0.0000E+00 0.0000E+00 3.4541E-13 1.0465E-12 1.1430E-12 1.9579E-12 2.8248E-12 3.0825E-12 4.0889E-12 5.1596E-12 5.6241E-12 6.8650E-12 7.8309E-12 8.9108E-12 1.0438E-11 1.1350E-11 1.3114E-11 1.5125E-11 1.6425E-11 1.8880E-11 2.0482E-11 2.3292E-11 2.5241E-11 2.8454E-11 3.1332E-11 3.4466E-11 3.7811E-11 4.1441E-11 4.5313E-11 4.9501E-11 5.4517E-11 5.8779E-11 6.4459E-11 6.9409E-11 7.5809E-11 8.1522E-11 8.8170E-11
0.0000E+00 0.0000E+00 0.0000E+00 0.0000E+00 0.0000E+00 0.0000E+00 0.0000E+00 0.0000E+00 0.0000E+00 0.0000E+00 0.0000E+00 0.0000E+00 0.0000E+00 0.0000E+00 0.0000E+00 0.0000E+00 0.0000E+00 0.0000E+00 0.0000E+00 0.0000E+00 0.0000E+00 0.0000E+00 3.3924E-13 3.7046E-13 1.1231E-12 1.9249E-12 2.4389E-12 3.0323E-12 4.0245E-12 4.7341E-12 5.5385E-12 6.7640E-12 7.7175E-12 8.7843E-12 1.0295E-11 1.1195E-11 1.2940E-11 1.4933E-11 1.6217E-11 1.8651E-11 2.0234E-11 2.3022E-11 2.4949E-11 2.8138E-11 3.0992E-11 3.4100E-11 3.7418E-11 4.1021E-11 4.4863E-11 4.9021E-11 5.4009E-11 5.8235E-11 6.3886E-11 6.8796E-11 7.5165E-11 8.0837E-11 8.7993E-11
0.0000E+00 0.0000E+00 0.0000E+00 0.0000E+00 0.0000E+00 0.0000E+00 0.0000E+00 0.0000E+00 0.0000E+00 0.0000E+00 0.0000E+00 0.0000E+00 0.0000E+00 0.0000E+00 0.0000E+00 0.0000E+00 0.0000E+00 0.0000E+00 0.0000E+00 0.0000E+00 0.0000E+00 0.0000E+00 3.3288E-13 3.6352E-13 1.1026E-12 1.8907E-12 2.0632E-12 2.9801E-12 3.9575E-12 4.3142E-12 5.4492E-12 6.6583E-12 7.2502E-12 8.6514E-12 1.0144E-11 1.1031E-11 1.2757E-11 1.4226E-11 1.5996E-11 1.8407E-11 1.9970E-11 2.2733E-11 2.4637E-11 2.7799E-11 3.0626E-11 3.3706E-11 3.6995E-11 4.0566E-11 4.4375E-11 4.8501E-11 5.3456E-11 5.7642E-11 6.3258E-11 6.8126E-11 7.4458E-11 8.0083E-11 8.7200E-11
0.0000E+00 0.0000E+00 0.0000E+00 0.0000E+00 0.0000E+00 0.0000E+00 0.0000E+00 0.0000E+00 0.0000E+00 0.0000E+00 0.0000E+00 0.0000E+00 0.0000E+00 0.0000E+00 0.0000E+00 0.0000E+00 0.0000E+00 0.0000E+00 0.0000E+00 0.0000E+00 0.0000E+00 0.0000E+00 0.0000E+00 3.5638E-13 1.0814E-12 1.8554E-12 2.0247E-12 2.9262E-12 3.8879E-12 4.2384E-12 5.3563E-12 6.5482E-12 7.1303E-12 8.5127E-12 9.9859E-12 1.0860E-11 1.2564E-11 1.4015E-11 1.5763E-11 1.8149E-11 1.9691E-11 2.2427E-11 2.4306E-11 2.7439E-11 3.0236E-11 3.3286E-11 3.6542E-11 4.0079E-11 4.3853E-11 4.7940E-11 5.2859E-11 5.7002E-11 6.2579E-11 6.7399E-11 7.3689E-11 7.9262E-11 8.6333E-11
0.0000E+00 0.0000E+00 0.0000E+00 0.0000E+00 0.0000E+00 0.0000E+00 0.0000E+00 0.0000E+00 0.0000E+00 0.0000E+00 0.0000E+00 0.0000E+00 0.0000E+00 0.0000E+00 0.0000E+00 0.0000E+00 0.0000E+00 0.0000E+00 0.0000E+00 0.0000E+00 0.0000E+00 0.0000E+00 0.0000E+00 3.4906E-13 1.0597E-12 1.1563E-12 1.9851E-12 2.8705E-12 3.8161E-12 4.1601E-12 5.2601E-12 6.4339E-12 7.0060E-12 8.3684E-12 9.8213E-12 1.0681E-11 1.2363E-11 1.3794E-11 1.5519E-11 1.7878E-11 1.9398E-11 2.2104E-11 2.3957E-11 2.7058E-11 2.9824E-11 3.2840E-11 3.6060E-11 3.9561E-11 4.3295E-11 4.7342E-11 5.2220E-11 5.6317E-11 6.1849E-11 6.6617E-11 7.2860E-11 7.8376E-11 8.5396E-11
0.0000E+00 0.0000E+00 0.0000E+00 0.0000E+00 0.0000E+00 0.0000E+00 0.0000E+00 0.0000E+00 0.0000E+00 0.0000E+00 0.0000E+00 0.0000E+00 0.0000E+00 0.0000E+00 0.0000E+00 0.0000E+00 0.0000E+00 0.0000E+00 0.0000E+00 0.0000E+00 0.0000E+00 0.0000E+00 0.0000E+00 3.4158E-13 7.0720E-13 1.1320E-12 1.9445E-12 2.8134E-12 3.0672E-12 4.0795E-12 5.1609E-12 5.6205E-12 6.8773E-12 8.2188E-12 9.2951E-12 1.0495E-11 1.2154E-11 1.3202E-11 1.5265E-11 1.7595E-11 1.9091E-11 2.1766E-11 2.3591E-11 2.6657E-11 2.9389E-11 3.2370E-11 3.5552E-11 3.9013E-11 4.2705E-11 4.6708E-11 5.1540E-11 5.5587E-11 6.1070E-11 6.5783E-11 7.1972E-11 7.7427E-11 8.4390E-11
0.0000E+00 0.0000E+00 0.0000E+00 0.0000E+00 0.0000E+00 0.0000E+00 0.0000E+00 0.0000E+00 0.0000E+00 0.0000E+00 0.0000E+00 0.0000E+00 0.0000E+00 0.0000E+00 0.0000E+00 0.0000E+00 0.0000E+00 0.0000E+00 0.0000E+00 0.0000E+00 0.0000E+00 0.0000E+00 0.0000E+00 3.3395E-13 3.6436E-13 1.1073E-12 1.9030E-12 2.7548E-12 3.0033E-12 3.9967E-12 5.0588E-12 5.5094E-12 6.7448E-12 8.0644E-12 8.7720E-12 1.0303E-11 1.1937E-11 1.2967E-11 1.5001E-11 1.6793E-11 1.8771E-11 2.1413E-11 2.3209E-11 2.6238E-11 2.8409E-11 3.1876E-11 3.5018E-11 3.8437E-11 4.2083E-11 4.6039E-11 5.0821E-11 5.4816E-11 6.0245E-11 6.4899E-11 7.1029E-11 7.6419E-11 8.3318E-11
0.0000E+00 0.0000E+00 0.0000E+00 0.0000E+00 0.0000E+00 0.0000E+00 0.0000E+00 0.0000E+00 0.0000E+00 0.0000E+00 0.0000E+00 0.0000E+00 0.0000E+00 0.0000E+00 0.0000E+00 0.0000E+00 0.0000E+00 0.0000E+00 0.0000E+00 0.0000E+00 0.0000E+00 0.0000E+00 0.0000E+00 0.0000E+00 3.5590E-13 1.0820E-12 1.8606E-12 2.0286E-12 2.9381E-12 3.9120E-12 4.9541E-12 5.3954E-12 6.6087E-12 7.9055E-12 8.5993E-12 1.0105E-11 1.1713E-11 1.2724E-11 1.4727E-11 1.6492E-11 1.8440E-11 2.1045E-11 2.2812E-11 2.5801E-11 2.7937E-11 3.1361E-11 3.4460E-11 3.7833E-11 4.1432E-11 4.5337E-11 5.0066E-11 5.4005E-11 5.9375E-11 6.3966E-11 7.0033E-11 7.5353E-11 8.2182E-11
0.0000E+00 0.0000E+00 0.0000E+00 0.0000E+00 0.0000E+00 0.0000E+00 0.0000E+00 0.0000E+00 0.0000E+00 0.0000E+00 0.0000E+00 0.0000E+00 0.0000E+00 0.0000E+00 0.0000E+00 0.0000E+00 0.0000E+00 0.0000E+00 0.0000E+00 0.0000E+00 0.0000E+00 0.0000E+00 0.0000E+00 0.0000E+00 3.4732E-13 1.0564E-12 1.1517E-12 1.9816E-12 2.8716E-12 3.8255E-12 4.1666E-12 5.2789E-12 6.4693E-12 7.0382E-12 8.4221E-12 9.9015E-12 1.1482E-11 1.2474E-11 1.4445E-11 1.6180E-11 1.8097E-11 2.0665E-11 2.2400E-11 2.5348E-11 2.7447E-11 3.0825E-11 3.3879E-11 3.7204E-11 4.0752E-11 4.4604E-11 4.9275E-11 5.3155E-11 5.8463E-11 6.2988E-11 6.8986E-11 7.4232E-11 8.0986E-11
0.0000E+00 0.0000E+00 0.0000E+00 0.0000E+00 0.0000E+00 0.0000E+00 0.0000E+00 0.0000E+00 0.0000E+00 0.0000E+00 0.0000E+00 0.0000E+00 0.0000E+00 0.0000E+00 0.0000E+00 0.0000E+00 0.0000E+00 0.0000E+00 0.0000E+00 0.0000E+00 0.0000E+00 0.0000E+00 0.0000E+00 0.0000E+00 3.3863E-13 3.6913E-13 1.1234E-12 1.9339E-12 2.8041E-12 3.0543E-12 4.0708E-12 5.1602E-12 6.3269E-12 6.8834E-12 8.2409E-12 9.6931E-12 1.0532E-11 1.2217E-11 1.4156E-11 1.5362E-11 1.7745E-11 1.9759E-11 2.1976E-11 2.4879E-11 2.6941E-11 3.0270E-11 3.3276E-11 3.6551E-11 4.0046E-11 4.3842E-11 4.8452E-11 5.2270E-11 5.7511E-11 6.1967E-11 6.7891E-11 7.3059E-11 7.9732E-11
