Assets/Resources/2015_m01_d03_1900(utc+0800)_l00_csi_1hr_conc.grd
DSAA
         159         159
     -79.000      79.000
     -79.000      79.000
  0.0000E+00  0.2721E-04
[rows 25 to 49 of 159, columns 0 to 56 of 159]
0.0000E+00 0.0000E+00 0.0000E+00 0.0000E+00 0.0000E+00 0.0000E+00 0.0000E+00 0.0000E+00 4.3273E-13 2.2354E-12 3.2787E-12 3.8976E-12 4.4116E-12 5.0890E-12 5.5365E-12 6.2833E-12 6.9349E-12 7.6195E-12 8.3462E-12 9.1093E-12 9.9167E-12 1.0764E-11 1.1795E-11 1.2595E-11 1.3604E-11 1.4454E-11 1.5658E-11 1.6605E-11 1.7804E-11 1.8848E-11 2.0151E-11 2.1298E-11 2.2708E-11 2.3857E-11 2.5484E-11 2.6746E-11 2.8488E-11 2.9868E-11 3.1726E-11 3.3228E-11 3.4782E-11 3.6829E-11 3.8512E-11 4.0250E-11 4.2488E-11 4.4360E-11 4.6289E-11 4.8722E-11 5.0788E-11 5.3819E-11 5.6363E-11 5.9587E-11 6.2615E-11 6.7013E-11 7.0173E-11 7.3332E-11 7.6693E-11
0.0000E+00 0.0000E+00 0.0000E+00 0.0000E+00 0.0000E+00 0.0000E+00 0.0000E+00 1.0729E-13 1.3265E-12 2.9824E-12 3.6546E-12 4.1526E-12 4.8213E-12 5.2516E-12 5.9894E-12 6.4872E-12 7.4320E-12 8.0109E-12 8.8978E-12 9.5557E-12 1.0529E-11 1.1411E-11 1.2336E-11 1.3235E-11 1.4176E-11 1.5368E-11 1.6204E-11 1.7497E-11 1.8430E-11 1.9829E-11 2.0971E-11 2.2374E-11 2.3519E-11 2.5142E-11 2.6401E-11 2.8142E-11 2.9521E-11 3.1380E-11 3.2883E-11 3.4441E-11 3.6493E-11 3.8182E-11 4.0031E-11 4.2177E-11 4.4059E-11 4.6106E-11 4.8452E-11 5.0534E-11 5.3906E-11 5.6465E-11 5.9747E-11 6.3122E-11 6.6934E-11 6.9954E-11 7.3068E-11 7.6345E-11 7.9816E-11
0.0000E+00 0.0000E+00 0.0000E+00 0.0000E+00 0.0000E+00 0.0000E+00 0.0000E+00 4.3357E-13 2.2629E-12 3.4131E-12 3.9010E-12 4.4201E-12 5.1048E-12 5.6951E-12 6.3153E-12 6.9774E-12 7.6729E-12 8.5498E-12 9.1902E-12 1.0288E-11 1.1021E-11 1.2071E-11 1.2857E-11 1.3889E-11 1.4970E-11 1.5896E-11 1.7178E-11 1.8103E-11 1.9492E-11 2.0522E-11 2.2023E-11 2.3162E-11 2.4779E-11 2.6034E-11 2.7771E-11 2.9147E-11 3.1006E-11 3.2509E-11 3.4067E-11 3.6123E-11 3.7815E-11 3.9995E-11 4.1825E-11 4.3715E-11 4.5990E-11 4.8134E-11 5.0229E-11 5.3634E-11 5.6521E-11 5.9838E-11 6.3272E-11 6.6811E-11 6.9849E-11 7.3227E-11 7.6190E-11 7.9304E-11 8.3030E-11
0.0000E+00 0.0000E+00 0.0000E+00 0.0000E+00 0.0000E+00 0.0000E+00 1.0753E-13 1.2219E-12 2.8763E-12 3.6512E-12 4.1527E-12 4.8280E-12 5.4009E-12 6.1415E-12 6.6544E-12 7.4724E-12 8.1993E-12 8.9628E-12 9.9103E-12 1.0625E-11 1.1665E-11 1.2472E-11 1.3593E-11 1.4562E-11 1.5578E-11 1.6748E-11 1.7764E-11 1.9141E-11 2.0163E-11 2.1654E-11 2.2786E-11 2.4395E-11 2.5645E-11 2.7376E-11 2.8748E-11 3.0604E-11 3.2105E-11 3.3662E-11 3.5720E-11 3.7413E-11 3.9598E-11 4.1432E-11 4.3328E-11 4.5725E-11 4.7768E-11 5.0471E-11 5.3308E-11 5.6845E-11 5.9880E-11 6.3664E-11 6.6955E-11 6.9698E-11 7.3089E-11 7.6041E-11 7.9114E-11 8.2628E-11 8.6478E-11
0.0000E+00 0.0000E+00 0.0000E+00 0.0000E+00 0.0000E+00 0.0000E+00 4.3325E-13 2.1554E-12 3.3042E-12 4.0242E-12 4.5525E-12 5.1074E-12 5.7041E-12 6.3309E-12 7.1382E-12 7.8470E-12 8.7319E-12 9.3908E-12 1.0366E-11 1.1253E-11 1.2184E-11 1.3192E-11 1.4146E-11 1.5250E-11 1.6306E-11 1.7412E-11 1.8677E-11 1.9790E-11 2.1269E-11 2.2393E-11 2.3992E-11 2.5235E-11 2.6958E-11 2.8325E-11 3.0176E-11 3.1673E-11 3.3443E-11 3.5284E-11 3.6977E-11 3.9164E-11 4.1001E-11 4.2900E-11 4.5306E-11 4.7355E-11 5.0688E-11 5.2928E-11 5.6497E-11 6.0190E-11 6.3701E-11 6.6714E-11 6.9761E-11 7.2909E-11 7.5866E-11 7.8928E-11 8.2536E-11 8.6050E-11 8.9742E-11
0.0000E+00 0.0000E+00 0.0000E+00 0.0000E+00 0.0000E+00 1.0748E-13 1.0101E-12 2.7640E-12 3.6385E-12 4.2789E-12 4.8221E-12 5.3997E-12 6.1470E-12 6.8037E-12 7.4935E-12 8.3667E-12 9.0049E-12 1.0102E-11 1.0837E-11 1.1891E-11 1.2784E-11 1.3721E-11 1.4913E-11 1.5854E-11 1.7050E-11 1.8200E-11 1.9403E-11 2.0768E-11 2.1984E-11 2.3572E-11 2.4806E-11 2.6520E-11 2.7879E-11 2.9722E-11 3.1214E-11 3.2979E-11 3.4817E-11 3.6507E-11 3.8695E-11 4.0531E-11 4.2432E-11 4.4844E-11 4.6898E-11 5.0248E-11 5.2797E-11 5.6093E-11 6.0123E-11 6.3688E-11 6.6407E-11 6.9625E-11 7.2667E-11 7.5647E-11 7.8713E-11 8.2314E-11 8.5787E-11 8.9284E-11 9.3236E-11
0.0000E+00 0.0000E+00 0.0000E+00 0.0000E+00 0.0000E+00 4.3177E-13 1.9402E-12 3.2874E-12 4.0077E-12 4.5389E-12 5.0968E-12 5.8328E-12 6.4696E-12 7.2788E-12 8.0007E-12 8.7592E-12 9.5681E-12 1.0417E-11 1.1458E-11 1.2371E-11 1.3394E-11 1.4471E-11 1.5394E-11 1.6678E-11 1.7711E-11 1.9004E-11 2.0355E-11 2.1560E-11 2.3134E-11 2.4358E-11 2.6061E-11 2.7412E-11 2.9245E-11 3.0730E-11 3.2489E-11 3.4320E-11 3.6006E-11 3.8191E-11 4.0026E-11 4.1925E-11 4.4340E-11 4.6396E-11 4.9760E-11 5.2933E-11 5.6245E-11 6.0009E-11 6.3294E-11 6.6169E-11 6.9425E-11 7.2352E-11 7.5360E-11 7.8590E-11 8.2211E-11 8.5526E-11 8.8978E-11 9.2881E-11 9.7116E-11
0.0000E+00 0.0000E+00 0.0000E+00 0.0000E+00 1.0714E-13 1.0051E-12 2.5421E-12 3.6163E-12 4.2583E-12 4.8037E-12 5.5204E-12 6.1367E-12 6.7992E-12 7.4952E-12 8.3785E-12 9.1663E-12 1.0137E-11 1.1023E-11 1.1953E-11 1.2963E-11 1.3920E-11 1.5030E-11 1.6197E-11 1.7211E-11 1.8593E-11 1.9829E-11 2.1121E-11 2.2580E-11 2.3894E-11 2.5583E-11 2.6924E-11 2.8746E-11 3.0222E-11 3.1972E-11 3.3796E-11 3.5475E-11 3.7655E-11 3.9485E-11 4.1382E-11 4.3796E-11 4.5853E-11 4.9227E-11 5.2727E-11 5.6370E-11 6.0166E-11 6.2839E-11 6.5871E-11 6.9016E-11 7.1965E-11 7.4999E-11 7.8543E-11 8.1915E-11 8.5235E-11 8.8671E-11 9.2678E-11 9.6596E-11 1.0067E-10
0.0000E+00 0.0000E+00 0.0000E+00 0.0000E+00 3.2391E-13 1.5899E-12 3.0619E-12 3.9808E-12 4.5135E-12 5.0729E-12 5.8129E-12 6.4538E-12 7.2690E-12 7.9979E-12 8.7638E-12 9.7202E-12 1.0584E-11 1.1634E-11 1.2527E-11 1.3464E-11 1.4660E-11 1.5709E-11 1.6809E-11 1.8173E-11 1.9290E-11 2.0670E-11 2.2011E-11 2.3414E-11 2.4986E-11 2.6417E-11 2.8123E-11 2.9691E-11 3.1324E-11 3.3244E-11 3.4915E-11 3.7088E-11 3.8911E-11 4.0803E-11 4.3214E-11 4.5268E-11 4.8648E-11 5.2159E-11 5.5820E-11 5.9639E-11 6.2323E-11 6.5658E-11 6.8539E-11 7.1507E-11 7.4564E-11 7.8285E-11 8.1544E-11 8.4892E-11 8.8471E-11 9.2476E-11 9.6207E-11 1.0011E-10 1.0460E-10
0.0000E+00 0.0000E+00 0.0000E+00 0.0000E+00 7.8886E-13 2.4194E-12 3.4862E-12 4.2268E-12 4.7729E-12 5.4918E-12 6.1104E-12 6.9122E-12 7.6183E-12 8.5024E-12 9.3033E-12 1.0145E-11 1.1180E-11 1.2088E-11 1.3109E-11 1.4186E-11 1.5214E-11 1.6399E-11 1.7644E-11 1.8740E-11 2.0207E-11 2.1429E-11 2.2919E-11 2.4373E-11 2.5892E-11 2.7480E-11 2.9138E-11 3.0759E-11 3.2668E-11 3.4328E-11 3.6491E-11 3.8306E-11 4.0190E-11 4.2596E-11 4.4644E-11 4.8026E-11 5.1545E-11 5.5218E-11 5.9057E-11 6.1749E-11 6.5101E-11 6.7996E-11 7.0980E-11 7.4333E-11 7.7807E-11 8.1092E-11 8.4468E-11 8.8364E-11 9.2096E-11 9.5809E-11 9.9672E-11 1.0415E-10 1.0865E-10
0.0000E+00 0.0000E+00 0.0000E+00 2.1641E-13 1.3673E-12 2.9311E-12 3.8145E-12 4.4767E-12 5.1740E-12 5.7780E-12 6.4212E-12 7.2403E-12 7.9744E-12 8.8867E-12 9.8455E-12 1.0724E-11 1.1646E-11 1.2651E-11 1.3708E-11 1.4714E-11 1.5883E-11 1.7004E-11 1.8288E-11 1.9634E-11 2.0834E-11 2.2411E-11 2.3744E-11 2.5351E-11 2.6924E-11 2.8566E-11 3.0066E-11 3.2068E-11 3.3716E-11 3.5866E-11 3.7671E-11 3.9545E-11 4.1942E-11 4.3983E-11 4.7363E-11 5.0885E-11 5.5494E-11 5.8420E-11 6.1253E-11 6.4483E-11 6.7388E-11 7.0385E-11 7.4043E-11 7.7254E-11 8.0560E-11 8.3962E-11 8.8038E-11 9.1658E-11 9.5374E-11 9.9358E-11 1.0380E-10 1.0801E-10 1.1250E-10
0.0000E+00 0.0000E+00 0.0000E+00 6.7833E-13 1.9573E-12 3.2467E-12 4.1846E-12 4.7300E-12 5.4492E-12 6.0684E-12 6.8731E-12 7.5823E-12 8.4714E-12 9.2784E-12 1.0268E-11 1.1172E-11 1.2192E-11 1.3226E-11 1.4314E-11 1.5361E-11 1.6460E-11 1.7827E-11 1.9052E-11 2.0336E-11 2.1791E-11 2.3101E-11 2.4796E-11 2.6246E-11 2.7976E-11 2.9461E-11 3.1446E-11 3.3080E-11 3.5215E-11 3.7007E-11 3.8869E-11 4.1256E-11 4.3596E-11 4.6660E-11 5.0181E-11 5.5122E-11 5.7730E-11 6.0846E-11 6.3806E-11 6.6718E-11 6.9724E-11 7.3401E-11 7.6627E-11 7.9951E-11 8.3512E-11 8.7482E-11 9.1130E-11 9.4878E-11 9.9154E-11 1.0330E-10 1.0746E-10 1.1181E-10 1.1687E-10
0.0000E+00 0.0000E+00 1.0850E-13 1.1477E-12 2.6934E-12 3.6697E-12 4.4286E-12 5.1246E-12 5.7284E-12 6.5092E-12 7.1930E-12 8.0663E-12 8.8473E-12 9.8122E-12 1.0698E-11 1.1732E-11 1.2742E-11 1.3813E-11 1.4835E-11 1.6016E-11 1.7261E-11 1.8462E-11 1.9828E-11 2.1160E-11 2.2554E-11 2.4227E-11 2.5552E-11 2.7370E-11 2.8838E-11 3.0803E-11 3.2422E-11 3.4435E-11 3.6317E-11 3.8166E-11 4.0538E-11 4.3171E-11 4.5921E-11 4.9436E-11 5.4385E-11 5.6991E-11 6.0252E-11 6.3071E-11 6.5987E-11 6.8999E-11 7.2690E-11 7.5927E-11 7.9265E-11 8.3129E-11 8.6842E-11 9.0514E-11 9.4289E-11 9.8750E-11 1.0276E-10 1.0690E-10 1.1134E-10 1.1629E-10 1.2108E-10
0.0000E+00 0.0000E+00 4.6154E-13 1.6246E-12 3.2040E-12 4.1321E-12 4.6754E-12 5.3929E-12 6.0111E-12 6.8164E-12 7.5269E-12 8.4186E-12 9.3663E-12 1.0225E-11 1.1271E-11 1.2264E-11 1.3208E-11 1.4307E-11 1.5469E-11 1.6689E-11 1.7866E-11 1.9213E-11 2.0519E-11 2.1997E-11 2.3545E-11 2.4953E-11 2.6748E-11 2.8198E-11 3.0142E-11 3.1744E-11 3.3632E-11 3.5603E-11 3.7435E-11 3.9791E-11 4.2106E-11 4.5146E-11 4.9587E-11 5.3603E-11 5.6203E-11 5.9464E-11 6.2281E-11 6.5197E-11 6.8348E-11 7.1912E-11 7.5157E-11 7.8505E-11 8.2533E-11 8.6119E-11 8.9810E-11 9.3748E-11 9.8104E-11 1.0215E-10 1.0629E-10 1.1101E-10 1.1563E-10 1.2030E-10 1.2523E-10
0.0000E+00 1.0717E-13 9.2504E-13 2.2461E-12 3.4158E-12 4.3696E-12 5.0624E-12 5.6645E-12 6.4442E-12 7.1275E-12 8.0022E-12 8.7851E-12 9.7536E-12 1.0781E-11 1.1684E-11 1.2703E-11 1.3783E-11 1.4919E-11 1.6114E-11 1.7370E-11 1.8591E-11 1.9872E-11 2.1431E-11 2.2853E-11 2.4343E-11 2.6012E-11 2.7544E-11 2.9362E-11 3.1047E-11 3.2915E-11 3.4866E-11 3.6681E-11 3.9018E-11 4.1315E-11 4.4337E-11 4.8768E-11 5.2778E-11 5.5369E-11 5.8626E-11 6.1438E-11 6.4350E-11 6.7926E-11 7.1070E-11 7.4319E-11 7.7674E-11 8.1716E-11 8.5314E-11 8.9022E-11 9.3264E-11 9.7365E-11 1.0143E-10 1.0561E-10 1.1049E-10 1.1494E-10 1.1956E-10 1.2453E-10 1.3007E-10
0.0000E+00 2.1658E-13 1.3669E-12 2.8529E-12 3.8344E-12 4.6093E-12 5.3233E-12 5.9388E-12 6.7426E-12 7.5902E-12 8.3443E-12 9.2944E-12 1.0155E-11 1.1206E-11 1.2205E-11 1.3258E-11 1.4368E-11 1.5537E-11 1.6772E-11 1.7965E-11 1.9325E-11 2.0757E-11 2.2152E-11 2.3723E-11 2.5264E-11 2.6877E-11 2.8567E-11 3.0334E-11 3.2073E-11 3.4109E-11 3.5904E-11 3.8219E-11 4.0497E-11 4.3498E-11 4.7912E-11 5.1912E-11 5.4491E-11 5.7741E-11 6.0544E-11 6.3450E-11 6.7025E-11 7.0167E-11 7.3415E-11 7.6772E-11 8.0825E-11 8.4431E-11 8.8150E-11 9.2558E-11 9.6532E-11 1.0062E-10 1.0483E-10 1.0974E-10 1.1420E-10 1.1881E-10 1.2387E-10 1.2917E-10 1.3443E-10
0.0000E+00 4.6678E-13 1.7431E-12 3.2279E-12 4.1657E-12 4.8509E-12 5.5867E-12 6.3633E-12 7.0441E-12 7.9180E-12 8.8393E-12 9.6701E-12 1.0701E-11 1.1709E-11 1.2735E-11 1.3817E-11 1.4964E-11 1.6171E-11 1.7335E-11 1.8774E-11 2.0078E-11 2.1445E-11 2.3094E-11 2.4505E-11 2.6198E-11 2.7757E-11 2.9606E-11 3.1213E-11 3.3333E-11 3.5107E-11 3.7397E-11 3.9346E-11 4.2631E-11 4.7023E-11 5.1008E-11 5.3572E-11 5.6810E-11 5.9602E-11 6.2498E-11 6.6067E-11 6.9203E-11 7.2448E-11 7.5804E-11 7.9862E-11 8.3472E-11 8.7198E-11 9.1621E-11 9.5609E-11 9.9716E-11 1.0422E-10 1.0889E-10 1.1338E-10 1.1799E-10 1.2333E-10 1.2829E-10 1.3346E-10 1.3889E-10
1.0817E-13 9.3300E-13 2.2624E-12 3.4370E-12 4.4000E-12 5.1057E-12 5.8521E-12 6.6523E-12 7.4972E-12 8.2492E-12 9.1990E-12 1.0200E-11 1.1216E-11 1.2115E-11 1.3274E-11 1.4392E-11 1.5570E-11 1.6811E-11 1.8019E-11 1.9394E-11 2.0838E-11 2.2358E-11 2.3738E-11 2.5510E-11 2.6937E-11 2.8865E-11 3.0449E-11 3.2541E-11 3.4291E-11 3.6449E-11 3.8481E-11 4.1737E-11 4.5796E-11 5.0068E-11 5.2614E-11 5.5837E-11 5.8615E-11 6.1496E-11 6.5057E-11 6.8183E-11 7.1421E-11 7.5337E-11 7.8830E-11 8.2440E-11 8.6168E-11 9.0602E-11 9.4599E-11 9.8718E-11 1.0354E-10 1.0793E-10 1.1245E-10 1.1709E-10 1.2245E-10 1.2739E-10 1.3250E-10 1.3798E-10 1.4403E-10
4.5882E-13 1.5060E-12 2.8664E-12 3.9901E-12 4.6357E-12 5.3624E-12 6.1310E-12 6.9437E-12 7.8142E-12 8.7333E-12 9.5624E-12 1.0594E-11 1.1603E-11 1.2631E-11 1.3822E-11 1.4870E-11 1.6085E-11 1.7363E-11 1.8708E-11 2.0127E-11 2.1511E-11 2.3073E-11 2.4712E-11 2.6216E-11 2.8011E-11 2.9672E-11 3.1630E-11 3.3459E-11 3.5590E-11 3.7596E-11 4.0819E-11 4.4848E-11 4.9095E-11 5.1620E-11 5.4825E-11 5.7584E-11 6.0449E-11 6.3996E-11 6.7109E-11 7.0336E-11 7.4245E-11 7.7732E-11 8.1337E-11 8.5064E-11 8.9502E-11 9.3504E-11 9.7630E-11 1.0246E-10 1.0687E-10 1.1141E-10 1.1607E-10 1.2147E-10 1.2642E-10 1.3152E-10 1.3723E-10 1.4291E-10 1.4870E-10
4.6956E-13 1.6765E-12 3.0630E-12 4.2149E-12 5.0124E-12 5.6207E-12 6.4120E-12 7.2488E-12 8.1339E-12 9.0809E-12 1.0080E-11 1.1096E-11 1.1994E-11 1.3156E-11 1.4277E-11 1.5460E-11 1.6707E-11 1.8027E-11 1.9414E-11 2.0765E-11 2.2402E-11 2.3908E-11 2.5487E-11 2.7147E-11 2.8885E-11 3.0707E-11 3.2613E-11 3.4608E-11 3.6692E-11 3.9879E-11 4.3563E-11 4.8090E-11 5.0593E-11 5.3775E-11 5.6513E-11 5.9358E-11 6.2888E-11 6.5985E-11 6.9196E-11 7.3094E-11 7.6570E-11 8.0167E-11 8.3887E-11 8.8326E-11 9.2327E-11 9.6456E-11 1.0130E-10 1.0572E-10 1.1027E-10 1.1524E-10 1.2037E-10 1.2535E-10 1.3046E-10 1.3631E-10 1.4179E-10 1.4748E-10 1.5345E-10
9.3602E-13 2.2669E-12 3.7080E-12 4.5418E-12 5.2602E-12 6.0211E-12 6.6948E-12 7.5564E-12 8.6061E-12 9.4313E-12 1.0460E-11 1.1468E-11 1.2598E-11 1.3688E-11 1.4838E-11 1.6060E-11 1.7347E-11 1.8701E-11 2.0125E-11 2.1628E-11 2.3100E-11 2.4753E-11 2.6275E-11 2.8089E-11 2.9773E-11 3.1756E-11 3.3611E-11 3.5773E-11 3.8628E-11 4.2566E-11 4.7058E-11 4.9534E-11 5.2691E-11 5.5405E-11 5.8227E-11 6.1736E-11 6.4812E-11 6.8005E-11 7.1887E-11 7.5348E-11 7.8933E-11 8.2642E-11 8.7075E-11 9.1071E-11 9.5198E-11 1.0005E-10 1.0447E-10 1.0903E-10 1.1430E-10 1.1916E-10 1.2416E-10 1.2930E-10 1.3517E-10 1.4063E-10 1.4627E-10 1.5214E-10 1.5890E-10
1.5067E-12 2.6570E-12 3.9215E-12 4.9080E-12 5.5090E-12 6.2920E-12 7.1212E-12 7.8660E-12 8.9409E-12 9.9354E-12 1.0948E-11 1.1844E-11 1.3005E-11 1.4228E-11 1.5416E-11 1.6668E-11 1.7988E-11 1.9385E-11 2.0853E-11 2.2290E-11 2.3912E-11 2.5399E-11 2.7286E-11 2.8830E-11 3.0888E-11 3.2603E-11 3.4840E-11 3.7358E-11 4.0937E-11 4.6000E-11 4.8448E-11 5.1575E-11 5.4263E-11 5.7059E-11 6.0542E-11 6.3595E-11 6.6765E-11 7.0627E-11 7.4070E-11 7.7637E-11 8.1622E-11 8.5755E-11 8.9741E-11 9.3861E-11 9.8709E-11 1.0313E-10 1.0769E-10 1.1298E-10 1.1785E-10 1.2286E-10 1.2802E-10 1.3392E-10 1.3939E-10 1.4502E-10 1.5098E-10 1.5750E-10 1.6386E-10
1.8048E-12 3.0576E-12 4.2082E-12 5.1466E-12 5.8978E-12 6.5639E-12 7.4173E-12 8.3209E-12 9.2777E-12 1.0301E-11 1.1305E-11 1.2433E-11 1.3520E-11 1.4776E-11 1.5893E-11 1.7285E-11 1.8646E-11 1.9972E-11 2.1484E-11 2.3070E-11 2.4629E-11 2.6376E-11 2.7992E-11 2.9908E-11 3.1696E-11 3.3791E-11 3.6073E-11 3.9605E-11 4.4919E-11 4.7336E-11 5.0431E-11 5.3089E-11 5.5856E-11 5.9310E-11 6.2336E-11 6.5480E-11 6.9318E-11 7.2738E-11 7.6285E-11 8.0251E-11 8.4368E-11 8.8340E-11 9.2448E-11 9.7288E-11 1.0170E-10 1.0626E-10 1.1155E-10 1.1643E-10 1.2145E-10 1.2662E-10 1.3255E-10 1.3804E-10 1.4368E-10 1.4992E-10 1.5609E-10 1.6236E-10 1.6891E-10
2.3936E-12 3.5923E-12 4.4280E-12 5.2522E-12 6.1581E-12 6.9776E-12 7.7145E-12 8.6443E-12 9.7676E-12 1.0774E-11 1.1769E-11 1.2822E-11 1.4043E-11 1.5230E-11 1.6482E-11 1.7910E-11 1.9205E-11 2.0679E-11 2.2228E-11 2.3857E-11 2.5464E-11 2.7150E-11 2.8923E-11 3.0782E-11 3.2732E-11 3.4774E-11 3.8256E-11 4.3516E-11 4.6202E-11 4.9261E-11 5.1887E-11 5.4622E-11 5.8043E-11 6.1039E-11 6.4154E-11 6.7963E-11 7.1357E-11 7.4879E-11 7.8822E-11 8.2918E-11 8.6871E-11 9.0962E-11 9.5790E-11 1.0020E-10 1.0475E-10 1.1003E-10 1.1491E-10 1.1993E-10 1.2569E-10 1.3105E-10 1.3656E-10 1.4222E-10 1.4864E-10 1.5464E-10 1.6084E-10 1.6730E-10 1.7464E-10
2.4414E-12 3.9032E-12 4.8884E-12 5.4937E-12 6.2843E-12 7.2617E-12 8.1554E-12 8.9691E-12 1.0118E-11 1.1116E-11 1.2237E-11 1.3320E-11 1.4572E-11 1.5788E-11 1.7080E-11 1.8442E-11 1.9877E-11 2.1388E-11 2.2983E-11 2.4551E-11 2.6305E-11 2.7935E-11 2.9863E-11 3.1667E-11 3.3779E-11 3.7206E-11 4.1793E-11 4.5048E-11 4.8068E-11 5.0659E-11 5.3360E-11 5.6744E-11 5.9707E-11 6.2790E-11 6.6428E-11 6.9930E-11 7.3423E-11 7.7339E-11 8.1409E-11 8.5338E-11 8.9409E-11 9.4218E-11 9.8608E-11 1.0314E-10 1.0842E-10 1.1329E-10 1.1831E-10 1.2408E-10 1.2944E-10 1.3496E-10 1.4064E-10 1.4707E-10 1.5309E-10 1.5928E-10 1.6567E-10 1.7292E-10 1.7988E-10
