Assets/Resources/2015_m01_d10_1700(utc+0800)_l00_csi_1hr_conc.grd
DSAA
         159         159
     -79.000      79.000
     -79.000      79.000
  0.1055E-09  0.7696E-05
[rows 0 to 24 of 159, columns 0 to 56 of 159]
1.0551E-10 1.0744E-10 1.0939E-10 1.1136E-10 1.1336E-10 1.1569E-10 1.1815E-10 1.2036E-10 1.2289E-10 1.2581E-10 1.2824E-10 1.3141E-10 1.3472E-10 1.3792E-10 1.4171E-10 1.4584E-10 1.5000E-10 1.5391E-10 1.5849E-10 1.6258E-10 1.6692E-10 1.7167E-10 1.7612E-10 1.8041E-10 1.8498E-10 1.8938E-10 1.9358E-10 1.9833E-10 2.0343E-10 2.0846E-10 2.1406E-10 2.1971E-10 2.2501E-10 2.3106E-10 2.3695E-10 2.4214E-10 2.4828E-10 2.5428E-10 2.6038E-10 2.6689E-10 2.7341E-10 2.7950E-10 2.8588E-10 2.9180E-10 2.9784E-10 3.0365E-10 3.0968E-10 3.1579E-10 3.2176E-10 3.2804E-10 3.3453E-10 3.4075E-10 3.4730E-10 3.5393E-10 3.6040E-10 3.6732E-10 3.7432E-10
1.0721E-10 1.0917E-10 1.1115E-10 1.1316E-10 1.1550E-10 1.1797E-10 1.2019E-10 1.2274E-10 1.2556E-10 1.2811E-10 1.3129E-10 1.3451E-10 1.3782E-10 1.4162E-10 1.4577E-10 1.4967E-10 1.5395E-10 1.5849E-10 1.6259E-10 1.6696E-10 1.7173E-10 1.7622E-10 1.8058E-10 1.8514E-10 1.8968E-10 1.9381E-10 1.9870E-10 2.0362E-10 2.0880E-10 2.1451E-10 2.2024E-10 2.2549E-10 2.3159E-10 2.3745E-10 2.4278E-10 2.4898E-10 2.5530E-10 2.6121E-10 2.6797E-10 2.7456E-10 2.8062E-10 2.8702E-10 2.9320E-10 2.9914E-10 3.0516E-10 3.1116E-10 3.1737E-10 3.2343E-10 3.2982E-10 3.3642E-10 3.4275E-10 3.4942E-10 3.5617E-10 3.6289E-10 3.6981E-10 3.7694E-10 3.8394E-10
1.0892E-10 1.1092E-10 1.1294E-10 1.1528E-10 1.1747E-10 1.1989E-10 1.2255E-10 1.2529E-10 1.2794E-10 1.3113E-10 1.3437E-10 1.3768E-10 1.4150E-10 1.4557E-10 1.4958E-10 1.5380E-10 1.5834E-10 1.6256E-10 1.6695E-10 1.7175E-10 1.7626E-10 1.8065E-10 1.8524E-10 1.8982E-10 1.9398E-10 1.9882E-10 2.0411E-10 2.0926E-10 2.1493E-10 2.2050E-10 2.2590E-10 2.3197E-10 2.3814E-10 2.4334E-10 2.4960E-10 2.5589E-10 2.6231E-10 2.6877E-10 2.7551E-10 2.8175E-10 2.8805E-10 2.9431E-10 3.0033E-10 3.0632E-10 3.1253E-10 3.1883E-10 3.2499E-10 3.3148E-10 3.3818E-10 3.4462E-10 3.5140E-10 3.5827E-10 3.6512E-10 3.7217E-10 3.7943E-10 3.8668E-10 3.9389E-10
1.1066E-10 1.1268E-10 1.1504E-10 1.1723E-10 1.1966E-10 1.2233E-10 1.2464E-10 1.2755E-10 1.3094E-10 1.3409E-10 1.3742E-10 1.4127E-10 1.4533E-10 1.4945E-10 1.5369E-10 1.5824E-10 1.6248E-10 1.6694E-10 1.7171E-10 1.7625E-10 1.8067E-10 1.8529E-10 1.8990E-10 1.9413E-10 1.9896E-10 2.0420E-10 2.0947E-10 2.1510E-10 2.2079E-10 2.2623E-10 2.3235E-10 2.3835E-10 2.4382E-10 2.5005E-10 2.5655E-10 2.6295E-10 2.6941E-10 2.7628E-10 2.8296E-10 2.8897E-10 2.9531E-10 3.0141E-10 3.0749E-10 3.1378E-10 3.2017E-10 3.2643E-10 3.3301E-10 3.3982E-10 3.4637E-10 3.5326E-10 3.6024E-10 3.6721E-10 3.7438E-10 3.8178E-10 3.8916E-10 3.9651E-10 4.0434E-10
1.1241E-10 1.1477E-10 1.1697E-10 1.1941E-10 1.2198E-10 1.2440E-10 1.2731E-10 1.3071E-10 1.3330E-10 1.3712E-10 1.4107E-10 1.4472E-10 1.4909E-10 1.5353E-10 1.5800E-10 1.6236E-10 1.6684E-10 1.7154E-10 1.7619E-10 1.8063E-10 1.8528E-10 1.8992E-10 1.9418E-10 1.9896E-10 2.0432E-10 2.0954E-10 2.1528E-10 2.2092E-10 2.2667E-10 2.3274E-10 2.3861E-10 2.4421E-10 2.5041E-10 2.5694E-10 2.6351E-10 2.7002E-10 2.7703E-10 2.8371E-10 2.8979E-10 2.9621E-10 3.0239E-10 3.0854E-10 3.1492E-10 3.2140E-10 3.2775E-10 3.3443E-10 3.4133E-10 3.4799E-10 3.5498E-10 3.6208E-10 3.6916E-10 3.7646E-10 3.8398E-10 3.9150E-10 3.9898E-10 4.0695E-10 4.1477E-10
1.1417E-10 1.1658E-10 1.1912E-10 1.2141E-10 1.2404E-10 1.2705E-10 1.3035E-10 1.3305E-10 1.3688E-10 1.4074E-10 1.4436E-10 1.4887E-10 1.5333E-10 1.5753E-10 1.6209E-10 1.6668E-10 1.7127E-10 1.7599E-10 1.8054E-10 1.8522E-10 1.8988E-10 1.9417E-10 1.9890E-10 2.0411E-10 2.0954E-10 2.1520E-10 2.2107E-10 2.2677E-10 2.3288E-10 2.3888E-10 2.4444E-10 2.5077E-10 2.5727E-10 2.6397E-10 2.7046E-10 2.7750E-10 2.8435E-10 2.9050E-10 2.9689E-10 3.0324E-10 3.0947E-10 3.1594E-10 3.2250E-10 3.2894E-10 3.3571E-10 3.4271E-10 3.4947E-10 3.5657E-10 3.6377E-10 3.7097E-10 3.7839E-10 3.8603E-10 3.9368E-10 4.0130E-10 4.0941E-10 4.1737E-10 4.2544E-10
1.1626E-10 1.1881E-10 1.2110E-10 1.2374E-10 1.2676E-10 1.2968E-10 1.3267E-10 1.3660E-10 1.4038E-10 1.4410E-10 1.4855E-10 1.5299E-10 1.5730E-10 1.6188E-10 1.6644E-10 1.7094E-10 1.7582E-10 1.8040E-10 1.8510E-10 1.8979E-10 1.9410E-10 1.9886E-10 2.0410E-10 2.0940E-10 2.1508E-10 2.2107E-10 2.2672E-10 2.3281E-10 2.3906E-10 2.4467E-10 2.5085E-10 2.5758E-10 2.6414E-10 2.7088E-10 2.7798E-10 2.8478E-10 2.9111E-10 2.9756E-10 3.0399E-10 3.1029E-10 3.1684E-10 3.2348E-10 3.3001E-10 3.3687E-10 3.4396E-10 3.5082E-10 3.5802E-10 3.6533E-10 3.7264E-10 3.8017E-10 3.8794E-10 3.9571E-10 4.0346E-10 4.1171E-10 4.1981E-10 4.2803E-10 4.3674E-10
1.1817E-10 1.2067E-10 1.2341E-10 1.2633E-10 1.2898E-10 1.3226E-10 1.3629E-10 1.3956E-10 1.4361E-10 1.4826E-10 1.5223E-10 1.5694E-10 1.6154E-10 1.6600E-10 1.7071E-10 1.7554E-10 1.8020E-10 1.8492E-10 1.8956E-10 1.9398E-10 1.9858E-10 2.0402E-10 2.0890E-10 2.1488E-10 2.2089E-10 2.2643E-10 2.3272E-10 2.3909E-10 2.4457E-10 2.5085E-10 2.5773E-10 2.6434E-10 2.7101E-10 2.7835E-10 2.8521E-10 2.9160E-10 2.9812E-10 3.0450E-10 3.1100E-10 3.1761E-10 3.2434E-10 3.3095E-10 3.3789E-10 3.4508E-10 3.5203E-10 3.5933E-10 3.6675E-10 3.7417E-10 3.8181E-10 3.8969E-10 3.9759E-10 4.0547E-10 4.1384E-10 4.2209E-10 4.3045E-10 4.3931E-10 4.4804E-10
1.2031E-10 1.2305E-10 1.2569E-10 1.2853E-10 1.3192E-10 1.3581E-10 1.3882E-10 1.4327E-10 1.4783E-10 1.5138E-10 1.5652E-10 1.6123E-10 1.6557E-10 1.7043E-10 1.7527E-10 1.7986E-10 1.8469E-10 1.8935E-10 1.9379E-10 1.9842E-10 2.0350E-10 2.0870E-10 2.1479E-10 2.2067E-10 2.2620E-10 2.3254E-10 2.3886E-10 2.4437E-10 2.5086E-10 2.5769E-10 2.6429E-10 2.7098E-10 2.7838E-10 2.8554E-10 2.9188E-10 2.9857E-10 3.0490E-10 3.1158E-10 3.1827E-10 3.2496E-10 3.3176E-10 3.3879E-10 3.4595E-10 3.5310E-10 3.6050E-10 3.6802E-10 3.7541E-10 3.8330E-10 3.9129E-10 3.9931E-10 4.0731E-10 4.1582E-10 4.2419E-10 4.3269E-10 4.4170E-10 4.5058E-10 4.5947E-10
1.2256E-10 1.2506E-10 1.2805E-10 1.3154E-10 1.3491E-10 1.3826E-10 1.4256E-10 1.4735E-10 1.5102E-10 1.5587E-10 1.6075E-10 1.6475E-10 1.6993E-10 1.7495E-10 1.7931E-10 1.8440E-10 1.8909E-10 1.9351E-10 1.9820E-10 2.0321E-10 2.0852E-10 2.1455E-10 2.2018E-10 2.2600E-10 2.3245E-10 2.3865E-10 2.4423E-10 2.5087E-10 2.5766E-10 2.6419E-10 2.7110E-10 2.7837E-10 2.8569E-10 2.9216E-10 2.9891E-10 3.0530E-10 3.1194E-10 3.1880E-10 3.2545E-10 3.3244E-10 3.3956E-10 3.4680E-10 3.5404E-10 3.6153E-10 3.6914E-10 3.7664E-10 3.8463E-10 3.9273E-10 4.0074E-10 4.0899E-10 4.1749E-10 4.2600E-10 4.3476E-10 4.4391E-10 4.5294E-10 4.6198E-10 4.7140E-10
1.2455E-10 1.2764E-10 1.3103E-10 1.3392E-10 1.3785E-10 1.4206E-10 1.4629E-10 1.5043E-10 1.5536E-10 1.6028E-10 1.6436E-10 1.6922E-10 1.7447E-10 1.7882E-10 1.8377E-10 1.8873E-10 1.9320E-10 1.9785E-10 2.0286E-10 2.0820E-10 2.1432E-10 2.1981E-10 2.2574E-10 2.3221E-10 2.3816E-10 2.4404E-10 2.5079E-10 2.5731E-10 2.6399E-10 2.7113E-10 2.7836E-10 2.8559E-10 2.9233E-10 2.9902E-10 3.0558E-10 3.1228E-10 3.1910E-10 3.2593E-10 3.3300E-10 3.4019E-10 3.4727E-10 3.5484E-10 3.6242E-10 3.7001E-10 3.7772E-10 3.8581E-10 3.9402E-10 4.0213E-10 4.1050E-10 4.1912E-10 4.2776E-10 4.3665E-10 4.4581E-10 4.5499E-10 4.6430E-10 4.7375E-10 4.8347E-10
1.2710E-10 1.3030E-10 1.3329E-10 1.3741E-10 1.4133E-10 1.4506E-10 1.4998E-10 1.5475E-10 1.5893E-10 1.6372E-10 1.6879E-10 1.7379E-10 1.7841E-10 1.8327E-10 1.8828E-10 1.9284E-10 1.9729E-10 2.0218E-10 2.0789E-10 2.1345E-10 2.1946E-10 2.2548E-10 2.3189E-10 2.3775E-10 2.4378E-10 2.5055E-10 2.5688E-10 2.6389E-10 2.7087E-10 2.7810E-10 2.8560E-10 2.9238E-10 2.9913E-10 3.0564E-10 3.1251E-10 3.1939E-10 3.2629E-10 3.3342E-10 3.4057E-10 3.4785E-10 3.5549E-10 3.6316E-10 3.7072E-10 3.7864E-10 3.8683E-10 3.9491E-10 4.0337E-10 4.1184E-10 4.2058E-10 4.2935E-10 4.3836E-10 4.4765E-10 4.5697E-10 4.6643E-10 4.7603E-10 4.8591E-10 4.9593E-10
1.2925E-10 1.3271E-10 1.3684E-10 1.4078E-10 1.4449E-10 1.4950E-10 1.5399E-10 1.5822E-10 1.6324E-10 1.6811E-10 1.7254E-10 1.7775E-10 1.8275E-10 1.8749E-10 1.9235E-10 1.9689E-10 2.0176E-10 2.0710E-10 2.1257E-10 2.1857E-10 2.2507E-10 2.3072E-10 2.3738E-10 2.4351E-10 2.4988E-10 2.5632E-10 2.6326E-10 2.7071E-10 2.7768E-10 2.8543E-10 2.9222E-10 2.9913E-10 3.0570E-10 3.1262E-10 3.1944E-10 3.2651E-10 3.3372E-10 3.4082E-10 3.4829E-10 3.5601E-10 3.6375E-10 3.7140E-10 3.7941E-10 3.8769E-10 3.9587E-10 4.0430E-10 4.1302E-10 4.2175E-10 4.3062E-10 4.3989E-10 4.4919E-10 4.5863E-10 4.6823E-10 4.7811E-10 4.8800E-10 4.9818E-10 5.0852E-10
1.3220E-10 1.3593E-10 1.3956E-10 1.4382E-10 1.4855E-10 1.5325E-10 1.5745E-10 1.6265E-10 1.6759E-10 1.7198E-10 1.7724E-10 1.8220E-10 1.8674E-10 1.9183E-10 1.9631E-10 2.0109E-10 2.0623E-10 2.1207E-10 2.1809E-10 2.2391E-10 2.3025E-10 2.3648E-10 2.4307E-10 2.4885E-10 2.5601E-10 2.6297E-10 2.6996E-10 2.7712E-10 2.8488E-10 2.9206E-10 2.9890E-10 3.0563E-10 3.1249E-10 3.1948E-10 3.2662E-10 3.3377E-10 3.4105E-10 3.4859E-10 3.5638E-10 3.6396E-10 3.7193E-10 3.8003E-10 3.8840E-10 3.9655E-10 4.0520E-10 4.1402E-10 4.2286E-10 4.3185E-10 4.4124E-10 4.5066E-10 4.6010E-10 4.6996E-10 4.7998E-10 4.9003E-10 5.0036E-10 5.1072E-10 5.2137E-10
1.3515E-10 1.3870E-10 1.4318E-10 1.4764E-10 1.5187E-10 1.5689E-10 1.6166E-10 1.6636E-10 1.7118E-10 1.7661E-10 1.8158E-10 1.8615E-10 1.9123E-10 1.9579E-10 2.0055E-10 2.0574E-10 2.1154E-10 2.1734E-10 2.2336E-10 2.2971E-10 2.3596E-10 2.4203E-10 2.4843E-10 2.5536E-10 2.6252E-10 2.6899E-10 2.7679E-10 2.8421E-10 2.9151E-10 2.9850E-10 3.0534E-10 3.1224E-10 3.1930E-10 3.2659E-10 3.3369E-10 3.4115E-10 3.4875E-10 3.5650E-10 3.6427E-10 3.7231E-10 3.8049E-10 3.8871E-10 3.9718E-10 4.0593E-10 4.1485E-10 4.2367E-10 4.3289E-10 4.4226E-10 4.5181E-10 4.6150E-10 4.7136E-10 4.8165E-10 4.9171E-10 5.0232E-10 5.1284E-10 5.2352E-10 5.3463E-10
1.3797E-10 1.4231E-10 1.4660E-10 1.5096E-10 1.5615E-10 1.6098E-10 1.6539E-10 1.7050E-10 1.7560E-10 1.8061E-10 1.8545E-10 1.9031E-10 1.9515E-10 1.9980E-10 2.0494E-10 2.1038E-10 2.1635E-10 2.2239E-10 2.2906E-10 2.3501E-10 2.4136E-10 2.4786E-10 2.5488E-10 2.6137E-10 2.6855E-10 2.7618E-10 2.8347E-10 2.9114E-10 2.9816E-10 3.0504E-10 3.1189E-10 3.1909E-10 3.2633E-10 3.3359E-10 3.4111E-10 3.4877E-10 3.5635E-10 3.6443E-10 3.7254E-10 3.8080E-10 3.8897E-10 3.9766E-10 4.0650E-10 4.1539E-10 4.2430E-10 4.3375E-10 4.4311E-10 4.5276E-10 4.6271E-10 4.7269E-10 4.8285E-10 4.9331E-10 5.0393E-10 5.1472E-10 5.2557E-10 5.3684E-10 5.4803E-10
1.4136E-10 1.4561E-10 1.5017E-10 1.5516E-10 1.5961E-10 1.6448E-10 1.6964E-10 1.7490E-10 1.7938E-10 1.8468E-10 1.8960E-10 1.9447E-10 1.9911E-10 2.0432E-10 2.0920E-10 2.1556E-10 2.2171E-10 2.2773E-10 2.3400E-10 2.4060E-10 2.4703E-10 2.5326E-10 2.6074E-10 2.6776E-10 2.7558E-10 2.8263E-10 2.9059E-10 2.9760E-10 3.0463E-10 3.1152E-10 3.1866E-10 3.2593E-10 3.3337E-10 3.4094E-10 3.4855E-10 3.5630E-10 3.6444E-10 3.7262E-10 3.8071E-10 3.8920E-10 3.9797E-10 4.0678E-10 4.1574E-10 4.2488E-10 4.3430E-10 4.4390E-10 4.5353E-10 4.6371E-10 4.7382E-10 4.8410E-10 4.9456E-10 5.0531E-10 5.1626E-10 5.2725E-10 5.3868E-10 5.5016E-10 5.6188E-10
1.4442E-10 1.4913E-10 1.5384E-10 1.5879E-10 1.6347E-10 1.6861E-10 1.7357E-10 1.7853E-10 1.8391E-10 1.8879E-10 1.9352E-10 1.9838E-10 2.0317E-10 2.0854E-10 2.1456E-10 2.2085E-10 2.2659E-10 2.3326E-10 2.3986E-10 2.4566E-10 2.5254E-10 2.5975E-10 2.6705E-10 2.7374E-10 2.8161E-10 2.8971E-10 2.9694E-10 3.0401E-10 3.1104E-10 3.1810E-10 3.2543E-10 3.3301E-10 3.4053E-10 3.4819E-10 3.5611E-10 3.6431E-10 3.7244E-10 3.8072E-10 3.8927E-10 3.9811E-10 4.0688E-10 4.1593E-10 4.2528E-10 4.3479E-10 4.4436E-10 4.5422E-10 4.6438E-10 4.7461E-10 4.8502E-10 4.9559E-10 5.0661E-10 5.1757E-10 5.2883E-10 5.4028E-10 5.5179E-10 5.6380E-10 5.7606E-10
1.4843E-10 1.5254E-10 1.5758E-10 1.6262E-10 1.6747E-10 1.7243E-10 1.7767E-10 1.8276E-10 1.8795E-10 1.9273E-10 1.9758E-10 2.0244E-10 2.0759E-10 2.1347E-10 2.1898E-10 2.2585E-10 2.3209E-10 2.3877E-10 2.4470E-10 2.5174E-10 2.5895E-10 2.6581E-10 2.7304E-10 2.8072E-10 2.8885E-10 2.9599E-10 3.0337E-10 3.1033E-10 3.1753E-10 3.2491E-10 3.3253E-10 3.3998E-10 3.4780E-10 3.5577E-10 3.6392E-10 3.7210E-10 3.8056E-10 3.8918E-10 3.9798E-10 4.0682E-10 4.1606E-10 4.2550E-10 4.3498E-10 4.4464E-10 4.5459E-10 4.6487E-10 4.7519E-10 4.8571E-10 4.9654E-10 5.0743E-10 5.1877E-10 5.3004E-10 5.4176E-10 5.5343E-10 5.6559E-10 5.7783E-10 5.9033E-10
1.5176E-10 1.5629E-10 1.6154E-10 1.6625E-10 1.7128E-10 1.7676E-10 1.8170E-10 1.8662E-10 1.9182E-10 1.9650E-10 2.0165E-10 2.0655E-10 2.1204E-10 2.1818E-10 2.2476E-10 2.3093E-10 2.3705E-10 2.4389E-10 2.5049E-10 2.5718E-10 2.6442E-10 2.7199E-10 2.7968E-10 2.8742E-10 2.9522E-10 3.0251E-10 3.0961E-10 3.1675E-10 3.2426E-10 3.3169E-10 3.3941E-10 3.4728E-10 3.5519E-10 3.6326E-10 3.7173E-10 3.8025E-10 3.8894E-10 3.9755E-10 4.0671E-10 4.1603E-10 4.2542E-10 4.3486E-10 4.4486E-10 4.5490E-10 4.6502E-10 4.7558E-10 4.8620E-10 4.9727E-10 5.0815E-10 5.1961E-10 5.3101E-10 5.4274E-10 5.5468E-10 5.6701E-10 5.7953E-10 5.9201E-10 6.0576E-10
1.5529E-10 1.5991E-10 1.6535E-10 1.7023E-10 1.7537E-10 1.8058E-10 1.8573E-10 1.9090E-10 1.9553E-10 2.0032E-10 2.0567E-10 2.1061E-10 2.1715E-10 2.2311E-10 2.2967E-10 2.3617E-10 2.4275E-10 2.4907E-10 2.5607E-10 2.6353E-10 2.7075E-10 2.7819E-10 2.8601E-10 2.9417E-10 3.0138E-10 3.0868E-10 3.1595E-10 3.2338E-10 3.3086E-10 3.3872E-10 3.4662E-10 3.5447E-10 3.6270E-10 3.7122E-10 3.7979E-10 3.8830E-10 3.9722E-10 4.0643E-10 4.1571E-10 4.2516E-10 4.3480E-10 4.4475E-10 4.5490E-10 4.6510E-10 4.7588E-10 4.8660E-10 4.9752E-10 5.0864E-10 5.2022E-10 5.3188E-10 5.4362E-10 5.5582E-10 5.6797E-10 5.8052E-10 5.9347E-10 6.0682E-10 6.2062E-10
1.5898E-10 1.6391E-10 1.6910E-10 1.7387E-10 1.7938E-10 1.8461E-10 1.8960E-10 1.9463E-10 1.9935E-10 2.0433E-10 2.0971E-10 2.1560E-10 2.2172E-10 2.2816E-10 2.3486E-10 2.4129E-10 2.4745E-10 2.5474E-10 2.6213E-10 2.6910E-10 2.7707E-10 2.8485E-10 2.9302E-10 3.0031E-10 3.0774E-10 3.1493E-10 3.2238E-10 3.3000E-10 3.3789E-10 3.4561E-10 3.5372E-10 3.6199E-10 3.7045E-10 3.7894E-10 3.8775E-10 3.9672E-10 4.0599E-10 4.1508E-10 4.2472E-10 4.3456E-10 4.4459E-10 4.5469E-10 4.6510E-10 4.7584E-10 4.8666E-10 4.9769E-10 5.0891E-10 5.2060E-10 5.3238E-10 5.4424E-10 5.5644E-10 5.6887E-10 5.8168E-10 5.9478E-10 6.0810E-10 6.2193E-10 6.3636E-10
1.6262E-10 1.6737E-10 1.7294E-10 1.7800E-10 1.8341E-10 1.8844E-10 1.9337E-10 1.9828E-10 2.0326E-10 2.0857E-10 2.1400E-10 2.2020E-10 2.2704E-10 2.3309E-10 2.3996E-10 2.4643E-10 2.5351E-10 2.6039E-10 2.6782E-10 2.7547E-10 2.8325E-10 2.9113E-10 2.9925E-10 3.0658E-10 3.1380E-10 3.2127E-10 3.2903E-10 3.3671E-10 3.4470E-10 3.5284E-10 3.6104E-10 3.6940E-10 3.7819E-10 3.8703E-10 3.9606E-10 4.0515E-10 4.1454E-10 4.2424E-10 4.3414E-10 4.4400E-10 4.5429E-10 4.6478E-10 4.7561E-10 4.8639E-10 4.9763E-10 5.0909E-10 5.2063E-10 5.3264E-10 5.4462E-10 5.5707E-10 5.6949E-10 5.8245E-10 5.9568E-10 6.0898E-10 6.2326E-10 6.3784E-10 6.5197E-10
1.6621E-10 1.7131E-10 1.7673E-10 1.8172E-10 1.8743E-10 1.9225E-10 1.9720E-10 2.0207E-10 2.0733E-10 2.1268E-10 2.1911E-10 2.2515E-10 2.3171E-10 2.3834E-10 2.4514E-10 2.5146E-10 2.5886E-10 2.6668E-10 2.7386E-10 2.8153E-10 2.8990E-10 2.9779E-10 3.0521E-10 3.1266E-10 3.2015E-10 3.2770E-10 3.3554E-10 3.4365E-10 3.5171E-10 3.5994E-10 3.6846E-10 3.7728E-10 3.8617E-10 3.9500E-10 4.0425E-10 4.1382E-10 4.2358E-10 4.3330E-10 4.4333E-10 4.5369E-10 4.6439E-10 4.7504E-10 4.8616E-10 4.9736E-10 5.0903E-10 5.2055E-10 5.3266E-10 5.4475E-10 5.5719E-10 5.6986E-10 5.8295E-10 5.9608E-10 6.0957E-10 6.2417E-10 6.3836E-10 6.5301E-10 6.6811E-10
1.6995E-10 1.7531E-10 1.8059E-10 1.8581E-10 1.9108E-10 1.9581E-10 2.0096E-10 2.0619E-10 2.1125E-10 2.1717E-10 2.2351E-10 2.2993E-10 2.3699E-10 2.4331E-10 2.4987E-10 2.5749E-10 2.6481E-10 2.7191E-10 2.7996E-10 2.8799E-10 2.9609E-10 3.0378E-10 3.1130E-10 3.1881E-10 3.2638E-10 3.3435E-10 3.4237E-10 3.5045E-10 3.5883E-10 3.6738E-10 3.7612E-10 3.8492E-10 3.9403E-10 4.0333E-10 4.1294E-10 4.2251E-10 4.3239E-10 4.4262E-10 4.5304E-10 4.6356E-10 4.7440E-10 4.8559E-10 4.9700E-10 5.0838E-10 5.2024E-10 5.3232E-10 5.4464E-10 5.5719E-10 5.6998E-10 5.8300E-10 5.9632E-10 6.1007E-10 6.2424E-10 6.3890E-10 6.5387E-10 6.6930E-10 6.8417E-10
