Assets/Resources/2015_m01_d16_0600(utc+0800)_l00_csi_1hr_conc.grd
DSAA
         159         159
     -79.000      79.000
     -79.000      79.000
  0.3571E-11  0.4208E-05
[rows 25 to 49 of 159, columns 57 to 113 of 159]
8.7072E-10 9.0398E-10 9.4052E-10 9.7589E-10 1.0112E-09 1.0519E-09 1.0894E-09 1.1264E-09 1.1659E-09 1.2062E-09 1.2459E-09 1.2864E-09 1.3277E-09 1.3721E-09 1.4777E-09 1.6491E-09 1.9374E-09 2.0613E-09 2.1499E-09 2.2420E-09 2.3572E-09 2.5161E-09 2.6218E-09 2.7280E-09 2.8398E-09 2.9744E-09 3.1608E-09 3.2863E-09 3.4139E-09 3.5459E-09 3.6777E-09 3.8114E-09 4.0143E-09 4.1779E-09 4.3221E-09 4.4666E-09 4.6204E-09 4.8029E-09 5.0144E-09 5.2458E-09 5.4922E-09 5.8381E-09 5.8758E-09 5.8825E-09 6.0558E-09 6.5225E-09 5.3395E-09 5.2832E-09 5.3484E-09 5.0374E-09 5.0870E-09 5.2125E-09 5.0889E-09 5.0108E-09 5.0717E-09 5.1761E-09 4.9396E-09
8.9516E-10 9.3144E-10 9.6621E-10 1.0047E-09 1.0446E-09 1.0814E-09 1.1198E-09 1.1599E-09 1.2002E-09 1.2408E-09 1.2821E-09 1.3259E-09 1.3706E-09 1.5384E-09 1.7938E-09 1.9754E-09 2.0830E-09 2.1783E-09 2.2733E-09 2.4350E-09 2.5620E-09 2.6720E-09 2.7863E-09 2.9028E-09 3.0935E-09 3.2435E-09 3.3768E-09 3.5156E-09 3.6548E-09 3.7963E-09 4.0079E-09 4.1804E-09 4.3345E-09 4.4905E-09 4.6475E-09 4.8043E-09 4.9814E-09 5.1895E-09 5.5174E-09 5.7785E-09 6.0499E-09 6.3257E-09 6.2091E-09 6.3196E-09 6.5179E-09 6.0504E-09 5.5991E-09 5.6243E-09 5.4743E-09 5.4070E-09 5.4633E-09 5.5554E-09 5.2902E-09 5.2988E-09 5.3953E-09 5.3318E-09 5.1720E-09
9.2144E-10 9.5759E-10 9.9654E-10 1.0350E-09 1.0722E-09 1.1119E-09 1.1527E-09 1.1930E-09 1.2342E-09 1.2772E-09 1.3219E-09 1.3668E-09 1.5960E-09 1.8800E-09 2.0086E-09 2.1038E-09 2.2008E-09 2.3226E-09 2.4893E-09 2.6027E-09 2.7201E-09 2.8397E-09 3.0116E-09 3.1847E-09 3.3235E-09 3.4665E-09 3.6120E-09 3.7610E-09 3.9802E-09 4.1612E-09 4.3246E-09 4.4906E-09 4.6588E-09 4.8289E-09 4.9996E-09 5.2442E-09 5.4743E-09 5.7152E-09 5.9797E-09 6.2651E-09 6.5560E-09 6.9616E-09 6.6285E-09 6.7944E-09 7.0620E-09 6.2038E-09 6.0085E-09 6.0535E-09 5.7396E-09 5.7198E-09 5.7954E-09 5.8508E-09 5.5855E-09 5.6334E-09 5.7262E-09 5.5035E-09 5.4701E-09
9.4704E-10 9.8637E-10 1.0242E-09 1.0619E-09 1.1021E-09 1.1435E-09 1.1844E-09 1.2263E-09 1.2708E-09 1.3164E-09 1.4228E-09 1.6544E-09 1.8884E-09 2.0213E-09 2.1193E-09 2.2195E-09 2.3673E-09 2.5199E-09 2.6396E-09 2.7625E-09 2.9147E-09 3.0906E-09 3.2526E-09 3.3994E-09 3.5497E-09 3.7045E-09 3.9088E-09 4.1186E-09 4.2910E-09 4.4664E-09 4.6448E-09 4.8260E-09 5.0095E-09 5.2652E-09 5.4783E-09 5.6821E-09 5.9196E-09 6.1900E-09 6.4827E-09 6.7909E-09 7.1035E-09 7.1983E-09 7.2051E-09 7.4134E-09 7.8270E-09 6.4411E-09 6.3669E-09 6.4412E-09 6.0293E-09 6.0773E-09 6.2082E-09 6.0144E-09 5.9224E-09 5.9766E-09 6.0814E-09 5.7795E-09 5.7973E-09
9.7550E-10 1.0125E-09 1.0512E-09 1.0919E-09 1.1330E-09 1.1745E-09 1.2170E-09 1.2630E-09 1.3087E-09 1.4169E-09 1.6526E-09 1.8914E-09 2.0288E-09 2.1301E-09 2.2341E-09 2.4072E-09 2.5464E-09 2.6709E-09 2.8026E-09 2.9815E-09 3.1653E-09 3.3153E-09 3.4692E-09 3.6281E-09 3.8149E-09 4.0515E-09 4.2318E-09 4.4162E-09 4.6043E-09 4.7958E-09 4.9905E-09 5.2589E-09 5.4869E-09 5.6950E-09 5.9031E-09 6.1364E-09 6.4055E-09 6.7033E-09 7.0494E-09 7.4572E-09 7.7978E-09 7.6108E-09 7.7424E-09 7.9809E-09 7.3013E-09 6.7616E-09 6.7965E-09 6.5844E-09 6.4450E-09 6.5092E-09 6.6190E-09 6.2642E-09 6.2530E-09 6.3662E-09 6.2692E-09 6.0844E-09 6.1319E-09
9.9961E-10 1.0387E-09 1.0798E-09 1.1213E-09 1.1633E-09 1.2072E-09 1.2531E-09 1.2994E-09 1.4091E-09 1.6688E-09 1.9128E-09 2.0329E-09 2.1367E-09 2.2664E-09 2.4228E-09 2.5672E-09 2.6988E-09 2.8361E-09 3.0420E-09 3.2143E-09 3.3710E-09 3.5331E-09 3.7007E-09 3.9414E-09 4.1475E-09 4.3391E-09 4.5358E-09 4.7368E-09 4.9418E-09 5.1986E-09 5.4609E-09 5.6836E-09 5.9089E-09 6.1353E-09 6.3677E-09 6.6332E-09 7.0317E-09 7.3657E-09 7.7213E-09 8.0813E-09 8.5102E-09 8.1249E-09 8.3238E-09 8.6649E-09 7.4608E-09 7.2220E-09 7.2714E-09 6.8529E-09 6.8266E-09 6.9150E-09 6.9475E-09 6.6579E-09 6.6952E-09 6.7880E-09 6.4637E-09 6.4239E-09 6.5140E-09
1.0259E-09 1.0673E-09 1.1084E-09 1.1508E-09 1.1960E-09 1.2424E-09 1.2887E-09 1.4580E-09 1.7191E-09 1.9115E-09 2.0317E-09 2.1385E-09 2.2725E-09 2.4340E-09 2.5834E-09 2.7207E-09 2.8843E-09 3.0767E-09 3.2555E-09 3.4200E-09 3.5904E-09 3.7896E-09 4.0397E-09 4.2364E-09 4.4394E-09 4.6483E-09 4.8626E-09 5.1285E-09 5.4009E-09 5.6362E-09 5.8755E-09 6.1182E-09 6.3634E-09 6.6094E-09 6.9679E-09 7.2747E-09 7.6178E-09 7.9850E-09 8.3673E-09 8.7526E-09 8.7752E-09 8.7843E-09 9.0330E-09 9.3386E-09 7.7495E-09 7.6562E-09 7.7113E-09 7.2655E-09 7.3224E-09 7.4343E-09 7.1359E-09 7.0273E-09 7.0941E-09 7.1994E-09 6.7953E-09 6.8368E-09 6.9071E-09
1.0529E-09 1.0943E-09 1.1371E-09 1.1827E-09 1.2297E-09 1.2764E-09 1.4466E-09 1.7103E-09 1.9037E-09 2.0263E-09 2.1364E-09 2.2935E-09 2.4579E-09 2.5945E-09 2.7361E-09 2.9261E-09 3.1237E-09 3.2894E-09 3.4615E-09 3.6401E-09 3.8708E-09 4.1103E-09 4.3174E-09 4.5316E-09 4.7527E-09 4.9801E-09 5.2850E-09 5.5524E-09 5.8040E-09 6.0605E-09 6.3213E-09 6.5857E-09 6.9263E-09 7.2236E-09 7.5277E-09 7.8725E-09 8.2481E-09 8.6496E-09 9.1356E-09 9.5516E-09 9.2736E-09 9.4305E-09 9.7151E-09 8.7697E-09 8.2161E-09 8.2140E-09 7.8670E-09 7.7048E-09 7.7800E-09 7.9099E-09 7.4435E-09 7.4709E-09 7.5821E-09 7.3977E-09 7.1860E-09 7.2245E-09 7.3288E-09
1.0791E-09 1.1221E-09 1.1681E-09 1.2155E-09 1.2627E-09 1.3747E-09 1.6984E-09 1.8930E-09 2.0174E-09 2.1292E-09 2.2899E-09 2.4579E-09 2.5986E-09 2.7444E-09 2.9401E-09 3.1434E-09 3.3156E-09 3.4950E-09 3.6815E-09 3.9431E-09 4.1721E-09 4.3893E-09 4.6146E-09 4.8478E-09 5.1355E-09 5.4323E-09 5.6943E-09 5.9626E-09 6.2366E-09 6.5159E-09 6.8497E-09 7.1893E-09 7.4868E-09 7.7926E-09 8.1364E-09 8.5206E-09 9.0089E-09 9.4468E-09 9.8873E-09 1.0322E-08 9.8891E-09 1.0204E-08 1.0524E-08 8.9650E-09 8.6819E-09 8.7388E-09 8.1973E-09 8.2053E-09 8.3537E-09 8.3107E-09 7.9173E-09 7.9613E-09 8.0724E-09 7.6449E-09 7.5777E-09 7.7034E-09 7.5039E-09
1.1067E-09 1.1530E-09 1.1999E-09 1.2476E-09 1.3596E-09 1.6825E-09 1.8776E-09 2.0036E-09 2.1181E-09 2.2807E-09 2.4530E-09 2.5973E-09 2.7462E-09 2.9464E-09 3.1553E-09 3.3336E-09 3.5198E-09 3.7366E-09 3.9854E-09 4.2240E-09 4.4513E-09 4.6874E-09 4.9323E-09 5.2567E-09 5.5472E-09 5.8251E-09 6.1101E-09 6.4019E-09 6.7250E-09 7.1030E-09 7.4200E-09 7.7410E-09 8.0640E-09 8.4063E-09 8.8684E-09 9.2979E-09 9.7525E-09 1.0221E-08 1.0690E-08 1.0647E-08 1.0664E-08 1.0961E-08 1.1100E-08 9.3127E-09 9.2022E-09 9.2714E-09 8.7132E-09 8.7579E-09 8.8915E-09 8.4896E-09 8.3656E-09 8.4648E-09 8.6346E-09 8.0874E-09 8.0941E-09 8.1822E-09 7.7447E-09
1.1359E-09 1.1831E-09 1.2311E-09 1.3427E-09 1.6636E-09 1.8375E-09 1.9856E-09 2.1018E-09 2.2669E-09 2.4227E-09 2.5889E-09 2.7415E-09 2.9460E-09 3.1593E-09 3.3432E-09 3.5357E-09 3.7600E-09 4.0175E-09 4.2653E-09 4.5024E-09 4.7490E-09 5.0291E-09 5.3443E-09 5.6494E-09 5.9428E-09 6.2447E-09 6.5544E-09 6.9222E-09 7.2992E-09 7.6383E-09 7.9830E-09 8.3314E-09 8.7413E-09 9.1494E-09 9.5845E-09 1.0052E-08 1.0546E-08 1.1124E-08 1.1628E-08 1.1239E-08 1.1428E-08 1.1767E-08 1.0581E-08 9.8605E-09 9.8590E-09 9.3990E-09 9.2174E-09 9.3082E-09 9.5239E-09 8.9525E-09 8.9445E-09 9.0551E-09 8.7590E-09 8.5175E-09 8.5667E-09 8.6713E-09 8.1347E-09
1.1650E-09 1.2132E-09 1.3241E-09 1.5653E-09 1.8151E-09 1.9635E-09 2.0811E-09 2.2273E-09 2.4058E-09 2.5739E-09 2.7295E-09 2.9377E-09 3.1552E-09 3.3441E-09 3.5424E-09 3.7734E-09 4.0388E-09 4.2953E-09 4.5417E-09 4.7985E-09 5.1128E-09 5.4400E-09 5.7379E-09 6.0463E-09 6.3647E-09 6.7170E-09 7.1047E-09 7.4803E-09 7.8417E-09 8.2100E-09 8.6228E-09 9.0412E-09 9.4364E-09 9.8745E-09 1.0356E-08 1.0924E-08 1.1477E-08 1.2012E-08 1.2433E-08 1.1963E-08 1.2328E-08 1.2708E-08 1.0738E-08 1.0413E-08 1.0482E-08 9.8606E-09 9.8567E-09 9.9881E-09 9.8690E-09 9.4330E-09 9.4880E-09 9.6216E-09 9.1099E-09 9.0589E-09 9.1635E-09 8.8514E-09 8.5969E-09
1.1940E-09 1.3046E-09 1.4867E-09 1.7892E-09 1.9375E-09 2.0560E-09 2.2041E-09 2.3836E-09 2.5533E-09 2.7115E-09 2.9219E-09 3.1429E-09 3.3362E-09 3.5396E-09 3.7982E-09 4.0693E-09 4.3134E-09 4.5687E-09 4.8351E-09 5.1608E-09 5.5003E-09 5.8113E-09 6.1342E-09 6.4684E-09 6.8631E-09 7.2701E-09 7.6443E-09 8.0278E-09 8.4199E-09 8.8783E-09 9.3077E-09 9.7240E-09 1.0164E-08 1.0691E-08 1.1259E-08 1.1817E-08 1.2386E-08 1.2953E-08 1.2826E-08 1.2858E-08 1.3212E-08 1.3125E-08 1.1151E-08 1.1110E-08 1.1017E-08 1.0409E-08 1.0468E-08 1.0630E-08 1.0108E-08 1.0035E-08 1.0159E-08 1.0316E-08 9.6007E-09 9.6122E-09 9.7189E-09 9.1544E-09 9.0621E-09
1.2244E-09 1.4624E-09 1.7403E-09 1.8892E-09 2.0266E-09 2.1752E-09 2.3552E-09 2.5260E-09 2.6862E-09 2.8987E-09 3.1224E-09 3.3194E-09 3.5272E-09 3.7909E-09 4.0479E-09 4.3193E-09 4.5826E-09 4.8580E-09 5.1943E-09 5.5454E-09 5.8687E-09 6.2053E-09 6.5547E-09 6.9675E-09 7.3943E-09 7.7888E-09 8.1943E-09 8.6299E-09 9.1137E-09 9.5538E-09 1.0000E-08 1.0473E-08 1.1023E-08 1.1566E-08 1.2142E-08 1.2743E-08 1.3408E-08 1.4033E-08 1.3514E-08 1.3745E-08 1.4148E-08 1.2593E-08 1.1785E-08 1.1791E-08 1.1203E-08 1.1009E-08 1.1205E-08 1.1398E-08 1.0660E-08 1.0658E-08 1.0794E-08 1.0389E-08 1.0121E-08 1.0203E-08 1.0375E-08 9.6703E-09 9.6610E-09
1.3200E-09 1.6524E-09 1.8556E-09 1.9932E-09 2.1417E-09 2.3020E-09 2.4929E-09 2.6546E-09 2.8683E-09 3.0743E-09 3.2938E-09 3.5052E-09 3.7517E-09 4.0352E-09 4.3127E-09 4.5832E-09 4.8668E-09 5.2126E-09 5.5743E-09 5.9091E-09 6.2585E-09 6.6469E-09 7.0753E-09 7.4978E-09 7.9121E-09 8.3390E-09 8.8176E-09 9.3090E-09 9.7765E-09 1.0253E-08 1.0795E-08 1.1316E-08 1.1867E-08 1.2463E-08 1.3126E-08 1.3810E-08 1.4454E-08 1.4842E-08 1.4369E-08 1.4773E-08 1.5224E-08 1.2790E-08 1.2430E-08 1.2520E-08 1.1771E-08 1.1755E-08 1.1917E-08 1.1706E-08 1.1235E-08 1.1308E-08 1.1470E-08 1.0864E-08 1.0790E-08 1.0892E-08 1.0467E-08 1.0181E-08 1.0220E-08
1.5986E-09 1.7996E-09 1.9553E-09 2.0834E-09 2.2638E-09 2.4542E-09 2.6166E-09 2.8104E-09 3.0381E-09 3.2595E-09 3.4738E-09 3.7236E-09 4.0110E-09 4.2935E-09 4.5702E-09 4.8611E-09 5.2153E-09 5.5864E-09 5.9320E-09 6.2932E-09 6.6952E-09 7.1393E-09 7.5790E-09 8.0123E-09 8.4791E-09 8.9803E-09 9.4790E-09 9.9733E-09 1.0499E-08 1.1055E-08 1.1601E-08 1.2158E-08 1.2785E-08 1.3491E-08 1.4168E-08 1.4854E-08 1.5534E-08 1.5285E-08 1.5363E-08 1.5785E-08 1.5414E-08 1.3273E-08 1.3231E-08 1.3037E-08 1.2393E-08 1.2473E-08 1.2672E-08 1.2018E-08 1.1965E-08 1.2093E-08 1.2269E-08 1.1405E-08 1.1427E-08 1.1558E-08 1.0844E-08 1.0743E-08 1.0861E-08
1.7590E-09 1.9139E-09 2.0415E-09 2.2209E-09 2.3912E-09 2.5728E-09 2.7666E-09 2.9944E-09 3.2168E-09 3.4331E-09 3.6853E-09 3.9754E-09 4.2619E-09 4.5438E-09 4.8408E-09 5.2021E-09 5.5814E-09 5.9366E-09 6.3087E-09 6.7230E-09 7.1813E-09 7.6369E-09 8.0879E-09 8.5748E-09 9.0983E-09 9.6213E-09 1.0142E-08 1.0715E-08 1.1303E-08 1.1865E-08 1.2439E-08 1.3095E-08 1.3800E-08 1.4501E-08 1.5226E-08 1.5992E-08 1.6753E-08 1.6087E-08 1.6371E-08 1.6852E-08 1.4876E-08 1.3994E-08 1.4017E-08 1.3291E-08 1.3094E-08 1.3284E-08 1.3560E-08 1.2664E-08 1.2677E-08 1.2845E-08 1.2317E-08 1.2029E-08 1.2109E-08 1.2334E-08 1.1457E-08 1.1453E-08 1.1557E-08
1.8512E-09 1.9959E-09 2.1541E-09 2.3427E-09 2.5233E-09 2.7165E-09 2.9236E-09 3.1660E-09 3.3835E-09 3.6370E-09 3.9288E-09 4.2181E-09 4.5040E-09 4.8060E-09 5.1730E-09 5.5592E-09 5.9227E-09 6.3044E-09 6.7297E-09 7.2006E-09 7.6706E-09 8.1380E-09 8.6436E-09 9.1880E-09 9.7338E-09 1.0279E-08 1.0881E-08 1.1499E-08 1.2095E-08 1.2722E-08 1.3389E-08 1.4090E-08 1.4818E-08 1.5592E-08 1.6402E-08 1.7190E-08 1.7527E-08 1.7029E-08 1.7503E-08 1.8058E-08 1.5118E-08 1.4735E-08 1.4856E-08 1.3905E-08 1.3949E-08 1.4153E-08 1.3837E-08 1.3343E-08 1.3442E-08 1.3642E-08 1.2881E-08 1.2810E-08 1.2939E-08 1.2383E-08 1.2070E-08 1.2124E-08 1.1663E-08
1.9469E-09 2.0824E-09 2.2704E-09 2.4686E-09 2.6398E-09 2.8664E-09 3.1075E-09 3.3254E-09 3.5574E-09 3.8510E-09 4.1623E-09 4.4512E-09 4.7570E-09 5.1281E-09 5.5195E-09 5.8902E-09 6.2802E-09 6.7150E-09 7.1967E-09 7.6794E-09 8.1615E-09 8.6840E-09 9.2478E-09 9.8149E-09 1.0403E-08 1.1031E-08 1.1660E-08 1.2287E-08 1.2950E-08 1.3664E-08 1.4357E-08 1.5101E-08 1.5926E-08 1.6775E-08 1.7593E-08 1.8402E-08 1.8015E-08 1.8154E-08 1.8658E-08 1.7947E-08 1.5670E-08 1.5595E-08 1.5329E-08 1.4665E-08 1.4780E-08 1.5027E-08 1.4230E-08 1.4120E-08 1.4347E-08 1.4439E-08 1.3525E-08 1.3564E-08 1.3728E-08 1.2848E-08 1.2744E-08 1.2907E-08 1.2126E-08
2.0287E-09 2.2139E-09 2.3901E-09 2.5790E-09 2.7827E-09 3.0229E-09 3.2593E-09 3.4912E-09 3.7841E-09 4.0952E-09 4.3858E-09 4.6942E-09 5.0455E-09 5.4420E-09 5.8392E-09 6.2361E-09 6.6788E-09 7.1695E-09 7.6631E-09 8.1582E-09 8.6956E-09 9.2766E-09 9.8633E-09 1.0474E-08 1.1126E-08 1.1782E-08 1.2440E-08 1.3156E-08 1.3888E-08 1.4601E-08 1.5359E-08 1.6228E-08 1.7089E-08 1.7954E-08 1.8813E-08 1.9813E-08 1.8923E-08 1.9276E-08 1.9846E-08 1.7351E-08 1.6472E-08 1.6524E-08 1.5656E-08 1.5472E-08 1.5662E-08 1.5993E-08 1.4973E-08 1.5011E-08 1.5223E-08 1.4559E-08 1.4261E-08 1.4370E-08 1.4505E-08 1.3568E-08 1.3576E-08 1.3708E-08 1.2681E-08
2.1333E-09 2.3271E-09 2.5133E-09 2.7143E-09 2.9514E-09 3.1857E-09 3.4166E-09 3.6865E-09 3.9977E-09 4.3084E-09 4.6181E-09 4.9709E-09 5.3694E-09 5.7702E-09 6.1723E-09 6.6211E-09 7.1190E-09 7.6215E-09 8.1275E-09 8.6780E-09 9.2740E-09 9.8782E-09 1.0509E-08 1.1184E-08 1.1865E-08 1.2551E-08 1.3299E-08 1.4066E-08 1.4814E-08 1.5607E-08 1.6475E-08 1.7371E-08 1.8271E-08 1.9204E-08 2.0170E-08 2.0440E-08 1.9960E-08 2.0456E-08 2.2879E-08 1.7694E-08 1.7304E-08 1.7471E-08 1.6314E-08 1.6391E-08 1.6689E-08 1.6260E-08 1.5760E-08 1.5897E-08 1.6148E-08 1.5129E-08 1.5163E-08 1.5328E-08 1.4627E-08 1.4298E-08 1.4374E-08 1.3768E-08 1.3330E-08
2.2408E-09 2.4431E-09 2.6203E-09 2.8547E-09 3.1053E-09 3.3344E-09 3.6019E-09 3.9104E-09 4.2198E-09 4.5294E-09 4.8823E-09 5.2810E-09 5.6837E-09 6.0894E-09 6.5425E-09 7.0231E-09 7.5550E-09 8.0700E-09 8.6311E-09 9.2396E-09 9.8588E-09 1.0507E-08 1.1202E-08 1.1907E-08 1.2618E-08 1.3395E-08 1.4196E-08 1.4980E-08 1.5803E-08 1.6687E-08 1.7605E-08 1.8541E-08 1.9541E-08 2.0543E-08 2.1497E-08 2.0943E-08 2.1119E-08 2.1779E-08 2.0684E-08 1.8310E-08 1.8216E-08 1.7810E-08 1.7210E-08 1.7373E-08 1.7683E-08 1.6740E-08 1.6629E-08 1.6882E-08 1.6916E-08 1.5973E-08 1.6043E-08 1.6250E-08 1.5193E-08 1.5094E-08 1.5217E-08 1.4320E-08 1.4148E-08
2.3506E-09 2.5433E-09 2.7527E-09 3.0000E-09 3.2452E-09 3.4879E-09 3.7940E-09 4.1208E-09 4.4291E-09 4.7579E-09 5.1569E-09 5.5806E-09 5.9882E-09 6.4202E-09 6.9278E-09 7.4641E-09 7.9860E-09 8.5553E-09 9.1738E-09 9.8055E-09 1.0469E-08 1.1181E-08 1.1906E-08 1.2641E-08 1.3444E-08 1.4275E-08 1.5093E-08 1.5974E-08 1.6879E-08 1.7797E-08 1.8763E-08 1.9820E-08 2.0858E-08 2.1868E-08 2.3743E-08 2.1919E-08 2.2395E-08 2.3072E-08 2.0075E-08 1.9100E-08 1.9259E-08 1.8271E-08 1.8118E-08 1.8369E-08 1.8724E-08 1.7537E-08 1.7658E-08 1.7927E-08 1.7121E-08 1.6831E-08 1.6980E-08 1.6913E-08 1.5928E-08 1.6052E-08 1.6217E-08 1.4981E-08 1.4938E-08
2.4626E-09 2.6462E-09 2.8894E-09 3.1498E-09 3.3891E-09 3.6691E-09 3.9926E-09 4.3181E-09 4.6449E-09 5.0406E-09 5.4413E-09 5.8696E-09 6.3027E-09 6.8112E-09 7.3277E-09 7.8761E-09 8.4512E-09 9.0770E-09 9.7184E-09 1.0394E-08 1.1103E-08 1.1863E-08 1.2618E-08 1.3445E-08 1.4302E-08 1.5151E-08 1.6066E-08 1.7007E-08 1.7942E-08 1.8953E-08 2.0030E-08 2.1110E-08 2.2179E-08 2.3258E-08 2.3484E-08 2.3071E-08 2.3668E-08 2.6770E-08 2.0406E-08 2.0093E-08 2.0322E-08 1.9012E-08 1.9095E-08 1.9440E-08 1.8958E-08 1.8474E-08 1.8666E-08 1.8981E-08 1.7796E-08 1.7762E-08 1.8043E-08 1.7208E-08 1.6873E-08 1.6980E-08 1.6215E-08 1.5750E-08 1.5786E-08
2.5582E-09 2.7949E-09 3.0299E-09 3.2842E-09 3.5590E-09 3.8559E-09 4.1973E-09 4.5208E-09 4.8904E-09 5.3092E-09 5.7350E-09 6.1673E-09 6.6518E-09 7.1914E-09 7.7415E-09 8.3013E-09 8.9329E-09 9.5986E-09 1.0264E-08 1.1003E-08 1.1778E-08 1.2550E-08 1.3397E-08 1.4277E-08 1.5153E-08 1.6100E-08 1.7075E-08 1.8040E-08 1.9070E-08 2.0174E-08 2.1296E-08 2.2418E-08 2.3559E-08 2.4709E-08 2.4048E-08 2.4282E-08 2.4989E-08 2.3518E-08 2.1136E-08 2.1087E-08 2.0543E-08 1.9905E-08 2.0198E-08 2.0608E-08 1.9524E-08 1.9455E-08 1.9727E-08 1.9601E-08 1.8721E-08 1.8857E-08 1.9119E-08 1.7876E-08 1.7797E-08 1.7961E-08 1.6771E-08 1.6595E-08 1.6684E-08
