Assets/Resources/2015_m01_d17_1700(utc+0800)_l00_csi_1hr_conc.grd
DSAA
         159         159
     -79.000      79.000
     -79.000      79.000
  0.0000E+00  0.5812E-05
[rows 0 to 24 of 159, columns 57 to 113 of 159]
2.3137E-09 2.2516E-09 2.1721E-09 2.0854E-09 2.0281E-09 1.9715E-09 1.9059E-09 1.8189E-09 1.7676E-09 1.7167E-09 1.6515E-09 1.5813E-09 1.5290E-09 1.4777E-09 1.4280E-09 1.3696E-09 1.3296E-09 1.2837E-09 1.2391E-09 1.1844E-09 1.1491E-09 1.1083E-09 1.0576E-09 1.0201E-09 9.8917E-10 9.4228E-10 9.0811E-10 8.8015E-10 8.4494E-10 8.0846E-10 7.8314E-10 7.5829E-10 7.2434E-10 6.9636E-10 6.7382E-10 6.4725E-10 6.2142E-10 5.9625E-10 5.7417E-10 5.5053E-10 5.3181E-10 5.1147E-10 4.8967E-10 4.6852E-10 4.5200E-10 4.3389E-10 4.1631E-10 3.9928E-10 3.8271E-10 3.6661E-10 3.5102E-10 3.3591E-10 3.1946E-10 3.0537E-10 2.9167E-10 2.7498E-10 2.6406E-10
2.3819E-09 2.3165E-09 2.2521E-09 2.1707E-09 2.0818E-09 2.0225E-09 1.9644E-09 1.8974E-09 1.8090E-09 1.7565E-09 1.7045E-09 1.6383E-09 1.5605E-09 1.5146E-09 1.4625E-09 1.4123E-09 1.3537E-09 1.3131E-09 1.2670E-09 1.2036E-09 1.1674E-09 1.1320E-09 1.0732E-09 1.0406E-09 1.0032E-09 9.5496E-10 9.2558E-10 8.9152E-10 8.5551E-10 8.2350E-10 7.9243E-10 7.6717E-10 7.3755E-10 7.0883E-10 6.8110E-10 6.5406E-10 6.3238E-10 6.0683E-10 5.7976E-10 5.5574E-10 5.3678E-10 5.1616E-10 4.9402E-10 4.7467E-10 4.5587E-10 4.3955E-10 4.1974E-10 4.0252E-10 3.8575E-10 3.7138E-10 3.5374E-10 3.3848E-10 3.2367E-10 3.0762E-10 2.9558E-10 2.7870E-10 2.6591E-10
2.4909E-09 2.3834E-09 2.3152E-09 2.2487E-09 2.1655E-09 2.0746E-09 2.0136E-09 1.9541E-09 1.8856E-09 1.7962E-09 1.7428E-09 1.6897E-09 1.6227E-09 1.5445E-09 1.4980E-09 1.4455E-09 1.3948E-09 1.3361E-09 1.2951E-09 1.2487E-09 1.1856E-09 1.1492E-09 1.1136E-09 1.0552E-09 1.0225E-09 9.8518E-10 9.3740E-10 9.0801E-10 8.7412E-10 8.3839E-10 8.0144E-10 7.7575E-10 7.5059E-10 7.1633E-10 6.8811E-10 6.6535E-10 6.3862E-10 6.1265E-10 5.8738E-10 5.6521E-10 5.4153E-10 5.2063E-10 4.9817E-10 4.8063E-10 4.5954E-10 4.4305E-10 4.2500E-10 4.0557E-10 3.9059E-10 3.7413E-10 3.5629E-10 3.4088E-10 3.2777E-10 3.0972E-10 2.9759E-10 2.8232E-10 2.6764E-10
2.5750E-09 2.4907E-09 2.4069E-09 2.3097E-09 2.2414E-09 2.1564E-09 2.0637E-09 2.0014E-09 1.9405E-09 1.8708E-09 1.7808E-09 1.7263E-09 1.6723E-09 1.5931E-09 1.5264E-09 1.4794E-09 1.4196E-09 1.3688E-09 1.3167E-09 1.2755E-09 1.2225E-09 1.1663E-09 1.1297E-09 1.0877E-09 1.0362E-09 9.9791E-10 9.5773E-10 9.1896E-10 8.8437E-10 8.4788E-10 8.2058E-10 7.8404E-10 7.5848E-10 7.2860E-10 6.9968E-10 6.7176E-10 6.4459E-10 6.1821E-10 5.9717E-10 5.7008E-10 5.4605E-10 5.2706E-10 5.0645E-10 4.8438E-10 4.6507E-10 4.4635E-10 4.3010E-10 4.1042E-10 3.9332E-10 3.7670E-10 3.6058E-10 3.4500E-10 3.2991E-10 3.1350E-10 2.9946E-10 2.8582E-10 2.6923E-10
2.6505E-09 2.5723E-09 2.4857E-09 2.3997E-09 2.3002E-09 2.2301E-09 2.1435E-09 2.0493E-09 1.9859E-09 1.9236E-09 1.8528E-09 1.7626E-09 1.7073E-09 1.6451E-09 1.5620E-09 1.5062E-09 1.4589E-09 1.3989E-09 1.3380E-09 1.2958E-09 1.2478E-09 1.1829E-09 1.1456E-09 1.1090E-09 1.0495E-09 1.0161E-09 9.7803E-10 9.2954E-10 8.9971E-10 8.6539E-10 8.2928E-10 7.9201E-10 7.6606E-10 7.4067E-10 7.0626E-10 6.7789E-10 6.5028E-10 6.2820E-10 6.0220E-10 5.7693E-10 5.5476E-10 5.3113E-10 5.1027E-10 4.8791E-10 4.6839E-10 4.4945E-10 4.3304E-10 4.1314E-10 3.9587E-10 3.7909E-10 3.6472E-10 3.4711E-10 3.3188E-10 3.1532E-10 3.0117E-10 2.8921E-10 2.7246E-10
2.7387E-09 2.6453E-09 2.5646E-09 2.4760E-09 2.3879E-09 2.2866E-09 2.2149E-09 2.1267E-09 2.0314E-09 1.9672E-09 1.9035E-09 1.8242E-09 1.7417E-09 1.6859E-09 1.6229E-09 1.5401E-09 1.4841E-09 1.4294E-09 1.3765E-09 1.3157E-09 1.2733E-09 1.2254E-09 1.1611E-09 1.1238E-09 1.0872E-09 1.0283E-09 9.8950E-10 9.4872E-10 9.0942E-10 8.7445E-10 8.3764E-10 8.1006E-10 7.7331E-10 7.4755E-10 7.1753E-10 6.8852E-10 6.6054E-10 6.3334E-10 6.0696E-10 5.8591E-10 5.5889E-10 5.3495E-10 5.1600E-10 4.9121E-10 4.7356E-10 4.5234E-10 4.3579E-10 4.1769E-10 3.9824E-10 3.8326E-10 3.6682E-10 3.4904E-10 3.3370E-10 3.1884E-10 3.0274E-10 2.9070E-10 2.7557E-10
2.8204E-09 2.7309E-09 2.6350E-09 2.5522E-09 2.4615E-09 2.3716E-09 2.2690E-09 2.1959E-09 2.1062E-09 2.0105E-09 1.9453E-09 1.8803E-09 1.8004E-09 1.7184E-09 1.6618E-09 1.5983E-09 1.5092E-09 1.4601E-09 1.4052E-09 1.3456E-09 1.2919E-09 1.2494E-09 1.1861E-09 1.1381E-09 1.1008E-09 1.0404E-09 1.0063E-09 9.6776E-10 9.1880E-10 8.8857E-10 8.5397E-10 8.1764E-10 7.8021E-10 7.5411E-10 7.2858E-10 6.9415E-10 6.6576E-10 6.3817E-10 6.1608E-10 5.9014E-10 5.6275E-10 5.3851E-10 5.1938E-10 4.9864E-10 4.7646E-10 4.5709E-10 4.3832E-10 4.2206E-10 4.0238E-10 3.8531E-10 3.6875E-10 3.5270E-10 3.3721E-10 3.2223E-10 3.0415E-10 2.9205E-10 2.7680E-10
2.9003E-09 2.8097E-09 2.7090E-09 2.6196E-09 2.5349E-09 2.4338E-09 2.3509E-09 2.2474E-09 2.1647E-09 2.0820E-09 1.9863E-09 1.9204E-09 1.8541E-09 1.7623E-09 1.6926E-09 1.6353E-09 1.5528E-09 1.4836E-09 1.4342E-09 1.3726E-09 1.3104E-09 1.2667E-09 1.2176E-09 1.1523E-09 1.1140E-09 1.0768E-09 1.0173E-09 9.7788E-10 9.3670E-10 8.9709E-10 8.6183E-10 8.2485E-10 7.9202E-10 7.6030E-10 7.3445E-10 6.9945E-10 6.7066E-10 6.4748E-10 6.2036E-10 5.9409E-10 5.6860E-10 5.4627E-10 5.2250E-10 5.0155E-10 4.7912E-10 4.5957E-10 4.4063E-10 4.2424E-10 4.0438E-10 3.8717E-10 3.7048E-10 3.5620E-10 3.3871E-10 3.2363E-10 3.0723E-10 2.9324E-10 2.7967E-10
2.9896E-09 2.8864E-09 2.7933E-09 2.6903E-09 2.5993E-09 2.5130E-09 2.4101E-09 2.3124E-09 2.2219E-09 2.1380E-09 2.0544E-09 1.9590E-09 1.8925E-09 1.8173E-09 1.7228E-09 1.6644E-09 1.5991E-09 1.5139E-09 1.4561E-09 1.4067E-09 1.3454E-09 1.2837E-09 1.2402E-09 1.1821E-09 1.1270E-09 1.0889E-09 1.0278E-09 9.9340E-10 9.5443E-10 9.0517E-10 8.6933E-10 8.3995E-10 8.0354E-10 7.6611E-10 7.3995E-10 7.0949E-10 6.8010E-10 6.5180E-10 6.2433E-10 5.9773E-10 5.7654E-10 5.4938E-10 5.2534E-10 5.0636E-10 4.8154E-10 4.6389E-10 4.4271E-10 4.2621E-10 4.0819E-10 3.8884E-10 3.7395E-10 3.5765E-10 3.4004E-10 3.2486E-10 3.1017E-10 2.9428E-10 2.8241E-10
3.0747E-09 2.9720E-09 2.8667E-09 2.7712E-09 2.6663E-09 2.5742E-09 2.4864E-09 2.3820E-09 2.2836E-09 2.1927E-09 2.1075E-09 2.0233E-09 1.9288E-09 1.8612E-09 1.7855E-09 1.6926E-09 1.6340E-09 1.5683E-09 1.4775E-09 1.4269E-09 1.3708E-09 1.3003E-09 1.2558E-09 1.2058E-09 1.1395E-09 1.1007E-09 1.0629E-09 1.0029E-09 9.6321E-10 9.2179E-10 8.8195E-10 8.4662E-10 8.0960E-10 7.7675E-10 7.4507E-10 7.1923E-10 6.8442E-10 6.5577E-10 6.2796E-10 6.0574E-10 5.7968E-10 5.5220E-10 5.2791E-10 5.0878E-10 4.8806E-10 4.6593E-10 4.4456E-10 4.2795E-10 4.0979E-10 3.9225E-10 3.7532E-10 3.5892E-10 3.4118E-10 3.2591E-10 3.1115E-10 2.9516E-10 2.8324E-10
3.1662E-09 3.0534E-09 2.9484E-09 2.8414E-09 2.7437E-09 2.6370E-09 2.5443E-09 2.4553E-09 2.3496E-09 2.2386E-09 2.1600E-09 2.0735E-09 1.9770E-09 1.8957E-09 1.8268E-09 1.7322E-09 1.6602E-09 1.6010E-09 1.5171E-09 1.4466E-09 1.3962E-09 1.3336E-09 1.2709E-09 1.2266E-09 1.1679E-09 1.1120E-09 1.0735E-09 1.0121E-09 9.7723E-10 9.3808E-10 8.8882E-10 8.5285E-10 8.1524E-10 7.8708E-10 7.4979E-10 7.2368E-10 6.8838E-10 6.6417E-10 6.3608E-10 6.0884E-10 5.8250E-10 5.5698E-10 5.3466E-10 5.1092E-10 4.9003E-10 4.6770E-10 4.4826E-10 4.2945E-10 4.1319E-10 3.9351E-10 3.7648E-10 3.5998E-10 3.4402E-10 3.2865E-10 3.1379E-10 2.9587E-10 2.8392E-10
3.2504E-09 3.1411E-09 3.0256E-09 2.9119E-09 2.8105E-09 2.7106E-09 2.6027E-09 2.5098E-09 2.4110E-09 2.3130E-09 2.2029E-09 2.1154E-09 2.0282E-09 1.9290E-09 1.8599E-09 1.7822E-09 1.6858E-09 1.6258E-09 1.5587E-09 1.4658E-09 1.4141E-09 1.3569E-09 1.2855E-09 1.2403E-09 1.1963E-09 1.1230E-09 1.0836E-09 1.0454E-09 9.8540E-10 9.4548E-10 9.0399E-10 8.6421E-10 8.2886E-10 7.9197E-10 7.5414E-10 7.2773E-10 7.0200E-10 6.6753E-10 6.3912E-10 6.1160E-10 5.8499E-10 5.6381E-10 5.3672E-10 5.1277E-10 4.9388E-10 4.6922E-10 4.5170E-10 4.3071E-10 4.1436E-10 3.9455E-10 3.7743E-10 3.6084E-10 3.4669E-10 3.2936E-10 3.1443E-10 2.9642E-10 2.8444E-10
3.3518E-09 3.2208E-09 3.1094E-09 2.9916E-09 2.8766E-09 2.7742E-09 2.6635E-09 2.5640E-09 2.4709E-09 2.3624E-09 2.2725E-09 2.1637E-09 2.0754E-09 1.9879E-09 1.8907E-09 1.8207E-09 1.7355E-09 1.6492E-09 1.5889E-09 1.5032E-09 1.4315E-09 1.3802E-09 1.3168E-09 1.2535E-09 1.2086E-09 1.1495E-09 1.0934E-09 1.0545E-09 9.9298E-10 9.5247E-10 9.1885E-10 8.6971E-10 8.3390E-10 7.9645E-10 7.6329E-10 7.3139E-10 7.0541E-10 6.7049E-10 6.4179E-10 6.1400E-10 5.9181E-10 5.6582E-10 5.3847E-10 5.1432E-10 4.9532E-10 4.7477E-10 4.5285E-10 4.3171E-10 4.1530E-10 3.9738E-10 3.7816E-10 3.6343E-10 3.4729E-10 3.2987E-10 3.1489E-10 2.9862E-10 2.8479E-10
3.4471E-09 3.3172E-09 3.1847E-09 3.0712E-09 2.9514E-09 2.8360E-09 2.7327E-09 2.6204E-09 2.5214E-09 2.4279E-09 2.3184E-09 2.2159E-09 2.1212E-09 2.0320E-09 1.9333E-09 1.8499E-09 1.7787E-09 1.6837E-09 1.6107E-09 1.5500E-09 1.4554E-09 1.3959E-09 1.3380E-09 1.2660E-09 1.2204E-09 1.1694E-09 1.1025E-09 1.0630E-09 1.0158E-09 9.6467E-10 9.2485E-10 8.7486E-10 8.3845E-10 8.0050E-10 7.7211E-10 7.3462E-10 7.0841E-10 6.7308E-10 6.4887E-10 6.2083E-10 5.9370E-10 5.6749E-10 5.4214E-10 5.1556E-10 4.9647E-10 4.7579E-10 4.5373E-10 4.3246E-10 4.1599E-10 3.9799E-10 3.8061E-10 3.6388E-10 3.4769E-10 3.3019E-10 3.1516E-10 3.0066E-10 2.8496E-10
3.5416E-09 3.4077E-09 3.2755E-09 3.1421E-09 3.0197E-09 2.9054E-09 2.7904E-09 2.6857E-09 2.5724E-09 2.4747E-09 2.3720E-09 2.2706E-09 2.1574E-09 2.0673E-09 1.9775E-09 1.8774E-09 1.8062E-09 1.7269E-09 1.6313E-09 1.5701E-09 1.4950E-09 1.4109E-09 1.3590E-09 1.2951E-09 1.2315E-09 1.1863E-09 1.1111E-09 1.0709E-09 1.0320E-09 9.7087E-10 9.3034E-10 8.8835E-10 8.4813E-10 8.1248E-10 7.7540E-10 7.3746E-10 7.1099E-10 6.8033E-10 6.5088E-10 6.2258E-10 5.9522E-10 5.6881E-10 5.4327E-10 5.2099E-10 4.9731E-10 4.7652E-10 4.5433E-10 4.3504E-10 4.1642E-10 4.0035E-10 3.8091E-10 3.6412E-10 3.4787E-10 3.3031E-10 3.1524E-10 3.0070E-10 2.8496E-10
3.6286E-09 3.4969E-09 3.3530E-09 3.2201E-09 3.0933E-09 2.9692E-09 2.8476E-09 2.7397E-09 2.6245E-09 2.5206E-09 2.4239E-09 2.3122E-09 2.2196E-09 2.1088E-09 2.0179E-09 1.9167E-09 1.8317E-09 1.7594E-09 1.6629E-09 1.5889E-09 1.5274E-09 1.4251E-09 1.3722E-09 1.3140E-09 1.2419E-09 1.1960E-09 1.1356E-09 1.0783E-09 1.0388E-09 9.7642E-10 9.4102E-10 9.0136E-10 8.5187E-10 8.1584E-10 7.7826E-10 7.4504E-10 7.1316E-10 6.8721E-10 6.5248E-10 6.2395E-10 5.9637E-10 5.6977E-10 5.4867E-10 5.2166E-10 4.9784E-10 4.7911E-10 4.5465E-10 4.3734E-10 4.1659E-10 4.0049E-10 3.8096E-10 3.6413E-10 3.4784E-10 3.3211E-10 3.1512E-10 3.0239E-10 2.8478E-10
3.7248E-09 3.5779E-09 3.4449E-09 3.2991E-09 3.1658E-09 3.0385E-09 2.9129E-09 2.7921E-09 2.6843E-09 2.5679E-09 2.4660E-09 2.3608E-09 2.2572E-09 2.1407E-09 2.0490E-09 1.9658E-09 1.8556E-09 1.7833E-09 1.7029E-09 1.6064E-09 1.5445E-09 1.4574E-09 1.3847E-09 1.3325E-09 1.2685E-09 1.2049E-09 1.1597E-09 1.0850E-09 1.0449E-09 9.9721E-10 9.4557E-10 9.0542E-10 8.5518E-10 8.1864E-10 7.8066E-10 7.5224E-10 7.1486E-10 6.8875E-10 6.5368E-10 6.2491E-10 5.9715E-10 5.7505E-10 5.4918E-10 5.2199E-10 4.9805E-10 4.7926E-10 4.5467E-10 4.3733E-10 4.1649E-10 4.0036E-10 3.8077E-10 3.6390E-10 3.4758E-10 3.3183E-10 3.1668E-10 3.0208E-10 2.8442E-10
3.8143E-09 3.6673E-09 3.5200E-09 3.3782E-09 3.2386E-09 3.0985E-09 2.9705E-09 2.8513E-09 2.7323E-09 2.6235E-09 2.5072E-09 2.4077E-09 2.2940E-09 2.1992E-09 2.0861E-09 1.9940E-09 1.8912E-09 1.8052E-09 1.7318E-09 1.6349E-09 1.5604E-09 1.4983E-09 1.3962E-09 1.3432E-09 1.2849E-09 1.2131E-09 1.1673E-09 1.1073E-09 1.0504E-09 1.0111E-09 9.4957E-10 9.0887E-10 8.6678E-10 8.2648E-10 7.9086E-10 7.5390E-10 7.1616E-10 6.8983E-10 6.5445E-10 6.3030E-10 6.0232E-10 5.7534E-10 5.4933E-10 5.2422E-10 4.9793E-10 4.7910E-10 4.5874E-10 4.3702E-10 4.1612E-10 3.9998E-10 3.8235E-10 3.6344E-10 3.4710E-10 3.3323E-10 3.1618E-10 3.0156E-10 2.8388E-10
3.9017E-09 3.7507E-09 3.5958E-09 3.4551E-09 3.3120E-09 3.1650E-09 3.0330E-09 2.9040E-09 2.7790E-09 2.6682E-09 2.5494E-09 2.4445E-09 2.3373E-09 2.2321E-09 2.1267E-09 2.0206E-09 1.9362E-09 1.8253E-09 1.7521E-09 1.6712E-09 1.5748E-09 1.5123E-09 1.4256E-09 1.3530E-09 1.3009E-09 1.2205E-09 1.1740E-09 1.1130E-09 1.0553E-09 1.0154E-09 9.5293E-10 9.1176E-10 8.6914E-10 8.2836E-10 7.9243E-10 7.5507E-10 7.1695E-10 6.9049E-10 6.5985E-10 6.3051E-10 6.0239E-10 5.7525E-10 5.4910E-10 5.2389E-10 4.9747E-10 4.7862E-10 4.5821E-10 4.3643E-10 4.1547E-10 3.9933E-10 3.8168E-10 3.6273E-10 3.4833E-10 3.3252E-10 3.1546E-10 3.0085E-10 2.8315E-10
3.9882E-09 3.8316E-09 3.6802E-09 3.5248E-09 3.3834E-09 3.2394E-09 3.0937E-09 2.9621E-09 2.8324E-09 2.7100E-09 2.5992E-09 2.4805E-09 2.3789E-09 2.2638E-09 2.1675E-09 2.0532E-09 1.9601E-09 1.8570E-09 1.7704E-09 1.6961E-09 1.5999E-09 1.5252E-09 1.4554E-09 1.3618E-09 1.3089E-09 1.2441E-09 1.1799E-09 1.1343E-09 1.0593E-09 1.0191E-09 9.7131E-10 9.1972E-10 8.7965E-10 8.2970E-10 7.9341E-10 7.5574E-10 7.1727E-10 6.9064E-10 6.6483E-10 6.3030E-10 6.0202E-10 5.7476E-10 5.4850E-10 5.2319E-10 5.0118E-10 4.7781E-10 4.5736E-10 4.3554E-10 4.1663E-10 3.9840E-10 3.8075E-10 3.6374E-10 3.4740E-10 3.3160E-10 3.1453E-10 2.9993E-10 2.8406E-10
4.0755E-09 3.9111E-09 3.7542E-09 3.6020E-09 3.4473E-09 3.2977E-09 3.1460E-09 3.0102E-09 2.8785E-09 2.7504E-09 2.6374E-09 2.5168E-09 2.4102E-09 2.3016E-09 2.1952E-09 2.0892E-09 1.9823E-09 1.8971E-09 1.7866E-09 1.7125E-09 1.6124E-09 1.5364E-09 1.4736E-09 1.3881E-09 1.3161E-09 1.2572E-09 1.1849E-09 1.1389E-09 1.0788E-09 1.0219E-09 9.8262E-10 9.2141E-10 8.8094E-10 8.3043E-10 7.9386E-10 7.5584E-10 7.2751E-10 6.9032E-10 6.6438E-10 6.2965E-10 6.0123E-10 5.7385E-10 5.5214E-10 5.2673E-10 5.0008E-10 4.7666E-10 4.5619E-10 4.3434E-10 4.1543E-10 3.9721E-10 3.8156E-10 3.6256E-10 3.4623E-10 3.3045E-10 3.1339E-10 2.9881E-10 2.8296E-10
4.1646E-09 3.9915E-09 3.8262E-09 3.6689E-09 3.5093E-09 3.3633E-09 3.2132E-09 3.0637E-09 2.9293E-09 2.7973E-09 2.6728E-09 2.5602E-09 2.4401E-09 2.3377E-09 2.2215E-09 2.1247E-09 2.0020E-09 1.9164E-09 1.8141E-09 1.7273E-09 1.6526E-09 1.5463E-09 1.4832E-09 1.3954E-09 1.3221E-09 1.2697E-09 1.1890E-09 1.1425E-09 1.0816E-09 1.0240E-09 9.8436E-10 9.2238E-10 8.8157E-10 8.3942E-10 7.9914E-10 7.5540E-10 7.2693E-10 6.8948E-10 6.6346E-10 6.2851E-10 5.9999E-10 5.7253E-10 5.5079E-10 5.2533E-10 4.9860E-10 4.7516E-10 4.5686E-10 4.3283E-10 4.1394E-10 3.9573E-10 3.8012E-10 3.6112E-10 3.4481E-10 3.2906E-10 3.1202E-10 2.9748E-10 2.8166E-10
4.2533E-09 4.0722E-09 3.8991E-09 3.7339E-09 3.5764E-09 3.4187E-09 3.2733E-09 3.1234E-09 2.9773E-09 2.8361E-09 2.7063E-09 2.5920E-09 2.4700E-09 2.3632E-09 2.2455E-09 2.1467E-09 2.0413E-09 1.9340E-09 1.8410E-09 1.7398E-09 1.6649E-09 1.5670E-09 1.4917E-09 1.4286E-09 1.3271E-09 1.2741E-09 1.2092E-09 1.1452E-09 1.0997E-09 1.0253E-09 9.8531E-10 9.2890E-10 8.8149E-10 8.3902E-10 7.9843E-10 7.6275E-10 7.2578E-10 6.8811E-10 6.6202E-10 6.2691E-10 6.0310E-10 5.7555E-10 5.4902E-10 5.2352E-10 4.9676E-10 4.7330E-10 4.5504E-10 4.3100E-10 4.1421E-10 3.9396E-10 3.7840E-10 3.5943E-10 3.4316E-10 3.2745E-10 3.1044E-10 2.9595E-10 2.8199E-10
4.3442E-09 4.1537E-09 3.9722E-09 3.7995E-09 3.6351E-09 3.4701E-09 3.3225E-09 3.1699E-09 3.0156E-09 2.8795E-09 2.7457E-09 2.6207E-09 2.4980E-09 2.3867E-09 2.2842E-09 2.1674E-09 2.0580E-09 1.9495E-09 1.8631E-09 1.7630E-09 1.6758E-09 1.5824E-09 1.4982E-09 1.4350E-09 1.3424E-09 1.2775E-09 1.2187E-09 1.1469E-09 1.1011E-09 1.0257E-09 9.8544E-10 9.3780E-10 8.8637E-10 8.4657E-10 7.9706E-10 7.6121E-10 7.2405E-10 6.8619E-10 6.6005E-10 6.2984E-10 6.0098E-10 5.7337E-10 5.4683E-10 5.2130E-10 4.9676E-10 4.7108E-10 4.5286E-10 4.2884E-10 4.1212E-10 3.9189E-10 3.7640E-10 3.5747E-10 3.4125E-10 3.2560E-10 3.0864E-10 2.9420E-10 2.8030E-10
4.4341E-09 4.2347E-09 4.0438E-09 3.8645E-09 3.6937E-09 3.5294E-09 3.3670E-09 3.2211E-09 3.0620E-09 2.9196E-09 2.7769E-09 2.6471E-09 2.5323E-09 2.4094E-09 2.3037E-09 2.1861E-09 2.0873E-09 1.9623E-09 1.8760E-09 1.7724E-09 1.6850E-09 1.6099E-09 1.5033E-09 1.4400E-09 1.3526E-09 1.2796E-09 1.2275E-09 1.1476E-09 1.1015E-09 1.0414E-09 9.8470E-10 9.3672E-10 8.8488E-10 8.4487E-10 7.9503E-10 7.5902E-10 7.2170E-10 6.8369E-10 6.5753E-10 6.3222E-10 5.9836E-10 5.7073E-10 5.4417E-10 5.1867E-10 4.9415E-10 4.6846E-10 4.5034E-10 4.3067E-10 4.0968E-10 3.8954E-10 3.7412E-10 3.5524E-10 3.3910E-10 3.2351E-10 3.0661E-10 2.9224E-10 2.7841E-10
