Assets/Resources/2015_m01_d13_1100(utc+0800)_l00_csi_1hr_conc.grd
DSAA
         159         159
     -79.000      79.000
     -79.000      79.000
  0.0000E+00  0.1984E-05
[rows 75 to 99 of 159, columns 0 to 56 of 159]
3.6206E-09 3.8165E-09 3.9915E-09 4.1712E-09 4.4092E-09 4.6080E-09 4.8134E-09 5.0615E-09 5.3060E-09 5.5363E-09 5.7720E-09 6.0811E-09 6.3345E-09 6.5909E-09 6.8981E-09 7.1694E-09 7.4415E-09 7.7389E-09 8.0227E-09 8.3052E-09 8.5814E-09 8.8667E-09 9.1459E-09 9.4184E-09 9.7029E-09 9.9855E-09 1.0271E-08 1.0579E-08 1.0895E-08 1.1230E-08 1.1596E-08 1.1992E-08 1.2427E-08 1.2904E-08 1.3430E-08 1.4013E-08 1.4658E-08 1.5369E-08 1.6164E-08 1.7050E-08 1.8022E-08 1.9085E-08 2.0257E-08 2.1516E-08 2.2839E-08 2.4245E-08 2.5721E-08 2.7268E-08 2.8972E-08 3.0760E-08 3.2646E-08 3.4721E-08 3.7017E-08 3.9576E-08 4.2509E-08 4.5988E-08 5.0049E-08
3.6698E-09 3.8707E-09 4.0492E-09 4.2335E-09 4.4768E-09 4.6806E-09 4.8911E-09 5.1453E-09 5.3957E-09 5.6320E-09 5.8740E-09 6.1904E-09 6.4501E-09 6.7135E-09 7.0287E-09 7.3082E-09 7.5880E-09 7.8939E-09 8.1881E-09 8.4778E-09 8.7620E-09 9.0560E-09 9.3398E-09 9.6231E-09 9.9161E-09 1.0206E-08 1.0500E-08 1.0818E-08 1.1144E-08 1.1482E-08 1.1857E-08 1.2260E-08 1.2699E-08 1.3185E-08 1.3723E-08 1.4317E-08 1.4973E-08 1.5697E-08 1.6511E-08 1.7415E-08 1.8407E-08 1.9500E-08 2.0703E-08 2.1994E-08 2.3356E-08 2.4817E-08 2.6345E-08 2.7962E-08 2.9739E-08 3.1647E-08 3.3734E-08 3.6076E-08 3.8680E-08 4.1610E-08 4.5062E-08 4.9165E-08 5.3953E-08
3.7136E-09 3.9188E-09 4.1008E-09 4.2891E-09 4.5371E-09 4.7456E-09 4.9604E-09 5.2204E-09 5.4757E-09 5.7178E-09 5.9649E-09 6.2879E-09 6.5536E-09 6.8229E-09 7.1449E-09 7.4316E-09 7.7189E-09 8.0332E-09 8.3349E-09 8.6309E-09 8.9221E-09 9.2233E-09 9.5145E-09 9.8033E-09 1.0104E-08 1.0401E-08 1.0703E-08 1.1029E-08 1.1357E-08 1.1702E-08 1.2082E-08 1.2486E-08 1.2929E-08 1.3418E-08 1.3958E-08 1.4556E-08 1.5218E-08 1.5946E-08 1.6767E-08 1.7680E-08 1.8678E-08 1.9785E-08 2.1003E-08 2.2305E-08 2.3682E-08 2.5169E-08 2.6721E-08 2.8374E-08 3.0192E-08 3.2156E-08 3.4356E-08 3.6893E-08 3.9726E-08 4.2934E-08 4.6747E-08 5.1323E-08 5.6646E-08
3.7520E-09 3.9604E-09 4.1458E-09 4.3373E-09 4.5898E-09 4.8019E-09 5.0211E-09 5.2855E-09 5.5456E-09 5.7922E-09 6.0442E-09 6.3724E-09 6.6431E-09 6.9177E-09 7.2463E-09 7.5392E-09 7.8324E-09 8.1542E-09 8.4615E-09 8.7613E-09 9.0597E-09 9.3666E-09 9.6636E-09 9.9575E-09 1.0267E-08 1.0571E-08 1.0877E-08 1.1206E-08 1.1540E-08 1.1888E-08 1.2266E-08 1.2672E-08 1.3116E-08 1.3597E-08 1.4132E-08 1.4734E-08 1.5389E-08 1.6115E-08 1.6931E-08 1.7841E-08 1.8837E-08 1.9938E-08 2.1151E-08 2.2446E-08 2.3811E-08 2.5293E-08 2.6839E-08 2.8493E-08 3.0319E-08 3.2281E-08 3.4505E-08 3.7121E-08 4.0089E-08 4.3459E-08 4.7455E-08 5.2279E-08 5.7901E-08
3.7840E-09 3.9954E-09 4.1834E-09 4.3779E-09 4.6340E-09 4.8493E-09 5.0721E-09 5.3403E-09 5.6045E-09 5.8546E-09 6.1106E-09 6.4432E-09 6.7182E-09 6.9972E-09 7.3307E-09 7.6289E-09 7.9284E-09 8.2546E-09 8.5661E-09 8.8708E-09 9.1731E-09 9.4827E-09 9.7868E-09 1.0087E-08 1.0401E-08 1.0708E-08 1.1018E-08 1.1351E-08 1.1688E-08 1.2036E-08 1.2412E-08 1.2815E-08 1.3250E-08 1.3731E-08 1.4254E-08 1.4841E-08 1.5490E-08 1.6202E-08 1.7004E-08 1.7899E-08 1.8880E-08 1.9960E-08 2.1149E-08 2.2416E-08 2.3749E-08 2.5194E-08 2.6710E-08 2.8322E-08 3.0117E-08 3.2040E-08 3.4202E-08 3.6781E-08 3.9754E-08 4.3151E-08 4.7136E-08 5.1969E-08 5.7607E-08
3.8092E-09 4.0232E-09 4.2132E-09 4.4104E-09 4.6690E-09 4.8873E-09 5.1126E-09 5.3842E-09 5.6511E-09 5.9045E-09 6.1634E-09 6.4990E-09 6.7772E-09 7.0604E-09 7.3982E-09 7.7000E-09 8.0042E-09 8.3333E-09 8.6474E-09 8.9559E-09 9.2606E-09 9.5734E-09 9.8821E-09 1.0187E-08 1.0504E-08 1.0818E-08 1.1129E-08 1.1462E-08 1.1796E-08 1.2142E-08 1.2518E-08 1.2913E-08 1.3343E-08 1.3807E-08 1.4317E-08 1.4886E-08 1.5514E-08 1.6206E-08 1.6988E-08 1.7856E-08 1.8811E-08 1.9857E-08 2.1004E-08 2.2221E-08 2.3502E-08 2.4884E-08 2.6336E-08 2.7875E-08 2.9593E-08 3.1430E-08 3.3479E-08 3.5913E-08 3.8758E-08 4.2033E-08 4.5842E-08 5.0445E-08 5.5819E-08
3.8275E-09 4.0432E-09 4.2350E-09 4.4341E-09 4.6947E-09 4.9151E-09 5.1424E-09 5.4163E-09 5.6851E-09 5.9405E-09 6.2018E-09 6.5394E-09 6.8202E-09 7.1060E-09 7.4463E-09 7.7516E-09 8.0582E-09 8.3891E-09 8.7040E-09 9.0152E-09 9.3213E-09 9.6358E-09 9.9492E-09 1.0257E-08 1.0577E-08 1.0892E-08 1.1205E-08 1.1533E-08 1.1870E-08 1.2212E-08 1.2580E-08 1.2968E-08 1.3381E-08 1.3832E-08 1.4325E-08 1.4865E-08 1.5468E-08 1.6138E-08 1.6884E-08 1.7718E-08 1.8634E-08 1.9632E-08 2.0718E-08 2.1872E-08 2.3083E-08 2.4376E-08 2.5742E-08 2.7172E-08 2.8775E-08 3.0490E-08 3.2369E-08 3.4595E-08 3.7191E-08 4.0186E-08 4.3696E-08 4.7864E-08 5.2716E-08
3.8386E-09 4.0552E-09 4.2484E-09 4.4484E-09 4.7106E-09 4.9319E-09 5.1609E-09 5.4358E-09 5.7058E-09 5.9625E-09 6.2249E-09 6.5631E-09 6.8459E-09 7.1336E-09 7.4754E-09 7.7818E-09 8.0894E-09 8.4207E-09 8.7336E-09 9.0477E-09 9.3545E-09 9.6691E-09 9.9861E-09 1.0295E-08 1.0616E-08 1.0933E-08 1.1245E-08 1.1570E-08 1.1903E-08 1.2239E-08 1.2594E-08 1.2973E-08 1.3373E-08 1.3805E-08 1.4272E-08 1.4787E-08 1.5359E-08 1.5989E-08 1.6700E-08 1.7491E-08 1.8355E-08 1.9293E-08 2.0309E-08 2.1382E-08 2.2502E-08 2.3692E-08 2.4950E-08 2.6249E-08 2.7700E-08 2.9261E-08 3.0939E-08 3.2899E-08 3.5174E-08 3.7781E-08 4.0859E-08 4.4458E-08 4.8585E-08
3.8418E-09 4.0590E-09 4.2527E-09 4.4534E-09 4.7158E-09 4.9378E-09 5.1674E-09 5.4426E-09 5.7125E-09 5.9695E-09 6.2322E-09 6.5705E-09 6.8536E-09 7.1416E-09 7.4843E-09 7.7895E-09 8.0970E-09 8.4271E-09 8.7379E-09 9.0522E-09 9.3578E-09 9.6726E-09 9.9923E-09 1.0302E-08 1.0619E-08 1.0939E-08 1.1247E-08 1.1567E-08 1.1896E-08 1.2222E-08 1.2567E-08 1.2934E-08 1.3316E-08 1.3721E-08 1.4167E-08 1.4651E-08 1.5187E-08 1.5777E-08 1.6436E-08 1.7176E-08 1.7984E-08 1.8854E-08 1.9782E-08 2.0769E-08 2.1785E-08 2.2853E-08 2.3990E-08 2.5155E-08 2.6416E-08 2.7796E-08 2.9260E-08 3.0916E-08 3.2834E-08 3.5001E-08 3.7550E-08 4.0496E-08 4.3810E-08
3.8370E-09 4.0542E-09 4.2477E-09 4.4487E-09 4.7103E-09 4.9324E-09 5.1614E-09 5.4359E-09 5.7050E-09 5.9612E-09 6.2231E-09 6.5600E-09 6.8427E-09 7.1307E-09 7.4714E-09 7.7739E-09 8.0801E-09 8.4077E-09 8.7146E-09 9.0288E-09 9.3342E-09 9.6451E-09 9.9668E-09 1.0276E-08 1.0587E-08 1.0907E-08 1.1213E-08 1.1523E-08 1.1846E-08 1.2165E-08 1.2496E-08 1.2848E-08 1.3206E-08 1.3593E-08 1.4009E-08 1.4457E-08 1.4956E-08 1.5496E-08 1.6099E-08 1.6790E-08 1.7531E-08 1.8324E-08 1.9157E-08 2.0046E-08 2.0954E-08 2.1891E-08 2.2888E-08 2.3911E-08 2.4975E-08 2.6160E-08 2.7393E-08 2.8731E-08 3.0301E-08 3.2018E-08 3.3988E-08 3.6280E-08 3.8750E-08
3.8242E-09 4.0403E-09 4.2335E-09 4.4335E-09 4.6938E-09 4.9148E-09 5.1427E-09 5.4153E-09 5.6824E-09 5.9371E-09 6.1978E-09 6.5319E-09 6.8127E-09 7.0993E-09 7.4362E-09 7.7345E-09 8.0380E-09 8.3609E-09 8.6638E-09 8.9756E-09 9.2814E-09 9.5870E-09 9.9074E-09 1.0215E-08 1.0520E-08 1.0838E-08 1.1141E-08 1.1439E-08 1.1757E-08 1.2067E-08 1.2378E-08 1.2712E-08 1.3054E-08 1.3414E-08 1.3799E-08 1.4207E-08 1.4662E-08 1.5162E-08 1.5710E-08 1.6327E-08 1.7000E-08 1.7713E-08 1.8448E-08 1.9224E-08 2.0028E-08 2.0833E-08 2.1675E-08 2.2562E-08 2.3447E-08 2.4391E-08 2.5416E-08 2.6467E-08 2.7662E-08 2.8970E-08 3.0405E-08 3.2035E-08 3.3728E-08
3.8029E-09 4.0175E-09 4.2095E-09 4.4079E-09 4.6661E-09 4.8850E-09 5.1109E-09 5.3808E-09 5.6450E-09 5.8971E-09 6.1552E-09 6.4853E-09 6.7637E-09 7.0467E-09 7.3784E-09 7.6721E-09 7.9702E-09 8.2890E-09 8.5877E-09 8.8930E-09 9.1993E-09 9.5015E-09 9.8144E-09 1.0121E-08 1.0420E-08 1.0729E-08 1.1029E-08 1.1321E-08 1.1622E-08 1.1923E-08 1.2220E-08 1.2533E-08 1.2856E-08 1.3183E-08 1.3535E-08 1.3913E-08 1.4322E-08 1.4775E-08 1.5261E-08 1.5806E-08 1.6411E-08 1.7033E-08 1.7674E-08 1.8337E-08 1.9024E-08 1.9708E-08 2.0400E-08 2.1130E-08 2.1855E-08 2.2571E-08 2.3382E-08 2.4178E-08 2.5023E-08 2.5979E-08 2.6944E-08 2.7946E-08 2.8983E-08
3.7730E-09 3.9855E-09 4.1754E-09 4.3719E-09 4.6267E-09 4.8431E-09 5.0660E-09 5.3319E-09 5.5922E-09 5.8411E-09 6.0958E-09 6.4204E-09 6.6948E-09 6.9728E-09 7.2978E-09 7.5860E-09 7.8771E-09 8.1908E-09 8.4847E-09 8.7835E-09 9.0881E-09 9.3859E-09 9.6883E-09 9.9941E-09 1.0287E-08 1.0582E-08 1.0880E-08 1.1163E-08 1.1445E-08 1.1740E-08 1.2022E-08 1.2310E-08 1.2608E-08 1.2909E-08 1.3229E-08 1.3572E-08 1.3928E-08 1.4332E-08 1.4774E-08 1.5242E-08 1.5757E-08 1.6302E-08 1.6847E-08 1.7397E-08 1.7961E-08 1.8533E-08 1.9089E-08 1.9648E-08 2.0235E-08 2.0780E-08 2.1314E-08 2.1934E-08 2.2505E-08 2.3080E-08 2.3697E-08 2.4213E-08 2.4635E-08
3.7348E-09 3.9441E-09 4.1315E-09 4.3252E-09 4.5758E-09 4.7885E-09 5.0077E-09 5.2689E-09 5.5245E-09 5.7688E-09 6.0189E-09 6.3373E-09 6.6059E-09 6.8776E-09 7.1948E-09 7.4762E-09 7.7588E-09 8.0670E-09 8.3561E-09 8.6466E-09 8.9473E-09 9.2398E-09 9.5300E-09 9.8324E-09 1.0119E-08 1.0399E-08 1.0692E-08 1.0966E-08 1.1233E-08 1.1512E-08 1.1779E-08 1.2043E-08 1.2320E-08 1.2596E-08 1.2880E-08 1.3179E-08 1.3506E-08 1.3850E-08 1.4234E-08 1.4638E-08 1.5069E-08 1.5519E-08 1.5976E-08 1.6426E-08 1.6874E-08 1.7321E-08 1.7766E-08 1.8188E-08 1.8600E-08 1.9006E-08 1.9371E-08 1.9734E-08 2.0127E-08 2.0430E-08 2.0666E-08 2.0864E-08 2.0859E-08
3.6882E-09 3.8932E-09 4.0778E-09 4.2676E-09 4.5133E-09 4.7217E-09 4.9362E-09 5.1915E-09 5.4415E-09 5.6807E-09 5.9252E-09 6.2355E-09 6.4970E-09 6.7615E-09 7.0695E-09 7.3431E-09 7.6165E-09 7.9178E-09 8.2015E-09 8.4850E-09 8.7763E-09 9.0640E-09 9.3454E-09 9.6346E-09 9.9166E-09 1.0187E-08 1.0463E-08 1.0731E-08 1.0985E-08 1.1240E-08 1.1499E-08 1.1742E-08 1.1988E-08 1.2237E-08 1.2486E-08 1.2750E-08 1.3036E-08 1.3330E-08 1.3659E-08 1.4000E-08 1.4341E-08 1.4706E-08 1.5080E-08 1.5432E-08 1.5773E-08 1.6111E-08 1.6439E-08 1.6741E-08 1.7017E-08 1.7277E-08 1.7511E-08 1.7704E-08 1.7864E-08 1.8006E-08 1.7993E-08 1.7849E-08 1.7615E-08
3.6328E-09 3.8331E-09 4.0140E-09 4.1996E-09 4.4391E-09 4.6425E-09 4.8516E-09 5.1006E-09 5.3438E-09 5.5764E-09 5.8148E-09 6.1153E-09 6.3688E-09 6.6249E-09 6.9227E-09 7.1873E-09 7.4530E-09 7.7447E-09 8.0218E-09 8.2983E-09 8.5766E-09 8.8596E-09 9.1321E-09 9.4035E-09 9.6819E-09 9.9416E-09 1.0196E-08 1.0459E-08 1.0700E-08 1.0935E-08 1.1175E-08 1.1403E-08 1.1618E-08 1.1841E-08 1.2062E-08 1.2286E-08 1.2528E-08 1.2782E-08 1.3044E-08 1.3321E-08 1.3598E-08 1.3879E-08 1.4155E-08 1.4433E-08 1.4678E-08 1.4909E-08 1.5134E-08 1.5335E-08 1.5496E-08 1.5633E-08 1.5746E-08 1.5832E-08 1.5837E-08 1.5737E-08 1.5634E-08 1.5297E-08 1.4785E-08
3.5690E-09 3.7640E-09 3.9404E-09 4.1210E-09 4.3539E-09 4.5514E-09 4.7543E-09 4.9957E-09 5.2315E-09 5.4571E-09 5.6875E-09 5.9773E-09 6.2218E-09 6.4686E-09 6.7551E-09 7.0105E-09 7.2683E-09 7.5485E-09 7.8189E-09 8.0865E-09 8.3527E-09 8.6254E-09 8.8898E-09 9.1472E-09 9.4119E-09 9.6640E-09 9.9034E-09 1.0147E-08 1.0380E-08 1.0597E-08 1.0813E-08 1.1025E-08 1.1217E-08 1.1408E-08 1.1602E-08 1.1787E-08 1.1985E-08 1.2199E-08 1.2409E-08 1.2625E-08 1.2837E-08 1.3042E-08 1.3238E-08 1.3420E-08 1.3593E-08 1.3742E-08 1.3865E-08 1.3971E-08 1.4048E-08 1.4092E-08 1.4112E-08 1.4068E-08 1.4005E-08 1.3800E-08 1.3474E-08 1.3074E-08 1.2497E-08
3.4970E-09 3.6857E-09 3.8571E-09 4.0322E-09 4.2576E-09 4.4485E-09 4.6447E-09 4.8779E-09 5.1051E-09 5.3227E-09 5.5442E-09 5.8223E-09 6.0569E-09 6.2936E-09 6.5679E-09 6.8132E-09 7.0633E-09 7.3333E-09 7.5917E-09 7.8509E-09 8.1066E-09 8.3625E-09 8.6202E-09 8.8658E-09 9.1082E-09 9.3556E-09 9.5820E-09 9.7984E-09 1.0026E-08 1.0227E-08 1.0416E-08 1.0608E-08 1.0786E-08 1.0945E-08 1.1104E-08 1.1266E-08 1.1420E-08 1.1589E-08 1.1752E-08 1.1902E-08 1.2064E-08 1.2202E-08 1.2317E-08 1.2434E-08 1.2526E-08 1.2608E-08 1.2658E-08 1.2677E-08 1.2682E-08 1.2653E-08 1.2614E-08 1.2505E-08 1.2322E-08 1.2079E-08 1.1692E-08 1.1182E-08 1.0539E-08
3.4170E-09 3.5991E-09 3.7643E-09 3.9337E-09 4.1507E-09 4.3345E-09 4.5231E-09 4.7471E-09 4.9654E-09 5.1738E-09 5.3856E-09 5.6512E-09 5.8751E-09 6.1009E-09 6.3631E-09 6.5992E-09 6.8393E-09 7.0974E-09 7.3428E-09 7.5928E-09 7.8371E-09 8.0779E-09 8.3226E-09 8.5581E-09 8.7841E-09 9.0135E-09 9.2311E-09 9.4329E-09 9.6329E-09 9.8260E-09 9.9972E-09 1.0161E-08 1.0319E-08 1.0456E-08 1.0584E-08 1.0715E-08 1.0838E-08 1.0953E-08 1.1074E-08 1.1185E-08 1.1274E-08 1.1361E-08 1.1422E-08 1.1462E-08 1.1501E-08 1.1506E-08 1.1505E-08 1.1469E-08 1.1413E-08 1.1333E-08 1.1235E-08 1.1080E-08 1.0842E-08 1.0511E-08 1.0068E-08 9.5652E-09 8.9605E-09
3.3292E-09 3.5045E-09 3.6626E-09 3.8257E-09 4.0338E-09 4.2099E-09 4.3904E-09 4.6046E-09 4.8128E-09 5.0113E-09 5.2128E-09 5.4651E-09 5.6777E-09 5.8923E-09 6.1422E-09 6.3683E-09 6.5979E-09 6.8438E-09 7.0771E-09 7.3123E-09 7.5460E-09 7.7740E-09 8.0000E-09 8.2257E-09 8.4381E-09 8.6446E-09 8.8525E-09 9.0402E-09 9.2147E-09 9.3947E-09 9.5505E-09 9.6888E-09 9.8216E-09 9.9434E-09 1.0043E-08 1.0137E-08 1.0233E-08 1.0311E-08 1.0379E-08 1.0451E-08 1.0494E-08 1.0523E-08 1.0542E-08 1.0528E-08 1.0502E-08 1.0472E-08 1.0407E-08 1.0328E-08 1.0253E-08 1.0139E-08 9.9874E-09 9.7769E-09 9.4970E-09 9.1533E-09 8.7152E-09 8.1992E-09 7.6580E-09
3.2340E-09 3.4020E-09 3.5525E-09 3.7088E-09 3.9076E-09 4.0753E-09 4.2470E-09 4.4508E-09 4.6483E-09 4.8363E-09 5.0270E-09 5.2654E-09 5.4662E-09 5.6697E-09 5.9076E-09 6.1227E-09 6.3403E-09 6.5732E-09 6.7939E-09 7.0134E-09 7.2353E-09 7.4500E-09 7.6592E-09 7.8676E-09 8.0701E-09 8.2583E-09 8.4423E-09 8.6235E-09 8.7819E-09 8.9270E-09 9.0794E-09 9.1989E-09 9.3017E-09 9.4022E-09 9.4840E-09 9.5477E-09 9.6066E-09 9.6573E-09 9.6879E-09 9.7059E-09 9.7272E-09 9.7085E-09 9.6722E-09 9.6339E-09 9.5650E-09 9.4807E-09 9.3952E-09 9.2887E-09 9.1782E-09 9.0350E-09 8.8550E-09 8.6224E-09 8.3256E-09 7.9710E-09 7.5694E-09 7.0751E-09 6.5455E-09
3.1316E-09 3.2922E-09 3.4348E-09 3.5834E-09 3.7727E-09 3.9316E-09 4.0941E-09 4.2867E-09 4.4730E-09 4.6500E-09 4.8294E-09 5.0535E-09 5.2426E-09 5.4353E-09 5.6600E-09 5.8636E-09 6.0688E-09 6.2875E-09 6.4949E-09 6.7006E-09 6.9046E-09 7.1081E-09 7.3029E-09 7.4920E-09 7.6793E-09 7.8554E-09 8.0189E-09 8.1785E-09 8.3282E-09 8.4565E-09 8.5728E-09 8.6891E-09 8.7735E-09 8.8373E-09 8.9059E-09 8.9522E-09 8.9700E-09 8.9917E-09 9.0018E-09 8.9849E-09 8.9508E-09 8.9142E-09 8.8489E-09 8.7652E-09 8.6749E-09 8.5627E-09 8.4450E-09 8.3316E-09 8.2092E-09 8.0503E-09 7.8556E-09 7.6172E-09 7.3223E-09 6.9760E-09 6.5771E-09 6.1090E-09 5.6342E-09
3.0226E-09 3.1757E-09 3.3106E-09 3.4502E-09 3.6298E-09 3.7794E-09 3.9323E-09 4.1134E-09 4.2880E-09 4.4538E-09 4.6215E-09 4.8311E-09 5.0086E-09 5.1908E-09 5.4021E-09 5.5929E-09 5.7848E-09 5.9892E-09 6.1824E-09 6.3738E-09 6.5623E-09 6.7493E-09 6.9308E-09 7.1039E-09 7.2717E-09 7.4341E-09 7.5823E-09 7.7204E-09 7.8523E-09 7.9692E-09 8.0654E-09 8.1509E-09 8.2305E-09 8.2784E-09 8.3094E-09 8.3316E-09 8.3401E-09 8.3278E-09 8.3103E-09 8.2746E-09 8.2111E-09 8.1351E-09 8.0518E-09 7.9490E-09 7.8272E-09 7.6996E-09 7.5852E-09 7.4618E-09 7.3180E-09 7.1476E-09 6.9421E-09 6.7012E-09 6.4329E-09 6.1019E-09 5.7227E-09 5.3174E-09 4.9057E-09
2.9077E-09 3.0531E-09 3.1800E-09 3.3102E-09 3.4799E-09 3.6200E-09 3.7627E-09 3.9320E-09 4.0948E-09 4.2490E-09 4.4049E-09 4.6005E-09 4.7671E-09 4.9376E-09 5.1348E-09 5.3125E-09 5.4908E-09 5.6802E-09 5.8589E-09 6.0355E-09 6.2090E-09 6.3781E-09 6.5459E-09 6.7038E-09 6.8531E-09 6.9976E-09 7.1332E-09 7.2526E-09 7.3635E-09 7.4657E-09 7.5493E-09 7.6125E-09 7.6654E-09 7.7094E-09 7.7162E-09 7.7094E-09 7.7056E-09 7.6791E-09 7.6266E-09 7.5691E-09 7.4926E-09 7.4014E-09 7.2893E-09 7.1618E-09 7.0478E-09 6.9191E-09 6.7950E-09 6.6627E-09 6.5126E-09 6.3365E-09 6.1275E-09 5.9116E-09 5.6365E-09 5.3177E-09 4.9756E-09 4.6355E-09 4.2623E-09
2.7885E-09 2.9245E-09 3.0439E-09 3.1650E-09 3.3232E-09 3.4541E-09 3.5866E-09 3.7438E-09 3.8947E-09 4.0373E-09 4.1814E-09 4.3633E-09 4.5191E-09 4.6777E-09 4.8603E-09 5.0245E-09 5.1890E-09 5.3629E-09 5.5269E-09 5.6885E-09 5.8467E-09 6.0003E-09 6.1484E-09 6.2944E-09 6.4281E-09 6.5522E-09 6.6710E-09 6.7791E-09 6.8695E-09 6.9517E-09 7.0224E-09 7.0740E-09 7.1047E-09 7.1181E-09 7.1263E-09 7.1060E-09 7.0696E-09 7.0314E-09 6.9686E-09 6.8899E-09 6.8001E-09 6.6913E-09 6.5797E-09 6.4453E-09 6.3143E-09 6.1881E-09 6.0753E-09 5.9367E-09 5.7839E-09 5.6284E-09 5.4253E-09 5.1982E-09 4.9347E-09 4.6500E-09 4.3381E-09 4.0249E-09 3.7326E-09
