Assets/Resources/2015_m01_d30_2200(utc+0800)_l00_csi_1hr_conc.grd
DSAA
         159         159
     -79.000      79.000
     -79.000      79.000
  0.0000E+00  0.5525E-05
[rows 25 to 49 of 159, columns 57 to 113 of 159]
1.5702E-09 1.9539E-09 2.4642E-09 3.0544E-09 3.7584E-09 4.6168E-09 5.6419E-09 6.8755E-09 8.3472E-09 1.0111E-08 1.2095E-08 1.4391E-08 1.7139E-08 2.0487E-08 2.3610E-08 2.7023E-08 3.1313E-08 3.5324E-08 3.9048E-08 4.2898E-08 4.8051E-08 5.1396E-08 5.4508E-08 5.7562E-08 6.1671E-08 6.3283E-08 6.2928E-08 6.1143E-08 5.9643E-08 5.6051E-08 5.2624E-08 5.1579E-08 4.7854E-08 4.3420E-08 3.9718E-08 3.8087E-08 3.4426E-08 3.0820E-08 2.7345E-08 2.4059E-08 2.0981E-08 1.8140E-08 1.5564E-08 1.3303E-08 1.1272E-08 9.5069E-09 8.0088E-09 6.6993E-09 5.5905E-09 4.6485E-09 3.8616E-09 3.1993E-09 2.6011E-09 1.9713E-09 1.5468E-09 1.3046E-09 1.0986E-09
1.3929E-09 1.8155E-09 2.2844E-09 2.8651E-09 3.5519E-09 4.3832E-09 5.3998E-09 6.6735E-09 8.1386E-09 9.8879E-09 1.2069E-08 1.4735E-08 1.7373E-08 2.0370E-08 2.4390E-08 2.7903E-08 3.1576E-08 3.5509E-08 4.0617E-08 4.4408E-08 4.8112E-08 5.1901E-08 5.6618E-08 5.9253E-08 6.1520E-08 6.3975E-08 6.6484E-08 6.5229E-08 6.2062E-08 6.0873E-08 5.6536E-08 5.2198E-08 4.8123E-08 4.5941E-08 4.1648E-08 3.7294E-08 3.3477E-08 2.9865E-08 2.6389E-08 2.3125E-08 2.0079E-08 1.7351E-08 1.4857E-08 1.2629E-08 1.0722E-08 9.0394E-09 7.5786E-09 6.3311E-09 5.2669E-09 4.3707E-09 3.6270E-09 2.9849E-09 2.3883E-09 1.7662E-09 1.4483E-09 1.2154E-09 1.0196E-09
1.1724E-09 1.6601E-09 2.1071E-09 2.6837E-09 3.3602E-09 4.1929E-09 5.2007E-09 6.4328E-09 8.0317E-09 1.0016E-08 1.2075E-08 1.4493E-08 1.7817E-08 2.0862E-08 2.4209E-08 2.7928E-08 3.2705E-08 3.6645E-08 4.0667E-08 4.4920E-08 4.9997E-08 5.3467E-08 5.6702E-08 6.0267E-08 6.3636E-08 6.5099E-08 6.6098E-08 6.7923E-08 6.6667E-08 6.2544E-08 5.8243E-08 5.5612E-08 5.0586E-08 4.5623E-08 4.0814E-08 3.6470E-08 3.2520E-08 2.8811E-08 2.5354E-08 2.2155E-08 1.9196E-08 1.6497E-08 1.4119E-08 1.1997E-08 1.0139E-08 8.5218E-09 7.1360E-09 5.9475E-09 4.9365E-09 4.0851E-09 3.3721E-09 2.7393E-09 2.1709E-09 1.5982E-09 1.3454E-09 1.1180E-09 9.3403E-10
1.0241E-09 1.4639E-09 1.9493E-09 2.5157E-09 3.1848E-09 3.9891E-09 5.0777E-09 6.4246E-09 7.9222E-09 9.7255E-09 1.2230E-08 1.4677E-08 1.7477E-08 2.0703E-08 2.4875E-08 2.8626E-08 3.2626E-08 3.7007E-08 4.2148E-08 4.6230E-08 5.0201E-08 5.4699E-08 5.8808E-08 6.1455E-08 6.3691E-08 6.7455E-08 6.7979E-08 6.7843E-08 6.6193E-08 6.4605E-08 6.0374E-08 5.6093E-08 5.0770E-08 4.5557E-08 4.0523E-08 3.5736E-08 3.1477E-08 2.7744E-08 2.4306E-08 2.1133E-08 1.8275E-08 1.5674E-08 1.3352E-08 1.1308E-08 9.5246E-09 7.9930E-09 6.6715E-09 5.5434E-09 4.5977E-09 3.7900E-09 3.0969E-09 2.4918E-09 1.9484E-09 1.4775E-09 1.2403E-09 1.0203E-09 8.5297E-10
8.4138E-10 1.2530E-09 1.7776E-09 2.3210E-09 3.0765E-09 3.9360E-09 4.9089E-09 6.1500E-09 7.9193E-09 9.7049E-09 1.1844E-08 1.4398E-08 1.7746E-08 2.0992E-08 2.4613E-08 2.8749E-08 3.3608E-08 3.7907E-08 4.2307E-08 4.7436E-08 5.2071E-08 5.5773E-08 5.9167E-08 6.3883E-08 6.5766E-08 6.6959E-08 6.7714E-08 6.9291E-08 6.7971E-08 6.4841E-08 6.0071E-08 5.4926E-08 4.9825E-08 4.5229E-08 4.0216E-08 3.5280E-08 3.0683E-08 2.6679E-08 2.3243E-08 2.0140E-08 1.7322E-08 1.4805E-08 1.2566E-08 1.0589E-08 8.9017E-09 7.4517E-09 6.1978E-09 5.1410E-09 4.2525E-09 3.4770E-09 2.8088E-09 2.2443E-09 1.7221E-09 1.3556E-09 1.1282E-09 9.2953E-10 7.7743E-10
7.5228E-10 1.1004E-09 1.6196E-09 2.2198E-09 2.8858E-09 3.7011E-09 4.8365E-09 6.0464E-09 7.5321E-09 9.3914E-09 1.1864E-08 1.4390E-08 1.7348E-08 2.0886E-08 2.5103E-08 2.9174E-08 3.3562E-08 3.8940E-08 4.3721E-08 4.8167E-08 5.2503E-08 5.8002E-08 6.1222E-08 6.3823E-08 6.6000E-08 6.8763E-08 6.8806E-08 6.8003E-08 6.6424E-08 6.4169E-08 6.0271E-08 5.4957E-08 4.9449E-08 4.4094E-08 3.9009E-08 3.4307E-08 3.0110E-08 2.5847E-08 2.2206E-08 1.9101E-08 1.6362E-08 1.3915E-08 1.1759E-08 9.8706E-09 8.2714E-09 6.8996E-09 5.7262E-09 4.7294E-09 3.8852E-09 3.1495E-09 2.5327E-09 2.0035E-09 1.5268E-09 1.2323E-09 1.0155E-09 8.3843E-10 6.9541E-10
7.2912E-10 9.9380E-10 1.4085E-09 1.9868E-09 2.7373E-09 3.5605E-09 4.5242E-09 5.7475E-09 7.4379E-09 9.2426E-09 1.1414E-08 1.4145E-08 1.7472E-08 2.0915E-08 2.4820E-08 2.9909E-08 3.4408E-08 3.9120E-08 4.3993E-08 4.9956E-08 5.4280E-08 5.8185E-08 6.1783E-08 6.5793E-08 6.7427E-08 6.8134E-08 6.7945E-08 6.6907E-08 6.5058E-08 6.2534E-08 5.9332E-08 5.4953E-08 4.9317E-08 4.3696E-08 3.8380E-08 3.3430E-08 2.8900E-08 2.4794E-08 2.1317E-08 1.8095E-08 1.5382E-08 1.3016E-08 1.0947E-08 9.1500E-09 7.6323E-09 6.3456E-09 5.2560E-09 4.3046E-09 3.5069E-09 2.8295E-09 2.2604E-09 1.7633E-09 1.3660E-09 1.1158E-09 9.0578E-10 7.4880E-10 6.1589E-10
6.3943E-10 8.9029E-10 1.3011E-09 1.7973E-09 2.4539E-09 3.2781E-09 4.3814E-09 5.5554E-09 7.0318E-09 8.9449E-09 1.1322E-08 1.3944E-08 1.7038E-08 2.1172E-08 2.5155E-08 2.9565E-08 3.4378E-08 4.0287E-08 4.5234E-08 5.0065E-08 5.4855E-08 5.9989E-08 6.3253E-08 6.5666E-08 6.7152E-08 6.7726E-08 6.7323E-08 6.6009E-08 6.3914E-08 6.1112E-08 5.7752E-08 5.3331E-08 4.8277E-08 4.3366E-08 3.7846E-08 3.2747E-08 2.8098E-08 2.3936E-08 2.0221E-08 1.7076E-08 1.4413E-08 1.2116E-08 1.0131E-08 8.4244E-09 7.0011E-09 5.7993E-09 4.7701E-09 3.8801E-09 3.1374E-09 2.5172E-09 1.9958E-09 1.5384E-09 1.2271E-09 9.9563E-10 8.1436E-10 6.6639E-10 5.4518E-10
5.6580E-10 7.8413E-10 1.0980E-09 1.5737E-09 2.2665E-09 3.0229E-09 4.0157E-09 5.2851E-09 6.8506E-09 8.6552E-09 1.0874E-08 1.3899E-08 1.7016E-08 2.0663E-08 2.4856E-08 3.0105E-08 3.5010E-08 4.0134E-08 4.5534E-08 5.1436E-08 5.6027E-08 6.0058E-08 6.3337E-08 6.5755E-08 6.7183E-08 6.7571E-08 6.6958E-08 6.5391E-08 6.2971E-08 5.9854E-08 5.6229E-08 5.2237E-08 4.7359E-08 4.1840E-08 3.6519E-08 3.1895E-08 2.7331E-08 2.3101E-08 1.9395E-08 1.6150E-08 1.3462E-08 1.1224E-08 9.3096E-09 7.7064E-09 6.3784E-09 5.2416E-09 4.2799E-09 3.4696E-09 2.7908E-09 2.2192E-09 1.7372E-09 1.3478E-09 1.0920E-09 8.7111E-10 7.1344E-10 5.8003E-10 4.7582E-10
4.4023E-10 6.7064E-10 1.0060E-09 1.3894E-09 1.9319E-09 2.7436E-09 3.7645E-09 4.9642E-09 6.4324E-09 8.4879E-09 1.0671E-08 1.3341E-08 1.6585E-08 2.0753E-08 2.4982E-08 2.9688E-08 3.4954E-08 4.0884E-08 4.6202E-08 5.1346E-08 5.6115E-08 6.0314E-08 6.3675E-08 6.6081E-08 6.7442E-08 6.7676E-08 6.6835E-08 6.4988E-08 6.2294E-08 5.8872E-08 5.4922E-08 5.0636E-08 4.6195E-08 4.1129E-08 3.5660E-08 3.0533E-08 2.5946E-08 2.1934E-08 1.8541E-08 1.5345E-08 1.2601E-08 1.0357E-08 8.5066E-09 7.0074E-09 5.7564E-09 4.6881E-09 3.8074E-09 3.0717E-09 2.4529E-09 1.9320E-09 1.4935E-09 1.1919E-09 9.6233E-10 7.6113E-10 6.2255E-10 5.0062E-10 4.0369E-10
3.4484E-10 5.6625E-10 8.4842E-10 1.2429E-09 1.7492E-09 2.4302E-09 3.3515E-09 4.6980E-09 6.1569E-09 7.9552E-09 1.0199E-08 1.3187E-08 1.6398E-08 2.0163E-08 2.4640E-08 2.9875E-08 3.5071E-08 4.0527E-08 4.6042E-08 5.1445E-08 5.6406E-08 6.0716E-08 6.4210E-08 6.6642E-08 6.7929E-08 6.8028E-08 6.6983E-08 6.4857E-08 6.1817E-08 5.8044E-08 5.3771E-08 4.9188E-08 4.4485E-08 3.9853E-08 3.4848E-08 2.9671E-08 2.4967E-08 2.0853E-08 1.7303E-08 1.4267E-08 1.1754E-08 9.5816E-09 7.7247E-09 6.3070E-09 5.1333E-09 4.1680E-09 3.3572E-09 2.6932E-09 2.1276E-09 1.6634E-09 1.2899E-09 1.0490E-09 8.3363E-10 6.6783E-10 5.3766E-10 4.3139E-10 3.4219E-10
2.5236E-10 4.8117E-10 7.5620E-10 1.0785E-09 1.5227E-09 2.2319E-09 3.0778E-09 4.2137E-09 5.7027E-09 7.6547E-09 9.8694E-09 1.2561E-08 1.5902E-08 1.9976E-08 2.4349E-08 2.9250E-08 3.4594E-08 4.0267E-08 4.6007E-08 5.1586E-08 5.6807E-08 6.1340E-08 6.4927E-08 6.7401E-08 6.8689E-08 6.8632E-08 6.7345E-08 6.4926E-08 6.1530E-08 5.7414E-08 5.2772E-08 4.7861E-08 4.2903E-08 3.8061E-08 3.3172E-08 2.8734E-08 2.4032E-08 1.9876E-08 1.6337E-08 1.3336E-08 1.0817E-08 8.7018E-09 6.9744E-09 5.6316E-09 4.5426E-09 3.6740E-09 2.9342E-09 2.3310E-09 1.8229E-09 1.4203E-09 1.1232E-09 9.0741E-10 7.0955E-10 5.6555E-10 4.5145E-10 3.6629E-10 2.8587E-10
1.9489E-10 3.3306E-10 5.9418E-10 9.6535E-10 1.3888E-09 1.9509E-09 2.7281E-09 3.8549E-09 5.3045E-09 7.0585E-09 9.3279E-09 1.2152E-08 1.5385E-08 1.9215E-08 2.3638E-08 2.8680E-08 3.4184E-08 4.0019E-08 4.6021E-08 5.1879E-08 5.7325E-08 6.2077E-08 6.5836E-08 6.8405E-08 6.9614E-08 6.9437E-08 6.7911E-08 6.5163E-08 6.1419E-08 5.6910E-08 5.1903E-08 4.6659E-08 4.1408E-08 3.6347E-08 3.1622E-08 2.6964E-08 2.2516E-08 1.8771E-08 1.5380E-08 1.2440E-08 9.9729E-09 7.9284E-09 6.2748E-09 4.9856E-09 3.9875E-09 3.1982E-09 2.5309E-09 1.9970E-09 1.5462E-09 1.2114E-09 9.7654E-10 7.7339E-10 6.0234E-10 4.7692E-10 3.7696E-10 2.9690E-10 2.3438E-10
1.4006E-10 2.4932E-10 4.6395E-10 8.0156E-10 1.2168E-09 1.7920E-09 2.4839E-09 3.4311E-09 4.7926E-09 6.6138E-09 8.7256E-09 1.1368E-08 1.4584E-08 1.8452E-08 2.2957E-08 2.8083E-08 3.3770E-08 3.9842E-08 4.6086E-08 5.2264E-08 5.7998E-08 6.2991E-08 6.6925E-08 6.9553E-08 7.0734E-08 7.0401E-08 6.8623E-08 6.5559E-08 6.1428E-08 5.6520E-08 5.1133E-08 4.5543E-08 4.0003E-08 3.4713E-08 2.9839E-08 2.5456E-08 2.1283E-08 1.7377E-08 1.4073E-08 1.1322E-08 9.1571E-09 7.1952E-09 5.6450E-09 4.4227E-09 3.4683E-09 2.7538E-09 2.1645E-09 1.6862E-09 1.3157E-09 1.0380E-09 8.3219E-10 6.4496E-10 5.1065E-10 3.9870E-10 3.0913E-10 2.3937E-10 1.8686E-10
1.0489E-10 1.7277E-10 3.3700E-10 6.7606E-10 1.0681E-09 1.5507E-09 2.2493E-09 3.1370E-09 4.3145E-09 5.9551E-09 8.0059E-09 1.0605E-08 1.3781E-08 1.7640E-08 2.2220E-08 2.7469E-08 3.3326E-08 3.9674E-08 4.6218E-08 5.2675E-08 5.8719E-08 6.3956E-08 6.8082E-08 7.0831E-08 7.1989E-08 7.1516E-08 6.9490E-08 6.6069E-08 6.1531E-08 5.6197E-08 5.0399E-08 4.4463E-08 3.8642E-08 3.3142E-08 2.8120E-08 2.3671E-08 1.9805E-08 1.6249E-08 1.3017E-08 1.0337E-08 8.1465E-09 6.3514E-09 4.9974E-09 3.9199E-09 3.0145E-09 2.3476E-09 1.8290E-09 1.4087E-09 1.1170E-09 8.7816E-10 6.9474E-10 5.2545E-10 4.1464E-10 3.2317E-10 2.4920E-10 1.9086E-10 1.4928E-10
7.5003E-11 1.1666E-10 2.3503E-10 4.8052E-10 9.1055E-10 1.3810E-09 1.9862E-09 2.7678E-09 3.8133E-09 5.3021E-09 7.3148E-09 9.8241E-09 1.2980E-08 1.6856E-08 2.1441E-08 2.6824E-08 3.2868E-08 3.9431E-08 4.6269E-08 5.3085E-08 5.9478E-08 6.5047E-08 6.9416E-08 7.2235E-08 7.3351E-08 7.2722E-08 7.0401E-08 6.6614E-08 6.1665E-08 5.5897E-08 4.9690E-08 4.3392E-08 3.7280E-08 3.1592E-08 2.6445E-08 2.1940E-08 1.8099E-08 1.4882E-08 1.1982E-08 9.4285E-09 7.3265E-09 5.6217E-09 4.3512E-09 3.3435E-09 2.5659E-09 1.9828E-09 1.5267E-09 1.1867E-09 9.3084E-10 7.3441E-10 5.6540E-10 4.3018E-10 3.2801E-10 2.5418E-10 1.9378E-10 1.4766E-10 1.1954E-10
5.1316E-11 8.2937E-11 1.4733E-10 3.4021E-10 6.8155E-10 1.1485E-09 1.7193E-09 2.4320E-09 3.3939E-09 4.7072E-09 6.6260E-09 9.0554E-09 1.2154E-08 1.6011E-08 2.0649E-08 2.6128E-08 3.2360E-08 3.9184E-08 4.6372E-08 5.3567E-08 6.0341E-08 6.6222E-08 7.0790E-08 7.3747E-08 7.4850E-08 7.4014E-08 7.1374E-08 6.7170E-08 6.1750E-08 5.5531E-08 4.8914E-08 4.2259E-08 3.5893E-08 3.0018E-08 2.4791E-08 2.0267E-08 1.6463E-08 1.3316E-08 1.0636E-08 8.3944E-09 6.5343E-09 4.9481E-09 3.7690E-09 2.8248E-09 2.1433E-09 1.6295E-09 1.2579E-09 9.8522E-10 7.6273E-10 5.9879E-10 4.5050E-10 3.4049E-10 2.5568E-10 1.9283E-10 1.4470E-10 1.1313E-10 9.6904E-11
3.2255E-11 5.0783E-11 9.8015E-11 2.1596E-10 4.8896E-10 9.3388E-10 1.4693E-09 2.1126E-09 3.0080E-09 4.2289E-09 5.9127E-09 8.2934E-09 1.1307E-08 1.5109E-08 1.9774E-08 2.5361E-08 3.1799E-08 3.8948E-08 4.6517E-08 5.4128E-08 6.1313E-08 6.7561E-08 7.2409E-08 7.5442E-08 7.6421E-08 7.5339E-08 7.2345E-08 6.7696E-08 6.1802E-08 5.5104E-08 4.8061E-08 4.1072E-08 3.4449E-08 2.8438E-08 2.3137E-08 1.8633E-08 1.4885E-08 1.1842E-08 9.4027E-09 7.3533E-09 5.5872E-09 4.2130E-09 3.2380E-09 2.3652E-09 1.7680E-09 1.3425E-09 1.0277E-09 8.0304E-10 6.1173E-10 4.7440E-10 3.4395E-10 2.5983E-10 1.9177E-10 1.4241E-10 1.0716E-10 8.9115E-11 7.7169E-11
1.5933E-11 3.1108E-11 5.7718E-11 1.3678E-10 3.4684E-10 7.3588E-10 1.2562E-09 1.8630E-09 2.6637E-09 3.7747E-09 5.2825E-09 7.5188E-09 1.0411E-08 1.4149E-08 1.8832E-08 2.4560E-08 3.1233E-08 3.8725E-08 4.6738E-08 5.4850E-08 6.2509E-08 6.9132E-08 7.4211E-08 7.7332E-08 7.8250E-08 7.6873E-08 7.3410E-08 6.8226E-08 6.1781E-08 5.4591E-08 4.7123E-08 3.9812E-08 3.2972E-08 2.6835E-08 2.1506E-08 1.7045E-08 1.3396E-08 1.0470E-08 8.1621E-09 6.3756E-09 4.8302E-09 3.5901E-09 2.6384E-09 1.9038E-09 1.4303E-09 1.1021E-09 8.2637E-10 6.3588E-10 4.8122E-10 3.5923E-10 2.5827E-10 1.9066E-10 1.3866E-10 1.0180E-10 8.0636E-11 6.8618E-11 5.9125E-11
6.8170E-12 1.4900E-11 2.8426E-11 7.3969E-11 1.9963E-10 5.1859E-10 1.0322E-09 1.6024E-09 2.3367E-09 3.3475E-09 4.7186E-09 6.6927E-09 9.4938E-09 1.3129E-08 1.7808E-08 2.3656E-08 3.0611E-08 3.8556E-08 4.7141E-08 5.5827E-08 6.4034E-08 7.1106E-08 7.6439E-08 7.9572E-08 8.0211E-08 7.8458E-08 7.4518E-08 6.8744E-08 6.1701E-08 5.3986E-08 4.6089E-08 3.8454E-08 3.1432E-08 2.5209E-08 1.9888E-08 1.5515E-08 1.1988E-08 9.1987E-09 7.0334E-09 5.3732E-09 4.0672E-09 3.0430E-09 2.1689E-09 1.5539E-09 1.1427E-09 8.6694E-10 6.4543E-10 4.8249E-10 3.6412E-10 2.6198E-10 1.8787E-10 1.3458E-10 9.6274E-11 7.2186E-11 6.0523E-11 5.0054E-11 4.2474E-11
1.8693E-12 5.9509E-12 1.3381E-11 3.1300E-11 1.1957E-10 3.2887E-10 7.5316E-10 1.3240E-09 1.9979E-09 2.9152E-09 4.1721E-09 5.9144E-09 8.5679E-09 1.2100E-08 1.6761E-08 2.2736E-08 3.0003E-08 3.8501E-08 4.7762E-08 5.7192E-08 6.6052E-08 7.3582E-08 7.9133E-08 8.2177E-08 8.2548E-08 8.0269E-08 7.5640E-08 6.9203E-08 6.1504E-08 5.3200E-08 4.4890E-08 3.6986E-08 2.9806E-08 2.3562E-08 1.8272E-08 1.4018E-08 1.0636E-08 8.0211E-09 5.9992E-09 4.4790E-09 3.3317E-09 2.4534E-09 1.7405E-09 1.2586E-09 9.0448E-10 6.5436E-10 4.8743E-10 3.5968E-10 2.6183E-10 1.8547E-10 1.2894E-10 8.9166E-11 6.3994E-11 5.0443E-11 4.3083E-11 3.5825E-11 2.9080E-11
2.3243E-13 1.5765E-12 4.5402E-12 1.1682E-11 4.8169E-11 1.8633E-10 5.2805E-10 1.0139E-09 1.6601E-09 2.4782E-09 3.6162E-09 5.1904E-09 7.5924E-09 1.1041E-08 1.5676E-08 2.1822E-08 2.9538E-08 3.8681E-08 4.8804E-08 5.9129E-08 6.8801E-08 7.6866E-08 8.2584E-08 8.5445E-08 8.5269E-08 8.2248E-08 7.6765E-08 6.9496E-08 6.1126E-08 5.2274E-08 4.3541E-08 3.5373E-08 2.8094E-08 2.1844E-08 1.6668E-08 1.2551E-08 9.3460E-09 6.9120E-09 5.0717E-09 3.7151E-09 2.6950E-09 1.9400E-09 1.2895E-09 9.3501E-10 6.9205E-10 4.8437E-10 3.5279E-10 2.5800E-10 1.7905E-10 1.2229E-10 8.0894E-11 5.4760E-11 4.2365E-11 3.5005E-11 2.8544E-11 2.2973E-11 1.8093E-11
0.0000E+00 1.4367E-13 1.1360E-12 3.6272E-12 1.0958E-11 9.4431E-11 3.1091E-10 7.1818E-10 1.3081E-09 2.0448E-09 3.0599E-09 4.4637E-09 6.6409E-09 9.9930E-09 1.4660E-08 2.0999E-08 2.9207E-08 3.9220E-08 5.0461E-08 6.1984E-08 7.2642E-08 8.1308E-08 8.7098E-08 8.9458E-08 8.8431E-08 8.4412E-08 7.7947E-08 6.9692E-08 6.0450E-08 5.1010E-08 4.1904E-08 3.3576E-08 2.6263E-08 2.0084E-08 1.5052E-08 1.1144E-08 8.1508E-09 5.9099E-09 4.2737E-09 3.0421E-09 2.1280E-09 1.4176E-09 9.3958E-10 6.8356E-10 4.8117E-10 3.4016E-10 2.4194E-10 1.6981E-10 1.1333E-10 7.2223E-11 4.6228E-11 3.2886E-11 2.6706E-11 2.1970E-11 1.7283E-11 1.3442E-11 9.2683E-12
0.0000E+00 0.0000E+00 5.2440E-14 7.0376E-13 2.5923E-12 2.2466E-11 1.6450E-10 4.8523E-10 9.5787E-10 1.6232E-09 2.5231E-09 3.7589E-09 5.7369E-09 8.8982E-09 1.3615E-08 2.0276E-08 2.9257E-08 4.0412E-08 5.3104E-08 6.6085E-08 7.7949E-08 8.7170E-08 9.2816E-08 9.4489E-08 9.2318E-08 8.6858E-08 7.8926E-08 6.9542E-08 5.9479E-08 4.9461E-08 4.0010E-08 3.1562E-08 2.4281E-08 1.8268E-08 1.3455E-08 9.7925E-09 7.0311E-09 5.0014E-09 3.5306E-09 2.4371E-09 1.6279E-09 9.4449E-10 6.3195E-10 4.6305E-10 3.2360E-10 2.2082E-10 1.5607E-10 1.0237E-10 6.1584E-11 3.6134E-11 2.5237E-11 2.0074E-11 1.5521E-11 1.1168E-11 8.8950E-12 6.8052E-12 4.9930E-12
0.0000E+00 0.0000E+00 0.0000E+00 0.0000E+00 3.8522E-13 1.6607E-12 5.5354E-11 2.6785E-10 6.4933E-10 1.2548E-09 2.0043E-09 3.0820E-09 4.8499E-09 7.8263E-09 1.2666E-08 1.9783E-08 2.9626E-08 4.2269E-08 5.6892E-08 7.1857E-08 8.5172E-08 9.5055E-08 1.0038E-07 1.0077E-07 9.6791E-08 8.9507E-08 7.9954E-08 6.9144E-08 5.8079E-08 4.7437E-08 3.7777E-08 2.9324E-08 2.2212E-08 1.6406E-08 1.1889E-08 8.4799E-09 5.9974E-09 4.1392E-09 2.8621E-09 1.9149E-09 1.2101E-09 6.1288E-10 4.2151E-10 2.9475E-10 2.0289E-10 1.3286E-10 8.9993E-11 5.3037E-11 2.9685E-11 1.8186E-11 1.4495E-11 1.1782E-11 8.9811E-12 7.0682E-12 5.3855E-12 3.9220E-12 2.8456E-12
