Assets/Resources/2015_m01_d17_1300(utc+0800)_l00_csi_1hr_conc.grd
DSAA
         159         159
     -79.000      79.000
     -79.000      79.000
  0.0000E+00  0.1175E-04
[rows 50 to 74 of 159, columns 0 to 56 of 159]
8.5190E-10 9.2935E-10 1.0094E-09 1.0929E-09 1.2068E-09 1.3246E-09 1.4674E-09 1.6425E-09 1.8304E-09 2.0563E-09 2.3282E-09 2.6347E-09 2.9958E-09 3.4114E-09 3.8979E-09 4.4498E-09 5.0861E-09 5.8125E-09 6.6367E-09 7.5773E-09 8.6338E-09 9.8134E-09 1.1124E-08 1.2562E-08 1.4128E-08 1.5815E-08 1.7625E-08 1.9519E-08 2.1491E-08 2.3512E-08 2.5545E-08 2.7549E-08 2.9506E-08 3.1356E-08 3.3071E-08 3.4622E-08 3.5967E-08 3.7070E-08 3.7912E-08 3.8472E-08 3.8728E-08 3.8684E-08 3.8345E-08 3.7721E-08 3.6824E-08 3.5675E-08 3.4310E-08 3.2762E-08 3.1077E-08 2.9316E-08 2.7505E-08 2.5685E-08 2.3876E-08 2.2109E-08 2.0401E-08 1.8741E-08 1.7135E-08
8.3669E-10 9.1314E-10 9.9252E-10 1.0756E-09 1.1865E-09 1.3050E-09 1.4504E-09 1.6235E-09 1.8152E-09 2.0411E-09 2.3154E-09 2.6313E-09 2.9947E-09 3.4208E-09 3.9222E-09 4.4902E-09 5.1432E-09 5.8901E-09 6.7462E-09 7.7217E-09 8.8185E-09 1.0050E-08 1.1418E-08 1.2921E-08 1.4560E-08 1.6339E-08 1.8235E-08 2.0237E-08 2.2325E-08 2.4463E-08 2.6616E-08 2.8762E-08 3.0844E-08 3.2831E-08 3.4687E-08 3.6359E-08 3.7805E-08 3.9001E-08 3.9901E-08 4.0476E-08 4.0725E-08 4.0640E-08 4.0229E-08 3.9510E-08 3.8514E-08 3.7265E-08 3.5785E-08 3.4113E-08 3.2278E-08 3.0350E-08 2.8379E-08 2.6403E-08 2.4456E-08 2.2561E-08 2.0735E-08 1.8985E-08 1.7322E-08
8.2050E-10 8.9549E-10 9.7396E-10 1.0579E-09 1.1670E-09 1.2877E-09 1.4328E-09 1.6052E-09 1.7997E-09 2.0248E-09 2.3043E-09 2.6244E-09 2.9908E-09 3.4261E-09 3.9337E-09 4.5153E-09 5.1840E-09 5.9486E-09 6.8321E-09 7.8349E-09 8.9680E-09 1.0243E-08 1.1659E-08 1.3217E-08 1.4929E-08 1.6777E-08 1.8757E-08 2.0853E-08 2.3040E-08 2.5283E-08 2.7566E-08 2.9833E-08 3.2048E-08 3.4161E-08 3.6122E-08 3.7891E-08 3.9434E-08 4.0688E-08 4.1626E-08 4.2228E-08 4.2477E-08 4.2377E-08 4.1936E-08 4.1181E-08 4.0127E-08 3.8795E-08 3.7220E-08 3.5429E-08 3.3476E-08 3.1398E-08 2.9271E-08 2.7137E-08 2.5042E-08 2.3012E-08 2.1061E-08 1.9198E-08 1.7457E-08
8.0334E-10 8.7671E-10 9.5447E-10 1.0384E-09 1.1468E-09 1.2652E-09 1.4076E-09 1.5803E-09 1.7737E-09 1.9976E-09 2.2810E-09 2.6007E-09 2.9682E-09 3.4108E-09 3.9200E-09 4.5128E-09 5.1958E-09 5.9749E-09 6.8791E-09 7.9044E-09 9.0686E-09 1.0377E-08 1.1832E-08 1.3444E-08 1.5209E-08 1.7121E-08 1.9172E-08 2.1349E-08 2.3629E-08 2.5984E-08 2.8375E-08 3.0751E-08 3.3073E-08 3.5287E-08 3.7339E-08 3.9190E-08 4.0783E-08 4.2079E-08 4.3060E-08 4.3691E-08 4.3960E-08 4.3865E-08 4.3423E-08 4.2640E-08 4.1531E-08 4.0131E-08 3.8471E-08 3.6585E-08 3.4527E-08 3.2345E-08 3.0089E-08 2.7828E-08 2.5602E-08 2.3444E-08 2.1374E-08 1.9404E-08 1.7568E-08
7.8533E-10 8.5663E-10 9.3334E-10 1.0170E-09 1.1237E-09 1.2418E-09 1.3798E-09 1.5510E-09 1.7431E-09 1.9631E-09 2.2480E-09 2.5641E-09 2.9312E-09 3.3735E-09 3.8809E-09 4.4783E-09 5.1643E-09 5.9545E-09 6.8710E-09 7.9097E-09 9.0961E-09 1.0427E-08 1.1913E-08 1.3568E-08 1.5376E-08 1.7344E-08 1.9464E-08 2.1716E-08 2.4076E-08 2.6517E-08 2.8990E-08 3.1457E-08 3.3863E-08 3.6149E-08 3.8276E-08 4.0184E-08 4.1830E-08 4.3195E-08 4.4230E-08 4.4911E-08 4.5222E-08 4.5163E-08 4.4729E-08 4.3929E-08 4.2790E-08 4.1331E-08 3.9591E-08 3.7617E-08 3.5461E-08 3.3177E-08 3.0821E-08 2.8445E-08 2.6097E-08 2.3817E-08 2.1631E-08 1.9569E-08 1.7648E-08
7.6644E-10 8.3695E-10 9.1078E-10 9.9375E-10 1.0990E-09 1.2162E-09 1.3521E-09 1.5188E-09 1.7078E-09 1.9254E-09 2.2068E-09 2.5184E-09 2.8840E-09 3.3219E-09 3.8257E-09 4.4224E-09 5.1052E-09 5.8976E-09 6.8203E-09 7.8626E-09 9.0612E-09 1.0406E-08 1.1916E-08 1.3598E-08 1.5443E-08 1.7457E-08 1.9629E-08 2.1937E-08 2.4366E-08 2.6872E-08 2.9418E-08 3.1960E-08 3.4432E-08 3.6803E-08 3.9004E-08 4.0984E-08 4.2715E-08 4.4147E-08 4.5241E-08 4.5984E-08 4.6350E-08 4.6325E-08 4.5905E-08 4.5101E-08 4.3930E-08 4.2414E-08 4.0610E-08 3.8558E-08 3.6313E-08 3.3938E-08 3.1495E-08 2.9029E-08 2.6582E-08 2.4207E-08 2.1924E-08 1.9765E-08 1.7748E-08
7.4573E-10 8.1632E-10 8.8697E-10 9.6856E-10 1.0730E-09 1.1875E-09 1.3211E-09 1.4871E-09 1.6678E-09 1.8831E-09 2.1604E-09 2.4637E-09 2.8271E-09 3.2572E-09 3.7540E-09 4.3478E-09 5.0193E-09 5.8081E-09 6.7256E-09 7.7699E-09 8.9674E-09 1.0317E-08 1.1835E-08 1.3529E-08 1.5392E-08 1.7435E-08 1.9636E-08 2.1985E-08 2.4453E-08 2.7004E-08 2.9605E-08 3.2203E-08 3.4755E-08 3.7205E-08 3.9490E-08 4.1568E-08 4.3394E-08 4.4915E-08 4.6110E-08 4.6947E-08 4.7398E-08 4.7442E-08 4.7059E-08 4.6265E-08 4.5078E-08 4.3529E-08 4.1663E-08 3.9540E-08 3.7220E-08 3.4760E-08 3.2219E-08 2.9650E-08 2.7119E-08 2.4663E-08 2.2287E-08 2.0025E-08 1.7909E-08
7.2450E-10 7.9458E-10 8.6193E-10 9.4155E-10 1.0458E-09 1.1566E-09 1.2865E-09 1.4512E-09 1.6274E-09 1.8342E-09 2.1077E-09 2.4048E-09 2.7589E-09 3.1799E-09 3.6674E-09 4.2500E-09 4.9118E-09 5.6842E-09 6.5908E-09 7.6244E-09 8.8111E-09 1.0150E-08 1.1662E-08 1.3351E-08 1.5219E-08 1.7265E-08 1.9474E-08 2.1840E-08 2.4327E-08 2.6906E-08 2.9544E-08 3.2186E-08 3.4801E-08 3.7315E-08 3.9674E-08 4.1846E-08 4.3774E-08 4.5401E-08 4.6715E-08 4.7666E-08 4.8218E-08 4.8338E-08 4.8023E-08 4.7271E-08 4.6093E-08 4.4538E-08 4.2655E-08 4.0496E-08 3.8122E-08 3.5603E-08 3.2998E-08 3.0370E-08 2.7771E-08 2.5221E-08 2.2756E-08 2.0393E-08 1.8181E-08
7.0256E-10 7.7166E-10 8.3580E-10 9.1297E-10 1.0159E-09 1.1235E-09 1.2492E-09 1.4117E-09 1.5824E-09 1.7849E-09 2.0465E-09 2.3361E-09 2.6846E-09 3.0896E-09 3.5663E-09 4.1342E-09 4.7747E-09 5.5313E-09 6.4095E-09 7.4198E-09 8.5882E-09 9.9080E-09 1.1398E-08 1.3069E-08 1.4921E-08 1.6949E-08 1.9151E-08 2.1509E-08 2.3994E-08 2.6581E-08 2.9227E-08 3.1901E-08 3.4549E-08 3.7107E-08 3.9543E-08 4.1804E-08 4.3826E-08 4.5581E-08 4.7019E-08 4.8084E-08 4.8737E-08 4.8958E-08 4.8722E-08 4.8020E-08 4.6887E-08 4.5361E-08 4.3488E-08 4.1325E-08 3.8952E-08 3.6425E-08 3.3802E-08 3.1145E-08 2.8503E-08 2.5895E-08 2.3362E-08 2.0913E-08 1.8602E-08
6.8010E-10 7.4738E-10 8.0968E-10 8.8395E-10 9.8419E-10 1.0887E-09 1.2088E-09 1.3683E-09 1.5333E-09 1.7301E-09 1.9848E-09 2.2584E-09 2.5978E-09 2.9912E-09 3.4425E-09 3.9940E-09 4.6092E-09 5.3359E-09 6.1940E-09 7.1687E-09 8.3046E-09 9.5981E-09 1.1054E-08 1.2693E-08 1.4510E-08 1.6501E-08 1.8672E-08 2.0995E-08 2.3455E-08 2.6024E-08 2.8654E-08 3.1336E-08 3.3989E-08 3.6582E-08 3.9082E-08 4.1420E-08 4.3544E-08 4.5417E-08 4.6967E-08 4.8143E-08 4.8908E-08 4.9227E-08 4.9075E-08 4.8457E-08 4.7398E-08 4.5927E-08 4.4108E-08 4.2010E-08 3.9686E-08 3.7197E-08 3.4613E-08 3.1972E-08 2.9309E-08 2.6673E-08 2.4096E-08 2.1605E-08 1.9214E-08
6.5739E-10 7.2238E-10 7.8368E-10 8.5393E-10 9.5047E-10 1.0524E-09 1.1667E-09 1.3214E-09 1.4806E-09 1.6692E-09 1.9168E-09 2.1779E-09 2.4950E-09 2.8711E-09 3.3030E-09 3.8278E-09 4.4207E-09 5.1205E-09 5.9406E-09 6.8871E-09 7.9802E-09 9.2275E-09 1.0642E-08 1.2232E-08 1.3993E-08 1.5926E-08 1.8041E-08 2.0306E-08 2.2717E-08 2.5237E-08 2.7830E-08 3.0486E-08 3.3130E-08 3.5744E-08 3.8288E-08 4.0684E-08 4.2896E-08 4.4857E-08 4.6505E-08 4.7787E-08 4.8658E-08 4.9073E-08 4.9020E-08 4.8507E-08 4.7545E-08 4.6183E-08 4.4488E-08 4.2501E-08 4.0287E-08 3.7912E-08 3.5405E-08 3.2812E-08 3.0189E-08 2.7597E-08 2.5026E-08 2.2510E-08 2.0071E-08
6.3408E-10 6.9663E-10 7.5631E-10 8.2317E-10 9.1505E-10 1.0142E-09 1.1234E-09 1.2715E-09 1.4253E-09 1.6016E-09 1.8363E-09 2.0825E-09 2.3835E-09 2.7375E-09 3.1461E-09 3.6522E-09 4.2150E-09 4.8859E-09 5.6760E-09 6.5733E-09 7.6247E-09 8.8154E-09 1.0161E-08 1.1690E-08 1.3379E-08 1.5237E-08 1.7274E-08 1.9456E-08 2.1793E-08 2.4236E-08 2.6765E-08 2.9372E-08 3.1988E-08 3.4600E-08 3.7156E-08 3.9583E-08 4.1851E-08 4.3870E-08 4.5590E-08 4.6963E-08 4.7920E-08 4.8431E-08 4.8490E-08 4.8104E-08 4.7288E-08 4.6095E-08 4.4563E-08 4.2757E-08 4.0724E-08 3.8498E-08 3.6121E-08 3.3658E-08 3.1157E-08 2.8646E-08 2.6141E-08 2.3657E-08 2.1217E-08
6.1165E-10 6.7107E-10 7.2812E-10 7.9217E-10 8.7845E-10 9.7375E-10 1.0771E-09 1.2156E-09 1.3607E-09 1.5255E-09 1.7467E-09 1.9821E-09 2.2638E-09 2.6033E-09 2.9870E-09 3.4665E-09 4.0091E-09 4.6417E-09 5.3877E-09 6.2410E-09 7.2299E-09 8.3579E-09 9.6341E-09 1.1076E-08 1.2680E-08 1.4450E-08 1.6388E-08 1.8468E-08 2.0704E-08 2.3047E-08 2.5487E-08 2.8023E-08 3.0581E-08 3.3158E-08 3.5685E-08 3.8106E-08 4.0383E-08 4.2432E-08 4.4189E-08 4.5620E-08 4.6649E-08 4.7261E-08 4.7452E-08 4.7219E-08 4.6587E-08 4.5604E-08 4.4304E-08 4.2728E-08 4.0916E-08 3.8899E-08 3.6729E-08 3.4474E-08 3.2165E-08 2.9827E-08 2.7461E-08 2.5077E-08 2.2692E-08
5.8680E-10 6.4557E-10 6.9935E-10 7.6039E-10 8.4003E-10 9.2776E-10 1.0235E-09 1.1525E-09 1.2909E-09 1.4468E-09 1.6554E-09 1.8794E-09 2.1461E-09 2.4688E-09 2.8352E-09 3.2834E-09 3.7902E-09 4.3863E-09 5.0862E-09 5.8813E-09 6.8144E-09 7.8680E-09 9.0628E-09 1.0422E-08 1.1918E-08 1.3585E-08 1.5412E-08 1.7373E-08 1.9486E-08 2.1711E-08 2.4040E-08 2.6473E-08 2.8937E-08 3.1435E-08 3.3892E-08 3.6261E-08 3.8505E-08 4.0531E-08 4.2293E-08 4.3749E-08 4.4837E-08 4.5562E-08 4.5893E-08 4.5830E-08 4.5428E-08 4.4692E-08 4.3654E-08 4.2351E-08 4.0805E-08 3.9060E-08 3.7181E-08 3.5209E-08 3.3178E-08 3.1100E-08 2.8965E-08 2.6780E-08 2.4519E-08
5.5362E-10 6.1899E-10 6.6891E-10 7.2515E-10 7.9747E-10 8.7581E-10 9.6728E-10 1.0856E-09 1.2168E-09 1.3662E-09 1.5626E-09 1.7778E-09 2.0299E-09 2.3309E-09 2.6775E-09 3.0920E-09 3.5653E-09 4.1157E-09 4.7716E-09 5.5130E-09 6.3754E-09 7.3621E-09 8.4686E-09 9.7305E-09 1.1129E-08 1.2669E-08 1.4375E-08 1.6205E-08 1.8185E-08 2.0273E-08 2.2466E-08 2.4765E-08 2.7101E-08 2.9476E-08 3.1823E-08 3.4089E-08 3.6248E-08 3.8211E-08 3.9936E-08 4.1396E-08 4.2543E-08 4.3362E-08 4.3829E-08 4.3969E-08 4.3812E-08 4.3333E-08 4.2583E-08 4.1578E-08 4.0348E-08 3.8939E-08 3.7418E-08 3.5808E-08 3.4142E-08 3.2419E-08 3.0615E-08 2.8721E-08 2.6684E-08
5.2636E-10 5.8740E-10 6.3462E-10 6.8748E-10 7.5682E-10 8.2706E-10 9.1463E-10 1.0251E-09 1.1495E-09 1.2923E-09 1.4736E-09 1.6751E-09 1.9103E-09 2.1868E-09 2.5090E-09 2.8949E-09 3.3334E-09 3.8459E-09 4.4449E-09 5.1333E-09 5.9328E-09 6.8373E-09 7.8649E-09 9.0215E-09 1.0313E-08 1.1732E-08 1.3301E-08 1.4998E-08 1.6833E-08 1.8766E-08 2.0803E-08 2.2943E-08 2.5120E-08 2.7339E-08 2.9535E-08 3.1657E-08 3.3694E-08 3.5557E-08 3.7221E-08 3.8668E-08 3.9848E-08 4.0743E-08 4.1349E-08 4.1700E-08 4.1759E-08 4.1547E-08 4.1093E-08 4.0406E-08 3.9518E-08 3.8498E-08 3.7389E-08 3.6206E-08 3.4991E-08 3.3708E-08 3.2330E-08 3.0815E-08 2.9091E-08
4.8948E-10 5.4648E-10 6.0081E-10 6.5192E-10 7.1890E-10 7.8371E-10 8.6766E-10 9.7114E-10 1.0853E-09 1.2187E-09 1.3866E-09 1.5688E-09 1.7891E-09 2.0405E-09 2.3376E-09 2.6954E-09 3.0962E-09 3.5694E-09 4.1213E-09 4.7461E-09 5.4832E-09 6.3048E-09 7.2449E-09 8.3051E-09 9.4789E-09 1.0782E-08 1.2210E-08 1.3762E-08 1.5444E-08 1.7212E-08 1.9076E-08 2.1042E-08 2.3038E-08 2.5074E-08 2.7090E-08 2.9044E-08 3.0935E-08 3.2682E-08 3.4267E-08 3.5677E-08 3.6865E-08 3.7836E-08 3.8572E-08 3.9098E-08 3.9359E-08 3.9391E-08 3.9227E-08 3.8851E-08 3.8331E-08 3.7727E-08 3.7057E-08 3.6358E-08 3.5638E-08 3.4865E-08 3.3986E-08 3.2935E-08 3.1624E-08
4.4879E-10 5.1442E-10 5.7085E-10 6.1845E-10 6.8544E-10 7.4511E-10 8.1919E-10 9.1808E-10 1.0183E-09 1.1432E-09 1.2987E-09 1.4635E-09 1.6653E-09 1.8969E-09 2.1640E-09 2.4954E-09 2.8587E-09 3.2884E-09 3.7947E-09 4.3581E-09 5.0246E-09 5.7743E-09 6.6179E-09 7.5822E-09 8.6392E-09 9.8153E-09 1.1111E-08 1.2503E-08 1.4027E-08 1.5626E-08 1.7309E-08 1.9087E-08 2.0886E-08 2.2727E-08 2.4554E-08 2.6330E-08 2.8066E-08 2.9686E-08 3.1172E-08 3.2532E-08 3.3735E-08 3.4762E-08 3.5593E-08 3.6245E-08 3.6680E-08 3.6935E-08 3.7028E-08 3.6962E-08 3.6802E-08 3.6612E-08 3.6390E-08 3.6196E-08 3.6002E-08 3.5756E-08 3.5428E-08 3.4899E-08 3.4064E-08
4.1946E-10 4.8071E-10 5.3363E-10 5.8641E-10 6.4932E-10 7.0830E-10 7.7305E-10 8.6394E-10 9.5522E-10 1.0660E-09 1.2111E-09 1.3583E-09 1.5405E-09 1.7543E-09 1.9921E-09 2.2951E-09 2.6262E-09 3.0111E-09 3.4691E-09 3.9788E-09 4.5695E-09 5.2454E-09 5.9996E-09 6.8578E-09 7.8090E-09 8.8495E-09 1.0005E-08 1.1246E-08 1.2598E-08 1.4030E-08 1.5527E-08 1.7110E-08 1.8709E-08 2.0356E-08 2.1991E-08 2.3589E-08 2.5164E-08 2.6645E-08 2.8034E-08 2.9352E-08 3.0540E-08 3.1582E-08 3.2475E-08 3.3220E-08 3.3794E-08 3.4221E-08 3.4545E-08 3.4757E-08 3.4939E-08 3.5134E-08 3.5350E-08 3.5630E-08 3.5940E-08 3.6238E-08 3.6459E-08 3.6465E-08 3.6152E-08
3.8886E-10 4.3967E-10 4.9455E-10 5.5886E-10 6.1327E-10 6.6881E-10 7.2755E-10 8.0971E-10 8.9388E-10 9.9064E-10 1.1247E-09 1.2585E-09 1.4196E-09 1.6142E-09 1.8296E-09 2.0962E-09 2.3972E-09 2.7416E-09 3.1480E-09 3.6077E-09 4.1320E-09 4.7253E-09 5.3980E-09 6.1495E-09 6.9864E-09 7.9060E-09 8.9136E-09 1.0010E-08 1.1198E-08 1.2448E-08 1.3766E-08 1.5161E-08 1.6566E-08 1.8020E-08 1.9466E-08 2.0884E-08 2.2297E-08 2.3653E-08 2.4952E-08 2.6197E-08 2.7337E-08 2.8362E-08 2.9272E-08 3.0072E-08 3.0742E-08 3.1301E-08 3.1815E-08 3.2268E-08 3.2735E-08 3.3267E-08 3.3874E-08 3.4576E-08 3.5332E-08 3.6130E-08 3.6847E-08 3.7378E-08 3.7605E-08
3.5529E-10 4.0875E-10 4.5414E-10 5.0546E-10 5.7772E-10 6.2922E-10 6.8418E-10 7.5643E-10 8.3343E-10 9.1991E-10 1.0375E-09 1.1625E-09 1.3033E-09 1.4767E-09 1.6725E-09 1.9043E-09 2.1750E-09 2.4834E-09 2.8384E-09 3.2474E-09 3.7123E-09 4.2279E-09 4.8112E-09 5.4710E-09 6.1920E-09 6.9913E-09 7.8708E-09 8.8140E-09 9.8506E-09 1.0930E-08 1.2067E-08 1.3286E-08 1.4510E-08 1.5775E-08 1.7036E-08 1.8282E-08 1.9556E-08 2.0791E-08 2.1969E-08 2.3116E-08 2.4181E-08 2.5162E-08 2.6052E-08 2.6869E-08 2.7586E-08 2.8235E-08 2.8889E-08 2.9523E-08 3.0220E-08 3.1025E-08 3.1930E-08 3.2967E-08 3.4105E-08 3.5293E-08 3.6436E-08 3.7416E-08 3.8138E-08
3.0775E-10 3.8017E-10 4.1875E-10 4.7138E-10 5.3519E-10 5.8751E-10 6.4217E-10 7.0357E-10 7.7475E-10 8.5425E-10 9.5478E-10 1.0683E-09 1.1968E-09 1.3455E-09 1.5207E-09 1.7289E-09 1.9598E-09 2.2357E-09 2.5487E-09 2.9014E-09 3.3092E-09 3.7582E-09 4.2562E-09 4.8208E-09 5.4462E-09 6.1260E-09 6.8835E-09 7.6953E-09 8.5774E-09 9.5062E-09 1.0482E-08 1.1521E-08 1.2572E-08 1.3664E-08 1.4760E-08 1.5864E-08 1.6994E-08 1.8081E-08 1.9128E-08 2.0161E-08 2.1132E-08 2.2040E-08 2.2881E-08 2.3679E-08 2.4403E-08 2.5101E-08 2.5843E-08 2.6595E-08 2.7442E-08 2.8436E-08 2.9535E-08 3.0820E-08 3.2205E-08 3.3651E-08 3.5102E-08 3.6444E-08 3.7587E-08
2.7095E-10 3.3590E-10 3.8633E-10 4.2551E-10 4.8458E-10 5.4740E-10 5.9654E-10 6.5651E-10 7.1627E-10 7.9075E-10 8.7555E-10 9.7606E-10 1.0939E-09 1.2220E-09 1.3767E-09 1.5620E-09 1.7607E-09 2.0000E-09 2.2749E-09 2.5771E-09 2.9248E-09 3.3146E-09 3.7431E-09 4.2192E-09 4.7472E-09 5.3318E-09 5.9704E-09 6.6595E-09 7.4130E-09 8.1961E-09 9.0204E-09 9.9056E-09 1.0788E-08 1.1725E-08 1.2687E-08 1.3642E-08 1.4616E-08 1.5557E-08 1.6469E-08 1.7379E-08 1.8240E-08 1.9056E-08 1.9822E-08 2.0573E-08 2.1274E-08 2.1978E-08 2.2754E-08 2.3569E-08 2.4486E-08 2.5556E-08 2.6776E-08 2.8166E-08 2.9672E-08 3.1257E-08 3.2865E-08 3.4401E-08 3.5861E-08
2.3829E-10 2.9246E-10 3.4462E-10 3.9208E-10 4.4677E-10 4.8921E-10 5.5455E-10 6.0736E-10 6.6236E-10 7.2568E-10 8.0525E-10 8.8747E-10 9.9218E-10 1.1099E-09 1.2377E-09 1.4005E-09 1.5779E-09 1.7787E-09 2.0158E-09 2.2782E-09 2.5714E-09 2.9029E-09 3.2709E-09 3.6768E-09 4.1166E-09 4.6067E-09 5.1521E-09 5.7270E-09 6.3569E-09 7.0185E-09 7.7028E-09 8.4411E-09 9.1979E-09 9.9993E-09 1.0807E-08 1.1613E-08 1.2442E-08 1.3247E-08 1.4024E-08 1.4805E-08 1.5550E-08 1.6261E-08 1.6941E-08 1.7621E-08 1.8272E-08 1.8950E-08 1.9708E-08 2.0515E-08 2.1427E-08 2.2523E-08 2.3739E-08 2.5121E-08 2.6605E-08 2.8180E-08 2.9808E-08 3.1455E-08 3.3115E-08
2.1352E-10 2.4745E-10 3.0204E-10 3.5775E-10 4.0261E-10 4.4840E-10 5.0722E-10 5.5934E-10 6.1081E-10 6.6170E-10 7.3192E-10 8.0888E-10 8.9758E-10 1.0026E-09 1.1151E-09 1.2499E-09 1.4057E-09 1.5768E-09 1.7722E-09 1.9972E-09 2.2466E-09 2.5227E-09 2.8369E-09 3.1836E-09 3.5603E-09 3.9673E-09 4.4208E-09 4.9019E-09 5.4255E-09 5.9679E-09 6.5384E-09 7.1620E-09 7.7937E-09 8.4599E-09 9.1310E-09 9.7998E-09 1.0485E-08 1.1156E-08 1.1809E-08 1.2462E-08 1.3096E-08 1.3698E-08 1.4283E-08 1.4879E-08 1.5463E-08 1.6075E-08 1.6777E-08 1.7528E-08 1.8397E-08 1.9414E-08 2.0540E-08 2.1803E-08 2.3171E-08 2.4628E-08 2.6191E-08 2.7811E-08 2.9500E-08
