Assets/Resources/2015_m01_d26_0000(utc+0800)_l00_csi_1hr_conc.grd
DSAA
         159         159
     -79.000      79.000
     -79.000      79.000
  0.0000E+00  0.7457E-05
[rows 75 to 99 of 159, columns 57 to 113 of 159]
1.8923E-09 2.1459E-09 2.4285E-09 2.7422E-09 3.1946E-09 3.7252E-09 4.2635E-09 4.8808E-09 5.7170E-09 6.6917E-09 7.8905E-09 9.2694E-09 1.0874E-08 1.2798E-08 1.5101E-08 1.7862E-08 2.1284E-08 2.5465E-08 3.0692E-08 3.7321E-08 4.5813E-08 5.8767E-08 7.7145E-08 1.0168E-07 1.3445E-07 1.7589E-07 2.2282E-07 3.1874E-07 4.8506E-07 5.1339E-07 4.6267E-07 3.9852E-07 3.3927E-07 2.8715E-07 2.4281E-07 2.0671E-07 1.7696E-07 1.5130E-07 1.3020E-07 1.0531E-07 9.1089E-08 7.8709E-08 6.3621E-08 5.5461E-08 4.8494E-08 4.2495E-08 3.7517E-08 3.3127E-08 2.9328E-08 2.6096E-08 2.3289E-08 2.0865E-08 1.8744E-08 1.6870E-08 1.3918E-08 1.2444E-08 1.1382E-08
1.9364E-09 2.1963E-09 2.4862E-09 2.8084E-09 3.2717E-09 3.8153E-09 4.3688E-09 4.9964E-09 5.8706E-09 6.8544E-09 8.1026E-09 9.4931E-09 1.1139E-08 1.3115E-08 1.5481E-08 1.8348E-08 2.1892E-08 2.6324E-08 3.1852E-08 3.9021E-08 4.9354E-08 6.3340E-08 8.4980E-08 1.1422E-07 1.5374E-07 2.0322E-07 3.2936E-07 6.7479E-07 6.9634E-07 6.0522E-07 5.0926E-07 4.2843E-07 3.6191E-07 3.0542E-07 2.5824E-07 2.2037E-07 1.8752E-07 1.5978E-07 1.3641E-07 1.0945E-07 9.4131E-08 8.1095E-08 7.0011E-08 5.6921E-08 4.9672E-08 4.3573E-08 3.8402E-08 3.3869E-08 2.9940E-08 2.6600E-08 2.3710E-08 2.1205E-08 1.9003E-08 1.7077E-08 1.4070E-08 1.2599E-08 1.1477E-08
1.9755E-09 2.2410E-09 2.5370E-09 2.8660E-09 3.3366E-09 3.8889E-09 4.4530E-09 5.0900E-09 5.9916E-09 6.9809E-09 8.2639E-09 9.6586E-09 1.1330E-08 1.3336E-08 1.5740E-08 1.8689E-08 2.2302E-08 2.6926E-08 3.2658E-08 4.0218E-08 5.1458E-08 6.7841E-08 9.1006E-08 1.2390E-07 1.6852E-07 2.4386E-07 7.8800E-07 8.8504E-07 7.5187E-07 6.2052E-07 5.1918E-07 4.3857E-07 3.7211E-07 3.1549E-07 2.6882E-07 2.2923E-07 1.9418E-07 1.6512E-07 1.4018E-07 1.1190E-07 9.5952E-08 8.2489E-08 7.1301E-08 5.7809E-08 5.0470E-08 4.4270E-08 3.8973E-08 3.4364E-08 3.0345E-08 2.6933E-08 2.3991E-08 2.1416E-08 1.9164E-08 1.7208E-08 1.4165E-08 1.2699E-08 1.1536E-08
2.0092E-09 2.2793E-09 2.5805E-09 2.9151E-09 3.3904E-09 3.9481E-09 4.5177E-09 5.1619E-09 6.0767E-09 7.0693E-09 8.3645E-09 9.7655E-09 1.1444E-08 1.3456E-08 1.5869E-08 1.8859E-08 2.2489E-08 2.7175E-08 3.3033E-08 4.0834E-08 5.2531E-08 6.9796E-08 9.4191E-08 1.2899E-07 1.7557E-07 5.1691E-07 1.2332E-06 1.4843E-06 7.5834E-07 5.9093E-07 5.0440E-07 4.3229E-07 3.7008E-07 3.1653E-07 2.7174E-07 2.3120E-07 1.9665E-07 1.6676E-07 1.4135E-07 1.1254E-07 9.6378E-08 8.2914E-08 7.1737E-08 5.8051E-08 5.0834E-08 4.4560E-08 3.9210E-08 3.4587E-08 3.0526E-08 2.7098E-08 2.4113E-08 2.1498E-08 1.9228E-08 1.7260E-08 1.4203E-08 1.2736E-08 1.1558E-08
2.0372E-09 2.3110E-09 2.6162E-09 2.9552E-09 3.4327E-09 3.9924E-09 4.5624E-09 5.2119E-09 6.1237E-09 7.1172E-09 8.4134E-09 9.8109E-09 1.1483E-08 1.3484E-08 1.5879E-08 1.8858E-08 2.2447E-08 2.7098E-08 3.2921E-08 4.0794E-08 5.2486E-08 6.9721E-08 9.4009E-08 7.4571E-06 6.0865E-06 5.4804E-06 5.0456E-06 4.4012E-06 2.4897E-06 6.8385E-07 4.7264E-07 4.1176E-07 3.5576E-07 3.0854E-07 2.6570E-07 2.2749E-07 1.9399E-07 1.6473E-07 1.3974E-07 1.1124E-07 9.5337E-08 8.2332E-08 7.1268E-08 5.7800E-08 5.0642E-08 4.4418E-08 3.9122E-08 3.4523E-08 3.0486E-08 2.7067E-08 2.4068E-08 2.1456E-08 1.9194E-08 1.7231E-08 1.4181E-08 1.2714E-08 1.1542E-08
2.0590E-09 2.3355E-09 2.6437E-09 2.9859E-09 3.4628E-09 4.0215E-09 4.5869E-09 5.2396E-09 6.1324E-09 7.1251E-09 8.4044E-09 9.7925E-09 1.1441E-08 1.3411E-08 1.5762E-08 1.8682E-08 2.2194E-08 2.6727E-08 3.2458E-08 4.0071E-08 5.0415E-08 6.7679E-08 9.0435E-08 1.2761E-07 4.9760E-06 2.8114E-06 1.6716E-06 1.1292E-06 8.2711E-07 5.2054E-07 4.2814E-07 3.7900E-07 3.3214E-07 2.9036E-07 2.5179E-07 2.1774E-07 1.8656E-07 1.5905E-07 1.3539E-07 1.0805E-07 9.3122E-08 8.0615E-08 6.9984E-08 5.6905E-08 4.9908E-08 4.3860E-08 3.8690E-08 3.4175E-08 3.0224E-08 2.6838E-08 2.3869E-08 2.1294E-08 1.9062E-08 1.7122E-08 1.4101E-08 1.2632E-08 1.1488E-08
2.0745E-09 2.3528E-09 2.6627E-09 3.0067E-09 3.4808E-09 4.0351E-09 4.5916E-09 5.2452E-09 6.0876E-09 7.0833E-09 8.3324E-09 9.7130E-09 1.1322E-08 1.3239E-08 1.5523E-08 1.8329E-08 2.1723E-08 2.6084E-08 3.1570E-08 3.8875E-08 4.8441E-08 6.3102E-08 8.4166E-08 1.1175E-07 2.3054E-07 4.0676E-07 4.6813E-07 4.6375E-07 4.4112E-07 4.1031E-07 3.7522E-07 3.3774E-07 3.0081E-07 2.6473E-07 2.3295E-07 2.0290E-07 1.7500E-07 1.5012E-07 1.2854E-07 1.0323E-07 8.9588E-08 7.7835E-08 6.7999E-08 5.5388E-08 4.8692E-08 4.2907E-08 3.7936E-08 3.3576E-08 2.9737E-08 2.6422E-08 2.3529E-08 2.1018E-08 1.8836E-08 1.6936E-08 1.3962E-08 1.2495E-08 1.1396E-08
2.0835E-09 2.3625E-09 2.6730E-09 3.0176E-09 3.3984E-09 4.0335E-09 4.5733E-09 5.2294E-09 6.0399E-09 6.9665E-09 8.1381E-09 9.5773E-09 1.1132E-08 1.2979E-08 1.5173E-08 1.7821E-08 2.1065E-08 2.5193E-08 3.0409E-08 3.7174E-08 4.5864E-08 5.8564E-08 7.6364E-08 9.9324E-08 2.0568E-07 3.1676E-07 3.6210E-07 3.6885E-07 3.6088E-07 3.4304E-07 3.1912E-07 2.9403E-07 2.6455E-07 2.3611E-07 2.1010E-07 1.8463E-07 1.6064E-07 1.3895E-07 1.1988E-07 9.7214E-08 8.4848E-08 7.4211E-08 6.5189E-08 5.3284E-08 4.7068E-08 4.1615E-08 3.6895E-08 3.2725E-08 2.9039E-08 2.5846E-08 2.3061E-08 2.0636E-08 1.8523E-08 1.6677E-08 1.3760E-08 1.2323E-08 1.1269E-08
2.0852E-09 2.3645E-09 2.6746E-09 3.0183E-09 3.3981E-09 3.9289E-09 4.5497E-09 5.1472E-09 5.9117E-09 6.8851E-09 7.8970E-09 9.3908E-09 1.0880E-08 1.2642E-08 1.4727E-08 1.7200E-08 2.0309E-08 2.4156E-08 2.9060E-08 3.5131E-08 4.2850E-08 5.2673E-08 6.8152E-08 9.6964E-08 1.7487E-07 2.4753E-07 2.8165E-07 2.9187E-07 2.9039E-07 2.8075E-07 2.6707E-07 2.4970E-07 2.2750E-07 2.0639E-07 1.8553E-07 1.6473E-07 1.4481E-07 1.2649E-07 1.1035E-07 9.0298E-08 7.9391E-08 7.0001E-08 6.1770E-08 5.0668E-08 4.4971E-08 3.9935E-08 3.5560E-08 3.1621E-08 2.8159E-08 2.5132E-08 2.2478E-08 2.0159E-08 1.8130E-08 1.6352E-08 1.3490E-08 1.2137E-08 1.1107E-08
2.0794E-09 2.3576E-09 2.6674E-09 3.0091E-09 3.3864E-09 3.9049E-09 4.5096E-09 5.0955E-09 5.8164E-09 6.7754E-09 7.7187E-09 9.0735E-09 1.0575E-08 1.2241E-08 1.4202E-08 1.6507E-08 1.9478E-08 2.3014E-08 2.7466E-08 3.2919E-08 3.9711E-08 4.8049E-08 5.9542E-08 8.8487E-08 1.4678E-07 1.9517E-07 2.2049E-07 2.3044E-07 2.3161E-07 2.2723E-07 2.2062E-07 2.0850E-07 1.9357E-07 1.7747E-07 1.6126E-07 1.4477E-07 1.2867E-07 1.1367E-07 9.3478E-08 8.2905E-08 7.3595E-08 6.5349E-08 5.3616E-08 4.7778E-08 4.2604E-08 3.8028E-08 3.3964E-08 3.0266E-08 2.7072E-08 2.4254E-08 2.1776E-08 1.9595E-08 1.7668E-08 1.4590E-08 1.3164E-08 1.1914E-08 1.0914E-08
2.0679E-09 2.3437E-09 2.6502E-09 2.9900E-09 3.3634E-09 3.8677E-09 4.4542E-09 5.0260E-09 5.6633E-09 6.5765E-09 7.5440E-09 8.7212E-09 1.0114E-08 1.1789E-08 1.3618E-08 1.5800E-08 1.8492E-08 2.1839E-08 2.5838E-08 3.0735E-08 3.6576E-08 4.3689E-08 5.2101E-08 8.1048E-08 1.2240E-07 1.5540E-07 1.7422E-07 1.8263E-07 1.8475E-07 1.8466E-07 1.8071E-07 1.7322E-07 1.6294E-07 1.5105E-07 1.3875E-07 1.2596E-07 1.1317E-07 1.0131E-07 8.4260E-08 7.5515E-08 6.7617E-08 6.0456E-08 4.9892E-08 4.4757E-08 4.0086E-08 3.5972E-08 3.2211E-08 2.8832E-08 2.5880E-08 2.3266E-08 2.0953E-08 1.8912E-08 1.7108E-08 1.4180E-08 1.2778E-08 1.1657E-08 1.0692E-08
2.0489E-09 2.3219E-09 2.6251E-09 2.9600E-09 3.3289E-09 3.7342E-09 4.2917E-09 4.9401E-09 5.5582E-09 6.3158E-09 7.2643E-09 8.3744E-09 9.6362E-09 1.1301E-08 1.2992E-08 1.5078E-08 1.7541E-08 2.0619E-08 2.4237E-08 2.8495E-08 3.3639E-08 3.9712E-08 4.6454E-08 7.2789E-08 1.0225E-07 1.2542E-07 1.3937E-07 1.4624E-07 1.4927E-07 1.5014E-07 1.4786E-07 1.4369E-07 1.3643E-07 1.2789E-07 1.1867E-07 1.0886E-07 9.9102E-08 8.3256E-08 7.5506E-08 6.8350E-08 6.1713E-08 5.1082E-08 4.6144E-08 4.1622E-08 3.7528E-08 3.3812E-08 3.0359E-08 2.7340E-08 2.4635E-08 2.2225E-08 2.0084E-08 1.8183E-08 1.6496E-08 1.3686E-08 1.2353E-08 1.1346E-08 1.0428E-08
2.0243E-09 2.2931E-09 2.5909E-09 2.9201E-09 3.2829E-09 3.6827E-09 4.2188E-09 4.8396E-09 5.4365E-09 6.1131E-09 6.9723E-09 8.0546E-09 9.2681E-09 1.0669E-08 1.2381E-08 1.4310E-08 1.6628E-08 1.9331E-08 2.2640E-08 2.6491E-08 3.0837E-08 3.5963E-08 4.2237E-08 6.4685E-08 8.5987E-08 1.0271E-07 1.1317E-07 1.1869E-07 1.2197E-07 1.2273E-07 1.2230E-07 1.1932E-07 1.1421E-07 1.0808E-07 1.0123E-07 9.3781E-08 7.9834E-08 7.3534E-08 6.7426E-08 6.1625E-08 5.6012E-08 4.6737E-08 4.2518E-08 3.8551E-08 3.4963E-08 3.1592E-08 2.8534E-08 2.5811E-08 2.3358E-08 2.1158E-08 1.9191E-08 1.7432E-08 1.4493E-08 1.3144E-08 1.1969E-08 1.1011E-08 9.0840E-09
1.9933E-09 2.2576E-09 2.5501E-09 2.8727E-09 3.2293E-09 3.6202E-09 4.0450E-09 4.7258E-09 5.3003E-09 5.9339E-09 6.7583E-09 7.6778E-09 8.8206E-09 1.0055E-08 1.1641E-08 1.3566E-08 1.5684E-08 1.8178E-08 2.1109E-08 2.4439E-08 2.8430E-08 3.2507E-08 4.2299E-08 5.7178E-08 7.2987E-08 8.5315E-08 9.3253E-08 9.8071E-08 1.0048E-07 1.0145E-07 1.0141E-07 9.9354E-08 9.5691E-08 9.1281E-08 8.6199E-08 7.4369E-08 6.9686E-08 6.4830E-08 6.0100E-08 5.5296E-08 4.6420E-08 4.2653E-08 3.8991E-08 3.5639E-08 3.2448E-08 2.9442E-08 2.6753E-08 2.4298E-08 2.2077E-08 2.0078E-08 1.8280E-08 1.6664E-08 1.3892E-08 1.2584E-08 1.1574E-08 1.0665E-08 8.8120E-09
1.9579E-09 2.2152E-09 2.5010E-09 2.8166E-09 3.1651E-09 3.5462E-09 3.9612E-09 4.5145E-09 5.1515E-09 5.7577E-09 6.4634E-09 7.3056E-09 8.2763E-09 9.6003E-09 1.0929E-08 1.2510E-08 1.4756E-08 1.7044E-08 1.9615E-08 2.2716E-08 2.6031E-08 2.9481E-08 3.6925E-08 4.5963E-08 6.2485E-08 7.1885E-08 7.8069E-08 8.1791E-08 8.3680E-08 8.4899E-08 8.4819E-08 8.3215E-08 8.0544E-08 7.0458E-08 6.7669E-08 6.4393E-08 6.0839E-08 5.7241E-08 5.3378E-08 4.5201E-08 4.1987E-08 3.8767E-08 3.5734E-08 3.2815E-08 2.9979E-08 2.7411E-08 2.5028E-08 2.2839E-08 2.0841E-08 1.9026E-08 1.7381E-08 1.4524E-08 1.3235E-08 1.2097E-08 1.1167E-08 1.0309E-08 8.5001E-09
1.9179E-09 2.1681E-09 2.4459E-09 2.7529E-09 3.0913E-09 3.4616E-09 3.8656E-09 4.3033E-09 4.9923E-09 5.5704E-09 6.2024E-09 7.0221E-09 7.8249E-09 9.0649E-09 1.0374E-08 1.1855E-08 1.3734E-08 1.5940E-08 1.8274E-08 2.1029E-08 2.3852E-08 2.6653E-08 3.3724E-08 4.1052E-08 4.8239E-08 5.4175E-08 5.8476E-08 6.1176E-08 6.3059E-08 6.4153E-08 6.4341E-08 6.3557E-08 6.2107E-08 6.0401E-08 5.8478E-08 5.6004E-08 5.3342E-08 5.0485E-08 4.3137E-08 4.0578E-08 3.7860E-08 3.5240E-08 3.2664E-08 3.0091E-08 2.7709E-08 2.5461E-08 2.3361E-08 2.1419E-08 1.9632E-08 1.7997E-08 1.6504E-08 1.3821E-08 1.2584E-08 1.1632E-08 1.0755E-08 8.9174E-09 8.1667E-09
1.8725E-09 2.1162E-09 2.3852E-09 2.6825E-09 3.0110E-09 3.3696E-09 3.7606E-09 4.1847E-09 4.7398E-09 5.3741E-09 5.9734E-09 6.6557E-09 7.4821E-09 8.4104E-09 9.7404E-09 1.1216E-08 1.2792E-08 1.4710E-08 1.7148E-08 1.9520E-08 2.1866E-08 2.4141E-08 3.0705E-08 3.6736E-08 4.2434E-08 4.7119E-08 5.0422E-08 5.2614E-08 5.4112E-08 5.4912E-08 5.5028E-08 5.4460E-08 5.3348E-08 5.2193E-08 5.0724E-08 4.8878E-08 4.6846E-08 4.0398E-08 3.8452E-08 3.6320E-08 3.4199E-08 3.2007E-08 2.9774E-08 2.7636E-08 2.5573E-08 2.3614E-08 2.1771E-08 2.0053E-08 1.8460E-08 1.6991E-08 1.4297E-08 1.3074E-08 1.2049E-08 1.1166E-08 1.0343E-08 8.5602E-09 7.8663E-09
1.8233E-09 2.0587E-09 2.3196E-09 2.6064E-09 2.9237E-09 3.2704E-09 3.6474E-09 4.0558E-09 4.4962E-09 5.0766E-09 5.7379E-09 6.3518E-09 7.1957E-09 8.0333E-09 9.0451E-09 1.0477E-08 1.2045E-08 1.3747E-08 1.6050E-08 1.8101E-08 2.0110E-08 2.3032E-08 2.6204E-08 2.9619E-08 3.7453E-08 4.1199E-08 4.3793E-08 4.5560E-08 4.6717E-08 4.7336E-08 4.7424E-08 4.6953E-08 4.6180E-08 4.5349E-08 4.4167E-08 3.8506E-08 3.7294E-08 3.5860E-08 3.4309E-08 3.2642E-08 3.0871E-08 2.9060E-08 2.7202E-08 2.5366E-08 2.3586E-08 2.1882E-08 2.0268E-08 1.8751E-08 1.7334E-08 1.4643E-08 1.3465E-08 1.2399E-08 1.1519E-08 1.0696E-08 8.9051E-09 8.1785E-09 7.6148E-09
1.7702E-09 1.9969E-09 2.2486E-09 2.5268E-09 2.8305E-09 3.1637E-09 3.5261E-09 3.9190E-09 4.3427E-09 4.7954E-09 5.4979E-09 6.0756E-09 6.7745E-09 7.6830E-09 8.6283E-09 9.7063E-09 1.1363E-08 1.3025E-08 1.4870E-08 1.6786E-08 1.8523E-08 2.1248E-08 2.4011E-08 2.6884E-08 2.9554E-08 3.1719E-08 3.3433E-08 3.9551E-08 4.0549E-08 4.1037E-08 4.1113E-08 3.6081E-08 3.5799E-08 3.5367E-08 3.4828E-08 3.4077E-08 3.3108E-08 3.2001E-08 3.0732E-08 2.9380E-08 2.7949E-08 2.6434E-08 2.4859E-08 2.3286E-08 2.1751E-08 2.0271E-08 1.8858E-08 1.7520E-08 1.4868E-08 1.3743E-08 1.2669E-08 1.1805E-08 1.0991E-08 9.1780E-09 8.4776E-09 7.8567E-09 7.3600E-09
1.7130E-09 1.9324E-09 2.1732E-09 2.4407E-09 2.7334E-09 3.0518E-09 3.3993E-09 3.7754E-09 4.1809E-09 4.6148E-09 5.0767E-09 5.8209E-09 6.4762E-09 7.2517E-09 8.2131E-09 9.2275E-09 1.0591E-08 1.2319E-08 1.3835E-08 1.5453E-08 1.7094E-08 1.9652E-08 2.2039E-08 2.4459E-08 2.6566E-08 2.8332E-08 2.9713E-08 3.0734E-08 3.1437E-08 3.1854E-08 3.2010E-08 3.1946E-08 3.1728E-08 3.1408E-08 3.0990E-08 3.0372E-08 2.9604E-08 2.8695E-08 2.7667E-08 2.6558E-08 2.5343E-08 2.4049E-08 2.2734E-08 2.1391E-08 2.0066E-08 1.8780E-08 1.7542E-08 1.6357E-08 1.3897E-08 1.2852E-08 1.2016E-08 1.1222E-08 1.0469E-08 8.7303E-09 8.0671E-09 7.5703E-09 7.0999E-09
1.6541E-09 1.8635E-09 2.0956E-09 2.3506E-09 2.6308E-09 2.9359E-09 3.2674E-09 3.6265E-09 4.0127E-09 4.4274E-09 4.8679E-09 5.3889E-09 6.1794E-09 6.9131E-09 7.7610E-09 8.8220E-09 1.0031E-08 1.1396E-08 1.2988E-08 1.4311E-08 1.5824E-08 1.8207E-08 2.0269E-08 2.2239E-08 2.3958E-08 2.5390E-08 2.6521E-08 2.7361E-08 2.7943E-08 2.8300E-08 2.8468E-08 2.8473E-08 2.8296E-08 2.8110E-08 2.7748E-08 2.7232E-08 2.6600E-08 2.5843E-08 2.4988E-08 2.4049E-08 2.3011E-08 2.1916E-08 2.0797E-08 1.9668E-08 1.8525E-08 1.7404E-08 1.4928E-08 1.3923E-08 1.2942E-08 1.2145E-08 1.1380E-08 1.0651E-08 8.9236E-09 8.2575E-09 7.7489E-09 7.2823E-09 6.8374E-09
1.5674E-09 1.7931E-09 2.0138E-09 2.2586E-09 2.5249E-09 2.8164E-09 3.1316E-09 3.4735E-09 3.8408E-09 4.2342E-09 4.6543E-09 5.1657E-09 5.7199E-09 6.5888E-09 7.3641E-09 8.4197E-09 9.5779E-09 1.0723E-08 1.2082E-08 1.3371E-08 1.4579E-08 1.6895E-08 1.8657E-08 2.0255E-08 2.1671E-08 2.2855E-08 2.3788E-08 2.4490E-08 2.4982E-08 2.5283E-08 2.5474E-08 2.5485E-08 2.5407E-08 2.5243E-08 2.4937E-08 2.4519E-08 2.3984E-08 2.3353E-08 2.2638E-08 2.1820E-08 2.0936E-08 2.0011E-08 1.9055E-08 1.8090E-08 1.7116E-08 1.4765E-08 1.3820E-08 1.2938E-08 1.2189E-08 1.1464E-08 1.0765E-08 9.0565E-09 8.4100E-09 7.8938E-09 7.4331E-09 6.9927E-09 6.5744E-09
1.4868E-09 1.6932E-09 1.9303E-09 2.1639E-09 2.4185E-09 2.6945E-09 2.9942E-09 3.3175E-09 3.6664E-09 4.0386E-09 4.4565E-09 4.9380E-09 5.4938E-09 6.0812E-09 7.0780E-09 8.0144E-09 9.0548E-09 1.0173E-08 1.1295E-08 1.2420E-08 1.3678E-08 1.5588E-08 1.7102E-08 1.8449E-08 1.9625E-08 2.0610E-08 2.1403E-08 2.2006E-08 2.2425E-08 2.2745E-08 2.2907E-08 2.2937E-08 2.2905E-08 2.2757E-08 2.2508E-08 2.2160E-08 2.1707E-08 2.1180E-08 2.0562E-08 1.9852E-08 1.9095E-08 1.8306E-08 1.7489E-08 1.6648E-08 1.4445E-08 1.3602E-08 1.2843E-08 1.2149E-08 1.1470E-08 1.0810E-08 9.1278E-09 8.5044E-09 8.0004E-09 7.5493E-09 7.1181E-09 6.7053E-09 6.3112E-09
1.4265E-09 1.5998E-09 1.8178E-09 2.0671E-09 2.3083E-09 2.5705E-09 2.8548E-09 3.1614E-09 3.4908E-09 3.8437E-09 4.2636E-09 4.7074E-09 5.2437E-09 5.8184E-09 6.7813E-09 7.6661E-09 8.5895E-09 9.5299E-09 1.0592E-08 1.1571E-08 1.2824E-08 1.3829E-08 1.4773E-08 1.6852E-08 1.7846E-08 1.8677E-08 1.9343E-08 1.9852E-08 2.0216E-08 2.0480E-08 2.0630E-08 2.0725E-08 2.0697E-08 2.0583E-08 2.0393E-08 2.0102E-08 1.9729E-08 1.9273E-08 1.8723E-08 1.8116E-08 1.7461E-08 1.6773E-08 1.4691E-08 1.3968E-08 1.3266E-08 1.2655E-08 1.2027E-08 1.1400E-08 1.0781E-08 9.1332E-09 8.5382E-09 8.0666E-09 7.6290E-09 7.2102E-09 6.8062E-09 6.4199E-09 6.0496E-09
1.3641E-09 1.5304E-09 1.7118E-09 1.9392E-09 2.1962E-09 2.4457E-09 2.7135E-09 3.0036E-09 3.3137E-09 3.6461E-09 4.0533E-09 4.4915E-09 4.9916E-09 5.7422E-09 6.4878E-09 7.3127E-09 8.1742E-09 9.0419E-09 9.8859E-09 1.0806E-08 1.2006E-08 1.2859E-08 1.3648E-08 1.4356E-08 1.4970E-08 1.7008E-08 1.7582E-08 1.8018E-08 1.8322E-08 1.8539E-08 1.8696E-08 1.8766E-08 1.8745E-08 1.8654E-08 1.8493E-08 1.8261E-08 1.7950E-08 1.7554E-08 1.7081E-08 1.5148E-08 1.4606E-08 1.4006E-08 1.3420E-08 1.2896E-08 1.2357E-08 1.1808E-08 1.1256E-08 9.6284E-09 9.0706E-09 8.5180E-09 8.0907E-09 7.6715E-09 7.2668E-09 6.8755E-09 6.4998E-09 6.1376E-09 5.7927E-09
