Assets/Resources/2015_m01_d05_1700(utc+0800)_l00_csi_1hr_conc.grd
DSAA
         159         159
     -79.000      79.000
     -79.000      79.000
  0.3639E-10  0.1792E-05
[rows 100 to 124 of 159, columns 57 to 113 of 159]
1.8783E-10 1.8634E-10 1.8496E-10 1.8330E-10 1.8191E-10 1.8042E-10 1.7886E-10 1.7747E-10 1.7598E-10 1.7450E-10 1.7304E-10 1.7159E-10 1.7003E-10 1.6866E-10 1.6704E-10 1.6550E-10 1.6407E-10 1.6238E-10 1.6096E-10 1.5888E-10 1.5740E-10 1.5571E-10 1.5386E-10 1.5216E-10 1.5043E-10 1.4871E-10 1.4703E-10 1.4498E-10 1.4327E-10 1.4172E-10 1.4061E-10 1.3945E-10 1.3838E-10 1.3730E-10 1.3623E-10 1.3514E-10 1.3406E-10 1.3297E-10 1.3188E-10 1.3078E-10 1.2969E-10 1.2859E-10 1.2749E-10 1.2638E-10 1.2528E-10 1.2418E-10 1.2307E-10 1.2196E-10 1.2086E-10 1.1975E-10 1.1864E-10 1.1753E-10 1.1643E-10 1.1532E-10 1.1421E-10 1.1311E-10 1.1201E-10
1.8511E-10 1.8370E-10 1.8226E-10 1.8092E-10 1.7941E-10 1.7806E-10 1.7662E-10 1.7518E-10 1.7375E-10 1.7234E-10 1.7090E-10 1.6948E-10 1.6806E-10 1.6638E-10 1.6498E-10 1.6331E-10 1.6192E-10 1.6021E-10 1.5845E-10 1.5672E-10 1.5498E-10 1.5340E-10 1.5157E-10 1.5011E-10 1.4822E-10 1.4645E-10 1.4482E-10 1.4322E-10 1.4164E-10 1.4059E-10 1.3944E-10 1.3839E-10 1.3732E-10 1.3626E-10 1.3518E-10 1.3411E-10 1.3303E-10 1.3195E-10 1.3087E-10 1.2978E-10 1.2869E-10 1.2760E-10 1.2651E-10 1.2541E-10 1.2432E-10 1.2322E-10 1.2212E-10 1.2103E-10 1.1993E-10 1.1883E-10 1.1773E-10 1.1663E-10 1.1553E-10 1.1443E-10 1.1334E-10 1.1224E-10 1.1114E-10
1.8258E-10 1.8129E-10 1.7983E-10 1.7853E-10 1.7713E-10 1.7565E-10 1.7435E-10 1.7297E-10 1.7167E-10 1.7019E-10 1.6881E-10 1.6724E-10 1.6587E-10 1.6432E-10 1.6279E-10 1.6110E-10 1.5949E-10 1.5806E-10 1.5623E-10 1.5461E-10 1.5295E-10 1.5131E-10 1.4963E-10 1.4802E-10 1.4633E-10 1.4462E-10 1.4314E-10 1.4158E-10 1.4054E-10 1.3941E-10 1.3837E-10 1.3731E-10 1.3626E-10 1.3520E-10 1.3414E-10 1.3307E-10 1.3200E-10 1.3093E-10 1.2985E-10 1.2877E-10 1.2769E-10 1.2661E-10 1.2553E-10 1.2444E-10 1.2335E-10 1.2226E-10 1.2118E-10 1.2009E-10 1.1899E-10 1.1790E-10 1.1681E-10 1.1572E-10 1.1463E-10 1.1354E-10 1.1245E-10 1.1136E-10 1.1028E-10
1.8012E-10 1.7877E-10 1.7752E-10 1.7609E-10 1.7476E-10 1.7350E-10 1.7223E-10 1.7079E-10 1.6945E-10 1.6792E-10 1.6658E-10 1.6524E-10 1.6356E-10 1.6231E-10 1.6049E-10 1.5896E-10 1.5729E-10 1.5560E-10 1.5407E-10 1.5227E-10 1.5103E-10 1.4905E-10 1.4775E-10 1.4593E-10 1.4449E-10 1.4265E-10 1.4150E-10 1.4038E-10 1.3935E-10 1.3832E-10 1.3728E-10 1.3624E-10 1.3519E-10 1.3414E-10 1.3308E-10 1.3202E-10 1.3096E-10 1.2990E-10 1.2883E-10 1.2776E-10 1.2669E-10 1.2561E-10 1.2454E-10 1.2346E-10 1.2238E-10 1.2130E-10 1.2022E-10 1.1914E-10 1.1806E-10 1.1697E-10 1.1589E-10 1.1481E-10 1.1373E-10 1.1265E-10 1.1156E-10 1.1048E-10 1.0941E-10
1.7779E-10 1.7641E-10 1.7512E-10 1.7391E-10 1.7251E-10 1.7129E-10 1.6999E-10 1.6859E-10 1.6719E-10 1.6589E-10 1.6432E-10 1.6302E-10 1.6141E-10 1.5972E-10 1.5824E-10 1.5654E-10 1.5514E-10 1.5353E-10 1.5194E-10 1.5029E-10 1.4878E-10 1.4711E-10 1.4548E-10 1.4393E-10 1.4244E-10 1.4138E-10 1.4028E-10 1.3927E-10 1.3825E-10 1.3722E-10 1.3619E-10 1.3515E-10 1.3411E-10 1.3307E-10 1.3202E-10 1.3097E-10 1.2992E-10 1.2886E-10 1.2780E-10 1.2674E-10 1.2568E-10 1.2461E-10 1.2355E-10 1.2248E-10 1.2141E-10 1.2033E-10 1.1926E-10 1.1819E-10 1.1711E-10 1.1604E-10 1.1497E-10 1.1389E-10 1.1282E-10 1.1174E-10 1.1067E-10 1.0960E-10 1.0853E-10
1.7537E-10 1.7420E-10 1.7285E-10 1.7159E-10 1.7024E-10 1.6905E-10 1.6769E-10 1.6643E-10 1.6490E-10 1.6364E-10 1.6205E-10 1.6053E-10 1.5919E-10 1.5744E-10 1.5599E-10 1.5434E-10 1.5277E-10 1.5157E-10 1.4982E-10 1.4837E-10 1.4683E-10 1.4518E-10 1.4375E-10 1.4224E-10 1.4124E-10 1.4016E-10 1.3915E-10 1.3815E-10 1.3713E-10 1.3611E-10 1.3509E-10 1.3406E-10 1.3303E-10 1.3200E-10 1.3096E-10 1.2992E-10 1.2887E-10 1.2782E-10 1.2677E-10 1.2572E-10 1.2466E-10 1.2361E-10 1.2255E-10 1.2149E-10 1.2042E-10 1.1936E-10 1.1830E-10 1.1723E-10 1.1617E-10 1.1510E-10 1.1403E-10 1.1297E-10 1.1190E-10 1.1084E-10 1.0978E-10 1.0871E-10 1.0765E-10
1.7307E-10 1.7187E-10 1.7055E-10 1.6923E-10 1.6809E-10 1.6687E-10 1.6538E-10 1.6415E-10 1.6260E-10 1.6111E-10 1.5980E-10 1.5826E-10 1.5674E-10 1.5545E-10 1.5370E-10 1.5235E-10 1.5075E-10 1.4928E-10 1.4783E-10 1.4615E-10 1.4495E-10 1.4317E-10 1.4206E-10 1.4107E-10 1.4000E-10 1.3901E-10 1.3802E-10 1.3702E-10 1.3601E-10 1.3500E-10 1.3399E-10 1.3297E-10 1.3195E-10 1.3092E-10 1.2989E-10 1.2886E-10 1.2782E-10 1.2678E-10 1.2574E-10 1.2469E-10 1.2365E-10 1.2260E-10 1.2155E-10 1.2049E-10 1.1944E-10 1.1838E-10 1.1733E-10 1.1627E-10 1.1521E-10 1.1416E-10 1.1310E-10 1.1204E-10 1.1099E-10 1.0993E-10 1.0887E-10 1.0782E-10 1.0677E-10
1.7076E-10 1.6948E-10 1.6831E-10 1.6703E-10 1.6575E-10 1.6456E-10 1.6305E-10 1.6160E-10 1.6037E-10 1.5881E-10 1.5737E-10 1.5605E-10 1.5456E-10 1.5305E-10 1.5165E-10 1.5002E-10 1.4879E-10 1.4730E-10 1.4578E-10 1.4429E-10 1.4285E-10 1.4185E-10 1.4079E-10 1.3982E-10 1.3885E-10 1.3787E-10 1.3688E-10 1.3589E-10 1.3489E-10 1.3389E-10 1.3288E-10 1.3187E-10 1.3086E-10 1.2984E-10 1.2882E-10 1.2779E-10 1.2676E-10 1.2573E-10 1.2470E-10 1.2366E-10 1.2262E-10 1.2158E-10 1.2054E-10 1.1949E-10 1.1845E-10 1.1740E-10 1.1636E-10 1.1531E-10 1.1426E-10 1.1321E-10 1.1216E-10 1.1111E-10 1.1006E-10 1.0902E-10 1.0797E-10 1.0692E-10 1.0588E-10
1.6849E-10 1.6709E-10 1.6594E-10 1.6487E-10 1.6340E-10 1.6199E-10 1.6079E-10 1.5926E-10 1.5786E-10 1.5662E-10 1.5511E-10 1.5367E-10 1.5249E-10 1.5081E-10 1.4958E-10 1.4800E-10 1.4654E-10 1.4538E-10 1.4363E-10 1.4256E-10 1.4161E-10 1.4057E-10 1.3962E-10 1.3866E-10 1.3769E-10 1.3671E-10 1.3574E-10 1.3475E-10 1.3376E-10 1.3277E-10 1.3177E-10 1.3077E-10 1.2976E-10 1.2875E-10 1.2774E-10 1.2672E-10 1.2570E-10 1.2468E-10 1.2365E-10 1.2262E-10 1.2159E-10 1.2056E-10 1.1953E-10 1.1849E-10 1.1746E-10 1.1642E-10 1.1538E-10 1.1434E-10 1.1330E-10 1.1226E-10 1.1122E-10 1.1018E-10 1.0914E-10 1.0810E-10 1.0706E-10 1.0603E-10 1.0499E-10
1.6611E-10 1.6501E-10 1.6347E-10 1.6228E-10 1.6112E-10 1.5963E-10 1.5826E-10 1.5710E-10 1.5557E-10 1.5416E-10 1.5301E-10 1.5159E-10 1.5014E-10 1.4902E-10 1.4738E-10 1.4604E-10 1.4465E-10 1.4325E-10 1.4228E-10 1.4130E-10 1.4033E-10 1.3938E-10 1.3844E-10 1.3748E-10 1.3652E-10 1.3556E-10 1.3459E-10 1.3361E-10 1.3263E-10 1.3164E-10 1.3065E-10 1.2966E-10 1.2866E-10 1.2766E-10 1.2666E-10 1.2565E-10 1.2463E-10 1.2362E-10 1.2260E-10 1.2158E-10 1.2056E-10 1.1954E-10 1.1851E-10 1.1749E-10 1.1646E-10 1.1543E-10 1.1440E-10 1.1337E-10 1.1234E-10 1.1130E-10 1.1027E-10 1.0924E-10 1.0821E-10 1.0718E-10 1.0615E-10 1.0512E-10 1.0410E-10
1.6345E-10 1.6239E-10 1.6130E-10 1.5990E-10 1.5857E-10 1.5745E-10 1.5595E-10 1.5457E-10 1.5355E-10 1.5205E-10 1.5068E-10 1.4957E-10 1.4810E-10 1.4670E-10 1.4545E-10 1.4392E-10 1.4288E-10 1.4197E-10 1.4097E-10 1.4005E-10 1.3912E-10 1.3819E-10 1.3725E-10 1.3631E-10 1.3535E-10 1.3440E-10 1.3343E-10 1.3247E-10 1.3149E-10 1.3052E-10 1.2953E-10 1.2855E-10 1.2756E-10 1.2657E-10 1.2557E-10 1.2457E-10 1.2356E-10 1.2256E-10 1.2155E-10 1.2054E-10 1.1953E-10 1.1851E-10 1.1749E-10 1.1648E-10 1.1546E-10 1.1444E-10 1.1341E-10 1.1239E-10 1.1137E-10 1.1035E-10 1.0932E-10 1.0830E-10 1.0728E-10 1.0626E-10 1.0524E-10 1.0422E-10 1.0320E-10
1.6136E-10 1.5990E-10 1.5878E-10 1.5770E-10 1.5624E-10 1.5489E-10 1.5390E-10 1.5243E-10 1.5109E-10 1.5011E-10 1.4861E-10 1.4728E-10 1.4613E-10 1.4463E-10 1.4347E-10 1.4253E-10 1.4160E-10 1.4065E-10 1.3975E-10 1.3884E-10 1.3792E-10 1.3699E-10 1.3606E-10 1.3512E-10 1.3418E-10 1.3323E-10 1.3228E-10 1.3132E-10 1.3035E-10 1.2938E-10 1.2841E-10 1.2743E-10 1.2645E-10 1.2547E-10 1.2448E-10 1.2349E-10 1.2249E-10 1.2149E-10 1.2049E-10 1.1949E-10 1.1849E-10 1.1748E-10 1.1647E-10 1.1546E-10 1.1445E-10 1.1344E-10 1.1243E-10 1.1141E-10 1.1040E-10 1.0939E-10 1.0837E-10 1.0736E-10 1.0634E-10 1.0533E-10 1.0432E-10 1.0331E-10 1.0230E-10
1.5882E-10 1.5773E-10 1.5644E-10 1.5513E-10 1.5417E-10 1.5273E-10 1.5142E-10 1.5047E-10 1.4899E-10 1.4769E-10 1.4660E-10 1.4532E-10 1.4403E-10 1.4303E-10 1.4216E-10 1.4119E-10 1.4031E-10 1.3942E-10 1.3852E-10 1.3762E-10 1.3671E-10 1.3579E-10 1.3487E-10 1.3394E-10 1.3300E-10 1.3206E-10 1.3111E-10 1.3016E-10 1.2921E-10 1.2825E-10 1.2728E-10 1.2631E-10 1.2534E-10 1.2436E-10 1.2338E-10 1.2240E-10 1.2141E-10 1.2043E-10 1.1943E-10 1.1844E-10 1.1744E-10 1.1645E-10 1.1545E-10 1.1445E-10 1.1344E-10 1.1244E-10 1.1144E-10 1.1043E-10 1.0943E-10 1.0842E-10 1.0742E-10 1.0641E-10 1.0541E-10 1.0440E-10 1.0340E-10 1.0240E-10 1.0140E-10
1.5637E-10 1.5528E-10 1.5435E-10 1.5295E-10 1.5167E-10 1.5075E-10 1.4930E-10 1.4802E-10 1.4707E-10 1.4571E-10 1.4443E-10 1.4350E-10 1.4261E-10 1.4171E-10 1.4081E-10 1.3994E-10 1.3907E-10 1.3818E-10 1.3729E-10 1.3640E-10 1.3549E-10 1.3458E-10 1.3367E-10 1.3275E-10 1.3182E-10 1.3089E-10 1.2995E-10 1.2901E-10 1.2806E-10 1.2711E-10 1.2615E-10 1.2519E-10 1.2423E-10 1.2326E-10 1.2229E-10 1.2131E-10 1.2034E-10 1.1936E-10 1.1837E-10 1.1739E-10 1.1640E-10 1.1541E-10 1.1442E-10 1.1343E-10 1.1243E-10 1.1144E-10 1.1045E-10 1.0945E-10 1.0845E-10 1.0746E-10 1.0646E-10 1.0546E-10 1.0447E-10 1.0347E-10 1.0248E-10 1.0148E-10 1.0049E-10
1.5432E-10 1.5290E-10 1.5184E-10 1.5095E-10 1.4953E-10 1.4828E-10 1.4736E-10 1.4602E-10 1.4477E-10 1.4387E-10 1.4300E-10 1.4216E-10 1.4124E-10 1.4040E-10 1.3954E-10 1.3868E-10 1.3782E-10 1.3694E-10 1.3606E-10 1.3517E-10 1.3428E-10 1.3338E-10 1.3247E-10 1.3156E-10 1.3064E-10 1.2971E-10 1.2878E-10 1.2785E-10 1.2691E-10 1.2597E-10 1.2502E-10 1.2407E-10 1.2311E-10 1.2215E-10 1.2119E-10 1.2022E-10 1.1925E-10 1.1828E-10 1.1731E-10 1.1633E-10 1.1535E-10 1.1437E-10 1.1339E-10 1.1241E-10 1.1142E-10 1.1044E-10 1.0945E-10 1.0846E-10 1.0748E-10 1.0649E-10 1.0550E-10 1.0451E-10 1.0353E-10 1.0254E-10 1.0155E-10 1.0057E-10 9.9585E-11
1.5193E-10 1.5107E-10 1.4969E-10 1.4847E-10 1.4757E-10 1.4644E-10 1.4504E-10 1.4420E-10 1.4331E-10 1.4251E-10 1.4161E-10 1.4079E-10 1.3996E-10 1.3912E-10 1.3828E-10 1.3742E-10 1.3656E-10 1.3570E-10 1.3482E-10 1.3394E-10 1.3306E-10 1.3216E-10 1.3126E-10 1.3036E-10 1.2945E-10 1.2853E-10 1.2761E-10 1.2669E-10 1.2576E-10 1.2482E-10 1.2388E-10 1.2294E-10 1.2199E-10 1.2104E-10 1.2009E-10 1.1913E-10 1.1817E-10 1.1721E-10 1.1624E-10 1.1527E-10 1.1430E-10 1.1333E-10 1.1236E-10 1.1138E-10 1.1041E-10 1.0943E-10 1.0845E-10 1.0748E-10 1.0650E-10 1.0552E-10 1.0454E-10 1.0356E-10 1.0258E-10 1.0160E-10 1.0063E-10 9.9652E-11 9.8677E-11
1.4957E-10 1.4858E-10 1.4771E-10 1.4643E-10 1.4523E-10 1.4442E-10 1.4356E-10 1.4278E-10 1.4195E-10 1.4111E-10 1.4030E-10 1.3949E-10 1.3867E-10 1.3784E-10 1.3701E-10 1.3616E-10 1.3531E-10 1.3445E-10 1.3358E-10 1.3271E-10 1.3183E-10 1.3095E-10 1.3006E-10 1.2916E-10 1.2826E-10 1.2735E-10 1.2644E-10 1.2552E-10 1.2460E-10 1.2367E-10 1.2274E-10 1.2181E-10 1.2087E-10 1.1993E-10 1.1898E-10 1.1803E-10 1.1708E-10 1.1613E-10 1.1517E-10 1.1421E-10 1.1325E-10 1.1229E-10 1.1132E-10 1.1036E-10 1.0939E-10 1.0842E-10 1.0746E-10 1.0649E-10 1.0552E-10 1.0455E-10 1.0358E-10 1.0261E-10 1.0164E-10 1.0067E-10 9.9701E-11 9.8734E-11 9.7767E-11
1.4777E-10 1.4652E-10 1.4536E-10 1.4462E-10 1.4374E-10 1.4298E-10 1.4218E-10 1.4136E-10 1.4058E-10 1.3980E-10 1.3900E-10 1.3819E-10 1.3738E-10 1.3656E-10 1.3573E-10 1.3489E-10 1.3405E-10 1.3320E-10 1.3234E-10 1.3148E-10 1.3061E-10 1.2973E-10 1.2885E-10 1.2796E-10 1.2707E-10 1.2617E-10 1.2526E-10 1.2435E-10 1.2344E-10 1.2252E-10 1.2160E-10 1.2067E-10 1.1974E-10 1.1881E-10 1.1788E-10 1.1694E-10 1.1599E-10 1.1505E-10 1.1410E-10 1.1315E-10 1.1220E-10 1.1124E-10 1.1029E-10 1.0933E-10 1.0837E-10 1.0742E-10 1.0646E-10 1.0550E-10 1.0453E-10 1.0357E-10 1.0261E-10 1.0165E-10 1.0069E-10 9.9732E-11 9.8772E-11 9.7814E-11 9.6857E-11
1.4541E-10 1.4466E-10 1.4385E-10 1.4312E-10 1.4238E-10 1.4155E-10 1.4080E-10 1.4003E-10 1.3926E-10 1.3848E-10 1.3769E-10 1.3689E-10 1.3609E-10 1.3528E-10 1.3446E-10 1.3363E-10 1.3279E-10 1.3195E-10 1.3110E-10 1.3024E-10 1.2938E-10 1.2851E-10 1.2764E-10 1.2676E-10 1.2587E-10 1.2498E-10 1.2409E-10 1.2319E-10 1.2228E-10 1.2137E-10 1.2046E-10 1.1954E-10 1.1862E-10 1.1770E-10 1.1677E-10 1.1584E-10 1.1490E-10 1.1397E-10 1.1303E-10 1.1209E-10 1.1114E-10 1.1020E-10 1.0925E-10 1.0830E-10 1.0736E-10 1.0641E-10 1.0545E-10 1.0450E-10 1.0355E-10 1.0260E-10 1.0165E-10 1.0070E-10 9.9744E-11 9.8794E-11 9.7843E-11 9.6894E-11 9.5946E-11
1.4389E-10 1.4318E-10 1.4247E-10 1.4167E-10 1.4094E-10 1.4020E-10 1.3946E-10 1.3870E-10 1.3794E-10 1.3716E-10 1.3638E-10 1.3559E-10 1.3480E-10 1.3399E-10 1.3318E-10 1.3236E-10 1.3153E-10 1.3069E-10 1.2985E-10 1.2901E-10 1.2815E-10 1.2729E-10 1.2643E-10 1.2555E-10 1.2468E-10 1.2379E-10 1.2291E-10 1.2202E-10 1.2112E-10 1.2022E-10 1.1931E-10 1.1841E-10 1.1749E-10 1.1658E-10 1.1566E-10 1.1474E-10 1.1381E-10 1.1288E-10 1.1195E-10 1.1102E-10 1.1009E-10 1.0915E-10 1.0821E-10 1.0728E-10 1.0634E-10 1.0539E-10 1.0445E-10 1.0351E-10 1.0257E-10 1.0162E-10 1.0068E-10 9.9739E-11 9.8797E-11 9.7855E-11 9.6913E-11 9.5973E-11 9.5034E-11
1.4250E-10 1.4172E-10 1.4102E-10 1.4031E-10 1.3959E-10 1.3886E-10 1.3812E-10 1.3737E-10 1.3661E-10 1.3585E-10 1.3507E-10 1.3429E-10 1.3350E-10 1.3270E-10 1.3190E-10 1.3108E-10 1.3027E-10 1.2944E-10 1.2861E-10 1.2777E-10 1.2692E-10 1.2607E-10 1.2521E-10 1.2435E-10 1.2348E-10 1.2261E-10 1.2173E-10 1.2084E-10 1.1996E-10 1.1906E-10 1.1817E-10 1.1727E-10 1.1637E-10 1.1546E-10 1.1455E-10 1.1363E-10 1.1272E-10 1.1180E-10 1.1088E-10 1.0996E-10 1.0903E-10 1.0810E-10 1.0718E-10 1.0625E-10 1.0532E-10 1.0438E-10 1.0345E-10 1.0252E-10 1.0158E-10 1.0065E-10 9.9716E-11 9.8782E-11 9.7848E-11 9.6915E-11 9.5983E-11 9.5052E-11 9.4121E-11
1.4102E-10 1.4034E-10 1.3965E-10 1.3894E-10 1.3823E-10 1.3751E-10 1.3677E-10 1.3603E-10 1.3528E-10 1.3453E-10 1.3376E-10 1.3299E-10 1.3220E-10 1.3141E-10 1.3062E-10 1.2981E-10 1.2900E-10 1.2818E-10 1.2736E-10 1.2653E-10 1.2569E-10 1.2484E-10 1.2400E-10 1.2314E-10 1.2228E-10 1.2142E-10 1.2055E-10 1.1967E-10 1.1879E-10 1.1791E-10 1.1702E-10 1.1613E-10 1.1524E-10 1.1434E-10 1.1344E-10 1.1253E-10 1.1163E-10 1.1072E-10 1.0980E-10 1.0889E-10 1.0797E-10 1.0706E-10 1.0614E-10 1.0522E-10 1.0429E-10 1.0337E-10 1.0245E-10 1.0152E-10 1.0060E-10 9.9674E-11 9.8749E-11 9.7824E-11 9.6900E-11 9.5976E-11 9.5053E-11 9.4130E-11 9.3209E-11
1.3964E-10 1.3896E-10 1.3827E-10 1.3758E-10 1.3687E-10 1.3615E-10 1.3543E-10 1.3470E-10 1.3395E-10 1.3320E-10 1.3245E-10 1.3168E-10 1.3091E-10 1.3012E-10 1.2933E-10 1.2854E-10 1.2773E-10 1.2692E-10 1.2611E-10 1.2528E-10 1.2446E-10 1.2362E-10 1.2278E-10 1.2193E-10 1.2108E-10 1.2023E-10 1.1936E-10 1.1850E-10 1.1763E-10 1.1675E-10 1.1588E-10 1.1499E-10 1.1411E-10 1.1322E-10 1.1233E-10 1.1143E-10 1.1053E-10 1.0963E-10 1.0873E-10 1.0782E-10 1.0692E-10 1.0601E-10 1.0510E-10 1.0419E-10 1.0327E-10 1.0236E-10 1.0144E-10 1.0053E-10 9.9614E-11 9.8698E-11 9.7782E-11 9.6867E-11 9.5951E-11 9.5036E-11 9.4122E-11 9.3209E-11 9.2297E-11
1.3825E-10 1.3758E-10 1.3690E-10 1.3621E-10 1.3551E-10 1.3480E-10 1.3408E-10 1.3336E-10 1.3262E-10 1.3188E-10 1.3113E-10 1.3037E-10 1.2961E-10 1.2883E-10 1.2805E-10 1.2726E-10 1.2647E-10 1.2567E-10 1.2486E-10 1.2404E-10 1.2322E-10 1.2240E-10 1.2156E-10 1.2073E-10 1.1988E-10 1.1903E-10 1.1818E-10 1.1733E-10 1.1646E-10 1.1560E-10 1.1473E-10 1.1385E-10 1.1298E-10 1.1210E-10 1.1121E-10 1.1033E-10 1.0944E-10 1.0855E-10 1.0765E-10 1.0676E-10 1.0586E-10 1.0496E-10 1.0406E-10 1.0316E-10 1.0225E-10 1.0135E-10 1.0044E-10 9.9535E-11 9.8629E-11 9.7722E-11 9.6816E-11 9.5909E-11 9.5003E-11 9.4097E-11 9.3192E-11 9.2288E-11 9.1385E-11
1.3686E-10 1.3620E-10 1.3552E-10 1.3484E-10 1.3415E-10 1.3345E-10 1.3274E-10 1.3202E-10 1.3129E-10 1.3056E-10 1.2982E-10 1.2907E-10 1.2831E-10 1.2754E-10 1.2677E-10 1.2599E-10 1.2520E-10 1.2441E-10 1.2361E-10 1.2280E-10 1.2199E-10 1.2117E-10 1.2035E-10 1.1952E-10 1.1868E-10 1.1784E-10 1.1700E-10 1.1615E-10 1.1530E-10 1.1444E-10 1.1358E-10 1.1272E-10 1.1185E-10 1.1098E-10 1.1010E-10 1.0923E-10 1.0834E-10 1.0746E-10 1.0658E-10 1.0569E-10 1.0480E-10 1.0391E-10 1.0302E-10 1.0213E-10 1.0123E-10 1.0034E-10 9.9439E-11 9.8542E-11 9.7644E-11 9.6747E-11 9.5849E-11 9.4952E-11 9.4055E-11 9.3158E-11 9.2262E-11 9.1367E-11 9.0473E-11
