Assets/Resources/2015_m01_d31_2100(utc+0800)_l00_csi_1hr_conc.grd
DSAA
         159         159
     -79.000      79.000
     -79.000      79.000
  0.0000E+00  0.1503E-04
[rows 25 to 49 of 159, columns 0 to 56 of 159]
1.8004E-09 1.9251E-09 2.0567E-09 2.1918E-09 2.3335E-09 2.4784E-09 2.6278E-09 2.7831E-09 2.9407E-09 3.1035E-09 3.2679E-09 3.4348E-09 3.6057E-09 3.7765E-09 3.9504E-09 4.1228E-09 4.2948E-09 4.4678E-09 4.6372E-09 4.8040E-09 4.9674E-09 5.1289E-09 5.2834E-09 5.4319E-09 5.5761E-09 5.7107E-09 5.8369E-09 5.9539E-09 6.0636E-09 6.1604E-09 6.2458E-09 6.3216E-09 6.3828E-09 6.4308E-09 6.4653E-09 6.4886E-09 6.4954E-09 6.4879E-09 6.4660E-09 6.4322E-09 6.3819E-09 6.3174E-09 6.2392E-09 6.1475E-09 6.0481E-09 5.9334E-09 5.8069E-09 5.6692E-09 5.5213E-09 5.3639E-09 5.2026E-09 5.0296E-09 4.8500E-09 4.6649E-09 4.4753E-09 4.2822E-09 4.0913E-09
1.7701E-09 1.8953E-09 2.0244E-09 2.1585E-09 2.2994E-09 2.4435E-09 2.5939E-09 2.7472E-09 2.9061E-09 3.0672E-09 3.2316E-09 3.4007E-09 3.5704E-09 3.7441E-09 3.9172E-09 4.0908E-09 4.2644E-09 4.4396E-09 4.6112E-09 4.7805E-09 4.9490E-09 5.1117E-09 5.2696E-09 5.4243E-09 5.5705E-09 5.7095E-09 5.8404E-09 5.9650E-09 6.0776E-09 6.1797E-09 6.2732E-09 6.3526E-09 6.4196E-09 6.4736E-09 6.5168E-09 6.5438E-09 6.5566E-09 6.5550E-09 6.5415E-09 6.5111E-09 6.4661E-09 6.4069E-09 6.3335E-09 6.2525E-09 6.1545E-09 6.0436E-09 5.9205E-09 5.7858E-09 5.6451E-09 5.4903E-09 5.3264E-09 5.1546E-09 4.9757E-09 4.7907E-09 4.6056E-09 4.4122E-09 4.2159E-09
1.7370E-09 1.8609E-09 1.9886E-09 2.1232E-09 2.2614E-09 2.4061E-09 2.5541E-09 2.7065E-09 2.8650E-09 3.0257E-09 3.1916E-09 3.3590E-09 3.5290E-09 3.7033E-09 3.8771E-09 4.0518E-09 4.2290E-09 4.4037E-09 4.5772E-09 4.7511E-09 4.9203E-09 5.0858E-09 5.2493E-09 5.4056E-09 5.5558E-09 5.6991E-09 5.8371E-09 5.9643E-09 6.0821E-09 6.1922E-09 6.2891E-09 6.3744E-09 6.4497E-09 6.5102E-09 6.5573E-09 6.5905E-09 6.6095E-09 6.6169E-09 6.6072E-09 6.5828E-09 6.5437E-09 6.4944E-09 6.4290E-09 6.3495E-09 6.2563E-09 6.1499E-09 6.0352E-09 5.9047E-09 5.7630E-09 5.6109E-09 5.4493E-09 5.2792E-09 5.1064E-09 4.9227E-09 4.7336E-09 4.5400E-09 4.3430E-09
1.7012E-09 1.8236E-09 1.9497E-09 2.0830E-09 2.2197E-09 2.3633E-09 2.5101E-09 2.6632E-09 2.8191E-09 2.9791E-09 3.1446E-09 3.3117E-09 3.4838E-09 3.6563E-09 3.8305E-09 4.0081E-09 4.1843E-09 4.3603E-09 4.5378E-09 4.7117E-09 4.8832E-09 5.0537E-09 5.2183E-09 5.3780E-09 5.5320E-09 5.6820E-09 5.8223E-09 5.9543E-09 6.0796E-09 6.1930E-09 6.2956E-09 6.3891E-09 6.4686E-09 6.5353E-09 6.5888E-09 6.6285E-09 6.6568E-09 6.6683E-09 6.6651E-09 6.6471E-09 6.6195E-09 6.5746E-09 6.5152E-09 6.4413E-09 6.3534E-09 6.2567E-09 6.1429E-09 6.0166E-09 5.8787E-09 5.7300E-09 5.5761E-09 5.4089E-09 5.2337E-09 5.0514E-09 4.8631E-09 4.6698E-09 4.4774E-09
1.6645E-09 1.7835E-09 1.9096E-09 2.0395E-09 2.1762E-09 2.3167E-09 2.4620E-09 2.6140E-09 2.7687E-09 2.9295E-09 3.0925E-09 3.2610E-09 3.4308E-09 3.6031E-09 3.7796E-09 3.9557E-09 4.1326E-09 4.3118E-09 4.4887E-09 4.6643E-09 4.8379E-09 5.0112E-09 5.1787E-09 5.3416E-09 5.5017E-09 5.6534E-09 5.7981E-09 5.9373E-09 6.0656E-09 6.1842E-09 6.2949E-09 6.3924E-09 6.4781E-09 6.5512E-09 6.6112E-09 6.6604E-09 6.6932E-09 6.7115E-09 6.7151E-09 6.7098E-09 6.6866E-09 6.6484E-09 6.5953E-09 6.5320E-09 6.4507E-09 6.3554E-09 6.2468E-09 6.1254E-09 5.9966E-09 5.8525E-09 5.6980E-09 5.5340E-09 5.3613E-09 5.1810E-09 4.9991E-09 4.8072E-09 4.6103E-09
1.6238E-09 1.7408E-09 1.8650E-09 1.9930E-09 2.1280E-09 2.2666E-09 2.4120E-09 2.5607E-09 2.7157E-09 2.8735E-09 3.0354E-09 3.2032E-09 3.3723E-09 3.5441E-09 3.7206E-09 3.8968E-09 4.0741E-09 4.2543E-09 4.4323E-09 4.6094E-09 4.7872E-09 4.9605E-09 5.1305E-09 5.2989E-09 5.4603E-09 5.6158E-09 5.7671E-09 5.9087E-09 6.0420E-09 6.1660E-09 6.2827E-09 6.3862E-09 6.4781E-09 6.5577E-09 6.6273E-09 6.6810E-09 6.7208E-09 6.7462E-09 6.7637E-09 6.7626E-09 6.7465E-09 6.7153E-09 6.6737E-09 6.6135E-09 6.5386E-09 6.4496E-09 6.3469E-09 6.2361E-09 6.1085E-09 5.9692E-09 5.8190E-09 5.6587E-09 5.4941E-09 5.3171E-09 5.1330E-09 4.9416E-09 4.7452E-09
1.5810E-09 1.6975E-09 1.8179E-09 1.9437E-09 2.0767E-09 2.2133E-09 2.3568E-09 2.5036E-09 2.6570E-09 2.8133E-09 2.9759E-09 3.1405E-09 3.3086E-09 3.4819E-09 3.6558E-09 3.8318E-09 4.0114E-09 4.1900E-09 4.3687E-09 4.5492E-09 4.7265E-09 4.9018E-09 5.0765E-09 5.2455E-09 5.4101E-09 5.5716E-09 5.7248E-09 5.8710E-09 6.0091E-09 6.1410E-09 6.2610E-09 6.3705E-09 6.4687E-09 6.5577E-09 6.6318E-09 6.6925E-09 6.7400E-09 6.7797E-09 6.8010E-09 6.8075E-09 6.7990E-09 6.7800E-09 6.7420E-09 6.6890E-09 6.6213E-09 6.5437E-09 6.4483E-09 6.3394E-09 6.2178E-09 6.0840E-09 5.9434E-09 5.7882E-09 5.6235E-09 5.4498E-09 5.2669E-09 5.0776E-09 4.8830E-09
1.5362E-09 1.6504E-09 1.7685E-09 1.8936E-09 2.0226E-09 2.1587E-09 2.2984E-09 2.4448E-09 2.5946E-09 2.7490E-09 2.9101E-09 3.0732E-09 3.2420E-09 3.4123E-09 3.5854E-09 3.7630E-09 3.9405E-09 4.1192E-09 4.2983E-09 4.4799E-09 4.6584E-09 4.8353E-09 5.0123E-09 5.1839E-09 5.3514E-09 5.5165E-09 5.6737E-09 5.8241E-09 5.9695E-09 6.1044E-09 6.2299E-09 6.3453E-09 6.4526E-09 6.5459E-09 6.6269E-09 6.6959E-09 6.7573E-09 6.8008E-09 6.8300E-09 6.8444E-09 6.8486E-09 6.8337E-09 6.8036E-09 6.7585E-09 6.7032E-09 6.6294E-09 6.5412E-09 6.4395E-09 6.3244E-09 6.2017E-09 6.0630E-09 5.9132E-09 5.7524E-09 5.5812E-09 5.4020E-09 5.2211E-09 5.0297E-09
1.4897E-09 1.6014E-09 1.7169E-09 1.8396E-09 1.9661E-09 2.0997E-09 2.2370E-09 2.3812E-09 2.5287E-09 2.6832E-09 2.8402E-09 3.0015E-09 3.1689E-09 3.3378E-09 3.5098E-09 3.6867E-09 3.8637E-09 4.0421E-09 4.2238E-09 4.4038E-09 4.5832E-09 4.7638E-09 4.9404E-09 5.1142E-09 5.2869E-09 5.4530E-09 5.6138E-09 5.7708E-09 5.9186E-09 6.0585E-09 6.1895E-09 6.3135E-09 6.4247E-09 6.5248E-09 6.6144E-09 6.6965E-09 6.7617E-09 6.8132E-09 6.8504E-09 6.8779E-09 6.8865E-09 6.8800E-09 6.8585E-09 6.8266E-09 6.7757E-09 6.7100E-09 6.6300E-09 6.5404E-09 6.4334E-09 6.3135E-09 6.1813E-09 6.0361E-09 5.8795E-09 5.7185E-09 5.5445E-09 5.3633E-09 5.1759E-09
1.4433E-09 1.5507E-09 1.6652E-09 1.7835E-09 1.9090E-09 2.0383E-09 2.1746E-09 2.3146E-09 2.4616E-09 2.6118E-09 2.7667E-09 2.9279E-09 3.0915E-09 3.2587E-09 3.4315E-09 3.6052E-09 3.7813E-09 3.9615E-09 4.1410E-09 4.3211E-09 4.5034E-09 4.6830E-09 4.8611E-09 5.0392E-09 5.2122E-09 5.3812E-09 5.5477E-09 5.7065E-09 5.8588E-09 6.0035E-09 6.1424E-09 6.2700E-09 6.3876E-09 6.4964E-09 6.5981E-09 6.6840E-09 6.7570E-09 6.8166E-09 6.8670E-09 6.8991E-09 6.9165E-09 6.9189E-09 6.9112E-09 6.8843E-09 6.8424E-09 6.7856E-09 6.7188E-09 6.6338E-09 6.5350E-09 6.4229E-09 6.2957E-09 6.1613E-09 6.0119E-09 5.8530E-09 5.6853E-09 5.5093E-09 5.3260E-09
1.3940E-09 1.4986E-09 1.6102E-09 1.7257E-09 1.8483E-09 1.9747E-09 2.1082E-09 2.2454E-09 2.3899E-09 2.5374E-09 2.6897E-09 2.8488E-09 3.0102E-09 3.1754E-09 3.3466E-09 3.5189E-09 3.6938E-09 3.8733E-09 4.0523E-09 4.2323E-09 4.4151E-09 4.5955E-09 4.7747E-09 4.9547E-09 5.1298E-09 5.3014E-09 5.4713E-09 5.6338E-09 5.7903E-09 5.9421E-09 6.0842E-09 6.2181E-09 6.3438E-09 6.4635E-09 6.5688E-09 6.6622E-09 6.7432E-09 6.8158E-09 6.8709E-09 6.9119E-09 6.9384E-09 6.9551E-09 6.9527E-09 6.9354E-09 6.9030E-09 6.8604E-09 6.7991E-09 6.7232E-09 6.6327E-09 6.5264E-09 6.4122E-09 6.2822E-09 6.1412E-09 5.9895E-09 5.8281E-09 5.6579E-09 5.4869E-09
1.3437E-09 1.4452E-09 1.5539E-09 1.6663E-09 1.7859E-09 1.9092E-09 2.0398E-09 2.1739E-09 2.3156E-09 2.4603E-09 2.6119E-09 2.7664E-09 2.9253E-09 3.0905E-09 3.2576E-09 3.4281E-09 3.6038E-09 3.7801E-09 3.9582E-09 4.1401E-09 4.3208E-09 4.5015E-09 4.6840E-09 4.8631E-09 5.0401E-09 5.2165E-09 5.3871E-09 5.5530E-09 5.7133E-09 5.8700E-09 6.0181E-09 6.1589E-09 6.2949E-09 6.4178E-09 6.5302E-09 6.6313E-09 6.7249E-09 6.8021E-09 6.8660E-09 6.9162E-09 6.9571E-09 6.9794E-09 6.9870E-09 6.9797E-09 6.9622E-09 6.9257E-09 6.8743E-09 6.8068E-09 6.7235E-09 6.6325E-09 6.5242E-09 6.4033E-09 6.2706E-09 6.1268E-09 5.9794E-09 5.8169E-09 5.6459E-09
1.2925E-09 1.3926E-09 1.4965E-09 1.6074E-09 1.7221E-09 1.8440E-09 1.9696E-09 2.1027E-09 2.2392E-09 2.3807E-09 2.5295E-09 2.6811E-09 2.8373E-09 3.0001E-09 3.1649E-09 3.3333E-09 3.5074E-09 3.6822E-09 3.8592E-09 4.0405E-09 4.2208E-09 4.4015E-09 4.5848E-09 4.7649E-09 4.9433E-09 5.1221E-09 5.2952E-09 5.4643E-09 5.6309E-09 5.7910E-09 5.9447E-09 6.0909E-09 6.2334E-09 6.3629E-09 6.4824E-09 6.5955E-09 6.6935E-09 6.7793E-09 6.8523E-09 6.9167E-09 6.9633E-09 6.9958E-09 7.0137E-09 7.0217E-09 7.0108E-09 6.9849E-09 6.9417E-09 6.8838E-09 6.8175E-09 6.7326E-09 6.6343E-09 6.5231E-09 6.3995E-09 6.2717E-09 6.1270E-09 5.9724E-09 5.8087E-09
1.2406E-09 1.3376E-09 1.4382E-09 1.5458E-09 1.6572E-09 1.7757E-09 1.8979E-09 2.0278E-09 2.1609E-09 2.2991E-09 2.4448E-09 2.5933E-09 2.7487E-09 2.9067E-09 3.0689E-09 3.2372E-09 3.4071E-09 3.5801E-09 3.7580E-09 3.9360E-09 4.1156E-09 4.2985E-09 4.4797E-09 4.6605E-09 4.8426E-09 5.0208E-09 5.1962E-09 5.3683E-09 5.5401E-09 5.7044E-09 5.8627E-09 6.0186E-09 6.1631E-09 6.2991E-09 6.4256E-09 6.5469E-09 6.6531E-09 6.7476E-09 6.8344E-09 6.9045E-09 6.9612E-09 7.0040E-09 7.0374E-09 7.0523E-09 7.0523E-09 7.0351E-09 7.0035E-09 6.9628E-09 6.9031E-09 6.8292E-09 6.7417E-09 6.6475E-09 6.5353E-09 6.4113E-09 6.2761E-09 6.1304E-09 5.9820E-09
1.1884E-09 1.2821E-09 1.3793E-09 1.4836E-09 1.5931E-09 1.7065E-09 1.8272E-09 1.9515E-09 2.0811E-09 2.2180E-09 2.3583E-09 2.5034E-09 2.6558E-09 2.8107E-09 2.9700E-09 3.1359E-09 3.3034E-09 3.4742E-09 3.6505E-09 3.8271E-09 4.0079E-09 4.1882E-09 4.3692E-09 4.5526E-09 4.7335E-09 4.9130E-09 5.0909E-09 5.2692E-09 5.4418E-09 5.6099E-09 5.7767E-09 5.9340E-09 6.0842E-09 6.2265E-09 6.3646E-09 6.4893E-09 6.6037E-09 6.7113E-09 6.8036E-09 6.8836E-09 6.9505E-09 7.0086E-09 7.0490E-09 7.0750E-09 7.0846E-09 7.0794E-09 7.0652E-09 7.0318E-09 6.9839E-09 6.9219E-09 6.8527E-09 6.7647E-09 6.6639E-09 6.5509E-09 6.4262E-09 6.2980E-09 6.1534E-09
1.1359E-09 1.2263E-09 1.3218E-09 1.4209E-09 1.5269E-09 1.6366E-09 1.7538E-09 1.8743E-09 2.0002E-09 2.1336E-09 2.2702E-09 2.4118E-09 2.5609E-09 2.7125E-09 2.8709E-09 3.0318E-09 3.1966E-09 3.3674E-09 3.5394E-09 3.7143E-09 3.8939E-09 4.0732E-09 4.2537E-09 4.4373E-09 4.6187E-09 4.7999E-09 4.9825E-09 5.1609E-09 5.3363E-09 5.5078E-09 5.6792E-09 5.8413E-09 5.9969E-09 6.1496E-09 6.2907E-09 6.4229E-09 6.5453E-09 6.6623E-09 6.7639E-09 6.8537E-09 6.9355E-09 7.0015E-09 7.0524E-09 7.0881E-09 7.1096E-09 7.1222E-09 7.1157E-09 7.0948E-09 7.0595E-09 7.0169E-09 6.9549E-09 6.8794E-09 6.7910E-09 6.6899E-09 6.5847E-09 6.4617E-09 6.3281E-09
1.0834E-09 1.1705E-09 1.2625E-09 1.3579E-09 1.4603E-09 1.5662E-09 1.6797E-09 1.7965E-09 1.9206E-09 2.0482E-09 2.1810E-09 2.3211E-09 2.4644E-09 2.6125E-09 2.7678E-09 2.9254E-09 3.0873E-09 3.2555E-09 3.4252E-09 3.5979E-09 3.7760E-09 3.9541E-09 4.1337E-09 4.3171E-09 4.4995E-09 4.6817E-09 4.8658E-09 5.0461E-09 5.2239E-09 5.4027E-09 5.5741E-09 5.7407E-09 5.9015E-09 6.0606E-09 6.2083E-09 6.3477E-09 6.4829E-09 6.6043E-09 6.7152E-09 6.8157E-09 6.9098E-09 6.9843E-09 7.0454E-09 7.0929E-09 7.1321E-09 7.1527E-09 7.1592E-09 7.1514E-09 7.1362E-09 7.1015E-09 7.0530E-09 6.9910E-09 6.9226E-09 6.8360E-09 6.7373E-09 6.6270E-09 6.5055E-09
1.0330E-09 1.1148E-09 1.2033E-09 1.2950E-09 1.3937E-09 1.4979E-09 1.6055E-09 1.7183E-09 1.8385E-09 1.9621E-09 2.0910E-09 2.2273E-09 2.3668E-09 2.5112E-09 2.6630E-09 2.8173E-09 2.9782E-09 3.1413E-09 3.3083E-09 3.4811E-09 3.6549E-09 3.8313E-09 4.0124E-09 4.1935E-09 4.3757E-09 4.5606E-09 4.7434E-09 4.9252E-09 5.1051E-09 5.2871E-09 5.4619E-09 5.6326E-09 5.8028E-09 5.9635E-09 6.1175E-09 6.2684E-09 6.4074E-09 6.5383E-09 6.6593E-09 6.7744E-09 6.8716E-09 6.9568E-09 7.0295E-09 7.0944E-09 7.1417E-09 7.1754E-09 7.1952E-09 7.2078E-09 7.2012E-09 7.1807E-09 7.1465E-09 7.1057E-09 7.0462E-09 6.9741E-09 6.8895E-09 6.7930E-09 6.6849E-09
9.8120E-10 1.0595E-09 1.1444E-09 1.2342E-09 1.3274E-09 1.4277E-09 1.5313E-09 1.6400E-09 1.7563E-09 1.8758E-09 2.0005E-09 2.1330E-09 2.2685E-09 2.4112E-09 2.5571E-09 2.7077E-09 2.8653E-09 3.0252E-09 3.1892E-09 3.3595E-09 3.5310E-09 3.7057E-09 3.8858E-09 4.0659E-09 4.2474E-09 4.4325E-09 4.6158E-09 4.7986E-09 4.9844E-09 5.1650E-09 5.3429E-09 5.5174E-09 5.6926E-09 5.8586E-09 6.0186E-09 6.1776E-09 6.3251E-09 6.4644E-09 6.5980E-09 6.7163E-09 6.8239E-09 6.9202E-09 7.0095E-09 7.0824E-09 7.1426E-09 7.1896E-09 7.2298E-09 7.2513E-09 7.2593E-09 7.2537E-09 7.2414E-09 7.2105E-09 7.1665E-09 7.1097E-09 7.0405E-09 6.9590E-09 6.8739E-09
9.3001E-10 1.0048E-09 1.0861E-09 1.1722E-09 1.2615E-09 1.3579E-09 1.4575E-09 1.5621E-09 1.6743E-09 1.7896E-09 1.9123E-09 2.0385E-09 2.1698E-09 2.3086E-09 2.4504E-09 2.5972E-09 2.7512E-09 2.9077E-09 3.0707E-09 3.2359E-09 3.4050E-09 3.5800E-09 3.7561E-09 3.9347E-09 4.1152E-09 4.3001E-09 4.4834E-09 4.6669E-09 4.8544E-09 5.0370E-09 5.2176E-09 5.4000E-09 5.5752E-09 5.7467E-09 5.9178E-09 6.0793E-09 6.2342E-09 6.3796E-09 6.5211E-09 6.6490E-09 6.7669E-09 6.8789E-09 6.9759E-09 7.0612E-09 7.1344E-09 7.2013E-09 7.2504E-09 7.2867E-09 7.3098E-09 7.3265E-09 7.3247E-09 7.3100E-09 7.2824E-09 7.2421E-09 7.1892E-09 7.1325E-09 7.0577E-09
8.7957E-10 9.5262E-10 1.0285E-09 1.1109E-09 1.1963E-09 1.2888E-09 1.3843E-09 1.4868E-09 1.5927E-09 1.7037E-09 1.8223E-09 1.9441E-09 2.0711E-09 2.2058E-09 2.3435E-09 2.4885E-09 2.6365E-09 2.7892E-09 2.9489E-09 3.1110E-09 3.2773E-09 3.4498E-09 3.6237E-09 3.8004E-09 3.9822E-09 4.1638E-09 4.3468E-09 4.5305E-09 4.7193E-09 4.9034E-09 5.0862E-09 5.2726E-09 5.4522E-09 5.6283E-09 5.8052E-09 5.9729E-09 6.1323E-09 6.2897E-09 6.4353E-09 6.5725E-09 6.7005E-09 6.8240E-09 6.9327E-09 7.0304E-09 7.1166E-09 7.1984E-09 7.2621E-09 7.3134E-09 7.3521E-09 7.3861E-09 7.4011E-09 7.4034E-09 7.3930E-09 7.3701E-09 7.3433E-09 7.2974E-09 7.2414E-09
8.3006E-10 8.9963E-10 9.7191E-10 1.0505E-09 1.1341E-09 1.2206E-09 1.3119E-09 1.4104E-09 1.5119E-09 1.6186E-09 1.7328E-09 1.8502E-09 1.9750E-09 2.1032E-09 2.2366E-09 2.3775E-09 2.5214E-09 2.6702E-09 2.8264E-09 2.9850E-09 3.1480E-09 3.3178E-09 3.4891E-09 3.6637E-09 3.8439E-09 4.0243E-09 4.2065E-09 4.3944E-09 4.5796E-09 4.7652E-09 4.9549E-09 5.1397E-09 5.3226E-09 5.5074E-09 5.6845E-09 5.8558E-09 6.0216E-09 6.1868E-09 6.3406E-09 6.4868E-09 6.6296E-09 6.7594E-09 6.8796E-09 6.9897E-09 7.0959E-09 7.1857E-09 7.2641E-09 7.3307E-09 7.3931E-09 7.4374E-09 7.4696E-09 7.4895E-09 7.4971E-09 7.5011E-09 7.4861E-09 7.4591E-09 7.4233E-09
7.8160E-10 8.4773E-10 9.1637E-10 9.9128E-10 1.0710E-09 1.1535E-09 1.2406E-09 1.3349E-09 1.4322E-09 1.5366E-09 1.6443E-09 1.7572E-09 1.8776E-09 2.0013E-09 2.1302E-09 2.2668E-09 2.4064E-09 2.5511E-09 2.7034E-09 2.8583E-09 3.0202E-09 3.1846E-09 3.3529E-09 3.5250E-09 3.7032E-09 3.8819E-09 4.0630E-09 4.2509E-09 4.4365E-09 4.6228E-09 4.8141E-09 5.0010E-09 5.1867E-09 5.3746E-09 5.5548E-09 5.7311E-09 5.9079E-09 6.0755E-09 6.2371E-09 6.3918E-09 6.5448E-09 6.6850E-09 6.8165E-09 6.9451E-09 7.0590E-09 7.1627E-09 7.2558E-09 7.3452E-09 7.4178E-09 7.4792E-09 7.5291E-09 7.5672E-09 7.6019E-09 7.6184E-09 7.6232E-09 7.6174E-09 7.6021E-09
7.3435E-10 7.9707E-10 8.6211E-10 9.3332E-10 1.0092E-09 1.0877E-09 1.1707E-09 1.2608E-09 1.3537E-09 1.4537E-09 1.5570E-09 1.6653E-09 1.7812E-09 1.9003E-09 2.0247E-09 2.1567E-09 2.2919E-09 2.4346E-09 2.5805E-09 2.7314E-09 2.8897E-09 3.0505E-09 3.2156E-09 3.3873E-09 3.5607E-09 3.7375E-09 3.9213E-09 4.1045E-09 4.2896E-09 4.4803E-09 4.6686E-09 4.8571E-09 5.0483E-09 5.2344E-09 5.4184E-09 5.5993E-09 5.7821E-09 5.9560E-09 6.1248E-09 6.2929E-09 6.4504E-09 6.6007E-09 6.7431E-09 6.8846E-09 7.0114E-09 7.1289E-09 7.2434E-09 7.3428E-09 7.4319E-09 7.5106E-09 7.5785E-09 7.6433E-09 7.6910E-09 7.7276E-09 7.7530E-09 7.7696E-09 7.7758E-09
6.8841E-10 7.4777E-10 8.1107E-10 8.7681E-10 9.4895E-10 1.0234E-09 1.1044E-09 1.1883E-09 1.2768E-09 1.3724E-09 1.4711E-09 1.5748E-09 1.6862E-09 1.8006E-09 1.9224E-09 2.0476E-09 2.1782E-09 2.3165E-09 2.4580E-09 2.6047E-09 2.7591E-09 2.9161E-09 3.0777E-09 3.2463E-09 3.4170E-09 3.5914E-09 3.7735E-09 3.9552E-09 4.1394E-09 4.3302E-09 4.5186E-09 4.7069E-09 4.9000E-09 5.0885E-09 5.2757E-09 5.4655E-09 5.6488E-09 5.8286E-09 6.0040E-09 6.1803E-09 6.3465E-09 6.5063E-09 6.6660E-09 6.8132E-09 6.9526E-09 7.0837E-09 7.2138E-09 7.3288E-09 7.4345E-09 7.5305E-09 7.6241E-09 7.7020E-09 7.7698E-09 7.8271E-09 7.8738E-09 7.9139E-09 7.9513E-09
