Assets/Resources/2015_m01_d21_0600(utc+0800)_l00_csi_1hr_conc.grd
DSAA
         159         159
     -79.000      79.000
     -79.000      79.000
  0.6390E-09  0.6425E-04
[rows 75 to 99 of 159, columns 0 to 56 of 159]
5.2291E-09 5.4124E-09 5.5997E-09 5.7907E-09 5.9865E-09 6.1860E-09 6.3875E-09 6.5919E-09 6.7990E-09 7.0084E-09 7.2200E-09 7.4334E-09 7.6483E-09 7.8642E-09 8.0809E-09 8.2980E-09 8.5149E-09 8.7314E-09 8.9470E-09 9.1613E-09 9.3737E-09 9.5839E-09 9.7914E-09 9.9956E-09 1.0196E-08 1.0389E-08 1.0524E-08 1.0534E-08 1.0528E-08 1.0507E-08 1.0479E-08 1.0446E-08 1.0406E-08 1.0359E-08 1.0301E-08 1.0237E-08 1.0173E-08 1.0090E-08 1.0002E-08 9.9074E-09 9.7982E-09 9.6905E-09 9.5613E-09 9.4413E-09 9.3178E-09 9.2022E-09 9.1546E-09 9.1170E-09 9.0651E-09 8.9886E-09 8.9420E-09 8.9055E-09 8.8924E-09 8.8836E-09 8.8769E-09 8.8833E-09 8.8878E-09
5.2420E-09 5.4257E-09 5.6132E-09 5.8044E-09 6.0005E-09 6.2002E-09 6.4018E-09 6.6064E-09 6.8136E-09 7.0232E-09 7.2349E-09 7.4484E-09 7.6633E-09 7.8793E-09 8.0960E-09 8.3130E-09 8.5300E-09 8.7464E-09 8.9620E-09 9.1761E-09 9.3885E-09 9.5986E-09 9.8059E-09 1.0010E-08 1.0210E-08 1.0404E-08 1.0540E-08 1.0552E-08 1.0547E-08 1.0527E-08 1.0500E-08 1.0466E-08 1.0426E-08 1.0380E-08 1.0322E-08 1.0258E-08 1.0194E-08 1.0111E-08 1.0025E-08 9.9303E-09 9.8223E-09 9.7158E-09 9.5878E-09 9.4689E-09 9.3462E-09 9.2317E-09 9.1725E-09 9.1294E-09 9.0763E-09 9.0020E-09 8.9470E-09 8.9069E-09 8.8834E-09 8.8656E-09 8.8545E-09 8.8449E-09 8.8481E-09
5.2515E-09 5.4352E-09 5.6229E-09 5.8142E-09 6.0103E-09 6.2099E-09 6.4116E-09 6.6161E-09 6.8233E-09 7.0329E-09 7.2445E-09 7.4578E-09 7.6726E-09 7.8884E-09 8.1049E-09 8.3217E-09 8.5384E-09 8.7546E-09 8.9699E-09 9.1838E-09 9.3958E-09 9.6056E-09 9.8126E-09 1.0016E-08 1.0216E-08 1.0410E-08 1.0547E-08 1.0562E-08 1.0559E-08 1.0540E-08 1.0513E-08 1.0479E-08 1.0440E-08 1.0393E-08 1.0336E-08 1.0272E-08 1.0209E-08 1.0126E-08 1.0041E-08 9.9468E-09 9.8403E-09 9.7351E-09 9.6086E-09 9.4909E-09 9.3694E-09 9.2560E-09 9.1863E-09 9.1376E-09 9.0829E-09 9.0104E-09 8.9490E-09 8.9008E-09 8.8716E-09 8.8452E-09 8.8297E-09 8.8071E-09 8.7966E-09
5.2574E-09 5.4412E-09 5.6287E-09 5.8200E-09 6.0159E-09 6.2154E-09 6.4168E-09 6.6212E-09 6.8281E-09 7.0374E-09 7.2487E-09 7.4617E-09 7.6761E-09 7.8916E-09 8.1077E-09 8.3241E-09 8.5403E-09 8.7561E-09 8.9709E-09 9.1842E-09 9.3958E-09 9.6050E-09 9.8115E-09 1.0015E-08 1.0214E-08 1.0408E-08 1.0546E-08 1.0564E-08 1.0562E-08 1.0545E-08 1.0518E-08 1.0485E-08 1.0445E-08 1.0400E-08 1.0342E-08 1.0279E-08 1.0216E-08 1.0134E-08 1.0050E-08 9.9569E-09 9.8521E-09 9.7481E-09 9.6236E-09 9.5075E-09 9.3873E-09 9.2751E-09 9.1966E-09 9.1420E-09 9.0851E-09 9.0142E-09 8.9476E-09 8.8921E-09 8.8574E-09 8.8262E-09 8.7920E-09 8.7722E-09 8.7413E-09
5.2599E-09 5.4434E-09 5.6308E-09 5.8218E-09 6.0162E-09 6.2165E-09 6.4176E-09 6.6216E-09 6.8281E-09 7.0369E-09 7.2477E-09 7.4602E-09 7.6741E-09 7.8890E-09 8.1045E-09 8.3202E-09 8.5359E-09 8.7509E-09 8.9650E-09 9.1777E-09 9.3886E-09 9.5971E-09 9.8028E-09 1.0005E-08 1.0204E-08 1.0397E-08 1.0536E-08 1.0557E-08 1.0557E-08 1.0542E-08 1.0516E-08 1.0483E-08 1.0444E-08 1.0399E-08 1.0342E-08 1.0279E-08 1.0217E-08 1.0136E-08 1.0053E-08 9.9609E-09 9.8579E-09 9.7551E-09 9.6331E-09 9.5186E-09 9.4000E-09 9.2893E-09 9.2033E-09 9.1429E-09 9.0835E-09 9.0137E-09 8.9339E-09 8.8839E-09 8.8219E-09 8.8050E-09 8.7533E-09 8.7406E-09 8.6962E-09
5.2590E-09 5.4421E-09 5.6291E-09 5.8197E-09 6.0136E-09 6.2134E-09 6.4139E-09 6.6173E-09 6.8232E-09 7.0314E-09 7.2416E-09 7.4534E-09 7.6665E-09 7.8806E-09 8.0953E-09 8.3103E-09 8.5251E-09 8.7393E-09 8.9525E-09 9.1643E-09 9.3743E-09 9.5819E-09 9.7868E-09 9.9884E-09 1.0186E-08 1.0379E-08 1.0518E-08 1.0543E-08 1.0545E-08 1.0531E-08 1.0507E-08 1.0474E-08 1.0435E-08 1.0391E-08 1.0335E-08 1.0273E-08 1.0212E-08 1.0131E-08 1.0050E-08 9.9588E-09 9.8579E-09 9.7564E-09 9.6370E-09 9.5244E-09 9.4076E-09 9.2984E-09 9.2067E-09 9.1407E-09 9.0785E-09 9.0093E-09 8.9205E-09 8.8732E-09 8.8054E-09 8.7824E-09 8.7276E-09 8.7080E-09 8.6554E-09
5.2546E-09 5.4373E-09 5.6237E-09 5.8137E-09 6.0071E-09 6.2049E-09 6.4059E-09 6.6086E-09 6.8137E-09 7.0211E-09 7.2304E-09 7.4413E-09 7.6535E-09 7.8667E-09 8.0804E-09 8.2944E-09 8.5081E-09 8.7213E-09 8.9335E-09 9.1442E-09 9.3531E-09 9.5596E-09 9.7634E-09 9.9640E-09 1.0161E-08 1.0352E-08 1.0493E-08 1.0521E-08 1.0525E-08 1.0513E-08 1.0490E-08 1.0458E-08 1.0420E-08 1.0377E-08 1.0321E-08 1.0260E-08 1.0199E-08 1.0121E-08 1.0040E-08 9.9507E-09 9.8520E-09 9.7522E-09 9.6356E-09 9.5250E-09 9.4102E-09 9.3028E-09 9.1988E-09 9.1356E-09 9.0704E-09 9.0014E-09 8.9151E-09 8.8602E-09 8.7901E-09 8.7577E-09 8.7022E-09 8.6689E-09 8.6179E-09
5.2470E-09 5.4290E-09 5.6147E-09 5.8039E-09 5.9965E-09 6.1935E-09 6.3936E-09 6.5953E-09 6.7995E-09 7.0059E-09 7.2142E-09 7.4241E-09 7.6352E-09 7.8472E-09 8.0598E-09 8.2726E-09 8.4852E-09 8.6971E-09 8.9081E-09 9.1176E-09 9.3252E-09 9.5305E-09 9.7331E-09 9.9324E-09 1.0128E-08 1.0319E-08 1.0459E-08 1.0492E-08 1.0498E-08 1.0488E-08 1.0466E-08 1.0435E-08 1.0398E-08 1.0356E-08 1.0301E-08 1.0241E-08 1.0181E-08 1.0104E-08 1.0025E-08 9.9370E-09 9.8406E-09 9.7425E-09 9.6289E-09 9.5206E-09 9.4080E-09 9.3024E-09 9.1903E-09 9.1278E-09 9.0594E-09 8.9902E-09 8.9061E-09 8.8452E-09 8.7735E-09 8.7286E-09 8.6754E-09 8.6335E-09 8.5834E-09
5.2360E-09 5.4172E-09 5.6021E-09 5.7905E-09 5.9821E-09 6.1769E-09 6.3771E-09 6.5778E-09 6.7809E-09 6.9861E-09 7.1932E-09 7.4018E-09 7.6117E-09 7.8225E-09 8.0337E-09 8.2452E-09 8.4564E-09 8.6670E-09 8.8765E-09 9.0846E-09 9.2908E-09 9.4947E-09 9.6959E-09 9.8938E-09 1.0088E-08 1.0277E-08 1.0419E-08 1.0455E-08 1.0464E-08 1.0456E-08 1.0436E-08 1.0405E-08 1.0369E-08 1.0328E-08 1.0274E-08 1.0215E-08 1.0156E-08 1.0081E-08 1.0004E-08 9.9177E-09 9.8238E-09 9.7276E-09 9.6172E-09 9.5112E-09 9.4010E-09 9.2974E-09 9.1873E-09 9.1172E-09 9.0457E-09 8.9760E-09 8.8938E-09 8.8282E-09 8.7550E-09 8.7026E-09 8.6465E-09 8.6008E-09 8.5422E-09
5.2207E-09 5.4021E-09 5.5860E-09 5.7734E-09 5.9640E-09 6.1576E-09 6.3554E-09 6.5560E-09 6.7578E-09 6.9617E-09 7.1675E-09 7.3748E-09 7.5832E-09 7.7925E-09 8.0023E-09 8.2122E-09 8.4219E-09 8.6310E-09 8.8389E-09 9.0455E-09 9.2501E-09 9.4525E-09 9.6520E-09 9.8485E-09 1.0041E-08 1.0229E-08 1.0370E-08 1.0411E-08 1.0422E-08 1.0417E-08 1.0398E-08 1.0369E-08 1.0335E-08 1.0295E-08 1.0242E-08 1.0184E-08 1.0126E-08 1.0052E-08 9.9776E-09 9.8930E-09 9.8017E-09 9.7077E-09 9.6005E-09 9.4971E-09 9.3893E-09 9.2878E-09 9.1800E-09 9.1039E-09 9.0296E-09 8.9590E-09 8.8784E-09 8.8094E-09 8.7347E-09 8.6699E-09 8.6132E-09 8.5549E-09 8.5055E-09
5.2034E-09 5.3837E-09 5.5665E-09 5.7527E-09 5.9421E-09 6.1345E-09 6.3309E-09 6.5301E-09 6.7305E-09 6.9330E-09 7.1372E-09 7.3429E-09 7.5498E-09 7.7575E-09 7.9657E-09 8.1740E-09 8.3820E-09 8.5893E-09 8.7956E-09 9.0004E-09 9.2034E-09 9.4040E-09 9.6019E-09 9.7966E-09 9.9878E-09 1.0174E-08 1.0316E-08 1.0360E-08 1.0374E-08 1.0372E-08 1.0355E-08 1.0327E-08 1.0294E-08 1.0255E-08 1.0203E-08 1.0147E-08 1.0090E-08 1.0019E-08 9.9457E-09 9.8631E-09 9.7746E-09 9.6828E-09 9.5791E-09 9.4782E-09 9.3732E-09 9.2739E-09 9.1684E-09 9.0880E-09 9.0110E-09 8.9395E-09 8.8602E-09 8.7823E-09 8.7127E-09 8.6395E-09 8.5844E-09 8.5231E-09 8.4711E-09
5.1831E-09 5.3622E-09 5.5437E-09 5.7286E-09 5.9166E-09 6.1076E-09 6.3014E-09 6.5002E-09 6.6991E-09 6.8999E-09 7.1025E-09 7.3066E-09 7.5118E-09 7.7177E-09 7.9241E-09 8.1306E-09 8.3368E-09 8.5423E-09 8.7467E-09 8.9497E-09 9.1508E-09 9.3496E-09 9.5456E-09 9.7386E-09 9.9279E-09 1.0113E-08 1.0254E-08 1.0302E-08 1.0320E-08 1.0320E-08 1.0305E-08 1.0279E-08 1.0247E-08 1.0210E-08 1.0160E-08 1.0105E-08 1.0049E-08 9.9795E-09 9.9088E-09 9.8283E-09 9.7427E-09 9.6532E-09 9.5530E-09 9.4549E-09 9.3527E-09 9.2558E-09 9.1527E-09 9.0693E-09 8.9901E-09 8.9175E-09 8.8392E-09 8.7560E-09 8.6892E-09 8.6158E-09 8.5553E-09 8.4897E-09 8.4368E-09
5.1587E-09 5.3375E-09 5.5177E-09 5.7011E-09 5.8877E-09 6.0772E-09 6.2693E-09 6.4653E-09 6.6636E-09 6.8628E-09 7.0636E-09 7.2658E-09 7.4692E-09 7.6732E-09 7.8777E-09 8.0823E-09 8.2865E-09 8.4900E-09 8.6925E-09 8.8935E-09 9.0926E-09 9.2895E-09 9.4836E-09 9.6746E-09 9.8621E-09 1.0045E-08 1.0187E-08 1.0239E-08 1.0260E-08 1.0263E-08 1.0250E-08 1.0225E-08 1.0195E-08 1.0160E-08 1.0110E-08 1.0057E-08 1.0003E-08 9.9355E-09 9.8669E-09 9.7888E-09 9.7060E-09 9.6191E-09 9.5225E-09 9.4273E-09 9.3281E-09 9.2335E-09 9.1331E-09 9.0364E-09 8.9668E-09 8.8932E-09 8.8157E-09 8.7344E-09 8.6640E-09 8.5904E-09 8.5256E-09 8.4596E-09 8.3970E-09
5.1326E-09 5.3088E-09 5.4885E-09 5.6705E-09 5.8554E-09 6.0433E-09 6.2337E-09 6.4278E-09 6.6243E-09 6.8216E-09 7.0206E-09 7.2209E-09 7.4222E-09 7.6243E-09 7.8267E-09 8.0292E-09 8.2314E-09 8.4328E-09 8.6332E-09 8.8321E-09 9.0291E-09 9.2239E-09 9.4160E-09 9.6049E-09 9.7904E-09 9.9720E-09 1.0113E-08 1.0169E-08 1.0193E-08 1.0199E-08 1.0189E-08 1.0166E-08 1.0138E-08 1.0104E-08 1.0056E-08 1.0005E-08 9.9519E-09 9.8867E-09 9.8204E-09 9.7447E-09 9.6649E-09 9.5807E-09 9.4878E-09 9.3953E-09 9.2993E-09 9.2073E-09 9.1095E-09 9.0153E-09 8.9412E-09 8.8666E-09 8.7898E-09 8.7102E-09 8.6373E-09 8.5634E-09 8.4952E-09 8.4287E-09 8.3617E-09
5.1036E-09 5.2782E-09 5.4564E-09 5.6367E-09 5.8199E-09 6.0060E-09 6.1947E-09 6.3857E-09 6.5813E-09 6.7767E-09 6.9736E-09 7.1718E-09 7.3711E-09 7.5710E-09 7.7713E-09 7.9717E-09 8.1716E-09 8.3709E-09 8.5691E-09 8.7658E-09 8.9606E-09 9.1532E-09 9.3431E-09 9.5299E-09 9.7133E-09 9.8928E-09 1.0034E-08 1.0094E-08 1.0121E-08 1.0130E-08 1.0123E-08 1.0101E-08 1.0075E-08 1.0043E-08 9.9972E-09 9.9478E-09 9.8964E-09 9.8334E-09 9.7695E-09 9.6962E-09 9.6196E-09 9.5381E-09 9.4489E-09 9.3594E-09 9.2667E-09 9.1772E-09 9.0823E-09 8.9904E-09 8.9133E-09 8.8378E-09 8.7617E-09 8.6834E-09 8.6089E-09 8.5349E-09 8.4588E-09 8.3970E-09 8.3182E-09
5.0720E-09 5.2439E-09 5.4202E-09 5.5998E-09 5.7813E-09 5.9655E-09 6.1523E-09 6.3413E-09 6.5337E-09 6.7281E-09 6.9229E-09 7.1189E-09 7.3160E-09 7.5137E-09 7.7118E-09 7.9098E-09 8.1075E-09 8.3044E-09 8.5003E-09 8.6947E-09 8.8872E-09 9.0775E-09 9.2652E-09 9.4498E-09 9.6311E-09 9.8084E-09 9.9489E-09 1.0013E-08 1.0044E-08 1.0056E-08 1.0051E-08 1.0032E-08 1.0008E-08 9.9775E-09 9.9336E-09 9.8861E-09 9.8364E-09 9.7758E-09 9.7143E-09 9.6437E-09 9.5701E-09 9.4915E-09 9.4061E-09 9.3196E-09 9.2303E-09 9.1433E-09 9.0514E-09 8.9621E-09 8.8829E-09 8.8069E-09 8.7313E-09 8.6542E-09 8.5688E-09 8.5047E-09 8.4237E-09 8.3643E-09 8.2864E-09
5.0378E-09 5.2079E-09 5.3824E-09 5.5601E-09 5.7397E-09 5.9220E-09 6.1067E-09 6.2936E-09 6.4838E-09 6.6760E-09 6.8686E-09 7.0624E-09 7.2571E-09 7.4525E-09 7.6482E-09 7.8439E-09 8.0392E-09 8.2337E-09 8.4272E-09 8.6192E-09 8.8094E-09 8.9973E-09 9.1826E-09 9.3650E-09 9.5439E-09 9.7191E-09 9.8593E-09 9.9270E-09 9.9617E-09 9.9773E-09 9.9753E-09 9.9581E-09 9.9357E-09 9.9075E-09 9.8657E-09 9.8202E-09 9.7724E-09 9.7142E-09 9.6551E-09 9.5872E-09 9.5168E-09 9.4411E-09 9.3595E-09 9.2761E-09 9.1903E-09 9.1059E-09 9.0171E-09 8.9302E-09 8.8449E-09 8.7737E-09 8.6987E-09 8.6227E-09 8.5397E-09 8.4729E-09 8.3930E-09 8.3306E-09 8.2535E-09
5.0010E-09 5.1694E-09 5.3409E-09 5.5177E-09 5.6953E-09 5.8754E-09 6.0581E-09 6.2429E-09 6.4296E-09 6.6194E-09 6.8108E-09 7.0023E-09 7.1947E-09 7.3876E-09 7.5809E-09 7.7741E-09 7.9669E-09 8.1590E-09 8.3500E-09 8.5395E-09 8.7272E-09 8.9127E-09 9.0956E-09 9.2756E-09 9.4522E-09 9.6252E-09 9.7649E-09 9.8363E-09 9.8747E-09 9.8937E-09 9.8946E-09 9.8797E-09 9.8594E-09 9.8334E-09 9.7936E-09 9.7503E-09 9.7045E-09 9.6487E-09 9.5921E-09 9.5271E-09 9.4599E-09 9.3872E-09 9.3094E-09 9.2291E-09 9.1467E-09 9.0652E-09 8.9794E-09 8.8951E-09 8.8065E-09 8.7383E-09 8.6640E-09 8.5890E-09 8.5082E-09 8.4395E-09 8.3607E-09 8.2959E-09 8.2195E-09
4.9609E-09 5.1284E-09 5.2979E-09 5.4715E-09 5.6481E-09 5.8261E-09 6.0065E-09 6.1891E-09 6.3736E-09 6.5609E-09 6.7499E-09 6.9389E-09 7.1288E-09 7.3193E-09 7.5100E-09 7.7007E-09 7.8909E-09 8.0805E-09 8.2689E-09 8.4559E-09 8.6411E-09 8.8241E-09 9.0045E-09 9.1821E-09 9.3563E-09 9.5269E-09 9.6662E-09 9.7411E-09 9.7832E-09 9.8056E-09 9.8096E-09 9.7972E-09 9.7792E-09 9.7553E-09 9.7178E-09 9.6766E-09 9.6329E-09 9.5796E-09 9.5256E-09 9.4634E-09 9.3994E-09 9.3298E-09 9.2558E-09 9.1788E-09 9.0999E-09 9.0211E-09 8.9384E-09 8.8568E-09 8.7710E-09 8.7007E-09 8.6272E-09 8.5530E-09 8.4744E-09 8.4045E-09 8.3267E-09 8.2602E-09 8.1844E-09
4.9185E-09 5.0850E-09 5.2525E-09 5.4229E-09 5.5983E-09 5.7741E-09 5.9523E-09 6.1325E-09 6.3146E-09 6.4984E-09 6.6847E-09 6.8724E-09 7.0598E-09 7.2477E-09 7.4358E-09 7.6238E-09 7.8115E-09 7.9984E-09 8.1842E-09 8.3686E-09 8.5512E-09 8.7316E-09 8.9095E-09 9.0846E-09 9.2564E-09 9.4246E-09 9.5634E-09 9.6417E-09 9.6876E-09 9.7135E-09 9.7205E-09 9.7108E-09 9.6951E-09 9.6735E-09 9.6383E-09 9.5994E-09 9.5578E-09 9.5070E-09 9.4556E-09 9.3964E-09 9.3356E-09 9.2691E-09 9.1990E-09 9.1252E-09 9.0499E-09 8.9739E-09 8.8944E-09 8.8154E-09 8.7323E-09 8.6610E-09 8.5883E-09 8.5150E-09 8.4384E-09 8.3634E-09 8.2911E-09 8.2157E-09 8.1481E-09
4.8751E-09 5.0384E-09 5.2049E-09 5.3730E-09 5.5450E-09 5.7196E-09 5.8954E-09 6.0733E-09 6.2529E-09 6.4342E-09 6.6179E-09 6.8030E-09 6.9877E-09 7.1730E-09 7.3584E-09 7.5438E-09 7.7288E-09 7.9130E-09 8.0961E-09 8.2778E-09 8.4578E-09 8.6356E-09 8.8110E-09 8.9835E-09 9.1528E-09 9.3186E-09 9.4569E-09 9.5383E-09 9.5880E-09 9.6174E-09 9.6276E-09 9.6206E-09 9.6074E-09 9.5883E-09 9.5554E-09 9.5188E-09 9.4795E-09 9.4313E-09 9.3825E-09 9.3262E-09 9.2687E-09 9.2054E-09 9.1390E-09 9.0686E-09 8.9967E-09 8.9236E-09 8.8473E-09 8.7711E-09 8.6908E-09 8.6190E-09 8.5473E-09 8.4749E-09 8.4002E-09 8.3225E-09 8.2538E-09 8.1795E-09 8.1107E-09
4.8296E-09 4.9897E-09 5.1550E-09 5.3209E-09 5.4895E-09 5.6627E-09 5.8361E-09 6.0115E-09 6.1887E-09 6.3674E-09 6.5473E-09 6.7296E-09 6.9128E-09 7.0954E-09 7.2782E-09 7.4608E-09 7.6430E-09 7.8245E-09 8.0049E-09 8.1839E-09 8.3612E-09 8.5364E-09 8.7091E-09 8.8790E-09 9.0459E-09 9.2092E-09 9.3468E-09 9.4313E-09 9.4848E-09 9.5178E-09 9.5312E-09 9.5271E-09 9.5164E-09 9.4998E-09 9.4692E-09 9.4351E-09 9.3981E-09 9.3525E-09 9.3064E-09 9.2531E-09 9.1988E-09 9.1387E-09 9.0761E-09 9.0090E-09 8.9407E-09 8.8705E-09 8.7973E-09 8.7239E-09 8.6463E-09 8.5673E-09 8.5043E-09 8.4327E-09 8.3599E-09 8.2840E-09 8.2147E-09 8.1415E-09 8.0719E-09
4.7821E-09 4.9401E-09 5.1020E-09 5.2667E-09 5.4329E-09 5.6025E-09 5.7745E-09 5.9474E-09 6.1220E-09 6.2981E-09 6.4754E-09 6.6537E-09 6.8353E-09 7.0152E-09 7.1951E-09 7.3750E-09 7.5545E-09 7.7332E-09 7.9108E-09 8.0871E-09 8.2616E-09 8.4341E-09 8.6042E-09 8.7715E-09 8.9358E-09 9.0967E-09 9.2336E-09 9.3209E-09 9.3781E-09 9.4147E-09 9.4313E-09 9.4303E-09 9.4222E-09 9.4082E-09 9.3801E-09 9.3484E-09 9.3139E-09 9.2709E-09 9.2275E-09 9.1772E-09 9.1262E-09 9.0693E-09 9.0103E-09 8.9465E-09 8.8818E-09 8.8145E-09 8.7445E-09 8.6740E-09 8.5991E-09 8.5226E-09 8.4591E-09 8.3885E-09 8.3174E-09 8.2433E-09 8.1740E-09 8.1018E-09 8.0318E-09
4.7317E-09 4.8886E-09 5.0471E-09 5.2104E-09 5.3742E-09 5.5403E-09 5.7097E-09 5.8811E-09 6.0531E-09 6.2265E-09 6.4011E-09 6.5767E-09 6.7543E-09 6.9324E-09 7.1096E-09 7.2867E-09 7.4633E-09 7.6392E-09 7.8140E-09 7.9875E-09 8.1593E-09 8.3291E-09 8.4965E-09 8.6612E-09 8.8229E-09 8.9813E-09 9.1174E-09 9.2074E-09 9.2684E-09 9.3086E-09 9.3284E-09 9.3305E-09 9.3251E-09 9.3137E-09 9.2882E-09 9.2590E-09 9.2270E-09 9.1866E-09 9.1459E-09 9.0987E-09 9.0509E-09 8.9972E-09 8.9419E-09 8.8814E-09 8.8202E-09 8.7559E-09 8.6891E-09 8.6213E-09 8.5493E-09 8.4754E-09 8.4118E-09 8.3423E-09 8.2730E-09 8.2005E-09 8.1315E-09 8.0604E-09 7.9838E-09
4.6808E-09 4.8353E-09 4.9915E-09 5.1513E-09 5.3137E-09 5.4772E-09 5.6440E-09 5.8127E-09 5.9820E-09 6.1528E-09 6.3247E-09 6.4975E-09 6.6710E-09 6.8462E-09 7.0218E-09 7.1960E-09 7.3698E-09 7.5428E-09 7.7148E-09 7.8855E-09 8.0545E-09 8.2215E-09 8.3862E-09 8.5483E-09 8.7074E-09 8.8633E-09 8.9986E-09 9.0910E-09 9.1557E-09 9.1995E-09 9.2227E-09 9.2279E-09 9.2252E-09 9.2166E-09 9.1937E-09 9.1670E-09 9.1376E-09 9.0998E-09 9.0618E-09 9.0177E-09 8.9731E-09 8.9226E-09 8.8709E-09 8.8138E-09 8.7560E-09 8.6946E-09 8.6310E-09 8.5661E-09 8.4968E-09 8.4255E-09 8.3625E-09 8.2941E-09 8.2264E-09 8.1556E-09 8.0813E-09 8.0171E-09 7.9424E-09
