Assets/Resources/2015_m01_d14_1900(utc+0800)_l00_csi_1hr_conc.grd
DSAA
         159         159
     -79.000      79.000
     -79.000      79.000
  0.0000E+00  0.1568E-04
[rows 50 to 74 of 159, columns 57 to 113 of 159]
1.4574E-08 1.4843E-08 1.5058E-08 1.5212E-08 1.5295E-08 1.5302E-08 1.5234E-08 1.5087E-08 1.4857E-08 1.4546E-08 1.4157E-08 1.3693E-08 1.3160E-08 1.2562E-08 1.1913E-08 1.1223E-08 1.0495E-08 9.7467E-09 8.9868E-09 8.2283E-09 7.4410E-09 6.7038E-09 5.9814E-09 5.3226E-09 4.6573E-09 4.0792E-09 3.5219E-09 3.0298E-09 2.5891E-09 2.2197E-09 1.9684E-09 1.9343E-09 1.5606E-09 1.2489E-09 1.0175E-09 8.1290E-10 7.1167E-10 6.2491E-10 5.5801E-10 5.0399E-10 4.5016E-10 4.0826E-10 3.7780E-10 3.5495E-10 3.2874E-10 2.7637E-10 2.6211E-10 2.5102E-10 2.4274E-10 2.3548E-10 1.9807E-10 1.9209E-10 1.5816E-10 1.4406E-10 1.3018E-10 1.2615E-10 6.8137E-11
1.4587E-08 1.4897E-08 1.5152E-08 1.5339E-08 1.5457E-08 1.5502E-08 1.5468E-08 1.5349E-08 1.5148E-08 1.4863E-08 1.4495E-08 1.4048E-08 1.3529E-08 1.2945E-08 1.2299E-08 1.1602E-08 1.0870E-08 1.0110E-08 9.3388E-09 8.5269E-09 7.7458E-09 6.9680E-09 6.2423E-09 5.5043E-09 4.8633E-09 4.2195E-09 3.6438E-09 3.1282E-09 2.7123E-09 2.5668E-09 2.1138E-09 2.1101E-09 1.6691E-09 1.3328E-09 1.0716E-09 8.3166E-10 7.1082E-10 6.2123E-10 5.5378E-10 4.9650E-10 4.4002E-10 3.9809E-10 3.6946E-10 3.4771E-10 3.1921E-10 2.6951E-10 2.5578E-10 2.4544E-10 2.3787E-10 2.0010E-10 1.9415E-10 1.5986E-10 1.4565E-10 1.4123E-10 1.2763E-10 1.1492E-10 5.7629E-11
1.4569E-08 1.4918E-08 1.5208E-08 1.5435E-08 1.5594E-08 1.5676E-08 1.5677E-08 1.5594E-08 1.5426E-08 1.5170E-08 1.4830E-08 1.4410E-08 1.3908E-08 1.3333E-08 1.2696E-08 1.2009E-08 1.1276E-08 1.0510E-08 9.6879E-09 8.8864E-09 8.0738E-09 7.2981E-09 6.4961E-09 5.7802E-09 5.0588E-09 4.4081E-09 3.8039E-09 3.3336E-09 2.8539E-09 2.7917E-09 2.9059E-09 2.2935E-09 1.7599E-09 1.4288E-09 1.1382E-09 9.1308E-10 7.0652E-10 6.1752E-10 5.4801E-10 4.8790E-10 4.2771E-10 3.8670E-10 3.6025E-10 3.3839E-10 2.7931E-10 2.6216E-10 2.4954E-10 2.4008E-10 2.3300E-10 1.9606E-10 1.6144E-10 1.4712E-10 1.4273E-10 1.2902E-10 1.1623E-10 6.7570E-11 4.7607E-11
1.4517E-08 1.4903E-08 1.5234E-08 1.5504E-08 1.5703E-08 1.5826E-08 1.5868E-08 1.5825E-08 1.5694E-08 1.5477E-08 1.5170E-08 1.4773E-08 1.4297E-08 1.3747E-08 1.3124E-08 1.2439E-08 1.1710E-08 1.0908E-08 1.0102E-08 9.2658E-09 8.4549E-09 7.6029E-09 6.8247E-09 6.0315E-09 5.3025E-09 4.6152E-09 4.0271E-09 3.5171E-09 3.6907E-09 3.1075E-09 3.2023E-09 2.5208E-09 1.9250E-09 1.5180E-09 1.2289E-09 9.8376E-10 7.0121E-10 6.1247E-10 5.4313E-10 4.7845E-10 4.1748E-10 3.7629E-10 3.5057E-10 2.9499E-10 2.7075E-10 2.5490E-10 2.4305E-10 2.3506E-10 1.9782E-10 1.9201E-10 1.5813E-10 1.4412E-10 1.3981E-10 1.2639E-10 1.0485E-10 5.7105E-11 4.6657E-11
1.4427E-08 1.4853E-08 1.5228E-08 1.5539E-08 1.5783E-08 1.5951E-08 1.6038E-08 1.6040E-08 1.5954E-08 1.5776E-08 1.5506E-08 1.5149E-08 1.4702E-08 1.4172E-08 1.3570E-08 1.2905E-08 1.2142E-08 1.1361E-08 1.0534E-08 9.7143E-09 8.8417E-09 8.0200E-09 7.1809E-09 6.3638E-09 5.5939E-09 4.9138E-09 4.3530E-09 3.9774E-09 4.0732E-09 4.4616E-09 3.5662E-09 2.8172E-09 2.1701E-09 1.6369E-09 1.3205E-09 1.0677E-09 7.8871E-10 6.0530E-10 5.3290E-10 4.7075E-10 4.1022E-10 3.6666E-10 3.0761E-10 2.8528E-10 2.6221E-10 2.4803E-10 2.3712E-10 1.9942E-10 1.9365E-10 1.5949E-10 1.4540E-10 1.4111E-10 1.2761E-10 1.1502E-10 5.7669E-11 4.7121E-11 4.5707E-11
1.4299E-08 1.4767E-08 1.5182E-08 1.5540E-08 1.5830E-08 1.6047E-08 1.6184E-08 1.6236E-08 1.6197E-08 1.6067E-08 1.5844E-08 1.5524E-08 1.5113E-08 1.4619E-08 1.4043E-08 1.3354E-08 1.2634E-08 1.1854E-08 1.1050E-08 1.0170E-08 9.3266E-09 8.4492E-09 7.5947E-09 6.7405E-09 5.9766E-09 5.3885E-09 4.7549E-09 5.4087E-09 4.8368E-09 4.9715E-09 3.9627E-09 3.1387E-09 2.4484E-09 1.8275E-09 1.4462E-09 1.2121E-09 9.5582E-10 6.3711E-10 5.2204E-10 4.5899E-10 4.0251E-10 3.5912E-10 2.9659E-10 2.7527E-10 2.5433E-10 2.4044E-10 2.3177E-10 1.9514E-10 1.6072E-10 1.4656E-10 1.4230E-10 1.2873E-10 1.1609E-10 6.7478E-11 4.7550E-11 4.6142E-11 3.5965E-11
1.4132E-08 1.4639E-08 1.5099E-08 1.5504E-08 1.5843E-08 1.6113E-08 1.6303E-08 1.6408E-08 1.6425E-08 1.6348E-08 1.6172E-08 1.5901E-08 1.5539E-08 1.5068E-08 1.4499E-08 1.3873E-08 1.3156E-08 1.2405E-08 1.1556E-08 1.0714E-08 9.8365E-09 8.9522E-09 8.0556E-09 7.2361E-09 6.4106E-09 5.8822E-09 7.1581E-09 6.1124E-09 6.9182E-09 5.5868E-09 4.4620E-09 3.5123E-09 2.7586E-09 2.1472E-09 1.6492E-09 1.5393E-09 1.3244E-09 7.8142E-10 5.2103E-10 4.5336E-10 3.9379E-10 3.2178E-10 2.8826E-10 2.6550E-10 2.4645E-10 2.3399E-10 1.9647E-10 1.9086E-10 1.5722E-10 1.4339E-10 1.3922E-10 1.1707E-10 9.5277E-11 5.6957E-11 4.6543E-11 3.6281E-11 2.6833E-11
1.3923E-08 1.4469E-08 1.4975E-08 1.5428E-08 1.5819E-08 1.6142E-08 1.6391E-08 1.6556E-08 1.6630E-08 1.6609E-08 1.6493E-08 1.6280E-08 1.5927E-08 1.5520E-08 1.4984E-08 1.4398E-08 1.3733E-08 1.2952E-08 1.2131E-08 1.1308E-08 1.0438E-08 9.5259E-09 8.6613E-09 7.7654E-09 7.2468E-09 6.6483E-09 8.0803E-09 9.5052E-09 7.7916E-09 6.3305E-09 5.0563E-09 3.9970E-09 3.1731E-09 2.6970E-09 2.0422E-09 1.8899E-09 1.6133E-09 1.0127E-09 5.6320E-10 4.4782E-10 3.5826E-10 3.1515E-10 2.8141E-10 2.5552E-10 2.3853E-10 1.9764E-10 1.9208E-10 1.5824E-10 1.4435E-10 1.4022E-10 1.2689E-10 1.0546E-10 5.7400E-11 4.6909E-11 4.5539E-11 3.5498E-11 1.7734E-11
1.3670E-08 1.4258E-08 1.4808E-08 1.5307E-08 1.5753E-08 1.6136E-08 1.6444E-08 1.6671E-08 1.6807E-08 1.6851E-08 1.6802E-08 1.6611E-08 1.6350E-08 1.5970E-08 1.5518E-08 1.4923E-08 1.4296E-08 1.3563E-08 1.2796E-08 1.1958E-08 1.1089E-08 1.0179E-08 9.3029E-09 8.5020E-09 8.0864E-09 1.0631E-08 9.3545E-09 1.0707E-08 8.8237E-09 7.1839E-09 5.7555E-09 4.6610E-09 3.7722E-09 3.3002E-09 3.1393E-09 2.6921E-09 1.9568E-09 1.3829E-09 6.8965E-10 4.1345E-10 3.5760E-10 3.1369E-10 2.7682E-10 2.4910E-10 1.9977E-10 1.9314E-10 1.5913E-10 1.4521E-10 1.4111E-10 1.2774E-10 1.1532E-10 5.7800E-11 4.7240E-11 4.5879E-11 3.5766E-11 2.6473E-11 0.0000E+00
1.3375E-08 1.4001E-08 1.4592E-08 1.5144E-08 1.5645E-08 1.6084E-08 1.6458E-08 1.6745E-08 1.6950E-08 1.7032E-08 1.7049E-08 1.6959E-08 1.6745E-08 1.6453E-08 1.6009E-08 1.5520E-08 1.4912E-08 1.4241E-08 1.3496E-08 1.2696E-08 1.1831E-08 1.0997E-08 1.0155E-08 9.8344E-09 9.5764E-09 1.2130E-08 1.4478E-08 1.2133E-08 1.0068E-08 8.2199E-09 6.6577E-09 5.4706E-09 5.1476E-09 4.5980E-09 4.1450E-09 3.2547E-09 2.3140E-09 1.6854E-09 1.1058E-09 4.3910E-10 3.5461E-10 3.1373E-10 2.7581E-10 2.4413E-10 1.9404E-10 1.5988E-10 1.4594E-10 1.4188E-10 1.2848E-10 1.1605E-10 6.7439E-11 4.7534E-11 4.6183E-11 3.6006E-11 2.6668E-11 8.7558E-12 0.0000E+00
1.3034E-08 1.3696E-08 1.4330E-08 1.4930E-08 1.5485E-08 1.5987E-08 1.6417E-08 1.6775E-08 1.7019E-08 1.7208E-08 1.7270E-08 1.7261E-08 1.7096E-08 1.6877E-08 1.6543E-08 1.6102E-08 1.5571E-08 1.4939E-08 1.4273E-08 1.3501E-08 1.2735E-08 1.1936E-08 1.1348E-08 1.1177E-08 1.5572E-08 1.4368E-08 1.6300E-08 1.3779E-08 1.1496E-08 9.4514E-09 7.9058E-09 6.6648E-09 6.3083E-09 6.2424E-09 5.6121E-09 4.3047E-09 2.7581E-09 1.9579E-09 1.4125E-09 8.2592E-10 3.5137E-10 3.1061E-10 2.7812E-10 2.1184E-10 1.9021E-10 1.5614E-10 1.4253E-10 1.2912E-10 1.1669E-10 9.5110E-11 5.6829E-11 4.6452E-11 3.6219E-11 2.6843E-11 8.8165E-12 0.0000E+00 0.0000E+00
1.2649E-08 1.3342E-08 1.4019E-08 1.4666E-08 1.5272E-08 1.5830E-08 1.6286E-08 1.6717E-08 1.7034E-08 1.7305E-08 1.7478E-08 1.7499E-08 1.7467E-08 1.7294E-08 1.7057E-08 1.6673E-08 1.6220E-08 1.5671E-08 1.5080E-08 1.4440E-08 1.3750E-08 1.3073E-08 1.3181E-08 1.5004E-08 1.7757E-08 2.1315E-08 1.8389E-08 1.5676E-08 1.3181E-08 1.1022E-08 9.3699E-09 8.6609E-09 8.2708E-09 8.6554E-09 7.8104E-09 5.4968E-09 3.5417E-09 2.3348E-09 1.6762E-09 1.1517E-09 5.2837E-10 3.0913E-10 2.4467E-10 2.1662E-10 1.6097E-10 1.4307E-10 1.3915E-10 1.1723E-10 1.0497E-10 5.7107E-11 4.6683E-11 4.5375E-11 2.6997E-11 1.7727E-11 0.0000E+00 0.0000E+00 0.0000E+00
1.2218E-08 1.2941E-08 1.3653E-08 1.4342E-08 1.4964E-08 1.5572E-08 1.6120E-08 1.6597E-08 1.7026E-08 1.7324E-08 1.7578E-08 1.7725E-08 1.7756E-08 1.7703E-08 1.7521E-08 1.7258E-08 1.6889E-08 1.6471E-08 1.5988E-08 1.5473E-08 1.4898E-08 1.5276E-08 1.5157E-08 2.1996E-08 2.2705E-08 2.3868E-08 2.0839E-08 1.7969E-08 1.5316E-08 1.3210E-08 1.1578E-08 1.1968E-08 1.1851E-08 1.0998E-08 9.5103E-09 6.7367E-09 4.5531E-09 2.8674E-09 2.0001E-09 1.4016E-09 8.2073E-10 3.2373E-10 2.4243E-10 1.9109E-10 1.5772E-10 1.3962E-10 1.1767E-10 1.0542E-10 5.7338E-11 4.6878E-11 4.5583E-11 2.7130E-11 1.7826E-11 0.0000E+00 0.0000E+00 0.0000E+00 0.0000E+00
1.1740E-08 1.2489E-08 1.3195E-08 1.3922E-08 1.4611E-08 1.5249E-08 1.5872E-08 1.6390E-08 1.6895E-08 1.7318E-08 1.7622E-08 1.7867E-08 1.7971E-08 1.8031E-08 1.7918E-08 1.7789E-08 1.7578E-08 1.7291E-08 1.6960E-08 1.6580E-08 1.6274E-08 1.7148E-08 2.6505E-08 2.4935E-08 3.0065E-08 2.6769E-08 2.3596E-08 2.0621E-08 1.7981E-08 1.6149E-08 1.5046E-08 1.5416E-08 1.7486E-08 1.6178E-08 1.1664E-08 8.2207E-09 5.6575E-09 3.6933E-09 2.3668E-09 1.6631E-09 1.0395E-09 4.9915E-10 2.1471E-10 1.8327E-10 1.6323E-10 1.1814E-10 1.0578E-10 5.7524E-11 4.7034E-11 4.5754E-11 3.5683E-11 2.6482E-11 8.7048E-12 0.0000E+00 0.0000E+00 0.0000E+00 0.0000E+00
1.1183E-08 1.1948E-08 1.2705E-08 1.3442E-08 1.4178E-08 1.4841E-08 1.5522E-08 1.6153E-08 1.6691E-08 1.7191E-08 1.7603E-08 1.7901E-08 1.8131E-08 1.8247E-08 1.8323E-08 1.8320E-08 1.8244E-08 1.8127E-08 1.7970E-08 1.7818E-08 1.9009E-08 1.9883E-08 2.9433E-08 3.6567E-08 3.3242E-08 2.9978E-08 2.6900E-08 2.4068E-08 2.1632E-08 2.0028E-08 2.2562E-08 2.3236E-08 2.1901E-08 1.9736E-08 1.4286E-08 1.0144E-08 6.9846E-09 4.6315E-09 2.9217E-09 1.9207E-09 1.2549E-09 6.8191E-10 2.6598E-10 1.8539E-10 1.4823E-10 1.1427E-10 5.7662E-11 4.7153E-11 4.5888E-11 3.5792E-11 2.6580E-11 8.7400E-12 0.0000E+00 0.0000E+00 0.0000E+00 0.0000E+00 0.0000E+00
1.0584E-08 1.1360E-08 1.2147E-08 1.2880E-08 1.3650E-08 1.4407E-08 1.5101E-08 1.5792E-08 1.6416E-08 1.6950E-08 1.7442E-08 1.7812E-08 1.8158E-08 1.8437E-08 1.8633E-08 1.8774E-08 1.8865E-08 1.8934E-08 1.9013E-08 1.9326E-08 2.1178E-08 3.3770E-08 3.3117E-08 3.9894E-08 3.6825E-08 3.3828E-08 3.0962E-08 2.8388E-08 2.7071E-08 2.6274E-08 2.8644E-08 3.1535E-08 2.9004E-08 2.4105E-08 1.7598E-08 1.2502E-08 8.6209E-09 5.7323E-09 3.6516E-09 2.2815E-09 1.4485E-09 8.5532E-10 3.7261E-10 1.7464E-10 1.4097E-10 1.0002E-10 4.7233E-11 4.5985E-11 3.5872E-11 2.6656E-11 8.7681E-12 0.0000E+00 0.0000E+00 0.0000E+00 0.0000E+00 0.0000E+00 0.0000E+00
9.9341E-09 1.0715E-08 1.1509E-08 1.2307E-08 1.3069E-08 1.3859E-08 1.4618E-08 1.5317E-08 1.6009E-08 1.6575E-08 1.7158E-08 1.7671E-08 1.8125E-08 1.8510E-08 1.8831E-08 1.9135E-08 1.9419E-08 1.9706E-08 2.0100E-08 2.2258E-08 2.5513E-08 3.6820E-08 4.6151E-08 4.3477E-08 4.0801E-08 3.8211E-08 3.5952E-08 3.4196E-08 3.3779E-08 3.7041E-08 3.9789E-08 4.2527E-08 3.9434E-08 2.9864E-08 2.1965E-08 1.5525E-08 1.0701E-08 7.0215E-09 4.5442E-09 2.7764E-09 1.7432E-09 1.0254E-09 5.0292E-10 1.7746E-10 1.2365E-10 7.6777E-11 4.8995E-11 3.5923E-11 2.6710E-11 8.7891E-12 0.0000E+00 0.0000E+00 0.0000E+00 0.0000E+00 0.0000E+00 0.0000E+00 0.0000E+00
9.3069E-09 1.0080E-08 1.0840E-08 1.1643E-08 1.2444E-08 1.3218E-08 1.4019E-08 1.4720E-08 1.5462E-08 1.6150E-08 1.6803E-08 1.7399E-08 1.7954E-08 1.8446E-08 1.8907E-08 1.9384E-08 1.9871E-08 2.0438E-08 2.1982E-08 2.4519E-08 3.9925E-08 4.1534E-08 4.9353E-08 4.7198E-08 4.5201E-08 4.3590E-08 4.2399E-08 4.2584E-08 4.3950E-08 5.1883E-08 5.6796E-08 5.4399E-08 4.8855E-08 3.7425E-08 2.7704E-08 1.9599E-08 1.3384E-08 8.7520E-09 5.5892E-09 3.4154E-09 2.0807E-09 1.2642E-09 6.3624E-10 2.2687E-10 1.0173E-10 7.0120E-11 4.2138E-11 2.6743E-11 8.8030E-12 0.0000E+00 0.0000E+00 0.0000E+00 0.0000E+00 0.0000E+00 0.0000E+00 0.0000E+00 0.0000E+00
8.6227E-09 9.3800E-09 1.0130E-08 1.0914E-08 1.1730E-08 1.2481E-08 1.3304E-08 1.4094E-08 1.4872E-08 1.5608E-08 1.6323E-08 1.6988E-08 1.7633E-08 1.8236E-08 1.8849E-08 1.9493E-08 2.0202E-08 2.1133E-08 2.4228E-08 3.7713E-08 4.2457E-08 5.3864E-08 5.2418E-08 5.1087E-08 5.0243E-08 5.0071E-08 5.0729E-08 5.4006E-08 5.9346E-08 6.8087E-08 7.9250E-08 7.6445E-08 6.1766E-08 4.7697E-08 3.5473E-08 2.5158E-08 1.7004E-08 1.1011E-08 6.9126E-09 4.2562E-09 2.5189E-09 1.4735E-09 8.1700E-10 2.7015E-10 1.0114E-10 7.1546E-11 3.5445E-11 8.8095E-12 0.0000E+00 0.0000E+00 0.0000E+00 0.0000E+00 0.0000E+00 0.0000E+00 0.0000E+00 0.0000E+00 0.0000E+00
7.9257E-09 8.6430E-09 9.3504E-09 1.0122E-08 1.0932E-08 1.1745E-08 1.2573E-08 1.3379E-08 1.4181E-08 1.4949E-08 1.5716E-08 1.6440E-08 1.7162E-08 1.7868E-08 1.8622E-08 1.9435E-08 2.0406E-08 2.3462E-08 2.6407E-08 4.3291E-08 5.4902E-08 5.5853E-08 5.5188E-08 5.5161E-08 5.5909E-08 5.7919E-08 6.1735E-08 6.8480E-08 8.6987E-08 9.9809E-08 1.0057E-07 9.6175E-08 7.9218E-08 6.2131E-08 4.6374E-08 3.2912E-08 2.2178E-08 1.4219E-08 8.7806E-09 5.2451E-09 3.0454E-09 1.7866E-09 9.5420E-10 3.4839E-10 1.0936E-10 5.5381E-11 1.9469E-11 5.2989E-14 0.0000E+00 0.0000E+00 0.0000E+00 0.0000E+00 0.0000E+00 0.0000E+00 0.0000E+00 0.0000E+00 0.0000E+00
7.1879E-09 7.8742E-09 8.6117E-09 9.3618E-09 1.0155E-08 1.0955E-08 1.1776E-08 1.2581E-08 1.3394E-08 1.4185E-08 1.4980E-08 1.5754E-08 1.6545E-08 1.7336E-08 1.8222E-08 1.9219E-08 2.0572E-08 2.4252E-08 4.2935E-08 4.4717E-08 5.7275E-08 5.7234E-08 5.7666E-08 5.9154E-08 6.2149E-08 6.7208E-08 7.7021E-08 8.9862E-08 1.1034E-07 1.3193E-07 1.3305E-07 1.2331E-07 1.0374E-07 8.2542E-08 6.2860E-08 4.4391E-08 2.9566E-08 1.8640E-08 1.1413E-08 6.7776E-09 3.6908E-09 2.0932E-09 1.1428E-09 4.4627E-10 1.0562E-10 3.9147E-11 1.2256E-11 1.6929E-12 0.0000E+00 0.0000E+00 0.0000E+00 0.0000E+00 0.0000E+00 0.0000E+00 0.0000E+00 0.0000E+00 0.0000E+00
6.5037E-09 7.1672E-09 7.8673E-09 8.5838E-09 9.3472E-09 1.0121E-08 1.0925E-08 1.1718E-08 1.2527E-08 1.3322E-08 1.4132E-08 1.4942E-08 1.5781E-08 1.6666E-08 1.7652E-08 1.8845E-08 2.2180E-08 2.6187E-08 4.2794E-08 5.6774E-08 5.7126E-08 5.7833E-08 5.9592E-08 6.2848E-08 6.8635E-08 7.7620E-08 9.2771E-08 1.1993E-07 1.4588E-07 1.6823E-07 1.7472E-07 1.6007E-07 1.4062E-07 1.1432E-07 8.6431E-08 6.0852E-08 4.0312E-08 2.4892E-08 1.5184E-08 8.7396E-09 4.7145E-09 2.4427E-09 1.3311E-09 5.2602E-10 1.1044E-10 3.3888E-11 1.3185E-11 2.8239E-12 0.0000E+00 0.0000E+00 0.0000E+00 0.0000E+00 0.0000E+00 0.0000E+00 0.0000E+00 0.0000E+00 0.0000E+00
5.8505E-09 6.4678E-09 7.1237E-09 7.7964E-09 8.5239E-09 9.2621E-09 1.0034E-08 1.0802E-08 1.1594E-08 1.2395E-08 1.3188E-08 1.4036E-08 1.4898E-08 1.5844E-08 1.6912E-08 1.8539E-08 2.2276E-08 4.0106E-08 4.2778E-08 5.5171E-08 5.6029E-08 5.7553E-08 6.0610E-08 6.5880E-08 7.4618E-08 8.9723E-08 1.1132E-07 1.4926E-07 1.8645E-07 2.0735E-07 2.1850E-07 2.0875E-07 1.9147E-07 1.5890E-07 1.2191E-07 8.5246E-08 5.6274E-08 3.4310E-08 2.0287E-08 1.1280E-08 5.9238E-09 3.0701E-09 1.4935E-09 6.3019E-10 1.5469E-10 3.5376E-11 1.3467E-11 3.3869E-12 0.0000E+00 0.0000E+00 0.0000E+00 0.0000E+00 0.0000E+00 0.0000E+00 0.0000E+00 0.0000E+00 0.0000E+00
5.2175E-09 5.7863E-09 6.3789E-09 7.0163E-09 7.6961E-09 8.3907E-09 9.1222E-09 9.8677E-09 1.0614E-08 1.1393E-08 1.2186E-08 1.3032E-08 1.3905E-08 1.4878E-08 1.6064E-08 1.9281E-08 2.4702E-08 3.8549E-08 5.1773E-08 5.2664E-08 5.3924E-08 5.6292E-08 6.0367E-08 6.7628E-08 7.9312E-08 9.9901E-08 1.3042E-07 1.7315E-07 2.2514E-07 2.5776E-07 2.6782E-07 2.7024E-07 2.6826E-07 2.2867E-07 1.7511E-07 1.2138E-07 7.9042E-08 4.7382E-08 2.6742E-08 1.4386E-08 7.2586E-09 3.6177E-09 1.7440E-09 6.9971E-10 1.8632E-10 3.4955E-11 1.3284E-11 3.4636E-12 0.0000E+00 0.0000E+00 0.0000E+00 0.0000E+00 0.0000E+00 0.0000E+00 0.0000E+00 0.0000E+00 0.0000E+00
4.6156E-09 5.1315E-09 5.6706E-09 6.2541E-09 6.8804E-09 7.5237E-09 8.2078E-09 8.9085E-09 9.6276E-09 1.0368E-08 1.1133E-08 1.1953E-08 1.2818E-08 1.3812E-08 1.6454E-08 1.8871E-08 3.4288E-08 3.8488E-08 4.8235E-08 4.9276E-08 5.0860E-08 5.3794E-08 5.8827E-08 6.7551E-08 8.2067E-08 1.0616E-07 1.5363E-07 2.0440E-07 2.4650E-07 2.8940E-07 3.1464E-07 3.4637E-07 3.7967E-07 3.3461E-07 2.5440E-07 1.7182E-07 1.0808E-07 6.2443E-08 3.4096E-08 1.7528E-08 8.5402E-09 4.1040E-09 1.9407E-09 7.3576E-10 2.0171E-10 3.2760E-11 1.2799E-11 3.0754E-12 0.0000E+00 0.0000E+00 0.0000E+00 0.0000E+00 0.0000E+00 0.0000E+00 0.0000E+00 0.0000E+00 0.0000E+00
