Assets/Resources/2015_m01_d25_1700(utc+0800)_l00_csi_1hr_conc.grd
DSAA
         159         159
     -79.000      79.000
     -79.000      79.000
  0.0000E+00  0.4990E-04
[rows 50 to 74 of 159, columns 57 to 113 of 159]
2.5608E-10 2.9276E-10 3.3371E-10 3.8148E-10 4.3242E-10 4.8871E-10 5.5301E-10 6.2141E-10 6.9619E-10 7.7763E-10 8.6596E-10 9.6145E-10 1.0643E-09 1.1843E-09 1.3071E-09 1.4373E-09 1.5723E-09 1.7164E-09 1.8669E-09 2.0232E-09 2.1857E-09 2.3539E-09 2.5300E-09 2.7076E-09 2.8885E-09 3.0718E-09 3.2565E-09 3.4441E-09 3.6282E-09 3.8100E-09 3.9884E-09 4.1620E-09 4.3296E-09 4.4898E-09 4.6415E-09 4.7833E-09 4.9141E-09 5.0329E-09 5.1387E-09 5.2305E-09 5.3077E-09 5.3696E-09 5.4157E-09 5.4458E-09 5.4597E-09 5.4572E-09 5.4387E-09 5.4043E-09 5.3545E-09 5.2898E-09 5.2109E-09 5.1187E-09 5.0140E-09 4.8952E-09 4.7687E-09 4.6327E-09 4.4885E-09
2.5681E-10 2.9372E-10 3.3702E-10 3.8331E-10 4.3468E-10 4.9367E-10 5.5662E-10 6.2571E-10 7.0125E-10 7.8353E-10 8.7280E-10 9.6926E-10 1.0786E-09 1.1957E-09 1.3208E-09 1.4533E-09 1.5931E-09 1.7379E-09 1.8898E-09 2.0485E-09 2.2165E-09 2.3876E-09 2.5636E-09 2.7440E-09 2.9276E-09 3.1165E-09 3.3041E-09 3.4917E-09 3.6782E-09 3.8623E-09 4.0428E-09 4.2182E-09 4.3873E-09 4.5487E-09 4.7040E-09 4.8464E-09 4.9774E-09 5.0959E-09 5.2009E-09 5.2916E-09 5.3672E-09 5.4271E-09 5.4708E-09 5.4980E-09 5.5086E-09 5.5000E-09 5.4776E-09 5.4391E-09 5.3850E-09 5.3159E-09 5.2324E-09 5.1355E-09 5.0260E-09 4.9050E-09 4.7737E-09 4.6330E-09 4.4819E-09
2.5728E-10 2.9439E-10 3.3816E-10 3.8478E-10 4.3862E-10 4.9623E-10 5.5973E-10 6.2944E-10 7.0568E-10 7.8874E-10 8.7888E-10 9.7630E-10 1.0874E-09 1.2111E-09 1.3376E-09 1.4717E-09 1.6110E-09 1.7579E-09 1.9150E-09 2.0765E-09 2.2443E-09 2.4180E-09 2.5996E-09 2.7830E-09 2.9697E-09 3.1587E-09 3.3489E-09 3.5392E-09 3.7283E-09 3.9176E-09 4.1004E-09 4.2779E-09 4.4488E-09 4.6116E-09 4.7651E-09 4.9080E-09 5.0392E-09 5.1575E-09 5.2618E-09 5.3514E-09 5.4254E-09 5.4833E-09 5.5246E-09 5.5490E-09 5.5563E-09 5.5467E-09 5.5203E-09 5.4775E-09 5.4189E-09 5.3450E-09 5.2541E-09 5.1524E-09 5.0381E-09 4.9124E-09 4.7763E-09 4.6310E-09 4.4779E-09
2.5747E-10 2.9687E-10 3.3896E-10 3.8585E-10 4.4027E-10 4.9831E-10 5.6229E-10 6.3256E-10 7.0943E-10 7.9320E-10 8.8412E-10 9.8851E-10 1.1011E-09 1.2218E-09 1.3505E-09 1.4869E-09 1.6281E-09 1.7803E-09 1.9372E-09 2.1011E-09 2.2744E-09 2.4510E-09 2.6329E-09 2.8191E-09 3.0087E-09 3.2005E-09 3.3966E-09 3.5898E-09 3.7817E-09 3.9709E-09 4.1560E-09 4.3356E-09 4.5082E-09 4.6725E-09 4.8271E-09 4.9707E-09 5.1021E-09 5.2201E-09 5.3238E-09 5.4123E-09 5.4847E-09 5.5406E-09 5.5794E-09 5.6009E-09 5.6050E-09 5.5918E-09 5.5615E-09 5.5144E-09 5.4513E-09 5.3727E-09 5.2795E-09 5.1727E-09 5.0533E-09 4.9199E-09 4.7790E-09 4.6290E-09 4.4713E-09
2.5736E-10 2.9710E-10 3.3937E-10 3.8869E-10 4.4145E-10 4.9986E-10 5.6426E-10 6.3501E-10 7.1244E-10 7.9683E-10 8.8844E-10 9.9440E-10 1.1140E-09 1.2361E-09 1.3662E-09 1.5041E-09 1.6477E-09 1.7993E-09 1.9585E-09 2.1280E-09 2.3015E-09 2.4809E-09 2.6656E-09 2.8576E-09 3.0504E-09 3.2455E-09 3.4418E-09 3.6379E-09 3.8326E-09 4.0244E-09 4.2119E-09 4.3936E-09 4.5681E-09 4.7340E-09 4.8898E-09 5.0342E-09 5.1660E-09 5.2839E-09 5.3870E-09 5.4744E-09 5.5453E-09 5.5992E-09 5.6356E-09 5.6542E-09 5.6550E-09 5.6381E-09 5.6037E-09 5.5524E-09 5.4847E-09 5.4013E-09 5.3032E-09 5.1914E-09 5.0669E-09 4.9310E-09 4.7849E-09 4.6300E-09 4.4650E-09
2.5909E-10 2.9698E-10 3.4141E-10 3.8911E-10 4.4212E-10 5.0082E-10 5.6558E-10 6.3674E-10 7.1463E-10 7.9955E-10 8.9842E-10 1.0057E-09 1.1215E-09 1.2456E-09 1.3778E-09 1.5181E-09 1.6637E-09 1.8203E-09 1.9822E-09 2.1516E-09 2.3278E-09 2.5131E-09 2.7010E-09 2.8934E-09 3.0893E-09 3.2875E-09 3.4868E-09 3.6859E-09 3.8834E-09 4.0780E-09 4.2680E-09 4.4520E-09 4.6286E-09 4.7961E-09 4.9533E-09 5.0986E-09 5.2309E-09 5.3489E-09 5.4515E-09 5.5379E-09 5.6073E-09 5.6592E-09 5.6931E-09 5.7089E-09 5.7064E-09 5.6857E-09 5.6473E-09 5.5916E-09 5.5192E-09 5.4311E-09 5.3280E-09 5.2110E-09 5.0814E-09 4.9404E-09 4.7893E-09 4.6294E-09 4.4620E-09
2.5853E-10 2.9647E-10 3.4120E-10 3.8904E-10 4.4224E-10 5.0117E-10 5.6620E-10 6.3768E-10 7.1594E-10 8.0129E-10 9.0146E-10 1.0163E-09 1.1333E-09 1.2586E-09 1.3885E-09 1.5312E-09 1.6818E-09 1.8381E-09 2.0023E-09 2.1770E-09 2.3562E-09 2.5418E-09 2.7330E-09 2.9286E-09 3.1276E-09 3.3290E-09 3.5315E-09 3.7337E-09 3.9342E-09 4.1316E-09 4.3243E-09 4.5108E-09 4.6895E-09 4.8589E-09 5.0175E-09 5.1639E-09 5.2967E-09 5.4149E-09 5.5172E-09 5.6028E-09 5.6708E-09 5.7208E-09 5.7523E-09 5.7651E-09 5.7592E-09 5.7349E-09 5.6924E-09 5.6322E-09 5.5552E-09 5.4621E-09 5.3539E-09 5.2318E-09 5.0970E-09 4.9507E-09 4.7944E-09 4.6295E-09 4.4574E-09
2.5762E-10 2.9762E-10 3.4054E-10 3.8847E-10 4.4178E-10 5.0086E-10 5.6607E-10 6.3778E-10 7.1631E-10 8.0198E-10 9.1046E-10 1.0206E-09 1.1394E-09 1.2666E-09 1.4024E-09 1.5465E-09 1.6964E-09 1.8547E-09 2.0245E-09 2.1992E-09 2.3811E-09 2.5696E-09 2.7637E-09 2.9626E-09 3.1700E-09 3.3753E-09 3.5814E-09 3.7873E-09 3.9849E-09 4.1853E-09 4.3808E-09 4.5698E-09 4.7508E-09 4.9222E-09 5.0824E-09 5.2299E-09 5.3636E-09 5.4820E-09 5.5841E-09 5.6689E-09 5.7357E-09 5.7839E-09 5.8131E-09 5.8230E-09 5.8138E-09 5.7856E-09 5.7390E-09 5.6744E-09 5.5926E-09 5.4944E-09 5.3811E-09 5.2538E-09 5.1136E-09 4.9621E-09 4.8008E-09 4.6310E-09 4.4540E-09
2.5168E-10 2.9649E-10 3.3941E-10 3.8735E-10 4.4070E-10 4.9984E-10 5.6515E-10 6.3698E-10 7.1568E-10 8.0945E-10 9.1206E-10 1.0299E-09 1.1443E-09 1.2736E-09 1.4115E-09 1.5580E-09 1.7129E-09 1.8738E-09 2.0431E-09 2.2204E-09 2.4050E-09 2.6007E-09 2.7984E-09 3.0060E-09 3.2129E-09 3.4164E-09 3.6267E-09 3.8362E-09 4.0437E-09 4.2477E-09 4.4467E-09 4.6389E-09 4.8125E-09 4.9859E-09 5.1479E-09 5.2968E-09 5.4313E-09 5.5501E-09 5.6520E-09 5.7362E-09 5.8019E-09 5.8483E-09 5.8753E-09 5.8825E-09 5.8701E-09 5.8382E-09 5.7873E-09 5.7181E-09 5.6315E-09 5.5284E-09 5.4098E-09 5.2771E-09 5.1321E-09 4.9756E-09 4.8090E-09 4.6338E-09 4.4517E-09
2.4611E-10 2.9233E-10 3.3778E-10 3.8566E-10 4.3897E-10 4.9808E-10 5.6339E-10 6.3524E-10 7.1399E-10 8.1622E-10 9.1998E-10 1.0327E-09 1.1542E-09 1.2846E-09 1.4238E-09 1.5717E-09 1.7259E-09 1.8889E-09 2.0606E-09 2.2448E-09 2.4374E-09 2.6328E-09 2.8395E-09 3.0409E-09 3.2514E-09 3.4645E-09 3.6789E-09 3.8930E-09 4.1053E-09 4.3136E-09 4.5057E-09 4.7009E-09 4.8875E-09 5.0636E-09 5.2278E-09 5.3785E-09 5.5142E-09 5.6191E-09 5.7210E-09 5.8047E-09 5.8693E-09 5.9141E-09 5.9389E-09 5.9434E-09 5.9278E-09 5.8922E-09 5.8373E-09 5.7636E-09 5.6721E-09 5.5640E-09 5.4409E-09 5.3033E-09 5.1527E-09 4.9905E-09 4.8184E-09 4.6379E-09 4.4505E-09
2.3613E-10 2.8444E-10 3.3303E-10 3.8338E-10 4.3656E-10 4.9556E-10 5.6075E-10 6.3252E-10 7.1934E-10 8.1509E-10 9.2005E-10 1.0342E-09 1.1575E-09 1.2899E-09 1.4312E-09 1.5815E-09 1.7377E-09 1.9071E-09 2.0863E-09 2.2718E-09 2.4670E-09 2.6664E-09 2.8720E-09 3.0829E-09 3.2978E-09 3.5154E-09 3.7343E-09 3.9427E-09 4.1588E-09 4.3713E-09 4.5784E-09 4.7776E-09 4.9675E-09 5.1466E-09 5.2979E-09 5.4503E-09 5.5872E-09 5.7073E-09 5.8093E-09 5.8924E-09 5.9557E-09 5.9811E-09 6.0038E-09 6.0056E-09 5.9868E-09 5.9477E-09 5.9068E-09 5.8282E-09 5.7157E-09 5.6030E-09 5.4743E-09 5.3310E-09 5.1748E-09 5.0069E-09 4.8291E-09 4.6431E-09 4.4504E-09
2.3533E-10 2.7386E-10 3.2660E-10 3.7789E-10 4.3344E-10 4.9223E-10 5.5721E-10 6.2876E-10 7.1616E-10 8.2080E-10 9.2667E-10 1.0416E-09 1.1658E-09 1.2991E-09 1.4417E-09 1.5902E-09 1.7528E-09 1.9307E-09 2.1093E-09 2.2967E-09 2.4977E-09 2.7013E-09 2.9046E-09 3.1194E-09 3.3384E-09 3.5602E-09 3.7833E-09 4.0061E-09 4.2269E-09 4.4439E-09 4.6553E-09 4.8434E-09 5.0375E-09 5.2196E-09 5.3886E-09 5.5430E-09 5.6813E-09 5.8021E-09 5.8847E-09 5.9675E-09 6.0298E-09 6.0712E-09 6.0912E-09 6.0897E-09 6.0872E-09 6.0277E-09 5.9658E-09 5.8828E-09 5.7810E-09 5.6617E-09 5.5262E-09 5.3758E-09 5.1982E-09 5.0245E-09 4.8411E-09 4.6495E-09 4.4514E-09
2.3415E-10 2.6997E-10 3.1529E-10 3.7062E-10 4.2703E-10 4.8807E-10 5.5273E-10 6.3217E-10 7.2050E-10 8.1812E-10 9.2515E-10 1.0416E-09 1.1674E-09 1.3027E-09 1.4516E-09 1.6072E-09 1.7740E-09 1.9461E-09 2.1332E-09 2.3246E-09 2.5245E-09 2.7320E-09 2.9463E-09 3.1661E-09 3.3903E-09 3.6174E-09 3.8332E-09 4.0605E-09 4.2857E-09 4.5070E-09 4.7224E-09 4.9301E-09 5.1280E-09 5.3143E-09 5.4871E-09 5.6437E-09 5.7623E-09 5.8840E-09 5.9863E-09 6.0683E-09 6.1290E-09 6.1680E-09 6.2075E-09 6.1851E-09 6.1620E-09 6.1172E-09 6.0488E-09 5.9593E-09 5.8506E-09 5.7241E-09 5.5661E-09 5.4098E-09 5.2402E-09 5.0592E-09 4.8683E-09 4.6696E-09 4.4647E-09
2.3244E-10 2.6809E-10 3.1059E-10 3.6063E-10 4.1873E-10 4.8053E-10 5.4729E-10 6.2687E-10 7.2421E-10 8.2261E-10 9.3026E-10 1.0473E-09 1.1677E-09 1.3093E-09 1.4670E-09 1.6215E-09 1.7916E-09 1.9673E-09 2.1529E-09 2.3479E-09 2.5517E-09 2.7634E-09 2.9821E-09 3.2066E-09 3.4356E-09 3.6677E-09 3.9011E-09 4.1341E-09 4.3649E-09 4.5914E-09 4.7919E-09 5.0036E-09 5.2052E-09 5.3947E-09 5.5703E-09 5.7301E-09 5.8724E-09 5.9948E-09 6.0968E-09 6.1775E-09 6.2376E-09 6.2787E-09 6.2967E-09 6.2916E-09 6.2634E-09 6.2128E-09 6.1370E-09 6.0224E-09 5.9080E-09 5.7755E-09 5.6263E-09 5.4621E-09 5.2846E-09 5.0957E-09 4.8855E-09 4.6808E-09 4.4701E-09
2.3022E-10 2.6561E-10 3.0534E-10 3.5248E-10 4.0985E-10 4.7098E-10 5.3629E-10 6.2622E-10 7.1882E-10 8.1819E-10 9.2713E-10 1.0456E-09 1.1828E-09 1.3280E-09 1.4791E-09 1.6367E-09 1.8049E-09 1.9895E-09 2.1795E-09 2.3793E-09 2.5883E-09 2.8056E-09 3.0302E-09 3.2486E-09 3.4828E-09 3.7202E-09 3.9589E-09 4.1973E-09 4.4333E-09 4.6649E-09 4.8901E-09 5.1066E-09 5.3124E-09 5.5054E-09 5.6836E-09 5.8191E-09 5.9631E-09 6.0877E-09 6.1927E-09 6.3025E-09 6.3649E-09 6.4025E-09 6.4161E-09 6.4057E-09 6.3501E-09 6.2943E-09 6.2129E-09 6.1103E-09 5.9879E-09 5.8471E-09 5.6895E-09 5.5027E-09 5.3187E-09 5.1232E-09 4.9182E-09 4.7057E-09 4.4875E-09
2.2611E-10 2.6254E-10 3.0192E-10 3.4607E-10 3.9809E-10 4.6071E-10 5.2732E-10 6.2598E-10 7.1826E-10 8.2076E-10 9.2216E-10 1.0514E-09 1.1890E-09 1.3379E-09 1.4869E-09 1.6471E-09 1.8249E-09 2.0152E-09 2.2103E-09 2.4158E-09 2.6203E-09 2.8428E-09 3.0728E-09 3.3092E-09 3.5504E-09 3.7949E-09 4.0406E-09 4.2640E-09 4.5057E-09 4.7427E-09 4.9730E-09 5.1942E-09 5.4043E-09 5.6010E-09 5.7822E-09 5.9468E-09 6.0931E-09 6.2188E-09 6.3548E-09 6.4121E-09 6.4743E-09 6.5099E-09 6.5206E-09 6.5064E-09 6.4678E-09 6.4035E-09 6.3140E-09 6.2029E-09 6.0716E-09 5.9069E-09 5.7424E-09 5.5626E-09 5.3696E-09 5.1654E-09 4.9519E-09 4.7313E-09 4.4972E-09
2.2299E-10 2.5739E-10 2.9783E-10 3.4150E-10 3.9030E-10 4.4738E-10 5.2396E-10 6.1703E-10 7.0954E-10 8.1185E-10 9.3877E-10 1.0624E-09 1.2026E-09 1.3429E-09 1.5007E-09 1.6718E-09 1.8489E-09 2.0376E-09 2.2376E-09 2.4484E-09 2.6692E-09 2.8992E-09 3.1370E-09 3.3814E-09 3.6306E-09 3.8602E-09 4.1126E-09 4.4204E-09 4.6647E-09 4.9035E-09 5.1346E-09 5.3195E-09 5.5020E-09 5.7037E-09 5.8895E-09 6.0574E-09 6.2054E-09 6.3688E-09 6.4786E-09 6.5632E-09 6.6207E-09 6.6521E-09 6.6577E-09 6.6125E-09 6.5689E-09 6.4978E-09 6.4018E-09 6.2838E-09 6.1453E-09 5.9880E-09 5.8136E-09 5.6242E-09 5.4218E-09 5.1986E-09 4.9780E-09 4.7504E-09 4.5179E-09
2.1784E-10 2.5330E-10 2.9308E-10 3.3617E-10 3.8434E-10 4.4050E-10 5.1181E-10 6.1401E-10 6.9764E-10 8.1639E-10 9.3760E-10 1.0669E-09 1.2050E-09 1.3604E-09 1.5174E-09 1.6868E-09 1.8685E-09 2.0623E-09 2.2677E-09 2.4845E-09 2.7118E-09 2.9486E-09 3.1937E-09 3.4456E-09 3.7026E-09 4.0562E-09 4.3125E-09 4.5665E-09 4.8163E-09 5.0242E-09 5.2591E-09 5.4846E-09 5.6977E-09 5.8569E-09 6.0449E-09 6.2136E-09 6.3665E-09 6.5420E-09 6.6467E-09 6.7254E-09 6.7756E-09 6.7994E-09 6.7969E-09 6.7683E-09 6.7140E-09 6.6202E-09 6.5142E-09 6.3860E-09 6.2223E-09 6.0571E-09 5.8747E-09 5.6773E-09 5.4668E-09 5.2455E-09 5.0155E-09 4.7791E-09 4.5383E-09
2.1388E-10 2.4866E-10 2.8628E-10 3.3011E-10 3.7754E-10 4.3843E-10 5.1037E-10 6.0177E-10 7.1043E-10 8.2160E-10 9.4009E-10 1.0758E-09 1.2187E-09 1.3691E-09 1.5297E-09 1.7032E-09 1.8898E-09 2.0892E-09 2.3011E-09 2.5249E-09 2.7595E-09 3.0041E-09 3.2574E-09 3.6621E-09 3.9243E-09 4.1877E-09 4.4501E-09 4.8095E-09 5.0643E-09 5.3110E-09 5.5470E-09 5.7703E-09 5.9788E-09 6.1824E-09 6.3968E-09 6.5514E-09 6.6560E-09 6.7767E-09 6.8697E-09 6.9357E-09 6.9417E-09 6.9564E-09 6.9444E-09 6.8962E-09 6.8338E-09 6.7416E-09 6.6154E-09 6.4787E-09 6.3212E-09 6.1448E-09 5.9514E-09 5.7431E-09 5.5135E-09 5.2839E-09 5.0460E-09 4.8019E-09 4.5539E-09
2.0795E-10 2.4203E-10 2.8041E-10 3.2190E-10 3.6993E-10 4.3036E-10 4.9942E-10 6.0407E-10 7.0504E-10 8.1583E-10 9.4784E-10 1.0835E-09 1.2235E-09 1.3765E-09 1.5410E-09 1.7220E-09 1.9140E-09 2.1196E-09 2.3384E-09 2.6415E-09 2.8931E-09 3.3617E-09 3.6335E-09 3.9323E-09 4.3118E-09 4.5954E-09 4.8748E-09 5.1460E-09 5.4003E-09 5.7182E-09 5.9289E-09 6.1386E-09 6.3313E-09 6.5056E-09 6.6664E-09 6.8089E-09 6.9344E-09 6.9997E-09 7.0818E-09 7.1355E-09 7.1611E-09 7.1498E-09 7.1244E-09 7.0724E-09 6.9824E-09 6.8588E-09 6.7335E-09 6.5750E-09 6.4090E-09 6.2230E-09 6.0201E-09 5.8025E-09 5.5724E-09 5.3323E-09 5.0844E-09 4.8310E-09 4.5699E-09
2.0320E-10 2.3492E-10 2.7246E-10 3.1459E-10 3.6007E-10 4.2999E-10 4.9961E-10 6.0468E-10 7.0781E-10 8.4427E-10 9.7364E-10 1.1107E-09 1.2597E-09 1.4234E-09 1.6002E-09 1.8538E-09 2.0738E-09 2.3067E-09 2.5544E-09 3.0896E-09 3.3737E-09 3.6636E-09 4.1113E-09 4.4155E-09 4.7157E-09 5.0088E-09 5.2926E-09 5.5641E-09 5.8128E-09 6.0464E-09 6.2636E-09 6.4631E-09 6.6440E-09 6.7942E-09 6.9469E-09 7.0793E-09 7.1933E-09 7.2811E-09 7.3420E-09 7.3442E-09 7.3579E-09 7.3443E-09 7.2934E-09 7.2294E-09 7.1367E-09 7.0064E-09 6.8665E-09 6.7045E-09 6.5114E-09 6.3032E-09 6.0909E-09 5.8635E-09 5.6238E-09 5.3744E-09 5.1177E-09 4.8560E-09 4.5915E-09
1.9655E-10 2.2901E-10 2.6557E-10 3.0663E-10 3.5887E-10 4.1916E-10 5.0462E-10 6.1829E-10 7.4650E-10 8.7142E-10 1.0118E-09 1.2028E-09 1.3752E-09 1.5655E-09 1.7742E-09 2.0011E-09 2.2458E-09 2.8411E-09 3.1436E-09 3.4526E-09 3.7676E-09 4.1437E-09 4.4699E-09 4.7933E-09 5.1084E-09 5.4120E-09 5.7019E-09 5.9758E-09 6.2210E-09 6.4475E-09 6.6545E-09 6.8412E-09 7.0072E-09 7.1536E-09 7.2887E-09 7.3935E-09 7.4908E-09 7.5604E-09 7.6034E-09 7.6177E-09 7.5742E-09 7.5457E-09 7.4904E-09 7.3981E-09 7.2902E-09 7.1570E-09 6.9902E-09 6.8157E-09 6.6212E-09 6.3980E-09 6.1726E-09 5.9332E-09 5.6821E-09 5.4169E-09 5.1511E-09 4.8808E-09 4.6084E-09
1.9110E-10 2.2111E-10 2.5672E-10 2.9669E-10 3.5745E-10 4.4594E-10 5.4357E-10 6.7756E-10 7.9700E-10 9.2302E-10 1.0808E-09 1.2463E-09 1.4313E-09 1.6365E-09 1.8620E-09 2.4882E-09 2.7929E-09 3.1153E-09 3.4500E-09 3.8723E-09 4.2252E-09 4.5738E-09 4.9253E-09 5.2702E-09 5.6014E-09 5.9155E-09 6.2099E-09 6.5029E-09 6.7388E-09 6.9360E-09 7.1274E-09 7.2954E-09 7.4403E-09 7.5673E-09 7.6795E-09 7.7728E-09 7.8318E-09 7.8774E-09 7.8967E-09 7.8885E-09 7.8555E-09 7.7651E-09 7.6917E-09 7.5924E-09 7.4534E-09 7.3049E-09 7.1338E-09 6.9315E-09 6.7236E-09 6.4983E-09 6.2475E-09 5.9968E-09 5.7351E-09 5.4648E-09 5.1840E-09 4.9050E-09 4.6244E-09
1.8382E-10 2.1445E-10 2.4896E-10 2.9319E-10 3.6475E-10 4.6192E-10 5.6188E-10 6.9123E-10 8.2016E-10 9.6663E-10 1.1225E-09 1.3014E-09 1.4995E-09 1.7250E-09 2.4267E-09 2.7512E-09 3.0982E-09 3.4615E-09 3.9493E-09 4.3391E-09 4.7307E-09 5.1141E-09 5.4978E-09 5.8672E-09 6.2156E-09 6.5394E-09 6.8763E-09 7.1405E-09 7.3633E-09 7.5551E-09 7.7187E-09 7.8561E-09 7.9548E-09 8.0550E-09 8.1360E-09 8.1994E-09 8.2376E-09 8.2362E-09 8.2256E-09 8.1894E-09 8.1296E-09 8.0466E-09 7.9081E-09 7.7875E-09 7.6403E-09 7.4603E-09 7.2726E-09 7.0649E-09 6.8290E-09 6.5898E-09 6.3361E-09 6.0606E-09 5.7877E-09 5.5069E-09 5.2153E-09 4.9276E-09 4.6391E-09
1.7622E-10 2.0589E-10 2.3934E-10 3.0456E-10 3.8930E-10 4.8563E-10 5.8475E-10 7.1090E-10 8.4772E-10 1.0078E-09 1.1770E-09 1.3694E-09 1.5889E-09 2.2565E-09 2.6783E-09 3.0823E-09 3.4785E-09 4.0414E-09 4.4827E-09 4.9248E-09 5.3643E-09 5.7896E-09 6.2071E-09 6.6039E-09 7.0513E-09 7.3812E-09 7.6719E-09 7.9231E-09 8.1250E-09 8.2880E-09 8.4173E-09 8.5155E-09 8.5854E-09 8.6429E-09 8.6668E-09 8.6896E-09 8.6860E-09 8.6575E-09 8.6053E-09 8.5220E-09 8.4300E-09 8.3166E-09 8.1823E-09 7.9949E-09 7.8262E-09 7.6362E-09 7.4168E-09 7.1915E-09 6.9491E-09 6.6824E-09 6.4147E-09 6.1358E-09 5.8392E-09 5.5476E-09 5.2514E-09 4.9482E-09 4.6515E-09
