Assets/Resources/2015_m01_d10_1400(utc+0800)_l00_csi_1hr_conc.grd
DSAA
         159         159
     -79.000      79.000
     -79.000      79.000
  0.5428E-09  0.1728E-05
[rows 25 to 49 of 159, columns 0 to 56 of 159]
7.7455E-10 7.9011E-10 8.0531E-10 8.2083E-10 8.3589E-10 8.5129E-10 8.6699E-10 8.8274E-10 8.9900E-10 9.1543E-10 9.3204E-10 9.4920E-10 9.6654E-10 9.8405E-10 1.0021E-09 1.0204E-09 1.0390E-09 1.0580E-09 1.0773E-09 1.0971E-09 1.1170E-09 1.1374E-09 1.1583E-09 1.1796E-09 1.2012E-09 1.2232E-09 1.2454E-09 1.2682E-09 1.2914E-09 1.3147E-09 1.3389E-09 1.3635E-09 1.3881E-09 1.4143E-09 1.4401E-09 1.4666E-09 1.4938E-09 1.5209E-09 1.5485E-09 1.5768E-09 1.6052E-09 1.6339E-09 1.6635E-09 1.6927E-09 1.7245E-09 1.7565E-09 1.7870E-09 1.8198E-09 1.8522E-09 1.8843E-09 1.9187E-09 1.9522E-09 1.9868E-09 2.0227E-09 2.0568E-09 2.0936E-09 2.1308E-09
7.8521E-10 8.0065E-10 8.1616E-10 8.3162E-10 8.4692E-10 8.6251E-10 8.7851E-10 8.9466E-10 9.1101E-10 9.2788E-10 9.4495E-10 9.6220E-10 9.8001E-10 9.9800E-10 1.0163E-09 1.0350E-09 1.0540E-09 1.0734E-09 1.0933E-09 1.1133E-09 1.1340E-09 1.1548E-09 1.1761E-09 1.1979E-09 1.2198E-09 1.2424E-09 1.2651E-09 1.2885E-09 1.3122E-09 1.3363E-09 1.3607E-09 1.3859E-09 1.4116E-09 1.4380E-09 1.4650E-09 1.4919E-09 1.5194E-09 1.5476E-09 1.5758E-09 1.6045E-09 1.6339E-09 1.6634E-09 1.6933E-09 1.7254E-09 1.7560E-09 1.7889E-09 1.8221E-09 1.8538E-09 1.8874E-09 1.9223E-09 1.9555E-09 1.9914E-09 2.0278E-09 2.0625E-09 2.0999E-09 2.1364E-09 2.1739E-09
7.9575E-10 8.1107E-10 8.2695E-10 8.4222E-10 8.5791E-10 8.7392E-10 8.8998E-10 9.0658E-10 9.2334E-10 9.4031E-10 9.5784E-10 9.7556E-10 9.9347E-10 1.0119E-09 1.0307E-09 1.0498E-09 1.0693E-09 1.0889E-09 1.1094E-09 1.1298E-09 1.1509E-09 1.1722E-09 1.1939E-09 1.2162E-09 1.2386E-09 1.2616E-09 1.2851E-09 1.3088E-09 1.3331E-09 1.3579E-09 1.3832E-09 1.4090E-09 1.4355E-09 1.4621E-09 1.4899E-09 1.5176E-09 1.5462E-09 1.5745E-09 1.6035E-09 1.6334E-09 1.6630E-09 1.6932E-09 1.7254E-09 1.7567E-09 1.7898E-09 1.8225E-09 1.8557E-09 1.8897E-09 1.9236E-09 1.9587E-09 1.9951E-09 2.0306E-09 2.0672E-09 2.1051E-09 2.1414E-09 2.1804E-09 2.2198E-09
8.0602E-10 8.2180E-10 8.3754E-10 8.5312E-10 8.6900E-10 8.8531E-10 9.0178E-10 9.1857E-10 9.3567E-10 9.5310E-10 9.7071E-10 9.8890E-10 1.0073E-09 1.0262E-09 1.0452E-09 1.0645E-09 1.0846E-09 1.1048E-09 1.1255E-09 1.1465E-09 1.1678E-09 1.1897E-09 1.2120E-09 1.2347E-09 1.2578E-09 1.2811E-09 1.3053E-09 1.3296E-09 1.3543E-09 1.3799E-09 1.4054E-09 1.4319E-09 1.4596E-09 1.4869E-09 1.5153E-09 1.5437E-09 1.5723E-09 1.6019E-09 1.6316E-09 1.6615E-09 1.6926E-09 1.7233E-09 1.7563E-09 1.7901E-09 1.8222E-09 1.8567E-09 1.8911E-09 1.9246E-09 1.9609E-09 1.9974E-09 2.0330E-09 2.0709E-09 2.1080E-09 2.1462E-09 2.1858E-09 2.2245E-09 2.2643E-09
8.1665E-10 8.3235E-10 8.4800E-10 8.6398E-10 8.8028E-10 8.9665E-10 9.1356E-10 9.3066E-10 9.4796E-10 9.6585E-10 9.8394E-10 1.0023E-09 1.0211E-09 1.0402E-09 1.0598E-09 1.0798E-09 1.1001E-09 1.1208E-09 1.1417E-09 1.1633E-09 1.1851E-09 1.2073E-09 1.2302E-09 1.2532E-09 1.2770E-09 1.3009E-09 1.3254E-09 1.3505E-09 1.3758E-09 1.4019E-09 1.4287E-09 1.4557E-09 1.4839E-09 1.5120E-09 1.5403E-09 1.5699E-09 1.5992E-09 1.6290E-09 1.6599E-09 1.6907E-09 1.7220E-09 1.7555E-09 1.7876E-09 1.8220E-09 1.8568E-09 1.8902E-09 1.9256E-09 1.9623E-09 1.9981E-09 2.0352E-09 2.0736E-09 2.1104E-09 2.1499E-09 2.1900E-09 2.2286E-09 2.2698E-09 2.3102E-09
8.2692E-10 8.4292E-10 8.5877E-10 8.7493E-10 8.9140E-10 9.0831E-10 9.2541E-10 9.4284E-10 9.6060E-10 9.7857E-10 9.9713E-10 1.0159E-09 1.0352E-09 1.0547E-09 1.0745E-09 1.0948E-09 1.1156E-09 1.1367E-09 1.1582E-09 1.1801E-09 1.2025E-09 1.2253E-09 1.2486E-09 1.2722E-09 1.2962E-09 1.3211E-09 1.3459E-09 1.3715E-09 1.3979E-09 1.4239E-09 1.4520E-09 1.4797E-09 1.5078E-09 1.5371E-09 1.5663E-09 1.5958E-09 1.6265E-09 1.6570E-09 1.6882E-09 1.7200E-09 1.7519E-09 1.7861E-09 1.8209E-09 1.8542E-09 1.8899E-09 1.9256E-09 1.9613E-09 1.9981E-09 2.0364E-09 2.0739E-09 2.1125E-09 2.1526E-09 2.1918E-09 2.2323E-09 2.2741E-09 2.3144E-09 2.3559E-09
8.3732E-10 8.5323E-10 8.6948E-10 8.8606E-10 9.0272E-10 9.1993E-10 9.3734E-10 9.5497E-10 9.7320E-10 9.9164E-10 1.0104E-09 1.0295E-09 1.0491E-09 1.0691E-09 1.0894E-09 1.1102E-09 1.1313E-09 1.1527E-09 1.1748E-09 1.1971E-09 1.2200E-09 1.2433E-09 1.2669E-09 1.2914E-09 1.3160E-09 1.3410E-09 1.3669E-09 1.3927E-09 1.4197E-09 1.4470E-09 1.4748E-09 1.5039E-09 1.5327E-09 1.5620E-09 1.5924E-09 1.6226E-09 1.6536E-09 1.6852E-09 1.7169E-09 1.7495E-09 1.7839E-09 1.8182E-09 1.8527E-09 1.8887E-09 1.9244E-09 1.9600E-09 1.9980E-09 2.0363E-09 2.0738E-09 2.1137E-09 2.1538E-09 2.1931E-09 2.2349E-09 2.2758E-09 2.3181E-09 2.3603E-09 2.4032E-09
8.4774E-10 8.6372E-10 8.8027E-10 8.9702E-10 9.1421E-10 9.3150E-10 9.4936E-10 9.6745E-10 9.8575E-10 1.0047E-09 1.0238E-09 1.0434E-09 1.0633E-09 1.0836E-09 1.1043E-09 1.1255E-09 1.1471E-09 1.1690E-09 1.1914E-09 1.2143E-09 1.2377E-09 1.2616E-09 1.2859E-09 1.3103E-09 1.3358E-09 1.3613E-09 1.3878E-09 1.4146E-09 1.4413E-09 1.4696E-09 1.4986E-09 1.5276E-09 1.5576E-09 1.5876E-09 1.6183E-09 1.6496E-09 1.6811E-09 1.7135E-09 1.7461E-09 1.7802E-09 1.8145E-09 1.8502E-09 1.8863E-09 1.9216E-09 1.9586E-09 1.9966E-09 2.0346E-09 2.0734E-09 2.1134E-09 2.1525E-09 2.1941E-09 2.2360E-09 2.2771E-09 2.3206E-09 2.3634E-09 2.4062E-09 2.4501E-09
8.5789E-10 8.7439E-10 8.9123E-10 9.0817E-10 9.2554E-10 9.4337E-10 9.6132E-10 9.7986E-10 9.9863E-10 1.0178E-09 1.0373E-09 1.0571E-09 1.0775E-09 1.0983E-09 1.1193E-09 1.1411E-09 1.1629E-09 1.1855E-09 1.2083E-09 1.2315E-09 1.2557E-09 1.2797E-09 1.3047E-09 1.3299E-09 1.3557E-09 1.3820E-09 1.4085E-09 1.4361E-09 1.4642E-09 1.4928E-09 1.5226E-09 1.5521E-09 1.5824E-09 1.6135E-09 1.6446E-09 1.6768E-09 1.7090E-09 1.7418E-09 1.7755E-09 1.8108E-09 1.8468E-09 1.8819E-09 1.9191E-09 1.9563E-09 1.9936E-09 2.0321E-09 2.0721E-09 2.1114E-09 2.1520E-09 2.1940E-09 2.2353E-09 2.2779E-09 2.3219E-09 2.3652E-09 2.4084E-09 2.4532E-09 2.4978E-09
8.6821E-10 8.8501E-10 9.0202E-10 9.1948E-10 9.3706E-10 9.5520E-10 9.7360E-10 9.9223E-10 1.0115E-09 1.0309E-09 1.0508E-09 1.0711E-09 1.0918E-09 1.1130E-09 1.1346E-09 1.1566E-09 1.1790E-09 1.2019E-09 1.2253E-09 1.2491E-09 1.2735E-09 1.2984E-09 1.3234E-09 1.3495E-09 1.3756E-09 1.4027E-09 1.4302E-09 1.4577E-09 1.4865E-09 1.5163E-09 1.5462E-09 1.5769E-09 1.6077E-09 1.6394E-09 1.6714E-09 1.7038E-09 1.7373E-09 1.7707E-09 1.8064E-09 1.8412E-09 1.8780E-09 1.9156E-09 1.9517E-09 1.9899E-09 2.0296E-09 2.0685E-09 2.1087E-09 2.1504E-09 2.1914E-09 2.2337E-09 2.2775E-09 2.3206E-09 2.3651E-09 2.4096E-09 2.4549E-09 2.4999E-09 2.5465E-09
8.7859E-10 8.9567E-10 9.1298E-10 9.3062E-10 9.4874E-10 9.6697E-10 9.8582E-10 1.0049E-09 1.0242E-09 1.0442E-09 1.0645E-09 1.0852E-09 1.1064E-09 1.1278E-09 1.1499E-09 1.1722E-09 1.1951E-09 1.2185E-09 1.2422E-09 1.2669E-09 1.2914E-09 1.3170E-09 1.3427E-09 1.3691E-09 1.3961E-09 1.4232E-09 1.4515E-09 1.4802E-09 1.5097E-09 1.5394E-09 1.5703E-09 1.6014E-09 1.6333E-09 1.6654E-09 1.6985E-09 1.7315E-09 1.7651E-09 1.7999E-09 1.8362E-09 1.8732E-09 1.9094E-09 1.9477E-09 1.9861E-09 2.0253E-09 2.0645E-09 2.1058E-09 2.1471E-09 2.1884E-09 2.2319E-09 2.2757E-09 2.3188E-09 2.3645E-09 2.4095E-09 2.4546E-09 2.5009E-09 2.5481E-09 2.5954E-09
8.8900E-10 9.0638E-10 9.2398E-10 9.4194E-10 9.6024E-10 9.7891E-10 9.9798E-10 1.0175E-09 1.0373E-09 1.0575E-09 1.0781E-09 1.0992E-09 1.1208E-09 1.1428E-09 1.1651E-09 1.1881E-09 1.2114E-09 1.2353E-09 1.2596E-09 1.2843E-09 1.3099E-09 1.3354E-09 1.3621E-09 1.3887E-09 1.4165E-09 1.4446E-09 1.4728E-09 1.5023E-09 1.5327E-09 1.5633E-09 1.5948E-09 1.6263E-09 1.6591E-09 1.6918E-09 1.7250E-09 1.7594E-09 1.7938E-09 1.8304E-09 1.8663E-09 1.9041E-09 1.9428E-09 1.9808E-09 2.0194E-09 2.0603E-09 2.1015E-09 2.1420E-09 2.1851E-09 2.2286E-09 2.2713E-09 2.3166E-09 2.3623E-09 2.4074E-09 2.4535E-09 2.5006E-09 2.5476E-09 2.5960E-09 2.6452E-09
8.9947E-10 9.1701E-10 9.3503E-10 9.5329E-10 9.7192E-10 9.9093E-10 1.0104E-09 1.0301E-09 1.0504E-09 1.0709E-09 1.0919E-09 1.1134E-09 1.1354E-09 1.1578E-09 1.1806E-09 1.2037E-09 1.2278E-09 1.2520E-09 1.2769E-09 1.3021E-09 1.3280E-09 1.3544E-09 1.3812E-09 1.4087E-09 1.4366E-09 1.4656E-09 1.4947E-09 1.5251E-09 1.5555E-09 1.5871E-09 1.6189E-09 1.6516E-09 1.6845E-09 1.7185E-09 1.7523E-09 1.7869E-09 1.8226E-09 1.8599E-09 1.8979E-09 1.9358E-09 1.9746E-09 2.0141E-09 2.0548E-09 2.0948E-09 2.1374E-09 2.1804E-09 2.2235E-09 2.2676E-09 2.3129E-09 2.3583E-09 2.4048E-09 2.4514E-09 2.4989E-09 2.5463E-09 2.5952E-09 2.6452E-09 2.6949E-09
9.1009E-10 9.2782E-10 9.4614E-10 9.6470E-10 9.8364E-10 1.0030E-09 1.0227E-09 1.0429E-09 1.0635E-09 1.0844E-09 1.1058E-09 1.1277E-09 1.1500E-09 1.1728E-09 1.1960E-09 1.2199E-09 1.2441E-09 1.2690E-09 1.2942E-09 1.3202E-09 1.3463E-09 1.3735E-09 1.4007E-09 1.4289E-09 1.4573E-09 1.4864E-09 1.5167E-09 1.5477E-09 1.5791E-09 1.6106E-09 1.6436E-09 1.6765E-09 1.7106E-09 1.7446E-09 1.7799E-09 1.8152E-09 1.8522E-09 1.8896E-09 1.9284E-09 1.9682E-09 2.0072E-09 2.0470E-09 2.0890E-09 2.1315E-09 2.1740E-09 2.2177E-09 2.2625E-09 2.3074E-09 2.3534E-09 2.4010E-09 2.4480E-09 2.4952E-09 2.5438E-09 2.5932E-09 2.6429E-09 2.6940E-09 2.7450E-09
9.2051E-10 9.3876E-10 9.5715E-10 9.7615E-10 9.9542E-10 1.0151E-09 1.0351E-09 1.0557E-09 1.0766E-09 1.0979E-09 1.1196E-09 1.1419E-09 1.1648E-09 1.1879E-09 1.2116E-09 1.2359E-09 1.2606E-09 1.2859E-09 1.3117E-09 1.3379E-09 1.3650E-09 1.3922E-09 1.4204E-09 1.4488E-09 1.4784E-09 1.5080E-09 1.5390E-09 1.5702E-09 1.6025E-09 1.6350E-09 1.6679E-09 1.7021E-09 1.7367E-09 1.7715E-09 1.8070E-09 1.8436E-09 1.8818E-09 1.9207E-09 1.9597E-09 1.9995E-09 2.0401E-09 2.0820E-09 2.1239E-09 2.1669E-09 2.2112E-09 2.2556E-09 2.3010E-09 2.3478E-09 2.3946E-09 2.4426E-09 2.4908E-09 2.5399E-09 2.5891E-09 2.6399E-09 2.6914E-09 2.7431E-09 2.7957E-09
9.3109E-10 9.4951E-10 9.6844E-10 9.8751E-10 1.0072E-09 1.0272E-09 1.0476E-09 1.0684E-09 1.0898E-09 1.1115E-09 1.1337E-09 1.1563E-09 1.1796E-09 1.2032E-09 1.2273E-09 1.2519E-09 1.2771E-09 1.3030E-09 1.3291E-09 1.3560E-09 1.3833E-09 1.4114E-09 1.4399E-09 1.4692E-09 1.4988E-09 1.5297E-09 1.5610E-09 1.5934E-09 1.6256E-09 1.6593E-09 1.6929E-09 1.7272E-09 1.7626E-09 1.7987E-09 1.8348E-09 1.8727E-09 1.9110E-09 1.9508E-09 1.9912E-09 2.0316E-09 2.0725E-09 2.1157E-09 2.1593E-09 2.2030E-09 2.2479E-09 2.2940E-09 2.3403E-09 2.3877E-09 2.4367E-09 2.4853E-09 2.5340E-09 2.5842E-09 2.6354E-09 2.6868E-09 2.7396E-09 2.7927E-09 2.8465E-09
9.4168E-10 9.6041E-10 9.7952E-10 9.9902E-10 1.0189E-09 1.0394E-09 1.0601E-09 1.0813E-09 1.1029E-09 1.1251E-09 1.1477E-09 1.1708E-09 1.1942E-09 1.2184E-09 1.2431E-09 1.2683E-09 1.2938E-09 1.3201E-09 1.3469E-09 1.3741E-09 1.4021E-09 1.4303E-09 1.4598E-09 1.4896E-09 1.5198E-09 1.5509E-09 1.5835E-09 1.6162E-09 1.6496E-09 1.6832E-09 1.7180E-09 1.7530E-09 1.7891E-09 1.8254E-09 1.8628E-09 1.9018E-09 1.9411E-09 1.9809E-09 2.0224E-09 2.0640E-09 2.1070E-09 2.1500E-09 2.1942E-09 2.2396E-09 2.2853E-09 2.3320E-09 2.3801E-09 2.4290E-09 2.4778E-09 2.5274E-09 2.5782E-09 2.6289E-09 2.6814E-09 2.7346E-09 2.7881E-09 2.8425E-09 2.8977E-09
9.5230E-10 9.7133E-10 9.9075E-10 1.0106E-09 1.0308E-09 1.0515E-09 1.0727E-09 1.0942E-09 1.1162E-09 1.1386E-09 1.1617E-09 1.1852E-09 1.2092E-09 1.2335E-09 1.2588E-09 1.2844E-09 1.3107E-09 1.3371E-09 1.3646E-09 1.3923E-09 1.4210E-09 1.4497E-09 1.4794E-09 1.5099E-09 1.5409E-09 1.5730E-09 1.6053E-09 1.6391E-09 1.6732E-09 1.7077E-09 1.7427E-09 1.7789E-09 1.8154E-09 1.8527E-09 1.8914E-09 1.9306E-09 1.9713E-09 2.0120E-09 2.0540E-09 2.0958E-09 2.1401E-09 2.1848E-09 2.2297E-09 2.2757E-09 2.3231E-09 2.3707E-09 2.4194E-09 2.4698E-09 2.5198E-09 2.5700E-09 2.6217E-09 2.6745E-09 2.7283E-09 2.7821E-09 2.8370E-09 2.8927E-09 2.9494E-09
9.6283E-10 9.8227E-10 1.0019E-09 1.0222E-09 1.0427E-09 1.0637E-09 1.0851E-09 1.1071E-09 1.1295E-09 1.1524E-09 1.1758E-09 1.1997E-09 1.2241E-09 1.2491E-09 1.2745E-09 1.3007E-09 1.3272E-09 1.3546E-09 1.3820E-09 1.4107E-09 1.4394E-09 1.4694E-09 1.4995E-09 1.5305E-09 1.5621E-09 1.5949E-09 1.6282E-09 1.6617E-09 1.6968E-09 1.7321E-09 1.7680E-09 1.8042E-09 1.8419E-09 1.8799E-09 1.9196E-09 1.9601E-09 2.0008E-09 2.0431E-09 2.0854E-09 2.1293E-09 2.1730E-09 2.2190E-09 2.2656E-09 2.3124E-09 2.3604E-09 2.4097E-09 2.4600E-09 2.5101E-09 2.5612E-09 2.6134E-09 2.6665E-09 2.7197E-09 2.7748E-09 2.8301E-09 2.8862E-09 2.9432E-09 3.0013E-09
9.7349E-10 9.9310E-10 1.0131E-09 1.0336E-09 1.0546E-09 1.0760E-09 1.0977E-09 1.1200E-09 1.1428E-09 1.1661E-09 1.1899E-09 1.2142E-09 1.2390E-09 1.2644E-09 1.2904E-09 1.3169E-09 1.3440E-09 1.3716E-09 1.4001E-09 1.4289E-09 1.4584E-09 1.4884E-09 1.5196E-09 1.5509E-09 1.5831E-09 1.6166E-09 1.6508E-09 1.6855E-09 1.7203E-09 1.7564E-09 1.7931E-09 1.8304E-09 1.8680E-09 1.9077E-09 1.9479E-09 1.9893E-09 2.0313E-09 2.0734E-09 2.1169E-09 2.1618E-09 2.2075E-09 2.2539E-09 2.3010E-09 2.3495E-09 2.3983E-09 2.4483E-09 2.5000E-09 2.5513E-09 2.6030E-09 2.6562E-09 2.7107E-09 2.7659E-09 2.8215E-09 2.8780E-09 2.9355E-09 2.9940E-09 3.0533E-09
9.8415E-10 1.0041E-09 1.0244E-09 1.0452E-09 1.0664E-09 1.0882E-09 1.1104E-09 1.1329E-09 1.1560E-09 1.1798E-09 1.2040E-09 1.2288E-09 1.2539E-09 1.2798E-09 1.3062E-09 1.3333E-09 1.3607E-09 1.3890E-09 1.4177E-09 1.4472E-09 1.4773E-09 1.5080E-09 1.5392E-09 1.5716E-09 1.6048E-09 1.6384E-09 1.6731E-09 1.7087E-09 1.7445E-09 1.7807E-09 1.8181E-09 1.8565E-09 1.8949E-09 1.9351E-09 1.9766E-09 2.0183E-09 2.0617E-09 2.1049E-09 2.1490E-09 2.1944E-09 2.2411E-09 2.2891E-09 2.3370E-09 2.3861E-09 2.4366E-09 2.4881E-09 2.5395E-09 2.5919E-09 2.6455E-09 2.7000E-09 2.7550E-09 2.8114E-09 2.8683E-09 2.9261E-09 2.9849E-09 3.0448E-09 3.1057E-09
9.9482E-10 1.0149E-09 1.0357E-09 1.0568E-09 1.0784E-09 1.1004E-09 1.1230E-09 1.1459E-09 1.1696E-09 1.1934E-09 1.2181E-09 1.2432E-09 1.2691E-09 1.2952E-09 1.3222E-09 1.3495E-09 1.3777E-09 1.4062E-09 1.4357E-09 1.4653E-09 1.4962E-09 1.5273E-09 1.5594E-09 1.5921E-09 1.6262E-09 1.6607E-09 1.6955E-09 1.7315E-09 1.7684E-09 1.8056E-09 1.8431E-09 1.8820E-09 1.9217E-09 1.9632E-09 2.0049E-09 2.0479E-09 2.0913E-09 2.1357E-09 2.1815E-09 2.2282E-09 2.2747E-09 2.3237E-09 2.3732E-09 2.4231E-09 2.4743E-09 2.5269E-09 2.5798E-09 2.6328E-09 2.6874E-09 2.7433E-09 2.8000E-09 2.8571E-09 2.9153E-09 2.9744E-09 3.0347E-09 3.0957E-09 3.1580E-09
1.0054E-09 1.0259E-09 1.0469E-09 1.0684E-09 1.0903E-09 1.1127E-09 1.1355E-09 1.1589E-09 1.1829E-09 1.2074E-09 1.2323E-09 1.2578E-09 1.2840E-09 1.3108E-09 1.3380E-09 1.3659E-09 1.3944E-09 1.4237E-09 1.4534E-09 1.4838E-09 1.5148E-09 1.5470E-09 1.5793E-09 1.6127E-09 1.6473E-09 1.6827E-09 1.7184E-09 1.7545E-09 1.7919E-09 1.8302E-09 1.8688E-09 1.9076E-09 1.9488E-09 1.9907E-09 2.0338E-09 2.0771E-09 2.1216E-09 2.1670E-09 2.2132E-09 2.2609E-09 2.3095E-09 2.3580E-09 2.4089E-09 2.4606E-09 2.5125E-09 2.5658E-09 2.6195E-09 2.6744E-09 2.7302E-09 2.7864E-09 2.8445E-09 2.9029E-09 2.9623E-09 3.0227E-09 3.0843E-09 3.1470E-09 3.2106E-09
1.0160E-09 1.0369E-09 1.0582E-09 1.0799E-09 1.1022E-09 1.1249E-09 1.1481E-09 1.1718E-09 1.1962E-09 1.2211E-09 1.2466E-09 1.2723E-09 1.2989E-09 1.3261E-09 1.3540E-09 1.3823E-09 1.4113E-09 1.4408E-09 1.4713E-09 1.5023E-09 1.5339E-09 1.5662E-09 1.5995E-09 1.6338E-09 1.6685E-09 1.7043E-09 1.7412E-09 1.7781E-09 1.8156E-09 1.8544E-09 1.8941E-09 1.9340E-09 1.9756E-09 2.0186E-09 2.0620E-09 2.1068E-09 2.1517E-09 2.1983E-09 2.2455E-09 2.2936E-09 2.3432E-09 2.3938E-09 2.4443E-09 2.4973E-09 2.5510E-09 2.6051E-09 2.6594E-09 2.7152E-09 2.7722E-09 2.8305E-09 2.8891E-09 2.9487E-09 3.0094E-09 3.0713E-09 3.1340E-09 3.1980E-09 3.2633E-09
1.0266E-09 1.0479E-09 1.0695E-09 1.0915E-09 1.1141E-09 1.1372E-09 1.1607E-09 1.1849E-09 1.2094E-09 1.2347E-09 1.2606E-09 1.2870E-09 1.3139E-09 1.3415E-09 1.3697E-09 1.3987E-09 1.4281E-09 1.4583E-09 1.4889E-09 1.5207E-09 1.5527E-09 1.5858E-09 1.6195E-09 1.6546E-09 1.6902E-09 1.7261E-09 1.7634E-09 1.8015E-09 1.8399E-09 1.8787E-09 1.9190E-09 1.9600E-09 2.0031E-09 2.0462E-09 2.0911E-09 2.1357E-09 2.1817E-09 2.2292E-09 2.2781E-09 2.3269E-09 2.3770E-09 2.4285E-09 2.4812E-09 2.5345E-09 2.5889E-09 2.6437E-09 2.6998E-09 2.7562E-09 2.8144E-09 2.8739E-09 2.9337E-09 2.9945E-09 3.0565E-09 3.1197E-09 3.1840E-09 3.2494E-09 3.3158E-09
