Assets/Resources/2015_m01_d10_1600(utc+0800)_l00_csi_1hr_conc.grd
DSAA
         159         159
     -79.000      79.000
     -79.000      79.000
  0.1357E-09  0.1034E-04
[rows 75 to 99 of 159, columns 57 to 113 of 159]
2.1312E-09 2.2042E-09 2.2782E-09 2.3502E-09 2.4244E-09 2.5007E-09 2.5818E-09 2.6720E-09 2.7640E-09 2.8527E-09 2.9485E-09 3.0445E-09 3.1434E-09 3.2424E-09 3.3439E-09 3.4481E-09 3.5551E-09 3.6660E-09 3.7803E-09 3.8961E-09 4.0155E-09 4.1362E-09 4.2585E-09 4.3819E-09 4.5063E-09 4.6315E-09 4.7576E-09 4.8842E-09 5.0118E-09 5.1393E-09 5.2678E-09 5.4027E-09 5.5471E-09 5.6938E-09 5.8405E-09 5.9923E-09 6.1540E-09 6.3018E-09 6.4333E-09 6.5569E-09 6.7249E-09 6.7781E-09 6.8634E-09 6.9770E-09 7.0842E-09 7.1980E-09 7.3149E-09 7.4379E-09 7.5675E-09 7.6990E-09 7.8292E-09 7.9575E-09 8.0871E-09 8.2147E-09 8.3928E-09 8.5124E-09 8.6802E-09
2.1625E-09 2.2367E-09 2.3119E-09 2.3852E-09 2.4606E-09 2.5382E-09 2.6220E-09 2.7137E-09 2.8061E-09 2.8963E-09 2.9937E-09 3.0940E-09 3.1920E-09 3.2926E-09 3.3958E-09 3.5018E-09 3.6104E-09 3.7232E-09 3.8393E-09 3.9574E-09 4.0778E-09 4.2000E-09 4.3243E-09 4.4489E-09 4.5746E-09 4.7010E-09 4.8283E-09 4.9566E-09 5.0843E-09 5.2154E-09 5.3595E-09 5.5210E-09 5.6953E-09 5.8968E-09 6.1206E-09 6.3373E-09 6.5394E-09 6.6976E-09 6.8174E-09 6.9270E-09 7.0413E-09 7.0788E-09 7.1972E-09 7.2593E-09 7.3278E-09 7.4066E-09 7.5032E-09 7.6060E-09 7.7224E-09 7.8463E-09 8.0106E-09 8.1576E-09 8.3786E-09 8.5461E-09 8.7585E-09 8.9391E-09 9.0600E-09
2.1955E-09 2.2709E-09 2.3452E-09 2.4197E-09 2.4964E-09 2.5752E-09 2.6630E-09 2.7561E-09 2.8475E-09 2.9392E-09 3.0383E-09 3.1402E-09 3.2398E-09 3.3420E-09 3.4469E-09 3.5545E-09 3.6655E-09 3.7800E-09 3.8971E-09 4.0169E-09 4.1394E-09 4.2629E-09 4.3878E-09 4.5144E-09 4.6412E-09 4.7688E-09 4.8971E-09 5.0260E-09 5.1579E-09 5.3124E-09 5.5012E-09 5.7349E-09 6.0497E-09 6.4030E-09 6.7652E-09 7.0852E-09 7.3360E-09 7.5302E-09 7.6838E-09 7.9481E-09 7.8343E-09 7.7968E-09 7.7536E-09 7.7224E-09 7.7084E-09 7.7350E-09 7.7750E-09 7.9921E-09 8.2499E-09 8.2433E-09 8.4406E-09 8.6265E-09 8.8936E-09 9.0608E-09 9.2166E-09 9.3394E-09 9.4641E-09
2.2267E-09 2.3026E-09 2.3781E-09 2.4537E-09 2.5316E-09 2.6117E-09 2.7008E-09 2.7955E-09 2.8883E-09 2.9843E-09 3.0848E-09 3.1857E-09 3.2867E-09 3.3905E-09 3.4970E-09 3.6063E-09 3.7189E-09 3.8350E-09 3.9544E-09 4.0756E-09 4.1989E-09 4.3244E-09 4.4504E-09 4.5774E-09 4.7053E-09 4.8346E-09 4.9634E-09 5.0954E-09 5.2536E-09 5.4634E-09 5.7673E-09 6.2517E-09 6.8784E-09 7.6076E-09 8.2839E-09 8.8375E-09 9.2332E-09 9.9723E-09 9.8918E-09 9.7139E-09 9.3129E-09 8.9691E-09 8.6819E-09 8.6229E-09 8.7033E-09 9.0747E-09 9.1719E-09 8.9647E-09 8.8449E-09 8.9676E-09 9.0800E-09 9.2822E-09 9.4739E-09 9.6444E-09 9.7905E-09 9.9196E-09 1.0024E-08
2.2568E-09 2.3338E-09 2.4104E-09 2.4872E-09 2.5663E-09 2.6476E-09 2.7393E-09 2.8366E-09 2.9296E-09 3.0259E-09 3.1279E-09 3.2302E-09 3.3328E-09 3.4381E-09 3.5461E-09 3.6569E-09 3.7718E-09 3.8894E-09 4.0097E-09 4.1330E-09 4.2575E-09 4.3835E-09 4.5106E-09 4.6393E-09 4.7682E-09 4.8979E-09 5.0288E-09 5.1792E-09 5.3921E-09 5.7397E-09 6.4374E-09 7.5957E-09 9.1659E-09 1.0878E-08 1.2485E-08 1.3952E-08 1.4849E-08 1.4745E-08 1.4432E-08 1.2718E-08 1.1724E-08 1.1120E-08 1.1215E-08 1.1454E-08 1.1794E-08 1.1173E-08 1.1393E-08 1.0318E-08 9.7239E-09 9.8187E-09 9.8986E-09 1.0101E-08 1.0292E-08 1.0461E-08 1.0594E-08 1.0694E-08 1.0747E-08
2.2864E-09 2.3644E-09 2.4422E-09 2.5201E-09 2.6004E-09 2.6855E-09 2.7784E-09 2.8746E-09 2.9690E-09 3.0666E-09 3.1701E-09 3.2739E-09 3.3779E-09 3.4847E-09 3.5942E-09 3.7064E-09 3.8228E-09 3.9426E-09 4.0643E-09 4.1882E-09 4.3139E-09 4.4415E-09 4.5696E-09 4.6986E-09 3.1221E-07 1.0342E-05 7.8495E-06 2.6358E-06 7.0431E-07 1.7885E-07 5.0761E-08 1.2624E-08 1.8234E-08 2.9380E-08 3.3434E-08 2.9563E-08 2.7376E-08 2.3941E-08 1.9797E-08 1.7363E-08 1.5871E-08 1.5584E-08 1.5894E-08 1.5792E-08 1.5763E-08 1.4048E-08 1.4354E-08 1.2236E-08 1.1020E-08 1.0961E-08 1.1087E-08 1.1268E-08 1.1432E-08 1.1576E-08 1.1661E-08 1.1706E-08 1.1687E-08
2.3154E-09 2.3946E-09 2.4734E-09 2.5525E-09 2.6338E-09 2.7201E-09 2.8144E-09 2.9119E-09 3.0075E-09 3.1065E-09 3.2114E-09 3.3166E-09 3.4220E-09 3.5301E-09 3.6411E-09 3.7548E-09 3.8726E-09 3.9937E-09 4.1168E-09 4.2425E-09 4.3691E-09 4.4971E-09 4.6267E-09 4.7566E-09 4.8873E-09 5.0186E-09 5.1771E-09 1.4273E-06 3.5200E-06 3.1695E-06 1.7197E-06 7.1326E-07 2.7582E-07 1.4241E-07 8.1524E-08 5.5229E-08 4.1923E-08 3.3878E-08 2.7212E-08 2.3857E-08 2.2115E-08 2.1816E-08 2.2058E-08 2.1626E-08 1.9994E-08 1.8115E-08 1.6132E-08 1.5030E-08 1.2856E-08 1.2626E-08 1.2727E-08 1.2857E-08 1.2966E-08 1.3042E-08 1.3035E-08 1.2991E-08 1.2885E-08
2.3439E-09 2.4262E-09 2.5040E-09 2.5841E-09 2.6666E-09 2.7540E-09 2.8495E-09 2.9483E-09 3.0452E-09 3.1483E-09 3.2544E-09 3.3583E-09 3.4650E-09 3.5745E-09 3.6868E-09 3.8018E-09 3.9210E-09 4.0434E-09 4.1676E-09 4.2944E-09 4.4226E-09 4.5514E-09 4.6812E-09 4.8118E-09 4.9439E-09 5.0765E-09 5.2506E-09 5.5530E-09 1.7478E-08 3.3980E-07 8.7741E-07 9.9405E-07 5.4546E-07 2.3524E-07 1.2047E-07 7.7763E-08 5.7303E-08 4.3302E-08 3.6032E-08 3.1670E-08 2.9798E-08 2.9710E-08 3.0811E-08 2.8390E-08 2.7163E-08 2.4072E-08 1.9210E-08 1.8925E-08 1.5317E-08 1.4868E-08 1.4883E-08 1.4935E-08 1.4937E-08 1.4879E-08 1.4747E-08 1.4583E-08 1.4362E-08
2.3740E-09 2.4551E-09 2.5340E-09 2.6151E-09 2.6986E-09 2.7871E-09 2.8839E-09 2.9839E-09 3.0820E-09 3.1863E-09 3.2937E-09 3.3989E-09 3.5068E-09 3.6176E-09 3.7312E-09 3.8482E-09 3.9686E-09 4.0922E-09 4.2174E-09 4.3445E-09 4.4736E-09 4.6031E-09 4.7343E-09 4.8656E-09 4.9977E-09 5.1309E-09 5.3260E-09 5.6831E-09 6.8428E-09 1.5020E-08 7.5817E-08 1.8863E-07 2.5475E-07 1.8782E-07 1.1932E-07 8.4433E-08 6.4292E-08 5.1360E-08 4.3924E-08 3.9898E-08 3.8682E-08 3.9967E-08 4.2701E-08 3.8275E-08 3.6970E-08 3.1642E-08 2.3977E-08 2.1462E-08 1.8466E-08 1.7719E-08 1.7596E-08 1.7501E-08 1.7320E-08 1.7100E-08 1.6806E-08 1.6473E-08 1.6084E-08
2.4020E-09 2.4834E-09 2.5632E-09 2.6454E-09 2.7299E-09 2.8208E-09 2.9223E-09 3.0198E-09 3.1179E-09 3.2233E-09 3.3320E-09 3.4383E-09 3.5475E-09 3.6595E-09 3.7743E-09 3.8925E-09 4.0140E-09 4.1388E-09 4.2656E-09 4.3935E-09 4.5226E-09 4.6528E-09 4.7846E-09 4.9172E-09 5.0498E-09 5.1835E-09 5.3889E-09 5.7578E-09 6.9107E-09 1.0599E-08 3.2888E-08 7.4665E-08 1.1464E-07 1.2049E-07 9.8178E-08 8.1044E-08 6.5447E-08 5.6154E-08 5.0345E-08 4.7907E-08 4.9287E-08 5.2179E-08 5.3317E-08 5.1052E-08 4.6415E-08 4.1014E-08 2.9771E-08 2.3705E-08 2.2208E-08 2.1112E-08 2.0803E-08 2.0483E-08 2.0095E-08 1.9664E-08 1.9161E-08 1.8625E-08 1.8043E-08
2.4287E-09 2.5110E-09 2.5918E-09 2.6749E-09 2.7603E-09 2.8548E-09 2.9550E-09 3.0536E-09 3.1527E-09 3.2593E-09 3.3691E-09 3.4766E-09 3.5869E-09 3.7000E-09 3.8159E-09 3.9353E-09 4.0579E-09 4.1836E-09 4.3113E-09 4.4398E-09 4.5703E-09 4.7010E-09 4.8327E-09 4.9659E-09 5.0989E-09 5.2331E-09 5.4360E-09 5.7942E-09 6.7186E-09 9.4200E-09 1.9247E-08 4.0779E-08 6.4295E-08 7.7335E-08 7.4793E-08 6.8683E-08 6.1830E-08 5.6971E-08 5.4504E-08 5.4914E-08 6.0108E-08 6.6158E-08 6.7362E-08 6.5957E-08 5.2015E-08 5.2315E-08 3.6474E-08 2.7789E-08 2.6380E-08 2.4886E-08 2.4358E-08 2.3784E-08 2.3155E-08 2.2466E-08 2.1735E-08 2.0978E-08 2.0204E-08
2.4547E-09 2.5379E-09 2.6195E-09 2.7036E-09 2.7900E-09 2.8855E-09 2.9867E-09 3.0863E-09 3.1865E-09 3.2942E-09 3.4051E-09 3.5136E-09 3.6250E-09 3.7392E-09 3.8562E-09 3.9765E-09 4.1001E-09 4.2267E-09 4.3551E-09 4.4842E-09 4.6152E-09 4.7471E-09 4.8792E-09 5.0128E-09 5.1456E-09 5.2801E-09 5.4667E-09 5.7886E-09 6.5431E-09 8.3144E-09 1.3627E-08 2.5547E-08 4.0253E-08 5.1484E-08 5.7013E-08 5.6200E-08 5.5481E-08 5.4983E-08 5.6285E-08 6.0574E-08 7.0792E-08 8.0898E-08 8.2842E-08 7.9696E-08 6.2199E-08 6.2886E-08 4.3464E-08 3.2089E-08 2.9796E-08 2.8794E-08 2.8025E-08 2.7205E-08 2.6333E-08 2.5381E-08 2.4426E-08 2.3450E-08 2.2500E-08
2.4800E-09 2.5640E-09 2.6465E-09 2.7314E-09 2.8188E-09 2.9153E-09 3.0174E-09 3.1181E-09 3.2192E-09 3.3279E-09 3.4398E-09 3.5494E-09 3.6618E-09 3.7769E-09 3.8949E-09 4.0162E-09 4.1407E-09 4.2680E-09 4.3970E-09 4.5266E-09 4.6580E-09 4.7903E-09 4.9229E-09 5.0567E-09 5.1909E-09 5.3251E-09 5.4900E-09 5.7669E-09 6.3542E-09 7.6135E-09 1.1088E-08 1.8113E-08 2.7722E-08 3.6883E-08 4.1540E-08 4.5329E-08 4.7941E-08 5.1156E-08 5.6118E-08 6.4596E-08 7.8519E-08 9.3701E-08 9.7500E-08 8.5623E-08 7.1737E-08 5.4290E-08 5.0102E-08 3.6075E-08 3.3529E-08 3.2495E-08 3.1537E-08 3.0523E-08 2.9409E-08 2.8255E-08 2.7100E-08 2.5949E-08 2.4843E-08
2.5045E-09 2.5894E-09 2.6727E-09 2.7584E-09 2.8467E-09 2.9440E-09 3.0472E-09 3.1487E-09 3.2507E-09 3.3631E-09 3.4733E-09 3.5838E-09 3.6971E-09 3.8132E-09 3.9321E-09 4.0542E-09 4.1807E-09 4.3080E-09 4.4375E-09 4.5676E-09 4.6987E-09 4.8313E-09 4.9642E-09 5.0982E-09 5.2326E-09 5.3669E-09 5.5142E-09 5.7232E-09 6.1907E-09 7.0671E-09 9.3101E-09 1.3331E-08 1.9458E-08 2.5839E-08 3.0798E-08 3.5647E-08 4.0363E-08 4.6106E-08 5.4184E-08 6.6541E-08 8.4469E-08 1.0441E-07 9.5167E-08 9.5173E-08 8.0111E-08 5.6644E-08 5.5696E-08 3.9327E-08 3.6706E-08 3.5674E-08 3.4619E-08 3.3457E-08 3.2193E-08 3.0900E-08 2.9609E-08 2.8349E-08 2.7124E-08
2.5283E-09 2.6139E-09 2.6980E-09 2.7846E-09 2.8736E-09 2.9718E-09 3.0758E-09 3.1783E-09 3.2811E-09 3.3944E-09 3.5054E-09 3.6168E-09 3.7310E-09 3.8479E-09 3.9676E-09 4.0912E-09 4.2177E-09 4.3455E-09 4.4754E-09 4.6064E-09 4.7378E-09 4.8707E-09 5.0043E-09 5.1378E-09 5.2723E-09 5.4072E-09 5.5448E-09 5.7132E-09 6.0004E-09 6.5761E-09 8.0074E-09 1.0660E-08 1.4840E-08 1.8646E-08 2.3111E-08 2.7961E-08 3.3549E-08 4.0817E-08 5.1032E-08 6.8940E-08 8.7326E-08 1.1072E-07 9.9628E-08 1.0193E-07 8.3939E-08 5.8548E-08 4.7322E-08 4.1474E-08 3.8955E-08 3.8034E-08 3.6991E-08 3.5797E-08 3.4487E-08 3.3157E-08 3.1820E-08 3.0517E-08 2.9260E-08
2.5512E-09 2.6376E-09 2.7225E-09 2.8098E-09 2.8996E-09 2.9986E-09 3.1034E-09 3.2066E-09 3.3103E-09 3.4244E-09 3.5363E-09 3.6484E-09 3.7634E-09 3.8811E-09 4.0016E-09 4.1258E-09 4.2528E-09 4.3810E-09 4.5112E-09 4.6425E-09 4.7740E-09 4.9071E-09 5.0408E-09 5.1743E-09 5.3088E-09 5.4437E-09 5.5785E-09 5.7245E-09 5.9251E-09 6.2726E-09 7.1729E-09 8.6732E-09 1.1251E-08 1.4007E-08 1.7516E-08 2.2009E-08 2.7673E-08 3.5508E-08 4.6830E-08 6.6166E-08 8.5844E-08 9.8282E-08 1.0213E-07 8.5627E-08 8.5980E-08 5.9149E-08 4.4720E-08 4.2284E-08 4.0058E-08 3.9361E-08 3.8472E-08 3.7367E-08 3.6150E-08 3.4882E-08 3.3609E-08 3.2353E-08 3.1130E-08
2.5734E-09 2.6604E-09 2.7460E-09 2.8340E-09 2.9246E-09 3.0244E-09 3.1299E-09 3.2338E-09 3.3383E-09 3.4531E-09 3.5657E-09 3.6786E-09 3.7943E-09 3.9127E-09 4.0338E-09 4.1586E-09 4.2861E-09 4.4146E-09 4.5450E-09 4.6764E-09 4.8080E-09 4.9412E-09 5.0748E-09 5.2083E-09 5.3427E-09 5.4775E-09 5.6122E-09 5.7501E-09 5.9041E-09 6.1607E-09 6.6125E-09 7.8350E-09 9.1654E-09 1.1048E-08 1.3674E-08 1.7541E-08 2.2806E-08 3.0524E-08 4.1913E-08 6.0974E-08 8.1428E-08 9.2516E-08 9.8782E-08 7.7896E-08 8.4825E-08 5.7539E-08 4.2893E-08 4.1725E-08 3.9943E-08 3.9581E-08 3.8957E-08 3.8083E-08 3.7078E-08 3.5987E-08 3.4881E-08 3.3751E-08 3.2654E-08
2.5947E-09 2.6824E-09 2.7686E-09 2.8573E-09 2.9485E-09 3.0490E-09 3.1540E-09 3.2598E-09 3.3649E-09 3.4804E-09 3.5937E-09 3.7073E-09 3.8236E-09 3.9427E-09 4.0643E-09 4.1896E-09 4.3174E-09 4.4461E-09 4.5766E-09 4.7081E-09 4.8397E-09 4.9728E-09 5.1064E-09 5.2397E-09 5.3745E-09 5.5091E-09 5.6442E-09 5.7787E-09 5.9137E-09 6.0848E-09 6.4059E-09 6.9470E-09 7.9507E-09 9.2389E-09 1.1049E-08 1.4245E-08 1.8875E-08 2.5926E-08 3.6533E-08 5.4143E-08 7.3388E-08 8.3952E-08 8.2077E-08 7.1198E-08 7.0114E-08 5.4281E-08 4.0014E-08 3.8584E-08 3.8691E-08 3.8737E-08 3.8472E-08 3.7935E-08 3.7243E-08 3.6427E-08 3.5569E-08 3.4659E-08 3.3794E-08
2.6130E-09 2.7034E-09 2.7902E-09 2.8796E-09 2.9715E-09 3.0726E-09 3.1781E-09 3.2846E-09 3.3903E-09 3.5064E-09 3.6203E-09 3.7344E-09 3.8513E-09 3.9709E-09 4.0931E-09 4.2187E-09 4.3467E-09 4.4755E-09 4.6061E-09 4.7375E-09 4.8690E-09 5.0021E-09 5.1355E-09 5.2691E-09 5.4031E-09 5.5374E-09 5.6721E-09 5.8062E-09 5.9406E-09 6.0750E-09 6.2359E-09 6.5495E-09 7.1906E-09 8.1112E-09 9.3433E-09 1.1815E-08 1.5708E-08 2.1773E-08 3.1036E-08 4.5264E-08 6.3105E-08 6.6825E-08 6.9768E-08 6.3396E-08 4.8844E-08 4.9614E-08 3.6523E-08 3.5810E-08 3.6504E-08 3.6987E-08 3.7133E-08 3.7004E-08 3.6686E-08 3.6219E-08 3.5678E-08 3.5090E-08 3.4481E-08
2.6325E-09 2.7235E-09 2.8109E-09 2.9008E-09 2.9933E-09 3.0950E-09 3.2010E-09 3.3081E-09 3.4144E-09 3.5283E-09 3.6454E-09 3.7600E-09 3.8774E-09 3.9975E-09 4.1201E-09 4.2453E-09 4.3741E-09 4.5029E-09 4.6334E-09 4.7647E-09 4.8961E-09 5.0290E-09 5.1627E-09 5.2959E-09 5.4290E-09 5.5630E-09 5.6972E-09 5.8312E-09 5.9644E-09 6.0982E-09 6.2318E-09 6.4050E-09 6.7706E-09 7.3315E-09 8.2220E-09 1.0086E-08 1.3202E-08 1.8189E-08 2.5743E-08 3.7279E-08 5.2142E-08 5.3561E-08 5.8843E-08 5.4775E-08 4.0969E-08 4.4069E-08 3.2581E-08 3.2520E-08 3.3666E-08 3.4559E-08 3.5122E-08 3.5422E-08 3.5507E-08 3.5433E-08 3.5273E-08 3.5040E-08 3.4711E-08
2.6505E-09 2.7406E-09 2.8306E-09 2.9211E-09 3.0141E-09 3.1150E-09 3.2228E-09 3.3291E-09 3.4370E-09 3.5514E-09 3.6689E-09 3.7840E-09 3.9019E-09 4.0224E-09 4.1452E-09 4.2706E-09 4.3995E-09 4.5282E-09 4.6586E-09 4.7896E-09 4.9209E-09 5.0541E-09 5.1867E-09 5.3196E-09 5.4523E-09 5.5858E-09 5.7200E-09 5.8532E-09 5.9858E-09 6.1189E-09 6.2517E-09 6.3839E-09 6.5755E-09 6.9149E-09 7.4374E-09 8.6989E-09 1.1198E-08 1.5094E-08 2.1313E-08 2.9740E-08 3.9009E-08 4.3359E-08 4.7372E-08 4.4536E-08 3.4153E-08 2.8875E-08 2.8550E-08 2.9001E-08 3.0477E-08 3.1715E-08 3.2664E-08 3.3367E-08 3.3860E-08 3.4205E-08 3.4444E-08 3.4554E-08 3.4549E-08
2.6682E-09 2.7587E-09 2.8492E-09 2.9402E-09 3.0337E-09 3.1350E-09 3.2433E-09 3.3500E-09 3.4584E-09 3.5731E-09 3.6910E-09 3.8065E-09 3.9247E-09 4.0455E-09 4.1686E-09 4.2941E-09 4.4228E-09 4.5514E-09 4.6815E-09 4.8124E-09 4.9433E-09 5.0761E-09 5.2083E-09 5.3407E-09 5.4734E-09 5.6064E-09 5.7393E-09 5.8718E-09 6.0036E-09 6.1358E-09 6.2684E-09 6.3998E-09 6.5320E-09 6.7322E-09 7.0636E-09 7.7801E-09 9.5513E-09 1.2507E-08 1.7220E-08 2.3454E-08 2.9031E-08 3.4411E-08 3.1942E-08 3.6482E-08 2.8328E-08 2.3561E-08 2.4718E-08 2.5528E-08 2.7216E-08 2.8707E-08 2.9983E-08 3.1035E-08 3.1915E-08 3.2663E-08 3.3259E-08 3.3719E-08 3.4064E-08
2.6850E-09 2.7759E-09 2.8668E-09 2.9583E-09 3.0522E-09 3.1514E-09 3.2612E-09 3.3695E-09 3.4783E-09 3.5933E-09 3.7115E-09 3.8273E-09 3.9459E-09 4.0669E-09 4.1901E-09 4.3156E-09 4.4429E-09 4.5725E-09 4.7023E-09 4.8329E-09 4.9634E-09 5.0957E-09 5.2274E-09 5.3593E-09 5.4914E-09 5.6237E-09 5.7557E-09 5.8873E-09 6.0189E-09 6.1502E-09 6.2813E-09 6.4125E-09 6.5438E-09 6.6744E-09 6.8800E-09 7.2026E-09 8.2825E-09 1.0494E-08 1.4011E-08 1.8405E-08 2.2341E-08 2.6938E-08 2.4766E-08 2.9468E-08 2.3458E-08 1.9838E-08 2.0756E-08 2.2332E-08 2.4116E-08 2.5775E-08 2.7282E-08 2.8614E-08 2.9832E-08 3.0912E-08 3.1835E-08 3.2642E-08 3.3322E-08
2.6987E-09 2.7921E-09 2.8834E-09 2.9752E-09 3.0696E-09 3.1691E-09 3.2792E-09 3.3878E-09 3.4968E-09 3.6121E-09 3.7305E-09 3.8466E-09 3.9654E-09 4.0866E-09 4.2098E-09 4.3351E-09 4.4622E-09 4.5915E-09 4.7210E-09 4.8511E-09 4.9811E-09 5.1129E-09 5.2440E-09 5.3752E-09 5.5073E-09 5.6382E-09 5.7692E-09 5.9006E-09 6.0312E-09 6.1609E-09 6.2911E-09 6.4219E-09 6.5522E-09 6.6819E-09 6.8124E-09 7.0189E-09 7.4054E-09 8.8142E-09 1.1257E-08 1.4544E-08 1.7302E-08 1.8935E-08 1.9521E-08 1.9263E-08 1.9468E-08 1.6872E-08 1.7862E-08 1.9546E-08 2.1333E-08 2.3063E-08 2.4713E-08 2.6272E-08 2.7751E-08 2.9070E-08 3.0297E-08 3.1401E-08 3.2410E-08
2.7136E-09 2.8073E-09 2.8989E-09 2.9911E-09 3.0858E-09 3.1855E-09 3.2934E-09 3.4034E-09 3.5139E-09 3.6293E-09 3.7479E-09 3.8642E-09 3.9831E-09 4.1045E-09 4.2276E-09 4.3527E-09 4.4795E-09 4.6078E-09 4.7374E-09 4.8671E-09 4.9966E-09 5.1276E-09 5.2581E-09 5.3893E-09 5.5200E-09 5.6505E-09 5.7805E-09 5.9104E-09 6.0400E-09 6.1692E-09 6.2984E-09 6.4275E-09 6.5567E-09 6.6860E-09 6.8154E-09 6.9450E-09 7.1505E-09 7.6517E-09 9.2199E-09 1.1701E-08 1.3327E-08 1.4907E-08 1.5824E-08 1.4695E-08 1.6343E-08 1.4586E-08 1.5626E-08 1.7230E-08 1.8943E-08 2.0666E-08 2.2401E-08 2.4094E-08 2.5731E-08 2.7258E-08 2.8729E-08 3.0099E-08 3.1373E-08
