Assets/Resources/2015_m01_d22_1600(utc+0800)_l00_csi_1hr_conc.grd
DSAA
         159         159
     -79.000      79.000
     -79.000      79.000
  0.0000E+00  0.2058E-04
[rows 75 to 99 of 159, columns 57 to 113 of 159]
2.4226E-09 2.6849E-09 3.0353E-09 3.5398E-09 4.2917E-09 5.3607E-09 6.8872E-09 9.0711E-09 1.2244E-08 1.6774E-08 2.3198E-08 3.2017E-08 4.4295E-08 6.0804E-08 8.2182E-08 1.0500E-07 1.1848E-07 8.3468E-08 1.7232E-08 4.0222E-10 3.4409E-10 3.3319E-10 3.1888E-10 3.0410E-10 2.9822E-10 2.9318E-10 2.8626E-10 2.8216E-10 2.7690E-10 2.6982E-10 2.6543E-10 2.5989E-10 2.5256E-10 2.4786E-10 2.4232E-10 2.3552E-10 2.3035E-10 2.2436E-10 2.1713E-10 2.1155E-10 2.0517E-10 1.9756E-10 1.9163E-10 1.8434E-10 1.7705E-10 1.7086E-10 1.6336E-10 1.5590E-10 1.4957E-10 1.4199E-10 1.3449E-10 1.2817E-10 1.2010E-10 1.1335E-10 1.0602E-10 9.8856E-11 9.2983E-11
1.2971E-09 1.3992E-09 1.5718E-09 1.8306E-09 2.2348E-09 2.8152E-09 3.6491E-09 4.9514E-09 6.8934E-09 9.8489E-09 1.4281E-08 2.0873E-08 3.0871E-08 4.6588E-08 7.0741E-08 1.0582E-07 1.4749E-07 1.6722E-07 1.2048E-07 2.1147E-08 3.1986E-10 3.0703E-10 2.9055E-10 2.8497E-10 2.8116E-10 2.7360E-10 2.6978E-10 2.6480E-10 2.5804E-10 2.5394E-10 2.4871E-10 2.4171E-10 2.3732E-10 2.3211E-10 2.2565E-10 2.2083E-10 2.1519E-10 2.0831E-10 2.0310E-10 1.9709E-10 1.8986E-10 1.8431E-10 1.7799E-10 1.7049E-10 1.6470E-10 1.5817E-10 1.5050E-10 1.4456E-10 1.3794E-10 1.3022E-10 1.2427E-10 1.1714E-10 1.1015E-10 1.0375E-10 9.6310E-11 9.0758E-11 8.4117E-11
7.0025E-10 7.5047E-10 8.2691E-10 9.5472E-10 1.1375E-09 1.3998E-09 1.8092E-09 2.4619E-09 3.5035E-09 5.1379E-09 7.7135E-09 1.1748E-08 1.8450E-08 3.0467E-08 5.1866E-08 9.1668E-08 1.5158E-07 1.8769E-07 2.1471E-07 2.1049E-07 3.3332E-08 2.7852E-10 2.7227E-10 2.6871E-10 2.6146E-10 2.5789E-10 2.5409E-10 2.4673E-10 2.4290E-10 2.3885E-10 2.3127E-10 2.2717E-10 2.2285E-10 2.1613E-10 2.1162E-10 2.0689E-10 1.9978E-10 1.9490E-10 1.8982E-10 1.8237E-10 1.7718E-10 1.7180E-10 1.6408E-10 1.5865E-10 1.5249E-10 1.4518E-10 1.3960E-10 1.3334E-10 1.2598E-10 1.2038E-10 1.1359E-10 1.0692E-10 1.0143E-10 9.4306E-11 8.8471E-11 8.2111E-11 7.5948E-11
4.3856E-10 4.4981E-10 4.9058E-10 5.4298E-10 6.0934E-10 7.2274E-10 8.8561E-10 1.1598E-09 1.6175E-09 2.3504E-09 3.5215E-09 5.3299E-09 8.3669E-09 1.3543E-08 2.3756E-08 4.8755E-08 1.1899E-07 2.0873E-07 2.6711E-07 2.8799E-07 3.9669E-07 6.5159E-08 2.5679E-10 2.4983E-10 2.4649E-10 2.4294E-10 2.3587E-10 2.3230E-10 2.2851E-10 2.2124E-10 2.1741E-10 2.1336E-10 2.0695E-10 2.0274E-10 1.9832E-10 1.9153E-10 1.8697E-10 1.8221E-10 1.7510E-10 1.7024E-10 1.6520E-10 1.5840E-10 1.5274E-10 1.4749E-10 1.4053E-10 1.3472E-10 1.2937E-10 1.2177E-10 1.1651E-10 1.1061E-10 1.0369E-10 9.8512E-11 9.1682E-11 8.6137E-11 8.0626E-11 7.4149E-11 6.9497E-11
3.6899E-10 3.7168E-10 3.7675E-10 3.7657E-10 3.9436E-10 4.2280E-10 4.7811E-10 5.6124E-10 7.1690E-10 9.6449E-10 1.3042E-09 1.7771E-09 2.4006E-09 3.2002E-09 4.1469E-09 6.7836E-09 3.1403E-08 1.9500E-07 6.9350E-07 1.8425E-06 5.0948E-06 2.0585E-05 2.3869E-10 2.3557E-10 2.3225E-10 2.2547E-10 2.2212E-10 2.1858E-10 2.1160E-10 2.0802E-10 2.0424E-10 1.9812E-10 1.9418E-10 1.9005E-10 1.8413E-10 1.7930E-10 1.7484E-10 1.6862E-10 1.6350E-10 1.5878E-10 1.5231E-10 1.4697E-10 1.4205E-10 1.3541E-10 1.2992E-10 1.2489E-10 1.1819E-10 1.1267E-10 1.0763E-10 1.0047E-10 9.5585E-11 8.9604E-11 8.3771E-11 7.9078E-11 7.2301E-11 6.7896E-11 6.2454E-11
3.4210E-10 3.4035E-10 3.3619E-10 3.3393E-10 3.3130E-10 3.2831E-10 3.2143E-10 3.3349E-10 3.7114E-10 4.1961E-10 4.5446E-10 5.1134E-10 5.7777E-10 6.1125E-10 5.7122E-10 5.0349E-10 4.5227E-10 4.8633E-09 3.5123E-10 2.3734E-10 2.3444E-10 2.2803E-10 2.2512E-10 2.2201E-10 2.1549E-10 2.1237E-10 2.0905E-10 2.0235E-10 1.9901E-10 1.9547E-10 1.9018E-10 1.8594E-10 1.8207E-10 1.7644E-10 1.7189E-10 1.6772E-10 1.6180E-10 1.5697E-10 1.5255E-10 1.4693E-10 1.4135E-10 1.3673E-10 1.3095E-10 1.2522E-10 1.2050E-10 1.1464E-10 1.0888E-10 1.0414E-10 9.7811E-11 9.2660E-11 8.7495E-11 8.1386E-11 7.6952E-11 7.0976E-11 6.6247E-11 6.1572E-11 5.6001E-11
3.1976E-10 3.1719E-10 3.1537E-10 3.1322E-10 3.1072E-10 3.0496E-10 3.0210E-10 2.9888E-10 2.9529E-10 2.9162E-10 3.0199E-10 3.1170E-10 3.1213E-10 3.0318E-10 2.9545E-10 2.7101E-10 2.5184E-10 2.3277E-10 2.2670E-10 2.2398E-10 2.1784E-10 2.1511E-10 2.1220E-10 2.0595E-10 2.0302E-10 1.9992E-10 1.9430E-10 1.9036E-10 1.8704E-10 1.8201E-10 1.7802E-10 1.7439E-10 1.6957E-10 1.6475E-10 1.6084E-10 1.5574E-10 1.5065E-10 1.4650E-10 1.4118E-10 1.3588E-10 1.3155E-10 1.2606E-10 1.2063E-10 1.1619E-10 1.1062E-10 1.0514E-10 1.0068E-10 9.4629E-11 8.9748E-11 8.4846E-11 7.8992E-11 7.4805E-11 6.9600E-11 6.4562E-11 6.0626E-11 5.4732E-11 5.1109E-11
2.9736E-10 2.9763E-10 2.9590E-10 2.9386E-10 2.8961E-10 2.8713E-10 2.8433E-10 2.8119E-10 2.7410E-10 2.7069E-10 2.6698E-10 2.5929E-10 2.5547E-10 2.5145E-10 2.4541E-10 2.3960E-10 2.2235E-10 2.1653E-10 2.1398E-10 2.0809E-10 2.0554E-10 2.0281E-10 1.9681E-10 1.9407E-10 1.9116E-10 1.8578E-10 1.8206E-10 1.7896E-10 1.7468E-10 1.7040E-10 1.6700E-10 1.6243E-10 1.5786E-10 1.5420E-10 1.4936E-10 1.4454E-10 1.4065E-10 1.3611E-10 1.3057E-10 1.2651E-10 1.2182E-10 1.1614E-10 1.1197E-10 1.0720E-10 1.0147E-10 9.7269E-11 9.2010E-11 8.6859E-11 8.2728E-11 7.6600E-11 7.2647E-11 6.7670E-11 6.2850E-11 5.9124E-11 5.3954E-11 4.9988E-11 4.6088E-11
2.7916E-10 2.7900E-10 2.7736E-10 2.7361E-10 2.7156E-10 2.6922E-10 2.6657E-10 2.6100E-10 2.5798E-10 2.5466E-10 2.4748E-10 2.4399E-10 2.4028E-10 2.3459E-10 2.2908E-10 2.1239E-10 2.0682E-10 2.0443E-10 1.9878E-10 1.9638E-10 1.9383E-10 1.8807E-10 1.8551E-10 1.8277E-10 1.7763E-10 1.7411E-10 1.7120E-10 1.6714E-10 1.6309E-10 1.5990E-10 1.5607E-10 1.5123E-10 1.4780E-10 1.4372E-10 1.3864E-10 1.3499E-10 1.3071E-10 1.2543E-10 1.2161E-10 1.1718E-10 1.1177E-10 1.0785E-10 1.0333E-10 9.7864E-11 9.3915E-11 8.8907E-11 8.4003E-11 8.0109E-11 7.4219E-11 7.0489E-11 6.6244E-11 6.1121E-11 5.7595E-11 5.2615E-11 4.8830E-11 4.5098E-11 4.0521E-11
2.6015E-10 2.5904E-10 2.5679E-10 2.5523E-10 2.5339E-10 2.5127E-10 2.4831E-10 2.4569E-10 2.4275E-10 2.3606E-10 2.3293E-10 2.2954E-10 2.2331E-10 2.1901E-10 2.0288E-10 1.9755E-10 1.9530E-10 1.8989E-10 1.8764E-10 1.8524E-10 1.7972E-10 1.7731E-10 1.7475E-10 1.6982E-10 1.6649E-10 1.6376E-10 1.5991E-10 1.5607E-10 1.5308E-10 1.4946E-10 1.4486E-10 1.4163E-10 1.3778E-10 1.3295E-10 1.2952E-10 1.2597E-10 1.2045E-10 1.1687E-10 1.1317E-10 1.0752E-10 1.0383E-10 1.0006E-10 9.4340E-11 9.0625E-11 8.6357E-11 8.1187E-11 7.7516E-11 7.2369E-11 6.8338E-11 6.4301E-11 5.9384E-11 5.6048E-11 5.1761E-11 4.7642E-11 4.4575E-11 3.9653E-11 3.6886E-11
2.3476E-10 2.3559E-10 2.4097E-10 2.4048E-10 2.3867E-10 2.3497E-10 2.3278E-10 2.3032E-10 2.2502E-10 2.2223E-10 2.1919E-10 2.1248E-10 2.0934E-10 1.9381E-10 1.8869E-10 1.8658E-10 1.8139E-10 1.7928E-10 1.7703E-10 1.7173E-10 1.6947E-10 1.6707E-10 1.6235E-10 1.5920E-10 1.5664E-10 1.5298E-10 1.4933E-10 1.4653E-10 1.4311E-10 1.3873E-10 1.3571E-10 1.3255E-10 1.2746E-10 1.2425E-10 1.2091E-10 1.1564E-10 1.1227E-10 1.0880E-10 1.0339E-10 9.9926E-11 9.6376E-11 9.0900E-11 8.7403E-11 8.3359E-11 7.8417E-11 7.4957E-11 7.0520E-11 6.6202E-11 6.2856E-11 5.7645E-11 5.4490E-11 5.0381E-11 4.6434E-11 4.3524E-11 3.9253E-11 3.6125E-11 3.3059E-11
2.1667E-10 2.1623E-10 2.1556E-10 2.1467E-10 2.1421E-10 2.1285E-10 2.1124E-10 2.1003E-10 2.0787E-10 2.0544E-10 2.0118E-10 1.9845E-10 1.8511E-10 1.8025E-10 1.7826E-10 1.7329E-10 1.7131E-10 1.6919E-10 1.6411E-10 1.6198E-10 1.5972E-10 1.5521E-10 1.5222E-10 1.4982E-10 1.4681E-10 1.4288E-10 1.4025E-10 1.3749E-10 1.3284E-10 1.3001E-10 1.2704E-10 1.2218E-10 1.1916E-10 1.1603E-10 1.1098E-10 1.0782E-10 1.0456E-10 9.9384E-11 9.6129E-11 9.2789E-11 8.7546E-11 8.4255E-11 8.0901E-11 7.5699E-11 7.2439E-11 6.8205E-11 6.4087E-11 6.0927E-11 5.5912E-11 5.2930E-11 4.9477E-11 4.5210E-11 4.2451E-11 3.8328E-11 3.5336E-11 3.2394E-11 2.8655E-11
1.9027E-10 1.9198E-10 1.9352E-10 1.9586E-10 1.9516E-10 1.9537E-10 1.9541E-10 1.9385E-10 1.9289E-10 1.8833E-10 1.8616E-10 1.7513E-10 1.7133E-10 1.7032E-10 1.6556E-10 1.6369E-10 1.6170E-10 1.5683E-10 1.5483E-10 1.5270E-10 1.4838E-10 1.4555E-10 1.4329E-10 1.4045E-10 1.3670E-10 1.3423E-10 1.3163E-10 1.2720E-10 1.2453E-10 1.2174E-10 1.1710E-10 1.1426E-10 1.1132E-10 1.0650E-10 1.0352E-10 1.0046E-10 9.5506E-11 9.2445E-11 8.9303E-11 8.4282E-11 8.1185E-11 7.8025E-11 7.3037E-11 6.9965E-11 6.5926E-11 6.1999E-11 5.9016E-11 5.4665E-11 5.1371E-11 4.8081E-11 4.3977E-11 4.1363E-11 3.7860E-11 3.4523E-11 3.2178E-11 2.8082E-11 2.6019E-11
1.7370E-10 1.7545E-10 1.7806E-10 1.8000E-10 1.7954E-10 1.7811E-10 1.7727E-10 1.7618E-10 1.7425E-10 1.7086E-10 1.6570E-10 1.6359E-10 1.6198E-10 1.5818E-10 1.5642E-10 1.5454E-10 1.4987E-10 1.4799E-10 1.4599E-10 1.4118E-10 1.3917E-10 1.3705E-10 1.3436E-10 1.3079E-10 1.2846E-10 1.2602E-10 1.2178E-10 1.1927E-10 1.1665E-10 1.1221E-10 1.0955E-10 1.0678E-10 1.0217E-10 9.9376E-11 9.6490E-11 9.1755E-11 8.8876E-11 8.5918E-11 8.1111E-11 7.8195E-11 7.5218E-11 7.0437E-11 6.7541E-11 6.4151E-11 5.9944E-11 5.7128E-11 5.2954E-11 4.9821E-11 4.7148E-11 4.2741E-11 4.0264E-11 3.6899E-11 3.3693E-11 3.1464E-11 2.7488E-11 2.5521E-11 2.3595E-11
1.5764E-10 1.5831E-10 1.5882E-10 1.5915E-10 1.6041E-10 1.6290E-10 1.6243E-10 1.6097E-10 1.5863E-10 1.5551E-10 1.5442E-10 1.5311E-10 1.5029E-10 1.4872E-10 1.4701E-10 1.4324E-10 1.4147E-10 1.3958E-10 1.3496E-10 1.3308E-10 1.3108E-10 1.2853E-10 1.2512E-10 1.2294E-10 1.2064E-10 1.1659E-10 1.1423E-10 1.1177E-10 1.0752E-10 1.0501E-10 1.0241E-10 9.8002E-11 9.5375E-11 9.2660E-11 8.8130E-11 8.5421E-11 8.2636E-11 7.8033E-11 7.5288E-11 7.2483E-11 6.7899E-11 6.5169E-11 6.1952E-11 5.7925E-11 5.5266E-11 5.1262E-11 4.8284E-11 4.5756E-11 4.1506E-11 3.9160E-11 3.6382E-11 3.2851E-11 3.0733E-11 2.7336E-11 2.5003E-11 2.3165E-11 1.7934E-11
1.3750E-10 1.3982E-10 1.4351E-10 1.4617E-10 1.4653E-10 1.4765E-10 1.4755E-10 1.4721E-10 1.4526E-10 1.4454E-10 1.4358E-10 1.4177E-10 1.4046E-10 1.3984E-10 1.3691E-10 1.3524E-10 1.3346E-10 1.2903E-10 1.2725E-10 1.2537E-10 1.2252E-10 1.1971E-10 1.1765E-10 1.1549E-10 1.1161E-10 1.0939E-10 1.0707E-10 1.0302E-10 1.0066E-10 9.8205E-11 9.3991E-11 9.1520E-11 8.8964E-11 8.4630E-11 8.2080E-11 7.9458E-11 7.5051E-11 7.2465E-11 6.9822E-11 6.5428E-11 6.2855E-11 6.0240E-11 5.5945E-11 5.3435E-11 5.0041E-11 4.6764E-11 4.4373E-11 4.0277E-11 3.8056E-11 3.5403E-11 3.1999E-11 2.9988E-11 2.6703E-11 2.4467E-11 2.2714E-11 1.7587E-11 1.6268E-11
1.2742E-10 1.2855E-10 1.3173E-10 1.3251E-10 1.3310E-10 1.3451E-10 1.3467E-10 1.3459E-10 1.3530E-10 1.3466E-10 1.3458E-10 1.3416E-10 1.3282E-10 1.3010E-10 1.2857E-10 1.2695E-10 1.2336E-10 1.2169E-10 1.1992E-10 1.1637E-10 1.1453E-10 1.1259E-10 1.1055E-10 1.0685E-10 1.0476E-10 1.0257E-10 9.8693E-11 9.6473E-11 9.4164E-11 9.0134E-11 8.7808E-11 8.5402E-11 8.1254E-11 7.8853E-11 7.6384E-11 7.2164E-11 6.9728E-11 6.7237E-11 6.3025E-11 6.0598E-11 5.8131E-11 5.4008E-11 5.1639E-11 4.8396E-11 4.5265E-11 4.3004E-11 3.9058E-11 3.6954E-11 3.4854E-11 3.1143E-11 2.9233E-11 2.6498E-11 2.3916E-11 2.2247E-11 1.8107E-11 1.5968E-11 1.4737E-11
1.1454E-10 1.1705E-10 1.1861E-10 1.2172E-10 1.2239E-10 1.2493E-10 1.2614E-10 1.2683E-10 1.2648E-10 1.2588E-10 1.2506E-10 1.2481E-10 1.2299E-10 1.2166E-10 1.2020E-10 1.1745E-10 1.1591E-10 1.1427E-10 1.1131E-10 1.0958E-10 1.0775E-10 1.0583E-10 1.0228E-10 1.0032E-10 9.8259E-11 9.4548E-11 9.2457E-11 9.0282E-11 8.6428E-11 8.4236E-11 8.1970E-11 7.8001E-11 7.5740E-11 7.3413E-11 6.9372E-11 6.7077E-11 6.4728E-11 6.0691E-11 5.8402E-11 5.6074E-11 5.2117E-11 4.9880E-11 4.6781E-11 4.3791E-11 4.1653E-11 3.7852E-11 3.5860E-11 3.3869E-11 3.0285E-11 2.8473E-11 2.5840E-11 2.3355E-11 2.1765E-11 1.7724E-11 1.5656E-11 1.4480E-11 1.0879E-11
1.0129E-10 1.0686E-10 1.0920E-10 1.1112E-10 1.1436E-10 1.1482E-10 1.1508E-10 1.1699E-10 1.1674E-10 1.1625E-10 1.1556E-10 1.1549E-10 1.1440E-10 1.1316E-10 1.1122E-10 1.0983E-10 1.0834E-10 1.0598E-10 1.0437E-10 1.0268E-10 1.0090E-10 9.7919E-11 9.6064E-11 9.4125E-11 9.0575E-11 8.8604E-11 8.6555E-11 8.2867E-11 8.0803E-11 7.8667E-11 7.4869E-11 7.2738E-11 7.0545E-11 6.6675E-11 6.4511E-11 6.2296E-11 5.8427E-11 5.6268E-11 5.4071E-11 5.0273E-11 4.8160E-11 4.5615E-11 4.2343E-11 4.0321E-11 3.6661E-11 3.4776E-11 3.2890E-11 2.9429E-11 2.7710E-11 2.5594E-11 2.2785E-11 2.1272E-11 1.8167E-11 1.5332E-11 1.4210E-11 1.1513E-11 9.0807E-12
8.7797E-11 9.2192E-11 9.6371E-11 9.9195E-11 1.0317E-10 1.0368E-10 1.0575E-10 1.0585E-10 1.0763E-10 1.0798E-10 1.0734E-10 1.0705E-10 1.0685E-10 1.0509E-10 1.0383E-10 1.0301E-10 1.0079E-10 9.9307E-11 9.7743E-11 9.5702E-11 9.3743E-11 9.1993E-11 9.0164E-11 8.6768E-11 8.4910E-11 8.2978E-11 7.9449E-11 7.7503E-11 7.5489E-11 7.1854E-11 6.9846E-11 6.7778E-11 6.4072E-11 6.2031E-11 5.9942E-11 5.6233E-11 5.4196E-11 5.2122E-11 4.8477E-11 4.6482E-11 4.4061E-11 4.0925E-11 3.9013E-11 3.5490E-11 3.3705E-11 3.1918E-11 2.8578E-11 2.6947E-11 2.4922E-11 2.2210E-11 2.0771E-11 1.7755E-11 1.5000E-11 1.3929E-11 1.1296E-11 8.9207E-12 8.2211E-12
7.2404E-11 7.9278E-11 8.3163E-11 8.7946E-11 9.0614E-11 9.3692E-11 9.5338E-11 9.7285E-11 9.7716E-11 9.9321E-11 9.8765E-11 9.8630E-11 9.7710E-11 9.7505E-11 9.6327E-11 9.5273E-11 9.3934E-11 9.2517E-11 9.0255E-11 8.9298E-11 8.7676E-11 8.5980E-11 8.3122E-11 8.1369E-11 7.9546E-11 7.6170E-11 7.4334E-11 7.2435E-11 6.8955E-11 6.7061E-11 6.5110E-11 6.1561E-11 5.9636E-11 5.7665E-11 5.4110E-11 5.2187E-11 5.0229E-11 4.6731E-11 4.4846E-11 4.2543E-11 3.9538E-11 3.7729E-11 3.4338E-11 3.2649E-11 3.0956E-11 2.7734E-11 2.6187E-11 2.4249E-11 2.1633E-11 2.0263E-11 1.7336E-11 1.4661E-11 1.3640E-11 1.1071E-11 8.7537E-12 8.0842E-12 5.8773E-12
5.5895E-11 6.2809E-11 6.8407E-11 7.5207E-11 7.7791E-11 8.0915E-11 8.5196E-11 8.7841E-11 8.7796E-11 8.8694E-11 8.9657E-11 9.0702E-11 8.9869E-11 8.9796E-11 8.8720E-11 8.8201E-11 8.6948E-11 8.5249E-11 8.3878E-11 8.3047E-11 8.1503E-11 7.9183E-11 7.7557E-11 7.5865E-11 7.3025E-11 7.1293E-11 6.9500E-11 6.6169E-11 6.4382E-11 6.2541E-11 5.9141E-11 5.7325E-11 5.5464E-11 5.2056E-11 5.0241E-11 4.8392E-11 4.5035E-11 4.3255E-11 4.1063E-11 3.8183E-11 3.6472E-11 3.3210E-11 3.1611E-11 3.0007E-11 2.6899E-11 2.5432E-11 2.3970E-11 2.1054E-11 1.9752E-11 1.7696E-11 1.4317E-11 1.3343E-11 1.1622E-11 8.5807E-12 7.9404E-12 6.5562E-12 3.8531E-12
4.3846E-11 4.8790E-11 5.4894E-11 5.8941E-11 6.4430E-11 6.9878E-11 7.3345E-11 7.6517E-11 7.8128E-11 7.9146E-11 8.0441E-11 8.1477E-11 8.2292E-11 8.1417E-11 8.0462E-11 8.0991E-11 7.9847E-11 7.8635E-11 7.7356E-11 7.6673E-11 7.4889E-11 7.3411E-11 7.1870E-11 6.9564E-11 6.7957E-11 6.6293E-11 6.3492E-11 6.1805E-11 6.0067E-11 5.6811E-11 5.5097E-11 5.3339E-11 5.0073E-11 4.8359E-11 4.6611E-11 4.3391E-11 4.1708E-11 4.0002E-11 3.6862E-11 3.5244E-11 3.2105E-11 3.0592E-11 2.9072E-11 2.6076E-11 2.4684E-11 2.3296E-11 2.0478E-11 1.9240E-11 1.7257E-11 1.3970E-11 1.3041E-11 1.1374E-11 8.4030E-12 7.7909E-12 6.4420E-12 3.7894E-12 0.0000E+00
3.3209E-11 3.9653E-11 4.1999E-11 4.5569E-11 5.2405E-11 5.5778E-11 6.0378E-11 6.1672E-11 6.7694E-11 6.8821E-11 7.1277E-11 7.0790E-11 7.3441E-11 7.2663E-11 7.2814E-11 7.2399E-11 7.2978E-11 7.2264E-11 7.0713E-11 6.9488E-11 6.8202E-11 6.7504E-11 6.5730E-11 6.4268E-11 6.2752E-11 6.0481E-11 5.8916E-11 5.7302E-11 5.4568E-11 5.2949E-11 5.1289E-11 4.8158E-11 4.6539E-11 4.4887E-11 4.1797E-11 4.0206E-11 3.8593E-11 3.5576E-11 3.4045E-11 3.1026E-11 2.9593E-11 2.8153E-11 2.5265E-11 2.3945E-11 2.2628E-11 1.9904E-11 1.8727E-11 1.6816E-11 1.3620E-11 1.2736E-11 1.1866E-11 8.2214E-12 7.6366E-12 7.0655E-12 3.7229E-12 0.0000E+00 0.0000E+00
2.1774E-11 2.5766E-11 3.0927E-11 3.4207E-11 3.8816E-11 4.4244E-11 4.5049E-11 5.0506E-11 5.4756E-11 5.8028E-11 6.0782E-11 6.1941E-11 6.2566E-11 6.4305E-11 6.4438E-11 6.5129E-11 6.4706E-11 6.4445E-11 6.4708E-11 6.3572E-11 6.2828E-11 6.1222E-11 6.0576E-11 5.9198E-11 5.7087E-11 5.6064E-11 5.4567E-11 5.1980E-11 5.0477E-11 4.8936E-11 4.6310E-11 4.4780E-11 4.3219E-11 4.0254E-11 3.8750E-11 3.6860E-11 3.4326E-11 3.2877E-11 2.9973E-11 2.8616E-11 2.7251E-11 2.4469E-11 2.3217E-11 2.1966E-11 1.9335E-11 1.8217E-11 1.6375E-11 1.3270E-11 1.2427E-11 1.1598E-11 8.0370E-12 7.4783E-12 6.9320E-12 3.6540E-12 0.0000E+00 0.0000E+00 0.0000E+00
