Assets/Resources/2015_m01_d23_0400(utc+0800)_l00_csi_1hr_conc.grd
DSAA
         159         159
     -79.000      79.000
     -79.000      79.000
  0.0000E+00  0.1708E-04
[rows 0 to 24 of 159, columns 57 to 113 of 159]
1.9703E-09 2.2561E-09 2.5762E-09 2.9136E-09 3.2718E-09 3.6365E-09 4.0069E-09 4.3672E-09 4.7162E-09 5.0462E-09 5.3593E-09 5.6499E-09 5.9166E-09 6.1608E-09 6.3780E-09 6.5724E-09 6.7433E-09 6.8875E-09 7.0123E-09 7.1139E-09 7.1939E-09 7.2564E-09 7.2966E-09 7.3213E-09 7.3252E-09 7.3164E-09 7.2898E-09 7.2529E-09 7.2013E-09 7.1398E-09 7.0701E-09 6.9900E-09 6.9057E-09 6.8123E-09 6.7164E-09 6.6134E-09 6.5065E-09 6.3997E-09 6.2878E-09 6.1768E-09 6.0622E-09 5.9466E-09 5.8333E-09 5.7177E-09 5.6047E-09 5.4903E-09 5.3768E-09 5.2667E-09 5.1558E-09 5.0485E-09 4.9407E-09 4.8343E-09 4.7318E-09 4.6286E-09 4.5269E-09 4.4295E-09 4.3317E-09
1.9956E-09 2.2850E-09 2.6083E-09 2.9526E-09 3.3143E-09 3.6860E-09 4.0607E-09 4.4291E-09 4.7821E-09 5.1198E-09 5.4360E-09 5.7334E-09 6.0022E-09 6.2503E-09 6.4720E-09 6.6676E-09 6.8409E-09 6.9890E-09 7.1127E-09 7.2165E-09 7.2967E-09 7.3584E-09 7.4005E-09 7.4226E-09 7.4279E-09 7.4161E-09 7.3881E-09 7.3500E-09 7.2967E-09 7.2356E-09 7.1621E-09 7.0819E-09 6.9938E-09 6.8982E-09 6.8003E-09 6.6951E-09 6.5889E-09 6.4772E-09 6.3630E-09 6.2502E-09 6.1334E-09 6.0182E-09 5.9005E-09 5.7828E-09 5.6681E-09 5.5517E-09 5.4386E-09 5.3246E-09 5.2118E-09 5.1030E-09 4.9935E-09 4.8854E-09 4.7816E-09 4.6769E-09 4.5736E-09 4.4751E-09 4.3758E-09
2.0167E-09 2.3088E-09 2.6357E-09 2.9856E-09 3.3501E-09 3.7287E-09 4.1076E-09 4.4817E-09 4.8403E-09 5.1860E-09 5.5050E-09 5.8077E-09 6.0819E-09 6.3323E-09 6.5589E-09 6.7571E-09 6.9317E-09 7.0830E-09 7.2079E-09 7.3118E-09 7.3950E-09 7.4546E-09 7.4980E-09 7.5188E-09 7.5247E-09 7.5110E-09 7.4852E-09 7.4429E-09 7.3880E-09 7.3256E-09 7.2502E-09 7.1695E-09 7.0785E-09 6.9829E-09 6.8812E-09 6.7739E-09 6.6660E-09 6.5522E-09 6.4379E-09 6.3213E-09 6.2024E-09 6.0854E-09 5.9658E-09 5.8478E-09 5.7297E-09 5.6115E-09 5.4968E-09 5.3809E-09 5.2680E-09 5.1562E-09 5.0451E-09 4.9381E-09 4.8303E-09 4.7241E-09 4.6222E-09 4.5198E-09 4.4192E-09
2.0374E-09 2.3274E-09 2.6559E-09 3.0124E-09 3.3788E-09 3.7641E-09 4.1467E-09 4.5287E-09 4.8927E-09 5.2422E-09 5.5682E-09 5.8739E-09 6.1553E-09 6.4081E-09 6.6370E-09 6.8408E-09 7.0166E-09 7.1689E-09 7.2979E-09 7.4007E-09 7.4849E-09 7.5460E-09 7.5888E-09 7.6106E-09 7.6154E-09 7.6010E-09 7.5746E-09 7.5311E-09 7.4783E-09 7.4115E-09 7.3345E-09 7.2525E-09 7.1596E-09 7.0635E-09 6.9590E-09 6.8518E-09 6.7402E-09 6.6245E-09 6.5095E-09 6.3900E-09 6.2709E-09 6.1506E-09 6.0291E-09 5.9103E-09 5.7896E-09 5.6712E-09 5.5534E-09 5.4358E-09 5.3223E-09 5.2081E-09 5.0953E-09 4.9871E-09 4.8779E-09 4.7703E-09 4.6673E-09 4.5635E-09 4.4616E-09
2.0506E-09 2.3402E-09 2.6698E-09 3.0304E-09 3.4025E-09 3.7903E-09 4.1802E-09 4.5655E-09 4.9351E-09 5.2901E-09 5.6232E-09 5.9318E-09 6.2178E-09 6.4760E-09 6.7071E-09 6.9143E-09 7.0942E-09 7.2475E-09 7.3787E-09 7.4840E-09 7.5683E-09 7.6326E-09 7.6736E-09 7.6980E-09 7.7006E-09 7.6869E-09 7.6591E-09 7.6147E-09 7.5612E-09 7.4931E-09 7.4182E-09 7.3316E-09 7.2382E-09 7.1398E-09 7.0336E-09 6.9260E-09 6.8116E-09 6.6951E-09 6.5776E-09 6.4563E-09 6.3365E-09 6.2136E-09 6.0911E-09 5.9701E-09 5.8476E-09 5.7287E-09 5.6083E-09 5.4900E-09 5.3744E-09 5.2586E-09 5.1471E-09 5.0350E-09 4.9244E-09 4.8184E-09 4.7114E-09 4.6063E-09 4.5031E-09
2.0590E-09 2.3477E-09 2.6800E-09 3.0412E-09 3.4169E-09 3.8085E-09 4.2056E-09 4.5938E-09 4.9712E-09 5.3291E-09 5.6697E-09 5.9826E-09 6.2717E-09 6.5357E-09 6.7705E-09 6.9797E-09 7.1641E-09 7.3198E-09 7.4522E-09 7.5618E-09 7.6450E-09 7.7106E-09 7.7522E-09 7.7774E-09 7.7801E-09 7.7688E-09 7.7384E-09 7.6957E-09 7.6394E-09 7.5703E-09 7.4947E-09 7.4068E-09 7.3145E-09 7.2125E-09 7.1058E-09 6.9959E-09 6.8800E-09 6.7642E-09 6.6431E-09 6.5210E-09 6.3990E-09 6.2744E-09 6.1523E-09 6.0279E-09 5.9047E-09 5.7835E-09 5.6617E-09 5.5438E-09 5.4250E-09 5.3077E-09 5.1951E-09 5.0816E-09 4.9696E-09 4.8627E-09 4.7545E-09 4.6482E-09 4.5473E-09
2.0658E-09 2.3487E-09 2.6858E-09 3.0449E-09 3.4266E-09 3.8186E-09 4.2204E-09 4.6132E-09 4.9985E-09 5.3615E-09 5.7053E-09 6.0246E-09 6.3182E-09 6.5854E-09 6.8269E-09 7.0383E-09 7.2248E-09 7.3859E-09 7.5182E-09 7.6300E-09 7.7173E-09 7.7819E-09 7.8269E-09 7.8507E-09 7.8537E-09 7.8430E-09 7.8124E-09 7.7708E-09 7.7129E-09 7.6454E-09 7.5668E-09 7.4779E-09 7.3848E-09 7.2816E-09 7.1760E-09 7.0627E-09 6.9452E-09 6.8284E-09 6.7058E-09 6.5842E-09 6.4590E-09 6.3328E-09 6.2095E-09 6.0836E-09 5.9609E-09 5.8366E-09 5.7133E-09 5.5943E-09 5.4741E-09 5.3583E-09 5.2418E-09 5.1270E-09 5.0169E-09 4.9060E-09 4.7966E-09 4.6890E-09 4.5874E-09
2.0638E-09 2.3462E-09 2.6807E-09 3.0415E-09 3.4285E-09 3.8209E-09 4.2290E-09 4.6261E-09 5.0147E-09 5.3848E-09 5.7317E-09 6.0576E-09 6.3558E-09 6.6261E-09 6.8720E-09 7.0886E-09 7.2771E-09 7.4416E-09 7.5791E-09 7.6908E-09 7.7815E-09 7.8463E-09 7.8940E-09 7.9177E-09 7.9239E-09 7.9114E-09 7.8810E-09 7.8397E-09 7.7814E-09 7.7149E-09 7.6346E-09 7.5472E-09 7.4512E-09 7.3469E-09 7.2406E-09 7.1261E-09 7.0109E-09 6.8896E-09 6.7656E-09 6.6431E-09 6.5165E-09 6.3919E-09 6.2646E-09 6.1373E-09 6.0136E-09 5.8879E-09 5.7661E-09 5.6432E-09 5.5216E-09 5.4049E-09 5.2872E-09 5.1711E-09 5.0601E-09 4.9481E-09 4.8376E-09 4.7327E-09 4.6266E-09
2.0568E-09 2.3412E-09 2.6693E-09 3.0312E-09 3.4205E-09 3.8173E-09 4.2265E-09 4.6277E-09 5.0215E-09 5.3967E-09 5.7503E-09 6.0797E-09 6.3842E-09 6.6592E-09 6.9080E-09 7.1304E-09 7.3225E-09 7.4890E-09 7.6310E-09 7.7452E-09 7.8372E-09 7.9050E-09 7.9532E-09 7.9782E-09 7.9870E-09 7.9740E-09 7.9478E-09 7.9033E-09 7.8461E-09 7.7786E-09 7.6978E-09 7.6114E-09 7.5135E-09 7.4108E-09 7.3016E-09 7.1860E-09 7.0702E-09 6.9478E-09 6.8258E-09 6.6993E-09 6.5714E-09 6.4460E-09 6.3174E-09 6.1918E-09 6.0642E-09 5.9373E-09 5.8146E-09 5.6904E-09 5.5706E-09 5.4501E-09 5.3311E-09 5.2171E-09 5.1022E-09 4.9891E-09 4.8775E-09 4.7720E-09 4.6649E-09
2.0522E-09 2.3260E-09 2.6518E-09 3.0213E-09 3.4045E-09 3.8035E-09 4.2151E-09 4.6229E-09 5.0188E-09 5.4014E-09 5.7579E-09 6.0922E-09 6.4019E-09 6.6832E-09 6.9364E-09 7.1619E-09 7.3607E-09 7.5281E-09 7.6737E-09 7.7921E-09 7.8854E-09 7.9579E-09 8.0056E-09 8.0334E-09 8.0427E-09 8.0306E-09 8.0055E-09 7.9614E-09 7.9072E-09 7.8374E-09 7.7576E-09 7.6701E-09 7.5717E-09 7.4700E-09 7.3589E-09 7.2449E-09 7.1262E-09 7.0029E-09 6.8802E-09 6.7528E-09 6.6269E-09 6.4977E-09 6.3680E-09 6.2416E-09 6.1129E-09 5.9878E-09 5.8613E-09 5.7360E-09 5.6155E-09 5.4938E-09 5.3738E-09 5.2591E-09 5.1432E-09 5.0289E-09 4.9204E-09 4.8104E-09 4.7023E-09
2.0361E-09 2.3055E-09 2.6356E-09 2.9972E-09 3.3807E-09 3.7865E-09 4.1949E-09 4.6094E-09 5.0092E-09 5.3943E-09 5.7575E-09 6.0968E-09 6.4100E-09 6.6979E-09 6.9557E-09 7.1843E-09 7.3876E-09 7.5617E-09 7.7081E-09 7.8312E-09 7.9259E-09 8.0013E-09 8.0509E-09 8.0834E-09 8.0919E-09 8.0824E-09 8.0574E-09 8.0140E-09 7.9607E-09 7.8912E-09 7.8142E-09 7.7243E-09 7.6269E-09 7.5240E-09 7.4124E-09 7.2995E-09 7.1789E-09 7.0570E-09 6.9318E-09 6.8034E-09 6.6770E-09 6.5469E-09 6.4193E-09 6.2892E-09 6.1595E-09 6.0338E-09 5.9063E-09 5.7831E-09 5.6588E-09 5.5360E-09 5.4184E-09 5.2997E-09 5.1829E-09 5.0676E-09 4.9587E-09 4.8477E-09 4.7388E-09
2.0152E-09 2.2879E-09 2.6064E-09 2.9661E-09 3.3573E-09 3.7565E-09 4.1683E-09 4.5844E-09 4.9878E-09 5.3776E-09 5.7476E-09 6.0918E-09 6.4102E-09 6.7016E-09 6.9659E-09 7.1992E-09 7.4056E-09 7.5855E-09 7.7356E-09 7.8611E-09 7.9602E-09 8.0372E-09 8.0891E-09 8.1242E-09 8.1345E-09 8.1295E-09 8.1034E-09 8.0637E-09 8.0090E-09 7.9399E-09 7.8638E-09 7.7740E-09 7.6794E-09 7.5740E-09 7.4633E-09 7.3493E-09 7.2283E-09 7.1071E-09 6.9803E-09 6.8534E-09 6.7246E-09 6.5936E-09 6.4656E-09 6.3347E-09 6.2062E-09 6.0779E-09 5.9495E-09 5.8257E-09 5.7005E-09 5.5768E-09 5.4587E-09 5.3391E-09 5.2214E-09 5.1094E-09 4.9959E-09 4.8842E-09 4.7792E-09
1.9894E-09 2.2591E-09 2.5712E-09 2.9357E-09 3.3193E-09 3.7182E-09 4.1365E-09 4.5503E-09 4.9622E-09 5.3532E-09 5.7263E-09 6.0771E-09 6.4008E-09 6.6956E-09 6.9653E-09 7.2051E-09 7.4146E-09 7.5993E-09 7.7549E-09 7.8829E-09 7.9883E-09 8.0657E-09 8.1215E-09 8.1581E-09 8.1706E-09 8.1680E-09 8.1434E-09 8.1067E-09 8.0518E-09 7.9863E-09 7.9085E-09 7.8191E-09 7.7252E-09 7.6199E-09 7.5120E-09 7.3955E-09 7.2753E-09 7.1531E-09 7.0259E-09 6.8999E-09 6.7694E-09 6.6389E-09 6.5096E-09 6.3780E-09 6.2501E-09 6.1201E-09 5.9930E-09 5.8667E-09 5.7406E-09 5.6185E-09 5.4976E-09 5.3772E-09 5.2586E-09 5.1464E-09 5.0322E-09 4.9196E-09 4.8145E-09
1.9667E-09 2.2255E-09 2.5303E-09 2.8922E-09 3.2740E-09 3.6800E-09 4.0915E-09 4.5073E-09 4.9227E-09 5.3177E-09 5.6954E-09 6.0513E-09 6.3803E-09 6.6819E-09 6.9554E-09 7.2019E-09 7.4178E-09 7.6044E-09 7.7661E-09 7.8966E-09 8.0060E-09 8.0866E-09 8.1485E-09 8.1850E-09 8.2030E-09 8.2001E-09 8.1774E-09 8.1428E-09 8.0892E-09 8.0265E-09 7.9483E-09 7.8623E-09 7.7667E-09 7.6617E-09 7.5545E-09 7.4380E-09 7.3203E-09 7.1959E-09 7.0684E-09 6.9425E-09 6.8116E-09 6.6832E-09 6.5512E-09 6.4202E-09 6.2910E-09 6.1603E-09 6.0340E-09 5.9060E-09 5.7792E-09 5.6579E-09 5.5351E-09 5.4140E-09 5.2990E-09 5.1823E-09 5.0674E-09 4.9575E-09 4.8489E-09
1.9327E-09 2.1870E-09 2.4925E-09 2.8423E-09 3.2294E-09 3.6280E-09 4.0384E-09 4.4638E-09 4.8740E-09 5.2766E-09 5.6568E-09 6.0158E-09 6.3519E-09 6.6588E-09 6.9377E-09 7.1881E-09 7.4107E-09 7.6023E-09 7.7674E-09 7.9037E-09 8.0159E-09 8.1000E-09 8.1656E-09 8.2050E-09 8.2275E-09 8.2259E-09 8.2083E-09 8.1731E-09 8.1225E-09 8.0603E-09 7.9832E-09 7.9000E-09 7.8037E-09 7.7021E-09 7.5931E-09 7.4769E-09 7.3597E-09 7.2354E-09 7.1115E-09 6.9823E-09 6.8512E-09 6.7228E-09 6.5905E-09 6.4616E-09 6.3299E-09 6.1986E-09 6.0723E-09 5.9437E-09 5.8175E-09 5.6948E-09 5.5714E-09 5.4496E-09 5.3345E-09 5.2171E-09 5.1015E-09 4.9934E-09 4.8826E-09
1.8950E-09 2.1513E-09 2.4427E-09 2.7863E-09 3.1716E-09 3.5686E-09 3.9858E-09 4.4046E-09 4.8164E-09 5.2229E-09 5.6090E-09 5.9729E-09 6.3125E-09 6.6265E-09 6.9110E-09 7.1651E-09 7.3935E-09 7.5918E-09 7.7603E-09 7.9044E-09 8.0180E-09 8.1090E-09 8.1754E-09 8.2179E-09 8.2441E-09 8.2452E-09 8.2320E-09 8.1976E-09 8.1505E-09 8.0888E-09 8.0146E-09 7.9317E-09 7.8364E-09 7.7375E-09 7.6278E-09 7.5145E-09 7.3958E-09 7.2717E-09 7.1483E-09 7.0192E-09 6.8917E-09 6.7600E-09 6.6275E-09 6.4987E-09 6.3667E-09 6.2388E-09 6.1088E-09 5.9797E-09 5.8559E-09 5.7303E-09 5.6063E-09 5.4884E-09 5.3688E-09 5.2509E-09 5.1365E-09 5.0267E-09 4.9154E-09
1.8537E-09 2.1048E-09 2.3882E-09 2.7331E-09 3.1078E-09 3.5100E-09 3.9188E-09 4.3372E-09 4.7564E-09 5.1603E-09 5.5521E-09 5.9208E-09 6.2655E-09 6.5832E-09 6.8752E-09 7.1349E-09 7.3675E-09 7.5728E-09 7.7448E-09 7.8943E-09 8.0122E-09 8.1092E-09 8.1780E-09 8.2271E-09 8.2540E-09 8.2597E-09 8.2483E-09 8.2163E-09 8.1734E-09 8.1122E-09 8.0413E-09 7.9587E-09 7.8647E-09 7.7673E-09 7.6586E-09 7.5476E-09 7.4284E-09 7.3072E-09 7.1822E-09 7.0532E-09 6.9263E-09 6.7947E-09 6.6659E-09 6.5337E-09 6.4015E-09 6.2739E-09 6.1435E-09 6.0140E-09 5.8904E-09 5.7643E-09 5.6398E-09 5.5221E-09 5.4020E-09 5.2836E-09 5.1729E-09 5.0593E-09 4.9475E-09
1.8168E-09 2.0545E-09 2.3369E-09 2.6682E-09 3.0382E-09 3.4381E-09 3.8450E-09 4.2679E-09 4.6830E-09 5.0909E-09 5.4847E-09 5.8581E-09 6.2077E-09 6.5309E-09 6.8289E-09 7.0959E-09 7.3343E-09 7.5440E-09 7.7229E-09 7.8762E-09 7.9987E-09 8.1007E-09 8.1734E-09 8.2281E-09 8.2573E-09 8.2681E-09 8.2585E-09 8.2308E-09 8.1893E-09 8.1303E-09 8.0634E-09 7.9811E-09 7.8917E-09 7.7931E-09 7.6854E-09 7.5760E-09 7.4575E-09 7.3386E-09 7.2130E-09 7.0870E-09 6.9583E-09 6.8269E-09 6.6987E-09 6.5666E-09 6.4369E-09 6.3070E-09 6.1765E-09 6.0510E-09 5.9234E-09 5.7970E-09 5.6753E-09 5.5547E-09 5.4341E-09 5.3153E-09 5.2050E-09 5.0910E-09 4.9922E-09
1.7697E-09 2.0011E-09 2.2755E-09 2.5989E-09 2.9712E-09 3.3602E-09 3.7700E-09 4.1863E-09 4.6021E-09 5.0159E-09 5.4087E-09 5.7884E-09 6.1430E-09 6.4718E-09 6.7737E-09 7.0484E-09 7.2928E-09 7.5067E-09 7.6930E-09 7.8501E-09 7.9792E-09 8.0847E-09 8.1617E-09 8.2209E-09 8.2539E-09 8.2704E-09 8.2627E-09 8.2399E-09 8.1999E-09 8.1449E-09 8.0792E-09 7.9988E-09 7.9132E-09 7.8147E-09 7.7112E-09 7.6007E-09 7.4832E-09 7.3657E-09 7.2408E-09 7.1170E-09 6.9877E-09 6.8592E-09 6.7292E-09 6.5973E-09 6.4694E-09 6.3384E-09 6.2078E-09 6.0827E-09 5.9549E-09 5.8283E-09 5.7085E-09 5.5861E-09 5.4652E-09 5.3523E-09 5.2363E-09 5.1219E-09 5.0323E-09
1.7197E-09 1.9523E-09 2.2116E-09 2.5281E-09 2.8923E-09 3.2769E-09 3.6840E-09 4.0977E-09 4.5198E-09 4.9295E-09 5.3283E-09 5.7086E-09 6.0698E-09 6.4041E-09 6.7117E-09 6.9908E-09 7.2431E-09 7.4612E-09 7.6553E-09 7.8162E-09 7.9541E-09 8.0614E-09 8.1463E-09 8.2069E-09 8.2456E-09 8.2650E-09 8.2608E-09 8.2434E-09 8.2049E-09 8.1546E-09 8.0901E-09 8.0135E-09 7.9289E-09 7.8322E-09 7.7321E-09 7.6217E-09 7.5083E-09 7.3896E-09 7.2656E-09 7.1432E-09 7.0145E-09 6.8883E-09 6.7575E-09 6.6273E-09 6.4989E-09 6.3679E-09 6.2403E-09 6.1129E-09 5.9851E-09 5.8600E-09 5.7390E-09 5.6163E-09 5.4952E-09 5.3830E-09 5.2667E-09 5.1593E-09 5.0656E-09
1.6676E-09 1.8939E-09 2.1454E-09 2.4566E-09 2.8089E-09 3.1944E-09 3.5921E-09 4.0088E-09 4.4255E-09 4.8355E-09 5.2391E-09 5.6226E-09 5.9866E-09 6.3282E-09 6.6415E-09 6.9249E-09 7.1838E-09 7.4094E-09 7.6082E-09 7.7746E-09 7.9185E-09 8.0310E-09 8.1227E-09 8.1862E-09 8.2311E-09 8.2534E-09 8.2548E-09 8.2399E-09 8.2046E-09 8.1594E-09 8.0961E-09 8.0239E-09 7.9404E-09 7.8471E-09 7.7480E-09 7.6392E-09 7.5291E-09 7.4104E-09 7.2904E-09 7.1666E-09 7.0388E-09 6.9138E-09 6.7836E-09 6.6569E-09 6.5264E-09 6.3957E-09 6.2703E-09 6.1416E-09 6.0138E-09 5.8925E-09 5.7683E-09 5.6455E-09 5.5308E-09 5.4128E-09 5.2963E-09 5.2056E-09 5.0987E-09
1.6213E-09 1.8331E-09 2.0821E-09 2.3774E-09 2.7238E-09 3.1021E-09 3.4951E-09 3.9090E-09 4.3248E-09 4.7409E-09 5.1408E-09 5.5310E-09 5.8954E-09 6.2427E-09 6.5616E-09 6.8530E-09 7.1164E-09 7.3499E-09 7.5534E-09 7.7274E-09 7.8758E-09 7.9934E-09 8.0908E-09 8.1590E-09 8.2105E-09 8.2357E-09 8.2432E-09 8.2308E-09 8.2008E-09 8.1577E-09 8.0974E-09 8.0301E-09 7.9475E-09 7.8583E-09 7.7601E-09 7.6546E-09 7.5453E-09 7.4281E-09 7.3112E-09 7.1873E-09 7.0634E-09 6.9370E-09 6.8075E-09 6.6820E-09 6.5520E-09 6.4233E-09 6.2973E-09 6.1689E-09 6.0411E-09 5.9207E-09 5.7965E-09 5.6737E-09 5.5598E-09 5.4418E-09 5.3253E-09 5.2381E-09 5.1316E-09
1.5663E-09 1.7702E-09 2.0145E-09 2.2961E-09 2.6373E-09 3.0059E-09 3.4003E-09 3.8043E-09 4.2242E-09 4.6344E-09 5.0356E-09 5.4288E-09 5.7988E-09 6.1493E-09 6.4759E-09 6.7735E-09 7.0413E-09 7.2831E-09 7.4912E-09 7.6731E-09 7.8258E-09 7.9508E-09 8.0522E-09 8.1253E-09 8.1821E-09 8.2119E-09 8.2260E-09 8.2161E-09 8.1919E-09 8.1511E-09 8.0957E-09 8.0304E-09 7.9505E-09 7.8657E-09 7.7685E-09 7.6668E-09 7.5582E-09 7.4441E-09 7.3279E-09 7.2054E-09 7.0846E-09 6.9578E-09 6.8323E-09 6.7052E-09 6.5758E-09 6.4511E-09 6.3228E-09 6.1947E-09 6.0728E-09 5.9477E-09 5.8237E-09 5.7055E-09 5.5881E-09 5.4701E-09 5.3785E-09 5.2704E-09 5.1646E-09
1.5099E-09 1.7114E-09 1.9426E-09 2.2168E-09 2.5445E-09 2.9119E-09 3.2959E-09 3.6953E-09 4.1129E-09 4.5220E-09 4.9304E-09 5.3196E-09 5.6973E-09 6.0507E-09 6.3809E-09 6.6867E-09 6.9587E-09 7.2074E-09 7.4216E-09 7.6119E-09 7.7689E-09 7.9017E-09 8.0071E-09 8.0891E-09 8.1475E-09 8.1840E-09 8.2017E-09 8.1960E-09 8.1782E-09 8.1395E-09 8.0897E-09 8.0262E-09 7.9509E-09 7.8679E-09 7.7732E-09 7.6758E-09 7.5679E-09 7.4575E-09 7.3419E-09 7.2223E-09 7.1020E-09 6.9765E-09 6.8540E-09 6.7265E-09 6.5979E-09 6.4746E-09 6.3468E-09 6.2191E-09 6.0984E-09 5.9736E-09 5.8498E-09 5.7349E-09 5.6155E-09 5.4976E-09 5.4100E-09 5.3028E-09 5.2345E-09
1.4524E-09 1.6494E-09 1.8694E-09 2.1345E-09 2.4498E-09 2.8104E-09 3.1883E-09 3.5885E-09 3.9968E-09 4.4105E-09 4.8136E-09 5.2061E-09 5.5857E-09 5.9432E-09 6.2788E-09 6.5910E-09 6.8710E-09 7.1246E-09 7.3469E-09 7.5420E-09 7.7052E-09 7.8462E-09 7.9556E-09 8.0433E-09 8.1069E-09 8.1506E-09 8.1717E-09 8.1725E-09 8.1578E-09 8.1231E-09 8.0794E-09 8.0178E-09 7.9475E-09 7.8663E-09 7.7759E-09 7.6800E-09 7.5745E-09 7.4682E-09 7.3531E-09 7.2385E-09 7.1171E-09 6.9945E-09 6.8724E-09 6.7459E-09 6.6217E-09 6.4964E-09 6.3693E-09 6.2442E-09 6.1229E-09 5.9985E-09 5.8773E-09 5.7614E-09 5.6423E-09 5.5421E-09 5.4416E-09 5.3352E-09 5.2737E-09
