Assets/Resources/2015_m01_d24_0500(utc+0800)_l00_csi_1hr_conc.grd
DSAA
         159         159
     -79.000      79.000
     -79.000      79.000
  0.0000E+00  0.1039E-04
[rows 100 to 124 of 159, columns 57 to 113 of 159]
1.2019E-09 1.2477E-09 1.2986E-09 1.3514E-09 1.4022E-09 1.4547E-09 1.5088E-09 1.5646E-09 1.6292E-09 1.6963E-09 1.7624E-09 1.8331E-09 1.9133E-09 1.9931E-09 2.0804E-09 2.1779E-09 2.2881E-09 2.4046E-09 2.5306E-09 2.6557E-09 2.7922E-09 2.9334E-09 3.0821E-09 3.2365E-09 3.4056E-09 3.5789E-09 3.7578E-09 3.9322E-09 4.1036E-09 4.2748E-09 4.4407E-09 4.6007E-09 4.7602E-09 4.9188E-09 5.1093E-09 5.2661E-09 5.4192E-09 5.5679E-09 5.7112E-09 5.8484E-09 5.9790E-09 6.1019E-09 6.2169E-09 6.3233E-09 6.4217E-09 6.5107E-09 6.5897E-09 6.6582E-09 6.7156E-09 6.7612E-09 6.7949E-09 6.8178E-09 6.8298E-09 6.8315E-09 6.8229E-09 6.8047E-09 6.7768E-09
1.1887E-09 1.2339E-09 1.2805E-09 1.3286E-09 1.3782E-09 1.4293E-09 1.4862E-09 1.5429E-09 1.5993E-09 1.6667E-09 1.7336E-09 1.8008E-09 1.8725E-09 1.9500E-09 2.0261E-09 2.1096E-09 2.2018E-09 2.3034E-09 2.4165E-09 2.5362E-09 2.6634E-09 2.7902E-09 2.9242E-09 3.0675E-09 3.2134E-09 3.3646E-09 3.5281E-09 3.6959E-09 3.8638E-09 4.0308E-09 4.1949E-09 4.3564E-09 4.5117E-09 4.6603E-09 4.8063E-09 4.9499E-09 5.0905E-09 5.2541E-09 5.3963E-09 5.5258E-09 5.6497E-09 5.7670E-09 5.8772E-09 5.9802E-09 6.0761E-09 6.1643E-09 6.2433E-09 6.3134E-09 6.3737E-09 6.4239E-09 6.4630E-09 6.4924E-09 6.5121E-09 6.5225E-09 6.5234E-09 6.5153E-09 6.4986E-09
1.1751E-09 1.2197E-09 1.2656E-09 1.3130E-09 1.3619E-09 1.4124E-09 1.4643E-09 1.5179E-09 1.5731E-09 1.6299E-09 1.6976E-09 1.7635E-09 1.8337E-09 1.9086E-09 1.9864E-09 2.0583E-09 2.1393E-09 2.2257E-09 2.3193E-09 2.4242E-09 2.5382E-09 2.6590E-09 2.7852E-09 2.9135E-09 3.0455E-09 3.1857E-09 3.3294E-09 3.4761E-09 3.6315E-09 3.7929E-09 3.9486E-09 4.1050E-09 4.2611E-09 4.4140E-09 4.5605E-09 4.7005E-09 4.8333E-09 4.9623E-09 5.0878E-09 5.2089E-09 5.3346E-09 5.4629E-09 5.5688E-09 5.6763E-09 5.7699E-09 5.8571E-09 5.9363E-09 6.0078E-09 6.0707E-09 6.1244E-09 6.1684E-09 6.2035E-09 6.2300E-09 6.2476E-09 6.2499E-09 6.2510E-09 6.2418E-09
1.1613E-09 1.2052E-09 1.2591E-09 1.2972E-09 1.3453E-09 1.3950E-09 1.4462E-09 1.4989E-09 1.5533E-09 1.6092E-09 1.6668E-09 1.7314E-09 1.7975E-09 1.8661E-09 1.9401E-09 2.0173E-09 2.0922E-09 2.1662E-09 2.2457E-09 2.3340E-09 2.4284E-09 2.5322E-09 2.6451E-09 2.7682E-09 2.8958E-09 3.0245E-09 3.1532E-09 3.2898E-09 3.4286E-09 3.5685E-09 3.7155E-09 3.8664E-09 4.0146E-09 4.1569E-09 4.3008E-09 4.4436E-09 4.5844E-09 4.7159E-09 4.8417E-09 4.9609E-09 5.0728E-09 5.1798E-09 5.2813E-09 5.3778E-09 5.4688E-09 5.5638E-09 5.6429E-09 5.7151E-09 5.7884E-09 5.8453E-09 5.8938E-09 5.9339E-09 5.9580E-09 5.9826E-09 5.9917E-09 5.9896E-09 5.9631E-09
1.1472E-09 1.1904E-09 1.2350E-09 1.2810E-09 1.3285E-09 1.3773E-09 1.4277E-09 1.4796E-09 1.5331E-09 1.5881E-09 1.6447E-09 1.7030E-09 1.7662E-09 1.8512E-09 1.9035E-09 1.9781E-09 2.0533E-09 2.1283E-09 2.2024E-09 2.2785E-09 2.3579E-09 2.4419E-09 2.5331E-09 2.6323E-09 2.7414E-09 2.8565E-09 2.9916E-09 3.1174E-09 3.2456E-09 3.3763E-09 3.5096E-09 3.6440E-09 3.7809E-09 3.9211E-09 4.0579E-09 4.1901E-09 4.3188E-09 4.4473E-09 4.5731E-09 4.6966E-09 4.8161E-09 4.9289E-09 5.0353E-09 5.1342E-09 5.2273E-09 5.3145E-09 5.3950E-09 5.4685E-09 5.5350E-09 5.5931E-09 5.6419E-09 5.6741E-09 5.6579E-09 5.6699E-09 5.6311E-09 5.6055E-09 5.5435E-09
1.1287E-09 1.1711E-09 1.2159E-09 1.2623E-09 1.3101E-09 1.3594E-09 1.4090E-09 1.4601E-09 1.5126E-09 1.5668E-09 1.6225E-09 1.6798E-09 1.7387E-09 1.8004E-09 1.8685E-09 1.9399E-09 2.0127E-09 2.0882E-09 2.1659E-09 2.2402E-09 2.3164E-09 2.3944E-09 2.4742E-09 2.5569E-09 2.6812E-09 2.7756E-09 2.8340E-09 2.9413E-09 3.0632E-09 3.1873E-09 3.3112E-09 3.4373E-09 3.5660E-09 3.6954E-09 3.8238E-09 3.9537E-09 4.0823E-09 4.2057E-09 4.3232E-09 4.4339E-09 4.5393E-09 4.6402E-09 4.7367E-09 4.8284E-09 4.8829E-09 4.9659E-09 4.9877E-09 5.0602E-09 5.0714E-09 5.1326E-09 5.1588E-09 5.1988E-09 5.2319E-09 5.2584E-09 5.2795E-09 5.2922E-09 5.3214E-09
1.1150E-09 1.1567E-09 1.1997E-09 1.2440E-09 1.2897E-09 1.3368E-09 1.3853E-09 1.4366E-09 1.4895E-09 1.5426E-09 1.5987E-09 1.6550E-09 1.7143E-09 1.7739E-09 1.8351E-09 1.9028E-09 1.9734E-09 2.0465E-09 2.1221E-09 2.2021E-09 2.2768E-09 2.3530E-09 2.4309E-09 2.5104E-09 2.5916E-09 2.6745E-09 2.7589E-09 2.8457E-09 2.9350E-09 3.0280E-09 3.1374E-09 3.2385E-09 3.3432E-09 3.4500E-09 3.5583E-09 3.6685E-09 3.8386E-09 3.8919E-09 3.9767E-09 4.0872E-09 4.1686E-09 4.2702E-09 4.3422E-09 4.4347E-09 4.5227E-09 4.6051E-09 4.6829E-09 4.7563E-09 4.8249E-09 4.8888E-09 4.9473E-09 5.0006E-09 5.0533E-09 5.1052E-09 5.1517E-09 5.1879E-09 5.2172E-09
1.1000E-09 1.1421E-09 1.1844E-09 1.2281E-09 1.2731E-09 1.3194E-09 1.3672E-09 1.4164E-09 1.4670E-09 1.5191E-09 1.5727E-09 1.6278E-09 1.6845E-09 1.7444E-09 1.8043E-09 1.8675E-09 1.9327E-09 2.0049E-09 2.0781E-09 2.1540E-09 2.2325E-09 2.3106E-09 2.3884E-09 2.4661E-09 2.5455E-09 2.6264E-09 2.7088E-09 2.7927E-09 2.8780E-09 2.9646E-09 3.0524E-09 3.1412E-09 3.2399E-09 3.3344E-09 3.4266E-09 3.5190E-09 3.6119E-09 3.7047E-09 3.7976E-09 3.8901E-09 3.9832E-09 4.0750E-09 4.1656E-09 4.2542E-09 4.3405E-09 4.4245E-09 4.5055E-09 4.6494E-09 4.6580E-09 4.7286E-09 4.7952E-09 4.8574E-09 4.9151E-09 4.9679E-09 5.0155E-09 5.0580E-09 5.0952E-09
1.0833E-09 1.1235E-09 1.1650E-09 1.2089E-09 1.2541E-09 1.3008E-09 1.3489E-09 1.3973E-09 1.4472E-09 1.4984E-09 1.5512E-09 1.6055E-09 1.6613E-09 1.7186E-09 1.7775E-09 1.8379E-09 1.8999E-09 1.9635E-09 2.0327E-09 2.1058E-09 2.1830E-09 2.2610E-09 2.3409E-09 2.4179E-09 2.4987E-09 2.5796E-09 2.6603E-09 2.7425E-09 2.8260E-09 2.9107E-09 2.9967E-09 3.0837E-09 3.1718E-09 3.2606E-09 3.3502E-09 3.4524E-09 3.5438E-09 3.6350E-09 3.7262E-09 3.8171E-09 3.9074E-09 3.9968E-09 4.0849E-09 4.1715E-09 4.2563E-09 4.3391E-09 4.4192E-09 4.4966E-09 4.5709E-09 4.6417E-09 4.7090E-09 4.7722E-09 4.8310E-09 4.8855E-09 4.9353E-09 4.9804E-09 5.0203E-09
1.0696E-09 1.1093E-09 1.1501E-09 1.1923E-09 1.2357E-09 1.2804E-09 1.3264E-09 1.3738E-09 1.4239E-09 1.4754E-09 1.5272E-09 1.5818E-09 1.6366E-09 1.6943E-09 1.7522E-09 1.8116E-09 1.8726E-09 1.9352E-09 1.9992E-09 2.0656E-09 2.1370E-09 2.2122E-09 2.2898E-09 2.3699E-09 2.4506E-09 2.5276E-09 2.6115E-09 2.6938E-09 2.7756E-09 2.8586E-09 2.9430E-09 3.0284E-09 3.1148E-09 3.2022E-09 3.2903E-09 3.3790E-09 3.4680E-09 3.5573E-09 3.6528E-09 3.7481E-09 3.8369E-09 3.9252E-09 4.0121E-09 4.0980E-09 4.1820E-09 4.2639E-09 4.3435E-09 4.4204E-09 4.4946E-09 4.5654E-09 4.6326E-09 4.6962E-09 4.7557E-09 4.8110E-09 4.8618E-09 4.9080E-09 4.9495E-09
1.0506E-09 1.0922E-09 1.1337E-09 1.1766E-09 1.2193E-09 1.2634E-09 1.3087E-09 1.3554E-09 1.4035E-09 1.4530E-09 1.5039E-09 1.5562E-09 1.6100E-09 1.6652E-09 1.7234E-09 1.7817E-09 1.8429E-09 1.9043E-09 1.9671E-09 2.0315E-09 2.0988E-09 2.1676E-09 2.2409E-09 2.3189E-09 2.3984E-09 2.4803E-09 2.5617E-09 2.6400E-09 2.7252E-09 2.8086E-09 2.8913E-09 2.9753E-09 3.0603E-09 3.1463E-09 3.2328E-09 3.3202E-09 3.4079E-09 3.4961E-09 3.5840E-09 3.6719E-09 3.7592E-09 3.8460E-09 3.9350E-09 4.0225E-09 4.1084E-09 4.1895E-09 4.2687E-09 4.3453E-09 4.4190E-09 4.4897E-09 4.5571E-09 4.6211E-09 4.6812E-09 4.7373E-09 4.7892E-09 4.8339E-09 4.8770E-09
1.0375E-09 1.0757E-09 1.1151E-09 1.1557E-09 1.1975E-09 1.2421E-09 1.2881E-09 1.3339E-09 1.3827E-09 1.4314E-09 1.4830E-09 1.5346E-09 1.5875E-09 1.6419E-09 1.6978E-09 1.7551E-09 1.8139E-09 1.8742E-09 1.9359E-09 1.9991E-09 2.0637E-09 2.1298E-09 2.1973E-09 2.2675E-09 2.3450E-09 2.4263E-09 2.5074E-09 2.5909E-09 2.6731E-09 2.7536E-09 2.8398E-09 2.9244E-09 3.0079E-09 3.0926E-09 3.1779E-09 3.2641E-09 3.3505E-09 3.4373E-09 3.5242E-09 3.6108E-09 3.6973E-09 3.7829E-09 3.8676E-09 3.9512E-09 4.0333E-09 4.1138E-09 4.1920E-09 4.2681E-09 4.3416E-09 4.4123E-09 4.4799E-09 4.5441E-09 4.6049E-09 4.6618E-09 4.7148E-09 4.7636E-09 4.8081E-09
1.0241E-09 1.0618E-09 1.1006E-09 1.1406E-09 1.1819E-09 1.2243E-09 1.2681E-09 1.3131E-09 1.3595E-09 1.4071E-09 1.4562E-09 1.5083E-09 1.5620E-09 1.6154E-09 1.6702E-09 1.7283E-09 1.7861E-09 1.8453E-09 1.9060E-09 1.9700E-09 2.0336E-09 2.0986E-09 2.1651E-09 2.2329E-09 2.3022E-09 2.3735E-09 2.4514E-09 2.5345E-09 2.6166E-09 2.7010E-09 2.7854E-09 2.8688E-09 2.9507E-09 3.0411E-09 3.1253E-09 3.2100E-09 3.2954E-09 3.3809E-09 3.4668E-09 3.5523E-09 3.6376E-09 3.7222E-09 3.8061E-09 3.8890E-09 3.9702E-09 4.0500E-09 4.1278E-09 4.2036E-09 4.2770E-09 4.3475E-09 4.4153E-09 4.4799E-09 4.5412E-09 4.5989E-09 4.6527E-09 4.7026E-09 4.7483E-09
1.0056E-09 1.0439E-09 1.0833E-09 1.1240E-09 1.1646E-09 1.2079E-09 1.2510E-09 1.2953E-09 1.3410E-09 1.3880E-09 1.4364E-09 1.4861E-09 1.5371E-09 1.5896E-09 1.6435E-09 1.6988E-09 1.7555E-09 1.8136E-09 1.8750E-09 1.9361E-09 1.9985E-09 2.0623E-09 2.1296E-09 2.1981E-09 2.2683E-09 2.3381E-09 2.4092E-09 2.4819E-09 2.5606E-09 2.6433E-09 2.7262E-09 2.8110E-09 2.8976E-09 2.9832E-09 3.0678E-09 3.1529E-09 3.2424E-09 3.3269E-09 3.4114E-09 3.4959E-09 3.5802E-09 3.6640E-09 3.7469E-09 3.8287E-09 3.9094E-09 3.9886E-09 4.0661E-09 4.1415E-09 4.2146E-09 4.2853E-09 4.3532E-09 4.4182E-09 4.4799E-09 4.5383E-09 4.5929E-09 4.6438E-09 4.6907E-09
9.9266E-10 1.0290E-09 1.0665E-09 1.1051E-09 1.1449E-09 1.1859E-09 1.2296E-09 1.2731E-09 1.3195E-09 1.3672E-09 1.4148E-09 1.4653E-09 1.5156E-09 1.5673E-09 1.6204E-09 1.6749E-09 1.7307E-09 1.7880E-09 1.8467E-09 1.9067E-09 1.9682E-09 2.0310E-09 2.0952E-09 2.1608E-09 2.2277E-09 2.3001E-09 2.3744E-09 2.4461E-09 2.5192E-09 2.5936E-09 2.6693E-09 2.7543E-09 2.8360E-09 2.9201E-09 3.0070E-09 3.0944E-09 3.1810E-09 3.2666E-09 3.3512E-09 3.4383E-09 3.5232E-09 3.6075E-09 3.6896E-09 3.7708E-09 3.8509E-09 3.9295E-09 4.0064E-09 4.0816E-09 4.1546E-09 4.2254E-09 4.2934E-09 4.3587E-09 4.4208E-09 4.4799E-09 4.5353E-09 4.5871E-09 4.6350E-09
9.7942E-10 1.0153E-09 1.0522E-09 1.0903E-09 1.1296E-09 1.1700E-09 1.2116E-09 1.2545E-09 1.2986E-09 1.3439E-09 1.3906E-09 1.4386E-09 1.4896E-09 1.5403E-09 1.5941E-09 1.6477E-09 1.7026E-09 1.7589E-09 1.8184E-09 1.8776E-09 1.9381E-09 2.0000E-09 2.0652E-09 2.1299E-09 2.1961E-09 2.2636E-09 2.3326E-09 2.4069E-09 2.4834E-09 2.5569E-09 2.6318E-09 2.7077E-09 2.7849E-09 2.8693E-09 2.9491E-09 3.0307E-09 3.1140E-09 3.1992E-09 3.2856E-09 3.3720E-09 3.4577E-09 3.5422E-09 3.6253E-09 3.7088E-09 3.7906E-09 3.8690E-09 3.9456E-09 4.0223E-09 4.0951E-09 4.1659E-09 4.2340E-09 4.2996E-09 4.3623E-09 4.4218E-09 4.4757E-09 4.5257E-09 4.5718E-09
9.6126E-10 9.9635E-10 1.0339E-09 1.0726E-09 1.1126E-09 1.1524E-09 1.1948E-09 1.2371E-09 1.2806E-09 1.3253E-09 1.3713E-09 1.4186E-09 1.4673E-09 1.5172E-09 1.5685E-09 1.6212E-09 1.6752E-09 1.7306E-09 1.7874E-09 1.8455E-09 1.9050E-09 1.9678E-09 2.0301E-09 2.0955E-09 2.1648E-09 2.2316E-09 2.2999E-09 2.3695E-09 2.4404E-09 2.5166E-09 2.5947E-09 2.6700E-09 2.7462E-09 2.8234E-09 2.9015E-09 2.9804E-09 3.0647E-09 3.1462E-09 3.2266E-09 3.3072E-09 3.3877E-09 3.4680E-09 3.5477E-09 3.6269E-09 3.7052E-09 3.7825E-09 3.8584E-09 3.9328E-09 4.0054E-09 4.0761E-09 4.1445E-09 4.2106E-09 4.2738E-09 4.3342E-09 4.3915E-09 4.4456E-09 4.4962E-09
9.4832E-10 9.8294E-10 1.0186E-09 1.0554E-09 1.0933E-09 1.1323E-09 1.1725E-09 1.2154E-09 1.2581E-09 1.3036E-09 1.3503E-09 1.3969E-09 1.4448E-09 1.4956E-09 1.5462E-09 1.5981E-09 1.6514E-09 1.7060E-09 1.7620E-09 1.8194E-09 1.8781E-09 1.9382E-09 1.9996E-09 2.0625E-09 2.1267E-09 2.1960E-09 2.2674E-09 2.3363E-09 2.4065E-09 2.4781E-09 2.5508E-09 2.6246E-09 2.7079E-09 2.7843E-09 2.8616E-09 2.9395E-09 3.0181E-09 3.0972E-09 3.1766E-09 3.2579E-09 3.3405E-09 3.4216E-09 3.5007E-09 3.5794E-09 3.6573E-09 3.7341E-09 3.8098E-09 3.8839E-09 3.9565E-09 4.0271E-09 4.0956E-09 4.1617E-09 4.2253E-09 4.2861E-09 4.3440E-09 4.3987E-09 4.4501E-09
9.3323E-10 9.6825E-10 1.0044E-09 1.0406E-09 1.0780E-09 1.1165E-09 1.1562E-09 1.1970E-09 1.2390E-09 1.2823E-09 1.3268E-09 1.3725E-09 1.4196E-09 1.4695E-09 1.5192E-09 1.5703E-09 1.6244E-09 1.6781E-09 1.7333E-09 1.7898E-09 1.8476E-09 1.9086E-09 1.9711E-09 2.0333E-09 2.0968E-09 2.1617E-09 2.2280E-09 2.2994E-09 2.3728E-09 2.4435E-09 2.5155E-09 2.5886E-09 2.6628E-09 2.7379E-09 2.8180E-09 2.8989E-09 2.9767E-09 3.0551E-09 3.1337E-09 3.2125E-09 3.2914E-09 3.3702E-09 3.4487E-09 3.5266E-09 3.6056E-09 3.6835E-09 3.7588E-09 3.8327E-09 3.9066E-09 3.9771E-09 4.0456E-09 4.1119E-09 4.1758E-09 4.2370E-09 4.2939E-09 4.3493E-09 4.4016E-09
9.1830E-10 9.5178E-10 9.8629E-10 1.0229E-09 1.0596E-09 1.0984E-09 1.1385E-09 1.1787E-09 1.2212E-09 1.2639E-09 1.3078E-09 1.3529E-09 1.3993E-09 1.4470E-09 1.4959E-09 1.5462E-09 1.5979E-09 1.6508E-09 1.7051E-09 1.7608E-09 1.8177E-09 1.8760E-09 1.9357E-09 1.9985E-09 2.0669E-09 2.1312E-09 2.1968E-09 2.2637E-09 2.3320E-09 2.4033E-09 2.4803E-09 2.5526E-09 2.6259E-09 2.7003E-09 2.7755E-09 2.8515E-09 2.9281E-09 3.0094E-09 3.0910E-09 3.1692E-09 3.2475E-09 3.3256E-09 3.4036E-09 3.4809E-09 3.5578E-09 3.6338E-09 3.7087E-09 3.7822E-09 3.8544E-09 3.9248E-09 3.9933E-09 4.0597E-09 4.1239E-09 4.1855E-09 4.2444E-09 4.3005E-09 4.3536E-09
9.0501E-10 9.3803E-10 9.7206E-10 1.0071E-09 1.0433E-09 1.0805E-09 1.1189E-09 1.1584E-09 1.1991E-09 1.2421E-09 1.2853E-09 1.3308E-09 1.3765E-09 1.4246E-09 1.4729E-09 1.5225E-09 1.5734E-09 1.6268E-09 1.6804E-09 1.7354E-09 1.7916E-09 1.8492E-09 1.9082E-09 1.9685E-09 2.0302E-09 2.0968E-09 2.1655E-09 2.2317E-09 2.2993E-09 2.3681E-09 2.4380E-09 2.5090E-09 2.5890E-09 2.6626E-09 2.7371E-09 2.8123E-09 2.8882E-09 2.9647E-09 3.0417E-09 3.1188E-09 3.1962E-09 3.2755E-09 3.3548E-09 3.4336E-09 3.5118E-09 3.5873E-09 3.6618E-09 3.7352E-09 3.8072E-09 3.8775E-09 3.9461E-09 4.0126E-09 4.0770E-09 4.1390E-09 4.1984E-09 4.2551E-09 4.3088E-09
8.8811E-10 9.2046E-10 9.5573E-10 9.9023E-10 1.0268E-09 1.0644E-09 1.1023E-09 1.1412E-09 1.1814E-09 1.2227E-09 1.2652E-09 1.3089E-09 1.3539E-09 1.4001E-09 1.4476E-09 1.4964E-09 1.5477E-09 1.5992E-09 1.6520E-09 1.7061E-09 1.7628E-09 1.8196E-09 1.8791E-09 1.9400E-09 2.0011E-09 2.0634E-09 2.1272E-09 2.1958E-09 2.2663E-09 2.3344E-09 2.4036E-09 2.4740E-09 2.5454E-09 2.6177E-09 2.6910E-09 2.7730E-09 2.8483E-09 2.9241E-09 3.0003E-09 3.0768E-09 3.1535E-09 3.2302E-09 3.3068E-09 3.3830E-09 3.4586E-09 3.5336E-09 3.6097E-09 3.6827E-09 3.7545E-09 3.8247E-09 3.8953E-09 3.9619E-09 4.0266E-09 4.0890E-09 4.1469E-09 4.2042E-09 4.2588E-09
8.7473E-10 9.0662E-10 9.3952E-10 9.7343E-10 1.0084E-09 1.0444E-09 1.0815E-09 1.1208E-09 1.1613E-09 1.2019E-09 1.2448E-09 1.2879E-09 1.3322E-09 1.3789E-09 1.4257E-09 1.4739E-09 1.5233E-09 1.5741E-09 1.6262E-09 1.6795E-09 1.7342E-09 1.7903E-09 1.8476E-09 1.9063E-09 1.9689E-09 2.0334E-09 2.0964E-09 2.1607E-09 2.2263E-09 2.2932E-09 2.3690E-09 2.4385E-09 2.5093E-09 2.5809E-09 2.6536E-09 2.7270E-09 2.8011E-09 2.8758E-09 2.9570E-09 3.0346E-09 3.1107E-09 3.1868E-09 3.2627E-09 3.3384E-09 3.4136E-09 3.4881E-09 3.5619E-09 3.6347E-09 3.7062E-09 3.7763E-09 3.8449E-09 3.9117E-09 3.9765E-09 4.0393E-09 4.0997E-09 4.1575E-09 4.2128E-09
8.5854E-10 8.9074E-10 9.2396E-10 9.5825E-10 9.9270E-10 1.0282E-09 1.0648E-09 1.1025E-09 1.1413E-09 1.1813E-09 1.2224E-09 1.2648E-09 1.3083E-09 1.3543E-09 1.4004E-09 1.4489E-09 1.4976E-09 1.5476E-09 1.5989E-09 1.6516E-09 1.7068E-09 1.7620E-09 1.8199E-09 1.8779E-09 1.9373E-09 1.9979E-09 2.0639E-09 2.1290E-09 2.1939E-09 2.2600E-09 2.3273E-09 2.3958E-09 2.4729E-09 2.5438E-09 2.6157E-09 2.6884E-09 2.7618E-09 2.8359E-09 2.9104E-09 2.9854E-09 3.0605E-09 3.1357E-09 3.2149E-09 3.2899E-09 3.3664E-09 3.4406E-09 3.5158E-09 3.5883E-09 3.6597E-09 3.7298E-09 3.7983E-09 3.8652E-09 3.9303E-09 3.9933E-09 4.0541E-09 4.1108E-09 4.1667E-09
8.4412E-10 8.7491E-10 9.0668E-10 9.3943E-10 9.7319E-10 1.0090E-09 1.0459E-09 1.0829E-09 1.1221E-09 1.1614E-09 1.2030E-09 1.2447E-09 1.2877E-09 1.3319E-09 1.3773E-09 1.4240E-09 1.4720E-09 1.5212E-09 1.5718E-09 1.6237E-09 1.6768E-09 1.7313E-09 1.7871E-09 1.8467E-09 1.9078E-09 1.9678E-09 2.0292E-09 2.0917E-09 2.1596E-09 2.2264E-09 2.2931E-09 2.3609E-09 2.4296E-09 2.4995E-09 2.5702E-09 2.6494E-09 2.7221E-09 2.7955E-09 2.8693E-09 2.9435E-09 3.0180E-09 3.0926E-09 3.1672E-09 3.2417E-09 3.3159E-09 3.3895E-09 3.4625E-09 3.5346E-09 3.6077E-09 3.6777E-09 3.7463E-09 3.8133E-09 3.8785E-09 3.9419E-09 4.0031E-09 4.0621E-09 4.1186E-09
