Assets/Resources/2015_m01_d06_1100(utc+0800)_l00_csi_1hr_conc.grd
DSAA
         159         159
     -79.000      79.000
     -79.000      79.000
  0.0000E+00  0.3196E-05
[rows 25 to 49 of 159, columns 57 to 113 of 159]
3.7158E-11 9.5856E-11 1.7960E-10 2.5869E-10 3.6524E-10 5.0363E-10 6.8752E-10 9.2306E-10 1.2179E-09 1.5807E-09 2.0241E-09 2.5668E-09 3.2024E-09 3.9354E-09 4.7651E-09 5.6788E-09 6.6749E-09 7.7340E-09 8.8242E-09 9.9110E-09 1.0953E-08 1.1921E-08 1.2768E-08 1.3458E-08 1.3957E-08 1.4239E-08 1.4287E-08 1.4099E-08 1.3681E-08 1.3053E-08 1.2247E-08 1.1298E-08 1.0249E-08 9.1425E-09 8.0211E-09 6.9215E-09 5.8755E-09 4.9085E-09 4.0399E-09 3.2777E-09 2.6204E-09 2.0652E-09 1.6089E-09 1.2403E-09 9.3662E-10 6.9681E-10 5.1198E-10 3.6842E-10 2.4599E-10 1.4734E-10 9.0613E-11 5.8326E-11 4.0247E-11 2.6556E-11 1.3259E-11 2.9351E-12 0.0000E+00
3.1701E-11 8.6553E-11 1.6798E-10 2.4764E-10 3.5299E-10 4.8655E-10 6.6539E-10 8.9420E-10 1.1850E-09 1.5435E-09 1.9845E-09 2.5322E-09 3.1766E-09 3.9188E-09 4.7589E-09 5.7014E-09 6.7307E-09 7.8170E-09 8.9409E-09 1.0068E-08 1.1162E-08 1.2177E-08 1.3069E-08 1.3797E-08 1.4325E-08 1.4623E-08 1.4675E-08 1.4476E-08 1.4036E-08 1.3375E-08 1.2523E-08 1.1522E-08 1.0416E-08 9.2548E-09 8.0816E-09 6.9374E-09 5.8550E-09 4.8572E-09 3.9623E-09 3.1838E-09 2.5212E-09 1.9669E-09 1.5108E-09 1.1459E-09 8.5088E-10 6.2118E-10 4.4111E-10 2.9898E-10 1.7653E-10 9.5936E-11 4.9676E-11 2.8687E-11 1.6050E-11 5.3045E-12 0.0000E+00 0.0000E+00 0.0000E+00
2.5755E-11 7.6345E-11 1.5335E-10 2.3188E-10 3.3444E-10 4.6482E-10 6.3575E-10 8.5879E-10 1.1445E-09 1.4978E-09 1.9295E-09 2.4798E-09 3.1291E-09 3.8766E-09 4.7355E-09 5.7017E-09 6.7550E-09 7.8835E-09 9.0633E-09 1.0248E-08 1.1401E-08 1.2475E-08 1.3423E-08 1.4199E-08 1.4765E-08 1.5088E-08 1.5150E-08 1.4944E-08 1.4478E-08 1.3776E-08 1.2872E-08 1.1814E-08 1.0647E-08 9.4192E-09 8.1823E-09 6.9809E-09 5.8531E-09 4.8252E-09 3.9084E-09 3.1097E-09 2.4351E-09 1.8796E-09 1.4271E-09 1.0633E-09 7.7136E-10 5.4711E-10 3.6916E-10 2.2611E-10 1.1565E-10 5.7393E-11 2.3689E-11 7.2369E-12 0.0000E+00 0.0000E+00 0.0000E+00 0.0000E+00 0.0000E+00
1.5345E-11 6.5692E-11 1.3600E-10 2.1241E-10 3.1324E-10 4.3901E-10 6.0125E-10 8.1548E-10 1.0906E-09 1.4343E-09 1.8590E-09 2.4089E-09 3.0600E-09 3.8192E-09 4.6943E-09 5.6794E-09 6.7645E-09 7.9386E-09 9.1660E-09 1.0407E-08 1.1623E-08 1.2760E-08 1.3767E-08 1.4599E-08 1.5210E-08 1.5562E-08 1.5634E-08 1.5423E-08 1.4938E-08 1.4199E-08 1.3246E-08 1.2125E-08 1.0891E-08 9.6043E-09 8.3091E-09 7.0536E-09 5.8752E-09 4.8060E-09 3.8634E-09 3.0507E-09 2.3639E-09 1.8004E-09 1.3484E-09 9.8763E-10 6.9883E-10 4.7643E-10 3.0445E-10 1.6641E-10 7.8922E-11 3.2584E-11 2.2357E-12 0.0000E+00 0.0000E+00 0.0000E+00 0.0000E+00 0.0000E+00 0.0000E+00
6.4565E-12 4.9565E-11 1.1943E-10 1.8704E-10 2.8733E-10 4.0911E-10 5.6227E-10 7.6363E-10 1.0305E-09 1.3610E-09 1.7730E-09 2.3200E-09 2.9722E-09 3.7363E-09 4.6195E-09 5.6339E-09 6.7630E-09 7.9817E-09 9.2610E-09 1.0569E-08 1.1861E-08 1.3079E-08 1.4165E-08 1.5064E-08 1.5727E-08 1.6116E-08 1.6206E-08 1.5989E-08 1.5473E-08 1.4686E-08 1.3677E-08 1.2488E-08 1.1180E-08 9.8146E-09 8.4513E-09 7.1388E-09 5.9155E-09 4.8052E-09 3.8291E-09 2.9984E-09 2.3041E-09 1.7348E-09 1.2807E-09 9.2230E-10 6.3785E-10 4.1850E-10 2.5448E-10 1.2903E-10 5.6480E-11 1.8515E-11 2.9364E-13 0.0000E+00 0.0000E+00 0.0000E+00 0.0000E+00 0.0000E+00 0.0000E+00
1.2498E-12 3.2091E-11 9.9323E-11 1.6287E-10 2.5878E-10 3.7404E-10 5.1835E-10 7.1027E-10 9.6068E-10 1.2779E-09 1.6726E-09 2.2111E-09 2.8634E-09 3.6342E-09 4.5385E-09 5.5703E-09 6.7233E-09 7.9920E-09 9.3413E-09 1.0728E-08 1.2098E-08 1.3392E-08 1.4555E-08 1.5526E-08 1.6248E-08 1.6676E-08 1.6786E-08 1.6569E-08 1.6031E-08 1.5203E-08 1.4131E-08 1.2871E-08 1.1491E-08 1.0053E-08 8.6162E-09 7.2391E-09 5.9640E-09 4.8183E-09 3.8135E-09 2.9571E-09 2.2524E-09 1.6817E-09 1.2253E-09 8.6675E-10 5.8278E-10 3.6642E-10 2.1580E-10 1.0483E-10 5.0399E-11 1.4474E-11 0.0000E+00 0.0000E+00 0.0000E+00 0.0000E+00 0.0000E+00 0.0000E+00 0.0000E+00
0.0000E+00 1.7845E-11 7.1036E-11 1.3797E-10 2.2622E-10 3.3435E-10 4.6900E-10 6.5175E-10 8.8652E-10 1.1860E-09 1.5621E-09 2.0877E-09 2.7374E-09 3.5104E-09 4.4208E-09 5.4752E-09 6.6764E-09 7.9945E-09 9.4009E-09 1.0858E-08 1.2315E-08 1.3705E-08 1.4960E-08 1.6009E-08 1.6794E-08 1.7270E-08 1.7401E-08 1.7177E-08 1.6610E-08 1.5740E-08 1.4609E-08 1.3277E-08 1.1817E-08 1.0302E-08 8.7950E-09 7.3550E-09 6.0226E-09 4.8341E-09 3.8043E-09 2.9321E-09 2.2127E-09 1.6377E-09 1.1830E-09 8.1669E-10 5.3964E-10 3.4455E-10 2.0038E-10 9.8842E-11 4.2357E-11 1.4020E-11 0.0000E+00 0.0000E+00 0.0000E+00 0.0000E+00 0.0000E+00 0.0000E+00 0.0000E+00
0.0000E+00 7.2716E-12 4.5555E-11 1.0582E-10 1.9188E-10 2.9321E-10 4.2028E-10 5.9003E-10 8.0611E-10 1.0865E-09 1.4403E-09 1.9524E-09 2.5960E-09 3.3677E-09 4.2829E-09 5.3626E-09 6.5953E-09 7.9688E-09 9.4573E-09 1.1014E-08 1.2565E-08 1.4054E-08 1.5410E-08 1.6551E-08 1.7410E-08 1.7934E-08 1.8089E-08 1.7862E-08 1.7264E-08 1.6331E-08 1.5120E-08 1.3704E-08 1.2161E-08 1.0559E-08 8.9774E-09 7.4742E-09 6.0908E-09 4.8581E-09 3.7962E-09 2.9096E-09 2.1816E-09 1.6009E-09 1.1498E-09 7.8608E-10 5.2283E-10 3.2574E-10 1.8564E-10 8.9164E-11 3.8041E-11 1.4751E-11 0.0000E+00 0.0000E+00 0.0000E+00 0.0000E+00 0.0000E+00 0.0000E+00 0.0000E+00
0.0000E+00 1.0656E-12 2.6325E-11 7.3567E-11 1.4994E-10 2.4739E-10 3.6820E-10 5.2227E-10 7.2206E-10 9.8018E-10 1.3136E-09 1.8052E-09 2.4335E-09 3.2021E-09 4.1307E-09 5.2308E-09 6.5023E-09 7.9369E-09 9.4984E-09 1.1146E-08 1.2810E-08 1.4417E-08 1.5878E-08 1.7113E-08 1.8049E-08 1.8623E-08 1.8797E-08 1.8557E-08 1.7928E-08 1.6944E-08 1.5658E-08 1.4153E-08 1.2512E-08 1.0820E-08 9.1571E-09 7.5865E-09 6.1542E-09 4.8852E-09 3.7957E-09 2.8921E-09 2.1577E-09 1.5735E-09 1.1201E-09 7.6648E-10 5.0940E-10 3.0918E-10 1.7344E-10 8.1439E-11 3.8638E-11 1.5113E-11 0.0000E+00 0.0000E+00 0.0000E+00 0.0000E+00 0.0000E+00 0.0000E+00 0.0000E+00
0.0000E+00 0.0000E+00 1.0379E-11 4.5589E-11 1.1052E-10 1.9981E-10 3.1110E-10 4.5274E-10 6.3505E-10 8.7224E-10 1.1833E-09 1.6440E-09 2.2653E-09 3.0279E-09 3.9531E-09 5.0706E-09 6.3869E-09 7.8849E-09 9.5346E-09 1.1274E-08 1.3047E-08 1.4769E-08 1.6349E-08 1.7690E-08 1.8709E-08 1.9338E-08 1.9536E-08 1.9288E-08 1.8610E-08 1.7549E-08 1.6181E-08 1.4591E-08 1.2862E-08 1.1083E-08 9.3379E-09 7.6948E-09 6.2073E-09 4.9050E-09 3.7947E-09 2.8726E-09 2.1341E-09 1.5538E-09 1.0995E-09 7.4608E-10 4.8543E-10 2.8999E-10 1.6103E-10 7.8889E-11 3.9254E-11 1.4747E-11 0.0000E+00 0.0000E+00 0.0000E+00 0.0000E+00 0.0000E+00 0.0000E+00 0.0000E+00
0.0000E+00 0.0000E+00 3.2931E-12 2.2330E-11 7.3703E-11 1.4616E-10 2.5517E-10 3.8158E-10 5.4903E-10 7.7048E-10 1.0517E-09 1.4727E-09 2.0857E-09 2.8410E-09 3.7711E-09 4.9127E-09 6.2607E-09 7.8204E-09 9.5658E-09 1.1435E-08 1.3351E-08 1.5213E-08 1.6921E-08 1.8371E-08 1.9475E-08 2.0152E-08 2.0358E-08 2.0089E-08 1.9361E-08 1.8221E-08 1.6747E-08 1.5035E-08 1.3191E-08 1.1320E-08 9.5011E-09 7.7953E-09 6.2532E-09 4.9143E-09 3.7887E-09 2.8555E-09 2.1047E-09 1.5284E-09 1.0810E-09 7.2804E-10 4.6678E-10 2.6785E-10 1.4958E-10 7.6847E-11 3.8306E-11 1.3184E-11 0.0000E+00 0.0000E+00 0.0000E+00 0.0000E+00 0.0000E+00 0.0000E+00 0.0000E+00
0.0000E+00 0.0000E+00 5.4618E-13 8.9591E-12 4.1864E-11 9.9061E-11 1.9488E-10 3.1297E-10 4.6752E-10 6.6791E-10 9.1998E-10 1.3062E-09 1.9033E-09 2.6497E-09 3.5772E-09 4.7293E-09 6.1303E-09 7.7708E-09 9.6091E-09 1.1591E-08 1.3639E-08 1.5650E-08 1.7500E-08 1.9077E-08 2.0270E-08 2.0999E-08 2.1216E-08 2.0906E-08 2.0100E-08 1.8865E-08 1.7291E-08 1.5476E-08 1.3524E-08 1.1545E-08 9.6363E-09 7.8699E-09 6.2865E-09 4.9097E-09 3.7584E-09 2.8262E-09 2.0771E-09 1.5033E-09 1.0486E-09 6.9043E-10 4.3306E-10 2.4940E-10 1.4701E-10 7.4392E-11 3.4779E-11 7.6800E-12 0.0000E+00 0.0000E+00 0.0000E+00 0.0000E+00 0.0000E+00 0.0000E+00 0.0000E+00
0.0000E+00 0.0000E+00 0.0000E+00 3.8221E-12 1.6095E-11 6.1697E-11 1.3478E-10 2.4180E-10 3.8139E-10 5.6571E-10 7.9719E-10 1.1509E-09 1.7200E-09 2.4586E-09 3.3845E-09 4.5560E-09 5.9971E-09 7.7089E-09 9.6612E-09 1.1796E-08 1.4010E-08 1.6181E-08 1.8181E-08 1.9885E-08 2.1164E-08 2.1932E-08 2.2143E-08 2.1787E-08 2.0900E-08 1.9545E-08 1.7832E-08 1.5882E-08 1.3818E-08 1.1743E-08 9.7475E-09 7.9101E-09 6.2881E-09 4.8947E-09 3.7229E-09 2.7776E-09 2.0305E-09 1.4590E-09 1.0036E-09 6.5398E-10 4.0119E-10 2.3294E-10 1.3948E-10 6.6238E-11 2.9226E-11 6.7288E-12 0.0000E+00 0.0000E+00 0.0000E+00 0.0000E+00 0.0000E+00 0.0000E+00 0.0000E+00
0.0000E+00 0.0000E+00 0.0000E+00 1.0392E-12 7.4075E-12 2.9622E-11 8.1443E-11 1.7439E-10 2.9532E-10 4.7175E-10 6.8151E-10 9.9707E-10 1.5390E-09 2.2729E-09 3.1945E-09 4.3870E-09 5.8813E-09 7.6836E-09 9.7592E-09 1.2044E-08 1.4435E-08 1.6793E-08 1.8967E-08 2.0802E-08 2.2170E-08 2.2973E-08 2.3156E-08 2.2719E-08 2.1713E-08 2.0227E-08 1.8374E-08 1.6279E-08 1.4076E-08 1.1892E-08 9.8190E-09 7.9223E-09 6.2485E-09 4.8330E-09 3.6612E-09 2.7153E-09 1.9742E-09 1.3971E-09 9.4357E-10 6.0149E-10 3.7407E-10 2.2107E-10 1.2946E-10 5.8178E-11 2.4818E-11 5.7290E-12 0.0000E+00 0.0000E+00 0.0000E+00 0.0000E+00 0.0000E+00 0.0000E+00 0.0000E+00
0.0000E+00 0.0000E+00 0.0000E+00 0.0000E+00 2.9808E-12 9.8981E-12 4.0884E-11 1.1451E-10 2.1972E-10 3.7758E-10 5.8067E-10 8.6485E-10 1.3653E-09 2.1034E-09 3.0248E-09 4.2323E-09 5.7814E-09 7.6834E-09 9.9016E-09 1.2363E-08 1.4937E-08 1.7481E-08 1.9840E-08 2.1818E-08 2.3270E-08 2.4092E-08 2.4237E-08 2.3708E-08 2.2562E-08 2.0907E-08 1.8880E-08 1.6627E-08 1.4286E-08 1.1984E-08 9.8244E-09 7.8795E-09 6.1811E-09 4.7427E-09 3.5640E-09 2.6160E-09 1.8783E-09 1.3162E-09 8.7843E-10 5.5518E-10 3.4557E-10 2.0167E-10 1.1598E-10 4.9752E-11 1.8616E-11 4.7254E-12 0.0000E+00 0.0000E+00 0.0000E+00 0.0000E+00 0.0000E+00 0.0000E+00 0.0000E+00
0.0000E+00 0.0000E+00 0.0000E+00 0.0000E+00 7.5236E-13 4.8796E-12 1.2532E-11 6.0581E-11 1.4888E-10 2.8457E-10 4.8334E-10 7.3415E-10 1.2002E-09 1.9390E-09 2.8578E-09 4.0987E-09 5.7193E-09 7.7171E-09 1.0082E-08 1.2741E-08 1.5552E-08 1.8335E-08 2.0885E-08 2.3004E-08 2.4532E-08 2.5351E-08 2.5414E-08 2.4741E-08 2.3421E-08 2.1575E-08 1.9355E-08 1.6922E-08 1.4436E-08 1.2011E-08 9.7653E-09 7.7623E-09 6.0409E-09 4.5983E-09 3.4351E-09 2.4981E-09 1.7653E-09 1.2127E-09 7.9607E-10 5.0810E-10 3.1932E-10 1.8163E-10 9.9604E-11 3.8347E-11 1.0862E-11 0.0000E+00 0.0000E+00 0.0000E+00 0.0000E+00 0.0000E+00 0.0000E+00 0.0000E+00 0.0000E+00
0.0000E+00 0.0000E+00 0.0000E+00 0.0000E+00 0.0000E+00 1.6285E-12 5.9790E-12 2.0473E-11 8.9917E-11 2.0680E-10 4.0034E-10 6.3147E-10 1.0744E-09 1.7948E-09 2.7292E-09 4.0056E-09 5.6942E-09 7.8112E-09 1.0371E-08 1.3250E-08 1.6292E-08 1.9316E-08 2.2082E-08 2.4357E-08 2.5953E-08 2.6753E-08 2.6713E-08 2.5860E-08 2.4306E-08 2.2210E-08 1.9755E-08 1.7117E-08 1.4471E-08 1.1939E-08 9.6224E-09 7.5858E-09 5.8521E-09 4.4142E-09 3.2470E-09 2.3285E-09 1.6268E-09 1.1070E-09 7.2443E-10 4.5629E-10 2.8070E-10 1.5435E-10 7.9394E-11 2.4301E-11 0.0000E+00 0.0000E+00 0.0000E+00 0.0000E+00 0.0000E+00 0.0000E+00 0.0000E+00 0.0000E+00 0.0000E+00
0.0000E+00 0.0000E+00 0.0000E+00 0.0000E+00 0.0000E+00 2.3794E-13 2.2881E-12 6.5421E-12 4.6756E-11 1.3539E-10 3.0966E-10 5.2746E-10 9.2837E-10 1.6373E-09 2.6025E-09 3.9067E-09 5.6776E-09 7.9508E-09 1.0702E-08 1.3825E-08 1.7161E-08 2.0464E-08 2.3449E-08 2.5868E-08 2.7510E-08 2.8246E-08 2.8042E-08 2.6965E-08 2.5158E-08 2.2793E-08 2.0077E-08 1.7220E-08 1.4391E-08 1.1747E-08 9.3598E-09 7.2916E-09 5.5601E-09 4.1585E-09 3.0260E-09 2.1340E-09 1.4629E-09 9.8096E-10 6.4076E-10 4.0289E-10 2.4128E-10 1.2072E-10 5.5738E-11 6.5824E-12 0.0000E+00 0.0000E+00 0.0000E+00 0.0000E+00 0.0000E+00 0.0000E+00 0.0000E+00 0.0000E+00 0.0000E+00
0.0000E+00 0.0000E+00 0.0000E+00 0.0000E+00 0.0000E+00 0.0000E+00 4.8842E-13 2.5950E-12 1.0576E-11 6.8192E-11 2.3495E-10 4.4986E-10 8.2621E-10 1.5276E-09 2.5002E-09 3.8629E-09 5.7292E-09 8.1605E-09 1.1142E-08 1.4550E-08 1.8215E-08 2.1830E-08 2.5070E-08 2.7649E-08 2.9320E-08 2.9951E-08 2.9519E-08 2.8129E-08 2.5963E-08 2.3255E-08 2.0251E-08 1.7164E-08 1.4173E-08 1.1419E-08 8.9990E-09 6.9308E-09 5.2123E-09 3.8359E-09 2.7512E-09 1.9035E-09 1.2998E-09 8.6242E-10 5.5499E-10 3.3692E-10 1.9005E-10 9.0338E-11 1.9373E-11 2.5832E-13 0.0000E+00 0.0000E+00 0.0000E+00 0.0000E+00 0.0000E+00 0.0000E+00 0.0000E+00 0.0000E+00 0.0000E+00
0.0000E+00 0.0000E+00 0.0000E+00 0.0000E+00 0.0000E+00 0.0000E+00 0.0000E+00 6.0274E-13 2.5169E-12 2.5946E-11 1.6255E-10 3.6244E-10 7.0721E-10 1.3835E-09 2.3954E-09 3.8147E-09 5.7786E-09 8.4064E-09 1.1664E-08 1.5425E-08 1.9440E-08 2.3391E-08 2.6905E-08 2.9626E-08 3.1280E-08 3.1742E-08 3.1025E-08 2.9277E-08 2.6710E-08 2.3609E-08 2.0267E-08 1.6920E-08 1.3774E-08 1.0927E-08 8.4653E-09 6.4231E-09 4.7623E-09 3.4597E-09 2.4384E-09 1.6506E-09 1.1113E-09 7.3165E-10 4.6499E-10 2.6834E-10 1.4603E-10 4.2948E-11 3.4871E-12 0.0000E+00 0.0000E+00 0.0000E+00 0.0000E+00 0.0000E+00 0.0000E+00 0.0000E+00 0.0000E+00 0.0000E+00 0.0000E+00
0.0000E+00 0.0000E+00 0.0000E+00 0.0000E+00 0.0000E+00 0.0000E+00 0.0000E+00 0.0000E+00 5.9385E-13 1.2195E-11 7.8923E-11 2.8227E-10 6.2584E-10 1.2853E-09 2.3220E-09 3.7793E-09 5.8933E-09 8.7339E-09 1.2262E-08 1.6394E-08 2.0853E-08 2.5215E-08 2.9030E-08 3.1891E-08 3.3504E-08 3.3729E-08 3.2617E-08 3.0374E-08 2.7320E-08 2.3790E-08 2.0090E-08 1.6487E-08 1.3187E-08 1.0298E-08 7.8501E-09 5.8440E-09 4.2464E-09 3.0273E-09 2.0912E-09 1.4026E-09 9.3505E-10 6.0056E-10 3.7112E-10 2.0496E-10 6.9231E-11 8.8060E-12 3.3529E-13 0.0000E+00 0.0000E+00 0.0000E+00 0.0000E+00 0.0000E+00 0.0000E+00 0.0000E+00 0.0000E+00 0.0000E+00 0.0000E+00
0.0000E+00 0.0000E+00 0.0000E+00 0.0000E+00 0.0000E+00 0.0000E+00 0.0000E+00 0.0000E+00 0.0000E+00 2.0343E-12 3.5966E-11 2.0642E-10 5.2204E-10 1.1448E-09 2.2215E-09 3.7637E-09 6.0042E-09 9.0655E-09 1.2973E-08 1.7569E-08 2.2509E-08 2.7292E-08 3.1436E-08 3.4433E-08 3.5941E-08 3.5841E-08 3.4253E-08 3.1445E-08 2.7812E-08 2.3767E-08 1.9680E-08 1.5842E-08 1.2398E-08 9.4693E-09 7.0680E-09 5.1488E-09 3.6784E-09 2.5699E-09 1.7354E-09 1.1276E-09 7.5134E-10 4.7249E-10 2.7860E-10 1.0032E-10 1.6091E-11 2.1030E-12 0.0000E+00 0.0000E+00 0.0000E+00 0.0000E+00 0.0000E+00 0.0000E+00 0.0000E+00 0.0000E+00 0.0000E+00 0.0000E+00 0.0000E+00
0.0000E+00 0.0000E+00 0.0000E+00 0.0000E+00 0.0000E+00 0.0000E+00 0.0000E+00 0.0000E+00 0.0000E+00 0.0000E+00 7.4714E-12 1.0487E-10 4.4497E-10 1.0490E-09 2.1383E-09 3.7381E-09 6.1177E-09 9.4380E-09 1.3744E-08 1.8826E-08 2.4305E-08 2.9641E-08 3.4154E-08 3.7260E-08 3.8604E-08 3.8086E-08 3.5882E-08 3.2387E-08 2.8099E-08 2.3511E-08 1.9033E-08 1.4967E-08 1.1445E-08 8.5388E-09 6.2325E-09 4.4105E-09 3.0715E-09 2.0929E-09 1.3943E-09 8.9330E-10 5.7874E-10 3.4545E-10 1.3970E-10 3.4017E-11 5.3548E-12 0.0000E+00 0.0000E+00 0.0000E+00 0.0000E+00 0.0000E+00 0.0000E+00 0.0000E+00 0.0000E+00 0.0000E+00 0.0000E+00 0.0000E+00 0.0000E+00
0.0000E+00 0.0000E+00 0.0000E+00 0.0000E+00 0.0000E+00 0.0000E+00 0.0000E+00 0.0000E+00 0.0000E+00 0.0000E+00 2.0902E-12 4.5348E-11 3.4519E-10 9.3560E-10 2.0285E-09 3.6800E-09 6.2242E-09 9.8236E-09 1.4538E-08 2.0188E-08 2.6312E-08 3.2200E-08 3.7082E-08 4.0298E-08 4.1417E-08 4.0371E-08 3.7434E-08 3.3147E-08 2.8138E-08 2.2969E-08 1.8103E-08 1.3827E-08 1.0285E-08 7.4568E-09 5.2842E-09 3.6416E-09 2.4741E-09 1.6404E-09 1.0386E-09 6.6353E-10 4.0986E-10 1.7812E-10 4.5503E-11 1.0458E-11 2.1575E-13 0.0000E+00 0.0000E+00 0.0000E+00 0.0000E+00 0.0000E+00 0.0000E+00 0.0000E+00 0.0000E+00 0.0000E+00 0.0000E+00 0.0000E+00 0.0000E+00
0.0000E+00 0.0000E+00 0.0000E+00 0.0000E+00 0.0000E+00 0.0000E+00 0.0000E+00 0.0000E+00 0.0000E+00 0.0000E+00 8.4284E-14 8.8430E-12 2.3553E-10 8.2857E-10 1.9058E-09 3.6061E-09 6.2427E-09 1.0118E-08 1.5310E-08 2.1584E-08 2.8396E-08 3.4920E-08 4.0251E-08 4.3543E-08 4.4327E-08 4.2606E-08 3.8816E-08 3.3636E-08 2.7826E-08 2.2084E-08 1.6912E-08 1.2529E-08 9.0205E-09 6.3456E-09 4.3315E-09 2.8751E-09 1.8920E-09 1.1567E-09 7.5570E-10 4.5267E-10 2.0448E-10 6.2573E-11 1.6517E-11 1.2576E-12 0.0000E+00 0.0000E+00 0.0000E+00 0.0000E+00 0.0000E+00 0.0000E+00 0.0000E+00 0.0000E+00 0.0000E+00 0.0000E+00 0.0000E+00 0.0000E+00 0.0000E+00
