Assets/Resources/2015_m01_d29_1300(utc+0800)_l00_csi_1hr_conc.grd
DSAA
         159         159
     -79.000      79.000
     -79.000      79.000
  0.0000E+00  0.1283E-05
[rows 100 to 124 of 159, columns 57 to 113 of 159]
1.9450E-10 2.0823E-10 2.2175E-10 2.3672E-10 2.5248E-10 2.6962E-10 2.8809E-10 3.0940E-10 3.3153E-10 3.5451E-10 3.8084E-10 4.0599E-10 4.3302E-10 4.6169E-10 5.1004E-10 5.6907E-10 6.2911E-10 6.9541E-10 7.7301E-10 8.6317E-10 9.7386E-10 1.1018E-09 1.2461E-09 1.4035E-09 1.5726E-09 1.7772E-09 2.0138E-09 2.3009E-09 2.6185E-09 2.9846E-09 3.4149E-09 3.9132E-09 4.5063E-09 5.1672E-09 5.9213E-09 6.7653E-09 7.7132E-09 8.7821E-09 9.9642E-09 1.1250E-08 1.2690E-08 1.4424E-08 1.6196E-08 1.8061E-08 2.0055E-08 2.2209E-08 2.4479E-08 2.6779E-08 2.9075E-08 3.1201E-08 3.3082E-08 3.4681E-08 3.5911E-08 3.6745E-08 3.7113E-08 3.7075E-08 3.6646E-08
1.8532E-10 1.9759E-10 2.1086E-10 2.2532E-10 2.4043E-10 2.5654E-10 2.7408E-10 2.9458E-10 3.1686E-10 3.3896E-10 3.6235E-10 3.8658E-10 4.1391E-10 4.4217E-10 4.8643E-10 5.3938E-10 5.9757E-10 6.6688E-10 7.3976E-10 8.2524E-10 9.2804E-10 1.0529E-09 1.1932E-09 1.3467E-09 1.5109E-09 1.6918E-09 1.9303E-09 2.1904E-09 2.4910E-09 2.8489E-09 3.2346E-09 3.6982E-09 4.2522E-09 4.8647E-09 5.5792E-09 6.3598E-09 7.2381E-09 8.2221E-09 9.3143E-09 1.0502E-08 1.1780E-08 1.3176E-08 1.4818E-08 1.6465E-08 1.8247E-08 2.0140E-08 2.2172E-08 2.4204E-08 2.6240E-08 2.8162E-08 2.9899E-08 3.1404E-08 3.2609E-08 3.3478E-08 3.3935E-08 3.4050E-08 3.3825E-08
1.7587E-10 1.8817E-10 2.0058E-10 2.1413E-10 2.2892E-10 2.4419E-10 2.6051E-10 2.8064E-10 3.0160E-10 3.2329E-10 3.4628E-10 3.6959E-10 3.9521E-10 4.2245E-10 4.5971E-10 5.1182E-10 5.7129E-10 6.3390E-10 7.0368E-10 7.8788E-10 8.8086E-10 1.0018E-09 1.1383E-09 1.2881E-09 1.4476E-09 1.6210E-09 1.8329E-09 2.0781E-09 2.3743E-09 2.7004E-09 3.0739E-09 3.4860E-09 3.9997E-09 4.5641E-09 5.2264E-09 5.9588E-09 6.7690E-09 7.6727E-09 8.6758E-09 9.7689E-09 1.0944E-08 1.2190E-08 1.3524E-08 1.5055E-08 1.6640E-08 1.8312E-08 2.0066E-08 2.1903E-08 2.3735E-08 2.5496E-08 2.7104E-08 2.8515E-08 2.9685E-08 3.0576E-08 3.1125E-08 3.1349E-08 3.1259E-08
1.6699E-10 1.7820E-10 1.9063E-10 2.0339E-10 2.1726E-10 2.3187E-10 2.4829E-10 2.6504E-10 2.8510E-10 3.0805E-10 3.3013E-10 3.5253E-10 3.7623E-10 4.0245E-10 4.3760E-10 4.8693E-10 5.4128E-10 6.0252E-10 6.7261E-10 7.5277E-10 8.3622E-10 9.4759E-10 1.0808E-09 1.2272E-09 1.3828E-09 1.5493E-09 1.7360E-09 1.9657E-09 2.2454E-09 2.5507E-09 2.9123E-09 3.2979E-09 3.7323E-09 4.2702E-09 4.8804E-09 5.5664E-09 6.3109E-09 7.1392E-09 8.0552E-09 9.0573E-09 1.0134E-08 1.1278E-08 1.2476E-08 1.3742E-08 1.5187E-08 1.6697E-08 1.8267E-08 1.9897E-08 2.1520E-08 2.3137E-08 2.4630E-08 2.5968E-08 2.7106E-08 2.7989E-08 2.8572E-08 2.8873E-08 2.8906E-08
1.5787E-10 1.6941E-10 1.8069E-10 1.9261E-10 2.0628E-10 2.2026E-10 2.3569E-10 2.5146E-10 2.7171E-10 2.9167E-10 3.1239E-10 3.3640E-10 3.5916E-10 3.8365E-10 4.1443E-10 4.6183E-10 5.1476E-10 5.7243E-10 6.3814E-10 7.1475E-10 7.9458E-10 8.9410E-10 1.0209E-09 1.1636E-09 1.3166E-09 1.4768E-09 1.6543E-09 1.8552E-09 2.1175E-09 2.4149E-09 2.7404E-09 3.1105E-09 3.5145E-09 3.9663E-09 4.5257E-09 5.1735E-09 5.8674E-09 6.6245E-09 7.4585E-09 8.3729E-09 9.3567E-09 1.0402E-08 1.1499E-08 1.2643E-08 1.3856E-08 1.5214E-08 1.6654E-08 1.8108E-08 1.9585E-08 2.1040E-08 2.2418E-08 2.3683E-08 2.4769E-08 2.5649E-08 2.6272E-08 2.6634E-08 2.6745E-08
1.4963E-10 1.6006E-10 1.7113E-10 1.8307E-10 1.9555E-10 2.0870E-10 2.2329E-10 2.3836E-10 2.5774E-10 2.7686E-10 2.9769E-10 3.1875E-10 3.4059E-10 3.6540E-10 3.9038E-10 4.3312E-10 4.8632E-10 5.4402E-10 6.0716E-10 6.7817E-10 7.5670E-10 8.4354E-10 9.6234E-10 1.0975E-09 1.2471E-09 1.4044E-09 1.5724E-09 1.7623E-09 1.9767E-09 2.2554E-09 2.5706E-09 2.9250E-09 3.2994E-09 3.7174E-09 4.1872E-09 4.7804E-09 5.4260E-09 6.1311E-09 6.8892E-09 7.7199E-09 8.6166E-09 9.5692E-09 1.0572E-08 1.1613E-08 1.2715E-08 1.3884E-08 1.5149E-08 1.6491E-08 1.7812E-08 1.9146E-08 2.0420E-08 2.1600E-08 2.2641E-08 2.3499E-08 2.4138E-08 2.4545E-08 2.4733E-08
1.4139E-10 1.5137E-10 1.6217E-10 1.7297E-10 1.8501E-10 1.9755E-10 2.1147E-10 2.2617E-10 2.4211E-10 2.6084E-10 2.8292E-10 3.0309E-10 3.2452E-10 3.4691E-10 3.7156E-10 4.0685E-10 4.5295E-10 5.1239E-10 5.7494E-10 6.4436E-10 7.1851E-10 7.9768E-10 9.0345E-10 1.0330E-09 1.1755E-09 1.3302E-09 1.4908E-09 1.6694E-09 1.8709E-09 2.0974E-09 2.4046E-09 2.7325E-09 3.0886E-09 3.4752E-09 3.9073E-09 4.3877E-09 4.9697E-09 5.6610E-09 6.3494E-09 7.1016E-09 7.9160E-09 8.7829E-09 9.6955E-09 1.0639E-08 1.1646E-08 1.2708E-08 1.3822E-08 1.4986E-08 1.6214E-08 1.7430E-08 1.8595E-08 1.9681E-08 2.0669E-08 2.1509E-08 2.2157E-08 2.2598E-08 2.2834E-08
1.3321E-10 1.4325E-10 1.5296E-10 1.6413E-10 1.7501E-10 1.8696E-10 2.0039E-10 2.1360E-10 2.2909E-10 2.4799E-10 2.6658E-10 2.8586E-10 3.0843E-10 3.2968E-10 3.5191E-10 3.8412E-10 4.2767E-10 4.8151E-10 5.3715E-10 6.0682E-10 6.8112E-10 7.5497E-10 8.4783E-10 9.6863E-10 1.1047E-09 1.2535E-09 1.4100E-09 1.5772E-09 1.7656E-09 1.9773E-09 2.2142E-09 2.5329E-09 2.8721E-09 3.2395E-09 3.6360E-09 4.0769E-09 4.5620E-09 5.1496E-09 5.8397E-09 6.5199E-09 7.2570E-09 8.0441E-09 8.8720E-09 9.7317E-09 1.0644E-08 1.1604E-08 1.2607E-08 1.3661E-08 1.4746E-08 1.5831E-08 1.6917E-08 1.7936E-08 1.8859E-08 1.9653E-08 2.0303E-08 2.0767E-08 2.1050E-08
1.2591E-10 1.3488E-10 1.4471E-10 1.5477E-10 1.6539E-10 1.7687E-10 1.8908E-10 2.0225E-10 2.1657E-10 2.3409E-10 2.5234E-10 2.7174E-10 2.9134E-10 3.1167E-10 3.3423E-10 3.6289E-10 3.9901E-10 4.4914E-10 5.0848E-10 5.7029E-10 6.4177E-10 7.1449E-10 7.9661E-10 9.0494E-10 1.0342E-09 1.1765E-09 1.3281E-09 1.4862E-09 1.6618E-09 1.8589E-09 2.0791E-09 2.3244E-09 2.6643E-09 3.0122E-09 3.3753E-09 3.7781E-09 4.2215E-09 4.7291E-09 5.3143E-09 5.9754E-09 6.6406E-09 7.3536E-09 8.1035E-09 8.8842E-09 9.7091E-09 1.0570E-08 1.1475E-08 1.2433E-08 1.3418E-08 1.4407E-08 1.5375E-08 1.6323E-08 1.7185E-08 1.7942E-08 1.8571E-08 1.9044E-08 1.9364E-08
1.1833E-10 1.2687E-10 1.3648E-10 1.4573E-10 1.5641E-10 1.6678E-10 1.7880E-10 1.9106E-10 2.0469E-10 2.1961E-10 2.3695E-10 2.5710E-10 2.7630E-10 2.9623E-10 3.1637E-10 3.3930E-10 3.7154E-10 4.2127E-10 4.7610E-10 5.3734E-10 6.0448E-10 6.7552E-10 7.4851E-10 8.4535E-10 9.6437E-10 1.0991E-09 1.2457E-09 1.3970E-09 1.5601E-09 1.7428E-09 1.9469E-09 2.1739E-09 2.4253E-09 2.7716E-09 3.1259E-09 3.4927E-09 3.8968E-09 4.3377E-09 4.8429E-09 5.4214E-09 6.0673E-09 6.7111E-09 7.3894E-09 8.0961E-09 8.8382E-09 9.6064E-09 1.0432E-08 1.1294E-08 1.2184E-08 1.3077E-08 1.3973E-08 1.4848E-08 1.5658E-08 1.6380E-08 1.6982E-08 1.7452E-08 1.7777E-08
1.1132E-10 1.1947E-10 1.2829E-10 1.3767E-10 1.4724E-10 1.5766E-10 1.6831E-10 1.7995E-10 1.9305E-10 2.0626E-10 2.2375E-10 2.4192E-10 2.5975E-10 2.8081E-10 3.0053E-10 3.2110E-10 3.5025E-10 3.8747E-10 4.4059E-10 5.0181E-10 5.6632E-10 6.3664E-10 7.0500E-10 7.8791E-10 8.9613E-10 1.0228E-09 1.1623E-09 1.3100E-09 1.4610E-09 1.6299E-09 1.8183E-09 2.0277E-09 2.2593E-09 2.5310E-09 2.8650E-09 3.2219E-09 3.5890E-09 3.9899E-09 4.4272E-09 4.9239E-09 5.4886E-09 6.0989E-09 6.7284E-09 7.3670E-09 8.0247E-09 8.7294E-09 9.4700E-09 1.0244E-08 1.1039E-08 1.1851E-08 1.2672E-08 1.3476E-08 1.4230E-08 1.4912E-08 1.5496E-08 1.5963E-08 1.6304E-08
1.0433E-10 1.1205E-10 1.2048E-10 1.2964E-10 1.3841E-10 1.4860E-10 1.5843E-10 1.6990E-10 1.8158E-10 1.9462E-10 2.0893E-10 2.2788E-10 2.4582E-10 2.6444E-10 2.8325E-10 3.0344E-10 3.3037E-10 3.6370E-10 4.0914E-10 4.6354E-10 5.2586E-10 5.9507E-10 6.6457E-10 7.3584E-10 8.3036E-10 9.4630E-10 1.0795E-09 1.2220E-09 1.3651E-09 1.5208E-09 1.6942E-09 1.8866E-09 2.0994E-09 2.3336E-09 2.6079E-09 2.9289E-09 3.2989E-09 3.6629E-09 4.0595E-09 4.4888E-09 4.9920E-09 5.5376E-09 6.1186E-09 6.6949E-09 7.2886E-09 7.9228E-09 8.5862E-09 9.2755E-09 9.9864E-09 1.0727E-08 1.1471E-08 1.2205E-08 1.2904E-08 1.3545E-08 1.4105E-08 1.4563E-08 1.4913E-08
9.7610E-11 1.0494E-10 1.1297E-10 1.2139E-10 1.2997E-10 1.3965E-10 1.4925E-10 1.5965E-10 1.7072E-10 1.8323E-10 1.9629E-10 2.1274E-10 2.3034E-10 2.4967E-10 2.6806E-10 2.8713E-10 3.0697E-10 3.3632E-10 3.7839E-10 4.3178E-10 4.8938E-10 5.5236E-10 6.2410E-10 6.9030E-10 7.6924E-10 8.7296E-10 9.9539E-10 1.1327E-09 1.2721E-09 1.4159E-09 1.5751E-09 1.7515E-09 1.9464E-09 2.1608E-09 2.3955E-09 2.6849E-09 2.9898E-09 3.3566E-09 3.7156E-09 4.1044E-09 4.5223E-09 5.0063E-09 5.5271E-09 6.0777E-09 6.6141E-09 7.1834E-09 7.7741E-09 8.3849E-09 9.0332E-09 9.6980E-09 1.0370E-08 1.1031E-08 1.1681E-08 1.2278E-08 1.2810E-08 1.3255E-08 1.3608E-08
9.1179E-11 9.8471E-11 1.0578E-10 1.1407E-10 1.2249E-10 1.3106E-10 1.4073E-10 1.5003E-10 1.6093E-10 1.7250E-10 1.8476E-10 1.9818E-10 2.1707E-10 2.3443E-10 2.5191E-10 2.7210E-10 2.8956E-10 3.1590E-10 3.5018E-10 3.9554E-10 4.5240E-10 5.1488E-10 5.8093E-10 6.4866E-10 7.1644E-10 8.0359E-10 9.1387E-10 1.0416E-09 1.1799E-09 1.3157E-09 1.4614E-09 1.6228E-09 1.8009E-09 1.9966E-09 2.2107E-09 2.4438E-09 2.7308E-09 3.0480E-09 3.3955E-09 3.7471E-09 4.1257E-09 4.5270E-09 4.9882E-09 5.4975E-09 5.9965E-09 6.4979E-09 7.0273E-09 7.5850E-09 8.1640E-09 8.7595E-09 9.3583E-09 9.9589E-09 1.0558E-08 1.1111E-08 1.1612E-08 1.2041E-08 1.2391E-08
8.5320E-11 9.1630E-11 9.8901E-11 1.0679E-10 1.1448E-10 1.2287E-10 1.3204E-10 1.4079E-10 1.5096E-10 1.6146E-10 1.7338E-10 1.8584E-10 2.0272E-10 2.1869E-10 2.3791E-10 2.5568E-10 2.7355E-10 2.9263E-10 3.2651E-10 3.6281E-10 4.1678E-10 4.7296E-10 5.4063E-10 6.0642E-10 6.7138E-10 7.4224E-10 8.3659E-10 9.5308E-10 1.0829E-09 1.2183E-09 1.3536E-09 1.5008E-09 1.6631E-09 1.8413E-09 2.0361E-09 2.2480E-09 2.4776E-09 2.7626E-09 3.0756E-09 3.4162E-09 3.7586E-09 4.1223E-09 4.5051E-09 4.9043E-09 5.4174E-09 5.8805E-09 6.3594E-09 6.8575E-09 7.3740E-09 7.9001E-09 8.4387E-09 8.9885E-09 9.5316E-09 1.0041E-08 1.0469E-08 1.0881E-08 1.1226E-08
7.9441E-11 8.5710E-11 9.2627E-11 9.9841E-11 1.0712E-10 1.1504E-10 1.2372E-10 1.3199E-10 1.4163E-10 1.5168E-10 1.6249E-10 1.7433E-10 1.8745E-10 2.0574E-10 2.2247E-10 2.3931E-10 2.5883E-10 2.7553E-10 3.0110E-10 3.3458E-10 3.8129E-10 4.3682E-10 4.9762E-10 5.6204E-10 6.2809E-10 6.9319E-10 7.6658E-10 8.6879E-10 9.8925E-10 1.1157E-09 1.2503E-09 1.3858E-09 1.5334E-09 1.6952E-09 1.8719E-09 2.0641E-09 2.2728E-09 2.5003E-09 2.7942E-09 3.1001E-09 3.4200E-09 3.7493E-09 4.0956E-09 4.4583E-09 4.8322E-09 5.2895E-09 5.7205E-09 6.1641E-09 6.6208E-09 7.0932E-09 7.5803E-09 8.0725E-09 8.5632E-09 9.0326E-09 9.4687E-09 9.8582E-09 1.0191E-08
7.3860E-11 7.9440E-11 8.6037E-11 9.2920E-11 9.9787E-11 1.0761E-10 1.1581E-10 1.2357E-10 1.3270E-10 1.4232E-10 1.5225E-10 1.6359E-10 1.7546E-10 1.9173E-10 2.0707E-10 2.2565E-10 2.4273E-10 2.5987E-10 2.7813E-10 3.1114E-10 3.4420E-10 3.9502E-10 4.5671E-10 5.1592E-10 5.8398E-10 6.4749E-10 7.1255E-10 7.8899E-10 8.9883E-10 1.0203E-09 1.1416E-09 1.2756E-09 1.4116E-09 1.5583E-09 1.7183E-09 1.8922E-09 2.0817E-09 2.2877E-09 2.5114E-09 2.7987E-09 3.0973E-09 3.4065E-09 3.7203E-09 4.0487E-09 4.3889E-09 4.7358E-09 5.1611E-09 5.5479E-09 5.9568E-09 6.3786E-09 6.8116E-09 7.2505E-09 7.6821E-09 8.1183E-09 8.5204E-09 8.8880E-09 9.2077E-09
6.8565E-11 7.4130E-11 8.0002E-11 8.6255E-11 9.3085E-11 1.0052E-10 1.0799E-10 1.1558E-10 1.2420E-10 1.3331E-10 1.4250E-10 1.5306E-10 1.6432E-10 1.7683E-10 1.9448E-10 2.1055E-10 2.2878E-10 2.4553E-10 2.6072E-10 2.8539E-10 3.1694E-10 3.5910E-10 4.1583E-10 4.7501E-10 5.3730E-10 6.0252E-10 6.6521E-10 7.2912E-10 8.0917E-10 9.2586E-10 1.0433E-09 1.1622E-09 1.2931E-09 1.4304E-09 1.5751E-09 1.7321E-09 1.9040E-09 2.0905E-09 2.2935E-09 2.5120E-09 2.7911E-09 3.0926E-09 3.3767E-09 3.6738E-09 3.9829E-09 4.2982E-09 4.6164E-09 5.0045E-09 5.3567E-09 5.7320E-09 6.1419E-09 6.5324E-09 6.9305E-09 7.3277E-09 7.6973E-09 8.0403E-09 8.3079E-09
6.1836E-11 6.8469E-11 7.4004E-11 8.0199E-11 8.6401E-11 9.3182E-11 1.0026E-10 1.0796E-10 1.1610E-10 1.2471E-10 1.3291E-10 1.4271E-10 1.5316E-10 1.6478E-10 1.7985E-10 1.9554E-10 2.1344E-10 2.2980E-10 2.4617E-10 2.6287E-10 2.9017E-10 3.2719E-10 3.7328E-10 4.3343E-10 4.9130E-10 5.5608E-10 6.1846E-10 6.8026E-10 7.4331E-10 8.2564E-10 9.4753E-10 1.0588E-09 1.1770E-09 1.3041E-09 1.4401E-09 1.5836E-09 1.7393E-09 1.9084E-09 2.0919E-09 2.2907E-09 2.5032E-09 2.7851E-09 3.0629E-09 3.3322E-09 3.6121E-09 3.8985E-09 4.1877E-09 4.4862E-09 4.8177E-09 5.1757E-09 5.5211E-09 5.8739E-09 6.2305E-09 6.5865E-09 6.9233E-09 7.2398E-09 7.5257E-09
5.4012E-11 6.2014E-11 6.8932E-11 7.4462E-11 8.0292E-11 8.6739E-11 9.3449E-11 1.0076E-10 1.0844E-10 1.1595E-10 1.2424E-10 1.3333E-10 1.4271E-10 1.5351E-10 1.6538E-10 1.8067E-10 1.9875E-10 2.1419E-10 2.3224E-10 2.4661E-10 2.6548E-10 2.9744E-10 3.3952E-10 3.8624E-10 4.4719E-10 5.0594E-10 5.7220E-10 6.3229E-10 6.9231E-10 7.5544E-10 8.3888E-10 9.5908E-10 1.0694E-09 1.1850E-09 1.3091E-09 1.4421E-09 1.5848E-09 1.7404E-09 1.9063E-09 2.0868E-09 2.2799E-09 2.4857E-09 2.7559E-09 3.0210E-09 3.2745E-09 3.5341E-09 3.7970E-09 4.0607E-09 4.3462E-09 4.6396E-09 4.9733E-09 5.2781E-09 5.5974E-09 5.9156E-09 6.2287E-09 6.5187E-09 6.7853E-09
4.6757E-11 5.4163E-11 6.2148E-11 6.8708E-11 7.4192E-11 7.9975E-11 8.6704E-11 9.3353E-11 1.0030E-10 1.0795E-10 1.1604E-10 1.2462E-10 1.3327E-10 1.4328E-10 1.5430E-10 1.6643E-10 1.8419E-10 2.0134E-10 2.1694E-10 2.3251E-10 2.4754E-10 2.7075E-10 3.0753E-10 3.4605E-10 4.0379E-10 4.5833E-10 5.2089E-10 5.8466E-10 6.4340E-10 7.0190E-10 7.6506E-10 8.4784E-10 9.6500E-10 1.0717E-09 1.1869E-09 1.3080E-09 1.4406E-09 1.5813E-09 1.7334E-09 1.8987E-09 2.0750E-09 2.2620E-09 2.4604E-09 2.7048E-09 2.9537E-09 3.1868E-09 3.4239E-09 3.6618E-09 3.9078E-09 4.1702E-09 4.4398E-09 4.7238E-09 5.0079E-09 5.2945E-09 5.5812E-09 5.8470E-09 6.0952E-09
4.1544E-11 4.6580E-11 5.4108E-11 6.1412E-11 6.8410E-11 7.4486E-11 8.0241E-11 8.6545E-11 9.3433E-11 1.0062E-10 1.0825E-10 1.1602E-10 1.2400E-10 1.3327E-10 1.4346E-10 1.5471E-10 1.6981E-10 1.8660E-10 2.0180E-10 2.1903E-10 2.3256E-10 2.4832E-10 2.8006E-10 3.1303E-10 3.5604E-10 4.1300E-10 4.7030E-10 5.3636E-10 5.9504E-10 6.5153E-10 7.0934E-10 7.7198E-10 8.5343E-10 9.6228E-10 1.0691E-09 1.1813E-09 1.3029E-09 1.4338E-09 1.5743E-09 1.7226E-09 1.8848E-09 2.0546E-09 2.2344E-09 2.4271E-09 2.6233E-09 2.8765E-09 3.0898E-09 3.3213E-09 3.5370E-09 3.7735E-09 4.0159E-09 4.2641E-09 4.5168E-09 4.7644E-09 5.0217E-09 5.2435E-09 5.4942E-09
3.8078E-11 4.1364E-11 4.6622E-11 5.3550E-11 6.1421E-11 6.8366E-11 7.4069E-11 7.9767E-11 8.6022E-11 9.2867E-11 1.0002E-10 1.0762E-10 1.1568E-10 1.2425E-10 1.3337E-10 1.4380E-10 1.5566E-10 1.7206E-10 1.8684E-10 2.0371E-10 2.1894E-10 2.3238E-10 2.5024E-10 2.8043E-10 3.2066E-10 3.6689E-10 4.2277E-10 4.8164E-10 5.4608E-10 6.0276E-10 6.5699E-10 7.1444E-10 7.7646E-10 8.5374E-10 9.5607E-10 1.0590E-09 1.1769E-09 1.2965E-09 1.4242E-09 1.5611E-09 1.7085E-09 1.8658E-09 2.0289E-09 2.2044E-09 2.3827E-09 2.5659E-09 2.7884E-09 2.9961E-09 3.1910E-09 3.3931E-09 3.6099E-09 3.8322E-09 4.0589E-09 4.2827E-09 4.5158E-09 4.7492E-09 4.9620E-09
3.5313E-11 3.7392E-11 4.1163E-11 4.6120E-11 5.3014E-11 6.0821E-11 6.7702E-11 7.3583E-11 7.9544E-11 8.5760E-11 9.2517E-11 9.9946E-11 1.0722E-10 1.1528E-10 1.2353E-10 1.3349E-10 1.4393E-10 1.5770E-10 1.7257E-10 1.8908E-10 2.0595E-10 2.1864E-10 2.3196E-10 2.5468E-10 2.8929E-10 3.3114E-10 3.7577E-10 4.3000E-10 4.8992E-10 5.5338E-10 6.0757E-10 6.6029E-10 7.1705E-10 7.7819E-10 8.5156E-10 9.4745E-10 1.0517E-09 1.1618E-09 1.2884E-09 1.4126E-09 1.5456E-09 1.6898E-09 1.8398E-09 1.9961E-09 2.1628E-09 2.3305E-09 2.5001E-09 2.7051E-09 2.8813E-09 3.0558E-09 3.2504E-09 3.4491E-09 3.6521E-09 3.8584E-09 4.0671E-09 4.2693E-09 4.4722E-09
3.2381E-11 3.5163E-11 3.7389E-11 4.0673E-11 4.5850E-11 5.2611E-11 5.9651E-11 6.6484E-11 7.3043E-11 7.9294E-11 8.5126E-11 9.2455E-11 9.9568E-11 1.0681E-10 1.1485E-10 1.2389E-10 1.3321E-10 1.4413E-10 1.5857E-10 1.7467E-10 1.9118E-10 2.0555E-10 2.1812E-10 2.3280E-10 2.5625E-10 2.9136E-10 3.3255E-10 3.7996E-10 4.3287E-10 4.9812E-10 5.5811E-10 6.0945E-10 6.6132E-10 7.1712E-10 7.7767E-10 8.4897E-10 9.3709E-10 1.0373E-09 1.1543E-09 1.2740E-09 1.3972E-09 1.5285E-09 1.6674E-09 1.8101E-09 1.9588E-09 2.1142E-09 2.2687E-09 2.4243E-09 2.6016E-09 2.7613E-09 2.9352E-09 3.1044E-09 3.2863E-09 3.4717E-09 3.6601E-09 3.8438E-09 4.0349E-09
