Assets/Resources/2015_m01_d07_1500(utc+0800)_l00_csi_1hr_conc.grd
DSAA
         159         159
     -79.000      79.000
     -79.000      79.000
  0.0000E+00  0.1028E-05
[rows 0 to 24 of 159, columns 57 to 113 of 159]
4.0563E-09 4.1646E-09 4.2667E-09 4.3693E-09 4.4720E-09 4.5750E-09 4.6777E-09 4.7798E-09 4.8811E-09 4.9808E-09 5.0787E-09 5.1746E-09 5.2686E-09 5.3600E-09 5.4489E-09 5.5347E-09 5.6177E-09 5.6970E-09 5.7726E-09 5.8441E-09 5.9116E-09 5.9750E-09 6.0339E-09 6.0883E-09 6.1380E-09 6.1826E-09 6.2218E-09 6.2555E-09 6.2835E-09 6.3044E-09 6.3202E-09 6.3298E-09 6.3319E-09 6.3284E-09 6.3182E-09 6.3013E-09 6.2775E-09 6.2469E-09 6.2094E-09 6.1651E-09 6.1140E-09 6.0561E-09 5.9856E-09 5.9022E-09 5.8218E-09 5.7388E-09 5.6514E-09 5.5567E-09 5.4573E-09 5.3520E-09 5.2426E-09 5.1285E-09 5.0095E-09 4.8873E-09 4.7617E-09 4.6316E-09 4.5000E-09
4.1520E-09 4.2565E-09 4.3615E-09 4.4676E-09 4.5740E-09 4.6805E-09 4.7864E-09 4.8916E-09 4.9958E-09 5.0988E-09 5.2002E-09 5.2997E-09 5.3970E-09 5.4916E-09 5.5836E-09 5.6726E-09 5.7584E-09 5.8405E-09 5.9189E-09 5.9930E-09 6.0633E-09 6.1293E-09 6.1908E-09 6.2476E-09 6.2994E-09 6.3458E-09 6.3868E-09 6.4219E-09 6.4511E-09 6.4740E-09 6.4895E-09 6.4996E-09 6.5029E-09 6.4983E-09 6.4879E-09 6.4694E-09 6.4449E-09 6.4132E-09 6.3744E-09 6.3285E-09 6.2756E-09 6.2156E-09 6.1489E-09 6.0693E-09 5.9800E-09 5.8871E-09 5.7949E-09 5.6978E-09 5.5950E-09 5.4859E-09 5.3727E-09 5.2548E-09 5.1316E-09 5.0046E-09 4.8756E-09 4.7427E-09 4.6081E-09
4.2411E-09 4.3493E-09 4.4578E-09 4.5669E-09 4.6763E-09 4.7863E-09 4.8958E-09 5.0048E-09 5.1123E-09 5.2184E-09 5.3228E-09 5.4256E-09 5.5263E-09 5.6246E-09 5.7200E-09 5.8122E-09 5.9010E-09 5.9863E-09 6.0674E-09 6.1445E-09 6.2175E-09 6.2862E-09 6.3502E-09 6.4093E-09 6.4632E-09 6.5115E-09 6.5542E-09 6.5908E-09 6.6212E-09 6.6452E-09 6.6623E-09 6.6719E-09 6.6754E-09 6.6718E-09 6.6600E-09 6.6419E-09 6.6154E-09 6.5820E-09 6.5414E-09 6.4938E-09 6.4389E-09 6.3768E-09 6.3076E-09 6.2314E-09 6.1390E-09 6.0427E-09 5.9411E-09 5.8396E-09 5.7332E-09 5.6213E-09 5.5024E-09 5.3805E-09 5.2540E-09 5.1226E-09 4.9886E-09 4.8514E-09 4.7116E-09
4.3310E-09 4.4421E-09 4.5541E-09 4.6671E-09 4.7802E-09 4.8934E-09 5.0059E-09 5.1182E-09 5.2294E-09 5.3394E-09 5.4472E-09 5.5533E-09 5.6569E-09 5.7584E-09 5.8572E-09 5.9530E-09 6.0453E-09 6.1338E-09 6.2179E-09 6.2980E-09 6.3739E-09 6.4453E-09 6.5118E-09 6.5733E-09 6.6293E-09 6.6797E-09 6.7241E-09 6.7622E-09 6.7939E-09 6.8189E-09 6.8369E-09 6.8471E-09 6.8505E-09 6.8468E-09 6.8356E-09 6.8157E-09 6.7892E-09 6.7541E-09 6.7119E-09 6.6615E-09 6.6039E-09 6.5395E-09 6.4677E-09 6.3887E-09 6.2994E-09 6.2006E-09 6.0944E-09 5.9830E-09 5.8711E-09 5.7553E-09 5.6341E-09 5.5070E-09 5.3764E-09 5.2415E-09 5.1030E-09 4.9597E-09 4.8165E-09
4.4214E-09 4.5362E-09 4.6514E-09 4.7674E-09 4.8841E-09 5.0011E-09 5.1175E-09 5.2330E-09 5.3475E-09 5.4610E-09 5.5730E-09 5.6832E-09 5.7908E-09 5.8956E-09 5.9975E-09 6.0964E-09 6.1919E-09 6.2837E-09 6.3712E-09 6.4547E-09 6.5335E-09 6.6077E-09 6.6767E-09 6.7396E-09 6.7979E-09 6.8502E-09 6.8964E-09 6.9361E-09 6.9691E-09 6.9951E-09 7.0139E-09 7.0253E-09 7.0280E-09 7.0242E-09 7.0125E-09 6.9930E-09 6.9643E-09 6.9288E-09 6.8843E-09 6.8326E-09 6.7725E-09 6.7043E-09 6.6292E-09 6.5472E-09 6.4580E-09 6.3585E-09 6.2496E-09 6.1299E-09 6.0112E-09 5.8904E-09 5.7651E-09 5.6346E-09 5.4977E-09 5.3584E-09 5.2163E-09 5.0702E-09 4.9198E-09
4.5120E-09 4.6299E-09 4.7491E-09 4.8691E-09 4.9896E-09 5.1100E-09 5.2303E-09 5.3498E-09 5.4682E-09 5.5848E-09 5.6998E-09 5.8132E-09 5.9247E-09 6.0337E-09 6.1397E-09 6.2422E-09 6.3409E-09 6.4357E-09 6.5262E-09 6.6129E-09 6.6950E-09 6.7722E-09 6.8441E-09 6.9100E-09 6.9700E-09 7.0244E-09 7.0724E-09 7.1136E-09 7.1467E-09 7.1737E-09 7.1932E-09 7.2051E-09 7.2086E-09 7.2039E-09 7.1918E-09 7.1714E-09 7.1428E-09 7.1047E-09 7.0594E-09 7.0048E-09 6.9431E-09 6.8725E-09 6.7937E-09 6.7071E-09 6.6142E-09 6.5144E-09 6.4044E-09 6.2808E-09 6.1543E-09 6.0264E-09 5.8949E-09 5.7610E-09 5.6213E-09 5.4756E-09 5.3281E-09 5.1774E-09 5.0250E-09
4.6034E-09 4.7254E-09 4.8484E-09 4.9716E-09 5.0958E-09 5.2198E-09 5.3438E-09 5.4668E-09 5.5891E-09 5.7099E-09 5.8290E-09 5.9459E-09 6.0604E-09 6.1724E-09 6.2823E-09 6.3887E-09 6.4915E-09 6.5898E-09 6.6838E-09 6.7734E-09 6.8584E-09 6.9383E-09 7.0127E-09 7.0812E-09 7.1435E-09 7.1999E-09 7.2497E-09 7.2925E-09 7.3280E-09 7.3547E-09 7.3750E-09 7.3869E-09 7.3902E-09 7.3860E-09 7.3733E-09 7.3521E-09 7.3222E-09 7.2837E-09 7.2354E-09 7.1798E-09 7.1146E-09 7.0420E-09 6.9603E-09 6.8705E-09 6.7728E-09 6.6676E-09 6.5569E-09 6.4327E-09 6.3020E-09 6.1653E-09 6.0272E-09 5.8860E-09 5.7418E-09 5.5932E-09 5.4417E-09 5.2837E-09 5.1266E-09
4.6955E-09 4.8206E-09 4.9474E-09 5.0750E-09 5.2029E-09 5.3304E-09 5.4582E-09 5.5850E-09 5.7109E-09 5.8353E-09 5.9584E-09 6.0796E-09 6.1984E-09 6.3143E-09 6.4272E-09 6.5366E-09 6.6425E-09 6.7443E-09 6.8418E-09 6.9348E-09 7.0230E-09 7.1060E-09 7.1833E-09 7.2545E-09 7.3194E-09 7.3778E-09 7.4294E-09 7.4738E-09 7.5105E-09 7.5395E-09 7.5591E-09 7.5717E-09 7.5756E-09 7.5701E-09 7.5560E-09 7.5335E-09 7.5024E-09 7.4623E-09 7.4133E-09 7.3553E-09 7.2885E-09 7.2121E-09 7.1280E-09 7.0347E-09 6.9336E-09 6.8242E-09 6.7071E-09 6.5810E-09 6.4495E-09 6.3074E-09 6.1603E-09 6.0122E-09 5.8614E-09 5.7090E-09 5.5519E-09 5.3925E-09 5.2271E-09
4.7878E-09 4.9173E-09 5.0474E-09 5.1782E-09 5.3099E-09 5.4419E-09 5.5734E-09 5.7039E-09 5.8337E-09 5.9621E-09 6.0890E-09 6.2138E-09 6.3365E-09 6.4564E-09 6.5731E-09 6.6863E-09 6.7958E-09 6.9009E-09 7.0018E-09 7.0981E-09 7.1896E-09 7.2756E-09 7.3559E-09 7.4299E-09 7.4974E-09 7.5581E-09 7.6115E-09 7.6575E-09 7.6955E-09 7.7254E-09 7.7469E-09 7.7585E-09 7.7626E-09 7.7576E-09 7.7424E-09 7.7184E-09 7.6850E-09 7.6424E-09 7.5913E-09 7.5310E-09 7.4615E-09 7.3831E-09 7.2958E-09 7.2000E-09 7.0946E-09 6.9817E-09 6.8606E-09 6.7315E-09 6.5929E-09 6.4470E-09 6.2942E-09 6.1368E-09 5.9829E-09 5.8237E-09 5.6608E-09 5.4956E-09 5.3297E-09
4.8802E-09 5.0129E-09 5.1474E-09 5.2829E-09 5.4180E-09 5.5532E-09 5.6886E-09 5.8241E-09 5.9583E-09 6.0909E-09 6.2216E-09 6.3501E-09 6.4764E-09 6.6003E-09 6.7213E-09 6.8388E-09 6.9521E-09 7.0610E-09 7.1656E-09 7.2654E-09 7.3601E-09 7.4492E-09 7.5323E-09 7.6090E-09 7.6777E-09 7.7406E-09 7.7960E-09 7.8435E-09 7.8829E-09 7.9138E-09 7.9359E-09 7.9490E-09 7.9517E-09 7.9462E-09 7.9313E-09 7.9056E-09 7.8709E-09 7.8263E-09 7.7716E-09 7.7079E-09 7.6356E-09 7.5540E-09 7.4632E-09 7.3636E-09 7.2554E-09 7.1389E-09 7.0139E-09 6.8808E-09 6.7399E-09 6.5851E-09 6.4317E-09 6.2677E-09 6.1005E-09 5.9381E-09 5.7710E-09 5.5990E-09 5.4264E-09
4.9728E-09 5.1103E-09 5.2478E-09 5.3868E-09 5.5269E-09 5.6676E-09 5.8068E-09 5.9451E-09 6.0824E-09 6.2190E-09 6.3543E-09 6.4878E-09 6.6184E-09 6.7463E-09 6.8709E-09 6.9923E-09 7.1097E-09 7.2229E-09 7.3315E-09 7.4349E-09 7.5330E-09 7.6252E-09 7.7113E-09 7.7908E-09 7.8628E-09 7.9270E-09 7.9842E-09 8.0333E-09 8.0726E-09 8.1044E-09 8.1271E-09 8.1405E-09 8.1436E-09 8.1370E-09 8.1211E-09 8.0953E-09 8.0582E-09 8.0120E-09 7.9552E-09 7.8882E-09 7.8111E-09 7.7255E-09 7.6311E-09 7.5276E-09 7.4152E-09 7.2942E-09 7.1652E-09 7.0284E-09 6.8839E-09 6.7315E-09 6.5682E-09 6.3961E-09 6.2218E-09 6.0492E-09 5.8769E-09 5.7026E-09 5.5221E-09
5.0660E-09 5.2070E-09 5.3497E-09 5.4933E-09 5.6363E-09 5.7800E-09 5.9237E-09 6.0671E-09 6.2090E-09 6.3494E-09 6.4880E-09 6.6253E-09 6.7606E-09 6.8934E-09 7.0225E-09 7.1480E-09 7.2692E-09 7.3861E-09 7.4987E-09 7.6061E-09 7.7080E-09 7.8038E-09 7.8929E-09 7.9752E-09 8.0500E-09 8.1162E-09 8.1751E-09 8.2257E-09 8.2675E-09 8.2988E-09 8.3220E-09 8.3347E-09 8.3377E-09 8.3297E-09 8.3129E-09 8.2857E-09 8.2480E-09 8.1986E-09 8.1400E-09 8.0701E-09 7.9900E-09 7.8997E-09 7.7997E-09 7.6917E-09 7.5749E-09 7.4493E-09 7.3153E-09 7.1734E-09 7.0244E-09 6.8686E-09 6.7058E-09 6.5346E-09 6.3472E-09 6.1653E-09 5.9810E-09 5.8015E-09 5.6205E-09
5.1596E-09 5.3051E-09 5.4513E-09 5.5983E-09 5.7463E-09 5.8942E-09 6.0415E-09 6.1884E-09 6.3349E-09 6.4805E-09 6.6243E-09 6.7655E-09 6.9044E-09 7.0410E-09 7.1746E-09 7.3048E-09 7.4306E-09 7.5518E-09 7.6682E-09 7.7792E-09 7.8843E-09 7.9833E-09 8.0755E-09 8.1606E-09 8.2379E-09 8.3069E-09 8.3671E-09 8.4193E-09 8.4623E-09 8.4957E-09 8.5179E-09 8.5314E-09 8.5340E-09 8.5259E-09 8.5066E-09 8.4778E-09 8.4383E-09 8.3878E-09 8.3252E-09 8.2533E-09 8.1696E-09 8.0758E-09 7.9717E-09 7.8572E-09 7.7344E-09 7.6039E-09 7.4649E-09 7.3177E-09 7.1632E-09 7.0020E-09 6.8347E-09 6.6618E-09 6.4805E-09 6.2776E-09 6.0867E-09 5.8981E-09 5.7112E-09
5.2537E-09 5.4026E-09 5.5529E-09 5.7039E-09 5.8557E-09 6.0078E-09 6.1603E-09 6.3118E-09 6.4622E-09 6.6114E-09 6.7597E-09 6.9064E-09 7.0507E-09 7.1916E-09 7.3290E-09 7.4629E-09 7.5924E-09 7.7177E-09 7.8381E-09 7.9531E-09 8.0621E-09 8.1645E-09 8.2600E-09 8.3480E-09 8.4279E-09 8.4993E-09 8.5617E-09 8.6152E-09 8.6594E-09 8.6936E-09 8.7175E-09 8.7295E-09 8.7322E-09 8.7236E-09 8.7033E-09 8.6714E-09 8.6286E-09 8.5756E-09 8.5115E-09 8.4363E-09 8.3502E-09 8.2521E-09 8.1439E-09 8.0255E-09 7.8965E-09 7.7581E-09 7.6135E-09 7.4609E-09 7.3009E-09 7.1340E-09 6.9609E-09 6.7823E-09 6.5990E-09 6.4093E-09 6.2030E-09 5.9962E-09 5.8011E-09
5.3467E-09 5.4997E-09 5.6543E-09 5.8095E-09 5.9659E-09 6.1224E-09 6.2851E-09 6.4412E-09 6.5972E-09 6.7516E-09 6.9040E-09 7.0542E-09 7.2026E-09 7.3481E-09 7.4903E-09 7.6283E-09 7.7620E-09 7.8911E-09 8.0151E-09 8.1334E-09 8.2457E-09 8.3513E-09 8.4497E-09 8.5374E-09 8.6201E-09 8.6939E-09 8.7585E-09 8.8135E-09 8.8588E-09 8.8938E-09 8.9180E-09 8.9314E-09 8.9320E-09 8.9227E-09 8.9017E-09 8.8681E-09 8.8228E-09 8.7660E-09 8.6972E-09 8.6186E-09 8.5287E-09 8.4277E-09 8.3160E-09 8.1930E-09 8.0596E-09 7.9160E-09 7.7621E-09 7.6028E-09 7.4370E-09 7.2643E-09 7.0854E-09 6.9008E-09 6.7115E-09 6.5182E-09 6.3204E-09 6.1050E-09 5.8903E-09
5.4398E-09 5.5969E-09 5.7620E-09 5.9218E-09 6.0831E-09 6.2442E-09 6.4057E-09 6.5665E-09 6.7399E-09 6.8989E-09 7.0563E-09 7.2111E-09 7.3634E-09 7.5126E-09 7.6589E-09 7.8013E-09 7.9394E-09 8.0724E-09 8.1999E-09 8.3179E-09 8.4334E-09 8.5420E-09 8.6431E-09 8.7362E-09 8.8176E-09 8.8907E-09 8.9574E-09 9.0142E-09 9.0606E-09 9.0962E-09 9.1207E-09 9.1338E-09 9.1353E-09 9.1233E-09 9.1009E-09 9.0664E-09 9.0184E-09 8.9587E-09 8.8869E-09 8.8026E-09 8.7072E-09 8.6019E-09 8.4854E-09 8.3582E-09 8.2207E-09 8.0728E-09 7.9143E-09 7.7456E-09 7.5714E-09 7.3927E-09 7.2077E-09 7.0171E-09 6.8217E-09 6.6224E-09 6.4199E-09 6.2140E-09 5.9917E-09
5.5388E-09 5.7008E-09 5.8645E-09 6.0356E-09 6.2079E-09 6.3743E-09 6.5413E-09 6.7081E-09 6.8739E-09 7.0378E-09 7.2068E-09 7.3739E-09 7.5314E-09 7.6855E-09 7.8357E-09 7.9817E-09 8.1235E-09 8.2606E-09 8.3916E-09 8.5105E-09 8.6291E-09 8.7404E-09 8.8440E-09 8.9363E-09 9.0230E-09 9.0970E-09 9.1589E-09 9.2171E-09 9.2646E-09 9.3008E-09 9.3255E-09 9.3383E-09 9.3390E-09 9.3273E-09 9.3016E-09 9.2649E-09 9.2156E-09 9.1522E-09 9.0771E-09 8.9893E-09 8.8891E-09 8.7762E-09 8.6543E-09 8.5219E-09 8.3788E-09 8.2256E-09 8.0629E-09 7.8910E-09 7.7081E-09 7.5188E-09 7.3277E-09 7.1309E-09 6.9293E-09 6.7239E-09 6.5153E-09 6.3044E-09 6.0911E-09
5.6393E-09 5.8126E-09 5.9815E-09 6.1525E-09 6.3248E-09 6.5033E-09 6.6813E-09 6.8524E-09 7.0234E-09 7.1932E-09 7.3613E-09 7.5264E-09 7.6889E-09 7.8557E-09 8.0117E-09 8.1691E-09 8.3148E-09 8.4551E-09 8.5891E-09 8.7113E-09 8.8316E-09 8.9454E-09 9.0511E-09 9.1481E-09 9.2274E-09 9.3064E-09 9.3716E-09 9.4300E-09 9.4689E-09 9.5058E-09 9.5305E-09 9.5430E-09 9.5428E-09 9.5298E-09 9.5038E-09 9.4647E-09 9.4125E-09 9.3472E-09 9.2675E-09 9.1760E-09 9.0715E-09 8.9543E-09 8.8244E-09 8.6844E-09 8.5355E-09 8.3762E-09 8.2073E-09 8.0298E-09 7.8445E-09 7.6492E-09 7.4451E-09 7.2419E-09 7.0340E-09 6.8222E-09 6.6076E-09 6.3908E-09 6.1725E-09
5.7418E-09 5.9144E-09 6.0959E-09 6.2781E-09 6.4547E-09 6.6324E-09 6.8106E-09 6.9883E-09 7.1783E-09 7.3530E-09 7.5264E-09 7.6974E-09 7.8658E-09 8.0300E-09 8.1904E-09 8.3460E-09 8.5040E-09 8.6486E-09 8.7867E-09 8.9178E-09 9.0408E-09 9.1570E-09 9.2650E-09 9.3636E-09 9.4524E-09 9.5287E-09 9.5845E-09 9.6414E-09 9.6884E-09 9.7123E-09 9.7371E-09 9.7490E-09 9.7478E-09 9.7333E-09 9.7053E-09 9.6637E-09 9.6086E-09 9.5398E-09 9.4577E-09 9.3624E-09 9.2537E-09 9.1316E-09 8.9968E-09 8.8498E-09 8.6909E-09 8.5251E-09 8.3497E-09 8.1656E-09 7.9736E-09 7.7745E-09 7.5682E-09 7.3505E-09 7.1355E-09 6.9173E-09 6.6964E-09 6.4736E-09 6.2494E-09
5.8461E-09 6.0315E-09 6.2111E-09 6.3924E-09 6.5831E-09 6.7740E-09 6.9581E-09 7.1424E-09 7.3259E-09 7.5078E-09 7.6938E-09 7.8775E-09 8.0508E-09 8.2203E-09 8.3864E-09 8.5487E-09 8.7055E-09 8.8559E-09 8.9985E-09 9.1305E-09 9.2572E-09 9.3761E-09 9.4860E-09 9.5864E-09 9.6767E-09 9.7564E-09 9.8212E-09 9.8647E-09 9.9099E-09 9.9438E-09 9.9479E-09 9.9591E-09 9.9539E-09 9.9378E-09 9.9076E-09 9.8633E-09 9.8049E-09 9.7325E-09 9.6462E-09 9.5463E-09 9.4329E-09 9.3065E-09 9.1676E-09 9.0149E-09 8.8503E-09 8.6729E-09 8.4897E-09 8.2988E-09 8.1000E-09 7.8940E-09 7.6817E-09 7.4637E-09 7.2352E-09 7.0088E-09 6.7815E-09 6.5526E-09 6.3223E-09
5.9535E-09 6.1445E-09 6.3312E-09 6.5264E-09 6.7154E-09 6.9048E-09 7.1032E-09 7.3011E-09 7.4906E-09 7.6796E-09 7.8665E-09 8.0519E-09 8.2332E-09 8.4096E-09 8.5803E-09 8.7459E-09 8.9059E-09 9.0609E-09 9.2088E-09 9.3491E-09 9.4777E-09 9.5999E-09 9.7123E-09 9.8124E-09 9.9037E-09 9.9844E-09 1.0053E-08 1.0105E-08 1.0137E-08 1.0169E-08 1.0188E-08 1.0178E-08 1.0167E-08 1.0146E-08 1.0113E-08 1.0066E-08 1.0001E-08 9.9250E-09 9.8343E-09 9.7295E-09 9.6108E-09 9.4787E-09 9.3337E-09 9.1763E-09 9.0071E-09 8.8246E-09 8.6296E-09 8.4292E-09 8.2232E-09 8.0103E-09 7.7910E-09 7.5663E-09 7.3369E-09 7.0990E-09 6.8626E-09 6.6274E-09 6.3910E-09
6.0820E-09 6.2799E-09 6.4730E-09 6.6751E-09 6.8725E-09 7.0771E-09 7.2754E-09 7.4731E-09 7.6706E-09 7.8670E-09 8.0601E-09 8.2511E-09 8.4387E-09 8.6227E-09 8.8018E-09 8.9741E-09 9.1390E-09 9.2968E-09 9.4471E-09 9.5897E-09 9.7226E-09 9.8454E-09 9.9599E-09 1.0064E-08 1.0154E-08 1.0234E-08 1.0300E-08 1.0355E-08 1.0394E-08 1.0410E-08 1.0427E-08 1.0429E-08 1.0404E-08 1.0373E-08 1.0332E-08 1.0279E-08 1.0213E-08 1.0128E-08 1.0031E-08 9.9190E-09 9.7942E-09 9.6556E-09 9.5037E-09 9.3391E-09 9.1625E-09 8.9746E-09 8.7765E-09 8.5646E-09 8.3431E-09 8.1229E-09 7.8964E-09 7.6647E-09 7.4287E-09 7.1889E-09 6.9424E-09 6.6977E-09 6.4552E-09
6.2146E-09 6.4193E-09 6.6200E-09 6.8297E-09 7.0346E-09 7.2407E-09 7.4479E-09 7.6541E-09 7.8593E-09 8.0623E-09 8.2631E-09 8.4613E-09 8.6548E-09 8.8442E-09 9.0288E-09 9.2079E-09 9.3798E-09 9.5429E-09 9.6973E-09 9.8430E-09 9.9786E-09 1.0103E-08 1.0218E-08 1.0323E-08 1.0415E-08 1.0493E-08 1.0560E-08 1.0612E-08 1.0650E-08 1.0673E-08 1.0676E-08 1.0672E-08 1.0656E-08 1.0611E-08 1.0560E-08 1.0499E-08 1.0424E-08 1.0334E-08 1.0232E-08 1.0114E-08 9.9797E-09 9.8319E-09 9.6728E-09 9.5006E-09 9.3162E-09 9.1204E-09 8.9147E-09 8.7000E-09 8.4697E-09 8.2314E-09 7.9977E-09 7.7588E-09 7.5156E-09 7.2695E-09 7.0204E-09 6.7664E-09 6.5145E-09
6.3500E-09 6.5631E-09 6.7731E-09 6.9846E-09 7.1976E-09 7.4117E-09 7.6263E-09 7.8413E-09 8.0554E-09 8.2670E-09 8.4759E-09 8.6815E-09 8.8824E-09 9.0776E-09 9.2672E-09 9.4504E-09 9.6269E-09 9.7954E-09 9.9550E-09 1.0105E-08 1.0244E-08 1.0371E-08 1.0487E-08 1.0592E-08 1.0685E-08 1.0764E-08 1.0827E-08 1.0879E-08 1.0915E-08 1.0934E-08 1.0939E-08 1.0922E-08 1.0898E-08 1.0862E-08 1.0800E-08 1.0727E-08 1.0645E-08 1.0544E-08 1.0433E-08 1.0306E-08 1.0167E-08 1.0013E-08 9.8427E-09 9.6606E-09 9.4680E-09 9.2640E-09 9.0499E-09 8.8269E-09 8.5917E-09 8.3480E-09 8.0945E-09 7.8481E-09 7.5978E-09 7.3446E-09 7.0899E-09 6.8322E-09 6.5716E-09
6.4892E-09 6.7050E-09 6.9235E-09 7.1436E-09 7.3663E-09 7.5901E-09 7.8144E-09 8.0373E-09 8.2586E-09 8.4796E-09 8.6974E-09 8.9110E-09 9.1185E-09 9.3212E-09 9.5177E-09 9.7066E-09 9.8872E-09 1.0060E-08 1.0223E-08 1.0376E-08 1.0518E-08 1.0648E-08 1.0766E-08 1.0871E-08 1.0963E-08 1.1042E-08 1.1106E-08 1.1152E-08 1.1186E-08 1.1205E-08 1.1207E-08 1.1192E-08 1.1151E-08 1.1105E-08 1.1043E-08 1.0963E-08 1.0867E-08 1.0763E-08 1.0640E-08 1.0504E-08 1.0354E-08 1.0189E-08 1.0014E-08 9.8244E-09 9.6187E-09 9.4051E-09 9.1823E-09 8.9505E-09 8.7065E-09 8.4563E-09 8.1993E-09 7.9332E-09 7.6748E-09 7.4145E-09 7.1529E-09 6.8900E-09 6.6250E-09
