Assets/Resources/2015_m01_d10_1000(utc+0800)_l00_csi_1hr_conc.grd
DSAA
         159         159
     -79.000      79.000
     -79.000      79.000
  0.1284E-08  0.1690E-04
[rows 50 to 74 of 159, columns 0 to 56 of 159]
2.9407E-09 3.0310E-09 3.1248E-09 3.2220E-09 3.3212E-09 3.4259E-09 3.5346E-09 3.6473E-09 3.7642E-09 3.8834E-09 4.0090E-09 4.1393E-09 4.2743E-09 4.4141E-09 4.5592E-09 4.7095E-09 4.8675E-09 5.0313E-09 5.1986E-09 5.3743E-09 5.5541E-09 5.7427E-09 5.9404E-09 6.1451E-09 6.3546E-09 6.5714E-09 6.7958E-09 7.0278E-09 7.2686E-09 7.5177E-09 7.7795E-09 8.0435E-09 8.3374E-09 8.6327E-09 8.9384E-09 9.2518E-09 9.5643E-09 9.8850E-09 1.0214E-08 1.0566E-08 1.0988E-08 1.1385E-08 1.1769E-08 1.2212E-08 1.2643E-08 1.3070E-08 1.3511E-08 1.3963E-08 1.4427E-08 1.4904E-08 1.5409E-08 1.5916E-08 1.6445E-08 1.6985E-08 1.7540E-08 1.8110E-08 1.8694E-08
2.9754E-09 3.0672E-09 3.1625E-09 3.2613E-09 3.3621E-09 3.4685E-09 3.5790E-09 3.6936E-09 3.8124E-09 3.9336E-09 4.0613E-09 4.1938E-09 4.3310E-09 4.4733E-09 4.6208E-09 4.7736E-09 4.9343E-09 5.1008E-09 5.2709E-09 5.4496E-09 5.6324E-09 5.8266E-09 6.0252E-09 6.2334E-09 6.4464E-09 6.6669E-09 6.8950E-09 7.1310E-09 7.3759E-09 7.6292E-09 7.8954E-09 8.1676E-09 8.4640E-09 8.7638E-09 9.0849E-09 9.3933E-09 9.7101E-09 1.0036E-08 1.0370E-08 1.0740E-08 1.1155E-08 1.1557E-08 1.1948E-08 1.2412E-08 1.2835E-08 1.3269E-08 1.3715E-08 1.4172E-08 1.4642E-08 1.5127E-08 1.5634E-08 1.6155E-08 1.6682E-08 1.7232E-08 1.7788E-08 1.8368E-08 1.8945E-08
3.0096E-09 3.1028E-09 3.1996E-09 3.3000E-09 3.4024E-09 3.5105E-09 3.6227E-09 3.7391E-09 3.8599E-09 3.9831E-09 4.1128E-09 4.2474E-09 4.3868E-09 4.5314E-09 4.6813E-09 4.8388E-09 5.0020E-09 5.1690E-09 5.3418E-09 5.5258E-09 5.7140E-09 5.9088E-09 6.1107E-09 6.3197E-09 6.5361E-09 6.7601E-09 6.9919E-09 7.2316E-09 7.4829E-09 7.7378E-09 8.0122E-09 8.2896E-09 8.5868E-09 8.8951E-09 9.2178E-09 9.5303E-09 9.8520E-09 1.0182E-08 1.0520E-08 1.0922E-08 1.1316E-08 1.1724E-08 1.2119E-08 1.2591E-08 1.3020E-08 1.3459E-08 1.3909E-08 1.4372E-08 1.4846E-08 1.5340E-08 1.5847E-08 1.6377E-08 1.6905E-08 1.7463E-08 1.8017E-08 1.8597E-08 1.9189E-08
3.0433E-09 3.1380E-09 3.2362E-09 3.3381E-09 3.4421E-09 3.5519E-09 3.6676E-09 3.7858E-09 3.9065E-09 4.0316E-09 4.1634E-09 4.3020E-09 4.4437E-09 4.5884E-09 4.7428E-09 4.9005E-09 5.0662E-09 5.2357E-09 5.4136E-09 5.5980E-09 5.7890E-09 5.9868E-09 6.1917E-09 6.4039E-09 6.6236E-09 6.8510E-09 7.0862E-09 7.3296E-09 7.5847E-09 7.8477E-09 8.1235E-09 8.4047E-09 8.7069E-09 9.0195E-09 9.3462E-09 9.6636E-09 9.9889E-09 1.0323E-08 1.0665E-08 1.1079E-08 1.1478E-08 1.1885E-08 1.2285E-08 1.2763E-08 1.3197E-08 1.3640E-08 1.4095E-08 1.4561E-08 1.5039E-08 1.5544E-08 1.6048E-08 1.6582E-08 1.7115E-08 1.7663E-08 1.8228E-08 1.8812E-08 1.9417E-08
3.0765E-09 3.1725E-09 3.2721E-09 3.3756E-09 3.4811E-09 3.5943E-09 3.7099E-09 3.8298E-09 3.9523E-09 4.0792E-09 4.2150E-09 4.3536E-09 4.4973E-09 4.6464E-09 4.8008E-09 4.9608E-09 5.1289E-09 5.3009E-09 5.4814E-09 5.6684E-09 5.8622E-09 6.0628E-09 6.2707E-09 6.4859E-09 6.7087E-09 6.9393E-09 7.1804E-09 7.4247E-09 7.6881E-09 7.9552E-09 8.2312E-09 8.5173E-09 8.8233E-09 9.1398E-09 9.4713E-09 9.7918E-09 1.0121E-08 1.0459E-08 1.0805E-08 1.1231E-08 1.1642E-08 1.2040E-08 1.2444E-08 1.2928E-08 1.3365E-08 1.3812E-08 1.4270E-08 1.4739E-08 1.5220E-08 1.5729E-08 1.6235E-08 1.6768E-08 1.7304E-08 1.7852E-08 1.8433E-08 1.9011E-08 1.9625E-08
3.1091E-09 3.2064E-09 3.3074E-09 3.4123E-09 3.5193E-09 3.6341E-09 3.7513E-09 3.8729E-09 3.9971E-09 4.1258E-09 4.2635E-09 4.4040E-09 4.5498E-09 4.7009E-09 4.8575E-09 5.0197E-09 5.1901E-09 5.3645E-09 5.5475E-09 5.7370E-09 5.9334E-09 6.1368E-09 6.3474E-09 6.5655E-09 6.7913E-09 7.0250E-09 7.2692E-09 7.5219E-09 7.7855E-09 8.0562E-09 8.3370E-09 8.6296E-09 8.9360E-09 9.2567E-09 9.5913E-09 9.9156E-09 1.0248E-08 1.0590E-08 1.0940E-08 1.1384E-08 1.1793E-08 1.2188E-08 1.2613E-08 1.3084E-08 1.3525E-08 1.3974E-08 1.4435E-08 1.4906E-08 1.5390E-08 1.5900E-08 1.6412E-08 1.6931E-08 1.7477E-08 1.8030E-08 1.8610E-08 1.9198E-08 1.9813E-08
3.1410E-09 3.2396E-09 3.3420E-09 3.4483E-09 3.5567E-09 3.6730E-09 3.7918E-09 3.9150E-09 4.0410E-09 4.1714E-09 4.3108E-09 4.4533E-09 4.6009E-09 4.7541E-09 4.9127E-09 5.0771E-09 5.2497E-09 5.4264E-09 5.6117E-09 5.8037E-09 6.0025E-09 6.2085E-09 6.4218E-09 6.6426E-09 6.8712E-09 7.1081E-09 7.3572E-09 7.6154E-09 7.8801E-09 8.1551E-09 8.4387E-09 8.7352E-09 9.0453E-09 9.3686E-09 9.7073E-09 1.0035E-08 1.0371E-08 1.0716E-08 1.1070E-08 1.1520E-08 1.1932E-08 1.2330E-08 1.2774E-08 1.3232E-08 1.3675E-08 1.4127E-08 1.4589E-08 1.5063E-08 1.5547E-08 1.6052E-08 1.6563E-08 1.7083E-08 1.7638E-08 1.8193E-08 1.8774E-08 1.9372E-08 1.9983E-08
3.1723E-09 3.2721E-09 3.3758E-09 3.4835E-09 3.5933E-09 3.7110E-09 3.8313E-09 3.9561E-09 4.0837E-09 4.2179E-09 4.3570E-09 4.5012E-09 4.6508E-09 4.8058E-09 4.9664E-09 5.1328E-09 5.3076E-09 5.4864E-09 5.6739E-09 5.8683E-09 6.0695E-09 6.2779E-09 6.4937E-09 6.7171E-09 6.9516E-09 7.1903E-09 7.4446E-09 7.7040E-09 7.9725E-09 8.2500E-09 8.5377E-09 8.8373E-09 9.1497E-09 9.4772E-09 9.8184E-09 1.0150E-08 1.0490E-08 1.0838E-08 1.1195E-08 1.1649E-08 1.2063E-08 1.2465E-08 1.2940E-08 1.3372E-08 1.3816E-08 1.4269E-08 1.4733E-08 1.5206E-08 1.5683E-08 1.6185E-08 1.6705E-08 1.7227E-08 1.7782E-08 1.8342E-08 1.8926E-08 1.9531E-08 2.0140E-08
3.2028E-09 3.3039E-09 3.4089E-09 3.5178E-09 3.6290E-09 3.7482E-09 3.8699E-09 3.9962E-09 4.1253E-09 4.2590E-09 4.4019E-09 4.5479E-09 4.6992E-09 4.8560E-09 5.0185E-09 5.1869E-09 5.3636E-09 5.5445E-09 5.7342E-09 5.9307E-09 6.1342E-09 6.3449E-09 6.5630E-09 6.7900E-09 7.0282E-09 7.2694E-09 7.5276E-09 7.7902E-09 8.0610E-09 8.3427E-09 8.6329E-09 8.9351E-09 9.2513E-09 9.5810E-09 9.9260E-09 1.0260E-08 1.0604E-08 1.0955E-08 1.1316E-08 1.1772E-08 1.2189E-08 1.2591E-08 1.3069E-08 1.3501E-08 1.3948E-08 1.4401E-08 1.4864E-08 1.5329E-08 1.5804E-08 1.6311E-08 1.6832E-08 1.7356E-08 1.7911E-08 1.8481E-08 1.9061E-08 1.9672E-08 2.0291E-08
3.2326E-09 3.3349E-09 3.4411E-09 3.5513E-09 3.6638E-09 3.7843E-09 3.9074E-09 4.0352E-09 4.1658E-09 4.3010E-09 4.4455E-09 4.5931E-09 4.7461E-09 4.9047E-09 5.0690E-09 5.2392E-09 5.4178E-09 5.6007E-09 5.7923E-09 5.9909E-09 6.1965E-09 6.4093E-09 6.6313E-09 6.8614E-09 7.1017E-09 7.3470E-09 7.6079E-09 7.8729E-09 8.1478E-09 8.4349E-09 8.7244E-09 9.0299E-09 9.3484E-09 9.6812E-09 1.0030E-08 1.0367E-08 1.0713E-08 1.1068E-08 1.1429E-08 1.1888E-08 1.2306E-08 1.2710E-08 1.3189E-08 1.3623E-08 1.4069E-08 1.4520E-08 1.4974E-08 1.5439E-08 1.5919E-08 1.6426E-08 1.6947E-08 1.7473E-08 1.8030E-08 1.8608E-08 1.9186E-08 1.9802E-08 2.0422E-08
3.2617E-09 3.3651E-09 3.4724E-09 3.5838E-09 3.6976E-09 3.8193E-09 3.9438E-09 4.0730E-09 4.2050E-09 4.3417E-09 4.4877E-09 4.6368E-09 4.7914E-09 4.9495E-09 5.1177E-09 5.2896E-09 5.4701E-09 5.6548E-09 5.8483E-09 6.0488E-09 6.2563E-09 6.4731E-09 6.6976E-09 6.9300E-09 7.1744E-09 7.4218E-09 7.6853E-09 7.9538E-09 8.2305E-09 8.5204E-09 8.8128E-09 9.1207E-09 9.4422E-09 9.7782E-09 1.0129E-08 1.0470E-08 1.0818E-08 1.1174E-08 1.1538E-08 1.1997E-08 1.2417E-08 1.2820E-08 1.3301E-08 1.3734E-08 1.4177E-08 1.4621E-08 1.5076E-08 1.5544E-08 1.6021E-08 1.6525E-08 1.7052E-08 1.7585E-08 1.8138E-08 1.8720E-08 1.9305E-08 1.9912E-08 2.0536E-08
3.2899E-09 3.3944E-09 3.5028E-09 3.6154E-09 3.7304E-09 3.8533E-09 3.9791E-09 4.1096E-09 4.2429E-09 4.3811E-09 4.5284E-09 4.6791E-09 4.8352E-09 4.9948E-09 5.1646E-09 5.3382E-09 5.5203E-09 5.7067E-09 5.8996E-09 6.1045E-09 6.3159E-09 6.5347E-09 6.7617E-09 6.9977E-09 7.2439E-09 7.4941E-09 7.7606E-09 8.0307E-09 8.3104E-09 8.6026E-09 8.8975E-09 9.2084E-09 9.5325E-09 9.8714E-09 1.0225E-08 1.0567E-08 1.0917E-08 1.1274E-08 1.1639E-08 1.2100E-08 1.2511E-08 1.2923E-08 1.3403E-08 1.3831E-08 1.4268E-08 1.4714E-08 1.5170E-08 1.5636E-08 1.6111E-08 1.6619E-08 1.7147E-08 1.7685E-08 1.8240E-08 1.8820E-08 1.9404E-08 2.0004E-08 2.0624E-08
3.3173E-09 3.4228E-09 3.5323E-09 3.6460E-09 3.7621E-09 3.8844E-09 4.0132E-09 4.1449E-09 4.2796E-09 4.4190E-09 4.5677E-09 4.7197E-09 4.8773E-09 5.0384E-09 5.2097E-09 5.3848E-09 5.5684E-09 5.7564E-09 5.9516E-09 6.1600E-09 6.3706E-09 6.5946E-09 6.8246E-09 7.0622E-09 7.3114E-09 7.5640E-09 7.8319E-09 8.1054E-09 8.3868E-09 8.6818E-09 8.9795E-09 9.2928E-09 9.6196E-09 9.9606E-09 1.0315E-08 1.0659E-08 1.1010E-08 1.1368E-08 1.1734E-08 1.2194E-08 1.2607E-08 1.3017E-08 1.3491E-08 1.3914E-08 1.4354E-08 1.4799E-08 1.5253E-08 1.5717E-08 1.6192E-08 1.6703E-08 1.7230E-08 1.7779E-08 1.8328E-08 1.8902E-08 1.9491E-08 2.0077E-08 2.0690E-08
3.3438E-09 3.4503E-09 3.5608E-09 3.6755E-09 3.7927E-09 3.9161E-09 4.0460E-09 4.1789E-09 4.3148E-09 4.4555E-09 4.6034E-09 4.7588E-09 4.9177E-09 5.0801E-09 5.2528E-09 5.4293E-09 5.6144E-09 5.8049E-09 6.0030E-09 6.2129E-09 6.4265E-09 6.6529E-09 6.8843E-09 7.1252E-09 7.3763E-09 7.6305E-09 7.9016E-09 8.1730E-09 8.4607E-09 8.7548E-09 9.0582E-09 9.3703E-09 9.6922E-09 1.0045E-08 1.0401E-08 1.0746E-08 1.1098E-08 1.1456E-08 1.1821E-08 1.2275E-08 1.2686E-08 1.3096E-08 1.3551E-08 1.3993E-08 1.4431E-08 1.4873E-08 1.5326E-08 1.5789E-08 1.6264E-08 1.6779E-08 1.7309E-08 1.7858E-08 1.8397E-08 1.8967E-08 1.9551E-08 2.0130E-08 2.0736E-08
3.3694E-09 3.4768E-09 3.5883E-09 3.7040E-09 3.8222E-09 3.9466E-09 4.0776E-09 4.2116E-09 4.3486E-09 4.4905E-09 4.6396E-09 4.7961E-09 4.9563E-09 5.1200E-09 5.2917E-09 5.4718E-09 5.6596E-09 5.8525E-09 6.0519E-09 6.2626E-09 6.4805E-09 6.7059E-09 6.9431E-09 7.1853E-09 7.4358E-09 7.6952E-09 7.9653E-09 8.2417E-09 8.5319E-09 8.8281E-09 9.1337E-09 9.4480E-09 9.7708E-09 1.0125E-08 1.0481E-08 1.0827E-08 1.1179E-08 1.1538E-08 1.1903E-08 1.2353E-08 1.2751E-08 1.3167E-08 1.3607E-08 1.4062E-08 1.4497E-08 1.4939E-08 1.5390E-08 1.5852E-08 1.6333E-08 1.6847E-08 1.7375E-08 1.7916E-08 1.8452E-08 1.9016E-08 1.9593E-08 2.0164E-08 2.0761E-08
3.3924E-09 3.5023E-09 3.6147E-09 3.7314E-09 3.8505E-09 3.9759E-09 4.1060E-09 4.2429E-09 4.3810E-09 4.5240E-09 4.6741E-09 4.8318E-09 4.9931E-09 5.1580E-09 5.3309E-09 5.5139E-09 5.7012E-09 5.8978E-09 6.1005E-09 6.3125E-09 6.5322E-09 6.7605E-09 6.9962E-09 7.2430E-09 7.4957E-09 7.7567E-09 8.0291E-09 8.3080E-09 8.6001E-09 8.8983E-09 9.2056E-09 9.5210E-09 9.8451E-09 1.0188E-08 1.0556E-08 1.0902E-08 1.1254E-08 1.1613E-08 1.1975E-08 1.2413E-08 1.2817E-08 1.3233E-08 1.3671E-08 1.4122E-08 1.4556E-08 1.4996E-08 1.5446E-08 1.5910E-08 1.6394E-08 1.6902E-08 1.7428E-08 1.7962E-08 1.8490E-08 1.9048E-08 1.9617E-08 2.0183E-08 2.0768E-08
3.4161E-09 3.5269E-09 3.6401E-09 3.7576E-09 3.8777E-09 4.0040E-09 4.1350E-09 4.2728E-09 4.4119E-09 4.5558E-09 4.7070E-09 4.8637E-09 5.0280E-09 5.1942E-09 5.3700E-09 5.5521E-09 5.7433E-09 5.9427E-09 6.1465E-09 6.3605E-09 6.5802E-09 6.8119E-09 7.0499E-09 7.2984E-09 7.5528E-09 7.8161E-09 8.0904E-09 8.3713E-09 8.6618E-09 8.9615E-09 9.2699E-09 9.5897E-09 9.9106E-09 1.0258E-08 1.0625E-08 1.0971E-08 1.1323E-08 1.1678E-08 1.2037E-08 1.2467E-08 1.2871E-08 1.3290E-08 1.3709E-08 1.4174E-08 1.4606E-08 1.5045E-08 1.5496E-08 1.5962E-08 1.6441E-08 1.6945E-08 1.7465E-08 1.7987E-08 1.8513E-08 1.9062E-08 1.9623E-08 2.0188E-08 2.0756E-08
3.4389E-09 3.5487E-09 3.6643E-09 3.7827E-09 3.9036E-09 4.0307E-09 4.1626E-09 4.2994E-09 4.4412E-09 4.5861E-09 4.7382E-09 4.8958E-09 5.0615E-09 5.2304E-09 5.4072E-09 5.5912E-09 5.7847E-09 5.9828E-09 6.1912E-09 6.4070E-09 6.6276E-09 6.8618E-09 7.0986E-09 7.3488E-09 7.6079E-09 7.8729E-09 8.1492E-09 8.4292E-09 8.7233E-09 9.0243E-09 9.3333E-09 9.6502E-09 9.9751E-09 1.0322E-08 1.0679E-08 1.1034E-08 1.1383E-08 1.1735E-08 1.2094E-08 1.2523E-08 1.2923E-08 1.3339E-08 1.3742E-08 1.4218E-08 1.4650E-08 1.5089E-08 1.5539E-08 1.6001E-08 1.6474E-08 1.6977E-08 1.7487E-08 1.8002E-08 1.8520E-08 1.9061E-08 1.9614E-08 2.0173E-08 2.0728E-08
3.4606E-09 3.5711E-09 3.6875E-09 3.8065E-09 3.9282E-09 4.0561E-09 4.1888E-09 4.3264E-09 4.4690E-09 4.6148E-09 4.7677E-09 4.9268E-09 5.0927E-09 5.2645E-09 5.4435E-09 5.6293E-09 5.8214E-09 6.0242E-09 6.2340E-09 6.4508E-09 6.6739E-09 6.9065E-09 7.1477E-09 7.3999E-09 7.6579E-09 7.9271E-09 8.2050E-09 8.4859E-09 8.7813E-09 9.0792E-09 9.3923E-09 9.7060E-09 1.0034E-08 1.0374E-08 1.0726E-08 1.1088E-08 1.1435E-08 1.1788E-08 1.2146E-08 1.2549E-08 1.2967E-08 1.3382E-08 1.3782E-08 1.4256E-08 1.4688E-08 1.5124E-08 1.5568E-08 1.6029E-08 1.6497E-08 1.6995E-08 1.7491E-08 1.7998E-08 1.8513E-08 1.9046E-08 1.9588E-08 2.0139E-08 2.0683E-08
3.4813E-09 3.5924E-09 3.7078E-09 3.8292E-09 3.9516E-09 4.0783E-09 4.2135E-09 4.3518E-09 4.4952E-09 4.6417E-09 4.7944E-09 4.9573E-09 5.1240E-09 5.2980E-09 5.4761E-09 5.6651E-09 5.8598E-09 6.0635E-09 6.2721E-09 6.4911E-09 6.7175E-09 6.9494E-09 7.1949E-09 7.4484E-09 7.7055E-09 7.9786E-09 8.2548E-09 8.5393E-09 8.8349E-09 9.1336E-09 9.4467E-09 9.7605E-09 1.0089E-08 1.0427E-08 1.0776E-08 1.1137E-08 1.1484E-08 1.1835E-08 1.2189E-08 1.2589E-08 1.3011E-08 1.3416E-08 1.3816E-08 1.4289E-08 1.4717E-08 1.5147E-08 1.5589E-08 1.6045E-08 1.6509E-08 1.6997E-08 1.7482E-08 1.7981E-08 1.8491E-08 1.9015E-08 1.9549E-08 2.0090E-08 2.0623E-08
3.5009E-09 3.6127E-09 3.7286E-09 3.8506E-09 3.9736E-09 4.1010E-09 4.2368E-09 4.3758E-09 4.5198E-09 4.6683E-09 4.8222E-09 4.9859E-09 5.1549E-09 5.3300E-09 5.5092E-09 5.7004E-09 5.8958E-09 6.1009E-09 6.3113E-09 6.5312E-09 6.7593E-09 6.9930E-09 7.2396E-09 7.4921E-09 7.7528E-09 8.0243E-09 8.3012E-09 8.5886E-09 8.8848E-09 9.1834E-09 9.4966E-09 9.8103E-09 1.0134E-08 1.0463E-08 1.0821E-08 1.1181E-08 1.1526E-08 1.1874E-08 1.2225E-08 1.2642E-08 1.3048E-08 1.3445E-08 1.3858E-08 1.4311E-08 1.4734E-08 1.5161E-08 1.5600E-08 1.6049E-08 1.6512E-08 1.6986E-08 1.7468E-08 1.7952E-08 1.8457E-08 1.8971E-08 1.9495E-08 2.0022E-08 2.0549E-08
3.5195E-09 3.6301E-09 3.7482E-09 3.8690E-09 3.9944E-09 4.1224E-09 4.2568E-09 4.3982E-09 4.5443E-09 4.6937E-09 4.8486E-09 5.0123E-09 5.1840E-09 5.3604E-09 5.5415E-09 5.7310E-09 5.9303E-09 6.1343E-09 6.3481E-09 6.5674E-09 6.7967E-09 7.0341E-09 7.2796E-09 7.5329E-09 7.7971E-09 8.0691E-09 8.3464E-09 8.6343E-09 8.9268E-09 9.2291E-09 9.5384E-09 9.8548E-09 1.0177E-08 1.0505E-08 1.0872E-08 1.1219E-08 1.1560E-08 1.1905E-08 1.2252E-08 1.2674E-08 1.3079E-08 1.3467E-08 1.3890E-08 1.4323E-08 1.4743E-08 1.5164E-08 1.5599E-08 1.6041E-08 1.6499E-08 1.6964E-08 1.7438E-08 1.7914E-08 1.8410E-08 1.8915E-08 1.9429E-08 1.9944E-08 2.0461E-08
3.5370E-09 3.6480E-09 3.7667E-09 3.8880E-09 4.0138E-09 4.1423E-09 4.2775E-09 4.4207E-09 4.5673E-09 4.7179E-09 4.8745E-09 5.0388E-09 5.2120E-09 5.3897E-09 5.5714E-09 5.7627E-09 5.9629E-09 6.1681E-09 6.3835E-09 6.6038E-09 6.8345E-09 7.0729E-09 7.3192E-09 7.5734E-09 7.8380E-09 8.1103E-09 8.3855E-09 8.6732E-09 8.9685E-09 9.2702E-09 9.5792E-09 9.8944E-09 1.0215E-08 1.0554E-08 1.0916E-08 1.1250E-08 1.1588E-08 1.1928E-08 1.2286E-08 1.2693E-08 1.3102E-08 1.3477E-08 1.3912E-08 1.4327E-08 1.4741E-08 1.5158E-08 1.5588E-08 1.6024E-08 1.6476E-08 1.6931E-08 1.7397E-08 1.7864E-08 1.8351E-08 1.8846E-08 1.9345E-08 1.9851E-08 2.0364E-08
3.5534E-09 3.6649E-09 3.7822E-09 3.9056E-09 4.0318E-09 4.1613E-09 4.2980E-09 4.4397E-09 4.5895E-09 4.7413E-09 4.8985E-09 5.0645E-09 5.2365E-09 5.4169E-09 5.6005E-09 5.7924E-09 5.9915E-09 6.2004E-09 6.4142E-09 6.6405E-09 6.8695E-09 7.1112E-09 7.3581E-09 7.6130E-09 7.8754E-09 8.1455E-09 8.4231E-09 8.7109E-09 9.0033E-09 9.3043E-09 9.6156E-09 9.9285E-09 1.0249E-08 1.0597E-08 1.0943E-08 1.1274E-08 1.1608E-08 1.1945E-08 1.2319E-08 1.2731E-08 1.3108E-08 1.3494E-08 1.3926E-08 1.4322E-08 1.4730E-08 1.5141E-08 1.5566E-08 1.6000E-08 1.6443E-08 1.6890E-08 1.7348E-08 1.7807E-08 1.8281E-08 1.8766E-08 1.9250E-08 1.9746E-08 2.0248E-08
3.5686E-09 3.6805E-09 3.7982E-09 3.9219E-09 4.0491E-09 4.1797E-09 4.3150E-09 4.4600E-09 4.6088E-09 4.7630E-09 4.9220E-09 5.0865E-09 5.2613E-09 5.4412E-09 5.6274E-09 5.8183E-09 6.0230E-09 6.2303E-09 6.4474E-09 6.6719E-09 6.9042E-09 7.1439E-09 7.3939E-09 7.6465E-09 7.9117E-09 8.1818E-09 8.4595E-09 8.7448E-09 9.0401E-09 9.3408E-09 9.6494E-09 9.9594E-09 1.0277E-08 1.0630E-08 1.0964E-08 1.1291E-08 1.1621E-08 1.1954E-08 1.2344E-08 1.2739E-08 1.3106E-08 1.3503E-08 1.3917E-08 1.4308E-08 1.4710E-08 1.5117E-08 1.5533E-08 1.5963E-08 1.6400E-08 1.6839E-08 1.7286E-08 1.7739E-08 1.8199E-08 1.8675E-08 1.9144E-08 1.9634E-08 2.0125E-08
