Assets/Resources/2015_m01_d28_0400(utc+0800)_l00_csi_1hr_conc.grd
DSAA
         159         159
     -79.000      79.000
     -79.000      79.000
  0.0000E+00  0.9386E-06
[rows 0 to 24 of 159, columns 57 to 113 of 159]
2.9805E-09 3.5080E-09 4.0728E-09 4.6662E-09 5.2779E-09 5.8954E-09 6.5021E-09 7.0852E-09 7.6309E-09 8.1267E-09 8.5586E-09 8.9159E-09 9.1901E-09 9.3740E-09 9.4648E-09 9.4599E-09 9.3617E-09 9.1702E-09 8.8970E-09 8.5473E-09 8.1328E-09 7.6603E-09 7.1478E-09 6.6055E-09 6.0446E-09 5.4773E-09 4.9171E-09 4.3717E-09 3.8511E-09 3.3607E-09 2.9063E-09 2.4903E-09 2.1153E-09 1.7823E-09 1.4884E-09 1.2326E-09 1.0120E-09 8.2507E-10 6.7520E-10 5.4693E-10 4.3597E-10 3.4031E-10 2.5947E-10 1.9134E-10 1.3983E-10 9.7399E-11 5.7112E-11 2.5558E-11 8.6771E-12 0.0000E+00 0.0000E+00 0.0000E+00 0.0000E+00 0.0000E+00 0.0000E+00 0.0000E+00 0.0000E+00
3.1711E-09 3.7497E-09 4.3715E-09 5.0279E-09 5.7043E-09 6.3865E-09 7.0592E-09 7.7074E-09 8.3126E-09 8.8594E-09 9.3365E-09 9.7293E-09 1.0030E-08 1.0233E-08 1.0330E-08 1.0318E-08 1.0204E-08 9.9894E-09 9.6819E-09 9.2874E-09 8.8224E-09 8.2980E-09 7.7267E-09 7.1225E-09 6.5031E-09 5.8774E-09 5.2613E-09 4.6635E-09 4.0926E-09 3.5590E-09 3.0668E-09 2.6191E-09 2.2161E-09 1.8587E-09 1.5466E-09 1.2760E-09 1.0447E-09 8.4857E-10 6.9267E-10 5.5907E-10 4.4476E-10 3.4650E-10 2.6219E-10 1.9280E-10 1.3940E-10 9.4456E-11 5.3618E-11 2.1586E-11 8.7349E-12 0.0000E+00 0.0000E+00 0.0000E+00 0.0000E+00 0.0000E+00 0.0000E+00 0.0000E+00 0.0000E+00
3.3583E-09 3.9860E-09 4.6663E-09 5.3865E-09 6.1313E-09 6.8851E-09 7.6296E-09 8.3444E-09 9.0136E-09 9.6186E-09 1.0144E-08 1.0580E-08 1.0908E-08 1.1123E-08 1.1225E-08 1.1210E-08 1.1079E-08 1.0835E-08 1.0489E-08 1.0052E-08 9.5341E-09 8.9494E-09 8.3174E-09 7.6498E-09 6.9655E-09 6.2756E-09 5.5999E-09 4.9480E-09 4.3282E-09 3.7494E-09 3.2165E-09 2.7345E-09 2.3062E-09 1.9266E-09 1.5961E-09 1.3132E-09 1.0696E-09 8.6475E-10 7.0624E-10 5.6838E-10 4.5059E-10 3.4907E-10 2.6409E-10 1.9337E-10 1.3801E-10 8.9442E-11 4.8377E-11 2.1533E-11 8.6908E-12 0.0000E+00 0.0000E+00 0.0000E+00 0.0000E+00 0.0000E+00 0.0000E+00 0.0000E+00 0.0000E+00
3.5326E-09 4.2140E-09 4.9541E-09 5.7386E-09 6.5542E-09 7.3814E-09 8.1998E-09 8.9882E-09 9.7265E-09 1.0395E-08 1.0973E-08 1.1448E-08 1.1808E-08 1.2047E-08 1.2156E-08 1.2131E-08 1.1981E-08 1.1710E-08 1.1327E-08 1.0838E-08 1.0263E-08 9.6187E-09 8.9209E-09 8.1835E-09 7.4311E-09 6.6779E-09 5.9365E-09 5.2235E-09 4.5515E-09 3.9263E-09 3.3559E-09 2.8400E-09 2.3826E-09 1.9831E-09 1.6357E-09 1.3392E-09 1.0876E-09 8.7711E-10 7.1297E-10 5.7154E-10 4.5349E-10 3.5043E-10 2.6308E-10 1.9046E-10 1.3558E-10 8.4116E-11 4.3931E-11 2.1310E-11 8.6073E-12 0.0000E+00 0.0000E+00 0.0000E+00 0.0000E+00 0.0000E+00 0.0000E+00 0.0000E+00 0.0000E+00
3.6942E-09 4.4262E-09 5.2270E-09 6.0807E-09 6.9714E-09 7.8747E-09 8.7734E-09 9.6401E-09 1.0451E-08 1.1186E-08 1.1823E-08 1.2347E-08 1.2743E-08 1.2998E-08 1.3111E-08 1.3087E-08 1.2915E-08 1.2608E-08 1.2179E-08 1.1641E-08 1.1008E-08 1.0294E-08 9.5245E-09 8.7173E-09 7.8916E-09 7.0671E-09 6.2601E-09 5.4887E-09 4.7613E-09 4.0875E-09 3.4773E-09 2.9311E-09 2.4470E-09 2.0269E-09 1.6658E-09 1.3575E-09 1.0954E-09 8.8294E-10 7.1504E-10 5.7193E-10 4.5146E-10 3.4731E-10 2.6061E-10 1.8786E-10 1.2730E-10 7.5746E-11 4.3430E-11 2.1243E-11 8.4418E-12 0.0000E+00 0.0000E+00 0.0000E+00 0.0000E+00 0.0000E+00 0.0000E+00 0.0000E+00 0.0000E+00
3.8359E-09 4.6212E-09 5.4827E-09 6.4045E-09 7.3689E-09 8.3537E-09 9.3330E-09 1.0280E-08 1.1169E-08 1.1975E-08 1.2675E-08 1.3249E-08 1.3684E-08 1.3966E-08 1.4089E-08 1.4053E-08 1.3862E-08 1.3529E-08 1.3054E-08 1.2456E-08 1.1758E-08 1.0978E-08 1.0133E-08 9.2487E-09 8.3460E-09 7.4484E-09 6.5738E-09 5.7374E-09 4.9546E-09 4.2343E-09 3.5822E-09 3.0035E-09 2.4961E-09 2.0562E-09 1.6821E-09 1.3648E-09 1.0971E-09 8.8047E-10 7.1049E-10 5.6688E-10 4.4700E-10 3.4197E-10 2.5402E-10 1.8087E-10 1.1847E-10 7.1051E-11 4.2060E-11 2.0237E-11 7.0773E-12 0.0000E+00 0.0000E+00 0.0000E+00 0.0000E+00 0.0000E+00 0.0000E+00 0.0000E+00 0.0000E+00
3.9591E-09 4.7917E-09 5.7118E-09 6.7022E-09 7.7437E-09 8.8091E-09 9.8716E-09 1.0904E-08 1.1874E-08 1.2754E-08 1.3521E-08 1.4150E-08 1.4625E-08 1.4938E-08 1.5074E-08 1.5036E-08 1.4827E-08 1.4453E-08 1.3933E-08 1.3283E-08 1.2516E-08 1.1658E-08 1.0734E-08 9.7731E-09 8.7906E-09 7.8150E-09 6.8694E-09 5.9680E-09 5.1274E-09 4.3598E-09 3.6689E-09 3.0581E-09 2.5271E-09 2.0727E-09 1.6865E-09 1.3592E-09 1.0901E-09 8.7180E-10 7.0215E-10 5.5796E-10 4.3700E-10 3.3285E-10 2.4628E-10 1.7121E-10 1.0585E-10 6.7858E-11 4.0756E-11 1.9448E-11 5.3318E-12 0.0000E+00 0.0000E+00 0.0000E+00 0.0000E+00 0.0000E+00 0.0000E+00 0.0000E+00 0.0000E+00
4.0597E-09 4.9375E-09 5.9143E-09 6.9678E-09 8.0845E-09 9.2330E-09 1.0383E-08 1.1500E-08 1.2557E-08 1.3517E-08 1.4353E-08 1.5045E-08 1.5567E-08 1.5908E-08 1.6061E-08 1.6025E-08 1.5800E-08 1.5398E-08 1.4828E-08 1.4112E-08 1.3275E-08 1.2345E-08 1.1337E-08 1.0285E-08 9.2204E-09 8.1653E-09 7.1443E-09 6.1785E-09 5.2797E-09 4.4612E-09 3.7326E-09 3.0940E-09 2.5411E-09 2.0709E-09 1.6765E-09 1.3449E-09 1.0719E-09 8.5542E-10 6.8643E-10 5.4449E-10 4.2475E-10 3.2115E-10 2.3524E-10 1.5514E-10 9.8572E-11 6.4653E-11 3.7893E-11 1.6065E-11 4.7492E-12 0.0000E+00 0.0000E+00 0.0000E+00 0.0000E+00 0.0000E+00 0.0000E+00 0.0000E+00 0.0000E+00
4.1372E-09 5.0596E-09 6.0804E-09 7.2014E-09 8.3880E-09 9.6139E-09 1.0849E-08 1.2055E-08 1.3197E-08 1.4239E-08 1.5150E-08 1.5904E-08 1.6478E-08 1.6859E-08 1.7035E-08 1.6999E-08 1.6759E-08 1.6328E-08 1.5717E-08 1.4943E-08 1.4032E-08 1.3017E-08 1.1924E-08 1.0788E-08 9.6341E-09 8.4941E-09 7.3949E-09 6.3610E-09 5.4063E-09 4.5415E-09 3.7736E-09 3.1056E-09 2.5364E-09 2.0551E-09 1.6528E-09 1.3200E-09 1.0451E-09 8.3318E-10 6.6682E-10 5.2512E-10 4.0785E-10 3.0677E-10 2.1997E-10 1.3643E-10 9.2497E-11 6.0194E-11 3.4355E-11 1.2858E-11 4.1648E-12 0.0000E+00 0.0000E+00 0.0000E+00 0.0000E+00 0.0000E+00 0.0000E+00 0.0000E+00 0.0000E+00
4.1895E-09 5.1413E-09 6.2180E-09 7.3928E-09 8.6423E-09 9.9480E-09 1.1267E-08 1.2558E-08 1.3787E-08 1.4916E-08 1.5906E-08 1.6729E-08 1.7362E-08 1.7780E-08 1.7978E-08 1.7955E-08 1.7708E-08 1.7247E-08 1.6588E-08 1.5757E-08 1.4777E-08 1.3679E-08 1.2497E-08 1.1265E-08 1.0020E-08 8.7981E-09 7.6210E-09 6.5181E-09 5.5037E-09 4.5911E-09 3.7903E-09 3.0981E-09 2.5114E-09 2.0222E-09 1.6159E-09 1.2821E-09 1.0120E-09 8.0221E-10 6.4053E-10 5.0178E-10 3.8874E-10 2.8732E-10 1.9571E-10 1.2795E-10 8.6506E-11 5.5429E-11 2.8903E-11 9.4147E-12 3.5900E-12 0.0000E+00 0.0000E+00 0.0000E+00 0.0000E+00 0.0000E+00 0.0000E+00 0.0000E+00 0.0000E+00
4.2074E-09 5.1954E-09 6.3068E-09 7.5330E-09 8.8522E-09 1.0227E-08 1.1619E-08 1.2998E-08 1.4314E-08 1.5526E-08 1.6597E-08 1.7490E-08 1.8184E-08 1.8654E-08 1.8886E-08 1.8875E-08 1.8622E-08 1.8141E-08 1.7442E-08 1.6552E-08 1.5499E-08 1.4318E-08 1.3047E-08 1.1722E-08 1.0383E-08 9.0698E-09 7.8133E-09 6.6425E-09 5.5748E-09 4.6168E-09 3.7802E-09 3.0683E-09 2.4689E-09 1.9744E-09 1.5708E-09 1.2352E-09 9.7077E-10 7.6886E-10 6.1014E-10 4.7544E-10 3.6532E-10 2.6477E-10 1.7617E-10 1.1654E-10 7.8517E-11 4.8247E-11 2.4316E-11 7.6477E-12 3.0366E-12 0.0000E+00 0.0000E+00 0.0000E+00 0.0000E+00 0.0000E+00 0.0000E+00 0.0000E+00 0.0000E+00
4.2044E-09 5.2109E-09 6.3536E-09 7.6270E-09 8.9962E-09 1.0436E-08 1.1907E-08 1.3365E-08 1.4760E-08 1.6057E-08 1.7212E-08 1.8181E-08 1.8938E-08 1.9460E-08 1.9726E-08 1.9737E-08 1.9488E-08 1.8986E-08 1.8252E-08 1.7309E-08 1.6186E-08 1.4921E-08 1.3559E-08 1.2142E-08 1.0712E-08 9.3101E-09 7.9746E-09 6.7322E-09 5.6090E-09 4.6131E-09 3.7482E-09 3.0164E-09 2.4115E-09 1.9116E-09 1.5110E-09 1.1852E-09 9.2340E-10 7.2743E-10 5.7493E-10 4.4673E-10 3.3916E-10 2.3751E-10 1.6110E-10 1.0598E-10 7.0667E-11 4.0052E-11 1.8187E-11 6.4401E-12 2.5155E-12 0.0000E+00 0.0000E+00 0.0000E+00 0.0000E+00 0.0000E+00 0.0000E+00 0.0000E+00 0.0000E+00
4.1651E-09 5.1890E-09 6.3627E-09 7.6663E-09 9.0780E-09 1.0578E-08 1.2112E-08 1.3644E-08 1.5126E-08 1.6507E-08 1.7741E-08 1.8789E-08 1.9616E-08 2.0199E-08 2.0513E-08 2.0549E-08 2.0308E-08 1.9799E-08 1.9031E-08 1.8034E-08 1.6842E-08 1.5498E-08 1.4041E-08 1.2526E-08 1.1000E-08 9.5089E-09 8.0953E-09 6.7911E-09 5.6148E-09 4.5777E-09 3.6906E-09 2.9450E-09 2.3320E-09 1.8374E-09 1.4424E-09 1.1224E-09 8.7091E-10 6.8331E-10 5.3832E-10 4.1346E-10 3.0703E-10 2.1081E-10 1.4481E-10 9.4546E-11 6.0156E-11 3.3224E-11 1.2880E-11 5.3069E-12 2.0364E-12 0.0000E+00 0.0000E+00 0.0000E+00 0.0000E+00 0.0000E+00 0.0000E+00 0.0000E+00 0.0000E+00
4.0976E-09 5.1335E-09 6.3140E-09 7.6441E-09 9.0988E-09 1.0641E-08 1.2233E-08 1.3836E-08 1.5392E-08 1.6851E-08 1.8168E-08 1.9301E-08 2.0202E-08 2.0848E-08 2.1215E-08 2.1285E-08 2.1060E-08 2.0541E-08 1.9749E-08 1.8709E-08 1.7451E-08 1.6024E-08 1.4479E-08 1.2869E-08 1.1248E-08 9.6683E-09 8.1762E-09 6.8079E-09 5.5862E-09 4.5173E-09 3.6075E-09 2.8550E-09 2.2414E-09 1.7514E-09 1.3670E-09 1.0568E-09 8.1522E-10 6.3450E-10 4.9819E-10 3.7768E-10 2.7241E-10 1.8709E-10 1.2620E-10 8.2275E-11 4.9950E-11 2.4615E-11 1.0502E-11 3.8621E-12 5.1083E-13 0.0000E+00 0.0000E+00 0.0000E+00 0.0000E+00 0.0000E+00 0.0000E+00 0.0000E+00 0.0000E+00
4.0028E-09 5.0301E-09 6.2214E-09 7.5674E-09 9.0402E-09 1.0622E-08 1.2268E-08 1.3923E-08 1.5546E-08 1.7089E-08 1.8487E-08 1.9700E-08 2.0681E-08 2.1399E-08 2.1824E-08 2.1941E-08 2.1740E-08 2.1224E-08 2.0410E-08 1.9323E-08 1.8002E-08 1.6498E-08 1.4862E-08 1.3156E-08 1.1444E-08 9.7810E-09 8.2162E-09 6.7882E-09 5.5236E-09 4.4270E-09 3.5019E-09 2.7431E-09 2.1379E-09 1.6576E-09 1.2798E-09 9.8194E-10 7.5023E-10 5.8543E-10 4.5520E-10 3.3666E-10 2.4009E-10 1.6659E-10 1.1072E-10 6.8780E-11 3.9672E-11 1.4999E-11 5.3813E-12 1.3997E-12 0.0000E+00 0.0000E+00 0.0000E+00 0.0000E+00 0.0000E+00 0.0000E+00 0.0000E+00 0.0000E+00 0.0000E+00
3.8662E-09 4.8920E-09 6.0783E-09 7.4203E-09 8.9125E-09 1.0520E-08 1.2200E-08 1.3911E-08 1.5602E-08 1.7210E-08 1.8687E-08 1.9985E-08 2.1053E-08 2.1849E-08 2.2343E-08 2.2513E-08 2.2339E-08 2.1836E-08 2.1008E-08 1.9883E-08 1.8504E-08 1.6919E-08 1.5195E-08 1.3395E-08 1.1590E-08 9.8433E-09 8.2097E-09 6.7294E-09 5.4288E-09 4.3099E-09 3.3770E-09 2.6169E-09 2.0179E-09 1.5525E-09 1.1904E-09 9.0650E-10 6.8729E-10 5.3327E-10 4.0746E-10 2.9317E-10 2.1023E-10 1.4019E-10 9.3391E-11 5.4683E-11 2.4101E-11 8.1778E-12 2.5349E-12 0.0000E+00 0.0000E+00 0.0000E+00 0.0000E+00 0.0000E+00 0.0000E+00 0.0000E+00 0.0000E+00 0.0000E+00 0.0000E+00
3.7074E-09 4.7105E-09 5.8745E-09 7.2144E-09 8.7081E-09 1.0324E-08 1.2033E-08 1.3789E-08 1.5530E-08 1.7208E-08 1.8769E-08 2.0145E-08 2.1297E-08 2.2180E-08 2.2747E-08 2.2979E-08 2.2854E-08 2.2365E-08 2.1528E-08 2.0371E-08 1.8934E-08 1.7273E-08 1.5463E-08 1.3575E-08 1.1684E-08 9.8587E-09 8.1607E-09 6.6315E-09 5.3005E-09 4.1668E-09 3.2274E-09 2.4801E-09 1.8943E-09 1.4409E-09 1.0953E-09 8.2388E-10 6.2475E-10 4.7846E-10 3.5559E-10 2.5393E-10 1.7949E-10 1.1710E-10 7.0099E-11 3.7663E-11 1.1528E-11 3.8443E-12 0.0000E+00 0.0000E+00 0.0000E+00 0.0000E+00 0.0000E+00 0.0000E+00 0.0000E+00 0.0000E+00 0.0000E+00 0.0000E+00 0.0000E+00
3.5106E-09 4.4907E-09 5.6324E-09 6.9446E-09 8.4158E-09 1.0040E-08 1.1766E-08 1.3547E-08 1.5339E-08 1.7084E-08 1.8717E-08 2.0182E-08 2.1428E-08 2.2400E-08 2.3054E-08 2.3358E-08 2.3283E-08 2.2823E-08 2.1988E-08 2.0798E-08 1.9307E-08 1.7576E-08 1.5678E-08 1.3695E-08 1.1717E-08 9.8212E-09 8.0658E-09 6.4965E-09 5.1425E-09 4.0038E-09 3.0682E-09 2.3296E-09 1.7613E-09 1.3259E-09 9.9708E-10 7.4255E-10 5.5889E-10 4.1900E-10 3.0345E-10 2.1330E-10 1.4099E-10 9.0971E-11 5.2183E-11 1.8592E-11 5.4466E-12 1.2597E-12 0.0000E+00 0.0000E+00 0.0000E+00 0.0000E+00 0.0000E+00 0.0000E+00 0.0000E+00 0.0000E+00 0.0000E+00 0.0000E+00 0.0000E+00
3.2946E-09 4.2453E-09 5.3358E-09 6.6129E-09 8.0688E-09 9.6674E-09 1.1387E-08 1.3193E-08 1.5021E-08 1.6818E-08 1.8527E-08 2.0089E-08 2.1432E-08 2.2502E-08 2.3252E-08 2.3631E-08 2.3618E-08 2.3197E-08 2.2365E-08 2.1154E-08 1.9615E-08 1.7809E-08 1.5829E-08 1.3767E-08 1.1708E-08 9.7386E-09 7.9315E-09 6.3308E-09 4.9639E-09 3.8185E-09 2.8942E-09 2.1735E-09 1.6228E-09 1.2108E-09 8.9781E-10 6.6532E-10 4.9024E-10 3.5363E-10 2.4937E-10 1.6361E-10 1.1197E-10 6.8460E-11 3.2254E-11 8.2753E-12 2.2919E-12 0.0000E+00 0.0000E+00 0.0000E+00 0.0000E+00 0.0000E+00 0.0000E+00 0.0000E+00 0.0000E+00 0.0000E+00 0.0000E+00 0.0000E+00 0.0000E+00
3.0666E-09 3.9577E-09 5.0034E-09 6.2372E-09 7.6380E-09 9.2116E-09 1.0921E-08 1.2723E-08 1.4575E-08 1.6429E-08 1.8209E-08 1.9855E-08 2.1299E-08 2.2482E-08 2.3337E-08 2.3810E-08 2.3870E-08 2.3486E-08 2.2668E-08 2.1443E-08 1.9854E-08 1.7985E-08 1.5925E-08 1.3775E-08 1.1640E-08 9.6130E-09 7.7586E-09 6.1311E-09 4.7573E-09 3.6232E-09 2.7131E-09 2.0151E-09 1.4859E-09 1.0909E-09 7.9888E-10 5.8146E-10 4.1326E-10 2.9019E-10 1.9889E-10 1.2624E-10 8.5561E-11 4.8179E-11 1.2309E-11 3.8523E-12 0.0000E+00 0.0000E+00 0.0000E+00 0.0000E+00 0.0000E+00 0.0000E+00 0.0000E+00 0.0000E+00 0.0000E+00 0.0000E+00 0.0000E+00 0.0000E+00 0.0000E+00
2.8179E-09 3.6522E-09 4.6481E-09 5.8096E-09 7.1642E-09 8.6892E-09 1.0360E-08 1.2153E-08 1.4024E-08 1.5907E-08 1.7748E-08 1.9487E-08 2.1042E-08 2.2338E-08 2.3307E-08 2.3891E-08 2.4029E-08 2.3702E-08 2.2907E-08 2.1662E-08 2.0032E-08 1.8100E-08 1.5961E-08 1.3734E-08 1.1530E-08 9.4441E-09 7.5572E-09 5.9183E-09 4.5411E-09 3.4210E-09 2.5307E-09 1.8555E-09 1.3515E-09 9.7290E-10 7.0088E-10 4.9318E-10 3.4009E-10 2.2888E-10 1.5007E-10 9.5632E-11 6.4516E-11 2.1939E-11 5.6036E-12 1.0567E-12 0.0000E+00 0.0000E+00 0.0000E+00 0.0000E+00 0.0000E+00 0.0000E+00 0.0000E+00 0.0000E+00 0.0000E+00 0.0000E+00 0.0000E+00 0.0000E+00 0.0000E+00
2.5631E-09 3.3231E-09 4.2571E-09 5.3541E-09 6.6383E-09 8.0988E-09 9.7270E-09 1.1499E-08 1.3358E-08 1.5276E-08 1.7181E-08 1.8999E-08 2.0656E-08 2.2078E-08 2.3170E-08 2.3863E-08 2.4098E-08 2.3837E-08 2.3064E-08 2.1814E-08 2.0148E-08 1.8149E-08 1.5940E-08 1.3643E-08 1.1375E-08 9.2460E-09 7.3317E-09 5.6803E-09 4.3107E-09 3.2073E-09 2.3441E-09 1.6914E-09 1.2073E-09 8.5608E-10 6.0666E-10 4.1523E-10 2.7970E-10 1.7325E-10 1.1181E-10 7.1717E-11 3.8115E-11 8.3412E-12 2.3947E-12 0.0000E+00 0.0000E+00 0.0000E+00 0.0000E+00 0.0000E+00 0.0000E+00 0.0000E+00 0.0000E+00 0.0000E+00 0.0000E+00 0.0000E+00 0.0000E+00 0.0000E+00 0.0000E+00
2.2982E-09 2.9799E-09 3.8570E-09 4.8840E-09 6.0819E-09 7.4707E-09 9.0430E-09 1.0764E-08 1.2619E-08 1.4554E-08 1.6501E-08 1.8403E-08 2.0172E-08 2.1711E-08 2.2933E-08 2.3753E-08 2.4087E-08 2.3889E-08 2.3157E-08 2.1907E-08 2.0201E-08 1.8149E-08 1.5874E-08 1.3507E-08 1.1183E-08 9.0156E-09 7.0844E-09 5.4329E-09 4.0821E-09 3.0040E-09 2.1677E-09 1.5380E-09 1.0774E-09 7.4594E-10 5.1309E-10 3.4147E-10 2.1353E-10 1.3250E-10 7.7504E-11 4.9282E-11 1.2928E-11 3.8046E-12 0.0000E+00 0.0000E+00 0.0000E+00 0.0000E+00 0.0000E+00 0.0000E+00 0.0000E+00 0.0000E+00 0.0000E+00 0.0000E+00 0.0000E+00 0.0000E+00 0.0000E+00 0.0000E+00 0.0000E+00
2.0298E-09 2.6360E-09 3.4416E-09 4.3864E-09 5.5082E-09 6.8162E-09 8.3042E-09 9.9850E-09 1.1812E-08 1.3749E-08 1.5748E-08 1.7729E-08 1.9600E-08 2.1270E-08 2.2630E-08 2.3566E-08 2.4008E-08 2.3895E-08 2.3195E-08 2.1940E-08 2.0208E-08 1.8102E-08 1.5757E-08 1.3334E-08 1.0963E-08 8.7621E-09 6.8216E-09 5.1849E-09 3.8554E-09 2.8013E-09 1.9904E-09 1.3841E-09 9.4952E-10 6.4734E-10 4.3473E-10 2.7122E-10 1.6062E-10 9.2145E-11 5.4519E-11 1.8902E-11 5.6719E-12 8.9537E-13 0.0000E+00 0.0000E+00 0.0000E+00 0.0000E+00 0.0000E+00 0.0000E+00 0.0000E+00 0.0000E+00 0.0000E+00 0.0000E+00 0.0000E+00 0.0000E+00 0.0000E+00 0.0000E+00 0.0000E+00
1.7663E-09 2.2940E-09 3.0244E-09 3.8925E-09 4.9242E-09 6.1486E-09 7.5700E-09 9.1788E-09 1.0966E-08 1.2906E-08 1.4940E-08 1.6989E-08 1.8968E-08 2.0767E-08 2.2255E-08 2.3327E-08 2.3880E-08 2.3830E-08 2.3172E-08 2.1926E-08 2.0159E-08 1.8001E-08 1.5605E-08 1.3126E-08 1.0717E-08 8.5022E-09 6.5623E-09 4.9365E-09 3.6318E-09 2.6073E-09 1.8162E-09 1.2446E-09 8.3572E-10 5.5252E-10 3.5782E-10 2.0694E-10 1.1885E-10 5.3315E-11 2.9714E-11 3.9785E-12 2.1640E-12 0.0000E+00 0.0000E+00 0.0000E+00 0.0000E+00 0.0000E+00 0.0000E+00 0.0000E+00 0.0000E+00 0.0000E+00 0.0000E+00 0.0000E+00 0.0000E+00 0.0000E+00 0.0000E+00 0.0000E+00 0.0000E+00
