Assets/Resources/2015_m01_d26_1800(utc+0800)_l00_csi_1hr_conc.grd
DSAA
         159         159
     -79.000      79.000
     -79.000      79.000
  0.0000E+00  0.2000E-05
[rows 25 to 49 of 159, columns 0 to 56 of 159]
2.3905E-09 2.5928E-09 2.8069E-09 3.0305E-09 3.2723E-09 3.5233E-09 3.7901E-09 4.0641E-09 4.3492E-09 4.6448E-09 4.9493E-09 5.2632E-09 5.5852E-09 5.9138E-09 6.2481E-09 6.5878E-09 6.9312E-09 7.2782E-09 7.6266E-09 7.9736E-09 8.3207E-09 8.6663E-09 9.0100E-09 9.3510E-09 9.6932E-09 1.0041E-08 1.0401E-08 1.0773E-08 1.1149E-08 1.1529E-08 1.1920E-08 1.2323E-08 1.2736E-08 1.3172E-08 1.3638E-08 1.4144E-08 1.4689E-08 1.5277E-08 1.5901E-08 1.6552E-08 1.7218E-08 1.7888E-08 1.8531E-08 1.9132E-08 1.9656E-08 2.0072E-08 2.0350E-08 2.0454E-08 2.0367E-08 2.0058E-08 1.9528E-08 1.8771E-08 1.7804E-08 1.6654E-08 1.5354E-08 1.3945E-08 1.2454E-08
2.2075E-09 2.3954E-09 2.5943E-09 2.8016E-09 3.0227E-09 3.2588E-09 3.5024E-09 3.7606E-09 4.0275E-09 4.3032E-09 4.5873E-09 4.8801E-09 5.1811E-09 5.4878E-09 5.8002E-09 6.1189E-09 6.4407E-09 6.7655E-09 7.0932E-09 7.4200E-09 7.7460E-09 8.0709E-09 8.3966E-09 8.7172E-09 9.0424E-09 9.3713E-09 9.7099E-09 1.0067E-08 1.0429E-08 1.0796E-08 1.1178E-08 1.1576E-08 1.1990E-08 1.2430E-08 1.2907E-08 1.3430E-08 1.3998E-08 1.4622E-08 1.5287E-08 1.5992E-08 1.6731E-08 1.7478E-08 1.8223E-08 1.8933E-08 1.9579E-08 2.0131E-08 2.0545E-08 2.0798E-08 2.0842E-08 2.0670E-08 2.0256E-08 1.9604E-08 1.8723E-08 1.7636E-08 1.6377E-08 1.4983E-08 1.3483E-08
2.0292E-09 2.2028E-09 2.3867E-09 2.5784E-09 2.7796E-09 2.9980E-09 3.2220E-09 3.4620E-09 3.7099E-09 3.9657E-09 4.2300E-09 4.5018E-09 4.7812E-09 5.0663E-09 5.3564E-09 5.6518E-09 5.9519E-09 6.2534E-09 6.5594E-09 6.8647E-09 7.1696E-09 7.4722E-09 7.7770E-09 8.0780E-09 8.3807E-09 8.6863E-09 9.0066E-09 9.3431E-09 9.6860E-09 1.0039E-08 1.0408E-08 1.0795E-08 1.1204E-08 1.1641E-08 1.2122E-08 1.2651E-08 1.3236E-08 1.3882E-08 1.4579E-08 1.5333E-08 1.6122E-08 1.6947E-08 1.7777E-08 1.8591E-08 1.9358E-08 2.0037E-08 2.0596E-08 2.0985E-08 2.1183E-08 2.1149E-08 2.0872E-08 2.0342E-08 1.9565E-08 1.8563E-08 1.7362E-08 1.6005E-08 1.4518E-08
1.8569E-09 2.0163E-09 2.1854E-09 2.3618E-09 2.5470E-09 2.7430E-09 2.9515E-09 3.1682E-09 3.3988E-09 3.6349E-09 3.8787E-09 4.1310E-09 4.3892E-09 4.6524E-09 4.9201E-09 5.1913E-09 5.4702E-09 5.7486E-09 6.0309E-09 6.3140E-09 6.5963E-09 6.8773E-09 7.1569E-09 7.4394E-09 7.7158E-09 8.0031E-09 8.3013E-09 8.6121E-09 8.9336E-09 9.2677E-09 9.6185E-09 9.9916E-09 1.0389E-08 1.0818E-08 1.1293E-08 1.1824E-08 1.2413E-08 1.3071E-08 1.3792E-08 1.4574E-08 1.5414E-08 1.6296E-08 1.7205E-08 1.8113E-08 1.8988E-08 1.9795E-08 2.0481E-08 2.1027E-08 2.1369E-08 2.1491E-08 2.1357E-08 2.0963E-08 2.0310E-08 1.9411E-08 1.8298E-08 1.6999E-08 1.5561E-08
1.6913E-09 1.8371E-09 1.9918E-09 2.1530E-09 2.3225E-09 2.5000E-09 2.6895E-09 2.8863E-09 3.0976E-09 3.3147E-09 3.5379E-09 3.7684E-09 4.0065E-09 4.2491E-09 4.4949E-09 4.7435E-09 4.9968E-09 5.2536E-09 5.5111E-09 5.7723E-09 6.0324E-09 6.2901E-09 6.5470E-09 6.8062E-09 7.0615E-09 7.3230E-09 7.5929E-09 7.8808E-09 8.1794E-09 8.4915E-09 8.8226E-09 9.1770E-09 9.5588E-09 9.9733E-09 1.0436E-08 1.0958E-08 1.1544E-08 1.2204E-08 1.2934E-08 1.3738E-08 1.4609E-08 1.5541E-08 1.6513E-08 1.7502E-08 1.8478E-08 1.9394E-08 2.0220E-08 2.0898E-08 2.1399E-08 2.1670E-08 2.1694E-08 2.1449E-08 2.0935E-08 2.0166E-08 1.9154E-08 1.7940E-08 1.6563E-08
1.5333E-09 1.6659E-09 1.8067E-09 1.9534E-09 2.1076E-09 2.2692E-09 2.4366E-09 2.6180E-09 2.8060E-09 3.0055E-09 3.2091E-09 3.4197E-09 3.6360E-09 3.8571E-09 4.0821E-09 4.3098E-09 4.5391E-09 4.7738E-09 5.0084E-09 5.2446E-09 5.4828E-09 5.7173E-09 5.9515E-09 6.1842E-09 6.4207E-09 6.6529E-09 6.9013E-09 7.1644E-09 7.4350E-09 7.7202E-09 8.0307E-09 8.3625E-09 8.7235E-09 9.1187E-09 9.5637E-09 1.0070E-08 1.0642E-08 1.1294E-08 1.2023E-08 1.2835E-08 1.3726E-08 1.4691E-08 1.5713E-08 1.6770E-08 1.7826E-08 1.8851E-08 1.9787E-08 2.0610E-08 2.1251E-08 2.1681E-08 2.1865E-08 2.1779E-08 2.1422E-08 2.0790E-08 1.9911E-08 1.8807E-08 1.7519E-08
1.3837E-09 1.5035E-09 1.6310E-09 1.7637E-09 1.9033E-09 2.0496E-09 2.1999E-09 2.3616E-09 2.5307E-09 2.7106E-09 2.8958E-09 3.0864E-09 3.2818E-09 3.4816E-09 3.6850E-09 3.8906E-09 4.0991E-09 4.3094E-09 4.5234E-09 4.7346E-09 4.9512E-09 5.1636E-09 5.3754E-09 5.5852E-09 5.7964E-09 6.0080E-09 6.2249E-09 6.4591E-09 6.7073E-09 6.9660E-09 7.2491E-09 7.5569E-09 7.8959E-09 8.2663E-09 8.6885E-09 9.1694E-09 9.7223E-09 1.0357E-08 1.1075E-08 1.1882E-08 1.2779E-08 1.3764E-08 1.4819E-08 1.5924E-08 1.7052E-08 1.8156E-08 1.9207E-08 2.0145E-08 2.0931E-08 2.1512E-08 2.1851E-08 2.1935E-08 2.1738E-08 2.1271E-08 2.0539E-08 1.9572E-08 1.8399E-08
1.2420E-09 1.3505E-09 1.4652E-09 1.5846E-09 1.7102E-09 1.8420E-09 1.9772E-09 2.1176E-09 2.2722E-09 2.4291E-09 2.5983E-09 2.7698E-09 2.9455E-09 3.1248E-09 3.3075E-09 3.4919E-09 3.6788E-09 3.8658E-09 4.0588E-09 4.2497E-09 4.4410E-09 4.6338E-09 4.8231E-09 5.0107E-09 5.1959E-09 5.3865E-09 5.5755E-09 5.7833E-09 6.0047E-09 6.2338E-09 6.4864E-09 6.7715E-09 7.0838E-09 7.4284E-09 7.8209E-09 8.2748E-09 8.7975E-09 9.4057E-09 1.0105E-08 1.0895E-08 1.1787E-08 1.2774E-08 1.3845E-08 1.4983E-08 1.6157E-08 1.7336E-08 1.8465E-08 1.9517E-08 2.0428E-08 2.1147E-08 2.1650E-08 2.1896E-08 2.1874E-08 2.1573E-08 2.1011E-08 2.0202E-08 1.9171E-08
1.1083E-09 1.2063E-09 1.3097E-09 1.4167E-09 1.5291E-09 1.6470E-09 1.7680E-09 1.8932E-09 2.0283E-09 2.1689E-09 2.3169E-09 2.4715E-09 2.6286E-09 2.7879E-09 2.9512E-09 3.1157E-09 3.2820E-09 3.4482E-09 3.6154E-09 3.7873E-09 3.9557E-09 4.1275E-09 4.2971E-09 4.4638E-09 4.6272E-09 4.7923E-09 4.9599E-09 5.1340E-09 5.3272E-09 5.5359E-09 5.7581E-09 6.0095E-09 6.2945E-09 6.6126E-09 6.9747E-09 7.3955E-09 7.8854E-09 8.4609E-09 9.1281E-09 9.8934E-09 1.0764E-08 1.1738E-08 1.2808E-08 1.3958E-08 1.5163E-08 1.6384E-08 1.7587E-08 1.8720E-08 1.9742E-08 2.0595E-08 2.1239E-08 2.1649E-08 2.1795E-08 2.1678E-08 2.1297E-08 2.0674E-08 1.9816E-08
9.8341E-10 1.0712E-09 1.1636E-09 1.2595E-09 1.3600E-09 1.4651E-09 1.5727E-09 1.6841E-09 1.7991E-09 1.9265E-09 2.0538E-09 2.1931E-09 2.3313E-09 2.4725E-09 2.6174E-09 2.7629E-09 2.9101E-09 3.0564E-09 3.2033E-09 3.3523E-09 3.5010E-09 3.6485E-09 3.7995E-09 3.9470E-09 4.0910E-09 4.2319E-09 4.3784E-09 4.5278E-09 4.6919E-09 4.8700E-09 5.0645E-09 5.2859E-09 5.5429E-09 5.8300E-09 6.1589E-09 6.5449E-09 6.9962E-09 7.5339E-09 8.1623E-09 8.8906E-09 9.7282E-09 1.0675E-08 1.1726E-08 1.2869E-08 1.4077E-08 1.5328E-08 1.6569E-08 1.7770E-08 1.8882E-08 1.9843E-08 2.0622E-08 2.1177E-08 2.1495E-08 2.1562E-08 2.1377E-08 2.0951E-08 2.0305E-08
8.6544E-10 9.4516E-10 1.0279E-09 1.1127E-09 1.2020E-09 1.2953E-09 1.3907E-09 1.4892E-09 1.5906E-09 1.6992E-09 1.8123E-09 1.9313E-09 2.0553E-09 2.1786E-09 2.3046E-09 2.4325E-09 2.5616E-09 2.6898E-09 2.8187E-09 2.9453E-09 3.0782E-09 3.2048E-09 3.3353E-09 3.4643E-09 3.5897E-09 3.7117E-09 3.8337E-09 3.9624E-09 4.0945E-09 4.2466E-09 4.4171E-09 4.6073E-09 4.8289E-09 5.0886E-09 5.3827E-09 5.7301E-09 6.1444E-09 6.6368E-09 7.2207E-09 7.9040E-09 8.6953E-09 9.6012E-09 1.0617E-08 1.1731E-08 1.2928E-08 1.4174E-08 1.5438E-08 1.6680E-08 1.7853E-08 1.8903E-08 1.9791E-08 2.0488E-08 2.0960E-08 2.1210E-08 2.1225E-08 2.1018E-08 2.0594E-08
7.5819E-10 8.2790E-10 9.0197E-10 9.7717E-10 1.0556E-09 1.1378E-09 1.2221E-09 1.3091E-09 1.3984E-09 1.4897E-09 1.5905E-09 1.6905E-09 1.8003E-09 1.9079E-09 2.0180E-09 2.1284E-09 2.2411E-09 2.3522E-09 2.4636E-09 2.5730E-09 2.6857E-09 2.7970E-09 2.9068E-09 3.0189E-09 3.1267E-09 3.2312E-09 3.3318E-09 3.4388E-09 3.5485E-09 3.6713E-09 3.8099E-09 3.9702E-09 4.1616E-09 4.3915E-09 4.6534E-09 4.9615E-09 5.3316E-09 5.7813E-09 6.3166E-09 6.9462E-09 7.6822E-09 8.5319E-09 9.4963E-09 1.0569E-08 1.1728E-08 1.2953E-08 1.4208E-08 1.5463E-08 1.6673E-08 1.7781E-08 1.8762E-08 1.9570E-08 2.0194E-08 2.0616E-08 2.0833E-08 2.0847E-08 2.0667E-08
6.6023E-10 7.1991E-10 7.8575E-10 8.5223E-10 9.2132E-10 9.9358E-10 1.0674E-09 1.1434E-09 1.2217E-09 1.3015E-09 1.3864E-09 1.4742E-09 1.5662E-09 1.6606E-09 1.7558E-09 1.8507E-09 1.9477E-09 2.0436E-09 2.1395E-09 2.2332E-09 2.3263E-09 2.4231E-09 2.5158E-09 2.6101E-09 2.7026E-09 2.7912E-09 2.8749E-09 2.9597E-09 3.0516E-09 3.1441E-09 3.2599E-09 3.3935E-09 3.5524E-09 3.7397E-09 3.9753E-09 4.2454E-09 4.5749E-09 4.9710E-09 5.4563E-09 6.0279E-09 6.7014E-09 7.4879E-09 8.3904E-09 9.3980E-09 1.0505E-08 1.1681E-08 1.2905E-08 1.4145E-08 1.5361E-08 1.6503E-08 1.7543E-08 1.8450E-08 1.9203E-08 1.9786E-08 2.0192E-08 2.0429E-08 2.0502E-08
5.6820E-10 6.2348E-10 6.7995E-10 7.3865E-10 7.9909E-10 8.6215E-10 9.2648E-10 9.9259E-10 1.0609E-09 1.1300E-09 1.2004E-09 1.2774E-09 1.3540E-09 1.4362E-09 1.5178E-09 1.5989E-09 1.6818E-09 1.7637E-09 1.8455E-09 1.9251E-09 2.0041E-09 2.0830E-09 2.1623E-09 2.2387E-09 2.3174E-09 2.3916E-09 2.4611E-09 2.5276E-09 2.6005E-09 2.6760E-09 2.7630E-09 2.8663E-09 2.9949E-09 3.1546E-09 3.3484E-09 3.5843E-09 3.8671E-09 4.2160E-09 4.6441E-09 5.1608E-09 5.7682E-09 6.4839E-09 7.3095E-09 8.2442E-09 9.2780E-09 1.0388E-08 1.1555E-08 1.2750E-08 1.3948E-08 1.5094E-08 1.6170E-08 1.7148E-08 1.8007E-08 1.8728E-08 1.9314E-08 1.9764E-08 2.0079E-08
4.8830E-10 5.3502E-10 5.8399E-10 6.3571E-10 6.8918E-10 7.4363E-10 7.9931E-10 8.5622E-10 9.1516E-10 9.7503E-10 1.0360E-09 1.0985E-09 1.1651E-09 1.2328E-09 1.3037E-09 1.3721E-09 1.4424E-09 1.5118E-09 1.5811E-09 1.6483E-09 1.7146E-09 1.7778E-09 1.8456E-09 1.9086E-09 1.9715E-09 2.0334E-09 2.0890E-09 2.1418E-09 2.1941E-09 2.2552E-09 2.3168E-09 2.4000E-09 2.5048E-09 2.6302E-09 2.7865E-09 2.9859E-09 3.2265E-09 3.5224E-09 3.8961E-09 4.3496E-09 4.8926E-09 5.5302E-09 6.2753E-09 7.1252E-09 8.0708E-09 9.0973E-09 1.0184E-08 1.1318E-08 1.2464E-08 1.3592E-08 1.4679E-08 1.5698E-08 1.6633E-08 1.7477E-08 1.8216E-08 1.8857E-08 1.9403E-08
4.1614E-10 4.5467E-10 4.9866E-10 5.4155E-10 5.8952E-10 6.3732E-10 6.8513E-10 7.3420E-10 7.8479E-10 8.3599E-10 8.8825E-10 9.4026E-10 9.9616E-10 1.0515E-09 1.1112E-09 1.1701E-09 1.2288E-09 1.2863E-09 1.3452E-09 1.4013E-09 1.4568E-09 1.5088E-09 1.5609E-09 1.6149E-09 1.6627E-09 1.7134E-09 1.7580E-09 1.7985E-09 1.8374E-09 1.8816E-09 1.9290E-09 1.9868E-09 2.0627E-09 2.1625E-09 2.2889E-09 2.4521E-09 2.6526E-09 2.9036E-09 3.2188E-09 3.6081E-09 4.0799E-09 4.6401E-09 5.2990E-09 6.0545E-09 6.9049E-09 7.8351E-09 8.8281E-09 9.8741E-09 1.0958E-08 1.2039E-08 1.3107E-08 1.4140E-08 1.5129E-08 1.6055E-08 1.6927E-08 1.7729E-08 1.8482E-08
3.5194E-10 3.8536E-10 4.2142E-10 4.5882E-10 4.9919E-10 5.4107E-10 5.8238E-10 6.2474E-10 6.6834E-10 7.1214E-10 7.5674E-10 8.0064E-10 8.4545E-10 8.9282E-10 9.4012E-10 9.8980E-10 1.0390E-09 1.0873E-09 1.1353E-09 1.1824E-09 1.2281E-09 1.2707E-09 1.3113E-09 1.3550E-09 1.3929E-09 1.4308E-09 1.4662E-09 1.4966E-09 1.5246E-09 1.5524E-09 1.5903E-09 1.6236E-09 1.6832E-09 1.7596E-09 1.8554E-09 1.9796E-09 2.1519E-09 2.3574E-09 2.6202E-09 2.9471E-09 3.3464E-09 3.8259E-09 4.3909E-09 5.0488E-09 5.8001E-09 6.6217E-09 7.5124E-09 8.4659E-09 9.4611E-09 1.0478E-08 1.1499E-08 1.2524E-08 1.3527E-08 1.4518E-08 1.5474E-08 1.6417E-08 1.7342E-08
2.9605E-10 3.2324E-10 3.5390E-10 3.8554E-10 4.1848E-10 4.5502E-10 4.9126E-10 5.2727E-10 5.6435E-10 6.0181E-10 6.3977E-10 6.7709E-10 7.1442E-10 7.5265E-10 7.9156E-10 8.3168E-10 8.7242E-10 9.1155E-10 9.5131E-10 9.9008E-10 1.0275E-09 1.0620E-09 1.0939E-09 1.1251E-09 1.1575E-09 1.1828E-09 1.2118E-09 1.2340E-09 1.2528E-09 1.2686E-09 1.2915E-09 1.3185E-09 1.3509E-09 1.4064E-09 1.4846E-09 1.5827E-09 1.7135E-09 1.8841E-09 2.0971E-09 2.3661E-09 2.6968E-09 3.0979E-09 3.5754E-09 4.1312E-09 4.7722E-09 5.4887E-09 6.2723E-09 7.1135E-09 8.0180E-09 8.9506E-09 9.9089E-09 1.0893E-08 1.1891E-08 1.2901E-08 1.3917E-08 1.4957E-08 1.6021E-08
2.4599E-10 2.6966E-10 2.9530E-10 3.2101E-10 3.4936E-10 3.7876E-10 4.1066E-10 4.4162E-10 4.7274E-10 5.0437E-10 5.3599E-10 5.6771E-10 5.9929E-10 6.2998E-10 6.6191E-10 6.9297E-10 7.2594E-10 7.5872E-10 7.9078E-10 8.2173E-10 8.5192E-10 8.7909E-10 9.0441E-10 9.2712E-10 9.5173E-10 9.7166E-10 9.9014E-10 1.0043E-09 1.0168E-09 1.0273E-09 1.0359E-09 1.0554E-09 1.0750E-09 1.1165E-09 1.1707E-09 1.2416E-09 1.3413E-09 1.4799E-09 1.6497E-09 1.8657E-09 2.1326E-09 2.4592E-09 2.8554E-09 3.3141E-09 3.8526E-09 4.4584E-09 5.1254E-09 5.8594E-09 6.6593E-09 7.4965E-09 8.3764E-09 9.2954E-09 1.0259E-08 1.1259E-08 1.2304E-08 1.3402E-08 1.4559E-08
2.0348E-10 2.2265E-10 2.4328E-10 2.6583E-10 2.8878E-10 3.1294E-10 3.3998E-10 3.6672E-10 3.9299E-10 4.1927E-10 4.4594E-10 4.7221E-10 4.9871E-10 5.2417E-10 5.4894E-10 5.7448E-10 5.9924E-10 6.2539E-10 6.5097E-10 6.7554E-10 6.9929E-10 7.2075E-10 7.4022E-10 7.5747E-10 7.7316E-10 7.8773E-10 7.9857E-10 8.1031E-10 8.1471E-10 8.2049E-10 8.2613E-10 8.3602E-10 8.4757E-10 8.6860E-10 9.0467E-10 9.6292E-10 1.0375E-09 1.1367E-09 1.2722E-09 1.4426E-09 1.6530E-09 1.9131E-09 2.2325E-09 2.6067E-09 3.0461E-09 3.5433E-09 4.1060E-09 4.7257E-09 5.4072E-09 6.1493E-09 6.9399E-09 7.7778E-09 8.6821E-09 9.6457E-09 1.0685E-08 1.1799E-08 1.3010E-08
1.6627E-10 1.8185E-10 1.9918E-10 2.1713E-10 2.3728E-10 2.5640E-10 2.7784E-10 3.0081E-10 3.2326E-10 3.4546E-10 3.6768E-10 3.8964E-10 4.1148E-10 4.3239E-10 4.5291E-10 4.7267E-10 4.9280E-10 5.1230E-10 5.3185E-10 5.5050E-10 5.6834E-10 5.8512E-10 5.9802E-10 6.1092E-10 6.2171E-10 6.3264E-10 6.3802E-10 6.4343E-10 6.4754E-10 6.4887E-10 6.5021E-10 6.5215E-10 6.6054E-10 6.6906E-10 6.9390E-10 7.3223E-10 7.8008E-10 8.5379E-10 9.6071E-10 1.0898E-09 1.2521E-09 1.4560E-09 1.7063E-09 2.0042E-09 2.3543E-09 2.7569E-09 3.2103E-09 3.7213E-09 4.2974E-09 4.9314E-09 5.6212E-09 6.3732E-09 7.1907E-09 8.1021E-09 9.1001E-09 1.0201E-08 1.1433E-08
1.3486E-10 1.4684E-10 1.6075E-10 1.7560E-10 1.9190E-10 2.0841E-10 2.2511E-10 2.4317E-10 2.6293E-10 2.8136E-10 2.9995E-10 3.1824E-10 3.3626E-10 3.5343E-10 3.7009E-10 3.8633E-10 4.0157E-10 4.1708E-10 4.2937E-10 4.4297E-10 4.5547E-10 4.6792E-10 4.7907E-10 4.8654E-10 4.9396E-10 4.9951E-10 5.0532E-10 5.0623E-10 5.0731E-10 5.0640E-10 5.0561E-10 5.0349E-10 5.0399E-10 5.0933E-10 5.1981E-10 5.4196E-10 5.8109E-10 6.3340E-10 7.0184E-10 8.0531E-10 9.2790E-10 1.0823E-09 1.2735E-09 1.5024E-09 1.7796E-09 2.0900E-09 2.4524E-09 2.8675E-09 3.3327E-09 3.8570E-09 4.4478E-09 5.1034E-09 5.8310E-09 6.6607E-09 7.5918E-09 8.6613E-09 9.8562E-09
1.0548E-10 1.1530E-10 1.2629E-10 1.3797E-10 1.5091E-10 1.6478E-10 1.7869E-10 1.9225E-10 2.0807E-10 2.2450E-10 2.3962E-10 2.5488E-10 2.6948E-10 2.8352E-10 2.9749E-10 3.1044E-10 3.2267E-10 3.3390E-10 3.4472E-10 3.5474E-10 3.6231E-10 3.7037E-10 3.7680E-10 3.8344E-10 3.8834E-10 3.9183E-10 3.9376E-10 3.9430E-10 3.9130E-10 3.8894E-10 3.8667E-10 3.8341E-10 3.8022E-10 3.8091E-10 3.8576E-10 3.9748E-10 4.1974E-10 4.5251E-10 5.0325E-10 5.7795E-10 6.6821E-10 7.8275E-10 9.2356E-10 1.0956E-09 1.3069E-09 1.5473E-09 1.8285E-09 2.1506E-09 2.5172E-09 2.9455E-09 3.4297E-09 3.9876E-09 4.6238E-09 5.3468E-09 6.2080E-09 7.1874E-09 8.3287E-09
7.9739E-11 8.8061E-11 9.6730E-11 1.0620E-10 1.1617E-10 1.2874E-10 1.4101E-10 1.5201E-10 1.6366E-10 1.7684E-10 1.9007E-10 2.0233E-10 2.1422E-10 2.2363E-10 2.3504E-10 2.4537E-10 2.5517E-10 2.6376E-10 2.7163E-10 2.7912E-10 2.8585E-10 2.9196E-10 2.9625E-10 2.9893E-10 3.0082E-10 3.0272E-10 3.0258E-10 3.0198E-10 2.9833E-10 2.9378E-10 2.9038E-10 2.8628E-10 2.8262E-10 2.7966E-10 2.8031E-10 2.8418E-10 2.9602E-10 3.1922E-10 3.5154E-10 3.9907E-10 4.6601E-10 5.4768E-10 6.4858E-10 7.7391E-10 9.3270E-10 1.1132E-09 1.3201E-09 1.5678E-09 1.8553E-09 2.1845E-09 2.5737E-09 3.0331E-09 3.5696E-09 4.2046E-09 4.9531E-09 5.8471E-09 6.9025E-09
6.0457E-11 6.6410E-11 7.3754E-11 8.0857E-11 8.9567E-11 9.7282E-11 1.0647E-10 1.1617E-10 1.2543E-10 1.3443E-10 1.4506E-10 1.5547E-10 1.6523E-10 1.7476E-10 1.8415E-10 1.9234E-10 2.0017E-10 2.0703E-10 2.1299E-10 2.1834E-10 2.2297E-10 2.2677E-10 2.2996E-10 2.3182E-10 2.3225E-10 2.3121E-10 2.2910E-10 2.2667E-10 2.2350E-10 2.1795E-10 2.1384E-10 2.0975E-10 2.0489E-10 2.0170E-10 1.9950E-10 1.9989E-10 2.0428E-10 2.1580E-10 2.3635E-10 2.6651E-10 3.1056E-10 3.6750E-10 4.3987E-10 5.2945E-10 6.4097E-10 7.7370E-10 9.2712E-10 1.1089E-09 1.3196E-09 1.5730E-09 1.8787E-09 2.2405E-09 2.6864E-09 3.2167E-09 3.8546E-09 4.6539E-09 5.5843E-09
