Assets/Resources/2015_m01_d28_1000(utc+0800)_l00_csi_1hr_conc.grd
DSAA
         159         159
     -79.000      79.000
     -79.000      79.000
  0.0000E+00  0.3978E-05
[rows 0 to 24 of 159, columns 57 to 113 of 159]
3.8429E-09 4.1669E-09 4.4723E-09 4.7513E-09 4.9960E-09 5.2010E-09 5.3608E-09 5.4694E-09 5.5238E-09 5.5213E-09 5.4612E-09 5.3449E-09 5.1761E-09 4.9594E-09 4.7006E-09 4.4070E-09 4.0865E-09 3.7470E-09 3.3970E-09 3.0447E-09 2.6974E-09 2.3619E-09 2.0435E-09 1.7464E-09 1.4746E-09 1.2298E-09 1.0129E-09 8.2447E-10 6.6239E-10 5.2479E-10 4.0998E-10 3.1621E-10 2.3539E-10 1.6651E-10 1.1400E-10 7.3246E-11 3.8833E-11 1.5723E-11 3.2686E-12 0.0000E+00 0.0000E+00 0.0000E+00 0.0000E+00 0.0000E+00 0.0000E+00 0.0000E+00 0.0000E+00 0.0000E+00 0.0000E+00 0.0000E+00 0.0000E+00 0.0000E+00 0.0000E+00 0.0000E+00 0.0000E+00 0.0000E+00 0.0000E+00
4.0416E-09 4.3932E-09 4.7254E-09 5.0313E-09 5.3042E-09 5.5351E-09 5.7169E-09 5.8433E-09 5.9099E-09 5.9154E-09 5.8591E-09 5.7421E-09 5.5673E-09 5.3394E-09 5.0650E-09 4.7515E-09 4.4075E-09 4.0421E-09 3.6646E-09 3.2843E-09 2.9086E-09 2.5456E-09 2.2015E-09 1.8809E-09 1.5874E-09 1.3226E-09 1.0878E-09 8.8297E-10 7.0738E-10 5.5971E-10 4.3691E-10 3.3548E-10 2.4975E-10 1.7745E-10 1.1911E-10 7.6529E-11 4.0909E-11 1.6610E-11 3.4149E-12 0.0000E+00 0.0000E+00 0.0000E+00 0.0000E+00 0.0000E+00 0.0000E+00 0.0000E+00 0.0000E+00 0.0000E+00 0.0000E+00 0.0000E+00 0.0000E+00 0.0000E+00 0.0000E+00 0.0000E+00 0.0000E+00 0.0000E+00 0.0000E+00
4.2180E-09 4.5960E-09 4.9583E-09 5.2951E-09 5.5958E-09 5.8514E-09 6.0549E-09 6.2015E-09 6.2865E-09 6.3053E-09 6.2569E-09 6.1420E-09 5.9637E-09 5.7272E-09 5.4389E-09 5.1070E-09 4.7411E-09 4.3509E-09 3.9460E-09 3.5366E-09 3.1317E-09 2.7396E-09 2.3673E-09 2.0201E-09 1.7024E-09 1.4168E-09 1.1645E-09 9.4505E-10 7.5614E-10 5.9641E-10 4.6386E-10 3.5649E-10 2.6618E-10 1.8759E-10 1.2735E-10 7.8912E-11 4.3995E-11 1.6612E-11 3.1866E-12 0.0000E+00 0.0000E+00 0.0000E+00 0.0000E+00 0.0000E+00 0.0000E+00 0.0000E+00 0.0000E+00 0.0000E+00 0.0000E+00 0.0000E+00 0.0000E+00 0.0000E+00 0.0000E+00 0.0000E+00 0.0000E+00 0.0000E+00 0.0000E+00
4.3680E-09 4.7765E-09 5.1682E-09 5.5323E-09 5.8599E-09 6.1441E-09 6.3755E-09 6.5458E-09 6.6491E-09 6.6809E-09 6.6405E-09 6.5288E-09 6.3485E-09 6.1044E-09 5.8038E-09 5.4551E-09 5.0683E-09 4.6539E-09 4.2230E-09 3.7865E-09 3.3541E-09 2.9350E-09 2.5366E-09 2.1646E-09 1.8238E-09 1.5165E-09 1.2447E-09 1.0081E-09 8.0633E-10 6.3628E-10 4.9421E-10 3.7740E-10 2.8401E-10 2.0001E-10 1.3455E-10 8.4800E-11 4.6051E-11 1.6911E-11 2.8890E-12 0.0000E+00 0.0000E+00 0.0000E+00 0.0000E+00 0.0000E+00 0.0000E+00 0.0000E+00 0.0000E+00 0.0000E+00 0.0000E+00 0.0000E+00 0.0000E+00 0.0000E+00 0.0000E+00 0.0000E+00 0.0000E+00 0.0000E+00 0.0000E+00
4.4926E-09 4.9270E-09 5.3446E-09 5.7387E-09 6.0986E-09 6.4124E-09 6.6699E-09 6.8625E-09 6.9858E-09 7.0345E-09 7.0062E-09 6.9010E-09 6.7215E-09 6.4731E-09 6.1627E-09 5.7994E-09 5.3937E-09 4.9572E-09 4.5013E-09 4.0379E-09 3.5779E-09 3.1311E-09 2.7062E-09 2.3098E-09 1.9466E-09 1.6196E-09 1.3296E-09 1.0767E-09 8.5948E-10 6.7719E-10 5.2650E-10 4.0267E-10 3.0084E-10 2.1341E-10 1.4220E-10 9.0019E-11 4.6626E-11 1.6543E-11 5.0292E-12 3.0143E-13 0.0000E+00 0.0000E+00 0.0000E+00 0.0000E+00 0.0000E+00 0.0000E+00 0.0000E+00 0.0000E+00 0.0000E+00 0.0000E+00 0.0000E+00 0.0000E+00 0.0000E+00 0.0000E+00 0.0000E+00 0.0000E+00 0.0000E+00
4.5829E-09 5.0411E-09 5.4895E-09 5.9143E-09 6.3030E-09 6.6440E-09 6.9297E-09 7.1516E-09 7.3004E-09 7.3703E-09 7.3586E-09 7.2648E-09 7.0906E-09 6.8414E-09 6.5247E-09 6.1499E-09 5.7281E-09 5.2712E-09 4.7919E-09 4.3029E-09 3.8162E-09 3.3421E-09 2.8895E-09 2.4661E-09 2.0772E-09 1.7268E-09 1.4169E-09 1.1475E-09 9.1704E-10 7.2210E-10 5.5991E-10 4.2806E-10 3.2061E-10 2.2572E-10 1.5213E-10 9.5285E-11 4.7448E-11 1.8277E-11 7.6237E-12 6.9531E-13 0.0000E+00 0.0000E+00 0.0000E+00 0.0000E+00 0.0000E+00 0.0000E+00 0.0000E+00 0.0000E+00 0.0000E+00 0.0000E+00 0.0000E+00 0.0000E+00 0.0000E+00 0.0000E+00 0.0000E+00 0.0000E+00 0.0000E+00
4.6381E-09 5.1234E-09 5.5978E-09 6.0488E-09 6.4664E-09 6.8408E-09 7.1584E-09 7.4084E-09 7.5823E-09 7.6738E-09 7.6795E-09 7.5982E-09 7.4317E-09 7.1850E-09 6.8653E-09 6.4819E-09 6.0465E-09 5.5719E-09 5.0718E-09 4.5593E-09 4.0473E-09 3.5474E-09 3.0700E-09 2.6228E-09 2.2118E-09 1.8404E-09 1.5104E-09 1.2226E-09 9.7617E-10 7.6945E-10 5.9820E-10 4.5664E-10 3.4164E-10 2.4407E-10 1.6175E-10 9.8796E-11 4.7494E-11 2.3666E-11 1.0762E-11 2.0473E-12 0.0000E+00 0.0000E+00 0.0000E+00 0.0000E+00 0.0000E+00 0.0000E+00 0.0000E+00 0.0000E+00 0.0000E+00 0.0000E+00 0.0000E+00 0.0000E+00 0.0000E+00 0.0000E+00 0.0000E+00 0.0000E+00 0.0000E+00
4.6612E-09 5.1670E-09 5.6639E-09 6.1441E-09 6.5937E-09 6.9982E-09 7.3454E-09 7.6241E-09 7.8270E-09 7.9457E-09 7.9746E-09 7.9124E-09 7.7598E-09 7.5207E-09 7.2023E-09 6.8142E-09 6.3692E-09 5.8801E-09 5.3612E-09 4.8268E-09 4.2905E-09 3.7648E-09 3.2607E-09 2.7871E-09 2.3509E-09 1.9574E-09 1.6082E-09 1.3036E-09 1.0416E-09 8.2026E-10 6.3669E-10 4.8764E-10 3.6516E-10 2.5896E-10 1.7141E-10 1.0046E-10 5.4097E-11 2.9426E-11 1.4613E-11 3.9751E-12 0.0000E+00 0.0000E+00 0.0000E+00 0.0000E+00 0.0000E+00 0.0000E+00 0.0000E+00 0.0000E+00 0.0000E+00 0.0000E+00 0.0000E+00 0.0000E+00 0.0000E+00 0.0000E+00 0.0000E+00 0.0000E+00 0.0000E+00
4.6473E-09 5.1698E-09 5.6926E-09 6.1997E-09 6.6767E-09 7.1100E-09 7.4898E-09 7.8025E-09 8.0366E-09 8.1843E-09 8.2383E-09 8.1958E-09 8.0581E-09 7.8294E-09 7.5159E-09 7.1273E-09 6.6757E-09 6.1753E-09 5.6407E-09 5.0872E-09 4.5293E-09 3.9809E-09 3.4533E-09 2.9568E-09 2.4979E-09 2.0817E-09 1.7111E-09 1.3874E-09 1.1099E-09 8.7581E-10 6.8075E-10 5.2068E-10 3.9016E-10 2.7689E-10 1.7959E-10 1.0695E-10 6.3190E-11 3.5633E-11 1.7869E-11 5.4366E-12 0.0000E+00 0.0000E+00 0.0000E+00 0.0000E+00 0.0000E+00 0.0000E+00 0.0000E+00 0.0000E+00 0.0000E+00 0.0000E+00 0.0000E+00 0.0000E+00 0.0000E+00 0.0000E+00 0.0000E+00 0.0000E+00 0.0000E+00
4.5988E-09 5.1405E-09 5.6830E-09 6.2112E-09 6.7151E-09 7.1811E-09 7.5938E-09 7.9396E-09 8.2052E-09 8.3826E-09 8.4653E-09 8.4491E-09 8.3330E-09 8.1196E-09 7.8155E-09 7.4306E-09 6.9768E-09 6.4687E-09 5.9215E-09 5.3513E-09 4.7736E-09 4.2027E-09 3.6513E-09 3.1304E-09 2.6483E-09 2.2113E-09 1.8214E-09 1.4794E-09 1.1841E-09 9.3436E-10 7.2705E-10 5.5720E-10 4.1648E-10 2.9368E-10 1.8903E-10 1.2001E-10 7.2705E-11 4.2428E-11 2.2179E-11 6.8224E-12 0.0000E+00 0.0000E+00 0.0000E+00 0.0000E+00 0.0000E+00 0.0000E+00 0.0000E+00 0.0000E+00 0.0000E+00 0.0000E+00 0.0000E+00 0.0000E+00 0.0000E+00 0.0000E+00 0.0000E+00 0.0000E+00 0.0000E+00
4.5245E-09 5.0777E-09 5.6334E-09 6.1848E-09 6.7162E-09 7.2115E-09 7.6542E-09 8.0328E-09 8.3354E-09 8.5492E-09 8.6655E-09 8.6783E-09 8.5871E-09 8.3939E-09 8.1044E-09 7.7275E-09 7.2757E-09 6.7637E-09 6.2071E-09 5.6226E-09 5.0267E-09 4.4352E-09 3.8615E-09 3.3168E-09 2.8103E-09 2.3485E-09 1.9355E-09 1.5739E-09 1.2625E-09 9.9855E-10 7.7737E-10 5.9603E-10 4.4253E-10 3.1012E-10 2.0605E-10 1.3301E-10 8.3339E-11 5.0126E-11 2.5641E-11 8.4319E-12 0.0000E+00 0.0000E+00 0.0000E+00 0.0000E+00 0.0000E+00 0.0000E+00 0.0000E+00 0.0000E+00 0.0000E+00 0.0000E+00 0.0000E+00 0.0000E+00 0.0000E+00 0.0000E+00 0.0000E+00 0.0000E+00 0.0000E+00
4.4225E-09 4.9813E-09 5.5546E-09 6.1258E-09 6.6789E-09 7.1999E-09 7.6772E-09 8.0922E-09 8.4309E-09 8.6797E-09 8.8298E-09 8.8752E-09 8.8124E-09 8.6423E-09 8.3706E-09 8.0058E-09 7.5594E-09 7.0467E-09 6.4842E-09 5.8889E-09 5.2777E-09 4.6671E-09 4.0720E-09 3.5051E-09 2.9766E-09 2.4942E-09 2.0605E-09 1.6779E-09 1.3464E-09 1.0658E-09 8.3099E-10 6.3413E-10 4.6797E-10 3.3071E-10 2.2739E-10 1.4914E-10 9.4762E-11 5.7633E-11 3.1450E-11 9.3861E-12 0.0000E+00 0.0000E+00 0.0000E+00 0.0000E+00 0.0000E+00 0.0000E+00 0.0000E+00 0.0000E+00 0.0000E+00 0.0000E+00 0.0000E+00 0.0000E+00 0.0000E+00 0.0000E+00 0.0000E+00 0.0000E+00 0.0000E+00
4.2944E-09 4.8638E-09 5.4482E-09 6.0325E-09 6.6082E-09 7.1590E-09 7.6672E-09 8.1153E-09 8.4894E-09 8.7781E-09 8.9680E-09 9.0499E-09 9.0219E-09 8.8822E-09 8.6346E-09 8.2873E-09 7.8518E-09 7.3427E-09 6.7770E-09 6.1719E-09 5.5461E-09 4.9174E-09 4.3006E-09 3.7096E-09 3.1552E-09 2.6464E-09 2.1890E-09 1.7859E-09 1.4363E-09 1.1373E-09 8.8456E-10 6.7562E-10 4.9871E-10 3.6088E-10 2.4992E-10 1.6519E-10 1.0561E-10 6.4787E-11 3.6016E-11 9.5118E-12 0.0000E+00 0.0000E+00 0.0000E+00 0.0000E+00 0.0000E+00 0.0000E+00 0.0000E+00 0.0000E+00 0.0000E+00 0.0000E+00 0.0000E+00 0.0000E+00 0.0000E+00 0.0000E+00 0.0000E+00 0.0000E+00 0.0000E+00
4.1517E-09 4.7235E-09 5.3128E-09 5.9143E-09 6.5112E-09 7.0863E-09 7.6226E-09 8.1067E-09 8.5209E-09 8.8495E-09 9.0803E-09 9.2015E-09 9.2090E-09 9.1005E-09 8.8801E-09 8.5527E-09 8.1309E-09 7.6278E-09 7.0628E-09 6.4519E-09 5.8143E-09 5.1685E-09 4.5318E-09 3.9187E-09 3.3417E-09 2.8102E-09 2.3292E-09 1.9029E-09 1.5306E-09 1.2114E-09 9.4222E-10 7.1611E-10 5.3459E-10 3.9032E-10 2.7159E-10 1.8172E-10 1.1729E-10 7.2913E-11 3.9607E-11 1.1288E-11 0.0000E+00 0.0000E+00 0.0000E+00 0.0000E+00 0.0000E+00 0.0000E+00 0.0000E+00 0.0000E+00 0.0000E+00 0.0000E+00 0.0000E+00 0.0000E+00 0.0000E+00 0.0000E+00 0.0000E+00 0.0000E+00 0.0000E+00
3.9922E-09 4.5616E-09 5.1613E-09 5.7753E-09 6.3872E-09 6.9850E-09 7.5535E-09 8.0731E-09 8.5263E-09 8.8951E-09 9.1673E-09 9.3322E-09 9.3814E-09 9.3111E-09 9.1226E-09 8.8220E-09 8.4201E-09 7.9291E-09 7.3669E-09 6.7516E-09 6.1027E-09 5.4402E-09 4.7825E-09 4.1446E-09 3.5409E-09 2.9824E-09 2.4766E-09 2.0251E-09 1.6293E-09 1.2887E-09 1.0026E-09 7.6559E-10 5.7548E-10 4.2127E-10 2.9602E-10 1.9943E-10 1.2957E-10 7.9563E-11 4.2533E-11 1.1455E-11 0.0000E+00 0.0000E+00 0.0000E+00 0.0000E+00 0.0000E+00 0.0000E+00 0.0000E+00 0.0000E+00 0.0000E+00 0.0000E+00 0.0000E+00 0.0000E+00 0.0000E+00 0.0000E+00 0.0000E+00 0.0000E+00 0.0000E+00
3.8171E-09 4.3895E-09 4.9924E-09 5.6120E-09 6.2415E-09 6.8642E-09 7.4617E-09 8.0133E-09 8.5040E-09 8.9176E-09 9.2360E-09 9.4463E-09 9.5386E-09 9.5086E-09 9.3551E-09 9.0831E-09 8.7018E-09 8.2242E-09 7.6673E-09 7.0508E-09 6.3936E-09 5.7164E-09 5.0390E-09 4.3788E-09 3.7501E-09 3.1658E-09 2.6324E-09 2.1534E-09 1.7343E-09 1.3740E-09 1.0702E-09 8.1945E-10 6.1622E-10 4.5277E-10 3.2007E-10 2.1749E-10 1.4202E-10 8.8023E-11 4.4639E-11 1.0708E-11 1.0015E-12 0.0000E+00 0.0000E+00 0.0000E+00 0.0000E+00 0.0000E+00 0.0000E+00 0.0000E+00 0.0000E+00 0.0000E+00 0.0000E+00 0.0000E+00 0.0000E+00 0.0000E+00 0.0000E+00 0.0000E+00 0.0000E+00
3.6359E-09 4.2051E-09 4.8061E-09 5.4368E-09 6.0813E-09 6.7229E-09 7.3451E-09 7.9332E-09 8.4649E-09 8.9216E-09 9.2844E-09 9.5404E-09 9.6783E-09 9.6905E-09 9.5762E-09 9.3376E-09 8.9821E-09 8.5219E-09 7.9738E-09 7.3569E-09 6.6922E-09 6.0015E-09 5.3047E-09 4.6215E-09 3.9670E-09 3.3557E-09 2.7938E-09 2.2865E-09 1.8417E-09 1.4618E-09 1.1426E-09 8.7667E-10 6.5899E-10 4.8454E-10 3.4365E-10 2.3483E-10 1.5410E-10 9.5323E-11 4.5727E-11 8.8572E-12 1.0776E-12 0.0000E+00 0.0000E+00 0.0000E+00 0.0000E+00 0.0000E+00 0.0000E+00 0.0000E+00 0.0000E+00 0.0000E+00 0.0000E+00 0.0000E+00 0.0000E+00 0.0000E+00 0.0000E+00 0.0000E+00 0.0000E+00
3.4487E-09 4.0073E-09 4.6114E-09 5.2481E-09 5.9022E-09 6.5635E-09 7.2147E-09 7.8360E-09 8.4061E-09 8.9065E-09 9.3203E-09 9.6286E-09 9.8183E-09 9.8807E-09 9.8109E-09 9.6086E-09 9.2822E-09 8.8419E-09 8.3050E-09 7.6904E-09 7.0195E-09 6.3134E-09 5.5954E-09 4.8858E-09 4.2023E-09 3.5588E-09 2.9649E-09 2.4302E-09 1.9620E-09 1.5591E-09 1.2160E-09 9.3287E-10 7.0156E-10 5.1562E-10 3.6665E-10 2.5188E-10 1.6552E-10 1.0173E-10 4.6831E-11 7.1917E-12 9.9481E-13 0.0000E+00 0.0000E+00 0.0000E+00 0.0000E+00 0.0000E+00 0.0000E+00 0.0000E+00 0.0000E+00 0.0000E+00 0.0000E+00 0.0000E+00 0.0000E+00 0.0000E+00 0.0000E+00 0.0000E+00 0.0000E+00
3.2514E-09 3.8071E-09 4.4102E-09 5.0470E-09 5.7132E-09 6.3925E-09 7.0685E-09 7.7205E-09 8.3315E-09 8.8782E-09 9.3408E-09 9.7005E-09 9.9405E-09 1.0051E-08 1.0026E-08 9.8641E-09 9.5699E-09 9.1538E-09 8.6307E-09 8.0189E-09 7.3426E-09 6.6245E-09 5.8876E-09 5.1537E-09 4.4408E-09 3.7648E-09 3.1394E-09 2.5765E-09 2.0826E-09 1.6556E-09 1.2928E-09 9.9012E-10 7.4407E-10 5.4694E-10 3.9021E-10 2.6762E-10 1.7678E-10 1.0590E-10 4.7579E-11 6.3227E-12 7.8837E-13 0.0000E+00 0.0000E+00 0.0000E+00 0.0000E+00 0.0000E+00 0.0000E+00 0.0000E+00 0.0000E+00 0.0000E+00 0.0000E+00 0.0000E+00 0.0000E+00 0.0000E+00 0.0000E+00 0.0000E+00 0.0000E+00
3.0569E-09 3.6044E-09 4.1980E-09 4.8384E-09 5.5140E-09 6.2088E-09 6.9081E-09 7.5932E-09 8.2438E-09 8.8372E-09 9.3506E-09 9.7654E-09 1.0063E-08 1.0229E-08 1.0255E-08 1.0138E-08 9.8782E-09 9.4878E-09 8.9803E-09 8.3753E-09 7.6945E-09 6.9620E-09 6.2023E-09 5.4387E-09 4.6923E-09 3.9823E-09 3.3249E-09 2.7347E-09 2.2114E-09 1.7557E-09 1.3696E-09 1.0487E-09 7.8539E-10 5.7539E-10 4.0985E-10 2.8479E-10 1.8614E-10 1.0923E-10 4.6086E-11 5.5873E-12 5.3438E-13 0.0000E+00 0.0000E+00 0.0000E+00 0.0000E+00 0.0000E+00 0.0000E+00 0.0000E+00 0.0000E+00 0.0000E+00 0.0000E+00 0.0000E+00 0.0000E+00 0.0000E+00 0.0000E+00 0.0000E+00 0.0000E+00
2.8619E-09 3.3953E-09 3.9864E-09 4.6283E-09 5.3082E-09 6.0164E-09 6.7389E-09 7.4562E-09 8.1448E-09 8.7840E-09 9.3498E-09 9.8194E-09 1.0173E-08 1.0394E-08 1.0471E-08 1.0399E-08 1.0179E-08 9.8185E-09 9.3293E-09 8.7310E-09 8.0467E-09 7.3006E-09 6.5194E-09 5.7280E-09 4.9508E-09 4.2084E-09 3.5196E-09 2.8944E-09 2.3382E-09 1.8556E-09 1.4449E-09 1.1046E-09 8.2805E-10 6.0567E-10 4.2995E-10 3.0047E-10 1.9741E-10 1.1002E-10 4.1209E-11 5.0396E-12 2.6177E-13 0.0000E+00 0.0000E+00 0.0000E+00 0.0000E+00 0.0000E+00 0.0000E+00 0.0000E+00 0.0000E+00 0.0000E+00 0.0000E+00 0.0000E+00 0.0000E+00 0.0000E+00 0.0000E+00 0.0000E+00 0.0000E+00
2.6688E-09 3.1902E-09 3.7740E-09 4.4097E-09 5.0948E-09 5.8178E-09 6.5623E-09 7.3076E-09 8.0353E-09 8.7198E-09 9.3384E-09 9.8653E-09 1.0278E-08 1.0559E-08 1.0693E-08 1.0672E-08 1.0492E-08 1.0161E-08 9.6923E-09 9.1023E-09 8.4137E-09 7.6529E-09 6.8487E-09 6.0282E-09 5.2177E-09 4.4415E-09 3.7187E-09 3.0582E-09 2.4701E-09 1.9585E-09 1.5238E-09 1.1615E-09 8.6635E-10 6.3263E-10 4.4788E-10 3.1319E-10 2.0642E-10 1.0971E-10 3.7311E-11 4.0737E-12 0.0000E+00 0.0000E+00 0.0000E+00 0.0000E+00 0.0000E+00 0.0000E+00 0.0000E+00 0.0000E+00 0.0000E+00 0.0000E+00 0.0000E+00 0.0000E+00 0.0000E+00 0.0000E+00 0.0000E+00 0.0000E+00 0.0000E+00
2.4760E-09 2.9874E-09 3.5600E-09 4.1935E-09 4.8834E-09 5.6156E-09 6.3771E-09 7.1523E-09 7.9194E-09 8.6520E-09 9.3249E-09 9.9122E-09 1.0388E-08 1.0731E-08 1.0923E-08 1.0955E-08 1.0822E-08 1.0526E-08 1.0079E-08 9.4968E-09 8.8045E-09 8.0292E-09 7.2008E-09 6.3493E-09 5.5045E-09 4.6898E-09 3.9241E-09 3.2234E-09 2.6003E-09 2.0582E-09 1.5974E-09 1.2157E-09 9.0536E-10 6.5738E-10 4.6733E-10 3.2602E-10 2.1131E-10 1.1166E-10 3.3079E-11 2.9760E-12 0.0000E+00 0.0000E+00 0.0000E+00 0.0000E+00 0.0000E+00 0.0000E+00 0.0000E+00 0.0000E+00 0.0000E+00 0.0000E+00 0.0000E+00 0.0000E+00 0.0000E+00 0.0000E+00 0.0000E+00 0.0000E+00 0.0000E+00
2.2942E-09 2.7884E-09 3.3486E-09 3.9772E-09 4.6655E-09 5.4063E-09 6.1885E-09 6.9926E-09 7.7957E-09 8.5745E-09 9.3009E-09 9.9472E-09 1.0486E-08 1.0894E-08 1.1148E-08 1.1235E-08 1.1148E-08 1.0887E-08 1.0461E-08 9.8900E-09 9.1947E-09 8.4055E-09 7.5537E-09 6.6714E-09 5.7894E-09 4.9347E-09 4.1301E-09 3.3923E-09 2.7337E-09 2.1598E-09 1.6739E-09 1.2693E-09 9.4171E-10 6.8140E-10 4.8297E-10 3.3568E-10 2.1344E-10 1.0409E-10 2.9607E-11 1.8682E-12 0.0000E+00 0.0000E+00 0.0000E+00 0.0000E+00 0.0000E+00 0.0000E+00 0.0000E+00 0.0000E+00 0.0000E+00 0.0000E+00 0.0000E+00 0.0000E+00 0.0000E+00 0.0000E+00 0.0000E+00 0.0000E+00 0.0000E+00
2.1118E-09 2.5882E-09 3.1410E-09 3.7615E-09 4.4499E-09 5.2001E-09 5.9984E-09 6.8253E-09 7.6645E-09 8.4902E-09 9.2736E-09 9.9839E-09 1.0591E-08 1.1067E-08 1.1386E-08 1.1532E-08 1.1497E-08 1.1276E-08 1.0877E-08 1.0317E-08 9.6200E-09 8.8145E-09 7.9359E-09 7.0178E-09 6.0936E-09 5.1927E-09 4.3415E-09 3.5613E-09 2.8649E-09 2.2583E-09 1.7431E-09 1.3180E-09 9.7469E-10 7.0397E-10 4.9890E-10 3.4367E-10 2.1503E-10 9.9328E-11 2.6824E-11 1.2781E-12 0.0000E+00 0.0000E+00 0.0000E+00 0.0000E+00 0.0000E+00 0.0000E+00 0.0000E+00 0.0000E+00 0.0000E+00 0.0000E+00 0.0000E+00 0.0000E+00 0.0000E+00 0.0000E+00 0.0000E+00 0.0000E+00 0.0000E+00
