Assets/Resources/2015_m01_d26_1300(utc+0800)_l00_csi_1hr_conc.grd
DSAA
         159         159
     -79.000      79.000
     -79.000      79.000
  0.0000E+00  0.2164E-05
[rows 75 to 99 of 159, columns 0 to 56 of 159]
1.1835E-09 1.2162E-09 1.2485E-09 1.2819E-09 1.3157E-09 1.3489E-09 1.3827E-09 1.4185E-09 1.4563E-09 1.4987E-09 1.5412E-09 1.5794E-09 1.6157E-09 1.6520E-09 1.6907E-09 1.7330E-09 1.7746E-09 1.8156E-09 1.8597E-09 1.9049E-09 1.9508E-09 2.0252E-09 2.0778E-09 2.1329E-09 2.1864E-09 2.2343E-09 2.2928E-09 2.3430E-09 2.3891E-09 2.4336E-09 2.4793E-09 2.5242E-09 2.5647E-09 2.6041E-09 2.6407E-09 2.6937E-09 2.7856E-09 2.9088E-09 3.0286E-09 3.1580E-09 3.3144E-09 3.4929E-09 3.6765E-09 3.8681E-09 4.0936E-09 4.3373E-09 4.6279E-09 4.9545E-09 5.3277E-09 5.7499E-09 6.2313E-09 6.7934E-09 7.4550E-09 8.2243E-09 9.1278E-09 1.0192E-08 1.1489E-08
1.1313E-09 1.1615E-09 1.1927E-09 1.2241E-09 1.2558E-09 1.2871E-09 1.3184E-09 1.3499E-09 1.3834E-09 1.4183E-09 1.4561E-09 1.4980E-09 1.5362E-09 1.5704E-09 1.6042E-09 1.6384E-09 1.6753E-09 1.7142E-09 1.7554E-09 1.7943E-09 1.8333E-09 1.8754E-09 1.9160E-09 1.9782E-09 2.0248E-09 2.0725E-09 2.1138E-09 2.1601E-09 2.2080E-09 2.2555E-09 2.2950E-09 2.3337E-09 2.3699E-09 2.4057E-09 2.4390E-09 2.4698E-09 2.4992E-09 2.5437E-09 2.6411E-09 2.7530E-09 2.8591E-09 2.9717E-09 3.1052E-09 3.2476E-09 3.3968E-09 3.5632E-09 3.7482E-09 3.9662E-09 4.2240E-09 4.5096E-09 4.8303E-09 5.1957E-09 5.6214E-09 6.1329E-09 6.7304E-09 7.4531E-09 8.2950E-09
1.0823E-09 1.1109E-09 1.1398E-09 1.1689E-09 1.1982E-09 1.2279E-09 1.2578E-09 1.2879E-09 1.3176E-09 1.3474E-09 1.3791E-09 1.4134E-09 1.4511E-09 1.4901E-09 1.5245E-09 1.5561E-09 1.5877E-09 1.6196E-09 1.6550E-09 1.6917E-09 1.7316E-09 1.7682E-09 1.8044E-09 1.8400E-09 1.8744E-09 1.9236E-09 1.9655E-09 2.0087E-09 2.0434E-09 2.0784E-09 2.1254E-09 2.1647E-09 2.2028E-09 2.2344E-09 2.2632E-09 2.2912E-09 2.3162E-09 2.3390E-09 2.3601E-09 2.3958E-09 2.4849E-09 2.5917E-09 2.6810E-09 2.7713E-09 2.8707E-09 2.9778E-09 3.0997E-09 3.2336E-09 3.3777E-09 3.5503E-09 3.7660E-09 4.0047E-09 4.2688E-09 4.5734E-09 4.9384E-09 5.3719E-09 5.9153E-09
1.0362E-09 1.0634E-09 1.0908E-09 1.1184E-09 1.1462E-09 1.1741E-09 1.2022E-09 1.2303E-09 1.2585E-09 1.2867E-09 1.3149E-09 1.3431E-09 1.3735E-09 1.4073E-09 1.4427E-09 1.4780E-09 1.5099E-09 1.5397E-09 1.5689E-09 1.5985E-09 1.6321E-09 1.6691E-09 1.7059E-09 1.7401E-09 1.7737E-09 1.8036E-09 1.8330E-09 1.8703E-09 1.9077E-09 1.9373E-09 1.9731E-09 2.0013E-09 2.0436E-09 2.0773E-09 2.1026E-09 2.1326E-09 2.1547E-09 2.1747E-09 2.1926E-09 2.2085E-09 2.2219E-09 2.2451E-09 2.3158E-09 2.4024E-09 2.4732E-09 2.5368E-09 2.6019E-09 2.6831E-09 2.7671E-09 2.8674E-09 2.9722E-09 3.1087E-09 3.2728E-09 3.4800E-09 3.6772E-09 3.9159E-09 4.2008E-09
9.9154E-10 1.0174E-09 1.0434E-09 1.0695E-09 1.0959E-09 1.1224E-09 1.1489E-09 1.1756E-09 1.2024E-09 1.2291E-09 1.2558E-09 1.2825E-09 1.3091E-09 1.3356E-09 1.3645E-09 1.3978E-09 1.4306E-09 1.4625E-09 1.4923E-09 1.5203E-09 1.5476E-09 1.5748E-09 1.6068E-09 1.6429E-09 1.6773E-09 1.7091E-09 1.7367E-09 1.7631E-09 1.7888E-09 1.8136E-09 1.8455E-09 1.8691E-09 1.9004E-09 1.9219E-09 1.9576E-09 1.9778E-09 2.0047E-09 2.0221E-09 2.0446E-09 2.0583E-09 2.0697E-09 2.0785E-09 2.0838E-09 2.0933E-09 2.1425E-09 2.2052E-09 2.2504E-09 2.2783E-09 2.3156E-09 2.3728E-09 2.4225E-09 2.4943E-09 2.5423E-09 2.6444E-09 2.7642E-09 2.9314E-09 3.0752E-09
9.4826E-10 9.7274E-10 9.9739E-10 1.0222E-09 1.0472E-09 1.0723E-09 1.0975E-09 1.1228E-09 1.1481E-09 1.1735E-09 1.1988E-09 1.2240E-09 1.2492E-09 1.2744E-09 1.2995E-09 1.3244E-09 1.3513E-09 1.3826E-09 1.4132E-09 1.4425E-09 1.4701E-09 1.4961E-09 1.5214E-09 1.5461E-09 1.5756E-09 1.6092E-09 1.6420E-09 1.6695E-09 1.6937E-09 1.7168E-09 1.7390E-09 1.7599E-09 1.7797E-09 1.7982E-09 1.8153E-09 1.8396E-09 1.8630E-09 1.8854E-09 1.9059E-09 1.9175E-09 1.9271E-09 1.9344E-09 1.9395E-09 1.9490E-09 1.9493E-09 1.9420E-09 1.9686E-09 2.0057E-09 2.0187E-09 2.0307E-09 2.0445E-09 2.0827E-09 2.0988E-09 2.1290E-09 2.1502E-09 2.2094E-09 2.2866E-09
8.9984E-10 9.2364E-10 9.4683E-10 9.7343E-10 9.9862E-10 1.0232E-09 1.0479E-09 1.0718E-09 1.0958E-09 1.1198E-09 1.1438E-09 1.1677E-09 1.1917E-09 1.2155E-09 1.2393E-09 1.2629E-09 1.2864E-09 1.3098E-09 1.3344E-09 1.3623E-09 1.3903E-09 1.4175E-09 1.4433E-09 1.4676E-09 1.4905E-09 1.5126E-09 1.5388E-09 1.5690E-09 1.5985E-09 1.6224E-09 1.6435E-09 1.6634E-09 1.6819E-09 1.6991E-09 1.7150E-09 1.7294E-09 1.7423E-09 1.7537E-09 1.7722E-09 1.7894E-09 1.7971E-09 1.8106E-09 1.8147E-09 1.8168E-09 1.8168E-09 1.8147E-09 1.8105E-09 1.8040E-09 1.8104E-09 1.8214E-09 1.8209E-09 1.8147E-09 1.8044E-09 1.8127E-09 1.8095E-09 1.8275E-09 1.8220E-09
8.5347E-10 8.7667E-10 8.9845E-10 9.2368E-10 9.4579E-10 9.6797E-10 9.9687E-10 1.0211E-09 1.0453E-09 1.0680E-09 1.0908E-09 1.1135E-09 1.1362E-09 1.1589E-09 1.1814E-09 1.2038E-09 1.2261E-09 1.2483E-09 1.2703E-09 1.2920E-09 1.3142E-09 1.3382E-09 1.3628E-09 1.3871E-09 1.4108E-09 1.4333E-09 1.4545E-09 1.4746E-09 1.4968E-09 1.5231E-09 1.5476E-09 1.5683E-09 1.5865E-09 1.6030E-09 1.6181E-09 1.6317E-09 1.6438E-09 1.6544E-09 1.6635E-09 1.6711E-09 1.6769E-09 1.6894E-09 1.6924E-09 1.6936E-09 1.7007E-09 1.6984E-09 1.6942E-09 1.6881E-09 1.6804E-09 1.6707E-09 1.6630E-09 1.6499E-09 1.6419E-09 1.6296E-09 1.6193E-09 1.6151E-09 1.5981E-09
8.0757E-10 8.3102E-10 8.5222E-10 8.7529E-10 8.9683E-10 9.2016E-10 9.4190E-10 9.6284E-10 9.8971E-10 1.0151E-09 1.0390E-09 1.0613E-09 1.0829E-09 1.1043E-09 1.1257E-09 1.1470E-09 1.1682E-09 1.1892E-09 1.2101E-09 1.2307E-09 1.2510E-09 1.2710E-09 1.2908E-09 1.3114E-09 1.3326E-09 1.3535E-09 1.3741E-09 1.3939E-09 1.4127E-09 1.4306E-09 1.4488E-09 1.4699E-09 1.4901E-09 1.5077E-09 1.5227E-09 1.5361E-09 1.5478E-09 1.5580E-09 1.5666E-09 1.5736E-09 1.5791E-09 1.5830E-09 1.5852E-09 1.5860E-09 1.5851E-09 1.5827E-09 1.5787E-09 1.5734E-09 1.5665E-09 1.5582E-09 1.5483E-09 1.5375E-09 1.5252E-09 1.5129E-09 1.4991E-09 1.4842E-09 1.4714E-09
7.7002E-10 7.8902E-10 8.0813E-10 8.2904E-10 8.5007E-10 8.7125E-10 8.9251E-10 9.1213E-10 9.3523E-10 9.5500E-10 9.7911E-10 1.0050E-09 1.0292E-09 1.0511E-09 1.0722E-09 1.0924E-09 1.1126E-09 1.1325E-09 1.1523E-09 1.1718E-09 1.1910E-09 1.2100E-09 1.2286E-09 1.2468E-09 1.2646E-09 1.2825E-09 1.3003E-09 1.3179E-09 1.3351E-09 1.3516E-09 1.3673E-09 1.3821E-09 1.3968E-09 1.4124E-09 1.4278E-09 1.4417E-09 1.4538E-09 1.4639E-09 1.4724E-09 1.4794E-09 1.4848E-09 1.4888E-09 1.4914E-09 1.4924E-09 1.4921E-09 1.4903E-09 1.4871E-09 1.4825E-09 1.4764E-09 1.4692E-09 1.4606E-09 1.4512E-09 1.4404E-09 1.4286E-09 1.4144E-09 1.4005E-09 1.3864E-09
7.3604E-10 7.5408E-10 7.7221E-10 7.9043E-10 8.0871E-10 8.2703E-10 8.4537E-10 8.6377E-10 8.8569E-10 9.0422E-10 9.2275E-10 9.4476E-10 9.6776E-10 9.9246E-10 1.0139E-09 1.0362E-09 1.0583E-09 1.0780E-09 1.0967E-09 1.1152E-09 1.1335E-09 1.1514E-09 1.1691E-09 1.1863E-09 1.2033E-09 1.2197E-09 1.2356E-09 1.2509E-09 1.2658E-09 1.2804E-09 1.2944E-09 1.3078E-09 1.3205E-09 1.3322E-09 1.3431E-09 1.3543E-09 1.3650E-09 1.3749E-09 1.3834E-09 1.3907E-09 1.3963E-09 1.4006E-09 1.4035E-09 1.4050E-09 1.4051E-09 1.4039E-09 1.4014E-09 1.3977E-09 1.3928E-09 1.3867E-09 1.3781E-09 1.3701E-09 1.3602E-09 1.3502E-09 1.3379E-09 1.3257E-09 1.3124E-09
7.0310E-10 7.2020E-10 7.3740E-10 7.5467E-10 7.7199E-10 7.8935E-10 8.0679E-10 8.2425E-10 8.4173E-10 8.5921E-10 8.7666E-10 8.9408E-10 9.1145E-10 9.3059E-10 9.5424E-10 9.7612E-10 9.9800E-10 1.0189E-09 1.0389E-09 1.0579E-09 1.0751E-09 1.0952E-09 1.1120E-09 1.1284E-09 1.1444E-09 1.1599E-09 1.1749E-09 1.1893E-09 1.2033E-09 1.2165E-09 1.2292E-09 1.2411E-09 1.2524E-09 1.2630E-09 1.2727E-09 1.2817E-09 1.2899E-09 1.2974E-09 1.3045E-09 1.3107E-09 1.3160E-09 1.3201E-09 1.3230E-09 1.3248E-09 1.3254E-09 1.3233E-09 1.3217E-09 1.3183E-09 1.3145E-09 1.3096E-09 1.3022E-09 1.2946E-09 1.2860E-09 1.2772E-09 1.2662E-09 1.2549E-09 1.2429E-09
6.7118E-10 6.8739E-10 7.0369E-10 7.2004E-10 7.3646E-10 7.5295E-10 7.6949E-10 7.8606E-10 8.0265E-10 8.1922E-10 8.3579E-10 8.5232E-10 8.6882E-10 8.8526E-10 9.0161E-10 9.1787E-10 9.3858E-10 9.5924E-10 9.7983E-10 9.9857E-10 1.0164E-09 1.0347E-09 1.0513E-09 1.0667E-09 1.0849E-09 1.0995E-09 1.1136E-09 1.1280E-09 1.1411E-09 1.1544E-09 1.1663E-09 1.1791E-09 1.1896E-09 1.1995E-09 1.2085E-09 1.2153E-09 1.2228E-09 1.2295E-09 1.2353E-09 1.2395E-09 1.2437E-09 1.2472E-09 1.2498E-09 1.2515E-09 1.2522E-09 1.2496E-09 1.2483E-09 1.2453E-09 1.2421E-09 1.2379E-09 1.2312E-09 1.2244E-09 1.2167E-09 1.2090E-09 1.1989E-09 1.1888E-09 1.1779E-09
6.4028E-10 6.5564E-10 6.7107E-10 6.8657E-10 7.0216E-10 7.1779E-10 7.3348E-10 7.4919E-10 7.6491E-10 7.8064E-10 7.9635E-10 8.1205E-10 8.2771E-10 8.4331E-10 8.5884E-10 8.7427E-10 8.8961E-10 9.0482E-10 9.2169E-10 9.3939E-10 9.5871E-10 9.7533E-10 9.9251E-10 1.0077E-09 1.0251E-09 1.0387E-09 1.0520E-09 1.0680E-09 1.0803E-09 1.0921E-09 1.1033E-09 1.1146E-09 1.1245E-09 1.1338E-09 1.1424E-09 1.1503E-09 1.1574E-09 1.1637E-09 1.1693E-09 1.1740E-09 1.1779E-09 1.1810E-09 1.1832E-09 1.1839E-09 1.1828E-09 1.1825E-09 1.1806E-09 1.1785E-09 1.1756E-09 1.1719E-09 1.1649E-09 1.1587E-09 1.1526E-09 1.1456E-09 1.1362E-09 1.1269E-09 1.1169E-09
6.0330E-10 6.1956E-10 6.3595E-10 6.5175E-10 6.6903E-10 6.8386E-10 6.9873E-10 7.1361E-10 7.2852E-10 7.4343E-10 7.5835E-10 7.7324E-10 7.8809E-10 8.0290E-10 8.1763E-10 8.3230E-10 8.4686E-10 8.6130E-10 8.7563E-10 8.8979E-10 9.0380E-10 9.1931E-10 9.3550E-10 9.5060E-10 9.6707E-10 9.8071E-10 9.9308E-10 1.0084E-09 1.0199E-09 1.0309E-09 1.0422E-09 1.0546E-09 1.0640E-09 1.0727E-09 1.0808E-09 1.0882E-09 1.0949E-09 1.1009E-09 1.1062E-09 1.1107E-09 1.1145E-09 1.1174E-09 1.1180E-09 1.1194E-09 1.1200E-09 1.1190E-09 1.1180E-09 1.1162E-09 1.1136E-09 1.1085E-09 1.1036E-09 1.0978E-09 1.0921E-09 1.0856E-09 1.0767E-09 1.0680E-09 1.0587E-09
5.6806E-10 5.8337E-10 5.9882E-10 6.1305E-10 6.2799E-10 6.4489E-10 6.6521E-10 6.7933E-10 6.9346E-10 7.0760E-10 7.2174E-10 7.3586E-10 7.4996E-10 7.6399E-10 7.7799E-10 7.9189E-10 8.0572E-10 8.1945E-10 8.3304E-10 8.4652E-10 8.5973E-10 8.7272E-10 8.8544E-10 8.9787E-10 9.1001E-10 9.2449E-10 9.3688E-10 9.5147E-10 9.6222E-10 9.7249E-10 9.8569E-10 9.9501E-10 1.0038E-09 1.0128E-09 1.0204E-09 1.0274E-09 1.0345E-09 1.0402E-09 1.0452E-09 1.0495E-09 1.0531E-09 1.0560E-09 1.0573E-09 1.0587E-09 1.0594E-09 1.0593E-09 1.0584E-09 1.0568E-09 1.0536E-09 1.0488E-09 1.0450E-09 1.0396E-09 1.0343E-09 1.0283E-09 1.0200E-09 1.0118E-09 1.0031E-09
5.3455E-10 5.4892E-10 5.6344E-10 5.7803E-10 5.9140E-10 6.0551E-10 6.1896E-10 6.3636E-10 6.5845E-10 6.7311E-10 6.8650E-10 6.9990E-10 7.1325E-10 7.2658E-10 7.3984E-10 7.5304E-10 7.6617E-10 7.7919E-10 7.9212E-10 8.0481E-10 8.1734E-10 8.2961E-10 8.4164E-10 8.5342E-10 8.6488E-10 8.7602E-10 8.8678E-10 8.9717E-10 9.0714E-10 9.1844E-10 9.2934E-10 9.3803E-10 9.4705E-10 9.5733E-10 9.6447E-10 9.7105E-10 9.7701E-10 9.8238E-10 9.8794E-10 9.9202E-10 9.9546E-10 9.9821E-10 1.0003E-09 1.0017E-09 1.0023E-09 1.0023E-09 1.0007E-09 9.9931E-10 9.9548E-10 9.9265E-10 9.8829E-10 9.8409E-10 9.7921E-10 9.7366E-10 9.6495E-10 9.5818E-10 9.4996E-10
5.0275E-10 5.1428E-10 5.2849E-10 5.4219E-10 5.5596E-10 5.6918E-10 5.8309E-10 5.9706E-10 6.0905E-10 6.2634E-10 6.4583E-10 6.6405E-10 6.7797E-10 6.9059E-10 7.0318E-10 7.1571E-10 7.2815E-10 7.4052E-10 7.5269E-10 7.6473E-10 7.7655E-10 7.8816E-10 7.9955E-10 8.1066E-10 8.2150E-10 8.3200E-10 8.4218E-10 8.5198E-10 8.6139E-10 8.7041E-10 8.7900E-10 8.8714E-10 8.9482E-10 9.0199E-10 9.0867E-10 9.1480E-10 9.2127E-10 9.2719E-10 9.3339E-10 9.3728E-10 9.4053E-10 9.4317E-10 9.4516E-10 9.4652E-10 9.4721E-10 9.4552E-10 9.4492E-10 9.4365E-10 9.4086E-10 9.3828E-10 9.3504E-10 9.3117E-10 9.2666E-10 9.2153E-10 9.1496E-10 9.0864E-10 9.0174E-10
4.7967E-10 4.9061E-10 5.0158E-10 5.1258E-10 5.2361E-10 5.3465E-10 5.4772E-10 5.6087E-10 5.7201E-10 5.8520E-10 5.9839E-10 6.1496E-10 6.3371E-10 6.5055E-10 6.6612E-10 6.7983E-10 6.9165E-10 7.0329E-10 7.1483E-10 7.2617E-10 7.3735E-10 7.4834E-10 7.5909E-10 7.6959E-10 7.7980E-10 7.8973E-10 7.9932E-10 8.0858E-10 8.1748E-10 8.2600E-10 8.3412E-10 8.4183E-10 8.4908E-10 8.5589E-10 8.6219E-10 8.6802E-10 8.7333E-10 8.7809E-10 8.8233E-10 8.8599E-10 8.8910E-10 8.9160E-10 8.9352E-10 8.9484E-10 8.9555E-10 8.9564E-10 8.9511E-10 8.9395E-10 8.9217E-10 8.8978E-10 8.8677E-10 8.8316E-10 8.7896E-10 8.7416E-10 8.6879E-10 8.6286E-10 8.5638E-10
4.5726E-10 4.6763E-10 4.7803E-10 4.8847E-10 4.9893E-10 5.0940E-10 5.1988E-10 5.3035E-10 5.4082E-10 5.5124E-10 5.6165E-10 5.7268E-10 5.8441E-10 6.0233E-10 6.1974E-10 6.3516E-10 6.4925E-10 6.6393E-10 6.7658E-10 6.8916E-10 6.9972E-10 7.1009E-10 7.2024E-10 7.3013E-10 7.3978E-10 7.4914E-10 7.5820E-10 7.6695E-10 7.7536E-10 7.8341E-10 7.9109E-10 7.9837E-10 8.0525E-10 8.1167E-10 8.1767E-10 8.2318E-10 8.2821E-10 8.3276E-10 8.3677E-10 8.4028E-10 8.4323E-10 8.4564E-10 8.4748E-10 8.4876E-10 8.4947E-10 8.4959E-10 8.4912E-10 8.4806E-10 8.4641E-10 8.4418E-10 8.4138E-10 8.3801E-10 8.3408E-10 8.2960E-10 8.2456E-10 8.1780E-10 8.1118E-10
4.3555E-10 4.4536E-10 4.5523E-10 4.6512E-10 4.7504E-10 4.8496E-10 4.9489E-10 5.0483E-10 5.1473E-10 5.2463E-10 5.3448E-10 5.4430E-10 5.5406E-10 5.6376E-10 5.7341E-10 5.8784E-10 6.0514E-10 6.1902E-10 6.3286E-10 6.4529E-10 6.5701E-10 6.6855E-10 6.7930E-10 6.9046E-10 7.0138E-10 7.1021E-10 7.1877E-10 7.2703E-10 7.3498E-10 7.4259E-10 7.4985E-10 7.5675E-10 7.6324E-10 7.6935E-10 7.7502E-10 7.8025E-10 7.8504E-10 7.8935E-10 7.9318E-10 7.9651E-10 7.9934E-10 8.0165E-10 8.0343E-10 8.0467E-10 8.0537E-10 8.0551E-10 8.0509E-10 8.0413E-10 8.0261E-10 8.0055E-10 7.9615E-10 7.9304E-10 7.8821E-10 7.8349E-10 7.7886E-10 7.7192E-10 7.6634E-10
4.1452E-10 4.2382E-10 4.3316E-10 4.4254E-10 4.5192E-10 4.6132E-10 4.7074E-10 4.8013E-10 4.8954E-10 4.9890E-10 5.0825E-10 5.1755E-10 5.2680E-10 5.3601E-10 5.4512E-10 5.5420E-10 5.6316E-10 5.7273E-10 5.8784E-10 6.0224E-10 6.1384E-10 6.2599E-10 6.3671E-10 6.4722E-10 6.5756E-10 6.6641E-10 6.7566E-10 6.8528E-10 6.9274E-10 6.9990E-10 7.0736E-10 7.1509E-10 7.2125E-10 7.2701E-10 7.3299E-10 7.3796E-10 7.4250E-10 7.4660E-10 7.5025E-10 7.5344E-10 7.5555E-10 7.5778E-10 7.5951E-10 7.6073E-10 7.6021E-10 7.6041E-10 7.5950E-10 7.5866E-10 7.5732E-10 7.5424E-10 7.5131E-10 7.4848E-10 7.4334E-10 7.3956E-10 7.3530E-10 7.2874E-10 7.2359E-10
3.9419E-10 4.0300E-10 4.1184E-10 4.2071E-10 4.2960E-10 4.3850E-10 4.4740E-10 4.5631E-10 4.6520E-10 4.7408E-10 4.8292E-10 4.9174E-10 5.0051E-10 5.0921E-10 5.1789E-10 5.2646E-10 5.3498E-10 5.4339E-10 5.5171E-10 5.5989E-10 5.7068E-10 5.8284E-10 5.9422E-10 6.0413E-10 6.1452E-10 6.2347E-10 6.3283E-10 6.4197E-10 6.4956E-10 6.5753E-10 6.6455E-10 6.7196E-10 6.7773E-10 6.8317E-10 6.8825E-10 6.9356E-10 6.9787E-10 7.0177E-10 7.0650E-10 7.0955E-10 7.1092E-10 7.1307E-10 7.1476E-10 7.1536E-10 7.1610E-10 7.1636E-10 7.1613E-10 7.1542E-10 7.1299E-10 7.1074E-10 7.0864E-10 7.0482E-10 7.0119E-10 6.9773E-10 6.9255E-10 6.8761E-10 6.8160E-10
3.7456E-10 3.8290E-10 3.9126E-10 3.9965E-10 4.0806E-10 4.1647E-10 4.2490E-10 4.3332E-10 4.4174E-10 4.5013E-10 4.5851E-10 4.6686E-10 4.7515E-10 4.8343E-10 4.9161E-10 4.9977E-10 5.0783E-10 5.1580E-10 5.2367E-10 5.3140E-10 5.3901E-10 5.4648E-10 5.5379E-10 5.6302E-10 5.7285E-10 5.8323E-10 5.9206E-10 6.0072E-10 6.0783E-10 6.1537E-10 6.2333E-10 6.2903E-10 6.3509E-10 6.4148E-10 6.4626E-10 6.5261E-10 6.5669E-10 6.6040E-10 6.6371E-10 6.6663E-10 6.6912E-10 6.7120E-10 6.7283E-10 6.7402E-10 6.7476E-10 6.7506E-10 6.7365E-10 6.7245E-10 6.7142E-10 6.6996E-10 6.6679E-10 6.6385E-10 6.6110E-10 6.5792E-10 6.5243E-10 6.4846E-10 6.4281E-10
3.5563E-10 3.6350E-10 3.7141E-10 3.7934E-10 3.8728E-10 3.9525E-10 4.0321E-10 4.1118E-10 4.1913E-10 4.2708E-10 4.3501E-10 4.4289E-10 4.5077E-10 4.5857E-10 4.6636E-10 4.7406E-10 4.8170E-10 4.8924E-10 4.9667E-10 5.0400E-10 5.1119E-10 5.1826E-10 5.2520E-10 5.3199E-10 5.3862E-10 5.4506E-10 5.5133E-10 5.6015E-10 5.6747E-10 5.7592E-10 5.8282E-10 5.8879E-10 5.9517E-10 6.0193E-10 6.0641E-10 6.1058E-10 6.1506E-10 6.1985E-10 6.2300E-10 6.2577E-10 6.2815E-10 6.3012E-10 6.3170E-10 6.3286E-10 6.3362E-10 6.3397E-10 6.3390E-10 6.3341E-10 6.3124E-10 6.2930E-10 6.2760E-10 6.2549E-10 6.2298E-10 6.1877E-10 6.1486E-10 6.1121E-10 6.0590E-10
