Assets/Resources/2015_m01_d11_2000(utc+0800)_l00_csi_1hr_conc.grd
DSAA
         159         159
     -79.000      79.000
     -79.000      79.000
  0.0000E+00  0.8392E-05
[rows 50 to 74 of 159, columns 0 to 56 of 159]
1.7169E-10 2.0053E-10 2.3163E-10 2.6624E-10 3.0397E-10 3.4582E-10 3.9264E-10 4.4334E-10 4.9988E-10 5.6189E-10 6.2905E-10 7.0638E-10 7.8845E-10 8.7962E-10 9.8091E-10 1.0874E-09 1.2085E-09 1.3430E-09 1.4858E-09 1.6457E-09 1.8203E-09 2.0108E-09 2.2227E-09 2.4510E-09 2.7073E-09 2.9933E-09 3.3275E-09 3.7070E-09 4.1313E-09 4.6148E-09 5.1896E-09 5.8425E-09 6.5736E-09 7.4480E-09 8.4540E-09 9.5823E-09 1.0867E-08 1.2358E-08 1.4034E-08 1.6142E-08 1.8262E-08 2.0886E-08 2.4539E-08 2.8471E-08 3.2367E-08 3.7594E-08 4.2600E-08 4.8007E-08 5.2697E-08 5.6694E-08 6.0422E-08 6.2943E-08 6.4246E-08 6.3608E-08 6.3611E-08 5.9991E-08 5.5859E-08
1.4240E-10 1.6711E-10 1.9439E-10 2.2416E-10 2.5669E-10 2.9276E-10 3.3272E-10 3.7647E-10 4.2483E-10 4.7919E-10 5.3707E-10 6.0119E-10 6.7642E-10 7.5737E-10 8.4682E-10 9.4172E-10 1.0487E-09 1.1687E-09 1.2964E-09 1.4401E-09 1.5995E-09 1.7716E-09 1.9646E-09 2.1733E-09 2.4122E-09 2.6783E-09 2.9914E-09 3.3506E-09 3.7577E-09 4.2242E-09 4.7876E-09 5.4323E-09 6.1613E-09 7.0499E-09 8.0826E-09 9.2530E-09 1.0619E-08 1.2341E-08 1.4251E-08 1.6464E-08 1.9458E-08 2.3530E-08 2.7142E-08 3.2441E-08 3.7820E-08 4.3805E-08 4.9474E-08 5.4820E-08 5.9024E-08 6.4896E-08 6.7611E-08 6.9758E-08 7.2029E-08 7.2294E-08 7.1197E-08 6.9011E-08 6.4876E-08
1.1611E-10 1.3803E-10 1.6225E-10 1.8773E-10 2.1533E-10 2.4629E-10 2.8049E-10 3.1816E-10 3.5970E-10 4.0616E-10 4.5628E-10 5.1155E-10 5.7244E-10 6.4789E-10 7.2632E-10 8.0963E-10 9.0198E-10 1.0088E-09 1.1215E-09 1.2503E-09 1.3932E-09 1.5480E-09 1.7223E-09 1.9121E-09 2.1306E-09 2.3756E-09 2.6677E-09 3.0047E-09 3.3910E-09 3.8374E-09 4.3836E-09 5.0166E-09 5.7387E-09 6.6358E-09 7.6942E-09 8.9525E-09 1.0503E-08 1.2304E-08 1.4684E-08 1.8260E-08 2.1384E-08 2.6221E-08 3.1378E-08 3.6303E-08 4.3194E-08 4.8926E-08 5.3495E-08 5.9870E-08 6.5117E-08 6.9919E-08 7.4662E-08 7.8068E-08 8.0340E-08 8.1680E-08 8.1098E-08 7.8740E-08 7.4912E-08
9.1168E-11 1.1080E-10 1.3148E-10 1.5483E-10 1.7947E-10 2.0583E-10 2.3507E-10 2.6645E-10 3.0170E-10 3.4087E-10 3.8522E-10 4.3213E-10 4.8459E-10 5.4269E-10 6.1474E-10 6.9064E-10 7.7100E-10 8.6388E-10 9.6264E-10 1.0770E-09 1.2040E-09 1.3404E-09 1.4960E-09 1.6675E-09 1.8659E-09 2.0890E-09 2.3576E-09 2.6718E-09 3.0347E-09 3.4589E-09 3.9843E-09 4.6016E-09 5.3162E-09 6.2385E-09 7.4129E-09 8.7169E-09 1.0491E-08 1.3395E-08 1.5796E-08 1.9916E-08 2.4383E-08 2.8223E-08 3.4119E-08 3.9623E-08 4.5361E-08 5.2024E-08 5.8320E-08 6.4460E-08 7.0939E-08 7.6604E-08 8.1579E-08 8.6226E-08 8.9366E-08 9.0956E-08 9.0148E-08 8.8735E-08 8.4002E-08
6.1749E-11 8.3995E-11 1.0427E-10 1.2482E-10 1.4583E-10 1.6984E-10 1.9512E-10 2.2181E-10 2.5129E-10 2.8521E-10 3.2156E-10 3.6164E-10 4.0611E-10 4.5542E-10 5.0964E-10 5.7815E-10 6.5349E-10 7.3215E-10 8.1825E-10 9.1954E-10 1.0305E-09 1.1487E-09 1.2879E-09 1.4416E-09 1.6194E-09 1.8189E-09 2.0645E-09 2.3553E-09 2.6931E-09 3.0935E-09 3.5978E-09 4.2057E-09 4.9815E-09 5.9143E-09 7.1834E-09 9.2904E-09 1.1016E-08 1.3773E-08 1.7100E-08 2.0799E-08 2.5601E-08 3.0601E-08 3.5984E-08 4.2244E-08 4.8592E-08 5.5132E-08 6.2246E-08 6.9126E-08 7.5746E-08 8.1159E-08 8.8076E-08 9.1859E-08 9.5625E-08 9.8650E-08 9.9297E-08 9.7911E-08 9.4790E-08
3.1029E-11 5.0490E-11 7.4118E-11 9.5410E-11 1.1546E-10 1.3528E-10 1.5726E-10 1.8186E-10 2.0729E-10 2.3548E-10 2.6563E-10 3.0020E-10 3.3842E-10 3.8016E-10 4.2707E-10 4.7662E-10 5.4067E-10 6.1721E-10 6.9115E-10 7.7469E-10 8.7156E-10 9.7519E-10 1.0983E-09 1.2346E-09 1.3881E-09 1.5674E-09 1.7909E-09 2.0579E-09 2.3710E-09 2.7507E-09 3.2852E-09 3.8807E-09 4.6596E-09 5.8921E-09 7.3597E-09 9.0793E-09 1.1578E-08 1.4513E-08 1.8184E-08 2.2217E-08 2.6739E-08 3.2115E-08 3.7815E-08 4.3887E-08 4.9826E-08 5.7823E-08 6.3723E-08 7.0481E-08 7.8137E-08 8.4900E-08 9.1462E-08 9.7873E-08 1.0280E-07 1.0617E-07 1.0859E-07 1.0806E-07 1.0354E-07
1.0065E-11 1.9349E-11 3.7163E-11 6.4110E-11 8.4553E-11 1.0329E-10 1.2268E-10 1.4290E-10 1.6628E-10 1.9073E-10 2.1664E-10 2.4552E-10 2.7762E-10 3.1194E-10 3.5332E-10 3.9542E-10 4.4115E-10 4.9005E-10 5.7446E-10 6.4698E-10 7.2689E-10 8.2121E-10 9.2480E-10 1.0427E-09 1.1769E-09 1.3371E-09 1.5397E-09 1.7848E-09 2.0950E-09 2.4658E-09 2.9585E-09 3.6637E-09 4.6714E-09 5.7908E-09 7.5214E-09 9.5587E-09 1.2186E-08 1.5232E-08 1.8674E-08 2.2364E-08 2.7550E-08 3.2202E-08 3.7273E-08 4.3768E-08 5.0181E-08 5.7089E-08 6.4787E-08 7.2361E-08 8.0068E-08 8.8163E-08 9.5623E-08 1.0215E-07 1.0874E-07 1.1321E-07 1.1402E-07 1.1458E-07 1.1255E-07
1.3265E-12 5.6604E-12 1.3130E-11 2.5874E-11 5.0236E-11 7.2626E-11 9.1313E-11 1.0844E-10 1.2789E-10 1.4842E-10 1.7128E-10 1.9650E-10 2.2326E-10 2.5372E-10 2.8696E-10 3.2287E-10 3.6234E-10 4.0414E-10 4.4835E-10 5.3134E-10 6.0365E-10 6.7924E-10 7.6723E-10 8.6848E-10 9.8954E-10 1.1260E-09 1.3128E-09 1.5523E-09 1.8340E-09 2.2348E-09 2.9008E-09 3.5674E-09 4.6476E-09 6.0002E-09 7.5611E-09 9.8374E-09 1.2266E-08 1.4691E-08 1.8267E-08 2.1987E-08 2.6297E-08 3.1553E-08 3.7065E-08 4.3118E-08 5.0131E-08 5.7316E-08 6.4860E-08 7.3223E-08 8.1475E-08 8.9256E-08 9.6457E-08 1.0422E-07 1.0951E-07 1.1398E-07 1.1852E-07 1.1960E-07 1.1902E-07
0.0000E+00 3.7908E-13 2.5200E-12 7.9990E-12 1.6440E-11 3.7852E-11 6.1053E-11 7.8869E-11 9.4575E-11 1.1189E-10 1.3075E-10 1.5103E-10 1.7423E-10 2.0033E-10 2.2774E-10 2.5899E-10 2.9298E-10 3.2790E-10 3.6582E-10 4.0556E-10 4.8152E-10 5.5282E-10 6.3293E-10 7.1653E-10 8.1952E-10 9.5043E-10 1.1236E-09 1.3587E-09 1.7405E-09 2.1105E-09 2.7925E-09 3.6132E-09 4.4324E-09 5.8389E-09 7.3528E-09 9.1531E-09 1.1568E-08 1.4313E-08 1.7462E-08 2.1353E-08 2.5674E-08 3.0529E-08 3.6235E-08 4.2338E-08 4.8988E-08 5.5540E-08 6.3683E-08 7.0630E-08 7.8624E-08 8.7262E-08 9.4805E-08 1.0096E-07 1.0889E-07 1.1399E-07 1.1857E-07 1.2233E-07 1.2452E-07
0.0000E+00 0.0000E+00 2.7797E-14 3.1844E-13 3.4672E-12 9.4540E-12 2.3444E-11 4.7229E-11 6.6371E-11 8.2728E-11 9.6595E-11 1.1290E-10 1.3044E-10 1.5210E-10 1.7583E-10 2.0178E-10 2.3054E-10 2.6014E-10 2.9268E-10 3.2565E-10 3.6087E-10 4.1605E-10 5.0402E-10 5.8505E-10 6.7271E-10 8.0296E-10 1.0223E-09 1.2277E-09 1.5603E-09 2.0038E-09 2.5618E-09 3.3568E-09 4.2727E-09 5.4446E-09 6.9890E-09 8.7640E-09 1.0877E-08 1.3637E-08 1.6689E-08 2.0216E-08 2.4077E-08 2.9308E-08 3.3749E-08 3.9375E-08 4.5992E-08 5.2657E-08 5.9803E-08 6.7920E-08 7.5530E-08 8.1713E-08 9.0425E-08 9.6646E-08 1.0326E-07 1.1007E-07 1.1682E-07 1.2309E-07 1.2827E-07
0.0000E+00 0.0000E+00 0.0000E+00 0.0000E+00 0.0000E+00 9.2404E-13 4.6725E-12 1.4897E-11 3.3990E-11 5.1120E-11 6.8717E-11 8.4354E-11 9.6998E-11 1.1162E-10 1.3083E-10 1.5258E-10 1.7545E-10 2.0149E-10 2.2937E-10 2.5642E-10 2.8655E-10 3.1615E-10 3.4711E-10 4.4040E-10 5.4286E-10 6.8978E-10 8.5464E-10 1.0975E-09 1.4197E-09 1.8613E-09 2.4111E-09 3.0790E-09 3.9811E-09 5.0976E-09 6.4287E-09 7.9925E-09 1.0180E-08 1.2339E-08 1.4982E-08 1.8368E-08 2.2037E-08 2.6376E-08 3.1379E-08 3.6774E-08 4.2616E-08 4.9383E-08 5.6009E-08 6.1446E-08 6.9409E-08 7.5175E-08 8.1497E-08 8.8442E-08 9.5990E-08 1.0415E-07 1.1272E-07 1.2134E-07 1.2932E-07
0.0000E+00 0.0000E+00 0.0000E+00 0.0000E+00 0.0000E+00 0.0000E+00 0.0000E+00 1.2258E-12 6.8801E-12 2.2668E-11 3.7923E-11 5.2018E-11 6.7518E-11 8.0971E-11 9.4560E-11 1.1132E-10 1.2987E-10 1.5189E-10 1.7467E-10 1.9849E-10 2.2286E-10 2.4783E-10 2.7298E-10 3.0203E-10 3.7674E-10 4.8246E-10 6.9938E-10 9.9402E-10 1.2891E-09 1.6494E-09 2.1291E-09 2.8071E-09 3.5298E-09 4.4265E-09 5.6897E-09 7.0903E-09 8.8348E-09 1.1081E-08 1.3561E-08 1.6514E-08 2.0135E-08 2.4084E-08 2.8434E-08 3.3640E-08 3.8954E-08 4.3268E-08 4.8927E-08 5.4568E-08 5.9785E-08 6.5491E-08 7.1885E-08 7.9061E-08 8.7136E-08 9.6180E-08 1.0602E-07 1.1642E-07 1.2688E-07
0.0000E+00 0.0000E+00 0.0000E+00 0.0000E+00 0.0000E+00 0.0000E+00 0.0000E+00 0.0000E+00 0.0000E+00 1.3024E-12 1.2386E-11 2.7010E-11 3.8139E-11 5.1813E-11 6.3188E-11 7.5301E-11 8.8569E-11 1.0773E-10 1.2858E-10 1.4599E-10 1.6915E-10 1.8972E-10 2.1102E-10 2.3224E-10 2.5744E-10 3.1475E-10 4.1643E-10 6.8134E-10 1.0284E-09 1.4161E-09 1.8089E-09 2.3310E-09 3.0287E-09 3.8837E-09 4.9375E-09 6.2707E-09 7.8266E-09 9.7722E-09 1.2100E-08 1.4755E-08 1.7786E-08 2.1097E-08 2.5019E-08 2.8609E-08 3.2479E-08 3.7220E-08 4.1196E-08 4.5530E-08 5.0314E-08 5.5662E-08 6.1799E-08 6.8794E-08 7.6921E-08 8.6166E-08 9.6655E-08 1.0819E-07 1.2039E-07
0.0000E+00 0.0000E+00 0.0000E+00 0.0000E+00 0.0000E+00 0.0000E+00 0.0000E+00 0.0000E+00 0.0000E+00 0.0000E+00 0.0000E+00 4.1384E-12 1.6230E-11 2.5554E-11 3.7191E-11 4.8503E-11 5.8046E-11 6.8510E-11 8.4613E-11 1.0371E-10 1.2011E-10 1.3968E-10 1.5871E-10 1.7550E-10 1.9598E-10 2.1844E-10 2.5082E-10 3.5316E-10 5.6894E-10 1.0487E-09 1.5313E-09 1.9792E-09 2.5595E-09 3.3470E-09 4.2680E-09 5.3801E-09 6.6945E-09 8.4722E-09 1.0180E-08 1.2371E-08 1.5027E-08 1.7779E-08 2.0382E-08 2.3898E-08 2.6797E-08 2.9935E-08 3.3261E-08 3.7033E-08 4.1239E-08 4.6015E-08 5.1545E-08 5.8051E-08 6.5661E-08 7.4577E-08 8.4933E-08 9.6705E-08 1.0978E-07
0.0000E+00 0.0000E+00 0.0000E+00 0.0000E+00 0.0000E+00 0.0000E+00 0.0000E+00 0.0000E+00 0.0000E+00 0.0000E+00 0.0000E+00 0.0000E+00 6.1619E-13 7.2447E-12 1.4440E-11 2.2684E-11 3.2962E-11 4.2065E-11 5.1267E-11 6.3767E-11 7.7539E-11 9.3539E-11 1.1082E-10 1.2646E-10 1.4183E-10 1.5920E-10 1.8513E-10 2.2243E-10 3.0363E-10 4.7423E-10 1.0106E-09 1.5995E-09 2.1402E-09 2.7001E-09 3.4758E-09 4.4282E-09 5.5293E-09 6.9055E-09 8.5337E-09 1.0328E-08 1.2067E-08 1.4461E-08 1.6427E-08 1.8593E-08 2.0924E-08 2.3427E-08 2.6196E-08 2.9304E-08 3.2815E-08 3.6839E-08 4.1593E-08 4.7198E-08 5.3940E-08 6.1928E-08 7.1467E-08 8.2620E-08 9.5584E-08
0.0000E+00 0.0000E+00 0.0000E+00 0.0000E+00 0.0000E+00 0.0000E+00 0.0000E+00 0.0000E+00 0.0000E+00 0.0000E+00 0.0000E+00 0.0000E+00 0.0000E+00 1.1024E-14 2.8608E-12 7.4764E-12 1.0847E-11 1.8196E-11 2.6817E-11 3.4400E-11 4.1728E-11 5.3750E-11 6.9972E-11 7.9439E-11 9.7115E-11 1.1102E-10 1.3276E-10 1.5760E-10 1.8352E-10 2.4815E-10 3.9152E-10 8.0655E-10 1.5503E-09 2.1486E-09 2.7946E-09 3.5901E-09 4.5423E-09 5.6413E-09 6.6888E-09 8.1801E-09 9.4701E-09 1.0936E-08 1.2443E-08 1.4093E-08 1.5944E-08 1.7908E-08 2.0049E-08 2.2458E-08 2.5276E-08 2.8431E-08 3.2240E-08 3.6814E-08 4.2363E-08 4.9038E-08 5.7137E-08 6.7037E-08 7.8950E-08
0.0000E+00 0.0000E+00 0.0000E+00 0.0000E+00 0.0000E+00 0.0000E+00 0.0000E+00 0.0000E+00 0.0000E+00 0.0000E+00 0.0000E+00 0.0000E+00 0.0000E+00 0.0000E+00 0.0000E+00 4.8547E-13 3.1810E-12 6.4003E-12 8.9912E-12 1.1430E-11 1.8417E-11 2.5101E-11 3.3955E-11 4.7902E-11 5.5141E-11 7.0519E-11 7.8928E-11 9.5780E-11 1.2171E-10 1.5223E-10 2.0396E-10 2.9926E-10 6.5801E-10 1.4712E-09 2.0968E-09 2.7439E-09 3.4341E-09 4.2612E-09 5.0916E-09 5.9945E-09 6.9819E-09 8.0503E-09 9.1925E-09 1.0455E-08 1.1804E-08 1.3270E-08 1.4839E-08 1.6656E-08 1.8703E-08 2.1069E-08 2.3913E-08 2.7357E-08 3.1554E-08 3.6712E-08 4.3165E-08 5.1225E-08 6.1346E-08
0.0000E+00 0.0000E+00 0.0000E+00 0.0000E+00 0.0000E+00 0.0000E+00 0.0000E+00 0.0000E+00 0.0000E+00 0.0000E+00 0.0000E+00 0.0000E+00 0.0000E+00 0.0000E+00 0.0000E+00 0.0000E+00 0.0000E+00 6.5043E-13 2.5385E-12 4.7803E-12 6.7753E-12 8.3599E-12 1.1005E-11 1.6156E-11 2.6128E-11 3.4280E-11 4.6242E-11 5.3910E-11 6.8621E-11 9.0170E-11 1.1903E-10 1.6121E-10 2.2772E-10 4.8609E-10 1.2019E-09 1.7611E-09 2.3545E-09 2.9340E-09 3.5582E-09 4.1920E-09 4.9303E-09 5.7041E-09 6.4988E-09 7.4096E-09 8.3963E-09 9.4069E-09 1.0519E-08 1.1808E-08 1.3244E-08 1.4799E-08 1.6801E-08 1.9199E-08 2.2146E-08 2.5819E-08 3.0442E-08 3.6541E-08 4.4428E-08
0.0000E+00 0.0000E+00 0.0000E+00 0.0000E+00 0.0000E+00 0.0000E+00 0.0000E+00 0.0000E+00 0.0000E+00 0.0000E+00 0.0000E+00 0.0000E+00 0.0000E+00 0.0000E+00 0.0000E+00 0.0000E+00 0.0000E+00 0.0000E+00 0.0000E+00 4.9671E-13 1.5951E-12 2.9400E-12 4.3875E-12 5.4672E-12 6.5423E-12 8.6435E-12 1.7906E-11 2.3104E-11 3.3205E-11 4.3086E-11 6.3265E-11 8.5919E-11 1.2609E-10 1.8070E-10 3.1357E-10 8.2208E-10 1.3498E-09 1.8150E-09 2.2699E-09 2.7728E-09 3.3000E-09 3.8362E-09 4.3788E-09 5.0066E-09 5.6580E-09 6.3085E-09 7.0643E-09 7.8866E-09 8.8055E-09 9.7942E-09 1.0985E-08 1.2503E-08 1.4401E-08 1.6731E-08 1.9817E-08 2.4005E-08 2.9462E-08
0.0000E+00 0.0000E+00 0.0000E+00 0.0000E+00 0.0000E+00 0.0000E+00 0.0000E+00 0.0000E+00 0.0000E+00 0.0000E+00 0.0000E+00 0.0000E+00 0.0000E+00 0.0000E+00 0.0000E+00 0.0000E+00 0.0000E+00 0.0000E+00 0.0000E+00 0.0000E+00 0.0000E+00 1.9450E-13 7.2335E-13 1.3657E-12 2.2067E-12 2.8589E-12 3.4869E-12 8.2827E-12 1.0939E-11 1.8584E-11 2.2698E-11 4.0992E-11 6.1621E-11 9.5270E-11 1.3579E-10 2.0022E-10 4.6224E-10 9.1586E-10 1.2873E-09 1.6583E-09 2.0296E-09 2.4147E-09 2.7941E-09 3.2017E-09 3.6015E-09 4.0072E-09 4.4787E-09 4.9564E-09 5.5008E-09 6.0589E-09 6.7352E-09 7.5514E-09 8.4575E-09 9.8923E-09 1.1801E-08 1.4241E-08 1.7691E-08
0.0000E+00 0.0000E+00 0.0000E+00 0.0000E+00 0.0000E+00 0.0000E+00 0.0000E+00 0.0000E+00 0.0000E+00 0.0000E+00 0.0000E+00 0.0000E+00 0.0000E+00 0.0000E+00 0.0000E+00 0.0000E+00 0.0000E+00 0.0000E+00 0.0000E+00 0.0000E+00 0.0000E+00 0.0000E+00 0.0000E+00 1.2526E-14 1.8697E-13 3.9059E-13 7.3700E-13 1.0425E-12 3.2310E-12 5.5633E-12 9.9256E-12 1.3496E-11 2.4178E-11 4.4608E-11 5.9228E-11 1.0964E-10 1.4221E-10 2.7638E-10 5.3706E-10 8.2524E-10 1.1078E-09 1.3688E-09 1.6252E-09 1.8932E-09 2.1394E-09 2.3840E-09 2.6477E-09 2.9038E-09 3.1623E-09 3.4320E-09 3.7779E-09 4.1435E-09 4.5968E-09 5.1721E-09 6.0664E-09 7.4614E-09 9.2469E-09
0.0000E+00 0.0000E+00 0.0000E+00 0.0000E+00 0.0000E+00 0.0000E+00 0.0000E+00 0.0000E+00 0.0000E+00 0.0000E+00 0.0000E+00 0.0000E+00 0.0000E+00 0.0000E+00 0.0000E+00 0.0000E+00 0.0000E+00 0.0000E+00 0.0000E+00 0.0000E+00 0.0000E+00 0.0000E+00 0.0000E+00 0.0000E+00 0.0000E+00 0.0000E+00 0.0000E+00 1.7451E-14 1.0568E-13 1.7866E-13 2.0337E-12 3.5430E-12 7.1227E-12 1.1798E-11 2.8326E-11 3.9857E-11 6.6080E-11 9.6750E-11 1.4439E-10 2.6872E-10 4.2777E-10 6.2760E-10 7.9674E-10 9.5238E-10 1.1246E-09 1.2691E-09 1.4014E-09 1.5129E-09 1.6067E-09 1.7384E-09 1.8191E-09 1.9912E-09 2.1711E-09 2.3795E-09 2.6225E-09 3.0854E-09 4.0405E-09
0.0000E+00 0.0000E+00 0.0000E+00 0.0000E+00 0.0000E+00 0.0000E+00 0.0000E+00 0.0000E+00 0.0000E+00 0.0000E+00 0.0000E+00 0.0000E+00 0.0000E+00 0.0000E+00 0.0000E+00 0.0000E+00 0.0000E+00 0.0000E+00 0.0000E+00 0.0000E+00 0.0000E+00 0.0000E+00 0.0000E+00 0.0000E+00 0.0000E+00 0.0000E+00 0.0000E+00 0.0000E+00 0.0000E+00 0.0000E+00 0.0000E+00 3.6770E-13 1.1974E-12 2.9101E-12 4.7020E-12 1.4171E-11 2.5494E-11 3.8732E-11 5.8026E-11 7.5503E-11 1.1657E-10 1.7821E-10 2.7888E-10 3.7156E-10 4.5649E-10 5.3165E-10 6.0458E-10 6.5396E-10 6.8422E-10 7.0086E-10 7.0580E-10 7.2565E-10 7.7995E-10 8.3046E-10 8.8973E-10 9.8492E-10 1.0987E-09
0.0000E+00 0.0000E+00 0.0000E+00 0.0000E+00 0.0000E+00 0.0000E+00 0.0000E+00 0.0000E+00 0.0000E+00 0.0000E+00 0.0000E+00 0.0000E+00 0.0000E+00 0.0000E+00 0.0000E+00 0.0000E+00 0.0000E+00 0.0000E+00 0.0000E+00 0.0000E+00 0.0000E+00 0.0000E+00 0.0000E+00 0.0000E+00 0.0000E+00 0.0000E+00 0.0000E+00 0.0000E+00 0.0000E+00 0.0000E+00 0.0000E+00 0.0000E+00 0.0000E+00 1.5779E-13 5.5135E-13 1.3693E-12 4.5368E-12 1.2855E-11 2.0636E-11 3.4140E-11 4.6546E-11 6.4808E-11 8.4178E-11 1.2354E-10 1.6265E-10 1.9632E-10 2.2790E-10 2.5011E-10 2.6149E-10 2.6168E-10 2.5110E-10 2.3455E-10 2.1413E-10 1.8976E-10 1.6180E-10 1.3938E-10 1.6705E-10
0.0000E+00 0.0000E+00 0.0000E+00 0.0000E+00 0.0000E+00 0.0000E+00 0.0000E+00 0.0000E+00 0.0000E+00 0.0000E+00 0.0000E+00 0.0000E+00 0.0000E+00 0.0000E+00 0.0000E+00 0.0000E+00 0.0000E+00 0.0000E+00 0.0000E+00 0.0000E+00 0.0000E+00 0.0000E+00 0.0000E+00 0.0000E+00 0.0000E+00 0.0000E+00 0.0000E+00 0.0000E+00 0.0000E+00 0.0000E+00 0.0000E+00 0.0000E+00 0.0000E+00 0.0000E+00 0.0000E+00 0.0000E+00 8.8126E-14 3.2027E-13 3.9008E-12 8.9211E-12 1.5597E-11 2.4508E-11 3.3972E-11 4.5815E-11 5.8838E-11 7.4369E-11 8.8771E-11 9.9035E-11 1.0825E-10 1.1197E-10 1.1053E-10 1.0658E-10 1.0074E-10 9.2425E-11 8.1769E-11 6.9338E-11 5.6025E-11
