Assets/Resources/2015_m01_d05_1800(utc+0800)_l00_csi_1hr_conc.grd
DSAA
         159         159
     -79.000      79.000
     -79.000      79.000
  0.4400E-12  0.3030E-05
[rows 25 to 49 of 159, columns 57 to 113 of 159]
4.1676E-12 8.3089E-12 4.1286E-11 1.2905E-10 3.1881E-10 6.7809E-10 1.2800E-09 2.1672E-09 3.3355E-09 4.6973E-09 6.1121E-09 7.4161E-09 8.5003E-09 9.3202E-09 9.8935E-09 1.0294E-08 1.0614E-08 1.0932E-08 1.1310E-08 1.1749E-08 1.2209E-08 1.2580E-08 1.2677E-08 1.2292E-08 1.1266E-08 9.5864E-09 7.4515E-09 5.2140E-09 3.2434E-09 1.7689E-09 8.3366E-10 3.3187E-10 1.0013E-10 1.7086E-11 3.4342E-12 3.4084E-12 3.3823E-12 3.3561E-12 3.3297E-12 3.3031E-12 3.2765E-12 3.2496E-12 3.2227E-12 3.1956E-12 3.1684E-12 3.1411E-12 3.1136E-12 3.0861E-12 3.0585E-12 3.0308E-12 3.0030E-12 2.9751E-12 2.9472E-12 2.9192E-12 2.8911E-12 2.8630E-12 2.8349E-12
4.1603E-12 8.2171E-12 4.3982E-11 1.3453E-10 3.3207E-10 7.1113E-10 1.3461E-09 2.2813E-09 3.5020E-09 4.9100E-09 6.3534E-09 7.6646E-09 8.7285E-09 9.5051E-09 1.0027E-08 1.0374E-08 1.0637E-08 1.0900E-08 1.1218E-08 1.1623E-08 1.2073E-08 1.2472E-08 1.2643E-08 1.2354E-08 1.1419E-08 9.7927E-09 7.6513E-09 5.3672E-09 3.3316E-09 1.8065E-09 8.4097E-10 3.2785E-10 1.0025E-10 1.4943E-11 3.4275E-12 3.4016E-12 3.3756E-12 3.3494E-12 3.3230E-12 3.2965E-12 3.2698E-12 3.2430E-12 3.2161E-12 3.1890E-12 3.1619E-12 3.1346E-12 3.1072E-12 3.0796E-12 3.0521E-12 3.0244E-12 2.9966E-12 2.9688E-12 2.9409E-12 2.9129E-12 2.8849E-12 2.8568E-12 2.8287E-12
4.1526E-12 8.1850E-12 4.3477E-11 1.3874E-10 3.4798E-10 7.4916E-10 1.4186E-09 2.4026E-09 3.6793E-09 5.1361E-09 6.6071E-09 7.9184E-09 8.9559E-09 9.6925E-09 1.0171E-08 1.0469E-08 1.0682E-08 1.0894E-08 1.1154E-08 1.1509E-08 1.1933E-08 1.2347E-08 1.2577E-08 1.2386E-08 1.1547E-08 9.9827E-09 7.8488E-09 5.5182E-09 3.4222E-09 1.8459E-09 8.5104E-10 3.2604E-10 9.3433E-11 1.3473E-11 3.4203E-12 3.3945E-12 3.3685E-12 3.3423E-12 3.3160E-12 3.2895E-12 3.2628E-12 3.2361E-12 3.2092E-12 3.1821E-12 3.1550E-12 3.1277E-12 3.1003E-12 3.0729E-12 3.0453E-12 3.0177E-12 2.9899E-12 2.9621E-12 2.9342E-12 2.9063E-12 2.8783E-12 2.8503E-12 2.8222E-12
4.1445E-12 8.2163E-12 4.6062E-11 1.4382E-10 3.6363E-10 7.8650E-10 1.4951E-09 2.5329E-09 3.8651E-09 5.3693E-09 6.8662E-09 8.1757E-09 9.1913E-09 9.8858E-09 1.0317E-08 1.0577E-08 1.0750E-08 1.0910E-08 1.1114E-08 1.1421E-08 1.1812E-08 1.2219E-08 1.2492E-08 1.2387E-08 1.1650E-08 1.0156E-08 8.0347E-09 5.6668E-09 3.5095E-09 1.8808E-09 8.5835E-10 3.2286E-10 9.1130E-11 1.1097E-11 3.4128E-12 3.3870E-12 3.3610E-12 3.3349E-12 3.3086E-12 3.2821E-12 3.2555E-12 3.2288E-12 3.2019E-12 3.1749E-12 3.1478E-12 3.1206E-12 3.0932E-12 3.0658E-12 3.0383E-12 3.0106E-12 2.9829E-12 2.9552E-12 2.9273E-12 2.8994E-12 2.8715E-12 2.8435E-12 2.8154E-12
4.1359E-12 8.0176E-12 4.5924E-11 1.4970E-10 3.8134E-10 8.2968E-10 1.5776E-09 2.6709E-09 4.0642E-09 5.6182E-09 7.1351E-09 8.4360E-09 9.4227E-09 1.0080E-08 1.0472E-08 1.0695E-08 1.0832E-08 1.0951E-08 1.1107E-08 1.1355E-08 1.1699E-08 1.2085E-08 1.2381E-08 1.2349E-08 1.1712E-08 1.0306E-08 8.2153E-09 5.8199E-09 3.6030E-09 1.9220E-09 8.6852E-10 3.1558E-10 8.6386E-11 9.8482E-12 3.4050E-12 3.3792E-12 3.3533E-12 3.3272E-12 3.3009E-12 3.2745E-12 3.2479E-12 3.2212E-12 3.1943E-12 3.1674E-12 3.1403E-12 3.1131E-12 3.0858E-12 3.0584E-12 3.0309E-12 3.0033E-12 2.9756E-12 2.9479E-12 2.9201E-12 2.8922E-12 2.8643E-12 2.8363E-12 2.8083E-12
4.1269E-12 8.1954E-12 4.8195E-11 1.5509E-10 4.0007E-10 8.7478E-10 1.6667E-09 2.8192E-09 4.2733E-09 5.8733E-09 7.4094E-09 8.7028E-09 9.6564E-09 1.0271E-08 1.0629E-08 1.0816E-08 1.0926E-08 1.1015E-08 1.1127E-08 1.1322E-08 1.1616E-08 1.1963E-08 1.2263E-08 1.2292E-08 1.1750E-08 1.0427E-08 8.3799E-09 5.9618E-09 3.6889E-09 1.9553E-09 8.7332E-10 3.1561E-10 8.1176E-11 7.5365E-12 3.3968E-12 3.3711E-12 3.3452E-12 3.3191E-12 3.2928E-12 3.2664E-12 3.2399E-12 3.2132E-12 3.1864E-12 3.1595E-12 3.1325E-12 3.1053E-12 3.0780E-12 3.0507E-12 3.0232E-12 2.9957E-12 2.9680E-12 2.9403E-12 2.9126E-12 2.8848E-12 2.8569E-12 2.8290E-12 2.8010E-12
4.1175E-12 7.7942E-12 4.8509E-11 1.6186E-10 4.2216E-10 9.2332E-10 1.7617E-09 2.9771E-09 4.4946E-09 6.1422E-09 7.6947E-09 8.9684E-09 9.8849E-09 1.0464E-08 1.0786E-08 1.0944E-08 1.1029E-08 1.1088E-08 1.1174E-08 1.1320E-08 1.1561E-08 1.1862E-08 1.2147E-08 1.2210E-08 1.1752E-08 1.0525E-08 8.5230E-09 6.0939E-09 3.7740E-09 1.9885E-09 8.7605E-10 3.1050E-10 7.9521E-11 5.8562E-12 3.3883E-12 3.3626E-12 3.3367E-12 3.3107E-12 3.2845E-12 3.2581E-12 3.2316E-12 3.2050E-12 3.1782E-12 3.1513E-12 3.1243E-12 3.0972E-12 3.0700E-12 3.0426E-12 3.0152E-12 2.9877E-12 2.9601E-12 2.9325E-12 2.9048E-12 2.8770E-12 2.8492E-12 2.8213E-12 2.7934E-12
4.1077E-12 8.1503E-12 4.9085E-11 1.6826E-10 4.4161E-10 9.7512E-10 1.8659E-09 3.1444E-09 4.7274E-09 6.4209E-09 7.9837E-09 9.2396E-09 1.0116E-08 1.0649E-08 1.0938E-08 1.1080E-08 1.1146E-08 1.1185E-08 1.1246E-08 1.1356E-08 1.1541E-08 1.1790E-08 1.2043E-08 1.2123E-08 1.1725E-08 1.0576E-08 8.6311E-09 6.2039E-09 3.8441E-09 2.0174E-09 8.7943E-10 3.0739E-10 7.1568E-11 4.3539E-12 3.3794E-12 3.3538E-12 3.3279E-12 3.3019E-12 3.2757E-12 3.2494E-12 3.2230E-12 3.1964E-12 3.1696E-12 3.1428E-12 3.1158E-12 3.0888E-12 3.0616E-12 3.0343E-12 3.0069E-12 2.9795E-12 2.9519E-12 2.9243E-12 2.8967E-12 2.8689E-12 2.8411E-12 2.8133E-12 2.7854E-12
4.0975E-12 7.5252E-12 5.1270E-11 1.7381E-10 4.6417E-10 1.0309E-09 1.9737E-09 3.3233E-09 4.9749E-09 6.7090E-09 8.2792E-09 9.5088E-09 1.0342E-08 1.0835E-08 1.1094E-08 1.1213E-08 1.1269E-08 1.1295E-08 1.1336E-08 1.1416E-08 1.1555E-08 1.1750E-08 1.1957E-08 1.2025E-08 1.1673E-08 1.0600E-08 8.7138E-09 6.2937E-09 3.9025E-09 2.0385E-09 8.7775E-10 3.0100E-10 7.1499E-11 3.3957E-12 3.3702E-12 3.3446E-12 3.3188E-12 3.2928E-12 3.2667E-12 3.2404E-12 3.2140E-12 3.1875E-12 3.1608E-12 3.1340E-12 3.1071E-12 3.0800E-12 3.0529E-12 3.0257E-12 2.9983E-12 2.9709E-12 2.9434E-12 2.9159E-12 2.8883E-12 2.8606E-12 2.8328E-12 2.8051E-12 2.7772E-12
4.0869E-12 8.0937E-12 5.1171E-11 1.8166E-10 4.8757E-10 1.0884E-09 2.0915E-09 3.5129E-09 5.2316E-09 7.0087E-09 8.5807E-09 9.7793E-09 1.0564E-08 1.1016E-08 1.1242E-08 1.1350E-08 1.1395E-08 1.1411E-08 1.1440E-08 1.1492E-08 1.1596E-08 1.1747E-08 1.1907E-08 1.1953E-08 1.1620E-08 1.0599E-08 8.7592E-09 6.3537E-09 3.9403E-09 2.0435E-09 8.6922E-10 2.9224E-10 6.4145E-11 3.3861E-12 3.3607E-12 3.3351E-12 3.3093E-12 3.2834E-12 3.2573E-12 3.2311E-12 3.2047E-12 3.1782E-12 3.1516E-12 3.1248E-12 3.0980E-12 3.0710E-12 3.0439E-12 3.0167E-12 2.9894E-12 2.9621E-12 2.9346E-12 2.9071E-12 2.8796E-12 2.8519E-12 2.8242E-12 2.7965E-12 2.7687E-12
4.0759E-12 7.4220E-12 5.2353E-11 1.8982E-10 5.0966E-10 1.1495E-09 2.2173E-09 3.7163E-09 5.5061E-09 7.3189E-09 8.8837E-09 1.0045E-08 1.0784E-08 1.1194E-08 1.1391E-08 1.1483E-08 1.1521E-08 1.1542E-08 1.1563E-08 1.1601E-08 1.1672E-08 1.1782E-08 1.1894E-08 1.1904E-08 1.1566E-08 1.0572E-08 8.7659E-09 6.3683E-09 3.9388E-09 2.0261E-09 8.4816E-10 2.7943E-10 6.3710E-11 3.3761E-12 3.3508E-12 3.3252E-12 3.2995E-12 3.2736E-12 3.2476E-12 3.2214E-12 3.1951E-12 3.1687E-12 3.1421E-12 3.1154E-12 3.0885E-12 3.0616E-12 3.0346E-12 3.0074E-12 2.9802E-12 2.9529E-12 2.9255E-12 2.8981E-12 2.8706E-12 2.8430E-12 2.8154E-12 2.7877E-12 2.7600E-12
4.0644E-12 7.2938E-12 5.2638E-11 1.9460E-10 5.3669E-10 1.2169E-09 2.3525E-09 3.9361E-09 5.7983E-09 7.6429E-09 9.1958E-09 1.0312E-08 1.0996E-08 1.1365E-08 1.1543E-08 1.1620E-08 1.1647E-08 1.1667E-08 1.1696E-08 1.1725E-08 1.1769E-08 1.1851E-08 1.1924E-08 1.1888E-08 1.1530E-08 1.0539E-08 8.7407E-09 6.3451E-09 3.9114E-09 1.9932E-09 8.2187E-10 2.6481E-10 5.7866E-11 3.3659E-12 3.3405E-12 3.3151E-12 3.2894E-12 3.2636E-12 3.2376E-12 3.2115E-12 3.1852E-12 3.1588E-12 3.1323E-12 3.1056E-12 3.0788E-12 3.0519E-12 3.0250E-12 2.9979E-12 2.9707E-12 2.9435E-12 2.9162E-12 2.8888E-12 2.8613E-12 2.8338E-12 2.8062E-12 2.7786E-12 2.7509E-12
4.0526E-12 6.9503E-12 5.3882E-11 2.0331E-10 5.6323E-10 1.2899E-09 2.5015E-09 4.1760E-09 6.1104E-09 7.9843E-09 9.5143E-09 1.0575E-08 1.1207E-08 1.1536E-08 1.1688E-08 1.1756E-08 1.1787E-08 1.1810E-08 1.1835E-08 1.1853E-08 1.1884E-08 1.1942E-08 1.1980E-08 1.1912E-08 1.1520E-08 1.0508E-08 8.6899E-09 6.2712E-09 3.8264E-09 1.9199E-09 7.7278E-10 2.4147E-10 4.9263E-11 3.3553E-12 3.3300E-12 3.3045E-12 3.2789E-12 3.2532E-12 3.2272E-12 3.2012E-12 3.1749E-12 3.1486E-12 3.1221E-12 3.0955E-12 3.0688E-12 3.0420E-12 3.0151E-12 2.9880E-12 2.9609E-12 2.9337E-12 2.9065E-12 2.8791E-12 2.8517E-12 2.8243E-12 2.7968E-12 2.7692E-12 2.7416E-12
4.0403E-12 6.5171E-12 5.4415E-11 2.1028E-10 5.9444E-10 1.3706E-09 2.6610E-09 4.4308E-09 6.4411E-09 8.3377E-09 9.8381E-09 1.0840E-08 1.1413E-08 1.1703E-08 1.1838E-08 1.1895E-08 1.1922E-08 1.1947E-08 1.1972E-08 1.1999E-08 1.2022E-08 1.2067E-08 1.2085E-08 1.1981E-08 1.1551E-08 1.0490E-08 8.6135E-09 6.1497E-09 3.6892E-09 1.8089E-09 7.0601E-10 2.0721E-10 3.9212E-11 3.3443E-12 3.3191E-12 3.2937E-12 3.2681E-12 3.2424E-12 3.2166E-12 3.1905E-12 3.1644E-12 3.1381E-12 3.1117E-12 3.0851E-12 3.0585E-12 3.0317E-12 3.0048E-12 2.9779E-12 2.9508E-12 2.9237E-12 2.8965E-12 2.8692E-12 2.8419E-12 2.8145E-12 2.7871E-12 2.7596E-12 2.7321E-12
4.0277E-12 6.4721E-12 5.7986E-11 2.1734E-10 6.2681E-10 1.4583E-09 2.8331E-09 4.7022E-09 6.7888E-09 8.7027E-09 1.0165E-08 1.1100E-08 1.1617E-08 1.1867E-08 1.1986E-08 1.2041E-08 1.2073E-08 1.2091E-08 1.2119E-08 1.2143E-08 1.2171E-08 1.2202E-08 1.2207E-08 1.2079E-08 1.1608E-08 1.0476E-08 8.5147E-09 5.9728E-09 3.4951E-09 1.6587E-09 6.2236E-10 1.7652E-10 2.9727E-11 3.3330E-12 3.3079E-12 3.2825E-12 3.2570E-12 3.2314E-12 3.2056E-12 3.1796E-12 3.1535E-12 3.1273E-12 3.1009E-12 3.0744E-12 3.0478E-12 3.0211E-12 2.9943E-12 2.9674E-12 2.9405E-12 2.9134E-12 2.8863E-12 2.8590E-12 2.8318E-12 2.8044E-12 2.7771E-12 2.7497E-12 2.7222E-12
4.0146E-12 6.8314E-12 5.7304E-11 2.2914E-10 6.6313E-10 1.5511E-09 3.0189E-09 4.9925E-09 7.1531E-09 9.0791E-09 1.0500E-08 1.1364E-08 1.1815E-08 1.2033E-08 1.2137E-08 1.2179E-08 1.2210E-08 1.2248E-08 1.2274E-08 1.2296E-08 1.2326E-08 1.2354E-08 1.2349E-08 1.2204E-08 1.1687E-08 1.0468E-08 8.3842E-09 5.7566E-09 3.2646E-09 1.4851E-09 5.2865E-10 1.3788E-10 1.8566E-11 3.3214E-12 3.2963E-12 3.2711E-12 3.2456E-12 3.2200E-12 3.1943E-12 3.1684E-12 3.1423E-12 3.1161E-12 3.0898E-12 3.0634E-12 3.0369E-12 3.0103E-12 2.9835E-12 2.9567E-12 2.9298E-12 2.9028E-12 2.8757E-12 2.8486E-12 2.8214E-12 2.7941E-12 2.7668E-12 2.7395E-12 2.7121E-12
4.0012E-12 6.4561E-12 6.1466E-11 2.4007E-10 7.0432E-10 1.6566E-09 3.2207E-09 5.2957E-09 7.5217E-09 9.4528E-09 1.0822E-08 1.1617E-08 1.2012E-08 1.2195E-08 1.2283E-08 1.2332E-08 1.2375E-08 1.2407E-08 1.2428E-08 1.2456E-08 1.2484E-08 1.2508E-08 1.2505E-08 1.2346E-08 1.1787E-08 1.0463E-08 8.2378E-09 5.4952E-09 2.9894E-09 1.2906E-09 4.2841E-10 9.9085E-11 8.8135E-12 3.3095E-12 3.2845E-12 3.2592E-12 3.2339E-12 3.2083E-12 3.1826E-12 3.1568E-12 3.1308E-12 3.1047E-12 3.0785E-12 3.0521E-12 3.0257E-12 2.9991E-12 2.9724E-12 2.9457E-12 2.9188E-12 2.8919E-12 2.8649E-12 2.8378E-12 2.8107E-12 2.7835E-12 2.7563E-12 2.7290E-12 2.7017E-12
3.9874E-12 5.8708E-12 6.2590E-11 2.5452E-10 7.5149E-10 1.7742E-09 3.4433E-09 5.6260E-09 7.9147E-09 9.8457E-09 1.1159E-08 1.1882E-08 1.2217E-08 1.2364E-08 1.2435E-08 1.2484E-08 1.2528E-08 1.2563E-08 1.2594E-08 1.2618E-08 1.2651E-08 1.2682E-08 1.2675E-08 1.2500E-08 1.1883E-08 1.0443E-08 8.0615E-09 5.2054E-09 2.7043E-09 1.0970E-09 3.3149E-10 6.7031E-11 3.3221E-12 3.2973E-12 3.2723E-12 3.2471E-12 3.2218E-12 3.1963E-12 3.1707E-12 3.1449E-12 3.1190E-12 3.0930E-12 3.0668E-12 3.0405E-12 3.0141E-12 2.9876E-12 2.9610E-12 2.9344E-12 2.9076E-12 2.8807E-12 2.8538E-12 2.8268E-12 2.7997E-12 2.7726E-12 2.7455E-12 2.7183E-12 2.6910E-12
3.9732E-12 4.9677E-12 6.5149E-11 2.6789E-10 8.0656E-10 1.9104E-09 3.6963E-09 5.9915E-09 8.3301E-09 1.0238E-08 1.1480E-08 1.2132E-08 1.2412E-08 1.2534E-08 1.2597E-08 1.2647E-08 1.2692E-08 1.2732E-08 1.2764E-08 1.2796E-08 1.2824E-08 1.2853E-08 1.2850E-08 1.2661E-08 1.1989E-08 1.0420E-08 7.8531E-09 4.8833E-09 2.4055E-09 9.0844E-10 2.5273E-10 4.2207E-11 3.3094E-12 3.2847E-12 3.2598E-12 3.2347E-12 3.2094E-12 3.1840E-12 3.1585E-12 3.1328E-12 3.1069E-12 3.0809E-12 3.0549E-12 3.0286E-12 3.0023E-12 2.9759E-12 2.9494E-12 2.9228E-12 2.8961E-12 2.8693E-12 2.8424E-12 2.8155E-12 2.7885E-12 2.7615E-12 2.7344E-12 2.7073E-12 2.6801E-12
3.9586E-12 4.6905E-12 6.4507E-11 2.8524E-10 8.6393E-10 2.0571E-09 3.9798E-09 6.3983E-09 8.7833E-09 1.0652E-08 1.1815E-08 1.2389E-08 1.2626E-08 1.2718E-08 1.2757E-08 1.2803E-08 1.2861E-08 1.2903E-08 1.2943E-08 1.2972E-08 1.3006E-08 1.3038E-08 1.3027E-08 1.2824E-08 1.2087E-08 1.0365E-08 7.6281E-09 4.5562E-09 2.1166E-09 7.4054E-10 1.8347E-10 2.2217E-11 3.2965E-12 3.2718E-12 3.2469E-12 3.2219E-12 3.1967E-12 3.1714E-12 3.1459E-12 3.1203E-12 3.0945E-12 3.0686E-12 3.0426E-12 3.0165E-12 2.9902E-12 2.9639E-12 2.9374E-12 2.9109E-12 2.8842E-12 2.8575E-12 2.8308E-12 2.8039E-12 2.7770E-12 2.7501E-12 2.7231E-12 2.6960E-12 2.6689E-12
3.9436E-12 4.1156E-12 6.7546E-11 2.9648E-10 9.2282E-10 2.2200E-09 4.2957E-09 6.8537E-09 9.2959E-09 1.1105E-08 1.2158E-08 1.2647E-08 1.2829E-08 1.2888E-08 1.2927E-08 1.2984E-08 1.3043E-08 1.3088E-08 1.3127E-08 1.3159E-08 1.3190E-08 1.3217E-08 1.3217E-08 1.3002E-08 1.2189E-08 1.0312E-08 7.3681E-09 4.1987E-09 1.8275E-09 5.8457E-10 1.2381E-10 8.4674E-12 3.2832E-12 3.2586E-12 3.2338E-12 3.2089E-12 3.1837E-12 3.1585E-12 3.1331E-12 3.1075E-12 3.0818E-12 3.0560E-12 3.0300E-12 3.0040E-12 2.9778E-12 2.9515E-12 2.9252E-12 2.8987E-12 2.8722E-12 2.8455E-12 2.8188E-12 2.7921E-12 2.7653E-12 2.7384E-12 2.7115E-12 2.6845E-12 2.6575E-12
3.9283E-12 4.4273E-12 6.6255E-11 3.0565E-10 9.7455E-10 2.3831E-09 4.6347E-09 7.3699E-09 9.8835E-09 1.1623E-08 1.2546E-08 1.2919E-08 1.3027E-08 1.3081E-08 1.3113E-08 1.3160E-08 1.3220E-08 1.3274E-08 1.3317E-08 1.3352E-08 1.3388E-08 1.3425E-08 1.3416E-08 1.3178E-08 1.2289E-08 1.0225E-08 7.0757E-09 3.8321E-09 1.5492E-09 4.4451E-10 8.0519E-11 3.2940E-12 3.2696E-12 3.2451E-12 3.2204E-12 3.1955E-12 3.1704E-12 3.1453E-12 3.1199E-12 3.0944E-12 3.0688E-12 3.0431E-12 3.0172E-12 2.9912E-12 2.9651E-12 2.9389E-12 2.9127E-12 2.8863E-12 2.8598E-12 2.8333E-12 2.8067E-12 2.7800E-12 2.7532E-12 2.7265E-12 2.6996E-12 2.6728E-12 2.6458E-12
3.9125E-12 5.8004E-12 6.3799E-11 3.0404E-10 9.9820E-10 2.5031E-09 4.9561E-09 7.9430E-09 1.0617E-08 1.2303E-08 1.3035E-08 1.3240E-08 1.3275E-08 1.3285E-08 1.3307E-08 1.3345E-08 1.3407E-08 1.3468E-08 1.3515E-08 1.3560E-08 1.3594E-08 1.3625E-08 1.3617E-08 1.3362E-08 1.2377E-08 1.0108E-08 6.7488E-09 3.4505E-09 1.2878E-09 3.3438E-10 4.8843E-11 3.2800E-12 3.2557E-12 3.2313E-12 3.2066E-12 3.1818E-12 3.1569E-12 3.1317E-12 3.1065E-12 3.0811E-12 3.0555E-12 3.0299E-12 3.0041E-12 2.9782E-12 2.9522E-12 2.9261E-12 2.8999E-12 2.8736E-12 2.8472E-12 2.8207E-12 2.7942E-12 2.7676E-12 2.7410E-12 2.7143E-12 2.6875E-12 2.6607E-12 2.6339E-12
3.8964E-12 6.5282E-12 5.6847E-11 2.8169E-10 9.6063E-10 2.5218E-09 5.2133E-09 8.5540E-09 1.1514E-08 1.3228E-08 1.3729E-08 1.3676E-08 1.3554E-08 1.3486E-08 1.3503E-08 1.3543E-08 1.3603E-08 1.3669E-08 1.3722E-08 1.3769E-08 1.3807E-08 1.3839E-08 1.3836E-08 1.3553E-08 1.2453E-08 9.9755E-09 6.4009E-09 3.0668E-09 1.0468E-09 2.3785E-10 2.4185E-11 3.2657E-12 3.2415E-12 3.2171E-12 3.1926E-12 3.1678E-12 3.1430E-12 3.1179E-12 3.0927E-12 3.0674E-12 3.0420E-12 3.0164E-12 2.9907E-12 2.9649E-12 2.9389E-12 2.9129E-12 2.8868E-12 2.8606E-12 2.8343E-12 2.8079E-12 2.7815E-12 2.7550E-12 2.7284E-12 2.7018E-12 2.6752E-12 2.6485E-12 2.6217E-12
3.8800E-12 3.8642E-12 4.1680E-11 2.3078E-10 8.6069E-10 2.4034E-09 5.2490E-09 9.0661E-09 1.2586E-08 1.4540E-08 1.4800E-08 1.4316E-08 1.3903E-08 1.3697E-08 1.3729E-08 1.3762E-08 1.3804E-08 1.3875E-08 1.3943E-08 1.3994E-08 1.4021E-08 1.4066E-08 1.4062E-08 1.3749E-08 1.2538E-08 9.8000E-09 6.0029E-09 2.6801E-09 8.2521E-10 1.5821E-10 7.7910E-12 3.2512E-12 3.2270E-12 3.2027E-12 3.1782E-12 3.1536E-12 3.1288E-12 3.1038E-12 3.0787E-12 3.0535E-12 3.0281E-12 3.0026E-12 2.9770E-12 2.9513E-12 2.9254E-12 2.8995E-12 2.8735E-12 2.8473E-12 2.8211E-12 2.7949E-12 2.7685E-12 2.7421E-12 2.7156E-12 2.6891E-12 2.6626E-12 2.6360E-12 2.6093E-12
