Assets/Resources/2015_m01_d19_2000(utc+0800)_l00_csi_1hr_conc.grd
DSAA
         159         159
     -79.000      79.000
     -79.000      79.000
  0.0000E+00  0.5745E-04
[rows 0 to 24 of 159, columns 0 to 56 of 159]
2.9835E-09 3.1328E-09 3.2785E-09 3.4240E-09 3.5658E-09 3.7008E-09 3.8348E-09 3.9611E-09 4.0821E-09 4.1984E-09 4.3094E-09 4.4170E-09 4.5167E-09 4.6108E-09 4.6984E-09 4.7828E-09 4.8584E-09 4.9305E-09 4.9932E-09 5.0504E-09 5.1009E-09 5.1462E-09 5.1862E-09 5.2204E-09 5.2538E-09 5.2778E-09 5.2971E-09 5.3117E-09 5.3218E-09 5.3274E-09 5.3287E-09 5.3259E-09 5.3191E-09 5.3090E-09 5.2967E-09 5.2823E-09 5.2650E-09 5.2463E-09 5.2247E-09 5.2012E-09 5.1751E-09 5.1469E-09 5.1161E-09 5.0817E-09 5.0436E-09 5.0021E-09 4.9571E-09 4.9088E-09 4.8575E-09 4.8032E-09 4.7462E-09 4.6866E-09 4.6247E-09 4.5605E-09 4.4943E-09 4.4264E-09 4.3567E-09
3.0934E-09 3.2471E-09 3.3995E-09 3.5514E-09 3.6985E-09 3.8377E-09 3.9745E-09 4.1054E-09 4.2308E-09 4.3531E-09 4.4681E-09 4.5767E-09 4.6785E-09 4.7782E-09 4.8715E-09 4.9546E-09 5.0322E-09 5.1031E-09 5.1665E-09 5.2244E-09 5.2759E-09 5.3243E-09 5.3644E-09 5.3992E-09 5.4281E-09 5.4512E-09 5.4696E-09 5.4832E-09 5.4920E-09 5.4963E-09 5.4962E-09 5.4918E-09 5.4833E-09 5.4707E-09 5.4551E-09 5.4374E-09 5.4175E-09 5.3948E-09 5.3707E-09 5.3438E-09 5.3151E-09 5.2837E-09 5.2504E-09 5.2143E-09 5.1747E-09 5.1314E-09 5.0847E-09 5.0347E-09 4.9814E-09 4.9251E-09 4.8660E-09 4.8043E-09 4.7401E-09 4.6737E-09 4.6051E-09 4.5347E-09 4.4625E-09
3.2040E-09 3.3660E-09 3.5241E-09 3.6815E-09 3.8323E-09 3.9777E-09 4.1183E-09 4.2557E-09 4.3856E-09 4.5092E-09 4.6271E-09 4.7417E-09 4.8492E-09 4.9481E-09 5.0407E-09 5.1258E-09 5.2047E-09 5.2770E-09 5.3447E-09 5.4034E-09 5.4557E-09 5.5006E-09 5.5404E-09 5.5753E-09 5.6028E-09 5.6251E-09 5.6421E-09 5.6544E-09 5.6619E-09 5.6647E-09 5.6629E-09 5.6568E-09 5.6464E-09 5.6319E-09 5.6134E-09 5.5920E-09 5.5686E-09 5.5431E-09 5.5150E-09 5.4854E-09 5.4530E-09 5.4190E-09 5.3823E-09 5.3437E-09 5.3023E-09 5.2574E-09 5.2089E-09 5.1572E-09 5.1021E-09 5.0439E-09 4.9828E-09 4.9190E-09 4.8527E-09 4.7840E-09 4.7132E-09 4.6403E-09 4.5658E-09
3.3195E-09 3.4879E-09 3.6506E-09 3.8140E-09 3.9701E-09 4.1208E-09 4.2681E-09 4.4085E-09 4.5430E-09 4.6727E-09 4.7970E-09 4.9127E-09 5.0209E-09 5.1219E-09 5.2166E-09 5.3042E-09 5.3873E-09 5.4612E-09 5.5272E-09 5.5865E-09 5.6391E-09 5.6844E-09 5.7238E-09 5.7582E-09 5.7851E-09 5.8062E-09 5.8222E-09 5.8329E-09 5.8389E-09 5.8402E-09 5.8368E-09 5.8289E-09 5.8166E-09 5.8000E-09 5.7795E-09 5.7551E-09 5.7280E-09 5.6989E-09 5.6677E-09 5.6342E-09 5.5989E-09 5.5611E-09 5.5216E-09 5.4795E-09 5.4356E-09 5.3887E-09 5.3384E-09 5.2846E-09 5.2275E-09 5.1673E-09 5.1040E-09 5.0379E-09 4.9691E-09 4.8980E-09 4.8247E-09 4.7495E-09 4.6724E-09
3.4379E-09 3.6115E-09 3.7823E-09 3.9496E-09 4.1131E-09 4.2699E-09 4.4206E-09 4.5675E-09 4.7066E-09 4.8411E-09 4.9656E-09 5.0840E-09 5.1952E-09 5.2983E-09 5.3980E-09 5.4877E-09 5.5691E-09 5.6441E-09 5.7113E-09 5.7712E-09 5.8241E-09 5.8695E-09 5.9083E-09 5.9420E-09 5.9678E-09 5.9879E-09 6.0021E-09 6.0115E-09 6.0154E-09 6.0149E-09 6.0097E-09 6.0001E-09 5.9859E-09 5.9674E-09 5.9445E-09 5.9177E-09 5.8871E-09 5.8538E-09 5.8188E-09 5.7816E-09 5.7423E-09 5.7013E-09 5.6578E-09 5.6129E-09 5.5653E-09 5.5160E-09 5.4637E-09 5.4081E-09 5.3491E-09 5.2870E-09 5.2217E-09 5.1536E-09 5.0827E-09 5.0093E-09 4.9335E-09 4.8557E-09 4.7761E-09
3.5586E-09 3.7385E-09 3.9169E-09 4.0908E-09 4.2586E-09 4.4232E-09 4.5794E-09 4.7308E-09 4.8741E-09 5.0104E-09 5.1389E-09 5.2610E-09 5.3777E-09 5.4837E-09 5.5826E-09 5.6741E-09 5.7570E-09 5.8332E-09 5.9017E-09 5.9617E-09 6.0151E-09 6.0608E-09 6.0988E-09 6.1319E-09 6.1567E-09 6.1754E-09 6.1884E-09 6.1960E-09 6.1987E-09 6.1959E-09 6.1887E-09 6.1769E-09 6.1604E-09 6.1394E-09 6.1142E-09 6.0849E-09 6.0519E-09 6.0153E-09 5.9761E-09 5.9353E-09 5.8923E-09 5.8474E-09 5.8007E-09 5.7515E-09 5.7010E-09 5.6478E-09 5.5929E-09 5.5351E-09 5.4740E-09 5.4095E-09 5.3419E-09 5.2715E-09 5.1982E-09 5.1223E-09 5.0442E-09 4.9640E-09 4.8820E-09
3.6822E-09 3.8695E-09 4.0559E-09 4.2350E-09 4.4093E-09 4.5778E-09 4.7416E-09 4.8954E-09 5.0438E-09 5.1847E-09 5.3190E-09 5.4439E-09 5.5610E-09 5.6699E-09 5.7704E-09 5.8635E-09 5.9484E-09 6.0255E-09 6.0949E-09 6.1553E-09 6.2090E-09 6.2549E-09 6.2923E-09 6.3244E-09 6.3484E-09 6.3661E-09 6.3774E-09 6.3831E-09 6.3831E-09 6.3784E-09 6.3685E-09 6.3547E-09 6.3364E-09 6.3135E-09 6.2862E-09 6.2544E-09 6.2187E-09 6.1791E-09 6.1360E-09 6.0905E-09 6.0435E-09 5.9945E-09 5.9437E-09 5.8911E-09 5.8363E-09 5.7801E-09 5.7215E-09 5.6613E-09 5.5981E-09 5.5317E-09 5.4620E-09 5.3893E-09 5.3137E-09 5.2355E-09 5.1548E-09 5.0719E-09 4.9870E-09
3.8108E-09 4.0032E-09 4.1981E-09 4.3837E-09 4.5639E-09 4.7380E-09 4.9055E-09 5.0648E-09 5.2175E-09 5.3643E-09 5.5009E-09 5.6292E-09 5.7494E-09 5.8610E-09 5.9632E-09 6.0587E-09 6.1449E-09 6.2224E-09 6.2923E-09 6.3536E-09 6.4069E-09 6.4527E-09 6.4908E-09 6.5218E-09 6.5441E-09 6.5600E-09 6.5694E-09 6.5733E-09 6.5717E-09 6.5648E-09 6.5531E-09 6.5360E-09 6.5149E-09 6.4892E-09 6.4590E-09 6.4246E-09 6.3861E-09 6.3438E-09 6.2979E-09 6.2487E-09 6.1970E-09 6.1441E-09 6.0890E-09 6.0324E-09 5.9739E-09 5.9134E-09 5.8514E-09 5.7870E-09 5.7212E-09 5.6524E-09 5.5805E-09 5.5054E-09 5.4276E-09 5.3472E-09 5.2642E-09 5.1790E-09 5.0916E-09
3.9423E-09 4.1423E-09 4.3418E-09 4.5352E-09 4.7199E-09 4.9003E-09 5.0734E-09 5.2398E-09 5.3967E-09 5.5464E-09 5.6871E-09 5.8182E-09 5.9413E-09 6.0561E-09 6.1603E-09 6.2568E-09 6.3442E-09 6.4225E-09 6.4933E-09 6.5551E-09 6.6090E-09 6.6546E-09 6.6917E-09 6.7218E-09 6.7433E-09 6.7577E-09 6.7659E-09 6.7675E-09 6.7633E-09 6.7536E-09 6.7386E-09 6.7194E-09 6.6952E-09 6.6674E-09 6.6350E-09 6.5980E-09 6.5568E-09 6.5115E-09 6.4625E-09 6.4099E-09 6.3541E-09 6.2961E-09 6.2372E-09 6.1761E-09 6.1136E-09 6.0493E-09 5.9832E-09 5.9156E-09 5.8457E-09 5.7744E-09 5.7000E-09 5.6226E-09 5.5422E-09 5.4591E-09 5.3735E-09 5.2856E-09 5.1956E-09
4.0767E-09 4.2827E-09 4.4905E-09 4.6889E-09 4.8800E-09 5.0662E-09 5.2460E-09 5.4166E-09 5.5784E-09 5.7320E-09 5.8766E-09 6.0110E-09 6.1378E-09 6.2546E-09 6.3609E-09 6.4596E-09 6.5482E-09 6.6279E-09 6.6996E-09 6.7613E-09 6.8144E-09 6.8596E-09 6.8966E-09 6.9262E-09 6.9468E-09 6.9593E-09 6.9648E-09 6.9645E-09 6.9579E-09 6.9461E-09 6.9288E-09 6.9061E-09 6.8791E-09 6.8472E-09 6.8117E-09 6.7719E-09 6.7277E-09 6.6796E-09 6.6276E-09 6.5721E-09 6.5129E-09 6.4509E-09 6.3867E-09 6.3218E-09 6.2546E-09 6.1862E-09 6.1160E-09 6.0442E-09 5.9708E-09 5.8952E-09 5.8184E-09 5.7388E-09 5.6562E-09 5.5708E-09 5.4827E-09 5.3922E-09 5.2997E-09
4.2115E-09 4.4270E-09 4.6412E-09 4.8464E-09 5.0448E-09 5.2366E-09 5.4212E-09 5.5970E-09 5.7631E-09 5.9212E-09 6.0703E-09 6.2083E-09 6.3375E-09 6.4574E-09 6.5660E-09 6.6663E-09 6.7568E-09 6.8366E-09 6.9080E-09 6.9705E-09 7.0243E-09 7.0696E-09 7.1056E-09 7.1340E-09 7.1534E-09 7.1648E-09 7.1689E-09 7.1659E-09 7.1568E-09 7.1414E-09 7.1211E-09 7.0956E-09 7.0655E-09 7.0313E-09 6.9924E-09 6.9499E-09 6.9030E-09 6.8519E-09 6.7969E-09 6.7381E-09 6.6759E-09 6.6102E-09 6.5418E-09 6.4715E-09 6.4006E-09 6.3275E-09 6.2531E-09 6.1770E-09 6.0994E-09 6.0202E-09 5.9389E-09 5.8564E-09 5.7711E-09 5.6830E-09 5.5923E-09 5.4995E-09 5.4044E-09
4.3486E-09 4.5741E-09 4.7947E-09 5.0077E-09 5.2128E-09 5.4096E-09 5.5993E-09 5.7804E-09 5.9513E-09 6.1144E-09 6.2671E-09 6.4085E-09 6.5414E-09 6.6634E-09 6.7759E-09 6.8773E-09 6.9684E-09 7.0498E-09 7.1220E-09 7.1847E-09 7.2377E-09 7.2819E-09 7.3173E-09 7.3448E-09 7.3629E-09 7.3725E-09 7.3742E-09 7.3690E-09 7.3572E-09 7.3399E-09 7.3163E-09 7.2877E-09 7.2540E-09 7.2157E-09 7.1734E-09 7.1267E-09 7.0767E-09 7.0225E-09 6.9643E-09 6.9024E-09 6.8369E-09 6.7680E-09 6.6958E-09 6.6212E-09 6.5448E-09 6.4677E-09 6.3885E-09 6.3084E-09 6.2264E-09 6.1433E-09 6.0586E-09 5.9720E-09 5.8841E-09 5.7933E-09 5.7001E-09 5.6042E-09 5.5062E-09
4.4851E-09 4.7205E-09 4.9506E-09 5.1711E-09 5.3832E-09 5.5857E-09 5.7807E-09 5.9671E-09 6.1436E-09 6.3104E-09 6.4676E-09 6.6135E-09 6.7487E-09 6.8741E-09 6.9881E-09 7.0910E-09 7.1842E-09 7.2660E-09 7.3386E-09 7.4006E-09 7.4532E-09 7.4978E-09 7.5323E-09 7.5584E-09 7.5749E-09 7.5832E-09 7.5838E-09 7.5762E-09 7.5615E-09 7.5404E-09 7.5137E-09 7.4812E-09 7.4444E-09 7.4028E-09 7.3570E-09 7.3072E-09 7.2532E-09 7.1960E-09 7.1348E-09 7.0696E-09 7.0009E-09 6.9287E-09 6.8533E-09 6.7747E-09 6.6938E-09 6.6114E-09 6.5283E-09 6.4431E-09 6.3571E-09 6.2693E-09 6.1804E-09 6.0899E-09 5.9976E-09 5.9045E-09 5.8087E-09 5.7104E-09 5.6098E-09
4.6212E-09 4.8673E-09 5.1071E-09 5.3359E-09 5.5555E-09 5.7647E-09 5.9662E-09 6.1575E-09 6.3383E-09 6.5103E-09 6.6708E-09 6.8216E-09 6.9598E-09 7.0869E-09 7.2039E-09 7.3083E-09 7.4036E-09 7.4871E-09 7.5593E-09 7.6220E-09 7.6746E-09 7.7174E-09 7.7512E-09 7.7759E-09 7.7909E-09 7.7971E-09 7.7951E-09 7.7853E-09 7.7681E-09 7.7443E-09 7.7144E-09 7.6790E-09 7.6379E-09 7.5929E-09 7.5429E-09 7.4892E-09 7.4316E-09 7.3701E-09 7.3057E-09 7.2373E-09 7.1653E-09 7.0898E-09 7.0109E-09 6.9289E-09 6.8439E-09 6.7568E-09 6.6683E-09 6.5791E-09 6.4881E-09 6.3963E-09 6.3029E-09 6.2084E-09 6.1124E-09 6.0151E-09 5.9161E-09 5.8149E-09 5.7114E-09
4.7556E-09 5.0133E-09 5.2629E-09 5.5015E-09 5.7296E-09 5.9466E-09 6.1538E-09 6.3506E-09 6.5364E-09 6.7123E-09 6.8783E-09 7.0318E-09 7.1730E-09 7.3033E-09 7.4227E-09 7.5293E-09 7.6251E-09 7.7092E-09 7.7824E-09 7.8443E-09 7.8957E-09 7.9387E-09 7.9715E-09 7.9944E-09 8.0074E-09 8.0117E-09 8.0081E-09 7.9962E-09 7.9765E-09 7.9495E-09 7.9159E-09 7.8768E-09 7.8324E-09 7.7829E-09 7.7296E-09 7.6716E-09 7.6102E-09 7.5450E-09 7.4763E-09 7.4047E-09 7.3294E-09 7.2505E-09 7.1683E-09 7.0828E-09 6.9944E-09 6.9030E-09 6.8096E-09 6.7153E-09 6.6202E-09 6.5233E-09 6.4260E-09 6.3269E-09 6.2271E-09 6.1256E-09 6.0229E-09 5.9190E-09 5.8128E-09
4.8888E-09 5.1573E-09 5.4178E-09 5.6666E-09 5.9049E-09 6.1294E-09 6.3437E-09 6.5468E-09 6.7378E-09 6.9188E-09 7.0873E-09 7.2451E-09 7.3892E-09 7.5229E-09 7.6442E-09 7.7514E-09 7.8489E-09 7.9345E-09 8.0074E-09 8.0700E-09 8.1216E-09 8.1620E-09 8.1927E-09 8.2144E-09 8.2258E-09 8.2280E-09 8.2216E-09 8.2071E-09 8.1847E-09 8.1549E-09 8.1182E-09 8.0751E-09 8.0269E-09 7.9737E-09 7.9156E-09 7.8541E-09 7.7881E-09 7.7191E-09 7.6463E-09 7.5705E-09 7.4918E-09 7.4095E-09 7.3236E-09 7.2350E-09 7.1432E-09 7.0485E-09 6.9510E-09 6.8517E-09 6.7515E-09 6.6504E-09 6.5477E-09 6.4448E-09 6.3402E-09 6.2344E-09 6.1276E-09 6.0199E-09 5.9109E-09
5.0188E-09 5.2992E-09 5.5710E-09 5.8312E-09 6.0789E-09 6.3133E-09 6.5350E-09 6.7449E-09 6.9419E-09 7.1259E-09 7.2993E-09 7.4601E-09 7.6085E-09 7.7439E-09 7.8671E-09 7.9767E-09 8.0751E-09 8.1608E-09 8.2343E-09 8.2958E-09 8.3459E-09 8.3859E-09 8.4159E-09 8.4353E-09 8.4444E-09 8.4444E-09 8.4356E-09 8.4185E-09 8.3934E-09 8.3607E-09 8.3209E-09 8.2744E-09 8.2219E-09 8.1647E-09 8.1028E-09 8.0363E-09 7.9667E-09 7.8928E-09 7.8163E-09 7.7365E-09 7.6540E-09 7.5684E-09 7.4792E-09 7.3867E-09 7.2911E-09 7.1926E-09 7.0914E-09 6.9877E-09 6.8824E-09 6.7763E-09 6.6695E-09 6.5613E-09 6.4526E-09 6.3424E-09 6.2317E-09 6.1196E-09 6.0070E-09
5.1451E-09 5.4379E-09 5.7223E-09 5.9931E-09 6.2519E-09 6.4954E-09 6.7272E-09 6.9441E-09 7.1461E-09 7.3370E-09 7.5140E-09 7.6786E-09 7.8282E-09 7.9666E-09 8.0925E-09 8.2030E-09 8.3023E-09 8.3883E-09 8.4611E-09 8.5232E-09 8.5735E-09 8.6119E-09 8.6391E-09 8.6572E-09 8.6641E-09 8.6617E-09 8.6505E-09 8.6307E-09 8.6028E-09 8.5671E-09 8.5241E-09 8.4743E-09 8.4182E-09 8.3564E-09 8.2903E-09 8.2198E-09 8.1456E-09 8.0686E-09 7.9870E-09 7.9032E-09 7.8157E-09 7.7258E-09 7.6331E-09 7.5372E-09 7.4384E-09 7.3367E-09 7.2323E-09 7.1254E-09 7.0158E-09 6.9048E-09 6.7932E-09 6.6806E-09 6.5667E-09 6.4526E-09 6.3371E-09 6.2212E-09 6.1042E-09
5.2668E-09 5.5732E-09 5.8693E-09 6.1525E-09 6.4218E-09 6.6770E-09 6.9174E-09 7.1433E-09 7.3525E-09 7.5481E-09 7.7300E-09 7.8963E-09 8.0504E-09 8.1914E-09 8.3179E-09 8.4300E-09 8.5296E-09 8.6162E-09 8.6897E-09 8.7508E-09 8.7993E-09 8.8366E-09 8.8623E-09 8.8783E-09 8.8830E-09 8.8788E-09 8.8651E-09 8.8425E-09 8.8117E-09 8.7731E-09 8.7269E-09 8.6738E-09 8.6141E-09 8.5486E-09 8.4786E-09 8.4041E-09 8.3253E-09 8.2427E-09 8.1575E-09 8.0688E-09 7.9780E-09 7.8838E-09 7.7874E-09 7.6881E-09 7.5854E-09 7.4797E-09 7.3713E-09 7.2601E-09 7.1466E-09 7.0311E-09 6.9142E-09 6.7965E-09 6.6779E-09 6.5585E-09 6.4386E-09 6.3177E-09 6.1968E-09
5.3834E-09 5.7022E-09 6.0123E-09 6.3072E-09 6.5900E-09 6.8545E-09 7.1057E-09 7.3400E-09 7.5583E-09 7.7594E-09 7.9453E-09 8.1172E-09 8.2730E-09 8.4160E-09 8.5438E-09 8.6573E-09 8.7580E-09 8.8447E-09 8.9177E-09 8.9775E-09 9.0253E-09 9.0619E-09 9.0860E-09 9.1001E-09 9.1035E-09 9.0962E-09 9.0796E-09 9.0541E-09 9.0213E-09 8.9796E-09 8.9304E-09 8.8743E-09 8.8120E-09 8.7428E-09 8.6683E-09 8.5887E-09 8.5063E-09 8.4200E-09 8.3302E-09 8.2381E-09 8.1419E-09 8.0438E-09 7.9421E-09 7.8388E-09 7.7327E-09 7.6239E-09 7.5122E-09 7.3977E-09 7.2809E-09 7.1617E-09 7.0402E-09 6.9174E-09 6.7945E-09 6.6702E-09 6.5449E-09 6.4196E-09 6.2930E-09
5.4925E-09 5.8258E-09 6.1487E-09 6.4585E-09 6.7516E-09 7.0288E-09 7.2898E-09 7.5348E-09 7.7601E-09 7.9700E-09 8.1615E-09 8.3368E-09 8.4958E-09 8.6401E-09 8.7694E-09 8.8845E-09 8.9853E-09 9.0714E-09 9.1442E-09 9.2042E-09 9.2507E-09 9.2855E-09 9.3084E-09 9.3211E-09 9.3213E-09 9.3113E-09 9.2933E-09 9.2655E-09 9.2287E-09 9.1847E-09 9.1335E-09 9.0740E-09 9.0078E-09 8.9353E-09 8.8578E-09 8.7746E-09 8.6875E-09 8.5970E-09 8.5024E-09 8.4054E-09 8.3057E-09 8.2029E-09 8.0983E-09 7.9902E-09 7.8802E-09 7.7675E-09 7.6517E-09 7.5333E-09 7.4124E-09 7.2891E-09 7.1632E-09 7.0355E-09 6.9069E-09 6.7779E-09 6.6486E-09 6.5182E-09 6.3874E-09
5.5939E-09 5.9406E-09 6.2799E-09 6.6012E-09 6.9081E-09 7.1971E-09 7.4711E-09 7.7242E-09 7.9598E-09 8.1763E-09 8.3750E-09 8.5541E-09 8.7172E-09 8.8645E-09 8.9942E-09 9.1103E-09 9.2111E-09 9.2972E-09 9.3702E-09 9.4288E-09 9.4742E-09 9.5081E-09 9.5291E-09 9.5394E-09 9.5382E-09 9.5268E-09 9.5046E-09 9.4732E-09 9.4361E-09 9.3884E-09 9.3328E-09 9.2705E-09 9.2015E-09 9.1256E-09 9.0446E-09 8.9574E-09 8.8663E-09 8.7707E-09 8.6727E-09 8.5713E-09 8.4666E-09 8.3595E-09 8.2491E-09 8.1372E-09 8.0224E-09 7.9060E-09 7.7872E-09 7.6656E-09 7.5412E-09 7.4142E-09 7.2849E-09 7.1537E-09 7.0201E-09 6.8856E-09 6.7512E-09 6.6157E-09 6.4805E-09
5.6847E-09 6.0477E-09 6.4006E-09 6.7377E-09 7.0567E-09 7.3606E-09 7.6436E-09 7.9092E-09 8.1532E-09 8.3788E-09 8.5840E-09 8.7697E-09 8.9365E-09 9.0862E-09 9.2175E-09 9.3338E-09 9.4356E-09 9.5214E-09 9.5934E-09 9.6511E-09 9.6963E-09 9.7279E-09 9.7471E-09 9.7562E-09 9.7529E-09 9.7379E-09 9.7149E-09 9.6828E-09 9.6399E-09 9.5893E-09 9.5322E-09 9.4664E-09 9.3946E-09 9.3158E-09 9.2314E-09 9.1408E-09 9.0461E-09 8.9465E-09 8.8430E-09 8.7374E-09 8.6283E-09 8.5173E-09 8.4036E-09 8.2871E-09 8.1687E-09 8.0469E-09 7.9240E-09 7.7984E-09 7.6701E-09 7.5389E-09 7.4055E-09 7.2700E-09 7.1324E-09 6.9938E-09 6.8539E-09 6.7140E-09 6.5740E-09
5.7652E-09 6.1439E-09 6.5126E-09 6.8634E-09 7.1984E-09 7.5132E-09 7.8106E-09 8.0858E-09 8.3409E-09 8.5748E-09 8.7882E-09 8.9798E-09 9.1520E-09 9.3042E-09 9.4376E-09 9.5559E-09 9.6570E-09 9.7425E-09 9.8138E-09 9.8715E-09 9.9145E-09 9.9451E-09 9.9631E-09 9.9699E-09 9.9638E-09 9.9499E-09 9.9225E-09 9.8856E-09 9.8418E-09 9.7885E-09 9.7277E-09 9.6593E-09 9.5838E-09 9.5017E-09 9.4141E-09 9.3201E-09 9.2215E-09 9.1184E-09 9.0115E-09 8.9011E-09 8.7881E-09 8.6715E-09 8.5530E-09 8.4321E-09 8.3086E-09 8.1834E-09 8.0554E-09 7.9264E-09 7.7946E-09 7.6603E-09 7.5240E-09 7.3849E-09 7.2435E-09 7.1003E-09 6.9559E-09 6.8114E-09 6.6661E-09
5.8342E-09 6.2275E-09 6.6123E-09 6.9791E-09 7.3273E-09 7.6577E-09 7.9671E-09 8.2549E-09 8.5201E-09 8.7643E-09 8.9853E-09 9.1839E-09 9.3611E-09 9.5174E-09 9.6544E-09 9.7732E-09 9.8749E-09 9.9602E-09 1.0031E-08 1.0087E-08 1.0130E-08 1.0159E-08 1.0175E-08 1.0181E-08 1.0174E-08 1.0154E-08 1.0125E-08 1.0088E-08 1.0039E-08 9.9833E-09 9.9186E-09 9.8465E-09 9.7681E-09 9.6830E-09 9.5920E-09 9.4949E-09 9.3934E-09 9.2860E-09 9.1747E-09 9.0598E-09 8.9413E-09 8.8214E-09 8.6984E-09 8.5736E-09 8.4462E-09 8.3162E-09 8.1848E-09 8.0514E-09 7.9169E-09 7.7793E-09 7.6389E-09 7.4965E-09 7.3520E-09 7.2053E-09 7.0577E-09 6.9084E-09 6.7589E-09
