Assets/Resources/2015_m01_d25_1700(utc+0800)_l00_csi_1hr_conc.grd
DSAA
         159         159
     -79.000      79.000
     -79.000      79.000
  0.0000E+00  0.4990E-04
[rows 100 to 124 of 159, columns 57 to 113 of 159]
1.7672E-10 2.8185E-10 4.1218E-10 5.8526E-10 8.0576E-10 1.0885E-09 1.4515E-09 1.9098E-09 2.4752E-09 3.1626E-09 3.9848E-09 4.9658E-09 6.0801E-09 7.3317E-09 8.7074E-09 1.0185E-08 1.1728E-08 1.3298E-08 1.4843E-08 1.6330E-08 1.7698E-08 1.8880E-08 1.9840E-08 2.0518E-08 2.0901E-08 2.0972E-08 2.0725E-08 2.0207E-08 1.9530E-08 1.8624E-08 1.7578E-08 1.6376E-08 1.5108E-08 1.3892E-08 1.2808E-08 1.1881E-08 1.1044E-08 1.0271E-08 9.5632E-09 8.9020E-09 8.2930E-09 7.7255E-09 7.1952E-09 6.7000E-09 6.2284E-09 5.7936E-09 5.3818E-09 4.9911E-09 4.5925E-09 4.2489E-09 3.9097E-09 3.5986E-09 3.3016E-09 3.0104E-09 2.7455E-09 2.4951E-09 2.2523E-09
1.4669E-10 2.4064E-10 3.4631E-10 4.9390E-10 6.9153E-10 9.3589E-10 1.2459E-09 1.6374E-09 2.1198E-09 2.7062E-09 3.4042E-09 4.2217E-09 5.1778E-09 6.2375E-09 7.3998E-09 8.6454E-09 9.9475E-09 1.1269E-08 1.2569E-08 1.3806E-08 1.4931E-08 1.5935E-08 1.6741E-08 1.7326E-08 1.7669E-08 1.7767E-08 1.7631E-08 1.7304E-08 1.6800E-08 1.6116E-08 1.5279E-08 1.4359E-08 1.3319E-08 1.2311E-08 1.1419E-08 1.0624E-08 9.9170E-09 9.2642E-09 8.6509E-09 8.0821E-09 7.5497E-09 7.0496E-09 6.5793E-09 6.1299E-09 5.7163E-09 5.3233E-09 4.9496E-09 4.5584E-09 4.2304E-09 3.9148E-09 3.6032E-09 3.3164E-09 3.0313E-09 2.7736E-09 2.5287E-09 2.2874E-09 2.0722E-09
1.0362E-10 1.8865E-10 2.9118E-10 4.1836E-10 5.8857E-10 7.9278E-10 1.0554E-09 1.3841E-09 1.7904E-09 2.2819E-09 2.8681E-09 3.5514E-09 4.3345E-09 5.2313E-09 6.1997E-09 7.2380E-09 8.3208E-09 9.4203E-09 1.0504E-08 1.1535E-08 1.2476E-08 1.3295E-08 1.3961E-08 1.4452E-08 1.4793E-08 1.4913E-08 1.4845E-08 1.4648E-08 1.4335E-08 1.3793E-08 1.3167E-08 1.2447E-08 1.1690E-08 1.0868E-08 1.0098E-08 9.4275E-09 8.8333E-09 8.2832E-09 7.7701E-09 7.2828E-09 6.8214E-09 6.3859E-09 5.9656E-09 5.5796E-09 5.2128E-09 4.8609E-09 4.5245E-09 4.1727E-09 3.8746E-09 3.5760E-09 3.3028E-09 3.0401E-09 2.7793E-09 2.5411E-09 2.3160E-09 2.0948E-09 1.8968E-09
7.7102E-11 1.5244E-10 2.3644E-10 3.5071E-10 4.8023E-10 6.6248E-10 8.8161E-10 1.1553E-09 1.4910E-09 1.8994E-09 2.3827E-09 2.9467E-09 3.5929E-09 4.3150E-09 5.1258E-09 5.9785E-09 6.8689E-09 7.7747E-09 8.6669E-09 9.5178E-09 1.0299E-08 1.0983E-08 1.1545E-08 1.1970E-08 1.2251E-08 1.2383E-08 1.2371E-08 1.2232E-08 1.2067E-08 1.1746E-08 1.1291E-08 1.0738E-08 1.0142E-08 9.5215E-09 8.8703E-09 8.2969E-09 7.8054E-09 7.3574E-09 6.9258E-09 6.5144E-09 6.1200E-09 5.7461E-09 5.3848E-09 5.0463E-09 4.7212E-09 4.4085E-09 4.0718E-09 3.7948E-09 3.5257E-09 3.2562E-09 3.0082E-09 2.7693E-09 2.5324E-09 2.3165E-09 2.0999E-09 1.9083E-09 1.7273E-09
5.1162E-11 1.1379E-10 1.8481E-10 2.7307E-10 3.9628E-10 5.3543E-10 7.2584E-10 9.5076E-10 1.2257E-09 1.5594E-09 1.9538E-09 2.4144E-09 2.9395E-09 3.5283E-09 4.1716E-09 4.8760E-09 5.6009E-09 6.3373E-09 7.0650E-09 7.7625E-09 8.4049E-09 8.9718E-09 9.4460E-09 9.8116E-09 1.0067E-08 1.0210E-08 1.0245E-08 1.0165E-08 1.0067E-08 9.9205E-09 9.5854E-09 9.1984E-09 8.7313E-09 8.2508E-09 7.7403E-09 7.2614E-09 6.8547E-09 6.4861E-09 6.1312E-09 5.7858E-09 5.4550E-09 5.1313E-09 4.8273E-09 4.5327E-09 4.2467E-09 3.9713E-09 3.6775E-09 3.4302E-09 3.1783E-09 2.9477E-09 2.7241E-09 2.4987E-09 2.2945E-09 2.0988E-09 1.9040E-09 1.7288E-09 1.5643E-09
0.0000E+00 8.2311E-11 1.4486E-10 2.2226E-10 3.0967E-10 4.3618E-10 5.9300E-10 7.7305E-10 9.9629E-10 1.2648E-09 1.5837E-09 1.9533E-09 2.3766E-09 2.8491E-09 3.3664E-09 3.9212E-09 4.4996E-09 5.1063E-09 5.6955E-09 6.2607E-09 6.7853E-09 7.2539E-09 7.6500E-09 7.9636E-09 8.1941E-09 8.3430E-09 8.4099E-09 8.3892E-09 8.3055E-09 8.2598E-09 8.0770E-09 7.7903E-09 7.4650E-09 7.0864E-09 6.7005E-09 6.3163E-09 5.9800E-09 5.6810E-09 5.3894E-09 5.1041E-09 4.8257E-09 4.5583E-09 4.2973E-09 4.0418E-09 3.7945E-09 3.5236E-09 3.3008E-09 3.0817E-09 2.8583E-09 2.6524E-09 2.4410E-09 2.2506E-09 2.0669E-09 1.8808E-09 1.7156E-09 1.5585E-09 1.4088E-09
0.0000E+00 0.0000E+00 1.0510E-10 1.6900E-10 2.4618E-10 3.4394E-10 4.6447E-10 6.2185E-10 8.0007E-10 1.0152E-09 1.2681E-09 1.5623E-09 1.8991E-09 2.2746E-09 2.6872E-09 3.1280E-09 3.5895E-09 4.0617E-09 4.5300E-09 4.9819E-09 5.4249E-09 5.8082E-09 6.1380E-09 6.4058E-09 6.6126E-09 6.7619E-09 6.8509E-09 6.8739E-09 6.8338E-09 6.8106E-09 6.7513E-09 6.5484E-09 6.3161E-09 6.0536E-09 5.7522E-09 5.4627E-09 5.1812E-09 4.9425E-09 4.7070E-09 4.4727E-09 4.2415E-09 4.0176E-09 3.7967E-09 3.5809E-09 3.3362E-09 3.1397E-09 2.9445E-09 2.7415E-09 2.5551E-09 2.3724E-09 2.1851E-09 2.0153E-09 1.8510E-09 1.6852E-09 1.5371E-09 1.3961E-09 1.2568E-09
0.0000E+00 0.0000E+00 1.5395E-11 1.1774E-10 1.8526E-10 2.6850E-10 3.6236E-10 4.8396E-10 6.3634E-10 8.0480E-10 1.0049E-09 1.2378E-09 1.5017E-09 1.7983E-09 2.1223E-09 2.4699E-09 2.8358E-09 3.2094E-09 3.5823E-09 3.9458E-09 4.2871E-09 4.5980E-09 4.8711E-09 5.0975E-09 5.2786E-09 5.4264E-09 5.5299E-09 5.5850E-09 5.5901E-09 5.5634E-09 5.5705E-09 5.4749E-09 5.3113E-09 5.1257E-09 4.9102E-09 4.6823E-09 4.4680E-09 4.2722E-09 4.0766E-09 3.8906E-09 3.7035E-09 3.5188E-09 3.3354E-09 3.1530E-09 2.9517E-09 2.7817E-09 2.6005E-09 2.4352E-09 2.2703E-09 2.0990E-09 1.9445E-09 1.7939E-09 1.6389E-09 1.5012E-09 1.3692E-09 1.2435E-09 1.1195E-09
0.0000E+00 0.0000E+00 3.0646E-12 9.0972E-11 1.4510E-10 1.9499E-10 2.7930E-10 3.7179E-10 4.8863E-10 6.2022E-10 7.8966E-10 9.7082E-10 1.1777E-09 1.4080E-09 1.6608E-09 1.9337E-09 2.2196E-09 2.5135E-09 2.8097E-09 3.0981E-09 3.3724E-09 3.6264E-09 3.8514E-09 4.0433E-09 4.2017E-09 4.3452E-09 4.4519E-09 4.5259E-09 4.5584E-09 4.5495E-09 4.5626E-09 4.5540E-09 4.4409E-09 4.3044E-09 4.1606E-09 3.9895E-09 3.8151E-09 3.6596E-09 3.5134E-09 3.3636E-09 3.2146E-09 3.0630E-09 2.9115E-09 2.7393E-09 2.5949E-09 2.4488E-09 2.2931E-09 2.1493E-09 1.9952E-09 1.8572E-09 1.7201E-09 1.5774E-09 1.4514E-09 1.3295E-09 1.2127E-09 1.0968E-09 9.9142E-10
0.0000E+00 0.0000E+00 0.0000E+00 1.5693E-11 9.8400E-11 1.5102E-10 2.1420E-10 2.8944E-10 3.7197E-10 4.8171E-10 6.0189E-10 7.5464E-10 9.1529E-10 1.0935E-09 1.2904E-09 1.5014E-09 1.7239E-09 1.9549E-09 2.1867E-09 2.4151E-09 2.6355E-09 2.8402E-09 3.0254E-09 3.1871E-09 3.3254E-09 3.4594E-09 3.5664E-09 3.6490E-09 3.6958E-09 3.7157E-09 3.7110E-09 3.7341E-09 3.6864E-09 3.5964E-09 3.4808E-09 3.3601E-09 3.2391E-09 3.1204E-09 3.0093E-09 2.8931E-09 2.7715E-09 2.6500E-09 2.5091E-09 2.3902E-09 2.2677E-09 2.1334E-09 2.0099E-09 1.8739E-09 1.7529E-09 1.6325E-09 1.5030E-09 1.3884E-09 1.2777E-09 1.1706E-09 1.0628E-09 9.6603E-10 8.7300E-10
0.0000E+00 0.0000E+00 0.0000E+00 3.1047E-12 2.5333E-11 1.0210E-10 1.5592E-10 2.1484E-10 2.8912E-10 3.6335E-10 4.6332E-10 5.7195E-10 6.9373E-10 8.4458E-10 9.9526E-10 1.1580E-09 1.3314E-09 1.5101E-09 1.6915E-09 1.8724E-09 2.0473E-09 2.2123E-09 2.3641E-09 2.5008E-09 2.6203E-09 2.7420E-09 2.8440E-09 2.9285E-09 2.9839E-09 3.0041E-09 2.9935E-09 3.0179E-09 3.0346E-09 2.9636E-09 2.8979E-09 2.8190E-09 2.7364E-09 2.6491E-09 2.5613E-09 2.4722E-09 2.3782E-09 2.2676E-09 2.1729E-09 2.0733E-09 1.9602E-09 1.8568E-09 1.7512E-09 1.6354E-09 1.5308E-09 1.4153E-09 1.3150E-09 1.2148E-09 1.1182E-09 1.0194E-09 9.3073E-10 8.4594E-10 7.6429E-10
0.0000E+00 0.0000E+00 0.0000E+00 0.0000E+00 1.5451E-11 3.0495E-11 5.8723E-11 1.5487E-10 2.1652E-10 2.7969E-10 3.4666E-10 4.3661E-10 5.3063E-10 6.3513E-10 7.5045E-10 8.8938E-10 1.0224E-09 1.1608E-09 1.3021E-09 1.4448E-09 1.5834E-09 1.7160E-09 1.8412E-09 1.9542E-09 2.0583E-09 2.1651E-09 2.2599E-09 2.3289E-09 2.3752E-09 2.4147E-09 2.4253E-09 2.4314E-09 2.4587E-09 2.4453E-09 2.4042E-09 2.3545E-09 2.2941E-09 2.2347E-09 2.1715E-09 2.1012E-09 2.0213E-09 1.9489E-09 1.8708E-09 1.7782E-09 1.6941E-09 1.6066E-09 1.5076E-09 1.4187E-09 1.3176E-09 1.2304E-09 1.1436E-09 1.0566E-09 9.7282E-10 8.8740E-10 8.1027E-10 7.3527E-10 6.6525E-10
0.0000E+00 0.0000E+00 0.0000E+00 0.0000E+00 3.0448E-12 1.9650E-11 3.3043E-11 4.9522E-11 1.3884E-10 1.9635E-10 2.6483E-10 3.2389E-10 4.0287E-10 4.8303E-10 5.7112E-10 6.6630E-10 7.6900E-10 8.7398E-10 9.9846E-10 1.1100E-09 1.2200E-09 1.3275E-09 1.4284E-09 1.5194E-09 1.6081E-09 1.6921E-09 1.7711E-09 1.8453E-09 1.8930E-09 1.9195E-09 1.9521E-09 1.9639E-09 1.9907E-09 2.0115E-09 1.9840E-09 1.9513E-09 1.9156E-09 1.8747E-09 1.8206E-09 1.7754E-09 1.7233E-09 1.6530E-09 1.5919E-09 1.5258E-09 1.4437E-09 1.3728E-09 1.2991E-09 1.2123E-09 1.1382E-09 1.0633E-09 9.8819E-10 9.1356E-10 8.3704E-10 7.6795E-10 7.0002E-10 6.3625E-10 5.7568E-10
0.0000E+00 0.0000E+00 0.0000E+00 0.0000E+00 0.0000E+00 1.0536E-11 2.6082E-11 3.5309E-11 5.2353E-11 8.0346E-11 1.8454E-10 2.4115E-10 2.9616E-10 3.6184E-10 4.3121E-10 5.0459E-10 5.8014E-10 6.6309E-10 7.4684E-10 8.3002E-10 9.1708E-10 9.9968E-10 1.0800E-09 1.1480E-09 1.2193E-09 1.2972E-09 1.3698E-09 1.4289E-09 1.4913E-09 1.5335E-09 1.5680E-09 1.5860E-09 1.6024E-09 1.6270E-09 1.6256E-09 1.6101E-09 1.5887E-09 1.5614E-09 1.5340E-09 1.4993E-09 1.4480E-09 1.4040E-09 1.3545E-09 1.2897E-09 1.2338E-09 1.1744E-09 1.1020E-09 1.0404E-09 9.7724E-10 9.1338E-10 8.4829E-10 7.8085E-10 7.1995E-10 6.6063E-10 6.0212E-10 5.4732E-10 4.8935E-10
0.0000E+00 0.0000E+00 0.0000E+00 0.0000E+00 0.0000E+00 2.8905E-12 1.1338E-11 2.7716E-11 3.9695E-11 5.6915E-11 6.9320E-11 1.5319E-10 2.1872E-10 2.6447E-10 3.1789E-10 3.7428E-10 4.3242E-10 4.9526E-10 5.5798E-10 6.2435E-10 6.9042E-10 7.5351E-10 8.1179E-10 8.7198E-10 9.3113E-10 9.9002E-10 1.0562E-09 1.1142E-09 1.1672E-09 1.2094E-09 1.2450E-09 1.2697E-09 1.2866E-09 1.3091E-09 1.3249E-09 1.3193E-09 1.3127E-09 1.3007E-09 1.2725E-09 1.2495E-09 1.2201E-09 1.1848E-09 1.1365E-09 1.0943E-09 1.0481E-09 9.8961E-10 9.3960E-10 8.8750E-10 8.3404E-10 7.7428E-10 7.2020E-10 6.6745E-10 6.1553E-10 5.6366E-10 5.1483E-10 4.6331E-10 4.1983E-10
0.0000E+00 0.0000E+00 0.0000E+00 0.0000E+00 0.0000E+00 0.0000E+00 3.0952E-12 1.6736E-11 3.1618E-11 4.1202E-11 5.8147E-11 7.0532E-11 8.6947E-11 1.2202E-10 2.2762E-10 2.7268E-10 3.1891E-10 3.6654E-10 4.1464E-10 4.6269E-10 5.0913E-10 5.5934E-10 6.0570E-10 6.5087E-10 7.0746E-10 7.5907E-10 8.1520E-10 8.6566E-10 9.0951E-10 9.5006E-10 9.8505E-10 1.0189E-09 1.0471E-09 1.0710E-09 1.0825E-09 1.0877E-09 1.0877E-09 1.0743E-09 1.0628E-09 1.0459E-09 1.0149E-09 9.8844E-10 9.5686E-10 9.1397E-10 8.7760E-10 8.3816E-10 7.9625E-10 7.5251E-10 7.0247E-10 6.5658E-10 6.1172E-10 5.6707E-10 5.2310E-10 4.8020E-10 4.3234E-10 3.9363E-10 3.5669E-10
0.0000E+00 0.0000E+00 0.0000E+00 0.0000E+00 0.0000E+00 0.0000E+00 0.0000E+00 7.5931E-12 2.0173E-11 3.2628E-11 4.2183E-11 5.8433E-11 6.9980E-11 8.6112E-11 1.0795E-10 1.2782E-10 1.7989E-10 2.1255E-10 3.0161E-10 3.3904E-10 3.7618E-10 4.1263E-10 4.5231E-10 4.8870E-10 5.2975E-10 5.4699E-10 6.0092E-10 6.5443E-10 7.0373E-10 7.4903E-10 7.9107E-10 8.2418E-10 8.5279E-10 8.7410E-10 8.8116E-10 8.8802E-10 8.9098E-10 8.8860E-10 8.7556E-10 8.6376E-10 8.4772E-10 8.1995E-10 7.9537E-10 7.6843E-10 7.3833E-10 7.0558E-10 6.7070E-10 6.2950E-10 5.9280E-10 5.5535E-10 5.1593E-10 4.7840E-10 4.4141E-10 4.0065E-10 3.6663E-10 3.3219E-10 3.0101E-10
0.0000E+00 0.0000E+00 0.0000E+00 0.0000E+00 0.0000E+00 0.0000E+00 0.0000E+00 0.0000E+00 1.0704E-11 2.0771E-11 3.3123E-11 4.2492E-11 5.7465E-11 6.8782E-11 8.3986E-11 9.8725E-11 1.2064E-10 1.4244E-10 1.6635E-10 2.0792E-10 2.3582E-10 2.6842E-10 3.0206E-10 3.3779E-10 3.7908E-10 4.2501E-10 4.6959E-10 5.1327E-10 5.5768E-10 5.9595E-10 6.3102E-10 6.6029E-10 6.8602E-10 7.0746E-10 7.1998E-10 7.2538E-10 7.2900E-10 7.2922E-10 7.2507E-10 7.1180E-10 7.0004E-10 6.8450E-10 6.6550E-10 6.4341E-10 6.1693E-10 5.8477E-10 5.5681E-10 5.2733E-10 4.9678E-10 4.6555E-10 4.3406E-10 4.0092E-10 3.6553E-10 3.3618E-10 3.0765E-10 2.8018E-10 2.5222E-10
0.0000E+00 0.0000E+00 0.0000E+00 0.0000E+00 0.0000E+00 0.0000E+00 0.0000E+00 0.0000E+00 2.8915E-12 1.0995E-11 2.1015E-11 3.2584E-11 4.1662E-11 5.2265E-11 6.5777E-11 8.0383E-11 9.3839E-11 1.1139E-10 1.3039E-10 1.5120E-10 1.7754E-10 2.0046E-10 2.2634E-10 2.5866E-10 2.9293E-10 3.3206E-10 3.6958E-10 4.0463E-10 4.3915E-10 4.7277E-10 5.0288E-10 5.3055E-10 5.5404E-10 5.7317E-10 5.8377E-10 5.9290E-10 5.9603E-10 5.9731E-10 5.9532E-10 5.8943E-10 5.8009E-10 5.6760E-10 5.5221E-10 5.2891E-10 5.0946E-10 4.8801E-10 4.6319E-10 4.3884E-10 4.1357E-10 3.8771E-10 3.6159E-10 3.3128E-10 3.0631E-10 2.8011E-10 2.5636E-10 2.3347E-10 2.0717E-10
0.0000E+00 0.0000E+00 0.0000E+00 0.0000E+00 0.0000E+00 0.0000E+00 0.0000E+00 0.0000E+00 0.0000E+00 2.9585E-12 1.1144E-11 2.0801E-11 3.1422E-11 4.0282E-11 4.8023E-11 6.2181E-11 7.4938E-11 8.7793E-11 1.0358E-10 1.1815E-10 1.3775E-10 1.5750E-10 1.8009E-10 2.0074E-10 2.3112E-10 2.6085E-10 2.9449E-10 3.2419E-10 3.5379E-10 3.8076E-10 4.0627E-10 4.2919E-10 4.4978E-10 4.6560E-10 4.7639E-10 4.8410E-10 4.8883E-10 4.9043E-10 4.8885E-10 4.8467E-10 4.7759E-10 4.6251E-10 4.5081E-10 4.3689E-10 4.2101E-10 4.0346E-10 3.8452E-10 3.6449E-10 3.4195E-10 3.1595E-10 2.9522E-10 2.7441E-10 2.5376E-10 2.3347E-10 2.1202E-10 1.8881E-10 1.7147E-10
0.0000E+00 0.0000E+00 0.0000E+00 0.0000E+00 0.0000E+00 0.0000E+00 0.0000E+00 0.0000E+00 0.0000E+00 0.0000E+00 2.9879E-12 1.1064E-11 2.0183E-11 2.6653E-11 3.5448E-11 4.4707E-11 5.5144E-11 6.6372E-11 7.9750E-11 9.1404E-11 1.0730E-10 1.2076E-10 1.3834E-10 1.5665E-10 1.7767E-10 2.0322E-10 2.3201E-10 2.5821E-10 2.8145E-10 3.0502E-10 3.2618E-10 3.4610E-10 3.6407E-10 3.7776E-10 3.8684E-10 3.9363E-10 3.9817E-10 3.9530E-10 3.9473E-10 3.9178E-10 3.8655E-10 3.7914E-10 3.6972E-10 3.5846E-10 3.4559E-10 3.3131E-10 3.1589E-10 2.9455E-10 2.7829E-10 2.5974E-10 2.4273E-10 2.2565E-10 2.0868E-10 1.9201E-10 1.7067E-10 1.5504E-10 1.4077E-10
0.0000E+00 0.0000E+00 0.0000E+00 0.0000E+00 0.0000E+00 0.0000E+00 0.0000E+00 0.0000E+00 0.0000E+00 0.0000E+00 0.0000E+00 2.9786E-12 1.0671E-11 1.5302E-11 2.2243E-11 3.2317E-11 4.1362E-11 5.0207E-11 5.7932E-11 7.0550E-11 8.0625E-11 9.4905E-11 1.0731E-10 1.1973E-10 1.3545E-10 1.5804E-10 1.7920E-10 2.0292E-10 2.2193E-10 2.3982E-10 2.5938E-10 2.7607E-10 2.8966E-10 2.9935E-10 3.0892E-10 3.1448E-10 3.1852E-10 3.2063E-10 3.2039E-10 3.1860E-10 3.1456E-10 3.0866E-10 3.0112E-10 2.9207E-10 2.8170E-10 2.6513E-10 2.5332E-10 2.4069E-10 2.2744E-10 2.1376E-10 1.9804E-10 1.8411E-10 1.6577E-10 1.5287E-10 1.4025E-10 1.2617E-10 1.1452E-10
0.0000E+00 0.0000E+00 0.0000E+00 0.0000E+00 0.0000E+00 0.0000E+00 0.0000E+00 0.0000E+00 0.0000E+00 0.0000E+00 0.0000E+00 0.0000E+00 2.9309E-12 1.0030E-11 1.1800E-11 2.0193E-11 2.7027E-11 3.6392E-11 4.2550E-11 5.1706E-11 5.9505E-11 7.0317E-11 7.9265E-11 9.1048E-11 1.0311E-10 1.1808E-10 1.3746E-10 1.5490E-10 1.7380E-10 1.8881E-10 2.0578E-10 2.2011E-10 2.3051E-10 2.3921E-10 2.4759E-10 2.5270E-10 2.5601E-10 2.5809E-10 2.5802E-10 2.5657E-10 2.5375E-10 2.4913E-10 2.4341E-10 2.3143E-10 2.2367E-10 2.1495E-10 2.0540E-10 1.9519E-10 1.8447E-10 1.7340E-10 1.6212E-10 1.4486E-10 1.3426E-10 1.2378E-10 1.1353E-10 1.0360E-10 8.8271E-11
0.0000E+00 0.0000E+00 0.0000E+00 0.0000E+00 0.0000E+00 0.0000E+00 0.0000E+00 0.0000E+00 0.0000E+00 0.0000E+00 0.0000E+00 0.0000E+00 0.0000E+00 2.8468E-12 3.3501E-12 1.0492E-11 1.5494E-11 2.3892E-11 2.7884E-11 3.5882E-11 4.1810E-11 5.0292E-11 5.7104E-11 6.7804E-11 7.5933E-11 8.6474E-11 1.0255E-10 1.1488E-10 1.2959E-10 1.4550E-10 1.5866E-10 1.7300E-10 1.8125E-10 1.8837E-10 1.9404E-10 2.0025E-10 2.0339E-10 2.0554E-10 2.0595E-10 2.0104E-10 1.9895E-10 1.9571E-10 1.9140E-10 1.8608E-10 1.7987E-10 1.7287E-10 1.6522E-10 1.5701E-10 1.4840E-10 1.3526E-10 1.2675E-10 1.1814E-10 1.0769E-10 9.9247E-11 8.6703E-11 7.9327E-11 7.2201E-11
0.0000E+00 0.0000E+00 0.0000E+00 0.0000E+00 0.0000E+00 0.0000E+00 0.0000E+00 0.0000E+00 0.0000E+00 0.0000E+00 0.0000E+00 0.0000E+00 0.0000E+00 0.0000E+00 0.0000E+00 3.1910E-12 9.5504E-12 1.3628E-11 1.7861E-11 2.3723E-11 2.7502E-11 3.4444E-11 4.2076E-11 4.7869E-11 5.3990E-11 6.2794E-11 7.3811E-11 8.4366E-11 9.8006E-11 1.1038E-10 1.2070E-10 1.2984E-10 1.3817E-10 1.4390E-10 1.4890E-10 1.5502E-10 1.5768E-10 1.5916E-10 1.5975E-10 1.5961E-10 1.5800E-10 1.5588E-10 1.5246E-10 1.4825E-10 1.4340E-10 1.3783E-10 1.2699E-10 1.2098E-10 1.1460E-10 1.0796E-10 1.0115E-10 9.4251E-11 8.7353E-11 7.4766E-11 6.8715E-11 6.2817E-11 5.7124E-11
