Assets/Resources/2015_m01_d20_0700(utc+0800)_l00_csi_1hr_conc.grd
DSAA
         159         159
     -79.000      79.000
     -79.000      79.000
  0.0000E+00  0.5653E-05
[rows 75 to 99 of 159, columns 0 to 56 of 159]
4.2108E-11 4.9058E-11 5.8279E-11 6.5750E-11 7.3168E-11 8.0805E-11 8.9468E-11 9.9588E-11 1.1021E-10 1.2123E-10 1.3244E-10 1.4366E-10 1.5539E-10 1.7048E-10 1.8673E-10 2.0429E-10 2.2186E-10 2.4062E-10 2.5994E-10 2.7931E-10 2.9969E-10 3.2109E-10 3.4372E-10 3.6826E-10 3.9393E-10 4.2064E-10 4.4845E-10 4.7689E-10 5.0778E-10 5.3920E-10 5.7255E-10 6.0748E-10 6.4335E-10 6.8152E-10 7.2111E-10 7.6193E-10 8.0522E-10 8.5011E-10 8.9707E-10 9.4813E-10 1.0021E-09 1.0608E-09 1.1230E-09 1.1870E-09 1.2529E-09 1.3211E-09 1.3903E-09 1.4616E-09 1.5338E-09 1.6092E-09 1.6847E-09 1.7615E-09 1.8392E-09 1.9190E-09 1.9981E-09 2.0762E-09 2.1559E-09
3.8911E-11 4.4370E-11 5.2347E-11 6.1148E-11 6.8723E-11 7.5888E-11 8.3440E-11 9.3280E-11 1.0375E-10 1.1433E-10 1.2499E-10 1.3566E-10 1.4695E-10 1.5965E-10 1.7458E-10 1.9229E-10 2.0899E-10 2.2752E-10 2.4545E-10 2.6497E-10 2.8461E-10 3.0475E-10 3.2658E-10 3.4972E-10 3.7454E-10 4.0002E-10 4.2645E-10 4.5413E-10 4.8327E-10 5.1377E-10 5.4554E-10 5.7845E-10 6.1332E-10 6.4974E-10 6.8762E-10 7.2667E-10 7.6812E-10 8.1109E-10 8.5594E-10 9.0463E-10 9.5632E-10 1.0125E-09 1.0715E-09 1.1333E-09 1.1979E-09 1.2639E-09 1.3309E-09 1.4002E-09 1.4703E-09 1.5425E-09 1.6172E-09 1.6921E-09 1.7681E-09 1.8461E-09 1.9236E-09 2.0002E-09 2.0785E-09
3.3693E-11 4.0040E-11 4.6785E-11 5.5157E-11 6.2956E-11 7.0688E-11 7.8054E-11 8.6783E-11 9.6814E-11 1.0755E-10 1.1837E-10 1.2852E-10 1.3900E-10 1.5015E-10 1.6340E-10 1.7945E-10 1.9613E-10 2.1403E-10 2.3259E-10 2.5098E-10 2.6921E-10 2.8942E-10 3.0976E-10 3.3157E-10 3.5508E-10 3.8001E-10 4.0556E-10 4.3210E-10 4.5936E-10 4.8883E-10 5.1891E-10 5.5078E-10 5.8400E-10 6.1880E-10 6.5461E-10 6.9233E-10 7.3197E-10 7.7258E-10 8.1583E-10 8.6173E-10 9.1162E-10 9.6460E-10 1.0220E-09 1.0814E-09 1.1438E-09 1.2078E-09 1.2727E-09 1.3392E-09 1.4079E-09 1.4779E-09 1.5507E-09 1.6236E-09 1.6965E-09 1.7728E-09 1.8497E-09 1.9248E-09 2.0015E-09
2.3253E-11 3.5372E-11 4.2128E-11 4.9570E-11 5.8091E-11 6.5310E-11 7.2548E-11 8.0392E-11 9.0271E-11 1.0043E-10 1.1105E-10 1.2127E-10 1.3167E-10 1.4216E-10 1.5344E-10 1.6692E-10 1.8335E-10 2.0112E-10 2.1820E-10 2.3664E-10 2.5521E-10 2.7431E-10 2.9356E-10 3.1471E-10 3.3623E-10 3.6047E-10 3.8465E-10 4.1011E-10 4.3660E-10 4.6434E-10 4.9340E-10 5.2371E-10 5.5561E-10 5.8831E-10 6.2291E-10 6.5902E-10 6.9628E-10 7.3559E-10 7.7626E-10 8.2055E-10 8.6800E-10 9.1866E-10 9.7367E-10 1.0307E-09 1.0903E-09 1.1521E-09 1.2149E-09 1.2800E-09 1.3465E-09 1.4145E-09 1.4840E-09 1.5560E-09 1.6270E-09 1.7015E-09 1.7755E-09 1.8501E-09 1.9239E-09
1.4601E-11 2.7888E-11 3.8147E-11 4.3492E-11 5.0743E-11 5.9103E-11 6.7668E-11 7.5015E-11 8.3318E-11 9.3611E-11 1.0389E-10 1.1403E-10 1.2379E-10 1.3421E-10 1.4514E-10 1.5653E-10 1.7061E-10 1.8770E-10 2.0515E-10 2.2333E-10 2.4065E-10 2.5947E-10 2.7841E-10 2.9792E-10 3.1840E-10 3.4074E-10 3.6469E-10 3.8937E-10 4.1450E-10 4.4096E-10 4.6865E-10 4.9713E-10 5.2748E-10 5.5902E-10 5.9222E-10 6.2619E-10 6.6212E-10 6.9974E-10 7.3843E-10 7.8043E-10 8.2510E-10 8.7402E-10 9.2590E-10 9.8138E-10 1.0383E-09 1.0983E-09 1.1591E-09 1.2220E-09 1.2857E-09 1.3510E-09 1.4196E-09 1.4896E-09 1.5586E-09 1.6299E-09 1.7033E-09 1.7763E-09 1.8484E-09
7.6730E-12 1.6720E-11 2.9386E-11 3.9505E-11 4.5686E-11 5.4010E-11 6.1762E-11 6.9543E-11 7.7063E-11 8.6604E-11 9.7144E-11 1.0696E-10 1.1665E-10 1.2641E-10 1.3654E-10 1.4758E-10 1.5952E-10 1.7407E-10 1.9124E-10 2.0864E-10 2.2671E-10 2.4484E-10 2.6256E-10 2.8199E-10 3.0116E-10 3.2257E-10 3.4448E-10 3.6872E-10 3.9264E-10 4.1792E-10 4.4421E-10 4.7178E-10 5.0068E-10 5.3035E-10 5.6186E-10 5.9463E-10 6.2908E-10 6.6436E-10 7.0164E-10 7.4102E-10 7.8402E-10 8.2983E-10 8.8004E-10 9.3317E-10 9.8807E-10 1.0450E-09 1.1044E-09 1.1645E-09 1.2268E-09 1.2900E-09 1.3564E-09 1.4232E-09 1.4913E-09 1.5607E-09 1.6322E-09 1.7033E-09 1.7738E-09
3.2666E-12 8.8199E-12 2.1677E-11 3.3493E-11 4.0645E-11 4.7314E-11 5.5351E-11 6.3465E-11 7.1192E-11 7.9689E-11 8.9537E-11 1.0025E-10 1.0968E-10 1.1902E-10 1.2850E-10 1.3906E-10 1.4991E-10 1.6182E-10 1.7703E-10 1.9543E-10 2.1221E-10 2.2977E-10 2.4820E-10 2.6604E-10 2.8495E-10 3.0469E-10 3.2568E-10 3.4812E-10 3.7177E-10 3.9590E-10 4.2104E-10 4.4689E-10 4.7426E-10 5.0297E-10 5.3296E-10 5.6426E-10 5.9625E-10 6.3047E-10 6.6605E-10 7.0328E-10 7.4420E-10 7.8779E-10 8.3552E-10 8.8586E-10 9.3846E-10 9.9374E-10 1.0510E-09 1.1091E-09 1.1686E-09 1.2303E-09 1.2933E-09 1.3592E-09 1.4253E-09 1.4914E-09 1.5610E-09 1.6315E-09 1.7002E-09
1.5929E-12 4.7489E-12 1.0915E-11 2.2078E-11 3.5146E-11 4.2774E-11 4.9716E-11 5.7187E-11 6.5220E-11 7.3163E-11 8.2587E-11 9.2733E-11 1.0263E-10 1.1180E-10 1.2123E-10 1.3077E-10 1.4114E-10 1.5229E-10 1.6386E-10 1.8010E-10 1.9823E-10 2.1552E-10 2.3310E-10 2.5050E-10 2.6844E-10 2.8731E-10 3.0706E-10 3.2827E-10 3.5100E-10 3.7439E-10 3.9827E-10 4.2311E-10 4.4921E-10 4.7651E-10 5.0502E-10 5.3429E-10 5.6530E-10 5.9724E-10 6.3104E-10 6.6629E-10 7.0515E-10 7.4701E-10 7.9184E-10 8.4053E-10 8.9084E-10 9.4402E-10 9.9836E-10 1.0541E-09 1.1124E-09 1.1719E-09 1.2328E-09 1.2953E-09 1.3605E-09 1.4246E-09 1.4923E-09 1.5596E-09 1.6277E-09
1.1595E-12 1.7254E-12 4.8072E-12 1.1051E-11 2.3277E-11 3.6278E-11 4.3546E-11 5.0806E-11 5.8801E-11 6.7045E-11 7.4947E-11 8.4849E-11 9.5624E-11 1.0488E-10 1.1379E-10 1.2290E-10 1.3285E-10 1.4326E-10 1.5408E-10 1.6605E-10 1.8285E-10 2.0101E-10 2.1852E-10 2.3529E-10 2.5332E-10 2.7147E-10 2.9004E-10 3.0972E-10 3.3102E-10 3.5351E-10 3.7650E-10 3.9988E-10 4.2462E-10 4.5048E-10 4.7753E-10 5.0584E-10 5.3481E-10 5.6565E-10 5.9787E-10 6.3124E-10 6.6794E-10 7.0706E-10 7.5018E-10 7.9590E-10 8.4476E-10 8.9500E-10 9.4765E-10 1.0014E-09 1.0575E-09 1.1144E-09 1.1726E-09 1.2341E-09 1.2971E-09 1.3593E-09 1.4237E-09 1.4903E-09 1.5565E-09
8.6987E-13 1.2914E-12 2.3360E-12 6.9636E-12 1.2521E-11 2.5359E-11 3.9009E-11 4.5428E-11 5.2561E-11 6.0446E-11 6.7623E-11 7.7557E-11 8.8063E-11 9.8005E-11 1.0629E-10 1.1525E-10 1.2475E-10 1.3436E-10 1.4517E-10 1.5637E-10 1.6761E-10 1.8481E-10 2.0284E-10 2.2057E-10 2.3765E-10 2.5496E-10 2.7302E-10 2.9155E-10 3.1126E-10 3.3265E-10 3.5500E-10 3.7773E-10 4.0123E-10 4.2596E-10 4.5105E-10 4.7788E-10 5.0588E-10 5.3516E-10 5.6506E-10 5.9724E-10 6.3137E-10 6.6888E-10 7.0910E-10 7.5334E-10 7.9994E-10 8.4811E-10 8.9805E-10 9.5014E-10 1.0035E-09 1.0590E-09 1.1151E-09 1.1732E-09 1.2341E-09 1.2953E-09 1.3564E-09 1.4211E-09 1.4866E-09
3.6559E-13 8.7691E-13 1.3013E-12 2.3549E-12 7.0294E-12 1.5135E-11 2.8202E-11 3.9610E-11 4.6348E-11 5.3805E-11 6.1174E-11 7.0198E-11 8.0076E-11 9.0524E-11 9.9579E-11 1.0791E-10 1.1652E-10 1.2606E-10 1.3604E-10 1.4648E-10 1.5770E-10 1.6988E-10 1.8676E-10 2.0493E-10 2.2206E-10 2.3941E-10 2.5660E-10 2.7436E-10 2.9291E-10 3.1269E-10 3.3405E-10 3.5613E-10 3.7833E-10 4.0166E-10 4.2602E-10 4.5146E-10 4.7801E-10 5.0516E-10 5.3423E-10 5.6464E-10 5.9674E-10 6.3165E-10 6.7035E-10 7.1162E-10 7.5619E-10 8.0214E-10 8.5054E-10 9.0057E-10 9.5171E-10 1.0042E-09 1.0591E-09 1.1151E-09 1.1738E-09 1.2329E-09 1.2920E-09 1.3546E-09 1.4169E-09
0.0000E+00 3.6806E-13 8.8255E-13 1.3092E-12 2.5044E-12 8.1157E-12 1.5238E-11 2.9289E-11 4.0718E-11 4.7766E-11 5.4698E-11 6.2652E-11 7.1283E-11 8.2791E-11 9.2591E-11 1.0102E-10 1.0901E-10 1.1799E-10 1.2715E-10 1.3715E-10 1.4794E-10 1.5875E-10 1.7093E-10 1.8815E-10 2.0705E-10 2.2409E-10 2.4102E-10 2.5791E-10 2.7556E-10 2.9399E-10 3.1393E-10 3.3514E-10 3.5676E-10 3.7888E-10 4.0146E-10 4.2552E-10 4.5070E-10 4.7690E-10 5.0374E-10 5.3251E-10 5.6288E-10 5.9649E-10 6.3295E-10 6.7211E-10 7.1455E-10 7.5820E-10 8.0391E-10 8.5177E-10 9.0063E-10 9.5184E-10 1.0039E-09 1.0574E-09 1.1140E-09 1.1720E-09 1.2291E-09 1.2885E-09 1.3500E-09
0.0000E+00 0.0000E+00 4.8409E-13 8.8679E-13 1.4331E-12 2.9832E-12 9.0835E-12 1.6273E-11 2.9401E-11 4.1312E-11 4.8530E-11 5.5746E-11 6.2880E-11 7.4232E-11 8.5627E-11 9.3849E-11 1.0194E-10 1.1030E-10 1.1892E-10 1.2843E-10 1.3802E-10 1.4880E-10 1.5983E-10 1.7169E-10 1.8925E-10 2.0769E-10 2.2498E-10 2.4198E-10 2.5894E-10 2.7600E-10 2.9446E-10 3.1420E-10 3.3527E-10 3.5648E-10 3.7836E-10 4.0064E-10 4.2444E-10 4.4926E-10 4.7523E-10 5.0181E-10 5.3082E-10 5.6187E-10 5.9638E-10 6.3321E-10 6.7360E-10 7.1597E-10 7.5951E-10 8.0473E-10 8.5213E-10 9.0036E-10 9.5108E-10 1.0026E-09 1.0558E-09 1.1117E-09 1.1678E-09 1.2239E-09 1.2835E-09
0.0000E+00 0.0000E+00 0.0000E+00 4.8596E-13 1.0069E-12 1.4372E-12 3.9501E-12 9.1221E-12 1.6321E-11 3.0354E-11 4.2566E-11 4.8946E-11 5.6440E-11 6.5159E-11 7.6455E-11 8.7015E-11 9.4981E-11 1.0270E-10 1.1104E-10 1.2001E-10 1.2913E-10 1.3905E-10 1.4940E-10 1.6040E-10 1.7323E-10 1.8982E-10 2.0848E-10 2.2527E-10 2.4219E-10 2.5897E-10 2.7607E-10 2.9431E-10 3.1419E-10 3.3485E-10 3.5567E-10 3.7724E-10 3.9973E-10 4.2320E-10 4.4703E-10 4.7278E-10 5.0024E-10 5.2945E-10 5.6185E-10 5.9669E-10 6.3433E-10 6.7459E-10 7.1613E-10 7.5998E-10 8.0519E-10 8.5143E-10 8.9898E-10 9.4907E-10 1.0005E-09 1.0531E-09 1.1083E-09 1.1624E-09 1.2186E-09
0.0000E+00 0.0000E+00 0.0000E+00 0.0000E+00 4.8704E-13 1.0086E-12 1.4391E-12 3.9406E-12 9.5973E-12 1.6339E-11 3.0686E-11 4.2586E-11 4.8962E-11 5.6453E-11 6.6282E-11 7.8366E-11 8.8320E-11 9.5582E-11 1.0366E-10 1.1161E-10 1.2053E-10 1.2999E-10 1.3949E-10 1.5015E-10 1.6069E-10 1.7346E-10 1.9039E-10 2.0898E-10 2.2609E-10 2.4199E-10 2.5908E-10 2.7553E-10 2.9419E-10 3.1338E-10 3.3428E-10 3.5435E-10 3.7544E-10 3.9764E-10 4.2082E-10 4.4452E-10 4.7017E-10 4.9756E-10 5.2815E-10 5.6144E-10 5.9706E-10 6.3541E-10 6.7485E-10 7.1600E-10 7.5928E-10 8.0330E-10 8.4961E-10 8.9683E-10 9.4559E-10 9.9742E-10 1.0494E-09 1.1025E-09 1.1555E-09
0.0000E+00 0.0000E+00 0.0000E+00 0.0000E+00 0.0000E+00 4.8732E-13 1.0087E-12 1.4386E-12 3.9433E-12 9.1361E-12 1.6325E-11 3.0640E-11 4.3650E-11 5.0333E-11 5.7513E-11 6.8893E-11 8.0445E-11 8.9166E-11 9.6044E-11 1.0407E-10 1.1236E-10 1.2087E-10 1.3025E-10 1.3957E-10 1.5018E-10 1.6111E-10 1.7328E-10 1.9028E-10 2.0893E-10 2.2569E-10 2.4141E-10 2.5849E-10 2.7470E-10 2.9316E-10 3.1239E-10 3.3274E-10 3.5234E-10 3.7325E-10 3.9505E-10 4.1788E-10 4.4148E-10 4.6766E-10 4.9583E-10 5.2727E-10 5.6086E-10 5.9718E-10 6.3535E-10 6.7452E-10 7.1503E-10 7.5775E-10 8.0121E-10 8.4696E-10 8.9354E-10 9.4222E-10 9.9335E-10 1.0445E-09 1.0955E-09
0.0000E+00 0.0000E+00 0.0000E+00 0.0000E+00 0.0000E+00 0.0000E+00 4.8682E-13 1.0072E-12 1.4359E-12 3.9388E-12 9.1257E-12 1.3395E-11 3.1412E-11 4.3517E-11 5.0173E-11 5.7320E-11 6.9505E-11 8.1524E-11 8.9377E-11 9.6708E-11 1.0421E-10 1.1254E-10 1.2127E-10 1.3032E-10 1.3994E-10 1.5005E-10 1.6090E-10 1.7372E-10 1.8838E-10 2.0857E-10 2.2536E-10 2.4136E-10 2.5733E-10 2.7396E-10 2.9198E-10 3.1114E-10 3.3055E-10 3.5042E-10 3.7048E-10 3.9177E-10 4.1454E-10 4.3866E-10 4.6555E-10 4.9437E-10 5.2666E-10 5.6050E-10 5.9665E-10 6.3383E-10 6.7312E-10 7.1310E-10 7.5460E-10 7.9830E-10 8.4335E-10 8.8882E-10 9.3806E-10 9.8821E-10 1.0373E-09
0.0000E+00 0.0000E+00 0.0000E+00 0.0000E+00 0.0000E+00 0.0000E+00 0.0000E+00 4.8552E-13 1.0040E-12 1.4308E-12 3.8120E-12 8.3980E-12 1.3206E-11 2.8936E-11 4.3186E-11 5.0154E-11 5.9326E-11 7.1768E-11 8.1634E-11 8.9567E-11 9.6830E-11 1.0466E-10 1.1256E-10 1.2107E-10 1.3016E-10 1.3970E-10 1.4997E-10 1.6041E-10 1.7341E-10 1.8692E-10 2.0766E-10 2.2422E-10 2.4005E-10 2.5575E-10 2.7232E-10 2.9004E-10 3.0894E-10 3.2799E-10 3.4741E-10 3.6718E-10 3.8840E-10 4.1136E-10 4.3595E-10 4.6370E-10 4.9333E-10 5.2535E-10 5.5973E-10 5.9554E-10 6.3226E-10 6.7093E-10 7.1043E-10 7.5132E-10 7.9442E-10 8.3825E-10 8.8429E-10 9.3275E-10 9.8091E-10
0.0000E+00 0.0000E+00 0.0000E+00 0.0000E+00 0.0000E+00 0.0000E+00 0.0000E+00 0.0000E+00 4.8344E-13 8.8184E-13 1.4234E-12 2.8374E-12 8.3575E-12 1.2684E-11 2.8738E-11 4.3456E-11 5.0381E-11 6.0965E-11 7.2783E-11 8.1795E-11 8.9305E-11 9.6809E-11 1.0444E-10 1.1237E-10 1.2082E-10 1.3007E-10 1.3921E-10 1.4927E-10 1.6013E-10 1.7247E-10 1.8532E-10 2.0567E-10 2.2280E-10 2.3836E-10 2.5385E-10 2.7011E-10 2.8772E-10 3.0627E-10 3.2498E-10 3.4399E-10 3.6328E-10 3.8489E-10 4.0837E-10 4.3372E-10 4.6230E-10 4.9243E-10 5.2418E-10 5.5826E-10 5.9306E-10 6.2982E-10 6.6801E-10 7.0632E-10 7.4734E-10 7.8988E-10 8.3239E-10 8.7883E-10 9.2645E-10
0.0000E+00 0.0000E+00 0.0000E+00 0.0000E+00 0.0000E+00 0.0000E+00 0.0000E+00 0.0000E+00 0.0000E+00 3.5706E-13 8.7599E-13 1.2961E-12 2.8184E-12 8.1697E-12 1.2591E-11 2.3360E-11 4.1258E-11 4.9940E-11 6.1553E-11 7.3727E-11 8.1482E-11 8.9154E-11 9.6608E-11 1.0406E-10 1.1239E-10 1.2034E-10 1.2939E-10 1.3890E-10 1.4831E-10 1.5921E-10 1.7091E-10 1.8395E-10 2.0270E-10 2.2078E-10 2.3629E-10 2.5155E-10 2.6749E-10 2.8482E-10 3.0330E-10 3.2153E-10 3.4000E-10 3.5955E-10 3.8162E-10 4.0533E-10 4.3195E-10 4.6089E-10 4.9097E-10 5.2249E-10 5.5611E-10 5.9044E-10 6.2665E-10 6.6366E-10 7.0208E-10 7.4254E-10 7.8381E-10 8.2703E-10 8.7266E-10
0.0000E+00 0.0000E+00 0.0000E+00 0.0000E+00 0.0000E+00 0.0000E+00 0.0000E+00 0.0000E+00 0.0000E+00 0.0000E+00 2.4071E-13 8.6876E-13 1.2851E-12 2.7946E-12 7.5036E-12 1.1905E-11 2.0779E-11 4.0701E-11 5.0259E-11 6.2161E-11 7.3967E-11 8.1011E-11 8.8495E-11 9.6627E-11 1.0361E-10 1.1174E-10 1.2007E-10 1.2848E-10 1.3799E-10 1.4769E-10 1.5792E-10 1.7003E-10 1.8228E-10 1.9827E-10 2.1843E-10 2.3393E-10 2.4888E-10 2.6454E-10 2.8195E-10 2.9981E-10 3.1749E-10 3.3543E-10 3.5618E-10 3.7879E-10 4.0313E-10 4.3025E-10 4.5856E-10 4.8918E-10 5.2038E-10 5.5274E-10 5.8721E-10 6.2286E-10 6.5935E-10 6.9716E-10 7.3714E-10 7.7709E-10 8.2065E-10
0.0000E+00 0.0000E+00 0.0000E+00 0.0000E+00 0.0000E+00 0.0000E+00 0.0000E+00 0.0000E+00 0.0000E+00 0.0000E+00 0.0000E+00 2.3851E-13 7.4088E-13 1.2721E-12 2.1862E-12 6.5100E-12 1.0857E-11 1.6894E-11 3.7912E-11 5.0026E-11 6.2637E-11 7.3331E-11 8.0425E-11 8.7675E-11 9.6125E-11 1.0337E-10 1.1089E-10 1.1923E-10 1.2777E-10 1.3684E-10 1.4647E-10 1.5593E-10 1.6843E-10 1.8032E-10 1.9477E-10 2.1527E-10 2.3122E-10 2.4583E-10 2.6150E-10 2.7823E-10 2.9576E-10 3.1329E-10 3.3200E-10 3.5298E-10 3.7562E-10 4.0119E-10 4.2845E-10 4.5661E-10 4.8671E-10 5.1741E-10 5.4930E-10 5.8321E-10 6.1779E-10 6.5369E-10 6.9174E-10 7.3042E-10 7.7070E-10
0.0000E+00 0.0000E+00 0.0000E+00 0.0000E+00 0.0000E+00 0.0000E+00 0.0000E+00 0.0000E+00 0.0000E+00 0.0000E+00 0.0000E+00 0.0000E+00 1.1999E-13 6.1016E-13 1.1385E-12 1.5642E-12 5.9633E-12 1.0030E-11 1.5281E-11 3.2800E-11 5.0708E-11 6.3733E-11 7.2590E-11 7.9681E-11 8.6865E-11 9.4473E-11 1.0261E-10 1.1026E-10 1.1818E-10 1.2659E-10 1.3583E-10 1.4455E-10 1.5453E-10 1.6656E-10 1.7826E-10 1.9147E-10 2.1023E-10 2.2795E-10 2.4249E-10 2.5779E-10 2.7433E-10 2.9150E-10 3.0957E-10 3.2858E-10 3.5015E-10 3.7348E-10 3.9923E-10 4.2568E-10 4.5403E-10 4.8302E-10 5.1321E-10 5.4526E-10 5.7865E-10 6.1206E-10 6.4812E-10 6.8555E-10 7.2282E-10
0.0000E+00 0.0000E+00 0.0000E+00 0.0000E+00 0.0000E+00 0.0000E+00 0.0000E+00 0.0000E+00 0.0000E+00 0.0000E+00 0.0000E+00 0.0000E+00 0.0000E+00 0.0000E+00 3.6277E-13 1.1232E-12 1.4270E-12 4.3913E-12 9.0457E-12 1.4151E-11 2.3963E-11 4.8800E-11 6.3643E-11 7.1715E-11 7.8843E-11 8.5588E-11 9.3281E-11 1.0128E-10 1.0908E-10 1.1697E-10 1.2521E-10 1.3367E-10 1.4287E-10 1.5266E-10 1.6387E-10 1.7594E-10 1.8862E-10 2.0418E-10 2.2457E-10 2.3881E-10 2.5356E-10 2.7004E-10 2.8738E-10 3.0536E-10 3.2559E-10 3.4717E-10 3.7138E-10 3.9685E-10 4.2303E-10 4.5026E-10 4.7941E-10 5.0914E-10 5.4076E-10 5.7289E-10 6.0649E-10 6.4198E-10 6.7806E-10
0.0000E+00 0.0000E+00 0.0000E+00 0.0000E+00 0.0000E+00 0.0000E+00 0.0000E+00 0.0000E+00 0.0000E+00 0.0000E+00 0.0000E+00 0.0000E+00 0.0000E+00 0.0000E+00 0.0000E+00 3.5765E-13 8.7121E-13 1.4048E-12 2.8009E-12 7.5310E-12 1.2907E-11 2.0875E-11 4.4511E-11 6.2619E-11 7.0878E-11 7.7448E-11 8.4501E-11 9.2107E-11 9.9005E-11 1.0746E-10 1.1534E-10 1.2325E-10 1.3189E-10 1.4145E-10 1.5010E-10 1.6147E-10 1.7334E-10 1.8514E-10 1.9829E-10 2.1908E-10 2.3481E-10 2.4942E-10 2.6587E-10 2.8323E-10 3.0224E-10 3.2300E-10 3.4486E-10 3.6890E-10 3.9348E-10 4.1921E-10 4.4663E-10 4.7473E-10 5.0454E-10 5.3564E-10 5.6675E-10 6.0041E-10 6.3531E-10
