Assets/Resources/2015_m01_d22_1000(utc+0800)_l00_csi_1hr_conc.grd
DSAA
         159         159
     -79.000      79.000
     -79.000      79.000
  0.0000E+00  0.6767E-06
[rows 25 to 49 of 159, columns 57 to 113 of 159]
0.0000E+00 0.0000E+00 0.0000E+00 0.0000E+00 0.0000E+00 0.0000E+00 0.0000E+00 0.0000E+00 0.0000E+00 0.0000E+00 0.0000E+00 1.3271E-12 5.6802E-12 1.1943E-11 2.0465E-11 2.7105E-11 3.5385E-11 4.7343E-11 5.7832E-11 7.1299E-11 8.2922E-11 9.5905E-11 1.1182E-10 1.2859E-10 1.4687E-10 1.6400E-10 1.8853E-10 2.0731E-10 2.2934E-10 2.6075E-10 2.8330E-10 3.0968E-10 3.4396E-10 3.7297E-10 4.0547E-10 4.4653E-10 4.8350E-10 5.2059E-10 5.6276E-10 6.0329E-10 6.3934E-10 6.7671E-10 7.1497E-10 7.5371E-10 7.9306E-10 8.3245E-10 8.7231E-10 9.1341E-10 9.5516E-10 9.9711E-10 1.0388E-09 1.0802E-09 1.1215E-09 1.1628E-09 1.2040E-09 1.2444E-09 1.2837E-09
0.0000E+00 0.0000E+00 0.0000E+00 0.0000E+00 0.0000E+00 0.0000E+00 0.0000E+00 0.0000E+00 0.0000E+00 0.0000E+00 0.0000E+00 2.7827E-12 6.2466E-12 1.5688E-11 2.2169E-11 2.9034E-11 3.9763E-11 5.1195E-11 6.3045E-11 7.6338E-11 9.0041E-11 1.0402E-10 1.1975E-10 1.4145E-10 1.5785E-10 1.8241E-10 2.0351E-10 2.2499E-10 2.5554E-10 2.7852E-10 3.0619E-10 3.4171E-10 3.7259E-10 4.0302E-10 4.4467E-10 4.8012E-10 5.1825E-10 5.6460E-10 6.0793E-10 6.4887E-10 6.8916E-10 7.2963E-10 7.7034E-10 8.1113E-10 8.5279E-10 8.9554E-10 9.3896E-10 9.8307E-10 1.0270E-09 1.0710E-09 1.1155E-09 1.1598E-09 1.2036E-09 1.2467E-09 1.2891E-09 1.3306E-09 1.3714E-09
0.0000E+00 0.0000E+00 0.0000E+00 0.0000E+00 0.0000E+00 0.0000E+00 0.0000E+00 0.0000E+00 0.0000E+00 0.0000E+00 0.0000E+00 3.8753E-12 8.9981E-12 1.6646E-11 2.3569E-11 3.3129E-11 4.3888E-11 5.5779E-11 6.7936E-11 8.3113E-11 9.8162E-11 1.1361E-10 1.3444E-10 1.5143E-10 1.7227E-10 1.9870E-10 2.1923E-10 2.4782E-10 2.7458E-10 3.0270E-10 3.3900E-10 3.6892E-10 4.0166E-10 4.4276E-10 4.7852E-10 5.1725E-10 5.6404E-10 6.0901E-10 6.5290E-10 6.9725E-10 7.4044E-10 7.8281E-10 8.2612E-10 8.7062E-10 9.1580E-10 9.6152E-10 1.0073E-09 1.0530E-09 1.0998E-09 1.1474E-09 1.1949E-09 1.2418E-09 1.2876E-09 1.3324E-09 1.3765E-09 1.4199E-09 1.4624E-09
0.0000E+00 0.0000E+00 0.0000E+00 0.0000E+00 0.0000E+00 0.0000E+00 0.0000E+00 0.0000E+00 0.0000E+00 0.0000E+00 1.8477E-14 7.0617E-12 9.7543E-12 1.7425E-11 2.8199E-11 3.5753E-11 4.6638E-11 6.1286E-11 7.4524E-11 9.1283E-11 1.0713E-10 1.2245E-10 1.4694E-10 1.6570E-10 1.9180E-10 2.1182E-10 2.3676E-10 2.7034E-10 2.9829E-10 3.3194E-10 3.6335E-10 3.9926E-10 4.4182E-10 4.7817E-10 5.1714E-10 5.6334E-10 6.0778E-10 6.5365E-10 7.0108E-10 7.4901E-10 7.9682E-10 8.4367E-10 8.9099E-10 9.3889E-10 9.8643E-10 1.0343E-09 1.0833E-09 1.1329E-09 1.1829E-09 1.2328E-09 1.2822E-09 1.3308E-09 1.3786E-09 1.4253E-09 1.4710E-09 1.5161E-09 1.5602E-09
0.0000E+00 0.0000E+00 0.0000E+00 0.0000E+00 0.0000E+00 0.0000E+00 0.0000E+00 0.0000E+00 0.0000E+00 0.0000E+00 2.8267E-13 7.8262E-12 1.0439E-11 2.1316E-11 3.0341E-11 3.9109E-11 5.1533E-11 6.6130E-11 8.2390E-11 9.9149E-11 1.1593E-10 1.4127E-10 1.5989E-10 1.8550E-10 2.0652E-10 2.3033E-10 2.6343E-10 2.9177E-10 3.2424E-10 3.5963E-10 3.9653E-10 4.3791E-10 4.7749E-10 5.1696E-10 5.6319E-10 6.0777E-10 6.5445E-10 7.0414E-10 7.5506E-10 8.0729E-10 8.5958E-10 9.1008E-10 9.5957E-10 1.0096E-09 1.0612E-09 1.1134E-09 1.1658E-09 1.2185E-09 1.2708E-09 1.3230E-09 1.3751E-09 1.4266E-09 1.4772E-09 1.5266E-09 1.5745E-09 1.6212E-09 1.6666E-09
0.0000E+00 0.0000E+00 0.0000E+00 0.0000E+00 0.0000E+00 0.0000E+00 0.0000E+00 0.0000E+00 0.0000E+00 1.7388E-13 3.1080E-12 8.4329E-12 1.1389E-11 2.2411E-11 3.3813E-11 4.3953E-11 5.6770E-11 7.2363E-11 8.8827E-11 1.0773E-10 1.3374E-10 1.5409E-10 1.7230E-10 2.0082E-10 2.2514E-10 2.5732E-10 2.8496E-10 3.1523E-10 3.5584E-10 3.9181E-10 4.3276E-10 4.7484E-10 5.1559E-10 5.6403E-10 6.1061E-10 6.5670E-10 7.0667E-10 7.5930E-10 8.1340E-10 8.6956E-10 9.2618E-10 9.8117E-10 1.0356E-09 1.0907E-09 1.1462E-09 1.2015E-09 1.2566E-09 1.3119E-09 1.3671E-09 1.4220E-09 1.4766E-09 1.5307E-09 1.5836E-09 1.6353E-09 1.6855E-09 1.7344E-09 1.7817E-09
0.0000E+00 0.0000E+00 0.0000E+00 0.0000E+00 0.0000E+00 0.0000E+00 0.0000E+00 0.0000E+00 4.7325E-14 2.9181E-12 3.3575E-12 8.9112E-12 1.6405E-11 2.4408E-11 3.6734E-11 4.9748E-11 6.1781E-11 8.0237E-11 9.9155E-11 1.1922E-10 1.4447E-10 1.6361E-10 1.9455E-10 2.1844E-10 2.4396E-10 2.7471E-10 3.0980E-10 3.5061E-10 3.8675E-10 4.2472E-10 4.7170E-10 5.1441E-10 5.6113E-10 6.1301E-10 6.6042E-10 7.0979E-10 7.6284E-10 8.1905E-10 8.7787E-10 9.3879E-10 1.0010E-09 1.0624E-09 1.1215E-09 1.1799E-09 1.2383E-09 1.2969E-09 1.3555E-09 1.4141E-09 1.4727E-09 1.5307E-09 1.5882E-09 1.6449E-09 1.7004E-09 1.7541E-09 1.8060E-09 1.8561E-09 1.9047E-09
0.0000E+00 0.0000E+00 0.0000E+00 0.0000E+00 0.0000E+00 0.0000E+00 0.0000E+00 0.0000E+00 3.0082E-13 3.2488E-12 3.6987E-12 1.2530E-11 1.8824E-11 2.8037E-11 4.1834E-11 5.5355E-11 6.8471E-11 8.8577E-11 1.0972E-10 1.3697E-10 1.5635E-10 1.7848E-10 2.0910E-10 2.3555E-10 2.7123E-10 3.0294E-10 3.4163E-10 3.8067E-10 4.1891E-10 4.6817E-10 5.1197E-10 5.5851E-10 6.1338E-10 6.6200E-10 7.1335E-10 7.6837E-10 8.2621E-10 8.8657E-10 9.4969E-10 1.0153E-09 1.0823E-09 1.1484E-09 1.2111E-09 1.2729E-09 1.3348E-09 1.3973E-09 1.4598E-09 1.5221E-09 1.5841E-09 1.6457E-09 1.7065E-09 1.7664E-09 1.8251E-09 1.8817E-09 1.9359E-09 1.9878E-09 2.0375E-09
0.0000E+00 0.0000E+00 0.0000E+00 0.0000E+00 0.0000E+00 0.0000E+00 0.0000E+00 1.4390E-13 3.1231E-12 3.4769E-12 6.7286E-12 1.3666E-11 2.1290E-11 3.1439E-11 4.6637E-11 6.0998E-11 7.5797E-11 9.7536E-11 1.2045E-10 1.4749E-10 1.7001E-10 2.0131E-10 2.2618E-10 2.6155E-10 2.9311E-10 3.3002E-10 3.7323E-10 4.1010E-10 4.6362E-10 5.0865E-10 5.5595E-10 6.1155E-10 6.6288E-10 7.1730E-10 7.7386E-10 8.3411E-10 8.9576E-10 9.5935E-10 1.0275E-09 1.0974E-09 1.1693E-09 1.2412E-09 1.3101E-09 1.3771E-09 1.4440E-09 1.5110E-09 1.5777E-09 1.6440E-09 1.7098E-09 1.7746E-09 1.8384E-09 1.9008E-09 1.9615E-09 2.0200E-09 2.0761E-09 2.1295E-09 2.1806E-09
0.0000E+00 0.0000E+00 0.0000E+00 0.0000E+00 0.0000E+00 0.0000E+00 0.0000E+00 2.8564E-12 3.3415E-12 3.9358E-12 7.8279E-12 1.5456E-11 2.5776E-11 3.6183E-11 5.0249E-11 6.8742E-11 8.4720E-11 1.0583E-10 1.3731E-10 1.6004E-10 1.8933E-10 2.1831E-10 2.4738E-10 2.8547E-10 3.1898E-10 3.5875E-10 4.0511E-10 4.5061E-10 5.0363E-10 5.5122E-10 6.0900E-10 6.6319E-10 7.1991E-10 7.7840E-10 8.3962E-10 9.0367E-10 9.7035E-10 1.0398E-09 1.1130E-09 1.1883E-09 1.2657E-09 1.3435E-09 1.4186E-09 1.4909E-09 1.5620E-09 1.6330E-09 1.7036E-09 1.7740E-09 1.8437E-09 1.9123E-09 1.9796E-09 2.0451E-09 2.1087E-09 2.1698E-09 2.2279E-09 2.2828E-09 2.3345E-09
0.0000E+00 0.0000E+00 0.0000E+00 0.0000E+00 0.0000E+00 0.0000E+00 2.0427E-13 3.1969E-12 3.6202E-12 7.2225E-12 9.0042E-12 1.9589E-11 3.0878E-11 4.0561E-11 5.6620E-11 7.6944E-11 9.2031E-11 1.1713E-10 1.4971E-10 1.7545E-10 2.0818E-10 2.3737E-10 2.7692E-10 3.0971E-10 3.4850E-10 3.9583E-10 4.4078E-10 4.9457E-10 5.4178E-10 5.9860E-10 6.6176E-10 7.2053E-10 7.8117E-10 8.4503E-10 9.1195E-10 9.8215E-10 1.0554E-09 1.1305E-09 1.2083E-09 1.2889E-09 1.3717E-09 1.4552E-09 1.5369E-09 1.6151E-09 1.6912E-09 1.7668E-09 1.8420E-09 1.9164E-09 1.9896E-09 2.0613E-09 2.1318E-09 2.2004E-09 2.2665E-09 2.3295E-09 2.3893E-09 2.4457E-09 2.4985E-09
0.0000E+00 0.0000E+00 0.0000E+00 0.0000E+00 0.0000E+00 0.0000E+00 2.9469E-12 3.3979E-12 6.5874E-12 8.2599E-12 1.1407E-11 2.2096E-11 3.3760E-11 4.6390E-11 6.4488E-11 8.3755E-11 1.0429E-10 1.3366E-10 1.6424E-10 1.9332E-10 2.2716E-10 2.5986E-10 2.9912E-10 3.3617E-10 3.8724E-10 4.3079E-10 4.8575E-10 5.3725E-10 5.9244E-10 6.5918E-10 7.1926E-10 7.8279E-10 8.5029E-10 9.2086E-10 9.9368E-10 1.0693E-09 1.1487E-09 1.2291E-09 1.3122E-09 1.3988E-09 1.4877E-09 1.5775E-09 1.6663E-09 1.7510E-09 1.8333E-09 1.9144E-09 1.9942E-09 2.0730E-09 2.1511E-09 2.2273E-09 2.3013E-09 2.3727E-09 2.4409E-09 2.5048E-09 2.5658E-09 2.6225E-09 2.6757E-09
0.0000E+00 0.0000E+00 0.0000E+00 0.0000E+00 0.0000E+00 2.2324E-13 3.2289E-12 3.7204E-12 7.6063E-12 9.7097E-12 1.5244E-11 2.4489E-11 3.8887E-11 5.4821E-11 7.1110E-11 9.1903E-11 1.1542E-10 1.4782E-10 1.7915E-10 2.1574E-10 2.4690E-10 2.8761E-10 3.2495E-10 3.7238E-10 4.2039E-10 4.6934E-10 5.2950E-10 5.8727E-10 6.5471E-10 7.1699E-10 7.8296E-10 8.5406E-10 9.2846E-10 1.0058E-09 1.0847E-09 1.1659E-09 1.2516E-09 1.3392E-09 1.4285E-09 1.5212E-09 1.6166E-09 1.7133E-09 1.8095E-09 1.9005E-09 1.9888E-09 2.0744E-09 2.1596E-09 2.2434E-09 2.3253E-09 2.4049E-09 2.4820E-09 2.5560E-09 2.6267E-09 2.6932E-09 2.7555E-09 2.8129E-09 2.8663E-09
0.0000E+00 0.0000E+00 0.0000E+00 0.0000E+00 0.0000E+00 2.9670E-12 3.4163E-12 6.7335E-12 8.6595E-12 1.2193E-11 1.9940E-11 2.8885E-11 4.4484E-11 6.1368E-11 7.8687E-11 1.0290E-10 1.3057E-10 1.6110E-10 1.9812E-10 2.3437E-10 2.6836E-10 3.1420E-10 3.5451E-10 4.0616E-10 4.5732E-10 5.2162E-10 5.7928E-10 6.4185E-10 7.0001E-10 7.8462E-10 8.5979E-10 9.3764E-10 1.0187E-09 1.1028E-09 1.1887E-09 1.2764E-09 1.3695E-09 1.4651E-09 1.5620E-09 1.6610E-09 1.7631E-09 1.8660E-09 1.9684E-09 2.0658E-09 2.1612E-09 2.2534E-09 2.3439E-09 2.4320E-09 2.5179E-09 2.6010E-09 2.6812E-09 2.7577E-09 2.8294E-09 2.8960E-09 2.9585E-09 3.0167E-09 3.0694E-09
0.0000E+00 0.0000E+00 0.0000E+00 0.0000E+00 1.9540E-13 3.2243E-12 3.7364E-12 7.7668E-12 1.0531E-11 1.4742E-11 2.2819E-11 3.3938E-11 4.9790E-11 6.7204E-11 8.6991E-11 1.1287E-10 1.4533E-10 1.7761E-10 2.2109E-10 2.5486E-10 3.0084E-10 3.4063E-10 3.9123E-10 4.4601E-10 5.0420E-10 5.7131E-10 6.3568E-10 7.1172E-10 7.8517E-10 8.6261E-10 9.4357E-10 1.0280E-09 1.1163E-09 1.2071E-09 1.3001E-09 1.3961E-09 1.4968E-09 1.6019E-09 1.7079E-09 1.8152E-09 1.9249E-09 2.0359E-09 2.1458E-09 2.2505E-09 2.3513E-09 2.4487E-09 2.5431E-09 2.6361E-09 2.7268E-09 2.8135E-09 2.8965E-09 2.9751E-09 3.0489E-09 3.1170E-09 3.1790E-09 3.2359E-09 3.2882E-09
0.0000E+00 0.0000E+00 0.0000E+00 0.0000E+00 2.9111E-12 3.3960E-12 6.7694E-12 8.8866E-12 1.2982E-11 1.8003E-11 2.8707E-11 4.0233E-11 5.6279E-11 7.6919E-11 9.8379E-11 1.2535E-10 1.6191E-10 1.9558E-10 2.3851E-10 2.7898E-10 3.2634E-10 3.7395E-10 4.3414E-10 4.9283E-10 5.6190E-10 6.2619E-10 7.0589E-10 7.8075E-10 8.6001E-10 9.4523E-10 1.0243E-09 1.1293E-09 1.2263E-09 1.3258E-09 1.4284E-09 1.5333E-09 1.6424E-09 1.7562E-09 1.8711E-09 1.9867E-09 2.1036E-09 2.2215E-09 2.3381E-09 2.4517E-09 2.5600E-09 2.6654E-09 2.7653E-09 2.8615E-09 2.9541E-09 3.0439E-09 3.1294E-09 3.2099E-09 3.2830E-09 3.3513E-09 3.4140E-09 3.4707E-09 3.5203E-09
0.0000E+00 0.0000E+00 0.0000E+00 1.1469E-13 3.1835E-12 3.6623E-12 7.7462E-12 1.0966E-11 1.5101E-11 2.0815E-11 3.3486E-11 4.4480E-11 6.3065E-11 8.4924E-11 1.0706E-10 1.4120E-10 1.7753E-10 2.1756E-10 2.6163E-10 3.0927E-10 3.5866E-10 4.1917E-10 4.7883E-10 5.4085E-10 6.1664E-10 6.9031E-10 7.7655E-10 8.6115E-10 9.3738E-10 1.0452E-09 1.1445E-09 1.2480E-09 1.3541E-09 1.4634E-09 1.5755E-09 1.6901E-09 1.8074E-09 1.9315E-09 2.0559E-09 2.1800E-09 2.3045E-09 2.4293E-09 2.5520E-09 2.6731E-09 2.7875E-09 2.8983E-09 3.0050E-09 3.1075E-09 3.2051E-09 3.2969E-09 3.3825E-09 3.4645E-09 3.5395E-09 3.6062E-09 3.6656E-09 3.7210E-09 3.7696E-09
0.0000E+00 0.0000E+00 0.0000E+00 2.7740E-12 3.3377E-12 6.5885E-12 8.8993E-12 1.3248E-11 1.8238E-11 2.6805E-11 3.8768E-11 5.3214E-11 7.2229E-11 9.5615E-11 1.2258E-10 1.5849E-10 1.9411E-10 2.4065E-10 2.8909E-10 3.4265E-10 3.9675E-10 4.6334E-10 5.2614E-10 6.0534E-10 6.8282E-10 7.7275E-10 8.5918E-10 9.4910E-10 1.0515E-09 1.1542E-09 1.2630E-09 1.3704E-09 1.4919E-09 1.6120E-09 1.7351E-09 1.8608E-09 1.9882E-09 2.1229E-09 2.2585E-09 2.3932E-09 2.5268E-09 2.6601E-09 2.7910E-09 2.9194E-09 3.0401E-09 3.1559E-09 3.2670E-09 3.3722E-09 3.4728E-09 3.5691E-09 3.6580E-09 3.7379E-09 3.8110E-09 3.8786E-09 3.9383E-09 3.9891E-09 4.0338E-09
0.0000E+00 0.0000E+00 0.0000E+00 3.0917E-12 3.4927E-12 7.5204E-12 1.0951E-11 1.5026E-11 2.1581E-11 3.1333E-11 4.2898E-11 6.0685E-11 7.8969E-11 1.0523E-10 1.3505E-10 1.7301E-10 2.1517E-10 2.6812E-10 3.2114E-10 3.7513E-10 4.3745E-10 5.1451E-10 5.8747E-10 6.7168E-10 7.5584E-10 8.5485E-10 9.5205E-10 1.0548E-09 1.1658E-09 1.2823E-09 1.4042E-09 1.5294E-09 1.6584E-09 1.7908E-09 1.9257E-09 2.0623E-09 2.1996E-09 2.3433E-09 2.4885E-09 2.6317E-09 2.7740E-09 2.9148E-09 3.0540E-09 3.1897E-09 3.3174E-09 3.4384E-09 3.5538E-09 3.6636E-09 3.7668E-09 3.8629E-09 3.9529E-09 4.0352E-09 4.1072E-09 4.1685E-09 4.2253E-09 4.2756E-09 4.3164E-09
0.0000E+00 0.0000E+00 1.6694E-13 3.2436E-12 3.8565E-12 8.4924E-12 1.3090E-11 1.6724E-11 2.6077E-11 3.4415E-11 4.8577E-11 6.7478E-11 8.6082E-11 1.1513E-10 1.5127E-10 1.8848E-10 2.4129E-10 2.9594E-10 3.5296E-10 4.1308E-10 4.8934E-10 5.6883E-10 6.5926E-10 7.4659E-10 8.4914E-10 9.5275E-10 1.0630E-09 1.1786E-09 1.3019E-09 1.4312E-09 1.5648E-09 1.7020E-09 1.8430E-09 1.9876E-09 2.1352E-09 2.2841E-09 2.4344E-09 2.5893E-09 2.7474E-09 2.9025E-09 3.0534E-09 3.2001E-09 3.3454E-09 3.4871E-09 3.6225E-09 3.7489E-09 3.8677E-09 3.9788E-09 4.0835E-09 4.1833E-09 4.2724E-09 4.3512E-09 4.4233E-09 4.4857E-09 4.5353E-09 4.5776E-09 4.6156E-09
0.0000E+00 0.0000E+00 2.8361E-12 3.3777E-12 7.0248E-12 1.0499E-11 1.4590E-11 2.1450E-11 3.0004E-11 3.9399E-11 5.6997E-11 7.5610E-11 9.9482E-11 1.3018E-10 1.7105E-10 2.1433E-10 2.7122E-10 3.2458E-10 3.9190E-10 4.6096E-10 5.4517E-10 6.3225E-10 7.3632E-10 8.3651E-10 9.5071E-10 1.0646E-09 1.1876E-09 1.3183E-09 1.4548E-09 1.5975E-09 1.7455E-09 1.8644E-09 2.0558E-09 2.2154E-09 2.3762E-09 2.5380E-09 2.6991E-09 2.8634E-09 3.0334E-09 3.2006E-09 3.3622E-09 3.5185E-09 3.6706E-09 3.8171E-09 3.9571E-09 4.0874E-09 4.2097E-09 4.3249E-09 4.4304E-09 4.5264E-09 4.6149E-09 4.6943E-09 4.7604E-09 4.8170E-09 4.8670E-09 4.9040E-09 4.9322E-09
0.0000E+00 0.0000E+00 3.1167E-12 3.5471E-12 7.8189E-12 1.2450E-11 1.5991E-11 2.5684E-11 3.3878E-11 4.5170E-11 6.2848E-11 8.3399E-11 1.1142E-10 1.4165E-10 1.9177E-10 2.4074E-10 2.9561E-10 3.6165E-10 4.3489E-10 5.1655E-10 6.0411E-10 7.1024E-10 8.2624E-10 9.4502E-10 1.0668E-09 1.1969E-09 1.3353E-09 1.4838E-09 1.6370E-09 1.7977E-09 1.9630E-09 2.1330E-09 2.3065E-09 2.4818E-09 2.6582E-09 2.8339E-09 3.0085E-09 3.1821E-09 3.3621E-09 3.5366E-09 3.7054E-09 3.8687E-09 4.0280E-09 4.1832E-09 4.3293E-09 4.4612E-09 4.5819E-09 4.6974E-09 4.8047E-09 4.9021E-09 4.9849E-09 5.0574E-09 5.1235E-09 5.1753E-09 5.2143E-09 5.2481E-09 5.2708E-09
0.0000E+00 1.0972E-13 3.2308E-12 3.8705E-12 9.5009E-12 1.3780E-11 1.9049E-11 2.9157E-11 3.7494E-11 5.2054E-11 6.8772E-11 9.3388E-11 1.2118E-10 1.6167E-10 2.1544E-10 2.6738E-10 3.3286E-10 4.1051E-10 4.8409E-10 5.8119E-10 6.8231E-10 8.0114E-10 9.6781E-10 1.1123E-09 1.2529E-09 1.4015E-09 1.5581E-09 1.7239E-09 1.8967E-09 2.0743E-09 2.2561E-09 2.4413E-09 2.6296E-09 2.7950E-09 3.0098E-09 3.1572E-09 3.3478E-09 3.5355E-09 3.7287E-09 3.9158E-09 4.0935E-09 4.2627E-09 4.4267E-09 4.5851E-09 4.7354E-09 4.8728E-09 4.9950E-09 5.1061E-09 5.2079E-09 5.3010E-09 5.3853E-09 5.4536E-09 5.5059E-09 5.5543E-09 5.5897E-09 5.6109E-09 5.6249E-09
0.0000E+00 2.8274E-13 3.3414E-12 7.0223E-12 1.1232E-11 1.5030E-11 2.2853E-11 3.1468E-11 4.2796E-11 5.8394E-11 7.7824E-11 1.0555E-10 1.3926E-10 1.8763E-10 2.3688E-10 3.0453E-10 3.7345E-10 4.5400E-10 5.4522E-10 6.9810E-10 8.1824E-10 9.4954E-10 1.0966E-09 1.2625E-09 1.4259E-09 1.5919E-09 1.7706E-09 1.9570E-09 2.1515E-09 2.3518E-09 2.5565E-09 2.7374E-09 2.9736E-09 3.1826E-09 3.3901E-09 3.5947E-09 3.7948E-09 3.9888E-09 4.1421E-09 4.3380E-09 4.5242E-09 4.7025E-09 4.8727E-09 5.0331E-09 5.1834E-09 5.3188E-09 5.4421E-09 5.5518E-09 5.6499E-09 5.7356E-09 5.8088E-09 5.8736E-09 5.9241E-09 5.9559E-09 5.9811E-09 5.9983E-09 6.0005E-09
0.0000E+00 2.9750E-12 3.4481E-12 7.7360E-12 1.2932E-11 1.6641E-11 2.7877E-11 3.5410E-11 4.9800E-11 6.4916E-11 8.7773E-11 1.1805E-10 1.5846E-10 2.0830E-10 2.6643E-10 3.4256E-10 4.1597E-10 5.5725E-10 6.7226E-10 7.9284E-10 9.2993E-10 1.0793E-09 1.2524E-09 1.4344E-09 1.6696E-09 1.8649E-09 2.0698E-09 2.2823E-09 2.5016E-09 2.7252E-09 2.9417E-09 3.1814E-09 3.4096E-09 3.5904E-09 3.8160E-09 4.0371E-09 4.2521E-09 4.4599E-09 4.6637E-09 4.8638E-09 5.0091E-09 5.1910E-09 5.3641E-09 5.5270E-09 5.6768E-09 5.8113E-09 5.9301E-09 6.0322E-09 6.1237E-09 6.2030E-09 6.2700E-09 6.3206E-09 6.3597E-09 6.3888E-09 6.3984E-09 6.4009E-09 6.3953E-09
