Assets/Resources/2015_m01_d07_1900(utc+0800)_l00_csi_1hr_conc.grd
DSAA
         159         159
     -79.000      79.000
     -79.000      79.000
  0.0000E+00  0.3750E-04
[rows 50 to 74 of 159, columns 57 to 113 of 159]
1.5458E-08 1.7439E-08 2.2449E-08 2.8552E-08 3.3678E-08 3.8320E-08 4.1746E-08 4.2813E-08 4.1848E-08 3.9752E-08 3.7171E-08 3.4478E-08 3.1830E-08 2.9315E-08 2.6960E-08 2.4774E-08 2.2756E-08 2.0897E-08 1.9192E-08 1.7632E-08 1.6204E-08 1.4903E-08 1.3717E-08 1.2641E-08 1.1728E-08 1.0763E-08 9.9641E-09 9.2340E-09 8.5782E-09 7.9808E-09 7.4455E-09 6.9713E-09 6.5430E-09 6.1657E-09 5.7448E-09 5.4431E-09 5.1846E-09 4.8728E-09 4.5909E-09 4.4027E-09 4.1638E-09 4.0119E-09 3.8699E-09 3.7381E-09 3.6145E-09 3.4967E-09 3.3847E-09 3.2811E-09 3.1852E-09 3.0961E-09 3.0110E-09 2.9298E-09 2.8547E-09 2.7833E-09 2.7120E-09 2.6490E-09 2.5866E-09
1.6283E-08 1.8756E-08 2.4335E-08 3.0305E-08 3.4995E-08 3.9214E-08 4.2111E-08 4.2817E-08 4.1682E-08 3.9547E-08 3.6993E-08 3.4349E-08 3.1759E-08 2.9295E-08 2.6980E-08 2.4826E-08 2.2830E-08 2.0995E-08 1.9295E-08 1.7731E-08 1.6295E-08 1.4981E-08 1.3782E-08 1.2699E-08 1.1877E-08 1.0954E-08 9.9588E-09 9.2184E-09 8.5538E-09 7.9529E-09 7.4162E-09 6.9364E-09 6.5104E-09 6.1285E-09 5.7083E-09 5.4087E-09 5.1484E-09 4.8389E-09 4.5620E-09 4.3739E-09 4.1381E-09 3.9885E-09 3.8486E-09 3.7184E-09 3.5963E-09 3.4797E-09 3.3694E-09 3.2668E-09 3.1724E-09 3.0843E-09 3.0001E-09 2.9196E-09 2.8452E-09 2.7745E-09 2.7039E-09 2.6415E-09 2.5797E-09
1.7225E-08 2.0243E-08 2.5997E-08 3.1663E-08 3.5887E-08 3.9664E-08 4.2150E-08 4.2581E-08 4.1350E-08 3.9235E-08 3.6753E-08 3.4186E-08 3.1683E-08 2.9296E-08 2.7037E-08 2.4922E-08 2.2953E-08 2.1124E-08 1.9432E-08 1.7864E-08 1.6419E-08 1.5092E-08 1.3880E-08 1.2833E-08 1.2103E-08 1.1268E-08 1.0207E-08 9.2440E-09 8.5317E-09 7.9266E-09 7.3841E-09 6.9017E-09 6.4727E-09 6.0943E-09 5.6702E-09 5.3745E-09 5.1097E-09 4.7261E-09 4.5296E-09 4.3459E-09 4.1107E-09 3.9636E-09 3.8257E-09 3.6974E-09 3.5768E-09 3.4614E-09 3.3529E-09 3.2516E-09 3.1584E-09 3.0714E-09 2.9881E-09 2.9085E-09 2.8347E-09 2.7649E-09 2.6949E-09 2.6332E-09 2.5720E-09
1.8150E-08 2.1532E-08 2.7314E-08 3.2590E-08 3.6365E-08 3.9775E-08 4.1885E-08 4.2127E-08 4.0884E-08 3.8846E-08 3.6477E-08 3.4030E-08 3.1618E-08 2.9301E-08 2.7101E-08 2.5032E-08 2.3093E-08 2.1283E-08 1.9598E-08 1.8035E-08 1.6589E-08 1.5248E-08 1.4026E-08 1.3737E-08 1.2502E-08 1.1715E-08 1.0502E-08 9.4817E-09 8.5762E-09 7.9037E-09 7.3576E-09 6.8657E-09 6.4341E-09 6.0553E-09 5.6323E-09 5.3345E-09 5.0705E-09 4.6881E-09 4.4950E-09 4.3168E-09 4.0818E-09 3.9370E-09 3.8013E-09 3.6751E-09 3.5559E-09 3.4418E-09 3.3351E-09 3.2353E-09 3.1434E-09 3.0574E-09 2.9751E-09 2.8965E-09 2.8235E-09 2.7543E-09 2.6852E-09 2.6240E-09 2.5635E-09
1.8878E-08 2.2535E-08 2.8228E-08 3.3077E-08 3.6461E-08 3.9541E-08 4.1366E-08 4.1509E-08 4.0321E-08 3.8409E-08 3.6177E-08 3.3848E-08 3.1546E-08 2.9321E-08 2.7194E-08 2.5187E-08 2.3284E-08 2.1496E-08 1.9821E-08 1.8257E-08 1.6803E-08 1.5458E-08 1.4275E-08 1.4339E-08 1.3166E-08 1.2277E-08 1.0915E-08 9.7712E-09 8.8158E-09 7.8864E-09 7.3321E-09 6.8404E-09 6.3943E-09 6.0120E-09 5.5893E-09 5.2918E-09 5.1111E-09 4.6480E-09 4.4587E-09 4.2849E-09 4.0515E-09 3.9090E-09 3.7754E-09 3.6513E-09 3.5337E-09 3.4209E-09 3.3161E-09 3.2178E-09 3.1273E-09 3.0424E-09 2.9610E-09 2.8835E-09 2.8112E-09 2.7427E-09 2.6745E-09 2.6141E-09 2.5542E-09
1.9441E-08 2.3253E-08 2.8710E-08 3.3142E-08 3.6210E-08 3.9007E-08 4.0647E-08 4.0759E-08 3.9684E-08 3.7918E-08 3.5848E-08 3.3667E-08 3.1508E-08 2.9387E-08 2.7339E-08 2.5381E-08 2.3520E-08 2.1759E-08 2.0096E-08 1.8546E-08 1.7085E-08 1.5739E-08 1.5460E-08 1.5179E-08 1.4067E-08 1.3146E-08 1.1477E-08 1.0193E-08 9.0837E-09 8.0543E-09 7.3109E-09 6.8121E-09 6.3623E-09 5.9786E-09 5.5746E-09 5.4638E-09 5.0016E-09 4.6069E-09 4.4204E-09 4.2502E-09 4.0206E-09 3.8795E-09 3.7482E-09 3.6261E-09 3.5102E-09 3.3988E-09 3.2960E-09 3.1991E-09 3.1102E-09 3.0265E-09 2.9457E-09 2.8695E-09 2.7982E-09 2.7303E-09 2.6630E-09 2.6032E-09 2.5441E-09
1.9799E-08 2.3653E-08 2.8797E-08 3.2878E-08 3.5771E-08 3.8255E-08 3.9762E-08 3.9926E-08 3.8985E-08 3.7400E-08 3.5529E-08 3.3518E-08 3.1488E-08 2.9477E-08 2.7516E-08 2.5631E-08 2.3836E-08 2.2110E-08 2.0469E-08 1.8912E-08 1.7449E-08 1.6243E-08 1.6216E-08 1.6338E-08 1.6616E-08 1.4332E-08 1.2388E-08 1.0654E-08 9.4685E-09 8.4782E-09 7.5810E-09 6.7778E-09 6.6480E-09 6.5367E-09 5.9205E-09 5.4354E-09 4.9656E-09 4.5650E-09 4.3807E-09 4.2136E-09 3.9885E-09 3.8484E-09 3.7196E-09 3.5995E-09 3.4854E-09 3.3756E-09 3.2747E-09 3.1794E-09 3.0920E-09 3.0095E-09 2.9294E-09 2.8546E-09 2.7842E-09 2.7169E-09 2.6507E-09 2.5916E-09 2.5331E-09
1.9954E-08 2.3756E-08 2.8562E-08 3.2331E-08 3.5032E-08 3.7357E-08 3.8775E-08 3.9010E-08 3.8256E-08 3.6892E-08 3.5210E-08 3.3378E-08 3.1498E-08 2.9614E-08 2.7768E-08 2.5961E-08 2.4212E-08 2.2526E-08 2.0907E-08 1.9361E-08 1.7902E-08 1.6784E-08 1.7282E-08 1.9133E-08 1.8558E-08 1.5927E-08 1.3544E-08 1.1516E-08 9.8632E-09 8.7917E-09 7.9899E-09 7.7505E-09 7.3944E-09 6.5186E-09 5.8872E-09 5.4049E-09 4.9211E-09 4.5231E-09 4.3401E-09 4.1752E-09 3.9545E-09 3.8157E-09 3.6896E-09 3.5717E-09 3.4593E-09 3.3512E-09 3.2522E-09 3.1587E-09 3.0728E-09 2.9915E-09 2.9122E-09 2.8387E-09 2.7693E-09 2.7027E-09 2.6375E-09 2.5791E-09 2.5214E-09
1.9925E-08 2.3584E-08 2.8044E-08 3.1562E-08 3.4126E-08 3.6333E-08 3.7727E-08 3.8071E-08 3.7526E-08 3.6375E-08 3.4902E-08 3.3262E-08 3.1559E-08 2.9809E-08 2.8067E-08 2.6352E-08 2.4672E-08 2.3056E-08 2.1472E-08 1.9945E-08 1.8500E-08 1.7560E-08 2.1781E-08 2.1444E-08 2.0949E-08 1.7800E-08 1.5036E-08 1.2711E-08 1.0982E-08 1.0460E-08 1.0498E-08 9.0822E-09 7.7837E-09 6.4980E-09 5.8477E-09 5.3606E-09 4.8170E-09 4.4793E-09 4.2976E-09 4.0652E-09 3.9185E-09 3.7815E-09 3.6582E-09 3.5425E-09 3.4319E-09 3.3260E-09 3.2287E-09 3.1370E-09 3.0525E-09 2.9724E-09 2.8941E-09 2.8218E-09 2.7535E-09 2.6875E-09 2.6235E-09 2.5659E-09 2.5088E-09
1.9720E-08 2.3193E-08 2.7336E-08 3.0634E-08 3.3019E-08 3.5232E-08 3.6658E-08 3.7128E-08 3.6784E-08 3.5863E-08 3.4615E-08 3.3191E-08 3.1644E-08 3.0045E-08 2.8438E-08 2.6851E-08 2.5263E-08 2.3697E-08 2.2160E-08 2.0667E-08 1.9270E-08 2.2124E-08 2.4326E-08 2.4483E-08 2.4000E-08 2.0194E-08 1.6817E-08 1.4325E-08 1.6148E-08 1.3428E-08 1.0942E-08 9.3763E-09 8.0572E-09 6.7961E-09 5.8144E-09 5.3238E-09 4.7859E-09 4.4495E-09 4.2549E-09 4.0258E-09 3.8812E-09 3.7464E-09 3.6255E-09 3.5120E-09 3.4032E-09 3.2997E-09 3.2038E-09 3.1143E-09 3.0312E-09 2.9522E-09 2.8750E-09 2.8040E-09 2.7368E-09 2.6715E-09 2.6087E-09 2.5519E-09 2.4955E-09
1.9375E-08 2.2647E-08 2.6474E-08 2.9600E-08 3.1914E-08 3.4093E-08 3.5564E-08 3.6177E-08 3.6042E-08 3.5364E-08 3.4355E-08 3.3126E-08 3.1766E-08 3.0361E-08 2.8904E-08 2.7429E-08 2.5946E-08 2.4463E-08 2.2989E-08 2.1548E-08 2.0806E-08 2.4431E-08 2.7571E-08 3.2678E-08 2.7827E-08 2.3487E-08 2.2454E-08 2.1544E-08 1.7587E-08 1.4514E-08 1.1962E-08 9.7170E-09 8.1962E-09 7.0723E-09 5.9804E-09 5.2108E-09 4.7412E-09 4.4087E-09 4.2216E-09 3.9846E-09 3.8423E-09 3.7102E-09 3.5916E-09 3.4803E-09 3.3730E-09 3.2723E-09 3.1778E-09 3.0905E-09 3.0089E-09 2.9310E-09 2.8552E-09 2.7854E-09 2.7192E-09 2.6548E-09 2.5931E-09 2.5371E-09 2.4814E-09
1.8924E-08 2.1967E-08 2.5522E-08 2.8486E-08 3.0784E-08 3.2940E-08 3.4461E-08 3.5225E-08 3.5308E-08 3.4880E-08 3.4094E-08 3.3084E-08 3.1951E-08 3.0719E-08 2.9432E-08 2.8105E-08 2.6749E-08 2.5372E-08 2.3985E-08 2.2625E-08 2.2220E-08 2.7404E-08 3.7296E-08 3.8285E-08 3.8157E-08 3.6434E-08 2.9543E-08 2.3966E-08 1.9371E-08 1.5762E-08 1.2893E-08 1.0506E-08 8.4583E-09 7.2397E-09 6.2454E-09 5.2663E-09 4.7024E-09 4.3663E-09 4.1829E-09 3.9475E-09 3.8023E-09 3.6729E-09 3.5566E-09 3.4475E-09 3.3416E-09 3.2438E-09 3.1509E-09 3.0658E-09 2.9856E-09 2.9086E-09 2.8347E-09 2.7659E-09 2.7008E-09 2.6375E-09 2.5767E-09 2.5215E-09 2.4665E-09
1.8374E-08 2.1209E-08 2.4504E-08 2.7341E-08 2.9613E-08 3.1765E-08 3.3346E-08 3.4276E-08 3.4583E-08 3.4383E-08 3.3838E-08 3.3074E-08 3.2152E-08 3.1129E-08 3.0033E-08 2.8880E-08 2.7678E-08 2.6435E-08 2.5165E-08 2.3928E-08 2.4091E-08 3.9611E-08 4.4259E-08 5.2537E-08 5.0329E-08 4.1395E-08 3.3301E-08 2.6780E-08 2.1459E-08 1.7233E-08 1.3915E-08 1.1334E-08 9.0145E-09 7.4256E-09 6.3813E-09 5.3815E-09 4.6726E-09 4.3296E-09 4.0713E-09 3.9143E-09 3.7619E-09 3.6342E-09 3.5204E-09 3.4135E-09 3.3094E-09 3.2142E-09 3.1230E-09 3.0401E-09 2.9614E-09 2.8850E-09 2.8133E-09 2.7456E-09 2.6812E-09 2.6193E-09 2.5595E-09 2.5052E-09 2.4510E-09
1.7758E-08 2.0391E-08 2.3435E-08 2.6190E-08 2.8421E-08 3.0574E-08 3.2210E-08 3.3329E-08 3.3839E-08 3.3877E-08 3.3586E-08 3.3057E-08 3.2374E-08 3.1579E-08 3.0698E-08 2.9745E-08 2.8728E-08 2.7651E-08 2.6539E-08 2.5507E-08 3.7971E-08 5.6460E-08 6.9152E-08 6.8120E-08 5.7492E-08 4.7009E-08 3.7629E-08 2.9996E-08 2.3859E-08 1.8926E-08 1.5088E-08 1.2028E-08 9.6877E-09 7.7240E-09 6.4331E-09 5.5816E-09 4.7455E-09 4.3049E-09 4.0299E-09 3.8743E-09 3.7252E-09 3.5943E-09 3.4831E-09 3.3782E-09 3.2767E-09 3.1836E-09 3.0947E-09 3.0135E-09 2.9364E-09 2.8608E-09 2.7910E-09 2.7246E-09 2.6607E-09 2.6004E-09 2.5415E-09 2.4882E-09 2.4347E-09
1.7096E-08 1.9524E-08 2.2363E-08 2.5018E-08 2.7230E-08 2.9373E-08 3.1089E-08 3.2358E-08 3.3070E-08 3.3358E-08 3.3301E-08 3.3027E-08 3.2598E-08 3.2050E-08 3.1409E-08 3.0685E-08 2.9887E-08 2.9022E-08 2.8131E-08 3.0781E-08 6.6868E-08 7.4054E-08 8.9131E-08 7.7589E-08 6.5409E-08 5.3253E-08 4.2468E-08 3.3577E-08 2.6529E-08 2.0833E-08 1.6399E-08 1.2912E-08 1.0357E-08 8.0941E-09 6.6202E-09 5.7072E-09 4.7938E-09 4.2009E-09 4.0039E-09 3.8340E-09 3.6900E-09 3.5532E-09 3.4447E-09 3.3415E-09 3.2432E-09 3.1516E-09 3.0656E-09 2.9861E-09 2.9102E-09 2.8359E-09 2.7679E-09 2.7027E-09 2.6395E-09 2.5807E-09 2.5228E-09 2.4704E-09 2.4177E-09
1.6388E-08 1.8627E-08 2.1278E-08 2.3827E-08 2.6039E-08 2.8174E-08 2.9977E-08 3.1368E-08 3.2282E-08 3.2783E-08 3.2975E-08 3.2964E-08 3.2798E-08 3.2515E-08 3.2136E-08 3.1678E-08 3.1153E-08 3.2091E-08 4.8047E-08 6.0869E-08 7.3363E-08 8.3589E-08 1.0062E-07 8.7879E-08 7.4126E-08 6.0130E-08 4.7714E-08 3.7522E-08 2.9411E-08 2.2885E-08 1.7751E-08 1.3889E-08 1.1005E-08 8.5646E-09 6.8293E-09 5.8339E-09 4.9549E-09 4.3033E-09 3.9679E-09 3.7907E-09 3.6496E-09 3.5145E-09 3.4054E-09 3.3039E-09 3.2088E-09 3.1186E-09 3.0355E-09 2.9578E-09 2.8827E-09 2.8107E-09 2.7440E-09 2.6801E-09 2.6178E-09 2.5603E-09 2.5034E-09 2.4518E-09 2.4001E-09
1.5632E-08 1.7706E-08 2.0189E-08 2.2617E-08 2.4830E-08 2.6972E-08 2.8829E-08 3.0339E-08 3.1431E-08 3.2148E-08 3.2585E-08 3.2838E-08 3.2942E-08 3.2941E-08 3.2865E-08 3.2802E-08 5.4419E-08 6.8270E-08 6.5216E-08 6.4949E-08 9.5019E-08 1.0913E-07 1.1264E-07 9.8834E-08 8.3527E-08 6.7557E-08 5.3269E-08 4.1768E-08 3.2508E-08 2.5124E-08 1.9255E-08 1.4947E-08 1.1718E-08 9.1261E-09 7.2061E-09 5.9717E-09 5.0835E-09 4.3739E-09 3.9289E-09 3.7630E-09 3.6072E-09 3.4778E-09 3.3648E-09 3.2661E-09 3.1735E-09 3.0853E-09 3.0047E-09 2.9286E-09 2.8541E-09 2.7848E-09 2.7193E-09 2.6563E-09 2.5956E-09 2.5391E-09 2.4833E-09 2.4326E-09 2.3817E-09
1.4841E-08 1.6770E-08 1.9087E-08 2.1403E-08 2.3599E-08 2.5738E-08 2.7630E-08 2.9261E-08 3.0507E-08 3.1429E-08 3.2106E-08 3.2615E-08 3.3007E-08 3.3324E-08 3.5846E-08 5.8263E-08 7.3299E-08 7.0874E-08 6.8121E-08 7.0539E-08 1.0582E-07 1.2040E-07 1.2490E-07 1.1036E-07 9.3590E-08 7.5710E-08 5.8971E-08 4.6216E-08 3.5713E-08 2.7338E-08 2.0924E-08 1.6016E-08 1.2357E-08 9.5313E-09 7.4844E-09 6.0940E-09 5.0924E-09 4.3875E-09 3.8983E-09 3.7244E-09 3.5649E-09 3.4373E-09 3.3229E-09 3.2275E-09 3.1368E-09 3.0515E-09 2.9730E-09 2.8985E-09 2.8253E-09 2.7581E-09 2.6939E-09 2.6317E-09 2.5727E-09 2.5173E-09 2.4626E-09 2.4127E-09 2.3627E-09
1.4019E-08 1.5766E-08 1.7964E-08 2.0183E-08 2.2334E-08 2.4439E-08 2.6381E-08 2.8088E-08 2.9484E-08 3.0605E-08 3.1515E-08 3.2297E-08 3.4980E-08 5.9512E-08 7.7543E-08 7.6679E-08 7.5097E-08 7.2950E-08 7.0722E-08 9.6497E-08 1.1398E-07 1.3226E-07 1.3721E-07 1.2540E-07 1.0489E-07 8.4097E-08 6.5153E-08 5.0791E-08 3.9011E-08 2.9642E-08 2.2500E-08 1.7120E-08 1.3027E-08 9.9579E-09 7.8210E-09 6.3016E-09 5.1474E-09 4.4592E-09 3.9539E-09 3.6813E-09 3.5280E-09 3.3942E-09 3.2821E-09 3.1882E-09 3.0993E-09 3.0169E-09 2.9406E-09 2.8670E-09 2.7965E-09 2.7307E-09 2.6677E-09 2.6065E-09 2.5491E-09 2.4948E-09 2.4412E-09 2.3921E-09 2.3431E-09
1.3165E-08 1.4744E-08 1.6794E-08 1.8943E-08 2.1032E-08 2.3102E-08 2.5074E-08 2.6851E-08 2.8374E-08 2.9673E-08 3.0830E-08 3.5024E-08 7.7138E-08 7.7967E-08 7.8067E-08 7.7429E-08 7.6118E-08 7.4256E-08 7.5997E-08 1.0155E-07 1.2226E-07 1.6179E-07 1.4987E-07 1.3678E-07 1.1849E-07 9.3860E-08 7.1896E-08 5.5567E-08 4.2183E-08 3.1804E-08 2.3933E-08 1.7964E-08 1.3570E-08 1.0294E-08 8.0790E-09 6.3904E-09 5.1670E-09 4.4962E-09 3.9740E-09 3.6357E-09 3.4900E-09 3.3495E-09 3.2437E-09 3.1478E-09 3.0620E-09 2.9819E-09 2.9075E-09 2.8345E-09 2.7670E-09 2.7027E-09 2.6407E-09 2.5811E-09 2.5250E-09 2.4717E-09 2.4192E-09 2.3710E-09 2.3229E-09
1.2286E-08 1.3754E-08 1.5614E-08 1.7686E-08 1.9709E-08 2.1720E-08 2.3704E-08 2.5535E-08 2.7179E-08 3.0630E-08 5.5116E-08 7.4543E-08 7.6266E-08 7.7295E-08 7.7601E-08 7.7185E-08 7.6156E-08 7.4605E-08 7.7500E-08 1.0634E-07 1.5806E-07 1.7285E-07 1.6385E-07 1.5503E-07 1.3728E-07 1.0787E-07 7.9284E-08 6.0347E-08 4.5225E-08 3.3723E-08 2.5093E-08 1.8682E-08 1.4004E-08 1.0513E-08 8.2459E-09 6.4789E-09 5.1624E-09 4.5141E-09 3.9670E-09 3.5882E-09 3.4476E-09 3.3039E-09 3.2032E-09 3.1062E-09 3.0240E-09 2.9462E-09 2.8734E-09 2.8022E-09 2.7368E-09 2.6741E-09 2.6127E-09 2.5550E-09 2.5002E-09 2.4480E-09 2.3967E-09 2.3492E-09 2.3021E-09
1.1381E-08 1.2740E-08 1.4462E-08 1.6409E-08 1.8354E-08 2.0280E-08 2.2277E-08 2.4238E-08 4.7878E-08 6.6934E-08 7.0023E-08 7.2522E-08 7.4381E-08 7.5561E-08 7.6059E-08 7.5854E-08 7.4948E-08 7.3738E-08 7.8753E-08 1.3386E-07 1.6468E-07 1.8360E-07 1.8058E-07 1.8128E-07 1.6783E-07 1.2747E-07 8.6899E-08 6.4673E-08 4.7742E-08 3.5140E-08 2.5791E-08 1.9047E-08 1.4244E-08 1.0675E-08 8.2449E-09 6.5000E-09 5.1482E-09 4.5019E-09 3.9406E-09 3.5414E-09 3.3998E-09 3.2580E-09 3.1610E-09 3.0649E-09 2.9854E-09 2.9100E-09 2.8377E-09 2.7699E-09 2.7061E-09 2.6448E-09 2.5846E-09 2.5284E-09 2.4748E-09 2.4237E-09 2.3735E-09 2.3270E-09 2.2807E-09
1.0464E-08 1.1712E-08 1.3300E-08 1.5086E-08 1.6943E-08 1.8844E-08 2.2476E-08 4.2786E-08 6.0262E-08 6.3864E-08 6.6973E-08 6.9515E-08 7.1450E-08 7.2737E-08 7.3269E-08 7.3103E-08 7.2388E-08 7.1788E-08 1.0764E-07 1.3490E-07 1.6948E-07 1.9327E-07 2.0383E-07 2.1789E-07 2.2380E-07 1.6064E-07 9.3226E-08 6.7892E-08 4.9292E-08 3.5766E-08 2.6030E-08 1.9145E-08 1.4241E-08 1.0596E-08 8.2076E-09 6.4358E-09 5.1027E-09 4.4584E-09 3.8909E-09 3.4907E-09 3.3495E-09 3.2111E-09 3.1167E-09 3.0236E-09 2.9463E-09 2.8730E-09 2.8022E-09 2.7371E-09 2.6747E-09 2.6143E-09 2.5562E-09 2.5013E-09 2.4489E-09 2.3988E-09 2.3498E-09 2.3041E-09 2.2587E-09
9.5043E-09 1.0647E-08 1.2078E-08 1.3769E-08 1.6568E-08 3.2742E-08 4.8368E-08 5.2560E-08 5.6469E-08 5.9993E-08 6.3039E-08 6.5570E-08 6.7472E-08 6.8656E-08 6.9157E-08 6.9096E-08 6.8603E-08 7.2503E-08 1.0482E-07 1.3377E-07 1.9269E-07 1.9859E-07 2.1554E-07 2.6369E-07 4.1786E-07 4.1043E-07 1.6226E-07 6.8743E-08 4.9270E-08 3.5455E-08 2.5735E-08 1.8857E-08 1.3953E-08 1.0425E-08 8.0578E-09 6.2825E-09 5.0247E-09 4.3845E-09 3.8303E-09 3.4352E-09 3.2988E-09 3.1637E-09 3.0721E-09 2.9818E-09 2.9067E-09 2.8344E-09 2.7671E-09 2.7038E-09 2.6429E-09 2.5833E-09 2.5274E-09 2.4736E-09 2.4224E-09 2.3734E-09 2.3255E-09 2.2808E-09 2.2362E-09
8.5594E-09 9.5986E-09 1.0934E-08 1.3817E-08 3.6248E-08 4.0252E-08 4.4391E-08 4.8339E-08 5.2049E-08 5.5413E-08 5.8328E-08 6.0662E-08 6.2370E-08 6.3477E-08 6.3986E-08 6.3995E-08 6.3706E-08 6.8195E-08 1.0038E-07 1.6116E-07 1.8687E-07 1.9497E-07 2.1723E-07 3.1413E-07 9.1190E-07 2.8195E-06 2.8563E-06 4.9785E-07 4.7502E-08 3.4156E-08 2.4790E-08 1.8175E-08 1.3322E-08 1.0095E-08 7.7989E-09 6.0505E-09 4.9149E-09 4.2798E-09 3.7562E-09 3.3770E-09 3.2455E-09 3.1149E-09 3.0268E-09 2.9396E-09 2.8665E-09 2.7959E-09 2.7316E-09 2.6699E-09 2.6101E-09 2.5525E-09 2.4980E-09 2.4455E-09 2.3955E-09 2.3476E-09 2.3007E-09 2.2569E-09 2.2133E-09
