Assets/Resources/2015_m01_d27_2000(utc+0800)_l00_csi_1hr_conc.grd
DSAA
         159         159
     -79.000      79.000
     -79.000      79.000
  0.0000E+00  0.1236E-05
[rows 0 to 24 of 159, columns 57 to 113 of 159]
2.2147E-09 2.4096E-09 2.6063E-09 2.8030E-09 2.9969E-09 3.1854E-09 3.3673E-09 3.5401E-09 3.7008E-09 3.8469E-09 3.9763E-09 4.0871E-09 4.1775E-09 4.2465E-09 4.2928E-09 4.3159E-09 4.3157E-09 4.2925E-09 4.2466E-09 4.1789E-09 4.0914E-09 3.9848E-09 3.8609E-09 3.7219E-09 3.5691E-09 3.4055E-09 3.2334E-09 3.0562E-09 2.8727E-09 2.6869E-09 2.5018E-09 2.3177E-09 2.1368E-09 1.9595E-09 1.7867E-09 1.6247E-09 1.4649E-09 1.3193E-09 1.1798E-09 1.0507E-09 9.3010E-10 8.1945E-10 7.1931E-10 6.2759E-10 5.4612E-10 4.7337E-10 4.0777E-10 3.4884E-10 2.9762E-10 2.5282E-10 2.1308E-10 1.7928E-10 1.4970E-10 1.2423E-10 1.0278E-10 8.2444E-11 5.9474E-11
2.3671E-09 2.5783E-09 2.7903E-09 3.0025E-09 3.2136E-09 3.4194E-09 3.6173E-09 3.8044E-09 3.9779E-09 4.1351E-09 4.2736E-09 4.3917E-09 4.4873E-09 4.5594E-09 4.6069E-09 4.6290E-09 4.6258E-09 4.5971E-09 4.5441E-09 4.4677E-09 4.3697E-09 4.2507E-09 4.1137E-09 3.9609E-09 3.7947E-09 3.6163E-09 3.4283E-09 3.2345E-09 3.0372E-09 2.8378E-09 2.6374E-09 2.4406E-09 2.2466E-09 2.0586E-09 1.8767E-09 1.6997E-09 1.5363E-09 1.3769E-09 1.2322E-09 1.0952E-09 9.6895E-10 8.5067E-10 7.4660E-10 6.5221E-10 5.6592E-10 4.8948E-10 4.2094E-10 3.6065E-10 3.0761E-10 2.6080E-10 2.1988E-10 1.8446E-10 1.5400E-10 1.2805E-10 1.0612E-10 8.3962E-11 5.9643E-11
2.5302E-09 2.7578E-09 2.9896E-09 3.2216E-09 3.4508E-09 3.6741E-09 3.8878E-09 4.0891E-09 4.2756E-09 4.4448E-09 4.5939E-09 4.7202E-09 4.8218E-09 4.8974E-09 4.9457E-09 4.9662E-09 4.9589E-09 4.9239E-09 4.8621E-09 4.7752E-09 4.6649E-09 4.5326E-09 4.3811E-09 4.2130E-09 4.0298E-09 3.8352E-09 3.6321E-09 3.4218E-09 3.2069E-09 2.9915E-09 2.7774E-09 2.5644E-09 2.3579E-09 2.1562E-09 1.9626E-09 1.7787E-09 1.6006E-09 1.4372E-09 1.2807E-09 1.1387E-09 1.0060E-09 8.8102E-10 7.7251E-10 6.7336E-10 5.8340E-10 5.0472E-10 4.3456E-10 3.7145E-10 3.1579E-10 2.6778E-10 2.2582E-10 1.8936E-10 1.5798E-10 1.3106E-10 1.0855E-10 8.4746E-11 6.0066E-11
2.7020E-09 2.9503E-09 3.2020E-09 3.4528E-09 3.6995E-09 3.9406E-09 4.1724E-09 4.3911E-09 4.5933E-09 4.7758E-09 4.9356E-09 5.0703E-09 5.1779E-09 5.2566E-09 5.3052E-09 5.3232E-09 5.3106E-09 5.2684E-09 5.1971E-09 5.0985E-09 4.9744E-09 4.8267E-09 4.6582E-09 4.4726E-09 4.2717E-09 4.0594E-09 3.8380E-09 3.6097E-09 3.3784E-09 3.1457E-09 2.9151E-09 2.6892E-09 2.4664E-09 2.2537E-09 2.0480E-09 1.8518E-09 1.6677E-09 1.4920E-09 1.3297E-09 1.1786E-09 1.0408E-09 9.0928E-10 7.9540E-10 6.9346E-10 6.0167E-10 5.1837E-10 4.4495E-10 3.8070E-10 3.2392E-10 2.7444E-10 2.3122E-10 1.9320E-10 1.6160E-10 1.3379E-10 1.1077E-10 8.5383E-11 5.9894E-11
2.8859E-09 3.1538E-09 3.4242E-09 3.6963E-09 3.9653E-09 4.2272E-09 4.4783E-09 4.7148E-09 4.9326E-09 5.1284E-09 5.2992E-09 5.4423E-09 5.5555E-09 5.6369E-09 5.6856E-09 5.7009E-09 5.6827E-09 5.6319E-09 5.5498E-09 5.4381E-09 5.2991E-09 5.1349E-09 4.9497E-09 4.7451E-09 4.5240E-09 4.2914E-09 4.0505E-09 3.8032E-09 3.5539E-09 3.3036E-09 3.0556E-09 2.8125E-09 2.5771E-09 2.3477E-09 2.1318E-09 1.9248E-09 1.7289E-09 1.5464E-09 1.3751E-09 1.2169E-09 1.0727E-09 9.3555E-10 8.1749E-10 7.1127E-10 6.1531E-10 5.2969E-10 4.5574E-10 3.8918E-10 3.3006E-10 2.7926E-10 2.3523E-10 1.9678E-10 1.6407E-10 1.3654E-10 1.1205E-10 8.5067E-11 5.9714E-11
3.0755E-09 3.3660E-09 3.6606E-09 3.9555E-09 4.2472E-09 4.5298E-09 4.8005E-09 5.0555E-09 5.2904E-09 5.5012E-09 5.6843E-09 5.8368E-09 5.9562E-09 6.0405E-09 6.0885E-09 6.0999E-09 6.0746E-09 6.0138E-09 5.9194E-09 5.7930E-09 5.6369E-09 5.4540E-09 5.2489E-09 5.0239E-09 4.7835E-09 4.5301E-09 4.2667E-09 3.9982E-09 3.7291E-09 3.4601E-09 3.1954E-09 2.9358E-09 2.6839E-09 2.4432E-09 2.2109E-09 1.9937E-09 1.7881E-09 1.5962E-09 1.4178E-09 1.2522E-09 1.1018E-09 9.5820E-10 8.3520E-10 7.2632E-10 6.2883E-10 5.4094E-10 4.6324E-10 3.9534E-10 3.3604E-10 2.8378E-10 2.3844E-10 1.9977E-10 1.6654E-10 1.3810E-10 1.1315E-10 8.4991E-11 5.9621E-11
3.2749E-09 3.5892E-09 3.9077E-09 4.2254E-09 4.5398E-09 4.8460E-09 5.1393E-09 5.4146E-09 5.6676E-09 5.8941E-09 6.0901E-09 6.2520E-09 6.3773E-09 6.4639E-09 6.5107E-09 6.5176E-09 6.4847E-09 6.4131E-09 6.3047E-09 6.1615E-09 5.9867E-09 5.7845E-09 5.5581E-09 5.3102E-09 5.0466E-09 4.7708E-09 4.4881E-09 4.1980E-09 3.9059E-09 3.6173E-09 3.3332E-09 3.0560E-09 2.7889E-09 2.5327E-09 2.2905E-09 2.0588E-09 1.8443E-09 1.6422E-09 1.4569E-09 1.2849E-09 1.1276E-09 9.7901E-10 8.5354E-10 7.3963E-10 6.3895E-10 5.4865E-10 4.6940E-10 4.0097E-10 3.3980E-10 2.8671E-10 2.4127E-10 2.0146E-10 1.6777E-10 1.3910E-10 1.1362E-10 8.4134E-11 5.9519E-11
3.4880E-09 3.8261E-09 4.1700E-09 4.5149E-09 4.8556E-09 5.1876E-09 5.5050E-09 5.8023E-09 6.0748E-09 6.3178E-09 6.5271E-09 6.6990E-09 6.8306E-09 6.9196E-09 6.9648E-09 6.9660E-09 6.9235E-09 6.8390E-09 6.7148E-09 6.5531E-09 6.3580E-09 6.1334E-09 5.8833E-09 5.6114E-09 5.3233E-09 5.0219E-09 4.7127E-09 4.4007E-09 4.0877E-09 3.7764E-09 3.4729E-09 3.1778E-09 2.8919E-09 2.6200E-09 2.3632E-09 2.1215E-09 1.8945E-09 1.6864E-09 1.4912E-09 1.3136E-09 1.1494E-09 9.9596E-10 8.6569E-10 7.4831E-10 6.4670E-10 5.5529E-10 4.7411E-10 4.0453E-10 3.4328E-10 2.8895E-10 2.4305E-10 2.0352E-10 1.6841E-10 1.4022E-10 1.1290E-10 8.3123E-11 5.9070E-11
3.7082E-09 4.0745E-09 4.4469E-09 4.8207E-09 5.1891E-09 5.5475E-09 5.8901E-09 6.2109E-09 6.5045E-09 6.7654E-09 6.9890E-09 7.1714E-09 7.3092E-09 7.4003E-09 7.4434E-09 7.4383E-09 7.3855E-09 7.2867E-09 7.1442E-09 6.9616E-09 6.7433E-09 6.4939E-09 6.2178E-09 5.9195E-09 5.6044E-09 5.2771E-09 4.9432E-09 4.6035E-09 4.2652E-09 3.9339E-09 3.6079E-09 3.2933E-09 2.9925E-09 2.7036E-09 2.4331E-09 2.1794E-09 1.9437E-09 1.7230E-09 1.5234E-09 1.3382E-09 1.1694E-09 1.0101E-09 8.7834E-10 7.5991E-10 6.5338E-10 5.6058E-10 4.7846E-10 4.0661E-10 3.4507E-10 2.9088E-10 2.4395E-10 2.0348E-10 1.6904E-10 1.3987E-10 1.1205E-10 8.1919E-11 5.8604E-11
3.9377E-09 4.3338E-09 4.7352E-09 5.1379E-09 5.5357E-09 5.9225E-09 6.2922E-09 6.6386E-09 6.9550E-09 7.2353E-09 7.4743E-09 7.6678E-09 7.8121E-09 7.9048E-09 7.9447E-09 7.9306E-09 7.8657E-09 7.7510E-09 7.5895E-09 7.3851E-09 7.1424E-09 6.8656E-09 6.5604E-09 6.2334E-09 5.8898E-09 5.5337E-09 5.1710E-09 4.8076E-09 4.4445E-09 4.0869E-09 3.7416E-09 3.4067E-09 3.0870E-09 2.7852E-09 2.4982E-09 2.2320E-09 1.9839E-09 1.7595E-09 1.5496E-09 1.3602E-09 1.1842E-09 1.0214E-09 8.8567E-10 7.6383E-10 6.5598E-10 5.6261E-10 4.8013E-10 4.0716E-10 3.4458E-10 2.9062E-10 2.4362E-10 2.0327E-10 1.6852E-10 1.3880E-10 1.0960E-10 8.0174E-11 5.8084E-11
4.1795E-09 4.6055E-09 5.0385E-09 5.4733E-09 5.9041E-09 6.3229E-09 6.7227E-09 7.0963E-09 7.4367E-09 7.7374E-09 7.9926E-09 8.1962E-09 8.3476E-09 8.4423E-09 8.4790E-09 8.4575E-09 8.3789E-09 8.2457E-09 8.0618E-09 7.8311E-09 7.5602E-09 7.2540E-09 6.9185E-09 6.5594E-09 6.1826E-09 5.7958E-09 5.4035E-09 5.0105E-09 4.6212E-09 4.2409E-09 3.8703E-09 3.5153E-09 3.1776E-09 2.8582E-09 2.5610E-09 2.2808E-09 2.0249E-09 1.7866E-09 1.5732E-09 1.3768E-09 1.1967E-09 1.0297E-09 8.9114E-10 7.6749E-10 6.5824E-10 5.6358E-10 4.7853E-10 4.0592E-10 3.4406E-10 2.8945E-10 2.4167E-10 2.0201E-10 1.6680E-10 1.3730E-10 1.0737E-10 7.8449E-11 5.7269E-11
4.4284E-09 4.8869E-09 5.3548E-09 5.8243E-09 6.2891E-09 6.7409E-09 7.1713E-09 7.5730E-09 7.9371E-09 8.2604E-09 8.5339E-09 8.7517E-09 8.9097E-09 9.0052E-09 9.0370E-09 9.0043E-09 8.9112E-09 8.7588E-09 8.5516E-09 8.2943E-09 7.9926E-09 7.6529E-09 7.2828E-09 6.8909E-09 6.4811E-09 6.0601E-09 5.6347E-09 5.2131E-09 4.7954E-09 4.3884E-09 3.9976E-09 3.6209E-09 3.2630E-09 2.9285E-09 2.6150E-09 2.3250E-09 2.0552E-09 1.8123E-09 1.5912E-09 1.3907E-09 1.2036E-09 1.0351E-09 8.9315E-10 7.6872E-10 6.5589E-10 5.6101E-10 4.7765E-10 4.0298E-10 3.4052E-10 2.8684E-10 2.3944E-10 1.9910E-10 1.6489E-10 1.3428E-10 1.0436E-10 7.6519E-11 5.6002E-11
4.6879E-09 5.1825E-09 5.6856E-09 6.1910E-09 6.6888E-09 7.1766E-09 7.6428E-09 8.0773E-09 8.4716E-09 8.8180E-09 9.1092E-09 9.3377E-09 9.5030E-09 9.5999E-09 9.6265E-09 9.5834E-09 9.4723E-09 9.2968E-09 9.0619E-09 8.7739E-09 8.4397E-09 8.0659E-09 7.6597E-09 7.2287E-09 6.7813E-09 6.3269E-09 5.8680E-09 5.4126E-09 4.9671E-09 4.5339E-09 4.1165E-09 3.7199E-09 3.3445E-09 2.9903E-09 2.6653E-09 2.3627E-09 2.0867E-09 1.8318E-09 1.6025E-09 1.3985E-09 1.2056E-09 1.0344E-09 8.8991E-10 7.6513E-10 6.5488E-10 5.5573E-10 4.7231E-10 3.9784E-10 3.3666E-10 2.8249E-10 2.3577E-10 1.9666E-10 1.6148E-10 1.3017E-10 1.0052E-10 7.4224E-11 5.4428E-11
4.9574E-09 5.4898E-09 6.0324E-09 6.5785E-09 7.1191E-09 7.6452E-09 8.1463E-09 8.6144E-09 9.0360E-09 9.4073E-09 9.7182E-09 9.9622E-09 1.0134E-08 1.0231E-08 1.0251E-08 1.0194E-08 1.0065E-08 9.8654E-09 9.6015E-09 9.2797E-09 8.9074E-09 8.4936E-09 8.0481E-09 7.5789E-09 7.0918E-09 6.5965E-09 6.1018E-09 5.6139E-09 5.1339E-09 4.6723E-09 4.2313E-09 3.8129E-09 3.4182E-09 3.0503E-09 2.7063E-09 2.3941E-09 2.1052E-09 1.8451E-09 1.6121E-09 1.4011E-09 1.2037E-09 1.0351E-09 8.8786E-10 7.6133E-10 6.4797E-10 5.5028E-10 4.6505E-10 3.9189E-10 3.3044E-10 2.7700E-10 2.3117E-10 1.9193E-10 1.5742E-10 1.2562E-10 9.6743E-11 7.1847E-11 5.2459E-11
5.2334E-09 5.8089E-09 6.3957E-09 6.9844E-09 7.5650E-09 8.1288E-09 8.6677E-09 9.1710E-09 9.6267E-09 1.0026E-08 1.0358E-08 1.0616E-08 1.0793E-08 1.0890E-08 1.0903E-08 1.0831E-08 1.0679E-08 1.0451E-08 1.0154E-08 9.7964E-09 9.3857E-09 8.9309E-09 8.4417E-09 7.9281E-09 7.4004E-09 6.8669E-09 6.3322E-09 5.8079E-09 5.2999E-09 4.8068E-09 4.3391E-09 3.8980E-09 3.4846E-09 3.0992E-09 2.7446E-09 2.4184E-09 2.1214E-09 1.8537E-09 1.6128E-09 1.3974E-09 1.1968E-09 1.0277E-09 8.8028E-10 7.5117E-10 6.3902E-10 5.4095E-10 4.5823E-10 3.8464E-10 3.2257E-10 2.7047E-10 2.2480E-10 1.8615E-10 1.5173E-10 1.2019E-10 9.2356E-11 6.9235E-11 5.0330E-11
5.5181E-09 6.1391E-09 6.7714E-09 7.4057E-09 8.0338E-09 8.6450E-09 9.2268E-09 9.7664E-09 1.0255E-08 1.0681E-08 1.1035E-08 1.1309E-08 1.1496E-08 1.1592E-08 1.1595E-08 1.1506E-08 1.1329E-08 1.1071E-08 1.0738E-08 1.0338E-08 9.8820E-09 9.3814E-09 8.8468E-09 8.2880E-09 7.7142E-09 7.1369E-09 6.5644E-09 6.0006E-09 5.4550E-09 4.9355E-09 4.4398E-09 3.9763E-09 3.5432E-09 3.1430E-09 2.7743E-09 2.4364E-09 2.1310E-09 1.8526E-09 1.6109E-09 1.3911E-09 1.1868E-09 1.0200E-09 8.7177E-10 7.4016E-10 6.2930E-10 5.3109E-10 4.4696E-10 3.7437E-10 3.1394E-10 2.6304E-10 2.1750E-10 1.8069E-10 1.4512E-10 1.1439E-10 8.7997E-11 6.6195E-11 4.7871E-11
5.8090E-09 6.4768E-09 7.1593E-09 7.8464E-09 8.5236E-09 9.1843E-09 9.8094E-09 1.0390E-08 1.0914E-08 1.1369E-08 1.1747E-08 1.2034E-08 1.2226E-08 1.2320E-08 1.2313E-08 1.2207E-08 1.2004E-08 1.1713E-08 1.1340E-08 1.0896E-08 1.0394E-08 9.8429E-09 9.2566E-09 8.6468E-09 8.0262E-09 7.4027E-09 6.7870E-09 6.1882E-09 5.6089E-09 5.0545E-09 4.5337E-09 4.0450E-09 3.5928E-09 3.1756E-09 2.7935E-09 2.4477E-09 2.1311E-09 1.8477E-09 1.5944E-09 1.3765E-09 1.1700E-09 1.0040E-09 8.5595E-10 7.2658E-10 6.1403E-10 5.1673E-10 4.3570E-10 3.6381E-10 3.0341E-10 2.5379E-10 2.0996E-10 1.7262E-10 1.3805E-10 1.0825E-10 8.3280E-11 6.2961E-11 4.5265E-11
6.0977E-09 6.8187E-09 7.5563E-09 8.2988E-09 9.0309E-09 9.7416E-09 1.0419E-08 1.1046E-08 1.1606E-08 1.2095E-08 1.2495E-08 1.2798E-08 1.2999E-08 1.3090E-08 1.3073E-08 1.2945E-08 1.2711E-08 1.2382E-08 1.1965E-08 1.1473E-08 1.0919E-08 1.0316E-08 9.6769E-09 9.0143E-09 8.3411E-09 7.6689E-09 7.0081E-09 6.3653E-09 5.7503E-09 5.1666E-09 4.6161E-09 4.1055E-09 3.6328E-09 3.2004E-09 2.8072E-09 2.4499E-09 2.1268E-09 1.8326E-09 1.5780E-09 1.3572E-09 1.1529E-09 9.8541E-10 8.3956E-10 7.1034E-10 6.0036E-10 5.0062E-10 4.2214E-10 3.5096E-10 2.9187E-10 2.4363E-10 2.0041E-10 1.6366E-10 1.3024E-10 1.0199E-10 7.8544E-11 5.9392E-11 4.1819E-11
6.3898E-09 7.1653E-09 7.9605E-09 8.7612E-09 9.5539E-09 1.0324E-08 1.1055E-08 1.1731E-08 1.2337E-08 1.2858E-08 1.3283E-08 1.3604E-08 1.3807E-08 1.3895E-08 1.3861E-08 1.3710E-08 1.3446E-08 1.3078E-08 1.2615E-08 1.2070E-08 1.1458E-08 1.0795E-08 1.0096E-08 9.3773E-09 8.6510E-09 7.9281E-09 7.2201E-09 6.5369E-09 5.8831E-09 5.2660E-09 4.6894E-09 4.1537E-09 3.6613E-09 3.2142E-09 2.8065E-09 2.4411E-09 2.1090E-09 1.8132E-09 1.5517E-09 1.3303E-09 1.1314E-09 9.6575E-10 8.1885E-10 6.9162E-10 5.8141E-10 4.8510E-10 4.0569E-10 3.3656E-10 2.7940E-10 2.3247E-10 1.8995E-10 1.5424E-10 1.2172E-10 9.5466E-11 7.3648E-11 5.5676E-11 3.6694E-11
6.6785E-09 7.5079E-09 8.3632E-09 9.2276E-09 1.0086E-08 1.0916E-08 1.1705E-08 1.2434E-08 1.3087E-08 1.3647E-08 1.4104E-08 1.4440E-08 1.4651E-08 1.4732E-08 1.4681E-08 1.4504E-08 1.4202E-08 1.3788E-08 1.3273E-08 1.2673E-08 1.2004E-08 1.1282E-08 1.0521E-08 9.7400E-09 8.9549E-09 8.1784E-09 7.4231E-09 6.6946E-09 6.0023E-09 5.3530E-09 4.7471E-09 4.1907E-09 3.6798E-09 3.2154E-09 2.8005E-09 2.4260E-09 2.0849E-09 1.7822E-09 1.5184E-09 1.3018E-09 1.1033E-09 9.3874E-10 7.9361E-10 6.6799E-10 5.6030E-10 4.6537E-10 3.8907E-10 3.2164E-10 2.6550E-10 2.1997E-10 1.7882E-10 1.4440E-10 1.1356E-10 8.8744E-11 6.8662E-11 4.9506E-11 3.1658E-11
6.9585E-09 7.8479E-09 8.7654E-09 9.6964E-09 1.0621E-08 1.1521E-08 1.2378E-08 1.3169E-08 1.3875E-08 1.4477E-08 1.4961E-08 1.5316E-08 1.5532E-08 1.5607E-08 1.5539E-08 1.5330E-08 1.4988E-08 1.4527E-08 1.3957E-08 1.3296E-08 1.2561E-08 1.1772E-08 1.0947E-08 1.0104E-08 9.2580E-09 8.4234E-09 7.6136E-09 6.8419E-09 6.1091E-09 5.4239E-09 4.7920E-09 4.2100E-09 3.6831E-09 3.2062E-09 2.7787E-09 2.3973E-09 2.0509E-09 1.7420E-09 1.4859E-09 1.2664E-09 1.0738E-09 9.1103E-10 7.6951E-10 6.4194E-10 5.3958E-10 4.4642E-10 3.7122E-10 3.0484E-10 2.5118E-10 2.0644E-10 1.6665E-10 1.3415E-10 1.0507E-10 8.1206E-11 6.2325E-11 4.3144E-11 2.6750E-11
7.2320E-09 8.1796E-09 9.1634E-09 1.0166E-08 1.1167E-08 1.2143E-08 1.3070E-08 1.3926E-08 1.4685E-08 1.5339E-08 1.5860E-08 1.6241E-08 1.6465E-08 1.6533E-08 1.6443E-08 1.6198E-08 1.5811E-08 1.5293E-08 1.4660E-08 1.3931E-08 1.3125E-08 1.2264E-08 1.1367E-08 1.0455E-08 9.5460E-09 8.6534E-09 7.7910E-09 6.9684E-09 6.1980E-09 5.4800E-09 4.8184E-09 4.2159E-09 3.6711E-09 3.1825E-09 2.7477E-09 2.3625E-09 2.0054E-09 1.6990E-09 1.4420E-09 1.2242E-09 1.0374E-09 8.8020E-10 7.3920E-10 6.1640E-10 5.1526E-10 4.2373E-10 3.5123E-10 2.8686E-10 2.3567E-10 1.9228E-10 1.5441E-10 1.2428E-10 9.6609E-11 7.3396E-11 5.4828E-11 3.7012E-11 2.2035E-11
7.4922E-09 8.5017E-09 9.5548E-09 1.0629E-08 1.1705E-08 1.2752E-08 1.3756E-08 1.4685E-08 1.5515E-08 1.6223E-08 1.6784E-08 1.7187E-08 1.7418E-08 1.7481E-08 1.7369E-08 1.7092E-08 1.6655E-08 1.6076E-08 1.5375E-08 1.4570E-08 1.3690E-08 1.2753E-08 1.1781E-08 1.0795E-08 9.8173E-09 8.8634E-09 7.9468E-09 7.0784E-09 6.2640E-09 5.5139E-09 4.8262E-09 4.2046E-09 3.6442E-09 3.1480E-09 2.7052E-09 2.3148E-09 1.9531E-09 1.6458E-09 1.3920E-09 1.1834E-09 1.0001E-09 8.4350E-10 7.0717E-10 5.8629E-10 4.8888E-10 3.9982E-10 3.3123E-10 2.6762E-10 2.1894E-10 1.7749E-10 1.4223E-10 1.1448E-10 8.8221E-11 6.4179E-11 4.7383E-11 3.1170E-11 1.7582E-11
7.7398E-09 8.8098E-09 9.9302E-09 1.1080E-08 1.2236E-08 1.3373E-08 1.4460E-08 1.5467E-08 1.6366E-08 1.7127E-08 1.7737E-08 1.8175E-08 1.8425E-08 1.8482E-08 1.8346E-08 1.8025E-08 1.7533E-08 1.6892E-08 1.6117E-08 1.5233E-08 1.4265E-08 1.3239E-08 1.2184E-08 1.1122E-08 1.0073E-08 9.0540E-09 8.0809E-09 7.1641E-09 6.3121E-09 5.5283E-09 4.8170E-09 4.1761E-09 3.6032E-09 3.0937E-09 2.6486E-09 2.2478E-09 1.8898E-09 1.5821E-09 1.3405E-09 1.1326E-09 9.5636E-10 8.0621E-10 6.7397E-10 5.5450E-10 4.6127E-10 3.7760E-10 3.1025E-10 2.4719E-10 2.0226E-10 1.6196E-10 1.3034E-10 1.0401E-10 7.7925E-11 5.5578E-11 4.0238E-11 2.5561E-11 1.3303E-11
7.9694E-09 9.1007E-09 1.0291E-08 1.1521E-08 1.2763E-08 1.3985E-08 1.5156E-08 1.6248E-08 1.7225E-08 1.8058E-08 1.8722E-08 1.9191E-08 1.9458E-08 1.9509E-08 1.9353E-08 1.8993E-08 1.8446E-08 1.7729E-08 1.6868E-08 1.5896E-08 1.4836E-08 1.3723E-08 1.2580E-08 1.1433E-08 1.0308E-08 9.2217E-09 8.1907E-09 7.2263E-09 6.3347E-09 5.5198E-09 4.7853E-09 4.1268E-09 3.5468E-09 3.0333E-09 2.5858E-09 2.1907E-09 1.8230E-09 1.5147E-09 1.2804E-09 1.0776E-09 9.0939E-10 7.6457E-10 6.3696E-10 5.2399E-10 4.3267E-10 3.5210E-10 2.8781E-10 2.2618E-10 1.8562E-10 1.4681E-10 1.1827E-10 9.1567E-11 6.7480E-11 4.7581E-11 3.3456E-11 2.0026E-11 9.3614E-12
