Assets/Resources/2015_m01_d19_2200(utc+0800)_l00_csi_1hr_conc.grd
DSAA
         159         159
     -79.000      79.000
     -79.000      79.000
  0.0000E+00  0.1109E-04
[rows 0 to 24 of 159, columns 0 to 56 of 159]
1.4006E-09 1.5490E-09 1.7051E-09 1.8690E-09 2.0438E-09 2.2409E-09 2.4483E-09 2.6735E-09 2.9109E-09 3.1612E-09 3.4008E-09 3.6342E-09 3.8601E-09 4.0855E-09 4.2926E-09 4.4886E-09 4.6727E-09 4.8454E-09 5.0110E-09 5.1600E-09 5.2968E-09 5.4217E-09 5.5345E-09 5.6373E-09 5.7305E-09 5.8097E-09 5.8785E-09 5.9384E-09 5.9900E-09 6.0295E-09 6.0635E-09 6.0883E-09 6.1040E-09 6.1138E-09 6.1187E-09 6.1140E-09 6.1042E-09 6.0898E-09 6.0672E-09 6.0390E-09 6.0086E-09 5.9726E-09 5.9311E-09 5.8869E-09 5.8404E-09 5.7882E-09 5.7329E-09 5.6770E-09 5.6177E-09 5.5549E-09 5.4899E-09 5.4266E-09 5.3585E-09 5.2890E-09 5.2182E-09 5.1498E-09 5.0774E-09
1.4940E-09 1.6496E-09 1.8132E-09 1.9883E-09 2.1828E-09 2.3854E-09 2.6075E-09 2.8484E-09 3.1027E-09 3.3528E-09 3.5978E-09 3.8415E-09 4.0743E-09 4.2946E-09 4.5036E-09 4.7008E-09 4.8903E-09 5.0630E-09 5.2226E-09 5.3698E-09 5.5045E-09 5.6300E-09 5.7419E-09 5.8403E-09 5.9268E-09 6.0021E-09 6.0688E-09 6.1267E-09 6.1711E-09 6.2095E-09 6.2380E-09 6.2569E-09 6.2711E-09 6.2768E-09 6.2742E-09 6.2663E-09 6.2535E-09 6.2320E-09 6.2045E-09 6.1761E-09 6.1389E-09 6.0972E-09 6.0539E-09 6.0059E-09 5.9529E-09 5.8966E-09 5.8411E-09 5.7794E-09 5.7151E-09 5.6498E-09 5.5839E-09 5.5141E-09 5.4427E-09 5.3722E-09 5.2998E-09 5.2254E-09 5.1501E-09
1.5871E-09 1.7497E-09 1.9267E-09 2.1181E-09 2.3169E-09 2.5341E-09 2.7757E-09 3.0300E-09 3.2881E-09 3.5445E-09 3.8033E-09 4.0466E-09 4.2803E-09 4.5029E-09 4.7188E-09 4.9168E-09 5.1015E-09 5.2731E-09 5.4316E-09 5.5825E-09 5.7155E-09 5.8356E-09 5.9426E-09 6.0378E-09 6.1205E-09 6.1971E-09 6.2592E-09 6.3093E-09 6.3529E-09 6.3858E-09 6.4085E-09 6.4261E-09 6.4348E-09 6.4346E-09 6.4288E-09 6.4181E-09 6.3980E-09 6.3732E-09 6.3443E-09 6.3075E-09 6.2659E-09 6.2226E-09 6.1743E-09 6.1208E-09 6.0650E-09 6.0075E-09 5.9447E-09 5.8792E-09 5.8138E-09 5.7453E-09 5.6738E-09 5.6006E-09 5.5295E-09 5.4541E-09 5.3776E-09 5.3002E-09 5.2257E-09
1.6792E-09 1.8546E-09 2.0446E-09 2.2424E-09 2.4541E-09 2.6944E-09 2.9443E-09 3.2070E-09 3.4762E-09 3.7448E-09 4.0010E-09 4.2485E-09 4.4886E-09 4.7150E-09 4.9268E-09 5.1247E-09 5.3093E-09 5.4852E-09 5.6431E-09 5.7873E-09 5.9181E-09 6.0354E-09 6.1411E-09 6.2362E-09 6.3159E-09 6.3842E-09 6.4418E-09 6.4895E-09 6.5294E-09 6.5566E-09 6.5781E-09 6.5902E-09 6.5928E-09 6.5897E-09 6.5813E-09 6.5631E-09 6.5398E-09 6.5122E-09 6.4762E-09 6.4350E-09 6.3933E-09 6.3435E-09 6.2896E-09 6.2333E-09 6.1753E-09 6.1115E-09 6.0449E-09 5.9796E-09 5.9085E-09 5.8354E-09 5.7617E-09 5.6879E-09 5.6106E-09 5.5321E-09 5.4538E-09 5.3763E-09 5.2959E-09
1.7754E-09 1.9632E-09 2.1591E-09 2.3683E-09 2.6019E-09 2.8483E-09 3.1117E-09 3.3899E-09 3.6677E-09 3.9366E-09 4.1974E-09 4.4531E-09 4.6928E-09 4.9190E-09 5.1315E-09 5.3344E-09 5.5192E-09 5.6892E-09 5.8457E-09 5.9878E-09 6.1214E-09 6.2362E-09 6.3376E-09 6.4259E-09 6.5020E-09 6.5664E-09 6.6235E-09 6.6676E-09 6.7000E-09 6.7263E-09 6.7423E-09 6.7485E-09 6.7499E-09 6.7427E-09 6.7267E-09 6.7054E-09 6.6794E-09 6.6446E-09 6.6055E-09 6.5630E-09 6.5132E-09 6.4592E-09 6.4040E-09 6.3441E-09 6.2796E-09 6.2119E-09 6.1457E-09 6.0734E-09 5.9988E-09 5.9248E-09 5.8483E-09 5.7691E-09 5.6887E-09 5.6109E-09 5.5291E-09 5.4465E-09 5.3634E-09
1.8745E-09 2.0676E-09 2.2748E-09 2.5041E-09 2.7434E-09 3.0037E-09 3.2852E-09 3.5706E-09 3.8518E-09 4.1275E-09 4.3959E-09 4.6501E-09 4.8916E-09 5.1209E-09 5.3376E-09 5.5366E-09 5.7201E-09 5.8891E-09 6.0493E-09 6.1893E-09 6.3154E-09 6.4270E-09 6.5251E-09 6.6099E-09 6.6856E-09 6.7483E-09 6.7984E-09 6.8366E-09 6.8665E-09 6.8890E-09 6.8991E-09 6.9041E-09 6.8999E-09 6.8866E-09 6.8676E-09 6.8437E-09 6.8103E-09 6.7723E-09 6.7306E-09 6.6812E-09 6.6271E-09 6.5718E-09 6.5116E-09 6.4464E-09 6.3793E-09 6.3109E-09 6.2373E-09 6.1614E-09 6.0863E-09 6.0084E-09 5.9277E-09 5.8456E-09 5.7662E-09 5.6824E-09 5.5977E-09 5.5137E-09 5.4308E-09
1.9689E-09 2.1720E-09 2.3985E-09 2.6326E-09 2.8854E-09 3.1679E-09 3.4553E-09 3.7461E-09 4.0364E-09 4.3173E-09 4.5862E-09 4.8431E-09 5.0912E-09 5.3206E-09 5.5344E-09 5.7332E-09 5.9213E-09 6.0894E-09 6.2429E-09 6.3805E-09 6.5037E-09 6.6143E-09 6.7126E-09 6.7942E-09 6.8630E-09 6.9201E-09 6.9661E-09 7.0021E-09 7.0300E-09 7.0449E-09 7.0541E-09 7.0535E-09 7.0434E-09 7.0287E-09 7.0057E-09 6.9743E-09 6.9378E-09 6.8973E-09 6.8486E-09 6.7948E-09 6.7397E-09 6.6793E-09 6.6136E-09 6.5475E-09 6.4774E-09 6.4031E-09 6.3260E-09 6.2509E-09 6.1701E-09 6.0877E-09 6.0054E-09 5.9235E-09 5.8381E-09 5.7518E-09 5.6671E-09 5.5810E-09 5.4933E-09
2.0627E-09 2.2847E-09 2.5143E-09 2.7608E-09 3.0330E-09 3.3234E-09 3.6203E-09 3.9220E-09 4.2164E-09 4.4997E-09 4.7718E-09 5.0363E-09 5.2819E-09 5.5120E-09 5.7257E-09 5.9295E-09 6.1120E-09 6.2790E-09 6.4300E-09 6.5692E-09 6.6914E-09 6.7980E-09 6.8895E-09 6.9677E-09 7.0330E-09 7.0894E-09 7.1337E-09 7.1644E-09 7.1848E-09 7.1972E-09 7.2027E-09 7.1961E-09 7.1850E-09 7.1648E-09 7.1358E-09 7.1014E-09 7.0626E-09 7.0149E-09 6.9633E-09 6.9086E-09 6.8472E-09 6.7817E-09 6.7154E-09 6.6446E-09 6.5694E-09 6.4930E-09 6.4161E-09 6.3342E-09 6.2503E-09 6.1674E-09 6.0823E-09 5.9949E-09 5.9065E-09 5.8214E-09 5.7322E-09 5.6424E-09 5.5523E-09
2.1616E-09 2.3886E-09 2.6292E-09 2.8938E-09 3.1773E-09 3.4766E-09 3.7858E-09 4.0924E-09 4.3897E-09 4.6787E-09 4.9575E-09 5.2193E-09 5.4662E-09 5.7019E-09 5.9165E-09 6.1148E-09 6.2960E-09 6.4616E-09 6.6159E-09 6.7501E-09 6.8680E-09 6.9718E-09 7.0603E-09 7.1402E-09 7.2024E-09 7.2525E-09 7.2906E-09 7.3172E-09 7.3355E-09 7.3460E-09 7.3440E-09 7.3367E-09 7.3201E-09 7.2940E-09 7.2622E-09 7.2256E-09 7.1795E-09 7.1294E-09 7.0759E-09 7.0148E-09 6.9494E-09 6.8832E-09 6.8125E-09 6.7368E-09 6.6596E-09 6.5814E-09 6.4983E-09 6.4132E-09 6.3292E-09 6.2424E-09 6.1530E-09 6.0640E-09 5.9759E-09 5.8847E-09 5.7930E-09 5.7022E-09 5.6128E-09
2.2560E-09 2.4906E-09 2.7477E-09 3.0229E-09 3.3168E-09 3.6304E-09 3.9460E-09 4.2556E-09 4.5604E-09 4.8536E-09 5.1321E-09 5.3958E-09 5.6491E-09 5.8807E-09 6.0953E-09 6.2926E-09 6.4783E-09 6.6429E-09 6.7907E-09 6.9226E-09 7.0383E-09 7.1442E-09 7.2301E-09 7.3019E-09 7.3611E-09 7.4076E-09 7.4438E-09 7.4706E-09 7.4842E-09 7.4879E-09 7.4837E-09 7.4731E-09 7.4508E-09 7.4224E-09 7.3888E-09 7.3453E-09 7.2973E-09 7.2454E-09 7.1854E-09 7.1207E-09 7.0551E-09 6.9844E-09 6.9085E-09 6.8324E-09 6.7524E-09 6.6682E-09 6.5819E-09 6.4983E-09 6.4090E-09 6.3180E-09 6.2271E-09 6.1371E-09 6.0437E-09 5.9496E-09 5.8580E-09 5.7651E-09 5.6708E-09
2.3457E-09 2.5957E-09 2.8621E-09 3.1477E-09 3.4568E-09 3.7776E-09 4.0983E-09 4.4164E-09 4.7239E-09 5.0187E-09 5.3012E-09 5.5701E-09 5.8197E-09 6.0513E-09 6.2692E-09 6.4680E-09 6.6484E-09 6.8115E-09 6.9578E-09 7.0928E-09 7.2066E-09 7.3048E-09 7.3881E-09 7.4569E-09 7.5164E-09 7.5621E-09 7.5940E-09 7.6146E-09 7.6243E-09 7.6259E-09 7.6203E-09 7.6025E-09 7.5783E-09 7.5487E-09 7.5085E-09 7.4629E-09 7.4132E-09 7.3547E-09 7.2910E-09 7.2265E-09 7.1563E-09 7.0807E-09 7.0047E-09 6.9244E-09 6.8398E-09 6.7538E-09 6.6675E-09 6.5765E-09 6.4839E-09 6.3929E-09 6.2998E-09 6.2044E-09 6.1082E-09 6.0161E-09 5.9197E-09 5.8231E-09 5.7263E-09
2.4353E-09 2.6955E-09 2.9709E-09 3.2716E-09 3.5901E-09 3.9176E-09 4.2475E-09 4.5690E-09 4.8783E-09 5.1776E-09 5.4645E-09 5.7318E-09 5.9818E-09 6.2186E-09 6.4336E-09 6.6302E-09 6.8100E-09 6.9769E-09 7.1224E-09 7.2503E-09 7.3623E-09 7.4582E-09 7.5444E-09 7.6104E-09 7.6635E-09 7.7047E-09 7.7338E-09 7.7512E-09 7.7613E-09 7.7600E-09 7.7476E-09 7.7285E-09 7.7034E-09 7.6668E-09 7.6244E-09 7.5774E-09 7.5212E-09 7.4610E-09 7.3960E-09 7.3270E-09 7.2520E-09 7.1767E-09 7.0963E-09 7.0112E-09 6.9248E-09 6.8379E-09 6.7460E-09 6.6521E-09 6.5598E-09 6.4652E-09 6.3680E-09 6.2714E-09 6.1760E-09 6.0776E-09 5.9788E-09 5.8831E-09 5.7864E-09
2.5244E-09 2.7895E-09 3.0779E-09 3.3901E-09 3.7169E-09 4.0546E-09 4.3882E-09 4.7118E-09 5.0281E-09 5.3302E-09 5.6156E-09 5.8841E-09 6.1399E-09 6.3729E-09 6.5877E-09 6.7859E-09 6.9686E-09 7.1296E-09 7.2736E-09 7.4002E-09 7.5157E-09 7.6096E-09 7.6878E-09 7.7513E-09 7.8021E-09 7.8422E-09 7.8717E-09 7.8861E-09 7.8900E-09 7.8838E-09 7.8706E-09 7.8503E-09 7.8179E-09 7.7795E-09 7.7361E-09 7.6826E-09 7.6248E-09 7.5633E-09 7.4938E-09 7.4195E-09 7.3446E-09 7.2648E-09 7.1798E-09 7.0935E-09 7.0064E-09 6.9139E-09 6.8191E-09 6.7275E-09 6.6300E-09 6.5313E-09 6.4331E-09 6.3362E-09 6.2358E-09 6.1350E-09 6.0376E-09 5.9388E-09 5.8385E-09
2.6046E-09 2.8811E-09 3.1819E-09 3.5017E-09 3.8388E-09 4.1828E-09 4.5189E-09 4.8495E-09 5.1679E-09 5.4707E-09 5.7589E-09 6.0321E-09 6.2839E-09 6.5174E-09 6.7374E-09 6.9344E-09 7.1131E-09 7.2736E-09 7.4217E-09 7.5476E-09 7.6559E-09 7.7473E-09 7.8233E-09 7.8884E-09 7.9391E-09 7.9746E-09 7.9976E-09 8.0091E-09 8.0100E-09 8.0045E-09 7.9881E-09 7.9609E-09 7.9273E-09 7.8880E-09 7.8381E-09 7.7829E-09 7.7220E-09 7.6556E-09 7.5824E-09 7.5087E-09 7.4296E-09 7.3451E-09 7.2607E-09 7.1720E-09 7.0791E-09 6.9855E-09 6.8917E-09 6.7933E-09 6.6933E-09 6.5954E-09 6.4956E-09 6.3940E-09 6.2919E-09 6.1951E-09 6.0929E-09 5.9906E-09 5.8884E-09
2.6803E-09 2.9679E-09 3.2773E-09 3.6086E-09 3.9549E-09 4.3011E-09 4.6443E-09 4.9771E-09 5.2959E-09 5.6024E-09 5.8941E-09 6.1653E-09 6.4176E-09 6.6571E-09 6.8724E-09 7.0697E-09 7.2479E-09 7.4139E-09 7.5561E-09 7.6804E-09 7.7867E-09 7.8824E-09 7.9572E-09 8.0167E-09 8.0627E-09 8.0957E-09 8.1181E-09 8.1308E-09 8.1290E-09 8.1169E-09 8.0958E-09 8.0679E-09 8.0336E-09 7.9878E-09 7.9361E-09 7.8778E-09 7.8139E-09 7.7425E-09 7.6704E-09 7.5924E-09 7.5087E-09 7.4250E-09 7.3368E-09 7.2439E-09 7.1501E-09 7.0561E-09 6.9571E-09 6.8562E-09 6.7578E-09 6.6572E-09 6.5542E-09 6.4525E-09 6.3526E-09 6.2492E-09 6.1457E-09 6.0438E-09 5.9424E-09
2.7541E-09 3.0492E-09 3.3686E-09 3.7105E-09 4.0600E-09 4.4121E-09 4.7592E-09 5.0929E-09 5.4169E-09 5.7256E-09 6.0158E-09 6.2897E-09 6.5466E-09 6.7818E-09 6.9975E-09 7.1986E-09 7.3789E-09 7.5396E-09 7.6806E-09 7.8037E-09 7.9148E-09 8.0044E-09 8.0772E-09 8.1344E-09 8.1820E-09 8.2149E-09 8.2338E-09 8.2399E-09 8.2354E-09 8.2232E-09 8.2036E-09 8.1714E-09 8.1303E-09 8.0829E-09 8.0284E-09 7.9677E-09 7.8989E-09 7.8288E-09 7.7526E-09 7.6702E-09 7.5876E-09 7.5002E-09 7.4077E-09 7.3142E-09 7.2203E-09 7.1210E-09 7.0201E-09 6.9213E-09 6.8200E-09 6.7159E-09 6.6130E-09 6.5125E-09 6.4081E-09 6.3034E-09 6.2001E-09 6.0972E-09 5.9926E-09
2.8204E-09 3.1234E-09 3.4539E-09 3.8020E-09 4.1575E-09 4.5154E-09 4.8620E-09 5.1996E-09 5.5261E-09 5.8348E-09 6.1282E-09 6.4050E-09 6.6599E-09 6.8956E-09 7.1177E-09 7.3163E-09 7.4953E-09 7.6550E-09 7.8012E-09 7.9244E-09 8.0291E-09 8.1168E-09 8.1937E-09 8.2500E-09 8.2926E-09 8.3211E-09 8.3377E-09 8.3457E-09 8.3418E-09 8.3259E-09 8.2999E-09 8.2644E-09 8.2202E-09 8.1745E-09 8.1158E-09 8.0504E-09 7.9833E-09 7.9093E-09 7.8287E-09 7.7477E-09 7.6614E-09 7.5699E-09 7.4771E-09 7.3838E-09 7.2850E-09 7.1843E-09 7.0871E-09 6.9837E-09 6.8790E-09 6.7778E-09 6.6745E-09 6.5684E-09 6.4619E-09 6.3589E-09 6.2522E-09 6.1454E-09 6.0388E-09
2.8798E-09 3.1945E-09 3.5318E-09 3.8843E-09 4.2478E-09 4.6054E-09 4.9558E-09 5.2971E-09 5.6227E-09 5.9344E-09 6.2310E-09 6.5053E-09 6.7616E-09 7.0038E-09 7.2225E-09 7.4213E-09 7.6040E-09 7.7658E-09 7.9073E-09 8.0298E-09 8.1332E-09 8.2260E-09 8.2966E-09 8.3517E-09 8.3920E-09 8.4247E-09 8.4406E-09 8.4440E-09 8.4360E-09 8.4172E-09 8.3924E-09 8.3569E-09 8.3109E-09 8.2570E-09 8.1958E-09 8.1324E-09 8.0615E-09 7.9833E-09 7.9045E-09 7.8200E-09 7.7298E-09 7.6382E-09 7.5462E-09 7.4484E-09 7.3497E-09 7.2512E-09 7.1479E-09 7.0431E-09 6.9412E-09 6.8367E-09 6.7298E-09 6.6221E-09 6.5184E-09 6.4106E-09 6.3024E-09 6.1961E-09 6.0904E-09
2.9344E-09 3.2570E-09 3.5999E-09 3.9608E-09 4.3250E-09 4.6862E-09 5.0405E-09 5.3804E-09 5.7093E-09 6.0245E-09 6.3190E-09 6.5961E-09 6.8575E-09 7.0961E-09 7.3154E-09 7.5200E-09 7.7006E-09 7.8610E-09 8.0030E-09 8.1303E-09 8.2343E-09 8.3211E-09 8.3903E-09 8.4494E-09 8.4893E-09 8.5163E-09 8.5310E-09 8.5323E-09 8.5282E-09 8.5078E-09 8.4777E-09 8.4380E-09 8.3899E-09 8.3357E-09 8.2771E-09 8.2080E-09 8.1331E-09 8.0571E-09 7.9750E-09 7.8867E-09 7.7971E-09 7.7070E-09 7.6101E-09 7.5125E-09 7.4148E-09 7.3117E-09 7.2069E-09 7.1048E-09 7.0002E-09 6.8924E-09 6.7837E-09 6.6786E-09 6.5694E-09 6.4599E-09 6.3523E-09 6.2452E-09 6.1363E-09
2.9820E-09 3.3104E-09 3.6621E-09 4.0269E-09 4.3904E-09 4.7577E-09 5.1102E-09 5.4538E-09 5.7859E-09 6.0994E-09 6.3964E-09 6.6775E-09 6.9373E-09 7.1770E-09 7.4025E-09 7.6033E-09 7.7851E-09 7.9480E-09 8.0936E-09 8.2160E-09 8.3201E-09 8.4079E-09 8.4802E-09 8.5341E-09 8.5738E-09 8.5998E-09 8.6188E-09 8.6192E-09 8.6082E-09 8.5863E-09 8.5544E-09 8.5191E-09 8.4697E-09 8.4122E-09 8.3477E-09 8.2768E-09 8.2063E-09 8.1253E-09 8.0399E-09 7.9528E-09 7.8647E-09 7.7698E-09 7.6734E-09 7.5767E-09 7.4746E-09 7.3700E-09 7.2686E-09 7.1639E-09 7.0554E-09 6.9456E-09 6.8399E-09 6.7298E-09 6.6192E-09 6.5106E-09 6.4023E-09 6.2924E-09 6.1833E-09
3.0230E-09 3.3583E-09 3.7167E-09 4.0809E-09 4.4493E-09 4.8150E-09 5.1707E-09 5.5175E-09 5.8475E-09 6.1635E-09 6.4641E-09 6.7439E-09 7.0065E-09 7.2510E-09 7.4730E-09 7.6758E-09 7.8618E-09 8.0259E-09 8.1690E-09 8.2916E-09 8.4007E-09 8.4866E-09 8.5562E-09 8.6104E-09 8.6553E-09 8.6803E-09 8.6936E-09 8.6929E-09 8.6808E-09 8.6641E-09 8.6314E-09 8.5891E-09 8.5381E-09 8.4791E-09 8.4172E-09 8.3475E-09 8.2701E-09 8.1882E-09 8.1045E-09 8.0191E-09 7.9260E-09 7.8316E-09 7.7367E-09 7.6357E-09 7.5323E-09 7.4316E-09 7.3268E-09 7.2182E-09 7.1083E-09 7.0023E-09 6.8916E-09 6.7802E-09 6.6732E-09 6.5631E-09 6.4534E-09 6.3440E-09 6.2364E-09
3.0552E-09 3.3981E-09 3.7584E-09 4.1263E-09 4.4959E-09 4.8606E-09 5.2212E-09 5.5659E-09 5.8986E-09 6.2177E-09 6.5165E-09 6.7995E-09 7.0647E-09 7.3082E-09 7.5320E-09 7.7421E-09 7.9255E-09 8.0896E-09 8.2348E-09 8.3618E-09 8.4661E-09 8.5530E-09 8.6251E-09 8.6836E-09 8.7226E-09 8.7473E-09 8.7601E-09 8.7654E-09 8.7531E-09 8.7300E-09 8.6961E-09 8.6548E-09 8.6071E-09 8.5477E-09 8.4809E-09 8.4083E-09 8.3306E-09 8.2527E-09 8.1687E-09 8.0783E-09 7.9862E-09 7.8937E-09 7.7948E-09 7.6925E-09 7.5925E-09 7.4887E-09 7.3808E-09 7.2734E-09 7.1654E-09 7.0543E-09 6.9425E-09 6.8359E-09 6.7261E-09 6.6170E-09 6.5070E-09 6.3993E-09 6.2893E-09
3.0815E-09 3.4294E-09 3.7918E-09 4.1624E-09 4.5295E-09 4.8983E-09 5.2567E-09 5.6034E-09 5.9395E-09 6.2568E-09 6.5585E-09 6.8446E-09 7.1082E-09 7.3537E-09 7.5846E-09 7.7909E-09 7.9767E-09 8.1457E-09 8.2916E-09 8.4158E-09 8.5220E-09 8.6160E-09 8.6869E-09 8.7418E-09 8.7809E-09 8.8122E-09 8.8258E-09 8.8255E-09 8.8129E-09 8.7892E-09 8.7613E-09 8.7180E-09 8.6655E-09 8.6052E-09 8.5400E-09 8.4721E-09 8.3948E-09 8.3123E-09 8.2251E-09 8.1365E-09 8.0470E-09 7.9502E-09 7.8496E-09 7.7514E-09 7.6490E-09 7.5422E-09 7.4358E-09 7.3284E-09 7.2176E-09 7.1061E-09 7.0003E-09 6.8916E-09 6.7818E-09 6.6723E-09 6.5649E-09 6.4563E-09 6.3489E-09
3.1012E-09 3.4509E-09 3.8161E-09 4.1852E-09 4.5541E-09 4.9233E-09 5.2802E-09 5.6295E-09 5.9653E-09 6.2850E-09 6.5900E-09 6.8741E-09 7.1399E-09 7.3926E-09 7.6207E-09 7.8291E-09 8.0200E-09 8.1883E-09 8.3339E-09 8.4600E-09 8.5741E-09 8.6632E-09 8.7350E-09 8.7928E-09 8.8374E-09 8.8641E-09 8.8777E-09 8.8780E-09 8.8721E-09 8.8490E-09 8.8150E-09 8.7712E-09 8.7225E-09 8.6652E-09 8.5994E-09 8.5274E-09 8.4491E-09 8.3660E-09 8.2858E-09 8.1957E-09 8.1014E-09 8.0031E-09 7.9074E-09 7.8071E-09 7.7020E-09 7.5970E-09 7.4908E-09 7.3808E-09 7.2706E-09 7.1663E-09 7.0575E-09 6.9488E-09 6.8387E-09 6.7315E-09 6.6240E-09 6.5199E-09 6.4160E-09
3.1128E-09 3.4645E-09 3.8300E-09 4.1988E-09 4.5697E-09 4.9351E-09 5.2960E-09 5.6441E-09 5.9790E-09 6.3027E-09 6.6056E-09 6.8914E-09 7.1648E-09 7.4144E-09 7.6452E-09 7.8591E-09 8.0494E-09 8.2176E-09 8.3675E-09 8.5002E-09 8.6099E-09 8.7003E-09 8.7795E-09 8.8373E-09 8.8794E-09 8.9076E-09 8.9283E-09 8.9300E-09 8.9190E-09 8.8961E-09 8.8645E-09 8.8255E-09 8.7745E-09 8.7160E-09 8.6502E-09 8.5795E-09 8.5065E-09 8.4248E-09 8.3383E-09 8.2472E-09 8.1521E-09 8.0620E-09 7.9619E-09 7.8591E-09 7.7561E-09 7.6516E-09 7.5430E-09 7.4362E-09 7.3325E-09 7.2251E-09 7.1160E-09 7.0056E-09 6.9003E-09 6.7968E-09 6.6920E-09 6.5918E-09 6.4901E-09
