Assets/Resources/2015_m01_d03_0200(utc+0800)_l00_csi_1hr_conc.grd
DSAA
         159         159
     -79.000      79.000
     -79.000      79.000
  0.0000E+00  0.5330E-04
[rows 25 to 49 of 159, columns 57 to 113 of 159]
3.5104E-09 3.4955E-09 3.4766E-09 3.4528E-09 3.4252E-09 3.3951E-09 3.3600E-09 3.3222E-09 3.2828E-09 3.2576E-09 3.2157E-09 3.1734E-09 3.1294E-09 3.0859E-09 3.0422E-09 2.9976E-09 2.9924E-09 2.9473E-09 2.9013E-09 2.8543E-09 2.8069E-09 2.7604E-09 2.7128E-09 2.6646E-09 2.6150E-09 2.5645E-09 2.5137E-09 2.4623E-09 2.4106E-09 2.3587E-09 2.3293E-09 2.2766E-09 2.2238E-09 2.1710E-09 2.0955E-09 2.0429E-09 1.9905E-09 1.9382E-09 1.8862E-09 1.8337E-09 1.7817E-09 1.7299E-09 1.6783E-09 1.6266E-09 1.5749E-09 1.5057E-09 1.4563E-09 1.4067E-09 1.3593E-09 1.3127E-09 1.2470E-09 1.2032E-09 1.1609E-09 1.1189E-09 1.0622E-09 1.0230E-09 9.8462E-10
3.5796E-09 3.5657E-09 3.5471E-09 3.5252E-09 3.4977E-09 3.4664E-09 3.4316E-09 3.4079E-09 3.3684E-09 3.3275E-09 3.2843E-09 3.2404E-09 3.1960E-09 3.1692E-09 3.1469E-09 3.1029E-09 3.0579E-09 3.0124E-09 2.9683E-09 2.9228E-09 2.8747E-09 2.8263E-09 2.8003E-09 2.7506E-09 2.7204E-09 2.6697E-09 2.6184E-09 2.5667E-09 2.5143E-09 2.4616E-09 2.4081E-09 2.3542E-09 2.3002E-09 2.2460E-09 2.1916E-09 2.1179E-09 2.0639E-09 2.0101E-09 1.9564E-09 1.9030E-09 1.8498E-09 1.7965E-09 1.7204E-09 1.6678E-09 1.6148E-09 1.5618E-09 1.5105E-09 1.4591E-09 1.3913E-09 1.3422E-09 1.2956E-09 1.2500E-09 1.2054E-09 1.1413E-09 1.0997E-09 1.0591E-09 1.0027E-09
3.6501E-09 3.6379E-09 3.6200E-09 3.5969E-09 3.5699E-09 3.5387E-09 3.5182E-09 3.4813E-09 3.4405E-09 3.3982E-09 3.3548E-09 3.3491E-09 3.3054E-09 3.2610E-09 3.2149E-09 3.1723E-09 3.1289E-09 3.0828E-09 3.0792E-09 3.0326E-09 2.9852E-09 2.9367E-09 2.8877E-09 2.8386E-09 2.7890E-09 2.7391E-09 2.6884E-09 2.6367E-09 2.5844E-09 2.5311E-09 2.4765E-09 2.4215E-09 2.3661E-09 2.3104E-09 2.2543E-09 2.1980E-09 2.1419E-09 2.0858E-09 2.0299E-09 1.9739E-09 1.9179E-09 1.8427E-09 1.7874E-09 1.7331E-09 1.6791E-09 1.6243E-09 1.5477E-09 1.4951E-09 1.4435E-09 1.3931E-09 1.3426E-09 1.2775E-09 1.2311E-09 1.1862E-09 1.1421E-09 1.0792E-09 1.0388E-09
3.7226E-09 3.7099E-09 3.6922E-09 3.6703E-09 3.6556E-09 3.6260E-09 3.5925E-09 3.5552E-09 3.5322E-09 3.5084E-09 3.4663E-09 3.4231E-09 3.3778E-09 3.3361E-09 3.2905E-09 3.2871E-09 3.2422E-09 3.1969E-09 3.1507E-09 3.1049E-09 3.0602E-09 3.0140E-09 2.9657E-09 2.9163E-09 2.8656E-09 2.8139E-09 2.7616E-09 2.7086E-09 2.6548E-09 2.6001E-09 2.5445E-09 2.4884E-09 2.4320E-09 2.3750E-09 2.3177E-09 2.2602E-09 2.2027E-09 2.1451E-09 2.0869E-09 2.0288E-09 1.9707E-09 1.9123E-09 1.8551E-09 1.7983E-09 1.7418E-09 1.6668E-09 1.6108E-09 1.5565E-09 1.5024E-09 1.4260E-09 1.3732E-09 1.3244E-09 1.2764E-09 1.2116E-09 1.1661E-09 1.1218E-09 1.0790E-09
3.7946E-09 3.7830E-09 3.7765E-09 3.7558E-09 3.7311E-09 3.7013E-09 3.6834E-09 3.6478E-09 3.6262E-09 3.5858E-09 3.5429E-09 3.5022E-09 3.5009E-09 3.4550E-09 3.4097E-09 3.3636E-09 3.3195E-09 3.2775E-09 3.2329E-09 3.1858E-09 3.1378E-09 3.0892E-09 3.0396E-09 2.9890E-09 2.9378E-09 2.8856E-09 2.8326E-09 2.7791E-09 2.7251E-09 2.6696E-09 2.6133E-09 2.5563E-09 2.4986E-09 2.4405E-09 2.3819E-09 2.3231E-09 2.2636E-09 2.2044E-09 2.1453E-09 2.0858E-09 2.0262E-09 1.9663E-09 1.9066E-09 1.8474E-09 1.7886E-09 1.7306E-09 1.6732E-09 1.6160E-09 1.5409E-09 1.4837E-09 1.4278E-09 1.3768E-09 1.3048E-09 1.2564E-09 1.2091E-09 1.1448E-09 1.1004E-09
3.8684E-09 3.8666E-09 3.8518E-09 3.8319E-09 3.8071E-09 3.7932E-09 3.7765E-09 3.7426E-09 3.7054E-09 3.6888E-09 3.6683E-09 3.6250E-09 3.5810E-09 3.5381E-09 3.4960E-09 3.4510E-09 3.4039E-09 3.3558E-09 3.3093E-09 3.2621E-09 3.2139E-09 3.1654E-09 3.1170E-09 3.0673E-09 3.0164E-09 2.9646E-09 2.9114E-09 2.8571E-09 2.8017E-09 2.7450E-09 3.2579E-09 3.2212E-09 3.1821E-09 3.1378E-09 3.0970E-09 3.0514E-09 2.9989E-09 2.9405E-09 2.8779E-09 2.8125E-09 2.7428E-09 2.6731E-09 2.5968E-09 2.5241E-09 1.9054E-09 1.8204E-09 1.7332E-09 1.6591E-09 1.6000E-09 1.5385E-09 1.4616E-09 1.4088E-09 1.3575E-09 1.3065E-09 1.2353E-09 1.1876E-09 1.1409E-09
3.9520E-09 3.9428E-09 3.9283E-09 3.9218E-09 3.9119E-09 3.8863E-09 3.8569E-09 3.8454E-09 3.8291E-09 3.7926E-09 3.7530E-09 3.7143E-09 3.6731E-09 3.6278E-09 3.5815E-09 3.5329E-09 3.4856E-09 3.4372E-09 3.3904E-09 3.3448E-09 3.2976E-09 3.2484E-09 3.1982E-09 3.1473E-09 3.0952E-09 3.0421E-09 3.6071E-09 3.5936E-09 3.5776E-09 3.5473E-09 3.5158E-09 3.4724E-09 3.4279E-09 3.3859E-09 3.3395E-09 3.2898E-09 3.2400E-09 3.1767E-09 3.1094E-09 3.0441E-09 2.9706E-09 2.9004E-09 2.8254E-09 2.7436E-09 2.6578E-09 2.5743E-09 2.4798E-09 2.3672E-09 1.7250E-09 1.6250E-09 1.5272E-09 1.4614E-09 1.3886E-09 1.3366E-09 1.2855E-09 1.2356E-09 1.1648E-09
4.0296E-09 4.0306E-09 4.0184E-09 4.0127E-09 3.9926E-09 3.9851E-09 3.9606E-09 3.9478E-09 3.9159E-09 3.8832E-09 3.8483E-09 3.8063E-09 3.7618E-09 3.7148E-09 3.6678E-09 3.6224E-09 3.5748E-09 3.5268E-09 3.4773E-09 3.4274E-09 3.3791E-09 3.3300E-09 3.2795E-09 3.8745E-09 3.9054E-09 3.8976E-09 3.8736E-09 3.8496E-09 3.8172E-09 3.7887E-09 3.7535E-09 3.7154E-09 3.6728E-09 3.6310E-09 3.5930E-09 3.5453E-09 3.4883E-09 3.4277E-09 3.3617E-09 3.2803E-09 3.1912E-09 3.1086E-09 3.0257E-09 2.9397E-09 2.8514E-09 2.7590E-09 2.6640E-09 2.5649E-09 2.4600E-09 2.3553E-09 2.2364E-09 1.5895E-09 1.4898E-09 1.3897E-09 1.3144E-09 1.2635E-09 1.2128E-09
4.1177E-09 4.1111E-09 4.1094E-09 4.0946E-09 4.0944E-09 4.0877E-09 4.0643E-09 4.0390E-09 4.0120E-09 3.9770E-09 3.9387E-09 3.8976E-09 3.8542E-09 3.8113E-09 3.7630E-09 3.7147E-09 3.6652E-09 3.6143E-09 3.5651E-09 3.5144E-09 4.0553E-09 4.1521E-09 4.1716E-09 4.1587E-09 4.1439E-09 4.1268E-09 4.1068E-09 4.0833E-09 4.6991E-09 4.6980E-09 4.6904E-09 4.6768E-09 4.6556E-09 4.6246E-09 4.5894E-09 4.5390E-09 4.4797E-09 4.4115E-09 4.3369E-09 4.2521E-09 4.1589E-09 4.0593E-09 3.9514E-09 3.8298E-09 3.1126E-09 2.9837E-09 2.8480E-09 2.7354E-09 2.6264E-09 2.5177E-09 2.4128E-09 2.3070E-09 2.2041E-09 2.0712E-09 1.4336E-09 1.3292E-09 1.2400E-09
4.2072E-09 4.2023E-09 4.2053E-09 4.1970E-09 4.1945E-09 4.1796E-09 4.1607E-09 4.1349E-09 4.1041E-09 4.0700E-09 4.0340E-09 3.9967E-09 3.9536E-09 3.9076E-09 3.8590E-09 3.8086E-09 3.7589E-09 3.7077E-09 4.2126E-09 4.3238E-09 4.3535E-09 4.3678E-09 4.3696E-09 4.3629E-09 5.0010E-09 5.0692E-09 5.1072E-09 5.1299E-09 5.1355E-09 5.1380E-09 5.1284E-09 5.1133E-09 5.0875E-09 5.0664E-09 5.0222E-09 4.9746E-09 4.9106E-09 4.8479E-09 4.7687E-09 4.6791E-09 4.5813E-09 4.4748E-09 4.3631E-09 4.2368E-09 4.1062E-09 3.9686E-09 3.8017E-09 3.6201E-09 2.8703E-09 2.7125E-09 2.5761E-09 2.4675E-09 2.3577E-09 2.2453E-09 2.1357E-09 2.0055E-09 1.3622E-09
4.2908E-09 4.3016E-09 4.3070E-09 4.3007E-09 4.2880E-09 4.2753E-09 4.2542E-09 4.2287E-09 4.2003E-09 4.1712E-09 4.1349E-09 4.0955E-09 4.0526E-09 4.0073E-09 3.9591E-09 3.9084E-09 4.3300E-09 4.4538E-09 4.4945E-09 4.5157E-09 4.5387E-09 5.1988E-09 5.3508E-09 5.4312E-09 5.4731E-09 5.5101E-09 5.5424E-09 5.5617E-09 5.5767E-09 5.5892E-09 5.5935E-09 5.5839E-09 5.5721E-09 6.2254E-09 6.1946E-09 6.1440E-09 6.0803E-09 5.3436E-09 5.2542E-09 5.1491E-09 5.0210E-09 4.8811E-09 4.7550E-09 4.6213E-09 4.4805E-09 4.3321E-09 4.1717E-09 4.0003E-09 3.8281E-09 3.6486E-09 3.4493E-09 2.6971E-09 2.5271E-09 2.4017E-09 2.2857E-09 2.1682E-09 2.0609E-09
4.3917E-09 4.4005E-09 4.4012E-09 4.3977E-09 4.3860E-09 4.3700E-09 4.3499E-09 4.3310E-09 4.3031E-09 4.2718E-09 4.2363E-09 4.1976E-09 4.1559E-09 4.1107E-09 4.0638E-09 4.5516E-09 4.6230E-09 4.6506E-09 4.6810E-09 5.3709E-09 5.5751E-09 5.6839E-09 5.7593E-09 5.8321E-09 5.8876E-09 5.9342E-09 6.6877E-09 6.7684E-09 6.8340E-09 6.8865E-09 6.9180E-09 6.9357E-09 6.9334E-09 6.9255E-09 6.8951E-09 6.8439E-09 6.7769E-09 6.6899E-09 6.5863E-09 6.4663E-09 6.3302E-09 6.1778E-09 6.0114E-09 5.8089E-09 4.9593E-09 4.7561E-09 4.5462E-09 4.3624E-09 4.1800E-09 4.0010E-09 3.8170E-09 3.6326E-09 3.4187E-09 2.6428E-09 2.4609E-09 2.3213E-09 2.2485E-09
4.4909E-09 4.4963E-09 4.4990E-09 4.4933E-09 4.4828E-09 4.4715E-09 4.4545E-09 4.4321E-09 4.4061E-09 4.3756E-09 4.3417E-09 4.3039E-09 4.2629E-09 4.6363E-09 4.7357E-09 4.7720E-09 4.8083E-09 5.4473E-09 5.6659E-09 5.7998E-09 5.9196E-09 6.0372E-09 6.1388E-09 7.0089E-09 7.1752E-09 7.2992E-09 7.3975E-09 7.4815E-09 7.5500E-09 7.6059E-09 7.6461E-09 7.6753E-09 7.6855E-09 7.6844E-09 7.6565E-09 7.6065E-09 7.5364E-09 7.4455E-09 7.3392E-09 7.2059E-09 7.0565E-09 6.8874E-09 6.7018E-09 6.5003E-09 6.2867E-09 6.0525E-09 5.7754E-09 4.8551E-09 4.6057E-09 4.3644E-09 4.1669E-09 3.9668E-09 3.7643E-09 3.5633E-09 3.3400E-09 2.5950E-09 2.4303E-09
4.5860E-09 4.5954E-09 4.5962E-09 4.5917E-09 4.5879E-09 4.5752E-09 4.5582E-09 4.5373E-09 4.5123E-09 4.4838E-09 4.4508E-09 4.4179E-09 4.7915E-09 4.8724E-09 4.9152E-09 5.4381E-09 5.6913E-09 5.8556E-09 5.9959E-09 6.1376E-09 7.0318E-09 7.3187E-09 7.5411E-09 7.7054E-09 7.8571E-09 8.0049E-09 8.1297E-09 8.2330E-09 8.3251E-09 8.3981E-09 8.4528E-09 8.4879E-09 8.5032E-09 8.4974E-09 8.4692E-09 8.4165E-09 8.3393E-09 8.2389E-09 8.1157E-09 7.9704E-09 7.8044E-09 7.6188E-09 7.4155E-09 7.1962E-09 6.9617E-09 6.7072E-09 6.4318E-09 6.1541E-09 5.8727E-09 5.5572E-09 4.6231E-09 4.3417E-09 4.1076E-09 3.8891E-09 3.6821E-09 3.5656E-09 2.7164E-09
4.6861E-09 4.6939E-09 4.6960E-09 4.6989E-09 4.6922E-09 4.6813E-09 4.6659E-09 4.6464E-09 4.6230E-09 4.5955E-09 4.5755E-09 4.9173E-09 5.0012E-09 5.0514E-09 5.6555E-09 5.8600E-09 6.0184E-09 6.1820E-09 7.0821E-09 7.4439E-09 7.7100E-09 7.9465E-09 8.1646E-09 8.3746E-09 8.5600E-09 8.7291E-09 8.8859E-09 9.0165E-09 9.1301E-09 9.2248E-09 9.2991E-09 9.3506E-09 9.3783E-09 9.3816E-09 9.3583E-09 9.3065E-09 9.2269E-09 9.1203E-09 8.9871E-09 8.8282E-09 8.6450E-09 8.4391E-09 8.2123E-09 7.9674E-09 7.7048E-09 7.4178E-09 7.1162E-09 6.8135E-09 6.5083E-09 6.1956E-09 5.8810E-09 5.5353E-09 4.5662E-09 4.2617E-09 4.0913E-09 3.8883E-09 3.6284E-09
4.7855E-09 4.7995E-09 4.8048E-09 4.8048E-09 4.8003E-09 4.7911E-09 4.7776E-09 4.7599E-09 4.7379E-09 4.9056E-09 5.0337E-09 5.1240E-09 5.5234E-09 5.7890E-09 5.9853E-09 6.1631E-09 6.9907E-09 7.3897E-09 7.6967E-09 7.9942E-09 8.2887E-09 8.5784E-09 8.8453E-09 9.0919E-09 9.3261E-09 9.5321E-09 9.7194E-09 9.8893E-09 1.0032E-08 1.0152E-08 1.0258E-08 1.0341E-08 1.0393E-08 1.0413E-08 1.0399E-08 1.0350E-08 1.0268E-08 1.0153E-08 1.0005E-08 9.8267E-09 9.6182E-09 9.3822E-09 9.1209E-09 8.8378E-09 8.5357E-09 8.2122E-09 7.8760E-09 7.5389E-09 7.1984E-09 6.8527E-09 6.5030E-09 6.1506E-09 5.8028E-09 5.4790E-09 4.5604E-09 4.2374E-09 3.9553E-09
4.8917E-09 4.9046E-09 4.9118E-09 4.9144E-09 4.9120E-09 4.9050E-09 4.8935E-09 4.8776E-09 4.9762E-09 5.1467E-09 5.2409E-09 5.6907E-09 5.9129E-09 6.0923E-09 6.7384E-09 7.1994E-09 7.5682E-09 7.9061E-09 8.2503E-09 8.5961E-09 8.9394E-09 9.2753E-09 9.6017E-09 9.8993E-09 1.0174E-08 1.0431E-08 1.0657E-08 1.0883E-08 1.1077E-08 1.1255E-08 1.1399E-08 1.1502E-08 1.1570E-08 1.1600E-08 1.1592E-08 1.1543E-08 1.1455E-08 1.1329E-08 1.1166E-08 1.0966E-08 1.0731E-08 1.0463E-08 1.0167E-08 9.8500E-09 9.5010E-09 9.1256E-09 8.7399E-09 8.3501E-09 7.9644E-09 7.5743E-09 7.1826E-09 6.7934E-09 6.4181E-09 6.1754E-09 5.8564E-09 4.7515E-09 4.3482E-09
4.9974E-09 5.0123E-09 5.0226E-09 5.0274E-09 5.0275E-09 5.0228E-09 5.0135E-09 5.1188E-09 5.1437E-09 5.3629E-09 5.7857E-09 5.9933E-09 6.1814E-09 6.9371E-09 7.3391E-09 7.6988E-09 8.0771E-09 8.4684E-09 8.8678E-09 9.2697E-09 9.6684E-09 1.0059E-08 1.0438E-08 1.0800E-08 1.1138E-08 1.1462E-08 1.1774E-08 1.2055E-08 1.2311E-08 1.2519E-08 1.2686E-08 1.2815E-08 1.2902E-08 1.2945E-08 1.2942E-08 1.2893E-08 1.2798E-08 1.2659E-08 1.2477E-08 1.2251E-08 1.1985E-08 1.1683E-08 1.1352E-08 1.0987E-08 1.0585E-08 1.0159E-08 9.7279E-09 9.2879E-09 8.8383E-09 8.3827E-09 7.9355E-09 7.4974E-09 7.1507E-09 6.8188E-09 6.4557E-09 5.9860E-09 5.5009E-09
5.1052E-09 5.1237E-09 5.1363E-09 5.1442E-09 5.1468E-09 5.1447E-09 5.2396E-09 5.2659E-09 5.3126E-09 5.8550E-09 6.0143E-09 6.2644E-09 6.9996E-09 7.4018E-09 7.7895E-09 8.2042E-09 8.6408E-09 9.0936E-09 9.5559E-09 1.0022E-08 1.0485E-08 1.0938E-08 1.1382E-08 1.1833E-08 1.2282E-08 1.2687E-08 1.3079E-08 1.3419E-08 1.3706E-08 1.3967E-08 1.4181E-08 1.4349E-08 1.4466E-08 1.4527E-08 1.4532E-08 1.4479E-08 1.4373E-08 1.4216E-08 1.4005E-08 1.3742E-08 1.3434E-08 1.3083E-08 1.2694E-08 1.2260E-08 1.1800E-08 1.1324E-08 1.0834E-08 1.0331E-08 9.8176E-09 9.3068E-09 8.7921E-09 8.2978E-09 7.9023E-09 7.6290E-09 7.1018E-09 6.5879E-09 6.0744E-09
5.2165E-09 5.2375E-09 5.2537E-09 5.2643E-09 5.2700E-09 5.2933E-09 5.4040E-09 5.4587E-09 5.6655E-09 6.0769E-09 6.3298E-09 7.0170E-09 7.4319E-09 7.8396E-09 8.2845E-09 8.7617E-09 9.2648E-09 9.7871E-09 1.0321E-08 1.0860E-08 1.1396E-08 1.1953E-08 1.2515E-08 1.3086E-08 1.4711E-08 1.5246E-08 1.5705E-08 1.6128E-08 1.6506E-08 1.6824E-08 1.7077E-08 1.7273E-08 1.7413E-08 1.7480E-08 1.7477E-08 1.7403E-08 1.7263E-08 1.7060E-08 1.6790E-08 1.5438E-08 1.5084E-08 1.4678E-08 1.4229E-08 1.3733E-08 1.3200E-08 1.2643E-08 1.2067E-08 1.1497E-08 1.0916E-08 1.0329E-08 9.7446E-09 9.2610E-09 8.8654E-09 8.3966E-09 7.8056E-09 7.2372E-09 6.6791E-09
5.3297E-09 5.3549E-09 5.3739E-09 5.3881E-09 5.3968E-09 5.5346E-09 5.5849E-09 5.7553E-09 5.9014E-09 6.1796E-09 7.0173E-09 7.4346E-09 7.8525E-09 8.3181E-09 8.8279E-09 9.3753E-09 9.9538E-09 1.0555E-08 1.1171E-08 1.1799E-08 1.2483E-08 1.4294E-08 1.5018E-08 1.5722E-08 1.6387E-08 1.6990E-08 1.7571E-08 1.8083E-08 1.8514E-08 1.8876E-08 1.9178E-08 1.9409E-08 1.9575E-08 1.9663E-08 1.9666E-08 1.9584E-08 1.9423E-08 1.9186E-08 1.8872E-08 1.8491E-08 1.8042E-08 1.7539E-08 1.5962E-08 1.5387E-08 1.4772E-08 1.4137E-08 1.3488E-08 1.2818E-08 1.2135E-08 1.1467E-08 1.0830E-08 1.0307E-08 9.9737E-09 9.2672E-09 8.5838E-09 7.9378E-09 7.3291E-09
5.4462E-09 5.4745E-09 5.4977E-09 5.5151E-09 5.6566E-09 5.6890E-09 5.8911E-09 6.0449E-09 6.2756E-09 6.4909E-09 7.4190E-09 7.8344E-09 8.3092E-09 8.8404E-09 9.4224E-09 1.0049E-08 1.0712E-08 1.1403E-08 1.2152E-08 1.4079E-08 1.4984E-08 1.5857E-08 1.6704E-08 1.7521E-08 1.8306E-08 1.9053E-08 1.9715E-08 2.0314E-08 2.2074E-08 2.2515E-08 2.2873E-08 2.3146E-08 2.3318E-08 2.2187E-08 2.2192E-08 2.2095E-08 2.1907E-08 2.1634E-08 2.1271E-08 2.0822E-08 2.0301E-08 1.9707E-08 1.9040E-08 1.8318E-08 1.6538E-08 1.5816E-08 1.5063E-08 1.4290E-08 1.3524E-08 1.2749E-08 1.2017E-08 1.1611E-08 1.1012E-08 1.0212E-08 9.4520E-09 8.7179E-09 8.0219E-09
5.5643E-09 5.5973E-09 5.6240E-09 5.7547E-09 5.8096E-09 6.0156E-09 6.1496E-09 6.4154E-09 6.6148E-09 6.8031E-09 7.7982E-09 8.2673E-09 8.8045E-09 9.4079E-09 1.0071E-08 1.0787E-08 1.1570E-08 1.3403E-08 1.4445E-08 1.5509E-08 1.6588E-08 1.7628E-08 1.8630E-08 2.0897E-08 2.1861E-08 2.2736E-08 2.3554E-08 2.4279E-08 2.4902E-08 2.5424E-08 2.5835E-08 2.6141E-08 2.6342E-08 2.6415E-08 2.6382E-08 2.6239E-08 2.5987E-08 2.5630E-08 2.3973E-08 2.3456E-08 2.2847E-08 2.2154E-08 2.1386E-08 2.0558E-08 1.9681E-08 1.8763E-08 1.6817E-08 1.5942E-08 1.5052E-08 1.4176E-08 1.3523E-08 1.3092E-08 1.2152E-08 1.1256E-08 1.0392E-08 9.5746E-09 8.7936E-09
5.6852E-09 5.7219E-09 5.7983E-09 5.9191E-09 6.1021E-09 6.2082E-09 6.4922E-09 6.7470E-09 6.9471E-09 7.2124E-09 8.2044E-09 8.7344E-09 9.3404E-09 1.0023E-08 1.0776E-08 1.2419E-08 1.3520E-08 1.4677E-08 1.5885E-08 1.7123E-08 1.9693E-08 2.1007E-08 2.2256E-08 2.3441E-08 2.4560E-08 2.5616E-08 2.6572E-08 2.7413E-08 2.8128E-08 2.8723E-08 2.9202E-08 2.9548E-08 2.9765E-08 2.9847E-08 2.9785E-08 2.9606E-08 2.9311E-08 2.8896E-08 2.8357E-08 2.7698E-08 2.6936E-08 2.4905E-08 2.4015E-08 2.3056E-08 2.2046E-08 2.1004E-08 1.9924E-08 1.8822E-08 1.6751E-08 1.5797E-08 1.5271E-08 1.4487E-08 1.3420E-08 1.2385E-08 1.1422E-08 1.0499E-08 9.6300E-09
5.8070E-09 5.8491E-09 6.0163E-09 6.0855E-09 6.3149E-09 6.4762E-09 6.7956E-09 7.0702E-09 7.3460E-09 7.5862E-09 8.6290E-09 9.2342E-09 9.9185E-09 1.0688E-08 1.2323E-08 1.3501E-08 1.4764E-08 1.6103E-08 1.8759E-08 2.0356E-08 2.1930E-08 2.3456E-08 2.4929E-08 2.6351E-08 2.7681E-08 3.0348E-08 3.1459E-08 3.2434E-08 3.3270E-08 3.3954E-08 3.4487E-08 3.4874E-08 3.5087E-08 3.5131E-08 3.3646E-08 3.3403E-08 3.3040E-08 3.2554E-08 3.1925E-08 3.1166E-08 3.0287E-08 2.9288E-08 2.8187E-08 2.5840E-08 2.4685E-08 2.3474E-08 2.2230E-08 2.0988E-08 1.9739E-08 1.7771E-08 1.7020E-08 1.6000E-08 1.4803E-08 1.3649E-08 1.2537E-08 1.1504E-08 1.0528E-08
