Assets/Resources/2015_m01_d17_2300(utc+0800)_l00_csi_1hr_conc.grd
DSAA
         159         159
     -79.000      79.000
     -79.000      79.000
  0.0000E+00  0.7454E-05
[rows 125 to 149 of 159, columns 0 to 56 of 159]
0.0000E+00 0.0000E+00 0.0000E+00 0.0000E+00 0.0000E+00 0.0000E+00 0.0000E+00 0.0000E+00 0.0000E+00 0.0000E+00 1.3342E-12 4.5595E-12 1.2031E-11 1.7150E-11 1.9760E-11 2.4894E-11 3.0842E-11 4.1595E-11 4.9894E-11 5.9587E-11 6.7185E-11 7.3136E-11 8.2771E-11 9.2455E-11 9.8716E-11 1.0851E-10 1.2057E-10 1.3254E-10 1.4549E-10 1.5836E-10 1.7036E-10 1.8207E-10 1.9194E-10 2.0240E-10 2.1480E-10 2.2927E-10 2.3888E-10 2.4985E-10 2.6331E-10 2.7440E-10 2.8401E-10 2.9565E-10 3.1047E-10 3.3211E-10 3.4544E-10 3.5535E-10 3.6505E-10 3.7456E-10 3.7709E-10 3.8362E-10 3.9062E-10 3.9192E-10 3.9453E-10 3.9678E-10 3.9794E-10 4.0113E-10 4.0218E-10
0.0000E+00 0.0000E+00 0.0000E+00 0.0000E+00 0.0000E+00 0.0000E+00 0.0000E+00 0.0000E+00 0.0000E+00 0.0000E+00 0.0000E+00 2.7148E-12 8.0896E-12 1.2427E-11 1.7019E-11 1.9945E-11 2.7159E-11 3.6113E-11 4.3402E-11 5.0325E-11 5.4984E-11 6.1376E-11 6.7087E-11 7.6163E-11 8.3525E-11 9.1151E-11 1.0174E-10 1.0983E-10 1.1905E-10 1.2555E-10 1.3468E-10 1.4574E-10 1.5839E-10 1.7519E-10 1.8680E-10 2.0208E-10 2.1351E-10 2.2306E-10 2.3432E-10 2.4475E-10 2.5711E-10 2.6676E-10 2.7594E-10 2.8526E-10 2.9390E-10 3.0573E-10 3.1172E-10 3.1843E-10 3.2552E-10 3.3236E-10 3.3368E-10 3.3300E-10 3.3535E-10 3.3565E-10 3.3959E-10 3.4104E-10 3.4012E-10
0.0000E+00 0.0000E+00 0.0000E+00 0.0000E+00 0.0000E+00 0.0000E+00 0.0000E+00 0.0000E+00 0.0000E+00 0.0000E+00 0.0000E+00 2.0877E-12 4.7000E-12 1.1734E-11 1.6074E-11 1.8853E-11 2.2410E-11 2.7993E-11 3.7336E-11 4.3209E-11 4.9113E-11 5.4180E-11 5.8918E-11 6.2890E-11 6.9174E-11 7.6993E-11 8.1658E-11 8.7833E-11 9.8413E-11 1.0672E-10 1.1537E-10 1.2626E-10 1.3534E-10 1.4155E-10 1.5155E-10 1.5877E-10 1.6674E-10 1.7951E-10 1.8620E-10 1.9371E-10 2.0275E-10 2.1023E-10 2.1675E-10 2.2740E-10 2.3470E-10 2.4203E-10 2.5034E-10 2.5888E-10 2.6509E-10 2.6970E-10 2.7838E-10 2.7543E-10 2.7703E-10 2.8139E-10 2.8051E-10 2.8405E-10 2.8457E-10
0.0000E+00 0.0000E+00 0.0000E+00 0.0000E+00 0.0000E+00 0.0000E+00 0.0000E+00 0.0000E+00 0.0000E+00 0.0000E+00 0.0000E+00 0.0000E+00 3.1446E-12 7.8928E-12 1.1472E-11 1.5895E-11 1.8645E-11 2.5479E-11 3.2053E-11 3.6914E-11 4.2044E-11 4.5873E-11 5.0095E-11 5.7073E-11 6.0769E-11 6.6382E-11 7.1538E-11 7.5638E-11 8.2587E-11 8.9088E-11 9.5981E-11 1.0070E-10 1.0543E-10 1.1018E-10 1.1872E-10 1.2659E-10 1.4040E-10 1.4905E-10 1.6135E-10 1.6811E-10 1.7483E-10 1.8254E-10 1.8916E-10 1.9586E-10 2.0121E-10 2.0637E-10 2.1255E-10 2.1726E-10 2.2288E-10 2.2676E-10 2.2685E-10 2.2602E-10 2.2847E-10 2.2930E-10 2.3117E-10 2.2855E-10 2.2611E-10
0.0000E+00 0.0000E+00 0.0000E+00 0.0000E+00 0.0000E+00 0.0000E+00 0.0000E+00 0.0000E+00 0.0000E+00 0.0000E+00 0.0000E+00 0.0000E+00 2.0421E-12 5.0580E-12 1.0247E-11 1.3784E-11 1.6940E-11 1.8329E-11 2.4456E-11 3.2816E-11 3.5886E-11 3.9865E-11 4.4103E-11 4.8561E-11 5.2840E-11 5.6091E-11 6.1914E-11 6.7334E-11 7.2504E-11 7.6336E-11 8.3967E-11 8.8059E-11 9.2167E-11 1.0239E-10 1.0684E-10 1.1128E-10 1.1570E-10 1.2312E-10 1.2760E-10 1.3202E-10 1.3639E-10 1.4070E-10 1.4493E-10 1.4909E-10 1.5317E-10 1.5715E-10 1.6104E-10 1.6479E-10 1.6965E-10 1.7439E-10 1.7891E-10 1.8144E-10 1.8348E-10 1.8700E-10 1.8866E-10 1.9011E-10 1.9132E-10
0.0000E+00 0.0000E+00 0.0000E+00 0.0000E+00 0.0000E+00 0.0000E+00 0.0000E+00 0.0000E+00 0.0000E+00 0.0000E+00 0.0000E+00 0.0000E+00 0.0000E+00 3.0709E-12 7.1293E-12 9.9376E-12 1.2828E-11 1.5959E-11 2.0916E-11 2.5915E-11 2.9913E-11 3.5034E-11 3.9122E-11 4.1919E-11 4.4759E-11 5.0449E-11 5.3426E-11 5.8556E-11 6.2980E-11 6.6524E-11 7.2731E-11 7.6287E-11 8.2208E-11 8.5912E-11 9.1420E-11 9.5192E-11 9.8952E-11 1.0464E-10 1.1150E-10 1.1537E-10 1.2144E-10 1.2881E-10 1.3524E-10 1.3919E-10 1.4306E-10 1.4685E-10 1.5055E-10 1.5409E-10 1.5744E-10 1.6053E-10 1.6311E-10 1.6531E-10 1.6705E-10 1.6861E-10 1.6703E-10 1.6442E-10 1.6264E-10
0.0000E+00 0.0000E+00 0.0000E+00 0.0000E+00 0.0000E+00 0.0000E+00 0.0000E+00 0.0000E+00 0.0000E+00 0.0000E+00 0.0000E+00 0.0000E+00 0.0000E+00 1.9938E-12 4.8903E-12 7.9602E-12 1.1239E-11 1.3475E-11 1.5579E-11 1.9271E-11 2.5741E-11 2.8445E-11 3.1511E-11 3.5331E-11 3.8351E-11 4.3617E-11 4.6432E-11 5.0552E-11 5.3305E-11 5.8259E-11 6.2665E-11 6.5968E-11 6.9034E-11 7.6377E-11 7.9664E-11 8.4705E-11 8.9966E-11 9.3406E-11 9.6825E-11 1.0022E-10 1.0670E-10 1.1012E-10 1.1350E-10 1.1683E-10 1.2010E-10 1.2331E-10 1.2645E-10 1.2953E-10 1.3246E-10 1.3519E-10 1.3763E-10 1.3969E-10 1.4141E-10 1.4299E-10 1.4439E-10 1.4562E-10 1.4282E-10
0.0000E+00 0.0000E+00 0.0000E+00 0.0000E+00 0.0000E+00 0.0000E+00 0.0000E+00 0.0000E+00 0.0000E+00 0.0000E+00 0.0000E+00 0.0000E+00 0.0000E+00 0.0000E+00 2.4989E-12 5.5977E-12 8.9011E-12 9.8874E-12 1.1666E-11 1.5395E-11 1.9777E-11 2.2995E-11 2.6297E-11 2.9209E-11 3.2743E-11 3.4972E-11 3.8372E-11 4.2465E-11 4.6360E-11 5.1626E-11 5.4525E-11 5.7420E-11 6.0106E-11 6.4707E-11 6.7490E-11 7.3056E-11 7.5963E-11 8.0716E-11 8.3992E-11 8.6932E-11 9.1868E-11 9.4828E-11 1.0098E-10 1.0396E-10 1.0927E-10 1.1223E-10 1.1512E-10 1.1796E-10 1.2063E-10 1.2596E-10 1.2541E-10 1.2732E-10 1.2900E-10 1.2680E-10 1.2819E-10 1.2667E-10 1.2540E-10
0.0000E+00 0.0000E+00 0.0000E+00 0.0000E+00 0.0000E+00 0.0000E+00 0.0000E+00 0.0000E+00 0.0000E+00 0.0000E+00 0.0000E+00 0.0000E+00 0.0000E+00 0.0000E+00 1.4580E-12 3.5071E-12 5.0399E-12 7.0212E-12 9.5297E-12 1.1278E-11 1.3971E-11 1.7271E-11 2.0808E-11 2.2780E-11 2.5867E-11 2.9596E-11 3.2149E-11 3.5364E-11 3.8099E-11 4.1618E-11 4.3985E-11 4.8105E-11 5.2911E-11 5.7177E-11 5.9657E-11 6.5192E-11 6.7807E-11 7.0417E-11 7.3373E-11 7.5971E-11 7.8912E-11 8.1481E-11 8.4022E-11 8.6532E-11 9.2687E-11 9.5233E-11 9.7735E-11 1.0019E-10 1.0259E-10 1.0486E-10 1.0696E-10 1.0877E-10 1.1043E-10 1.1194E-10 1.1331E-10 1.1077E-10 1.1189E-10
0.0000E+00 0.0000E+00 0.0000E+00 0.0000E+00 0.0000E+00 0.0000E+00 0.0000E+00 0.0000E+00 0.0000E+00 0.0000E+00 0.0000E+00 0.0000E+00 0.0000E+00 0.0000E+00 0.0000E+00 1.7061E-12 2.5805E-12 5.3146E-12 6.0060E-12 7.3835E-12 8.7553E-12 1.1971E-11 1.4986E-11 1.7228E-11 1.9718E-11 2.2145E-11 2.5950E-11 2.7439E-11 3.0306E-11 3.5708E-11 3.8475E-11 4.1310E-11 4.4190E-11 4.6448E-11 4.8481E-11 5.0824E-11 5.5236E-11 5.8969E-11 6.3080E-11 6.5343E-11 7.0156E-11 7.4429E-11 7.6777E-11 7.9100E-11 8.1816E-11 8.4088E-11 8.6324E-11 8.8520E-11 9.1112E-11 9.3114E-11 9.5009E-11 9.6737E-11 9.8818E-11 1.0029E-10 9.7102E-11 9.8339E-11 9.9458E-11
0.0000E+00 0.0000E+00 0.0000E+00 0.0000E+00 0.0000E+00 0.0000E+00 0.0000E+00 0.0000E+00 0.0000E+00 0.0000E+00 0.0000E+00 0.0000E+00 0.0000E+00 0.0000E+00 0.0000E+00 7.0755E-13 2.1917E-12 2.5925E-12 3.3589E-12 4.5894E-12 6.5723E-12 7.7298E-12 9.2637E-12 1.0905E-11 1.4261E-11 1.5337E-11 1.8207E-11 2.1362E-11 2.4371E-11 2.6481E-11 2.8647E-11 3.0979E-11 3.4075E-11 3.6222E-11 4.1097E-11 4.6281E-11 4.8935E-11 5.1473E-11 5.4201E-11 5.6159E-11 5.8466E-11 6.0412E-11 6.3188E-11 6.6579E-11 6.9001E-11 7.3297E-11 7.5682E-11 7.7655E-11 7.9594E-11 8.1991E-11 8.3794E-11 8.5447E-11 8.6973E-11 8.8379E-11 8.9654E-11 9.1364E-11 9.2432E-11
0.0000E+00 0.0000E+00 0.0000E+00 0.0000E+00 0.0000E+00 0.0000E+00 0.0000E+00 0.0000E+00 0.0000E+00 0.0000E+00 0.0000E+00 0.0000E+00 0.0000E+00 0.0000E+00 0.0000E+00 0.0000E+00 7.1058E-13 1.4631E-12 2.1472E-12 3.1888E-12 3.7422E-12 4.2901E-12 4.9508E-12 6.8666E-12 8.1190E-12 1.0256E-11 1.1945E-11 1.3666E-11 1.5704E-11 1.8216E-11 2.1078E-11 2.3899E-11 2.7175E-11 3.0562E-11 3.2853E-11 3.4505E-11 3.6747E-11 3.8504E-11 4.0668E-11 4.4767E-11 4.9860E-11 5.1545E-11 5.3550E-11 5.5628E-11 5.7293E-11 5.9901E-11 6.3566E-11 6.5674E-11 6.7330E-11 7.1200E-11 7.0471E-11 7.0219E-11 7.2619E-11 7.3849E-11 7.4968E-11 7.5982E-11 7.6889E-11
0.0000E+00 0.0000E+00 0.0000E+00 0.0000E+00 0.0000E+00 0.0000E+00 0.0000E+00 0.0000E+00 0.0000E+00 0.0000E+00 0.0000E+00 0.0000E+00 0.0000E+00 0.0000E+00 0.0000E+00 0.0000E+00 2.2790E-13 4.7625E-13 1.0186E-12 1.3286E-12 1.4274E-12 2.2218E-12 3.0600E-12 3.9715E-12 4.9471E-12 5.2520E-12 6.4715E-12 7.3059E-12 9.1884E-12 1.2724E-11 1.5248E-11 1.6009E-11 1.7602E-11 1.9126E-11 2.1612E-11 2.3787E-11 2.6290E-11 3.1773E-11 3.2992E-11 3.6008E-11 3.8374E-11 4.0353E-11 4.2869E-11 4.4211E-11 4.6383E-11 4.9164E-11 5.1633E-11 5.3008E-11 5.7249E-11 5.9062E-11 6.0450E-11 6.1749E-11 6.2927E-11 6.4515E-11 6.5497E-11 6.6382E-11 6.6183E-11
0.0000E+00 0.0000E+00 0.0000E+00 0.0000E+00 0.0000E+00 0.0000E+00 0.0000E+00 0.0000E+00 0.0000E+00 0.0000E+00 0.0000E+00 0.0000E+00 0.0000E+00 0.0000E+00 0.0000E+00 0.0000E+00 0.0000E+00 0.0000E+00 0.0000E+00 2.7207E-13 5.6460E-13 1.1993E-12 1.5539E-12 1.6573E-12 2.5637E-12 3.0951E-12 3.7149E-12 5.2358E-12 5.9114E-12 6.2253E-12 7.6285E-12 8.5409E-12 8.9468E-12 1.2958E-11 1.5691E-11 1.7748E-11 1.9329E-11 2.0785E-11 2.1585E-11 2.3556E-11 2.5106E-11 2.5967E-11 2.8494E-11 3.4111E-11 3.5161E-11 3.6200E-11 3.8006E-11 3.9042E-11 4.0064E-11 4.2080E-11 4.3540E-11 4.4528E-11 4.5446E-11 4.6276E-11 4.7037E-11 4.8215E-11 4.8847E-11
0.0000E+00 0.0000E+00 0.0000E+00 0.0000E+00 0.0000E+00 0.0000E+00 0.0000E+00 0.0000E+00 0.0000E+00 0.0000E+00 0.0000E+00 0.0000E+00 0.0000E+00 0.0000E+00 0.0000E+00 0.0000E+00 0.0000E+00 0.0000E+00 0.0000E+00 0.0000E+00 0.0000E+00 0.0000E+00 3.1767E-13 3.3867E-13 6.9715E-13 1.4687E-12 1.8883E-12 1.9967E-12 2.6200E-12 3.2296E-12 3.8581E-12 5.5902E-12 6.4136E-12 7.1775E-12 8.0713E-12 9.1301E-12 9.5058E-12 1.0489E-11 1.2354E-11 1.5591E-11 1.8389E-11 1.9027E-11 2.0704E-11 2.3019E-11 2.4415E-11 2.5510E-11 2.6233E-11 2.7817E-11 2.9847E-11 3.1704E-11 3.3630E-11 3.6139E-11 3.8144E-11 3.7900E-11 3.8989E-11 3.9590E-11 4.0124E-11
0.0000E+00 0.0000E+00 0.0000E+00 0.0000E+00 0.0000E+00 0.0000E+00 0.0000E+00 0.0000E+00 0.0000E+00 0.0000E+00 0.0000E+00 0.0000E+00 0.0000E+00 0.0000E+00 0.0000E+00 0.0000E+00 0.0000E+00 0.0000E+00 0.0000E+00 0.0000E+00 0.0000E+00 0.0000E+00 0.0000E+00 0.0000E+00 0.0000E+00 0.0000E+00 3.8527E-13 7.8908E-13 8.3256E-13 1.7416E-12 2.2246E-12 2.3347E-12 3.0485E-12 3.1896E-12 3.8922E-12 4.6085E-12 5.4583E-12 6.9004E-12 8.3868E-12 9.3816E-12 9.7133E-12 1.0043E-11 1.1259E-11 1.2354E-11 1.3680E-11 1.6493E-11 1.6972E-11 1.8409E-11 1.8903E-11 1.9823E-11 2.0315E-11 2.0798E-11 2.1272E-11 2.2179E-11 2.3676E-11 2.4080E-11 2.4442E-11
0.0000E+00 0.0000E+00 0.0000E+00 0.0000E+00 0.0000E+00 0.0000E+00 0.0000E+00 0.0000E+00 0.0000E+00 0.0000E+00 0.0000E+00 0.0000E+00 0.0000E+00 0.0000E+00 0.0000E+00 0.0000E+00 0.0000E+00 0.0000E+00 0.0000E+00 0.0000E+00 0.0000E+00 0.0000E+00 0.0000E+00 0.0000E+00 0.0000E+00 0.0000E+00 0.0000E+00 0.0000E+00 0.0000E+00 0.0000E+00 0.0000E+00 4.7525E-13 9.6623E-13 1.4723E-12 2.0973E-12 2.6608E-12 2.7701E-12 2.8793E-12 3.7368E-12 3.8748E-12 4.0122E-12 5.6117E-12 5.7969E-12 6.6755E-12 6.8777E-12 7.7768E-12 8.8425E-12 9.0825E-12 1.0923E-11 1.1194E-11 1.1460E-11 1.2637E-11 1.2917E-11 1.3181E-11 1.4628E-11 1.5363E-11 1.7205E-11
0.0000E+00 0.0000E+00 0.0000E+00 0.0000E+00 0.0000E+00 0.0000E+00 0.0000E+00 0.0000E+00 0.0000E+00 0.0000E+00 0.0000E+00 0.0000E+00 0.0000E+00 0.0000E+00 0.0000E+00 0.0000E+00 0.0000E+00 0.0000E+00 0.0000E+00 0.0000E+00 0.0000E+00 0.0000E+00 0.0000E+00 0.0000E+00 0.0000E+00 0.0000E+00 0.0000E+00 0.0000E+00 0.0000E+00 0.0000E+00 0.0000E+00 0.0000E+00 0.0000E+00 0.0000E+00 0.0000E+00 0.0000E+00 5.6266E-13 5.8463E-13 1.1802E-12 1.7861E-12 1.8491E-12 3.1755E-12 3.2791E-12 3.3817E-12 3.4833E-12 4.4972E-12 4.6236E-12 4.7483E-12 4.8710E-12 4.9917E-12 6.0913E-12 6.2327E-12 6.3712E-12 6.5067E-12 6.6326E-12 6.7415E-12 6.8291E-12
0.0000E+00 0.0000E+00 0.0000E+00 0.0000E+00 0.0000E+00 0.0000E+00 0.0000E+00 0.0000E+00 0.0000E+00 0.0000E+00 0.0000E+00 0.0000E+00 0.0000E+00 0.0000E+00 0.0000E+00 0.0000E+00 0.0000E+00 0.0000E+00 0.0000E+00 0.0000E+00 0.0000E+00 0.0000E+00 0.0000E+00 0.0000E+00 0.0000E+00 0.0000E+00 0.0000E+00 0.0000E+00 0.0000E+00 0.0000E+00 0.0000E+00 0.0000E+00 0.0000E+00 0.0000E+00 0.0000E+00 0.0000E+00 0.0000E+00 0.0000E+00 0.0000E+00 0.0000E+00 0.0000E+00 0.0000E+00 0.0000E+00 0.0000E+00 0.0000E+00 7.2545E-13 7.4523E-13 1.4926E-12 1.5305E-12 1.5677E-12 2.3510E-12 2.4040E-12 2.4559E-12 2.5066E-12 3.3337E-12 3.3893E-12 3.4256E-12
0.0000E+00 0.0000E+00 0.0000E+00 0.0000E+00 0.0000E+00 0.0000E+00 0.0000E+00 0.0000E+00 0.0000E+00 0.0000E+00 0.0000E+00 0.0000E+00 0.0000E+00 0.0000E+00 0.0000E+00 0.0000E+00 0.0000E+00 0.0000E+00 0.0000E+00 0.0000E+00 0.0000E+00 0.0000E+00 0.0000E+00 0.0000E+00 0.0000E+00 0.0000E+00 0.0000E+00 0.0000E+00 0.0000E+00 0.0000E+00 0.0000E+00 0.0000E+00 0.0000E+00 0.0000E+00 0.0000E+00 0.0000E+00 0.0000E+00 0.0000E+00 0.0000E+00 0.0000E+00 0.0000E+00 0.0000E+00 0.0000E+00 0.0000E+00 0.0000E+00 0.0000E+00 0.0000E+00 0.0000E+00 0.0000E+00 0.0000E+00 0.0000E+00 0.0000E+00 0.0000E+00 0.0000E+00 0.0000E+00 0.0000E+00 0.0000E+00
0.0000E+00 0.0000E+00 0.0000E+00 0.0000E+00 0.0000E+00 0.0000E+00 0.0000E+00 0.0000E+00 0.0000E+00 0.0000E+00 0.0000E+00 0.0000E+00 0.0000E+00 0.0000E+00 0.0000E+00 0.0000E+00 0.0000E+00 0.0000E+00 0.0000E+00 0.0000E+00 0.0000E+00 0.0000E+00 0.0000E+00 0.0000E+00 0.0000E+00 0.0000E+00 0.0000E+00 0.0000E+00 0.0000E+00 0.0000E+00 0.0000E+00 0.0000E+00 0.0000E+00 0.0000E+00 0.0000E+00 0.0000E+00 0.0000E+00 0.0000E+00 0.0000E+00 0.0000E+00 0.0000E+00 0.0000E+00 0.0000E+00 0.0000E+00 0.0000E+00 0.0000E+00 0.0000E+00 0.0000E+00 0.0000E+00 0.0000E+00 0.0000E+00 0.0000E+00 0.0000E+00 0.0000E+00 0.0000E+00 0.0000E+00 0.0000E+00
0.0000E+00 0.0000E+00 0.0000E+00 0.0000E+00 0.0000E+00 0.0000E+00 0.0000E+00 0.0000E+00 0.0000E+00 0.0000E+00 0.0000E+00 0.0000E+00 0.0000E+00 0.0000E+00 0.0000E+00 0.0000E+00 0.0000E+00 0.0000E+00 0.0000E+00 0.0000E+00 0.0000E+00 0.0000E+00 0.0000E+00 0.0000E+00 0.0000E+00 0.0000E+00 0.0000E+00 0.0000E+00 0.0000E+00 0.0000E+00 0.0000E+00 0.0000E+00 0.0000E+00 0.0000E+00 0.0000E+00 0.0000E+00 0.0000E+00 0.0000E+00 0.0000E+00 0.0000E+00 0.0000E+00 0.0000E+00 0.0000E+00 0.0000E+00 0.0000E+00 0.0000E+00 0.0000E+00 0.0000E+00 0.0000E+00 0.0000E+00 0.0000E+00 0.0000E+00 0.0000E+00 0.0000E+00 0.0000E+00 0.0000E+00 0.0000E+00
0.0000E+00 0.0000E+00 0.0000E+00 0.0000E+00 0.0000E+00 0.0000E+00 0.0000E+00 0.0000E+00 0.0000E+00 0.0000E+00 0.0000E+00 0.0000E+00 0.0000E+00 0.0000E+00 0.0000E+00 0.0000E+00 0.0000E+00 0.0000E+00 0.0000E+00 0.0000E+00 0.0000E+00 0.0000E+00 0.0000E+00 0.0000E+00 0.0000E+00 0.0000E+00 0.0000E+00 0.0000E+00 0.0000E+00 0.0000E+00 0.0000E+00 0.0000E+00 0.0000E+00 0.0000E+00 0.0000E+00 0.0000E+00 0.0000E+00 0.0000E+00 0.0000E+00 0.0000E+00 0.0000E+00 0.0000E+00 0.0000E+00 0.0000E+00 0.0000E+00 0.0000E+00 0.0000E+00 0.0000E+00 0.0000E+00 0.0000E+00 0.0000E+00 0.0000E+00 0.0000E+00 0.0000E+00 0.0000E+00 0.0000E+00 0.0000E+00
0.0000E+00 0.0000E+00 0.0000E+00 0.0000E+00 0.0000E+00 0.0000E+00 0.0000E+00 0.0000E+00 0.0000E+00 0.0000E+00 0.0000E+00 0.0000E+00 0.0000E+00 0.0000E+00 0.0000E+00 0.0000E+00 0.0000E+00 0.0000E+00 0.0000E+00 0.0000E+00 0.0000E+00 0.0000E+00 0.0000E+00 0.0000E+00 0.0000E+00 0.0000E+00 0.0000E+00 0.0000E+00 0.0000E+00 0.0000E+00 0.0000E+00 0.0000E+00 0.0000E+00 0.0000E+00 0.0000E+00 0.0000E+00 0.0000E+00 0.0000E+00 0.0000E+00 0.0000E+00 0.0000E+00 0.0000E+00 0.0000E+00 0.0000E+00 0.0000E+00 0.0000E+00 0.0000E+00 0.0000E+00 0.0000E+00 0.0000E+00 0.0000E+00 0.0000E+00 0.0000E+00 0.0000E+00 0.0000E+00 0.0000E+00 0.0000E+00
0.0000E+00 0.0000E+00 0.0000E+00 0.0000E+00 0.0000E+00 0.0000E+00 0.0000E+00 0.0000E+00 0.0000E+00 0.0000E+00 0.0000E+00 0.0000E+00 0.0000E+00 0.0000E+00 0.0000E+00 0.0000E+00 0.0000E+00 0.0000E+00 0.0000E+00 0.0000E+00 0.0000E+00 0.0000E+00 0.0000E+00 0.0000E+00 0.0000E+00 0.0000E+00 0.0000E+00 0.0000E+00 0.0000E+00 0.0000E+00 0.0000E+00 0.0000E+00 0.0000E+00 0.0000E+00 0.0000E+00 0.0000E+00 0.0000E+00 0.0000E+00 0.0000E+00 0.0000E+00 0.0000E+00 0.0000E+00 0.0000E+00 0.0000E+00 0.0000E+00 0.0000E+00 0.0000E+00 0.0000E+00 0.0000E+00 0.0000E+00 0.0000E+00 0.0000E+00 0.0000E+00 0.0000E+00 0.0000E+00 0.0000E+00 0.0000E+00
