Assets/Resources/2015_m01_d05_0200(utc+0800)_l00_csi_1hr_conc.grd
DSAA
         159         159
     -79.000      79.000
     -79.000      79.000
  0.2420E-09  0.6245E-04
[rows 50 to 74 of 159, columns 0 to 56 of 159]
5.0677E-09 5.1472E-09 5.2299E-09 5.3111E-09 5.3929E-09 5.4754E-09 5.5586E-09 5.6426E-09 5.7269E-09 5.8147E-09 5.9004E-09 5.9862E-09 6.0722E-09 6.1616E-09 6.2479E-09 6.3374E-09 6.4395E-09 6.5344E-09 6.6268E-09 6.7243E-09 6.8282E-09 6.9429E-09 7.0530E-09 7.1625E-09 7.2776E-09 7.4235E-09 7.5550E-09 7.7502E-09 7.8994E-09 8.1039E-09 8.3537E-09 8.5634E-09 8.7844E-09 9.0269E-09 9.2940E-09 9.5625E-09 9.8450E-09 1.0141E-08 1.0484E-08 1.0819E-08 1.1174E-08 1.1537E-08 1.1905E-08 1.2354E-08 1.2767E-08 1.3195E-08 1.3631E-08 1.4066E-08 1.4501E-08 1.4975E-08 1.5427E-08 1.5862E-08 1.6301E-08 1.6714E-08 1.7102E-08 1.7461E-08 1.7850E-08
4.9363E-09 5.0130E-09 5.0930E-09 5.1715E-09 5.2507E-09 5.3305E-09 5.4108E-09 5.4916E-09 5.5729E-09 5.6576E-09 5.7399E-09 5.8223E-09 5.9048E-09 5.9907E-09 6.0814E-09 6.1777E-09 6.2660E-09 6.3589E-09 6.4505E-09 6.5654E-09 6.6654E-09 6.7718E-09 6.8819E-09 7.0150E-09 7.1412E-09 7.2687E-09 7.4015E-09 7.6272E-09 7.7914E-09 7.9786E-09 8.2340E-09 8.4835E-09 8.7108E-09 8.9526E-09 9.2081E-09 9.4760E-09 9.7781E-09 1.0085E-08 1.0409E-08 1.0737E-08 1.1108E-08 1.1496E-08 1.1887E-08 1.2292E-08 1.2699E-08 1.3128E-08 1.3553E-08 1.4024E-08 1.4473E-08 1.4941E-08 1.5394E-08 1.5849E-08 1.6295E-08 1.6775E-08 1.7207E-08 1.7620E-08 1.8014E-08
4.8099E-09 4.8838E-09 4.9611E-09 5.0367E-09 5.1127E-09 5.1895E-09 5.2666E-09 5.3441E-09 5.4224E-09 5.5033E-09 5.5820E-09 5.6608E-09 5.7395E-09 5.8372E-09 5.9238E-09 6.0089E-09 6.0945E-09 6.2026E-09 6.2999E-09 6.3963E-09 6.4958E-09 6.6232E-09 6.7376E-09 6.8547E-09 6.9812E-09 7.1313E-09 7.2725E-09 7.4843E-09 7.6610E-09 7.8501E-09 8.1359E-09 8.3649E-09 8.5935E-09 8.8330E-09 9.1036E-09 9.3749E-09 9.6592E-09 9.9636E-09 1.0289E-08 1.0648E-08 1.1002E-08 1.1367E-08 1.1758E-08 1.2151E-08 1.2592E-08 1.3023E-08 1.3463E-08 1.3911E-08 1.4371E-08 1.4834E-08 1.5334E-08 1.5824E-08 1.6299E-08 1.6768E-08 1.7225E-08 1.7667E-08 1.8105E-08
4.6903E-09 4.7615E-09 4.8360E-09 4.9085E-09 4.9816E-09 5.0552E-09 5.1290E-09 5.2029E-09 5.2788E-09 5.3549E-09 5.4298E-09 5.5181E-09 5.5971E-09 5.6797E-09 5.7637E-09 5.8609E-09 5.9500E-09 6.0415E-09 6.1372E-09 6.2491E-09 6.3548E-09 6.4668E-09 6.5784E-09 6.7156E-09 6.8462E-09 6.9804E-09 7.1208E-09 7.3445E-09 7.5420E-09 7.7230E-09 8.0131E-09 8.2257E-09 8.4652E-09 8.7050E-09 8.9566E-09 9.2194E-09 9.5159E-09 9.8371E-09 1.0154E-08 1.0496E-08 1.0844E-08 1.1211E-08 1.1615E-08 1.2017E-08 1.2442E-08 1.2869E-08 1.3306E-08 1.3752E-08 1.4260E-08 1.4738E-08 1.5238E-08 1.5729E-08 1.6218E-08 1.6701E-08 1.7173E-08 1.7646E-08 1.8088E-08
4.5786E-09 4.6471E-09 4.7183E-09 4.7878E-09 4.8576E-09 4.9275E-09 4.9978E-09 5.0684E-09 5.1419E-09 5.2247E-09 5.2989E-09 5.3740E-09 5.4515E-09 5.5428E-09 5.6275E-09 5.7108E-09 5.7997E-09 5.9023E-09 6.0003E-09 6.0980E-09 6.2034E-09 6.3300E-09 6.4454E-09 6.5701E-09 6.6965E-09 6.8383E-09 6.9917E-09 7.2168E-09 7.3960E-09 7.5726E-09 7.8760E-09 8.0882E-09 8.3112E-09 8.5449E-09 8.8046E-09 9.0858E-09 9.3770E-09 9.6740E-09 9.9934E-09 1.0322E-08 1.0686E-08 1.1062E-08 1.1443E-08 1.1851E-08 1.2261E-08 1.2710E-08 1.3157E-08 1.3628E-08 1.4104E-08 1.4592E-08 1.5094E-08 1.5590E-08 1.6084E-08 1.6572E-08 1.7058E-08 1.7535E-08 1.7986E-08
4.4730E-09 4.5395E-09 4.6069E-09 4.6731E-09 4.7396E-09 4.8066E-09 4.8736E-09 4.9506E-09 5.0232E-09 5.0941E-09 5.1657E-09 5.2491E-09 5.3281E-09 5.4055E-09 5.4885E-09 5.5764E-09 5.6732E-09 5.7636E-09 5.8594E-09 5.9632E-09 6.0785E-09 6.1912E-09 6.3043E-09 6.4262E-09 6.5713E-09 6.7056E-09 6.8460E-09 7.0807E-09 7.2568E-09 7.4383E-09 7.7241E-09 7.9303E-09 8.1597E-09 8.4086E-09 8.6582E-09 8.9242E-09 9.2071E-09 9.4977E-09 9.8344E-09 1.0163E-08 1.0513E-08 1.0877E-08 1.1253E-08 1.1679E-08 1.2095E-08 1.2527E-08 1.2975E-08 1.3447E-08 1.3920E-08 1.4419E-08 1.4911E-08 1.5405E-08 1.5898E-08 1.6387E-08 1.6888E-08 1.7361E-08 1.7839E-08
4.3730E-09 4.4372E-09 4.5009E-09 4.5644E-09 4.6281E-09 4.6918E-09 4.7666E-09 4.8333E-09 4.9037E-09 4.9719E-09 5.0534E-09 5.1258E-09 5.2033E-09 5.2799E-09 5.3746E-09 5.4573E-09 5.5459E-09 5.6360E-09 5.7437E-09 5.8410E-09 5.9480E-09 6.0552E-09 6.1835E-09 6.3071E-09 6.4317E-09 6.5616E-09 6.7077E-09 6.9437E-09 7.1057E-09 7.2948E-09 7.5650E-09 7.7957E-09 8.0156E-09 8.2475E-09 8.4914E-09 8.7571E-09 9.0458E-09 9.3420E-09 9.6541E-09 9.9758E-09 1.0324E-08 1.0699E-08 1.1087E-08 1.1486E-08 1.1899E-08 1.2327E-08 1.2781E-08 1.3240E-08 1.3715E-08 1.4205E-08 1.4692E-08 1.5183E-08 1.5674E-08 1.6176E-08 1.6669E-08 1.7156E-08 1.7650E-08
4.2777E-09 4.3401E-09 4.4009E-09 4.4618E-09 4.5324E-09 4.5957E-09 4.6599E-09 4.7245E-09 4.8037E-09 4.8724E-09 4.9419E-09 5.0123E-09 5.0995E-09 5.1777E-09 5.2568E-09 5.3365E-09 5.4361E-09 5.5276E-09 5.6186E-09 5.7125E-09 5.8341E-09 5.9403E-09 6.0507E-09 6.1705E-09 6.3000E-09 6.4280E-09 6.5635E-09 6.7952E-09 6.9512E-09 7.1616E-09 7.4369E-09 7.6405E-09 7.8550E-09 8.0806E-09 8.3336E-09 8.5988E-09 8.8691E-09 9.1643E-09 9.4643E-09 9.8019E-09 1.0148E-08 1.0504E-08 1.0890E-08 1.1281E-08 1.1688E-08 1.2110E-08 1.2561E-08 1.3012E-08 1.3491E-08 1.3966E-08 1.4449E-08 1.4936E-08 1.5426E-08 1.5938E-08 1.6433E-08 1.6950E-08 1.7447E-08
4.1879E-09 4.2482E-09 4.3151E-09 4.3756E-09 4.4365E-09 4.4977E-09 4.5688E-09 4.6330E-09 4.7010E-09 4.7669E-09 4.8444E-09 4.9145E-09 4.9892E-09 5.0656E-09 5.1529E-09 5.2326E-09 5.3184E-09 5.4068E-09 5.5085E-09 5.6046E-09 5.7092E-09 5.8119E-09 5.9281E-09 6.0442E-09 6.1625E-09 6.2855E-09 6.4249E-09 6.6664E-09 6.8236E-09 7.0111E-09 7.2838E-09 7.4816E-09 7.7033E-09 7.9272E-09 8.1690E-09 8.4226E-09 8.6861E-09 8.9912E-09 9.2907E-09 9.6171E-09 9.9505E-09 1.0305E-08 1.0681E-08 1.1065E-08 1.1465E-08 1.1888E-08 1.2324E-08 1.2769E-08 1.3241E-08 1.3711E-08 1.4189E-08 1.4675E-08 1.5180E-08 1.5687E-08 1.6197E-08 1.6970E-08 1.7967E-08
4.1092E-09 4.1688E-09 4.2266E-09 4.2847E-09 4.3514E-09 4.4120E-09 4.4731E-09 4.5347E-09 4.6094E-09 4.6749E-09 4.7414E-09 4.8088E-09 4.8915E-09 4.9678E-09 5.0429E-09 5.1197E-09 5.2085E-09 5.3032E-09 5.3912E-09 5.4857E-09 5.5851E-09 5.6927E-09 5.8012E-09 5.9109E-09 6.0242E-09 6.1609E-09 6.3069E-09 6.5238E-09 6.6824E-09 6.8587E-09 7.1393E-09 7.3350E-09 7.5415E-09 7.7592E-09 7.9981E-09 8.2558E-09 8.5239E-09 8.8061E-09 9.0993E-09 9.4198E-09 9.7461E-09 1.0101E-08 1.0462E-08 1.0839E-08 1.1230E-08 1.1651E-08 1.2074E-08 1.2523E-08 1.2981E-08 1.3447E-08 1.3924E-08 1.4411E-08 1.4929E-08 1.5836E-08 1.6651E-08 1.7578E-08 1.8925E-08
4.0270E-09 4.0843E-09 4.1398E-09 4.2044E-09 4.2623E-09 4.3205E-09 4.3792E-09 4.4486E-09 4.5136E-09 4.5766E-09 4.6404E-09 4.7169E-09 4.7887E-09 4.8624E-09 4.9345E-09 5.0220E-09 5.1047E-09 5.1904E-09 5.2752E-09 5.3743E-09 5.4716E-09 5.5683E-09 5.6729E-09 5.7936E-09 5.9069E-09 6.0249E-09 6.1667E-09 6.3801E-09 6.5441E-09 6.7175E-09 6.9869E-09 7.1768E-09 7.3770E-09 7.5877E-09 7.8374E-09 8.0791E-09 8.3453E-09 8.6169E-09 8.9064E-09 9.2166E-09 9.5351E-09 9.8832E-09 1.0236E-08 1.0604E-08 1.0989E-08 1.1401E-08 1.1818E-08 1.2267E-08 1.2717E-08 1.3181E-08 1.3659E-08 1.4512E-08 1.5257E-08 1.6095E-08 1.7334E-08 1.8943E-08 2.0664E-08
3.9464E-09 4.0094E-09 4.0643E-09 4.1195E-09 4.1751E-09 4.2399E-09 4.2982E-09 4.3570E-09 4.4195E-09 4.4903E-09 4.5539E-09 4.6186E-09 4.6878E-09 4.7704E-09 4.8426E-09 4.9173E-09 4.9964E-09 5.0856E-09 5.1686E-09 5.2582E-09 5.3516E-09 5.4440E-09 5.5624E-09 5.6670E-09 5.7758E-09 5.8890E-09 6.0261E-09 6.2469E-09 6.4114E-09 6.5672E-09 6.8327E-09 7.0163E-09 7.2244E-09 7.4367E-09 7.6647E-09 7.8999E-09 8.1598E-09 8.4241E-09 8.7133E-09 9.0089E-09 9.3213E-09 9.6597E-09 1.0004E-08 1.0364E-08 1.0749E-08 1.1148E-08 1.1560E-08 1.2006E-08 1.2454E-08 1.3221E-08 1.3879E-08 1.4642E-08 1.5887E-08 1.7113E-08 1.8574E-08 2.0261E-08 2.2217E-08
3.8759E-09 3.9297E-09 3.9832E-09 4.0441E-09 4.0992E-09 4.1547E-09 4.2108E-09 4.2761E-09 4.3384E-09 4.3987E-09 4.4599E-09 4.5321E-09 4.6012E-09 4.6721E-09 4.7416E-09 4.8195E-09 4.8967E-09 4.9776E-09 5.0571E-09 5.1430E-09 5.2479E-09 5.3402E-09 5.4407E-09 5.5409E-09 5.6449E-09 5.7638E-09 5.8975E-09 6.1063E-09 6.2660E-09 6.4159E-09 6.6896E-09 6.8709E-09 7.0626E-09 7.2744E-09 7.4904E-09 7.7196E-09 7.9716E-09 8.2281E-09 8.5102E-09 8.7975E-09 9.1088E-09 9.4328E-09 9.7694E-09 1.0122E-08 1.0506E-08 1.0895E-08 1.1310E-08 1.1997E-08 1.2582E-08 1.3237E-08 1.4310E-08 1.5361E-08 1.6571E-08 1.7994E-08 1.9598E-08 2.1403E-08 2.3391E-08
3.8006E-09 3.8508E-09 3.9122E-09 3.9648E-09 4.0179E-09 4.0713E-09 4.1346E-09 4.1908E-09 4.2508E-09 4.3088E-09 4.3785E-09 4.4405E-09 4.5072E-09 4.5755E-09 4.6484E-09 4.7191E-09 4.7930E-09 4.8705E-09 4.9597E-09 5.0462E-09 5.1348E-09 5.2233E-09 5.3197E-09 5.4235E-09 5.5251E-09 5.6389E-09 5.7612E-09 5.9659E-09 6.1308E-09 6.2781E-09 6.5389E-09 6.7144E-09 6.8999E-09 7.1056E-09 7.3147E-09 7.5418E-09 7.7816E-09 8.0303E-09 8.3049E-09 8.5841E-09 8.8914E-09 9.2044E-09 9.5337E-09 9.8797E-09 1.0258E-08 1.0848E-08 1.1374E-08 1.1945E-08 1.2861E-08 1.3729E-08 1.4736E-08 1.5910E-08 1.7227E-08 1.8727E-08 2.0360E-08 2.2152E-08 2.4041E-08
3.7341E-09 3.7838E-09 3.8365E-09 3.8872E-09 3.9464E-09 3.9995E-09 4.0531E-09 4.1072E-09 4.1744E-09 4.2322E-09 4.2909E-09 4.3505E-09 4.4200E-09 4.4868E-09 4.5520E-09 4.6194E-09 4.7020E-09 4.7792E-09 4.8550E-09 4.9390E-09 5.0231E-09 5.1145E-09 5.2086E-09 5.3021E-09 5.3991E-09 5.5158E-09 5.6342E-09 5.8374E-09 5.9901E-09 6.1320E-09 6.3886E-09 6.5580E-09 6.7370E-09 6.9363E-09 7.1382E-09 7.3624E-09 7.5905E-09 7.8330E-09 8.0988E-09 8.3703E-09 8.6706E-09 8.9764E-09 9.2991E-09 9.8052E-09 1.0260E-08 1.0750E-08 1.1538E-08 1.2266E-08 1.3103E-08 1.4057E-08 1.5151E-08 1.6370E-08 1.7710E-08 1.9197E-08 2.0771E-08 2.2462E-08 2.4204E-08
3.6637E-09 3.7116E-09 3.7696E-09 3.8198E-09 3.8705E-09 3.9216E-09 3.9814E-09 4.0352E-09 4.0927E-09 4.1485E-09 4.2097E-09 4.2680E-09 4.3307E-09 4.3950E-09 4.4573E-09 4.5332E-09 4.6050E-09 4.6793E-09 4.7518E-09 4.8329E-09 4.9202E-09 5.0027E-09 5.0929E-09 5.1821E-09 5.2744E-09 5.3976E-09 5.5034E-09 5.7027E-09 5.8503E-09 5.9866E-09 6.2386E-09 6.4018E-09 6.5742E-09 6.7669E-09 6.9618E-09 7.1790E-09 7.3995E-09 7.6394E-09 7.8930E-09 8.1571E-09 8.4507E-09 8.8843E-09 9.2632E-09 9.6868E-09 1.0254E-08 1.0948E-08 1.1657E-08 1.2446E-08 1.3336E-08 1.4330E-08 1.5449E-08 1.6656E-08 1.7964E-08 1.9378E-08 2.0850E-08 2.2409E-08 2.3993E-08
3.6010E-09 3.6484E-09 3.6988E-09 3.7474E-09 3.8035E-09 3.8543E-09 3.9057E-09 3.9576E-09 4.0171E-09 4.0716E-09 4.1269E-09 4.1829E-09 4.2431E-09 4.3154E-09 4.3775E-09 4.4409E-09 4.5099E-09 4.5812E-09 4.6569E-09 4.7365E-09 4.8141E-09 4.8927E-09 4.9788E-09 5.0718E-09 5.1617E-09 5.2733E-09 5.3742E-09 5.5693E-09 5.7119E-09 5.8424E-09 6.0894E-09 6.2463E-09 6.4140E-09 6.5982E-09 6.7859E-09 6.9961E-09 7.2094E-09 7.4464E-09 7.6887E-09 7.9457E-09 8.3904E-09 8.7468E-09 9.1390E-09 9.8033E-09 1.0377E-08 1.1025E-08 1.1773E-08 1.2591E-08 1.3497E-08 1.4490E-08 1.5587E-08 1.6749E-08 1.7995E-08 1.9307E-08 2.0665E-08 2.2089E-08 2.3528E-08
3.5355E-09 3.5813E-09 3.6300E-09 3.6844E-09 3.7331E-09 3.7822E-09 3.8317E-09 3.8861E-09 3.9404E-09 3.9930E-09 4.0461E-09 4.1091E-09 4.1689E-09 4.2304E-09 4.2900E-09 4.3507E-09 4.4224E-09 4.4919E-09 4.5595E-09 4.6356E-09 4.7098E-09 4.7916E-09 4.8754E-09 4.9581E-09 5.0437E-09 5.1508E-09 5.2468E-09 5.4375E-09 5.5748E-09 5.6995E-09 5.9412E-09 6.0919E-09 6.2567E-09 6.4308E-09 6.6116E-09 6.8150E-09 7.0211E-09 7.2513E-09 7.6132E-09 7.9124E-09 8.2561E-09 8.7950E-09 9.2681E-09 9.8145E-09 1.0415E-08 1.1084E-08 1.1845E-08 1.2664E-08 1.3556E-08 1.4518E-08 1.5568E-08 1.6664E-08 1.7836E-08 1.9040E-08 2.0293E-08 2.1591E-08 2.2907E-08
3.4716E-09 3.5226E-09 3.5709E-09 3.6176E-09 3.6647E-09 3.7160E-09 3.7645E-09 3.8135E-09 3.8659E-09 3.9163E-09 3.9771E-09 4.0307E-09 4.0884E-09 4.1475E-09 4.2046E-09 4.2685E-09 4.3331E-09 4.3997E-09 4.4642E-09 4.5418E-09 4.6149E-09 4.6878E-09 4.7678E-09 4.8465E-09 4.9277E-09 5.0303E-09 5.1215E-09 5.3076E-09 5.4395E-09 5.5585E-09 5.7948E-09 5.9392E-09 6.1011E-09 6.2652E-09 6.4393E-09 6.6360E-09 6.9376E-09 7.1994E-09 7.4764E-09 7.9211E-09 8.3232E-09 8.7629E-09 9.2545E-09 9.8162E-09 1.0426E-08 1.1096E-08 1.1849E-08 1.2648E-08 1.3507E-08 1.4423E-08 1.5413E-08 1.6436E-08 1.7523E-08 1.8634E-08 1.9795E-08 2.0981E-08 2.2234E-08
3.4133E-09 3.4609E-09 3.5078E-09 3.5562E-09 3.6024E-09 3.6489E-09 3.6958E-09 3.7430E-09 3.7990E-09 3.8521E-09 3.9030E-09 3.9545E-09 4.0099E-09 4.0717E-09 4.1274E-09 4.1841E-09 4.2459E-09 4.3095E-09 4.3773E-09 4.4456E-09 4.5171E-09 4.5864E-09 4.6625E-09 4.7370E-09 4.8139E-09 4.9121E-09 4.9983E-09 5.1796E-09 5.3062E-09 5.4196E-09 5.6503E-09 5.7887E-09 5.9445E-09 6.1023E-09 6.3531E-09 6.5731E-09 6.8034E-09 7.1788E-09 7.5006E-09 7.8639E-09 8.2772E-09 8.7274E-09 9.2257E-09 9.7889E-09 1.0393E-08 1.1050E-08 1.1779E-08 1.2544E-08 1.3360E-08 1.4222E-08 1.5148E-08 1.6099E-08 1.7107E-08 1.8133E-08 1.9213E-08 2.0343E-08 2.1514E-08
3.3541E-09 3.4012E-09 3.4501E-09 3.4944E-09 3.5390E-09 3.5839E-09 3.6327E-09 3.6834E-09 3.7308E-09 3.7821E-09 3.8310E-09 3.8848E-09 3.9357E-09 3.9944E-09 4.0478E-09 4.1020E-09 4.1664E-09 4.2284E-09 4.2882E-09 4.3493E-09 4.4213E-09 4.4871E-09 4.5595E-09 4.6300E-09 4.7026E-09 4.7962E-09 4.8777E-09 5.0544E-09 5.1755E-09 5.2833E-09 5.5083E-09 5.6406E-09 5.7904E-09 6.0338E-09 6.2246E-09 6.4449E-09 6.7993E-09 7.1053E-09 7.4358E-09 7.8066E-09 8.2238E-09 8.6747E-09 9.1688E-09 9.7220E-09 1.0309E-08 1.0942E-08 1.1639E-08 1.2364E-08 1.3132E-08 1.3938E-08 1.4803E-08 1.5686E-08 1.6623E-08 1.7575E-08 1.8608E-08 1.9675E-08 2.0779E-08
3.2968E-09 3.3471E-09 3.3893E-09 3.4345E-09 3.4776E-09 3.5248E-09 3.5690E-09 3.6191E-09 3.6648E-09 3.7141E-09 3.7658E-09 3.8141E-09 3.8629E-09 3.9192E-09 3.9749E-09 4.0277E-09 4.0852E-09 4.1444E-09 4.2013E-09 4.2594E-09 4.3281E-09 4.3904E-09 4.4588E-09 4.5253E-09 4.5936E-09 4.6827E-09 4.7594E-09 4.9312E-09 5.0470E-09 5.1495E-09 5.3688E-09 5.5708E-09 5.7382E-09 5.9124E-09 6.2024E-09 6.4545E-09 6.7241E-09 7.0346E-09 7.3678E-09 7.7371E-09 8.1527E-09 8.5962E-09 9.0779E-09 9.6132E-09 1.0176E-08 1.0779E-08 1.1439E-08 1.2121E-08 1.2840E-08 1.3593E-08 1.4400E-08 1.5222E-08 1.6094E-08 1.7003E-08 1.7988E-08 1.8995E-08 2.0066E-08
3.2414E-09 3.2851E-09 3.3329E-09 3.3766E-09 3.4222E-09 3.4646E-09 3.5072E-09 3.5567E-09 3.6048E-09 3.6531E-09 3.6991E-09 3.7455E-09 3.7922E-09 3.8480E-09 3.9010E-09 3.9514E-09 4.0062E-09 4.0626E-09 4.1166E-09 4.1716E-09 4.2367E-09 4.2956E-09 4.3557E-09 4.4228E-09 4.4872E-09 4.5718E-09 4.6441E-09 4.8110E-09 4.9215E-09 5.0809E-09 5.3131E-09 5.4571E-09 5.7045E-09 5.9030E-09 6.1229E-09 6.3779E-09 6.6491E-09 6.9594E-09 7.2899E-09 7.6510E-09 8.0592E-09 8.4889E-09 8.9523E-09 9.4642E-09 9.9994E-09 1.0568E-08 1.1190E-08 1.1830E-08 1.2502E-08 1.3205E-08 1.3958E-08 1.4724E-08 1.5554E-08 1.6426E-08 1.7352E-08 1.8315E-08 1.9431E-08
3.1879E-09 3.2309E-09 3.2783E-09 3.3205E-09 3.3604E-09 3.4064E-09 3.4474E-09 3.4964E-09 3.5439E-09 3.5903E-09 3.6344E-09 3.6788E-09 3.7287E-09 3.7782E-09 3.8289E-09 3.8769E-09 3.9254E-09 3.9828E-09 4.0340E-09 4.0860E-09 4.1478E-09 4.2032E-09 4.2598E-09 4.3229E-09 4.3832E-09 4.4635E-09 4.5313E-09 4.6934E-09 4.8656E-09 4.9764E-09 5.2731E-09 5.4360E-09 5.6249E-09 5.8251E-09 6.0456E-09 6.2998E-09 6.5686E-09 6.8740E-09 7.1971E-09 7.5477E-09 7.9417E-09 8.3535E-09 8.7951E-09 9.2810E-09 9.7861E-09 1.0321E-08 1.0904E-08 1.1504E-08 1.2132E-08 1.2787E-08 1.3492E-08 1.4217E-08 1.4997E-08 1.5841E-08 1.6705E-08 1.7643E-08 1.8805E-08
3.1361E-09 3.1724E-09 3.2256E-09 3.2662E-09 3.3046E-09 3.3499E-09 3.3892E-09 3.4286E-09 3.4782E-09 3.5271E-09 3.5713E-09 3.6138E-09 3.6630E-09 3.7104E-09 3.7588E-09 3.8044E-09 3.8505E-09 3.9049E-09 3.9533E-09 4.0023E-09 4.0607E-09 4.1129E-09 4.1661E-09 4.2255E-09 4.2821E-09 4.3581E-09 4.4774E-09 4.6495E-09 4.7677E-09 4.9486E-09 5.1953E-09 5.3590E-09 5.5481E-09 5.7476E-09 5.9661E-09 6.2164E-09 6.4793E-09 6.7764E-09 7.0884E-09 7.4252E-09 7.8017E-09 8.1932E-09 8.6110E-09 9.0694E-09 9.5443E-09 1.0046E-08 1.0592E-08 1.1153E-08 1.1740E-08 1.2353E-08 1.3017E-08 1.3720E-08 1.4459E-08 1.5261E-08 1.6086E-08 1.6981E-08 1.8113E-08
