Assets/Resources/2015_m01_d31_1300(utc+0800)_l00_csi_1hr_conc.grd
DSAA
         159         159
     -79.000      79.000
     -79.000      79.000
  0.0000E+00  0.5230E-06
[rows 25 to 49 of 159, columns 0 to 56 of 159]
0.0000E+00 0.0000E+00 0.0000E+00 0.0000E+00 0.0000E+00 0.0000E+00 0.0000E+00 0.0000E+00 4.3733E-12 1.2890E-11 2.4921E-11 4.8777E-11 7.5446E-11 1.1840E-10 1.6502E-10 2.3595E-10 3.1391E-10 4.2240E-10 5.4921E-10 7.1180E-10 9.0595E-10 1.1413E-09 1.4244E-09 1.7536E-09 2.1467E-09 2.5945E-09 3.1066E-09 3.6851E-09 4.3265E-09 5.0316E-09 5.7976E-09 6.6234E-09 7.4990E-09 8.4162E-09 9.3616E-09 1.0321E-08 1.1278E-08 1.2211E-08 1.3101E-08 1.3927E-08 1.4662E-08 1.5289E-08 1.5787E-08 1.6138E-08 1.6328E-08 1.6346E-08 1.6191E-08 1.5863E-08 1.5367E-08 1.4719E-08 1.3935E-08 1.3037E-08 1.2051E-08 1.1004E-08 9.9263E-09 8.8439E-09 7.7810E-09
0.0000E+00 0.0000E+00 0.0000E+00 0.0000E+00 0.0000E+00 0.0000E+00 0.0000E+00 0.0000E+00 1.8620E-12 1.0588E-11 1.9224E-11 4.1838E-11 6.4228E-11 1.0594E-10 1.4750E-10 2.1553E-10 2.8741E-10 3.9143E-10 5.1104E-10 6.6751E-10 8.5352E-10 1.0818E-09 1.3543E-09 1.6762E-09 2.0592E-09 2.4963E-09 3.0054E-09 3.5771E-09 4.2160E-09 4.9231E-09 5.6925E-09 6.5253E-09 7.4146E-09 8.3483E-09 9.3164E-09 1.0306E-08 1.1294E-08 1.2266E-08 1.3199E-08 1.4068E-08 1.4851E-08 1.5524E-08 1.6068E-08 1.6461E-08 1.6685E-08 1.6732E-08 1.6595E-08 1.6274E-08 1.5775E-08 1.5111E-08 1.4301E-08 1.3367E-08 1.2336E-08 1.1242E-08 1.0112E-08 8.9754E-09 7.8638E-09
0.0000E+00 0.0000E+00 0.0000E+00 0.0000E+00 0.0000E+00 0.0000E+00 0.0000E+00 0.0000E+00 3.2597E-13 7.6699E-12 1.4808E-11 3.4289E-11 5.4326E-11 9.2669E-11 1.3149E-10 1.9488E-10 2.6243E-10 3.6035E-10 4.7407E-10 6.2259E-10 8.0166E-10 1.0196E-09 1.2837E-09 1.5946E-09 1.9683E-09 2.3940E-09 2.8973E-09 3.4581E-09 4.0958E-09 4.8001E-09 5.5687E-09 6.4100E-09 7.3060E-09 8.2562E-09 9.2492E-09 1.0264E-08 1.1287E-08 1.2302E-08 1.3279E-08 1.4199E-08 1.5036E-08 1.5765E-08 1.6358E-08 1.6799E-08 1.7070E-08 1.7153E-08 1.7043E-08 1.6739E-08 1.6244E-08 1.5570E-08 1.4738E-08 1.3770E-08 1.2696E-08 1.1548E-08 1.0359E-08 9.1660E-09 7.9959E-09
0.0000E+00 0.0000E+00 0.0000E+00 0.0000E+00 0.0000E+00 0.0000E+00 0.0000E+00 0.0000E+00 0.0000E+00 5.2606E-12 1.1398E-11 2.8209E-11 4.5746E-11 8.0907E-11 1.1645E-10 1.7575E-10 2.3858E-10 3.3023E-10 4.3766E-10 5.7801E-10 7.4959E-10 9.5687E-10 1.2118E-09 1.5112E-09 1.8732E-09 2.2872E-09 2.7785E-09 3.3316E-09 3.9619E-09 4.6611E-09 5.4322E-09 6.2743E-09 7.1788E-09 8.1439E-09 9.1534E-09 1.0196E-08 1.1255E-08 1.2310E-08 1.3337E-08 1.4312E-08 1.5208E-08 1.5996E-08 1.6654E-08 1.7156E-08 1.7478E-08 1.7607E-08 1.7535E-08 1.7254E-08 1.6770E-08 1.6095E-08 1.5243E-08 1.4242E-08 1.3124E-08 1.1921E-08 1.0674E-08 9.4133E-09 8.1774E-09
0.0000E+00 0.0000E+00 0.0000E+00 0.0000E+00 0.0000E+00 0.0000E+00 0.0000E+00 0.0000E+00 0.0000E+00 3.8117E-12 8.2379E-12 2.3001E-11 3.8178E-11 6.9771E-11 1.0237E-10 1.5698E-10 2.1561E-10 3.0136E-10 4.0201E-10 5.3459E-10 6.9771E-10 8.9437E-10 1.1379E-09 1.4253E-09 1.7736E-09 2.1760E-09 2.6522E-09 3.1959E-09 3.8164E-09 4.5087E-09 5.2770E-09 6.1179E-09 7.0294E-09 8.0043E-09 9.0311E-09 1.0101E-08 1.1195E-08 1.2290E-08 1.3368E-08 1.4401E-08 1.5360E-08 1.6216E-08 1.6945E-08 1.7515E-08 1.7904E-08 1.8094E-08 1.8069E-08 1.7824E-08 1.7363E-08 1.6689E-08 1.5826E-08 1.4799E-08 1.3637E-08 1.2381E-08 1.1066E-08 9.7405E-09 8.4315E-09
0.0000E+00 0.0000E+00 0.0000E+00 0.0000E+00 0.0000E+00 0.0000E+00 0.0000E+00 0.0000E+00 0.0000E+00 3.4943E-12 5.8301E-12 1.9052E-11 3.1119E-11 6.0598E-11 8.8970E-11 1.4066E-10 1.9311E-10 2.7433E-10 3.6713E-10 4.9247E-10 6.4510E-10 8.3223E-10 1.0633E-09 1.3383E-09 1.6723E-09 2.0610E-09 2.5206E-09 3.0515E-09 3.6598E-09 4.3400E-09 5.1033E-09 5.9397E-09 6.8538E-09 7.8366E-09 8.8807E-09 9.9744E-09 1.1099E-08 1.2237E-08 1.3367E-08 1.4458E-08 1.5486E-08 1.6419E-08 1.7224E-08 1.7874E-08 1.8344E-08 1.8601E-08 1.8639E-08 1.8447E-08 1.8016E-08 1.7360E-08 1.6498E-08 1.5449E-08 1.4252E-08 1.2941E-08 1.1565E-08 1.0161E-08 8.7733E-09
0.0000E+00 0.0000E+00 0.0000E+00 0.0000E+00 0.0000E+00 0.0000E+00 0.0000E+00 0.0000E+00 0.0000E+00 3.4691E-12 4.6586E-12 1.5804E-11 2.5593E-11 5.2011E-11 7.7430E-11 1.2500E-10 1.7267E-10 2.4788E-10 3.3366E-10 4.5161E-10 5.9477E-10 7.7015E-10 9.9003E-10 1.2497E-09 1.5690E-09 1.9404E-09 2.3836E-09 2.8984E-09 3.4896E-09 4.1579E-09 4.9111E-09 5.7383E-09 6.6539E-09 7.6385E-09 8.6944E-09 9.8082E-09 1.0962E-08 1.2143E-08 1.3325E-08 1.4481E-08 1.5581E-08 1.6594E-08 1.7485E-08 1.8225E-08 1.8779E-08 1.9124E-08 1.9236E-08 1.9104E-08 1.8724E-08 1.8097E-08 1.7241E-08 1.6183E-08 1.4952E-08 1.3594E-08 1.2150E-08 1.0673E-08 9.2019E-09
0.0000E+00 0.0000E+00 0.0000E+00 0.0000E+00 0.0000E+00 0.0000E+00 0.0000E+00 0.0000E+00 0.0000E+00 3.4116E-12 4.4047E-12 1.3367E-11 2.1324E-11 4.4369E-11 6.6849E-11 1.1062E-10 1.5397E-10 2.2348E-10 3.0277E-10 4.1157E-10 5.4514E-10 7.0993E-10 9.1523E-10 1.1605E-09 1.4643E-09 1.8165E-09 2.2425E-09 2.7374E-09 3.3080E-09 3.9619E-09 4.6981E-09 5.5152E-09 6.4249E-09 7.4062E-09 8.4717E-09 9.6005E-09 1.0782E-08 1.2004E-08 1.3233E-08 1.4452E-08 1.5626E-08 1.6725E-08 1.7713E-08 1.8552E-08 1.9209E-08 1.9653E-08 1.9856E-08 1.9807E-08 1.9488E-08 1.8903E-08 1.8073E-08 1.7010E-08 1.5759E-08 1.4354E-08 1.2849E-08 1.1287E-08 9.7323E-09
0.0000E+00 0.0000E+00 0.0000E+00 0.0000E+00 0.0000E+00 0.0000E+00 0.0000E+00 0.0000E+00 0.0000E+00 3.3235E-12 4.2910E-12 1.2436E-11 1.7871E-11 3.8818E-11 5.8340E-11 9.7862E-11 1.3646E-10 2.0135E-10 2.7241E-10 3.7328E-10 4.9744E-10 6.4930E-10 8.4193E-10 1.0720E-09 1.3573E-09 1.6912E-09 2.0970E-09 2.5685E-09 3.1171E-09 3.7491E-09 4.4662E-09 5.2686E-09 6.1661E-09 7.1413E-09 8.2095E-09 9.3469E-09 1.0554E-08 1.1805E-08 1.3084E-08 1.4365E-08 1.5614E-08 1.6801E-08 1.7887E-08 1.8836E-08 1.9607E-08 2.0161E-08 2.0476E-08 2.0522E-08 2.0284E-08 1.9769E-08 1.8973E-08 1.7930E-08 1.6663E-08 1.5223E-08 1.3654E-08 1.2019E-08 1.0362E-08
0.0000E+00 0.0000E+00 0.0000E+00 0.0000E+00 0.0000E+00 0.0000E+00 0.0000E+00 0.0000E+00 0.0000E+00 3.2070E-12 4.1408E-12 1.2050E-11 1.5620E-11 3.4134E-11 4.9715E-11 8.6309E-11 1.2036E-10 1.7976E-10 2.4485E-10 3.3815E-10 4.5091E-10 5.9180E-10 7.6997E-10 9.8297E-10 1.2502E-09 1.5637E-09 1.9465E-09 2.3944E-09 2.9162E-09 3.5238E-09 4.2168E-09 4.9990E-09 5.8791E-09 6.8396E-09 7.9037E-09 9.0438E-09 1.0265E-08 1.1545E-08 1.2868E-08 1.4207E-08 1.5531E-08 1.6807E-08 1.7999E-08 1.9061E-08 1.9954E-08 2.0640E-08 2.1077E-08 2.1239E-08 2.1110E-08 2.0673E-08 1.9941E-08 1.8929E-08 1.7666E-08 1.6197E-08 1.4578E-08 1.2860E-08 1.1110E-08
0.0000E+00 0.0000E+00 0.0000E+00 0.0000E+00 0.0000E+00 0.0000E+00 0.0000E+00 0.0000E+00 0.0000E+00 3.0655E-12 3.9581E-12 1.1563E-11 1.4881E-11 3.0190E-11 4.3998E-11 7.6311E-11 1.0626E-10 1.5961E-10 2.1898E-10 3.0306E-10 4.0785E-10 5.3523E-10 6.9948E-10 8.9597E-10 1.1434E-09 1.4347E-09 1.7946E-09 2.2156E-09 2.7077E-09 3.2858E-09 3.9480E-09 4.7068E-09 5.5582E-09 6.5055E-09 7.5552E-09 8.6871E-09 9.9195E-09 1.1215E-08 1.2573E-08 1.3962E-08 1.5357E-08 1.6723E-08 1.8024E-08 1.9201E-08 2.0230E-08 2.1053E-08 2.1631E-08 2.1932E-08 2.1925E-08 2.1598E-08 2.0951E-08 1.9990E-08 1.8752E-08 1.7274E-08 1.5606E-08 1.3815E-08 1.1965E-08
0.0000E+00 0.0000E+00 0.0000E+00 0.0000E+00 0.0000E+00 0.0000E+00 0.0000E+00 0.0000E+00 0.0000E+00 2.9026E-12 3.7478E-12 1.0986E-11 1.4141E-11 2.8386E-11 3.8906E-11 6.7934E-11 9.3596E-11 1.4169E-10 1.9297E-10 2.7133E-10 3.6424E-10 4.8200E-10 6.3082E-10 8.1090E-10 1.0382E-09 1.3071E-09 1.6405E-09 2.0320E-09 2.4944E-09 3.0361E-09 3.6676E-09 4.3910E-09 5.2132E-09 6.1336E-09 7.1586E-09 8.2784E-09 9.5050E-09 1.0808E-08 1.2192E-08 1.3626E-08 1.5084E-08 1.6533E-08 1.7930E-08 1.9238E-08 2.0403E-08 2.1377E-08 2.2114E-08 2.2570E-08 2.2714E-08 2.2521E-08 2.1979E-08 2.1102E-08 1.9904E-08 1.8433E-08 1.6736E-08 1.4885E-08 1.2944E-08
0.0000E+00 0.0000E+00 0.0000E+00 0.0000E+00 0.0000E+00 0.0000E+00 0.0000E+00 0.0000E+00 0.0000E+00 2.7224E-12 3.5152E-12 1.0337E-11 1.3581E-11 2.6352E-11 3.4687E-11 6.1244E-11 8.2295E-11 1.2571E-10 1.7107E-10 2.4038E-10 3.2345E-10 4.3035E-10 5.6321E-10 7.2819E-10 9.3362E-10 1.1802E-09 1.4855E-09 1.8484E-09 2.2764E-09 2.7833E-09 3.3723E-09 4.0564E-09 4.8426E-09 5.7245E-09 6.7179E-09 7.8128E-09 9.0238E-09 1.0322E-08 1.1723E-08 1.3181E-08 1.4693E-08 1.6216E-08 1.7714E-08 1.9141E-08 2.0448E-08 2.1580E-08 2.2487E-08 2.3118E-08 2.3427E-08 2.3390E-08 2.2990E-08 2.2214E-08 2.1095E-08 1.9659E-08 1.7962E-08 1.6056E-08 1.4035E-08
0.0000E+00 0.0000E+00 0.0000E+00 0.0000E+00 0.0000E+00 0.0000E+00 0.0000E+00 0.0000E+00 0.0000E+00 2.5293E-12 3.2659E-12 9.8196E-12 1.2357E-11 2.4283E-11 3.1656E-11 5.4235E-11 7.2164E-11 1.1073E-10 1.4873E-10 2.1127E-10 2.8472E-10 3.7950E-10 4.9883E-10 6.4742E-10 8.3168E-10 1.0549E-09 1.3347E-09 1.6644E-09 2.0556E-09 2.5234E-09 3.0708E-09 3.7051E-09 4.4490E-09 5.2854E-09 6.2376E-09 7.2971E-09 8.4769E-09 9.7574E-09 1.1155E-08 1.2629E-08 1.4178E-08 1.5761E-08 1.7347E-08 1.8889E-08 2.0331E-08 2.1627E-08 2.2712E-08 2.3530E-08 2.4034E-08 2.4184E-08 2.3945E-08 2.3322E-08 2.2308E-08 2.0943E-08 1.9260E-08 1.7342E-08 1.5246E-08
0.0000E+00 0.0000E+00 0.0000E+00 0.0000E+00 0.0000E+00 0.0000E+00 0.0000E+00 0.0000E+00 0.0000E+00 2.3277E-12 3.1228E-12 8.8104E-12 1.1352E-11 2.2362E-11 2.7881E-11 4.7979E-11 6.3169E-11 9.5448E-11 1.2869E-10 1.8313E-10 2.4655E-10 3.3001E-10 4.3541E-10 5.6624E-10 7.3216E-10 9.3202E-10 1.1835E-09 1.4797E-09 1.8347E-09 2.2598E-09 2.7614E-09 3.3471E-09 4.0355E-09 4.8191E-09 5.7203E-09 6.7302E-09 7.8665E-09 9.1179E-09 1.0494E-08 1.1966E-08 1.3540E-08 1.5163E-08 1.6824E-08 1.8466E-08 2.0043E-08 2.1498E-08 2.2764E-08 2.3783E-08 2.4497E-08 2.4854E-08 2.4820E-08 2.4369E-08 2.3504E-08 2.2238E-08 2.0624E-08 1.8707E-08 1.6580E-08
0.0000E+00 0.0000E+00 0.0000E+00 0.0000E+00 0.0000E+00 0.0000E+00 0.0000E+00 0.0000E+00 0.0000E+00 2.1861E-12 2.6441E-12 7.9712E-12 9.9837E-12 1.9619E-11 2.4891E-11 4.1940E-11 5.4108E-11 8.2670E-11 1.0980E-10 1.5608E-10 2.1130E-10 2.8251E-10 3.7503E-10 4.8782E-10 6.3516E-10 8.0756E-10 1.0327E-09 1.2947E-09 1.6128E-09 1.9930E-09 2.4478E-09 2.9799E-09 3.6099E-09 4.3338E-09 5.1755E-09 6.1218E-09 7.2069E-09 8.4078E-09 9.7452E-09 1.1200E-08 1.2768E-08 1.4416E-08 1.6135E-08 1.7861E-08 1.9557E-08 2.1162E-08 2.2608E-08 2.3834E-08 2.4770E-08 2.5359E-08 2.5551E-08 2.5317E-08 2.4636E-08 2.3525E-08 2.2003E-08 2.0143E-08 1.8002E-08
0.0000E+00 0.0000E+00 0.0000E+00 0.0000E+00 0.0000E+00 0.0000E+00 0.0000E+00 0.0000E+00 0.0000E+00 1.8144E-12 2.1972E-12 6.8702E-12 8.3397E-12 1.7188E-11 2.1238E-11 3.5858E-11 4.5832E-11 6.9717E-11 9.2539E-11 1.3167E-10 1.7818E-10 2.3794E-10 3.1830E-10 4.1219E-10 5.3974E-10 6.8819E-10 8.8466E-10 1.1119E-09 1.3909E-09 1.7278E-09 2.1291E-09 2.6059E-09 3.1711E-09 3.8347E-09 4.6014E-09 5.4824E-09 6.4966E-09 7.6311E-09 8.9195E-09 1.0332E-08 1.1874E-08 1.3527E-08 1.5272E-08 1.7059E-08 1.8854E-08 2.0590E-08 2.2207E-08 2.3634E-08 2.4796E-08 2.5635E-08 2.6082E-08 2.6094E-08 2.5648E-08 2.4730E-08 2.3368E-08 2.1602E-08 1.9509E-08
0.0000E+00 0.0000E+00 0.0000E+00 0.0000E+00 0.0000E+00 0.0000E+00 0.0000E+00 0.0000E+00 0.0000E+00 1.1849E-12 1.7895E-12 5.3919E-12 6.8251E-12 1.4186E-11 1.7472E-11 3.0283E-11 3.7604E-11 5.7918E-11 7.6288E-11 1.0909E-10 1.4766E-10 1.9673E-10 2.6307E-10 3.4258E-10 4.4945E-10 5.7484E-10 7.4042E-10 9.3729E-10 1.1739E-09 1.4676E-09 1.8135E-09 2.2344E-09 2.7340E-09 3.3247E-09 4.0145E-09 4.8137E-09 5.7471E-09 6.8032E-09 8.0188E-09 9.3657E-09 1.0870E-08 1.2492E-08 1.4239E-08 1.6061E-08 1.7928E-08 1.9770E-08 2.1538E-08 2.3152E-08 2.4547E-08 2.5634E-08 2.6358E-08 2.6651E-08 2.6475E-08 2.5809E-08 2.4656E-08 2.3046E-08 2.1046E-08
0.0000E+00 0.0000E+00 0.0000E+00 0.0000E+00 0.0000E+00 0.0000E+00 0.0000E+00 0.0000E+00 0.0000E+00 8.5080E-14 8.0297E-13 2.9625E-12 4.9190E-12 1.0144E-11 1.3587E-11 2.3479E-11 2.9850E-11 4.6893E-11 6.0743E-11 8.7909E-11 1.1942E-10 1.5930E-10 2.1188E-10 2.7829E-10 3.6359E-10 4.6984E-10 6.0732E-10 7.7098E-10 9.7012E-10 1.2161E-09 1.5140E-09 1.8716E-09 2.3015E-09 2.8195E-09 3.4247E-09 4.1370E-09 4.9800E-09 5.9427E-09 7.0674E-09 8.3342E-09 9.7609E-09 1.1337E-08 1.3048E-08 1.4874E-08 1.6769E-08 1.8694E-08 2.0582E-08 2.2370E-08 2.3972E-08 2.5323E-08 2.6328E-08 2.6934E-08 2.7067E-08 2.6700E-08 2.5811E-08 2.4427E-08 2.2579E-08
0.0000E+00 0.0000E+00 0.0000E+00 0.0000E+00 0.0000E+00 0.0000E+00 0.0000E+00 0.0000E+00 0.0000E+00 0.0000E+00 0.0000E+00 2.7972E-13 1.7450E-12 4.9153E-12 8.6299E-12 1.5602E-11 2.1596E-11 3.4460E-11 4.5503E-11 6.8363E-11 9.0881E-11 1.2513E-10 1.6609E-10 2.1871E-10 2.8725E-10 3.7154E-10 4.8459E-10 6.1616E-10 7.7932E-10 9.8235E-10 1.2266E-09 1.5281E-09 1.8891E-09 2.3286E-09 2.8481E-09 3.4729E-09 4.2103E-09 5.0738E-09 6.0927E-09 7.2526E-09 8.5938E-09 1.0073E-08 1.1733E-08 1.3514E-08 1.5413E-08 1.7375E-08 1.9352E-08 2.1275E-08 2.3078E-08 2.4667E-08 2.5960E-08 2.6878E-08 2.7355E-08 2.7321E-08 2.6766E-08 2.5654E-08 2.4034E-08
0.0000E+00 0.0000E+00 0.0000E+00 0.0000E+00 0.0000E+00 0.0000E+00 0.0000E+00 0.0000E+00 0.0000E+00 0.0000E+00 0.0000E+00 0.0000E+00 0.0000E+00 2.4045E-13 2.5909E-12 6.8751E-12 1.2260E-11 2.1099E-11 3.0347E-11 4.7160E-11 6.3872E-11 9.1204E-11 1.2288E-10 1.6459E-10 2.1844E-10 2.8313E-10 3.7331E-10 4.7685E-10 6.0622E-10 7.6869E-10 9.6750E-10 1.2107E-09 1.5045E-09 1.8715E-09 2.3055E-09 2.8341E-09 3.4759E-09 4.2247E-09 5.1295E-09 6.1717E-09 7.3931E-09 8.7676E-09 1.0328E-08 1.2040E-08 1.3896E-08 1.5861E-08 1.7877E-08 1.9905E-08 2.1864E-08 2.3659E-08 2.5230E-08 2.6468E-08 2.7285E-08 2.7636E-08 2.7436E-08 2.6677E-08 2.5343E-08
0.0000E+00 0.0000E+00 0.0000E+00 0.0000E+00 0.0000E+00 0.0000E+00 0.0000E+00 0.0000E+00 0.0000E+00 0.0000E+00 0.0000E+00 0.0000E+00 0.0000E+00 0.0000E+00 0.0000E+00 0.0000E+00 2.4797E-12 7.4342E-12 1.5392E-11 2.6397E-11 3.9769E-11 5.7811E-11 8.1732E-11 1.1338E-10 1.5457E-10 2.0462E-10 2.7311E-10 3.5278E-10 4.5088E-10 5.7824E-10 7.3254E-10 9.2870E-10 1.1601E-09 1.4584E-09 1.8109E-09 2.2498E-09 2.7866E-09 3.4289E-09 4.2083E-09 5.1248E-09 6.2118E-09 7.4591E-09 8.8999E-09 1.0501E-08 1.2279E-08 1.4193E-08 1.6212E-08 1.8294E-08 2.0346E-08 2.2333E-08 2.4135E-08 2.5666E-08 2.6850E-08 2.7576E-08 2.7791E-08 2.7411E-08 2.6429E-08
0.0000E+00 0.0000E+00 0.0000E+00 0.0000E+00 0.0000E+00 0.0000E+00 0.0000E+00 0.0000E+00 0.0000E+00 0.0000E+00 0.0000E+00 0.0000E+00 0.0000E+00 0.0000E+00 0.0000E+00 0.0000E+00 0.0000E+00 0.0000E+00 8.6017E-13 7.4343E-12 1.6716E-11 2.9311E-11 4.4565E-11 6.6716E-11 9.5025E-11 1.3398E-10 1.8225E-10 2.4240E-10 3.1673E-10 4.0942E-10 5.2862E-10 6.7558E-10 8.5806E-10 1.0941E-09 1.3747E-09 1.7292E-09 2.1683E-09 2.7008E-09 3.3588E-09 4.1399E-09 5.0919E-09 6.1884E-09 7.4864E-09 8.9509E-09 1.0619E-08 1.2439E-08 1.4408E-08 1.6479E-08 1.8604E-08 2.0700E-08 2.2700E-08 2.4501E-08 2.6023E-08 2.7144E-08 2.7767E-08 2.7823E-08 2.7228E-08
0.0000E+00 0.0000E+00 0.0000E+00 0.0000E+00 0.0000E+00 0.0000E+00 0.0000E+00 0.0000E+00 0.0000E+00 0.0000E+00 0.0000E+00 0.0000E+00 0.0000E+00 0.0000E+00 0.0000E+00 0.0000E+00 0.0000E+00 0.0000E+00 0.0000E+00 0.0000E+00 0.0000E+00 5.0889E-12 1.4809E-11 2.9351E-11 4.5590E-11 7.0940E-11 1.0516E-10 1.4731E-10 2.0178E-10 2.6691E-10 3.5166E-10 4.6261E-10 5.9653E-10 7.7941E-10 9.9395E-10 1.2820E-09 1.6289E-09 2.0652E-09 2.5975E-09 3.2589E-09 4.0559E-09 5.0101E-09 6.1465E-09 7.4610E-09 8.9742E-09 1.0674E-08 1.2538E-08 1.4562E-08 1.6674E-08 1.8852E-08 2.0985E-08 2.3029E-08 2.4836E-08 2.6332E-08 2.7382E-08 2.7873E-08 2.7724E-08
0.0000E+00 0.0000E+00 0.0000E+00 0.0000E+00 0.0000E+00 0.0000E+00 0.0000E+00 0.0000E+00 0.0000E+00 0.0000E+00 0.0000E+00 0.0000E+00 0.0000E+00 0.0000E+00 0.0000E+00 0.0000E+00 0.0000E+00 0.0000E+00 0.0000E+00 0.0000E+00 0.0000E+00 0.0000E+00 0.0000E+00 1.7102E-12 1.0775E-11 2.1489E-11 3.8592E-11 6.7715E-11 1.0424E-10 1.4852E-10 2.0910E-10 2.8625E-10 3.8534E-10 5.1693E-10 6.7866E-10 8.9411E-10 1.1653E-09 1.5118E-09 1.9501E-09 2.4766E-09 3.1443E-09 3.9448E-09 4.9192E-09 6.0648E-09 7.4145E-09 8.9444E-09 1.0686E-08 1.2597E-08 1.4671E-08 1.6850E-08 1.9084E-08 2.1286E-08 2.3366E-08 2.5189E-08 2.6644E-08 2.7578E-08 2.7899E-08
