Assets/Resources/2015_m01_d29_0900(utc+0800)_l00_csi_1hr_conc.grd
DSAA
         159         159
     -79.000      79.000
     -79.000      79.000
  0.0000E+00  0.1099E-04
[rows 50 to 74 of 159, columns 57 to 113 of 159]
2.4227E-09 2.5173E-09 2.6136E-09 2.7161E-09 2.8226E-09 2.9270E-09 3.0368E-09 3.1572E-09 3.2737E-09 3.3947E-09 3.5093E-09 3.6323E-09 3.7566E-09 3.8752E-09 3.9950E-09 4.1245E-09 4.3101E-09 4.4416E-09 4.5746E-09 4.7101E-09 4.8450E-09 4.9820E-09 5.1179E-09 5.2513E-09 5.3853E-09 5.5150E-09 5.6415E-09 5.7660E-09 5.8807E-09 5.9911E-09 6.0941E-09 6.1849E-09 6.2513E-09 6.2773E-09 6.2644E-09 6.2316E-09 6.1902E-09 6.1329E-09 6.1966E-09 6.2285E-09 6.2586E-09 6.3540E-09 6.3671E-09 6.3507E-09 6.3731E-09 6.4212E-09 6.4302E-09 6.3726E-09 6.2432E-09 6.0508E-09 5.7970E-09 5.4875E-09 5.1381E-09 4.6364E-09 4.3245E-09 4.0337E-09 3.7716E-09
2.4035E-09 2.4991E-09 2.5999E-09 2.7060E-09 2.8121E-09 2.9206E-09 3.0350E-09 3.1567E-09 3.2773E-09 3.4011E-09 3.5289E-09 3.6571E-09 3.7803E-09 3.9075E-09 4.0403E-09 4.2362E-09 4.3765E-09 4.5182E-09 4.6619E-09 4.8085E-09 4.9550E-09 5.1047E-09 5.2554E-09 5.4023E-09 5.5497E-09 5.6941E-09 5.8343E-09 5.9725E-09 6.1019E-09 6.2254E-09 6.3422E-09 6.4452E-09 6.5212E-09 6.5563E-09 6.5515E-09 6.5270E-09 6.4950E-09 6.4426E-09 6.5551E-09 6.6019E-09 6.6524E-09 6.7359E-09 6.7436E-09 6.7423E-09 6.7564E-09 6.8254E-09 6.8234E-09 6.7395E-09 6.5790E-09 6.3538E-09 6.0664E-09 5.7173E-09 5.3334E-09 4.9699E-09 4.6335E-09 4.1579E-09 3.8814E-09
2.3822E-09 2.4819E-09 2.5850E-09 2.6928E-09 2.7988E-09 2.9135E-09 3.0368E-09 3.1589E-09 3.2846E-09 3.4134E-09 3.5458E-09 3.6736E-09 3.8099E-09 3.9434E-09 4.1461E-09 4.2944E-09 4.4454E-09 4.5980E-09 4.7534E-09 4.9122E-09 5.0716E-09 5.2341E-09 5.3999E-09 5.5624E-09 5.7246E-09 5.8847E-09 6.0400E-09 6.1931E-09 6.3383E-09 6.5360E-09 6.7314E-09 6.8531E-09 6.9444E-09 6.9933E-09 7.0001E-09 6.9861E-09 6.9628E-09 6.9162E-09 6.9493E-09 7.0069E-09 7.0768E-09 7.1397E-09 7.1293E-09 7.1344E-09 7.2075E-09 7.2583E-09 7.2375E-09 7.1211E-09 6.9251E-09 6.6651E-09 6.3422E-09 5.9503E-09 5.5320E-09 5.1416E-09 4.7833E-09 4.4556E-09 4.1616E-09
2.3618E-09 2.4607E-09 2.5694E-09 2.6739E-09 2.7878E-09 2.9120E-09 3.0267E-09 3.1526E-09 3.2911E-09 3.4256E-09 3.5558E-09 3.6976E-09 3.8344E-09 4.0423E-09 4.1963E-09 4.3546E-09 4.5170E-09 4.6815E-09 4.8494E-09 5.0214E-09 5.1955E-09 5.3717E-09 5.5524E-09 5.7314E-09 5.9107E-09 6.1467E-09 6.3840E-09 6.5633E-09 6.7351E-09 6.8976E-09 7.0525E-09 7.1907E-09 7.2950E-09 7.3558E-09 7.3750E-09 7.3713E-09 7.3561E-09 7.3178E-09 7.3819E-09 7.4468E-09 7.5305E-09 7.5647E-09 7.5534E-09 7.5692E-09 7.6701E-09 7.7198E-09 7.6713E-09 7.5160E-09 7.2809E-09 6.9841E-09 6.6240E-09 6.1864E-09 5.7341E-09 5.3171E-09 4.9369E-09 4.5924E-09 4.2837E-09
2.3367E-09 2.4420E-09 2.5476E-09 2.6570E-09 2.7750E-09 2.8972E-09 3.0226E-09 3.1531E-09 3.2890E-09 3.4291E-09 3.5732E-09 3.7132E-09 3.9256E-09 4.0844E-09 4.2482E-09 4.4173E-09 4.5914E-09 4.7688E-09 4.9503E-09 5.1366E-09 5.3264E-09 5.5185E-09 5.7145E-09 6.0321E-09 6.2424E-09 6.4521E-09 6.6549E-09 6.8547E-09 7.0477E-09 7.2299E-09 7.4034E-09 7.5588E-09 7.6779E-09 7.7523E-09 7.7856E-09 7.7932E-09 7.7867E-09 7.7573E-09 7.8555E-09 7.9229E-09 8.0106E-09 8.0098E-09 7.9862E-09 8.0512E-09 8.1696E-09 8.2089E-09 8.1229E-09 7.9227E-09 7.6453E-09 7.3099E-09 6.9112E-09 6.4253E-09 5.9394E-09 5.4963E-09 5.0945E-09 4.7333E-09 4.4100E-09
2.3119E-09 2.4196E-09 2.5237E-09 2.6404E-09 2.7639E-09 2.8801E-09 3.0091E-09 3.1533E-09 3.2948E-09 3.4311E-09 3.5820E-09 3.7955E-09 3.9589E-09 4.1276E-09 4.3020E-09 4.4824E-09 4.6690E-09 4.8605E-09 5.0564E-09 5.2581E-09 5.5214E-09 5.7975E-09 6.0269E-09 6.2575E-09 6.4899E-09 6.7235E-09 6.9503E-09 7.1729E-09 7.3890E-09 7.5929E-09 7.7869E-09 7.9615E-09 8.0971E-09 8.1867E-09 8.2352E-09 8.2552E-09 8.2580E-09 8.2378E-09 8.3719E-09 8.4362E-09 8.5175E-09 8.4985E-09 8.4941E-09 8.5504E-09 8.7060E-09 8.7238E-09 8.5903E-09 8.3395E-09 8.0171E-09 7.6413E-09 7.2035E-09 6.6675E-09 6.1480E-09 5.6792E-09 5.2561E-09 4.8784E-09 4.5412E-09
2.2891E-09 2.3921E-09 2.5025E-09 2.6197E-09 2.7425E-09 2.8701E-09 3.0034E-09 3.1436E-09 3.2904E-09 3.4424E-09 3.6551E-09 3.8207E-09 3.9931E-09 4.1722E-09 4.3577E-09 4.5504E-09 4.7502E-09 4.9566E-09 5.1680E-09 5.5069E-09 5.7492E-09 5.9956E-09 6.2483E-09 6.5038E-09 6.7599E-09 7.0184E-09 7.2719E-09 7.5201E-09 7.7616E-09 7.9894E-09 8.2061E-09 8.4017E-09 8.5557E-09 8.6621E-09 8.7271E-09 8.7604E-09 8.7733E-09 8.7627E-09 8.9324E-09 8.9869E-09 9.0485E-09 8.9923E-09 9.0003E-09 9.1527E-09 9.2805E-09 9.2618E-09 9.0707E-09 8.7645E-09 8.3949E-09 7.9747E-09 7.4985E-09 6.9119E-09 6.3595E-09 5.8657E-09 5.4216E-09 5.0276E-09 4.6767E-09
2.2606E-09 2.3637E-09 2.4812E-09 2.6027E-09 2.7191E-09 2.8499E-09 2.9978E-09 3.1432E-09 3.2844E-09 3.4764E-09 3.6722E-09 3.8462E-09 4.0282E-09 4.2182E-09 4.4156E-09 4.6212E-09 4.8351E-09 5.1163E-09 5.4170E-09 5.6733E-09 5.9393E-09 6.2104E-09 6.4887E-09 6.7714E-09 7.0549E-09 7.3401E-09 7.6221E-09 7.8984E-09 8.1678E-09 8.4221E-09 8.6636E-09 8.8822E-09 9.0566E-09 9.1814E-09 9.2661E-09 9.3306E-09 9.3614E-09 9.3820E-09 9.5372E-09 9.5746E-09 9.5987E-09 9.5395E-09 9.5974E-09 9.7705E-09 9.8909E-09 9.8172E-09 9.5612E-09 9.1956E-09 8.7772E-09 8.3117E-09 7.7952E-09 7.1582E-09 6.5738E-09 6.0558E-09 5.5910E-09 5.1809E-09 4.8163E-09
2.2289E-09 2.3384E-09 2.4534E-09 2.5757E-09 2.7037E-09 2.8383E-09 2.9811E-09 3.1315E-09 3.3208E-09 3.5151E-09 3.6893E-09 3.8722E-09 4.0642E-09 4.2655E-09 4.4755E-09 4.6949E-09 5.0440E-09 5.3033E-09 5.5729E-09 5.8531E-09 6.1446E-09 6.4430E-09 6.7495E-09 7.0619E-09 7.3754E-09 7.6909E-09 8.0035E-09 8.3101E-09 8.6093E-09 8.9215E-09 9.1925E-09 9.4384E-09 9.6369E-09 9.7830E-09 9.8853E-09 9.9498E-09 9.9850E-09 1.0046E-08 1.0221E-08 1.0232E-08 1.0226E-08 1.0148E-08 1.0238E-08 1.0468E-08 1.0533E-08 1.0387E-08 1.0059E-08 9.6304E-09 9.1626E-09 8.6513E-09 8.0943E-09 7.4058E-09 6.7905E-09 6.2490E-09 5.7641E-09 5.3381E-09 4.9597E-09
2.1961E-09 2.3124E-09 2.4317E-09 2.5466E-09 2.6774E-09 2.8274E-09 2.9748E-09 3.1181E-09 3.3502E-09 3.5238E-09 3.7064E-09 3.8986E-09 4.1010E-09 4.3141E-09 4.5375E-09 4.8971E-09 5.1651E-09 5.4467E-09 5.7408E-09 6.0471E-09 6.3663E-09 6.6946E-09 7.0317E-09 7.3766E-09 7.7229E-09 8.0716E-09 8.4181E-09 8.7575E-09 9.1257E-09 9.4452E-09 9.7467E-09 1.0020E-08 1.0243E-08 1.0412E-08 1.0534E-08 1.0618E-08 1.0665E-08 1.0771E-08 1.0926E-08 1.0904E-08 1.0841E-08 1.0799E-08 1.0913E-08 1.1203E-08 1.1233E-08 1.0994E-08 1.0583E-08 1.0067E-08 9.5492E-09 8.9922E-09 8.3860E-09 7.6542E-09 7.0092E-09 6.4451E-09 5.9404E-09 5.4988E-09 5.1068E-09
2.1666E-09 2.2795E-09 2.3998E-09 2.5266E-09 2.6604E-09 2.8041E-09 2.9561E-09 3.1507E-09 3.3511E-09 3.5321E-09 3.7233E-09 3.9252E-09 4.1386E-09 4.4207E-09 4.7307E-09 5.0050E-09 5.2949E-09 5.6005E-09 5.9213E-09 6.2558E-09 6.6050E-09 6.9657E-09 7.3363E-09 7.7159E-09 8.0983E-09 8.4832E-09 8.8667E-09 9.2883E-09 9.6601E-09 1.0016E-08 1.0370E-08 1.0695E-08 1.0972E-08 1.1167E-08 1.1313E-08 1.1416E-08 1.1475E-08 1.1625E-08 1.1741E-08 1.1678E-08 1.1514E-08 1.1472E-08 1.1748E-08 1.1992E-08 1.1932E-08 1.1588E-08 1.1091E-08 1.0531E-08 9.9604E-09 9.3331E-09 8.6695E-09 7.9026E-09 7.2303E-09 6.6435E-09 6.1195E-09 5.6626E-09 5.2571E-09
2.1372E-09 2.2443E-09 2.3658E-09 2.4950E-09 2.6446E-09 2.7923E-09 2.9357E-09 3.1738E-09 3.3513E-09 3.5399E-09 3.7400E-09 3.9520E-09 4.2337E-09 4.5457E-09 4.8245E-09 5.1201E-09 5.4337E-09 5.7652E-09 6.1146E-09 6.4796E-09 6.8613E-09 7.2570E-09 7.6637E-09 8.0808E-09 8.5024E-09 8.9265E-09 9.4066E-09 9.8283E-09 1.0278E-08 1.0719E-08 1.1097E-08 1.1437E-08 1.1722E-08 1.1945E-08 1.2114E-08 1.2239E-08 1.2310E-08 1.2493E-08 1.2563E-08 1.2449E-08 1.2279E-08 1.2359E-08 1.2681E-08 1.2884E-08 1.2646E-08 1.2184E-08 1.1597E-08 1.0974E-08 1.0350E-08 9.7008E-09 8.9700E-09 8.1502E-09 7.4522E-09 6.8436E-09 6.3018E-09 5.8290E-09 5.4100E-09
2.1012E-09 2.2074E-09 2.3410E-09 2.4611E-09 2.6152E-09 2.7671E-09 2.9637E-09 3.1665E-09 3.3507E-09 3.5470E-09 3.7563E-09 4.0349E-09 4.3453E-09 4.6247E-09 4.9238E-09 5.2425E-09 5.5814E-09 5.9407E-09 6.3207E-09 6.7185E-09 7.1352E-09 7.5684E-09 8.0141E-09 8.4716E-09 8.9938E-09 9.4694E-09 9.9451E-09 1.0462E-08 1.0978E-08 1.1427E-08 1.1849E-08 1.2227E-08 1.2545E-08 1.2797E-08 1.2993E-08 1.3139E-08 1.3225E-08 1.3488E-08 1.3521E-08 1.3398E-08 1.3196E-08 1.3362E-08 1.3791E-08 1.3913E-08 1.3565E-08 1.2957E-08 1.2213E-08 1.1509E-08 1.0823E-08 1.0119E-08 9.3271E-09 8.4829E-09 7.7266E-09 7.0903E-09 6.5255E-09 6.0311E-09 5.5939E-09
2.0627E-09 2.1689E-09 2.3044E-09 2.4390E-09 2.5968E-09 2.7696E-09 2.9792E-09 3.1581E-09 3.3491E-09 3.5534E-09 3.7718E-09 4.1321E-09 4.4094E-09 4.7080E-09 5.0287E-09 5.3719E-09 5.7377E-09 6.1267E-09 6.5390E-09 6.9722E-09 7.4263E-09 7.8995E-09 8.3871E-09 8.9550E-09 9.4754E-09 9.9996E-09 1.0587E-08 1.1181E-08 1.1701E-08 1.2243E-08 1.2716E-08 1.3141E-08 1.3499E-08 1.3783E-08 1.4006E-08 1.4174E-08 1.4324E-08 1.4559E-08 1.4517E-08 1.4336E-08 1.4183E-08 1.4367E-08 1.4886E-08 1.4864E-08 1.4336E-08 1.3592E-08 1.2796E-08 1.2022E-08 1.1223E-08 1.0473E-08 9.6214E-09 8.7459E-09 7.9856E-09 7.3102E-09 6.7173E-09 6.2063E-09 5.7551E-09
2.0228E-09 2.1401E-09 2.2664E-09 2.4033E-09 2.5647E-09 2.7599E-09 2.9621E-09 3.1473E-09 3.3460E-09 3.5586E-09 3.9086E-09 4.1815E-09 4.4766E-09 4.7953E-09 5.1388E-09 5.5078E-09 5.9022E-09 6.3227E-09 6.7692E-09 7.2399E-09 7.7338E-09 8.2496E-09 8.8566E-09 9.4177E-09 1.0057E-08 1.0644E-08 1.1319E-08 1.1912E-08 1.2548E-08 1.3110E-08 1.3637E-08 1.4111E-08 1.4513E-08 1.4834E-08 1.5083E-08 1.5308E-08 1.5485E-08 1.5681E-08 1.5552E-08 1.5366E-08 1.5211E-08 1.5657E-08 1.6098E-08 1.5861E-08 1.5111E-08 1.4227E-08 1.3335E-08 1.2493E-08 1.1692E-08 1.0877E-08 9.9135E-09 9.0085E-09 8.2238E-09 7.5383E-09 6.9285E-09 6.3821E-09 5.9171E-09
1.9816E-09 2.0996E-09 2.2410E-09 2.3797E-09 2.5312E-09 2.7670E-09 2.9440E-09 3.1348E-09 3.3403E-09 3.6231E-09 3.9435E-09 4.2327E-09 4.5462E-09 4.8860E-09 5.2535E-09 5.6495E-09 6.0740E-09 6.5276E-09 7.0102E-09 7.5204E-09 8.0564E-09 8.6983E-09 9.2944E-09 9.9870E-09 1.0628E-08 1.1381E-08 1.2047E-08 1.2784E-08 1.3435E-08 1.4061E-08 1.4648E-08 1.5175E-08 1.5626E-08 1.5990E-08 1.6300E-08 1.6716E-08 1.7009E-08 1.7217E-08 1.7043E-08 1.6864E-08 1.6864E-08 1.7465E-08 1.7769E-08 1.7238E-08 1.6257E-08 1.5186E-08 1.4138E-08 1.3195E-08 1.2311E-08 1.1424E-08 1.0411E-08 9.3927E-09 8.5647E-09 7.8402E-09 7.1647E-09 6.5783E-09 6.0790E-09
1.9499E-09 2.0577E-09 2.2015E-09 2.3422E-09 2.5461E-09 2.7429E-09 2.9248E-09 3.1215E-09 3.3911E-09 3.6980E-09 3.9786E-09 4.2848E-09 4.6178E-09 4.9796E-09 5.3720E-09 5.7960E-09 6.2520E-09 6.7402E-09 7.2606E-09 7.8837E-09 8.5562E-09 9.2061E-09 9.9564E-09 1.0749E-08 1.1474E-08 1.4656E-08 1.6165E-08 1.6621E-08 1.4407E-08 1.5105E-08 1.5758E-08 1.6345E-08 1.6848E-08 1.7258E-08 1.7783E-08 1.8234E-08 1.8519E-08 1.8634E-08 1.8427E-08 1.8146E-08 1.8395E-08 1.9032E-08 1.9147E-08 1.8311E-08 1.7111E-08 1.5900E-08 1.4773E-08 1.3718E-08 1.2774E-08 1.1831E-08 1.0749E-08 9.7431E-09 8.8259E-09 8.0730E-09 7.3695E-09 6.7631E-09 6.2575E-09
1.9071E-09 2.0282E-09 2.1738E-09 2.3031E-09 2.5451E-09 2.7174E-09 2.9041E-09 3.1065E-09 3.4504E-09 3.7199E-09 4.0152E-09 4.3383E-09 4.6914E-09 5.0759E-09 5.4934E-09 5.9461E-09 6.4381E-09 7.0424E-09 7.6333E-09 8.2845E-09 9.0831E-09 9.9187E-09 1.0802E-08 1.1598E-08 1.3905E-08 1.6977E-08 1.8025E-08 1.8194E-08 1.8238E-08 1.8434E-08 1.6975E-08 1.7629E-08 1.8189E-08 1.8792E-08 1.9515E-08 2.0106E-08 2.0447E-08 2.0458E-08 2.0227E-08 2.0115E-08 2.0337E-08 2.1000E-08 2.0762E-08 1.9583E-08 1.8139E-08 1.6761E-08 1.5512E-08 1.4392E-08 1.3352E-08 1.2310E-08 1.1144E-08 1.0049E-08 9.1480E-09 8.3123E-09 7.5734E-09 6.9434E-09 6.4272E-09
1.8631E-09 1.9849E-09 2.1329E-09 2.2800E-09 2.5144E-09 2.6902E-09 2.8816E-09 3.1500E-09 3.4592E-09 3.7418E-09 4.0525E-09 4.3937E-09 4.7674E-09 5.1752E-09 5.6193E-09 6.1751E-09 6.7347E-09 7.4102E-09 8.0989E-09 8.8435E-09 9.8782E-09 1.0756E-08 1.1850E-08 1.2879E-08 1.6912E-08 1.9831E-08 2.0289E-08 2.0130E-08 1.9965E-08 2.0177E-08 2.0708E-08 2.1147E-08 1.9721E-08 2.0635E-08 2.1522E-08 2.2075E-08 2.2436E-08 2.2234E-08 2.1958E-08 2.1918E-08 2.2231E-08 2.2869E-08 2.2230E-08 2.0712E-08 1.9054E-08 1.7532E-08 1.6178E-08 1.4976E-08 1.3864E-08 1.2777E-08 1.1506E-08 1.0360E-08 9.4264E-09 8.6057E-09 7.7751E-09 7.1206E-09 6.5884E-09
1.8312E-09 1.9685E-09 2.0907E-09 2.2718E-09 2.4825E-09 2.6616E-09 2.8572E-09 3.1994E-09 3.4669E-09 3.7628E-09 4.0894E-09 4.4491E-09 4.8442E-09 5.2768E-09 5.8334E-09 6.4066E-09 7.1118E-09 7.8619E-09 8.8231E-09 9.8722E-09 1.1060E-08 1.2182E-08 1.3689E-08 1.4879E-08 2.7046E-08 3.0109E-08 2.8463E-08 2.6384E-08 2.2028E-08 2.2237E-08 2.2775E-08 2.3217E-08 2.3921E-08 2.2872E-08 2.3726E-08 2.4305E-08 2.4642E-08 2.4174E-08 2.4025E-08 2.3922E-08 2.4367E-08 2.4789E-08 2.3696E-08 2.1850E-08 1.9986E-08 1.8327E-08 1.6869E-08 1.5581E-08 1.4389E-08 1.3231E-08 1.1911E-08 1.0674E-08 9.7071E-09 8.8552E-09 8.0381E-09 7.2933E-09 6.7452E-09
1.7861E-09 1.9249E-09 2.0633E-09 2.2523E-09 2.4488E-09 2.6312E-09 2.8916E-09 3.1947E-09 3.4732E-09 3.7824E-09 4.1247E-09 4.5032E-09 4.9204E-09 5.4653E-09 6.0561E-09 6.7667E-09 7.6494E-09 8.7611E-09 9.9686E-09 1.1377E-08 1.2927E-08 1.4722E-08 1.6309E-08 2.3231E-08 3.6731E-08 3.6543E-08 3.2897E-08 2.9836E-08 2.8835E-08 2.4738E-08 2.5200E-08 2.5844E-08 2.6805E-08 2.7727E-08 2.6340E-08 2.6884E-08 2.7092E-08 2.6401E-08 2.6259E-08 2.6116E-08 2.6695E-08 2.6708E-08 2.5148E-08 2.2996E-08 2.0941E-08 1.9149E-08 1.7584E-08 1.6206E-08 1.4930E-08 1.3693E-08 1.2298E-08 1.1027E-08 9.9887E-09 9.1043E-09 8.2486E-09 7.5204E-09 6.8961E-09
1.7663E-09 1.8802E-09 2.0197E-09 2.2444E-09 2.4132E-09 2.5984E-09 2.9290E-09 3.1878E-09 3.4767E-09 3.7989E-09 4.1576E-09 4.5549E-09 5.0737E-09 5.6485E-09 6.3638E-09 7.3486E-09 8.5538E-09 1.0022E-08 1.1729E-08 1.3881E-08 1.8857E-08 2.4816E-08 2.7813E-08 3.7835E-08 5.4707E-08 5.5263E-08 3.8714E-08 3.4701E-08 3.3168E-08 3.2525E-08 3.2234E-08 2.9319E-08 3.0433E-08 3.1183E-08 3.1633E-08 2.9919E-08 2.9882E-08 2.8913E-08 2.8737E-08 2.8780E-08 2.9051E-08 2.8592E-08 2.6579E-08 2.4150E-08 2.1920E-08 1.9997E-08 1.8324E-08 1.6852E-08 1.5487E-08 1.4143E-08 1.2693E-08 1.1357E-08 1.0299E-08 9.3511E-09 8.4549E-09 7.6946E-09 7.0705E-09
1.7212E-09 1.8492E-09 1.9937E-09 2.2048E-09 2.3754E-09 2.6218E-09 2.9111E-09 3.1780E-09 3.4768E-09 3.8112E-09 4.1846E-09 4.6199E-09 5.1972E-09 5.9024E-09 6.8748E-09 8.1534E-09 9.8035E-09 1.2020E-08 1.7739E-08 2.6698E-08 3.4198E-08 4.1567E-08 4.6959E-08 6.3451E-08 7.8096E-08 6.9508E-08 5.6806E-08 4.9406E-08 3.9001E-08 3.7655E-08 3.7423E-08 3.7938E-08 3.4918E-08 3.5428E-08 3.5610E-08 3.3484E-08 3.3001E-08 3.1771E-08 3.1654E-08 3.1419E-08 3.1412E-08 3.0432E-08 2.8004E-08 2.5327E-08 2.2924E-08 2.0869E-08 1.9088E-08 1.7515E-08 1.6057E-08 1.4603E-08 1.3093E-08 1.1689E-08 1.0592E-08 9.6058E-09 8.6552E-09 7.8614E-09 7.2410E-09
1.6752E-09 1.8033E-09 1.9798E-09 2.1632E-09 2.3353E-09 2.6458E-09 2.8902E-09 3.1647E-09 3.4730E-09 3.8188E-09 4.2061E-09 4.7369E-09 5.3958E-09 6.2536E-09 7.5585E-09 9.2694E-09 1.1714E-08 2.1452E-08 3.1371E-08 4.4556E-08 5.9817E-08 7.4082E-08 8.4069E-08 1.0086E-07 1.0921E-07 8.7124E-08 6.9118E-08 5.9965E-08 5.5461E-08 4.5132E-08 4.4560E-08 4.4613E-08 4.0790E-08 4.0726E-08 4.0359E-08 3.9746E-08 3.6471E-08 3.4926E-08 3.4684E-08 3.4143E-08 3.3748E-08 3.2205E-08 2.9419E-08 2.6533E-08 2.3949E-08 2.1765E-08 1.9871E-08 1.8189E-08 1.6632E-08 1.5067E-08 1.3496E-08 1.2018E-08 1.0876E-08 9.8711E-09 8.8469E-09 8.0190E-09 7.3788E-09
1.6416E-09 1.7737E-09 1.9348E-09 2.1197E-09 2.2928E-09 2.6160E-09 2.8658E-09 3.1473E-09 3.4643E-09 3.8208E-09 4.2400E-09 4.8439E-09 5.6126E-09 6.8054E-09 8.4241E-09 1.0875E-08 2.0526E-08 3.2394E-08 5.0655E-08 7.5530E-08 1.0403E-07 1.3077E-07 1.4896E-07 1.7975E-07 1.8278E-07 1.3159E-07 8.5625E-08 7.4350E-08 6.7635E-08 6.4048E-08 5.4544E-08 5.3447E-08 5.2271E-08 4.7330E-08 4.6102E-08 4.4710E-08 4.0385E-08 3.8529E-08 3.7845E-08 3.6915E-08 3.5960E-08 3.3944E-08 3.0822E-08 2.7750E-08 2.5023E-08 2.2675E-08 2.0664E-08 1.8871E-08 1.7209E-08 1.5532E-08 1.3896E-08 1.2342E-08 1.1152E-08 1.0108E-08 9.0562E-09 8.1652E-09 7.5054E-09
