Assets/Resources/2015_m01_d04_1900(utc+0800)_l00_csi_1hr_conc.grd
DSAA
         159         159
     -79.000      79.000
     -79.000      79.000
  0.3063E-09  0.1208E-04
[rows 50 to 74 of 159, columns 0 to 56 of 159]
1.2802E-08 1.3088E-08 1.3363E-08 1.3622E-08 1.3868E-08 1.4099E-08 1.4315E-08 1.4520E-08 1.4721E-08 1.4894E-08 1.5063E-08 1.5215E-08 1.5351E-08 1.5492E-08 1.5608E-08 1.5712E-08 1.5805E-08 1.5891E-08 1.5967E-08 1.6029E-08 1.6084E-08 1.6134E-08 1.6172E-08 1.6200E-08 1.6225E-08 1.6250E-08 1.6279E-08 1.6283E-08 1.6278E-08 1.6265E-08 1.6244E-08 1.6221E-08 1.6192E-08 1.6155E-08 1.6107E-08 1.6053E-08 1.5988E-08 1.5915E-08 1.5831E-08 1.5736E-08 1.5630E-08 1.5521E-08 1.5395E-08 1.5250E-08 1.5093E-08 1.4921E-08 1.4740E-08 1.4796E-08 1.8173E-08 2.4982E-08 3.1805E-08 3.7533E-08 4.2824E-08 4.7817E-08 4.8436E-08 4.4868E-08 4.1095E-08
1.2805E-08 1.3095E-08 1.3375E-08 1.3637E-08 1.3890E-08 1.4125E-08 1.4348E-08 1.4558E-08 1.4766E-08 1.4945E-08 1.5123E-08 1.5284E-08 1.5430E-08 1.5582E-08 1.5709E-08 1.5825E-08 1.5930E-08 1.6031E-08 1.6118E-08 1.6195E-08 1.6267E-08 1.6332E-08 1.6385E-08 1.6432E-08 1.6479E-08 1.6522E-08 1.6572E-08 1.6597E-08 1.6614E-08 1.6624E-08 1.6629E-08 1.6635E-08 1.6633E-08 1.6621E-08 1.6605E-08 1.6581E-08 1.6548E-08 1.6506E-08 1.6454E-08 1.6394E-08 1.6332E-08 1.6258E-08 1.6169E-08 1.6066E-08 1.5957E-08 1.5827E-08 1.5895E-08 1.9694E-08 1.9727E-08 2.7345E-08 3.8486E-08 4.5569E-08 5.1375E-08 5.2727E-08 5.3390E-08 4.9558E-08 4.5452E-08
1.2780E-08 1.3075E-08 1.3357E-08 1.3624E-08 1.3881E-08 1.4120E-08 1.4349E-08 1.4562E-08 1.4777E-08 1.4963E-08 1.5149E-08 1.5319E-08 1.5474E-08 1.5637E-08 1.5774E-08 1.5901E-08 1.6019E-08 1.6133E-08 1.6232E-08 1.6323E-08 1.6413E-08 1.6491E-08 1.6561E-08 1.6627E-08 1.6694E-08 1.6754E-08 1.6827E-08 1.6873E-08 1.6913E-08 1.6946E-08 1.6981E-08 1.7015E-08 1.7039E-08 1.7057E-08 1.7073E-08 1.7080E-08 1.7077E-08 1.7071E-08 1.7056E-08 1.7040E-08 1.7018E-08 1.6987E-08 1.6943E-08 1.6897E-08 1.6830E-08 1.6742E-08 1.6908E-08 2.1444E-08 2.5895E-08 3.0038E-08 4.2214E-08 5.4089E-08 6.0850E-08 5.7909E-08 5.8557E-08 5.4441E-08 5.0016E-08
1.2728E-08 1.3026E-08 1.3310E-08 1.3580E-08 1.3841E-08 1.4083E-08 1.4317E-08 1.4534E-08 1.4754E-08 1.4947E-08 1.5141E-08 1.5319E-08 1.5483E-08 1.5656E-08 1.5802E-08 1.5939E-08 1.6071E-08 1.6195E-08 1.6307E-08 1.6413E-08 1.6517E-08 1.6609E-08 1.6695E-08 1.6782E-08 1.6866E-08 1.6944E-08 1.7039E-08 1.7106E-08 1.7169E-08 1.7228E-08 1.7292E-08 1.7353E-08 1.7403E-08 1.7455E-08 1.7502E-08 1.7538E-08 1.7572E-08 1.7604E-08 1.7632E-08 1.7658E-08 1.7682E-08 1.7699E-08 1.7713E-08 1.7715E-08 1.7702E-08 1.7671E-08 1.7971E-08 2.3026E-08 3.2561E-08 3.7855E-08 5.0753E-08 5.8892E-08 6.6200E-08 6.7720E-08 6.3830E-08 5.9457E-08 5.4696E-08
1.2647E-08 1.2948E-08 1.3233E-08 1.3507E-08 1.3770E-08 1.4016E-08 1.4254E-08 1.4473E-08 1.4698E-08 1.4897E-08 1.5098E-08 1.5284E-08 1.5455E-08 1.5637E-08 1.5793E-08 1.5939E-08 1.6083E-08 1.6217E-08 1.6341E-08 1.6463E-08 1.6578E-08 1.6684E-08 1.6786E-08 1.6893E-08 1.6991E-08 1.7088E-08 1.7205E-08 1.7293E-08 1.7379E-08 1.7465E-08 1.7559E-08 1.7643E-08 1.7723E-08 1.7807E-08 1.7883E-08 1.7951E-08 1.8023E-08 1.8095E-08 1.8164E-08 1.8239E-08 1.8314E-08 1.8387E-08 1.8456E-08 1.8516E-08 1.8564E-08 1.8910E-08 1.9146E-08 2.4664E-08 3.5473E-08 4.6288E-08 6.0259E-08 6.3871E-08 7.1569E-08 7.3227E-08 6.9138E-08 6.4511E-08 5.9445E-08
1.2539E-08 1.2841E-08 1.3128E-08 1.3404E-08 1.3668E-08 1.3916E-08 1.4157E-08 1.4379E-08 1.4610E-08 1.4813E-08 1.5021E-08 1.5213E-08 1.5391E-08 1.5581E-08 1.5745E-08 1.5900E-08 1.6056E-08 1.6198E-08 1.6333E-08 1.6469E-08 1.6595E-08 1.6715E-08 1.6833E-08 1.6957E-08 1.7069E-08 1.7184E-08 1.7321E-08 1.7431E-08 1.7538E-08 1.7652E-08 1.7772E-08 1.7879E-08 1.7992E-08 1.8106E-08 1.8207E-08 1.8312E-08 1.8422E-08 1.8531E-08 1.8649E-08 1.8775E-08 1.8904E-08 1.9031E-08 1.9162E-08 1.9286E-08 1.9408E-08 1.9870E-08 2.5782E-08 3.2028E-08 3.8120E-08 5.4762E-08 7.0363E-08 7.3916E-08 7.6915E-08 7.8652E-08 7.4390E-08 6.9515E-08 6.4163E-08
1.2404E-08 1.2708E-08 1.2994E-08 1.3272E-08 1.3536E-08 1.3786E-08 1.4028E-08 1.4253E-08 1.4488E-08 1.4696E-08 1.4909E-08 1.5107E-08 1.5290E-08 1.5487E-08 1.5658E-08 1.5823E-08 1.5986E-08 1.6138E-08 1.6282E-08 1.6431E-08 1.6567E-08 1.6699E-08 1.6834E-08 1.6971E-08 1.7097E-08 1.7229E-08 1.7386E-08 1.7515E-08 1.7645E-08 1.7787E-08 1.7926E-08 1.8059E-08 1.8203E-08 1.8339E-08 1.8470E-08 1.8612E-08 1.8759E-08 1.8907E-08 1.9076E-08 1.9252E-08 1.9432E-08 1.9622E-08 1.9818E-08 2.0015E-08 2.0210E-08 2.0812E-08 2.7610E-08 4.0122E-08 4.6568E-08 5.8627E-08 7.4957E-08 8.4677E-08 8.2674E-08 8.3871E-08 7.9470E-08 7.4384E-08 6.8760E-08
1.2244E-08 1.2547E-08 1.2833E-08 1.3111E-08 1.3375E-08 1.3626E-08 1.3869E-08 1.4096E-08 1.4334E-08 1.4546E-08 1.4764E-08 1.4965E-08 1.5154E-08 1.5357E-08 1.5534E-08 1.5706E-08 1.5876E-08 1.6036E-08 1.6190E-08 1.6348E-08 1.6494E-08 1.6637E-08 1.6786E-08 1.6934E-08 1.7075E-08 1.7222E-08 1.7397E-08 1.7544E-08 1.7696E-08 1.7862E-08 1.8019E-08 1.8179E-08 1.8349E-08 1.8506E-08 1.8667E-08 1.8845E-08 1.9023E-08 1.9216E-08 1.9433E-08 1.9657E-08 1.9894E-08 2.0148E-08 2.0412E-08 2.0677E-08 2.0961E-08 2.1755E-08 2.9047E-08 4.2853E-08 5.5721E-08 6.7732E-08 7.9340E-08 8.9480E-08 9.2463E-08 8.8776E-08 8.4252E-08 7.8977E-08 7.3131E-08
1.2058E-08 1.2360E-08 1.2645E-08 1.2923E-08 1.3186E-08 1.3437E-08 1.3681E-08 1.3910E-08 1.4150E-08 1.4364E-08 1.4585E-08 1.4790E-08 1.4982E-08 1.5190E-08 1.5372E-08 1.5550E-08 1.5726E-08 1.5892E-08 1.6054E-08 1.6220E-08 1.6375E-08 1.6528E-08 1.6689E-08 1.6847E-08 1.6999E-08 1.7161E-08 1.7353E-08 1.7517E-08 1.7690E-08 1.7875E-08 1.8049E-08 1.8233E-08 1.8422E-08 1.8600E-08 1.8793E-08 1.9000E-08 1.9211E-08 1.9450E-08 1.9711E-08 1.9981E-08 2.0278E-08 2.0594E-08 2.0920E-08 2.1266E-08 2.2037E-08 2.9396E-08 3.0501E-08 4.4992E-08 6.5460E-08 7.7581E-08 8.9031E-08 9.3863E-08 9.6959E-08 9.3240E-08 8.8607E-08 8.3180E-08 7.7155E-08
1.1849E-08 1.2149E-08 1.2432E-08 1.2709E-08 1.2971E-08 1.3221E-08 1.3465E-08 1.3694E-08 1.3936E-08 1.4151E-08 1.4374E-08 1.4581E-08 1.4776E-08 1.4987E-08 1.5173E-08 1.5356E-08 1.5537E-08 1.5708E-08 1.5877E-08 1.6049E-08 1.6211E-08 1.6372E-08 1.6544E-08 1.6710E-08 1.6872E-08 1.7046E-08 1.7253E-08 1.7431E-08 1.7623E-08 1.7822E-08 1.8012E-08 1.8219E-08 1.8421E-08 1.8620E-08 1.8842E-08 1.9073E-08 1.9319E-08 1.9600E-08 1.9898E-08 2.0216E-08 2.0571E-08 2.0945E-08 2.1336E-08 2.1761E-08 2.2673E-08 3.0885E-08 3.8504E-08 4.7243E-08 6.8254E-08 8.7499E-08 9.9307E-08 9.7766E-08 1.0086E-07 9.7111E-08 9.2406E-08 8.6878E-08 8.0729E-08
1.1617E-08 1.1915E-08 1.2196E-08 1.2470E-08 1.2730E-08 1.2979E-08 1.3222E-08 1.3451E-08 1.3694E-08 1.3910E-08 1.4133E-08 1.4341E-08 1.4538E-08 1.4751E-08 1.4940E-08 1.5126E-08 1.5310E-08 1.5485E-08 1.5659E-08 1.5835E-08 1.6003E-08 1.6170E-08 1.6351E-08 1.6523E-08 1.6694E-08 1.6879E-08 1.7097E-08 1.7288E-08 1.7495E-08 1.7704E-08 1.7907E-08 1.8131E-08 1.8344E-08 1.8563E-08 1.8809E-08 1.9062E-08 1.9341E-08 1.9659E-08 1.9989E-08 2.0355E-08 2.0762E-08 2.1188E-08 2.1647E-08 2.2150E-08 2.3231E-08 3.1777E-08 4.7080E-08 5.5807E-08 7.6202E-08 9.0243E-08 1.0228E-07 1.0666E-07 1.0399E-07 1.0026E-07 9.5547E-08 8.9954E-08 8.3781E-08
1.1365E-08 1.1659E-08 1.1936E-08 1.2208E-08 1.2465E-08 1.2713E-08 1.2955E-08 1.3183E-08 1.3425E-08 1.3640E-08 1.3864E-08 1.4072E-08 1.4269E-08 1.4483E-08 1.4673E-08 1.4862E-08 1.5047E-08 1.5225E-08 1.5401E-08 1.5581E-08 1.5753E-08 1.5925E-08 1.6111E-08 1.6288E-08 1.6466E-08 1.6659E-08 1.6887E-08 1.7086E-08 1.7305E-08 1.7522E-08 1.7734E-08 1.7970E-08 1.8192E-08 1.8429E-08 1.8692E-08 1.8965E-08 1.9275E-08 1.9619E-08 1.9981E-08 2.0393E-08 2.0841E-08 2.1316E-08 2.1842E-08 2.2862E-08 2.3827E-08 3.2529E-08 4.8806E-08 6.5010E-08 8.4644E-08 9.2439E-08 1.0444E-07 1.0890E-07 1.0628E-07 1.0258E-07 9.7884E-08 9.2344E-08 8.6205E-08
1.1093E-08 1.1383E-08 1.1657E-08 1.1924E-08 1.2180E-08 1.2425E-08 1.2665E-08 1.2892E-08 1.3132E-08 1.3345E-08 1.3568E-08 1.3775E-08 1.3971E-08 1.4185E-08 1.4375E-08 1.4564E-08 1.4751E-08 1.4929E-08 1.5107E-08 1.5289E-08 1.5463E-08 1.5637E-08 1.5826E-08 1.6008E-08 1.6190E-08 1.6388E-08 1.6623E-08 1.6828E-08 1.7054E-08 1.7275E-08 1.7491E-08 1.7735E-08 1.7965E-08 1.8217E-08 1.8492E-08 1.8782E-08 1.9118E-08 1.9480E-08 1.9871E-08 2.0321E-08 2.0802E-08 2.1323E-08 2.1914E-08 2.3035E-08 3.1419E-08 3.9953E-08 4.9662E-08 7.2597E-08 9.3151E-08 9.9406E-08 1.0574E-07 1.1016E-07 1.0761E-07 1.0397E-07 9.9327E-08 9.3918E-08 8.7935E-08
1.0805E-08 1.1089E-08 1.1359E-08 1.1622E-08 1.1875E-08 1.2117E-08 1.2354E-08 1.2578E-08 1.2815E-08 1.3027E-08 1.3247E-08 1.3452E-08 1.3647E-08 1.3860E-08 1.4049E-08 1.4237E-08 1.4422E-08 1.4600E-08 1.4779E-08 1.4960E-08 1.5135E-08 1.5310E-08 1.5500E-08 1.5684E-08 1.5869E-08 1.6070E-08 1.6308E-08 1.6515E-08 1.6745E-08 1.6966E-08 1.7183E-08 1.7431E-08 1.7665E-08 1.7928E-08 1.8212E-08 1.8512E-08 1.8868E-08 1.9243E-08 1.9659E-08 2.0136E-08 2.0642E-08 2.1206E-08 2.1854E-08 2.3078E-08 3.2054E-08 4.7955E-08 5.6316E-08 7.3163E-08 9.3403E-08 1.0628E-07 1.0775E-07 1.1037E-07 1.0791E-07 1.0435E-07 9.9849E-08 9.4629E-08 8.8897E-08
1.0501E-08 1.0779E-08 1.1045E-08 1.1303E-08 1.1552E-08 1.1791E-08 1.2024E-08 1.2245E-08 1.2479E-08 1.2688E-08 1.2905E-08 1.3107E-08 1.3299E-08 1.3510E-08 1.3696E-08 1.3882E-08 1.4066E-08 1.4242E-08 1.4419E-08 1.4599E-08 1.4773E-08 1.4947E-08 1.5136E-08 1.5320E-08 1.5505E-08 1.5707E-08 1.5945E-08 1.6152E-08 1.6380E-08 1.6598E-08 1.6813E-08 1.7062E-08 1.7297E-08 1.7566E-08 1.7853E-08 1.8160E-08 1.8528E-08 1.8911E-08 1.9344E-08 1.9836E-08 2.0363E-08 2.0968E-08 2.1662E-08 2.3022E-08 3.1962E-08 4.8394E-08 6.3214E-08 7.8202E-08 9.2838E-08 1.0543E-07 1.1079E-07 1.0947E-07 1.0708E-07 1.0369E-07 9.9403E-08 9.4438E-08 8.9032E-08
1.0183E-08 1.0456E-08 1.0717E-08 1.0970E-08 1.1214E-08 1.1449E-08 1.1678E-08 1.1896E-08 1.2125E-08 1.2330E-08 1.2543E-08 1.2742E-08 1.2931E-08 1.3137E-08 1.3321E-08 1.3503E-08 1.3684E-08 1.3857E-08 1.4031E-08 1.4208E-08 1.4379E-08 1.4551E-08 1.4737E-08 1.4920E-08 1.5103E-08 1.5303E-08 1.5537E-08 1.5740E-08 1.5963E-08 1.6176E-08 1.6387E-08 1.6632E-08 1.6865E-08 1.7135E-08 1.7422E-08 1.7729E-08 1.8100E-08 1.8486E-08 1.8929E-08 1.9428E-08 1.9968E-08 2.0604E-08 2.1755E-08 2.9916E-08 3.1741E-08 4.7827E-08 7.0229E-08 8.3280E-08 9.6550E-08 1.0357E-07 1.0873E-07 1.0746E-07 1.0516E-07 1.0194E-07 9.7946E-08 9.3317E-08 8.8332E-08
9.8544E-09 1.0120E-08 1.0377E-08 1.0624E-08 1.0864E-08 1.1093E-08 1.1317E-08 1.1531E-08 1.1756E-08 1.1956E-08 1.2165E-08 1.2359E-08 1.2544E-08 1.2746E-08 1.2925E-08 1.3103E-08 1.3279E-08 1.3449E-08 1.3618E-08 1.3791E-08 1.3959E-08 1.4127E-08 1.4308E-08 1.4488E-08 1.4667E-08 1.4862E-08 1.5090E-08 1.5286E-08 1.5499E-08 1.5706E-08 1.5909E-08 1.6147E-08 1.6375E-08 1.6641E-08 1.6923E-08 1.7226E-08 1.7593E-08 1.7976E-08 1.8420E-08 1.8917E-08 1.9464E-08 2.0115E-08 2.1296E-08 2.9756E-08 3.7447E-08 4.7181E-08 6.8596E-08 8.7717E-08 1.0008E-07 1.0079E-07 1.0560E-07 1.0435E-07 1.0218E-07 9.9164E-08 9.5480E-08 9.1279E-08 8.6765E-08
9.5167E-09 9.7757E-09 1.0027E-08 1.0268E-08 1.0502E-08 1.0727E-08 1.0945E-08 1.1154E-08 1.1374E-08 1.1569E-08 1.1772E-08 1.1962E-08 1.2142E-08 1.2339E-08 1.2513E-08 1.2685E-08 1.2856E-08 1.3021E-08 1.3185E-08 1.3353E-08 1.3516E-08 1.3678E-08 1.3853E-08 1.4028E-08 1.4201E-08 1.4389E-08 1.4607E-08 1.4794E-08 1.4995E-08 1.5193E-08 1.5387E-08 1.5616E-08 1.5836E-08 1.6092E-08 1.6366E-08 1.6658E-08 1.7016E-08 1.7389E-08 1.7825E-08 1.8314E-08 1.8856E-08 1.9508E-08 2.0726E-08 2.8893E-08 4.3232E-08 5.7086E-08 7.0815E-08 8.4543E-08 9.6274E-08 1.0170E-07 1.0141E-07 1.0022E-07 9.8188E-08 9.5412E-08 9.2065E-08 8.8319E-08 8.4370E-08
9.1717E-09 9.4236E-09 9.6684E-09 9.9033E-09 1.0132E-08 1.0351E-08 1.0563E-08 1.0768E-08 1.0981E-08 1.1171E-08 1.1369E-08 1.1553E-08 1.1728E-08 1.1918E-08 1.2087E-08 1.2252E-08 1.2418E-08 1.2577E-08 1.2735E-08 1.2896E-08 1.3053E-08 1.3210E-08 1.3376E-08 1.3545E-08 1.3710E-08 1.3889E-08 1.4095E-08 1.4270E-08 1.4457E-08 1.4645E-08 1.4828E-08 1.5043E-08 1.5253E-08 1.5496E-08 1.5757E-08 1.6035E-08 1.6378E-08 1.6735E-08 1.7156E-08 1.7629E-08 1.8155E-08 1.9171E-08 2.0180E-08 2.7873E-08 4.2059E-08 6.1773E-08 7.2966E-08 8.0770E-08 9.1623E-08 9.6662E-08 9.6304E-08 9.5143E-08 9.3239E-08 9.0751E-08 8.7754E-08 8.4500E-08 8.1179E-08
8.8216E-09 9.0662E-09 9.3046E-09 9.5334E-09 9.7552E-09 9.9688E-09 1.0175E-08 1.0374E-08 1.0581E-08 1.0766E-08 1.0957E-08 1.1136E-08 1.1304E-08 1.1488E-08 1.1650E-08 1.1809E-08 1.1967E-08 1.2121E-08 1.2272E-08 1.2425E-08 1.2577E-08 1.2726E-08 1.2881E-08 1.3042E-08 1.3199E-08 1.3367E-08 1.3559E-08 1.3721E-08 1.3892E-08 1.4068E-08 1.4239E-08 1.4439E-08 1.4636E-08 1.4861E-08 1.5107E-08 1.5368E-08 1.5689E-08 1.6026E-08 1.6424E-08 1.6873E-08 1.7372E-08 1.8364E-08 2.5111E-08 3.1884E-08 4.0071E-08 5.8519E-08 7.4751E-08 8.0338E-08 8.6282E-08 9.0838E-08 9.0407E-08 8.9273E-08 8.7487E-08 8.5265E-08 8.2657E-08 7.9913E-08 7.7241E-08
8.4682E-09 8.7059E-09 8.9370E-09 9.1597E-09 9.3745E-09 9.5823E-09 9.7816E-09 9.9751E-09 1.0176E-08 1.0355E-08 1.0540E-08 1.0712E-08 1.0875E-08 1.1051E-08 1.1207E-08 1.1358E-08 1.1509E-08 1.1657E-08 1.1799E-08 1.1944E-08 1.2089E-08 1.2230E-08 1.2375E-08 1.2526E-08 1.2673E-08 1.2828E-08 1.3005E-08 1.3154E-08 1.3308E-08 1.3471E-08 1.3629E-08 1.3810E-08 1.3994E-08 1.4198E-08 1.4426E-08 1.4666E-08 1.4961E-08 1.5273E-08 1.5641E-08 1.6059E-08 1.6524E-08 1.7487E-08 2.4176E-08 3.5918E-08 4.2094E-08 5.5000E-08 6.9845E-08 7.9552E-08 8.4191E-08 8.4370E-08 8.3871E-08 8.2744E-08 8.1089E-08 7.9112E-08 7.6896E-08 7.4664E-08 7.2624E-08
8.1133E-09 8.3444E-09 8.5678E-09 8.7842E-09 8.9920E-09 9.1937E-09 9.3866E-09 9.5735E-09 9.7687E-09 9.9414E-09 1.0119E-08 1.0285E-08 1.0441E-08 1.0610E-08 1.0759E-08 1.0903E-08 1.1046E-08 1.1187E-08 1.1322E-08 1.1458E-08 1.1595E-08 1.1728E-08 1.1861E-08 1.2000E-08 1.2137E-08 1.2279E-08 1.2440E-08 1.2575E-08 1.2712E-08 1.2860E-08 1.3005E-08 1.3166E-08 1.3334E-08 1.3516E-08 1.3723E-08 1.3941E-08 1.4206E-08 1.4489E-08 1.4821E-08 1.5204E-08 1.5635E-08 1.6586E-08 2.2740E-08 3.3990E-08 4.4005E-08 5.4449E-08 6.4603E-08 7.3331E-08 7.7426E-08 7.7432E-08 7.6844E-08 7.5732E-08 7.4206E-08 7.2474E-08 7.0616E-08 6.8870E-08 6.7427E-08
7.7591E-09 7.9834E-09 8.1992E-09 8.4089E-09 8.6101E-09 8.8048E-09 8.9918E-09 9.1717E-09 9.3604E-09 9.5274E-09 9.6986E-09 9.8577E-09 1.0008E-08 1.0169E-08 1.0311E-08 1.0448E-08 1.0582E-08 1.0715E-08 1.0844E-08 1.0969E-08 1.1097E-08 1.1222E-08 1.1344E-08 1.1469E-08 1.1596E-08 1.1724E-08 1.1870E-08 1.1991E-08 1.2112E-08 1.2242E-08 1.2374E-08 1.2514E-08 1.2665E-08 1.2825E-08 1.3008E-08 1.3203E-08 1.3434E-08 1.3687E-08 1.3978E-08 1.4321E-08 1.4986E-08 2.0142E-08 2.1310E-08 3.1483E-08 4.5627E-08 5.3825E-08 6.2216E-08 6.6862E-08 7.0376E-08 7.0216E-08 6.9537E-08 6.8428E-08 6.7018E-08 6.5526E-08 6.3995E-08 6.2668E-08 6.1749E-08
7.4075E-09 7.6245E-09 7.8332E-09 8.0355E-09 8.2304E-09 8.4179E-09 8.5989E-09 8.7721E-09 8.9538E-09 9.1154E-09 9.2796E-09 9.4321E-09 9.5756E-09 9.7292E-09 9.8644E-09 9.9944E-09 1.0120E-08 1.0245E-08 1.0366E-08 1.0483E-08 1.0601E-08 1.0717E-08 1.0828E-08 1.0940E-08 1.1054E-08 1.1171E-08 1.1301E-08 1.1408E-08 1.1513E-08 1.1625E-08 1.1742E-08 1.1862E-08 1.1995E-08 1.2133E-08 1.2292E-08 1.2462E-08 1.2656E-08 1.2878E-08 1.3128E-08 1.3427E-08 1.4038E-08 1.8974E-08 2.3439E-08 2.9124E-08 4.1605E-08 5.2651E-08 5.9792E-08 6.0314E-08 6.3224E-08 6.2893E-08 6.2133E-08 6.1035E-08 5.9733E-08 5.8449E-08 5.7215E-08 5.6218E-08 5.5714E-08
7.0603E-09 7.2693E-09 7.4713E-09 7.6660E-09 7.8546E-09 8.0353E-09 8.2100E-09 8.3769E-09 8.5508E-09 8.7071E-09 8.8648E-09 9.0107E-09 9.1478E-09 9.2938E-09 9.4222E-09 9.5454E-09 9.6635E-09 9.7792E-09 9.8935E-09 1.0002E-08 1.0109E-08 1.0216E-08 1.0317E-08 1.0416E-08 1.0516E-08 1.0622E-08 1.0738E-08 1.0832E-08 1.0922E-08 1.1016E-08 1.1117E-08 1.1219E-08 1.1331E-08 1.1450E-08 1.1582E-08 1.1726E-08 1.1886E-08 1.2074E-08 1.2284E-08 1.2537E-08 1.3105E-08 1.7513E-08 2.5269E-08 3.2640E-08 3.9941E-08 4.7265E-08 5.3460E-08 5.6279E-08 5.6118E-08 5.5645E-08 5.4817E-08 5.3742E-08 5.2552E-08 5.1426E-08 5.0444E-08 4.9704E-08 4.9488E-08
