Assets/Resources/2015_m01_d07_1500(utc+0800)_l00_csi_1hr_conc.grd
DSAA
         159         159
     -79.000      79.000
     -79.000      79.000
  0.0000E+00  0.1028E-05
[rows 25 to 49 of 159, columns 57 to 113 of 159]
6.6251E-09 6.8496E-09 7.0774E-09 7.3084E-09 7.5410E-09 7.7745E-09 8.0097E-09 8.2436E-09 8.4758E-09 8.7044E-09 8.9291E-09 9.1502E-09 9.3663E-09 9.5758E-09 9.7789E-09 9.9740E-09 1.0161E-08 1.0338E-08 1.0505E-08 1.0662E-08 1.0806E-08 1.0939E-08 1.1058E-08 1.1164E-08 1.1255E-08 1.1332E-08 1.1394E-08 1.1440E-08 1.1467E-08 1.1481E-08 1.1479E-08 1.1459E-08 1.1418E-08 1.1358E-08 1.1287E-08 1.1204E-08 1.1100E-08 1.0981E-08 1.0852E-08 1.0704E-08 1.0544E-08 1.0372E-08 1.0182E-08 9.9821E-09 9.7712E-09 9.5477E-09 9.3117E-09 9.0709E-09 8.8175E-09 8.5581E-09 8.2939E-09 8.0240E-09 7.7477E-09 7.4789E-09 7.2103E-09 6.9410E-09 6.6711E-09
6.7496E-09 6.9850E-09 7.2239E-09 7.4651E-09 7.7074E-09 7.9514E-09 8.1963E-09 8.4395E-09 8.6801E-09 8.9178E-09 9.1521E-09 9.3807E-09 9.6034E-09 9.8207E-09 1.0032E-08 1.0235E-08 1.0428E-08 1.0610E-08 1.0779E-08 1.0939E-08 1.1087E-08 1.1221E-08 1.1341E-08 1.1447E-08 1.1538E-08 1.1613E-08 1.1673E-08 1.1715E-08 1.1742E-08 1.1748E-08 1.1741E-08 1.1717E-08 1.1673E-08 1.1609E-08 1.1525E-08 1.1427E-08 1.1315E-08 1.1189E-08 1.1051E-08 1.0898E-08 1.0726E-08 1.0539E-08 1.0345E-08 1.0134E-08 9.9089E-09 9.6779E-09 9.4367E-09 9.1825E-09 8.9185E-09 8.6503E-09 8.3775E-09 8.1010E-09 7.8201E-09 7.5389E-09 7.2617E-09 6.9856E-09 6.7101E-09
6.8992E-09 7.1443E-09 7.3926E-09 7.6450E-09 7.8999E-09 8.1568E-09 8.4133E-09 8.6679E-09 8.9201E-09 9.1675E-09 9.4110E-09 9.6488E-09 9.8805E-09 1.0107E-08 1.0325E-08 1.0533E-08 1.0732E-08 1.0920E-08 1.1096E-08 1.1256E-08 1.1406E-08 1.1541E-08 1.1659E-08 1.1765E-08 1.1854E-08 1.1927E-08 1.1983E-08 1.2021E-08 1.2042E-08 1.2046E-08 1.2032E-08 1.2000E-08 1.1950E-08 1.1880E-08 1.1790E-08 1.1680E-08 1.1555E-08 1.1414E-08 1.1262E-08 1.1099E-08 1.0923E-08 1.0725E-08 1.0509E-08 1.0291E-08 1.0060E-08 9.8116E-09 9.5594E-09 9.2996E-09 9.0237E-09 8.7426E-09 8.4604E-09 8.1750E-09 7.8831E-09 7.5968E-09 7.3082E-09 7.0239E-09 6.7420E-09
7.0541E-09 7.3109E-09 7.5726E-09 7.8376E-09 8.1040E-09 8.3736E-09 8.6440E-09 8.9115E-09 9.1763E-09 9.4358E-09 9.6905E-09 9.9389E-09 1.0177E-08 1.0411E-08 1.0637E-08 1.0853E-08 1.1059E-08 1.1251E-08 1.1429E-08 1.1595E-08 1.1744E-08 1.1881E-08 1.2001E-08 1.2102E-08 1.2186E-08 1.2256E-08 1.2307E-08 1.2341E-08 1.2356E-08 1.2352E-08 1.2330E-08 1.2290E-08 1.2231E-08 1.2154E-08 1.2060E-08 1.1938E-08 1.1800E-08 1.1651E-08 1.1475E-08 1.1301E-08 1.1110E-08 1.0908E-08 1.0689E-08 1.0445E-08 1.0202E-08 9.9494E-09 9.6819E-09 9.4085E-09 9.1247E-09 8.8343E-09 8.5380E-09 8.2435E-09 7.9426E-09 7.6460E-09 7.3514E-09 7.0567E-09 6.7674E-09
7.2053E-09 7.4738E-09 7.7502E-09 8.0279E-09 8.3082E-09 8.5874E-09 8.8687E-09 9.1482E-09 9.4253E-09 9.6974E-09 9.9634E-09 1.0222E-08 1.0473E-08 1.0714E-08 1.0948E-08 1.1171E-08 1.1382E-08 1.1577E-08 1.1757E-08 1.1927E-08 1.2081E-08 1.2211E-08 1.2331E-08 1.2434E-08 1.2514E-08 1.2577E-08 1.2620E-08 1.2648E-08 1.2656E-08 1.2645E-08 1.2615E-08 1.2566E-08 1.2498E-08 1.2411E-08 1.2306E-08 1.2183E-08 1.2036E-08 1.1872E-08 1.1695E-08 1.1488E-08 1.1282E-08 1.1070E-08 1.0842E-08 1.0600E-08 1.0333E-08 1.0066E-08 9.7936E-09 9.5092E-09 9.2103E-09 8.9116E-09 8.6086E-09 8.3003E-09 7.9903E-09 7.6867E-09 7.3864E-09 7.0855E-09 6.7867E-09
7.3689E-09 7.6530E-09 7.9380E-09 8.2256E-09 8.5201E-09 8.8145E-09 9.1092E-09 9.4024E-09 9.6914E-09 9.9742E-09 1.0251E-08 1.0522E-08 1.0786E-08 1.1038E-08 1.1280E-08 1.1510E-08 1.1728E-08 1.1931E-08 1.2114E-08 1.2282E-08 1.2433E-08 1.2570E-08 1.2681E-08 1.2778E-08 1.2858E-08 1.2915E-08 1.2953E-08 1.2970E-08 1.2967E-08 1.2948E-08 1.2908E-08 1.2849E-08 1.2770E-08 1.2672E-08 1.2556E-08 1.2421E-08 1.2269E-08 1.2089E-08 1.1902E-08 1.1700E-08 1.1457E-08 1.1227E-08 1.0989E-08 1.0736E-08 1.0470E-08 1.0183E-08 9.8942E-09 9.6031E-09 9.2952E-09 8.9804E-09 8.6686E-09 8.3547E-09 8.0311E-09 7.7189E-09 7.4129E-09 7.1063E-09 6.8013E-09
7.5441E-09 7.8378E-09 8.1389E-09 8.4432E-09 8.7469E-09 9.0532E-09 9.3626E-09 9.6712E-09 9.9753E-09 1.0274E-08 1.0562E-08 1.0842E-08 1.1116E-08 1.1381E-08 1.1633E-08 1.1872E-08 1.2097E-08 1.2305E-08 1.2496E-08 1.2665E-08 1.2816E-08 1.2948E-08 1.3059E-08 1.3148E-08 1.3220E-08 1.3271E-08 1.3300E-08 1.3310E-08 1.3297E-08 1.3261E-08 1.3210E-08 1.3139E-08 1.3049E-08 1.2938E-08 1.2809E-08 1.2661E-08 1.2496E-08 1.2314E-08 1.2105E-08 1.1889E-08 1.1661E-08 1.1393E-08 1.1130E-08 1.0866E-08 1.0590E-08 1.0301E-08 9.9949E-09 9.6864E-09 9.3705E-09 9.0482E-09 8.7203E-09 8.3978E-09 8.0682E-09 7.7437E-09 7.4308E-09 7.1188E-09 6.8083E-09
7.7330E-09 8.0449E-09 8.3592E-09 8.6762E-09 8.9979E-09 9.3196E-09 9.6395E-09 9.9605E-09 1.0280E-08 1.0597E-08 1.0904E-08 1.1199E-08 1.1476E-08 1.1748E-08 1.2010E-08 1.2257E-08 1.2489E-08 1.2703E-08 1.2899E-08 1.3074E-08 1.3225E-08 1.3354E-08 1.3461E-08 1.3545E-08 1.3605E-08 1.3649E-08 1.3669E-08 1.3662E-08 1.3641E-08 1.3595E-08 1.3525E-08 1.3436E-08 1.3333E-08 1.3209E-08 1.3065E-08 1.2904E-08 1.2724E-08 1.2528E-08 1.2316E-08 1.2080E-08 1.1831E-08 1.1574E-08 1.1285E-08 1.0990E-08 1.0702E-08 1.0403E-08 1.0093E-08 9.7691E-09 9.4354E-09 9.1051E-09 8.7700E-09 8.4322E-09 8.0942E-09 7.7640E-09 7.4404E-09 7.1227E-09 6.8072E-09
7.9621E-09 8.2787E-09 8.6101E-09 8.9347E-09 9.2717E-09 9.6102E-09 9.9468E-09 1.0283E-08 1.0615E-08 1.0945E-08 1.1267E-08 1.1582E-08 1.1881E-08 1.2160E-08 1.2427E-08 1.2682E-08 1.2917E-08 1.3128E-08 1.3326E-08 1.3503E-08 1.3657E-08 1.3782E-08 1.3887E-08 1.3966E-08 1.4024E-08 1.4050E-08 1.4057E-08 1.4042E-08 1.3998E-08 1.3939E-08 1.3858E-08 1.3752E-08 1.3623E-08 1.3484E-08 1.3325E-08 1.3148E-08 1.2953E-08 1.2742E-08 1.2514E-08 1.2271E-08 1.2005E-08 1.1727E-08 1.1442E-08 1.1128E-08 1.0807E-08 1.0496E-08 1.0177E-08 9.8471E-09 9.4981E-09 9.1512E-09 8.8089E-09 8.4632E-09 8.1107E-09 7.7738E-09 7.4448E-09 7.1179E-09 6.7978E-09
8.2155E-09 8.5491E-09 8.8909E-09 9.2399E-09 9.5795E-09 9.9293E-09 1.0285E-08 1.0637E-08 1.0988E-08 1.1329E-08 1.1668E-08 1.1995E-08 1.2312E-08 1.2609E-08 1.2881E-08 1.3140E-08 1.3381E-08 1.3603E-08 1.3792E-08 1.3969E-08 1.4121E-08 1.4248E-08 1.4335E-08 1.4410E-08 1.4456E-08 1.4479E-08 1.4468E-08 1.4434E-08 1.4380E-08 1.4300E-08 1.4200E-08 1.4079E-08 1.3936E-08 1.3765E-08 1.3588E-08 1.3394E-08 1.3182E-08 1.2954E-08 1.2710E-08 1.2451E-08 1.2177E-08 1.1882E-08 1.1575E-08 1.1262E-08 1.0925E-08 1.0582E-08 1.0250E-08 9.9119E-09 9.5547E-09 9.1934E-09 8.8361E-09 8.4845E-09 8.1223E-09 7.7734E-09 7.4397E-09 7.1070E-09 6.7797E-09
8.5106E-09 8.8652E-09 9.2120E-09 9.5798E-09 9.9448E-09 1.0302E-08 1.0662E-08 1.1029E-08 1.1396E-08 1.1760E-08 1.2111E-08 1.2450E-08 1.2778E-08 1.3091E-08 1.3379E-08 1.3642E-08 1.3888E-08 1.4107E-08 1.4307E-08 1.4469E-08 1.4617E-08 1.4738E-08 1.4828E-08 1.4885E-08 1.4923E-08 1.4930E-08 1.4911E-08 1.4854E-08 1.4777E-08 1.4678E-08 1.4557E-08 1.4410E-08 1.4253E-08 1.4069E-08 1.3858E-08 1.3640E-08 1.3411E-08 1.3165E-08 1.2904E-08 1.2628E-08 1.2337E-08 1.2032E-08 1.1709E-08 1.1375E-08 1.1032E-08 1.0674E-08 1.0315E-08 9.9652E-09 9.5993E-09 9.2288E-09 8.8576E-09 8.4931E-09 8.1252E-09 7.7664E-09 7.4238E-09 7.0879E-09 6.7546E-09
8.8745E-09 9.2354E-09 9.6045E-09 9.9698E-09 1.0347E-08 1.0735E-08 1.1107E-08 1.1480E-08 1.1850E-08 1.2228E-08 1.2600E-08 1.2957E-08 1.3291E-08 1.3612E-08 1.3915E-08 1.4190E-08 1.4435E-08 1.4654E-08 1.4847E-08 1.5016E-08 1.5145E-08 1.5256E-08 1.5340E-08 1.5394E-08 1.5411E-08 1.5406E-08 1.5368E-08 1.5303E-08 1.5204E-08 1.5080E-08 1.4930E-08 1.4764E-08 1.4569E-08 1.4367E-08 1.4148E-08 1.3896E-08 1.3638E-08 1.3374E-08 1.3094E-08 1.2800E-08 1.2491E-08 1.2170E-08 1.1836E-08 1.1486E-08 1.1127E-08 1.0761E-08 1.0384E-08 1.0008E-08 9.6321E-09 9.2525E-09 8.8720E-09 8.4942E-09 8.1155E-09 7.7522E-09 7.4002E-09 7.0580E-09 6.7223E-09
9.2937E-09 9.6778E-09 1.0058E-08 1.0451E-08 1.0834E-08 1.1216E-08 1.1612E-08 1.2001E-08 1.2387E-08 1.2758E-08 1.3136E-08 1.3510E-08 1.3859E-08 1.4185E-08 1.4488E-08 1.4772E-08 1.5025E-08 1.5249E-08 1.5439E-08 1.5594E-08 1.5726E-08 1.5814E-08 1.5883E-08 1.5923E-08 1.5931E-08 1.5900E-08 1.5846E-08 1.5763E-08 1.5650E-08 1.5500E-08 1.5326E-08 1.5127E-08 1.4915E-08 1.4671E-08 1.4424E-08 1.4165E-08 1.3878E-08 1.3579E-08 1.3280E-08 1.2966E-08 1.2639E-08 1.2300E-08 1.1949E-08 1.1585E-08 1.1210E-08 1.0832E-08 1.0443E-08 1.0049E-08 9.6532E-09 9.2646E-09 8.8750E-09 8.4884E-09 8.0963E-09 7.7261E-09 7.3699E-09 7.0192E-09 6.6801E-09
9.8109E-09 1.0214E-08 1.0615E-08 1.1005E-08 1.1411E-08 1.1809E-08 1.2199E-08 1.2589E-08 1.2982E-08 1.3374E-08 1.3745E-08 1.4114E-08 1.4480E-08 1.4821E-08 1.5123E-08 1.5403E-08 1.5658E-08 1.5885E-08 1.6075E-08 1.6226E-08 1.6341E-08 1.6427E-08 1.6470E-08 1.6486E-08 1.6475E-08 1.6431E-08 1.6346E-08 1.6239E-08 1.6101E-08 1.5934E-08 1.5737E-08 1.5511E-08 1.5257E-08 1.5001E-08 1.4711E-08 1.4418E-08 1.4119E-08 1.3796E-08 1.3460E-08 1.3126E-08 1.2780E-08 1.2422E-08 1.2053E-08 1.1676E-08 1.1288E-08 1.0891E-08 1.0489E-08 1.0088E-08 9.6700E-09 9.2647E-09 8.8666E-09 8.4714E-09 8.0697E-09 7.6887E-09 7.3293E-09 6.9734E-09 6.6281E-09
1.0444E-08 1.0865E-08 1.1284E-08 1.1688E-08 1.2088E-08 1.2493E-08 1.2895E-08 1.3288E-08 1.3669E-08 1.4057E-08 1.4452E-08 1.4806E-08 1.5153E-08 1.5503E-08 1.5826E-08 1.6103E-08 1.6346E-08 1.6565E-08 1.6753E-08 1.6900E-08 1.7009E-08 1.7078E-08 1.7107E-08 1.7104E-08 1.7052E-08 1.6984E-08 1.6881E-08 1.6737E-08 1.6572E-08 1.6377E-08 1.6154E-08 1.5901E-08 1.5628E-08 1.5319E-08 1.5015E-08 1.4684E-08 1.4345E-08 1.4007E-08 1.3650E-08 1.3279E-08 1.2912E-08 1.2534E-08 1.2147E-08 1.1753E-08 1.1351E-08 1.0939E-08 1.0524E-08 1.0109E-08 9.6793E-09 9.2539E-09 8.8463E-09 8.4428E-09 8.0330E-09 7.6433E-09 7.2774E-09 6.9196E-09 6.5688E-09
1.1231E-08 1.1670E-08 1.2095E-08 1.2506E-08 1.2906E-08 1.3293E-08 1.3691E-08 1.4088E-08 1.4471E-08 1.4833E-08 1.5225E-08 1.5604E-08 1.5934E-08 1.6248E-08 1.6569E-08 1.6856E-08 1.7103E-08 1.7302E-08 1.7475E-08 1.7614E-08 1.7708E-08 1.7760E-08 1.7770E-08 1.7738E-08 1.7674E-08 1.7568E-08 1.7436E-08 1.7270E-08 1.7072E-08 1.6836E-08 1.6581E-08 1.6298E-08 1.5989E-08 1.5665E-08 1.5309E-08 1.4956E-08 1.4585E-08 1.4205E-08 1.3829E-08 1.3437E-08 1.3035E-08 1.2637E-08 1.2231E-08 1.1818E-08 1.1400E-08 1.0975E-08 1.0546E-08 1.0115E-08 9.6765E-09 9.2388E-09 8.8141E-09 8.4028E-09 7.9849E-09 7.5890E-09 7.2161E-09 6.8554E-09 6.5023E-09
1.2211E-08 1.2672E-08 1.3100E-08 1.3502E-08 1.3896E-08 1.4272E-08 1.4634E-08 1.5008E-08 1.5388E-08 1.5749E-08 1.6084E-08 1.6450E-08 1.6809E-08 1.7121E-08 1.7389E-08 1.7669E-08 1.7910E-08 1.8112E-08 1.8258E-08 1.8374E-08 1.8448E-08 1.8478E-08 1.8465E-08 1.8409E-08 1.8311E-08 1.8178E-08 1.8007E-08 1.7806E-08 1.7573E-08 1.7310E-08 1.7019E-08 1.6702E-08 1.6361E-08 1.5997E-08 1.5621E-08 1.5221E-08 1.4822E-08 1.4413E-08 1.3995E-08 1.3582E-08 1.3158E-08 1.2728E-08 1.2302E-08 1.1871E-08 1.1436E-08 1.0999E-08 1.0555E-08 1.0116E-08 9.6608E-09 9.2124E-09 8.7759E-09 8.3508E-09 7.9256E-09 7.5241E-09 7.1466E-09 6.7813E-09 6.4275E-09
1.3418E-08 1.3892E-08 1.4319E-08 1.4716E-08 1.5073E-08 1.5417E-08 1.5758E-08 1.6082E-08 1.6420E-08 1.6771E-08 1.7113E-08 1.7408E-08 1.7736E-08 1.8055E-08 1.8331E-08 1.8559E-08 1.8781E-08 1.8965E-08 1.9100E-08 1.9185E-08 1.9232E-08 1.9237E-08 1.9196E-08 1.9110E-08 1.8981E-08 1.8810E-08 1.8604E-08 1.8362E-08 1.8089E-08 1.7788E-08 1.7458E-08 1.7104E-08 1.6726E-08 1.6329E-08 1.5920E-08 1.5494E-08 1.5053E-08 1.4612E-08 1.4166E-08 1.3714E-08 1.3268E-08 1.2815E-08 1.2361E-08 1.1911E-08 1.1459E-08 1.1006E-08 1.0551E-08 1.0099E-08 9.6284E-09 9.1730E-09 8.7271E-09 8.2880E-09 7.8550E-09 7.4484E-09 7.0677E-09 6.6984E-09 6.3432E-09
1.4928E-08 1.5401E-08 1.5809E-08 1.6177E-08 1.6502E-08 1.6791E-08 1.7071E-08 1.7361E-08 1.7631E-08 1.7919E-08 1.8225E-08 1.8520E-08 1.8786E-08 1.9059E-08 1.9324E-08 1.9543E-08 1.9717E-08 1.9872E-08 1.9987E-08 2.0050E-08 2.0064E-08 2.0034E-08 1.9960E-08 1.9840E-08 1.9674E-08 1.9466E-08 1.9217E-08 1.8935E-08 1.8618E-08 1.8274E-08 1.7903E-08 1.7507E-08 1.7089E-08 1.6655E-08 1.6207E-08 1.5750E-08 1.5279E-08 1.4801E-08 1.4323E-08 1.3845E-08 1.3363E-08 1.2888E-08 1.2410E-08 1.1936E-08 1.1467E-08 1.0999E-08 1.0533E-08 1.0065E-08 9.5902E-09 9.1205E-09 8.6621E-09 8.2190E-09 7.7731E-09 7.3620E-09 6.9789E-09 6.6074E-09 6.2503E-09
1.6763E-08 1.7229E-08 1.7612E-08 1.7940E-08 1.8201E-08 1.8418E-08 1.8621E-08 1.8819E-08 1.9038E-08 1.9254E-08 1.9477E-08 1.9723E-08 1.9960E-08 2.0177E-08 2.0388E-08 2.0583E-08 2.0735E-08 2.0840E-08 2.0920E-08 2.0954E-08 2.0937E-08 2.0869E-08 2.0756E-08 2.0597E-08 2.0390E-08 2.0140E-08 1.9848E-08 1.9518E-08 1.9157E-08 1.8765E-08 1.8349E-08 1.7909E-08 1.7449E-08 1.6974E-08 1.6487E-08 1.5991E-08 1.5490E-08 1.4981E-08 1.4468E-08 1.3958E-08 1.3451E-08 1.2944E-08 1.2446E-08 1.1949E-08 1.1459E-08 1.0976E-08 1.0497E-08 1.0020E-08 9.5305E-09 9.0510E-09 8.5882E-09 8.1343E-09 7.6812E-09 7.2648E-09 6.8802E-09 6.5078E-09 6.1491E-09
1.8998E-08 1.9444E-08 1.9782E-08 2.0038E-08 2.0218E-08 2.0329E-08 2.0424E-08 2.0520E-08 2.0619E-08 2.0757E-08 2.0902E-08 2.1061E-08 2.1235E-08 2.1402E-08 2.1551E-08 2.1686E-08 2.1802E-08 2.1874E-08 2.1901E-08 2.1897E-08 2.1843E-08 2.1736E-08 2.1579E-08 2.1375E-08 2.1124E-08 2.0827E-08 2.0488E-08 2.0110E-08 1.9699E-08 1.9259E-08 1.8793E-08 1.8307E-08 1.7801E-08 1.7283E-08 1.6755E-08 1.6220E-08 1.5684E-08 1.5143E-08 1.4601E-08 1.4057E-08 1.3522E-08 1.2989E-08 1.2463E-08 1.1947E-08 1.1437E-08 1.0937E-08 1.0445E-08 9.9559E-09 9.4606E-09 8.9757E-09 8.4975E-09 8.0417E-09 7.5827E-09 7.1577E-09 6.7715E-09 6.3993E-09 6.0407E-09
2.1689E-08 2.2081E-08 2.2348E-08 2.2513E-08 2.2555E-08 2.2546E-08 2.2496E-08 2.2451E-08 2.2429E-08 2.2421E-08 2.2467E-08 2.2538E-08 2.2623E-08 2.2718E-08 2.2806E-08 2.2870E-08 2.2920E-08 2.2947E-08 2.2930E-08 2.2873E-08 2.2777E-08 2.2627E-08 2.2423E-08 2.2169E-08 2.1869E-08 2.1522E-08 2.1133E-08 2.0704E-08 2.0240E-08 1.9749E-08 1.9232E-08 1.8695E-08 1.8143E-08 1.7579E-08 1.7009E-08 1.6433E-08 1.5860E-08 1.5286E-08 1.4712E-08 1.4141E-08 1.3573E-08 1.3018E-08 1.2466E-08 1.1928E-08 1.1399E-08 1.0881E-08 1.0376E-08 9.8806E-09 9.3717E-09 8.8795E-09 8.3978E-09 7.9329E-09 7.4699E-09 7.0409E-09 6.6536E-09 6.2817E-09 5.9247E-09
2.4852E-08 2.5196E-08 2.5348E-08 2.5367E-08 2.5265E-08 2.5060E-08 2.4843E-08 2.4618E-08 2.4419E-08 2.4276E-08 2.4167E-08 2.4124E-08 2.4113E-08 2.4117E-08 2.4131E-08 2.4130E-08 2.4103E-08 2.4062E-08 2.3991E-08 2.3879E-08 2.3729E-08 2.3531E-08 2.3278E-08 2.2972E-08 2.2618E-08 2.2218E-08 2.1774E-08 2.1291E-08 2.0773E-08 2.0227E-08 1.9658E-08 1.9070E-08 1.8468E-08 1.7858E-08 1.7244E-08 1.6626E-08 1.6015E-08 1.5407E-08 1.4802E-08 1.4202E-08 1.3608E-08 1.3024E-08 1.2452E-08 1.1890E-08 1.1344E-08 1.0810E-08 1.0291E-08 9.7858E-09 9.2718E-09 8.7729E-09 8.2815E-09 7.8161E-09 7.3493E-09 6.9149E-09 6.5263E-09 6.1561E-09 5.8009E-09
2.8517E-08 2.8778E-08 2.8808E-08 2.8611E-08 2.8294E-08 2.7895E-08 2.7444E-08 2.7008E-08 2.6608E-08 2.6263E-08 2.6002E-08 2.5805E-08 2.5680E-08 2.5585E-08 2.5507E-08 2.5437E-08 2.5342E-08 2.5223E-08 2.5083E-08 2.4905E-08 2.4691E-08 2.4439E-08 2.4132E-08 2.3772E-08 2.3361E-08 2.2905E-08 2.2404E-08 2.1865E-08 2.1291E-08 2.0689E-08 2.0066E-08 1.9425E-08 1.8773E-08 1.8116E-08 1.7457E-08 1.6797E-08 1.6146E-08 1.5503E-08 1.4868E-08 1.4238E-08 1.3620E-08 1.3010E-08 1.2416E-08 1.1834E-08 1.1270E-08 1.0723E-08 1.0190E-08 9.6748E-09 9.1531E-09 8.6484E-09 8.1567E-09 7.6837E-09 7.2143E-09 6.7834E-09 6.3911E-09 6.0221E-09 5.6700E-09
3.2666E-08 3.2823E-08 3.2683E-08 3.2268E-08 3.1664E-08 3.0991E-08 3.0296E-08 2.9588E-08 2.8946E-08 2.8390E-08 2.7918E-08 2.7567E-08 2.7296E-08 2.7091E-08 2.6922E-08 2.6768E-08 2.6602E-08 2.6411E-08 2.6201E-08 2.5954E-08 2.5665E-08 2.5340E-08 2.4975E-08 2.4558E-08 2.4089E-08 2.3573E-08 2.3014E-08 2.2417E-08 2.1786E-08 2.1127E-08 2.0448E-08 1.9755E-08 1.9051E-08 1.8346E-08 1.7643E-08 1.6941E-08 1.6251E-08 1.5572E-08 1.4907E-08 1.4249E-08 1.3606E-08 1.2974E-08 1.2358E-08 1.1759E-08 1.1177E-08 1.0616E-08 1.0072E-08 9.5474E-09 9.0228E-09 8.5100E-09 8.0185E-09 7.5399E-09 7.0687E-09 6.6384E-09 6.2476E-09 5.8806E-09 5.5320E-09
