Assets/Resources/2015_m01_d08_0400(utc+0800)_l00_csi_1hr_conc.grd
DSAA
         159         159
     -79.000      79.000
     -79.000      79.000
  0.0000E+00  0.1764E-05
[rows 125 to 149 of 159, columns 0 to 56 of 159]
5.8260E-11 6.3697E-11 6.9690E-11 7.3963E-11 7.6909E-11 7.9945E-11 8.3073E-11 8.6295E-11 8.9612E-11 9.3023E-11 9.6532E-11 1.0109E-10 1.0486E-10 1.0972E-10 1.1477E-10 1.1998E-10 1.3059E-10 1.4518E-10 1.6430E-10 1.7625E-10 1.8687E-10 1.9524E-10 2.0327E-10 2.1221E-10 2.2078E-10 2.3029E-10 2.3942E-10 2.4880E-10 2.5845E-10 2.6978E-10 2.8148E-10 2.9704E-10 3.1216E-10 3.2520E-10 3.4014E-10 3.6214E-10 3.7534E-10 3.9444E-10 4.0924E-10 4.2442E-10 4.3987E-10 4.5567E-10 4.7403E-10 4.9324E-10 5.1302E-10 5.3230E-10 5.5071E-10 5.7113E-10 5.8899E-10 6.0869E-10 6.2895E-10 6.4985E-10 6.7108E-10 6.9301E-10 7.1373E-10 7.3812E-10 7.5845E-10
5.3612E-11 5.8252E-11 6.5059E-11 6.9669E-11 7.3922E-11 7.6838E-11 7.9842E-11 8.2935E-11 8.6119E-11 8.9395E-11 9.2763E-11 9.6225E-11 1.0074E-10 1.0539E-10 1.0926E-10 1.1425E-10 1.1940E-10 1.2996E-10 1.4611E-10 1.6290E-10 1.7530E-10 1.8577E-10 1.9399E-10 2.0186E-10 2.0997E-10 2.1900E-10 2.2829E-10 2.3721E-10 2.4637E-10 2.5578E-10 2.6543E-10 2.7817E-10 2.8989E-10 3.0405E-10 3.1913E-10 3.3353E-10 3.4688E-10 3.6737E-10 3.8320E-10 3.9915E-10 4.1579E-10 4.3060E-10 4.4572E-10 4.6219E-10 4.7944E-10 4.9825E-10 5.1769E-10 5.3655E-10 5.5446E-10 5.7293E-10 5.9162E-10 6.1082E-10 6.2862E-10 6.5045E-10 6.6913E-10 6.9058E-10 7.1392E-10
5.1032E-11 5.4137E-11 5.8200E-11 6.5733E-11 6.9594E-11 7.3823E-11 7.6706E-11 7.9675E-11 8.2730E-11 8.5874E-11 8.9106E-11 9.2428E-11 9.5841E-11 1.0031E-10 1.0491E-10 1.0871E-10 1.1364E-10 1.1872E-10 1.2921E-10 1.4527E-10 1.6192E-10 1.7358E-10 1.8447E-10 1.9192E-10 2.0023E-10 2.0817E-10 2.1699E-10 2.2542E-10 2.3475E-10 2.4368E-10 2.5284E-10 2.6223E-10 2.7184E-10 2.8457E-10 2.9693E-10 3.1103E-10 3.2527E-10 3.3953E-10 3.5416E-10 3.7152E-10 3.8841E-10 4.0553E-10 4.2024E-10 4.3544E-10 4.4930E-10 4.6764E-10 4.8446E-10 5.0412E-10 5.2207E-10 5.3907E-10 5.5657E-10 5.7426E-10 5.9058E-10 6.0897E-10 6.2951E-10 6.4740E-10 6.6717E-10
4.7958E-11 5.0968E-11 5.4060E-11 5.8104E-11 6.5629E-11 7.0174E-11 7.3665E-11 7.6513E-11 7.9445E-11 8.2460E-11 8.5561E-11 8.8748E-11 9.2021E-11 9.5381E-11 9.9792E-11 1.0433E-10 1.0807E-10 1.1294E-10 1.1794E-10 1.2835E-10 1.4429E-10 1.6079E-10 1.7228E-10 1.8178E-10 1.9027E-10 1.9840E-10 2.0615E-10 2.1411E-10 2.2297E-10 2.3141E-10 2.4075E-10 2.4965E-10 2.5877E-10 2.6810E-10 2.7904E-10 2.9028E-10 3.0253E-10 3.1649E-10 3.3126E-10 3.4456E-10 3.5894E-10 3.7411E-10 3.9108E-10 4.0656E-10 4.2201E-10 4.3807E-10 4.5252E-10 4.7048E-10 4.8913E-10 5.0612E-10 5.2209E-10 5.3998E-10 5.5514E-10 5.7203E-10 5.8936E-10 6.0833E-10 6.2556E-10
4.3850E-11 4.7869E-11 5.0866E-11 5.3942E-11 5.9088E-11 6.5473E-11 6.9991E-11 7.3449E-11 7.6260E-11 7.9152E-11 8.2125E-11 8.5180E-11 8.8318E-11 9.1540E-11 9.4846E-11 9.9199E-11 1.0368E-10 1.0735E-10 1.1214E-10 1.1707E-10 1.2739E-10 1.4097E-10 1.5697E-10 1.7021E-10 1.8013E-10 1.8843E-10 1.9575E-10 2.0392E-10 2.1168E-10 2.1965E-10 2.2851E-10 2.3758E-10 2.4622E-10 2.5506E-10 2.6410E-10 2.7333E-10 2.8345E-10 2.9525E-10 3.0733E-10 3.2042E-10 3.3312E-10 3.4723E-10 3.6129E-10 3.7564E-10 3.9254E-10 4.0889E-10 4.2198E-10 4.3793E-10 4.5625E-10 4.7058E-10 4.8987E-10 5.0630E-10 5.2322E-10 5.3747E-10 5.5336E-10 5.6965E-10 5.8520E-10
3.9312E-11 4.3732E-11 4.8321E-11 5.0726E-11 5.3783E-11 5.8908E-11 6.5266E-11 6.9753E-11 7.3176E-11 7.5947E-11 7.8797E-11 8.1725E-11 8.4733E-11 8.7820E-11 9.0989E-11 9.4238E-11 9.8528E-11 1.0199E-10 1.0654E-10 1.1126E-10 1.1610E-10 1.2632E-10 1.3803E-10 1.5556E-10 1.6672E-10 1.7831E-10 1.8519E-10 1.9354E-10 2.0150E-10 2.0905E-10 2.1679E-10 2.2539E-10 2.3354E-10 2.4255E-10 2.5111E-10 2.5986E-10 2.6878E-10 2.7787E-10 2.8783E-10 2.9943E-10 3.1059E-10 3.2340E-10 3.3651E-10 3.5099E-10 3.6392E-10 3.7783E-10 3.8907E-10 4.0468E-10 4.2112E-10 4.3518E-10 4.5530E-10 4.7125E-10 4.8917E-10 5.0351E-10 5.1971E-10 5.3309E-10 5.4811E-10
3.7816E-11 4.1486E-11 4.3582E-11 4.8166E-11 5.0550E-11 5.3585E-11 5.8684E-11 6.5009E-11 6.9460E-11 7.2844E-11 7.5574E-11 7.8380E-11 8.1261E-11 8.4219E-11 8.7254E-11 9.0366E-11 9.3557E-11 9.7782E-11 1.0118E-10 1.0565E-10 1.1029E-10 1.1405E-10 1.2514E-10 1.3670E-10 1.5143E-10 1.6437E-10 1.7572E-10 1.8301E-10 1.9115E-10 1.9827E-10 2.0621E-10 2.1373E-10 2.2142E-10 2.2996E-10 2.3803E-10 2.4695E-10 2.5539E-10 2.6400E-10 2.7276E-10 2.8168E-10 2.9074E-10 3.0139E-10 3.1297E-10 3.2478E-10 3.3753E-10 3.5051E-10 3.6406E-10 3.7752E-10 3.8824E-10 4.0205E-10 4.1722E-10 4.3345E-10 4.4924E-10 4.6694E-10 4.8282E-10 4.9906E-10 5.1443E-10
3.6364E-11 3.7661E-11 4.1324E-11 4.3402E-11 4.7975E-11 5.0336E-11 5.3347E-11 5.8415E-11 6.4702E-11 6.9114E-11 7.2457E-11 7.5143E-11 7.7902E-11 8.0735E-11 8.3641E-11 8.6621E-11 8.9675E-11 9.2804E-11 9.6961E-11 1.0029E-10 1.0469E-10 1.0924E-10 1.1291E-10 1.2223E-10 1.3359E-10 1.4611E-10 1.5990E-10 1.7298E-10 1.8067E-10 1.8735E-10 1.9549E-10 2.0319E-10 2.1047E-10 2.1792E-10 2.2553E-10 2.3397E-10 2.4193E-10 2.5071E-10 2.5900E-10 2.6744E-10 2.7601E-10 2.8471E-10 2.9354E-10 3.0320E-10 3.1515E-10 3.2590E-10 3.3893E-10 3.4935E-10 3.6206E-10 3.7282E-10 3.8621E-10 3.9944E-10 4.0980E-10 4.2322E-10 4.4109E-10 4.5881E-10 4.7647E-10
3.4957E-11 3.6203E-11 3.7481E-11 4.1133E-11 4.5505E-11 4.7750E-11 5.0086E-11 5.3070E-11 5.8102E-11 6.4346E-11 6.8006E-11 7.2012E-11 7.4654E-11 7.7365E-11 8.0147E-11 8.2999E-11 8.5922E-11 8.8917E-11 9.1983E-11 9.6067E-11 9.9327E-11 1.0364E-10 1.0811E-10 1.1170E-10 1.1917E-10 1.2845E-10 1.4379E-10 1.5788E-10 1.6877E-10 1.7696E-10 1.8465E-10 1.9191E-10 1.9939E-10 2.0704E-10 2.1424E-10 2.2159E-10 2.2909E-10 2.3739E-10 2.4520E-10 2.5381E-10 2.6192E-10 2.7014E-10 2.7849E-10 2.8694E-10 2.9550E-10 3.0416E-10 3.1433E-10 3.2535E-10 3.3583E-10 3.4717E-10 3.5938E-10 3.7032E-10 3.8200E-10 3.9316E-10 4.0535E-10 4.1809E-10 4.3388E-10
3.3593E-11 3.4790E-11 3.6017E-11 3.7276E-11 4.0914E-11 4.5271E-11 4.7491E-11 4.9800E-11 5.2754E-11 5.7746E-11 6.3278E-11 6.7557E-11 7.1513E-11 7.4108E-11 7.6769E-11 7.9498E-11 8.2295E-11 8.5159E-11 8.8092E-11 9.1093E-11 9.4163E-11 9.8290E-11 1.0252E-10 1.0590E-10 1.1040E-10 1.1607E-10 1.2508E-10 1.3997E-10 1.5322E-10 1.6518E-10 1.7433E-10 1.8178E-10 1.8821E-10 1.9604E-10 2.0283E-10 2.1038E-10 2.1747E-10 2.2469E-10 2.3204E-10 2.4018E-10 2.4781E-10 2.5622E-10 2.6410E-10 2.7209E-10 2.8017E-10 2.8834E-10 2.9660E-10 3.0493E-10 3.1333E-10 3.2251E-10 3.3388E-10 3.4399E-10 3.5491E-10 3.6663E-10 3.7708E-10 3.8759E-10 3.9875E-10
3.1081E-11 3.3421E-11 3.4599E-11 3.5808E-11 3.7046E-11 4.0668E-11 4.5004E-11 4.7198E-11 4.9478E-11 5.2401E-11 5.7348E-11 6.1554E-11 6.7056E-11 7.0961E-11 7.3506E-11 7.6116E-11 7.8790E-11 8.1530E-11 8.4334E-11 8.7204E-11 9.0139E-11 9.3138E-11 9.7183E-11 1.0132E-10 1.0462E-10 1.0902E-10 1.1353E-10 1.2342E-10 1.3803E-10 1.4844E-10 1.6082E-10 1.7155E-10 1.7758E-10 1.8498E-10 1.9134E-10 1.9908E-10 2.0575E-10 2.1318E-10 2.2013E-10 2.2720E-10 2.3438E-10 2.4167E-10 2.4974E-10 2.5725E-10 2.6553E-10 2.7325E-10 2.8104E-10 2.8891E-10 2.9683E-10 3.0481E-10 3.1283E-10 3.2089E-10 3.2969E-10 3.3853E-10 3.4814E-10 3.5921E-10 3.6895E-10
2.6090E-11 3.0913E-11 3.2733E-11 3.4386E-11 3.5575E-11 3.6793E-11 4.0394E-11 4.4705E-11 4.6872E-11 4.9122E-11 5.2010E-11 5.6353E-11 6.0337E-11 6.6506E-11 7.0355E-11 7.2850E-11 7.5407E-11 7.8025E-11 8.0706E-11 8.3449E-11 8.6254E-11 8.9121E-11 9.2049E-11 9.6009E-11 1.0006E-10 1.0327E-10 1.0757E-10 1.1096E-10 1.2167E-10 1.3013E-10 1.4252E-10 1.5627E-10 1.6555E-10 1.7446E-10 1.8041E-10 1.8773E-10 1.9459E-10 2.0161E-10 2.0815E-10 2.1542E-10 2.2220E-10 2.2909E-10 2.3607E-10 2.4314E-10 2.5095E-10 2.5821E-10 2.6620E-10 2.7362E-10 2.8109E-10 2.8862E-10 2.9619E-10 3.0379E-10 3.1141E-10 3.1905E-10 3.2670E-10 3.3433E-10 3.4196E-10
2.0840E-11 2.5934E-11 2.9045E-11 3.2521E-11 3.4151E-11 3.5320E-11 3.6516E-11 4.0093E-11 4.4376E-11 4.6513E-11 4.8731E-11 5.1582E-11 5.4021E-11 5.9104E-11 6.5907E-11 6.9698E-11 7.2141E-11 7.4643E-11 7.7205E-11 7.9825E-11 8.2505E-11 8.5244E-11 8.8042E-11 9.0898E-11 9.4769E-11 9.7789E-11 1.0185E-10 1.0605E-10 1.0935E-10 1.1651E-10 1.2363E-10 1.3825E-10 1.4853E-10 1.6073E-10 1.7002E-10 1.7694E-10 1.8339E-10 1.9001E-10 1.9674E-10 2.0361E-10 2.0999E-10 2.1708E-10 2.2366E-10 2.3034E-10 2.3709E-10 2.4391E-10 2.5081E-10 2.5842E-10 2.6546E-10 2.7253E-10 2.8032E-10 2.8749E-10 2.9468E-10 3.0188E-10 3.0908E-10 3.1628E-10 3.2347E-10
1.7889E-11 2.0700E-11 2.5761E-11 2.7851E-11 3.1567E-11 3.3894E-11 3.5042E-11 3.6217E-11 3.9766E-11 4.4016E-11 4.6122E-11 4.8307E-11 5.1119E-11 5.2875E-11 5.8539E-11 6.4578E-11 6.8991E-11 7.1381E-11 7.3827E-11 7.6330E-11 7.8890E-11 8.1505E-11 8.4177E-11 8.6904E-11 8.9686E-11 9.2524E-11 9.6406E-11 1.0037E-10 1.0347E-10 1.0766E-10 1.1300E-10 1.2160E-10 1.3161E-10 1.4222E-10 1.5459E-10 1.6478E-10 1.7336E-10 1.7898E-10 1.8531E-10 1.9179E-10 1.9776E-10 2.0445E-10 2.1125E-10 2.1752E-10 2.2450E-10 2.3093E-10 2.3743E-10 2.4399E-10 2.5060E-10 2.5725E-10 2.6460E-10 2.7133E-10 2.7809E-10 2.8552E-10 2.9231E-10 2.9910E-10 3.0587E-10
1.4794E-11 1.7532E-11 2.0548E-11 2.4647E-11 2.7638E-11 3.1321E-11 3.3616E-11 3.4742E-11 3.5895E-11 3.9413E-11 4.1322E-11 4.5700E-11 4.7850E-11 5.0621E-11 5.2341E-11 5.7933E-11 6.3892E-11 6.8236E-11 7.0571E-11 7.2961E-11 7.5404E-11 7.7901E-11 8.0451E-11 8.3054E-11 8.5710E-11 8.8418E-11 9.1178E-11 9.4964E-11 9.8826E-11 1.0183E-10 1.0592E-10 1.0907E-10 1.1950E-10 1.2598E-10 1.3703E-10 1.4765E-10 1.5954E-10 1.6852E-10 1.7507E-10 1.8056E-10 1.8674E-10 1.9305E-10 1.9885E-10 2.0534E-10 2.1192E-10 2.1796E-10 2.2407E-10 2.3087E-10 2.3710E-10 2.4337E-10 2.4967E-10 2.5600E-10 2.6235E-10 2.6871E-10 2.7573E-10 2.8211E-10 2.8847E-10
1.2776E-11 1.4688E-11 1.6662E-11 2.0384E-11 2.3954E-11 2.6452E-11 3.1055E-11 3.2825E-11 3.4422E-11 3.5551E-11 3.9036E-11 4.0914E-11 4.4675E-11 4.7362E-11 4.9529E-11 5.1772E-11 5.6606E-11 6.1316E-11 6.6002E-11 6.9714E-11 7.2045E-11 7.4428E-11 7.6861E-11 7.9345E-11 8.1879E-11 8.4463E-11 8.7096E-11 8.9777E-11 9.3465E-11 9.6286E-11 1.0014E-10 1.0411E-10 1.0716E-10 1.1237E-10 1.2083E-10 1.3066E-10 1.4101E-10 1.5306E-10 1.6287E-10 1.6990E-10 1.7631E-10 1.8165E-10 1.8767E-10 1.9379E-10 1.9938E-10 2.0565E-10 2.1138E-10 2.1780E-10 2.2364E-10 2.3015E-10 2.3609E-10 2.4205E-10 2.4803E-10 2.5402E-10 2.6001E-10 2.6600E-10 2.7198E-10
1.2300E-11 1.2683E-11 1.3834E-11 1.6525E-11 1.8548E-11 2.1571E-11 2.6215E-11 3.0770E-11 3.2511E-11 3.4081E-11 3.5187E-11 3.8635E-11 4.0482E-11 4.4198E-11 4.6843E-11 4.8970E-11 5.1170E-11 5.5932E-11 5.9927E-11 6.5172E-11 6.8811E-11 7.1083E-11 7.3404E-11 7.5773E-11 7.8190E-11 8.0654E-11 8.3165E-11 8.5722E-11 8.8324E-11 9.0972E-11 9.4647E-11 9.8389E-11 1.0125E-10 1.0520E-10 1.0921E-10 1.1675E-10 1.2297E-10 1.3553E-10 1.4582E-10 1.5418E-10 1.6393E-10 1.7084E-10 1.7649E-10 1.8225E-10 1.8748E-10 1.9338E-10 1.9936E-10 2.0479E-10 2.1088E-10 2.1640E-10 2.2258E-10 2.2818E-10 2.3379E-10 2.4005E-10 2.4569E-10 2.5133E-10 2.5695E-10
1.1838E-11 1.2207E-11 1.2583E-11 1.3719E-11 1.5410E-11 1.7874E-11 2.0895E-11 2.5726E-11 2.9482E-11 3.1464E-11 3.3720E-11 3.4802E-11 3.5908E-11 3.9450E-11 4.3693E-11 4.6295E-11 4.7815E-11 5.0536E-11 5.2742E-11 5.7722E-11 6.3615E-11 6.7864E-11 7.0077E-11 7.2335E-11 7.4639E-11 7.6988E-11 7.9382E-11 8.1819E-11 8.4300E-11 8.6823E-11 8.9389E-11 9.2958E-11 9.5648E-11 9.9361E-11 1.0318E-10 1.0608E-10 1.1111E-10 1.1936E-10 1.2893E-10 1.3640E-10 1.4665E-10 1.5492E-10 1.6455E-10 1.7131E-10 1.7679E-10 1.8235E-10 1.8738E-10 1.9305E-10 1.9879E-10 2.0397E-10 2.0918E-10 2.1503E-10 2.2030E-10 2.2557E-10 2.3149E-10 2.3678E-10 2.4206E-10
1.1390E-11 1.1745E-11 1.2107E-11 1.2477E-11 1.2855E-11 1.4761E-11 1.6958E-11 2.0682E-11 2.4277E-11 2.8456E-11 3.1122E-11 3.2848E-11 3.4398E-11 3.5478E-11 3.8974E-11 4.3161E-11 4.5149E-11 4.7202E-11 4.9871E-11 5.1470E-11 5.6922E-11 6.2084E-11 6.5438E-11 6.9028E-11 7.1224E-11 7.3462E-11 7.5743E-11 7.8066E-11 8.0429E-11 8.2833E-11 8.5277E-11 8.7760E-11 9.0280E-11 9.3822E-11 9.7419E-11 1.0013E-10 1.0391E-10 1.0674E-10 1.1507E-10 1.1998E-10 1.3127E-10 1.3694E-10 1.4711E-10 1.5723E-10 1.6609E-10 1.7132E-10 1.7601E-10 1.8135E-10 1.8676E-10 1.9160E-10 1.9707E-10 2.0198E-10 2.0752E-10 2.1247E-10 2.1803E-10 2.2300E-10 2.2795E-10
1.0955E-11 1.1297E-11 1.1646E-11 1.2001E-11 1.2365E-11 1.2735E-11 1.4100E-11 1.6552E-11 1.8795E-11 2.3276E-11 2.8141E-11 3.0270E-11 3.1736E-11 3.3975E-11 3.5030E-11 3.8477E-11 4.2605E-11 4.4551E-11 4.6561E-11 4.8615E-11 5.0735E-11 5.5412E-11 5.9306E-11 6.4431E-11 6.7939E-11 7.0071E-11 7.2244E-11 7.4456E-11 7.6708E-11 7.8997E-11 8.1325E-11 8.3689E-11 8.6090E-11 8.8525E-11 9.1955E-11 9.4498E-11 9.8051E-11 1.0070E-10 1.0442E-10 1.0819E-10 1.1550E-10 1.2141E-10 1.3160E-10 1.3715E-10 1.4719E-10 1.5716E-10 1.6583E-10 1.7087E-10 1.7535E-10 1.8047E-10 1.8562E-10 1.9022E-10 1.9483E-10 2.0006E-10 2.0470E-10 2.0996E-10 2.1460E-10
1.0535E-11 1.0863E-11 1.1198E-11 1.1541E-11 1.1890E-11 1.2246E-11 1.2609E-11 1.3729E-11 1.5633E-11 1.7842E-11 2.3007E-11 2.5213E-11 2.9407E-11 3.1337E-11 3.3041E-11 3.4563E-11 3.7958E-11 3.9720E-11 4.3355E-11 4.5894E-11 4.7901E-11 4.9971E-11 5.2083E-11 5.6949E-11 6.2708E-11 6.6812E-11 6.8881E-11 7.0987E-11 7.3131E-11 7.5311E-11 7.7527E-11 7.9778E-11 8.2063E-11 8.4381E-11 8.6732E-11 8.9113E-11 9.2500E-11 9.5932E-11 9.8480E-11 1.0207E-10 1.0472E-10 1.0948E-10 1.1740E-10 1.2317E-10 1.3162E-10 1.3703E-10 1.4691E-10 1.5471E-10 1.6320E-10 1.6936E-10 1.7422E-10 1.7851E-10 1.8341E-10 1.8774E-10 1.9268E-10 1.9703E-10 2.0197E-10
1.0127E-11 1.0443E-11 1.0765E-11 1.1094E-11 1.1430E-11 1.1772E-11 1.2121E-11 1.2477E-11 1.2840E-11 1.4721E-11 1.6892E-11 2.0127E-11 2.3660E-11 2.8319E-11 3.0428E-11 3.2590E-11 3.4079E-11 3.7420E-11 3.9143E-11 4.2715E-11 4.5202E-11 4.6600E-11 4.9181E-11 5.0681E-11 5.5322E-11 5.9719E-11 6.4226E-11 6.7655E-11 6.9696E-11 7.1770E-11 7.3879E-11 7.6021E-11 7.8195E-11 8.0401E-11 8.2638E-11 8.4904E-11 8.7199E-11 9.0469E-11 9.2855E-11 9.6228E-11 9.8703E-11 1.0222E-10 1.0478E-10 1.0947E-10 1.1732E-10 1.2463E-10 1.3131E-10 1.3458E-10 1.4568E-10 1.5184E-10 1.6151E-10 1.6800E-10 1.7262E-10 1.7667E-10 1.8073E-10 1.8538E-10 1.8944E-10
9.7325E-12 1.0036E-11 1.0346E-11 1.0662E-11 1.0984E-11 1.1313E-11 1.1649E-11 1.1991E-11 1.2339E-11 1.2694E-11 1.3807E-11 1.5710E-11 1.8657E-11 2.3114E-11 2.7246E-11 2.9512E-11 3.1414E-11 3.3086E-11 3.4574E-11 3.7978E-11 4.2054E-11 4.3922E-11 4.5844E-11 4.7805E-11 4.9822E-11 5.2434E-11 5.6684E-11 6.2376E-11 6.6397E-11 6.8371E-11 7.0377E-11 7.2414E-11 7.4483E-11 7.6581E-11 7.8708E-11 8.0864E-11 8.3046E-11 8.5254E-11 8.7487E-11 9.0701E-11 9.3017E-11 9.6323E-11 9.8717E-11 1.0216E-10 1.0463E-10 1.0923E-10 1.1697E-10 1.2417E-10 1.3070E-10 1.3382E-10 1.4279E-10 1.5003E-10 1.5811E-10 1.6563E-10 1.7000E-10 1.7379E-10 1.7818E-10
9.3504E-12 9.6419E-12 9.9395E-12 1.0243E-11 1.0553E-11 1.0869E-11 1.1192E-11 1.1520E-11 1.1855E-11 1.2196E-11 1.2542E-11 1.2895E-11 1.4770E-11 1.6932E-11 2.1869E-11 2.4691E-11 2.8373E-11 3.0452E-11 3.1859E-11 3.4031E-11 3.7372E-11 3.9061E-11 4.2620E-11 4.5067E-11 4.6409E-11 4.8939E-11 5.0375E-11 5.4951E-11 5.9271E-11 6.3686E-11 6.7016E-11 6.8954E-11 7.0920E-11 7.2915E-11 7.4938E-11 7.6987E-11 7.9062E-11 8.1161E-11 8.3284E-11 8.5429E-11 8.7595E-11 9.0744E-11 9.2984E-11 9.6214E-11 9.8523E-11 1.0188E-10 1.0425E-10 1.0875E-10 1.1636E-10 1.2011E-10 1.2978E-10 1.3275E-10 1.3752E-10 1.4652E-10 1.5231E-10 1.6152E-10 1.6697E-10
8.9808E-12 9.2607E-12 9.5465E-12 9.8383E-12 1.0136E-11 1.0440E-11 1.0749E-11 1.1065E-11 1.1386E-11 1.1713E-11 1.2047E-11 1.2386E-11 1.2730E-11 1.3833E-11 1.5724E-11 2.0818E-11 2.3356E-11 2.7252E-11 2.8765E-11 3.1351E-11 3.2984E-11 3.6750E-11 3.8397E-11 4.1881E-11 4.3701E-11 4.5570E-11 4.7472E-11 4.9425E-11 5.1968E-11 5.6131E-11 6.1721E-11 6.5635E-11 6.7504E-11 6.9400E-11 7.1323E-11 7.3270E-11 7.5242E-11 7.7237E-11 7.9254E-11 8.1292E-11 8.3350E-11 8.5427E-11 8.7521E-11 9.0597E-11 9.2756E-11 9.5901E-11 9.8120E-11 1.0138E-10 1.0365E-10 1.0804E-10 1.1379E-10 1.1911E-10 1.2508E-10 1.3137E-10 1.3418E-10 1.3881E-10 1.4765E-10
