Assets/Resources/2015_m01_d21_1500(utc+0800)_l00_csi_1hr_conc.grd
DSAA
         159         159
     -79.000      79.000
     -79.000      79.000
  0.1357E-10  0.2698E-05
[rows 100 to 124 of 159, columns 0 to 56 of 159]
5.9567E-11 6.1232E-11 6.2933E-11 6.4670E-11 6.6442E-11 6.8252E-11 7.0098E-11 7.1982E-11 7.3903E-11 7.5862E-11 7.7860E-11 8.0124E-11 8.3377E-11 8.7657E-11 9.1756E-11 9.5471E-11 9.9923E-11 1.0453E-10 1.0876E-10 1.1348E-10 1.1838E-10 1.2414E-10 1.3130E-10 1.3819E-10 1.4476E-10 1.5127E-10 1.5764E-10 1.6614E-10 1.7657E-10 1.8848E-10 2.0122E-10 2.1263E-10 2.2268E-10 2.3242E-10 2.4218E-10 2.5171E-10 2.6177E-10 2.7141E-10 2.8137E-10 2.9246E-10 3.0339E-10 3.1442E-10 3.2579E-10 3.3860E-10 3.5075E-10 3.6326E-10 3.7614E-10 3.9049E-10 4.0418E-10 4.1826E-10 4.3273E-10 4.4759E-10 4.6396E-10 4.7966E-10 4.9576E-10 5.1225E-10 5.2914E-10
5.8567E-11 6.0204E-11 6.1876E-11 6.3584E-11 6.5327E-11 6.7106E-11 6.8921E-11 7.0773E-11 7.2662E-11 7.4588E-11 7.6551E-11 7.8552E-11 8.1175E-11 8.5020E-11 8.8674E-11 9.3161E-11 9.7472E-11 1.0140E-10 1.0583E-10 1.1008E-10 1.1453E-10 1.2035E-10 1.2679E-10 1.3376E-10 1.3979E-10 1.4654E-10 1.5309E-10 1.6015E-10 1.6885E-10 1.8059E-10 1.9294E-10 2.0541E-10 2.1598E-10 2.2509E-10 2.3521E-10 2.4479E-10 2.5377E-10 2.6410E-10 2.7374E-10 2.8370E-10 2.9452E-10 3.0569E-10 3.1669E-10 3.2804E-10 3.4055E-10 3.5290E-10 3.6536E-10 3.7818E-10 3.9165E-10 4.0605E-10 4.2003E-10 4.3439E-10 4.4914E-10 4.6426E-10 4.8089E-10 4.9683E-10 5.1315E-10
5.7572E-11 5.9181E-11 6.0825E-11 6.2503E-11 6.4217E-11 6.5965E-11 6.7749E-11 6.9570E-11 7.1426E-11 7.3319E-11 7.5249E-11 7.7216E-11 7.9220E-11 8.2429E-11 8.6301E-11 8.9776E-11 9.4207E-11 9.8668E-11 1.0296E-10 1.0733E-10 1.1162E-10 1.1642E-10 1.2236E-10 1.2915E-10 1.3556E-10 1.4200E-10 1.4824E-10 1.5484E-10 1.6277E-10 1.7250E-10 1.8448E-10 1.9672E-10 2.0895E-10 2.1850E-10 2.2772E-10 2.3796E-10 2.4695E-10 2.5593E-10 2.6601E-10 2.7589E-10 2.8584E-10 2.9638E-10 3.0778E-10 3.1875E-10 3.3006E-10 3.4198E-10 3.5480E-10 3.6719E-10 3.7994E-10 3.9304E-10 4.0759E-10 4.2147E-10 4.3571E-10 4.5032E-10 4.6530E-10 4.8121E-10 4.9750E-10
5.6583E-11 5.8164E-11 5.9780E-11 6.1429E-11 6.3113E-11 6.4831E-11 6.6584E-11 6.8373E-11 7.0198E-11 7.2058E-11 7.3954E-11 7.5887E-11 7.7857E-11 8.0437E-11 8.3657E-11 8.7585E-11 9.1653E-11 9.5330E-11 9.9737E-11 1.0406E-10 1.0823E-10 1.1288E-10 1.1803E-10 1.2400E-10 1.3048E-10 1.3727E-10 1.4391E-10 1.5029E-10 1.5652E-10 1.6519E-10 1.7634E-10 1.8813E-10 2.0067E-10 2.1179E-10 2.2089E-10 2.2996E-10 2.4002E-10 2.4896E-10 2.5793E-10 2.6774E-10 2.7786E-10 2.8779E-10 2.9803E-10 3.0939E-10 3.2058E-10 3.3184E-10 3.4343E-10 3.5643E-10 3.6874E-10 3.8140E-10 3.9441E-10 4.0777E-10 4.2258E-10 4.3669E-10 4.5115E-10 4.6597E-10 4.8115E-10
5.5599E-11 5.7153E-11 5.8740E-11 6.0361E-11 6.2015E-11 6.3703E-11 6.5426E-11 6.7184E-11 6.8976E-11 7.0804E-11 7.2667E-11 7.4566E-11 7.6502E-11 7.8473E-11 8.1067E-11 8.5103E-11 8.8835E-11 9.2954E-11 9.6983E-11 1.0087E-10 1.0546E-10 1.0998E-10 1.1409E-10 1.1952E-10 1.2561E-10 1.3275E-10 1.3938E-10 1.4546E-10 1.5187E-10 1.5910E-10 1.6828E-10 1.8026E-10 1.9283E-10 2.0451E-10 2.1404E-10 2.2301E-10 2.3242E-10 2.4187E-10 2.5080E-10 2.5977E-10 2.6929E-10 2.7963E-10 2.8954E-10 2.9974E-10 3.1079E-10 3.2217E-10 3.3337E-10 3.4489E-10 3.5701E-10 3.7001E-10 3.8258E-10 3.9547E-10 4.0871E-10 4.2256E-10 4.3731E-10 4.5162E-10 4.6626E-10
5.4622E-11 5.6148E-11 5.7707E-11 5.9299E-11 6.0924E-11 6.2583E-11 6.4275E-11 6.6001E-11 6.7762E-11 6.9558E-11 7.1388E-11 7.3253E-11 7.5154E-11 7.7091E-11 7.9063E-11 8.2240E-11 8.6078E-11 8.9848E-11 9.3992E-11 9.8296E-11 1.0252E-10 1.0658E-10 1.1080E-10 1.1551E-10 1.2136E-10 1.2804E-10 1.3466E-10 1.4113E-10 1.4733E-10 1.5338E-10 1.6183E-10 1.7250E-10 1.8426E-10 1.9551E-10 2.0660E-10 2.1568E-10 2.2523E-10 2.3444E-10 2.4331E-10 2.5247E-10 2.6142E-10 2.7065E-10 2.8097E-10 2.9108E-10 3.0124E-10 3.1170E-10 3.2353E-10 3.3466E-10 3.4610E-10 3.5786E-10 3.7100E-10 3.8345E-10 3.9623E-10 4.0933E-10 4.2276E-10 4.3759E-10 4.5172E-10
5.3651E-11 5.5150E-11 5.6681E-11 5.8245E-11 5.9840E-11 6.1469E-11 6.3131E-11 6.4827E-11 6.6556E-11 6.8319E-11 7.0117E-11 7.1949E-11 7.3816E-11 7.5718E-11 7.7655E-11 8.0199E-11 8.3382E-11 8.7265E-11 9.1281E-11 9.4901E-11 9.9008E-11 1.0326E-10 1.0734E-10 1.1213E-10 1.1695E-10 1.2314E-10 1.3016E-10 1.3662E-10 1.4251E-10 1.4875E-10 1.5520E-10 1.6430E-10 1.7587E-10 1.8794E-10 1.9876E-10 2.0909E-10 2.1750E-10 2.2762E-10 2.3600E-10 2.4460E-10 2.5398E-10 2.6290E-10 2.7210E-10 2.8210E-10 2.9241E-10 3.0252E-10 3.1291E-10 3.2414E-10 3.3569E-10 3.4704E-10 3.5870E-10 3.7067E-10 3.8403E-10 3.9667E-10 4.0962E-10 4.2290E-10 4.3648E-10
5.2686E-11 5.4158E-11 5.5662E-11 5.7197E-11 5.8764E-11 6.0363E-11 6.1995E-11 6.3660E-11 6.5358E-11 6.7089E-11 6.8855E-11 7.0653E-11 7.2486E-11 7.4354E-11 7.6256E-11 7.8192E-11 8.0747E-11 8.4289E-11 8.8192E-11 9.2244E-11 9.6213E-11 1.0024E-10 1.0451E-10 1.0861E-10 1.1319E-10 1.1803E-10 1.2448E-10 1.3102E-10 1.3751E-10 1.4343E-10 1.4969E-10 1.5700E-10 1.6734E-10 1.7866E-10 1.9047E-10 2.0144E-10 2.1049E-10 2.1915E-10 2.2911E-10 2.3741E-10 2.4572E-10 2.5507E-10 2.6420E-10 2.7335E-10 2.8278E-10 2.9354E-10 3.0357E-10 3.1390E-10 3.2451E-10 3.3647E-10 3.4772E-10 3.5927E-10 3.7111E-10 3.8326E-10 3.9680E-10 4.0960E-10 4.2270E-10
5.1729E-11 5.3174E-11 5.4650E-11 5.6157E-11 5.7695E-11 5.9265E-11 6.0868E-11 6.2502E-11 6.4169E-11 6.5868E-11 6.7601E-11 6.9367E-11 7.1167E-11 7.3000E-11 7.4867E-11 7.6768E-11 7.8703E-11 8.1832E-11 8.5615E-11 8.8989E-11 9.3071E-11 9.7387E-11 1.0120E-10 1.0549E-10 1.0961E-10 1.1420E-10 1.1969E-10 1.2648E-10 1.3273E-10 1.3905E-10 1.4508E-10 1.5094E-10 1.5971E-10 1.7094E-10 1.8131E-10 1.9335E-10 2.0344E-10 2.1223E-10 2.2129E-10 2.3014E-10 2.3865E-10 2.4693E-10 2.5598E-10 2.6531E-10 2.7441E-10 2.8378E-10 2.9394E-10 3.0441E-10 3.1465E-10 3.2517E-10 3.3597E-10 3.4813E-10 3.5956E-10 3.7127E-10 3.8327E-10 3.9583E-10 4.0925E-10
5.0778E-11 5.2197E-11 5.3645E-11 5.5125E-11 5.6635E-11 5.8176E-11 5.9748E-11 6.1352E-11 6.2988E-11 6.4657E-11 6.6357E-11 6.8090E-11 6.9856E-11 7.1656E-11 7.3488E-11 7.5354E-11 7.7253E-11 7.9186E-11 8.2662E-11 8.6475E-11 9.0196E-11 9.3964E-11 9.7973E-11 1.0214E-10 1.0611E-10 1.1056E-10 1.1516E-10 1.2091E-10 1.2840E-10 1.3447E-10 1.4044E-10 1.4626E-10 1.5335E-10 1.6210E-10 1.7341E-10 1.8468E-10 1.9563E-10 2.0507E-10 2.1368E-10 2.2305E-10 2.3102E-10 2.3974E-10 2.4797E-10 2.5646E-10 2.6623E-10 2.7527E-10 2.8457E-10 2.9414E-10 3.0501E-10 3.1516E-10 3.2558E-10 3.3627E-10 3.4803E-10 3.5957E-10 3.7114E-10 3.8299E-10 3.9511E-10
4.9835E-11 5.1227E-11 5.2649E-11 5.4100E-11 5.5582E-11 5.7094E-11 5.8637E-11 6.0212E-11 6.1817E-11 6.3454E-11 6.5123E-11 6.6824E-11 6.8557E-11 7.0322E-11 7.2120E-11 7.3951E-11 7.5815E-11 7.7711E-11 8.0217E-11 8.3361E-11 8.7199E-11 9.0932E-11 9.5151E-11 9.8844E-11 1.0325E-10 1.0699E-10 1.1114E-10 1.1639E-10 1.2246E-10 1.2906E-10 1.3515E-10 1.4113E-10 1.4670E-10 1.5523E-10 1.6609E-10 1.7593E-10 1.8641E-10 1.9762E-10 2.0657E-10 2.1530E-10 2.2407E-10 2.3174E-10 2.4041E-10 2.4884E-10 2.5727E-10 2.6647E-10 2.7593E-10 2.8516E-10 2.9463E-10 3.0437E-10 3.1543E-10 3.2574E-10 3.3631E-10 3.4715E-10 3.5930E-10 3.7072E-10 3.8240E-10
4.8900E-11 5.0265E-11 5.1660E-11 5.3084E-11 5.4538E-11 5.6022E-11 5.7536E-11 5.9080E-11 6.0655E-11 6.2261E-11 6.3898E-11 6.5567E-11 6.7267E-11 6.8999E-11 7.0763E-11 7.2559E-11 7.4388E-11 7.6249E-11 7.8142E-11 8.0986E-11 8.4473E-11 8.7995E-11 9.1748E-11 9.5875E-11 9.9586E-11 1.0377E-10 1.0784E-10 1.1221E-10 1.1724E-10 1.2395E-10 1.3056E-10 1.3647E-10 1.4231E-10 1.4772E-10 1.5679E-10 1.6732E-10 1.7770E-10 1.8945E-10 1.9948E-10 2.0802E-10 2.1656E-10 2.2469E-10 2.3255E-10 2.4067E-10 2.4954E-10 2.5790E-10 2.6651E-10 2.7639E-10 2.8553E-10 2.9492E-10 3.0455E-10 3.1522E-10 3.2566E-10 3.3610E-10 3.4680E-10 3.5775E-10 3.7002E-10
4.7972E-11 4.9312E-11 5.0680E-11 5.2077E-11 5.3503E-11 5.4958E-11 5.6443E-11 5.7958E-11 5.9503E-11 6.1078E-11 6.2684E-11 6.4321E-11 6.5989E-11 6.7688E-11 6.9418E-11 7.1180E-11 7.2973E-11 7.4798E-11 7.6655E-11 7.8544E-11 8.1622E-11 8.5117E-11 8.8430E-11 9.2428E-11 9.6664E-11 1.0037E-10 1.0456E-10 1.0831E-10 1.1301E-10 1.1836E-10 1.2538E-10 1.3210E-10 1.3741E-10 1.4325E-10 1.4989E-10 1.5940E-10 1.6998E-10 1.8051E-10 1.9162E-10 2.0026E-10 2.0910E-10 2.1733E-10 2.2515E-10 2.3321E-10 2.4101E-10 2.5005E-10 2.5835E-10 2.6688E-10 2.7590E-10 2.8569E-10 2.9498E-10 3.0450E-10 3.1427E-10 3.2533E-10 3.3563E-10 3.4618E-10 3.5697E-10
4.7053E-11 4.8367E-11 4.9708E-11 5.1078E-11 5.2477E-11 5.3904E-11 5.5360E-11 5.6846E-11 5.8361E-11 5.9906E-11 6.1481E-11 6.3086E-11 6.4721E-11 6.6387E-11 6.8084E-11 6.9812E-11 7.1571E-11 7.3360E-11 7.5182E-11 7.7034E-11 7.8918E-11 8.2003E-11 8.6074E-11 8.9717E-11 9.3167E-11 9.7083E-11 1.0112E-10 1.0498E-10 1.0873E-10 1.1375E-10 1.1941E-10 1.2620E-10 1.3257E-10 1.3763E-10 1.4372E-10 1.5153E-10 1.6142E-10 1.7197E-10 1.8191E-10 1.9304E-10 2.0117E-10 2.0981E-10 2.1795E-10 2.2521E-10 2.3371E-10 2.4144E-10 2.4965E-10 2.5861E-10 2.6705E-10 2.7572E-10 2.8565E-10 2.9482E-10 3.0423E-10 3.1387E-10 3.2375E-10 3.3491E-10 3.4530E-10
4.6142E-11 4.7430E-11 4.8745E-11 5.0089E-11 5.1460E-11 5.2859E-11 5.4287E-11 5.5744E-11 5.7229E-11 5.8744E-11 6.0288E-11 6.1862E-11 6.3466E-11 6.5099E-11 6.6763E-11 6.8456E-11 7.0181E-11 7.1936E-11 7.3721E-11 7.5537E-11 7.7384E-11 7.9604E-11 8.2907E-11 8.6438E-11 9.0087E-11 9.3538E-11 9.7458E-11 1.0150E-10 1.0535E-10 1.0943E-10 1.1443E-10 1.2072E-10 1.2720E-10 1.3367E-10 1.3882E-10 1.4483E-10 1.5316E-10 1.6336E-10 1.7368E-10 1.8363E-10 1.9420E-10 2.0227E-10 2.1070E-10 2.1842E-10 2.2562E-10 2.3379E-10 2.4170E-10 2.4957E-10 2.5868E-10 2.6703E-10 2.7560E-10 2.8440E-10 2.9445E-10 3.0373E-10 3.1323E-10 3.2297E-10 3.3293E-10
4.5239E-11 4.6502E-11 4.7791E-11 4.9108E-11 5.0453E-11 5.1824E-11 5.3224E-11 5.4652E-11 5.6108E-11 5.7593E-11 5.9107E-11 6.0650E-11 6.2221E-11 6.3823E-11 6.5453E-11 6.7114E-11 6.8804E-11 7.0524E-11 7.2274E-11 7.4055E-11 7.5865E-11 7.7706E-11 8.0151E-11 8.3230E-11 8.6767E-11 9.0419E-11 9.4528E-11 9.8338E-11 1.0216E-10 1.0622E-10 1.0974E-10 1.1506E-10 1.2134E-10 1.2784E-10 1.3400E-10 1.3914E-10 1.4539E-10 1.5481E-10 1.6525E-10 1.7525E-10 1.8566E-10 1.9501E-10 2.0331E-10 2.1084E-10 2.1874E-10 2.2588E-10 2.3322E-10 2.4179E-10 2.4958E-10 2.5758E-10 2.6682E-10 2.7528E-10 2.8396E-10 2.9285E-10 3.0300E-10 3.1237E-10 3.2195E-10
4.4345E-11 4.5583E-11 4.6847E-11 4.8137E-11 4.9455E-11 5.0799E-11 5.2171E-11 5.3571E-11 5.4998E-11 5.6453E-11 5.7937E-11 5.9449E-11 6.0989E-11 6.2559E-11 6.4157E-11 6.5784E-11 6.7440E-11 6.9126E-11 7.0842E-11 7.2586E-11 7.4361E-11 7.6165E-11 7.7999E-11 8.0440E-11 8.3846E-11 8.7389E-11 9.1267E-11 9.4822E-11 9.8626E-11 1.0244E-10 1.0649E-10 1.1032E-10 1.1539E-10 1.2253E-10 1.2911E-10 1.3442E-10 1.3979E-10 1.4808E-10 1.5733E-10 1.6604E-10 1.7652E-10 1.8694E-10 1.9508E-10 2.0383E-10 2.1109E-10 2.1818E-10 2.2598E-10 2.3324E-10 2.4121E-10 2.4940E-10 2.5731E-10 2.6541E-10 2.7476E-10 2.8332E-10 2.9208E-10 3.0105E-10 3.1127E-10
4.3460E-11 4.4673E-11 4.5912E-11 4.7176E-11 4.8467E-11 4.9785E-11 5.1129E-11 5.2500E-11 5.3899E-11 5.5325E-11 5.6778E-11 5.8260E-11 5.9769E-11 6.1307E-11 6.2873E-11 6.4467E-11 6.6091E-11 6.7742E-11 6.9423E-11 7.1133E-11 7.2871E-11 7.4639E-11 7.6436E-11 7.8261E-11 8.1034E-11 8.4663E-11 8.7647E-11 9.1524E-11 9.5073E-11 9.8868E-11 1.0267E-10 1.0704E-10 1.1052E-10 1.1590E-10 1.2334E-10 1.2907E-10 1.3460E-10 1.3994E-10 1.4801E-10 1.5812E-10 1.6742E-10 1.7788E-10 1.8803E-10 1.9584E-10 2.0437E-10 2.1119E-10 2.1796E-10 2.2592E-10 2.3310E-10 2.4047E-10 2.4905E-10 2.5685E-10 2.6484E-10 2.7404E-10 2.8247E-10 2.9109E-10 2.9992E-10
4.2584E-11 4.3772E-11 4.4986E-11 4.6225E-11 4.7490E-11 4.8780E-11 5.0097E-11 5.1441E-11 5.2811E-11 5.4208E-11 5.5632E-11 5.7083E-11 5.8562E-11 6.0068E-11 6.1603E-11 6.3165E-11 6.4755E-11 6.6373E-11 6.8019E-11 6.9694E-11 7.1397E-11 7.3128E-11 7.4889E-11 7.6677E-11 7.8494E-11 8.1263E-11 8.4891E-11 8.8095E-11 9.1740E-11 9.5280E-11 9.9384E-11 1.0285E-10 1.0698E-10 1.1100E-10 1.1667E-10 1.2408E-10 1.2989E-10 1.3527E-10 1.4126E-10 1.4990E-10 1.5980E-10 1.6909E-10 1.7856E-10 1.8874E-10 1.9655E-10 2.0367E-10 2.1115E-10 2.1785E-10 2.2472E-10 2.3279E-10 2.4007E-10 2.4754E-10 2.5621E-10 2.6409E-10 2.7215E-10 2.8142E-10 2.8990E-10
4.1717E-11 4.2881E-11 4.4070E-11 4.5283E-11 4.6522E-11 4.7787E-11 4.9077E-11 5.0393E-11 5.1734E-11 5.3103E-11 5.4498E-11 5.5919E-11 5.7368E-11 5.8843E-11 6.0345E-11 6.1875E-11 6.3433E-11 6.5018E-11 6.6630E-11 6.8270E-11 6.9938E-11 7.1634E-11 7.3358E-11 7.5110E-11 7.6889E-11 7.8697E-11 8.1684E-11 8.5084E-11 8.8602E-11 9.2241E-11 9.5774E-11 9.9533E-11 1.0307E-10 1.0709E-10 1.1109E-10 1.1713E-10 1.2445E-10 1.2995E-10 1.3530E-10 1.4208E-10 1.5097E-10 1.6043E-10 1.6936E-10 1.7971E-10 1.8912E-10 1.9674E-10 2.0358E-10 2.1073E-10 2.1758E-10 2.2437E-10 2.3208E-10 2.3950E-10 2.4686E-10 2.5439E-10 2.6314E-10 2.7107E-10 2.7919E-10
4.0860E-11 4.2000E-11 4.3164E-11 4.4352E-11 4.5565E-11 4.6804E-11 4.8067E-11 4.9356E-11 5.0670E-11 5.2010E-11 5.3376E-11 5.4768E-11 5.6186E-11 5.7631E-11 5.9102E-11 6.0600E-11 6.2125E-11 6.3677E-11 6.5256E-11 6.6862E-11 6.8496E-11 7.0156E-11 7.1844E-11 7.3559E-11 7.5302E-11 7.7072E-11 7.8869E-11 8.1849E-11 8.5241E-11 8.8749E-11 9.2376E-11 9.5894E-11 9.9634E-11 1.0315E-10 1.0715E-10 1.1144E-10 1.1715E-10 1.2475E-10 1.2994E-10 1.3501E-10 1.4324E-10 1.5213E-10 1.6097E-10 1.7047E-10 1.8044E-10 1.8907E-10 1.9719E-10 2.0335E-10 2.0967E-10 2.1717E-10 2.2386E-10 2.3073E-10 2.3877E-10 2.4601E-10 2.5343E-10 2.6150E-10 2.6981E-10
4.0012E-11 4.1128E-11 4.2268E-11 4.3432E-11 4.4619E-11 4.5832E-11 4.7068E-11 4.8330E-11 4.9617E-11 5.0929E-11 5.2266E-11 5.3629E-11 5.5018E-11 5.6432E-11 5.7873E-11 5.9339E-11 6.0832E-11 6.2352E-11 6.3897E-11 6.5470E-11 6.7069E-11 6.8695E-11 7.0347E-11 7.2026E-11 7.3732E-11 7.5465E-11 7.7225E-11 7.9011E-11 8.1980E-11 8.5362E-11 8.8630E-11 9.2469E-11 9.5969E-11 9.9687E-11 1.0319E-10 1.0715E-10 1.1141E-10 1.1748E-10 1.2517E-10 1.3024E-10 1.3588E-10 1.4409E-10 1.5307E-10 1.6117E-10 1.7089E-10 1.8086E-10 1.8860E-10 1.9666E-10 2.0298E-10 2.0922E-10 2.1612E-10 2.2320E-10 2.2996E-10 2.3689E-10 2.4499E-10 2.5228E-10 2.5973E-10
3.9174E-11 4.0266E-11 4.1382E-11 4.2521E-11 4.3684E-11 4.4871E-11 4.6081E-11 4.7316E-11 4.8576E-11 4.9860E-11 5.1169E-11 5.2503E-11 5.3862E-11 5.5247E-11 5.6657E-11 5.8093E-11 5.9554E-11 6.1041E-11 6.2554E-11 6.4094E-11 6.5659E-11 6.7250E-11 6.8867E-11 7.0511E-11 7.2181E-11 7.3877E-11 7.5599E-11 7.7347E-11 7.9121E-11 8.2407E-11 8.5447E-11 8.8699E-11 9.2519E-11 9.5999E-11 9.9470E-11 1.0317E-10 1.0687E-10 1.1133E-10 1.1800E-10 1.2533E-10 1.3008E-10 1.3569E-10 1.4447E-10 1.5342E-10 1.6094E-10 1.7112E-10 1.8141E-10 1.8911E-10 1.9552E-10 2.0248E-10 2.0863E-10 2.1494E-10 2.2239E-10 2.2904E-10 2.3585E-10 2.4282E-10 2.5096E-10
3.8261E-11 3.9415E-11 4.0507E-11 4.1622E-11 4.2760E-11 4.3921E-11 4.5106E-11 4.6315E-11 4.7547E-11 4.8804E-11 5.0085E-11 5.1391E-11 5.2721E-11 5.4076E-11 5.5456E-11 5.6861E-11 5.8291E-11 5.9746E-11 6.1227E-11 6.2733E-11 6.4265E-11 6.5822E-11 6.7405E-11 6.9013E-11 7.0647E-11 7.2307E-11 7.3992E-11 7.5703E-11 7.7439E-11 7.9200E-11 8.2472E-11 8.5496E-11 8.8730E-11 9.2528E-11 9.5752E-11 9.9428E-11 1.0310E-10 1.0653E-10 1.1119E-10 1.1814E-10 1.2490E-10 1.2984E-10 1.3591E-10 1.4476E-10 1.5410E-10 1.6214E-10 1.7091E-10 1.8100E-10 1.8865E-10 1.9499E-10 2.0136E-10 2.0790E-10 2.1411E-10 2.2046E-10 2.2797E-10 2.3466E-10 2.4150E-10
3.7445E-11 3.8574E-11 3.9642E-11 4.0733E-11 4.1847E-11 4.2983E-11 4.4142E-11 4.5325E-11 4.6531E-11 4.7761E-11 4.9014E-11 5.0292E-11 5.1593E-11 5.2919E-11 5.4269E-11 5.5644E-11 5.7043E-11 5.8467E-11 5.9916E-11 6.1390E-11 6.2888E-11 6.4412E-11 6.5960E-11 6.7534E-11 6.9132E-11 7.0756E-11 7.2405E-11 7.4078E-11 7.5777E-11 7.7501E-11 7.9249E-11 8.2174E-11 8.5509E-11 8.8721E-11 9.2494E-11 9.5693E-11 9.9338E-11 1.0297E-10 1.0614E-10 1.1099E-10 1.1791E-10 1.2416E-10 1.2992E-10 1.3678E-10 1.4529E-10 1.5432E-10 1.6196E-10 1.7126E-10 1.8068E-10 1.8868E-10 1.9433E-10 2.0012E-10 2.0703E-10 2.1313E-10 2.1938E-10 2.2577E-10 2.3331E-10
