Assets/Resources/2015_m01_d04_1000(utc+0800)_l00_csi_1hr_conc.grd
DSAA
         159         159
     -79.000      79.000
     -79.000      79.000
  0.6537E-10  0.5004E-05
[rows 125 to 149 of 159, columns 0 to 56 of 159]
1.4098E-10 1.4869E-10 1.5557E-10 1.6321E-10 1.7192E-10 1.7993E-10 1.8886E-10 1.9773E-10 2.0703E-10 2.1454E-10 2.2450E-10 2.3246E-10 2.4226E-10 2.5058E-10 2.5955E-10 2.6907E-10 2.7915E-10 2.8923E-10 2.9930E-10 3.1047E-10 3.2133E-10 3.3305E-10 3.4489E-10 3.5735E-10 3.7090E-10 3.8397E-10 3.9849E-10 4.1253E-10 4.2719E-10 4.4221E-10 4.5671E-10 4.8279E-10 5.0315E-10 5.3146E-10 5.5802E-10 5.7825E-10 6.1106E-10 6.4329E-10 6.7903E-10 7.1420E-10 7.5731E-10 8.0230E-10 8.5349E-10 9.0291E-10 9.5740E-10 1.0139E-09 1.0671E-09 1.1146E-09 1.1749E-09 1.2342E-09 1.2881E-09 1.3578E-09 1.4164E-09 1.4859E-09 1.5492E-09 1.6130E-09 1.6809E-09
1.4046E-10 1.4834E-10 1.5480E-10 1.6222E-10 1.7146E-10 1.7787E-10 1.8791E-10 1.9670E-10 2.0576E-10 2.1340E-10 2.2309E-10 2.3159E-10 2.3996E-10 2.4933E-10 2.5767E-10 2.6764E-10 2.7624E-10 2.8683E-10 2.9693E-10 3.0807E-10 3.1872E-10 3.3041E-10 3.4288E-10 3.5489E-10 3.6753E-10 3.8057E-10 3.9394E-10 4.0876E-10 4.2311E-10 4.3807E-10 4.5339E-10 4.6936E-10 4.9450E-10 5.1508E-10 5.4345E-10 5.6158E-10 5.9173E-10 6.2309E-10 6.5313E-10 6.8857E-10 7.2561E-10 7.6834E-10 8.1282E-10 8.5947E-10 9.0800E-10 9.5233E-10 1.0082E-09 1.0660E-09 1.1174E-09 1.1713E-09 1.2320E-09 1.2900E-09 1.3508E-09 1.4153E-09 1.4781E-09 1.5395E-09 1.6010E-09
1.3993E-10 1.4741E-10 1.5421E-10 1.6172E-10 1.7019E-10 1.7712E-10 1.8693E-10 1.9536E-10 2.0425E-10 2.1245E-10 2.2046E-10 2.3007E-10 2.3824E-10 2.4711E-10 2.5610E-10 2.6544E-10 2.7491E-10 2.8460E-10 2.9538E-10 3.0474E-10 3.1693E-10 3.2706E-10 3.3904E-10 3.5179E-10 3.6439E-10 3.7806E-10 3.9128E-10 4.0483E-10 4.2008E-10 4.3376E-10 4.4901E-10 4.6464E-10 4.8092E-10 4.9784E-10 5.2392E-10 5.4666E-10 5.7479E-10 6.0364E-10 6.3288E-10 6.6472E-10 6.9995E-10 7.3655E-10 7.7892E-10 8.1421E-10 8.5622E-10 9.0425E-10 9.5538E-10 1.0102E-09 1.0691E-09 1.1194E-09 1.1747E-09 1.2297E-09 1.2860E-09 1.3449E-09 1.4079E-09 1.4630E-09 1.5308E-09
1.3940E-10 1.4666E-10 1.5322E-10 1.6061E-10 1.6902E-10 1.7618E-10 1.8587E-10 1.9450E-10 2.0291E-10 2.1084E-10 2.1907E-10 2.2871E-10 2.3683E-10 2.4485E-10 2.5490E-10 2.6319E-10 2.7259E-10 2.8208E-10 2.9281E-10 3.0306E-10 3.1433E-10 3.2513E-10 3.3639E-10 3.4855E-10 3.6079E-10 3.7367E-10 3.8763E-10 4.0113E-10 4.1605E-10 4.3052E-10 4.4446E-10 4.6102E-10 4.7594E-10 4.9251E-10 5.0972E-10 5.3579E-10 5.5863E-10 5.8671E-10 6.1546E-10 6.4455E-10 6.7613E-10 7.1106E-10 7.3634E-10 7.7534E-10 8.1714E-10 8.6329E-10 9.1029E-10 9.6266E-10 1.0124E-09 1.0675E-09 1.1168E-09 1.1676E-09 1.2212E-09 1.2785E-09 1.3352E-09 1.3968E-09 1.4578E-09
1.3836E-10 1.4589E-10 1.5260E-10 1.5995E-10 1.6792E-10 1.7501E-10 1.8466E-10 1.9302E-10 2.0118E-10 2.0937E-10 2.1746E-10 2.2641E-10 2.3536E-10 2.4352E-10 2.5233E-10 2.6166E-10 2.7096E-10 2.8057E-10 2.8956E-10 3.0131E-10 3.1083E-10 3.2237E-10 3.3342E-10 3.4552E-10 3.5737E-10 3.7110E-10 3.8384E-10 3.9727E-10 4.1187E-10 4.2626E-10 4.4101E-10 4.5635E-10 4.7208E-10 4.8728E-10 5.0413E-10 5.2161E-10 5.4765E-10 5.7057E-10 5.9856E-10 6.1920E-10 6.4734E-10 6.7863E-10 7.1098E-10 7.4519E-10 7.8568E-10 8.2469E-10 8.6838E-10 9.1446E-10 9.6086E-10 1.0137E-09 1.0573E-09 1.1132E-09 1.1626E-09 1.2194E-09 1.2685E-09 1.3326E-09 1.3830E-09
1.3756E-10 1.4497E-10 1.5153E-10 1.5858E-10 1.6698E-10 1.7373E-10 1.8363E-10 1.9170E-10 1.9956E-10 2.0768E-10 2.1593E-10 2.2481E-10 2.3339E-10 2.4194E-10 2.5032E-10 2.5939E-10 2.6854E-10 2.7808E-10 2.8793E-10 2.9856E-10 3.0894E-10 3.1919E-10 3.3126E-10 3.4179E-10 3.5416E-10 3.6626E-10 3.8027E-10 3.9328E-10 4.0791E-10 4.2186E-10 4.3651E-10 4.5154E-10 4.6717E-10 4.8317E-10 4.9980E-10 5.1576E-10 5.3350E-10 5.5169E-10 5.7863E-10 6.0225E-10 6.3114E-10 6.5908E-10 6.9012E-10 7.2209E-10 7.5583E-10 7.8972E-10 8.2069E-10 8.6175E-10 9.0808E-10 9.5623E-10 1.0065E-09 1.0556E-09 1.1120E-09 1.1579E-09 1.2100E-09 1.2598E-09 1.3202E-09
1.3698E-10 1.4355E-10 1.5049E-10 1.5788E-10 1.6604E-10 1.7249E-10 1.8170E-10 1.9057E-10 1.9775E-10 2.0641E-10 2.1413E-10 2.2339E-10 2.3161E-10 2.4053E-10 2.4863E-10 2.5731E-10 2.6685E-10 2.7552E-10 2.8529E-10 2.9515E-10 3.0626E-10 3.1666E-10 3.2831E-10 3.3948E-10 3.5080E-10 3.6366E-10 3.7625E-10 3.8950E-10 4.0277E-10 4.1768E-10 4.3189E-10 4.4779E-10 4.6211E-10 4.7800E-10 4.9428E-10 5.1117E-10 5.2738E-10 5.4657E-10 5.6381E-10 5.9062E-10 6.1427E-10 6.4296E-10 6.6310E-10 6.9306E-10 7.2327E-10 7.5568E-10 7.9142E-10 8.3016E-10 8.7047E-10 9.1223E-10 9.5748E-10 1.0016E-09 1.0532E-09 1.0980E-09 1.1524E-09 1.1967E-09 1.2555E-09
1.3621E-10 1.4269E-10 1.4939E-10 1.5697E-10 1.6490E-10 1.7147E-10 1.8000E-10 1.8900E-10 1.9661E-10 2.0512E-10 2.1244E-10 2.2138E-10 2.2986E-10 2.3774E-10 2.4690E-10 2.5523E-10 2.6442E-10 2.7370E-10 2.8358E-10 2.9333E-10 3.0296E-10 3.1382E-10 3.2445E-10 3.3635E-10 3.4776E-10 3.6022E-10 3.7243E-10 3.8558E-10 3.9959E-10 4.1336E-10 4.2831E-10 4.4195E-10 4.5813E-10 4.7270E-10 4.8985E-10 5.0538E-10 5.2252E-10 5.3897E-10 5.5841E-10 5.7589E-10 5.9518E-10 6.2259E-10 6.4702E-10 6.7492E-10 6.9953E-10 7.3436E-10 7.6251E-10 7.9963E-10 8.2767E-10 8.6624E-10 9.0742E-10 9.5233E-10 9.9671E-10 1.0432E-09 1.0947E-09 1.1426E-09 1.1873E-09
1.3571E-10 1.4174E-10 1.4852E-10 1.5593E-10 1.6360E-10 1.7055E-10 1.7884E-10 1.8737E-10 1.9498E-10 2.0319E-10 2.1105E-10 2.1912E-10 2.2810E-10 2.3648E-10 2.4485E-10 2.5338E-10 2.6193E-10 2.7113E-10 2.8063E-10 2.9053E-10 3.0050E-10 3.1087E-10 3.2220E-10 3.3281E-10 3.4445E-10 3.5609E-10 3.6880E-10 3.8126E-10 3.9557E-10 4.0893E-10 4.2294E-10 4.3816E-10 4.5204E-10 4.6848E-10 4.8328E-10 5.0070E-10 5.1646E-10 5.3384E-10 5.5053E-10 5.7020E-10 5.8789E-10 6.0864E-10 6.3459E-10 6.5541E-10 6.7901E-10 7.0730E-10 7.3733E-10 7.6749E-10 7.9756E-10 8.3714E-10 8.6759E-10 9.1159E-10 9.4344E-10 9.8669E-10 1.0311E-09 1.0773E-09 1.1287E-09
1.3502E-10 1.4089E-10 1.4727E-10 1.5481E-10 1.6175E-10 1.6931E-10 1.7723E-10 1.8601E-10 1.9361E-10 2.0153E-10 2.0923E-10 2.1749E-10 2.2583E-10 2.3439E-10 2.4261E-10 2.5169E-10 2.5994E-10 2.6898E-10 2.7793E-10 2.8813E-10 2.9755E-10 3.0774E-10 3.1834E-10 3.2990E-10 3.4103E-10 3.5338E-10 3.6505E-10 3.7822E-10 3.9013E-10 4.0469E-10 4.1830E-10 4.3349E-10 4.4802E-10 4.6214E-10 4.7882E-10 4.9386E-10 5.1152E-10 5.2751E-10 5.4512E-10 5.6202E-10 5.8190E-10 5.9980E-10 6.2075E-10 6.3962E-10 6.6596E-10 6.8736E-10 7.1137E-10 7.4147E-10 7.7033E-10 8.0230E-10 8.3111E-10 8.7229E-10 9.0140E-10 9.4696E-10 9.7727E-10 1.0224E-09 1.0644E-09
1.3398E-10 1.3993E-10 1.4605E-10 1.5380E-10 1.6092E-10 1.6842E-10 1.7591E-10 1.8427E-10 1.9174E-10 1.9964E-10 2.0757E-10 2.1544E-10 2.2421E-10 2.3287E-10 2.4080E-10 2.4905E-10 2.5792E-10 2.6638E-10 2.7591E-10 2.8551E-10 2.9523E-10 3.0485E-10 3.1577E-10 3.2671E-10 3.3790E-10 3.4901E-10 3.6159E-10 3.7349E-10 3.8690E-10 3.9935E-10 4.1465E-10 4.2768E-10 4.4312E-10 4.5789E-10 4.7332E-10 4.8915E-10 5.0441E-10 5.2230E-10 5.3850E-10 5.5633E-10 5.7343E-10 5.9351E-10 6.1158E-10 6.3133E-10 6.5168E-10 6.7107E-10 6.9915E-10 7.1964E-10 7.4548E-10 7.7435E-10 8.0490E-10 8.3551E-10 8.6797E-10 9.0398E-10 9.3673E-10 9.8004E-10 1.0103E-09
1.3302E-10 1.3924E-10 1.4548E-10 1.5252E-10 1.5882E-10 1.6667E-10 1.7476E-10 1.8250E-10 1.9063E-10 1.9793E-10 2.0611E-10 2.1307E-10 2.2218E-10 2.3007E-10 2.3875E-10 2.4690E-10 2.5582E-10 2.6445E-10 2.7312E-10 2.8265E-10 2.9223E-10 3.0245E-10 3.1273E-10 3.2342E-10 3.3429E-10 3.4596E-10 3.5703E-10 3.6984E-10 3.8197E-10 3.9561E-10 4.0828E-10 4.2383E-10 4.3708E-10 4.5357E-10 4.6774E-10 4.8437E-10 4.9944E-10 5.1491E-10 5.3302E-10 5.4943E-10 5.6745E-10 5.8475E-10 6.0368E-10 6.2319E-10 6.4305E-10 6.6349E-10 6.8298E-10 7.0429E-10 7.3119E-10 7.5357E-10 7.7823E-10 8.0873E-10 8.3475E-10 8.6849E-10 8.9946E-10 9.3677E-10 9.6724E-10
1.3193E-10 1.3836E-10 1.4455E-10 1.5135E-10 1.5798E-10 1.6525E-10 1.7329E-10 1.8094E-10 1.8868E-10 1.9584E-10 2.0399E-10 2.1171E-10 2.2037E-10 2.2831E-10 2.3642E-10 2.4514E-10 2.5287E-10 2.6200E-10 2.7083E-10 2.8018E-10 2.8944E-10 2.9969E-10 3.0966E-10 3.2017E-10 3.3084E-10 3.4267E-10 3.5410E-10 3.6595E-10 3.7839E-10 3.9047E-10 4.0434E-10 4.1723E-10 4.3300E-10 4.4647E-10 4.6319E-10 4.7757E-10 4.9442E-10 5.0968E-10 5.2636E-10 5.4367E-10 5.6027E-10 5.7847E-10 5.9591E-10 6.1498E-10 6.3457E-10 6.5454E-10 6.7504E-10 6.9461E-10 7.1594E-10 7.3629E-10 7.5845E-10 7.8608E-10 8.1096E-10 8.4148E-10 8.6758E-10 9.0450E-10 9.2854E-10
1.3103E-10 1.3709E-10 1.4284E-10 1.4967E-10 1.5628E-10 1.6382E-10 1.7192E-10 1.7969E-10 1.8717E-10 1.9438E-10 2.0196E-10 2.0941E-10 2.1742E-10 2.2633E-10 2.3415E-10 2.4271E-10 2.5119E-10 2.5955E-10 2.6873E-10 2.7728E-10 2.8662E-10 2.9607E-10 3.0679E-10 3.1671E-10 3.2790E-10 3.3829E-10 3.5057E-10 3.6198E-10 3.7481E-10 3.8700E-10 3.9898E-10 4.1308E-10 4.2618E-10 4.4217E-10 4.5584E-10 4.7278E-10 4.8735E-10 5.0440E-10 5.1987E-10 5.3674E-10 5.5423E-10 5.7098E-10 5.8932E-10 6.0689E-10 6.2606E-10 6.4572E-10 6.6577E-10 6.8631E-10 7.0592E-10 7.2590E-10 7.4764E-10 7.6838E-10 7.9090E-10 8.1851E-10 8.4199E-10 8.6741E-10 8.9845E-10
1.3004E-10 1.3605E-10 1.4225E-10 1.4829E-10 1.5504E-10 1.6257E-10 1.7049E-10 1.7773E-10 1.8505E-10 1.9256E-10 1.9992E-10 2.0782E-10 2.1573E-10 2.2392E-10 2.3264E-10 2.4007E-10 2.4867E-10 2.5711E-10 2.6588E-10 2.7504E-10 2.8423E-10 2.9381E-10 3.0296E-10 3.1389E-10 3.2378E-10 3.3518E-10 3.4577E-10 3.5853E-10 3.6988E-10 3.8292E-10 3.9532E-10 4.0840E-10 4.2212E-10 4.3511E-10 4.5131E-10 4.6517E-10 4.8231E-10 4.9708E-10 5.1323E-10 5.2996E-10 5.4702E-10 5.6464E-10 5.8153E-10 5.9998E-10 6.1765E-10 6.3691E-10 6.5660E-10 6.7672E-10 6.9597E-10 7.1691E-10 7.3690E-10 7.5863E-10 7.7933E-10 8.0178E-10 8.2317E-10 8.4635E-10 8.6844E-10
1.2929E-10 1.3476E-10 1.4070E-10 1.4715E-10 1.5382E-10 1.6071E-10 1.6844E-10 1.7635E-10 1.8356E-10 1.9062E-10 1.9807E-10 2.0560E-10 2.1310E-10 2.2157E-10 2.3013E-10 2.3805E-10 2.4607E-10 2.5507E-10 2.6329E-10 2.7229E-10 2.8119E-10 2.9057E-10 3.0034E-10 3.1014E-10 3.2109E-10 3.3088E-10 3.4249E-10 3.5328E-10 3.6624E-10 3.7779E-10 3.9130E-10 4.0363E-10 4.1770E-10 4.3083E-10 4.4402E-10 4.6041E-10 4.7446E-10 4.9179E-10 5.0674E-10 5.2306E-10 5.3996E-10 5.5714E-10 5.7489E-10 5.9187E-10 6.1042E-10 6.2817E-10 6.4750E-10 6.6600E-10 6.8735E-10 7.0664E-10 7.2756E-10 7.4755E-10 7.6917E-10 7.8985E-10 8.1081E-10 8.3351E-10 8.5516E-10
1.2806E-10 1.3388E-10 1.3939E-10 1.4582E-10 1.5218E-10 1.5955E-10 1.6684E-10 1.7437E-10 1.8125E-10 1.8897E-10 1.9583E-10 2.0365E-10 2.1156E-10 2.1960E-10 2.2758E-10 2.3580E-10 2.4371E-10 2.5216E-10 2.6092E-10 2.6932E-10 2.7872E-10 2.8780E-10 2.9762E-10 3.0712E-10 3.1760E-10 3.2803E-10 3.3848E-10 3.5011E-10 3.6104E-10 3.7396E-10 3.8570E-10 3.9941E-10 4.1194E-10 4.2620E-10 4.3952E-10 4.5289E-10 4.6946E-10 4.8369E-10 5.0014E-10 5.1631E-10 5.3278E-10 5.4979E-10 5.6709E-10 5.8492E-10 6.0200E-10 6.2061E-10 6.3843E-10 6.5779E-10 6.7634E-10 6.9640E-10 7.1696E-10 7.3656E-10 7.5776E-10 7.7802E-10 7.9989E-10 8.2080E-10 8.4339E-10
1.2705E-10 1.3289E-10 1.3811E-10 1.4442E-10 1.5126E-10 1.5833E-10 1.6529E-10 1.7273E-10 1.8006E-10 1.8750E-10 1.9408E-10 2.0134E-10 2.0923E-10 2.1663E-10 2.2543E-10 2.3312E-10 2.4155E-10 2.4985E-10 2.5827E-10 2.6681E-10 2.7563E-10 2.8477E-10 2.9425E-10 3.0403E-10 3.1371E-10 3.2486E-10 3.3500E-10 3.4564E-10 3.5746E-10 3.6857E-10 3.8168E-10 3.9360E-10 4.0751E-10 4.2021E-10 4.3466E-10 4.4816E-10 4.6252E-10 4.7742E-10 4.9284E-10 5.0946E-10 5.2574E-10 5.4234E-10 5.5943E-10 5.7683E-10 5.9473E-10 6.1188E-10 6.3054E-10 6.4839E-10 6.6657E-10 6.8632E-10 7.0521E-10 7.2687E-10 7.4645E-10 7.6753E-10 7.8773E-10 8.0949E-10 8.3033E-10
1.2618E-10 1.3151E-10 1.3706E-10 1.4331E-10 1.4977E-10 1.5614E-10 1.6381E-10 1.7106E-10 1.7815E-10 1.8526E-10 1.9227E-10 1.9956E-10 2.0678E-10 2.1498E-10 2.2326E-10 2.3085E-10 2.3874E-10 2.4715E-10 2.5523E-10 2.6424E-10 2.7295E-10 2.8195E-10 2.9127E-10 3.0094E-10 3.1046E-10 3.2054E-10 3.3166E-10 3.4197E-10 3.5306E-10 3.6480E-10 3.7610E-10 3.8968E-10 4.0149E-10 4.1557E-10 4.2845E-10 4.4218E-10 4.5674E-10 4.7127E-10 4.8634E-10 5.0190E-10 5.1862E-10 5.3502E-10 5.5169E-10 5.6888E-10 5.8633E-10 6.0430E-10 6.2148E-10 6.3899E-10 6.5804E-10 6.7624E-10 6.9598E-10 7.1482E-10 7.3524E-10 7.5589E-10 7.7568E-10 7.9699E-10 8.1741E-10
1.2529E-10 1.3067E-10 1.3536E-10 1.4196E-10 1.4835E-10 1.5500E-10 1.6225E-10 1.6941E-10 1.7651E-10 1.8338E-10 1.9000E-10 1.9718E-10 2.0501E-10 2.1240E-10 2.2055E-10 2.2856E-10 2.3654E-10 2.4464E-10 2.5300E-10 2.6126E-10 2.7007E-10 2.7871E-10 2.8809E-10 2.9764E-10 3.0744E-10 3.1713E-10 3.2741E-10 3.3846E-10 3.4918E-10 3.6022E-10 3.7214E-10 3.8387E-10 3.9737E-10 4.0934E-10 4.2390E-10 4.3664E-10 4.5053E-10 4.6525E-10 4.7994E-10 4.9514E-10 5.1079E-10 5.2763E-10 5.4409E-10 5.6085E-10 5.7808E-10 5.9560E-10 6.1246E-10 6.3080E-10 6.4832E-10 6.6737E-10 6.8554E-10 7.0523E-10 7.2403E-10 7.4436E-10 7.6490E-10 7.8463E-10 8.0464E-10
1.2361E-10 1.2904E-10 1.3439E-10 1.4022E-10 1.4654E-10 1.5347E-10 1.6066E-10 1.6693E-10 1.7435E-10 1.8119E-10 1.8860E-10 1.9519E-10 2.0271E-10 2.1032E-10 2.1823E-10 2.2568E-10 2.3393E-10 2.4188E-10 2.5036E-10 2.5849E-10 2.6734E-10 2.7610E-10 2.8512E-10 2.9450E-10 3.0376E-10 3.1373E-10 3.2359E-10 3.3426E-10 3.4527E-10 3.5640E-10 3.6736E-10 3.7945E-10 3.9135E-10 4.0501E-10 4.1742E-10 4.3099E-10 4.4477E-10 4.5881E-10 4.7368E-10 4.8849E-10 5.0380E-10 5.1952E-10 5.3645E-10 5.5193E-10 5.6978E-10 5.8598E-10 6.0357E-10 6.2148E-10 6.3980E-10 6.5735E-10 6.7632E-10 6.9447E-10 7.1408E-10 7.3282E-10 7.5183E-10 7.7240E-10 7.9312E-10
1.2273E-10 1.2811E-10 1.3325E-10 1.3950E-10 1.4558E-10 1.5138E-10 1.5909E-10 1.6545E-10 1.7260E-10 1.7912E-10 1.8629E-10 1.9312E-10 2.0015E-10 2.0774E-10 2.1533E-10 2.2337E-10 2.3131E-10 2.3935E-10 2.4726E-10 2.5571E-10 2.6400E-10 2.7303E-10 2.8195E-10 2.9115E-10 3.0067E-10 3.1032E-10 3.2003E-10 3.3005E-10 3.4089E-10 3.5206E-10 3.6336E-10 3.7449E-10 3.8698E-10 3.9880E-10 4.1261E-10 4.2517E-10 4.3890E-10 4.5282E-10 4.6699E-10 4.8197E-10 4.9689E-10 5.1228E-10 5.2710E-10 5.4506E-10 5.6060E-10 5.7847E-10 5.9470E-10 6.1229E-10 6.3021E-10 6.4849E-10 6.6600E-10 6.8379E-10 7.0300E-10 7.2136E-10 7.4120E-10 7.6014E-10 7.8059E-10
1.2152E-10 1.2664E-10 1.3216E-10 1.3794E-10 1.4443E-10 1.4998E-10 1.5688E-10 1.6361E-10 1.7111E-10 1.7760E-10 1.8437E-10 1.9117E-10 1.9803E-10 2.0532E-10 2.1281E-10 2.2072E-10 2.2869E-10 2.3660E-10 2.4480E-10 2.5268E-10 2.6129E-10 2.6974E-10 2.7893E-10 2.8780E-10 2.9718E-10 3.0665E-10 3.1646E-10 3.2679E-10 3.3673E-10 3.4751E-10 3.5884E-10 3.7029E-10 3.8158E-10 3.9422E-10 4.0620E-10 4.1931E-10 4.3286E-10 4.4673E-10 4.6076E-10 4.7504E-10 4.9011E-10 5.0512E-10 5.2059E-10 5.3546E-10 5.5345E-10 5.6903E-10 5.8591E-10 6.0313E-10 6.1968E-10 6.3859E-10 6.5576E-10 6.7428E-10 6.9201E-10 7.1113E-10 7.2943E-10 7.4915E-10 7.6800E-10
1.2069E-10 1.2599E-10 1.3115E-10 1.3625E-10 1.4223E-10 1.4813E-10 1.5527E-10 1.6201E-10 1.6935E-10 1.7589E-10 1.8193E-10 1.8864E-10 1.9586E-10 2.0341E-10 2.1060E-10 2.1808E-10 2.2625E-10 2.3404E-10 2.4173E-10 2.4989E-10 2.5814E-10 2.6689E-10 2.7530E-10 2.8444E-10 2.9367E-10 3.0321E-10 3.1263E-10 3.2304E-10 3.3308E-10 3.4317E-10 3.5411E-10 3.6509E-10 3.7719E-10 3.8862E-10 4.0141E-10 4.1353E-10 4.2678E-10 4.4046E-10 4.5444E-10 4.6857E-10 4.8293E-10 4.9808E-10 5.1234E-10 5.2868E-10 5.4360E-10 5.5968E-10 5.7719E-10 5.9308E-10 6.1127E-10 6.2778E-10 6.4663E-10 6.6374E-10 6.8217E-10 6.9984E-10 7.1885E-10 7.3707E-10 7.5554E-10
1.1979E-10 1.2423E-10 1.2938E-10 1.3487E-10 1.4094E-10 1.4667E-10 1.5379E-10 1.6048E-10 1.6656E-10 1.7342E-10 1.8032E-10 1.8693E-10 1.9354E-10 2.0079E-10 2.0802E-10 2.1543E-10 2.2328E-10 2.3109E-10 2.3923E-10 2.4728E-10 2.5520E-10 2.6339E-10 2.7231E-10 2.8087E-10 2.9016E-10 2.9934E-10 3.0902E-10 3.1880E-10 3.2916E-10 3.3934E-10 3.4981E-10 3.6067E-10 3.7180E-10 3.8404E-10 3.9561E-10 4.0854E-10 4.2079E-10 4.3416E-10 4.4793E-10 4.6201E-10 4.7621E-10 4.9066E-10 5.0497E-10 5.2018E-10 5.3563E-10 5.5150E-10 5.6760E-10 5.8507E-10 6.0096E-10 6.1907E-10 6.3555E-10 6.5330E-10 6.7135E-10 6.8866E-10 7.0727E-10 7.2512E-10 7.4429E-10
