Assets/Resources/2015_m01_d05_1300(utc+0800)_l00_csi_1hr_conc.grd
DSAA
         159         159
     -79.000      79.000
     -79.000      79.000
  0.9915E-10  0.1175E-04
[rows 125 to 149 of 159, columns 0 to 56 of 159]
1.9035E-09 1.9294E-09 1.9544E-09 1.9783E-09 2.0008E-09 2.0216E-09 2.0405E-09 2.0571E-09 2.0709E-09 2.0817E-09 2.0899E-09 2.0946E-09 2.0966E-09 2.0950E-09 2.0908E-09 2.0841E-09 2.0749E-09 2.0632E-09 2.0486E-09 2.0313E-09 2.0112E-09 1.9881E-09 1.9620E-09 1.9330E-09 1.9011E-09 1.8662E-09 1.8285E-09 1.7880E-09 1.7449E-09 1.6993E-09 1.6514E-09 1.6014E-09 1.5497E-09 1.4965E-09 1.4421E-09 1.3869E-09 1.3203E-09 1.2509E-09 1.1831E-09 1.1113E-09 1.0419E-09 9.8048E-10 9.2305E-10 8.4854E-10 7.9679E-10 7.7467E-10 7.4552E-10 7.2646E-10 6.9418E-10 6.6268E-10 6.4368E-10 6.1758E-10 5.8854E-10 5.6349E-10 5.5627E-10 5.5578E-10 5.5514E-10
1.8346E-09 1.8590E-09 1.8826E-09 1.9052E-09 1.9262E-09 1.9456E-09 1.9632E-09 1.9785E-09 1.9910E-09 2.0005E-09 2.0072E-09 2.0106E-09 2.0113E-09 2.0084E-09 2.0028E-09 1.9949E-09 1.9846E-09 1.9718E-09 1.9564E-09 1.9383E-09 1.9176E-09 1.8941E-09 1.8679E-09 1.8390E-09 1.8073E-09 1.7730E-09 1.7360E-09 1.6966E-09 1.6548E-09 1.6107E-09 1.5647E-09 1.5169E-09 1.4676E-09 1.4171E-09 1.3656E-09 1.3136E-09 1.2360E-09 1.1774E-09 1.1066E-09 1.0404E-09 9.8629E-10 9.3149E-10 8.6560E-10 7.9308E-10 7.7103E-10 7.4416E-10 7.2495E-10 6.9778E-10 6.6741E-10 6.4654E-10 6.2712E-10 5.9352E-10 5.7056E-10 5.5178E-10 5.5141E-10 5.5090E-10 5.5023E-10
1.7680E-09 1.7910E-09 1.8133E-09 1.8344E-09 1.8541E-09 1.8723E-09 1.8885E-09 1.9026E-09 1.9140E-09 1.9223E-09 1.9277E-09 1.9299E-09 1.9293E-09 1.9254E-09 1.9186E-09 1.9096E-09 1.8983E-09 1.8846E-09 1.8685E-09 1.8499E-09 1.8288E-09 1.8051E-09 1.7788E-09 1.7501E-09 1.7188E-09 1.6851E-09 1.6490E-09 1.6107E-09 1.5702E-09 1.5278E-09 1.4837E-09 1.4381E-09 1.3911E-09 1.3432E-09 1.2946E-09 1.2197E-09 1.1674E-09 1.1028E-09 1.0499E-09 9.8554E-10 9.3320E-10 8.7948E-10 7.8862E-10 7.6828E-10 7.4607E-10 7.2196E-10 7.0479E-10 6.7340E-10 6.4622E-10 6.2881E-10 6.0448E-10 5.7728E-10 5.5182E-10 5.4694E-10 5.4654E-10 5.4600E-10 5.4531E-10
1.6787E-09 1.7177E-09 1.7462E-09 1.7660E-09 1.7846E-09 1.8015E-09 1.8165E-09 1.8295E-09 1.8398E-09 1.8470E-09 1.8512E-09 1.8524E-09 1.8508E-09 1.8460E-09 1.8381E-09 1.8281E-09 1.8159E-09 1.8016E-09 1.7849E-09 1.7658E-09 1.7444E-09 1.7206E-09 1.6945E-09 1.6660E-09 1.6352E-09 1.6023E-09 1.5671E-09 1.5300E-09 1.4909E-09 1.4502E-09 1.4080E-09 1.3644E-09 1.3199E-09 1.2745E-09 1.2220E-09 1.1596E-09 1.1078E-09 1.0415E-09 9.8552E-10 9.2615E-10 8.7676E-10 8.2319E-10 7.6410E-10 7.4422E-10 7.1998E-10 7.0265E-10 6.7876E-10 6.4643E-10 6.3084E-10 6.1300E-10 5.8150E-10 5.6002E-10 5.4236E-10 5.4207E-10 5.4165E-10 5.4108E-10 5.4036E-10
1.5571E-09 1.6042E-09 1.6225E-09 1.6750E-09 1.7099E-09 1.7332E-09 1.7471E-09 1.7590E-09 1.7683E-09 1.7745E-09 1.7778E-09 1.7781E-09 1.7754E-09 1.7699E-09 1.7611E-09 1.7503E-09 1.7374E-09 1.7225E-09 1.7053E-09 1.6860E-09 1.6644E-09 1.6407E-09 1.6147E-09 1.5866E-09 1.5565E-09 1.5243E-09 1.4901E-09 1.4542E-09 1.4166E-09 1.3776E-09 1.3372E-09 1.2958E-09 1.2535E-09 1.2106E-09 1.1440E-09 1.0946E-09 1.0371E-09 9.8772E-10 9.3562E-10 8.8899E-10 8.3651E-10 7.5926E-10 7.4098E-10 7.1664E-10 6.9914E-10 6.7730E-10 6.5325E-10 6.2993E-10 6.1227E-10 5.9136E-10 5.6595E-10 5.4205E-10 5.3751E-10 5.3719E-10 5.3674E-10 5.3614E-10 5.3540E-10
1.4445E-09 1.4667E-09 1.5360E-09 1.5694E-09 1.5947E-09 1.6081E-09 1.6447E-09 1.6837E-09 1.6919E-09 1.7048E-09 1.7073E-09 1.7068E-09 1.7033E-09 1.6971E-09 1.6875E-09 1.6760E-09 1.6626E-09 1.6472E-09 1.6297E-09 1.6101E-09 1.5886E-09 1.5649E-09 1.5393E-09 1.5117E-09 1.4822E-09 1.4508E-09 1.4178E-09 1.3831E-09 1.3470E-09 1.3096E-09 1.2711E-09 1.2317E-09 1.1917E-09 1.1275E-09 1.0867E-09 1.0285E-09 9.8462E-10 9.2820E-10 8.8165E-10 8.3756E-10 7.6594E-10 7.3642E-10 7.1849E-10 6.9664E-10 6.8101E-10 6.5685E-10 6.2862E-10 6.1362E-10 5.9893E-10 5.6776E-10 5.4941E-10 5.3286E-10 5.3264E-10 5.3230E-10 5.3181E-10 5.3119E-10 5.3043E-10
1.2926E-09 1.3546E-09 1.3845E-09 1.4369E-09 1.4916E-09 1.5101E-09 1.5489E-09 1.5576E-09 1.5744E-09 1.5955E-09 1.6220E-09 1.6310E-09 1.6268E-09 1.6275E-09 1.6173E-09 1.6052E-09 1.5913E-09 1.5755E-09 1.5578E-09 1.5382E-09 1.5167E-09 1.4933E-09 1.4680E-09 1.4410E-09 1.4122E-09 1.3818E-09 1.3498E-09 1.3164E-09 1.2818E-09 1.2461E-09 1.2094E-09 1.1720E-09 1.1311E-09 1.0749E-09 1.0311E-09 9.7406E-10 9.2580E-10 8.7411E-10 8.3192E-10 7.8415E-10 7.3061E-10 7.1486E-10 6.9289E-10 6.7707E-10 6.5656E-10 6.3372E-10 6.1388E-10 5.9771E-10 5.7483E-10 5.5079E-10 5.3221E-10 5.2801E-10 5.2776E-10 5.2739E-10 5.2687E-10 5.2623E-10 5.2544E-10
1.2203E-09 1.2481E-09 1.2590E-09 1.2839E-09 1.3328E-09 1.3683E-09 1.3989E-09 1.4649E-09 1.4769E-09 1.4979E-09 1.4982E-09 1.5058E-09 1.5007E-09 1.5111E-09 1.5345E-09 1.5223E-09 1.5084E-09 1.5011E-09 1.4834E-09 1.4640E-09 1.4486E-09 1.4255E-09 1.4007E-09 1.3743E-09 1.3463E-09 1.3168E-09 1.2860E-09 1.2539E-09 1.2207E-09 1.1867E-09 1.1518E-09 1.1164E-09 1.0592E-09 1.0175E-09 9.6595E-10 9.2954E-10 8.8175E-10 8.4018E-10 7.9413E-10 7.2571E-10 7.1002E-10 6.8793E-10 6.7415E-10 6.5417E-10 6.3498E-10 6.1211E-10 5.9680E-10 5.8167E-10 5.5587E-10 5.3876E-10 5.2329E-10 5.2315E-10 5.2287E-10 5.2246E-10 5.2193E-10 5.2125E-10 5.2044E-10
1.0915E-09 1.1157E-09 1.1521E-09 1.2009E-09 1.2356E-09 1.2475E-09 1.2531E-09 1.2835E-09 1.3267E-09 1.3375E-09 1.3595E-09 1.4068E-09 1.4013E-09 1.4261E-09 1.4163E-09 1.4048E-09 1.3917E-09 1.3772E-09 1.3611E-09 1.3576E-09 1.3526E-09 1.3367E-09 1.3136E-09 1.2890E-09 1.2631E-09 1.2358E-09 1.2074E-09 1.1779E-09 1.1475E-09 1.1163E-09 1.0845E-09 1.0333E-09 1.0030E-09 9.5349E-10 9.1970E-10 8.7230E-10 8.2971E-10 7.9231E-10 7.4140E-10 7.0404E-10 6.8991E-10 6.7008E-10 6.5577E-10 6.3721E-10 6.1253E-10 5.9717E-10 5.8234E-10 5.6203E-10 5.3966E-10 5.1850E-10 5.1845E-10 5.1827E-10 5.1797E-10 5.1753E-10 5.1697E-10 5.1627E-10 5.1543E-10
9.8641E-10 1.0068E-09 1.0283E-09 1.0812E-09 1.0869E-09 1.1543E-09 1.1803E-09 1.2006E-09 1.2032E-09 1.2179E-09 1.2162E-09 1.2293E-09 1.2552E-09 1.2480E-09 1.2599E-09 1.2928E-09 1.3011E-09 1.2873E-09 1.2881E-09 1.2765E-09 1.2582E-09 1.2384E-09 1.2174E-09 1.1952E-09 1.1717E-09 1.1472E-09 1.1217E-09 1.0953E-09 1.0682E-09 1.0404E-09 1.0065E-09 9.7058E-10 9.3582E-10 8.9164E-10 8.5188E-10 8.1682E-10 7.8525E-10 7.4529E-10 6.9896E-10 6.8486E-10 6.6489E-10 6.5181E-10 6.3444E-10 6.1698E-10 5.9505E-10 5.8045E-10 5.6802E-10 5.4251E-10 5.2294E-10 5.1368E-10 5.1360E-10 5.1339E-10 5.1305E-10 5.1259E-10 5.1200E-10 5.1127E-10 5.1041E-10
8.9812E-10 9.4089E-10 9.6167E-10 9.7591E-10 9.8458E-10 1.0123E-09 1.0372E-09 1.0635E-09 1.0708E-09 1.1206E-09 1.1313E-09 1.1453E-09 1.1527E-09 1.1511E-09 1.1435E-09 1.1349E-09 1.1252E-09 1.1145E-09 1.1294E-09 1.1268E-09 1.1120E-09 1.1248E-09 1.1070E-09 1.0881E-09 1.0731E-09 1.0522E-09 1.0306E-09 1.0081E-09 9.8506E-10 9.6147E-10 9.2697E-10 9.0134E-10 8.6997E-10 8.4516E-10 8.0652E-10 7.7895E-10 7.3594E-10 6.9067E-10 6.7676E-10 6.6000E-10 6.4818E-10 6.2985E-10 6.1422E-10 5.9428E-10 5.8029E-10 5.6820E-10 5.4461E-10 5.2509E-10 5.0885E-10 5.0885E-10 5.0874E-10 5.0850E-10 5.0813E-10 5.0764E-10 5.0702E-10 5.0627E-10 5.0539E-10
8.2405E-10 8.4188E-10 8.4511E-10 8.7324E-10 9.2820E-10 9.3082E-10 9.4892E-10 9.5508E-10 9.6433E-10 9.6450E-10 9.9295E-10 1.0038E-09 1.0188E-09 1.0464E-09 1.0663E-09 1.0584E-09 1.0495E-09 1.0639E-09 1.0527E-09 1.0405E-09 1.0275E-09 1.0136E-09 9.9877E-10 9.8318E-10 9.6682E-10 9.4976E-10 9.3205E-10 9.1378E-10 8.9503E-10 8.6933E-10 8.4803E-10 8.1606E-10 7.9864E-10 7.7123E-10 7.4913E-10 7.2802E-10 6.9084E-10 6.6921E-10 6.5690E-10 6.4084E-10 6.2923E-10 6.1536E-10 5.9457E-10 5.7929E-10 5.6597E-10 5.5455E-10 5.3085E-10 5.1118E-10 5.0405E-10 5.0402E-10 5.0387E-10 5.0360E-10 5.0321E-10 5.0269E-10 5.0204E-10 5.0127E-10 5.0036E-10
8.0110E-10 8.0401E-10 8.1108E-10 8.1345E-10 8.1540E-10 8.3125E-10 8.4255E-10 8.8971E-10 8.9627E-10 8.9632E-10 9.2251E-10 9.2459E-10 9.2129E-10 9.1734E-10 9.1277E-10 9.0756E-10 9.1387E-10 9.2495E-10 9.2184E-10 9.1304E-10 9.2973E-10 9.1872E-10 9.1158E-10 8.9906E-10 8.8592E-10 8.7219E-10 8.6132E-10 8.4644E-10 8.3114E-10 8.1187E-10 7.9633E-10 7.7679E-10 7.5686E-10 7.3333E-10 7.1320E-10 6.8258E-10 6.6113E-10 6.4709E-10 6.3411E-10 6.2381E-10 6.0916E-10 5.9573E-10 5.7653E-10 5.6171E-10 5.5339E-10 5.2782E-10 5.1427E-10 4.9919E-10 4.9924E-10 4.9917E-10 4.9899E-10 4.9870E-10 4.9828E-10 4.9773E-10 4.9706E-10 4.9626E-10 4.9533E-10
7.7889E-10 7.8578E-10 7.8818E-10 7.9023E-10 7.9188E-10 7.9760E-10 7.9858E-10 7.9910E-10 7.9920E-10 7.9882E-10 8.2050E-10 8.4951E-10 8.4695E-10 8.6151E-10 8.5751E-10 8.6659E-10 8.6538E-10 8.5931E-10 8.5268E-10 8.4545E-10 8.3766E-10 8.2932E-10 8.2044E-10 8.1105E-10 8.0118E-10 7.9084E-10 7.8009E-10 7.6895E-10 7.5747E-10 7.4570E-10 7.2988E-10 7.1773E-10 7.0033E-10 6.8738E-10 6.7557E-10 6.4987E-10 6.3913E-10 6.2748E-10 6.1655E-10 6.0409E-10 5.9239E-10 5.7728E-10 5.6309E-10 5.5089E-10 5.3843E-10 5.1615E-10 4.9768E-10 4.9440E-10 4.9442E-10 4.9433E-10 4.9412E-10 4.9379E-10 4.9334E-10 4.9277E-10 4.9207E-10 4.9125E-10 4.9029E-10
7.6158E-10 7.6393E-10 7.6604E-10 7.6780E-10 7.6917E-10 7.7456E-10 7.7529E-10 7.7555E-10 7.7541E-10 7.7924E-10 7.7819E-10 7.7673E-10 7.7487E-10 7.7260E-10 7.6994E-10 7.7105E-10 7.7246E-10 7.6839E-10 7.8862E-10 7.8291E-10 7.7675E-10 7.7433E-10 7.6711E-10 7.5947E-10 7.5466E-10 7.4610E-10 7.3716E-10 7.2789E-10 7.1831E-10 7.0846E-10 6.9838E-10 6.8734E-10 6.7519E-10 6.5141E-10 6.4132E-10 6.3005E-10 6.1964E-10 6.0928E-10 6.0093E-10 5.8942E-10 5.7471E-10 5.6012E-10 5.4734E-10 5.3978E-10 5.1474E-10 5.0221E-10 4.8952E-10 4.8962E-10 4.8961E-10 4.8948E-10 4.8924E-10 4.8888E-10 4.8841E-10 4.8781E-10 4.8709E-10 4.8624E-10 4.8526E-10
7.4466E-10 7.4685E-10 7.4875E-10 7.5026E-10 7.5148E-10 7.5233E-10 7.5281E-10 7.5285E-10 7.5249E-10 7.5608E-10 7.5490E-10 7.5336E-10 7.5144E-10 7.4914E-10 7.5044E-10 7.4732E-10 7.4380E-10 7.3989E-10 7.3561E-10 7.3093E-10 7.2587E-10 7.2044E-10 7.1464E-10 7.1179E-10 7.0521E-10 6.9831E-10 6.9110E-10 6.8362E-10 6.7588E-10 6.6792E-10 6.5940E-10 6.4936E-10 6.3961E-10 6.3092E-10 6.2112E-10 6.1132E-10 6.0169E-10 5.9222E-10 5.8284E-10 5.7371E-10 5.5979E-10 5.4354E-10 5.3619E-10 5.1866E-10 5.0188E-10 4.8460E-10 4.8477E-10 4.8483E-10 4.8479E-10 4.8463E-10 4.8436E-10 4.8397E-10 4.8347E-10 4.8285E-10 4.8210E-10 4.8123E-10 4.8023E-10
7.2038E-10 7.2224E-10 7.2381E-10 7.3325E-10 7.3428E-10 7.3496E-10 7.3524E-10 7.3518E-10 7.3467E-10 7.3377E-10 7.3251E-10 7.3090E-10 7.2894E-10 7.3059E-10 7.2786E-10 7.2477E-10 7.2130E-10 7.1748E-10 7.1329E-10 7.0877E-10 7.0388E-10 6.9865E-10 6.9309E-10 6.9020E-10 6.8391E-10 6.7733E-10 6.7048E-10 6.6339E-10 6.5607E-10 6.4855E-10 6.3972E-10 6.3065E-10 6.2148E-10 6.1226E-10 6.0305E-10 5.9405E-10 5.8507E-10 5.7739E-10 5.6930E-10 5.5840E-10 5.4421E-10 5.3329E-10 5.2376E-10 5.0322E-10 4.8602E-10 4.7988E-10 4.8001E-10 4.8004E-10 4.7997E-10 4.7978E-10 4.7948E-10 4.7907E-10 4.7853E-10 4.7788E-10 4.7711E-10 4.7622E-10 4.7520E-10
7.0478E-10 7.0646E-10 7.0785E-10 7.0888E-10 7.0963E-10 7.1004E-10 7.1415E-10 7.1802E-10 7.1739E-10 7.1638E-10 7.1501E-10 7.1332E-10 7.1128E-10 7.0891E-10 7.0620E-10 7.0315E-10 6.9976E-10 6.9603E-10 6.9196E-10 6.8759E-10 6.8288E-10 6.8099E-10 6.7557E-10 6.6985E-10 6.6385E-10 6.5759E-10 6.5110E-10 6.4438E-10 6.3746E-10 6.3003E-10 6.2069E-10 6.1208E-10 6.0449E-10 5.9641E-10 5.8778E-10 5.7880E-10 5.7104E-10 5.6277E-10 5.5405E-10 5.4226E-10 5.2858E-10 5.2187E-10 5.0129E-10 4.8808E-10 4.7495E-10 4.7516E-10 4.7526E-10 4.7526E-10 4.7515E-10 4.7493E-10 4.7460E-10 4.7416E-10 4.7360E-10 4.7293E-10 4.7213E-10 4.7121E-10 4.7017E-10
6.8575E-10 6.9109E-10 6.9231E-10 6.9320E-10 6.9380E-10 6.9406E-10 6.9396E-10 6.9353E-10 6.9276E-10 6.9169E-10 6.9031E-10 6.9255E-10 6.9421E-10 6.9180E-10 6.8906E-10 6.8600E-10 6.8262E-10 6.7892E-10 6.7491E-10 6.7060E-10 6.6598E-10 6.6107E-10 6.5589E-10 6.5043E-10 6.4473E-10 6.3879E-10 6.3264E-10 6.2629E-10 6.1977E-10 6.1155E-10 6.0353E-10 5.9598E-10 5.8786E-10 5.8082E-10 5.7332E-10 5.6531E-10 5.5794E-10 5.5133E-10 5.4197E-10 5.2599E-10 5.1957E-10 5.0830E-10 4.9184E-10 4.7299E-10 4.7026E-10 4.7043E-10 4.7050E-10 4.7047E-10 4.7033E-10 4.7008E-10 4.6973E-10 4.6926E-10 4.6867E-10 4.6797E-10 4.6715E-10 4.6621E-10 4.6515E-10
6.7113E-10 6.7243E-10 6.7340E-10 6.7413E-10 6.7454E-10 6.7854E-10 6.7832E-10 6.7779E-10 6.7692E-10 6.7576E-10 6.7431E-10 6.7257E-10 6.7053E-10 6.6819E-10 6.6556E-10 6.6263E-10 6.5941E-10 6.5926E-10 6.5539E-10 6.5125E-10 6.4973E-10 6.4495E-10 6.3990E-10 6.3461E-10 6.2910E-10 6.2337E-10 6.1745E-10 6.1135E-10 6.0478E-10 5.9639E-10 5.8871E-10 5.8148E-10 5.7483E-10 5.6562E-10 5.5859E-10 5.5225E-10 5.4487E-10 5.3756E-10 5.2598E-10 5.1479E-10 5.0871E-10 4.8708E-10 4.7515E-10 4.6534E-10 4.6558E-10 4.6572E-10 4.6575E-10 4.6569E-10 4.6552E-10 4.6524E-10 4.6486E-10 4.6436E-10 4.6375E-10 4.6302E-10 4.6218E-10 4.6122E-10 4.6013E-10
6.5690E-10 6.5806E-10 6.5889E-10 6.5949E-10 6.5977E-10 6.5972E-10 6.5938E-10 6.5875E-10 6.5782E-10 6.6033E-10 6.5882E-10 6.5702E-10 6.5495E-10 6.5259E-10 6.4996E-10 6.4704E-10 6.4385E-10 6.4038E-10 6.3665E-10 6.3268E-10 6.2843E-10 6.2395E-10 6.1924E-10 6.1431E-10 6.0918E-10 6.0386E-10 5.9837E-10 5.9240E-10 5.8504E-10 5.7797E-10 5.7186E-10 5.6474E-10 5.5758E-10 5.5209E-10 5.4505E-10 5.3805E-10 5.3287E-10 5.2303E-10 5.1061E-10 5.0471E-10 4.8748E-10 4.7534E-10 4.6040E-10 4.6070E-10 4.6090E-10 4.6100E-10 4.6101E-10 4.6091E-10 4.6071E-10 4.6040E-10 4.5999E-10 4.5947E-10 4.5883E-10 4.5808E-10 4.5721E-10 4.5623E-10 4.5513E-10
6.3948E-10 6.4046E-10 6.4111E-10 6.4526E-10 6.4543E-10 6.4528E-10 6.4485E-10 6.4412E-10 6.4312E-10 6.4186E-10 6.4033E-10 6.3855E-10 6.3650E-10 6.3419E-10 6.3162E-10 6.3199E-10 6.2883E-10 6.2542E-10 6.2177E-10 6.1788E-10 6.1374E-10 6.0939E-10 6.0482E-10 6.0005E-10 5.9511E-10 5.8999E-10 5.8472E-10 5.7864E-10 5.7159E-10 5.6484E-10 5.5803E-10 5.5276E-10 5.4600E-10 5.3924E-10 5.3417E-10 5.2758E-10 5.2106E-10 5.0702E-10 5.0136E-10 4.9347E-10 4.7584E-10 4.6101E-10 4.5579E-10 4.5605E-10 4.5622E-10 4.5629E-10 4.5626E-10 4.5614E-10 4.5591E-10 4.5557E-10 4.5513E-10 4.5458E-10 4.5392E-10 4.5315E-10 4.5226E-10 4.5125E-10 4.5013E-10
6.2268E-10 6.2351E-10 6.2400E-10 6.2790E-10 6.2793E-10 6.2767E-10 6.2719E-10 6.2994E-10 6.2887E-10 6.2756E-10 6.2599E-10 6.2418E-10 6.2211E-10 6.1980E-10 6.1724E-10 6.1444E-10 6.1140E-10 6.0812E-10 6.0461E-10 6.0090E-10 5.9696E-10 5.9282E-10 5.8848E-10 5.8398E-10 5.7930E-10 5.7448E-10 5.6921E-10 5.6219E-10 5.5585E-10 5.5094E-10 5.4459E-10 5.3822E-10 5.3289E-10 5.2714E-10 5.2089E-10 5.1525E-10 5.0563E-10 4.9643E-10 4.9105E-10 4.7099E-10 4.6214E-10 4.5087E-10 4.5119E-10 4.5141E-10 4.5155E-10 4.5159E-10 4.5153E-10 4.5137E-10 4.5111E-10 4.5075E-10 4.5028E-10 4.4971E-10 4.4902E-10 4.4822E-10 4.4731E-10 4.4628E-10 4.4514E-10
6.0987E-10 6.1057E-10 6.1100E-10 6.1118E-10 6.1106E-10 6.1070E-10 6.1012E-10 6.0932E-10 6.1176E-10 6.1044E-10 6.0889E-10 6.0710E-10 6.0509E-10 6.0284E-10 6.0335E-10 6.0058E-10 5.9759E-10 5.9438E-10 5.9095E-10 5.8733E-10 5.8351E-10 5.7950E-10 5.7531E-10 5.7096E-10 5.6647E-10 5.6184E-10 5.5608E-10 5.5014E-10 5.4413E-10 5.3806E-10 5.3295E-10 5.2742E-10 5.2139E-10 5.1591E-10 5.1109E-10 5.0469E-10 4.9275E-10 4.8828E-10 4.7342E-10 4.6231E-10 4.4593E-10 4.4630E-10 4.4659E-10 4.4678E-10 4.4688E-10 4.4689E-10 4.4680E-10 4.4661E-10 4.4633E-10 4.4594E-10 4.4544E-10 4.4484E-10 4.4413E-10 4.4331E-10 4.4237E-10 4.4133E-10 4.4017E-10
5.9402E-10 5.9459E-10 5.9835E-10 5.9845E-10 5.9825E-10 5.9782E-10 5.9717E-10 5.9629E-10 5.9521E-10 5.9389E-10 5.9236E-10 5.9061E-10 5.8864E-10 5.8646E-10 5.8711E-10 5.8445E-10 5.8158E-10 5.7851E-10 5.7525E-10 5.7180E-10 5.6818E-10 5.6438E-10 5.6043E-10 5.5633E-10 5.5211E-10 5.4745E-10 5.4115E-10 5.3551E-10 5.3028E-10 5.2556E-10 5.1989E-10 5.1419E-10 5.1010E-10 5.0453E-10 4.9899E-10 4.8832E-10 4.8334E-10 4.7847E-10 4.5994E-10 4.4876E-10 4.4140E-10 4.4174E-10 4.4199E-10 4.4215E-10 4.4222E-10 4.4220E-10 4.4208E-10 4.4186E-10 4.4155E-10 4.4113E-10 4.4061E-10 4.3998E-10 4.3925E-10 4.3840E-10 4.3745E-10 4.3638E-10 4.3520E-10
