Assets/Resources/2015_m01_d19_1700(utc+0800)_l00_csi_1hr_conc.grd
DSAA
         159         159
     -79.000      79.000
     -79.000      79.000
  0.0000E+00  0.2798E-05
[rows 50 to 74 of 159, columns 0 to 56 of 159]
7.2843E-09 7.7214E-09 8.1776E-09 8.6420E-09 9.1221E-09 9.6125E-09 1.0106E-08 1.0607E-08 1.1112E-08 1.1615E-08 1.2113E-08 1.2606E-08 1.3086E-08 1.3547E-08 1.3990E-08 1.4406E-08 1.4788E-08 1.5133E-08 1.5442E-08 1.5701E-08 1.5905E-08 1.6058E-08 1.6149E-08 1.6173E-08 1.6131E-08 1.6026E-08 1.5850E-08 1.5603E-08 1.5294E-08 1.4931E-08 1.4520E-08 1.4084E-08 1.3649E-08 1.3220E-08 1.2789E-08 1.2346E-08 1.1889E-08 1.1424E-08 1.0948E-08 1.0463E-08 9.9701E-09 9.4810E-09 8.9879E-09 8.4944E-09 8.0017E-09 7.5188E-09 7.0497E-09 6.5939E-09 6.1105E-09 5.6537E-09 5.2221E-09 4.8201E-09 4.4633E-09 4.1369E-09 3.8219E-09 3.5290E-09 3.2691E-09
7.0847E-09 7.5124E-09 7.9581E-09 8.4131E-09 8.8858E-09 9.3639E-09 9.8488E-09 1.0342E-08 1.0838E-08 1.1332E-08 1.1823E-08 1.2308E-08 1.2778E-08 1.3234E-08 1.3670E-08 1.4078E-08 1.4454E-08 1.4799E-08 1.5102E-08 1.5357E-08 1.5565E-08 1.5719E-08 1.5812E-08 1.5843E-08 1.5817E-08 1.5724E-08 1.5562E-08 1.5339E-08 1.5060E-08 1.4726E-08 1.4354E-08 1.3967E-08 1.3582E-08 1.3199E-08 1.2808E-08 1.2403E-08 1.1983E-08 1.1544E-08 1.1091E-08 1.0630E-08 1.0161E-08 9.6827E-09 9.1966E-09 8.7056E-09 8.2221E-09 7.7440E-09 7.2685E-09 6.7870E-09 6.2856E-09 5.8244E-09 5.3854E-09 4.9775E-09 4.6081E-09 4.2623E-09 3.9421E-09 3.6406E-09 3.3432E-09
6.8718E-09 7.2878E-09 7.7225E-09 8.1671E-09 8.6296E-09 9.0955E-09 9.5704E-09 1.0056E-08 1.0540E-08 1.1024E-08 1.1508E-08 1.1982E-08 1.2444E-08 1.2893E-08 1.3321E-08 1.3722E-08 1.4095E-08 1.4436E-08 1.4735E-08 1.4991E-08 1.5203E-08 1.5359E-08 1.5458E-08 1.5505E-08 1.5491E-08 1.5412E-08 1.5273E-08 1.5079E-08 1.4829E-08 1.4531E-08 1.4205E-08 1.3869E-08 1.3535E-08 1.3198E-08 1.2853E-08 1.2486E-08 1.2095E-08 1.1686E-08 1.1267E-08 1.0830E-08 1.0377E-08 9.9137E-09 9.4412E-09 8.9651E-09 8.4847E-09 8.0077E-09 7.5252E-09 7.0049E-09 6.5191E-09 6.0547E-09 5.6112E-09 5.2190E-09 4.8390E-09 4.4726E-09 4.1252E-09 3.7989E-09 3.4871E-09
6.6464E-09 7.0494E-09 7.4723E-09 7.9052E-09 8.3552E-09 8.8098E-09 9.2734E-09 9.7475E-09 1.0221E-08 1.0694E-08 1.1168E-08 1.1632E-08 1.2085E-08 1.2527E-08 1.2945E-08 1.3341E-08 1.3713E-08 1.4048E-08 1.4346E-08 1.4607E-08 1.4819E-08 1.4980E-08 1.5094E-08 1.5154E-08 1.5154E-08 1.5097E-08 1.4988E-08 1.4821E-08 1.4606E-08 1.4351E-08 1.4075E-08 1.3792E-08 1.3509E-08 1.3223E-08 1.2918E-08 1.2586E-08 1.2232E-08 1.1860E-08 1.1467E-08 1.1053E-08 1.0624E-08 1.0182E-08 9.7246E-09 9.2601E-09 8.7913E-09 8.3113E-09 7.8087E-09 7.2911E-09 6.8139E-09 6.3681E-09 5.9375E-09 5.5269E-09 5.1286E-09 4.7588E-09 4.4073E-09 4.0761E-09 3.7546E-09
6.4102E-09 6.7992E-09 7.2099E-09 7.6291E-09 8.0663E-09 8.5083E-09 8.9591E-09 9.4215E-09 9.8823E-09 1.0344E-08 1.0807E-08 1.1259E-08 1.1704E-08 1.2136E-08 1.2547E-08 1.2940E-08 1.3306E-08 1.3638E-08 1.3939E-08 1.4202E-08 1.4418E-08 1.4591E-08 1.4719E-08 1.4792E-08 1.4812E-08 1.4784E-08 1.4701E-08 1.4568E-08 1.4394E-08 1.4187E-08 1.3960E-08 1.3732E-08 1.3504E-08 1.3265E-08 1.2998E-08 1.2707E-08 1.2393E-08 1.2053E-08 1.1689E-08 1.1308E-08 1.0903E-08 1.0481E-08 1.0042E-08 9.5993E-09 9.1448E-09 8.6392E-09 8.1387E-09 7.6627E-09 7.1985E-09 6.7475E-09 6.3209E-09 5.9243E-09 5.5544E-09 5.1773E-09 4.8083E-09 4.4602E-09 4.1201E-09
6.1645E-09 6.5391E-09 6.9368E-09 7.3412E-09 7.7647E-09 8.1935E-09 8.6300E-09 9.0790E-09 9.5269E-09 9.9753E-09 1.0426E-08 1.0868E-08 1.1303E-08 1.1726E-08 1.2130E-08 1.2519E-08 1.2879E-08 1.3210E-08 1.3516E-08 1.3780E-08 1.4003E-08 1.4192E-08 1.4332E-08 1.4423E-08 1.4470E-08 1.4468E-08 1.4416E-08 1.4322E-08 1.4192E-08 1.4032E-08 1.3859E-08 1.3689E-08 1.3514E-08 1.3317E-08 1.3095E-08 1.2848E-08 1.2569E-08 1.2265E-08 1.1940E-08 1.1588E-08 1.1211E-08 1.0817E-08 1.0409E-08 9.9860E-09 9.5142E-09 9.0152E-09 8.5570E-09 8.1022E-09 7.6500E-09 7.2267E-09 6.8444E-09 6.4618E-09 6.0804E-09 5.7103E-09 5.3743E-09 5.0559E-09 4.7178E-09
5.9113E-09 6.2712E-09 6.6548E-09 7.0434E-09 7.4532E-09 7.8668E-09 8.2881E-09 8.7233E-09 9.1564E-09 9.5914E-09 1.0029E-08 1.0460E-08 1.0884E-08 1.1298E-08 1.1696E-08 1.2079E-08 1.2436E-08 1.2767E-08 1.3076E-08 1.3344E-08 1.3579E-08 1.3782E-08 1.3936E-08 1.4051E-08 1.4124E-08 1.4150E-08 1.4134E-08 1.4083E-08 1.3998E-08 1.3889E-08 1.3777E-08 1.3664E-08 1.3537E-08 1.3388E-08 1.3213E-08 1.3005E-08 1.2770E-08 1.2514E-08 1.2227E-08 1.1909E-08 1.1561E-08 1.1202E-08 1.0820E-08 1.0390E-08 9.9310E-09 9.5055E-09 9.0704E-09 8.6306E-09 8.2269E-09 7.8564E-09 7.4807E-09 7.1115E-09 6.7799E-09 6.4840E-09 6.1732E-09 5.8621E-09 5.5453E-09
5.6528E-09 5.9976E-09 6.3657E-09 6.7381E-09 7.1329E-09 7.5304E-09 7.9359E-09 8.3558E-09 8.7744E-09 9.1944E-09 9.6200E-09 1.0038E-08 1.0451E-08 1.0856E-08 1.1248E-08 1.1625E-08 1.1979E-08 1.2311E-08 1.2623E-08 1.2898E-08 1.3146E-08 1.3361E-08 1.3535E-08 1.3676E-08 1.3774E-08 1.3833E-08 1.3856E-08 1.3847E-08 1.3813E-08 1.3759E-08 1.3706E-08 1.3645E-08 1.3569E-08 1.3470E-08 1.3339E-08 1.3175E-08 1.2991E-08 1.2774E-08 1.2532E-08 1.2266E-08 1.1974E-08 1.1650E-08 1.1266E-08 1.0853E-08 1.0458E-08 1.0061E-08 9.6634E-09 9.2852E-09 8.9447E-09 8.5979E-09 8.2597E-09 7.9695E-09 7.7219E-09 7.4669E-09 7.2132E-09 6.9895E-09 6.7684E-09
5.3906E-09 5.7198E-09 6.0715E-09 6.4273E-09 6.8064E-09 7.1868E-09 7.5755E-09 7.9801E-09 8.3827E-09 8.7877E-09 9.2007E-09 9.6057E-09 1.0008E-08 1.0405E-08 1.0787E-08 1.1160E-08 1.1513E-08 1.1844E-08 1.2160E-08 1.2445E-08 1.2704E-08 1.2934E-08 1.3129E-08 1.3295E-08 1.3422E-08 1.3513E-08 1.3579E-08 1.3611E-08 1.3630E-08 1.3633E-08 1.3639E-08 1.3630E-08 1.3607E-08 1.3553E-08 1.3466E-08 1.3358E-08 1.3217E-08 1.3047E-08 1.2854E-08 1.2641E-08 1.2405E-08 1.2107E-08 1.1770E-08 1.1435E-08 1.1087E-08 1.0724E-08 1.0367E-08 1.0070E-08 9.7747E-09 9.4935E-09 9.2702E-09 9.0648E-09 8.8675E-09 8.7336E-09 8.6548E-09 8.5554E-09 8.4410E-09
5.1261E-09 5.4392E-09 5.7741E-09 6.1129E-09 6.4753E-09 6.8382E-09 7.2098E-09 7.5981E-09 7.9842E-09 8.3744E-09 8.7732E-09 9.1650E-09 9.5556E-09 9.9440E-09 1.0318E-08 1.0687E-08 1.1038E-08 1.1369E-08 1.1692E-08 1.1985E-08 1.2255E-08 1.2504E-08 1.2719E-08 1.2910E-08 1.3066E-08 1.3194E-08 1.3298E-08 1.3373E-08 1.3446E-08 1.3504E-08 1.3566E-08 1.3610E-08 1.3635E-08 1.3632E-08 1.3596E-08 1.3537E-08 1.3446E-08 1.3327E-08 1.3190E-08 1.3033E-08 1.2793E-08 1.2565E-08 1.2341E-08 1.2090E-08 1.1813E-08 1.1514E-08 1.1257E-08 1.0994E-08 1.0752E-08 1.0603E-08 1.0497E-08 1.0415E-08 1.0386E-08 1.0415E-08 1.0482E-08 1.0581E-08 1.0683E-08
4.8614E-09 5.1579E-09 5.4754E-09 5.7967E-09 6.1418E-09 6.4867E-09 6.8409E-09 7.2123E-09 7.5821E-09 7.9568E-09 8.3413E-09 8.7192E-09 9.0992E-09 9.4778E-09 9.8434E-09 1.0209E-08 1.0557E-08 1.0889E-08 1.1219E-08 1.1519E-08 1.1801E-08 1.2068E-08 1.2303E-08 1.2521E-08 1.2706E-08 1.2870E-08 1.3011E-08 1.3131E-08 1.3259E-08 1.3368E-08 1.3484E-08 1.3580E-08 1.3648E-08 1.3694E-08 1.3717E-08 1.3710E-08 1.3669E-08 1.3611E-08 1.3524E-08 1.3363E-08 1.3226E-08 1.3088E-08 1.2939E-08 1.2784E-08 1.2603E-08 1.2444E-08 1.2283E-08 1.2107E-08 1.1981E-08 1.1931E-08 1.1951E-08 1.2076E-08 1.2302E-08 1.2565E-08 1.2861E-08 1.3228E-08 1.3613E-08
4.5969E-09 4.8763E-09 5.1762E-09 5.4798E-09 5.8071E-09 6.1342E-09 6.4704E-09 6.8250E-09 7.1780E-09 7.5368E-09 7.9066E-09 8.2708E-09 8.6399E-09 9.0079E-09 9.3659E-09 9.7278E-09 1.0072E-08 1.0405E-08 1.0741E-08 1.1048E-08 1.1343E-08 1.1627E-08 1.1882E-08 1.2124E-08 1.2341E-08 1.2537E-08 1.2718E-08 1.2883E-08 1.3061E-08 1.3219E-08 1.3388E-08 1.3527E-08 1.3640E-08 1.3746E-08 1.3817E-08 1.3865E-08 1.3886E-08 1.3833E-08 1.3778E-08 1.3742E-08 1.3681E-08 1.3609E-08 1.3539E-08 1.3474E-08 1.3422E-08 1.3399E-08 1.3363E-08 1.3347E-08 1.3408E-08 1.3514E-08 1.3712E-08 1.4074E-08 1.4565E-08 1.5169E-08 1.5862E-08 1.6581E-08 1.7280E-08
4.3338E-09 4.5958E-09 4.8780E-09 5.1638E-09 5.4733E-09 5.7823E-09 6.1006E-09 6.4380E-09 6.7739E-09 7.1169E-09 7.4713E-09 7.8218E-09 8.1795E-09 8.5363E-09 8.8871E-09 9.2435E-09 9.5846E-09 9.9197E-09 1.0259E-08 1.0574E-08 1.0880E-08 1.1180E-08 1.1454E-08 1.1721E-08 1.1967E-08 1.2195E-08 1.2414E-08 1.2621E-08 1.2845E-08 1.3048E-08 1.3267E-08 1.3451E-08 1.3610E-08 1.3774E-08 1.3890E-08 1.3978E-08 1.4019E-08 1.4054E-08 1.4100E-08 1.4108E-08 1.4132E-08 1.4125E-08 1.4150E-08 1.4180E-08 1.4240E-08 1.4341E-08 1.4462E-08 1.4657E-08 1.4928E-08 1.5262E-08 1.5751E-08 1.6394E-08 1.7202E-08 1.8223E-08 1.9411E-08 2.0643E-08 2.1832E-08
4.0731E-09 4.3177E-09 4.5824E-09 4.8503E-09 5.1421E-09 5.4328E-09 5.7331E-09 6.0532E-09 6.3721E-09 6.6986E-09 7.0375E-09 7.3745E-09 7.7194E-09 8.0653E-09 8.4085E-09 8.7587E-09 9.0967E-09 9.4315E-09 9.7743E-09 1.0095E-08 1.0413E-08 1.0727E-08 1.1019E-08 1.1310E-08 1.1581E-08 1.1840E-08 1.2091E-08 1.2339E-08 1.2606E-08 1.2854E-08 1.3120E-08 1.3346E-08 1.3555E-08 1.3765E-08 1.3884E-08 1.4019E-08 1.4155E-08 1.4263E-08 1.4371E-08 1.4470E-08 1.4540E-08 1.4645E-08 1.4752E-08 1.4869E-08 1.5041E-08 1.5259E-08 1.5541E-08 1.5941E-08 1.6445E-08 1.7072E-08 1.7902E-08 1.8922E-08 2.0173E-08 2.1673E-08 2.3390E-08 2.5251E-08 2.7119E-08
3.8161E-09 4.0433E-09 4.2908E-09 4.5409E-09 4.8151E-09 5.0876E-09 5.3698E-09 5.6723E-09 5.9742E-09 6.2837E-09 6.6071E-09 6.9304E-09 7.2619E-09 7.5970E-09 7.9316E-09 8.2750E-09 8.6089E-09 8.9428E-09 9.2876E-09 9.6140E-09 9.9408E-09 1.0267E-08 1.0576E-08 1.0888E-08 1.1180E-08 1.1466E-08 1.1756E-08 1.2038E-08 1.2345E-08 1.2635E-08 1.2935E-08 1.3193E-08 1.3410E-08 1.3635E-08 1.3852E-08 1.4073E-08 1.4264E-08 1.4457E-08 1.4615E-08 1.4775E-08 1.4942E-08 1.5122E-08 1.5313E-08 1.5525E-08 1.5802E-08 1.6145E-08 1.6584E-08 1.7146E-08 1.7869E-08 1.8802E-08 1.9972E-08 2.1397E-08 2.3175E-08 2.5293E-08 2.7647E-08 3.0188E-08 3.2820E-08
3.5639E-09 3.7743E-09 4.0046E-09 4.2373E-09 4.4937E-09 4.7483E-09 5.0123E-09 5.2974E-09 5.5820E-09 5.8744E-09 6.1823E-09 6.4913E-09 6.8091E-09 7.1329E-09 7.4579E-09 7.7935E-09 8.1231E-09 8.4542E-09 8.7998E-09 9.1305E-09 9.4640E-09 9.8013E-09 1.0124E-08 1.0452E-08 1.0768E-08 1.1079E-08 1.1400E-08 1.1715E-08 1.2051E-08 1.2349E-08 1.2646E-08 1.2936E-08 1.3236E-08 1.3539E-08 1.3806E-08 1.4095E-08 1.4357E-08 1.4580E-08 1.4818E-08 1.5050E-08 1.5287E-08 1.5539E-08 1.5809E-08 1.6121E-08 1.6504E-08 1.6966E-08 1.7552E-08 1.8273E-08 1.9188E-08 2.0361E-08 2.1830E-08 2.3646E-08 2.5879E-08 2.8577E-08 3.1700E-08 3.5091E-08 3.8540E-08
3.3180E-09 3.5117E-09 3.7254E-09 3.9407E-09 4.1797E-09 4.4163E-09 4.6624E-09 4.9299E-09 5.1973E-09 5.4727E-09 5.7649E-09 6.0591E-09 6.3627E-09 6.6749E-09 6.9892E-09 7.3163E-09 7.6404E-09 7.9670E-09 8.3125E-09 8.6456E-09 8.9835E-09 9.3304E-09 9.6611E-09 1.0008E-08 1.0343E-08 1.0676E-08 1.1007E-08 1.1303E-08 1.1649E-08 1.2004E-08 1.2370E-08 1.2704E-08 1.3044E-08 1.3400E-08 1.3728E-08 1.4045E-08 1.4358E-08 1.4668E-08 1.4964E-08 1.5255E-08 1.5557E-08 1.5882E-08 1.6229E-08 1.6633E-08 1.7115E-08 1.7691E-08 1.8411E-08 1.9278E-08 2.0382E-08 2.1740E-08 2.3411E-08 2.5520E-08 2.8125E-08 3.1279E-08 3.4987E-08 3.9190E-08 4.3613E-08
3.0789E-09 3.2570E-09 3.4541E-09 3.6523E-09 3.8741E-09 4.0931E-09 4.3215E-09 4.5716E-09 4.8219E-09 5.0802E-09 5.3564E-09 5.6356E-09 5.9245E-09 6.2246E-09 6.5273E-09 6.8454E-09 7.1630E-09 7.4840E-09 7.8276E-09 8.1609E-09 8.5017E-09 8.8521E-09 9.1939E-09 9.5540E-09 9.9035E-09 1.0212E-08 1.0548E-08 1.0905E-08 1.1295E-08 1.1673E-08 1.2071E-08 1.2454E-08 1.2828E-08 1.3197E-08 1.3570E-08 1.3963E-08 1.4322E-08 1.4678E-08 1.5026E-08 1.5381E-08 1.5743E-08 1.6133E-08 1.6550E-08 1.7038E-08 1.7611E-08 1.8292E-08 1.9128E-08 2.0116E-08 2.1368E-08 2.2887E-08 2.4741E-08 2.7021E-08 2.9828E-08 3.3275E-08 3.7349E-08 4.2022E-08 4.7175E-08
2.8482E-09 3.0110E-09 3.1919E-09 3.3738E-09 3.5785E-09 3.7804E-09 3.9912E-09 4.2242E-09 4.4573E-09 4.6986E-09 4.9590E-09 5.2226E-09 5.4970E-09 5.7848E-09 6.0751E-09 6.3834E-09 6.6926E-09 7.0066E-09 7.3470E-09 7.6764E-09 8.0172E-09 8.3727E-09 8.7214E-09 9.0917E-09 9.4097E-09 9.7483E-09 1.0125E-08 1.0498E-08 1.0922E-08 1.1323E-08 1.1737E-08 1.2136E-08 1.2546E-08 1.2976E-08 1.3382E-08 1.3808E-08 1.4210E-08 1.4610E-08 1.5002E-08 1.5409E-08 1.5826E-08 1.6281E-08 1.6761E-08 1.7322E-08 1.7975E-08 1.8734E-08 1.9663E-08 2.0752E-08 2.2121E-08 2.3752E-08 2.5735E-08 2.8136E-08 3.1015E-08 3.4538E-08 3.8730E-08 4.3598E-08 4.9012E-08
2.6266E-09 2.7743E-09 2.9400E-09 3.1055E-09 3.2940E-09 3.4791E-09 3.6728E-09 3.8890E-09 4.1054E-09 4.3304E-09 4.5750E-09 4.8229E-09 5.0826E-09 5.3567E-09 5.6342E-09 5.9320E-09 6.2318E-09 6.5374E-09 6.8709E-09 7.1968E-09 7.5359E-09 7.8922E-09 8.2362E-09 8.5803E-09 8.9205E-09 9.2925E-09 9.6810E-09 1.0083E-08 1.0503E-08 1.0923E-08 1.1372E-08 1.1806E-08 1.2234E-08 1.2693E-08 1.3128E-08 1.3586E-08 1.4020E-08 1.4455E-08 1.4885E-08 1.5336E-08 1.5804E-08 1.6309E-08 1.6848E-08 1.7465E-08 1.8184E-08 1.9013E-08 2.0008E-08 2.1162E-08 2.2593E-08 2.4282E-08 2.6318E-08 2.8767E-08 3.1665E-08 3.5138E-08 3.9213E-08 4.3943E-08 4.9299E-08
2.4148E-09 2.5483E-09 2.6992E-09 2.8491E-09 3.0217E-09 3.1907E-09 3.3686E-09 3.5684E-09 3.7684E-09 3.9769E-09 4.2054E-09 4.4380E-09 4.6827E-09 4.9429E-09 5.2071E-09 5.4928E-09 5.7818E-09 6.0751E-09 6.4033E-09 6.7234E-09 7.0581E-09 7.4049E-09 7.7262E-09 8.0785E-09 8.4395E-09 8.8244E-09 9.2252E-09 9.6273E-09 1.0082E-08 1.0514E-08 1.0977E-08 1.1424E-08 1.1873E-08 1.2352E-08 1.2808E-08 1.3288E-08 1.3748E-08 1.4212E-08 1.4676E-08 1.5162E-08 1.5666E-08 1.6218E-08 1.6803E-08 1.7471E-08 1.8237E-08 1.9107E-08 2.0141E-08 2.1324E-08 2.2769E-08 2.4455E-08 2.6469E-08 2.8868E-08 3.1695E-08 3.5047E-08 3.8893E-08 4.3269E-08 4.8205E-08
2.2125E-09 2.3333E-09 2.4704E-09 2.6056E-09 2.7636E-09 2.9171E-09 3.0793E-09 3.2629E-09 3.4472E-09 3.6396E-09 3.8523E-09 4.0693E-09 4.2985E-09 4.5447E-09 4.7950E-09 5.0682E-09 5.3426E-09 5.6267E-09 5.9462E-09 6.2579E-09 6.5766E-09 6.8997E-09 7.2157E-09 7.5892E-09 7.9625E-09 8.3487E-09 8.7545E-09 9.1746E-09 9.6327E-09 1.0068E-08 1.0540E-08 1.0998E-08 1.1458E-08 1.1950E-08 1.2420E-08 1.2919E-08 1.3399E-08 1.3885E-08 1.4373E-08 1.4891E-08 1.5422E-08 1.6007E-08 1.6627E-08 1.7320E-08 1.8122E-08 1.9012E-08 2.0053E-08 2.1234E-08 2.2640E-08 2.4279E-08 2.6195E-08 2.8461E-08 3.1105E-08 3.4227E-08 3.7755E-08 4.1686E-08 4.6014E-08
2.0227E-09 2.1305E-09 2.2545E-09 2.3758E-09 2.5195E-09 2.6585E-09 2.8058E-09 2.9739E-09 3.1425E-09 3.3191E-09 3.5166E-09 3.7180E-09 3.9326E-09 4.1636E-09 4.3996E-09 4.6569E-09 4.9204E-09 5.1942E-09 5.5013E-09 5.7939E-09 6.0785E-09 6.3996E-09 6.7405E-09 7.1114E-09 7.4798E-09 7.8649E-09 8.2821E-09 8.6989E-09 9.1541E-09 9.5905E-09 1.0066E-08 1.0528E-08 1.0992E-08 1.1493E-08 1.1971E-08 1.2481E-08 1.2973E-08 1.3476E-08 1.3982E-08 1.4520E-08 1.5071E-08 1.5675E-08 1.6319E-08 1.7022E-08 1.7836E-08 1.8728E-08 1.9746E-08 2.0896E-08 2.2227E-08 2.3760E-08 2.5535E-08 2.7590E-08 2.9980E-08 3.2756E-08 3.5866E-08 3.9276E-08 4.2939E-08
1.8430E-09 1.9380E-09 2.0516E-09 2.1601E-09 2.2904E-09 2.4156E-09 2.5483E-09 2.7016E-09 2.8551E-09 3.0171E-09 3.1987E-09 3.3851E-09 3.5846E-09 3.7997E-09 4.0205E-09 4.2650E-09 4.5164E-09 4.7756E-09 5.0530E-09 5.3085E-09 5.6058E-09 5.9383E-09 6.2700E-09 6.6288E-09 6.9960E-09 7.3871E-09 7.7949E-09 8.2028E-09 8.6530E-09 9.0862E-09 9.5583E-09 1.0017E-08 1.0482E-08 1.0982E-08 1.1463E-08 1.1979E-08 1.2476E-08 1.2989E-08 1.3504E-08 1.4054E-08 1.4619E-08 1.5230E-08 1.5883E-08 1.6582E-08 1.7393E-08 1.8267E-08 1.9233E-08 2.0327E-08 2.1550E-08 2.2948E-08 2.4531E-08 2.6336E-08 2.8414E-08 3.0779E-08 3.3388E-08 3.6199E-08 3.9169E-08
1.6751E-09 1.7585E-09 1.8607E-09 1.9578E-09 2.0751E-09 2.1874E-09 2.3076E-09 2.4465E-09 2.5858E-09 2.7334E-09 2.9000E-09 3.0721E-09 3.2540E-09 3.4556E-09 3.6620E-09 3.8920E-09 4.1294E-09 4.3566E-09 4.6052E-09 4.8730E-09 5.1618E-09 5.4828E-09 5.8034E-09 6.1620E-09 6.5251E-09 6.9014E-09 7.2964E-09 7.6943E-09 8.1348E-09 8.5578E-09 9.0210E-09 9.4725E-09 9.9311E-09 1.0428E-08 1.0904E-08 1.1418E-08 1.1913E-08 1.2430E-08 1.2947E-08 1.3498E-08 1.4067E-08 1.4674E-08 1.5334E-08 1.6020E-08 1.6796E-08 1.7640E-08 1.8540E-08 1.9545E-08 2.0651E-08 2.1871E-08 2.3256E-08 2.4794E-08 2.6522E-08 2.8449E-08 3.0532E-08 3.2724E-08 3.4962E-08
