Assets/Resources/2015_m01_d17_1800(utc+0800)_l00_csi_1hr_conc.grd
DSAA
         159         159
     -79.000      79.000
     -79.000      79.000
  0.0000E+00  0.1250E-04
[rows 25 to 49 of 159, columns 0 to 56 of 159]
3.5952E-09 4.2276E-09 4.8931E-09 5.5787E-09 6.2724E-09 6.9622E-09 7.6384E-09 8.2895E-09 8.9091E-09 9.4918E-09 1.0036E-08 1.0541E-08 1.1003E-08 1.1420E-08 1.1786E-08 1.2104E-08 1.2373E-08 1.2594E-08 1.2769E-08 1.2898E-08 1.2987E-08 1.3037E-08 1.3052E-08 1.3036E-08 1.2990E-08 1.2916E-08 1.2815E-08 1.2690E-08 1.2545E-08 1.2379E-08 1.2200E-08 1.2005E-08 1.1799E-08 1.1583E-08 1.1357E-08 1.1123E-08 1.0880E-08 1.0630E-08 1.0371E-08 1.0109E-08 9.8397E-09 9.5654E-09 9.2868E-09 9.0076E-09 8.7269E-09 8.4469E-09 8.1669E-09 7.8876E-09 7.6125E-09 7.3371E-09 7.0663E-09 6.7975E-09 6.5330E-09 6.2731E-09 6.0191E-09 5.7703E-09 5.5281E-09
3.6235E-09 4.2828E-09 4.9786E-09 5.6978E-09 6.4273E-09 7.1548E-09 7.8668E-09 8.5528E-09 9.2062E-09 9.8199E-09 1.0388E-08 1.0911E-08 1.1390E-08 1.1822E-08 1.2204E-08 1.2533E-08 1.2811E-08 1.3039E-08 1.3217E-08 1.3351E-08 1.3440E-08 1.3489E-08 1.3502E-08 1.3483E-08 1.3433E-08 1.3355E-08 1.3251E-08 1.3123E-08 1.2971E-08 1.2801E-08 1.2612E-08 1.2411E-08 1.2198E-08 1.1972E-08 1.1738E-08 1.1494E-08 1.1244E-08 1.0984E-08 1.0721E-08 1.0447E-08 1.0169E-08 9.8852E-09 9.5967E-09 9.3058E-09 9.0162E-09 8.7250E-09 8.4345E-09 8.1443E-09 7.8549E-09 7.5700E-09 7.2859E-09 7.0057E-09 6.7293E-09 6.4582E-09 6.1925E-09 5.9333E-09 5.6797E-09
3.6395E-09 4.3249E-09 5.0515E-09 5.8052E-09 6.5721E-09 7.3387E-09 8.0888E-09 8.8133E-09 9.5010E-09 1.0148E-08 1.0743E-08 1.1288E-08 1.1783E-08 1.2231E-08 1.2627E-08 1.2967E-08 1.3254E-08 1.3487E-08 1.3673E-08 1.3809E-08 1.3899E-08 1.3947E-08 1.3958E-08 1.3935E-08 1.3881E-08 1.3799E-08 1.3692E-08 1.3560E-08 1.3404E-08 1.3228E-08 1.3036E-08 1.2825E-08 1.2603E-08 1.2370E-08 1.2131E-08 1.1877E-08 1.1620E-08 1.1353E-08 1.1079E-08 1.0799E-08 1.0512E-08 1.0223E-08 9.9278E-09 9.6279E-09 9.3267E-09 9.0249E-09 8.7219E-09 8.4211E-09 8.1202E-09 7.8233E-09 7.5287E-09 7.2373E-09 6.9512E-09 6.6692E-09 6.3923E-09 6.1212E-09 5.8567E-09
3.6441E-09 4.3520E-09 5.1087E-09 5.8988E-09 6.7053E-09 7.5110E-09 8.3029E-09 9.0656E-09 9.7932E-09 1.0472E-08 1.1099E-08 1.1670E-08 1.2184E-08 1.2645E-08 1.3052E-08 1.3405E-08 1.3700E-08 1.3942E-08 1.4131E-08 1.4270E-08 1.4362E-08 1.4410E-08 1.4418E-08 1.4391E-08 1.4333E-08 1.4248E-08 1.4137E-08 1.3998E-08 1.3839E-08 1.3660E-08 1.3458E-08 1.3242E-08 1.3015E-08 1.2775E-08 1.2524E-08 1.2264E-08 1.1994E-08 1.1720E-08 1.1438E-08 1.1153E-08 1.0859E-08 1.0560E-08 1.0256E-08 9.9472E-09 9.6352E-09 9.3220E-09 9.0090E-09 8.6943E-09 8.3854E-09 8.0760E-09 7.7697E-09 7.4664E-09 7.1668E-09 6.8724E-09 6.5832E-09 6.2999E-09 6.0236E-09
3.6319E-09 4.3623E-09 5.1504E-09 5.9753E-09 6.8218E-09 7.6693E-09 8.5036E-09 9.3106E-09 1.0076E-08 1.0793E-08 1.1452E-08 1.2052E-08 1.2590E-08 1.3064E-08 1.3483E-08 1.3844E-08 1.4150E-08 1.4398E-08 1.4592E-08 1.4734E-08 1.4827E-08 1.4875E-08 1.4882E-08 1.4850E-08 1.4789E-08 1.4698E-08 1.4581E-08 1.4439E-08 1.4277E-08 1.4090E-08 1.3887E-08 1.3668E-08 1.3429E-08 1.3182E-08 1.2921E-08 1.2655E-08 1.2379E-08 1.2097E-08 1.1809E-08 1.1513E-08 1.1214E-08 1.0907E-08 1.0596E-08 1.0280E-08 9.9587E-09 9.6360E-09 9.3145E-09 8.9898E-09 8.6668E-09 8.3457E-09 8.0257E-09 7.7118E-09 7.4004E-09 7.0952E-09 6.7954E-09 6.5015E-09 6.2139E-09
3.6060E-09 4.3562E-09 5.1711E-09 6.0318E-09 6.9189E-09 7.8110E-09 8.6893E-09 9.5414E-09 1.0349E-08 1.1105E-08 1.1800E-08 1.2431E-08 1.2991E-08 1.3487E-08 1.3915E-08 1.4286E-08 1.4599E-08 1.4854E-08 1.5053E-08 1.5198E-08 1.5294E-08 1.5342E-08 1.5346E-08 1.5313E-08 1.5246E-08 1.5149E-08 1.5029E-08 1.4883E-08 1.4712E-08 1.4526E-08 1.4317E-08 1.4091E-08 1.3847E-08 1.3589E-08 1.3325E-08 1.3051E-08 1.2768E-08 1.2477E-08 1.2180E-08 1.1879E-08 1.1570E-08 1.1258E-08 1.0938E-08 1.0616E-08 1.0289E-08 9.9567E-09 9.6216E-09 9.2873E-09 8.9525E-09 8.6210E-09 8.2911E-09 7.9654E-09 7.6447E-09 7.3257E-09 7.0126E-09 6.7047E-09 6.4031E-09
3.5633E-09 4.3306E-09 5.1721E-09 6.0661E-09 6.9931E-09 7.9301E-09 8.8564E-09 9.7539E-09 1.0607E-08 1.1404E-08 1.2138E-08 1.2800E-08 1.3390E-08 1.3905E-08 1.4350E-08 1.4729E-08 1.5048E-08 1.5310E-08 1.5513E-08 1.5661E-08 1.5758E-08 1.5806E-08 1.5810E-08 1.5775E-08 1.5701E-08 1.5601E-08 1.5473E-08 1.5321E-08 1.5152E-08 1.4958E-08 1.4745E-08 1.4512E-08 1.4265E-08 1.4005E-08 1.3731E-08 1.3449E-08 1.3158E-08 1.2861E-08 1.2556E-08 1.2248E-08 1.1934E-08 1.1613E-08 1.1292E-08 1.0960E-08 1.0625E-08 1.0284E-08 9.9416E-09 9.5975E-09 9.2546E-09 8.9107E-09 8.5689E-09 8.2293E-09 7.8940E-09 7.5640E-09 7.2372E-09 6.9173E-09 6.6024E-09
3.5066E-09 4.2863E-09 5.1494E-09 6.0749E-09 7.0426E-09 8.0255E-09 8.9982E-09 9.9441E-09 1.0846E-08 1.1686E-08 1.2461E-08 1.3158E-08 1.3777E-08 1.4317E-08 1.4781E-08 1.5171E-08 1.5495E-08 1.5761E-08 1.5969E-08 1.6121E-08 1.6218E-08 1.6268E-08 1.6272E-08 1.6231E-08 1.6157E-08 1.6050E-08 1.5915E-08 1.5762E-08 1.5583E-08 1.5386E-08 1.5167E-08 1.4932E-08 1.4683E-08 1.4416E-08 1.4137E-08 1.3848E-08 1.3552E-08 1.3247E-08 1.2938E-08 1.2621E-08 1.2304E-08 1.1979E-08 1.1647E-08 1.1310E-08 1.0970E-08 1.0623E-08 1.0274E-08 9.9200E-09 9.5642E-09 9.2096E-09 8.8567E-09 8.5078E-09 8.1623E-09 7.8210E-09 7.4830E-09 7.1493E-09 6.8209E-09
3.4375E-09 4.2212E-09 5.1036E-09 6.0576E-09 7.0620E-09 8.0892E-09 9.1125E-09 1.0108E-08 1.1059E-08 1.1948E-08 1.2763E-08 1.3500E-08 1.4150E-08 1.4718E-08 1.5202E-08 1.5607E-08 1.5940E-08 1.6208E-08 1.6419E-08 1.6573E-08 1.6673E-08 1.6723E-08 1.6724E-08 1.6685E-08 1.6605E-08 1.6492E-08 1.6356E-08 1.6194E-08 1.6011E-08 1.5807E-08 1.5589E-08 1.5349E-08 1.5094E-08 1.4824E-08 1.4542E-08 1.4248E-08 1.3946E-08 1.3637E-08 1.3321E-08 1.3004E-08 1.2676E-08 1.2346E-08 1.2011E-08 1.1670E-08 1.1324E-08 1.0971E-08 1.0613E-08 1.0253E-08 9.8885E-09 9.5265E-09 9.1633E-09 8.8007E-09 8.4423E-09 8.0858E-09 7.7371E-09 7.3917E-09 7.0508E-09
3.3685E-09 4.1408E-09 5.0317E-09 6.0101E-09 7.0510E-09 8.1193E-09 9.1913E-09 1.0241E-08 1.1242E-08 1.2180E-08 1.3042E-08 1.3819E-08 1.4506E-08 1.5101E-08 1.5609E-08 1.6032E-08 1.6376E-08 1.6649E-08 1.6861E-08 1.7016E-08 1.7118E-08 1.7168E-08 1.7170E-08 1.7127E-08 1.7044E-08 1.6932E-08 1.6788E-08 1.6619E-08 1.6429E-08 1.6225E-08 1.5999E-08 1.5757E-08 1.5499E-08 1.5227E-08 1.4943E-08 1.4646E-08 1.4339E-08 1.4029E-08 1.3710E-08 1.3385E-08 1.3055E-08 1.2720E-08 1.2379E-08 1.2034E-08 1.1683E-08 1.1327E-08 1.0964E-08 1.0598E-08 1.0226E-08 9.8515E-09 9.4782E-09 9.1059E-09 8.7379E-09 8.3716E-09 8.0087E-09 7.6504E-09 7.2962E-09
3.3098E-09 4.0512E-09 4.9380E-09 5.9334E-09 7.0037E-09 8.1140E-09 9.2334E-09 1.0333E-08 1.1389E-08 1.2378E-08 1.3289E-08 1.4110E-08 1.4834E-08 1.5462E-08 1.5996E-08 1.6440E-08 1.6798E-08 1.7079E-08 1.7292E-08 1.7448E-08 1.7551E-08 1.7600E-08 1.7602E-08 1.7557E-08 1.7478E-08 1.7358E-08 1.7209E-08 1.7032E-08 1.6842E-08 1.6629E-08 1.6401E-08 1.6156E-08 1.5897E-08 1.5623E-08 1.5337E-08 1.5040E-08 1.4734E-08 1.4418E-08 1.4097E-08 1.3770E-08 1.3437E-08 1.3099E-08 1.2754E-08 1.2407E-08 1.2050E-08 1.1691E-08 1.1322E-08 1.0949E-08 1.0571E-08 1.0191E-08 9.8124E-09 9.4318E-09 9.0503E-09 8.6720E-09 8.2952E-09 7.9224E-09 7.5573E-09
3.2620E-09 3.9711E-09 4.8279E-09 5.8263E-09 6.9198E-09 8.0661E-09 9.2324E-09 1.0383E-08 1.1492E-08 1.2537E-08 1.3497E-08 1.4366E-08 1.5131E-08 1.5794E-08 1.6357E-08 1.6824E-08 1.7199E-08 1.7493E-08 1.7710E-08 1.7867E-08 1.7965E-08 1.8017E-08 1.8017E-08 1.7977E-08 1.7890E-08 1.7769E-08 1.7614E-08 1.7439E-08 1.7239E-08 1.7021E-08 1.6790E-08 1.6544E-08 1.6284E-08 1.6010E-08 1.5724E-08 1.5429E-08 1.5121E-08 1.4804E-08 1.4484E-08 1.4154E-08 1.3819E-08 1.3481E-08 1.3132E-08 1.2783E-08 1.2424E-08 1.2059E-08 1.1687E-08 1.1312E-08 1.0934E-08 1.0547E-08 1.0157E-08 9.7657E-09 9.3774E-09 8.9899E-09 8.6016E-09 8.2161E-09 7.8339E-09
3.2044E-09 3.9002E-09 4.7200E-09 5.6945E-09 6.7986E-09 7.9770E-09 9.1824E-09 1.0383E-08 1.1546E-08 1.2645E-08 1.3660E-08 1.4578E-08 1.5388E-08 1.6090E-08 1.6685E-08 1.7177E-08 1.7573E-08 1.7880E-08 1.8107E-08 1.8266E-08 1.8365E-08 1.8411E-08 1.8416E-08 1.8370E-08 1.8285E-08 1.8160E-08 1.8007E-08 1.7824E-08 1.7619E-08 1.7400E-08 1.7165E-08 1.6917E-08 1.6657E-08 1.6384E-08 1.6102E-08 1.5806E-08 1.5500E-08 1.5189E-08 1.4864E-08 1.4539E-08 1.4203E-08 1.3860E-08 1.3515E-08 1.3159E-08 1.2800E-08 1.2434E-08 1.2065E-08 1.1686E-08 1.1300E-08 1.0910E-08 1.0518E-08 1.0119E-08 9.7210E-09 9.3215E-09 8.9250E-09 8.5294E-09 8.1332E-09
3.1203E-09 3.8306E-09 4.6224E-09 5.5566E-09 6.6456E-09 7.8405E-09 9.0837E-09 1.0329E-08 1.1544E-08 1.2698E-08 1.3768E-08 1.4741E-08 1.5598E-08 1.6342E-08 1.6972E-08 1.7493E-08 1.7912E-08 1.8236E-08 1.8476E-08 1.8640E-08 1.8739E-08 1.8784E-08 1.8786E-08 1.8741E-08 1.8654E-08 1.8531E-08 1.8374E-08 1.8189E-08 1.7982E-08 1.7759E-08 1.7522E-08 1.7274E-08 1.7014E-08 1.6746E-08 1.6463E-08 1.6171E-08 1.5872E-08 1.5560E-08 1.5245E-08 1.4915E-08 1.4583E-08 1.4242E-08 1.3894E-08 1.3539E-08 1.3182E-08 1.2818E-08 1.2444E-08 1.2064E-08 1.1680E-08 1.1287E-08 1.0888E-08 1.0485E-08 1.0085E-08 9.6836E-09 9.2789E-09 8.8716E-09 8.4662E-09
3.0415E-09 3.7272E-09 4.5293E-09 5.4258E-09 6.4735E-09 7.6633E-09 8.9300E-09 1.0218E-08 1.1482E-08 1.2689E-08 1.3815E-08 1.4842E-08 1.5752E-08 1.6541E-08 1.7210E-08 1.7764E-08 1.8209E-08 1.8553E-08 1.8806E-08 1.8982E-08 1.9084E-08 1.9130E-08 1.9126E-08 1.9082E-08 1.8994E-08 1.8872E-08 1.8715E-08 1.8529E-08 1.8322E-08 1.8097E-08 1.7860E-08 1.7611E-08 1.7354E-08 1.7087E-08 1.6809E-08 1.6523E-08 1.6227E-08 1.5926E-08 1.5610E-08 1.5288E-08 1.4956E-08 1.4617E-08 1.4274E-08 1.3926E-08 1.3566E-08 1.3200E-08 1.2832E-08 1.2452E-08 1.2066E-08 1.1671E-08 1.1279E-08 1.0878E-08 1.0472E-08 1.0059E-08 9.6474E-09 9.2364E-09 8.8202E-09
2.9482E-09 3.6137E-09 4.4085E-09 5.2999E-09 6.3046E-09 7.4549E-09 8.7239E-09 1.0043E-08 1.1351E-08 1.2611E-08 1.3792E-08 1.4876E-08 1.5838E-08 1.6677E-08 1.7389E-08 1.7979E-08 1.8454E-08 1.8822E-08 1.9094E-08 1.9280E-08 1.9394E-08 1.9441E-08 1.9436E-08 1.9388E-08 1.9304E-08 1.9180E-08 1.9024E-08 1.8841E-08 1.8635E-08 1.8410E-08 1.8173E-08 1.7925E-08 1.7672E-08 1.7407E-08 1.7137E-08 1.6855E-08 1.6571E-08 1.6272E-08 1.5965E-08 1.5647E-08 1.5320E-08 1.4989E-08 1.4652E-08 1.4303E-08 1.3948E-08 1.3589E-08 1.3220E-08 1.2844E-08 1.2460E-08 1.2078E-08 1.1683E-08 1.1279E-08 1.0867E-08 1.0464E-08 1.0045E-08 9.6219E-09 9.2013E-09
2.8447E-09 3.4892E-09 4.2582E-09 5.1513E-09 6.1379E-09 7.2408E-09 8.4766E-09 9.8057E-09 1.1150E-08 1.2458E-08 1.3693E-08 1.4833E-08 1.5850E-08 1.6741E-08 1.7500E-08 1.8130E-08 1.8639E-08 1.9034E-08 1.9327E-08 1.9531E-08 1.9656E-08 1.9710E-08 1.9707E-08 1.9659E-08 1.9573E-08 1.9452E-08 1.9299E-08 1.9119E-08 1.8915E-08 1.8693E-08 1.8458E-08 1.8215E-08 1.7963E-08 1.7706E-08 1.7440E-08 1.7172E-08 1.6890E-08 1.6601E-08 1.6300E-08 1.5991E-08 1.5677E-08 1.5353E-08 1.5019E-08 1.4677E-08 1.4331E-08 1.3976E-08 1.3610E-08 1.3250E-08 1.2870E-08 1.2487E-08 1.2092E-08 1.1706E-08 1.1298E-08 1.0887E-08 1.0464E-08 1.0057E-08 9.6334E-09
2.7299E-09 3.3557E-09 4.0991E-09 4.9663E-09 5.9587E-09 7.0239E-09 8.2099E-09 9.5128E-09 1.0878E-08 1.2226E-08 1.3512E-08 1.4706E-08 1.5779E-08 1.6721E-08 1.7532E-08 1.8205E-08 1.8754E-08 1.9180E-08 1.9497E-08 1.9723E-08 1.9862E-08 1.9929E-08 1.9933E-08 1.9887E-08 1.9800E-08 1.9681E-08 1.9532E-08 1.9357E-08 1.9159E-08 1.8942E-08 1.8713E-08 1.8472E-08 1.8228E-08 1.7975E-08 1.7722E-08 1.7459E-08 1.7189E-08 1.6906E-08 1.6617E-08 1.6321E-08 1.6017E-08 1.5702E-08 1.5379E-08 1.5047E-08 1.4707E-08 1.4362E-08 1.4013E-08 1.3648E-08 1.3281E-08 1.2908E-08 1.2530E-08 1.2139E-08 1.1735E-08 1.1341E-08 1.0931E-08 1.0508E-08 1.0081E-08
2.6228E-09 3.2040E-09 3.9226E-09 4.7664E-09 5.7310E-09 6.7982E-09 7.9367E-09 9.1872E-09 1.0538E-08 1.1912E-08 1.3240E-08 1.4488E-08 1.5615E-08 1.6614E-08 1.7473E-08 1.8197E-08 1.8786E-08 1.9250E-08 1.9598E-08 1.9848E-08 2.0006E-08 2.0087E-08 2.0104E-08 2.0064E-08 1.9981E-08 1.9864E-08 1.9720E-08 1.9552E-08 1.9360E-08 1.9151E-08 1.8928E-08 1.8697E-08 1.8457E-08 1.8216E-08 1.7970E-08 1.7717E-08 1.7457E-08 1.7187E-08 1.6912E-08 1.6630E-08 1.6337E-08 1.6037E-08 1.5723E-08 1.5402E-08 1.5078E-08 1.4748E-08 1.4403E-08 1.4053E-08 1.3699E-08 1.3340E-08 1.2967E-08 1.2592E-08 1.2216E-08 1.1815E-08 1.1410E-08 1.0997E-08 1.0590E-08
2.5089E-09 3.0527E-09 3.7300E-09 4.5409E-09 5.4781E-09 6.5257E-09 7.6543E-09 8.8496E-09 1.0151E-08 1.1521E-08 1.2881E-08 1.4174E-08 1.5353E-08 1.6405E-08 1.7320E-08 1.8094E-08 1.8729E-08 1.9232E-08 1.9615E-08 1.9894E-08 2.0078E-08 2.0179E-08 2.0211E-08 2.0183E-08 2.0110E-08 1.9996E-08 1.9858E-08 1.9697E-08 1.9515E-08 1.9317E-08 1.9102E-08 1.8880E-08 1.8651E-08 1.8421E-08 1.8184E-08 1.7944E-08 1.7693E-08 1.7441E-08 1.7180E-08 1.6910E-08 1.6635E-08 1.6348E-08 1.6050E-08 1.5748E-08 1.5441E-08 1.5119E-08 1.4794E-08 1.4463E-08 1.4121E-08 1.3773E-08 1.3429E-08 1.3071E-08 1.2698E-08 1.2308E-08 1.1933E-08 1.1529E-08 1.1123E-08
2.3962E-09 2.9114E-09 3.5277E-09 4.2982E-09 5.2006E-09 6.2191E-09 7.3304E-09 8.5014E-09 9.7426E-09 1.1068E-08 1.2433E-08 1.3762E-08 1.4988E-08 1.6093E-08 1.7060E-08 1.7886E-08 1.8572E-08 1.9118E-08 1.9543E-08 1.9854E-08 2.0068E-08 2.0194E-08 2.0245E-08 2.0235E-08 2.0176E-08 2.0073E-08 1.9941E-08 1.9788E-08 1.9619E-08 1.9431E-08 1.9231E-08 1.9019E-08 1.8805E-08 1.8585E-08 1.8362E-08 1.8132E-08 1.7899E-08 1.7659E-08 1.7416E-08 1.7163E-08 1.6905E-08 1.6633E-08 1.6359E-08 1.6079E-08 1.5783E-08 1.5485E-08 1.5178E-08 1.4863E-08 1.4549E-08 1.4223E-08 1.3895E-08 1.3550E-08 1.3199E-08 1.2845E-08 1.2468E-08 1.2085E-08 1.1698E-08
2.3128E-09 2.7814E-09 3.3371E-09 4.0409E-09 4.9052E-09 5.8840E-09 6.9615E-09 8.1167E-09 9.3197E-09 1.0583E-08 1.1911E-08 1.3252E-08 1.4517E-08 1.5670E-08 1.6690E-08 1.7570E-08 1.8304E-08 1.8903E-08 1.9368E-08 1.9720E-08 1.9967E-08 2.0122E-08 2.0199E-08 2.0212E-08 2.0172E-08 2.0085E-08 1.9965E-08 1.9822E-08 1.9665E-08 1.9492E-08 1.9307E-08 1.9112E-08 1.8912E-08 1.8706E-08 1.8495E-08 1.8283E-08 1.8063E-08 1.7844E-08 1.7616E-08 1.7386E-08 1.7143E-08 1.6896E-08 1.6646E-08 1.6381E-08 1.6113E-08 1.5829E-08 1.5549E-08 1.5263E-08 1.4970E-08 1.4672E-08 1.4365E-08 1.4055E-08 1.3726E-08 1.3383E-08 1.3045E-08 1.2689E-08 1.2318E-08
2.2205E-09 2.6536E-09 3.1598E-09 3.7956E-09 4.5869E-09 5.5241E-09 6.5636E-09 7.6840E-09 8.8668E-09 1.0078E-08 1.1343E-08 1.2658E-08 1.3944E-08 1.5135E-08 1.6207E-08 1.7137E-08 1.7925E-08 1.8572E-08 1.9085E-08 1.9482E-08 1.9768E-08 1.9958E-08 2.0066E-08 2.0106E-08 2.0090E-08 2.0025E-08 1.9922E-08 1.9795E-08 1.9650E-08 1.9495E-08 1.9326E-08 1.9151E-08 1.8966E-08 1.8777E-08 1.8584E-08 1.8385E-08 1.8187E-08 1.7985E-08 1.7781E-08 1.7567E-08 1.7349E-08 1.7124E-08 1.6897E-08 1.6659E-08 1.6413E-08 1.6160E-08 1.5908E-08 1.5652E-08 1.5384E-08 1.5124E-08 1.4847E-08 1.4557E-08 1.4254E-08 1.3958E-08 1.3645E-08 1.3315E-08 1.2980E-08
2.1155E-09 2.5180E-09 3.0031E-09 3.5631E-09 4.2740E-09 5.1398E-09 6.1356E-09 7.2188E-09 8.3615E-09 9.5436E-09 1.0753E-08 1.2008E-08 1.3277E-08 1.4494E-08 1.5606E-08 1.6587E-08 1.7427E-08 1.8126E-08 1.8691E-08 1.9133E-08 1.9464E-08 1.9693E-08 1.9836E-08 1.9910E-08 1.9924E-08 1.9884E-08 1.9806E-08 1.9701E-08 1.9572E-08 1.9433E-08 1.9285E-08 1.9131E-08 1.8967E-08 1.8794E-08 1.8620E-08 1.8440E-08 1.8264E-08 1.8083E-08 1.7899E-08 1.7711E-08 1.7514E-08 1.7320E-08 1.7113E-08 1.6906E-08 1.6690E-08 1.6468E-08 1.6249E-08 1.6020E-08 1.5796E-08 1.5564E-08 1.5318E-08 1.5060E-08 1.4811E-08 1.4547E-08 1.4267E-08 1.3983E-08 1.3684E-08
1.9928E-09 2.3809E-09 2.8415E-09 3.3525E-09 3.9776E-09 4.7543E-09 5.6816E-09 6.7191E-09 7.8255E-09 8.9722E-09 1.0133E-08 1.1329E-08 1.2543E-08 1.3755E-08 1.4895E-08 1.5919E-08 1.6807E-08 1.7561E-08 1.8177E-08 1.8671E-08 1.9049E-08 1.9322E-08 1.9508E-08 1.9618E-08 1.9666E-08 1.9658E-08 1.9609E-08 1.9529E-08 1.9425E-08 1.9307E-08 1.9180E-08 1.9047E-08 1.8905E-08 1.8757E-08 1.8600E-08 1.8445E-08 1.8288E-08 1.8132E-08 1.7972E-08 1.7806E-08 1.7642E-08 1.7470E-08 1.7298E-08 1.7116E-08 1.6937E-08 1.6747E-08 1.6555E-08 1.6376E-08 1.6181E-08 1.5989E-08 1.5781E-08 1.5577E-08 1.5370E-08 1.5146E-08 1.4920E-08 1.4680E-08 1.4440E-08
