Assets/Resources/2015_m01_d21_1600(utc+0800)_l00_csi_1hr_conc.grd
DSAA
         159         159
     -79.000      79.000
     -79.000      79.000
  0.2021E-10  0.3364E-05
[rows 100 to 124 of 159, columns 0 to 56 of 159]
1.0468E-10 1.0827E-10 1.1193E-10 1.1578E-10 1.1962E-10 1.2375E-10 1.2781E-10 1.3218E-10 1.3679E-10 1.4123E-10 1.4597E-10 1.5075E-10 1.5567E-10 1.6077E-10 1.6588E-10 1.7125E-10 1.7656E-10 1.8218E-10 1.8778E-10 1.9369E-10 1.9969E-10 2.0585E-10 2.1215E-10 2.1861E-10 2.2517E-10 2.3195E-10 2.3891E-10 2.4600E-10 2.5329E-10 2.6065E-10 2.6829E-10 2.7598E-10 2.8395E-10 2.9207E-10 3.0038E-10 3.0877E-10 3.1751E-10 3.2624E-10 3.3523E-10 3.4435E-10 3.5367E-10 3.6312E-10 3.7274E-10 3.8252E-10 3.9247E-10 4.0253E-10 4.1270E-10 4.2308E-10 4.3361E-10 4.4425E-10 4.5508E-10 4.6607E-10 4.7714E-10 4.8841E-10 4.9981E-10 5.1130E-10 5.2297E-10
1.0258E-10 1.0611E-10 1.0978E-10 1.1342E-10 1.1735E-10 1.2116E-10 1.2532E-10 1.2958E-10 1.3381E-10 1.3844E-10 1.4291E-10 1.4767E-10 1.5248E-10 1.5741E-10 1.6254E-10 1.6767E-10 1.7305E-10 1.7838E-10 1.8402E-10 1.8963E-10 1.9555E-10 2.0156E-10 2.0773E-10 2.1404E-10 2.2050E-10 2.2706E-10 2.3384E-10 2.4079E-10 2.4788E-10 2.5510E-10 2.6250E-10 2.7013E-10 2.7780E-10 2.8575E-10 2.9384E-10 3.0212E-10 3.1047E-10 3.1917E-10 3.2786E-10 3.3680E-10 3.4586E-10 3.5513E-10 3.6452E-10 3.7407E-10 3.8377E-10 3.9364E-10 4.0362E-10 4.1370E-10 4.2398E-10 4.3441E-10 4.4494E-10 4.5566E-10 4.6652E-10 4.7747E-10 4.8860E-10 4.9986E-10 5.1120E-10
1.0057E-10 1.0405E-10 1.0756E-10 1.1121E-10 1.1488E-10 1.1883E-10 1.2267E-10 1.2686E-10 1.3114E-10 1.3547E-10 1.4005E-10 1.4454E-10 1.4932E-10 1.5415E-10 1.5910E-10 1.6425E-10 1.6940E-10 1.7479E-10 1.8013E-10 1.8578E-10 1.9140E-10 1.9733E-10 2.0330E-10 2.0952E-10 2.1578E-10 2.2230E-10 2.2885E-10 2.3562E-10 2.4257E-10 2.4965E-10 2.5685E-10 2.6424E-10 2.7184E-10 2.7949E-10 2.8741E-10 2.9546E-10 3.0370E-10 3.1202E-10 3.2059E-10 3.2931E-10 3.3820E-10 3.4720E-10 3.5641E-10 3.6572E-10 3.7520E-10 3.8474E-10 3.9460E-10 4.0449E-10 4.1448E-10 4.2466E-10 4.3498E-10 4.4539E-10 4.5594E-10 4.6667E-10 4.7754E-10 4.8848E-10 4.9959E-10
9.8566E-11 1.0189E-10 1.0545E-10 1.0893E-10 1.1266E-10 1.1630E-10 1.2028E-10 1.2419E-10 1.2835E-10 1.3271E-10 1.3701E-10 1.4161E-10 1.4612E-10 1.5092E-10 1.5576E-10 1.6073E-10 1.6589E-10 1.7106E-10 1.7646E-10 1.8182E-10 1.8747E-10 1.9310E-10 1.9903E-10 2.0494E-10 2.1122E-10 2.1742E-10 2.2399E-10 2.3049E-10 2.3730E-10 2.4409E-10 2.5129E-10 2.5848E-10 2.6584E-10 2.7342E-10 2.8104E-10 2.8884E-10 2.9694E-10 3.0505E-10 3.1341E-10 3.2193E-10 3.3060E-10 3.3942E-10 3.4827E-10 3.5741E-10 3.6665E-10 3.7613E-10 3.8558E-10 3.9527E-10 4.0510E-10 4.1503E-10 4.2506E-10 4.3526E-10 4.4555E-10 4.5597E-10 4.6662E-10 4.7729E-10 4.8809E-10
9.6551E-11 9.9932E-11 1.0327E-10 1.0677E-10 1.1027E-10 1.1402E-10 1.1769E-10 1.2169E-10 1.2570E-10 1.2980E-10 1.3418E-10 1.3850E-10 1.4312E-10 1.4764E-10 1.5246E-10 1.5732E-10 1.6230E-10 1.6748E-10 1.7265E-10 1.7806E-10 1.8342E-10 1.8908E-10 1.9471E-10 2.0065E-10 2.0655E-10 2.1283E-10 2.1902E-10 2.2558E-10 2.3207E-10 2.3886E-10 2.4564E-10 2.5282E-10 2.5989E-10 2.6732E-10 2.7478E-10 2.8239E-10 2.9021E-10 2.9821E-10 3.0633E-10 3.1464E-10 3.2310E-10 3.3162E-10 3.4038E-10 3.4924E-10 3.5821E-10 3.6746E-10 3.7677E-10 3.8617E-10 3.9576E-10 4.0554E-10 4.1532E-10 4.2522E-10 4.3531E-10 4.4552E-10 4.5581E-10 4.6626E-10 4.7684E-10
9.4522E-11 9.7768E-11 1.0117E-10 1.0454E-10 1.0806E-10 1.1158E-10 1.1535E-10 1.1904E-10 1.2306E-10 1.2714E-10 1.3121E-10 1.3561E-10 1.3995E-10 1.4458E-10 1.4912E-10 1.5395E-10 1.5882E-10 1.6381E-10 1.6899E-10 1.7417E-10 1.7959E-10 1.8495E-10 1.9061E-10 1.9624E-10 2.0217E-10 2.0807E-10 2.1434E-10 2.2052E-10 2.2707E-10 2.3354E-10 2.4026E-10 2.4707E-10 2.5417E-10 2.6127E-10 2.6860E-10 2.7608E-10 2.8366E-10 2.9143E-10 2.9929E-10 3.0737E-10 3.1561E-10 3.2401E-10 3.3255E-10 3.4115E-10 3.5003E-10 3.5892E-10 3.6804E-10 3.7725E-10 3.8661E-10 3.9600E-10 4.0571E-10 4.1542E-10 4.2521E-10 4.3516E-10 4.4524E-10 4.5539E-10 4.6566E-10
9.2333E-11 9.5811E-11 9.8957E-11 1.0238E-10 1.0577E-10 1.0936E-10 1.1285E-10 1.1664E-10 1.2035E-10 1.2439E-10 1.2849E-10 1.3258E-10 1.3699E-10 1.4134E-10 1.4598E-10 1.5053E-10 1.5537E-10 1.6025E-10 1.6525E-10 1.7043E-10 1.7561E-10 1.8103E-10 1.8640E-10 1.9200E-10 1.9768E-10 2.0360E-10 2.0950E-10 2.1575E-10 2.2192E-10 2.2839E-10 2.3490E-10 2.4159E-10 2.4838E-10 2.5545E-10 2.6251E-10 2.6975E-10 2.7716E-10 2.8478E-10 2.9242E-10 3.0032E-10 3.0833E-10 3.1651E-10 3.2476E-10 3.3323E-10 3.4184E-10 3.5059E-10 3.5944E-10 3.6838E-10 3.7749E-10 3.8683E-10 3.9612E-10 4.0562E-10 4.1530E-10 4.2496E-10 4.3474E-10 4.4468E-10 4.5469E-10
9.0322E-11 9.3629E-11 9.7001E-11 1.0025E-10 1.0357E-10 1.0697E-10 1.1058E-10 1.1409E-10 1.1790E-10 1.2162E-10 1.2568E-10 1.2979E-10 1.3389E-10 1.3831E-10 1.4260E-10 1.4733E-10 1.5181E-10 1.5674E-10 1.6154E-10 1.6662E-10 1.7167E-10 1.7691E-10 1.8235E-10 1.8776E-10 1.9336E-10 1.9903E-10 2.0489E-10 2.1083E-10 2.1701E-10 2.2321E-10 2.2966E-10 2.3614E-10 2.4281E-10 2.4957E-10 2.5649E-10 2.6363E-10 2.7083E-10 2.7819E-10 2.8576E-10 2.9334E-10 3.0118E-10 3.0908E-10 3.1716E-10 3.2542E-10 3.3382E-10 3.4235E-10 3.5092E-10 3.5968E-10 3.6861E-10 3.7762E-10 3.8676E-10 3.9602E-10 4.0541E-10 4.1491E-10 4.2444E-10 4.3408E-10 4.4393E-10
8.8188E-11 9.1548E-11 9.4793E-11 9.8113E-11 1.0139E-10 1.0471E-10 1.0813E-10 1.1176E-10 1.1533E-10 1.1911E-10 1.2290E-10 1.2692E-10 1.3104E-10 1.3516E-10 1.3954E-10 1.4388E-10 1.4854E-10 1.5310E-10 1.5796E-10 1.6284E-10 1.6784E-10 1.7297E-10 1.7820E-10 1.8356E-10 1.8905E-10 1.9458E-10 2.0029E-10 2.0614E-10 2.1206E-10 2.1816E-10 2.2440E-10 2.3077E-10 2.3728E-10 2.4380E-10 2.5063E-10 2.5751E-10 2.6461E-10 2.7177E-10 2.7908E-10 2.8659E-10 2.9406E-10 3.0181E-10 3.0972E-10 3.1774E-10 3.2592E-10 3.3414E-10 3.4258E-10 3.5116E-10 3.5981E-10 3.6855E-10 3.7750E-10 3.8657E-10 3.9567E-10 4.0484E-10 4.1430E-10 4.2374E-10 4.3324E-10
8.6134E-11 8.9317E-11 9.2820E-11 9.5994E-11 9.9195E-11 1.0248E-10 1.0588E-10 1.0926E-10 1.1290E-10 1.1649E-10 1.2028E-10 1.2403E-10 1.2811E-10 1.3224E-10 1.3637E-10 1.4076E-10 1.4510E-10 1.4972E-10 1.5434E-10 1.5914E-10 1.6399E-10 1.6900E-10 1.7412E-10 1.7942E-10 1.8471E-10 1.9024E-10 1.9576E-10 2.0146E-10 2.0723E-10 2.1318E-10 2.1921E-10 2.2548E-10 2.3170E-10 2.3829E-10 2.4478E-10 2.5157E-10 2.5841E-10 2.6546E-10 2.7247E-10 2.7976E-10 2.8719E-10 2.9468E-10 3.0236E-10 3.1020E-10 3.1805E-10 3.2615E-10 3.3438E-10 3.4264E-10 3.5111E-10 3.5971E-10 3.6839E-10 3.7713E-10 3.8604E-10 3.9506E-10 4.0419E-10 4.1343E-10 4.2277E-10
8.4016E-11 8.7366E-11 9.0496E-11 9.3909E-11 9.7072E-11 1.0024E-10 1.0355E-10 1.0696E-10 1.1036E-10 1.1401E-10 1.1761E-10 1.2141E-10 1.2517E-10 1.2926E-10 1.3327E-10 1.3753E-10 1.4180E-10 1.4627E-10 1.5076E-10 1.5550E-10 1.6018E-10 1.6515E-10 1.7015E-10 1.7526E-10 1.8056E-10 1.8584E-10 1.9135E-10 1.9680E-10 2.0248E-10 2.0822E-10 2.1421E-10 2.2015E-10 2.2639E-10 2.3264E-10 2.3919E-10 2.4564E-10 2.5238E-10 2.5909E-10 2.6606E-10 2.7313E-10 2.8031E-10 2.8772E-10 2.9515E-10 3.0267E-10 3.1043E-10 3.1823E-10 3.2621E-10 3.3435E-10 3.4260E-10 3.5098E-10 3.5938E-10 3.6794E-10 3.7657E-10 3.8544E-10 3.9434E-10 4.0329E-10 4.1229E-10
8.2037E-11 8.5013E-11 8.8425E-11 9.1535E-11 9.4898E-11 9.8075E-11 1.0126E-10 1.0458E-10 1.0800E-10 1.1141E-10 1.1507E-10 1.1868E-10 1.2249E-10 1.2626E-10 1.3035E-10 1.3432E-10 1.3863E-10 1.4285E-10 1.4738E-10 1.5182E-10 1.5660E-10 1.6128E-10 1.6624E-10 1.7123E-10 1.7633E-10 1.8161E-10 1.8687E-10 1.9231E-10 1.9780E-10 2.0345E-10 2.0918E-10 2.1508E-10 2.2104E-10 2.2725E-10 2.3346E-10 2.3985E-10 2.4637E-10 2.5290E-10 2.5972E-10 2.6659E-10 2.7365E-10 2.8076E-10 2.8802E-10 2.9546E-10 3.0285E-10 3.1050E-10 3.1831E-10 3.2620E-10 3.3423E-10 3.4230E-10 3.5048E-10 3.5885E-10 3.6739E-10 3.7590E-10 3.8451E-10 3.9327E-10 4.0213E-10
7.9720E-11 8.3104E-11 8.6169E-11 8.9582E-11 9.2813E-11 9.5855E-11 9.9045E-11 1.0224E-10 1.0557E-10 1.0900E-10 1.1242E-10 1.1609E-10 1.1971E-10 1.2353E-10 1.2730E-10 1.3139E-10 1.3537E-10 1.3968E-10 1.4390E-10 1.4842E-10 1.5286E-10 1.5763E-10 1.6230E-10 1.6725E-10 1.7223E-10 1.7724E-10 1.8236E-10 1.8775E-10 1.9316E-10 1.9870E-10 2.0428E-10 2.1002E-10 2.1589E-10 2.2183E-10 2.2793E-10 2.3416E-10 2.4039E-10 2.4698E-10 2.5346E-10 2.6022E-10 2.6703E-10 2.7403E-10 2.8107E-10 2.8814E-10 2.9554E-10 3.0293E-10 3.1050E-10 3.1821E-10 3.2586E-10 3.3377E-10 3.4181E-10 3.4997E-10 3.5823E-10 3.6652E-10 3.7494E-10 3.8342E-10 3.9213E-10
7.7876E-11 8.0849E-11 8.4145E-11 8.7272E-11 9.0478E-11 9.3798E-11 9.6780E-11 9.9981E-11 1.0319E-10 1.0653E-10 1.0996E-10 1.1339E-10 1.1707E-10 1.2064E-10 1.2451E-10 1.2828E-10 1.3238E-10 1.3636E-10 1.4066E-10 1.4488E-10 1.4940E-10 1.5383E-10 1.5860E-10 1.6317E-10 1.6811E-10 1.7299E-10 1.7814E-10 1.8325E-10 1.8861E-10 1.9394E-10 1.9951E-10 2.0506E-10 2.1072E-10 2.1655E-10 2.2250E-10 2.2845E-10 2.3469E-10 2.4093E-10 2.4741E-10 2.5388E-10 2.6059E-10 2.6733E-10 2.7410E-10 2.8115E-10 2.8824E-10 2.9555E-10 3.0286E-10 3.1019E-10 3.1777E-10 3.2550E-10 3.3330E-10 3.4124E-10 3.4920E-10 3.5725E-10 3.6549E-10 3.7388E-10 3.8222E-10
7.5619E-11 7.8851E-11 8.1954E-11 8.5166E-11 8.8240E-11 9.1526E-11 9.4679E-11 9.7671E-11 1.0088E-10 1.0410E-10 1.0744E-10 1.1088E-10 1.1432E-10 1.1800E-10 1.2158E-10 1.2545E-10 1.2922E-10 1.3332E-10 1.3729E-10 1.4159E-10 1.4580E-10 1.5026E-10 1.5465E-10 1.5940E-10 1.6405E-10 1.6885E-10 1.7383E-10 1.7889E-10 1.8405E-10 1.8938E-10 1.9461E-10 2.0009E-10 2.0568E-10 2.1136E-10 2.1710E-10 2.2300E-10 2.2897E-10 2.3510E-10 2.4135E-10 2.4776E-10 2.5418E-10 2.6065E-10 2.6741E-10 2.7420E-10 2.8117E-10 2.8818E-10 2.9520E-10 3.0254E-10 3.0986E-10 3.1735E-10 3.2498E-10 3.3252E-10 3.4032E-10 3.4824E-10 3.5626E-10 3.6437E-10 3.7249E-10
7.3660E-11 7.6751E-11 7.9808E-11 8.2899E-11 8.6113E-11 8.9311E-11 9.2436E-11 9.5527E-11 9.8526E-11 1.0174E-10 1.0497E-10 1.0831E-10 1.1171E-10 1.1520E-10 1.1888E-10 1.2246E-10 1.2633E-10 1.3010E-10 1.3415E-10 1.3816E-10 1.4241E-10 1.4658E-10 1.5106E-10 1.5549E-10 1.6010E-10 1.6485E-10 1.6958E-10 1.7459E-10 1.7962E-10 1.8468E-10 1.8985E-10 1.9526E-10 2.0065E-10 2.0626E-10 2.1184E-10 2.1754E-10 2.2340E-10 2.2937E-10 2.3545E-10 2.4158E-10 2.4783E-10 2.5430E-10 2.6076E-10 2.6744E-10 2.7415E-10 2.8088E-10 2.8788E-10 2.9490E-10 3.0215E-10 3.0938E-10 3.1662E-10 3.2410E-10 3.3172E-10 3.3939E-10 3.4720E-10 3.5500E-10 3.6290E-10
7.1398E-11 7.4602E-11 7.7622E-11 8.0820E-11 8.3737E-11 8.7005E-11 9.0223E-11 9.3242E-11 9.6340E-11 9.9345E-11 1.0257E-10 1.0579E-10 1.0915E-10 1.1255E-10 1.1603E-10 1.1967E-10 1.2329E-10 1.2711E-10 1.3093E-10 1.3497E-10 1.3897E-10 1.4316E-10 1.4737E-10 1.5171E-10 1.5625E-10 1.6075E-10 1.6557E-10 1.7028E-10 1.7519E-10 1.8011E-10 1.8530E-10 1.9044E-10 1.9581E-10 2.0116E-10 2.0660E-10 2.1222E-10 2.1792E-10 2.2374E-10 2.2960E-10 2.3557E-10 2.4170E-10 2.4788E-10 2.5433E-10 2.6073E-10 2.6716E-10 2.7388E-10 2.8061E-10 2.8747E-10 2.9446E-10 3.0140E-10 3.0864E-10 3.1587E-10 3.2324E-10 3.3074E-10 3.3816E-10 3.4580E-10 3.5356E-10
6.9398E-11 7.2522E-11 7.5543E-11 7.8485E-11 8.1685E-11 8.4707E-11 8.7829E-11 9.1097E-11 9.4013E-11 9.7117E-11 1.0013E-10 1.0335E-10 1.0658E-10 1.0993E-10 1.1334E-10 1.1682E-10 1.2045E-10 1.2407E-10 1.2784E-10 1.3169E-10 1.3560E-10 1.3972E-10 1.4372E-10 1.4809E-10 1.5237E-10 1.5694E-10 1.6142E-10 1.6614E-10 1.7083E-10 1.7574E-10 1.8068E-10 1.8576E-10 1.9093E-10 1.9606E-10 2.0150E-10 2.0697E-10 2.1255E-10 2.1815E-10 2.2385E-10 2.2971E-10 2.3568E-10 2.4175E-10 2.4786E-10 2.5407E-10 2.6051E-10 2.6692E-10 2.7350E-10 2.8020E-10 2.8685E-10 2.9377E-10 3.0071E-10 3.0779E-10 3.1496E-10 3.2208E-10 3.2943E-10 3.3689E-10 3.4426E-10
6.7179E-11 7.0344E-11 7.3419E-11 7.6621E-11 7.9420E-11 8.2494E-11 8.5602E-11 8.8663E-11 9.1853E-11 9.4750E-11 9.7857E-11 1.0087E-10 1.0410E-10 1.0732E-10 1.1068E-10 1.1408E-10 1.1756E-10 1.2113E-10 1.2480E-10 1.2851E-10 1.3236E-10 1.3620E-10 1.4036E-10 1.4440E-10 1.4875E-10 1.5293E-10 1.5755E-10 1.6193E-10 1.6658E-10 1.7137E-10 1.7612E-10 1.8116E-10 1.8604E-10 1.9126E-10 1.9642E-10 2.0182E-10 2.0719E-10 2.1264E-10 2.1826E-10 2.2396E-10 2.2977E-10 2.3561E-10 2.4156E-10 2.4766E-10 2.5380E-10 2.6015E-10 2.6654E-10 2.7292E-10 2.7956E-10 2.8621E-10 2.9292E-10 2.9986E-10 3.0669E-10 3.1381E-10 3.2089E-10 3.2797E-10 3.3528E-10
6.5300E-11 6.8279E-11 7.1201E-11 7.4244E-11 7.7426E-11 8.0369E-11 8.3350E-11 8.6441E-11 8.9424E-11 9.2550E-11 9.5450E-11 9.8558E-11 1.0157E-10 1.0480E-10 1.0802E-10 1.1138E-10 1.1477E-10 1.1820E-10 1.2172E-10 1.2543E-10 1.2912E-10 1.3301E-10 1.3684E-10 1.4099E-10 1.4500E-10 1.4929E-10 1.5350E-10 1.5792E-10 1.6245E-10 1.6698E-10 1.7182E-10 1.7647E-10 1.8147E-10 1.8639E-10 1.9149E-10 1.9669E-10 2.0183E-10 2.0728E-10 2.1275E-10 2.1832E-10 2.2391E-10 2.2959E-10 2.3543E-10 2.4131E-10 2.4733E-10 2.5346E-10 2.5956E-10 2.6598E-10 2.7232E-10 2.7875E-10 2.8542E-10 2.9197E-10 2.9872E-10 3.0558E-10 3.1238E-10 3.1946E-10 3.2651E-10
6.3133E-11 6.5992E-11 6.9086E-11 7.2185E-11 7.5008E-11 7.8185E-11 8.1158E-11 8.4136E-11 8.7165E-11 9.0192E-11 9.3212E-11 9.6063E-11 9.9173E-11 1.0218E-10 1.0541E-10 1.0858E-10 1.1198E-10 1.1532E-10 1.1884E-10 1.2235E-10 1.2605E-10 1.2973E-10 1.3360E-10 1.3742E-10 1.4150E-10 1.4554E-10 1.4968E-10 1.5399E-10 1.5830E-10 1.6289E-10 1.6731E-10 1.7212E-10 1.7681E-10 1.8164E-10 1.8665E-10 1.9155E-10 1.9678E-10 2.0195E-10 2.0735E-10 2.1263E-10 2.1814E-10 2.2374E-10 2.2936E-10 2.3508E-10 2.4099E-10 2.4683E-10 2.5293E-10 2.5900E-10 2.6528E-10 2.7153E-10 2.7786E-10 2.8434E-10 2.9093E-10 2.9746E-10 3.0418E-10 3.1101E-10 3.1785E-10
6.1185E-11 6.3950E-11 6.6910E-11 6.9778E-11 7.2988E-11 7.5959E-11 7.8893E-11 8.1836E-11 8.4820E-11 8.7851E-11 9.0888E-11 9.3791E-11 9.6687E-11 9.9750E-11 1.0280E-10 1.0598E-10 1.0919E-10 1.1254E-10 1.1591E-10 1.1938E-10 1.2288E-10 1.2661E-10 1.3023E-10 1.3409E-10 1.3793E-10 1.4186E-10 1.4597E-10 1.5003E-10 1.5441E-10 1.5861E-10 1.6320E-10 1.6764E-10 1.7229E-10 1.7707E-10 1.8173E-10 1.8674E-10 1.9167E-10 1.9678E-10 2.0189E-10 2.0710E-10 2.1253E-10 2.1793E-10 2.2339E-10 2.2907E-10 2.3471E-10 2.4044E-10 2.4631E-10 2.5227E-10 2.5826E-10 2.6433E-10 2.7060E-10 2.7684E-10 2.8315E-10 2.8961E-10 2.9617E-10 3.0266E-10 3.0942E-10
5.9116E-11 6.1922E-11 6.4684E-11 6.7760E-11 7.0585E-11 7.3732E-11 7.6630E-11 7.9751E-11 8.2524E-11 8.5513E-11 8.8507E-11 9.1476E-11 9.4333E-11 9.7272E-11 1.0033E-10 1.0338E-10 1.0651E-10 1.0975E-10 1.1305E-10 1.1641E-10 1.1986E-10 1.2340E-10 1.2701E-10 1.3072E-10 1.3446E-10 1.3833E-10 1.4220E-10 1.4637E-10 1.5041E-10 1.5471E-10 1.5893E-10 1.6331E-10 1.6789E-10 1.7232E-10 1.7715E-10 1.8186E-10 1.8669E-10 1.9162E-10 1.9659E-10 2.0181E-10 2.0696E-10 2.1220E-10 2.1759E-10 2.2306E-10 2.2848E-10 2.3418E-10 2.3983E-10 2.4557E-10 2.5144E-10 2.5739E-10 2.6337E-10 2.6943E-10 2.7568E-10 2.8189E-10 2.8817E-10 2.9468E-10 3.0111E-10
5.7209E-11 5.9858E-11 6.2818E-11 6.5479E-11 6.8591E-11 7.1506E-11 7.4368E-11 7.7301E-11 8.0355E-11 8.3213E-11 8.6136E-11 8.9125E-11 9.2028E-11 9.4882E-11 9.7770E-11 1.0083E-10 1.0387E-10 1.0703E-10 1.1022E-10 1.1350E-10 1.1690E-10 1.2034E-10 1.2386E-10 1.2736E-10 1.3110E-10 1.3482E-10 1.3872E-10 1.4256E-10 1.4666E-10 1.5072E-10 1.5476E-10 1.5917E-10 1.6339E-10 1.6805E-10 1.7245E-10 1.7711E-10 1.8181E-10 1.8656E-10 1.9156E-10 1.9647E-10 2.0148E-10 2.0664E-10 2.1182E-10 2.1716E-10 2.2248E-10 2.2797E-10 2.3353E-10 2.3910E-10 2.4475E-10 2.5048E-10 2.5634E-10 2.6234E-10 2.6824E-10 2.7433E-10 2.8055E-10 2.8666E-10 2.9296E-10
5.5032E-11 5.7815E-11 6.0597E-11 6.3560E-11 6.6277E-11 6.9322E-11 7.2228E-11 7.5158E-11 7.7919E-11 8.0940E-11 8.3799E-11 8.6717E-11 8.9714E-11 9.2496E-11 9.5347E-11 9.8274E-11 1.0123E-10 1.0435E-10 1.0742E-10 1.1069E-10 1.1396E-10 1.1734E-10 1.2067E-10 1.2422E-10 1.2775E-10 1.3147E-10 1.3512E-10 1.3894E-10 1.4285E-10 1.4670E-10 1.5090E-10 1.5497E-10 1.5934E-10 1.6352E-10 1.6797E-10 1.7250E-10 1.7694E-10 1.8176E-10 1.8645E-10 1.9123E-10 1.9618E-10 2.0112E-10 2.0623E-10 2.1134E-10 2.1653E-10 2.2193E-10 2.2721E-10 2.3269E-10 2.3826E-10 2.4382E-10 2.4952E-10 2.5517E-10 2.6101E-10 2.6698E-10 2.7285E-10 2.7890E-10 2.8507E-10
