Assets/Resources/2015_m01_d20_2300(utc+0800)_l00_csi_1hr_conc.grd
DSAA
         159         159
     -79.000      79.000
     -79.000      79.000
  0.2126E-09  0.2259E-04
[rows 0 to 24 of 159, columns 0 to 56 of 159]
1.3230E-09 1.3383E-09 1.3538E-09 1.3681E-09 1.3810E-09 1.3946E-09 1.4056E-09 1.4169E-09 1.4261E-09 1.4357E-09 1.4434E-09 1.4507E-09 1.4574E-09 1.4626E-09 1.4683E-09 1.4721E-09 1.4773E-09 1.4799E-09 1.4842E-09 1.4857E-09 1.4889E-09 1.4895E-09 1.4931E-09 1.4931E-09 1.4961E-09 1.4957E-09 1.4960E-09 1.4948E-09 1.4939E-09 1.4927E-09 1.4910E-09 1.4892E-09 1.4864E-09 1.4845E-09 1.4811E-09 1.4786E-09 1.4747E-09 1.4710E-09 1.4671E-09 1.4624E-09 1.4591E-09 1.4540E-09 1.4502E-09 1.4447E-09 1.4390E-09 1.4347E-09 1.4286E-09 1.4224E-09 1.4166E-09 1.4109E-09 1.4095E-09 1.4063E-09 1.4034E-09 1.4015E-09 1.3976E-09 1.3939E-09 1.3902E-09
1.3463E-09 1.3615E-09 1.3775E-09 1.3913E-09 1.4047E-09 1.4177E-09 1.4286E-09 1.4398E-09 1.4490E-09 1.4585E-09 1.4660E-09 1.4739E-09 1.4798E-09 1.4849E-09 1.4905E-09 1.4951E-09 1.4993E-09 1.5028E-09 1.5059E-09 1.5072E-09 1.5104E-09 1.5108E-09 1.5145E-09 1.5143E-09 1.5174E-09 1.5169E-09 1.5171E-09 1.5158E-09 1.5154E-09 1.5135E-09 1.5123E-09 1.5098E-09 1.5074E-09 1.5049E-09 1.5014E-09 1.4987E-09 1.4947E-09 1.4915E-09 1.4869E-09 1.4829E-09 1.4787E-09 1.4734E-09 1.4695E-09 1.4639E-09 1.4580E-09 1.4536E-09 1.4474E-09 1.4410E-09 1.4359E-09 1.4303E-09 1.4280E-09 1.4250E-09 1.4232E-09 1.4203E-09 1.4165E-09 1.4128E-09 1.4092E-09
1.3696E-09 1.3848E-09 1.4008E-09 1.4146E-09 1.4286E-09 1.4409E-09 1.4523E-09 1.4629E-09 1.4719E-09 1.4814E-09 1.4888E-09 1.4966E-09 1.5023E-09 1.5079E-09 1.5127E-09 1.5184E-09 1.5213E-09 1.5259E-09 1.5277E-09 1.5300E-09 1.5320E-09 1.5323E-09 1.5360E-09 1.5357E-09 1.5389E-09 1.5382E-09 1.5383E-09 1.5370E-09 1.5364E-09 1.5344E-09 1.5332E-09 1.5305E-09 1.5287E-09 1.5254E-09 1.5223E-09 1.5191E-09 1.5149E-09 1.5116E-09 1.5069E-09 1.5035E-09 1.4984E-09 1.4930E-09 1.4890E-09 1.4833E-09 1.4788E-09 1.4727E-09 1.4664E-09 1.4597E-09 1.4546E-09 1.4511E-09 1.4499E-09 1.4453E-09 1.4448E-09 1.4394E-09 1.4376E-09 1.4340E-09 1.4329E-09
1.3931E-09 1.4083E-09 1.4243E-09 1.4379E-09 1.4520E-09 1.4642E-09 1.4762E-09 1.4861E-09 1.4956E-09 1.5044E-09 1.5116E-09 1.5193E-09 1.5249E-09 1.5310E-09 1.5351E-09 1.5406E-09 1.5435E-09 1.5479E-09 1.5496E-09 1.5530E-09 1.5538E-09 1.5575E-09 1.5576E-09 1.5590E-09 1.5604E-09 1.5602E-09 1.5597E-09 1.5588E-09 1.5576E-09 1.5555E-09 1.5542E-09 1.5514E-09 1.5495E-09 1.5461E-09 1.5435E-09 1.5396E-09 1.5358E-09 1.5318E-09 1.5270E-09 1.5236E-09 1.5183E-09 1.5136E-09 1.5087E-09 1.5028E-09 1.4983E-09 1.4920E-09 1.4855E-09 1.4787E-09 1.4735E-09 1.4734E-09 1.4718E-09 1.4692E-09 1.4676E-09 1.4641E-09 1.4607E-09 1.4574E-09 1.4561E-09
1.4166E-09 1.4326E-09 1.4478E-09 1.4614E-09 1.4754E-09 1.4876E-09 1.4995E-09 1.5093E-09 1.5194E-09 1.5274E-09 1.5352E-09 1.5421E-09 1.5476E-09 1.5536E-09 1.5575E-09 1.5630E-09 1.5656E-09 1.5701E-09 1.5716E-09 1.5750E-09 1.5756E-09 1.5793E-09 1.5793E-09 1.5825E-09 1.5821E-09 1.5824E-09 1.5812E-09 1.5808E-09 1.5790E-09 1.5773E-09 1.5754E-09 1.5725E-09 1.5705E-09 1.5669E-09 1.5643E-09 1.5602E-09 1.5569E-09 1.5523E-09 1.5473E-09 1.5438E-09 1.5384E-09 1.5344E-09 1.5286E-09 1.5225E-09 1.5179E-09 1.5115E-09 1.5048E-09 1.4995E-09 1.4982E-09 1.4941E-09 1.4913E-09 1.4900E-09 1.4875E-09 1.4840E-09 1.4807E-09 1.4775E-09 1.4774E-09
1.4402E-09 1.4568E-09 1.4714E-09 1.4856E-09 1.4989E-09 1.5110E-09 1.5229E-09 1.5326E-09 1.5426E-09 1.5505E-09 1.5588E-09 1.5650E-09 1.5710E-09 1.5762E-09 1.5811E-09 1.5854E-09 1.5891E-09 1.5923E-09 1.5937E-09 1.5970E-09 1.5974E-09 1.6013E-09 1.6011E-09 1.6044E-09 1.6039E-09 1.6041E-09 1.6028E-09 1.6024E-09 1.6004E-09 1.5993E-09 1.5967E-09 1.5942E-09 1.5916E-09 1.5879E-09 1.5852E-09 1.5810E-09 1.5776E-09 1.5728E-09 1.5694E-09 1.5642E-09 1.5586E-09 1.5545E-09 1.5486E-09 1.5432E-09 1.5377E-09 1.5311E-09 1.5242E-09 1.5189E-09 1.5200E-09 1.5171E-09 1.5144E-09 1.5128E-09 1.5093E-09 1.5050E-09 1.5009E-09 1.5001E-09 1.4980E-09
1.4639E-09 1.4805E-09 1.4950E-09 1.5102E-09 1.5225E-09 1.5352E-09 1.5464E-09 1.5559E-09 1.5659E-09 1.5737E-09 1.5819E-09 1.5880E-09 1.5945E-09 1.5989E-09 1.6048E-09 1.6079E-09 1.6127E-09 1.6146E-09 1.6170E-09 1.6191E-09 1.6212E-09 1.6233E-09 1.6230E-09 1.6264E-09 1.6257E-09 1.6260E-09 1.6246E-09 1.6241E-09 1.6220E-09 1.6208E-09 1.6181E-09 1.6162E-09 1.6128E-09 1.6097E-09 1.6063E-09 1.6019E-09 1.5985E-09 1.5936E-09 1.5901E-09 1.5847E-09 1.5790E-09 1.5749E-09 1.5688E-09 1.5641E-09 1.5577E-09 1.5509E-09 1.5438E-09 1.5407E-09 1.5412E-09 1.5387E-09 1.5363E-09 1.5351E-09 1.5318E-09 1.5287E-09 1.5256E-09 1.5258E-09 1.5218E-09
1.4876E-09 1.5042E-09 1.5187E-09 1.5338E-09 1.5461E-09 1.5594E-09 1.5699E-09 1.5800E-09 1.5893E-09 1.5969E-09 1.6050E-09 1.6109E-09 1.6174E-09 1.6216E-09 1.6275E-09 1.6304E-09 1.6352E-09 1.6369E-09 1.6406E-09 1.6413E-09 1.6453E-09 1.6454E-09 1.6469E-09 1.6485E-09 1.6484E-09 1.6479E-09 1.6471E-09 1.6459E-09 1.6443E-09 1.6425E-09 1.6397E-09 1.6377E-09 1.6342E-09 1.6316E-09 1.6275E-09 1.6236E-09 1.6195E-09 1.6144E-09 1.6109E-09 1.6054E-09 1.6013E-09 1.5954E-09 1.5891E-09 1.5844E-09 1.5778E-09 1.5709E-09 1.5645E-09 1.5666E-09 1.5646E-09 1.5606E-09 1.5586E-09 1.5578E-09 1.5548E-09 1.5520E-09 1.5493E-09 1.5499E-09 1.5485E-09
1.5120E-09 1.5280E-09 1.5424E-09 1.5576E-09 1.5698E-09 1.5830E-09 1.5934E-09 1.6041E-09 1.6126E-09 1.6208E-09 1.6282E-09 1.6339E-09 1.6403E-09 1.6444E-09 1.6502E-09 1.6530E-09 1.6577E-09 1.6623E-09 1.6664E-09 1.6676E-09 1.6722E-09 1.6729E-09 1.6770E-09 1.6772E-09 1.6782E-09 1.6777E-09 1.6779E-09 1.6766E-09 1.6761E-09 1.6740E-09 1.6721E-09 1.6594E-09 1.6558E-09 1.6531E-09 1.6489E-09 1.6455E-09 1.6407E-09 1.6364E-09 1.6319E-09 1.6263E-09 1.6221E-09 1.6160E-09 1.6105E-09 1.6049E-09 1.5981E-09 1.5910E-09 1.5855E-09 1.5895E-09 1.5871E-09 1.5850E-09 1.5838E-09 1.5808E-09 1.5779E-09 1.5752E-09 1.5721E-09 1.5718E-09 1.5706E-09
1.5364E-09 1.5521E-09 1.5669E-09 1.5813E-09 1.5938E-09 1.6067E-09 1.6169E-09 1.6276E-09 1.6360E-09 1.6448E-09 1.6514E-09 1.6577E-09 1.6632E-09 1.6684E-09 1.6730E-09 1.6791E-09 1.6870E-09 1.6898E-09 1.6949E-09 1.6969E-09 1.7027E-09 1.7042E-09 1.7095E-09 1.7107E-09 1.7128E-09 1.7131E-09 1.7143E-09 1.7138E-09 1.7142E-09 1.7128E-09 1.7123E-09 1.7101E-09 1.6973E-09 1.6945E-09 1.6907E-09 1.6795E-09 1.6748E-09 1.6586E-09 1.6531E-09 1.6473E-09 1.6431E-09 1.6369E-09 1.6321E-09 1.6255E-09 1.6186E-09 1.6113E-09 1.6118E-09 1.6104E-09 1.6082E-09 1.6062E-09 1.6054E-09 1.6025E-09 1.5997E-09 1.5971E-09 1.5978E-09 1.5971E-09 1.5963E-09
1.5602E-09 1.5760E-09 1.5917E-09 1.6051E-09 1.6185E-09 1.6304E-09 1.6405E-09 1.6511E-09 1.6594E-09 1.6681E-09 1.6746E-09 1.6815E-09 1.6862E-09 1.6925E-09 1.6958E-09 1.7055E-09 1.7150E-09 1.7201E-09 1.7250E-09 1.7324E-09 1.7378E-09 1.7427E-09 1.7477E-09 1.7538E-09 1.7577E-09 1.7599E-09 1.7629E-09 1.7640E-09 1.7660E-09 1.7547E-09 1.7550E-09 1.7535E-09 1.7428E-09 1.7400E-09 1.7373E-09 1.7227E-09 1.7183E-09 1.7153E-09 1.6970E-09 1.6917E-09 1.6774E-09 1.6579E-09 1.6531E-09 1.6463E-09 1.6392E-09 1.6327E-09 1.6378E-09 1.6382E-09 1.6347E-09 1.6324E-09 1.6314E-09 1.6290E-09 1.6268E-09 1.6248E-09 1.6263E-09 1.6257E-09 1.6252E-09
1.5844E-09 1.5998E-09 1.6159E-09 1.6289E-09 1.6429E-09 1.6540E-09 1.6648E-09 1.6747E-09 1.6828E-09 1.6915E-09 1.6978E-09 1.7046E-09 1.7092E-09 1.7154E-09 1.7186E-09 1.7386E-09 1.7472E-09 1.7552E-09 1.7621E-09 1.7713E-09 1.7766E-09 1.7835E-09 1.7950E-09 1.8006E-09 1.8003E-09 1.8043E-09 1.8079E-09 1.8108E-09 1.8132E-09 1.8143E-09 1.8041E-09 1.7980E-09 1.7979E-09 1.7959E-09 1.7947E-09 1.7850E-09 1.7811E-09 1.7715E-09 1.7456E-09 1.7408E-09 1.7217E-09 1.7146E-09 1.6967E-09 1.6805E-09 1.6600E-09 1.6543E-09 1.6619E-09 1.6600E-09 1.6585E-09 1.6568E-09 1.6557E-09 1.6535E-09 1.6515E-09 1.6490E-09 1.6497E-09 1.6492E-09 1.6490E-09
1.6086E-09 1.6236E-09 1.6397E-09 1.6530E-09 1.6667E-09 1.6777E-09 1.6891E-09 1.6982E-09 1.7069E-09 1.7148E-09 1.7209E-09 1.7277E-09 1.7321E-09 1.7384E-09 1.7488E-09 1.7721E-09 1.7793E-09 1.7890E-09 1.7977E-09 1.8087E-09 1.8157E-09 1.8265E-09 1.8422E-09 1.8434E-09 1.8494E-09 1.8561E-09 1.8608E-09 1.8661E-09 1.8695E-09 1.8727E-09 1.8752E-09 1.8761E-09 1.8653E-09 1.8515E-09 1.8415E-09 1.8386E-09 1.8217E-09 1.8185E-09 1.8067E-09 1.8019E-09 1.7872E-09 1.7727E-09 1.7449E-09 1.7247E-09 1.7166E-09 1.7115E-09 1.6993E-09 1.6849E-09 1.6840E-09 1.6842E-09 1.6823E-09 1.6806E-09 1.6820E-09 1.6842E-09 1.6831E-09 1.6823E-09 1.6852E-09
1.6324E-09 1.6485E-09 1.6635E-09 1.6770E-09 1.6904E-09 1.7013E-09 1.7127E-09 1.7216E-09 1.7310E-09 1.7381E-09 1.7448E-09 1.7508E-09 1.7563E-09 1.7613E-09 1.7858E-09 1.8046E-09 1.8154E-09 1.8290E-09 1.8384E-09 1.8519E-09 1.8661E-09 1.8838E-09 1.8939E-09 1.9047E-09 1.9090E-09 1.9181E-09 1.9251E-09 1.9326E-09 1.9379E-09 1.9371E-09 1.9327E-09 1.9242E-09 1.9256E-09 1.9196E-09 1.9070E-09 1.9048E-09 1.9033E-09 1.8851E-09 1.8800E-09 1.8587E-09 1.8277E-09 1.8215E-09 1.8062E-09 1.7976E-09 1.7833E-09 1.7633E-09 1.7502E-09 1.7486E-09 1.7331E-09 1.7237E-09 1.7083E-09 1.7071E-09 1.7061E-09 1.7140E-09 1.7148E-09 1.7158E-09 1.7263E-09
1.6562E-09 1.6733E-09 1.6873E-09 1.7015E-09 1.7141E-09 1.7249E-09 1.7362E-09 1.7451E-09 1.7544E-09 1.7613E-09 1.7687E-09 1.7739E-09 1.7806E-09 1.7842E-09 1.8242E-09 1.8383E-09 1.8502E-09 1.8661E-09 1.8795E-09 1.8948E-09 1.9063E-09 1.9222E-09 1.9352E-09 1.9476E-09 1.9577E-09 1.9686E-09 1.9771E-09 1.9860E-09 1.9926E-09 1.9995E-09 2.0041E-09 2.0024E-09 2.0046E-09 2.0064E-09 1.9940E-09 1.9929E-09 1.9763E-09 1.9488E-09 1.9318E-09 1.9181E-09 1.9097E-09 1.8891E-09 1.8704E-09 1.8423E-09 1.8305E-09 1.8299E-09 1.8277E-09 1.8187E-09 1.7883E-09 1.7754E-09 1.7612E-09 1.7512E-09 1.7371E-09 1.7393E-09 1.7405E-09 1.7418E-09 1.7644E-09
1.6800E-09 1.6971E-09 1.7113E-09 1.7259E-09 1.7377E-09 1.7492E-09 1.7597E-09 1.7684E-09 1.7778E-09 1.7846E-09 1.7919E-09 1.7969E-09 1.8036E-09 1.8282E-09 1.8578E-09 1.8696E-09 1.8841E-09 1.9003E-09 1.9171E-09 1.9338E-09 1.9492E-09 1.9664E-09 1.9802E-09 1.9935E-09 2.0058E-09 2.0174E-09 2.0278E-09 2.0373E-09 2.0449E-09 2.0528E-09 2.0581E-09 2.0636E-09 2.0601E-09 2.0546E-09 2.0491E-09 2.0491E-09 2.0480E-09 2.0359E-09 2.0320E-09 2.0100E-09 1.9936E-09 1.9624E-09 1.9311E-09 1.9167E-09 1.9139E-09 1.8862E-09 1.8777E-09 1.8672E-09 1.8602E-09 1.8618E-09 1.8456E-09 1.8117E-09 1.8024E-09 1.7951E-09 1.7771E-09 1.7818E-09 1.8073E-09
1.7039E-09 1.7208E-09 1.7352E-09 1.7495E-09 1.7613E-09 1.7734E-09 1.7831E-09 1.7925E-09 1.8010E-09 1.8077E-09 1.8150E-09 1.8199E-09 1.8266E-09 1.8688E-09 1.8886E-09 1.9016E-09 1.9214E-09 1.9354E-09 1.9572E-09 1.9722E-09 1.9912E-09 2.0077E-09 2.0235E-09 2.0371E-09 2.0512E-09 2.0655E-09 2.0779E-09 2.0879E-09 2.0972E-09 2.1054E-09 2.1116E-09 2.1179E-09 2.1215E-09 2.1187E-09 2.1142E-09 2.1175E-09 2.1085E-09 2.0985E-09 2.0951E-09 2.0775E-09 2.0672E-09 2.0517E-09 2.0361E-09 2.0181E-09 2.0062E-09 1.9910E-09 1.9595E-09 1.9474E-09 1.9387E-09 1.9302E-09 1.9195E-09 1.9126E-09 1.9044E-09 1.8564E-09 1.8461E-09 1.8489E-09 1.8616E-09
1.7283E-09 1.7444E-09 1.7588E-09 1.7731E-09 1.7847E-09 1.7969E-09 1.8065E-09 1.8166E-09 1.8243E-09 1.8316E-09 1.8381E-09 1.8441E-09 1.8627E-09 1.9030E-09 1.9193E-09 1.9345E-09 1.9562E-09 1.9716E-09 1.9954E-09 2.0117E-09 2.0358E-09 2.0526E-09 2.0701E-09 2.0872E-09 2.1033E-09 2.1169E-09 2.1308E-09 2.1419E-09 2.1531E-09 2.1616E-09 2.1693E-09 2.1757E-09 2.1810E-09 2.1801E-09 2.1783E-09 2.1730E-09 2.1733E-09 2.1711E-09 2.1616E-09 2.1566E-09 2.1440E-09 2.1291E-09 2.1240E-09 2.1083E-09 2.0971E-09 2.0874E-09 2.0779E-09 2.0328E-09 2.0341E-09 1.9886E-09 1.9743E-09 1.9683E-09 1.9698E-09 1.9554E-09 1.9504E-09 1.9338E-09 1.9367E-09
1.7529E-09 1.7679E-09 1.7830E-09 1.7966E-09 1.8081E-09 1.8202E-09 1.8298E-09 1.8398E-09 1.8474E-09 1.8546E-09 1.8610E-09 1.8670E-09 1.8989E-09 1.9344E-09 1.9517E-09 1.9725E-09 1.9919E-09 2.0109E-09 2.0347E-09 2.0525E-09 2.0787E-09 2.0981E-09 2.1170E-09 2.1355E-09 2.1528E-09 2.1673E-09 2.1821E-09 2.1939E-09 2.2057E-09 2.2146E-09 2.2245E-09 2.2306E-09 2.2370E-09 2.2359E-09 2.2333E-09 2.2355E-09 2.2356E-09 2.2348E-09 2.2245E-09 2.2197E-09 2.2101E-09 2.1903E-09 2.1824E-09 2.1907E-09 2.1780E-09 2.1743E-09 2.1630E-09 2.1391E-09 2.1294E-09 2.0774E-09 2.0771E-09 2.0560E-09 2.0292E-09 2.0290E-09 2.0296E-09 2.0387E-09 2.0375E-09
1.7764E-09 1.7916E-09 1.8072E-09 1.8199E-09 1.8322E-09 1.8435E-09 1.8529E-09 1.8630E-09 1.8704E-09 1.8784E-09 1.8839E-09 1.8912E-09 1.9419E-09 1.9664E-09 1.9839E-09 2.0105E-09 2.0301E-09 2.0547E-09 2.0767E-09 2.0983E-09 2.1244E-09 2.1446E-09 2.1660E-09 2.1848E-09 2.2024E-09 2.2207E-09 2.2360E-09 2.2490E-09 2.2619E-09 2.2718E-09 2.2827E-09 2.2923E-09 2.3007E-09 2.3002E-09 2.3051E-09 2.3044E-09 2.3060E-09 2.3096E-09 2.2989E-09 2.2978E-09 2.2906E-09 2.2865E-09 2.2784E-09 2.2821E-09 2.2751E-09 2.2570E-09 2.2551E-09 2.2427E-09 2.2417E-09 2.2166E-09 2.1907E-09 2.1595E-09 2.1310E-09 2.1050E-09 2.0867E-09 2.1133E-09 2.1153E-09
1.7997E-09 1.8149E-09 1.8305E-09 1.8431E-09 1.8554E-09 1.8666E-09 1.8767E-09 1.8860E-09 1.8933E-09 1.9013E-09 1.9067E-09 1.9333E-09 1.9762E-09 1.9984E-09 2.0184E-09 2.0470E-09 2.0680E-09 2.0972E-09 2.1186E-09 2.1482E-09 2.1717E-09 2.1944E-09 2.2168E-09 2.2378E-09 2.2578E-09 2.2772E-09 2.2935E-09 2.3081E-09 2.3250E-09 2.3376E-09 2.3502E-09 2.3644E-09 2.3753E-09 2.3711E-09 2.3795E-09 2.3848E-09 2.3869E-09 2.3873E-09 2.3812E-09 2.3671E-09 2.3643E-09 2.3558E-09 2.3612E-09 2.3616E-09 2.3501E-09 2.3429E-09 2.3405E-09 2.3175E-09 2.3059E-09 2.2996E-09 2.2858E-09 2.2687E-09 2.2556E-09 2.2031E-09 2.2081E-09 2.2005E-09 2.1896E-09
1.8228E-09 1.8383E-09 1.8536E-09 1.8662E-09 1.8792E-09 1.8896E-09 1.8997E-09 1.9089E-09 1.9174E-09 1.9255E-09 1.9309E-09 1.9800E-09 2.0100E-09 2.0329E-09 2.0592E-09 2.0847E-09 2.1083E-09 2.1412E-09 2.1670E-09 2.1994E-09 2.2233E-09 2.2497E-09 2.2720E-09 2.2944E-09 2.3158E-09 2.3367E-09 2.3536E-09 2.3747E-09 2.3900E-09 2.4093E-09 2.4242E-09 2.4374E-09 2.4506E-09 2.4551E-09 2.4635E-09 2.4708E-09 2.4824E-09 2.4823E-09 2.4753E-09 2.4665E-09 2.4663E-09 2.4596E-09 2.4645E-09 2.4487E-09 2.4469E-09 2.4323E-09 2.4094E-09 2.4094E-09 2.3945E-09 2.3934E-09 2.3601E-09 2.3624E-09 2.3403E-09 2.3285E-09 2.3378E-09 2.2966E-09 2.2816E-09
1.8493E-09 1.8648E-09 1.8801E-09 1.8926E-09 1.9056E-09 1.9165E-09 1.9281E-09 1.9364E-09 1.9444E-09 1.9515E-09 1.9581E-09 2.0149E-09 2.0421E-09 2.0660E-09 2.0976E-09 2.1262E-09 2.1563E-09 2.1883E-09 2.2146E-09 2.2497E-09 2.2754E-09 2.3037E-09 2.3274E-09 2.3557E-09 2.3792E-09 2.4020E-09 2.4245E-09 2.4427E-09 2.4640E-09 2.4826E-09 2.5010E-09 2.5167E-09 2.5319E-09 2.5405E-09 2.5540E-09 2.5552E-09 2.5666E-09 2.5745E-09 2.5763E-09 2.5711E-09 2.5745E-09 2.5796E-09 2.5903E-09 2.5817E-09 2.5789E-09 2.5735E-09 2.5693E-09 2.5630E-09 2.4898E-09 2.4811E-09 2.4600E-09 2.4540E-09 2.4368E-09 2.4246E-09 2.4377E-09 2.4248E-09 2.4171E-09
1.8725E-09 1.8888E-09 1.9034E-09 1.9168E-09 1.9303E-09 1.9406E-09 1.9515E-09 1.9597E-09 1.9685E-09 1.9753E-09 2.0109E-09 2.0547E-09 2.0821E-09 2.1071E-09 2.1372E-09 2.1662E-09 2.2032E-09 2.2354E-09 2.2707E-09 2.3023E-09 2.3335E-09 2.3637E-09 2.3961E-09 2.4262E-09 2.4520E-09 2.4750E-09 2.5000E-09 2.5232E-09 2.5430E-09 2.5630E-09 2.5839E-09 2.6010E-09 2.6171E-09 2.6267E-09 2.6395E-09 2.6481E-09 2.6545E-09 2.6525E-09 2.6594E-09 2.6602E-09 2.6627E-09 2.6769E-09 2.6774E-09 2.6689E-09 2.6668E-09 2.6622E-09 2.6586E-09 2.6530E-09 2.6324E-09 2.6260E-09 2.6128E-09 2.6120E-09 2.5631E-09 2.5360E-09 2.5345E-09 2.5305E-09 2.5183E-09
1.8958E-09 1.9139E-09 1.9280E-09 1.9413E-09 1.9536E-09 1.9638E-09 1.9748E-09 1.9832E-09 1.9941E-09 2.0005E-09 2.0591E-09 2.0905E-09 2.1184E-09 2.1505E-09 2.1828E-09 2.2156E-09 2.2537E-09 2.2862E-09 2.3249E-09 2.3596E-09 2.3941E-09 2.4263E-09 2.4562E-09 2.4862E-09 2.5149E-09 2.5422E-09 2.5675E-09 2.5936E-09 2.6190E-09 2.6440E-09 2.6607E-09 2.6834E-09 2.7002E-09 2.7147E-09 2.7283E-09 2.7400E-09 2.7441E-09 2.7529E-09 2.7503E-09 2.7563E-09 2.7555E-09 2.7699E-09 2.7727E-09 2.7752E-09 2.7673E-09 2.7601E-09 2.7509E-09 2.7458E-09 2.7451E-09 2.7252E-09 2.7275E-09 2.7039E-09 2.6939E-09 2.6985E-09 2.6955E-09 2.6516E-09 2.6145E-09
