Assets/Resources/2015_m01_d30_2300(utc+0800)_l00_csi_1hr_conc.grd
DSAA
         159         159
     -79.000      79.000
     -79.000      79.000
  0.0000E+00  0.3201E-05
[rows 0 to 24 of 159, columns 57 to 113 of 159]
2.0323E-09 2.4343E-09 2.8962E-09 3.4212E-09 4.0160E-09 4.6795E-09 5.4128E-09 6.2189E-09 7.0899E-09 8.0270E-09 9.0208E-09 1.0063E-08 1.1134E-08 1.2211E-08 1.2813E-08 1.2895E-08 1.3165E-08 1.2244E-08 1.2466E-08 1.2908E-08 1.3295E-08 1.3599E-08 1.3808E-08 1.3918E-08 1.3925E-08 1.3830E-08 1.3634E-08 1.3346E-08 1.2976E-08 1.2529E-08 1.2015E-08 1.1445E-08 1.0837E-08 1.0197E-08 9.5372E-09 8.8694E-09 8.2188E-09 7.6810E-09 7.0401E-09 6.4397E-09 5.9221E-09 5.8242E-09 5.1993E-09 4.6337E-09 4.1590E-09 3.9109E-09 3.3945E-09 2.9403E-09 2.5716E-09 2.3070E-09 1.9414E-09 1.6288E-09 1.3934E-09 1.1861E-09 9.6901E-10 7.9649E-10 6.7351E-10
2.0981E-09 2.5188E-09 3.0018E-09 3.5559E-09 4.1806E-09 4.8806E-09 5.6595E-09 6.5124E-09 7.4363E-09 8.4303E-09 9.4873E-09 1.0593E-08 1.1730E-08 1.2881E-08 1.4022E-08 1.4564E-08 1.4312E-08 1.3730E-08 1.3753E-08 1.4002E-08 1.4402E-08 1.4721E-08 1.4941E-08 1.5053E-08 1.5049E-08 1.4932E-08 1.4708E-08 1.4385E-08 1.3968E-08 1.3469E-08 1.2902E-08 1.2280E-08 1.1613E-08 1.0919E-08 1.0225E-08 9.6435E-09 8.9285E-09 8.2470E-09 7.6665E-09 7.5668E-09 6.8337E-09 6.1496E-09 5.5891E-09 5.2924E-09 4.6462E-09 4.0656E-09 3.6071E-09 3.2630E-09 2.7815E-09 2.3616E-09 2.0534E-09 1.7614E-09 1.4549E-09 1.2076E-09 1.0423E-09 8.4241E-10 6.5108E-10
2.1566E-09 2.5936E-09 3.1011E-09 3.6803E-09 4.3370E-09 5.0770E-09 5.8965E-09 6.7980E-09 7.7803E-09 8.8344E-09 9.9488E-09 1.1122E-08 1.2333E-08 1.3560E-08 1.4779E-08 1.5967E-08 1.6449E-08 1.6007E-08 1.5149E-08 1.5225E-08 1.5574E-08 1.5907E-08 1.6132E-08 1.6237E-08 1.6223E-08 1.6085E-08 1.5827E-08 1.5459E-08 1.4994E-08 1.4445E-08 1.3823E-08 1.3147E-08 1.2449E-08 1.1853E-08 1.1090E-08 1.0348E-08 9.7197E-09 9.6286E-09 8.7865E-09 7.9962E-09 7.3491E-09 7.0095E-09 6.2219E-09 5.5092E-09 4.9561E-09 4.5165E-09 3.8902E-09 3.3483E-09 2.9669E-09 2.5569E-09 2.1365E-09 1.7925E-09 1.5667E-09 1.2808E-09 1.0446E-09 8.5203E-10 7.0398E-10
2.2076E-09 2.6644E-09 3.1915E-09 3.7965E-09 4.4863E-09 5.2604E-09 6.1245E-09 7.0784E-09 8.1140E-09 9.2272E-09 1.0411E-08 1.1653E-08 1.2937E-08 1.4241E-08 1.5543E-08 1.6811E-08 1.8022E-08 1.8430E-08 1.7820E-08 1.6779E-08 1.6846E-08 1.7145E-08 1.7367E-08 1.7469E-08 1.7437E-08 1.7272E-08 1.6983E-08 1.6578E-08 1.6067E-08 1.5469E-08 1.4818E-08 1.4246E-08 1.3477E-08 1.2710E-08 1.2064E-08 1.1993E-08 1.1060E-08 1.0176E-08 9.4641E-09 9.0763E-09 8.1504E-09 7.2995E-09 6.6646E-09 6.1125E-09 5.3301E-09 4.6356E-09 4.2093E-09 3.6234E-09 3.0669E-09 2.6010E-09 2.3042E-09 1.9022E-09 1.5695E-09 1.2920E-09 1.0913E-09 8.7800E-10 6.8706E-10
2.2517E-09 2.7238E-09 3.2711E-09 3.9036E-09 4.6220E-09 5.4351E-09 6.3447E-09 7.3452E-09 8.4380E-09 9.6153E-09 1.0868E-08 1.2180E-08 1.3541E-08 1.4927E-08 1.6310E-08 1.7663E-08 1.8954E-08 1.9653E-08 2.0403E-08 1.9671E-08 1.8454E-08 1.8464E-08 1.8664E-08 1.8750E-08 1.8701E-08 1.8514E-08 1.8189E-08 1.7743E-08 1.7213E-08 1.6731E-08 1.6015E-08 1.5272E-08 1.4655E-08 1.4618E-08 1.3631E-08 1.2676E-08 1.1928E-08 1.1495E-08 1.0442E-08 9.4602E-09 8.7687E-09 8.0826E-09 7.1337E-09 6.2832E-09 5.8360E-09 5.0204E-09 4.2912E-09 3.6903E-09 3.3061E-09 2.7616E-09 2.3035E-09 1.9162E-09 1.6377E-09 1.3291E-09 1.0787E-09 8.6906E-10 6.4977E-10
2.2868E-09 2.7742E-09 3.3433E-09 3.9979E-09 4.7477E-09 5.5990E-09 6.5480E-09 7.6006E-09 8.7515E-09 9.9925E-09 1.1315E-08 1.2704E-08 1.4142E-08 1.5610E-08 1.7078E-08 1.8516E-08 1.9888E-08 2.1168E-08 2.1670E-08 2.1289E-08 2.1062E-08 2.0120E-08 2.0024E-08 2.0088E-08 2.0017E-08 1.9803E-08 1.9479E-08 1.9165E-08 1.8578E-08 1.7931E-08 1.7403E-08 1.7426E-08 1.6435E-08 1.5451E-08 1.4715E-08 1.4245E-08 1.3084E-08 1.1992E-08 1.1289E-08 1.0448E-08 9.3302E-09 8.3216E-09 7.8066E-09 6.7998E-09 5.8917E-09 5.1178E-09 4.6284E-09 3.9154E-09 3.3069E-09 2.7854E-09 2.4067E-09 1.9750E-09 1.6167E-09 1.3146E-09 1.0593E-09 8.5337E-10 6.1474E-10
2.3125E-09 2.8156E-09 3.4009E-09 4.0805E-09 4.8619E-09 5.7454E-09 6.7398E-09 7.8436E-09 9.0502E-09 1.0358E-08 1.1751E-08 1.3219E-08 1.4737E-08 1.6289E-08 1.7843E-08 1.9367E-08 2.0826E-08 2.2184E-08 2.3411E-08 2.3742E-08 2.3016E-08 2.1888E-08 2.1577E-08 2.1503E-08 2.1439E-08 2.1363E-08 2.0992E-08 2.0524E-08 2.0169E-08 2.0298E-08 1.9375E-08 1.8428E-08 1.7766E-08 1.7272E-08 1.6044E-08 1.4872E-08 1.4247E-08 1.3196E-08 1.1928E-08 1.0763E-08 1.0197E-08 8.9920E-09 7.8891E-09 6.9395E-09 6.3464E-09 5.4267E-09 4.6254E-09 3.9499E-09 3.4551E-09 2.8643E-09 2.3715E-09 1.9449E-09 1.5856E-09 1.2870E-09 1.0439E-09 8.4210E-10 5.5704E-10
2.3292E-09 2.8455E-09 3.4486E-09 4.1525E-09 4.9584E-09 5.8793E-09 6.9159E-09 8.0668E-09 9.3333E-09 1.0706E-08 1.2173E-08 1.3720E-08 1.5325E-08 1.6963E-08 1.8605E-08 2.0218E-08 2.1764E-08 2.3203E-08 2.4506E-08 2.5644E-08 2.5792E-08 2.4810E-08 2.3439E-08 2.3226E-08 2.3079E-08 2.2871E-08 2.2774E-08 2.3069E-08 2.2306E-08 2.1477E-08 2.0977E-08 2.0484E-08 1.9252E-08 1.8048E-08 1.7688E-08 1.6301E-08 1.4906E-08 1.3616E-08 1.3003E-08 1.1612E-08 1.0322E-08 9.1857E-09 8.4884E-09 7.3518E-09 6.3459E-09 5.4803E-09 4.8347E-09 4.0614E-09 3.3985E-09 2.8168E-09 2.3192E-09 1.8983E-09 1.5543E-09 1.2627E-09 1.0183E-09 8.2304E-10 5.3400E-10
2.3364E-09 2.8637E-09 3.4844E-09 4.2067E-09 5.0422E-09 5.9960E-09 7.0717E-09 8.2740E-09 9.5981E-09 1.1037E-08 1.2579E-08 1.4206E-08 1.5898E-08 1.7622E-08 1.9354E-08 2.1057E-08 2.2693E-08 2.4224E-08 2.5606E-08 2.6818E-08 2.7557E-08 2.7949E-08 2.6741E-08 2.5190E-08 2.5064E-08 2.5537E-08 2.5028E-08 2.4419E-08 2.4188E-08 2.3740E-08 2.2585E-08 2.1425E-08 2.1191E-08 1.9709E-08 1.8229E-08 1.6847E-08 1.6208E-08 1.4648E-08 1.3180E-08 1.1870E-08 1.1076E-08 9.7137E-09 8.4901E-09 7.4332E-09 6.6339E-09 5.6245E-09 4.7494E-09 3.9850E-09 3.3226E-09 2.7475E-09 2.2707E-09 1.8602E-09 1.5136E-09 1.2348E-09 9.9738E-10 7.9377E-10 4.8466E-10
2.3333E-09 2.8708E-09 3.5065E-09 4.2486E-09 5.1083E-09 6.0927E-09 7.2096E-09 8.4591E-09 9.8404E-09 1.1347E-08 1.2964E-08 1.4672E-08 1.6449E-08 1.8268E-08 2.0093E-08 2.1891E-08 2.3624E-08 2.5251E-08 2.6758E-08 2.8169E-08 2.9265E-08 2.9536E-08 2.9437E-08 2.9526E-08 2.7673E-08 2.7062E-08 2.7199E-08 2.6852E-08 2.5885E-08 2.4866E-08 2.4759E-08 2.3306E-08 2.1813E-08 2.0398E-08 1.9763E-08 1.8072E-08 1.6449E-08 1.4996E-08 1.4111E-08 1.2533E-08 1.1082E-08 9.8339E-09 8.8674E-09 7.6208E-09 6.5133E-09 5.5123E-09 4.6343E-09 3.8771E-09 3.2418E-09 2.6817E-09 2.2043E-09 1.8107E-09 1.4763E-09 1.1993E-09 9.6931E-10 7.5657E-10 4.7313E-10
2.3220E-09 2.8673E-09 3.5148E-09 4.2737E-09 5.1556E-09 6.1711E-09 7.3245E-09 8.6225E-09 1.0061E-08 1.1633E-08 1.3324E-08 1.5119E-08 1.6991E-08 1.8909E-08 2.0835E-08 2.2742E-08 2.4608E-08 2.6436E-08 2.8029E-08 2.9468E-08 3.1011E-08 3.2509E-08 3.2400E-08 3.1312E-08 3.0733E-08 2.9892E-08 2.8941E-08 2.8163E-08 2.8252E-08 2.6942E-08 2.5534E-08 2.4166E-08 2.3578E-08 2.1820E-08 2.0092E-08 1.8540E-08 1.7577E-08 1.5798E-08 1.4134E-08 1.2705E-08 1.1564E-08 1.0062E-08 8.7068E-09 7.4680E-09 6.3553E-09 5.3582E-09 4.5147E-09 3.7750E-09 3.1396E-09 2.6057E-09 2.1435E-09 1.7552E-09 1.4285E-09 1.1667E-09 9.4030E-10 7.1644E-10 4.5848E-10
2.3000E-09 2.8519E-09 3.5098E-09 4.2832E-09 5.1862E-09 6.2283E-09 7.4198E-09 8.7628E-09 1.0256E-08 1.1894E-08 1.3664E-08 1.5546E-08 1.7511E-08 1.9536E-08 2.1603E-08 2.3697E-08 2.5660E-08 2.7555E-08 2.9626E-08 3.1568E-08 3.2802E-08 3.3824E-08 3.5518E-08 3.5045E-08 3.3460E-08 3.1606E-08 3.1544E-08 3.0414E-08 2.9202E-08 2.7992E-08 2.7518E-08 2.5785E-08 2.4029E-08 2.2438E-08 2.1421E-08 1.9481E-08 1.7634E-08 1.6054E-08 1.4732E-08 1.2976E-08 1.1359E-08 9.8611E-09 8.4965E-09 7.2802E-09 6.1836E-09 5.2040E-09 4.3638E-09 3.6551E-09 3.0435E-09 2.5136E-09 2.0669E-09 1.6987E-09 1.3850E-09 1.1239E-09 8.9555E-10 6.7201E-10 4.4195E-10
2.2700E-09 2.8254E-09 3.4914E-09 4.2783E-09 5.1987E-09 6.2672E-09 7.4923E-09 8.8788E-09 1.0428E-08 1.2133E-08 1.3981E-08 1.5957E-08 1.8054E-08 2.0251E-08 2.2423E-08 2.4614E-08 2.7079E-08 2.9361E-08 3.1153E-08 3.2788E-08 3.5008E-08 3.5972E-08 3.6627E-08 3.7063E-08 3.7311E-08 3.5298E-08 3.2970E-08 3.1708E-08 3.1388E-08 2.9794E-08 2.8115E-08 2.6580E-08 2.5562E-08 2.3528E-08 2.1544E-08 1.9865E-08 1.8361E-08 1.6366E-08 1.4487E-08 1.2726E-08 1.1093E-08 9.6121E-09 8.2630E-09 7.0552E-09 5.9772E-09 5.0292E-09 4.2166E-09 3.5179E-09 2.9236E-09 2.4238E-09 1.9987E-09 1.6322E-09 1.3327E-09 1.0754E-09 8.4316E-10 6.2441E-10 4.2273E-10
2.2276E-09 2.7868E-09 3.4605E-09 4.2575E-09 5.1914E-09 6.2840E-09 7.5422E-09 8.9740E-09 1.0577E-08 1.2352E-08 1.4307E-08 1.6422E-08 1.8615E-08 2.0913E-08 2.3594E-08 2.6056E-08 2.8263E-08 3.0403E-08 3.3073E-08 3.4701E-08 3.6059E-08 3.7202E-08 3.8829E-08 3.9088E-08 3.8518E-08 3.7989E-08 3.6650E-08 3.3928E-08 3.2186E-08 3.0810E-08 2.9858E-08 2.7825E-08 2.5787E-08 2.4089E-08 2.2415E-08 2.0212E-08 1.8096E-08 1.6074E-08 1.4175E-08 1.2415E-08 1.0797E-08 9.3194E-09 7.9887E-09 6.8171E-09 5.7683E-09 4.8306E-09 4.0419E-09 3.3836E-09 2.8159E-09 2.3240E-09 1.9133E-09 1.5610E-09 1.2724E-09 1.0139E-09 7.8933E-10 5.7516E-10 4.0162E-10
2.1765E-09 2.7374E-09 3.4133E-09 4.2182E-09 5.1688E-09 6.2845E-09 7.5741E-09 9.0471E-09 1.0726E-08 1.2603E-08 1.4630E-08 1.6837E-08 1.9555E-08 2.1979E-08 2.4410E-08 2.6879E-08 2.9858E-08 3.2030E-08 3.4016E-08 3.5854E-08 3.8090E-08 3.9111E-08 3.9784E-08 4.0260E-08 4.1053E-08 3.9871E-08 3.7848E-08 3.6251E-08 3.4353E-08 3.2220E-08 3.0229E-08 2.8627E-08 2.6816E-08 2.4475E-08 2.2165E-08 1.9913E-08 1.7754E-08 1.5723E-08 1.3816E-08 1.2058E-08 1.0446E-08 9.0075E-09 7.7052E-09 6.5486E-09 5.5260E-09 4.6346E-09 3.8784E-09 3.2299E-09 2.6862E-09 2.2112E-09 1.8186E-09 1.4807E-09 1.2059E-09 9.4578E-10 7.3215E-10 5.2463E-10 3.8176E-10
2.1207E-09 2.6763E-09 3.3526E-09 4.1626E-09 5.1287E-09 6.2641E-09 7.5989E-09 9.1347E-09 1.0862E-08 1.2809E-08 1.5256E-08 1.7545E-08 1.9976E-08 2.2547E-08 2.5620E-08 2.8153E-08 3.0609E-08 3.3015E-08 3.5788E-08 3.7557E-08 3.9022E-08 4.0307E-08 4.1780E-08 4.1971E-08 4.1796E-08 4.1587E-08 4.0711E-08 3.8041E-08 3.5177E-08 3.3454E-08 3.1445E-08 2.9054E-08 2.6632E-08 2.4207E-08 2.1832E-08 1.9544E-08 1.7359E-08 1.5306E-08 1.3405E-08 1.1665E-08 1.0082E-08 8.6562E-09 7.3842E-09 6.2787E-09 5.2915E-09 4.4193E-09 3.6913E-09 3.0695E-09 2.5501E-09 2.0950E-09 1.7232E-09 1.3968E-09 1.1290E-09 8.7735E-10 6.7087E-10 4.7590E-10 3.5872E-10
2.0533E-09 2.6004E-09 3.2797E-09 4.0955E-09 5.0852E-09 6.2511E-09 7.6046E-09 9.1860E-09 1.1208E-08 1.3211E-08 1.5425E-08 1.7863E-08 2.0791E-08 2.3432E-08 2.6130E-08 2.8900E-08 3.2043E-08 3.4438E-08 3.6620E-08 3.8691E-08 4.0873E-08 4.1922E-08 4.2596E-08 4.3218E-08 4.3592E-08 4.2827E-08 4.1733E-08 4.0499E-08 3.7488E-08 3.4115E-08 3.1423E-08 2.8884E-08 2.6359E-08 2.3868E-08 2.1435E-08 1.9105E-08 1.6904E-08 1.4854E-08 1.2962E-08 1.1239E-08 9.6749E-09 8.3025E-09 7.0732E-09 5.9855E-09 5.0323E-09 4.1935E-09 3.4907E-09 2.8969E-09 2.4009E-09 1.9723E-09 1.6181E-09 1.3084E-09 1.0433E-09 8.0578E-10 6.1455E-10 4.3626E-10 3.3480E-10
1.9756E-09 2.5198E-09 3.2016E-09 4.0302E-09 5.0178E-09 6.2040E-09 7.7564E-09 9.3631E-09 1.1206E-08 1.3316E-08 1.5900E-08 1.8395E-08 2.1067E-08 2.3930E-08 2.7195E-08 2.9993E-08 3.2712E-08 3.5436E-08 3.8259E-08 4.0162E-08 4.1731E-08 4.3288E-08 4.4398E-08 4.4473E-08 4.4144E-08 4.4295E-08 4.2924E-08 4.1129E-08 3.8511E-08 3.5044E-08 3.1470E-08 2.8655E-08 2.6026E-08 2.3457E-08 2.0979E-08 1.8624E-08 1.6408E-08 1.4356E-08 1.2480E-08 1.0797E-08 9.2757E-09 7.9212E-09 6.7266E-09 5.6813E-09 4.7559E-09 3.9553E-09 3.2799E-09 2.7175E-09 2.2490E-09 1.8432E-09 1.5100E-09 1.2083E-09 9.5870E-10 7.3546E-10 5.5388E-10 4.0267E-10 3.0986E-10
1.9094E-09 2.4424E-09 3.1095E-09 3.9414E-09 5.0507E-09 6.2378E-09 7.6443E-09 9.3167E-09 1.1417E-08 1.3560E-08 1.5957E-08 1.8635E-08 2.1743E-08 2.4642E-08 2.7620E-08 3.0752E-08 3.4017E-08 3.6641E-08 3.9040E-08 4.1526E-08 4.3437E-08 4.4476E-08 4.5091E-08 4.6029E-08 4.5446E-08 4.4382E-08 4.2878E-08 4.0996E-08 3.8385E-08 3.5475E-08 3.2159E-08 2.8500E-08 2.5636E-08 2.2999E-08 2.0475E-08 1.8093E-08 1.5876E-08 1.3841E-08 1.1993E-08 1.0327E-08 8.8421E-09 7.5251E-09 6.3718E-09 5.3612E-09 4.4736E-09 3.7087E-09 3.0619E-09 2.5374E-09 2.0933E-09 1.7133E-09 1.3895E-09 1.1008E-09 8.6707E-10 6.6457E-10 4.9033E-10 3.7153E-10 2.8452E-10
1.8270E-09 2.3532E-09 3.0781E-09 3.9021E-09 4.8999E-09 6.1149E-09 7.6816E-09 9.3608E-09 1.1309E-08 1.3586E-08 1.6293E-08 1.9000E-08 2.1926E-08 2.5149E-08 2.8574E-08 3.1657E-08 3.4677E-08 3.7959E-08 4.0585E-08 4.2606E-08 4.4234E-08 4.6080E-08 4.6492E-08 4.6342E-08 4.5641E-08 4.4434E-08 4.2786E-08 4.0768E-08 3.8447E-08 3.5456E-08 3.1929E-08 2.8461E-08 2.5316E-08 2.2495E-08 1.9931E-08 1.7541E-08 1.5322E-08 1.3297E-08 1.1471E-08 9.8437E-09 8.3921E-09 7.1201E-09 6.0057E-09 5.0355E-09 4.1832E-09 3.4589E-09 2.8381E-09 2.3516E-09 1.9332E-09 1.5750E-09 1.2650E-09 1.0028E-09 7.7905E-10 5.9357E-10 4.3441E-10 3.3934E-10 2.5878E-10
1.7928E-09 2.2974E-09 2.9342E-09 3.7516E-09 4.8483E-09 6.0480E-09 7.4874E-09 9.2385E-09 1.1393E-08 1.3675E-08 1.6252E-08 1.9237E-08 2.2495E-08 2.5691E-08 2.9004E-08 3.2832E-08 3.5928E-08 3.8792E-08 4.1382E-08 4.4144E-08 4.5655E-08 4.6592E-08 4.6925E-08 4.6656E-08 4.5818E-08 4.4473E-08 4.2673E-08 4.0496E-08 3.8031E-08 3.5374E-08 3.2155E-08 2.8498E-08 2.4943E-08 2.1994E-08 1.9364E-08 1.6954E-08 1.4742E-08 1.2729E-08 1.0938E-08 9.3413E-09 7.9378E-09 6.7007E-09 5.6338E-09 4.7040E-09 3.8896E-09 3.2092E-09 2.6182E-09 2.1637E-09 1.7702E-09 1.4331E-09 1.1408E-09 9.0189E-10 6.9480E-10 5.2715E-10 3.8631E-10 3.0632E-10 2.3413E-10
1.6836E-09 2.1840E-09 2.8593E-09 3.6340E-09 4.6356E-09 5.8731E-09 7.4232E-09 9.1554E-09 1.1198E-08 1.3679E-08 1.6480E-08 1.9432E-08 2.2659E-08 2.6475E-08 2.9912E-08 3.3333E-08 3.6649E-08 4.0186E-08 4.2744E-08 4.4819E-08 4.6308E-08 4.7179E-08 4.7413E-08 4.7025E-08 4.6036E-08 4.4515E-08 4.2535E-08 4.0208E-08 3.7602E-08 3.4806E-08 3.1921E-08 2.8604E-08 2.4979E-08 2.1544E-08 1.8782E-08 1.6346E-08 1.4143E-08 1.2150E-08 1.0384E-08 8.8345E-09 7.4687E-09 6.2839E-09 5.2609E-09 4.3730E-09 3.5977E-09 2.9529E-09 2.3980E-09 1.9788E-09 1.6014E-09 1.2879E-09 1.0172E-09 8.0152E-10 6.0899E-10 4.6147E-10 3.4704E-10 2.7472E-10 2.0993E-10
1.6196E-09 2.0890E-09 2.6836E-09 3.4616E-09 4.5119E-09 5.7071E-09 7.1669E-09 9.0262E-09 1.1175E-08 1.3605E-08 1.6404E-08 1.9822E-08 2.3181E-08 2.6740E-08 3.0424E-08 3.4450E-08 3.7840E-08 4.0926E-08 4.3558E-08 4.5638E-08 4.7094E-08 4.7894E-08 4.7998E-08 4.7445E-08 4.6280E-08 4.4587E-08 4.2430E-08 3.9910E-08 3.7141E-08 3.4218E-08 3.1221E-08 2.8015E-08 2.4951E-08 2.1478E-08 1.8263E-08 1.5728E-08 1.3522E-08 1.1553E-08 9.8283E-09 8.3175E-09 7.0009E-09 5.8598E-09 4.8837E-09 4.0445E-09 3.3090E-09 2.6967E-09 2.1793E-09 1.7864E-09 1.4340E-09 1.1532E-09 9.0558E-10 7.1439E-10 5.3348E-10 4.0450E-10 3.0948E-10 2.4379E-10 1.8644E-10
1.4917E-09 1.9606E-09 2.5682E-09 3.2904E-09 4.2434E-09 5.5478E-09 7.0234E-09 8.7918E-09 1.0946E-08 1.3673E-08 1.6552E-08 1.9809E-08 2.3394E-08 2.7463E-08 3.1292E-08 3.5079E-08 3.8640E-08 4.1838E-08 4.4536E-08 4.6641E-08 4.8051E-08 4.8730E-08 4.8686E-08 4.7963E-08 4.6593E-08 4.4678E-08 4.2318E-08 3.9614E-08 3.6679E-08 3.3611E-08 3.0505E-08 2.7436E-08 2.4196E-08 2.0928E-08 1.8092E-08 1.5158E-08 1.2898E-08 1.0953E-08 9.2664E-09 7.8006E-09 6.5345E-09 5.4394E-09 4.5151E-09 3.7174E-09 3.0243E-09 2.4338E-09 1.9633E-09 1.5955E-09 1.2780E-09 1.0239E-09 7.9688E-10 6.2316E-10 4.6066E-10 3.6024E-10 2.7465E-10 2.1508E-10 1.6167E-10
1.3808E-09 1.8207E-09 2.3751E-09 3.1457E-09 4.0677E-09 5.2573E-09 6.7269E-09 8.6805E-09 1.0845E-08 1.3438E-08 1.6482E-08 2.0116E-08 2.3846E-08 2.7829E-08 3.1902E-08 3.5909E-08 3.9669E-08 4.3035E-08 4.5819E-08 4.7901E-08 4.9225E-08 4.9784E-08 4.9545E-08 4.8586E-08 4.6990E-08 4.4836E-08 4.2248E-08 3.9334E-08 3.6206E-08 3.2985E-08 2.9761E-08 2.6610E-08 2.3599E-08 2.0499E-08 1.7405E-08 1.4594E-08 1.2304E-08 1.0346E-08 8.6982E-09 7.2835E-09 6.0666E-09 5.0284E-09 4.1519E-09 3.3978E-09 2.7389E-09 2.1739E-09 1.7483E-09 1.4189E-09 1.1293E-09 8.9888E-10 6.9259E-10 5.3823E-10 3.9820E-10 3.1834E-10 2.4138E-10 1.8663E-10 1.3821E-10
