Assets/Resources/2015_m01_d03_0900(utc+0800)_l00_csi_1hr_conc.grd
DSAA
         159         159
     -79.000      79.000
     -79.000      79.000
  0.0000E+00  0.2381E-05
[rows 25 to 49 of 159, columns 0 to 56 of 159]
7.0303E-11 7.7017E-11 8.4227E-11 9.1971E-11 1.0028E-10 1.0915E-10 1.1866E-10 1.2879E-10 1.3936E-10 1.5085E-10 1.6304E-10 1.7596E-10 1.8963E-10 2.0387E-10 2.1911E-10 2.3516E-10 2.5203E-10 2.6955E-10 2.8813E-10 3.0734E-10 3.2765E-10 3.4861E-10 3.7065E-10 3.9334E-10 4.1754E-10 4.4219E-10 4.6810E-10 4.9494E-10 5.2220E-10 5.5028E-10 5.7959E-10 6.0929E-10 6.4015E-10 6.7130E-10 7.0317E-10 7.3569E-10 7.6922E-10 8.0288E-10 8.3708E-10 8.7173E-10 9.0678E-10 9.4217E-10 9.7783E-10 1.0139E-09 1.0507E-09 1.0870E-09 1.1233E-09 1.1597E-09 1.1960E-09 1.2320E-09 1.2678E-09 1.3033E-09 1.3385E-09 1.3732E-09 1.4073E-09 1.4408E-09 1.4736E-09
7.2043E-11 7.8917E-11 8.6289E-11 9.4223E-11 1.0272E-10 1.1181E-10 1.2152E-10 1.3187E-10 1.4271E-10 1.5444E-10 1.6687E-10 1.8008E-10 1.9405E-10 2.0880E-10 2.2415E-10 2.4053E-10 2.5775E-10 2.7562E-10 2.9456E-10 3.1415E-10 3.3486E-10 3.5644E-10 3.7868E-10 4.0243E-10 4.2667E-10 4.5217E-10 4.7822E-10 5.0556E-10 5.3333E-10 5.6236E-10 5.9183E-10 6.2209E-10 6.5350E-10 6.8529E-10 7.1776E-10 7.5088E-10 7.8504E-10 8.1891E-10 8.5422E-10 8.8954E-10 9.2526E-10 9.6133E-10 9.9787E-10 1.0352E-09 1.0722E-09 1.1092E-09 1.1464E-09 1.1835E-09 1.2205E-09 1.2574E-09 1.2939E-09 1.3303E-09 1.3662E-09 1.4017E-09 1.4366E-09 1.4709E-09 1.5046E-09
7.3798E-11 8.0823E-11 8.8374E-11 9.6487E-11 1.0516E-10 1.1446E-10 1.2439E-10 1.3497E-10 1.4625E-10 1.5801E-10 1.7073E-10 1.8420E-10 1.9844E-10 2.1350E-10 2.2937E-10 2.4586E-10 2.6343E-10 2.8165E-10 3.0095E-10 3.2093E-10 3.4202E-10 3.6399E-10 3.8686E-10 4.1103E-10 4.3572E-10 4.6173E-10 4.8826E-10 5.1608E-10 5.4435E-10 5.7396E-10 6.0396E-10 6.3517E-10 6.6635E-10 6.9915E-10 7.3222E-10 7.6637E-10 8.0031E-10 8.3574E-10 8.7124E-10 9.0722E-10 9.4361E-10 9.8055E-10 1.0184E-09 1.0559E-09 1.0935E-09 1.1314E-09 1.1693E-09 1.2072E-09 1.2450E-09 1.2826E-09 1.3201E-09 1.3572E-09 1.3940E-09 1.4309E-09 1.4660E-09 1.5011E-09 1.5356E-09
7.5560E-11 8.2737E-11 9.0468E-11 9.8750E-11 1.0762E-10 1.1712E-10 1.2725E-10 1.3806E-10 1.4956E-10 1.6157E-10 1.7456E-10 1.8829E-10 2.0283E-10 2.1818E-10 2.3435E-10 2.5117E-10 2.6907E-10 2.8784E-10 3.0729E-10 3.2764E-10 3.4910E-10 3.7125E-10 3.9494E-10 4.1955E-10 4.4468E-10 4.7119E-10 4.9819E-10 5.2649E-10 5.5532E-10 5.8543E-10 6.1598E-10 6.4733E-10 6.7995E-10 7.1289E-10 7.4655E-10 7.8089E-10 8.1591E-10 8.5197E-10 8.8812E-10 9.2476E-10 9.6201E-10 9.9964E-10 1.0382E-09 1.0764E-09 1.1149E-09 1.1535E-09 1.1922E-09 1.2308E-09 1.2694E-09 1.3079E-09 1.3468E-09 1.3847E-09 1.4223E-09 1.4594E-09 1.4960E-09 1.5319E-09 1.5670E-09
7.7330E-11 8.4672E-11 9.2560E-11 1.0101E-10 1.1009E-10 1.1977E-10 1.3012E-10 1.4115E-10 1.5287E-10 1.6535E-10 1.7837E-10 1.9236E-10 2.0719E-10 2.2282E-10 2.3908E-10 2.5644E-10 2.7466E-10 2.9355E-10 3.1357E-10 3.3449E-10 3.5610E-10 3.7926E-10 4.0295E-10 4.2797E-10 4.5358E-10 4.8054E-10 5.0840E-10 5.3683E-10 5.6615E-10 5.9678E-10 6.2785E-10 6.5979E-10 6.9297E-10 7.2648E-10 7.6073E-10 7.9572E-10 8.3135E-10 8.6804E-10 9.0484E-10 9.4231E-10 9.8025E-10 1.0192E-09 1.0578E-09 1.0968E-09 1.1361E-09 1.1754E-09 1.2149E-09 1.2543E-09 1.2938E-09 1.3337E-09 1.3728E-09 1.4115E-09 1.4500E-09 1.4879E-09 1.5252E-09 1.5618E-09 1.5977E-09
7.9101E-11 8.6605E-11 9.4655E-11 1.0329E-10 1.1254E-10 1.2241E-10 1.3297E-10 1.4421E-10 1.5617E-10 1.6888E-10 1.8235E-10 1.9642E-10 2.1151E-10 2.2742E-10 2.4399E-10 2.6165E-10 2.8018E-10 2.9941E-10 3.1977E-10 3.4103E-10 3.6322E-10 3.8676E-10 4.1084E-10 4.3632E-10 4.6236E-10 4.8976E-10 5.1769E-10 5.4703E-10 5.7726E-10 6.0798E-10 6.3961E-10 6.7209E-10 7.0582E-10 7.3991E-10 7.7478E-10 8.1036E-10 8.4706E-10 8.8393E-10 9.2154E-10 9.5969E-10 9.9832E-10 1.0379E-09 1.0774E-09 1.1171E-09 1.1571E-09 1.1972E-09 1.2375E-09 1.2784E-09 1.3187E-09 1.3588E-09 1.3986E-09 1.4383E-09 1.4775E-09 1.5161E-09 1.5542E-09 1.5915E-09 1.6280E-09
8.0889E-11 8.8538E-11 9.6742E-11 1.0556E-10 1.1498E-10 1.2506E-10 1.3581E-10 1.4726E-10 1.5945E-10 1.7239E-10 1.8589E-10 2.0043E-10 2.1579E-10 2.3198E-10 2.4906E-10 2.6679E-10 2.8542E-10 3.0518E-10 3.2587E-10 3.4727E-10 3.7023E-10 3.9414E-10 4.1863E-10 4.4455E-10 4.7142E-10 4.9885E-10 5.2728E-10 5.5709E-10 5.8780E-10 6.1861E-10 6.5120E-10 6.8464E-10 7.1850E-10 7.5272E-10 7.8863E-10 8.2482E-10 8.6212E-10 8.9919E-10 9.3806E-10 9.7687E-10 1.0167E-09 1.0565E-09 1.0967E-09 1.1372E-09 1.1780E-09 1.2189E-09 1.2599E-09 1.3017E-09 1.3427E-09 1.3836E-09 1.4244E-09 1.4647E-09 1.5047E-09 1.5441E-09 1.5828E-09 1.6207E-09 1.6584E-09
8.2670E-11 9.0464E-11 9.8625E-11 1.0781E-10 1.1741E-10 1.2768E-10 1.3863E-10 1.5007E-10 1.6270E-10 1.7586E-10 1.8962E-10 2.0440E-10 2.2001E-10 2.3649E-10 2.5383E-10 2.7186E-10 2.9079E-10 3.1087E-10 3.3188E-10 3.5381E-10 3.7713E-10 4.0142E-10 4.2633E-10 4.5264E-10 4.7993E-10 5.0783E-10 5.3713E-10 5.6698E-10 5.9777E-10 6.2995E-10 6.6262E-10 6.9658E-10 7.3055E-10 7.6580E-10 8.0228E-10 8.3906E-10 8.7654E-10 9.1543E-10 9.5435E-10 9.9384E-10 1.0338E-09 1.0750E-09 1.1159E-09 1.1571E-09 1.1986E-09 1.2403E-09 1.2828E-09 1.3247E-09 1.3666E-09 1.4083E-09 1.4498E-09 1.4909E-09 1.5315E-09 1.5721E-09 1.6115E-09 1.6500E-09 1.6877E-09
8.4446E-11 9.2383E-11 1.0092E-10 1.1006E-10 1.1962E-10 1.3029E-10 1.4142E-10 1.5330E-10 1.6591E-10 1.7909E-10 1.9329E-10 2.0831E-10 2.2418E-10 2.4092E-10 2.5853E-10 2.7684E-10 2.9630E-10 3.1645E-10 3.3796E-10 3.6025E-10 3.8391E-10 4.0859E-10 4.3389E-10 4.6060E-10 4.8790E-10 5.1666E-10 5.4640E-10 5.7670E-10 6.0800E-10 6.4067E-10 6.7384E-10 7.0790E-10 7.4286E-10 7.7911E-10 8.1571E-10 8.5307E-10 8.9132E-10 9.3084E-10 9.7041E-10 1.0106E-09 1.0513E-09 1.0931E-09 1.1348E-09 1.1767E-09 1.2191E-09 1.2622E-09 1.3049E-09 1.3475E-09 1.3902E-09 1.4326E-09 1.4748E-09 1.5166E-09 1.5584E-09 1.5991E-09 1.6390E-09 1.6782E-09 1.7171E-09
8.6213E-11 9.4091E-11 1.0299E-10 1.1228E-10 1.2202E-10 1.3286E-10 1.4398E-10 1.5627E-10 1.6908E-10 1.8249E-10 1.9691E-10 2.1217E-10 2.2828E-10 2.4527E-10 2.6294E-10 2.8174E-10 3.0147E-10 3.2192E-10 3.4395E-10 3.6695E-10 3.9056E-10 4.1564E-10 4.4131E-10 4.6840E-10 4.9614E-10 5.2532E-10 5.5548E-10 5.8582E-10 6.1802E-10 6.5117E-10 6.8484E-10 7.1944E-10 7.5493E-10 7.9172E-10 8.2889E-10 8.6699E-10 9.0585E-10 9.4599E-10 9.8621E-10 1.0271E-09 1.0691E-09 1.1110E-09 1.1534E-09 1.1962E-09 1.2393E-09 1.2832E-09 1.3265E-09 1.3700E-09 1.4133E-09 1.4565E-09 1.4993E-09 1.5423E-09 1.5842E-09 1.6255E-09 1.6660E-09 1.7064E-09 1.7454E-09
8.7968E-11 9.5998E-11 1.0503E-10 1.1428E-10 1.2441E-10 1.3541E-10 1.4672E-10 1.5919E-10 1.7200E-10 1.8583E-10 2.0068E-10 2.1595E-10 2.3231E-10 2.4954E-10 2.6746E-10 2.8653E-10 3.0653E-10 3.2746E-10 3.4980E-10 3.7313E-10 3.9711E-10 4.2252E-10 4.4896E-10 4.7607E-10 5.0420E-10 5.3379E-10 5.6397E-10 5.9518E-10 6.2785E-10 6.6146E-10 6.9519E-10 7.3075E-10 7.6676E-10 8.0408E-10 8.4136E-10 8.8065E-10 9.2067E-10 9.6086E-10 1.0018E-09 1.0433E-09 1.0860E-09 1.1287E-09 1.1718E-09 1.2154E-09 1.2598E-09 1.3038E-09 1.3479E-09 1.3920E-09 1.4361E-09 1.4798E-09 1.5239E-09 1.5669E-09 1.6093E-09 1.6512E-09 1.6929E-09 1.7334E-09 1.7731E-09
8.9513E-11 9.7886E-11 1.0706E-10 1.1647E-10 1.2696E-10 1.3772E-10 1.4942E-10 1.6206E-10 1.7509E-10 1.8911E-10 2.0396E-10 2.1967E-10 2.3624E-10 2.5349E-10 2.7189E-10 2.9121E-10 3.1126E-10 3.3289E-10 3.5552E-10 3.7877E-10 4.0351E-10 4.2926E-10 4.5566E-10 4.8356E-10 5.1249E-10 5.4206E-10 5.7269E-10 6.0477E-10 6.3744E-10 6.7109E-10 7.0574E-10 7.4179E-10 7.7832E-10 8.1573E-10 8.5475E-10 8.9402E-10 9.3463E-10 9.7487E-10 1.0170E-09 1.0593E-09 1.1027E-09 1.1461E-09 1.1899E-09 1.2342E-09 1.2793E-09 1.3233E-09 1.3688E-09 1.4136E-09 1.4582E-09 1.5026E-09 1.5471E-09 1.5907E-09 1.6338E-09 1.6768E-09 1.7186E-09 1.7598E-09 1.8001E-09
9.1035E-11 9.9753E-11 1.0886E-10 1.1863E-10 1.2926E-10 1.4020E-10 1.5207E-10 1.6469E-10 1.7810E-10 1.9232E-10 2.0716E-10 2.2329E-10 2.4008E-10 2.5757E-10 2.7620E-10 2.9576E-10 3.1627E-10 3.3818E-10 3.6110E-10 3.8470E-10 4.0974E-10 4.3583E-10 4.6260E-10 4.9086E-10 5.2016E-10 5.4971E-10 5.8118E-10 6.1368E-10 6.4679E-10 6.8045E-10 7.1603E-10 7.5257E-10 7.8960E-10 8.2768E-10 8.6724E-10 9.0708E-10 9.4772E-10 9.8981E-10 1.0320E-09 1.0755E-09 1.1184E-09 1.1631E-09 1.2077E-09 1.2531E-09 1.2977E-09 1.3437E-09 1.3891E-09 1.4345E-09 1.4797E-09 1.5251E-09 1.5697E-09 1.6138E-09 1.6580E-09 1.7012E-09 1.7436E-09 1.7854E-09 1.8269E-09
9.2754E-11 1.0159E-10 1.1063E-10 1.2076E-10 1.3133E-10 1.4264E-10 1.5466E-10 1.6746E-10 1.8105E-10 1.9545E-10 2.1049E-10 2.2683E-10 2.4361E-10 2.6154E-10 2.8040E-10 2.9998E-10 3.2116E-10 3.4334E-10 3.6615E-10 3.9046E-10 4.1581E-10 4.4182E-10 4.6936E-10 4.9796E-10 5.2723E-10 5.5758E-10 5.8944E-10 6.2235E-10 6.5545E-10 6.9001E-10 7.2604E-10 7.6304E-10 8.0011E-10 8.3932E-10 8.7941E-10 9.1982E-10 9.6112E-10 1.0038E-09 1.0467E-09 1.0902E-09 1.1344E-09 1.1798E-09 1.2250E-09 1.2705E-09 1.3162E-09 1.3628E-09 1.4088E-09 1.4547E-09 1.5004E-09 1.5464E-09 1.5915E-09 1.6362E-09 1.6810E-09 1.7248E-09 1.7679E-09 1.8108E-09 1.8525E-09
9.4447E-11 1.0341E-10 1.1258E-10 1.2284E-10 1.3335E-10 1.4502E-10 1.5720E-10 1.7017E-10 1.8393E-10 1.9829E-10 2.1374E-10 2.3026E-10 2.4703E-10 2.6540E-10 2.8446E-10 3.0448E-10 3.2591E-10 3.4835E-10 3.7146E-10 3.9605E-10 4.2170E-10 4.4805E-10 4.7591E-10 5.0485E-10 5.3405E-10 5.6522E-10 5.9745E-10 6.3033E-10 6.6428E-10 6.9972E-10 7.3575E-10 7.7277E-10 8.1092E-10 8.5063E-10 8.9127E-10 9.3168E-10 9.7421E-10 1.0175E-09 1.0610E-09 1.1052E-09 1.1501E-09 1.1960E-09 1.2417E-09 1.2878E-09 1.3342E-09 1.3813E-09 1.4278E-09 1.4741E-09 1.5209E-09 1.5668E-09 1.6125E-09 1.6584E-09 1.7033E-09 1.7476E-09 1.7919E-09 1.8350E-09 1.8773E-09
9.6111E-11 1.0498E-10 1.1450E-10 1.2487E-10 1.3554E-10 1.4734E-10 1.5946E-10 1.7280E-10 1.8672E-10 2.0126E-10 2.1709E-10 2.3338E-10 2.5056E-10 2.6912E-10 2.8819E-10 3.0884E-10 3.3050E-10 3.5281E-10 3.7661E-10 4.0147E-10 4.2701E-10 4.5408E-10 4.8225E-10 5.1111E-10 5.4108E-10 5.7260E-10 6.0520E-10 6.3803E-10 6.7283E-10 7.0868E-10 7.4514E-10 7.8276E-10 8.2140E-10 8.6164E-10 9.0226E-10 9.4448E-10 9.8700E-10 1.0309E-09 1.0744E-09 1.1198E-09 1.1658E-09 1.2117E-09 1.2580E-09 1.3046E-09 1.3521E-09 1.3990E-09 1.4459E-09 1.4928E-09 1.5400E-09 1.5865E-09 1.6328E-09 1.6792E-09 1.7247E-09 1.7696E-09 1.8146E-09 1.8583E-09 1.9013E-09
9.7942E-11 1.0651E-10 1.1636E-10 1.2666E-10 1.3766E-10 1.4959E-10 1.6187E-10 1.7536E-10 1.8922E-10 2.0415E-10 2.2014E-10 2.3639E-10 2.5399E-10 2.7273E-10 2.9178E-10 3.1306E-10 3.3496E-10 3.5753E-10 3.8158E-10 4.0671E-10 4.3254E-10 4.5990E-10 4.8838E-10 5.1712E-10 5.4786E-10 5.7972E-10 6.1225E-10 6.4589E-10 6.8107E-10 7.1732E-10 7.5376E-10 7.9244E-10 8.3216E-10 8.7236E-10 9.1359E-10 9.5638E-10 9.9944E-10 1.0433E-09 1.0880E-09 1.1339E-09 1.1804E-09 1.2262E-09 1.2736E-09 1.3207E-09 1.3686E-09 1.4159E-09 1.4633E-09 1.5106E-09 1.5583E-09 1.6054E-09 1.6527E-09 1.6992E-09 1.7452E-09 1.7914E-09 1.8364E-09 1.8808E-09 1.9251E-09
9.9335E-11 1.0823E-10 1.1818E-10 1.2838E-10 1.3973E-10 1.5158E-10 1.6421E-10 1.7783E-10 1.9163E-10 2.0693E-10 2.2287E-10 2.3951E-10 2.5728E-10 2.7599E-10 2.9565E-10 3.1713E-10 3.3886E-10 3.6208E-10 3.8636E-10 4.1134E-10 4.3787E-10 4.6551E-10 4.9385E-10 5.2333E-10 5.5439E-10 5.8656E-10 6.1899E-10 6.5344E-10 6.8899E-10 7.2522E-10 7.6268E-10 8.0184E-10 8.4207E-10 8.8225E-10 9.2461E-10 9.6792E-10 1.0115E-09 1.0559E-09 1.1017E-09 1.1475E-09 1.1938E-09 1.2406E-09 1.2885E-09 1.3360E-09 1.3836E-09 1.4319E-09 1.4798E-09 1.5281E-09 1.5758E-09 1.6234E-09 1.6712E-09 1.7182E-09 1.7649E-09 1.8117E-09 1.8573E-09 1.9030E-09 1.9474E-09
1.0069E-10 1.0989E-10 1.1995E-10 1.3027E-10 1.4173E-10 1.5349E-10 1.6647E-10 1.8001E-10 1.9417E-10 2.0961E-10 2.2550E-10 2.4250E-10 2.6044E-10 2.7911E-10 2.9937E-10 3.2105E-10 3.4258E-10 3.6644E-10 3.9096E-10 4.1620E-10 4.4298E-10 4.7088E-10 4.9907E-10 5.2928E-10 5.6063E-10 5.9269E-10 6.2589E-10 6.6068E-10 6.9663E-10 7.3282E-10 7.7136E-10 8.1101E-10 8.5119E-10 8.9244E-10 9.3531E-10 9.7907E-10 1.0225E-09 1.0680E-09 1.1142E-09 1.1604E-09 1.2071E-09 1.2543E-09 1.3026E-09 1.3504E-09 1.3985E-09 1.4472E-09 1.4954E-09 1.5436E-09 1.5924E-09 1.6405E-09 1.6889E-09 1.7365E-09 1.7843E-09 1.8311E-09 1.8774E-09 1.9237E-09 1.9689E-09
1.0199E-10 1.1150E-10 1.2146E-10 1.3210E-10 1.4366E-10 1.5555E-10 1.6864E-10 1.8210E-10 1.9661E-10 2.1219E-10 2.2800E-10 2.4538E-10 2.6347E-10 2.8250E-10 3.0294E-10 3.2442E-10 3.4656E-10 3.7063E-10 3.9496E-10 4.2084E-10 4.4786E-10 4.7560E-10 5.0448E-10 5.3496E-10 5.6659E-10 5.9851E-10 6.3251E-10 6.6767E-10 7.0359E-10 7.4081E-10 7.7981E-10 8.1991E-10 8.5999E-10 9.0231E-10 9.4561E-10 9.8922E-10 1.0337E-09 1.0796E-09 1.1261E-09 1.1720E-09 1.2198E-09 1.2673E-09 1.3159E-09 1.3640E-09 1.4124E-09 1.4615E-09 1.5102E-09 1.5595E-09 1.6081E-09 1.6572E-09 1.7056E-09 1.7538E-09 1.8021E-09 1.8495E-09 1.8965E-09 1.9436E-09 1.9894E-09
1.0346E-10 1.1306E-10 1.2290E-10 1.3386E-10 1.4532E-10 1.5753E-10 1.7074E-10 1.8409E-10 1.9895E-10 2.1445E-10 2.3061E-10 2.4813E-10 2.6615E-10 2.8574E-10 3.0636E-10 3.2761E-10 3.5037E-10 3.7462E-10 3.9874E-10 4.2527E-10 4.5251E-10 4.8006E-10 5.0962E-10 5.4036E-10 5.7185E-10 6.0452E-10 6.3887E-10 6.7444E-10 7.1033E-10 7.4858E-10 7.8801E-10 8.2799E-10 8.6907E-10 9.1180E-10 9.5548E-10 9.9884E-10 1.0443E-09 1.0905E-09 1.1367E-09 1.1835E-09 1.2316E-09 1.2801E-09 1.3277E-09 1.3768E-09 1.4255E-09 1.4750E-09 1.5241E-09 1.5738E-09 1.6229E-09 1.6719E-09 1.7214E-09 1.7701E-09 1.8190E-09 1.8671E-09 1.9153E-09 1.9624E-09 2.0090E-09
1.0488E-10 1.1457E-10 1.2451E-10 1.3555E-10 1.4690E-10 1.5943E-10 1.7253E-10 1.8622E-10 2.0119E-10 2.1659E-10 2.3310E-10 2.5075E-10 2.6868E-10 2.8883E-10 3.0961E-10 3.3105E-10 3.5398E-10 3.7801E-10 4.0275E-10 4.2947E-10 4.5651E-10 4.8470E-10 5.1449E-10 5.4551E-10 5.7686E-10 6.1035E-10 6.4507E-10 6.8061E-10 7.1746E-10 7.5613E-10 7.9593E-10 8.3572E-10 8.7778E-10 9.2086E-10 9.6424E-10 1.0085E-09 1.0542E-09 1.1007E-09 1.1465E-09 1.1943E-09 1.2426E-09 1.2908E-09 1.3393E-09 1.3887E-09 1.4383E-09 1.4876E-09 1.5371E-09 1.5872E-09 1.6368E-09 1.6863E-09 1.7363E-09 1.7860E-09 1.8350E-09 1.8837E-09 1.9325E-09 1.9803E-09 2.0283E-09
1.0626E-10 1.1581E-10 1.2604E-10 1.3718E-10 1.4862E-10 1.6125E-10 1.7424E-10 1.8825E-10 2.0332E-10 2.1861E-10 2.3546E-10 2.5301E-10 2.7148E-10 2.9177E-10 3.1230E-10 3.3431E-10 3.5780E-10 3.8118E-10 4.0653E-10 4.3343E-10 4.6024E-10 4.8910E-10 5.1916E-10 5.5004E-10 5.8170E-10 6.1602E-10 6.5111E-10 6.8656E-10 7.2438E-10 7.6340E-10 8.0298E-10 8.4369E-10 8.8664E-10 9.2939E-10 9.7304E-10 1.0182E-09 1.0635E-09 1.1095E-09 1.1563E-09 1.2043E-09 1.2529E-09 1.3012E-09 1.3500E-09 1.3997E-09 1.4491E-09 1.4993E-09 1.5492E-09 1.5996E-09 1.6497E-09 1.7002E-09 1.7501E-09 1.7998E-09 1.8500E-09 1.8992E-09 1.9487E-09 1.9972E-09 2.0459E-09
1.0757E-10 1.1700E-10 1.2752E-10 1.3853E-10 1.5027E-10 1.6298E-10 1.7584E-10 1.9017E-10 2.0513E-10 2.2074E-10 2.3769E-10 2.5513E-10 2.7413E-10 2.9455E-10 3.1481E-10 3.3737E-10 3.6062E-10 3.8413E-10 4.1008E-10 4.3675E-10 4.6376E-10 4.9330E-10 5.2367E-10 5.5444E-10 5.8691E-10 6.2154E-10 6.5656E-10 6.9289E-10 7.3105E-10 7.7037E-10 8.0965E-10 8.5122E-10 8.9438E-10 9.3672E-10 9.8119E-10 1.0265E-09 1.0720E-09 1.1183E-09 1.1659E-09 1.2135E-09 1.2617E-09 1.3108E-09 1.3598E-09 1.4098E-09 1.4595E-09 1.5101E-09 1.5603E-09 1.6106E-09 1.6616E-09 1.7126E-09 1.7630E-09 1.8132E-09 1.8639E-09 1.9138E-09 1.9639E-09 2.0132E-09 2.0626E-09
1.0884E-10 1.1812E-10 1.2893E-10 1.3981E-10 1.5184E-10 1.6442E-10 1.7758E-10 1.9220E-10 2.0682E-10 2.2274E-10 2.3979E-10 2.5710E-10 2.7663E-10 2.9677E-10 3.1756E-10 3.4025E-10 3.6323E-10 3.8731E-10 4.1344E-10 4.3989E-10 4.6758E-10 4.9740E-10 5.2767E-10 5.5871E-10 5.9197E-10 6.2690E-10 6.6176E-10 6.9897E-10 7.3740E-10 7.7638E-10 8.1648E-10 8.5881E-10 9.0096E-10 9.4405E-10 9.8867E-10 1.0341E-09 1.0792E-09 1.1263E-09 1.1741E-09 1.2219E-09 1.2702E-09 1.3195E-09 1.3693E-09 1.4185E-09 1.4691E-09 1.5199E-09 1.5704E-09 1.6212E-09 1.6726E-09 1.7240E-09 1.7748E-09 1.8256E-09 1.8769E-09 1.9273E-09 1.9782E-09 2.0281E-09 2.0782E-09
