Assets/Resources/2015_m01_d21_2200(utc+0800)_l00_csi_1hr_conc.grd
DSAA
         159         159
     -79.000      79.000
     -79.000      79.000
  0.0000E+00  0.8117E-05
[rows 25 to 49 of 159, columns 57 to 113 of 159]
0.0000E+00 0.0000E+00 0.0000E+00 0.0000E+00 0.0000E+00 0.0000E+00 0.0000E+00 0.0000E+00 0.0000E+00 0.0000E+00 0.0000E+00 0.0000E+00 0.0000E+00 0.0000E+00 0.0000E+00 0.0000E+00 0.0000E+00 0.0000E+00 0.0000E+00 0.0000E+00 0.0000E+00 0.0000E+00 0.0000E+00 0.0000E+00 0.0000E+00 0.0000E+00 0.0000E+00 0.0000E+00 0.0000E+00 0.0000E+00 0.0000E+00 0.0000E+00 1.4476E-12 1.0584E-11 3.9641E-11 9.1619E-11 1.5992E-10 2.4837E-10 3.6389E-10 5.0567E-10 6.7756E-10 8.8776E-10 1.1387E-09 1.4328E-09 1.7702E-09 2.1500E-09 2.5691E-09 3.0220E-09 3.5024E-09 4.0013E-09 4.5082E-09 5.0159E-09 5.5124E-09 5.9868E-09 6.4297E-09 6.8310E-09 7.1863E-09
0.0000E+00 0.0000E+00 0.0000E+00 0.0000E+00 0.0000E+00 0.0000E+00 0.0000E+00 0.0000E+00 0.0000E+00 0.0000E+00 0.0000E+00 0.0000E+00 0.0000E+00 0.0000E+00 0.0000E+00 0.0000E+00 0.0000E+00 0.0000E+00 0.0000E+00 0.0000E+00 0.0000E+00 0.0000E+00 0.0000E+00 0.0000E+00 0.0000E+00 0.0000E+00 0.0000E+00 0.0000E+00 0.0000E+00 0.0000E+00 0.0000E+00 8.6314E-13 9.7483E-12 3.5401E-11 8.0649E-11 1.4460E-10 2.3214E-10 3.4584E-10 4.8316E-10 6.5302E-10 8.6267E-10 1.1154E-09 1.4127E-09 1.7548E-09 2.1415E-09 2.5692E-09 3.0330E-09 3.5262E-09 4.0398E-09 4.5637E-09 5.0869E-09 5.5973E-09 6.0843E-09 6.5379E-09 6.9495E-09 7.3107E-09 7.6140E-09
0.0000E+00 0.0000E+00 0.0000E+00 0.0000E+00 0.0000E+00 0.0000E+00 0.0000E+00 0.0000E+00 0.0000E+00 0.0000E+00 0.0000E+00 0.0000E+00 0.0000E+00 0.0000E+00 0.0000E+00 0.0000E+00 0.0000E+00 0.0000E+00 0.0000E+00 0.0000E+00 0.0000E+00 0.0000E+00 0.0000E+00 0.0000E+00 0.0000E+00 0.0000E+00 0.0000E+00 0.0000E+00 0.0000E+00 0.0000E+00 7.0940E-13 8.1180E-12 2.9117E-11 7.0571E-11 1.3271E-10 2.2091E-10 3.3121E-10 4.6619E-10 6.3600E-10 8.4708E-10 1.1010E-09 1.4006E-09 1.7479E-09 2.1418E-09 2.5789E-09 3.0542E-09 3.5603E-09 4.0883E-09 4.6265E-09 5.1657E-09 5.6934E-09 6.1963E-09 6.6627E-09 7.0847E-09 7.4535E-09 7.7604E-09 8.0025E-09
0.0000E+00 0.0000E+00 0.0000E+00 0.0000E+00 0.0000E+00 0.0000E+00 0.0000E+00 0.0000E+00 0.0000E+00 0.0000E+00 0.0000E+00 0.0000E+00 0.0000E+00 0.0000E+00 0.0000E+00 0.0000E+00 0.0000E+00 0.0000E+00 0.0000E+00 0.0000E+00 0.0000E+00 0.0000E+00 0.0000E+00 0.0000E+00 0.0000E+00 0.0000E+00 0.0000E+00 0.0000E+00 0.0000E+00 9.2077E-13 6.6652E-12 2.3030E-11 6.0827E-11 1.2073E-10 2.0171E-10 3.0757E-10 4.4252E-10 6.1277E-10 8.2451E-10 1.0794E-09 1.3832E-09 1.7370E-09 2.1397E-09 2.5885E-09 3.0777E-09 3.5995E-09 4.1446E-09 4.7021E-09 5.2595E-09 5.8045E-09 6.3226E-09 6.8040E-09 7.2381E-09 7.6147E-09 7.9268E-09 8.1698E-09 8.3410E-09
0.0000E+00 0.0000E+00 0.0000E+00 0.0000E+00 0.0000E+00 0.0000E+00 0.0000E+00 0.0000E+00 0.0000E+00 0.0000E+00 0.0000E+00 0.0000E+00 0.0000E+00 0.0000E+00 0.0000E+00 0.0000E+00 0.0000E+00 0.0000E+00 0.0000E+00 0.0000E+00 0.0000E+00 0.0000E+00 0.0000E+00 0.0000E+00 0.0000E+00 0.0000E+00 0.0000E+00 0.0000E+00 8.1242E-13 5.2357E-12 1.7970E-11 4.9865E-11 1.0481E-10 1.8060E-10 2.8261E-10 4.1783E-10 5.8663E-10 7.9484E-10 1.0508E-09 1.3604E-09 1.7239E-09 2.1378E-09 2.6006E-09 3.1065E-09 3.6475E-09 4.2130E-09 4.7911E-09 5.3695E-09 5.9344E-09 6.4721E-09 6.9694E-09 7.4159E-09 7.8018E-09 8.1207E-09 8.3636E-09 8.5305E-09 8.6235E-09
0.0000E+00 0.0000E+00 0.0000E+00 0.0000E+00 0.0000E+00 0.0000E+00 0.0000E+00 0.0000E+00 0.0000E+00 0.0000E+00 0.0000E+00 0.0000E+00 0.0000E+00 0.0000E+00 0.0000E+00 0.0000E+00 0.0000E+00 0.0000E+00 0.0000E+00 0.0000E+00 0.0000E+00 0.0000E+00 0.0000E+00 0.0000E+00 0.0000E+00 0.0000E+00 0.0000E+00 2.1189E-13 3.6235E-12 1.2400E-11 3.7657E-11 8.7143E-11 1.5758E-10 2.5666E-10 3.8943E-10 5.5420E-10 7.6004E-10 1.0193E-09 1.3354E-09 1.7045E-09 2.1294E-09 2.6073E-09 3.1320E-09 3.6949E-09 4.2843E-09 4.8875E-09 5.4902E-09 6.0777E-09 6.6353E-09 7.1510E-09 7.6139E-09 8.0116E-09 8.3345E-09 8.5790E-09 8.7466E-09 8.8303E-09 8.8341E-09
0.0000E+00 0.0000E+00 0.0000E+00 0.0000E+00 0.0000E+00 0.0000E+00 0.0000E+00 0.0000E+00 0.0000E+00 0.0000E+00 0.0000E+00 0.0000E+00 0.0000E+00 0.0000E+00 0.0000E+00 0.0000E+00 0.0000E+00 0.0000E+00 0.0000E+00 0.0000E+00 0.0000E+00 0.0000E+00 0.0000E+00 0.0000E+00 0.0000E+00 0.0000E+00 0.0000E+00 6.3536E-13 6.5208E-12 2.5323E-11 6.6936E-11 1.3075E-10 2.2372E-10 3.4890E-10 5.0776E-10 7.1345E-10 9.7511E-10 1.2938E-09 1.6701E-09 2.1078E-09 2.6022E-09 3.1488E-09 3.7368E-09 4.3551E-09 4.9887E-09 5.6227E-09 6.2402E-09 6.8252E-09 7.3607E-09 7.8398E-09 8.2457E-09 8.5774E-09 8.8263E-09 8.9887E-09 9.0642E-09 9.0587E-09 8.9725E-09
0.0000E+00 0.0000E+00 0.0000E+00 0.0000E+00 0.0000E+00 0.0000E+00 0.0000E+00 0.0000E+00 0.0000E+00 0.0000E+00 0.0000E+00 0.0000E+00 0.0000E+00 0.0000E+00 0.0000E+00 0.0000E+00 0.0000E+00 0.0000E+00 0.0000E+00 0.0000E+00 0.0000E+00 0.0000E+00 0.0000E+00 0.0000E+00 0.0000E+00 0.0000E+00 0.0000E+00 1.2033E-12 1.3676E-11 4.3930E-11 9.8272E-11 1.8118E-10 2.9754E-10 4.5322E-10 6.5757E-10 9.1449E-10 1.2303E-09 1.6113E-09 2.0597E-09 2.5713E-09 3.1412E-09 3.7590E-09 4.4128E-09 5.0846E-09 5.7560E-09 6.4091E-09 7.0264E-09 7.5922E-09 8.0947E-09 8.5198E-09 8.8573E-09 9.1076E-09 9.2680E-09 9.3359E-09 9.3130E-09 9.2084E-09 9.0301E-09
0.0000E+00 0.0000E+00 0.0000E+00 0.0000E+00 0.0000E+00 0.0000E+00 0.0000E+00 0.0000E+00 0.0000E+00 0.0000E+00 0.0000E+00 0.0000E+00 0.0000E+00 0.0000E+00 0.0000E+00 0.0000E+00 0.0000E+00 0.0000E+00 0.0000E+00 0.0000E+00 0.0000E+00 0.0000E+00 0.0000E+00 0.0000E+00 0.0000E+00 0.0000E+00 0.0000E+00 2.6983E-12 2.2430E-11 6.4744E-11 1.3480E-10 2.3749E-10 3.8686E-10 5.8115E-10 8.2814E-10 1.1372E-09 1.5179E-09 1.9723E-09 2.4999E-09 3.0964E-09 3.7510E-09 4.4437E-09 5.1579E-09 5.8749E-09 6.5728E-09 7.2330E-09 7.8389E-09 8.3725E-09 8.8207E-09 9.1751E-09 9.4311E-09 9.5879E-09 9.6453E-09 9.6087E-09 9.4845E-09 9.2790E-09 9.0060E-09
0.0000E+00 0.0000E+00 0.0000E+00 0.0000E+00 0.0000E+00 0.0000E+00 0.0000E+00 0.0000E+00 0.0000E+00 0.0000E+00 0.0000E+00 0.0000E+00 0.0000E+00 0.0000E+00 0.0000E+00 0.0000E+00 0.0000E+00 0.0000E+00 0.0000E+00 0.0000E+00 0.0000E+00 0.0000E+00 0.0000E+00 0.0000E+00 0.0000E+00 0.0000E+00 0.0000E+00 4.6611E-12 3.3831E-11 8.7933E-11 1.7411E-10 3.0491E-10 4.8819E-10 7.2183E-10 1.0186E-09 1.3910E-09 1.8452E-09 2.3889E-09 3.0124E-09 3.6977E-09 4.4307E-09 5.1942E-09 5.9670E-09 6.7243E-09 7.4402E-09 8.0943E-09 8.6715E-09 9.1543E-09 9.5293E-09 9.7971E-09 9.9557E-09 1.0007E-08 9.9531E-09 9.8022E-09 9.5731E-09 9.2669E-09 8.8978E-09
0.0000E+00 0.0000E+00 0.0000E+00 0.0000E+00 0.0000E+00 0.0000E+00 0.0000E+00 0.0000E+00 0.0000E+00 0.0000E+00 0.0000E+00 0.0000E+00 0.0000E+00 0.0000E+00 0.0000E+00 0.0000E+00 0.0000E+00 0.0000E+00 0.0000E+00 0.0000E+00 0.0000E+00 0.0000E+00 0.0000E+00 0.0000E+00 0.0000E+00 0.0000E+00 8.9565E-14 8.1666E-12 4.5709E-11 1.1284E-10 2.2055E-10 3.7770E-10 5.9611E-10 8.7428E-10 1.2314E-09 1.6841E-09 2.2347E-09 2.8706E-09 3.5842E-09 4.3638E-09 5.1859E-09 6.0217E-09 6.8433E-09 7.6262E-09 8.3424E-09 8.9762E-09 9.5055E-09 9.9180E-09 1.0205E-08 1.0374E-08 1.0420E-08 1.0351E-08 1.0180E-08 9.9189E-09 9.5766E-09 9.1738E-09 8.7173E-09
0.0000E+00 0.0000E+00 0.0000E+00 0.0000E+00 0.0000E+00 0.0000E+00 0.0000E+00 0.0000E+00 0.0000E+00 0.0000E+00 0.0000E+00 0.0000E+00 0.0000E+00 0.0000E+00 0.0000E+00 0.0000E+00 0.0000E+00 0.0000E+00 0.0000E+00 0.0000E+00 0.0000E+00 0.0000E+00 0.0000E+00 0.0000E+00 0.0000E+00 0.0000E+00 4.6711E-13 1.1004E-11 5.8736E-11 1.4063E-10 2.6783E-10 4.5240E-10 7.1235E-10 1.0469E-09 1.4814E-09 2.0171E-09 2.6573E-09 3.3983E-09 4.2255E-09 5.1054E-09 6.0142E-09 6.9167E-09 7.7828E-09 8.5817E-09 9.2883E-09 9.8783E-09 1.0339E-08 1.0661E-08 1.0848E-08 1.0896E-08 1.0819E-08 1.0623E-08 1.0327E-08 9.9500E-09 9.5017E-09 9.0010E-09 8.4655E-09
0.0000E+00 0.0000E+00 0.0000E+00 0.0000E+00 0.0000E+00 0.0000E+00 0.0000E+00 0.0000E+00 0.0000E+00 0.0000E+00 0.0000E+00 0.0000E+00 0.0000E+00 0.0000E+00 0.0000E+00 0.0000E+00 0.0000E+00 0.0000E+00 0.0000E+00 0.0000E+00 0.0000E+00 0.0000E+00 0.0000E+00 0.0000E+00 0.0000E+00 0.0000E+00 8.0794E-13 1.5186E-11 7.1974E-11 1.6666E-10 3.1258E-10 5.3126E-10 8.4112E-10 1.2390E-09 1.7496E-09 2.3857E-09 3.1401E-09 3.9961E-09 4.9302E-09 5.9173E-09 6.9165E-09 7.8875E-09 8.7875E-09 9.5917E-09 1.0269E-08 1.0801E-08 1.1170E-08 1.1386E-08 1.1447E-08 1.1364E-08 1.1148E-08 1.0822E-08 1.0400E-08 9.9050E-09 9.3533E-09 8.7614E-09 8.1505E-09
0.0000E+00 0.0000E+00 0.0000E+00 0.0000E+00 0.0000E+00 0.0000E+00 0.0000E+00 0.0000E+00 0.0000E+00 0.0000E+00 0.0000E+00 0.0000E+00 0.0000E+00 0.0000E+00 0.0000E+00 0.0000E+00 0.0000E+00 0.0000E+00 0.0000E+00 0.0000E+00 0.0000E+00 0.0000E+00 0.0000E+00 0.0000E+00 0.0000E+00 0.0000E+00 1.0920E-12 1.8401E-11 8.3288E-11 1.8955E-10 3.6028E-10 6.1655E-10 9.7772E-10 1.4485E-09 2.0537E-09 2.7927E-09 3.6586E-09 4.6399E-09 5.7044E-09 6.8050E-09 7.8950E-09 8.9261E-09 9.8579E-09 1.0653E-08 1.1283E-08 1.1734E-08 1.2001E-08 1.2092E-08 1.2009E-08 1.1778E-08 1.1417E-08 1.0949E-08 1.0401E-08 9.7880E-09 9.1370E-09 8.4659E-09 7.7842E-09
0.0000E+00 0.0000E+00 0.0000E+00 0.0000E+00 0.0000E+00 0.0000E+00 0.0000E+00 0.0000E+00 0.0000E+00 0.0000E+00 0.0000E+00 0.0000E+00 0.0000E+00 0.0000E+00 0.0000E+00 0.0000E+00 0.0000E+00 0.0000E+00 0.0000E+00 0.0000E+00 0.0000E+00 0.0000E+00 0.0000E+00 0.0000E+00 0.0000E+00 0.0000E+00 1.2781E-12 2.0981E-11 9.1650E-11 2.1342E-10 4.0877E-10 7.0403E-10 1.1271E-09 1.6752E-09 2.3752E-09 3.2345E-09 4.2414E-09 5.3604E-09 6.5515E-09 7.7682E-09 8.9499E-09 1.0043E-08 1.0993E-08 1.1764E-08 1.2331E-08 1.2683E-08 1.2827E-08 1.2770E-08 1.2535E-08 1.2140E-08 1.1626E-08 1.1017E-08 1.0335E-08 9.6122E-09 8.8669E-09 8.1165E-09 7.3835E-09
0.0000E+00 0.0000E+00 0.0000E+00 0.0000E+00 0.0000E+00 0.0000E+00 0.0000E+00 0.0000E+00 0.0000E+00 0.0000E+00 0.0000E+00 0.0000E+00 0.0000E+00 0.0000E+00 0.0000E+00 0.0000E+00 0.0000E+00 0.0000E+00 0.0000E+00 0.0000E+00 0.0000E+00 0.0000E+00 0.0000E+00 0.0000E+00 0.0000E+00 0.0000E+00 1.3439E-12 2.3065E-11 1.0084E-10 2.3633E-10 4.5885E-10 7.9792E-10 1.2817E-09 1.9189E-09 2.7342E-09 3.7222E-09 4.8663E-09 6.1352E-09 7.4764E-09 8.8171E-09 1.0092E-08 1.1235E-08 1.2195E-08 1.2924E-08 1.3407E-08 1.3649E-08 1.3648E-08 1.3427E-08 1.3019E-08 1.2464E-08 1.1785E-08 1.1026E-08 1.0219E-08 9.3820E-09 8.5498E-09 7.7344E-09 6.9468E-09
0.0000E+00 0.0000E+00 0.0000E+00 0.0000E+00 0.0000E+00 0.0000E+00 0.0000E+00 0.0000E+00 0.0000E+00 0.0000E+00 0.0000E+00 0.0000E+00 0.0000E+00 0.0000E+00 0.0000E+00 0.0000E+00 0.0000E+00 0.0000E+00 0.0000E+00 0.0000E+00 0.0000E+00 0.0000E+00 0.0000E+00 0.0000E+00 0.0000E+00 0.0000E+00 1.2832E-12 2.4435E-11 1.0844E-10 2.6108E-10 5.1159E-10 8.9767E-10 1.4528E-09 2.1826E-09 3.1122E-09 4.2467E-09 5.5594E-09 6.9917E-09 8.4784E-09 9.9450E-09 1.1310E-08 1.2502E-08 1.3455E-08 1.4134E-08 1.4518E-08 1.4620E-08 1.4459E-08 1.4062E-08 1.3474E-08 1.2741E-08 1.1900E-08 1.0991E-08 1.0053E-08 9.1169E-09 8.1974E-09 7.3247E-09 6.4991E-09
0.0000E+00 0.0000E+00 0.0000E+00 0.0000E+00 0.0000E+00 0.0000E+00 0.0000E+00 0.0000E+00 0.0000E+00 0.0000E+00 0.0000E+00 0.0000E+00 0.0000E+00 0.0000E+00 0.0000E+00 0.0000E+00 0.0000E+00 0.0000E+00 0.0000E+00 0.0000E+00 0.0000E+00 0.0000E+00 0.0000E+00 0.0000E+00 0.0000E+00 0.0000E+00 1.1065E-12 2.4667E-11 1.1802E-10 2.8767E-10 5.6838E-10 1.0057E-09 1.6326E-09 2.4665E-09 3.5350E-09 4.8249E-09 6.3030E-09 7.9125E-09 9.5691E-09 1.1170E-08 1.2622E-08 1.3842E-08 1.4769E-08 1.5373E-08 1.5647E-08 1.5593E-08 1.5250E-08 1.4667E-08 1.3893E-08 1.2976E-08 1.1971E-08 1.0913E-08 9.8521E-09 8.8168E-09 7.8246E-09 6.8940E-09 6.0422E-09
0.0000E+00 0.0000E+00 0.0000E+00 0.0000E+00 0.0000E+00 0.0000E+00 0.0000E+00 0.0000E+00 0.0000E+00 0.0000E+00 0.0000E+00 0.0000E+00 0.0000E+00 0.0000E+00 0.0000E+00 0.0000E+00 0.0000E+00 0.0000E+00 0.0000E+00 0.0000E+00 0.0000E+00 0.0000E+00 0.0000E+00 0.0000E+00 0.0000E+00 0.0000E+00 8.3919E-13 2.7995E-11 1.3028E-10 3.1809E-10 6.3107E-10 1.1211E-09 1.8312E-09 2.7722E-09 3.9743E-09 5.4341E-09 7.1071E-09 8.9050E-09 1.0726E-08 1.2456E-08 1.3987E-08 1.5230E-08 1.6119E-08 1.6633E-08 1.6763E-08 1.6541E-08 1.6011E-08 1.5227E-08 1.4260E-08 1.3160E-08 1.1987E-08 1.0798E-08 9.6188E-09 8.4883E-09 7.4355E-09 6.4578E-09 5.5810E-09
0.0000E+00 0.0000E+00 0.0000E+00 0.0000E+00 0.0000E+00 0.0000E+00 0.0000E+00 0.0000E+00 0.0000E+00 0.0000E+00 0.0000E+00 0.0000E+00 0.0000E+00 0.0000E+00 0.0000E+00 0.0000E+00 0.0000E+00 0.0000E+00 0.0000E+00 0.0000E+00 0.0000E+00 0.0000E+00 0.0000E+00 0.0000E+00 0.0000E+00 0.0000E+00 5.2466E-13 3.2529E-11 1.4540E-10 3.5398E-10 7.0499E-10 1.2508E-09 2.0386E-09 3.0979E-09 4.4585E-09 6.0980E-09 7.9573E-09 9.9384E-09 1.1922E-08 1.3777E-08 1.5377E-08 1.6623E-08 1.7462E-08 1.7863E-08 1.7839E-08 1.7429E-08 1.6701E-08 1.5721E-08 1.4552E-08 1.3280E-08 1.1956E-08 1.0627E-08 9.3499E-09 8.1422E-09 7.0272E-09 6.0235E-09 5.1256E-09
0.0000E+00 0.0000E+00 0.0000E+00 0.0000E+00 0.0000E+00 0.0000E+00 0.0000E+00 0.0000E+00 0.0000E+00 0.0000E+00 0.0000E+00 0.0000E+00 0.0000E+00 0.0000E+00 0.0000E+00 0.0000E+00 0.0000E+00 0.0000E+00 0.0000E+00 0.0000E+00 0.0000E+00 0.0000E+00 0.0000E+00 0.0000E+00 0.0000E+00 0.0000E+00 1.8379E-13 3.9183E-11 1.6415E-10 3.9457E-10 7.8498E-10 1.3953E-09 2.2807E-09 3.4633E-09 4.9704E-09 6.7773E-09 8.8199E-09 1.0983E-08 1.3123E-08 1.5086E-08 1.6739E-08 1.7976E-08 1.8739E-08 1.9010E-08 1.8821E-08 1.8226E-08 1.7293E-08 1.6109E-08 1.4761E-08 1.3316E-08 1.1848E-08 1.0409E-08 9.0341E-09 7.7656E-09 6.6132E-09 5.5782E-09 4.6812E-09
0.0000E+00 0.0000E+00 0.0000E+00 0.0000E+00 0.0000E+00 0.0000E+00 0.0000E+00 0.0000E+00 0.0000E+00 0.0000E+00 0.0000E+00 0.0000E+00 0.0000E+00 0.0000E+00 0.0000E+00 0.0000E+00 0.0000E+00 0.0000E+00 0.0000E+00 0.0000E+00 0.0000E+00 0.0000E+00 0.0000E+00 0.0000E+00 0.0000E+00 0.0000E+00 0.0000E+00 4.9948E-11 1.8865E-10 4.4722E-10 8.8538E-10 1.5694E-09 2.5486E-09 3.8551E-09 5.5099E-09 7.4883E-09 9.7053E-09 1.2025E-08 1.4289E-08 1.6334E-08 1.8008E-08 1.9207E-08 1.9875E-08 2.0009E-08 1.9648E-08 1.8860E-08 1.7736E-08 1.6366E-08 1.4844E-08 1.3254E-08 1.1659E-08 1.0121E-08 8.6796E-09 7.3586E-09 6.1790E-09 5.1363E-09 4.2440E-09
0.0000E+00 0.0000E+00 0.0000E+00 0.0000E+00 0.0000E+00 0.0000E+00 0.0000E+00 0.0000E+00 0.0000E+00 0.0000E+00 0.0000E+00 0.0000E+00 0.0000E+00 0.0000E+00 0.0000E+00 0.0000E+00 0.0000E+00 0.0000E+00 0.0000E+00 0.0000E+00 0.0000E+00 0.0000E+00 0.0000E+00 0.0000E+00 0.0000E+00 0.0000E+00 3.6053E-12 6.7277E-11 2.2241E-10 5.1657E-10 1.0079E-09 1.7677E-09 2.8453E-09 4.2832E-09 6.0960E-09 8.2363E-09 1.0609E-08 1.3061E-08 1.5412E-08 1.7490E-08 1.9146E-08 2.0273E-08 2.0821E-08 2.0804E-08 2.0267E-08 1.9297E-08 1.7994E-08 1.6460E-08 1.4790E-08 1.3074E-08 1.1379E-08 9.7664E-09 8.2721E-09 6.9235E-09 5.7302E-09 4.6940E-09 3.8190E-09
0.0000E+00 0.0000E+00 0.0000E+00 0.0000E+00 0.0000E+00 0.0000E+00 0.0000E+00 0.0000E+00 0.0000E+00 0.0000E+00 0.0000E+00 0.0000E+00 0.0000E+00 0.0000E+00 0.0000E+00 0.0000E+00 0.0000E+00 0.0000E+00 0.0000E+00 0.0000E+00 0.0000E+00 0.0000E+00 0.0000E+00 0.0000E+00 0.0000E+00 0.0000E+00 9.7202E-12 8.9407E-11 2.6933E-10 6.0441E-10 1.1536E-09 1.9959E-09 3.1849E-09 4.7535E-09 6.7158E-09 9.0176E-09 1.1536E-08 1.4096E-08 1.6506E-08 1.8576E-08 2.0155E-08 2.1160E-08 2.1557E-08 2.1364E-08 2.0649E-08 1.9505E-08 1.8040E-08 1.6365E-08 1.4577E-08 1.2764E-08 1.1002E-08 9.3387E-09 7.8172E-09 6.4549E-09 5.2683E-09 4.2576E-09 3.4065E-09
0.0000E+00 0.0000E+00 0.0000E+00 0.0000E+00 0.0000E+00 0.0000E+00 0.0000E+00 0.0000E+00 0.0000E+00 0.0000E+00 0.0000E+00 0.0000E+00 0.0000E+00 0.0000E+00 0.0000E+00 0.0000E+00 0.0000E+00 0.0000E+00 0.0000E+00 0.0000E+00 0.0000E+00 0.0000E+00 0.0000E+00 0.0000E+00 0.0000E+00 0.0000E+00 1.8136E-11 1.2226E-10 3.3041E-10 7.0520E-10 1.3243E-09 2.2585E-09 3.5565E-09 5.2678E-09 7.3810E-09 9.8174E-09 1.2444E-08 1.5078E-08 1.7506E-08 1.9537E-08 2.1023E-08 2.1883E-08 2.2099E-08 2.1718E-08 2.0815E-08 1.9499E-08 1.7887E-08 1.6089E-08 1.4208E-08 1.2329E-08 1.0524E-08 8.8408E-09 7.3128E-09 5.9638E-09 4.8002E-09 3.8213E-09 3.0107E-09
