Assets/Resources/2015_m01_d21_0300(utc+0800)_l00_csi_1hr_conc.grd
DSAA
         159         159
     -79.000      79.000
     -79.000      79.000
  0.8527E-09  0.3730E-04
[rows 25 to 49 of 159, columns 0 to 56 of 159]
2.6374E-09 2.6727E-09 2.7076E-09 2.7502E-09 2.7850E-09 2.8195E-09 2.8616E-09 2.8957E-09 2.9314E-09 2.9709E-09 3.0061E-09 3.0409E-09 3.0753E-09 3.1135E-09 3.1471E-09 3.1824E-09 3.2151E-09 3.2473E-09 3.2834E-09 3.3147E-09 3.3459E-09 3.3807E-09 3.4111E-09 3.4386E-09 3.4674E-09 3.5011E-09 3.5267E-09 3.5513E-09 3.5866E-09 3.6102E-09 3.6367E-09 3.6633E-09 3.6880E-09 3.7083E-09 3.7287E-09 3.7473E-09 3.7646E-09 3.7812E-09 3.7965E-09 3.8104E-09 3.8232E-09 3.8348E-09 3.8451E-09 3.8543E-09 3.8626E-09 3.8705E-09 3.8759E-09 3.8894E-09 3.8941E-09 3.8973E-09 3.8987E-09 3.8991E-09 3.8992E-09 3.8990E-09 3.8970E-09 3.8929E-09 3.8876E-09
2.6937E-09 2.7300E-09 2.7738E-09 2.8099E-09 2.8458E-09 2.8893E-09 2.9248E-09 2.9619E-09 3.0029E-09 3.0396E-09 3.0759E-09 3.1140E-09 3.1516E-09 3.1869E-09 3.2238E-09 3.2581E-09 3.2920E-09 3.3296E-09 3.3625E-09 3.3955E-09 3.4298E-09 3.4639E-09 3.4933E-09 3.5237E-09 3.5592E-09 3.5867E-09 3.6127E-09 3.6500E-09 3.6754E-09 3.7035E-09 3.7319E-09 3.7550E-09 3.7806E-09 3.8029E-09 3.8233E-09 3.8423E-09 3.8609E-09 3.8780E-09 3.8938E-09 3.9084E-09 3.9219E-09 3.9342E-09 3.9451E-09 3.9555E-09 3.9651E-09 3.9724E-09 3.9878E-09 3.9943E-09 3.9989E-09 4.0019E-09 4.0043E-09 4.0061E-09 4.0074E-09 4.0067E-09 4.0041E-09 4.0007E-09 3.9970E-09
2.7509E-09 2.7960E-09 2.8334E-09 2.8706E-09 2.9155E-09 2.9525E-09 2.9910E-09 3.0335E-09 3.0696E-09 3.1095E-09 3.1491E-09 3.1862E-09 3.2252E-09 3.2637E-09 3.2997E-09 3.3352E-09 3.3746E-09 3.4092E-09 3.4437E-09 3.4799E-09 3.5154E-09 3.5467E-09 3.5790E-09 3.6159E-09 3.6455E-09 3.6732E-09 3.7121E-09 3.7396E-09 3.7695E-09 3.7996E-09 3.8246E-09 3.8520E-09 3.8761E-09 3.8984E-09 3.9194E-09 3.9397E-09 3.9588E-09 3.9765E-09 3.9931E-09 4.0085E-09 4.0227E-09 4.0357E-09 4.0478E-09 4.0595E-09 4.0687E-09 4.0862E-09 4.0947E-09 4.1010E-09 4.1057E-09 4.1101E-09 4.1137E-09 4.1165E-09 4.1172E-09 4.1164E-09 4.1150E-09 4.1131E-09 4.1106E-09
2.8166E-09 2.8554E-09 2.8939E-09 2.9402E-09 2.9786E-09 3.0185E-09 3.0625E-09 3.1001E-09 3.1415E-09 3.1827E-09 3.2214E-09 3.2619E-09 3.3000E-09 3.3397E-09 3.3770E-09 3.4159E-09 3.4543E-09 3.4904E-09 3.5285E-09 3.5656E-09 3.5987E-09 3.6330E-09 3.6712E-09 3.7029E-09 3.7327E-09 3.7728E-09 3.8026E-09 3.8344E-09 3.8659E-09 3.8932E-09 3.9224E-09 3.9481E-09 3.9725E-09 3.9954E-09 4.0176E-09 4.0387E-09 4.0584E-09 4.0770E-09 4.0944E-09 4.1106E-09 4.1255E-09 4.1396E-09 4.1534E-09 4.1646E-09 4.1842E-09 4.1946E-09 4.2030E-09 4.2096E-09 4.2160E-09 4.2214E-09 4.2260E-09 4.2283E-09 4.2292E-09 4.2299E-09 4.2300E-09 4.2292E-09 4.2263E-09
2.8758E-09 2.9157E-09 2.9632E-09 3.0030E-09 3.0425E-09 3.0898E-09 3.1290E-09 3.1698E-09 3.2146E-09 3.2549E-09 3.2971E-09 3.3368E-09 3.3782E-09 3.4171E-09 3.4556E-09 3.4979E-09 3.5356E-09 3.5710E-09 3.6145E-09 3.6490E-09 3.6831E-09 3.7252E-09 3.7588E-09 3.7907E-09 3.8321E-09 3.8642E-09 3.8946E-09 3.9309E-09 3.9604E-09 3.9916E-09 4.0190E-09 4.0455E-09 4.0703E-09 4.0944E-09 4.1175E-09 4.1393E-09 4.1598E-09 4.1793E-09 4.1975E-09 4.2145E-09 4.2304E-09 4.2464E-09 4.2598E-09 4.2812E-09 4.2940E-09 4.3043E-09 4.3131E-09 4.3218E-09 4.3289E-09 4.3354E-09 4.3396E-09 4.3423E-09 4.3452E-09 4.3470E-09 4.3482E-09 4.3473E-09 4.3459E-09
2.9357E-09 2.9807E-09 3.0258E-09 3.0667E-09 3.1154E-09 3.1561E-09 3.1984E-09 3.2448E-09 3.2847E-09 3.3283E-09 3.3718E-09 3.4149E-09 3.4555E-09 3.4957E-09 3.5398E-09 3.5791E-09 3.6162E-09 3.6617E-09 3.6974E-09 3.7338E-09 3.7756E-09 3.8126E-09 3.8471E-09 3.8901E-09 3.9239E-09 3.9566E-09 3.9944E-09 4.0261E-09 4.0593E-09 4.0883E-09 4.1171E-09 4.1438E-09 4.1698E-09 4.1950E-09 4.2187E-09 4.2414E-09 4.2629E-09 4.2832E-09 4.3023E-09 4.3202E-09 4.3383E-09 4.3539E-09 4.3773E-09 4.3922E-09 4.4049E-09 4.4159E-09 4.4267E-09 4.4360E-09 4.4446E-09 4.4507E-09 4.4554E-09 4.4604E-09 4.4642E-09 4.4674E-09 4.4686E-09 4.4693E-09 4.4695E-09
3.0003E-09 3.0467E-09 3.0891E-09 3.1352E-09 3.1814E-09 3.2232E-09 3.2710E-09 3.3146E-09 3.3598E-09 3.4049E-09 3.4475E-09 3.4920E-09 3.5339E-09 3.5797E-09 3.6208E-09 3.6594E-09 3.7047E-09 3.7443E-09 3.7825E-09 3.8264E-09 3.8646E-09 3.9015E-09 3.9409E-09 3.9814E-09 4.0169E-09 4.0565E-09 4.0898E-09 4.1219E-09 4.1562E-09 4.1870E-09 4.2159E-09 4.2436E-09 4.2710E-09 4.2968E-09 4.3215E-09 4.3451E-09 4.3676E-09 4.3888E-09 4.4089E-09 4.4287E-09 4.4469E-09 4.4722E-09 4.4893E-09 4.5043E-09 4.5175E-09 4.5308E-09 4.5419E-09 4.5530E-09 4.5615E-09 4.5682E-09 4.5753E-09 4.5811E-09 4.5864E-09 4.5899E-09 4.5927E-09 4.5951E-09 4.5954E-09
3.0658E-09 3.1095E-09 3.1551E-09 3.2047E-09 3.2481E-09 3.2952E-09 3.3425E-09 3.3872E-09 3.4360E-09 3.4782E-09 3.5264E-09 3.5701E-09 3.6132E-09 3.6605E-09 3.7007E-09 3.7479E-09 3.7895E-09 3.8285E-09 3.8728E-09 3.9151E-09 3.9538E-09 3.9955E-09 4.0370E-09 4.0751E-09 4.1134E-09 4.1514E-09 4.1861E-09 4.2224E-09 4.2549E-09 4.2862E-09 4.3160E-09 4.3453E-09 4.3733E-09 4.4000E-09 4.4257E-09 4.4503E-09 4.4738E-09 4.4959E-09 4.5177E-09 4.5384E-09 4.5658E-09 4.5850E-09 4.6024E-09 4.6180E-09 4.6333E-09 4.6469E-09 4.6602E-09 4.6711E-09 4.6803E-09 4.6895E-09 4.6973E-09 4.7049E-09 4.7107E-09 4.7157E-09 4.7203E-09 4.7230E-09 4.7881E-09
3.1280E-09 3.1730E-09 3.2260E-09 3.2709E-09 3.3195E-09 3.3683E-09 3.4126E-09 3.4629E-09 3.5089E-09 3.5587E-09 3.6042E-09 3.6469E-09 3.6980E-09 3.7400E-09 3.7842E-09 3.8325E-09 3.8729E-09 3.9189E-09 3.9614E-09 4.0032E-09 4.0455E-09 4.0914E-09 4.1303E-09 4.1684E-09 4.2111E-09 4.2484E-09 4.2867E-09 4.3208E-09 4.3546E-09 4.3865E-09 4.4177E-09 4.4480E-09 4.4769E-09 4.5046E-09 4.5314E-09 4.5569E-09 4.5814E-09 4.6048E-09 4.6283E-09 4.6492E-09 4.6789E-09 4.6990E-09 4.7168E-09 4.7344E-09 4.7505E-09 4.7658E-09 4.7796E-09 4.7910E-09 4.8027E-09 4.8126E-09 4.8226E-09 4.8308E-09 4.8379E-09 4.8450E-09 4.8501E-09 4.9178E-09 4.9275E-09
3.1908E-09 3.2451E-09 3.2915E-09 3.3376E-09 3.3919E-09 3.4378E-09 3.4897E-09 3.5374E-09 3.5867E-09 3.6360E-09 3.6805E-09 3.7333E-09 3.7772E-09 3.8203E-09 3.8710E-09 3.9156E-09 3.9606E-09 4.0073E-09 4.0510E-09 4.0952E-09 4.1403E-09 4.1834E-09 4.2240E-09 4.2692E-09 4.3078E-09 4.3454E-09 4.3847E-09 4.4209E-09 4.4550E-09 4.4881E-09 4.5207E-09 4.5518E-09 4.5817E-09 4.6106E-09 4.6383E-09 4.6649E-09 4.6904E-09 4.7161E-09 4.7395E-09 4.7710E-09 4.7936E-09 4.8139E-09 4.8336E-09 4.8524E-09 4.8698E-09 4.8862E-09 4.9003E-09 4.9141E-09 4.9265E-09 4.9390E-09 4.9498E-09 4.9591E-09 4.9686E-09 4.9763E-09 5.0464E-09 5.0586E-09 5.0718E-09
3.2562E-09 3.3100E-09 3.3576E-09 3.4133E-09 3.4608E-09 3.5121E-09 3.5635E-09 3.6103E-09 3.6655E-09 3.7118E-09 3.7619E-09 3.8119E-09 3.8570E-09 3.9087E-09 3.9559E-09 3.9996E-09 4.0490E-09 4.0964E-09 4.1422E-09 4.1872E-09 4.2348E-09 4.2772E-09 4.3176E-09 4.3647E-09 4.4054E-09 4.4467E-09 4.4845E-09 4.5212E-09 4.5564E-09 4.5912E-09 4.6245E-09 4.6567E-09 4.6877E-09 4.7177E-09 4.7465E-09 4.7742E-09 4.8016E-09 4.8278E-09 4.8609E-09 4.8864E-09 4.9090E-09 4.9308E-09 4.9524E-09 4.9715E-09 4.9911E-09 5.0076E-09 5.0237E-09 5.0389E-09 5.0535E-09 5.0673E-09 5.0790E-09 5.0908E-09 5.1011E-09 5.1732E-09 5.1879E-09 5.2039E-09 5.2819E-09
3.3263E-09 3.3754E-09 3.4263E-09 3.4815E-09 3.5303E-09 3.5873E-09 3.6358E-09 3.6903E-09 3.7406E-09 3.7881E-09 3.8443E-09 3.8912E-09 3.9422E-09 3.9932E-09 4.0393E-09 4.0899E-09 4.1376E-09 4.1840E-09 4.2341E-09 4.2801E-09 4.3280E-09 4.3705E-09 4.4191E-09 4.4621E-09 4.5063E-09 4.5456E-09 4.5851E-09 4.6225E-09 4.6592E-09 4.6950E-09 4.7294E-09 4.7627E-09 4.7948E-09 4.8259E-09 4.8558E-09 4.8847E-09 4.9139E-09 4.9405E-09 4.9764E-09 5.0020E-09 5.0258E-09 5.0501E-09 5.0716E-09 5.0934E-09 5.1128E-09 5.1310E-09 5.1492E-09 5.1660E-09 5.1824E-09 5.1972E-09 5.2113E-09 5.2243E-09 5.2365E-09 5.3152E-09 5.3339E-09 5.4148E-09 5.4360E-09
3.3908E-09 3.4412E-09 3.4998E-09 3.5502E-09 3.6065E-09 3.6589E-09 3.7086E-09 3.7669E-09 3.8163E-09 3.8719E-09 3.9228E-09 3.9710E-09 4.0262E-09 4.0759E-09 4.1282E-09 4.1780E-09 4.2269E-09 4.2752E-09 4.3239E-09 4.3752E-09 4.4215E-09 4.4713E-09 4.5153E-09 4.5592E-09 4.6047E-09 4.6457E-09 4.6861E-09 4.7247E-09 4.7630E-09 4.7996E-09 4.8352E-09 4.8696E-09 4.9030E-09 4.9352E-09 4.9662E-09 4.9974E-09 5.0267E-09 5.0640E-09 5.0926E-09 5.1188E-09 5.1452E-09 5.1695E-09 5.1932E-09 5.2157E-09 5.2360E-09 5.2572E-09 5.2757E-09 5.2952E-09 5.3130E-09 5.3293E-09 5.3455E-09 5.3603E-09 5.4404E-09 5.4615E-09 5.4801E-09 5.5695E-09 5.5969E-09
3.4557E-09 3.5157E-09 3.5676E-09 3.6192E-09 3.6794E-09 3.7308E-09 3.7907E-09 3.8418E-09 3.8946E-09 3.9518E-09 4.0019E-09 4.0583E-09 4.1104E-09 4.1615E-09 4.2133E-09 4.2642E-09 4.3172E-09 4.3668E-09 4.4205E-09 4.4681E-09 4.5148E-09 4.5664E-09 4.6122E-09 4.6604E-09 4.7038E-09 4.7462E-09 4.7878E-09 4.8281E-09 4.8672E-09 4.9050E-09 4.9418E-09 4.9775E-09 5.0120E-09 5.0453E-09 5.0780E-09 5.1103E-09 5.1404E-09 5.1805E-09 5.2092E-09 5.2374E-09 5.2648E-09 5.2901E-09 5.3160E-09 5.3390E-09 5.3619E-09 5.3833E-09 5.4051E-09 5.4261E-09 5.4447E-09 5.4637E-09 5.4818E-09 5.5629E-09 5.5863E-09 5.6082E-09 5.6998E-09 5.7300E-09 5.7583E-09
3.5231E-09 3.5825E-09 3.6357E-09 3.6973E-09 3.7504E-09 3.8074E-09 3.8646E-09 3.9170E-09 3.9759E-09 4.0300E-09 4.0860E-09 4.1394E-09 4.1929E-09 4.2477E-09 4.3011E-09 4.3533E-09 4.4082E-09 4.4589E-09 4.5121E-09 4.5609E-09 4.6157E-09 4.6623E-09 4.7091E-09 4.7588E-09 4.8035E-09 4.8473E-09 4.8901E-09 4.9320E-09 4.9721E-09 5.0112E-09 5.0492E-09 5.0861E-09 5.1218E-09 5.1563E-09 5.1913E-09 5.2238E-09 5.2651E-09 5.2969E-09 5.3269E-09 5.3574E-09 5.3851E-09 5.4133E-09 5.4391E-09 5.4640E-09 5.4886E-09 5.5122E-09 5.5362E-09 5.5571E-09 5.5793E-09 5.6001E-09 5.6823E-09 5.7081E-09 5.7335E-09 5.8266E-09 5.8594E-09 5.8913E-09 5.9957E-09
3.5949E-09 3.6496E-09 3.7041E-09 3.7673E-09 3.8217E-09 3.8847E-09 3.9389E-09 3.9993E-09 4.0552E-09 4.1085E-09 4.1683E-09 4.2230E-09 4.2781E-09 4.3320E-09 4.3869E-09 4.4430E-09 4.4970E-09 4.5528E-09 4.6041E-09 4.6540E-09 4.7108E-09 4.7584E-09 4.8100E-09 4.8578E-09 4.9038E-09 4.9489E-09 4.9931E-09 5.0363E-09 5.0777E-09 5.1181E-09 5.1573E-09 5.1955E-09 5.2324E-09 5.2688E-09 5.3046E-09 5.3383E-09 5.3821E-09 5.4144E-09 5.4469E-09 5.4776E-09 5.5071E-09 5.5365E-09 5.5633E-09 5.5911E-09 5.6160E-09 5.6430E-09 5.6674E-09 5.6912E-09 5.7152E-09 5.7366E-09 5.8264E-09 5.8552E-09 5.9494E-09 5.9847E-09 6.0202E-09 6.1271E-09 6.1696E-09
3.6609E-09 3.7169E-09 3.7814E-09 3.8375E-09 3.8998E-09 3.9578E-09 4.0134E-09 4.0754E-09 4.1327E-09 4.1920E-09 4.2486E-09 4.3048E-09 4.3637E-09 4.4191E-09 4.4779E-09 4.5332E-09 4.5889E-09 4.6439E-09 4.6963E-09 4.7547E-09 4.8064E-09 4.8551E-09 4.9083E-09 4.9575E-09 5.0049E-09 5.0513E-09 5.0969E-09 5.1414E-09 5.1841E-09 5.2257E-09 5.2662E-09 5.3056E-09 5.3438E-09 5.3825E-09 5.4185E-09 5.4638E-09 5.4990E-09 5.5331E-09 5.5670E-09 5.5985E-09 5.6309E-09 5.6603E-09 5.6898E-09 5.7179E-09 5.7463E-09 5.7744E-09 5.8000E-09 5.8270E-09 5.8515E-09 5.9415E-09 5.9722E-09 6.0025E-09 6.1059E-09 6.1450E-09 6.2537E-09 6.2989E-09 6.3471E-09
3.7271E-09 3.7888E-09 3.8506E-09 3.9080E-09 3.9741E-09 4.0314E-09 4.0951E-09 4.1542E-09 4.2130E-09 4.2738E-09 4.3318E-09 4.3896E-09 4.4476E-09 4.5043E-09 4.5647E-09 4.6215E-09 4.6823E-09 4.7354E-09 4.7890E-09 4.8494E-09 4.9022E-09 4.9558E-09 5.0071E-09 5.0577E-09 5.1065E-09 5.1543E-09 5.2013E-09 5.2472E-09 5.2913E-09 5.3342E-09 5.3760E-09 5.4166E-09 5.4565E-09 5.4961E-09 5.5335E-09 5.5809E-09 5.6169E-09 5.6536E-09 5.6876E-09 5.7211E-09 5.7544E-09 5.7851E-09 5.8171E-09 5.8463E-09 5.8780E-09 5.9058E-09 5.9353E-09 5.9633E-09 6.0526E-09 6.0855E-09 6.1194E-09 6.2233E-09 6.2647E-09 6.3755E-09 6.4229E-09 6.4750E-09 6.6027E-09
3.7935E-09 3.8609E-09 3.9200E-09 3.9854E-09 4.0465E-09 4.1051E-09 4.1704E-09 4.2309E-09 4.2936E-09 4.3536E-09 4.4155E-09 4.4748E-09 4.5343E-09 4.5950E-09 4.6546E-09 4.7133E-09 4.7733E-09 4.8274E-09 4.8862E-09 4.9447E-09 4.9988E-09 5.0539E-09 5.1067E-09 5.1587E-09 5.2089E-09 5.2582E-09 5.3065E-09 5.3538E-09 5.3992E-09 5.4435E-09 5.4866E-09 5.5285E-09 5.5709E-09 5.6108E-09 5.6597E-09 5.6986E-09 5.7367E-09 5.7741E-09 5.8094E-09 5.8457E-09 5.8791E-09 5.9127E-09 5.9447E-09 5.9780E-09 6.0095E-09 6.0400E-09 6.0717E-09 6.1001E-09 6.1963E-09 6.2324E-09 6.3364E-09 6.3797E-09 6.4243E-09 6.5427E-09 6.5969E-09 6.7264E-09 6.7936E-09
3.8645E-09 3.9293E-09 3.9897E-09 4.0589E-09 4.1193E-09 4.1840E-09 4.2485E-09 4.3106E-09 4.3747E-09 4.4340E-09 4.4974E-09 4.5582E-09 4.6192E-09 4.6815E-09 4.7427E-09 4.8031E-09 4.8647E-09 4.9200E-09 4.9844E-09 5.0407E-09 5.0964E-09 5.1530E-09 5.2072E-09 5.2608E-09 5.3125E-09 5.3632E-09 5.4130E-09 5.4617E-09 5.5085E-09 5.5541E-09 5.5985E-09 5.6418E-09 5.6856E-09 5.7267E-09 5.7779E-09 5.8176E-09 5.8581E-09 5.8959E-09 5.9329E-09 5.9703E-09 6.0050E-09 6.0409E-09 6.0742E-09 6.1105E-09 6.1420E-09 6.1767E-09 6.2082E-09 6.3036E-09 6.3408E-09 6.3801E-09 6.4911E-09 6.5388E-09 6.6578E-09 6.7136E-09 6.7716E-09 6.9131E-09 6.9875E-09
3.9338E-09 3.9979E-09 4.0643E-09 4.1306E-09 4.1925E-09 4.2611E-09 4.3250E-09 4.3910E-09 4.4544E-09 4.5198E-09 4.5826E-09 4.6449E-09 4.7100E-09 4.7715E-09 4.8347E-09 4.8975E-09 4.9571E-09 5.0177E-09 5.0800E-09 5.1379E-09 5.1987E-09 5.2533E-09 5.3090E-09 5.3642E-09 5.4173E-09 5.4695E-09 5.5207E-09 5.5709E-09 5.6190E-09 5.6660E-09 5.7119E-09 5.7576E-09 5.8018E-09 5.8452E-09 5.8971E-09 5.9389E-09 5.9802E-09 6.0193E-09 6.0591E-09 6.0965E-09 6.1341E-09 6.1701E-09 6.2075E-09 6.2430E-09 6.2777E-09 6.3138E-09 6.3468E-09 6.4472E-09 6.4884E-09 6.5993E-09 6.6479E-09 6.7680E-09 6.8247E-09 6.8866E-09 7.0263E-09 7.1045E-09 7.1816E-09
4.0036E-09 4.0672E-09 4.1374E-09 4.2032E-09 4.2712E-09 4.3368E-09 4.4046E-09 4.4699E-09 4.5349E-09 4.6020E-09 4.6664E-09 4.7303E-09 4.7970E-09 4.8602E-09 4.9252E-09 4.9897E-09 5.0507E-09 5.1167E-09 5.1771E-09 5.2365E-09 5.2990E-09 5.3551E-09 5.4125E-09 5.4692E-09 5.5238E-09 5.5775E-09 5.6302E-09 5.6819E-09 5.7314E-09 5.7798E-09 5.8270E-09 5.8746E-09 5.9196E-09 5.9744E-09 6.0180E-09 6.0623E-09 6.1039E-09 6.1443E-09 6.1858E-09 6.2243E-09 6.2640E-09 6.3007E-09 6.3415E-09 6.3769E-09 6.4161E-09 6.4513E-09 6.5513E-09 6.5923E-09 6.6373E-09 6.7530E-09 6.8061E-09 6.9326E-09 6.9958E-09 7.1362E-09 7.2139E-09 7.2959E-09 7.3788E-09
4.0720E-09 4.1416E-09 4.2112E-09 4.2765E-09 4.3484E-09 4.4157E-09 4.4853E-09 4.5523E-09 4.6213E-09 4.6879E-09 4.7539E-09 4.8195E-09 4.8880E-09 4.9507E-09 5.0174E-09 5.0833E-09 5.1463E-09 5.2137E-09 5.2757E-09 5.3368E-09 5.4010E-09 5.4586E-09 5.5176E-09 5.5759E-09 5.6320E-09 5.6872E-09 5.7415E-09 5.7946E-09 5.8456E-09 5.8953E-09 5.9442E-09 5.9930E-09 6.0397E-09 6.0957E-09 6.1411E-09 6.1864E-09 6.2293E-09 6.2721E-09 6.3140E-09 6.3549E-09 6.3952E-09 6.4359E-09 6.4760E-09 6.5147E-09 6.5550E-09 6.5921E-09 6.6962E-09 6.7415E-09 6.8576E-09 6.9113E-09 7.0375E-09 7.1008E-09 7.1682E-09 7.3174E-09 7.4047E-09 7.4886E-09 7.5812E-09
4.1412E-09 4.2147E-09 4.2839E-09 4.3553E-09 4.4245E-09 4.4959E-09 4.5649E-09 4.6336E-09 4.7044E-09 4.7726E-09 4.8403E-09 4.9101E-09 4.9780E-09 5.0450E-09 5.1144E-09 5.1785E-09 5.2469E-09 5.3124E-09 5.3761E-09 5.4424E-09 5.5047E-09 5.5639E-09 5.6245E-09 5.6844E-09 5.7421E-09 5.7990E-09 5.8549E-09 5.9096E-09 5.9621E-09 6.0134E-09 6.0648E-09 6.1141E-09 6.1635E-09 6.2201E-09 6.2681E-09 6.3139E-09 6.3582E-09 6.4034E-09 6.4458E-09 6.4892E-09 6.5297E-09 6.5741E-09 6.6135E-09 6.6566E-09 6.6958E-09 6.7366E-09 6.8434E-09 6.8937E-09 7.0133E-09 7.0715E-09 7.2038E-09 7.2735E-09 7.4214E-09 7.5074E-09 7.5960E-09 7.6879E-09 7.7857E-09
4.2134E-09 4.2865E-09 4.3574E-09 4.4307E-09 4.5017E-09 4.5748E-09 4.6456E-09 4.7160E-09 4.7910E-09 4.8587E-09 4.9282E-09 4.9998E-09 5.0700E-09 5.1386E-09 5.2098E-09 5.2759E-09 5.3496E-09 5.4134E-09 5.4789E-09 5.5471E-09 5.6113E-09 5.6722E-09 5.7346E-09 5.7962E-09 5.8556E-09 5.9140E-09 5.9715E-09 6.0277E-09 6.0817E-09 6.1344E-09 6.1875E-09 6.2379E-09 6.2981E-09 6.3470E-09 6.3967E-09 6.4437E-09 6.4895E-09 6.5363E-09 6.5801E-09 6.6252E-09 6.6678E-09 6.7137E-09 6.7554E-09 6.8005E-09 6.8414E-09 6.9486E-09 6.9973E-09 7.1179E-09 7.1758E-09 7.3074E-09 7.3760E-09 7.4489E-09 7.6055E-09 7.7000E-09 7.7913E-09 7.8922E-09 7.9938E-09
