Assets/Resources/2015_m01_d23_0000(utc+0800)_l00_csi_1hr_conc.grd
DSAA
         159         159
     -79.000      79.000
     -79.000      79.000
  0.0000E+00  0.3263E-04
[rows 25 to 49 of 159, columns 0 to 56 of 159]
0.0000E+00 0.0000E+00 0.0000E+00 0.0000E+00 0.0000E+00 0.0000E+00 3.4516E-12 1.0783E-11 2.2171E-11 3.4700E-11 4.6733E-11 6.8009E-11 8.9314E-11 1.1395E-10 1.3723E-10 1.7767E-10 2.2250E-10 2.6677E-10 3.0926E-10 3.5851E-10 4.0922E-10 4.6555E-10 5.2718E-10 5.9579E-10 6.7178E-10 7.5396E-10 8.4543E-10 9.4489E-10 1.0542E-09 1.1739E-09 1.3035E-09 1.4450E-09 1.5996E-09 1.7654E-09 1.9470E-09 2.1413E-09 2.3505E-09 2.5741E-09 2.8146E-09 3.0692E-09 3.3424E-09 3.6302E-09 3.9365E-09 4.2602E-09 4.6002E-09 4.9574E-09 5.3272E-09 5.7086E-09 6.0981E-09 6.4855E-09 6.8701E-09 7.2504E-09 7.6196E-09 7.9739E-09 8.3175E-09 8.6402E-09 8.9426E-09
0.0000E+00 0.0000E+00 0.0000E+00 0.0000E+00 0.0000E+00 0.0000E+00 3.3398E-12 8.8889E-12 1.8428E-11 2.9119E-11 4.3843E-11 6.0300E-11 8.2819E-11 1.0443E-10 1.3085E-10 1.6419E-10 2.0817E-10 2.5517E-10 2.9872E-10 3.4570E-10 3.9619E-10 4.5066E-10 5.1037E-10 5.7733E-10 6.5078E-10 7.3293E-10 8.2089E-10 9.1789E-10 1.0260E-09 1.1411E-09 1.2677E-09 1.4065E-09 1.5575E-09 1.7212E-09 1.8981E-09 2.0887E-09 2.2926E-09 2.5130E-09 2.7479E-09 2.9988E-09 3.2662E-09 3.5491E-09 3.8516E-09 4.1692E-09 4.5057E-09 4.8578E-09 5.2254E-09 5.6067E-09 5.9919E-09 6.3787E-09 6.7658E-09 7.1465E-09 7.5159E-09 7.8776E-09 8.2205E-09 8.5455E-09 8.8544E-09
0.0000E+00 0.0000E+00 0.0000E+00 0.0000E+00 0.0000E+00 0.0000E+00 0.0000E+00 8.5867E-12 1.6294E-11 2.8137E-11 3.7300E-11 5.5804E-11 7.7657E-11 9.7007E-11 1.2221E-10 1.5307E-10 1.9556E-10 2.3920E-10 2.8768E-10 3.3213E-10 3.8268E-10 4.3563E-10 4.9352E-10 5.5904E-10 6.3069E-10 7.1003E-10 7.9514E-10 8.9154E-10 9.9474E-10 1.1089E-09 1.2327E-09 1.3684E-09 1.5155E-09 1.6759E-09 1.8484E-09 2.0345E-09 2.2341E-09 2.4499E-09 2.6789E-09 2.9261E-09 3.1874E-09 3.4673E-09 3.7623E-09 4.0746E-09 4.4062E-09 4.7545E-09 5.1212E-09 5.4971E-09 5.8800E-09 6.2677E-09 6.6548E-09 7.0345E-09 7.4103E-09 7.7707E-09 8.1154E-09 8.4464E-09 8.7570E-09
0.0000E+00 0.0000E+00 0.0000E+00 0.0000E+00 0.0000E+00 0.0000E+00 0.0000E+00 3.5231E-12 1.4166E-11 2.4147E-11 3.5243E-11 4.7361E-11 7.0513E-11 9.1948E-11 1.1251E-10 1.4055E-10 1.8022E-10 2.2409E-10 2.7488E-10 3.1877E-10 3.6864E-10 4.2001E-10 4.7647E-10 5.4124E-10 6.0951E-10 6.8602E-10 7.7007E-10 8.6271E-10 9.6509E-10 1.0757E-09 1.1956E-09 1.3293E-09 1.4712E-09 1.6283E-09 1.7971E-09 1.9778E-09 2.1741E-09 2.3840E-09 2.6092E-09 2.8502E-09 3.1073E-09 3.3808E-09 3.6701E-09 3.9780E-09 4.3036E-09 4.6500E-09 5.0107E-09 5.3822E-09 5.7642E-09 6.1512E-09 6.5361E-09 6.9210E-09 7.2948E-09 7.6563E-09 8.0062E-09 8.3384E-09 8.6522E-09
0.0000E+00 0.0000E+00 0.0000E+00 0.0000E+00 0.0000E+00 0.0000E+00 0.0000E+00 3.3902E-12 9.0112E-12 2.1747E-11 3.0957E-11 4.4202E-11 6.2433E-11 8.4964E-11 1.0655E-10 1.3005E-10 1.6675E-10 2.0897E-10 2.5737E-10 3.0644E-10 3.5448E-10 4.0425E-10 4.5959E-10 5.2192E-10 5.8809E-10 6.6346E-10 7.4387E-10 8.3315E-10 9.3354E-10 1.0411E-09 1.1594E-09 1.2879E-09 1.4277E-09 1.5804E-09 1.7438E-09 1.9212E-09 2.1127E-09 2.3166E-09 2.5379E-09 2.7725E-09 3.0252E-09 3.2920E-09 3.5754E-09 3.8777E-09 4.1991E-09 4.5406E-09 4.8950E-09 5.2638E-09 5.6442E-09 6.0280E-09 6.4164E-09 6.7984E-09 7.1724E-09 7.5380E-09 7.8886E-09 8.2236E-09 8.5426E-09
0.0000E+00 0.0000E+00 0.0000E+00 0.0000E+00 0.0000E+00 0.0000E+00 0.0000E+00 0.0000E+00 8.6573E-12 1.6405E-11 2.8293E-11 3.7416E-11 5.6497E-11 7.7743E-11 9.8637E-11 1.2230E-10 1.5047E-10 1.9109E-10 2.4087E-10 2.9288E-10 3.4028E-10 3.8813E-10 4.4340E-10 5.0249E-10 5.6654E-10 6.3910E-10 7.1771E-10 8.0517E-10 9.0068E-10 1.0074E-09 1.1210E-09 1.2475E-09 1.3821E-09 1.5307E-09 1.6908E-09 1.8626E-09 2.0493E-09 2.2493E-09 2.4641E-09 2.6943E-09 2.9404E-09 3.2013E-09 3.4798E-09 3.7758E-09 4.0935E-09 4.4267E-09 4.7762E-09 5.1427E-09 5.5188E-09 5.9040E-09 6.2884E-09 6.6697E-09 7.0464E-09 7.4118E-09 7.7647E-09 8.1043E-09 8.4238E-09
0.0000E+00 0.0000E+00 0.0000E+00 0.0000E+00 0.0000E+00 0.0000E+00 0.0000E+00 0.0000E+00 3.5303E-12 1.4193E-11 2.4157E-11 3.5170E-11 4.7841E-11 7.0224E-11 9.1529E-11 1.1325E-10 1.3532E-10 1.7549E-10 2.2193E-10 2.7767E-10 3.2554E-10 3.7230E-10 4.2553E-10 4.8273E-10 5.4766E-10 6.1518E-10 6.9234E-10 7.7562E-10 8.7018E-10 9.7116E-10 1.0853E-09 1.2053E-09 1.3374E-09 1.4804E-09 1.6362E-09 1.8044E-09 1.9851E-09 2.1799E-09 2.3893E-09 2.6150E-09 2.8541E-09 3.1101E-09 3.3815E-09 3.6728E-09 3.9837E-09 4.3099E-09 4.6557E-09 5.0176E-09 5.3913E-09 5.7724E-09 6.1553E-09 6.5366E-09 6.9130E-09 7.2802E-09 7.6355E-09 7.9761E-09 8.2983E-09
0.0000E+00 0.0000E+00 0.0000E+00 0.0000E+00 0.0000E+00 0.0000E+00 0.0000E+00 0.0000E+00 3.3783E-12 8.9702E-12 2.1645E-11 2.9237E-11 4.2319E-11 6.1832E-11 8.4142E-11 1.0590E-10 1.2698E-10 1.5554E-10 2.0561E-10 2.5819E-10 3.0929E-10 3.5652E-10 4.0799E-10 4.6329E-10 5.2586E-10 5.9099E-10 6.6687E-10 7.4629E-10 8.3859E-10 9.3582E-10 1.0461E-09 1.1628E-09 1.2910E-09 1.4309E-09 1.5823E-09 1.7457E-09 1.9202E-09 2.1108E-09 2.3148E-09 2.5337E-09 2.7667E-09 3.0165E-09 3.2829E-09 3.5694E-09 3.8709E-09 4.1918E-09 4.5329E-09 4.8894E-09 5.2595E-09 5.6370E-09 6.0184E-09 6.3990E-09 6.7749E-09 7.1438E-09 7.5004E-09 7.8418E-09 8.1668E-09
0.0000E+00 0.0000E+00 0.0000E+00 0.0000E+00 0.0000E+00 0.0000E+00 0.0000E+00 0.0000E+00 0.0000E+00 8.5709E-12 1.4636E-11 2.6403E-11 3.6879E-11 5.4216E-11 7.6573E-11 9.7595E-11 1.1792E-10 1.4067E-10 1.8183E-10 2.3677E-10 2.9275E-10 3.4150E-10 3.9026E-10 4.4396E-10 5.0442E-10 5.6717E-10 6.3997E-10 7.1702E-10 8.0614E-10 9.0092E-10 1.0072E-09 1.1217E-09 1.2457E-09 1.3802E-09 1.5271E-09 1.6856E-09 1.8562E-09 2.0403E-09 2.2386E-09 2.4516E-09 2.6784E-09 2.9224E-09 3.1836E-09 3.4623E-09 3.7569E-09 4.0727E-09 4.4080E-09 4.7599E-09 5.1239E-09 5.4973E-09 5.8775E-09 6.2563E-09 6.6317E-09 7.0019E-09 7.3585E-09 7.7017E-09 8.0306E-09
0.0000E+00 0.0000E+00 0.0000E+00 0.0000E+00 0.0000E+00 0.0000E+00 0.0000E+00 0.0000E+00 0.0000E+00 3.4728E-12 1.3966E-11 2.2212E-11 3.1493E-11 4.6177E-11 6.6338E-11 9.0167E-11 1.0962E-10 1.2907E-10 1.6350E-10 2.1584E-10 2.7348E-10 3.2572E-10 3.7299E-10 4.2580E-10 4.8287E-10 5.4485E-10 6.1324E-10 6.8918E-10 7.7330E-10 8.6576E-10 9.6911E-10 1.0792E-09 1.1992E-09 1.3305E-09 1.4729E-09 1.6255E-09 1.7908E-09 1.9695E-09 2.1632E-09 2.3690E-09 2.5907E-09 2.8287E-09 3.0844E-09 3.3537E-09 3.6427E-09 3.9518E-09 4.2806E-09 4.6262E-09 4.9853E-09 5.3567E-09 5.7322E-09 6.1096E-09 6.4861E-09 6.8538E-09 7.2112E-09 7.5574E-09 7.8874E-09
0.0000E+00 0.0000E+00 0.0000E+00 0.0000E+00 0.0000E+00 0.0000E+00 0.0000E+00 0.0000E+00 0.0000E+00 0.0000E+00 8.7680E-12 1.6576E-11 2.8530E-11 3.9054E-11 5.9000E-11 8.1262E-11 1.0244E-10 1.2059E-10 1.4777E-10 1.9363E-10 2.4965E-10 3.0696E-10 3.5593E-10 4.0688E-10 4.6184E-10 5.2118E-10 5.8698E-10 6.5980E-10 7.4289E-10 8.2989E-10 9.3071E-10 1.0365E-09 1.1529E-09 1.2811E-09 1.4178E-09 1.5654E-09 1.7266E-09 1.8997E-09 2.0865E-09 2.2862E-09 2.5021E-09 2.7347E-09 2.9824E-09 3.2450E-09 3.5279E-09 3.8300E-09 4.1520E-09 4.4907E-09 4.8449E-09 5.2110E-09 5.5839E-09 5.9598E-09 6.3336E-09 6.7010E-09 7.0603E-09 7.4066E-09 7.7386E-09
0.0000E+00 0.0000E+00 0.0000E+00 0.0000E+00 0.0000E+00 0.0000E+00 0.0000E+00 0.0000E+00 0.0000E+00 0.0000E+00 3.5371E-12 1.4222E-11 2.2592E-11 3.3492E-11 4.8752E-11 7.1816E-11 9.5853E-11 1.1137E-10 1.3391E-10 1.7203E-10 2.2626E-10 2.8401E-10 3.3775E-10 3.8791E-10 4.4076E-10 4.9803E-10 5.6128E-10 6.3074E-10 7.1139E-10 7.9585E-10 8.9162E-10 9.9446E-10 1.1079E-09 1.2308E-09 1.3629E-09 1.5066E-09 1.6614E-09 1.8290E-09 2.0100E-09 2.2046E-09 2.4140E-09 2.6413E-09 2.8799E-09 3.1368E-09 3.4122E-09 3.7071E-09 4.0216E-09 4.3533E-09 4.7026E-09 5.0634E-09 5.4324E-09 5.8063E-09 6.1773E-09 6.5439E-09 6.9035E-09 7.2507E-09 7.5845E-09
0.0000E+00 0.0000E+00 0.0000E+00 0.0000E+00 0.0000E+00 0.0000E+00 0.0000E+00 0.0000E+00 0.0000E+00 0.0000E+00 3.3537E-12 8.8883E-12 2.1449E-11 2.8862E-11 4.0152E-11 6.3548E-11 8.6025E-11 1.0585E-10 1.2403E-10 1.5198E-10 2.0146E-10 2.5787E-10 3.1802E-10 3.6953E-10 4.2031E-10 4.7498E-10 5.3541E-10 6.0179E-10 6.7986E-10 7.6087E-10 8.5393E-10 9.5336E-10 1.0623E-09 1.1810E-09 1.3095E-09 1.4471E-09 1.5966E-09 1.7597E-09 1.9336E-09 2.1222E-09 2.3262E-09 2.5461E-09 2.7776E-09 3.0286E-09 3.2966E-09 3.5841E-09 3.8904E-09 4.2156E-09 4.5579E-09 4.9137E-09 5.2803E-09 5.6485E-09 6.0173E-09 6.3841E-09 6.7422E-09 7.0902E-09 7.4254E-09
0.0000E+00 0.0000E+00 0.0000E+00 0.0000E+00 0.0000E+00 0.0000E+00 0.0000E+00 0.0000E+00 0.0000E+00 0.0000E+00 0.0000E+00 3.5695E-12 1.4353E-11 2.4342E-11 3.3699E-11 5.1170E-11 7.5679E-11 9.7319E-11 1.1546E-10 1.3714E-10 1.7690E-10 2.3401E-10 2.9479E-10 3.5018E-10 3.9993E-10 4.5230E-10 5.1193E-10 5.7381E-10 6.4820E-10 7.2696E-10 8.1539E-10 9.1351E-10 1.0168E-09 1.1327E-09 1.2555E-09 1.3881E-09 1.5335E-09 1.6898E-09 1.8577E-09 2.0407E-09 2.2397E-09 2.4509E-09 2.6761E-09 2.9202E-09 3.1808E-09 3.4599E-09 3.7582E-09 4.0771E-09 4.4122E-09 4.7632E-09 5.1234E-09 5.4879E-09 5.8541E-09 6.2193E-09 6.5769E-09 6.9250E-09 7.2614E-09
0.0000E+00 0.0000E+00 0.0000E+00 0.0000E+00 0.0000E+00 0.0000E+00 0.0000E+00 0.0000E+00 0.0000E+00 0.0000E+00 0.0000E+00 3.3720E-12 8.9285E-12 2.1547E-11 2.8942E-11 4.1730E-11 6.5919E-11 8.8135E-11 1.1009E-10 1.2800E-10 1.5396E-10 2.0899E-10 2.6798E-10 3.2456E-10 3.7891E-10 4.3010E-10 4.8725E-10 5.4816E-10 6.1755E-10 6.9353E-10 7.7824E-10 8.7210E-10 9.7120E-10 1.0839E-09 1.2021E-09 1.3309E-09 1.4699E-09 1.6206E-09 1.7836E-09 1.9599E-09 2.1521E-09 2.3563E-09 2.5753E-09 2.8128E-09 3.0654E-09 3.3358E-09 3.6269E-09 3.9371E-09 4.2656E-09 4.6110E-09 4.9646E-09 5.3249E-09 5.6894E-09 6.0512E-09 6.4077E-09 6.7558E-09 7.0930E-09
0.0000E+00 0.0000E+00 0.0000E+00 0.0000E+00 0.0000E+00 0.0000E+00 0.0000E+00 0.0000E+00 0.0000E+00 0.0000E+00 0.0000E+00 0.0000E+00 3.5691E-12 1.4355E-11 2.2758E-11 3.3606E-11 5.2678E-11 7.7649E-11 1.0071E-10 1.1961E-10 1.4256E-10 1.8202E-10 2.4150E-10 2.9892E-10 3.5651E-10 4.0862E-10 4.6329E-10 5.2120E-10 5.8773E-10 6.6011E-10 7.4154E-10 8.3181E-10 9.2749E-10 1.0354E-09 1.1495E-09 1.2733E-09 1.4070E-09 1.5521E-09 1.7096E-09 1.8799E-09 2.0651E-09 2.2627E-09 2.4750E-09 2.7057E-09 2.9491E-09 3.2119E-09 3.4957E-09 3.7971E-09 4.1195E-09 4.4566E-09 4.8043E-09 5.1600E-09 5.5209E-09 5.8801E-09 6.2351E-09 6.5827E-09 6.9213E-09
0.0000E+00 0.0000E+00 0.0000E+00 0.0000E+00 0.0000E+00 0.0000E+00 0.0000E+00 0.0000E+00 0.0000E+00 0.0000E+00 0.0000E+00 0.0000E+00 3.3592E-12 8.8874E-12 2.1453E-11 3.0237E-11 4.3058E-11 6.5758E-11 9.1217E-11 1.1342E-10 1.3279E-10 1.5989E-10 2.1211E-10 2.6997E-10 3.3113E-10 3.8383E-10 4.3794E-10 4.9490E-10 5.5858E-10 6.2750E-10 7.0748E-10 7.9208E-10 8.8464E-10 9.8814E-10 1.0988E-09 1.2167E-09 1.3462E-09 1.4845E-09 1.6367E-09 1.8017E-09 1.9788E-09 2.1703E-09 2.3766E-09 2.5994E-09 2.8337E-09 3.0897E-09 3.3638E-09 3.6573E-09 3.9728E-09 4.3015E-09 4.6428E-09 4.9948E-09 5.3502E-09 5.7063E-09 6.0593E-09 6.4062E-09 6.7460E-09
0.0000E+00 0.0000E+00 0.0000E+00 0.0000E+00 0.0000E+00 0.0000E+00 0.0000E+00 0.0000E+00 0.0000E+00 0.0000E+00 0.0000E+00 0.0000E+00 0.0000E+00 3.5360E-12 1.4229E-11 2.3972E-11 3.4841E-11 5.2901E-11 7.9040E-11 1.0527E-10 1.2280E-10 1.4766E-10 1.8651E-10 2.4094E-10 3.0342E-10 3.5694E-10 4.1410E-10 4.6916E-10 5.3006E-10 5.9534E-10 6.7238E-10 7.5270E-10 8.4263E-10 9.4089E-10 1.0479E-09 1.1609E-09 1.2851E-09 1.4181E-09 1.5648E-09 1.7233E-09 1.8939E-09 2.0790E-09 2.2790E-09 2.4929E-09 2.7192E-09 2.9670E-09 3.2326E-09 3.5191E-09 3.8252E-09 4.1461E-09 4.4806E-09 4.8271E-09 5.1777E-09 5.5302E-09 5.8808E-09 6.2274E-09 6.5670E-09
0.0000E+00 0.0000E+00 0.0000E+00 0.0000E+00 0.0000E+00 0.0000E+00 0.0000E+00 0.0000E+00 0.0000E+00 0.0000E+00 0.0000E+00 0.0000E+00 0.0000E+00 0.0000E+00 8.7664E-12 1.9407E-11 2.9821E-11 4.1912E-11 6.5425E-11 9.3894E-11 1.1628E-10 1.3681E-10 1.6757E-10 2.1167E-10 2.7227E-10 3.2883E-10 3.8630E-10 4.4263E-10 5.0261E-10 5.6451E-10 6.3603E-10 7.1516E-10 8.0001E-10 8.9451E-10 9.9747E-10 1.1073E-09 1.2253E-09 1.3531E-09 1.4942E-09 1.6459E-09 1.8104E-09 1.9901E-09 2.1812E-09 2.3877E-09 2.6060E-09 2.8469E-09 3.1024E-09 3.3802E-09 3.6779E-09 3.9907E-09 4.3194E-09 4.6584E-09 5.0039E-09 5.3523E-09 5.7003E-09 6.0458E-09 6.3837E-09
0.0000E+00 0.0000E+00 0.0000E+00 0.0000E+00 0.0000E+00 0.0000E+00 0.0000E+00 0.0000E+00 0.0000E+00 0.0000E+00 0.0000E+00 0.0000E+00 0.0000E+00 0.0000E+00 3.4709E-12 1.5328E-11 2.5062E-11 3.4403E-11 5.1645E-11 8.0863E-11 1.0680E-10 1.2784E-10 1.5391E-10 1.8867E-10 2.3979E-10 2.9814E-10 3.5717E-10 4.1171E-10 4.7522E-10 5.3411E-10 6.0218E-10 6.7816E-10 7.5857E-10 8.5028E-10 9.4775E-10 1.0537E-09 1.1666E-09 1.2905E-09 1.4245E-09 1.5698E-09 1.7285E-09 1.9012E-09 2.0861E-09 2.2839E-09 2.4954E-09 2.7267E-09 2.9734E-09 3.2437E-09 3.5315E-09 3.8358E-09 4.1571E-09 4.4894E-09 4.8291E-09 5.1728E-09 5.5183E-09 5.8614E-09 6.1974E-09
0.0000E+00 0.0000E+00 0.0000E+00 0.0000E+00 0.0000E+00 0.0000E+00 0.0000E+00 0.0000E+00 0.0000E+00 0.0000E+00 0.0000E+00 0.0000E+00 0.0000E+00 0.0000E+00 0.0000E+00 9.8736E-12 1.7420E-11 2.9371E-11 3.9037E-11 6.7230E-11 9.4869E-11 1.1836E-10 1.4196E-10 1.7318E-10 2.1240E-10 2.6455E-10 3.2668E-10 3.7932E-10 4.4466E-10 5.0518E-10 5.6981E-10 6.4200E-10 7.1912E-10 8.0610E-10 9.0009E-10 1.0008E-09 1.1093E-09 1.2282E-09 1.3562E-09 1.4954E-09 1.6479E-09 1.8148E-09 1.9912E-09 2.1816E-09 2.3852E-09 2.6082E-09 2.8474E-09 3.1074E-09 3.3862E-09 3.6830E-09 3.9952E-09 4.3203E-09 4.6537E-09 4.9926E-09 5.3347E-09 5.6741E-09 6.0084E-09
0.0000E+00 0.0000E+00 0.0000E+00 0.0000E+00 0.0000E+00 0.0000E+00 0.0000E+00 0.0000E+00 0.0000E+00 0.0000E+00 0.0000E+00 0.0000E+00 0.0000E+00 0.0000E+00 0.0000E+00 4.6335E-12 1.1662E-11 2.3004E-11 3.3665E-11 5.3378E-11 8.0401E-11 1.0856E-10 1.3128E-10 1.6095E-10 1.9693E-10 2.3499E-10 2.8962E-10 3.4934E-10 4.0788E-10 4.7210E-10 5.3799E-10 6.0600E-10 6.8076E-10 7.6253E-10 8.5273E-10 9.4859E-10 1.0533E-09 1.1672E-09 1.2902E-09 1.4225E-09 1.5688E-09 1.7287E-09 1.8982E-09 2.0811E-09 2.2782E-09 2.4916E-09 2.7219E-09 2.9729E-09 3.2425E-09 3.5303E-09 3.8341E-09 4.1514E-09 4.4781E-09 4.8121E-09 5.1496E-09 5.4850E-09 5.8179E-09
0.0000E+00 0.0000E+00 0.0000E+00 0.0000E+00 0.0000E+00 0.0000E+00 0.0000E+00 0.0000E+00 0.0000E+00 0.0000E+00 0.0000E+00 0.0000E+00 0.0000E+00 0.0000E+00 0.0000E+00 1.2086E-12 6.1533E-12 1.7096E-11 2.8591E-11 4.1413E-11 6.3953E-11 9.2891E-11 1.2231E-10 1.4930E-10 1.7946E-10 2.1330E-10 2.5904E-10 3.1209E-10 3.7539E-10 4.3582E-10 5.0339E-10 5.7076E-10 6.4256E-10 7.2102E-10 8.0653E-10 8.9870E-10 9.9834E-10 1.1076E-09 1.2247E-09 1.3515E-09 1.4928E-09 1.6446E-09 1.8071E-09 1.9840E-09 2.1719E-09 2.3770E-09 2.5998E-09 2.8403E-09 3.1005E-09 3.3791E-09 3.6742E-09 3.9834E-09 4.3030E-09 4.6314E-09 4.9633E-09 5.2946E-09 5.6256E-09
0.0000E+00 0.0000E+00 0.0000E+00 0.0000E+00 0.0000E+00 0.0000E+00 0.0000E+00 0.0000E+00 0.0000E+00 0.0000E+00 0.0000E+00 0.0000E+00 0.0000E+00 0.0000E+00 0.0000E+00 1.1578E-12 2.5481E-12 9.8010E-12 2.3743E-11 3.5998E-11 4.7699E-11 7.6788E-11 1.0693E-10 1.3938E-10 1.6633E-10 1.9670E-10 2.3370E-10 2.7864E-10 3.3941E-10 4.0098E-10 4.6469E-10 5.3313E-10 6.0501E-10 6.8073E-10 7.6109E-10 8.4935E-10 9.4440E-10 1.0494E-09 1.1611E-09 1.2823E-09 1.4173E-09 1.5636E-09 1.7180E-09 1.8877E-09 2.0679E-09 2.2647E-09 2.4787E-09 2.7099E-09 2.9606E-09 3.2299E-09 3.5158E-09 3.8164E-09 4.1289E-09 4.4507E-09 4.7763E-09 5.1038E-09 5.4319E-09
0.0000E+00 0.0000E+00 0.0000E+00 0.0000E+00 0.0000E+00 0.0000E+00 0.0000E+00 0.0000E+00 0.0000E+00 0.0000E+00 0.0000E+00 0.0000E+00 0.0000E+00 0.0000E+00 0.0000E+00 1.1055E-12 2.4406E-12 6.1091E-12 1.4697E-11 2.9291E-11 4.0677E-11 6.1056E-11 8.9019E-11 1.2605E-10 1.5432E-10 1.8302E-10 2.1413E-10 2.5048E-10 3.0337E-10 3.6346E-10 4.3060E-10 4.9274E-10 5.6307E-10 6.4143E-10 7.1815E-10 8.0171E-10 8.9323E-10 9.9249E-10 1.0994E-09 1.2151E-09 1.3438E-09 1.4837E-09 1.6312E-09 1.7938E-09 1.9662E-09 2.1561E-09 2.3601E-09 2.5819E-09 2.8244E-09 3.0828E-09 3.3593E-09 3.6510E-09 3.9560E-09 4.2703E-09 4.5895E-09 4.9127E-09 5.2366E-09
