Assets/Resources/2015_m01_d19_1900(utc+0800)_l00_csi_1hr_conc.grd
DSAA
         159         159
     -79.000      79.000
     -79.000      79.000
  0.0000E+00  0.3714E-04
[rows 0 to 24 of 159, columns 57 to 113 of 159]
3.6807E-09 3.6079E-09 3.5351E-09 3.4624E-09 3.3877E-09 3.3160E-09 3.2425E-09 3.1721E-09 3.1003E-09 3.0289E-09 2.9589E-09 2.8904E-09 2.8205E-09 2.7518E-09 2.6836E-09 2.6189E-09 2.5516E-09 2.4938E-09 2.4313E-09 2.3760E-09 2.3164E-09 2.2638E-09 2.2087E-09 2.1548E-09 2.0745E-09 2.0214E-09 1.9724E-09 1.9096E-09 1.8464E-09 1.8043E-09 1.7522E-09 1.6913E-09 1.6510E-09 1.6035E-09 1.5517E-09 1.5102E-09 1.4794E-09 1.4458E-09 1.4134E-09 1.3835E-09 1.3533E-09 1.3239E-09 1.2941E-09 1.2646E-09 1.2360E-09 1.2070E-09 1.1790E-09 1.1512E-09 1.1226E-09 1.0955E-09 1.0688E-09 1.0406E-09 1.0147E-09 9.8906E-10 9.6270E-10 9.3736E-10 9.1297E-10
3.7769E-09 3.7010E-09 3.6249E-09 3.5495E-09 3.4743E-09 3.3976E-09 3.3233E-09 3.2479E-09 3.1756E-09 3.0995E-09 3.0285E-09 2.9572E-09 2.8872E-09 2.8116E-09 2.7459E-09 2.6727E-09 2.6111E-09 2.5431E-09 2.4844E-09 2.4212E-09 2.3594E-09 2.3050E-09 2.2481E-09 2.1963E-09 2.1305E-09 2.0548E-09 2.0063E-09 1.9485E-09 1.8835E-09 1.8318E-09 1.7920E-09 1.7213E-09 1.6772E-09 1.6392E-09 1.5754E-09 1.5329E-09 1.4989E-09 1.4646E-09 1.4315E-09 1.4012E-09 1.3703E-09 1.3405E-09 1.3102E-09 1.2801E-09 1.2511E-09 1.2216E-09 1.1931E-09 1.1649E-09 1.1358E-09 1.1083E-09 1.0812E-09 1.0532E-09 1.0262E-09 1.0002E-09 9.7408E-10 9.4777E-10 9.2304E-10
3.8740E-09 3.7945E-09 3.7155E-09 3.6368E-09 3.5589E-09 3.4815E-09 3.4023E-09 3.3260E-09 3.2488E-09 3.1746E-09 3.0965E-09 3.0240E-09 2.9495E-09 2.8803E-09 2.8033E-09 2.7366E-09 2.6627E-09 2.5962E-09 2.5316E-09 2.4663E-09 2.4085E-09 2.3462E-09 2.2913E-09 2.2339E-09 2.1780E-09 2.0959E-09 2.0410E-09 1.9903E-09 1.9261E-09 1.8617E-09 1.8182E-09 1.7650E-09 1.7004E-09 1.6616E-09 1.6124E-09 1.5528E-09 1.5181E-09 1.4831E-09 1.4493E-09 1.4184E-09 1.3870E-09 1.3566E-09 1.3265E-09 1.2953E-09 1.2657E-09 1.2365E-09 1.2069E-09 1.1782E-09 1.1494E-09 1.1208E-09 1.0932E-09 1.0654E-09 1.0375E-09 1.0111E-09 9.8459E-10 9.5792E-10 9.3282E-10
3.9719E-09 3.8887E-09 3.8064E-09 3.7247E-09 3.6435E-09 3.5632E-09 3.4835E-09 3.4020E-09 3.3239E-09 3.2451E-09 3.1692E-09 3.0893E-09 3.0157E-09 2.9401E-09 2.8675E-09 2.7916E-09 2.7180E-09 2.6496E-09 2.5786E-09 2.5173E-09 2.4515E-09 2.3893E-09 2.3305E-09 2.2714E-09 2.2156E-09 2.1500E-09 2.0726E-09 2.0224E-09 1.9604E-09 1.8914E-09 1.8441E-09 1.7895E-09 1.7315E-09 1.6836E-09 1.6367E-09 1.5803E-09 1.5369E-09 1.5045E-09 1.4693E-09 1.4353E-09 1.4041E-09 1.3724E-09 1.3417E-09 1.3108E-09 1.2801E-09 1.2503E-09 1.2203E-09 1.1913E-09 1.1625E-09 1.1330E-09 1.1050E-09 1.0768E-09 1.0485E-09 1.0217E-09 9.9479E-10 9.6834E-10 9.4233E-10
4.0694E-09 3.9834E-09 3.8976E-09 3.8128E-09 3.7284E-09 3.6449E-09 3.5623E-09 3.4783E-09 3.3969E-09 3.3173E-09 3.2370E-09 3.1573E-09 3.0781E-09 2.9992E-09 2.9270E-09 2.8491E-09 2.7765E-09 2.6988E-09 2.6315E-09 2.5621E-09 2.4943E-09 2.4340E-09 2.3696E-09 2.3105E-09 2.2531E-09 2.1835E-09 2.1117E-09 2.0551E-09 2.0030E-09 1.9265E-09 1.8723E-09 1.8275E-09 1.7570E-09 1.7080E-09 1.6680E-09 1.6075E-09 1.5580E-09 1.5223E-09 1.4865E-09 1.4519E-09 1.4200E-09 1.3879E-09 1.3567E-09 1.3252E-09 1.2940E-09 1.2638E-09 1.2334E-09 1.2039E-09 1.1747E-09 1.1447E-09 1.1164E-09 1.0884E-09 1.0591E-09 1.0320E-09 1.0053E-09 9.7788E-10 9.5153E-10
4.1667E-09 4.0783E-09 3.9894E-09 3.9008E-09 3.8135E-09 3.7264E-09 3.6409E-09 3.5565E-09 3.4703E-09 3.3870E-09 3.3038E-09 3.2246E-09 3.1410E-09 3.0629E-09 2.9833E-09 2.9102E-09 2.8314E-09 2.7539E-09 2.6804E-09 2.6065E-09 2.5428E-09 2.4748E-09 2.4102E-09 2.3495E-09 2.2883E-09 2.2307E-09 2.1577E-09 2.0848E-09 2.0313E-09 1.9700E-09 1.8973E-09 1.8515E-09 1.7961E-09 1.7294E-09 1.6886E-09 1.6375E-09 1.5762E-09 1.5399E-09 1.5033E-09 1.4680E-09 1.4357E-09 1.4029E-09 1.3712E-09 1.3399E-09 1.3075E-09 1.2769E-09 1.2460E-09 1.2161E-09 1.1866E-09 1.1562E-09 1.1274E-09 1.0991E-09 1.0699E-09 1.0419E-09 1.0149E-09 9.8710E-10 9.6041E-10
4.2632E-09 4.1722E-09 4.0807E-09 3.9889E-09 3.8980E-09 3.8084E-09 3.7189E-09 3.6317E-09 3.5455E-09 3.4574E-09 3.3724E-09 3.2883E-09 3.2077E-09 3.1229E-09 3.0437E-09 2.9638E-09 2.8835E-09 2.8103E-09 2.7304E-09 2.6569E-09 2.5849E-09 2.5169E-09 2.4507E-09 2.3861E-09 2.3251E-09 2.2658E-09 2.1948E-09 2.1141E-09 2.0610E-09 1.9964E-09 1.9304E-09 1.8752E-09 1.8185E-09 1.7584E-09 1.7087E-09 1.6574E-09 1.6018E-09 1.5569E-09 1.5204E-09 1.4838E-09 1.4509E-09 1.4176E-09 1.3853E-09 1.3535E-09 1.3207E-09 1.2896E-09 1.2589E-09 1.2280E-09 1.1980E-09 1.1672E-09 1.1381E-09 1.1094E-09 1.0799E-09 1.0515E-09 1.0241E-09 9.9657E-10 9.6897E-10
4.3604E-09 4.2656E-09 4.1714E-09 4.0768E-09 3.9826E-09 3.8894E-09 3.7972E-09 3.7059E-09 3.6173E-09 3.5295E-09 3.4395E-09 3.3532E-09 3.2683E-09 3.1822E-09 3.1008E-09 3.0167E-09 2.9408E-09 2.8597E-09 2.7817E-09 2.7027E-09 2.6267E-09 2.5586E-09 2.4906E-09 2.4241E-09 2.3614E-09 2.2987E-09 2.2257E-09 2.1535E-09 2.0914E-09 2.0366E-09 1.9575E-09 1.9011E-09 1.8542E-09 1.7818E-09 1.7310E-09 1.6892E-09 1.6220E-09 1.5762E-09 1.5390E-09 1.5017E-09 1.4657E-09 1.4325E-09 1.3991E-09 1.3667E-09 1.3341E-09 1.3019E-09 1.2708E-09 1.2394E-09 1.2091E-09 1.1785E-09 1.1484E-09 1.1193E-09 1.0894E-09 1.0607E-09 1.0329E-09 1.0051E-09 9.7721E-10
4.4568E-09 4.3581E-09 4.2604E-09 4.1634E-09 4.0663E-09 3.9699E-09 3.8750E-09 3.7806E-09 3.6875E-09 3.5976E-09 3.5061E-09 3.4170E-09 3.3277E-09 3.2442E-09 3.1569E-09 3.0748E-09 2.9908E-09 2.9080E-09 2.8327E-09 2.7504E-09 2.6719E-09 2.5999E-09 2.5298E-09 2.4617E-09 2.3952E-09 2.3309E-09 2.2701E-09 2.1998E-09 2.1183E-09 2.0623E-09 1.9986E-09 1.9237E-09 1.8759E-09 1.8186E-09 1.7502E-09 1.7076E-09 1.6551E-09 1.5925E-09 1.5546E-09 1.5167E-09 1.4801E-09 1.4464E-09 1.4124E-09 1.3795E-09 1.3464E-09 1.3138E-09 1.2822E-09 1.2504E-09 1.2197E-09 1.1893E-09 1.1582E-09 1.1288E-09 1.0992E-09 1.0695E-09 1.0415E-09 1.0133E-09 9.8564E-10
4.5534E-09 4.4513E-09 4.3496E-09 4.2492E-09 4.1491E-09 4.0498E-09 3.9514E-09 3.8548E-09 3.7584E-09 3.6642E-09 3.5732E-09 3.4801E-09 3.3899E-09 3.3004E-09 3.2161E-09 3.1278E-09 3.0409E-09 2.9615E-09 2.8785E-09 2.7985E-09 2.7147E-09 2.6384E-09 2.5685E-09 2.4966E-09 2.4285E-09 2.3644E-09 2.3020E-09 2.2281E-09 2.1447E-09 2.0892E-09 2.0224E-09 1.9458E-09 1.8970E-09 1.8386E-09 1.7689E-09 1.7255E-09 1.6721E-09 1.6083E-09 1.5698E-09 1.5312E-09 1.4940E-09 1.4598E-09 1.4252E-09 1.3919E-09 1.3583E-09 1.3252E-09 1.2932E-09 1.2610E-09 1.2298E-09 1.1991E-09 1.1677E-09 1.1379E-09 1.1086E-09 1.0779E-09 1.0496E-09 1.0211E-09 9.9314E-10
4.6485E-09 4.5430E-09 4.4377E-09 4.3334E-09 4.2307E-09 4.1281E-09 4.0268E-09 3.9273E-09 3.8288E-09 3.7310E-09 3.6360E-09 3.5439E-09 3.4495E-09 3.3563E-09 3.2690E-09 3.1797E-09 3.0949E-09 3.0079E-09 2.9247E-09 2.8434E-09 2.7634E-09 2.6801E-09 2.6063E-09 2.5327E-09 2.4628E-09 2.3972E-09 2.3313E-09 2.2556E-09 2.1812E-09 2.1166E-09 2.0483E-09 1.9787E-09 1.9203E-09 1.8607E-09 1.7979E-09 1.7455E-09 1.6892E-09 1.6315E-09 1.5844E-09 1.5452E-09 1.5074E-09 1.4727E-09 1.4377E-09 1.4038E-09 1.3704E-09 1.3361E-09 1.3037E-09 1.2711E-09 1.2396E-09 1.2085E-09 1.1767E-09 1.1466E-09 1.1169E-09 1.0860E-09 1.0573E-09 1.0285E-09 1.0003E-09
4.7418E-09 4.6332E-09 4.5247E-09 4.4170E-09 4.3105E-09 4.2052E-09 4.1009E-09 3.9981E-09 3.8976E-09 3.7974E-09 3.6984E-09 3.6030E-09 3.5076E-09 3.4145E-09 3.3208E-09 3.2337E-09 3.1435E-09 3.0541E-09 2.9698E-09 2.8869E-09 2.8053E-09 2.7194E-09 2.6412E-09 2.5680E-09 2.4964E-09 2.4271E-09 2.3618E-09 2.2964E-09 2.2122E-09 2.1405E-09 2.0824E-09 2.0055E-09 1.9403E-09 1.8906E-09 1.8210E-09 1.7623E-09 1.7077E-09 1.6542E-09 1.6011E-09 1.5620E-09 1.5204E-09 1.4851E-09 1.4496E-09 1.4152E-09 1.3813E-09 1.3466E-09 1.3138E-09 1.2814E-09 1.2488E-09 1.2174E-09 1.1852E-09 1.1548E-09 1.1248E-09 1.0941E-09 1.0646E-09 1.0361E-09 1.0070E-09
4.8353E-09 4.7227E-09 4.6109E-09 4.4993E-09 4.3892E-09 4.2810E-09 4.1737E-09 4.0677E-09 3.9638E-09 3.8622E-09 3.7607E-09 3.6608E-09 3.5653E-09 3.4687E-09 3.3728E-09 3.2818E-09 3.1902E-09 3.1035E-09 3.0142E-09 2.9287E-09 2.8461E-09 2.7621E-09 2.6772E-09 2.6022E-09 2.5270E-09 2.4581E-09 2.3894E-09 2.3227E-09 2.2488E-09 2.1635E-09 2.1043E-09 2.0376E-09 1.9596E-09 1.9091E-09 1.8492E-09 1.7784E-09 1.7337E-09 1.6687E-09 1.6147E-09 1.5750E-09 1.5353E-09 1.4970E-09 1.4617E-09 1.4262E-09 1.3918E-09 1.3566E-09 1.3234E-09 1.2906E-09 1.2576E-09 1.2258E-09 1.1933E-09 1.1625E-09 1.1323E-09 1.1013E-09 1.0715E-09 1.0428E-09 1.0134E-09
4.9269E-09 4.8102E-09 4.6950E-09 4.5804E-09 4.4668E-09 4.3548E-09 4.2447E-09 4.1359E-09 4.0286E-09 3.9241E-09 3.8212E-09 3.7188E-09 3.6191E-09 3.5208E-09 3.4255E-09 3.3294E-09 3.2369E-09 3.1473E-09 3.0558E-09 2.9692E-09 2.8849E-09 2.7999E-09 2.7148E-09 2.6352E-09 2.5605E-09 2.4862E-09 2.4160E-09 2.3498E-09 2.2726E-09 2.1916E-09 2.1254E-09 2.0575E-09 1.9838E-09 1.9267E-09 1.8659E-09 1.7939E-09 1.7485E-09 1.6932E-09 1.6278E-09 1.5874E-09 1.5471E-09 1.5084E-09 1.4725E-09 1.4365E-09 1.4018E-09 1.3662E-09 1.3324E-09 1.2993E-09 1.2659E-09 1.2338E-09 1.2016E-09 1.1698E-09 1.1393E-09 1.1080E-09 1.0779E-09 1.0489E-09 1.0193E-09
5.0174E-09 4.8965E-09 4.7771E-09 4.6598E-09 4.5426E-09 4.4273E-09 4.3139E-09 4.2021E-09 4.0923E-09 3.9841E-09 3.8792E-09 3.7749E-09 3.6720E-09 3.5728E-09 3.4741E-09 3.3758E-09 3.2824E-09 3.1886E-09 3.0983E-09 3.0090E-09 2.9199E-09 2.8360E-09 2.7531E-09 2.6672E-09 2.5889E-09 2.5150E-09 2.4435E-09 2.3740E-09 2.2973E-09 2.2237E-09 2.1503E-09 2.0794E-09 2.0044E-09 1.9463E-09 1.8818E-09 1.8170E-09 1.7626E-09 1.7065E-09 1.6401E-09 1.5993E-09 1.5584E-09 1.5191E-09 1.4829E-09 1.4464E-09 1.4112E-09 1.3758E-09 1.3410E-09 1.3074E-09 1.2738E-09 1.2413E-09 1.2087E-09 1.1767E-09 1.1458E-09 1.1143E-09 1.0839E-09 1.0546E-09 1.0254E-09
5.1075E-09 4.9828E-09 4.8589E-09 4.7370E-09 4.6166E-09 4.4978E-09 4.3808E-09 4.2665E-09 4.1535E-09 4.0426E-09 3.9342E-09 3.8289E-09 3.7237E-09 3.6208E-09 3.5199E-09 3.4228E-09 3.3247E-09 3.2302E-09 3.1388E-09 3.0457E-09 2.9558E-09 2.8701E-09 2.7843E-09 2.7006E-09 2.6178E-09 2.5407E-09 2.4699E-09 2.3991E-09 2.3311E-09 2.2442E-09 2.1697E-09 2.1090E-09 2.0299E-09 1.9624E-09 1.8997E-09 1.8366E-09 1.7787E-09 1.7191E-09 1.6598E-09 1.6104E-09 1.5691E-09 1.5293E-09 1.4926E-09 1.4557E-09 1.4200E-09 1.3842E-09 1.3491E-09 1.3151E-09 1.2811E-09 1.2482E-09 1.2159E-09 1.1830E-09 1.1518E-09 1.1200E-09 1.0894E-09 1.0599E-09 1.0304E-09
5.1939E-09 5.0660E-09 4.9385E-09 4.8122E-09 4.6887E-09 4.5660E-09 4.4459E-09 4.3282E-09 4.2126E-09 4.0992E-09 3.9877E-09 3.8796E-09 3.7733E-09 3.6679E-09 3.5659E-09 3.4653E-09 3.3654E-09 3.2703E-09 3.1747E-09 3.0828E-09 2.9906E-09 2.9003E-09 2.8156E-09 2.7324E-09 2.6436E-09 2.5669E-09 2.4930E-09 2.4209E-09 2.3519E-09 2.2756E-09 2.1879E-09 2.1263E-09 2.0461E-09 1.9776E-09 1.9250E-09 1.8527E-09 1.7913E-09 1.7343E-09 1.6762E-09 1.6235E-09 1.5791E-09 1.5388E-09 1.5017E-09 1.4643E-09 1.4283E-09 1.3921E-09 1.3565E-09 1.3222E-09 1.2878E-09 1.2547E-09 1.2221E-09 1.1888E-09 1.1574E-09 1.1253E-09 1.0944E-09 1.0647E-09 1.0350E-09
5.2800E-09 5.1480E-09 5.0169E-09 4.8875E-09 4.7590E-09 4.6331E-09 4.5088E-09 4.3876E-09 4.2695E-09 4.1528E-09 4.0392E-09 3.9278E-09 3.8200E-09 3.7130E-09 3.6079E-09 3.5049E-09 3.4065E-09 3.3068E-09 3.2107E-09 3.1156E-09 3.0241E-09 2.9335E-09 2.8447E-09 2.7589E-09 2.6746E-09 2.5916E-09 2.5145E-09 2.4414E-09 2.3713E-09 2.2940E-09 2.2108E-09 2.1426E-09 2.0728E-09 1.9918E-09 1.9385E-09 1.8653E-09 1.8031E-09 1.7454E-09 1.6866E-09 1.6332E-09 1.5884E-09 1.5477E-09 1.5101E-09 1.4724E-09 1.4359E-09 1.3994E-09 1.3634E-09 1.3288E-09 1.2941E-09 1.2606E-09 1.2277E-09 1.1942E-09 1.1624E-09 1.1307E-09 1.0990E-09 1.0691E-09 1.0391E-09
5.3641E-09 5.2270E-09 5.0924E-09 4.9585E-09 4.8272E-09 4.6974E-09 4.5701E-09 4.4450E-09 4.3233E-09 4.2045E-09 4.0880E-09 3.9741E-09 3.8636E-09 3.7556E-09 3.6483E-09 3.5445E-09 3.4425E-09 3.3416E-09 3.2428E-09 3.1480E-09 3.0536E-09 2.9610E-09 2.8720E-09 2.7852E-09 2.6978E-09 2.6150E-09 2.5365E-09 2.4623E-09 2.3912E-09 2.3110E-09 2.2297E-09 2.1576E-09 2.0870E-09 2.0135E-09 1.9510E-09 1.8880E-09 1.8140E-09 1.7664E-09 1.6988E-09 1.6423E-09 1.5969E-09 1.5558E-09 1.5178E-09 1.4797E-09 1.4429E-09 1.4067E-09 1.3697E-09 1.3347E-09 1.2997E-09 1.2659E-09 1.2327E-09 1.1989E-09 1.1670E-09 1.1350E-09 1.1031E-09 1.0729E-09 1.0428E-09
5.4462E-09 5.3051E-09 5.1661E-09 5.0288E-09 4.8936E-09 4.7603E-09 4.6295E-09 4.5007E-09 4.3750E-09 4.2534E-09 4.1338E-09 4.0179E-09 3.9045E-09 3.7949E-09 3.6865E-09 3.5800E-09 3.4757E-09 3.3740E-09 3.2756E-09 3.1759E-09 3.0827E-09 2.9889E-09 2.8958E-09 2.8096E-09 2.7252E-09 2.6373E-09 2.5570E-09 2.4818E-09 2.4098E-09 2.3286E-09 2.2522E-09 2.1743E-09 2.1000E-09 2.0256E-09 1.9625E-09 1.8988E-09 1.8240E-09 1.7758E-09 1.7076E-09 1.6505E-09 1.6079E-09 1.5631E-09 1.5248E-09 1.4864E-09 1.4492E-09 1.4127E-09 1.3754E-09 1.3401E-09 1.3048E-09 1.2707E-09 1.2372E-09 1.2032E-09 1.1710E-09 1.1394E-09 1.1066E-09 1.0763E-09 1.0459E-09
5.5259E-09 5.3804E-09 5.2369E-09 5.0958E-09 4.9561E-09 4.8194E-09 4.6852E-09 4.5540E-09 4.4248E-09 4.2994E-09 4.1776E-09 4.0588E-09 3.9431E-09 3.8311E-09 3.7217E-09 3.6135E-09 3.5086E-09 3.4058E-09 3.3041E-09 3.2044E-09 3.1072E-09 3.0127E-09 2.9200E-09 2.8298E-09 2.7447E-09 2.6578E-09 2.5740E-09 2.4977E-09 2.4248E-09 2.3547E-09 2.2656E-09 2.1887E-09 2.1146E-09 2.0423E-09 1.9756E-09 1.9085E-09 1.8411E-09 1.7844E-09 1.7261E-09 1.6579E-09 1.6149E-09 1.5697E-09 1.5311E-09 1.4923E-09 1.4548E-09 1.4179E-09 1.3804E-09 1.3448E-09 1.3092E-09 1.2749E-09 1.2411E-09 1.2068E-09 1.1744E-09 1.1426E-09 1.1097E-09 1.0791E-09 1.0486E-09
5.6050E-09 5.4552E-09 5.3074E-09 5.1617E-09 5.0183E-09 4.8772E-09 4.7397E-09 4.6044E-09 4.4725E-09 4.3433E-09 4.2186E-09 4.0971E-09 3.9791E-09 3.8642E-09 3.7536E-09 3.6444E-09 3.5373E-09 3.4325E-09 3.3300E-09 3.2286E-09 3.1292E-09 3.0339E-09 2.9401E-09 2.8481E-09 2.7619E-09 2.6745E-09 2.5914E-09 2.5118E-09 2.4381E-09 2.3674E-09 2.2775E-09 2.1998E-09 2.1251E-09 2.0521E-09 1.9848E-09 1.9171E-09 1.8546E-09 1.7918E-09 1.7332E-09 1.6643E-09 1.6210E-09 1.5755E-09 1.5365E-09 1.4974E-09 1.4597E-09 1.4225E-09 1.3847E-09 1.3488E-09 1.3130E-09 1.2784E-09 1.2444E-09 1.2099E-09 1.1773E-09 1.1453E-09 1.1121E-09 1.0814E-09 1.0508E-09
5.6780E-09 5.5244E-09 5.3720E-09 5.2224E-09 5.0758E-09 4.9312E-09 4.7896E-09 4.6519E-09 4.5165E-09 4.3850E-09 4.2563E-09 4.1329E-09 4.0124E-09 3.8953E-09 3.7820E-09 3.6721E-09 3.5635E-09 3.4562E-09 3.3528E-09 3.2526E-09 3.1514E-09 3.0547E-09 2.9622E-09 2.8688E-09 2.7791E-09 2.6928E-09 2.6051E-09 2.5241E-09 2.4498E-09 2.3785E-09 2.2997E-09 2.2095E-09 2.1341E-09 2.0606E-09 1.9927E-09 1.9245E-09 1.8615E-09 1.7983E-09 1.7391E-09 1.6725E-09 1.6262E-09 1.5804E-09 1.5411E-09 1.5017E-09 1.4637E-09 1.4263E-09 1.3882E-09 1.3522E-09 1.3161E-09 1.2813E-09 1.2471E-09 1.2124E-09 1.1796E-09 1.1474E-09 1.1141E-09 1.0832E-09 1.0524E-09
5.7487E-09 5.5917E-09 5.4353E-09 5.2815E-09 5.1307E-09 4.9822E-09 4.8373E-09 4.6954E-09 4.5579E-09 4.4228E-09 4.2921E-09 4.1649E-09 4.0427E-09 3.9232E-09 3.8074E-09 3.6962E-09 3.5870E-09 3.4801E-09 3.3749E-09 3.2717E-09 3.1712E-09 3.0729E-09 2.9776E-09 2.8854E-09 2.7943E-09 2.7093E-09 2.6189E-09 2.5348E-09 2.4596E-09 2.3878E-09 2.3085E-09 2.2176E-09 2.1532E-09 2.0677E-09 1.9993E-09 1.9306E-09 1.8673E-09 1.8062E-09 1.7441E-09 1.6770E-09 1.6304E-09 1.5843E-09 1.5448E-09 1.5052E-09 1.4670E-09 1.4293E-09 1.3911E-09 1.3548E-09 1.3185E-09 1.2835E-09 1.2492E-09 1.2143E-09 1.1813E-09 1.1489E-09 1.1155E-09 1.0845E-09 1.0535E-09
5.8164E-09 5.6552E-09 5.4949E-09 5.3363E-09 5.1812E-09 5.0299E-09 4.8811E-09 4.7365E-09 4.5954E-09 4.4582E-09 4.3246E-09 4.1946E-09 4.0695E-09 3.9483E-09 3.8304E-09 3.7169E-09 3.6070E-09 3.4989E-09 3.3921E-09 3.2878E-09 3.1865E-09 3.0867E-09 2.9905E-09 2.8977E-09 2.8053E-09 2.7195E-09 2.6309E-09 2.5500E-09 2.4696E-09 2.3954E-09 2.3156E-09 2.2270E-09 2.1594E-09 2.0761E-09 2.0045E-09 1.9382E-09 1.8718E-09 1.8104E-09 1.7479E-09 1.6858E-09 1.6337E-09 1.5873E-09 1.5476E-09 1.5078E-09 1.4694E-09 1.4316E-09 1.3931E-09 1.3566E-09 1.3202E-09 1.2850E-09 1.2505E-09 1.2155E-09 1.1823E-09 1.1498E-09 1.1163E-09 1.0852E-09 1.0541E-09
