Assets/Resources/2015_m01_d30_0400(utc+0800)_l00_csi_1hr_conc.grd
DSAA
         159         159
     -79.000      79.000
     -79.000      79.000
  0.0000E+00  0.6380E-04
[rows 50 to 74 of 159, columns 57 to 113 of 159]
0.0000E+00 0.0000E+00 0.0000E+00 0.0000E+00 0.0000E+00 0.0000E+00 0.0000E+00 0.0000E+00 0.0000E+00 0.0000E+00 0.0000E+00 0.0000E+00 0.0000E+00 0.0000E+00 0.0000E+00 0.0000E+00 0.0000E+00 0.0000E+00 0.0000E+00 0.0000E+00 0.0000E+00 0.0000E+00 0.0000E+00 0.0000E+00 1.2772E-11 5.1855E-11 1.3326E-10 2.4001E-10 4.2770E-10 7.0042E-10 1.0757E-09 1.6645E-09 2.4754E-09 3.4207E-09 4.5303E-09 5.7488E-09 7.0092E-09 8.2819E-09 9.5353E-09 1.0734E-08 1.1818E-08 1.2752E-08 1.3531E-08 1.4148E-08 1.4619E-08 1.4971E-08 1.5206E-08 1.5357E-08 1.5438E-08 1.5467E-08 1.5462E-08 1.5436E-08 1.5451E-08 1.5508E-08 1.5575E-08 1.5664E-08 1.5764E-08
0.0000E+00 0.0000E+00 0.0000E+00 0.0000E+00 0.0000E+00 0.0000E+00 0.0000E+00 0.0000E+00 0.0000E+00 0.0000E+00 0.0000E+00 0.0000E+00 0.0000E+00 0.0000E+00 0.0000E+00 0.0000E+00 0.0000E+00 0.0000E+00 0.0000E+00 0.0000E+00 0.0000E+00 0.0000E+00 0.0000E+00 2.3820E-12 2.5227E-11 8.4824E-11 1.7769E-10 3.2253E-10 5.6756E-10 9.0135E-10 1.4064E-09 2.1920E-09 3.1675E-09 4.4194E-09 5.8313E-09 7.3515E-09 8.9265E-09 1.0488E-08 1.1967E-08 1.3327E-08 1.4516E-08 1.5489E-08 1.6268E-08 1.6842E-08 1.7239E-08 1.7481E-08 1.7600E-08 1.7618E-08 1.7563E-08 1.7453E-08 1.7309E-08 1.7147E-08 1.7004E-08 1.6934E-08 1.6892E-08 1.6864E-08 1.6852E-08
0.0000E+00 0.0000E+00 0.0000E+00 0.0000E+00 0.0000E+00 0.0000E+00 0.0000E+00 0.0000E+00 0.0000E+00 0.0000E+00 0.0000E+00 0.0000E+00 0.0000E+00 0.0000E+00 0.0000E+00 0.0000E+00 0.0000E+00 0.0000E+00 0.0000E+00 0.0000E+00 0.0000E+00 0.0000E+00 0.0000E+00 7.1173E-12 4.2626E-11 1.1726E-10 2.2185E-10 4.2832E-10 7.3564E-10 1.1409E-09 1.8255E-09 2.8357E-09 4.1098E-09 5.6625E-09 7.4626E-09 9.3814E-09 1.1315E-08 1.3184E-08 1.4889E-08 1.6385E-08 1.7622E-08 1.8581E-08 1.9289E-08 1.9769E-08 2.0043E-08 2.0141E-08 2.0101E-08 1.9953E-08 1.9731E-08 1.9455E-08 1.9154E-08 1.8846E-08 1.8546E-08 1.8344E-08 1.8175E-08 1.8022E-08 1.7885E-08
0.0000E+00 0.0000E+00 0.0000E+00 0.0000E+00 0.0000E+00 0.0000E+00 0.0000E+00 0.0000E+00 0.0000E+00 0.0000E+00 0.0000E+00 0.0000E+00 0.0000E+00 0.0000E+00 0.0000E+00 0.0000E+00 0.0000E+00 0.0000E+00 0.0000E+00 0.0000E+00 0.0000E+00 0.0000E+00 0.0000E+00 1.2090E-11 6.0487E-11 1.4783E-10 2.8406E-10 5.4297E-10 9.2616E-10 1.4598E-09 2.3413E-09 3.6492E-09 5.3141E-09 7.2817E-09 9.5377E-09 1.1911E-08 1.4267E-08 1.6447E-08 1.8338E-08 1.9909E-08 2.1133E-08 2.1998E-08 2.2577E-08 2.2886E-08 2.2972E-08 2.2874E-08 2.2631E-08 2.2288E-08 2.1874E-08 2.1415E-08 2.0940E-08 2.0473E-08 2.0027E-08 1.9654E-08 1.9348E-08 1.9086E-08 1.8835E-08
0.0000E+00 0.0000E+00 0.0000E+00 0.0000E+00 0.0000E+00 0.0000E+00 0.0000E+00 0.0000E+00 0.0000E+00 0.0000E+00 0.0000E+00 0.0000E+00 0.0000E+00 0.0000E+00 0.0000E+00 0.0000E+00 0.0000E+00 0.0000E+00 0.0000E+00 0.0000E+00 0.0000E+00 0.0000E+00 0.0000E+00 1.6970E-11 8.0489E-11 1.7590E-10 3.5763E-10 6.8403E-10 1.1293E-09 1.8345E-09 3.0571E-09 4.7313E-09 6.8491E-09 9.3729E-09 1.2195E-08 1.5111E-08 1.7917E-08 2.0398E-08 2.2434E-08 2.3967E-08 2.5067E-08 2.5733E-08 2.6056E-08 2.6110E-08 2.5948E-08 2.5602E-08 2.5110E-08 2.4531E-08 2.3910E-08 2.3259E-08 2.2604E-08 2.1970E-08 2.1378E-08 2.0846E-08 2.0407E-08 2.0034E-08 1.9673E-08
0.0000E+00 0.0000E+00 0.0000E+00 0.0000E+00 0.0000E+00 0.0000E+00 0.0000E+00 0.0000E+00 0.0000E+00 0.0000E+00 0.0000E+00 0.0000E+00 0.0000E+00 0.0000E+00 0.0000E+00 0.0000E+00 0.0000E+00 0.0000E+00 0.0000E+00 0.0000E+00 0.0000E+00 0.0000E+00 0.0000E+00 2.2902E-11 9.9159E-11 2.0707E-10 4.4150E-10 8.2260E-10 1.4055E-09 2.3458E-09 4.0185E-09 6.1416E-09 8.8529E-09 1.2074E-08 1.5582E-08 1.9114E-08 2.2378E-08 2.5123E-08 2.7182E-08 2.8576E-08 2.9397E-08 2.9723E-08 2.9697E-08 2.9369E-08 2.8850E-08 2.8199E-08 2.7439E-08 2.6600E-08 2.5746E-08 2.4908E-08 2.4079E-08 2.3287E-08 2.2553E-08 2.1885E-08 2.1307E-08 2.0823E-08 2.0361E-08
0.0000E+00 0.0000E+00 0.0000E+00 0.0000E+00 0.0000E+00 0.0000E+00 0.0000E+00 0.0000E+00 0.0000E+00 0.0000E+00 0.0000E+00 0.0000E+00 0.0000E+00 0.0000E+00 0.0000E+00 0.0000E+00 0.0000E+00 0.0000E+00 0.0000E+00 0.0000E+00 0.0000E+00 0.0000E+00 0.0000E+00 2.9112E-11 1.1367E-10 2.3971E-10 5.2470E-10 9.8481E-10 1.6992E-09 3.1413E-09 5.2063E-09 7.9895E-09 1.1525E-08 1.5615E-08 1.9931E-08 2.4096E-08 2.7777E-08 3.0669E-08 3.2664E-08 3.3752E-08 3.4103E-08 3.3911E-08 3.3352E-08 3.2552E-08 3.1601E-08 3.0549E-08 2.9488E-08 2.8401E-08 2.7308E-08 2.6276E-08 2.5299E-08 2.4362E-08 2.3500E-08 2.2717E-08 2.2014E-08 2.1414E-08 2.0871E-08
0.0000E+00 0.0000E+00 0.0000E+00 0.0000E+00 0.0000E+00 0.0000E+00 0.0000E+00 0.0000E+00 0.0000E+00 0.0000E+00 0.0000E+00 0.0000E+00 0.0000E+00 0.0000E+00 0.0000E+00 0.0000E+00 0.0000E+00 0.0000E+00 0.0000E+00 0.0000E+00 0.0000E+00 0.0000E+00 0.0000E+00 3.3285E-11 1.2335E-10 2.7103E-10 6.1852E-10 1.1582E-09 2.2526E-09 4.1791E-09 6.8516E-09 1.0532E-08 1.5117E-08 2.0242E-08 2.5457E-08 3.0265E-08 3.4248E-08 3.7130E-08 3.8778E-08 3.9353E-08 3.9073E-08 3.8180E-08 3.6924E-08 3.5509E-08 3.4024E-08 3.2564E-08 3.1146E-08 2.9810E-08 2.8518E-08 2.7305E-08 2.6190E-08 2.5153E-08 2.4183E-08 2.3303E-08 2.2499E-08 2.1805E-08 2.1167E-08
0.0000E+00 0.0000E+00 0.0000E+00 0.0000E+00 0.0000E+00 0.0000E+00 0.0000E+00 0.0000E+00 0.0000E+00 0.0000E+00 0.0000E+00 0.0000E+00 0.0000E+00 0.0000E+00 0.0000E+00 0.0000E+00 0.0000E+00 0.0000E+00 0.0000E+00 0.0000E+00 0.0000E+00 0.0000E+00 0.0000E+00 3.5156E-11 1.2827E-10 3.0198E-10 7.0357E-10 1.3864E-09 3.1495E-09 5.5659E-09 9.2002E-09 1.4133E-08 2.0064E-08 2.6432E-08 3.2561E-08 3.7828E-08 4.1845E-08 4.4392E-08 4.5467E-08 4.5247E-08 4.4038E-08 4.2304E-08 4.0227E-08 3.8089E-08 3.6031E-08 3.4104E-08 3.2338E-08 3.0752E-08 2.9293E-08 2.7934E-08 2.6719E-08 2.5603E-08 2.4559E-08 2.3614E-08 2.2731E-08 2.1934E-08 2.1238E-08
0.0000E+00 0.0000E+00 0.0000E+00 0.0000E+00 0.0000E+00 0.0000E+00 0.0000E+00 0.0000E+00 0.0000E+00 0.0000E+00 0.0000E+00 0.0000E+00 0.0000E+00 0.0000E+00 0.0000E+00 0.0000E+00 0.0000E+00 0.0000E+00 0.0000E+00 0.0000E+00 0.0000E+00 0.0000E+00 0.0000E+00 3.4749E-11 1.2900E-10 3.2641E-10 8.0892E-10 2.0928E-09 4.2927E-09 7.6442E-09 1.2610E-08 1.9214E-08 2.6829E-08 3.4563E-08 4.1520E-08 4.6979E-08 5.0593E-08 5.2323E-08 5.2348E-08 5.1034E-08 4.8780E-08 4.5969E-08 4.3023E-08 4.0123E-08 3.7440E-08 3.5077E-08 3.2983E-08 3.1162E-08 2.9576E-08 2.8127E-08 2.6847E-08 2.5694E-08 2.4605E-08 2.3626E-08 2.2704E-08 2.1843E-08 2.1080E-08
0.0000E+00 0.0000E+00 0.0000E+00 0.0000E+00 0.0000E+00 0.0000E+00 0.0000E+00 0.0000E+00 0.0000E+00 0.0000E+00 0.0000E+00 0.0000E+00 0.0000E+00 0.0000E+00 0.0000E+00 0.0000E+00 0.0000E+00 0.0000E+00 0.0000E+00 0.0000E+00 0.0000E+00 0.0000E+00 0.0000E+00 3.2013E-11 1.2547E-10 3.4320E-10 9.3105E-10 2.9742E-09 5.9441E-09 1.0687E-08 1.7600E-08 2.6383E-08 3.6006E-08 4.5132E-08 5.2584E-08 5.7669E-08 6.0253E-08 6.0583E-08 5.9095E-08 5.6290E-08 5.2742E-08 4.8869E-08 4.5009E-08 4.1388E-08 3.8167E-08 3.5381E-08 3.3022E-08 3.1028E-08 2.9343E-08 2.7865E-08 2.6563E-08 2.5409E-08 2.4332E-08 2.3326E-08 2.2395E-08 2.1507E-08 2.0693E-08
0.0000E+00 0.0000E+00 0.0000E+00 0.0000E+00 0.0000E+00 0.0000E+00 0.0000E+00 0.0000E+00 0.0000E+00 0.0000E+00 0.0000E+00 0.0000E+00 0.0000E+00 0.0000E+00 0.0000E+00 0.0000E+00 0.0000E+00 0.0000E+00 0.0000E+00 0.0000E+00 0.0000E+00 0.0000E+00 0.0000E+00 2.6838E-11 1.1723E-10 3.5525E-10 1.3897E-09 4.1185E-09 8.3013E-09 1.5024E-08 2.4479E-08 3.5978E-08 4.7822E-08 5.8143E-08 6.5540E-08 6.9538E-08 7.0304E-08 6.8538E-08 6.5062E-08 6.0535E-08 5.5556E-08 5.0565E-08 4.5902E-08 4.1695E-08 3.8037E-08 3.4983E-08 3.2433E-08 3.0320E-08 2.8608E-08 2.7143E-08 2.5877E-08 2.4756E-08 2.3711E-08 2.2734E-08 2.1817E-08 2.0923E-08 2.0107E-08
0.0000E+00 0.0000E+00 0.0000E+00 0.0000E+00 0.0000E+00 0.0000E+00 0.0000E+00 0.0000E+00 0.0000E+00 0.0000E+00 0.0000E+00 0.0000E+00 0.0000E+00 0.0000E+00 0.0000E+00 0.0000E+00 0.0000E+00 0.0000E+00 0.0000E+00 0.0000E+00 0.0000E+00 0.0000E+00 0.0000E+00 2.0115E-11 1.0500E-10 3.4692E-10 2.3508E-09 5.6663E-09 1.1566E-08 2.0884E-08 3.3517E-08 4.8117E-08 6.2134E-08 7.3029E-08 7.9561E-08 8.1588E-08 7.9827E-08 7.5446E-08 6.9566E-08 6.3165E-08 5.6770E-08 5.0793E-08 4.5471E-08 4.0887E-08 3.7004E-08 3.3813E-08 3.1220E-08 2.9107E-08 2.7407E-08 2.6011E-08 2.4812E-08 2.3769E-08 2.2778E-08 2.1869E-08 2.0982E-08 2.0114E-08 1.9299E-08
0.0000E+00 0.0000E+00 0.0000E+00 0.0000E+00 0.0000E+00 0.0000E+00 0.0000E+00 0.0000E+00 0.0000E+00 0.0000E+00 0.0000E+00 0.0000E+00 0.0000E+00 0.0000E+00 0.0000E+00 0.0000E+00 0.0000E+00 0.0000E+00 0.0000E+00 0.0000E+00 0.0000E+00 0.0000E+00 0.0000E+00 1.4297E-11 8.8814E-11 5.1796E-10 3.3501E-09 7.8320E-09 1.5960E-08 2.8503E-08 4.4728E-08 6.2255E-08 7.7874E-08 8.8614E-08 9.3114E-08 9.2291E-08 8.7499E-08 8.0265E-08 7.2014E-08 6.3740E-08 5.6116E-08 4.9384E-08 4.3633E-08 3.8904E-08 3.5021E-08 3.1900E-08 2.9403E-08 2.7391E-08 2.5813E-08 2.4513E-08 2.3416E-08 2.2479E-08 2.1577E-08 2.0741E-08 1.9918E-08 1.9098E-08 1.8311E-08
0.0000E+00 0.0000E+00 0.0000E+00 0.0000E+00 0.0000E+00 0.0000E+00 0.0000E+00 0.0000E+00 0.0000E+00 0.0000E+00 0.0000E+00 0.0000E+00 0.0000E+00 0.0000E+00 0.0000E+00 0.0000E+00 0.0000E+00 0.0000E+00 0.0000E+00 0.0000E+00 0.0000E+00 0.0000E+00 0.0000E+00 9.0689E-12 6.9899E-11 9.1485E-10 4.5797E-09 1.0738E-08 2.1736E-08 3.7999E-08 5.7881E-08 7.7816E-08 9.3766E-08 1.0279E-07 1.0453E-07 1.0022E-07 9.2048E-08 8.2063E-08 7.1784E-08 6.2077E-08 5.3532E-08 4.6365E-08 4.0514E-08 3.5845E-08 3.2184E-08 2.9318E-08 2.7057E-08 2.5270E-08 2.3873E-08 2.2725E-08 2.1774E-08 2.0942E-08 2.0156E-08 1.9409E-08 1.8668E-08 1.7907E-08 1.7165E-08
0.0000E+00 0.0000E+00 0.0000E+00 0.0000E+00 0.0000E+00 0.0000E+00 0.0000E+00 0.0000E+00 0.0000E+00 0.0000E+00 0.0000E+00 0.0000E+00 0.0000E+00 0.0000E+00 0.0000E+00 0.0000E+00 0.0000E+00 0.0000E+00 0.0000E+00 0.0000E+00 0.0000E+00 0.0000E+00 0.0000E+00 3.8042E-12 4.7707E-11 2.1245E-09 6.1962E-09 1.4548E-08 2.8971E-08 4.9217E-08 7.2294E-08 9.3321E-08 1.0796E-07 1.1406E-07 1.1192E-07 1.0396E-07 9.2844E-08 8.0556E-08 6.8701E-08 5.8147E-08 4.9205E-08 4.1990E-08 3.6335E-08 3.1981E-08 2.8689E-08 2.6209E-08 2.4297E-08 2.2822E-08 2.1671E-08 2.0718E-08 1.9931E-08 1.9225E-08 1.8563E-08 1.7918E-08 1.7255E-08 1.6579E-08 1.5904E-08
0.0000E+00 0.0000E+00 0.0000E+00 0.0000E+00 0.0000E+00 0.0000E+00 0.0000E+00 0.0000E+00 0.0000E+00 0.0000E+00 0.0000E+00 0.0000E+00 0.0000E+00 0.0000E+00 0.0000E+00 0.0000E+00 0.0000E+00 0.0000E+00 0.0000E+00 0.0000E+00 0.0000E+00 0.0000E+00 0.0000E+00 0.0000E+00 1.1162E-10 2.8571E-09 8.2862E-09 1.9381E-08 3.7719E-08 6.1881E-08 8.7141E-08 1.0758E-07 1.1902E-07 1.2069E-07 1.1436E-07 1.0295E-07 8.9375E-08 7.5723E-08 6.3168E-08 5.2317E-08 4.3540E-08 3.6674E-08 3.1472E-08 2.7630E-08 2.4829E-08 2.2803E-08 2.1282E-08 2.0172E-08 1.9296E-08 1.8570E-08 1.7960E-08 1.7403E-08 1.6862E-08 1.6320E-08 1.5743E-08 1.5160E-08 1.4555E-08
0.0000E+00 0.0000E+00 0.0000E+00 0.0000E+00 0.0000E+00 0.0000E+00 0.0000E+00 0.0000E+00 0.0000E+00 0.0000E+00 0.0000E+00 0.0000E+00 0.0000E+00 0.0000E+00 0.0000E+00 0.0000E+00 0.0000E+00 0.0000E+00 0.0000E+00 0.0000E+00 0.0000E+00 0.0000E+00 0.0000E+00 0.0000E+00 3.9821E-10 3.7060E-09 1.0918E-08 2.5287E-08 4.7889E-08 7.5572E-08 1.0157E-07 1.1948E-07 1.2631E-07 1.2290E-07 1.1229E-07 9.7940E-08 8.2620E-08 6.8208E-08 5.5616E-08 4.5207E-08 3.7021E-08 3.0864E-08 2.6355E-08 2.3142E-08 2.0903E-08 1.9341E-08 1.8229E-08 1.7452E-08 1.6849E-08 1.6362E-08 1.5928E-08 1.5521E-08 1.5102E-08 1.4660E-08 1.4181E-08 1.3685E-08 1.3155E-08
0.0000E+00 0.0000E+00 0.0000E+00 0.0000E+00 0.0000E+00 0.0000E+00 0.0000E+00 0.0000E+00 0.0000E+00 0.0000E+00 0.0000E+00 0.0000E+00 0.0000E+00 0.0000E+00 0.0000E+00 0.0000E+00 0.0000E+00 0.0000E+00 0.0000E+00 0.0000E+00 0.0000E+00 0.0000E+00 0.0000E+00 0.0000E+00 1.0753E-09 4.9300E-09 1.4029E-08 3.2149E-08 5.9252E-08 8.9656E-08 1.1485E-07 1.2865E-07 1.2990E-07 1.2137E-07 1.0706E-07 9.0483E-08 7.4137E-08 5.9463E-08 4.7193E-08 3.7546E-08 3.0271E-08 2.4999E-08 2.1320E-08 1.8815E-08 1.7151E-08 1.6037E-08 1.5313E-08 1.4810E-08 1.4449E-08 1.4171E-08 1.3915E-08 1.3637E-08 1.3337E-08 1.2991E-08 1.2612E-08 1.2195E-08 1.1744E-08
0.0000E+00 0.0000E+00 0.0000E+00 0.0000E+00 0.0000E+00 0.0000E+00 0.0000E+00 0.0000E+00 0.0000E+00 0.0000E+00 0.0000E+00 0.0000E+00 0.0000E+00 0.0000E+00 0.0000E+00 0.0000E+00 0.0000E+00 0.0000E+00 0.0000E+00 0.0000E+00 0.0000E+00 0.0000E+00 0.0000E+00 0.0000E+00 8.0823E-10 5.5469E-09 1.6952E-08 3.9232E-08 7.1154E-08 1.0386E-07 1.2673E-07 1.3510E-07 1.3055E-07 1.1745E-07 1.0017E-07 8.1982E-08 6.5110E-08 5.0616E-08 3.9003E-08 3.0234E-08 2.3936E-08 1.9578E-08 1.6708E-08 1.4869E-08 1.3740E-08 1.3044E-08 1.2628E-08 1.2376E-08 1.2207E-08 1.2088E-08 1.1965E-08 1.1804E-08 1.1612E-08 1.1358E-08 1.1067E-08 1.0728E-08 1.0356E-08
0.0000E+00 0.0000E+00 0.0000E+00 0.0000E+00 0.0000E+00 0.0000E+00 0.0000E+00 0.0000E+00 0.0000E+00 0.0000E+00 0.0000E+00 0.0000E+00 0.0000E+00 0.0000E+00 0.0000E+00 0.0000E+00 0.0000E+00 0.0000E+00 0.0000E+00 0.0000E+00 0.0000E+00 0.0000E+00 0.0000E+00 0.0000E+00 5.6044E-10 5.4191E-09 1.9025E-08 4.7026E-08 8.5822E-08 1.2100E-07 1.4012E-07 1.4168E-07 1.3075E-07 1.1306E-07 9.3064E-08 7.3555E-08 5.6332E-08 4.2330E-08 3.1551E-08 2.3751E-08 1.8403E-08 1.4913E-08 1.2751E-08 1.1484E-08 1.0788E-08 1.0426E-08 1.0254E-08 1.0191E-08 1.0189E-08 1.0182E-08 1.0148E-08 1.0080E-08 9.9643E-09 9.7970E-09 9.5798E-09 9.3145E-09 9.0216E-09
0.0000E+00 0.0000E+00 0.0000E+00 0.0000E+00 0.0000E+00 0.0000E+00 0.0000E+00 0.0000E+00 0.0000E+00 0.0000E+00 0.0000E+00 0.0000E+00 0.0000E+00 0.0000E+00 0.0000E+00 0.0000E+00 0.0000E+00 0.0000E+00 0.0000E+00 0.0000E+00 0.0000E+00 0.0000E+00 0.0000E+00 0.0000E+00 3.7826E-10 4.5217E-09 2.0037E-08 5.4693E-08 1.0242E-07 1.4093E-07 1.5544E-07 1.4962E-07 1.3220E-07 1.1006E-07 8.7239E-08 6.6284E-08 4.8688E-08 3.5008E-08 2.5093E-08 1.8292E-08 1.3862E-08 1.1133E-08 9.5583E-09 8.7392E-09 8.3716E-09 8.2516E-09 8.2535E-09 8.3136E-09 8.4036E-09 8.4690E-09 8.5077E-09 8.4989E-09 8.4410E-09 8.3363E-09 8.1829E-09 7.9889E-09 7.7595E-09
0.0000E+00 0.0000E+00 0.0000E+00 0.0000E+00 0.0000E+00 0.0000E+00 0.0000E+00 0.0000E+00 0.0000E+00 0.0000E+00 0.0000E+00 0.0000E+00 0.0000E+00 0.0000E+00 0.0000E+00 0.0000E+00 0.0000E+00 0.0000E+00 0.0000E+00 0.0000E+00 0.0000E+00 0.0000E+00 0.0000E+00 0.0000E+00 3.7326E-10 3.7162E-09 1.9901E-08 6.3094E-08 1.2251E-07 1.6219E-07 1.6960E-07 1.5607E-07 1.3284E-07 1.0666E-07 8.1283E-08 5.9123E-08 4.1447E-08 2.8386E-08 1.9397E-08 1.3638E-08 1.0111E-08 8.1068E-09 7.0652E-09 6.5910E-09 6.4552E-09 6.4910E-09 6.6008E-09 6.7465E-09 6.8857E-09 6.9873E-09 7.0463E-09 7.0673E-09 7.0619E-09 7.0068E-09 6.9051E-09 6.7643E-09 6.5905E-09
0.0000E+00 0.0000E+00 0.0000E+00 0.0000E+00 0.0000E+00 0.0000E+00 0.0000E+00 0.0000E+00 0.0000E+00 0.0000E+00 0.0000E+00 0.0000E+00 0.0000E+00 0.0000E+00 0.0000E+00 0.0000E+00 0.0000E+00 0.0000E+00 0.0000E+00 0.0000E+00 0.0000E+00 0.0000E+00 0.0000E+00 0.0000E+00 1.6688E-10 1.9495E-09 1.8042E-08 7.1280E-08 1.4319E-07 1.8011E-07 1.8030E-07 1.6132E-07 1.3322E-07 1.0340E-07 7.5594E-08 5.2360E-08 3.4732E-08 2.2490E-08 1.4549E-08 9.7900E-09 7.1521E-09 5.7590E-09 5.1408E-09 4.9406E-09 4.9652E-09 5.0923E-09 5.2666E-09 5.4471E-09 5.5969E-09 5.7194E-09 5.7996E-09 5.8385E-09 5.8388E-09 5.8059E-09 5.7506E-09 5.6597E-09 5.5304E-09
0.0000E+00 0.0000E+00 0.0000E+00 0.0000E+00 0.0000E+00 0.0000E+00 0.0000E+00 0.0000E+00 0.0000E+00 0.0000E+00 0.0000E+00 0.0000E+00 0.0000E+00 0.0000E+00 0.0000E+00 0.0000E+00 0.0000E+00 0.0000E+00 0.0000E+00 0.0000E+00 0.0000E+00 0.0000E+00 0.0000E+00 0.0000E+00 4.3349E-11 9.6700E-10 1.4367E-08 8.0905E-08 1.6956E-07 1.9987E-07 1.8943E-07 1.6718E-07 1.3355E-07 9.9347E-08 6.9128E-08 4.5250E-08 2.8264E-08 1.7222E-08 1.0546E-08 6.8294E-09 4.9096E-09 4.0136E-09 3.7132E-09 3.7077E-09 3.8338E-09 4.0053E-09 4.2095E-09 4.3879E-09 4.5328E-09 4.6480E-09 4.7365E-09 4.7889E-09 4.8032E-09 4.7858E-09 4.7406E-09 4.6676E-09 4.5785E-09
