Assets/Resources/2015_m01_d25_1000(utc+0800)_l00_csi_1hr_conc.grd
DSAA
         159         159
     -79.000      79.000
     -79.000      79.000
  0.0000E+00  0.2925E-05
[rows 0 to 24 of 159, columns 57 to 113 of 159]
0.0000E+00 0.0000E+00 0.0000E+00 0.0000E+00 0.0000E+00 0.0000E+00 0.0000E+00 0.0000E+00 1.7318E-11 4.3127E-11 8.4880E-11 1.3775E-10 2.0123E-10 2.8371E-10 3.8233E-10 4.9903E-10 6.4290E-10 8.1595E-10 1.0227E-09 1.2661E-09 1.5515E-09 1.8816E-09 2.2575E-09 2.6814E-09 3.1490E-09 3.6560E-09 4.1968E-09 4.7647E-09 5.3512E-09 5.9452E-09 6.5338E-09 7.1040E-09 7.6446E-09 8.1378E-09 8.5645E-09 8.9113E-09 9.1704E-09 9.3342E-09 9.3965E-09 9.3559E-09 9.2169E-09 8.9820E-09 8.6580E-09 8.2539E-09 7.7890E-09 7.2732E-09 6.7190E-09 6.1432E-09 5.5576E-09 4.9778E-09 4.4118E-09 3.8714E-09 3.3641E-09 2.8923E-09 2.4618E-09 2.0752E-09 1.7291E-09
0.0000E+00 0.0000E+00 0.0000E+00 0.0000E+00 0.0000E+00 0.0000E+00 0.0000E+00 0.0000E+00 1.5252E-11 4.1153E-11 8.2242E-11 1.3590E-10 2.0033E-10 2.8533E-10 3.8871E-10 5.1030E-10 6.6107E-10 8.4365E-10 1.0611E-09 1.3198E-09 1.6245E-09 1.9784E-09 2.3844E-09 2.8408E-09 3.3451E-09 3.8943E-09 4.4830E-09 5.1044E-09 5.7487E-09 6.4071E-09 7.0656E-09 7.7054E-09 8.3056E-09 8.8509E-09 9.3263E-09 9.7197E-09 1.0018E-08 1.0211E-08 1.0290E-08 1.0254E-08 1.0105E-08 9.8487E-09 9.4935E-09 9.0494E-09 8.5330E-09 7.9626E-09 7.3486E-09 6.7133E-09 6.0654E-09 5.4237E-09 4.8023E-09 4.2065E-09 3.6435E-09 3.1290E-09 2.6575E-09 2.2324E-09 1.8594E-09
0.0000E+00 0.0000E+00 0.0000E+00 0.0000E+00 0.0000E+00 0.0000E+00 0.0000E+00 0.0000E+00 1.1039E-11 3.6333E-11 7.7442E-11 1.3053E-10 1.9543E-10 2.8213E-10 3.8905E-10 5.1517E-10 6.7178E-10 8.6180E-10 1.0899E-09 1.3625E-09 1.6851E-09 2.0620E-09 2.4936E-09 2.9797E-09 3.5192E-09 4.1090E-09 4.7457E-09 5.4239E-09 6.1335E-09 6.8578E-09 7.5797E-09 8.2804E-09 8.9454E-09 9.5578E-09 1.0096E-08 1.0539E-08 1.0876E-08 1.1095E-08 1.1190E-08 1.1159E-08 1.1002E-08 1.0724E-08 1.0338E-08 9.8556E-09 9.2911E-09 8.6582E-09 7.9863E-09 7.2878E-09 6.5746E-09 5.8736E-09 5.1911E-09 4.5369E-09 3.9276E-09 3.3617E-09 2.8482E-09 2.3895E-09 1.9805E-09
0.0000E+00 0.0000E+00 0.0000E+00 0.0000E+00 0.0000E+00 0.0000E+00 0.0000E+00 0.0000E+00 9.4433E-12 3.2051E-11 7.0083E-11 1.2332E-10 1.8864E-10 2.7586E-10 3.8488E-10 5.1447E-10 6.7549E-10 8.7161E-10 1.1087E-09 1.3939E-09 1.7324E-09 2.1283E-09 2.5834E-09 3.0968E-09 3.6695E-09 4.3021E-09 4.9909E-09 5.7258E-09 6.4940E-09 7.2809E-09 8.0722E-09 8.8493E-09 9.5858E-09 1.0259E-08 1.0852E-08 1.1347E-08 1.1729E-08 1.1983E-08 1.2100E-08 1.2075E-08 1.1911E-08 1.1611E-08 1.1193E-08 1.0669E-08 1.0051E-08 9.3678E-09 8.6333E-09 7.8627E-09 7.0898E-09 6.3229E-09 5.5742E-09 4.8674E-09 4.2035E-09 3.5909E-09 3.0360E-09 2.5405E-09 2.1013E-09
0.0000E+00 0.0000E+00 0.0000E+00 0.0000E+00 0.0000E+00 0.0000E+00 0.0000E+00 0.0000E+00 7.5256E-12 2.9393E-11 6.4755E-11 1.1443E-10 1.7984E-10 2.6656E-10 3.7641E-10 5.0864E-10 6.7188E-10 8.7269E-10 1.1169E-09 1.4130E-09 1.7639E-09 2.1763E-09 2.6515E-09 3.1909E-09 3.7989E-09 4.4750E-09 5.2113E-09 6.0012E-09 6.8330E-09 7.6901E-09 8.5505E-09 9.3936E-09 1.0198E-08 1.0944E-08 1.1608E-08 1.2163E-08 1.2590E-08 1.2877E-08 1.3013E-08 1.2997E-08 1.2828E-08 1.2513E-08 1.2064E-08 1.1491E-08 1.0823E-08 1.0080E-08 9.2791E-09 8.4465E-09 7.6038E-09 6.7700E-09 5.9609E-09 5.1934E-09 4.4753E-09 3.8139E-09 3.2165E-09 2.6829E-09 2.2152E-09
0.0000E+00 0.0000E+00 0.0000E+00 0.0000E+00 0.0000E+00 0.0000E+00 0.0000E+00 0.0000E+00 2.2980E-12 2.5653E-11 5.9081E-11 1.0614E-10 1.6928E-10 2.5446E-10 3.6360E-10 4.9670E-10 6.6008E-10 8.6415E-10 1.1140E-09 1.4164E-09 1.7770E-09 2.2021E-09 2.6952E-09 3.2609E-09 3.9027E-09 4.6189E-09 5.4054E-09 6.2530E-09 7.1452E-09 8.0664E-09 9.0007E-09 9.9253E-09 1.0812E-08 1.1629E-08 1.2356E-08 1.2969E-08 1.3449E-08 1.3777E-08 1.3942E-08 1.3933E-08 1.3760E-08 1.3426E-08 1.2944E-08 1.2328E-08 1.1607E-08 1.0797E-08 9.9280E-09 9.0295E-09 8.1166E-09 7.2091E-09 6.3382E-09 5.5098E-09 4.7356E-09 4.0289E-09 3.3885E-09 2.8176E-09 2.3172E-09
0.0000E+00 0.0000E+00 0.0000E+00 0.0000E+00 0.0000E+00 0.0000E+00 0.0000E+00 0.0000E+00 8.9816E-13 1.6513E-11 5.0207E-11 9.6900E-11 1.5668E-10 2.3893E-10 3.4591E-10 4.7782E-10 6.4013E-10 8.4452E-10 1.0968E-09 1.4024E-09 1.7689E-09 2.2051E-09 2.7153E-09 3.3042E-09 3.9773E-09 4.7338E-09 5.5663E-09 6.4669E-09 7.4242E-09 8.4202E-09 9.4297E-09 1.0428E-08 1.1387E-08 1.2285E-08 1.3090E-08 1.3773E-08 1.4308E-08 1.4677E-08 1.4868E-08 1.4874E-08 1.4697E-08 1.4340E-08 1.3821E-08 1.3162E-08 1.2385E-08 1.1510E-08 1.0575E-08 9.6020E-09 8.6167E-09 7.6453E-09 6.7061E-09 5.8160E-09 4.9871E-09 4.2303E-09 3.5496E-09 2.9438E-09 2.4097E-09
0.0000E+00 0.0000E+00 0.0000E+00 0.0000E+00 0.0000E+00 0.0000E+00 0.0000E+00 0.0000E+00 4.0187E-13 6.2988E-12 3.8143E-11 8.4398E-11 1.4272E-10 2.2087E-10 3.2426E-10 4.5326E-10 6.1227E-10 8.1392E-10 1.0658E-09 1.3715E-09 1.7407E-09 2.1855E-09 2.7098E-09 3.3196E-09 4.0217E-09 4.8136E-09 5.6930E-09 6.6501E-09 7.6689E-09 8.7311E-09 9.8178E-09 1.0903E-08 1.1955E-08 1.2934E-08 1.3813E-08 1.4561E-08 1.5155E-08 1.5567E-08 1.5789E-08 1.5811E-08 1.5631E-08 1.5255E-08 1.4703E-08 1.3996E-08 1.3158E-08 1.2219E-08 1.1215E-08 1.0164E-08 9.1050E-09 8.0659E-09 7.0604E-09 6.1075E-09 5.2275E-09 4.4206E-09 3.6976E-09 3.0584E-09 2.4934E-09
0.0000E+00 0.0000E+00 0.0000E+00 0.0000E+00 0.0000E+00 0.0000E+00 0.0000E+00 0.0000E+00 0.0000E+00 4.4236E-12 2.0547E-11 6.8072E-11 1.2592E-10 2.0073E-10 2.9884E-10 4.2335E-10 5.7717E-10 7.7368E-10 1.0221E-09 1.3251E-09 1.6945E-09 2.1453E-09 2.6800E-09 3.3066E-09 4.0337E-09 4.8613E-09 5.7822E-09 6.7905E-09 7.8747E-09 9.0159E-09 1.0185E-08 1.1351E-08 1.2483E-08 1.3550E-08 1.4514E-08 1.5341E-08 1.5997E-08 1.6459E-08 1.6712E-08 1.6745E-08 1.6560E-08 1.6162E-08 1.5575E-08 1.4817E-08 1.3917E-08 1.2914E-08 1.1834E-08 1.0709E-08 9.5803E-09 8.4664E-09 7.3947E-09 6.3831E-09 5.4461E-09 4.5967E-09 3.8324E-09 3.1603E-09 2.5658E-09
0.0000E+00 0.0000E+00 0.0000E+00 0.0000E+00 0.0000E+00 0.0000E+00 0.0000E+00 0.0000E+00 0.0000E+00 2.5593E-12 9.6878E-12 4.6198E-11 1.0372E-10 1.7943E-10 2.7096E-10 3.8940E-10 5.3601E-10 7.2409E-10 9.6587E-10 1.2645E-09 1.6316E-09 2.0844E-09 2.6277E-09 3.2686E-09 4.0175E-09 4.8736E-09 5.8370E-09 6.9007E-09 8.0476E-09 9.2579E-09 1.0507E-08 1.1768E-08 1.3001E-08 1.4162E-08 1.5210E-08 1.6110E-08 1.6831E-08 1.7343E-08 1.7627E-08 1.7672E-08 1.7478E-08 1.7060E-08 1.6432E-08 1.5618E-08 1.4657E-08 1.3580E-08 1.2425E-08 1.1228E-08 1.0027E-08 8.8429E-09 7.7050E-09 6.6391E-09 5.6479E-09 4.7516E-09 3.9521E-09 3.2452E-09 2.6296E-09
0.0000E+00 0.0000E+00 0.0000E+00 0.0000E+00 0.0000E+00 0.0000E+00 0.0000E+00 0.0000E+00 0.0000E+00 9.5121E-13 6.9898E-12 1.9043E-11 7.6880E-11 1.5116E-10 2.4133E-10 3.5193E-10 4.8960E-10 6.6744E-10 8.9941E-10 1.1903E-09 1.5540E-09 2.0068E-09 2.5544E-09 3.2061E-09 3.9730E-09 4.8593E-09 5.8610E-09 6.9733E-09 8.1860E-09 9.4787E-09 1.0820E-08 1.2171E-08 1.3493E-08 1.4746E-08 1.5888E-08 1.6872E-08 1.7661E-08 1.8224E-08 1.8538E-08 1.8595E-08 1.8391E-08 1.7943E-08 1.7269E-08 1.6400E-08 1.5373E-08 1.4224E-08 1.2991E-08 1.1720E-08 1.0441E-08 9.1879E-09 7.9888E-09 6.8627E-09 5.8292E-09 4.8871E-09 4.0535E-09 3.3175E-09 2.6751E-09
0.0000E+00 0.0000E+00 0.0000E+00 0.0000E+00 0.0000E+00 0.0000E+00 0.0000E+00 0.0000E+00 0.0000E+00 0.0000E+00 3.6372E-12 1.2233E-11 4.5239E-11 1.1781E-10 2.1085E-10 3.1267E-10 4.3981E-10 6.0548E-10 8.2454E-10 1.1079E-09 1.4645E-09 1.9123E-09 2.4622E-09 3.1226E-09 3.9054E-09 4.8153E-09 5.8567E-09 7.0248E-09 8.3025E-09 9.6680E-09 1.1092E-08 1.2542E-08 1.3973E-08 1.5332E-08 1.6567E-08 1.7633E-08 1.8488E-08 1.9098E-08 1.9438E-08 1.9503E-08 1.9290E-08 1.8813E-08 1.8086E-08 1.7161E-08 1.6064E-08 1.4836E-08 1.3528E-08 1.2181E-08 1.0827E-08 9.5047E-09 8.2451E-09 7.0612E-09 5.9789E-09 5.0016E-09 4.1314E-09 3.3749E-09 2.7097E-09
0.0000E+00 0.0000E+00 0.0000E+00 0.0000E+00 0.0000E+00 0.0000E+00 0.0000E+00 0.0000E+00 0.0000E+00 0.0000E+00 1.2213E-12 8.1584E-12 1.7672E-11 7.7471E-11 1.6751E-10 2.7262E-10 3.8774E-10 5.3979E-10 7.4473E-10 1.0165E-09 1.3641E-09 1.8066E-09 2.3574E-09 3.0224E-09 3.8180E-09 4.7545E-09 5.8323E-09 7.0474E-09 8.3912E-09 9.8425E-09 1.1369E-08 1.2921E-08 1.4450E-08 1.5906E-08 1.7236E-08 1.8387E-08 1.9311E-08 1.9972E-08 2.0339E-08 2.0410E-08 2.0181E-08 1.9665E-08 1.8891E-08 1.7898E-08 1.6724E-08 1.5419E-08 1.4031E-08 1.2601E-08 1.1177E-08 9.7873E-09 8.4654E-09 7.2370E-09 6.1048E-09 5.0931E-09 4.1930E-09 3.4081E-09 2.7345E-09
0.0000E+00 0.0000E+00 0.0000E+00 0.0000E+00 0.0000E+00 0.0000E+00 0.0000E+00 0.0000E+00 0.0000E+00 0.0000E+00 0.0000E+00 3.8421E-12 1.2939E-11 3.7450E-11 1.1991E-10 2.2799E-10 3.3573E-10 4.7264E-10 6.6203E-10 9.2300E-10 1.2609E-09 1.6961E-09 2.2438E-09 2.9126E-09 3.7200E-09 4.6767E-09 5.7920E-09 7.0666E-09 8.4837E-09 1.0017E-08 1.1628E-08 1.3277E-08 1.4911E-08 1.6473E-08 1.7900E-08 1.9136E-08 2.0129E-08 2.0837E-08 2.1234E-08 2.1306E-08 2.1056E-08 2.0496E-08 1.9667E-08 1.8605E-08 1.7353E-08 1.5965E-08 1.4496E-08 1.2988E-08 1.1485E-08 1.0033E-08 8.6525E-09 7.3720E-09 6.2052E-09 5.1564E-09 4.2348E-09 3.4264E-09 2.7392E-09
0.0000E+00 0.0000E+00 0.0000E+00 0.0000E+00 0.0000E+00 0.0000E+00 0.0000E+00 0.0000E+00 0.0000E+00 0.0000E+00 0.0000E+00 7.7371E-13 7.7627E-12 1.7830E-11 6.8620E-11 1.7034E-10 2.8509E-10 4.0651E-10 5.8129E-10 8.2972E-10 1.1569E-09 1.5836E-09 2.1300E-09 2.7990E-09 3.6164E-09 4.6020E-09 5.7607E-09 7.0871E-09 8.5658E-09 1.0175E-08 1.1882E-08 1.3636E-08 1.5376E-08 1.7041E-08 1.8565E-08 1.9883E-08 2.0941E-08 2.1693E-08 2.2109E-08 2.2177E-08 2.1900E-08 2.1298E-08 2.0407E-08 1.9268E-08 1.7936E-08 1.6467E-08 1.4912E-08 1.3328E-08 1.1756E-08 1.0237E-08 8.8063E-09 7.4754E-09 6.2733E-09 5.1953E-09 4.2480E-09 3.4285E-09 2.7272E-09
0.0000E+00 0.0000E+00 0.0000E+00 0.0000E+00 0.0000E+00 0.0000E+00 0.0000E+00 0.0000E+00 0.0000E+00 0.0000E+00 0.0000E+00 0.0000E+00 2.5027E-12 1.1981E-11 2.2784E-11 1.0693E-10 2.2020E-10 3.4330E-10 5.0167E-10 7.3922E-10 1.0546E-09 1.4743E-09 2.0170E-09 2.6913E-09 3.5251E-09 4.5336E-09 5.7246E-09 7.1004E-09 8.6485E-09 1.0342E-08 1.2140E-08 1.3995E-08 1.5842E-08 1.7611E-08 1.9228E-08 2.0625E-08 2.1742E-08 2.2530E-08 2.2959E-08 2.3016E-08 2.2704E-08 2.2053E-08 2.1095E-08 1.9880E-08 1.8464E-08 1.6912E-08 1.5278E-08 1.3612E-08 1.1976E-08 1.0396E-08 8.9122E-09 7.5470E-09 6.3055E-09 5.2074E-09 4.2411E-09 3.4076E-09 2.7041E-09
0.0000E+00 0.0000E+00 0.0000E+00 0.0000E+00 0.0000E+00 0.0000E+00 0.0000E+00 0.0000E+00 0.0000E+00 0.0000E+00 0.0000E+00 0.0000E+00 0.0000E+00 4.9972E-12 1.6085E-11 5.0979E-11 1.4517E-10 2.7801E-10 4.2898E-10 6.5206E-10 9.5703E-10 1.3686E-09 1.9125E-09 2.5924E-09 3.4378E-09 4.4721E-09 5.7037E-09 7.1290E-09 8.7404E-09 1.0516E-08 1.2411E-08 1.4368E-08 1.6317E-08 1.8183E-08 1.9888E-08 2.1358E-08 2.2526E-08 2.3342E-08 2.3775E-08 2.3810E-08 2.3460E-08 2.2750E-08 2.1720E-08 2.0424E-08 1.8928E-08 1.7290E-08 1.5575E-08 1.3842E-08 1.2136E-08 1.0507E-08 8.9750E-09 7.5725E-09 6.3069E-09 5.1851E-09 4.2093E-09 3.3651E-09 2.6638E-09
0.0000E+00 0.0000E+00 0.0000E+00 0.0000E+00 0.0000E+00 0.0000E+00 0.0000E+00 0.0000E+00 0.0000E+00 0.0000E+00 0.0000E+00 0.0000E+00 0.0000E+00 2.6642E-13 7.9958E-12 1.9429E-11 8.0450E-11 1.9053E-10 3.6018E-10 5.7622E-10 8.7344E-10 1.2793E-09 1.8219E-09 2.5049E-09 3.3640E-09 4.4194E-09 5.6841E-09 7.1649E-09 8.8490E-09 1.0704E-08 1.2688E-08 1.4740E-08 1.6786E-08 1.8744E-08 2.0529E-08 2.2061E-08 2.3271E-08 2.4106E-08 2.4532E-08 2.4541E-08 2.4143E-08 2.3366E-08 2.2260E-08 2.0887E-08 1.9307E-08 1.7590E-08 1.5801E-08 1.4001E-08 1.2238E-08 1.0558E-08 8.9931E-09 7.5562E-09 6.2727E-09 5.1359E-09 4.1502E-09 3.3083E-09 2.6038E-09
0.0000E+00 0.0000E+00 0.0000E+00 0.0000E+00 0.0000E+00 0.0000E+00 0.0000E+00 0.0000E+00 0.0000E+00 0.0000E+00 0.0000E+00 0.0000E+00 0.0000E+00 0.0000E+00 7.7957E-13 1.1197E-11 3.0605E-11 1.1347E-10 2.7885E-10 5.0747E-10 8.0251E-10 1.2089E-09 1.7504E-09 2.4378E-09 3.3090E-09 4.3909E-09 5.6987E-09 7.2340E-09 8.9859E-09 1.0925E-08 1.3001E-08 1.5143E-08 1.7273E-08 1.9309E-08 2.1162E-08 2.2744E-08 2.3982E-08 2.4821E-08 2.5227E-08 2.5197E-08 2.4742E-08 2.3895E-08 2.2713E-08 2.1257E-08 1.9597E-08 1.7803E-08 1.5946E-08 1.4084E-08 1.2273E-08 1.0552E-08 8.9558E-09 7.5004E-09 6.1996E-09 5.0581E-09 4.0688E-09 3.2321E-09 2.5333E-09
0.0000E+00 0.0000E+00 0.0000E+00 0.0000E+00 0.0000E+00 0.0000E+00 0.0000E+00 0.0000E+00 0.0000E+00 0.0000E+00 0.0000E+00 0.0000E+00 0.0000E+00 0.0000E+00 0.0000E+00 1.2876E-12 1.3974E-11 5.8061E-11 1.9731E-10 4.3807E-10 7.4568E-10 1.1534E-09 1.6965E-09 2.3943E-09 3.2831E-09 4.3883E-09 5.7336E-09 7.3255E-09 9.1492E-09 1.1168E-08 1.3331E-08 1.5565E-08 1.7783E-08 1.9890E-08 2.1789E-08 2.3391E-08 2.4625E-08 2.5451E-08 2.5829E-08 2.5749E-08 2.5227E-08 2.4308E-08 2.3048E-08 2.1511E-08 1.9774E-08 1.7915E-08 1.5998E-08 1.4085E-08 1.2235E-08 1.0485E-08 8.8645E-09 7.3992E-09 6.0912E-09 4.9509E-09 3.9671E-09 3.1349E-09 2.4506E-09
0.0000E+00 0.0000E+00 0.0000E+00 0.0000E+00 0.0000E+00 0.0000E+00 0.0000E+00 0.0000E+00 0.0000E+00 0.0000E+00 0.0000E+00 0.0000E+00 0.0000E+00 0.0000E+00 0.0000E+00 0.0000E+00 1.5254E-12 2.6850E-11 1.4274E-10 3.6348E-10 6.8958E-10 1.1130E-09 1.6642E-09 2.3738E-09 3.2825E-09 4.4224E-09 5.8118E-09 7.4556E-09 9.3419E-09 1.1437E-08 1.3681E-08 1.5996E-08 1.8291E-08 2.0463E-08 2.2409E-08 2.4037E-08 2.5269E-08 2.6053E-08 2.6364E-08 2.6199E-08 2.5593E-08 2.4594E-08 2.3255E-08 2.1644E-08 1.9838E-08 1.7917E-08 1.5951E-08 1.4000E-08 1.2119E-08 1.0352E-08 8.7213E-09 7.2515E-09 5.9493E-09 4.8151E-09 3.8442E-09 3.0244E-09 2.3513E-09
0.0000E+00 0.0000E+00 0.0000E+00 0.0000E+00 0.0000E+00 0.0000E+00 0.0000E+00 0.0000E+00 0.0000E+00 0.0000E+00 0.0000E+00 0.0000E+00 0.0000E+00 0.0000E+00 0.0000E+00 0.0000E+00 0.0000E+00 1.8447E-11 1.1524E-10 3.1400E-10 6.4115E-10 1.0796E-09 1.6566E-09 2.3877E-09 3.3167E-09 4.4822E-09 5.9136E-09 7.6134E-09 9.5615E-09 1.1721E-08 1.4032E-08 1.6411E-08 1.8762E-08 2.0978E-08 2.2952E-08 2.4589E-08 2.5812E-08 2.6563E-08 2.6818E-08 2.6580E-08 2.5887E-08 2.4787E-08 2.3346E-08 2.1646E-08 1.9775E-08 1.7803E-08 1.5799E-08 1.3825E-08 1.1927E-08 1.0151E-08 8.5245E-09 7.0607E-09 5.7746E-09 4.6522E-09 3.6970E-09 2.9018E-09 2.2397E-09
0.0000E+00 0.0000E+00 0.0000E+00 0.0000E+00 0.0000E+00 0.0000E+00 0.0000E+00 0.0000E+00 0.0000E+00 0.0000E+00 0.0000E+00 0.0000E+00 0.0000E+00 0.0000E+00 0.0000E+00 0.0000E+00 0.0000E+00 2.3440E-11 1.0675E-10 2.9239E-10 6.0822E-10 1.0666E-09 1.6585E-09 2.4228E-09 3.3891E-09 4.5974E-09 6.0704E-09 7.8139E-09 9.8157E-09 1.2032E-08 1.4398E-08 1.6825E-08 1.9211E-08 2.1446E-08 2.3421E-08 2.5037E-08 2.6222E-08 2.6922E-08 2.7113E-08 2.6807E-08 2.6034E-08 2.4853E-08 2.3335E-08 2.1566E-08 1.9628E-08 1.7601E-08 1.5556E-08 1.3560E-08 1.1659E-08 9.8866E-09 8.2762E-09 6.8290E-09 5.5618E-09 4.4663E-09 3.5326E-09 2.7599E-09 2.1212E-09
0.0000E+00 0.0000E+00 0.0000E+00 0.0000E+00 0.0000E+00 0.0000E+00 0.0000E+00 0.0000E+00 0.0000E+00 0.0000E+00 0.0000E+00 0.0000E+00 0.0000E+00 0.0000E+00 0.0000E+00 0.0000E+00 0.0000E+00 2.7349E-11 1.2248E-10 2.9570E-10 6.0391E-10 1.0673E-09 1.6873E-09 2.4845E-09 3.4913E-09 4.7403E-09 6.2636E-09 8.0621E-09 1.0111E-08 1.2369E-08 1.4769E-08 1.7220E-08 1.9618E-08 2.1849E-08 2.3800E-08 2.5376E-08 2.6501E-08 2.7126E-08 2.7235E-08 2.6846E-08 2.5992E-08 2.4734E-08 2.3155E-08 2.1333E-08 1.9351E-08 1.7296E-08 1.5234E-08 1.3227E-08 1.1332E-08 9.5725E-09 7.9775E-09 6.5608E-09 5.3183E-09 4.2559E-09 3.3514E-09 2.6033E-09 1.9977E-09
0.0000E+00 0.0000E+00 0.0000E+00 0.0000E+00 0.0000E+00 0.0000E+00 0.0000E+00 0.0000E+00 0.0000E+00 0.0000E+00 0.0000E+00 0.0000E+00 0.0000E+00 0.0000E+00 0.0000E+00 0.0000E+00 1.0710E-12 3.4803E-11 1.4108E-10 3.2933E-10 6.2419E-10 1.0890E-09 1.7339E-09 2.5686E-09 3.6282E-09 4.9354E-09 6.5131E-09 8.3583E-09 1.0450E-08 1.2746E-08 1.5167E-08 1.7621E-08 2.0001E-08 2.2194E-08 2.4090E-08 2.5600E-08 2.6645E-08 2.7179E-08 2.7196E-08 2.6710E-08 2.5773E-08 2.4446E-08 2.2807E-08 2.0941E-08 1.8932E-08 1.6861E-08 1.4803E-08 1.2811E-08 1.0933E-08 9.2026E-09 7.6370E-09 6.2600E-09 5.0521E-09 4.0192E-09 3.1577E-09 2.4417E-09 1.8643E-09
