Assets/Resources/2015_m01_d01_1900(utc+0800)_l00_csi_1hr_conc.grd
DSAA
         159         159
     -79.000      79.000
     -79.000      79.000
  0.0000E+00  0.2601E-04
[rows 50 to 74 of 159, columns 57 to 113 of 159]
0.0000E+00 0.0000E+00 0.0000E+00 0.0000E+00 0.0000E+00 0.0000E+00 0.0000E+00 0.0000E+00 0.0000E+00 0.0000E+00 0.0000E+00 0.0000E+00 0.0000E+00 0.0000E+00 0.0000E+00 0.0000E+00 0.0000E+00 0.0000E+00 0.0000E+00 0.0000E+00 0.0000E+00 0.0000E+00 0.0000E+00 0.0000E+00 0.0000E+00 0.0000E+00 0.0000E+00 0.0000E+00 0.0000E+00 2.7131E-12 9.1468E-12 1.8858E-11 2.9975E-11 4.2418E-11 7.0288E-11 1.0279E-10 1.2652E-10 1.5513E-10 2.0337E-10 2.5502E-10 3.1123E-10 3.8023E-10 4.4579E-10 5.1319E-10 5.8599E-10 6.6275E-10 7.4680E-10 8.3657E-10 9.4041E-10 1.0552E-09 1.1895E-09 1.3518E-09 1.4990E-09 1.6494E-09 1.8065E-09 1.9781E-09 2.1612E-09
0.0000E+00 0.0000E+00 0.0000E+00 0.0000E+00 0.0000E+00 0.0000E+00 0.0000E+00 0.0000E+00 0.0000E+00 0.0000E+00 0.0000E+00 0.0000E+00 0.0000E+00 0.0000E+00 0.0000E+00 0.0000E+00 0.0000E+00 0.0000E+00 0.0000E+00 0.0000E+00 0.0000E+00 0.0000E+00 0.0000E+00 0.0000E+00 0.0000E+00 0.0000E+00 0.0000E+00 0.0000E+00 4.1624E-13 4.1360E-12 1.1238E-11 2.1820E-11 3.2413E-11 5.8929E-11 7.3935E-11 1.0911E-10 1.3411E-10 1.7341E-10 2.3122E-10 2.9119E-10 3.5478E-10 4.2528E-10 4.9222E-10 5.6709E-10 6.4461E-10 7.2931E-10 8.1986E-10 9.1926E-10 1.0340E-09 1.1780E-09 1.3514E-09 1.5020E-09 1.6598E-09 1.8248E-09 2.0023E-09 2.1889E-09 2.3786E-09
0.0000E+00 0.0000E+00 0.0000E+00 0.0000E+00 0.0000E+00 0.0000E+00 0.0000E+00 0.0000E+00 0.0000E+00 0.0000E+00 0.0000E+00 0.0000E+00 0.0000E+00 0.0000E+00 0.0000E+00 0.0000E+00 0.0000E+00 0.0000E+00 0.0000E+00 0.0000E+00 0.0000E+00 0.0000E+00 0.0000E+00 0.0000E+00 0.0000E+00 0.0000E+00 0.0000E+00 0.0000E+00 1.3846E-12 5.8843E-12 1.3074E-11 2.4657E-11 4.1113E-11 6.2515E-11 9.5446E-11 1.1857E-10 1.5016E-10 2.0997E-10 2.7366E-10 3.4129E-10 4.0443E-10 4.7353E-10 5.4577E-10 6.2287E-10 7.0760E-10 8.0009E-10 8.9940E-10 1.0158E-09 1.1711E-09 1.3463E-09 1.5064E-09 1.6677E-09 1.8421E-09 2.0221E-09 2.2085E-09 2.4022E-09 2.6279E-09
0.0000E+00 0.0000E+00 0.0000E+00 0.0000E+00 0.0000E+00 0.0000E+00 0.0000E+00 0.0000E+00 0.0000E+00 0.0000E+00 0.0000E+00 0.0000E+00 0.0000E+00 0.0000E+00 0.0000E+00 0.0000E+00 0.0000E+00 0.0000E+00 0.0000E+00 0.0000E+00 0.0000E+00 0.0000E+00 0.0000E+00 0.0000E+00 0.0000E+00 0.0000E+00 0.0000E+00 1.9818E-13 2.4731E-12 7.3081E-12 1.6193E-11 2.7040E-11 5.1089E-11 8.2182E-11 1.0377E-10 1.4327E-10 1.8796E-10 2.5603E-10 3.2492E-10 3.9128E-10 4.6683E-10 5.3991E-10 6.1678E-10 7.0187E-10 7.9286E-10 8.9117E-10 1.0091E-09 1.1760E-09 1.3447E-09 1.5111E-09 1.6801E-09 1.8573E-09 2.0936E-09 2.3887E-09 2.6522E-09 2.8031E-09 2.8924E-09
0.0000E+00 0.0000E+00 0.0000E+00 0.0000E+00 0.0000E+00 0.0000E+00 0.0000E+00 0.0000E+00 0.0000E+00 0.0000E+00 0.0000E+00 0.0000E+00 0.0000E+00 0.0000E+00 0.0000E+00 0.0000E+00 0.0000E+00 0.0000E+00 0.0000E+00 0.0000E+00 0.0000E+00 0.0000E+00 0.0000E+00 0.0000E+00 0.0000E+00 0.0000E+00 0.0000E+00 8.1544E-13 3.9268E-12 8.9273E-12 1.8931E-11 3.8016E-11 6.7989E-11 9.5222E-11 1.3187E-10 1.8465E-10 2.4555E-10 3.1707E-10 3.8227E-10 4.5512E-10 5.3180E-10 6.1099E-10 6.9410E-10 7.8551E-10 8.8538E-10 1.0094E-09 1.1781E-09 1.3463E-09 1.5206E-09 1.6958E-09 2.0239E-09 2.4032E-09 2.7146E-09 2.9464E-09 2.9383E-09 3.1713E-09 3.1933E-09
0.0000E+00 0.0000E+00 0.0000E+00 0.0000E+00 0.0000E+00 0.0000E+00 0.0000E+00 0.0000E+00 0.0000E+00 0.0000E+00 0.0000E+00 0.0000E+00 0.0000E+00 0.0000E+00 0.0000E+00 0.0000E+00 0.0000E+00 0.0000E+00 0.0000E+00 0.0000E+00 0.0000E+00 0.0000E+00 0.0000E+00 0.0000E+00 0.0000E+00 0.0000E+00 1.6834E-14 1.7038E-12 5.6078E-12 1.1714E-11 2.7434E-11 5.1477E-11 9.1068E-11 1.3451E-10 1.8121E-10 2.4335E-10 3.1313E-10 3.9532E-10 4.7460E-10 5.5153E-10 6.3716E-10 7.2262E-10 8.1279E-10 9.1002E-10 1.0360E-09 1.1933E-09 1.3616E-09 1.6709E-09 1.9877E-09 2.3994E-09 2.8240E-09 3.1538E-09 3.2488E-09 3.5072E-09 3.3289E-09 3.5756E-09 3.5337E-09
0.0000E+00 0.0000E+00 0.0000E+00 0.0000E+00 0.0000E+00 0.0000E+00 0.0000E+00 0.0000E+00 0.0000E+00 0.0000E+00 0.0000E+00 0.0000E+00 0.0000E+00 0.0000E+00 0.0000E+00 0.0000E+00 0.0000E+00 0.0000E+00 0.0000E+00 0.0000E+00 0.0000E+00 0.0000E+00 0.0000E+00 0.0000E+00 0.0000E+00 0.0000E+00 3.0937E-13 2.6186E-12 7.7694E-12 1.8838E-11 4.3414E-11 8.8501E-11 1.3994E-10 1.9533E-10 2.6472E-10 3.2737E-10 4.1336E-10 4.8621E-10 5.7097E-10 6.8454E-10 7.8181E-10 8.7194E-10 9.7097E-10 1.1321E-09 1.3878E-09 1.7157E-09 2.0417E-09 2.5071E-09 2.9388E-09 3.4200E-09 3.6544E-09 3.9735E-09 3.8449E-09 4.1270E-09 3.7878E-09 3.6633E-09 3.9135E-09
0.0000E+00 0.0000E+00 0.0000E+00 0.0000E+00 0.0000E+00 0.0000E+00 0.0000E+00 0.0000E+00 0.0000E+00 0.0000E+00 0.0000E+00 0.0000E+00 0.0000E+00 0.0000E+00 0.0000E+00 0.0000E+00 0.0000E+00 0.0000E+00 0.0000E+00 0.0000E+00 0.0000E+00 0.0000E+00 0.0000E+00 0.0000E+00 0.0000E+00 0.0000E+00 8.2004E-13 5.1196E-12 1.5985E-11 3.9956E-11 8.7756E-11 1.5409E-10 2.2304E-10 2.8484E-10 3.6012E-10 4.3590E-10 5.1973E-10 6.0638E-10 7.2683E-10 9.0165E-10 1.1583E-09 1.3748E-09 1.5429E-09 1.7924E-09 2.0822E-09 2.6698E-09 3.1660E-09 3.6662E-09 4.1306E-09 4.5600E-09 4.5408E-09 4.8828E-09 4.5715E-09 4.0556E-09 4.3120E-09 4.0674E-09 4.3333E-09
0.0000E+00 0.0000E+00 0.0000E+00 0.0000E+00 0.0000E+00 0.0000E+00 0.0000E+00 0.0000E+00 0.0000E+00 0.0000E+00 0.0000E+00 0.0000E+00 0.0000E+00 0.0000E+00 0.0000E+00 0.0000E+00 0.0000E+00 0.0000E+00 0.0000E+00 0.0000E+00 0.0000E+00 0.0000E+00 0.0000E+00 0.0000E+00 0.0000E+00 1.2024E-16 3.5546E-12 1.6231E-11 4.2080E-11 9.4418E-11 1.7507E-10 2.4900E-10 3.1464E-10 3.9019E-10 4.9026E-10 5.7998E-10 6.9773E-10 9.7678E-10 1.2880E-09 1.6368E-09 1.9027E-09 2.1307E-09 2.3420E-09 2.8039E-09 3.4523E-09 4.0810E-09 4.6078E-09 5.1463E-09 5.3958E-09 5.8348E-09 5.6240E-09 5.1540E-09 5.4542E-09 4.6584E-09 4.9226E-09 4.5197E-09 4.7311E-09
0.0000E+00 0.0000E+00 0.0000E+00 0.0000E+00 0.0000E+00 0.0000E+00 0.0000E+00 0.0000E+00 0.0000E+00 0.0000E+00 0.0000E+00 0.0000E+00 0.0000E+00 0.0000E+00 0.0000E+00 0.0000E+00 0.0000E+00 0.0000E+00 0.0000E+00 0.0000E+00 0.0000E+00 0.0000E+00 0.0000E+00 0.0000E+00 0.0000E+00 2.9443E-12 1.6786E-11 4.7794E-11 1.0488E-10 1.8899E-10 2.7848E-10 3.5806E-10 4.3693E-10 5.2510E-10 6.4184E-10 8.6058E-10 1.3209E-09 1.7733E-09 2.2796E-09 2.6586E-09 2.9919E-09 3.2934E-09 3.8330E-09 4.4307E-09 4.9821E-09 5.5842E-09 6.1914E-09 6.7659E-09 6.9501E-09 6.5988E-09 6.9858E-09 6.1961E-09 6.5029E-09 5.3558E-09 4.7771E-09 5.0382E-09 5.2315E-09
0.0000E+00 0.0000E+00 0.0000E+00 0.0000E+00 0.0000E+00 0.0000E+00 0.0000E+00 0.0000E+00 0.0000E+00 0.0000E+00 0.0000E+00 0.0000E+00 0.0000E+00 0.0000E+00 0.0000E+00 0.0000E+00 0.0000E+00 0.0000E+00 0.0000E+00 0.0000E+00 0.0000E+00 0.0000E+00 0.0000E+00 0.0000E+00 2.9655E-12 1.9058E-11 5.4183E-11 1.2049E-10 2.0533E-10 2.9912E-10 4.0507E-10 5.1967E-10 6.3197E-10 8.3378E-10 1.2254E-09 1.7956E-09 2.3524E-09 3.0315E-09 3.6503E-09 3.9030E-09 4.6000E-09 5.0495E-09 5.5549E-09 6.1386E-09 6.8413E-09 7.5445E-09 8.2508E-09 8.4200E-09 8.9582E-09 8.2541E-09 8.6475E-09 7.4579E-09 5.9029E-09 6.1353E-09 5.3048E-09 5.5776E-09 5.7918E-09
0.0000E+00 0.0000E+00 0.0000E+00 0.0000E+00 0.0000E+00 0.0000E+00 0.0000E+00 0.0000E+00 0.0000E+00 0.0000E+00 0.0000E+00 0.0000E+00 0.0000E+00 0.0000E+00 0.0000E+00 0.0000E+00 0.0000E+00 0.0000E+00 0.0000E+00 0.0000E+00 0.0000E+00 0.0000E+00 0.0000E+00 2.7902E-12 1.9899E-11 5.9366E-11 1.3350E-10 2.1700E-10 3.2647E-10 4.5277E-10 5.6265E-10 7.0059E-10 1.0633E-09 1.6665E-09 2.4599E-09 3.1170E-09 3.7876E-09 4.4718E-09 5.1112E-09 5.6913E-09 6.2872E-09 6.8938E-09 7.6382E-09 8.4045E-09 9.2439E-09 1.0098E-08 1.0881E-08 1.0877E-08 1.1448E-08 1.0283E-08 8.6388E-09 8.9146E-09 6.7847E-09 7.0273E-09 5.9313E-09 6.1100E-09 6.3952E-09
0.0000E+00 0.0000E+00 0.0000E+00 0.0000E+00 0.0000E+00 0.0000E+00 0.0000E+00 0.0000E+00 0.0000E+00 0.0000E+00 0.0000E+00 0.0000E+00 0.0000E+00 0.0000E+00 0.0000E+00 0.0000E+00 0.0000E+00 0.0000E+00 0.0000E+00 0.0000E+00 0.0000E+00 0.0000E+00 1.9548E-12 1.8756E-11 6.1408E-11 1.3915E-10 2.3128E-10 3.3964E-10 4.8646E-10 6.3234E-10 8.2179E-10 1.3114E-09 2.0958E-09 2.8917E-09 3.6108E-09 4.5458E-09 5.4210E-09 6.2723E-09 7.1037E-09 7.8916E-09 8.6595E-09 9.5140E-09 1.0426E-08 1.1421E-08 1.2427E-08 1.3368E-08 1.4194E-08 1.3912E-08 1.2336E-08 1.2688E-08 1.0400E-08 1.0629E-08 7.8378E-09 6.3947E-09 6.6279E-09 6.7819E-09 7.0540E-09
0.0000E+00 0.0000E+00 0.0000E+00 0.0000E+00 0.0000E+00 0.0000E+00 0.0000E+00 0.0000E+00 0.0000E+00 0.0000E+00 0.0000E+00 0.0000E+00 0.0000E+00 0.0000E+00 0.0000E+00 0.0000E+00 0.0000E+00 0.0000E+00 0.0000E+00 0.0000E+00 0.0000E+00 6.0444E-13 1.4817E-11 5.7111E-11 1.3934E-10 2.3770E-10 3.4748E-10 5.0784E-10 6.9324E-10 9.7314E-10 1.6340E-09 2.5191E-09 3.3702E-09 4.1612E-09 5.3115E-09 6.4799E-09 7.6396E-09 8.7523E-09 9.7816E-09 1.0860E-08 1.1880E-08 1.2938E-08 1.4092E-08 1.5306E-08 1.6431E-08 1.7439E-08 1.7014E-08 1.7624E-08 1.5248E-08 1.5551E-08 1.2438E-08 8.9284E-09 9.0472E-09 7.1701E-09 7.3894E-09 7.5150E-09 7.7744E-09
0.0000E+00 0.0000E+00 0.0000E+00 0.0000E+00 0.0000E+00 0.0000E+00 0.0000E+00 0.0000E+00 0.0000E+00 0.0000E+00 0.0000E+00 0.0000E+00 0.0000E+00 0.0000E+00 0.0000E+00 0.0000E+00 0.0000E+00 0.0000E+00 0.0000E+00 0.0000E+00 0.0000E+00 9.0185E-12 4.7926E-11 1.2936E-10 2.3193E-10 3.4753E-10 5.1315E-10 7.1005E-10 1.1017E-09 1.8882E-09 2.8521E-09 3.7457E-09 5.0016E-09 6.2951E-09 7.6760E-09 9.0829E-09 1.0593E-08 1.2024E-08 1.3378E-08 1.4688E-08 1.6010E-08 1.7417E-08 1.8794E-08 2.0149E-08 2.1391E-08 2.2430E-08 2.1466E-08 2.1990E-08 1.8666E-08 1.4717E-08 1.4772E-08 1.0283E-08 1.0390E-08 8.0452E-09 8.0758E-09 8.3048E-09 8.5481E-09
0.0000E+00 0.0000E+00 0.0000E+00 0.0000E+00 0.0000E+00 0.0000E+00 0.0000E+00 0.0000E+00 0.0000E+00 0.0000E+00 0.0000E+00 0.0000E+00 0.0000E+00 0.0000E+00 0.0000E+00 0.0000E+00 0.0000E+00 0.0000E+00 0.0000E+00 0.0000E+00 4.5863E-12 3.4021E-11 1.1201E-10 2.1475E-10 3.3516E-10 5.1815E-10 8.0880E-10 1.6218E-09 3.6267E-09 5.0752E-09 6.6784E-09 8.5761E-09 7.8044E-09 9.4185E-09 1.1200E-08 1.2935E-08 1.4717E-08 1.6393E-08 1.8079E-08 1.9676E-08 2.1297E-08 2.3032E-08 2.4666E-08 2.6191E-08 2.7362E-08 2.8297E-08 2.6728E-08 2.2491E-08 2.2576E-08 1.7420E-08 1.7402E-08 1.1814E-08 8.8870E-09 8.9935E-09 8.9713E-09 9.1577E-09 9.3680E-09
0.0000E+00 0.0000E+00 0.0000E+00 0.0000E+00 0.0000E+00 0.0000E+00 0.0000E+00 0.0000E+00 0.0000E+00 0.0000E+00 0.0000E+00 0.0000E+00 0.0000E+00 0.0000E+00 0.0000E+00 0.0000E+00 0.0000E+00 0.0000E+00 0.0000E+00 1.0127E-12 2.0582E-11 8.5420E-11 2.4445E-10 7.5879E-10 1.4157E-09 1.9959E-09 2.7368E-09 5.4405E-09 7.5078E-09 9.4131E-09 1.1777E-08 1.4076E-08 1.6206E-08 1.7788E-08 1.9259E-08 1.8355E-08 2.0361E-08 2.2147E-08 2.4206E-08 2.6086E-08 2.8026E-08 2.9999E-08 3.1777E-08 3.3307E-08 3.4437E-08 3.2395E-08 3.2755E-08 2.7043E-08 2.4763E-08 2.0449E-08 1.3661E-08 1.3509E-08 9.9383E-09 9.8074E-09 9.9240E-09 1.0071E-08 1.0236E-08
0.0000E+00 0.0000E+00 0.0000E+00 0.0000E+00 0.0000E+00 0.0000E+00 0.0000E+00 0.0000E+00 0.0000E+00 0.0000E+00 0.0000E+00 0.0000E+00 0.0000E+00 0.0000E+00 0.0000E+00 0.0000E+00 0.0000E+00 0.0000E+00 0.0000E+00 7.9140E-12 8.5589E-11 4.9426E-10 1.2092E-09 2.5002E-09 3.7532E-09 4.9131E-09 1.0136E-08 1.3703E-08 1.7653E-08 2.1309E-08 2.4255E-08 2.6071E-08 2.4507E-08 2.6154E-08 2.7511E-08 2.9044E-08 3.0526E-08 2.9826E-08 3.1935E-08 3.4115E-08 3.6315E-08 3.8336E-08 4.0159E-08 4.1534E-08 4.2545E-08 3.9404E-08 3.6588E-08 3.2097E-08 2.4179E-08 2.3749E-08 1.5510E-08 1.1750E-08 1.1063E-08 1.0848E-08 1.0926E-08 1.1029E-08 1.1144E-08
0.0000E+00 0.0000E+00 0.0000E+00 0.0000E+00 0.0000E+00 0.0000E+00 0.0000E+00 0.0000E+00 0.0000E+00 0.0000E+00 0.0000E+00 0.0000E+00 0.0000E+00 0.0000E+00 0.0000E+00 0.0000E+00 0.0000E+00 0.0000E+00 1.8414E-12 1.3996E-10 8.9079E-10 2.1651E-09 3.6256E-09 5.8806E-09 8.1225E-09 1.7090E-08 2.3710E-08 3.0297E-08 3.1941E-08 3.5909E-08 3.8920E-08 4.0725E-08 4.1106E-08 4.1454E-08 3.8839E-08 3.9922E-08 4.1102E-08 4.2455E-08 4.1624E-08 4.3865E-08 4.6163E-08 4.8141E-08 4.9862E-08 5.0890E-08 5.1448E-08 4.7178E-08 3.8230E-08 3.7582E-08 2.7848E-08 1.9170E-08 1.7550E-08 1.2466E-08 1.2278E-08 1.1963E-08 1.1973E-08 1.2017E-08 1.2084E-08
0.0000E+00 0.0000E+00 0.0000E+00 0.0000E+00 0.0000E+00 0.0000E+00 0.0000E+00 0.0000E+00 0.0000E+00 0.0000E+00 0.0000E+00 0.0000E+00 0.0000E+00 0.0000E+00 0.0000E+00 0.0000E+00 0.0000E+00 0.0000E+00 1.9147E-10 1.1989E-09 3.2843E-09 5.9694E-09 8.9864E-09 1.2742E-08 2.4394E-08 3.4661E-08 4.5312E-08 5.4608E-08 6.1255E-08 6.4400E-08 6.5209E-08 6.1151E-08 5.9856E-08 5.8781E-08 5.7786E-08 5.4026E-08 5.4501E-08 5.5370E-08 5.6554E-08 5.5575E-08 5.7709E-08 5.9255E-08 6.0604E-08 6.1214E-08 5.6055E-08 5.5580E-08 4.4347E-08 3.3637E-08 3.1800E-08 2.0407E-08 1.9701E-08 1.3801E-08 1.3257E-08 1.3122E-08 1.3048E-08 1.3026E-08 1.3035E-08
0.0000E+00 0.0000E+00 0.0000E+00 0.0000E+00 0.0000E+00 0.0000E+00 0.0000E+00 0.0000E+00 0.0000E+00 0.0000E+00 0.0000E+00 0.0000E+00 0.0000E+00 0.0000E+00 0.0000E+00 0.0000E+00 0.0000E+00 1.8279E-10 1.4922E-09 4.2090E-09 8.7851E-09 1.4113E-08 1.9644E-08 3.5740E-08 5.4419E-08 7.3682E-08 8.9757E-08 9.9203E-08 9.9121E-08 1.0043E-07 9.8157E-08 9.5085E-08 8.9429E-08 8.2150E-08 7.8671E-08 7.6184E-08 7.1203E-08 7.1053E-08 7.1363E-08 7.1998E-08 7.0547E-08 7.1717E-08 7.2212E-08 7.2386E-08 6.5345E-08 5.3092E-08 5.0795E-08 3.7204E-08 3.5897E-08 2.2717E-08 1.6023E-08 1.5203E-08 1.4521E-08 1.4298E-08 1.4135E-08 1.4040E-08 1.3984E-08
0.0000E+00 0.0000E+00 0.0000E+00 0.0000E+00 0.0000E+00 0.0000E+00 0.0000E+00 0.0000E+00 0.0000E+00 0.0000E+00 0.0000E+00 0.0000E+00 0.0000E+00 0.0000E+00 0.0000E+00 0.0000E+00 1.0262E-10 1.5048E-09 5.4063E-09 1.0777E-08 1.8169E-08 2.7927E-08 3.9753E-08 7.0379E-08 1.0314E-07 1.3074E-07 1.5100E-07 1.5995E-07 1.6794E-07 1.6461E-07 1.5307E-07 1.4529E-07 1.3231E-07 1.1629E-07 1.0497E-07 9.9585E-08 9.5353E-08 8.9448E-08 8.8257E-08 8.7784E-08 8.7236E-08 8.5085E-08 8.4549E-08 7.7117E-08 7.5042E-08 5.9245E-08 5.7371E-08 4.1548E-08 2.7138E-08 2.5116E-08 1.7289E-08 1.6615E-08 1.5801E-08 1.5472E-08 1.5213E-08 1.5041E-08 1.4918E-08
0.0000E+00 0.0000E+00 0.0000E+00 0.0000E+00 0.0000E+00 0.0000E+00 0.0000E+00 0.0000E+00 0.0000E+00 0.0000E+00 0.0000E+00 0.0000E+00 0.0000E+00 0.0000E+00 0.0000E+00 0.0000E+00 1.2494E-09 5.2318E-09 1.1260E-08 2.0347E-08 3.3556E-08 5.1550E-08 7.1958E-08 1.2843E-07 1.8053E-07 2.1725E-07 2.4091E-07 2.6022E-07 2.6591E-07 2.5518E-07 2.2749E-07 2.0456E-07 1.8256E-07 1.6389E-07 1.4685E-07 1.2726E-07 1.1964E-07 1.1404E-07 1.0707E-07 1.0497E-07 1.0268E-07 9.8578E-08 9.7220E-08 8.6901E-08 8.4771E-08 6.6121E-08 4.8814E-08 4.5902E-08 2.9026E-08 2.7498E-08 1.8788E-08 1.7607E-08 1.7055E-08 1.6614E-08 1.6258E-08 1.6008E-08 1.5815E-08
0.0000E+00 0.0000E+00 0.0000E+00 0.0000E+00 0.0000E+00 0.0000E+00 0.0000E+00 0.0000E+00 0.0000E+00 0.0000E+00 0.0000E+00 0.0000E+00 0.0000E+00 0.0000E+00 0.0000E+00 6.7100E-10 4.1590E-09 9.9685E-09 1.9902E-08 3.5646E-08 5.8926E-08 8.9003E-08 1.2089E-07 2.1691E-07 2.9677E-07 3.4093E-07 3.8610E-07 3.9982E-07 3.9808E-07 3.7206E-07 3.3416E-07 2.9375E-07 2.4423E-07 2.1467E-07 1.8856E-07 1.6463E-07 1.4673E-07 1.3752E-07 1.3012E-07 1.2229E-07 1.1846E-07 1.1474E-07 1.0974E-07 9.7034E-08 7.6821E-08 7.2861E-08 5.2600E-08 5.0075E-08 3.1403E-08 2.1730E-08 2.0253E-08 1.8907E-08 1.8245E-08 1.7697E-08 1.7245E-08 1.6919E-08 1.6656E-08
0.0000E+00 0.0000E+00 0.0000E+00 0.0000E+00 0.0000E+00 0.0000E+00 0.0000E+00 0.0000E+00 0.0000E+00 0.0000E+00 0.0000E+00 0.0000E+00 0.0000E+00 0.0000E+00 1.1551E-10 2.2242E-09 7.3873E-09 1.6689E-08 3.2644E-08 5.8168E-08 9.5786E-08 1.4394E-07 1.9004E-07 3.4012E-07 4.5622E-07 5.4659E-07 6.1171E-07 6.2289E-07 5.9203E-07 5.2187E-07 4.5896E-07 3.9011E-07 3.2984E-07 2.7209E-07 2.3474E-07 2.0551E-07 1.7513E-07 1.6139E-07 1.5089E-07 1.3957E-07 1.3381E-07 1.2814E-07 1.1121E-07 1.0659E-07 8.2724E-08 7.9099E-08 5.6654E-08 3.6641E-08 3.3665E-08 2.2984E-08 2.1617E-08 2.0112E-08 1.9338E-08 1.8695E-08 1.8151E-08 1.7751E-08 1.7423E-08
