Assets/Resources/2015_m01_d07_1100(utc+0800)_l00_csi_1hr_conc.grd
DSAA
         159         159
     -79.000      79.000
     -79.000      79.000
  0.0000E+00  0.3078E-05
[rows 50 to 74 of 159, columns 57 to 113 of 159]
3.0615E-10 3.3379E-10 3.6341E-10 3.9506E-10 4.2884E-10 4.6480E-10 5.2521E-10 5.9179E-10 6.4996E-10 7.0698E-10 7.8869E-10 8.9828E-10 9.9354E-10 1.1163E-09 1.2423E-09 1.3827E-09 1.5389E-09 1.7031E-09 1.8765E-09 2.0649E-09 2.2688E-09 2.4883E-09 2.7236E-09 2.9737E-09 3.2379E-09 3.5162E-09 3.8085E-09 4.1237E-09 4.6816E-09 5.4803E-09 6.4924E-09 7.7766E-09 9.4041E-09 1.1476E-08 1.3798E-08 1.6040E-08 1.8142E-08 1.9905E-08 2.1532E-08 2.2971E-08 2.3914E-08 2.4368E-08 2.4443E-08 2.4211E-08 2.3730E-08 2.3085E-08 2.2333E-08 2.1514E-08 2.0662E-08 1.9797E-08 1.8937E-08 1.8090E-08 1.7263E-08 1.6462E-08 1.5687E-08 1.4941E-08 1.4220E-08
2.9231E-10 3.1870E-10 3.4696E-10 3.7718E-10 4.0941E-10 4.4373E-10 5.0156E-10 5.6529E-10 6.2155E-10 6.7618E-10 7.5477E-10 8.5296E-10 9.5853E-10 1.0711E-09 1.2052E-09 1.3451E-09 1.4936E-09 1.6574E-09 1.8303E-09 2.0191E-09 2.2240E-09 2.4454E-09 2.6834E-09 2.9379E-09 3.2084E-09 3.4936E-09 3.7926E-09 4.1083E-09 4.6676E-09 5.4448E-09 6.4399E-09 7.7138E-09 9.3900E-09 1.1402E-08 1.3651E-08 1.5868E-08 1.7993E-08 1.9808E-08 2.1501E-08 2.3070E-08 2.4104E-08 2.4633E-08 2.4758E-08 2.4559E-08 2.4099E-08 2.3467E-08 2.2719E-08 2.1902E-08 2.1047E-08 2.0177E-08 1.9304E-08 1.8447E-08 1.7611E-08 1.6799E-08 1.6013E-08 1.5254E-08 1.4524E-08
2.7863E-10 3.0378E-10 3.3071E-10 3.5949E-10 3.9020E-10 4.2289E-10 4.7811E-10 5.4480E-10 5.9332E-10 6.5246E-10 7.1783E-10 8.0287E-10 9.2698E-10 1.0354E-09 1.1684E-09 1.3083E-09 1.4561E-09 1.6125E-09 1.7845E-09 1.9730E-09 2.1788E-09 2.4021E-09 2.6429E-09 2.9011E-09 3.1764E-09 3.4681E-09 3.7811E-09 4.1060E-09 4.6467E-09 5.3973E-09 6.3662E-09 7.6075E-09 9.2700E-09 1.1215E-08 1.3457E-08 1.5656E-08 1.7798E-08 1.9671E-08 2.1562E-08 2.3144E-08 2.4269E-08 2.4870E-08 2.5045E-08 2.4881E-08 2.4446E-08 2.3829E-08 2.3090E-08 2.2277E-08 2.1422E-08 2.0550E-08 1.9678E-08 1.8815E-08 1.7970E-08 1.7146E-08 1.6342E-08 1.5569E-08 1.4826E-08
2.6516E-10 2.8907E-10 3.1468E-10 3.4206E-10 3.7126E-10 4.0235E-10 4.4139E-10 4.9983E-10 5.6536E-10 6.2255E-10 6.8600E-10 7.7648E-10 8.8665E-10 1.0040E-09 1.1346E-09 1.2661E-09 1.4130E-09 1.5681E-09 1.7395E-09 1.9279E-09 2.1340E-09 2.3586E-09 2.6020E-09 2.8641E-09 3.1442E-09 3.4493E-09 3.7664E-09 4.0982E-09 4.6294E-09 5.3306E-09 6.2952E-09 7.5845E-09 9.1447E-09 1.1043E-08 1.3208E-08 1.5431E-08 1.7574E-08 1.9488E-08 2.1479E-08 2.3175E-08 2.4394E-08 2.5077E-08 2.5308E-08 2.5183E-08 2.4776E-08 2.4178E-08 2.3451E-08 2.2644E-08 2.1792E-08 2.0920E-08 2.0044E-08 1.9175E-08 1.8323E-08 1.7490E-08 1.6681E-08 1.5897E-08 1.5136E-08
2.5191E-10 2.7461E-10 2.9893E-10 3.2492E-10 3.5265E-10 3.8216E-10 4.1885E-10 4.7537E-10 5.4410E-10 6.0023E-10 6.5454E-10 7.3089E-10 8.4219E-10 9.7100E-10 1.1018E-09 1.2327E-09 1.3711E-09 1.5248E-09 1.6951E-09 1.8833E-09 2.0901E-09 2.3160E-09 2.5614E-09 2.8267E-09 3.1196E-09 3.4262E-09 3.7501E-09 4.0998E-09 4.6059E-09 5.2913E-09 6.2282E-09 7.4843E-09 9.0539E-09 1.0837E-08 1.2974E-08 1.5155E-08 1.7303E-08 1.9260E-08 2.1362E-08 2.3179E-08 2.4501E-08 2.5268E-08 2.5559E-08 2.5476E-08 2.5102E-08 2.4525E-08 2.3812E-08 2.3014E-08 2.2167E-08 2.1293E-08 2.0407E-08 1.9535E-08 1.8675E-08 1.7834E-08 1.7014E-08 1.6218E-08 1.5447E-08
2.3892E-10 2.6045E-10 2.8349E-10 3.0812E-10 3.3440E-10 3.6237E-10 3.9766E-10 4.5135E-10 5.2356E-10 5.7156E-10 6.3896E-10 7.0534E-10 8.0948E-10 9.4752E-10 1.0626E-09 1.1927E-09 1.3298E-09 1.4825E-09 1.6522E-09 1.8398E-09 2.0467E-09 2.2738E-09 2.5216E-09 2.7975E-09 3.0901E-09 3.4027E-09 3.7440E-09 4.0968E-09 4.5823E-09 5.2515E-09 6.1560E-09 7.3837E-09 8.9051E-09 1.0652E-08 1.2670E-08 1.4851E-08 1.7009E-08 1.9079E-08 2.1225E-08 2.3155E-08 2.4573E-08 2.5426E-08 2.5780E-08 2.5741E-08 2.5403E-08 2.4851E-08 2.4156E-08 2.3369E-08 2.2529E-08 2.1660E-08 2.0781E-08 1.9904E-08 1.9037E-08 1.8180E-08 1.7347E-08 1.6539E-08 1.5755E-08
2.2624E-10 2.4660E-10 2.6840E-10 2.9171E-10 3.1657E-10 3.4780E-10 3.7694E-10 4.3350E-10 4.9170E-10 5.4341E-10 6.0951E-10 6.8085E-10 7.8196E-10 9.1067E-10 1.0326E-09 1.1534E-09 1.2889E-09 1.4405E-09 1.6096E-09 1.7972E-09 2.0046E-09 2.2326E-09 2.4879E-09 2.7644E-09 3.0615E-09 3.3893E-09 3.7314E-09 4.0940E-09 4.5460E-09 5.1845E-09 6.0871E-09 7.2794E-09 8.7402E-09 1.0429E-08 1.2371E-08 1.4540E-08 1.6678E-08 1.8896E-08 2.1054E-08 2.3102E-08 2.4631E-08 2.5571E-08 2.5991E-08 2.6001E-08 2.5700E-08 2.5176E-08 2.4501E-08 2.3728E-08 2.2896E-08 2.2032E-08 2.1149E-08 2.0263E-08 1.9391E-08 1.8532E-08 1.7690E-08 1.6864E-08 1.6061E-08
2.1387E-10 2.3310E-10 2.5370E-10 2.7571E-10 2.9918E-10 3.2912E-10 3.5673E-10 3.9773E-10 4.5376E-10 5.2997E-10 5.8698E-10 6.5973E-10 7.4917E-10 8.6477E-10 9.9585E-10 1.1147E-09 1.2485E-09 1.3988E-09 1.5671E-09 1.7546E-09 1.9625E-09 2.1957E-09 2.4537E-09 2.7311E-09 3.0417E-09 3.3691E-09 3.7198E-09 4.0925E-09 4.5369E-09 5.1667E-09 6.0030E-09 7.1727E-09 8.5810E-09 1.0229E-08 1.2050E-08 1.4211E-08 1.6329E-08 1.8645E-08 2.0877E-08 2.3042E-08 2.4663E-08 2.5689E-08 2.6175E-08 2.6236E-08 2.5975E-08 2.5482E-08 2.4829E-08 2.4073E-08 2.3252E-08 2.2393E-08 2.1515E-08 2.0632E-08 1.9754E-08 1.8884E-08 1.8023E-08 1.7189E-08 1.6376E-08
2.0184E-10 2.1998E-10 2.3940E-10 2.6015E-10 2.8480E-10 3.1095E-10 3.4166E-10 3.7696E-10 4.3006E-10 5.0380E-10 5.6556E-10 6.3833E-10 7.2805E-10 8.3285E-10 9.5121E-10 1.0768E-09 1.2088E-09 1.3576E-09 1.5247E-09 1.7117E-09 1.9216E-09 2.1601E-09 2.4165E-09 2.7061E-09 3.0158E-09 3.3494E-09 3.7082E-09 4.0982E-09 4.5218E-09 5.1310E-09 5.9503E-09 7.0621E-09 8.4321E-09 1.0006E-08 1.1798E-08 1.3866E-08 1.5981E-08 1.8392E-08 2.0691E-08 2.2963E-08 2.4680E-08 2.5789E-08 2.6344E-08 2.6456E-08 2.6237E-08 2.5777E-08 2.5149E-08 2.4411E-08 2.3602E-08 2.2751E-08 2.1876E-08 2.0991E-08 2.0107E-08 1.9230E-08 1.8365E-08 1.7516E-08 1.6680E-08
1.9018E-10 2.0725E-10 2.2553E-10 2.4506E-10 2.6912E-10 2.9331E-10 3.2814E-10 3.5677E-10 4.1387E-10 4.6503E-10 5.4692E-10 6.2554E-10 7.0081E-10 7.9798E-10 9.1094E-10 1.0398E-09 1.1698E-09 1.3168E-09 1.4826E-09 1.6688E-09 1.8849E-09 2.1196E-09 2.3841E-09 2.6750E-09 2.9889E-09 3.3297E-09 3.7040E-09 4.1029E-09 4.5237E-09 5.1246E-09 5.9105E-09 6.9438E-09 8.2695E-09 9.7822E-09 1.1519E-08 1.3487E-08 1.5723E-08 1.8152E-08 2.0523E-08 2.2907E-08 2.4712E-08 2.5895E-08 2.6514E-08 2.6679E-08 2.6504E-08 2.6078E-08 2.5478E-08 2.4759E-08 2.3962E-08 2.3117E-08 2.2236E-08 2.1347E-08 2.0457E-08 1.9571E-08 1.8695E-08 1.7832E-08 1.6987E-08
1.7890E-10 1.9494E-10 2.1212E-10 2.3047E-10 2.5393E-10 2.7735E-10 3.0997E-10 3.3719E-10 3.7964E-10 4.4778E-10 5.3446E-10 6.0722E-10 6.8295E-10 7.6977E-10 8.6613E-10 9.9812E-10 1.1316E-09 1.2766E-09 1.4407E-09 1.6256E-09 1.8438E-09 2.0811E-09 2.3502E-09 2.6410E-09 2.9601E-09 3.3135E-09 3.6967E-09 4.1039E-09 4.5491E-09 5.1274E-09 5.8561E-09 6.8719E-09 8.1563E-09 9.5747E-09 1.1248E-08 1.3139E-08 1.5540E-08 1.7952E-08 2.0382E-08 2.2857E-08 2.4749E-08 2.6005E-08 2.6681E-08 2.6889E-08 2.6781E-08 2.6391E-08 2.5818E-08 2.5119E-08 2.4335E-08 2.3488E-08 2.2604E-08 2.1714E-08 2.0814E-08 1.9908E-08 1.9019E-08 1.8142E-08 1.7280E-08
1.6801E-10 1.8306E-10 1.9917E-10 2.1659E-10 2.3920E-10 2.6295E-10 2.9239E-10 3.2762E-10 3.6501E-10 4.2689E-10 5.1205E-10 5.8291E-10 6.6680E-10 7.4478E-10 8.3319E-10 9.5222E-10 1.0946E-09 1.2372E-09 1.3991E-09 1.5823E-09 1.8012E-09 2.0465E-09 2.3114E-09 2.6052E-09 2.9325E-09 3.2955E-09 3.6836E-09 4.1132E-09 4.5661E-09 5.1097E-09 5.8208E-09 6.8194E-09 8.0346E-09 9.4068E-09 1.1023E-08 1.2823E-08 1.5275E-08 1.7785E-08 2.0269E-08 2.2829E-08 2.4800E-08 2.6124E-08 2.6902E-08 2.7160E-08 2.7058E-08 2.6695E-08 2.6147E-08 2.5468E-08 2.4698E-08 2.3866E-08 2.2993E-08 2.2095E-08 2.1181E-08 2.0254E-08 1.9346E-08 1.8443E-08 1.7564E-08
1.5753E-10 1.7163E-10 1.8671E-10 2.0333E-10 2.2457E-10 2.4807E-10 2.7541E-10 3.1482E-10 3.5136E-10 4.0501E-10 4.8358E-10 5.6723E-10 6.4340E-10 7.2047E-10 8.0707E-10 9.0935E-10 1.0492E-09 1.1991E-09 1.3582E-09 1.5504E-09 1.7582E-09 2.0052E-09 2.2710E-09 2.5685E-09 2.9067E-09 3.2701E-09 3.6760E-09 4.1126E-09 4.5793E-09 5.1266E-09 5.8060E-09 6.7656E-09 7.9273E-09 9.2381E-09 1.0803E-08 1.2545E-08 1.5069E-08 1.7676E-08 2.0219E-08 2.2835E-08 2.4925E-08 2.6313E-08 2.7147E-08 2.7458E-08 2.7398E-08 2.7065E-08 2.6532E-08 2.5859E-08 2.5094E-08 2.4260E-08 2.3367E-08 2.2462E-08 2.1540E-08 2.0612E-08 1.9684E-08 1.8750E-08 1.7842E-08
1.4746E-10 1.6064E-10 1.7475E-10 1.9055E-10 2.1048E-10 2.3364E-10 2.6286E-10 2.9828E-10 3.4481E-10 3.9333E-10 4.6437E-10 5.4746E-10 6.2061E-10 6.9676E-10 7.8255E-10 8.7901E-10 1.0023E-09 1.1587E-09 1.3188E-09 1.5096E-09 1.7151E-09 1.9630E-09 2.2291E-09 2.5357E-09 2.8720E-09 3.2473E-09 3.6615E-09 4.1070E-09 4.6005E-09 5.1196E-09 5.8051E-09 6.7394E-09 7.8408E-09 9.1048E-09 1.0592E-08 1.2405E-08 1.4923E-08 1.7642E-08 2.0314E-08 2.2958E-08 2.5101E-08 2.6543E-08 2.7399E-08 2.7824E-08 2.7806E-08 2.7505E-08 2.6978E-08 2.6307E-08 2.5532E-08 2.4671E-08 2.3779E-08 2.2859E-08 2.1909E-08 2.0950E-08 2.0001E-08 1.9060E-08 1.8127E-08
1.3782E-10 1.5012E-10 1.6329E-10 1.7824E-10 1.9696E-10 2.1965E-10 2.5087E-10 2.8669E-10 3.3238E-10 3.8166E-10 4.3257E-10 5.1397E-10 5.9837E-10 6.7356E-10 7.5848E-10 8.5420E-10 9.6436E-10 1.1131E-09 1.2807E-09 1.4700E-09 1.6727E-09 1.9208E-09 2.1857E-09 2.4972E-09 2.8341E-09 3.2228E-09 3.6396E-09 4.1072E-09 4.6080E-09 5.1478E-09 5.8355E-09 6.7060E-09 7.7780E-09 9.0148E-09 1.0426E-08 1.2394E-08 1.4871E-08 1.7784E-08 2.0455E-08 2.3167E-08 2.5296E-08 2.6884E-08 2.7795E-08 2.8234E-08 2.8249E-08 2.7963E-08 2.7473E-08 2.6817E-08 2.6040E-08 2.5171E-08 2.4234E-08 2.3274E-08 2.2286E-08 2.1310E-08 2.0322E-08 1.9344E-08 1.8389E-08
1.2860E-10 1.4006E-10 1.5233E-10 1.6641E-10 1.8403E-10 2.0607E-10 2.3734E-10 2.7762E-10 3.2219E-10 3.7098E-10 4.2300E-10 4.8922E-10 5.7111E-10 6.5078E-10 7.3475E-10 8.2962E-10 9.3651E-10 1.0710E-09 1.2410E-09 1.4328E-09 1.6316E-09 1.8790E-09 2.1419E-09 2.4551E-09 2.7930E-09 3.1890E-09 3.6206E-09 4.0958E-09 4.6117E-09 5.1827E-09 5.8386E-09 6.6895E-09 7.7514E-09 8.9453E-09 1.0306E-08 1.2436E-08 1.5048E-08 1.8035E-08 2.0793E-08 2.3566E-08 2.5722E-08 2.7289E-08 2.8243E-08 2.8700E-08 2.8763E-08 2.8526E-08 2.8050E-08 2.7395E-08 2.6606E-08 2.5703E-08 2.4750E-08 2.3749E-08 2.2709E-08 2.1676E-08 2.0643E-08 1.9636E-08 1.8632E-08
1.1707E-10 1.3047E-10 1.4188E-10 1.5506E-10 1.7167E-10 1.9291E-10 2.2719E-10 2.6432E-10 3.1163E-10 3.5499E-10 4.0666E-10 4.5818E-10 5.3179E-10 6.2250E-10 7.1123E-10 8.0511E-10 9.1111E-10 1.0399E-09 1.2007E-09 1.3968E-09 1.6115E-09 1.8398E-09 2.0990E-09 2.4120E-09 2.7666E-09 3.1516E-09 3.5967E-09 4.0779E-09 4.6213E-09 5.2023E-09 5.8408E-09 6.6430E-09 7.6743E-09 8.8596E-09 1.0195E-08 1.2559E-08 1.5356E-08 1.8493E-08 2.1406E-08 2.4003E-08 2.6237E-08 2.7776E-08 2.8804E-08 2.9332E-08 2.9421E-08 2.9195E-08 2.8689E-08 2.8032E-08 2.7227E-08 2.6312E-08 2.5319E-08 2.4258E-08 2.3178E-08 2.2086E-08 2.0992E-08 1.9916E-08 1.8881E-08
1.0892E-10 1.1851E-10 1.3194E-10 1.4418E-10 1.5990E-10 1.8014E-10 2.1831E-10 2.5605E-10 3.0192E-10 3.4617E-10 3.9062E-10 4.4139E-10 4.9932E-10 5.8746E-10 6.8781E-10 7.8055E-10 8.8547E-10 1.0108E-09 1.1815E-09 1.3578E-09 1.5783E-09 1.8031E-09 2.0583E-09 2.3714E-09 2.7271E-09 3.1116E-09 3.5638E-09 4.0647E-09 4.6149E-09 5.2152E-09 5.8676E-09 6.6661E-09 7.6683E-09 8.8954E-09 1.0309E-08 1.2817E-08 1.5987E-08 1.9174E-08 2.2173E-08 2.4723E-08 2.6926E-08 2.8538E-08 2.9550E-08 3.0073E-08 3.0188E-08 2.9980E-08 2.9505E-08 2.8821E-08 2.7964E-08 2.6969E-08 2.5923E-08 2.4819E-08 2.3677E-08 2.2510E-08 2.1366E-08 2.0224E-08 1.9121E-08
9.8550E-11 1.1008E-10 1.2250E-10 1.3378E-10 1.4870E-10 1.6776E-10 2.0582E-10 2.4473E-10 2.8759E-10 3.3124E-10 3.7483E-10 4.2476E-10 4.8189E-10 5.6153E-10 6.5888E-10 7.5582E-10 8.5943E-10 9.8114E-10 1.1506E-09 1.3238E-09 1.5447E-09 1.7686E-09 2.0403E-09 2.3330E-09 2.6896E-09 3.1517E-09 3.6069E-09 4.1381E-09 4.7164E-09 5.3570E-09 6.0580E-09 6.9496E-09 7.9512E-09 9.2021E-09 1.0624E-08 1.3579E-08 1.7097E-08 2.0465E-08 2.3588E-08 2.6123E-08 2.8229E-08 2.9758E-08 3.0767E-08 3.1290E-08 3.1393E-08 3.1161E-08 3.0641E-08 2.9890E-08 2.8961E-08 2.7903E-08 2.6737E-08 2.5506E-08 2.4273E-08 2.3032E-08 2.1786E-08 2.0580E-08 1.9372E-08
8.8809E-11 9.9382E-11 1.1089E-10 1.2386E-10 1.3807E-10 1.5579E-10 1.9802E-10 2.3461E-10 2.7946E-10 3.1658E-10 3.5925E-10 4.0824E-10 4.6443E-10 5.2878E-10 6.1738E-10 7.2507E-10 8.3287E-10 9.5060E-10 1.1183E-09 1.2909E-09 1.5117E-09 1.7352E-09 2.0069E-09 2.2963E-09 2.6542E-09 3.1609E-09 3.5976E-09 4.1439E-09 4.7376E-09 5.3980E-09 6.1885E-09 7.0440E-09 8.1274E-09 9.3796E-09 1.1122E-08 1.4333E-08 1.8343E-08 2.1948E-08 2.4952E-08 2.7446E-08 2.9513E-08 3.1080E-08 3.2081E-08 3.2596E-08 3.2675E-08 3.2380E-08 3.1799E-08 3.0976E-08 2.9959E-08 2.8797E-08 2.7537E-08 2.6215E-08 2.4836E-08 2.3502E-08 2.2184E-08 2.0888E-08 1.9610E-08
8.2305E-11 9.2060E-11 9.9901E-11 1.1168E-10 1.2800E-10 1.4423E-10 1.8606E-10 2.2279E-10 2.6602E-10 3.0218E-10 3.4383E-10 3.9178E-10 4.4691E-10 5.1018E-10 5.8260E-10 6.8701E-10 7.9977E-10 9.1935E-10 1.0831E-09 1.2560E-09 1.4758E-09 1.6986E-09 1.9714E-09 2.2598E-09 2.6204E-09 3.1202E-09 3.6086E-09 4.1566E-09 4.8047E-09 5.5039E-09 6.3573E-09 7.2474E-09 8.4114E-09 9.7169E-09 1.1812E-08 1.5486E-08 1.9673E-08 2.3551E-08 2.6614E-08 2.9221E-08 3.1251E-08 3.2740E-08 3.3724E-08 3.4215E-08 3.4250E-08 3.3902E-08 3.3223E-08 3.2264E-08 3.1104E-08 2.9807E-08 2.8410E-08 2.6953E-08 2.5478E-08 2.3987E-08 2.2562E-08 2.1191E-08 1.9814E-08
7.3674E-11 8.2696E-11 9.2388E-11 1.0012E-10 1.1539E-10 1.3520E-10 1.7449E-10 2.1519E-10 2.5287E-10 2.8799E-10 3.2855E-10 3.7536E-10 4.2928E-10 4.9129E-10 5.6240E-10 6.5774E-10 7.5875E-10 8.8919E-10 1.0428E-09 1.2366E-09 1.4359E-09 1.6584E-09 1.9313E-09 2.2179E-09 2.5820E-09 3.0753E-09 3.5785E-09 4.3063E-09 5.0540E-09 5.8092E-09 6.6942E-09 7.7753E-09 9.0954E-09 1.0627E-08 1.2850E-08 1.7068E-08 2.1722E-08 2.6092E-08 2.9308E-08 3.1786E-08 3.3806E-08 3.5244E-08 3.6162E-08 3.6564E-08 3.6478E-08 3.5972E-08 3.5108E-08 3.3953E-08 3.2579E-08 3.1040E-08 2.9440E-08 2.7796E-08 2.6152E-08 2.4509E-08 2.2929E-08 2.1452E-08 1.9996E-08
5.6318E-11 7.3878E-11 8.2826E-11 9.2420E-11 1.0330E-10 1.2212E-10 1.6331E-10 2.0368E-10 2.3998E-10 2.7401E-10 3.1339E-10 3.5894E-10 4.1152E-10 4.7209E-10 5.4167E-10 6.2134E-10 7.2668E-10 8.5262E-10 9.8607E-10 1.1436E-09 1.3473E-09 1.5919E-09 1.8676E-09 2.1886E-09 2.5289E-09 3.0179E-09 3.6994E-09 4.4023E-09 5.1201E-09 6.0421E-09 7.1383E-09 8.3597E-09 9.7384E-09 1.1321E-08 1.3959E-08 1.8773E-08 2.4037E-08 2.8579E-08 3.1997E-08 3.4540E-08 3.6569E-08 3.7975E-08 3.8833E-08 3.9142E-08 3.8921E-08 3.8237E-08 3.7159E-08 3.5768E-08 3.4146E-08 3.2377E-08 3.0514E-08 2.8648E-08 2.6812E-08 2.4995E-08 2.3305E-08 2.1675E-08 2.0115E-08
4.6421E-11 5.8211E-11 7.3852E-11 8.2694E-11 9.4806E-11 1.1247E-10 1.5000E-10 1.9132E-10 2.2735E-10 2.6021E-10 2.9834E-10 3.4252E-10 3.9362E-10 4.5258E-10 5.2041E-10 5.9818E-10 6.8702E-10 8.0283E-10 9.4154E-10 1.0989E-09 1.2722E-09 1.4895E-09 1.7774E-09 2.0897E-09 2.4226E-09 2.8623E-09 3.5944E-09 4.3326E-09 5.2814E-09 6.4051E-09 7.5153E-09 8.8718E-09 1.0577E-08 1.2605E-08 1.5696E-08 2.0740E-08 2.6554E-08 3.1573E-08 3.5268E-08 3.7896E-08 3.9942E-08 4.1320E-08 4.2085E-08 4.2251E-08 4.1812E-08 4.0881E-08 3.9526E-08 3.7832E-08 3.5900E-08 3.3826E-08 3.1692E-08 2.9548E-08 2.7480E-08 2.5457E-08 2.3616E-08 2.1887E-08 2.0178E-08
3.0849E-11 4.6345E-11 5.8058E-11 7.3594E-11 8.4243E-11 1.0082E-10 1.3903E-10 1.7592E-10 2.1495E-10 2.4660E-10 2.8340E-10 3.2610E-10 3.7558E-10 4.3276E-10 4.9863E-10 5.7425E-10 6.6072E-10 7.5918E-10 8.8573E-10 1.0442E-09 1.2187E-09 1.4318E-09 1.6722E-09 1.9914E-09 2.3416E-09 2.7670E-09 3.3904E-09 4.2696E-09 5.2593E-09 6.4511E-09 7.9711E-09 9.6805E-09 1.1609E-08 1.3901E-08 1.7432E-08 2.3027E-08 2.9496E-08 3.4963E-08 3.9059E-08 4.1836E-08 4.3903E-08 4.5235E-08 4.5877E-08 4.5851E-08 4.5170E-08 4.3918E-08 4.2179E-08 4.0113E-08 3.7808E-08 3.5375E-08 3.2908E-08 3.0481E-08 2.8134E-08 2.5884E-08 2.3873E-08 2.2017E-08 2.0189E-08
