Assets/Resources/2015_m01_d09_0400(utc+0800)_l00_csi_1hr_conc.grd
DSAA
         159         159
     -79.000      79.000
     -79.000      79.000
  0.5459E-09  0.1136E-04
[rows 100 to 124 of 159, columns 57 to 113 of 159]
1.3207E-08 1.3923E-08 1.4693E-08 1.5523E-08 1.6419E-08 1.7386E-08 1.8428E-08 1.9554E-08 2.0765E-08 2.2071E-08 2.3473E-08 2.4981E-08 2.6594E-08 2.8320E-08 3.0160E-08 3.2133E-08 3.4881E-08 3.8058E-08 4.2105E-08 4.7962E-08 5.5937E-08 6.7474E-08 8.5328E-08 1.1171E-07 1.4968E-07 2.0208E-07 2.7092E-07 3.5602E-07 4.5426E-07 5.5937E-07 6.6254E-07 7.5069E-07 8.1653E-07 8.5014E-07 8.5391E-07 8.3698E-07 8.0563E-07 7.5756E-07 6.9532E-07 6.2482E-07 5.5173E-07 4.7952E-07 4.1170E-07 3.5089E-07 2.9772E-07 2.5260E-07 2.1526E-07 1.8485E-07 1.6067E-07 1.4111E-07 1.2444E-07 1.0994E-07 9.7050E-08 8.4674E-08 7.6054E-08 6.9520E-08 6.4121E-08
1.3168E-08 1.3879E-08 1.4646E-08 1.5471E-08 1.6362E-08 1.7322E-08 1.8359E-08 1.9475E-08 2.0679E-08 2.1975E-08 2.3367E-08 2.4862E-08 2.6463E-08 2.8173E-08 2.9999E-08 3.1950E-08 3.4668E-08 3.7851E-08 4.1802E-08 4.7574E-08 5.5411E-08 6.6844E-08 8.4412E-08 1.0985E-07 1.4561E-07 1.9400E-07 2.5659E-07 3.3341E-07 4.2231E-07 5.1889E-07 6.1849E-07 7.0788E-07 7.7549E-07 8.1384E-07 8.2422E-07 8.1363E-07 7.8647E-07 7.4140E-07 6.8251E-07 6.1603E-07 5.4716E-07 4.7829E-07 4.1224E-07 3.5164E-07 2.9820E-07 2.5270E-07 2.1496E-07 1.8437E-07 1.6007E-07 1.4053E-07 1.2402E-07 1.0973E-07 9.7028E-08 8.4445E-08 7.5418E-08 6.8835E-08 6.3340E-08
1.3113E-08 1.3819E-08 1.4579E-08 1.5398E-08 1.6281E-08 1.7232E-08 1.8260E-08 1.9365E-08 2.0557E-08 2.1838E-08 2.3218E-08 2.4694E-08 2.6279E-08 2.7968E-08 2.9772E-08 3.1688E-08 3.4330E-08 3.7455E-08 4.1295E-08 4.6815E-08 5.4501E-08 6.5420E-08 8.2007E-08 1.0552E-07 1.3798E-07 1.8141E-07 2.3700E-07 3.0498E-07 3.8460E-07 4.7256E-07 5.6322E-07 6.4589E-07 7.0999E-07 7.4875E-07 7.6306E-07 7.5854E-07 7.3811E-07 7.0159E-07 6.5183E-07 5.9292E-07 5.2905E-07 4.6424E-07 4.0141E-07 3.4329E-07 2.9165E-07 2.4746E-07 2.1067E-07 1.8093E-07 1.5724E-07 1.3825E-07 1.2227E-07 1.0846E-07 9.6166E-08 8.3758E-08 7.4538E-08 6.7804E-08 6.2407E-08
1.3041E-08 1.3741E-08 1.4494E-08 1.5304E-08 1.6177E-08 1.7117E-08 1.8132E-08 1.9224E-08 2.0401E-08 2.1665E-08 2.3025E-08 2.4482E-08 2.6042E-08 2.7708E-08 2.9482E-08 3.1367E-08 3.3871E-08 3.6916E-08 4.0565E-08 4.5756E-08 5.3103E-08 6.3265E-08 7.8163E-08 9.9314E-08 1.2802E-07 1.6591E-07 2.1402E-07 2.7299E-07 3.4199E-07 4.1841E-07 4.9725E-07 5.6953E-07 6.2674E-07 6.6453E-07 6.8412E-07 6.8782E-07 6.7553E-07 6.4687E-07 6.0489E-07 5.5327E-07 4.9627E-07 4.3767E-07 3.8024E-07 3.2664E-07 2.7864E-07 2.3735E-07 2.0271E-07 1.7471E-07 1.5237E-07 1.3441E-07 1.1928E-07 1.0621E-07 9.4515E-08 8.2659E-08 7.3357E-08 6.6513E-08 6.1193E-08
1.2951E-08 1.3647E-08 1.4390E-08 1.5189E-08 1.6050E-08 1.6978E-08 1.7976E-08 1.9053E-08 2.0210E-08 2.1455E-08 2.2790E-08 2.4224E-08 2.5754E-08 2.7391E-08 2.9131E-08 3.0981E-08 3.3298E-08 3.6243E-08 3.9699E-08 4.4424E-08 5.1282E-08 6.0543E-08 7.3434E-08 9.1963E-08 1.1643E-07 1.4849E-07 1.8935E-07 2.3903E-07 2.9688E-07 3.6066E-07 4.2659E-07 4.8800E-07 5.3859E-07 5.7550E-07 5.9826E-07 6.0691E-07 6.0019E-07 5.7869E-07 5.4470E-07 5.0136E-07 4.5239E-07 4.0145E-07 3.5093E-07 3.0333E-07 2.6039E-07 2.2307E-07 1.9172E-07 1.6622E-07 1.4580E-07 1.2921E-07 1.1525E-07 1.0312E-07 9.2169E-08 8.1025E-08 7.1966E-08 6.5005E-08 5.9722E-08
1.2847E-08 1.3536E-08 1.4268E-08 1.5055E-08 1.5902E-08 1.6814E-08 1.7795E-08 1.8852E-08 1.9988E-08 2.1209E-08 2.2518E-08 2.3922E-08 2.5422E-08 2.7023E-08 2.8725E-08 3.0532E-08 3.2618E-08 3.5447E-08 3.8772E-08 4.2940E-08 4.9165E-08 5.7386E-08 6.8147E-08 8.3626E-08 1.0441E-07 1.3121E-07 1.6490E-07 2.0549E-07 2.5243E-07 3.0419E-07 3.5804E-07 4.0892E-07 4.5224E-07 4.8618E-07 5.0996E-07 5.2159E-07 5.1908E-07 5.0373E-07 4.7734E-07 4.4229E-07 4.0188E-07 3.5914E-07 3.1629E-07 2.7549E-07 2.3845E-07 2.0586E-07 1.7855E-07 1.5610E-07 1.3798E-07 1.2304E-07 1.1042E-07 9.9318E-08 8.9225E-08 7.8924E-08 7.0327E-08 6.3316E-08 5.8068E-08
1.2729E-08 1.3410E-08 1.4129E-08 1.4902E-08 1.5733E-08 1.6627E-08 1.7589E-08 1.8624E-08 1.9736E-08 2.0929E-08 2.2210E-08 2.3580E-08 2.5045E-08 2.6605E-08 2.8266E-08 3.0025E-08 3.1909E-08 3.4513E-08 3.7753E-08 4.1473E-08 4.6711E-08 5.3940E-08 6.3167E-08 7.5569E-08 9.2925E-08 1.1459E-07 1.4160E-07 1.7385E-07 2.1110E-07 2.5217E-07 2.9494E-07 3.3601E-07 3.7239E-07 4.0266E-07 4.2547E-07 4.3796E-07 4.3839E-07 4.2815E-07 4.0837E-07 3.8109E-07 3.4893E-07 3.1437E-07 2.7925E-07 2.4550E-07 2.1447E-07 1.8730E-07 1.6417E-07 1.4498E-07 1.2938E-07 1.1627E-07 1.0505E-07 9.5013E-08 8.5733E-08 7.6439E-08 6.8400E-08 6.1581E-08 5.6252E-08
1.2597E-08 1.3269E-08 1.3974E-08 1.4731E-08 1.5545E-08 1.6419E-08 1.7360E-08 1.8370E-08 1.9455E-08 2.0619E-08 2.1867E-08 2.3200E-08 2.4626E-08 2.6143E-08 2.7757E-08 2.9465E-08 3.1272E-08 3.3521E-08 3.6622E-08 4.0000E-08 4.4276E-08 5.0567E-08 5.8353E-08 6.8293E-08 8.1836E-08 9.9298E-08 1.2062E-07 1.4591E-07 1.7487E-07 2.0671E-07 2.3995E-07 2.7247E-07 3.0241E-07 3.2841E-07 3.4885E-07 3.6081E-07 3.6307E-07 3.5662E-07 3.4244E-07 3.2194E-07 2.9732E-07 2.7028E-07 2.4243E-07 2.1546E-07 1.9030E-07 1.6819E-07 1.4932E-07 1.3356E-07 1.2034E-07 1.0914E-07 9.9353E-08 9.0454E-08 8.1974E-08 7.3656E-08 6.6205E-08 5.9686E-08 5.4392E-08
1.2452E-08 1.3113E-08 1.3804E-08 1.4544E-08 1.5339E-08 1.6192E-08 1.7108E-08 1.8092E-08 1.9148E-08 2.0280E-08 2.1492E-08 2.2787E-08 2.4169E-08 2.5641E-08 2.7203E-08 2.8858E-08 3.0604E-08 3.2512E-08 3.5348E-08 3.8519E-08 4.2149E-08 4.7109E-08 5.3782E-08 6.1849E-08 7.2232E-08 8.5828E-08 1.0251E-07 1.2210E-07 1.4426E-07 1.6856E-07 1.9401E-07 2.1941E-07 2.4356E-07 2.6516E-07 2.8253E-07 2.9298E-07 2.9617E-07 2.9255E-07 2.8267E-07 2.6797E-07 2.4975E-07 2.2923E-07 2.0793E-07 1.8674E-07 1.6734E-07 1.5001E-07 1.3490E-07 1.2222E-07 1.1140E-07 1.0198E-07 9.3467E-08 8.5680E-08 7.8019E-08 7.0617E-08 6.3752E-08 5.7676E-08 5.2485E-08
1.2298E-08 1.2941E-08 1.3620E-08 1.4341E-08 1.5116E-08 1.5946E-08 1.6837E-08 1.7793E-08 1.8818E-08 1.9916E-08 2.1089E-08 2.2343E-08 2.3679E-08 2.5102E-08 2.6609E-08 2.8207E-08 2.9889E-08 3.1661E-08 3.3924E-08 3.7002E-08 4.0198E-08 4.4076E-08 4.9481E-08 5.6234E-08 6.4303E-08 7.4594E-08 8.7201E-08 1.0230E-07 1.1918E-07 1.3750E-07 1.5677E-07 1.7631E-07 1.9538E-07 2.1274E-07 2.2683E-07 2.3584E-07 2.3929E-07 2.3748E-07 2.3107E-07 2.2090E-07 2.0784E-07 1.9287E-07 1.7673E-07 1.6124E-07 1.4638E-07 1.3309E-07 1.2154E-07 1.1148E-07 1.0272E-07 9.4885E-08 8.7746E-08 8.0745E-08 7.3799E-08 6.7261E-08 6.1094E-08 5.5520E-08 5.0530E-08
1.2131E-08 1.2756E-08 1.3423E-08 1.4125E-08 1.4877E-08 1.5684E-08 1.6548E-08 1.7474E-08 1.8466E-08 1.9528E-08 2.0662E-08 2.1872E-08 2.3160E-08 2.4531E-08 2.5982E-08 2.7518E-08 2.9136E-08 3.0836E-08 3.2648E-08 3.5343E-08 3.8371E-08 4.1662E-08 4.5777E-08 5.1164E-08 5.7720E-08 6.5439E-08 7.5153E-08 8.6349E-08 9.8813E-08 1.1273E-07 1.2725E-07 1.4217E-07 1.5690E-07 1.7064E-07 1.8166E-07 1.8887E-07 1.9229E-07 1.9177E-07 1.8788E-07 1.8124E-07 1.7197E-07 1.6154E-07 1.5032E-07 1.3876E-07 1.2804E-07 1.1815E-07 1.0936E-07 1.0160E-07 9.4613E-08 8.8128E-08 8.1995E-08 7.5889E-08 6.9870E-08 6.3931E-08 5.8349E-08 5.3250E-08 4.8560E-08
1.1954E-08 1.2559E-08 1.3214E-08 1.3895E-08 1.4625E-08 1.5407E-08 1.6243E-08 1.7138E-08 1.8096E-08 1.9119E-08 2.0212E-08 2.1377E-08 2.2616E-08 2.3931E-08 2.5326E-08 2.6797E-08 2.8349E-08 2.9974E-08 3.1678E-08 3.3748E-08 3.6505E-08 3.9496E-08 4.2691E-08 4.6987E-08 5.2018E-08 5.8156E-08 6.5388E-08 7.3975E-08 8.3402E-08 9.3590E-08 1.0445E-07 1.1570E-07 1.2700E-07 1.3762E-07 1.4609E-07 1.5183E-07 1.5487E-07 1.5525E-07 1.5308E-07 1.4898E-07 1.4315E-07 1.3599E-07 1.2796E-07 1.2012E-07 1.1223E-07 1.0514E-07 9.8664E-08 9.2660E-08 8.7053E-08 8.1836E-08 7.6520E-08 7.1073E-08 6.5816E-08 6.0615E-08 5.5629E-08 5.0898E-08 4.6515E-08
1.1767E-08 1.2357E-08 1.2989E-08 1.3655E-08 1.4361E-08 1.5116E-08 1.5924E-08 1.6787E-08 1.7710E-08 1.8694E-08 1.9745E-08 2.0862E-08 2.2051E-08 2.3311E-08 2.4645E-08 2.6052E-08 2.7533E-08 2.9085E-08 3.0709E-08 3.2397E-08 3.4690E-08 3.7339E-08 4.0273E-08 4.3521E-08 4.7640E-08 5.2274E-08 5.7509E-08 6.3993E-08 7.1320E-08 7.8984E-08 8.7140E-08 9.5578E-08 1.0410E-07 1.1214E-07 1.1863E-07 1.2326E-07 1.2595E-07 1.2686E-07 1.2600E-07 1.2367E-07 1.1974E-07 1.1522E-07 1.1007E-07 1.0433E-07 9.9139E-08 9.4098E-08 8.9178E-08 8.4650E-08 8.0288E-08 7.5777E-08 7.1153E-08 6.6658E-08 6.1993E-08 5.7342E-08 5.2871E-08 4.8493E-08 4.4420E-08
1.1564E-08 1.2144E-08 1.2753E-08 1.3405E-08 1.4086E-08 1.4815E-08 1.5593E-08 1.6424E-08 1.7310E-08 1.8255E-08 1.9261E-08 2.0332E-08 2.1468E-08 2.2672E-08 2.3944E-08 2.5287E-08 2.6696E-08 2.8174E-08 2.9715E-08 3.1321E-08 3.3111E-08 3.5400E-08 3.7829E-08 4.0607E-08 4.3885E-08 4.7740E-08 5.1810E-08 5.6366E-08 6.1630E-08 6.7669E-08 7.4037E-08 8.0425E-08 8.6813E-08 9.2847E-08 9.7744E-08 1.0139E-07 1.0382E-07 1.0504E-07 1.0489E-07 1.0379E-07 1.0179E-07 9.8695E-08 9.5356E-08 9.1892E-08 8.8238E-08 8.4567E-08 8.1105E-08 7.7603E-08 7.3938E-08 7.0186E-08 6.6390E-08 6.2348E-08 5.8256E-08 5.4208E-08 5.0104E-08 4.6072E-08 4.2298E-08
1.1356E-08 1.1922E-08 1.2509E-08 1.3143E-08 1.3803E-08 1.4504E-08 1.5252E-08 1.6049E-08 1.6899E-08 1.7804E-08 1.8766E-08 1.9789E-08 2.0872E-08 2.2020E-08 2.3230E-08 2.4506E-08 2.5844E-08 2.7247E-08 2.8708E-08 3.0229E-08 3.1800E-08 3.3675E-08 3.5896E-08 3.8124E-08 4.0507E-08 4.3651E-08 4.7150E-08 5.0733E-08 5.4603E-08 5.8879E-08 6.3964E-08 6.8958E-08 7.3866E-08 7.8369E-08 8.2139E-08 8.5022E-08 8.7147E-08 8.8408E-08 8.8899E-08 8.8626E-08 8.7428E-08 8.5954E-08 8.3914E-08 8.1522E-08 7.9170E-08 7.6639E-08 7.3771E-08 7.0905E-08 6.8232E-08 6.5170E-08 6.1826E-08 5.8351E-08 5.4781E-08 5.1118E-08 4.7356E-08 4.3658E-08 4.0176E-08
1.1133E-08 1.1693E-08 1.2263E-08 1.2868E-08 1.3512E-08 1.4185E-08 1.4903E-08 1.5667E-08 1.6480E-08 1.7344E-08 1.8262E-08 1.9236E-08 2.0267E-08 2.1358E-08 2.2507E-08 2.3717E-08 2.4985E-08 2.6311E-08 2.7693E-08 2.9127E-08 3.0611E-08 3.2135E-08 3.4015E-08 3.6117E-08 3.8122E-08 4.0317E-08 4.2920E-08 4.6015E-08 4.9228E-08 5.2595E-08 5.6159E-08 5.9879E-08 6.3944E-08 6.7495E-08 7.0438E-08 7.2839E-08 7.4695E-08 7.5964E-08 7.6527E-08 7.6749E-08 7.6468E-08 7.5605E-08 7.4489E-08 7.3133E-08 7.1471E-08 6.9460E-08 6.7538E-08 6.5526E-08 6.3086E-08 6.0517E-08 5.7659E-08 5.4606E-08 5.1459E-08 4.8100E-08 4.4657E-08 4.1269E-08 3.8074E-08
1.0901E-08 1.1451E-08 1.2008E-08 1.2588E-08 1.3212E-08 1.3860E-08 1.4547E-08 1.5278E-08 1.6054E-08 1.6878E-08 1.7752E-08 1.8678E-08 1.9657E-08 2.0690E-08 2.1780E-08 2.2923E-08 2.4122E-08 2.5372E-08 2.6676E-08 2.8025E-08 2.9421E-08 3.0854E-08 3.2324E-08 3.4127E-08 3.6074E-08 3.7954E-08 3.9945E-08 4.2124E-08 4.4891E-08 4.7740E-08 5.0617E-08 5.3464E-08 5.6203E-08 5.8775E-08 6.1320E-08 6.3524E-08 6.5219E-08 6.6415E-08 6.7266E-08 6.7769E-08 6.7912E-08 6.7575E-08 6.6695E-08 6.5806E-08 6.4914E-08 6.3782E-08 6.2083E-08 6.0280E-08 5.8532E-08 5.6247E-08 5.3749E-08 5.1139E-08 4.8251E-08 4.5175E-08 4.2029E-08 3.8933E-08 3.6004E-08
1.0678E-08 1.1200E-08 1.1747E-08 1.2308E-08 1.2902E-08 1.3531E-08 1.4187E-08 1.4884E-08 1.5624E-08 1.6408E-08 1.7239E-08 1.8117E-08 1.9045E-08 2.0023E-08 2.1051E-08 2.2130E-08 2.3260E-08 2.4437E-08 2.5662E-08 2.6930E-08 2.8239E-08 2.9584E-08 3.0958E-08 3.2357E-08 3.4003E-08 3.5823E-08 3.7574E-08 3.9391E-08 4.1314E-08 4.3588E-08 4.6143E-08 4.8586E-08 5.0837E-08 5.2929E-08 5.4867E-08 5.6578E-08 5.8028E-08 5.9149E-08 5.9980E-08 6.0578E-08 6.0921E-08 6.0887E-08 6.0718E-08 6.0291E-08 5.9498E-08 5.8383E-08 5.7346E-08 5.5995E-08 5.4211E-08 5.2315E-08 5.0217E-08 4.7816E-08 4.5169E-08 4.2360E-08 3.9489E-08 3.6664E-08 3.3986E-08
1.0453E-08 1.0936E-08 1.1477E-08 1.2021E-08 1.2587E-08 1.3195E-08 1.3825E-08 1.4489E-08 1.5193E-08 1.5938E-08 1.6725E-08 1.7557E-08 1.8434E-08 1.9357E-08 2.0326E-08 2.1343E-08 2.2404E-08 2.3511E-08 2.4658E-08 2.5847E-08 2.7071E-08 2.8329E-08 2.9611E-08 3.0918E-08 3.2236E-08 3.3640E-08 3.5355E-08 3.7047E-08 3.8678E-08 4.0394E-08 4.2232E-08 4.4110E-08 4.6208E-08 4.8129E-08 4.9804E-08 5.1247E-08 5.2547E-08 5.3549E-08 5.4384E-08 5.5091E-08 5.5523E-08 5.5715E-08 5.5378E-08 5.5139E-08 5.4779E-08 5.4170E-08 5.3101E-08 5.1765E-08 5.0435E-08 4.8793E-08 4.6853E-08 4.4647E-08 4.2227E-08 3.9665E-08 3.7050E-08 3.4477E-08 3.2032E-08
1.0225E-08 1.0688E-08 1.1196E-08 1.1731E-08 1.2276E-08 1.2851E-08 1.3461E-08 1.4093E-08 1.4761E-08 1.5468E-08 1.6213E-08 1.6999E-08 1.7826E-08 1.8697E-08 1.9608E-08 2.0563E-08 2.1559E-08 2.2596E-08 2.3670E-08 2.4781E-08 2.5924E-08 2.7097E-08 2.8293E-08 2.9508E-08 3.0735E-08 3.1967E-08 3.3201E-08 3.4659E-08 3.6277E-08 3.7864E-08 3.9388E-08 4.0958E-08 4.2512E-08 4.3995E-08 4.5391E-08 4.6675E-08 4.7833E-08 4.8834E-08 4.9655E-08 5.0289E-08 5.0776E-08 5.1070E-08 5.1182E-08 5.1094E-08 5.0567E-08 4.9896E-08 4.9202E-08 4.8233E-08 4.6983E-08 4.5455E-08 4.3665E-08 4.1642E-08 3.9431E-08 3.7098E-08 3.4721E-08 3.2380E-08 3.0153E-08
9.9942E-09 1.0439E-08 1.0908E-08 1.1433E-08 1.1961E-08 1.2507E-08 1.3091E-08 1.3698E-08 1.4331E-08 1.5000E-08 1.5705E-08 1.6446E-08 1.7226E-08 1.8044E-08 1.8901E-08 1.9796E-08 2.0729E-08 2.1698E-08 2.2702E-08 2.3737E-08 2.4803E-08 2.5892E-08 2.7006E-08 2.8132E-08 2.9273E-08 3.0413E-08 3.1554E-08 3.2712E-08 3.3910E-08 3.5209E-08 3.6730E-08 3.8242E-08 3.9592E-08 4.0878E-08 4.2067E-08 4.3193E-08 4.4193E-08 4.5083E-08 4.5883E-08 4.6514E-08 4.6985E-08 4.7293E-08 4.7227E-08 4.7119E-08 4.6916E-08 4.6487E-08 4.5817E-08 4.4898E-08 4.3726E-08 4.2307E-08 4.0657E-08 3.8803E-08 3.6787E-08 3.4666E-08 3.2506E-08 3.0381E-08 2.8357E-08
9.3584E-09 1.0189E-08 1.0639E-08 1.1124E-08 1.1644E-08 1.2168E-08 1.2718E-08 1.3304E-08 1.3905E-08 1.4537E-08 1.5202E-08 1.5901E-08 1.6634E-08 1.7402E-08 1.8206E-08 1.9043E-08 1.9916E-08 2.0820E-08 2.1756E-08 2.2719E-08 2.3710E-08 2.4722E-08 2.5755E-08 2.6799E-08 2.7854E-08 2.8910E-08 2.9964E-08 3.1011E-08 3.2103E-08 3.3201E-08 3.4344E-08 3.5498E-08 3.6671E-08 3.7806E-08 3.8995E-08 4.0016E-08 4.0919E-08 4.1687E-08 4.2391E-08 4.2985E-08 4.3459E-08 4.3782E-08 4.3940E-08 4.3917E-08 4.3700E-08 4.3274E-08 4.2630E-08 4.1760E-08 4.0665E-08 3.9350E-08 3.7831E-08 3.6134E-08 3.4297E-08 3.2370E-08 3.0412E-08 2.8485E-08 2.6647E-08
9.1372E-09 9.9355E-09 1.0365E-08 1.0817E-08 1.1318E-08 1.1828E-08 1.2353E-08 1.2903E-08 1.3484E-08 1.4080E-08 1.4707E-08 1.5365E-08 1.6053E-08 1.6774E-08 1.7526E-08 1.8309E-08 1.9122E-08 1.9965E-08 2.0836E-08 2.1732E-08 2.2651E-08 2.3590E-08 2.4544E-08 2.5512E-08 2.6484E-08 2.7461E-08 2.8430E-08 2.9393E-08 3.0371E-08 3.1370E-08 3.2395E-08 3.3429E-08 3.4482E-08 3.5509E-08 3.6483E-08 3.7393E-08 3.8228E-08 3.8976E-08 3.9624E-08 4.0159E-08 4.0569E-08 4.0838E-08 4.0954E-08 4.0904E-08 4.0675E-08 4.0256E-08 3.9640E-08 3.8820E-08 3.7799E-08 3.6582E-08 3.5185E-08 3.3634E-08 3.1961E-08 3.0212E-08 2.8439E-08 2.6694E-08 2.5027E-08
8.9209E-09 9.2820E-09 1.0097E-08 1.0529E-08 1.0983E-08 1.1486E-08 1.1988E-08 1.2508E-08 1.3059E-08 1.3631E-08 1.4221E-08 1.4839E-08 1.5485E-08 1.6160E-08 1.6862E-08 1.7594E-08 1.8351E-08 1.9136E-08 1.9944E-08 2.0777E-08 2.1627E-08 2.2497E-08 2.3378E-08 2.4272E-08 2.5168E-08 2.6068E-08 2.6961E-08 2.7846E-08 2.8724E-08 2.9632E-08 3.0541E-08 3.1472E-08 3.2409E-08 3.3339E-08 3.4219E-08 3.5039E-08 3.5789E-08 3.6456E-08 3.7030E-08 3.7498E-08 3.7850E-08 3.8071E-08 3.8152E-08 3.8079E-08 3.7842E-08 3.7433E-08 3.6845E-08 3.6075E-08 3.5124E-08 3.4000E-08 3.2717E-08 3.1300E-08 2.9779E-08 2.8193E-08 2.6587E-08 2.5009E-08 2.3499E-08
8.7169E-09 9.0419E-09 9.8222E-09 1.0238E-08 1.0668E-08 1.1133E-08 1.1628E-08 1.2124E-08 1.2638E-08 1.3185E-08 1.3745E-08 1.4325E-08 1.4931E-08 1.5562E-08 1.6218E-08 1.6900E-08 1.7605E-08 1.8334E-08 1.9084E-08 1.9855E-08 2.0642E-08 2.1445E-08 2.2259E-08 2.3082E-08 2.3909E-08 2.4735E-08 2.5557E-08 2.6368E-08 2.7166E-08 2.7978E-08 2.8795E-08 2.9630E-08 3.0460E-08 3.1294E-08 3.2088E-08 3.2824E-08 3.3494E-08 3.4088E-08 3.4594E-08 3.5002E-08 3.5301E-08 3.5481E-08 3.5530E-08 3.5439E-08 3.5198E-08 3.4801E-08 3.4242E-08 3.3519E-08 3.2636E-08 3.1599E-08 3.0423E-08 2.9129E-08 2.7746E-08 2.6309E-08 2.4857E-08 2.3429E-08 2.2063E-08
