Assets/Resources/2015_m01_d09_1700(utc+0800)_l00_csi_1hr_conc.grd
DSAA
         159         159
     -79.000      79.000
     -79.000      79.000
  0.1018E-08  0.7293E-04
[rows 125 to 149 of 159, columns 57 to 113 of 159]
3.3538E-08 3.4130E-08 3.4668E-08 3.5150E-08 3.5577E-08 3.5945E-08 3.6236E-08 3.6446E-08 3.6578E-08 3.6630E-08 3.6610E-08 3.6524E-08 3.6377E-08 3.6170E-08 3.5855E-08 3.5447E-08 3.4966E-08 3.4277E-08 3.3536E-08 3.2765E-08 3.1932E-08 3.1115E-08 3.0301E-08 2.9417E-08 2.8609E-08 2.7827E-08 2.6996E-08 2.6219E-08 2.5438E-08 2.4715E-08 2.4040E-08 2.3384E-08 2.2733E-08 2.2115E-08 2.1515E-08 2.0933E-08 2.0369E-08 1.9823E-08 1.9294E-08 1.8782E-08 1.8285E-08 1.7804E-08 1.7338E-08 1.6886E-08 1.6448E-08 1.6025E-08 1.5615E-08 1.5218E-08 1.4833E-08 1.4461E-08 1.4101E-08 1.3751E-08 1.3413E-08 1.3009E-08 1.2693E-08 1.2385E-08 1.2014E-08
3.2171E-08 3.2765E-08 3.3273E-08 3.3731E-08 3.4137E-08 3.4491E-08 3.4792E-08 3.5026E-08 3.5189E-08 3.5282E-08 3.5305E-08 3.5264E-08 3.5164E-08 3.5009E-08 3.4799E-08 3.4486E-08 3.4090E-08 3.3627E-08 3.2964E-08 3.2240E-08 3.1504E-08 3.0729E-08 2.9902E-08 2.9128E-08 2.8329E-08 2.7554E-08 2.6810E-08 2.6051E-08 2.5315E-08 2.4619E-08 2.3954E-08 2.3298E-08 2.2671E-08 2.2060E-08 2.1467E-08 2.0891E-08 2.0332E-08 1.9790E-08 1.9266E-08 1.8757E-08 1.8265E-08 1.7787E-08 1.7324E-08 1.6875E-08 1.6440E-08 1.6018E-08 1.5610E-08 1.5215E-08 1.4832E-08 1.4461E-08 1.4102E-08 1.3753E-08 1.3415E-08 1.3018E-08 1.2704E-08 1.2326E-08 1.2008E-08
3.0968E-08 3.1492E-08 3.1972E-08 3.2408E-08 3.2796E-08 3.3137E-08 3.3428E-08 3.3685E-08 3.3885E-08 3.4005E-08 3.4062E-08 3.4058E-08 3.3994E-08 3.3879E-08 3.3717E-08 3.3507E-08 3.3203E-08 3.2804E-08 3.2358E-08 3.1727E-08 3.0978E-08 3.0273E-08 2.9545E-08 2.8767E-08 2.8029E-08 2.7324E-08 2.6585E-08 2.5869E-08 2.5194E-08 2.4507E-08 2.3842E-08 2.3208E-08 2.2590E-08 2.1988E-08 2.1402E-08 2.0833E-08 2.0280E-08 1.9744E-08 1.9224E-08 1.8719E-08 1.8231E-08 1.7758E-08 1.7298E-08 1.6853E-08 1.6421E-08 1.6002E-08 1.5596E-08 1.5202E-08 1.4821E-08 1.4452E-08 1.4094E-08 1.3747E-08 1.3344E-08 1.3020E-08 1.2703E-08 1.2335E-08 1.2019E-08
2.9827E-08 3.0322E-08 3.0778E-08 3.1193E-08 3.1566E-08 3.1894E-08 3.2176E-08 3.2431E-08 3.2636E-08 3.2767E-08 3.2863E-08 3.2909E-08 3.2882E-08 3.2803E-08 3.2669E-08 3.2491E-08 3.2279E-08 3.1985E-08 3.1580E-08 3.1118E-08 3.0508E-08 2.9819E-08 2.9122E-08 2.8425E-08 2.7716E-08 2.7026E-08 2.6351E-08 2.5693E-08 2.5025E-08 2.4382E-08 2.3739E-08 2.3101E-08 2.2493E-08 2.1900E-08 2.1323E-08 2.0761E-08 2.0214E-08 1.9684E-08 1.9169E-08 1.8669E-08 1.8185E-08 1.7716E-08 1.7261E-08 1.6819E-08 1.6391E-08 1.5975E-08 1.5572E-08 1.5181E-08 1.4801E-08 1.4434E-08 1.4078E-08 1.3733E-08 1.3338E-08 1.3014E-08 1.2638E-08 1.2317E-08 1.1964E-08
2.8754E-08 2.9262E-08 2.9717E-08 3.0116E-08 3.0474E-08 3.0792E-08 3.1067E-08 3.1299E-08 3.1486E-08 3.1625E-08 3.1752E-08 3.1790E-08 3.1794E-08 3.1758E-08 3.1664E-08 3.1522E-08 3.1326E-08 3.1077E-08 3.0785E-08 3.0409E-08 2.9953E-08 2.9359E-08 2.8732E-08 2.8055E-08 2.7389E-08 2.6753E-08 2.6117E-08 2.5474E-08 2.4847E-08 2.4222E-08 2.3607E-08 2.2992E-08 2.2381E-08 2.1798E-08 2.1229E-08 2.0675E-08 2.0135E-08 1.9611E-08 1.9102E-08 1.8607E-08 1.8128E-08 1.7663E-08 1.7212E-08 1.6775E-08 1.6350E-08 1.5938E-08 1.5538E-08 1.5150E-08 1.4773E-08 1.4408E-08 1.4054E-08 1.3654E-08 1.3323E-08 1.2943E-08 1.2633E-08 1.2313E-08 1.1967E-08
2.7778E-08 2.8261E-08 2.8695E-08 2.9081E-08 2.9428E-08 2.9736E-08 3.0002E-08 3.0226E-08 3.0410E-08 3.0566E-08 3.0684E-08 3.0741E-08 3.0765E-08 3.0746E-08 3.0652E-08 3.0533E-08 3.0389E-08 3.0195E-08 2.9946E-08 2.9651E-08 2.9301E-08 2.8861E-08 2.8299E-08 2.7693E-08 2.7081E-08 2.6457E-08 2.5849E-08 2.5246E-08 2.4640E-08 2.4041E-08 2.3443E-08 2.2854E-08 2.2266E-08 2.1681E-08 2.1122E-08 2.0576E-08 2.0044E-08 1.9526E-08 1.9023E-08 1.8534E-08 1.8060E-08 1.7599E-08 1.7152E-08 1.6719E-08 1.6299E-08 1.5891E-08 1.5495E-08 1.5110E-08 1.4736E-08 1.4374E-08 1.3970E-08 1.3630E-08 1.3300E-08 1.2928E-08 1.2602E-08 1.2251E-08 1.1888E-08
2.6763E-08 2.7235E-08 2.7665E-08 2.8050E-08 2.8389E-08 2.8691E-08 2.8955E-08 2.9178E-08 2.9389E-08 2.9588E-08 2.9694E-08 2.9744E-08 2.9778E-08 2.9751E-08 2.9685E-08 2.9611E-08 2.9467E-08 2.9295E-08 2.9122E-08 2.8884E-08 2.8601E-08 2.8256E-08 2.7869E-08 2.7338E-08 2.6751E-08 2.6158E-08 2.5572E-08 2.4989E-08 2.4412E-08 2.3833E-08 2.3259E-08 2.2687E-08 2.2124E-08 2.1562E-08 2.1001E-08 2.0465E-08 1.9941E-08 1.9430E-08 1.8933E-08 1.8450E-08 1.7981E-08 1.7525E-08 1.7083E-08 1.6654E-08 1.6238E-08 1.5834E-08 1.5442E-08 1.5061E-08 1.4691E-08 1.4284E-08 1.3936E-08 1.3598E-08 1.3222E-08 1.2890E-08 1.2538E-08 1.2239E-08 1.1858E-08
2.5816E-08 2.6278E-08 2.6702E-08 2.7087E-08 2.7430E-08 2.7731E-08 2.8018E-08 2.8252E-08 2.8447E-08 2.8574E-08 2.8700E-08 2.8792E-08 2.8839E-08 2.8819E-08 2.8786E-08 2.8723E-08 2.8607E-08 2.8466E-08 2.8303E-08 2.8112E-08 2.7898E-08 2.7633E-08 2.7308E-08 2.6926E-08 2.6423E-08 2.5855E-08 2.5278E-08 2.4716E-08 2.4156E-08 2.3604E-08 2.3050E-08 2.2502E-08 2.1954E-08 2.1416E-08 2.0878E-08 2.0341E-08 1.9826E-08 1.9323E-08 1.8833E-08 1.8356E-08 1.7892E-08 1.7442E-08 1.7004E-08 1.6580E-08 1.6168E-08 1.5768E-08 1.5380E-08 1.5003E-08 1.4636E-08 1.4240E-08 1.3894E-08 1.3515E-08 1.3176E-08 1.2862E-08 1.2514E-08 1.2155E-08 1.1811E-08
2.4907E-08 2.5374E-08 2.5793E-08 2.6177E-08 2.6523E-08 2.6831E-08 2.7098E-08 2.7319E-08 2.7494E-08 2.7658E-08 2.7805E-08 2.7877E-08 2.7911E-08 2.7956E-08 2.7941E-08 2.7877E-08 2.7783E-08 2.7687E-08 2.7560E-08 2.7380E-08 2.7182E-08 2.6985E-08 2.6716E-08 2.6383E-08 2.6004E-08 2.5539E-08 2.4986E-08 2.4427E-08 2.3887E-08 2.3351E-08 2.2823E-08 2.2292E-08 2.1767E-08 2.1244E-08 2.0729E-08 2.0215E-08 1.9700E-08 1.9205E-08 1.8722E-08 1.8252E-08 1.7794E-08 1.7349E-08 1.6917E-08 1.6496E-08 1.6088E-08 1.5693E-08 1.5308E-08 1.4936E-08 1.4538E-08 1.4186E-08 1.3808E-08 1.3473E-08 1.3139E-08 1.2788E-08 1.2458E-08 1.2081E-08 1.1795E-08
2.4082E-08 2.4505E-08 2.4908E-08 2.5308E-08 2.5654E-08 2.5965E-08 2.6238E-08 2.6474E-08 2.6663E-08 2.6813E-08 2.6923E-08 2.7018E-08 2.7087E-08 2.7126E-08 2.7115E-08 2.7097E-08 2.7042E-08 2.6963E-08 2.6837E-08 2.6682E-08 2.6514E-08 2.6321E-08 2.6090E-08 2.5817E-08 2.5497E-08 2.5134E-08 2.4664E-08 2.4127E-08 2.3585E-08 2.3085E-08 2.2571E-08 2.2066E-08 2.1557E-08 2.1056E-08 2.0554E-08 2.0061E-08 1.9570E-08 1.9077E-08 1.8602E-08 1.8138E-08 1.7687E-08 1.7247E-08 1.6820E-08 1.6405E-08 1.6001E-08 1.5609E-08 1.5229E-08 1.4829E-08 1.4472E-08 1.4093E-08 1.3752E-08 1.3412E-08 1.3060E-08 1.2739E-08 1.2396E-08 1.2053E-08 1.1692E-08
2.3319E-08 2.3717E-08 2.4100E-08 2.4464E-08 2.4825E-08 2.5135E-08 2.5412E-08 2.5654E-08 2.5860E-08 2.6032E-08 2.6167E-08 2.6265E-08 2.6324E-08 2.6349E-08 2.6367E-08 2.6358E-08 2.6320E-08 2.6230E-08 2.6133E-08 2.6011E-08 2.5864E-08 2.5671E-08 2.5455E-08 2.5229E-08 2.4967E-08 2.4638E-08 2.4269E-08 2.3815E-08 2.3316E-08 2.2791E-08 2.2294E-08 2.1800E-08 2.1316E-08 2.0845E-08 2.0365E-08 1.9885E-08 1.9413E-08 1.8943E-08 1.8472E-08 1.8015E-08 1.7570E-08 1.7136E-08 1.6715E-08 1.6304E-08 1.5906E-08 1.5518E-08 1.5116E-08 1.4751E-08 1.4397E-08 1.4023E-08 1.3680E-08 1.3330E-08 1.3010E-08 1.2655E-08 1.2309E-08 1.2010E-08 1.1651E-08
2.2678E-08 2.3054E-08 2.3415E-08 2.3761E-08 2.4089E-08 2.4394E-08 2.4669E-08 2.4912E-08 2.5123E-08 2.5300E-08 2.5443E-08 2.5553E-08 2.5629E-08 2.5672E-08 2.5681E-08 2.5658E-08 2.5605E-08 2.5545E-08 2.5477E-08 2.5346E-08 2.5188E-08 2.5026E-08 2.4841E-08 2.4636E-08 2.4393E-08 2.4118E-08 2.3802E-08 2.3450E-08 2.3014E-08 2.2512E-08 2.2005E-08 2.1536E-08 2.1071E-08 2.0608E-08 2.0141E-08 1.9681E-08 1.9221E-08 1.8776E-08 1.8334E-08 1.7825E-08 1.7386E-08 1.7017E-08 1.6601E-08 1.6196E-08 1.5802E-08 1.5398E-08 1.5026E-08 1.4665E-08 1.4289E-08 1.3941E-08 1.3589E-08 1.3264E-08 1.2934E-08 1.2565E-08 1.2267E-08 1.1915E-08 1.1601E-08
2.2058E-08 2.2416E-08 2.2758E-08 2.3083E-08 2.3394E-08 2.3686E-08 2.3956E-08 2.4198E-08 2.4410E-08 2.4590E-08 2.4739E-08 2.4856E-08 2.4942E-08 2.4996E-08 2.5018E-08 2.5008E-08 2.4969E-08 2.4900E-08 2.4804E-08 2.4682E-08 2.4553E-08 2.4403E-08 2.4230E-08 2.4019E-08 2.3787E-08 2.3572E-08 2.3313E-08 2.2990E-08 2.2635E-08 2.2215E-08 2.1740E-08 2.1262E-08 2.0804E-08 2.0349E-08 1.9906E-08 1.9458E-08 1.9033E-08 1.8572E-08 1.8103E-08 1.7679E-08 1.7252E-08 1.6831E-08 1.6425E-08 1.6031E-08 1.5641E-08 1.5262E-08 1.4928E-08 1.4549E-08 1.4196E-08 1.3842E-08 1.3511E-08 1.3178E-08 1.2848E-08 1.2508E-08 1.2176E-08 1.1840E-08 1.1546E-08
2.1455E-08 2.1800E-08 2.2125E-08 2.2433E-08 2.2726E-08 2.3003E-08 2.3262E-08 2.3499E-08 2.3709E-08 2.3891E-08 2.4044E-08 2.4166E-08 2.4258E-08 2.4321E-08 2.4355E-08 2.4358E-08 2.4331E-08 2.4277E-08 2.4194E-08 2.4087E-08 2.3954E-08 2.3798E-08 2.3619E-08 2.3419E-08 2.3233E-08 2.3014E-08 2.2761E-08 2.2485E-08 2.2164E-08 2.1846E-08 2.1458E-08 2.0993E-08 2.0524E-08 2.0084E-08 1.9657E-08 1.9241E-08 1.8771E-08 1.8334E-08 1.7918E-08 1.7509E-08 1.7102E-08 1.6706E-08 1.6302E-08 1.5907E-08 1.5522E-08 1.5148E-08 1.4780E-08 1.4427E-08 1.4089E-08 1.3752E-08 1.3416E-08 1.3083E-08 1.2741E-08 1.2429E-08 1.2074E-08 1.1796E-08 1.1460E-08
2.0867E-08 2.1200E-08 2.1514E-08 2.1808E-08 2.2085E-08 2.2346E-08 2.2592E-08 2.2818E-08 2.3025E-08 2.3206E-08 2.3360E-08 2.3486E-08 2.3584E-08 2.3653E-08 2.3695E-08 2.3710E-08 2.3695E-08 2.3654E-08 2.3585E-08 2.3491E-08 2.3372E-08 2.3231E-08 2.3067E-08 2.2882E-08 2.2677E-08 2.2454E-08 2.2213E-08 2.1972E-08 2.1725E-08 2.1410E-08 2.1070E-08 2.0683E-08 2.0235E-08 1.9812E-08 1.9402E-08 1.8926E-08 1.8525E-08 1.8119E-08 1.7720E-08 1.7336E-08 1.6943E-08 1.6554E-08 1.6162E-08 1.5774E-08 1.5394E-08 1.5021E-08 1.4674E-08 1.4326E-08 1.3983E-08 1.3648E-08 1.3311E-08 1.2968E-08 1.2653E-08 1.2328E-08 1.2017E-08 1.1699E-08 1.1389E-08
2.0293E-08 2.0615E-08 2.0919E-08 2.1204E-08 2.1469E-08 2.1716E-08 2.1948E-08 2.2163E-08 2.2360E-08 2.2538E-08 2.2691E-08 2.2819E-08 2.2920E-08 2.2995E-08 2.3044E-08 2.3066E-08 2.3063E-08 2.3033E-08 2.2977E-08 2.2896E-08 2.2791E-08 2.2663E-08 2.2513E-08 2.2343E-08 2.2153E-08 2.1944E-08 2.1719E-08 2.1477E-08 2.1221E-08 2.0947E-08 2.0636E-08 2.0316E-08 1.9971E-08 1.9522E-08 1.9054E-08 1.8654E-08 1.8259E-08 1.7897E-08 1.7519E-08 1.7136E-08 1.6755E-08 1.6378E-08 1.6004E-08 1.5629E-08 1.5266E-08 1.4903E-08 1.4549E-08 1.4204E-08 1.3867E-08 1.3543E-08 1.3184E-08 1.2877E-08 1.2544E-08 1.2231E-08 1.1930E-08 1.1603E-08 1.1340E-08
1.9735E-08 2.0046E-08 2.0340E-08 2.0616E-08 2.0873E-08 2.1110E-08 2.1330E-08 2.1533E-08 2.1720E-08 2.1890E-08 2.2040E-08 2.2168E-08 2.2271E-08 2.2350E-08 2.2403E-08 2.2432E-08 2.2437E-08 2.2418E-08 2.2373E-08 2.2304E-08 2.2212E-08 2.2097E-08 2.1961E-08 2.1804E-08 2.1628E-08 2.1434E-08 2.1222E-08 2.0995E-08 2.0752E-08 2.0497E-08 2.0226E-08 1.9921E-08 1.9559E-08 1.9188E-08 1.8783E-08 1.8375E-08 1.8013E-08 1.7646E-08 1.7277E-08 1.6904E-08 1.6536E-08 1.6170E-08 1.5839E-08 1.5478E-08 1.5119E-08 1.4763E-08 1.4415E-08 1.4072E-08 1.3743E-08 1.3411E-08 1.3085E-08 1.2765E-08 1.2437E-08 1.2147E-08 1.1809E-08 1.1542E-08 1.1253E-08
1.9190E-08 1.9490E-08 1.9775E-08 2.0042E-08 2.0292E-08 2.0523E-08 2.0734E-08 2.0927E-08 2.1105E-08 2.1266E-08 2.1410E-08 2.1535E-08 2.1638E-08 2.1719E-08 2.1776E-08 2.1810E-08 2.1821E-08 2.1809E-08 2.1775E-08 2.1717E-08 2.1637E-08 2.1534E-08 2.1410E-08 2.1266E-08 2.1104E-08 2.0923E-08 2.0725E-08 2.0511E-08 2.0283E-08 2.0041E-08 1.9766E-08 1.9460E-08 1.9167E-08 1.8859E-08 1.8524E-08 1.8138E-08 1.7749E-08 1.7381E-08 1.7018E-08 1.6665E-08 1.6307E-08 1.5984E-08 1.5629E-08 1.5284E-08 1.4943E-08 1.4598E-08 1.4255E-08 1.3947E-08 1.3604E-08 1.3276E-08 1.2959E-08 1.2632E-08 1.2343E-08 1.2016E-08 1.1735E-08 1.1458E-08 1.1177E-08
1.8637E-08 1.8925E-08 1.9208E-08 1.9484E-08 1.9726E-08 1.9950E-08 2.0156E-08 2.0343E-08 2.0512E-08 2.0665E-08 2.0802E-08 2.0922E-08 2.1023E-08 2.1104E-08 2.1164E-08 2.1201E-08 2.1217E-08 2.1212E-08 2.1185E-08 2.1137E-08 2.1067E-08 2.0975E-08 2.0863E-08 2.0732E-08 2.0581E-08 2.0413E-08 2.0229E-08 2.0028E-08 1.9793E-08 1.9546E-08 1.9288E-08 1.9039E-08 1.8779E-08 1.8492E-08 1.8193E-08 1.7872E-08 1.7504E-08 1.7134E-08 1.6781E-08 1.6436E-08 1.6097E-08 1.5752E-08 1.5415E-08 1.5080E-08 1.4746E-08 1.4419E-08 1.4117E-08 1.3783E-08 1.3453E-08 1.3134E-08 1.2815E-08 1.2522E-08 1.2215E-08 1.1920E-08 1.1651E-08 1.1357E-08 1.1104E-08
1.8124E-08 1.8403E-08 1.8668E-08 1.8918E-08 1.9153E-08 1.9370E-08 1.9570E-08 1.9752E-08 1.9916E-08 2.0062E-08 2.0192E-08 2.0306E-08 2.0412E-08 2.0507E-08 2.0568E-08 2.0608E-08 2.0627E-08 2.0627E-08 2.0605E-08 2.0564E-08 2.0504E-08 2.0423E-08 2.0322E-08 2.0201E-08 2.0063E-08 1.9907E-08 1.9714E-08 1.9508E-08 1.9288E-08 1.9076E-08 1.8851E-08 1.8614E-08 1.8367E-08 1.8109E-08 1.7829E-08 1.7539E-08 1.7231E-08 1.6882E-08 1.6530E-08 1.6194E-08 1.5847E-08 1.5520E-08 1.5195E-08 1.4868E-08 1.4567E-08 1.4252E-08 1.3940E-08 1.3618E-08 1.3307E-08 1.2988E-08 1.2691E-08 1.2403E-08 1.2096E-08 1.1823E-08 1.1529E-08 1.1271E-08 1.0990E-08
1.7622E-08 1.7892E-08 1.8149E-08 1.8392E-08 1.8619E-08 1.8831E-08 1.9026E-08 1.9204E-08 1.9364E-08 1.9507E-08 1.9631E-08 1.9741E-08 1.9834E-08 1.9909E-08 1.9975E-08 2.0022E-08 2.0052E-08 2.0055E-08 2.0038E-08 2.0003E-08 1.9950E-08 1.9878E-08 1.9787E-08 1.9677E-08 1.9529E-08 1.9366E-08 1.9188E-08 1.9015E-08 1.8829E-08 1.8628E-08 1.8415E-08 1.8190E-08 1.7953E-08 1.7707E-08 1.7452E-08 1.7180E-08 1.6898E-08 1.6603E-08 1.6271E-08 1.5915E-08 1.5597E-08 1.5285E-08 1.4975E-08 1.4665E-08 1.4358E-08 1.4054E-08 1.3749E-08 1.3452E-08 1.3148E-08 1.2856E-08 1.2565E-08 1.2260E-08 1.1985E-08 1.1691E-08 1.1430E-08 1.1177E-08 1.0902E-08
1.7112E-08 1.7372E-08 1.7619E-08 1.7869E-08 1.8098E-08 1.8303E-08 1.8494E-08 1.8667E-08 1.8824E-08 1.8964E-08 1.9086E-08 1.9192E-08 1.9282E-08 1.9356E-08 1.9412E-08 1.9451E-08 1.9479E-08 1.9490E-08 1.9484E-08 1.9454E-08 1.9406E-08 1.9341E-08 1.9240E-08 1.9121E-08 1.8986E-08 1.8855E-08 1.8709E-08 1.8547E-08 1.8371E-08 1.8181E-08 1.7979E-08 1.7765E-08 1.7541E-08 1.7306E-08 1.7062E-08 1.6810E-08 1.6544E-08 1.6267E-08 1.5967E-08 1.5656E-08 1.5341E-08 1.5016E-08 1.4721E-08 1.4429E-08 1.4130E-08 1.3838E-08 1.3565E-08 1.3273E-08 1.2990E-08 1.2707E-08 1.2410E-08 1.2133E-08 1.1840E-08 1.1577E-08 1.1321E-08 1.1047E-08 1.0805E-08
1.6637E-08 1.6888E-08 1.7128E-08 1.7355E-08 1.7568E-08 1.7767E-08 1.7952E-08 1.8121E-08 1.8274E-08 1.8411E-08 1.8531E-08 1.8635E-08 1.8721E-08 1.8809E-08 1.8872E-08 1.8912E-08 1.8934E-08 1.8939E-08 1.8927E-08 1.8886E-08 1.8830E-08 1.8779E-08 1.8686E-08 1.8597E-08 1.8493E-08 1.8371E-08 1.8234E-08 1.8082E-08 1.7916E-08 1.7737E-08 1.7546E-08 1.7343E-08 1.7129E-08 1.6905E-08 1.6672E-08 1.6431E-08 1.6172E-08 1.5902E-08 1.5640E-08 1.5370E-08 1.5055E-08 1.4759E-08 1.4473E-08 1.4188E-08 1.3910E-08 1.3630E-08 1.3352E-08 1.3076E-08 1.2804E-08 1.2528E-08 1.2258E-08 1.1975E-08 1.1711E-08 1.1454E-08 1.1181E-08 1.0937E-08 1.0685E-08
1.6171E-08 1.6415E-08 1.6647E-08 1.6867E-08 1.7074E-08 1.7267E-08 1.7447E-08 1.7612E-08 1.7762E-08 1.7896E-08 1.8015E-08 1.8117E-08 1.8203E-08 1.8273E-08 1.8326E-08 1.8352E-08 1.8390E-08 1.8378E-08 1.8371E-08 1.8328E-08 1.8290E-08 1.8235E-08 1.8173E-08 1.8102E-08 1.8005E-08 1.7892E-08 1.7764E-08 1.7622E-08 1.7465E-08 1.7296E-08 1.7115E-08 1.6922E-08 1.6719E-08 1.6506E-08 1.6279E-08 1.6037E-08 1.5794E-08 1.5552E-08 1.5291E-08 1.5027E-08 1.4771E-08 1.4488E-08 1.4193E-08 1.3923E-08 1.3656E-08 1.3392E-08 1.3125E-08 1.2877E-08 1.2609E-08 1.2350E-08 1.2094E-08 1.1827E-08 1.1571E-08 1.1301E-08 1.1056E-08 1.0817E-08 1.0563E-08
1.5715E-08 1.5951E-08 1.6176E-08 1.6389E-08 1.6590E-08 1.6778E-08 1.6952E-08 1.7113E-08 1.7240E-08 1.7372E-08 1.7489E-08 1.7590E-08 1.7676E-08 1.7727E-08 1.7782E-08 1.7821E-08 1.7825E-08 1.7841E-08 1.7843E-08 1.7830E-08 1.7795E-08 1.7745E-08 1.7681E-08 1.7602E-08 1.7509E-08 1.7408E-08 1.7300E-08 1.7167E-08 1.7019E-08 1.6860E-08 1.6688E-08 1.6505E-08 1.6310E-08 1.6105E-08 1.5875E-08 1.5657E-08 1.5430E-08 1.5182E-08 1.4939E-08 1.4698E-08 1.4441E-08 1.4187E-08 1.3928E-08 1.3651E-08 1.3395E-08 1.3154E-08 1.2903E-08 1.2650E-08 1.2399E-08 1.2150E-08 1.1899E-08 1.1656E-08 1.1402E-08 1.1159E-08 1.0920E-08 1.0669E-08 1.0442E-08
