Assets/Resources/2015_m01_d17_1100(utc+0800)_l00_csi_1hr_conc.grd
DSAA
         159         159
     -79.000      79.000
     -79.000      79.000
  0.0000E+00  0.4391E-06
[rows 75 to 99 of 159, columns 57 to 113 of 159]
1.5907E-08 1.7672E-08 1.9834E-08 2.2455E-08 2.5742E-08 2.9808E-08 3.4912E-08 4.1180E-08 4.8748E-08 5.8095E-08 6.8893E-08 8.1234E-08 9.4305E-08 1.0590E-07 1.1218E-07 1.0709E-07 8.5952E-08 5.0973E-08 1.7570E-08 1.4502E-09 9.7652E-10 8.8193E-10 7.9712E-10 7.2186E-10 6.5626E-10 6.0008E-10 5.5594E-10 5.2156E-10 4.8954E-10 4.5686E-10 4.1922E-10 3.8126E-10 3.4668E-10 3.1380E-10 2.7948E-10 2.4374E-10 2.1171E-10 1.8114E-10 1.5482E-10 1.3242E-10 1.1361E-10 9.7845E-11 8.6629E-11 7.6322E-11 6.6986E-11 5.7682E-11 5.0253E-11 4.3682E-11 3.7207E-11 3.1239E-11 2.5549E-11 2.0057E-11 1.3968E-11 8.8455E-12 4.9866E-12 2.2026E-12 4.4284E-13
1.0097E-08 1.1169E-08 1.2519E-08 1.4118E-08 1.6288E-08 1.8874E-08 2.2311E-08 2.6532E-08 3.2140E-08 3.8949E-08 4.7888E-08 5.9508E-08 7.3717E-08 9.2043E-08 1.1342E-07 1.3504E-07 1.4997E-07 1.3768E-07 8.5872E-08 2.4494E-08 8.7034E-10 7.4368E-10 6.7417E-10 6.1319E-10 5.6123E-10 5.1699E-10 4.7974E-10 4.4318E-10 4.0781E-10 3.7451E-10 3.4183E-10 3.1555E-10 2.9119E-10 2.5740E-10 2.2487E-10 1.9740E-10 1.6934E-10 1.4328E-10 1.2415E-10 1.0861E-10 9.6829E-11 8.5696E-11 7.5760E-11 6.6732E-11 5.8159E-11 4.9959E-11 4.3077E-11 3.6764E-11 3.0930E-11 2.4150E-11 1.7700E-11 1.1848E-11 6.6556E-12 2.7784E-12 6.7305E-13 0.0000E+00 0.0000E+00
6.1885E-09 6.7627E-09 7.4209E-09 8.2764E-09 9.3448E-09 1.0681E-08 1.2503E-08 1.4617E-08 1.7535E-08 2.1000E-08 2.5786E-08 3.2151E-08 4.1011E-08 5.3792E-08 7.2050E-08 9.9409E-08 1.3898E-07 1.8820E-07 2.2590E-07 1.7937E-07 3.9909E-08 6.2713E-10 5.6727E-10 5.1991E-10 4.7995E-10 4.4659E-10 4.1320E-10 3.8076E-10 3.4886E-10 3.1471E-10 2.8148E-10 2.5084E-10 2.2295E-10 1.9666E-10 1.7419E-10 1.5272E-10 1.3252E-10 1.1773E-10 1.0639E-10 9.5558E-11 8.4745E-11 7.5176E-11 6.6131E-11 5.7479E-11 4.9624E-11 4.2959E-11 3.5578E-11 2.8339E-11 2.1587E-11 1.5454E-11 9.4575E-12 4.8862E-12 2.2676E-12 8.7213E-13 0.0000E+00 0.0000E+00 0.0000E+00
3.5474E-09 3.7819E-09 4.0560E-09 4.4695E-09 4.9742E-09 5.5434E-09 6.2551E-09 7.0249E-09 7.9260E-09 9.0085E-09 1.0586E-08 1.2428E-08 1.5338E-08 1.9707E-08 2.6005E-08 3.7308E-08 5.4464E-08 8.6034E-08 1.5129E-07 2.8111E-07 4.3915E-07 1.1607E-07 4.7689E-10 4.4254E-10 4.1217E-10 3.8089E-10 3.5068E-10 3.1976E-10 2.8633E-10 2.5427E-10 2.2740E-10 2.0305E-10 1.7766E-10 1.5731E-10 1.4192E-10 1.2685E-10 1.1432E-10 1.0340E-10 9.3061E-11 8.2948E-11 7.3687E-11 6.5226E-11 5.7135E-11 4.9206E-11 4.1465E-11 3.4160E-11 2.7285E-11 2.0215E-11 1.3955E-11 8.8541E-12 4.9055E-12 2.2607E-12 8.2851E-13 0.0000E+00 0.0000E+00 0.0000E+00 0.0000E+00
2.0054E-09 2.1330E-09 2.2534E-09 2.4578E-09 2.5873E-09 2.7937E-09 2.8856E-09 3.0045E-09 3.1115E-09 3.1386E-09 3.4419E-09 3.5540E-09 4.0409E-09 4.5599E-09 4.8804E-09 6.2127E-09 7.3411E-09 9.5607E-09 1.2046E-08 1.7620E-08 3.5079E-08 1.7381E-07 4.0198E-10 3.7530E-10 3.4673E-10 3.1775E-10 2.8716E-10 2.5546E-10 2.2681E-10 2.0418E-10 1.8308E-10 1.6249E-10 1.4683E-10 1.3423E-10 1.2190E-10 1.1026E-10 9.9879E-11 9.0234E-11 8.0749E-11 7.1776E-11 6.3586E-11 5.5825E-11 4.8435E-11 4.0868E-11 3.3709E-11 2.6744E-11 1.9960E-11 1.3880E-11 8.8062E-12 4.7750E-12 2.2205E-12 7.5618E-13 0.0000E+00 0.0000E+00 0.0000E+00 0.0000E+00 0.0000E+00
1.2311E-09 1.2611E-09 1.2830E-09 1.2860E-09 1.2735E-09 1.2463E-09 1.2058E-09 1.1514E-09 1.0863E-09 1.0170E-09 9.3463E-10 8.5286E-10 8.3164E-10 7.4697E-10 8.0081E-10 7.0372E-10 6.2300E-10 5.2661E-10 4.5863E-10 4.1562E-10 3.8574E-10 3.5806E-10 3.3290E-10 3.0550E-10 2.7699E-10 2.5017E-10 2.2493E-10 2.0275E-10 1.8435E-10 1.6818E-10 1.5236E-10 1.3927E-10 1.2764E-10 1.1621E-10 1.0538E-10 9.5711E-11 8.6703E-11 7.7863E-11 6.9417E-11 6.1671E-11 5.4227E-11 4.7064E-11 3.9760E-11 3.2865E-11 2.5951E-11 1.9496E-11 1.3401E-11 8.5189E-12 4.9123E-12 2.3274E-12 7.5485E-13 0.0000E+00 0.0000E+00 0.0000E+00 0.0000E+00 0.0000E+00 0.0000E+00
9.0338E-10 9.1345E-10 9.2156E-10 9.2009E-10 9.0724E-10 8.9060E-10 8.6176E-10 8.2743E-10 7.8667E-10 7.3934E-10 6.9149E-10 6.3991E-10 5.8868E-10 5.3785E-10 4.9131E-10 4.4826E-10 4.0871E-10 3.7624E-10 3.4845E-10 3.2283E-10 3.0253E-10 2.8312E-10 2.6290E-10 2.4323E-10 2.2460E-10 2.0534E-10 1.8756E-10 1.7205E-10 1.5734E-10 1.4332E-10 1.3111E-10 1.2048E-10 1.0995E-10 9.9992E-11 9.1082E-11 8.2713E-11 7.4436E-11 6.6510E-11 5.9217E-11 5.2143E-11 4.5285E-11 3.8247E-11 3.1520E-11 2.5218E-11 1.8937E-11 1.3272E-11 8.4206E-12 4.6294E-12 2.2960E-12 8.1268E-13 0.0000E+00 0.0000E+00 0.0000E+00 0.0000E+00 0.0000E+00 0.0000E+00 0.0000E+00
7.2216E-10 7.2807E-10 7.2754E-10 7.2304E-10 7.1315E-10 6.9568E-10 6.6923E-10 6.3439E-10 5.9832E-10 5.5797E-10 5.2005E-10 4.8019E-10 4.4009E-10 4.0472E-10 3.7213E-10 3.4505E-10 3.2280E-10 3.0554E-10 2.8961E-10 2.7272E-10 2.5575E-10 2.3899E-10 2.2251E-10 2.0560E-10 1.8864E-10 1.7313E-10 1.5913E-10 1.4576E-10 1.3331E-10 1.2255E-10 1.1288E-10 1.0321E-10 9.4173E-11 8.6067E-11 7.8304E-11 7.0590E-11 6.3216E-11 5.6383E-11 4.9675E-11 4.3204E-11 3.6461E-11 3.0256E-11 2.4100E-11 1.8029E-11 1.2320E-11 7.8116E-12 4.0171E-12 1.7613E-12 3.8165E-13 0.0000E+00 0.0000E+00 0.0000E+00 0.0000E+00 0.0000E+00 0.0000E+00 0.0000E+00 0.0000E+00
5.4961E-10 5.5123E-10 5.4696E-10 5.3728E-10 5.2291E-10 5.0626E-10 4.8704E-10 4.6301E-10 4.3539E-10 4.0899E-10 3.8134E-10 3.5443E-10 3.3195E-10 3.1291E-10 2.9794E-10 2.8345E-10 2.6915E-10 2.5740E-10 2.4439E-10 2.3024E-10 2.1561E-10 2.0096E-10 1.8565E-10 1.7106E-10 1.5796E-10 1.4588E-10 1.3380E-10 1.2301E-10 1.1366E-10 1.0482E-10 9.6118E-11 8.8016E-11 8.0686E-11 7.3496E-11 6.6389E-11 5.9558E-11 5.3178E-11 4.6843E-11 4.0761E-11 3.4227E-11 2.8283E-11 2.1944E-11 1.6001E-11 1.0118E-11 5.8818E-12 2.8381E-12 1.0538E-12 2.1210E-13 0.0000E+00 0.0000E+00 0.0000E+00 0.0000E+00 0.0000E+00 0.0000E+00 0.0000E+00 0.0000E+00 0.0000E+00
3.9152E-10 3.9355E-10 3.9092E-10 3.8450E-10 3.7355E-10 3.5837E-10 3.4402E-10 3.2904E-10 3.1471E-10 3.0042E-10 2.8665E-10 2.7521E-10 2.6540E-10 2.5630E-10 2.4777E-10 2.3874E-10 2.2870E-10 2.1734E-10 2.0478E-10 1.9219E-10 1.7907E-10 1.6607E-10 1.5378E-10 1.4287E-10 1.3188E-10 1.2153E-10 1.1240E-10 1.0449E-10 9.6479E-11 8.8746E-11 8.1605E-11 7.5017E-11 6.8396E-11 6.1878E-11 5.5665E-11 4.9681E-11 4.3668E-11 3.7585E-11 3.1398E-11 2.5059E-11 1.8880E-11 1.3123E-11 8.1325E-12 4.3528E-12 1.8338E-12 4.7586E-13 2.5336E-14 0.0000E+00 0.0000E+00 0.0000E+00 0.0000E+00 0.0000E+00 0.0000E+00 0.0000E+00 0.0000E+00 0.0000E+00 0.0000E+00
2.7928E-10 2.7790E-10 2.7467E-10 2.6998E-10 2.6531E-10 2.5976E-10 2.5398E-10 2.4866E-10 2.4335E-10 2.3876E-10 2.3446E-10 2.2936E-10 2.2354E-10 2.1708E-10 2.0959E-10 2.0071E-10 1.9040E-10 1.7960E-10 1.6850E-10 1.5751E-10 1.4688E-10 1.3703E-10 1.2737E-10 1.1803E-10 1.0957E-10 1.0222E-10 9.5141E-11 8.8054E-11 8.1286E-11 7.5106E-11 6.9149E-11 6.3118E-11 5.7168E-11 5.1498E-11 4.5890E-11 4.0094E-11 3.4095E-11 2.7954E-11 2.1733E-11 1.5670E-11 1.0246E-11 5.8438E-12 2.7209E-12 9.0492E-13 1.5726E-13 0.0000E+00 0.0000E+00 0.0000E+00 0.0000E+00 0.0000E+00 0.0000E+00 0.0000E+00 0.0000E+00 0.0000E+00 0.0000E+00 0.0000E+00 0.0000E+00
2.0187E-10 2.0372E-10 2.0469E-10 2.0596E-10 2.0722E-10 2.0763E-10 2.0721E-10 2.0597E-10 2.0393E-10 2.0113E-10 1.9761E-10 1.9343E-10 1.8804E-10 1.8102E-10 1.7272E-10 1.6351E-10 1.5461E-10 1.4578E-10 1.3718E-10 1.2877E-10 1.2026E-10 1.1215E-10 1.0478E-10 9.8260E-11 9.2057E-11 8.5761E-11 7.9682E-11 7.3927E-11 6.8508E-11 6.3045E-11 5.7632E-11 5.2284E-11 4.7064E-11 4.1734E-11 3.6100E-11 3.0118E-11 2.3938E-11 1.7707E-11 1.1894E-11 7.0084E-12 3.4220E-12 1.1904E-12 2.3465E-13 0.0000E+00 0.0000E+00 0.0000E+00 0.0000E+00 0.0000E+00 0.0000E+00 0.0000E+00 0.0000E+00 0.0000E+00 0.0000E+00 0.0000E+00 0.0000E+00 0.0000E+00 0.0000E+00
1.6512E-10 1.6824E-10 1.7071E-10 1.7250E-10 1.7361E-10 1.7402E-10 1.7374E-10 1.7277E-10 1.7114E-10 1.6859E-10 1.6438E-10 1.5844E-10 1.5108E-10 1.4435E-10 1.3805E-10 1.3174E-10 1.2518E-10 1.1803E-10 1.1075E-10 1.0416E-10 9.8121E-11 9.2699E-11 8.7320E-11 8.1891E-11 7.6616E-11 7.1526E-11 6.6629E-11 6.1798E-11 5.6964E-11 5.2091E-11 4.7314E-11 4.2346E-11 3.7089E-11 3.1405E-11 2.5310E-11 1.8945E-11 1.2910E-11 7.7460E-12 3.8284E-12 1.3615E-12 2.4974E-13 0.0000E+00 0.0000E+00 0.0000E+00 0.0000E+00 0.0000E+00 0.0000E+00 0.0000E+00 0.0000E+00 0.0000E+00 0.0000E+00 0.0000E+00 0.0000E+00 0.0000E+00 0.0000E+00 0.0000E+00 0.0000E+00
1.3606E-10 1.3919E-10 1.4160E-10 1.4331E-10 1.4431E-10 1.4446E-10 1.4244E-10 1.3922E-10 1.3543E-10 1.3118E-10 1.2729E-10 1.2435E-10 1.2107E-10 1.1650E-10 1.1058E-10 1.0452E-10 9.9259E-11 9.4442E-11 9.0155E-11 8.5687E-11 8.1092E-11 7.6624E-11 7.2249E-11 6.7967E-11 6.3654E-11 5.9338E-11 5.5117E-11 5.0869E-11 4.6544E-11 4.1973E-11 3.7112E-11 3.1664E-11 2.5739E-11 1.9238E-11 1.3028E-11 7.6948E-12 3.6245E-12 1.2139E-12 1.9323E-13 0.0000E+00 0.0000E+00 0.0000E+00 0.0000E+00 0.0000E+00 0.0000E+00 0.0000E+00 0.0000E+00 0.0000E+00 0.0000E+00 0.0000E+00 0.0000E+00 0.0000E+00 0.0000E+00 0.0000E+00 0.0000E+00 0.0000E+00 0.0000E+00
1.0548E-10 1.0742E-10 1.0851E-10 1.0910E-10 1.0919E-10 1.0899E-10 1.0924E-10 1.0907E-10 1.0837E-10 1.0566E-10 1.0168E-10 9.7425E-11 9.3237E-11 8.9789E-11 8.7092E-11 8.4377E-11 8.1070E-11 7.7271E-11 7.3615E-11 7.0223E-11 6.6799E-11 6.3330E-11 5.9586E-11 5.5811E-11 5.2224E-11 4.8635E-11 4.4824E-11 4.0680E-11 3.6116E-11 3.0909E-11 2.4803E-11 1.8274E-11 1.1859E-11 6.4702E-12 2.6805E-12 6.9496E-13 6.5997E-14 0.0000E+00 0.0000E+00 0.0000E+00 0.0000E+00 0.0000E+00 0.0000E+00 0.0000E+00 0.0000E+00 0.0000E+00 0.0000E+00 0.0000E+00 0.0000E+00 0.0000E+00 0.0000E+00 0.0000E+00 0.0000E+00 0.0000E+00 0.0000E+00 0.0000E+00 0.0000E+00
7.9361E-11 8.1721E-11 8.3184E-11 8.3997E-11 8.4008E-11 8.3520E-11 8.2578E-11 8.1212E-11 7.9751E-11 7.9293E-11 7.8670E-11 7.7628E-11 7.5837E-11 7.3213E-11 7.0415E-11 6.7797E-11 6.5437E-11 6.3217E-11 6.0683E-11 5.7722E-11 5.4439E-11 5.1354E-11 4.8474E-11 4.5521E-11 4.2250E-11 3.8410E-11 3.4024E-11 2.8619E-11 2.2208E-11 1.5271E-11 8.7400E-12 3.9303E-12 1.1808E-12 1.2297E-13 0.0000E+00 0.0000E+00 0.0000E+00 0.0000E+00 0.0000E+00 0.0000E+00 0.0000E+00 0.0000E+00 0.0000E+00 0.0000E+00 0.0000E+00 0.0000E+00 0.0000E+00 0.0000E+00 0.0000E+00 0.0000E+00 0.0000E+00 0.0000E+00 0.0000E+00 0.0000E+00 0.0000E+00 0.0000E+00 0.0000E+00
5.7595E-11 5.9636E-11 6.1966E-11 6.3141E-11 6.4565E-11 6.5578E-11 6.5870E-11 6.5467E-11 6.4673E-11 6.3603E-11 6.2284E-11 6.0807E-11 5.9778E-11 5.8864E-11 5.7668E-11 5.5928E-11 5.3628E-11 5.0907E-11 4.8424E-11 4.6227E-11 4.4133E-11 4.1758E-11 3.8727E-11 3.4941E-11 3.0119E-11 2.3721E-11 1.6125E-11 8.8706E-12 3.8100E-12 9.7606E-13 0.0000E+00 0.0000E+00 0.0000E+00 0.0000E+00 0.0000E+00 0.0000E+00 0.0000E+00 0.0000E+00 0.0000E+00 0.0000E+00 0.0000E+00 0.0000E+00 0.0000E+00 0.0000E+00 0.0000E+00 0.0000E+00 0.0000E+00 0.0000E+00 0.0000E+00 0.0000E+00 0.0000E+00 0.0000E+00 0.0000E+00 0.0000E+00 0.0000E+00 0.0000E+00 0.0000E+00
4.1506E-11 4.3715E-11 4.5190E-11 4.7168E-11 4.8383E-11 4.9028E-11 4.9911E-11 5.0646E-11 5.0923E-11 5.1091E-11 5.0941E-11 4.9993E-11 4.8553E-11 4.6931E-11 4.5169E-11 4.3556E-11 4.2287E-11 4.1104E-11 3.9395E-11 3.6936E-11 3.3169E-11 2.7080E-11 1.9394E-11 1.1736E-11 5.4052E-12 1.4845E-12 8.4739E-14 0.0000E+00 0.0000E+00 0.0000E+00 0.0000E+00 0.0000E+00 0.0000E+00 0.0000E+00 0.0000E+00 0.0000E+00 0.0000E+00 0.0000E+00 0.0000E+00 0.0000E+00 0.0000E+00 0.0000E+00 0.0000E+00 0.0000E+00 0.0000E+00 0.0000E+00 0.0000E+00 0.0000E+00 0.0000E+00 0.0000E+00 0.0000E+00 0.0000E+00 0.0000E+00 0.0000E+00 0.0000E+00 0.0000E+00 0.0000E+00
2.4943E-11 2.7292E-11 2.9478E-11 3.1245E-11 3.2629E-11 3.3623E-11 3.4346E-11 3.4649E-11 3.4774E-11 3.4712E-11 3.4364E-11 3.4202E-11 3.3819E-11 3.3198E-11 3.2067E-11 2.9980E-11 2.6119E-11 2.0161E-11 1.3755E-11 7.8899E-12 3.1780E-12 5.9124E-13 0.0000E+00 0.0000E+00 0.0000E+00 0.0000E+00 0.0000E+00 0.0000E+00 0.0000E+00 0.0000E+00 0.0000E+00 0.0000E+00 0.0000E+00 0.0000E+00 0.0000E+00 0.0000E+00 0.0000E+00 0.0000E+00 0.0000E+00 0.0000E+00 0.0000E+00 0.0000E+00 0.0000E+00 0.0000E+00 0.0000E+00 0.0000E+00 0.0000E+00 0.0000E+00 0.0000E+00 0.0000E+00 0.0000E+00 0.0000E+00 0.0000E+00 0.0000E+00 0.0000E+00 0.0000E+00 0.0000E+00
9.3951E-12 1.0731E-11 1.2062E-11 1.3169E-11 1.4265E-11 1.5157E-11 1.5930E-11 1.6265E-11 1.6183E-11 1.5621E-11 1.4082E-11 1.1747E-11 9.0712E-12 6.1653E-12 3.1939E-12 1.0209E-12 2.7789E-14 0.0000E+00 0.0000E+00 0.0000E+00 0.0000E+00 0.0000E+00 0.0000E+00 0.0000E+00 0.0000E+00 0.0000E+00 0.0000E+00 0.0000E+00 0.0000E+00 0.0000E+00 0.0000E+00 0.0000E+00 0.0000E+00 0.0000E+00 0.0000E+00 0.0000E+00 0.0000E+00 0.0000E+00 0.0000E+00 0.0000E+00 0.0000E+00 0.0000E+00 0.0000E+00 0.0000E+00 0.0000E+00 0.0000E+00 0.0000E+00 0.0000E+00 0.0000E+00 0.0000E+00 0.0000E+00 0.0000E+00 0.0000E+00 0.0000E+00 0.0000E+00 0.0000E+00 0.0000E+00
1.2338E-12 1.3474E-12 1.3715E-12 1.3163E-12 1.1913E-12 1.0054E-12 7.6737E-13 4.8540E-13 1.6746E-13 0.0000E+00 0.0000E+00 0.0000E+00 0.0000E+00 0.0000E+00 0.0000E+00 0.0000E+00 0.0000E+00 0.0000E+00 0.0000E+00 0.0000E+00 0.0000E+00 0.0000E+00 0.0000E+00 0.0000E+00 0.0000E+00 0.0000E+00 0.0000E+00 0.0000E+00 0.0000E+00 0.0000E+00 0.0000E+00 0.0000E+00 0.0000E+00 0.0000E+00 0.0000E+00 0.0000E+00 0.0000E+00 0.0000E+00 0.0000E+00 0.0000E+00 0.0000E+00 0.0000E+00 0.0000E+00 0.0000E+00 0.0000E+00 0.0000E+00 0.0000E+00 0.0000E+00 0.0000E+00 0.0000E+00 0.0000E+00 0.0000E+00 0.0000E+00 0.0000E+00 0.0000E+00 0.0000E+00 0.0000E+00
0.0000E+00 0.0000E+00 0.0000E+00 0.0000E+00 0.0000E+00 0.0000E+00 0.0000E+00 0.0000E+00 0.0000E+00 0.0000E+00 0.0000E+00 0.0000E+00 0.0000E+00 0.0000E+00 0.0000E+00 0.0000E+00 0.0000E+00 0.0000E+00 0.0000E+00 0.0000E+00 0.0000E+00 0.0000E+00 0.0000E+00 0.0000E+00 0.0000E+00 0.0000E+00 0.0000E+00 0.0000E+00 0.0000E+00 0.0000E+00 0.0000E+00 0.0000E+00 0.0000E+00 0.0000E+00 0.0000E+00 0.0000E+00 0.0000E+00 0.0000E+00 0.0000E+00 0.0000E+00 0.0000E+00 0.0000E+00 0.0000E+00 0.0000E+00 0.0000E+00 0.0000E+00 0.0000E+00 0.0000E+00 0.0000E+00 0.0000E+00 0.0000E+00 0.0000E+00 0.0000E+00 0.0000E+00 0.0000E+00 0.0000E+00 0.0000E+00
0.0000E+00 0.0000E+00 0.0000E+00 0.0000E+00 0.0000E+00 0.0000E+00 0.0000E+00 0.0000E+00 0.0000E+00 0.0000E+00 0.0000E+00 0.0000E+00 0.0000E+00 0.0000E+00 0.0000E+00 0.0000E+00 0.0000E+00 0.0000E+00 0.0000E+00 0.0000E+00 0.0000E+00 0.0000E+00 0.0000E+00 0.0000E+00 0.0000E+00 0.0000E+00 0.0000E+00 0.0000E+00 0.0000E+00 0.0000E+00 0.0000E+00 0.0000E+00 0.0000E+00 0.0000E+00 0.0000E+00 0.0000E+00 0.0000E+00 0.0000E+00 0.0000E+00 0.0000E+00 0.0000E+00 0.0000E+00 0.0000E+00 0.0000E+00 0.0000E+00 0.0000E+00 0.0000E+00 0.0000E+00 0.0000E+00 0.0000E+00 0.0000E+00 0.0000E+00 0.0000E+00 0.0000E+00 0.0000E+00 0.0000E+00 0.0000E+00
0.0000E+00 0.0000E+00 0.0000E+00 0.0000E+00 0.0000E+00 0.0000E+00 0.0000E+00 0.0000E+00 0.0000E+00 0.0000E+00 0.0000E+00 0.0000E+00 0.0000E+00 0.0000E+00 0.0000E+00 0.0000E+00 0.0000E+00 0.0000E+00 0.0000E+00 0.0000E+00 0.0000E+00 0.0000E+00 0.0000E+00 0.0000E+00 0.0000E+00 0.0000E+00 0.0000E+00 0.0000E+00 0.0000E+00 0.0000E+00 0.0000E+00 0.0000E+00 0.0000E+00 0.0000E+00 0.0000E+00 0.0000E+00 0.0000E+00 0.0000E+00 0.0000E+00 0.0000E+00 0.0000E+00 0.0000E+00 0.0000E+00 0.0000E+00 0.0000E+00 0.0000E+00 0.0000E+00 0.0000E+00 0.0000E+00 0.0000E+00 0.0000E+00 0.0000E+00 0.0000E+00 0.0000E+00 0.0000E+00 0.0000E+00 0.0000E+00
0.0000E+00 0.0000E+00 0.0000E+00 0.0000E+00 0.0000E+00 0.0000E+00 0.0000E+00 0.0000E+00 0.0000E+00 0.0000E+00 0.0000E+00 0.0000E+00 0.0000E+00 0.0000E+00 0.0000E+00 0.0000E+00 0.0000E+00 0.0000E+00 0.0000E+00 0.0000E+00 0.0000E+00 0.0000E+00 0.0000E+00 0.0000E+00 0.0000E+00 0.0000E+00 0.0000E+00 0.0000E+00 0.0000E+00 0.0000E+00 0.0000E+00 0.0000E+00 0.0000E+00 0.0000E+00 0.0000E+00 0.0000E+00 0.0000E+00 0.0000E+00 0.0000E+00 0.0000E+00 0.0000E+00 0.0000E+00 0.0000E+00 0.0000E+00 0.0000E+00 0.0000E+00 0.0000E+00 0.0000E+00 0.0000E+00 0.0000E+00 0.0000E+00 0.0000E+00 0.0000E+00 0.0000E+00 0.0000E+00 0.0000E+00 0.0000E+00
