Assets/Resources/2015_m01_d28_1500(utc+0800)_l00_csi_1hr_conc.grd
DSAA
         159         159
     -79.000      79.000
     -79.000      79.000
  0.0000E+00  0.1833E-05
[rows 0 to 24 of 159, columns 0 to 56 of 159]
0.0000E+00 0.0000E+00 0.0000E+00 0.0000E+00 0.0000E+00 0.0000E+00 0.0000E+00 0.0000E+00 2.2523E-12 3.1572E-12 1.5778E-11 2.3208E-11 4.1536E-11 5.6998E-11 8.1415E-11 1.0659E-10 1.4020E-10 1.7908E-10 2.2443E-10 2.7899E-10 3.4590E-10 4.2171E-10 5.0911E-10 6.0705E-10 7.1954E-10 8.4729E-10 9.9098E-10 1.1532E-09 1.3359E-09 1.5375E-09 1.7598E-09 2.0047E-09 2.2709E-09 2.5553E-09 2.8603E-09 3.1849E-09 3.5251E-09 3.8768E-09 4.2382E-09 4.6059E-09 4.9748E-09 5.3401E-09 5.6965E-09 6.0386E-09 6.3606E-09 6.6577E-09 6.9238E-09 7.1531E-09 7.3412E-09 7.4829E-09 7.5760E-09 7.6181E-09 7.6072E-09 7.5425E-09 7.4257E-09 7.2579E-09 7.0424E-09
0.0000E+00 0.0000E+00 0.0000E+00 0.0000E+00 0.0000E+00 0.0000E+00 0.0000E+00 0.0000E+00 2.2226E-12 2.8861E-12 1.4382E-11 2.1749E-11 4.0112E-11 5.5456E-11 7.9463E-11 1.0491E-10 1.3831E-10 1.7710E-10 2.2289E-10 2.7907E-10 3.4639E-10 4.2381E-10 5.1377E-10 6.1490E-10 7.3069E-10 8.6227E-10 1.0120E-09 1.1818E-09 1.3708E-09 1.5814E-09 1.8160E-09 2.0736E-09 2.3515E-09 2.6535E-09 2.9781E-09 3.3226E-09 3.6821E-09 4.0573E-09 4.4446E-09 4.8388E-09 5.2351E-09 5.6278E-09 6.0120E-09 6.3821E-09 6.7317E-09 7.0528E-09 7.3414E-09 7.5908E-09 7.7957E-09 7.9515E-09 8.0544E-09 8.1021E-09 8.0926E-09 8.0258E-09 7.9018E-09 7.7219E-09 7.4911E-09
0.0000E+00 0.0000E+00 0.0000E+00 0.0000E+00 0.0000E+00 0.0000E+00 0.0000E+00 0.0000E+00 2.1834E-12 2.6209E-12 1.2871E-11 1.9716E-11 3.7960E-11 5.3028E-11 7.7139E-11 1.0218E-10 1.3520E-10 1.7436E-10 2.2059E-10 2.7644E-10 3.4469E-10 4.2382E-10 5.1518E-10 6.1849E-10 7.3682E-10 8.7317E-10 1.0279E-09 1.2024E-09 1.3988E-09 1.6195E-09 1.8643E-09 2.1319E-09 2.4257E-09 2.7450E-09 3.0871E-09 3.4484E-09 3.8320E-09 4.2323E-09 4.6456E-09 5.0662E-09 5.4899E-09 5.9113E-09 6.3249E-09 6.7231E-09 7.0991E-09 7.4466E-09 7.7585E-09 8.0280E-09 8.2507E-09 8.4207E-09 8.5339E-09 8.5864E-09 8.5786E-09 8.5084E-09 8.3768E-09 8.1855E-09 7.9385E-09
0.0000E+00 0.0000E+00 0.0000E+00 0.0000E+00 0.0000E+00 0.0000E+00 0.0000E+00 0.0000E+00 2.1354E-12 2.5475E-12 1.2360E-11 1.7200E-11 3.5687E-11 5.0213E-11 7.3874E-11 9.8721E-11 1.3149E-10 1.6980E-10 2.1535E-10 2.7156E-10 3.4052E-10 4.1966E-10 5.1243E-10 6.1774E-10 7.3923E-10 8.7854E-10 1.0374E-09 1.2175E-09 1.4212E-09 1.6502E-09 1.9030E-09 2.1833E-09 2.4915E-09 2.8253E-09 3.1827E-09 3.5668E-09 3.9730E-09 4.3971E-09 4.8340E-09 5.2814E-09 5.7344E-09 6.1861E-09 6.6288E-09 7.0558E-09 7.4603E-09 7.8347E-09 8.1712E-09 8.4630E-09 8.7049E-09 8.8904E-09 9.0154E-09 9.0753E-09 9.0694E-09 8.9965E-09 8.8573E-09 8.6544E-09 8.3913E-09
0.0000E+00 0.0000E+00 0.0000E+00 0.0000E+00 0.0000E+00 0.0000E+00 0.0000E+00 0.0000E+00 2.0790E-12 2.4803E-12 1.1704E-11 1.5016E-11 3.2566E-11 4.6335E-11 7.0256E-11 9.3935E-11 1.2583E-10 1.6392E-10 2.0932E-10 2.6493E-10 3.3326E-10 4.1290E-10 5.0679E-10 6.1291E-10 7.3636E-10 8.7830E-10 1.0407E-09 1.2258E-09 1.4356E-09 1.6703E-09 1.9332E-09 2.2257E-09 2.5460E-09 2.8934E-09 3.2707E-09 3.6747E-09 4.1010E-09 4.5467E-09 5.0106E-09 5.4864E-09 5.9680E-09 6.4485E-09 6.9210E-09 7.3779E-09 7.8113E-09 8.2130E-09 8.5755E-09 8.8910E-09 9.1526E-09 9.3542E-09 9.4898E-09 9.5566E-09 9.5530E-09 9.4773E-09 9.3301E-09 9.1149E-09 8.8335E-09
0.0000E+00 0.0000E+00 0.0000E+00 0.0000E+00 0.0000E+00 0.0000E+00 0.0000E+00 0.0000E+00 2.0151E-12 2.5074E-12 1.0932E-11 1.4358E-11 2.9024E-11 4.2275E-11 6.5183E-11 8.7894E-11 1.1956E-10 1.5658E-10 2.0035E-10 2.5573E-10 3.2348E-10 4.0302E-10 4.9593E-10 6.0411E-10 7.2888E-10 8.7229E-10 1.0380E-09 1.2275E-09 1.4412E-09 1.6832E-09 1.9548E-09 2.2564E-09 2.5876E-09 2.9512E-09 3.3453E-09 3.7660E-09 4.2127E-09 4.6848E-09 5.1751E-09 5.6782E-09 6.1878E-09 6.6982E-09 7.2020E-09 7.6904E-09 8.1548E-09 8.5860E-09 8.9750E-09 9.3146E-09 9.5968E-09 9.8152E-09 9.9639E-09 1.0039E-08 1.0038E-08 9.9600E-09 9.8055E-09 9.5768E-09 9.2784E-09
0.0000E+00 0.0000E+00 0.0000E+00 0.0000E+00 0.0000E+00 0.0000E+00 0.0000E+00 0.0000E+00 1.9939E-12 2.2993E-12 9.8344E-12 1.4043E-11 2.5555E-11 3.6762E-11 5.9482E-11 8.1235E-11 1.1144E-10 1.4709E-10 1.9005E-10 2.4517E-10 3.1118E-10 3.9013E-10 4.8238E-10 5.9110E-10 7.1522E-10 8.6103E-10 1.0288E-09 1.2202E-09 1.4391E-09 1.6871E-09 1.9655E-09 2.2752E-09 2.6188E-09 2.9965E-09 3.4041E-09 3.8429E-09 4.3119E-09 4.8063E-09 5.3200E-09 5.8493E-09 6.3889E-09 6.9305E-09 7.4654E-09 7.9850E-09 8.4795E-09 8.9404E-09 9.3576E-09 9.7229E-09 1.0027E-08 1.0264E-08 1.0426E-08 1.0510E-08 1.0511E-08 1.0430E-08 1.0267E-08 1.0025E-08 9.7076E-09
0.0000E+00 0.0000E+00 0.0000E+00 0.0000E+00 0.0000E+00 0.0000E+00 0.0000E+00 0.0000E+00 1.8104E-12 2.0915E-12 9.1177E-12 1.2949E-11 2.3465E-11 3.1523E-11 5.3002E-11 7.3209E-11 1.0256E-10 1.3695E-10 1.7848E-10 2.3138E-10 2.9619E-10 3.7435E-10 4.6536E-10 5.7341E-10 6.9713E-10 8.4422E-10 1.0128E-09 1.2063E-09 1.4287E-09 1.6811E-09 1.9644E-09 2.2828E-09 2.6365E-09 3.0238E-09 3.4464E-09 3.9035E-09 4.3921E-09 4.9064E-09 5.4459E-09 6.0037E-09 6.5730E-09 7.1451E-09 7.7112E-09 8.2629E-09 8.7892E-09 9.2813E-09 9.7282E-09 1.0120E-08 1.0447E-08 1.0702E-08 1.0878E-08 1.0971E-08 1.0976E-08 1.0893E-08 1.0722E-08 1.0466E-08 1.0132E-08
0.0000E+00 0.0000E+00 0.0000E+00 0.0000E+00 0.0000E+00 0.0000E+00 0.0000E+00 0.0000E+00 1.6298E-12 1.8862E-12 8.2732E-12 1.1307E-11 2.1414E-11 2.7305E-11 4.4981E-11 6.4309E-11 9.2805E-11 1.2477E-10 1.6507E-10 2.1611E-10 2.7949E-10 3.5517E-10 4.4462E-10 5.5184E-10 6.7488E-10 8.2147E-10 9.9022E-10 1.1859E-09 1.4099E-09 1.6645E-09 1.9534E-09 2.2783E-09 2.6392E-09 3.0373E-09 3.4738E-09 3.9462E-09 4.4510E-09 4.9881E-09 5.5517E-09 6.1364E-09 6.7330E-09 7.3354E-09 7.9342E-09 8.5191E-09 9.0784E-09 9.6021E-09 1.0079E-08 1.0498E-08 1.0850E-08 1.1126E-08 1.1317E-08 1.1420E-08 1.1430E-08 1.1345E-08 1.1165E-08 1.0897E-08 1.0544E-08
0.0000E+00 0.0000E+00 0.0000E+00 0.0000E+00 0.0000E+00 0.0000E+00 0.0000E+00 0.0000E+00 1.4541E-12 1.6858E-12 7.4413E-12 9.3309E-12 1.9208E-11 2.4906E-11 3.7665E-11 5.5191E-11 8.2004E-11 1.1202E-10 1.5096E-10 1.9947E-10 2.6013E-10 3.3319E-10 4.2074E-10 5.2687E-10 6.4858E-10 7.9306E-10 9.6170E-10 1.1566E-09 1.3814E-09 1.6384E-09 1.9303E-09 2.2591E-09 2.6268E-09 3.0347E-09 3.4824E-09 3.9673E-09 4.4908E-09 5.0481E-09 5.6353E-09 6.2443E-09 6.8705E-09 7.5038E-09 8.1348E-09 8.7524E-09 9.3453E-09 9.9019E-09 1.0410E-08 1.0859E-08 1.1236E-08 1.1533E-08 1.1742E-08 1.1854E-08 1.1868E-08 1.1782E-08 1.1597E-08 1.1315E-08 1.0944E-08
0.0000E+00 0.0000E+00 0.0000E+00 0.0000E+00 0.0000E+00 0.0000E+00 0.0000E+00 0.0000E+00 1.2850E-12 1.4923E-12 6.6310E-12 7.6738E-12 1.7314E-11 2.1847E-11 3.1934E-11 4.6207E-11 6.9956E-11 9.8198E-11 1.3533E-10 1.8114E-10 2.3922E-10 3.0907E-10 3.9382E-10 4.9749E-10 6.1806E-10 7.5995E-10 9.2737E-10 1.1206E-09 1.3454E-09 1.6030E-09 1.8964E-09 2.2278E-09 2.6006E-09 3.0153E-09 3.4716E-09 3.9703E-09 4.5096E-09 5.0856E-09 5.6934E-09 6.3284E-09 6.9819E-09 7.6455E-09 8.3074E-09 8.9587E-09 9.5862E-09 1.0177E-08 1.0719E-08 1.1196E-08 1.1601E-08 1.1920E-08 1.2145E-08 1.2271E-08 1.2292E-08 1.2205E-08 1.2014E-08 1.1721E-08 1.1334E-08
0.0000E+00 0.0000E+00 0.0000E+00 0.0000E+00 0.0000E+00 0.0000E+00 0.0000E+00 0.0000E+00 1.1243E-12 1.3078E-12 5.8511E-12 6.7826E-12 1.4858E-11 1.8481E-11 2.8314E-11 3.8662E-11 5.7722E-11 8.4401E-11 1.1905E-10 1.6178E-10 2.1697E-10 2.8341E-10 3.6478E-10 4.6571E-10 5.8369E-10 7.2224E-10 8.8721E-10 1.0774E-09 1.3006E-09 1.5569E-09 1.8499E-09 2.1832E-09 2.5593E-09 2.9784E-09 3.4433E-09 3.9534E-09 4.5065E-09 5.0996E-09 5.7291E-09 6.3881E-09 7.0692E-09 7.7622E-09 8.4583E-09 9.1441E-09 9.8070E-09 1.0432E-08 1.1006E-08 1.1516E-08 1.1948E-08 1.2290E-08 1.2535E-08 1.2674E-08 1.2702E-08 1.2616E-08 1.2421E-08 1.2117E-08 1.1713E-08
0.0000E+00 0.0000E+00 0.0000E+00 0.0000E+00 0.0000E+00 0.0000E+00 0.0000E+00 0.0000E+00 8.1132E-13 1.1339E-12 5.1095E-12 5.9325E-12 1.1706E-11 1.6067E-11 2.5160E-11 3.2475E-11 4.7341E-11 7.0469E-11 1.0126E-10 1.4164E-10 1.9344E-10 2.5607E-10 3.3364E-10 4.3035E-10 5.4447E-10 6.8052E-10 8.4199E-10 1.0281E-09 1.2485E-09 1.5024E-09 1.7942E-09 2.1267E-09 2.5033E-09 2.9259E-09 3.3972E-09 3.9158E-09 4.4810E-09 5.0901E-09 5.7393E-09 6.4202E-09 7.1270E-09 7.8496E-09 8.5770E-09 9.2964E-09 9.9929E-09 1.0653E-08 1.1262E-08 1.1804E-08 1.2266E-08 1.2635E-08 1.2901E-08 1.3055E-08 1.3093E-08 1.3013E-08 1.2814E-08 1.2502E-08 1.2084E-08
0.0000E+00 0.0000E+00 0.0000E+00 0.0000E+00 0.0000E+00 0.0000E+00 0.0000E+00 0.0000E+00 0.0000E+00 5.0521E-13 4.4130E-12 5.1317E-12 1.0053E-11 1.3460E-11 2.1038E-11 2.6701E-11 3.9379E-11 5.7776E-11 8.3772E-11 1.2150E-10 1.6895E-10 2.2755E-10 3.0107E-10 3.9320E-10 5.0273E-10 6.3575E-10 7.9207E-10 9.7277E-10 1.1893E-09 1.4394E-09 1.7274E-09 2.0575E-09 2.4334E-09 2.8586E-09 3.3335E-09 3.8592E-09 4.4347E-09 5.0577E-09 5.7226E-09 6.4261E-09 7.1578E-09 7.9097E-09 8.6683E-09 9.4216E-09 1.0155E-08 1.0852E-08 1.1497E-08 1.2073E-08 1.2567E-08 1.2964E-08 1.3255E-08 1.3426E-08 1.3477E-08 1.3401E-08 1.3201E-08 1.2881E-08 1.2449E-08
0.0000E+00 0.0000E+00 0.0000E+00 0.0000E+00 0.0000E+00 0.0000E+00 0.0000E+00 0.0000E+00 0.0000E+00 0.0000E+00 1.1187E-12 4.2381E-12 8.6429E-12 1.0308E-11 1.7305E-11 2.2869E-11 3.2938E-11 4.6100E-11 6.8574E-11 1.0208E-10 1.4322E-10 1.9843E-10 2.6734E-10 3.5404E-10 4.5867E-10 5.8580E-10 7.3880E-10 9.1346E-10 1.1244E-09 1.3702E-09 1.6519E-09 1.9786E-09 2.3521E-09 2.7768E-09 3.2531E-09 3.7839E-09 4.3672E-09 5.0012E-09 5.6830E-09 6.4067E-09 7.1641E-09 7.9431E-09 8.7337E-09 9.5203E-09 1.0290E-08 1.1024E-08 1.1706E-08 1.2319E-08 1.2846E-08 1.3275E-08 1.3590E-08 1.3783E-08 1.3849E-08 1.3780E-08 1.3581E-08 1.3255E-08 1.2811E-08
0.0000E+00 0.0000E+00 0.0000E+00 0.0000E+00 0.0000E+00 0.0000E+00 0.0000E+00 0.0000E+00 0.0000E+00 0.0000E+00 0.0000E+00 0.0000E+00 5.3353E-12 8.5532E-12 1.3640E-11 1.8483E-11 2.6090E-11 3.6676E-11 5.5256E-11 8.2485E-11 1.1894E-10 1.6892E-10 2.3299E-10 3.1445E-10 4.1295E-10 5.3419E-10 6.8335E-10 8.5111E-10 1.0553E-09 1.2941E-09 1.5687E-09 1.8909E-09 2.2604E-09 2.6819E-09 3.1580E-09 3.6914E-09 4.2806E-09 4.9248E-09 5.6210E-09 6.3619E-09 7.1401E-09 7.9468E-09 8.7673E-09 9.5896E-09 1.0395E-08 1.1168E-08 1.1890E-08 1.2543E-08 1.3109E-08 1.3571E-08 1.3917E-08 1.4134E-08 1.4216E-08 1.4159E-08 1.3961E-08 1.3629E-08 1.3172E-08
0.0000E+00 0.0000E+00 0.0000E+00 0.0000E+00 0.0000E+00 0.0000E+00 0.0000E+00 0.0000E+00 0.0000E+00 0.0000E+00 0.0000E+00 0.0000E+00 0.0000E+00 1.6674E-12 9.6976E-12 1.4490E-11 2.0813E-11 2.8504E-11 4.2918E-11 6.4780E-11 9.6083E-11 1.4237E-10 1.9904E-10 2.7451E-10 3.6691E-10 4.8067E-10 6.2202E-10 7.8560E-10 9.8180E-10 1.2134E-09 1.4798E-09 1.7964E-09 2.1594E-09 2.5757E-09 3.0510E-09 3.5842E-09 4.1763E-09 4.8292E-09 5.5354E-09 6.2926E-09 7.0928E-09 7.9261E-09 8.7783E-09 9.6345E-09 1.0479E-08 1.1292E-08 1.2055E-08 1.2749E-08 1.3354E-08 1.3854E-08 1.4231E-08 1.4473E-08 1.4575E-08 1.4529E-08 1.4336E-08 1.4001E-08 1.3531E-08
0.0000E+00 0.0000E+00 0.0000E+00 0.0000E+00 0.0000E+00 0.0000E+00 0.0000E+00 0.0000E+00 0.0000E+00 0.0000E+00 0.0000E+00 0.0000E+00 0.0000E+00 0.0000E+00 0.0000E+00 4.0934E-12 1.5950E-11 2.2342E-11 3.2093E-11 5.0218E-11 7.5436E-11 1.1692E-10 1.6772E-10 2.3674E-10 3.2100E-10 4.2726E-10 5.6087E-10 7.1839E-10 9.0669E-10 1.1295E-09 1.3874E-09 1.6949E-09 2.0492E-09 2.4603E-09 2.9310E-09 3.4618E-09 4.0565E-09 4.7127E-09 5.4305E-09 6.2032E-09 7.0239E-09 7.8800E-09 8.7614E-09 9.6514E-09 1.0536E-08 1.1392E-08 1.2199E-08 1.2940E-08 1.3588E-08 1.4127E-08 1.4543E-08 1.4816E-08 1.4938E-08 1.4907E-08 1.4718E-08 1.4378E-08 1.3898E-08
0.0000E+00 0.0000E+00 0.0000E+00 0.0000E+00 0.0000E+00 0.0000E+00 0.0000E+00 0.0000E+00 0.0000E+00 0.0000E+00 0.0000E+00 0.0000E+00 0.0000E+00 0.0000E+00 0.0000E+00 0.0000E+00 0.0000E+00 1.1896E-11 2.3059E-11 3.7345E-11 5.6879E-11 8.9866E-11 1.3633E-10 1.9925E-10 2.7735E-10 3.7476E-10 4.9835E-10 6.4627E-10 8.2935E-10 1.0425E-09 1.2917E-09 1.5892E-09 1.9353E-09 2.3390E-09 2.8016E-09 3.3295E-09 3.9229E-09 4.5827E-09 5.3073E-09 6.0929E-09 6.9302E-09 7.8114E-09 8.7244E-09 9.6527E-09 1.0576E-08 1.1479E-08 1.2333E-08 1.3118E-08 1.3815E-08 1.4400E-08 1.4850E-08 1.5157E-08 1.5304E-08 1.5288E-08 1.5107E-08 1.4764E-08 1.4270E-08
0.0000E+00 0.0000E+00 0.0000E+00 0.0000E+00 0.0000E+00 0.0000E+00 0.0000E+00 0.0000E+00 0.0000E+00 0.0000E+00 0.0000E+00 0.0000E+00 0.0000E+00 0.0000E+00 0.0000E+00 0.0000E+00 0.0000E+00 1.6981E-13 3.4423E-12 2.4753E-11 4.2151E-11 6.8439E-11 1.0823E-10 1.6413E-10 2.3509E-10 3.2506E-10 4.3811E-10 5.7499E-10 7.4975E-10 9.5660E-10 1.1935E-09 1.4786E-09 1.8167E-09 2.2103E-09 2.6630E-09 3.1850E-09 3.7767E-09 4.4370E-09 5.1690E-09 5.9647E-09 6.8190E-09 7.7249E-09 8.6690E-09 9.6313E-09 1.0599E-08 1.1545E-08 1.2449E-08 1.3289E-08 1.4034E-08 1.4664E-08 1.5160E-08 1.5500E-08 1.5675E-08 1.5676E-08 1.5502E-08 1.5157E-08 1.4649E-08
0.0000E+00 0.0000E+00 0.0000E+00 0.0000E+00 0.0000E+00 0.0000E+00 0.0000E+00 0.0000E+00 0.0000E+00 0.0000E+00 0.0000E+00 0.0000E+00 0.0000E+00 0.0000E+00 0.0000E+00 0.0000E+00 0.0000E+00 0.0000E+00 1.1081E-12 4.7122E-12 1.4463E-11 5.0137E-11 8.0727E-11 1.2936E-10 1.9532E-10 2.7624E-10 3.8003E-10 5.0613E-10 6.6796E-10 8.6730E-10 1.0935E-09 1.3688E-09 1.6954E-09 2.0763E-09 2.5205E-09 3.0356E-09 3.6206E-09 4.2809E-09 5.0148E-09 5.8201E-09 6.6920E-09 7.6210E-09 8.5958E-09 9.5969E-09 1.0606E-08 1.1604E-08 1.2561E-08 1.3452E-08 1.4250E-08 1.4932E-08 1.5472E-08 1.5852E-08 1.6057E-08 1.6078E-08 1.5912E-08 1.5563E-08 1.5043E-08
0.0000E+00 0.0000E+00 0.0000E+00 0.0000E+00 0.0000E+00 0.0000E+00 0.0000E+00 0.0000E+00 0.0000E+00 0.0000E+00 0.0000E+00 0.0000E+00 0.0000E+00 0.0000E+00 0.0000E+00 0.0000E+00 0.0000E+00 0.0000E+00 0.0000E+00 2.0063E-12 5.8844E-12 2.0286E-11 4.4496E-11 9.7430E-11 1.5579E-10 2.3044E-10 3.2407E-10 4.3840E-10 5.8834E-10 7.7817E-10 9.9311E-10 1.2585E-09 1.5715E-09 1.9383E-09 2.3727E-09 2.8769E-09 3.4552E-09 4.1141E-09 4.8495E-09 5.6642E-09 6.5524E-09 7.5048E-09 8.5064E-09 9.5461E-09 1.0603E-08 1.1649E-08 1.2659E-08 1.3607E-08 1.4463E-08 1.5198E-08 1.5786E-08 1.6207E-08 1.6442E-08 1.6484E-08 1.6326E-08 1.5976E-08 1.5442E-08
0.0000E+00 0.0000E+00 0.0000E+00 0.0000E+00 0.0000E+00 0.0000E+00 0.0000E+00 0.0000E+00 0.0000E+00 0.0000E+00 0.0000E+00 0.0000E+00 0.0000E+00 0.0000E+00 0.0000E+00 0.0000E+00 0.0000E+00 0.0000E+00 0.0000E+00 0.0000E+00 3.0342E-12 9.5362E-12 2.8519E-11 5.6695E-11 1.0925E-10 1.8326E-10 2.7033E-10 3.7488E-10 5.1229E-10 6.8926E-10 8.9329E-10 1.1479E-09 1.4458E-09 1.8017E-09 2.2227E-09 2.7144E-09 3.2860E-09 3.9386E-09 4.6750E-09 5.4975E-09 6.3984E-09 7.3701E-09 8.4072E-09 9.4855E-09 1.0585E-08 1.1685E-08 1.2753E-08 1.3761E-08 1.4678E-08 1.5470E-08 1.6113E-08 1.6581E-08 1.6854E-08 1.6921E-08 1.6776E-08 1.6421E-08 1.5872E-08
0.0000E+00 0.0000E+00 0.0000E+00 0.0000E+00 0.0000E+00 0.0000E+00 0.0000E+00 0.0000E+00 0.0000E+00 0.0000E+00 0.0000E+00 0.0000E+00 0.0000E+00 0.0000E+00 0.0000E+00 0.0000E+00 0.0000E+00 0.0000E+00 0.0000E+00 0.0000E+00 0.0000E+00 4.1524E-12 1.4984E-11 3.8784E-11 7.8185E-11 1.3251E-10 2.1047E-10 3.0808E-10 4.3570E-10 5.9973E-10 7.9421E-10 1.0366E-09 1.3205E-09 1.6637E-09 2.0672E-09 2.5480E-09 3.1100E-09 3.7561E-09 4.4928E-09 5.3187E-09 6.2315E-09 7.2282E-09 8.2904E-09 9.4070E-09 1.0552E-08 1.1706E-08 1.2836E-08 1.3908E-08 1.4888E-08 1.5744E-08 1.6443E-08 1.6959E-08 1.7267E-08 1.7358E-08 1.7224E-08 1.6867E-08 1.6302E-08
0.0000E+00 0.0000E+00 0.0000E+00 0.0000E+00 0.0000E+00 0.0000E+00 0.0000E+00 0.0000E+00 0.0000E+00 0.0000E+00 0.0000E+00 0.0000E+00 0.0000E+00 0.0000E+00 0.0000E+00 0.0000E+00 0.0000E+00 0.0000E+00 0.0000E+00 0.0000E+00 0.0000E+00 9.5654E-13 5.6290E-12 2.2397E-11 5.1467E-11 9.8897E-11 1.6106E-10 2.4605E-10 3.5677E-10 5.0688E-10 6.9141E-10 9.2189E-10 1.1954E-09 1.5269E-09 1.9116E-09 2.3800E-09 2.9306E-09 3.5671E-09 4.2988E-09 5.1293E-09 6.0547E-09 7.0670E-09 8.1590E-09 9.3130E-09 1.0511E-08 1.1720E-08 1.2912E-08 1.4051E-08 1.5101E-08 1.6025E-08 1.6787E-08 1.7357E-08 1.7711E-08 1.7832E-08 1.7712E-08 1.7356E-08 1.6773E-08
