Assets/Resources/2015_m01_d13_1400(utc+0800)_l00_csi_1hr_conc.grd
DSAA
         159         159
     -79.000      79.000
     -79.000      79.000
  0.0000E+00  0.4479E-05
[rows 100 to 124 of 159, columns 0 to 56 of 159]
2.8865E-09 2.9947E-09 3.1016E-09 3.2143E-09 3.3234E-09 3.4352E-09 3.5448E-09 3.6555E-09 3.7631E-09 3.8720E-09 3.9787E-09 4.0807E-09 4.1804E-09 4.2733E-09 4.3640E-09 4.4461E-09 4.5246E-09 4.5959E-09 4.6563E-09 4.7108E-09 4.7544E-09 4.7891E-09 4.8155E-09 4.8290E-09 4.8370E-09 4.8220E-09 4.8074E-09 4.7688E-09 4.7277E-09 4.6785E-09 4.6211E-09 4.5497E-09 4.4684E-09 4.3784E-09 4.2723E-09 4.1622E-09 4.0363E-09 3.9134E-09 3.7743E-09 3.6286E-09 3.4790E-09 3.3261E-09 3.1683E-09 3.0055E-09 2.8366E-09 2.6637E-09 2.4878E-09 2.3097E-09 2.1308E-09 1.9523E-09 1.7804E-09 1.6143E-09 1.4570E-09 1.3083E-09 1.1622E-09 1.0223E-09 8.9145E-10
2.7409E-09 2.8400E-09 2.9413E-09 3.0402E-09 3.1438E-09 3.2438E-09 3.3443E-09 3.4439E-09 3.5410E-09 3.6360E-09 3.7300E-09 3.8219E-09 3.9070E-09 3.9892E-09 4.0636E-09 4.1348E-09 4.1965E-09 4.2540E-09 4.3003E-09 4.3411E-09 4.3710E-09 4.3904E-09 4.4009E-09 4.3966E-09 4.3896E-09 4.3622E-09 4.3328E-09 4.2854E-09 4.2338E-09 4.1742E-09 4.1048E-09 4.0279E-09 3.9402E-09 3.8470E-09 3.7413E-09 3.6345E-09 3.5173E-09 3.3929E-09 3.2664E-09 3.1400E-09 3.0070E-09 2.8693E-09 2.7282E-09 2.5843E-09 2.4376E-09 2.2884E-09 2.1368E-09 1.9839E-09 1.8311E-09 1.6790E-09 1.5287E-09 1.3830E-09 1.2423E-09 1.1072E-09 9.7195E-10 8.3963E-10 7.0936E-10
2.5930E-09 2.6853E-09 2.7770E-09 2.8695E-09 2.9600E-09 3.0533E-09 3.1431E-09 3.2317E-09 3.3192E-09 3.4029E-09 3.4842E-09 3.5626E-09 3.6367E-09 3.7064E-09 3.7708E-09 3.8266E-09 3.8784E-09 3.9203E-09 3.9573E-09 3.9828E-09 4.0019E-09 4.0088E-09 4.0084E-09 3.9942E-09 3.9730E-09 3.9398E-09 3.9005E-09 3.8509E-09 3.7945E-09 3.7311E-09 3.6610E-09 3.5849E-09 3.4965E-09 3.4042E-09 3.2998E-09 3.1926E-09 3.0812E-09 2.9695E-09 2.8519E-09 2.7322E-09 2.6126E-09 2.4915E-09 2.3703E-09 2.2439E-09 2.1145E-09 1.9809E-09 1.8461E-09 1.7109E-09 1.5764E-09 1.4345E-09 1.2924E-09 1.1459E-09 1.0061E-09 8.7356E-10 7.5394E-10 6.4659E-10 5.4428E-10
2.4465E-09 2.5289E-09 2.6141E-09 2.6969E-09 2.7801E-09 2.8612E-09 2.9434E-09 3.0217E-09 3.0980E-09 3.1720E-09 3.2423E-09 3.3089E-09 3.3715E-09 3.4293E-09 3.4820E-09 3.5260E-09 3.5664E-09 3.5997E-09 3.6226E-09 3.6404E-09 3.6467E-09 3.6436E-09 3.6342E-09 3.6123E-09 3.5843E-09 3.5452E-09 3.4971E-09 3.4465E-09 3.3893E-09 3.3299E-09 3.2615E-09 3.1822E-09 3.0968E-09 3.0070E-09 2.9112E-09 2.8111E-09 2.7043E-09 2.5917E-09 2.4796E-09 2.3667E-09 2.2535E-09 2.1380E-09 2.0201E-09 1.9004E-09 1.7802E-09 1.6598E-09 1.5396E-09 1.4152E-09 1.2870E-09 1.1547E-09 1.0265E-09 8.9937E-10 7.8810E-10 6.9479E-10 6.0634E-10 5.2436E-10 4.4907E-10
2.2939E-09 2.3756E-09 2.4498E-09 2.5271E-09 2.5998E-09 2.6733E-09 2.7438E-09 2.8146E-09 2.8810E-09 2.9444E-09 3.0045E-09 3.0608E-09 3.1120E-09 3.1595E-09 3.2014E-09 3.2376E-09 3.2649E-09 3.2881E-09 3.3012E-09 3.3097E-09 3.3101E-09 3.2994E-09 3.2802E-09 3.2525E-09 3.2190E-09 3.1759E-09 3.1303E-09 3.0780E-09 3.0230E-09 2.9621E-09 2.8943E-09 2.8240E-09 2.7429E-09 2.6562E-09 2.5652E-09 2.4668E-09 2.3669E-09 2.2661E-09 2.1642E-09 2.0614E-09 1.9571E-09 1.8516E-09 1.7412E-09 1.6300E-09 1.5189E-09 1.4111E-09 1.2995E-09 1.1862E-09 1.0757E-09 9.6453E-10 8.5904E-10 7.6725E-10 6.7852E-10 5.9403E-10 5.1546E-10 4.4505E-10 3.7959E-10
2.1519E-09 2.2171E-09 2.2904E-09 2.3558E-09 2.4244E-09 2.4862E-09 2.5500E-09 2.6092E-09 2.6684E-09 2.7223E-09 2.7726E-09 2.8190E-09 2.8612E-09 2.8961E-09 2.9282E-09 2.9573E-09 2.9763E-09 2.9898E-09 2.9974E-09 2.9951E-09 2.9882E-09 2.9713E-09 2.9502E-09 2.9187E-09 2.8801E-09 2.8367E-09 2.7891E-09 2.7388E-09 2.6876E-09 2.6321E-09 2.5666E-09 2.4989E-09 2.4211E-09 2.3404E-09 2.2502E-09 2.1605E-09 2.0638E-09 1.9660E-09 1.8691E-09 1.7713E-09 1.6775E-09 1.5814E-09 1.4835E-09 1.3849E-09 1.2815E-09 1.1824E-09 1.0892E-09 9.9483E-10 9.0373E-10 8.1922E-10 7.3557E-10 6.5852E-10 5.8163E-10 5.0870E-10 4.4175E-10 3.7968E-10 3.2235E-10
2.0070E-09 2.0671E-09 2.1273E-09 2.1912E-09 2.2478E-09 2.3069E-09 2.3583E-09 2.4113E-09 2.4571E-09 2.5042E-09 2.5477E-09 2.5852E-09 2.6186E-09 2.6474E-09 2.6687E-09 2.6870E-09 2.6986E-09 2.7063E-09 2.7067E-09 2.6980E-09 2.6856E-09 2.6650E-09 2.6391E-09 2.6083E-09 2.5666E-09 2.5257E-09 2.4817E-09 2.4342E-09 2.3881E-09 2.3331E-09 2.2726E-09 2.2069E-09 2.1354E-09 2.0579E-09 1.9770E-09 1.8929E-09 1.8020E-09 1.7201E-09 1.6342E-09 1.5398E-09 1.4592E-09 1.3730E-09 1.2839E-09 1.1985E-09 1.1110E-09 1.0250E-09 9.4018E-10 8.6051E-10 7.8290E-10 7.0581E-10 6.3265E-10 5.6435E-10 5.0172E-10 4.3925E-10 3.8025E-10 3.2483E-10 2.7679E-10
1.8671E-09 1.9211E-09 1.9734E-09 2.0250E-09 2.0723E-09 2.1244E-09 2.1733E-09 2.2145E-09 2.2564E-09 2.2909E-09 2.3263E-09 2.3557E-09 2.3811E-09 2.4044E-09 2.4188E-09 2.4296E-09 2.4355E-09 2.4332E-09 2.4300E-09 2.4167E-09 2.4003E-09 2.3766E-09 2.3457E-09 2.3138E-09 2.2752E-09 2.2396E-09 2.1987E-09 2.1628E-09 2.1167E-09 2.0677E-09 2.0125E-09 1.9520E-09 1.8853E-09 1.8125E-09 1.7358E-09 1.6585E-09 1.5788E-09 1.4980E-09 1.4164E-09 1.3415E-09 1.2618E-09 1.1869E-09 1.1088E-09 1.0302E-09 9.5698E-10 8.8347E-10 8.1306E-10 7.4138E-10 6.7269E-10 6.1026E-10 5.4887E-10 4.9019E-10 4.3427E-10 3.8112E-10 3.2598E-10 2.7625E-10 2.3242E-10
1.7310E-09 1.7781E-09 1.8222E-09 1.8665E-09 1.9071E-09 1.9453E-09 1.9850E-09 2.0204E-09 2.0594E-09 2.0909E-09 2.1147E-09 2.1393E-09 2.1555E-09 2.1720E-09 2.1813E-09 2.1871E-09 2.1846E-09 2.1774E-09 2.1677E-09 2.1517E-09 2.1303E-09 2.1050E-09 2.0744E-09 2.0469E-09 2.0145E-09 1.9813E-09 1.9450E-09 1.9087E-09 1.8678E-09 1.8226E-09 1.7731E-09 1.7163E-09 1.6547E-09 1.5897E-09 1.5214E-09 1.4516E-09 1.3810E-09 1.3106E-09 1.2420E-09 1.1716E-09 1.1040E-09 1.0364E-09 9.6923E-10 9.0285E-10 8.3759E-10 7.7131E-10 7.0680E-10 6.4727E-10 5.8759E-10 5.3308E-10 4.7893E-10 4.2384E-10 3.7106E-10 3.2437E-10 2.7764E-10 2.3139E-10 1.9032E-10
1.5990E-09 1.6396E-09 1.6794E-09 1.7159E-09 1.7521E-09 1.7842E-09 1.8135E-09 1.8440E-09 1.8677E-09 1.8945E-09 1.9121E-09 1.9303E-09 1.9428E-09 1.9513E-09 1.9571E-09 1.9558E-09 1.9512E-09 1.9403E-09 1.9278E-09 1.9099E-09 1.8883E-09 1.8645E-09 1.8363E-09 1.8087E-09 1.7796E-09 1.7481E-09 1.7165E-09 1.6819E-09 1.6471E-09 1.6069E-09 1.5634E-09 1.5117E-09 1.4563E-09 1.3975E-09 1.3370E-09 1.2748E-09 1.2119E-09 1.1505E-09 1.0910E-09 1.0311E-09 9.7089E-10 9.1086E-10 8.4870E-10 7.9013E-10 7.3001E-10 6.7407E-10 6.1725E-10 5.6499E-10 5.1235E-10 4.5933E-10 4.1241E-10 3.6225E-10 3.1443E-10 2.6942E-10 2.2866E-10 1.8693E-10 1.5248E-10
1.4697E-09 1.5037E-09 1.5379E-09 1.5703E-09 1.5990E-09 1.6271E-09 1.6508E-09 1.6717E-09 1.6917E-09 1.7089E-09 1.7250E-09 1.7359E-09 1.7443E-09 1.7471E-09 1.7495E-09 1.7435E-09 1.7373E-09 1.7249E-09 1.7125E-09 1.6929E-09 1.6717E-09 1.6482E-09 1.6230E-09 1.5988E-09 1.5705E-09 1.5417E-09 1.5111E-09 1.4792E-09 1.4483E-09 1.4105E-09 1.3695E-09 1.3207E-09 1.2732E-09 1.2221E-09 1.1703E-09 1.1174E-09 1.0648E-09 1.0120E-09 9.5907E-10 9.0315E-10 8.4708E-10 7.9423E-10 7.4187E-10 6.9027E-10 6.3721E-10 5.8804E-10 5.3737E-10 4.8786E-10 4.4041E-10 3.9131E-10 3.4708E-10 3.0500E-10 2.6196E-10 2.2340E-10 1.8737E-10 1.5164E-10 1.1380E-10
1.3461E-09 1.3766E-09 1.4040E-09 1.4311E-09 1.4545E-09 1.4774E-09 1.4978E-09 1.5141E-09 1.5276E-09 1.5380E-09 1.5495E-09 1.5546E-09 1.5599E-09 1.5594E-09 1.5576E-09 1.5510E-09 1.5389E-09 1.5243E-09 1.5094E-09 1.4894E-09 1.4696E-09 1.4480E-09 1.4264E-09 1.4030E-09 1.3798E-09 1.3553E-09 1.3324E-09 1.3071E-09 1.2765E-09 1.2413E-09 1.2005E-09 1.1583E-09 1.1100E-09 1.0623E-09 1.0174E-09 9.6585E-10 9.2066E-10 8.7405E-10 8.3011E-10 7.8564E-10 7.3813E-10 6.9359E-10 6.4406E-10 5.9502E-10 5.4956E-10 5.0252E-10 4.5734E-10 4.1134E-10 3.7290E-10 3.3116E-10 2.9052E-10 2.5534E-10 2.1682E-10 1.8395E-10 1.5020E-10 1.1564E-10 8.4217E-11
1.2254E-09 1.2496E-09 1.2725E-09 1.2943E-09 1.3146E-09 1.3309E-09 1.3470E-09 1.3588E-09 1.3702E-09 1.3770E-09 1.3808E-09 1.3833E-09 1.3836E-09 1.3810E-09 1.3754E-09 1.3674E-09 1.3564E-09 1.3438E-09 1.3284E-09 1.3096E-09 1.2914E-09 1.2721E-09 1.2543E-09 1.2328E-09 1.2127E-09 1.1898E-09 1.1684E-09 1.1430E-09 1.1163E-09 1.0860E-09 1.0505E-09 1.0119E-09 9.7116E-10 9.2979E-10 8.8729E-10 8.4516E-10 8.0423E-10 7.6310E-10 7.2145E-10 6.7734E-10 6.3334E-10 5.9250E-10 5.4956E-10 5.1025E-10 4.6692E-10 4.2763E-10 3.9222E-10 3.5320E-10 3.1694E-10 2.8150E-10 2.4206E-10 2.0691E-10 1.7603E-10 1.4620E-10 1.1480E-10 8.3932E-11 5.7686E-11
1.1142E-09 1.1343E-09 1.1526E-09 1.1690E-09 1.1850E-09 1.1976E-09 1.2097E-09 1.2195E-09 1.2259E-09 1.2314E-09 1.2326E-09 1.2310E-09 1.2265E-09 1.2214E-09 1.2137E-09 1.2047E-09 1.1901E-09 1.1777E-09 1.1625E-09 1.1461E-09 1.1294E-09 1.1095E-09 1.0927E-09 1.0830E-09 1.0651E-09 1.0444E-09 1.0231E-09 9.9970E-10 9.7376E-10 9.4543E-10 9.1471E-10 8.8196E-10 8.4793E-10 8.1292E-10 7.7509E-10 7.3969E-10 7.0115E-10 6.6514E-10 6.2576E-10 5.8926E-10 5.5013E-10 5.1438E-10 4.7700E-10 4.3990E-10 4.0580E-10 3.6769E-10 3.3264E-10 2.9871E-10 2.6138E-10 2.3247E-10 1.9972E-10 1.6842E-10 1.4145E-10 1.1060E-10 8.2533E-11 5.8644E-11 3.9227E-11
1.0046E-09 1.0228E-09 1.0374E-09 1.0501E-09 1.0611E-09 1.0707E-09 1.0793E-09 1.0862E-09 1.0895E-09 1.0923E-09 1.0888E-09 1.0872E-09 1.0814E-09 1.0731E-09 1.0604E-09 1.0505E-09 1.0388E-09 1.0241E-09 1.0107E-09 9.9682E-10 9.8366E-10 9.7073E-10 9.5674E-10 9.4108E-10 9.2487E-10 9.0795E-10 8.8988E-10 8.6962E-10 8.4605E-10 8.1945E-10 7.8982E-10 7.5883E-10 7.2725E-10 6.9428E-10 6.6088E-10 6.2842E-10 5.9849E-10 5.6686E-10 5.3649E-10 5.0341E-10 4.6878E-10 4.3844E-10 4.0457E-10 3.7286E-10 3.4061E-10 3.0735E-10 2.7821E-10 2.4902E-10 2.1825E-10 1.8790E-10 1.6160E-10 1.3574E-10 1.0776E-10 8.1751E-11 5.9439E-11 3.8548E-11 2.2009E-11
9.0213E-10 9.1491E-10 9.2606E-10 9.3559E-10 9.4368E-10 9.5006E-10 9.5463E-10 9.5884E-10 9.5999E-10 9.6075E-10 9.5798E-10 9.5462E-10 9.4899E-10 9.4108E-10 9.3111E-10 9.1976E-10 9.0482E-10 8.9307E-10 8.7830E-10 8.7038E-10 8.6077E-10 8.4829E-10 8.3522E-10 8.2158E-10 8.0739E-10 7.9114E-10 7.7276E-10 7.5534E-10 7.3434E-10 7.0888E-10 6.8650E-10 6.5842E-10 6.3182E-10 6.0485E-10 5.7558E-10 5.4860E-10 5.2177E-10 4.9172E-10 4.6411E-10 4.3391E-10 4.0365E-10 3.7450E-10 3.4517E-10 3.1683E-10 2.8881E-10 2.6196E-10 2.3259E-10 2.0416E-10 1.7933E-10 1.5261E-10 1.2550E-10 1.0426E-10 8.0885E-11 5.8702E-11 3.9200E-11 2.3640E-11 1.2780E-11
8.0932E-10 8.1918E-10 8.2757E-10 8.3479E-10 8.4047E-10 8.4473E-10 8.4740E-10 8.4836E-10 8.4765E-10 8.4443E-10 8.4054E-10 8.3641E-10 8.2755E-10 8.2031E-10 8.1248E-10 8.0013E-10 7.8928E-10 7.7826E-10 7.6426E-10 7.5344E-10 7.4312E-10 7.2932E-10 7.1777E-10 7.0427E-10 6.8979E-10 6.7626E-10 6.5913E-10 6.5181E-10 6.3117E-10 6.1143E-10 5.9119E-10 5.6388E-10 5.3838E-10 5.1382E-10 4.9042E-10 4.6418E-10 4.4066E-10 4.1843E-10 3.9077E-10 3.6684E-10 3.4142E-10 3.1758E-10 2.9271E-10 2.6557E-10 2.4164E-10 2.1701E-10 1.9243E-10 1.6838E-10 1.4626E-10 1.2169E-10 1.0004E-10 7.8613E-11 5.7768E-11 3.9360E-11 2.3871E-11 1.5340E-11 1.0443E-11
7.1388E-10 7.2098E-10 7.2711E-10 7.3192E-10 7.3565E-10 7.3796E-10 7.3892E-10 7.3847E-10 7.3654E-10 7.3314E-10 7.2824E-10 7.2306E-10 7.1663E-10 7.1035E-10 7.0241E-10 6.9238E-10 6.8438E-10 6.7827E-10 6.6919E-10 6.5987E-10 6.4987E-10 6.3945E-10 6.2818E-10 6.1620E-10 6.0292E-10 5.9082E-10 5.7531E-10 5.6132E-10 5.4397E-10 5.2557E-10 5.0498E-10 4.8300E-10 4.6157E-10 4.4122E-10 4.1844E-10 3.9792E-10 3.7513E-10 3.5679E-10 3.3392E-10 3.1507E-10 2.8996E-10 2.6959E-10 2.4510E-10 2.2599E-10 2.0348E-10 1.8073E-10 1.6204E-10 1.3858E-10 1.1915E-10 9.5679E-11 7.4586E-11 5.3941E-11 3.8318E-11 2.5175E-11 1.7042E-11 1.2547E-11 9.4505E-12
6.3463E-10 6.3996E-10 6.4424E-10 6.4761E-10 6.4973E-10 6.5083E-10 6.5068E-10 6.4931E-10 6.4670E-10 6.4072E-10 6.3572E-10 6.2998E-10 6.2127E-10 6.1460E-10 6.0831E-10 5.9939E-10 5.9274E-10 5.8397E-10 5.7739E-10 5.7066E-10 5.5961E-10 5.5038E-10 5.4044E-10 5.3454E-10 5.2776E-10 5.1483E-10 5.0094E-10 4.8619E-10 4.7067E-10 4.5449E-10 4.3541E-10 4.1826E-10 4.0075E-10 3.8062E-10 3.6282E-10 3.4247E-10 3.2480E-10 3.0729E-10 2.8570E-10 2.6635E-10 2.4904E-10 2.2981E-10 2.1172E-10 1.9137E-10 1.7135E-10 1.5349E-10 1.3208E-10 1.1306E-10 9.0608E-11 7.0954E-11 5.0491E-11 3.4965E-11 2.6692E-11 1.8621E-11 1.4100E-11 1.1668E-11 8.1913E-12
5.5248E-10 5.5801E-10 5.6280E-10 5.6468E-10 5.6576E-10 5.6578E-10 5.6485E-10 5.6077E-10 5.5775E-10 5.5377E-10 5.4920E-10 5.4405E-10 5.3611E-10 5.3020E-10 5.2415E-10 5.1809E-10 5.1255E-10 5.0728E-10 5.0214E-10 4.9629E-10 4.8982E-10 4.8305E-10 4.7495E-10 4.6548E-10 4.5468E-10 4.4302E-10 4.3060E-10 4.1748E-10 4.0376E-10 3.8951E-10 3.7484E-10 3.5983E-10 3.4457E-10 3.2914E-10 3.1160E-10 2.9622E-10 2.7882E-10 2.6381E-10 2.4688E-10 2.3099E-10 2.1419E-10 1.9594E-10 1.7812E-10 1.6292E-10 1.4286E-10 1.2180E-10 1.0305E-10 8.3724E-11 6.4541E-11 4.9662E-11 3.4887E-11 2.6790E-11 2.0048E-11 1.5554E-11 1.3101E-11 1.0855E-11 7.2546E-12
4.8702E-10 4.8941E-10 4.9110E-10 4.9207E-10 4.9217E-10 4.9153E-10 4.9003E-10 4.8770E-10 4.8252E-10 4.7890E-10 4.7484E-10 4.6836E-10 4.6381E-10 4.5917E-10 4.5224E-10 4.4751E-10 4.4039E-10 4.3540E-10 4.2981E-10 4.2122E-10 4.1958E-10 4.2015E-10 4.1286E-10 4.0500E-10 3.9628E-10 3.8695E-10 3.7676E-10 3.6348E-10 3.5174E-10 3.3926E-10 3.2423E-10 3.1119E-10 2.9795E-10 2.8236E-10 2.6905E-10 2.5344E-10 2.3891E-10 2.2361E-10 2.0932E-10 1.9666E-10 1.8065E-10 1.6532E-10 1.4872E-10 1.2978E-10 1.1294E-10 9.5372E-11 7.7100E-11 6.0597E-11 4.6103E-11 3.5757E-11 2.6150E-11 2.1308E-11 1.6884E-11 1.4446E-11 1.2179E-11 1.0104E-11 6.3826E-12
4.2367E-10 4.2521E-10 4.2609E-10 4.2631E-10 4.2400E-10 4.2291E-10 4.2119E-10 4.1881E-10 4.1597E-10 4.1074E-10 4.0745E-10 4.0398E-10 3.9670E-10 3.9474E-10 3.9126E-10 3.8785E-10 3.8422E-10 3.8010E-10 3.7543E-10 3.7014E-10 3.6409E-10 3.5727E-10 3.4972E-10 3.4150E-10 3.3276E-10 3.2361E-10 3.1392E-10 3.0375E-10 2.9317E-10 2.8225E-10 2.7106E-10 2.5967E-10 2.4814E-10 2.3514E-10 2.2360E-10 2.1069E-10 1.9784E-10 1.8681E-10 1.7315E-10 1.6159E-10 1.4845E-10 1.3507E-10 1.1849E-10 1.0383E-10 8.8600E-11 7.2292E-11 5.7596E-11 4.3884E-11 3.5222E-11 2.7067E-11 2.1234E-11 1.8075E-11 1.5681E-11 1.3424E-11 1.1328E-11 9.2600E-12 5.6928E-12
3.6548E-10 3.6616E-10 3.6641E-10 3.6614E-10 3.6535E-10 3.6405E-10 3.6082E-10 3.5862E-10 3.5626E-10 3.5231E-10 3.4975E-10 3.4723E-10 3.4311E-10 3.4060E-10 3.3644E-10 3.3382E-10 3.3073E-10 3.2540E-10 3.2124E-10 3.2133E-10 3.1924E-10 3.1321E-10 3.0655E-10 2.9931E-10 2.9153E-10 2.8178E-10 2.7312E-10 2.6410E-10 2.5477E-10 2.4368E-10 2.3395E-10 2.2252E-10 2.1264E-10 2.0275E-10 1.8997E-10 1.8034E-10 1.6783E-10 1.5865E-10 1.4714E-10 1.3563E-10 1.2298E-10 1.0907E-10 9.6154E-11 8.1000E-11 6.5546E-11 5.4652E-11 4.3323E-11 3.4442E-11 2.6618E-11 2.1529E-11 1.9118E-11 1.6791E-11 1.4572E-11 1.2482E-11 1.0542E-11 8.3555E-12 5.0277E-12
3.1551E-10 3.1583E-10 3.1435E-10 3.1384E-10 3.1292E-10 3.1160E-10 3.0849E-10 3.0677E-10 3.0495E-10 3.0177E-10 2.9844E-10 2.9521E-10 2.9635E-10 2.9467E-10 2.9296E-10 2.9090E-10 2.8834E-10 2.8528E-10 2.8159E-10 2.7729E-10 2.7240E-10 2.6696E-10 2.6101E-10 2.5459E-10 2.4774E-10 2.4051E-10 2.3295E-10 2.2510E-10 2.1702E-10 2.0875E-10 1.9901E-10 1.9057E-10 1.8071E-10 1.7229E-10 1.6250E-10 1.5309E-10 1.4246E-10 1.3354E-10 1.2048E-10 1.1011E-10 9.8725E-11 8.6552E-11 7.5273E-11 6.1535E-11 4.9854E-11 3.9663E-11 3.3476E-11 2.7183E-11 2.2310E-11 2.0010E-11 1.7769E-11 1.5608E-11 1.3550E-11 1.1613E-11 9.8162E-12 7.5187E-12 4.4122E-12
2.6148E-10 2.6081E-10 2.5865E-10 2.5741E-10 2.5584E-10 2.5268E-10 2.5082E-10 2.4891E-10 2.4563E-10 2.4382E-10 2.4201E-10 2.3882E-10 2.3706E-10 2.3376E-10 2.3174E-10 2.2927E-10 2.2630E-10 2.2280E-10 2.1879E-10 2.1898E-10 2.1556E-10 2.1027E-10 2.0458E-10 1.9853E-10 1.9215E-10 1.8409E-10 1.7722E-10 1.7015E-10 1.6149E-10 1.5420E-10 1.4686E-10 1.3680E-10 1.2957E-10 1.1844E-10 1.1157E-10 1.0124E-10 9.4871E-11 8.3894E-11 7.3096E-11 6.3972E-11 5.2822E-11 4.1466E-11 3.1315E-11 2.4308E-11 1.7981E-11 1.1379E-11 8.0947E-12 6.8030E-12 6.1787E-12 5.5600E-12 4.9533E-12 4.3651E-12 3.8014E-12 3.2681E-12 2.7704E-12 2.3128E-12 1.8988E-12
