Assets/Resources/2015_m01_d03_0300(utc+0800)_l00_csi_1hr_conc.grd
DSAA
         159         159
     -79.000      79.000
     -79.000      79.000
  0.0000E+00  0.7643E-04
[rows 75 to 99 of 159, columns 57 to 113 of 159]
5.1264E-09 5.6682E-09 6.3205E-09 7.0402E-09 7.8546E-09 8.9304E-09 1.0150E-08 1.1361E-08 1.2977E-08 1.4639E-08 1.7109E-08 2.0023E-08 2.3147E-08 2.7402E-08 3.2450E-08 3.8195E-08 4.6635E-08 6.1224E-08 8.3124E-08 1.1923E-07 1.7845E-07 2.8695E-07 4.7795E-07 8.4723E-07 1.3312E-06 1.7282E-06 1.9662E-06 2.0693E-06 2.0702E-06 1.9925E-06 1.8548E-06 1.6726E-06 1.4623E-06 1.2430E-06 1.0312E-06 8.3969E-07 6.7473E-07 5.3006E-07 4.2217E-07 3.3868E-07 2.7541E-07 2.2529E-07 1.9339E-07 1.6858E-07 1.4660E-07 1.3368E-07 1.2379E-07 1.1578E-07 1.0815E-07 1.0134E-07 9.4520E-08 8.7503E-08 8.0797E-08 7.4461E-08 6.8400E-08 6.2723E-08 5.7367E-08
4.9534E-09 5.4755E-09 6.1204E-09 6.8206E-09 7.6144E-09 8.6704E-09 9.8579E-09 1.1041E-08 1.2613E-08 1.4234E-08 1.6628E-08 1.9452E-08 2.2480E-08 2.6594E-08 3.1463E-08 3.7007E-08 4.5322E-08 5.9796E-08 8.1517E-08 1.1751E-07 1.7672E-07 2.9073E-07 4.8910E-07 8.8563E-07 1.3813E-06 2.2581E-06 3.1944E-06 3.0873E-06 2.9302E-06 2.7337E-06 1.8965E-06 1.6102E-06 1.3997E-06 1.1855E-06 9.8100E-07 7.9771E-07 6.4155E-07 5.0415E-07 4.0298E-07 3.2401E-07 2.6598E-07 2.1686E-07 1.8655E-07 1.6286E-07 1.4160E-07 1.2912E-07 1.1932E-07 1.1132E-07 1.0425E-07 9.8032E-08 9.1799E-08 8.5369E-08 7.9192E-08 7.3002E-08 6.7078E-08 6.1530E-08 5.6291E-08
4.7711E-09 5.2786E-09 5.8948E-09 6.5817E-09 7.3493E-09 8.3827E-09 9.3514E-09 1.0680E-08 1.2201E-08 1.3769E-08 1.6070E-08 1.8378E-08 2.1688E-08 2.5622E-08 3.0270E-08 3.5560E-08 4.3485E-08 5.7235E-08 7.7701E-08 1.1142E-07 1.6662E-07 2.7171E-07 4.5249E-07 8.1652E-07 1.9849E-06 5.8028E-06 5.8478E-06 5.7845E-06 5.6359E-06 3.5881E-06 1.6461E-06 1.4673E-06 1.2731E-06 1.0780E-06 8.9258E-07 7.2794E-07 5.8746E-07 4.6372E-07 3.7321E-07 3.0251E-07 2.5017E-07 2.0687E-07 1.7771E-07 1.5587E-07 1.3586E-07 1.2410E-07 1.1477E-07 1.0694E-07 1.0002E-07 9.3892E-08 8.8107E-08 8.2296E-08 7.6778E-08 7.1149E-08 6.5478E-08 6.0087E-08 5.4990E-08
4.5809E-09 5.0706E-09 5.6624E-09 6.3225E-09 7.0640E-09 8.0706E-09 8.9943E-09 1.0284E-08 1.1744E-08 1.3253E-08 1.5444E-08 1.7650E-08 2.0788E-08 2.4512E-08 2.8613E-08 3.3895E-08 4.1196E-08 5.3722E-08 7.2034E-08 1.0176E-07 1.4986E-07 2.3510E-07 3.8110E-07 1.6284E-06 5.4618E-06 5.6067E-06 5.6432E-06 5.5712E-06 3.1142E-06 1.5442E-06 1.4174E-06 1.2692E-06 1.1029E-06 9.3762E-07 7.7985E-07 6.4001E-07 5.2036E-07 4.1413E-07 3.3689E-07 2.7831E-07 2.3129E-07 1.9310E-07 1.6745E-07 1.4799E-07 1.2960E-07 1.1878E-07 1.0997E-07 1.0255E-07 9.5867E-08 8.9711E-08 8.4050E-08 7.8566E-08 7.3562E-08 6.8431E-08 6.3299E-08 5.8414E-08 5.3482E-08
4.3843E-09 4.8509E-09 5.4164E-09 6.0492E-09 6.7620E-09 7.5477E-09 8.6252E-09 9.8570E-09 1.1072E-08 1.2693E-08 1.4342E-08 1.6854E-08 1.9800E-08 2.2884E-08 2.7132E-08 3.2058E-08 3.8576E-08 4.9589E-08 6.5272E-08 9.0014E-08 1.2930E-07 1.9249E-07 3.0028E-07 7.6431E-05 3.1496E-05 1.5619E-05 7.9437E-06 2.3580E-06 1.3237E-06 1.2635E-06 1.1640E-06 1.0467E-06 9.1462E-07 7.8334E-07 6.5730E-07 5.4510E-07 4.4807E-07 3.6112E-07 2.9795E-07 2.4998E-07 2.0702E-07 1.7821E-07 1.5638E-07 1.3956E-07 1.2294E-07 1.1316E-07 1.0507E-07 9.8067E-08 9.1657E-08 8.5690E-08 8.0174E-08 7.4750E-08 6.9821E-08 6.5122E-08 6.0462E-08 5.6148E-08 5.1669E-08
4.1759E-09 4.6225E-09 5.1502E-09 5.7652E-09 6.4408E-09 7.2014E-09 8.2360E-09 9.4057E-09 1.0562E-08 1.2098E-08 1.3662E-08 1.6004E-08 1.8745E-08 2.1622E-08 2.5549E-08 3.0097E-08 3.5775E-08 4.4942E-08 5.8083E-08 7.7803E-08 1.0823E-07 1.5383E-07 2.2583E-07 3.5205E-07 5.5174E-07 7.6977E-07 9.3004E-07 1.0095E-06 1.0216E-06 9.8490E-07 9.1594E-07 8.2959E-07 7.3119E-07 6.3313E-07 5.3783E-07 4.5221E-07 3.7720E-07 3.0889E-07 2.6161E-07 2.2186E-07 1.8666E-07 1.6333E-07 1.4529E-07 1.3093E-07 1.1603E-07 1.0734E-07 1.0007E-07 9.3521E-08 8.7448E-08 8.1680E-08 7.6354E-08 7.1129E-08 6.6186E-08 6.1647E-08 5.7225E-08 5.3341E-08 4.9272E-08
3.9718E-09 4.3848E-09 4.8877E-09 5.4684E-09 6.1097E-09 6.8380E-09 7.8316E-09 8.7594E-09 1.0030E-08 1.1476E-08 1.2950E-08 1.5116E-08 1.7254E-08 2.0305E-08 2.3901E-08 2.7776E-08 3.2946E-08 4.0287E-08 5.1173E-08 6.6435E-08 8.9017E-08 1.2195E-07 1.6776E-07 2.4522E-07 3.6760E-07 5.2095E-07 6.5086E-07 7.2802E-07 7.5341E-07 7.3867E-07 6.9672E-07 6.3796E-07 5.6940E-07 4.9945E-07 4.3053E-07 3.6817E-07 3.0629E-07 2.6146E-07 2.2616E-07 1.9687E-07 1.6741E-07 1.4898E-07 1.3440E-07 1.1811E-07 1.0916E-07 1.0163E-07 9.5065E-08 8.8879E-08 8.3154E-08 7.7759E-08 7.2581E-08 6.7565E-08 6.2780E-08 5.8371E-08 5.4036E-08 5.0237E-08 4.6549E-08
3.7587E-09 4.1446E-09 4.6084E-09 5.1659E-09 5.7719E-09 6.4638E-09 7.2274E-09 8.2923E-09 9.4822E-09 1.0653E-08 1.2217E-08 1.3791E-08 1.6182E-08 1.8959E-08 2.1820E-08 2.5742E-08 3.0243E-08 3.5972E-08 4.4604E-08 5.6506E-08 7.2945E-08 9.6050E-08 1.2730E-07 1.6722E-07 2.4319E-07 3.4160E-07 4.3767E-07 5.0497E-07 5.3689E-07 5.3838E-07 5.1757E-07 4.8116E-07 4.3636E-07 3.8831E-07 3.4063E-07 2.8852E-07 2.5195E-07 2.2222E-07 1.9453E-07 1.6765E-07 1.5000E-07 1.3583E-07 1.2375E-07 1.0991E-07 1.0242E-07 9.5915E-08 8.9961E-08 8.4253E-08 7.8885E-08 7.3805E-08 6.8859E-08 6.4062E-08 5.9461E-08 5.5181E-08 5.1068E-08 4.7301E-08 4.3803E-08
3.5489E-09 3.9041E-09 4.3367E-09 4.8523E-09 5.4330E-09 6.0816E-09 6.8117E-09 7.8054E-09 8.9256E-09 1.0020E-08 1.1471E-08 1.2935E-08 1.5101E-08 1.7193E-08 2.0205E-08 2.3715E-08 2.7420E-08 3.2323E-08 3.8862E-08 4.8019E-08 6.0138E-08 7.6194E-08 9.7241E-08 1.2354E-07 1.6066E-07 2.2390E-07 2.8952E-07 3.4282E-07 3.7503E-07 3.8586E-07 3.7941E-07 3.5933E-07 3.3160E-07 3.0037E-07 2.6867E-07 2.3289E-07 2.0810E-07 1.8755E-07 1.6793E-07 1.4767E-07 1.3473E-07 1.2351E-07 1.0950E-07 1.0209E-07 9.5992E-08 9.0231E-08 8.4812E-08 7.9553E-08 7.4655E-08 6.9850E-08 6.5149E-08 6.0587E-08 5.6227E-08 5.2119E-08 4.8208E-08 4.4591E-08 4.1221E-08
3.3505E-09 3.6633E-09 4.0653E-09 4.5405E-09 5.0924E-09 5.6984E-09 6.3870E-09 7.3293E-09 8.1986E-09 9.3832E-09 1.0722E-08 1.2076E-08 1.3607E-08 1.5930E-08 1.8613E-08 2.1321E-08 2.5029E-08 2.9170E-08 3.4133E-08 4.0920E-08 4.9911E-08 6.1458E-08 7.5754E-08 9.3034E-08 1.1401E-07 1.4856E-07 1.9328E-07 2.3236E-07 2.6062E-07 2.7518E-07 2.7712E-07 2.6815E-07 2.5294E-07 2.3384E-07 2.0673E-07 1.8997E-07 1.7377E-07 1.5946E-07 1.4182E-07 1.3084E-07 1.2099E-07 1.1224E-07 1.0077E-07 9.4988E-08 8.9719E-08 8.4535E-08 7.9633E-08 7.4932E-08 7.0371E-08 6.5875E-08 6.1465E-08 5.7162E-08 5.3043E-08 4.9152E-08 4.5451E-08 4.2000E-08 3.8770E-08
3.1546E-09 3.4323E-09 3.7974E-09 4.2310E-09 4.7540E-09 5.3180E-09 5.9616E-09 6.6739E-09 7.6621E-09 8.7505E-09 9.8110E-09 1.1224E-08 1.2629E-08 1.4690E-08 1.6665E-08 1.9482E-08 2.2731E-08 2.6082E-08 3.0331E-08 3.5404E-08 4.2000E-08 5.0076E-08 6.0453E-08 7.2261E-08 8.6350E-08 1.0234E-07 1.3352E-07 1.6040E-07 1.8277E-07 1.9762E-07 2.0431E-07 2.0236E-07 1.8730E-07 1.7839E-07 1.6823E-07 1.5690E-07 1.4759E-07 1.3159E-07 1.2440E-07 1.1650E-07 1.0905E-07 9.8161E-08 9.2904E-08 8.8144E-08 8.3534E-08 7.8947E-08 7.4624E-08 7.0278E-08 6.6051E-08 6.1884E-08 5.7785E-08 5.3778E-08 4.9922E-08 4.6256E-08 4.2769E-08 3.9518E-08 3.6451E-08
2.9623E-09 3.2122E-09 3.5388E-09 3.9367E-09 4.4124E-09 4.9466E-09 5.5391E-09 6.2073E-09 7.1209E-09 7.9593E-09 9.1013E-09 1.0387E-08 1.1669E-08 1.3107E-08 1.5262E-08 1.7271E-08 2.0175E-08 2.3483E-08 2.7115E-08 3.1025E-08 3.5922E-08 4.1970E-08 4.9095E-08 5.7069E-08 6.6767E-08 7.8932E-08 9.0787E-08 1.1510E-07 1.3196E-07 1.3693E-07 1.4501E-07 1.4863E-07 1.4845E-07 1.4412E-07 1.3850E-07 1.3154E-07 1.2050E-07 1.1606E-07 1.1008E-07 1.0420E-07 9.4196E-08 8.9809E-08 8.5673E-08 8.1608E-08 7.7624E-08 7.3596E-08 6.9632E-08 6.5634E-08 6.1745E-08 5.7901E-08 5.4118E-08 5.0417E-08 4.6843E-08 4.3431E-08 4.0170E-08 3.7116E-08 3.4232E-08
2.7746E-09 3.0087E-09 3.2904E-09 3.6492E-09 4.0815E-09 4.5811E-09 5.1263E-09 5.7435E-09 6.4255E-09 7.3743E-09 8.2219E-09 9.4089E-09 1.0738E-08 1.2039E-08 1.3500E-08 1.5707E-08 1.8215E-08 2.0646E-08 2.3939E-08 2.7482E-08 3.1179E-08 3.5728E-08 4.0914E-08 4.7056E-08 5.4501E-08 6.3449E-08 7.2238E-08 8.4558E-08 9.5672E-08 1.0542E-07 1.1312E-07 1.1803E-07 1.1997E-07 1.1848E-07 1.1005E-07 1.0863E-07 1.0483E-07 1.0209E-07 9.7727E-08 8.9071E-08 8.5687E-08 8.2434E-08 7.9031E-08 7.5520E-08 7.1962E-08 6.8314E-08 6.4701E-08 6.1050E-08 5.7493E-08 5.3965E-08 5.0492E-08 4.7090E-08 4.3803E-08 4.0654E-08 3.7638E-08 3.4795E-08 3.2097E-08
2.5889E-09 2.8109E-09 3.0508E-09 3.3737E-09 3.7589E-09 4.2264E-09 4.7271E-09 5.2913E-09 5.9259E-09 6.6213E-09 7.5802E-09 8.6485E-09 9.6598E-09 1.1015E-08 1.2329E-08 1.3789E-08 1.6012E-08 1.8507E-08 2.0865E-08 2.4058E-08 2.7441E-08 3.0856E-08 3.4810E-08 3.9460E-08 4.5006E-08 5.1662E-08 5.8691E-08 6.5731E-08 7.5537E-08 8.3098E-08 8.5874E-08 9.0164E-08 9.2776E-08 9.4261E-08 9.4266E-08 9.4037E-08 9.2992E-08 8.5511E-08 8.3156E-08 8.0973E-08 7.8484E-08 7.5716E-08 7.2732E-08 6.9617E-08 6.6431E-08 6.3148E-08 5.9877E-08 5.6566E-08 5.3328E-08 5.0112E-08 4.6939E-08 4.3826E-08 4.0818E-08 3.7928E-08 3.5158E-08 3.2535E-08 3.0040E-08
2.4132E-09 2.6196E-09 2.8429E-09 3.1151E-09 3.4581E-09 3.8694E-09 4.3428E-09 4.8568E-09 5.4355E-09 6.0745E-09 6.9646E-09 7.7445E-09 8.8318E-09 1.0039E-08 1.1216E-08 1.2520E-08 1.3967E-08 1.6153E-08 1.8578E-08 2.0810E-08 2.3839E-08 2.7004E-08 3.0110E-08 3.3414E-08 3.7838E-08 4.3731E-08 4.9699E-08 5.5159E-08 5.9919E-08 6.6210E-08 7.1255E-08 7.5644E-08 7.8624E-08 8.0649E-08 8.2999E-08 7.7348E-08 7.7975E-08 7.6915E-08 7.5510E-08 7.3746E-08 7.1637E-08 6.9247E-08 6.6645E-08 6.3906E-08 6.1070E-08 5.8140E-08 5.5198E-08 5.2213E-08 4.9285E-08 4.6369E-08 4.3484E-08 4.0652E-08 3.7909E-08 3.5270E-08 3.2736E-08 3.0332E-08 2.8041E-08
2.2207E-09 2.4320E-09 2.6426E-09 2.8707E-09 3.1758E-09 3.5358E-09 3.9754E-09 4.4426E-09 4.9663E-09 5.5529E-09 6.1978E-09 7.0813E-09 7.8584E-09 8.9506E-09 1.0166E-08 1.1327E-08 1.2612E-08 1.4017E-08 1.6117E-08 1.8416E-08 2.0491E-08 2.3301E-08 2.6189E-08 2.8946E-08 3.2483E-08 3.6936E-08 4.1703E-08 4.6238E-08 5.0432E-08 5.4377E-08 5.8204E-08 6.1422E-08 6.4096E-08 6.5823E-08 6.8315E-08 7.0036E-08 6.9933E-08 6.9328E-08 6.8292E-08 6.6860E-08 6.5097E-08 6.3059E-08 6.0815E-08 5.8420E-08 5.5921E-08 5.3324E-08 5.0697E-08 4.8024E-08 4.5388E-08 4.2758E-08 4.0151E-08 3.7585E-08 3.5097E-08 3.2696E-08 3.0389E-08 2.8194E-08 2.6100E-08
2.0066E-09 2.2561E-09 2.4505E-09 2.6618E-09 2.9155E-09 3.2286E-09 3.5994E-09 4.0488E-09 4.5234E-09 5.0498E-09 5.6341E-09 6.2714E-09 7.1508E-09 8.1143E-09 9.0073E-09 1.0212E-08 1.1348E-08 1.2589E-08 1.3931E-08 1.5898E-08 1.7559E-08 1.9929E-08 2.2467E-08 2.5044E-08 2.8013E-08 3.1750E-08 3.5811E-08 3.9749E-08 4.3476E-08 4.7075E-08 5.0651E-08 5.3742E-08 5.6364E-08 5.9529E-08 6.0689E-08 6.2476E-08 6.2588E-08 6.2241E-08 6.1484E-08 6.0352E-08 5.8903E-08 5.7188E-08 5.5269E-08 5.3199E-08 5.1014E-08 4.8728E-08 4.6398E-08 4.4019E-08 4.1660E-08 3.9300E-08 3.6956E-08 3.4643E-08 3.2396E-08 3.0221E-08 2.8129E-08 2.6130E-08 2.4222E-08
1.7930E-09 2.0573E-09 2.2640E-09 2.4623E-09 2.6741E-09 2.9505E-09 3.2729E-09 3.6715E-09 4.1043E-09 4.5774E-09 5.1041E-09 5.6785E-09 6.3031E-09 7.1688E-09 8.1252E-09 8.9949E-09 1.0179E-08 1.1270E-08 1.2448E-08 1.3703E-08 1.5034E-08 1.7027E-08 1.9144E-08 2.0900E-08 2.4130E-08 2.7238E-08 3.0663E-08 3.4047E-08 3.7321E-08 4.0572E-08 4.3868E-08 4.6986E-08 4.9346E-08 5.2387E-08 5.3836E-08 5.5468E-08 5.5759E-08 5.5626E-08 5.5113E-08 5.4246E-08 5.3081E-08 5.1656E-08 5.0038E-08 4.8265E-08 4.6366E-08 4.4374E-08 4.2321E-08 4.0218E-08 3.8116E-08 3.6010E-08 3.3912E-08 3.1838E-08 2.9817E-08 2.7854E-08 2.5963E-08 2.4150E-08 2.2421E-08
1.6270E-09 1.8285E-09 2.0832E-09 2.2690E-09 2.4676E-09 2.6825E-09 2.9734E-09 3.3051E-09 3.7126E-09 4.1355E-09 4.6048E-09 5.1267E-09 5.6972E-09 6.2865E-09 7.1399E-09 8.0756E-09 8.9167E-09 1.0060E-08 1.1090E-08 1.2185E-08 1.3346E-08 1.4565E-08 1.5829E-08 1.7721E-08 2.0518E-08 2.3338E-08 2.6199E-08 2.9077E-08 3.1922E-08 3.4826E-08 3.7836E-08 4.0724E-08 4.3924E-08 4.5901E-08 4.8180E-08 4.9022E-08 4.9453E-08 4.9499E-08 4.9193E-08 4.8559E-08 4.7645E-08 4.6483E-08 4.5137E-08 4.3632E-08 4.2002E-08 4.0276E-08 3.8478E-08 3.6631E-08 3.4769E-08 3.2899E-08 3.1029E-08 2.9177E-08 2.7367E-08 2.5604E-08 2.3902E-08 2.2267E-08 2.0702E-08
1.4949E-09 1.6361E-09 1.8713E-09 2.0900E-09 2.2721E-09 2.4673E-09 2.6953E-09 2.9867E-09 3.3179E-09 3.7238E-09 4.1435E-09 4.6034E-09 5.1133E-09 5.6593E-09 6.2319E-09 7.0613E-09 7.9695E-09 8.7678E-09 9.8540E-09 1.0807E-08 1.1814E-08 1.2871E-08 1.3966E-08 1.5087E-08 1.7316E-08 1.9720E-08 2.2353E-08 2.4781E-08 2.7224E-08 2.9792E-08 3.2688E-08 3.5168E-08 3.8383E-08 4.0107E-08 4.2235E-08 4.3138E-08 4.3674E-08 4.3862E-08 4.3730E-08 4.3297E-08 4.2603E-08 4.1677E-08 4.0575E-08 3.9311E-08 3.7926E-08 3.6441E-08 3.4880E-08 3.3266E-08 3.1624E-08 2.9970E-08 2.8314E-08 2.6668E-08 2.5054E-08 2.3478E-08 2.1951E-08 2.0480E-08 1.9068E-08
1.3564E-09 1.4861E-09 1.6423E-09 1.8917E-09 2.0844E-09 2.2664E-09 2.4597E-09 2.7073E-09 2.9837E-09 3.3153E-09 3.7141E-09 4.1250E-09 4.5693E-09 5.0589E-09 5.5864E-09 6.1380E-09 6.9377E-09 7.8037E-09 8.5495E-09 9.5621E-09 1.0434E-08 1.1347E-08 1.2291E-08 1.3257E-08 1.4236E-08 1.6910E-08 1.9057E-08 2.1088E-08 2.3169E-08 2.5418E-08 2.8003E-08 3.0346E-08 3.3216E-08 3.5650E-08 3.6872E-08 3.7804E-08 3.8413E-08 3.8713E-08 3.8723E-08 3.8460E-08 3.7956E-08 3.7239E-08 3.6352E-08 3.5308E-08 3.4142E-08 3.2873E-08 3.1527E-08 3.0125E-08 2.8686E-08 2.7231E-08 2.5770E-08 2.4314E-08 2.2882E-08 2.1477E-08 2.0111E-08 1.8775E-08 1.6644E-08
1.2432E-09 1.3471E-09 1.4730E-09 1.6591E-09 1.8981E-09 2.0742E-09 2.2544E-09 2.4454E-09 2.6945E-09 2.9684E-09 3.2926E-09 3.6807E-09 4.0770E-09 4.5027E-09 4.9723E-09 5.4783E-09 6.0068E-09 6.7673E-09 7.3820E-09 8.2628E-09 9.1964E-09 9.9829E-09 1.0795E-08 1.1624E-08 1.2464E-08 1.3779E-08 1.6000E-08 1.7931E-08 1.9686E-08 2.1660E-08 2.3925E-08 2.6906E-08 2.8665E-08 3.0887E-08 3.2068E-08 3.3001E-08 3.3655E-08 3.4037E-08 3.4161E-08 3.4039E-08 3.3698E-08 3.3163E-08 3.2464E-08 3.1617E-08 3.0645E-08 2.9574E-08 2.8420E-08 2.7209E-08 2.5954E-08 2.4682E-08 2.3398E-08 2.2117E-08 2.0850E-08 1.9587E-08 1.8341E-08 1.6301E-08 1.5217E-08
1.1320E-09 1.2279E-09 1.3334E-09 1.4703E-09 1.6704E-09 1.8981E-09 2.0586E-09 2.2364E-09 2.4233E-09 2.6712E-09 2.9374E-09 3.2680E-09 3.6223E-09 3.9999E-09 4.4071E-09 4.8538E-09 5.3392E-09 5.8342E-09 6.5517E-09 7.1120E-09 7.9194E-09 8.7685E-09 9.4649E-09 1.0176E-08 1.0894E-08 1.1612E-08 1.3288E-08 1.5246E-08 1.6716E-08 1.8551E-08 2.0434E-08 2.3048E-08 2.5352E-08 2.6670E-08 2.7790E-08 2.8703E-08 2.9379E-08 2.9818E-08 3.0030E-08 3.0022E-08 2.9819E-08 2.9437E-08 2.8906E-08 2.8230E-08 2.7431E-08 2.6536E-08 2.5555E-08 2.4515E-08 2.3425E-08 2.2319E-08 2.1197E-08 2.0066E-08 1.8917E-08 1.7780E-08 1.5845E-08 1.4852E-08 1.3906E-08
1.0422E-09 1.1133E-09 1.2124E-09 1.3194E-09 1.4613E-09 1.6751E-09 1.8798E-09 2.0378E-09 2.2115E-09 2.3943E-09 2.6356E-09 2.8901E-09 3.1915E-09 3.5441E-09 3.8976E-09 4.2900E-09 4.7075E-09 5.1700E-09 5.6244E-09 6.1030E-09 6.7995E-09 7.5295E-09 8.0978E-09 8.8963E-09 9.5095E-09 1.0122E-08 1.0731E-08 1.2752E-08 1.4200E-08 1.5768E-08 1.8176E-08 1.9715E-08 2.1757E-08 2.2958E-08 2.4005E-08 2.4880E-08 2.5558E-08 2.6031E-08 2.6307E-08 2.6390E-08 2.6303E-08 2.6051E-08 2.5669E-08 2.5137E-08 2.4492E-08 2.3749E-08 2.2923E-08 2.2037E-08 2.1096E-08 2.0130E-08 1.9120E-08 1.8106E-08 1.7099E-08 1.5285E-08 1.4392E-08 1.3526E-08 1.2684E-08
9.4483E-10 1.0222E-09 1.0941E-09 1.1974E-09 1.3003E-09 1.4486E-09 1.6612E-09 1.8571E-09 2.0109E-09 2.1802E-09 2.3552E-09 2.5788E-09 2.8254E-09 3.1067E-09 3.4418E-09 3.7736E-09 4.1449E-09 4.5342E-09 4.9632E-09 5.3795E-09 5.8147E-09 6.2534E-09 6.9152E-09 7.5965E-09 8.0926E-09 8.8158E-09 9.3361E-09 1.0232E-08 1.2188E-08 1.3419E-08 1.5486E-08 1.7437E-08 1.8628E-08 1.9709E-08 2.0673E-08 2.1500E-08 2.2161E-08 2.2653E-08 2.2972E-08 2.3129E-08 2.3131E-08 2.2988E-08 2.2730E-08 2.2325E-08 2.1816E-08 2.1208E-08 2.0517E-08 1.9755E-08 1.8911E-08 1.8051E-08 1.7181E-08 1.6307E-08 1.4630E-08 1.3832E-08 1.3055E-08 1.2289E-08 1.0807E-08
