Assets/Resources/2015_m01_d07_0700(utc+0800)_l00_csi_1hr_conc.grd
DSAA
         159         159
     -79.000      79.000
     -79.000      79.000
  0.0000E+00  0.2282E-04
[rows 75 to 99 of 159, columns 57 to 113 of 159]
3.0036E-10 3.4222E-10 3.9008E-10 4.3189E-10 4.8454E-10 5.4509E-10 5.9688E-10 6.6673E-10 7.3151E-10 8.0586E-10 9.2342E-10 1.1150E-09 1.3935E-09 1.7710E-09 2.2584E-09 2.8942E-09 3.7442E-09 4.8507E-09 6.2458E-09 7.9415E-09 1.4253E-08 2.8239E-08 6.0043E-08 9.0635E-08 1.4181E-07 8.7055E-07 9.5852E-07 6.2983E-07 1.5444E-07 5.4483E-08 4.2208E-08 3.5427E-08 3.0496E-08 2.6442E-08 2.3080E-08 2.0142E-08 1.7567E-08 1.5230E-08 1.3225E-08 1.1411E-08 9.8629E-09 8.4790E-09 6.8077E-09 5.9384E-09 5.1586E-09 4.2261E-09 3.8012E-09 3.1405E-09 2.9427E-09 2.7891E-09 2.6633E-09 2.5654E-09 2.4778E-09 2.3979E-09 2.3232E-09 2.2509E-09 2.1854E-09
2.4854E-10 2.8580E-10 3.3067E-10 3.7563E-10 4.1802E-10 4.6756E-10 5.2463E-10 5.7282E-10 6.3805E-10 7.0349E-10 7.9671E-10 9.5285E-10 1.1749E-09 1.4860E-09 1.9038E-09 2.4420E-09 3.1427E-09 4.0530E-09 5.1986E-09 6.5886E-09 8.2082E-09 1.7725E-08 3.3684E-08 6.1649E-08 1.5290E-07 1.2547E-06 1.1827E-06 7.0690E-07 8.3983E-08 4.2971E-08 3.6228E-08 3.0812E-08 2.6489E-08 2.2852E-08 1.9703E-08 1.7128E-08 1.4849E-08 1.2862E-08 1.1108E-08 9.6122E-09 8.2878E-09 7.1615E-09 5.7035E-09 5.0114E-09 4.0019E-09 3.5806E-09 3.2662E-09 2.6838E-09 2.5371E-09 2.4211E-09 2.3375E-09 2.2670E-09 2.2018E-09 2.1420E-09 2.0828E-09 2.0302E-09 1.9755E-09
2.0232E-10 2.3471E-10 2.7669E-10 3.1413E-10 3.5423E-10 4.0145E-10 4.4822E-10 4.8870E-10 5.4630E-10 6.0921E-10 6.8338E-10 8.0472E-10 9.7851E-10 1.2282E-09 1.5699E-09 2.0202E-09 2.5906E-09 3.3190E-09 4.2335E-09 5.3411E-09 6.6293E-09 8.0615E-09 1.7320E-08 3.2662E-08 1.9161E-07 4.0602E-06 3.3394E-06 4.1850E-07 4.6226E-08 3.6465E-08 3.0974E-08 2.6437E-08 2.2622E-08 1.9407E-08 1.6625E-08 1.4373E-08 1.2414E-08 1.0744E-08 9.2835E-09 8.0245E-09 6.9222E-09 5.4362E-09 4.7555E-09 4.2126E-09 3.3501E-09 3.0333E-09 2.7911E-09 2.2731E-09 2.1666E-09 2.0963E-09 2.0382E-09 1.9890E-09 1.9435E-09 1.8995E-09 1.8591E-09 1.8174E-09 1.7797E-09
1.6714E-10 1.9522E-10 2.2579E-10 2.5931E-10 2.9894E-10 3.3856E-10 3.7710E-10 4.1667E-10 4.6369E-10 5.1742E-10 5.7316E-10 6.7790E-10 8.1524E-10 1.0074E-09 1.2745E-09 1.6321E-09 2.0951E-09 2.6680E-09 3.3782E-09 4.2363E-09 5.2324E-09 6.3377E-09 7.5042E-09 1.4801E-08 2.2818E-05 1.6938E-06 8.0684E-08 3.8963E-08 3.4810E-08 3.0206E-08 2.5924E-08 2.2176E-08 1.8923E-08 1.6198E-08 1.3850E-08 1.1844E-08 1.0324E-08 8.9255E-09 7.7325E-09 6.6746E-09 5.7645E-09 4.5001E-09 3.9619E-09 3.5264E-09 2.7887E-09 2.5623E-09 2.0128E-09 1.9096E-09 1.8501E-09 1.8016E-09 1.7595E-09 1.7325E-09 1.7035E-09 1.6747E-09 1.6461E-09 1.6203E-09 1.5908E-09
1.3602E-10 1.6170E-10 1.9082E-10 2.1720E-10 2.4645E-10 2.8174E-10 3.1859E-10 3.5715E-10 3.9115E-10 4.3636E-10 4.7721E-10 5.5554E-10 6.6430E-10 8.1733E-10 1.0188E-09 1.2936E-09 1.6515E-09 2.1042E-09 2.6473E-09 3.2942E-09 4.0433E-09 4.8729E-09 5.7468E-09 6.6193E-09 1.0174E-08 1.9563E-08 2.5481E-08 2.7346E-08 2.6273E-08 2.3807E-08 2.0940E-08 1.8151E-08 1.5626E-08 1.3396E-08 1.1493E-08 9.8546E-09 8.4655E-09 7.4144E-09 6.4293E-09 5.5641E-09 4.2500E-09 3.7289E-09 3.2881E-09 2.5058E-09 2.2965E-09 2.1212E-09 1.6523E-09 1.6056E-09 1.5624E-09 1.5322E-09 1.5128E-09 1.4983E-09 1.4801E-09 1.4647E-09 1.4505E-09 1.4300E-09 1.4111E-09
1.0775E-10 1.2867E-10 1.5280E-10 1.8108E-10 2.0517E-10 2.3271E-10 2.6427E-10 2.9821E-10 3.3105E-10 3.6460E-10 3.9765E-10 4.5422E-10 5.3313E-10 6.5280E-10 8.1158E-10 1.0074E-09 1.2784E-09 1.6180E-09 2.0319E-09 2.5185E-09 3.0669E-09 3.6728E-09 4.3101E-09 4.9435E-09 5.5321E-09 7.7725E-09 1.3504E-08 1.6773E-08 1.7900E-08 1.7382E-08 1.5982E-08 1.4249E-08 1.2490E-08 1.0830E-08 9.3822E-09 8.1097E-09 7.0106E-09 6.0494E-09 5.2907E-09 4.6290E-09 3.5121E-09 3.0835E-09 2.7281E-09 2.0511E-09 1.8719E-09 1.3715E-09 1.3396E-09 1.3292E-09 1.3057E-09 1.2962E-09 1.2920E-09 1.2781E-09 1.2774E-09 1.2741E-09 1.2622E-09 1.2553E-09 1.2446E-09
8.5560E-11 9.9685E-11 1.1828E-10 1.4264E-10 1.6749E-10 1.9286E-10 2.1777E-10 2.5009E-10 2.8030E-10 3.0848E-10 3.3866E-10 3.7067E-10 4.2155E-10 5.1143E-10 6.3193E-10 7.7389E-10 9.7320E-10 1.2198E-09 1.5247E-09 1.8800E-09 2.2874E-09 2.7225E-09 3.1753E-09 3.6251E-09 4.0432E-09 4.4004E-09 5.6732E-09 9.0351E-09 1.0854E-08 1.1565E-08 1.1353E-08 1.0589E-08 9.5746E-09 8.5027E-09 7.4682E-09 6.5435E-09 5.7244E-09 4.9835E-09 4.3194E-09 3.1855E-09 2.8687E-09 2.5505E-09 1.8546E-09 1.6677E-09 1.5287E-09 1.1122E-09 1.0629E-09 1.0644E-09 1.0860E-09 1.0902E-09 1.0847E-09 1.0897E-09 1.0944E-09 1.0918E-09 1.0949E-09 1.0916E-09 1.0870E-09
6.5049E-11 7.7144E-11 9.0659E-11 1.0787E-10 1.2901E-10 1.5456E-10 1.7749E-10 2.0407E-10 2.3405E-10 2.6111E-10 2.8491E-10 3.1088E-10 3.4570E-10 3.9757E-10 4.7594E-10 5.8626E-10 7.2164E-10 8.9671E-10 1.1137E-09 1.3739E-09 1.6600E-09 1.9767E-09 2.3036E-09 2.6190E-09 2.9092E-09 3.1579E-09 3.3472E-09 3.4640E-09 5.9479E-09 6.9659E-09 7.4195E-09 7.3623E-09 6.9670E-09 6.3977E-09 5.7583E-09 5.1488E-09 4.5772E-09 4.0473E-09 3.4959E-09 2.5775E-09 2.2793E-09 1.6465E-09 1.4877E-09 1.3706E-09 9.1426E-10 8.6712E-10 8.5494E-10 8.6091E-10 8.7020E-10 8.9075E-10 9.1116E-10 9.1453E-10 9.2334E-10 9.3382E-10 9.3619E-10 9.3373E-10 9.3179E-10
4.7518E-11 5.6533E-11 6.6085E-11 8.0159E-11 9.6824E-11 1.1548E-10 1.3719E-10 1.6392E-10 1.8850E-10 2.1485E-10 2.4012E-10 2.6249E-10 2.8642E-10 3.2110E-10 3.7213E-10 4.4398E-10 5.3323E-10 6.5877E-10 7.9506E-10 9.8098E-10 1.1756E-09 1.4056E-09 1.6269E-09 1.8499E-09 2.0613E-09 2.2361E-09 2.3691E-09 2.4514E-09 2.4808E-09 3.8819E-09 4.4571E-09 4.7515E-09 4.7676E-09 4.5825E-09 4.2822E-09 3.9170E-09 3.5295E-09 3.1625E-09 2.3357E-09 2.1111E-09 1.8475E-09 1.2597E-09 1.1935E-09 1.1073E-09 7.0867E-10 7.0351E-10 6.9749E-10 6.8577E-10 7.0009E-10 7.1379E-10 7.2667E-10 7.6064E-10 7.7328E-10 7.7631E-10 7.8670E-10 7.9403E-10 8.0172E-10
3.2983E-11 4.1136E-11 4.7545E-11 5.6407E-11 6.7525E-11 8.4492E-11 1.0194E-10 1.1979E-10 1.4302E-10 1.7131E-10 1.9368E-10 2.1741E-10 2.3895E-10 2.6171E-10 2.9511E-10 3.4072E-10 4.0376E-10 4.8153E-10 5.7375E-10 6.8319E-10 8.1641E-10 9.6485E-10 1.1236E-09 1.2720E-09 1.4198E-09 1.5447E-09 1.6347E-09 1.6994E-09 1.7266E-09 1.7174E-09 1.9890E-09 2.8379E-09 3.0325E-09 3.0824E-09 3.0022E-09 2.8349E-09 2.1305E-09 1.9907E-09 1.8106E-09 1.6509E-09 1.1224E-09 1.0374E-09 9.1595E-10 4.9769E-10 5.7200E-10 5.6508E-10 5.6648E-10 5.6472E-10 5.5822E-10 5.7471E-10 5.7509E-10 5.9625E-10 6.2655E-10 6.4231E-10 6.5615E-10 6.6389E-10 6.7512E-10
2.6928E-11 2.8522E-11 3.1892E-11 4.1001E-11 4.6125E-11 5.6346E-11 6.7997E-11 8.1894E-11 1.0177E-10 1.2244E-10 1.4460E-10 1.7200E-10 1.9397E-10 2.1150E-10 2.3596E-10 2.6607E-10 3.0476E-10 3.5699E-10 4.2048E-10 4.9011E-10 5.7478E-10 6.6200E-10 7.5136E-10 8.6178E-10 9.5654E-10 1.0352E-09 1.1046E-09 1.1498E-09 1.1760E-09 1.1720E-09 1.1578E-09 1.1179E-09 1.8174E-09 1.9416E-09 1.9778E-09 1.5971E-09 1.5458E-09 1.4756E-09 1.0047E-09 9.5651E-10 8.8283E-10 8.0693E-10 4.3798E-10 4.1492E-10 3.9918E-10 4.4647E-10 4.3907E-10 4.2722E-10 4.2074E-10 4.1238E-10 4.3989E-10 4.4869E-10 4.7329E-10 4.9827E-10 5.2871E-10 5.4660E-10 5.6219E-10
2.1411E-11 2.3887E-11 2.6930E-11 2.8451E-11 3.0662E-11 3.5724E-11 4.2792E-11 4.9875E-11 6.4472E-11 8.0715E-11 1.0202E-10 1.2354E-10 1.4345E-10 1.6587E-10 1.8655E-10 2.0587E-10 2.3192E-10 2.6549E-10 3.0585E-10 3.5421E-10 4.1026E-10 4.6091E-10 5.2085E-10 5.8669E-10 6.3754E-10 6.8432E-10 7.2592E-10 7.5788E-10 7.8221E-10 7.8401E-10 7.7526E-10 7.4646E-10 7.0322E-10 8.0696E-10 1.0355E-09 1.0648E-09 1.0643E-09 7.6605E-10 7.3201E-10 7.0264E-10 6.5485E-10 3.5407E-10 3.2753E-10 3.1171E-10 2.9786E-10 2.8010E-10 2.6333E-10 3.2854E-10 3.2651E-10 3.2210E-10 3.1939E-10 3.4511E-10 3.6128E-10 3.7693E-10 4.0131E-10 4.3142E-10 4.0381E-10
1.7224E-11 1.9973E-11 2.1394E-11 2.3802E-11 2.5820E-11 2.8204E-11 3.0321E-11 3.2912E-11 4.1959E-11 4.5685E-11 5.7368E-11 7.5508E-11 9.3609E-11 1.1618E-10 1.3298E-10 1.5349E-10 1.7226E-10 1.9618E-10 2.2201E-10 2.5358E-10 2.8685E-10 3.1893E-10 3.6323E-10 4.0166E-10 4.2966E-10 4.5739E-10 4.8040E-10 4.9865E-10 5.0725E-10 5.0894E-10 5.0804E-10 4.7379E-10 4.6281E-10 4.4842E-10 4.1840E-10 5.1136E-10 5.2393E-10 5.2181E-10 5.1350E-10 2.9229E-10 2.8543E-10 2.7276E-10 2.6186E-10 2.5293E-10 2.4257E-10 2.2702E-10 2.1524E-10 1.9668E-10 2.4680E-10 2.4484E-10 2.3907E-10 2.2185E-10 2.2184E-10 2.7826E-10 2.5587E-10 2.8343E-10 3.1663E-10
1.3473E-11 1.5958E-11 1.7197E-11 1.9882E-11 2.1246E-11 2.3570E-11 2.5506E-11 2.7487E-11 2.9797E-11 3.0904E-11 3.3407E-11 3.7698E-11 5.1978E-11 6.7473E-11 8.2187E-11 9.8305E-11 1.1659E-10 1.3446E-10 1.5131E-10 1.7393E-10 1.9361E-10 2.1624E-10 2.4386E-10 2.6534E-10 2.8279E-10 3.0163E-10 3.1314E-10 3.2149E-10 3.3019E-10 3.3195E-10 3.3274E-10 3.2956E-10 3.2436E-10 3.0477E-10 2.9387E-10 2.8718E-10 2.6523E-10 2.4299E-10 2.3873E-10 2.3220E-10 2.2297E-10 2.1446E-10 2.0603E-10 1.9748E-10 1.8561E-10 1.7116E-10 1.5881E-10 1.3736E-10 1.2311E-10 1.0253E-10 1.5577E-10 1.5694E-10 1.5920E-10 1.2751E-10 1.7579E-10 2.1052E-10 1.9152E-10
7.7471E-12 1.1065E-11 1.3436E-11 1.5872E-11 1.7064E-11 1.9669E-11 2.0474E-11 2.1798E-11 2.4085E-11 2.5968E-11 2.7879E-11 3.0108E-11 3.1111E-11 3.4044E-11 4.1564E-11 5.2964E-11 6.8498E-11 7.8995E-11 9.1057E-11 1.0826E-10 1.2104E-10 1.3750E-10 1.4799E-10 1.6471E-10 1.8090E-10 1.9616E-10 2.1002E-10 2.1865E-10 2.2193E-10 2.2132E-10 2.2197E-10 2.2253E-10 2.1255E-10 2.0992E-10 2.0723E-10 1.9312E-10 1.8946E-10 1.8652E-10 1.7961E-10 1.7322E-10 1.6611E-10 1.5485E-10 1.4144E-10 1.2768E-10 1.1801E-10 1.0701E-10 9.8091E-11 8.9691E-11 7.9414E-11 7.0724E-11 6.7221E-11 9.3408E-11 9.6374E-11 9.8173E-11 1.0177E-10 9.0343E-11 1.3972E-10
3.0007E-12 5.6055E-12 7.7114E-12 1.0519E-11 1.3316E-11 1.4758E-11 1.6828E-11 1.7494E-11 2.0079E-11 2.1327E-11 2.3050E-11 2.5274E-11 2.6113E-11 2.7925E-11 3.0048E-11 3.1995E-11 3.5703E-11 4.1666E-11 5.0497E-11 5.8428E-11 6.5108E-11 7.2611E-11 8.4541E-11 9.4271E-11 1.0353E-10 1.1281E-10 1.1811E-10 1.2274E-10 1.2897E-10 1.3236E-10 1.3624E-10 1.3596E-10 1.2765E-10 1.2945E-10 1.2467E-10 1.2428E-10 1.2292E-10 1.1850E-10 1.1072E-10 1.0293E-10 1.0081E-10 9.4761E-11 8.7345E-11 8.1925E-11 7.7513E-11 7.3497E-11 6.7305E-11 6.0936E-11 5.6632E-11 5.3513E-11 4.7347E-11 4.6152E-11 4.4940E-11 6.0321E-11 6.0570E-11 6.2209E-11 6.3694E-11
0.0000E+00 1.5702E-12 2.9827E-12 5.5574E-12 7.6283E-12 1.0383E-11 1.3116E-11 1.4497E-11 1.6493E-11 1.7103E-11 1.8181E-11 2.0245E-11 2.1427E-11 2.2110E-11 2.5196E-11 2.5936E-11 2.6674E-11 3.0362E-11 3.3351E-11 3.5870E-11 4.0762E-11 4.5849E-11 5.0665E-11 5.2347E-11 5.5963E-11 5.8919E-11 6.2731E-11 6.7493E-11 7.0901E-11 7.3740E-11 7.5169E-11 7.7282E-11 7.7926E-11 7.8076E-11 7.7739E-11 7.6895E-11 7.3318E-11 7.2074E-11 7.1412E-11 7.0455E-11 6.7569E-11 6.3877E-11 6.1093E-11 5.8896E-11 5.6850E-11 5.1733E-11 4.7744E-11 4.5871E-11 4.4279E-11 4.3310E-11 4.2309E-11 3.9853E-11 3.7605E-11 3.6817E-11 5.0307E-11 3.0930E-11 3.0319E-11
0.0000E+00 0.0000E+00 0.0000E+00 7.6745E-13 2.9466E-12 3.8336E-12 6.1819E-12 7.7925E-12 1.0574E-11 1.3314E-11 1.4659E-11 1.6619E-11 1.7171E-11 1.8186E-11 1.9703E-11 2.1262E-11 2.1859E-11 2.3385E-11 2.5448E-11 2.6950E-11 2.9186E-11 3.2820E-11 3.4962E-11 3.7385E-11 3.9449E-11 4.3193E-11 4.5955E-11 4.8432E-11 5.0570E-11 5.1923E-11 5.2939E-11 5.3709E-11 5.4200E-11 5.4387E-11 5.4248E-11 5.4023E-11 5.3619E-11 5.3184E-11 5.2184E-11 5.0138E-11 4.8479E-11 4.7522E-11 4.5761E-11 4.4580E-11 4.2713E-11 4.1730E-11 4.1025E-11 4.0274E-11 3.7968E-11 3.6288E-11 3.4263E-11 3.2673E-11 3.1079E-11 2.9116E-11 2.8608E-11 2.8076E-11 2.7522E-11
0.0000E+00 0.0000E+00 0.0000E+00 0.0000E+00 0.0000E+00 0.0000E+00 1.5941E-12 3.0048E-12 5.5632E-12 7.5947E-12 9.4305E-12 1.1623E-11 1.3348E-11 1.4640E-11 1.6541E-11 1.7027E-11 1.7506E-11 1.8910E-11 1.9897E-11 2.1346E-11 2.1837E-11 2.3692E-11 2.5617E-11 2.8205E-11 2.9683E-11 3.1542E-11 3.2827E-11 3.4789E-11 3.6757E-11 3.7698E-11 3.8551E-11 4.0280E-11 4.0843E-11 4.1233E-11 4.1448E-11 4.1471E-11 4.1293E-11 4.1413E-11 4.0890E-11 4.0134E-11 3.9281E-11 3.8969E-11 3.7617E-11 3.7189E-11 3.6548E-11 3.3687E-11 3.2879E-11 3.0405E-11 2.9986E-11 2.9234E-11 2.7332E-11 2.6949E-11 2.6540E-11 2.5804E-11 2.5351E-11 2.4412E-11 2.3625E-11
0.0000E+00 0.0000E+00 0.0000E+00 0.0000E+00 0.0000E+00 0.0000E+00 0.0000E+00 0.0000E+00 7.6987E-13 1.6131E-12 3.0266E-12 4.7225E-12 7.5964E-12 9.4080E-12 1.1552E-11 1.3219E-11 1.3590E-11 1.5799E-11 1.6678E-11 1.7083E-11 1.7477E-11 1.8333E-11 1.9679E-11 2.0061E-11 2.0871E-11 2.1849E-11 2.3510E-11 2.6246E-11 2.7087E-11 2.8186E-11 2.8896E-11 3.0009E-11 3.0565E-11 3.1015E-11 3.1338E-11 3.1985E-11 3.2309E-11 3.2156E-11 3.1818E-11 3.1293E-11 2.9617E-11 2.9310E-11 2.8325E-11 2.7464E-11 2.7229E-11 2.6960E-11 2.6356E-11 2.4851E-11 2.4331E-11 2.4042E-11 2.3268E-11 2.2935E-11 2.2579E-11 2.2203E-11 2.0880E-11 2.0478E-11 1.7834E-11
0.0000E+00 0.0000E+00 0.0000E+00 0.0000E+00 0.0000E+00 0.0000E+00 0.0000E+00 0.0000E+00 0.0000E+00 0.0000E+00 0.0000E+00 7.7373E-13 2.1101E-12 3.0113E-12 4.6876E-12 6.6856E-12 8.4849E-12 9.5173E-12 1.2107E-11 1.3243E-11 1.3547E-11 1.4336E-11 1.6467E-11 1.6785E-11 1.7088E-11 1.7374E-11 1.8118E-11 1.8880E-11 1.9933E-11 2.0588E-11 2.1225E-11 2.1832E-11 2.2530E-11 2.2703E-11 2.2841E-11 2.2946E-11 2.3490E-11 2.3527E-11 2.3528E-11 2.3947E-11 2.3879E-11 2.3775E-11 2.2676E-11 2.1738E-11 2.1458E-11 2.1300E-11 2.1118E-11 2.0438E-11 2.0212E-11 1.9965E-11 1.9697E-11 1.8536E-11 1.6883E-11 1.5254E-11 1.4989E-11 1.4710E-11 1.3099E-11
0.0000E+00 0.0000E+00 0.0000E+00 0.0000E+00 0.0000E+00 0.0000E+00 0.0000E+00 0.0000E+00 0.0000E+00 0.0000E+00 0.0000E+00 0.0000E+00 0.0000E+00 0.0000E+00 7.6833E-13 1.5924E-12 2.1427E-12 3.8113E-12 4.7117E-12 5.8251E-12 8.4427E-12 9.4278E-12 1.0619E-11 1.1306E-11 1.3225E-11 1.3445E-11 1.4148E-11 1.4834E-11 1.5498E-11 1.6554E-11 1.6729E-11 1.6884E-11 1.7021E-11 1.7137E-11 1.8201E-11 1.8283E-11 1.8343E-11 1.8382E-11 1.8397E-11 1.8390E-11 1.8361E-11 1.8310E-11 1.8237E-11 1.7263E-11 1.7155E-11 1.7027E-11 1.6879E-11 1.5843E-11 1.5201E-11 1.4148E-11 1.3475E-11 1.2809E-11 1.1781E-11 1.0749E-11 9.2332E-12 9.0658E-12 8.4065E-12
0.0000E+00 0.0000E+00 0.0000E+00 0.0000E+00 0.0000E+00 0.0000E+00 0.0000E+00 0.0000E+00 0.0000E+00 0.0000E+00 0.0000E+00 0.0000E+00 0.0000E+00 0.0000E+00 0.0000E+00 0.0000E+00 0.0000E+00 0.0000E+00 7.7285E-13 1.5900E-12 2.1315E-12 2.9486E-12 3.8447E-12 5.2290E-12 5.8147E-12 6.6923E-12 7.6302E-12 9.0556E-12 1.0544E-11 1.0668E-11 1.1264E-11 1.1370E-11 1.2297E-11 1.2874E-11 1.2949E-11 1.3007E-11 1.3051E-11 1.3560E-11 1.3573E-11 1.3570E-11 1.3550E-11 1.2640E-11 1.2596E-11 1.1701E-11 1.1150E-11 1.1071E-11 1.0980E-11 1.0039E-11 9.9352E-12 7.9997E-12 7.8994E-12 6.9843E-12 6.8808E-12 5.4746E-12 5.3812E-12 3.4906E-12 2.6524E-12
0.0000E+00 0.0000E+00 0.0000E+00 0.0000E+00 0.0000E+00 0.0000E+00 0.0000E+00 0.0000E+00 0.0000E+00 0.0000E+00 0.0000E+00 0.0000E+00 0.0000E+00 0.0000E+00 0.0000E+00 0.0000E+00 0.0000E+00 0.0000E+00 0.0000E+00 0.0000E+00 0.0000E+00 0.0000E+00 0.0000E+00 7.7619E-13 7.9003E-13 2.1112E-12 2.1431E-12 2.9499E-12 2.9884E-12 3.5255E-12 4.3679E-12 5.2451E-12 6.5577E-12 6.6039E-12 6.6424E-12 6.6730E-12 7.2013E-12 7.2185E-12 7.2270E-12 7.2268E-12 6.3810E-12 6.3686E-12 6.3487E-12 6.3213E-12 6.2864E-12 6.2443E-12 4.8868E-12 4.3498E-12 3.5250E-12 2.6801E-12 2.6468E-12 1.3281E-12 1.3078E-12 0.0000E+00 0.0000E+00 0.0000E+00 0.0000E+00
0.0000E+00 0.0000E+00 0.0000E+00 0.0000E+00 0.0000E+00 0.0000E+00 0.0000E+00 0.0000E+00 0.0000E+00 0.0000E+00 0.0000E+00 0.0000E+00 0.0000E+00 0.0000E+00 0.0000E+00 0.0000E+00 0.0000E+00 0.0000E+00 0.0000E+00 0.0000E+00 0.0000E+00 0.0000E+00 0.0000E+00 0.0000E+00 0.0000E+00 0.0000E+00 0.0000E+00 0.0000E+00 0.0000E+00 0.0000E+00 0.0000E+00 7.7970E-13 7.8601E-13 7.9142E-13 7.9592E-13 1.3048E-12 1.3095E-12 1.3127E-12 1.3143E-12 1.3143E-12 1.3128E-12 1.3097E-12 1.3051E-12 7.9349E-13 7.8847E-13 7.8255E-13 0.0000E+00 0.0000E+00 0.0000E+00 0.0000E+00 0.0000E+00 0.0000E+00 0.0000E+00 0.0000E+00 0.0000E+00 0.0000E+00 0.0000E+00
