Assets/Resources/2015_m01_d14_1700(utc+0800)_l00_csi_1hr_conc.grd
DSAA
         159         159
     -79.000      79.000
     -79.000      79.000
  0.0000E+00  0.1149E-04
[rows 0 to 24 of 159, columns 0 to 56 of 159]
5.7620E-09 6.2863E-09 6.8291E-09 7.3818E-09 7.9370E-09 8.4872E-09 9.0261E-09 9.5483E-09 1.0050E-08 1.0527E-08 1.0974E-08 1.1392E-08 1.1776E-08 1.2123E-08 1.2434E-08 1.2708E-08 1.2943E-08 1.3141E-08 1.3301E-08 1.3423E-08 1.3509E-08 1.3559E-08 1.3575E-08 1.3558E-08 1.3508E-08 1.3428E-08 1.3318E-08 1.3181E-08 1.3017E-08 1.2827E-08 1.2617E-08 1.2385E-08 1.2132E-08 1.1862E-08 1.1575E-08 1.1275E-08 1.0962E-08 1.0638E-08 1.0304E-08 9.9632E-09 9.6173E-09 9.2678E-09 8.9159E-09 8.5631E-09 8.2102E-09 7.8592E-09 7.5108E-09 7.1675E-09 6.8286E-09 6.4973E-09 6.1723E-09 5.8553E-09 5.5472E-09 5.2489E-09 4.9613E-09 4.6859E-09 4.4233E-09
5.8944E-09 6.4358E-09 6.9957E-09 7.5654E-09 8.1386E-09 8.7085E-09 9.2683E-09 9.8122E-09 1.0334E-08 1.0829E-08 1.1297E-08 1.1732E-08 1.2132E-08 1.2495E-08 1.2820E-08 1.3107E-08 1.3354E-08 1.3562E-08 1.3730E-08 1.3860E-08 1.3952E-08 1.4008E-08 1.4028E-08 1.4014E-08 1.3965E-08 1.3886E-08 1.3775E-08 1.3636E-08 1.3468E-08 1.3276E-08 1.3060E-08 1.2823E-08 1.2564E-08 1.2287E-08 1.1994E-08 1.1684E-08 1.1360E-08 1.1024E-08 1.0678E-08 1.0323E-08 9.9620E-09 9.5981E-09 9.2305E-09 8.8626E-09 8.4938E-09 8.1273E-09 7.7628E-09 7.4034E-09 7.0490E-09 6.7012E-09 6.3617E-09 6.0298E-09 5.7083E-09 5.3967E-09 5.0973E-09 4.8085E-09 4.5330E-09
6.0150E-09 6.5718E-09 7.1459E-09 7.7313E-09 8.3223E-09 8.9118E-09 9.4927E-09 1.0056E-08 1.0598E-08 1.1114E-08 1.1600E-08 1.2053E-08 1.2469E-08 1.2848E-08 1.3188E-08 1.3488E-08 1.3747E-08 1.3966E-08 1.4144E-08 1.4282E-08 1.4382E-08 1.4444E-08 1.4470E-08 1.4460E-08 1.4414E-08 1.4335E-08 1.4226E-08 1.4086E-08 1.3918E-08 1.3724E-08 1.3505E-08 1.3263E-08 1.3001E-08 1.2720E-08 1.2420E-08 1.2102E-08 1.1768E-08 1.1420E-08 1.1062E-08 1.0694E-08 1.0319E-08 9.9397E-09 9.5575E-09 9.1733E-09 8.7893E-09 8.4062E-09 8.0260E-09 7.6498E-09 7.2804E-09 6.9168E-09 6.5623E-09 6.2158E-09 5.8793E-09 5.5532E-09 5.2388E-09 4.9365E-09 4.6476E-09
6.1228E-09 6.6908E-09 7.2774E-09 7.8786E-09 8.4871E-09 9.0953E-09 9.6949E-09 1.0279E-08 1.0841E-08 1.1376E-08 1.1881E-08 1.2351E-08 1.2785E-08 1.3180E-08 1.3535E-08 1.3848E-08 1.4120E-08 1.4350E-08 1.4538E-08 1.4687E-08 1.4796E-08 1.4865E-08 1.4897E-08 1.4895E-08 1.4850E-08 1.4775E-08 1.4666E-08 1.4527E-08 1.4358E-08 1.4164E-08 1.3945E-08 1.3702E-08 1.3436E-08 1.3148E-08 1.2840E-08 1.2514E-08 1.2171E-08 1.1814E-08 1.1443E-08 1.1063E-08 1.0675E-08 1.0281E-08 9.8840E-09 9.4842E-09 9.0848E-09 8.6855E-09 8.2894E-09 7.8968E-09 7.5103E-09 7.1306E-09 6.7600E-09 6.3991E-09 6.0475E-09 5.7068E-09 5.3768E-09 5.0607E-09 4.7580E-09
6.2139E-09 6.7899E-09 7.3901E-09 8.0056E-09 8.6301E-09 9.2552E-09 9.8733E-09 1.0477E-08 1.1059E-08 1.1613E-08 1.2136E-08 1.2625E-08 1.3075E-08 1.3486E-08 1.3856E-08 1.4184E-08 1.4469E-08 1.4711E-08 1.4912E-08 1.5071E-08 1.5189E-08 1.5266E-08 1.5304E-08 1.5305E-08 1.5268E-08 1.5196E-08 1.5092E-08 1.4955E-08 1.4792E-08 1.4598E-08 1.4379E-08 1.4134E-08 1.3864E-08 1.3572E-08 1.3257E-08 1.2924E-08 1.2572E-08 1.2205E-08 1.1824E-08 1.1432E-08 1.1031E-08 1.0623E-08 1.0211E-08 9.7966E-09 9.3811E-09 8.9666E-09 8.5542E-09 8.1460E-09 7.7432E-09 7.3487E-09 6.9613E-09 6.5834E-09 6.2151E-09 5.8586E-09 5.5153E-09 5.1862E-09 4.8718E-09
6.2850E-09 6.8708E-09 7.4815E-09 8.1100E-09 8.7489E-09 9.3902E-09 1.0026E-08 1.0648E-08 1.1248E-08 1.1821E-08 1.2363E-08 1.2869E-08 1.3337E-08 1.3764E-08 1.4150E-08 1.4492E-08 1.4792E-08 1.5047E-08 1.5261E-08 1.5431E-08 1.5559E-08 1.5646E-08 1.5693E-08 1.5700E-08 1.5671E-08 1.5603E-08 1.5505E-08 1.5376E-08 1.5215E-08 1.5025E-08 1.4806E-08 1.4559E-08 1.4287E-08 1.3991E-08 1.3673E-08 1.3333E-08 1.2975E-08 1.2599E-08 1.2209E-08 1.1806E-08 1.1393E-08 1.0972E-08 1.0545E-08 1.0116E-08 9.6850E-09 9.2548E-09 8.8256E-09 8.4011E-09 7.9816E-09 7.5698E-09 7.1659E-09 6.7718E-09 6.3888E-09 6.0168E-09 5.6585E-09 5.3144E-09 4.9877E-09
6.3364E-09 6.9309E-09 7.5504E-09 8.1902E-09 8.8423E-09 9.4980E-09 1.0150E-08 1.0789E-08 1.1407E-08 1.1999E-08 1.2558E-08 1.3081E-08 1.3566E-08 1.4010E-08 1.4412E-08 1.4770E-08 1.5084E-08 1.5355E-08 1.5581E-08 1.5762E-08 1.5903E-08 1.5999E-08 1.6056E-08 1.6070E-08 1.6050E-08 1.5994E-08 1.5905E-08 1.5780E-08 1.5622E-08 1.5436E-08 1.5218E-08 1.4972E-08 1.4699E-08 1.4400E-08 1.4078E-08 1.3733E-08 1.3369E-08 1.2986E-08 1.2587E-08 1.2174E-08 1.1749E-08 1.1316E-08 1.0876E-08 1.0432E-08 9.9857E-09 9.5391E-09 9.0949E-09 8.6544E-09 8.2188E-09 7.7893E-09 7.3688E-09 6.9573E-09 6.5582E-09 6.1717E-09 5.7998E-09 5.4427E-09 5.1017E-09
6.3684E-09 6.9693E-09 7.5961E-09 8.2450E-09 8.9080E-09 9.5770E-09 1.0243E-08 1.0898E-08 1.1533E-08 1.2142E-08 1.2718E-08 1.3259E-08 1.3761E-08 1.4222E-08 1.4640E-08 1.5014E-08 1.5344E-08 1.5629E-08 1.5869E-08 1.6065E-08 1.6218E-08 1.6326E-08 1.6393E-08 1.6422E-08 1.6413E-08 1.6366E-08 1.6284E-08 1.6167E-08 1.6016E-08 1.5833E-08 1.5618E-08 1.5374E-08 1.5101E-08 1.4802E-08 1.4477E-08 1.4129E-08 1.3760E-08 1.3371E-08 1.2965E-08 1.2543E-08 1.2108E-08 1.1663E-08 1.1210E-08 1.0751E-08 1.0291E-08 9.8296E-09 9.3702E-09 8.9128E-09 8.4606E-09 8.0141E-09 7.5767E-09 7.1491E-09 6.7335E-09 6.3316E-09 5.9440E-09 5.5733E-09 5.2192E-09
6.3797E-09 6.9847E-09 7.6171E-09 8.2730E-09 8.9453E-09 9.6252E-09 1.0304E-08 1.0973E-08 1.1623E-08 1.2248E-08 1.2841E-08 1.3399E-08 1.3918E-08 1.4396E-08 1.4831E-08 1.5222E-08 1.5568E-08 1.5868E-08 1.6122E-08 1.6334E-08 1.6498E-08 1.6623E-08 1.6703E-08 1.6746E-08 1.6748E-08 1.6712E-08 1.6638E-08 1.6531E-08 1.6387E-08 1.6211E-08 1.6002E-08 1.5761E-08 1.5491E-08 1.5193E-08 1.4868E-08 1.4518E-08 1.4146E-08 1.3752E-08 1.3340E-08 1.2911E-08 1.2467E-08 1.2010E-08 1.1545E-08 1.1076E-08 1.0602E-08 1.0126E-08 9.6509E-09 9.1776E-09 8.7082E-09 8.2451E-09 7.7904E-09 7.3467E-09 6.9147E-09 6.4976E-09 6.0951E-09 5.7094E-09 5.3408E-09
6.3700E-09 6.9764E-09 7.6132E-09 8.2739E-09 8.9528E-09 9.6415E-09 1.0331E-08 1.1012E-08 1.1676E-08 1.2316E-08 1.2926E-08 1.3500E-08 1.4035E-08 1.4530E-08 1.4983E-08 1.5390E-08 1.5752E-08 1.6069E-08 1.6340E-08 1.6567E-08 1.6749E-08 1.6887E-08 1.6982E-08 1.7040E-08 1.7054E-08 1.7030E-08 1.6968E-08 1.6869E-08 1.6736E-08 1.6566E-08 1.6364E-08 1.6129E-08 1.5863E-08 1.5567E-08 1.5243E-08 1.4893E-08 1.4519E-08 1.4122E-08 1.3705E-08 1.3268E-08 1.2816E-08 1.2352E-08 1.1879E-08 1.1396E-08 1.0909E-08 1.0419E-08 9.9275E-09 9.4383E-09 8.9523E-09 8.4732E-09 8.0016E-09 7.5412E-09 7.0931E-09 6.6599E-09 6.2427E-09 5.8420E-09 5.4595E-09
6.3385E-09 6.9453E-09 7.5838E-09 8.2468E-09 8.9299E-09 9.6251E-09 1.0323E-08 1.1014E-08 1.1690E-08 1.2344E-08 1.2969E-08 1.3558E-08 1.4111E-08 1.4623E-08 1.5092E-08 1.5516E-08 1.5896E-08 1.6231E-08 1.6520E-08 1.6762E-08 1.6961E-08 1.7115E-08 1.7228E-08 1.7296E-08 1.7325E-08 1.7314E-08 1.7267E-08 1.7180E-08 1.7057E-08 1.6897E-08 1.6703E-08 1.6474E-08 1.6215E-08 1.5923E-08 1.5603E-08 1.5254E-08 1.4880E-08 1.4479E-08 1.4058E-08 1.3620E-08 1.3164E-08 1.2692E-08 1.2208E-08 1.1715E-08 1.1214E-08 1.0710E-08 1.0205E-08 9.7001E-09 9.1990E-09 8.7032E-09 8.2154E-09 7.7382E-09 7.2744E-09 6.8245E-09 6.3916E-09 5.9765E-09 5.5808E-09
6.2861E-09 6.8918E-09 7.5291E-09 8.1921E-09 8.8768E-09 9.5757E-09 1.0279E-08 1.0978E-08 1.1665E-08 1.2331E-08 1.2969E-08 1.3574E-08 1.4142E-08 1.4671E-08 1.5157E-08 1.5601E-08 1.5999E-08 1.6352E-08 1.6657E-08 1.6916E-08 1.7133E-08 1.7304E-08 1.7432E-08 1.7516E-08 1.7562E-08 1.7568E-08 1.7533E-08 1.7460E-08 1.7348E-08 1.7200E-08 1.7016E-08 1.6797E-08 1.6544E-08 1.6258E-08 1.5942E-08 1.5595E-08 1.5221E-08 1.4825E-08 1.4405E-08 1.3963E-08 1.3501E-08 1.3022E-08 1.2529E-08 1.2026E-08 1.1514E-08 1.0997E-08 1.0478E-08 9.9587E-09 9.4422E-09 8.9302E-09 8.4267E-09 7.9329E-09 7.4524E-09 6.9868E-09 6.5386E-09 6.1090E-09 5.6984E-09
6.2134E-09 6.8159E-09 7.4489E-09 8.1103E-09 8.7939E-09 9.4927E-09 1.0199E-08 1.0904E-08 1.1599E-08 1.2275E-08 1.2926E-08 1.3546E-08 1.4130E-08 1.4675E-08 1.5181E-08 1.5641E-08 1.6057E-08 1.6426E-08 1.6749E-08 1.7027E-08 1.7261E-08 1.7450E-08 1.7594E-08 1.7698E-08 1.7762E-08 1.7785E-08 1.7766E-08 1.7708E-08 1.7610E-08 1.7476E-08 1.7303E-08 1.7096E-08 1.6852E-08 1.6574E-08 1.6264E-08 1.5926E-08 1.5559E-08 1.5164E-08 1.4744E-08 1.4299E-08 1.3834E-08 1.3350E-08 1.2851E-08 1.2338E-08 1.1816E-08 1.1288E-08 1.0756E-08 1.0223E-08 9.6909E-09 9.1636E-09 8.6435E-09 8.1334E-09 7.6361E-09 7.1548E-09 6.6901E-09 6.2450E-09 5.8198E-09
6.1213E-09 6.7181E-09 7.3445E-09 8.0021E-09 8.6812E-09 9.3776E-09 1.0084E-08 1.0792E-08 1.1493E-08 1.2178E-08 1.2840E-08 1.3473E-08 1.4074E-08 1.4637E-08 1.5156E-08 1.5634E-08 1.6067E-08 1.6453E-08 1.6795E-08 1.7091E-08 1.7344E-08 1.7551E-08 1.7716E-08 1.7841E-08 1.7923E-08 1.7962E-08 1.7961E-08 1.7919E-08 1.7839E-08 1.7720E-08 1.7561E-08 1.7365E-08 1.7132E-08 1.6869E-08 1.6571E-08 1.6240E-08 1.5878E-08 1.5486E-08 1.5067E-08 1.4623E-08 1.4157E-08 1.3670E-08 1.3165E-08 1.2646E-08 1.2115E-08 1.1577E-08 1.1033E-08 1.0486E-08 9.9399E-09 9.3970E-09 8.8607E-09 8.3346E-09 7.8210E-09 7.3233E-09 6.8428E-09 6.3822E-09 5.9427E-09
6.0109E-09 6.5992E-09 7.2173E-09 7.8685E-09 8.5404E-09 9.2318E-09 9.9361E-09 1.0644E-08 1.1348E-08 1.2039E-08 1.2712E-08 1.3360E-08 1.3973E-08 1.4548E-08 1.5084E-08 1.5578E-08 1.6027E-08 1.6431E-08 1.6792E-08 1.7108E-08 1.7379E-08 1.7607E-08 1.7795E-08 1.7939E-08 1.8040E-08 1.8099E-08 1.8118E-08 1.8094E-08 1.8031E-08 1.7927E-08 1.7786E-08 1.7607E-08 1.7392E-08 1.7141E-08 1.6854E-08 1.6532E-08 1.6177E-08 1.5792E-08 1.5377E-08 1.4936E-08 1.4469E-08 1.3981E-08 1.3473E-08 1.2949E-08 1.2412E-08 1.1864E-08 1.1309E-08 1.0749E-08 1.0188E-08 9.6302E-09 9.0786E-09 8.5364E-09 8.0069E-09 7.4928E-09 6.9971E-09 6.5209E-09 6.0671E-09
5.8834E-09 6.4611E-09 7.0692E-09 7.7105E-09 8.3732E-09 9.0570E-09 9.7554E-09 1.0461E-08 1.1165E-08 1.1863E-08 1.2544E-08 1.3201E-08 1.3824E-08 1.4413E-08 1.4963E-08 1.5472E-08 1.5938E-08 1.6361E-08 1.6740E-08 1.7076E-08 1.7368E-08 1.7620E-08 1.7828E-08 1.7992E-08 1.8113E-08 1.8195E-08 1.8232E-08 1.8231E-08 1.8189E-08 1.8106E-08 1.7987E-08 1.7826E-08 1.7627E-08 1.7389E-08 1.7114E-08 1.6806E-08 1.6462E-08 1.6085E-08 1.5677E-08 1.5240E-08 1.4776E-08 1.4289E-08 1.3780E-08 1.3253E-08 1.2710E-08 1.2153E-08 1.1587E-08 1.1015E-08 1.0441E-08 9.8682E-09 9.3014E-09 8.7436E-09 8.1985E-09 7.6685E-09 7.1569E-09 6.6651E-09 6.1948E-09
5.7401E-09 6.3054E-09 6.9014E-09 7.5305E-09 8.1817E-09 8.8551E-09 9.5455E-09 1.0246E-08 1.0948E-08 1.1648E-08 1.2334E-08 1.2996E-08 1.3629E-08 1.4231E-08 1.4794E-08 1.5317E-08 1.5800E-08 1.6241E-08 1.6639E-08 1.6996E-08 1.7311E-08 1.7583E-08 1.7813E-08 1.7999E-08 1.8144E-08 1.8247E-08 1.8310E-08 1.8331E-08 1.8310E-08 1.8251E-08 1.8149E-08 1.8007E-08 1.7825E-08 1.7605E-08 1.7347E-08 1.7051E-08 1.6719E-08 1.6353E-08 1.5954E-08 1.5523E-08 1.5064E-08 1.4580E-08 1.4071E-08 1.3541E-08 1.2992E-08 1.2428E-08 1.1852E-08 1.1269E-08 1.0682E-08 1.0096E-08 9.5152E-09 8.9428E-09 8.3824E-09 7.8372E-09 7.3093E-09 6.8020E-09 6.3175E-09
5.5826E-09 6.1337E-09 6.7154E-09 7.3305E-09 7.9683E-09 8.6295E-09 9.3090E-09 1.0000E-08 1.0696E-08 1.1398E-08 1.2083E-08 1.2749E-08 1.3391E-08 1.4003E-08 1.4577E-08 1.5114E-08 1.5614E-08 1.6072E-08 1.6490E-08 1.6868E-08 1.7204E-08 1.7498E-08 1.7750E-08 1.7959E-08 1.8132E-08 1.8259E-08 1.8345E-08 1.8391E-08 1.8393E-08 1.8356E-08 1.8275E-08 1.8155E-08 1.7995E-08 1.7794E-08 1.7555E-08 1.7275E-08 1.6959E-08 1.6607E-08 1.6219E-08 1.5798E-08 1.5346E-08 1.4864E-08 1.4358E-08 1.3827E-08 1.3275E-08 1.2706E-08 1.2123E-08 1.1529E-08 1.0931E-08 1.0333E-08 9.7382E-09 9.1517E-09 8.5765E-09 8.0152E-09 7.4719E-09 6.9502E-09 6.4519E-09
5.4124E-09 5.9480E-09 6.5136E-09 7.1132E-09 7.7355E-09 8.3817E-09 9.0473E-09 9.7268E-09 1.0416E-08 1.1113E-08 1.1794E-08 1.2462E-08 1.3111E-08 1.3729E-08 1.4315E-08 1.4866E-08 1.5381E-08 1.5856E-08 1.6293E-08 1.6691E-08 1.7049E-08 1.7364E-08 1.7644E-08 1.7880E-08 1.8074E-08 1.8226E-08 1.8337E-08 1.8405E-08 1.8434E-08 1.8420E-08 1.8364E-08 1.8269E-08 1.8131E-08 1.7952E-08 1.7732E-08 1.7474E-08 1.7176E-08 1.6838E-08 1.6462E-08 1.6050E-08 1.5607E-08 1.5134E-08 1.4632E-08 1.4103E-08 1.3549E-08 1.2975E-08 1.2384E-08 1.1782E-08 1.1174E-08 1.0564E-08 9.9571E-09 9.3569E-09 8.7663E-09 8.1906E-09 7.6332E-09 7.0968E-09 6.5836E-09
5.2312E-09 5.7500E-09 6.2981E-09 6.8803E-09 7.4850E-09 8.1142E-09 8.7636E-09 9.4284E-09 1.0109E-08 1.0796E-08 1.1470E-08 1.2141E-08 1.2791E-08 1.3413E-08 1.4010E-08 1.4573E-08 1.5102E-08 1.5594E-08 1.6050E-08 1.6467E-08 1.6850E-08 1.7191E-08 1.7491E-08 1.7751E-08 1.7968E-08 1.8146E-08 1.8283E-08 1.8378E-08 1.8432E-08 1.8444E-08 1.8417E-08 1.8346E-08 1.8232E-08 1.8079E-08 1.7883E-08 1.7644E-08 1.7362E-08 1.7038E-08 1.6678E-08 1.6281E-08 1.5852E-08 1.5389E-08 1.4893E-08 1.4366E-08 1.3812E-08 1.3234E-08 1.2638E-08 1.2030E-08 1.1413E-08 1.0793E-08 1.0175E-08 9.5610E-09 8.9577E-09 8.3688E-09 7.7975E-09 7.2471E-09 6.7212E-09
5.0406E-09 5.5414E-09 6.0707E-09 6.6339E-09 7.2193E-09 7.8296E-09 8.4608E-09 9.1092E-09 9.7768E-09 1.0450E-08 1.1117E-08 1.1787E-08 1.2433E-08 1.3060E-08 1.3665E-08 1.4238E-08 1.4779E-08 1.5288E-08 1.5766E-08 1.6204E-08 1.6605E-08 1.6967E-08 1.7290E-08 1.7572E-08 1.7816E-08 1.8021E-08 1.8184E-08 1.8307E-08 1.8390E-08 1.8430E-08 1.8431E-08 1.8388E-08 1.8303E-08 1.8176E-08 1.8001E-08 1.7781E-08 1.7520E-08 1.7220E-08 1.6882E-08 1.6504E-08 1.6090E-08 1.5637E-08 1.5148E-08 1.4625E-08 1.4072E-08 1.3492E-08 1.2894E-08 1.2280E-08 1.1656E-08 1.1027E-08 1.0397E-08 9.7723E-09 9.1567E-09 8.5541E-09 7.9695E-09 7.4063E-09 6.8668E-09
4.8420E-09 5.3240E-09 5.8335E-09 6.3765E-09 6.9411E-09 7.5307E-09 8.1420E-09 8.7734E-09 9.4228E-09 1.0081E-08 1.0739E-08 1.1401E-08 1.2044E-08 1.2673E-08 1.3282E-08 1.3864E-08 1.4421E-08 1.4947E-08 1.5437E-08 1.5893E-08 1.6313E-08 1.6696E-08 1.7041E-08 1.7348E-08 1.7619E-08 1.7850E-08 1.8042E-08 1.8194E-08 1.8305E-08 1.8377E-08 1.8407E-08 1.8392E-08 1.8334E-08 1.8227E-08 1.8076E-08 1.7884E-08 1.7650E-08 1.7375E-08 1.7060E-08 1.6703E-08 1.6303E-08 1.5862E-08 1.5382E-08 1.4864E-08 1.4313E-08 1.3735E-08 1.3135E-08 1.2518E-08 1.1889E-08 1.1253E-08 1.0614E-08 9.9794E-09 9.3524E-09 8.7390E-09 8.1432E-09 7.5674E-09 7.0139E-09
4.6371E-09 5.0997E-09 5.5885E-09 6.1104E-09 6.6530E-09 7.2206E-09 7.8103E-09 8.4233E-09 9.0516E-09 9.6937E-09 1.0340E-08 1.0991E-08 1.1627E-08 1.2256E-08 1.2870E-08 1.3460E-08 1.4025E-08 1.4562E-08 1.5066E-08 1.5538E-08 1.5977E-08 1.6380E-08 1.6749E-08 1.7082E-08 1.7378E-08 1.7636E-08 1.7857E-08 1.8039E-08 1.8182E-08 1.8283E-08 1.8339E-08 1.8350E-08 1.8320E-08 1.8243E-08 1.8123E-08 1.7962E-08 1.7758E-08 1.7512E-08 1.7221E-08 1.6884E-08 1.6503E-08 1.6074E-08 1.5602E-08 1.5091E-08 1.4546E-08 1.3972E-08 1.3373E-08 1.2755E-08 1.2122E-08 1.1480E-08 1.0834E-08 1.0190E-08 9.5538E-09 8.9303E-09 8.3221E-09 7.7333E-09 7.1670E-09
4.4276E-09 4.8703E-09 5.3379E-09 5.8378E-09 6.3575E-09 6.9019E-09 7.4701E-09 8.0607E-09 8.6674E-09 9.2928E-09 9.9222E-09 1.0560E-08 1.1189E-08 1.1816E-08 1.2428E-08 1.3020E-08 1.3593E-08 1.4139E-08 1.4656E-08 1.5143E-08 1.5600E-08 1.6024E-08 1.6416E-08 1.6772E-08 1.7094E-08 1.7380E-08 1.7631E-08 1.7843E-08 1.8011E-08 1.8138E-08 1.8223E-08 1.8268E-08 1.8269E-08 1.8224E-08 1.8140E-08 1.8012E-08 1.7839E-08 1.7622E-08 1.7355E-08 1.7040E-08 1.6674E-08 1.6261E-08 1.5802E-08 1.5301E-08 1.4767E-08 1.4199E-08 1.3605E-08 1.2987E-08 1.2353E-08 1.1707E-08 1.1057E-08 1.0407E-08 9.7641E-09 9.1306E-09 8.5122E-09 7.9122E-09 7.3331E-09
4.2151E-09 4.6375E-09 5.0835E-09 5.5610E-09 6.0571E-09 6.5774E-09 7.1235E-09 7.6891E-09 8.2737E-09 8.8817E-09 9.4917E-09 1.0115E-08 1.0731E-08 1.1352E-08 1.1959E-08 1.2550E-08 1.3129E-08 1.3683E-08 1.4211E-08 1.4713E-08 1.5186E-08 1.5630E-08 1.6042E-08 1.6422E-08 1.6770E-08 1.7085E-08 1.7358E-08 1.7594E-08 1.7792E-08 1.7952E-08 1.8071E-08 1.8148E-08 1.8181E-08 1.8175E-08 1.8127E-08 1.8033E-08 1.7894E-08 1.7705E-08 1.7465E-08 1.7172E-08 1.6826E-08 1.6428E-08 1.5986E-08 1.5500E-08 1.4976E-08 1.4417E-08 1.3828E-08 1.3214E-08 1.2581E-08 1.1934E-08 1.1281E-08 1.0627E-08 9.9762E-09 9.3348E-09 8.7065E-09 8.0943E-09 7.5010E-09
