Assets/Resources/2015_m01_d21_0400(utc+0800)_l00_csi_1hr_conc.grd
DSAA
         159         159
     -79.000      79.000
     -79.000      79.000
  0.8757E-09  0.1254E-04
[rows 25 to 49 of 159, columns 0 to 56 of 159]
2.3043E-09 2.3606E-09 2.4175E-09 2.4749E-09 2.5327E-09 2.5910E-09 2.6502E-09 2.7082E-09 2.7675E-09 2.8264E-09 2.8838E-09 2.9418E-09 2.9993E-09 3.0547E-09 3.1069E-09 3.1568E-09 3.2052E-09 3.2537E-09 3.3009E-09 3.3473E-09 3.3915E-09 3.4346E-09 3.4768E-09 3.5194E-09 3.5600E-09 3.5996E-09 3.6369E-09 3.6732E-09 3.7113E-09 3.7454E-09 3.7811E-09 3.8134E-09 3.8462E-09 3.8771E-09 3.9065E-09 3.9360E-09 3.9622E-09 3.9903E-09 4.0143E-09 4.0382E-09 4.0626E-09 4.0838E-09 4.1064E-09 4.1274E-09 4.1458E-09 4.1684E-09 4.1850E-09 4.2055E-09 4.2204E-09 4.2393E-09 4.2526E-09 4.2681E-09 4.2817E-09 4.2921E-09 4.3054E-09 4.3156E-09 4.3285E-09
2.3572E-09 2.4153E-09 2.4740E-09 2.5333E-09 2.5931E-09 2.6532E-09 2.7136E-09 2.7745E-09 2.8352E-09 2.8949E-09 2.9551E-09 3.0154E-09 3.0735E-09 3.1306E-09 3.1853E-09 3.2372E-09 3.2878E-09 3.3377E-09 3.3862E-09 3.4330E-09 3.4782E-09 3.5226E-09 3.5657E-09 3.6100E-09 3.6511E-09 3.6908E-09 3.7288E-09 3.7656E-09 3.8045E-09 3.8391E-09 3.8756E-09 3.9081E-09 3.9426E-09 3.9730E-09 4.0040E-09 4.0330E-09 4.0595E-09 4.0881E-09 4.1125E-09 4.1376E-09 4.1613E-09 4.1827E-09 4.2068E-09 4.2269E-09 4.2489E-09 4.2689E-09 4.2876E-09 4.3073E-09 4.3226E-09 4.3423E-09 4.3562E-09 4.3743E-09 4.3867E-09 4.3995E-09 4.4144E-09 4.4262E-09 4.4368E-09
2.4119E-09 2.4721E-09 2.5328E-09 2.5942E-09 2.6558E-09 2.7177E-09 2.7799E-09 2.8429E-09 2.9046E-09 2.9666E-09 3.0296E-09 3.0900E-09 3.1501E-09 3.2089E-09 3.2663E-09 3.3210E-09 3.3733E-09 3.4244E-09 3.4736E-09 3.5214E-09 3.5679E-09 3.6135E-09 3.6572E-09 3.7027E-09 3.7447E-09 3.7847E-09 3.8236E-09 3.8618E-09 3.9004E-09 3.9356E-09 3.9729E-09 4.0056E-09 4.0408E-09 4.0716E-09 4.1043E-09 4.1327E-09 4.1606E-09 4.1887E-09 4.2133E-09 4.2388E-09 4.2626E-09 4.2842E-09 4.3087E-09 4.3290E-09 4.3516E-09 4.3720E-09 4.3929E-09 4.4117E-09 4.4291E-09 4.4480E-09 4.4623E-09 4.4814E-09 4.4943E-09 4.5130E-09 4.5245E-09 4.5365E-09 4.5487E-09
2.4688E-09 2.5310E-09 2.5939E-09 2.6572E-09 2.7208E-09 2.7847E-09 2.8489E-09 2.9131E-09 2.9772E-09 3.0413E-09 3.1051E-09 3.1675E-09 3.2293E-09 3.2897E-09 3.3500E-09 3.4072E-09 3.4617E-09 3.5132E-09 3.5638E-09 3.6126E-09 3.6608E-09 3.7070E-09 3.7516E-09 3.7986E-09 3.8410E-09 3.8818E-09 3.9212E-09 3.9611E-09 3.9993E-09 4.0361E-09 4.0729E-09 4.1072E-09 4.1418E-09 4.1731E-09 4.2064E-09 4.2351E-09 4.2646E-09 4.2921E-09 4.3168E-09 4.3440E-09 4.3668E-09 4.3898E-09 4.4133E-09 4.4338E-09 4.4585E-09 4.4777E-09 4.4993E-09 4.5186E-09 4.5384E-09 4.5563E-09 4.5730E-09 4.5912E-09 4.6080E-09 4.6248E-09 4.6370E-09 4.6526E-09 4.6657E-09
2.5277E-09 2.5921E-09 2.6571E-09 2.7225E-09 2.7883E-09 2.8543E-09 2.9204E-09 2.9865E-09 3.0525E-09 3.1186E-09 3.1832E-09 3.2478E-09 3.3111E-09 3.3744E-09 3.4364E-09 3.4964E-09 3.5520E-09 3.6052E-09 3.6568E-09 3.7070E-09 3.7564E-09 3.8035E-09 3.8500E-09 3.8972E-09 3.9403E-09 3.9819E-09 4.0217E-09 4.0635E-09 4.1010E-09 4.1395E-09 4.1759E-09 4.2108E-09 4.2457E-09 4.2774E-09 4.3114E-09 4.3405E-09 4.3705E-09 4.3982E-09 4.4233E-09 4.4509E-09 4.4739E-09 4.4981E-09 4.5208E-09 4.5414E-09 4.5665E-09 4.5862E-09 4.6101E-09 4.6283E-09 4.6488E-09 4.6673E-09 4.6865E-09 4.7070E-09 4.7217E-09 4.7395E-09 4.7530E-09 4.7719E-09 4.7854E-09
2.5889E-09 2.6554E-09 2.7227E-09 2.7904E-09 2.8584E-09 2.9264E-09 2.9945E-09 3.0627E-09 3.1308E-09 3.1978E-09 3.2644E-09 3.3306E-09 3.3965E-09 3.4618E-09 3.5253E-09 3.5871E-09 3.6451E-09 3.7001E-09 3.7528E-09 3.8044E-09 3.8548E-09 3.9031E-09 3.9514E-09 3.9988E-09 4.0426E-09 4.0849E-09 4.1253E-09 4.1679E-09 4.2059E-09 4.2461E-09 4.2819E-09 4.3185E-09 4.3527E-09 4.3859E-09 4.4192E-09 4.4488E-09 4.4804E-09 4.5074E-09 4.5340E-09 4.5608E-09 4.5839E-09 4.6083E-09 4.6312E-09 4.6535E-09 4.6775E-09 4.6974E-09 4.7219E-09 4.7406E-09 4.7638E-09 4.7811E-09 4.8043E-09 4.8229E-09 4.8383E-09 4.8574E-09 4.8744E-09 4.8938E-09 4.9083E-09
2.6523E-09 2.7210E-09 2.7906E-09 2.8607E-09 2.9308E-09 3.0011E-09 3.0715E-09 3.1417E-09 3.2110E-09 3.2797E-09 3.3485E-09 3.4170E-09 3.4851E-09 3.5520E-09 3.6169E-09 3.6804E-09 3.7410E-09 3.7980E-09 3.8521E-09 3.9049E-09 3.9565E-09 4.0058E-09 4.0552E-09 4.1036E-09 4.1482E-09 4.1911E-09 4.2322E-09 4.2754E-09 4.3140E-09 4.3546E-09 4.3910E-09 4.4291E-09 4.4628E-09 4.4974E-09 4.5301E-09 4.5600E-09 4.5922E-09 4.6195E-09 4.6476E-09 4.6736E-09 4.6969E-09 4.7229E-09 4.7446E-09 4.7670E-09 4.7913E-09 4.8132E-09 4.8367E-09 4.8558E-09 4.8799E-09 4.9005E-09 4.9243E-09 4.9418E-09 4.9599E-09 4.9813E-09 4.9980E-09 5.0190E-09 5.0366E-09
2.7173E-09 2.7889E-09 2.8608E-09 2.9334E-09 3.0059E-09 3.0786E-09 3.1511E-09 3.2227E-09 3.2940E-09 3.3649E-09 3.4361E-09 3.5064E-09 3.5766E-09 3.6443E-09 3.7114E-09 3.7763E-09 3.8397E-09 3.8988E-09 3.9547E-09 4.0083E-09 4.0614E-09 4.1115E-09 4.1633E-09 4.2113E-09 4.2569E-09 4.3004E-09 4.3434E-09 4.3859E-09 4.4252E-09 4.4663E-09 4.5031E-09 4.5420E-09 4.5761E-09 4.6108E-09 4.6441E-09 4.6755E-09 4.7071E-09 4.7347E-09 4.7631E-09 4.7894E-09 4.8129E-09 4.8392E-09 4.8609E-09 4.8854E-09 4.9081E-09 4.9303E-09 4.9545E-09 4.9757E-09 5.0011E-09 5.0210E-09 5.0454E-09 5.0636E-09 5.0874E-09 5.1067E-09 5.1275E-09 5.1495E-09 5.1655E-09
2.7855E-09 2.8584E-09 2.9329E-09 3.0078E-09 3.0830E-09 3.1579E-09 3.2327E-09 3.3066E-09 3.3800E-09 3.4529E-09 3.5266E-09 3.5993E-09 3.6703E-09 3.7402E-09 3.8088E-09 3.8756E-09 3.9409E-09 4.0024E-09 4.0603E-09 4.1152E-09 4.1695E-09 4.2205E-09 4.2736E-09 4.3225E-09 4.3689E-09 4.4131E-09 4.4578E-09 4.5000E-09 4.5408E-09 4.5814E-09 4.6185E-09 4.6580E-09 4.6924E-09 4.7290E-09 4.7611E-09 4.7930E-09 4.8250E-09 4.8528E-09 4.8830E-09 4.9083E-09 4.9332E-09 4.9587E-09 4.9803E-09 5.0069E-09 5.0280E-09 5.0523E-09 5.0750E-09 5.0983E-09 5.1244E-09 5.1439E-09 5.1696E-09 5.1902E-09 5.2152E-09 5.2367E-09 5.2597E-09 5.2808E-09 5.2976E-09
2.8558E-09 2.9310E-09 3.0079E-09 3.0855E-09 3.1632E-09 3.2407E-09 3.3173E-09 3.3933E-09 3.4688E-09 3.5446E-09 3.6197E-09 3.6944E-09 3.7669E-09 3.8391E-09 3.9092E-09 3.9782E-09 4.0449E-09 4.1093E-09 4.1691E-09 4.2255E-09 4.2807E-09 4.3342E-09 4.3871E-09 4.4371E-09 4.4841E-09 4.5290E-09 4.5744E-09 4.6174E-09 4.6584E-09 4.6998E-09 4.7382E-09 4.7771E-09 4.8120E-09 4.8492E-09 4.8812E-09 4.9149E-09 4.9461E-09 4.9742E-09 5.0049E-09 5.0303E-09 5.0555E-09 5.0813E-09 5.1029E-09 5.1298E-09 5.1510E-09 5.1756E-09 5.1993E-09 5.2266E-09 5.2497E-09 5.2722E-09 5.2976E-09 5.3201E-09 5.3479E-09 5.3702E-09 5.3957E-09 5.4151E-09 5.4332E-09
2.9282E-09 3.0061E-09 3.0854E-09 3.1657E-09 3.2461E-09 3.3255E-09 3.4045E-09 3.4828E-09 3.5614E-09 3.6394E-09 3.7168E-09 3.7924E-09 3.8672E-09 3.9409E-09 4.0131E-09 4.0837E-09 4.1520E-09 4.2186E-09 4.2807E-09 4.3391E-09 4.3953E-09 4.4500E-09 4.5039E-09 4.5550E-09 4.6027E-09 4.6484E-09 4.6944E-09 4.7379E-09 4.7808E-09 4.8214E-09 4.8602E-09 4.8996E-09 4.9361E-09 4.9725E-09 5.0048E-09 5.0387E-09 5.0703E-09 5.0987E-09 5.1299E-09 5.1556E-09 5.1824E-09 5.2070E-09 5.2287E-09 5.2559E-09 5.2772E-09 5.3040E-09 5.3286E-09 5.3543E-09 5.3781E-09 5.4014E-09 5.4304E-09 5.4545E-09 5.4829E-09 5.5066E-09 5.5322E-09 5.5531E-09 5.5725E-09
3.0021E-09 3.0834E-09 3.1652E-09 3.2483E-09 3.3307E-09 3.4129E-09 3.4944E-09 3.5761E-09 3.6571E-09 3.7373E-09 3.8160E-09 3.8936E-09 3.9706E-09 4.0458E-09 4.1202E-09 4.1924E-09 4.2628E-09 4.3309E-09 4.3957E-09 4.4558E-09 4.5135E-09 4.5692E-09 4.6243E-09 4.6762E-09 4.7247E-09 4.7710E-09 4.8190E-09 4.8618E-09 4.9054E-09 4.9463E-09 4.9870E-09 5.0253E-09 5.0622E-09 5.0991E-09 5.1318E-09 5.1670E-09 5.1977E-09 5.2278E-09 5.2581E-09 5.2840E-09 5.3110E-09 5.3359E-09 5.3598E-09 5.3853E-09 5.4065E-09 5.4359E-09 5.4590E-09 5.4852E-09 5.5097E-09 5.5380E-09 5.5661E-09 5.5914E-09 5.6221E-09 5.6450E-09 5.6722E-09 5.6945E-09 5.7177E-09
3.0786E-09 3.1622E-09 3.2468E-09 3.3326E-09 3.4180E-09 3.5029E-09 3.5872E-09 3.6715E-09 3.7549E-09 3.8375E-09 3.9184E-09 3.9983E-09 4.0770E-09 4.1543E-09 4.2304E-09 4.3043E-09 4.3767E-09 4.4461E-09 4.5135E-09 4.5757E-09 4.6351E-09 4.6928E-09 4.7481E-09 4.8007E-09 4.8502E-09 4.8969E-09 4.9459E-09 4.9891E-09 5.0345E-09 5.0746E-09 5.1158E-09 5.1543E-09 5.1916E-09 5.2290E-09 5.2620E-09 5.2975E-09 5.3284E-09 5.3588E-09 5.3895E-09 5.4156E-09 5.4430E-09 5.4681E-09 5.4921E-09 5.5180E-09 5.5421E-09 5.5704E-09 5.5925E-09 5.6215E-09 5.6453E-09 5.6758E-09 5.7055E-09 5.7355E-09 5.7627E-09 5.7868E-09 5.8158E-09 5.8406E-09 5.8672E-09
3.1572E-09 3.2437E-09 3.3314E-09 3.4193E-09 3.5077E-09 3.5955E-09 3.6834E-09 3.7703E-09 3.8565E-09 3.9408E-09 4.0240E-09 4.1060E-09 4.1865E-09 4.2661E-09 4.3437E-09 4.4199E-09 4.4937E-09 4.5652E-09 4.6340E-09 4.6987E-09 4.7600E-09 4.8190E-09 4.8752E-09 4.9289E-09 4.9791E-09 5.0278E-09 5.0762E-09 5.1199E-09 5.1659E-09 5.2064E-09 5.2480E-09 5.2870E-09 5.3257E-09 5.3622E-09 5.3954E-09 5.4316E-09 5.4623E-09 5.4945E-09 5.5242E-09 5.5504E-09 5.5798E-09 5.6034E-09 5.6298E-09 5.6540E-09 5.6802E-09 5.7072E-09 5.7293E-09 5.7590E-09 5.7851E-09 5.8174E-09 5.8488E-09 5.8781E-09 5.9066E-09 5.9322E-09 5.9629E-09 5.9926E-09 6.0220E-09
3.2369E-09 3.3266E-09 3.4174E-09 3.5082E-09 3.5997E-09 3.6913E-09 3.7822E-09 3.8713E-09 3.9602E-09 4.0470E-09 4.1325E-09 4.2168E-09 4.2995E-09 4.3809E-09 4.4603E-09 4.5385E-09 4.6138E-09 4.6873E-09 4.7576E-09 4.8249E-09 4.8881E-09 4.9486E-09 5.0056E-09 5.0605E-09 5.1112E-09 5.1608E-09 5.2097E-09 5.2554E-09 5.3006E-09 5.3416E-09 5.3847E-09 5.4229E-09 5.4618E-09 5.4987E-09 5.5337E-09 5.5689E-09 5.5994E-09 5.6321E-09 5.6620E-09 5.6885E-09 5.7183E-09 5.7421E-09 5.7688E-09 5.7948E-09 5.8202E-09 5.8471E-09 5.8719E-09 5.9009E-09 5.9288E-09 5.9649E-09 5.9946E-09 6.0241E-09 6.0541E-09 6.0836E-09 6.1161E-09 6.1482E-09 6.1797E-09
3.3191E-09 3.4121E-09 3.5054E-09 3.5994E-09 3.6939E-09 3.7889E-09 3.8829E-09 3.9758E-09 4.0667E-09 4.1561E-09 4.2441E-09 4.3307E-09 4.4157E-09 4.4989E-09 4.5806E-09 4.6602E-09 4.7377E-09 4.8126E-09 4.8846E-09 4.9537E-09 5.0191E-09 5.0829E-09 5.1395E-09 5.1954E-09 5.2468E-09 5.2972E-09 5.3467E-09 5.3930E-09 5.4388E-09 5.4800E-09 5.5238E-09 5.5621E-09 5.6015E-09 5.6386E-09 5.6739E-09 5.7094E-09 5.7402E-09 5.7729E-09 5.8031E-09 5.8315E-09 5.8600E-09 5.8840E-09 5.9113E-09 5.9390E-09 5.9656E-09 5.9904E-09 6.0156E-09 6.0468E-09 6.0757E-09 6.1138E-09 6.1424E-09 6.1733E-09 6.2049E-09 6.2367E-09 6.2735E-09 6.3082E-09 6.3433E-09
3.4024E-09 3.4987E-09 3.5952E-09 3.6926E-09 3.7911E-09 3.8896E-09 3.9867E-09 4.0821E-09 4.1758E-09 4.2681E-09 4.3587E-09 4.4476E-09 4.5348E-09 4.6201E-09 4.7038E-09 4.7850E-09 4.8647E-09 4.9411E-09 5.0150E-09 5.0855E-09 5.1535E-09 5.2191E-09 5.2771E-09 5.3336E-09 5.3859E-09 5.4382E-09 5.4872E-09 5.5339E-09 5.5802E-09 5.6233E-09 5.6662E-09 5.7046E-09 5.7445E-09 5.7816E-09 5.8173E-09 5.8532E-09 5.8843E-09 5.9169E-09 5.9475E-09 5.9761E-09 6.0050E-09 6.0291E-09 6.0583E-09 6.0850E-09 6.1120E-09 6.1372E-09 6.1636E-09 6.1968E-09 6.2291E-09 6.2642E-09 6.2937E-09 6.3259E-09 6.3592E-09 6.3952E-09 6.4348E-09 6.4724E-09 6.5073E-09
3.4880E-09 3.5869E-09 3.6869E-09 3.7877E-09 3.8897E-09 3.9916E-09 4.0923E-09 4.1908E-09 4.2877E-09 4.3828E-09 4.4760E-09 4.5674E-09 4.6569E-09 4.7445E-09 4.8300E-09 4.9134E-09 4.9946E-09 5.0729E-09 5.1484E-09 5.2203E-09 5.2918E-09 5.3583E-09 5.4178E-09 5.4750E-09 5.5283E-09 5.5812E-09 5.6310E-09 5.6781E-09 5.7251E-09 5.7684E-09 5.8118E-09 5.8504E-09 5.8922E-09 5.9281E-09 5.9654E-09 6.0002E-09 6.0315E-09 6.0660E-09 6.0951E-09 6.1238E-09 6.1531E-09 6.1778E-09 6.2085E-09 6.2341E-09 6.2616E-09 6.2872E-09 6.3154E-09 6.3501E-09 6.3832E-09 6.4176E-09 6.4483E-09 6.4844E-09 6.5177E-09 6.5608E-09 6.6003E-09 6.6397E-09 6.6748E-09
3.5745E-09 3.6767E-09 3.7802E-09 3.8852E-09 3.9908E-09 4.0963E-09 4.2001E-09 4.3018E-09 4.4020E-09 4.5000E-09 4.5961E-09 4.6901E-09 4.7820E-09 4.8718E-09 4.9593E-09 5.0448E-09 5.1275E-09 5.2079E-09 5.2849E-09 5.3586E-09 5.4316E-09 5.5005E-09 5.5617E-09 5.6200E-09 5.6738E-09 5.7276E-09 5.7779E-09 5.8270E-09 5.8731E-09 5.9168E-09 5.9606E-09 5.9996E-09 6.0416E-09 6.0778E-09 6.1153E-09 6.1504E-09 6.1818E-09 6.2168E-09 6.2457E-09 6.2748E-09 6.3044E-09 6.3305E-09 6.3629E-09 6.3865E-09 6.4168E-09 6.4413E-09 6.4763E-09 6.5067E-09 6.5389E-09 6.5744E-09 6.6060E-09 6.6440E-09 6.6808E-09 6.7270E-09 6.7694E-09 6.8084E-09 6.8525E-09
3.6622E-09 3.7681E-09 3.8751E-09 3.9837E-09 4.0929E-09 4.2022E-09 4.3098E-09 4.4152E-09 4.5185E-09 4.6197E-09 4.7187E-09 4.8154E-09 4.9098E-09 5.0019E-09 5.0917E-09 5.1790E-09 5.2636E-09 5.3457E-09 5.4242E-09 5.4997E-09 5.5742E-09 5.6455E-09 5.7084E-09 5.7681E-09 5.8224E-09 5.8771E-09 5.9279E-09 5.9777E-09 6.0241E-09 6.0684E-09 6.1125E-09 6.1534E-09 6.1942E-09 6.2306E-09 6.2699E-09 6.3037E-09 6.3370E-09 6.3707E-09 6.3996E-09 6.4305E-09 6.4590E-09 6.4889E-09 6.5184E-09 6.5420E-09 6.5730E-09 6.5987E-09 6.6358E-09 6.6665E-09 6.7033E-09 6.7345E-09 6.7726E-09 6.8079E-09 6.8541E-09 6.8979E-09 6.9405E-09 6.9805E-09 7.0336E-09
3.7513E-09 3.8607E-09 3.9720E-09 4.0844E-09 4.1972E-09 4.3096E-09 4.4211E-09 4.5304E-09 4.6371E-09 4.7416E-09 4.8436E-09 4.9432E-09 5.0403E-09 5.1348E-09 5.2267E-09 5.3159E-09 5.4026E-09 5.4863E-09 5.5668E-09 5.6436E-09 5.7199E-09 5.7928E-09 5.8579E-09 5.9192E-09 5.9742E-09 6.0311E-09 6.0809E-09 6.1329E-09 6.1782E-09 6.2260E-09 6.2675E-09 6.3101E-09 6.3500E-09 6.3864E-09 6.4263E-09 6.4600E-09 6.4951E-09 6.5277E-09 6.5566E-09 6.5896E-09 6.6175E-09 6.6517E-09 6.6768E-09 6.7054E-09 6.7326E-09 6.7656E-09 6.7988E-09 6.8305E-09 6.8660E-09 6.9003E-09 6.9373E-09 6.9783E-09 7.0251E-09 7.0715E-09 7.1137E-09 7.1558E-09 7.2496E-09
3.8416E-09 3.9545E-09 4.0695E-09 4.1856E-09 4.3022E-09 4.4184E-09 4.5338E-09 4.6474E-09 4.7578E-09 4.8656E-09 4.9707E-09 5.0733E-09 5.1730E-09 5.2700E-09 5.3643E-09 5.4557E-09 5.5442E-09 5.6296E-09 5.7119E-09 5.7903E-09 5.8711E-09 5.9428E-09 6.0101E-09 6.0730E-09 6.1304E-09 6.1866E-09 6.2384E-09 6.2897E-09 6.3353E-09 6.3837E-09 6.4255E-09 6.4701E-09 6.5087E-09 6.5483E-09 6.5857E-09 6.6193E-09 6.6566E-09 6.6875E-09 6.7200E-09 6.7499E-09 6.7790E-09 6.8130E-09 6.8382E-09 6.8703E-09 6.8960E-09 6.9334E-09 6.9644E-09 7.0013E-09 7.0319E-09 7.0701E-09 7.1057E-09 7.1541E-09 7.2006E-09 7.2462E-09 7.2902E-09 7.3743E-09 7.4379E-09
3.9327E-09 4.0500E-09 4.1688E-09 4.2879E-09 4.4084E-09 4.5284E-09 4.6479E-09 4.7656E-09 4.8801E-09 4.9913E-09 5.0999E-09 5.2054E-09 5.3081E-09 5.4077E-09 5.5043E-09 5.5978E-09 5.6883E-09 5.7756E-09 5.8595E-09 5.9409E-09 6.0223E-09 6.0954E-09 6.1642E-09 6.2291E-09 6.2911E-09 6.3449E-09 6.4006E-09 6.4492E-09 6.5000E-09 6.5441E-09 6.5893E-09 6.6315E-09 6.6701E-09 6.7122E-09 6.7478E-09 6.7848E-09 6.8194E-09 6.8503E-09 6.8851E-09 6.9139E-09 6.9507E-09 6.9774E-09 7.0102E-09 7.0356E-09 7.0705E-09 7.1023E-09 7.1372E-09 7.1700E-09 7.2062E-09 7.2402E-09 7.2806E-09 7.3290E-09 7.3782E-09 7.4235E-09 7.4695E-09 7.5685E-09 7.6611E-09
4.0247E-09 4.1458E-09 4.2683E-09 4.3919E-09 4.5155E-09 4.6392E-09 4.7628E-09 4.8848E-09 5.0039E-09 5.1187E-09 5.2308E-09 5.3394E-09 5.4450E-09 5.5473E-09 5.6463E-09 5.7422E-09 5.8347E-09 5.9239E-09 6.0094E-09 6.0958E-09 6.1760E-09 6.2504E-09 6.3206E-09 6.3905E-09 6.4516E-09 6.5090E-09 6.5625E-09 6.6128E-09 6.6630E-09 6.7074E-09 6.7549E-09 6.7955E-09 6.8393E-09 6.8769E-09 6.9125E-09 6.9520E-09 6.9849E-09 7.0192E-09 7.0511E-09 7.0808E-09 7.1177E-09 7.1446E-09 7.1781E-09 7.2041E-09 7.2416E-09 7.2733E-09 7.3110E-09 7.3414E-09 7.3787E-09 7.4130E-09 7.4598E-09 7.5087E-09 7.5571E-09 7.6036E-09 7.6982E-09 7.7589E-09 7.8625E-09
4.1181E-09 4.2421E-09 4.3684E-09 4.4960E-09 4.6234E-09 4.7511E-09 4.8786E-09 5.0049E-09 5.1284E-09 5.2475E-09 5.3628E-09 5.4749E-09 5.5835E-09 5.6887E-09 5.7904E-09 5.8885E-09 5.9831E-09 6.0742E-09 6.1642E-09 6.2500E-09 6.3319E-09 6.4077E-09 6.4792E-09 6.5527E-09 6.6142E-09 6.6744E-09 6.7269E-09 6.7810E-09 6.8284E-09 6.8779E-09 6.9211E-09 6.9620E-09 7.0063E-09 7.0441E-09 7.0851E-09 7.1199E-09 7.1529E-09 7.1896E-09 7.2197E-09 7.2580E-09 7.2872E-09 7.3219E-09 7.3486E-09 7.3833E-09 7.4153E-09 7.4518E-09 7.4846E-09 7.5154E-09 7.5539E-09 7.5896E-09 7.6398E-09 7.6893E-09 7.7376E-09 7.7861E-09 7.8876E-09 7.9828E-09 8.0950E-09
