Assets/Resources/2015_m01_d17_0000(utc+0800)_l00_csi_1hr_conc.grd
DSAA
         159         159
     -79.000      79.000
     -79.000      79.000
  0.0000E+00  0.2142E-04
[rows 0 to 24 of 159, columns 57 to 113 of 159]
8.1195E-10 9.7432E-10 1.1558E-09 1.3549E-09 1.5717E-09 1.8039E-09 2.0459E-09 2.2950E-09 2.5477E-09 2.7981E-09 3.0406E-09 3.2691E-09 3.4784E-09 3.6632E-09 3.8188E-09 3.9409E-09 4.0265E-09 4.0735E-09 4.0813E-09 4.0499E-09 3.9811E-09 3.8767E-09 3.7407E-09 3.5768E-09 3.3894E-09 3.1835E-09 2.9640E-09 2.7358E-09 2.5038E-09 2.2728E-09 2.0462E-09 1.8270E-09 1.6175E-09 1.4206E-09 1.2388E-09 1.0719E-09 9.1970E-10 7.8284E-10 6.6176E-10 5.5519E-10 4.6176E-10 3.8096E-10 3.1213E-10 2.5353E-10 2.0387E-10 1.6239E-10 1.2775E-10 9.9352E-11 7.5678E-11 5.6629E-11 4.0116E-11 2.7511E-11 1.7940E-11 1.0382E-11 5.5018E-12 3.4315E-12 1.9938E-12
8.6834E-10 1.0425E-09 1.2376E-09 1.4537E-09 1.6862E-09 1.9347E-09 2.1963E-09 2.4656E-09 2.7371E-09 3.0059E-09 3.2660E-09 3.5113E-09 3.7353E-09 3.9323E-09 4.0977E-09 4.2265E-09 4.3157E-09 4.3632E-09 4.3682E-09 4.3312E-09 4.2536E-09 4.1375E-09 3.9872E-09 3.8073E-09 3.6025E-09 3.3789E-09 3.1414E-09 2.8950E-09 2.6448E-09 2.3959E-09 2.1525E-09 1.9186E-09 1.6962E-09 1.4868E-09 1.2926E-09 1.1159E-09 9.5619E-10 8.1267E-10 6.8451E-10 5.7282E-10 4.7583E-10 3.9183E-10 3.2010E-10 2.5938E-10 2.0784E-10 1.6548E-10 1.2984E-10 1.0084E-10 7.6078E-11 5.6675E-11 3.9995E-11 2.7303E-11 1.7547E-11 1.0127E-11 5.3626E-12 3.3662E-12 1.9572E-12
9.2437E-10 1.1103E-09 1.3195E-09 1.5494E-09 1.8000E-09 2.0668E-09 2.3457E-09 2.6335E-09 2.9249E-09 3.2126E-09 3.4907E-09 3.7521E-09 3.9906E-09 4.2002E-09 4.3748E-09 4.5101E-09 4.6025E-09 4.6499E-09 4.6513E-09 4.6076E-09 4.5202E-09 4.3922E-09 4.2278E-09 4.0319E-09 3.8096E-09 3.5672E-09 3.3107E-09 3.0461E-09 2.7786E-09 2.5126E-09 2.2527E-09 2.0026E-09 1.7667E-09 1.5465E-09 1.3421E-09 1.1549E-09 9.8674E-10 8.3695E-10 7.0408E-10 5.8748E-10 4.8660E-10 3.9975E-10 3.2558E-10 2.6318E-10 2.1032E-10 1.6702E-10 1.3046E-10 1.0104E-10 7.5854E-11 5.6307E-11 3.9342E-11 2.6557E-11 1.6853E-11 9.8585E-12 5.1464E-12 3.1900E-12 1.8522E-12
9.7925E-10 1.1773E-09 1.3994E-09 1.6453E-09 1.9104E-09 2.1944E-09 2.4933E-09 2.8003E-09 3.1100E-09 3.4163E-09 3.7120E-09 3.9899E-09 4.2430E-09 4.4642E-09 4.6480E-09 4.7894E-09 4.8846E-09 4.9313E-09 4.9289E-09 4.8779E-09 4.7801E-09 4.6393E-09 4.4598E-09 4.2472E-09 4.0077E-09 3.7471E-09 3.4715E-09 3.1878E-09 2.9021E-09 2.6198E-09 2.3446E-09 2.0803E-09 1.8302E-09 1.5976E-09 1.3843E-09 1.1892E-09 1.0128E-09 8.5637E-10 7.1896E-10 5.9846E-10 4.9416E-10 4.0525E-10 3.2922E-10 2.6482E-10 2.1076E-10 1.6735E-10 1.3022E-10 1.0027E-10 7.4827E-11 5.5171E-11 3.8380E-11 2.5609E-11 1.5867E-11 9.3916E-12 4.9084E-12 2.8195E-12 1.7379E-12
1.0327E-09 1.2434E-09 1.4775E-09 1.7359E-09 2.0201E-09 2.3210E-09 2.6363E-09 2.9622E-09 3.2912E-09 3.6158E-09 3.9289E-09 4.2228E-09 4.4899E-09 4.7228E-09 4.9152E-09 5.0620E-09 5.1593E-09 5.2048E-09 5.1979E-09 5.1389E-09 5.0305E-09 4.8767E-09 4.6819E-09 4.4522E-09 4.1945E-09 3.9152E-09 3.6215E-09 3.3196E-09 3.0156E-09 2.7158E-09 2.4255E-09 2.1483E-09 1.8862E-09 1.6418E-09 1.4181E-09 1.2159E-09 1.0336E-09 8.7111E-10 7.2902E-10 6.0580E-10 4.9852E-10 4.0723E-10 3.3008E-10 2.6476E-10 2.0998E-10 1.6566E-10 1.2844E-10 9.8633E-11 7.3284E-11 5.3393E-11 3.6565E-11 2.4180E-11 1.4566E-11 8.8720E-12 4.6005E-12 2.3581E-12 1.4179E-12
1.0842E-09 1.3038E-09 1.5531E-09 1.8270E-09 2.1236E-09 2.4422E-09 2.7759E-09 3.1190E-09 3.4660E-09 3.8092E-09 4.1392E-09 4.4486E-09 4.7288E-09 4.9724E-09 5.1728E-09 5.3245E-09 5.4233E-09 5.4674E-09 5.4551E-09 5.3878E-09 5.2683E-09 5.1009E-09 4.8908E-09 4.6445E-09 4.3685E-09 4.0707E-09 3.7583E-09 3.4387E-09 3.1181E-09 2.8018E-09 2.4958E-09 2.2050E-09 1.9324E-09 1.6787E-09 1.4455E-09 1.2350E-09 1.0479E-09 8.8119E-10 7.3474E-10 6.0843E-10 5.0009E-10 4.0680E-10 3.2831E-10 2.6267E-10 2.0725E-10 1.6270E-10 1.2581E-10 9.5735E-11 7.0775E-11 5.0806E-11 3.4269E-11 2.2190E-11 1.2876E-11 7.9887E-12 4.2627E-12 1.8995E-12 8.6742E-13
1.1310E-09 1.3649E-09 1.6240E-09 1.9119E-09 2.2245E-09 2.5578E-09 2.9089E-09 3.2710E-09 3.6357E-09 3.9953E-09 4.3420E-09 4.6664E-09 4.9595E-09 5.2137E-09 5.4215E-09 5.5774E-09 5.6774E-09 5.7184E-09 5.7001E-09 5.6238E-09 5.4925E-09 5.3107E-09 5.0850E-09 4.8214E-09 4.5277E-09 4.2116E-09 3.8810E-09 3.5437E-09 3.2064E-09 2.8758E-09 2.5559E-09 2.2516E-09 1.9672E-09 1.7055E-09 1.4657E-09 1.2480E-09 1.0548E-09 8.8536E-10 7.3633E-10 6.0729E-10 4.9730E-10 4.0368E-10 3.2475E-10 2.5830E-10 2.0326E-10 1.5834E-10 1.2171E-10 9.2229E-11 6.7760E-11 4.7505E-11 3.1688E-11 1.9413E-11 1.1306E-11 6.9492E-12 3.5702E-12 1.6575E-12 1.8033E-13
1.1777E-09 1.4186E-09 1.6921E-09 1.9919E-09 2.3187E-09 2.6702E-09 3.0371E-09 3.4149E-09 3.7968E-09 4.1735E-09 4.5356E-09 4.8742E-09 5.1798E-09 5.4439E-09 5.6585E-09 5.8183E-09 5.9184E-09 5.9562E-09 5.9316E-09 5.8459E-09 5.7025E-09 5.5062E-09 5.2640E-09 4.9830E-09 4.6711E-09 4.3371E-09 3.9890E-09 3.6344E-09 3.2810E-09 2.9356E-09 2.6037E-09 2.2885E-09 1.9933E-09 1.7221E-09 1.4764E-09 1.2548E-09 1.0567E-09 8.8330E-10 7.3327E-10 6.0267E-10 4.9124E-10 3.9796E-10 3.1873E-10 2.5183E-10 1.9781E-10 1.5291E-10 1.1669E-10 8.7776E-11 6.3707E-11 4.3616E-11 2.8109E-11 1.6691E-11 9.6355E-12 5.9150E-12 2.8678E-12 8.0112E-13 0.0000E+00
1.2186E-09 1.4711E-09 1.7531E-09 2.0692E-09 2.4097E-09 2.7738E-09 3.1581E-09 3.5526E-09 3.9501E-09 4.3427E-09 4.7201E-09 5.0719E-09 5.3886E-09 5.6613E-09 5.8820E-09 6.0447E-09 6.1442E-09 6.1782E-09 6.1465E-09 6.0509E-09 5.8951E-09 5.6847E-09 5.4262E-09 5.1277E-09 4.7981E-09 4.4462E-09 4.0809E-09 3.7104E-09 3.3418E-09 2.9822E-09 2.6376E-09 2.3130E-09 2.0101E-09 1.7307E-09 1.4781E-09 1.2533E-09 1.0529E-09 8.7657E-10 7.2466E-10 5.9436E-10 4.8270E-10 3.8901E-10 3.1075E-10 2.4399E-10 1.9058E-10 1.4639E-10 1.1071E-10 8.2689E-11 5.8313E-11 3.9298E-11 2.4117E-11 1.3737E-11 8.0093E-12 4.6500E-12 1.8751E-12 7.6241E-14 0.0000E+00
1.2564E-09 1.5178E-09 1.8134E-09 2.1380E-09 2.4939E-09 2.8729E-09 3.2705E-09 3.6818E-09 4.0958E-09 4.5034E-09 4.8943E-09 5.2590E-09 5.5871E-09 5.8692E-09 6.0965E-09 6.2618E-09 6.3604E-09 6.3901E-09 6.3506E-09 6.2438E-09 6.0742E-09 5.8483E-09 5.5726E-09 5.2560E-09 4.9081E-09 4.5386E-09 4.1566E-09 3.7705E-09 3.3884E-09 3.0164E-09 2.6601E-09 2.3252E-09 2.0155E-09 1.7314E-09 1.4733E-09 1.2438E-09 1.0427E-09 8.6551E-10 7.1211E-10 5.8198E-10 4.7129E-10 3.7798E-10 3.0012E-10 2.3457E-10 1.8169E-10 1.3915E-10 1.0384E-10 7.5725E-11 5.2076E-11 3.4197E-11 1.9742E-11 1.0844E-11 6.1531E-12 3.5060E-12 6.2678E-13 0.0000E+00 0.0000E+00
1.2910E-09 1.5614E-09 1.8653E-09 2.2037E-09 2.5701E-09 2.9647E-09 3.3787E-09 3.8039E-09 4.2326E-09 4.6559E-09 5.0633E-09 5.4414E-09 5.7790E-09 6.0674E-09 6.2983E-09 6.4643E-09 6.5607E-09 6.5853E-09 6.5376E-09 6.4201E-09 6.2378E-09 5.9964E-09 5.7045E-09 5.3705E-09 5.0049E-09 4.6173E-09 4.2171E-09 3.8150E-09 3.4193E-09 3.0365E-09 2.6712E-09 2.3274E-09 2.0098E-09 1.7218E-09 1.4616E-09 1.2290E-09 1.0254E-09 8.4947E-10 6.9621E-10 5.6598E-10 4.5708E-10 3.6505E-10 2.8740E-10 2.2400E-10 1.7186E-10 1.3076E-10 9.5712E-11 6.8123E-11 4.5480E-11 2.9052E-11 1.5778E-11 8.1711E-12 4.4528E-12 1.6020E-12 0.0000E+00 0.0000E+00 0.0000E+00
1.3203E-09 1.6000E-09 1.9136E-09 2.2612E-09 2.6441E-09 3.0500E-09 3.4773E-09 3.9200E-09 4.3668E-09 4.8033E-09 5.2214E-09 5.6098E-09 5.9576E-09 6.2543E-09 6.4898E-09 6.6579E-09 6.7524E-09 6.7709E-09 6.7141E-09 6.5843E-09 6.3864E-09 6.1277E-09 5.8176E-09 5.4663E-09 5.0841E-09 4.6811E-09 4.2659E-09 3.8486E-09 3.4378E-09 3.0426E-09 2.6693E-09 2.3198E-09 1.9965E-09 1.7028E-09 1.4414E-09 1.2085E-09 1.0039E-09 8.2772E-10 6.7696E-10 5.4788E-10 4.4014E-10 3.5037E-10 2.7337E-10 2.1182E-10 1.6133E-10 1.2170E-10 8.6184E-11 5.9905E-11 3.9125E-11 2.3599E-11 1.2136E-11 5.7934E-12 2.6082E-12 6.5186E-14 0.0000E+00 0.0000E+00 0.0000E+00
1.3466E-09 1.6319E-09 1.9578E-09 2.3168E-09 2.7077E-09 3.1293E-09 3.5752E-09 4.0297E-09 4.4885E-09 4.9416E-09 5.3750E-09 5.7782E-09 6.1363E-09 6.4396E-09 6.6781E-09 6.8450E-09 6.9354E-09 6.9472E-09 6.8808E-09 6.7390E-09 6.5274E-09 6.2527E-09 5.9244E-09 5.5534E-09 5.1504E-09 4.7279E-09 4.2972E-09 3.8684E-09 3.4466E-09 3.0398E-09 2.6553E-09 2.3004E-09 1.9748E-09 1.6781E-09 1.4133E-09 1.1818E-09 9.7821E-10 8.0231E-10 6.5370E-10 5.2732E-10 4.2126E-10 3.3317E-10 2.5819E-10 1.9827E-10 1.5027E-10 1.0882E-10 7.6943E-11 5.1393E-11 3.2958E-11 1.7986E-11 7.9662E-12 3.7531E-12 8.8545E-13 0.0000E+00 0.0000E+00 0.0000E+00 0.0000E+00
1.3658E-09 1.6630E-09 1.9942E-09 2.3652E-09 2.7724E-09 3.2055E-09 3.6622E-09 4.1357E-09 4.6108E-09 5.0797E-09 5.5260E-09 5.9383E-09 6.3048E-09 6.6143E-09 6.8561E-09 7.0235E-09 7.1102E-09 7.1139E-09 7.0359E-09 6.8790E-09 6.6506E-09 6.3595E-09 6.0151E-09 5.6280E-09 5.2087E-09 4.7689E-09 4.3200E-09 3.8742E-09 3.4415E-09 3.0278E-09 2.6358E-09 2.2722E-09 1.9429E-09 1.6467E-09 1.3812E-09 1.1487E-09 9.4834E-10 7.7454E-10 6.2715E-10 5.0450E-10 4.0114E-10 3.1401E-10 2.4229E-10 1.8462E-10 1.3725E-10 9.7235E-11 6.6991E-11 4.3101E-11 2.6617E-11 1.3426E-11 4.8104E-12 1.8079E-12 0.0000E+00 0.0000E+00 0.0000E+00 0.0000E+00 0.0000E+00
1.3849E-09 1.6848E-09 2.0275E-09 2.4111E-09 2.8277E-09 3.2780E-09 3.7495E-09 4.2388E-09 4.7287E-09 5.2121E-09 5.6727E-09 6.0995E-09 6.4769E-09 6.7953E-09 7.0418E-09 7.2089E-09 7.2917E-09 7.2881E-09 7.1986E-09 7.0271E-09 6.7808E-09 6.4683E-09 6.1008E-09 5.6912E-09 5.2526E-09 4.7971E-09 4.3346E-09 3.8752E-09 3.4278E-09 3.0038E-09 2.6070E-09 2.2397E-09 1.9048E-09 1.6073E-09 1.3441E-09 1.1123E-09 9.1355E-10 7.4395E-10 5.9955E-10 4.7937E-10 3.7966E-10 2.9435E-10 2.2567E-10 1.6991E-10 1.2287E-10 8.5448E-11 5.7730E-11 3.5660E-11 2.0936E-11 8.9779E-12 2.3382E-12 0.0000E+00 0.0000E+00 0.0000E+00 0.0000E+00 0.0000E+00 0.0000E+00
1.3954E-09 1.7049E-09 2.0580E-09 2.4505E-09 2.8827E-09 3.3454E-09 3.8348E-09 4.3393E-09 4.8467E-09 5.3460E-09 5.8226E-09 6.2623E-09 6.6493E-09 6.9725E-09 7.2210E-09 7.3866E-09 7.4634E-09 7.4503E-09 7.3493E-09 7.1639E-09 6.9017E-09 6.5724E-09 6.1866E-09 5.7569E-09 5.2966E-09 4.8193E-09 4.3403E-09 3.8679E-09 3.4097E-09 2.9751E-09 2.5706E-09 2.2006E-09 1.8641E-09 1.5637E-09 1.3017E-09 1.0733E-09 8.7582E-10 7.1049E-10 5.7029E-10 4.5291E-10 3.5686E-10 2.7401E-10 2.0858E-10 1.5276E-10 1.0872E-10 7.3693E-11 4.9257E-11 2.8600E-11 1.5633E-11 4.8500E-12 5.3123E-13 0.0000E+00 0.0000E+00 0.0000E+00 0.0000E+00 0.0000E+00 0.0000E+00
1.4051E-09 1.7242E-09 2.0847E-09 2.4884E-09 2.9345E-09 3.4144E-09 3.9170E-09 4.4391E-09 4.9662E-09 5.4850E-09 5.9775E-09 6.4317E-09 6.8318E-09 7.1652E-09 7.4193E-09 7.5862E-09 7.6592E-09 7.6366E-09 7.5201E-09 7.3152E-09 7.0301E-09 6.6760E-09 6.2670E-09 5.8163E-09 5.3367E-09 4.8418E-09 4.3436E-09 3.8557E-09 3.3868E-09 2.9431E-09 2.5307E-09 2.1554E-09 1.8192E-09 1.5184E-09 1.2562E-09 1.0312E-09 8.3769E-10 6.7452E-10 5.3979E-10 4.2650E-10 3.3205E-10 2.5374E-10 1.8869E-10 1.3577E-10 9.4797E-11 6.3316E-11 4.0388E-11 2.2417E-11 9.8919E-12 1.4956E-12 0.0000E+00 0.0000E+00 0.0000E+00 0.0000E+00 0.0000E+00 0.0000E+00 0.0000E+00
1.4150E-09 1.7413E-09 2.1087E-09 2.5287E-09 2.9838E-09 3.4800E-09 4.0027E-09 4.5470E-09 5.0930E-09 5.6289E-09 6.1410E-09 6.6117E-09 7.0259E-09 7.3683E-09 7.6265E-09 7.7921E-09 7.8596E-09 7.8277E-09 7.6984E-09 7.4774E-09 7.1727E-09 6.7964E-09 6.3620E-09 5.8845E-09 5.3807E-09 4.8644E-09 4.3474E-09 3.8428E-09 3.3603E-09 2.9092E-09 2.4904E-09 2.1092E-09 1.7703E-09 1.4719E-09 1.2098E-09 9.8715E-10 7.9783E-10 6.3832E-10 5.0768E-10 3.9984E-10 3.0716E-10 2.3243E-10 1.6876E-10 1.1938E-10 8.2111E-11 5.3685E-11 3.2603E-11 1.7077E-11 5.1891E-12 0.0000E+00 0.0000E+00 0.0000E+00 0.0000E+00 0.0000E+00 0.0000E+00 0.0000E+00 0.0000E+00
1.4222E-09 1.7509E-09 2.1365E-09 2.5604E-09 3.0371E-09 3.5520E-09 4.0950E-09 4.6546E-09 5.2257E-09 5.7852E-09 6.3215E-09 6.8117E-09 7.2420E-09 7.5967E-09 7.8620E-09 8.0291E-09 8.0914E-09 8.0473E-09 7.8996E-09 7.6551E-09 7.3259E-09 6.9245E-09 6.4652E-09 5.9635E-09 5.4346E-09 4.8944E-09 4.3584E-09 3.8358E-09 3.3373E-09 2.8730E-09 2.4496E-09 2.0644E-09 1.7220E-09 1.4232E-09 1.1647E-09 9.4243E-10 7.5767E-10 6.0241E-10 4.7524E-10 3.7290E-10 2.8215E-10 2.0859E-10 1.4924E-10 1.0514E-10 6.9879E-11 4.4689E-11 2.5489E-11 1.1425E-11 1.9901E-12 0.0000E+00 0.0000E+00 0.0000E+00 0.0000E+00 0.0000E+00 0.0000E+00 0.0000E+00 0.0000E+00
1.4228E-09 1.7675E-09 2.1544E-09 2.6017E-09 3.0927E-09 3.6234E-09 4.1925E-09 4.7791E-09 5.3786E-09 5.9650E-09 6.5243E-09 7.0381E-09 7.4873E-09 7.8555E-09 8.1285E-09 8.2969E-09 8.3548E-09 8.3003E-09 8.1365E-09 7.8705E-09 7.5136E-09 7.0802E-09 6.5884E-09 6.0554E-09 5.4979E-09 4.9322E-09 4.3724E-09 3.8335E-09 3.3217E-09 2.8444E-09 2.4095E-09 2.0205E-09 1.6756E-09 1.3762E-09 1.1189E-09 9.0064E-10 7.1800E-10 5.6688E-10 4.4384E-10 3.4392E-10 2.5389E-10 1.8534E-10 1.3205E-10 8.9490E-11 5.9616E-11 3.5743E-11 1.8929E-11 6.2481E-12 5.6120E-13 0.0000E+00 0.0000E+00 0.0000E+00 0.0000E+00 0.0000E+00 0.0000E+00 0.0000E+00 0.0000E+00
1.4294E-09 1.7737E-09 2.1825E-09 2.6440E-09 3.1527E-09 3.7088E-09 4.3034E-09 4.9201E-09 5.5461E-09 6.1627E-09 6.7521E-09 7.2917E-09 7.7641E-09 8.1510E-09 8.4357E-09 8.6081E-09 8.6613E-09 8.5938E-09 8.4095E-09 8.1188E-09 7.7346E-09 7.2711E-09 6.7460E-09 6.1777E-09 5.5878E-09 4.9912E-09 4.4033E-09 3.8393E-09 3.3106E-09 2.8219E-09 2.3772E-09 1.9804E-09 1.6330E-09 1.3306E-09 1.0758E-09 8.5926E-10 6.7985E-10 5.3327E-10 4.1240E-10 3.1377E-10 2.2921E-10 1.6414E-10 1.1531E-10 7.7576E-11 4.9354E-11 2.8273E-11 1.2809E-11 3.9577E-12 0.0000E+00 0.0000E+00 0.0000E+00 0.0000E+00 0.0000E+00 0.0000E+00 0.0000E+00 0.0000E+00 0.0000E+00
1.4260E-09 1.7904E-09 2.2145E-09 2.6866E-09 3.2231E-09 3.8035E-09 4.4278E-09 5.0785E-09 5.7416E-09 6.3971E-09 7.0220E-09 7.5986E-09 8.0996E-09 8.5076E-09 8.8062E-09 8.9832E-09 9.0324E-09 8.9520E-09 8.7460E-09 8.4248E-09 8.0031E-09 7.4989E-09 6.9340E-09 6.3271E-09 5.6986E-09 5.0695E-09 4.4533E-09 3.8634E-09 3.3113E-09 2.8062E-09 2.3515E-09 1.9480E-09 1.5941E-09 1.2914E-09 1.0339E-09 8.2082E-10 6.4415E-10 4.9939E-10 3.8091E-10 2.8289E-10 2.0541E-10 1.4543E-10 1.0000E-10 6.6197E-11 3.9745E-11 2.1223E-11 9.3815E-12 2.2259E-12 0.0000E+00 0.0000E+00 0.0000E+00 0.0000E+00 0.0000E+00 0.0000E+00 0.0000E+00 0.0000E+00 0.0000E+00
1.4332E-09 1.8132E-09 2.2392E-09 2.7408E-09 3.3007E-09 3.9142E-09 4.5755E-09 5.2671E-09 5.9708E-09 6.6720E-09 7.3389E-09 7.9516E-09 8.4868E-09 8.9229E-09 9.2410E-09 9.4262E-09 9.4722E-09 9.3778E-09 9.1499E-09 8.7988E-09 8.3400E-09 7.7934E-09 7.1808E-09 6.5259E-09 5.8519E-09 5.1793E-09 4.5259E-09 3.9079E-09 3.3313E-09 2.8045E-09 2.3348E-09 1.9201E-09 1.5631E-09 1.2557E-09 9.9766E-10 7.8503E-10 6.0956E-10 4.6598E-10 3.4931E-10 2.5466E-10 1.8411E-10 1.2769E-10 8.7194E-11 5.4326E-11 3.2364E-11 1.6281E-11 6.6920E-12 1.0051E-12 0.0000E+00 0.0000E+00 0.0000E+00 0.0000E+00 0.0000E+00 0.0000E+00 0.0000E+00 0.0000E+00 0.0000E+00
1.4428E-09 1.8221E-09 2.2778E-09 2.8020E-09 3.3911E-09 4.0451E-09 4.7452E-09 5.4850E-09 6.2397E-09 6.9927E-09 7.7145E-09 8.3804E-09 8.9611E-09 9.4311E-09 9.7711E-09 9.9662E-09 1.0008E-08 9.8970E-09 9.6389E-09 9.2469E-09 8.7398E-09 8.1417E-09 7.4772E-09 6.7715E-09 6.0464E-09 5.3259E-09 4.6284E-09 3.9716E-09 3.3674E-09 2.8187E-09 2.3295E-09 1.9036E-09 1.5354E-09 1.2261E-09 9.6530E-10 7.5035E-10 5.7612E-10 4.3471E-10 3.1882E-10 2.2825E-10 1.6287E-10 1.1170E-10 7.3186E-11 4.5962E-11 2.5907E-11 1.2757E-11 4.4277E-12 1.0631E-13 0.0000E+00 0.0000E+00 0.0000E+00 0.0000E+00 0.0000E+00 0.0000E+00 0.0000E+00 0.0000E+00 0.0000E+00
1.4451E-09 1.8470E-09 2.3273E-09 2.8707E-09 3.5003E-09 4.1914E-09 4.9457E-09 5.7431E-09 6.5615E-09 7.3794E-09 8.1631E-09 8.8854E-09 9.5161E-09 1.0028E-08 1.0397E-08 1.0608E-08 1.0650E-08 1.0523E-08 1.0234E-08 9.8001E-09 9.2402E-09 8.5805E-09 7.8497E-09 7.0785E-09 6.2926E-09 5.5175E-09 4.7707E-09 4.0695E-09 3.4265E-09 2.8486E-09 2.3390E-09 1.8960E-09 1.5177E-09 1.1997E-09 9.3594E-10 7.1910E-10 5.4449E-10 4.0387E-10 2.9158E-10 2.0541E-10 1.4220E-10 9.6462E-11 6.1787E-11 3.7941E-11 2.0748E-11 9.5996E-12 2.4097E-12 0.0000E+00 0.0000E+00 0.0000E+00 0.0000E+00 0.0000E+00 0.0000E+00 0.0000E+00 0.0000E+00 0.0000E+00 0.0000E+00
