Assets/Resources/2015_m01_d08_2300(utc+0800)_l00_csi_1hr_conc.grd
DSAA
         159         159
     -79.000      79.000
     -79.000      79.000
  0.2835E-09  0.3523E-04
[rows 125 to 149 of 159, columns 57 to 113 of 159]
3.9905E-09 4.1525E-09 4.3192E-09 4.4953E-09 4.6755E-09 4.8648E-09 5.0473E-09 5.2288E-09 5.4079E-09 5.5842E-09 5.7582E-09 5.9291E-09 6.0950E-09 6.2551E-09 6.4094E-09 6.5605E-09 6.7104E-09 6.8365E-09 6.9631E-09 7.0768E-09 7.1781E-09 7.2673E-09 7.3451E-09 7.4115E-09 7.4661E-09 7.5102E-09 7.5322E-09 7.5555E-09 7.5569E-09 7.5615E-09 7.5574E-09 7.5453E-09 7.5256E-09 7.4918E-09 7.4581E-09 7.4174E-09 7.3594E-09 7.3073E-09 7.2498E-09 7.1809E-09 7.1145E-09 7.0439E-09 6.9704E-09 6.8873E-09 6.8086E-09 6.7211E-09 6.6387E-09 6.5545E-09 6.4634E-09 6.3715E-09 6.2851E-09 6.1980E-09 6.1044E-09 6.0104E-09 5.9167E-09 5.8290E-09 5.7412E-09
3.8205E-09 3.9728E-09 4.1314E-09 4.3034E-09 4.4753E-09 4.6490E-09 4.8232E-09 4.9960E-09 5.1679E-09 5.3373E-09 5.5054E-09 5.6714E-09 5.8327E-09 5.9886E-09 6.1403E-09 6.2903E-09 6.4378E-09 6.5750E-09 6.7007E-09 6.8140E-09 6.9157E-09 6.9936E-09 7.0729E-09 7.1410E-09 7.1980E-09 7.2328E-09 7.2700E-09 7.2965E-09 7.3137E-09 7.3220E-09 7.3149E-09 7.3073E-09 7.2922E-09 7.2587E-09 7.2299E-09 7.1945E-09 7.1529E-09 7.0993E-09 7.0473E-09 6.9903E-09 6.9291E-09 6.8574E-09 6.7894E-09 6.7117E-09 6.6382E-09 6.5620E-09 6.4781E-09 6.3927E-09 6.3125E-09 6.2313E-09 6.1492E-09 6.0603E-09 5.9649E-09 5.8811E-09 5.7969E-09 5.7126E-09 5.6224E-09
3.6572E-09 3.8003E-09 3.9514E-09 4.1103E-09 4.2732E-09 4.4428E-09 4.6091E-09 4.7736E-09 4.9382E-09 5.1013E-09 5.2643E-09 5.4246E-09 5.5813E-09 5.7331E-09 5.8824E-09 6.0304E-09 6.1755E-09 6.3105E-09 6.4347E-09 6.5351E-09 6.6371E-09 6.7279E-09 6.8083E-09 6.8779E-09 6.9369E-09 6.9861E-09 7.0185E-09 7.0482E-09 7.0687E-09 7.0808E-09 7.0733E-09 7.0699E-09 7.0593E-09 7.0417E-09 7.0107E-09 6.9802E-09 6.9437E-09 6.9017E-09 6.8546E-09 6.7963E-09 6.7404E-09 6.6742E-09 6.6113E-09 6.5451E-09 6.4700E-09 6.3989E-09 6.3197E-09 6.2454E-09 6.1695E-09 6.0925E-09 6.0087E-09 5.9181E-09 5.8386E-09 5.7584E-09 5.6778E-09 5.5800E-09 5.4995E-09
3.5016E-09 3.6392E-09 3.7831E-09 3.9341E-09 4.0895E-09 4.2453E-09 4.4038E-09 4.5610E-09 4.7179E-09 4.8755E-09 5.0326E-09 5.1878E-09 5.3395E-09 5.4871E-09 5.6337E-09 5.7798E-09 5.9221E-09 6.0547E-09 6.1771E-09 6.2890E-09 6.3906E-09 6.4819E-09 6.5558E-09 6.6265E-09 6.6873E-09 6.7386E-09 6.7690E-09 6.8016E-09 6.8255E-09 6.8410E-09 6.8487E-09 6.8422E-09 6.8358E-09 6.8225E-09 6.8028E-09 6.7767E-09 6.7449E-09 6.7011E-09 6.6527E-09 6.6060E-09 6.5551E-09 6.5003E-09 6.4421E-09 6.3747E-09 6.3043E-09 6.2381E-09 6.1697E-09 6.0997E-09 6.0223E-09 5.9377E-09 5.8641E-09 5.7892E-09 5.7134E-09 5.6367E-09 5.5429E-09 5.4658E-09 5.3886E-09
3.3520E-09 3.4799E-09 3.6167E-09 3.7590E-09 3.9059E-09 4.0539E-09 4.2091E-09 4.3596E-09 4.5100E-09 4.6616E-09 4.8134E-09 4.9635E-09 5.1107E-09 5.2546E-09 5.3978E-09 5.5425E-09 5.6817E-09 5.8118E-09 5.9324E-09 6.0435E-09 6.1331E-09 6.2246E-09 6.3063E-09 6.3780E-09 6.4403E-09 6.4934E-09 6.5374E-09 6.5725E-09 6.5925E-09 6.6112E-09 6.6224E-09 6.6264E-09 6.6238E-09 6.6145E-09 6.5924E-09 6.5709E-09 6.5373E-09 6.5048E-09 6.4674E-09 6.4255E-09 6.3792E-09 6.3232E-09 6.2634E-09 6.2071E-09 6.1474E-09 6.0857E-09 6.0157E-09 5.9501E-09 5.8711E-09 5.8026E-09 5.7327E-09 5.6616E-09 5.5893E-09 5.4995E-09 5.4264E-09 5.3525E-09 5.2783E-09
3.2095E-09 3.3308E-09 3.4632E-09 3.5987E-09 3.7378E-09 3.8791E-09 4.0215E-09 4.1652E-09 4.3092E-09 4.4548E-09 4.6013E-09 4.7461E-09 4.8883E-09 5.0285E-09 5.1689E-09 5.3107E-09 5.4466E-09 5.5738E-09 5.6923E-09 5.8019E-09 5.9022E-09 5.9935E-09 6.0754E-09 6.1410E-09 6.2045E-09 6.2592E-09 6.3052E-09 6.3426E-09 6.3720E-09 6.3937E-09 6.4080E-09 6.4088E-09 6.4099E-09 6.3983E-09 6.3870E-09 6.3697E-09 6.3468E-09 6.3186E-09 6.2795E-09 6.2422E-09 6.1944E-09 6.1493E-09 6.1002E-09 6.0482E-09 5.9871E-09 5.9297E-09 5.8582E-09 5.7968E-09 5.7337E-09 5.6691E-09 5.6029E-09 5.5183E-09 5.4501E-09 5.3808E-09 5.3108E-09 5.2401E-09 5.1542E-09
3.0748E-09 3.1906E-09 3.3143E-09 3.4429E-09 3.5742E-09 3.7088E-09 3.8437E-09 3.9811E-09 4.1192E-09 4.2597E-09 4.4006E-09 4.5405E-09 4.6780E-09 4.8148E-09 4.9523E-09 5.0910E-09 5.2235E-09 5.3480E-09 5.4643E-09 5.5724E-09 5.6719E-09 5.7627E-09 5.8446E-09 5.9176E-09 5.9820E-09 6.0380E-09 6.0857E-09 6.1252E-09 6.1505E-09 6.1749E-09 6.1860E-09 6.1968E-09 6.2014E-09 6.2000E-09 6.1924E-09 6.1791E-09 6.1541E-09 6.1302E-09 6.0954E-09 6.0627E-09 6.0255E-09 5.9847E-09 5.9341E-09 5.8863E-09 5.8295E-09 5.7704E-09 5.7150E-09 5.6575E-09 5.5982E-09 5.5316E-09 5.4578E-09 5.3942E-09 5.3292E-09 5.2632E-09 5.1922E-09 5.1142E-09 5.0462E-09
2.9451E-09 3.0549E-09 3.1739E-09 3.2962E-09 3.4204E-09 3.5488E-09 3.6776E-09 3.8085E-09 3.9418E-09 4.0772E-09 4.2131E-09 4.3480E-09 4.4812E-09 4.6149E-09 4.7495E-09 4.8853E-09 5.0145E-09 5.1364E-09 5.2506E-09 5.3571E-09 5.4555E-09 5.5457E-09 5.6274E-09 5.7007E-09 5.7592E-09 5.8101E-09 5.8594E-09 5.9010E-09 5.9352E-09 5.9623E-09 5.9825E-09 5.9963E-09 6.0041E-09 6.0000E-09 5.9962E-09 5.9866E-09 5.9656E-09 5.9459E-09 5.9214E-09 5.8928E-09 5.8541E-09 5.8173E-09 5.7710E-09 5.7213E-09 5.6748E-09 5.6255E-09 5.5739E-09 5.5201E-09 5.4476E-09 5.3905E-09 5.3317E-09 5.2714E-09 5.2096E-09 5.1320E-09 5.0686E-09 5.0043E-09 4.9391E-09
2.8210E-09 2.9255E-09 3.0358E-09 3.1515E-09 3.2692E-09 3.3903E-09 3.5128E-09 3.6372E-09 3.7688E-09 3.8987E-09 4.0294E-09 4.1636E-09 4.2926E-09 4.4225E-09 4.5552E-09 4.6872E-09 4.8014E-09 4.9201E-09 5.0317E-09 5.1363E-09 5.2334E-09 5.3229E-09 5.4043E-09 5.4778E-09 5.5436E-09 5.6018E-09 5.6525E-09 5.6958E-09 5.7319E-09 5.7613E-09 5.7779E-09 5.7947E-09 5.8056E-09 5.8049E-09 5.8046E-09 5.7987E-09 5.7876E-09 5.7717E-09 5.7453E-09 5.7208E-09 5.6861E-09 5.6474E-09 5.6111E-09 5.5712E-09 5.5285E-09 5.4829E-09 5.4238E-09 5.3682E-09 5.3165E-09 5.2628E-09 5.2072E-09 5.1406E-09 5.0769E-09 5.0175E-09 4.9570E-09 4.8955E-09 4.8202E-09
2.7027E-09 2.8040E-09 2.9087E-09 3.0179E-09 3.1299E-09 3.2446E-09 3.3616E-09 3.4807E-09 3.6030E-09 3.7279E-09 3.8532E-09 3.9782E-09 4.1027E-09 4.2285E-09 4.3583E-09 4.4860E-09 4.6078E-09 4.7237E-09 4.8331E-09 4.9357E-09 5.0316E-09 5.1201E-09 5.2010E-09 5.2744E-09 5.3405E-09 5.3934E-09 5.4452E-09 5.4902E-09 5.5282E-09 5.5597E-09 5.5787E-09 5.5984E-09 5.6124E-09 5.6210E-09 5.6239E-09 5.6154E-09 5.6079E-09 5.5957E-09 5.5672E-09 5.5466E-09 5.5218E-09 5.4926E-09 5.4601E-09 5.4238E-09 5.3735E-09 5.3261E-09 5.2820E-09 5.2357E-09 5.1872E-09 5.1368E-09 5.0696E-09 5.0160E-09 4.9608E-09 4.9043E-09 4.8426E-09 4.7751E-09 4.7158E-09
2.5918E-09 2.6862E-09 2.7854E-09 2.8881E-09 2.9945E-09 3.1027E-09 3.2142E-09 3.3278E-09 3.4486E-09 3.5686E-09 3.6891E-09 3.8094E-09 3.9301E-09 4.0527E-09 4.1792E-09 4.3030E-09 4.4215E-09 4.5344E-09 4.6355E-09 4.7361E-09 4.8302E-09 4.9176E-09 4.9980E-09 5.0713E-09 5.1376E-09 5.1975E-09 5.2441E-09 5.2905E-09 5.3303E-09 5.3638E-09 5.3912E-09 5.4076E-09 5.4245E-09 5.4359E-09 5.4419E-09 5.4368E-09 5.4266E-09 5.4181E-09 5.4053E-09 5.3880E-09 5.3667E-09 5.3411E-09 5.3007E-09 5.2625E-09 5.2272E-09 5.1890E-09 5.1483E-09 5.1052E-09 5.0451E-09 4.9981E-09 4.9492E-09 4.8984E-09 4.8461E-09 4.7794E-09 4.7249E-09 4.6692E-09 4.6124E-09
2.4831E-09 2.5721E-09 2.6675E-09 2.7641E-09 2.8650E-09 2.9704E-09 3.0765E-09 3.1854E-09 3.2981E-09 3.4127E-09 3.5282E-09 3.6436E-09 3.7604E-09 3.8792E-09 4.0024E-09 4.1220E-09 4.2368E-09 4.3465E-09 4.4509E-09 4.5495E-09 4.6357E-09 4.7220E-09 4.8016E-09 4.8747E-09 4.9412E-09 5.0016E-09 5.0554E-09 5.0970E-09 5.1384E-09 5.1737E-09 5.2032E-09 5.2279E-09 5.2416E-09 5.2498E-09 5.2587E-09 5.2627E-09 5.2617E-09 5.2563E-09 5.2469E-09 5.2274E-09 5.2037E-09 5.1760E-09 5.1504E-09 5.1214E-09 5.0893E-09 5.0544E-09 5.0115E-09 4.9623E-09 4.9205E-09 4.8764E-09 4.8304E-09 4.7785E-09 4.7202E-09 4.6695E-09 4.6176E-09 4.5644E-09 4.5026E-09
2.3825E-09 2.4666E-09 2.5555E-09 2.6468E-09 2.7421E-09 2.8394E-09 2.9396E-09 3.0437E-09 3.1510E-09 3.2637E-09 3.3741E-09 3.4848E-09 3.5975E-09 3.7135E-09 3.8324E-09 3.9478E-09 4.0590E-09 4.1656E-09 4.2672E-09 4.3636E-09 4.4487E-09 4.5335E-09 4.6122E-09 4.6849E-09 4.7516E-09 4.8122E-09 4.8668E-09 4.9153E-09 4.9522E-09 4.9892E-09 5.0148E-09 5.0416E-09 5.0638E-09 5.0806E-09 5.0921E-09 5.0988E-09 5.1009E-09 5.0929E-09 5.0753E-09 5.0649E-09 5.0501E-09 5.0314E-09 5.0089E-09 4.9831E-09 4.9487E-09 4.9076E-09 4.8734E-09 4.8368E-09 4.7978E-09 4.7566E-09 4.7004E-09 4.6556E-09 4.6091E-09 4.5610E-09 4.5077E-09 4.4499E-09 4.3984E-09
2.2838E-09 2.3647E-09 2.4484E-09 2.5349E-09 2.6246E-09 2.7196E-09 2.8152E-09 2.9146E-09 3.0173E-09 3.1219E-09 3.2275E-09 3.3339E-09 3.4421E-09 3.5556E-09 3.6700E-09 3.7812E-09 3.8888E-09 3.9922E-09 4.0910E-09 4.1851E-09 4.2741E-09 4.3574E-09 4.4293E-09 4.5013E-09 4.5681E-09 4.6229E-09 4.6782E-09 4.7277E-09 4.7717E-09 4.8102E-09 4.8438E-09 4.8726E-09 4.8969E-09 4.9104E-09 4.9243E-09 4.9281E-09 4.9274E-09 4.9282E-09 4.9251E-09 4.9175E-09 4.9056E-09 4.8899E-09 4.8649E-09 4.8328E-09 4.8071E-09 4.7785E-09 4.7472E-09 4.7134E-09 4.6642E-09 4.6260E-09 4.5858E-09 4.5436E-09 4.4996E-09 4.4464E-09 4.3961E-09 4.3482E-09 4.2990E-09
2.1926E-09 2.2676E-09 2.3462E-09 2.4281E-09 2.5125E-09 2.6003E-09 2.6909E-09 2.7853E-09 2.8866E-09 2.9864E-09 3.0872E-09 3.1892E-09 3.2939E-09 3.4039E-09 3.5139E-09 3.6211E-09 3.7250E-09 3.8253E-09 3.9155E-09 4.0070E-09 4.0939E-09 4.1760E-09 4.2528E-09 4.3240E-09 4.3908E-09 4.4519E-09 4.5076E-09 4.5578E-09 4.6027E-09 4.6368E-09 4.6722E-09 4.6973E-09 4.7235E-09 4.7392E-09 4.7557E-09 4.7676E-09 4.7754E-09 4.7790E-09 4.7785E-09 4.7682E-09 4.7495E-09 4.7369E-09 4.7204E-09 4.7007E-09 4.6777E-09 4.6519E-09 4.6103E-09 4.5795E-09 4.5462E-09 4.5106E-09 4.4729E-09 4.4255E-09 4.3806E-09 4.3378E-09 4.2935E-09 4.2478E-09 4.1899E-09
2.0976E-09 2.1753E-09 2.2490E-09 2.3266E-09 2.4061E-09 2.4894E-09 2.5779E-09 2.6685E-09 2.7617E-09 2.8568E-09 2.9529E-09 3.0511E-09 3.1518E-09 3.2584E-09 3.3641E-09 3.4673E-09 3.5676E-09 3.6647E-09 3.7579E-09 3.8471E-09 3.9321E-09 4.0127E-09 4.0884E-09 4.1591E-09 4.2197E-09 4.2808E-09 4.3369E-09 4.3821E-09 4.4280E-09 4.4629E-09 4.5001E-09 4.5329E-09 4.5610E-09 4.5843E-09 4.6030E-09 4.6171E-09 4.6218E-09 4.6282E-09 4.6208E-09 4.6187E-09 4.6124E-09 4.6022E-09 4.5884E-09 4.5712E-09 4.5379E-09 4.5150E-09 4.4893E-09 4.4610E-09 4.4302E-09 4.3932E-09 4.3507E-09 4.3137E-09 4.2748E-09 4.2343E-09 4.1847E-09 4.1380E-09 4.0936E-09
1.9859E-09 2.0716E-09 2.1546E-09 2.2297E-09 2.3051E-09 2.3835E-09 2.4658E-09 2.5516E-09 2.6401E-09 2.7336E-09 2.8252E-09 2.9194E-09 3.0168E-09 3.1196E-09 3.2210E-09 3.3204E-09 3.4171E-09 3.5109E-09 3.6014E-09 3.6882E-09 3.7656E-09 3.8443E-09 3.9187E-09 3.9889E-09 4.0488E-09 4.1099E-09 4.1662E-09 4.2178E-09 4.2644E-09 4.3065E-09 4.3447E-09 4.3792E-09 4.4089E-09 4.4284E-09 4.4492E-09 4.4561E-09 4.4686E-09 4.4776E-09 4.4821E-09 4.4822E-09 4.4783E-09 4.4706E-09 4.4463E-09 4.4319E-09 4.4144E-09 4.3939E-09 4.3706E-09 4.3408E-09 4.3052E-09 4.2747E-09 4.2420E-09 4.2073E-09 4.1668E-09 4.1213E-09 4.0818E-09 4.0408E-09 3.9986E-09
1.9050E-09 1.9681E-09 2.0401E-09 2.1270E-09 2.2086E-09 2.2829E-09 2.3610E-09 2.4425E-09 2.5266E-09 2.6124E-09 2.6996E-09 2.7893E-09 2.8839E-09 2.9821E-09 3.0790E-09 3.1745E-09 3.2675E-09 3.3579E-09 3.4455E-09 3.5297E-09 3.6105E-09 3.6876E-09 3.7607E-09 3.8304E-09 3.8956E-09 3.9565E-09 4.0127E-09 4.0646E-09 4.1118E-09 4.1496E-09 4.1890E-09 4.2193E-09 4.2466E-09 4.2733E-09 4.2961E-09 4.3147E-09 4.3293E-09 4.3403E-09 4.3468E-09 4.3399E-09 4.3346E-09 4.3294E-09 4.3207E-09 4.3086E-09 4.2934E-09 4.2713E-09 4.2431E-09 4.2197E-09 4.1939E-09 4.1657E-09 4.1352E-09 4.0915E-09 4.0574E-09 4.0215E-09 3.9840E-09 3.9451E-09 3.8942E-09
1.8280E-09 1.8882E-09 1.9491E-09 2.0155E-09 2.0896E-09 2.1771E-09 2.2615E-09 2.3390E-09 2.4188E-09 2.5032E-09 2.5866E-09 2.6729E-09 2.7648E-09 2.8589E-09 2.9520E-09 3.0438E-09 3.1337E-09 3.2211E-09 3.3060E-09 3.3881E-09 3.4670E-09 3.5425E-09 3.6088E-09 3.6777E-09 3.7424E-09 3.8030E-09 3.8537E-09 3.9016E-09 3.9495E-09 3.9939E-09 4.0345E-09 4.0715E-09 4.1042E-09 4.1325E-09 4.1566E-09 4.1771E-09 4.1845E-09 4.1937E-09 4.2024E-09 4.2069E-09 4.2076E-09 4.2045E-09 4.1979E-09 4.1803E-09 4.1638E-09 4.1481E-09 4.1295E-09 4.1084E-09 4.0847E-09 4.0475E-09 4.0194E-09 3.9892E-09 3.9570E-09 3.9232E-09 3.8804E-09 3.8403E-09 3.8024E-09
1.7566E-09 1.8124E-09 1.8700E-09 1.9308E-09 1.9937E-09 2.0606E-09 2.1375E-09 2.2278E-09 2.3158E-09 2.3932E-09 2.4727E-09 2.5549E-09 2.6435E-09 2.7333E-09 2.8224E-09 2.9102E-09 2.9966E-09 3.0808E-09 3.1626E-09 3.2421E-09 3.3188E-09 3.3885E-09 3.4587E-09 3.5267E-09 3.5908E-09 3.6511E-09 3.7073E-09 3.7594E-09 3.8075E-09 3.8527E-09 3.8944E-09 3.9322E-09 3.9661E-09 3.9827E-09 4.0084E-09 4.0307E-09 4.0495E-09 4.0642E-09 4.0747E-09 4.0811E-09 4.0836E-09 4.0712E-09 4.0668E-09 4.0592E-09 4.0485E-09 4.0348E-09 4.0183E-09 3.9881E-09 3.9667E-09 3.9429E-09 3.9168E-09 3.8886E-09 3.8510E-09 3.8158E-09 3.7826E-09 3.7480E-09 3.7121E-09
1.6849E-09 1.7380E-09 1.7942E-09 1.8518E-09 1.9127E-09 1.9766E-09 2.0427E-09 2.1115E-09 2.1837E-09 2.2760E-09 2.3676E-09 2.4465E-09 2.5321E-09 2.6178E-09 2.7032E-09 2.7874E-09 2.8706E-09 2.9518E-09 3.0310E-09 3.1081E-09 3.1828E-09 3.2548E-09 3.3241E-09 3.3908E-09 3.4541E-09 3.5139E-09 3.5700E-09 3.6221E-09 3.6653E-09 3.7031E-09 3.7459E-09 3.7848E-09 3.8196E-09 3.8508E-09 3.8779E-09 3.9015E-09 3.9220E-09 3.9383E-09 3.9390E-09 3.9473E-09 3.9518E-09 3.9527E-09 3.9502E-09 3.9445E-09 3.9357E-09 3.9129E-09 3.8986E-09 3.8817E-09 3.8622E-09 3.8403E-09 3.8161E-09 3.7790E-09 3.7510E-09 3.7213E-09 3.6900E-09 3.6573E-09 3.6127E-09
1.6057E-09 1.6685E-09 1.7225E-09 1.7744E-09 1.8315E-09 1.8906E-09 1.9540E-09 2.0189E-09 2.0920E-09 2.1651E-09 2.2521E-09 2.3432E-09 2.4248E-09 2.5065E-09 2.5920E-09 2.6730E-09 2.7530E-09 2.8315E-09 2.9038E-09 2.9786E-09 3.0511E-09 3.1212E-09 3.1894E-09 3.2470E-09 3.3096E-09 3.3688E-09 3.4247E-09 3.4769E-09 3.5259E-09 3.5719E-09 3.6154E-09 3.6550E-09 3.6906E-09 3.7228E-09 3.7513E-09 3.7649E-09 3.7870E-09 3.8048E-09 3.8185E-09 3.8284E-09 3.8345E-09 3.8372E-09 3.8288E-09 3.8215E-09 3.8147E-09 3.8050E-09 3.7925E-09 3.7774E-09 3.7597E-09 3.7289E-09 3.7067E-09 3.6825E-09 3.6563E-09 3.6284E-09 3.5882E-09 3.5576E-09 3.5257E-09
1.5364E-09 1.5989E-09 1.6523E-09 1.7035E-09 1.7573E-09 1.8143E-09 1.8760E-09 1.9398E-09 2.0053E-09 2.0721E-09 2.1484E-09 2.2429E-09 2.3205E-09 2.3984E-09 2.4764E-09 2.5539E-09 2.6303E-09 2.7057E-09 2.7797E-09 2.8521E-09 2.9225E-09 2.9906E-09 3.0576E-09 3.1220E-09 3.1837E-09 3.2422E-09 3.2975E-09 3.3496E-09 3.3989E-09 3.4454E-09 3.4892E-09 3.5181E-09 3.5546E-09 3.5878E-09 3.6176E-09 3.6441E-09 3.6672E-09 3.6862E-09 3.7013E-09 3.7126E-09 3.7092E-09 3.7136E-09 3.7147E-09 3.7126E-09 3.7074E-09 3.6994E-09 3.6812E-09 3.6645E-09 3.6488E-09 3.6307E-09 3.6103E-09 3.5878E-09 3.5526E-09 3.5267E-09 3.4992E-09 3.4704E-09 3.4403E-09
1.4654E-09 1.5303E-09 1.5827E-09 1.6309E-09 1.6837E-09 1.7373E-09 1.7957E-09 1.8568E-09 1.9231E-09 1.9891E-09 2.0537E-09 2.1420E-09 2.2257E-09 2.3002E-09 2.3749E-09 2.4494E-09 2.5229E-09 2.5956E-09 2.6672E-09 2.7375E-09 2.8061E-09 2.8725E-09 2.9383E-09 3.0016E-09 3.0624E-09 3.1089E-09 3.1637E-09 3.2155E-09 3.2652E-09 3.3122E-09 3.3563E-09 3.3972E-09 3.4345E-09 3.4682E-09 3.4991E-09 3.5267E-09 3.5433E-09 3.5599E-09 3.5764E-09 3.5892E-09 3.5984E-09 3.6043E-09 3.6068E-09 3.6062E-09 3.5917E-09 3.5855E-09 3.5766E-09 3.5651E-09 3.5510E-09 3.5345E-09 3.5050E-09 3.4844E-09 3.4618E-09 3.4376E-09 3.4118E-09 3.3847E-09 3.3459E-09
1.4078E-09 1.4612E-09 1.5130E-09 1.5667E-09 1.6148E-09 1.6697E-09 1.7269E-09 1.7835E-09 1.8417E-09 1.9012E-09 1.9651E-09 2.0447E-09 2.1282E-09 2.1991E-09 2.2701E-09 2.3412E-09 2.4116E-09 2.4812E-09 2.5502E-09 2.6180E-09 2.6844E-09 2.7493E-09 2.8132E-09 2.8751E-09 2.9348E-09 2.9921E-09 3.0464E-09 3.0978E-09 3.1475E-09 3.1949E-09 3.2392E-09 3.2802E-09 3.3107E-09 3.3415E-09 3.3732E-09 3.4021E-09 3.4273E-09 3.4485E-09 3.4661E-09 3.4801E-09 3.4906E-09 3.4867E-09 3.4908E-09 3.4919E-09 3.4900E-09 3.4853E-09 3.4779E-09 3.4679E-09 3.4446E-09 3.4298E-09 3.4129E-09 3.3938E-09 3.3729E-09 3.3502E-09 3.3156E-09 3.2904E-09 3.2639E-09
