Assets/Resources/2015_m01_d19_1600(utc+0800)_l00_csi_1hr_conc.grd
DSAA
         159         159
     -79.000      79.000
     -79.000      79.000
  0.0000E+00  0.4163E-05
[rows 25 to 49 of 159, columns 0 to 56 of 159]
5.6775E-09 5.9706E-09 6.2762E-09 6.5934E-09 6.9216E-09 7.2632E-09 7.6153E-09 7.9806E-09 8.3556E-09 8.7393E-09 9.1287E-09 9.5215E-09 9.9147E-09 1.0306E-08 1.0694E-08 1.1077E-08 1.1451E-08 1.1814E-08 1.2163E-08 1.2493E-08 1.2801E-08 1.3087E-08 1.3349E-08 1.3585E-08 1.3792E-08 1.3965E-08 1.4101E-08 1.4198E-08 1.4252E-08 1.4261E-08 1.4224E-08 1.4137E-08 1.4002E-08 1.3817E-08 1.3581E-08 1.3297E-08 1.2966E-08 1.2591E-08 1.2176E-08 1.1726E-08 1.1247E-08 1.0745E-08 1.0229E-08 9.7078E-09 9.1949E-09 8.7027E-09 8.2434E-09 7.8234E-09 7.4484E-09 7.1146E-09 6.8225E-09 6.5629E-09 6.3312E-09 6.1246E-09 5.9397E-09 5.7749E-09 5.6281E-09
5.7908E-09 6.0973E-09 6.4173E-09 6.7484E-09 7.0939E-09 7.4523E-09 7.8233E-09 8.2073E-09 8.6018E-09 9.0057E-09 9.4146E-09 9.8258E-09 1.0238E-08 1.0649E-08 1.1058E-08 1.1462E-08 1.1857E-08 1.2240E-08 1.2608E-08 1.2957E-08 1.3283E-08 1.3584E-08 1.3859E-08 1.4105E-08 1.4322E-08 1.4503E-08 1.4646E-08 1.4746E-08 1.4802E-08 1.4809E-08 1.4767E-08 1.4674E-08 1.4528E-08 1.4329E-08 1.4077E-08 1.3774E-08 1.3421E-08 1.3022E-08 1.2580E-08 1.2101E-08 1.1591E-08 1.1058E-08 1.0511E-08 9.9602E-09 9.4208E-09 8.9055E-09 8.4254E-09 7.9883E-09 7.5966E-09 7.2450E-09 6.9340E-09 6.6583E-09 6.4116E-09 6.1910E-09 5.9957E-09 5.8207E-09 5.6656E-09
5.8999E-09 6.2200E-09 6.5537E-09 6.9010E-09 7.2636E-09 7.6383E-09 8.0285E-09 8.4317E-09 8.8470E-09 9.2695E-09 9.6968E-09 1.0128E-08 1.0561E-08 1.0993E-08 1.1422E-08 1.1845E-08 1.2258E-08 1.2660E-08 1.3047E-08 1.3414E-08 1.3757E-08 1.4074E-08 1.4362E-08 1.4619E-08 1.4843E-08 1.5032E-08 1.5179E-08 1.5282E-08 1.5338E-08 1.5343E-08 1.5296E-08 1.5194E-08 1.5037E-08 1.4824E-08 1.4555E-08 1.4231E-08 1.3855E-08 1.3430E-08 1.2961E-08 1.2453E-08 1.1913E-08 1.1348E-08 1.0770E-08 1.0191E-08 9.6269E-09 9.0900E-09 8.5906E-09 8.1374E-09 7.7310E-09 7.3655E-09 7.0325E-09 6.7414E-09 6.4808E-09 6.2486E-09 6.0407E-09 5.8568E-09 5.6932E-09
6.0042E-09 6.3383E-09 6.6857E-09 7.0495E-09 7.4275E-09 7.8210E-09 8.2306E-09 8.6537E-09 9.0873E-09 9.5283E-09 9.9755E-09 1.0427E-08 1.0881E-08 1.1333E-08 1.1781E-08 1.2224E-08 1.2659E-08 1.3081E-08 1.3487E-08 1.3874E-08 1.4235E-08 1.4568E-08 1.4870E-08 1.5138E-08 1.5370E-08 1.5565E-08 1.5718E-08 1.5824E-08 1.5879E-08 1.5882E-08 1.5828E-08 1.5718E-08 1.5548E-08 1.5320E-08 1.5033E-08 1.4689E-08 1.4289E-08 1.3838E-08 1.3340E-08 1.2801E-08 1.2230E-08 1.1634E-08 1.1025E-08 1.0419E-08 9.8294E-09 9.2708E-09 8.7537E-09 8.2836E-09 7.8590E-09 7.4761E-09 7.1270E-09 6.8123E-09 6.5382E-09 6.2938E-09 6.0761E-09 5.8826E-09 5.7090E-09
6.1033E-09 6.4502E-09 6.8127E-09 7.1920E-09 7.5864E-09 7.9992E-09 8.4274E-09 8.8691E-09 9.3211E-09 9.7819E-09 1.0250E-08 1.0721E-08 1.1194E-08 1.1667E-08 1.2136E-08 1.2600E-08 1.3054E-08 1.3494E-08 1.3918E-08 1.4321E-08 1.4700E-08 1.5049E-08 1.5364E-08 1.5643E-08 1.5883E-08 1.6083E-08 1.6239E-08 1.6346E-08 1.6400E-08 1.6398E-08 1.6338E-08 1.6218E-08 1.6035E-08 1.5791E-08 1.5485E-08 1.5118E-08 1.4694E-08 1.4216E-08 1.3689E-08 1.3120E-08 1.2517E-08 1.1889E-08 1.1252E-08 1.0619E-08 1.0008E-08 9.4297E-09 8.8952E-09 8.4083E-09 7.9675E-09 7.5691E-09 7.2063E-09 6.8754E-09 6.5833E-09 6.3272E-09 6.0990E-09 5.8962E-09 5.7156E-09
6.1961E-09 6.5554E-09 6.9331E-09 7.3276E-09 7.7401E-09 8.1709E-09 8.6169E-09 9.0768E-09 9.5481E-09 1.0028E-08 1.0515E-08 1.1006E-08 1.1500E-08 1.1993E-08 1.2483E-08 1.2966E-08 1.3439E-08 1.3899E-08 1.4343E-08 1.4765E-08 1.5161E-08 1.5526E-08 1.5855E-08 1.6145E-08 1.6394E-08 1.6599E-08 1.6757E-08 1.6865E-08 1.6918E-08 1.6912E-08 1.6844E-08 1.6713E-08 1.6517E-08 1.6256E-08 1.5930E-08 1.5541E-08 1.5091E-08 1.4586E-08 1.4029E-08 1.3430E-08 1.2795E-08 1.2137E-08 1.1471E-08 1.0814E-08 1.0180E-08 9.5833E-09 9.0318E-09 8.5282E-09 8.0699E-09 7.6539E-09 7.2760E-09 6.9296E-09 6.6153E-09 6.3480E-09 6.1102E-09 5.8984E-09 5.7102E-09
6.2806E-09 6.6537E-09 7.0460E-09 7.4558E-09 7.8859E-09 8.3332E-09 8.7976E-09 9.2760E-09 9.7654E-09 1.0264E-08 1.0770E-08 1.1281E-08 1.1796E-08 1.2309E-08 1.2819E-08 1.3322E-08 1.3815E-08 1.4294E-08 1.4754E-08 1.5192E-08 1.5603E-08 1.5982E-08 1.6324E-08 1.6625E-08 1.6882E-08 1.7091E-08 1.7250E-08 1.7357E-08 1.7407E-08 1.7395E-08 1.7319E-08 1.7176E-08 1.6966E-08 1.6686E-08 1.6340E-08 1.5927E-08 1.5452E-08 1.4918E-08 1.4333E-08 1.3702E-08 1.3036E-08 1.2350E-08 1.1657E-08 1.0977E-08 1.0324E-08 9.7094E-09 9.1424E-09 8.6226E-09 8.1479E-09 7.7161E-09 7.3251E-09 6.9717E-09 6.6430E-09 6.3563E-09 6.1091E-09 5.8891E-09 5.6935E-09
6.3569E-09 6.7439E-09 7.1498E-09 7.5756E-09 8.0216E-09 8.4862E-09 8.9681E-09 9.4634E-09 9.9702E-09 1.0487E-08 1.1013E-08 1.1544E-08 1.2078E-08 1.2611E-08 1.3140E-08 1.3663E-08 1.4175E-08 1.4671E-08 1.5148E-08 1.5602E-08 1.6029E-08 1.6423E-08 1.6779E-08 1.7091E-08 1.7355E-08 1.7568E-08 1.7729E-08 1.7835E-08 1.7881E-08 1.7863E-08 1.7777E-08 1.7623E-08 1.7397E-08 1.7100E-08 1.6732E-08 1.6296E-08 1.5794E-08 1.5233E-08 1.4617E-08 1.3956E-08 1.3261E-08 1.2546E-08 1.1828E-08 1.1128E-08 1.0456E-08 9.8260E-09 9.2431E-09 8.7071E-09 8.2171E-09 7.7696E-09 7.3644E-09 6.9988E-09 6.6620E-09 6.3514E-09 6.0954E-09 5.8680E-09 5.6655E-09
6.4250E-09 6.8247E-09 7.2436E-09 7.6848E-09 8.1463E-09 8.6278E-09 9.1252E-09 9.6368E-09 1.0161E-08 1.0697E-08 1.1242E-08 1.1791E-08 1.2343E-08 1.2896E-08 1.3445E-08 1.3986E-08 1.4515E-08 1.5029E-08 1.5523E-08 1.5993E-08 1.6433E-08 1.6839E-08 1.7205E-08 1.7527E-08 1.7798E-08 1.8015E-08 1.8177E-08 1.8279E-08 1.8320E-08 1.8295E-08 1.8200E-08 1.8033E-08 1.7790E-08 1.7474E-08 1.7084E-08 1.6623E-08 1.6095E-08 1.5506E-08 1.4860E-08 1.4169E-08 1.3446E-08 1.2706E-08 1.1969E-08 1.1247E-08 1.0560E-08 9.9157E-09 9.3165E-09 8.7662E-09 8.2616E-09 7.8006E-09 7.3829E-09 7.0060E-09 6.6660E-09 6.3514E-09 6.0694E-09 5.8349E-09 5.6263E-09
6.4834E-09 6.8942E-09 7.3268E-09 7.7823E-09 8.2590E-09 8.7549E-09 9.2672E-09 9.7952E-09 1.0337E-08 1.0890E-08 1.1452E-08 1.2020E-08 1.2591E-08 1.3162E-08 1.3729E-08 1.4287E-08 1.4834E-08 1.5365E-08 1.5875E-08 1.6358E-08 1.6811E-08 1.7228E-08 1.7606E-08 1.7937E-08 1.8215E-08 1.8436E-08 1.8599E-08 1.8698E-08 1.8734E-08 1.8700E-08 1.8594E-08 1.8412E-08 1.8154E-08 1.7818E-08 1.7407E-08 1.6922E-08 1.6368E-08 1.5750E-08 1.5076E-08 1.4358E-08 1.3608E-08 1.2845E-08 1.2086E-08 1.1348E-08 1.0648E-08 9.9895E-09 9.3786E-09 8.8149E-09 8.2960E-09 7.8209E-09 7.3916E-09 7.0034E-09 6.6548E-09 6.3333E-09 6.0325E-09 5.7897E-09 5.5758E-09
6.5304E-09 6.9519E-09 7.3979E-09 7.8664E-09 8.3566E-09 8.8658E-09 9.3930E-09 9.9367E-09 1.0494E-08 1.1063E-08 1.1642E-08 1.2228E-08 1.2817E-08 1.3404E-08 1.3988E-08 1.4564E-08 1.5128E-08 1.5674E-08 1.6197E-08 1.6694E-08 1.7160E-08 1.7588E-08 1.7974E-08 1.8311E-08 1.8595E-08 1.8820E-08 1.8982E-08 1.9078E-08 1.9106E-08 1.9064E-08 1.8946E-08 1.8751E-08 1.8475E-08 1.8120E-08 1.7686E-08 1.7177E-08 1.6596E-08 1.5950E-08 1.5249E-08 1.4504E-08 1.3730E-08 1.2948E-08 1.2172E-08 1.1423E-08 1.0709E-08 1.0040E-08 9.4165E-09 8.8376E-09 8.3070E-09 7.8230E-09 7.3824E-09 6.9827E-09 6.6249E-09 6.3048E-09 6.0019E-09 5.7329E-09 5.5141E-09
6.5649E-09 6.9977E-09 7.4551E-09 7.9354E-09 8.4374E-09 8.9596E-09 9.5007E-09 1.0058E-08 1.0630E-08 1.1215E-08 1.1810E-08 1.2412E-08 1.3016E-08 1.3620E-08 1.4221E-08 1.4813E-08 1.5391E-08 1.5951E-08 1.6489E-08 1.6999E-08 1.7475E-08 1.7913E-08 1.8307E-08 1.8651E-08 1.8940E-08 1.9167E-08 1.9331E-08 1.9425E-08 1.9447E-08 1.9394E-08 1.9263E-08 1.9053E-08 1.8760E-08 1.8384E-08 1.7928E-08 1.7395E-08 1.6788E-08 1.6118E-08 1.5390E-08 1.4621E-08 1.3829E-08 1.3027E-08 1.2238E-08 1.1477E-08 1.0754E-08 1.0076E-08 9.4416E-09 8.8538E-09 8.3132E-09 7.8176E-09 7.3634E-09 6.9563E-09 6.5850E-09 6.2571E-09 5.9604E-09 5.6752E-09 5.4412E-09
6.5866E-09 7.0297E-09 7.4967E-09 7.9875E-09 8.5005E-09 9.0346E-09 9.5874E-09 1.0158E-08 1.0744E-08 1.1343E-08 1.1952E-08 1.2568E-08 1.3188E-08 1.3808E-08 1.4424E-08 1.5029E-08 1.5621E-08 1.6195E-08 1.6746E-08 1.7267E-08 1.7753E-08 1.8200E-08 1.8599E-08 1.8948E-08 1.9241E-08 1.9473E-08 1.9636E-08 1.9725E-08 1.9740E-08 1.9675E-08 1.9532E-08 1.9307E-08 1.8997E-08 1.8602E-08 1.8124E-08 1.7568E-08 1.6938E-08 1.6241E-08 1.5490E-08 1.4702E-08 1.3890E-08 1.3076E-08 1.2278E-08 1.1509E-08 1.0778E-08 1.0091E-08 9.4478E-09 8.8508E-09 8.2978E-09 7.7931E-09 7.3338E-09 6.9175E-09 6.5384E-09 6.1979E-09 5.8968E-09 5.6114E-09 5.3580E-09
6.5952E-09 7.0462E-09 7.5217E-09 8.0215E-09 8.5444E-09 9.0882E-09 9.6518E-09 1.0234E-08 1.0833E-08 1.1444E-08 1.2066E-08 1.2696E-08 1.3330E-08 1.3963E-08 1.4591E-08 1.5210E-08 1.5816E-08 1.6402E-08 1.6964E-08 1.7495E-08 1.7989E-08 1.8442E-08 1.8849E-08 1.9204E-08 1.9500E-08 1.9733E-08 1.9892E-08 1.9978E-08 1.9985E-08 1.9913E-08 1.9756E-08 1.9515E-08 1.9187E-08 1.8772E-08 1.8272E-08 1.7693E-08 1.7040E-08 1.6320E-08 1.5552E-08 1.4744E-08 1.3919E-08 1.3098E-08 1.2291E-08 1.1516E-08 1.0781E-08 1.0086E-08 9.4370E-09 8.8327E-09 8.2738E-09 7.7609E-09 7.2924E-09 6.8643E-09 6.4820E-09 6.1317E-09 5.8216E-09 5.5480E-09 5.2756E-09
6.5890E-09 7.0460E-09 7.5290E-09 8.0366E-09 8.5671E-09 9.1194E-09 9.6926E-09 1.0285E-08 1.0894E-08 1.1516E-08 1.2150E-08 1.2793E-08 1.3438E-08 1.4083E-08 1.4723E-08 1.5355E-08 1.5972E-08 1.6569E-08 1.7140E-08 1.7679E-08 1.8181E-08 1.8641E-08 1.9054E-08 1.9411E-08 1.9708E-08 1.9939E-08 2.0099E-08 2.0181E-08 2.0183E-08 2.0099E-08 1.9929E-08 1.9671E-08 1.9325E-08 1.8891E-08 1.8372E-08 1.7773E-08 1.7099E-08 1.6361E-08 1.5575E-08 1.4755E-08 1.3924E-08 1.3094E-08 1.2285E-08 1.1509E-08 1.0769E-08 1.0070E-08 9.4153E-09 8.8032E-09 8.2359E-09 7.7139E-09 7.2383E-09 6.8067E-09 6.4167E-09 6.0623E-09 5.7372E-09 5.4588E-09 5.2001E-09
6.5659E-09 7.0291E-09 7.5175E-09 8.0308E-09 8.5674E-09 9.1270E-09 9.7085E-09 1.0309E-08 1.0926E-08 1.1558E-08 1.2203E-08 1.2855E-08 1.3510E-08 1.4165E-08 1.4817E-08 1.5459E-08 1.6085E-08 1.6691E-08 1.7270E-08 1.7817E-08 1.8327E-08 1.8793E-08 1.9208E-08 1.9567E-08 1.9865E-08 2.0097E-08 2.0256E-08 2.0334E-08 2.0328E-08 2.0234E-08 2.0051E-08 1.9779E-08 1.9417E-08 1.8966E-08 1.8430E-08 1.7811E-08 1.7118E-08 1.6366E-08 1.5566E-08 1.4740E-08 1.3902E-08 1.3072E-08 1.2265E-08 1.1487E-08 1.0745E-08 1.0044E-08 9.3839E-09 8.7669E-09 8.1964E-09 7.6682E-09 7.1849E-09 6.7453E-09 6.3441E-09 5.9874E-09 5.6606E-09 5.3646E-09 5.1108E-09
6.5270E-09 6.9940E-09 7.4862E-09 8.0033E-09 8.5447E-09 9.1101E-09 9.6973E-09 1.0304E-08 1.0929E-08 1.1569E-08 1.2221E-08 1.2880E-08 1.3544E-08 1.4209E-08 1.4869E-08 1.5519E-08 1.6153E-08 1.6766E-08 1.7353E-08 1.7907E-08 1.8422E-08 1.8891E-08 1.9309E-08 1.9672E-08 1.9972E-08 2.0201E-08 2.0355E-08 2.0427E-08 2.0415E-08 2.0314E-08 2.0121E-08 1.9834E-08 1.9456E-08 1.8989E-08 1.8435E-08 1.7801E-08 1.7097E-08 1.6333E-08 1.5527E-08 1.4698E-08 1.3861E-08 1.3036E-08 1.2230E-08 1.1454E-08 1.0713E-08 1.0010E-08 9.3460E-09 8.7252E-09 8.1485E-09 7.6137E-09 7.1239E-09 6.6771E-09 6.2725E-09 5.9083E-09 5.5778E-09 5.2744E-09 5.0066E-09
6.4717E-09 6.9405E-09 7.4342E-09 7.9535E-09 8.4982E-09 9.0673E-09 9.6581E-09 1.0269E-08 1.0900E-08 1.1545E-08 1.2202E-08 1.2868E-08 1.3539E-08 1.4211E-08 1.4878E-08 1.5533E-08 1.6174E-08 1.6794E-08 1.7387E-08 1.7945E-08 1.8463E-08 1.8936E-08 1.9358E-08 1.9723E-08 2.0021E-08 2.0246E-08 2.0397E-08 2.0466E-08 2.0450E-08 2.0340E-08 2.0135E-08 1.9835E-08 1.9444E-08 1.8964E-08 1.8397E-08 1.7753E-08 1.7038E-08 1.6268E-08 1.5462E-08 1.4634E-08 1.3803E-08 1.2984E-08 1.2185E-08 1.1413E-08 1.0673E-08 9.9692E-09 9.3038E-09 8.6806E-09 8.0974E-09 7.5585E-09 7.0628E-09 6.6086E-09 6.1970E-09 5.8231E-09 5.4903E-09 5.1852E-09 4.9102E-09
6.3989E-09 6.8672E-09 7.3611E-09 7.8813E-09 8.4274E-09 8.9973E-09 9.5899E-09 1.0205E-08 1.0838E-08 1.1486E-08 1.2147E-08 1.2818E-08 1.3494E-08 1.4170E-08 1.4841E-08 1.5501E-08 1.6147E-08 1.6772E-08 1.7367E-08 1.7928E-08 1.8450E-08 1.8929E-08 1.9352E-08 1.9716E-08 2.0010E-08 2.0237E-08 2.0385E-08 2.0451E-08 2.0425E-08 2.0305E-08 2.0091E-08 1.9782E-08 1.9382E-08 1.8889E-08 1.8314E-08 1.7659E-08 1.6940E-08 1.6172E-08 1.5369E-08 1.4549E-08 1.3729E-08 1.2918E-08 1.2126E-08 1.1360E-08 1.0624E-08 9.9204E-09 9.2548E-09 8.6267E-09 8.0397E-09 7.4972E-09 6.9938E-09 6.5332E-09 6.1148E-09 5.7365E-09 5.3970E-09 5.0915E-09 4.8081E-09
6.3087E-09 6.7747E-09 7.2668E-09 7.7859E-09 8.3311E-09 8.9001E-09 9.4932E-09 1.0108E-08 1.0742E-08 1.1391E-08 1.2054E-08 1.2728E-08 1.3406E-08 1.4084E-08 1.4757E-08 1.5422E-08 1.6071E-08 1.6696E-08 1.7294E-08 1.7859E-08 1.8386E-08 1.8864E-08 1.9288E-08 1.9649E-08 1.9947E-08 2.0172E-08 2.0317E-08 2.0374E-08 2.0341E-08 2.0216E-08 1.9996E-08 1.9682E-08 1.9273E-08 1.8773E-08 1.8191E-08 1.7536E-08 1.6821E-08 1.6058E-08 1.5265E-08 1.4460E-08 1.3653E-08 1.2856E-08 1.2075E-08 1.1317E-08 1.0585E-08 9.8825E-09 9.2171E-09 8.5863E-09 7.9975E-09 7.4465E-09 6.9369E-09 6.4699E-09 6.0418E-09 5.6540E-09 5.3066E-09 4.9964E-09 4.7114E-09
6.2003E-09 6.6618E-09 7.1515E-09 7.6676E-09 8.2092E-09 8.7758E-09 9.3672E-09 9.9798E-09 1.0611E-08 1.1260E-08 1.1924E-08 1.2597E-08 1.3274E-08 1.3952E-08 1.4628E-08 1.5293E-08 1.5942E-08 1.6568E-08 1.7168E-08 1.7737E-08 1.8264E-08 1.8742E-08 1.9165E-08 1.9530E-08 1.9826E-08 2.0047E-08 2.0187E-08 2.0240E-08 2.0205E-08 2.0075E-08 1.9851E-08 1.9530E-08 1.9116E-08 1.8614E-08 1.8032E-08 1.7382E-08 1.6674E-08 1.5925E-08 1.5151E-08 1.4362E-08 1.3572E-08 1.2789E-08 1.2019E-08 1.1268E-08 1.0541E-08 9.8439E-09 9.1756E-09 8.5431E-09 7.9505E-09 7.3935E-09 6.8795E-09 6.4034E-09 5.9686E-09 5.5745E-09 5.2190E-09 4.8978E-09 4.6155E-09
6.0747E-09 6.5307E-09 7.0153E-09 7.5258E-09 8.0621E-09 8.6249E-09 9.2116E-09 9.8196E-09 1.0448E-08 1.1094E-08 1.1755E-08 1.2424E-08 1.3099E-08 1.3777E-08 1.4451E-08 1.5114E-08 1.5762E-08 1.6389E-08 1.6992E-08 1.7559E-08 1.8084E-08 1.8563E-08 1.8987E-08 1.9352E-08 1.9645E-08 1.9864E-08 2.0002E-08 2.0054E-08 2.0015E-08 1.9881E-08 1.9655E-08 1.9334E-08 1.8922E-08 1.8422E-08 1.7848E-08 1.7208E-08 1.6516E-08 1.5787E-08 1.5032E-08 1.4265E-08 1.3495E-08 1.2727E-08 1.1972E-08 1.1232E-08 1.0511E-08 9.8178E-09 9.1511E-09 8.5206E-09 7.9202E-09 7.3578E-09 6.8360E-09 6.3513E-09 5.9080E-09 5.5019E-09 5.1343E-09 4.8077E-09 4.5134E-09
5.9316E-09 6.3810E-09 6.8585E-09 7.3617E-09 7.8912E-09 8.4473E-09 9.0268E-09 9.6284E-09 1.0251E-08 1.0892E-08 1.1547E-08 1.2211E-08 1.2883E-08 1.3557E-08 1.4227E-08 1.4886E-08 1.5533E-08 1.6160E-08 1.6761E-08 1.7325E-08 1.7851E-08 1.8329E-08 1.8756E-08 1.9116E-08 1.9409E-08 1.9627E-08 1.9763E-08 1.9815E-08 1.9774E-08 1.9642E-08 1.9416E-08 1.9099E-08 1.8692E-08 1.8204E-08 1.7643E-08 1.7021E-08 1.6350E-08 1.5646E-08 1.4918E-08 1.4178E-08 1.3430E-08 1.2682E-08 1.1940E-08 1.1208E-08 1.0496E-08 9.8026E-09 9.1359E-09 8.4991E-09 7.8920E-09 7.3256E-09 6.7932E-09 6.3002E-09 5.8478E-09 5.4337E-09 5.0590E-09 4.7229E-09 4.4170E-09
5.7727E-09 6.2135E-09 6.6819E-09 7.1756E-09 7.6969E-09 8.2436E-09 8.8140E-09 9.4076E-09 1.0023E-08 1.0656E-08 1.1302E-08 1.1960E-08 1.2626E-08 1.3293E-08 1.3956E-08 1.4612E-08 1.5255E-08 1.5880E-08 1.6475E-08 1.7040E-08 1.7565E-08 1.8043E-08 1.8465E-08 1.8826E-08 1.9119E-08 1.9337E-08 1.9475E-08 1.9524E-08 1.9485E-08 1.9358E-08 1.9141E-08 1.8831E-08 1.8436E-08 1.7964E-08 1.7422E-08 1.6826E-08 1.6187E-08 1.5516E-08 1.4820E-08 1.4107E-08 1.3383E-08 1.2656E-08 1.1928E-08 1.1209E-08 1.0505E-08 9.8172E-09 9.1555E-09 8.5150E-09 7.9037E-09 7.3247E-09 6.7799E-09 6.2783E-09 5.8126E-09 5.3858E-09 4.9982E-09 4.6483E-09 4.3389E-09
5.5983E-09 6.0290E-09 6.4854E-09 6.9693E-09 7.4802E-09 8.0154E-09 8.5749E-09 9.1582E-09 9.7631E-09 1.0385E-08 1.1021E-08 1.1671E-08 1.2328E-08 1.2986E-08 1.3642E-08 1.4293E-08 1.4932E-08 1.5549E-08 1.6142E-08 1.6704E-08 1.7228E-08 1.7703E-08 1.8124E-08 1.8485E-08 1.8778E-08 1.8997E-08 1.9135E-08 1.9189E-08 1.9159E-08 1.9040E-08 1.8831E-08 1.8535E-08 1.8158E-08 1.7708E-08 1.7198E-08 1.6636E-08 1.6033E-08 1.5396E-08 1.4734E-08 1.4051E-08 1.3355E-08 1.2651E-08 1.1944E-08 1.1242E-08 1.0544E-08 9.8623E-09 9.1975E-09 8.5533E-09 7.9375E-09 7.3477E-09 6.7900E-09 6.2668E-09 5.7845E-09 5.3468E-09 4.9471E-09 4.5871E-09 4.2535E-09
