Assets/Resources/2015_m01_d02_1300(utc+0800)_l00_csi_1hr_conc.grd
DSAA
         159         159
     -79.000      79.000
     -79.000      79.000
  0.0000E+00  0.1319E-05
[rows 25 to 49 of 159, columns 57 to 113 of 159]
3.7796E-09 4.4734E-09 5.2262E-09 6.0328E-09 6.8818E-09 7.7530E-09 8.6272E-09 9.4820E-09 1.0296E-08 1.1045E-08 1.1702E-08 1.2245E-08 1.2663E-08 1.2947E-08 1.3089E-08 1.3090E-08 1.2956E-08 1.2698E-08 1.2331E-08 1.1877E-08 1.1355E-08 1.0786E-08 1.0192E-08 9.5925E-09 9.0044E-09 8.4415E-09 7.9136E-09 7.4259E-09 6.9883E-09 6.5926E-09 6.2412E-09 5.9397E-09 5.6722E-09 5.4172E-09 5.1912E-09 5.0082E-09 4.8500E-09 4.7113E-09 4.5810E-09 4.4597E-09 4.3466E-09 4.2395E-09 4.1385E-09 4.0442E-09 3.9567E-09 3.8738E-09 3.7940E-09 3.7188E-09 3.6504E-09 3.5883E-09 3.5297E-09 3.4769E-09 3.4285E-09 3.3878E-09 3.3519E-09 3.3216E-09 3.2952E-09
3.9344E-09 4.6612E-09 5.4544E-09 6.3047E-09 7.1920E-09 8.0993E-09 9.0051E-09 9.8851E-09 1.0715E-08 1.1467E-08 1.2117E-08 1.2641E-08 1.3019E-08 1.3244E-08 1.3315E-08 1.3234E-08 1.3010E-08 1.2656E-08 1.2192E-08 1.1642E-08 1.1027E-08 1.0376E-08 9.7095E-09 9.0472E-09 8.4068E-09 7.8040E-09 7.2443E-09 6.7364E-09 6.2820E-09 5.8814E-09 5.5318E-09 5.2314E-09 4.9754E-09 4.7308E-09 4.5200E-09 4.3513E-09 4.2124E-09 4.0907E-09 3.9784E-09 3.8741E-09 3.7779E-09 3.6876E-09 3.6046E-09 3.5267E-09 3.4559E-09 3.3895E-09 3.3252E-09 3.2646E-09 3.2100E-09 3.1601E-09 3.1138E-09 3.0740E-09 3.0376E-09 3.0088E-09 2.9849E-09 2.9644E-09 2.9476E-09
4.0729E-09 4.8363E-09 5.6714E-09 6.5581E-09 7.4874E-09 8.4361E-09 9.3792E-09 1.0290E-08 1.1137E-08 1.1895E-08 1.2536E-08 1.3038E-08 1.3383E-08 1.3554E-08 1.3554E-08 1.3390E-08 1.3073E-08 1.2621E-08 1.2059E-08 1.1412E-08 1.0705E-08 9.9722E-09 9.2297E-09 8.5100E-09 7.8211E-09 7.1800E-09 6.5935E-09 6.0683E-09 5.6062E-09 5.2051E-09 4.8606E-09 4.5648E-09 4.3209E-09 4.0915E-09 3.8977E-09 3.7469E-09 3.6267E-09 3.5213E-09 3.4250E-09 3.3372E-09 3.2565E-09 3.1825E-09 3.1148E-09 3.0532E-09 2.9976E-09 2.9454E-09 2.8950E-09 2.8471E-09 2.8030E-09 2.7645E-09 2.7304E-09 2.7013E-09 2.6771E-09 2.6588E-09 2.6445E-09 2.6328E-09 2.6240E-09
4.1914E-09 4.9939E-09 5.8636E-09 6.7973E-09 7.7727E-09 8.7657E-09 9.7501E-09 1.0691E-08 1.1563E-08 1.2332E-08 1.2970E-08 1.3453E-08 1.3761E-08 1.3885E-08 1.3818E-08 1.3570E-08 1.3159E-08 1.2608E-08 1.1945E-08 1.1197E-08 1.0402E-08 9.5839E-09 8.7703E-09 7.9888E-09 7.2538E-09 6.5807E-09 5.9726E-09 5.4373E-09 4.9689E-09 4.5682E-09 4.2289E-09 3.9440E-09 3.7091E-09 3.5006E-09 3.3256E-09 3.1925E-09 3.0916E-09 3.0037E-09 2.9234E-09 2.8502E-09 2.7843E-09 2.7249E-09 2.6715E-09 2.6243E-09 2.5817E-09 2.5420E-09 2.5022E-09 2.4648E-09 2.4317E-09 2.4038E-09 2.3801E-09 2.3612E-09 2.3478E-09 2.3382E-09 2.3316E-09 2.3272E-09 2.3253E-09
4.2918E-09 5.1236E-09 6.0393E-09 7.0165E-09 8.0348E-09 9.0751E-09 1.0100E-08 1.1085E-08 1.1987E-08 1.2772E-08 1.3413E-08 1.3879E-08 1.4155E-08 1.4228E-08 1.4099E-08 1.3773E-08 1.3269E-08 1.2619E-08 1.1854E-08 1.1008E-08 1.0120E-08 9.2170E-09 8.3370E-09 7.4963E-09 6.7171E-09 6.0134E-09 5.3876E-09 4.8422E-09 4.3762E-09 3.9806E-09 3.6486E-09 3.3799E-09 3.1504E-09 2.9643E-09 2.8073E-09 2.6946E-09 2.6104E-09 2.5376E-09 2.4716E-09 2.4141E-09 2.3615E-09 2.3150E-09 2.2750E-09 2.2397E-09 2.2077E-09 2.1756E-09 2.1456E-09 2.1185E-09 2.0959E-09 2.0775E-09 2.0637E-09 2.0550E-09 2.0491E-09 2.0461E-09 2.0460E-09 2.0475E-09 2.0513E-09
4.3600E-09 5.2313E-09 6.1812E-09 7.2015E-09 8.2721E-09 9.3561E-09 1.0434E-08 1.1456E-08 1.2392E-08 1.3202E-08 1.3848E-08 1.4308E-08 1.4556E-08 1.4584E-08 1.4391E-08 1.3989E-08 1.3400E-08 1.2653E-08 1.1787E-08 1.0845E-08 9.8654E-09 8.8819E-09 7.9324E-09 7.0376E-09 6.2190E-09 5.4838E-09 4.8449E-09 4.2935E-09 3.8316E-09 3.4425E-09 3.1231E-09 2.8618E-09 2.6468E-09 2.4788E-09 2.3435E-09 2.2526E-09 2.1853E-09 2.1257E-09 2.0728E-09 2.0276E-09 1.9867E-09 1.9524E-09 1.9234E-09 1.8962E-09 1.8705E-09 1.8473E-09 1.8272E-09 1.8088E-09 1.7951E-09 1.7876E-09 1.7822E-09 1.7797E-09 1.7796E-09 1.7820E-09 1.7868E-09 1.7934E-09 1.8019E-09
4.4055E-09 5.3018E-09 6.2929E-09 7.3564E-09 8.4668E-09 9.6055E-09 1.0722E-08 1.1795E-08 1.2769E-08 1.3606E-08 1.4270E-08 1.4722E-08 1.4950E-08 1.4938E-08 1.4687E-08 1.4211E-08 1.3539E-08 1.2703E-08 1.1742E-08 1.0706E-08 9.6349E-09 8.5782E-09 7.5619E-09 6.6152E-09 5.7595E-09 5.0019E-09 4.3481E-09 3.7950E-09 3.3340E-09 2.9618E-09 2.6492E-09 2.3983E-09 2.1993E-09 2.0528E-09 1.9352E-09 1.8638E-09 1.8105E-09 1.7613E-09 1.7218E-09 1.6871E-09 1.6590E-09 1.6344E-09 1.6095E-09 1.5896E-09 1.5723E-09 1.5577E-09 1.5444E-09 1.5369E-09 1.5338E-09 1.5315E-09 1.5316E-09 1.5339E-09 1.5384E-09 1.5450E-09 1.5537E-09 1.5643E-09 1.5761E-09
4.4183E-09 5.3433E-09 6.3616E-09 7.4610E-09 8.6190E-09 9.7993E-09 1.0974E-08 1.2085E-08 1.3102E-08 1.3970E-08 1.4650E-08 1.5109E-08 1.5318E-08 1.5273E-08 1.4972E-08 1.4430E-08 1.3677E-08 1.2753E-08 1.1705E-08 1.0582E-08 9.4303E-09 8.2995E-09 7.2223E-09 6.2303E-09 5.3402E-09 4.5628E-09 3.8987E-09 3.3465E-09 2.8929E-09 2.5304E-09 2.2323E-09 1.9887E-09 1.8032E-09 1.6762E-09 1.5779E-09 1.5254E-09 1.4841E-09 1.4485E-09 1.4188E-09 1.3937E-09 1.3716E-09 1.3507E-09 1.3349E-09 1.3222E-09 1.3112E-09 1.3022E-09 1.3021E-09 1.3031E-09 1.3036E-09 1.3058E-09 1.3099E-09 1.3159E-09 1.3238E-09 1.3336E-09 1.3454E-09 1.3587E-09 1.3728E-09
4.4002E-09 5.3430E-09 6.3890E-09 7.5212E-09 8.7189E-09 9.9437E-09 1.1157E-08 1.2320E-08 1.3370E-08 1.4276E-08 1.4978E-08 1.5445E-08 1.5649E-08 1.5572E-08 1.5228E-08 1.4628E-08 1.3803E-08 1.2800E-08 1.1670E-08 1.0462E-08 9.2400E-09 8.0423E-09 6.9122E-09 5.8789E-09 4.9600E-09 4.1668E-09 3.4977E-09 2.9457E-09 2.5036E-09 2.1496E-09 1.8682E-09 1.6303E-09 1.4620E-09 1.3515E-09 1.2753E-09 1.2365E-09 1.2034E-09 1.1776E-09 1.1542E-09 1.1337E-09 1.1174E-09 1.1068E-09 1.0982E-09 1.0909E-09 1.0886E-09 1.0916E-09 1.0949E-09 1.0975E-09 1.1024E-09 1.1078E-09 1.1150E-09 1.1236E-09 1.1341E-09 1.1463E-09 1.1601E-09 1.1750E-09 1.1910E-09
4.3509E-09 5.3057E-09 6.3725E-09 7.5313E-09 8.7580E-09 1.0022E-08 1.1278E-08 1.2482E-08 1.3578E-08 1.4508E-08 1.5238E-08 1.5708E-08 1.5910E-08 1.5817E-08 1.5433E-08 1.4781E-08 1.3892E-08 1.2821E-08 1.1619E-08 1.0342E-08 9.0522E-09 7.7972E-09 6.6236E-09 5.5573E-09 4.6167E-09 3.8109E-09 3.1412E-09 2.5942E-09 2.1601E-09 1.8207E-09 1.5494E-09 1.3254E-09 1.1697E-09 1.0695E-09 1.0183E-09 9.8732E-10 9.6358E-10 9.4099E-10 9.2307E-10 9.0942E-10 9.0236E-10 8.9840E-10 8.9475E-10 8.9986E-10 9.0522E-10 9.0951E-10 9.1401E-10 9.2015E-10 9.2706E-10 9.3545E-10 9.4452E-10 9.5525E-10 9.6751E-10 9.8138E-10 9.9620E-10 1.0122E-09 1.0287E-09
4.2715E-09 5.2351E-09 6.3128E-09 7.4915E-09 8.7433E-09 1.0039E-08 1.1332E-08 1.2565E-08 1.3696E-08 1.4657E-08 1.5408E-08 1.5899E-08 1.6093E-08 1.5986E-08 1.5570E-08 1.4877E-08 1.3940E-08 1.2807E-08 1.1542E-08 1.0207E-08 8.8617E-09 7.5603E-09 6.3513E-09 5.2592E-09 4.3057E-09 3.4933E-09 2.8241E-09 2.2892E-09 1.8630E-09 1.5337E-09 1.2770E-09 1.0667E-09 9.2138E-10 8.3679E-10 8.0015E-10 7.7716E-10 7.5178E-10 7.3650E-10 7.2552E-10 7.2022E-10 7.2099E-10 7.2520E-10 7.3498E-10 7.4159E-10 7.4663E-10 7.5265E-10 7.5936E-10 7.6676E-10 7.7575E-10 7.8578E-10 7.9667E-10 8.0882E-10 8.2207E-10 8.3646E-10 8.5173E-10 8.6772E-10 8.8416E-10
4.1674E-09 5.1317E-09 6.2165E-09 7.4043E-09 8.6743E-09 9.9913E-09 1.1311E-08 1.2576E-08 1.3738E-08 1.4725E-08 1.5495E-08 1.5998E-08 1.6192E-08 1.6074E-08 1.5633E-08 1.4909E-08 1.3929E-08 1.2745E-08 1.1432E-08 1.0050E-08 8.6601E-09 7.3282E-09 6.0892E-09 4.9798E-09 4.0200E-09 3.2124E-09 2.5490E-09 2.0210E-09 1.6079E-09 1.2895E-09 1.0446E-09 8.4728E-10 7.1430E-10 6.3997E-10 6.1223E-10 5.8820E-10 5.7231E-10 5.6276E-10 5.5972E-10 5.6433E-10 5.7746E-10 5.8645E-10 5.9800E-10 6.0495E-10 6.1188E-10 6.1869E-10 6.2683E-10 6.3588E-10 6.4549E-10 6.5659E-10 6.6913E-10 6.8160E-10 6.9538E-10 7.0964E-10 7.2466E-10 7.4009E-10 7.5640E-10
4.0419E-09 5.0032E-09 6.0872E-09 7.2804E-09 8.5612E-09 9.8929E-09 1.1230E-08 1.2518E-08 1.3699E-08 1.4708E-08 1.5496E-08 1.6008E-08 1.6203E-08 1.6076E-08 1.5619E-08 1.4868E-08 1.3856E-08 1.2637E-08 1.1285E-08 9.8649E-09 8.4498E-09 7.0945E-09 5.8393E-09 4.7238E-09 3.7600E-09 2.9596E-09 2.3058E-09 1.7914E-09 1.3913E-09 1.0819E-09 8.4282E-10 6.5991E-10 5.3348E-10 4.7496E-10 4.5096E-10 4.3365E-10 4.2377E-10 4.2410E-10 4.3161E-10 4.4514E-10 4.5877E-10 4.6985E-10 4.7816E-10 4.8698E-10 4.9637E-10 5.0523E-10 5.1405E-10 5.2370E-10 5.3490E-10 5.4577E-10 5.5830E-10 5.7142E-10 5.8465E-10 5.9809E-10 6.1220E-10 6.2697E-10 6.4288E-10
3.9060E-09 4.8563E-09 5.9340E-09 7.1264E-09 8.4106E-09 9.7475E-09 1.1097E-08 1.2402E-08 1.3598E-08 1.4626E-08 1.5427E-08 1.5941E-08 1.6142E-08 1.6008E-08 1.5540E-08 1.4767E-08 1.3721E-08 1.2482E-08 1.1102E-08 9.6596E-09 8.2259E-09 6.8545E-09 5.5963E-09 4.4806E-09 3.5228E-09 2.7293E-09 2.0873E-09 1.5890E-09 1.1983E-09 8.9758E-10 6.7114E-10 4.9863E-10 3.7799E-10 3.3395E-10 3.1886E-10 3.1076E-10 3.1061E-10 3.1775E-10 3.2739E-10 3.3941E-10 3.5103E-10 3.6259E-10 3.7391E-10 3.8330E-10 3.9379E-10 4.0434E-10 4.1643E-10 4.2633E-10 4.3724E-10 4.4876E-10 4.5921E-10 4.7034E-10 4.8338E-10 4.9678E-10 5.1094E-10 5.2558E-10 5.4104E-10
3.7612E-09 4.6991E-09 5.7661E-09 6.9525E-09 8.2345E-09 9.5745E-09 1.0930E-08 1.2242E-08 1.3449E-08 1.4487E-08 1.5293E-08 1.5815E-08 1.6016E-08 1.5876E-08 1.5397E-08 1.4604E-08 1.3546E-08 1.2279E-08 1.0881E-08 9.4258E-09 7.9799E-09 6.6047E-09 5.3494E-09 4.2407E-09 3.2963E-09 2.5152E-09 1.8903E-09 1.4007E-09 1.0231E-09 7.3837E-10 5.2626E-10 3.5592E-10 2.4655E-10 2.0601E-10 1.9520E-10 1.9490E-10 2.0429E-10 2.1725E-10 2.2541E-10 2.3834E-10 2.4938E-10 2.6275E-10 2.7808E-10 2.8846E-10 3.0189E-10 3.1377E-10 3.2038E-10 3.2937E-10 3.3896E-10 3.5157E-10 3.6330E-10 3.7584E-10 3.8796E-10 4.0282E-10 4.1746E-10 4.3204E-10 4.4842E-10
3.6167E-09 4.5394E-09 5.5960E-09 6.7704E-09 8.0446E-09 9.3822E-09 1.0737E-08 1.2053E-08 1.3266E-08 1.4310E-08 1.5123E-08 1.5648E-08 1.5847E-08 1.5698E-08 1.5210E-08 1.4405E-08 1.3332E-08 1.2050E-08 1.0640E-08 9.1735E-09 7.7219E-09 6.3490E-09 5.1001E-09 4.0063E-09 3.0786E-09 2.3128E-09 1.7004E-09 1.2222E-09 8.5416E-10 5.7963E-10 3.7086E-10 2.1862E-10 1.2570E-10 9.7301E-11 9.5137E-11 1.0585E-10 1.1684E-10 1.2991E-10 1.4527E-10 1.5965E-10 1.7569E-10 1.9062E-10 2.0313E-10 2.1763E-10 2.2759E-10 2.3657E-10 2.4429E-10 2.5349E-10 2.6345E-10 2.7372E-10 2.8460E-10 2.9728E-10 3.1084E-10 3.2624E-10 3.4343E-10 3.6098E-10 3.7641E-10
3.4793E-09 4.3862E-09 5.4250E-09 6.5877E-09 7.8534E-09 9.1860E-09 1.0538E-08 1.1853E-08 1.3067E-08 1.4113E-08 1.4925E-08 1.5450E-08 1.5646E-08 1.5494E-08 1.4998E-08 1.4182E-08 1.3095E-08 1.1806E-08 1.0390E-08 8.9211E-09 7.4714E-09 6.1056E-09 4.8670E-09 3.7847E-09 2.8724E-09 2.1251E-09 1.5267E-09 1.0642E-09 7.1116E-10 4.4644E-10 2.5154E-10 1.1201E-10 3.2702E-11 1.3189E-11 1.4937E-11 2.1419E-11 3.5503E-11 5.0514E-11 5.9929E-11 7.7750E-11 9.1508E-11 1.0684E-10 1.2474E-10 1.3925E-10 1.6057E-10 1.7248E-10 1.8349E-10 1.9295E-10 2.0374E-10 2.1445E-10 2.2636E-10 2.3978E-10 2.5362E-10 2.6880E-10 2.8388E-10 2.9907E-10 3.1502E-10
3.3480E-09 4.2375E-09 5.2682E-09 6.4206E-09 7.6768E-09 9.0020E-09 1.0350E-08 1.1664E-08 1.2877E-08 1.3922E-08 1.4732E-08 1.5252E-08 1.5442E-08 1.5281E-08 1.4774E-08 1.3946E-08 1.2851E-08 1.1555E-08 1.0138E-08 8.6705E-09 7.2332E-09 5.8815E-09 4.6641E-09 3.6049E-09 2.7165E-09 1.9944E-09 1.4206E-09 9.7493E-10 6.3732E-10 3.8675E-10 2.0468E-10 8.1914E-11 1.4145E-11 3.1156E-14 5.0246E-13 1.2151E-12 3.1302E-12 1.3181E-11 2.2198E-11 3.3538E-11 4.4797E-11 5.8966E-11 7.5839E-11 8.8285E-11 1.0725E-10 1.2524E-10 1.4115E-10 1.5340E-10 1.6399E-10 1.7551E-10 1.8723E-10 1.9794E-10 2.0991E-10 2.2250E-10 2.3508E-10 2.4936E-10 2.6261E-10
3.2238E-09 4.1091E-09 5.1272E-09 6.2692E-09 7.5202E-09 8.8449E-09 1.0192E-08 1.1505E-08 1.2718E-08 1.3762E-08 1.4569E-08 1.5083E-08 1.5261E-08 1.5085E-08 1.4559E-08 1.3717E-08 1.2610E-08 1.1305E-08 9.8805E-09 8.4201E-09 6.9942E-09 5.6595E-09 4.4635E-09 3.4301E-09 2.5677E-09 1.8711E-09 1.3174E-09 8.8885E-10 5.6819E-10 3.3413E-10 1.6718E-10 6.5665E-11 9.7459E-12 0.0000E+00 0.0000E+00 0.0000E+00 4.3503E-14 8.3791E-13 6.5914E-12 1.5910E-11 2.4099E-11 3.5177E-11 4.7662E-11 6.0065E-11 7.5187E-11 8.8443E-11 1.0570E-10 1.2350E-10 1.3452E-10 1.4509E-10 1.5474E-10 1.6525E-10 1.7514E-10 1.8554E-10 1.9614E-10 2.0628E-10 2.1766E-10
3.1275E-09 4.0054E-09 5.0191E-09 6.1609E-09 7.4159E-09 8.7417E-09 1.0092E-08 1.1411E-08 1.2626E-08 1.3670E-08 1.4471E-08 1.4973E-08 1.5133E-08 1.4934E-08 1.4387E-08 1.3522E-08 1.2391E-08 1.1070E-08 9.6362E-09 8.1766E-09 6.7586E-09 5.4405E-09 4.2647E-09 3.2563E-09 2.4168E-09 1.7430E-09 1.2109E-09 8.0218E-10 5.0340E-10 2.8590E-10 1.3941E-10 5.5536E-11 7.6310E-12 0.0000E+00 0.0000E+00 0.0000E+00 0.0000E+00 0.0000E+00 0.0000E+00 4.4455E-12 9.0472E-12 1.7941E-11 2.6389E-11 3.5220E-11 4.7484E-11 5.8475E-11 7.2918E-11 8.7034E-11 1.0039E-10 1.1390E-10 1.2451E-10 1.3386E-10 1.4427E-10 1.5372E-10 1.6364E-10 1.7296E-10 1.8257E-10
3.0252E-09 3.9021E-09 4.9174E-09 6.0643E-09 7.3226E-09 8.6550E-09 1.0020E-08 1.1349E-08 1.2572E-08 1.3618E-08 1.4416E-08 1.4906E-08 1.5048E-08 1.4827E-08 1.4251E-08 1.3352E-08 1.2192E-08 1.0847E-08 9.4041E-09 7.9344E-09 6.5186E-09 5.2145E-09 4.0579E-09 3.0687E-09 2.2526E-09 1.6020E-09 1.1020E-09 7.1867E-10 4.4568E-10 2.4662E-10 1.1754E-10 4.4002E-11 4.6285E-12 0.0000E+00 0.0000E+00 0.0000E+00 0.0000E+00 0.0000E+00 0.0000E+00 0.0000E+00 3.5972E-12 7.8773E-12 1.3793E-11 2.0550E-11 2.7716E-11 3.5856E-11 4.6765E-11 5.8699E-11 6.8172E-11 8.1973E-11 9.1047E-11 1.0396E-10 1.1169E-10 1.2228E-10 1.3253E-10 1.4002E-10 1.5053E-10
2.9360E-09 3.8220E-09 4.8466E-09 5.9997E-09 7.2740E-09 8.6316E-09 1.0013E-08 1.1358E-08 1.2597E-08 1.3650E-08 1.4447E-08 1.4925E-08 1.5044E-08 1.4788E-08 1.4170E-08 1.3227E-08 1.2027E-08 1.0648E-08 9.1730E-09 7.6898E-09 6.2686E-09 4.9707E-09 3.8342E-09 2.8693E-09 2.0832E-09 1.4619E-09 9.9503E-10 6.4579E-10 3.9181E-10 2.1076E-10 9.4036E-11 3.0315E-11 2.7451E-12 0.0000E+00 0.0000E+00 0.0000E+00 0.0000E+00 0.0000E+00 0.0000E+00 0.0000E+00 0.0000E+00 2.7750E-12 6.5194E-12 1.1270E-11 1.5300E-11 2.1698E-11 3.0230E-11 3.6160E-11 4.7391E-11 5.5493E-11 6.6803E-11 7.5818E-11 8.3611E-11 9.5298E-11 1.0134E-10 1.1212E-10 1.2123E-10
2.8491E-09 3.7334E-09 4.7767E-09 5.9582E-09 7.2564E-09 8.6361E-09 1.0043E-08 1.1418E-08 1.2676E-08 1.3742E-08 1.4539E-08 1.5004E-08 1.5095E-08 1.4798E-08 1.4131E-08 1.3136E-08 1.1884E-08 1.0457E-08 8.9418E-09 7.4407E-09 6.0135E-09 4.7185E-09 3.6004E-09 2.6673E-09 1.9147E-09 1.3297E-09 8.9526E-10 5.7609E-10 3.3778E-10 1.7349E-10 7.0086E-11 1.6273E-11 1.5072E-12 0.0000E+00 0.0000E+00 0.0000E+00 0.0000E+00 0.0000E+00 0.0000E+00 0.0000E+00 0.0000E+00 0.0000E+00 2.4735E-12 4.4472E-12 9.2206E-12 1.2564E-11 1.8037E-11 2.4206E-11 3.0371E-11 3.8082E-11 4.6016E-11 5.4298E-11 6.1551E-11 6.9020E-11 7.6590E-11 8.5194E-11 9.2924E-11
2.7728E-09 3.6669E-09 4.7239E-09 5.9340E-09 7.2538E-09 8.6643E-09 1.0105E-08 1.1510E-08 1.2794E-08 1.3876E-08 1.4677E-08 1.5121E-08 1.5183E-08 1.4842E-08 1.4119E-08 1.3062E-08 1.1747E-08 1.0265E-08 8.7159E-09 7.1882E-09 5.7500E-09 4.4682E-09 3.3680E-09 2.4672E-09 1.7503E-09 1.2063E-09 7.9707E-10 5.0309E-10 2.8235E-10 1.3561E-10 4.6307E-11 8.4837E-12 3.1468E-13 0.0000E+00 0.0000E+00 0.0000E+00 0.0000E+00 0.0000E+00 0.0000E+00 0.0000E+00 0.0000E+00 0.0000E+00 0.0000E+00 1.8001E-12 3.4936E-12 7.2489E-12 1.0585E-11 1.5326E-11 1.9175E-11 2.3350E-11 2.9386E-11 3.5888E-11 4.3755E-11 4.9778E-11 5.5635E-11 6.2152E-11 6.7837E-11
2.7145E-09 3.6185E-09 4.6881E-09 5.9232E-09 7.2983E-09 8.7520E-09 1.0231E-08 1.1668E-08 1.2983E-08 1.4083E-08 1.4882E-08 1.5315E-08 1.5341E-08 1.4939E-08 1.4149E-08 1.3018E-08 1.1630E-08 1.0088E-08 8.4900E-09 6.9299E-09 5.4881E-09 4.2136E-09 3.1336E-09 2.2670E-09 1.5883E-09 1.0793E-09 6.9853E-10 4.2574E-10 2.2655E-10 9.8365E-11 2.5559E-11 3.5780E-12 0.0000E+00 0.0000E+00 0.0000E+00 0.0000E+00 0.0000E+00 0.0000E+00 0.0000E+00 0.0000E+00 0.0000E+00 0.0000E+00 0.0000E+00 0.0000E+00 7.8730E-13 3.1822E-12 5.6747E-12 7.7294E-12 1.2074E-11 1.5505E-11 1.9870E-11 2.5052E-11 2.8547E-11 3.5136E-11 4.0752E-11 4.3776E-11 5.0254E-11
