Assets/Resources/2015_m01_d04_0200(utc+0800)_l00_csi_1hr_conc.grd
DSAA
         159         159
     -79.000      79.000
     -79.000      79.000
  0.8386E-11  0.5652E-05
[rows 0 to 24 of 159, columns 57 to 113 of 159]
6.2404E-11 6.3862E-11 6.5338E-11 6.6832E-11 6.8509E-11 7.0042E-11 7.1592E-11 7.3159E-11 7.4741E-11 7.6339E-11 7.7952E-11 7.9579E-11 8.1220E-11 8.2875E-11 8.4543E-11 8.6223E-11 8.7914E-11 8.9617E-11 9.1331E-11 9.3054E-11 9.4786E-11 9.6527E-11 9.8275E-11 1.0003E-10 1.0179E-10 1.0356E-10 1.0533E-10 1.0711E-10 1.0889E-10 1.1067E-10 1.1245E-10 1.1423E-10 1.1602E-10 1.1780E-10 1.1958E-10 1.2135E-10 1.2313E-10 1.2489E-10 1.2665E-10 1.2841E-10 1.3016E-10 1.3189E-10 1.3362E-10 1.3534E-10 1.3704E-10 1.3873E-10 1.4041E-10 1.4208E-10 1.4372E-10 1.4539E-10 1.4712E-10 1.4893E-10 1.5079E-10 1.5269E-10 1.5466E-10 1.5669E-10 1.5879E-10
6.4016E-11 6.5512E-11 6.7189E-11 6.8727E-11 7.0283E-11 7.1857E-11 7.3448E-11 7.5056E-11 7.6679E-11 7.8319E-11 7.9974E-11 8.1645E-11 8.3329E-11 8.5027E-11 8.6739E-11 8.8463E-11 9.0200E-11 9.1947E-11 9.3706E-11 9.5475E-11 9.7253E-11 9.9039E-11 1.0083E-10 1.0264E-10 1.0444E-10 1.0626E-10 1.0808E-10 1.0990E-10 1.1173E-10 1.1355E-10 1.1538E-10 1.1721E-10 1.1904E-10 1.2087E-10 1.2270E-10 1.2452E-10 1.2634E-10 1.2816E-10 1.2996E-10 1.3176E-10 1.3356E-10 1.3534E-10 1.3711E-10 1.3888E-10 1.4063E-10 1.4236E-10 1.4409E-10 1.4579E-10 1.4749E-10 1.4919E-10 1.5096E-10 1.5280E-10 1.5468E-10 1.5662E-10 1.5863E-10 1.6069E-10 1.6281E-10
6.5655E-11 6.7355E-11 6.8914E-11 7.0492E-11 7.2089E-11 7.3704E-11 7.5336E-11 7.6985E-11 7.8652E-11 8.0334E-11 8.2033E-11 8.3747E-11 8.5475E-11 8.7218E-11 8.8974E-11 9.0743E-11 9.2525E-11 9.4319E-11 9.6123E-11 9.7938E-11 9.9763E-11 1.0160E-10 1.0344E-10 1.0529E-10 1.0714E-10 1.0900E-10 1.1087E-10 1.1274E-10 1.1462E-10 1.1649E-10 1.1837E-10 1.2025E-10 1.2213E-10 1.2400E-10 1.2588E-10 1.2775E-10 1.2962E-10 1.3148E-10 1.3333E-10 1.3518E-10 1.3702E-10 1.3885E-10 1.4067E-10 1.4248E-10 1.4428E-10 1.4606E-10 1.4783E-10 1.4958E-10 1.5131E-10 1.5305E-10 1.5486E-10 1.5673E-10 1.5865E-10 1.6063E-10 1.6267E-10 1.6476E-10 1.6692E-10
6.7489E-11 6.9069E-11 7.0669E-11 7.2287E-11 7.3925E-11 7.5582E-11 7.7256E-11 7.8949E-11 8.0658E-11 8.2384E-11 8.4127E-11 8.5885E-11 8.7658E-11 8.9446E-11 9.1248E-11 9.3063E-11 9.4891E-11 9.6731E-11 9.8582E-11 1.0044E-10 1.0232E-10 1.0420E-10 1.0609E-10 1.0798E-10 1.0989E-10 1.1180E-10 1.1371E-10 1.1563E-10 1.1756E-10 1.1948E-10 1.2141E-10 1.2333E-10 1.2526E-10 1.2719E-10 1.2911E-10 1.3103E-10 1.3295E-10 1.3486E-10 1.3676E-10 1.3866E-10 1.4054E-10 1.4242E-10 1.4429E-10 1.4615E-10 1.4799E-10 1.4982E-10 1.5163E-10 1.5343E-10 1.5521E-10 1.5697E-10 1.5883E-10 1.6074E-10 1.6268E-10 1.6470E-10 1.6678E-10 1.6890E-10 1.7109E-10
6.9191E-11 7.0812E-11 7.2453E-11 7.4113E-11 7.5793E-11 7.7492E-11 7.9209E-11 8.0945E-11 8.2698E-11 8.4469E-11 8.6256E-11 8.8059E-11 8.9878E-11 9.1712E-11 9.3560E-11 9.5422E-11 9.7297E-11 9.9184E-11 1.0108E-10 1.0299E-10 1.0491E-10 1.0684E-10 1.0878E-10 1.1073E-10 1.1268E-10 1.1464E-10 1.1660E-10 1.1857E-10 1.2055E-10 1.2252E-10 1.2450E-10 1.2647E-10 1.2845E-10 1.3043E-10 1.3240E-10 1.3437E-10 1.3633E-10 1.3829E-10 1.4025E-10 1.4219E-10 1.4413E-10 1.4605E-10 1.4797E-10 1.4987E-10 1.5177E-10 1.5364E-10 1.5550E-10 1.5735E-10 1.5917E-10 1.6098E-10 1.6287E-10 1.6481E-10 1.6679E-10 1.6885E-10 1.7096E-10 1.7312E-10 1.7533E-10
7.0922E-11 7.2584E-11 7.4266E-11 7.5969E-11 7.7691E-11 7.9433E-11 8.1194E-11 8.2974E-11 8.4772E-11 8.6588E-11 8.8421E-11 9.0270E-11 9.2135E-11 9.4016E-11 9.5911E-11 9.7820E-11 9.9743E-11 1.0168E-10 1.0363E-10 1.0559E-10 1.0755E-10 1.0953E-10 1.1152E-10 1.1352E-10 1.1552E-10 1.1753E-10 1.1954E-10 1.2156E-10 1.2359E-10 1.2561E-10 1.2764E-10 1.2967E-10 1.3169E-10 1.3372E-10 1.3574E-10 1.3776E-10 1.3978E-10 1.4179E-10 1.4379E-10 1.4579E-10 1.4777E-10 1.4975E-10 1.5171E-10 1.5367E-10 1.5561E-10 1.5753E-10 1.5944E-10 1.6133E-10 1.6321E-10 1.6506E-10 1.6698E-10 1.6895E-10 1.7098E-10 1.7307E-10 1.7521E-10 1.7740E-10 1.7965E-10
7.2681E-11 7.4384E-11 7.6109E-11 7.7855E-11 7.9620E-11 8.1406E-11 8.3212E-11 8.5037E-11 8.6880E-11 8.8742E-11 9.0621E-11 9.2517E-11 9.4429E-11 9.6357E-11 9.8301E-11 1.0026E-10 1.0223E-10 1.0421E-10 1.0621E-10 1.0822E-10 1.1024E-10 1.1227E-10 1.1431E-10 1.1635E-10 1.1841E-10 1.2047E-10 1.2253E-10 1.2460E-10 1.2668E-10 1.2875E-10 1.3083E-10 1.3291E-10 1.3499E-10 1.3707E-10 1.3914E-10 1.4121E-10 1.4328E-10 1.4534E-10 1.4740E-10 1.4944E-10 1.5148E-10 1.5351E-10 1.5552E-10 1.5752E-10 1.5951E-10 1.6148E-10 1.6344E-10 1.6538E-10 1.6730E-10 1.6921E-10 1.7116E-10 1.7316E-10 1.7523E-10 1.7736E-10 1.7953E-10 1.8176E-10 1.8404E-10
7.4468E-11 7.6214E-11 7.7981E-11 7.9771E-11 8.1581E-11 8.3411E-11 8.5262E-11 8.7133E-11 8.9022E-11 9.0930E-11 9.2856E-11 9.4800E-11 9.6760E-11 9.8737E-11 1.0073E-10 1.0274E-10 1.0476E-10 1.0679E-10 1.0884E-10 1.1090E-10 1.1297E-10 1.1505E-10 1.1714E-10 1.1923E-10 1.2134E-10 1.2345E-10 1.2557E-10 1.2769E-10 1.2982E-10 1.3195E-10 1.3408E-10 1.3621E-10 1.3834E-10 1.4047E-10 1.4260E-10 1.4472E-10 1.4684E-10 1.4895E-10 1.5106E-10 1.5316E-10 1.5524E-10 1.5732E-10 1.5939E-10 1.6144E-10 1.6348E-10 1.6550E-10 1.6751E-10 1.6950E-10 1.7147E-10 1.7342E-10 1.7541E-10 1.7744E-10 1.7956E-10 1.8172E-10 1.8392E-10 1.8619E-10 1.8851E-10
7.6282E-11 7.8072E-11 7.9883E-11 8.1717E-11 8.3572E-11 8.5448E-11 8.7344E-11 8.9261E-11 9.1198E-11 9.3153E-11 9.5127E-11 9.7119E-11 9.9128E-11 1.0115E-10 1.0320E-10 1.0525E-10 1.0732E-10 1.0941E-10 1.1151E-10 1.1362E-10 1.1574E-10 1.1787E-10 1.2001E-10 1.2216E-10 1.2432E-10 1.2648E-10 1.2866E-10 1.3083E-10 1.3301E-10 1.3519E-10 1.3738E-10 1.3956E-10 1.4175E-10 1.4393E-10 1.4611E-10 1.4829E-10 1.5046E-10 1.5262E-10 1.5478E-10 1.5693E-10 1.5907E-10 1.6120E-10 1.6332E-10 1.6542E-10 1.6751E-10 1.6959E-10 1.7164E-10 1.7368E-10 1.7570E-10 1.7770E-10 1.7972E-10 1.8180E-10 1.8396E-10 1.8615E-10 1.8839E-10 1.9069E-10 1.9305E-10
7.8125E-11 7.9958E-11 8.1814E-11 8.3693E-11 8.5593E-11 8.7515E-11 8.9459E-11 9.1423E-11 9.3407E-11 9.5410E-11 9.7433E-11 9.9474E-11 1.0153E-10 1.0361E-10 1.0570E-10 1.0781E-10 1.0993E-10 1.1207E-10 1.1422E-10 1.1638E-10 1.1855E-10 1.2074E-10 1.2293E-10 1.2513E-10 1.2735E-10 1.2956E-10 1.3179E-10 1.3402E-10 1.3625E-10 1.3849E-10 1.4073E-10 1.4297E-10 1.4520E-10 1.4744E-10 1.4967E-10 1.5191E-10 1.5413E-10 1.5635E-10 1.5856E-10 1.6077E-10 1.6296E-10 1.6514E-10 1.6731E-10 1.6947E-10 1.7161E-10 1.7374E-10 1.7584E-10 1.7793E-10 1.8000E-10 1.8205E-10 1.8411E-10 1.8623E-10 1.8842E-10 1.9065E-10 1.9293E-10 1.9527E-10 1.9766E-10
7.9995E-11 8.1873E-11 8.3774E-11 8.5698E-11 8.7645E-11 8.9614E-11 9.1605E-11 9.3617E-11 9.5649E-11 9.7702E-11 9.9774E-11 1.0186E-10 1.0397E-10 1.0610E-10 1.0824E-10 1.1040E-10 1.1258E-10 1.1476E-10 1.1697E-10 1.1918E-10 1.2141E-10 1.2365E-10 1.2590E-10 1.2815E-10 1.3042E-10 1.3269E-10 1.3497E-10 1.3725E-10 1.3954E-10 1.4183E-10 1.4413E-10 1.4642E-10 1.4871E-10 1.5101E-10 1.5330E-10 1.5558E-10 1.5786E-10 1.6014E-10 1.6240E-10 1.6466E-10 1.6691E-10 1.6914E-10 1.7137E-10 1.7358E-10 1.7577E-10 1.7795E-10 1.8011E-10 1.8225E-10 1.8437E-10 1.8647E-10 1.8856E-10 1.9073E-10 1.9296E-10 1.9523E-10 1.9755E-10 1.9992E-10 2.0234E-10
8.1893E-11 8.3816E-11 8.5763E-11 8.7734E-11 8.9728E-11 9.1745E-11 9.3783E-11 9.5844E-11 9.7925E-11 1.0003E-10 1.0215E-10 1.0429E-10 1.0645E-10 1.0863E-10 1.1082E-10 1.1303E-10 1.1526E-10 1.1750E-10 1.1976E-10 1.2203E-10 1.2431E-10 1.2660E-10 1.2891E-10 1.3122E-10 1.3354E-10 1.3587E-10 1.3820E-10 1.4054E-10 1.4288E-10 1.4523E-10 1.4758E-10 1.4993E-10 1.5228E-10 1.5463E-10 1.5697E-10 1.5931E-10 1.6165E-10 1.6398E-10 1.6630E-10 1.6861E-10 1.7091E-10 1.7320E-10 1.7548E-10 1.7775E-10 1.7999E-10 1.8222E-10 1.8444E-10 1.8663E-10 1.8880E-10 1.9095E-10 1.9308E-10 1.9530E-10 1.9757E-10 1.9987E-10 2.0223E-10 2.0464E-10 2.0709E-10
8.3819E-11 8.5788E-11 8.7781E-11 8.9799E-11 9.1841E-11 9.3906E-11 9.5993E-11 9.8103E-11 1.0023E-10 1.0239E-10 1.0456E-10 1.0675E-10 1.0896E-10 1.1119E-10 1.1344E-10 1.1571E-10 1.1799E-10 1.2028E-10 1.2259E-10 1.2492E-10 1.2725E-10 1.2960E-10 1.3196E-10 1.3433E-10 1.3670E-10 1.3909E-10 1.4148E-10 1.4387E-10 1.4627E-10 1.4868E-10 1.5108E-10 1.5349E-10 1.5590E-10 1.5830E-10 1.6070E-10 1.6310E-10 1.6549E-10 1.6788E-10 1.7025E-10 1.7262E-10 1.7498E-10 1.7733E-10 1.7966E-10 1.8198E-10 1.8428E-10 1.8657E-10 1.8883E-10 1.9108E-10 1.9330E-10 1.9551E-10 1.9768E-10 1.9994E-10 2.0224E-10 2.0458E-10 2.0699E-10 2.0943E-10 2.1192E-10
8.5771E-11 8.7787E-11 8.9828E-11 9.1893E-11 9.3984E-11 9.6097E-11 9.8235E-11 1.0039E-10 1.0258E-10 1.0478E-10 1.0700E-10 1.0925E-10 1.1151E-10 1.1380E-10 1.1610E-10 1.1842E-10 1.2075E-10 1.2310E-10 1.2547E-10 1.2785E-10 1.3024E-10 1.3264E-10 1.3506E-10 1.3748E-10 1.3991E-10 1.4235E-10 1.4480E-10 1.4726E-10 1.4971E-10 1.5217E-10 1.5464E-10 1.5710E-10 1.5957E-10 1.6203E-10 1.6449E-10 1.6694E-10 1.6939E-10 1.7183E-10 1.7427E-10 1.7669E-10 1.7911E-10 1.8151E-10 1.8390E-10 1.8627E-10 1.8863E-10 1.9097E-10 1.9329E-10 1.9559E-10 1.9787E-10 2.0012E-10 2.0235E-10 2.0465E-10 2.0699E-10 2.0937E-10 2.1182E-10 2.1430E-10 2.1682E-10
8.7751E-11 8.9814E-11 9.1903E-11 9.4017E-11 9.6156E-11 9.8320E-11 1.0051E-10 1.0272E-10 1.0495E-10 1.0721E-10 1.0948E-10 1.1178E-10 1.1410E-10 1.1644E-10 1.1879E-10 1.2116E-10 1.2355E-10 1.2596E-10 1.2838E-10 1.3082E-10 1.3327E-10 1.3573E-10 1.3820E-10 1.4068E-10 1.4317E-10 1.4567E-10 1.4817E-10 1.5069E-10 1.5320E-10 1.5572E-10 1.5824E-10 1.6076E-10 1.6329E-10 1.6581E-10 1.6832E-10 1.7084E-10 1.7335E-10 1.7585E-10 1.7834E-10 1.8082E-10 1.8329E-10 1.8575E-10 1.8820E-10 1.9063E-10 1.9304E-10 1.9544E-10 1.9781E-10 2.0017E-10 2.0250E-10 2.0481E-10 2.0709E-10 2.0943E-10 2.1180E-10 2.1423E-10 2.1672E-10 2.1923E-10 2.2179E-10
8.9757E-11 9.1868E-11 9.4006E-11 9.6169E-11 9.8358E-11 1.0057E-10 1.0281E-10 1.0507E-10 1.0736E-10 1.0967E-10 1.1200E-10 1.1435E-10 1.1672E-10 1.1911E-10 1.2152E-10 1.2395E-10 1.2640E-10 1.2886E-10 1.3134E-10 1.3383E-10 1.3633E-10 1.3885E-10 1.4138E-10 1.4392E-10 1.4647E-10 1.4903E-10 1.5159E-10 1.5416E-10 1.5674E-10 1.5932E-10 1.6190E-10 1.6448E-10 1.6706E-10 1.6964E-10 1.7222E-10 1.7479E-10 1.7736E-10 1.7991E-10 1.8247E-10 1.8501E-10 1.8754E-10 1.9005E-10 1.9256E-10 1.9504E-10 1.9751E-10 1.9997E-10 2.0240E-10 2.0481E-10 2.0720E-10 2.0956E-10 2.1190E-10 2.1427E-10 2.1668E-10 2.1916E-10 2.2168E-10 2.2423E-10 2.2683E-10
9.1790E-11 9.3950E-11 9.6137E-11 9.8350E-11 1.0059E-10 1.0285E-10 1.0514E-10 1.0746E-10 1.0980E-10 1.1216E-10 1.1454E-10 1.1695E-10 1.1938E-10 1.2182E-10 1.2429E-10 1.2677E-10 1.2928E-10 1.3180E-10 1.3433E-10 1.3688E-10 1.3944E-10 1.4202E-10 1.4461E-10 1.4721E-10 1.4982E-10 1.5243E-10 1.5506E-10 1.5769E-10 1.6032E-10 1.6296E-10 1.6560E-10 1.6824E-10 1.7088E-10 1.7352E-10 1.7616E-10 1.7879E-10 1.8142E-10 1.8404E-10 1.8665E-10 1.8925E-10 1.9184E-10 1.9441E-10 1.9698E-10 1.9952E-10 2.0205E-10 2.0456E-10 2.0705E-10 2.0951E-10 2.1196E-10 2.1438E-10 2.1677E-10 2.1918E-10 2.2163E-10 2.2416E-10 2.2672E-10 2.2930E-10 2.3194E-10
9.3849E-11 9.6058E-11 9.8295E-11 1.0056E-10 1.0285E-10 1.0517E-10 1.0751E-10 1.0988E-10 1.1227E-10 1.1468E-10 1.1712E-10 1.1958E-10 1.2207E-10 1.2457E-10 1.2709E-10 1.2963E-10 1.3219E-10 1.3477E-10 1.3736E-10 1.3997E-10 1.4260E-10 1.4523E-10 1.4788E-10 1.5054E-10 1.5321E-10 1.5588E-10 1.5857E-10 1.6126E-10 1.6395E-10 1.6665E-10 1.6936E-10 1.7206E-10 1.7476E-10 1.7746E-10 1.8016E-10 1.8285E-10 1.8554E-10 1.8822E-10 1.9089E-10 1.9355E-10 1.9620E-10 1.9883E-10 2.0145E-10 2.0406E-10 2.0664E-10 2.0921E-10 2.1176E-10 2.1428E-10 2.1678E-10 2.1926E-10 2.2170E-10 2.2415E-10 2.2666E-10 2.2923E-10 2.3182E-10 2.3445E-10 2.3712E-10
9.5934E-11 9.8193E-11 1.0048E-10 1.0280E-10 1.0514E-10 1.0751E-10 1.0990E-10 1.1232E-10 1.1477E-10 1.1724E-10 1.1974E-10 1.2225E-10 1.2479E-10 1.2735E-10 1.2993E-10 1.3253E-10 1.3515E-10 1.3778E-10 1.4044E-10 1.4311E-10 1.4579E-10 1.4848E-10 1.5119E-10 1.5391E-10 1.5664E-10 1.5938E-10 1.6212E-10 1.6488E-10 1.6763E-10 1.7039E-10 1.7316E-10 1.7592E-10 1.7869E-10 1.8145E-10 1.8421E-10 1.8696E-10 1.8971E-10 1.9245E-10 1.9518E-10 1.9790E-10 2.0061E-10 2.0331E-10 2.0599E-10 2.0865E-10 2.1130E-10 2.1393E-10 2.1653E-10 2.1911E-10 2.2167E-10 2.2420E-10 2.2670E-10 2.2920E-10 2.3175E-10 2.3436E-10 2.3699E-10 2.3967E-10 2.4238E-10
9.8045E-11 1.0035E-10 1.0269E-10 1.0506E-10 1.0746E-10 1.0988E-10 1.1233E-10 1.1480E-10 1.1730E-10 1.1983E-10 1.2238E-10 1.2495E-10 1.2755E-10 1.3017E-10 1.3281E-10 1.3546E-10 1.3814E-10 1.4084E-10 1.4355E-10 1.4628E-10 1.4902E-10 1.5178E-10 1.5455E-10 1.5733E-10 1.6012E-10 1.6292E-10 1.6573E-10 1.6854E-10 1.7136E-10 1.7418E-10 1.7701E-10 1.7984E-10 1.8266E-10 1.8549E-10 1.8831E-10 1.9113E-10 1.9394E-10 1.9674E-10 1.9953E-10 2.0232E-10 2.0509E-10 2.0784E-10 2.1059E-10 2.1331E-10 2.1602E-10 2.1870E-10 2.2136E-10 2.2400E-10 2.2662E-10 2.2921E-10 2.3177E-10 2.3430E-10 2.3692E-10 2.3956E-10 2.4223E-10 2.4495E-10 2.4770E-10
1.0018E-10 1.0254E-10 1.0493E-10 1.0735E-10 1.0980E-10 1.1228E-10 1.1478E-10 1.1731E-10 1.1987E-10 1.2245E-10 1.2506E-10 1.2769E-10 1.3034E-10 1.3302E-10 1.3571E-10 1.3843E-10 1.4117E-10 1.4392E-10 1.4670E-10 1.4949E-10 1.5229E-10 1.5511E-10 1.5794E-10 1.6078E-10 1.6364E-10 1.6650E-10 1.6937E-10 1.7225E-10 1.7513E-10 1.7802E-10 1.8091E-10 1.8380E-10 1.8669E-10 1.8957E-10 1.9246E-10 1.9534E-10 1.9821E-10 2.0108E-10 2.0394E-10 2.0678E-10 2.0961E-10 2.1243E-10 2.1524E-10 2.1802E-10 2.2079E-10 2.2353E-10 2.2626E-10 2.2896E-10 2.3163E-10 2.3428E-10 2.3690E-10 2.3948E-10 2.4214E-10 2.4483E-10 2.4754E-10 2.5031E-10 2.5309E-10
1.0234E-10 1.0475E-10 1.0720E-10 1.0967E-10 1.1217E-10 1.1470E-10 1.1726E-10 1.1985E-10 1.2246E-10 1.2510E-10 1.2777E-10 1.3045E-10 1.3317E-10 1.3590E-10 1.3866E-10 1.4144E-10 1.4423E-10 1.4705E-10 1.4988E-10 1.5273E-10 1.5560E-10 1.5848E-10 1.6138E-10 1.6428E-10 1.6720E-10 1.7012E-10 1.7306E-10 1.7600E-10 1.7895E-10 1.8190E-10 1.8485E-10 1.8781E-10 1.9076E-10 1.9371E-10 1.9666E-10 1.9960E-10 2.0254E-10 2.0547E-10 2.0839E-10 2.1130E-10 2.1420E-10 2.1708E-10 2.1994E-10 2.2279E-10 2.2562E-10 2.2843E-10 2.3121E-10 2.3397E-10 2.3670E-10 2.3941E-10 2.4209E-10 2.4473E-10 2.4743E-10 2.5016E-10 2.5292E-10 2.5573E-10 2.5855E-10
1.0453E-10 1.0699E-10 1.0949E-10 1.1202E-10 1.1457E-10 1.1716E-10 1.1977E-10 1.2242E-10 1.2509E-10 1.2778E-10 1.3051E-10 1.3325E-10 1.3602E-10 1.3882E-10 1.4164E-10 1.4447E-10 1.4733E-10 1.5021E-10 1.5311E-10 1.5602E-10 1.5895E-10 1.6189E-10 1.6485E-10 1.6782E-10 1.7080E-10 1.7379E-10 1.7679E-10 1.7980E-10 1.8281E-10 1.8582E-10 1.8884E-10 1.9186E-10 1.9488E-10 1.9790E-10 2.0091E-10 2.0392E-10 2.0692E-10 2.0992E-10 2.1290E-10 2.1587E-10 2.1883E-10 2.2178E-10 2.2471E-10 2.2762E-10 2.3051E-10 2.3338E-10 2.3622E-10 2.3904E-10 2.4184E-10 2.4460E-10 2.4734E-10 2.5004E-10 2.5279E-10 2.5555E-10 2.5836E-10 2.6121E-10 2.6407E-10
1.0674E-10 1.0925E-10 1.1180E-10 1.1439E-10 1.1700E-10 1.1964E-10 1.2231E-10 1.2501E-10 1.2774E-10 1.3049E-10 1.3328E-10 1.3608E-10 1.3891E-10 1.4177E-10 1.4465E-10 1.4755E-10 1.5047E-10 1.5341E-10 1.5637E-10 1.5934E-10 1.6234E-10 1.6534E-10 1.6837E-10 1.7140E-10 1.7445E-10 1.7750E-10 1.8056E-10 1.8364E-10 1.8671E-10 1.8979E-10 1.9288E-10 1.9596E-10 1.9905E-10 2.0213E-10 2.0521E-10 2.0828E-10 2.1135E-10 2.1441E-10 2.1746E-10 2.2050E-10 2.2352E-10 2.2653E-10 2.2953E-10 2.3250E-10 2.3545E-10 2.3839E-10 2.4129E-10 2.4418E-10 2.4703E-10 2.4986E-10 2.5265E-10 2.5541E-10 2.5820E-10 2.6101E-10 2.6388E-10 2.6676E-10 2.6966E-10
1.0897E-10 1.1154E-10 1.1415E-10 1.1678E-10 1.1945E-10 1.2215E-10 1.2488E-10 1.2763E-10 1.3042E-10 1.3323E-10 1.3607E-10 1.3894E-10 1.4183E-10 1.4475E-10 1.4769E-10 1.5065E-10 1.5364E-10 1.5664E-10 1.5966E-10 1.6270E-10 1.6576E-10 1.6883E-10 1.7192E-10 1.7502E-10 1.7813E-10 1.8125E-10 1.8438E-10 1.8752E-10 1.9066E-10 1.9381E-10 1.9696E-10 2.0011E-10 2.0326E-10 2.0641E-10 2.0956E-10 2.1270E-10 2.1583E-10 2.1896E-10 2.2207E-10 2.2518E-10 2.2827E-10 2.3134E-10 2.3440E-10 2.3744E-10 2.4045E-10 2.4345E-10 2.4642E-10 2.4936E-10 2.5228E-10 2.5517E-10 2.5802E-10 2.6084E-10 2.6368E-10 2.6654E-10 2.6945E-10 2.7238E-10 2.7531E-10
