Assets/Resources/2015_m01_d04_0500(utc+0800)_l00_csi_1hr_conc.grd
DSAA
         159         159
     -79.000      79.000
     -79.000      79.000
  0.4884E-10  0.5695E-04
[rows 0 to 24 of 159, columns 57 to 113 of 159]
9.0963E-11 9.1729E-11 9.2493E-11 9.3256E-11 9.4017E-11 9.4776E-11 9.5533E-11 9.6287E-11 9.7039E-11 9.7788E-11 9.8535E-11 9.9278E-11 1.0002E-10 1.0076E-10 1.0149E-10 1.0222E-10 1.0295E-10 1.0367E-10 1.0439E-10 1.0510E-10 1.0581E-10 1.0652E-10 1.0722E-10 1.0791E-10 1.0861E-10 1.0929E-10 1.0997E-10 1.1065E-10 1.1132E-10 1.1198E-10 1.1264E-10 1.1329E-10 1.1394E-10 1.1458E-10 1.1521E-10 1.1584E-10 1.1646E-10 1.1707E-10 1.1768E-10 1.1828E-10 1.1887E-10 1.1945E-10 1.2003E-10 1.2060E-10 1.2116E-10 1.2171E-10 1.2226E-10 1.2281E-10 1.2335E-10 1.2391E-10 1.2447E-10 1.2503E-10 1.2561E-10 1.2619E-10 1.2678E-10 1.2738E-10 1.2799E-10
9.1853E-11 9.2626E-11 9.3399E-11 9.4169E-11 9.4937E-11 9.5704E-11 9.6468E-11 9.7230E-11 9.7989E-11 9.8746E-11 9.9500E-11 1.0025E-10 1.0100E-10 1.0174E-10 1.0248E-10 1.0322E-10 1.0395E-10 1.0468E-10 1.0541E-10 1.0613E-10 1.0685E-10 1.0756E-10 1.0827E-10 1.0897E-10 1.0967E-10 1.1036E-10 1.1105E-10 1.1173E-10 1.1241E-10 1.1308E-10 1.1374E-10 1.1440E-10 1.1505E-10 1.1570E-10 1.1634E-10 1.1697E-10 1.1760E-10 1.1822E-10 1.1883E-10 1.1944E-10 1.2003E-10 1.2062E-10 1.2120E-10 1.2178E-10 1.2235E-10 1.2290E-10 1.2346E-10 1.2402E-10 1.2458E-10 1.2514E-10 1.2571E-10 1.2629E-10 1.2688E-10 1.2748E-10 1.2809E-10 1.2870E-10 1.2932E-10
9.2744E-11 9.3525E-11 9.4305E-11 9.5083E-11 9.5859E-11 9.6633E-11 9.7404E-11 9.8173E-11 9.8940E-11 9.9704E-11 1.0047E-10 1.0122E-10 1.0198E-10 1.0273E-10 1.0348E-10 1.0422E-10 1.0496E-10 1.0570E-10 1.0643E-10 1.0716E-10 1.0789E-10 1.0860E-10 1.0932E-10 1.1003E-10 1.1073E-10 1.1143E-10 1.1213E-10 1.1282E-10 1.1350E-10 1.1418E-10 1.1485E-10 1.1551E-10 1.1617E-10 1.1682E-10 1.1747E-10 1.1811E-10 1.1874E-10 1.1937E-10 1.1998E-10 1.2060E-10 1.2120E-10 1.2179E-10 1.2238E-10 1.2296E-10 1.2353E-10 1.2410E-10 1.2467E-10 1.2523E-10 1.2580E-10 1.2638E-10 1.2696E-10 1.2756E-10 1.2817E-10 1.2878E-10 1.2940E-10 1.3002E-10 1.3066E-10
9.3635E-11 9.4424E-11 9.5212E-11 9.5997E-11 9.6780E-11 9.7562E-11 9.8341E-11 9.9118E-11 9.9892E-11 1.0066E-10 1.0143E-10 1.0220E-10 1.0296E-10 1.0372E-10 1.0447E-10 1.0523E-10 1.0597E-10 1.0672E-10 1.0746E-10 1.0819E-10 1.0892E-10 1.0965E-10 1.1037E-10 1.1109E-10 1.1180E-10 1.1251E-10 1.1321E-10 1.1390E-10 1.1459E-10 1.1528E-10 1.1595E-10 1.1663E-10 1.1729E-10 1.1795E-10 1.1860E-10 1.1925E-10 1.1989E-10 1.2052E-10 1.2114E-10 1.2176E-10 1.2237E-10 1.2297E-10 1.2356E-10 1.2415E-10 1.2472E-10 1.2530E-10 1.2588E-10 1.2645E-10 1.2704E-10 1.2763E-10 1.2823E-10 1.2884E-10 1.2945E-10 1.3008E-10 1.3071E-10 1.3136E-10 1.3200E-10
9.4528E-11 9.5324E-11 9.6119E-11 9.6912E-11 9.7703E-11 9.8492E-11 9.9279E-11 1.0006E-10 1.0084E-10 1.0162E-10 1.0240E-10 1.0317E-10 1.0394E-10 1.0471E-10 1.0547E-10 1.0623E-10 1.0698E-10 1.0774E-10 1.0848E-10 1.0923E-10 1.0996E-10 1.1070E-10 1.1143E-10 1.1215E-10 1.1287E-10 1.1358E-10 1.1429E-10 1.1499E-10 1.1569E-10 1.1638E-10 1.1706E-10 1.1774E-10 1.1841E-10 1.1908E-10 1.1973E-10 1.2039E-10 1.2103E-10 1.2167E-10 1.2230E-10 1.2292E-10 1.2353E-10 1.2414E-10 1.2474E-10 1.2533E-10 1.2592E-10 1.2650E-10 1.2709E-10 1.2768E-10 1.2827E-10 1.2887E-10 1.2949E-10 1.3012E-10 1.3075E-10 1.3139E-10 1.3204E-10 1.3269E-10 1.3336E-10
9.5421E-11 9.6225E-11 9.7027E-11 9.7828E-11 9.8626E-11 9.9423E-11 1.0022E-10 1.0101E-10 1.0180E-10 1.0258E-10 1.0337E-10 1.0415E-10 1.0492E-10 1.0570E-10 1.0647E-10 1.0723E-10 1.0800E-10 1.0875E-10 1.0951E-10 1.1026E-10 1.1100E-10 1.1174E-10 1.1248E-10 1.1321E-10 1.1393E-10 1.1465E-10 1.1537E-10 1.1608E-10 1.1678E-10 1.1748E-10 1.1817E-10 1.1885E-10 1.1953E-10 1.2020E-10 1.2087E-10 1.2152E-10 1.2218E-10 1.2282E-10 1.2345E-10 1.2408E-10 1.2470E-10 1.2532E-10 1.2592E-10 1.2652E-10 1.2711E-10 1.2771E-10 1.2830E-10 1.2891E-10 1.2951E-10 1.3013E-10 1.3076E-10 1.3140E-10 1.3205E-10 1.3270E-10 1.3337E-10 1.3404E-10 1.3471E-10
9.6314E-11 9.7125E-11 9.7935E-11 9.8744E-11 9.9550E-11 1.0035E-10 1.0116E-10 1.0195E-10 1.0275E-10 1.0354E-10 1.0434E-10 1.0512E-10 1.0591E-10 1.0669E-10 1.0746E-10 1.0824E-10 1.0901E-10 1.0977E-10 1.1053E-10 1.1129E-10 1.1204E-10 1.1279E-10 1.1353E-10 1.1427E-10 1.1500E-10 1.1573E-10 1.1645E-10 1.1717E-10 1.1788E-10 1.1858E-10 1.1928E-10 1.1997E-10 1.2065E-10 1.2133E-10 1.2200E-10 1.2266E-10 1.2332E-10 1.2397E-10 1.2461E-10 1.2525E-10 1.2587E-10 1.2649E-10 1.2710E-10 1.2771E-10 1.2831E-10 1.2891E-10 1.2952E-10 1.3014E-10 1.3076E-10 1.3139E-10 1.3204E-10 1.3269E-10 1.3335E-10 1.3402E-10 1.3470E-10 1.3539E-10 1.3608E-10
9.7207E-11 9.8027E-11 9.8844E-11 9.9660E-11 1.0047E-10 1.0128E-10 1.0209E-10 1.0290E-10 1.0370E-10 1.0451E-10 1.0530E-10 1.0610E-10 1.0689E-10 1.0768E-10 1.0846E-10 1.0924E-10 1.1002E-10 1.1079E-10 1.1156E-10 1.1232E-10 1.1308E-10 1.1384E-10 1.1459E-10 1.1533E-10 1.1607E-10 1.1680E-10 1.1753E-10 1.1825E-10 1.1897E-10 1.1968E-10 1.2038E-10 1.2108E-10 1.2177E-10 1.2246E-10 1.2313E-10 1.2380E-10 1.2447E-10 1.2512E-10 1.2577E-10 1.2641E-10 1.2704E-10 1.2767E-10 1.2828E-10 1.2889E-10 1.2951E-10 1.3012E-10 1.3075E-10 1.3137E-10 1.3201E-10 1.3266E-10 1.3332E-10 1.3399E-10 1.3467E-10 1.3535E-10 1.3604E-10 1.3674E-10 1.4042E-10
9.8101E-11 9.8928E-11 9.9753E-11 1.0058E-10 1.0140E-10 1.0222E-10 1.0303E-10 1.0385E-10 1.0466E-10 1.0547E-10 1.0627E-10 1.0707E-10 1.0787E-10 1.0867E-10 1.0946E-10 1.1025E-10 1.1103E-10 1.1181E-10 1.1259E-10 1.1336E-10 1.1412E-10 1.1489E-10 1.1564E-10 1.1639E-10 1.1714E-10 1.1788E-10 1.1861E-10 1.1934E-10 1.2007E-10 1.2078E-10 1.2149E-10 1.2220E-10 1.2289E-10 1.2358E-10 1.2427E-10 1.2494E-10 1.2561E-10 1.2627E-10 1.2693E-10 1.2757E-10 1.2821E-10 1.2884E-10 1.2947E-10 1.3009E-10 1.3071E-10 1.3134E-10 1.3197E-10 1.3261E-10 1.3327E-10 1.3393E-10 1.3461E-10 1.3826E-10 1.4138E-10 1.5090E-10 1.5380E-10 1.5470E-10 1.5558E-10
9.8994E-11 9.9828E-11 1.0066E-10 1.0149E-10 1.0232E-10 1.0315E-10 1.0397E-10 1.0479E-10 1.0561E-10 1.0643E-10 1.0724E-10 1.0805E-10 1.0886E-10 1.0966E-10 1.1046E-10 1.1125E-10 1.1204E-10 1.1283E-10 1.1361E-10 1.1439E-10 1.1516E-10 1.1593E-10 1.1670E-10 1.1745E-10 1.1821E-10 1.1895E-10 1.1970E-10 1.2043E-10 1.2116E-10 1.2188E-10 1.2260E-10 1.2331E-10 1.2401E-10 1.2471E-10 1.2540E-10 1.2608E-10 1.2676E-10 1.2743E-10 1.2809E-10 1.2874E-10 1.2938E-10 1.3002E-10 1.3065E-10 1.3128E-10 1.3192E-10 1.3256E-10 1.3320E-10 1.3683E-10 1.4862E-10 1.5154E-10 1.5246E-10 1.5339E-10 1.5614E-10 1.5709E-10 1.7005E-10 1.7112E-10 1.7217E-10
9.9887E-11 1.0073E-10 1.0157E-10 1.0241E-10 1.0324E-10 1.0408E-10 1.0491E-10 1.0574E-10 1.0656E-10 1.0739E-10 1.0821E-10 1.0903E-10 1.0984E-10 1.1065E-10 1.1146E-10 1.1226E-10 1.1306E-10 1.1385E-10 1.1464E-10 1.1542E-10 1.1620E-10 1.1698E-10 1.1775E-10 1.1852E-10 1.1927E-10 1.2003E-10 1.2078E-10 1.2152E-10 1.2226E-10 1.2299E-10 1.2371E-10 1.2443E-10 1.2514E-10 1.2584E-10 1.2653E-10 1.2722E-10 1.2790E-10 1.2858E-10 1.2924E-10 1.2990E-10 1.3055E-10 1.3119E-10 1.3183E-10 1.3248E-10 1.3611E-10 1.4798E-10 1.5093E-10 1.5189E-10 1.5467E-10 1.6762E-10 1.6878E-10 1.6994E-10 1.7109E-10 1.7396E-10 1.7510E-10 1.7935E-10 1.8300E-10
1.0078E-10 1.0163E-10 1.0248E-10 1.0332E-10 1.0417E-10 1.0501E-10 1.0585E-10 1.0668E-10 1.0752E-10 1.0835E-10 1.0918E-10 1.1000E-10 1.1082E-10 1.1164E-10 1.1245E-10 1.1326E-10 1.1407E-10 1.1487E-10 1.1567E-10 1.1646E-10 1.1724E-10 1.1803E-10 1.1880E-10 1.1958E-10 1.2034E-10 1.2110E-10 1.2186E-10 1.2261E-10 1.2335E-10 1.2409E-10 1.2482E-10 1.2554E-10 1.2626E-10 1.2696E-10 1.2767E-10 1.2836E-10 1.2905E-10 1.2973E-10 1.3040E-10 1.3107E-10 1.3172E-10 1.3535E-10 1.4723E-10 1.5021E-10 1.5119E-10 1.6589E-10 1.6712E-10 1.6836E-10 1.7130E-10 1.7255E-10 1.7688E-10 1.7815E-10 1.9111E-10 1.9465E-10 1.9773E-10 1.9913E-10 2.0242E-10
1.0167E-10 1.0253E-10 1.0338E-10 1.0424E-10 1.0509E-10 1.0594E-10 1.0678E-10 1.0763E-10 1.0847E-10 1.0931E-10 1.1014E-10 1.1097E-10 1.1180E-10 1.1263E-10 1.1345E-10 1.1427E-10 1.1508E-10 1.1589E-10 1.1669E-10 1.1749E-10 1.1828E-10 1.1907E-10 1.1986E-10 1.2064E-10 1.2141E-10 1.2218E-10 1.2294E-10 1.2369E-10 1.2444E-10 1.2519E-10 1.2592E-10 1.2665E-10 1.2737E-10 1.2809E-10 1.2880E-10 1.2950E-10 1.3019E-10 1.3088E-10 1.3451E-10 1.4633E-10 1.4934E-10 1.5036E-10 1.6508E-10 1.6638E-10 1.6768E-10 1.7070E-10 1.7201E-10 1.7645E-10 1.8947E-10 1.9315E-10 1.9640E-10 1.9987E-10 2.0144E-10 2.3392E-10 2.3583E-10 2.3932E-10 2.4294E-10
1.0256E-10 1.0343E-10 1.0429E-10 1.0515E-10 1.0601E-10 1.0687E-10 1.0772E-10 1.0857E-10 1.0942E-10 1.1027E-10 1.1111E-10 1.1195E-10 1.1278E-10 1.1362E-10 1.1444E-10 1.1527E-10 1.1609E-10 1.1690E-10 1.1771E-10 1.1852E-10 1.1932E-10 1.2012E-10 1.2091E-10 1.2169E-10 1.2247E-10 1.2325E-10 1.2402E-10 1.2478E-10 1.2554E-10 1.2629E-10 1.2703E-10 1.2776E-10 1.2849E-10 1.2922E-10 1.2993E-10 1.3064E-10 1.3431E-10 1.4827E-10 1.4934E-10 1.5223E-10 1.6537E-10 1.6674E-10 1.6983E-10 1.7121E-10 1.7572E-10 1.8886E-10 1.9433E-10 1.9605E-10 2.1774E-10 2.3244E-10 2.3465E-10 2.3846E-10 2.4241E-10 2.4452E-10 2.4985E-10 2.6407E-10 2.6840E-10
1.0345E-10 1.0433E-10 1.0520E-10 1.0606E-10 1.0693E-10 1.0780E-10 1.0866E-10 1.0952E-10 1.1037E-10 1.1122E-10 1.1207E-10 1.1292E-10 1.1376E-10 1.1460E-10 1.1544E-10 1.1627E-10 1.1710E-10 1.1792E-10 1.1874E-10 1.1955E-10 1.2036E-10 1.2116E-10 1.2196E-10 1.2275E-10 1.2354E-10 1.2432E-10 1.2510E-10 1.2586E-10 1.2663E-10 1.2738E-10 1.2813E-10 1.2888E-10 1.2961E-10 1.3034E-10 1.3641E-10 1.4810E-10 1.4922E-10 1.6405E-10 1.6551E-10 1.6866E-10 1.7012E-10 1.7468E-10 1.8784E-10 1.9341E-10 1.9525E-10 2.2967E-10 2.3215E-10 2.3624E-10 2.4048E-10 2.4290E-10 2.4855E-10 2.6313E-10 2.6948E-10 2.7374E-10 2.7620E-10 2.8059E-10 2.9610E-10
1.0434E-10 1.0522E-10 1.0610E-10 1.0698E-10 1.0785E-10 1.0872E-10 1.0959E-10 1.1046E-10 1.1132E-10 1.1218E-10 1.1304E-10 1.1389E-10 1.1474E-10 1.1559E-10 1.1643E-10 1.1727E-10 1.1810E-10 1.1893E-10 1.1976E-10 1.2058E-10 1.2139E-10 1.2220E-10 1.2301E-10 1.2381E-10 1.2460E-10 1.2539E-10 1.2617E-10 1.2695E-10 1.2772E-10 1.2848E-10 1.2924E-10 1.2999E-10 1.3608E-10 1.4781E-10 1.5079E-10 1.6393E-10 1.6546E-10 1.6870E-10 1.7024E-10 1.7738E-10 1.9205E-10 1.9400E-10 2.1600E-10 2.3110E-10 2.3540E-10 2.3988E-10 2.4255E-10 2.4847E-10 2.6500E-10 2.7184E-10 2.7472E-10 2.7953E-10 3.1482E-10 3.1963E-10 3.2446E-10 3.2938E-10 3.3233E-10
1.0523E-10 1.0612E-10 1.0700E-10 1.0789E-10 1.0877E-10 1.0965E-10 1.1052E-10 1.1140E-10 1.1227E-10 1.1314E-10 1.1400E-10 1.1486E-10 1.1572E-10 1.1657E-10 1.1742E-10 1.1827E-10 1.1911E-10 1.1995E-10 1.2078E-10 1.2161E-10 1.2243E-10 1.2325E-10 1.2406E-10 1.2486E-10 1.2567E-10 1.2646E-10 1.2725E-10 1.2803E-10 1.2881E-10 1.2958E-10 1.3331E-10 1.4740E-10 1.5043E-10 1.6361E-10 1.6522E-10 1.6855E-10 1.7017E-10 1.8648E-10 1.9227E-10 1.9622E-10 2.2926E-10 2.3376E-10 2.3844E-10 2.4134E-10 2.4748E-10 2.6425E-10 2.7140E-10 2.7461E-10 3.1203E-10 3.1581E-10 3.2280E-10 3.2833E-10 3.3190E-10 3.3537E-10 3.3871E-10 3.4351E-10 3.4830E-10
1.0612E-10 1.0701E-10 1.0791E-10 1.0880E-10 1.0969E-10 1.1057E-10 1.1146E-10 1.1234E-10 1.1322E-10 1.1409E-10 1.1496E-10 1.1583E-10 1.1670E-10 1.1756E-10 1.1841E-10 1.1927E-10 1.2012E-10 1.2096E-10 1.2180E-10 1.2263E-10 1.2346E-10 1.2429E-10 1.2511E-10 1.2592E-10 1.2673E-10 1.2753E-10 1.2832E-10 1.2911E-10 1.3285E-10 1.4687E-10 1.4994E-10 1.6312E-10 1.6480E-10 1.6820E-10 1.7297E-10 1.8631E-10 1.9223E-10 2.1436E-10 2.2970E-10 2.3441E-10 2.3929E-10 2.4561E-10 2.6247E-10 2.6988E-10 2.7339E-10 3.1109E-10 3.1689E-10 3.2277E-10 3.2878E-10 3.3285E-10 3.3683E-10 3.4227E-10 3.4956E-10 3.5328E-10 3.5687E-10 3.8047E-10 4.1637E-10
1.0700E-10 1.0791E-10 1.0881E-10 1.0970E-10 1.1060E-10 1.1150E-10 1.1239E-10 1.1327E-10 1.1416E-10 1.1504E-10 1.1592E-10 1.1680E-10 1.1767E-10 1.1854E-10 1.1940E-10 1.2026E-10 1.2112E-10 1.2197E-10 1.2282E-10 1.2366E-10 1.2449E-10 1.2532E-10 1.2615E-10 1.2697E-10 1.2778E-10 1.2859E-10 1.2939E-10 1.4423E-10 1.4753E-10 1.6245E-10 1.6419E-10 1.6766E-10 1.6944E-10 1.8588E-10 1.9191E-10 2.1418E-10 2.2971E-10 2.3461E-10 2.3970E-10 2.4623E-10 2.6340E-10 2.7108E-10 2.9579E-10 3.1488E-10 3.2119E-10 3.2764E-10 3.3218E-10 3.3821E-10 3.4429E-10 3.5045E-10 3.5472E-10 4.0976E-10 4.1627E-10 4.2275E-10 4.2919E-10 4.3368E-10 4.3796E-10
1.0789E-10 1.0880E-10 1.0970E-10 1.1061E-10 1.1151E-10 1.1242E-10 1.1331E-10 1.1421E-10 1.1510E-10 1.1599E-10 1.1688E-10 1.1776E-10 1.1864E-10 1.1952E-10 1.2039E-10 1.2126E-10 1.2212E-10 1.2298E-10 1.2383E-10 1.2468E-10 1.2552E-10 1.2636E-10 1.2719E-10 1.2802E-10 1.2884E-10 1.3498E-10 1.4681E-10 1.4998E-10 1.6340E-10 1.6692E-10 1.6877E-10 1.7621E-10 1.9129E-10 2.1362E-10 2.3089E-10 2.3613E-10 2.3964E-10 2.4796E-10 2.6551E-10 2.7173E-10 2.9687E-10 3.1640E-10 3.2306E-10 3.2989E-10 3.3637E-10 3.4293E-10 3.4959E-10 3.8488E-10 4.1203E-10 4.1943E-10 4.2684E-10 4.3233E-10 4.3765E-10 4.4431E-10 4.5089E-10 4.5742E-10 4.6200E-10
1.0877E-10 1.0969E-10 1.1060E-10 1.1152E-10 1.1243E-10 1.1333E-10 1.1424E-10 1.1514E-10 1.1604E-10 1.1694E-10 1.1784E-10 1.1873E-10 1.1961E-10 1.2050E-10 1.2137E-10 1.2225E-10 1.2312E-10 1.2398E-10 1.2484E-10 1.2570E-10 1.2655E-10 1.2739E-10 1.2823E-10 1.2907E-10 1.4597E-10 1.4915E-10 1.6243E-10 1.6600E-10 1.6791E-10 1.7291E-10 1.9040E-10 2.1268E-10 2.2999E-10 2.3363E-10 2.3909E-10 2.4760E-10 2.6534E-10 2.7179E-10 2.9883E-10 3.1884E-10 3.2602E-10 3.3135E-10 3.3821E-10 3.4517E-10 3.8271E-10 4.1034E-10 4.1846E-10 4.2662E-10 4.3290E-10 4.4055E-10 4.4816E-10 4.5576E-10 4.6144E-10 4.6693E-10 5.0602E-10 5.1324E-10 5.2034E-10
1.0965E-10 1.1057E-10 1.1150E-10 1.1242E-10 1.1334E-10 1.1425E-10 1.1517E-10 1.1608E-10 1.1698E-10 1.1789E-10 1.1879E-10 1.1969E-10 1.2058E-10 1.2147E-10 1.2236E-10 1.2324E-10 1.2411E-10 1.2499E-10 1.2585E-10 1.2672E-10 1.2757E-10 1.2843E-10 1.3458E-10 1.4643E-10 1.4968E-10 1.6320E-10 1.6685E-10 1.6882E-10 1.8715E-10 1.9183E-10 2.2702E-10 2.3243E-10 2.3806E-10 2.4352E-10 2.6459E-10 2.7126E-10 2.9851E-10 3.1879E-10 3.2631E-10 3.3354E-10 3.4089E-10 3.4837E-10 3.8497E-10 4.1336E-10 4.2208E-10 4.3086E-10 4.3927E-10 4.4769E-10 4.5612E-10 4.6268E-10 5.0281E-10 5.1133E-10 5.1976E-10 5.2626E-10 5.3249E-10 5.3994E-10 5.4724E-10
1.1053E-10 1.1146E-10 1.1239E-10 1.1332E-10 1.1424E-10 1.1517E-10 1.1609E-10 1.1701E-10 1.1792E-10 1.1883E-10 1.1974E-10 1.2065E-10 1.2155E-10 1.2244E-10 1.2334E-10 1.2423E-10 1.2511E-10 1.2599E-10 1.2686E-10 1.2773E-10 1.2860E-10 1.4541E-10 1.4865E-10 1.6194E-10 1.6562E-10 1.6764E-10 1.7442E-10 1.9048E-10 2.1309E-10 2.3078E-10 2.3654E-10 2.4216E-10 2.5383E-10 2.7011E-10 2.9747E-10 3.1795E-10 3.2577E-10 3.3334E-10 3.4103E-10 3.7912E-10 3.8770E-10 4.1682E-10 4.2623E-10 4.3383E-10 4.4449E-10 4.5369E-10 4.6106E-10 5.0213E-10 5.1167E-10 5.2116E-10 5.2876E-10 5.3613E-10 5.4474E-10 5.5322E-10 6.1999E-10 6.2727E-10 6.3417E-10
1.1140E-10 1.1234E-10 1.1328E-10 1.1421E-10 1.1515E-10 1.1608E-10 1.1701E-10 1.1793E-10 1.1885E-10 1.1977E-10 1.2069E-10 1.2160E-10 1.2251E-10 1.2341E-10 1.2431E-10 1.2521E-10 1.2610E-10 1.2699E-10 1.2787E-10 1.3167E-10 1.4575E-10 1.4905E-10 1.6252E-10 1.6628E-10 1.6836E-10 1.8886E-10 1.9351E-10 2.2869E-10 2.3457E-10 2.3873E-10 2.4779E-10 2.6836E-10 2.9568E-10 3.1627E-10 3.2439E-10 3.3227E-10 3.4030E-10 3.7876E-10 3.8778E-10 4.1738E-10 4.2733E-10 4.3701E-10 4.4677E-10 4.5660E-10 4.9662E-10 5.0859E-10 5.1907E-10 5.2770E-10 5.3763E-10 5.4748E-10 6.1603E-10 6.2515E-10 6.3394E-10 6.4385E-10 6.8835E-10 6.9847E-10 7.0648E-10
1.1227E-10 1.1322E-10 1.1417E-10 1.1511E-10 1.1605E-10 1.1699E-10 1.1792E-10 1.1886E-10 1.1979E-10 1.2071E-10 1.2164E-10 1.2255E-10 1.2347E-10 1.2438E-10 1.2529E-10 1.2619E-10 1.2709E-10 1.2798E-10 1.3182E-10 1.4604E-10 1.4940E-10 1.6474E-10 1.6687E-10 1.7373E-10 1.8982E-10 2.1250E-10 2.3039E-10 2.3644E-10 2.4238E-10 2.6386E-10 2.7271E-10 3.0084E-10 3.2032E-10 3.3034E-10 3.3867E-10 3.7729E-10 3.8673E-10 4.1667E-10 4.2713E-10 4.3735E-10 4.4767E-10 4.5811E-10 5.0057E-10 5.1181E-10 5.2309E-10 5.3401E-10 6.0256E-10 6.1502E-10 6.2558E-10 6.3731E-10 6.8323E-10 6.9547E-10 7.0569E-10 7.1551E-10 7.2636E-10 7.3689E-10 7.4708E-10
