Assets/Resources/2015_m01_d23_1000(utc+0800)_l00_csi_1hr_conc.grd
DSAA
         159         159
     -79.000      79.000
     -79.000      79.000
  0.0000E+00  0.8503E-06
[rows 75 to 99 of 159, columns 57 to 113 of 159]
9.9726E-10 1.0352E-09 1.0743E-09 1.1142E-09 1.1547E-09 1.1965E-09 1.2390E-09 1.2822E-09 1.3265E-09 1.3716E-09 1.4175E-09 1.4753E-09 1.5247E-09 1.5746E-09 1.6374E-09 1.6911E-09 1.7462E-09 1.8142E-09 1.8913E-09 1.9561E-09 2.0204E-09 2.0878E-09 2.1551E-09 2.2229E-09 2.2924E-09 2.3635E-09 2.4364E-09 2.5110E-09 2.5874E-09 2.6656E-09 2.7457E-09 2.8278E-09 2.9119E-09 2.9980E-09 3.0861E-09 3.1771E-09 3.2702E-09 3.3670E-09 3.4680E-09 3.5724E-09 3.6808E-09 3.8200E-09 3.9938E-09 4.1916E-09 4.3627E-09 4.5469E-09 4.7485E-09 4.9626E-09 5.1930E-09 5.4405E-09 5.7042E-09 5.9836E-09 6.2864E-09 6.6103E-09 6.9676E-09 7.3606E-09 7.7825E-09
9.8304E-10 1.0206E-09 1.0590E-09 1.0983E-09 1.1382E-09 1.1794E-09 1.2214E-09 1.2641E-09 1.3078E-09 1.3523E-09 1.3975E-09 1.4547E-09 1.5036E-09 1.5532E-09 1.6156E-09 1.6687E-09 1.7229E-09 1.7905E-09 1.8692E-09 1.9316E-09 1.9969E-09 2.0624E-09 2.1293E-09 2.1967E-09 2.2658E-09 2.3365E-09 2.4090E-09 2.4832E-09 2.5593E-09 2.6373E-09 2.7172E-09 2.7991E-09 2.8830E-09 2.9690E-09 3.0572E-09 3.1482E-09 3.2417E-09 3.3396E-09 3.4415E-09 3.5469E-09 3.6571E-09 3.8144E-09 4.0104E-09 4.1882E-09 4.3667E-09 4.5610E-09 4.7718E-09 4.9986E-09 5.2423E-09 5.5035E-09 5.7499E-09 6.0520E-09 6.4112E-09 6.7664E-09 7.1610E-09 7.5838E-09 8.0448E-09
9.6869E-10 1.0057E-09 1.0435E-09 1.0823E-09 1.1219E-09 1.1623E-09 1.2036E-09 1.2457E-09 1.2888E-09 1.3328E-09 1.3772E-09 1.4345E-09 1.4822E-09 1.5313E-09 1.5931E-09 1.6457E-09 1.6993E-09 1.7668E-09 1.8448E-09 1.9068E-09 1.9716E-09 2.0377E-09 2.1030E-09 2.1700E-09 2.2386E-09 2.3089E-09 2.3810E-09 2.4549E-09 2.5306E-09 2.6083E-09 2.6879E-09 2.7695E-09 2.8532E-09 2.9390E-09 3.0273E-09 3.1182E-09 3.2123E-09 3.3110E-09 3.4133E-09 3.5201E-09 3.6318E-09 3.8079E-09 4.0151E-09 4.1892E-09 4.3750E-09 4.5795E-09 4.8018E-09 5.0397E-09 5.3031E-09 5.5850E-09 5.8839E-09 6.1872E-09 6.5688E-09 6.9596E-09 7.3877E-09 7.8513E-09 8.3502E-09
9.5424E-10 9.9065E-10 1.0281E-09 1.0661E-09 1.1052E-09 1.1452E-09 1.1857E-09 1.2272E-09 1.2698E-09 1.3130E-09 1.3568E-09 1.4136E-09 1.4611E-09 1.5091E-09 1.5708E-09 1.6227E-09 1.6869E-09 1.7424E-09 1.8201E-09 1.8831E-09 1.9459E-09 2.0115E-09 2.0763E-09 2.1427E-09 2.2108E-09 2.2807E-09 2.3523E-09 2.4258E-09 2.5012E-09 2.5785E-09 2.6577E-09 2.7391E-09 2.8225E-09 2.9081E-09 2.9963E-09 3.0871E-09 3.1819E-09 3.2813E-09 3.3846E-09 3.4929E-09 3.6075E-09 3.7929E-09 4.0098E-09 4.1887E-09 4.3843E-09 4.6027E-09 4.8413E-09 5.1012E-09 5.3821E-09 5.6870E-09 6.0201E-09 6.3369E-09 6.7298E-09 7.1998E-09 7.6667E-09 8.1718E-09 8.7159E-09
9.3969E-10 9.7568E-10 1.0125E-09 1.0499E-09 1.0883E-09 1.1278E-09 1.1678E-09 1.2085E-09 1.2505E-09 1.2931E-09 1.3364E-09 1.3925E-09 1.4394E-09 1.4867E-09 1.5479E-09 1.5992E-09 1.6632E-09 1.7181E-09 1.7954E-09 1.8575E-09 1.9212E-09 1.9849E-09 2.0491E-09 2.1150E-09 2.1826E-09 2.2520E-09 2.3231E-09 2.3961E-09 2.4717E-09 2.5503E-09 2.6299E-09 2.7078E-09 2.7909E-09 2.8763E-09 2.9643E-09 3.0552E-09 3.1508E-09 3.2507E-09 3.3548E-09 3.4645E-09 3.5975E-09 3.7953E-09 4.0024E-09 4.1917E-09 4.4064E-09 4.6436E-09 4.9030E-09 5.1855E-09 5.4939E-09 5.8339E-09 6.2026E-09 6.5669E-09 6.9841E-09 7.5037E-09 8.0096E-09 8.5612E-09 9.1545E-09
9.2519E-10 9.6049E-10 9.9677E-10 1.0337E-09 1.0714E-09 1.1102E-09 1.1497E-09 1.1899E-09 1.2311E-09 1.2731E-09 1.3157E-09 1.3714E-09 1.4176E-09 1.4645E-09 1.5248E-09 1.5758E-09 1.6389E-09 1.6932E-09 1.7704E-09 1.8315E-09 1.8947E-09 1.9578E-09 2.0260E-09 7.0741E-07 2.1545E-09 2.2227E-09 2.2938E-09 2.3742E-09 2.4847E-09 2.6424E-09 2.7659E-09 2.8043E-09 2.8224E-09 2.8438E-09 2.9313E-09 3.0224E-09 3.1185E-09 3.2187E-09 3.3243E-09 3.4382E-09 3.6046E-09 3.7799E-09 4.0036E-09 4.2127E-09 4.4466E-09 4.7069E-09 4.9935E-09 5.3095E-09 5.6574E-09 6.0349E-09 6.4417E-09 6.8864E-09 7.3651E-09 7.8798E-09 8.4403E-09 9.0415E-09 9.6868E-09
9.1050E-10 9.4535E-10 9.8094E-10 1.0172E-09 1.0545E-09 1.0926E-09 1.1314E-09 1.1710E-09 1.2116E-09 1.2529E-09 1.2949E-09 1.3500E-09 1.3955E-09 1.4418E-09 1.5015E-09 1.5519E-09 1.6144E-09 1.6684E-09 1.7447E-09 1.8056E-09 1.8679E-09 1.9304E-09 1.9939E-09 8.5026E-07 1.5924E-07 2.3132E-09 2.4826E-09 2.8489E-09 3.2496E-09 3.5491E-09 3.6444E-09 3.5021E-09 3.2745E-09 3.1250E-09 2.9628E-09 2.9909E-09 3.0853E-09 3.1864E-09 3.2940E-09 3.4120E-09 3.5844E-09 3.7760E-09 4.0202E-09 4.2524E-09 4.5162E-09 4.8147E-09 5.1428E-09 5.5022E-09 5.8909E-09 6.3134E-09 6.7671E-09 7.2649E-09 7.7263E-09 8.2970E-09 8.9775E-09 9.6390E-09 1.0334E-08
8.9575E-10 9.3004E-10 9.6505E-10 1.0008E-09 1.0374E-09 1.0749E-09 1.1131E-09 1.1521E-09 1.1922E-09 1.2328E-09 1.2740E-09 1.3285E-09 1.3733E-09 1.4190E-09 1.4788E-09 1.5281E-09 1.5897E-09 1.6430E-09 1.7200E-09 1.7802E-09 1.8407E-09 1.9026E-09 1.9654E-09 1.4145E-07 4.2752E-07 6.9249E-08 6.1075E-09 5.3177E-09 6.3609E-09 6.8399E-09 6.6370E-09 5.9023E-09 4.9975E-09 4.1956E-09 3.6948E-09 3.3339E-09 3.1559E-09 3.1632E-09 3.2674E-09 3.3892E-09 3.5795E-09 3.8097E-09 4.0714E-09 4.3440E-09 4.6577E-09 5.0017E-09 5.3798E-09 5.7867E-09 6.2276E-09 6.7011E-09 7.2097E-09 7.7633E-09 8.3554E-09 8.9858E-09 9.6579E-09 1.0374E-08 1.1130E-08
8.8097E-10 9.1469E-10 9.4912E-10 9.8424E-10 1.0203E-09 1.0572E-09 1.0947E-09 1.1331E-09 1.1726E-09 1.2125E-09 1.2532E-09 1.3069E-09 1.3511E-09 1.4072E-09 1.4552E-09 1.5039E-09 1.5647E-09 1.6356E-09 1.6938E-09 1.7534E-09 1.8132E-09 1.8744E-09 1.9512E-09 2.8372E-08 2.5732E-07 2.1051E-07 5.0467E-08 1.5989E-08 1.4670E-08 1.5008E-08 1.3858E-08 1.1791E-08 9.3496E-09 7.2341E-09 5.6461E-09 4.6390E-09 3.9778E-09 3.5605E-09 3.4173E-09 3.4449E-09 3.6295E-09 3.9037E-09 4.2024E-09 4.5212E-09 4.8794E-09 5.2779E-09 5.7143E-09 6.1905E-09 6.6972E-09 7.2393E-09 7.8160E-09 8.4325E-09 9.0893E-09 9.6992E-09 1.0448E-08 1.1303E-08 1.2095E-08
8.6616E-10 8.9931E-10 9.3315E-10 9.6768E-10 1.0031E-09 1.0394E-09 1.0763E-09 1.1140E-09 1.1529E-09 1.1921E-09 1.2321E-09 1.2855E-09 1.3290E-09 1.3842E-09 1.4315E-09 1.4794E-09 1.5400E-09 1.6098E-09 1.6674E-09 1.7263E-09 1.7866E-09 1.8460E-09 1.9608E-09 9.5289E-09 1.1899E-07 2.4218E-07 1.4589E-07 5.7880E-08 3.4037E-08 2.9312E-08 2.6315E-08 2.2272E-08 1.7712E-08 1.3463E-08 1.0105E-08 7.6866E-09 6.0639E-09 5.0419E-09 4.3139E-09 4.0172E-09 3.9817E-09 4.1347E-09 4.4584E-09 4.8233E-09 5.2477E-09 5.7093E-09 6.2208E-09 6.7643E-09 7.3484E-09 7.9681E-09 8.6169E-09 9.3143E-09 1.0054E-08 1.0818E-08 1.1525E-08 1.2443E-08 1.3288E-08
8.5133E-10 8.8391E-10 9.1717E-10 9.5109E-10 9.8593E-10 1.0216E-09 1.0580E-09 1.0950E-09 1.1331E-09 1.1717E-09 1.2110E-09 1.2639E-09 1.3066E-09 1.3614E-09 1.4076E-09 1.4549E-09 1.5148E-09 1.5846E-09 1.6411E-09 1.6990E-09 1.7586E-09 1.8173E-09 1.9760E-09 4.7946E-09 5.5385E-08 1.7920E-07 2.0549E-07 1.2572E-07 7.1079E-08 5.0988E-08 4.2325E-08 3.6341E-08 2.9949E-08 2.3597E-08 1.8045E-08 1.3673E-08 1.0424E-08 8.1380E-09 6.6144E-09 5.5848E-09 5.0398E-09 4.9490E-09 4.9774E-09 5.3763E-09 5.8657E-09 6.3951E-09 6.9898E-09 7.6092E-09 8.2732E-09 8.9628E-09 9.6896E-09 1.0465E-08 1.1278E-08 1.2123E-08 1.2914E-08 1.3785E-08 1.4705E-08
8.3650E-10 8.6850E-10 9.0117E-10 9.3450E-10 9.6884E-10 1.0037E-09 1.0395E-09 1.0759E-09 1.1134E-09 1.1513E-09 1.1899E-09 1.2421E-09 1.2841E-09 1.3270E-09 1.3840E-09 1.4303E-09 1.4894E-09 1.5586E-09 1.6143E-09 1.6718E-09 1.7303E-09 1.7883E-09 1.9487E-09 3.9562E-09 2.8434E-08 1.1207E-07 1.9077E-07 1.7458E-07 1.1614E-07 7.8656E-08 6.1274E-08 5.1409E-08 4.4190E-08 3.6856E-08 2.9672E-08 2.3330E-08 1.8090E-08 1.4009E-08 1.0920E-08 8.7728E-09 7.3678E-09 6.6522E-09 6.3672E-09 6.3462E-09 6.8241E-09 7.4496E-09 8.1103E-09 8.8129E-09 9.5557E-09 1.0314E-08 1.1112E-08 1.1951E-08 1.2841E-08 1.3734E-08 1.4534E-08 1.5444E-08 1.6403E-08
8.2167E-10 8.5308E-10 8.8518E-10 9.1802E-10 9.5163E-10 9.8591E-10 1.0210E-09 1.0568E-09 1.0936E-09 1.1308E-09 1.1688E-09 1.2202E-09 1.2616E-09 1.3037E-09 1.3601E-09 1.4056E-09 1.4640E-09 1.5142E-09 1.5873E-09 1.6441E-09 1.7018E-09 1.7590E-09 1.8995E-09 3.2960E-09 1.6225E-08 6.5660E-08 1.4383E-07 1.7728E-07 1.4863E-07 1.0763E-07 8.1242E-08 6.7337E-08 5.8588E-08 5.1173E-08 4.3809E-08 3.6412E-08 2.9466E-08 2.3347E-08 1.8266E-08 1.4319E-08 1.1529E-08 9.8054E-09 8.8196E-09 8.5042E-09 8.4504E-09 8.9639E-09 9.7033E-09 1.0482E-08 1.1267E-08 1.2106E-08 1.2939E-08 1.3849E-08 1.4770E-08 1.5725E-08 1.6647E-08 1.7558E-08 1.8425E-08
8.0687E-10 8.3770E-10 8.6920E-10 9.0145E-10 9.3431E-10 9.6809E-10 1.0026E-09 1.0377E-09 1.0738E-09 1.1104E-09 1.1477E-09 1.1984E-09 1.2390E-09 1.2805E-09 1.3360E-09 1.3808E-09 1.4384E-09 1.4879E-09 1.5602E-09 1.6162E-09 1.6732E-09 1.7296E-09 1.8351E-09 2.7704E-09 9.5485E-09 3.7693E-08 9.5786E-08 1.4926E-07 1.5654E-07 1.2937E-07 1.0078E-07 8.2504E-08 7.2343E-08 6.5343E-08 5.8556E-08 5.1527E-08 4.3960E-08 3.6214E-08 2.9002E-08 2.2882E-08 1.8164E-08 1.4914E-08 1.2906E-08 1.1801E-08 1.1384E-08 1.1435E-08 1.1881E-08 1.2694E-08 1.3531E-08 1.4380E-08 1.5272E-08 1.6181E-08 1.7151E-08 1.8104E-08 1.9045E-08 1.9783E-08 2.0610E-08
7.9208E-10 8.2234E-10 8.5326E-10 8.8490E-10 9.1715E-10 9.5030E-10 9.8416E-10 1.0186E-09 1.0541E-09 1.0900E-09 1.1266E-09 1.1765E-09 1.2164E-09 1.2572E-09 1.3120E-09 1.3560E-09 1.4131E-09 1.4615E-09 1.5329E-09 1.5881E-09 1.6443E-09 1.6999E-09 1.7885E-09 2.3938E-09 5.6605E-09 2.2249E-08 6.1280E-08 1.1202E-07 1.4117E-07 1.3695E-07 1.1601E-07 9.6654E-08 8.4504E-08 7.7687E-08 7.2588E-08 6.6758E-08 5.9664E-08 5.1382E-08 4.2697E-08 3.4419E-08 2.7530E-08 2.2363E-08 1.8829E-08 1.6695E-08 1.5578E-08 1.5180E-08 1.5213E-08 1.5590E-08 1.6390E-08 1.7244E-08 1.8105E-08 1.9021E-08 1.9974E-08 2.0915E-08 2.1812E-08 2.2629E-08 2.3349E-08
7.7734E-10 8.0702E-10 8.3734E-10 8.6839E-10 9.0002E-10 9.3254E-10 9.6577E-10 9.9957E-10 1.0344E-09 1.0696E-09 1.1056E-09 1.1547E-09 1.1939E-09 1.2339E-09 1.2879E-09 1.3312E-09 1.3875E-09 1.4350E-09 1.5056E-09 1.5611E-09 1.6153E-09 1.6701E-09 1.7521E-09 2.0972E-09 3.8499E-09 1.3792E-08 3.8848E-08 7.9059E-08 1.1631E-07 1.2994E-07 1.2172E-07 1.0677E-07 9.4620E-08 8.7807E-08 8.4025E-08 8.0198E-08 7.4669E-08 6.7008E-08 5.7714E-08 4.8051E-08 3.9261E-08 3.2086E-08 2.6828E-08 2.3273E-08 2.1138E-08 2.0033E-08 1.9632E-08 1.9704E-08 1.9946E-08 2.0663E-08 2.1490E-08 2.2358E-08 2.3249E-08 2.4135E-08 2.4942E-08 2.5654E-08 2.6082E-08
7.6263E-10 7.9161E-10 8.2148E-10 8.5192E-10 8.8294E-10 9.1483E-10 9.4742E-10 9.8057E-10 1.0147E-09 1.0493E-09 1.0846E-09 1.1325E-09 1.1714E-09 1.2110E-09 1.2638E-09 1.3067E-09 1.3618E-09 1.4086E-09 1.4781E-09 1.5328E-09 1.5862E-09 1.6401E-09 1.6958E-09 1.9602E-09 3.0342E-09 8.9815E-09 2.4854E-08 5.4388E-08 8.8802E-08 1.1256E-07 1.1786E-07 1.1057E-07 1.0103E-07 9.4761E-08 9.2070E-08 9.0518E-08 8.7121E-08 8.0904E-08 7.2374E-08 6.2334E-08 5.2341E-08 4.3581E-08 3.6641E-08 3.1574E-08 2.8170E-08 2.6099E-08 2.5009E-08 2.4589E-08 2.4583E-08 2.4854E-08 2.5370E-08 2.6148E-08 2.6934E-08 2.7700E-08 2.8401E-08 2.8960E-08 2.9404E-08
7.4799E-10 7.7640E-10 8.0567E-10 8.3552E-10 8.6593E-10 8.9719E-10 9.2914E-10 9.6164E-10 9.9497E-10 1.0290E-09 1.0637E-09 1.1108E-09 1.1489E-09 1.1878E-09 1.2398E-09 1.2819E-09 1.3246E-09 1.3821E-09 1.4506E-09 1.5044E-09 1.5570E-09 1.6101E-09 1.6652E-09 1.8060E-09 2.5189E-09 6.2124E-09 1.6498E-08 3.6739E-08 6.5107E-08 9.1217E-08 1.0494E-07 1.0650E-07 1.0202E-07 9.7765E-08 9.6426E-08 9.6411E-08 9.5517E-08 9.1780E-08 8.4819E-08 7.5559E-08 6.5431E-08 5.5831E-08 4.7611E-08 4.1175E-08 3.6485E-08 3.3289E-08 3.1317E-08 3.0217E-08 2.9762E-08 2.9724E-08 2.9880E-08 3.0280E-08 3.0926E-08 3.1560E-08 3.2088E-08 3.2491E-08 3.2739E-08
7.3341E-10 7.6125E-10 7.8981E-10 8.1918E-10 8.4898E-10 8.7962E-10 9.1093E-10 9.4279E-10 9.7546E-10 1.0088E-09 1.0428E-09 1.0891E-09 1.1265E-09 1.1647E-09 1.2157E-09 1.2571E-09 1.2991E-09 1.3556E-09 1.4231E-09 1.4760E-09 1.5279E-09 1.5804E-09 1.6345E-09 1.7449E-09 2.2335E-09 4.3881E-09 1.1024E-08 2.4934E-08 4.6190E-08 6.9733E-08 8.7761E-08 9.5645E-08 9.6765E-08 9.6033E-08 9.6343E-08 9.8091E-08 9.9413E-08 9.8250E-08 9.3842E-08 8.6408E-08 7.7164E-08 6.7628E-08 5.8803E-08 5.1395E-08 4.5601E-08 4.1323E-08 3.8396E-08 3.6512E-08 3.5441E-08 3.4929E-08 3.4764E-08 3.4862E-08 3.5113E-08 3.5555E-08 3.5914E-08 3.6114E-08 3.6155E-08
7.1891E-10 7.4618E-10 7.7415E-10 8.0281E-10 8.3212E-10 8.6200E-10 8.9281E-10 9.2402E-10 9.5603E-10 9.8871E-10 1.0220E-09 1.0675E-09 1.1041E-09 1.1416E-09 1.1914E-09 1.2320E-09 1.2735E-09 1.3287E-09 1.3943E-09 1.4468E-09 1.4991E-09 1.5508E-09 1.6044E-09 1.6669E-09 2.0108E-09 3.3095E-09 7.8015E-09 1.6957E-08 3.2192E-08 5.1217E-08 6.8881E-08 8.0837E-08 8.6540E-08 8.9174E-08 9.1792E-08 9.5230E-08 9.8574E-08 1.0008E-07 9.8553E-08 9.3647E-08 8.6288E-08 7.7749E-08 6.9118E-08 6.1365E-08 5.4858E-08 4.9713E-08 4.5895E-08 4.3201E-08 4.1436E-08 4.0364E-08 3.9782E-08 3.9567E-08 3.9521E-08 3.9567E-08 3.9705E-08 3.9708E-08 3.9529E-08
7.0448E-10 7.3119E-10 7.5846E-10 7.8664E-10 8.1535E-10 8.4461E-10 8.7479E-10 9.0535E-10 9.3657E-10 9.6871E-10 1.0013E-09 1.0456E-09 1.0819E-09 1.1186E-09 1.1675E-09 1.2073E-09 1.2481E-09 1.3025E-09 1.3673E-09 1.4188E-09 1.4705E-09 1.5216E-09 1.5744E-09 1.6385E-09 1.8945E-09 2.6879E-09 5.5925E-09 1.1663E-08 2.2186E-08 3.6455E-08 5.1740E-08 6.4294E-08 7.2556E-08 7.8156E-08 8.3011E-08 8.8219E-08 9.3484E-08 9.7396E-08 9.8646E-08 9.6695E-08 9.1887E-08 8.5145E-08 7.7588E-08 7.0119E-08 6.3451E-08 5.7795E-08 5.3293E-08 4.9880E-08 4.7440E-08 4.5791E-08 4.4724E-08 4.4105E-08 4.3766E-08 4.3583E-08 4.3335E-08 4.3125E-08 4.2751E-08
6.9003E-10 7.1629E-10 7.4299E-10 7.7058E-10 7.9868E-10 8.2720E-10 8.5674E-10 8.8680E-10 9.1722E-10 9.4883E-10 9.8078E-10 1.0242E-09 1.0598E-09 1.0958E-09 1.1434E-09 1.1828E-09 1.2230E-09 1.2765E-09 1.3392E-09 1.3913E-09 1.4422E-09 1.4926E-09 1.5451E-09 1.6101E-09 1.7797E-09 2.3164E-09 4.2273E-09 8.2205E-09 1.5232E-08 2.5335E-08 3.7168E-08 4.8513E-08 5.7595E-08 6.4751E-08 7.1274E-08 7.8077E-08 8.4819E-08 9.0750E-08 9.4606E-08 9.5563E-08 9.3560E-08 8.9180E-08 8.3350E-08 7.6856E-08 7.0589E-08 6.4897E-08 6.0009E-08 5.6088E-08 5.3073E-08 5.0890E-08 4.9353E-08 4.8334E-08 4.7665E-08 4.7203E-08 4.6757E-08 4.6282E-08 4.6261E-08
6.7580E-10 7.0138E-10 7.2749E-10 7.5462E-10 7.8213E-10 8.0990E-10 8.3895E-10 8.6836E-10 8.9813E-10 9.2908E-10 9.6036E-10 9.9198E-10 1.0377E-09 1.0730E-09 1.1085E-09 1.1587E-09 1.1982E-09 1.2506E-09 1.3126E-09 1.3640E-09 1.4143E-09 1.4643E-09 1.5160E-09 1.5695E-09 1.6991E-09 2.0954E-09 3.2543E-09 5.8734E-09 1.0545E-08 1.7406E-08 2.5896E-08 3.5023E-08 4.3431E-08 5.1072E-08 5.8457E-08 6.6085E-08 7.3889E-08 8.1266E-08 8.7172E-08 9.0677E-08 9.1476E-08 8.9711E-08 8.5941E-08 8.0994E-08 7.5638E-08 7.0361E-08 6.5512E-08 6.1343E-08 5.7954E-08 5.5343E-08 5.3404E-08 5.2016E-08 5.1042E-08 5.0313E-08 4.9677E-08 4.9666E-08 4.8676E-08
6.6155E-10 6.8670E-10 7.1224E-10 7.3866E-10 7.6569E-10 7.9299E-10 8.2128E-10 8.5006E-10 8.7919E-10 9.0933E-10 9.4007E-10 9.7101E-10 1.0156E-09 1.0507E-09 1.0855E-09 1.1349E-09 1.1738E-09 1.2248E-09 1.2682E-09 1.3372E-09 1.3869E-09 1.4361E-09 1.4870E-09 1.5396E-09 1.6182E-09 1.9021E-09 2.6725E-09 4.3783E-09 7.3421E-09 1.1798E-08 1.7569E-08 2.4438E-08 3.1535E-08 3.8650E-08 4.5923E-08 5.3705E-08 6.1934E-08 7.0110E-08 7.7432E-08 8.3008E-08 8.6162E-08 8.6881E-08 8.5383E-08 8.2250E-08 7.8210E-08 7.3728E-08 6.9317E-08 6.5227E-08 6.1712E-08 5.8852E-08 5.6621E-08 5.4934E-08 5.3707E-08 5.3221E-08 5.2430E-08 5.1305E-08 4.9901E-08
6.4742E-10 6.7213E-10 6.9710E-10 7.2294E-10 7.4938E-10 7.7608E-10 8.0362E-10 8.3189E-10 8.6038E-10 8.8987E-10 9.1982E-10 9.5021E-10 9.9415E-10 1.0282E-09 1.0626E-09 1.1110E-09 1.1495E-09 1.1999E-09 1.2421E-09 1.3096E-09 1.3596E-09 1.4080E-09 1.4580E-09 1.5097E-09 1.5816E-09 1.7874E-09 2.2553E-09 3.3683E-09 5.2382E-09 8.0546E-09 1.1747E-08 1.6608E-08 2.2141E-08 2.8158E-08 3.4729E-08 4.2075E-08 5.0120E-08 5.8499E-08 6.6559E-08 7.3451E-08 7.8487E-08 8.1305E-08 8.1974E-08 8.0700E-08 7.8143E-08 7.4807E-08 7.1109E-08 6.7434E-08 6.4050E-08 6.1159E-08 5.8791E-08 5.6968E-08 5.5949E-08 5.4575E-08 5.3315E-08 5.1948E-08 5.0715E-08
