Assets/Resources/2015_m01_d13_1900(utc+0800)_l00_csi_1hr_conc.grd
DSAA
         159         159
     -79.000      79.000
     -79.000      79.000
  0.0000E+00  0.3669E-05
[rows 75 to 99 of 159, columns 0 to 56 of 159]
4.7333E-09 4.8982E-09 5.0519E-09 5.1963E-09 5.3230E-09 5.4343E-09 5.5251E-09 5.6013E-09 5.6629E-09 5.7152E-09 5.7564E-09 5.7846E-09 5.8060E-09 5.8108E-09 5.7974E-09 5.7672E-09 5.7203E-09 5.6651E-09 5.5940E-09 5.5214E-09 5.4423E-09 5.3540E-09 5.2676E-09 5.1735E-09 5.0766E-09 4.9767E-09 4.8778E-09 4.7825E-09 4.6960E-09 4.6253E-09 4.5733E-09 4.5396E-09 4.5300E-09 4.5354E-09 4.5678E-09 4.6213E-09 4.6622E-09 4.7350E-09 4.8864E-09 5.0850E-09 5.3402E-09 5.6355E-09 6.0181E-09 6.4559E-09 7.0431E-09 7.7494E-09 8.7119E-09 9.9037E-09 1.1459E-08 1.3402E-08 1.5816E-08 1.8717E-08 2.2148E-08 2.6060E-08 3.0318E-08 3.4825E-08 3.9352E-08
4.2287E-09 4.3679E-09 4.4934E-09 4.6081E-09 4.7100E-09 4.7953E-09 4.8704E-09 4.9305E-09 4.9936E-09 5.0410E-09 5.0844E-09 5.1181E-09 5.1344E-09 5.1382E-09 5.1235E-09 5.0926E-09 5.0468E-09 4.9867E-09 4.9182E-09 4.8408E-09 4.7609E-09 4.6729E-09 4.5799E-09 4.4919E-09 4.3971E-09 4.3058E-09 4.2079E-09 4.1126E-09 4.0205E-09 3.9467E-09 3.8823E-09 3.8415E-09 3.8085E-09 3.8023E-09 3.8085E-09 3.8100E-09 3.8173E-09 3.8750E-09 4.0036E-09 4.1487E-09 4.3455E-09 4.5661E-09 4.8663E-09 5.2163E-09 5.6995E-09 6.2923E-09 7.1031E-09 8.1180E-09 9.4601E-09 1.1152E-08 1.3269E-08 1.5847E-08 1.8957E-08 2.2534E-08 2.6519E-08 3.0799E-08 3.5238E-08
3.7370E-09 3.8431E-09 3.9424E-09 4.0311E-09 4.1080E-09 4.1814E-09 4.2506E-09 4.3170E-09 4.3753E-09 4.4304E-09 4.4686E-09 4.5002E-09 4.5159E-09 4.5163E-09 4.5024E-09 4.4736E-09 4.4304E-09 4.3773E-09 4.3087E-09 4.2288E-09 4.1433E-09 4.0593E-09 3.9742E-09 3.8808E-09 3.7869E-09 3.6936E-09 3.6051E-09 3.5227E-09 3.4302E-09 3.3486E-09 3.2902E-09 3.2371E-09 3.1986E-09 3.1814E-09 3.1578E-09 3.1025E-09 3.1020E-09 3.1503E-09 3.2234E-09 3.3251E-09 3.4559E-09 3.6229E-09 3.8437E-09 4.1217E-09 4.4892E-09 4.9715E-09 5.6184E-09 6.4521E-09 7.5498E-09 8.9479E-09 1.0688E-08 1.2882E-08 1.5522E-08 1.8608E-08 2.2107E-08 2.5933E-08 2.9951E-08
3.2762E-09 3.3600E-09 3.4355E-09 3.5038E-09 3.5705E-09 3.6343E-09 3.6959E-09 3.7552E-09 3.8064E-09 3.8486E-09 3.8791E-09 3.8973E-09 3.9024E-09 3.8946E-09 3.8761E-09 3.8563E-09 3.8129E-09 3.7589E-09 3.7064E-09 3.6316E-09 3.5586E-09 3.4663E-09 3.3777E-09 3.2864E-09 3.1897E-09 3.1071E-09 3.0093E-09 2.9312E-09 2.8572E-09 2.7831E-09 2.7082E-09 2.6526E-09 2.6093E-09 2.5569E-09 2.4759E-09 2.4483E-09 2.4611E-09 2.4997E-09 2.5430E-09 2.6207E-09 2.6978E-09 2.8276E-09 2.9719E-09 3.1928E-09 3.4480E-09 3.8330E-09 4.3151E-09 4.9706E-09 5.8140E-09 6.9163E-09 8.2843E-09 1.0021E-08 1.2159E-08 1.4657E-08 1.7533E-08 2.0703E-08 2.4076E-08
2.8437E-09 2.9083E-09 2.9725E-09 3.0355E-09 3.1019E-09 3.1676E-09 3.2281E-09 3.2866E-09 3.3364E-09 3.3741E-09 3.4007E-09 3.4172E-09 3.4219E-09 3.4141E-09 3.3943E-09 3.3626E-09 3.3206E-09 3.2695E-09 3.2102E-09 3.1429E-09 3.0671E-09 2.9830E-09 2.8914E-09 2.7987E-09 2.7076E-09 2.6152E-09 2.5445E-09 2.4725E-09 2.4008E-09 2.3485E-09 2.2876E-09 2.2410E-09 2.1727E-09 2.0703E-09 2.0062E-09 1.9924E-09 1.9852E-09 2.0028E-09 2.0171E-09 2.0557E-09 2.1180E-09 2.1790E-09 2.2856E-09 2.4224E-09 2.6101E-09 2.8798E-09 3.2269E-09 3.7105E-09 4.3322E-09 5.1559E-09 6.1555E-09 7.4771E-09 9.0965E-09 1.0995E-08 1.3198E-08 1.5623E-08 1.8264E-08
2.4435E-09 2.5036E-09 2.5623E-09 2.6272E-09 2.6917E-09 2.7574E-09 2.8181E-09 2.8686E-09 2.9118E-09 2.9448E-09 2.9705E-09 2.9846E-09 2.9888E-09 2.9815E-09 2.9629E-09 2.9340E-09 2.8964E-09 2.8513E-09 2.7994E-09 2.7407E-09 2.6746E-09 2.6013E-09 2.5216E-09 2.4361E-09 2.3508E-09 2.2629E-09 2.1793E-09 2.0966E-09 2.0322E-09 1.9673E-09 1.9206E-09 1.8366E-09 1.7511E-09 1.6973E-09 1.6529E-09 1.6316E-09 1.6285E-09 1.6143E-09 1.6184E-09 1.6146E-09 1.6445E-09 1.6792E-09 1.7332E-09 1.8027E-09 1.9271E-09 2.0815E-09 2.3566E-09 2.6655E-09 3.1169E-09 3.6492E-09 4.4032E-09 5.3402E-09 6.4872E-09 7.8414E-09 9.3838E-09 1.1138E-08 1.3060E-08
2.0902E-09 2.1494E-09 2.2112E-09 2.2741E-09 2.3382E-09 2.3963E-09 2.4514E-09 2.4946E-09 2.5318E-09 2.5611E-09 2.5824E-09 2.5978E-09 2.6010E-09 2.5938E-09 2.5762E-09 2.5499E-09 2.5164E-09 2.4767E-09 2.4315E-09 2.3806E-09 2.3232E-09 2.2597E-09 2.1906E-09 2.1167E-09 2.0387E-09 1.9573E-09 1.8785E-09 1.8041E-09 1.7310E-09 1.6548E-09 1.5587E-09 1.4777E-09 1.4169E-09 1.3658E-09 1.3571E-09 1.3174E-09 1.3199E-09 1.2945E-09 1.2828E-09 1.2754E-09 1.2572E-09 1.2633E-09 1.2712E-09 1.3322E-09 1.3833E-09 1.4942E-09 1.6503E-09 1.8713E-09 2.1864E-09 2.5145E-09 3.0320E-09 3.6375E-09 4.4151E-09 5.2953E-09 6.3136E-09 7.4925E-09 8.7755E-09
1.7906E-09 1.8481E-09 1.9099E-09 1.9702E-09 2.0278E-09 2.0791E-09 2.1222E-09 2.1618E-09 2.1934E-09 2.2193E-09 2.2375E-09 2.2507E-09 2.2538E-09 2.2481E-09 2.2316E-09 2.2076E-09 2.1779E-09 2.1431E-09 2.1039E-09 2.0600E-09 2.0104E-09 1.9556E-09 1.8960E-09 1.8324E-09 1.7654E-09 1.6955E-09 1.6236E-09 1.5495E-09 1.4618E-09 1.3714E-09 1.2757E-09 1.2126E-09 1.1590E-09 1.1313E-09 1.0914E-09 1.0790E-09 1.0341E-09 1.0231E-09 1.0049E-09 9.9027E-10 9.7086E-10 9.4292E-10 9.4254E-10 9.3974E-10 9.6456E-10 1.0289E-09 1.0954E-09 1.2419E-09 1.4530E-09 1.6426E-09 1.9835E-09 2.3780E-09 2.8259E-09 3.3746E-09 4.0150E-09 4.7477E-09 5.5620E-09
1.5316E-09 1.5910E-09 1.6508E-09 1.7048E-09 1.7527E-09 1.7965E-09 1.8331E-09 1.8659E-09 1.8935E-09 1.9162E-09 1.9324E-09 1.9434E-09 1.9452E-09 1.9391E-09 1.9247E-09 1.9041E-09 1.8779E-09 1.8476E-09 1.8139E-09 1.7761E-09 1.7334E-09 1.6863E-09 1.6353E-09 1.5808E-09 1.5234E-09 1.4578E-09 1.3841E-09 1.3096E-09 1.2071E-09 1.1317E-09 1.0681E-09 1.0199E-09 9.7727E-10 9.4252E-10 9.0399E-10 8.6344E-10 8.3654E-10 8.0025E-10 7.6476E-10 7.3439E-10 7.1344E-10 7.0373E-10 6.8676E-10 6.7946E-10 6.5459E-10 6.8356E-10 6.7905E-10 7.5059E-10 8.3980E-10 9.5370E-10 1.1850E-09 1.3968E-09 1.6452E-09 2.0129E-09 2.4150E-09 2.8541E-09 3.3136E-09
1.3167E-09 1.3717E-09 1.4198E-09 1.4637E-09 1.5064E-09 1.5470E-09 1.5786E-09 1.6060E-09 1.6303E-09 1.6482E-09 1.6634E-09 1.6722E-09 1.6730E-09 1.6664E-09 1.6524E-09 1.6340E-09 1.6122E-09 1.5874E-09 1.5585E-09 1.5260E-09 1.4894E-09 1.4459E-09 1.4026E-09 1.3502E-09 1.2935E-09 1.2352E-09 1.1647E-09 1.0798E-09 1.0114E-09 9.4945E-10 9.0473E-10 8.6485E-10 8.2718E-10 7.8994E-10 7.5255E-10 7.1273E-10 6.7547E-10 6.3737E-10 6.0589E-10 5.7167E-10 5.3716E-10 5.1474E-10 4.8352E-10 4.6900E-10 4.6202E-10 4.4061E-10 4.3501E-10 4.2549E-10 4.7926E-10 4.7740E-10 5.8055E-10 6.7951E-10 8.1082E-10 1.0527E-09 1.2769E-09 1.5804E-09 1.8818E-09
1.1305E-09 1.1736E-09 1.2134E-09 1.2565E-09 1.2932E-09 1.3222E-09 1.3490E-09 1.3721E-09 1.3922E-09 1.4078E-09 1.4241E-09 1.4341E-09 1.4342E-09 1.4267E-09 1.4135E-09 1.3934E-09 1.3743E-09 1.3492E-09 1.3261E-09 1.2997E-09 1.2670E-09 1.2272E-09 1.1821E-09 1.1417E-09 1.0864E-09 1.0128E-09 9.5820E-10 9.0250E-10 8.5067E-10 8.1646E-10 7.8096E-10 7.4332E-10 7.0596E-10 6.6687E-10 6.2882E-10 5.8931E-10 5.5106E-10 5.1175E-10 4.7323E-10 4.3740E-10 4.0348E-10 3.6654E-10 3.4437E-10 3.1713E-10 3.0165E-10 2.8436E-10 2.6800E-10 2.6442E-10 2.3737E-10 2.2977E-10 2.4188E-10 2.7672E-10 3.2433E-10 4.4365E-10 5.4121E-10 7.0326E-10 8.7068E-10
9.5759E-10 9.9985E-10 1.0434E-09 1.0736E-09 1.1010E-09 1.1254E-09 1.1467E-09 1.1652E-09 1.1854E-09 1.2020E-09 1.2125E-09 1.2206E-09 1.2169E-09 1.2096E-09 1.1976E-09 1.1817E-09 1.1614E-09 1.1431E-09 1.1170E-09 1.0891E-09 1.0650E-09 1.0325E-09 9.8797E-10 9.4526E-10 8.9993E-10 8.4744E-10 7.8680E-10 7.5958E-10 7.3157E-10 7.0231E-10 6.7163E-10 6.4230E-10 6.1048E-10 5.7638E-10 5.4055E-10 5.0251E-10 4.6255E-10 4.2330E-10 3.8493E-10 3.4790E-10 3.1783E-10 2.8571E-10 2.5661E-10 2.2950E-10 2.0659E-10 1.9460E-10 1.7703E-10 1.6374E-10 1.1550E-10 1.0593E-10 1.0591E-10 1.0739E-10 1.3524E-10 1.9063E-10 2.1711E-10 2.8630E-10 3.5185E-10
8.1041E-10 8.5283E-10 8.7963E-10 9.0878E-10 9.3117E-10 9.5147E-10 9.6937E-10 9.9171E-10 1.0079E-09 1.0181E-09 1.0261E-09 1.0298E-09 1.0282E-09 1.0179E-09 1.0070E-09 9.9438E-10 9.7458E-10 9.5270E-10 9.3566E-10 9.1423E-10 8.8063E-10 8.4901E-10 8.1425E-10 7.7604E-10 7.3209E-10 6.9023E-10 6.6773E-10 6.4498E-10 6.2091E-10 5.9535E-10 5.7107E-10 5.4539E-10 5.1830E-10 4.8944E-10 4.5894E-10 4.2734E-10 3.9506E-10 3.6275E-10 3.3099E-10 2.9864E-10 2.6581E-10 2.3679E-10 2.0890E-10 1.8751E-10 1.6785E-10 1.5094E-10 1.2847E-10 9.7840E-11 5.4312E-11 4.8811E-11 4.5164E-11 3.1364E-11 3.0386E-11 2.8218E-11 2.4899E-11 2.6831E-11 3.1416E-11
6.8670E-10 7.1331E-10 7.3856E-10 7.6252E-10 7.8066E-10 8.0197E-10 8.2034E-10 8.3665E-10 8.4748E-10 8.5594E-10 8.6149E-10 8.6316E-10 8.6040E-10 8.5024E-10 8.4066E-10 8.2626E-10 8.0430E-10 7.9254E-10 7.6997E-10 7.5646E-10 7.3146E-10 6.9834E-10 6.6549E-10 6.2664E-10 6.0133E-10 5.8268E-10 5.6752E-10 5.4521E-10 5.2739E-10 5.0810E-10 4.8752E-10 4.6588E-10 4.4349E-10 4.1976E-10 3.9476E-10 3.6845E-10 3.4032E-10 3.1030E-10 2.8048E-10 2.5160E-10 2.2496E-10 2.0096E-10 1.7827E-10 1.5767E-10 1.3779E-10 1.0629E-10 7.4276E-11 5.4014E-11 2.6577E-11 2.2705E-11 1.3954E-11 7.5934E-12 6.5591E-12 5.1758E-12 3.5909E-12 1.9637E-12 4.5590E-13
5.5678E-10 5.8136E-10 6.2130E-10 6.3719E-10 6.5364E-10 6.7352E-10 6.8998E-10 7.0494E-10 7.1357E-10 7.2520E-10 7.2966E-10 7.1985E-10 7.1681E-10 6.9837E-10 6.8931E-10 6.8011E-10 6.7071E-10 6.5640E-10 6.3362E-10 6.0971E-10 5.8505E-10 5.6093E-10 5.4279E-10 5.2486E-10 5.1031E-10 4.9635E-10 4.8091E-10 4.6700E-10 4.5162E-10 4.3482E-10 4.1677E-10 3.9760E-10 3.7730E-10 3.5607E-10 3.3385E-10 3.1035E-10 2.8645E-10 2.6296E-10 2.3983E-10 2.1709E-10 1.9520E-10 1.7432E-10 1.5459E-10 1.2726E-10 9.5007E-11 6.4813E-11 4.9911E-11 2.8696E-11 1.5041E-11 1.2429E-11 0.0000E+00 0.0000E+00 0.0000E+00 0.0000E+00 0.0000E+00 0.0000E+00 0.0000E+00
4.6648E-10 4.8042E-10 4.9690E-10 5.1242E-10 5.2720E-10 5.4467E-10 5.6199E-10 5.7396E-10 5.8500E-10 5.9474E-10 6.0280E-10 6.0370E-10 6.0074E-10 5.8912E-10 5.7569E-10 5.6300E-10 5.4161E-10 5.2024E-10 5.0473E-10 4.9165E-10 4.7956E-10 4.6361E-10 4.4796E-10 4.3895E-10 4.2763E-10 4.1514E-10 4.0423E-10 3.9203E-10 3.7867E-10 3.6428E-10 3.4902E-10 3.3303E-10 3.1648E-10 2.9955E-10 2.8259E-10 2.6485E-10 2.4619E-10 2.2731E-10 2.0801E-10 1.8821E-10 1.6917E-10 1.4600E-10 1.1399E-10 8.4166E-11 6.3660E-11 5.1290E-11 4.2046E-11 1.4990E-11 1.2611E-11 0.0000E+00 0.0000E+00 0.0000E+00 0.0000E+00 0.0000E+00 0.0000E+00 0.0000E+00 0.0000E+00
3.7750E-10 3.8822E-10 4.0140E-10 4.1048E-10 4.2846E-10 4.4531E-10 4.5931E-10 4.7261E-10 4.8146E-10 4.8344E-10 4.8911E-10 4.8977E-10 4.8029E-10 4.6671E-10 4.5792E-10 4.4730E-10 4.3945E-10 4.2887E-10 4.2160E-10 4.1140E-10 3.9759E-10 3.8759E-10 3.7802E-10 3.6907E-10 3.6200E-10 3.5372E-10 3.4432E-10 3.3389E-10 3.2253E-10 3.1037E-10 2.9750E-10 2.8407E-10 2.7019E-10 2.5600E-10 2.4162E-10 2.2704E-10 2.1177E-10 1.9562E-10 1.7947E-10 1.5783E-10 1.2758E-10 1.0023E-10 7.6786E-11 6.3761E-11 5.3188E-11 4.3916E-11 3.5349E-11 1.2718E-11 0.0000E+00 0.0000E+00 0.0000E+00 0.0000E+00 0.0000E+00 0.0000E+00 0.0000E+00 0.0000E+00 0.0000E+00
3.0319E-10 3.1146E-10 3.1905E-10 3.2589E-10 3.4120E-10 3.4662E-10 3.5787E-10 3.6535E-10 3.6613E-10 3.7278E-10 3.7491E-10 3.8234E-10 3.8022E-10 3.7210E-10 3.7124E-10 3.6439E-10 3.5780E-10 3.5134E-10 3.4236E-10 3.3351E-10 3.2526E-10 3.1474E-10 3.1054E-10 3.0527E-10 2.9897E-10 2.9171E-10 2.8355E-10 2.7457E-10 2.6487E-10 2.5453E-10 2.4365E-10 2.3234E-10 2.2071E-10 2.0885E-10 1.9687E-10 1.8487E-10 1.7215E-10 1.5030E-10 1.2527E-10 1.0181E-10 8.1571E-11 6.9279E-11 5.8066E-11 5.0006E-11 4.1573E-11 3.4194E-11 2.8202E-11 0.0000E+00 0.0000E+00 0.0000E+00 0.0000E+00 0.0000E+00 0.0000E+00 0.0000E+00 0.0000E+00 0.0000E+00 0.0000E+00
2.4170E-10 2.4790E-10 2.5340E-10 2.6210E-10 2.6635E-10 2.6987E-10 2.7197E-10 2.7729E-10 2.8199E-10 2.8630E-10 2.8953E-10 2.9647E-10 2.9316E-10 2.8826E-10 2.8336E-10 2.7709E-10 2.7587E-10 2.7091E-10 2.6360E-10 2.5379E-10 2.4750E-10 2.4428E-10 2.4022E-10 2.3535E-10 2.2972E-10 2.2337E-10 2.1637E-10 2.0878E-10 2.0068E-10 1.9215E-10 1.8326E-10 1.7409E-10 1.6450E-10 1.5346E-10 1.3788E-10 1.1862E-10 9.9941E-11 8.2299E-11 7.0050E-11 6.0171E-11 5.1022E-11 4.4735E-11 3.8275E-11 3.1755E-11 2.6659E-11 2.2952E-11 9.1892E-12 0.0000E+00 0.0000E+00 0.0000E+00 0.0000E+00 0.0000E+00 0.0000E+00 0.0000E+00 0.0000E+00 0.0000E+00 0.0000E+00
2.0668E-10 2.1276E-10 2.1884E-10 2.2344E-10 2.2688E-10 2.2973E-10 2.3195E-10 2.3204E-10 2.3413E-10 2.3345E-10 2.3218E-10 2.3312E-10 2.2968E-10 2.2824E-10 2.2681E-10 2.2610E-10 2.1954E-10 2.1235E-10 2.0820E-10 2.0788E-10 2.0695E-10 2.0491E-10 2.0186E-10 1.9797E-10 1.9326E-10 1.8779E-10 1.8162E-10 1.7461E-10 1.6672E-10 1.5749E-10 1.4642E-10 1.3315E-10 1.1802E-10 1.0279E-10 8.8923E-11 7.9341E-11 7.1257E-11 6.3565E-11 5.5874E-11 4.9787E-11 4.3859E-11 3.7538E-11 3.1545E-11 2.7178E-11 2.3684E-11 1.8217E-11 0.0000E+00 0.0000E+00 0.0000E+00 0.0000E+00 0.0000E+00 0.0000E+00 0.0000E+00 0.0000E+00 0.0000E+00 0.0000E+00 0.0000E+00
1.5675E-10 1.6437E-10 1.6843E-10 1.7202E-10 1.7214E-10 1.7502E-10 1.7629E-10 1.7692E-10 1.7702E-10 1.7654E-10 1.7578E-10 1.7345E-10 1.6981E-10 1.6546E-10 1.5874E-10 1.4951E-10 1.3930E-10 1.3682E-10 1.3645E-10 1.3529E-10 1.3687E-10 1.3415E-10 1.3067E-10 1.2651E-10 1.2162E-10 1.1588E-10 1.0927E-10 1.0169E-10 9.3169E-11 8.4032E-11 7.4930E-11 6.6976E-11 6.0741E-11 5.5136E-11 4.8719E-11 4.2674E-11 3.7008E-11 3.3777E-11 3.0545E-11 2.6528E-11 2.2260E-11 1.9118E-11 1.6898E-11 1.5081E-11 1.0707E-11 1.7889E-12 0.0000E+00 0.0000E+00 0.0000E+00 0.0000E+00 0.0000E+00 0.0000E+00 0.0000E+00 0.0000E+00 0.0000E+00 0.0000E+00 0.0000E+00
1.3090E-10 1.3385E-10 1.3648E-10 1.3821E-10 1.4128E-10 1.4235E-10 1.4258E-10 1.4524E-10 1.4475E-10 1.4372E-10 1.4226E-10 1.3640E-10 1.3201E-10 1.2303E-10 1.1080E-10 9.8304E-11 9.4232E-11 9.2433E-11 9.0369E-11 9.0898E-11 8.8338E-11 8.5440E-11 8.4203E-11 8.0636E-11 7.6853E-11 7.3605E-11 6.9229E-11 6.4727E-11 6.0384E-11 5.6305E-11 5.1583E-11 4.6064E-11 4.0756E-11 3.5659E-11 3.1743E-11 2.9271E-11 2.6582E-11 2.3263E-11 1.9749E-11 1.6830E-11 1.4816E-11 1.3417E-11 1.2113E-11 7.5317E-12 0.0000E+00 0.0000E+00 0.0000E+00 0.0000E+00 0.0000E+00 0.0000E+00 0.0000E+00 0.0000E+00 0.0000E+00 0.0000E+00 0.0000E+00 0.0000E+00 0.0000E+00
1.1056E-10 1.1324E-10 1.1547E-10 1.1730E-10 1.1500E-10 1.1523E-10 1.1219E-10 1.1181E-10 1.1110E-10 1.1275E-10 1.1094E-10 1.0798E-10 1.0098E-10 9.1846E-11 7.8665E-11 7.9614E-11 7.8236E-11 7.6633E-11 7.7996E-11 7.5983E-11 7.3776E-11 7.1396E-11 6.8861E-11 6.6069E-11 6.3020E-11 5.9580E-11 5.5669E-11 5.1182E-11 4.6692E-11 4.2213E-11 3.7905E-11 3.4589E-11 3.2204E-11 2.9888E-11 2.7171E-11 2.4050E-11 2.0772E-11 1.7866E-11 1.5815E-11 1.4320E-11 1.3007E-11 1.1779E-11 6.3544E-12 1.1725E-12 0.0000E+00 0.0000E+00 0.0000E+00 0.0000E+00 0.0000E+00 0.0000E+00 0.0000E+00 0.0000E+00 0.0000E+00 0.0000E+00 0.0000E+00 0.0000E+00 0.0000E+00
8.7496E-11 8.8470E-11 9.1091E-11 9.1712E-11 9.1822E-11 9.4295E-11 9.3991E-11 9.3411E-11 9.5470E-11 9.4340E-11 9.2548E-11 8.3581E-11 7.2618E-11 6.3358E-11 6.2150E-11 6.1047E-11 5.9807E-11 6.0984E-11 5.9397E-11 5.7580E-11 5.7309E-11 5.4994E-11 5.2511E-11 5.0547E-11 4.7565E-11 4.4475E-11 4.1470E-11 3.8768E-11 3.6513E-11 3.4323E-11 3.2162E-11 3.0006E-11 2.7075E-11 2.4224E-11 2.1138E-11 1.8552E-11 1.6578E-11 1.5054E-11 1.3757E-11 1.2534E-11 1.0485E-11 4.9197E-12 1.2474E-13 0.0000E+00 0.0000E+00 0.0000E+00 0.0000E+00 0.0000E+00 0.0000E+00 0.0000E+00 0.0000E+00 0.0000E+00 0.0000E+00 0.0000E+00 0.0000E+00 0.0000E+00 0.0000E+00
7.4354E-11 7.4774E-11 7.4984E-11 7.4977E-11 7.4750E-11 7.4301E-11 7.3635E-11 7.5319E-11 7.4316E-11 7.2394E-11 6.5618E-11 5.9992E-11 5.6133E-11 5.4914E-11 5.3867E-11 5.2911E-11 5.1832E-11 5.0615E-11 4.9271E-11 4.7811E-11 4.6248E-11 4.4595E-11 4.2865E-11 4.1071E-11 3.9227E-11 3.7347E-11 3.5444E-11 3.3530E-11 3.1540E-11 2.8919E-11 2.6307E-11 2.3700E-11 2.0850E-11 1.8852E-11 1.7001E-11 1.5586E-11 1.4331E-11 1.3136E-11 1.2005E-11 8.3324E-12 3.2706E-12 0.0000E+00 0.0000E+00 0.0000E+00 0.0000E+00 0.0000E+00 0.0000E+00 0.0000E+00 0.0000E+00 0.0000E+00 0.0000E+00 0.0000E+00 0.0000E+00 0.0000E+00 0.0000E+00 0.0000E+00 0.0000E+00
