Assets/Resources/2015_m01_d26_1200(utc+0800)_l00_csi_1hr_conc.grd
DSAA
         159         159
     -79.000      79.000
     -79.000      79.000
  0.0000E+00  0.1276E-05
[rows 125 to 149 of 159, columns 57 to 113 of 159]
1.2712E-10 1.2586E-10 1.2456E-10 1.2322E-10 1.2185E-10 1.2044E-10 1.1898E-10 1.1743E-10 1.1585E-10 1.1430E-10 1.1225E-10 1.1025E-10 1.0823E-10 1.0664E-10 1.0462E-10 1.0264E-10 1.0068E-10 9.9217E-11 9.7777E-11 9.6294E-11 9.4827E-11 9.3438E-11 9.2050E-11 9.0628E-11 8.9165E-11 8.7277E-11 8.5298E-11 8.3695E-11 8.1610E-11 7.9503E-11 7.7505E-11 7.5491E-11 7.3892E-11 7.2153E-11 7.0107E-11 6.8120E-11 6.6070E-11 6.3961E-11 6.1278E-11 5.8180E-11 5.4825E-11 5.1903E-11 4.9314E-11 4.6062E-11 4.4026E-11 4.2430E-11 4.0019E-11 3.8145E-11 3.6313E-11 3.4779E-11 3.3106E-11 3.1537E-11 2.9906E-11 2.8926E-11 2.7705E-11 2.6499E-11 2.5237E-11
1.1812E-10 1.1692E-10 1.1564E-10 1.1389E-10 1.1211E-10 1.1067E-10 1.0889E-10 1.0695E-10 1.0504E-10 1.0312E-10 1.0170E-10 1.0026E-10 9.8815E-11 9.7368E-11 9.5945E-11 9.4556E-11 9.3199E-11 9.1868E-11 9.0555E-11 8.9270E-11 8.7935E-11 8.6607E-11 8.4939E-11 8.3634E-11 8.1904E-11 8.0143E-11 7.8291E-11 7.6476E-11 7.4934E-11 7.3023E-11 7.1511E-11 7.0044E-11 6.8142E-11 6.6231E-11 6.4315E-11 6.2459E-11 5.9442E-11 5.6843E-11 5.3593E-11 5.1062E-11 4.8206E-11 4.6313E-11 4.3554E-11 4.1599E-11 3.9319E-11 3.7528E-11 3.6092E-11 3.4325E-11 3.2705E-11 3.1100E-11 2.9775E-11 2.8667E-11 2.7487E-11 2.6408E-11 2.5095E-11 2.3985E-11 2.2973E-11
1.0703E-10 1.0580E-10 1.0454E-10 1.0331E-10 1.0201E-10 1.0066E-10 9.9342E-11 9.8010E-11 9.6654E-11 9.5280E-11 9.3958E-11 9.2628E-11 9.1287E-11 8.9960E-11 8.8672E-11 8.7409E-11 8.6177E-11 8.4974E-11 8.3789E-11 8.2233E-11 8.0694E-11 7.9501E-11 7.7946E-11 7.6357E-11 7.4735E-11 7.3084E-11 7.1774E-11 7.0436E-11 6.9073E-11 6.7382E-11 6.5990E-11 6.4156E-11 6.2376E-11 6.0588E-11 5.7821E-11 5.4945E-11 5.2201E-11 4.9771E-11 4.7076E-11 4.5209E-11 4.2515E-11 4.0702E-11 3.8494E-11 3.7187E-11 3.5466E-11 3.3677E-11 3.2113E-11 3.0820E-11 2.9373E-11 2.8316E-11 2.7182E-11 2.6057E-11 2.4955E-11 2.3881E-11 2.2987E-11 2.1941E-11 2.0911E-11
9.9020E-11 9.7804E-11 9.6616E-11 9.5526E-11 9.4287E-11 9.3084E-11 9.1855E-11 9.0596E-11 8.9460E-11 8.8181E-11 8.7016E-11 8.5782E-11 8.4551E-11 8.3345E-11 8.2173E-11 8.0973E-11 7.9413E-11 7.7873E-11 7.6363E-11 7.4866E-11 7.3861E-11 7.2438E-11 7.0980E-11 6.9914E-11 6.8815E-11 6.7626E-11 6.6408E-11 6.4865E-11 6.3241E-11 6.1600E-11 6.0332E-11 5.7540E-11 5.5914E-11 5.3225E-11 5.0661E-11 4.8046E-11 4.5726E-11 4.2721E-11 4.1061E-11 3.9684E-11 3.7618E-11 3.6214E-11 3.4561E-11 3.2924E-11 3.1507E-11 3.0271E-11 2.8792E-11 2.7787E-11 2.6699E-11 2.5793E-11 2.4562E-11 2.3692E-11 2.2755E-11 2.1832E-11 2.0835E-11 1.9849E-11 1.8875E-11
9.1397E-11 9.0364E-11 8.9243E-11 8.8104E-11 8.7057E-11 8.5922E-11 8.4772E-11 8.3666E-11 8.2546E-11 8.1415E-11 8.0280E-11 7.8746E-11 7.7228E-11 7.6158E-11 7.4714E-11 7.3302E-11 7.1858E-11 7.0433E-11 6.9521E-11 6.8563E-11 6.7606E-11 6.6621E-11 6.5602E-11 6.4617E-11 6.3234E-11 6.2203E-11 6.0721E-11 5.9219E-11 5.7700E-11 5.5104E-11 5.2509E-11 5.1492E-11 4.8900E-11 4.6381E-11 4.3871E-11 4.1482E-11 3.9826E-11 3.8172E-11 3.6463E-11 3.4873E-11 3.3644E-11 3.2073E-11 3.0804E-11 2.9544E-11 2.8123E-11 2.7170E-11 2.6306E-11 2.5276E-11 2.4337E-11 2.3346E-11 2.2451E-11 2.1478E-11 2.0599E-11 1.9645E-11 1.8967E-11 1.7888E-11 1.6995E-11
8.4243E-11 8.3331E-11 8.2276E-11 8.1196E-11 8.0157E-11 7.9160E-11 7.7684E-11 7.6267E-11 7.4837E-11 7.3394E-11 7.1950E-11 7.0938E-11 6.9533E-11 6.8591E-11 6.7682E-11 6.6802E-11 6.5941E-11 6.5110E-11 6.4231E-11 6.3361E-11 6.2480E-11 6.1196E-11 6.0261E-11 5.8995E-11 5.7640E-11 5.6328E-11 5.4996E-11 5.2916E-11 5.0442E-11 4.8360E-11 4.5932E-11 4.3593E-11 4.2331E-11 3.9600E-11 3.8031E-11 3.6839E-11 3.4939E-11 3.3787E-11 3.2364E-11 3.0773E-11 2.9842E-11 2.8561E-11 2.7458E-11 2.6558E-11 2.5573E-11 2.4766E-11 2.3789E-11 2.2929E-11 2.2073E-11 2.1139E-11 2.0211E-11 1.9381E-11 1.8734E-11 1.7683E-11 1.6907E-11 1.6214E-11 1.5377E-11
7.5169E-11 7.4207E-11 7.3359E-11 7.2356E-11 7.1398E-11 7.0429E-11 6.9510E-11 6.8581E-11 6.7644E-11 6.6709E-11 6.5773E-11 6.4856E-11 6.3980E-11 6.3132E-11 6.2315E-11 6.1528E-11 6.0762E-11 6.0015E-11 5.8915E-11 5.8196E-11 5.7002E-11 5.5780E-11 5.4531E-11 5.3258E-11 5.0903E-11 4.9030E-11 4.7059E-11 4.5944E-11 4.3723E-11 4.1417E-11 3.9133E-11 3.7652E-11 3.6612E-11 3.4785E-11 3.3690E-11 3.2165E-11 3.0813E-11 2.9756E-11 2.8529E-11 2.7302E-11 2.6454E-11 2.5785E-11 2.4854E-11 2.4011E-11 2.3257E-11 2.2441E-11 2.1543E-11 2.0648E-11 1.9849E-11 1.9053E-11 1.8354E-11 1.7423E-11 1.6747E-11 1.6010E-11 1.5287E-11 1.4485E-11 1.3692E-11
6.9123E-11 6.8282E-11 6.7397E-11 6.6433E-11 6.5602E-11 6.4664E-11 6.3723E-11 6.2863E-11 6.1995E-11 6.1131E-11 6.0277E-11 5.9452E-11 5.8663E-11 5.7908E-11 5.7180E-11 5.6108E-11 5.5067E-11 5.4042E-11 5.3027E-11 5.2399E-11 5.1357E-11 4.9227E-11 4.7396E-11 4.5634E-11 4.4551E-11 4.2353E-11 4.0510E-11 3.7955E-11 3.6919E-11 3.5613E-11 3.4300E-11 3.2940E-11 3.1574E-11 3.0578E-11 2.9211E-11 2.8668E-11 2.7508E-11 2.6262E-11 2.5475E-11 2.4770E-11 2.3977E-11 2.3363E-11 2.2320E-11 2.1713E-11 2.0948E-11 2.0185E-11 1.9424E-11 1.8580E-11 1.7741E-11 1.7018E-11 1.6462E-11 1.5758E-11 1.4972E-11 1.4193E-11 1.3603E-11 1.2695E-11 1.1971E-11
6.3593E-11 6.2785E-11 6.1866E-11 6.1013E-11 6.0239E-11 5.9451E-11 5.8569E-11 5.7678E-11 5.6968E-11 5.6172E-11 5.4770E-11 5.3665E-11 5.2973E-11 5.1935E-11 5.0927E-11 4.9941E-11 4.8975E-11 4.8432E-11 4.6836E-11 4.5224E-11 4.3592E-11 4.1592E-11 3.9577E-11 3.8714E-11 3.6718E-11 3.5781E-11 3.4482E-11 3.3171E-11 3.1979E-11 3.0691E-11 2.9769E-11 2.8833E-11 2.7999E-11 2.6907E-11 2.5810E-11 2.5081E-11 2.4522E-11 2.3872E-11 2.3131E-11 2.2301E-11 2.1578E-11 2.0853E-11 2.0296E-11 1.9573E-11 1.8856E-11 1.8052E-11 1.7340E-11 1.6650E-11 1.6039E-11 1.5365E-11 1.4607E-11 1.4035E-11 1.3294E-11 1.2407E-11 1.1702E-11 1.1346E-11 1.0666E-11
5.8391E-11 5.7626E-11 5.6846E-11 5.6052E-11 5.5326E-11 5.4143E-11 5.3040E-11 5.1930E-11 5.0823E-11 4.9728E-11 4.9064E-11 4.8039E-11 4.7450E-11 4.6890E-11 4.5285E-11 4.3711E-11 4.2073E-11 4.0094E-11 3.9623E-11 3.7650E-11 3.5659E-11 3.4472E-11 3.3359E-11 3.2229E-11 3.1840E-11 3.0735E-11 2.9618E-11 2.8405E-11 2.7561E-11 2.7160E-11 2.6135E-11 2.5102E-11 2.4433E-11 2.3933E-11 2.3256E-11 2.2659E-11 2.1971E-11 2.1460E-11 2.0783E-11 2.0103E-11 1.9334E-11 1.8656E-11 1.8150E-11 1.7563E-11 1.6889E-11 1.6147E-11 1.5407E-11 1.4926E-11 1.4287E-11 1.3657E-11 1.2941E-11 1.2168E-11 1.1578E-11 1.1065E-11 1.0402E-11 9.8373E-12 9.0362E-12
5.1254E-11 5.0553E-11 4.9752E-11 4.9028E-11 4.8384E-11 4.7647E-11 4.6904E-11 4.6256E-11 4.5611E-11 4.3908E-11 4.2246E-11 4.1730E-11 4.0148E-11 3.8244E-11 3.6365E-11 3.4872E-11 3.4221E-11 3.3229E-11 3.2221E-11 3.1471E-11 3.0734E-11 2.9722E-11 2.8607E-11 2.7477E-11 2.7078E-11 2.6308E-11 2.5616E-11 2.4744E-11 2.4238E-11 2.3636E-11 2.3023E-11 2.2669E-11 2.2042E-11 2.1407E-11 2.0948E-11 2.0318E-11 1.9690E-11 1.9056E-11 1.8591E-11 1.7954E-11 1.7405E-11 1.6678E-11 1.6127E-11 1.5600E-11 1.4986E-11 1.4372E-11 1.3838E-11 1.3145E-11 1.2549E-11 1.1895E-11 1.1239E-11 1.0835E-11 1.0194E-11 9.5520E-12 8.8676E-12 8.2459E-12 7.5506E-12
4.6922E-11 4.6266E-11 4.5514E-11 4.3664E-11 4.1984E-11 4.0208E-11 3.9562E-11 3.7888E-11 3.5783E-11 3.3794E-11 3.3017E-11 3.2277E-11 3.1595E-11 3.0922E-11 2.9930E-11 2.9342E-11 2.8768E-11 2.7850E-11 2.7290E-11 2.6342E-11 2.5755E-11 2.5521E-11 2.4825E-11 2.3944E-11 2.3424E-11 2.3067E-11 2.2615E-11 2.2063E-11 2.1498E-11 2.1016E-11 2.0708E-11 2.0306E-11 1.9732E-11 1.9150E-11 1.8731E-11 1.8231E-11 1.7636E-11 1.6950E-11 1.6353E-11 1.6021E-11 1.5597E-11 1.5015E-11 1.4432E-11 1.3763E-11 1.3189E-11 1.2615E-11 1.2213E-11 1.1406E-11 1.0866E-11 1.0328E-11 9.9582E-12 9.3367E-12 8.5698E-12 7.8645E-12 7.2776E-12 6.7022E-12 6.0338E-12
3.6025E-11 3.5099E-11 3.4083E-11 3.3060E-11 3.2213E-11 3.1187E-11 3.0294E-11 2.9408E-11 2.8637E-11 2.8185E-11 2.7491E-11 2.6484E-11 2.5508E-11 2.5300E-11 2.4761E-11 2.4244E-11 2.3736E-11 2.3215E-11 2.3056E-11 2.2714E-11 2.2358E-11 2.1988E-11 2.1782E-11 2.1389E-11 2.0897E-11 2.0392E-11 2.0061E-11 1.9808E-11 1.9456E-11 1.8931E-11 1.8397E-11 1.7948E-11 1.7577E-11 1.7119E-11 1.6568E-11 1.6012E-11 1.5629E-11 1.5240E-11 1.4783E-11 1.4146E-11 1.3600E-11 1.3218E-11 1.2672E-11 1.2219E-11 1.1588E-11 1.0978E-11 1.0463E-11 1.0042E-11 9.4341E-12 8.8300E-12 8.1449E-12 7.5519E-12 7.0871E-12 6.5261E-12 5.7688E-12 5.0228E-12 4.0377E-12
2.8909E-11 2.8486E-11 2.7538E-11 2.6592E-11 2.5823E-11 2.5247E-11 2.4319E-11 2.3494E-11 2.2792E-11 2.2413E-11 2.2071E-11 2.1855E-11 2.1665E-11 2.1509E-11 2.1207E-11 2.0920E-11 2.0634E-11 2.0333E-11 2.0019E-11 1.9875E-11 1.9537E-11 1.9370E-11 1.9191E-11 1.9001E-11 1.8800E-11 1.8423E-11 1.8117E-11 1.7637E-11 1.7238E-11 1.6741E-11 1.6237E-11 1.5725E-11 1.5386E-11 1.5134E-11 1.4789E-11 1.4280E-11 1.3768E-11 1.3507E-11 1.2993E-11 1.2477E-11 1.1870E-11 1.1357E-11 1.0862E-11 1.0459E-11 1.0025E-11 9.5374E-12 8.9517E-12 8.3626E-12 7.6274E-12 7.1684E-12 6.6657E-12 6.0218E-12 5.4879E-12 4.7553E-12 3.8920E-12 3.2045E-12 2.3133E-12
2.4268E-11 2.3882E-11 2.3328E-11 2.2780E-11 2.2322E-11 2.1705E-11 2.1097E-11 2.0424E-11 2.0060E-11 1.9546E-11 1.9153E-11 1.8888E-11 1.8745E-11 1.8717E-11 1.8532E-11 1.8358E-11 1.8083E-11 1.7977E-11 1.7859E-11 1.7730E-11 1.7589E-11 1.7273E-11 1.6947E-11 1.6780E-11 1.6436E-11 1.6083E-11 1.5721E-11 1.5351E-11 1.5064E-11 1.4769E-11 1.4557E-11 1.4249E-11 1.3777E-11 1.3299E-11 1.2817E-11 1.2591E-11 1.2112E-11 1.1629E-11 1.1143E-11 1.0827E-11 1.0358E-11 9.8833E-12 9.3152E-12 8.8419E-12 8.2689E-12 7.8629E-12 7.2560E-12 6.7167E-12 6.1840E-12 5.5538E-12 4.9835E-12 4.2253E-12 3.7358E-12 2.9520E-12 2.2894E-12 1.5276E-12 8.8434E-13
2.1008E-11 2.0652E-11 2.0133E-11 1.9620E-11 1.9112E-11 1.8795E-11 1.8405E-11 1.8047E-11 1.7814E-11 1.7524E-11 1.7355E-11 1.7210E-11 1.7095E-11 1.7003E-11 1.6926E-11 1.6850E-11 1.6599E-11 1.6336E-11 1.6063E-11 1.5690E-11 1.5481E-11 1.5089E-11 1.4686E-11 1.4453E-11 1.4210E-11 1.4053E-11 1.3888E-11 1.3715E-11 1.3376E-11 1.3193E-11 1.2756E-11 1.2314E-11 1.1866E-11 1.1506E-11 1.1221E-11 1.0765E-11 1.0374E-11 9.9244E-12 9.5760E-12 9.1241E-12 8.5700E-12 8.2814E-12 7.7314E-12 7.0384E-12 6.6170E-12 6.2506E-12 5.6322E-12 5.0218E-12 4.5216E-12 3.7792E-12 3.1019E-12 2.5847E-12 2.0405E-12 1.3972E-12 8.7439E-13 3.5790E-13 1.1958E-13
1.8992E-11 1.8495E-11 1.8182E-11 1.7698E-11 1.7225E-11 1.6940E-11 1.6502E-11 1.6188E-11 1.5733E-11 1.5401E-11 1.5004E-11 1.4722E-11 1.4460E-11 1.4218E-11 1.4166E-11 1.4107E-11 1.4039E-11 1.3962E-11 1.3875E-11 1.3779E-11 1.3675E-11 1.3561E-11 1.3351E-11 1.3132E-11 1.2745E-11 1.2512E-11 1.2113E-11 1.1706E-11 1.1389E-11 1.1066E-11 1.0908E-11 1.0478E-11 1.0213E-11 9.9441E-12 9.6240E-12 9.1975E-12 8.6674E-12 8.1351E-12 7.8132E-12 7.5535E-12 6.8779E-12 6.5221E-12 5.9123E-12 5.5180E-12 5.0252E-12 4.5350E-12 3.9990E-12 3.2735E-12 2.8273E-12 2.0632E-12 1.5268E-12 1.1541E-12 7.4925E-13 3.5300E-13 1.1813E-13 0.0000E+00 0.0000E+00
1.6141E-11 1.5674E-11 1.5301E-11 1.4939E-11 1.4499E-11 1.4253E-11 1.3859E-11 1.3493E-11 1.3248E-11 1.3119E-11 1.2920E-11 1.2747E-11 1.2686E-11 1.2639E-11 1.2594E-11 1.2540E-11 1.2478E-11 1.2407E-11 1.2328E-11 1.2240E-11 1.1988E-11 1.1727E-11 1.1459E-11 1.1083E-11 1.0699E-11 1.0583E-11 1.0189E-11 9.9605E-12 9.7261E-12 9.4860E-12 9.1958E-12 8.8008E-12 8.4020E-12 8.1616E-12 7.8650E-12 7.4617E-12 6.9548E-12 6.4619E-12 6.2311E-12 5.7461E-12 5.3689E-12 4.7817E-12 4.1954E-12 3.9934E-12 3.2750E-12 2.7241E-12 2.3323E-12 1.6890E-12 1.2757E-12 7.5672E-13 3.5678E-13 1.1969E-13 1.1628E-13 0.0000E+00 0.0000E+00 0.0000E+00 0.0000E+00
1.4489E-11 1.4050E-11 1.3704E-11 1.3373E-11 1.2962E-11 1.2565E-11 1.2287E-11 1.1941E-11 1.1725E-11 1.1522E-11 1.1338E-11 1.1171E-11 1.1129E-11 1.0934E-11 1.0732E-11 1.0521E-11 1.0303E-11 1.0076E-11 1.0014E-11 9.7752E-12 9.7018E-12 9.6223E-12 9.5368E-12 9.4454E-12 9.2468E-12 9.0423E-12 8.6786E-12 8.3097E-12 8.0432E-12 7.6662E-12 7.4494E-12 7.0749E-12 6.6971E-12 6.4836E-12 6.1168E-12 5.7537E-12 5.4387E-12 4.9695E-12 4.5061E-12 4.1518E-12 3.5852E-12 3.0361E-12 2.4928E-12 2.3272E-12 1.6883E-12 1.2769E-12 7.5873E-13 3.5800E-13 2.3542E-13 1.1720E-13 0.0000E+00 0.0000E+00 0.0000E+00 0.0000E+00 0.0000E+00 0.0000E+00 0.0000E+00
1.2151E-11 1.1570E-11 1.1158E-11 1.0844E-11 1.0455E-11 1.0096E-11 9.7509E-12 9.4285E-12 9.2312E-12 9.0555E-12 8.8993E-12 8.7560E-12 8.7335E-12 8.7086E-12 8.6777E-12 8.6408E-12 8.5980E-12 8.5494E-12 8.4951E-12 8.4353E-12 8.3699E-12 8.1451E-12 7.9149E-12 7.6796E-12 7.3369E-12 7.1535E-12 6.8034E-12 6.4488E-12 6.3656E-12 6.1718E-12 5.7202E-12 5.5300E-12 5.1861E-12 4.7352E-12 4.2825E-12 4.0477E-12 3.4899E-12 3.2075E-12 2.8869E-12 2.3532E-12 2.0866E-12 1.5645E-12 1.0444E-12 7.5523E-13 3.5662E-13 2.3534E-13 1.1727E-13 0.0000E+00 0.0000E+00 0.0000E+00 0.0000E+00 0.0000E+00 0.0000E+00 0.0000E+00 0.0000E+00 0.0000E+00 0.0000E+00
1.0540E-11 1.0144E-11 9.7604E-12 9.3752E-12 8.9101E-12 8.6741E-12 8.3585E-12 8.0630E-12 7.7845E-12 7.6284E-12 7.5956E-12 7.4661E-12 7.4483E-12 7.4253E-12 7.2422E-12 7.0531E-12 6.8584E-12 6.6581E-12 6.4524E-12 6.2413E-12 6.1945E-12 6.1438E-12 6.0892E-12 5.9273E-12 5.7614E-12 5.5916E-12 5.2672E-12 4.9393E-12 4.6143E-12 4.3351E-12 4.1169E-12 3.7900E-12 3.3555E-12 3.0832E-12 2.8095E-12 2.5063E-12 2.0939E-12 1.5727E-12 1.2757E-12 1.0312E-12 6.3430E-13 2.3872E-13 1.1911E-13 1.1649E-13 0.0000E+00 0.0000E+00 0.0000E+00 0.0000E+00 0.0000E+00 0.0000E+00 0.0000E+00 0.0000E+00 0.0000E+00 0.0000E+00 0.0000E+00 0.0000E+00 0.0000E+00
8.4816E-12 7.8400E-12 7.3070E-12 6.9593E-12 6.5252E-12 6.2170E-12 5.9275E-12 5.7607E-12 5.5008E-12 5.4763E-12 5.3499E-12 5.3419E-12 5.3305E-12 5.3153E-12 5.2964E-12 5.2739E-12 5.2477E-12 5.2180E-12 5.1848E-12 5.1481E-12 4.9559E-12 4.6548E-12 4.5067E-12 4.2002E-12 3.8901E-12 3.5765E-12 3.3723E-12 3.1134E-12 2.9654E-12 2.8155E-12 2.6640E-12 2.2580E-12 1.9651E-12 1.5589E-12 1.1589E-12 9.1562E-13 6.3403E-13 2.3917E-13 2.3467E-13 1.1719E-13 0.0000E+00 0.0000E+00 0.0000E+00 0.0000E+00 0.0000E+00 0.0000E+00 0.0000E+00 0.0000E+00 0.0000E+00 0.0000E+00 0.0000E+00 0.0000E+00 0.0000E+00 0.0000E+00 0.0000E+00 0.0000E+00 0.0000E+00
6.7712E-12 6.3244E-12 5.8858E-12 5.4627E-12 5.2688E-12 4.9839E-12 4.7156E-12 4.4605E-12 4.4371E-12 4.3114E-12 4.3060E-12 4.1457E-12 3.9813E-12 3.8128E-12 3.6404E-12 3.4641E-12 3.4478E-12 3.2662E-12 3.2462E-12 3.1173E-12 2.9857E-12 2.8515E-12 2.7148E-12 2.5757E-12 2.5487E-12 2.2988E-12 2.0141E-12 1.7277E-12 1.5529E-12 1.3114E-12 9.1632E-13 6.3301E-13 3.5487E-13 2.3667E-13 1.1837E-13 0.0000E+00 0.0000E+00 0.0000E+00 0.0000E+00 0.0000E+00 0.0000E+00 0.0000E+00 0.0000E+00 0.0000E+00 0.0000E+00 0.0000E+00 0.0000E+00 0.0000E+00 0.0000E+00 0.0000E+00 0.0000E+00 0.0000E+00 0.0000E+00 0.0000E+00 0.0000E+00 0.0000E+00 0.0000E+00
4.7036E-12 4.3886E-12 3.8257E-12 3.3803E-12 3.1083E-12 2.8481E-12 2.5950E-12 2.5748E-12 2.4535E-12 2.4503E-12 2.4484E-12 2.4449E-12 2.4395E-12 2.4325E-12 2.4237E-12 2.4133E-12 2.4012E-12 2.2792E-12 2.1549E-12 1.8790E-12 1.7520E-12 1.4731E-12 1.1917E-12 1.0256E-12 7.4952E-13 4.7194E-13 3.5473E-13 2.3698E-13 1.1872E-13 1.1730E-13 0.0000E+00 0.0000E+00 0.0000E+00 0.0000E+00 0.0000E+00 0.0000E+00 0.0000E+00 0.0000E+00 0.0000E+00 0.0000E+00 0.0000E+00 0.0000E+00 0.0000E+00 0.0000E+00 0.0000E+00 0.0000E+00 0.0000E+00 0.0000E+00 0.0000E+00 0.0000E+00 0.0000E+00 0.0000E+00 0.0000E+00 0.0000E+00 0.0000E+00 0.0000E+00 0.0000E+00
3.0298E-12 2.4921E-12 2.0694E-12 1.8086E-12 1.3997E-12 9.9425E-13 8.2136E-13 7.0149E-13 6.9916E-13 6.9927E-13 6.9888E-13 6.9799E-13 6.9662E-13 6.9475E-13 6.9240E-13 5.7980E-13 4.6602E-13 3.5111E-13 2.3510E-13 1.1805E-13 0.0000E+00 0.0000E+00 0.0000E+00 0.0000E+00 0.0000E+00 0.0000E+00 0.0000E+00 0.0000E+00 0.0000E+00 0.0000E+00 0.0000E+00 0.0000E+00 0.0000E+00 0.0000E+00 0.0000E+00 0.0000E+00 0.0000E+00 0.0000E+00 0.0000E+00 0.0000E+00 0.0000E+00 0.0000E+00 0.0000E+00 0.0000E+00 0.0000E+00 0.0000E+00 0.0000E+00 0.0000E+00 0.0000E+00 0.0000E+00 0.0000E+00 0.0000E+00 0.0000E+00 0.0000E+00 0.0000E+00 0.0000E+00 0.0000E+00
