Assets/Resources/2015_m01_d25_1900(utc+0800)_l00_csi_1hr_conc.grd
DSAA
         159         159
     -79.000      79.000
     -79.000      79.000
  0.0000E+00  0.1469E-04
[rows 0 to 24 of 159, columns 57 to 113 of 159]
8.4785E-11 9.4334E-11 1.0474E-10 1.1604E-10 1.2828E-10 1.4151E-10 1.5577E-10 1.7111E-10 1.8755E-10 2.0512E-10 2.2386E-10 2.4379E-10 2.6491E-10 2.8725E-10 3.1079E-10 3.3554E-10 3.6148E-10 3.8857E-10 4.1679E-10 4.4609E-10 4.7641E-10 5.0768E-10 5.3982E-10 5.7275E-10 6.0637E-10 6.4055E-10 6.7518E-10 7.1013E-10 7.4524E-10 7.8039E-10 8.1539E-10 8.5010E-10 8.8433E-10 9.1792E-10 9.5069E-10 9.8247E-10 1.0131E-09 1.0423E-09 1.0700E-09 1.0961E-09 1.1203E-09 1.1425E-09 1.1625E-09 1.1803E-09 1.1957E-09 1.2094E-09 1.2562E-09 1.3760E-09 1.4816E-09 1.5429E-09 1.5667E-09 1.5586E-09 1.5235E-09 1.4727E-09 1.4069E-09 1.3355E-09 1.2666E-09
8.7860E-11 9.7765E-11 1.0856E-10 1.2028E-10 1.3298E-10 1.4672E-10 1.6152E-10 1.7743E-10 1.9450E-10 2.1274E-10 2.3220E-10 2.5289E-10 2.7483E-10 2.9803E-10 3.2249E-10 3.4820E-10 3.7514E-10 4.0329E-10 4.3262E-10 4.6306E-10 4.9458E-10 5.2708E-10 5.6050E-10 5.9474E-10 6.2968E-10 6.6523E-10 7.0124E-10 7.3759E-10 7.7412E-10 8.1067E-10 8.4709E-10 8.8320E-10 9.1883E-10 9.5378E-10 9.8789E-10 1.0210E-09 1.0528E-09 1.0833E-09 1.1121E-09 1.1393E-09 1.1645E-09 1.1876E-09 1.2085E-09 1.2270E-09 1.2431E-09 1.2623E-09 1.3373E-09 1.4903E-09 1.5888E-09 1.6452E-09 1.6623E-09 1.6427E-09 1.5956E-09 1.5330E-09 1.4620E-09 1.3871E-09 1.3113E-09
9.0860E-11 1.0111E-10 1.1229E-10 1.2442E-10 1.3758E-10 1.5180E-10 1.6713E-10 1.8362E-10 2.0130E-10 2.2020E-10 2.4036E-10 2.6180E-10 2.8454E-10 3.0859E-10 3.3394E-10 3.6059E-10 3.8853E-10 4.1772E-10 4.4813E-10 4.7971E-10 5.1239E-10 5.4611E-10 5.8078E-10 6.1630E-10 6.5257E-10 6.8945E-10 7.2683E-10 7.6455E-10 8.0247E-10 8.4042E-10 8.7823E-10 9.1573E-10 9.5272E-10 9.8903E-10 1.0245E-09 1.0588E-09 1.0919E-09 1.1235E-09 1.1536E-09 1.1817E-09 1.2079E-09 1.2320E-09 1.2537E-09 1.2730E-09 1.2897E-09 1.3324E-09 1.4341E-09 1.6015E-09 1.7035E-09 1.7591E-09 1.7686E-09 1.7367E-09 1.6725E-09 1.5981E-09 1.5105E-09 1.4269E-09 1.3441E-09
9.3772E-11 1.0437E-10 1.1591E-10 1.2845E-10 1.4205E-10 1.5674E-10 1.7259E-10 1.8963E-10 2.0791E-10 2.2746E-10 2.4830E-10 2.7048E-10 2.9400E-10 3.1887E-10 3.4510E-10 3.7267E-10 4.0158E-10 4.3178E-10 4.6325E-10 4.9594E-10 5.2977E-10 5.6468E-10 6.0057E-10 6.3735E-10 6.7490E-10 7.1310E-10 7.5181E-10 7.9089E-10 8.3017E-10 8.6948E-10 9.0866E-10 9.4751E-10 9.8585E-10 1.0235E-09 1.0602E-09 1.0958E-09 1.1301E-09 1.1629E-09 1.1941E-09 1.2233E-09 1.2505E-09 1.2754E-09 1.2980E-09 1.3180E-09 1.3372E-09 1.3965E-09 1.5479E-09 1.7183E-09 1.8222E-09 1.8697E-09 1.8671E-09 1.8214E-09 1.7481E-09 1.6610E-09 1.5696E-09 1.4722E-09 1.3825E-09
9.6580E-11 1.0750E-10 1.1940E-10 1.3234E-10 1.4636E-10 1.6152E-10 1.7786E-10 1.9544E-10 2.1430E-10 2.3447E-10 2.5598E-10 2.7887E-10 3.0314E-10 3.2882E-10 3.5590E-10 3.8437E-10 4.1421E-10 4.4541E-10 4.7791E-10 5.1167E-10 5.4662E-10 5.8268E-10 6.1976E-10 6.5777E-10 6.9657E-10 7.3605E-10 7.7606E-10 8.1646E-10 8.5706E-10 8.9771E-10 9.3822E-10 9.7840E-10 1.0181E-09 1.0570E-09 1.0950E-09 1.1318E-09 1.1673E-09 1.2013E-09 1.2335E-09 1.2637E-09 1.2919E-09 1.3177E-09 1.3411E-09 1.3618E-09 1.3842E-09 1.4737E-09 1.6785E-09 1.8464E-09 1.9511E-09 1.9916E-09 1.9699E-09 1.9102E-09 1.8222E-09 1.7168E-09 1.6150E-09 1.5148E-09 1.4185E-09
9.9267E-11 1.1050E-10 1.2275E-10 1.3606E-10 1.5049E-10 1.6609E-10 1.8292E-10 2.0102E-10 2.2044E-10 2.4120E-10 2.6336E-10 2.8693E-10 3.1194E-10 3.3839E-10 3.6628E-10 3.9562E-10 4.2637E-10 4.5852E-10 4.9202E-10 5.2682E-10 5.6285E-10 6.0003E-10 6.3826E-10 6.7745E-10 7.1747E-10 7.5819E-10 7.9946E-10 8.4113E-10 8.8302E-10 9.2496E-10 9.6676E-10 1.0082E-09 1.0491E-09 1.0893E-09 1.1285E-09 1.1666E-09 1.2032E-09 1.2383E-09 1.2716E-09 1.3028E-09 1.3319E-09 1.3586E-09 1.3828E-09 1.4042E-09 1.4558E-09 1.5789E-09 1.8043E-09 1.9809E-09 2.0791E-09 2.1082E-09 2.0748E-09 1.9991E-09 1.8960E-09 1.7841E-09 1.6650E-09 1.5569E-09 1.4541E-09
1.0182E-10 1.1336E-10 1.2593E-10 1.3960E-10 1.5442E-10 1.7045E-10 1.8774E-10 2.0633E-10 2.2628E-10 2.4762E-10 2.7049E-10 2.9534E-10 3.2109E-10 3.4832E-10 3.7705E-10 4.0726E-10 4.3893E-10 4.7205E-10 5.0655E-10 5.4239E-10 5.7950E-10 6.1779E-10 6.5718E-10 6.9755E-10 7.3878E-10 7.8073E-10 8.2325E-10 8.6618E-10 9.0935E-10 9.5257E-10 9.9564E-10 1.0384E-09 1.0805E-09 1.1219E-09 1.1624E-09 1.2016E-09 1.2394E-09 1.2755E-09 1.3098E-09 1.3420E-09 1.3720E-09 1.3995E-09 1.4244E-09 1.4485E-09 1.5212E-09 1.7106E-09 1.9468E-09 2.1296E-09 2.2186E-09 2.2286E-09 2.1786E-09 2.0850E-09 1.9620E-09 1.8374E-09 1.7157E-09 1.5996E-09 1.4904E-09
1.0423E-10 1.1605E-10 1.2893E-10 1.4294E-10 1.5813E-10 1.7456E-10 1.9228E-10 2.1135E-10 2.3194E-10 2.5442E-10 2.7782E-10 3.0272E-10 3.2913E-10 3.5708E-10 3.8656E-10 4.1757E-10 4.5008E-10 4.8407E-10 5.1949E-10 5.5628E-10 5.9439E-10 6.3371E-10 6.7416E-10 7.1562E-10 7.5797E-10 8.0106E-10 8.4475E-10 8.8886E-10 9.3321E-10 9.7762E-10 1.0219E-09 1.0658E-09 1.1092E-09 1.1517E-09 1.1933E-09 1.2336E-09 1.2724E-09 1.3096E-09 1.3449E-09 1.3780E-09 1.4089E-09 1.4372E-09 1.4628E-09 1.4905E-09 1.5902E-09 1.8614E-09 2.0997E-09 2.2783E-09 2.3551E-09 2.3496E-09 2.2821E-09 2.1695E-09 2.0363E-09 1.9001E-09 1.7618E-09 1.6383E-09 1.5162E-09
1.0647E-10 1.1856E-10 1.3173E-10 1.4606E-10 1.6160E-10 1.7841E-10 1.9656E-10 2.1677E-10 2.3775E-10 2.6020E-10 2.8416E-10 3.0982E-10 3.3743E-10 3.6609E-10 3.9633E-10 4.2813E-10 4.6148E-10 4.9634E-10 5.3267E-10 5.7042E-10 6.0951E-10 6.4986E-10 6.9136E-10 7.3390E-10 7.7735E-10 8.2157E-10 8.6640E-10 9.1166E-10 9.5718E-10 1.0028E-09 1.0482E-09 1.0933E-09 1.1378E-09 1.1814E-09 1.2241E-09 1.2655E-09 1.3054E-09 1.3435E-09 1.3797E-09 1.4138E-09 1.4454E-09 1.4745E-09 1.5009E-09 1.5387E-09 1.7076E-09 2.0117E-09 2.2681E-09 2.4349E-09 2.4969E-09 2.4695E-09 2.3818E-09 2.2468E-09 2.0975E-09 1.9490E-09 1.8086E-09 1.6777E-09 1.5569E-09
1.0854E-10 1.2087E-10 1.3432E-10 1.4894E-10 1.6480E-10 1.8267E-10 2.0123E-10 2.2121E-10 2.4264E-10 2.6579E-10 2.9079E-10 3.1688E-10 3.4457E-10 3.7387E-10 4.0477E-10 4.3728E-10 4.7138E-10 5.0703E-10 5.4418E-10 5.8278E-10 6.2276E-10 6.6403E-10 7.0648E-10 7.5000E-10 7.9445E-10 8.3969E-10 8.8556E-10 9.3188E-10 9.7846E-10 1.0251E-09 1.0716E-09 1.1178E-09 1.1633E-09 1.2080E-09 1.2517E-09 1.2941E-09 1.3349E-09 1.3740E-09 1.4111E-09 1.4460E-09 1.4784E-09 1.5082E-09 1.5363E-09 1.6211E-09 1.8476E-09 2.1796E-09 2.4456E-09 2.5964E-09 2.6346E-09 2.5846E-09 2.4737E-09 2.3239E-09 2.1592E-09 1.9995E-09 1.8505E-09 1.7129E-09 1.5799E-09
1.1042E-10 1.2298E-10 1.3667E-10 1.5197E-10 1.6847E-10 1.8600E-10 2.0493E-10 2.2538E-10 2.4786E-10 2.7130E-10 2.9631E-10 3.2292E-10 3.5116E-10 3.8104E-10 4.1257E-10 4.4574E-10 4.8053E-10 5.1690E-10 5.5482E-10 5.9422E-10 6.3502E-10 6.7714E-10 7.2048E-10 7.6490E-10 8.1029E-10 8.5648E-10 9.0332E-10 9.5062E-10 9.9819E-10 1.0458E-09 1.0933E-09 1.1405E-09 1.1870E-09 1.2327E-09 1.2773E-09 1.3207E-09 1.3624E-09 1.4024E-09 1.4403E-09 1.4759E-09 1.5091E-09 1.5396E-09 1.5726E-09 1.6889E-09 2.0373E-09 2.3663E-09 2.6329E-09 2.7602E-09 2.7711E-09 2.6992E-09 2.5623E-09 2.3935E-09 2.2128E-09 2.0418E-09 1.8840E-09 1.7396E-09 1.6083E-09
1.1210E-10 1.2486E-10 1.3950E-10 1.5470E-10 1.7118E-10 1.8902E-10 2.0898E-10 2.2975E-10 2.5203E-10 2.7588E-10 3.0133E-10 3.2842E-10 3.5716E-10 3.8758E-10 4.1968E-10 4.5345E-10 4.8888E-10 5.2592E-10 5.6453E-10 6.0465E-10 6.4622E-10 6.8912E-10 7.3327E-10 7.7853E-10 8.2478E-10 8.7184E-10 9.1957E-10 9.6778E-10 1.0163E-09 1.0648E-09 1.1133E-09 1.1613E-09 1.2087E-09 1.2553E-09 1.3009E-09 1.3455E-09 1.3885E-09 1.4292E-09 1.4679E-09 1.5043E-09 1.5382E-09 1.5693E-09 1.6139E-09 1.7973E-09 2.2196E-09 2.5717E-09 2.8243E-09 2.9257E-09 2.9072E-09 2.8074E-09 2.6498E-09 2.4631E-09 2.2672E-09 2.0862E-09 1.9207E-09 1.7642E-09 1.6279E-09
1.1394E-10 1.2726E-10 1.4144E-10 1.5686E-10 1.7409E-10 1.9245E-10 2.1204E-10 2.3313E-10 2.5576E-10 2.7998E-10 3.0583E-10 3.3334E-10 3.6255E-10 3.9345E-10 4.2607E-10 4.6038E-10 4.9638E-10 5.3402E-10 5.7326E-10 6.1405E-10 6.5629E-10 6.9991E-10 7.4479E-10 7.9081E-10 8.3783E-10 8.8569E-10 9.3423E-10 9.8326E-10 1.0332E-09 1.0829E-09 1.1322E-09 1.1811E-09 1.2294E-09 1.2768E-09 1.3231E-09 1.3681E-09 1.4114E-09 1.4529E-09 1.4923E-09 1.5293E-09 1.5638E-09 1.5955E-09 1.6876E-09 1.9733E-09 2.4289E-09 2.7923E-09 3.0224E-09 3.0892E-09 3.0402E-09 2.9110E-09 2.7314E-09 2.5240E-09 2.3137E-09 2.1225E-09 1.9494E-09 1.7933E-09 1.6529E-09
1.1559E-10 1.2876E-10 1.4312E-10 1.5947E-10 1.7647E-10 1.9487E-10 2.1473E-10 2.3609E-10 2.5903E-10 2.8358E-10 3.0978E-10 3.3767E-10 3.6728E-10 3.9862E-10 4.3168E-10 4.6648E-10 5.0298E-10 5.4116E-10 5.8097E-10 6.2233E-10 6.6519E-10 7.0944E-10 7.5498E-10 8.0167E-10 8.5010E-10 8.9886E-10 9.4816E-10 9.9795E-10 1.0480E-09 1.0982E-09 1.1483E-09 1.1979E-09 1.2470E-09 1.2951E-09 1.3422E-09 1.3878E-09 1.4319E-09 1.4740E-09 1.5140E-09 1.5516E-09 1.5867E-09 1.6253E-09 1.7538E-09 2.1848E-09 2.6651E-09 3.0243E-09 3.2214E-09 3.2490E-09 3.1683E-09 3.0105E-09 2.8087E-09 2.5824E-09 2.3613E-09 2.1614E-09 1.9763E-09 1.8147E-09 1.6692E-09
1.1671E-10 1.3049E-10 1.4529E-10 1.6114E-10 1.7833E-10 1.9694E-10 2.1702E-10 2.3863E-10 2.6182E-10 2.8666E-10 3.1316E-10 3.4138E-10 3.7134E-10 4.0305E-10 4.3651E-10 4.7172E-10 5.0867E-10 5.4731E-10 5.8760E-10 6.2947E-10 6.7286E-10 7.1854E-10 7.6469E-10 8.1202E-10 8.6038E-10 9.0961E-10 9.5954E-10 1.0100E-09 1.0607E-09 1.1116E-09 1.1623E-09 1.2137E-09 1.2640E-09 1.3129E-09 1.3606E-09 1.4069E-09 1.4516E-09 1.4943E-09 1.5349E-09 1.5731E-09 1.6086E-09 1.6600E-09 1.8418E-09 2.4280E-09 2.9291E-09 3.2670E-09 3.4224E-09 3.4083E-09 3.2909E-09 3.1052E-09 2.8778E-09 2.6342E-09 2.4013E-09 2.1918E-09 2.0057E-09 1.8397E-09 1.6918E-09
1.1833E-10 1.3181E-10 1.4652E-10 1.6251E-10 1.7986E-10 1.9864E-10 2.1890E-10 2.4072E-10 2.6413E-10 2.8920E-10 3.1596E-10 3.4446E-10 3.7470E-10 4.0672E-10 4.4052E-10 4.7608E-10 5.1339E-10 5.5242E-10 5.9369E-10 6.3635E-10 6.8023E-10 7.2555E-10 7.7219E-10 8.2002E-10 8.6890E-10 9.1867E-10 9.6951E-10 1.0219E-09 1.0733E-09 1.1247E-09 1.1760E-09 1.2270E-09 1.2773E-09 1.3267E-09 1.3750E-09 1.4218E-09 1.4670E-09 1.5102E-09 1.5513E-09 1.5899E-09 1.6258E-09 1.6922E-09 2.0298E-09 2.6971E-09 3.2103E-09 3.5142E-09 3.6162E-09 3.5593E-09 3.4056E-09 3.1924E-09 2.9415E-09 2.6814E-09 2.4376E-09 2.2210E-09 2.0288E-09 1.8574E-09 1.7059E-09
1.1909E-10 1.3266E-10 1.4747E-10 1.6357E-10 1.8105E-10 1.9996E-10 2.2038E-10 2.4235E-10 2.6594E-10 2.9120E-10 3.1816E-10 3.4687E-10 3.7736E-10 4.0962E-10 4.4368E-10 4.7953E-10 5.1802E-10 5.5743E-10 5.9852E-10 6.4123E-10 6.8549E-10 7.3120E-10 7.7823E-10 8.2781E-10 8.7759E-10 9.2787E-10 9.7887E-10 1.0304E-09 1.0822E-09 1.1342E-09 1.1860E-09 1.2374E-09 1.2881E-09 1.3380E-09 1.3870E-09 1.4356E-09 1.4814E-09 1.5251E-09 1.5666E-09 1.6056E-09 1.6490E-09 1.7731E-09 2.2976E-09 3.0069E-09 3.5082E-09 3.7628E-09 3.8061E-09 3.7052E-09 3.5131E-09 3.2726E-09 2.9996E-09 2.7227E-09 2.4691E-09 2.2453E-09 2.0477E-09 1.8732E-09 1.7186E-09
1.1962E-10 1.3326E-10 1.4814E-10 1.6433E-10 1.8190E-10 2.0091E-10 2.2143E-10 2.4353E-10 2.6725E-10 2.9264E-10 3.1976E-10 3.4863E-10 3.7928E-10 4.1174E-10 4.4689E-10 4.8301E-10 5.2092E-10 5.6057E-10 6.0192E-10 6.4490E-10 6.9034E-10 7.3725E-10 7.8470E-10 8.3336E-10 8.8309E-10 9.3372E-10 9.8508E-10 1.0370E-09 1.0892E-09 1.1429E-09 1.1955E-09 1.2473E-09 1.2985E-09 1.3488E-09 1.3979E-09 1.4456E-09 1.4916E-09 1.5356E-09 1.5774E-09 1.6167E-09 1.6749E-09 1.8493E-09 2.6100E-09 3.3505E-09 3.8133E-09 4.0063E-09 3.9885E-09 3.8388E-09 3.6131E-09 3.3440E-09 3.0520E-09 2.7610E-09 2.4986E-09 2.2683E-09 2.0650E-09 1.8869E-09 1.7287E-09
1.1993E-10 1.3361E-10 1.4854E-10 1.6478E-10 1.8240E-10 2.0148E-10 2.2207E-10 2.4424E-10 2.6804E-10 2.9352E-10 3.2074E-10 3.4971E-10 3.8137E-10 4.1402E-10 4.4848E-10 4.8475E-10 5.2282E-10 5.6264E-10 6.0585E-10 6.4921E-10 6.9406E-10 7.4038E-10 7.8806E-10 8.3696E-10 8.8694E-10 9.3874E-10 9.9126E-10 1.0435E-09 1.0960E-09 1.1487E-09 1.2012E-09 1.2533E-09 1.3048E-09 1.3554E-09 1.4047E-09 1.4527E-09 1.4989E-09 1.5432E-09 1.5852E-09 1.6252E-09 1.6988E-09 1.9771E-09 2.9577E-09 3.7193E-09 4.1231E-09 4.2431E-09 4.1606E-09 3.9638E-09 3.7039E-09 3.4074E-09 3.0978E-09 2.7927E-09 2.5226E-09 2.2866E-09 2.0801E-09 1.8989E-09 1.7392E-09
1.2001E-10 1.3371E-10 1.4866E-10 1.6492E-10 1.8256E-10 2.0166E-10 2.2228E-10 2.4448E-10 2.6832E-10 2.9384E-10 3.2180E-10 3.5108E-10 3.8197E-10 4.1469E-10 4.4922E-10 4.8575E-10 5.2550E-10 5.6554E-10 6.0730E-10 6.5070E-10 6.9568E-10 7.4214E-10 7.9092E-10 8.4084E-10 8.9106E-10 9.4220E-10 9.9407E-10 1.0465E-09 1.0992E-09 1.1520E-09 1.2047E-09 1.2570E-09 1.3105E-09 1.3612E-09 1.4109E-09 1.4590E-09 1.5055E-09 1.5499E-09 1.5921E-09 1.6399E-09 1.7266E-09 2.2971E-09 3.3620E-09 4.1048E-09 4.4276E-09 4.4665E-09 4.3214E-09 4.0777E-09 3.7862E-09 3.4656E-09 3.1395E-09 2.8214E-09 2.5438E-09 2.3029E-09 2.0929E-09 1.9081E-09 1.7464E-09
1.1988E-10 1.3356E-10 1.4850E-10 1.6475E-10 1.8238E-10 2.0147E-10 2.2208E-10 2.4427E-10 2.6827E-10 2.9453E-10 3.2186E-10 3.5096E-10 3.8186E-10 4.1471E-10 4.5091E-10 4.8767E-10 5.2659E-10 5.6672E-10 6.0856E-10 6.5223E-10 6.9895E-10 7.4562E-10 7.9366E-10 8.4293E-10 8.9328E-10 9.4454E-10 9.9654E-10 1.0494E-09 1.1038E-09 1.1568E-09 1.2097E-09 1.2622E-09 1.3140E-09 1.3649E-09 1.4147E-09 1.4629E-09 1.5095E-09 1.5540E-09 1.5963E-09 1.6568E-09 1.7578E-09 2.6805E-09 3.8154E-09 4.4971E-09 4.7229E-09 4.6774E-09 4.4679E-09 4.1816E-09 3.8576E-09 3.5168E-09 3.1726E-09 2.8458E-09 2.5633E-09 2.3185E-09 2.1054E-09 1.9192E-09 1.7559E-09
1.1952E-10 1.3317E-10 1.4807E-10 1.6427E-10 1.8186E-10 2.0090E-10 2.2146E-10 2.4448E-10 2.6833E-10 2.9388E-10 3.2115E-10 3.5020E-10 3.8266E-10 4.1580E-10 4.5114E-10 4.8766E-10 5.2598E-10 5.6659E-10 6.0972E-10 6.5332E-10 6.9849E-10 7.4514E-10 7.9316E-10 8.4241E-10 8.9361E-10 9.4586E-10 9.9794E-10 1.0505E-09 1.1035E-09 1.1565E-09 1.2094E-09 1.2619E-09 1.3137E-09 1.3646E-09 1.4143E-09 1.4631E-09 1.5101E-09 1.5546E-09 1.5969E-09 1.6766E-09 1.8777E-09 3.1047E-09 4.2980E-09 4.8856E-09 5.0013E-09 4.8694E-09 4.5998E-09 4.2731E-09 3.9189E-09 3.5589E-09 3.1983E-09 2.8640E-09 2.5769E-09 2.3287E-09 2.1133E-09 1.9254E-09 1.7608E-09
1.1895E-10 1.3254E-10 1.4737E-10 1.6350E-10 1.8101E-10 2.0004E-10 2.2136E-10 2.4349E-10 2.6725E-10 2.9270E-10 3.2086E-10 3.5068E-10 3.8245E-10 4.1522E-10 4.4982E-10 4.8683E-10 5.2632E-10 5.6644E-10 6.0828E-10 6.5178E-10 6.9686E-10 7.4369E-10 7.9317E-10 8.4243E-10 8.9276E-10 9.4401E-10 9.9598E-10 1.0485E-09 1.1013E-09 1.1542E-09 1.2079E-09 1.2604E-09 1.3121E-09 1.3630E-09 1.4126E-09 1.4608E-09 1.5072E-09 1.5517E-09 1.6032E-09 1.7026E-09 1.9913E-09 3.6090E-09 4.7943E-09 5.2572E-09 5.2579E-09 5.0417E-09 4.7144E-09 4.3502E-09 3.9702E-09 3.5899E-09 3.2177E-09 2.8789E-09 2.5882E-09 2.3375E-09 2.1202E-09 1.9310E-09 1.7644E-09
1.1818E-10 1.3168E-10 1.4641E-10 1.6244E-10 1.8035E-10 1.9964E-10 2.2007E-10 2.4208E-10 2.6581E-10 2.9281E-10 3.2079E-10 3.4988E-10 3.8070E-10 4.1364E-10 4.5050E-10 4.8711E-10 5.2619E-10 5.6629E-10 6.0810E-10 6.5263E-10 6.9850E-10 7.4514E-10 7.9313E-10 8.4235E-10 8.9264E-10 9.4384E-10 9.9623E-10 1.0492E-09 1.1020E-09 1.1549E-09 1.2076E-09 1.2600E-09 1.3116E-09 1.3624E-09 1.4119E-09 1.4600E-09 1.5063E-09 1.5506E-09 1.6142E-09 1.7351E-09 2.4723E-09 4.1837E-09 5.2926E-09 5.6098E-09 5.4967E-09 5.1964E-09 4.8180E-09 4.4178E-09 4.0169E-09 3.6184E-09 3.2359E-09 2.8931E-09 2.5996E-09 2.3470E-09 2.1284E-09 1.9382E-09 1.7718E-09
1.1721E-10 1.3060E-10 1.4521E-10 1.6200E-10 1.7935E-10 1.9814E-10 2.1842E-10 2.4123E-10 2.6577E-10 2.9179E-10 3.1888E-10 3.4772E-10 3.8096E-10 4.1368E-10 4.4910E-10 4.8545E-10 5.2358E-10 5.6481E-10 6.0701E-10 6.5039E-10 6.9534E-10 7.4175E-10 7.8951E-10 8.3885E-10 8.8952E-10 9.4053E-10 9.9225E-10 1.0445E-09 1.0970E-09 1.1497E-09 1.2021E-09 1.2542E-09 1.3056E-09 1.3561E-09 1.4053E-09 1.4531E-09 1.4992E-09 1.5432E-09 1.6325E-09 1.7752E-09 2.9299E-09 4.7913E-09 5.7696E-09 5.9276E-09 5.7023E-09 5.3269E-09 4.9016E-09 4.4696E-09 4.0497E-09 3.6363E-09 3.2451E-09 2.8997E-09 2.6044E-09 2.3507E-09 2.1314E-09 1.9407E-09 1.7740E-09
