Assets/Resources/2015_m01_d07_1600(utc+0800)_l00_csi_1hr_conc.grd
DSAA
         159         159
     -79.000      79.000
     -79.000      79.000
  0.0000E+00  0.6089E-05
[rows 50 to 74 of 159, columns 57 to 113 of 159]
3.5412E-08 3.4074E-08 3.2826E-08 3.1686E-08 3.0665E-08 2.9730E-08 2.8915E-08 2.8219E-08 2.7629E-08 2.7139E-08 2.6725E-08 2.6390E-08 2.6099E-08 2.5793E-08 2.5465E-08 2.5124E-08 2.4772E-08 2.4385E-08 2.3968E-08 2.3537E-08 2.3067E-08 2.2553E-08 2.1998E-08 2.1407E-08 2.0772E-08 2.0089E-08 1.9364E-08 1.8593E-08 1.7786E-08 1.6946E-08 1.6082E-08 1.5205E-08 1.4314E-08 1.3434E-08 1.2572E-08 1.1733E-08 1.0927E-08 1.0133E-08 9.3179E-09 8.5677E-09 7.8049E-09 7.1391E-09 6.5208E-09 5.9546E-09 5.4282E-09 4.9446E-09 4.5054E-09 4.1040E-09 3.6940E-09 3.2846E-09 2.9824E-09 2.7001E-09 2.4432E-09 2.2131E-09 1.9651E-09 1.7684E-09 1.5938E-09
3.7236E-08 3.5735E-08 3.4320E-08 3.3027E-08 3.1875E-08 3.0850E-08 2.9929E-08 2.9140E-08 2.8480E-08 2.7878E-08 2.7410E-08 2.7045E-08 2.6722E-08 2.6384E-08 2.6026E-08 2.5653E-08 2.5269E-08 2.4844E-08 2.4388E-08 2.3916E-08 2.3401E-08 2.2839E-08 2.2231E-08 2.1581E-08 2.0887E-08 2.0145E-08 1.9359E-08 1.8529E-08 1.7668E-08 1.6774E-08 1.5859E-08 1.4936E-08 1.4007E-08 1.3101E-08 1.2225E-08 1.1377E-08 1.0562E-08 9.7579E-09 8.9325E-09 8.1911E-09 7.4430E-09 6.8010E-09 6.2120E-09 5.6660E-09 5.1577E-09 4.6953E-09 4.2758E-09 3.8927E-09 3.4979E-09 3.1027E-09 2.8151E-09 2.5463E-09 2.3017E-09 2.0829E-09 1.8467E-09 1.6598E-09 1.4944E-09
3.9028E-08 3.7367E-08 3.5793E-08 3.4347E-08 3.3058E-08 3.1930E-08 3.0921E-08 3.0037E-08 2.9281E-08 2.8631E-08 2.8044E-08 2.7639E-08 2.7277E-08 2.6911E-08 2.6521E-08 2.6109E-08 2.5693E-08 2.5235E-08 2.4743E-08 2.4231E-08 2.3674E-08 2.3068E-08 2.2412E-08 2.1709E-08 2.0957E-08 2.0155E-08 1.9308E-08 1.8416E-08 1.7496E-08 1.6548E-08 1.5584E-08 1.4617E-08 1.3657E-08 1.2736E-08 1.1849E-08 1.0992E-08 1.0169E-08 9.3560E-09 8.5741E-09 7.8035E-09 7.0803E-09 6.4700E-09 5.9022E-09 5.3784E-09 4.8914E-09 4.4494E-09 4.0493E-09 3.6835E-09 3.3044E-09 2.9236E-09 2.6504E-09 2.3953E-09 2.1631E-09 1.9556E-09 1.7284E-09 1.5511E-09 1.3951E-09
4.0728E-08 3.8912E-08 3.7184E-08 3.5585E-08 3.4151E-08 3.2902E-08 3.1821E-08 3.0847E-08 3.0007E-08 2.9262E-08 2.8619E-08 2.8146E-08 2.7758E-08 2.7343E-08 2.6923E-08 2.6482E-08 2.6036E-08 2.5545E-08 2.5018E-08 2.4468E-08 2.3870E-08 2.3219E-08 2.2516E-08 2.1762E-08 2.0957E-08 2.0099E-08 1.9192E-08 1.8241E-08 1.7264E-08 1.6260E-08 1.5251E-08 1.4252E-08 1.3272E-08 1.2337E-08 1.1445E-08 1.0582E-08 9.7484E-09 8.9315E-09 8.1630E-09 7.4151E-09 6.7378E-09 6.1381E-09 5.5928E-09 5.0927E-09 4.6287E-09 4.2072E-09 3.8256E-09 3.4773E-09 3.1140E-09 2.7480E-09 2.4893E-09 2.2477E-09 2.0278E-09 1.8318E-09 1.6165E-09 1.4457E-09 1.2989E-09
4.2411E-08 4.0459E-08 3.8586E-08 3.6840E-08 3.5258E-08 3.3872E-08 3.2678E-08 3.1636E-08 3.0688E-08 2.9870E-08 2.9121E-08 2.8574E-08 2.8132E-08 2.7688E-08 2.7233E-08 2.6754E-08 2.6285E-08 2.5764E-08 2.5204E-08 2.4618E-08 2.3980E-08 2.3284E-08 2.2534E-08 2.1730E-08 2.0871E-08 1.9959E-08 1.8998E-08 1.7992E-08 1.6958E-08 1.5906E-08 1.4858E-08 1.3836E-08 1.2844E-08 1.1910E-08 1.1013E-08 1.0140E-08 9.3017E-09 8.4964E-09 7.7492E-09 7.0296E-09 6.3816E-09 5.8052E-09 5.2843E-09 4.8085E-09 4.3687E-09 3.9669E-09 3.6039E-09 3.2737E-09 2.9267E-09 2.5759E-09 2.3317E-09 2.1039E-09 1.8963E-09 1.7116E-09 1.5051E-09 1.3470E-09 1.2094E-09
4.4079E-08 4.2023E-08 4.0006E-08 3.8111E-08 3.6380E-08 3.4842E-08 3.3511E-08 3.2360E-08 3.1354E-08 3.0386E-08 2.9553E-08 2.8929E-08 2.8425E-08 2.7928E-08 2.7436E-08 2.6908E-08 2.6416E-08 2.5869E-08 2.5284E-08 2.4663E-08 2.3987E-08 2.3251E-08 2.2457E-08 2.1604E-08 2.0694E-08 1.9730E-08 1.8715E-08 1.7657E-08 1.6577E-08 1.5484E-08 1.4408E-08 1.3375E-08 1.2385E-08 1.1448E-08 1.0544E-08 9.6670E-09 8.8385E-09 8.0536E-09 7.3340E-09 6.6469E-09 6.0253E-09 5.4732E-09 4.9787E-09 4.5274E-09 4.1096E-09 3.7273E-09 3.3830E-09 3.0709E-09 2.7407E-09 2.4058E-09 2.1764E-09 1.9622E-09 1.7673E-09 1.5946E-09 1.3968E-09 1.2485E-09 1.1172E-09
4.5685E-08 4.3598E-08 4.1494E-08 3.9453E-08 3.7551E-08 3.5843E-08 3.4353E-08 3.3077E-08 3.1949E-08 3.0890E-08 2.9950E-08 2.9221E-08 2.8618E-08 2.8062E-08 2.7525E-08 2.6945E-08 2.6425E-08 2.5851E-08 2.5240E-08 2.4589E-08 2.3878E-08 2.3103E-08 2.2266E-08 2.1371E-08 2.0414E-08 1.9400E-08 1.8337E-08 1.7234E-08 1.6113E-08 1.4996E-08 1.3912E-08 1.2879E-08 1.1889E-08 1.0950E-08 1.0042E-08 9.1724E-09 8.3636E-09 7.6067E-09 6.9241E-09 6.2647E-09 5.6716E-09 5.1472E-09 4.6785E-09 4.2505E-09 3.8532E-09 3.4902E-09 3.1646E-09 2.8702E-09 2.5563E-09 2.2367E-09 2.0223E-09 1.8218E-09 1.6394E-09 1.4665E-09 1.2935E-09 1.1524E-09 1.0304E-09
4.7268E-08 4.5196E-08 4.3067E-08 4.0959E-08 3.8917E-08 3.7024E-08 3.5322E-08 3.3861E-08 3.2584E-08 3.1456E-08 3.0363E-08 2.9466E-08 2.8747E-08 2.8132E-08 2.7513E-08 2.6883E-08 2.6322E-08 2.5720E-08 2.5082E-08 2.4397E-08 2.3651E-08 2.2837E-08 2.1959E-08 2.1020E-08 2.0020E-08 1.8963E-08 1.7857E-08 1.6716E-08 1.5573E-08 1.4448E-08 1.3366E-08 1.2342E-08 1.1358E-08 1.0417E-08 9.5148E-09 8.6644E-09 7.8856E-09 7.1674E-09 6.5158E-09 5.8870E-09 5.3245E-09 4.8277E-09 4.3847E-09 3.9789E-09 3.6025E-09 3.2587E-09 2.9516E-09 2.6746E-09 2.3767E-09 2.0722E-09 1.8717E-09 1.6842E-09 1.5140E-09 1.3372E-09 1.1887E-09 1.0573E-09 9.4805E-10
4.8817E-08 4.6818E-08 4.4695E-08 4.2529E-08 4.0393E-08 3.8345E-08 3.6435E-08 3.4761E-08 3.3281E-08 3.1954E-08 3.0737E-08 2.9709E-08 2.8840E-08 2.8074E-08 2.7389E-08 2.6697E-08 2.6110E-08 2.5476E-08 2.4812E-08 2.4094E-08 2.3311E-08 2.2459E-08 2.1541E-08 2.0560E-08 1.9517E-08 1.8419E-08 1.7278E-08 1.6114E-08 1.4961E-08 1.3840E-08 1.2776E-08 1.1766E-08 1.0787E-08 9.8542E-09 8.9746E-09 8.1551E-09 7.4149E-09 6.7327E-09 6.1012E-09 5.5167E-09 4.9851E-09 4.5166E-09 4.0974E-09 3.7139E-09 3.3584E-09 3.0340E-09 2.7456E-09 2.4858E-09 2.2039E-09 1.9144E-09 1.7275E-09 1.5524E-09 1.3939E-09 1.2157E-09 1.0884E-09 9.6314E-10 8.6197E-10
5.0289E-08 4.8453E-08 4.6404E-08 4.4228E-08 4.2006E-08 3.9804E-08 3.7729E-08 3.5790E-08 3.4056E-08 3.2509E-08 3.1133E-08 2.9878E-08 2.8838E-08 2.7951E-08 2.7165E-08 2.6408E-08 2.5781E-08 2.5115E-08 2.4425E-08 2.3675E-08 2.2857E-08 2.1967E-08 2.1012E-08 1.9992E-08 1.8911E-08 1.7779E-08 1.6612E-08 1.5437E-08 1.4291E-08 1.3194E-08 1.2149E-08 1.1150E-08 1.0183E-08 9.2755E-09 8.4305E-09 7.6517E-09 6.9530E-09 6.3056E-09 5.7084E-09 5.1577E-09 4.6444E-09 4.2158E-09 3.8196E-09 3.4580E-09 3.1230E-09 2.8175E-09 2.5476E-09 2.3046E-09 2.0384E-09 1.7636E-09 1.5901E-09 1.4270E-09 1.2800E-09 1.1116E-09 9.9073E-10 8.7782E-10 7.8428E-10
5.1598E-08 5.0046E-08 4.8186E-08 4.6095E-08 4.3842E-08 4.1514E-08 3.9211E-08 3.7036E-08 3.5089E-08 3.3260E-08 3.1526E-08 3.0041E-08 2.8833E-08 2.7749E-08 2.6833E-08 2.5992E-08 2.5326E-08 2.4637E-08 2.3918E-08 2.3136E-08 2.2285E-08 2.1360E-08 2.0370E-08 1.9316E-08 1.8203E-08 1.7045E-08 1.5867E-08 1.4704E-08 1.3582E-08 1.2509E-08 1.1483E-08 1.0501E-08 9.5622E-09 8.6913E-09 7.8884E-09 7.1579E-09 6.4984E-09 5.8878E-09 5.3151E-09 4.8117E-09 4.3296E-09 3.9260E-09 3.5534E-09 3.2134E-09 2.8987E-09 2.6119E-09 2.3594E-09 2.1326E-09 1.8816E-09 1.6211E-09 1.4602E-09 1.3086E-09 1.1606E-09 1.0106E-09 9.0216E-10 7.9420E-10 7.1163E-10
5.2681E-08 5.1514E-08 4.9944E-08 4.8010E-08 4.5809E-08 4.3400E-08 4.0928E-08 3.8484E-08 3.6153E-08 3.4010E-08 3.2047E-08 3.0266E-08 2.8731E-08 2.7426E-08 2.6380E-08 2.5449E-08 2.4754E-08 2.4038E-08 2.3288E-08 2.2476E-08 2.1592E-08 2.0636E-08 1.9616E-08 1.8533E-08 1.7397E-08 1.6231E-08 1.5063E-08 1.3923E-08 1.2833E-08 1.1788E-08 1.0786E-08 9.8337E-09 8.9337E-09 8.1093E-09 7.3598E-09 6.6726E-09 6.0534E-09 5.4821E-09 4.9328E-09 4.4644E-09 4.0242E-09 3.6460E-09 3.2977E-09 2.9796E-09 2.6855E-09 2.4173E-09 2.1825E-09 1.9711E-09 1.7347E-09 1.4880E-09 1.3392E-09 1.1981E-09 1.0457E-09 9.1714E-10 8.1402E-10 7.1970E-10 6.4201E-10
5.3367E-08 5.2685E-08 5.1547E-08 4.9936E-08 4.7899E-08 4.5508E-08 4.2876E-08 4.0149E-08 3.7461E-08 3.4930E-08 3.2528E-08 3.0429E-08 2.8654E-08 2.7120E-08 2.5916E-08 2.4787E-08 2.4055E-08 2.3314E-08 2.2533E-08 2.1693E-08 2.0780E-08 1.9799E-08 1.8754E-08 1.7650E-08 1.6507E-08 1.5350E-08 1.4205E-08 1.3105E-08 1.2052E-08 1.1037E-08 1.0067E-08 9.1588E-09 8.3103E-09 7.5425E-09 6.8415E-09 6.1987E-09 5.6210E-09 5.0885E-09 4.5773E-09 4.1269E-09 3.7281E-09 3.3741E-09 3.0504E-09 2.7542E-09 2.4802E-09 2.2317E-09 2.0152E-09 1.8188E-09 1.5968E-09 1.3637E-09 1.2265E-09 1.0952E-09 9.3557E-10 8.3081E-10 7.3467E-10 6.4483E-10 5.7124E-10
5.3470E-08 5.3462E-08 5.2896E-08 5.1738E-08 5.0023E-08 4.7780E-08 4.5101E-08 4.2171E-08 3.9081E-08 3.6021E-08 3.3139E-08 3.0627E-08 2.8443E-08 2.6680E-08 2.5311E-08 2.4009E-08 2.3235E-08 2.2463E-08 2.1655E-08 2.0790E-08 1.9854E-08 1.8852E-08 1.7790E-08 1.6680E-08 1.5545E-08 1.4414E-08 1.3315E-08 1.2260E-08 1.1243E-08 1.0264E-08 9.3442E-09 8.4910E-09 7.7019E-09 6.9892E-09 6.3362E-09 5.7381E-09 5.2021E-09 4.6970E-09 4.2333E-09 3.8140E-09 3.4422E-09 3.1117E-09 2.8112E-09 2.5360E-09 2.2824E-09 2.0535E-09 1.8548E-09 1.6741E-09 1.4663E-09 1.2465E-09 1.1199E-09 9.8391E-10 8.4326E-10 7.4850E-10 6.6166E-10 5.7679E-10 5.1301E-10
5.2931E-08 5.3650E-08 5.3799E-08 5.3317E-08 5.2130E-08 5.0194E-08 4.7608E-08 4.4468E-08 4.0972E-08 3.7389E-08 3.3909E-08 3.0813E-08 2.8196E-08 2.6130E-08 2.4512E-08 2.3182E-08 2.2309E-08 2.1496E-08 2.0657E-08 1.9772E-08 1.8818E-08 1.7805E-08 1.6737E-08 1.5637E-08 1.4534E-08 1.3450E-08 1.2401E-08 1.1391E-08 1.0416E-08 9.4900E-09 8.6297E-09 7.8384E-09 7.1116E-09 6.4509E-09 5.8457E-09 5.2935E-09 4.7991E-09 4.3187E-09 3.8896E-09 3.5001E-09 3.1669E-09 2.8596E-09 2.5819E-09 2.3266E-09 2.0916E-09 1.8823E-09 1.7010E-09 1.5356E-09 1.3432E-09 1.1363E-09 1.0197E-09 8.8209E-10 7.5758E-10 6.7131E-10 5.8653E-10 5.1614E-10 4.5790E-10
5.1612E-08 5.3134E-08 5.4172E-08 5.4526E-08 5.4045E-08 5.2679E-08 5.0374E-08 4.7186E-08 4.3325E-08 3.9078E-08 3.4849E-08 3.1057E-08 2.7927E-08 2.5400E-08 2.3594E-08 2.2162E-08 2.1246E-08 2.0415E-08 1.9556E-08 1.8648E-08 1.7685E-08 1.6669E-08 1.5616E-08 1.4550E-08 1.3494E-08 1.2464E-08 1.1469E-08 1.0508E-08 9.5879E-09 8.7258E-09 7.9315E-09 7.2091E-09 6.5390E-09 5.9300E-09 5.3742E-09 4.8663E-09 4.3985E-09 3.9540E-09 3.5591E-09 3.2121E-09 2.9031E-09 2.6184E-09 2.3628E-09 2.1264E-09 1.9090E-09 1.7185E-09 1.5530E-09 1.4029E-09 1.2240E-09 1.0330E-09 9.1327E-10 7.7487E-10 6.7490E-10 5.9141E-10 5.2302E-10 4.5413E-10 3.9363E-10
4.9534E-08 5.1885E-08 5.3846E-08 5.5223E-08 5.5745E-08 5.5205E-08 5.3411E-08 5.0306E-08 4.6121E-08 4.1210E-08 3.6123E-08 3.1452E-08 2.7582E-08 2.4705E-08 2.2554E-08 2.0980E-08 2.0043E-08 1.9203E-08 1.8343E-08 1.7435E-08 1.6471E-08 1.5469E-08 1.4450E-08 1.3433E-08 1.2438E-08 1.1470E-08 1.0530E-08 9.6268E-09 8.7726E-09 7.9827E-09 7.2628E-09 6.6014E-09 5.9872E-09 5.4302E-09 4.9215E-09 4.4562E-09 4.0134E-09 3.6183E-09 3.2426E-09 2.9367E-09 2.6507E-09 2.3884E-09 2.1538E-09 1.9354E-09 1.7358E-09 1.5634E-09 1.4130E-09 1.2760E-09 1.1119E-09 9.3654E-10 8.0749E-10 6.8230E-10 5.9858E-10 5.2528E-10 4.5800E-10 3.8811E-10 3.2318E-10
4.6802E-08 4.9890E-08 5.2821E-08 5.5345E-08 5.7106E-08 5.7630E-08 5.6659E-08 5.3881E-08 4.9518E-08 4.3901E-08 3.7832E-08 3.2102E-08 2.7330E-08 2.3786E-08 2.1441E-08 1.9723E-08 1.8723E-08 1.7884E-08 1.7027E-08 1.6133E-08 1.5194E-08 1.4228E-08 1.3259E-08 1.2310E-08 1.1382E-08 1.0474E-08 9.5962E-09 8.7628E-09 7.9846E-09 7.2731E-09 6.6200E-09 6.0175E-09 5.4583E-09 4.9516E-09 4.4887E-09 4.0629E-09 3.6449E-09 3.2747E-09 2.9548E-09 2.6741E-09 2.4098E-09 2.1699E-09 1.9550E-09 1.7537E-09 1.5721E-09 1.4177E-09 1.2809E-09 1.1564E-09 1.0067E-09 8.3151E-10 6.9659E-10 5.9745E-10 5.2268E-10 4.5379E-10 3.8179E-10 3.2071E-10 2.8173E-10
4.3621E-08 4.7263E-08 5.1110E-08 5.4823E-08 5.7920E-08 5.9836E-08 5.9986E-08 5.7919E-08 5.3623E-08 4.7391E-08 4.0227E-08 3.3210E-08 2.7324E-08 2.3043E-08 2.0376E-08 1.8281E-08 1.7338E-08 1.6476E-08 1.5637E-08 1.4771E-08 1.3874E-08 1.2966E-08 1.2071E-08 1.1193E-08 1.0330E-08 9.4898E-09 8.6867E-09 7.9311E-09 7.2335E-09 6.5955E-09 6.0045E-09 5.4592E-09 4.9538E-09 4.4961E-09 4.0753E-09 3.6640E-09 3.2974E-09 2.9592E-09 2.6811E-09 2.4248E-09 2.1807E-09 1.9633E-09 1.7662E-09 1.5816E-09 1.4164E-09 1.2805E-09 1.1567E-09 1.0440E-09 9.0540E-10 7.1836E-10 6.0424E-10 5.2052E-10 4.4732E-10 3.7880E-10 3.1325E-10 2.7640E-10 2.4164E-10
4.0017E-08 4.4200E-08 4.8757E-08 5.3550E-08 5.8041E-08 6.1586E-08 6.3231E-08 6.2310E-08 5.8399E-08 5.1833E-08 4.3652E-08 3.5232E-08 2.8049E-08 2.2916E-08 1.9097E-08 1.7004E-08 1.5833E-08 1.5001E-08 1.4199E-08 1.3380E-08 1.2549E-08 1.1719E-08 1.0900E-08 1.0090E-08 9.2928E-09 8.5312E-09 7.8114E-09 7.1388E-09 6.5224E-09 5.9496E-09 5.4184E-09 4.9297E-09 4.4761E-09 4.0628E-09 3.6702E-09 3.2973E-09 2.9683E-09 2.6747E-09 2.4219E-09 2.1881E-09 1.9639E-09 1.7680E-09 1.5876E-09 1.4137E-09 1.2745E-09 1.1520E-09 1.0403E-09 9.3279E-10 7.9347E-10 6.0610E-10 5.0823E-10 4.3672E-10 3.7944E-10 3.1102E-10 2.6632E-10 2.4295E-10 2.1655E-10
3.5900E-08 4.0445E-08 4.5654E-08 5.1366E-08 5.7211E-08 6.2417E-08 6.5840E-08 6.6705E-08 6.3854E-08 5.7552E-08 4.8848E-08 4.0190E-08 3.0912E-08 2.3749E-08 1.8860E-08 1.5609E-08 1.4295E-08 1.3512E-08 1.2750E-08 1.1999E-08 1.1247E-08 1.0500E-08 9.7566E-09 9.0167E-09 8.2981E-09 7.6147E-09 6.9756E-09 6.3908E-09 5.8472E-09 5.3383E-09 4.8657E-09 4.4300E-09 4.0240E-09 3.6525E-09 3.2879E-09 2.9553E-09 2.6582E-09 2.4061E-09 2.1776E-09 1.9642E-09 1.7602E-09 1.5845E-09 1.4188E-09 1.2623E-09 1.1419E-09 1.0289E-09 9.2364E-10 8.2833E-10 6.6904E-10 5.0321E-10 4.2804E-10 3.6983E-10 3.1100E-10 2.6510E-10 2.3998E-10 2.1772E-10 1.9141E-10
3.1326E-08 3.5897E-08 4.1454E-08 4.7962E-08 5.4949E-08 6.1772E-08 6.7342E-08 7.0362E-08 6.9742E-08 6.5624E-08 5.8463E-08 4.7680E-08 3.7298E-08 2.7259E-08 1.9380E-08 1.4762E-08 1.3006E-08 1.2050E-08 1.1327E-08 1.0656E-08 9.9895E-09 9.3243E-09 8.6530E-09 7.9902E-09 7.3565E-09 6.7582E-09 6.2029E-09 5.6865E-09 5.2064E-09 4.7602E-09 4.3460E-09 3.9604E-09 3.5982E-09 3.2558E-09 2.9181E-09 2.6349E-09 2.3808E-09 2.1539E-09 1.9485E-09 1.7531E-09 1.5708E-09 1.4120E-09 1.2516E-09 1.1240E-09 1.0126E-09 9.0970E-10 8.0607E-10 6.7699E-10 5.3636E-10 4.1771E-10 3.5680E-10 3.0748E-10 2.6681E-10 2.3602E-10 2.1468E-10 1.9509E-10 1.6981E-10
2.6565E-08 3.0877E-08 3.6326E-08 4.2982E-08 5.0721E-08 5.8953E-08 6.6719E-08 7.3039E-08 7.8525E-08 7.6905E-08 7.0999E-08 6.1090E-08 4.7271E-08 3.5568E-08 2.4385E-08 1.4816E-08 1.1974E-08 1.0756E-08 9.9841E-09 9.3845E-09 8.8005E-09 8.2052E-09 7.6075E-09 7.0307E-09 6.4825E-09 5.9680E-09 5.4879E-09 5.0364E-09 4.6125E-09 4.2186E-09 3.8560E-09 3.5187E-09 3.1890E-09 2.8730E-09 2.5882E-09 2.3368E-09 2.1216E-09 1.9186E-09 1.7341E-09 1.5560E-09 1.3947E-09 1.2426E-09 1.0994E-09 9.8427E-10 8.8171E-10 7.8367E-10 6.7010E-10 5.3995E-10 4.4649E-10 3.4741E-10 3.0133E-10 2.6769E-10 2.3555E-10 2.1124E-10 1.9144E-10 1.6793E-10 1.3958E-10
2.1840E-08 2.5567E-08 3.0495E-08 3.6848E-08 4.4679E-08 5.3888E-08 6.6835E-08 7.6143E-08 8.4368E-08 8.9535E-08 8.4170E-08 7.7200E-08 6.6527E-08 5.4012E-08 3.9827E-08 1.9893E-08 1.1879E-08 9.6616E-09 8.7805E-09 8.2102E-09 7.6912E-09 7.1632E-09 6.6467E-09 6.1524E-09 5.6835E-09 5.2452E-09 4.8302E-09 4.4376E-09 4.0694E-09 3.7257E-09 3.4042E-09 3.0942E-09 2.8065E-09 2.5228E-09 2.2836E-09 2.0727E-09 1.8814E-09 1.7008E-09 1.5337E-09 1.3741E-09 1.2244E-09 1.0593E-09 9.4976E-10 8.5078E-10 7.5568E-10 6.4617E-10 5.3429E-10 4.5229E-10 3.7116E-10 2.9384E-10 2.6670E-10 2.3574E-10 2.0750E-10 1.7830E-10 1.5942E-10 1.3471E-10 1.0793E-10
1.7451E-08 2.0433E-08 2.4536E-08 3.0093E-08 3.7660E-08 4.9321E-08 6.0936E-08 7.4117E-08 8.6825E-08 9.2616E-08 9.7420E-08 9.8597E-08 9.5269E-08 8.7550E-08 7.8620E-08 4.8026E-08 1.3851E-08 8.9403E-09 7.7048E-09 7.1465E-09 6.6808E-09 6.2240E-09 5.7827E-09 5.3615E-09 4.9673E-09 4.5906E-09 4.2326E-09 3.8941E-09 3.5755E-09 3.2762E-09 2.9834E-09 2.7110E-09 2.4357E-09 2.2097E-09 2.0133E-09 1.8292E-09 1.6607E-09 1.4935E-09 1.3278E-09 1.1854E-09 1.0432E-09 9.0822E-10 8.1346E-10 7.2752E-10 6.4125E-10 5.1993E-10 4.3420E-10 3.7380E-10 3.1427E-10 2.6221E-10 2.3311E-10 1.9757E-10 1.7174E-10 1.5116E-10 1.3214E-10 9.8290E-11 7.7705E-11
