Assets/Resources/2015_m01_d16_0000(utc+0800)_l00_csi_1hr_conc.grd
DSAA
         159         159
     -79.000      79.000
     -79.000      79.000
  0.3199E-10  0.1605E-04
[rows 0 to 24 of 159, columns 0 to 56 of 159]
1.8230E-10 1.9167E-10 2.0194E-10 2.1231E-10 2.2304E-10 2.3439E-10 2.4555E-10 2.5760E-10 2.6973E-10 2.8190E-10 2.9496E-10 3.0805E-10 3.2116E-10 3.3523E-10 3.4926E-10 3.6357E-10 3.7814E-10 3.9299E-10 4.0773E-10 4.2340E-10 4.3896E-10 4.5437E-10 4.6996E-10 4.8642E-10 5.0269E-10 5.1875E-10 5.3490E-10 5.5152E-10 5.6859E-10 5.8500E-10 6.0144E-10 6.1863E-10 6.3550E-10 6.5221E-10 6.6973E-10 6.8788E-10 7.0436E-10 7.2475E-10 7.4695E-10 7.6658E-10 7.8941E-10 8.1089E-10 8.3342E-10 8.5822E-10 8.8333E-10 9.0784E-10 9.3400E-10 9.6214E-10 9.9595E-10 1.0231E-09 1.0466E-09 1.0696E-09 1.0919E-09 1.1143E-09 1.1367E-09 1.1608E-09 1.1904E-09
1.8448E-10 1.9425E-10 2.0464E-10 2.1487E-10 2.2601E-10 2.3724E-10 2.4882E-10 2.6102E-10 2.7301E-10 2.8561E-10 2.9881E-10 3.1177E-10 3.2537E-10 3.3959E-10 3.5346E-10 3.6826E-10 3.8301E-10 3.9769E-10 4.1294E-10 4.2881E-10 4.4420E-10 4.5979E-10 4.7590E-10 4.9254E-10 5.0866E-10 5.2489E-10 5.4122E-10 5.5840E-10 5.7529E-10 5.9189E-10 6.0888E-10 6.2641E-10 6.4336E-10 6.6109E-10 6.7935E-10 6.9608E-10 7.1604E-10 7.3936E-10 7.5934E-10 7.8153E-10 8.0339E-10 8.2714E-10 8.5237E-10 8.7801E-10 9.0176E-10 9.2913E-10 9.5703E-10 9.9280E-10 1.0213E-09 1.0456E-09 1.0686E-09 1.0918E-09 1.1150E-09 1.1412E-09 1.1718E-09 1.1996E-09 1.2278E-09
1.8659E-10 1.9675E-10 2.0702E-10 2.1765E-10 2.2892E-10 2.4001E-10 2.5199E-10 2.6406E-10 2.7618E-10 2.8921E-10 3.0228E-10 3.1538E-10 3.2947E-10 3.4352E-10 3.5787E-10 3.7282E-10 3.8742E-10 4.0225E-10 4.1804E-10 4.3373E-10 4.4928E-10 4.6504E-10 4.8169E-10 4.9818E-10 5.1446E-10 5.3084E-10 5.4811E-10 5.6510E-10 5.8183E-10 5.9858E-10 6.1637E-10 6.3390E-10 6.5094E-10 6.6943E-10 6.8716E-10 7.0747E-10 7.2808E-10 7.5122E-10 7.7257E-10 7.9585E-10 8.2064E-10 8.4628E-10 8.7176E-10 8.9705E-10 9.2383E-10 9.5225E-10 9.8713E-10 1.0184E-09 1.0427E-09 1.0664E-09 1.0903E-09 1.1165E-09 1.1500E-09 1.1801E-09 1.2177E-09 1.2656E-09 1.2926E-09
1.8891E-10 1.9919E-10 2.0931E-10 2.2033E-10 2.3147E-10 2.4295E-10 2.5508E-10 2.6700E-10 2.7955E-10 2.9270E-10 3.0563E-10 3.1921E-10 3.3343E-10 3.4731E-10 3.6215E-10 3.7695E-10 3.9169E-10 4.0702E-10 4.2298E-10 4.3849E-10 4.5422E-10 4.7049E-10 4.8731E-10 5.0363E-10 5.2007E-10 5.3701E-10 5.5444E-10 5.7126E-10 5.8818E-10 6.0577E-10 6.2385E-10 6.4100E-10 6.5889E-10 6.7766E-10 6.9512E-10 7.1906E-10 7.4115E-10 7.6394E-10 7.8558E-10 8.1263E-10 8.3872E-10 8.6460E-10 8.8859E-10 9.1751E-10 9.4640E-10 9.8050E-10 1.0143E-09 1.0386E-09 1.0630E-09 1.0885E-09 1.1240E-09 1.1643E-09 1.2157E-09 1.2437E-09 1.2719E-09 1.3002E-09 1.3314E-09
1.9115E-10 2.0129E-10 2.1180E-10 2.2295E-10 2.3393E-10 2.4582E-10 2.5780E-10 2.6984E-10 2.8280E-10 2.9581E-10 3.0887E-10 3.2293E-10 3.3697E-10 3.5132E-10 3.6629E-10 3.8092E-10 3.9614E-10 4.1166E-10 4.2744E-10 4.4310E-10 4.5897E-10 4.7577E-10 4.9243E-10 5.0890E-10 5.2549E-10 5.4298E-10 5.6023E-10 5.7731E-10 5.9504E-10 6.1324E-10 6.3049E-10 6.4852E-10 6.6756E-10 6.8526E-10 7.0852E-10 7.3153E-10 7.5455E-10 7.7564E-10 8.0300E-10 8.3026E-10 8.5650E-10 8.8088E-10 9.0957E-10 9.3597E-10 9.7339E-10 1.0084E-09 1.0332E-09 1.0583E-09 1.0943E-09 1.1471E-09 1.1890E-09 1.2181E-09 1.2474E-09 1.2797E-09 1.3108E-09 1.3408E-09 1.3711E-09
1.9334E-10 2.0331E-10 2.1420E-10 2.2521E-10 2.3629E-10 2.4859E-10 2.6041E-10 2.7287E-10 2.8594E-10 2.9881E-10 3.1233E-10 3.2651E-10 3.4036E-10 3.5518E-10 3.6999E-10 3.8475E-10 4.0047E-10 4.1615E-10 4.3173E-10 4.4755E-10 4.6394E-10 4.8090E-10 4.9736E-10 5.1397E-10 5.3112E-10 5.4877E-10 5.6597E-10 5.8342E-10 6.0167E-10 6.1943E-10 6.3684E-10 6.5613E-10 6.7478E-10 6.9614E-10 7.2045E-10 7.4329E-10 7.6577E-10 7.9337E-10 8.2092E-10 8.4470E-10 8.7157E-10 9.0063E-10 9.2642E-10 9.6483E-10 1.0012E-09 1.0267E-09 1.0611E-09 1.1243E-09 1.1591E-09 1.1890E-09 1.2206E-09 1.2540E-09 1.2850E-09 1.3163E-09 1.3480E-09 1.3801E-09 1.4124E-09
1.9518E-10 2.0553E-10 2.1654E-10 2.2738E-10 2.3886E-10 2.5099E-10 2.6292E-10 2.7578E-10 2.8869E-10 3.0168E-10 3.1567E-10 3.2966E-10 3.4397E-10 3.5892E-10 3.7354E-10 3.8877E-10 4.0466E-10 4.2015E-10 4.3587E-10 4.5183E-10 4.6872E-10 4.8551E-10 5.0211E-10 5.1888E-10 5.3655E-10 5.5417E-10 5.7172E-10 5.8964E-10 6.0785E-10 6.2544E-10 6.4411E-10 6.6368E-10 6.8396E-10 7.0753E-10 7.3136E-10 7.5516E-10 7.8215E-10 8.0960E-10 8.3421E-10 8.6139E-10 8.8903E-10 9.1826E-10 9.5194E-10 9.9150E-10 1.0230E-09 1.0897E-09 1.1260E-09 1.1566E-09 1.1904E-09 1.2233E-09 1.2553E-09 1.2877E-09 1.3207E-09 1.3542E-09 1.3878E-09 1.4215E-09 1.4551E-09
1.9694E-10 2.0767E-10 2.1852E-10 2.2944E-10 2.4132E-10 2.5328E-10 2.6562E-10 2.7858E-10 2.9135E-10 3.0478E-10 3.1888E-10 3.3266E-10 3.4742E-10 3.6220E-10 3.7694E-10 3.9267E-10 4.0836E-10 4.2397E-10 4.3984E-10 4.5630E-10 4.7336E-10 4.8993E-10 5.0666E-10 5.2396E-10 5.4199E-10 5.5958E-10 5.7715E-10 5.9543E-10 6.1354E-10 6.3155E-10 6.5125E-10 6.7234E-10 6.9487E-10 7.1989E-10 7.4382E-10 7.6792E-10 7.9785E-10 8.2351E-10 8.5031E-10 8.7782E-10 9.0774E-10 9.4095E-10 9.8079E-10 1.0429E-09 1.0895E-09 1.1212E-09 1.1557E-09 1.1892E-09 1.2220E-09 1.2553E-09 1.2894E-09 1.3240E-09 1.3587E-09 1.3936E-09 1.4286E-09 1.4641E-09 1.5017E-09
1.9861E-10 2.0973E-10 2.2040E-10 2.3172E-10 2.4370E-10 2.5549E-10 2.6792E-10 2.8099E-10 2.9386E-10 3.0774E-10 3.2164E-10 3.3587E-10 3.5077E-10 3.6534E-10 3.8053E-10 3.9641E-10 4.1190E-10 4.2765E-10 4.4364E-10 4.6059E-10 4.7746E-10 4.9415E-10 5.1104E-10 5.2907E-10 5.4702E-10 5.6462E-10 5.8257E-10 6.0115E-10 6.1928E-10 6.3825E-10 6.5786E-10 6.8085E-10 7.0589E-10 7.2952E-10 7.5607E-10 7.8532E-10 8.1196E-10 8.3791E-10 8.6605E-10 8.9520E-10 9.2763E-10 9.8676E-10 1.0459E-09 1.0833E-09 1.1180E-09 1.1520E-09 1.1853E-09 1.2193E-09 1.2542E-09 1.2897E-09 1.3254E-09 1.3613E-09 1.3976E-09 1.4360E-09 1.4767E-09 1.5150E-09 1.5535E-09
2.0050E-10 2.1143E-10 2.2219E-10 2.3389E-10 2.4568E-10 2.5757E-10 2.7039E-10 2.8330E-10 2.9660E-10 3.1059E-10 3.2427E-10 3.3893E-10 3.5364E-10 3.6832E-10 3.8366E-10 3.9966E-10 4.1526E-10 4.3114E-10 4.4762E-10 4.6473E-10 4.8137E-10 4.9819E-10 5.1580E-10 5.3410E-10 5.5171E-10 5.6931E-10 5.8794E-10 6.0652E-10 6.2474E-10 6.4446E-10 6.6708E-10 6.9132E-10 7.1691E-10 7.4351E-10 7.7119E-10 7.9775E-10 8.2408E-10 8.5243E-10 8.8187E-10 9.2115E-10 9.8823E-10 1.0404E-09 1.0779E-09 1.1121E-09 1.1457E-09 1.1801E-09 1.2155E-09 1.2517E-09 1.2882E-09 1.3250E-09 1.3623E-09 1.4034E-09 1.4439E-09 1.4837E-09 1.5238E-09 1.5640E-09 1.6043E-09
2.0230E-10 2.1304E-10 2.2418E-10 2.3596E-10 2.4758E-10 2.5985E-10 2.7276E-10 2.8548E-10 2.9920E-10 3.1298E-10 3.2675E-10 3.4156E-10 3.5637E-10 3.7115E-10 3.8697E-10 4.0275E-10 4.1849E-10 4.3447E-10 4.5144E-10 4.6833E-10 4.8508E-10 5.0224E-10 5.2050E-10 5.3844E-10 5.5604E-10 5.7431E-10 5.9331E-10 6.1159E-10 6.3057E-10 6.5282E-10 6.7616E-10 7.0071E-10 7.2740E-10 7.5666E-10 7.8471E-10 8.1116E-10 8.3797E-10 8.6924E-10 9.1914E-10 9.7670E-10 1.0288E-09 1.0698E-09 1.1035E-09 1.1380E-09 1.1736E-09 1.2102E-09 1.2474E-09 1.2849E-09 1.3229E-09 1.3649E-09 1.4065E-09 1.4475E-09 1.4889E-09 1.5305E-09 1.5723E-09 1.6145E-09 1.6571E-09
2.0401E-10 2.1457E-10 2.2606E-10 2.3766E-10 2.4936E-10 2.6199E-10 2.7473E-10 2.8787E-10 3.0170E-10 3.1524E-10 3.2945E-10 3.4436E-10 3.5894E-10 3.7420E-10 3.9013E-10 4.0568E-10 4.2152E-10 4.3798E-10 4.5509E-10 4.7175E-10 4.8878E-10 5.0659E-10 5.2485E-10 5.4244E-10 5.6033E-10 5.7932E-10 5.9800E-10 6.1622E-10 6.3617E-10 6.6034E-10 6.8624E-10 7.1238E-10 7.4226E-10 7.7017E-10 7.9528E-10 8.2273E-10 8.6201E-10 9.1849E-10 9.6447E-10 1.0190E-09 1.0591E-09 1.0936E-09 1.1290E-09 1.1657E-09 1.2033E-09 1.2414E-09 1.2799E-09 1.3224E-09 1.3647E-09 1.4067E-09 1.4492E-09 1.4920E-09 1.5351E-09 1.5787E-09 1.6229E-09 1.6789E-09 1.7365E-09
2.0535E-10 2.1600E-10 2.2757E-10 2.3927E-10 2.5133E-10 2.6405E-10 2.7658E-10 2.8980E-10 3.0374E-10 3.1735E-10 3.3202E-10 3.4670E-10 3.6138E-10 3.7709E-10 3.9278E-10 4.0846E-10 4.2440E-10 4.4133E-10 4.5821E-10 4.7509E-10 4.9244E-10 5.1066E-10 5.2853E-10 5.4637E-10 5.6495E-10 5.8402E-10 6.0227E-10 6.2145E-10 6.4514E-10 6.6897E-10 6.9625E-10 7.2503E-10 7.5385E-10 7.8017E-10 8.0735E-10 8.5654E-10 9.0681E-10 9.4953E-10 1.0019E-09 1.0472E-09 1.0823E-09 1.1187E-09 1.1563E-09 1.1948E-09 1.2336E-09 1.2763E-09 1.3190E-09 1.3615E-09 1.4049E-09 1.4487E-09 1.4929E-09 1.5377E-09 1.5832E-09 1.6424E-09 1.7003E-09 1.7608E-09 1.8164E-09
2.0664E-10 2.1762E-10 2.2927E-10 2.4076E-10 2.5317E-10 2.6570E-10 2.7831E-10 2.9196E-10 3.0565E-10 3.1969E-10 3.3445E-10 3.4888E-10 3.6402E-10 3.7983E-10 3.9530E-10 4.1106E-10 4.2744E-10 4.4451E-10 4.6122E-10 4.7843E-10 4.9621E-10 5.1434E-10 5.3211E-10 5.5027E-10 5.6932E-10 5.8794E-10 6.0633E-10 6.2881E-10 6.5208E-10 6.7730E-10 7.0771E-10 7.3715E-10 7.6329E-10 7.9959E-10 8.4557E-10 8.9058E-10 9.3606E-10 9.8704E-10 1.0326E-09 1.0697E-09 1.1070E-09 1.1455E-09 1.1845E-09 1.2258E-09 1.2698E-09 1.3125E-09 1.3565E-09 1.4011E-09 1.4461E-09 1.4918E-09 1.5383E-09 1.5987E-09 1.6616E-09 1.7203E-09 1.7780E-09 1.8358E-09 1.8961E-09
2.0781E-10 2.1914E-10 2.3060E-10 2.4214E-10 2.5465E-10 2.6725E-10 2.8026E-10 2.9399E-10 3.0741E-10 3.2190E-10 3.3641E-10 3.5094E-10 3.6651E-10 3.8207E-10 3.9764E-10 4.1348E-10 4.3034E-10 4.4718E-10 4.6423E-10 4.8158E-10 4.9959E-10 5.1758E-10 5.3567E-10 5.5430E-10 5.7326E-10 5.9163E-10 6.1096E-10 6.3604E-10 6.6140E-10 6.8920E-10 7.2102E-10 7.4691E-10 7.8335E-10 8.3093E-10 8.7409E-10 9.1920E-10 9.6604E-10 1.0162E-09 1.0559E-09 1.0939E-09 1.1330E-09 1.1727E-09 1.2164E-09 1.2603E-09 1.3044E-09 1.3495E-09 1.3952E-09 1.4415E-09 1.4887E-09 1.5497E-09 1.6134E-09 1.6734E-09 1.7337E-09 1.7951E-09 1.8572E-09 1.9193E-09 1.9797E-09
2.0890E-10 2.2058E-10 2.3182E-10 2.4371E-10 2.5628E-10 2.6866E-10 2.8209E-10 2.9556E-10 3.0906E-10 3.2396E-10 3.3822E-10 3.5319E-10 3.6884E-10 3.8418E-10 3.9981E-10 4.1609E-10 4.3306E-10 4.4990E-10 4.6712E-10 4.8466E-10 5.0280E-10 5.2081E-10 5.3903E-10 5.5791E-10 5.7662E-10 5.9512E-10 6.1777E-10 6.4360E-10 6.7097E-10 7.0089E-10 7.2966E-10 7.6435E-10 8.1794E-10 8.5818E-10 9.0271E-10 9.4452E-10 9.9353E-10 1.0408E-09 1.0794E-09 1.1191E-09 1.1609E-09 1.2055E-09 1.2491E-09 1.2944E-09 1.3405E-09 1.3872E-09 1.4348E-09 1.4888E-09 1.5542E-09 1.6205E-09 1.6820E-09 1.7450E-09 1.8089E-09 1.8738E-09 1.9365E-09 1.9985E-09 2.0617E-09
2.1017E-10 2.2164E-10 2.3293E-10 2.4518E-10 2.5753E-10 2.6997E-10 2.8379E-10 2.9699E-10 3.1092E-10 3.2556E-10 3.3991E-10 3.5495E-10 3.7068E-10 3.8610E-10 4.0181E-10 4.1855E-10 4.3546E-10 4.5247E-10 4.6957E-10 4.8754E-10 5.0573E-10 5.2388E-10 5.4231E-10 5.6130E-10 5.7975E-10 5.9918E-10 6.2444E-10 6.5008E-10 6.8200E-10 7.1194E-10 7.5123E-10 7.9959E-10 8.3997E-10 8.8472E-10 9.2500E-10 9.6912E-10 1.0211E-09 1.0635E-09 1.1036E-09 1.1475E-09 1.1915E-09 1.2362E-09 1.2825E-09 1.3295E-09 1.3772E-09 1.4278E-09 1.4908E-09 1.5591E-09 1.6223E-09 1.6885E-09 1.7537E-09 1.8210E-09 1.8846E-09 1.9487E-09 2.0142E-09 2.0839E-09 2.1523E-09
2.1137E-10 2.2261E-10 2.3395E-10 2.4653E-10 2.5865E-10 2.7149E-10 2.8504E-10 2.9832E-10 3.1265E-10 3.2703E-10 3.4144E-10 3.5690E-10 3.7240E-10 3.8787E-10 4.0365E-10 4.2059E-10 4.3774E-10 4.5475E-10 4.7181E-10 4.9010E-10 5.0848E-10 5.2648E-10 5.4538E-10 5.6412E-10 5.8269E-10 6.0543E-10 6.3146E-10 6.5976E-10 6.9254E-10 7.3676E-10 7.7876E-10 8.2065E-10 8.6459E-10 9.0549E-10 9.4769E-10 9.9886E-10 1.0463E-09 1.0867E-09 1.1312E-09 1.1760E-09 1.2216E-09 1.2687E-09 1.3165E-09 1.3653E-09 1.4222E-09 1.4912E-09 1.5563E-09 1.6216E-09 1.6885E-09 1.7584E-09 1.8254E-09 1.8910E-09 1.9593E-09 2.0302E-09 2.1012E-09 2.1730E-09 2.2454E-09
2.1246E-10 2.2346E-10 2.3515E-10 2.4750E-10 2.5968E-10 2.7290E-10 2.8617E-10 2.9984E-10 3.1423E-10 3.2837E-10 3.4319E-10 3.5871E-10 3.7394E-10 3.8946E-10 4.0570E-10 4.2295E-10 4.3984E-10 4.5671E-10 4.7435E-10 4.9291E-10 5.1087E-10 5.2887E-10 5.4787E-10 5.6671E-10 5.8617E-10 6.1152E-10 6.3800E-10 6.7267E-10 7.1803E-10 7.5898E-10 8.0009E-10 8.4554E-10 8.8471E-10 9.2623E-10 9.7395E-10 1.0258E-09 1.0700E-09 1.1149E-09 1.1590E-09 1.2053E-09 1.2531E-09 1.3016E-09 1.3530E-09 1.4096E-09 1.4841E-09 1.5512E-09 1.6199E-09 1.6890E-09 1.7596E-09 1.8263E-09 1.8965E-09 1.9681E-09 2.0410E-09 2.1153E-09 2.1923E-09 2.2692E-09 2.3462E-09
2.1318E-10 2.2424E-10 2.3625E-10 2.4836E-10 2.6057E-10 2.7417E-10 2.8719E-10 3.0092E-10 3.1538E-10 3.2956E-10 3.4477E-10 3.6005E-10 3.7532E-10 3.9091E-10 4.0780E-10 4.2482E-10 4.4155E-10 4.5853E-10 4.7687E-10 4.9511E-10 5.1295E-10 5.3143E-10 5.5052E-10 5.6911E-10 5.9187E-10 6.1914E-10 6.4766E-10 6.9552E-10 7.3963E-10 7.8038E-10 8.2268E-10 8.6435E-10 9.0416E-10 9.4808E-10 1.0014E-09 1.0505E-09 1.0958E-09 1.1403E-09 1.1873E-09 1.2356E-09 1.2848E-09 1.3371E-09 1.4057E-09 1.4735E-09 1.5435E-09 1.6135E-09 1.6860E-09 1.7551E-09 1.8260E-09 1.8982E-09 1.9723E-09 2.0484E-09 2.1286E-09 2.2071E-09 2.2870E-09 2.3682E-09 2.4506E-09
2.1381E-10 2.2490E-10 2.3695E-10 2.4911E-10 2.6170E-10 2.7502E-10 2.8807E-10 3.0218E-10 3.1639E-10 3.3061E-10 3.4589E-10 3.6122E-10 3.7653E-10 3.9231E-10 4.0975E-10 4.2636E-10 4.4308E-10 4.6073E-10 4.7921E-10 4.9691E-10 5.1485E-10 5.3379E-10 5.5260E-10 5.7127E-10 5.9783E-10 6.2805E-10 6.7293E-10 7.1975E-10 7.5783E-10 7.9846E-10 8.4142E-10 8.8261E-10 9.2322E-10 9.7292E-10 1.0278E-09 1.0753E-09 1.1202E-09 1.1676E-09 1.2164E-09 1.2662E-09 1.3209E-09 1.3892E-09 1.4628E-09 1.5328E-09 1.6050E-09 1.6784E-09 1.7485E-09 1.8217E-09 1.8960E-09 1.9741E-09 2.0551E-09 2.1356E-09 2.2176E-09 2.3013E-09 2.3895E-09 2.4764E-09 2.5651E-09
2.1436E-10 2.2576E-10 2.3783E-10 2.4975E-10 2.6269E-10 2.7574E-10 2.8918E-10 3.0335E-10 3.1726E-10 3.3185E-10 3.4721E-10 3.6224E-10 3.7761E-10 3.9402E-10 4.1116E-10 4.2765E-10 4.4459E-10 4.6244E-10 4.8078E-10 4.9853E-10 5.1691E-10 5.3592E-10 5.5447E-10 5.7642E-10 6.0560E-10 6.5067E-10 6.9618E-10 7.3520E-10 7.7666E-10 8.1701E-10 8.5955E-10 9.0001E-10 9.4499E-10 1.0012E-09 1.0535E-09 1.0986E-09 1.1463E-09 1.1956E-09 1.2458E-09 1.3012E-09 1.3705E-09 1.4486E-09 1.5178E-09 1.5931E-09 1.6668E-09 1.7397E-09 1.8135E-09 1.8915E-09 1.9734E-09 2.0553E-09 2.1387E-09 2.2263E-09 2.3153E-09 2.4054E-09 2.5107E-09 2.6072E-09 2.7029E-09
2.1480E-10 2.2649E-10 2.3834E-10 2.5027E-10 2.6327E-10 2.7635E-10 2.8981E-10 3.0405E-10 3.1798E-10 3.3265E-10 3.4804E-10 3.6310E-10 3.7852E-10 3.9559E-10 4.1225E-10 4.2882E-10 4.4601E-10 4.6424E-10 4.8213E-10 4.9995E-10 5.1840E-10 5.3750E-10 5.5612E-10 5.8258E-10 6.2154E-10 6.7427E-10 7.1287E-10 7.5213E-10 7.9304E-10 8.3499E-10 8.7658E-10 9.1815E-10 9.7067E-10 1.0285E-09 1.0756E-09 1.1235E-09 1.1731E-09 1.2236E-09 1.2830E-09 1.3553E-09 1.4289E-09 1.5030E-09 1.5782E-09 1.6522E-09 1.7261E-09 1.8030E-09 1.8844E-09 1.9670E-09 2.0515E-09 2.1399E-09 2.2429E-09 2.3387E-09 2.4341E-09 2.5338E-09 2.6341E-09 2.7443E-09 2.8548E-09
2.1514E-10 2.2688E-10 2.3874E-10 2.5101E-10 2.6406E-10 2.7683E-10 2.9069E-10 3.0462E-10 3.1857E-10 3.3363E-10 3.4872E-10 3.6383E-10 3.7927E-10 3.9688E-10 4.1314E-10 4.2998E-10 4.4767E-10 4.6570E-10 4.8330E-10 5.0116E-10 5.2005E-10 5.3887E-10 5.6071E-10 5.9649E-10 6.4618E-10 6.8825E-10 7.2824E-10 7.6681E-10 8.1044E-10 8.5171E-10 8.9304E-10 9.4080E-10 9.9970E-10 1.0513E-09 1.0992E-09 1.1490E-09 1.2015E-09 1.2596E-09 1.3324E-09 1.4069E-09 1.4829E-09 1.5593E-09 1.6347E-09 1.7093E-09 1.7891E-09 1.8719E-09 1.9569E-09 2.0533E-09 2.1526E-09 2.2463E-09 2.3442E-09 2.4462E-09 2.5653E-09 2.6709E-09 2.7775E-09 2.8867E-09 3.0142E-09
2.1538E-10 2.2743E-10 2.3902E-10 2.5134E-10 2.6441E-10 2.7720E-10 2.9143E-10 3.0505E-10 3.1941E-10 3.3448E-10 3.4925E-10 3.6439E-10 3.8021E-10 3.9759E-10 4.1388E-10 4.3101E-10 4.4856E-10 4.6661E-10 4.8427E-10 5.0256E-10 5.2153E-10 5.4003E-10 5.6991E-10 6.1298E-10 6.6321E-10 7.0267E-10 7.4290E-10 7.8318E-10 8.2601E-10 8.6716E-10 9.1085E-10 9.6704E-10 1.0239E-09 1.0736E-09 1.1235E-09 1.1761E-09 1.2344E-09 1.3062E-09 1.3825E-09 1.4593E-09 1.5367E-09 1.6134E-09 1.6903E-09 1.7718E-09 1.8580E-09 1.9577E-09 2.0520E-09 2.1455E-09 2.2458E-09 2.3625E-09 2.4680E-09 2.5761E-09 2.6904E-09 2.8177E-09 2.9339E-09 3.0544E-09 3.1792E-09
