Assets/Resources/2015_m01_d26_1000(utc+0800)_l00_csi_1hr_conc.grd
DSAA
         159         159
     -79.000      79.000
     -79.000      79.000
  0.0000E+00  0.3937E-05
[rows 100 to 124 of 159, columns 57 to 113 of 159]
8.5520E-10 8.5996E-10 8.6424E-10 8.6794E-10 8.7115E-10 8.7383E-10 8.7597E-10 8.7755E-10 8.7854E-10 8.7899E-10 8.7886E-10 8.7819E-10 8.7699E-10 8.7517E-10 8.7276E-10 8.6970E-10 8.6600E-10 8.6161E-10 8.5653E-10 8.5079E-10 8.4438E-10 8.3732E-10 8.2962E-10 8.2130E-10 8.1238E-10 8.0288E-10 7.9283E-10 7.8227E-10 7.7124E-10 7.5977E-10 7.4787E-10 7.3559E-10 7.2146E-10 7.0858E-10 6.9388E-10 6.7976E-10 6.6461E-10 6.5008E-10 6.3455E-10 6.1971E-10 6.0391E-10 5.8815E-10 5.7225E-10 5.5645E-10 5.4056E-10 5.2484E-10 5.1023E-10 4.9461E-10 4.8017E-10 4.6554E-10 4.5053E-10 4.3650E-10 4.2133E-10 4.0761E-10 3.9410E-10 3.7983E-10 3.6722E-10
8.0492E-10 8.0931E-10 8.1317E-10 8.1661E-10 8.1955E-10 8.2201E-10 8.2398E-10 8.2542E-10 8.2637E-10 8.2677E-10 8.2672E-10 8.2615E-10 8.2503E-10 8.2340E-10 8.2115E-10 8.1833E-10 8.1485E-10 8.1073E-10 8.0598E-10 8.0059E-10 7.9459E-10 7.8797E-10 7.8076E-10 7.7296E-10 7.6460E-10 7.5570E-10 7.4629E-10 7.3643E-10 7.2612E-10 7.1540E-10 7.0284E-10 6.9143E-10 6.7821E-10 6.6552E-10 6.5179E-10 6.3863E-10 6.2445E-10 6.1089E-10 5.9633E-10 5.8174E-10 5.6696E-10 5.5221E-10 5.3732E-10 5.2252E-10 5.0927E-10 4.9399E-10 4.8032E-10 4.6642E-10 4.5285E-10 4.3864E-10 4.2449E-10 4.1133E-10 3.9779E-10 3.8487E-10 3.7172E-10 3.5872E-10 3.4641E-10
7.5686E-10 7.6086E-10 7.6444E-10 7.6758E-10 7.7030E-10 7.7257E-10 7.7437E-10 7.7574E-10 7.7659E-10 7.7706E-10 7.7704E-10 7.7656E-10 7.7558E-10 7.7405E-10 7.7201E-10 7.6936E-10 7.6611E-10 7.6225E-10 7.5780E-10 7.5276E-10 7.4714E-10 7.4094E-10 7.3418E-10 7.2688E-10 7.1905E-10 7.1073E-10 7.0196E-10 6.9129E-10 6.8173E-10 6.7028E-10 6.5929E-10 6.4720E-10 6.3566E-10 6.2305E-10 6.1180E-10 5.9954E-10 5.8627E-10 5.7290E-10 5.5929E-10 5.4565E-10 5.3182E-10 5.1802E-10 5.0571E-10 4.9132E-10 4.7897E-10 4.6536E-10 4.5253E-10 4.3901E-10 4.2630E-10 4.1292E-10 4.0041E-10 3.8803E-10 3.7481E-10 3.6267E-10 3.5029E-10 3.3855E-10 3.2695E-10
7.1098E-10 7.1465E-10 7.1793E-10 7.2085E-10 7.2335E-10 7.2545E-10 7.2714E-10 7.2838E-10 7.2928E-10 7.2973E-10 7.2979E-10 7.2939E-10 7.2851E-10 7.2713E-10 7.2522E-10 7.2274E-10 7.1970E-10 7.1610E-10 7.1193E-10 7.0721E-10 7.0196E-10 6.9615E-10 6.8983E-10 6.8152E-10 6.7425E-10 6.6654E-10 6.5692E-10 6.4770E-10 6.3733E-10 6.2819E-10 6.1641E-10 6.0673E-10 5.9602E-10 5.8425E-10 5.7307E-10 5.6012E-10 5.4854E-10 5.3520E-10 5.2332E-10 5.1137E-10 4.9922E-10 4.8660E-10 4.7514E-10 4.6238E-10 4.5035E-10 4.3803E-10 4.2556E-10 4.1284E-10 4.0094E-10 3.8913E-10 3.7737E-10 3.6530E-10 3.5332E-10 3.4196E-10 3.3027E-10 3.1969E-10 3.0831E-10
6.6722E-10 6.7059E-10 6.7364E-10 6.7633E-10 6.7866E-10 6.8060E-10 6.8218E-10 6.8341E-10 6.8427E-10 6.8478E-10 6.8487E-10 6.8455E-10 6.8377E-10 6.8251E-10 6.8072E-10 6.7840E-10 6.7556E-10 6.7220E-10 6.6679E-10 6.6242E-10 6.5753E-10 6.5061E-10 6.4478E-10 6.3848E-10 6.2948E-10 6.2241E-10 6.1421E-10 6.0485E-10 5.9674E-10 5.8595E-10 5.7732E-10 5.6762E-10 5.5614E-10 5.4600E-10 5.3404E-10 5.2428E-10 5.1277E-10 5.0264E-10 4.9076E-10 4.7989E-10 4.6887E-10 4.5750E-10 4.4631E-10 4.3480E-10 4.2308E-10 4.1155E-10 3.9985E-10 3.8867E-10 3.7749E-10 3.6597E-10 3.5494E-10 3.4360E-10 3.3328E-10 3.2215E-10 3.1112E-10 3.0058E-10 2.9037E-10
6.2556E-10 6.2869E-10 6.3150E-10 6.3400E-10 6.3615E-10 6.3800E-10 6.3949E-10 6.4069E-10 6.4157E-10 6.4208E-10 6.4224E-10 6.4197E-10 6.3977E-10 6.3861E-10 6.3697E-10 6.3484E-10 6.3068E-10 6.2760E-10 6.2403E-10 6.1766E-10 6.1318E-10 6.0825E-10 6.0210E-10 5.9476E-10 5.8863E-10 5.8136E-10 5.7295E-10 5.6581E-10 5.5595E-10 5.4756E-10 5.3885E-10 5.2831E-10 5.1997E-10 5.1057E-10 5.0099E-10 4.9112E-10 4.8065E-10 4.7125E-10 4.6043E-10 4.5074E-10 4.3966E-10 4.2978E-10 4.1808E-10 4.0810E-10 3.9712E-10 3.8662E-10 3.7609E-10 3.6560E-10 3.5469E-10 3.4387E-10 3.3405E-10 3.2336E-10 3.1371E-10 3.0322E-10 2.9271E-10 2.8281E-10 2.7322E-10
5.8143E-10 5.8589E-10 5.8851E-10 5.9081E-10 5.9286E-10 5.9458E-10 5.9607E-10 5.9726E-10 5.9815E-10 5.9873E-10 5.9893E-10 5.9719E-10 5.9584E-10 5.9481E-10 5.9333E-10 5.9140E-10 5.8742E-10 5.8385E-10 5.8060E-10 5.7690E-10 5.7038E-10 5.6587E-10 5.6095E-10 5.5489E-10 5.4765E-10 5.4100E-10 5.3397E-10 5.2582E-10 5.1833E-10 5.1053E-10 5.0254E-10 4.9507E-10 4.8654E-10 4.7782E-10 4.6917E-10 4.6000E-10 4.5095E-10 4.4142E-10 4.3205E-10 4.2304E-10 4.1219E-10 4.0300E-10 3.9278E-10 3.8300E-10 3.7316E-10 3.6331E-10 3.5302E-10 3.4321E-10 3.3348E-10 3.2329E-10 3.1411E-10 3.0404E-10 2.9440E-10 2.8504E-10 2.7513E-10 2.6582E-10 2.5682E-10
5.3576E-10 5.3834E-10 5.4318E-10 5.4533E-10 5.4888E-10 5.5057E-10 5.5199E-10 5.5319E-10 5.5410E-10 5.5469E-10 5.5497E-10 5.5487E-10 5.5358E-10 5.5266E-10 5.5134E-10 5.4959E-10 5.4578E-10 5.4243E-10 5.3946E-10 5.3608E-10 5.3231E-10 5.2496E-10 5.2052E-10 5.1573E-10 5.0908E-10 5.0369E-10 4.9802E-10 4.9049E-10 4.8433E-10 4.7714E-10 4.7049E-10 4.6313E-10 4.5522E-10 4.4737E-10 4.3899E-10 4.3072E-10 4.2276E-10 4.1289E-10 4.0467E-10 3.9533E-10 3.8687E-10 3.7784E-10 3.6872E-10 3.5956E-10 3.4991E-10 3.4072E-10 3.3157E-10 3.2238E-10 3.1326E-10 3.0367E-10 2.9511E-10 2.8552E-10 2.7647E-10 2.6769E-10 2.5835E-10 2.5027E-10 2.4165E-10
4.9841E-10 5.0076E-10 5.0377E-10 5.0571E-10 5.0833E-10 5.0991E-10 5.1130E-10 5.1245E-10 5.1334E-10 5.1395E-10 5.1423E-10 5.1416E-10 5.1370E-10 5.1288E-10 5.1168E-10 5.0936E-10 5.0740E-10 5.0423E-10 5.0152E-10 4.9769E-10 4.9424E-10 4.8965E-10 4.8481E-10 4.8046E-10 4.7579E-10 4.7008E-10 4.6487E-10 4.5897E-10 4.5252E-10 4.4664E-10 4.4003E-10 4.3288E-10 4.2578E-10 4.1815E-10 4.1063E-10 4.0297E-10 3.9560E-10 3.8711E-10 3.7945E-10 3.7069E-10 3.6282E-10 3.5386E-10 3.4541E-10 3.3687E-10 3.2833E-10 3.1972E-10 3.1116E-10 3.0209E-10 2.9402E-10 2.8487E-10 2.7689E-10 2.6787E-10 2.5937E-10 2.5115E-10 2.4284E-10 2.3469E-10 2.2660E-10
4.6407E-10 4.6702E-10 4.6905E-10 4.7090E-10 4.7259E-10 4.7414E-10 4.7547E-10 4.7661E-10 4.7748E-10 4.7808E-10 4.7836E-10 4.7830E-10 4.7790E-10 4.7715E-10 4.7529E-10 4.7385E-10 4.7205E-10 4.6989E-10 4.6739E-10 4.6376E-10 4.6062E-10 4.5717E-10 4.5344E-10 4.4817E-10 4.4390E-10 4.3938E-10 4.3335E-10 4.2840E-10 4.2321E-10 4.1651E-10 4.1087E-10 4.0449E-10 3.9792E-10 3.9161E-10 3.8413E-10 3.7745E-10 3.7009E-10 3.6264E-10 3.5500E-10 3.4731E-10 3.3956E-10 3.3169E-10 3.2379E-10 3.1580E-10 3.0782E-10 2.9977E-10 2.9175E-10 2.8310E-10 2.7559E-10 2.6699E-10 2.5956E-10 2.5106E-10 2.4310E-10 2.3588E-10 2.2748E-10 2.1984E-10 2.1226E-10
4.3079E-10 4.3282E-10 4.3468E-10 4.3728E-10 4.3972E-10 4.4119E-10 4.4251E-10 4.4358E-10 4.4445E-10 4.4501E-10 4.4528E-10 4.4523E-10 4.4488E-10 4.4419E-10 4.4319E-10 4.4186E-10 4.4019E-10 4.3820E-10 4.3541E-10 4.3200E-10 4.2914E-10 4.2551E-10 4.2211E-10 4.1845E-10 4.1325E-10 4.0915E-10 4.0483E-10 3.9979E-10 3.9505E-10 3.8961E-10 3.8388E-10 3.7797E-10 3.7232E-10 3.6596E-10 3.5946E-10 3.5275E-10 3.4593E-10 3.3945E-10 3.3193E-10 3.2523E-10 3.1750E-10 3.1064E-10 3.0276E-10 2.9533E-10 2.8834E-10 2.8020E-10 2.7319E-10 2.6505E-10 2.5807E-10 2.4998E-10 2.4308E-10 2.3556E-10 2.2748E-10 2.2077E-10 2.1285E-10 2.0570E-10 1.9860E-10
4.0154E-10 4.0392E-10 4.0575E-10 4.0744E-10 4.0901E-10 4.1044E-10 4.1167E-10 4.1273E-10 4.1353E-10 4.1406E-10 4.1431E-10 4.1428E-10 4.1395E-10 4.1284E-10 4.1191E-10 4.1069E-10 4.0916E-10 4.0733E-10 4.0472E-10 4.0237E-10 3.9974E-10 3.9689E-10 3.9328E-10 3.8994E-10 3.8640E-10 3.8168E-10 3.7774E-10 3.7360E-10 3.6825E-10 3.6366E-10 3.5836E-10 3.5281E-10 3.4759E-10 3.4170E-10 3.3612E-10 3.2945E-10 3.2358E-10 3.1712E-10 3.1052E-10 3.0385E-10 2.9706E-10 2.9023E-10 2.8380E-10 2.7621E-10 2.6972E-10 2.6208E-10 2.5557E-10 2.4792E-10 2.4144E-10 2.3432E-10 2.2727E-10 2.2024E-10 2.1263E-10 2.0641E-10 1.9895E-10 1.9289E-10 1.8591E-10
3.7234E-10 3.7471E-10 3.7696E-10 3.7859E-10 3.8063E-10 3.8200E-10 3.8321E-10 3.8420E-10 3.8496E-10 3.8545E-10 3.8570E-10 3.8567E-10 3.8538E-10 3.8481E-10 3.8395E-10 3.8282E-10 3.8141E-10 3.7973E-10 3.7730E-10 3.7515E-10 3.7277E-10 3.6969E-10 3.6687E-10 3.6333E-10 3.5965E-10 3.5626E-10 3.5215E-10 3.4789E-10 3.4388E-10 3.3915E-10 3.3470E-10 3.3005E-10 3.2428E-10 3.1928E-10 3.1316E-10 3.0787E-10 3.0243E-10 2.9591E-10 2.9026E-10 2.8404E-10 2.7819E-10 2.7117E-10 2.6522E-10 2.5809E-10 2.5208E-10 2.4490E-10 2.3886E-10 2.3216E-10 2.2613E-10 2.1885E-10 2.1227E-10 2.0570E-10 1.9853E-10 1.9277E-10 1.8643E-10 1.8042E-10 1.7383E-10
3.4744E-10 3.4916E-10 3.5084E-10 3.5240E-10 3.5386E-10 3.5517E-10 3.5631E-10 3.5723E-10 3.5793E-10 3.5840E-10 3.5862E-10 3.5913E-10 3.5887E-10 3.5833E-10 3.5708E-10 3.5604E-10 3.5421E-10 3.5270E-10 3.5049E-10 3.4856E-10 3.4641E-10 3.4405E-10 3.4102E-10 3.3831E-10 3.3541E-10 3.3184E-10 3.2857E-10 3.2508E-10 3.2088E-10 3.1652E-10 3.1241E-10 3.0762E-10 3.0271E-10 2.9758E-10 2.9236E-10 2.8747E-10 2.8197E-10 2.7682E-10 2.7110E-10 2.6513E-10 2.5924E-10 2.5313E-10 2.4762E-10 2.4094E-10 2.3537E-10 2.2911E-10 2.2349E-10 2.1662E-10 2.1103E-10 2.0419E-10 1.9805E-10 1.9191E-10 1.8586E-10 1.8012E-10 1.7418E-10 1.6856E-10 1.6276E-10
3.2252E-10 3.2421E-10 3.2580E-10 3.2782E-10 3.2921E-10 3.3047E-10 3.3154E-10 3.3241E-10 3.3307E-10 3.3351E-10 3.3373E-10 3.3372E-10 3.3347E-10 3.3250E-10 3.3179E-10 3.3084E-10 3.2968E-10 3.2832E-10 3.2676E-10 3.2452E-10 3.2258E-10 3.2045E-10 3.1816E-10 3.1521E-10 3.1258E-10 3.0978E-10 3.0583E-10 3.0263E-10 2.9876E-10 2.9466E-10 2.9088E-10 2.8647E-10 2.8236E-10 2.7762E-10 2.7322E-10 2.6820E-10 2.6290E-10 2.5815E-10 2.5282E-10 2.4725E-10 2.4178E-10 2.3608E-10 2.3098E-10 2.2518E-10 2.2001E-10 2.1355E-10 2.0836E-10 2.0190E-10 1.9611E-10 1.9031E-10 1.8458E-10 1.7913E-10 1.7347E-10 1.6811E-10 1.6255E-10 1.5731E-10 1.5188E-10
2.9861E-10 3.0019E-10 3.0173E-10 3.0368E-10 3.0502E-10 3.0670E-10 3.0770E-10 3.0850E-10 3.0912E-10 3.0954E-10 3.0975E-10 3.0975E-10 3.0953E-10 3.0909E-10 3.0844E-10 3.0758E-10 3.0655E-10 3.0533E-10 3.0343E-10 3.0185E-10 3.0011E-10 2.9775E-10 2.9572E-10 2.9299E-10 2.9018E-10 2.8764E-10 2.8490E-10 2.8149E-10 2.7836E-10 2.7504E-10 2.7108E-10 2.6743E-10 2.6315E-10 2.5921E-10 2.5450E-10 2.4984E-10 2.4490E-10 2.4004E-10 2.3492E-10 2.3038E-10 2.2510E-10 2.2043E-10 2.1503E-10 2.0969E-10 2.0361E-10 1.9885E-10 1.9274E-10 1.8799E-10 1.8259E-10 1.7785E-10 1.7210E-10 1.6702E-10 1.6173E-10 1.5673E-10 1.5153E-10 1.4664E-10 1.4221E-10
2.7808E-10 2.7963E-10 2.8108E-10 2.8247E-10 2.8372E-10 2.8481E-10 2.8573E-10 2.8649E-10 2.8705E-10 2.8745E-10 2.8764E-10 2.8764E-10 2.8744E-10 2.8704E-10 2.8645E-10 2.8525E-10 2.8433E-10 2.8326E-10 2.8201E-10 2.8016E-10 2.7861E-10 2.7694E-10 2.7465E-10 2.7268E-10 2.7054E-10 2.6773E-10 2.6520E-10 2.6249E-10 2.5912E-10 2.5606E-10 2.5284E-10 2.4836E-10 2.4487E-10 2.4011E-10 2.3638E-10 2.3187E-10 2.2793E-10 2.2389E-10 2.1911E-10 2.1491E-10 2.0936E-10 2.0506E-10 1.9942E-10 1.9506E-10 1.8935E-10 1.8496E-10 1.7992E-10 1.7551E-10 1.7007E-10 1.6569E-10 1.6029E-10 1.5556E-10 1.5061E-10 1.4596E-10 1.4174E-10 1.3680E-10 1.3269E-10
2.5742E-10 2.5936E-10 2.6077E-10 2.6207E-10 2.6324E-10 2.6426E-10 2.6513E-10 2.6583E-10 2.6637E-10 2.6674E-10 2.6693E-10 2.6694E-10 2.6677E-10 2.6642E-10 2.6545E-10 2.6480E-10 2.6400E-10 2.6305E-10 2.6195E-10 2.6024E-10 2.5889E-10 2.5740E-10 2.5578E-10 2.5352E-10 2.5156E-10 2.4942E-10 2.4660E-10 2.4347E-10 2.4083E-10 2.3753E-10 2.3395E-10 2.3088E-10 2.2701E-10 2.2369E-10 2.2025E-10 2.1604E-10 2.1240E-10 2.0799E-10 2.0359E-10 1.9904E-10 1.9453E-10 1.8987E-10 1.8527E-10 1.8126E-10 1.7658E-10 1.7252E-10 1.6742E-10 1.6335E-10 1.5824E-10 1.5420E-10 1.4912E-10 1.4472E-10 1.4075E-10 1.3639E-10 1.3212E-10 1.2748E-10 1.2367E-10
2.3753E-10 2.3891E-10 2.4074E-10 2.4194E-10 2.4352E-10 2.4447E-10 2.4527E-10 2.4593E-10 2.4644E-10 2.4727E-10 2.4745E-10 2.4747E-10 2.4683E-10 2.4655E-10 2.4613E-10 2.4557E-10 2.4488E-10 2.4405E-10 2.4309E-10 2.4153E-10 2.4034E-10 2.3903E-10 2.3758E-10 2.3532E-10 2.3305E-10 2.3109E-10 2.2833E-10 2.2606E-10 2.2364E-10 2.2042E-10 2.1773E-10 2.1423E-10 2.1129E-10 2.0822E-10 2.0438E-10 2.0051E-10 1.9649E-10 1.9246E-10 1.8829E-10 1.8413E-10 1.8056E-10 1.7629E-10 1.7262E-10 1.6891E-10 1.6415E-10 1.6041E-10 1.5562E-10 1.5147E-10 1.4707E-10 1.4294E-10 1.3922E-10 1.3510E-10 1.3106E-10 1.2699E-10 1.2302E-10 1.1865E-10 1.1513E-10
2.2079E-10 2.2212E-10 2.2335E-10 2.2447E-10 2.2547E-10 2.2635E-10 2.2709E-10 2.2771E-10 2.2817E-10 2.2849E-10 2.2867E-10 2.2869E-10 2.2858E-10 2.2835E-10 2.2800E-10 2.2753E-10 2.2693E-10 2.2557E-10 2.2475E-10 2.2384E-10 2.2281E-10 2.2101E-10 2.1971E-10 2.1825E-10 2.1596E-10 2.1419E-10 2.1226E-10 2.0951E-10 2.0730E-10 2.0495E-10 2.0179E-10 1.9920E-10 1.9589E-10 1.9241E-10 1.8890E-10 1.8523E-10 1.8155E-10 1.7845E-10 1.7526E-10 1.7138E-10 1.6807E-10 1.6369E-10 1.6032E-10 1.5586E-10 1.5244E-10 1.4793E-10 1.4450E-10 1.4064E-10 1.3719E-10 1.3332E-10 1.2951E-10 1.2567E-10 1.2190E-10 1.1811E-10 1.1440E-10 1.1072E-10 1.0711E-10
2.0373E-10 2.0563E-10 2.0683E-10 2.0787E-10 2.0881E-10 2.0963E-10 2.1033E-10 2.1090E-10 2.1134E-10 2.1165E-10 2.1181E-10 2.1186E-10 2.1114E-10 2.1097E-10 2.1070E-10 2.1031E-10 2.0982E-10 2.0923E-10 2.0789E-10 2.0711E-10 2.0622E-10 2.0520E-10 2.0336E-10 2.0203E-10 2.0055E-10 1.9825E-10 1.9649E-10 1.9459E-10 1.9126E-10 1.8913E-10 1.8688E-10 1.8320E-10 1.8076E-10 1.7758E-10 1.7495E-10 1.7223E-10 1.6880E-10 1.6593E-10 1.6235E-10 1.5898E-10 1.5529E-10 1.5184E-10 1.4806E-10 1.4455E-10 1.4141E-10 1.3784E-10 1.3466E-10 1.3105E-10 1.2749E-10 1.2388E-10 1.2034E-10 1.1676E-10 1.1326E-10 1.1014E-10 1.0667E-10 1.0283E-10 9.9760E-11
1.8629E-10 1.8742E-10 1.8928E-10 1.9029E-10 1.9185E-10 1.9266E-10 1.9331E-10 1.9384E-10 1.9426E-10 1.9455E-10 1.9473E-10 1.9481E-10 1.9480E-10 1.9469E-10 1.9448E-10 1.9418E-10 1.9378E-10 1.9262E-10 1.9206E-10 1.9141E-10 1.9064E-10 1.8973E-10 1.8797E-10 1.8677E-10 1.8482E-10 1.8335E-10 1.8106E-10 1.7873E-10 1.7691E-10 1.7433E-10 1.7229E-10 1.7015E-10 1.6726E-10 1.6493E-10 1.6251E-10 1.5937E-10 1.5641E-10 1.5313E-10 1.5006E-10 1.4666E-10 1.4349E-10 1.4069E-10 1.3784E-10 1.3456E-10 1.3166E-10 1.2832E-10 1.2501E-10 1.2166E-10 1.1834E-10 1.1499E-10 1.1169E-10 1.0872E-10 1.0539E-10 1.0216E-10 9.8933E-11 9.5327E-11 9.1508E-11
1.7188E-10 1.7302E-10 1.7403E-10 1.7490E-10 1.7585E-10 1.7654E-10 1.7712E-10 1.7771E-10 1.7815E-10 1.7842E-10 1.7867E-10 1.7877E-10 1.7880E-10 1.7945E-10 1.7860E-10 1.7837E-10 1.7808E-10 1.7708E-10 1.7664E-10 1.7609E-10 1.7542E-10 1.7397E-10 1.7303E-10 1.7196E-10 1.7076E-10 1.6880E-10 1.6736E-10 1.6581E-10 1.6350E-10 1.6173E-10 1.5986E-10 1.5725E-10 1.5520E-10 1.5201E-10 1.4981E-10 1.4714E-10 1.4413E-10 1.4174E-10 1.3889E-10 1.3639E-10 1.3344E-10 1.3085E-10 1.2781E-10 1.2515E-10 1.2169E-10 1.1895E-10 1.1546E-10 1.1271E-10 1.0963E-10 1.0692E-10 1.0384E-10 1.0074E-10 9.7640E-11 9.4536E-11 9.1531E-11 8.7183E-11 8.4624E-11
1.5727E-10 1.5887E-10 1.5991E-10 1.6072E-10 1.6144E-10 1.6218E-10 1.6342E-10 1.6387E-10 1.6438E-10 1.6403E-10 1.6430E-10 1.6444E-10 1.6456E-10 1.6460E-10 1.6451E-10 1.6443E-10 1.6422E-10 1.6335E-10 1.6299E-10 1.6252E-10 1.6192E-10 1.6119E-10 1.5969E-10 1.5872E-10 1.5764E-10 1.5578E-10 1.5447E-10 1.5306E-10 1.5154E-10 1.4926E-10 1.4718E-10 1.4539E-10 1.4246E-10 1.4053E-10 1.3852E-10 1.3604E-10 1.3385E-10 1.3124E-10 1.2899E-10 1.2627E-10 1.2393E-10 1.2107E-10 1.1829E-10 1.1586E-10 1.1261E-10 1.1014E-10 1.0718E-10 1.0464E-10 1.0171E-10 9.9209E-11 9.6002E-11 9.3125E-11 9.0182E-11 8.6420E-11 8.3621E-11 7.9849E-11 7.7161E-11
1.4295E-10 1.4380E-10 1.4458E-10 1.4610E-10 1.4749E-10 1.4812E-10 1.4873E-10 1.4919E-10 1.5020E-10 1.5049E-10 1.5077E-10 1.5099E-10 1.5109E-10 1.5117E-10 1.5126E-10 1.5119E-10 1.5039E-10 1.5019E-10 1.5000E-10 1.4963E-10 1.4909E-10 1.4844E-10 1.4705E-10 1.4618E-10 1.4525E-10 1.4377E-10 1.4191E-10 1.4064E-10 1.3887E-10 1.3742E-10 1.3582E-10 1.3380E-10 1.3210E-10 1.2991E-10 1.2808E-10 1.2617E-10 1.2373E-10 1.2171E-10 1.1911E-10 1.1700E-10 1.1448E-10 1.1188E-10 1.0925E-10 1.0702E-10 1.0439E-10 1.0212E-10 9.9398E-11 9.7044E-11 9.3924E-11 9.1474E-11 8.8471E-11 8.5404E-11 8.2167E-11 7.8582E-11 7.6085E-11 7.2533E-11 7.0024E-11
