Assets/Resources/2015_m01_d02_1100(utc+0800)_l00_csi_1hr_conc.grd
DSAA
         159         159
     -79.000      79.000
     -79.000      79.000
  0.0000E+00  0.3633E-05
[rows 25 to 49 of 159, columns 57 to 113 of 159]
0.0000E+00 0.0000E+00 0.0000E+00 0.0000E+00 0.0000E+00 0.0000E+00 0.0000E+00 0.0000E+00 0.0000E+00 0.0000E+00 0.0000E+00 0.0000E+00 0.0000E+00 0.0000E+00 0.0000E+00 0.0000E+00 0.0000E+00 0.0000E+00 3.3267E-12 2.4901E-11 9.8510E-11 2.8826E-10 5.6763E-10 9.1576E-10 1.3799E-09 1.9930E-09 2.7872E-09 3.7596E-09 4.9111E-09 6.2188E-09 7.6616E-09 9.2004E-09 1.0796E-08 1.2414E-08 1.4013E-08 1.5556E-08 1.7012E-08 1.8348E-08 1.9532E-08 2.0551E-08 2.1413E-08 2.2106E-08 2.2637E-08 2.3021E-08 2.3260E-08 2.3351E-08 2.3308E-08 2.3147E-08 2.2881E-08 2.2524E-08 2.2093E-08 2.1593E-08 2.1037E-08 2.0445E-08 1.9812E-08 1.9159E-08 1.8490E-08
0.0000E+00 0.0000E+00 0.0000E+00 0.0000E+00 0.0000E+00 0.0000E+00 0.0000E+00 0.0000E+00 0.0000E+00 0.0000E+00 0.0000E+00 0.0000E+00 0.0000E+00 0.0000E+00 0.0000E+00 0.0000E+00 0.0000E+00 3.8496E-12 1.0770E-11 5.5979E-11 1.9363E-10 4.3406E-10 7.5564E-10 1.1711E-09 1.7294E-09 2.4618E-09 3.3977E-09 4.5250E-09 5.8361E-09 7.3014E-09 8.8801E-09 1.0533E-08 1.2209E-08 1.3861E-08 1.5450E-08 1.6939E-08 1.8304E-08 1.9517E-08 2.0561E-08 2.1421E-08 2.2103E-08 2.2622E-08 2.2982E-08 2.3194E-08 2.3272E-08 2.3220E-08 2.3042E-08 2.2759E-08 2.2385E-08 2.1933E-08 2.1422E-08 2.0856E-08 2.0242E-08 1.9605E-08 1.8939E-08 1.8261E-08 1.7577E-08
0.0000E+00 0.0000E+00 0.0000E+00 0.0000E+00 0.0000E+00 0.0000E+00 0.0000E+00 0.0000E+00 0.0000E+00 0.0000E+00 0.0000E+00 0.0000E+00 0.0000E+00 0.0000E+00 0.0000E+00 0.0000E+00 4.1851E-12 1.0009E-11 4.7655E-11 1.2256E-10 3.0763E-10 6.0462E-10 9.8171E-10 1.4902E-09 2.1662E-09 3.0360E-09 4.1242E-09 5.4124E-09 6.8822E-09 8.4922E-09 1.0189E-08 1.1914E-08 1.3617E-08 1.5249E-08 1.6772E-08 1.8152E-08 1.9362E-08 2.0390E-08 2.1236E-08 2.1898E-08 2.2375E-08 2.2686E-08 2.2860E-08 2.2898E-08 2.2814E-08 2.2624E-08 2.2327E-08 2.1936E-08 2.1475E-08 2.0954E-08 2.0384E-08 1.9777E-08 1.9127E-08 1.8472E-08 1.7796E-08 1.7116E-08 1.6439E-08
0.0000E+00 0.0000E+00 0.0000E+00 0.0000E+00 0.0000E+00 0.0000E+00 0.0000E+00 0.0000E+00 0.0000E+00 0.0000E+00 0.0000E+00 0.0000E+00 0.0000E+00 0.0000E+00 0.0000E+00 4.2738E-12 1.0377E-11 3.5322E-11 9.4588E-11 2.1974E-10 4.6227E-10 8.1496E-10 1.2731E-09 1.8874E-09 2.6980E-09 3.7241E-09 4.9766E-09 6.4305E-09 8.0515E-09 9.7854E-09 1.1567E-08 1.3327E-08 1.5003E-08 1.6548E-08 1.7928E-08 1.9129E-08 2.0129E-08 2.0924E-08 2.1527E-08 2.1946E-08 2.2197E-08 2.2295E-08 2.2268E-08 2.2137E-08 2.1906E-08 2.1588E-08 2.1192E-08 2.0719E-08 2.0194E-08 1.9630E-08 1.9025E-08 1.8399E-08 1.7748E-08 1.7095E-08 1.6432E-08 1.5773E-08 1.5123E-08
0.0000E+00 0.0000E+00 0.0000E+00 0.0000E+00 0.0000E+00 0.0000E+00 0.0000E+00 0.0000E+00 0.0000E+00 0.0000E+00 0.0000E+00 0.0000E+00 0.0000E+00 0.0000E+00 4.0989E-12 9.8491E-12 2.1180E-11 7.8000E-11 1.7138E-10 3.4670E-10 6.6538E-10 1.0781E-09 1.6403E-09 2.3839E-09 3.3456E-09 4.5399E-09 5.9642E-09 7.5784E-09 9.3382E-09 1.1165E-08 1.2985E-08 1.4720E-08 1.6309E-08 1.7707E-08 1.8885E-08 1.9834E-08 2.0562E-08 2.1083E-08 2.1410E-08 2.1562E-08 2.1571E-08 2.1459E-08 2.1241E-08 2.0947E-08 2.0589E-08 2.0167E-08 1.9693E-08 1.9169E-08 1.8607E-08 1.8023E-08 1.7412E-08 1.6796E-08 1.6160E-08 1.5536E-08 1.4905E-08 1.4286E-08 1.3681E-08
0.0000E+00 0.0000E+00 0.0000E+00 0.0000E+00 0.0000E+00 0.0000E+00 0.0000E+00 0.0000E+00 0.0000E+00 0.0000E+00 0.0000E+00 0.0000E+00 0.0000E+00 3.6714E-12 8.1822E-12 1.5216E-11 5.8874E-11 1.3805E-10 2.7152E-10 5.4707E-10 9.1063E-10 1.4198E-09 2.1040E-09 2.9992E-09 4.1343E-09 5.5115E-09 7.1065E-09 8.8705E-09 1.0737E-08 1.2619E-08 1.4420E-08 1.6066E-08 1.7493E-08 1.8668E-08 1.9581E-08 2.0234E-08 2.0645E-08 2.0850E-08 2.0879E-08 2.0764E-08 2.0532E-08 2.0217E-08 1.9830E-08 1.9396E-08 1.8931E-08 1.8435E-08 1.7911E-08 1.7361E-08 1.6790E-08 1.6212E-08 1.5619E-08 1.5037E-08 1.4440E-08 1.3857E-08 1.3280E-08 1.2716E-08 1.2168E-08
0.0000E+00 0.0000E+00 0.0000E+00 0.0000E+00 0.0000E+00 0.0000E+00 0.0000E+00 0.0000E+00 0.0000E+00 0.0000E+00 0.0000E+00 0.0000E+00 0.0000E+00 5.0270E-12 1.3193E-11 4.2001E-11 1.0163E-10 2.2746E-10 4.2381E-10 7.6448E-10 1.2142E-09 1.8425E-09 2.6779E-09 3.7509E-09 5.0747E-09 6.6392E-09 8.4029E-09 1.0297E-08 1.2234E-08 1.4112E-08 1.5836E-08 1.7323E-08 1.8519E-08 1.9402E-08 1.9981E-08 2.0290E-08 2.0364E-08 2.0235E-08 1.9960E-08 1.9586E-08 1.9136E-08 1.8634E-08 1.8107E-08 1.7565E-08 1.7024E-08 1.6480E-08 1.5933E-08 1.5387E-08 1.4829E-08 1.4282E-08 1.3732E-08 1.3195E-08 1.2655E-08 1.2133E-08 1.1618E-08 1.1121E-08 1.0640E-08
0.0000E+00 0.0000E+00 0.0000E+00 0.0000E+00 0.0000E+00 0.0000E+00 0.0000E+00 0.0000E+00 0.0000E+00 0.0000E+00 0.0000E+00 0.0000E+00 0.0000E+00 1.1381E-11 3.0357E-11 7.3408E-11 1.7594E-10 3.3093E-10 6.2779E-10 1.0432E-09 1.6005E-09 2.3745E-09 3.3855E-09 4.6529E-09 6.1764E-09 7.9265E-09 9.8399E-09 1.1829E-08 1.3781E-08 1.5593E-08 1.7161E-08 1.8415E-08 1.9315E-08 1.9857E-08 2.0068E-08 1.9997E-08 1.9712E-08 1.9263E-08 1.8702E-08 1.8087E-08 1.7446E-08 1.6798E-08 1.6166E-08 1.5548E-08 1.4961E-08 1.4403E-08 1.3857E-08 1.3338E-08 1.2820E-08 1.2319E-08 1.1825E-08 1.1350E-08 1.0876E-08 1.0424E-08 9.9802E-09 9.5544E-09 9.1451E-09
0.0000E+00 0.0000E+00 0.0000E+00 0.0000E+00 0.0000E+00 0.0000E+00 0.0000E+00 0.0000E+00 0.0000E+00 0.0000E+00 0.0000E+00 0.0000E+00 0.0000E+00 1.8221E-11 4.9543E-11 1.2351E-10 2.6977E-10 4.9994E-10 8.6086E-10 1.3738E-09 2.0740E-09 3.0161E-09 4.2294E-09 5.7122E-09 7.4414E-09 9.3672E-09 1.1404E-08 1.3437E-08 1.5349E-08 1.7020E-08 1.8360E-08 1.9305E-08 1.9840E-08 1.9991E-08 1.9808E-08 1.9362E-08 1.8725E-08 1.7975E-08 1.7163E-08 1.6344E-08 1.5556E-08 1.4800E-08 1.4098E-08 1.3448E-08 1.2843E-08 1.2296E-08 1.1779E-08 1.1302E-08 1.0839E-08 1.0400E-08 9.9700E-09 9.5662E-09 9.1667E-09 8.7865E-09 8.4154E-09 8.0646E-09 7.7243E-09
0.0000E+00 0.0000E+00 0.0000E+00 0.0000E+00 0.0000E+00 0.0000E+00 0.0000E+00 0.0000E+00 0.0000E+00 0.0000E+00 0.0000E+00 0.0000E+00 0.0000E+00 2.9136E-11 8.2330E-11 1.9139E-10 3.7849E-10 6.9237E-10 1.1451E-09 1.7767E-09 2.6447E-09 3.7858E-09 5.2196E-09 6.9265E-09 8.8595E-09 1.0938E-08 1.3052E-08 1.5072E-08 1.6862E-08 1.8316E-08 1.9353E-08 1.9933E-08 2.0067E-08 1.9798E-08 1.9212E-08 1.8397E-08 1.7444E-08 1.6428E-08 1.5415E-08 1.4438E-08 1.3544E-08 1.2736E-08 1.2000E-08 1.1351E-08 1.0766E-08 1.0248E-08 9.7794E-09 9.3576E-09 8.9582E-09 8.5882E-09 8.2305E-09 7.8980E-09 7.5732E-09 7.2666E-09 6.9669E-09 6.6856E-09 6.4146E-09
0.0000E+00 0.0000E+00 0.0000E+00 0.0000E+00 0.0000E+00 0.0000E+00 0.0000E+00 0.0000E+00 0.0000E+00 0.0000E+00 0.0000E+00 0.0000E+00 0.0000E+00 4.5896E-11 1.3133E-10 2.6648E-10 5.3148E-10 9.1855E-10 1.4720E-09 2.2589E-09 3.3210E-09 4.6855E-09 6.3563E-09 8.2924E-09 1.0415E-08 1.2616E-08 1.4755E-08 1.6689E-08 1.8283E-08 1.9435E-08 2.0094E-08 2.0253E-08 1.9952E-08 1.9269E-08 1.8297E-08 1.7152E-08 1.5926E-08 1.4700E-08 1.3536E-08 1.2467E-08 1.1513E-08 1.0687E-08 9.9679E-09 9.3449E-09 8.8034E-09 8.3398E-09 7.9259E-09 7.5659E-09 7.2357E-09 6.9355E-09 6.6494E-09 6.3871E-09 6.1330E-09 5.8929E-09 5.6625E-09 5.4421E-09 5.2371E-09
0.0000E+00 0.0000E+00 0.0000E+00 0.0000E+00 0.0000E+00 0.0000E+00 0.0000E+00 0.0000E+00 0.0000E+00 0.0000E+00 0.0000E+00 0.0000E+00 5.9137E-13 6.4719E-11 1.7780E-10 3.8128E-10 7.1468E-10 1.1656E-09 1.8532E-09 2.8153E-09 4.0944E-09 5.6985E-09 7.6163E-09 9.7763E-09 1.2065E-08 1.4340E-08 1.6442E-08 1.8217E-08 1.9538E-08 2.0327E-08 2.0558E-08 2.0259E-08 1.9516E-08 1.8423E-08 1.7108E-08 1.5680E-08 1.4246E-08 1.2872E-08 1.1617E-08 1.0509E-08 9.5470E-09 8.7396E-09 8.0632E-09 7.4981E-09 7.0174E-09 6.6165E-09 6.2688E-09 5.9724E-09 5.7076E-09 5.4751E-09 5.2549E-09 5.0551E-09 4.8651E-09 4.6856E-09 4.5162E-09 4.3491E-09 4.2017E-09
0.0000E+00 0.0000E+00 0.0000E+00 0.0000E+00 0.0000E+00 0.0000E+00 0.0000E+00 0.0000E+00 0.0000E+00 0.0000E+00 0.0000E+00 0.0000E+00 1.8258E-12 8.8900E-11 2.4057E-10 4.8900E-10 8.8064E-10 1.4452E-09 2.2824E-09 3.4368E-09 4.9518E-09 6.8179E-09 8.9863E-09 1.1357E-08 1.3780E-08 1.6084E-08 1.8083E-08 1.9624E-08 2.0599E-08 2.0959E-08 2.0721E-08 1.9961E-08 1.8781E-08 1.7319E-08 1.5703E-08 1.4057E-08 1.2478E-08 1.1029E-08 9.7408E-09 8.6409E-09 7.7180E-09 6.9607E-09 6.3485E-09 5.8520E-09 5.4507E-09 5.1188E-09 4.8349E-09 4.6017E-09 4.3959E-09 4.2215E-09 4.0599E-09 3.9134E-09 3.7763E-09 3.6531E-09 3.5299E-09 3.4172E-09 3.3092E-09
0.0000E+00 0.0000E+00 0.0000E+00 0.0000E+00 0.0000E+00 0.0000E+00 0.0000E+00 0.0000E+00 0.0000E+00 0.0000E+00 0.0000E+00 0.0000E+00 3.4974E-12 1.0541E-10 2.9499E-10 6.0375E-10 1.0671E-09 1.7471E-09 2.7367E-09 4.1045E-09 5.8644E-09 7.9978E-09 1.0418E-08 1.2986E-08 1.5509E-08 1.7785E-08 1.9619E-08 2.0866E-08 2.1439E-08 2.1336E-08 2.0613E-08 1.9385E-08 1.7806E-08 1.6020E-08 1.4176E-08 1.2375E-08 1.0713E-08 9.2426E-09 7.9825E-09 6.9314E-09 6.0776E-09 5.3951E-09 4.8571E-09 4.4395E-09 4.1171E-09 3.8572E-09 3.6380E-09 3.4581E-09 3.3051E-09 3.1742E-09 3.0598E-09 2.9601E-09 2.8655E-09 2.7854E-09 2.7065E-09 2.6324E-09 2.5654E-09
0.0000E+00 0.0000E+00 0.0000E+00 0.0000E+00 0.0000E+00 0.0000E+00 0.0000E+00 0.0000E+00 0.0000E+00 0.0000E+00 0.0000E+00 0.0000E+00 5.4603E-12 1.2664E-10 3.5544E-10 7.0671E-10 1.2529E-09 2.0521E-09 3.2122E-09 4.7860E-09 6.8049E-09 9.2113E-09 1.1878E-08 1.4618E-08 1.7208E-08 1.9412E-08 2.1036E-08 2.1936E-08 2.2073E-08 2.1481E-08 2.0278E-08 1.8612E-08 1.6666E-08 1.4613E-08 1.2592E-08 1.0708E-08 9.0264E-09 7.5853E-09 6.3904E-09 5.4239E-09 4.6597E-09 4.0667E-09 3.6122E-09 3.2667E-09 3.0206E-09 2.8255E-09 2.6680E-09 2.5329E-09 2.4163E-09 2.3230E-09 2.2489E-09 2.1801E-09 2.1266E-09 2.0727E-09 2.0313E-09 1.9942E-09 1.9592E-09
0.0000E+00 0.0000E+00 0.0000E+00 0.0000E+00 0.0000E+00 0.0000E+00 0.0000E+00 0.0000E+00 0.0000E+00 0.0000E+00 0.0000E+00 0.0000E+00 7.5617E-12 1.4435E-10 3.9120E-10 7.9069E-10 1.4213E-09 2.3499E-09 3.6648E-09 5.4630E-09 7.7337E-09 1.0405E-08 1.3316E-08 1.6222E-08 1.8857E-08 2.0960E-08 2.2326E-08 2.2853E-08 2.2526E-08 2.1445E-08 1.9768E-08 1.7707E-08 1.5451E-08 1.3182E-08 1.1042E-08 9.1245E-09 7.4798E-09 6.1073E-09 5.0036E-09 4.1404E-09 3.4774E-09 2.9778E-09 2.6071E-09 2.3336E-09 2.1480E-09 2.0072E-09 1.8927E-09 1.7967E-09 1.7188E-09 1.6548E-09 1.6027E-09 1.5684E-09 1.5318E-09 1.5119E-09 1.4979E-09 1.4863E-09 1.4682E-09
0.0000E+00 0.0000E+00 0.0000E+00 0.0000E+00 0.0000E+00 0.0000E+00 0.0000E+00 0.0000E+00 0.0000E+00 0.0000E+00 0.0000E+00 0.0000E+00 9.3298E-12 1.4283E-10 4.0490E-10 8.4862E-10 1.5610E-09 2.5900E-09 4.0785E-09 6.0860E-09 8.6073E-09 1.1552E-08 1.4701E-08 1.7765E-08 2.0435E-08 2.2413E-08 2.3514E-08 2.3649E-08 2.2862E-08 2.1303E-08 1.9183E-08 1.6747E-08 1.4231E-08 1.1809E-08 9.6001E-09 7.6858E-09 6.1032E-09 4.8320E-09 3.8374E-09 3.0848E-09 2.5242E-09 2.1159E-09 1.8218E-09 1.6174E-09 1.4755E-09 1.3623E-09 1.2854E-09 1.2324E-09 1.1871E-09 1.1438E-09 1.1158E-09 1.0909E-09 1.0873E-09 1.0812E-09 1.0803E-09 1.0800E-09 1.0847E-09
0.0000E+00 0.0000E+00 0.0000E+00 0.0000E+00 0.0000E+00 0.0000E+00 0.0000E+00 0.0000E+00 0.0000E+00 0.0000E+00 0.0000E+00 0.0000E+00 9.8089E-12 1.2704E-10 3.9990E-10 8.7186E-10 1.6483E-09 2.7814E-09 4.4148E-09 6.6192E-09 9.3894E-09 1.2603E-08 1.5995E-08 1.9235E-08 2.1941E-08 2.3816E-08 2.4641E-08 2.4385E-08 2.3137E-08 2.1116E-08 1.8587E-08 1.5826E-08 1.3078E-08 1.0533E-08 8.2970E-09 6.4282E-09 4.9236E-09 3.7642E-09 2.8868E-09 2.2418E-09 1.7810E-09 1.4538E-09 1.2257E-09 1.0666E-09 9.5762E-10 8.8166E-10 8.3347E-10 8.0234E-10 7.8324E-10 7.6718E-10 7.5867E-10 7.5210E-10 7.4923E-10 7.5038E-10 7.5310E-10 7.6496E-10 7.7667E-10
0.0000E+00 0.0000E+00 0.0000E+00 0.0000E+00 0.0000E+00 0.0000E+00 0.0000E+00 0.0000E+00 0.0000E+00 0.0000E+00 0.0000E+00 0.0000E+00 8.5982E-12 1.0206E-10 3.6847E-10 8.4864E-10 1.6834E-09 2.8806E-09 4.6358E-09 7.0300E-09 1.0044E-08 1.3521E-08 1.7174E-08 2.0604E-08 2.3384E-08 2.5156E-08 2.5739E-08 2.5102E-08 2.3412E-08 2.0945E-08 1.8025E-08 1.4970E-08 1.2036E-08 9.3972E-09 7.1540E-09 5.3516E-09 3.9439E-09 2.8911E-09 2.1269E-09 1.5882E-09 1.2114E-09 9.5217E-10 7.6514E-10 6.5744E-10 5.8444E-10 5.3207E-10 4.9911E-10 4.8241E-10 4.7545E-10 4.8481E-10 4.8990E-10 4.8503E-10 4.8352E-10 4.8278E-10 4.9265E-10 5.0826E-10 5.2774E-10
0.0000E+00 0.0000E+00 0.0000E+00 0.0000E+00 0.0000E+00 0.0000E+00 0.0000E+00 0.0000E+00 0.0000E+00 0.0000E+00 0.0000E+00 0.0000E+00 6.1626E-12 7.2143E-11 3.1174E-10 7.8601E-10 1.6479E-09 2.8806E-09 4.7334E-09 7.2855E-09 1.0516E-08 1.4271E-08 1.8206E-08 2.1860E-08 2.4745E-08 2.6473E-08 2.6828E-08 2.5847E-08 2.3736E-08 2.0842E-08 1.7548E-08 1.4211E-08 1.1108E-08 8.4035E-09 6.1743E-09 4.4364E-09 3.1324E-09 2.1924E-09 1.5307E-09 1.0699E-09 7.4379E-10 5.3370E-10 3.9718E-10 3.1912E-10 2.6440E-10 2.2454E-10 2.0959E-10 2.0997E-10 2.1769E-10 2.2146E-10 2.3611E-10 2.5175E-10 2.5971E-10 2.8175E-10 2.8235E-10 2.9206E-10 3.1211E-10
0.0000E+00 0.0000E+00 0.0000E+00 0.0000E+00 0.0000E+00 0.0000E+00 0.0000E+00 0.0000E+00 0.0000E+00 0.0000E+00 0.0000E+00 0.0000E+00 3.4278E-12 3.9978E-11 2.3276E-10 6.7875E-10 1.5353E-09 2.7738E-09 4.6683E-09 7.3379E-09 1.0774E-08 1.4807E-08 1.9051E-08 2.2972E-08 2.6015E-08 2.7726E-08 2.7901E-08 2.6586E-08 2.4074E-08 2.0783E-08 1.7155E-08 1.3578E-08 1.0325E-08 7.5583E-09 5.3502E-09 3.6744E-09 2.4596E-09 1.6113E-09 1.0223E-09 6.3126E-10 3.7674E-10 2.1919E-10 1.3298E-10 8.4794E-11 5.5475E-11 4.4664E-11 4.9467E-11 5.8827E-11 6.8711E-11 7.6957E-11 9.0654E-11 1.0267E-10 1.1855E-10 1.3355E-10 1.4117E-10 1.5414E-10 1.6746E-10
0.0000E+00 0.0000E+00 0.0000E+00 0.0000E+00 0.0000E+00 0.0000E+00 0.0000E+00 0.0000E+00 0.0000E+00 0.0000E+00 0.0000E+00 0.0000E+00 1.3417E-12 1.7850E-11 1.5130E-10 5.4090E-10 1.3697E-09 2.5622E-09 4.4486E-09 7.1824E-09 1.0798E-08 1.5098E-08 1.9666E-08 2.3902E-08 2.7160E-08 2.8924E-08 2.8954E-08 2.7346E-08 2.4452E-08 2.0782E-08 1.6832E-08 1.3032E-08 9.6661E-09 6.8657E-09 4.6988E-09 3.1049E-09 1.9825E-09 1.2127E-09 7.1317E-10 3.9978E-10 2.0848E-10 9.6864E-11 4.7800E-11 1.7722E-11 3.0023E-12 0.0000E+00 0.0000E+00 0.0000E+00 0.0000E+00 0.0000E+00 0.0000E+00 1.3931E-13 2.0396E-12 7.0235E-12 1.5420E-11 2.5900E-11 4.0278E-11
0.0000E+00 0.0000E+00 0.0000E+00 0.0000E+00 0.0000E+00 0.0000E+00 0.0000E+00 0.0000E+00 0.0000E+00 0.0000E+00 0.0000E+00 0.0000E+00 2.1826E-13 9.0636E-12 7.4686E-11 3.7660E-10 1.1422E-09 2.2516E-09 4.0765E-09 6.8196E-09 1.0550E-08 1.5089E-08 2.0010E-08 2.4610E-08 2.8135E-08 2.9993E-08 2.9921E-08 2.8047E-08 2.4807E-08 2.0784E-08 1.6551E-08 1.2564E-08 9.1049E-09 6.2946E-09 4.1788E-09 2.6501E-09 1.6084E-09 9.2848E-10 5.0697E-10 2.5894E-10 1.1196E-10 4.3364E-11 1.6056E-11 3.4615E-12 0.0000E+00 0.0000E+00 0.0000E+00 0.0000E+00 0.0000E+00 0.0000E+00 0.0000E+00 0.0000E+00 0.0000E+00 1.6959E-13 1.5374E-12 4.8302E-12 1.0342E-11
0.0000E+00 0.0000E+00 0.0000E+00 0.0000E+00 0.0000E+00 0.0000E+00 0.0000E+00 0.0000E+00 0.0000E+00 0.0000E+00 0.0000E+00 0.0000E+00 0.0000E+00 3.3739E-12 1.9718E-11 2.2533E-10 8.8698E-10 1.8842E-09 3.6086E-09 6.2891E-09 1.0060E-08 1.4824E-08 2.0085E-08 2.5092E-08 2.8953E-08 3.0967E-08 3.0834E-08 2.8723E-08 2.5162E-08 2.0822E-08 1.6340E-08 1.2191E-08 8.6478E-09 5.8411E-09 3.7639E-09 2.3038E-09 1.3316E-09 7.3566E-10 3.7289E-10 1.6688E-10 5.7703E-11 1.4200E-11 2.0318E-12 0.0000E+00 0.0000E+00 0.0000E+00 0.0000E+00 0.0000E+00 0.0000E+00 0.0000E+00 0.0000E+00 0.0000E+00 0.0000E+00 0.0000E+00 0.0000E+00 3.3847E-14 6.1574E-13
0.0000E+00 0.0000E+00 0.0000E+00 0.0000E+00 0.0000E+00 0.0000E+00 0.0000E+00 0.0000E+00 0.0000E+00 0.0000E+00 0.0000E+00 0.0000E+00 0.0000E+00 5.7327E-13 8.2302E-12 1.0252E-10 6.1566E-10 1.5035E-09 3.0675E-09 5.6171E-09 9.3968E-09 1.4327E-08 1.9949E-08 2.5388E-08 2.9627E-08 3.1838E-08 3.1674E-08 2.9352E-08 2.5495E-08 2.0870E-08 1.6173E-08 1.1896E-08 8.2942E-09 5.4897E-09 3.4396E-09 2.0491E-09 1.1415E-09 5.9526E-10 2.8282E-10 1.0830E-10 2.2655E-11 0.0000E+00 0.0000E+00 0.0000E+00 0.0000E+00 0.0000E+00 0.0000E+00 0.0000E+00 0.0000E+00 0.0000E+00 0.0000E+00 0.0000E+00 0.0000E+00 0.0000E+00 0.0000E+00 0.0000E+00 0.0000E+00
