Assets/Resources/2015_m01_d14_1200(utc+0800)_l00_csi_1hr_conc.grd
DSAA
         159         159
     -79.000      79.000
     -79.000      79.000
  0.0000E+00  0.3002E-05
[rows 0 to 24 of 159, columns 0 to 56 of 159]
2.5323E-09 2.6003E-09 2.6770E-09 2.7512E-09 2.8272E-09 2.9053E-09 2.9827E-09 3.0629E-09 3.1548E-09 3.2440E-09 3.3326E-09 3.4265E-09 3.5218E-09 3.6195E-09 3.7094E-09 3.8283E-09 3.9305E-09 4.0267E-09 4.1239E-09 4.2516E-09 4.3609E-09 4.4635E-09 4.5671E-09 4.7045E-09 4.8147E-09 4.9213E-09 5.0279E-09 5.1637E-09 5.2784E-09 5.3849E-09 5.4895E-09 5.5921E-09 5.7071E-09 5.8054E-09 5.9003E-09 5.9914E-09 6.0780E-09 6.1748E-09 6.2522E-09 6.3237E-09 6.3889E-09 6.4471E-09 6.4980E-09 6.5411E-09 6.5756E-09 6.6015E-09 6.6183E-09 6.6251E-09 6.6223E-09 6.6092E-09 6.5852E-09 6.5506E-09 6.5049E-09 6.4479E-09 6.3799E-09 6.3006E-09 6.2098E-09
2.5818E-09 2.6594E-09 2.7307E-09 2.8113E-09 2.8908E-09 2.9669E-09 3.0511E-09 3.1445E-09 3.2326E-09 3.3259E-09 3.4219E-09 3.5164E-09 3.6194E-09 3.7121E-09 3.8337E-09 3.9360E-09 4.0392E-09 4.1404E-09 4.2723E-09 4.3864E-09 4.4941E-09 4.6031E-09 4.7468E-09 4.8635E-09 4.9770E-09 5.0909E-09 5.2391E-09 5.3587E-09 5.4741E-09 5.5882E-09 5.7150E-09 5.8270E-09 5.9364E-09 6.0430E-09 6.1461E-09 6.2600E-09 6.3560E-09 6.4469E-09 6.5321E-09 6.6115E-09 6.6840E-09 6.7495E-09 6.8072E-09 6.8565E-09 6.8972E-09 6.9287E-09 6.9502E-09 6.9622E-09 6.9635E-09 6.9531E-09 6.9313E-09 6.8977E-09 6.8527E-09 6.7959E-09 6.7270E-09 6.6457E-09 6.5525E-09
2.6305E-09 2.7104E-09 2.7880E-09 2.8677E-09 2.9495E-09 3.0312E-09 3.1256E-09 3.2158E-09 3.3103E-09 3.4012E-09 3.5047E-09 3.6094E-09 3.7076E-09 3.8316E-09 3.9368E-09 4.0435E-09 4.1482E-09 4.2838E-09 4.4022E-09 4.5148E-09 4.6528E-09 4.7782E-09 4.9010E-09 5.0209E-09 5.1668E-09 5.2981E-09 5.4259E-09 5.5500E-09 5.6733E-09 5.8105E-09 5.9329E-09 6.0533E-09 6.1713E-09 6.2865E-09 6.4139E-09 6.5231E-09 6.6276E-09 6.7270E-09 6.8209E-09 6.9083E-09 6.9889E-09 7.0638E-09 7.1306E-09 7.1888E-09 7.2376E-09 7.2762E-09 7.3044E-09 7.3216E-09 7.3269E-09 7.3204E-09 7.3013E-09 7.2693E-09 7.2245E-09 7.1665E-09 7.0949E-09 7.0098E-09 6.9106E-09
2.6821E-09 2.7602E-09 2.8441E-09 2.9272E-09 3.0099E-09 3.0952E-09 3.1935E-09 3.2892E-09 3.3846E-09 3.4898E-09 3.5899E-09 3.6963E-09 3.8185E-09 3.9297E-09 4.0396E-09 4.1475E-09 4.2861E-09 4.4084E-09 4.5254E-09 4.6680E-09 4.7985E-09 4.9270E-09 5.0529E-09 5.2056E-09 5.3442E-09 5.4797E-09 5.6121E-09 5.7582E-09 5.8913E-09 6.0238E-09 6.1550E-09 6.2843E-09 6.4266E-09 6.5522E-09 6.6746E-09 6.7929E-09 6.9065E-09 7.0152E-09 7.1196E-09 7.2180E-09 7.3096E-09 7.3930E-09 7.4680E-09 7.5349E-09 7.5912E-09 7.6358E-09 7.6693E-09 7.6905E-09 7.6997E-09 7.6976E-09 7.6815E-09 7.6519E-09 7.6086E-09 7.5507E-09 7.4790E-09 7.3935E-09 7.2936E-09
2.7327E-09 2.8133E-09 2.8962E-09 2.9814E-09 3.0668E-09 3.1688E-09 3.2631E-09 3.3592E-09 3.4654E-09 3.5706E-09 3.6750E-09 3.7795E-09 3.9116E-09 4.0275E-09 4.1384E-09 4.2794E-09 4.4018E-09 4.5261E-09 4.6487E-09 4.8041E-09 4.9414E-09 5.0729E-09 5.2318E-09 5.3771E-09 5.5198E-09 5.6600E-09 5.8148E-09 5.9570E-09 6.0992E-09 6.2407E-09 6.3811E-09 6.5356E-09 6.6736E-09 6.8091E-09 6.9411E-09 7.0690E-09 7.1933E-09 7.3154E-09 7.4311E-09 7.5418E-09 7.6447E-09 7.7408E-09 7.8255E-09 7.9014E-09 7.9656E-09 8.0188E-09 8.0595E-09 8.0873E-09 8.1030E-09 8.1049E-09 8.0922E-09 8.0646E-09 8.0209E-09 7.9622E-09 7.8863E-09 7.7962E-09 7.6898E-09
2.7783E-09 2.8649E-09 2.9512E-09 3.0371E-09 3.1359E-09 3.2286E-09 3.3315E-09 3.4285E-09 3.5389E-09 3.6505E-09 3.7564E-09 3.8897E-09 4.0042E-09 4.1211E-09 4.2605E-09 4.3892E-09 4.5171E-09 4.6433E-09 4.8025E-09 4.9443E-09 5.0808E-09 5.2452E-09 5.3966E-09 5.5459E-09 5.6934E-09 5.8563E-09 6.0070E-09 6.1584E-09 6.3098E-09 6.4756E-09 6.6271E-09 6.7772E-09 6.9254E-09 7.0709E-09 7.2130E-09 7.3533E-09 7.4939E-09 7.6314E-09 7.7624E-09 7.8847E-09 7.9991E-09 8.1045E-09 8.1993E-09 8.2839E-09 8.3585E-09 8.4196E-09 8.4679E-09 8.5016E-09 8.5216E-09 8.5276E-09 8.5193E-09 8.4944E-09 8.4520E-09 8.3929E-09 8.3163E-09 8.2247E-09 8.1157E-09
2.8268E-09 2.9124E-09 3.0006E-09 3.0891E-09 3.1948E-09 3.2929E-09 3.3963E-09 3.5073E-09 3.6140E-09 3.7269E-09 3.8570E-09 3.9766E-09 4.0957E-09 4.2368E-09 4.3640E-09 4.4983E-09 4.6279E-09 4.7900E-09 4.9323E-09 5.0768E-09 5.2459E-09 5.4027E-09 5.5582E-09 5.7122E-09 5.8824E-09 6.0411E-09 6.2011E-09 6.3618E-09 6.5379E-09 6.7003E-09 6.8620E-09 7.0226E-09 7.1813E-09 7.3408E-09 7.5007E-09 7.6568E-09 7.8089E-09 7.9581E-09 8.1006E-09 8.2344E-09 8.3599E-09 8.4779E-09 8.5861E-09 8.6840E-09 8.7677E-09 8.8392E-09 8.8957E-09 8.9375E-09 8.9640E-09 8.9760E-09 8.9712E-09 8.9493E-09 8.9087E-09 8.8492E-09 8.7712E-09 8.6740E-09 8.5594E-09
2.8735E-09 2.9584E-09 3.0514E-09 3.1531E-09 3.2491E-09 3.3559E-09 3.4668E-09 3.5715E-09 3.6880E-09 3.8093E-09 3.9386E-09 4.0626E-09 4.1823E-09 4.3338E-09 4.4669E-09 4.6027E-09 4.7670E-09 4.9127E-09 5.0612E-09 5.2341E-09 5.3920E-09 5.5565E-09 5.7165E-09 5.8933E-09 6.0592E-09 6.2271E-09 6.3964E-09 6.5821E-09 6.7547E-09 6.9274E-09 7.0998E-09 7.2730E-09 7.4513E-09 7.6266E-09 7.7997E-09 7.9665E-09 8.1301E-09 8.2891E-09 8.4491E-09 8.6021E-09 8.7446E-09 8.8766E-09 8.9983E-09 9.1072E-09 9.2021E-09 9.2837E-09 9.3496E-09 9.4000E-09 9.4334E-09 9.4502E-09 9.4488E-09 9.4295E-09 9.3905E-09 9.3297E-09 9.2495E-09 9.1501E-09 9.0323E-09
2.9160E-09 3.0070E-09 3.0979E-09 3.2065E-09 3.3080E-09 3.4115E-09 3.5296E-09 3.6405E-09 3.7578E-09 3.8970E-09 4.0187E-09 4.1434E-09 4.2953E-09 4.4299E-09 4.5682E-09 4.7304E-09 4.8823E-09 5.0342E-09 5.1857E-09 5.3721E-09 5.5413E-09 5.7065E-09 5.8889E-09 6.0613E-09 6.2363E-09 6.4135E-09 6.6079E-09 6.7900E-09 6.9729E-09 7.1564E-09 7.3467E-09 7.5391E-09 7.7301E-09 7.9169E-09 8.1001E-09 8.2836E-09 8.4653E-09 8.6421E-09 8.8164E-09 8.9856E-09 9.1427E-09 9.2875E-09 9.4215E-09 9.5448E-09 9.6541E-09 9.7479E-09 9.8235E-09 9.8826E-09 9.9244E-09 9.9482E-09 9.9529E-09 9.9373E-09 9.9000E-09 9.8404E-09 9.7586E-09 9.6537E-09 9.5271E-09
2.9569E-09 3.0494E-09 3.1562E-09 3.2551E-09 3.3649E-09 3.4790E-09 3.5907E-09 3.7077E-09 3.8456E-09 3.9713E-09 4.0970E-09 4.2457E-09 4.3810E-09 4.5244E-09 4.6641E-09 4.8381E-09 4.9962E-09 5.1506E-09 5.3397E-09 5.5091E-09 5.6824E-09 5.8697E-09 6.0476E-09 6.2290E-09 6.4132E-09 6.6153E-09 6.8060E-09 6.9983E-09 7.1935E-09 7.3977E-09 7.6033E-09 7.8085E-09 8.0084E-09 8.2099E-09 8.4153E-09 8.6164E-09 8.8152E-09 9.0062E-09 9.1916E-09 9.3763E-09 9.5557E-09 9.7222E-09 9.8747E-09 1.0014E-08 1.0138E-08 1.0244E-08 1.0333E-08 1.0402E-08 1.0453E-08 1.0486E-08 1.0494E-08 1.0480E-08 1.0444E-08 1.0383E-08 1.0298E-08 1.0189E-08 1.0057E-08
3.0000E-09 3.0930E-09 3.2037E-09 3.3081E-09 3.4140E-09 3.5353E-09 3.6496E-09 3.7671E-09 3.9141E-09 4.0402E-09 4.1698E-09 4.3281E-09 4.4686E-09 4.6134E-09 4.7877E-09 4.9441E-09 5.1046E-09 5.2953E-09 5.4677E-09 5.6447E-09 5.8219E-09 6.0186E-09 6.2054E-09 6.3957E-09 6.6045E-09 6.8028E-09 7.0036E-09 7.2097E-09 7.4255E-09 7.6435E-09 7.8600E-09 8.0736E-09 8.2961E-09 8.5199E-09 8.7408E-09 8.9569E-09 9.1687E-09 9.3806E-09 9.5887E-09 9.7941E-09 9.9947E-09 1.0181E-08 1.0351E-08 1.0505E-08 1.0643E-08 1.0764E-08 1.0868E-08 1.0950E-08 1.1010E-08 1.1050E-08 1.1065E-08 1.1056E-08 1.1022E-08 1.0961E-08 1.0873E-08 1.0758E-08 1.0616E-08
3.0371E-09 3.1422E-09 3.2461E-09 3.3554E-09 3.4750E-09 3.5861E-09 3.7095E-09 3.8510E-09 3.9805E-09 4.1103E-09 4.2643E-09 4.4084E-09 4.5540E-09 4.7247E-09 4.8856E-09 5.0479E-09 5.2358E-09 5.4104E-09 5.5940E-09 5.7746E-09 5.9747E-09 6.1660E-09 6.3614E-09 6.5758E-09 6.7808E-09 6.9890E-09 7.2045E-09 7.4302E-09 7.6592E-09 7.8860E-09 8.1154E-09 8.3544E-09 8.5953E-09 8.8345E-09 9.0676E-09 9.3056E-09 9.5442E-09 9.7782E-09 1.0008E-08 1.0230E-08 1.0446E-08 1.0656E-08 1.0851E-08 1.1028E-08 1.1187E-08 1.1327E-08 1.1446E-08 1.1541E-08 1.1614E-08 1.1663E-08 1.1687E-08 1.1681E-08 1.1647E-08 1.1583E-08 1.1491E-08 1.1369E-08 1.1219E-08
3.0720E-09 3.1865E-09 3.2896E-09 3.4009E-09 3.5242E-09 3.6411E-09 3.7613E-09 3.9113E-09 4.0409E-09 4.1746E-09 4.3376E-09 4.4830E-09 4.6332E-09 4.8143E-09 4.9776E-09 5.1453E-09 5.3454E-09 5.5272E-09 5.7140E-09 5.9166E-09 6.1114E-09 6.3110E-09 6.5299E-09 6.7404E-09 6.9550E-09 7.1775E-09 7.4118E-09 7.6502E-09 7.8872E-09 8.1310E-09 8.3841E-09 8.6410E-09 8.8943E-09 9.1475E-09 9.4116E-09 9.6750E-09 9.9349E-09 1.0189E-08 1.0437E-08 1.0684E-08 1.0929E-08 1.1165E-08 1.1386E-08 1.1589E-08 1.1768E-08 1.1924E-08 1.2060E-08 1.2173E-08 1.2259E-08 1.2319E-08 1.2349E-08 1.2346E-08 1.2313E-08 1.2248E-08 1.2151E-08 1.2021E-08 1.1859E-08
3.1078E-09 3.2224E-09 3.3308E-09 3.4515E-09 3.5677E-09 3.6904E-09 3.8370E-09 3.9691E-09 4.1024E-09 4.2637E-09 4.4083E-09 4.5584E-09 4.7383E-09 4.9015E-09 5.0701E-09 5.2658E-09 5.4524E-09 5.6409E-09 5.8451E-09 6.0424E-09 6.2452E-09 6.4531E-09 6.6823E-09 6.9022E-09 7.1300E-09 7.3710E-09 7.6176E-09 7.8639E-09 8.1193E-09 8.3850E-09 8.6555E-09 8.9229E-09 9.1979E-09 9.4830E-09 9.7698E-09 1.0053E-08 1.0332E-08 1.0616E-08 1.0897E-08 1.1173E-08 1.1442E-08 1.1702E-08 1.1948E-08 1.2179E-08 1.2387E-08 1.2570E-08 1.2730E-08 1.2860E-08 1.2962E-08 1.3034E-08 1.3073E-08 1.3076E-08 1.3042E-08 1.2975E-08 1.2871E-08 1.2731E-08 1.2557E-08
3.1488E-09 3.2562E-09 3.3693E-09 3.4965E-09 3.6153E-09 3.7372E-09 3.8888E-09 4.0210E-09 4.1574E-09 4.3238E-09 4.4728E-09 4.6271E-09 4.8134E-09 4.9819E-09 5.1555E-09 5.3632E-09 5.5562E-09 5.7473E-09 5.9599E-09 6.1648E-09 6.3754E-09 6.6074E-09 6.8313E-09 7.0629E-09 7.3085E-09 7.5620E-09 7.8166E-09 8.0808E-09 8.3573E-09 8.6395E-09 8.9205E-09 9.2140E-09 9.5181E-09 9.8261E-09 1.0130E-08 1.0439E-08 1.0756E-08 1.1072E-08 1.1383E-08 1.1684E-08 1.1978E-08 1.2272E-08 1.2554E-08 1.2819E-08 1.3060E-08 1.3272E-08 1.3452E-08 1.3602E-08 1.3722E-08 1.3806E-08 1.3855E-08 1.3863E-08 1.3828E-08 1.3754E-08 1.3641E-08 1.3489E-08 1.3299E-08
3.1845E-09 3.2908E-09 3.4053E-09 3.5326E-09 3.6537E-09 3.7890E-09 3.9344E-09 4.0731E-09 4.2333E-09 4.3844E-09 4.5376E-09 4.7215E-09 4.8889E-09 5.0623E-09 5.2679E-09 5.4570E-09 5.6523E-09 5.8648E-09 6.0708E-09 6.2831E-09 6.5167E-09 6.7434E-09 6.9774E-09 7.2253E-09 7.4844E-09 7.7462E-09 8.0162E-09 8.3015E-09 8.5939E-09 8.8872E-09 9.1955E-09 9.5162E-09 9.8424E-09 1.0167E-08 1.0505E-08 1.0852E-08 1.1201E-08 1.1545E-08 1.1884E-08 1.2226E-08 1.2560E-08 1.2890E-08 1.3207E-08 1.3504E-08 1.3778E-08 1.4024E-08 1.4237E-08 1.4415E-08 1.4555E-08 1.4653E-08 1.4709E-08 1.4719E-08 1.4684E-08 1.4604E-08 1.4481E-08 1.4313E-08 1.4103E-08
3.2116E-09 3.3227E-09 3.4464E-09 3.5660E-09 3.6923E-09 3.8471E-09 3.9806E-09 4.1188E-09 4.2870E-09 4.4382E-09 4.5953E-09 4.7849E-09 4.9570E-09 5.1469E-09 5.3480E-09 5.5466E-09 5.7443E-09 5.9644E-09 6.1772E-09 6.3969E-09 6.6396E-09 6.8748E-09 7.1227E-09 7.3854E-09 7.6536E-09 7.9276E-09 8.2188E-09 8.5196E-09 8.8230E-09 9.1427E-09 9.4775E-09 9.8193E-09 1.0163E-08 1.0526E-08 1.0900E-08 1.1279E-08 1.1654E-08 1.2037E-08 1.2424E-08 1.2808E-08 1.3183E-08 1.3547E-08 1.3901E-08 1.4244E-08 1.4561E-08 1.4847E-08 1.5097E-08 1.5298E-08 1.5456E-08 1.5569E-08 1.5634E-08 1.5650E-08 1.5614E-08 1.5528E-08 1.5391E-08 1.5207E-08 1.4975E-08
3.2360E-09 3.3517E-09 3.4782E-09 3.5997E-09 3.7280E-09 3.8837E-09 4.0200E-09 4.1721E-09 4.3335E-09 4.4920E-09 4.6780E-09 4.8480E-09 5.0248E-09 5.2342E-09 5.4276E-09 5.6281E-09 5.8465E-09 6.0590E-09 6.2788E-09 6.5212E-09 6.7574E-09 7.0038E-09 7.2668E-09 7.5393E-09 7.8165E-09 8.1105E-09 8.4178E-09 8.7292E-09 9.0565E-09 9.4025E-09 9.7577E-09 1.0118E-08 1.0501E-08 1.0899E-08 1.1304E-08 1.1710E-08 1.2133E-08 1.2565E-08 1.2998E-08 1.3422E-08 1.3840E-08 1.4256E-08 1.4661E-08 1.5050E-08 1.5411E-08 1.5740E-08 1.6022E-08 1.6252E-08 1.6434E-08 1.6564E-08 1.6641E-08 1.6662E-08 1.6623E-08 1.6528E-08 1.6377E-08 1.6170E-08 1.5912E-08
3.2610E-09 3.3748E-09 3.5069E-09 3.6305E-09 3.7684E-09 3.9170E-09 4.0593E-09 4.2278E-09 4.3800E-09 4.5384E-09 4.7293E-09 4.9035E-09 5.0961E-09 5.3001E-09 5.4988E-09 5.7046E-09 5.9297E-09 6.1485E-09 6.3894E-09 6.6255E-09 6.8702E-09 7.1302E-09 7.4050E-09 7.6850E-09 7.9786E-09 8.2900E-09 8.6083E-09 8.9390E-09 9.2929E-09 9.6588E-09 1.0032E-08 1.0431E-08 1.0848E-08 1.1275E-08 1.1710E-08 1.2169E-08 1.2641E-08 1.3117E-08 1.3590E-08 1.4072E-08 1.4554E-08 1.5026E-08 1.5483E-08 1.5918E-08 1.6326E-08 1.6697E-08 1.7021E-08 1.7291E-08 1.7501E-08 1.7651E-08 1.7741E-08 1.7766E-08 1.7725E-08 1.7620E-08 1.7452E-08 1.7221E-08 1.6932E-08
3.2801E-09 3.4085E-09 3.5294E-09 3.6579E-09 3.8113E-09 3.9504E-09 4.0916E-09 4.2638E-09 4.4190E-09 4.5921E-09 4.7763E-09 4.9582E-09 5.1691E-09 5.3650E-09 5.5686E-09 5.7905E-09 6.0073E-09 6.2321E-09 6.4806E-09 6.7237E-09 6.9789E-09 7.2522E-09 7.5348E-09 7.8262E-09 8.1378E-09 8.4608E-09 8.7937E-09 9.1507E-09 9.5242E-09 9.9070E-09 1.0316E-08 1.0748E-08 1.1194E-08 1.1653E-08 1.2142E-08 1.2648E-08 1.3163E-08 1.3685E-08 1.4227E-08 1.4774E-08 1.5319E-08 1.5849E-08 1.6359E-08 1.6849E-08 1.7310E-08 1.7732E-08 1.8108E-08 1.8421E-08 1.8664E-08 1.8838E-08 1.8940E-08 1.8971E-08 1.8927E-08 1.8809E-08 1.8619E-08 1.8360E-08 1.8035E-08
3.2994E-09 3.4295E-09 3.5521E-09 3.6787E-09 3.8385E-09 3.9768E-09 4.1314E-09 4.2958E-09 4.4573E-09 4.6478E-09 4.8224E-09 5.0041E-09 5.2206E-09 5.4210E-09 5.6289E-09 5.8568E-09 6.0790E-09 6.3241E-09 6.5653E-09 6.8158E-09 7.0831E-09 7.3664E-09 7.6567E-09 7.9640E-09 8.2890E-09 8.6230E-09 8.9787E-09 9.3566E-09 9.7456E-09 1.0159E-08 1.0601E-08 1.1062E-08 1.1538E-08 1.2050E-08 1.2585E-08 1.3134E-08 1.3700E-08 1.4295E-08 1.4904E-08 1.5516E-08 1.6121E-08 1.6717E-08 1.7300E-08 1.7855E-08 1.8375E-08 1.8857E-08 1.9286E-08 1.9647E-08 1.9929E-08 2.0129E-08 2.0248E-08 2.0285E-08 2.0237E-08 2.0104E-08 1.9890E-08 1.9598E-08 1.9231E-08
3.3124E-09 3.4442E-09 3.5682E-09 3.7102E-09 3.8590E-09 3.9992E-09 4.1729E-09 4.3270E-09 4.4991E-09 4.6822E-09 4.8600E-09 5.0571E-09 5.2667E-09 5.4749E-09 5.6980E-09 5.9168E-09 6.1441E-09 6.3957E-09 6.6428E-09 6.9023E-09 7.1814E-09 7.4712E-09 7.7724E-09 8.0953E-09 8.4298E-09 8.7807E-09 9.1583E-09 9.5517E-09 9.9651E-09 1.0411E-08 1.0881E-08 1.1369E-08 1.1895E-08 1.2453E-08 1.3030E-08 1.3632E-08 1.4272E-08 1.4934E-08 1.5608E-08 1.6285E-08 1.6967E-08 1.7646E-08 1.8308E-08 1.8939E-08 1.9528E-08 2.0069E-08 2.0554E-08 2.0970E-08 2.1297E-08 2.1528E-08 2.1667E-08 2.1711E-08 2.1658E-08 2.1509E-08 2.1266E-08 2.0937E-08 2.0523E-08
3.3254E-09 3.4556E-09 3.5841E-09 3.7280E-09 3.8792E-09 4.0210E-09 4.1940E-09 4.3505E-09 4.5254E-09 4.7117E-09 4.8962E-09 5.1112E-09 5.3110E-09 5.5192E-09 5.7471E-09 5.9702E-09 6.2023E-09 6.4601E-09 6.7128E-09 6.9821E-09 7.2707E-09 7.5676E-09 7.8820E-09 8.2159E-09 8.5623E-09 8.9333E-09 9.3272E-09 9.7386E-09 1.0182E-08 1.0656E-08 1.1150E-08 1.1683E-08 1.2254E-08 1.2852E-08 1.3480E-08 1.4154E-08 1.4861E-08 1.5588E-08 1.6332E-08 1.7093E-08 1.7864E-08 1.8630E-08 1.9376E-08 2.0094E-08 2.0762E-08 2.1371E-08 2.1922E-08 2.2395E-08 2.2772E-08 2.3042E-08 2.3202E-08 2.3252E-08 2.3194E-08 2.3025E-08 2.2751E-08 2.2378E-08 2.1909E-08
3.3425E-09 3.4668E-09 3.5934E-09 3.7512E-09 3.8920E-09 4.0465E-09 4.2109E-09 4.3693E-09 4.5640E-09 4.7398E-09 4.9350E-09 5.1423E-09 5.3455E-09 5.5571E-09 5.7894E-09 6.0167E-09 6.2685E-09 6.5167E-09 6.7765E-09 7.0556E-09 7.3501E-09 7.6555E-09 7.9833E-09 8.3257E-09 8.6867E-09 9.0766E-09 9.4843E-09 9.9193E-09 1.0391E-08 1.0888E-08 1.1418E-08 1.1994E-08 1.2604E-08 1.3248E-08 1.3946E-08 1.4686E-08 1.5456E-08 1.6255E-08 1.7086E-08 1.7940E-08 1.8801E-08 1.9658E-08 2.0502E-08 2.1317E-08 2.2081E-08 2.2773E-08 2.3389E-08 2.3919E-08 2.4350E-08 2.4661E-08 2.4847E-08 2.4907E-08 2.4842E-08 2.4653E-08 2.4345E-08 2.3924E-08 2.3399E-08
3.3461E-09 3.4715E-09 3.6021E-09 3.7586E-09 3.9007E-09 4.0569E-09 4.2268E-09 4.3869E-09 4.5809E-09 4.7590E-09 4.9569E-09 5.1676E-09 5.3775E-09 5.6030E-09 5.8248E-09 6.0558E-09 6.3125E-09 6.5652E-09 6.8319E-09 7.1201E-09 7.4196E-09 7.7345E-09 8.0731E-09 8.4253E-09 8.8027E-09 9.2063E-09 9.6313E-09 1.0092E-08 1.0586E-08 1.1110E-08 1.1681E-08 1.2295E-08 1.2944E-08 1.3652E-08 1.4412E-08 1.5213E-08 1.6055E-08 1.6940E-08 1.7863E-08 1.8809E-08 1.9767E-08 2.0731E-08 2.1684E-08 2.2605E-08 2.3473E-08 2.4257E-08 2.4945E-08 2.5542E-08 2.6026E-08 2.6384E-08 2.6602E-08 2.6674E-08 2.6602E-08 2.6390E-08 2.6044E-08 2.5572E-08 2.4979E-08
