Assets/Resources/2015_m01_d19_2300(utc+0800)_l00_csi_1hr_conc.grd
DSAA
         159         159
     -79.000      79.000
     -79.000      79.000
  0.0000E+00  0.1252E-04
[rows 50 to 74 of 159, columns 0 to 56 of 159]
1.3761E-09 1.5019E-09 1.6351E-09 1.7767E-09 1.9272E-09 2.0857E-09 2.2542E-09 2.4324E-09 2.6209E-09 2.8209E-09 3.0343E-09 3.2591E-09 3.4927E-09 3.7341E-09 3.9783E-09 4.2246E-09 4.4744E-09 4.7196E-09 4.9660E-09 5.2106E-09 5.4671E-09 5.7017E-09 5.9278E-09 6.1458E-09 6.3578E-09 6.5631E-09 6.7560E-09 6.9419E-09 7.1139E-09 7.2850E-09 7.4455E-09 7.5930E-09 7.7337E-09 7.8707E-09 7.9998E-09 8.1214E-09 8.2391E-09 8.3498E-09 8.4645E-09 8.5619E-09 8.6630E-09 8.7601E-09 8.8494E-09 8.9363E-09 9.0245E-09 9.1120E-09 9.1970E-09 9.2848E-09 9.3735E-09 9.4600E-09 9.5493E-09 9.6422E-09 9.7324E-09 9.8237E-09 9.9204E-09 1.0017E-08 1.0112E-08
1.3077E-09 1.4281E-09 1.5555E-09 1.6913E-09 1.8350E-09 1.9877E-09 2.1485E-09 2.3191E-09 2.4999E-09 2.6913E-09 2.8968E-09 3.1141E-09 3.3408E-09 3.5769E-09 3.8163E-09 4.0602E-09 4.3056E-09 4.5499E-09 4.7948E-09 5.0375E-09 5.2946E-09 5.5303E-09 5.7582E-09 5.9801E-09 6.1964E-09 6.4040E-09 6.6022E-09 6.7912E-09 6.9710E-09 7.1483E-09 7.3122E-09 7.4680E-09 7.6159E-09 7.7600E-09 7.8966E-09 8.0252E-09 8.1518E-09 8.2704E-09 8.3920E-09 8.4978E-09 8.6109E-09 8.7140E-09 8.8121E-09 8.9085E-09 9.0066E-09 9.1026E-09 9.1974E-09 9.2959E-09 9.3931E-09 9.4894E-09 9.5899E-09 9.6914E-09 9.7914E-09 9.8943E-09 1.0001E-08 1.0106E-08 1.0212E-08
1.2410E-09 1.3549E-09 1.4766E-09 1.6063E-09 1.7437E-09 1.8899E-09 2.0443E-09 2.2070E-09 2.3794E-09 2.5641E-09 2.7599E-09 2.9692E-09 3.1901E-09 3.4186E-09 3.6526E-09 3.8925E-09 4.1340E-09 4.3752E-09 4.6186E-09 4.8597E-09 5.1181E-09 5.3546E-09 5.5826E-09 5.8066E-09 6.0269E-09 6.2387E-09 6.4407E-09 6.6326E-09 6.8202E-09 7.0028E-09 7.1701E-09 7.3324E-09 7.4883E-09 7.6402E-09 7.7845E-09 7.9205E-09 8.0551E-09 8.1820E-09 8.3104E-09 8.4246E-09 8.5469E-09 8.6589E-09 8.7658E-09 8.8723E-09 8.9798E-09 9.0844E-09 9.1898E-09 9.2980E-09 9.4038E-09 9.5106E-09 9.6215E-09 9.7314E-09 9.8411E-09 9.9556E-09 1.0071E-08 1.0186E-08 1.0304E-08
1.1742E-09 1.2825E-09 1.3999E-09 1.5225E-09 1.6538E-09 1.7930E-09 1.9406E-09 2.0967E-09 2.2605E-09 2.4367E-09 2.6251E-09 2.8253E-09 3.0381E-09 3.2609E-09 3.4896E-09 3.7244E-09 3.9604E-09 4.1996E-09 4.4403E-09 4.6779E-09 4.9359E-09 5.1724E-09 5.4028E-09 5.6288E-09 5.8509E-09 6.0648E-09 6.2720E-09 6.4665E-09 6.6599E-09 6.8472E-09 7.0215E-09 7.1899E-09 7.3518E-09 7.5129E-09 7.6632E-09 7.8067E-09 7.9486E-09 8.0827E-09 8.2195E-09 8.3421E-09 8.4734E-09 8.5943E-09 8.7101E-09 8.8266E-09 8.9431E-09 9.0567E-09 9.1726E-09 9.2896E-09 9.4047E-09 9.5223E-09 9.6427E-09 9.7613E-09 9.8817E-09 1.0007E-08 1.0130E-08 1.0254E-08 1.0385E-08
1.1089E-09 1.2126E-09 1.3233E-09 1.4405E-09 1.5650E-09 1.6977E-09 1.8382E-09 1.9870E-09 2.1443E-09 2.3109E-09 2.4911E-09 2.6823E-09 2.8870E-09 3.1026E-09 3.3249E-09 3.5543E-09 3.7857E-09 4.0207E-09 4.2583E-09 4.4948E-09 4.7514E-09 4.9859E-09 5.2168E-09 5.4446E-09 5.6690E-09 5.8863E-09 6.0951E-09 6.2952E-09 6.4937E-09 6.6836E-09 6.8648E-09 7.0388E-09 7.2064E-09 7.3743E-09 7.5311E-09 7.6834E-09 7.8341E-09 7.9739E-09 8.1191E-09 8.2531E-09 8.3901E-09 8.5198E-09 8.6446E-09 8.7709E-09 8.8960E-09 9.0189E-09 9.1449E-09 9.2705E-09 9.3949E-09 9.5233E-09 9.6521E-09 9.7800E-09 9.9113E-09 1.0045E-08 1.0177E-08 1.0312E-08 1.0455E-08
1.0452E-09 1.1428E-09 1.2480E-09 1.3594E-09 1.4789E-09 1.6042E-09 1.7376E-09 1.8795E-09 2.0290E-09 2.1875E-09 2.3587E-09 2.5424E-09 2.7375E-09 2.9450E-09 3.1622E-09 3.3845E-09 3.6115E-09 3.8422E-09 4.0749E-09 4.3078E-09 4.5624E-09 4.7961E-09 5.0278E-09 5.2569E-09 5.4832E-09 5.7019E-09 5.9119E-09 6.1155E-09 6.3188E-09 6.5123E-09 6.6985E-09 6.8780E-09 7.0523E-09 7.2282E-09 7.3897E-09 7.5504E-09 7.7080E-09 7.8554E-09 8.0087E-09 8.1510E-09 8.2967E-09 8.4350E-09 8.5688E-09 8.7045E-09 8.8380E-09 8.9706E-09 9.1061E-09 9.2400E-09 9.3742E-09 9.5126E-09 9.6497E-09 9.7867E-09 9.9286E-09 1.0070E-08 1.0211E-08 1.0358E-08 1.0508E-08
9.8310E-10 1.0752E-09 1.1747E-09 1.2800E-09 1.3941E-09 1.5125E-09 1.6395E-09 1.7739E-09 1.9161E-09 2.0673E-09 2.2285E-09 2.4036E-09 2.5910E-09 2.7894E-09 2.9995E-09 3.2161E-09 3.4363E-09 3.6621E-09 3.8902E-09 4.1206E-09 4.3728E-09 4.6029E-09 4.8339E-09 5.0638E-09 5.2909E-09 5.5107E-09 5.7229E-09 5.9314E-09 6.1386E-09 6.3358E-09 6.5264E-09 6.7093E-09 6.8898E-09 7.0715E-09 7.2392E-09 7.4080E-09 7.5739E-09 7.7270E-09 7.8883E-09 8.0387E-09 8.1928E-09 8.3395E-09 8.4822E-09 8.6268E-09 8.7686E-09 8.9108E-09 9.0553E-09 9.1976E-09 9.3417E-09 9.4893E-09 9.6344E-09 9.7811E-09 9.9322E-09 1.0081E-08 1.0231E-08 1.0389E-08 1.0545E-08
9.2297E-10 1.0096E-09 1.1030E-09 1.2026E-09 1.3106E-09 1.4231E-09 1.5444E-09 1.6708E-09 1.8058E-09 1.9487E-09 2.1018E-09 2.2675E-09 2.4463E-09 2.6361E-09 2.8384E-09 3.0479E-09 3.2620E-09 3.4823E-09 3.7052E-09 3.9314E-09 4.1803E-09 4.4091E-09 4.6388E-09 4.8670E-09 5.0943E-09 5.3149E-09 5.5288E-09 5.7398E-09 5.9506E-09 6.1507E-09 6.3455E-09 6.5330E-09 6.7212E-09 6.9079E-09 7.0799E-09 7.2561E-09 7.4283E-09 7.5886E-09 7.7576E-09 7.9158E-09 8.0780E-09 8.2329E-09 8.3842E-09 8.5374E-09 8.6874E-09 8.8388E-09 8.9918E-09 9.1425E-09 9.2962E-09 9.4520E-09 9.6054E-09 9.7615E-09 9.9210E-09 1.0078E-08 1.0237E-08 1.0404E-08 1.0566E-08
8.6444E-10 9.4517E-10 1.0338E-09 1.1278E-09 1.2295E-09 1.3366E-09 1.4508E-09 1.5707E-09 1.6981E-09 1.8336E-09 1.9789E-09 2.1348E-09 2.3047E-09 2.4866E-09 2.6797E-09 2.8818E-09 3.0903E-09 3.3037E-09 3.5222E-09 3.7420E-09 3.9872E-09 4.2130E-09 4.4400E-09 4.6674E-09 4.8960E-09 5.1168E-09 5.3319E-09 5.5448E-09 5.7566E-09 5.9594E-09 6.1579E-09 6.3495E-09 6.5429E-09 6.7345E-09 6.9119E-09 7.0968E-09 7.2731E-09 7.4402E-09 7.6166E-09 7.7823E-09 7.9524E-09 8.1149E-09 8.2745E-09 8.4358E-09 8.5939E-09 8.7542E-09 8.9152E-09 9.0741E-09 9.2368E-09 9.4003E-09 9.5618E-09 9.7269E-09 9.8936E-09 1.0058E-08 1.0227E-08 1.0401E-08 1.0570E-08
8.0749E-10 8.8370E-10 9.6706E-10 1.0545E-09 1.1511E-09 1.2518E-09 1.3601E-09 1.4732E-09 1.5936E-09 1.7218E-09 1.8585E-09 2.0059E-09 2.1663E-09 2.3393E-09 2.5238E-09 2.7181E-09 2.9198E-09 3.1267E-09 3.3389E-09 3.5547E-09 3.7942E-09 4.0160E-09 4.2399E-09 4.4661E-09 4.6930E-09 4.9138E-09 5.1294E-09 5.3436E-09 5.5575E-09 5.7643E-09 5.9657E-09 6.1593E-09 6.3572E-09 6.5531E-09 6.7357E-09 6.9267E-09 7.1086E-09 7.2821E-09 7.4684E-09 7.6381E-09 7.8155E-09 7.9855E-09 8.1529E-09 8.3219E-09 8.4877E-09 8.6564E-09 8.8249E-09 8.9919E-09 9.1629E-09 9.3336E-09 9.5031E-09 9.6765E-09 9.8500E-09 1.0022E-08 1.0200E-08 1.0379E-08 1.0555E-08
7.5288E-10 8.2404E-10 9.0272E-10 9.8459E-10 1.0749E-09 1.1698E-09 1.2727E-09 1.3788E-09 1.4924E-09 1.6133E-09 1.7420E-09 1.8805E-09 2.0317E-09 2.1959E-09 2.3714E-09 2.5579E-09 2.7520E-09 2.9531E-09 3.1577E-09 3.3677E-09 3.6019E-09 3.8205E-09 4.0398E-09 4.2648E-09 4.4882E-09 4.7083E-09 4.9237E-09 5.1386E-09 5.3537E-09 5.5623E-09 5.7662E-09 5.9627E-09 6.1662E-09 6.3643E-09 6.5515E-09 6.7479E-09 6.9350E-09 7.1144E-09 7.3070E-09 7.4832E-09 7.6674E-09 7.8445E-09 8.0192E-09 8.1954E-09 8.3684E-09 8.5450E-09 8.7205E-09 8.8951E-09 9.0740E-09 9.2515E-09 9.4287E-09 9.6097E-09 9.7893E-09 9.9687E-09 1.0155E-08 1.0338E-08 1.0520E-08
6.9892E-10 7.6668E-10 8.4084E-10 9.1750E-10 1.0016E-09 1.0906E-09 1.1875E-09 1.2877E-09 1.3948E-09 1.5085E-09 1.6294E-09 1.7591E-09 1.9018E-09 2.0564E-09 2.2243E-09 2.4014E-09 2.5874E-09 2.7815E-09 2.9792E-09 3.1826E-09 3.4111E-09 3.6249E-09 3.8409E-09 4.0615E-09 4.2839E-09 4.5007E-09 4.7172E-09 4.9304E-09 5.1461E-09 5.3559E-09 5.5616E-09 5.7604E-09 5.9671E-09 6.1686E-09 6.3597E-09 6.5606E-09 6.7527E-09 6.9373E-09 7.1357E-09 7.3178E-09 7.5083E-09 7.6918E-09 7.8732E-09 8.0562E-09 8.2358E-09 8.4198E-09 8.6018E-09 8.7835E-09 8.9696E-09 9.1536E-09 9.3378E-09 9.5257E-09 9.7110E-09 9.8975E-09 1.0090E-08 1.0278E-08 1.0466E-08
6.4705E-10 7.1197E-10 7.7932E-10 8.5313E-10 9.3159E-10 1.0147E-09 1.1054E-09 1.1998E-09 1.3006E-09 1.4075E-09 1.5197E-09 1.6423E-09 1.7760E-09 1.9217E-09 2.0808E-09 2.2489E-09 2.4267E-09 2.6135E-09 2.8038E-09 3.0003E-09 3.2228E-09 3.4307E-09 3.6418E-09 3.8588E-09 4.0778E-09 4.2922E-09 4.5074E-09 4.7198E-09 4.9373E-09 5.1457E-09 5.3526E-09 5.5531E-09 5.7621E-09 5.9664E-09 6.1609E-09 6.3655E-09 6.5620E-09 6.7513E-09 6.9546E-09 7.1421E-09 7.3383E-09 7.5277E-09 7.7152E-09 7.9042E-09 8.0900E-09 8.2806E-09 8.4687E-09 8.6569E-09 8.8495E-09 9.0394E-09 9.2299E-09 9.4239E-09 9.6145E-09 9.8076E-09 1.0005E-08 1.0198E-08 1.0392E-08
5.9742E-10 6.5866E-10 7.2222E-10 7.9154E-10 8.6302E-10 9.4202E-10 1.0257E-09 1.1152E-09 1.2101E-09 1.3107E-09 1.4156E-09 1.5300E-09 1.6553E-09 1.7919E-09 1.9417E-09 2.1008E-09 2.2706E-09 2.4495E-09 2.6322E-09 2.8217E-09 3.0373E-09 3.2390E-09 3.4447E-09 3.6570E-09 3.8719E-09 4.0834E-09 4.2965E-09 4.5092E-09 4.7242E-09 4.9342E-09 5.1399E-09 5.3414E-09 5.5518E-09 5.7584E-09 5.9555E-09 6.1628E-09 6.3633E-09 6.5566E-09 6.7643E-09 6.9565E-09 7.1576E-09 7.3523E-09 7.5452E-09 7.7398E-09 7.9311E-09 8.1274E-09 8.3211E-09 8.5150E-09 8.7134E-09 8.9087E-09 9.1049E-09 9.3042E-09 9.4996E-09 9.6984E-09 9.9008E-09 1.0098E-08 1.0296E-08
5.4900E-10 6.0695E-10 6.6766E-10 7.3171E-10 7.9933E-10 8.7256E-10 9.4909E-10 1.0342E-09 1.1221E-09 1.2176E-09 1.3158E-09 1.4227E-09 1.5393E-09 1.6671E-09 1.8065E-09 1.9576E-09 2.1192E-09 2.2899E-09 2.4649E-09 2.6469E-09 2.8553E-09 3.0506E-09 3.2502E-09 3.4570E-09 3.6676E-09 3.8751E-09 4.0854E-09 4.2959E-09 4.5095E-09 4.7188E-09 4.9242E-09 5.1260E-09 5.3369E-09 5.5452E-09 5.7442E-09 5.9552E-09 6.1572E-09 6.3539E-09 6.5651E-09 6.7614E-09 6.9667E-09 7.1659E-09 7.3635E-09 7.5630E-09 7.7593E-09 7.9606E-09 8.1592E-09 8.3580E-09 8.5614E-09 8.7614E-09 8.9626E-09 9.1666E-09 9.3662E-09 9.5700E-09 9.7761E-09 9.9765E-09 1.0179E-08
5.0106E-10 5.5794E-10 6.1410E-10 6.7477E-10 7.3830E-10 8.0686E-10 8.7781E-10 9.5681E-10 1.0387E-09 1.1287E-09 1.2204E-09 1.3199E-09 1.4283E-09 1.5475E-09 1.6779E-09 1.8200E-09 1.9730E-09 2.1354E-09 2.3026E-09 2.4766E-09 2.6792E-09 2.8657E-09 3.0588E-09 3.2598E-09 3.4651E-09 3.6684E-09 3.8749E-09 4.0825E-09 4.2941E-09 4.5019E-09 4.7063E-09 4.9078E-09 5.1183E-09 5.3274E-09 5.5278E-09 5.7397E-09 5.9445E-09 6.1436E-09 6.3577E-09 6.5572E-09 6.7660E-09 6.9689E-09 7.1706E-09 7.3742E-09 7.5749E-09 7.7804E-09 7.9832E-09 8.1862E-09 8.3937E-09 8.5978E-09 8.8031E-09 9.0110E-09 9.2144E-09 9.4221E-09 9.6313E-09 9.8346E-09 1.0041E-08
4.5573E-10 5.0753E-10 5.6271E-10 6.1988E-10 6.8036E-10 7.4286E-10 8.1032E-10 8.8219E-10 9.5910E-10 1.0421E-09 1.1294E-09 1.2218E-09 1.3225E-09 1.4333E-09 1.5548E-09 1.6883E-09 1.8324E-09 1.9852E-09 2.1453E-09 2.3114E-09 2.5048E-09 2.6854E-09 2.8712E-09 3.0657E-09 3.2656E-09 3.4638E-09 3.6660E-09 3.8703E-09 4.0785E-09 4.2844E-09 4.4871E-09 4.6874E-09 4.8967E-09 5.1060E-09 5.3070E-09 5.5188E-09 5.7256E-09 5.9266E-09 6.1427E-09 6.3446E-09 6.5562E-09 6.7621E-09 6.9668E-09 7.1739E-09 7.3781E-09 7.5871E-09 7.7936E-09 8.0000E-09 8.2108E-09 8.4181E-09 8.6268E-09 8.8378E-09 9.0441E-09 9.2551E-09 9.4666E-09 9.6722E-09 9.8807E-09
4.1258E-10 4.5972E-10 5.1158E-10 5.6830E-10 6.2348E-10 6.8337E-10 7.4607E-10 8.1228E-10 8.8348E-10 9.6072E-10 1.0423E-09 1.1288E-09 1.2209E-09 1.3246E-09 1.4377E-09 1.5622E-09 1.6974E-09 1.8418E-09 1.9936E-09 2.1517E-09 2.3371E-09 2.5098E-09 2.6883E-09 2.8759E-09 3.0694E-09 3.2620E-09 3.4595E-09 3.6592E-09 3.8637E-09 4.0671E-09 4.2674E-09 4.4659E-09 4.6730E-09 4.8817E-09 5.0827E-09 5.2917E-09 5.5013E-09 5.7037E-09 5.9209E-09 6.1244E-09 6.3378E-09 6.5459E-09 6.7529E-09 6.9626E-09 7.1697E-09 7.3813E-09 7.5908E-09 7.8000E-09 8.0133E-09 8.2231E-09 8.4341E-09 8.6474E-09 8.8560E-09 9.0693E-09 9.2825E-09 9.4897E-09 9.6999E-09
3.7687E-10 4.1495E-10 4.6308E-10 5.1438E-10 5.6953E-10 6.2708E-10 6.8432E-10 7.4687E-10 8.1142E-10 8.8357E-10 9.5825E-10 1.0404E-09 1.1255E-09 1.2204E-09 1.3263E-09 1.4409E-09 1.5684E-09 1.7043E-09 1.8479E-09 1.9979E-09 2.1750E-09 2.3397E-09 2.5107E-09 2.6905E-09 2.8774E-09 3.0640E-09 3.2559E-09 3.4490E-09 3.6506E-09 3.8490E-09 4.0481E-09 4.2441E-09 4.4482E-09 4.6553E-09 4.8557E-09 5.0627E-09 5.2726E-09 5.4756E-09 5.6930E-09 5.8974E-09 6.1118E-09 6.3212E-09 6.5297E-09 6.7410E-09 6.9502E-09 7.1636E-09 7.3754E-09 7.5866E-09 7.8018E-09 8.0135E-09 8.2260E-09 8.4406E-09 8.6506E-09 8.8652E-09 9.0795E-09 9.2877E-09 9.4987E-09
3.4342E-10 3.7800E-10 4.1664E-10 4.6226E-10 5.1595E-10 5.6907E-10 6.2618E-10 6.8390E-10 7.4478E-10 8.1065E-10 8.8003E-10 9.5524E-10 1.0353E-09 1.1219E-09 1.2206E-09 1.3268E-09 1.4442E-09 1.5731E-09 1.7084E-09 1.8489E-09 2.0189E-09 2.1757E-09 2.3373E-09 2.5103E-09 2.6903E-09 2.8702E-09 3.0561E-09 3.2436E-09 3.4397E-09 3.6344E-09 3.8298E-09 4.0227E-09 4.2231E-09 4.4277E-09 4.6270E-09 4.8310E-09 5.0403E-09 5.2433E-09 5.4601E-09 5.6646E-09 5.8791E-09 6.0889E-09 6.2980E-09 6.5101E-09 6.7207E-09 6.9347E-09 7.1482E-09 7.3606E-09 7.5769E-09 7.7899E-09 8.0032E-09 8.2184E-09 8.4289E-09 8.6438E-09 8.8586E-09 9.0669E-09 9.2777E-09
3.1199E-10 3.4459E-10 3.7889E-10 4.1682E-10 4.6214E-10 5.1454E-10 5.6965E-10 6.2416E-10 6.8139E-10 7.4060E-10 8.0603E-10 8.7435E-10 9.4982E-10 1.0297E-09 1.1196E-09 1.2188E-09 1.3279E-09 1.4484E-09 1.5753E-09 1.7077E-09 1.8692E-09 2.0177E-09 2.1714E-09 2.3359E-09 2.5067E-09 2.6816E-09 2.8608E-09 3.0422E-09 3.2323E-09 3.4225E-09 3.6135E-09 3.8028E-09 3.9986E-09 4.1998E-09 4.3975E-09 4.5979E-09 4.8052E-09 5.0078E-09 5.2201E-09 5.4268E-09 5.6406E-09 5.8501E-09 6.0587E-09 6.2708E-09 6.4819E-09 6.6958E-09 6.9100E-09 7.1229E-09 7.3394E-09 7.5532E-09 7.7667E-09 7.9819E-09 8.1923E-09 8.4064E-09 8.6206E-09 8.8282E-09 9.0381E-09
2.8292E-10 3.1251E-10 3.4385E-10 3.7864E-10 4.1652E-10 4.5948E-10 5.1267E-10 5.6647E-10 6.2079E-10 6.7678E-10 7.3665E-10 7.9900E-10 8.6745E-10 9.4298E-10 1.0256E-09 1.1172E-09 1.2179E-09 1.3288E-09 1.4486E-09 1.5728E-09 1.7261E-09 1.8651E-09 2.0117E-09 2.1676E-09 2.3308E-09 2.4983E-09 2.6689E-09 2.8454E-09 3.0269E-09 3.2139E-09 3.4002E-09 3.5849E-09 3.7741E-09 3.9724E-09 4.1681E-09 4.3643E-09 4.5684E-09 4.7702E-09 4.9802E-09 5.1852E-09 5.3974E-09 5.6057E-09 5.8131E-09 6.0241E-09 6.2351E-09 6.4480E-09 6.6620E-09 6.8746E-09 7.0903E-09 7.3042E-09 7.5172E-09 7.7319E-09 7.9418E-09 8.1542E-09 8.3669E-09 8.5730E-09 8.7808E-09
2.5631E-10 2.8272E-10 3.1126E-10 3.4284E-10 3.7622E-10 4.1447E-10 4.5636E-10 5.0765E-10 5.6237E-10 6.1580E-10 6.7094E-10 7.2871E-10 7.9149E-10 8.6017E-10 9.3728E-10 1.0204E-09 1.1143E-09 1.2167E-09 1.3273E-09 1.4449E-09 1.5886E-09 1.7203E-09 1.8588E-09 2.0060E-09 2.1612E-09 2.3212E-09 2.4843E-09 2.6538E-09 2.8283E-09 3.0095E-09 3.1887E-09 3.3699E-09 3.5538E-09 3.7467E-09 3.9395E-09 4.1315E-09 4.3310E-09 4.5311E-09 4.7384E-09 4.9410E-09 5.1506E-09 5.3569E-09 5.5623E-09 5.7713E-09 5.9813E-09 6.1923E-09 6.4054E-09 6.6169E-09 6.8310E-09 7.0443E-09 7.2560E-09 7.4694E-09 7.6785E-09 7.8885E-09 8.0991E-09 8.3029E-09 8.5077E-09
2.3116E-10 2.5493E-10 2.8183E-10 3.0999E-10 3.3999E-10 3.7387E-10 4.1055E-10 4.5185E-10 5.0149E-10 5.5732E-10 6.0940E-10 6.6278E-10 7.2063E-10 7.8198E-10 8.5405E-10 9.3022E-10 1.0157E-09 1.1112E-09 1.2130E-09 1.3224E-09 1.4592E-09 1.5827E-09 1.7130E-09 1.8497E-09 1.9982E-09 2.1491E-09 2.3061E-09 2.4666E-09 2.6351E-09 2.8082E-09 2.9837E-09 3.1590E-09 3.3373E-09 3.5219E-09 3.7126E-09 3.8988E-09 4.0942E-09 4.2915E-09 4.4959E-09 4.6951E-09 4.9015E-09 5.1050E-09 5.3077E-09 5.5137E-09 5.7218E-09 5.9303E-09 6.1414E-09 6.3512E-09 6.5629E-09 6.7747E-09 6.9844E-09 7.1957E-09 7.4032E-09 7.6104E-09 7.8183E-09 8.0196E-09 8.2206E-09
2.0585E-10 2.2931E-10 2.5370E-10 2.7905E-10 3.0760E-10 3.3728E-10 3.6944E-10 4.0719E-10 4.4566E-10 4.9344E-10 5.4861E-10 6.0131E-10 6.5268E-10 7.1031E-10 7.7307E-10 8.4587E-10 9.2352E-10 1.0107E-09 1.1067E-09 1.2082E-09 1.3368E-09 1.4523E-09 1.5732E-09 1.7023E-09 1.8421E-09 1.9855E-09 2.1346E-09 2.2877E-09 2.4480E-09 2.6142E-09 2.7838E-09 2.9532E-09 3.1252E-09 3.3026E-09 3.4883E-09 3.6707E-09 3.8576E-09 4.0524E-09 4.2537E-09 4.4488E-09 4.6513E-09 4.8512E-09 5.0504E-09 5.2526E-09 5.4579E-09 5.6634E-09 5.8714E-09 6.0790E-09 6.2873E-09 6.4969E-09 6.7039E-09 6.9120E-09 7.1174E-09 7.3211E-09 7.5261E-09 7.7245E-09 7.9213E-09
