Assets/Resources/2015_m01_d23_0700(utc+0800)_l00_csi_1hr_conc.grd
DSAA
         159         159
     -79.000      79.000
     -79.000      79.000
  0.0000E+00  0.1056E-04
[rows 100 to 124 of 159, columns 0 to 56 of 159]
0.0000E+00 0.0000E+00 0.0000E+00 0.0000E+00 0.0000E+00 0.0000E+00 0.0000E+00 0.0000E+00 0.0000E+00 0.0000E+00 0.0000E+00 0.0000E+00 0.0000E+00 0.0000E+00 0.0000E+00 0.0000E+00 0.0000E+00 0.0000E+00 0.0000E+00 0.0000E+00 0.0000E+00 0.0000E+00 9.4968E-13 6.9506E-12 9.9288E-12 1.5121E-11 1.9309E-11 2.8477E-11 3.3433E-11 3.6055E-11 4.5462E-11 5.5188E-11 6.6537E-11 7.2908E-11 8.3756E-11 9.3200E-11 1.0138E-10 1.0991E-10 1.1928E-10 1.2846E-10 1.3890E-10 1.4954E-10 1.6076E-10 1.7298E-10 1.8572E-10 1.9946E-10 2.1400E-10 2.2902E-10 2.4487E-10 2.6158E-10 2.7876E-10 2.9601E-10 3.1398E-10 3.3306E-10 3.5251E-10 3.7307E-10 3.9401E-10
0.0000E+00 0.0000E+00 0.0000E+00 0.0000E+00 0.0000E+00 0.0000E+00 0.0000E+00 0.0000E+00 0.0000E+00 0.0000E+00 0.0000E+00 0.0000E+00 0.0000E+00 0.0000E+00 0.0000E+00 0.0000E+00 0.0000E+00 0.0000E+00 0.0000E+00 0.0000E+00 0.0000E+00 0.0000E+00 0.0000E+00 6.3186E-12 9.2307E-12 1.3231E-11 1.8404E-11 2.6053E-11 3.2627E-11 3.5177E-11 4.4305E-11 4.8873E-11 6.4746E-11 7.0920E-11 8.0160E-11 9.0416E-11 9.8505E-11 1.0677E-10 1.1550E-10 1.2436E-10 1.3447E-10 1.4476E-10 1.5561E-10 1.6744E-10 1.7986E-10 1.9316E-10 2.0721E-10 2.2206E-10 2.3740E-10 2.5357E-10 2.6983E-10 2.8688E-10 3.0426E-10 3.2271E-10 3.4151E-10 3.6139E-10 3.8164E-10
0.0000E+00 0.0000E+00 0.0000E+00 0.0000E+00 0.0000E+00 0.0000E+00 0.0000E+00 0.0000E+00 0.0000E+00 0.0000E+00 0.0000E+00 0.0000E+00 0.0000E+00 0.0000E+00 0.0000E+00 0.0000E+00 0.0000E+00 0.0000E+00 0.0000E+00 0.0000E+00 0.0000E+00 0.0000E+00 0.0000E+00 5.7065E-12 8.1057E-12 1.2033E-11 1.7730E-11 2.4047E-11 3.1837E-11 3.4316E-11 3.9317E-11 4.7602E-11 6.1935E-11 6.8979E-11 7.5488E-11 8.7543E-11 9.5363E-11 1.0371E-10 1.1180E-10 1.2074E-10 1.3053E-10 1.4011E-10 1.5098E-10 1.6243E-10 1.7417E-10 1.8732E-10 2.0062E-10 2.1528E-10 2.3013E-10 2.4577E-10 2.6151E-10 2.7799E-10 2.9479E-10 3.1263E-10 3.3081E-10 3.4966E-10 3.6960E-10
0.0000E+00 0.0000E+00 0.0000E+00 0.0000E+00 0.0000E+00 0.0000E+00 0.0000E+00 0.0000E+00 0.0000E+00 0.0000E+00 0.0000E+00 0.0000E+00 0.0000E+00 0.0000E+00 0.0000E+00 0.0000E+00 0.0000E+00 0.0000E+00 0.0000E+00 0.0000E+00 0.0000E+00 0.0000E+00 0.0000E+00 4.6647E-12 7.4576E-12 1.0860E-11 1.6657E-11 2.2091E-11 3.0873E-11 3.3471E-11 3.6004E-11 4.4459E-11 5.6209E-11 6.5995E-11 7.3257E-11 8.4593E-11 9.2302E-11 1.0072E-10 1.0856E-10 1.1721E-10 1.2633E-10 1.3595E-10 1.4647E-10 1.5718E-10 1.6891E-10 1.8105E-10 1.9449E-10 2.0807E-10 2.2305E-10 2.3819E-10 2.5340E-10 2.6934E-10 2.8558E-10 3.0283E-10 3.2040E-10 3.3862E-10 3.5789E-10
0.0000E+00 0.0000E+00 0.0000E+00 0.0000E+00 0.0000E+00 0.0000E+00 0.0000E+00 0.0000E+00 0.0000E+00 0.0000E+00 0.0000E+00 0.0000E+00 0.0000E+00 0.0000E+00 0.0000E+00 0.0000E+00 0.0000E+00 0.0000E+00 0.0000E+00 0.0000E+00 0.0000E+00 0.0000E+00 0.0000E+00 2.7572E-12 7.2660E-12 1.0152E-11 1.5396E-11 2.0174E-11 2.9750E-11 3.2643E-11 3.5104E-11 4.2767E-11 5.1692E-11 6.2063E-11 6.9121E-11 8.0779E-11 8.9657E-11 9.7475E-11 1.0505E-10 1.1377E-10 1.2259E-10 1.3154E-10 1.4209E-10 1.5244E-10 1.6351E-10 1.7554E-10 1.8824E-10 2.0167E-10 2.1553E-10 2.3047E-10 2.4552E-10 2.6093E-10 2.7663E-10 2.9330E-10 3.1028E-10 3.2789E-10 3.4652E-10
0.0000E+00 0.0000E+00 0.0000E+00 0.0000E+00 0.0000E+00 0.0000E+00 0.0000E+00 0.0000E+00 0.0000E+00 0.0000E+00 0.0000E+00 0.0000E+00 0.0000E+00 0.0000E+00 0.0000E+00 0.0000E+00 0.0000E+00 0.0000E+00 0.0000E+00 0.0000E+00 0.0000E+00 0.0000E+00 0.0000E+00 9.0284E-13 7.0782E-12 9.8884E-12 1.4172E-11 1.9101E-11 2.8279E-11 3.1831E-11 3.4223E-11 4.0918E-11 4.5372E-11 5.8760E-11 6.5958E-11 7.7336E-11 8.6247E-11 9.4649E-11 1.0165E-10 1.1042E-10 1.1861E-10 1.2762E-10 1.3746E-10 1.4746E-10 1.5854E-10 1.6989E-10 1.8217E-10 1.9514E-10 2.0886E-10 2.2299E-10 2.3754E-10 2.5276E-10 2.6793E-10 2.8370E-10 3.0045E-10 3.1746E-10 3.3546E-10
0.0000E+00 0.0000E+00 0.0000E+00 0.0000E+00 0.0000E+00 0.0000E+00 0.0000E+00 0.0000E+00 0.0000E+00 0.0000E+00 0.0000E+00 0.0000E+00 0.0000E+00 0.0000E+00 0.0000E+00 0.0000E+00 0.0000E+00 0.0000E+00 0.0000E+00 0.0000E+00 0.0000E+00 0.0000E+00 0.0000E+00 0.0000E+00 6.0209E-12 8.7754E-12 1.2142E-11 1.7454E-11 2.6455E-11 3.1036E-11 3.3360E-11 3.7737E-11 4.3410E-11 5.4915E-11 6.1647E-11 6.9726E-11 8.1907E-11 9.0538E-11 9.7918E-11 1.0683E-10 1.1474E-10 1.2380E-10 1.3332E-10 1.4263E-10 1.5344E-10 1.6468E-10 1.7656E-10 1.8881E-10 2.0205E-10 2.1604E-10 2.3010E-10 2.4447E-10 2.5948E-10 2.7471E-10 2.9090E-10 3.0733E-10 3.2472E-10
0.0000E+00 0.0000E+00 0.0000E+00 0.0000E+00 0.0000E+00 0.0000E+00 0.0000E+00 0.0000E+00 0.0000E+00 0.0000E+00 0.0000E+00 0.0000E+00 0.0000E+00 0.0000E+00 0.0000E+00 0.0000E+00 0.0000E+00 0.0000E+00 0.0000E+00 0.0000E+00 0.0000E+00 0.0000E+00 0.0000E+00 0.0000E+00 4.9956E-12 7.2669E-12 1.0984E-11 1.6796E-11 2.4297E-11 3.0256E-11 3.2515E-11 3.4883E-11 4.0879E-11 5.0726E-11 5.8211E-11 6.5097E-11 7.7653E-11 8.6145E-11 9.4697E-11 1.0255E-10 1.1098E-10 1.2008E-10 1.2895E-10 1.3793E-10 1.4849E-10 1.5935E-10 1.7082E-10 1.8295E-10 1.9545E-10 2.0895E-10 2.2287E-10 2.3676E-10 2.5126E-10 2.6597E-10 2.8162E-10 2.9714E-10 3.1429E-10
0.0000E+00 0.0000E+00 0.0000E+00 0.0000E+00 0.0000E+00 0.0000E+00 0.0000E+00 0.0000E+00 0.0000E+00 0.0000E+00 0.0000E+00 0.0000E+00 0.0000E+00 0.0000E+00 0.0000E+00 0.0000E+00 0.0000E+00 0.0000E+00 0.0000E+00 0.0000E+00 0.0000E+00 0.0000E+00 0.0000E+00 0.0000E+00 4.4374E-12 7.0743E-12 9.8638E-12 1.5758E-11 2.2024E-11 2.9494E-11 3.1688E-11 3.3988E-11 3.9594E-11 4.6414E-11 5.4031E-11 5.9567E-11 7.2265E-11 8.0503E-11 8.9441E-11 9.7237E-11 1.0648E-10 1.1562E-10 1.2470E-10 1.3373E-10 1.4393E-10 1.5390E-10 1.6525E-10 1.7696E-10 1.8934E-10 2.0208E-10 2.1585E-10 2.2927E-10 2.4328E-10 2.5716E-10 2.7261E-10 2.8760E-10 3.0383E-10
0.0000E+00 0.0000E+00 0.0000E+00 0.0000E+00 0.0000E+00 0.0000E+00 0.0000E+00 0.0000E+00 0.0000E+00 0.0000E+00 0.0000E+00 0.0000E+00 0.0000E+00 0.0000E+00 0.0000E+00 0.0000E+00 0.0000E+00 0.0000E+00 0.0000E+00 0.0000E+00 0.0000E+00 0.0000E+00 0.0000E+00 0.0000E+00 1.7462E-12 6.8860E-12 9.6002E-12 1.4344E-11 1.9053E-11 2.8747E-11 3.0879E-11 3.3113E-11 3.8056E-11 4.1464E-11 5.0980E-11 5.6624E-11 6.7329E-11 7.5912E-11 8.4491E-11 9.2691E-11 1.0166E-10 1.1050E-10 1.1936E-10 1.2964E-10 1.3916E-10 1.4915E-10 1.5984E-10 1.7144E-10 1.8311E-10 1.9572E-10 2.0871E-10 2.2167E-10 2.3554E-10 2.4893E-10 2.6386E-10 2.7799E-10 2.9401E-10
0.0000E+00 0.0000E+00 0.0000E+00 0.0000E+00 0.0000E+00 0.0000E+00 0.0000E+00 0.0000E+00 0.0000E+00 0.0000E+00 0.0000E+00 0.0000E+00 0.0000E+00 0.0000E+00 0.0000E+00 0.0000E+00 0.0000E+00 0.0000E+00 0.0000E+00 0.0000E+00 0.0000E+00 0.0000E+00 0.0000E+00 0.0000E+00 0.0000E+00 6.7019E-12 8.9264E-12 1.2569E-11 1.7819E-11 2.7490E-11 3.0087E-11 3.2257E-11 3.6855E-11 3.9415E-11 4.7385E-11 5.2909E-11 5.9111E-11 7.1038E-11 7.9039E-11 8.6860E-11 9.6077E-11 1.0498E-10 1.1354E-10 1.2435E-10 1.3359E-10 1.4428E-10 1.5461E-10 1.6580E-10 1.7735E-10 1.8955E-10 2.0210E-10 2.1462E-10 2.2802E-10 2.4062E-10 2.5506E-10 2.6901E-10 2.8449E-10
0.0000E+00 0.0000E+00 0.0000E+00 0.0000E+00 0.0000E+00 0.0000E+00 0.0000E+00 0.0000E+00 0.0000E+00 0.0000E+00 0.0000E+00 0.0000E+00 0.0000E+00 0.0000E+00 0.0000E+00 0.0000E+00 0.0000E+00 0.0000E+00 0.0000E+00 0.0000E+00 0.0000E+00 0.0000E+00 0.0000E+00 0.0000E+00 0.0000E+00 5.2705E-12 7.0380E-12 1.1434E-11 1.6429E-11 2.5908E-11 2.9313E-11 3.1421E-11 3.3626E-11 3.8369E-11 4.3813E-11 4.9214E-11 5.4802E-11 6.5800E-11 7.3995E-11 8.1175E-11 9.0313E-11 9.8467E-11 1.0767E-10 1.1831E-10 1.2768E-10 1.3859E-10 1.4850E-10 1.6006E-10 1.7148E-10 1.8326E-10 1.9537E-10 2.0746E-10 2.2041E-10 2.3289E-10 2.4683E-10 2.6031E-10 2.7492E-10
0.0000E+00 0.0000E+00 0.0000E+00 0.0000E+00 0.0000E+00 0.0000E+00 0.0000E+00 0.0000E+00 0.0000E+00 0.0000E+00 0.0000E+00 0.0000E+00 0.0000E+00 0.0000E+00 0.0000E+00 0.0000E+00 0.0000E+00 0.0000E+00 0.0000E+00 0.0000E+00 0.0000E+00 0.0000E+00 0.0000E+00 0.0000E+00 0.0000E+00 4.3049E-12 6.8467E-12 9.5285E-12 1.5411E-11 2.3802E-11 2.8556E-11 3.0603E-11 3.2745E-11 3.6875E-11 4.2169E-11 4.5947E-11 5.1241E-11 6.1231E-11 6.8845E-11 7.5926E-11 8.4883E-11 9.2110E-11 1.0179E-10 1.1068E-10 1.2092E-10 1.3093E-10 1.4205E-10 1.5373E-10 1.6442E-10 1.7716E-10 1.8916E-10 2.0083E-10 2.1334E-10 2.2539E-10 2.3885E-10 2.5186E-10 2.6597E-10
0.0000E+00 0.0000E+00 0.0000E+00 0.0000E+00 0.0000E+00 0.0000E+00 0.0000E+00 0.0000E+00 0.0000E+00 0.0000E+00 0.0000E+00 0.0000E+00 0.0000E+00 0.0000E+00 0.0000E+00 0.0000E+00 0.0000E+00 0.0000E+00 0.0000E+00 0.0000E+00 0.0000E+00 0.0000E+00 0.0000E+00 0.0000E+00 0.0000E+00 2.5245E-12 6.6599E-12 9.2678E-12 1.4419E-11 2.0539E-11 2.7815E-11 2.9804E-11 3.1884E-11 3.5433E-11 3.8301E-11 4.3922E-11 4.7602E-11 5.6366E-11 6.2953E-11 7.0832E-11 7.8093E-11 8.6610E-11 9.5509E-11 1.0456E-10 1.1383E-10 1.2419E-10 1.3552E-10 1.4602E-10 1.5755E-10 1.7012E-10 1.8166E-10 1.9440E-10 2.0648E-10 2.1812E-10 2.3080E-10 2.4367E-10 2.5729E-10
0.0000E+00 0.0000E+00 0.0000E+00 0.0000E+00 0.0000E+00 0.0000E+00 0.0000E+00 0.0000E+00 0.0000E+00 0.0000E+00 0.0000E+00 0.0000E+00 0.0000E+00 0.0000E+00 0.0000E+00 0.0000E+00 0.0000E+00 0.0000E+00 0.0000E+00 0.0000E+00 0.0000E+00 0.0000E+00 0.0000E+00 0.0000E+00 0.0000E+00 0.0000E+00 6.4776E-12 9.0133E-12 1.2107E-11 1.8206E-11 2.7092E-11 2.9023E-11 3.1043E-11 3.4489E-11 3.6792E-11 4.1797E-11 4.4744E-11 5.0013E-11 5.8980E-11 6.6373E-11 7.2882E-11 8.0920E-11 8.9060E-11 9.7598E-11 1.0727E-10 1.1739E-10 1.2694E-10 1.3829E-10 1.5033E-10 1.6166E-10 1.7378E-10 1.8698E-10 1.9829E-10 2.1106E-10 2.2300E-10 2.3574E-10 2.4857E-10
0.0000E+00 0.0000E+00 0.0000E+00 0.0000E+00 0.0000E+00 0.0000E+00 0.0000E+00 0.0000E+00 0.0000E+00 0.0000E+00 0.0000E+00 0.0000E+00 0.0000E+00 0.0000E+00 0.0000E+00 0.0000E+00 0.0000E+00 0.0000E+00 0.0000E+00 0.0000E+00 0.0000E+00 0.0000E+00 0.0000E+00 0.0000E+00 0.0000E+00 0.0000E+00 4.6792E-12 6.7796E-12 1.1395E-11 1.6320E-11 2.6215E-11 2.8261E-11 3.0222E-11 3.2270E-11 3.5337E-11 3.9038E-11 4.3273E-11 4.5989E-11 5.5369E-11 6.1364E-11 6.7652E-11 7.4742E-11 8.2485E-11 9.0527E-11 1.0052E-10 1.0988E-10 1.1960E-10 1.3054E-10 1.4182E-10 1.5317E-10 1.6585E-10 1.7802E-10 1.8972E-10 2.0298E-10 2.1444E-10 2.2805E-10 2.4011E-10
0.0000E+00 0.0000E+00 0.0000E+00 0.0000E+00 0.0000E+00 0.0000E+00 0.0000E+00 0.0000E+00 0.0000E+00 0.0000E+00 0.0000E+00 0.0000E+00 0.0000E+00 0.0000E+00 0.0000E+00 0.0000E+00 0.0000E+00 0.0000E+00 0.0000E+00 0.0000E+00 0.0000E+00 0.0000E+00 0.0000E+00 0.0000E+00 0.0000E+00 0.0000E+00 4.1535E-12 6.5915E-12 9.1577E-12 1.4809E-11 2.4351E-11 2.7516E-11 2.9421E-11 3.1409E-11 3.4386E-11 3.7051E-11 4.0625E-11 4.3655E-11 5.1199E-11 5.6864E-11 6.3201E-11 7.0037E-11 7.7001E-11 8.4689E-11 9.4318E-11 1.0218E-10 1.1253E-10 1.2234E-10 1.3282E-10 1.4515E-10 1.5654E-10 1.6874E-10 1.8137E-10 1.9272E-10 2.0518E-10 2.1928E-10 2.3056E-10
0.0000E+00 0.0000E+00 0.0000E+00 0.0000E+00 0.0000E+00 0.0000E+00 0.0000E+00 0.0000E+00 0.0000E+00 0.0000E+00 0.0000E+00 0.0000E+00 0.0000E+00 0.0000E+00 0.0000E+00 0.0000E+00 0.0000E+00 0.0000E+00 0.0000E+00 0.0000E+00 0.0000E+00 0.0000E+00 0.0000E+00 0.0000E+00 0.0000E+00 0.0000E+00 3.2347E-12 6.4080E-12 8.9022E-12 1.4029E-11 2.1476E-11 2.6789E-11 2.8638E-11 3.0568E-11 3.3019E-11 3.5618E-11 3.8324E-11 4.1965E-11 4.7195E-11 5.3171E-11 5.8985E-11 6.5898E-11 7.1159E-11 7.9258E-11 8.6877E-11 9.5130E-11 1.0419E-10 1.1451E-10 1.2525E-10 1.3609E-10 1.4698E-10 1.5997E-10 1.7126E-10 1.8354E-10 1.9585E-10 2.0824E-10 2.2091E-10
0.0000E+00 0.0000E+00 0.0000E+00 0.0000E+00 0.0000E+00 0.0000E+00 0.0000E+00 0.0000E+00 0.0000E+00 0.0000E+00 0.0000E+00 0.0000E+00 0.0000E+00 0.0000E+00 0.0000E+00 0.0000E+00 0.0000E+00 0.0000E+00 0.0000E+00 0.0000E+00 0.0000E+00 0.0000E+00 0.0000E+00 0.0000E+00 0.0000E+00 0.0000E+00 0.0000E+00 5.8272E-12 8.2596E-12 1.0841E-11 1.8150E-11 2.6080E-11 2.7875E-11 2.9748E-11 3.1701E-11 3.4192E-11 3.6337E-11 3.9571E-11 4.2713E-11 4.9567E-11 5.5671E-11 6.0294E-11 6.6964E-11 7.4234E-11 8.0198E-11 8.8962E-11 9.6708E-11 1.0692E-10 1.1655E-10 1.2731E-10 1.3963E-10 1.5009E-10 1.6115E-10 1.7434E-10 1.8474E-10 1.9834E-10 2.1119E-10
0.0000E+00 0.0000E+00 0.0000E+00 0.0000E+00 0.0000E+00 0.0000E+00 0.0000E+00 0.0000E+00 0.0000E+00 0.0000E+00 0.0000E+00 0.0000E+00 0.0000E+00 0.0000E+00 0.0000E+00 0.0000E+00 0.0000E+00 0.0000E+00 0.0000E+00 0.0000E+00 0.0000E+00 0.0000E+00 0.0000E+00 0.0000E+00 0.0000E+00 0.0000E+00 0.0000E+00 3.2828E-12 6.0807E-12 1.0127E-11 1.5339E-11 2.5387E-11 2.7130E-11 2.8949E-11 3.0844E-11 3.2817E-11 3.5344E-11 3.7504E-11 4.0789E-11 4.6410E-11 5.2256E-11 5.6723E-11 6.3093E-11 6.9018E-11 7.4777E-11 8.2800E-11 9.1654E-11 9.9877E-11 1.0868E-10 1.1967E-10 1.2958E-10 1.4050E-10 1.5316E-10 1.6481E-10 1.7471E-10 1.8813E-10 1.9928E-10
0.0000E+00 0.0000E+00 0.0000E+00 0.0000E+00 0.0000E+00 0.0000E+00 0.0000E+00 0.0000E+00 0.0000E+00 0.0000E+00 0.0000E+00 0.0000E+00 0.0000E+00 0.0000E+00 0.0000E+00 0.0000E+00 0.0000E+00 0.0000E+00 0.0000E+00 0.0000E+00 0.0000E+00 0.0000E+00 0.0000E+00 0.0000E+00 0.0000E+00 0.0000E+00 0.0000E+00 2.3932E-12 4.6478E-12 6.6150E-12 1.2784E-11 2.3264E-11 2.6403E-11 2.8169E-11 3.0009E-11 3.1923E-11 3.3912E-11 3.5976E-11 3.8645E-11 4.3501E-11 4.8635E-11 5.3148E-11 5.9022E-11 6.3968E-11 7.0651E-11 7.7185E-11 8.5259E-11 9.2790E-11 1.0176E-10 1.1138E-10 1.2079E-10 1.3286E-10 1.4362E-10 1.5384E-10 1.6554E-10 1.7616E-10 1.8852E-10
0.0000E+00 0.0000E+00 0.0000E+00 0.0000E+00 0.0000E+00 0.0000E+00 0.0000E+00 0.0000E+00 0.0000E+00 0.0000E+00 0.0000E+00 0.0000E+00 0.0000E+00 0.0000E+00 0.0000E+00 0.0000E+00 0.0000E+00 0.0000E+00 0.0000E+00 0.0000E+00 0.0000E+00 0.0000E+00 0.0000E+00 0.0000E+00 0.0000E+00 0.0000E+00 0.0000E+00 0.0000E+00 3.6863E-12 6.0049E-12 9.1414E-12 1.9526E-11 2.4364E-11 2.6941E-11 2.9194E-11 3.1053E-11 3.2983E-11 3.4986E-11 3.7060E-11 4.0507E-11 4.4506E-11 5.0052E-11 5.5282E-11 6.0149E-11 6.6478E-11 7.3422E-11 7.8345E-11 8.6116E-11 9.5175E-11 1.0361E-10 1.1405E-10 1.2335E-10 1.3349E-10 1.4502E-10 1.5578E-10 1.6587E-10 1.7865E-10
0.0000E+00 0.0000E+00 0.0000E+00 0.0000E+00 0.0000E+00 0.0000E+00 0.0000E+00 0.0000E+00 0.0000E+00 0.0000E+00 0.0000E+00 0.0000E+00 0.0000E+00 0.0000E+00 0.0000E+00 0.0000E+00 0.0000E+00 0.0000E+00 0.0000E+00 0.0000E+00 0.0000E+00 0.0000E+00 0.0000E+00 0.0000E+00 0.0000E+00 0.0000E+00 0.0000E+00 0.0000E+00 2.3894E-12 4.5947E-12 5.6681E-12 1.3587E-11 2.1133E-11 2.5079E-11 2.7455E-11 3.0204E-11 3.2078E-11 3.4022E-11 3.6035E-11 3.8118E-11 4.2591E-11 4.7016E-11 5.1249E-11 5.6292E-11 6.2297E-11 6.7261E-11 7.4266E-11 8.1549E-11 8.8235E-11 9.6960E-11 1.0583E-10 1.1510E-10 1.2639E-10 1.3473E-10 1.4487E-10 1.5589E-10 1.6645E-10
0.0000E+00 0.0000E+00 0.0000E+00 0.0000E+00 0.0000E+00 0.0000E+00 0.0000E+00 0.0000E+00 0.0000E+00 0.0000E+00 0.0000E+00 0.0000E+00 0.0000E+00 0.0000E+00 0.0000E+00 0.0000E+00 0.0000E+00 0.0000E+00 0.0000E+00 0.0000E+00 0.0000E+00 0.0000E+00 0.0000E+00 0.0000E+00 0.0000E+00 0.0000E+00 0.0000E+00 0.0000E+00 1.5737E-12 2.4897E-12 4.3499E-12 8.6410E-12 1.8840E-11 2.1468E-11 2.5439E-11 2.7867E-11 3.1196E-11 3.3082E-11 3.5036E-11 3.7058E-11 4.0324E-11 4.4253E-11 4.7526E-11 5.2461E-11 5.8524E-11 6.2969E-11 6.9840E-11 7.6000E-11 8.3064E-11 9.0998E-11 9.8793E-11 1.0799E-10 1.1745E-10 1.2603E-10 1.3747E-10 1.4566E-10 1.5649E-10
0.0000E+00 0.0000E+00 0.0000E+00 0.0000E+00 0.0000E+00 0.0000E+00 0.0000E+00 0.0000E+00 0.0000E+00 0.0000E+00 0.0000E+00 0.0000E+00 0.0000E+00 0.0000E+00 0.0000E+00 0.0000E+00 0.0000E+00 0.0000E+00 0.0000E+00 0.0000E+00 0.0000E+00 0.0000E+00 0.0000E+00 0.0000E+00 0.0000E+00 0.0000E+00 0.0000E+00 0.0000E+00 7.6518E-13 1.2106E-12 2.9715E-12 5.6129E-12 1.5979E-11 1.9150E-11 2.2044E-11 2.5364E-11 2.8782E-11 3.1102E-11 3.4064E-11 3.6026E-11 3.8430E-11 4.1782E-11 4.5259E-11 4.9838E-11 5.3583E-11 5.8883E-11 6.5089E-11 7.1652E-11 7.8143E-11 8.5012E-11 9.2798E-11 1.0124E-10 1.0942E-10 1.1861E-10 1.2809E-10 1.3764E-10 1.4851E-10
