Assets/Resources/2015_m01_d27_1400(utc+0800)_l00_csi_1hr_conc.grd
DSAA
         159         159
     -79.000      79.000
     -79.000      79.000
  0.0000E+00  0.1669E-05
[rows 25 to 49 of 159, columns 57 to 113 of 159]
1.5826E-09 2.0197E-09 2.5445E-09 3.1655E-09 3.8952E-09 4.7440E-09 5.7134E-09 6.7958E-09 7.9770E-09 9.2408E-09 1.0550E-08 1.1858E-08 1.3114E-08 1.4265E-08 1.5241E-08 1.5987E-08 1.6450E-08 1.6596E-08 1.6408E-08 1.5883E-08 1.5051E-08 1.3952E-08 1.2647E-08 1.1208E-08 9.7078E-09 8.2140E-09 6.7914E-09 5.4877E-09 4.3287E-09 3.3381E-09 2.5084E-09 1.8345E-09 1.3028E-09 8.8893E-10 5.8564E-10 3.6876E-10 2.2033E-10 1.2047E-10 5.9655E-11 1.9800E-11 0.0000E+00 0.0000E+00 0.0000E+00 0.0000E+00 0.0000E+00 0.0000E+00 0.0000E+00 0.0000E+00 0.0000E+00 0.0000E+00 0.0000E+00 0.0000E+00 0.0000E+00 0.0000E+00 0.0000E+00 0.0000E+00 0.0000E+00
1.3349E-09 1.7300E-09 2.2111E-09 2.7862E-09 3.4712E-09 4.2777E-09 5.2146E-09 6.2738E-09 7.4535E-09 8.7293E-09 1.0072E-08 1.1438E-08 1.2778E-08 1.4028E-08 1.5120E-08 1.5993E-08 1.6586E-08 1.6854E-08 1.6766E-08 1.6325E-08 1.5546E-08 1.4476E-08 1.3173E-08 1.1709E-08 1.0166E-08 8.6204E-09 7.1377E-09 5.7665E-09 4.5485E-09 3.4963E-09 2.6232E-09 1.9191E-09 1.3607E-09 9.2078E-10 6.0237E-10 3.7936E-10 2.2470E-10 1.2197E-10 5.9706E-11 2.0008E-11 0.0000E+00 0.0000E+00 0.0000E+00 0.0000E+00 0.0000E+00 0.0000E+00 0.0000E+00 0.0000E+00 0.0000E+00 0.0000E+00 0.0000E+00 0.0000E+00 0.0000E+00 0.0000E+00 0.0000E+00 0.0000E+00 0.0000E+00
1.1050E-09 1.4558E-09 1.8886E-09 2.4169E-09 3.0521E-09 3.8145E-09 4.7095E-09 5.7395E-09 6.8987E-09 8.1774E-09 9.5430E-09 1.0960E-08 1.2372E-08 1.3718E-08 1.4927E-08 1.5928E-08 1.6652E-08 1.7048E-08 1.7081E-08 1.6735E-08 1.6027E-08 1.4994E-08 1.3698E-08 1.2218E-08 1.0636E-08 9.0353E-09 7.4885E-09 6.0560E-09 4.7724E-09 3.6672E-09 2.7421E-09 1.9955E-09 1.4110E-09 9.5776E-10 6.2371E-10 3.8403E-10 2.3003E-10 1.2311E-10 5.8300E-11 1.8333E-11 0.0000E+00 0.0000E+00 0.0000E+00 0.0000E+00 0.0000E+00 0.0000E+00 0.0000E+00 0.0000E+00 0.0000E+00 0.0000E+00 0.0000E+00 0.0000E+00 0.0000E+00 0.0000E+00 0.0000E+00 0.0000E+00 0.0000E+00
8.9499E-10 1.2030E-09 1.5911E-09 2.0714E-09 2.6540E-09 3.3646E-09 4.2079E-09 5.1971E-09 6.3303E-09 7.5966E-09 8.9770E-09 1.0429E-08 1.1906E-08 1.3342E-08 1.4662E-08 1.5793E-08 1.6659E-08 1.7196E-08 1.7353E-08 1.7115E-08 1.6486E-08 1.5502E-08 1.4225E-08 1.2731E-08 1.1111E-08 9.4570E-09 7.8456E-09 6.3420E-09 4.9958E-09 3.8342E-09 2.8596E-09 2.0779E-09 1.4635E-09 9.8492E-10 6.3907E-10 3.9512E-10 2.3007E-10 1.2167E-10 5.6004E-11 1.6349E-11 0.0000E+00 0.0000E+00 0.0000E+00 0.0000E+00 0.0000E+00 0.0000E+00 0.0000E+00 0.0000E+00 0.0000E+00 0.0000E+00 0.0000E+00 0.0000E+00 0.0000E+00 0.0000E+00 0.0000E+00 0.0000E+00 0.0000E+00
7.0989E-10 9.7687E-10 1.3174E-09 1.7466E-09 2.2820E-09 2.9286E-09 3.7206E-09 4.6617E-09 5.7555E-09 7.0014E-09 8.3767E-09 9.8557E-09 1.1386E-08 1.2901E-08 1.4335E-08 1.5598E-08 1.6606E-08 1.7283E-08 1.7580E-08 1.7465E-08 1.6929E-08 1.6006E-08 1.4755E-08 1.3258E-08 1.1606E-08 9.8971E-09 8.2181E-09 6.6419E-09 5.2227E-09 3.9996E-09 2.9819E-09 2.1589E-09 1.5103E-09 1.0139E-09 6.5636E-10 4.0033E-10 2.3068E-10 1.1863E-10 5.3674E-11 1.3597E-11 0.0000E+00 0.0000E+00 0.0000E+00 0.0000E+00 0.0000E+00 0.0000E+00 0.0000E+00 0.0000E+00 0.0000E+00 0.0000E+00 0.0000E+00 0.0000E+00 0.0000E+00 0.0000E+00 0.0000E+00 0.0000E+00 0.0000E+00
5.5045E-10 7.7574E-10 1.0721E-09 1.4521E-09 1.9317E-09 2.5218E-09 3.2507E-09 4.1364E-09 5.1835E-09 6.3929E-09 7.7586E-09 9.2502E-09 1.0818E-08 1.2413E-08 1.3948E-08 1.5335E-08 1.6490E-08 1.7328E-08 1.7776E-08 1.7786E-08 1.7357E-08 1.6506E-08 1.5291E-08 1.3791E-08 1.2107E-08 1.0344E-08 8.5988E-09 6.9508E-09 5.4639E-09 4.1756E-09 3.0973E-09 2.2357E-09 1.5646E-09 1.0377E-09 6.6065E-10 4.0324E-10 2.3265E-10 1.1810E-10 4.9952E-11 1.1503E-11 0.0000E+00 0.0000E+00 0.0000E+00 0.0000E+00 0.0000E+00 0.0000E+00 0.0000E+00 0.0000E+00 0.0000E+00 0.0000E+00 0.0000E+00 0.0000E+00 0.0000E+00 0.0000E+00 0.0000E+00 0.0000E+00 0.0000E+00
4.2053E-10 6.0398E-10 8.5574E-10 1.1851E-09 1.6118E-09 2.1434E-09 2.8070E-09 3.6293E-09 4.6183E-09 5.7898E-09 7.1274E-09 8.6144E-09 1.0220E-08 1.1873E-08 1.3501E-08 1.5020E-08 1.6326E-08 1.7321E-08 1.7926E-08 1.8086E-08 1.7776E-08 1.7010E-08 1.5839E-08 1.4347E-08 1.2635E-08 1.0816E-08 8.9963E-09 7.2712E-09 5.7072E-09 4.3542E-09 3.2218E-09 2.3100E-09 1.6045E-09 1.0642E-09 6.7462E-10 4.0530E-10 2.3155E-10 1.1640E-10 4.5838E-11 1.0004E-11 0.0000E+00 0.0000E+00 0.0000E+00 0.0000E+00 0.0000E+00 0.0000E+00 0.0000E+00 0.0000E+00 0.0000E+00 0.0000E+00 0.0000E+00 0.0000E+00 0.0000E+00 0.0000E+00 0.0000E+00 0.0000E+00 0.0000E+00
3.0305E-10 4.6141E-10 6.7215E-10 9.5463E-10 1.3250E-09 1.7947E-09 2.3971E-09 3.1483E-09 4.0716E-09 5.1870E-09 6.4866E-09 7.9715E-09 9.5842E-09 1.1288E-08 1.3014E-08 1.4652E-08 1.6105E-08 1.7272E-08 1.8056E-08 1.8376E-08 1.8199E-08 1.7530E-08 1.6411E-08 1.4926E-08 1.3185E-08 1.1310E-08 9.4169E-09 7.6078E-09 5.9652E-09 4.5332E-09 3.3422E-09 2.3876E-09 1.6524E-09 1.0842E-09 6.8513E-10 4.1025E-10 2.3290E-10 1.1648E-10 4.5973E-11 8.0802E-12 0.0000E+00 0.0000E+00 0.0000E+00 0.0000E+00 0.0000E+00 0.0000E+00 0.0000E+00 0.0000E+00 0.0000E+00 0.0000E+00 0.0000E+00 0.0000E+00 0.0000E+00 0.0000E+00 0.0000E+00 0.0000E+00 0.0000E+00
1.6568E-10 3.3028E-10 5.1082E-10 7.5289E-10 1.0738E-09 1.4842E-09 2.0176E-09 2.7001E-09 3.5610E-09 4.6071E-09 5.8631E-09 7.3094E-09 8.9280E-09 1.0680E-08 1.2475E-08 1.4233E-08 1.5845E-08 1.7185E-08 1.8143E-08 1.8637E-08 1.8608E-08 1.8046E-08 1.6989E-08 1.5524E-08 1.3757E-08 1.1822E-08 9.8489E-09 7.9554E-09 6.2269E-09 4.7230E-09 3.4730E-09 2.4739E-09 1.7012E-09 1.1084E-09 7.0066E-10 4.1623E-10 2.3138E-10 1.1505E-10 4.5005E-11 7.0840E-12 0.0000E+00 0.0000E+00 0.0000E+00 0.0000E+00 0.0000E+00 0.0000E+00 0.0000E+00 0.0000E+00 0.0000E+00 0.0000E+00 0.0000E+00 0.0000E+00 0.0000E+00 0.0000E+00 0.0000E+00 0.0000E+00 0.0000E+00
3.3387E-11 1.7960E-10 3.6341E-10 5.6832E-10 8.4817E-10 1.2065E-09 1.6777E-09 2.2856E-09 3.0707E-09 4.0502E-09 5.2433E-09 6.6506E-09 8.2623E-09 1.0028E-08 1.1898E-08 1.3770E-08 1.5527E-08 1.7044E-08 1.8200E-08 1.8881E-08 1.9018E-08 1.8582E-08 1.7603E-08 1.6156E-08 1.4366E-08 1.2369E-08 1.0315E-08 8.3263E-09 6.5124E-09 4.9303E-09 3.6110E-09 2.5564E-09 1.7554E-09 1.1413E-09 7.1068E-10 4.2276E-10 2.3562E-10 1.1512E-10 4.2544E-11 5.8019E-12 0.0000E+00 0.0000E+00 0.0000E+00 0.0000E+00 0.0000E+00 0.0000E+00 0.0000E+00 0.0000E+00 0.0000E+00 0.0000E+00 0.0000E+00 0.0000E+00 0.0000E+00 0.0000E+00 0.0000E+00 0.0000E+00 0.0000E+00
1.0259E-12 3.8521E-11 2.3498E-10 4.0688E-10 6.4315E-10 9.5051E-10 1.3590E-09 1.9010E-09 2.6053E-09 3.5161E-09 4.6365E-09 5.9943E-09 7.5725E-09 9.3572E-09 1.1280E-08 1.3249E-08 1.5155E-08 1.6860E-08 1.8217E-08 1.9097E-08 1.9409E-08 1.9107E-08 1.8212E-08 1.6797E-08 1.4984E-08 1.2930E-08 1.0790E-08 8.7113E-09 6.8024E-09 5.1408E-09 3.7614E-09 2.6575E-09 1.8100E-09 1.1699E-09 7.3290E-10 4.2813E-10 2.3446E-10 1.1338E-10 4.1711E-11 4.2237E-12 0.0000E+00 0.0000E+00 0.0000E+00 0.0000E+00 0.0000E+00 0.0000E+00 0.0000E+00 0.0000E+00 0.0000E+00 0.0000E+00 0.0000E+00 0.0000E+00 0.0000E+00 0.0000E+00 0.0000E+00 0.0000E+00 0.0000E+00
0.0000E+00 0.0000E+00 6.8099E-11 2.7030E-10 4.6866E-10 7.2751E-10 1.0758E-09 1.5470E-09 2.1767E-09 2.9983E-09 4.0465E-09 5.3338E-09 6.8807E-09 8.6577E-09 1.0617E-08 1.2685E-08 1.4737E-08 1.6619E-08 1.8179E-08 1.9267E-08 1.9772E-08 1.9625E-08 1.8826E-08 1.7450E-08 1.5623E-08 1.3512E-08 1.1289E-08 9.1128E-09 7.1126E-09 5.3650E-09 3.9110E-09 2.7553E-09 1.8679E-09 1.2035E-09 7.4133E-10 4.3429E-10 2.3578E-10 1.1153E-10 3.8280E-11 2.8761E-12 0.0000E+00 0.0000E+00 0.0000E+00 0.0000E+00 0.0000E+00 0.0000E+00 0.0000E+00 0.0000E+00 0.0000E+00 0.0000E+00 0.0000E+00 0.0000E+00 0.0000E+00 0.0000E+00 0.0000E+00 0.0000E+00 0.0000E+00
0.0000E+00 0.0000E+00 0.0000E+00 1.3667E-10 3.2382E-10 5.3891E-10 8.3034E-10 1.2340E-09 1.7906E-09 2.5247E-09 3.4879E-09 4.7030E-09 6.1938E-09 7.9481E-09 9.9378E-09 1.2080E-08 1.4253E-08 1.6310E-08 1.8080E-08 1.9386E-08 2.0085E-08 2.0095E-08 1.9403E-08 1.8076E-08 1.6247E-08 1.4088E-08 1.1788E-08 9.5244E-09 7.4293E-09 5.5945E-09 4.0734E-09 2.8572E-09 1.9244E-09 1.2306E-09 7.5772E-10 4.3527E-10 2.3322E-10 1.1066E-10 3.8724E-11 4.4669E-12 0.0000E+00 0.0000E+00 0.0000E+00 0.0000E+00 0.0000E+00 0.0000E+00 0.0000E+00 0.0000E+00 0.0000E+00 0.0000E+00 0.0000E+00 0.0000E+00 0.0000E+00 0.0000E+00 0.0000E+00 0.0000E+00 0.0000E+00
0.0000E+00 0.0000E+00 0.0000E+00 0.0000E+00 2.0345E-10 3.8359E-10 6.2845E-10 9.6874E-10 1.4465E-09 2.1027E-09 2.9733E-09 4.1063E-09 5.5247E-09 7.2460E-09 9.2352E-09 1.1423E-08 1.3708E-08 1.5926E-08 1.7885E-08 1.9398E-08 2.0302E-08 2.0488E-08 1.9927E-08 1.8676E-08 1.6864E-08 1.4673E-08 1.2304E-08 9.9478E-09 7.7570E-09 5.8351E-09 4.2272E-09 2.9552E-09 1.9797E-09 1.2563E-09 7.6822E-10 4.4149E-10 2.3630E-10 1.1218E-10 4.0124E-11 6.2545E-12 0.0000E+00 0.0000E+00 0.0000E+00 0.0000E+00 0.0000E+00 0.0000E+00 0.0000E+00 0.0000E+00 0.0000E+00 0.0000E+00 0.0000E+00 0.0000E+00 0.0000E+00 0.0000E+00 0.0000E+00 0.0000E+00 0.0000E+00
0.0000E+00 0.0000E+00 0.0000E+00 0.0000E+00 2.9714E-11 2.4524E-10 4.5248E-10 7.4366E-10 1.1508E-09 1.7286E-09 2.5095E-09 3.5479E-09 4.8859E-09 6.5427E-09 8.5053E-09 1.0724E-08 1.3086E-08 1.5434E-08 1.7573E-08 1.9300E-08 2.0424E-08 2.0806E-08 2.0394E-08 1.9241E-08 1.7465E-08 1.5253E-08 1.2822E-08 1.0378E-08 8.0861E-09 6.0672E-09 4.3897E-09 3.0563E-09 2.0381E-09 1.2893E-09 7.8443E-10 4.5188E-10 2.4357E-10 1.1580E-10 3.9086E-11 7.9683E-12 0.0000E+00 0.0000E+00 0.0000E+00 0.0000E+00 0.0000E+00 0.0000E+00 0.0000E+00 0.0000E+00 0.0000E+00 0.0000E+00 0.0000E+00 0.0000E+00 0.0000E+00 0.0000E+00 0.0000E+00 0.0000E+00 0.0000E+00
0.0000E+00 0.0000E+00 0.0000E+00 0.0000E+00 0.0000E+00 1.1168E-10 3.0977E-10 5.5632E-10 8.9732E-10 1.3974E-09 2.0886E-09 3.0274E-09 4.2699E-09 5.8414E-09 7.7549E-09 9.9643E-09 1.2372E-08 1.4832E-08 1.7142E-08 1.9073E-08 2.0418E-08 2.1011E-08 2.0780E-08 1.9755E-08 1.8038E-08 1.5823E-08 1.3334E-08 1.0800E-08 8.4111E-09 6.3090E-09 4.5508E-09 3.1632E-09 2.0962E-09 1.3321E-09 8.1315E-10 4.6568E-10 2.4933E-10 1.2204E-10 4.3273E-11 8.9411E-12 0.0000E+00 0.0000E+00 0.0000E+00 0.0000E+00 0.0000E+00 0.0000E+00 0.0000E+00 0.0000E+00 0.0000E+00 0.0000E+00 0.0000E+00 0.0000E+00 0.0000E+00 0.0000E+00 0.0000E+00 0.0000E+00 0.0000E+00
0.0000E+00 0.0000E+00 0.0000E+00 0.0000E+00 0.0000E+00 0.0000E+00 1.8949E-10 3.8420E-10 6.8201E-10 1.1080E-09 1.7094E-09 2.5453E-09 3.6778E-09 5.1527E-09 6.9860E-09 9.1508E-09 1.1579E-08 1.4124E-08 1.6571E-08 1.8706E-08 2.0294E-08 2.1136E-08 2.1117E-08 2.0233E-08 1.8587E-08 1.6378E-08 1.3841E-08 1.1223E-08 8.7475E-09 6.5542E-09 4.7282E-09 3.2818E-09 2.1839E-09 1.3824E-09 8.4262E-10 4.8750E-10 2.5587E-10 1.2714E-10 4.5738E-11 9.8644E-12 0.0000E+00 0.0000E+00 0.0000E+00 0.0000E+00 0.0000E+00 0.0000E+00 0.0000E+00 0.0000E+00 0.0000E+00 0.0000E+00 0.0000E+00 0.0000E+00 0.0000E+00 0.0000E+00 0.0000E+00 0.0000E+00 0.0000E+00
0.0000E+00 0.0000E+00 0.0000E+00 0.0000E+00 0.0000E+00 0.0000E+00 2.1023E-11 2.5536E-10 4.9848E-10 8.5709E-10 1.3753E-09 2.1088E-09 3.1197E-09 4.4786E-09 6.2041E-09 8.3044E-09 1.0717E-08 1.3306E-08 1.5893E-08 1.8236E-08 2.0063E-08 2.1149E-08 2.1349E-08 2.0624E-08 1.9073E-08 1.6888E-08 1.4322E-08 1.1647E-08 9.0955E-09 6.8276E-09 4.9324E-09 3.4316E-09 2.2784E-09 1.4450E-09 8.7349E-10 5.0602E-10 2.6838E-10 1.2851E-10 4.8105E-11 1.0125E-11 0.0000E+00 0.0000E+00 0.0000E+00 0.0000E+00 0.0000E+00 0.0000E+00 0.0000E+00 0.0000E+00 0.0000E+00 0.0000E+00 0.0000E+00 0.0000E+00 0.0000E+00 0.0000E+00 0.0000E+00 0.0000E+00 0.0000E+00
0.0000E+00 0.0000E+00 0.0000E+00 0.0000E+00 0.0000E+00 0.0000E+00 0.0000E+00 9.6376E-11 3.3857E-10 6.4454E-10 1.0781E-09 1.7059E-09 2.6020E-09 3.8228E-09 5.4263E-09 7.4315E-09 9.7927E-09 1.2418E-08 1.5115E-08 1.7625E-08 1.9678E-08 2.1023E-08 2.1467E-08 2.0937E-08 1.9517E-08 1.7399E-08 1.4832E-08 1.2114E-08 9.4913E-09 7.1446E-09 5.1691E-09 3.5905E-09 2.3759E-09 1.5104E-09 9.0917E-10 5.1981E-10 2.7349E-10 1.2920E-10 4.8097E-11 9.4736E-12 0.0000E+00 0.0000E+00 0.0000E+00 0.0000E+00 0.0000E+00 0.0000E+00 0.0000E+00 0.0000E+00 0.0000E+00 0.0000E+00 0.0000E+00 0.0000E+00 0.0000E+00 0.0000E+00 0.0000E+00 0.0000E+00 0.0000E+00
0.0000E+00 0.0000E+00 0.0000E+00 0.0000E+00 0.0000E+00 0.0000E+00 0.0000E+00 0.0000E+00 1.9915E-10 4.6472E-10 8.1903E-10 1.3506E-09 2.1208E-09 3.2000E-09 4.6735E-09 6.5503E-09 8.8437E-09 1.1454E-08 1.4213E-08 1.6885E-08 1.9173E-08 2.0785E-08 2.1486E-08 2.1191E-08 1.9942E-08 1.7917E-08 1.5384E-08 1.2642E-08 9.9477E-09 7.5064E-09 5.4249E-09 3.7604E-09 2.4841E-09 1.5649E-09 9.3594E-10 5.3043E-10 2.7796E-10 1.3219E-10 4.7572E-11 5.2431E-12 0.0000E+00 0.0000E+00 0.0000E+00 0.0000E+00 0.0000E+00 0.0000E+00 0.0000E+00 0.0000E+00 0.0000E+00 0.0000E+00 0.0000E+00 0.0000E+00 0.0000E+00 0.0000E+00 0.0000E+00 0.0000E+00 0.0000E+00
0.0000E+00 0.0000E+00 0.0000E+00 0.0000E+00 0.0000E+00 0.0000E+00 0.0000E+00 0.0000E+00 2.0267E-11 2.9792E-10 6.0216E-10 1.0408E-09 1.6928E-09 2.6425E-09 3.9505E-09 5.6957E-09 7.8779E-09 1.0440E-08 1.3249E-08 1.6047E-08 1.8545E-08 2.0432E-08 2.1435E-08 2.1421E-08 2.0396E-08 1.8506E-08 1.6020E-08 1.3232E-08 1.0445E-08 7.8794E-09 5.6927E-09 3.9387E-09 2.5880E-09 1.6228E-09 9.6175E-10 5.4266E-10 2.7852E-10 1.3071E-10 4.5487E-11 8.7326E-13 0.0000E+00 0.0000E+00 0.0000E+00 0.0000E+00 0.0000E+00 0.0000E+00 0.0000E+00 0.0000E+00 0.0000E+00 0.0000E+00 0.0000E+00 0.0000E+00 0.0000E+00 0.0000E+00 0.0000E+00 0.0000E+00 0.0000E+00
0.0000E+00 0.0000E+00 0.0000E+00 0.0000E+00 0.0000E+00 0.0000E+00 0.0000E+00 0.0000E+00 7.3468E-12 9.8398E-11 4.2209E-10 7.8265E-10 1.3291E-09 2.1414E-09 3.3021E-09 4.8933E-09 6.9386E-09 9.4280E-09 1.2232E-08 1.5138E-08 1.7852E-08 2.0037E-08 2.1383E-08 2.1697E-08 2.0924E-08 1.9182E-08 1.6723E-08 1.3881E-08 1.0979E-08 8.2889E-09 5.9764E-09 4.1136E-09 2.6874E-09 1.6767E-09 9.8956E-10 5.4968E-10 2.8257E-10 1.2768E-10 4.4104E-11 4.9357E-13 0.0000E+00 0.0000E+00 0.0000E+00 0.0000E+00 0.0000E+00 0.0000E+00 0.0000E+00 0.0000E+00 0.0000E+00 0.0000E+00 0.0000E+00 0.0000E+00 0.0000E+00 0.0000E+00 0.0000E+00 0.0000E+00 0.0000E+00
0.0000E+00 0.0000E+00 0.0000E+00 0.0000E+00 0.0000E+00 0.0000E+00 0.0000E+00 0.0000E+00 0.0000E+00 2.6766E-11 2.5407E-10 5.7118E-10 1.0230E-09 1.7101E-09 2.7230E-09 4.1463E-09 6.0485E-09 8.4278E-09 1.1214E-08 1.4213E-08 1.7133E-08 1.9627E-08 2.1338E-08 2.1991E-08 2.1480E-08 1.9887E-08 1.7467E-08 1.4561E-08 1.1547E-08 8.7152E-09 6.2679E-09 4.3051E-09 2.8078E-09 1.7354E-09 1.0206E-09 5.5731E-10 2.8559E-10 1.2686E-10 3.9994E-11 7.7385E-13 0.0000E+00 0.0000E+00 0.0000E+00 0.0000E+00 0.0000E+00 0.0000E+00 0.0000E+00 0.0000E+00 0.0000E+00 0.0000E+00 0.0000E+00 0.0000E+00 0.0000E+00 0.0000E+00 0.0000E+00 0.0000E+00 0.0000E+00
0.0000E+00 0.0000E+00 0.0000E+00 0.0000E+00 0.0000E+00 0.0000E+00 0.0000E+00 0.0000E+00 0.0000E+00 1.3152E-11 9.9567E-11 3.9412E-10 7.6904E-10 1.3452E-09 2.2138E-09 3.4697E-09 5.1994E-09 7.4471E-09 1.0183E-08 1.3243E-08 1.6362E-08 1.9161E-08 2.1237E-08 2.2251E-08 2.2036E-08 2.0620E-08 1.8246E-08 1.5289E-08 1.2150E-08 9.1745E-09 6.5999E-09 4.5229E-09 2.9365E-09 1.7964E-09 1.0488E-09 5.7467E-10 2.8691E-10 1.2443E-10 3.4290E-11 5.2333E-13 0.0000E+00 0.0000E+00 0.0000E+00 0.0000E+00 0.0000E+00 0.0000E+00 0.0000E+00 0.0000E+00 0.0000E+00 0.0000E+00 0.0000E+00 0.0000E+00 0.0000E+00 0.0000E+00 0.0000E+00 0.0000E+00 0.0000E+00
0.0000E+00 0.0000E+00 0.0000E+00 0.0000E+00 0.0000E+00 0.0000E+00 0.0000E+00 0.0000E+00 0.0000E+00 3.1654E-12 3.9264E-11 2.0167E-10 5.5069E-10 1.0244E-09 1.7446E-09 2.8348E-09 4.3791E-09 6.4804E-09 9.1293E-09 1.2215E-08 1.5491E-08 1.8575E-08 2.1029E-08 2.2435E-08 2.2545E-08 2.1345E-08 1.9059E-08 1.6073E-08 1.2824E-08 9.7061E-09 6.9750E-09 4.7689E-09 3.0762E-09 1.8809E-09 1.0861E-09 5.8731E-10 2.8850E-10 1.2100E-10 3.2992E-11 6.2645E-13 0.0000E+00 0.0000E+00 0.0000E+00 0.0000E+00 0.0000E+00 0.0000E+00 0.0000E+00 0.0000E+00 0.0000E+00 0.0000E+00 0.0000E+00 0.0000E+00 0.0000E+00 0.0000E+00 0.0000E+00 0.0000E+00 0.0000E+00
