Assets/Resources/2015_m01_d15_0200(utc+0800)_l00_csi_1hr_conc.grd
DSAA
         159         159
     -79.000      79.000
     -79.000      79.000
  0.0000E+00  0.8618E-05
[rows 75 to 99 of 159, columns 57 to 113 of 159]
2.3904E-10 2.6623E-10 2.9580E-10 3.3138E-10 3.6821E-10 4.0978E-10 4.5464E-10 5.0190E-10 5.8303E-10 6.4933E-10 7.3418E-10 8.3087E-10 9.3754E-10 1.0383E-09 1.1457E-09 1.2579E-09 1.3825E-09 1.5180E-09 1.6626E-09 1.8287E-09 2.0002E-09 2.1851E-09 2.4094E-09 2.6554E-09 2.9308E-09 3.2156E-09 3.5163E-09 3.8239E-09 4.1390E-09 4.4627E-09 4.7959E-09 6.2071E-09 1.1194E-08 2.4308E-08 8.3602E-08 3.0839E-07 5.0421E-07 5.0638E-07 4.7441E-07 4.6084E-07 4.5506E-07 4.4933E-07 4.3928E-07 4.2397E-07 4.0325E-07 3.7630E-07 3.4281E-07 3.0670E-07 2.7198E-07 2.4158E-07 2.2435E-07 2.1997E-07 2.1588E-07 2.0510E-07 1.8927E-07 1.7190E-07 1.5522E-07
2.1139E-10 2.3946E-10 2.6662E-10 2.9773E-10 3.3081E-10 3.6659E-10 4.0913E-10 4.5258E-10 5.0297E-10 5.6237E-10 6.5017E-10 7.4085E-10 8.3819E-10 9.4610E-10 1.0430E-09 1.1465E-09 1.2644E-09 1.3878E-09 1.5245E-09 1.6772E-09 1.8395E-09 2.0123E-09 2.2212E-09 2.4476E-09 2.7123E-09 2.9805E-09 3.2740E-09 3.5727E-09 3.8804E-09 4.1986E-09 4.5156E-09 2.1859E-08 1.7103E-07 5.4856E-07 1.0852E-06 1.3662E-06 9.8466E-07 6.1434E-07 4.9767E-07 4.4884E-07 4.2631E-07 4.1220E-07 3.9981E-07 3.8588E-07 3.6919E-07 3.4682E-07 3.1882E-07 2.8769E-07 2.5785E-07 2.3276E-07 2.2165E-07 2.2070E-07 2.1721E-07 2.0616E-07 1.9010E-07 1.7269E-07 1.5621E-07
1.6942E-10 2.1362E-10 2.3845E-10 2.6868E-10 2.9777E-10 3.2925E-10 3.6590E-10 4.0850E-10 4.5300E-10 5.0485E-10 5.5736E-10 6.5293E-10 7.4314E-10 8.4631E-10 9.4783E-10 1.0454E-09 1.1522E-09 1.2660E-09 1.3949E-09 1.5346E-09 1.6879E-09 1.8459E-09 2.0425E-09 2.2532E-09 2.5023E-09 2.7573E-09 3.0380E-09 3.3261E-09 3.7439E-08 5.7284E-07 2.0406E-06 3.4043E-06 3.5737E-06 2.7876E-06 1.8571E-06 1.2603E-06 8.0805E-07 5.3054E-07 4.2435E-07 3.7959E-07 3.5904E-07 3.4652E-07 3.3712E-07 3.2883E-07 3.1882E-07 3.0351E-07 2.8288E-07 2.5921E-07 2.3571E-07 2.1740E-07 2.1189E-07 2.1402E-07 2.1160E-07 2.0137E-07 1.8627E-07 1.6981E-07 1.5414E-07
1.3920E-10 1.7827E-10 2.1438E-10 2.4069E-10 2.6771E-10 2.9667E-10 3.2847E-10 3.6522E-10 4.1028E-10 4.5473E-10 5.0236E-10 5.6004E-10 6.5271E-10 7.5106E-10 8.4505E-10 9.5180E-10 1.0478E-09 1.1550E-09 1.2717E-09 1.4033E-09 1.5431E-09 1.6919E-09 1.8708E-09 2.0687E-09 2.2985E-09 1.1542E-07 3.1518E-06 8.6178E-06 8.1996E-06 4.3652E-06 1.8128E-06 6.9926E-07 2.7310E-07 1.2240E-07 8.3381E-08 1.1481E-07 2.1416E-07 2.9194E-07 2.8744E-07 2.7615E-07 2.7110E-07 2.6815E-07 2.6617E-07 2.6540E-07 2.6256E-07 2.5478E-07 2.4200E-07 2.2603E-07 2.0954E-07 1.9732E-07 1.9674E-07 2.0109E-07 2.0019E-07 1.9165E-07 1.7838E-07 1.6360E-07 1.4932E-07
1.1242E-10 1.4316E-10 1.8573E-10 2.1666E-10 2.4196E-10 2.6709E-10 2.9538E-10 3.2686E-10 3.6657E-10 4.1167E-10 4.5280E-10 5.0231E-10 5.7367E-10 6.5010E-10 7.4550E-10 8.4408E-10 9.5124E-10 1.0521E-09 1.1572E-09 1.2804E-09 1.4076E-09 1.5475E-09 1.7092E-09 4.4201E-06 1.6850E-08 2.3447E-09 2.5825E-09 2.8528E-09 3.1254E-09 3.4205E-09 3.7111E-09 4.1368E-09 5.6905E-09 1.0327E-08 2.0056E-08 3.8211E-08 6.8627E-08 1.2217E-07 1.6034E-07 1.7604E-07 1.8584E-07 1.9279E-07 1.9864E-07 2.0422E-07 2.0770E-07 2.0656E-07 2.0063E-07 1.9164E-07 1.8152E-07 1.7490E-07 1.7746E-07 1.8358E-07 1.8441E-07 1.7817E-07 1.6730E-07 1.5467E-07 1.4220E-07
1.0185E-10 1.1542E-10 1.4730E-10 1.9171E-10 2.1688E-10 2.4167E-10 2.6622E-10 2.9386E-10 3.2770E-10 3.6949E-10 4.1174E-10 4.5268E-10 5.0545E-10 5.8162E-10 6.5644E-10 7.3839E-10 8.4318E-10 9.5249E-10 1.0511E-09 1.1639E-09 1.2814E-09 1.4126E-09 1.5577E-09 1.7316E-09 1.9217E-09 2.1429E-09 2.3691E-09 2.6287E-09 2.8890E-09 3.1674E-09 3.4526E-09 3.7830E-09 4.7571E-09 7.5536E-09 1.3059E-08 2.1758E-08 3.5076E-08 5.3248E-08 8.0763E-08 1.0285E-07 1.1886E-07 1.3122E-07 1.4172E-07 1.5171E-07 1.5928E-07 1.6290E-07 1.6241E-07 1.5878E-07 1.5353E-07 1.5125E-07 1.5608E-07 1.6327E-07 1.6578E-07 1.6201E-07 1.5387E-07 1.4377E-07 1.3317E-07
9.2780E-11 1.0152E-10 1.1883E-10 1.5229E-10 1.9399E-10 2.1564E-10 2.3968E-10 2.6513E-10 2.9315E-10 3.3152E-10 3.7072E-10 4.0995E-10 4.5253E-10 5.1511E-10 5.8758E-10 6.6477E-10 7.4476E-10 8.3574E-10 9.5088E-10 1.0559E-09 1.1669E-09 1.2852E-09 1.4193E-09 1.5768E-09 1.7536E-09 1.9558E-09 2.1706E-09 2.4102E-09 2.6616E-09 2.9225E-09 3.2011E-09 3.4942E-09 4.1232E-09 5.8453E-09 9.1527E-09 1.4159E-08 2.1222E-08 3.0753E-08 4.2758E-08 5.9173E-08 7.3986E-08 8.6581E-08 9.8681E-08 1.1013E-07 1.1962E-07 1.2595E-07 1.2908E-07 1.2925E-07 1.2745E-07 1.2830E-07 1.3424E-07 1.4192E-07 1.4585E-07 1.4456E-07 1.3898E-07 1.3127E-07 1.2283E-07
8.4339E-11 9.2797E-11 1.0069E-10 1.2325E-10 1.5856E-10 1.9476E-10 2.1554E-10 2.3752E-10 2.6292E-10 2.9473E-10 3.3312E-10 3.6993E-10 4.1142E-10 4.5923E-10 5.2559E-10 5.9322E-10 6.6567E-10 7.4826E-10 8.3721E-10 9.4520E-10 1.0611E-09 1.1645E-09 1.2908E-09 1.4305E-09 1.5969E-09 1.7766E-09 1.9831E-09 2.2023E-09 2.4440E-09 2.6912E-09 2.9576E-09 3.2275E-09 3.6921E-09 4.7355E-09 6.8449E-09 9.9991E-09 1.4190E-08 1.9867E-08 2.6969E-08 3.5443E-08 4.6479E-08 5.7237E-08 6.8077E-08 7.9031E-08 8.8708E-08 9.6217E-08 1.0114E-07 1.0357E-07 1.0457E-07 1.0691E-07 1.1323E-07 1.2089E-07 1.2611E-07 1.2673E-07 1.2341E-07 1.1809E-07 1.1167E-07
7.6499E-11 8.4661E-11 9.2152E-11 1.0044E-10 1.2878E-10 1.6594E-10 1.9495E-10 2.1524E-10 2.3703E-10 2.6417E-10 2.9667E-10 3.3363E-10 3.7053E-10 4.1340E-10 4.6507E-10 5.2822E-10 6.0079E-10 6.6845E-10 7.4867E-10 8.4426E-10 9.3980E-10 1.0559E-09 1.1697E-09 1.2996E-09 1.4489E-09 1.6168E-09 1.8042E-09 2.0065E-09 2.2335E-09 2.4695E-09 2.7142E-09 2.9791E-09 3.3525E-09 4.0207E-09 5.3997E-09 7.5023E-09 1.0206E-08 1.3798E-08 1.8372E-08 2.3907E-08 3.0488E-08 3.8343E-08 4.7244E-08 5.6600E-08 6.5426E-08 7.2867E-08 7.8437E-08 8.2404E-08 8.4783E-08 8.7805E-08 9.3926E-08 1.0157E-07 1.0730E-07 1.0927E-07 1.0814E-07 1.0480E-07 1.0024E-07
6.9230E-11 7.6895E-11 8.4202E-11 9.1755E-11 1.0229E-10 1.3265E-10 1.6997E-10 1.9360E-10 2.1479E-10 2.3788E-10 2.6544E-10 2.9815E-10 3.3360E-10 3.7229E-10 4.1465E-10 4.7158E-10 5.3059E-10 6.0110E-10 6.6838E-10 7.4950E-10 8.4788E-10 9.4177E-10 1.0514E-09 1.1789E-09 1.3097E-09 1.4685E-09 1.6338E-09 1.8268E-09 2.0343E-09 2.2594E-09 2.4918E-09 2.7414E-09 3.0517E-09 3.5751E-09 4.4363E-09 5.9460E-09 7.7564E-09 1.0183E-08 1.3271E-08 1.7007E-08 2.1453E-08 2.6745E-08 3.3498E-08 4.0833E-08 4.8326E-08 5.5136E-08 6.0659E-08 6.4962E-08 6.7966E-08 7.1376E-08 7.7165E-08 8.4175E-08 8.9898E-08 9.3055E-08 9.3541E-08 9.1781E-08 8.8816E-08
6.2642E-11 6.9682E-11 7.6814E-11 8.3734E-11 9.2522E-11 1.0448E-10 1.3677E-10 1.7384E-10 1.9212E-10 2.1416E-10 2.3983E-10 2.6611E-10 2.9873E-10 3.3527E-10 3.7609E-10 4.1450E-10 4.7370E-10 5.3310E-10 6.0072E-10 6.7021E-10 7.5706E-10 8.4203E-10 9.4304E-10 1.0581E-09 1.1873E-09 1.3262E-09 1.4832E-09 1.6562E-09 1.8477E-09 2.0576E-09 2.2795E-09 2.5054E-09 2.7834E-09 3.1989E-09 3.8054E-09 4.8413E-09 6.2110E-09 7.8667E-09 1.0008E-08 1.2671E-08 1.5846E-08 1.9481E-08 2.4388E-08 2.9884E-08 3.5907E-08 4.1770E-08 4.6822E-08 5.0977E-08 5.4269E-08 5.7642E-08 6.2619E-08 6.8884E-08 7.4652E-08 7.8438E-08 7.9913E-08 7.9503E-08 7.7870E-08
5.6640E-11 6.2997E-11 6.9959E-11 7.6381E-11 8.4186E-11 9.3792E-11 1.0737E-10 1.4064E-10 1.7400E-10 1.9249E-10 2.1485E-10 2.3910E-10 2.6569E-10 3.0098E-10 3.3906E-10 3.7655E-10 4.1409E-10 4.7557E-10 5.3705E-10 5.9397E-10 6.7415E-10 7.6160E-10 8.4202E-10 9.4597E-10 1.0706E-09 1.1982E-09 1.3441E-09 1.4949E-09 1.6766E-09 1.8637E-09 2.0789E-09 2.2925E-09 2.5373E-09 2.8801E-09 3.3579E-09 4.0843E-09 5.0842E-09 6.2725E-09 7.7258E-09 9.5149E-09 1.2030E-08 1.4699E-08 1.8208E-08 2.2395E-08 2.7009E-08 3.1729E-08 3.6151E-08 3.9918E-08 4.3066E-08 4.6105E-08 5.0526E-08 5.6135E-08 6.1472E-08 6.5392E-08 6.7653E-08 6.8257E-08 6.7553E-08
5.1120E-11 5.6814E-11 6.3508E-11 6.9658E-11 7.6490E-11 8.5529E-11 9.3959E-11 1.0992E-10 1.4430E-10 1.7426E-10 1.9436E-10 2.1629E-10 2.3872E-10 2.6781E-10 3.0510E-10 3.4046E-10 3.7627E-10 4.1563E-10 4.7534E-10 5.3843E-10 5.9713E-10 6.7549E-10 7.5406E-10 8.4472E-10 9.5681E-10 1.0838E-09 1.2083E-09 1.3537E-09 1.5114E-09 1.6915E-09 1.8856E-09 2.0900E-09 2.3020E-09 2.5967E-09 2.9988E-09 3.5155E-09 4.2526E-09 5.1239E-09 6.2590E-09 7.5369E-09 9.2843E-09 1.1202E-08 1.3875E-08 1.7143E-08 2.0748E-08 2.4466E-08 2.8088E-08 3.1298E-08 3.4178E-08 3.6884E-08 4.0675E-08 4.5412E-08 5.0242E-08 5.4207E-08 5.6814E-08 5.8001E-08 5.8099E-08
4.6055E-11 5.1159E-11 5.7344E-11 6.3424E-11 6.9534E-11 7.7695E-11 8.6282E-11 9.3489E-11 1.1315E-10 1.4567E-10 1.7438E-10 1.9650E-10 2.1650E-10 2.3847E-10 2.7178E-10 3.0764E-10 3.4207E-10 3.7620E-10 4.1533E-10 4.7476E-10 5.3759E-10 6.0109E-10 6.7296E-10 7.4970E-10 8.5652E-10 9.6796E-10 1.0922E-09 1.2192E-09 1.3630E-09 1.5276E-09 1.7028E-09 1.9005E-09 2.0962E-09 2.3388E-09 2.6875E-09 3.0980E-09 3.6017E-09 4.3486E-09 5.1276E-09 6.1594E-09 7.3088E-09 8.6647E-09 1.0435E-08 1.3349E-08 1.6078E-08 1.9051E-08 2.1943E-08 2.4686E-08 2.7181E-08 2.9457E-08 3.2592E-08 3.6724E-08 4.0945E-08 4.4622E-08 4.7295E-08 4.8968E-08 4.9650E-08
3.9536E-11 4.6162E-11 5.1646E-11 5.7654E-11 6.3155E-11 7.0238E-11 7.8877E-11 8.6113E-11 9.2994E-11 1.1396E-10 1.4989E-10 1.7550E-10 1.9618E-10 2.1632E-10 2.3952E-10 2.7666E-10 3.0942E-10 3.4045E-10 3.7604E-10 4.1684E-10 4.7374E-10 5.3122E-10 6.0259E-10 6.6455E-10 7.5607E-10 8.6686E-10 9.8135E-10 1.0989E-09 1.2284E-09 1.3730E-09 1.5407E-09 1.7114E-09 1.9059E-09 2.1074E-09 2.4009E-09 2.7647E-09 3.1660E-09 3.6659E-09 4.3628E-09 5.0794E-09 5.9209E-09 7.0593E-09 8.4023E-09 1.0457E-08 1.2556E-08 1.4868E-08 1.7186E-08 1.9602E-08 2.1715E-08 2.3665E-08 2.6220E-08 2.9617E-08 3.3177E-08 3.6536E-08 3.9273E-08 4.1129E-08 4.2116E-08
2.2346E-11 4.0646E-11 4.6390E-11 5.2198E-11 5.7486E-11 6.3496E-11 7.1625E-11 7.9203E-11 8.5743E-11 9.2477E-11 1.1914E-10 1.5517E-10 1.7599E-10 1.9504E-10 2.1554E-10 2.4222E-10 2.7868E-10 3.0956E-10 3.4043E-10 3.7756E-10 4.1647E-10 4.7422E-10 5.3246E-10 5.9987E-10 6.6562E-10 7.6567E-10 8.7782E-10 9.8955E-10 1.1034E-09 1.2379E-09 1.3811E-09 1.5471E-09 1.7155E-09 1.9071E-09 2.1380E-09 2.4642E-09 2.8199E-09 3.2206E-09 3.7242E-09 4.3344E-09 5.0247E-09 5.8806E-09 6.7806E-09 7.9735E-09 9.8529E-09 1.1715E-08 1.3744E-08 1.5566E-08 1.7371E-08 1.9012E-08 2.0978E-08 2.3858E-08 2.6934E-08 2.9916E-08 3.2442E-08 3.4275E-08 3.5517E-08
1.8306E-11 2.3358E-11 4.1663E-11 4.6934E-11 5.2242E-11 5.7489E-11 6.4667E-11 7.2469E-11 7.8941E-11 8.5344E-11 9.2572E-11 1.2598E-10 1.6056E-10 1.7669E-10 1.9396E-10 2.1602E-10 2.4617E-10 2.7950E-10 3.0959E-10 3.4195E-10 3.7726E-10 4.1606E-10 4.7012E-10 5.3042E-10 5.9557E-10 6.7640E-10 7.7624E-10 8.8612E-10 9.9320E-10 1.1075E-09 1.2448E-09 1.3860E-09 1.5514E-09 1.7192E-09 1.9159E-09 2.1799E-09 2.5119E-09 2.8527E-09 3.2560E-09 3.7497E-09 4.3377E-09 4.9862E-09 5.7176E-09 6.5315E-09 7.9948E-09 9.4541E-09 1.0869E-08 1.2391E-08 1.3847E-08 1.5474E-08 1.6997E-08 1.9298E-08 2.1841E-08 2.4359E-08 2.6684E-08 2.8567E-08 2.9884E-08
1.3683E-11 1.8360E-11 2.7342E-11 4.2083E-11 4.7399E-11 5.2094E-11 5.8159E-11 6.5923E-11 7.2570E-11 7.8645E-11 8.4916E-11 9.3832E-11 1.3129E-10 1.6086E-10 1.7689E-10 1.9507E-10 2.1853E-10 2.4909E-10 2.7925E-10 3.0964E-10 3.4173E-10 3.7675E-10 4.1776E-10 4.6343E-10 5.2108E-10 5.9380E-10 6.8745E-10 7.8515E-10 8.9103E-10 9.9268E-10 1.1119E-09 1.2488E-09 1.3881E-09 1.5500E-09 1.7162E-09 1.9344E-09 2.2189E-09 2.5398E-09 2.8652E-09 3.2642E-09 3.7387E-09 4.2932E-09 4.9291E-09 5.5865E-09 6.3189E-09 7.6215E-09 8.7243E-09 9.8736E-09 1.1326E-08 1.2507E-08 1.3719E-08 1.5536E-08 1.7745E-08 1.9964E-08 2.2000E-08 2.3725E-08 2.4988E-08
1.1357E-11 1.4697E-11 1.8381E-11 3.2146E-11 4.2615E-11 4.7329E-11 5.2344E-11 5.9441E-11 6.6540E-11 7.2363E-11 7.8315E-11 8.4501E-11 9.8047E-11 1.3527E-10 1.6025E-10 1.7739E-10 1.9716E-10 2.2024E-10 2.5137E-10 2.8031E-10 3.0950E-10 3.4129E-10 3.7692E-10 4.1951E-10 4.6009E-10 5.2393E-10 6.0507E-10 6.9571E-10 7.9309E-10 8.9264E-10 9.9176E-10 1.1152E-09 1.2503E-09 1.3876E-09 1.5455E-09 1.7120E-09 1.9547E-09 2.2423E-09 2.5464E-09 2.8596E-09 3.2434E-09 3.6995E-09 4.1998E-09 4.7637E-09 5.3785E-09 6.2789E-09 7.1256E-09 8.1442E-09 9.0948E-09 1.0122E-08 1.1190E-08 1.2662E-08 1.4471E-08 1.6252E-08 1.8068E-08 1.9645E-08 2.0914E-08
5.7087E-12 1.2352E-11 1.5666E-11 1.9316E-11 3.7267E-11 4.2930E-11 4.7247E-11 5.3198E-11 6.0468E-11 6.6482E-11 7.2118E-11 7.7950E-11 8.4734E-11 1.0211E-10 1.3558E-10 1.5945E-10 1.7760E-10 1.9938E-10 2.2101E-10 2.5270E-10 2.8024E-10 3.0914E-10 3.4076E-10 3.7848E-10 4.1953E-10 4.6135E-10 5.3014E-10 6.1193E-10 6.9808E-10 7.9534E-10 8.8744E-10 9.9390E-10 1.1160E-09 1.2454E-09 1.3826E-09 1.5370E-09 1.7139E-09 1.9702E-09 2.2492E-09 2.5423E-09 2.8348E-09 3.2043E-09 3.6156E-09 4.1039E-09 4.5982E-09 5.1433E-09 5.9974E-09 6.7274E-09 7.4936E-09 8.2753E-09 9.1456E-09 1.0099E-08 1.1639E-08 1.3302E-08 1.4821E-08 1.6235E-08 1.7411E-08
0.0000E+00 8.4738E-12 1.2392E-11 1.6592E-11 2.0313E-11 3.8632E-11 4.2868E-11 4.7622E-11 5.4406E-11 6.0986E-11 6.6311E-11 7.1833E-11 7.7704E-11 8.5714E-11 1.0643E-10 1.3606E-10 1.5911E-10 1.7858E-10 1.9971E-10 2.2135E-10 2.5316E-10 2.7994E-10 3.0864E-10 3.4071E-10 3.7997E-10 4.1669E-10 4.6679E-10 5.4025E-10 6.1691E-10 7.0233E-10 7.9062E-10 8.8518E-10 9.9426E-10 1.1111E-09 1.2356E-09 1.3740E-09 1.5238E-09 1.7152E-09 1.9728E-09 2.2433E-09 2.5241E-09 2.7955E-09 3.1290E-09 3.5242E-09 3.9300E-09 4.3960E-09 4.9866E-09 5.5398E-09 6.1248E-09 6.7284E-09 7.3390E-09 7.9728E-09 9.3085E-09 1.0536E-08 1.1945E-08 1.3168E-08 1.4271E-08
0.0000E+00 0.0000E+00 9.4163E-12 1.2411E-11 1.6582E-11 2.1619E-11 3.8873E-11 4.2884E-11 4.8529E-11 5.5302E-11 6.0878E-11 6.6096E-11 7.1507E-11 7.7954E-11 8.6955E-11 1.0813E-10 1.3644E-10 1.5936E-10 1.7942E-10 1.9933E-10 2.2299E-10 2.5256E-10 2.7948E-10 3.0782E-10 3.4164E-10 3.7969E-10 4.1484E-10 4.7464E-10 5.4788E-10 6.2458E-10 7.0788E-10 7.9179E-10 8.8483E-10 9.9244E-10 1.1017E-09 1.2280E-09 1.3613E-09 1.5057E-09 1.7102E-09 1.9587E-09 2.2206E-09 2.4845E-09 2.7510E-09 3.0343E-09 3.3768E-09 3.7449E-09 4.1243E-09 4.6817E-09 5.1558E-09 5.5884E-09 6.0827E-09 6.5801E-09 7.5127E-09 8.6758E-09 9.6868E-09 1.0839E-08 1.1809E-08
0.0000E+00 0.0000E+00 0.0000E+00 1.0324E-11 1.3290E-11 1.6655E-11 2.5624E-11 3.8818E-11 4.3257E-11 4.9606E-11 5.5791E-11 6.0724E-11 6.5836E-11 7.1292E-11 7.8826E-11 8.7908E-11 1.1084E-10 1.3990E-10 1.6006E-10 1.7966E-10 1.9828E-10 2.2515E-10 2.5297E-10 2.7870E-10 3.0699E-10 3.4246E-10 3.7790E-10 4.1666E-10 4.8243E-10 5.5525E-10 6.2895E-10 7.1145E-10 7.9193E-10 8.8473E-10 9.8763E-10 1.0967E-09 1.2152E-09 1.3431E-09 1.4921E-09 1.6962E-09 1.9297E-09 2.1817E-09 2.4282E-09 2.6887E-09 2.9553E-09 3.2428E-09 3.5645E-09 3.9011E-09 4.3105E-09 4.6900E-09 5.0719E-09 5.4667E-09 5.9955E-09 6.9940E-09 7.8809E-09 8.8289E-09 9.7666E-09
0.0000E+00 0.0000E+00 0.0000E+00 2.6300E-12 1.1198E-11 1.4130E-11 1.7872E-11 3.0183E-11 3.8844E-11 4.4084E-11 5.0437E-11 5.5702E-11 6.0522E-11 6.5529E-11 7.1471E-11 7.9802E-11 8.8302E-11 1.1471E-10 1.4527E-10 1.6268E-10 1.7944E-10 1.9811E-10 2.2652E-10 2.5223E-10 2.7757E-10 3.0730E-10 3.4253E-10 3.7553E-10 4.2096E-10 4.8788E-10 5.5710E-10 6.3177E-10 7.0744E-10 7.9009E-10 8.8159E-10 9.7959E-10 1.0874E-09 1.2023E-09 1.3273E-09 1.4755E-09 1.6695E-09 1.8933E-09 2.1247E-09 2.3581E-09 2.6040E-09 2.8504E-09 3.1119E-09 3.3811E-09 3.6682E-09 3.9649E-09 4.2512E-09 4.5606E-09 4.8875E-09 5.6368E-09 6.4726E-09 7.1799E-09 7.9937E-09
0.0000E+00 0.0000E+00 0.0000E+00 0.0000E+00 5.1983E-12 1.1196E-11 1.4954E-11 1.9075E-11 3.4348E-11 3.9157E-11 4.4983E-11 5.0847E-11 5.5551E-11 6.0271E-11 6.5202E-11 7.2081E-11 8.0636E-11 8.8268E-11 1.2121E-10 1.4568E-10 1.6387E-10 1.8031E-10 1.9770E-10 2.2620E-10 2.5116E-10 2.7484E-10 3.0719E-10 3.4050E-10 3.7417E-10 4.2861E-10 4.9227E-10 5.5881E-10 6.3282E-10 7.0443E-10 7.8434E-10 8.7588E-10 9.7113E-10 1.0746E-09 1.1853E-09 1.3037E-09 1.4505E-09 1.6239E-09 1.8361E-09 2.0480E-09 2.2691E-09 2.5041E-09 2.7295E-09 2.9552E-09 3.1943E-09 3.4470E-09 3.7026E-09 3.9608E-09 4.2219E-09 4.7263E-09 5.4497E-09 6.0814E-09 6.6799E-09
