Assets/Resources/2015_m01_d28_0400(utc+0800)_l00_csi_1hr_conc.grd
DSAA
         159         159
     -79.000      79.000
     -79.000      79.000
  0.0000E+00  0.9386E-06
[rows 25 to 49 of 159, columns 57 to 113 of 159]
1.4994E-09 1.9606E-09 2.6105E-09 3.3940E-09 4.3451E-09 5.4760E-09 6.8113E-09 8.3652E-09 1.0115E-08 1.2042E-08 1.4098E-08 1.6223E-08 1.8303E-08 2.0224E-08 2.1854E-08 2.3059E-08 2.3711E-08 2.3747E-08 2.3130E-08 2.1875E-08 2.0082E-08 1.7879E-08 1.5427E-08 1.2896E-08 1.0452E-08 8.2226E-09 6.2904E-09 4.6899E-09 3.4110E-09 2.4120E-09 1.6549E-09 1.1130E-09 7.3410E-10 4.7214E-10 2.7981E-10 1.5778E-10 7.0999E-11 3.0133E-11 4.9616E-12 7.0848E-13 0.0000E+00 0.0000E+00 0.0000E+00 0.0000E+00 0.0000E+00 0.0000E+00 0.0000E+00 0.0000E+00 0.0000E+00 0.0000E+00 0.0000E+00 0.0000E+00 0.0000E+00 0.0000E+00 0.0000E+00 0.0000E+00 0.0000E+00
1.2470E-09 1.6347E-09 2.2022E-09 2.9131E-09 3.7720E-09 4.8169E-09 6.0773E-09 7.5555E-09 9.2625E-09 1.1184E-08 1.3270E-08 1.5458E-08 1.7633E-08 1.9685E-08 2.1446E-08 2.2776E-08 2.3542E-08 2.3653E-08 2.3062E-08 2.1808E-08 1.9983E-08 1.7726E-08 1.5221E-08 1.2654E-08 1.0189E-08 7.9527E-09 6.0290E-09 4.4531E-09 3.2049E-09 2.2259E-09 1.5041E-09 9.9060E-10 6.3759E-10 3.8733E-10 2.1556E-10 1.1061E-10 3.1850E-11 7.3429E-12 0.0000E+00 0.0000E+00 0.0000E+00 0.0000E+00 0.0000E+00 0.0000E+00 0.0000E+00 0.0000E+00 0.0000E+00 0.0000E+00 0.0000E+00 0.0000E+00 0.0000E+00 0.0000E+00 0.0000E+00 0.0000E+00 0.0000E+00 0.0000E+00 0.0000E+00
1.0148E-09 1.3371E-09 1.8109E-09 2.4507E-09 3.2283E-09 4.1801E-09 5.3522E-09 6.7649E-09 8.4363E-09 1.0344E-08 1.2461E-08 1.4715E-08 1.6992E-08 1.9160E-08 2.1046E-08 2.2502E-08 2.3366E-08 2.3541E-08 2.2984E-08 2.1727E-08 1.9862E-08 1.7561E-08 1.5007E-08 1.2396E-08 9.9103E-09 7.6792E-09 5.7682E-09 4.2105E-09 2.9941E-09 2.0510E-09 1.3595E-09 8.7976E-10 5.4684E-10 3.1060E-10 1.6640E-10 6.0457E-11 1.1008E-11 0.0000E+00 0.0000E+00 0.0000E+00 0.0000E+00 0.0000E+00 0.0000E+00 0.0000E+00 0.0000E+00 0.0000E+00 0.0000E+00 0.0000E+00 0.0000E+00 0.0000E+00 0.0000E+00 0.0000E+00 0.0000E+00 0.0000E+00 0.0000E+00 0.0000E+00 0.0000E+00
8.0330E-10 1.0677E-09 1.4530E-09 2.0189E-09 2.7167E-09 3.5866E-09 4.6746E-09 6.0178E-09 7.6418E-09 9.5391E-09 1.1685E-08 1.4000E-08 1.6379E-08 1.8670E-08 2.0697E-08 2.2274E-08 2.3229E-08 2.3467E-08 2.2925E-08 2.1646E-08 1.9743E-08 1.7384E-08 1.4773E-08 1.2132E-08 9.6306E-09 7.3990E-09 5.5175E-09 3.9898E-09 2.7934E-09 1.8892E-09 1.2287E-09 7.7339E-10 4.5336E-10 2.5206E-10 1.1759E-10 2.7624E-11 1.0313E-12 0.0000E+00 0.0000E+00 0.0000E+00 0.0000E+00 0.0000E+00 0.0000E+00 0.0000E+00 0.0000E+00 0.0000E+00 0.0000E+00 0.0000E+00 0.0000E+00 0.0000E+00 0.0000E+00 0.0000E+00 0.0000E+00 0.0000E+00 0.0000E+00 0.0000E+00 0.0000E+00
6.1688E-10 8.2795E-10 1.1300E-09 1.6246E-09 2.2495E-09 3.0384E-09 4.0481E-09 5.3288E-09 6.9068E-09 8.7920E-09 1.0966E-08 1.3348E-08 1.5829E-08 1.8237E-08 2.0388E-08 2.2075E-08 2.3124E-08 2.3406E-08 2.2867E-08 2.1562E-08 1.9605E-08 1.7186E-08 1.4533E-08 1.1859E-08 9.3491E-09 7.1312E-09 5.2656E-09 3.7671E-09 2.6039E-09 1.7251E-09 1.1061E-09 6.7075E-10 3.8749E-10 2.0938E-10 6.7184E-11 9.7074E-12 0.0000E+00 0.0000E+00 0.0000E+00 0.0000E+00 0.0000E+00 0.0000E+00 0.0000E+00 0.0000E+00 0.0000E+00 0.0000E+00 0.0000E+00 0.0000E+00 0.0000E+00 0.0000E+00 0.0000E+00 0.0000E+00 0.0000E+00 0.0000E+00 0.0000E+00 0.0000E+00 0.0000E+00
4.5766E-10 6.2209E-10 8.5163E-10 1.2820E-09 1.8359E-09 2.5487E-09 3.4874E-09 4.7046E-09 6.2383E-09 8.1186E-09 1.0313E-08 1.2761E-08 1.5338E-08 1.7871E-08 2.0142E-08 2.1937E-08 2.3064E-08 2.3377E-08 2.2839E-08 2.1490E-08 1.9474E-08 1.6997E-08 1.4293E-08 1.1588E-08 9.0700E-09 6.8599E-09 5.0186E-09 3.5444E-09 2.4222E-09 1.5816E-09 9.9373E-10 5.9349E-10 3.3957E-10 1.4739E-10 3.7076E-11 3.7045E-12 0.0000E+00 0.0000E+00 0.0000E+00 0.0000E+00 0.0000E+00 0.0000E+00 0.0000E+00 0.0000E+00 0.0000E+00 0.0000E+00 0.0000E+00 0.0000E+00 0.0000E+00 0.0000E+00 0.0000E+00 0.0000E+00 0.0000E+00 0.0000E+00 0.0000E+00 0.0000E+00 0.0000E+00
3.2714E-10 4.4910E-10 6.1163E-10 9.7794E-10 1.4763E-09 2.1200E-09 2.9962E-09 4.1541E-09 5.6607E-09 7.5276E-09 9.7485E-09 1.2267E-08 1.4942E-08 1.7590E-08 1.9983E-08 2.1878E-08 2.3066E-08 2.3404E-08 2.2843E-08 2.1439E-08 1.9354E-08 1.6802E-08 1.4044E-08 1.1311E-08 8.7854E-09 6.5894E-09 4.7716E-09 3.3347E-09 2.2448E-09 1.4524E-09 8.9011E-10 5.2966E-10 2.8104E-10 9.4397E-11 2.2586E-11 2.0450E-12 0.0000E+00 0.0000E+00 0.0000E+00 0.0000E+00 0.0000E+00 0.0000E+00 0.0000E+00 0.0000E+00 0.0000E+00 0.0000E+00 0.0000E+00 0.0000E+00 0.0000E+00 0.0000E+00 0.0000E+00 0.0000E+00 0.0000E+00 0.0000E+00 0.0000E+00 0.0000E+00 0.0000E+00
2.2041E-10 3.0935E-10 4.2433E-10 7.1311E-10 1.1690E-09 1.7583E-09 2.5661E-09 3.6798E-09 5.1498E-09 7.0200E-09 9.2837E-09 1.1869E-08 1.4648E-08 1.7415E-08 1.9922E-08 2.1908E-08 2.3148E-08 2.3486E-08 2.2884E-08 2.1415E-08 1.9246E-08 1.6622E-08 1.3808E-08 1.1046E-08 8.5119E-09 6.3255E-09 4.5325E-09 3.1368E-09 2.0800E-09 1.3216E-09 8.0679E-10 4.6916E-10 2.0718E-10 6.6235E-11 1.5241E-11 0.0000E+00 0.0000E+00 0.0000E+00 0.0000E+00 0.0000E+00 0.0000E+00 0.0000E+00 0.0000E+00 0.0000E+00 0.0000E+00 0.0000E+00 0.0000E+00 0.0000E+00 0.0000E+00 0.0000E+00 0.0000E+00 0.0000E+00 0.0000E+00 0.0000E+00 0.0000E+00 0.0000E+00 0.0000E+00
1.3801E-10 1.9997E-10 2.8091E-10 4.9405E-10 9.2115E-10 1.4546E-09 2.2213E-09 3.2903E-09 4.7436E-09 6.6186E-09 8.9210E-09 1.1584E-08 1.4465E-08 1.7353E-08 1.9973E-08 2.2052E-08 2.3336E-08 2.3672E-08 2.3015E-08 2.1456E-08 1.9185E-08 1.6473E-08 1.3592E-08 1.0791E-08 8.2465E-09 6.0694E-09 4.3004E-09 2.9307E-09 1.9243E-09 1.1992E-09 7.2506E-10 3.8493E-10 1.5382E-10 5.3676E-11 9.7016E-12 0.0000E+00 0.0000E+00 0.0000E+00 0.0000E+00 0.0000E+00 0.0000E+00 0.0000E+00 0.0000E+00 0.0000E+00 0.0000E+00 0.0000E+00 0.0000E+00 0.0000E+00 0.0000E+00 0.0000E+00 0.0000E+00 0.0000E+00 0.0000E+00 0.0000E+00 0.0000E+00 0.0000E+00 0.0000E+00
7.6945E-11 1.1810E-10 1.7224E-10 3.2822E-10 7.2256E-10 1.2145E-09 1.9292E-09 2.9686E-09 4.4014E-09 6.2930E-09 8.6480E-09 1.1406E-08 1.4411E-08 1.7432E-08 2.0172E-08 2.2332E-08 2.3647E-08 2.3958E-08 2.3226E-08 2.1562E-08 1.9181E-08 1.6361E-08 1.3396E-08 1.0538E-08 7.9675E-09 5.7953E-09 4.0586E-09 2.7275E-09 1.7598E-09 1.0891E-09 6.4424E-10 3.0207E-10 1.2162E-10 4.1197E-11 5.0753E-12 0.0000E+00 0.0000E+00 0.0000E+00 0.0000E+00 0.0000E+00 0.0000E+00 0.0000E+00 0.0000E+00 0.0000E+00 0.0000E+00 0.0000E+00 0.0000E+00 0.0000E+00 0.0000E+00 0.0000E+00 0.0000E+00 0.0000E+00 0.0000E+00 0.0000E+00 0.0000E+00 0.0000E+00 0.0000E+00
3.2866E-11 5.9711E-11 9.5263E-11 1.8983E-10 5.4216E-10 1.0279E-09 1.7104E-09 2.7256E-09 4.1571E-09 6.0759E-09 8.4943E-09 1.1350E-08 1.4485E-08 1.7645E-08 2.0514E-08 2.2763E-08 2.4106E-08 2.4380E-08 2.3558E-08 2.1761E-08 1.9236E-08 1.6286E-08 1.3218E-08 1.0295E-08 7.7028E-09 5.5339E-09 3.8213E-09 2.5378E-09 1.6108E-09 9.8478E-10 5.3568E-10 2.3491E-10 9.9540E-11 2.8536E-11 0.0000E+00 0.0000E+00 0.0000E+00 0.0000E+00 0.0000E+00 0.0000E+00 0.0000E+00 0.0000E+00 0.0000E+00 0.0000E+00 0.0000E+00 0.0000E+00 0.0000E+00 0.0000E+00 0.0000E+00 0.0000E+00 0.0000E+00 0.0000E+00 0.0000E+00 0.0000E+00 0.0000E+00 0.0000E+00 0.0000E+00
7.4165E-12 2.1068E-11 4.2994E-11 9.4302E-11 4.0807E-10 8.7768E-10 1.5369E-09 2.5281E-09 3.9650E-09 5.9185E-09 8.4140E-09 1.1393E-08 1.4678E-08 1.8002E-08 2.1014E-08 2.3356E-08 2.4728E-08 2.4947E-08 2.4008E-08 2.2052E-08 1.9351E-08 1.6240E-08 1.3047E-08 1.0043E-08 7.4158E-09 5.2555E-09 3.5746E-09 2.3347E-09 1.4613E-09 8.6962E-10 4.3118E-10 1.9633E-10 7.6747E-11 1.1121E-11 0.0000E+00 0.0000E+00 0.0000E+00 0.0000E+00 0.0000E+00 0.0000E+00 0.0000E+00 0.0000E+00 0.0000E+00 0.0000E+00 0.0000E+00 0.0000E+00 0.0000E+00 0.0000E+00 0.0000E+00 0.0000E+00 0.0000E+00 0.0000E+00 0.0000E+00 0.0000E+00 0.0000E+00 0.0000E+00 0.0000E+00
2.9777E-12 5.5810E-12 1.1204E-11 4.1670E-11 3.0077E-10 7.6361E-10 1.4026E-09 2.3863E-09 3.8304E-09 5.8318E-09 8.4193E-09 1.1537E-08 1.4993E-08 1.8498E-08 2.1674E-08 2.4117E-08 2.5508E-08 2.5660E-08 2.4572E-08 2.2417E-08 1.9508E-08 1.6210E-08 1.2877E-08 9.7904E-09 7.1274E-09 4.9757E-09 3.3342E-09 2.1341E-09 1.3159E-09 7.2791E-10 3.5138E-10 1.5781E-10 4.6731E-11 2.1283E-12 0.0000E+00 0.0000E+00 0.0000E+00 0.0000E+00 0.0000E+00 0.0000E+00 0.0000E+00 0.0000E+00 0.0000E+00 0.0000E+00 0.0000E+00 0.0000E+00 0.0000E+00 0.0000E+00 0.0000E+00 0.0000E+00 0.0000E+00 0.0000E+00 0.0000E+00 0.0000E+00 0.0000E+00 0.0000E+00 0.0000E+00
6.7628E-13 1.7148E-12 3.4677E-12 1.1418E-11 2.2051E-10 6.5627E-10 1.2935E-09 2.2667E-09 3.7288E-09 5.7880E-09 8.4825E-09 1.1757E-08 1.5416E-08 1.9129E-08 2.2484E-08 2.5039E-08 2.6444E-08 2.6509E-08 2.5244E-08 2.2857E-08 1.9702E-08 1.6188E-08 1.2689E-08 9.5021E-09 6.8112E-09 4.6738E-09 3.0737E-09 1.9359E-09 1.1530E-09 6.0262E-10 2.8680E-10 1.1865E-10 1.9491E-11 0.0000E+00 0.0000E+00 0.0000E+00 0.0000E+00 0.0000E+00 0.0000E+00 0.0000E+00 0.0000E+00 0.0000E+00 0.0000E+00 0.0000E+00 0.0000E+00 0.0000E+00 0.0000E+00 0.0000E+00 0.0000E+00 0.0000E+00 0.0000E+00 0.0000E+00 0.0000E+00 0.0000E+00 0.0000E+00 0.0000E+00 0.0000E+00
0.0000E+00 6.8185E-14 8.1316E-13 4.2560E-12 1.7314E-10 5.6220E-10 1.2032E-09 2.1770E-09 3.6577E-09 5.7707E-09 8.5843E-09 1.2028E-08 1.5903E-08 1.9863E-08 2.3422E-08 2.6108E-08 2.7527E-08 2.7479E-08 2.5998E-08 2.3338E-08 1.9904E-08 1.6152E-08 1.2487E-08 9.2025E-09 6.4806E-09 4.3606E-09 2.8002E-09 1.7259E-09 9.7152E-10 4.8732E-10 2.2239E-10 4.7103E-11 6.2776E-12 0.0000E+00 0.0000E+00 0.0000E+00 0.0000E+00 0.0000E+00 0.0000E+00 0.0000E+00 0.0000E+00 0.0000E+00 0.0000E+00 0.0000E+00 0.0000E+00 0.0000E+00 0.0000E+00 0.0000E+00 0.0000E+00 0.0000E+00 0.0000E+00 0.0000E+00 0.0000E+00 0.0000E+00 0.0000E+00 0.0000E+00 0.0000E+00
0.0000E+00 0.0000E+00 0.0000E+00 4.1896E-13 1.1753E-10 4.8282E-10 1.1202E-09 2.0850E-09 3.5776E-09 5.7540E-09 8.6936E-09 1.2342E-08 1.6480E-08 2.0703E-08 2.4491E-08 2.7314E-08 2.8739E-08 2.8558E-08 2.6826E-08 2.3847E-08 2.0092E-08 1.6061E-08 1.2203E-08 8.8257E-09 6.0765E-09 3.9953E-09 2.5118E-09 1.4908E-09 7.9476E-10 3.8369E-10 1.5474E-10 2.2867E-11 4.3319E-13 0.0000E+00 0.0000E+00 0.0000E+00 0.0000E+00 0.0000E+00 0.0000E+00 0.0000E+00 0.0000E+00 0.0000E+00 0.0000E+00 0.0000E+00 0.0000E+00 0.0000E+00 0.0000E+00 0.0000E+00 0.0000E+00 0.0000E+00 0.0000E+00 0.0000E+00 0.0000E+00 0.0000E+00 0.0000E+00 0.0000E+00 0.0000E+00
0.0000E+00 0.0000E+00 0.0000E+00 0.0000E+00 7.7928E-11 4.0615E-10 1.0364E-09 1.9977E-09 3.5110E-09 5.7523E-09 8.8161E-09 1.2671E-08 1.7082E-08 2.1601E-08 2.5658E-08 2.8637E-08 3.0063E-08 2.9708E-08 2.7675E-08 2.4332E-08 2.0221E-08 1.5906E-08 1.1855E-08 8.3954E-09 5.6501E-09 3.6104E-09 2.2059E-09 1.2524E-09 6.3132E-10 2.8022E-10 4.8413E-11 8.2770E-12 0.0000E+00 0.0000E+00 0.0000E+00 0.0000E+00 0.0000E+00 0.0000E+00 0.0000E+00 0.0000E+00 0.0000E+00 0.0000E+00 0.0000E+00 0.0000E+00 0.0000E+00 0.0000E+00 0.0000E+00 0.0000E+00 0.0000E+00 0.0000E+00 0.0000E+00 0.0000E+00 0.0000E+00 0.0000E+00 0.0000E+00 0.0000E+00 0.0000E+00
0.0000E+00 0.0000E+00 0.0000E+00 0.0000E+00 5.5137E-11 3.5035E-10 9.2020E-10 1.8923E-09 3.4115E-09 5.7054E-09 8.9125E-09 1.3004E-08 1.7723E-08 2.2588E-08 2.6942E-08 3.0086E-08 3.1495E-08 3.0937E-08 2.8552E-08 2.4783E-08 2.0266E-08 1.5635E-08 1.1402E-08 7.8616E-09 5.1416E-09 3.1897E-09 1.8713E-09 1.0139E-09 4.7191E-10 1.4464E-10 2.1284E-11 4.8059E-13 0.0000E+00 0.0000E+00 0.0000E+00 0.0000E+00 0.0000E+00 0.0000E+00 0.0000E+00 0.0000E+00 0.0000E+00 0.0000E+00 0.0000E+00 0.0000E+00 0.0000E+00 0.0000E+00 0.0000E+00 0.0000E+00 0.0000E+00 0.0000E+00 0.0000E+00 0.0000E+00 0.0000E+00 0.0000E+00 0.0000E+00 0.0000E+00 0.0000E+00
0.0000E+00 0.0000E+00 0.0000E+00 0.0000E+00 3.5492E-11 2.7894E-10 8.0494E-10 1.7762E-09 3.2945E-09 5.6425E-09 8.9837E-09 1.3322E-08 1.8380E-08 2.3634E-08 2.8318E-08 3.1654E-08 3.3034E-08 3.2220E-08 2.9409E-08 2.5156E-08 2.0197E-08 1.5232E-08 1.0830E-08 7.2580E-09 4.5874E-09 2.7504E-09 1.5369E-09 7.8132E-10 3.1529E-10 4.4108E-11 4.9657E-12 0.0000E+00 0.0000E+00 0.0000E+00 0.0000E+00 0.0000E+00 0.0000E+00 0.0000E+00 0.0000E+00 0.0000E+00 0.0000E+00 0.0000E+00 0.0000E+00 0.0000E+00 0.0000E+00 0.0000E+00 0.0000E+00 0.0000E+00 0.0000E+00 0.0000E+00 0.0000E+00 0.0000E+00 0.0000E+00 0.0000E+00 0.0000E+00 0.0000E+00 0.0000E+00
0.0000E+00 0.0000E+00 0.0000E+00 0.0000E+00 1.5516E-11 2.1484E-10 6.7691E-10 1.6105E-09 3.1252E-09 5.5182E-09 9.0075E-09 1.3611E-08 1.9060E-08 2.4743E-08 2.9796E-08 3.3318E-08 3.4630E-08 3.3508E-08 3.0214E-08 2.5419E-08 1.9982E-08 1.4703E-08 1.0132E-08 6.5639E-09 3.9993E-09 2.2881E-09 1.2156E-09 5.5836E-10 8.4018E-11 1.6224E-11 0.0000E+00 0.0000E+00 0.0000E+00 0.0000E+00 0.0000E+00 0.0000E+00 0.0000E+00 0.0000E+00 0.0000E+00 0.0000E+00 0.0000E+00 0.0000E+00 0.0000E+00 0.0000E+00 0.0000E+00 0.0000E+00 0.0000E+00 0.0000E+00 0.0000E+00 0.0000E+00 0.0000E+00 0.0000E+00 0.0000E+00 0.0000E+00 0.0000E+00 0.0000E+00 0.0000E+00
0.0000E+00 0.0000E+00 0.0000E+00 0.0000E+00 5.4093E-12 1.5490E-10 5.5935E-10 1.4568E-09 2.9540E-09 5.3744E-09 8.9994E-09 1.3863E-08 1.9711E-08 2.5853E-08 3.1322E-08 3.5062E-08 3.6304E-08 3.4809E-08 3.0954E-08 2.5558E-08 1.9624E-08 1.4034E-08 9.3615E-09 5.8259E-09 3.3967E-09 1.8422E-09 8.9638E-10 3.2537E-10 3.2455E-11 1.1204E-12 0.0000E+00 0.0000E+00 0.0000E+00 0.0000E+00 0.0000E+00 0.0000E+00 0.0000E+00 0.0000E+00 0.0000E+00 0.0000E+00 0.0000E+00 0.0000E+00 0.0000E+00 0.0000E+00 0.0000E+00 0.0000E+00 0.0000E+00 0.0000E+00 0.0000E+00 0.0000E+00 0.0000E+00 0.0000E+00 0.0000E+00 0.0000E+00 0.0000E+00 0.0000E+00 0.0000E+00
0.0000E+00 0.0000E+00 0.0000E+00 0.0000E+00 4.6688E-13 9.4930E-11 4.4181E-10 1.2592E-09 2.7156E-09 5.1548E-09 8.9014E-09 1.4066E-08 2.0365E-08 2.7034E-08 3.2936E-08 3.6874E-08 3.7991E-08 3.6066E-08 3.1589E-08 2.5542E-08 1.9092E-08 1.3204E-08 8.4734E-09 5.0484E-09 2.7901E-09 1.4248E-09 5.9383E-10 5.7697E-11 7.0908E-12 0.0000E+00 0.0000E+00 0.0000E+00 0.0000E+00 0.0000E+00 0.0000E+00 0.0000E+00 0.0000E+00 0.0000E+00 0.0000E+00 0.0000E+00 0.0000E+00 0.0000E+00 0.0000E+00 0.0000E+00 0.0000E+00 0.0000E+00 0.0000E+00 0.0000E+00 0.0000E+00 0.0000E+00 0.0000E+00 0.0000E+00 0.0000E+00 0.0000E+00 0.0000E+00 0.0000E+00 0.0000E+00
0.0000E+00 0.0000E+00 0.0000E+00 0.0000E+00 0.0000E+00 5.5931E-11 3.2882E-10 1.0791E-09 2.5005E-09 4.9423E-09 8.7952E-09 1.4253E-08 2.1007E-08 2.8215E-08 3.4569E-08 3.8693E-08 3.9630E-08 3.7191E-08 3.2037E-08 2.5354E-08 1.8454E-08 1.2357E-08 7.6128E-09 4.3271E-09 2.2493E-09 1.0500E-09 2.5808E-10 1.8971E-11 0.0000E+00 0.0000E+00 0.0000E+00 0.0000E+00 0.0000E+00 0.0000E+00 0.0000E+00 0.0000E+00 0.0000E+00 0.0000E+00 0.0000E+00 0.0000E+00 0.0000E+00 0.0000E+00 0.0000E+00 0.0000E+00 0.0000E+00 0.0000E+00 0.0000E+00 0.0000E+00 0.0000E+00 0.0000E+00 0.0000E+00 0.0000E+00 0.0000E+00 0.0000E+00 0.0000E+00 0.0000E+00 0.0000E+00
0.0000E+00 0.0000E+00 0.0000E+00 0.0000E+00 0.0000E+00 3.2582E-11 2.2388E-10 8.8828E-10 2.2433E-09 4.6605E-09 8.6190E-09 1.4355E-08 2.1587E-08 2.9378E-08 3.6210E-08 4.0503E-08 4.1215E-08 3.8229E-08 3.2370E-08 2.5059E-08 1.7729E-08 1.1471E-08 6.7727E-09 3.6419E-09 1.7611E-09 6.8568E-10 6.4137E-11 1.4730E-12 0.0000E+00 0.0000E+00 0.0000E+00 0.0000E+00 0.0000E+00 0.0000E+00 0.0000E+00 0.0000E+00 0.0000E+00 0.0000E+00 0.0000E+00 0.0000E+00 0.0000E+00 0.0000E+00 0.0000E+00 0.0000E+00 0.0000E+00 0.0000E+00 0.0000E+00 0.0000E+00 0.0000E+00 0.0000E+00 0.0000E+00 0.0000E+00 0.0000E+00 0.0000E+00 0.0000E+00 0.0000E+00 0.0000E+00
0.0000E+00 0.0000E+00 0.0000E+00 0.0000E+00 0.0000E+00 1.5445E-11 1.2681E-10 7.0762E-10 1.9789E-09 4.3674E-09 8.4124E-09 1.4456E-08 2.2205E-08 3.0590E-08 3.7881E-08 4.2274E-08 4.2656E-08 3.9030E-08 3.2467E-08 2.4582E-08 1.6955E-08 1.0643E-08 6.0667E-09 3.1119E-09 1.3820E-09 2.8711E-10 4.7223E-11 0.0000E+00 0.0000E+00 0.0000E+00 0.0000E+00 0.0000E+00 0.0000E+00 0.0000E+00 0.0000E+00 0.0000E+00 0.0000E+00 0.0000E+00 0.0000E+00 0.0000E+00 0.0000E+00 0.0000E+00 0.0000E+00 0.0000E+00 0.0000E+00 0.0000E+00 0.0000E+00 0.0000E+00 0.0000E+00 0.0000E+00 0.0000E+00 0.0000E+00 0.0000E+00 0.0000E+00 0.0000E+00 0.0000E+00 0.0000E+00
