Assets/Resources/2015_m01_d21_0800(utc+0800)_l00_csi_1hr_conc.grd
DSAA
         159         159
     -79.000      79.000
     -79.000      79.000
  0.1110E-08  0.2341E-04
[rows 100 to 124 of 159, columns 57 to 113 of 159]
8.2774E-09 8.2724E-09 8.2620E-09 8.2612E-09 8.2650E-09 8.2560E-09 8.2396E-09 8.2213E-09 8.2092E-09 8.2018E-09 8.2104E-09 8.1965E-09 8.1796E-09 8.1628E-09 8.1465E-09 8.1420E-09 8.1336E-09 8.1384E-09 8.3422E-09 8.6525E-09 9.0256E-09 9.3517E-09 9.6984E-09 1.0020E-08 1.0304E-08 1.0566E-08 1.0854E-08 1.1278E-08 1.1549E-08 1.2103E-08 1.2570E-08 1.2843E-08 1.3083E-08 1.3284E-08 1.3450E-08 1.3578E-08 1.3666E-08 1.3694E-08 1.3659E-08 1.3441E-08 1.3359E-08 1.3205E-08 1.3004E-08 1.2864E-08 1.2508E-08 1.2297E-08 1.2031E-08 1.1743E-08 1.1474E-08 1.1069E-08 1.0765E-08 1.0441E-08 1.0151E-08 9.7252E-09 9.3923E-09 9.0861E-09 8.8290E-09
8.1932E-09 8.1863E-09 8.1786E-09 8.1656E-09 8.1619E-09 8.1631E-09 8.1514E-09 8.1324E-09 8.1117E-09 8.0952E-09 8.0829E-09 8.0889E-09 8.0770E-09 8.0580E-09 8.0394E-09 8.0213E-09 8.0037E-09 8.0035E-09 7.9889E-09 8.0473E-09 8.2581E-09 8.5066E-09 8.7799E-09 9.0288E-09 9.2963E-09 9.4687E-09 9.7863E-09 1.0029E-08 1.0437E-08 1.0651E-08 1.0811E-08 1.1342E-08 1.1506E-08 1.1645E-08 1.1760E-08 1.1966E-08 1.2026E-08 1.2045E-08 1.2019E-08 1.1972E-08 1.1881E-08 1.1628E-08 1.1517E-08 1.1397E-08 1.1252E-08 1.1082E-08 1.0766E-08 1.0580E-08 1.0352E-08 1.0118E-08 9.8999E-09 9.5484E-09 9.2844E-09 9.0130E-09 8.7799E-09 8.4283E-09 8.1651E-09
8.1113E-09 8.1010E-09 8.0898E-09 8.0796E-09 8.0656E-09 8.0529E-09 8.0576E-09 8.0434E-09 8.0221E-09 7.9990E-09 7.9744E-09 7.9602E-09 7.9627E-09 7.9551E-09 7.9344E-09 7.9140E-09 7.8941E-09 7.8744E-09 7.8714E-09 7.8544E-09 7.8374E-09 7.9151E-09 8.0860E-09 8.2966E-09 8.4631E-09 8.6784E-09 8.8289E-09 9.0354E-09 9.2410E-09 9.5697E-09 9.7078E-09 9.8445E-09 1.0208E-08 1.0315E-08 1.0407E-08 1.0463E-08 1.0602E-08 1.0634E-08 1.0632E-08 1.0601E-08 1.0538E-08 1.0463E-08 1.0227E-08 1.0155E-08 1.0054E-08 9.9454E-09 9.8223E-09 9.6693E-09 9.3922E-09 9.2322E-09 9.0388E-09 8.8431E-09 8.6556E-09 8.3394E-09 8.1144E-09 7.9026E-09 7.7227E-09
8.0250E-09 8.0179E-09 8.0051E-09 7.9897E-09 7.9786E-09 7.9622E-09 7.9408E-09 7.9432E-09 7.9324E-09 7.9088E-09 7.8837E-09 7.8570E-09 7.8394E-09 7.8322E-09 7.8314E-09 7.8090E-09 7.7869E-09 7.7651E-09 7.7461E-09 7.7278E-09 7.7176E-09 7.6976E-09 7.6771E-09 7.7352E-09 7.8709E-09 7.9940E-09 8.1628E-09 8.2895E-09 8.4246E-09 8.6007E-09 8.8485E-09 8.9404E-09 9.0144E-09 9.1037E-09 9.3257E-09 9.3808E-09 9.4109E-09 9.4159E-09 9.4965E-09 9.4861E-09 9.4538E-09 9.3933E-09 9.3171E-09 9.2297E-09 9.0462E-09 8.9847E-09 8.9184E-09 8.7840E-09 8.6813E-09 8.5485E-09 8.3077E-09 8.1653E-09 7.9903E-09 7.8169E-09 7.6559E-09 7.4894E-09 7.3097E-09
7.9377E-09 7.9294E-09 7.9210E-09 7.9058E-09 7.8880E-09 7.8730E-09 7.8560E-09 7.8323E-09 7.8259E-09 7.8188E-09 7.7931E-09 7.7661E-09 7.7382E-09 7.7096E-09 7.6988E-09 7.6998E-09 7.6822E-09 7.6583E-09 7.6345E-09 7.6133E-09 7.5949E-09 7.5741E-09 7.5558E-09 7.5321E-09 7.5113E-09 7.5350E-09 7.6139E-09 7.7135E-09 7.8441E-09 7.9246E-09 8.0465E-09 8.2597E-09 8.3113E-09 8.3520E-09 8.4017E-09 8.5063E-09 8.5383E-09 8.5533E-09 8.5374E-09 8.5833E-09 8.5529E-09 8.5216E-09 8.4725E-09 8.3960E-09 8.3563E-09 8.3000E-09 8.0944E-09 8.0384E-09 7.9740E-09 7.8506E-09 7.7708E-09 7.6513E-09 7.5402E-09 7.3951E-09 7.2416E-09 7.1148E-09 6.9847E-09
7.8532E-09 7.8426E-09 7.8306E-09 7.8199E-09 7.8034E-09 7.7835E-09 7.7631E-09 7.7471E-09 7.7215E-09 7.6939E-09 7.7028E-09 7.6754E-09 7.6471E-09 7.6180E-09 7.5900E-09 7.5696E-09 7.5582E-09 7.5519E-09 7.5283E-09 7.5024E-09 7.4788E-09 7.4577E-09 7.4365E-09 7.4126E-09 7.3858E-09 7.3616E-09 7.3406E-09 7.3259E-09 7.3445E-09 7.4465E-09 7.5161E-09 7.5810E-09 7.7398E-09 7.7923E-09 7.8062E-09 7.8297E-09 7.8437E-09 7.8532E-09 7.8450E-09 7.8217E-09 7.8506E-09 7.8011E-09 7.7565E-09 7.7144E-09 7.6885E-09 7.6129E-09 7.5720E-09 7.5119E-09 7.4477E-09 7.3731E-09 7.3114E-09 7.2318E-09 7.1345E-09 7.0317E-09 6.9234E-09 6.8089E-09 6.6916E-09
7.7677E-09 7.7573E-09 7.7443E-09 7.7288E-09 7.7159E-09 7.6984E-09 7.6765E-09 7.6523E-09 7.6344E-09 7.6085E-09 7.5793E-09 7.5613E-09 7.5564E-09 7.5269E-09 7.4965E-09 7.4674E-09 7.4379E-09 7.4199E-09 7.4103E-09 7.3956E-09 7.3689E-09 7.3428E-09 7.3191E-09 7.2951E-09 7.2684E-09 7.2384E-09 7.2110E-09 7.1866E-09 7.1743E-09 7.1780E-09 7.1890E-09 7.2197E-09 7.2457E-09 7.3116E-09 7.3592E-09 7.3536E-09 7.3567E-09 7.3535E-09 7.3472E-09 7.3325E-09 7.3096E-09 7.3351E-09 7.2835E-09 7.2275E-09 7.2033E-09 7.1658E-09 7.1328E-09 7.0791E-09 7.0156E-09 6.9806E-09 6.9391E-09 6.8696E-09 6.8240E-09 6.7333E-09 6.6445E-09 6.5567E-09 6.4656E-09
7.6812E-09 7.6711E-09 7.6584E-09 7.6433E-09 7.6256E-09 7.6056E-09 7.5910E-09 7.5671E-09 7.5412E-09 7.5133E-09 7.4937E-09 7.4630E-09 7.4374E-09 7.4363E-09 7.4056E-09 7.3740E-09 7.3437E-09 7.3152E-09 7.2846E-09 7.2658E-09 7.2501E-09 7.2312E-09 7.2056E-09 7.1794E-09 7.1528E-09 7.1233E-09 7.0905E-09 7.0601E-09 7.0326E-09 7.0108E-09 7.0105E-09 7.0221E-09 7.0422E-09 7.0565E-09 7.0595E-09 7.0490E-09 7.0328E-09 7.0199E-09 7.0082E-09 6.9867E-09 6.9715E-09 6.9446E-09 6.9117E-09 6.8755E-09 6.8364E-09 6.8207E-09 6.8026E-09 6.7565E-09 6.7322E-09 6.6996E-09 6.6697E-09 6.6145E-09 6.5758E-09 6.5069E-09 6.4274E-09 6.3447E-09 6.2572E-09
7.5930E-09 7.5841E-09 7.5717E-09 7.5569E-09 7.5396E-09 7.5200E-09 7.4982E-09 7.4814E-09 7.4558E-09 7.4282E-09 7.4004E-09 7.3774E-09 7.3453E-09 7.3184E-09 7.2977E-09 7.2833E-09 7.2507E-09 7.2194E-09 7.1897E-09 7.1595E-09 7.1282E-09 7.1046E-09 7.0827E-09 7.0598E-09 7.0390E-09 7.0098E-09 6.9779E-09 6.9425E-09 6.9093E-09 6.8789E-09 6.8539E-09 6.8494E-09 6.8560E-09 6.8705E-09 6.8788E-09 6.8761E-09 6.8602E-09 6.8387E-09 6.8155E-09 6.7905E-09 6.7633E-09 6.7337E-09 6.7016E-09 6.6666E-09 6.6301E-09 6.6098E-09 6.5868E-09 6.5456E-09 6.5212E-09 6.4908E-09 6.4390E-09 6.4051E-09 6.3650E-09 6.3005E-09 6.2203E-09 6.1368E-09 6.0556E-09
7.5004E-09 7.4944E-09 7.4843E-09 7.4698E-09 7.4529E-09 7.4337E-09 7.4123E-09 7.3887E-09 7.3642E-09 7.3427E-09 7.3137E-09 7.2844E-09 7.2553E-09 7.2264E-09 7.1983E-09 7.1765E-09 7.1604E-09 7.1267E-09 7.0944E-09 7.0633E-09 7.0317E-09 6.9977E-09 6.9626E-09 6.9349E-09 6.9093E-09 6.8882E-09 6.8570E-09 6.8324E-09 6.7947E-09 6.7558E-09 6.7259E-09 6.6981E-09 6.6895E-09 6.6865E-09 6.6914E-09 6.6986E-09 6.6953E-09 6.6746E-09 6.6483E-09 6.6204E-09 6.5907E-09 6.5590E-09 6.5251E-09 6.4887E-09 6.4510E-09 6.4265E-09 6.3852E-09 6.3576E-09 6.3279E-09 6.2767E-09 6.2434E-09 6.2048E-09 6.1584E-09 6.0981E-09 6.0270E-09 5.9534E-09 5.8718E-09
7.4121E-09 7.4025E-09 7.3904E-09 7.3820E-09 7.3656E-09 7.3468E-09 7.3259E-09 7.3027E-09 7.2774E-09 7.2525E-09 7.2282E-09 7.1977E-09 7.1671E-09 7.1368E-09 7.1050E-09 7.0835E-09 7.0543E-09 7.0312E-09 7.0022E-09 6.9703E-09 6.9361E-09 6.9031E-09 6.8678E-09 6.8299E-09 6.7910E-09 6.7607E-09 6.7362E-09 6.7062E-09 6.6740E-09 6.6369E-09 6.5954E-09 6.5697E-09 6.5382E-09 6.5210E-09 6.5072E-09 6.5198E-09 6.5174E-09 6.5130E-09 6.4924E-09 6.4608E-09 6.4277E-09 6.3929E-09 6.3559E-09 6.3171E-09 6.2841E-09 6.2448E-09 6.2050E-09 6.1745E-09 6.1410E-09 6.0923E-09 6.0575E-09 6.0172E-09 5.9584E-09 5.9148E-09 5.8428E-09 5.7731E-09 5.7008E-09
7.3231E-09 7.3139E-09 7.3023E-09 7.2882E-09 7.2767E-09 7.2594E-09 7.2389E-09 7.2162E-09 7.1914E-09 7.1646E-09 7.1383E-09 7.1091E-09 7.0807E-09 7.0488E-09 7.0173E-09 6.9844E-09 6.9617E-09 6.9373E-09 6.9072E-09 6.8770E-09 6.8439E-09 6.8101E-09 6.7741E-09 6.7374E-09 6.6982E-09 6.6579E-09 6.6190E-09 6.5866E-09 6.5566E-09 6.5186E-09 6.4822E-09 6.4385E-09 6.4028E-09 6.3755E-09 6.3499E-09 6.3372E-09 6.3397E-09 6.3287E-09 6.3234E-09 6.3030E-09 6.2690E-09 6.2325E-09 6.1944E-09 6.1547E-09 6.1127E-09 6.0692E-09 6.0449E-09 6.0050E-09 5.9577E-09 5.9217E-09 5.8848E-09 5.8287E-09 5.7871E-09 5.7431E-09 5.6787E-09 5.6079E-09 5.5307E-09
7.2333E-09 7.2246E-09 7.2135E-09 7.1999E-09 7.1839E-09 7.1667E-09 7.1514E-09 7.1292E-09 7.1050E-09 7.0787E-09 7.0504E-09 7.0228E-09 6.9935E-09 6.9615E-09 6.9312E-09 6.8970E-09 6.8631E-09 6.8392E-09 6.8138E-09 6.7882E-09 6.7513E-09 6.7169E-09 6.6820E-09 6.6464E-09 6.6069E-09 6.5663E-09 6.5248E-09 6.4846E-09 6.4461E-09 6.4093E-09 6.3663E-09 6.3304E-09 6.2850E-09 6.2414E-09 6.2169E-09 6.1835E-09 6.1673E-09 6.1609E-09 6.1506E-09 6.1318E-09 6.1202E-09 6.0831E-09 6.0448E-09 6.0040E-09 5.9616E-09 5.9177E-09 5.8717E-09 5.8370E-09 5.8062E-09 5.7609E-09 5.7216E-09 5.6664E-09 5.6229E-09 5.5753E-09 5.5041E-09 5.4394E-09 5.3628E-09
7.1430E-09 7.1348E-09 7.1241E-09 7.1110E-09 7.0956E-09 7.0778E-09 7.0599E-09 7.0390E-09 7.0182E-09 6.9925E-09 6.9648E-09 6.9352E-09 6.9063E-09 6.8759E-09 6.8439E-09 6.8114E-09 6.7777E-09 6.7413E-09 6.7163E-09 6.6898E-09 6.6632E-09 6.6252E-09 6.5897E-09 6.5536E-09 6.5169E-09 6.4762E-09 6.4346E-09 6.3920E-09 6.3484E-09 6.3108E-09 6.2728E-09 6.2277E-09 6.1817E-09 6.1346E-09 6.0865E-09 6.0568E-09 6.0169E-09 5.9934E-09 5.9857E-09 5.9705E-09 5.9596E-09 5.9355E-09 5.8995E-09 5.8583E-09 5.8159E-09 5.7711E-09 5.7249E-09 5.6783E-09 5.6392E-09 5.6055E-09 5.5473E-09 5.4908E-09 5.4467E-09 5.3778E-09 5.3300E-09 5.2650E-09 5.1918E-09
7.0497E-09 7.0435E-09 7.0342E-09 7.0216E-09 7.0067E-09 6.9896E-09 6.9702E-09 6.9507E-09 6.9283E-09 6.9059E-09 6.8788E-09 6.8499E-09 6.8203E-09 6.7891E-09 6.7575E-09 6.7245E-09 6.6910E-09 6.6564E-09 6.6206E-09 6.5930E-09 6.5655E-09 6.5379E-09 6.4990E-09 6.4624E-09 6.4252E-09 6.3875E-09 6.3458E-09 6.3032E-09 6.2596E-09 6.2150E-09 6.1762E-09 6.1370E-09 6.0910E-09 6.0440E-09 5.9961E-09 5.9471E-09 5.9059E-09 5.8647E-09 5.8383E-09 5.8075E-09 5.7866E-09 5.7727E-09 5.7358E-09 5.7079E-09 5.6635E-09 5.6181E-09 5.5715E-09 5.5237E-09 5.4746E-09 5.4260E-09 5.3839E-09 5.3419E-09 5.2844E-09 5.2191E-09 5.1531E-09 5.0911E-09 5.0280E-09
6.9586E-09 6.9511E-09 6.9417E-09 6.9318E-09 6.9174E-09 6.9009E-09 6.8821E-09 6.8611E-09 6.8402E-09 6.8173E-09 6.7917E-09 6.7643E-09 6.7342E-09 6.7034E-09 6.6723E-09 6.6386E-09 6.6047E-09 6.5704E-09 6.5348E-09 6.4982E-09 6.4696E-09 6.4411E-09 6.4126E-09 6.3727E-09 6.3336E-09 6.2970E-09 6.2583E-09 6.2157E-09 6.1722E-09 6.1278E-09 6.0824E-09 6.0404E-09 6.0002E-09 5.9553E-09 5.9076E-09 5.8589E-09 5.8093E-09 5.7588E-09 5.7246E-09 5.6828E-09 5.6415E-09 5.6346E-09 5.6030E-09 5.5700E-09 5.5347E-09 5.4877E-09 5.4329E-09 5.3837E-09 5.3334E-09 5.2821E-09 5.2298E-09 5.1779E-09 5.1277E-09 5.0708E-09 5.0102E-09 4.9433E-09 4.8646E-09
6.8670E-09 6.8600E-09 6.8507E-09 6.8399E-09 6.8265E-09 6.8117E-09 6.7936E-09 6.7733E-09 6.7509E-09 6.7285E-09 6.7044E-09 6.6785E-09 6.6490E-09 6.6178E-09 6.5861E-09 6.5540E-09 6.5205E-09 6.4847E-09 6.4495E-09 6.4132E-09 6.3758E-09 6.3463E-09 6.3168E-09 6.2873E-09 6.2467E-09 6.2066E-09 6.1691E-09 6.1295E-09 6.0861E-09 6.0419E-09 5.9967E-09 5.9507E-09 5.9037E-09 5.8666E-09 5.8210E-09 5.7726E-09 5.7234E-09 5.6732E-09 5.6223E-09 5.5839E-09 5.5324E-09 5.4936E-09 5.4591E-09 5.4286E-09 5.4005E-09 5.3511E-09 5.3088E-09 5.2584E-09 5.2072E-09 5.1480E-09 5.0948E-09 5.0408E-09 4.9859E-09 4.9145E-09 4.8515E-09 4.7929E-09 4.7271E-09
6.7730E-09 6.7669E-09 6.7597E-09 6.7486E-09 6.7361E-09 6.7215E-09 6.7048E-09 6.6851E-09 6.6634E-09 6.6406E-09 6.6160E-09 6.5907E-09 6.5637E-09 6.5332E-09 6.5010E-09 6.4684E-09 6.4354E-09 6.4011E-09 6.3645E-09 6.3286E-09 6.2915E-09 6.2535E-09 6.2230E-09 6.1926E-09 6.1623E-09 6.1209E-09 6.0786E-09 6.0403E-09 6.0014E-09 5.9573E-09 5.9124E-09 5.8666E-09 5.8200E-09 5.7725E-09 5.7323E-09 5.6880E-09 5.6392E-09 5.5895E-09 5.5390E-09 5.4877E-09 5.4356E-09 5.3937E-09 5.3493E-09 5.3011E-09 5.2659E-09 5.2212E-09 5.1755E-09 5.1316E-09 5.0789E-09 5.0198E-09 4.9654E-09 4.9035E-09 4.8476E-09 4.7910E-09 4.7340E-09 4.6597E-09 4.5957E-09
6.6804E-09 6.6748E-09 6.6673E-09 6.6571E-09 6.6451E-09 6.6310E-09 6.6149E-09 6.5963E-09 6.5757E-09 6.5526E-09 6.5286E-09 6.5038E-09 6.4764E-09 6.4484E-09 6.4170E-09 6.3840E-09 6.3505E-09 6.3167E-09 6.2817E-09 6.2444E-09 6.2077E-09 6.1701E-09 6.1315E-09 6.1001E-09 6.0688E-09 6.0377E-09 5.9956E-09 5.9527E-09 5.9136E-09 5.8740E-09 5.8293E-09 5.7839E-09 5.7376E-09 5.6904E-09 5.6425E-09 5.5996E-09 5.5567E-09 5.5074E-09 5.4574E-09 5.4066E-09 5.3552E-09 5.3029E-09 5.2577E-09 5.2047E-09 5.1594E-09 5.1097E-09 5.0558E-09 5.0127E-09 4.9584E-09 4.9035E-09 4.8481E-09 4.7921E-09 4.7343E-09 4.6665E-09 4.6041E-09 4.5458E-09 4.4871E-09
6.5868E-09 6.5824E-09 6.5750E-09 6.5658E-09 6.5543E-09 6.5408E-09 6.5248E-09 6.5072E-09 6.4877E-09 6.4654E-09 6.4412E-09 6.4160E-09 6.3901E-09 6.3627E-09 6.3328E-09 6.3006E-09 6.2667E-09 6.2314E-09 6.1980E-09 6.1623E-09 6.1245E-09 6.0858E-09 6.0489E-09 6.0098E-09 5.9724E-09 5.9455E-09 5.9135E-09 5.8710E-09 5.8275E-09 5.7862E-09 5.7475E-09 5.7024E-09 5.6565E-09 5.6097E-09 5.5623E-09 5.5140E-09 5.4650E-09 5.4250E-09 5.3754E-09 5.3250E-09 5.2763E-09 5.2248E-09 5.1725E-09 5.1168E-09 5.0684E-09 5.0184E-09 4.9644E-09 4.9098E-09 4.8588E-09 4.8035E-09 4.7477E-09 4.6915E-09 4.6349E-09 4.5778E-09 4.5149E-09 4.4463E-09 4.3877E-09
6.4938E-09 6.4895E-09 6.4826E-09 6.4738E-09 6.4630E-09 6.4500E-09 6.4350E-09 6.4180E-09 6.3987E-09 6.3779E-09 6.3545E-09 6.3292E-09 6.3030E-09 6.2761E-09 6.2478E-09 6.2171E-09 6.1841E-09 6.1495E-09 6.1136E-09 6.0794E-09 6.0432E-09 6.0048E-09 5.9656E-09 5.9282E-09 5.8886E-09 5.8506E-09 5.8227E-09 5.7901E-09 5.7471E-09 5.7032E-09 5.6585E-09 5.6206E-09 5.5765E-09 5.5302E-09 5.4833E-09 5.4355E-09 5.3871E-09 5.3379E-09 5.2936E-09 5.2454E-09 5.1949E-09 5.1459E-09 5.0942E-09 5.0419E-09 4.9891E-09 4.9381E-09 4.8815E-09 4.8272E-09 4.7724E-09 4.7171E-09 4.6615E-09 4.6055E-09 4.5492E-09 4.4925E-09 4.4356E-09 4.3783E-09 4.3207E-09
6.4001E-09 6.3964E-09 6.3904E-09 6.3822E-09 6.3719E-09 6.3591E-09 6.3447E-09 6.3284E-09 6.3101E-09 6.2900E-09 6.2676E-09 6.2431E-09 6.2168E-09 6.1897E-09 6.1619E-09 6.1327E-09 6.1013E-09 6.0676E-09 6.0324E-09 5.9959E-09 5.9602E-09 5.9244E-09 5.8855E-09 5.8446E-09 5.8080E-09 5.7680E-09 5.7246E-09 5.7007E-09 5.6674E-09 5.6240E-09 5.5798E-09 5.5348E-09 5.4949E-09 5.4519E-09 5.4054E-09 5.3582E-09 5.3103E-09 5.2617E-09 5.2125E-09 5.1626E-09 5.1177E-09 5.0690E-09 5.0179E-09 4.9663E-09 4.9141E-09 4.8613E-09 4.8082E-09 4.7545E-09 4.7004E-09 4.6430E-09 4.5881E-09 4.5328E-09 4.4772E-09 4.4214E-09 4.3653E-09 4.3089E-09 4.2521E-09
6.3068E-09 6.3035E-09 6.2977E-09 6.2900E-09 6.2803E-09 6.2685E-09 6.2548E-09 6.2386E-09 6.2210E-09 6.2016E-09 6.1803E-09 6.1569E-09 6.1314E-09 6.1042E-09 6.0754E-09 6.0477E-09 6.0177E-09 5.9856E-09 5.9513E-09 5.9156E-09 5.8785E-09 5.8423E-09 5.8060E-09 5.7668E-09 5.7255E-09 5.6872E-09 5.6481E-09 5.6045E-09 5.5748E-09 5.5456E-09 5.5020E-09 5.4575E-09 5.4123E-09 5.3706E-09 5.3286E-09 5.2820E-09 5.2347E-09 5.1867E-09 5.1381E-09 5.0889E-09 5.0391E-09 4.9922E-09 4.9434E-09 4.8924E-09 4.8408E-09 4.7888E-09 4.7364E-09 4.6834E-09 4.6302E-09 4.5765E-09 4.5225E-09 4.4653E-09 4.4076E-09 4.3527E-09 4.2975E-09 4.2421E-09 4.1862E-09
6.2130E-09 6.2102E-09 6.2053E-09 6.1982E-09 6.1887E-09 6.1775E-09 6.1644E-09 6.1493E-09 6.1323E-09 6.1131E-09 6.0926E-09 6.0703E-09 6.0460E-09 6.0196E-09 5.9916E-09 5.9620E-09 5.9335E-09 5.9029E-09 5.8702E-09 5.8353E-09 5.7991E-09 5.7616E-09 5.7239E-09 5.6882E-09 5.6487E-09 5.6071E-09 5.5672E-09 5.5291E-09 5.4852E-09 5.4454E-09 5.4249E-09 5.3810E-09 5.3364E-09 5.2911E-09 5.2451E-09 5.2053E-09 5.1585E-09 5.1127E-09 5.0648E-09 5.0162E-09 4.9671E-09 4.9175E-09 4.8673E-09 4.8202E-09 4.7671E-09 4.7157E-09 4.6639E-09 4.6116E-09 4.5591E-09 4.5062E-09 4.4530E-09 4.3995E-09 4.3457E-09 4.2889E-09 4.2317E-09 4.1772E-09 4.1222E-09
6.1195E-09 6.1169E-09 6.1125E-09 6.1060E-09 6.0974E-09 6.0869E-09 6.0740E-09 6.0595E-09 6.0433E-09 6.0252E-09 6.0049E-09 5.9834E-09 5.9601E-09 5.9349E-09 5.9077E-09 5.8790E-09 5.8487E-09 5.8195E-09 5.7883E-09 5.7550E-09 5.7197E-09 5.6830E-09 5.6452E-09 5.6062E-09 5.5701E-09 5.5312E-09 5.4895E-09 5.4481E-09 5.4097E-09 5.3670E-09 5.3223E-09 5.3008E-09 5.2613E-09 5.2166E-09 5.1712E-09 5.1252E-09 5.0825E-09 5.0369E-09 4.9910E-09 4.9430E-09 4.8946E-09 4.8456E-09 4.7961E-09 4.7461E-09 4.6974E-09 4.6467E-09 4.5934E-09 4.5419E-09 4.4900E-09 4.4378E-09 4.3854E-09 4.3326E-09 4.2797E-09 4.2266E-09 4.1733E-09 4.1058E-09 4.0490E-09
