Assets/Resources/2015_m01_d11_2200(utc+0800)_l00_csi_1hr_conc.grd
DSAA
         159         159
     -79.000      79.000
     -79.000      79.000
  0.0000E+00  0.7070E-05
[rows 0 to 24 of 159, columns 0 to 56 of 159]
5.9345E-10 6.5198E-10 7.1456E-10 7.8125E-10 8.5243E-10 9.2841E-10 1.0091E-09 1.0944E-09 1.1846E-09 1.2783E-09 1.3805E-09 1.4869E-09 1.5953E-09 1.7087E-09 1.8256E-09 1.9455E-09 2.0672E-09 2.1915E-09 2.3167E-09 2.4436E-09 2.5698E-09 2.6964E-09 2.8216E-09 2.9436E-09 3.0637E-09 3.1808E-09 3.2939E-09 3.4007E-09 3.5035E-09 3.5977E-09 3.6899E-09 3.7709E-09 3.8443E-09 3.9090E-09 3.9633E-09 4.0102E-09 4.0462E-09 4.0698E-09 4.0851E-09 4.0870E-09 4.0763E-09 4.0564E-09 4.0234E-09 3.9777E-09 3.9196E-09 3.8495E-09 3.7682E-09 3.6764E-09 3.5745E-09 3.4633E-09 3.3439E-09 3.2171E-09 3.0837E-09 2.9450E-09 2.8019E-09 2.6555E-09 2.5068E-09
6.0148E-10 6.6118E-10 7.2504E-10 7.9315E-10 8.6622E-10 9.4435E-10 1.0266E-09 1.1147E-09 1.2070E-09 1.3033E-09 1.4102E-09 1.5199E-09 1.6323E-09 1.7503E-09 1.8710E-09 1.9955E-09 2.1224E-09 2.2510E-09 2.3821E-09 2.5136E-09 2.6462E-09 2.7776E-09 2.9088E-09 3.0380E-09 3.1651E-09 3.2890E-09 3.4083E-09 3.5239E-09 3.6320E-09 3.7395E-09 3.8353E-09 3.9255E-09 4.0068E-09 4.0782E-09 4.1445E-09 4.1980E-09 4.2407E-09 4.2739E-09 4.2929E-09 4.3024E-09 4.3007E-09 4.2844E-09 4.2545E-09 4.2119E-09 4.1573E-09 4.0901E-09 4.0106E-09 3.9194E-09 3.8169E-09 3.7044E-09 3.5824E-09 3.4523E-09 3.3148E-09 3.1709E-09 3.0219E-09 2.8686E-09 2.7126E-09
6.0781E-10 6.6848E-10 7.3344E-10 8.0284E-10 8.7777E-10 9.5724E-10 1.0422E-09 1.1322E-09 1.2266E-09 1.3260E-09 1.4357E-09 1.5497E-09 1.6650E-09 1.7872E-09 1.9128E-09 2.0405E-09 2.1717E-09 2.3057E-09 2.4409E-09 2.5774E-09 2.7154E-09 2.8534E-09 2.9905E-09 3.1261E-09 3.2595E-09 3.3905E-09 3.5180E-09 3.6393E-09 3.7605E-09 3.8709E-09 3.9777E-09 4.0751E-09 4.1638E-09 4.2494E-09 4.3209E-09 4.3831E-09 4.4364E-09 4.4767E-09 4.5088E-09 4.5279E-09 4.5313E-09 4.5234E-09 4.5029E-09 4.4677E-09 4.4198E-09 4.3586E-09 4.2828E-09 4.1945E-09 4.0948E-09 3.9838E-09 3.8628E-09 3.7320E-09 3.5929E-09 3.4461E-09 3.2931E-09 3.1348E-09 2.9725E-09
6.1232E-10 6.7380E-10 7.3971E-10 8.1029E-10 8.8658E-10 9.6772E-10 1.0541E-09 1.1462E-09 1.2423E-09 1.3443E-09 1.4582E-09 1.5746E-09 1.6935E-09 1.8201E-09 1.9482E-09 2.0803E-09 2.2157E-09 2.3534E-09 2.4932E-09 2.6355E-09 2.7788E-09 2.9216E-09 3.0642E-09 3.2072E-09 3.3477E-09 3.4857E-09 3.6192E-09 3.7524E-09 3.8771E-09 3.9994E-09 4.1125E-09 4.2188E-09 4.3221E-09 4.4118E-09 4.4946E-09 4.5673E-09 4.6280E-09 4.6822E-09 4.7204E-09 4.7460E-09 4.7610E-09 4.7605E-09 4.7450E-09 4.7171E-09 4.6737E-09 4.6158E-09 4.5440E-09 4.4587E-09 4.3609E-09 4.2507E-09 4.1292E-09 3.9969E-09 3.8552E-09 3.7048E-09 3.5470E-09 3.3827E-09 3.2140E-09
6.1494E-10 6.7706E-10 7.4370E-10 8.1534E-10 8.9288E-10 9.7523E-10 1.0637E-09 1.1568E-09 1.2551E-09 1.3596E-09 1.4754E-09 1.5959E-09 1.7170E-09 1.8471E-09 1.9785E-09 2.1133E-09 2.2527E-09 2.3943E-09 2.5384E-09 2.6854E-09 2.8337E-09 2.9825E-09 3.1324E-09 3.2806E-09 3.4274E-09 3.5722E-09 3.7143E-09 3.8541E-09 3.9899E-09 4.1180E-09 4.2412E-09 4.3609E-09 4.4687E-09 4.5718E-09 4.6637E-09 4.7455E-09 4.8212E-09 4.8810E-09 4.9309E-09 4.9680E-09 4.9887E-09 4.9965E-09 4.9912E-09 4.9691E-09 4.9318E-09 4.8789E-09 4.8119E-09 4.7303E-09 4.6353E-09 4.5269E-09 4.4061E-09 4.2737E-09 4.1301E-09 3.9768E-09 3.8145E-09 3.6452E-09 3.4700E-09
6.1566E-10 6.7820E-10 7.4536E-10 8.1808E-10 8.9639E-10 9.7978E-10 1.0695E-09 1.1639E-09 1.2638E-09 1.3701E-09 1.4884E-09 1.6110E-09 1.7354E-09 1.8676E-09 2.0020E-09 2.1408E-09 2.2828E-09 2.4282E-09 2.5773E-09 2.7287E-09 2.8817E-09 3.0355E-09 3.1899E-09 3.3453E-09 3.4991E-09 3.6508E-09 3.8019E-09 3.9493E-09 4.0914E-09 4.2301E-09 4.3651E-09 4.4904E-09 4.6132E-09 4.7238E-09 4.8268E-09 4.9256E-09 5.0096E-09 5.0848E-09 5.1464E-09 5.1923E-09 5.2288E-09 5.2500E-09 5.2531E-09 5.2422E-09 5.2160E-09 5.1741E-09 5.1185E-09 5.0463E-09 4.9589E-09 4.8572E-09 4.7414E-09 4.6124E-09 4.4710E-09 4.3180E-09 4.1549E-09 3.9834E-09 3.8038E-09
6.1440E-10 6.7718E-10 7.4469E-10 8.1814E-10 8.9708E-10 9.8180E-10 1.0720E-09 1.1676E-09 1.2691E-09 1.3761E-09 1.4966E-09 1.6223E-09 1.7474E-09 1.8830E-09 2.0199E-09 2.1608E-09 2.3059E-09 2.4546E-09 2.6074E-09 2.7628E-09 2.9201E-09 3.0801E-09 3.2410E-09 3.4015E-09 3.5611E-09 3.7196E-09 3.8793E-09 4.0338E-09 4.1858E-09 4.3336E-09 4.4766E-09 4.6168E-09 4.7456E-09 4.8700E-09 4.9893E-09 5.0952E-09 5.1944E-09 5.2787E-09 5.3507E-09 5.4141E-09 5.4592E-09 5.4883E-09 5.5053E-09 5.5046E-09 5.4889E-09 5.4577E-09 5.4083E-09 5.3433E-09 5.2619E-09 5.1651E-09 5.0530E-09 4.9263E-09 4.7859E-09 4.6324E-09 4.4680E-09 4.2929E-09 4.1082E-09
6.1117E-10 6.7402E-10 7.4165E-10 8.1569E-10 8.9512E-10 9.8021E-10 1.0710E-09 1.1669E-09 1.2695E-09 1.3776E-09 1.4995E-09 1.6269E-09 1.7536E-09 1.8915E-09 2.0307E-09 2.1740E-09 2.3217E-09 2.4737E-09 2.6303E-09 2.7894E-09 2.9509E-09 3.1166E-09 3.2810E-09 3.4470E-09 3.6124E-09 3.7782E-09 3.9465E-09 4.1094E-09 4.2691E-09 4.4275E-09 4.5826E-09 4.7292E-09 4.8731E-09 5.0119E-09 5.1390E-09 5.2632E-09 5.3727E-09 5.4715E-09 5.5629E-09 5.6361E-09 5.6966E-09 5.7448E-09 5.7736E-09 5.7893E-09 5.7887E-09 5.7696E-09 5.7352E-09 5.6835E-09 5.6135E-09 5.5290E-09 5.4272E-09 5.3076E-09 5.1730E-09 5.0239E-09 4.8618E-09 4.6866E-09 4.4995E-09
6.0600E-10 6.6868E-10 7.3627E-10 8.1058E-10 8.8996E-10 9.7528E-10 1.0662E-09 1.1629E-09 1.2657E-09 1.3742E-09 1.4980E-09 1.6262E-09 1.7541E-09 1.8946E-09 2.0348E-09 2.1800E-09 2.3298E-09 2.4848E-09 2.6437E-09 2.8060E-09 2.9724E-09 3.1413E-09 3.3122E-09 3.4829E-09 3.6553E-09 3.8261E-09 4.0035E-09 4.1736E-09 4.3418E-09 4.5106E-09 4.6749E-09 4.8363E-09 4.9921E-09 5.1408E-09 5.2866E-09 5.4189E-09 5.5434E-09 5.6600E-09 5.7605E-09 5.8514E-09 5.9269E-09 5.9851E-09 6.0329E-09 6.0618E-09 6.0737E-09 6.0701E-09 6.0471E-09 6.0071E-09 5.9506E-09 5.8736E-09 5.7782E-09 5.6654E-09 5.5355E-09 5.3901E-09 5.2286E-09 5.0523E-09 4.8617E-09
5.9885E-10 6.6115E-10 7.2849E-10 8.0272E-10 8.8208E-10 9.6712E-10 1.0581E-09 1.1545E-09 1.2576E-09 1.3667E-09 1.4907E-09 1.6200E-09 1.7487E-09 1.8907E-09 2.0321E-09 2.1787E-09 2.3302E-09 2.4881E-09 2.6496E-09 2.8147E-09 2.9853E-09 3.1586E-09 3.3326E-09 3.5067E-09 3.6845E-09 3.8626E-09 4.0486E-09 4.2252E-09 4.4037E-09 4.5840E-09 4.7597E-09 4.9301E-09 5.0997E-09 5.2644E-09 5.4190E-09 5.5676E-09 5.7082E-09 5.8363E-09 5.9559E-09 6.0598E-09 6.1484E-09 6.2289E-09 6.2895E-09 6.3347E-09 6.3643E-09 6.3740E-09 6.3680E-09 6.3426E-09 6.2967E-09 6.2310E-09 6.1458E-09 6.0412E-09 5.9185E-09 5.7776E-09 5.6184E-09 5.4418E-09 5.2483E-09
5.8974E-10 6.5145E-10 7.1836E-10 7.9232E-10 8.7077E-10 9.5570E-10 1.0463E-09 1.1423E-09 1.2454E-09 1.3542E-09 1.4785E-09 1.6084E-09 1.7373E-09 1.8804E-09 2.0225E-09 2.1700E-09 2.3232E-09 2.4823E-09 2.6463E-09 2.8153E-09 2.9874E-09 3.1633E-09 3.3410E-09 3.5223E-09 3.7051E-09 3.8876E-09 4.0809E-09 4.2676E-09 4.4529E-09 4.6453E-09 4.8309E-09 5.0163E-09 5.1972E-09 5.3729E-09 5.5434E-09 5.7065E-09 5.8616E-09 6.0105E-09 6.1441E-09 6.2656E-09 6.3813E-09 6.4761E-09 6.5594E-09 6.6275E-09 6.6755E-09 6.7113E-09 6.7256E-09 6.7187E-09 6.6935E-09 6.6470E-09 6.5781E-09 6.4916E-09 6.3832E-09 6.2527E-09 6.1016E-09 5.9295E-09 5.7391E-09
5.7878E-10 6.3967E-10 7.0591E-10 7.7921E-10 8.5664E-10 9.4117E-10 1.0312E-09 1.1264E-09 1.2291E-09 1.3375E-09 1.4613E-09 1.5914E-09 1.7202E-09 1.8638E-09 2.0061E-09 2.1540E-09 2.3084E-09 2.4691E-09 2.6338E-09 2.8046E-09 2.9810E-09 3.1588E-09 3.3399E-09 3.5250E-09 3.7127E-09 3.8989E-09 4.1016E-09 4.2950E-09 4.4908E-09 4.6949E-09 4.8908E-09 5.0881E-09 5.2816E-09 5.4708E-09 5.6551E-09 5.8352E-09 6.0087E-09 6.1697E-09 6.3226E-09 6.4684E-09 6.5965E-09 6.7167E-09 6.8198E-09 6.9068E-09 6.9824E-09 7.0349E-09 7.0689E-09 7.0836E-09 7.0756E-09 7.0460E-09 6.9957E-09 6.9214E-09 6.8237E-09 6.7025E-09 6.5571E-09 6.3894E-09 6.1996E-09
5.6600E-10 6.2586E-10 6.9125E-10 7.6380E-10 8.3979E-10 9.2376E-10 1.0124E-09 1.1069E-09 1.2088E-09 1.3159E-09 1.4393E-09 1.5690E-09 1.6972E-09 1.8409E-09 1.9829E-09 2.1307E-09 2.2861E-09 2.4467E-09 2.6135E-09 2.7867E-09 2.9626E-09 3.1427E-09 3.3279E-09 3.5167E-09 3.7068E-09 3.8988E-09 4.1112E-09 4.3131E-09 4.5150E-09 4.7312E-09 4.9374E-09 5.1479E-09 5.3522E-09 5.5562E-09 5.7574E-09 5.9519E-09 6.1398E-09 6.3212E-09 6.4961E-09 6.6568E-09 6.8155E-09 6.9560E-09 7.0826E-09 7.2015E-09 7.2981E-09 7.3788E-09 7.4407E-09 7.4783E-09 7.4979E-09 7.4937E-09 7.4644E-09 7.4122E-09 7.3343E-09 7.2278E-09 7.0953E-09 6.9366E-09 6.7497E-09
5.5155E-10 6.1018E-10 6.7456E-10 7.4591E-10 8.2037E-10 9.0342E-10 9.9048E-10 1.0839E-09 1.1846E-09 1.2900E-09 1.4126E-09 1.5416E-09 1.6687E-09 1.8119E-09 1.9531E-09 2.1005E-09 2.2559E-09 2.4170E-09 2.5840E-09 2.7579E-09 2.9358E-09 3.1175E-09 3.3050E-09 3.4968E-09 3.6903E-09 3.8866E-09 4.1058E-09 4.3150E-09 4.5259E-09 4.7543E-09 4.9688E-09 5.1922E-09 5.4115E-09 5.6270E-09 5.8445E-09 6.0549E-09 6.2608E-09 6.4623E-09 6.6559E-09 6.8479E-09 7.0228E-09 7.1893E-09 7.3482E-09 7.4862E-09 7.6139E-09 7.7200E-09 7.8049E-09 7.8747E-09 7.9164E-09 7.9353E-09 7.9309E-09 7.8979E-09 7.8262E-09 7.7439E-09 7.6133E-09 7.4706E-09 7.2836E-09
5.3552E-10 5.9275E-10 6.5590E-10 7.2565E-10 7.9853E-10 8.8050E-10 9.6554E-10 1.0577E-09 1.1568E-09 1.2602E-09 1.3815E-09 1.5092E-09 1.6348E-09 1.7771E-09 1.9170E-09 2.0636E-09 2.2186E-09 2.3792E-09 2.5472E-09 2.7202E-09 2.8979E-09 3.0808E-09 3.2714E-09 3.4638E-09 3.6602E-09 3.8620E-09 4.0921E-09 4.3063E-09 4.5236E-09 4.7617E-09 4.9869E-09 5.2247E-09 5.4546E-09 5.6846E-09 5.9169E-09 6.1447E-09 6.3692E-09 6.5925E-09 6.8132E-09 7.0220E-09 7.2265E-09 7.4231E-09 7.6038E-09 7.7769E-09 7.9289E-09 8.0639E-09 8.1842E-09 8.2768E-09 8.3486E-09 8.3967E-09 8.4157E-09 8.4048E-09 8.3626E-09 8.2881E-09 8.1804E-09 8.0329E-09 7.8508E-09
5.1805E-10 5.7373E-10 6.3545E-10 7.0336E-10 7.7447E-10 8.5489E-10 9.3783E-10 1.0283E-09 1.1253E-09 1.2265E-09 1.3461E-09 1.4722E-09 1.5958E-09 1.7367E-09 1.8748E-09 2.0204E-09 2.1741E-09 2.3335E-09 2.5011E-09 2.6740E-09 2.8519E-09 3.0365E-09 3.2263E-09 3.4212E-09 3.6201E-09 3.8253E-09 4.0626E-09 4.2841E-09 4.5047E-09 4.7558E-09 4.9898E-09 5.2408E-09 5.4831E-09 5.7234E-09 5.9755E-09 6.2205E-09 6.4649E-09 6.7125E-09 6.9535E-09 7.1921E-09 7.4240E-09 7.6457E-09 7.8653E-09 8.0656E-09 8.2531E-09 8.4288E-09 8.5768E-09 8.7096E-09 8.8183E-09 8.8985E-09 8.9516E-09 8.9722E-09 8.9574E-09 8.9077E-09 8.8158E-09 8.6816E-09 8.5144E-09
4.9932E-10 5.5328E-10 6.1340E-10 6.7926E-10 7.4839E-10 8.2690E-10 9.0758E-10 9.9619E-10 1.0906E-09 1.1894E-09 1.3069E-09 1.4309E-09 1.5521E-09 1.6910E-09 1.8269E-09 1.9710E-09 2.1228E-09 2.2815E-09 2.4472E-09 2.6186E-09 2.7965E-09 2.9808E-09 3.1710E-09 3.3662E-09 3.5670E-09 3.7766E-09 4.0220E-09 4.2453E-09 4.4738E-09 4.7351E-09 4.9786E-09 5.2417E-09 5.4930E-09 5.7501E-09 6.0191E-09 6.2831E-09 6.5485E-09 6.8190E-09 7.0863E-09 7.3495E-09 7.6115E-09 7.8711E-09 8.1151E-09 8.3530E-09 8.5785E-09 8.7814E-09 8.9734E-09 9.1400E-09 9.2830E-09 9.4004E-09 9.4839E-09 9.5330E-09 9.5462E-09 9.5166E-09 9.4387E-09 9.3246E-09 9.1715E-09
4.7946E-10 5.3157E-10 5.8989E-10 6.5357E-10 7.2052E-10 7.9678E-10 8.7505E-10 9.6153E-10 1.0530E-09 1.1491E-09 1.2641E-09 1.3857E-09 1.5040E-09 1.6406E-09 1.7737E-09 1.9160E-09 2.0657E-09 2.2217E-09 2.3857E-09 2.5563E-09 2.7322E-09 2.9160E-09 3.1064E-09 3.3022E-09 3.5057E-09 3.7149E-09 3.9676E-09 4.1952E-09 4.4279E-09 4.6993E-09 4.9499E-09 5.2244E-09 5.4905E-09 5.7581E-09 6.0484E-09 6.3314E-09 6.6143E-09 6.9131E-09 7.2050E-09 7.4967E-09 7.7934E-09 8.0805E-09 8.3645E-09 8.6375E-09 8.8960E-09 9.1481E-09 9.3759E-09 9.5860E-09 9.7734E-09 9.9282E-09 1.0051E-08 1.0139E-08 1.0185E-08 1.0168E-08 1.0131E-08 1.0043E-08 9.9170E-09
4.5866E-10 5.0882E-10 5.6509E-10 6.2651E-10 6.9110E-10 7.6489E-10 8.4054E-10 9.2455E-10 1.0129E-09 1.1060E-09 1.2181E-09 1.3368E-09 1.4519E-09 1.5857E-09 1.7157E-09 1.8556E-09 2.0023E-09 2.1558E-09 2.3177E-09 2.4853E-09 2.6595E-09 2.8424E-09 3.0313E-09 3.2265E-09 3.4315E-09 3.6418E-09 3.8987E-09 4.1298E-09 4.3679E-09 4.6493E-09 4.9055E-09 5.1932E-09 5.4692E-09 5.7542E-09 6.0620E-09 6.3615E-09 6.6692E-09 6.9930E-09 7.3113E-09 7.6342E-09 7.9619E-09 8.2852E-09 8.6014E-09 8.9152E-09 9.2207E-09 9.5067E-09 9.7828E-09 1.0037E-08 1.0258E-08 1.0461E-08 1.0624E-08 1.0748E-08 1.0820E-08 1.0847E-08 1.0834E-08 1.0778E-08 1.0676E-08
4.3712E-10 4.8520E-10 5.3920E-10 5.9831E-10 6.6038E-10 7.3151E-10 8.0433E-10 8.8553E-10 9.7066E-10 1.0605E-09 1.1693E-09 1.2848E-09 1.3963E-09 1.5269E-09 1.6533E-09 1.7905E-09 1.9343E-09 2.0841E-09 2.2432E-09 2.4085E-09 2.5793E-09 2.7604E-09 2.9488E-09 3.1433E-09 3.3467E-09 3.5578E-09 3.8201E-09 4.0539E-09 4.2931E-09 4.5834E-09 4.8462E-09 5.1469E-09 5.4356E-09 5.7317E-09 6.0587E-09 6.3793E-09 6.7051E-09 7.0586E-09 7.4059E-09 7.7532E-09 8.1189E-09 8.4762E-09 8.8360E-09 9.1892E-09 9.5320E-09 9.8704E-09 1.0189E-08 1.0486E-08 1.0761E-08 1.1002E-08 1.1208E-08 1.1366E-08 1.1477E-08 1.1548E-08 1.1572E-08 1.1552E-08 1.1488E-08
4.1500E-10 4.6093E-10 5.1246E-10 5.6920E-10 6.2861E-10 6.9692E-10 7.6675E-10 8.4482E-10 9.2661E-10 1.0129E-09 1.1182E-09 1.2301E-09 1.3377E-09 1.4647E-09 1.5871E-09 1.7213E-09 1.8606E-09 2.0074E-09 2.1630E-09 2.3241E-09 2.4925E-09 2.6715E-09 2.8564E-09 3.0494E-09 3.2522E-09 3.4618E-09 3.7278E-09 3.9633E-09 4.2050E-09 4.5033E-09 4.7722E-09 5.0844E-09 5.3852E-09 5.6934E-09 6.0391E-09 6.3784E-09 6.7284E-09 7.1094E-09 7.4799E-09 7.8617E-09 8.2621E-09 8.6559E-09 9.0556E-09 9.4499E-09 9.8439E-09 1.0225E-08 1.0592E-08 1.0944E-08 1.1266E-08 1.1560E-08 1.1814E-08 1.2016E-08 1.2182E-08 1.2300E-08 1.2376E-08 1.2406E-08 1.2386E-08
3.9250E-10 4.3619E-10 4.8510E-10 5.3937E-10 5.9607E-10 6.6134E-10 7.2810E-10 8.0278E-10 8.8110E-10 9.6369E-10 1.0651E-09 1.1731E-09 1.2766E-09 1.3996E-09 1.5178E-09 1.6483E-09 1.7827E-09 1.9261E-09 2.0777E-09 2.2342E-09 2.3995E-09 2.5752E-09 2.7581E-09 2.9470E-09 3.1481E-09 3.3574E-09 3.6270E-09 3.8608E-09 4.1040E-09 4.4100E-09 4.6843E-09 5.0115E-09 5.3190E-09 5.6395E-09 6.0067E-09 6.3630E-09 6.7323E-09 7.1399E-09 7.5415E-09 7.9493E-09 8.3899E-09 8.8210E-09 9.2618E-09 9.7023E-09 1.0141E-08 1.0573E-08 1.0994E-08 1.1392E-08 1.1771E-08 1.2114E-08 1.2411E-08 1.2672E-08 1.2890E-08 1.3069E-08 1.3192E-08 1.3289E-08 1.3331E-08
3.6978E-10 4.1117E-10 4.5739E-10 5.0906E-10 5.6303E-10 6.2509E-10 6.8874E-10 7.5973E-10 8.3452E-10 9.1321E-10 1.0106E-09 1.1144E-09 1.2136E-09 1.3321E-09 1.4456E-09 1.5726E-09 1.7014E-09 1.8409E-09 1.9880E-09 2.1391E-09 2.3011E-09 2.4731E-09 2.6510E-09 2.8374E-09 3.0362E-09 3.2416E-09 3.5137E-09 3.7472E-09 3.9911E-09 4.3043E-09 4.5833E-09 4.9213E-09 5.2381E-09 5.5699E-09 5.9548E-09 6.3306E-09 6.7182E-09 7.1564E-09 7.5809E-09 8.0230E-09 8.5001E-09 8.9644E-09 9.4540E-09 9.9403E-09 1.0427E-08 1.0908E-08 1.1380E-08 1.1826E-08 1.2268E-08 1.2660E-08 1.3022E-08 1.3346E-08 1.3635E-08 1.3873E-08 1.4088E-08 1.4254E-08 1.4364E-08
3.4701E-10 3.8608E-10 4.2954E-10 4.7850E-10 5.2973E-10 5.8846E-10 6.4892E-10 7.1603E-10 7.8726E-10 8.6186E-10 9.5492E-10 1.0544E-09 1.1488E-09 1.2629E-09 1.3714E-09 1.4939E-09 1.6172E-09 1.7524E-09 1.8939E-09 2.0397E-09 2.1979E-09 2.3652E-09 2.5376E-09 2.7211E-09 2.9161E-09 3.1199E-09 3.3910E-09 3.6235E-09 3.8675E-09 4.1869E-09 4.4696E-09 4.8177E-09 5.1425E-09 5.4847E-09 5.8911E-09 6.2793E-09 6.6858E-09 7.1503E-09 7.6053E-09 8.0726E-09 8.5865E-09 9.0940E-09 9.6282E-09 1.0161E-08 1.0698E-08 1.1229E-08 1.1759E-08 1.2270E-08 1.2754E-08 1.3207E-08 1.3635E-08 1.4034E-08 1.4389E-08 1.4731E-08 1.5026E-08 1.5277E-08 1.5487E-08
3.2436E-10 3.6109E-10 4.0179E-10 4.4791E-10 4.9645E-10 5.5168E-10 6.0893E-10 6.7204E-10 7.3958E-10 8.1008E-10 8.9867E-10 9.9353E-10 1.0832E-09 1.1923E-09 1.2957E-09 1.4132E-09 1.5308E-09 1.6614E-09 1.7966E-09 1.9368E-09 2.0904E-09 2.2527E-09 2.4189E-09 2.5987E-09 2.7899E-09 2.9886E-09 3.2602E-09 3.4907E-09 3.7341E-09 4.0586E-09 4.3440E-09 4.7010E-09 5.0330E-09 5.3842E-09 5.8072E-09 6.2104E-09 6.6343E-09 7.1276E-09 7.6051E-09 8.1006E-09 8.6566E-09 9.1987E-09 9.7819E-09 1.0361E-08 1.0944E-08 1.1534E-08 1.2116E-08 1.2686E-08 1.3227E-08 1.3754E-08 1.4259E-08 1.4733E-08 1.5201E-08 1.5631E-08 1.6032E-08 1.6397E-08 1.6719E-08
