Assets/Resources/2015_m01_d06_0600(utc+0800)_l00_csi_1hr_conc.grd
DSAA
         159         159
     -79.000      79.000
     -79.000      79.000
  0.0000E+00  0.2792E-05
[rows 25 to 49 of 159, columns 57 to 113 of 159]
0.0000E+00 0.0000E+00 0.0000E+00 0.0000E+00 0.0000E+00 0.0000E+00 0.0000E+00 0.0000E+00 0.0000E+00 0.0000E+00 0.0000E+00 0.0000E+00 0.0000E+00 0.0000E+00 0.0000E+00 0.0000E+00 0.0000E+00 0.0000E+00 5.4385E-12 2.7748E-11 6.8704E-11 1.3443E-10 2.3341E-10 4.0807E-10 7.3537E-10 1.1757E-09 1.7501E-09 2.5128E-09 3.5081E-09 4.7703E-09 6.3188E-09 8.1457E-09 1.0223E-08 1.2478E-08 1.4805E-08 1.7072E-08 1.9126E-08 2.0811E-08 2.1990E-08 2.2566E-08 2.2485E-08 2.1760E-08 2.0453E-08 1.8676E-08 1.6572E-08 1.4298E-08 1.1995E-08 9.7861E-09 7.7698E-09 6.0086E-09 4.5202E-09 3.3116E-09 2.3655E-09 1.6400E-09 1.1047E-09 7.1158E-10 4.4297E-10
0.0000E+00 0.0000E+00 0.0000E+00 0.0000E+00 0.0000E+00 0.0000E+00 0.0000E+00 0.0000E+00 0.0000E+00 0.0000E+00 0.0000E+00 0.0000E+00 0.0000E+00 0.0000E+00 0.0000E+00 0.0000E+00 0.0000E+00 0.0000E+00 7.0285E-14 1.5833E-11 4.7862E-11 1.0199E-10 1.8569E-10 3.3667E-10 6.4730E-10 1.0621E-09 1.6303E-09 2.3887E-09 3.3976E-09 4.6903E-09 6.2952E-09 8.2167E-09 1.0415E-08 1.2824E-08 1.5327E-08 1.7778E-08 2.0004E-08 2.1836E-08 2.3123E-08 2.3745E-08 2.3646E-08 2.2841E-08 2.1406E-08 1.9468E-08 1.7185E-08 1.4731E-08 1.2266E-08 9.9296E-09 7.8130E-09 5.9797E-09 4.4562E-09 3.2272E-09 2.2766E-09 1.5615E-09 1.0271E-09 6.5084E-10 3.9419E-10
0.0000E+00 0.0000E+00 0.0000E+00 0.0000E+00 0.0000E+00 0.0000E+00 0.0000E+00 0.0000E+00 0.0000E+00 0.0000E+00 0.0000E+00 0.0000E+00 0.0000E+00 0.0000E+00 0.0000E+00 0.0000E+00 0.0000E+00 0.0000E+00 0.0000E+00 6.8224E-12 3.0795E-11 7.3956E-11 1.4413E-10 2.7236E-10 5.6100E-10 9.6802E-10 1.5237E-09 2.2839E-09 3.2990E-09 4.6221E-09 6.2897E-09 8.3045E-09 1.0638E-08 1.3212E-08 1.5906E-08 1.8557E-08 2.0972E-08 2.2956E-08 2.4336E-08 2.4986E-08 2.4849E-08 2.3940E-08 2.2349E-08 2.0223E-08 1.7745E-08 1.5105E-08 1.2477E-08 1.0005E-08 7.7976E-09 5.9021E-09 4.3427E-09 3.1078E-09 2.1591E-09 1.4617E-09 9.3958E-10 5.8299E-10 3.3913E-10
0.0000E+00 0.0000E+00 0.0000E+00 0.0000E+00 0.0000E+00 0.0000E+00 0.0000E+00 0.0000E+00 0.0000E+00 0.0000E+00 0.0000E+00 0.0000E+00 0.0000E+00 0.0000E+00 0.0000E+00 0.0000E+00 0.0000E+00 0.0000E+00 0.0000E+00 1.5125E-12 1.7231E-11 5.2088E-11 1.0939E-10 2.1609E-10 4.8057E-10 8.6515E-10 1.4198E-09 2.1762E-09 3.2065E-09 4.5707E-09 6.3041E-09 8.4242E-09 1.0897E-08 1.3647E-08 1.6543E-08 1.9397E-08 2.1999E-08 2.4133E-08 2.5605E-08 2.6273E-08 2.6078E-08 2.5045E-08 2.3278E-08 2.0945E-08 1.8252E-08 1.5413E-08 1.2621E-08 1.0022E-08 7.7231E-09 5.7809E-09 4.1980E-09 2.9659E-09 2.0333E-09 1.3439E-09 8.5107E-10 5.1221E-10 2.8086E-10
0.0000E+00 0.0000E+00 0.0000E+00 0.0000E+00 0.0000E+00 0.0000E+00 0.0000E+00 0.0000E+00 0.0000E+00 0.0000E+00 0.0000E+00 0.0000E+00 0.0000E+00 0.0000E+00 0.0000E+00 0.0000E+00 0.0000E+00 0.0000E+00 0.0000E+00 4.3193E-13 8.1577E-12 3.3717E-11 7.9723E-11 1.6268E-10 4.1413E-10 7.8473E-10 1.3288E-09 2.0847E-09 3.1309E-09 4.5291E-09 6.3337E-09 8.5569E-09 1.1181E-08 1.4124E-08 1.7230E-08 2.0301E-08 2.3101E-08 2.5386E-08 2.6939E-08 2.7609E-08 2.7331E-08 2.6142E-08 2.4171E-08 2.1613E-08 1.8694E-08 1.5648E-08 1.2686E-08 9.9679E-09 7.5896E-09 5.6056E-09 4.0213E-09 2.7943E-09 1.8874E-09 1.2215E-09 7.5921E-10 4.3735E-10 2.0624E-10
0.0000E+00 0.0000E+00 0.0000E+00 0.0000E+00 0.0000E+00 0.0000E+00 0.0000E+00 0.0000E+00 0.0000E+00 0.0000E+00 0.0000E+00 0.0000E+00 0.0000E+00 0.0000E+00 0.0000E+00 0.0000E+00 0.0000E+00 0.0000E+00 0.0000E+00 0.0000E+00 2.8623E-12 1.9197E-11 5.5202E-11 1.1716E-10 3.3839E-10 6.9674E-10 1.2350E-09 1.9953E-09 3.0563E-09 4.4985E-09 6.3747E-09 8.7198E-09 1.1509E-08 1.4645E-08 1.7977E-08 2.1277E-08 2.4279E-08 2.6710E-08 2.8335E-08 2.8987E-08 2.8606E-08 2.7240E-08 2.5039E-08 2.2227E-08 1.9067E-08 1.5814E-08 1.2685E-08 9.8496E-09 7.4135E-09 5.3991E-09 3.8166E-09 2.6130E-09 1.7295E-09 1.1009E-09 6.6053E-10 3.4952E-10 1.3224E-10
0.0000E+00 0.0000E+00 0.0000E+00 0.0000E+00 0.0000E+00 0.0000E+00 0.0000E+00 0.0000E+00 0.0000E+00 0.0000E+00 0.0000E+00 0.0000E+00 0.0000E+00 0.0000E+00 0.0000E+00 0.0000E+00 0.0000E+00 0.0000E+00 0.0000E+00 0.0000E+00 6.3858E-13 9.1841E-12 3.5786E-11 8.0190E-11 2.8229E-10 6.2501E-10 1.1555E-09 1.9194E-09 2.9935E-09 4.4699E-09 6.4247E-09 8.8958E-09 1.1849E-08 1.5199E-08 1.8766E-08 2.2302E-08 2.5514E-08 2.8098E-08 2.9790E-08 3.0411E-08 2.9902E-08 2.8331E-08 2.5876E-08 2.2792E-08 1.9374E-08 1.5904E-08 1.2612E-08 9.6668E-09 7.1669E-09 5.1511E-09 3.5759E-09 2.4094E-09 1.5579E-09 9.7544E-10 5.5603E-10 2.5193E-10 7.1244E-11
0.0000E+00 0.0000E+00 0.0000E+00 0.0000E+00 0.0000E+00 0.0000E+00 0.0000E+00 0.0000E+00 0.0000E+00 0.0000E+00 0.0000E+00 0.0000E+00 0.0000E+00 0.0000E+00 0.0000E+00 0.0000E+00 0.0000E+00 0.0000E+00 0.0000E+00 0.0000E+00 0.0000E+00 3.1900E-12 2.0030E-11 5.1251E-11 2.2182E-10 5.4592E-10 1.0750E-09 1.8411E-09 2.9275E-09 4.4509E-09 6.4858E-09 9.0784E-09 1.2218E-08 1.5794E-08 1.9617E-08 2.3413E-08 2.6848E-08 2.9585E-08 3.1335E-08 3.1905E-08 3.1241E-08 2.9432E-08 2.6689E-08 2.3312E-08 1.9622E-08 1.5926E-08 1.2474E-08 9.4419E-09 6.8978E-09 4.8755E-09 3.3323E-09 2.1977E-09 1.3979E-09 8.4822E-10 4.3886E-10 1.5923E-10 2.8332E-11
0.0000E+00 0.0000E+00 0.0000E+00 0.0000E+00 0.0000E+00 0.0000E+00 0.0000E+00 0.0000E+00 0.0000E+00 0.0000E+00 0.0000E+00 0.0000E+00 0.0000E+00 0.0000E+00 0.0000E+00 0.0000E+00 0.0000E+00 0.0000E+00 0.0000E+00 0.0000E+00 0.0000E+00 3.3341E-13 7.8930E-12 3.2633E-11 1.7398E-10 4.8180E-10 1.0029E-09 1.7669E-09 2.8646E-09 4.4176E-09 6.5383E-09 9.2682E-09 1.2596E-08 1.6412E-08 2.0510E-08 2.4578E-08 2.8253E-08 3.1158E-08 3.2972E-08 3.3487E-08 3.2652E-08 3.0577E-08 2.7517E-08 2.3812E-08 1.9828E-08 1.5900E-08 1.2281E-08 9.1486E-09 6.5841E-09 4.5629E-09 3.0624E-09 1.9698E-09 1.2254E-09 7.0349E-10 3.0903E-10 9.3579E-11 2.1177E-11
0.0000E+00 0.0000E+00 0.0000E+00 0.0000E+00 0.0000E+00 0.0000E+00 0.0000E+00 0.0000E+00 0.0000E+00 0.0000E+00 0.0000E+00 0.0000E+00 0.0000E+00 0.0000E+00 0.0000E+00 0.0000E+00 0.0000E+00 0.0000E+00 0.0000E+00 0.0000E+00 0.0000E+00 0.0000E+00 2.6654E-12 1.8053E-11 1.2418E-10 4.1042E-10 9.1578E-10 1.6938E-09 2.8001E-09 4.4048E-09 6.5992E-09 9.4664E-09 1.2988E-08 1.7061E-08 2.1455E-08 2.5830E-08 2.9775E-08 3.2866E-08 3.4745E-08 3.5188E-08 3.4151E-08 3.1777E-08 2.8365E-08 2.4303E-08 2.0001E-08 1.5823E-08 1.2050E-08 8.8273E-09 6.2329E-09 4.2441E-09 2.7805E-09 1.7535E-09 1.0558E-09 5.4351E-10 2.0389E-10 4.9349E-11 1.2896E-11
0.0000E+00 0.0000E+00 0.0000E+00 0.0000E+00 0.0000E+00 0.0000E+00 0.0000E+00 0.0000E+00 0.0000E+00 0.0000E+00 0.0000E+00 0.0000E+00 0.0000E+00 0.0000E+00 0.0000E+00 0.0000E+00 0.0000E+00 0.0000E+00 0.0000E+00 0.0000E+00 0.0000E+00 0.0000E+00 6.5968E-14 6.3527E-12 8.8325E-11 3.5982E-10 8.5065E-10 1.6223E-09 2.7267E-09 4.3590E-09 6.6423E-09 9.6471E-09 1.3386E-08 1.7737E-08 2.2455E-08 2.7166E-08 3.1406E-08 3.4704E-08 3.6660E-08 3.7032E-08 3.5778E-08 3.3073E-08 2.9269E-08 2.4811E-08 2.0163E-08 1.5718E-08 1.1765E-08 8.4776E-09 5.8632E-09 3.9084E-09 2.4936E-09 1.5348E-09 8.7918E-10 3.8906E-10 1.1801E-10 3.6006E-11 2.0462E-12
0.0000E+00 0.0000E+00 0.0000E+00 0.0000E+00 0.0000E+00 0.0000E+00 0.0000E+00 0.0000E+00 0.0000E+00 0.0000E+00 0.0000E+00 0.0000E+00 0.0000E+00 0.0000E+00 0.0000E+00 0.0000E+00 0.0000E+00 0.0000E+00 0.0000E+00 0.0000E+00 0.0000E+00 0.0000E+00 0.0000E+00 1.7792E-12 5.1275E-11 2.9229E-10 7.5990E-10 1.5410E-09 2.6591E-09 4.3278E-09 6.6890E-09 9.8415E-09 1.3796E-08 1.8434E-08 2.3503E-08 2.8582E-08 3.3158E-08 3.6699E-08 3.8751E-08 3.9044E-08 3.7548E-08 3.4476E-08 3.0235E-08 2.5341E-08 2.0318E-08 1.5601E-08 1.1470E-08 8.0849E-09 5.4735E-09 3.5527E-09 2.2091E-09 1.3122E-09 6.6775E-10 2.5561E-10 7.5735E-11 1.9472E-11 0.0000E+00
0.0000E+00 0.0000E+00 0.0000E+00 0.0000E+00 0.0000E+00 0.0000E+00 0.0000E+00 0.0000E+00 0.0000E+00 0.0000E+00 0.0000E+00 0.0000E+00 0.0000E+00 0.0000E+00 0.0000E+00 0.0000E+00 0.0000E+00 0.0000E+00 0.0000E+00 0.0000E+00 0.0000E+00 0.0000E+00 0.0000E+00 0.0000E+00 2.5299E-11 2.4454E-10 6.9264E-10 1.4578E-09 2.5816E-09 4.2776E-09 6.7061E-09 1.0003E-08 1.4182E-08 1.9153E-08 2.4612E-08 3.0110E-08 3.5070E-08 3.8885E-08 4.1048E-08 4.1257E-08 3.9491E-08 3.6004E-08 3.1279E-08 2.5904E-08 2.0464E-08 1.5434E-08 1.1136E-08 7.6782E-09 5.0736E-09 3.1995E-09 1.9334E-09 1.0839E-09 4.9094E-10 1.4986E-10 5.2632E-11 2.9653E-13 0.0000E+00
0.0000E+00 0.0000E+00 0.0000E+00 0.0000E+00 0.0000E+00 0.0000E+00 0.0000E+00 0.0000E+00 0.0000E+00 0.0000E+00 0.0000E+00 0.0000E+00 0.0000E+00 0.0000E+00 0.0000E+00 0.0000E+00 0.0000E+00 0.0000E+00 0.0000E+00 0.0000E+00 0.0000E+00 0.0000E+00 0.0000E+00 0.0000E+00 1.1392E-11 1.9877E-10 5.9423E-10 1.3523E-09 2.4928E-09 4.2162E-09 6.7255E-09 1.0166E-08 1.4594E-08 1.9890E-08 2.5765E-08 3.1721E-08 3.7104E-08 4.1237E-08 4.3541E-08 4.3671E-08 4.1604E-08 3.7653E-08 3.2383E-08 2.6482E-08 2.0602E-08 1.5255E-08 1.0765E-08 7.2504E-09 4.6590E-09 2.8535E-09 1.6599E-09 8.4528E-10 3.1606E-10 1.0441E-10 1.7197E-11 0.0000E+00 0.0000E+00
0.0000E+00 0.0000E+00 0.0000E+00 0.0000E+00 0.0000E+00 0.0000E+00 0.0000E+00 0.0000E+00 0.0000E+00 0.0000E+00 0.0000E+00 0.0000E+00 0.0000E+00 0.0000E+00 0.0000E+00 0.0000E+00 0.0000E+00 0.0000E+00 0.0000E+00 0.0000E+00 0.0000E+00 0.0000E+00 0.0000E+00 0.0000E+00 1.4710E-12 1.5532E-10 5.2830E-10 1.2668E-09 2.3755E-09 4.1338E-09 6.7112E-09 1.0299E-08 1.4965E-08 2.0631E-08 2.6981E-08 3.3453E-08 3.9330E-08 4.3833E-08 4.6293E-08 4.6325E-08 4.3917E-08 3.9442E-08 3.3563E-08 2.7069E-08 2.0701E-08 1.5032E-08 1.0360E-08 6.7910E-09 4.2269E-09 2.5063E-09 1.3724E-09 6.2132E-10 1.9196E-10 6.3378E-11 0.0000E+00 0.0000E+00 0.0000E+00
0.0000E+00 0.0000E+00 0.0000E+00 0.0000E+00 0.0000E+00 0.0000E+00 0.0000E+00 0.0000E+00 0.0000E+00 0.0000E+00 0.0000E+00 0.0000E+00 0.0000E+00 0.0000E+00 0.0000E+00 0.0000E+00 0.0000E+00 0.0000E+00 0.0000E+00 0.0000E+00 0.0000E+00 0.0000E+00 0.0000E+00 0.0000E+00 2.4972E-12 1.2360E-10 4.4671E-10 1.1581E-09 2.2354E-09 4.0329E-09 6.6741E-09 1.0411E-08 1.5340E-08 2.1396E-08 2.8232E-08 3.5270E-08 4.1691E-08 4.6602E-08 4.9237E-08 4.9158E-08 4.6361E-08 4.1291E-08 3.4738E-08 2.7606E-08 2.0733E-08 1.4726E-08 9.9043E-09 6.3096E-09 3.8035E-09 2.1644E-09 1.1037E-09 4.2411E-10 1.2239E-10 7.9988E-12 0.0000E+00 0.0000E+00 0.0000E+00
0.0000E+00 0.0000E+00 0.0000E+00 0.0000E+00 0.0000E+00 0.0000E+00 0.0000E+00 0.0000E+00 0.0000E+00 0.0000E+00 0.0000E+00 0.0000E+00 0.0000E+00 0.0000E+00 0.0000E+00 0.0000E+00 0.0000E+00 0.0000E+00 0.0000E+00 0.0000E+00 0.0000E+00 0.0000E+00 0.0000E+00 0.0000E+00 9.1834E-13 9.1984E-11 3.8228E-10 1.0671E-09 2.0990E-09 3.9032E-09 6.6078E-09 1.0499E-08 1.5695E-08 2.2156E-08 2.9548E-08 3.7221E-08 4.4246E-08 4.9609E-08 5.2434E-08 5.2202E-08 4.8942E-08 4.3196E-08 3.5889E-08 2.8067E-08 2.0681E-08 1.4354E-08 9.3979E-09 5.8010E-09 3.3822E-09 1.8221E-09 8.2908E-10 2.7166E-10 5.3942E-11 0.0000E+00 0.0000E+00 0.0000E+00 0.0000E+00
0.0000E+00 0.0000E+00 0.0000E+00 0.0000E+00 0.0000E+00 0.0000E+00 0.0000E+00 0.0000E+00 0.0000E+00 0.0000E+00 0.0000E+00 0.0000E+00 0.0000E+00 0.0000E+00 0.0000E+00 0.0000E+00 0.0000E+00 0.0000E+00 0.0000E+00 0.0000E+00 0.0000E+00 0.0000E+00 0.0000E+00 0.0000E+00 1.5872E-12 7.0007E-11 3.2705E-10 9.6586E-10 1.9678E-09 3.7570E-09 6.5307E-09 1.0539E-08 1.6013E-08 2.2909E-08 3.0909E-08 3.9279E-08 4.6962E-08 5.2795E-08 5.5787E-08 5.5363E-08 5.1561E-08 4.5062E-08 3.6937E-08 2.8404E-08 2.0492E-08 1.3884E-08 8.8393E-09 5.2837E-09 2.9609E-09 1.4957E-09 5.7607E-10 1.6978E-10 1.8158E-12 0.0000E+00 0.0000E+00 0.0000E+00 0.0000E+00
0.0000E+00 0.0000E+00 0.0000E+00 0.0000E+00 0.0000E+00 0.0000E+00 0.0000E+00 0.0000E+00 0.0000E+00 0.0000E+00 0.0000E+00 0.0000E+00 0.0000E+00 0.0000E+00 0.0000E+00 0.0000E+00 0.0000E+00 0.0000E+00 0.0000E+00 0.0000E+00 0.0000E+00 0.0000E+00 0.0000E+00 0.0000E+00 3.3001E-13 4.8535E-11 2.6315E-10 8.8098E-10 1.8266E-09 3.6044E-09 6.4084E-09 1.0583E-08 1.6324E-08 2.3695E-08 3.2349E-08 4.1452E-08 4.9847E-08 5.6203E-08 5.9341E-08 5.8648E-08 5.4217E-08 4.6850E-08 3.7842E-08 2.8594E-08 2.0195E-08 1.3344E-08 8.2496E-09 4.7736E-09 2.5552E-09 1.1727E-09 3.9218E-10 6.8213E-11 0.0000E+00 0.0000E+00 0.0000E+00 0.0000E+00 0.0000E+00
0.0000E+00 0.0000E+00 0.0000E+00 0.0000E+00 0.0000E+00 0.0000E+00 0.0000E+00 0.0000E+00 0.0000E+00 0.0000E+00 0.0000E+00 0.0000E+00 0.0000E+00 0.0000E+00 0.0000E+00 0.0000E+00 0.0000E+00 0.0000E+00 0.0000E+00 0.0000E+00 0.0000E+00 0.0000E+00 0.0000E+00 0.0000E+00 9.5394E-13 3.4754E-11 2.1178E-10 7.7465E-10 1.6839E-09 3.4053E-09 6.2760E-09 1.0558E-08 1.6597E-08 2.4508E-08 3.3880E-08 4.3829E-08 5.3003E-08 5.9877E-08 6.3132E-08 6.2055E-08 5.6858E-08 4.8537E-08 3.8601E-08 2.8598E-08 1.9753E-08 1.2726E-08 7.6427E-09 4.2735E-09 2.1647E-09 8.8578E-10 2.7272E-10 2.8805E-11 0.0000E+00 0.0000E+00 0.0000E+00 0.0000E+00 0.0000E+00
0.0000E+00 0.0000E+00 0.0000E+00 0.0000E+00 0.0000E+00 0.0000E+00 0.0000E+00 0.0000E+00 0.0000E+00 0.0000E+00 0.0000E+00 0.0000E+00 0.0000E+00 0.0000E+00 0.0000E+00 0.0000E+00 0.0000E+00 0.0000E+00 0.0000E+00 0.0000E+00 0.0000E+00 0.0000E+00 0.0000E+00 0.0000E+00 0.0000E+00 2.1062E-11 1.6256E-10 6.9224E-10 1.5373E-09 3.2084E-09 6.0826E-09 1.0507E-08 1.6878E-08 2.5339E-08 3.5492E-08 4.6354E-08 5.6390E-08 6.3799E-08 6.7097E-08 6.5549E-08 5.9447E-08 5.0048E-08 3.9134E-08 2.8424E-08 1.9181E-08 1.2034E-08 7.0213E-09 3.7811E-09 1.7778E-09 6.7053E-10 1.7167E-10 2.0957E-11 0.0000E+00 0.0000E+00 0.0000E+00 0.0000E+00 0.0000E+00
0.0000E+00 0.0000E+00 0.0000E+00 0.0000E+00 0.0000E+00 0.0000E+00 0.0000E+00 0.0000E+00 0.0000E+00 0.0000E+00 0.0000E+00 0.0000E+00 0.0000E+00 0.0000E+00 0.0000E+00 0.0000E+00 0.0000E+00 0.0000E+00 0.0000E+00 0.0000E+00 0.0000E+00 0.0000E+00 0.0000E+00 0.0000E+00 0.0000E+00 1.1078E-11 1.1850E-10 5.8907E-10 1.3714E-09 2.9748E-09 5.8632E-09 1.0394E-08 1.7121E-08 2.6217E-08 3.7286E-08 4.9197E-08 6.0168E-08 6.8133E-08 7.1358E-08 6.9118E-08 6.1923E-08 5.1316E-08 3.9358E-08 2.7972E-08 1.8437E-08 1.1262E-08 6.3693E-09 3.2762E-09 1.4078E-09 4.9500E-10 1.3562E-10 0.0000E+00 0.0000E+00 0.0000E+00 0.0000E+00 0.0000E+00 0.0000E+00
0.0000E+00 0.0000E+00 0.0000E+00 0.0000E+00 0.0000E+00 0.0000E+00 0.0000E+00 0.0000E+00 0.0000E+00 0.0000E+00 0.0000E+00 0.0000E+00 0.0000E+00 0.0000E+00 0.0000E+00 0.0000E+00 0.0000E+00 0.0000E+00 0.0000E+00 0.0000E+00 0.0000E+00 0.0000E+00 0.0000E+00 0.0000E+00 0.0000E+00 3.4797E-12 7.5914E-11 4.8437E-10 1.2085E-09 2.7411E-09 5.5683E-09 1.0303E-08 1.7406E-08 2.7186E-08 3.9267E-08 5.2357E-08 6.4328E-08 7.2788E-08 7.5822E-08 7.2691E-08 6.4189E-08 5.2267E-08 3.9280E-08 2.7265E-08 1.7511E-08 1.0407E-08 5.6860E-09 2.7280E-09 1.1281E-09 3.9290E-10 8.8731E-11 0.0000E+00 0.0000E+00 0.0000E+00 0.0000E+00 0.0000E+00 0.0000E+00
0.0000E+00 0.0000E+00 0.0000E+00 0.0000E+00 0.0000E+00 0.0000E+00 0.0000E+00 0.0000E+00 0.0000E+00 0.0000E+00 0.0000E+00 0.0000E+00 0.0000E+00 0.0000E+00 0.0000E+00 0.0000E+00 0.0000E+00 0.0000E+00 0.0000E+00 0.0000E+00 0.0000E+00 0.0000E+00 0.0000E+00 0.0000E+00 0.0000E+00 6.1691E-13 4.6667E-11 3.6730E-10 1.0351E-09 2.4519E-09 5.2464E-09 1.0125E-08 1.7645E-08 2.8259E-08 4.1525E-08 5.5952E-08 6.9040E-08 7.7920E-08 8.0466E-08 7.6130E-08 6.6059E-08 5.2651E-08 3.8638E-08 2.6146E-08 1.6337E-08 9.4165E-09 4.9313E-09 2.2368E-09 8.9884E-10 3.1593E-10 5.1057E-11 0.0000E+00 0.0000E+00 0.0000E+00 0.0000E+00 0.0000E+00 0.0000E+00
0.0000E+00 0.0000E+00 0.0000E+00 0.0000E+00 0.0000E+00 0.0000E+00 0.0000E+00 0.0000E+00 0.0000E+00 0.0000E+00 0.0000E+00 0.0000E+00 0.0000E+00 0.0000E+00 0.0000E+00 0.0000E+00 0.0000E+00 0.0000E+00 0.0000E+00 0.0000E+00 0.0000E+00 0.0000E+00 0.0000E+00 0.0000E+00 0.0000E+00 0.0000E+00 2.1471E-11 2.6448E-10 8.5198E-10 2.1695E-09 4.9341E-09 1.0027E-08 1.8068E-08 2.9653E-08 4.4340E-08 6.0255E-08 7.4403E-08 8.3506E-08 8.5256E-08 7.9315E-08 6.7417E-08 5.2473E-08 3.7483E-08 2.4650E-08 1.4936E-08 8.3123E-09 4.1256E-09 1.8151E-09 7.3124E-10 2.1109E-10 2.8521E-11 0.0000E+00 0.0000E+00 0.0000E+00 0.0000E+00 0.0000E+00 0.0000E+00
