Assets/Resources/2015_m01_d16_1800(utc+0800)_l00_csi_1hr_conc.grd
DSAA
         159         159
     -79.000      79.000
     -79.000      79.000
  0.0000E+00  0.2942E-05
[rows 25 to 49 of 159, columns 57 to 113 of 159]
0.0000E+00 0.0000E+00 0.0000E+00 0.0000E+00 0.0000E+00 0.0000E+00 0.0000E+00 0.0000E+00 0.0000E+00 0.0000E+00 0.0000E+00 0.0000E+00 0.0000E+00 0.0000E+00 0.0000E+00 1.1275E-12 9.8806E-12 3.1173E-11 1.1344E-10 2.1614E-10 3.7975E-10 5.9592E-10 8.9176E-10 1.3134E-09 2.0097E-09 3.5464E-09 5.4719E-09 8.3745E-09 1.2039E-08 1.6596E-08 2.1816E-08 2.7276E-08 3.2783E-08 3.9433E-08 4.1986E-08 4.2916E-08 4.2742E-08 4.1924E-08 4.0907E-08 4.0160E-08 3.9749E-08 4.0220E-08 3.8454E-08 3.6399E-08 3.5093E-08 3.3387E-08 3.1189E-08 2.8830E-08 2.6353E-08 2.3797E-08 2.1498E-08 1.9522E-08 1.7904E-08 1.6570E-08 1.5522E-08 1.4696E-08 1.4044E-08
0.0000E+00 0.0000E+00 0.0000E+00 0.0000E+00 0.0000E+00 0.0000E+00 0.0000E+00 0.0000E+00 0.0000E+00 0.0000E+00 0.0000E+00 0.0000E+00 0.0000E+00 0.0000E+00 0.0000E+00 2.1021E-12 1.2767E-11 4.7636E-11 1.3650E-10 2.4895E-10 4.3141E-10 6.6804E-10 9.9800E-10 1.4589E-09 2.4774E-09 4.0869E-09 6.3148E-09 9.4512E-09 1.3433E-08 1.8250E-08 2.3774E-08 3.1423E-08 3.6539E-08 4.0158E-08 4.2109E-08 4.2790E-08 4.2598E-08 4.2121E-08 4.1880E-08 4.4900E-08 4.2882E-08 4.1473E-08 3.9970E-08 3.8131E-08 3.6478E-08 3.4473E-08 3.2018E-08 2.9121E-08 2.6268E-08 2.3573E-08 2.1170E-08 1.9142E-08 1.7446E-08 1.6134E-08 1.5100E-08 1.4311E-08 1.3697E-08
0.0000E+00 0.0000E+00 0.0000E+00 0.0000E+00 0.0000E+00 0.0000E+00 0.0000E+00 0.0000E+00 0.0000E+00 0.0000E+00 0.0000E+00 0.0000E+00 0.0000E+00 0.0000E+00 0.0000E+00 4.2082E-12 1.6480E-11 6.9748E-11 1.6216E-10 2.8783E-10 4.8754E-10 7.4454E-10 1.1106E-09 1.6209E-09 2.9190E-09 4.6709E-09 7.2465E-09 1.0598E-08 1.4900E-08 2.0300E-08 2.7296E-08 3.3024E-08 3.7571E-08 4.0594E-08 4.2114E-08 4.2493E-08 4.2750E-08 4.3370E-08 4.5766E-08 4.4783E-08 4.3881E-08 4.2849E-08 4.1459E-08 3.9675E-08 3.7729E-08 3.5073E-08 3.2136E-08 2.9013E-08 2.5961E-08 2.3164E-08 2.0601E-08 1.8517E-08 1.6866E-08 1.5593E-08 1.4608E-08 1.3867E-08 1.3288E-08
0.0000E+00 0.0000E+00 0.0000E+00 0.0000E+00 0.0000E+00 0.0000E+00 0.0000E+00 0.0000E+00 0.0000E+00 0.0000E+00 0.0000E+00 0.0000E+00 0.0000E+00 0.0000E+00 0.0000E+00 7.0042E-12 2.1466E-11 9.2673E-11 1.9127E-10 3.3357E-10 5.4441E-10 8.2566E-10 1.2309E-09 1.8185E-09 3.3645E-09 5.3044E-09 8.1352E-09 1.1833E-08 1.7184E-08 2.3000E-08 2.9021E-08 3.4362E-08 3.8399E-08 4.0860E-08 4.2157E-08 4.3095E-08 4.7580E-08 4.6813E-08 4.6191E-08 4.5676E-08 4.5119E-08 4.4291E-08 4.2922E-08 4.0727E-08 3.8247E-08 3.5259E-08 3.2008E-08 2.8666E-08 2.5302E-08 2.2325E-08 1.9789E-08 1.7745E-08 1.6166E-08 1.4947E-08 1.4038E-08 1.3352E-08 1.2816E-08
0.0000E+00 0.0000E+00 0.0000E+00 0.0000E+00 0.0000E+00 0.0000E+00 0.0000E+00 0.0000E+00 0.0000E+00 0.0000E+00 0.0000E+00 0.0000E+00 0.0000E+00 0.0000E+00 0.0000E+00 9.9997E-12 2.6587E-11 1.1313E-10 2.2148E-10 3.7679E-10 6.0161E-10 9.1126E-10 1.3558E-09 2.3061E-09 3.8566E-09 5.9889E-09 9.1388E-09 1.3655E-08 1.9003E-08 2.4904E-08 3.0710E-08 3.5477E-08 3.8779E-08 4.1131E-08 4.3326E-08 4.7642E-08 4.7293E-08 4.7025E-08 4.6960E-08 4.6851E-08 4.6499E-08 4.5488E-08 4.3892E-08 4.1720E-08 3.8535E-08 3.5207E-08 3.1397E-08 2.7721E-08 2.4280E-08 2.1287E-08 1.8824E-08 1.6858E-08 1.5356E-08 1.4236E-08 1.3412E-08 1.2791E-08 1.2300E-08
0.0000E+00 0.0000E+00 0.0000E+00 0.0000E+00 0.0000E+00 0.0000E+00 0.0000E+00 0.0000E+00 0.0000E+00 0.0000E+00 0.0000E+00 0.0000E+00 0.0000E+00 0.0000E+00 1.9362E-12 1.2642E-11 3.8950E-11 1.3642E-10 2.4956E-10 4.1664E-10 6.5902E-10 9.9919E-10 1.4824E-09 2.7028E-09 4.4250E-09 6.7616E-09 1.0146E-08 1.5094E-08 2.0656E-08 2.6565E-08 3.1972E-08 3.6283E-08 3.9632E-08 4.6493E-08 4.7149E-08 4.7288E-08 4.7409E-08 4.7732E-08 4.8068E-08 4.8088E-08 4.7743E-08 4.7023E-08 4.4995E-08 4.2052E-08 3.8219E-08 3.4340E-08 3.0318E-08 2.6486E-08 2.3057E-08 2.0077E-08 1.7691E-08 1.5861E-08 1.4484E-08 1.3481E-08 1.2741E-08 1.2180E-08 1.1744E-08
0.0000E+00 0.0000E+00 0.0000E+00 0.0000E+00 0.0000E+00 0.0000E+00 0.0000E+00 0.0000E+00 0.0000E+00 0.0000E+00 0.0000E+00 0.0000E+00 0.0000E+00 0.0000E+00 4.3384E-12 1.5141E-11 5.7499E-11 1.5926E-10 2.7393E-10 4.5488E-10 7.1441E-10 1.0892E-09 1.6020E-09 3.1187E-09 4.8921E-09 7.4613E-09 1.1135E-08 1.6485E-08 2.2242E-08 2.7947E-08 3.3124E-08 3.8002E-08 4.4605E-08 4.6057E-08 4.6768E-08 4.7354E-08 4.8006E-08 4.8708E-08 4.9418E-08 4.9737E-08 4.9854E-08 4.7979E-08 4.5027E-08 4.1511E-08 3.7386E-08 3.3167E-08 2.9018E-08 2.4990E-08 2.1534E-08 1.8689E-08 1.6465E-08 1.4799E-08 1.3570E-08 1.2682E-08 1.2032E-08 1.1540E-08 1.1152E-08
0.0000E+00 0.0000E+00 0.0000E+00 0.0000E+00 0.0000E+00 0.0000E+00 0.0000E+00 0.0000E+00 0.0000E+00 0.0000E+00 0.0000E+00 0.0000E+00 0.0000E+00 0.0000E+00 5.3771E-12 1.7712E-11 7.9674E-11 1.7458E-10 2.9892E-10 4.9151E-10 7.6818E-10 1.1712E-09 1.9327E-09 3.4073E-09 5.3315E-09 8.1168E-09 1.2038E-08 1.7792E-08 2.3737E-08 2.9520E-08 3.8108E-08 4.1975E-08 4.4315E-08 4.5670E-08 4.6729E-08 4.7809E-08 4.9083E-08 5.0405E-08 5.2634E-08 5.2097E-08 5.0412E-08 4.8012E-08 4.4657E-08 4.0704E-08 3.6359E-08 3.1601E-08 2.7179E-08 2.3201E-08 1.9870E-08 1.7227E-08 1.5196E-08 1.3704E-08 1.2634E-08 1.1870E-08 1.1306E-08 1.0875E-08 1.0541E-08
0.0000E+00 0.0000E+00 0.0000E+00 0.0000E+00 0.0000E+00 0.0000E+00 0.0000E+00 0.0000E+00 0.0000E+00 0.0000E+00 0.0000E+00 0.0000E+00 0.0000E+00 0.0000E+00 6.4820E-12 2.0686E-11 9.3857E-11 1.8783E-10 3.2149E-10 5.2320E-10 8.2039E-10 1.2395E-09 2.2572E-09 3.6702E-09 5.7165E-09 8.7014E-09 1.2831E-08 1.8909E-08 2.5644E-08 3.3809E-08 3.8612E-08 4.2024E-08 4.4193E-08 4.5703E-08 4.7152E-08 4.9051E-08 5.1220E-08 5.4092E-08 5.3790E-08 5.2834E-08 5.0856E-08 4.7932E-08 4.4213E-08 3.9363E-08 3.4467E-08 2.9595E-08 2.5130E-08 2.1308E-08 1.8141E-08 1.5699E-08 1.3896E-08 1.2615E-08 1.1692E-08 1.1034E-08 1.0557E-08 1.0190E-08 9.9138E-09
0.0000E+00 0.0000E+00 0.0000E+00 0.0000E+00 0.0000E+00 0.0000E+00 0.0000E+00 0.0000E+00 0.0000E+00 0.0000E+00 0.0000E+00 0.0000E+00 0.0000E+00 0.0000E+00 7.5997E-12 2.9153E-11 1.0202E-10 1.9769E-10 3.3933E-10 5.4709E-10 8.5977E-10 1.2949E-09 2.4115E-09 3.8858E-09 6.0340E-09 9.1712E-09 1.3622E-08 1.9977E-08 2.8688E-08 3.4731E-08 3.9021E-08 4.1915E-08 4.4085E-08 4.6140E-08 4.8629E-08 5.4033E-08 5.4838E-08 5.5297E-08 5.4992E-08 5.3669E-08 5.1302E-08 4.7289E-08 4.2681E-08 3.7528E-08 3.2313E-08 2.7439E-08 2.2946E-08 1.9248E-08 1.6339E-08 1.4176E-08 1.2620E-08 1.1518E-08 1.0752E-08 1.0209E-08 9.8038E-09 9.5127E-09 9.2701E-09
0.0000E+00 0.0000E+00 0.0000E+00 0.0000E+00 0.0000E+00 0.0000E+00 0.0000E+00 0.0000E+00 0.0000E+00 0.0000E+00 0.0000E+00 0.0000E+00 0.0000E+00 0.0000E+00 8.6649E-12 3.8851E-11 1.0792E-10 2.0466E-10 3.5041E-10 5.6295E-10 8.8553E-10 1.4055E-09 2.5064E-09 4.0247E-09 6.2386E-09 9.4607E-09 1.4073E-08 2.0595E-08 2.9521E-08 3.5209E-08 3.8978E-08 4.1733E-08 4.4542E-08 4.8082E-08 5.3696E-08 5.5190E-08 5.6400E-08 5.6888E-08 5.6351E-08 5.4041E-08 5.0648E-08 4.6085E-08 4.0999E-08 3.5555E-08 2.9875E-08 2.4857E-08 2.0579E-08 1.7165E-08 1.4566E-08 1.2684E-08 1.1373E-08 1.0474E-08 9.8357E-09 9.3837E-09 9.0664E-09 8.8234E-09 8.6092E-09
0.0000E+00 0.0000E+00 0.0000E+00 0.0000E+00 0.0000E+00 0.0000E+00 0.0000E+00 0.0000E+00 0.0000E+00 0.0000E+00 0.0000E+00 0.0000E+00 0.0000E+00 0.0000E+00 9.6070E-12 4.4394E-11 1.0919E-10 2.0762E-10 3.5320E-10 5.6789E-10 8.9453E-10 1.4989E-09 2.5371E-09 4.0624E-09 6.2926E-09 9.5556E-09 1.4241E-08 2.0851E-08 2.9874E-08 3.5306E-08 3.8999E-08 4.2544E-08 5.0649E-08 5.2816E-08 5.4983E-08 5.6934E-08 5.8393E-08 5.8310E-08 5.6952E-08 5.3963E-08 4.9919E-08 4.4986E-08 3.8648E-08 3.2667E-08 2.7067E-08 2.2194E-08 1.8237E-08 1.5126E-08 1.2854E-08 1.1278E-08 1.0190E-08 9.4498E-09 8.9438E-09 8.5859E-09 8.3336E-09 8.1288E-09 7.9697E-09
0.0000E+00 0.0000E+00 0.0000E+00 0.0000E+00 0.0000E+00 0.0000E+00 0.0000E+00 0.0000E+00 0.0000E+00 0.0000E+00 0.0000E+00 0.0000E+00 0.0000E+00 0.0000E+00 1.0357E-11 4.6541E-11 1.0806E-10 2.0423E-10 3.4909E-10 5.6140E-10 8.8546E-10 1.5114E-09 2.5163E-09 4.0144E-09 6.2133E-09 9.4365E-09 1.4108E-08 2.0711E-08 2.9771E-08 3.5380E-08 4.0413E-08 4.8284E-08 5.1134E-08 5.4114E-08 5.7049E-08 5.9261E-08 6.0247E-08 5.9687E-08 5.7512E-08 5.4164E-08 4.8334E-08 4.2197E-08 3.5765E-08 2.9636E-08 2.4252E-08 1.9540E-08 1.5873E-08 1.3155E-08 1.1245E-08 9.9307E-09 9.0711E-09 8.4971E-09 8.0886E-09 7.8165E-09 7.6171E-09 7.4625E-09 7.3402E-09
0.0000E+00 0.0000E+00 0.0000E+00 0.0000E+00 0.0000E+00 0.0000E+00 0.0000E+00 0.0000E+00 0.0000E+00 0.0000E+00 0.0000E+00 0.0000E+00 0.0000E+00 0.0000E+00 1.1768E-11 4.5440E-11 1.0450E-10 1.9534E-10 3.3596E-10 5.4495E-10 8.5598E-10 1.4691E-09 2.4336E-09 3.8702E-09 5.9912E-09 9.1042E-09 1.3719E-08 2.0218E-08 2.9232E-08 4.0298E-08 4.5115E-08 4.8718E-08 5.2563E-08 5.6462E-08 5.9784E-08 6.1829E-08 6.2210E-08 6.1524E-08 5.7543E-08 5.2274E-08 4.5975E-08 3.9285E-08 3.2878E-08 2.6505E-08 2.1154E-08 1.6870E-08 1.3623E-08 1.1319E-08 9.7537E-09 8.7174E-09 8.0309E-09 7.5785E-09 7.2735E-09 7.0792E-09 6.9299E-09 6.8185E-09 6.7304E-09
0.0000E+00 0.0000E+00 0.0000E+00 0.0000E+00 0.0000E+00 0.0000E+00 0.0000E+00 0.0000E+00 0.0000E+00 0.0000E+00 0.0000E+00 0.0000E+00 0.0000E+00 0.0000E+00 1.2662E-11 4.1503E-11 9.7059E-11 1.8122E-10 3.1478E-10 5.1207E-10 8.0821E-10 1.3739E-09 2.2888E-09 3.6286E-09 5.6202E-09 8.6340E-09 1.3105E-08 1.9648E-08 2.8631E-08 3.9902E-08 4.5163E-08 4.9889E-08 5.4836E-08 5.9453E-08 6.3034E-08 6.4781E-08 6.4784E-08 6.1448E-08 5.6302E-08 5.0187E-08 4.3530E-08 3.6062E-08 2.9192E-08 2.3121E-08 1.8139E-08 1.4338E-08 1.1558E-08 9.6514E-09 8.3917E-09 7.5815E-09 7.0596E-09 6.7206E-09 6.5213E-09 6.3807E-09 6.2790E-09 6.2055E-09 6.1358E-09
0.0000E+00 0.0000E+00 0.0000E+00 0.0000E+00 0.0000E+00 0.0000E+00 0.0000E+00 0.0000E+00 0.0000E+00 0.0000E+00 0.0000E+00 0.0000E+00 0.0000E+00 0.0000E+00 1.1873E-11 3.6002E-11 8.7286E-11 1.6152E-10 2.8650E-10 4.6687E-10 7.4460E-10 1.2447E-09 2.0731E-09 3.3105E-09 5.1506E-09 7.9840E-09 1.2352E-08 1.8794E-08 2.7793E-08 3.9415E-08 4.5819E-08 5.1890E-08 5.8174E-08 6.3621E-08 6.8897E-08 6.8270E-08 6.5463E-08 6.0714E-08 5.4401E-08 4.7411E-08 3.9770E-08 3.2277E-08 2.5518E-08 1.9885E-08 1.5322E-08 1.1967E-08 9.6526E-09 8.1285E-09 7.1609E-09 6.5585E-09 6.1808E-09 5.9549E-09 5.8152E-09 5.7228E-09 5.6620E-09 5.6110E-09 5.5686E-09
0.0000E+00 0.0000E+00 0.0000E+00 0.0000E+00 0.0000E+00 0.0000E+00 0.0000E+00 0.0000E+00 0.0000E+00 0.0000E+00 0.0000E+00 0.0000E+00 0.0000E+00 0.0000E+00 1.0619E-11 2.8825E-11 7.5159E-11 1.3805E-10 2.5304E-10 4.1205E-10 6.6614E-10 1.1019E-09 1.8408E-09 2.9495E-09 4.6005E-09 7.2751E-09 1.1561E-08 1.8005E-08 2.7124E-08 3.9194E-08 4.7146E-08 5.5158E-08 6.3114E-08 7.0295E-08 7.1635E-08 6.9998E-08 6.5644E-08 5.9532E-08 5.2014E-08 4.3831E-08 3.5780E-08 2.8573E-08 2.1985E-08 1.6647E-08 1.2645E-08 9.8443E-09 7.9796E-09 6.8045E-09 6.0760E-09 5.6402E-09 5.3840E-09 5.2461E-09 5.1565E-09 5.1097E-09 5.0771E-09 5.0489E-09 5.0328E-09
0.0000E+00 0.0000E+00 0.0000E+00 0.0000E+00 0.0000E+00 0.0000E+00 0.0000E+00 0.0000E+00 0.0000E+00 0.0000E+00 0.0000E+00 0.0000E+00 0.0000E+00 0.0000E+00 7.4044E-12 2.1246E-11 6.1886E-11 1.1364E-10 2.1414E-10 3.5236E-10 5.7542E-10 9.4019E-10 1.5849E-09 2.5533E-09 4.0444E-09 6.6102E-09 1.0840E-08 1.7398E-08 2.6819E-08 3.9605E-08 5.0019E-08 6.3365E-08 7.0291E-08 7.4532E-08 7.4903E-08 7.1481E-08 6.5280E-08 5.7144E-08 4.8463E-08 3.9790E-08 3.1858E-08 2.4450E-08 1.8380E-08 1.3650E-08 1.0249E-08 7.9604E-09 6.5128E-09 5.6309E-09 5.1216E-09 4.8234E-09 4.6840E-09 4.5987E-09 4.5562E-09 4.5426E-09 4.5269E-09 4.5225E-09 4.5542E-09
0.0000E+00 0.0000E+00 0.0000E+00 0.0000E+00 0.0000E+00 0.0000E+00 0.0000E+00 0.0000E+00 0.0000E+00 0.0000E+00 0.0000E+00 0.0000E+00 0.0000E+00 0.0000E+00 4.1108E-12 1.4010E-11 4.6839E-11 8.8282E-11 1.7268E-10 2.9016E-10 4.8087E-10 7.7394E-10 1.3076E-09 2.1456E-09 3.5210E-09 6.0044E-09 1.0294E-08 1.7161E-08 2.7119E-08 4.0985E-08 5.7100E-08 6.7527E-08 7.5454E-08 7.9221E-08 7.7966E-08 7.2045E-08 6.3558E-08 5.3953E-08 4.4807E-08 3.5634E-08 2.7405E-08 2.0519E-08 1.5101E-08 1.0977E-08 8.1512E-09 6.3518E-09 5.2721E-09 4.6595E-09 4.3103E-09 4.1283E-09 4.0461E-09 4.0131E-09 4.0079E-09 4.0069E-09 4.0178E-09 4.0308E-09 4.0691E-09
0.0000E+00 0.0000E+00 0.0000E+00 0.0000E+00 0.0000E+00 0.0000E+00 0.0000E+00 0.0000E+00 0.0000E+00 0.0000E+00 0.0000E+00 0.0000E+00 0.0000E+00 0.0000E+00 2.1343E-12 7.9141E-12 3.1899E-11 6.4698E-11 1.3175E-10 2.2910E-10 3.8347E-10 6.2229E-10 1.0484E-09 1.7700E-09 3.0300E-09 5.5796E-09 1.0073E-08 1.7473E-08 2.8515E-08 4.3334E-08 6.0569E-08 7.2708E-08 8.1097E-08 8.3660E-08 8.0003E-08 7.1562E-08 6.1041E-08 5.0374E-08 4.0005E-08 3.0879E-08 2.3099E-08 1.6951E-08 1.2050E-08 8.6190E-09 6.3721E-09 5.0183E-09 4.2457E-09 3.8116E-09 3.5967E-09 3.5095E-09 3.4783E-09 3.4857E-09 3.5008E-09 3.5211E-09 3.5446E-09 3.5958E-09 3.6156E-09
0.0000E+00 0.0000E+00 0.0000E+00 0.0000E+00 0.0000E+00 0.0000E+00 0.0000E+00 0.0000E+00 0.0000E+00 0.0000E+00 0.0000E+00 0.0000E+00 0.0000E+00 0.0000E+00 1.2942E-13 3.2451E-12 1.8771E-11 4.3502E-11 9.4892E-11 1.7246E-10 2.9276E-10 4.9038E-10 8.0449E-10 1.3976E-09 2.6640E-09 5.3253E-09 1.0255E-08 1.8476E-08 3.0754E-08 4.6883E-08 6.5161E-08 7.8503E-08 8.6577E-08 8.7305E-08 8.0939E-08 7.0224E-08 5.7377E-08 4.5389E-08 3.5009E-08 2.6175E-08 1.9133E-08 1.3505E-08 9.3787E-09 6.6148E-09 4.9034E-09 3.9020E-09 3.3750E-09 3.1045E-09 3.0083E-09 2.9665E-09 2.9779E-09 3.0097E-09 3.0380E-09 3.0745E-09 3.1126E-09 3.1664E-09 3.1973E-09
0.0000E+00 0.0000E+00 0.0000E+00 0.0000E+00 0.0000E+00 0.0000E+00 0.0000E+00 0.0000E+00 0.0000E+00 0.0000E+00 0.0000E+00 0.0000E+00 0.0000E+00 0.0000E+00 0.0000E+00 6.3992E-14 8.0887E-12 2.5939E-11 6.1746E-11 1.2145E-10 2.1076E-10 3.6667E-10 6.1429E-10 1.1114E-09 2.4563E-09 5.4446E-09 1.0980E-08 2.0337E-08 3.4182E-08 5.1708E-08 7.0831E-08 8.4867E-08 9.1878E-08 9.0689E-08 8.0616E-08 6.6714E-08 5.2512E-08 4.0159E-08 3.0190E-08 2.1805E-08 1.5277E-08 1.0472E-08 7.1691E-09 4.9992E-09 3.7121E-09 3.0364E-09 2.6827E-09 2.5334E-09 2.4916E-09 2.5019E-09 2.5406E-09 2.5788E-09 2.6264E-09 2.6717E-09 2.7353E-09 2.7769E-09 2.7971E-09
0.0000E+00 0.0000E+00 0.0000E+00 0.0000E+00 0.0000E+00 0.0000E+00 0.0000E+00 0.0000E+00 0.0000E+00 0.0000E+00 0.0000E+00 0.0000E+00 0.0000E+00 0.0000E+00 0.0000E+00 0.0000E+00 1.4987E-12 1.1649E-11 3.5920E-11 7.8165E-11 1.4098E-10 2.5892E-10 4.4358E-10 9.1345E-10 2.4292E-09 5.8275E-09 1.2284E-08 2.3119E-08 3.8749E-08 5.7868E-08 7.7426E-08 9.1409E-08 9.6834E-08 9.1231E-08 7.8129E-08 6.2166E-08 4.7458E-08 3.4907E-08 2.4980E-08 1.7489E-08 1.1873E-08 7.9593E-09 5.3068E-09 3.6961E-09 2.7901E-09 2.3174E-09 2.1134E-09 2.0584E-09 2.0586E-09 2.0992E-09 2.1505E-09 2.2019E-09 2.2571E-09 2.3095E-09 2.3738E-09 2.4211E-09 2.4634E-09
0.0000E+00 0.0000E+00 0.0000E+00 0.0000E+00 0.0000E+00 0.0000E+00 0.0000E+00 0.0000E+00 0.0000E+00 0.0000E+00 0.0000E+00 0.0000E+00 0.0000E+00 0.0000E+00 0.0000E+00 0.0000E+00 0.0000E+00 3.5877E-12 1.5372E-11 4.2665E-11 8.5296E-11 1.6562E-10 3.2279E-10 8.7137E-10 2.6593E-09 6.7230E-09 1.4400E-08 2.7119E-08 4.4734E-08 6.5180E-08 8.4573E-08 9.7758E-08 9.9169E-08 9.0235E-08 7.4908E-08 5.7046E-08 4.1304E-08 2.9196E-08 2.0139E-08 1.3650E-08 8.9308E-09 5.8273E-09 3.8459E-09 2.6590E-09 2.0543E-09 1.7673E-09 1.6773E-09 1.6586E-09 1.6964E-09 1.7535E-09 1.8079E-09 1.8687E-09 1.9265E-09 1.9975E-09 2.0495E-09 2.0860E-09 2.1466E-09
0.0000E+00 0.0000E+00 0.0000E+00 0.0000E+00 0.0000E+00 0.0000E+00 0.0000E+00 0.0000E+00 0.0000E+00 0.0000E+00 0.0000E+00 0.0000E+00 0.0000E+00 0.0000E+00 0.0000E+00 0.0000E+00 0.0000E+00 4.8968E-13 5.3380E-12 1.5452E-11 4.2830E-11 9.4609E-11 2.3269E-10 8.9936E-10 3.1973E-09 8.1129E-09 1.7488E-08 3.2288E-08 5.1914E-08 7.3341E-08 9.1667E-08 1.0201E-07 1.0052E-07 8.7924E-08 6.9548E-08 5.0981E-08 3.5173E-08 2.3628E-08 1.5685E-08 1.0159E-08 6.4843E-09 4.1367E-09 2.7104E-09 1.9121E-09 1.5097E-09 1.3512E-09 1.3226E-09 1.3416E-09 1.3970E-09 1.4519E-09 1.5147E-09 1.5756E-09 1.6372E-09 1.7059E-09 1.7599E-09 1.8116E-09 1.8608E-09
