Assets/Resources/2015_m01_d29_2100(utc+0800)_l00_csi_1hr_conc.grd
DSAA
         159         159
     -79.000      79.000
     -79.000      79.000
  0.0000E+00  0.3304E-05
[rows 25 to 49 of 159, columns 57 to 113 of 159]
9.4550E-11 9.8682E-11 1.0295E-10 1.0735E-10 1.1189E-10 1.1656E-10 1.2138E-10 1.2634E-10 1.3144E-10 1.3668E-10 1.4207E-10 1.4761E-10 1.5328E-10 1.5911E-10 1.6508E-10 1.7120E-10 1.7748E-10 1.8391E-10 1.9048E-10 1.9720E-10 2.0405E-10 2.1104E-10 2.1813E-10 2.2532E-10 2.3258E-10 2.3991E-10 2.4729E-10 2.5469E-10 2.6211E-10 2.6954E-10 2.7697E-10 2.8438E-10 2.9178E-10 2.9915E-10 3.0649E-10 3.1378E-10 3.2102E-10 3.2820E-10 3.3531E-10 3.4235E-10 3.4929E-10 3.5615E-10 3.6291E-10 3.6955E-10 3.7608E-10 3.8249E-10 3.8878E-10 3.9492E-10 4.0092E-10 4.0678E-10 4.1248E-10 4.1803E-10 4.2340E-10 4.2861E-10 4.3365E-10 4.3851E-10 4.4528E-10
9.4568E-11 9.8702E-11 1.0297E-10 1.0737E-10 1.1192E-10 1.1660E-10 1.2142E-10 1.2638E-10 1.3148E-10 1.3673E-10 1.4213E-10 1.4766E-10 1.5335E-10 1.5918E-10 1.6515E-10 1.7128E-10 1.7755E-10 1.8397E-10 1.9054E-10 1.9726E-10 2.0411E-10 2.1109E-10 2.1820E-10 2.2540E-10 2.3269E-10 2.4005E-10 2.4746E-10 2.5491E-10 2.6238E-10 2.6986E-10 2.7734E-10 2.8481E-10 2.9226E-10 2.9968E-10 3.0707E-10 3.1442E-10 3.2172E-10 3.2895E-10 3.3612E-10 3.4321E-10 3.5022E-10 3.5713E-10 3.6394E-10 3.7065E-10 3.7724E-10 3.8370E-10 3.9004E-10 3.9624E-10 4.0230E-10 4.0821E-10 4.1396E-10 4.1956E-10 4.2499E-10 4.3025E-10 4.3533E-10 4.4024E-10 4.5013E-10
9.4541E-11 9.8677E-11 1.0295E-10 1.0735E-10 1.1189E-10 1.1658E-10 1.2140E-10 1.2636E-10 1.3147E-10 1.3672E-10 1.4212E-10 1.4766E-10 1.5334E-10 1.5918E-10 1.6515E-10 1.7128E-10 1.7755E-10 1.8396E-10 1.9053E-10 1.9724E-10 2.0409E-10 2.1107E-10 2.1818E-10 2.2539E-10 2.3270E-10 2.4008E-10 2.4752E-10 2.5501E-10 2.6253E-10 2.7005E-10 2.7758E-10 2.8510E-10 2.9260E-10 3.0008E-10 3.0752E-10 3.1492E-10 3.2227E-10 3.2957E-10 3.3679E-10 3.4393E-10 3.5100E-10 3.5796E-10 3.6483E-10 3.7159E-10 3.7824E-10 3.8476E-10 3.9115E-10 3.9740E-10 4.0352E-10 4.0948E-10 4.1529E-10 4.2093E-10 4.2641E-10 4.3172E-10 4.3685E-10 4.4609E-10 4.5285E-10
9.4471E-11 9.8606E-11 1.0287E-10 1.0728E-10 1.1182E-10 1.1650E-10 1.2132E-10 1.2629E-10 1.3139E-10 1.3664E-10 1.4204E-10 1.4758E-10 1.5327E-10 1.5910E-10 1.6508E-10 1.7120E-10 1.7747E-10 1.8388E-10 1.9044E-10 1.9715E-10 2.0399E-10 2.1097E-10 2.1807E-10 2.2529E-10 2.3261E-10 2.4001E-10 2.4748E-10 2.5500E-10 2.6255E-10 2.7012E-10 2.7770E-10 2.8526E-10 2.9281E-10 3.0034E-10 3.0784E-10 3.1529E-10 3.2269E-10 3.3003E-10 3.3731E-10 3.4451E-10 3.5162E-10 3.5865E-10 3.6557E-10 3.7238E-10 3.7908E-10 3.8566E-10 3.9210E-10 3.9841E-10 4.0457E-10 4.1059E-10 4.1645E-10 4.2214E-10 4.2767E-10 4.3303E-10 4.3821E-10 4.5150E-10 4.5876E-10
9.4358E-11 9.8489E-11 1.0275E-10 1.0716E-10 1.1169E-10 1.1637E-10 1.2119E-10 1.2615E-10 1.3126E-10 1.3650E-10 1.4190E-10 1.4743E-10 1.5312E-10 1.5895E-10 1.6492E-10 1.7105E-10 1.7731E-10 1.8372E-10 1.9028E-10 1.9697E-10 2.0381E-10 2.1078E-10 2.1788E-10 2.2510E-10 2.3242E-10 2.3984E-10 2.4732E-10 2.5487E-10 2.6245E-10 2.7006E-10 2.7768E-10 2.8529E-10 2.9289E-10 3.0047E-10 3.0801E-10 3.1551E-10 3.2296E-10 3.3036E-10 3.3768E-10 3.4494E-10 3.5210E-10 3.5918E-10 3.6615E-10 3.7302E-10 3.7977E-10 3.8640E-10 3.9289E-10 3.9925E-10 4.0547E-10 4.1153E-10 4.1744E-10 4.2319E-10 4.2877E-10 4.3417E-10 4.3940E-10 4.5406E-10 4.6077E-10
9.4201E-11 9.8327E-11 1.0259E-10 1.0698E-10 1.1152E-10 1.1619E-10 1.2100E-10 1.2596E-10 1.3106E-10 1.3630E-10 1.4169E-10 1.4722E-10 1.5290E-10 1.5872E-10 1.6469E-10 1.7081E-10 1.7708E-10 1.8348E-10 1.9003E-10 1.9672E-10 2.0354E-10 2.1051E-10 2.1760E-10 2.2481E-10 2.3213E-10 2.3956E-10 2.4706E-10 2.5463E-10 2.6224E-10 2.6988E-10 2.7754E-10 2.8519E-10 2.9283E-10 3.0045E-10 3.0804E-10 3.1559E-10 3.2309E-10 3.3053E-10 3.3791E-10 3.4521E-10 3.5243E-10 3.5955E-10 3.6658E-10 3.7350E-10 3.8030E-10 3.8698E-10 3.9352E-10 3.9993E-10 4.0620E-10 4.1231E-10 4.1827E-10 4.2407E-10 4.2969E-10 4.3514E-10 4.4740E-10 4.5720E-10 4.6417E-10
9.4001E-11 9.8120E-11 1.0237E-10 1.0676E-10 1.1129E-10 1.1596E-10 1.2076E-10 1.2571E-10 1.3080E-10 1.3603E-10 1.4141E-10 1.4694E-10 1.5261E-10 1.5843E-10 1.6439E-10 1.7050E-10 1.7675E-10 1.8315E-10 1.8969E-10 1.9637E-10 2.0319E-10 2.1014E-10 2.1723E-10 2.2443E-10 2.3175E-10 2.3918E-10 2.4669E-10 2.5427E-10 2.6190E-10 2.6957E-10 2.7726E-10 2.8495E-10 2.9264E-10 3.0030E-10 3.0793E-10 3.1553E-10 3.2307E-10 3.3056E-10 3.3798E-10 3.4533E-10 3.5260E-10 3.5977E-10 3.6684E-10 3.7381E-10 3.8066E-10 3.8739E-10 3.9399E-10 4.0044E-10 4.0676E-10 4.1292E-10 4.1893E-10 4.2477E-10 4.3044E-10 4.3594E-10 4.5103E-10 4.5887E-10 4.6678E-10
9.3757E-11 9.7868E-11 1.0211E-10 1.0649E-10 1.1101E-10 1.1567E-10 1.2046E-10 1.2540E-10 1.3048E-10 1.3571E-10 1.4108E-10 1.4659E-10 1.5225E-10 1.5806E-10 1.6401E-10 1.7011E-10 1.7635E-10 1.8274E-10 1.8927E-10 1.9594E-10 2.0275E-10 2.0969E-10 2.1676E-10 2.2396E-10 2.3127E-10 2.3869E-10 2.4620E-10 2.5380E-10 2.6145E-10 2.6914E-10 2.7685E-10 2.8458E-10 2.9230E-10 3.0000E-10 3.0768E-10 3.1531E-10 3.2290E-10 3.3043E-10 3.3790E-10 3.4530E-10 3.5261E-10 3.5983E-10 3.6695E-10 3.7396E-10 3.8086E-10 3.8763E-10 3.9428E-10 4.0079E-10 4.0715E-10 4.1336E-10 4.1941E-10 4.2530E-10 4.3102E-10 4.4362E-10 4.5311E-10 4.6552E-10 4.7426E-10
9.3471E-11 9.7572E-11 1.0181E-10 1.0617E-10 1.1068E-10 1.1533E-10 1.2011E-10 1.2504E-10 1.3010E-10 1.3532E-10 1.4067E-10 1.4617E-10 1.5182E-10 1.5761E-10 1.6355E-10 1.6964E-10 1.7587E-10 1.8224E-10 1.8876E-10 1.9542E-10 2.0222E-10 2.0915E-10 2.1621E-10 2.2339E-10 2.3069E-10 2.3810E-10 2.4561E-10 2.5321E-10 2.6087E-10 2.6858E-10 2.7632E-10 2.8407E-10 2.9182E-10 2.9956E-10 3.0728E-10 3.1495E-10 3.2258E-10 3.3015E-10 3.3766E-10 3.4510E-10 3.5246E-10 3.5972E-10 3.6689E-10 3.7395E-10 3.8089E-10 3.8771E-10 3.9440E-10 4.0095E-10 4.0736E-10 4.1362E-10 4.1971E-10 4.2565E-10 4.3141E-10 4.5017E-10 4.5920E-10 4.6972E-10 4.8985E-10
9.3143E-11 9.7231E-11 1.0145E-10 1.0581E-10 1.1030E-10 1.1493E-10 1.1970E-10 1.2461E-10 1.2967E-10 1.3486E-10 1.4021E-10 1.4569E-10 1.5132E-10 1.5710E-10 1.6302E-10 1.6909E-10 1.7530E-10 1.8166E-10 1.8816E-10 1.9481E-10 2.0159E-10 2.0851E-10 2.1555E-10 2.2272E-10 2.3001E-10 2.3741E-10 2.4491E-10 2.5250E-10 2.6017E-10 2.6789E-10 2.7565E-10 2.8343E-10 2.9121E-10 2.9898E-10 3.0673E-10 3.1444E-10 3.2211E-10 3.2972E-10 3.3727E-10 3.4475E-10 3.5214E-10 3.5945E-10 3.6666E-10 3.7376E-10 3.8075E-10 3.8761E-10 3.9435E-10 4.0095E-10 4.0740E-10 4.1370E-10 4.1984E-10 4.2782E-10 4.4042E-10 4.5264E-10 4.6858E-10 4.8116E-10 5.0233E-10
9.2773E-11 9.6847E-11 1.0105E-10 1.0539E-10 1.0987E-10 1.1449E-10 1.1924E-10 1.2414E-10 1.2917E-10 1.3435E-10 1.3968E-10 1.4514E-10 1.5076E-10 1.5651E-10 1.6242E-10 1.6847E-10 1.7466E-10 1.8100E-10 1.8748E-10 1.9411E-10 2.0087E-10 2.0777E-10 2.1480E-10 2.2196E-10 2.2923E-10 2.3662E-10 2.4411E-10 2.5169E-10 2.5935E-10 2.6708E-10 2.7485E-10 2.8265E-10 2.9045E-10 2.9825E-10 3.0603E-10 3.1378E-10 3.2148E-10 3.2913E-10 3.3672E-10 3.4423E-10 3.5167E-10 3.5901E-10 3.6626E-10 3.7341E-10 3.8044E-10 3.8734E-10 3.9412E-10 4.0076E-10 4.0725E-10 4.1451E-10 4.2312E-10 4.3039E-10 4.4967E-10 4.6184E-10 4.7459E-10 5.0286E-10 5.1853E-10
9.2362E-11 9.6419E-11 1.0061E-10 1.0493E-10 1.0939E-10 1.1399E-10 1.1873E-10 1.2360E-10 1.2862E-10 1.3378E-10 1.3908E-10 1.4453E-10 1.5012E-10 1.5586E-10 1.6174E-10 1.6777E-10 1.7394E-10 1.8025E-10 1.8671E-10 1.9332E-10 2.0006E-10 2.0694E-10 2.1395E-10 2.2109E-10 2.2834E-10 2.3571E-10 2.4319E-10 2.5076E-10 2.5842E-10 2.6614E-10 2.7392E-10 2.8173E-10 2.8956E-10 2.9738E-10 3.0518E-10 3.1296E-10 3.2069E-10 3.2838E-10 3.3600E-10 3.4355E-10 3.5103E-10 3.5841E-10 3.6570E-10 3.7288E-10 3.7995E-10 3.8690E-10 3.9371E-10 4.0039E-10 4.0888E-10 4.1734E-10 4.2674E-10 4.3888E-10 4.5561E-10 4.7173E-10 4.9188E-10 5.2053E-10 5.4067E-10
9.1909E-11 9.5949E-11 1.0012E-10 1.0442E-10 1.0886E-10 1.1344E-10 1.1816E-10 1.2301E-10 1.2801E-10 1.3315E-10 1.3843E-10 1.4385E-10 1.4942E-10 1.5513E-10 1.6099E-10 1.6699E-10 1.7314E-10 1.7943E-10 1.8586E-10 1.9244E-10 1.9915E-10 2.0601E-10 2.1300E-10 2.2011E-10 2.2735E-10 2.3470E-10 2.4216E-10 2.4972E-10 2.5736E-10 2.6508E-10 2.7286E-10 2.8068E-10 2.8852E-10 2.9636E-10 3.0419E-10 3.1199E-10 3.1976E-10 3.2747E-10 3.3512E-10 3.4271E-10 3.5022E-10 3.5764E-10 3.6496E-10 3.7218E-10 3.7929E-10 3.8627E-10 3.9391E-10 4.0253E-10 4.1164E-10 4.2166E-10 4.3151E-10 4.5287E-10 4.6735E-10 4.8361E-10 5.2202E-10 5.4181E-10 5.6983E-10
9.1417E-11 9.5436E-11 9.9587E-11 1.0387E-10 1.0829E-10 1.1284E-10 1.1754E-10 1.2237E-10 1.2734E-10 1.3246E-10 1.3771E-10 1.4311E-10 1.4865E-10 1.5434E-10 1.6017E-10 1.6615E-10 1.7226E-10 1.7853E-10 1.8493E-10 1.9147E-10 1.9816E-10 2.0499E-10 2.1195E-10 2.1904E-10 2.2625E-10 2.3358E-10 2.4102E-10 2.4856E-10 2.5619E-10 2.6390E-10 2.7167E-10 2.7949E-10 2.8734E-10 2.9520E-10 3.0304E-10 3.1087E-10 3.1866E-10 3.2640E-10 3.3408E-10 3.4170E-10 3.4924E-10 3.5669E-10 3.6405E-10 3.7130E-10 3.7844E-10 3.8644E-10 3.9535E-10 4.0551E-10 4.1503E-10 4.2882E-10 4.4096E-10 4.6324E-10 4.8150E-10 5.1179E-10 5.4558E-10 5.7104E-10 6.0415E-10
9.0884E-11 9.4882E-11 9.9011E-11 1.0327E-10 1.0767E-10 1.1220E-10 1.1687E-10 1.2167E-10 1.2662E-10 1.3171E-10 1.3694E-10 1.4231E-10 1.4782E-10 1.5348E-10 1.5928E-10 1.6523E-10 1.7131E-10 1.7754E-10 1.8392E-10 1.9043E-10 1.9708E-10 2.0387E-10 2.1080E-10 2.1786E-10 2.2505E-10 2.3236E-10 2.3977E-10 2.4729E-10 2.5490E-10 2.6259E-10 2.7035E-10 2.7816E-10 2.8602E-10 2.9389E-10 3.0175E-10 3.0959E-10 3.1741E-10 3.2517E-10 3.3288E-10 3.4053E-10 3.4809E-10 3.5558E-10 3.6297E-10 3.7025E-10 3.7842E-10 3.8853E-10 3.9890E-10 4.0946E-10 4.2395E-10 4.3698E-10 4.5653E-10 4.7870E-10 5.0183E-10 5.4982E-10 5.7490E-10 6.0703E-10 6.4011E-10
9.0313E-11 9.4288E-11 9.8393E-11 1.0263E-10 1.0700E-10 1.1150E-10 1.1615E-10 1.2093E-10 1.2584E-10 1.3090E-10 1.3610E-10 1.4144E-10 1.4693E-10 1.5255E-10 1.5832E-10 1.6423E-10 1.7029E-10 1.7648E-10 1.8282E-10 1.8930E-10 1.9592E-10 2.0267E-10 2.0956E-10 2.1659E-10 2.2374E-10 2.3102E-10 2.3841E-10 2.4590E-10 2.5349E-10 2.6116E-10 2.6890E-10 2.7671E-10 2.8455E-10 2.9243E-10 3.0030E-10 3.0817E-10 3.1600E-10 3.2378E-10 3.3152E-10 3.3919E-10 3.4678E-10 3.5429E-10 3.6171E-10 3.7015E-10 3.8034E-10 3.9095E-10 4.0476E-10 4.1774E-10 4.3689E-10 4.5344E-10 4.8031E-10 5.0343E-10 5.4323E-10 5.8022E-10 6.1111E-10 6.5150E-10 6.8372E-10
8.9704E-11 9.3654E-11 9.7732E-11 1.0194E-10 1.0629E-10 1.1076E-10 1.1538E-10 1.2013E-10 1.2501E-10 1.3004E-10 1.3521E-10 1.4052E-10 1.4597E-10 1.5156E-10 1.5730E-10 1.6317E-10 1.6919E-10 1.7535E-10 1.8165E-10 1.8809E-10 1.9467E-10 2.0138E-10 2.0823E-10 2.1522E-10 2.2233E-10 2.2958E-10 2.3693E-10 2.4440E-10 2.5196E-10 2.5960E-10 2.6733E-10 2.7512E-10 2.8295E-10 2.9082E-10 2.9871E-10 3.0658E-10 3.1443E-10 3.2223E-10 3.2999E-10 3.3768E-10 3.4530E-10 3.5283E-10 3.6142E-10 3.7180E-10 3.8360E-10 3.9805E-10 4.1441E-10 4.3555E-10 4.5384E-10 4.7612E-10 5.0403E-10 5.3230E-10 5.8777E-10 6.1975E-10 6.5562E-10 6.9780E-10 7.3494E-10
8.9057E-11 9.2980E-11 9.7032E-11 1.0121E-10 1.0553E-10 1.0997E-10 1.1456E-10 1.1928E-10 1.2413E-10 1.2913E-10 1.3426E-10 1.3953E-10 1.4495E-10 1.5051E-10 1.5620E-10 1.6204E-10 1.6802E-10 1.7414E-10 1.8040E-10 1.8680E-10 1.9333E-10 2.0001E-10 2.0682E-10 2.1376E-10 2.2083E-10 2.2803E-10 2.3535E-10 2.4278E-10 2.5031E-10 2.5793E-10 2.6563E-10 2.7340E-10 2.8122E-10 2.8908E-10 2.9696E-10 3.0484E-10 3.1270E-10 3.2052E-10 3.2829E-10 3.3600E-10 3.4364E-10 3.5221E-10 3.6291E-10 3.7480E-10 3.9230E-10 4.1374E-10 4.3278E-10 4.5792E-10 4.7837E-10 5.0579E-10 5.3801E-10 5.8618E-10 6.2748E-10 6.6322E-10 7.1186E-10 7.5768E-10 8.0282E-10
8.8374E-11 9.2269E-11 9.6291E-11 1.0044E-10 1.0473E-10 1.0914E-10 1.1369E-10 1.1838E-10 1.2320E-10 1.2816E-10 1.3326E-10 1.3849E-10 1.4387E-10 1.4939E-10 1.5505E-10 1.6084E-10 1.6678E-10 1.7286E-10 1.7908E-10 1.8543E-10 1.9192E-10 1.9855E-10 2.0531E-10 2.1221E-10 2.1923E-10 2.2638E-10 2.3366E-10 2.4105E-10 2.4855E-10 2.5613E-10 2.6381E-10 2.7155E-10 2.7935E-10 2.8719E-10 2.9506E-10 3.0294E-10 3.1082E-10 3.1865E-10 3.2644E-10 3.3416E-10 3.4279E-10 3.5324E-10 3.6947E-10 3.8628E-10 4.0885E-10 4.3317E-10 4.5753E-10 4.8313E-10 5.1153E-10 5.4256E-10 5.7757E-10 6.3553E-10 6.7744E-10 7.2165E-10 7.8239E-10 8.3217E-10 8.8445E-10
8.7656E-11 9.1520E-11 9.5512E-11 9.9632E-11 1.0388E-10 1.0826E-10 1.1278E-10 1.1743E-10 1.2221E-10 1.2714E-10 1.3220E-10 1.3739E-10 1.4273E-10 1.4821E-10 1.5382E-10 1.5958E-10 1.6547E-10 1.7151E-10 1.7768E-10 1.8399E-10 1.9043E-10 1.9701E-10 2.0372E-10 2.1057E-10 2.1754E-10 2.2464E-10 2.3187E-10 2.3922E-10 2.4667E-10 2.5422E-10 2.6186E-10 2.6957E-10 2.7735E-10 2.8517E-10 2.9302E-10 3.0090E-10 3.0877E-10 3.1661E-10 3.2442E-10 3.3290E-10 3.4311E-10 3.6220E-10 3.8126E-10 4.0434E-10 4.3207E-10 4.5981E-10 4.9193E-10 5.1885E-10 5.4714E-10 5.8667E-10 6.4194E-10 6.9391E-10 7.4140E-10 8.0677E-10 8.7144E-10 9.2892E-10 9.8567E-10
8.6902E-11 9.0735E-11 9.4694E-11 9.8781E-11 1.0300E-10 1.0734E-10 1.1182E-10 1.1643E-10 1.2118E-10 1.2606E-10 1.3108E-10 1.3624E-10 1.4154E-10 1.4697E-10 1.5254E-10 1.5825E-10 1.6410E-10 1.7009E-10 1.7621E-10 1.8247E-10 1.8886E-10 1.9539E-10 2.0205E-10 2.0885E-10 2.1577E-10 2.2281E-10 2.2998E-10 2.3728E-10 2.4468E-10 2.5219E-10 2.5979E-10 2.6747E-10 2.7521E-10 2.8301E-10 2.9085E-10 2.9870E-10 3.0657E-10 3.1441E-10 3.2257E-10 3.3287E-10 3.5396E-10 3.7712E-10 4.0004E-10 4.3073E-10 4.6337E-10 4.9415E-10 5.2807E-10 5.6217E-10 5.9740E-10 6.4833E-10 7.1081E-10 7.6825E-10 8.3553E-10 9.0682E-10 9.7761E-10 1.0443E-09 1.1112E-09
8.6115E-11 8.9915E-11 9.3840E-11 9.7892E-11 1.0207E-10 1.0638E-10 1.1082E-10 1.1540E-10 1.2010E-10 1.2494E-10 1.2992E-10 1.3504E-10 1.4029E-10 1.4567E-10 1.5120E-10 1.5686E-10 1.6266E-10 1.6860E-10 1.7467E-10 1.8088E-10 1.8722E-10 1.9370E-10 2.0030E-10 2.0704E-10 2.1391E-10 2.2090E-10 2.2801E-10 2.3524E-10 2.4259E-10 2.5005E-10 2.5760E-10 2.6524E-10 2.7295E-10 2.8072E-10 2.8853E-10 2.9636E-10 3.0421E-10 3.1205E-10 3.2241E-10 3.4267E-10 3.7023E-10 3.9971E-10 4.2681E-10 4.6629E-10 5.0258E-10 5.4060E-10 5.7698E-10 6.1318E-10 6.6117E-10 7.2928E-10 7.9450E-10 8.7301E-10 9.4893E-10 1.0321E-09 1.1060E-09 1.1787E-09 1.2560E-09
8.5295E-11 8.9061E-11 9.2950E-11 9.6965E-11 1.0111E-10 1.0538E-10 1.0978E-10 1.1431E-10 1.1898E-10 1.2378E-10 1.2871E-10 1.3378E-10 1.3898E-10 1.4432E-10 1.4980E-10 1.5541E-10 1.6116E-10 1.6704E-10 1.7306E-10 1.7922E-10 1.8551E-10 1.9193E-10 1.9848E-10 2.0516E-10 2.1196E-10 2.1889E-10 2.2594E-10 2.3311E-10 2.4040E-10 2.4780E-10 2.5531E-10 2.6290E-10 2.7056E-10 2.7829E-10 2.8607E-10 2.9388E-10 3.0171E-10 3.1319E-10 3.3087E-10 3.6363E-10 3.9468E-10 4.2793E-10 4.6778E-10 5.0841E-10 5.4922E-10 5.9684E-10 6.4018E-10 6.8777E-10 7.4835E-10 8.2641E-10 9.0953E-10 1.0010E-09 1.0892E-09 1.1833E-09 1.2685E-09 1.3546E-09 1.4387E-09
8.4444E-11 8.8174E-11 9.2026E-11 9.6003E-11 1.0011E-10 1.0434E-10 1.0870E-10 1.1319E-10 1.1781E-10 1.2256E-10 1.2745E-10 1.3247E-10 1.3762E-10 1.4291E-10 1.4834E-10 1.5390E-10 1.5960E-10 1.6543E-10 1.7139E-10 1.7749E-10 1.8372E-10 1.9008E-10 1.9657E-10 2.0319E-10 2.0994E-10 2.1680E-10 2.2379E-10 2.3090E-10 2.3812E-10 2.4545E-10 2.5290E-10 2.6043E-10 2.6805E-10 2.7574E-10 2.8348E-10 2.9126E-10 3.0363E-10 3.1989E-10 3.5064E-10 3.9165E-10 4.3020E-10 4.6408E-10 5.1862E-10 5.6754E-10 6.1766E-10 6.6593E-10 7.1928E-10 7.8095E-10 8.6089E-10 9.5021E-10 1.0660E-09 1.1609E-09 1.2633E-09 1.3622E-09 1.4632E-09 1.5600E-09 1.6531E-09
8.3562E-11 8.7254E-11 9.1068E-11 9.5005E-11 9.9067E-11 1.0326E-10 1.0757E-10 1.1202E-10 1.1659E-10 1.2130E-10 1.2614E-10 1.3111E-10 1.3622E-10 1.4146E-10 1.4683E-10 1.5234E-10 1.5798E-10 1.6375E-10 1.6966E-10 1.7570E-10 1.8187E-10 1.8817E-10 1.9460E-10 2.0115E-10 2.0783E-10 2.1463E-10 2.2156E-10 2.2860E-10 2.3575E-10 2.4302E-10 2.5039E-10 2.5787E-10 2.6543E-10 2.7306E-10 2.8076E-10 2.9186E-10 3.1274E-10 3.3738E-10 3.8388E-10 4.2437E-10 4.7563E-10 5.2288E-10 5.7715E-10 6.3449E-10 6.9772E-10 7.5980E-10 8.2631E-10 8.9954E-10 1.0005E-09 1.1242E-09 1.2434E-09 1.3568E-09 1.4758E-09 1.5916E-09 1.7010E-09 1.8065E-09 1.9061E-09
