Assets/Resources/2015_m01_d13_0300(utc+0800)_l00_csi_1hr_conc.grd
DSAA
         159         159
     -79.000      79.000
     -79.000      79.000
  0.0000E+00  0.4315E-05
[rows 100 to 124 of 159, columns 0 to 56 of 159]
9.4338E-10 9.7085E-10 9.9588E-10 1.0165E-09 1.0321E-09 1.0449E-09 1.0536E-09 1.0588E-09 1.0592E-09 1.0568E-09 1.0491E-09 1.0374E-09 1.0224E-09 1.0042E-09 9.8177E-10 9.5981E-10 9.3440E-10 9.0589E-10 8.7406E-10 8.4255E-10 8.1111E-10 7.7702E-10 7.4048E-10 7.0322E-10 6.6503E-10 6.2699E-10 5.8839E-10 5.4933E-10 5.0967E-10 4.6999E-10 4.3186E-10 3.9358E-10 3.5669E-10 3.1892E-10 2.7855E-10 2.4065E-10 2.0969E-10 1.7515E-10 1.5170E-10 1.2515E-10 9.8135E-11 8.1181E-11 7.6739E-11 7.7033E-11 7.9161E-11 7.9210E-11 7.6211E-11 7.0731E-11 7.2416E-11 7.0649E-11 6.7951E-11 6.3491E-11 5.6195E-11 4.8370E-11 3.6162E-11 2.5337E-11 1.7011E-11
8.3655E-10 8.5870E-10 8.7841E-10 8.9566E-10 9.0986E-10 9.2010E-10 9.2667E-10 9.2964E-10 9.2909E-10 9.2411E-10 9.1475E-10 9.0261E-10 8.8707E-10 8.7052E-10 8.5125E-10 8.3021E-10 8.0671E-10 7.8048E-10 7.5243E-10 7.2338E-10 6.9329E-10 6.6205E-10 6.2914E-10 5.9655E-10 5.6362E-10 5.3011E-10 4.9616E-10 4.6159E-10 4.2671E-10 3.9112E-10 3.5473E-10 3.1796E-10 2.8257E-10 2.4685E-10 2.1834E-10 1.9193E-10 1.6035E-10 1.3004E-10 1.0817E-10 8.2469E-11 5.9972E-11 4.1057E-11 3.4896E-11 2.8716E-11 2.0996E-11 2.2543E-11 2.4881E-11 2.7691E-11 2.9365E-11 3.0073E-11 2.7671E-11 2.4186E-11 1.8667E-11 1.3511E-11 9.6871E-12 6.4374E-12 4.0393E-12
7.4033E-10 7.5826E-10 7.7408E-10 7.8712E-10 7.9765E-10 8.0546E-10 8.1142E-10 8.1384E-10 8.1224E-10 8.0586E-10 7.9675E-10 7.8476E-10 7.6994E-10 7.5342E-10 7.3540E-10 7.1567E-10 6.9471E-10 6.7245E-10 6.4793E-10 6.2220E-10 5.9485E-10 5.6770E-10 5.3906E-10 5.0968E-10 4.7953E-10 4.4894E-10 4.1782E-10 3.8612E-10 3.5444E-10 3.2206E-10 2.9082E-10 2.6138E-10 2.3132E-10 2.0609E-10 1.7791E-10 1.4741E-10 1.2673E-10 1.0242E-10 8.3872E-11 7.1231E-11 3.9212E-11 3.0189E-11 2.5319E-11 1.7696E-11 1.4004E-11 1.1491E-11 1.0485E-11 8.7455E-12 6.9093E-12 4.8432E-12 2.5677E-12 2.7616E-13 0.0000E+00 0.0000E+00 0.0000E+00 0.0000E+00 0.0000E+00
6.5180E-10 6.6829E-10 6.8134E-10 6.9176E-10 6.9997E-10 7.0530E-10 7.0767E-10 7.0781E-10 7.0503E-10 6.9957E-10 6.9141E-10 6.8011E-10 6.6699E-10 6.5245E-10 6.3621E-10 6.1914E-10 5.9938E-10 5.7840E-10 5.5571E-10 5.3288E-10 5.0920E-10 4.8477E-10 4.5934E-10 4.3317E-10 4.0624E-10 3.7870E-10 3.5138E-10 3.2469E-10 2.9609E-10 2.6845E-10 2.4125E-10 2.1551E-10 1.8930E-10 1.5868E-10 1.4120E-10 1.2479E-10 1.0027E-10 8.5866E-11 7.0547E-11 4.9545E-11 3.2800E-11 2.0336E-11 1.3260E-11 7.8973E-12 4.0198E-12 1.5966E-12 1.6526E-14 0.0000E+00 0.0000E+00 0.0000E+00 0.0000E+00 0.0000E+00 0.0000E+00 0.0000E+00 0.0000E+00 0.0000E+00 0.0000E+00
5.6999E-10 5.8316E-10 5.9482E-10 6.0443E-10 6.1115E-10 6.1505E-10 6.1632E-10 6.1520E-10 6.1161E-10 6.0535E-10 5.9752E-10 5.8840E-10 5.7747E-10 5.6524E-10 5.5079E-10 5.3488E-10 5.1788E-10 4.9866E-10 4.7921E-10 4.5799E-10 4.3615E-10 4.1381E-10 3.9038E-10 3.6631E-10 3.4178E-10 3.1681E-10 2.9292E-10 2.6753E-10 2.4461E-10 2.2019E-10 1.9780E-10 1.7701E-10 1.5415E-10 1.3785E-10 1.1971E-10 1.0002E-10 8.6478E-11 6.8738E-11 5.4199E-11 3.9487E-11 2.0929E-11 1.3946E-11 8.6371E-12 4.5820E-12 1.9388E-12 2.7542E-13 0.0000E+00 0.0000E+00 0.0000E+00 0.0000E+00 0.0000E+00 0.0000E+00 0.0000E+00 0.0000E+00 0.0000E+00 0.0000E+00 0.0000E+00
4.9954E-10 5.0973E-10 5.1831E-10 5.2558E-10 5.3148E-10 5.3530E-10 5.3671E-10 5.3536E-10 5.3191E-10 5.2649E-10 5.1924E-10 5.1039E-10 4.9992E-10 4.8799E-10 4.7491E-10 4.6015E-10 4.4448E-10 4.2796E-10 4.0993E-10 3.9196E-10 3.7271E-10 3.5290E-10 3.3247E-10 3.1164E-10 2.9077E-10 2.6976E-10 2.4697E-10 2.2661E-10 2.0607E-10 1.8658E-10 1.6602E-10 1.4860E-10 1.3353E-10 1.1395E-10 9.8497E-11 8.5874E-11 6.6014E-11 5.5413E-11 4.0446E-11 2.6496E-11 1.4146E-11 9.2003E-12 4.9562E-12 2.2312E-12 4.8009E-13 0.0000E+00 0.0000E+00 0.0000E+00 0.0000E+00 0.0000E+00 0.0000E+00 0.0000E+00 0.0000E+00 0.0000E+00 0.0000E+00 0.0000E+00 0.0000E+00
4.3673E-10 4.4572E-10 4.5278E-10 4.5816E-10 4.6176E-10 4.6363E-10 4.6411E-10 4.6321E-10 4.6071E-10 4.5641E-10 4.5005E-10 4.4207E-10 4.3245E-10 4.2156E-10 4.0957E-10 3.9685E-10 3.8276E-10 3.6822E-10 3.5214E-10 3.3564E-10 3.1931E-10 3.0206E-10 2.8447E-10 2.6671E-10 2.4702E-10 2.2886E-10 2.1026E-10 1.9044E-10 1.7292E-10 1.5667E-10 1.4218E-10 1.2838E-10 1.1049E-10 9.6189E-11 8.4342E-11 6.5668E-11 5.5712E-11 4.3778E-11 2.9108E-11 1.4239E-11 9.5180E-12 5.0626E-12 2.4457E-12 5.9932E-13 0.0000E+00 0.0000E+00 0.0000E+00 0.0000E+00 0.0000E+00 0.0000E+00 0.0000E+00 0.0000E+00 0.0000E+00 0.0000E+00 0.0000E+00 0.0000E+00 0.0000E+00
3.7793E-10 3.8665E-10 3.9357E-10 3.9848E-10 4.0151E-10 4.0261E-10 4.0216E-10 4.0016E-10 3.9670E-10 3.9194E-10 3.8609E-10 3.7885E-10 3.7061E-10 3.6145E-10 3.5130E-10 3.4075E-10 3.2862E-10 3.1565E-10 3.0226E-10 2.8765E-10 2.7270E-10 2.5762E-10 2.4195E-10 2.2415E-10 2.0864E-10 1.9195E-10 1.7749E-10 1.6226E-10 1.4813E-10 1.3505E-10 1.2031E-10 1.0396E-10 9.3211E-11 7.6725E-11 6.4732E-11 5.5323E-11 4.0394E-11 3.1636E-11 1.7044E-11 9.4545E-12 4.7978E-12 2.5496E-12 5.9567E-13 0.0000E+00 0.0000E+00 0.0000E+00 0.0000E+00 0.0000E+00 0.0000E+00 0.0000E+00 0.0000E+00 0.0000E+00 0.0000E+00 0.0000E+00 0.0000E+00 0.0000E+00 0.0000E+00
3.2632E-10 3.3264E-10 3.3819E-10 3.4278E-10 3.4617E-10 3.4774E-10 3.4754E-10 3.4589E-10 3.4263E-10 3.3814E-10 3.3246E-10 3.2564E-10 3.1788E-10 3.0929E-10 2.9997E-10 2.9014E-10 2.8001E-10 2.6868E-10 2.5684E-10 2.4501E-10 2.3086E-10 2.1805E-10 2.0566E-10 1.9264E-10 1.7794E-10 1.6524E-10 1.5067E-10 1.3695E-10 1.2349E-10 1.1033E-10 9.9503E-11 8.9649E-11 7.4367E-11 6.3308E-11 5.3896E-11 3.9475E-11 3.0128E-11 1.9563E-11 8.8416E-12 4.6968E-12 2.5038E-12 4.2284E-13 0.0000E+00 0.0000E+00 0.0000E+00 0.0000E+00 0.0000E+00 0.0000E+00 0.0000E+00 0.0000E+00 0.0000E+00 0.0000E+00 0.0000E+00 0.0000E+00 0.0000E+00 0.0000E+00 0.0000E+00
2.8284E-10 2.8754E-10 2.9120E-10 2.9378E-10 2.9568E-10 2.9646E-10 2.9636E-10 2.9524E-10 2.9301E-10 2.8958E-10 2.8498E-10 2.7919E-10 2.7258E-10 2.6524E-10 2.5722E-10 2.4870E-10 2.3966E-10 2.3044E-10 2.2022E-10 2.0860E-10 1.9755E-10 1.8653E-10 1.7379E-10 1.6165E-10 1.4968E-10 1.3586E-10 1.2404E-10 1.1366E-10 1.0393E-10 9.4558E-11 8.5598E-11 6.9110E-11 6.1075E-11 4.9080E-11 3.7442E-11 3.0087E-11 2.1655E-11 1.1016E-11 4.5743E-12 2.2601E-12 1.8558E-14 0.0000E+00 0.0000E+00 0.0000E+00 0.0000E+00 0.0000E+00 0.0000E+00 0.0000E+00 0.0000E+00 0.0000E+00 0.0000E+00 0.0000E+00 0.0000E+00 0.0000E+00 0.0000E+00 0.0000E+00 0.0000E+00
2.4329E-10 2.4792E-10 2.5120E-10 2.5324E-10 2.5419E-10 2.5403E-10 2.5285E-10 2.5070E-10 2.4804E-10 2.4452E-10 2.4014E-10 2.3519E-10 2.2954E-10 2.2324E-10 2.1641E-10 2.0914E-10 2.0134E-10 1.9306E-10 1.8286E-10 1.7333E-10 1.6279E-10 1.5342E-10 1.4368E-10 1.3328E-10 1.2418E-10 1.1516E-10 1.0629E-10 9.7629E-11 8.8876E-11 7.6603E-11 6.5842E-11 5.7763E-11 4.3662E-11 3.5205E-11 2.9171E-11 2.1194E-11 1.2070E-11 6.6592E-12 1.7518E-12 0.0000E+00 0.0000E+00 0.0000E+00 0.0000E+00 0.0000E+00 0.0000E+00 0.0000E+00 0.0000E+00 0.0000E+00 0.0000E+00 0.0000E+00 0.0000E+00 0.0000E+00 0.0000E+00 0.0000E+00 0.0000E+00 0.0000E+00 0.0000E+00
2.0567E-10 2.0969E-10 2.1343E-10 2.1631E-10 2.1775E-10 2.1783E-10 2.1676E-10 2.1475E-10 2.1200E-10 2.0852E-10 2.0435E-10 1.9952E-10 1.9417E-10 1.8837E-10 1.8226E-10 1.7589E-10 1.6921E-10 1.6033E-10 1.5344E-10 1.4471E-10 1.3766E-10 1.3070E-10 1.2141E-10 1.1385E-10 1.0653E-10 9.7853E-11 8.7449E-11 7.7794E-11 7.0046E-11 6.2673E-11 5.3768E-11 3.8912E-11 3.3977E-11 2.5564E-11 1.9682E-11 1.4447E-11 8.4918E-12 1.4715E-12 0.0000E+00 0.0000E+00 0.0000E+00 0.0000E+00 0.0000E+00 0.0000E+00 0.0000E+00 0.0000E+00 0.0000E+00 0.0000E+00 0.0000E+00 0.0000E+00 0.0000E+00 0.0000E+00 0.0000E+00 0.0000E+00 0.0000E+00 0.0000E+00 0.0000E+00
1.7628E-10 1.7861E-10 1.8028E-10 1.8127E-10 1.8228E-10 1.8254E-10 1.8240E-10 1.8148E-10 1.7984E-10 1.7717E-10 1.7372E-10 1.6970E-10 1.6521E-10 1.6023E-10 1.5500E-10 1.4954E-10 1.4197E-10 1.3636E-10 1.2862E-10 1.2114E-10 1.1484E-10 1.0782E-10 1.0009E-10 9.1899E-11 8.5163E-11 7.9183E-11 7.2904E-11 6.5568E-11 5.5937E-11 4.4433E-11 3.7294E-11 3.2107E-11 2.3695E-11 1.8074E-11 1.3969E-11 8.2025E-12 2.3348E-12 0.0000E+00 0.0000E+00 0.0000E+00 0.0000E+00 0.0000E+00 0.0000E+00 0.0000E+00 0.0000E+00 0.0000E+00 0.0000E+00 0.0000E+00 0.0000E+00 0.0000E+00 0.0000E+00 0.0000E+00 0.0000E+00 0.0000E+00 0.0000E+00 0.0000E+00 0.0000E+00
1.5088E-10 1.5279E-10 1.5414E-10 1.5489E-10 1.5490E-10 1.5424E-10 1.5295E-10 1.5106E-10 1.4866E-10 1.4589E-10 1.4294E-10 1.3953E-10 1.3568E-10 1.3144E-10 1.2668E-10 1.2035E-10 1.1521E-10 1.0837E-10 1.0165E-10 9.7190E-11 9.2654E-11 8.7672E-11 8.2555E-11 7.7640E-11 7.2179E-11 6.6043E-11 5.5779E-11 4.5420E-11 4.0459E-11 3.5790E-11 2.9585E-11 2.0206E-11 1.7404E-11 1.3405E-11 9.0999E-12 4.6348E-12 0.0000E+00 0.0000E+00 0.0000E+00 0.0000E+00 0.0000E+00 0.0000E+00 0.0000E+00 0.0000E+00 0.0000E+00 0.0000E+00 0.0000E+00 0.0000E+00 0.0000E+00 0.0000E+00 0.0000E+00 0.0000E+00 0.0000E+00 0.0000E+00 0.0000E+00 0.0000E+00 0.0000E+00
1.2600E-10 1.2832E-10 1.3014E-10 1.3140E-10 1.3181E-10 1.3117E-10 1.2999E-10 1.2830E-10 1.2619E-10 1.2364E-10 1.2074E-10 1.1731E-10 1.1358E-10 1.0929E-10 1.0398E-10 9.9737E-11 9.4188E-11 8.8579E-11 8.4926E-11 8.1166E-11 7.7151E-11 7.3128E-11 6.8775E-11 6.2673E-11 4.9505E-11 4.5179E-11 4.1981E-11 3.8073E-11 3.2776E-11 2.2041E-11 1.9797E-11 1.6426E-11 1.2003E-11 7.8420E-12 6.7806E-12 2.2087E-12 0.0000E+00 0.0000E+00 0.0000E+00 0.0000E+00 0.0000E+00 0.0000E+00 0.0000E+00 0.0000E+00 0.0000E+00 0.0000E+00 0.0000E+00 0.0000E+00 0.0000E+00 0.0000E+00 0.0000E+00 0.0000E+00 0.0000E+00 0.0000E+00 0.0000E+00 0.0000E+00 0.0000E+00
1.0557E-10 1.0693E-10 1.0790E-10 1.0841E-10 1.0833E-10 1.0826E-10 1.0753E-10 1.0630E-10 1.0464E-10 1.0273E-10 1.0030E-10 9.6863E-11 9.2521E-11 8.8968E-11 8.4405E-11 8.0272E-11 7.5344E-11 7.1699E-11 6.7717E-11 6.3635E-11 5.8933E-11 5.4922E-11 4.7546E-11 4.4243E-11 4.1643E-11 3.8624E-11 3.2714E-11 2.4465E-11 2.1343E-11 1.9273E-11 1.4795E-11 9.1218E-12 8.0198E-12 6.9930E-12 4.3190E-12 1.9796E-12 0.0000E+00 0.0000E+00 0.0000E+00 0.0000E+00 0.0000E+00 0.0000E+00 0.0000E+00 0.0000E+00 0.0000E+00 0.0000E+00 0.0000E+00 0.0000E+00 0.0000E+00 0.0000E+00 0.0000E+00 0.0000E+00 0.0000E+00 0.0000E+00 0.0000E+00 0.0000E+00 0.0000E+00
8.4869E-11 8.5738E-11 8.6027E-11 8.5774E-11 8.5119E-11 8.4290E-11 8.3237E-11 8.1641E-11 7.9623E-11 7.6442E-11 7.3331E-11 6.9468E-11 6.6223E-11 6.1817E-11 5.9298E-11 5.5026E-11 5.2908E-11 5.0340E-11 4.7602E-11 4.3763E-11 3.9272E-11 3.7035E-11 3.5181E-11 3.2615E-11 2.6041E-11 2.0157E-11 1.8506E-11 1.6903E-11 1.4085E-11 7.3387E-12 6.5535E-12 5.8093E-12 5.1103E-12 4.4594E-12 2.0647E-12 0.0000E+00 0.0000E+00 0.0000E+00 0.0000E+00 0.0000E+00 0.0000E+00 0.0000E+00 0.0000E+00 0.0000E+00 0.0000E+00 0.0000E+00 0.0000E+00 0.0000E+00 0.0000E+00 0.0000E+00 0.0000E+00 0.0000E+00 0.0000E+00 0.0000E+00 0.0000E+00 0.0000E+00 0.0000E+00
6.8981E-11 6.9580E-11 6.9891E-11 6.9956E-11 6.9425E-11 6.8820E-11 6.7667E-11 6.5189E-11 6.2383E-11 5.9628E-11 5.6570E-11 5.3836E-11 5.0711E-11 4.8510E-11 4.4838E-11 4.2624E-11 4.0438E-11 3.8378E-11 3.4932E-11 3.2981E-11 3.0283E-11 2.7029E-11 2.2129E-11 1.9795E-11 1.8504E-11 1.7228E-11 1.6113E-11 8.0728E-12 7.3044E-12 6.5652E-12 5.8598E-12 5.1923E-12 4.5659E-12 3.9832E-12 1.8487E-12 0.0000E+00 0.0000E+00 0.0000E+00 0.0000E+00 0.0000E+00 0.0000E+00 0.0000E+00 0.0000E+00 0.0000E+00 0.0000E+00 0.0000E+00 0.0000E+00 0.0000E+00 0.0000E+00 0.0000E+00 0.0000E+00 0.0000E+00 0.0000E+00 0.0000E+00 0.0000E+00 0.0000E+00 0.0000E+00
5.4795E-11 5.5023E-11 5.5209E-11 5.5029E-11 5.4080E-11 5.2525E-11 5.0705E-11 4.9112E-11 4.6704E-11 4.4458E-11 4.2050E-11 3.9695E-11 3.7304E-11 3.4429E-11 3.2945E-11 2.9495E-11 2.8081E-11 2.6519E-11 2.5191E-11 2.2958E-11 1.9993E-11 1.8119E-11 1.7180E-11 1.6157E-11 1.4107E-11 8.2395E-12 7.6874E-12 7.2282E-12 6.5361E-12 5.8713E-12 5.2379E-12 4.6391E-12 4.0780E-12 1.9104E-12 0.0000E+00 0.0000E+00 0.0000E+00 0.0000E+00 0.0000E+00 0.0000E+00 0.0000E+00 0.0000E+00 0.0000E+00 0.0000E+00 0.0000E+00 0.0000E+00 0.0000E+00 0.0000E+00 0.0000E+00 0.0000E+00 0.0000E+00 0.0000E+00 0.0000E+00 0.0000E+00 0.0000E+00 0.0000E+00 0.0000E+00
4.0017E-11 4.0128E-11 3.9691E-11 3.8690E-11 3.7590E-11 3.5996E-11 3.4099E-11 3.2118E-11 3.0216E-11 2.8113E-11 2.5982E-11 2.3371E-11 2.0370E-11 1.9404E-11 1.8413E-11 1.7502E-11 1.6017E-11 1.4363E-11 1.3074E-11 1.1996E-11 1.1322E-11 1.0147E-11 7.3852E-12 4.4139E-12 4.2381E-12 4.1613E-12 3.8089E-12 3.4656E-12 3.1338E-12 2.8155E-12 2.5125E-12 2.2263E-12 1.9583E-12 1.7094E-12 0.0000E+00 0.0000E+00 0.0000E+00 0.0000E+00 0.0000E+00 0.0000E+00 0.0000E+00 0.0000E+00 0.0000E+00 0.0000E+00 0.0000E+00 0.0000E+00 0.0000E+00 0.0000E+00 0.0000E+00 0.0000E+00 0.0000E+00 0.0000E+00 0.0000E+00 0.0000E+00 0.0000E+00 0.0000E+00 0.0000E+00
3.1008E-11 3.0533E-11 2.9479E-11 2.8329E-11 2.7228E-11 2.5598E-11 2.3478E-11 2.1056E-11 1.9026E-11 1.7558E-11 1.5581E-11 1.4732E-11 1.3688E-11 1.2763E-11 1.2116E-11 1.1407E-11 9.8302E-12 9.2741E-12 8.4335E-12 7.4675E-12 4.5919E-12 4.1156E-12 3.9758E-12 3.8291E-12 3.6766E-12 3.5194E-12 3.4181E-12 3.1081E-12 2.8088E-12 2.5222E-12 2.2497E-12 1.9927E-12 1.7522E-12 0.0000E+00 0.0000E+00 0.0000E+00 0.0000E+00 0.0000E+00 0.0000E+00 0.0000E+00 0.0000E+00 0.0000E+00 0.0000E+00 0.0000E+00 0.0000E+00 0.0000E+00 0.0000E+00 0.0000E+00 0.0000E+00 0.0000E+00 0.0000E+00 0.0000E+00 0.0000E+00 0.0000E+00 0.0000E+00 0.0000E+00 0.0000E+00
2.0378E-11 1.9851E-11 1.9035E-11 1.8164E-11 1.7363E-11 1.5922E-11 1.4475E-11 1.3166E-11 1.1729E-11 1.0579E-11 9.6416E-12 8.9890E-12 8.5264E-12 7.4326E-12 7.0460E-12 6.7950E-12 5.9999E-12 4.8524E-12 3.8768E-12 3.7795E-12 3.6735E-12 3.5595E-12 3.4386E-12 3.3117E-12 3.1798E-12 3.0438E-12 3.0666E-12 2.7867E-12 2.5169E-12 2.2589E-12 2.0139E-12 1.7831E-12 1.4768E-12 0.0000E+00 0.0000E+00 0.0000E+00 0.0000E+00 0.0000E+00 0.0000E+00 0.0000E+00 0.0000E+00 0.0000E+00 0.0000E+00 0.0000E+00 0.0000E+00 0.0000E+00 0.0000E+00 0.0000E+00 0.0000E+00 0.0000E+00 0.0000E+00 0.0000E+00 0.0000E+00 0.0000E+00 0.0000E+00 0.0000E+00 0.0000E+00
1.0460E-11 9.9409E-12 9.1524E-12 8.3855E-12 7.2631E-12 6.0405E-12 4.9602E-12 3.4744E-12 2.2926E-12 1.5120E-12 1.3973E-12 1.2393E-12 1.2113E-12 7.4803E-13 4.3457E-13 0.0000E+00 0.0000E+00 0.0000E+00 0.0000E+00 0.0000E+00 0.0000E+00 0.0000E+00 0.0000E+00 0.0000E+00 0.0000E+00 0.0000E+00 0.0000E+00 0.0000E+00 0.0000E+00 0.0000E+00 0.0000E+00 0.0000E+00 0.0000E+00 0.0000E+00 0.0000E+00 0.0000E+00 0.0000E+00 0.0000E+00 0.0000E+00 0.0000E+00 0.0000E+00 0.0000E+00 0.0000E+00 0.0000E+00 0.0000E+00 0.0000E+00 0.0000E+00 0.0000E+00 0.0000E+00 0.0000E+00 0.0000E+00 0.0000E+00 0.0000E+00 0.0000E+00 0.0000E+00 0.0000E+00 0.0000E+00
5.4231E-12 4.8352E-12 4.0028E-12 2.9208E-12 2.3069E-12 1.1996E-12 4.9290E-13 4.0505E-13 3.0907E-13 3.0608E-13 1.2910E-13 0.0000E+00 0.0000E+00 0.0000E+00 0.0000E+00 0.0000E+00 0.0000E+00 0.0000E+00 0.0000E+00 0.0000E+00 0.0000E+00 0.0000E+00 0.0000E+00 0.0000E+00 0.0000E+00 0.0000E+00 0.0000E+00 0.0000E+00 0.0000E+00 0.0000E+00 0.0000E+00 0.0000E+00 0.0000E+00 0.0000E+00 0.0000E+00 0.0000E+00 0.0000E+00 0.0000E+00 0.0000E+00 0.0000E+00 0.0000E+00 0.0000E+00 0.0000E+00 0.0000E+00 0.0000E+00 0.0000E+00 0.0000E+00 0.0000E+00 0.0000E+00 0.0000E+00 0.0000E+00 0.0000E+00 0.0000E+00 0.0000E+00 0.0000E+00 0.0000E+00 0.0000E+00
2.1991E-12 1.7304E-12 1.2122E-12 3.0753E-13 0.0000E+00 0.0000E+00 0.0000E+00 0.0000E+00 0.0000E+00 0.0000E+00 0.0000E+00 0.0000E+00 0.0000E+00 0.0000E+00 0.0000E+00 0.0000E+00 0.0000E+00 0.0000E+00 0.0000E+00 0.0000E+00 0.0000E+00 0.0000E+00 0.0000E+00 0.0000E+00 0.0000E+00 0.0000E+00 0.0000E+00 0.0000E+00 0.0000E+00 0.0000E+00 0.0000E+00 0.0000E+00 0.0000E+00 0.0000E+00 0.0000E+00 0.0000E+00 0.0000E+00 0.0000E+00 0.0000E+00 0.0000E+00 0.0000E+00 0.0000E+00 0.0000E+00 0.0000E+00 0.0000E+00 0.0000E+00 0.0000E+00 0.0000E+00 0.0000E+00 0.0000E+00 0.0000E+00 0.0000E+00 0.0000E+00 0.0000E+00 0.0000E+00 0.0000E+00 0.0000E+00
