Assets/Resources/2015_m01_d29_1800(utc+0800)_l00_csi_1hr_conc.grd
DSAA
         159         159
     -79.000      79.000
     -79.000      79.000
  0.0000E+00  0.2284E-04
[rows 75 to 99 of 159, columns 57 to 113 of 159]
3.9041E-11 4.3118E-11 4.6323E-11 5.0926E-11 5.4652E-11 5.9840E-11 6.5302E-11 6.9980E-11 7.6109E-11 8.1466E-11 8.7738E-11 9.4377E-11 1.0081E-10 1.0824E-10 1.1545E-10 1.2370E-10 1.3176E-10 1.4182E-10 1.5183E-10 1.6523E-10 1.7770E-10 1.9195E-10 2.0633E-10 2.1947E-10 2.4604E-10 3.4181E-10 5.4373E-10 9.7896E-10 1.7639E-09 3.1109E-09 5.0956E-09 8.8487E-09 1.3586E-08 1.6488E-08 1.7792E-08 1.8275E-08 1.8327E-08 1.8261E-08 1.8259E-08 1.8420E-08 1.8880E-08 1.9455E-08 2.0009E-08 2.0433E-08 2.0695E-08 2.0781E-08 2.0700E-08 2.0533E-08 2.0283E-08 1.9953E-08 1.9560E-08 1.9085E-08 1.8566E-08 1.7975E-08 1.7381E-08 1.6782E-08 1.6239E-08
3.7440E-11 4.1363E-11 4.4441E-11 4.8873E-11 5.2452E-11 5.7449E-11 6.2158E-11 6.7208E-11 7.2555E-11 7.8267E-11 8.4308E-11 9.0119E-11 9.6897E-11 1.0405E-10 1.1100E-10 1.1895E-10 1.2671E-10 1.3554E-10 1.4607E-10 1.5724E-10 1.7109E-10 1.8398E-10 1.9767E-10 2.1249E-10 2.6097E-10 4.1555E-10 7.5305E-10 1.4585E-09 2.8477E-09 5.2909E-09 1.2333E-08 2.1523E-08 2.6695E-08 2.8947E-08 2.8843E-08 2.7914E-08 2.6677E-08 2.5580E-08 2.4737E-08 2.4239E-08 2.4163E-08 2.4325E-08 2.4545E-08 2.4664E-08 2.4608E-08 2.4387E-08 2.4025E-08 2.3591E-08 2.3103E-08 2.2577E-08 2.1977E-08 2.1336E-08 2.0635E-08 1.9870E-08 1.9120E-08 1.8384E-08 1.7681E-08
3.5869E-11 3.9087E-11 4.2594E-11 4.6284E-11 5.0292E-11 5.5099E-11 5.9627E-11 6.4483E-11 6.9626E-11 7.5120E-11 8.0932E-11 8.6518E-11 9.3041E-11 9.9926E-11 1.0661E-10 1.1364E-10 1.2173E-10 1.3023E-10 1.4038E-10 1.5116E-10 1.6456E-10 1.7702E-10 1.8931E-10 2.0616E-10 2.9070E-10 5.5077E-10 1.2662E-09 3.0722E-09 7.2296E-09 1.4975E-08 3.6430E-08 4.8280E-08 5.0365E-08 4.7922E-08 4.3919E-08 4.0035E-08 3.6574E-08 3.3888E-08 3.1875E-08 3.0505E-08 2.9730E-08 2.9375E-08 2.9194E-08 2.8980E-08 2.8585E-08 2.8010E-08 2.7323E-08 2.6574E-08 2.5828E-08 2.5097E-08 2.4294E-08 2.3461E-08 2.2567E-08 2.1644E-08 2.0741E-08 1.9868E-08 1.9043E-08
3.3774E-11 3.6897E-11 4.0784E-11 4.3786E-11 4.8173E-11 5.2220E-11 5.6605E-11 6.1808E-11 6.6194E-11 7.2029E-11 7.7052E-11 8.2978E-11 8.9249E-11 9.5282E-11 1.0229E-10 1.0905E-10 1.1682E-10 1.2501E-10 1.3391E-10 1.4517E-10 1.5631E-10 1.7014E-10 1.8201E-10 2.0043E-10 3.2747E-10 7.1544E-10 1.8684E-09 5.1459E-09 1.3384E-08 5.5833E-08 9.0495E-08 9.1366E-08 8.2317E-08 7.0726E-08 6.0768E-08 5.2879E-08 4.6631E-08 4.2128E-08 3.8830E-08 3.6533E-08 3.5002E-08 3.4138E-08 3.3564E-08 3.3061E-08 3.2324E-08 3.1415E-08 3.0387E-08 2.9316E-08 2.8334E-08 2.7375E-08 2.6382E-08 2.5358E-08 2.4292E-08 2.3217E-08 2.2170E-08 2.1175E-08 2.0240E-08
3.2289E-11 3.5282E-11 3.9012E-11 4.1886E-11 4.6098E-11 4.9441E-11 5.4187E-11 5.8627E-11 6.3390E-11 6.8429E-11 7.3814E-11 7.9505E-11 8.4935E-11 9.1316E-11 9.8047E-11 1.0453E-10 1.1200E-10 1.1925E-10 1.2843E-10 1.3843E-10 1.5001E-10 1.6246E-10 1.7480E-10 2.2837E-05 3.8979E-06 9.4991E-07 3.6472E-07 1.9123E-07 1.7280E-07 2.3441E-07 1.9520E-07 1.4747E-07 1.1599E-07 9.2043E-08 7.5417E-08 6.3461E-08 5.4842E-08 4.8834E-08 4.4496E-08 4.1471E-08 3.9340E-08 3.8076E-08 3.7240E-08 3.6487E-08 3.5523E-08 3.4345E-08 3.3007E-08 3.1689E-08 3.0440E-08 2.9273E-08 2.8118E-08 2.6924E-08 2.5712E-08 2.4506E-08 2.3342E-08 2.2243E-08 2.1220E-08
3.0323E-11 3.3706E-11 3.6197E-11 4.0030E-11 4.3500E-11 4.7268E-11 5.1822E-11 5.6077E-11 6.0644E-11 6.5477E-11 7.0642E-11 7.6101E-11 8.1305E-11 8.7428E-11 9.3888E-11 1.0011E-10 1.0665E-10 1.1422E-10 1.2219E-10 1.3179E-10 1.4293E-10 1.5489E-10 1.6771E-10 1.8798E-10 7.3082E-08 1.4374E-06 2.2147E-06 1.8526E-06 1.2055E-06 4.9526E-07 2.7162E-07 1.8065E-07 1.3404E-07 1.0308E-07 8.2803E-08 6.8814E-08 5.9198E-08 5.2597E-08 4.7868E-08 4.4552E-08 4.2171E-08 4.0693E-08 3.9769E-08 3.8926E-08 3.7893E-08 3.6547E-08 3.5014E-08 3.3474E-08 3.2001E-08 3.0677E-08 2.9393E-08 2.8067E-08 2.6749E-08 2.5445E-08 2.4196E-08 2.3022E-08 2.1936E-08
2.8929E-11 3.1620E-11 3.4547E-11 3.8219E-11 4.1004E-11 4.5147E-11 4.8941E-11 5.3050E-11 5.7961E-11 6.2035E-11 6.7539E-11 7.2205E-11 7.7753E-11 8.3623E-11 8.9222E-11 9.5773E-11 1.0204E-10 1.0930E-10 1.1694E-10 1.2616E-10 1.3598E-10 1.4839E-10 1.5982E-10 1.8025E-10 3.6542E-10 9.3628E-10 2.4198E-08 1.8695E-07 3.7244E-07 3.3674E-07 2.3036E-07 1.6293E-07 1.2497E-07 9.8136E-08 8.0050E-08 6.7291E-08 5.8581E-08 5.2658E-08 4.8370E-08 4.5313E-08 4.3093E-08 4.1661E-08 4.0860E-08 4.0131E-08 3.9174E-08 3.7785E-08 3.6204E-08 3.4529E-08 3.2938E-08 3.1505E-08 3.0117E-08 2.8724E-08 2.7340E-08 2.5982E-08 2.4687E-08 2.3473E-08 2.2360E-08
2.7040E-11 2.9617E-11 3.2941E-11 3.5895E-11 3.9113E-11 4.3078E-11 4.6171E-11 5.0638E-11 5.4785E-11 5.9235E-11 6.3941E-11 6.8970E-11 7.4283E-11 7.9308E-11 8.5260E-11 9.1535E-11 9.7533E-11 1.0449E-10 1.1118E-10 1.1979E-10 1.2921E-10 1.4113E-10 1.5301E-10 1.7149E-10 3.2856E-10 7.8660E-10 2.3673E-09 8.3913E-09 2.9416E-08 1.1153E-07 1.2660E-07 1.1129E-07 9.5420E-08 8.0351E-08 6.8669E-08 5.9714E-08 5.3485E-08 4.9198E-08 4.6051E-08 4.3733E-08 4.2055E-08 4.0924E-08 4.0402E-08 3.9948E-08 3.9155E-08 3.7962E-08 3.6468E-08 3.4788E-08 3.3179E-08 3.1673E-08 3.0240E-08 2.8852E-08 2.7449E-08 2.6084E-08 2.4788E-08 2.3573E-08 2.2468E-08
2.5220E-11 2.8202E-11 3.0823E-11 3.3673E-11 3.7272E-11 4.0504E-11 4.4014E-11 4.7705E-11 5.1701E-11 5.6506E-11 6.1005E-11 6.5815E-11 7.0896E-11 7.5698E-11 8.1392E-11 8.7396E-11 9.3131E-11 9.9159E-11 1.0619E-10 1.1357E-10 1.2258E-10 1.3401E-10 1.4542E-10 1.6016E-10 2.7802E-10 6.0329E-10 1.5323E-09 4.2395E-09 1.1026E-08 2.7766E-08 5.2024E-08 6.1931E-08 6.2083E-08 5.8040E-08 5.3094E-08 4.8725E-08 4.5473E-08 4.3211E-08 4.1522E-08 4.0208E-08 3.9274E-08 3.8655E-08 3.8477E-08 3.8357E-08 3.7907E-08 3.7049E-08 3.5740E-08 3.4208E-08 3.2658E-08 3.1164E-08 2.9777E-08 2.8424E-08 2.7067E-08 2.5754E-08 2.4493E-08 2.3317E-08 2.2256E-08
2.3442E-11 2.6292E-11 2.9328E-11 3.2046E-11 3.4917E-11 3.8041E-11 4.1918E-11 4.4893E-11 4.9256E-11 5.3848E-11 5.7596E-11 6.2742E-11 6.7034E-11 7.2181E-11 7.7622E-11 8.2770E-11 8.8838E-11 9.4596E-11 1.0131E-10 1.0838E-10 1.1700E-10 1.2710E-10 1.3797E-10 1.5117E-10 2.2954E-10 4.3591E-10 1.0030E-09 2.3153E-09 5.1563E-09 1.0304E-08 2.0667E-08 3.1028E-08 3.6211E-08 3.8169E-08 3.7952E-08 3.7178E-08 3.6428E-08 3.5991E-08 3.5681E-08 3.5389E-08 3.5221E-08 3.5192E-08 3.5357E-08 3.5596E-08 3.5553E-08 3.5048E-08 3.4064E-08 3.2802E-08 3.1400E-08 3.0059E-08 2.8737E-08 2.7471E-08 2.6215E-08 2.4993E-08 2.3816E-08 2.2720E-08 2.1733E-08
2.1737E-11 2.4983E-11 2.7367E-11 3.0468E-11 3.2670E-11 3.6182E-11 3.9314E-11 4.2715E-11 4.6880E-11 5.0717E-11 5.4837E-11 5.9191E-11 6.3845E-11 6.8757E-11 7.3364E-11 7.8863E-11 8.4657E-11 9.0152E-11 9.6568E-11 1.0269E-10 1.1069E-10 1.1948E-10 1.3076E-10 1.4218E-10 1.8706E-10 3.1651E-10 6.6180E-10 1.3480E-09 2.7422E-09 5.0631E-09 8.7266E-09 1.4816E-08 1.9880E-08 2.3581E-08 2.5679E-08 2.6953E-08 2.7872E-08 2.8723E-08 2.9431E-08 2.9970E-08 3.0459E-08 3.0949E-08 3.1437E-08 3.1958E-08 3.2275E-08 3.2155E-08 3.1589E-08 3.0662E-08 2.9532E-08 2.8368E-08 2.7188E-08 2.6054E-08 2.4939E-08 2.3848E-08 2.2792E-08 2.1812E-08 2.0927E-08
2.0623E-11 2.2673E-11 2.5447E-11 2.8404E-11 3.1033E-11 3.4380E-11 3.6830E-11 4.0602E-11 4.4007E-11 4.7693E-11 5.2158E-11 5.5748E-11 6.0746E-11 6.4856E-11 6.9819E-11 7.5065E-11 8.0592E-11 8.5829E-11 9.1330E-11 9.7789E-11 1.0457E-10 1.1293E-10 1.2370E-10 1.3537E-10 1.5937E-10 2.4052E-10 4.2793E-10 7.9767E-10 1.5602E-09 2.7377E-09 4.5065E-09 7.2530E-09 1.0710E-08 1.4076E-08 1.6765E-08 1.8874E-08 2.0602E-08 2.2142E-08 2.3456E-08 2.4564E-08 2.5510E-08 2.6370E-08 2.7119E-08 2.7816E-08 2.8415E-08 2.8655E-08 2.8492E-08 2.7901E-08 2.7107E-08 2.6182E-08 2.5210E-08 2.4263E-08 2.3309E-08 2.2380E-08 2.1475E-08 2.0637E-08 1.9874E-08
1.8502E-11 2.0966E-11 2.4134E-11 2.6434E-11 2.9448E-11 3.1552E-11 3.4962E-11 3.7984E-11 4.1263E-11 4.5305E-11 4.9004E-11 5.2975E-11 5.7169E-11 6.1651E-11 6.6380E-11 7.1378E-11 7.6065E-11 8.1631E-11 8.6870E-11 9.3025E-11 9.9493E-11 1.0658E-10 1.1691E-10 1.2805E-10 1.4084E-10 1.9181E-10 2.9862E-10 5.3527E-10 8.9787E-10 1.5177E-09 2.4313E-09 3.6529E-09 5.8899E-09 8.3510E-09 1.0758E-08 1.2936E-08 1.4859E-08 1.6595E-08 1.8181E-08 1.9568E-08 2.0770E-08 2.1834E-08 2.2750E-08 2.3546E-08 2.4309E-08 2.4817E-08 2.4952E-08 2.4748E-08 2.4289E-08 2.3642E-08 2.2934E-08 2.2177E-08 2.1418E-08 2.0664E-08 1.9931E-08 1.9248E-08 1.8627E-08
1.7514E-11 1.9854E-11 2.1828E-11 2.4516E-11 2.7382E-11 2.9912E-11 3.3157E-11 3.5492E-11 3.9147E-11 4.2423E-11 4.5969E-11 5.0290E-11 5.4280E-11 5.8546E-11 6.3046E-11 6.7227E-11 7.2261E-11 7.7560E-11 8.2543E-11 8.7772E-11 9.3953E-11 1.0044E-10 1.0944E-10 1.2001E-10 1.3051E-10 1.5604E-10 2.2371E-10 3.6164E-10 5.7443E-10 9.3904E-10 1.5252E-09 2.2734E-09 3.3054E-09 5.0217E-09 6.8523E-09 8.7200E-09 1.0506E-08 1.2183E-08 1.3780E-08 1.5222E-08 1.6493E-08 1.7624E-08 1.8612E-08 1.9477E-08 2.0246E-08 2.0904E-08 2.1286E-08 2.1402E-08 2.1242E-08 2.0895E-08 2.0439E-08 1.9901E-08 1.9345E-08 1.8780E-08 1.8226E-08 1.7705E-08 1.7236E-08
1.5532E-11 1.7749E-11 2.0129E-11 2.2681E-11 2.5415E-11 2.7773E-11 3.0330E-11 3.3628E-11 3.6530E-11 3.9677E-11 4.3583E-11 4.7131E-11 5.0942E-11 5.5541E-11 5.9261E-11 6.3791E-11 6.8577E-11 7.3029E-11 7.8353E-11 8.3323E-11 8.9201E-11 9.5373E-11 1.0306E-10 1.1223E-10 1.2406E-10 1.3771E-10 1.7471E-10 2.3917E-10 3.7922E-10 5.8301E-10 9.6110E-10 1.4278E-09 2.0333E-09 2.8625E-09 4.2431E-09 5.8454E-09 7.3318E-09 8.8149E-09 1.0256E-08 1.1586E-08 1.2813E-08 1.3916E-08 1.4901E-08 1.5754E-08 1.6476E-08 1.7185E-08 1.7723E-08 1.8042E-08 1.8138E-08 1.8070E-08 1.7859E-08 1.7548E-08 1.7191E-08 1.6812E-08 1.6432E-08 1.6070E-08 1.5750E-08
1.4668E-11 1.6245E-11 1.8498E-11 2.0370E-11 2.3509E-11 2.6275E-11 2.8699E-11 3.1830E-11 3.4046E-11 3.7570E-11 4.0708E-11 4.4102E-11 4.8266E-11 5.2084E-11 5.6166E-11 6.0469E-11 6.4433E-11 6.9241E-11 7.4300E-11 7.9018E-11 8.4604E-11 8.9852E-11 9.6914E-11 1.0566E-10 1.1692E-10 1.2621E-10 1.4475E-10 1.8485E-10 2.7408E-10 3.9795E-10 6.0397E-10 8.6909E-10 1.2390E-09 1.9489E-09 2.8142E-09 3.8577E-09 5.0145E-09 6.2336E-09 7.4660E-09 8.6757E-09 9.7749E-09 1.0788E-08 1.1691E-08 1.2496E-08 1.3170E-08 1.3841E-08 1.4432E-08 1.4866E-08 1.5153E-08 1.5300E-08 1.5306E-08 1.5205E-08 1.5038E-08 1.4835E-08 1.4616E-08 1.4406E-08 1.4226E-08
1.2837E-11 1.4817E-11 1.6947E-11 1.9235E-11 2.1690E-11 2.4322E-11 2.6577E-11 2.9021E-11 3.2195E-11 3.4969E-11 3.7976E-11 4.1732E-11 4.5121E-11 4.8760E-11 5.3179E-11 5.6700E-11 6.1021E-11 6.5583E-11 6.9791E-11 7.4859E-11 7.9551E-11 8.5139E-11 9.1001E-11 9.9287E-11 1.0821E-10 1.1883E-10 1.3062E-10 1.5672E-10 2.0795E-10 2.7558E-10 4.1094E-10 5.8552E-10 8.8373E-10 1.2113E-09 1.7788E-09 2.5369E-09 3.3858E-09 4.4302E-09 5.4190E-09 6.4012E-09 7.3329E-09 8.2167E-09 9.0179E-09 9.7482E-09 1.0382E-08 1.0950E-08 1.1533E-08 1.2012E-08 1.2413E-08 1.2698E-08 1.2877E-08 1.2956E-08 1.2964E-08 1.2913E-08 1.2839E-08 1.2763E-08 1.2710E-08
1.1595E-11 1.2937E-11 1.4941E-11 1.7096E-11 1.9412E-11 2.2439E-11 2.4564E-11 2.7408E-11 2.9852E-11 3.2506E-11 3.5889E-11 3.8881E-11 4.2115E-11 4.6109E-11 4.9746E-11 5.3634E-11 5.7730E-11 6.1470E-11 6.6041E-11 7.0847E-11 7.5293E-11 8.0591E-11 8.5530E-11 9.2273E-11 1.0072E-10 1.1173E-10 1.2306E-10 1.3334E-10 1.6445E-10 2.0980E-10 3.0738E-10 4.2656E-10 5.9744E-10 7.9494E-10 1.0509E-09 1.6509E-09 2.3926E-09 3.0894E-09 3.8505E-09 4.6401E-09 5.4084E-09 6.1734E-09 6.8660E-09 7.5095E-09 8.0687E-09 8.5638E-09 9.0866E-09 9.5609E-09 1.0004E-08 1.0360E-08 1.0658E-08 1.0877E-08 1.1017E-08 1.1098E-08 1.1148E-08 1.1191E-08 1.1240E-08
9.9187E-12 1.2178E-11 1.3552E-11 1.5582E-11 1.7765E-11 2.0111E-11 2.2628E-11 2.5315E-11 2.7639E-11 3.0680E-11 3.3320E-11 3.6178E-11 3.9774E-11 4.2996E-11 4.6456E-11 5.0683E-11 5.3999E-11 5.8100E-11 6.2429E-11 6.6387E-11 7.1189E-11 7.5597E-11 8.0883E-11 8.6425E-11 9.4391E-11 1.0491E-10 1.1452E-10 1.2439E-10 1.3857E-10 1.7916E-10 2.2861E-10 3.1024E-10 4.1685E-10 5.5702E-10 8.1073E-10 1.1151E-09 1.5483E-09 2.1001E-09 2.6644E-09 3.3390E-09 3.9481E-09 4.5893E-09 5.1673E-09 5.7182E-09 6.2072E-09 6.6502E-09 7.0928E-09 7.5261E-09 7.9619E-09 8.3358E-09 8.7034E-09 9.0048E-09 9.2438E-09 9.4340E-09 9.5822E-09 9.7169E-09 9.8475E-09
8.8273E-12 1.0468E-11 1.2238E-11 1.4148E-11 1.6203E-11 1.8413E-11 2.1317E-11 2.3334E-11 2.6052E-11 2.8373E-11 3.0892E-11 3.4124E-11 3.6405E-11 4.0031E-11 4.3844E-11 4.7292E-11 5.0979E-11 5.4859E-11 5.8371E-11 6.2696E-11 6.7240E-11 7.1408E-11 7.6410E-11 8.1035E-11 8.7444E-11 9.6586E-11 1.0745E-10 1.1776E-10 1.2688E-10 1.4235E-10 1.8001E-10 2.2697E-10 3.3013E-10 4.3944E-10 5.5873E-10 7.6647E-10 1.0433E-09 1.3352E-09 1.8903E-09 2.3899E-09 2.8692E-09 3.3449E-09 3.8248E-09 4.3237E-09 4.7458E-09 5.1326E-09 5.4797E-09 5.8829E-09 6.2723E-09 6.6480E-09 7.0341E-09 7.3728E-09 7.6781E-09 7.9417E-09 8.1630E-09 8.3650E-09 8.5558E-09
7.0988E-12 8.8434E-12 1.0494E-11 1.2277E-11 1.4200E-11 1.6270E-11 1.8498E-11 2.1438E-11 2.3999E-11 2.6200E-11 2.9100E-11 3.1049E-11 3.4305E-11 3.7732E-11 4.0780E-11 4.4054E-11 4.7501E-11 5.1186E-11 5.5062E-11 5.9150E-11 6.2854E-11 6.7382E-11 7.1503E-11 7.6480E-11 8.1694E-11 8.9426E-11 9.9792E-11 1.1043E-10 1.1893E-10 1.2945E-10 1.4889E-10 1.9249E-10 2.3828E-10 3.2317E-10 4.1906E-10 5.2387E-10 7.6097E-10 1.0100E-09 1.2658E-09 1.6763E-09 2.0290E-09 2.4086E-09 2.8369E-09 3.2353E-09 3.5868E-09 3.9180E-09 4.2212E-09 4.5900E-09 4.9258E-09 5.2777E-09 5.6462E-09 5.9905E-09 6.3286E-09 6.6317E-09 6.9022E-09 7.1470E-09 7.3813E-09
5.6134E-12 7.0904E-12 9.3550E-12 1.1023E-11 1.2824E-11 1.4766E-11 1.6856E-11 1.9105E-11 2.1519E-11 2.4099E-11 2.6301E-11 2.9220E-11 3.1721E-11 3.4426E-11 3.7871E-11 4.1495E-11 4.4187E-11 4.8228E-11 5.1887E-11 5.5168E-11 5.9241E-11 6.3518E-11 6.7406E-11 7.1472E-11 7.6415E-11 8.2605E-11 9.1574E-11 1.0228E-10 1.1241E-10 1.2129E-10 1.3096E-10 1.5631E-10 2.0245E-10 2.4428E-10 3.3485E-10 4.2526E-10 5.2458E-10 7.0155E-10 9.1779E-10 1.1285E-09 1.4678E-09 1.7904E-09 2.0900E-09 2.4068E-09 2.7134E-09 3.0023E-09 3.2839E-09 3.5627E-09 3.8656E-09 4.1843E-09 4.5098E-09 4.8544E-09 5.1907E-09 5.5037E-09 5.7946E-09 6.0667E-09 6.3277E-09
3.5597E-12 5.5917E-12 7.9352E-12 9.3458E-12 1.1019E-11 1.3346E-11 1.5306E-11 1.7415E-11 2.0215E-11 2.2118E-11 2.4719E-11 2.6912E-11 2.9288E-11 3.2376E-11 3.5054E-11 3.7944E-11 4.1581E-11 4.4825E-11 4.8293E-11 5.1937E-11 5.5779E-11 5.9229E-11 6.3479E-11 6.7311E-11 7.1975E-11 7.7003E-11 8.4533E-11 9.4718E-11 1.0613E-10 1.1343E-10 1.2372E-10 1.3246E-10 1.6263E-10 2.1174E-10 2.5064E-10 3.2567E-10 4.2420E-10 5.1169E-10 6.1098E-10 8.5838E-10 1.0336E-09 1.3157E-09 1.5582E-09 1.8015E-09 2.0491E-09 2.3043E-09 2.5340E-09 2.7972E-09 3.0325E-09 3.2975E-09 3.5953E-09 3.9126E-09 4.2360E-09 4.5448E-09 4.8421E-09 5.1213E-09 5.3977E-09
1.3648E-12 3.5331E-12 5.5599E-12 7.9085E-12 9.3194E-12 1.1511E-11 1.3333E-11 1.5298E-11 1.7414E-11 2.0236E-11 2.2677E-11 2.4746E-11 2.7509E-11 2.9860E-11 3.2401E-11 3.5660E-11 3.9088E-11 4.1592E-11 4.5411E-11 4.8271E-11 5.1895E-11 5.5713E-11 5.9718E-11 6.3328E-11 6.7097E-11 7.1881E-11 7.6996E-11 8.6630E-11 9.7130E-11 1.0704E-10 1.1565E-10 1.2501E-10 1.3501E-10 1.6402E-10 2.1647E-10 2.5603E-10 3.1396E-10 4.0427E-10 4.8026E-10 5.6419E-10 7.6281E-10 9.1020E-10 1.1515E-09 1.3504E-09 1.5730E-09 1.7733E-09 1.9760E-09 2.1865E-09 2.3930E-09 2.6334E-09 2.8717E-09 3.1327E-09 3.4316E-09 3.7306E-09 4.0222E-09 4.3134E-09 4.5889E-09
0.0000E+00 1.0106E-12 2.8329E-12 5.8804E-12 7.8673E-12 9.7837E-12 1.1472E-11 1.3296E-11 1.5263E-11 1.7382E-11 2.0220E-11 2.2667E-11 2.4728E-11 2.7496E-11 2.9838E-11 3.2366E-11 3.5629E-11 3.9061E-11 4.2099E-11 4.5348E-11 4.8759E-11 5.1761E-11 5.5549E-11 5.9518E-11 6.3068E-11 6.7592E-11 7.1809E-11 7.9740E-11 8.7957E-11 1.0090E-10 1.0792E-10 1.1796E-10 1.2748E-10 1.3773E-10 1.6215E-10 2.1896E-10 2.5594E-10 3.0778E-10 3.6095E-10 4.3142E-10 5.3021E-10 6.9030E-10 8.1396E-10 9.9568E-10 1.1581E-09 1.3526E-09 1.5276E-09 1.7090E-09 1.8976E-09 2.0933E-09 2.2945E-09 2.5365E-09 2.7961E-09 3.0647E-09 3.3367E-09 3.6138E-09 3.8845E-09
