Assets/Resources/2015_m01_d20_0100(utc+0800)_l00_csi_1hr_conc.grd
DSAA
         159         159
     -79.000      79.000
     -79.000      79.000
  0.0000E+00  0.7351E-05
[rows 25 to 49 of 159, columns 0 to 56 of 159]
1.0535E-09 1.1701E-09 1.2991E-09 1.4388E-09 1.5888E-09 1.7496E-09 1.9238E-09 2.1110E-09 2.3163E-09 2.5386E-09 2.7766E-09 3.0182E-09 3.2651E-09 3.5109E-09 3.7538E-09 3.9962E-09 4.2323E-09 4.4606E-09 4.6850E-09 4.8974E-09 5.1006E-09 5.2981E-09 5.4822E-09 5.6558E-09 5.8232E-09 5.9756E-09 6.1162E-09 6.2497E-09 6.3677E-09 6.4746E-09 6.5738E-09 6.6606E-09 6.7351E-09 6.7989E-09 6.8579E-09 6.9026E-09 6.9384E-09 6.9677E-09 6.9901E-09 7.0013E-09 7.0052E-09 7.0070E-09 6.9969E-09 6.9804E-09 6.9579E-09 6.9354E-09 6.9031E-09 6.8664E-09 6.8253E-09 6.7803E-09 6.7375E-09 6.6860E-09 6.6317E-09 6.5745E-09 6.5172E-09 6.4609E-09 6.3990E-09
1.0474E-09 1.1658E-09 1.2945E-09 1.4319E-09 1.5827E-09 1.7445E-09 1.9177E-09 2.1066E-09 2.3117E-09 2.5372E-09 2.7739E-09 3.0167E-09 3.2636E-09 3.5080E-09 3.7524E-09 3.9953E-09 4.2305E-09 4.4615E-09 4.6844E-09 4.8975E-09 5.1040E-09 5.3005E-09 5.4857E-09 5.6645E-09 5.8294E-09 5.9828E-09 6.1277E-09 6.2599E-09 6.3794E-09 6.4903E-09 6.5895E-09 6.6762E-09 6.7518E-09 6.8219E-09 6.8772E-09 6.9230E-09 6.9634E-09 6.9938E-09 7.0135E-09 7.0259E-09 7.0357E-09 7.0333E-09 7.0236E-09 7.0076E-09 6.9912E-09 6.9645E-09 6.9327E-09 6.8964E-09 6.8613E-09 6.8173E-09 6.7697E-09 6.7186E-09 6.6664E-09 6.6141E-09 6.5568E-09 6.4970E-09 6.4369E-09
1.0412E-09 1.1581E-09 1.2862E-09 1.4242E-09 1.5745E-09 1.7355E-09 1.9083E-09 2.0976E-09 2.3042E-09 2.5297E-09 2.7661E-09 3.0097E-09 3.2548E-09 3.4993E-09 3.7461E-09 3.9864E-09 4.2229E-09 4.4547E-09 4.6769E-09 4.8930E-09 5.0994E-09 5.2958E-09 5.4845E-09 5.6625E-09 5.8284E-09 5.9860E-09 6.1312E-09 6.2636E-09 6.3857E-09 6.4985E-09 6.5978E-09 6.6857E-09 6.7676E-09 6.8345E-09 6.8908E-09 6.9431E-09 6.9819E-09 7.0115E-09 7.0324E-09 7.0514E-09 7.0571E-09 7.0553E-09 7.0482E-09 7.0370E-09 7.0162E-09 6.9904E-09 6.9592E-09 6.9295E-09 6.8900E-09 6.8466E-09 6.7995E-09 6.7549E-09 6.7022E-09 6.6478E-09 6.5910E-09 6.5383E-09 6.4772E-09
1.0308E-09 1.1480E-09 1.2754E-09 1.4125E-09 1.5620E-09 1.7222E-09 1.8957E-09 2.0838E-09 2.2923E-09 2.5171E-09 2.7540E-09 2.9973E-09 3.2406E-09 3.4869E-09 3.7313E-09 3.9714E-09 4.2103E-09 4.4401E-09 4.6635E-09 4.8806E-09 5.0866E-09 5.2851E-09 5.4755E-09 5.6535E-09 5.8221E-09 5.9811E-09 6.1266E-09 6.2616E-09 6.3871E-09 6.4990E-09 6.5993E-09 6.6943E-09 6.7729E-09 6.8412E-09 6.9038E-09 6.9535E-09 6.9935E-09 7.0260E-09 7.0525E-09 7.0676E-09 7.0741E-09 7.0786E-09 7.0713E-09 7.0578E-09 7.0380E-09 7.0185E-09 6.9888E-09 6.9547E-09 6.9160E-09 6.8771E-09 6.8332E-09 6.7844E-09 6.7332E-09 6.6870E-09 6.6308E-09 6.5723E-09 6.5200E-09
1.0205E-09 1.1367E-09 1.2631E-09 1.3980E-09 1.5475E-09 1.7052E-09 1.8789E-09 2.0676E-09 2.2759E-09 2.4988E-09 2.7373E-09 2.9784E-09 3.2218E-09 3.4678E-09 3.7105E-09 3.9524E-09 4.1888E-09 4.4187E-09 4.6438E-09 4.8601E-09 5.0670E-09 5.2692E-09 5.4581E-09 5.6389E-09 5.8102E-09 5.9683E-09 6.1153E-09 6.2547E-09 6.3794E-09 6.4927E-09 6.6000E-09 6.6921E-09 6.7723E-09 6.8456E-09 6.9070E-09 6.9583E-09 7.0017E-09 7.0376E-09 7.0629E-09 7.0790E-09 7.0921E-09 7.0933E-09 7.0873E-09 7.0748E-09 7.0620E-09 7.0388E-09 7.0103E-09 6.9772E-09 6.9453E-09 6.9044E-09 6.8596E-09 6.8125E-09 6.7703E-09 6.7180E-09 6.6648E-09 6.6136E-09 6.5563E-09
1.0055E-09 1.1221E-09 1.2462E-09 1.3819E-09 1.5289E-09 1.6861E-09 1.8581E-09 2.0473E-09 2.2544E-09 2.4783E-09 2.7154E-09 2.9540E-09 3.1978E-09 3.4418E-09 3.6847E-09 3.9263E-09 4.1613E-09 4.3921E-09 4.6175E-09 4.8331E-09 5.0434E-09 5.2438E-09 5.4340E-09 5.6185E-09 5.7891E-09 5.9487E-09 6.1012E-09 6.2386E-09 6.3652E-09 6.4852E-09 6.5895E-09 6.6839E-09 6.7693E-09 6.8431E-09 6.9047E-09 6.9594E-09 7.0067E-09 7.0410E-09 7.0684E-09 7.0911E-09 7.1012E-09 7.1038E-09 7.0993E-09 7.0941E-09 7.0777E-09 7.0558E-09 7.0288E-09 7.0030E-09 6.9672E-09 6.9275E-09 6.8916E-09 6.8473E-09 6.7989E-09 6.7546E-09 6.7019E-09 6.6480E-09 6.5986E-09
9.9073E-10 1.1065E-09 1.2290E-09 1.3631E-09 1.5064E-09 1.6642E-09 1.8340E-09 2.0237E-09 2.2292E-09 2.4531E-09 2.6876E-09 2.9259E-09 3.1683E-09 3.4102E-09 3.6534E-09 3.8929E-09 4.1275E-09 4.3606E-09 4.5836E-09 4.8008E-09 5.0117E-09 5.2119E-09 5.4058E-09 5.5892E-09 5.7609E-09 5.9251E-09 6.0768E-09 6.2161E-09 6.3478E-09 6.4667E-09 6.5732E-09 6.6725E-09 6.7590E-09 6.8331E-09 6.8986E-09 6.9571E-09 7.0034E-09 7.0394E-09 7.0743E-09 7.0941E-09 7.1060E-09 7.1120E-09 7.1134E-09 7.1046E-09 7.0900E-09 7.0734E-09 7.0505E-09 7.0208E-09 6.9866E-09 6.9561E-09 6.9164E-09 6.8731E-09 6.8331E-09 6.7845E-09 6.7340E-09 6.6888E-09 6.6335E-09
9.7195E-10 1.0866E-09 1.2073E-09 1.3407E-09 1.4832E-09 1.6392E-09 1.8074E-09 1.9951E-09 2.2012E-09 2.4242E-09 2.6545E-09 2.8933E-09 3.1330E-09 3.3742E-09 3.6163E-09 3.8538E-09 4.0904E-09 4.3203E-09 4.5432E-09 4.7634E-09 4.9722E-09 5.1745E-09 5.3699E-09 5.5530E-09 5.7278E-09 5.8937E-09 6.0459E-09 6.1888E-09 6.3225E-09 6.4419E-09 6.5524E-09 6.6540E-09 6.7413E-09 6.8174E-09 6.8887E-09 6.9462E-09 6.9948E-09 7.0382E-09 7.0707E-09 7.0924E-09 7.1083E-09 7.1184E-09 7.1185E-09 7.1115E-09 7.1045E-09 7.0866E-09 7.0639E-09 7.0382E-09 7.0112E-09 6.9768E-09 6.9438E-09 6.9044E-09 6.8599E-09 6.8212E-09 6.7729E-09 6.7216E-09 6.6759E-09
9.5243E-10 1.0659E-09 1.1857E-09 1.3159E-09 1.4552E-09 1.6101E-09 1.7776E-09 1.9634E-09 2.1700E-09 2.3898E-09 2.6190E-09 2.8557E-09 3.0927E-09 3.3335E-09 3.5728E-09 3.8104E-09 4.0459E-09 4.2742E-09 4.4995E-09 4.7171E-09 4.9266E-09 5.1310E-09 5.3260E-09 5.5105E-09 5.6895E-09 5.8543E-09 6.0082E-09 6.1568E-09 6.2894E-09 6.4111E-09 6.5273E-09 6.6276E-09 6.7176E-09 6.8011E-09 6.8702E-09 6.9300E-09 6.9847E-09 7.0274E-09 7.0623E-09 7.0881E-09 7.1084E-09 7.1175E-09 7.1197E-09 7.1205E-09 7.1108E-09 7.0950E-09 7.0789E-09 7.0559E-09 7.0275E-09 7.0027E-09 6.9671E-09 6.9274E-09 6.8934E-09 6.8502E-09 6.8031E-09 6.7618E-09 6.7125E-09
9.3144E-10 1.0410E-09 1.1610E-09 1.2878E-09 1.4269E-09 1.5785E-09 1.7454E-09 1.9302E-09 2.1355E-09 2.3520E-09 2.5791E-09 2.8130E-09 3.0487E-09 3.2875E-09 3.5242E-09 3.7617E-09 3.9947E-09 4.2234E-09 4.4486E-09 4.6649E-09 4.8759E-09 5.0813E-09 5.2761E-09 5.4643E-09 5.6423E-09 5.8085E-09 5.9678E-09 6.1152E-09 6.2502E-09 6.3776E-09 6.4929E-09 6.5952E-09 6.6916E-09 6.7745E-09 6.8461E-09 6.9122E-09 6.9681E-09 7.0118E-09 7.0511E-09 7.0816E-09 7.1010E-09 7.1126E-09 7.1227E-09 7.1212E-09 7.1138E-09 7.1050E-09 7.0896E-09 7.0671E-09 7.0491E-09 7.0198E-09 6.9860E-09 6.9571E-09 6.9194E-09 6.8774E-09 6.8406E-09 6.7955E-09 6.7491E-09
9.1005E-10 1.0167E-09 1.1354E-09 1.2597E-09 1.3963E-09 1.5431E-09 1.7091E-09 1.8930E-09 2.0962E-09 2.3101E-09 2.5357E-09 2.7655E-09 3.0006E-09 3.2358E-09 3.4722E-09 3.7077E-09 3.9385E-09 4.1675E-09 4.3908E-09 4.6069E-09 4.8210E-09 5.0243E-09 5.2212E-09 5.4109E-09 5.5888E-09 5.7582E-09 5.9197E-09 6.0676E-09 6.2079E-09 6.3365E-09 6.4525E-09 6.5609E-09 6.6580E-09 6.7425E-09 6.8185E-09 6.8877E-09 6.9448E-09 6.9912E-09 7.0371E-09 7.0672E-09 7.0892E-09 7.1073E-09 7.1169E-09 7.1181E-09 7.1180E-09 7.1103E-09 7.0954E-09 7.0837E-09 7.0619E-09 7.0343E-09 7.0114E-09 6.9791E-09 6.9458E-09 6.9115E-09 6.8710E-09 6.8319E-09 6.7934E-09
8.8613E-10 9.8919E-10 1.1059E-09 1.2276E-09 1.3624E-09 1.5081E-09 1.6711E-09 1.8540E-09 2.0538E-09 2.2662E-09 2.4879E-09 2.7136E-09 2.9481E-09 3.1801E-09 3.4155E-09 3.6479E-09 3.8782E-09 4.1065E-09 4.3276E-09 4.5447E-09 4.7578E-09 4.9615E-09 5.1603E-09 5.3502E-09 5.5291E-09 5.7037E-09 5.8641E-09 6.0154E-09 6.1584E-09 6.2877E-09 6.4078E-09 6.5193E-09 6.6176E-09 6.7066E-09 6.7872E-09 6.8563E-09 6.9162E-09 6.9712E-09 7.0152E-09 7.0482E-09 7.0768E-09 7.0965E-09 7.1072E-09 7.1161E-09 7.1170E-09 7.1102E-09 7.1058E-09 7.0915E-09 7.0717E-09 7.0548E-09 7.0288E-09 7.0017E-09 6.9735E-09 6.9378E-09 6.9040E-09 6.8706E-09 6.8342E-09
8.6094E-10 9.6263E-10 1.0759E-09 1.1958E-09 1.3268E-09 1.4699E-09 1.6318E-09 1.8124E-09 2.0086E-09 2.2194E-09 2.4364E-09 2.6594E-09 2.8906E-09 3.1202E-09 3.3541E-09 3.5834E-09 3.8135E-09 4.0391E-09 4.2593E-09 4.4787E-09 4.6890E-09 4.8943E-09 5.0940E-09 5.2834E-09 5.4671E-09 5.6404E-09 5.8023E-09 5.9574E-09 6.1014E-09 6.2329E-09 6.3577E-09 6.4705E-09 6.5710E-09 6.6653E-09 6.7473E-09 6.8196E-09 6.8862E-09 6.9412E-09 6.9884E-09 7.0265E-09 7.0585E-09 7.0797E-09 7.0959E-09 7.1085E-09 7.1104E-09 7.1120E-09 7.1075E-09 7.0962E-09 7.0865E-09 7.0669E-09 7.0470E-09 7.0252E-09 6.9955E-09 6.9666E-09 6.9392E-09 6.9079E-09 6.8807E-09
8.3631E-10 9.3308E-10 1.0410E-09 1.1613E-09 1.2881E-09 1.4297E-09 1.5885E-09 1.7677E-09 1.9626E-09 2.1695E-09 2.3818E-09 2.6027E-09 2.8299E-09 3.0575E-09 3.2875E-09 3.5148E-09 3.7430E-09 3.9669E-09 4.1874E-09 4.4053E-09 4.6150E-09 4.8219E-09 5.0211E-09 5.2126E-09 5.3977E-09 5.5712E-09 5.7365E-09 5.8940E-09 6.0385E-09 6.1742E-09 6.3019E-09 6.4157E-09 6.5222E-09 6.6186E-09 6.7020E-09 6.7794E-09 6.8496E-09 6.9062E-09 6.9586E-09 7.0022E-09 7.0341E-09 7.0610E-09 7.0831E-09 7.0950E-09 7.1051E-09 7.1090E-09 7.1062E-09 7.1050E-09 7.0924E-09 7.0771E-09 7.0655E-09 7.0423E-09 7.0193E-09 6.9977E-09 6.9682E-09 6.9502E-09 6.9197E-09
8.0841E-10 9.0296E-10 1.0067E-09 1.1255E-09 1.2491E-09 1.3878E-09 1.5447E-09 1.7214E-09 1.9128E-09 2.1158E-09 2.3255E-09 2.5434E-09 2.7651E-09 2.9912E-09 3.2171E-09 3.4436E-09 3.6694E-09 3.8903E-09 4.1111E-09 4.3267E-09 4.5374E-09 4.7447E-09 4.9427E-09 5.1366E-09 5.3216E-09 5.4963E-09 5.6651E-09 5.8235E-09 5.9699E-09 6.1118E-09 6.2388E-09 6.3570E-09 6.4668E-09 6.5644E-09 6.6531E-09 6.7359E-09 6.8063E-09 6.8663E-09 6.9261E-09 6.9699E-09 7.0054E-09 7.0407E-09 7.0624E-09 7.0803E-09 7.0946E-09 7.1008E-09 7.1064E-09 7.1043E-09 7.0961E-09 7.0926E-09 7.0769E-09 7.0604E-09 7.0451E-09 7.0224E-09 7.0104E-09 6.9846E-09 6.9747E-09
7.8024E-10 8.7297E-10 9.7368E-10 1.0867E-09 1.2087E-09 1.3438E-09 1.4985E-09 1.6735E-09 1.8620E-09 2.0598E-09 2.2660E-09 2.4801E-09 2.6983E-09 2.9218E-09 3.1436E-09 3.3684E-09 3.5906E-09 3.8113E-09 4.0306E-09 4.2438E-09 4.4556E-09 4.6615E-09 4.8611E-09 5.0558E-09 5.2403E-09 5.4177E-09 5.5886E-09 5.7472E-09 5.8993E-09 6.0407E-09 6.1701E-09 6.2930E-09 6.4046E-09 6.5048E-09 6.5992E-09 6.6839E-09 6.7580E-09 6.8252E-09 6.8856E-09 6.9330E-09 6.9770E-09 7.0119E-09 7.0399E-09 7.0642E-09 7.0789E-09 7.0943E-09 7.1010E-09 7.1010E-09 7.1027E-09 7.0982E-09 7.0861E-09 7.0800E-09 7.0646E-09 7.0591E-09 7.0393E-09 7.0296E-09 7.0160E-09
7.5198E-10 8.4110E-10 9.3740E-10 1.0459E-09 1.1684E-09 1.2999E-09 1.4531E-09 1.6228E-09 1.8082E-09 2.0021E-09 2.2051E-09 2.4136E-09 2.6273E-09 2.8487E-09 3.0685E-09 3.2899E-09 3.5086E-09 3.7287E-09 3.9447E-09 4.1582E-09 4.3695E-09 4.5735E-09 4.7748E-09 4.9688E-09 5.1539E-09 5.3342E-09 5.5054E-09 5.6674E-09 5.8220E-09 5.9643E-09 6.0978E-09 6.2239E-09 6.3368E-09 6.4418E-09 6.5402E-09 6.6268E-09 6.7064E-09 6.7774E-09 6.8402E-09 6.8937E-09 6.9420E-09 6.9787E-09 7.0134E-09 7.0400E-09 7.0622E-09 7.0817E-09 7.0902E-09 7.1002E-09 7.1043E-09 7.1009E-09 7.0988E-09 7.0934E-09 7.0910E-09 7.0821E-09 7.0730E-09 7.0701E-09 7.0564E-09
7.2301E-10 8.0796E-10 9.0271E-10 1.0067E-09 1.1255E-09 1.2541E-09 1.4056E-09 1.5709E-09 1.7543E-09 1.9423E-09 2.1410E-09 2.3454E-09 2.5568E-09 2.7723E-09 2.9887E-09 3.2073E-09 3.4236E-09 3.6424E-09 3.8553E-09 4.0689E-09 4.2778E-09 4.4810E-09 4.6844E-09 4.8770E-09 5.0642E-09 5.2463E-09 5.4170E-09 5.5825E-09 5.7380E-09 5.8822E-09 6.0205E-09 6.1480E-09 6.2637E-09 6.3756E-09 6.4740E-09 6.5644E-09 6.6515E-09 6.7230E-09 6.7898E-09 6.8520E-09 6.9003E-09 6.9458E-09 6.9829E-09 7.0120E-09 7.0440E-09 7.0630E-09 7.0788E-09 7.0943E-09 7.1001E-09 7.1061E-09 7.1074E-09 7.1091E-09 7.1114E-09 7.1087E-09 7.1113E-09 7.1048E-09 7.1017E-09
6.9318E-10 7.7556E-10 8.6696E-10 9.6572E-10 1.0800E-09 1.2097E-09 1.3561E-09 1.5190E-09 1.6980E-09 1.8823E-09 2.0764E-09 2.2756E-09 2.4837E-09 2.6922E-09 2.9081E-09 3.1223E-09 3.3367E-09 3.5517E-09 3.7629E-09 3.9749E-09 4.1825E-09 4.3867E-09 4.5884E-09 4.7809E-09 4.9707E-09 5.1522E-09 5.3256E-09 5.4931E-09 5.6488E-09 5.7970E-09 5.9383E-09 6.0666E-09 6.1873E-09 6.3011E-09 6.4024E-09 6.5005E-09 6.5883E-09 6.6635E-09 6.7392E-09 6.8013E-09 6.8562E-09 6.9063E-09 6.9459E-09 6.9850E-09 7.0173E-09 7.0402E-09 7.0643E-09 7.0825E-09 7.0950E-09 7.1065E-09 7.1112E-09 7.1266E-09 7.1257E-09 7.1347E-09 7.1393E-09 7.1377E-09 7.1524E-09
6.6006E-10 7.4161E-10 8.2899E-10 9.2479E-10 1.0341E-09 1.1640E-09 1.3052E-09 1.4676E-09 1.6385E-09 1.8198E-09 2.0098E-09 2.2053E-09 2.4078E-09 2.6119E-09 2.8256E-09 3.0350E-09 3.2472E-09 3.4583E-09 3.6689E-09 3.8786E-09 4.0838E-09 4.2890E-09 4.4881E-09 4.6824E-09 4.8729E-09 5.0535E-09 5.2298E-09 5.3976E-09 5.5549E-09 5.7072E-09 5.8495E-09 5.9800E-09 6.1078E-09 6.2213E-09 6.3258E-09 6.4300E-09 6.5200E-09 6.6014E-09 6.6816E-09 6.7458E-09 6.8077E-09 6.8602E-09 6.9070E-09 6.9515E-09 6.9860E-09 7.0187E-09 7.0464E-09 7.0666E-09 7.0867E-09 7.1018E-09 7.1213E-09 7.1331E-09 7.1433E-09 7.1596E-09 7.1651E-09 7.1804E-09 7.1937E-09
6.2691E-10 7.0919E-10 7.9266E-10 8.8607E-10 9.8935E-10 1.1153E-09 1.2561E-09 1.4143E-09 1.5793E-09 1.7580E-09 1.9413E-09 2.1320E-09 2.3304E-09 2.5317E-09 2.7383E-09 2.9450E-09 3.1543E-09 3.3627E-09 3.5720E-09 3.7785E-09 3.9840E-09 4.1877E-09 4.3846E-09 4.5806E-09 4.7695E-09 4.9504E-09 5.1285E-09 5.2974E-09 5.4582E-09 5.6128E-09 5.7554E-09 5.8908E-09 6.0201E-09 6.1362E-09 6.2484E-09 6.3525E-09 6.4467E-09 6.5346E-09 6.6171E-09 6.6881E-09 6.7545E-09 6.8095E-09 6.8641E-09 6.9116E-09 6.9502E-09 6.9912E-09 7.0221E-09 7.0492E-09 7.0752E-09 7.0984E-09 7.1236E-09 7.1366E-09 7.1636E-09 7.1776E-09 7.1940E-09 7.2171E-09 7.2344E-09
5.9388E-10 6.7269E-10 7.5449E-10 8.4436E-10 9.4475E-10 1.0666E-09 1.2068E-09 1.3584E-09 1.5206E-09 1.6933E-09 1.8723E-09 2.0598E-09 2.2523E-09 2.4483E-09 2.6499E-09 2.8550E-09 3.0612E-09 3.2649E-09 3.4714E-09 3.6762E-09 3.8796E-09 4.0819E-09 4.2783E-09 4.4736E-09 4.6625E-09 4.8458E-09 5.0248E-09 5.1928E-09 5.3575E-09 5.5122E-09 5.6570E-09 5.7972E-09 5.9272E-09 6.0470E-09 6.1644E-09 6.2697E-09 6.3708E-09 6.4629E-09 6.5476E-09 6.6254E-09 6.6943E-09 6.7565E-09 6.8167E-09 6.8669E-09 6.9152E-09 6.9575E-09 6.9932E-09 7.0304E-09 7.0577E-09 7.0916E-09 7.1181E-09 7.1423E-09 7.1725E-09 7.1921E-09 7.2207E-09 7.2481E-09 7.2822E-09
5.6485E-10 6.3645E-10 7.1834E-10 8.0484E-10 9.0347E-10 1.0200E-09 1.1569E-09 1.3045E-09 1.4615E-09 1.6283E-09 1.8032E-09 1.9855E-09 2.1727E-09 2.3658E-09 2.5620E-09 2.7623E-09 2.9651E-09 3.1665E-09 3.3707E-09 3.5717E-09 3.7745E-09 3.9740E-09 4.1708E-09 4.3652E-09 4.5522E-09 4.7377E-09 4.9153E-09 5.0866E-09 5.2527E-09 5.4072E-09 5.5563E-09 5.6988E-09 5.8299E-09 5.9566E-09 6.0734E-09 6.1827E-09 6.2900E-09 6.3842E-09 6.4755E-09 6.5579E-09 6.6291E-09 6.6990E-09 6.7624E-09 6.8196E-09 6.8734E-09 6.9193E-09 6.9624E-09 7.0029E-09 7.0410E-09 7.0808E-09 7.1086E-09 7.1495E-09 7.1779E-09 7.2085E-09 7.2452E-09 7.2767E-09 7.3270E-09
5.3516E-10 6.0066E-10 6.7997E-10 7.6395E-10 8.5958E-10 9.7241E-10 1.1025E-09 1.2505E-09 1.4015E-09 1.5641E-09 1.7338E-09 1.9114E-09 2.0928E-09 2.2817E-09 2.4729E-09 2.6684E-09 2.8674E-09 3.0661E-09 3.2671E-09 3.4650E-09 3.6672E-09 3.8637E-09 4.0603E-09 4.2525E-09 4.4393E-09 4.6259E-09 4.8027E-09 4.9750E-09 5.1420E-09 5.2986E-09 5.4514E-09 5.5943E-09 5.7282E-09 5.8580E-09 5.9779E-09 6.0933E-09 6.2036E-09 6.3004E-09 6.3985E-09 6.4833E-09 6.5614E-09 6.6368E-09 6.7030E-09 6.7674E-09 6.8248E-09 6.8762E-09 6.9269E-09 6.9710E-09 7.0202E-09 7.0614E-09 7.1004E-09 7.1444E-09 7.1790E-09 7.2213E-09 7.2625E-09 7.3019E-09 7.3684E-09
5.0668E-10 5.6904E-10 6.3987E-10 7.2166E-10 8.1803E-10 9.2719E-10 1.0527E-09 1.1961E-09 1.3415E-09 1.5000E-09 1.6624E-09 1.8369E-09 2.0127E-09 2.1975E-09 2.3827E-09 2.5744E-09 2.7695E-09 2.9659E-09 3.1616E-09 3.3587E-09 3.5571E-09 3.7509E-09 3.9463E-09 4.1377E-09 4.3253E-09 4.5100E-09 4.6871E-09 4.8616E-09 5.0280E-09 5.1880E-09 5.3420E-09 5.4860E-09 5.6241E-09 5.7563E-09 5.8781E-09 5.9990E-09 6.1107E-09 6.2142E-09 6.3165E-09 6.4037E-09 6.4887E-09 6.5674E-09 6.6383E-09 6.7102E-09 6.7712E-09 6.8305E-09 6.8865E-09 6.9392E-09 6.9945E-09 7.0373E-09 7.0882E-09 7.1350E-09 7.1753E-09 7.2257E-09 7.2761E-09 7.3319E-09 7.3989E-09
