Assets/Resources/2015_m01_d23_0300(utc+0800)_l00_csi_1hr_conc.grd
DSAA
         159         159
     -79.000      79.000
     -79.000      79.000
  0.0000E+00  0.1208E-04
[rows 0 to 24 of 159, columns 57 to 113 of 159]
4.2175E-09 4.4349E-09 4.6515E-09 4.8620E-09 5.0657E-09 5.2640E-09 5.4547E-09 5.6369E-09 5.8099E-09 5.9724E-09 6.1254E-09 6.2669E-09 6.3989E-09 6.5183E-09 6.6271E-09 6.7248E-09 6.8101E-09 6.8866E-09 6.9511E-09 7.0052E-09 7.0507E-09 7.0845E-09 7.1096E-09 7.1272E-09 7.1342E-09 7.1345E-09 7.1271E-09 7.1112E-09 7.0896E-09 7.0618E-09 7.0266E-09 6.9870E-09 6.9424E-09 6.8914E-09 6.8365E-09 6.7788E-09 6.7151E-09 6.6477E-09 6.5795E-09 6.5058E-09 6.4294E-09 6.3528E-09 6.2718E-09 6.1889E-09 6.1059E-09 6.0205E-09 5.9332E-09 5.8448E-09 5.7574E-09 5.6675E-09 5.5772E-09 5.4875E-09 5.3967E-09 5.3059E-09 5.2152E-09 5.1248E-09 5.0351E-09
4.2707E-09 4.4944E-09 4.7118E-09 4.9244E-09 5.1324E-09 5.3337E-09 5.5263E-09 5.7110E-09 5.8857E-09 6.0520E-09 6.2064E-09 6.3505E-09 6.4836E-09 6.6044E-09 6.7153E-09 6.8127E-09 6.9003E-09 6.9769E-09 7.0412E-09 7.0971E-09 7.1415E-09 7.1751E-09 7.2015E-09 7.2175E-09 7.2247E-09 7.2252E-09 7.2158E-09 7.1996E-09 7.1780E-09 7.1478E-09 7.1121E-09 7.0723E-09 7.0250E-09 6.9727E-09 6.9187E-09 6.8576E-09 6.7925E-09 6.7261E-09 6.6540E-09 6.5789E-09 6.5033E-09 6.4230E-09 6.3405E-09 6.2571E-09 6.1722E-09 6.0847E-09 5.9958E-09 5.9084E-09 5.8178E-09 5.7265E-09 5.6358E-09 5.5437E-09 5.4515E-09 5.3592E-09 5.2672E-09 5.1762E-09 5.0852E-09
4.3228E-09 4.5463E-09 4.7666E-09 4.9835E-09 5.1947E-09 5.3970E-09 5.5931E-09 5.7805E-09 5.9584E-09 6.1263E-09 6.2827E-09 6.4289E-09 6.5629E-09 6.6869E-09 6.7978E-09 6.8970E-09 6.9864E-09 7.0623E-09 7.1286E-09 7.1844E-09 7.2282E-09 7.2642E-09 7.2891E-09 7.3041E-09 7.3125E-09 7.3111E-09 7.3010E-09 7.2864E-09 7.2619E-09 7.2307E-09 7.1963E-09 7.1533E-09 7.1048E-09 7.0542E-09 6.9962E-09 6.9338E-09 6.8698E-09 6.7998E-09 6.7263E-09 6.6514E-09 6.5728E-09 6.4911E-09 6.4070E-09 6.3236E-09 6.2360E-09 6.1470E-09 6.0591E-09 5.9680E-09 5.8759E-09 5.7843E-09 5.6918E-09 5.5983E-09 5.5047E-09 5.4111E-09 5.3185E-09 5.2256E-09 5.1333E-09
4.3672E-09 4.5936E-09 4.8190E-09 5.0381E-09 5.2503E-09 5.4562E-09 5.6558E-09 5.8449E-09 6.0254E-09 6.1948E-09 6.3542E-09 6.5024E-09 6.6390E-09 6.7639E-09 6.8755E-09 6.9776E-09 7.0666E-09 7.1441E-09 7.2119E-09 7.2667E-09 7.3123E-09 7.3479E-09 7.3721E-09 7.3884E-09 7.3959E-09 7.3934E-09 7.3850E-09 7.3677E-09 7.3424E-09 7.3126E-09 7.2752E-09 7.2312E-09 7.1839E-09 7.1302E-09 7.0709E-09 7.0092E-09 6.9422E-09 6.8709E-09 6.7973E-09 6.7207E-09 6.6401E-09 6.5569E-09 6.4740E-09 6.3868E-09 6.2978E-09 6.2099E-09 6.1183E-09 6.0257E-09 5.9322E-09 5.8408E-09 5.7463E-09 5.6515E-09 5.5565E-09 5.4631E-09 5.3686E-09 5.2747E-09 5.1812E-09
4.4068E-09 4.6392E-09 4.8651E-09 5.0860E-09 5.3016E-09 5.5119E-09 5.7117E-09 5.9043E-09 6.0872E-09 6.2598E-09 6.4215E-09 6.5710E-09 6.7095E-09 6.8354E-09 6.9500E-09 7.0527E-09 7.1421E-09 7.2221E-09 7.2894E-09 7.3454E-09 7.3916E-09 7.4267E-09 7.4518E-09 7.4689E-09 7.4748E-09 7.4734E-09 7.4640E-09 7.4454E-09 7.4210E-09 7.3899E-09 7.3509E-09 7.3075E-09 7.2587E-09 7.2032E-09 7.1441E-09 7.0808E-09 7.0120E-09 6.9400E-09 6.8660E-09 6.7869E-09 6.7050E-09 6.6231E-09 6.5365E-09 6.4480E-09 6.3602E-09 6.2686E-09 6.1757E-09 6.0817E-09 5.9896E-09 5.8943E-09 5.7987E-09 5.7029E-09 5.6081E-09 5.5129E-09 5.4172E-09 5.3221E-09 5.2276E-09
4.4449E-09 4.6767E-09 4.9051E-09 5.1302E-09 5.3496E-09 5.5600E-09 5.7632E-09 5.9592E-09 6.1438E-09 6.3188E-09 6.4819E-09 6.6344E-09 6.7750E-09 6.9026E-09 7.0189E-09 7.1223E-09 7.2144E-09 7.2949E-09 7.3622E-09 7.4198E-09 7.4666E-09 7.5012E-09 7.5282E-09 7.5440E-09 7.5505E-09 7.5498E-09 7.5387E-09 7.5203E-09 7.4963E-09 7.4631E-09 7.4241E-09 7.3808E-09 7.3296E-09 7.2738E-09 7.2146E-09 7.1490E-09 7.0791E-09 7.0080E-09 6.9310E-09 6.8507E-09 6.7702E-09 6.6847E-09 6.5968E-09 6.5089E-09 6.4187E-09 6.3258E-09 6.2316E-09 6.1392E-09 6.0433E-09 5.9474E-09 5.8503E-09 5.7552E-09 5.6578E-09 5.5606E-09 5.4637E-09 5.3674E-09 5.2724E-09
4.4748E-09 4.7090E-09 4.9432E-09 5.1695E-09 5.3896E-09 5.6026E-09 5.8109E-09 6.0070E-09 6.1949E-09 6.3724E-09 6.5379E-09 6.6925E-09 6.8343E-09 6.9654E-09 7.0827E-09 7.1876E-09 7.2812E-09 7.3620E-09 7.4319E-09 7.4904E-09 7.5363E-09 7.5731E-09 7.5997E-09 7.6148E-09 7.6230E-09 7.6209E-09 7.6094E-09 7.5924E-09 7.5665E-09 7.5327E-09 7.4956E-09 7.4494E-09 7.3974E-09 7.3429E-09 7.2809E-09 7.2142E-09 7.1454E-09 7.0715E-09 6.9934E-09 6.9142E-09 6.8312E-09 6.7445E-09 6.6568E-09 6.5673E-09 6.4749E-09 6.3813E-09 6.2887E-09 6.1925E-09 6.0955E-09 5.9977E-09 5.9017E-09 5.8039E-09 5.7054E-09 5.6069E-09 5.5088E-09 5.4122E-09 5.3162E-09
4.4995E-09 4.7394E-09 4.9728E-09 5.2015E-09 5.4249E-09 5.6431E-09 5.8507E-09 6.0500E-09 6.2413E-09 6.4196E-09 6.5891E-09 6.7452E-09 6.8899E-09 7.0223E-09 7.1405E-09 7.2478E-09 7.3429E-09 7.4250E-09 7.4961E-09 7.5548E-09 7.6022E-09 7.6405E-09 7.6660E-09 7.6831E-09 7.6908E-09 7.6879E-09 7.6779E-09 7.6601E-09 7.6331E-09 7.6013E-09 7.5615E-09 7.5147E-09 7.4641E-09 7.4070E-09 7.3441E-09 7.2787E-09 7.2082E-09 7.1329E-09 7.0551E-09 6.9743E-09 6.8892E-09 6.8025E-09 6.7149E-09 6.6230E-09 6.5293E-09 6.4374E-09 6.3414E-09 6.2441E-09 6.1459E-09 6.0493E-09 5.9504E-09 5.8513E-09 5.7516E-09 5.6520E-09 5.5538E-09 5.4555E-09 5.3578E-09
4.5223E-09 4.7612E-09 4.9969E-09 5.2304E-09 5.4566E-09 5.6747E-09 5.8846E-09 6.0891E-09 6.2804E-09 6.4628E-09 6.6339E-09 6.7923E-09 6.9393E-09 7.0729E-09 7.1937E-09 7.3037E-09 7.3987E-09 7.4830E-09 7.5554E-09 7.6143E-09 7.6644E-09 7.7018E-09 7.7287E-09 7.7471E-09 7.7536E-09 7.7516E-09 7.7427E-09 7.7232E-09 7.6976E-09 7.6649E-09 7.6239E-09 7.5780E-09 7.5263E-09 7.4681E-09 7.4063E-09 7.3396E-09 7.2673E-09 7.1917E-09 7.1142E-09 7.0315E-09 6.9455E-09 6.8599E-09 6.7696E-09 6.6767E-09 6.5849E-09 6.4889E-09 6.3922E-09 6.2947E-09 6.1978E-09 6.0981E-09 5.9978E-09 5.8972E-09 5.7972E-09 5.6974E-09 5.5972E-09 5.4976E-09 5.3987E-09
4.5367E-09 4.7776E-09 5.0188E-09 5.2524E-09 5.4800E-09 5.7004E-09 5.9163E-09 6.1199E-09 6.3145E-09 6.4995E-09 6.6722E-09 6.8338E-09 6.9830E-09 7.1187E-09 7.2424E-09 7.3526E-09 7.4501E-09 7.5360E-09 7.6089E-09 7.6707E-09 7.7210E-09 7.7585E-09 7.7878E-09 7.8053E-09 7.8129E-09 7.8121E-09 7.8018E-09 7.7831E-09 7.7584E-09 7.7240E-09 7.6834E-09 7.6384E-09 7.5852E-09 7.5269E-09 7.4650E-09 7.3965E-09 7.3240E-09 7.2499E-09 7.1697E-09 7.0863E-09 7.0024E-09 6.9131E-09 6.8220E-09 6.7308E-09 6.6367E-09 6.5398E-09 6.4416E-09 6.3444E-09 6.2454E-09 6.1447E-09 6.0434E-09 5.9418E-09 5.8409E-09 5.7392E-09 5.6388E-09 5.5381E-09 5.4383E-09
4.5456E-09 4.7918E-09 5.0320E-09 5.2678E-09 5.4984E-09 5.7239E-09 5.9388E-09 6.1448E-09 6.3436E-09 6.5303E-09 6.7055E-09 6.8695E-09 7.0202E-09 7.1590E-09 7.2848E-09 7.3960E-09 7.4970E-09 7.5838E-09 7.6581E-09 7.7213E-09 7.7719E-09 7.8121E-09 7.8415E-09 7.8588E-09 7.8679E-09 7.8677E-09 7.8568E-09 7.8401E-09 7.8140E-09 7.7799E-09 7.7408E-09 7.6939E-09 7.6401E-09 7.5831E-09 7.5200E-09 7.4509E-09 7.3802E-09 7.3036E-09 7.2226E-09 7.1408E-09 7.0544E-09 6.9650E-09 6.8741E-09 6.7814E-09 6.6859E-09 6.5882E-09 6.4899E-09 6.3915E-09 6.2914E-09 6.1897E-09 6.0875E-09 5.9859E-09 5.8832E-09 5.7805E-09 5.6783E-09 5.5765E-09 5.4757E-09
4.5526E-09 4.7973E-09 5.0396E-09 5.2790E-09 5.5130E-09 5.7382E-09 5.9553E-09 6.1663E-09 6.3661E-09 6.5543E-09 6.7328E-09 6.8994E-09 7.0525E-09 7.1936E-09 7.3208E-09 7.4357E-09 7.5378E-09 7.6254E-09 7.7022E-09 7.7669E-09 7.8188E-09 7.8602E-09 7.8898E-09 7.9088E-09 7.9195E-09 7.9182E-09 7.9095E-09 7.8929E-09 7.8661E-09 7.8333E-09 7.7935E-09 7.7458E-09 7.6939E-09 7.6362E-09 7.5720E-09 7.5040E-09 7.4324E-09 7.3546E-09 7.2748E-09 7.1919E-09 7.1040E-09 7.0148E-09 6.9243E-09 6.8293E-09 6.7331E-09 6.6347E-09 6.5375E-09 6.4367E-09 6.3350E-09 6.2331E-09 6.1312E-09 6.0278E-09 5.9242E-09 5.8206E-09 5.7173E-09 5.6147E-09 5.5129E-09
4.5511E-09 4.7974E-09 5.0448E-09 5.2848E-09 5.5191E-09 5.7464E-09 5.9694E-09 6.1804E-09 6.3816E-09 6.5740E-09 6.7552E-09 6.9225E-09 7.0789E-09 7.2224E-09 7.3519E-09 7.4690E-09 7.5723E-09 7.6634E-09 7.7420E-09 7.8065E-09 7.8608E-09 7.9035E-09 7.9342E-09 7.9551E-09 7.9651E-09 7.9656E-09 7.9578E-09 7.9404E-09 7.9147E-09 7.8830E-09 7.8424E-09 7.7957E-09 7.7446E-09 7.6854E-09 7.6217E-09 7.5544E-09 7.4809E-09 7.4037E-09 7.3246E-09 7.2398E-09 7.1514E-09 7.0642E-09 6.9710E-09 6.8754E-09 6.7780E-09 6.6822E-09 6.5819E-09 6.4804E-09 6.3778E-09 6.2755E-09 6.1717E-09 6.0675E-09 5.9630E-09 5.8584E-09 5.7543E-09 5.6506E-09 5.5479E-09
4.5442E-09 4.7952E-09 5.0412E-09 5.2831E-09 5.5193E-09 5.7523E-09 5.9743E-09 6.1875E-09 6.3928E-09 6.5879E-09 6.7699E-09 6.9405E-09 7.1005E-09 7.2446E-09 7.3773E-09 7.4967E-09 7.6021E-09 7.6953E-09 7.7749E-09 7.8419E-09 7.8978E-09 7.9411E-09 7.9739E-09 7.9963E-09 8.0066E-09 8.0087E-09 8.0016E-09 7.9838E-09 7.9606E-09 7.9283E-09 7.8879E-09 7.8431E-09 7.7906E-09 7.7311E-09 7.6690E-09 7.6006E-09 7.5270E-09 7.4513E-09 7.3705E-09 7.2853E-09 7.1991E-09 7.1092E-09 7.0157E-09 6.9196E-09 6.8242E-09 6.7247E-09 6.6237E-09 6.5215E-09 6.4182E-09 6.3153E-09 6.2107E-09 6.1057E-09 6.0004E-09 5.8949E-09 5.7899E-09 5.6854E-09 5.5817E-09
4.5353E-09 4.7845E-09 5.0320E-09 5.2754E-09 5.5172E-09 5.7490E-09 5.9731E-09 6.1912E-09 6.3983E-09 6.5941E-09 6.7793E-09 6.9546E-09 7.1143E-09 7.2618E-09 7.3979E-09 7.5179E-09 7.6264E-09 7.7217E-09 7.8023E-09 7.8731E-09 7.9298E-09 7.9747E-09 8.0095E-09 8.0321E-09 8.0442E-09 8.0482E-09 8.0404E-09 8.0255E-09 8.0025E-09 7.9698E-09 7.9314E-09 7.8860E-09 7.8328E-09 7.7757E-09 7.7133E-09 7.6440E-09 7.5729E-09 7.4957E-09 7.4139E-09 7.3303E-09 7.2433E-09 7.1517E-09 7.0575E-09 6.9627E-09 6.8654E-09 6.7653E-09 6.6638E-09 6.5609E-09 6.4581E-09 6.3535E-09 6.2482E-09 6.1455E-09 6.0392E-09 5.9352E-09 5.8319E-09 5.7262E-09 5.6365E-09
4.5181E-09 4.7682E-09 5.0178E-09 5.2658E-09 5.5060E-09 5.7397E-09 5.9696E-09 6.1875E-09 6.3960E-09 6.5968E-09 6.7849E-09 6.9600E-09 7.1222E-09 7.2752E-09 7.4111E-09 7.5343E-09 7.6461E-09 7.7419E-09 7.8264E-09 7.8983E-09 7.9561E-09 8.0039E-09 8.0399E-09 8.0639E-09 8.0783E-09 8.0822E-09 8.0765E-09 8.0627E-09 8.0396E-09 8.0081E-09 7.9709E-09 7.9250E-09 7.8742E-09 7.8174E-09 7.7539E-09 7.6863E-09 7.6148E-09 7.5368E-09 7.4554E-09 7.3724E-09 7.2836E-09 7.1917E-09 7.0981E-09 7.0033E-09 6.9047E-09 6.8042E-09 6.7038E-09 6.6034E-09 6.4992E-09 6.3978E-09 6.2932E-09 6.1870E-09 6.0806E-09 5.9739E-09 5.8674E-09 5.7792E-09 5.6802E-09
4.4955E-09 4.7491E-09 5.0001E-09 5.2470E-09 5.4888E-09 5.7283E-09 5.9568E-09 6.1768E-09 6.3913E-09 6.5922E-09 6.7818E-09 6.9611E-09 7.1281E-09 7.2800E-09 7.4184E-09 7.5471E-09 7.6585E-09 7.7575E-09 7.8452E-09 7.9177E-09 7.9784E-09 8.0278E-09 8.0646E-09 8.0913E-09 8.1078E-09 8.1122E-09 8.1087E-09 8.0956E-09 8.0722E-09 8.0436E-09 8.0063E-09 7.9618E-09 7.9117E-09 7.8547E-09 7.7924E-09 7.7252E-09 7.6525E-09 7.5744E-09 7.4951E-09 7.4105E-09 7.3216E-09 7.2296E-09 7.1379E-09 7.0441E-09 6.9457E-09 6.8452E-09 6.7485E-09 6.6453E-09 6.5409E-09 6.4355E-09 6.3343E-09 6.2283E-09 6.1286E-09 6.0218E-09 5.9303E-09 5.8262E-09 5.7229E-09
4.4695E-09 4.7231E-09 4.9743E-09 5.2224E-09 5.4698E-09 5.7076E-09 5.9380E-09 6.1640E-09 6.3773E-09 6.5805E-09 6.7754E-09 6.9568E-09 7.1245E-09 7.2798E-09 7.4239E-09 7.5515E-09 7.6653E-09 7.7697E-09 7.8575E-09 7.9317E-09 7.9954E-09 8.0468E-09 8.0858E-09 8.1148E-09 8.1321E-09 8.1386E-09 8.1360E-09 8.1234E-09 8.1033E-09 8.0754E-09 8.0382E-09 7.9954E-09 7.9463E-09 7.8887E-09 7.8280E-09 7.7606E-09 7.6873E-09 7.6114E-09 7.5316E-09 7.4463E-09 7.3595E-09 7.2719E-09 7.1777E-09 7.0841E-09 6.9869E-09 6.8863E-09 6.7887E-09 6.6867E-09 6.5857E-09 6.4845E-09 6.3785E-09 6.2719E-09 6.1669E-09 6.0810E-09 5.9763E-09 5.8721E-09 5.7833E-09
4.4386E-09 4.6910E-09 4.9430E-09 5.1962E-09 5.4417E-09 5.6811E-09 5.9173E-09 6.1418E-09 6.3574E-09 6.5667E-09 6.7616E-09 6.9447E-09 7.1168E-09 7.2762E-09 7.4200E-09 7.5502E-09 7.6708E-09 7.7742E-09 7.8639E-09 7.9434E-09 8.0084E-09 8.0604E-09 8.1029E-09 8.1339E-09 8.1524E-09 8.1611E-09 8.1595E-09 8.1489E-09 8.1305E-09 8.1029E-09 8.0676E-09 8.0265E-09 7.9759E-09 7.9208E-09 7.8601E-09 7.7923E-09 7.7214E-09 7.6464E-09 7.5682E-09 7.4834E-09 7.3974E-09 7.3112E-09 7.2175E-09 7.1240E-09 7.0274E-09 6.9300E-09 6.8339E-09 6.7308E-09 6.6275E-09 6.5292E-09 6.4234E-09 6.3168E-09 6.2202E-09 6.1201E-09 6.0152E-09 5.9183E-09 5.8241E-09
4.4011E-09 4.6537E-09 4.9102E-09 5.1612E-09 5.4079E-09 5.6528E-09 5.8873E-09 6.1138E-09 6.3354E-09 6.5437E-09 6.7410E-09 6.9294E-09 7.1038E-09 7.2639E-09 7.4104E-09 7.5476E-09 7.6672E-09 7.7729E-09 7.8680E-09 7.9483E-09 8.0152E-09 8.0708E-09 8.1163E-09 8.1468E-09 8.1679E-09 8.1790E-09 8.1787E-09 8.1708E-09 8.1540E-09 8.1267E-09 8.0938E-09 8.0520E-09 8.0033E-09 7.9492E-09 7.8885E-09 7.8230E-09 7.7556E-09 7.6804E-09 7.6007E-09 7.5210E-09 7.4363E-09 7.3498E-09 7.2565E-09 7.1648E-09 7.0713E-09 6.9728E-09 6.8782E-09 6.7756E-09 6.6716E-09 6.5665E-09 6.4605E-09 6.3591E-09 6.2644E-09 6.1594E-09 6.0543E-09 5.9669E-09 5.8656E-09
4.3587E-09 4.6152E-09 4.8689E-09 5.1207E-09 5.3725E-09 5.6155E-09 5.8517E-09 6.0839E-09 6.3042E-09 6.5148E-09 6.7184E-09 6.9070E-09 7.0831E-09 7.2478E-09 7.3997E-09 7.5359E-09 7.6579E-09 7.7702E-09 7.8654E-09 7.9478E-09 8.0183E-09 8.0781E-09 8.1225E-09 8.1559E-09 8.1807E-09 8.1926E-09 8.1952E-09 8.1890E-09 8.1723E-09 8.1479E-09 8.1157E-09 8.0742E-09 8.0276E-09 7.9752E-09 7.9174E-09 7.8534E-09 7.7851E-09 7.7134E-09 7.6357E-09 7.5588E-09 7.4723E-09 7.3873E-09 7.2974E-09 7.2085E-09 7.1145E-09 7.0156E-09 6.9148E-09 6.8124E-09 6.7085E-09 6.6035E-09 6.4974E-09 6.4085E-09 6.3038E-09 6.1989E-09 6.1111E-09 6.0092E-09 5.9081E-09
4.3154E-09 4.5684E-09 4.8224E-09 5.0788E-09 5.3283E-09 5.5726E-09 5.8143E-09 6.0450E-09 6.2674E-09 6.4840E-09 6.6867E-09 6.8779E-09 7.0594E-09 7.2269E-09 7.3796E-09 7.5183E-09 7.6472E-09 7.7588E-09 7.8573E-09 7.9444E-09 8.0183E-09 8.0773E-09 8.1240E-09 8.1633E-09 8.1882E-09 8.2021E-09 8.2073E-09 8.2024E-09 8.1875E-09 8.1648E-09 8.1333E-09 8.0941E-09 8.0516E-09 8.0001E-09 7.9417E-09 7.8831E-09 7.8166E-09 7.7458E-09 7.6696E-09 7.5928E-09 7.5107E-09 7.4284E-09 7.3387E-09 7.2461E-09 7.1498E-09 7.0513E-09 6.9509E-09 6.8487E-09 6.7450E-09 6.6401E-09 6.5519E-09 6.4480E-09 6.3437E-09 6.2562E-09 6.1541E-09 6.0527E-09 5.9804E-09
4.2643E-09 4.5169E-09 4.7748E-09 5.0283E-09 5.2787E-09 5.5281E-09 5.7680E-09 6.0006E-09 6.2288E-09 6.4442E-09 6.6493E-09 6.8469E-09 7.0293E-09 7.1983E-09 7.3536E-09 7.4995E-09 7.6277E-09 7.7429E-09 7.8471E-09 7.9358E-09 8.0101E-09 8.0718E-09 8.1256E-09 8.1643E-09 8.1914E-09 8.2088E-09 8.2158E-09 8.2111E-09 8.1991E-09 8.1783E-09 8.1491E-09 8.1155E-09 8.0713E-09 8.0222E-09 7.9701E-09 7.9120E-09 7.8444E-09 7.7753E-09 7.7055E-09 7.6313E-09 7.5493E-09 7.4621E-09 7.3730E-09 7.2800E-09 7.1844E-09 7.0864E-09 6.9864E-09 6.8847E-09 6.7813E-09 6.6887E-09 6.5915E-09 6.4881E-09 6.4012E-09 6.2998E-09 6.1985E-09 6.1260E-09 6.2611E-09
4.2088E-09 4.4637E-09 4.7190E-09 4.9729E-09 5.2278E-09 5.4750E-09 5.7164E-09 5.9546E-09 6.1813E-09 6.3989E-09 6.6103E-09 6.8074E-09 6.9923E-09 7.1640E-09 7.3266E-09 7.4717E-09 7.6037E-09 7.7259E-09 7.8297E-09 7.9201E-09 7.9972E-09 8.0664E-09 8.1197E-09 8.1607E-09 8.1913E-09 8.2112E-09 8.2186E-09 8.2170E-09 8.2084E-09 8.1905E-09 8.1642E-09 8.1299E-09 8.0899E-09 8.0464E-09 7.9946E-09 7.9341E-09 7.8733E-09 7.8107E-09 7.7404E-09 7.6619E-09 7.5793E-09 7.4945E-09 7.4053E-09 7.3132E-09 7.2183E-09 7.1211E-09 7.0217E-09 6.9204E-09 6.8294E-09 6.7337E-09 6.6317E-09 6.5376E-09 6.4454E-09 6.3449E-09 6.2726E-09 6.3548E-09 6.3542E-09
4.1511E-09 4.4044E-09 4.6586E-09 4.9154E-09 5.1685E-09 5.4168E-09 5.6626E-09 5.8999E-09 6.1285E-09 6.3512E-09 6.5628E-09 6.7623E-09 6.9498E-09 7.1287E-09 7.2905E-09 7.4395E-09 7.5786E-09 7.6993E-09 7.8062E-09 7.9013E-09 7.9846E-09 8.0534E-09 8.1089E-09 8.1546E-09 8.1872E-09 8.2077E-09 8.2175E-09 8.2226E-09 8.2153E-09 8.1981E-09 8.1750E-09 8.1465E-09 8.1099E-09 8.0646E-09 8.0154E-09 7.9631E-09 7.9055E-09 7.8395E-09 7.7667E-09 7.6896E-09 7.6084E-09 7.5249E-09 7.4369E-09 7.3457E-09 7.2518E-09 7.1554E-09 7.0568E-09 6.9622E-09 6.8741E-09 6.7739E-09 6.6727E-09 6.5903E-09 6.4911E-09 6.4061E-09 6.4464E-09 6.5036E-09 6.4565E-09
