Assets/Resources/2015_m01_d02_1800(utc+0800)_l00_csi_1hr_conc.grd
DSAA
         159         159
     -79.000      79.000
     -79.000      79.000
  0.0000E+00  0.1583E-04
[rows 0 to 24 of 159, columns 0 to 56 of 159]
5.7200E-11 6.6102E-11 7.7363E-11 9.2691E-11 1.1061E-10 1.3032E-10 1.5191E-10 1.7578E-10 2.0172E-10 2.2948E-10 2.6124E-10 2.9523E-10 3.3240E-10 3.7335E-10 4.1821E-10 4.6644E-10 5.1913E-10 5.7630E-10 6.3755E-10 7.0266E-10 7.7300E-10 8.4760E-10 9.2580E-10 1.0077E-09 1.0935E-09 1.1827E-09 1.2759E-09 1.3705E-09 1.4671E-09 1.5651E-09 1.6638E-09 1.7627E-09 1.8608E-09 1.9578E-09 2.0527E-09 2.1448E-09 2.2333E-09 2.3176E-09 2.3968E-09 2.4705E-09 2.5389E-09 2.5999E-09 2.6534E-09 2.6991E-09 2.7365E-09 2.7652E-09 2.7854E-09 2.7967E-09 2.7991E-09 2.7925E-09 2.7763E-09 2.7523E-09 2.7202E-09 2.6801E-09 2.6327E-09 2.5783E-09 2.5174E-09
6.0389E-11 7.0057E-11 8.2863E-11 9.9176E-11 1.1786E-10 1.3946E-10 1.6217E-10 1.8764E-10 2.1401E-10 2.4452E-10 2.7713E-10 3.1284E-10 3.5241E-10 3.9583E-10 4.4229E-10 4.9386E-10 5.4982E-10 6.0930E-10 6.7385E-10 7.4314E-10 8.1706E-10 8.9476E-10 9.7681E-10 1.0631E-09 1.1543E-09 1.2482E-09 1.3453E-09 1.4450E-09 1.5467E-09 1.6499E-09 1.7539E-09 1.8578E-09 1.9613E-09 2.0633E-09 2.1642E-09 2.2611E-09 2.3542E-09 2.4428E-09 2.5260E-09 2.6031E-09 2.6735E-09 2.7370E-09 2.7928E-09 2.8404E-09 2.8793E-09 2.9091E-09 2.9297E-09 2.9408E-09 2.9423E-09 2.9346E-09 2.9177E-09 2.8917E-09 2.8571E-09 2.8141E-09 2.7632E-09 2.7047E-09 2.6392E-09
6.3570E-11 7.4039E-11 8.8403E-11 1.0504E-10 1.2658E-10 1.4788E-10 1.7350E-10 1.9844E-10 2.2730E-10 2.5874E-10 2.9292E-10 3.3093E-10 3.7278E-10 4.1770E-10 4.6746E-10 5.2175E-10 5.7975E-10 6.4319E-10 7.1154E-10 7.8373E-10 8.6063E-10 9.4228E-10 1.0296E-09 1.1202E-09 1.2151E-09 1.3137E-09 1.4156E-09 1.5204E-09 1.6274E-09 1.7359E-09 1.8455E-09 1.9557E-09 2.0644E-09 2.1716E-09 2.2764E-09 2.3781E-09 2.4758E-09 2.5687E-09 2.6559E-09 2.7367E-09 2.8103E-09 2.8762E-09 2.9340E-09 2.9834E-09 3.0237E-09 3.0544E-09 3.0753E-09 3.0861E-09 3.0871E-09 3.0782E-09 3.0596E-09 3.0314E-09 2.9941E-09 2.9481E-09 2.8938E-09 2.8318E-09 2.7627E-09
6.6672E-11 7.8940E-11 9.3311E-11 1.1218E-10 1.3355E-10 1.5772E-10 1.8281E-10 2.0969E-10 2.4005E-10 2.7266E-10 3.0897E-10 3.4908E-10 3.9252E-10 4.4058E-10 4.9282E-10 5.4928E-10 6.1090E-10 6.7742E-10 7.4813E-10 8.2389E-10 9.0566E-10 9.9134E-10 1.0819E-09 1.1770E-09 1.2763E-09 1.3797E-09 1.4866E-09 1.5965E-09 1.7100E-09 1.8239E-09 1.9386E-09 2.0535E-09 2.1674E-09 2.2798E-09 2.3898E-09 2.4964E-09 2.5996E-09 2.6984E-09 2.7897E-09 2.8742E-09 2.9512E-09 3.0199E-09 3.0798E-09 3.1306E-09 3.1721E-09 3.2036E-09 3.2248E-09 3.2355E-09 3.2357E-09 3.2254E-09 3.2046E-09 3.1730E-09 3.1329E-09 3.0825E-09 3.0246E-09 2.9587E-09 2.8854E-09
6.9693E-11 8.3547E-11 9.8377E-11 1.1900E-10 1.4164E-10 1.6645E-10 1.9215E-10 2.2132E-10 2.5232E-10 2.8679E-10 3.2503E-10 3.6674E-10 4.1289E-10 4.6301E-10 5.1807E-10 5.7789E-10 6.4195E-10 7.1082E-10 7.8536E-10 8.6539E-10 9.4995E-10 1.0397E-09 1.1344E-09 1.2340E-09 1.3381E-09 1.4466E-09 1.5593E-09 1.6744E-09 1.7920E-09 1.9115E-09 2.0318E-09 2.1521E-09 2.2727E-09 2.3917E-09 2.5069E-09 2.6184E-09 2.7256E-09 2.8273E-09 2.9227E-09 3.0109E-09 3.0912E-09 3.1628E-09 3.2250E-09 3.2773E-09 3.3195E-09 3.3517E-09 3.3731E-09 3.3835E-09 3.3825E-09 3.3709E-09 3.3485E-09 3.3155E-09 3.2725E-09 3.2198E-09 3.1581E-09 3.0874E-09 3.0089E-09
7.3777E-11 8.6980E-11 1.0464E-10 1.2514E-10 1.4995E-10 1.7450E-10 2.0269E-10 2.3204E-10 2.6458E-10 3.0081E-10 3.4057E-10 3.8462E-10 4.3250E-10 4.8551E-10 5.4340E-10 6.0524E-10 6.7214E-10 7.4531E-10 8.2283E-10 9.0585E-10 9.9430E-10 1.0881E-09 1.1872E-09 1.2915E-09 1.4011E-09 1.5143E-09 1.6312E-09 1.7515E-09 1.8745E-09 2.0007E-09 2.1277E-09 2.2537E-09 2.3788E-09 2.5020E-09 2.6223E-09 2.7390E-09 2.8509E-09 2.9570E-09 3.0566E-09 3.1485E-09 3.2321E-09 3.3065E-09 3.3725E-09 3.4275E-09 3.4707E-09 3.5024E-09 3.5225E-09 3.5319E-09 3.5302E-09 3.5171E-09 3.4926E-09 3.4570E-09 3.4108E-09 3.3547E-09 3.2891E-09 3.2147E-09 3.1322E-09
7.7219E-11 9.1416E-11 1.0994E-10 1.3239E-10 1.5692E-10 1.8276E-10 2.1194E-10 2.4258E-10 2.7670E-10 3.1429E-10 3.5608E-10 4.0167E-10 4.5235E-10 5.0793E-10 5.6746E-10 6.3219E-10 7.0316E-10 7.7865E-10 8.5967E-10 9.4626E-10 1.0386E-09 1.1365E-09 1.2409E-09 1.3496E-09 1.4631E-09 1.5812E-09 1.7034E-09 1.8312E-09 1.9596E-09 2.0901E-09 2.2216E-09 2.3534E-09 2.4841E-09 2.6128E-09 2.7385E-09 2.8626E-09 2.9793E-09 3.0899E-09 3.1936E-09 3.2893E-09 3.3762E-09 3.4534E-09 3.5203E-09 3.5762E-09 3.6207E-09 3.6533E-09 3.6740E-09 3.6831E-09 3.6803E-09 3.6655E-09 3.6386E-09 3.6003E-09 3.5511E-09 3.4903E-09 3.4193E-09 3.3406E-09 3.2535E-09
7.9668E-11 9.5831E-11 1.1546E-10 1.3851E-10 1.6359E-10 1.9115E-10 2.2089E-10 2.5265E-10 2.8812E-10 3.2753E-10 3.7084E-10 4.1895E-10 4.7197E-10 5.2894E-10 5.9151E-10 6.5967E-10 7.3277E-10 8.1154E-10 8.9606E-10 9.8638E-10 1.0836E-09 1.1857E-09 1.2935E-09 1.4067E-09 1.5253E-09 1.6504E-09 1.7777E-09 1.9087E-09 2.0425E-09 2.1783E-09 2.3154E-09 2.4548E-09 2.5917E-09 2.7262E-09 2.8573E-09 2.9842E-09 3.1055E-09 3.2208E-09 3.3286E-09 3.4280E-09 3.5182E-09 3.5982E-09 3.6674E-09 3.7251E-09 3.7707E-09 3.8039E-09 3.8244E-09 3.8323E-09 3.8279E-09 3.8113E-09 3.7823E-09 3.7413E-09 3.6887E-09 3.6249E-09 3.5511E-09 3.4677E-09 3.3756E-09
8.3289E-11 1.0006E-10 1.2063E-10 1.4421E-10 1.7013E-10 1.9844E-10 2.2893E-10 2.6223E-10 2.9916E-10 3.4019E-10 3.8564E-10 4.3591E-10 4.9011E-10 5.5018E-10 6.1529E-10 6.8568E-10 7.6182E-10 8.4386E-10 9.3200E-10 1.0272E-09 1.1274E-09 1.2335E-09 1.3457E-09 1.4658E-09 1.5890E-09 1.7172E-09 1.8497E-09 1.9858E-09 2.1264E-09 2.2689E-09 2.4116E-09 2.5546E-09 2.6967E-09 2.8369E-09 2.9737E-09 3.1057E-09 3.2321E-09 3.3518E-09 3.4637E-09 3.5691E-09 3.6625E-09 3.7453E-09 3.8168E-09 3.8761E-09 3.9228E-09 3.9565E-09 3.9769E-09 3.9839E-09 3.9772E-09 3.9568E-09 3.9247E-09 3.8807E-09 3.8246E-09 3.7572E-09 3.6791E-09 3.5912E-09 3.4942E-09
8.6202E-11 1.0462E-10 1.2558E-10 1.4884E-10 1.7671E-10 2.0506E-10 2.3705E-10 2.7152E-10 3.0995E-10 3.5262E-10 4.0006E-10 4.5130E-10 5.0854E-10 5.7045E-10 6.3782E-10 7.1098E-10 7.9013E-10 8.7613E-10 9.6820E-10 1.0661E-09 1.1703E-09 1.2825E-09 1.3997E-09 1.5222E-09 1.6503E-09 1.7834E-09 1.9234E-09 2.0651E-09 2.2098E-09 2.3568E-09 2.5050E-09 2.6535E-09 2.8011E-09 2.9470E-09 3.0915E-09 3.2292E-09 3.3606E-09 3.4848E-09 3.6007E-09 3.7076E-09 3.8043E-09 3.8898E-09 3.9634E-09 4.0244E-09 4.0721E-09 4.1063E-09 4.1265E-09 4.1327E-09 4.1249E-09 4.1032E-09 4.0686E-09 4.0214E-09 3.9618E-09 3.8903E-09 3.8063E-09 3.7125E-09 3.6105E-09
8.9456E-11 1.0794E-10 1.3019E-10 1.5416E-10 1.8192E-10 2.1167E-10 2.4449E-10 2.8029E-10 3.2019E-10 3.6465E-10 4.1289E-10 4.6700E-10 5.2560E-10 5.8968E-10 6.5955E-10 7.3546E-10 8.1876E-10 9.0742E-10 1.0026E-09 1.1046E-09 1.2189E-09 1.3345E-09 1.4563E-09 1.5842E-09 1.7198E-09 1.8585E-09 2.0019E-09 2.1493E-09 2.2998E-09 2.4527E-09 2.6084E-09 2.7638E-09 2.9175E-09 3.0689E-09 3.2170E-09 3.3603E-09 3.4974E-09 3.6266E-09 3.7470E-09 3.8577E-09 3.9577E-09 4.0460E-09 4.1217E-09 4.1842E-09 4.2329E-09 4.2672E-09 4.2870E-09 4.2922E-09 4.2826E-09 4.2586E-09 4.2205E-09 4.1691E-09 4.1053E-09 4.0293E-09 3.9418E-09 3.8437E-09 3.7359E-09
9.3028E-11 1.1191E-10 1.3302E-10 1.5930E-10 1.8666E-10 2.1768E-10 2.5166E-10 2.8883E-10 3.3020E-10 3.7522E-10 4.2593E-10 4.8115E-10 5.4170E-10 6.0802E-10 6.8036E-10 7.6017E-10 8.4539E-10 9.3724E-10 1.0374E-09 1.1476E-09 1.2606E-09 1.3804E-09 1.5084E-09 1.6421E-09 1.7808E-09 1.9244E-09 2.0730E-09 2.2258E-09 2.3843E-09 2.5428E-09 2.7027E-09 2.8628E-09 3.0219E-09 3.1787E-09 3.3320E-09 3.4803E-09 3.6224E-09 3.7580E-09 3.8829E-09 3.9972E-09 4.1003E-09 4.1912E-09 4.2689E-09 4.3328E-09 4.3823E-09 4.4168E-09 4.4362E-09 4.4402E-09 4.4290E-09 4.4027E-09 4.3609E-09 4.3053E-09 4.2368E-09 4.1564E-09 4.0642E-09 3.9611E-09 3.8480E-09
9.5182E-11 1.1524E-10 1.3730E-10 1.6248E-10 1.9139E-10 2.2289E-10 2.5820E-10 2.9666E-10 3.3849E-10 3.8559E-10 4.3739E-10 4.9425E-10 5.5679E-10 6.2530E-10 7.0129E-10 7.8272E-10 8.7086E-10 9.6811E-10 1.0707E-09 1.1841E-09 1.3013E-09 1.4278E-09 1.5589E-09 1.6965E-09 1.8402E-09 1.9901E-09 2.1456E-09 2.3038E-09 2.4654E-09 2.6294E-09 2.7948E-09 2.9603E-09 3.1252E-09 3.2883E-09 3.4467E-09 3.6001E-09 3.7468E-09 3.8857E-09 4.0152E-09 4.1335E-09 4.2396E-09 4.3329E-09 4.4126E-09 4.4778E-09 4.5280E-09 4.5626E-09 4.5814E-09 4.5843E-09 4.5713E-09 4.5426E-09 4.4987E-09 4.4401E-09 4.3674E-09 4.2817E-09 4.1841E-09 4.0749E-09 3.9564E-09
9.7808E-11 1.1691E-10 1.4064E-10 1.6615E-10 1.9484E-10 2.2803E-10 2.6372E-10 3.0328E-10 3.4665E-10 3.9501E-10 4.4805E-10 5.0665E-10 5.7111E-10 6.4301E-10 7.2031E-10 8.0453E-10 8.9784E-10 9.9629E-10 1.1020E-09 1.2212E-09 1.3432E-09 1.4765E-09 1.6129E-09 1.7564E-09 1.9083E-09 2.0632E-09 2.2234E-09 2.3872E-09 2.5546E-09 2.7250E-09 2.8972E-09 3.0688E-09 3.2391E-09 3.4070E-09 3.5709E-09 3.7294E-09 3.8811E-09 4.0245E-09 4.1583E-09 4.2809E-09 4.3907E-09 4.4890E-09 4.5718E-09 4.6377E-09 4.6868E-09 4.7196E-09 4.7376E-09 4.7389E-09 4.7238E-09 4.6923E-09 4.6450E-09 4.5824E-09 4.5053E-09 4.4145E-09 4.3111E-09 4.1967E-09 4.0722E-09
9.9896E-11 1.1993E-10 1.4271E-10 1.6902E-10 1.9883E-10 2.3212E-10 2.6884E-10 3.0930E-10 3.5420E-10 4.0333E-10 4.5784E-10 5.1808E-10 5.8565E-10 6.5854E-10 7.3861E-10 8.2727E-10 9.2139E-10 1.0229E-09 1.1345E-09 1.2562E-09 1.3858E-09 1.5194E-09 1.6629E-09 1.8111E-09 1.9658E-09 2.1265E-09 2.2916E-09 2.4628E-09 2.6354E-09 2.8108E-09 2.9876E-09 3.1645E-09 3.3401E-09 3.5131E-09 3.6860E-09 3.8494E-09 4.0057E-09 4.1534E-09 4.2910E-09 4.4171E-09 4.5305E-09 4.6293E-09 4.7126E-09 4.7801E-09 4.8311E-09 4.8654E-09 4.8824E-09 4.8823E-09 4.8650E-09 4.8308E-09 4.7801E-09 4.7135E-09 4.6286E-09 4.5333E-09 4.4248E-09 4.3045E-09 4.1740E-09
1.0122E-10 1.2205E-10 1.4546E-10 1.7139E-10 2.0204E-10 2.3618E-10 2.7293E-10 3.1526E-10 3.6044E-10 4.1078E-10 4.6666E-10 5.2969E-10 5.9795E-10 6.7337E-10 7.5730E-10 8.4661E-10 9.4365E-10 1.0506E-09 1.1632E-09 1.2888E-09 1.4238E-09 1.5633E-09 1.7089E-09 1.8618E-09 2.0213E-09 2.1885E-09 2.3597E-09 2.5346E-09 2.7135E-09 2.8938E-09 3.0796E-09 3.2622E-09 3.4432E-09 3.6214E-09 3.7953E-09 3.9634E-09 4.1240E-09 4.2756E-09 4.4170E-09 4.5463E-09 4.6624E-09 4.7641E-09 4.8497E-09 4.9183E-09 4.9697E-09 5.0036E-09 5.0198E-09 5.0180E-09 4.9986E-09 4.9616E-09 4.9077E-09 4.8374E-09 4.7516E-09 4.6514E-09 4.5376E-09 4.4101E-09 4.2716E-09
1.0296E-10 1.2383E-10 1.4651E-10 1.7413E-10 2.0451E-10 2.3870E-10 2.7757E-10 3.1949E-10 3.6582E-10 4.1728E-10 4.7566E-10 5.3910E-10 6.0954E-10 6.8846E-10 7.7276E-10 8.6510E-10 9.6663E-10 1.0743E-09 1.1900E-09 1.3221E-09 1.4606E-09 1.6028E-09 1.7528E-09 1.9113E-09 2.0761E-09 2.2470E-09 2.4234E-09 2.6061E-09 2.7925E-09 2.9794E-09 3.1665E-09 3.3541E-09 3.5402E-09 3.7233E-09 3.9061E-09 4.0787E-09 4.2436E-09 4.3998E-09 4.5484E-09 4.6809E-09 4.7996E-09 4.9033E-09 4.9909E-09 5.0611E-09 5.1127E-09 5.1460E-09 5.1597E-09 5.1531E-09 5.1310E-09 5.0876E-09 5.0303E-09 4.9561E-09 4.8660E-09 4.7610E-09 4.6422E-09 4.5109E-09 4.3684E-09
1.0361E-10 1.2552E-10 1.4794E-10 1.7533E-10 2.0635E-10 2.4095E-10 2.8010E-10 3.2272E-10 3.7029E-10 4.2367E-10 4.8248E-10 5.4767E-10 6.2143E-10 7.0034E-10 7.8759E-10 8.8338E-10 9.8569E-10 1.0962E-09 1.2228E-09 1.3513E-09 1.4939E-09 1.6403E-09 1.7959E-09 1.9580E-09 2.1273E-09 2.3031E-09 2.4890E-09 2.6757E-09 2.8661E-09 3.0578E-09 3.2555E-09 3.4478E-09 3.6417E-09 3.8320E-09 4.0157E-09 4.1930E-09 4.3621E-09 4.5216E-09 4.6699E-09 4.8052E-09 4.9263E-09 5.0318E-09 5.1207E-09 5.1921E-09 5.2447E-09 5.2776E-09 5.2911E-09 5.2854E-09 5.2608E-09 5.2177E-09 5.1564E-09 5.0774E-09 4.9788E-09 4.8651E-09 4.7411E-09 4.6044E-09 4.4564E-09
1.0429E-10 1.2540E-10 1.4925E-10 1.7673E-10 2.0696E-10 2.4264E-10 2.8190E-10 3.2513E-10 3.7427E-10 4.2853E-10 4.8831E-10 5.5654E-10 6.3013E-10 7.1165E-10 8.0176E-10 8.9817E-10 1.0035E-09 1.1188E-09 1.2464E-09 1.3782E-09 1.5261E-09 1.6766E-09 1.8353E-09 2.0018E-09 2.1757E-09 2.3614E-09 2.5483E-09 2.7441E-09 2.9403E-09 3.1430E-09 3.3421E-09 3.5413E-09 3.7415E-09 3.9350E-09 4.1234E-09 4.3051E-09 4.4785E-09 4.6417E-09 4.7931E-09 4.9312E-09 5.0544E-09 5.1616E-09 5.2515E-09 5.3232E-09 5.3760E-09 5.4089E-09 5.4212E-09 5.4133E-09 5.3843E-09 5.3356E-09 5.2705E-09 5.1876E-09 5.0879E-09 4.9725E-09 4.8427E-09 4.6959E-09 4.5385E-09
1.0500E-10 1.2606E-10 1.4924E-10 1.7675E-10 2.0821E-10 2.4331E-10 2.8278E-10 3.2698E-10 3.7761E-10 4.3199E-10 4.9443E-10 5.6270E-10 6.3805E-10 7.2231E-10 8.1267E-10 9.1216E-10 1.0210E-09 1.1369E-09 1.2678E-09 1.4041E-09 1.5554E-09 1.7108E-09 1.8737E-09 2.0447E-09 2.2290E-09 2.4150E-09 2.6119E-09 2.8142E-09 3.0200E-09 3.2251E-09 3.4311E-09 3.6349E-09 3.8393E-09 4.0401E-09 4.2335E-09 4.4197E-09 4.5971E-09 4.7640E-09 4.9186E-09 5.0593E-09 5.1846E-09 5.2932E-09 5.3839E-09 5.4557E-09 5.5078E-09 5.5398E-09 5.5511E-09 5.5411E-09 5.5104E-09 5.4564E-09 5.3865E-09 5.2988E-09 5.1909E-09 5.0694E-09 4.9336E-09 4.7845E-09 4.6235E-09
1.0421E-10 1.2615E-10 1.4967E-10 1.7657E-10 2.0796E-10 2.4311E-10 2.8296E-10 3.2906E-10 3.7877E-10 4.3570E-10 4.9859E-10 5.6756E-10 6.4586E-10 7.2979E-10 8.2297E-10 9.2501E-10 1.0344E-09 1.1530E-09 1.2885E-09 1.4342E-09 1.5830E-09 1.7410E-09 1.9079E-09 2.0894E-09 2.2731E-09 2.4695E-09 2.6771E-09 2.8807E-09 3.0882E-09 3.3031E-09 3.5148E-09 3.7260E-09 3.9332E-09 4.1375E-09 4.3345E-09 4.5250E-09 4.7109E-09 4.8813E-09 5.0389E-09 5.1819E-09 5.3091E-09 5.4189E-09 5.5092E-09 5.5775E-09 5.6291E-09 5.6598E-09 5.6694E-09 5.6578E-09 5.6245E-09 5.5706E-09 5.4967E-09 5.4040E-09 5.2925E-09 5.1631E-09 5.0217E-09 4.8628E-09 4.6963E-09
9.9228E-11 1.2527E-10 1.4895E-10 1.7611E-10 2.0701E-10 2.4232E-10 2.8269E-10 3.2875E-10 3.7964E-10 4.3821E-10 5.0084E-10 5.7299E-10 6.5032E-10 7.3657E-10 8.3195E-10 9.3434E-10 1.0462E-09 1.1693E-09 1.3068E-09 1.4547E-09 1.6069E-09 1.7684E-09 1.9474E-09 2.1277E-09 2.3272E-09 2.5302E-09 2.7340E-09 2.9482E-09 3.1618E-09 3.3780E-09 3.5974E-09 3.8170E-09 4.0316E-09 4.2401E-09 4.4436E-09 4.6376E-09 4.8229E-09 4.9967E-09 5.1572E-09 5.3027E-09 5.4315E-09 5.5423E-09 5.6340E-09 5.7054E-09 5.7559E-09 5.7849E-09 5.7920E-09 5.7774E-09 5.7396E-09 5.6795E-09 5.6012E-09 5.5036E-09 5.3878E-09 5.2553E-09 5.1076E-09 4.9427E-09 4.7680E-09
9.8256E-11 1.2473E-10 1.4803E-10 1.7444E-10 2.0548E-10 2.4057E-10 2.8197E-10 3.2753E-10 3.8053E-10 4.3835E-10 5.0387E-10 5.7490E-10 6.5384E-10 7.4242E-10 8.3753E-10 9.4289E-10 1.0579E-09 1.1808E-09 1.3212E-09 1.4725E-09 1.6295E-09 1.8035E-09 1.9792E-09 2.1763E-09 2.3775E-09 2.5814E-09 2.7971E-09 3.0168E-09 3.2373E-09 3.4598E-09 3.6833E-09 3.9061E-09 4.1263E-09 4.3421E-09 4.5494E-09 4.7495E-09 4.9377E-09 5.1150E-09 5.2784E-09 5.4260E-09 5.5564E-09 5.6681E-09 5.7599E-09 5.8308E-09 5.8800E-09 5.9069E-09 5.9114E-09 5.8935E-09 5.8534E-09 5.7918E-09 5.7089E-09 5.6048E-09 5.4789E-09 5.3399E-09 5.1848E-09 5.0170E-09 4.8362E-09
9.6484E-11 1.2325E-10 1.4665E-10 1.7240E-10 2.0335E-10 2.3915E-10 2.7957E-10 3.2656E-10 3.7956E-10 4.3829E-10 5.0401E-10 5.7560E-10 6.5722E-10 7.4492E-10 8.4327E-10 9.4988E-10 1.0651E-09 1.1968E-09 1.3340E-09 1.4909E-09 1.6573E-09 1.8338E-09 2.0203E-09 2.2196E-09 2.4215E-09 2.6365E-09 2.8578E-09 3.0795E-09 3.3054E-09 3.5339E-09 3.7633E-09 3.9919E-09 4.2177E-09 4.4387E-09 4.6518E-09 4.8563E-09 5.0492E-09 5.2295E-09 5.3956E-09 5.5454E-09 5.6771E-09 5.7896E-09 5.8813E-09 5.9514E-09 5.9991E-09 6.0238E-09 6.0254E-09 6.0040E-09 5.9597E-09 5.8935E-09 5.8058E-09 5.6973E-09 5.5692E-09 5.4229E-09 5.2571E-09 5.0808E-09 4.8947E-09
9.2343E-11 1.2121E-10 1.4419E-10 1.7017E-10 2.0046E-10 2.3641E-10 2.7719E-10 3.2475E-10 3.7716E-10 4.3715E-10 5.0243E-10 5.7696E-10 6.5732E-10 7.4745E-10 8.4618E-10 9.5321E-10 1.0698E-09 1.2069E-09 1.3457E-09 1.5119E-09 1.6818E-09 1.8636E-09 2.0593E-09 2.2555E-09 2.4684E-09 2.6892E-09 2.9115E-09 3.1402E-09 3.3722E-09 3.6069E-09 3.8424E-09 4.0769E-09 4.3084E-09 4.5348E-09 4.7540E-09 4.9628E-09 5.1604E-09 5.3441E-09 5.5127E-09 5.6644E-09 5.7976E-09 5.9105E-09 6.0021E-09 6.0713E-09 6.1172E-09 6.1396E-09 6.1380E-09 6.1127E-09 6.0641E-09 5.9929E-09 5.8994E-09 5.7853E-09 5.6517E-09 5.4993E-09 5.3303E-09 5.1480E-09 4.9504E-09
