Assets/Resources/2015_m01_d20_1500(utc+0800)_l00_csi_1hr_conc.grd
DSAA
         159         159
     -79.000      79.000
     -79.000      79.000
  0.4781E-09  0.9446E-06
[rows 25 to 49 of 159, columns 57 to 113 of 159]
2.5335E-09 2.5447E-09 2.5554E-09 2.5654E-09 2.5751E-09 2.5833E-09 2.5915E-09 2.5989E-09 2.6056E-09 2.6113E-09 2.6165E-09 2.6203E-09 2.6240E-09 2.6265E-09 2.6278E-09 2.6279E-09 2.6275E-09 2.6259E-09 2.6234E-09 2.6200E-09 2.6157E-09 2.6106E-09 2.6042E-09 2.5972E-09 2.5890E-09 2.5802E-09 2.5702E-09 2.5595E-09 2.5477E-09 2.5350E-09 2.5213E-09 2.5068E-09 2.4913E-09 2.4750E-09 2.4578E-09 2.4395E-09 2.4203E-09 2.4003E-09 2.3798E-09 2.3582E-09 2.3358E-09 2.3126E-09 2.2888E-09 2.2643E-09 2.2391E-09 2.2134E-09 2.1874E-09 2.1606E-09 2.1334E-09 2.1057E-09 2.0778E-09 2.0493E-09 2.0205E-09 1.9914E-09 1.9621E-09 1.9323E-09 1.9026E-09
2.5716E-09 2.5834E-09 2.5948E-09 2.6054E-09 2.6155E-09 2.6247E-09 2.6334E-09 2.6410E-09 2.6482E-09 2.6543E-09 2.6601E-09 2.6646E-09 2.6676E-09 2.6703E-09 2.6716E-09 2.6724E-09 2.6719E-09 2.6706E-09 2.6686E-09 2.6655E-09 2.6618E-09 2.6565E-09 2.6510E-09 2.6439E-09 2.6364E-09 2.6275E-09 2.6173E-09 2.6062E-09 2.5942E-09 2.5813E-09 2.5672E-09 2.5526E-09 2.5372E-09 2.5209E-09 2.5036E-09 2.4855E-09 2.4665E-09 2.4467E-09 2.4260E-09 2.4041E-09 2.3815E-09 2.3584E-09 2.3343E-09 2.3095E-09 2.2840E-09 2.2579E-09 2.2315E-09 2.2042E-09 2.1762E-09 2.1480E-09 2.1194E-09 2.0903E-09 2.0610E-09 2.0316E-09 2.0017E-09 1.9716E-09 1.9412E-09
2.6107E-09 2.6225E-09 2.6342E-09 2.6456E-09 2.6562E-09 2.6654E-09 2.6746E-09 2.6827E-09 2.6904E-09 2.6970E-09 2.7035E-09 2.7077E-09 2.7113E-09 2.7142E-09 2.7155E-09 2.7169E-09 2.7165E-09 2.7161E-09 2.7139E-09 2.7113E-09 2.7073E-09 2.7025E-09 2.6969E-09 2.6904E-09 2.6825E-09 2.6737E-09 2.6643E-09 2.6536E-09 2.6423E-09 2.6297E-09 2.6162E-09 2.6017E-09 2.5860E-09 2.5693E-09 2.5518E-09 2.5333E-09 2.5140E-09 2.4937E-09 2.4726E-09 2.4506E-09 2.4277E-09 2.4044E-09 2.3800E-09 2.3552E-09 2.3293E-09 2.3029E-09 2.2758E-09 2.2484E-09 2.2202E-09 2.1915E-09 2.1623E-09 2.1328E-09 2.1026E-09 2.0723E-09 2.0418E-09 2.0110E-09 1.9801E-09
2.6493E-09 2.6616E-09 2.6750E-09 2.6861E-09 2.6976E-09 2.7072E-09 2.7166E-09 2.7259E-09 2.7334E-09 2.7404E-09 2.7457E-09 2.7511E-09 2.7548E-09 2.7580E-09 2.7600E-09 2.7615E-09 2.7617E-09 2.7611E-09 2.7595E-09 2.7570E-09 2.7535E-09 2.7487E-09 2.7430E-09 2.7367E-09 2.7291E-09 2.7208E-09 2.7113E-09 2.7007E-09 2.6892E-09 2.6767E-09 2.6633E-09 2.6489E-09 2.6335E-09 2.6171E-09 2.5998E-09 2.5816E-09 2.5621E-09 2.5418E-09 2.5205E-09 2.4986E-09 2.4756E-09 2.4517E-09 2.4271E-09 2.4016E-09 2.3755E-09 2.3486E-09 2.3212E-09 2.2931E-09 2.2644E-09 2.2356E-09 2.2059E-09 2.1758E-09 2.1453E-09 2.1145E-09 2.0833E-09 2.0517E-09 2.0197E-09
2.6882E-09 2.7012E-09 2.7138E-09 2.7263E-09 2.7375E-09 2.7489E-09 2.7583E-09 2.7686E-09 2.7757E-09 2.7835E-09 2.7890E-09 2.7947E-09 2.7989E-09 2.8026E-09 2.8050E-09 2.8069E-09 2.8075E-09 2.8076E-09 2.8063E-09 2.8041E-09 2.8010E-09 2.7969E-09 2.7918E-09 2.7854E-09 2.7784E-09 2.7696E-09 2.7602E-09 2.7491E-09 2.7374E-09 2.7243E-09 2.7109E-09 2.6966E-09 2.6812E-09 2.6649E-09 2.6476E-09 2.6294E-09 2.6102E-09 2.5900E-09 2.5689E-09 2.5469E-09 2.5237E-09 2.4996E-09 2.4747E-09 2.4490E-09 2.4228E-09 2.3956E-09 2.3678E-09 2.3392E-09 2.3101E-09 2.2805E-09 2.2500E-09 2.2194E-09 2.1884E-09 2.1573E-09 2.1255E-09 2.0935E-09 2.0615E-09
2.7270E-09 2.7414E-09 2.7545E-09 2.7679E-09 2.7793E-09 2.7917E-09 2.8008E-09 2.8103E-09 2.8183E-09 2.8266E-09 2.8325E-09 2.8388E-09 2.8434E-09 2.8475E-09 2.8504E-09 2.8527E-09 2.8537E-09 2.8534E-09 2.8530E-09 2.8507E-09 2.8483E-09 2.8442E-09 2.8390E-09 2.8333E-09 2.8261E-09 2.8184E-09 2.8092E-09 2.7995E-09 2.7882E-09 2.7760E-09 2.7628E-09 2.7481E-09 2.7325E-09 2.7158E-09 2.6981E-09 2.6795E-09 2.6598E-09 2.6392E-09 2.6176E-09 2.5950E-09 2.5720E-09 2.5480E-09 2.5231E-09 2.4972E-09 2.4704E-09 2.4432E-09 2.4149E-09 2.3860E-09 2.3565E-09 2.3267E-09 2.2960E-09 2.2645E-09 2.2326E-09 2.2006E-09 2.1683E-09 2.1356E-09 2.1027E-09
2.7659E-09 2.7807E-09 2.7946E-09 2.8084E-09 2.8209E-09 2.8326E-09 2.8426E-09 2.8532E-09 2.8612E-09 2.8696E-09 2.8764E-09 2.8832E-09 2.8879E-09 2.8929E-09 2.8958E-09 2.8986E-09 2.8996E-09 2.9001E-09 2.8996E-09 2.8978E-09 2.8954E-09 2.8915E-09 2.8872E-09 2.8813E-09 2.8749E-09 2.8670E-09 2.8580E-09 2.8480E-09 2.8370E-09 2.8250E-09 2.8119E-09 2.7977E-09 2.7825E-09 2.7663E-09 2.7490E-09 2.7304E-09 2.7107E-09 2.6900E-09 2.6687E-09 2.6460E-09 2.6224E-09 2.5978E-09 2.5723E-09 2.5460E-09 2.5192E-09 2.4913E-09 2.4627E-09 2.4334E-09 2.4034E-09 2.3731E-09 2.3420E-09 2.3103E-09 2.2784E-09 2.2458E-09 2.2129E-09 2.1793E-09 2.1457E-09
2.8052E-09 2.8203E-09 2.8346E-09 2.8493E-09 2.8618E-09 2.8741E-09 2.8852E-09 2.8953E-09 2.9043E-09 2.9133E-09 2.9202E-09 2.9275E-09 2.9326E-09 2.9378E-09 2.9411E-09 2.9448E-09 2.9462E-09 2.9468E-09 2.9463E-09 2.9453E-09 2.9428E-09 2.9393E-09 2.9353E-09 2.9298E-09 2.9232E-09 2.9155E-09 2.9069E-09 2.8971E-09 2.8863E-09 2.8744E-09 2.8615E-09 2.8475E-09 2.8324E-09 2.8163E-09 2.7991E-09 2.7808E-09 2.7615E-09 2.7412E-09 2.7199E-09 2.6971E-09 2.6733E-09 2.6486E-09 2.6233E-09 2.5967E-09 2.5693E-09 2.5410E-09 2.5119E-09 2.4825E-09 2.4517E-09 2.4205E-09 2.3889E-09 2.3567E-09 2.3243E-09 2.2911E-09 2.2576E-09 2.2236E-09 2.1897E-09
2.8439E-09 2.8613E-09 2.8759E-09 2.8903E-09 2.9035E-09 2.9154E-09 2.9275E-09 2.9378E-09 2.9478E-09 2.9564E-09 2.9648E-09 2.9721E-09 2.9777E-09 2.9834E-09 2.9876E-09 2.9909E-09 2.9932E-09 2.9947E-09 2.9950E-09 2.9944E-09 2.9928E-09 2.9896E-09 2.9855E-09 2.9807E-09 2.9744E-09 2.9670E-09 2.9582E-09 2.9487E-09 2.9377E-09 2.9252E-09 2.9116E-09 2.8978E-09 2.8829E-09 2.8668E-09 2.8497E-09 2.8316E-09 2.8123E-09 2.7920E-09 2.7706E-09 2.7481E-09 2.7247E-09 2.7002E-09 2.6743E-09 2.6475E-09 2.6202E-09 2.5916E-09 2.5622E-09 2.5320E-09 2.5015E-09 2.4699E-09 2.4376E-09 2.4045E-09 2.3708E-09 2.3373E-09 2.3032E-09 2.2686E-09 2.2337E-09
2.8844E-09 2.9003E-09 2.9160E-09 2.9305E-09 2.9443E-09 2.9573E-09 2.9695E-09 2.9804E-09 2.9915E-09 3.0007E-09 3.0091E-09 3.0166E-09 3.0231E-09 3.0293E-09 3.0336E-09 3.0379E-09 3.0403E-09 3.0427E-09 3.0430E-09 3.0424E-09 3.0411E-09 3.0384E-09 3.0351E-09 3.0302E-09 3.0247E-09 3.0177E-09 3.0100E-09 3.0008E-09 2.9904E-09 2.9790E-09 2.9664E-09 2.9523E-09 2.9371E-09 2.9207E-09 2.9033E-09 2.8847E-09 2.8651E-09 2.8443E-09 2.8225E-09 2.7995E-09 2.7760E-09 2.7514E-09 2.7258E-09 2.6992E-09 2.6716E-09 2.6428E-09 2.6130E-09 2.5825E-09 2.5516E-09 2.5195E-09 2.4868E-09 2.4539E-09 2.4200E-09 2.3855E-09 2.3506E-09 2.3157E-09 2.2800E-09
2.9233E-09 2.9394E-09 2.9563E-09 2.9704E-09 2.9858E-09 2.9984E-09 3.0118E-09 3.0233E-09 3.0350E-09 3.0443E-09 3.0536E-09 3.0618E-09 3.0689E-09 3.0752E-09 3.0800E-09 3.0849E-09 3.0877E-09 3.0901E-09 3.0909E-09 3.0912E-09 3.0899E-09 3.0881E-09 3.0847E-09 3.0807E-09 3.0751E-09 3.0685E-09 3.0606E-09 3.0517E-09 3.0416E-09 3.0304E-09 3.0181E-09 3.0046E-09 2.9900E-09 2.9742E-09 2.9573E-09 2.9388E-09 2.9192E-09 2.8984E-09 2.8770E-09 2.8540E-09 2.8300E-09 2.8048E-09 2.7786E-09 2.7514E-09 2.7236E-09 2.6944E-09 2.6648E-09 2.6339E-09 2.6026E-09 2.5702E-09 2.5370E-09 2.5036E-09 2.4691E-09 2.4341E-09 2.3986E-09 2.3630E-09 2.3267E-09
2.9623E-09 2.9790E-09 2.9961E-09 3.0119E-09 3.0270E-09 3.0407E-09 3.0541E-09 3.0663E-09 3.0781E-09 3.0886E-09 3.0981E-09 3.1068E-09 3.1150E-09 3.1218E-09 3.1281E-09 3.1325E-09 3.1368E-09 3.1391E-09 3.1414E-09 3.1416E-09 3.1408E-09 3.1399E-09 3.1369E-09 3.1329E-09 3.1273E-09 3.1205E-09 3.1118E-09 3.1032E-09 3.0934E-09 3.0825E-09 3.0704E-09 3.0571E-09 3.0427E-09 3.0271E-09 3.0103E-09 2.9924E-09 2.9733E-09 2.9530E-09 2.9312E-09 2.9086E-09 2.8845E-09 2.8592E-09 2.8329E-09 2.8059E-09 2.7775E-09 2.7480E-09 2.7177E-09 2.6864E-09 2.6547E-09 2.6218E-09 2.5882E-09 2.5538E-09 2.5193E-09 2.4837E-09 2.4476E-09 2.4110E-09 2.3744E-09
3.0003E-09 3.0188E-09 3.0359E-09 3.0525E-09 3.0677E-09 3.0832E-09 3.0963E-09 3.1096E-09 3.1215E-09 3.1331E-09 3.1433E-09 3.1531E-09 3.1614E-09 3.1687E-09 3.1751E-09 3.1805E-09 3.1850E-09 3.1883E-09 3.1907E-09 3.1914E-09 3.1916E-09 3.1902E-09 3.1881E-09 3.1845E-09 3.1802E-09 3.1742E-09 3.1676E-09 3.1593E-09 3.1499E-09 3.1388E-09 3.1265E-09 3.1130E-09 3.0984E-09 3.0825E-09 3.0655E-09 3.0472E-09 3.0278E-09 3.0071E-09 2.9857E-09 2.9632E-09 2.9395E-09 2.9146E-09 2.8881E-09 2.8605E-09 2.8319E-09 2.8027E-09 2.7721E-09 2.7405E-09 2.7080E-09 2.6751E-09 2.6410E-09 2.6061E-09 2.5706E-09 2.5349E-09 2.4986E-09 2.4618E-09 2.4242E-09
3.0394E-09 3.0587E-09 3.0760E-09 3.0938E-09 3.1091E-09 3.1254E-09 3.1396E-09 3.1531E-09 3.1662E-09 3.1779E-09 3.1893E-09 3.1986E-09 3.2087E-09 3.2161E-09 3.2232E-09 3.2298E-09 3.2348E-09 3.2394E-09 3.2411E-09 3.2417E-09 3.2418E-09 3.2414E-09 3.2394E-09 3.2367E-09 3.2324E-09 3.2269E-09 3.2202E-09 3.2123E-09 3.2032E-09 3.1928E-09 3.1813E-09 3.1685E-09 3.1546E-09 3.1389E-09 3.1220E-09 3.1043E-09 3.0850E-09 3.0644E-09 3.0426E-09 3.0196E-09 2.9954E-09 2.9700E-09 2.9439E-09 2.9161E-09 2.8873E-09 2.8579E-09 2.8270E-09 2.7951E-09 2.7623E-09 2.7290E-09 2.6944E-09 2.6591E-09 2.6235E-09 2.5868E-09 2.5495E-09 2.5116E-09 2.4737E-09
3.0781E-09 3.0981E-09 3.1161E-09 3.1341E-09 3.1512E-09 3.1664E-09 3.1826E-09 3.1961E-09 3.2106E-09 3.2231E-09 3.2351E-09 3.2457E-09 3.2559E-09 3.2640E-09 3.2729E-09 3.2790E-09 3.2853E-09 3.2893E-09 3.2930E-09 3.2953E-09 3.2968E-09 3.2969E-09 3.2954E-09 3.2934E-09 3.2895E-09 3.2844E-09 3.2775E-09 3.2700E-09 3.2606E-09 3.2499E-09 3.2380E-09 3.2248E-09 3.2097E-09 3.1947E-09 3.1785E-09 3.1610E-09 3.1423E-09 3.1218E-09 3.1001E-09 3.0771E-09 3.0534E-09 3.0279E-09 3.0012E-09 2.9734E-09 2.9444E-09 2.9147E-09 2.8835E-09 2.8508E-09 2.8177E-09 2.7840E-09 2.7490E-09 2.7132E-09 2.6767E-09 2.6399E-09 2.6019E-09 2.5634E-09 2.5249E-09
3.1174E-09 3.1368E-09 3.1569E-09 3.1749E-09 3.1929E-09 3.2094E-09 3.2266E-09 3.2408E-09 3.2561E-09 3.2686E-09 3.2813E-09 3.2927E-09 3.3043E-09 3.3138E-09 3.3227E-09 3.3302E-09 3.3352E-09 3.3405E-09 3.3447E-09 3.3479E-09 3.3492E-09 3.3494E-09 3.3491E-09 3.3469E-09 3.3443E-09 3.3397E-09 3.3339E-09 3.3268E-09 3.3184E-09 3.3088E-09 3.2972E-09 3.2843E-09 3.2709E-09 3.2554E-09 3.2387E-09 3.2207E-09 3.2013E-09 3.1807E-09 3.1588E-09 3.1356E-09 3.1114E-09 3.0859E-09 3.0597E-09 3.0317E-09 3.0026E-09 2.9722E-09 2.9413E-09 2.9088E-09 2.8752E-09 2.8407E-09 2.8052E-09 2.7690E-09 2.7319E-09 2.6946E-09 2.6561E-09 2.6170E-09 2.5773E-09
3.1562E-09 3.1769E-09 3.1965E-09 3.2160E-09 3.2349E-09 3.2529E-09 3.2702E-09 3.2851E-09 3.3013E-09 3.3152E-09 3.3295E-09 3.3420E-09 3.3538E-09 3.3644E-09 3.3734E-09 3.3815E-09 3.3884E-09 3.3946E-09 3.3994E-09 3.4033E-09 3.4060E-09 3.4076E-09 3.4078E-09 3.4062E-09 3.4033E-09 3.3985E-09 3.3924E-09 3.3851E-09 3.3765E-09 3.3658E-09 3.3545E-09 3.3427E-09 3.3296E-09 3.3151E-09 3.2986E-09 3.2807E-09 3.2623E-09 3.2418E-09 3.2200E-09 3.1968E-09 3.1723E-09 3.1473E-09 3.1202E-09 3.0914E-09 3.0614E-09 3.0309E-09 2.9997E-09 2.9669E-09 2.9331E-09 2.8982E-09 2.8628E-09 2.8261E-09 2.7885E-09 2.7506E-09 2.7115E-09 2.6722E-09 2.6319E-09
3.1949E-09 3.2175E-09 3.2378E-09 3.2581E-09 3.2772E-09 3.2953E-09 3.3141E-09 3.3320E-09 3.3491E-09 3.3642E-09 3.3805E-09 3.3926E-09 3.4075E-09 3.4176E-09 3.4298E-09 3.4382E-09 3.4466E-09 3.4524E-09 3.4572E-09 3.4632E-09 3.4652E-09 3.4674E-09 3.4656E-09 3.4653E-09 3.4625E-09 3.4584E-09 3.4536E-09 3.4469E-09 3.4379E-09 3.4283E-09 3.4175E-09 3.4052E-09 3.3917E-09 3.3767E-09 3.3604E-09 3.3435E-09 3.3245E-09 3.3034E-09 3.2816E-09 3.2585E-09 3.2341E-09 3.2083E-09 3.1820E-09 3.1535E-09 3.1238E-09 3.0923E-09 3.0609E-09 3.0271E-09 2.9921E-09 2.9569E-09 2.9211E-09 2.8839E-09 2.8459E-09 2.8075E-09 2.7678E-09 2.7273E-09 2.6863E-09
3.2340E-09 3.2567E-09 3.2786E-09 3.3008E-09 3.3215E-09 3.3422E-09 3.3617E-09 3.3812E-09 3.3990E-09 3.4152E-09 3.4315E-09 3.4460E-09 3.4608E-09 3.4733E-09 3.4854E-09 3.4953E-09 3.5055E-09 3.5123E-09 3.5195E-09 3.5227E-09 3.5275E-09 3.5304E-09 3.5323E-09 3.5313E-09 3.5285E-09 3.5248E-09 3.5194E-09 3.5122E-09 3.5035E-09 3.4935E-09 3.4827E-09 3.4705E-09 3.4570E-09 3.4413E-09 3.4247E-09 3.4068E-09 3.3874E-09 3.3679E-09 3.3463E-09 3.3232E-09 3.2980E-09 3.2722E-09 3.2450E-09 3.2157E-09 3.1858E-09 3.1554E-09 3.1230E-09 3.0894E-09 3.0546E-09 3.0190E-09 2.9820E-09 2.9436E-09 2.9050E-09 2.8656E-09 2.8253E-09 2.7843E-09 2.7426E-09
3.2731E-09 3.2990E-09 3.3226E-09 3.3446E-09 3.3689E-09 3.3888E-09 3.4120E-09 3.4303E-09 3.4505E-09 3.4676E-09 3.4852E-09 3.5003E-09 3.5155E-09 3.5293E-09 3.5422E-09 3.5534E-09 3.5622E-09 3.5711E-09 3.5784E-09 3.5853E-09 3.5896E-09 3.5923E-09 3.5933E-09 3.5930E-09 3.5914E-09 3.5884E-09 3.5836E-09 3.5774E-09 3.5698E-09 3.5609E-09 3.5500E-09 3.5376E-09 3.5243E-09 3.5096E-09 3.4929E-09 3.4747E-09 3.4550E-09 3.4343E-09 3.4125E-09 3.3889E-09 3.3640E-09 3.3376E-09 3.3111E-09 3.2817E-09 3.2509E-09 3.2195E-09 3.1861E-09 3.1522E-09 3.1179E-09 3.0816E-09 3.0442E-09 3.0058E-09 2.9672E-09 2.9269E-09 2.8853E-09 2.8441E-09 2.8018E-09
3.3165E-09 3.3424E-09 3.3677E-09 3.3920E-09 3.4166E-09 3.4390E-09 3.4609E-09 3.4823E-09 3.5025E-09 3.5212E-09 3.5406E-09 3.5562E-09 3.5731E-09 3.5856E-09 3.5996E-09 3.6108E-09 3.6229E-09 3.6324E-09 3.6399E-09 3.6458E-09 3.6500E-09 3.6530E-09 3.6547E-09 3.6550E-09 3.6540E-09 3.6517E-09 3.6475E-09 3.6420E-09 3.6350E-09 3.6274E-09 3.6174E-09 3.6060E-09 3.5926E-09 3.5782E-09 3.5624E-09 3.5445E-09 3.5247E-09 3.5038E-09 3.4830E-09 3.4584E-09 3.4323E-09 3.4061E-09 3.3777E-09 3.3489E-09 3.3182E-09 3.2868E-09 3.2531E-09 3.2181E-09 3.1819E-09 3.1460E-09 3.1074E-09 3.0686E-09 3.0287E-09 2.9886E-09 2.9469E-09 2.9043E-09 2.8617E-09
3.3596E-09 3.3877E-09 3.4139E-09 3.4407E-09 3.4650E-09 3.4894E-09 3.5128E-09 3.5355E-09 3.5572E-09 3.5769E-09 3.5957E-09 3.6132E-09 3.6296E-09 3.6441E-09 3.6596E-09 3.6727E-09 3.6829E-09 3.6925E-09 3.7000E-09 3.7063E-09 3.7113E-09 3.7150E-09 3.7174E-09 3.7184E-09 3.7177E-09 3.7155E-09 3.7119E-09 3.7078E-09 3.7018E-09 3.6938E-09 3.6849E-09 3.6739E-09 3.6615E-09 3.6475E-09 3.6315E-09 3.6143E-09 3.5957E-09 3.5750E-09 3.5528E-09 3.5296E-09 3.5043E-09 3.4773E-09 3.4489E-09 3.4183E-09 3.3874E-09 3.3558E-09 3.3215E-09 3.2864E-09 3.2500E-09 3.2138E-09 3.1755E-09 3.1361E-09 3.0957E-09 3.0534E-09 3.0111E-09 2.9679E-09 2.9239E-09
3.4058E-09 3.4361E-09 3.4626E-09 3.4910E-09 3.5156E-09 3.5423E-09 3.5667E-09 3.5918E-09 3.6124E-09 3.6322E-09 3.6525E-09 3.6704E-09 3.6893E-09 3.7051E-09 3.7195E-09 3.7319E-09 3.7431E-09 3.7526E-09 3.7610E-09 3.7681E-09 3.7739E-09 3.7783E-09 3.7810E-09 3.7819E-09 3.7827E-09 3.7817E-09 3.7792E-09 3.7748E-09 3.7693E-09 3.7619E-09 3.7534E-09 3.7429E-09 3.7309E-09 3.7177E-09 3.7026E-09 3.6859E-09 3.6675E-09 3.6475E-09 3.6249E-09 3.6018E-09 3.5766E-09 3.5502E-09 3.5213E-09 3.4915E-09 3.4605E-09 3.4273E-09 3.3927E-09 3.3561E-09 3.3193E-09 3.2821E-09 3.2428E-09 3.2023E-09 3.1613E-09 3.1201E-09 3.0771E-09 3.0331E-09 2.9884E-09
3.4544E-09 3.4844E-09 3.5147E-09 3.5423E-09 3.5711E-09 3.5986E-09 3.6250E-09 3.6509E-09 3.6756E-09 3.6979E-09 3.7187E-09 3.7377E-09 3.7540E-09 3.7700E-09 3.7819E-09 3.7960E-09 3.8073E-09 3.8173E-09 3.8260E-09 3.8335E-09 3.8392E-09 3.8427E-09 3.8462E-09 3.8487E-09 3.8498E-09 3.8494E-09 3.8471E-09 3.8433E-09 3.8385E-09 3.8320E-09 3.8232E-09 3.8136E-09 3.8020E-09 3.7888E-09 3.7749E-09 3.7581E-09 3.7396E-09 3.7203E-09 3.6989E-09 3.6760E-09 3.6502E-09 3.6239E-09 3.5955E-09 3.5655E-09 3.5349E-09 3.5012E-09 3.4660E-09 3.4305E-09 3.3935E-09 3.3552E-09 3.3148E-09 3.2733E-09 3.2320E-09 3.1893E-09 3.1451E-09 3.1005E-09 3.0550E-09
3.5039E-09 3.5359E-09 3.5669E-09 3.5985E-09 3.6276E-09 3.6553E-09 3.6851E-09 3.7100E-09 3.7357E-09 3.7573E-09 3.7790E-09 3.7983E-09 3.8169E-09 3.8344E-09 3.8497E-09 3.8630E-09 3.8751E-09 3.8859E-09 3.8964E-09 3.9038E-09 3.9098E-09 3.9145E-09 3.9187E-09 3.9205E-09 3.9205E-09 3.9199E-09 3.9178E-09 3.9146E-09 3.9094E-09 3.9031E-09 3.8952E-09 3.8862E-09 3.8755E-09 3.8623E-09 3.8478E-09 3.8317E-09 3.8144E-09 3.7945E-09 3.7737E-09 3.7504E-09 3.7259E-09 3.7002E-09 3.6728E-09 3.6428E-09 3.6111E-09 3.5787E-09 3.5444E-09 3.5080E-09 3.4706E-09 3.4315E-09 3.3908E-09 3.3489E-09 3.3058E-09 3.2627E-09 3.2172E-09 3.1707E-09 3.1246E-09
