Assets/Resources/2015_m01_d28_1200(utc+0800)_l00_csi_1hr_conc.grd
DSAA
         159         159
     -79.000      79.000
     -79.000      79.000
  0.0000E+00  0.6312E-05
[rows 0 to 24 of 159, columns 57 to 113 of 159]
2.2886E-09 2.5318E-09 2.7820E-09 3.0358E-09 3.2885E-09 3.5359E-09 3.7738E-09 3.9980E-09 4.2031E-09 4.3871E-09 4.5446E-09 4.6720E-09 4.7661E-09 4.8242E-09 4.8446E-09 4.8269E-09 4.7713E-09 4.6787E-09 4.5496E-09 4.3898E-09 4.2014E-09 3.9884E-09 3.7554E-09 3.5070E-09 3.2479E-09 2.9823E-09 2.7151E-09 2.4503E-09 2.1941E-09 1.9472E-09 1.7134E-09 1.4946E-09 1.2922E-09 1.1066E-09 9.3880E-10 7.9056E-10 6.6009E-10 5.4423E-10 4.4363E-10 3.5993E-10 2.8809E-10 2.2553E-10 1.7637E-10 1.3483E-10 9.3065E-11 5.6939E-11 2.7655E-11 6.8966E-12 1.4432E-12 0.0000E+00 0.0000E+00 0.0000E+00 0.0000E+00 0.0000E+00 0.0000E+00 0.0000E+00 0.0000E+00
2.4098E-09 2.6728E-09 2.9428E-09 3.2161E-09 3.4882E-09 3.7558E-09 4.0148E-09 4.2598E-09 4.4856E-09 4.6873E-09 4.8607E-09 5.0012E-09 5.1055E-09 5.1705E-09 5.1951E-09 5.1792E-09 5.1220E-09 5.0247E-09 4.8892E-09 4.7184E-09 4.5158E-09 4.2862E-09 4.0343E-09 3.7656E-09 3.4856E-09 3.1999E-09 2.9127E-09 2.6277E-09 2.3494E-09 2.0812E-09 1.8285E-09 1.5928E-09 1.3754E-09 1.1776E-09 9.9875E-10 8.3803E-10 6.9760E-10 5.7617E-10 4.6957E-10 3.7716E-10 3.0247E-10 2.3823E-10 1.8334E-10 1.4083E-10 9.7511E-11 5.8239E-11 2.9271E-11 6.7348E-12 1.6215E-12 0.0000E+00 0.0000E+00 0.0000E+00 0.0000E+00 0.0000E+00 0.0000E+00 0.0000E+00 0.0000E+00
2.5286E-09 2.8081E-09 3.0962E-09 3.3894E-09 3.6834E-09 3.9730E-09 4.2531E-09 4.5182E-09 4.7630E-09 4.9809E-09 5.1701E-09 5.3247E-09 5.4410E-09 5.5154E-09 5.5462E-09 5.5323E-09 5.4738E-09 5.3715E-09 5.2278E-09 5.0453E-09 4.8300E-09 4.5853E-09 4.3160E-09 4.0277E-09 3.7264E-09 3.4178E-09 3.1077E-09 2.8026E-09 2.5054E-09 2.2198E-09 1.9475E-09 1.6928E-09 1.4593E-09 1.2465E-09 1.0553E-09 8.8545E-10 7.3456E-10 6.0432E-10 4.9359E-10 3.9766E-10 3.1503E-10 2.4957E-10 1.9278E-10 1.4519E-10 1.0157E-10 5.9228E-11 2.8340E-11 6.8146E-12 1.6286E-12 0.0000E+00 0.0000E+00 0.0000E+00 0.0000E+00 0.0000E+00 0.0000E+00 0.0000E+00 0.0000E+00
2.6392E-09 2.9377E-09 3.2467E-09 3.5615E-09 3.8765E-09 4.1872E-09 4.4887E-09 4.7751E-09 5.0408E-09 5.2800E-09 5.4873E-09 5.6571E-09 5.7861E-09 5.8702E-09 5.9054E-09 5.8941E-09 5.8345E-09 5.7279E-09 5.5763E-09 5.3831E-09 5.1527E-09 4.8904E-09 4.6022E-09 4.2944E-09 3.9730E-09 3.6429E-09 3.3101E-09 2.9806E-09 2.6603E-09 2.3544E-09 2.0650E-09 1.7932E-09 1.5423E-09 1.3151E-09 1.1116E-09 9.3069E-10 7.7248E-10 6.3324E-10 5.1475E-10 4.1551E-10 3.2959E-10 2.5777E-10 2.0131E-10 1.5066E-10 1.0308E-10 6.1837E-11 2.6982E-11 6.5043E-12 1.8069E-12 0.0000E+00 0.0000E+00 0.0000E+00 0.0000E+00 0.0000E+00 0.0000E+00 0.0000E+00 0.0000E+00
2.7511E-09 3.0685E-09 3.3976E-09 3.7337E-09 4.0711E-09 4.4058E-09 4.7313E-09 5.0416E-09 5.3293E-09 5.5875E-09 5.8133E-09 5.9997E-09 6.1418E-09 6.2357E-09 6.2793E-09 6.2717E-09 6.2116E-09 6.1002E-09 5.9404E-09 5.7348E-09 5.4899E-09 5.2100E-09 4.9014E-09 4.5707E-09 4.2249E-09 3.8718E-09 3.5171E-09 3.1653E-09 2.8213E-09 2.4913E-09 2.1806E-09 1.8924E-09 1.6261E-09 1.3832E-09 1.1663E-09 9.7383E-10 8.0593E-10 6.6148E-10 5.3558E-10 4.3058E-10 3.4334E-10 2.6781E-10 2.0712E-10 1.5729E-10 1.0342E-10 6.0426E-11 2.7271E-11 6.4521E-12 1.9914E-12 0.0000E+00 0.0000E+00 0.0000E+00 0.0000E+00 0.0000E+00 0.0000E+00 0.0000E+00 0.0000E+00
2.8503E-09 3.1873E-09 3.5364E-09 3.8943E-09 4.2539E-09 4.6118E-09 4.9604E-09 5.2929E-09 5.6030E-09 5.8838E-09 6.1283E-09 6.3313E-09 6.4877E-09 6.5928E-09 6.6437E-09 6.6372E-09 6.5765E-09 6.4609E-09 6.2931E-09 6.0781E-09 5.8190E-09 5.5224E-09 5.1948E-09 4.8430E-09 4.4743E-09 4.0968E-09 3.7167E-09 3.3428E-09 2.9793E-09 2.6292E-09 2.2968E-09 1.9876E-09 1.7057E-09 1.4494E-09 1.2182E-09 1.0169E-09 8.3897E-10 6.8631E-10 5.5669E-10 4.4484E-10 3.5329E-10 2.7798E-10 2.1254E-10 1.6142E-10 1.0588E-10 5.9016E-11 2.6327E-11 6.2502E-12 2.1790E-12 0.0000E+00 0.0000E+00 0.0000E+00 0.0000E+00 0.0000E+00 0.0000E+00 0.0000E+00 0.0000E+00
2.9430E-09 3.2972E-09 3.6680E-09 4.0485E-09 4.4329E-09 4.8149E-09 5.1881E-09 5.5454E-09 5.8788E-09 6.1822E-09 6.4467E-09 6.6682E-09 6.8395E-09 6.9562E-09 7.0150E-09 7.0156E-09 6.9548E-09 6.8350E-09 6.6588E-09 6.4302E-09 6.1542E-09 5.8383E-09 5.4903E-09 5.1168E-09 4.7259E-09 4.3248E-09 3.9204E-09 3.5202E-09 3.1314E-09 2.7612E-09 2.4126E-09 2.0854E-09 1.7835E-09 1.5127E-09 1.2689E-09 1.0556E-09 8.7069E-10 7.0941E-10 5.7376E-10 4.5967E-10 3.6249E-10 2.8479E-10 2.1997E-10 1.6287E-10 1.0542E-10 5.7560E-11 2.5075E-11 6.2272E-12 2.3672E-12 0.0000E+00 0.0000E+00 0.0000E+00 0.0000E+00 0.0000E+00 0.0000E+00 0.0000E+00 0.0000E+00
3.0305E-09 3.4077E-09 3.8003E-09 4.2035E-09 4.6104E-09 5.0183E-09 5.4180E-09 5.8019E-09 6.1614E-09 6.4887E-09 6.7758E-09 7.0167E-09 7.2042E-09 7.3335E-09 7.4009E-09 7.4029E-09 7.3419E-09 7.2176E-09 7.0337E-09 6.7939E-09 6.5025E-09 6.1672E-09 5.7959E-09 5.3971E-09 4.9795E-09 4.5531E-09 4.1256E-09 3.7020E-09 3.2885E-09 2.8923E-09 2.5208E-09 2.1776E-09 1.8606E-09 1.5726E-09 1.3164E-09 1.0928E-09 8.9883E-10 7.3280E-10 5.8925E-10 4.7151E-10 3.7260E-10 2.8991E-10 2.2531E-10 1.6519E-10 1.0519E-10 5.7281E-11 2.4267E-11 6.0740E-12 2.5531E-12 0.0000E+00 0.0000E+00 0.0000E+00 0.0000E+00 0.0000E+00 0.0000E+00 0.0000E+00 0.0000E+00
3.1078E-09 3.5023E-09 3.9151E-09 4.3418E-09 4.7760E-09 5.2102E-09 5.6364E-09 6.0451E-09 6.4296E-09 6.7810E-09 7.0904E-09 7.3501E-09 7.5541E-09 7.6961E-09 7.7728E-09 7.7822E-09 7.7212E-09 7.5922E-09 7.3982E-09 7.1438E-09 6.8356E-09 6.4814E-09 6.0912E-09 5.6698E-09 5.2275E-09 4.7744E-09 4.3191E-09 3.8715E-09 3.4387E-09 3.0223E-09 2.6281E-09 2.2643E-09 1.9332E-09 1.6309E-09 1.3603E-09 1.1273E-09 9.2458E-10 7.5208E-10 6.0523E-10 4.8088E-10 3.8069E-10 2.9607E-10 2.2839E-10 1.6589E-10 1.0384E-10 5.4825E-11 2.2937E-11 6.1510E-12 2.7337E-12 0.0000E+00 0.0000E+00 0.0000E+00 0.0000E+00 0.0000E+00 0.0000E+00 0.0000E+00 0.0000E+00
3.1747E-09 3.5903E-09 4.0280E-09 4.4804E-09 4.9389E-09 5.4002E-09 5.8540E-09 6.2922E-09 6.7050E-09 7.0830E-09 7.4171E-09 7.6994E-09 7.9215E-09 8.0777E-09 8.1632E-09 8.1754E-09 8.1128E-09 7.9783E-09 7.7775E-09 7.5095E-09 7.1836E-09 6.8078E-09 6.3913E-09 5.9442E-09 5.4769E-09 4.9991E-09 4.5187E-09 4.0421E-09 3.5804E-09 3.1433E-09 2.7339E-09 2.3500E-09 1.9994E-09 1.6846E-09 1.4021E-09 1.1574E-09 9.4935E-10 7.6855E-10 6.1882E-10 4.9086E-10 3.8623E-10 3.0200E-10 2.3090E-10 1.6624E-10 1.0255E-10 5.3039E-11 2.2714E-11 6.3790E-12 2.9061E-12 0.0000E+00 0.0000E+00 0.0000E+00 0.0000E+00 0.0000E+00 0.0000E+00 0.0000E+00 0.0000E+00
3.2365E-09 3.6745E-09 4.1338E-09 4.6103E-09 5.0971E-09 5.5874E-09 6.0713E-09 6.5378E-09 6.9786E-09 7.3837E-09 7.7429E-09 8.0460E-09 8.2863E-09 8.4563E-09 8.5534E-09 8.5713E-09 8.5094E-09 8.3696E-09 8.1554E-09 7.8721E-09 7.5272E-09 7.1299E-09 6.6906E-09 6.2171E-09 5.7218E-09 5.2159E-09 4.7090E-09 4.2092E-09 3.7237E-09 3.2601E-09 2.8275E-09 2.4302E-09 2.0642E-09 1.7331E-09 1.4411E-09 1.1850E-09 9.6968E-10 7.8512E-10 6.2870E-10 5.0053E-10 3.9124E-10 3.0545E-10 2.3281E-10 1.6446E-10 9.9690E-11 5.1501E-11 2.1716E-11 6.7828E-12 3.0670E-12 0.0000E+00 0.0000E+00 0.0000E+00 0.0000E+00 0.0000E+00 0.0000E+00 0.0000E+00 0.0000E+00
3.2921E-09 3.7480E-09 4.2297E-09 4.7305E-09 5.2445E-09 5.7631E-09 6.2762E-09 6.7737E-09 7.2455E-09 7.6795E-09 8.0652E-09 8.3924E-09 8.6522E-09 8.8371E-09 8.9416E-09 8.9624E-09 8.8983E-09 8.7526E-09 8.5305E-09 8.2320E-09 7.8677E-09 7.4473E-09 6.9816E-09 6.4826E-09 5.9588E-09 5.4251E-09 4.8900E-09 4.3667E-09 3.8592E-09 3.3749E-09 2.9194E-09 2.5022E-09 2.1225E-09 1.7779E-09 1.4728E-09 1.2109E-09 9.8638E-10 7.9910E-10 6.3813E-10 5.0671E-10 3.9723E-10 3.0739E-10 2.3510E-10 1.6155E-10 9.7305E-11 4.9649E-11 2.0499E-11 7.1590E-12 3.2136E-12 0.0000E+00 0.0000E+00 0.0000E+00 0.0000E+00 0.0000E+00 0.0000E+00 0.0000E+00 0.0000E+00
3.3365E-09 3.8140E-09 4.3225E-09 4.8529E-09 5.3976E-09 5.9488E-09 6.4963E-09 7.0265E-09 7.5312E-09 7.9963E-09 8.4100E-09 8.7614E-09 9.0406E-09 9.2406E-09 9.3575E-09 9.3841E-09 9.3195E-09 9.1657E-09 8.9270E-09 8.6098E-09 8.2229E-09 7.7810E-09 7.2880E-09 6.7583E-09 6.2053E-09 5.6414E-09 5.0751E-09 4.5175E-09 3.9832E-09 3.4798E-09 3.0083E-09 2.5700E-09 2.1728E-09 1.8190E-09 1.5019E-09 1.2305E-09 1.0028E-09 8.0820E-10 6.4724E-10 5.1014E-10 4.0176E-10 3.0979E-10 2.3487E-10 1.5761E-10 9.4358E-11 4.7999E-11 2.0250E-11 7.5004E-12 3.3429E-12 0.0000E+00 0.0000E+00 0.0000E+00 0.0000E+00 0.0000E+00 0.0000E+00 0.0000E+00 0.0000E+00
3.3790E-09 3.8791E-09 4.4100E-09 4.9646E-09 5.5398E-09 6.1233E-09 6.7040E-09 7.2687E-09 7.8054E-09 8.3016E-09 8.7453E-09 9.1234E-09 9.4252E-09 9.6419E-09 9.7668E-09 9.7960E-09 9.7283E-09 9.5681E-09 9.3185E-09 8.9834E-09 8.5749E-09 8.1023E-09 7.5791E-09 7.0199E-09 6.4372E-09 5.8434E-09 5.2506E-09 4.6697E-09 4.1084E-09 3.5753E-09 3.0838E-09 2.6331E-09 2.2195E-09 1.8503E-09 1.5278E-09 1.2443E-09 1.0148E-09 8.1640E-10 6.5269E-10 5.1445E-10 4.0257E-10 3.1119E-10 2.3058E-10 1.5347E-10 9.1206E-11 4.5800E-11 1.9814E-11 7.8002E-12 3.4523E-12 0.0000E+00 0.0000E+00 0.0000E+00 0.0000E+00 0.0000E+00 0.0000E+00 0.0000E+00 0.0000E+00
3.4151E-09 3.9340E-09 4.4898E-09 5.0754E-09 5.6819E-09 6.2976E-09 6.9114E-09 7.5123E-09 8.0866E-09 8.6183E-09 9.0931E-09 9.4981E-09 9.8214E-09 1.0054E-08 1.0191E-08 1.0224E-08 1.0154E-08 9.9829E-09 9.7162E-09 9.3604E-09 8.9265E-09 8.4312E-09 7.8810E-09 7.2884E-09 6.6712E-09 6.0443E-09 5.4203E-09 4.8105E-09 4.2254E-09 3.6710E-09 3.1538E-09 2.6834E-09 2.2602E-09 1.8781E-09 1.5466E-09 1.2585E-09 1.0202E-09 8.2252E-10 6.5321E-10 5.1772E-10 4.0229E-10 3.1181E-10 2.2693E-10 1.4874E-10 8.7991E-11 4.4722E-11 1.8958E-11 8.1123E-12 3.6572E-12 0.0000E+00 0.0000E+00 0.0000E+00 0.0000E+00 0.0000E+00 0.0000E+00 0.0000E+00 0.0000E+00
3.4451E-09 3.9869E-09 4.5701E-09 5.1850E-09 5.8242E-09 6.4779E-09 7.1334E-09 7.7749E-09 8.3872E-09 8.9540E-09 9.4609E-09 9.8945E-09 1.0242E-08 1.0493E-08 1.0639E-08 1.0676E-08 1.0602E-08 1.0422E-08 1.0140E-08 9.7613E-09 9.3009E-09 8.7702E-09 8.1829E-09 7.5564E-09 6.9095E-09 6.2500E-09 5.5903E-09 4.9473E-09 4.3324E-09 3.7572E-09 3.2225E-09 2.7311E-09 2.2895E-09 1.9005E-09 1.5571E-09 1.2650E-09 1.0241E-09 8.2394E-10 6.5457E-10 5.1559E-10 4.0056E-10 3.0607E-10 2.1974E-10 1.4357E-10 8.4532E-11 4.3204E-11 1.8960E-11 8.0486E-12 3.4925E-12 0.0000E+00 0.0000E+00 0.0000E+00 0.0000E+00 0.0000E+00 0.0000E+00 0.0000E+00 0.0000E+00
3.4719E-09 4.0377E-09 4.6466E-09 5.2921E-09 5.9677E-09 6.6597E-09 7.3528E-09 8.0321E-09 8.6828E-09 9.2883E-09 9.8322E-09 1.0298E-08 1.0671E-08 1.0941E-08 1.1099E-08 1.1139E-08 1.1062E-08 1.0869E-08 1.0567E-08 1.0165E-08 9.6746E-09 9.1124E-09 8.4911E-09 7.8290E-09 7.1388E-09 6.4408E-09 5.7527E-09 5.0810E-09 4.4366E-09 3.8319E-09 3.2771E-09 2.7721E-09 2.3140E-09 1.9149E-09 1.5670E-09 1.2644E-09 1.0240E-09 8.1867E-10 6.5247E-10 5.1146E-10 3.9964E-10 3.0033E-10 2.1375E-10 1.3742E-10 8.1117E-11 4.0045E-11 1.8262E-11 8.0017E-12 3.3037E-12 0.0000E+00 0.0000E+00 0.0000E+00 0.0000E+00 0.0000E+00 0.0000E+00 0.0000E+00 0.0000E+00
3.4983E-09 4.0850E-09 4.7202E-09 5.4002E-09 6.1115E-09 6.8403E-09 7.5735E-09 8.2976E-09 8.9932E-09 9.6406E-09 1.0221E-08 1.0719E-08 1.1118E-08 1.1405E-08 1.1574E-08 1.1618E-08 1.1536E-08 1.1334E-08 1.1012E-08 1.0583E-08 1.0063E-08 9.4643E-09 8.8036E-09 8.0990E-09 7.3734E-09 6.6387E-09 5.9092E-09 5.2036E-09 4.5353E-09 3.9071E-09 3.3262E-09 2.8017E-09 2.3332E-09 1.9197E-09 1.5651E-09 1.2606E-09 1.0177E-09 8.1426E-10 6.4657E-10 5.0382E-10 3.9126E-10 2.9033E-10 2.0594E-10 1.3111E-10 7.8374E-11 3.9700E-11 1.7704E-11 7.5705E-12 3.0935E-12 0.0000E+00 0.0000E+00 0.0000E+00 0.0000E+00 0.0000E+00 0.0000E+00 0.0000E+00 0.0000E+00
3.5200E-09 4.1294E-09 4.7960E-09 5.5086E-09 6.2551E-09 7.0267E-09 7.8080E-09 8.5784E-09 9.3182E-09 1.0007E-08 1.0626E-08 1.1157E-08 1.1584E-08 1.1896E-08 1.2079E-08 1.2128E-08 1.2041E-08 1.1823E-08 1.1479E-08 1.1022E-08 1.0467E-08 9.8283E-09 9.1268E-09 8.3802E-09 7.6092E-09 6.8304E-09 6.0639E-09 5.3237E-09 4.6203E-09 3.9677E-09 3.3707E-09 2.8245E-09 2.3440E-09 1.9219E-09 1.5589E-09 1.2509E-09 1.0032E-09 8.0375E-10 6.3380E-10 4.9719E-10 3.8019E-10 2.8033E-10 1.9822E-10 1.2398E-10 7.2644E-11 3.6173E-11 1.7035E-11 7.0874E-12 2.8654E-12 0.0000E+00 0.0000E+00 0.0000E+00 0.0000E+00 0.0000E+00 0.0000E+00 0.0000E+00 0.0000E+00
3.5386E-09 4.1749E-09 4.8700E-09 5.6140E-09 6.4024E-09 7.2183E-09 8.0438E-09 8.8583E-09 9.6440E-09 1.0381E-08 1.1044E-08 1.1617E-08 1.2079E-08 1.2414E-08 1.2610E-08 1.2665E-08 1.2575E-08 1.2345E-08 1.1979E-08 1.1491E-08 1.0896E-08 1.0215E-08 9.4670E-09 8.6699E-09 7.8521E-09 7.0287E-09 6.2190E-09 5.4388E-09 4.7017E-09 4.0210E-09 3.4026E-09 2.8422E-09 2.3442E-09 1.9132E-09 1.5433E-09 1.2348E-09 9.8849E-10 7.8868E-10 6.1975E-10 4.8217E-10 3.6464E-10 2.6846E-10 1.8823E-10 1.1773E-10 6.9819E-11 3.3425E-11 1.5943E-11 6.5609E-12 2.6234E-12 0.0000E+00 0.0000E+00 0.0000E+00 0.0000E+00 0.0000E+00 0.0000E+00 0.0000E+00 0.0000E+00
3.5580E-09 4.2178E-09 4.9395E-09 5.7220E-09 6.5506E-09 7.4077E-09 8.2778E-09 9.1441E-09 9.9832E-09 1.0768E-08 1.1479E-08 1.2091E-08 1.2582E-08 1.2941E-08 1.3156E-08 1.3217E-08 1.3122E-08 1.2875E-08 1.2485E-08 1.1966E-08 1.1334E-08 1.0607E-08 9.8081E-09 8.9656E-09 8.0955E-09 7.2207E-09 6.3653E-09 5.5483E-09 4.7797E-09 4.0690E-09 3.4234E-09 2.8489E-09 2.3404E-09 1.8999E-09 1.5251E-09 1.2090E-09 9.6778E-10 7.6462E-10 6.0194E-10 4.6325E-10 3.4869E-10 2.5711E-10 1.7604E-10 1.0877E-10 6.3175E-11 3.1190E-11 1.4747E-11 6.0007E-12 2.3724E-12 0.0000E+00 0.0000E+00 0.0000E+00 0.0000E+00 0.0000E+00 0.0000E+00 0.0000E+00 0.0000E+00
3.5738E-09 4.2541E-09 5.0091E-09 5.8267E-09 6.6912E-09 7.5935E-09 8.5178E-09 9.4350E-09 1.0326E-08 1.1161E-08 1.1918E-08 1.2568E-08 1.3102E-08 1.3493E-08 1.3726E-08 1.3793E-08 1.3697E-08 1.3437E-08 1.3023E-08 1.2467E-08 1.1789E-08 1.1013E-08 1.0162E-08 9.2618E-09 8.3371E-09 7.4151E-09 6.5141E-09 5.6512E-09 4.8459E-09 4.1082E-09 3.4435E-09 2.8460E-09 2.3241E-09 1.8772E-09 1.4989E-09 1.1805E-09 9.4012E-10 7.4163E-10 5.7683E-10 4.4019E-10 3.3079E-10 2.4173E-10 1.6519E-10 1.0102E-10 5.6900E-11 2.8851E-11 1.3473E-11 5.4180E-12 2.1171E-12 0.0000E+00 0.0000E+00 0.0000E+00 0.0000E+00 0.0000E+00 0.0000E+00 0.0000E+00 0.0000E+00
3.5815E-09 4.2890E-09 5.0724E-09 5.9205E-09 6.8285E-09 7.7795E-09 8.7535E-09 9.7233E-09 1.0667E-08 1.1559E-08 1.2372E-08 1.3081E-08 1.3655E-08 1.4078E-08 1.4335E-08 1.4418E-08 1.4321E-08 1.4047E-08 1.3607E-08 1.3015E-08 1.2294E-08 1.1464E-08 1.0552E-08 9.5886E-09 8.6058E-09 7.6213E-09 6.6647E-09 5.7554E-09 4.9100E-09 4.1373E-09 3.4495E-09 2.8402E-09 2.3036E-09 1.8472E-09 1.4649E-09 1.1495E-09 9.0332E-10 7.1170E-10 5.4855E-10 4.1617E-10 3.1278E-10 2.2526E-10 1.5087E-10 9.0232E-11 5.2123E-11 2.6347E-11 1.2145E-11 4.8248E-12 1.1412E-12 0.0000E+00 0.0000E+00 0.0000E+00 0.0000E+00 0.0000E+00 0.0000E+00 0.0000E+00 0.0000E+00
3.5866E-09 4.3155E-09 5.1223E-09 6.0079E-09 6.9589E-09 7.9563E-09 8.9789E-09 1.0005E-08 1.1011E-08 1.1966E-08 1.2836E-08 1.3590E-08 1.4206E-08 1.4669E-08 1.4953E-08 1.5048E-08 1.4952E-08 1.4666E-08 1.4202E-08 1.3574E-08 1.2802E-08 1.1914E-08 1.0945E-08 9.9204E-09 8.8695E-09 7.8248E-09 6.8142E-09 5.8567E-09 4.9701E-09 4.1650E-09 3.4475E-09 2.8206E-09 2.2749E-09 1.8109E-09 1.4237E-09 1.1097E-09 8.6631E-10 6.7637E-10 5.1725E-10 3.9022E-10 2.9167E-10 2.0874E-10 1.3749E-10 7.9318E-11 4.6756E-11 2.3730E-11 1.0792E-11 4.2335E-12 0.0000E+00 0.0000E+00 0.0000E+00 0.0000E+00 0.0000E+00 0.0000E+00 0.0000E+00 0.0000E+00 0.0000E+00
3.5840E-09 4.3276E-09 5.1633E-09 6.0853E-09 7.0739E-09 8.1163E-09 9.1930E-09 1.0284E-08 1.1351E-08 1.2361E-08 1.3290E-08 1.4106E-08 1.4781E-08 1.5284E-08 1.5597E-08 1.5714E-08 1.5624E-08 1.5328E-08 1.4837E-08 1.4168E-08 1.3346E-08 1.2403E-08 1.1363E-08 1.0266E-08 9.1467E-09 8.0394E-09 6.9661E-09 5.9541E-09 5.0226E-09 4.1849E-09 3.4442E-09 2.7974E-09 2.2352E-09 1.7683E-09 1.3790E-09 1.0626E-09 8.2650E-10 6.3687E-10 4.8456E-10 3.6571E-10 2.7094E-10 1.8898E-10 1.2132E-10 7.1053E-11 4.1579E-11 2.1059E-11 9.4436E-12 0.0000E+00 0.0000E+00 0.0000E+00 0.0000E+00 0.0000E+00 0.0000E+00 0.0000E+00 0.0000E+00 0.0000E+00 0.0000E+00
