Assets/Resources/2015_m01_d08_2000(utc+0800)_l00_csi_1hr_conc.grd
DSAA
         159         159
     -79.000      79.000
     -79.000      79.000
  0.2909E-09  0.3129E-04
[rows 25 to 49 of 159, columns 0 to 56 of 159]
9.8793E-10 1.0098E-09 1.0320E-09 1.0561E-09 1.0789E-09 1.1020E-09 1.1254E-09 1.1491E-09 1.1730E-09 1.1971E-09 1.2216E-09 1.2540E-09 1.2815E-09 1.3094E-09 1.3377E-09 1.3664E-09 1.3936E-09 1.4230E-09 1.4624E-09 1.4916E-09 1.5236E-09 1.5580E-09 1.5887E-09 1.6272E-09 1.6697E-09 1.7208E-09 1.7696E-09 1.8060E-09 1.8430E-09 1.8805E-09 1.9186E-09 1.9572E-09 1.9965E-09 2.0363E-09 2.0767E-09 2.1177E-09 2.1592E-09 2.2013E-09 2.2440E-09 2.2872E-09 2.3310E-09 2.3753E-09 2.4202E-09 2.4655E-09 2.5114E-09 2.5612E-09 2.6149E-09 2.6631E-09 2.7148E-09 2.7949E-09 2.8492E-09 2.9019E-09 2.9706E-09 3.0250E-09 3.0817E-09 3.1365E-09 3.2001E-09
9.9338E-10 1.0154E-09 1.0393E-09 1.0620E-09 1.0850E-09 1.1083E-09 1.1318E-09 1.1557E-09 1.1797E-09 1.2041E-09 1.2363E-09 1.2636E-09 1.2914E-09 1.3196E-09 1.3482E-09 1.3754E-09 1.4048E-09 1.4415E-09 1.4730E-09 1.5050E-09 1.5350E-09 1.5701E-09 1.6085E-09 1.6442E-09 1.6985E-09 1.7437E-09 1.7868E-09 1.8239E-09 1.8615E-09 1.8998E-09 1.9386E-09 1.9781E-09 2.0181E-09 2.0588E-09 2.1001E-09 2.1420E-09 2.1845E-09 2.2276E-09 2.2713E-09 2.3156E-09 2.3604E-09 2.4059E-09 2.4519E-09 2.5018E-09 2.5560E-09 2.6045E-09 2.6759E-09 2.7411E-09 2.7947E-09 2.8488E-09 2.9034E-09 2.9769E-09 3.0336E-09 3.0906E-09 3.1612E-09 3.2215E-09 3.2799E-09
9.9865E-10 1.0208E-09 1.0450E-09 1.0678E-09 1.0910E-09 1.1144E-09 1.1381E-09 1.1620E-09 1.1863E-09 1.2108E-09 1.2455E-09 1.2730E-09 1.3012E-09 1.3279E-09 1.3568E-09 1.3861E-09 1.4226E-09 1.4540E-09 1.4859E-09 1.5159E-09 1.5509E-09 1.5893E-09 1.6249E-09 1.6719E-09 1.7169E-09 1.7668E-09 1.8039E-09 1.8417E-09 1.8801E-09 1.9191E-09 1.9587E-09 1.9990E-09 2.0399E-09 2.0814E-09 2.1236E-09 2.1665E-09 2.2099E-09 2.2540E-09 2.2988E-09 2.3441E-09 2.3901E-09 2.4400E-09 2.4942E-09 2.5430E-09 2.6149E-09 2.6810E-09 2.7356E-09 2.7909E-09 2.8490E-09 2.9057E-09 2.9798E-09 3.0438E-09 3.1140E-09 3.1750E-09 3.2362E-09 3.3062E-09 3.3702E-09
1.0038E-09 1.0277E-09 1.0504E-09 1.0734E-09 1.0967E-09 1.1203E-09 1.1441E-09 1.1682E-09 1.1926E-09 1.2251E-09 1.2527E-09 1.2824E-09 1.3090E-09 1.3378E-09 1.3651E-09 1.3948E-09 1.4345E-09 1.4639E-09 1.4963E-09 1.5312E-09 1.5622E-09 1.6014E-09 1.6486E-09 1.6964E-09 1.7460E-09 1.7832E-09 1.8210E-09 1.8595E-09 1.8986E-09 1.9384E-09 1.9788E-09 2.0199E-09 2.0617E-09 2.1041E-09 2.1473E-09 2.1911E-09 2.2355E-09 2.2806E-09 2.3264E-09 2.3761E-09 2.4236E-09 2.4789E-09 2.5505E-09 2.6169E-09 2.6722E-09 2.7284E-09 2.7876E-09 2.8457E-09 2.9251E-09 2.9885E-09 3.0506E-09 3.1219E-09 3.1868E-09 3.2605E-09 3.3257E-09 3.3910E-09 3.4583E-09
1.0087E-09 1.0328E-09 1.0556E-09 1.0788E-09 1.1022E-09 1.1260E-09 1.1500E-09 1.1742E-09 1.2064E-09 1.2338E-09 1.2614E-09 1.2898E-09 1.3184E-09 1.3457E-09 1.3752E-09 1.4122E-09 1.4440E-09 1.4762E-09 1.5090E-09 1.5420E-09 1.5810E-09 1.6209E-09 1.6721E-09 1.7179E-09 1.7617E-09 1.7996E-09 1.8381E-09 1.8772E-09 1.9171E-09 1.9577E-09 1.9989E-09 2.0409E-09 2.0835E-09 2.1269E-09 2.1710E-09 2.2157E-09 2.2612E-09 2.3074E-09 2.3577E-09 2.4126E-09 2.4652E-09 2.5491E-09 2.6048E-09 2.6616E-09 2.7216E-09 2.7806E-09 2.8454E-09 2.9252E-09 2.9892E-09 3.0540E-09 3.1303E-09 3.1974E-09 3.2737E-09 3.3494E-09 3.4189E-09 3.4921E-09 3.5638E-09
1.0134E-09 1.0377E-09 1.0607E-09 1.0840E-09 1.1076E-09 1.1314E-09 1.1556E-09 1.1800E-09 1.2127E-09 1.2403E-09 1.2702E-09 1.2969E-09 1.3259E-09 1.3553E-09 1.3919E-09 1.4236E-09 1.4557E-09 1.4859E-09 1.5212E-09 1.5600E-09 1.5961E-09 1.6436E-09 1.6890E-09 1.7395E-09 1.7773E-09 1.8158E-09 1.8551E-09 1.8950E-09 1.9356E-09 1.9770E-09 2.0191E-09 2.0619E-09 2.1054E-09 2.1497E-09 2.1947E-09 2.2405E-09 2.2870E-09 2.3379E-09 2.3936E-09 2.4661E-09 2.5339E-09 2.5909E-09 2.6512E-09 2.7108E-09 2.7763E-09 2.8411E-09 2.9215E-09 2.9880E-09 3.0659E-09 3.1353E-09 3.2055E-09 3.2931E-09 3.3660E-09 3.4449E-09 3.5190E-09 3.5931E-09 3.6691E-09
1.0196E-09 1.0424E-09 1.0656E-09 1.0890E-09 1.1127E-09 1.1367E-09 1.1610E-09 1.1933E-09 1.2208E-09 1.2485E-09 1.2770E-09 1.3058E-09 1.3332E-09 1.3629E-09 1.4027E-09 1.4323E-09 1.4648E-09 1.4979E-09 1.5385E-09 1.5745E-09 1.6149E-09 1.6634E-09 1.7132E-09 1.7544E-09 1.7929E-09 1.8321E-09 1.8720E-09 1.9127E-09 1.9541E-09 1.9962E-09 2.0392E-09 2.0829E-09 2.1273E-09 2.1726E-09 2.2186E-09 2.2687E-09 2.3234E-09 2.3763E-09 2.4602E-09 2.5169E-09 2.5751E-09 2.6369E-09 2.6981E-09 2.7679E-09 2.8327E-09 2.9157E-09 2.9868E-09 3.0658E-09 3.1452E-09 3.2282E-09 3.3043E-09 3.3832E-09 3.4647E-09 3.5432E-09 3.6241E-09 3.7067E-09 3.7916E-09
1.0240E-09 1.0470E-09 1.0703E-09 1.0938E-09 1.1177E-09 1.1418E-09 1.1662E-09 1.2009E-09 1.2268E-09 1.2567E-09 1.2835E-09 1.3126E-09 1.3421E-09 1.3791E-09 1.4110E-09 1.4433E-09 1.4763E-09 1.5094E-09 1.5487E-09 1.5890E-09 1.6334E-09 1.6865E-09 1.7308E-09 1.7692E-09 1.8083E-09 1.8482E-09 1.8889E-09 1.9303E-09 1.9725E-09 2.0155E-09 2.0593E-09 2.1039E-09 2.1493E-09 2.1955E-09 2.2459E-09 2.3011E-09 2.3545E-09 2.4403E-09 2.4980E-09 2.5595E-09 2.6206E-09 2.6900E-09 2.7552E-09 2.8221E-09 2.9096E-09 2.9814E-09 3.0654E-09 3.1467E-09 3.2335E-09 3.3155E-09 3.4003E-09 3.4848E-09 3.5683E-09 3.6580E-09 3.7467E-09 3.8319E-09 3.9168E-09
1.0283E-09 1.0514E-09 1.0747E-09 1.0984E-09 1.1224E-09 1.1467E-09 1.1790E-09 1.2065E-09 1.2344E-09 1.2628E-09 1.2917E-09 1.3192E-09 1.3576E-09 1.3893E-09 1.4214E-09 1.4518E-09 1.4852E-09 1.5262E-09 1.5625E-09 1.6071E-09 1.6526E-09 1.7065E-09 1.7448E-09 1.7838E-09 1.8237E-09 1.8643E-09 1.9057E-09 1.9479E-09 1.9909E-09 2.0347E-09 2.0793E-09 2.1248E-09 2.1712E-09 2.2218E-09 2.2775E-09 2.3451E-09 2.4186E-09 2.4772E-09 2.5397E-09 2.6021E-09 2.6733E-09 2.7402E-09 2.8111E-09 2.8990E-09 2.9733E-09 3.0657E-09 3.1455E-09 3.2382E-09 3.3224E-09 3.4136E-09 3.5011E-09 3.5956E-09 3.6894E-09 3.7804E-09 3.8717E-09 3.9667E-09 4.0579E-09
1.0323E-09 1.0555E-09 1.0790E-09 1.1028E-09 1.1269E-09 1.1513E-09 1.1861E-09 1.2119E-09 1.2419E-09 1.2706E-09 1.2979E-09 1.3275E-09 1.3672E-09 1.3968E-09 1.4294E-09 1.4625E-09 1.5031E-09 1.5393E-09 1.5799E-09 1.6284E-09 1.6750E-09 1.7197E-09 1.7587E-09 1.7984E-09 1.8389E-09 1.8802E-09 1.9224E-09 1.9653E-09 2.0092E-09 2.0538E-09 2.0994E-09 2.1458E-09 2.1966E-09 2.2557E-09 2.3207E-09 2.3950E-09 2.4565E-09 2.5179E-09 2.5834E-09 2.6542E-09 2.7227E-09 2.7956E-09 2.8856E-09 2.9694E-09 3.0583E-09 3.1434E-09 3.2380E-09 3.3283E-09 3.4224E-09 3.5206E-09 3.6153E-09 3.7151E-09 3.8124E-09 3.9140E-09 4.0124E-09 4.1107E-09 4.2192E-09
1.0362E-09 1.0595E-09 1.0831E-09 1.1070E-09 1.1312E-09 1.1636E-09 1.1911E-09 1.2190E-09 1.2474E-09 1.2763E-09 1.3057E-09 1.3425E-09 1.3743E-09 1.4066E-09 1.4395E-09 1.4707E-09 1.5120E-09 1.5524E-09 1.5938E-09 1.6429E-09 1.6941E-09 1.7329E-09 1.7724E-09 1.8128E-09 1.8540E-09 1.8961E-09 1.9390E-09 1.9827E-09 2.0274E-09 2.0729E-09 2.1193E-09 2.1702E-09 2.2295E-09 2.2948E-09 2.3697E-09 2.4318E-09 2.4940E-09 2.5605E-09 2.6326E-09 2.7047E-09 2.7773E-09 2.8713E-09 2.9558E-09 3.0495E-09 3.1445E-09 3.2363E-09 3.3289E-09 3.4332E-09 3.5316E-09 3.6356E-09 3.7380E-09 3.8419E-09 3.9507E-09 4.0629E-09 4.1699E-09 4.2885E-09 4.3953E-09
1.0398E-09 1.0632E-09 1.0869E-09 1.1110E-09 1.1429E-09 1.1701E-09 1.1959E-09 1.2258E-09 1.2545E-09 1.2819E-09 1.3115E-09 1.3514E-09 1.3811E-09 1.4138E-09 1.4471E-09 1.4880E-09 1.5244E-09 1.5654E-09 1.6143E-09 1.6613E-09 1.7065E-09 1.7459E-09 1.7861E-09 1.8271E-09 1.8690E-09 1.9118E-09 1.9554E-09 2.0000E-09 2.0455E-09 2.0919E-09 2.1428E-09 2.2022E-09 2.2674E-09 2.3426E-09 2.4052E-09 2.4680E-09 2.5399E-09 2.6086E-09 2.6820E-09 2.7562E-09 2.8519E-09 2.9389E-09 3.0353E-09 3.1335E-09 3.2290E-09 3.3291E-09 3.4350E-09 3.5386E-09 3.6484E-09 3.7572E-09 3.8716E-09 3.9906E-09 4.1053E-09 4.2327E-09 4.3493E-09 4.4732E-09 4.5931E-09
1.0432E-09 1.0667E-09 1.0906E-09 1.1147E-09 1.1471E-09 1.1745E-09 1.2024E-09 1.2307E-09 1.2596E-09 1.2890E-09 1.3259E-09 1.3577E-09 1.3902E-09 1.4233E-09 1.4545E-09 1.4962E-09 1.5368E-09 1.5785E-09 1.6279E-09 1.6795E-09 1.7187E-09 1.7587E-09 1.7995E-09 1.8412E-09 1.8838E-09 1.9273E-09 1.9718E-09 2.0171E-09 2.0635E-09 2.1143E-09 2.1736E-09 2.2273E-09 2.3137E-09 2.3767E-09 2.4400E-09 2.5125E-09 2.5820E-09 2.6565E-09 2.7340E-09 2.8293E-09 2.9204E-09 3.0174E-09 3.1203E-09 3.2174E-09 3.3269E-09 3.4322E-09 3.5409E-09 3.6566E-09 3.7717E-09 3.8994E-09 4.0206E-09 4.1557E-09 4.2811E-09 4.4152E-09 4.5461E-09 4.6805E-09 4.8173E-09
1.0465E-09 1.0701E-09 1.0940E-09 1.1258E-09 1.1530E-09 1.1787E-09 1.2086E-09 1.2372E-09 1.2645E-09 1.3026E-09 1.3342E-09 1.3663E-09 1.3967E-09 1.4301E-09 1.4692E-09 1.5078E-09 1.5526E-09 1.5982E-09 1.6454E-09 1.6910E-09 1.7307E-09 1.7713E-09 1.8128E-09 1.8552E-09 1.8985E-09 1.9428E-09 1.9880E-09 2.0342E-09 2.0848E-09 2.1439E-09 2.1976E-09 2.2832E-09 2.3463E-09 2.4119E-09 2.4784E-09 2.5549E-09 2.6283E-09 2.7070E-09 2.8034E-09 2.8964E-09 2.9954E-09 3.1010E-09 3.2012E-09 3.3146E-09 3.4242E-09 3.5379E-09 3.6592E-09 3.7807E-09 3.9161E-09 4.0534E-09 4.1972E-09 4.3326E-09 4.4696E-09 4.6194E-09 4.7689E-09 4.9229E-09 5.0626E-09
1.0495E-09 1.0732E-09 1.0972E-09 1.1294E-09 1.1568E-09 1.1846E-09 1.2128E-09 1.2417E-09 1.2710E-09 1.3079E-09 1.3398E-09 1.3723E-09 1.4054E-09 1.4440E-09 1.4822E-09 1.5193E-09 1.5613E-09 1.6077E-09 1.6628E-09 1.7022E-09 1.7425E-09 1.7838E-09 1.8259E-09 1.8690E-09 1.9130E-09 1.9580E-09 2.0040E-09 2.0544E-09 2.1132E-09 2.1668E-09 2.2511E-09 2.3142E-09 2.3799E-09 2.4466E-09 2.5234E-09 2.5974E-09 2.6769E-09 2.7741E-09 2.8686E-09 2.9712E-09 3.0772E-09 3.1801E-09 3.2971E-09 3.4107E-09 3.5289E-09 3.6558E-09 3.7871E-09 3.9342E-09 4.0720E-09 4.2253E-09 4.3778E-09 4.5299E-09 4.6904E-09 4.8575E-09 5.0117E-09 5.1723E-09 5.3326E-09
1.0523E-09 1.0761E-09 1.1002E-09 1.1347E-09 1.1604E-09 1.1884E-09 1.2187E-09 1.2459E-09 1.2840E-09 1.3155E-09 1.3476E-09 1.3780E-09 1.4115E-09 1.4507E-09 1.4894E-09 1.5344E-09 1.5801E-09 1.6275E-09 1.6733E-09 1.7133E-09 1.7542E-09 1.7960E-09 1.8388E-09 1.8826E-09 1.9273E-09 1.9731E-09 2.0199E-09 2.0781E-09 2.1349E-09 2.2176E-09 2.2805E-09 2.3461E-09 2.4128E-09 2.4896E-09 2.5639E-09 2.6439E-09 2.7435E-09 2.8371E-09 2.9411E-09 3.0405E-09 3.1541E-09 3.2740E-09 3.3911E-09 3.5173E-09 3.6455E-09 3.7967E-09 3.9373E-09 4.0945E-09 4.2455E-09 4.4083E-09 4.5810E-09 4.7523E-09 4.9259E-09 5.1013E-09 5.2778E-09 5.4470E-09 5.6289E-09
1.0549E-09 1.0788E-09 1.1108E-09 1.1380E-09 1.1656E-09 1.1937E-09 1.2225E-09 1.2518E-09 1.2886E-09 1.3204E-09 1.3529E-09 1.3860E-09 1.4247E-09 1.4629E-09 1.5037E-09 1.5422E-09 1.5887E-09 1.6439E-09 1.6835E-09 1.7241E-09 1.7656E-09 1.8080E-09 1.8515E-09 1.8959E-09 1.9414E-09 1.9879E-09 2.0425E-09 2.1019E-09 2.1546E-09 2.2453E-09 2.3106E-09 2.3771E-09 2.4536E-09 2.5279E-09 2.6082E-09 2.6926E-09 2.8019E-09 2.9068E-09 3.0076E-09 3.1230E-09 3.2452E-09 3.3654E-09 3.4953E-09 3.6279E-09 3.7850E-09 3.9396E-09 4.0971E-09 4.2643E-09 4.4335E-09 4.6212E-09 4.8046E-09 4.9922E-09 5.1828E-09 5.3683E-09 5.5688E-09 5.7684E-09 5.9550E-09
1.0573E-09 1.0812E-09 1.1155E-09 1.1410E-09 1.1688E-09 1.1990E-09 1.2261E-09 1.2556E-09 1.2955E-09 1.3275E-09 1.3603E-09 1.3913E-09 1.4306E-09 1.4693E-09 1.5143E-09 1.5569E-09 1.6075E-09 1.6533E-09 1.6935E-09 1.7347E-09 1.7768E-09 1.8199E-09 1.8640E-09 1.9091E-09 1.9553E-09 2.0093E-09 2.0681E-09 2.1204E-09 2.2087E-09 2.2715E-09 2.3396E-09 2.4155E-09 2.4896E-09 2.5697E-09 2.6542E-09 2.7632E-09 2.8685E-09 2.9702E-09 3.0868E-09 3.2107E-09 3.3333E-09 3.4662E-09 3.6105E-09 3.7650E-09 3.9257E-09 4.0976E-09 4.2656E-09 4.4515E-09 4.6434E-09 4.8390E-09 5.0474E-09 5.2462E-09 5.4623E-09 5.6793E-09 5.8867E-09 6.0935E-09 6.2984E-09
1.0594E-09 1.0912E-09 1.1182E-09 1.1457E-09 1.1718E-09 1.2022E-09 1.2313E-09 1.2680E-09 1.2997E-09 1.3321E-09 1.3651E-09 1.4038E-09 1.4419E-09 1.4828E-09 1.5212E-09 1.5677E-09 1.6228E-09 1.6626E-09 1.7033E-09 1.7450E-09 1.7877E-09 1.8314E-09 1.8762E-09 1.9220E-09 1.9723E-09 2.0278E-09 2.0853E-09 2.1708E-09 2.2330E-09 2.3005E-09 2.3713E-09 2.4491E-09 2.5288E-09 2.6131E-09 2.7212E-09 2.8185E-09 2.9286E-09 3.0457E-09 3.1672E-09 3.2949E-09 3.4266E-09 3.5778E-09 3.7438E-09 3.9022E-09 4.0805E-09 4.2630E-09 4.4598E-09 4.6597E-09 4.8677E-09 5.0824E-09 5.3100E-09 5.5291E-09 5.7650E-09 5.9920E-09 6.2200E-09 6.4474E-09 6.6726E-09
1.0613E-09 1.0953E-09 1.1206E-09 1.1483E-09 1.1782E-09 1.2052E-09 1.2345E-09 1.2741E-09 1.3061E-09 1.3387E-09 1.3697E-09 1.4089E-09 1.4475E-09 1.4890E-09 1.5350E-09 1.5855E-09 1.6313E-09 1.6716E-09 1.7128E-09 1.7551E-09 1.7984E-09 1.8427E-09 1.8882E-09 1.9347E-09 1.9926E-09 2.0494E-09 2.1047E-09 2.1933E-09 2.2600E-09 2.3300E-09 2.4067E-09 2.4857E-09 2.5694E-09 2.6562E-09 2.7731E-09 2.8828E-09 2.9999E-09 3.1217E-09 3.2504E-09 3.3837E-09 3.5373E-09 3.7065E-09 3.8764E-09 4.0528E-09 4.2457E-09 4.4464E-09 4.6628E-09 4.8816E-09 5.1021E-09 5.3446E-09 5.5914E-09 5.8340E-09 6.0809E-09 6.3304E-09 6.5810E-09 6.8310E-09 7.0785E-09
1.0707E-09 1.0975E-09 1.1228E-09 1.1507E-09 1.1808E-09 1.2098E-09 1.2461E-09 1.2777E-09 1.3099E-09 1.3428E-09 1.3814E-09 1.4174E-09 1.4566E-09 1.4985E-09 1.5448E-09 1.5964E-09 1.6395E-09 1.6803E-09 1.7221E-09 1.7649E-09 1.8088E-09 1.8538E-09 1.8999E-09 1.9510E-09 2.0127E-09 2.0654E-09 2.1526E-09 2.2183E-09 2.2853E-09 2.3582E-09 2.4407E-09 2.5234E-09 2.6094E-09 2.7245E-09 2.8334E-09 2.9415E-09 3.0661E-09 3.2002E-09 3.3342E-09 3.4893E-09 3.6606E-09 3.8337E-09 4.0141E-09 4.2126E-09 4.4197E-09 4.6444E-09 4.8731E-09 5.1192E-09 5.3613E-09 5.6236E-09 5.8836E-09 6.1498E-09 6.4208E-09 6.6949E-09 6.9703E-09 7.2451E-09 7.5361E-09
1.0724E-09 1.0993E-09 1.1268E-09 1.1528E-09 1.1832E-09 1.2123E-09 1.2516E-09 1.2834E-09 1.3134E-09 1.3467E-09 1.3857E-09 1.4242E-09 1.4655E-09 1.5043E-09 1.5583E-09 1.6072E-09 1.6475E-09 1.6888E-09 1.7311E-09 1.7745E-09 1.8190E-09 1.8646E-09 1.9113E-09 1.9721E-09 2.0274E-09 2.0834E-09 2.1755E-09 2.2415E-09 2.3132E-09 2.3940E-09 2.4755E-09 2.5603E-09 2.6732E-09 2.7726E-09 2.8878E-09 3.0114E-09 3.1445E-09 3.2861E-09 3.4415E-09 3.6004E-09 3.7815E-09 3.9719E-09 4.1673E-09 4.3705E-09 4.6110E-09 4.8481E-09 5.1046E-09 5.3586E-09 5.6350E-09 5.9113E-09 6.1960E-09 6.4878E-09 6.7850E-09 7.0859E-09 7.4051E-09 7.7106E-09 8.0139E-09
1.0758E-09 1.1010E-09 1.1286E-09 1.1584E-09 1.1853E-09 1.2231E-09 1.2544E-09 1.2865E-09 1.3192E-09 1.3575E-09 1.3934E-09 1.4324E-09 1.4741E-09 1.5171E-09 1.5681E-09 1.6144E-09 1.6552E-09 1.6970E-09 1.7398E-09 1.7837E-09 1.8288E-09 1.8750E-09 1.9293E-09 1.9889E-09 2.0441E-09 2.1300E-09 2.1967E-09 2.2670E-09 2.3417E-09 2.4240E-09 2.5092E-09 2.5999E-09 2.7173E-09 2.8307E-09 2.9526E-09 3.0806E-09 3.2248E-09 3.3797E-09 3.5459E-09 3.7202E-09 3.9123E-09 4.1102E-09 4.3309E-09 4.5693E-09 4.8134E-09 5.0716E-09 5.3358E-09 5.6244E-09 5.9153E-09 6.2170E-09 6.5283E-09 6.8477E-09 7.1733E-09 7.5207E-09 7.8566E-09 8.1927E-09 8.5264E-09
1.0772E-09 1.1043E-09 1.1301E-09 1.1602E-09 1.1890E-09 1.2255E-09 1.2570E-09 1.2893E-09 1.3223E-09 1.3611E-09 1.3973E-09 1.4404E-09 1.4790E-09 1.5257E-09 1.5812E-09 1.6213E-09 1.6626E-09 1.7048E-09 1.7482E-09 1.7927E-09 1.8383E-09 1.8852E-09 1.9464E-09 2.0021E-09 2.0587E-09 2.1511E-09 2.2199E-09 2.2908E-09 2.3731E-09 2.4565E-09 2.5454E-09 2.6596E-09 2.7707E-09 2.8821E-09 3.0110E-09 3.1584E-09 3.3119E-09 3.4736E-09 3.6506E-09 3.8430E-09 4.0420E-09 4.2649E-09 4.5062E-09 4.7621E-09 5.0199E-09 5.2924E-09 5.5910E-09 5.8944E-09 6.2112E-09 6.5402E-09 6.8800E-09 7.2290E-09 7.6032E-09 7.9687E-09 8.3374E-09 8.7066E-09 9.0735E-09
1.0783E-09 1.1055E-09 1.1333E-09 1.1617E-09 1.1907E-09 1.2301E-09 1.2618E-09 1.2943E-09 1.3251E-09 1.3644E-09 1.4066E-09 1.4446E-09 1.4908E-09 1.5380E-09 1.5873E-09 1.6280E-09 1.6696E-09 1.7124E-09 1.7563E-09 1.8013E-09 1.8476E-09 1.9052E-09 1.9618E-09 2.0174E-09 2.0934E-09 2.1701E-09 2.2413E-09 2.3168E-09 2.4025E-09 2.4894E-09 2.5803E-09 2.7006E-09 2.8173E-09 2.9435E-09 3.0878E-09 3.2354E-09 3.3987E-09 3.5677E-09 3.7650E-09 3.9634E-09 4.1870E-09 4.4292E-09 4.6881E-09 4.9502E-09 5.2286E-09 5.5233E-09 5.8482E-09 6.1776E-09 6.5219E-09 6.8799E-09 7.2501E-09 7.6488E-09 8.0423E-09 8.4423E-09 8.8464E-09 9.2514E-09 9.6542E-09
