Assets/Resources/2015_m01_d03_0300(utc+0800)_l00_csi_1hr_conc.grd
DSAA
         159         159
     -79.000      79.000
     -79.000      79.000
  0.0000E+00  0.7643E-04
[rows 25 to 49 of 159, columns 0 to 56 of 159]
2.5361E-10 2.7604E-10 3.0007E-10 3.2575E-10 3.5364E-10 3.8234E-10 4.1338E-10 4.4580E-10 4.8130E-10 5.1828E-10 5.5683E-10 5.9906E-10 6.4201E-10 6.8822E-10 7.3668E-10 7.8765E-10 8.4093E-10 8.9554E-10 9.5469E-10 1.0141E-09 1.0770E-09 1.1422E-09 1.2097E-09 1.2785E-09 1.3505E-09 1.4235E-09 1.4996E-09 1.5778E-09 1.6566E-09 1.7383E-09 1.8215E-09 1.9049E-09 1.9895E-09 2.0750E-09 2.1612E-09 2.2484E-09 2.3363E-09 2.4241E-09 2.5114E-09 2.5982E-09 2.6843E-09 2.7694E-09 2.8534E-09 2.9358E-09 3.0165E-09 3.0951E-09 3.1713E-09 3.2449E-09 3.3143E-09 3.3772E-09 3.4332E-09 3.4816E-09 3.5206E-09 3.5348E-09 3.5207E-09 3.5001E-09 3.4770E-09
2.5523E-10 2.7840E-10 3.0268E-10 3.2812E-10 3.5634E-10 3.8587E-10 4.1675E-10 4.5063E-10 4.8549E-10 5.2294E-10 5.6248E-10 6.0479E-10 6.4931E-10 6.9514E-10 7.4542E-10 7.9707E-10 8.5014E-10 9.0769E-10 9.6568E-10 1.0271E-09 1.0899E-09 1.1562E-09 1.2249E-09 1.2960E-09 1.3681E-09 1.4436E-09 1.5212E-09 1.5996E-09 1.6811E-09 1.7631E-09 1.8480E-09 1.9330E-09 2.0193E-09 2.1065E-09 2.1948E-09 2.2841E-09 2.3737E-09 2.4631E-09 2.5522E-09 2.6409E-09 2.7290E-09 2.8161E-09 2.9020E-09 2.9864E-09 3.0690E-09 3.1495E-09 3.2277E-09 3.3031E-09 3.3742E-09 3.4391E-09 3.4957E-09 3.5438E-09 3.5828E-09 3.5958E-09 3.5812E-09 3.5603E-09 3.5406E-09
2.5714E-10 2.8004E-10 3.0456E-10 3.3126E-10 3.5876E-10 3.8860E-10 4.1979E-10 4.5407E-10 4.8985E-10 5.2719E-10 5.6826E-10 6.1005E-10 6.5517E-10 7.0364E-10 7.5258E-10 8.0497E-10 8.5977E-10 9.1720E-10 9.7709E-10 1.0384E-09 1.1033E-09 1.1707E-09 1.2394E-09 1.3116E-09 1.3860E-09 1.4616E-09 1.5406E-09 1.6217E-09 1.7034E-09 1.7882E-09 1.8734E-09 1.9601E-09 2.0479E-09 2.1371E-09 2.2275E-09 2.3186E-09 2.4097E-09 2.5008E-09 2.5918E-09 2.6824E-09 2.7724E-09 2.8615E-09 2.9493E-09 3.0357E-09 3.1202E-09 3.2027E-09 3.2827E-09 3.3605E-09 3.4338E-09 3.4992E-09 3.5563E-09 3.6048E-09 3.6437E-09 3.6554E-09 3.6407E-09 3.6229E-09 3.6041E-09
2.5886E-10 2.8196E-10 3.0618E-10 3.3315E-10 3.6141E-10 3.9102E-10 4.2360E-10 4.5715E-10 4.9331E-10 5.3257E-10 5.7261E-10 6.1590E-10 6.6052E-10 7.0966E-10 7.6023E-10 8.1226E-10 8.6891E-10 9.2605E-10 9.8680E-10 1.0500E-09 1.1159E-09 1.1832E-09 1.2541E-09 1.3274E-09 1.4020E-09 1.4801E-09 1.5603E-09 1.6416E-09 1.7260E-09 1.8111E-09 1.8978E-09 1.9860E-09 2.0756E-09 2.1668E-09 2.2590E-09 2.3515E-09 2.4443E-09 2.5372E-09 2.6300E-09 2.7226E-09 2.8145E-09 2.9054E-09 2.9952E-09 3.0835E-09 3.1700E-09 3.2544E-09 3.3369E-09 3.4171E-09 3.4911E-09 3.5576E-09 3.6155E-09 3.6643E-09 3.7030E-09 3.7137E-09 3.6989E-09 3.6882E-09 3.6644E-09
2.5988E-10 2.8315E-10 3.0807E-10 3.3476E-10 3.6326E-10 3.9311E-10 4.2601E-10 4.6041E-10 4.9636E-10 5.3606E-10 5.7649E-10 6.2026E-10 6.6745E-10 7.1512E-10 7.6631E-10 8.1998E-10 8.7637E-10 9.3531E-10 9.9577E-10 1.0599E-09 1.1267E-09 1.1961E-09 1.2669E-09 1.3413E-09 1.4182E-09 1.4963E-09 1.5779E-09 1.6616E-09 1.7463E-09 1.8327E-09 1.9209E-09 2.0107E-09 2.1022E-09 2.1952E-09 2.2889E-09 2.3829E-09 2.4774E-09 2.5721E-09 2.6668E-09 2.7612E-09 2.8550E-09 2.9479E-09 3.0396E-09 3.1299E-09 3.2183E-09 3.3052E-09 3.3899E-09 3.4713E-09 3.5468E-09 3.6144E-09 3.6732E-09 3.7222E-09 3.7609E-09 3.7733E-09 3.7660E-09 3.7473E-09 3.7239E-09
2.6067E-10 2.8410E-10 3.0972E-10 3.3609E-10 3.6480E-10 3.9595E-10 4.2806E-10 4.6275E-10 5.0054E-10 5.3911E-10 5.8094E-10 6.2412E-10 6.7186E-10 7.2106E-10 7.7177E-10 8.2718E-10 8.8314E-10 9.4280E-10 1.0051E-09 1.0701E-09 1.1367E-09 1.2070E-09 1.2799E-09 1.3554E-09 1.4322E-09 1.5127E-09 1.5943E-09 1.6794E-09 1.7653E-09 1.8532E-09 1.9428E-09 2.0344E-09 2.1278E-09 2.2222E-09 2.3171E-09 2.4128E-09 2.5090E-09 2.6055E-09 2.7020E-09 2.7982E-09 2.8939E-09 2.9887E-09 3.0823E-09 3.1745E-09 3.2654E-09 3.3545E-09 3.4405E-09 3.5237E-09 3.6007E-09 3.6694E-09 3.7290E-09 3.7784E-09 3.8232E-09 3.8361E-09 3.8233E-09 3.8052E-09 3.7826E-09
2.6175E-10 2.8479E-10 3.1059E-10 3.3765E-10 3.6602E-10 3.9741E-10 4.3028E-10 4.6469E-10 5.0283E-10 5.4169E-10 5.8391E-10 6.2955E-10 6.7570E-10 7.2541E-10 7.7764E-10 8.3266E-10 8.9030E-10 9.4953E-10 1.0137E-09 1.0784E-09 1.1469E-09 1.2169E-09 1.2908E-09 1.3673E-09 1.4464E-09 1.5268E-09 1.6108E-09 1.6959E-09 1.7831E-09 1.8723E-09 1.9635E-09 2.0569E-09 2.1517E-09 2.2472E-09 2.3437E-09 2.4411E-09 2.5390E-09 2.6372E-09 2.7355E-09 2.8335E-09 2.9310E-09 3.0277E-09 3.1232E-09 3.2178E-09 3.3109E-09 3.4012E-09 3.4891E-09 3.5743E-09 3.6526E-09 3.7225E-09 3.7828E-09 3.8425E-09 3.8823E-09 3.8913E-09 3.8792E-09 3.8620E-09 3.8511E-09
2.6209E-10 2.8627E-10 3.1119E-10 3.3840E-10 3.6798E-10 3.9852E-10 4.3160E-10 4.6774E-10 5.0467E-10 5.4484E-10 5.8636E-10 6.3244E-10 6.8002E-10 7.2912E-10 7.8298E-10 8.3743E-10 8.9566E-10 9.5657E-10 1.0204E-09 1.0869E-09 1.1551E-09 1.2271E-09 1.3019E-09 1.3782E-09 1.4583E-09 1.5409E-09 1.6249E-09 1.7112E-09 1.7996E-09 1.8900E-09 1.9830E-09 2.0778E-09 2.1737E-09 2.2706E-09 2.3687E-09 2.4677E-09 2.5672E-09 2.6671E-09 2.7671E-09 2.8669E-09 2.9662E-09 3.0647E-09 3.1626E-09 3.2594E-09 3.3537E-09 3.4459E-09 3.5357E-09 3.6227E-09 3.7024E-09 3.7734E-09 3.8446E-09 3.8964E-09 3.9363E-09 3.9449E-09 3.9402E-09 3.9287E-09 3.9099E-09
2.6219E-10 2.8650E-10 3.1202E-10 3.3883E-10 3.6859E-10 3.9980E-10 4.3252E-10 4.6892E-10 5.0606E-10 5.4651E-10 5.9037E-10 6.3477E-10 6.8273E-10 7.3430E-10 7.8658E-10 8.4258E-10 9.0024E-10 9.6288E-10 1.0262E-09 1.0934E-09 1.1622E-09 1.2351E-09 1.3107E-09 1.3891E-09 1.4690E-09 1.5527E-09 1.6377E-09 1.7250E-09 1.8146E-09 1.9062E-09 2.0011E-09 2.0969E-09 2.1939E-09 2.2924E-09 2.3919E-09 2.4924E-09 2.5936E-09 2.6951E-09 2.7968E-09 2.8983E-09 2.9993E-09 3.1001E-09 3.2002E-09 3.2981E-09 3.3942E-09 3.4883E-09 3.5800E-09 3.6689E-09 3.7499E-09 3.8325E-09 3.8956E-09 3.9482E-09 3.9883E-09 4.0069E-09 3.9983E-09 3.9850E-09 3.9678E-09
2.6257E-10 2.8645E-10 3.1206E-10 3.3895E-10 3.6885E-10 4.0019E-10 4.3305E-10 4.6967E-10 5.0800E-10 5.4767E-10 5.9187E-10 6.3757E-10 6.8482E-10 7.3682E-10 7.8946E-10 8.4592E-10 9.0512E-10 9.6727E-10 1.0322E-09 1.0990E-09 1.1696E-09 1.2432E-09 1.3185E-09 1.3977E-09 1.4797E-09 1.5632E-09 1.6491E-09 1.7375E-09 1.8281E-09 1.9208E-09 2.0174E-09 2.1141E-09 2.2125E-09 2.3123E-09 2.4133E-09 2.5152E-09 2.6179E-09 2.7210E-09 2.8243E-09 2.9275E-09 3.0306E-09 3.1335E-09 3.2347E-09 3.3344E-09 3.4324E-09 3.5284E-09 3.6219E-09 3.7189E-09 3.8055E-09 3.8803E-09 3.9444E-09 3.9978E-09 4.0488E-09 4.0587E-09 4.0516E-09 4.0401E-09 4.0298E-09
2.6270E-10 2.8613E-10 3.1181E-10 3.3984E-10 3.6876E-10 4.0021E-10 4.3472E-10 4.6997E-10 5.0849E-10 5.5037E-10 5.9280E-10 6.3877E-10 6.8729E-10 7.3867E-10 7.9272E-10 8.4848E-10 9.0926E-10 9.7078E-10 1.0363E-09 1.1035E-09 1.1748E-09 1.2491E-09 1.3263E-09 1.4051E-09 1.4880E-09 1.5723E-09 1.6591E-09 1.7484E-09 1.8400E-09 1.9338E-09 2.0317E-09 2.1296E-09 2.2292E-09 2.3303E-09 2.4326E-09 2.5360E-09 2.6401E-09 2.7448E-09 2.8496E-09 2.9546E-09 3.0599E-09 3.1640E-09 3.2669E-09 3.3683E-09 3.4681E-09 3.5658E-09 3.6674E-09 3.7643E-09 3.8496E-09 3.9256E-09 3.9907E-09 4.0560E-09 4.0983E-09 4.1087E-09 4.1034E-09 4.1028E-09 4.0990E-09
2.6210E-10 2.8606E-10 3.1125E-10 3.3935E-10 3.6886E-10 3.9984E-10 4.3449E-10 4.7082E-10 5.0848E-10 5.5059E-10 5.9420E-10 6.3937E-10 6.8925E-10 7.3981E-10 7.9419E-10 8.5133E-10 9.1149E-10 9.7450E-10 1.0394E-09 1.1082E-09 1.1802E-09 1.2539E-09 1.3317E-09 1.4125E-09 1.4949E-09 1.5799E-09 1.6676E-09 1.7578E-09 1.8503E-09 1.9451E-09 2.0441E-09 2.1432E-09 2.2440E-09 2.3463E-09 2.4499E-09 2.5546E-09 2.6602E-09 2.7662E-09 2.8727E-09 2.9798E-09 3.0864E-09 3.1919E-09 3.2964E-09 3.3996E-09 3.5011E-09 3.6038E-09 3.7081E-09 3.8043E-09 3.8910E-09 3.9682E-09 4.0455E-09 4.1026E-09 4.1454E-09 4.1567E-09 4.1666E-09 4.1653E-09 4.1590E-09
2.6124E-10 2.8521E-10 3.1093E-10 3.3854E-10 3.6808E-10 4.0007E-10 4.3383E-10 4.7026E-10 5.0799E-10 5.5028E-10 5.9405E-10 6.3934E-10 6.8949E-10 7.4132E-10 7.9488E-10 8.5346E-10 9.1283E-10 9.7623E-10 1.0414E-09 1.1108E-09 1.1833E-09 1.2587E-09 1.3359E-09 1.4173E-09 1.5004E-09 1.5861E-09 1.6746E-09 1.7655E-09 1.8589E-09 1.9546E-09 2.0548E-09 2.1548E-09 2.2567E-09 2.3602E-09 2.4650E-09 2.5710E-09 2.6779E-09 2.7853E-09 2.8937E-09 3.0023E-09 3.1100E-09 3.2170E-09 3.3232E-09 3.4280E-09 3.5312E-09 3.6427E-09 3.7433E-09 3.8414E-09 3.9296E-09 4.0191E-09 4.0883E-09 4.1468E-09 4.1903E-09 4.2160E-09 4.2213E-09 4.2212E-09 4.2164E-09
2.6013E-10 2.8408E-10 3.1031E-10 3.3739E-10 3.6693E-10 3.9950E-10 4.3275E-10 4.6923E-10 5.0907E-10 5.4942E-10 5.9330E-10 6.4082E-10 6.8905E-10 7.4107E-10 7.9586E-10 8.5368E-10 9.1329E-10 9.7701E-10 1.0437E-09 1.1135E-09 1.1852E-09 1.2611E-09 1.3401E-09 1.4208E-09 1.5044E-09 1.5908E-09 1.6799E-09 1.7716E-09 1.8658E-09 1.9623E-09 2.0635E-09 2.1645E-09 2.2674E-09 2.3719E-09 2.4779E-09 2.5850E-09 2.6931E-09 2.8023E-09 2.9123E-09 3.0217E-09 3.1308E-09 3.2394E-09 3.3471E-09 3.4535E-09 3.5683E-09 3.6729E-09 3.7754E-09 3.8756E-09 3.9761E-09 4.0578E-09 4.1284E-09 4.1883E-09 4.2460E-09 4.2663E-09 4.2728E-09 4.2742E-09 4.2806E-09
2.5928E-10 2.8267E-10 3.0888E-10 3.3645E-10 3.6542E-10 3.9801E-10 4.3223E-10 4.6773E-10 5.0765E-10 5.4905E-10 5.9197E-10 6.3962E-10 6.8792E-10 7.4008E-10 7.9503E-10 8.5305E-10 9.1399E-10 9.7681E-10 1.0438E-09 1.1140E-09 1.1872E-09 1.2623E-09 1.3417E-09 1.4229E-09 1.5070E-09 1.5940E-09 1.6836E-09 1.7760E-09 1.8708E-09 1.9681E-09 2.0702E-09 2.1721E-09 2.2759E-09 2.3814E-09 2.4884E-09 2.5966E-09 2.7060E-09 2.8168E-09 2.9277E-09 3.0383E-09 3.1488E-09 3.2588E-09 3.3680E-09 3.4855E-09 3.5936E-09 3.7000E-09 3.8045E-09 3.9174E-09 4.0103E-09 4.0934E-09 4.1656E-09 4.2399E-09 4.2920E-09 4.3128E-09 4.3209E-09 4.3379E-09 4.3424E-09
2.5767E-10 2.8098E-10 3.0715E-10 3.3465E-10 3.6355E-10 3.9613E-10 4.3032E-10 4.6679E-10 5.0572E-10 5.4713E-10 5.9003E-10 6.3778E-10 6.8720E-10 7.3834E-10 7.9455E-10 8.5156E-10 9.1266E-10 9.7675E-10 1.0440E-09 1.1133E-09 1.1868E-09 1.2634E-09 1.3420E-09 1.4236E-09 1.5081E-09 1.5955E-09 1.6857E-09 1.7785E-09 1.8740E-09 1.9719E-09 2.0749E-09 2.1775E-09 2.2821E-09 2.3885E-09 2.4964E-09 2.6057E-09 2.7167E-09 2.8284E-09 2.9402E-09 3.0521E-09 3.1638E-09 3.2752E-09 3.3920E-09 3.5059E-09 3.6157E-09 3.7240E-09 3.8407E-09 3.9467E-09 4.0412E-09 4.1260E-09 4.2122E-09 4.2812E-09 4.3342E-09 4.3556E-09 4.3796E-09 4.3904E-09 4.3994E-09
2.5581E-10 2.8007E-10 3.0510E-10 3.3252E-10 3.6287E-10 3.9384E-10 4.2797E-10 4.6539E-10 5.0328E-10 5.4466E-10 5.8963E-10 6.3528E-10 6.8472E-10 7.3691E-10 7.9216E-10 8.5031E-10 9.1039E-10 9.7461E-10 1.0421E-09 1.1126E-09 1.1852E-09 1.2621E-09 1.3409E-09 1.4228E-09 1.5076E-09 1.5954E-09 1.6860E-09 1.7793E-09 1.8752E-09 1.9737E-09 2.0774E-09 2.1807E-09 2.2861E-09 2.3932E-09 2.5020E-09 2.6125E-09 2.7247E-09 2.8370E-09 2.9498E-09 3.0628E-09 3.1757E-09 3.2915E-09 3.4104E-09 3.5230E-09 3.6345E-09 3.7546E-09 3.8646E-09 3.9726E-09 4.0689E-09 4.1671E-09 4.2482E-09 4.3192E-09 4.3718E-09 4.4086E-09 4.4263E-09 4.4416E-09 4.4555E-09
2.5370E-10 2.7785E-10 3.0276E-10 3.3005E-10 3.6031E-10 3.9115E-10 4.2519E-10 4.6256E-10 5.0135E-10 5.4162E-10 5.8657E-10 6.3319E-10 6.8153E-10 7.3481E-10 7.8894E-10 8.4712E-10 9.0718E-10 9.7265E-10 1.0390E-09 1.1097E-09 1.1824E-09 1.2595E-09 1.3385E-09 1.4205E-09 1.5056E-09 1.5936E-09 1.6845E-09 1.7782E-09 1.8745E-09 1.9734E-09 2.0778E-09 2.1817E-09 2.2877E-09 2.3955E-09 2.5051E-09 2.6168E-09 2.7294E-09 2.8426E-09 2.9563E-09 3.0704E-09 3.1844E-09 3.3078E-09 3.4227E-09 3.5368E-09 3.6565E-09 3.7729E-09 3.8849E-09 3.9952E-09 4.1041E-09 4.1971E-09 4.2814E-09 4.3522E-09 4.4191E-09 4.4490E-09 4.4713E-09 4.4914E-09 4.5213E-09
2.5134E-10 2.7536E-10 3.0065E-10 3.2725E-10 3.5740E-10 3.8909E-10 4.2197E-10 4.5925E-10 4.9792E-10 5.3803E-10 5.8291E-10 6.2943E-10 6.7763E-10 7.3087E-10 7.8490E-10 8.4303E-10 9.0415E-10 9.6854E-10 1.0349E-09 1.1056E-09 1.1795E-09 1.2555E-09 1.3346E-09 1.4167E-09 1.5019E-09 1.5901E-09 1.6812E-09 1.7752E-09 1.8718E-09 1.9710E-09 2.0760E-09 2.1804E-09 2.2868E-09 2.3952E-09 2.5059E-09 2.6183E-09 2.7313E-09 2.8452E-09 2.9598E-09 3.0748E-09 3.1961E-09 3.3153E-09 3.4315E-09 3.5504E-09 3.6724E-09 3.7878E-09 3.9017E-09 4.0247E-09 4.1278E-09 4.2251E-09 4.3095E-09 4.3940E-09 4.4533E-09 4.4872E-09 4.5144E-09 4.5505E-09 4.5772E-09
2.4873E-10 2.7260E-10 2.9771E-10 3.2512E-10 3.5413E-10 3.8565E-10 4.1937E-10 4.5547E-10 4.9397E-10 5.3598E-10 5.7864E-10 6.2501E-10 6.7408E-10 7.2618E-10 7.8116E-10 8.3805E-10 8.9908E-10 9.6340E-10 1.0308E-09 1.1003E-09 1.1743E-09 1.2502E-09 1.3293E-09 1.4114E-09 1.4967E-09 1.5850E-09 1.6762E-09 1.7703E-09 1.8671E-09 1.9665E-09 2.0720E-09 2.1767E-09 2.2835E-09 2.3926E-09 2.5040E-09 2.6166E-09 2.7302E-09 2.8448E-09 2.9602E-09 3.0759E-09 3.2018E-09 3.3194E-09 3.4368E-09 3.5638E-09 3.6818E-09 3.7989E-09 3.9185E-09 4.0418E-09 4.1499E-09 4.2479E-09 4.3452E-09 4.4224E-09 4.4847E-09 4.5231E-09 4.5662E-09 4.5990E-09 4.6321E-09
2.4642E-10 2.6958E-10 2.9449E-10 3.2170E-10 3.5050E-10 3.8182E-10 4.1634E-10 4.5122E-10 4.8952E-10 5.3136E-10 5.7378E-10 6.1994E-10 6.6880E-10 7.2072E-10 7.7551E-10 8.3219E-10 8.9425E-10 9.5723E-10 1.0246E-09 1.0939E-09 1.1677E-09 1.2435E-09 1.3225E-09 1.4046E-09 1.4898E-09 1.5781E-09 1.6693E-09 1.7634E-09 1.8603E-09 1.9599E-09 2.0657E-09 2.1706E-09 2.2777E-09 2.3875E-09 2.4993E-09 2.6121E-09 2.7262E-09 2.8413E-09 2.9573E-09 3.0801E-09 3.2013E-09 3.3200E-09 3.4451E-09 3.5679E-09 3.6875E-09 3.8062E-09 3.9354E-09 4.0569E-09 4.1676E-09 4.2736E-09 4.3674E-09 4.4476E-09 4.5132E-09 4.5669E-09 4.6069E-09 4.6459E-09 4.6893E-09
2.4386E-10 2.6629E-10 2.9097E-10 3.1851E-10 3.4652E-10 3.7760E-10 4.1191E-10 4.4755E-10 4.8457E-10 5.2619E-10 5.6939E-10 6.1422E-10 6.6398E-10 7.1450E-10 7.6905E-10 8.2656E-10 8.8733E-10 9.5004E-10 1.0172E-09 1.0875E-09 1.1599E-09 1.2355E-09 1.3143E-09 1.3962E-09 1.4813E-09 1.5694E-09 1.6606E-09 1.7546E-09 1.8515E-09 1.9511E-09 2.0572E-09 2.1622E-09 2.2696E-09 2.3799E-09 2.4915E-09 2.6046E-09 2.7191E-09 2.8347E-09 2.9542E-09 3.0781E-09 3.1974E-09 3.3170E-09 3.4469E-09 3.5683E-09 3.6893E-09 3.8172E-09 3.9436E-09 4.0690E-09 4.1837E-09 4.2927E-09 4.3861E-09 4.4695E-09 4.5488E-09 4.5992E-09 4.6454E-09 4.6910E-09 4.7496E-09
2.4056E-10 2.6274E-10 2.8718E-10 3.1448E-10 3.4320E-10 3.7301E-10 4.0707E-10 4.4243E-10 4.7912E-10 5.2048E-10 5.6337E-10 6.0787E-10 6.5735E-10 7.0753E-10 7.6178E-10 8.1898E-10 8.7946E-10 9.4303E-10 1.0087E-09 1.0787E-09 1.1509E-09 1.2262E-09 1.3047E-09 1.3864E-09 1.4712E-09 1.5591E-09 1.6500E-09 1.7439E-09 1.8406E-09 1.9401E-09 2.0463E-09 2.1513E-09 2.2592E-09 2.3694E-09 2.4810E-09 2.5942E-09 2.7089E-09 2.8248E-09 2.9480E-09 3.0700E-09 3.1900E-09 3.3170E-09 3.4422E-09 3.5648E-09 3.6908E-09 3.8215E-09 3.9493E-09 4.0756E-09 4.1997E-09 4.3046E-09 4.4012E-09 4.4946E-09 4.5725E-09 4.6287E-09 4.6814E-09 4.7455E-09 4.8019E-09
2.3704E-10 2.5948E-10 2.8311E-10 3.1014E-10 3.3858E-10 3.6909E-10 4.0183E-10 4.3687E-10 4.7427E-10 5.1424E-10 5.5679E-10 6.0089E-10 6.5005E-10 7.0096E-10 7.5371E-10 8.1054E-10 8.7065E-10 9.3387E-10 9.9911E-10 1.0688E-09 1.1406E-09 1.2155E-09 1.2936E-09 1.3749E-09 1.4594E-09 1.5470E-09 1.6376E-09 1.7312E-09 1.8277E-09 1.9269E-09 2.0331E-09 2.1381E-09 2.2462E-09 2.3561E-09 2.4676E-09 2.5809E-09 2.6957E-09 2.8118E-09 2.9386E-09 3.0584E-09 3.1789E-09 3.3104E-09 3.4337E-09 3.5574E-09 3.6920E-09 3.8200E-09 3.9507E-09 4.0847E-09 4.2049E-09 4.3125E-09 4.4157E-09 4.5137E-09 4.5930E-09 4.6553E-09 4.7258E-09 4.7879E-09 4.8522E-09
2.3331E-10 2.5546E-10 2.7976E-10 3.0551E-10 3.3363E-10 3.6380E-10 3.9620E-10 4.3087E-10 4.6893E-10 5.0748E-10 5.4964E-10 5.9438E-10 6.4208E-10 6.9257E-10 7.4485E-10 8.0246E-10 8.6093E-10 9.2372E-10 9.8967E-10 1.0578E-09 1.1290E-09 1.2035E-09 1.2812E-09 1.3620E-09 1.4460E-09 1.5332E-09 1.6234E-09 1.7166E-09 1.8127E-09 1.9116E-09 2.0177E-09 2.1227E-09 2.2306E-09 2.3400E-09 2.4514E-09 2.5647E-09 2.6794E-09 2.7988E-09 2.9232E-09 3.0433E-09 3.1709E-09 3.2972E-09 3.4214E-09 3.5497E-09 3.6836E-09 3.8154E-09 3.9505E-09 4.0863E-09 4.2059E-09 4.3163E-09 4.4298E-09 4.5261E-09 4.6099E-09 4.6860E-09 4.7579E-09 4.8358E-09 4.9227E-09
