Assets/Resources/2015_m01_d24_0400(utc+0800)_l00_csi_1hr_conc.grd
DSAA
         159         159
     -79.000      79.000
     -79.000      79.000
  0.0000E+00  0.3457E-05
[rows 50 to 74 of 159, columns 0 to 56 of 159]
0.0000E+00 0.0000E+00 0.0000E+00 0.0000E+00 0.0000E+00 0.0000E+00 0.0000E+00 0.0000E+00 0.0000E+00 0.0000E+00 0.0000E+00 0.0000E+00 0.0000E+00 0.0000E+00 0.0000E+00 0.0000E+00 0.0000E+00 0.0000E+00 0.0000E+00 0.0000E+00 0.0000E+00 0.0000E+00 0.0000E+00 0.0000E+00 0.0000E+00 0.0000E+00 0.0000E+00 0.0000E+00 0.0000E+00 0.0000E+00 7.1086E-13 4.2267E-12 6.9793E-12 1.0762E-11 1.6317E-11 2.6778E-11 3.3850E-11 4.7217E-11 6.0056E-11 7.1993E-11 9.2551E-11 1.1135E-10 1.2683E-10 1.5074E-10 1.7198E-10 1.9346E-10 2.2220E-10 2.4513E-10 2.6896E-10 2.9875E-10 3.2235E-10 3.4458E-10 3.8062E-10 4.0560E-10 4.3708E-10 5.8362E-10 6.9084E-10
0.0000E+00 0.0000E+00 0.0000E+00 0.0000E+00 0.0000E+00 0.0000E+00 0.0000E+00 0.0000E+00 0.0000E+00 0.0000E+00 0.0000E+00 0.0000E+00 0.0000E+00 0.0000E+00 0.0000E+00 0.0000E+00 0.0000E+00 0.0000E+00 0.0000E+00 0.0000E+00 0.0000E+00 0.0000E+00 0.0000E+00 0.0000E+00 0.0000E+00 0.0000E+00 0.0000E+00 0.0000E+00 0.0000E+00 0.0000E+00 2.4546E-12 5.1093E-12 8.1167E-12 1.2854E-11 2.2651E-11 2.9033E-11 3.7586E-11 5.3947E-11 6.8385E-11 8.0605E-11 1.0191E-10 1.1642E-10 1.3605E-10 1.5868E-10 1.8097E-10 2.0416E-10 2.3592E-10 2.6012E-10 2.8415E-10 3.0898E-10 3.3458E-10 3.6258E-10 3.9407E-10 4.2143E-10 4.6075E-10 6.6252E-10 7.7318E-10
0.0000E+00 0.0000E+00 0.0000E+00 0.0000E+00 0.0000E+00 0.0000E+00 0.0000E+00 0.0000E+00 0.0000E+00 0.0000E+00 0.0000E+00 0.0000E+00 0.0000E+00 0.0000E+00 0.0000E+00 0.0000E+00 0.0000E+00 0.0000E+00 0.0000E+00 0.0000E+00 0.0000E+00 0.0000E+00 0.0000E+00 0.0000E+00 0.0000E+00 0.0000E+00 0.0000E+00 0.0000E+00 0.0000E+00 7.1063E-13 4.2283E-12 6.9769E-12 1.1767E-11 1.5546E-11 2.6691E-11 3.5668E-11 4.5540E-11 6.0260E-11 7.3580E-11 9.0425E-11 1.0684E-10 1.2202E-10 1.4830E-10 1.7409E-10 1.9175E-10 2.1984E-10 2.4693E-10 2.6982E-10 2.9275E-10 3.2077E-10 3.4781E-10 3.8227E-10 4.0919E-10 4.3678E-10 4.7756E-10 6.8686E-10 8.0543E-10
0.0000E+00 0.0000E+00 0.0000E+00 0.0000E+00 0.0000E+00 0.0000E+00 0.0000E+00 0.0000E+00 0.0000E+00 0.0000E+00 0.0000E+00 0.0000E+00 0.0000E+00 0.0000E+00 0.0000E+00 0.0000E+00 0.0000E+00 0.0000E+00 0.0000E+00 0.0000E+00 0.0000E+00 0.0000E+00 0.0000E+00 0.0000E+00 0.0000E+00 0.0000E+00 0.0000E+00 0.0000E+00 0.0000E+00 2.4506E-12 6.0319E-12 8.1105E-12 1.3404E-11 1.9092E-11 2.8920E-11 3.8508E-11 5.2958E-11 6.3418E-11 7.7673E-11 9.7974E-11 1.1705E-10 1.3342E-10 1.5859E-10 1.8222E-10 2.0267E-10 2.2924E-10 2.5602E-10 2.8007E-10 3.1053E-10 3.3370E-10 3.6026E-10 3.9669E-10 4.2381E-10 4.5250E-10 6.0397E-10 7.1501E-10 8.3944E-10
0.0000E+00 0.0000E+00 0.0000E+00 0.0000E+00 0.0000E+00 0.0000E+00 0.0000E+00 0.0000E+00 0.0000E+00 0.0000E+00 0.0000E+00 0.0000E+00 0.0000E+00 0.0000E+00 0.0000E+00 0.0000E+00 0.0000E+00 0.0000E+00 0.0000E+00 0.0000E+00 0.0000E+00 0.0000E+00 0.0000E+00 0.0000E+00 0.0000E+00 0.0000E+00 0.0000E+00 0.0000E+00 7.0784E-13 4.2148E-12 6.2010E-12 1.0974E-11 1.6065E-11 2.3903E-11 3.3207E-11 4.1352E-11 5.5708E-11 7.1563E-11 8.5984E-11 1.0387E-10 1.2346E-10 1.4258E-10 1.6549E-10 1.8911E-10 2.1697E-10 2.4337E-10 2.6831E-10 2.9423E-10 3.2113E-10 3.4883E-10 3.7146E-10 4.0957E-10 4.3878E-10 4.7078E-10 6.8193E-10 7.9492E-10 8.7518E-10
0.0000E+00 0.0000E+00 0.0000E+00 0.0000E+00 0.0000E+00 0.0000E+00 0.0000E+00 0.0000E+00 0.0000E+00 0.0000E+00 0.0000E+00 0.0000E+00 0.0000E+00 0.0000E+00 0.0000E+00 0.0000E+00 0.0000E+00 0.0000E+00 0.0000E+00 0.0000E+00 0.0000E+00 0.0000E+00 0.0000E+00 0.0000E+00 0.0000E+00 0.0000E+00 0.0000E+00 0.0000E+00 2.4377E-12 5.2657E-12 8.0757E-12 1.3361E-11 1.8238E-11 2.7092E-11 3.8225E-11 4.6137E-11 6.0394E-11 7.5322E-11 9.3391E-11 1.1115E-10 1.2990E-10 1.5478E-10 1.7569E-10 1.9989E-10 2.2990E-10 2.5644E-10 2.8058E-10 3.0473E-10 3.3272E-10 3.5844E-10 3.8813E-10 4.2396E-10 4.5249E-10 4.9557E-10 7.0606E-10 8.2415E-10 1.0246E-09
0.0000E+00 0.0000E+00 0.0000E+00 0.0000E+00 0.0000E+00 0.0000E+00 0.0000E+00 0.0000E+00 0.0000E+00 0.0000E+00 0.0000E+00 0.0000E+00 0.0000E+00 0.0000E+00 0.0000E+00 0.0000E+00 0.0000E+00 0.0000E+00 0.0000E+00 0.0000E+00 0.0000E+00 0.0000E+00 0.0000E+00 0.0000E+00 0.0000E+00 0.0000E+00 0.0000E+00 0.0000E+00 3.4635E-12 7.0760E-12 9.9327E-12 1.5998E-11 2.1016E-11 3.2145E-11 4.1550E-11 5.5040E-11 6.6038E-11 8.2077E-11 1.0030E-10 1.2054E-10 1.3691E-10 1.6198E-10 1.8515E-10 2.0998E-10 2.3894E-10 2.6437E-10 2.9042E-10 3.1508E-10 3.4337E-10 3.7182E-10 4.0153E-10 4.3780E-10 4.6899E-10 6.2109E-10 7.2969E-10 8.5059E-10 1.0624E-09
0.0000E+00 0.0000E+00 0.0000E+00 0.0000E+00 0.0000E+00 0.0000E+00 0.0000E+00 0.0000E+00 0.0000E+00 0.0000E+00 0.0000E+00 0.0000E+00 0.0000E+00 0.0000E+00 0.0000E+00 0.0000E+00 0.0000E+00 0.0000E+00 0.0000E+00 0.0000E+00 0.0000E+00 0.0000E+00 0.0000E+00 0.0000E+00 0.0000E+00 0.0000E+00 0.0000E+00 1.7077E-12 5.2285E-12 7.2613E-12 1.2504E-11 1.7381E-11 2.6213E-11 3.5623E-11 4.4885E-11 5.9464E-11 7.2077E-11 8.7293E-11 1.0811E-10 1.2640E-10 1.4803E-10 1.7160E-10 1.9302E-10 2.2312E-10 2.4790E-10 2.7378E-10 3.0030E-10 3.2780E-10 3.5659E-10 3.8324E-10 4.1597E-10 4.5171E-10 4.8273E-10 6.4101E-10 7.5208E-10 8.8160E-10 1.1571E-09
0.0000E+00 0.0000E+00 0.0000E+00 0.0000E+00 0.0000E+00 0.0000E+00 0.0000E+00 0.0000E+00 0.0000E+00 0.0000E+00 0.0000E+00 0.0000E+00 0.0000E+00 0.0000E+00 0.0000E+00 0.0000E+00 0.0000E+00 0.0000E+00 0.0000E+00 0.0000E+00 0.0000E+00 0.0000E+00 0.0000E+00 0.0000E+00 0.0000E+00 0.0000E+00 0.0000E+00 3.4323E-12 5.3618E-12 9.1315E-12 1.5136E-11 2.0073E-11 3.0711E-11 3.8837E-11 4.8329E-11 6.4920E-11 7.9073E-11 9.5316E-11 1.1443E-10 1.3434E-10 1.5726E-10 1.8269E-10 2.0513E-10 2.3356E-10 2.5767E-10 2.8522E-10 3.1388E-10 3.4238E-10 3.6981E-10 3.9592E-10 4.2635E-10 4.6520E-10 5.0291E-10 6.5901E-10 7.7620E-10 9.0906E-10 1.1960E-09
0.0000E+00 0.0000E+00 0.0000E+00 0.0000E+00 0.0000E+00 0.0000E+00 0.0000E+00 0.0000E+00 0.0000E+00 0.0000E+00 0.0000E+00 0.0000E+00 0.0000E+00 0.0000E+00 0.0000E+00 0.0000E+00 0.0000E+00 0.0000E+00 0.0000E+00 0.0000E+00 0.0000E+00 0.0000E+00 0.0000E+00 0.0000E+00 0.0000E+00 0.0000E+00 1.6888E-12 3.5173E-12 7.1883E-12 1.1664E-11 1.7230E-11 2.2305E-11 3.2780E-11 4.1283E-11 5.1739E-11 6.8628E-11 8.3257E-11 1.0311E-10 1.2198E-10 1.4168E-10 1.6657E-10 1.8906E-10 2.1680E-10 2.4129E-10 2.6855E-10 2.9498E-10 3.2256E-10 3.5301E-10 3.8183E-10 4.0730E-10 4.4887E-10 4.8118E-10 5.1846E-10 7.3404E-10 8.5207E-10 1.0545E-09 1.2318E-09
0.0000E+00 0.0000E+00 0.0000E+00 0.0000E+00 0.0000E+00 0.0000E+00 0.0000E+00 0.0000E+00 0.0000E+00 0.0000E+00 0.0000E+00 0.0000E+00 0.0000E+00 0.0000E+00 0.0000E+00 0.0000E+00 0.0000E+00 0.0000E+00 0.0000E+00 0.0000E+00 0.0000E+00 0.0000E+00 0.0000E+00 0.0000E+00 0.0000E+00 0.0000E+00 1.7293E-12 5.2977E-12 8.2766E-12 1.4210E-11 1.9120E-11 2.4159E-11 3.8063E-11 4.6846E-11 5.8917E-11 7.3620E-11 8.8033E-11 1.0938E-10 1.3103E-10 1.4871E-10 1.7296E-10 1.9563E-10 2.2703E-10 2.5267E-10 2.7716E-10 3.0614E-10 3.3302E-10 3.6310E-10 3.9256E-10 4.2143E-10 4.6280E-10 4.9675E-10 5.3347E-10 7.5316E-10 8.7684E-10 1.0830E-09 1.2679E-09
0.0000E+00 0.0000E+00 0.0000E+00 0.0000E+00 0.0000E+00 0.0000E+00 0.0000E+00 0.0000E+00 0.0000E+00 0.0000E+00 0.0000E+00 0.0000E+00 0.0000E+00 0.0000E+00 0.0000E+00 0.0000E+00 0.0000E+00 0.0000E+00 0.0000E+00 0.0000E+00 0.0000E+00 0.0000E+00 0.0000E+00 0.0000E+00 0.0000E+00 0.0000E+00 3.4684E-12 6.3522E-12 1.1520E-11 1.4550E-11 2.1265E-11 2.8546E-11 4.0684E-11 5.0181E-11 6.5501E-11 7.6273E-11 9.2277E-11 1.1565E-10 1.3626E-10 1.6134E-10 1.8181E-10 2.0354E-10 2.3430E-10 2.6291E-10 2.8592E-10 3.1694E-10 3.4247E-10 3.7545E-10 4.0419E-10 4.3809E-10 4.7655E-10 5.0813E-10 5.4852E-10 7.7231E-10 8.9722E-10 1.1122E-09 1.2979E-09
0.0000E+00 0.0000E+00 0.0000E+00 0.0000E+00 0.0000E+00 0.0000E+00 0.0000E+00 0.0000E+00 0.0000E+00 0.0000E+00 0.0000E+00 0.0000E+00 0.0000E+00 0.0000E+00 0.0000E+00 0.0000E+00 0.0000E+00 0.0000E+00 0.0000E+00 0.0000E+00 0.0000E+00 0.0000E+00 0.0000E+00 0.0000E+00 0.0000E+00 1.7018E-12 4.4899E-12 8.1618E-12 1.2324E-11 1.7946E-11 2.2286E-11 3.3545E-11 4.3091E-11 5.3192E-11 6.9855E-11 8.0781E-11 1.0133E-10 1.2206E-10 1.4397E-10 1.6860E-10 1.8949E-10 2.1283E-10 2.4386E-10 2.7200E-10 2.9943E-10 3.2531E-10 3.5532E-10 3.8317E-10 4.1666E-10 4.4949E-10 4.8947E-10 5.2505E-10 5.6365E-10 7.9249E-10 9.1899E-10 1.1360E-09 1.3270E-09
0.0000E+00 0.0000E+00 0.0000E+00 0.0000E+00 0.0000E+00 0.0000E+00 0.0000E+00 0.0000E+00 0.0000E+00 0.0000E+00 0.0000E+00 0.0000E+00 0.0000E+00 0.0000E+00 0.0000E+00 0.0000E+00 0.0000E+00 0.0000E+00 0.0000E+00 0.0000E+00 0.0000E+00 0.0000E+00 0.0000E+00 0.0000E+00 0.0000E+00 2.6947E-12 6.2522E-12 8.8973E-12 1.4336E-11 1.9301E-11 2.6715E-11 3.5852E-11 4.6264E-11 5.6667E-11 7.5288E-11 8.8786E-11 1.0832E-10 1.2762E-10 1.5050E-10 1.7555E-10 1.9999E-10 2.2319E-10 2.5142E-10 2.7802E-10 3.0999E-10 3.3688E-10 3.6468E-10 3.9690E-10 4.2901E-10 4.6344E-10 5.0375E-10 5.3850E-10 5.8040E-10 8.0948E-10 9.3602E-10 1.2175E-09 1.4091E-09
0.0000E+00 0.0000E+00 0.0000E+00 0.0000E+00 0.0000E+00 0.0000E+00 0.0000E+00 0.0000E+00 0.0000E+00 0.0000E+00 0.0000E+00 0.0000E+00 0.0000E+00 0.0000E+00 0.0000E+00 0.0000E+00 0.0000E+00 0.0000E+00 0.0000E+00 0.0000E+00 0.0000E+00 0.0000E+00 0.0000E+00 0.0000E+00 0.0000E+00 3.4800E-12 7.2893E-12 1.1366E-11 1.6146E-11 2.1946E-11 2.8367E-11 4.0234E-11 4.7776E-11 6.3779E-11 7.8869E-11 9.4356E-11 1.1364E-10 1.3470E-10 1.5687E-10 1.8323E-10 2.0627E-10 2.3470E-10 2.5911E-10 2.8767E-10 3.1697E-10 3.4795E-10 3.7494E-10 4.1103E-10 4.3990E-10 4.7418E-10 5.1649E-10 5.5356E-10 5.9514E-10 8.2780E-10 9.5362E-10 1.2383E-09 1.4340E-09
0.0000E+00 0.0000E+00 0.0000E+00 0.0000E+00 0.0000E+00 0.0000E+00 0.0000E+00 0.0000E+00 0.0000E+00 0.0000E+00 0.0000E+00 0.0000E+00 0.0000E+00 0.0000E+00 0.0000E+00 0.0000E+00 0.0000E+00 0.0000E+00 0.0000E+00 0.0000E+00 0.0000E+00 0.0000E+00 0.0000E+00 0.0000E+00 1.7027E-12 4.5024E-12 8.7371E-12 1.3349E-11 1.8187E-11 2.2981E-11 3.0747E-11 4.2034E-11 5.1649E-11 6.5553E-11 8.3159E-11 9.9544E-11 1.2392E-10 1.3931E-10 1.6581E-10 1.8879E-10 2.1389E-10 2.4055E-10 2.6547E-10 2.9487E-10 3.2642E-10 3.5436E-10 3.8603E-10 4.2252E-10 4.5121E-10 4.8841E-10 5.2979E-10 5.7190E-10 6.1131E-10 8.4331E-10 9.7106E-10 1.2570E-09 1.4534E-09
0.0000E+00 0.0000E+00 0.0000E+00 0.0000E+00 0.0000E+00 0.0000E+00 0.0000E+00 0.0000E+00 0.0000E+00 0.0000E+00 0.0000E+00 0.0000E+00 0.0000E+00 0.0000E+00 0.0000E+00 0.0000E+00 0.0000E+00 0.0000E+00 0.0000E+00 0.0000E+00 0.0000E+00 0.0000E+00 0.0000E+00 0.0000E+00 2.6948E-12 6.2557E-12 8.9145E-12 1.4893E-11 2.0794E-11 2.6295E-11 3.4868E-11 4.6772E-11 5.5412E-11 7.2137E-11 8.5884E-11 1.0439E-10 1.3072E-10 1.4762E-10 1.7174E-10 1.9592E-10 2.1962E-10 2.4957E-10 2.8241E-10 3.0459E-10 3.3452E-10 3.6678E-10 3.9697E-10 4.3235E-10 4.6490E-10 5.0097E-10 5.4469E-10 5.8532E-10 6.2456E-10 8.5895E-10 9.8537E-10 1.2722E-09 1.4683E-09
0.0000E+00 0.0000E+00 0.0000E+00 0.0000E+00 0.0000E+00 0.0000E+00 0.0000E+00 0.0000E+00 0.0000E+00 0.0000E+00 0.0000E+00 0.0000E+00 0.0000E+00 0.0000E+00 0.0000E+00 0.0000E+00 0.0000E+00 0.0000E+00 0.0000E+00 0.0000E+00 0.0000E+00 0.0000E+00 0.0000E+00 0.0000E+00 3.4671E-12 7.2886E-12 1.1371E-11 1.6159E-11 2.1772E-11 2.7605E-11 3.8797E-11 4.8747E-11 6.1073E-11 7.5462E-11 9.0813E-11 1.1240E-10 1.3589E-10 1.5388E-10 1.7959E-10 2.0043E-10 2.3042E-10 2.5643E-10 2.8830E-10 3.1444E-10 3.4350E-10 3.7711E-10 4.0643E-10 4.4156E-10 4.7501E-10 5.1355E-10 5.5627E-10 5.9867E-10 6.3664E-10 8.7178E-10 1.0012E-09 1.2858E-09 1.4824E-09
0.0000E+00 0.0000E+00 0.0000E+00 0.0000E+00 0.0000E+00 0.0000E+00 0.0000E+00 0.0000E+00 0.0000E+00 0.0000E+00 0.0000E+00 0.0000E+00 0.0000E+00 0.0000E+00 0.0000E+00 0.0000E+00 0.0000E+00 0.0000E+00 0.0000E+00 0.0000E+00 0.0000E+00 0.0000E+00 0.0000E+00 1.6916E-12 5.3982E-12 7.9829E-12 1.3093E-11 1.7938E-11 2.3473E-11 3.1264E-11 4.1009E-11 5.2545E-11 6.4271E-11 7.8357E-11 9.6186E-11 1.1801E-10 1.4066E-10 1.5872E-10 1.8451E-10 2.0659E-10 2.3588E-10 2.6440E-10 2.9610E-10 3.2231E-10 3.5331E-10 3.8460E-10 4.1630E-10 4.5427E-10 4.8670E-10 5.2488E-10 5.7055E-10 6.1164E-10 6.5128E-10 8.8481E-10 1.0140E-09 1.2970E-09 1.4954E-09
0.0000E+00 0.0000E+00 0.0000E+00 0.0000E+00 0.0000E+00 0.0000E+00 0.0000E+00 0.0000E+00 0.0000E+00 0.0000E+00 0.0000E+00 0.0000E+00 0.0000E+00 0.0000E+00 0.0000E+00 0.0000E+00 0.0000E+00 0.0000E+00 0.0000E+00 0.0000E+00 0.0000E+00 0.0000E+00 0.0000E+00 2.6760E-12 6.3938E-12 8.6705E-12 1.3338E-11 1.9963E-11 2.6240E-11 3.3355E-11 4.3652E-11 5.3985E-11 6.7379E-11 8.2633E-11 1.0117E-10 1.2412E-10 1.4578E-10 1.6437E-10 1.9162E-10 2.1616E-10 2.4476E-10 2.7099E-10 3.0364E-10 3.3352E-10 3.6167E-10 3.9568E-10 4.2763E-10 4.6528E-10 4.9996E-10 5.3733E-10 5.8191E-10 6.2541E-10 6.6375E-10 8.9500E-10 1.0240E-09 1.3052E-09 1.4443E-09
0.0000E+00 0.0000E+00 0.0000E+00 0.0000E+00 0.0000E+00 0.0000E+00 0.0000E+00 0.0000E+00 0.0000E+00 0.0000E+00 0.0000E+00 0.0000E+00 0.0000E+00 0.0000E+00 0.0000E+00 0.0000E+00 0.0000E+00 0.0000E+00 0.0000E+00 0.0000E+00 0.0000E+00 0.0000E+00 0.0000E+00 2.7221E-12 7.0557E-12 1.0578E-11 1.6060E-11 2.0892E-11 2.7254E-11 3.5463E-11 4.5730E-11 5.7315E-11 7.2347E-11 8.7961E-11 1.0626E-10 1.2941E-10 1.5029E-10 1.7464E-10 1.9922E-10 2.2115E-10 2.5045E-10 2.7754E-10 3.0928E-10 3.4161E-10 3.7111E-10 4.0352E-10 4.3720E-10 4.7630E-10 5.0991E-10 5.4895E-10 5.9208E-10 6.3703E-10 6.7792E-10 9.0603E-10 1.0326E-09 1.2540E-09 1.4493E-09
0.0000E+00 0.0000E+00 0.0000E+00 0.0000E+00 0.0000E+00 0.0000E+00 0.0000E+00 0.0000E+00 0.0000E+00 0.0000E+00 0.0000E+00 0.0000E+00 0.0000E+00 0.0000E+00 0.0000E+00 0.0000E+00 0.0000E+00 0.0000E+00 0.0000E+00 0.0000E+00 0.0000E+00 0.0000E+00 0.0000E+00 3.7153E-12 7.9182E-12 1.2022E-11 1.8726E-11 2.2328E-11 2.9261E-11 3.8311E-11 5.0191E-11 6.2400E-11 7.7170E-11 9.3778E-11 1.1125E-10 1.3566E-10 1.5800E-10 1.7963E-10 2.0453E-10 2.2784E-10 2.5653E-10 2.8400E-10 3.1890E-10 3.4896E-10 3.7886E-10 4.1483E-10 4.4742E-10 4.8606E-10 5.2257E-10 5.6020E-10 5.9775E-10 6.4856E-10 6.9082E-10 8.6140E-10 9.8917E-10 1.2586E-09 1.4523E-09
0.0000E+00 0.0000E+00 0.0000E+00 0.0000E+00 0.0000E+00 0.0000E+00 0.0000E+00 0.0000E+00 0.0000E+00 0.0000E+00 0.0000E+00 0.0000E+00 0.0000E+00 0.0000E+00 0.0000E+00 0.0000E+00 0.0000E+00 0.0000E+00 0.0000E+00 0.0000E+00 0.0000E+00 0.0000E+00 1.6942E-12 6.3287E-12 8.5905E-12 1.3210E-11 1.9042E-11 2.4514E-11 3.1507E-11 3.9546E-11 5.2325E-11 6.4944E-11 8.0713E-11 9.7436E-11 1.1773E-10 1.3989E-10 1.6155E-10 1.8520E-10 2.0911E-10 2.3304E-10 2.6257E-10 2.9080E-10 3.2639E-10 3.5651E-10 3.8712E-10 4.2367E-10 4.5791E-10 4.9516E-10 5.3231E-10 5.7139E-10 6.0840E-10 6.5979E-10 7.0261E-10 8.7093E-10 9.9742E-10 1.2600E-09 1.4528E-09
0.0000E+00 0.0000E+00 0.0000E+00 0.0000E+00 0.0000E+00 0.0000E+00 0.0000E+00 0.0000E+00 0.0000E+00 0.0000E+00 0.0000E+00 0.0000E+00 0.0000E+00 0.0000E+00 0.0000E+00 0.0000E+00 0.0000E+00 0.0000E+00 0.0000E+00 0.0000E+00 0.0000E+00 0.0000E+00 2.6784E-12 6.4297E-12 8.7284E-12 1.4904E-11 2.0431E-11 2.7472E-11 3.4814E-11 4.1782E-11 5.5679E-11 6.8422E-11 8.7074E-11 1.0382E-10 1.2439E-10 1.4561E-10 1.6620E-10 1.8760E-10 2.1665E-10 2.4026E-10 2.6851E-10 2.9949E-10 3.3084E-10 3.6446E-10 3.9736E-10 4.3142E-10 4.6617E-10 5.0697E-10 5.4090E-10 5.8049E-10 6.2077E-10 6.7155E-10 7.1314E-10 8.8080E-10 1.0049E-09 1.2603E-09 1.4490E-09
0.0000E+00 0.0000E+00 0.0000E+00 0.0000E+00 0.0000E+00 0.0000E+00 0.0000E+00 0.0000E+00 0.0000E+00 0.0000E+00 0.0000E+00 0.0000E+00 0.0000E+00 0.0000E+00 0.0000E+00 0.0000E+00 0.0000E+00 0.0000E+00 0.0000E+00 0.0000E+00 0.0000E+00 0.0000E+00 3.6541E-12 7.0843E-12 1.0397E-11 1.6821E-11 2.2063E-11 2.8908E-11 3.6317E-11 4.2451E-11 5.7537E-11 7.1800E-11 8.9726E-11 1.0694E-10 1.2774E-10 1.4885E-10 1.7001E-10 1.9447E-10 2.2105E-10 2.4852E-10 2.7763E-10 3.0516E-10 3.3553E-10 3.7292E-10 4.0422E-10 4.4117E-10 4.7542E-10 5.1584E-10 5.5204E-10 5.9196E-10 6.3107E-10 6.8308E-10 7.2417E-10 7.7844E-10 1.0105E-09 1.1450E-09 1.4420E-09
