Assets/Resources/2015_m01_d18_0500(utc+0800)_l00_csi_1hr_conc.grd
DSAA
         159         159
     -79.000      79.000
     -79.000      79.000
  0.2008E-11  0.3826E-05
[rows 50 to 74 of 159, columns 0 to 56 of 159]
1.7163E-10 1.8342E-10 1.9568E-10 2.0837E-10 2.2191E-10 2.3612E-10 2.5132E-10 2.6713E-10 2.8356E-10 3.0105E-10 3.1933E-10 3.3865E-10 3.5881E-10 3.8008E-10 4.0236E-10 4.2558E-10 4.5004E-10 4.7549E-10 5.0224E-10 5.3000E-10 5.5915E-10 5.8945E-10 6.2083E-10 6.5382E-10 6.8829E-10 7.2341E-10 7.6050E-10 7.9913E-10 8.3861E-10 8.7982E-10 9.2279E-10 9.6681E-10 1.0123E-09 1.0598E-09 1.1085E-09 1.1583E-09 1.2104E-09 1.2635E-09 1.3180E-09 1.3746E-09 1.4321E-09 1.4911E-09 1.5519E-09 1.6135E-09 1.6770E-09 1.7414E-09 1.8071E-09 1.8742E-09 1.9422E-09 2.0115E-09 2.0817E-09 2.1525E-09 2.2247E-09 2.2970E-09 2.3704E-09 2.4443E-09 2.5183E-09
1.7394E-10 1.8547E-10 1.9791E-10 2.1114E-10 2.2492E-10 2.3915E-10 2.5434E-10 2.7038E-10 2.8738E-10 3.0492E-10 3.2359E-10 3.4307E-10 3.6365E-10 3.8514E-10 4.0776E-10 4.3150E-10 4.5618E-10 4.8216E-10 5.0923E-10 5.3760E-10 5.6693E-10 5.9797E-10 6.3017E-10 6.6316E-10 6.9821E-10 7.3451E-10 7.7179E-10 8.1093E-10 8.5153E-10 8.9333E-10 9.3674E-10 9.8183E-10 1.0283E-09 1.0762E-09 1.1259E-09 1.1772E-09 1.2295E-09 1.2839E-09 1.3396E-09 1.3967E-09 1.4557E-09 1.5157E-09 1.5775E-09 1.6406E-09 1.7049E-09 1.7708E-09 1.8377E-09 1.9059E-09 1.9753E-09 2.0457E-09 2.1173E-09 2.1898E-09 2.2629E-09 2.3371E-09 2.4114E-09 2.4868E-09 2.5625E-09
1.7595E-10 1.8787E-10 2.0028E-10 2.1346E-10 2.2743E-10 2.4226E-10 2.5760E-10 2.7364E-10 2.9076E-10 3.0877E-10 3.2771E-10 3.4749E-10 3.6837E-10 3.9015E-10 4.1312E-10 4.3710E-10 4.6231E-10 4.8841E-10 5.1613E-10 5.4495E-10 5.7494E-10 6.0602E-10 6.3875E-10 6.7296E-10 7.0787E-10 7.4476E-10 7.8323E-10 8.2259E-10 8.6371E-10 9.0664E-10 9.5066E-10 9.9621E-10 1.0438E-09 1.0928E-09 1.1427E-09 1.1951E-09 1.2489E-09 1.3035E-09 1.3606E-09 1.4189E-09 1.4784E-09 1.5399E-09 1.6026E-09 1.6669E-09 1.7325E-09 1.7992E-09 1.8677E-09 1.9371E-09 2.0076E-09 2.0795E-09 2.1522E-09 2.2260E-09 2.3007E-09 2.3760E-09 2.4521E-09 2.5286E-09 2.6055E-09
1.7788E-10 1.8996E-10 2.0264E-10 2.1593E-10 2.2984E-10 2.4487E-10 2.6052E-10 2.7701E-10 2.9413E-10 3.1239E-10 3.3158E-10 3.5175E-10 3.7282E-10 3.9503E-10 4.1835E-10 4.4263E-10 4.6810E-10 4.9489E-10 5.2259E-10 5.5184E-10 5.8252E-10 6.1427E-10 6.4706E-10 6.8181E-10 7.1783E-10 7.5471E-10 7.9380E-10 8.3422E-10 8.7587E-10 9.1919E-10 9.6422E-10 1.0109E-09 1.0586E-09 1.1084E-09 1.1600E-09 1.2124E-09 1.2671E-09 1.3234E-09 1.3808E-09 1.4403E-09 1.5011E-09 1.5634E-09 1.6273E-09 1.6927E-09 1.7593E-09 1.8275E-09 1.8969E-09 1.9677E-09 2.0397E-09 2.1124E-09 2.1868E-09 2.2615E-09 2.3375E-09 2.4143E-09 2.4916E-09 2.5696E-09 2.6478E-09
1.7967E-10 1.9178E-10 2.0480E-10 2.1836E-10 2.3261E-10 2.4737E-10 2.6322E-10 2.8003E-10 2.9760E-10 3.1588E-10 3.3532E-10 3.5576E-10 3.7721E-10 3.9962E-10 4.2326E-10 4.4803E-10 4.7369E-10 5.0086E-10 5.2925E-10 5.5865E-10 5.8963E-10 6.2196E-10 6.5581E-10 6.9037E-10 7.2693E-10 7.6511E-10 8.0404E-10 8.4509E-10 8.8782E-10 9.3183E-10 9.7711E-10 1.0246E-09 1.0736E-09 1.1236E-09 1.1760E-09 1.2300E-09 1.2849E-09 1.3423E-09 1.4009E-09 1.4609E-09 1.5229E-09 1.5864E-09 1.6512E-09 1.7177E-09 1.7857E-09 1.8548E-09 1.9255E-09 1.9973E-09 2.0705E-09 2.1449E-09 2.2199E-09 2.2966E-09 2.3734E-09 2.4516E-09 2.5303E-09 2.6094E-09 2.6890E-09
1.8157E-10 1.9374E-10 2.0669E-10 2.2041E-10 2.3501E-10 2.5022E-10 2.6604E-10 2.8281E-10 3.0060E-10 3.1944E-10 3.3903E-10 3.5961E-10 3.8134E-10 4.0403E-10 4.2798E-10 4.5307E-10 4.7938E-10 5.0661E-10 5.3539E-10 5.6549E-10 5.9676E-10 6.2926E-10 6.6359E-10 6.9921E-10 7.3572E-10 7.7445E-10 8.1454E-10 8.5590E-10 8.9896E-10 9.4377E-10 9.9037E-10 1.0378E-09 1.0876E-09 1.1391E-09 1.1916E-09 1.2463E-09 1.3028E-09 1.3605E-09 1.4202E-09 1.4814E-09 1.5442E-09 1.6086E-09 1.6747E-09 1.7421E-09 1.8111E-09 1.8816E-09 1.9532E-09 2.0264E-09 2.1006E-09 2.1762E-09 2.2529E-09 2.3303E-09 2.4089E-09 2.4878E-09 2.5679E-09 2.6483E-09 2.7289E-09
1.8327E-10 1.9569E-10 2.0882E-10 2.2235E-10 2.3711E-10 2.5249E-10 2.6883E-10 2.8570E-10 3.0359E-10 3.2253E-10 3.4245E-10 3.6341E-10 3.8529E-10 4.0841E-10 4.3250E-10 4.5791E-10 4.8455E-10 5.1243E-10 5.4117E-10 5.7178E-10 6.0362E-10 6.3656E-10 6.7107E-10 7.0718E-10 7.4491E-10 7.8344E-10 8.2410E-10 8.6648E-10 9.1002E-10 9.5516E-10 1.0024E-09 1.0512E-09 1.1011E-09 1.1534E-09 1.2073E-09 1.2623E-09 1.3197E-09 1.3785E-09 1.4390E-09 1.5010E-09 1.5649E-09 1.6304E-09 1.6973E-09 1.7659E-09 1.8358E-09 1.9074E-09 1.9802E-09 2.0545E-09 2.1300E-09 2.2066E-09 2.2845E-09 2.3634E-09 2.4429E-09 2.5235E-09 2.6044E-09 2.6859E-09 2.7681E-09
1.8470E-10 1.9743E-10 2.1070E-10 2.2464E-10 2.3910E-10 2.5465E-10 2.7116E-10 2.8844E-10 3.0654E-10 3.2558E-10 3.4573E-10 3.6691E-10 3.8917E-10 4.1244E-10 4.3697E-10 4.6242E-10 4.8950E-10 5.1771E-10 5.4725E-10 5.7768E-10 6.0992E-10 6.4370E-10 6.7865E-10 7.1480E-10 7.5304E-10 7.9267E-10 8.3343E-10 8.7622E-10 9.2065E-10 9.6676E-10 1.0141E-09 1.0635E-09 1.1147E-09 1.1671E-09 1.2218E-09 1.2782E-09 1.3361E-09 1.3957E-09 1.4570E-09 1.5202E-09 1.5848E-09 1.6512E-09 1.7191E-09 1.7890E-09 1.8599E-09 1.9324E-09 2.0066E-09 2.0816E-09 2.1583E-09 2.2362E-09 2.3151E-09 2.3951E-09 2.4760E-09 2.5576E-09 2.6399E-09 2.7226E-09 2.8054E-09
1.8603E-10 1.9889E-10 2.1228E-10 2.2655E-10 2.4143E-10 2.5680E-10 2.7336E-10 2.9082E-10 3.0932E-10 3.2858E-10 3.4884E-10 3.7025E-10 3.9262E-10 4.1639E-10 4.4119E-10 4.6711E-10 4.9408E-10 5.2263E-10 5.5263E-10 5.8386E-10 6.1592E-10 6.5012E-10 6.8565E-10 7.2281E-10 7.6080E-10 8.0093E-10 8.4280E-10 8.8571E-10 9.3055E-10 9.7741E-10 1.0258E-09 1.0753E-09 1.1274E-09 1.1808E-09 1.2359E-09 1.2931E-09 1.3518E-09 1.4123E-09 1.4744E-09 1.5384E-09 1.6042E-09 1.6713E-09 1.7404E-09 1.8108E-09 1.8832E-09 1.9566E-09 2.0316E-09 2.1082E-09 2.1856E-09 2.2647E-09 2.3450E-09 2.4258E-09 2.5079E-09 2.5906E-09 2.6738E-09 2.7577E-09 2.8417E-09
1.8780E-10 2.0024E-10 2.1376E-10 2.2817E-10 2.4319E-10 2.5915E-10 2.7565E-10 2.9316E-10 3.1173E-10 3.3129E-10 3.5198E-10 3.7351E-10 3.9615E-10 4.1989E-10 4.4496E-10 4.7139E-10 4.9883E-10 5.2742E-10 5.5761E-10 5.8919E-10 6.2232E-10 6.5620E-10 6.9214E-10 7.2975E-10 7.6877E-10 8.0879E-10 8.5117E-10 8.9504E-10 9.4015E-10 9.8744E-10 1.0365E-09 1.0872E-09 1.1393E-09 1.1936E-09 1.2497E-09 1.3073E-09 1.3669E-09 1.4282E-09 1.4913E-09 1.5560E-09 1.6226E-09 1.6907E-09 1.7608E-09 1.8324E-09 1.9051E-09 1.9800E-09 2.0559E-09 2.1333E-09 2.2123E-09 2.2920E-09 2.3732E-09 2.4555E-09 2.5383E-09 2.6222E-09 2.7066E-09 2.7911E-09 2.8766E-09
1.8914E-10 2.0203E-10 2.1536E-10 2.2966E-10 2.4481E-10 2.6092E-10 2.7779E-10 2.9547E-10 3.1410E-10 3.3384E-10 3.5461E-10 3.7645E-10 3.9944E-10 4.2345E-10 4.4864E-10 4.7519E-10 5.0303E-10 5.3232E-10 5.6244E-10 5.9422E-10 6.2770E-10 6.6253E-10 6.9828E-10 7.3631E-10 7.7577E-10 8.1697E-10 8.5910E-10 9.0349E-10 9.4976E-10 9.9726E-10 1.0466E-09 1.0981E-09 1.1511E-09 1.2057E-09 1.2627E-09 1.3211E-09 1.3814E-09 1.4433E-09 1.5072E-09 1.5729E-09 1.6402E-09 1.7095E-09 1.7800E-09 1.8527E-09 1.9265E-09 2.0020E-09 2.0793E-09 2.1574E-09 2.2373E-09 2.3186E-09 2.4004E-09 2.4837E-09 2.5677E-09 2.6524E-09 2.7378E-09 2.8237E-09 2.9096E-09
1.9019E-10 2.0318E-10 2.1703E-10 2.3148E-10 2.4630E-10 2.6254E-10 2.7956E-10 2.9761E-10 3.1641E-10 3.3621E-10 3.5717E-10 3.7908E-10 4.0239E-10 4.2674E-10 4.5232E-10 4.7888E-10 5.0685E-10 5.3643E-10 5.6725E-10 5.9906E-10 6.3275E-10 6.6793E-10 7.0478E-10 7.4247E-10 7.8235E-10 8.2401E-10 8.6718E-10 9.1145E-10 9.5823E-10 1.0066E-09 1.0566E-09 1.1083E-09 1.1621E-09 1.2175E-09 1.2747E-09 1.3341E-09 1.3950E-09 1.4579E-09 1.5224E-09 1.5889E-09 1.6569E-09 1.7269E-09 1.7988E-09 1.8718E-09 1.9470E-09 2.0233E-09 2.1012E-09 2.1809E-09 2.2613E-09 2.3434E-09 2.4266E-09 2.5105E-09 2.5956E-09 2.6813E-09 2.7673E-09 2.8544E-09 2.9416E-09
1.9113E-10 2.0422E-10 2.1817E-10 2.3273E-10 2.4823E-10 2.6402E-10 2.8117E-10 2.9937E-10 3.1843E-10 3.3862E-10 3.5953E-10 3.8177E-10 4.0501E-10 4.2957E-10 4.5549E-10 4.8255E-10 5.1063E-10 5.4023E-10 5.7133E-10 6.0400E-10 6.3772E-10 6.7296E-10 7.1018E-10 7.4883E-10 7.8850E-10 8.3059E-10 8.7420E-10 9.1971E-10 9.6620E-10 1.0151E-09 1.0658E-09 1.1183E-09 1.1723E-09 1.2285E-09 1.2864E-09 1.3463E-09 1.4080E-09 1.4715E-09 1.5369E-09 1.6040E-09 1.6730E-09 1.7436E-09 1.8163E-09 1.8903E-09 1.9660E-09 2.0436E-09 2.1222E-09 2.2026E-09 2.2845E-09 2.3671E-09 2.4512E-09 2.5362E-09 2.6222E-09 2.7086E-09 2.7959E-09 2.8833E-09 2.9715E-09
1.9219E-10 2.0514E-10 2.1919E-10 2.3385E-10 2.4946E-10 2.6582E-10 2.8287E-10 3.0096E-10 3.2016E-10 3.4050E-10 3.6179E-10 3.8422E-10 4.0767E-10 4.3215E-10 4.5828E-10 4.8557E-10 5.1430E-10 5.4398E-10 5.7509E-10 6.0805E-10 6.4237E-10 6.7790E-10 7.1518E-10 7.5418E-10 7.9497E-10 8.3670E-10 8.8073E-10 9.2669E-10 9.7427E-10 1.0230E-09 1.0744E-09 1.1275E-09 1.1822E-09 1.2388E-09 1.2973E-09 1.3578E-09 1.4201E-09 1.4844E-09 1.5505E-09 1.6182E-09 1.6880E-09 1.7595E-09 1.8326E-09 1.9078E-09 1.9843E-09 2.0624E-09 2.1424E-09 2.2232E-09 2.3058E-09 2.3896E-09 2.4744E-09 2.5605E-09 2.6470E-09 2.7343E-09 2.8225E-09 2.9111E-09 2.9996E-09
1.9323E-10 2.0617E-10 2.2009E-10 2.3484E-10 2.5054E-10 2.6701E-10 2.8450E-10 3.0262E-10 3.2183E-10 3.4219E-10 3.6363E-10 3.8632E-10 4.1006E-10 4.3491E-10 4.6082E-10 4.8830E-10 5.1726E-10 5.4746E-10 5.7878E-10 6.1175E-10 6.4635E-10 6.8263E-10 7.1990E-10 7.5910E-10 8.0025E-10 8.4295E-10 8.8676E-10 9.3314E-10 9.8116E-10 1.0310E-09 1.0822E-09 1.1358E-09 1.1913E-09 1.2485E-09 1.3075E-09 1.3685E-09 1.4315E-09 1.4964E-09 1.5631E-09 1.6315E-09 1.7020E-09 1.7743E-09 1.8483E-09 1.9239E-09 2.0015E-09 2.0802E-09 2.1608E-09 2.2430E-09 2.3260E-09 2.4108E-09 2.4963E-09 2.5830E-09 2.6704E-09 2.7587E-09 2.8474E-09 2.9368E-09 3.0265E-09
1.9385E-10 2.0729E-10 2.2131E-10 2.3568E-10 2.5148E-10 2.6804E-10 2.8564E-10 3.0409E-10 3.2343E-10 3.4392E-10 3.6525E-10 3.8809E-10 4.1198E-10 4.3722E-10 4.6360E-10 4.9075E-10 5.1991E-10 5.5034E-10 5.8217E-10 6.1537E-10 6.4995E-10 6.8651E-10 7.2453E-10 7.6372E-10 8.0507E-10 8.4811E-10 8.9308E-10 9.3905E-10 9.8749E-10 1.0379E-09 1.0899E-09 1.1437E-09 1.1995E-09 1.2574E-09 1.3170E-09 1.3785E-09 1.4420E-09 1.5077E-09 1.5749E-09 1.6441E-09 1.7150E-09 1.7880E-09 1.8625E-09 1.9392E-09 2.0172E-09 2.0970E-09 2.1781E-09 2.2609E-09 2.3450E-09 2.4301E-09 2.5168E-09 2.6040E-09 2.6921E-09 2.7812E-09 2.8710E-09 2.9605E-09 3.0509E-09
1.9437E-10 2.0786E-10 2.2195E-10 2.3697E-10 2.5227E-10 2.6891E-10 2.8661E-10 3.0515E-10 3.2482E-10 3.4532E-10 3.6704E-10 3.8963E-10 4.1366E-10 4.3906E-10 4.6560E-10 4.9343E-10 5.2251E-10 5.5288E-10 5.8509E-10 6.1850E-10 6.5344E-10 6.8999E-10 7.2827E-10 7.6836E-10 8.0954E-10 8.5276E-10 8.9808E-10 9.4506E-10 9.9338E-10 1.0441E-09 1.0967E-09 1.1510E-09 1.2073E-09 1.2655E-09 1.3257E-09 1.3878E-09 1.4517E-09 1.5179E-09 1.5857E-09 1.6555E-09 1.7273E-09 1.8004E-09 1.8760E-09 1.9530E-09 2.0318E-09 2.1123E-09 2.1945E-09 2.2776E-09 2.3624E-09 2.4484E-09 2.5355E-09 2.6234E-09 2.7124E-09 2.8019E-09 2.8922E-09 2.9830E-09 3.0736E-09
1.9476E-10 2.0831E-10 2.2246E-10 2.3754E-10 2.5337E-10 2.6975E-10 2.8740E-10 3.0603E-10 3.2580E-10 3.4651E-10 3.6845E-10 3.9131E-10 4.1520E-10 4.4062E-10 4.6731E-10 4.9545E-10 5.2469E-10 5.5534E-10 5.8749E-10 6.2126E-10 6.5657E-10 6.9319E-10 7.3158E-10 7.7194E-10 8.1385E-10 8.5705E-10 9.0255E-10 9.4987E-10 9.9902E-10 1.0499E-09 1.1026E-09 1.1575E-09 1.2142E-09 1.2729E-09 1.3335E-09 1.3961E-09 1.4607E-09 1.5271E-09 1.5955E-09 1.6659E-09 1.7382E-09 1.8122E-09 1.8880E-09 1.9660E-09 2.0454E-09 2.1263E-09 2.2090E-09 2.2930E-09 2.3782E-09 2.4651E-09 2.5526E-09 2.6411E-09 2.7308E-09 2.8211E-09 2.9116E-09 3.0030E-09 3.0947E-09
1.9504E-10 2.0864E-10 2.2284E-10 2.3798E-10 2.5386E-10 2.7076E-10 2.8826E-10 3.0685E-10 3.2658E-10 3.4737E-10 3.6942E-10 3.9249E-10 4.1664E-10 4.4217E-10 4.6873E-10 4.9701E-10 5.2656E-10 5.5736E-10 5.8967E-10 6.2350E-10 6.5916E-10 6.9612E-10 7.3458E-10 7.7504E-10 8.1721E-10 8.6113E-10 9.0647E-10 9.5410E-10 1.0036E-09 1.0550E-09 1.1081E-09 1.1631E-09 1.2204E-09 1.2795E-09 1.3404E-09 1.4036E-09 1.4687E-09 1.5355E-09 1.6045E-09 1.6756E-09 1.7480E-09 1.8229E-09 1.8992E-09 1.9775E-09 2.0576E-09 2.1392E-09 2.2222E-09 2.3066E-09 2.3928E-09 2.4798E-09 2.5681E-09 2.6572E-09 2.7474E-09 2.8383E-09 2.9298E-09 3.0213E-09 3.1136E-09
1.9561E-10 2.0895E-10 2.2308E-10 2.3826E-10 2.5420E-10 2.7115E-10 2.8893E-10 3.0760E-10 3.2728E-10 3.4803E-10 3.7015E-10 3.9332E-10 4.1782E-10 4.4346E-10 4.7012E-10 4.9827E-10 5.2794E-10 5.5904E-10 5.9149E-10 6.2547E-10 6.6118E-10 6.9849E-10 7.3727E-10 7.7766E-10 8.2007E-10 8.6444E-10 9.1029E-10 9.5788E-10 1.0077E-09 1.0592E-09 1.1129E-09 1.1684E-09 1.2257E-09 1.2853E-09 1.3468E-09 1.4100E-09 1.4757E-09 1.5429E-09 1.6124E-09 1.6837E-09 1.7570E-09 1.8320E-09 1.9093E-09 1.9877E-09 2.0684E-09 2.1506E-09 2.2340E-09 2.3192E-09 2.4054E-09 2.4934E-09 2.5817E-09 2.6718E-09 2.7622E-09 2.8534E-09 2.9454E-09 3.0378E-09 3.1302E-09
1.9590E-10 2.0925E-10 2.2329E-10 2.3840E-10 2.5437E-10 2.7137E-10 2.8921E-10 3.0814E-10 3.2789E-10 3.4858E-10 3.7066E-10 3.9390E-10 4.1848E-10 4.4421E-10 4.7122E-10 4.9947E-10 5.2900E-10 5.6037E-10 5.9311E-10 6.2707E-10 6.6279E-10 7.0026E-10 7.3955E-10 7.8024E-10 8.2256E-10 8.6701E-10 9.1329E-10 9.6142E-10 1.0113E-09 1.0630E-09 1.1170E-09 1.1727E-09 1.2305E-09 1.2903E-09 1.3521E-09 1.4159E-09 1.4816E-09 1.5494E-09 1.6192E-09 1.6910E-09 1.7645E-09 1.8404E-09 1.9177E-09 1.9969E-09 2.0777E-09 2.1605E-09 2.2444E-09 2.3300E-09 2.4169E-09 2.5051E-09 2.5941E-09 2.6841E-09 2.7755E-09 2.8669E-09 2.9591E-09 3.0522E-09 3.1452E-09
1.9583E-10 2.0932E-10 2.2348E-10 2.3851E-10 2.5440E-10 2.7143E-10 2.8930E-10 3.0828E-10 3.2818E-10 3.4930E-10 3.7131E-10 3.9422E-10 4.1888E-10 4.4468E-10 4.7177E-10 5.0025E-10 5.2998E-10 5.6120E-10 5.9405E-10 6.2843E-10 6.6426E-10 7.0159E-10 7.4104E-10 7.8206E-10 8.2484E-10 8.6904E-10 9.1552E-10 9.6387E-10 1.0142E-09 1.0662E-09 1.1201E-09 1.1764E-09 1.2344E-09 1.2943E-09 1.3566E-09 1.4208E-09 1.4867E-09 1.5549E-09 1.6253E-09 1.6970E-09 1.7714E-09 1.8472E-09 1.9250E-09 2.0047E-09 2.0860E-09 2.1688E-09 2.2536E-09 2.3393E-09 2.4266E-09 2.5149E-09 2.6048E-09 2.6951E-09 2.7864E-09 2.8787E-09 2.9712E-09 3.0643E-09 3.1579E-09
1.9564E-10 2.0914E-10 2.2356E-10 2.3847E-10 2.5437E-10 2.7131E-10 2.8920E-10 3.0821E-10 3.2814E-10 3.4930E-10 3.7147E-10 3.9468E-10 4.1901E-10 4.4486E-10 4.7217E-10 5.0072E-10 5.3051E-10 5.6181E-10 5.9462E-10 6.2925E-10 6.6518E-10 7.0276E-10 7.4206E-10 7.8323E-10 8.2616E-10 8.7096E-10 9.1717E-10 9.6570E-10 1.0162E-09 1.0687E-09 1.1229E-09 1.1791E-09 1.2375E-09 1.2977E-09 1.3602E-09 1.4247E-09 1.4909E-09 1.5594E-09 1.6299E-09 1.7024E-09 1.7766E-09 1.8531E-09 1.9309E-09 2.0111E-09 2.0928E-09 2.1759E-09 2.2608E-09 2.3473E-09 2.4347E-09 2.5233E-09 2.6133E-09 2.7044E-09 2.7958E-09 2.8881E-09 2.9814E-09 3.0746E-09 3.1683E-09
1.9533E-10 2.0884E-10 2.2326E-10 2.3841E-10 2.5454E-10 2.7103E-10 2.8893E-10 3.0795E-10 3.2790E-10 3.4908E-10 3.7127E-10 3.9463E-10 4.1925E-10 4.4488E-10 4.7212E-10 5.0072E-10 5.3072E-10 5.6207E-10 5.9494E-10 6.2951E-10 6.6569E-10 7.0335E-10 7.4275E-10 7.8389E-10 8.2715E-10 8.7189E-10 9.1868E-10 9.6712E-10 1.0178E-09 1.0702E-09 1.1249E-09 1.1813E-09 1.2397E-09 1.3004E-09 1.3628E-09 1.4275E-09 1.4941E-09 1.5629E-09 1.6336E-09 1.7062E-09 1.7811E-09 1.8575E-09 1.9359E-09 2.0162E-09 2.0982E-09 2.1815E-09 2.2667E-09 2.3532E-09 2.4411E-09 2.5300E-09 2.6202E-09 2.7114E-09 2.8034E-09 2.8958E-09 2.9892E-09 3.0830E-09 3.1767E-09
1.9490E-10 2.0840E-10 2.2281E-10 2.3796E-10 2.5409E-10 2.7104E-10 2.8858E-10 3.0750E-10 3.2745E-10 3.4864E-10 3.7084E-10 3.9436E-10 4.1885E-10 4.4475E-10 4.7188E-10 5.0040E-10 5.3043E-10 5.6198E-10 5.9488E-10 6.2937E-10 6.6561E-10 7.0367E-10 7.4298E-10 7.8420E-10 8.2741E-10 8.7245E-10 9.1935E-10 9.6802E-10 1.0185E-09 1.0713E-09 1.1259E-09 1.1827E-09 1.2412E-09 1.3019E-09 1.3649E-09 1.4293E-09 1.4964E-09 1.5653E-09 1.6361E-09 1.7090E-09 1.7840E-09 1.8608E-09 1.9395E-09 2.0199E-09 2.1019E-09 2.1857E-09 2.2710E-09 2.3578E-09 2.4457E-09 2.5352E-09 2.6254E-09 2.7168E-09 2.8088E-09 2.9017E-09 2.9949E-09 3.0889E-09 3.1833E-09
