Assets/Resources/2015_m01_d31_1400(utc+0800)_l00_csi_1hr_conc.grd
DSAA
         159         159
     -79.000      79.000
     -79.000      79.000
  0.0000E+00  0.2279E-05
[rows 25 to 49 of 159, columns 0 to 56 of 159]
6.0798E-11 9.0066E-11 1.3625E-10 1.9139E-10 2.6686E-10 3.5284E-10 4.6698E-10 6.0231E-10 7.6538E-10 9.5555E-10 1.1826E-09 1.4412E-09 1.7485E-09 2.0936E-09 2.4980E-09 2.9484E-09 3.4621E-09 4.0246E-09 4.6476E-09 5.3263E-09 6.0574E-09 6.8379E-09 7.6605E-09 8.5192E-09 9.3983E-09 1.0290E-08 1.1186E-08 1.2061E-08 1.2900E-08 1.3700E-08 1.4430E-08 1.5075E-08 1.5620E-08 1.6051E-08 1.6355E-08 1.6517E-08 1.6522E-08 1.6374E-08 1.6063E-08 1.5594E-08 1.4975E-08 1.4213E-08 1.3328E-08 1.2340E-08 1.1274E-08 1.0158E-08 9.0233E-09 7.8962E-09 6.8062E-09 5.7795E-09 4.8294E-09 3.9754E-09 3.2237E-09 2.5801E-09 2.0336E-09 1.5796E-09 1.1902E-09
5.3352E-11 7.7935E-11 1.2139E-10 1.7182E-10 2.4228E-10 3.2372E-10 4.2951E-10 5.5896E-10 7.1417E-10 8.9700E-10 1.1138E-09 1.3634E-09 1.6603E-09 1.9922E-09 2.3852E-09 2.8225E-09 3.3255E-09 3.8755E-09 4.4910E-09 5.1621E-09 5.8887E-09 6.6686E-09 7.4977E-09 8.3629E-09 9.2580E-09 1.0177E-08 1.1095E-08 1.2005E-08 1.2897E-08 1.3742E-08 1.4524E-08 1.5233E-08 1.5844E-08 1.6345E-08 1.6712E-08 1.6932E-08 1.7000E-08 1.6904E-08 1.6635E-08 1.6196E-08 1.5590E-08 1.4829E-08 1.3931E-08 1.2914E-08 1.1808E-08 1.0641E-08 9.4467E-09 8.2580E-09 7.1047E-09 6.0112E-09 5.0083E-09 4.1030E-09 3.3091E-09 2.6264E-09 2.0509E-09 1.5778E-09 1.1873E-09
4.6267E-11 6.5856E-11 1.0896E-10 1.5199E-10 2.2001E-10 2.9455E-10 3.9456E-10 5.1533E-10 6.6363E-10 8.3705E-10 1.0448E-09 1.2839E-09 1.5694E-09 1.8879E-09 2.2674E-09 2.6897E-09 3.1796E-09 3.7150E-09 4.3208E-09 4.9797E-09 5.6999E-09 6.4780E-09 7.3049E-09 8.1762E-09 9.0884E-09 1.0021E-08 1.0967E-08 1.1918E-08 1.2847E-08 1.3742E-08 1.4587E-08 1.5357E-08 1.6041E-08 1.6610E-08 1.7048E-08 1.7348E-08 1.7486E-08 1.7449E-08 1.7228E-08 1.6828E-08 1.6247E-08 1.5495E-08 1.4586E-08 1.3546E-08 1.2400E-08 1.1182E-08 9.9288E-09 8.6720E-09 7.4482E-09 6.2932E-09 5.2237E-09 4.2614E-09 3.4177E-09 2.6964E-09 2.0953E-09 1.5978E-09 1.1882E-09
3.8748E-11 5.6945E-11 9.4816E-11 1.3531E-10 1.9896E-10 2.6526E-10 3.6265E-10 4.7211E-10 6.1353E-10 7.7723E-10 9.7499E-10 1.2029E-09 1.4765E-09 1.7805E-09 2.1455E-09 2.5520E-09 3.0257E-09 3.5447E-09 4.1370E-09 4.7808E-09 5.4930E-09 6.2620E-09 7.0850E-09 7.9617E-09 8.8796E-09 9.8282E-09 1.0801E-08 1.1781E-08 1.2753E-08 1.3700E-08 1.4602E-08 1.5443E-08 1.6197E-08 1.6845E-08 1.7371E-08 1.7750E-08 1.7960E-08 1.7994E-08 1.7839E-08 1.7489E-08 1.6944E-08 1.6209E-08 1.5301E-08 1.4241E-08 1.3061E-08 1.1794E-08 1.0479E-08 9.1554E-09 7.8623E-09 6.6300E-09 5.4921E-09 4.4701E-09 3.5692E-09 2.8024E-09 2.1611E-09 1.6319E-09 1.2073E-09
3.4059E-11 4.8931E-11 8.1825E-11 1.1990E-10 1.7867E-10 2.3932E-10 3.2906E-10 4.3147E-10 5.6496E-10 7.1711E-10 9.0600E-10 1.1218E-09 1.3828E-09 1.6704E-09 2.0207E-09 2.4086E-09 2.8655E-09 3.3654E-09 3.9403E-09 4.5670E-09 5.2672E-09 6.0228E-09 6.8401E-09 7.7148E-09 8.6354E-09 9.5976E-09 1.0591E-08 1.1601E-08 1.2610E-08 1.3608E-08 1.4572E-08 1.5476E-08 1.6310E-08 1.7048E-08 1.7657E-08 1.8120E-08 1.8423E-08 1.8544E-08 1.8462E-08 1.8171E-08 1.7669E-08 1.6962E-08 1.6059E-08 1.4989E-08 1.3780E-08 1.2465E-08 1.1092E-08 9.6980E-09 8.3286E-09 7.0214E-09 5.8101E-09 4.7153E-09 3.7566E-09 2.9357E-09 2.2507E-09 1.6929E-09 1.2348E-09
3.0800E-11 4.1672E-11 7.1938E-11 1.0452E-10 1.5950E-10 2.1516E-10 2.9655E-10 3.9280E-10 5.1558E-10 6.5821E-10 8.3749E-10 1.0396E-09 1.2880E-09 1.5612E-09 1.8924E-09 2.2618E-09 2.7001E-09 3.1779E-09 3.7335E-09 4.3399E-09 5.0229E-09 5.7614E-09 6.5701E-09 7.4364E-09 8.3551E-09 9.3269E-09 1.0336E-08 1.1366E-08 1.2416E-08 1.3463E-08 1.4477E-08 1.5459E-08 1.6375E-08 1.7193E-08 1.7895E-08 1.8463E-08 1.8864E-08 1.9074E-08 1.9074E-08 1.8858E-08 1.8414E-08 1.7747E-08 1.6867E-08 1.5797E-08 1.4564E-08 1.3213E-08 1.1780E-08 1.0319E-08 8.8747E-09 7.4871E-09 6.1941E-09 5.0252E-09 3.9943E-09 3.1114E-09 2.3756E-09 1.7712E-09 1.2805E-09
2.7682E-11 3.7147E-11 6.3659E-11 9.1471E-11 1.4198E-10 1.9180E-10 2.6798E-10 3.5456E-10 4.6902E-10 6.0130E-10 7.6711E-10 9.5819E-10 1.1930E-09 1.4479E-09 1.7633E-09 2.1120E-09 2.5278E-09 2.9851E-09 3.5176E-09 4.1002E-09 4.7621E-09 5.4795E-09 6.2742E-09 7.1255E-09 8.0415E-09 9.0147E-09 1.0029E-08 1.1086E-08 1.2167E-08 1.3249E-08 1.4328E-08 1.5378E-08 1.6367E-08 1.7278E-08 1.8086E-08 1.8755E-08 1.9257E-08 1.9569E-08 1.9672E-08 1.9540E-08 1.9168E-08 1.8553E-08 1.7703E-08 1.6640E-08 1.5398E-08 1.4010E-08 1.2529E-08 1.1002E-08 9.4769E-09 8.0077E-09 6.6332E-09 5.3794E-09 4.2729E-09 3.3210E-09 2.5247E-09 1.8717E-09 1.3466E-09
2.6464E-11 3.3578E-11 5.6687E-11 8.0810E-11 1.2542E-10 1.7122E-10 2.4073E-10 3.1763E-10 4.2488E-10 5.4406E-10 6.9796E-10 8.7709E-10 1.0978E-09 1.3363E-09 1.6327E-09 1.9592E-09 2.3544E-09 2.7848E-09 3.2900E-09 3.8502E-09 4.4856E-09 5.1800E-09 5.9530E-09 6.7861E-09 7.6930E-09 8.6572E-09 9.6779E-09 1.0749E-08 1.1850E-08 1.2975E-08 1.4108E-08 1.5217E-08 1.6287E-08 1.7294E-08 1.8199E-08 1.8973E-08 1.9592E-08 2.0019E-08 2.0226E-08 2.0194E-08 1.9906E-08 1.9359E-08 1.8559E-08 1.7526E-08 1.6284E-08 1.4876E-08 1.3351E-08 1.1762E-08 1.0167E-08 8.6134E-09 7.1449E-09 5.8052E-09 4.6122E-09 3.5777E-09 2.7106E-09 2.0000E-09 1.4213E-09
2.5226E-11 3.1265E-11 5.0984E-11 7.2171E-11 1.1136E-10 1.5150E-10 2.1546E-10 2.8387E-10 3.7999E-10 4.9220E-10 6.3294E-10 7.9394E-10 1.0030E-09 1.2243E-09 1.5010E-09 1.8070E-09 2.1754E-09 2.5794E-09 3.0604E-09 3.5900E-09 4.1952E-09 4.8640E-09 5.6086E-09 6.4196E-09 7.3081E-09 8.2585E-09 9.2786E-09 1.0353E-08 1.1472E-08 1.2632E-08 1.3805E-08 1.4975E-08 1.6124E-08 1.7217E-08 1.8221E-08 1.9110E-08 1.9846E-08 2.0392E-08 2.0718E-08 2.0797E-08 2.0614E-08 2.0155E-08 1.9421E-08 1.8424E-08 1.7199E-08 1.5782E-08 1.4223E-08 1.2583E-08 1.0915E-08 9.2756E-09 7.7194E-09 6.2808E-09 4.9924E-09 3.8771E-09 2.9324E-09 2.1459E-09 1.5225E-09
2.3923E-11 2.9296E-11 4.6521E-11 6.4639E-11 9.8049E-11 1.3446E-10 1.9093E-10 2.5229E-10 3.3986E-10 4.3888E-10 5.6869E-10 7.1559E-10 9.0768E-10 1.1128E-09 1.3714E-09 1.6516E-09 1.9970E-09 2.3734E-09 2.8222E-09 3.3192E-09 3.8955E-09 4.5300E-09 5.2434E-09 6.0287E-09 6.8891E-09 7.8223E-09 8.8297E-09 9.8987E-09 1.1031E-08 1.2211E-08 1.3418E-08 1.4645E-08 1.5861E-08 1.7033E-08 1.8138E-08 1.9139E-08 1.9994E-08 2.0666E-08 2.1122E-08 2.1332E-08 2.1263E-08 2.0905E-08 2.0253E-08 1.9321E-08 1.8136E-08 1.6731E-08 1.5158E-08 1.3473E-08 1.1742E-08 1.0024E-08 8.3705E-09 6.8308E-09 5.4464E-09 4.2287E-09 3.1946E-09 2.3386E-09 1.6528E-09
2.2222E-11 2.7653E-11 4.2907E-11 5.6983E-11 8.8450E-11 1.1791E-10 1.6725E-10 2.2434E-10 2.9888E-10 3.8936E-10 5.0698E-10 6.3695E-10 8.1501E-10 1.0019E-09 1.2370E-09 1.4977E-09 1.8206E-09 2.1620E-09 2.5825E-09 3.0460E-09 3.5850E-09 4.1838E-09 4.8628E-09 5.6116E-09 6.4398E-09 7.3484E-09 8.3326E-09 9.3902E-09 1.0523E-08 1.1710E-08 1.2946E-08 1.4215E-08 1.5485E-08 1.6735E-08 1.7934E-08 1.9041E-08 2.0014E-08 2.0822E-08 2.1418E-08 2.1759E-08 2.1821E-08 2.1587E-08 2.1044E-08 2.0198E-08 1.9066E-08 1.7689E-08 1.6115E-08 1.4403E-08 1.2615E-08 1.0816E-08 9.0703E-09 7.4338E-09 5.9371E-09 4.6236E-09 3.4966E-09 2.5619E-09 1.8053E-09
2.0759E-11 2.5015E-11 3.9497E-11 5.1818E-11 7.7863E-11 1.0323E-10 1.4686E-10 1.9493E-10 2.6252E-10 3.4175E-10 4.4390E-10 5.6285E-10 7.2189E-10 8.9061E-10 1.1080E-09 1.3427E-09 1.6372E-09 1.9534E-09 2.3414E-09 2.7658E-09 3.2696E-09 3.8268E-09 4.4650E-09 5.1753E-09 5.9641E-09 6.8378E-09 7.7903E-09 8.8294E-09 9.9465E-09 1.1131E-08 1.2384E-08 1.3678E-08 1.4994E-08 1.6311E-08 1.7589E-08 1.8796E-08 1.9894E-08 2.0832E-08 2.1563E-08 2.2057E-08 2.2270E-08 2.2177E-08 2.1759E-08 2.1015E-08 1.9971E-08 1.8649E-08 1.7097E-08 1.5372E-08 1.3540E-08 1.1677E-08 9.8437E-09 8.1000E-09 6.5077E-09 5.0869E-09 3.8591E-09 2.8330E-09 2.0063E-09
1.8564E-11 2.2602E-11 3.5811E-11 4.6140E-11 6.9499E-11 8.9687E-11 1.2719E-10 1.6916E-10 2.2774E-10 2.9613E-10 3.8800E-10 4.8933E-10 6.3050E-10 7.8212E-10 9.7885E-10 1.1866E-09 1.4585E-09 1.7425E-09 2.0963E-09 2.4874E-09 2.9491E-09 3.4619E-09 4.0594E-09 4.7202E-09 5.4645E-09 6.2966E-09 7.2099E-09 8.2167E-09 9.3048E-09 1.0480E-08 1.1731E-08 1.3034E-08 1.4384E-08 1.5750E-08 1.7098E-08 1.8402E-08 1.9607E-08 2.0671E-08 2.1554E-08 2.2202E-08 2.2575E-08 2.2635E-08 2.2366E-08 2.1759E-08 2.0820E-08 1.9574E-08 1.8063E-08 1.6349E-08 1.4496E-08 1.2582E-08 1.0671E-08 8.8413E-09 7.1356E-09 5.6024E-09 4.2689E-09 3.1468E-09 2.2382E-09
1.6751E-11 2.0007E-11 3.1466E-11 4.1324E-11 6.0695E-11 7.8026E-11 1.1028E-10 1.4534E-10 1.9494E-10 2.5377E-10 3.3496E-10 4.2110E-10 5.4369E-10 6.7603E-10 8.5083E-10 1.0368E-09 1.2774E-09 1.5325E-09 1.8554E-09 2.2039E-09 2.6260E-09 3.0954E-09 3.6430E-09 4.2534E-09 4.9490E-09 5.7282E-09 6.5926E-09 7.5570E-09 8.6089E-09 9.7571E-09 1.0985E-08 1.2290E-08 1.3655E-08 1.5050E-08 1.6459E-08 1.7837E-08 1.9141E-08 2.0333E-08 2.1356E-08 2.2163E-08 2.2701E-08 2.2937E-08 2.2838E-08 2.2385E-08 2.1578E-08 2.0438E-08 1.9009E-08 1.7333E-08 1.5485E-08 1.3535E-08 1.1567E-08 9.6445E-09 7.8339E-09 6.1935E-09 4.7475E-09 3.5232E-09 2.5268E-09
1.4436E-11 1.7012E-11 2.7625E-11 3.5566E-11 5.2670E-11 6.7620E-11 9.4481E-11 1.2390E-10 1.6724E-10 2.1384E-10 2.8311E-10 3.6000E-10 4.6075E-10 5.7421E-10 7.2996E-10 8.8855E-10 1.1019E-09 1.3293E-09 1.6128E-09 1.9267E-09 2.3060E-09 2.7270E-09 3.2268E-09 3.7825E-09 4.4215E-09 5.1423E-09 5.9536E-09 6.8626E-09 7.8632E-09 8.9676E-09 1.0164E-08 1.1448E-08 1.2805E-08 1.4218E-08 1.5663E-08 1.7098E-08 1.8493E-08 1.9797E-08 2.0956E-08 2.1922E-08 2.2637E-08 2.3061E-08 2.3146E-08 2.2869E-08 2.2231E-08 2.1232E-08 1.9900E-08 1.8299E-08 1.6482E-08 1.4526E-08 1.2515E-08 1.0519E-08 8.6180E-09 6.8568E-09 5.2989E-09 3.9661E-09 2.8625E-09
1.1793E-11 1.4245E-11 2.3410E-11 2.9901E-11 4.5443E-11 5.6648E-11 7.9733E-11 1.0415E-10 1.3980E-10 1.7873E-10 2.3531E-10 2.9887E-10 3.8831E-10 4.7913E-10 6.1254E-10 7.5002E-10 9.3638E-10 1.1283E-09 1.3805E-09 1.6556E-09 1.9906E-09 2.3649E-09 2.8118E-09 3.3107E-09 3.8909E-09 4.5505E-09 5.2977E-09 6.1424E-09 7.0852E-09 8.1346E-09 9.2796E-09 1.0528E-08 1.1861E-08 1.3271E-08 1.4728E-08 1.6208E-08 1.7673E-08 1.9075E-08 2.0360E-08 2.1477E-08 2.2374E-08 2.2981E-08 2.3264E-08 2.3196E-08 2.2737E-08 2.1907E-08 2.0728E-08 1.9229E-08 1.7482E-08 1.5552E-08 1.3518E-08 1.1468E-08 9.4693E-09 7.6077E-09 5.9343E-09 4.4772E-09 3.2705E-09
6.2303E-12 1.0677E-11 1.8726E-11 2.4556E-11 3.7893E-11 4.7026E-11 6.6367E-11 8.5535E-11 1.1564E-10 1.4814E-10 1.9220E-10 2.4506E-10 3.1954E-10 3.9492E-10 5.0577E-10 6.2067E-10 7.7905E-10 9.4269E-10 1.1564E-09 1.3931E-09 1.6885E-09 2.0128E-09 2.4061E-09 2.8484E-09 3.3674E-09 3.9598E-09 4.6391E-09 5.4143E-09 6.2871E-09 7.2656E-09 8.3542E-09 9.5447E-09 1.0838E-08 1.2222E-08 1.3675E-08 1.5175E-08 1.6690E-08 1.8165E-08 1.9564E-08 2.0825E-08 2.1879E-08 2.2683E-08 2.3178E-08 2.3312E-08 2.3080E-08 2.2455E-08 2.1451E-08 2.0108E-08 1.8465E-08 1.6598E-08 1.4578E-08 1.2493E-08 1.0430E-08 8.4648E-09 6.6636E-09 5.0821E-09 3.7444E-09
3.4680E-13 3.4063E-12 9.0291E-12 1.6143E-11 2.6766E-11 3.6227E-11 5.3989E-11 6.8007E-11 9.1825E-11 1.1947E-10 1.5654E-10 1.9614E-10 2.5741E-10 3.2013E-10 4.1003E-10 5.0210E-10 6.3608E-10 7.7044E-10 9.5118E-10 1.1503E-09 1.3997E-09 1.6767E-09 2.0197E-09 2.4023E-09 2.8583E-09 3.3838E-09 3.9902E-09 4.6905E-09 5.4838E-09 6.3885E-09 7.3992E-09 8.5207E-09 9.7543E-09 1.1093E-08 1.2520E-08 1.4021E-08 1.5552E-08 1.7089E-08 1.8576E-08 1.9952E-08 2.1169E-08 2.2153E-08 2.2855E-08 2.3232E-08 2.3231E-08 2.2846E-08 2.2069E-08 2.0918E-08 1.9436E-08 1.7666E-08 1.5695E-08 1.3604E-08 1.1481E-08 9.4197E-09 7.5012E-09 5.7796E-09 4.3009E-09
0.0000E+00 0.0000E+00 2.2369E-13 4.4537E-12 1.1468E-11 2.1343E-11 3.4631E-11 4.9216E-11 6.8702E-11 9.0462E-11 1.2127E-10 1.5675E-10 2.0166E-10 2.5305E-10 3.2435E-10 4.0010E-10 5.0478E-10 6.1492E-10 7.6499E-10 9.2768E-10 1.1365E-09 1.3688E-09 1.6580E-09 1.9853E-09 2.3776E-09 2.8325E-09 3.3640E-09 3.9848E-09 4.6980E-09 5.5145E-09 6.4412E-09 7.4810E-09 8.6412E-09 9.9143E-09 1.1296E-08 1.2765E-08 1.4296E-08 1.5860E-08 1.7405E-08 1.8881E-08 2.0233E-08 2.1398E-08 2.2313E-08 2.2927E-08 2.3193E-08 2.3077E-08 2.2565E-08 2.1647E-08 2.0356E-08 1.8739E-08 1.6852E-08 1.4788E-08 1.2640E-08 1.0498E-08 8.4573E-09 6.5863E-09 4.9465E-09
0.0000E+00 0.0000E+00 0.0000E+00 0.0000E+00 0.0000E+00 4.0207E-12 1.3192E-11 2.5795E-11 4.1357E-11 5.9428E-11 8.2879E-11 1.1400E-10 1.5267E-10 1.9240E-10 2.4918E-10 3.1112E-10 3.9141E-10 4.8019E-10 5.9840E-10 7.3057E-10 8.9962E-10 1.0911E-09 1.3309E-09 1.6037E-09 1.9343E-09 2.3210E-09 2.7785E-09 3.3205E-09 3.9467E-09 4.6735E-09 5.5102E-09 6.4543E-09 7.5254E-09 8.7201E-09 1.0034E-08 1.1445E-08 1.2952E-08 1.4511E-08 1.6087E-08 1.7639E-08 1.9104E-08 2.0429E-08 2.1556E-08 2.2412E-08 2.2959E-08 2.3136E-08 2.2907E-08 2.2274E-08 2.1226E-08 1.9800E-08 1.8053E-08 1.6055E-08 1.3902E-08 1.1693E-08 9.5298E-09 7.5077E-09 5.6950E-09
0.0000E+00 0.0000E+00 0.0000E+00 0.0000E+00 0.0000E+00 0.0000E+00 0.0000E+00 1.5011E-12 1.2634E-11 2.7524E-11 4.4942E-11 6.7491E-11 9.5350E-11 1.3504E-10 1.8004E-10 2.3063E-10 2.9313E-10 3.6165E-10 4.5331E-10 5.6050E-10 6.9645E-10 8.4892E-10 1.0420E-09 1.2642E-09 1.5357E-09 1.8608E-09 2.2469E-09 2.7095E-09 3.2491E-09 3.8875E-09 4.6234E-09 5.4706E-09 6.4429E-09 7.5393E-09 8.7665E-09 1.0107E-08 1.1552E-08 1.3082E-08 1.4662E-08 1.6257E-08 1.7814E-08 1.9282E-08 2.0594E-08 2.1701E-08 2.2517E-08 2.3000E-08 2.3104E-08 2.2774E-08 2.2016E-08 2.0836E-08 1.9267E-08 1.7381E-08 1.5258E-08 1.3010E-08 1.0736E-08 8.5503E-09 6.5519E-09
0.0000E+00 0.0000E+00 0.0000E+00 0.0000E+00 0.0000E+00 0.0000E+00 0.0000E+00 0.0000E+00 0.0000E+00 0.0000E+00 8.3597E-12 2.5257E-11 4.6072E-11 7.0331E-11 1.0459E-10 1.5010E-10 2.0395E-10 2.6066E-10 3.2806E-10 4.1368E-10 5.1842E-10 6.4204E-10 7.9650E-10 9.7180E-10 1.1933E-09 1.4566E-09 1.7758E-09 2.1626E-09 2.6223E-09 3.1642E-09 3.8061E-09 4.5500E-09 5.4159E-09 6.4077E-09 7.5316E-09 8.7734E-09 1.0148E-08 1.1615E-08 1.3175E-08 1.4781E-08 1.6399E-08 1.7980E-08 1.9466E-08 2.0785E-08 2.1884E-08 2.2681E-08 2.3108E-08 2.3129E-08 2.2700E-08 2.1810E-08 2.0480E-08 1.8752E-08 1.6703E-08 1.4432E-08 1.2062E-08 9.7190E-09 7.5310E-09
0.0000E+00 0.0000E+00 0.0000E+00 0.0000E+00 0.0000E+00 0.0000E+00 0.0000E+00 0.0000E+00 0.0000E+00 0.0000E+00 0.0000E+00 0.0000E+00 2.7060E-12 1.7251E-11 3.5708E-11 6.3975E-11 1.0693E-10 1.5734E-10 2.1993E-10 2.8723E-10 3.6807E-10 4.6521E-10 5.8641E-10 7.3053E-10 9.0467E-10 1.1151E-09 1.3729E-09 1.6891E-09 2.0666E-09 2.5255E-09 3.0708E-09 3.7084E-09 4.4703E-09 5.3484E-09 6.3552E-09 7.4966E-09 8.7662E-09 1.0159E-08 1.1663E-08 1.3253E-08 1.4903E-08 1.6564E-08 1.8186E-08 1.9709E-08 2.1055E-08 2.2151E-08 2.2925E-08 2.3310E-08 2.3246E-08 2.2696E-08 2.1648E-08 2.0126E-08 1.8197E-08 1.5948E-08 1.3511E-08 1.1028E-08 8.6511E-09
0.0000E+00 0.0000E+00 0.0000E+00 0.0000E+00 0.0000E+00 0.0000E+00 0.0000E+00 0.0000E+00 0.0000E+00 0.0000E+00 0.0000E+00 0.0000E+00 0.0000E+00 0.0000E+00 1.8874E-13 1.0127E-11 2.4930E-11 4.6112E-11 8.7543E-11 1.4608E-10 2.2220E-10 3.1418E-10 4.0951E-10 5.2191E-10 6.6404E-10 8.3062E-10 1.0362E-09 1.2882E-09 1.6000E-09 1.9785E-09 2.4363E-09 2.9740E-09 3.6297E-09 4.3878E-09 5.2861E-09 6.3000E-09 7.4573E-09 8.7550E-09 1.0181E-08 1.1722E-08 1.3370E-08 1.5069E-08 1.6786E-08 1.8467E-08 2.0035E-08 2.1414E-08 2.2530E-08 2.3285E-08 2.3604E-08 2.3424E-08 2.2711E-08 2.1458E-08 1.9694E-08 1.7515E-08 1.5044E-08 1.2445E-08 9.8914E-09
0.0000E+00 0.0000E+00 0.0000E+00 0.0000E+00 0.0000E+00 0.0000E+00 0.0000E+00 0.0000E+00 0.0000E+00 0.0000E+00 0.0000E+00 0.0000E+00 0.0000E+00 0.0000E+00 0.0000E+00 0.0000E+00 3.4908E-13 3.7519E-12 1.3894E-11 3.6967E-11 8.1195E-11 1.3820E-10 2.2459E-10 3.2627E-10 4.4568E-10 5.8392E-10 7.5851E-10 9.6338E-10 1.2114E-09 1.5184E-09 1.8962E-09 2.3400E-09 2.8903E-09 3.5393E-09 4.3154E-09 5.2069E-09 6.2518E-09 7.4268E-09 8.7539E-09 1.0226E-08 1.1816E-08 1.3517E-08 1.5295E-08 1.7082E-08 1.8832E-08 2.0468E-08 2.1891E-08 2.3009E-08 2.3723E-08 2.3948E-08 2.3607E-08 2.2659E-08 2.1129E-08 1.9072E-08 1.6627E-08 1.3953E-08 1.1248E-08
