Assets/Resources/2015_m01_d25_0400(utc+0800)_l00_csi_1hr_conc.grd
DSAA
         159         159
     -79.000      79.000
     -79.000      79.000
  0.0000E+00  0.1883E-04
[rows 25 to 49 of 159, columns 57 to 113 of 159]
3.6664E-08 3.9207E-08 4.4510E-08 4.9945E-08 5.5001E-08 5.8886E-08 6.0458E-08 5.7713E-08 5.0218E-08 4.3349E-08 3.7146E-08 3.1616E-08 2.6736E-08 2.2463E-08 1.8730E-08 1.5464E-08 1.2603E-08 1.0101E-08 7.9019E-09 5.9057E-09 4.6986E-09 3.6691E-09 2.8071E-09 2.0926E-09 1.5130E-09 1.0546E-09 6.9408E-10 4.4164E-10 2.6543E-10 1.5416E-10 8.5489E-11 3.7673E-11 7.8999E-12 0.0000E+00 0.0000E+00 0.0000E+00 0.0000E+00 0.0000E+00 0.0000E+00 0.0000E+00 0.0000E+00 0.0000E+00 0.0000E+00 0.0000E+00 0.0000E+00 0.0000E+00 0.0000E+00 0.0000E+00 0.0000E+00 0.0000E+00 0.0000E+00 0.0000E+00 0.0000E+00 0.0000E+00 0.0000E+00 0.0000E+00 0.0000E+00
3.5596E-08 4.0860E-08 4.6637E-08 5.2545E-08 5.8072E-08 6.2094E-08 6.2099E-08 5.5048E-08 4.8386E-08 4.2205E-08 3.6574E-08 3.1504E-08 2.6967E-08 2.2926E-08 1.9334E-08 1.6119E-08 1.3282E-08 1.0773E-08 8.3818E-09 6.5539E-09 5.2396E-09 4.1095E-09 3.1532E-09 2.3612E-09 1.7254E-09 1.2160E-09 8.1161E-10 5.2328E-10 3.2102E-10 1.9388E-10 1.0957E-10 5.5755E-11 1.9023E-11 0.0000E+00 0.0000E+00 0.0000E+00 0.0000E+00 0.0000E+00 0.0000E+00 0.0000E+00 0.0000E+00 0.0000E+00 0.0000E+00 0.0000E+00 0.0000E+00 0.0000E+00 0.0000E+00 0.0000E+00 0.0000E+00 0.0000E+00 0.0000E+00 0.0000E+00 0.0000E+00 0.0000E+00 0.0000E+00 0.0000E+00 0.0000E+00
3.5738E-08 4.0624E-08 4.5927E-08 5.1372E-08 5.6355E-08 5.9563E-08 5.8264E-08 5.2150E-08 4.6332E-08 4.0900E-08 3.5896E-08 3.1322E-08 2.7162E-08 2.3384E-08 1.9935E-08 1.6812E-08 1.3990E-08 1.1527E-08 8.9304E-09 7.2517E-09 5.8295E-09 4.5981E-09 3.5426E-09 2.6722E-09 1.9718E-09 1.3937E-09 9.4476E-10 6.1481E-10 3.8860E-10 2.3594E-10 1.4152E-10 8.0159E-11 3.0698E-11 0.0000E+00 0.0000E+00 0.0000E+00 0.0000E+00 0.0000E+00 0.0000E+00 0.0000E+00 0.0000E+00 0.0000E+00 0.0000E+00 0.0000E+00 0.0000E+00 0.0000E+00 0.0000E+00 0.0000E+00 0.0000E+00 0.0000E+00 0.0000E+00 0.0000E+00 0.0000E+00 0.0000E+00 0.0000E+00 0.0000E+00 0.0000E+00
3.4979E-08 4.0225E-08 4.6008E-08 5.2017E-08 5.7392E-08 5.9367E-08 5.4182E-08 4.9073E-08 4.4158E-08 3.9511E-08 3.5164E-08 3.1121E-08 2.7364E-08 2.3860E-08 2.0594E-08 1.7583E-08 1.4826E-08 1.2300E-08 9.7515E-09 8.0288E-09 6.4847E-09 5.1378E-09 3.9766E-09 3.0222E-09 2.2442E-09 1.5969E-09 1.0819E-09 7.1823E-10 4.6699E-10 2.8925E-10 1.7681E-10 9.7352E-11 3.9293E-11 0.0000E+00 0.0000E+00 0.0000E+00 0.0000E+00 0.0000E+00 0.0000E+00 0.0000E+00 0.0000E+00 0.0000E+00 0.0000E+00 0.0000E+00 0.0000E+00 0.0000E+00 0.0000E+00 0.0000E+00 0.0000E+00 0.0000E+00 0.0000E+00 0.0000E+00 0.0000E+00 0.0000E+00 0.0000E+00 0.0000E+00 0.0000E+00
3.5318E-08 4.1023E-08 4.7247E-08 5.1870E-08 5.5379E-08 5.4249E-08 5.0090E-08 4.5962E-08 4.1948E-08 3.8100E-08 3.4429E-08 3.0925E-08 2.7578E-08 2.4372E-08 2.1323E-08 1.8435E-08 1.5729E-08 1.3009E-08 1.0723E-08 8.8833E-09 7.2190E-09 5.7438E-09 4.4684E-09 3.4144E-09 2.5482E-09 1.8348E-09 1.2545E-09 8.3681E-10 5.4966E-10 3.4896E-10 2.1151E-10 1.1697E-10 4.7085E-11 1.8136E-13 0.0000E+00 0.0000E+00 0.0000E+00 0.0000E+00 0.0000E+00 0.0000E+00 0.0000E+00 0.0000E+00 0.0000E+00 0.0000E+00 0.0000E+00 0.0000E+00 0.0000E+00 0.0000E+00 0.0000E+00 0.0000E+00 0.0000E+00 0.0000E+00 0.0000E+00 0.0000E+00 0.0000E+00 0.0000E+00 0.0000E+00
3.2411E-08 3.7549E-08 4.3309E-08 4.9052E-08 5.2202E-08 4.9209E-08 4.6063E-08 4.2898E-08 3.9774E-08 3.6710E-08 3.3704E-08 3.0747E-08 2.7818E-08 2.4940E-08 2.2120E-08 1.9353E-08 1.6662E-08 1.3909E-08 1.1770E-08 9.8108E-09 8.0167E-09 6.4153E-09 5.0259E-09 3.8650E-09 2.8845E-09 2.0808E-09 1.4451E-09 9.7481E-10 6.4847E-10 4.1286E-10 2.5015E-10 1.3522E-10 5.3568E-11 8.0832E-12 0.0000E+00 0.0000E+00 0.0000E+00 0.0000E+00 0.0000E+00 0.0000E+00 0.0000E+00 0.0000E+00 0.0000E+00 0.0000E+00 0.0000E+00 0.0000E+00 0.0000E+00 0.0000E+00 0.0000E+00 0.0000E+00 0.0000E+00 0.0000E+00 0.0000E+00 0.0000E+00 0.0000E+00 0.0000E+00 0.0000E+00
3.1702E-08 3.7268E-08 4.3556E-08 4.8346E-08 4.6467E-08 4.4398E-08 4.2207E-08 3.9962E-08 3.7688E-08 3.5380E-08 3.3022E-08 3.0599E-08 2.8121E-08 2.5592E-08 2.2991E-08 2.0370E-08 1.7708E-08 1.5110E-08 1.2924E-08 1.0844E-08 8.9102E-09 7.1613E-09 5.6440E-09 4.3503E-09 3.2657E-09 2.3713E-09 1.6556E-09 1.1285E-09 7.5177E-10 4.7735E-10 2.8896E-10 1.5920E-10 6.6187E-11 1.2466E-11 0.0000E+00 0.0000E+00 0.0000E+00 0.0000E+00 0.0000E+00 0.0000E+00 0.0000E+00 0.0000E+00 0.0000E+00 0.0000E+00 0.0000E+00 0.0000E+00 0.0000E+00 0.0000E+00 0.0000E+00 0.0000E+00 0.0000E+00 0.0000E+00 0.0000E+00 0.0000E+00 0.0000E+00 0.0000E+00 0.0000E+00
2.8544E-08 3.3484E-08 3.8725E-08 4.2187E-08 4.1119E-08 3.9909E-08 3.8597E-08 3.7201E-08 3.5711E-08 3.4109E-08 3.2388E-08 3.0528E-08 2.8509E-08 2.6301E-08 2.3944E-08 2.1451E-08 1.8834E-08 1.6447E-08 1.4176E-08 1.1972E-08 9.8941E-09 8.0041E-09 6.3498E-09 4.9036E-09 3.6851E-09 2.6877E-09 1.8941E-09 1.2999E-09 8.6457E-10 5.5335E-10 3.3099E-10 1.8436E-10 7.5122E-11 1.3171E-11 0.0000E+00 0.0000E+00 0.0000E+00 0.0000E+00 0.0000E+00 0.0000E+00 0.0000E+00 0.0000E+00 0.0000E+00 0.0000E+00 0.0000E+00 0.0000E+00 0.0000E+00 0.0000E+00 0.0000E+00 0.0000E+00 0.0000E+00 0.0000E+00 0.0000E+00 0.0000E+00 0.0000E+00 0.0000E+00 0.0000E+00
2.7125E-08 3.2298E-08 3.6776E-08 3.6520E-08 3.6228E-08 3.5794E-08 3.5257E-08 3.4618E-08 3.3852E-08 3.2944E-08 3.1850E-08 3.0524E-08 2.8911E-08 2.7058E-08 2.4987E-08 2.2677E-08 2.0222E-08 1.7915E-08 1.5550E-08 1.3215E-08 1.0989E-08 8.9414E-09 7.1100E-09 5.5153E-09 4.1546E-09 3.0414E-09 2.1611E-09 1.4888E-09 9.8555E-10 6.2597E-10 3.8620E-10 2.0425E-10 8.1569E-11 1.3544E-11 0.0000E+00 0.0000E+00 0.0000E+00 0.0000E+00 0.0000E+00 0.0000E+00 0.0000E+00 0.0000E+00 0.0000E+00 0.0000E+00 0.0000E+00 0.0000E+00 0.0000E+00 0.0000E+00 0.0000E+00 0.0000E+00 0.0000E+00 0.0000E+00 0.0000E+00 0.0000E+00 0.0000E+00 0.0000E+00 0.0000E+00
2.4100E-08 2.8343E-08 3.1205E-08 3.1550E-08 3.1836E-08 3.2057E-08 3.2185E-08 3.2233E-08 3.2148E-08 3.1874E-08 3.1349E-08 3.0539E-08 2.9399E-08 2.7949E-08 2.6152E-08 2.4026E-08 2.1817E-08 1.9495E-08 1.7056E-08 1.4596E-08 1.2211E-08 9.9891E-09 7.9712E-09 6.1921E-09 4.6775E-09 3.4304E-09 2.4555E-09 1.6864E-09 1.1199E-09 7.1581E-10 4.3001E-10 2.2289E-10 8.6274E-11 1.3471E-11 0.0000E+00 0.0000E+00 0.0000E+00 0.0000E+00 0.0000E+00 0.0000E+00 0.0000E+00 0.0000E+00 0.0000E+00 0.0000E+00 0.0000E+00 0.0000E+00 0.0000E+00 0.0000E+00 0.0000E+00 0.0000E+00 0.0000E+00 0.0000E+00 0.0000E+00 0.0000E+00 0.0000E+00 0.0000E+00 0.0000E+00
2.1985E-08 2.5554E-08 2.6330E-08 2.7136E-08 2.7916E-08 2.8668E-08 2.9396E-08 3.0053E-08 3.0561E-08 3.0877E-08 3.0911E-08 3.0630E-08 2.9970E-08 2.8904E-08 2.7395E-08 2.5564E-08 2.3530E-08 2.1207E-08 1.8691E-08 1.6106E-08 1.3564E-08 1.1143E-08 8.9161E-09 6.9384E-09 5.2455E-09 3.8623E-09 2.7703E-09 1.9066E-09 1.2644E-09 8.0131E-10 4.7604E-10 2.3906E-10 8.8326E-11 1.2131E-11 0.0000E+00 0.0000E+00 0.0000E+00 0.0000E+00 0.0000E+00 0.0000E+00 0.0000E+00 0.0000E+00 0.0000E+00 0.0000E+00 0.0000E+00 0.0000E+00 0.0000E+00 0.0000E+00 0.0000E+00 0.0000E+00 0.0000E+00 0.0000E+00 0.0000E+00 0.0000E+00 0.0000E+00 0.0000E+00 0.0000E+00
1.9579E-08 2.1053E-08 2.2132E-08 2.3272E-08 2.4438E-08 2.5649E-08 2.6859E-08 2.8024E-08 2.9076E-08 2.9925E-08 3.0525E-08 3.0776E-08 3.0597E-08 2.9935E-08 2.8803E-08 2.7306E-08 2.5362E-08 2.3059E-08 2.0492E-08 1.7781E-08 1.5052E-08 1.2411E-08 9.9612E-09 7.7726E-09 5.8856E-09 4.3380E-09 3.0948E-09 2.1313E-09 1.4149E-09 8.8686E-10 5.1603E-10 2.5607E-10 9.1689E-11 1.5074E-11 0.0000E+00 0.0000E+00 0.0000E+00 0.0000E+00 0.0000E+00 0.0000E+00 0.0000E+00 0.0000E+00 0.0000E+00 0.0000E+00 0.0000E+00 0.0000E+00 0.0000E+00 0.0000E+00 0.0000E+00 0.0000E+00 0.0000E+00 0.0000E+00 0.0000E+00 0.0000E+00 0.0000E+00 0.0000E+00 0.0000E+00
1.6124E-08 1.7267E-08 1.8526E-08 1.9882E-08 2.1353E-08 2.2924E-08 2.4525E-08 2.6130E-08 2.7686E-08 2.9070E-08 3.0199E-08 3.0972E-08 3.1280E-08 3.1049E-08 3.0366E-08 2.9134E-08 2.7352E-08 2.5095E-08 2.2477E-08 1.9640E-08 1.6719E-08 1.3841E-08 1.1132E-08 8.6930E-09 6.5955E-09 4.8518E-09 3.4528E-09 2.3680E-09 1.5691E-09 9.7246E-10 5.5287E-10 2.7158E-10 8.5993E-11 1.3921E-11 0.0000E+00 0.0000E+00 0.0000E+00 0.0000E+00 0.0000E+00 0.0000E+00 0.0000E+00 0.0000E+00 0.0000E+00 0.0000E+00 0.0000E+00 0.0000E+00 0.0000E+00 0.0000E+00 0.0000E+00 0.0000E+00 0.0000E+00 0.0000E+00 0.0000E+00 0.0000E+00 0.0000E+00 0.0000E+00 0.0000E+00
1.2808E-08 1.4059E-08 1.5428E-08 1.6942E-08 1.8631E-08 2.0459E-08 2.2399E-08 2.4405E-08 2.6399E-08 2.8257E-08 2.9887E-08 3.1169E-08 3.1981E-08 3.2288E-08 3.2007E-08 3.1057E-08 2.9440E-08 2.7259E-08 2.4619E-08 2.1647E-08 1.8511E-08 1.5380E-08 1.2402E-08 9.7088E-09 7.3656E-09 5.4069E-09 3.8328E-09 2.6199E-09 1.7246E-09 1.0575E-09 5.8826E-10 2.8283E-10 8.5746E-11 1.4171E-11 0.0000E+00 0.0000E+00 0.0000E+00 0.0000E+00 0.0000E+00 0.0000E+00 0.0000E+00 0.0000E+00 0.0000E+00 0.0000E+00 0.0000E+00 0.0000E+00 0.0000E+00 0.0000E+00 0.0000E+00 0.0000E+00 0.0000E+00 0.0000E+00 0.0000E+00 0.0000E+00 0.0000E+00 0.0000E+00 0.0000E+00
1.0145E-08 1.1396E-08 1.2803E-08 1.4415E-08 1.6236E-08 1.8260E-08 2.0482E-08 2.2792E-08 2.5162E-08 2.7461E-08 2.9579E-08 3.1362E-08 3.2734E-08 3.3553E-08 3.3679E-08 3.3059E-08 3.1689E-08 2.9615E-08 2.6948E-08 2.3843E-08 2.0493E-08 1.7084E-08 1.3804E-08 1.0808E-08 8.1866E-09 5.9888E-09 4.2289E-09 2.8842E-09 1.8834E-09 1.1413E-09 6.2227E-10 2.8438E-10 7.8079E-11 1.3199E-11 0.0000E+00 0.0000E+00 0.0000E+00 0.0000E+00 0.0000E+00 0.0000E+00 0.0000E+00 0.0000E+00 0.0000E+00 0.0000E+00 0.0000E+00 0.0000E+00 0.0000E+00 0.0000E+00 0.0000E+00 0.0000E+00 0.0000E+00 0.0000E+00 0.0000E+00 0.0000E+00 0.0000E+00 0.0000E+00 0.0000E+00
7.9695E-09 9.1871E-09 1.0597E-08 1.2247E-08 1.4146E-08 1.6306E-08 1.8702E-08 2.1259E-08 2.3964E-08 2.6644E-08 2.9207E-08 3.1548E-08 3.3489E-08 3.4822E-08 3.5419E-08 3.5182E-08 3.4074E-08 3.2135E-08 2.9475E-08 2.6245E-08 2.2664E-08 1.8959E-08 1.5354E-08 1.2028E-08 9.0898E-09 6.6238E-09 4.6450E-09 3.1451E-09 2.0461E-09 1.2232E-09 6.5451E-10 2.7996E-10 7.5590E-11 1.2117E-11 0.0000E+00 0.0000E+00 0.0000E+00 0.0000E+00 0.0000E+00 0.0000E+00 0.0000E+00 0.0000E+00 0.0000E+00 0.0000E+00 0.0000E+00 0.0000E+00 0.0000E+00 0.0000E+00 0.0000E+00 0.0000E+00 0.0000E+00 0.0000E+00 0.0000E+00 0.0000E+00 0.0000E+00 0.0000E+00 0.0000E+00
6.2241E-09 7.3764E-09 8.7566E-09 1.0389E-08 1.2300E-08 1.4514E-08 1.7025E-08 1.9784E-08 2.2736E-08 2.5794E-08 2.8854E-08 3.1718E-08 3.4179E-08 3.6047E-08 3.7134E-08 3.7345E-08 3.6582E-08 3.4828E-08 3.2188E-08 2.8847E-08 2.5031E-08 2.1004E-08 1.7028E-08 1.3321E-08 1.0044E-08 7.2905E-09 5.0923E-09 3.4197E-09 2.1930E-09 1.3044E-09 6.8671E-10 2.8601E-10 7.0375E-11 1.3965E-11 0.0000E+00 0.0000E+00 0.0000E+00 0.0000E+00 0.0000E+00 0.0000E+00 0.0000E+00 0.0000E+00 0.0000E+00 0.0000E+00 0.0000E+00 0.0000E+00 0.0000E+00 0.0000E+00 0.0000E+00 0.0000E+00 0.0000E+00 0.0000E+00 0.0000E+00 0.0000E+00 0.0000E+00 0.0000E+00 0.0000E+00
4.8402E-09 5.8869E-09 7.1984E-09 8.7722E-09 1.0660E-08 1.2860E-08 1.5431E-08 1.8347E-08 2.1532E-08 2.4943E-08 2.8409E-08 3.1734E-08 3.4742E-08 3.7199E-08 3.8887E-08 3.9599E-08 3.9215E-08 3.7701E-08 3.5132E-08 3.1676E-08 2.7609E-08 2.3231E-08 1.8852E-08 1.4730E-08 1.1074E-08 8.0019E-09 5.5599E-09 3.7082E-09 2.3489E-09 1.3834E-09 7.0958E-10 2.8745E-10 7.0973E-11 1.5472E-11 0.0000E+00 0.0000E+00 0.0000E+00 0.0000E+00 0.0000E+00 0.0000E+00 0.0000E+00 0.0000E+00 0.0000E+00 0.0000E+00 0.0000E+00 0.0000E+00 0.0000E+00 0.0000E+00 0.0000E+00 0.0000E+00 0.0000E+00 0.0000E+00 0.0000E+00 0.0000E+00 0.0000E+00 0.0000E+00 0.0000E+00
3.7268E-09 4.6723E-09 5.8766E-09 7.3562E-09 9.1721E-09 1.1354E-08 1.3956E-08 1.6952E-08 2.0322E-08 2.3984E-08 2.7799E-08 3.1610E-08 3.5195E-08 3.8296E-08 4.0591E-08 4.1867E-08 4.1932E-08 4.0687E-08 3.8207E-08 3.4679E-08 3.0365E-08 2.5619E-08 2.0804E-08 1.6245E-08 1.2185E-08 8.7698E-09 6.0608E-09 3.9996E-09 2.5166E-09 1.4654E-09 7.4892E-10 3.0115E-10 7.9330E-11 1.6599E-11 0.0000E+00 0.0000E+00 0.0000E+00 0.0000E+00 0.0000E+00 0.0000E+00 0.0000E+00 0.0000E+00 0.0000E+00 0.0000E+00 0.0000E+00 0.0000E+00 0.0000E+00 0.0000E+00 0.0000E+00 0.0000E+00 0.0000E+00 0.0000E+00 0.0000E+00 0.0000E+00 0.0000E+00 0.0000E+00 0.0000E+00
2.8643E-09 3.6959E-09 4.7792E-09 6.1552E-09 7.8737E-09 9.9891E-09 1.2544E-08 1.5547E-08 1.9020E-08 2.2875E-08 2.7036E-08 3.1329E-08 3.5492E-08 3.9220E-08 4.2195E-08 4.4095E-08 4.4682E-08 4.3812E-08 4.1489E-08 3.7889E-08 3.3321E-08 2.8186E-08 2.2906E-08 1.7866E-08 1.3368E-08 9.5913E-09 6.6016E-09 4.3294E-09 2.6960E-09 1.5498E-09 7.7189E-10 3.0016E-10 8.2681E-11 1.7587E-11 0.0000E+00 0.0000E+00 0.0000E+00 0.0000E+00 0.0000E+00 0.0000E+00 0.0000E+00 0.0000E+00 0.0000E+00 0.0000E+00 0.0000E+00 0.0000E+00 0.0000E+00 0.0000E+00 0.0000E+00 0.0000E+00 0.0000E+00 0.0000E+00 0.0000E+00 0.0000E+00 0.0000E+00 0.0000E+00 0.0000E+00
2.2077E-09 2.9283E-09 3.8892E-09 5.1188E-09 6.6918E-09 8.6729E-09 1.1131E-08 1.4113E-08 1.7622E-08 2.1645E-08 2.6112E-08 3.0829E-08 3.5548E-08 3.9960E-08 4.3657E-08 4.6264E-08 4.7450E-08 4.6995E-08 4.4892E-08 4.1285E-08 3.6493E-08 3.0968E-08 2.5199E-08 1.9647E-08 1.4665E-08 1.0474E-08 7.1489E-09 4.6583E-09 2.8810E-09 1.6205E-09 8.0617E-10 3.2261E-10 8.5596E-11 2.2608E-11 0.0000E+00 0.0000E+00 0.0000E+00 0.0000E+00 0.0000E+00 0.0000E+00 0.0000E+00 0.0000E+00 0.0000E+00 0.0000E+00 0.0000E+00 0.0000E+00 0.0000E+00 0.0000E+00 0.0000E+00 0.0000E+00 0.0000E+00 0.0000E+00 0.0000E+00 0.0000E+00 0.0000E+00 0.0000E+00 0.0000E+00
1.6555E-09 2.2739E-09 3.0992E-09 4.1755E-09 5.5930E-09 7.4197E-09 9.7556E-09 1.2651E-08 1.6146E-08 2.0281E-08 2.4977E-08 3.0085E-08 3.5356E-08 4.0433E-08 4.4881E-08 4.8244E-08 5.0116E-08 5.0202E-08 4.8398E-08 4.4811E-08 3.9822E-08 3.3919E-08 2.7653E-08 2.1563E-08 1.6072E-08 1.1432E-08 7.7706E-09 5.0162E-09 3.0780E-09 1.7138E-09 7.9776E-10 3.2705E-10 9.6025E-11 2.2382E-11 0.0000E+00 0.0000E+00 0.0000E+00 0.0000E+00 0.0000E+00 0.0000E+00 0.0000E+00 0.0000E+00 0.0000E+00 0.0000E+00 0.0000E+00 0.0000E+00 0.0000E+00 0.0000E+00 0.0000E+00 0.0000E+00 0.0000E+00 0.0000E+00 0.0000E+00 0.0000E+00 0.0000E+00 0.0000E+00 0.0000E+00
1.1971E-09 1.7088E-09 2.4161E-09 3.3389E-09 4.5879E-09 6.2361E-09 8.4140E-09 1.1171E-08 1.4611E-08 1.8780E-08 2.3634E-08 2.9065E-08 3.4838E-08 4.0580E-08 4.5810E-08 4.9994E-08 5.2635E-08 5.3348E-08 5.1968E-08 4.8552E-08 4.3435E-08 3.7155E-08 3.0355E-08 2.3681E-08 1.7609E-08 1.2479E-08 8.4192E-09 5.3913E-09 3.2573E-09 1.7726E-09 8.4445E-10 3.3342E-10 9.9049E-11 1.5023E-11 0.0000E+00 0.0000E+00 0.0000E+00 0.0000E+00 0.0000E+00 0.0000E+00 0.0000E+00 0.0000E+00 0.0000E+00 0.0000E+00 0.0000E+00 0.0000E+00 0.0000E+00 0.0000E+00 0.0000E+00 0.0000E+00 0.0000E+00 0.0000E+00 0.0000E+00 0.0000E+00 0.0000E+00 0.0000E+00 0.0000E+00
7.9095E-10 1.2218E-09 1.8191E-09 2.6009E-09 3.6769E-09 5.1393E-09 7.1244E-09 9.7148E-09 1.3031E-08 1.7146E-08 2.2087E-08 2.7788E-08 3.3983E-08 4.0342E-08 4.6359E-08 5.1458E-08 5.5015E-08 5.6528E-08 5.5701E-08 5.2511E-08 4.7337E-08 4.0728E-08 3.3393E-08 2.6058E-08 1.9334E-08 1.3631E-08 9.1214E-09 5.8113E-09 3.4596E-09 1.8310E-09 8.5966E-10 3.3274E-10 9.7809E-11 5.7372E-12 0.0000E+00 0.0000E+00 0.0000E+00 0.0000E+00 0.0000E+00 0.0000E+00 0.0000E+00 0.0000E+00 0.0000E+00 0.0000E+00 0.0000E+00 0.0000E+00 0.0000E+00 0.0000E+00 0.0000E+00 0.0000E+00 0.0000E+00 0.0000E+00 0.0000E+00 0.0000E+00 0.0000E+00 0.0000E+00 0.0000E+00
4.2210E-10 8.1722E-10 1.3122E-09 1.9795E-09 2.8796E-09 4.1491E-09 5.9147E-09 8.3129E-09 1.1443E-08 1.5436E-08 2.0366E-08 2.6182E-08 3.2749E-08 3.9710E-08 4.6542E-08 5.2581E-08 5.7139E-08 5.9595E-08 5.9528E-08 5.6804E-08 5.1679E-08 4.4748E-08 3.6827E-08 2.8778E-08 2.1312E-08 1.4951E-08 9.9193E-09 6.2140E-09 3.6555E-09 1.8873E-09 8.6921E-10 3.3067E-10 9.5114E-11 5.6311E-14 0.0000E+00 0.0000E+00 0.0000E+00 0.0000E+00 0.0000E+00 0.0000E+00 0.0000E+00 0.0000E+00 0.0000E+00 0.0000E+00 0.0000E+00 0.0000E+00 0.0000E+00 0.0000E+00 0.0000E+00 0.0000E+00 0.0000E+00 0.0000E+00 0.0000E+00 0.0000E+00 0.0000E+00 0.0000E+00 0.0000E+00
