Assets/Resources/2015_m01_d16_2300(utc+0800)_l00_csi_1hr_conc.grd
DSAA
         159         159
     -79.000      79.000
     -79.000      79.000
  0.0000E+00  0.1878E-04
[rows 0 to 24 of 159, columns 57 to 113 of 159]
6.9740E-10 8.8441E-10 1.1055E-09 1.3613E-09 1.6513E-09 1.9743E-09 2.3261E-09 2.7014E-09 3.0921E-09 3.4890E-09 3.8812E-09 4.2577E-09 4.6065E-09 4.9159E-09 5.1763E-09 5.3776E-09 5.5127E-09 5.5774E-09 5.5709E-09 5.4934E-09 5.3482E-09 5.1426E-09 4.8843E-09 4.5827E-09 4.2495E-09 3.8955E-09 3.5292E-09 3.1596E-09 2.7964E-09 2.4491E-09 2.1214E-09 1.8159E-09 1.5390E-09 1.2899E-09 1.0693E-09 8.7758E-10 7.1236E-10 5.7283E-10 4.5429E-10 3.5878E-10 2.7694E-10 2.1487E-10 1.6172E-10 1.1850E-10 8.3755E-11 5.9248E-11 3.9939E-11 2.5777E-11 1.3187E-11 3.7028E-12 0.0000E+00 0.0000E+00 0.0000E+00 0.0000E+00 0.0000E+00 0.0000E+00 0.0000E+00
7.6593E-10 9.7170E-10 1.2142E-09 1.4946E-09 1.8132E-09 2.1673E-09 2.5523E-09 2.9620E-09 3.3883E-09 3.8203E-09 4.2469E-09 4.6547E-09 5.0309E-09 5.3625E-09 5.6380E-09 5.8475E-09 5.9847E-09 6.0447E-09 6.0254E-09 5.9288E-09 5.7604E-09 5.5272E-09 5.2371E-09 4.9025E-09 4.5337E-09 4.1422E-09 3.7414E-09 3.3421E-09 2.9505E-09 2.5742E-09 2.2224E-09 1.8985E-09 1.6025E-09 1.3397E-09 1.1072E-09 9.0557E-10 7.3254E-10 5.8677E-10 4.6400E-10 3.6426E-10 2.8091E-10 2.1694E-10 1.6202E-10 1.1809E-10 8.2907E-11 5.8420E-11 3.9066E-11 2.5090E-11 1.2658E-11 3.4790E-12 0.0000E+00 0.0000E+00 0.0000E+00 0.0000E+00 0.0000E+00 0.0000E+00 0.0000E+00
8.3763E-10 1.0618E-09 1.3262E-09 1.6322E-09 1.9787E-09 2.3636E-09 2.7827E-09 3.2292E-09 3.6929E-09 4.1618E-09 4.6227E-09 5.0609E-09 5.4632E-09 5.8157E-09 6.1050E-09 6.3222E-09 6.4582E-09 6.5097E-09 6.4754E-09 6.3568E-09 6.1618E-09 5.8960E-09 5.5720E-09 5.2022E-09 4.7968E-09 4.3726E-09 3.9374E-09 3.5038E-09 3.0840E-09 2.6846E-09 2.3092E-09 1.9653E-09 1.6553E-09 1.3779E-09 1.1359E-09 9.2549E-10 7.4641E-10 5.9539E-10 4.7052E-10 3.6692E-10 2.8346E-10 2.1604E-10 1.6047E-10 1.1623E-10 8.0954E-11 5.6719E-11 3.7667E-11 2.3914E-11 1.1832E-11 3.2306E-12 0.0000E+00 0.0000E+00 0.0000E+00 0.0000E+00 0.0000E+00 0.0000E+00 0.0000E+00
9.1059E-10 1.1543E-09 1.4411E-09 1.7721E-09 2.1478E-09 2.5661E-09 3.0200E-09 3.5016E-09 4.0003E-09 4.5039E-09 4.9975E-09 5.4657E-09 5.8927E-09 6.2628E-09 6.5642E-09 6.7851E-09 6.9179E-09 6.9596E-09 6.9077E-09 6.7660E-09 6.5414E-09 6.2446E-09 5.8863E-09 5.4788E-09 5.0370E-09 4.5766E-09 4.1088E-09 3.6468E-09 3.1977E-09 2.7728E-09 2.3791E-09 2.0171E-09 1.6922E-09 1.4048E-09 1.1532E-09 9.3690E-10 7.5304E-10 5.9797E-10 4.7097E-10 3.6564E-10 2.8232E-10 2.1338E-10 1.5688E-10 1.1270E-10 7.7914E-11 5.4301E-11 3.5692E-11 2.2441E-11 9.0654E-12 2.9638E-12 0.0000E+00 0.0000E+00 0.0000E+00 0.0000E+00 0.0000E+00 0.0000E+00 0.0000E+00
9.8490E-10 1.2473E-09 1.5567E-09 1.9153E-09 2.3211E-09 2.7700E-09 3.2564E-09 3.7728E-09 4.3073E-09 4.8455E-09 5.3715E-09 5.8688E-09 6.3192E-09 6.7068E-09 7.0177E-09 7.2392E-09 7.3662E-09 7.3927E-09 7.3196E-09 7.1524E-09 6.8967E-09 6.5652E-09 6.1704E-09 5.7274E-09 5.2509E-09 4.7544E-09 4.2534E-09 3.7623E-09 3.2899E-09 2.8417E-09 2.4279E-09 2.0530E-09 1.7154E-09 1.4187E-09 1.1603E-09 9.3934E-10 7.5165E-10 5.9504E-10 4.6626E-10 3.5962E-10 2.7693E-10 2.0804E-10 1.5146E-10 1.0794E-10 7.3799E-11 5.1164E-11 3.3411E-11 2.0646E-11 6.6843E-12 1.3444E-12 0.0000E+00 0.0000E+00 0.0000E+00 0.0000E+00 0.0000E+00 0.0000E+00 0.0000E+00
1.0588E-09 1.3421E-09 1.6759E-09 2.0593E-09 2.4927E-09 2.9729E-09 3.4946E-09 4.0467E-09 4.6161E-09 5.1872E-09 5.7431E-09 6.2656E-09 6.7362E-09 7.1391E-09 7.4568E-09 7.6785E-09 7.7962E-09 7.8063E-09 7.7093E-09 7.5122E-09 7.2231E-09 6.8557E-09 6.4231E-09 5.9419E-09 5.4295E-09 4.9012E-09 4.3706E-09 3.8500E-09 3.3532E-09 2.8888E-09 2.4588E-09 2.0686E-09 1.7232E-09 1.4185E-09 1.1560E-09 9.3147E-10 7.4236E-10 5.8612E-10 4.5621E-10 3.5322E-10 2.6796E-10 1.9965E-10 1.4426E-10 1.0194E-10 6.8979E-11 4.7373E-11 3.0695E-11 1.4944E-11 3.0223E-12 0.0000E+00 0.0000E+00 0.0000E+00 0.0000E+00 0.0000E+00 0.0000E+00 0.0000E+00 0.0000E+00
1.1336E-09 1.4361E-09 1.7905E-09 2.2006E-09 2.6654E-09 3.1788E-09 3.7332E-09 4.3170E-09 4.9182E-09 5.5199E-09 6.1037E-09 6.6495E-09 7.1379E-09 7.5505E-09 7.8719E-09 8.0906E-09 8.1966E-09 8.1882E-09 8.0671E-09 7.8408E-09 7.5170E-09 7.1121E-09 6.6416E-09 6.1229E-09 5.5751E-09 5.0130E-09 4.4543E-09 3.9106E-09 3.3920E-09 2.9083E-09 2.4678E-09 2.0686E-09 1.7149E-09 1.4068E-09 1.1408E-09 9.1540E-10 7.2724E-10 5.7033E-10 4.4230E-10 3.4001E-10 2.5564E-10 1.8922E-10 1.3561E-10 9.4896E-11 6.3455E-11 4.3344E-11 2.3131E-11 1.0186E-11 0.0000E+00 0.0000E+00 0.0000E+00 0.0000E+00 0.0000E+00 0.0000E+00 0.0000E+00 0.0000E+00 0.0000E+00
1.2063E-09 1.5272E-09 1.9067E-09 2.3440E-09 2.8360E-09 3.3787E-09 3.9647E-09 4.5823E-09 5.2163E-09 5.8474E-09 6.4579E-09 7.0260E-09 7.5299E-09 7.9513E-09 8.2729E-09 8.4831E-09 8.5741E-09 8.5435E-09 8.3933E-09 8.1326E-09 7.7735E-09 7.3313E-09 6.8226E-09 6.2683E-09 5.6856E-09 5.0925E-09 4.5058E-09 3.9396E-09 3.4047E-09 2.9071E-09 2.4535E-09 2.0495E-09 1.6915E-09 1.3814E-09 1.1155E-09 8.9125E-10 7.0358E-10 5.4895E-10 4.2309E-10 3.2403E-10 2.4089E-10 1.7690E-10 1.2553E-10 8.7016E-11 5.7370E-11 3.9026E-11 1.5205E-11 4.5605E-12 0.0000E+00 0.0000E+00 0.0000E+00 0.0000E+00 0.0000E+00 0.0000E+00 0.0000E+00 0.0000E+00 0.0000E+00
1.2765E-09 1.6193E-09 2.0203E-09 2.4807E-09 3.0003E-09 3.5739E-09 4.1926E-09 4.8429E-09 5.5079E-09 6.1685E-09 6.8028E-09 7.3880E-09 7.9025E-09 8.3285E-09 8.6473E-09 8.8470E-09 8.9198E-09 8.8643E-09 8.6851E-09 8.3894E-09 7.9926E-09 7.5112E-09 6.9653E-09 6.3753E-09 5.7595E-09 5.1385E-09 4.5271E-09 3.9399E-09 3.3885E-09 2.8818E-09 2.4214E-09 2.0114E-09 1.6542E-09 1.3433E-09 1.0799E-09 8.5842E-10 6.7410E-10 5.2496E-10 3.9998E-10 3.0388E-10 2.2392E-10 1.6322E-10 1.1465E-10 7.8465E-11 5.1135E-11 2.7795E-11 6.7722E-12 0.0000E+00 0.0000E+00 0.0000E+00 0.0000E+00 0.0000E+00 0.0000E+00 0.0000E+00 0.0000E+00 0.0000E+00 0.0000E+00
1.3481E-09 1.7068E-09 2.1284E-09 2.6146E-09 3.1634E-09 3.7672E-09 4.4160E-09 5.0956E-09 5.7885E-09 6.4742E-09 7.1305E-09 7.7324E-09 8.2577E-09 8.6853E-09 8.9960E-09 9.1814E-09 9.2331E-09 9.1506E-09 8.9383E-09 8.6075E-09 8.1733E-09 7.6541E-09 7.0703E-09 6.4445E-09 5.7981E-09 5.1503E-09 4.5183E-09 3.9141E-09 3.3499E-09 2.8335E-09 2.3702E-09 1.9588E-09 1.6011E-09 1.2957E-09 1.0354E-09 8.1793E-10 6.4031E-10 4.9455E-10 3.7454E-10 2.8023E-10 2.0303E-10 1.4465E-10 1.0314E-10 6.9657E-11 3.4724E-11 1.8719E-11 0.0000E+00 0.0000E+00 0.0000E+00 0.0000E+00 0.0000E+00 0.0000E+00 0.0000E+00 0.0000E+00 0.0000E+00 0.0000E+00 0.0000E+00
1.4120E-09 1.7891E-09 2.2341E-09 2.7461E-09 3.3206E-09 3.9514E-09 4.6283E-09 5.3370E-09 6.0584E-09 6.7695E-09 7.4461E-09 8.0627E-09 8.5956E-09 9.0222E-09 9.3258E-09 9.4940E-09 9.5181E-09 9.4046E-09 9.1566E-09 8.7871E-09 8.3136E-09 7.7569E-09 7.1383E-09 6.4799E-09 5.8034E-09 5.1302E-09 4.4788E-09 3.8617E-09 3.2893E-09 2.7670E-09 2.3009E-09 1.8935E-09 1.5382E-09 1.2369E-09 9.8376E-10 7.7377E-10 6.0100E-10 4.6116E-10 3.4673E-10 2.5593E-10 1.8356E-10 1.2934E-10 9.1270E-11 6.0931E-11 2.1698E-11 8.2455E-12 0.0000E+00 0.0000E+00 0.0000E+00 0.0000E+00 0.0000E+00 0.0000E+00 0.0000E+00 0.0000E+00 0.0000E+00 0.0000E+00 0.0000E+00
1.4720E-09 1.8710E-09 2.3363E-09 2.8691E-09 3.4674E-09 4.1265E-09 4.8339E-09 5.5721E-09 6.3203E-09 7.0549E-09 7.7493E-09 8.3772E-09 8.9140E-09 9.3375E-09 9.6294E-09 9.7782E-09 9.7787E-09 9.6323E-09 9.3457E-09 8.9377E-09 8.4230E-09 7.8257E-09 7.1696E-09 6.4803E-09 5.7787E-09 5.0845E-09 4.4148E-09 3.7861E-09 3.2069E-09 2.6845E-09 2.2192E-09 1.8134E-09 1.4668E-09 1.1709E-09 9.2634E-10 7.2362E-10 5.5813E-10 4.2523E-10 3.1698E-10 2.3072E-10 1.6341E-10 1.1388E-10 7.9544E-11 4.0514E-11 9.4640E-12 0.0000E+00 0.0000E+00 0.0000E+00 0.0000E+00 0.0000E+00 0.0000E+00 0.0000E+00 0.0000E+00 0.0000E+00 0.0000E+00 0.0000E+00 0.0000E+00
1.5319E-09 1.9454E-09 2.4278E-09 2.9834E-09 3.6102E-09 4.2978E-09 5.0323E-09 5.7964E-09 6.5681E-09 7.3228E-09 8.0332E-09 8.6721E-09 9.2112E-09 9.6287E-09 9.9069E-09 1.0036E-08 1.0007E-08 9.8269E-09 9.5040E-09 9.0557E-09 8.5022E-09 7.8657E-09 7.1743E-09 6.4519E-09 5.7233E-09 5.0114E-09 4.3299E-09 3.6915E-09 3.1086E-09 2.5862E-09 2.1265E-09 1.7264E-09 1.3868E-09 1.1009E-09 8.6414E-10 6.7091E-10 5.1422E-10 3.8755E-10 2.8549E-10 2.0503E-10 1.3664E-10 9.8603E-11 5.2301E-11 2.4583E-11 0.0000E+00 0.0000E+00 0.0000E+00 0.0000E+00 0.0000E+00 0.0000E+00 0.0000E+00 0.0000E+00 0.0000E+00 0.0000E+00 0.0000E+00 0.0000E+00 0.0000E+00
1.5837E-09 2.0106E-09 2.5158E-09 3.0959E-09 3.7461E-09 4.4576E-09 5.2175E-09 6.0076E-09 6.8045E-09 7.5808E-09 8.3066E-09 8.9531E-09 9.4936E-09 9.9043E-09 1.0167E-08 1.0270E-08 1.0212E-08 9.9959E-09 9.6339E-09 9.1443E-09 8.5499E-09 7.8768E-09 7.1524E-09 6.4007E-09 5.6487E-09 4.9165E-09 4.2242E-09 3.5823E-09 2.9975E-09 2.4774E-09 2.0235E-09 1.6333E-09 1.3008E-09 1.0272E-09 7.9956E-10 6.1615E-10 4.6990E-10 3.4157E-10 2.4615E-10 1.7219E-10 1.1741E-10 8.4087E-11 3.1265E-11 1.0616E-11 0.0000E+00 0.0000E+00 0.0000E+00 0.0000E+00 0.0000E+00 0.0000E+00 0.0000E+00 0.0000E+00 0.0000E+00 0.0000E+00 0.0000E+00 0.0000E+00 0.0000E+00
1.6282E-09 2.0749E-09 2.5989E-09 3.1987E-09 3.8705E-09 4.6073E-09 5.3940E-09 6.2101E-09 7.0300E-09 7.8253E-09 8.5653E-09 9.2196E-09 9.7590E-09 1.0160E-08 1.0407E-08 1.0486E-08 1.0395E-08 1.0142E-08 9.7398E-09 9.2099E-09 8.5756E-09 7.8643E-09 7.1062E-09 6.3282E-09 5.5558E-09 4.8086E-09 4.1044E-09 3.4585E-09 2.8779E-09 2.3618E-09 1.9150E-09 1.5353E-09 1.2150E-09 9.4981E-10 7.3481E-10 5.6179E-10 4.2407E-10 3.0375E-10 2.1584E-10 1.4822E-10 9.9335E-11 5.3806E-11 1.3451E-11 0.0000E+00 0.0000E+00 0.0000E+00 0.0000E+00 0.0000E+00 0.0000E+00 0.0000E+00 0.0000E+00 0.0000E+00 0.0000E+00 0.0000E+00 0.0000E+00 0.0000E+00 0.0000E+00
1.6720E-09 2.1327E-09 2.6708E-09 3.2907E-09 3.9878E-09 4.7505E-09 5.5626E-09 6.4032E-09 7.2454E-09 8.0594E-09 8.8124E-09 9.4730E-09 1.0012E-08 1.0404E-08 1.0630E-08 1.0682E-08 1.0559E-08 1.0268E-08 9.8257E-09 9.2534E-09 8.5787E-09 7.8318E-09 7.0419E-09 6.2375E-09 5.4455E-09 4.6868E-09 3.9773E-09 3.3271E-09 2.7482E-09 2.2426E-09 1.8037E-09 1.4340E-09 1.1279E-09 8.7367E-10 6.7132E-10 5.0747E-10 3.7949E-10 2.6715E-10 1.8664E-10 1.2553E-10 6.1799E-11 1.7640E-11 0.0000E+00 0.0000E+00 0.0000E+00 0.0000E+00 0.0000E+00 0.0000E+00 0.0000E+00 0.0000E+00 0.0000E+00 0.0000E+00 0.0000E+00 0.0000E+00 0.0000E+00 0.0000E+00 0.0000E+00
1.7070E-09 2.1792E-09 2.7366E-09 3.3777E-09 4.0973E-09 4.8834E-09 5.7194E-09 6.5835E-09 7.4483E-09 8.2806E-09 9.0475E-09 9.7148E-09 1.0251E-08 1.0634E-08 1.0841E-08 1.0866E-08 1.0709E-08 1.0379E-08 9.8961E-09 9.2820E-09 8.5676E-09 7.7844E-09 6.9634E-09 6.1346E-09 5.3246E-09 4.5539E-09 3.8401E-09 3.1933E-09 2.6172E-09 2.1181E-09 1.6938E-09 1.3345E-09 1.0396E-09 8.0077E-10 6.0739E-10 4.5526E-10 3.3576E-10 2.1962E-10 1.4463E-10 6.7473E-11 3.2824E-11 0.0000E+00 0.0000E+00 0.0000E+00 0.0000E+00 0.0000E+00 0.0000E+00 0.0000E+00 0.0000E+00 0.0000E+00 0.0000E+00 0.0000E+00 0.0000E+00 0.0000E+00 0.0000E+00 0.0000E+00 0.0000E+00
1.7335E-09 2.2211E-09 2.7965E-09 3.4569E-09 4.1956E-09 5.0046E-09 5.8670E-09 6.7569E-09 7.6449E-09 8.4971E-09 9.2769E-09 9.9500E-09 1.0484E-08 1.0855E-08 1.1042E-08 1.1039E-08 1.0847E-08 1.0477E-08 9.9514E-09 9.2953E-09 8.5409E-09 7.7222E-09 6.8718E-09 6.0206E-09 5.1945E-09 4.4147E-09 3.6973E-09 3.0527E-09 2.4859E-09 1.9940E-09 1.5816E-09 1.2377E-09 9.5489E-10 7.2973E-10 5.4709E-10 4.0808E-10 2.7940E-10 1.8757E-10 1.1783E-10 3.4829E-11 1.2428E-11 0.0000E+00 0.0000E+00 0.0000E+00 0.0000E+00 0.0000E+00 0.0000E+00 0.0000E+00 0.0000E+00 0.0000E+00 0.0000E+00 0.0000E+00 0.0000E+00 0.0000E+00 0.0000E+00 0.0000E+00 0.0000E+00
1.7555E-09 2.2572E-09 2.8458E-09 3.5225E-09 4.2859E-09 5.1205E-09 6.0082E-09 6.9237E-09 7.8342E-09 8.7041E-09 9.4970E-09 1.0177E-08 1.0709E-08 1.1067E-08 1.1234E-08 1.1202E-08 1.0977E-08 1.0568E-08 9.9988E-09 9.3004E-09 8.5062E-09 7.6520E-09 6.7716E-09 5.8980E-09 5.0575E-09 4.2705E-09 3.5521E-09 2.9112E-09 2.3525E-09 1.8746E-09 1.4707E-09 1.1432E-09 8.7315E-10 6.5942E-10 4.9248E-10 3.6113E-10 2.4090E-10 1.5574E-10 7.3509E-11 1.2768E-11 0.0000E+00 0.0000E+00 0.0000E+00 0.0000E+00 0.0000E+00 0.0000E+00 0.0000E+00 0.0000E+00 0.0000E+00 0.0000E+00 0.0000E+00 0.0000E+00 0.0000E+00 0.0000E+00 0.0000E+00 0.0000E+00 0.0000E+00
1.7733E-09 2.2833E-09 2.8863E-09 3.5843E-09 4.3705E-09 5.2314E-09 6.1437E-09 7.0822E-09 8.0154E-09 8.9065E-09 9.7139E-09 1.0400E-08 1.0930E-08 1.1278E-08 1.1423E-08 1.1362E-08 1.1097E-08 1.0647E-08 1.0035E-08 9.2949E-09 8.4617E-09 7.5730E-09 6.6651E-09 5.7710E-09 4.9164E-09 4.1236E-09 3.4057E-09 2.7704E-09 2.2198E-09 1.7544E-09 1.3661E-09 1.0488E-09 7.9720E-10 5.9481E-10 4.4017E-10 3.1717E-10 2.0285E-10 1.0522E-10 2.5592E-11 0.0000E+00 0.0000E+00 0.0000E+00 0.0000E+00 0.0000E+00 0.0000E+00 0.0000E+00 0.0000E+00 0.0000E+00 0.0000E+00 0.0000E+00 0.0000E+00 0.0000E+00 0.0000E+00 0.0000E+00 0.0000E+00 0.0000E+00 0.0000E+00
1.7797E-09 2.2998E-09 2.9212E-09 3.6388E-09 4.4458E-09 5.3279E-09 6.2685E-09 7.2365E-09 8.1981E-09 9.1130E-09 9.9382E-09 1.0633E-08 1.1162E-08 1.1496E-08 1.1620E-08 1.1528E-08 1.1224E-08 1.0729E-08 1.0071E-08 9.2843E-09 8.4110E-09 7.4883E-09 6.5535E-09 5.6394E-09 4.7732E-09 3.9747E-09 3.2585E-09 2.6306E-09 2.0914E-09 1.6376E-09 1.2653E-09 9.6046E-10 7.2343E-10 5.3333E-10 3.8796E-10 2.4586E-10 1.4617E-10 5.1294E-11 8.2774E-12 0.0000E+00 0.0000E+00 0.0000E+00 0.0000E+00 0.0000E+00 0.0000E+00 0.0000E+00 0.0000E+00 0.0000E+00 0.0000E+00 0.0000E+00 0.0000E+00 0.0000E+00 0.0000E+00 0.0000E+00 0.0000E+00 0.0000E+00 0.0000E+00
1.7806E-09 2.3151E-09 2.9491E-09 3.6818E-09 4.5090E-09 5.4214E-09 6.3939E-09 7.3941E-09 8.3846E-09 9.3208E-09 1.0161E-08 1.0864E-08 1.1391E-08 1.1714E-08 1.1816E-08 1.1692E-08 1.1351E-08 1.0812E-08 1.0107E-08 9.2744E-09 8.3581E-09 7.4001E-09 6.4382E-09 5.5062E-09 4.6294E-09 3.8281E-09 3.1134E-09 2.4931E-09 1.9657E-09 1.5259E-09 1.1672E-09 8.7886E-10 6.5069E-10 4.7557E-10 3.3661E-10 2.0604E-10 9.9277E-11 3.1092E-11 0.0000E+00 0.0000E+00 0.0000E+00 0.0000E+00 0.0000E+00 0.0000E+00 0.0000E+00 0.0000E+00 0.0000E+00 0.0000E+00 0.0000E+00 0.0000E+00 0.0000E+00 0.0000E+00 0.0000E+00 0.0000E+00 0.0000E+00 0.0000E+00 0.0000E+00
1.7826E-09 2.3239E-09 2.9671E-09 3.7183E-09 4.5760E-09 5.5166E-09 6.5164E-09 7.5435E-09 8.5592E-09 9.5213E-09 1.0383E-08 1.1098E-08 1.1625E-08 1.1937E-08 1.2014E-08 1.1856E-08 1.1472E-08 1.0889E-08 1.0140E-08 9.2650E-09 8.3064E-09 7.3089E-09 6.3183E-09 5.3677E-09 4.4823E-09 3.6792E-09 2.9700E-09 2.3583E-09 1.8433E-09 1.4177E-09 1.0731E-09 7.9937E-10 5.8237E-10 4.2024E-10 2.8701E-10 1.5547E-10 6.9957E-11 1.9175E-11 0.0000E+00 0.0000E+00 0.0000E+00 0.0000E+00 0.0000E+00 0.0000E+00 0.0000E+00 0.0000E+00 0.0000E+00 0.0000E+00 0.0000E+00 0.0000E+00 0.0000E+00 0.0000E+00 0.0000E+00 0.0000E+00 0.0000E+00 0.0000E+00 0.0000E+00
1.7774E-09 2.3229E-09 2.9841E-09 3.7608E-09 4.6367E-09 5.6003E-09 6.6275E-09 7.6937E-09 8.7506E-09 9.7462E-09 1.0631E-08 1.1359E-08 1.1888E-08 1.2188E-08 1.2240E-08 1.2046E-08 1.1616E-08 1.0978E-08 1.0171E-08 9.2451E-09 8.2474E-09 7.2208E-09 6.2013E-09 5.2279E-09 4.3334E-09 3.5308E-09 2.8274E-09 2.2260E-09 1.7227E-09 1.3128E-09 9.8284E-10 7.2266E-10 5.1931E-10 3.6545E-10 2.4243E-10 9.2344E-11 3.0014E-11 0.0000E+00 0.0000E+00 0.0000E+00 0.0000E+00 0.0000E+00 0.0000E+00 0.0000E+00 0.0000E+00 0.0000E+00 0.0000E+00 0.0000E+00 0.0000E+00 0.0000E+00 0.0000E+00 0.0000E+00 0.0000E+00 0.0000E+00 0.0000E+00 0.0000E+00 0.0000E+00
1.7641E-09 2.3251E-09 3.0039E-09 3.7908E-09 4.6870E-09 5.6876E-09 6.7612E-09 7.8657E-09 8.9530E-09 9.9773E-09 1.0886E-08 1.1626E-08 1.2154E-08 1.2441E-08 1.2470E-08 1.2239E-08 1.1766E-08 1.1081E-08 1.0224E-08 9.2440E-09 8.1902E-09 7.1214E-09 6.0816E-09 5.0954E-09 4.1854E-09 3.3824E-09 2.6865E-09 2.0967E-09 1.6079E-09 1.2117E-09 8.9721E-10 6.5011E-10 4.6250E-10 3.1464E-10 1.6593E-10 7.2737E-11 2.0976E-11 0.0000E+00 0.0000E+00 0.0000E+00 0.0000E+00 0.0000E+00 0.0000E+00 0.0000E+00 0.0000E+00 0.0000E+00 0.0000E+00 0.0000E+00 0.0000E+00 0.0000E+00 0.0000E+00 0.0000E+00 0.0000E+00 0.0000E+00 0.0000E+00 0.0000E+00 0.0000E+00
