Assets/Resources/2015_m01_d09_0800(utc+0800)_l00_csi_1hr_conc.grd
DSAA
         159         159
     -79.000      79.000
     -79.000      79.000
  0.4382E-09  0.5875E-04
[rows 100 to 124 of 159, columns 57 to 113 of 159]
9.5461E-09 1.0843E-08 1.1175E-08 1.1751E-08 1.2286E-08 1.4059E-08 1.4759E-08 1.5595E-08 1.6507E-08 1.7556E-08 1.8868E-08 2.0328E-08 2.2048E-08 2.4191E-08 2.7284E-08 3.1177E-08 3.5938E-08 4.2119E-08 5.0215E-08 6.0199E-08 7.2971E-08 8.8297E-08 1.0587E-07 1.2565E-07 1.4688E-07 1.6864E-07 1.8961E-07 2.0845E-07 2.2402E-07 2.3539E-07 2.4223E-07 2.4477E-07 2.4338E-07 2.3899E-07 2.3272E-07 2.2534E-07 2.1739E-07 2.0987E-07 2.0398E-07 1.9959E-07 1.9696E-07 1.9572E-07 1.9455E-07 1.8943E-07 1.7728E-07 1.6677E-07 1.6902E-07 1.6768E-07 1.6218E-07 1.5516E-07 1.4768E-07 1.3924E-07 1.3069E-07 1.2230E-07 1.1427E-07 1.0652E-07 9.9216E-08
9.5736E-09 1.0900E-08 1.1220E-08 1.1838E-08 1.2385E-08 1.4155E-08 1.4868E-08 1.5725E-08 1.6661E-08 1.7736E-08 1.9065E-08 2.0567E-08 2.2320E-08 2.4399E-08 2.7116E-08 3.0670E-08 3.5139E-08 4.0628E-08 4.7570E-08 5.6432E-08 6.7395E-08 8.0363E-08 9.5368E-08 1.1214E-07 1.2991E-07 1.4825E-07 1.6604E-07 1.8228E-07 1.9611E-07 2.0698E-07 2.1456E-07 2.1911E-07 2.2079E-07 2.1995E-07 2.1718E-07 2.1331E-07 2.0922E-07 2.0484E-07 2.0172E-07 2.0005E-07 1.9981E-07 2.0119E-07 2.0189E-07 1.9712E-07 1.8289E-07 1.7360E-07 1.7735E-07 1.7411E-07 1.6785E-07 1.6040E-07 1.5238E-07 1.4343E-07 1.3451E-07 1.2577E-07 1.1738E-07 1.0930E-07 1.0166E-07
9.5966E-09 1.0935E-08 1.1260E-08 1.1894E-08 1.2466E-08 1.4235E-08 1.4955E-08 1.5829E-08 1.6787E-08 1.7884E-08 1.9224E-08 2.0754E-08 2.2526E-08 2.4611E-08 2.7088E-08 3.0324E-08 3.4571E-08 3.9607E-08 4.5995E-08 5.3732E-08 6.3073E-08 7.4376E-08 8.7319E-08 1.0149E-07 1.1655E-07 1.3200E-07 1.4708E-07 1.6115E-07 1.7365E-07 1.8425E-07 1.9253E-07 1.9850E-07 2.0211E-07 2.0355E-07 2.0374E-07 2.0302E-07 2.0171E-07 2.0003E-07 1.9955E-07 2.0021E-07 2.0263E-07 2.0647E-07 2.0897E-07 2.0426E-07 1.8721E-07 1.8041E-07 1.8409E-07 1.7956E-07 1.7270E-07 1.6488E-07 1.5631E-07 1.4695E-07 1.3771E-07 1.2861E-07 1.1988E-07 1.1150E-07 1.0362E-07
9.6150E-09 1.0963E-08 1.1297E-08 1.1931E-08 1.3626E-08 1.4298E-08 1.5020E-08 1.5906E-08 1.6883E-08 1.7996E-08 1.9336E-08 2.0882E-08 2.2678E-08 2.4775E-08 2.7260E-08 3.0270E-08 3.4069E-08 3.8968E-08 4.4734E-08 5.1697E-08 6.0178E-08 6.9890E-08 8.0989E-08 9.3238E-08 1.0632E-07 1.1953E-07 1.3259E-07 1.4504E-07 1.5645E-07 1.6654E-07 1.7490E-07 1.8156E-07 1.8664E-07 1.9018E-07 1.9250E-07 1.9386E-07 1.9508E-07 1.9580E-07 1.9732E-07 2.0036E-07 2.0531E-07 2.1150E-07 2.1601E-07 2.1013E-07 1.9001E-07 1.8697E-07 1.8913E-07 1.8393E-07 1.7655E-07 1.6842E-07 1.5917E-07 1.4952E-07 1.3998E-07 1.3070E-07 1.2178E-07 1.1326E-07 1.0522E-07
9.6288E-09 1.0984E-08 1.1324E-08 1.1957E-08 1.3673E-08 1.4344E-08 1.5064E-08 1.5956E-08 1.6945E-08 1.8073E-08 1.9397E-08 2.0957E-08 2.2764E-08 2.4850E-08 2.7352E-08 3.0321E-08 3.3877E-08 3.8344E-08 4.3727E-08 5.0261E-08 5.7813E-08 6.6477E-08 7.6135E-08 8.6736E-08 9.8078E-08 1.0967E-07 1.2115E-07 1.3226E-07 1.4277E-07 1.5237E-07 1.6094E-07 1.6824E-07 1.7420E-07 1.7893E-07 1.8278E-07 1.8617E-07 1.8934E-07 1.9176E-07 1.9535E-07 2.0064E-07 2.0787E-07 2.1644E-07 2.2207E-07 2.1347E-07 1.9134E-07 1.9317E-07 1.9266E-07 1.8666E-07 1.7898E-07 1.7050E-07 1.6094E-07 1.5123E-07 1.4162E-07 1.3228E-07 1.2322E-07 1.1457E-07 1.0637E-07
9.6378E-09 1.0990E-08 1.1341E-08 1.1969E-08 1.3695E-08 1.4372E-08 1.5096E-08 1.5980E-08 1.6972E-08 1.8113E-08 1.9430E-08 2.0975E-08 2.2779E-08 2.4863E-08 2.7356E-08 3.0315E-08 3.3804E-08 3.7960E-08 4.3010E-08 4.8989E-08 5.5869E-08 6.3830E-08 7.2407E-08 8.1715E-08 9.1696E-08 1.0203E-07 1.1231E-07 1.2238E-07 1.3213E-07 1.4128E-07 1.4976E-07 1.5724E-07 1.6383E-07 1.6963E-07 1.7476E-07 1.7939E-07 1.8408E-07 1.8846E-07 1.9369E-07 2.0074E-07 2.1016E-07 2.2051E-07 2.2596E-07 2.1321E-07 1.8958E-07 1.9796E-07 1.9443E-07 1.8798E-07 1.8028E-07 1.7166E-07 1.6204E-07 1.5231E-07 1.4263E-07 1.3320E-07 1.2404E-07 1.1531E-07 1.0701E-07
9.6422E-09 1.0985E-08 1.1347E-08 1.1973E-08 1.3689E-08 1.4379E-08 1.5107E-08 1.5977E-08 1.6967E-08 1.8109E-08 1.9419E-08 2.0945E-08 2.2727E-08 2.4829E-08 2.7288E-08 3.0214E-08 3.3652E-08 3.7701E-08 4.2433E-08 4.7969E-08 5.4258E-08 6.1425E-08 6.9149E-08 7.7519E-08 8.6438E-08 9.5683E-08 1.0519E-07 1.1446E-07 1.2358E-07 1.3234E-07 1.4067E-07 1.4835E-07 1.5528E-07 1.6169E-07 1.6766E-07 1.7361E-07 1.7975E-07 1.8533E-07 1.9174E-07 2.0060E-07 2.1153E-07 2.2257E-07 2.2638E-07 2.0804E-07 1.9257E-07 1.9915E-07 1.9506E-07 1.8852E-07 1.8075E-07 1.7189E-07 1.6224E-07 1.5250E-07 1.4284E-07 1.3339E-07 1.2421E-07 1.1545E-07 1.0712E-07
9.6421E-09 1.0974E-08 1.1342E-08 1.1969E-08 1.3663E-08 1.4352E-08 1.5098E-08 1.5950E-08 1.6931E-08 1.8064E-08 1.9363E-08 2.0859E-08 2.2623E-08 2.4718E-08 2.7168E-08 3.0055E-08 3.3451E-08 3.7365E-08 4.1816E-08 4.6944E-08 5.2742E-08 5.9277E-08 6.6327E-08 7.4000E-08 8.2234E-08 9.0620E-08 9.9322E-08 1.0797E-07 1.1653E-07 1.2495E-07 1.3304E-07 1.4069E-07 1.4801E-07 1.5504E-07 1.6184E-07 1.6850E-07 1.7537E-07 1.8199E-07 1.8941E-07 1.9928E-07 2.1105E-07 2.2213E-07 2.2219E-07 1.9965E-07 1.9549E-07 1.9889E-07 1.9439E-07 1.8775E-07 1.8002E-07 1.7101E-07 1.6147E-07 1.5179E-07 1.4223E-07 1.3281E-07 1.2371E-07 1.1499E-07 1.0669E-07
9.6372E-09 1.0955E-08 1.1313E-08 1.1955E-08 1.3623E-08 1.4305E-08 1.5066E-08 1.5892E-08 1.6865E-08 1.7982E-08 1.9267E-08 2.0740E-08 2.2483E-08 2.4567E-08 2.6999E-08 2.9827E-08 3.3121E-08 3.6853E-08 4.1103E-08 4.5880E-08 5.1288E-08 5.7301E-08 6.3774E-08 7.0974E-08 7.8472E-08 8.6264E-08 9.4194E-08 1.0228E-07 1.1038E-07 1.1851E-07 1.2648E-07 1.3427E-07 1.4183E-07 1.4911E-07 1.5618E-07 1.6337E-07 1.7080E-07 1.7807E-07 1.8613E-07 1.9708E-07 2.0934E-07 2.1877E-07 2.1300E-07 1.9174E-07 1.9774E-07 1.9725E-07 1.9238E-07 1.8576E-07 1.7805E-07 1.6908E-07 1.5969E-07 1.5022E-07 1.4080E-07 1.3152E-07 1.2255E-07 1.1394E-07 1.0574E-07
9.6277E-09 1.0924E-08 1.1284E-08 1.1931E-08 1.3572E-08 1.4249E-08 1.5003E-08 1.5822E-08 1.6775E-08 1.7868E-08 1.9130E-08 2.0602E-08 2.2324E-08 2.4366E-08 2.6749E-08 2.9505E-08 3.2621E-08 3.6196E-08 4.0246E-08 4.4792E-08 4.9810E-08 5.5384E-08 6.1419E-08 6.8093E-08 7.5066E-08 8.2281E-08 8.9646E-08 9.7262E-08 1.0500E-07 1.1305E-07 1.2088E-07 1.2854E-07 1.3600E-07 1.4332E-07 1.5056E-07 1.5806E-07 1.6598E-07 1.7399E-07 1.8287E-07 1.9413E-07 2.0552E-07 2.1128E-07 1.9973E-07 1.8652E-07 1.9630E-07 1.9420E-07 1.8916E-07 1.8264E-07 1.7498E-07 1.6614E-07 1.5699E-07 1.4778E-07 1.3855E-07 1.2952E-07 1.2074E-07 1.1231E-07 1.0425E-07
9.6138E-09 1.0886E-08 1.1248E-08 1.1872E-08 1.3507E-08 1.4171E-08 1.4913E-08 1.5737E-08 1.6654E-08 1.7722E-08 1.8968E-08 2.0434E-08 2.2128E-08 2.4104E-08 2.6425E-08 2.9065E-08 3.2047E-08 3.5404E-08 3.9263E-08 4.3561E-08 4.8324E-08 5.3474E-08 5.9144E-08 6.5366E-08 7.1845E-08 7.8598E-08 8.5661E-08 9.2995E-08 1.0045E-07 1.0799E-07 1.1548E-07 1.2292E-07 1.3028E-07 1.3766E-07 1.4524E-07 1.5313E-07 1.6139E-07 1.6975E-07 1.7881E-07 1.8954E-07 1.9893E-07 1.9969E-07 1.8591E-07 1.8587E-07 1.9246E-07 1.8985E-07 1.8475E-07 1.7844E-07 1.7077E-07 1.6222E-07 1.5343E-07 1.4451E-07 1.3559E-07 1.2684E-07 1.1833E-07 1.1013E-07 1.0227E-07
9.5954E-09 1.0849E-08 1.1203E-08 1.1778E-08 1.3436E-08 1.4076E-08 1.4796E-08 1.5623E-08 1.6519E-08 1.7563E-08 1.8796E-08 2.0230E-08 2.1879E-08 2.3794E-08 2.6006E-08 2.8522E-08 3.1357E-08 3.4547E-08 3.8151E-08 4.2253E-08 4.6746E-08 5.1588E-08 5.6941E-08 6.2679E-08 6.8805E-08 7.5143E-08 8.1887E-08 8.8753E-08 9.5862E-08 1.0309E-07 1.1038E-07 1.1771E-07 1.2508E-07 1.3253E-07 1.4017E-07 1.4814E-07 1.5634E-07 1.6478E-07 1.7369E-07 1.8320E-07 1.8939E-07 1.8533E-07 1.7595E-07 1.8425E-07 1.8710E-07 1.8413E-07 1.7923E-07 1.7313E-07 1.6561E-07 1.5748E-07 1.4908E-07 1.4050E-07 1.3197E-07 1.2355E-07 1.1536E-07 1.0745E-07 9.9862E-08
9.5726E-09 1.0805E-08 1.1155E-08 1.1648E-08 1.2245E-08 1.3969E-08 1.4684E-08 1.5489E-08 1.6371E-08 1.7393E-08 1.8592E-08 1.9981E-08 2.1590E-08 2.3428E-08 2.5506E-08 2.7905E-08 3.0596E-08 3.3629E-08 3.7009E-08 4.0839E-08 4.5094E-08 4.9678E-08 5.4753E-08 6.0165E-08 6.5865E-08 7.1817E-08 7.8163E-08 8.4693E-08 9.1534E-08 9.8498E-08 1.0556E-07 1.1269E-07 1.1992E-07 1.2728E-07 1.3489E-07 1.4280E-07 1.5095E-07 1.5918E-07 1.6736E-07 1.7486E-07 1.7740E-07 1.7125E-07 1.7019E-07 1.8073E-07 1.8065E-07 1.7754E-07 1.7283E-07 1.6690E-07 1.5968E-07 1.5199E-07 1.4398E-07 1.3587E-07 1.2774E-07 1.1971E-07 1.1189E-07 1.0430E-07 9.7053E-08
9.5340E-09 1.0761E-08 1.1096E-08 1.1496E-08 1.2167E-08 1.3852E-08 1.4543E-08 1.5321E-08 1.6213E-08 1.7209E-08 1.8371E-08 1.9712E-08 2.1260E-08 2.2997E-08 2.4977E-08 2.7215E-08 2.9765E-08 3.2630E-08 3.5840E-08 3.9417E-08 4.3385E-08 4.7726E-08 5.2562E-08 5.7654E-08 6.3029E-08 6.8665E-08 7.4646E-08 8.0887E-08 8.7403E-08 9.4063E-08 1.0092E-07 1.0782E-07 1.1486E-07 1.2207E-07 1.2951E-07 1.3721E-07 1.4501E-07 1.5273E-07 1.5979E-07 1.6487E-07 1.6434E-07 1.6027E-07 1.6631E-07 1.7400E-07 1.7333E-07 1.7018E-07 1.6564E-07 1.5989E-07 1.5309E-07 1.4584E-07 1.3833E-07 1.3068E-07 1.2300E-07 1.1541E-07 1.0797E-07 1.0078E-07 9.3898E-08
9.4737E-09 1.0704E-08 1.1034E-08 1.1398E-08 1.2074E-08 1.3731E-08 1.4389E-08 1.5158E-08 1.6041E-08 1.7016E-08 1.8124E-08 1.9409E-08 2.0873E-08 2.2533E-08 2.4401E-08 2.6503E-08 2.8876E-08 3.1614E-08 3.4650E-08 3.8019E-08 4.1697E-08 4.5839E-08 5.0341E-08 5.5117E-08 6.0227E-08 6.5573E-08 7.1223E-08 7.7182E-08 8.3384E-08 8.9748E-08 9.6260E-08 1.0292E-07 1.0973E-07 1.1673E-07 1.2396E-07 1.3135E-07 1.3862E-07 1.4557E-07 1.5109E-07 1.5375E-07 1.5204E-07 1.5237E-07 1.6150E-07 1.6613E-07 1.6509E-07 1.6201E-07 1.5783E-07 1.5228E-07 1.4593E-07 1.3920E-07 1.3219E-07 1.2504E-07 1.1784E-07 1.1072E-07 1.0371E-07 9.6951E-08 9.0430E-08
8.2218E-09 9.7045E-09 1.0969E-08 1.1326E-08 1.1932E-08 1.3602E-08 1.4240E-08 1.4994E-08 1.5856E-08 1.6798E-08 1.7858E-08 1.9078E-08 2.0461E-08 2.2037E-08 2.3803E-08 2.5785E-08 2.8020E-08 3.0535E-08 3.3426E-08 3.6592E-08 4.0042E-08 4.3941E-08 4.8139E-08 5.2670E-08 5.7406E-08 6.2458E-08 6.7776E-08 7.3514E-08 7.9399E-08 8.5461E-08 9.1683E-08 9.8068E-08 1.0461E-07 1.1134E-07 1.1824E-07 1.2514E-07 1.3173E-07 1.3764E-07 1.4152E-07 1.4251E-07 1.4208E-07 1.4714E-07 1.5563E-07 1.5761E-07 1.5628E-07 1.5345E-07 1.4949E-07 1.4425E-07 1.3841E-07 1.3219E-07 1.2570E-07 1.1906E-07 1.1237E-07 1.0571E-07 9.9200E-08 9.2855E-08 8.6755E-08
8.1927E-09 9.6638E-09 1.0902E-08 1.1244E-08 1.1714E-08 1.3464E-08 1.4093E-08 1.4812E-08 1.5645E-08 1.6567E-08 1.7596E-08 1.8735E-08 2.0051E-08 2.1531E-08 2.3188E-08 2.5011E-08 2.7113E-08 2.9478E-08 3.2154E-08 3.5156E-08 3.8426E-08 4.2086E-08 4.6020E-08 5.0205E-08 5.4629E-08 5.9457E-08 6.4498E-08 6.9865E-08 7.5430E-08 8.1182E-08 8.7099E-08 9.3184E-08 9.9422E-08 1.0582E-07 1.1229E-07 1.1860E-07 1.2441E-07 1.2919E-07 1.3168E-07 1.3222E-07 1.3391E-07 1.4116E-07 1.4767E-07 1.4862E-07 1.4724E-07 1.4459E-07 1.4083E-07 1.3598E-07 1.3064E-07 1.2494E-07 1.1897E-07 1.1285E-07 1.0666E-07 1.0052E-07 9.4488E-08 8.8574E-08 8.2918E-08
8.1739E-09 9.5991E-09 1.0834E-08 1.1166E-08 1.1535E-08 1.2245E-08 1.3946E-08 1.4640E-08 1.5445E-08 1.6340E-08 1.7312E-08 1.8390E-08 1.9597E-08 2.0976E-08 2.2516E-08 2.4231E-08 2.6179E-08 2.8423E-08 3.0936E-08 3.3699E-08 3.6787E-08 4.0255E-08 4.3928E-08 4.7839E-08 5.2002E-08 5.6476E-08 6.1242E-08 6.6342E-08 7.1592E-08 7.7028E-08 8.2631E-08 8.8389E-08 9.4286E-08 1.0028E-07 1.0625E-07 1.1189E-07 1.1681E-07 1.2048E-07 1.2214E-07 1.2347E-07 1.2791E-07 1.3443E-07 1.3897E-07 1.3941E-07 1.3799E-07 1.3555E-07 1.3199E-07 1.2760E-07 1.2275E-07 1.1756E-07 1.1211E-07 1.0649E-07 1.0084E-07 9.5212E-08 8.9629E-08 8.4200E-08 7.8972E-08
8.1527E-09 8.3215E-09 1.0759E-08 1.1091E-08 1.1457E-08 1.2079E-08 1.3808E-08 1.4475E-08 1.5242E-08 1.6091E-08 1.6987E-08 1.7995E-08 1.9120E-08 2.0386E-08 2.1838E-08 2.3458E-08 2.5283E-08 2.7365E-08 2.9741E-08 3.2320E-08 3.5241E-08 3.8425E-08 4.1867E-08 4.5527E-08 4.9443E-08 5.3626E-08 5.8133E-08 6.2872E-08 6.7806E-08 7.2915E-08 7.8188E-08 8.3594E-08 8.9110E-08 9.4653E-08 1.0006E-07 1.0496E-07 1.0903E-07 1.1182E-07 1.1342E-07 1.1575E-07 1.2151E-07 1.2704E-07 1.2991E-07 1.2998E-07 1.2871E-07 1.2649E-07 1.2318E-07 1.1923E-07 1.1486E-07 1.1016E-07 1.0521E-07 1.0013E-07 9.4999E-08 8.9838E-08 8.4748E-08 7.9774E-08 7.4971E-08
8.1296E-09 8.2758E-09 9.7467E-09 1.1019E-08 1.1383E-08 1.1839E-08 1.3653E-08 1.4288E-08 1.4998E-08 1.5798E-08 1.6641E-08 1.7590E-08 1.8642E-08 1.9833E-08 2.1151E-08 2.2696E-08 2.4416E-08 2.6372E-08 2.8551E-08 3.0987E-08 3.3737E-08 3.6700E-08 3.9873E-08 4.3252E-08 4.6921E-08 5.0880E-08 5.5116E-08 5.9551E-08 6.4172E-08 6.8957E-08 7.3891E-08 7.8929E-08 8.4031E-08 8.9080E-08 9.3870E-08 9.8050E-08 1.0136E-07 1.0368E-07 1.0583E-07 1.0964E-07 1.1465E-07 1.1895E-07 1.2086E-07 1.2076E-07 1.1959E-07 1.1755E-07 1.1452E-07 1.1099E-07 1.0708E-07 1.0283E-07 9.8405E-08 9.3836E-08 8.9171E-08 8.4513E-08 7.9884E-08 7.5352E-08 7.0965E-08
8.1044E-09 8.2506E-09 8.4640E-09 1.0935E-08 1.1290E-08 1.1679E-08 1.2343E-08 1.4074E-08 1.4738E-08 1.5499E-08 1.6300E-08 1.7190E-08 1.8184E-08 1.9275E-08 2.0516E-08 2.1931E-08 2.3577E-08 2.5410E-08 2.7438E-08 2.9706E-08 3.2247E-08 3.5035E-08 3.7980E-08 4.1123E-08 4.4553E-08 4.8227E-08 5.2173E-08 5.6304E-08 6.0639E-08 6.5109E-08 6.9689E-08 7.4344E-08 7.9002E-08 8.3531E-08 8.7700E-08 9.1229E-08 9.3962E-08 9.6203E-08 9.8755E-08 1.0327E-07 1.0743E-07 1.1070E-07 1.1200E-07 1.1180E-07 1.1072E-07 1.0881E-07 1.0610E-07 1.0296E-07 9.9468E-08 9.5719E-08 9.1763E-08 8.7645E-08 8.3476E-08 7.9280E-08 7.5091E-08 7.0985E-08 6.6980E-08
8.0771E-09 8.2233E-09 8.3756E-09 1.0848E-08 1.1186E-08 1.1566E-08 1.2037E-08 1.3854E-08 1.4484E-08 1.5191E-08 1.5960E-08 1.6796E-08 1.7727E-08 1.8751E-08 1.9892E-08 2.1230E-08 2.2742E-08 2.4486E-08 2.6370E-08 2.8511E-08 3.0870E-08 3.3409E-08 3.6159E-08 3.9107E-08 4.2289E-08 4.5733E-08 4.9400E-08 5.3239E-08 5.7234E-08 6.1358E-08 6.5575E-08 6.9832E-08 7.4031E-08 7.8034E-08 8.1620E-08 8.4612E-08 8.7049E-08 8.8737E-08 9.2878E-08 9.6748E-08 9.9945E-08 1.0242E-07 1.0333E-07 1.0310E-07 1.0217E-07 1.0038E-07 9.7979E-08 9.5237E-08 9.2174E-08 8.8851E-08 8.5314E-08 8.1676E-08 7.7951E-08 7.4182E-08 7.0417E-08 6.6698E-08 6.3092E-08
8.0476E-09 8.1942E-09 8.3472E-09 8.5833E-09 1.1080E-08 1.1443E-08 1.1828E-08 1.3585E-08 1.4232E-08 1.4897E-08 1.5629E-08 1.6414E-08 1.7284E-08 1.8242E-08 1.9315E-08 2.0538E-08 2.1983E-08 2.3578E-08 2.5339E-08 2.7372E-08 2.9559E-08 3.1907E-08 3.4420E-08 3.7158E-08 4.0125E-08 4.3359E-08 4.6754E-08 5.0307E-08 5.3993E-08 5.7788E-08 6.1639E-08 6.5490E-08 6.9228E-08 7.2723E-08 7.5794E-08 7.8400E-08 8.0757E-08 8.3311E-08 8.6935E-08 9.0102E-08 9.2329E-08 9.4431E-08 9.5050E-08 9.4842E-08 9.3967E-08 9.2360E-08 9.0298E-08 8.7901E-08 8.5196E-08 8.2266E-08 7.9170E-08 7.5947E-08 7.2636E-08 6.9266E-08 6.5879E-08 6.2558E-08 5.9320E-08
8.0160E-09 8.1632E-09 8.3167E-09 8.4748E-09 1.0972E-08 1.1319E-08 1.1690E-08 1.2147E-08 1.3984E-08 1.4607E-08 1.5308E-08 1.6037E-08 1.6855E-08 1.7748E-08 1.8767E-08 1.9919E-08 2.1243E-08 2.2753E-08 2.4398E-08 2.6264E-08 2.8318E-08 3.0487E-08 3.2805E-08 3.5359E-08 3.8101E-08 4.1078E-08 4.4206E-08 4.7513E-08 5.0896E-08 5.4359E-08 5.7847E-08 6.1291E-08 6.4582E-08 6.7607E-08 7.0270E-08 7.2639E-08 7.4518E-08 7.7918E-08 8.0975E-08 8.3412E-08 8.5173E-08 8.6769E-08 8.7219E-08 8.7038E-08 8.6271E-08 8.4835E-08 8.3052E-08 8.0946E-08 7.8607E-08 7.6054E-08 7.3336E-08 7.0494E-08 6.7561E-08 6.4544E-08 6.1544E-08 5.8583E-08 5.5664E-08
7.9823E-09 8.1302E-09 8.2839E-09 8.4425E-09 8.6930E-09 1.1197E-08 1.1563E-08 1.1947E-08 1.3632E-08 1.4331E-08 1.4986E-08 1.5682E-08 1.6434E-08 1.7277E-08 1.8246E-08 1.9334E-08 2.0576E-08 2.1947E-08 2.3530E-08 2.5259E-08 2.7123E-08 2.9120E-08 3.1308E-08 3.3667E-08 3.6222E-08 3.8966E-08 4.1843E-08 4.4837E-08 4.7919E-08 5.1052E-08 5.4180E-08 5.7226E-08 6.0106E-08 6.2738E-08 6.5104E-08 6.7355E-08 6.9651E-08 7.2557E-08 7.5027E-08 7.6757E-08 7.8382E-08 7.9565E-08 7.9910E-08 7.9756E-08 7.9026E-08 7.7778E-08 7.6256E-08 7.4462E-08 7.2432E-08 7.0210E-08 6.7836E-08 6.5340E-08 6.2728E-08 6.0079E-08 5.7423E-08 5.4769E-08 5.2176E-08
