Assets/Resources/2015_m01_d30_2000(utc+0800)_l00_csi_1hr_conc.grd
DSAA
         159         159
     -79.000      79.000
     -79.000      79.000
  0.0000E+00  0.8071E-05
[rows 25 to 49 of 159, columns 57 to 113 of 159]
8.1393E-10 9.7087E-10 1.1686E-09 1.3923E-09 1.7285E-09 2.2638E-09 2.9239E-09 3.6891E-09 4.5088E-09 5.5014E-09 6.6963E-09 8.1312E-09 9.8455E-09 1.1866E-08 1.3638E-08 1.5533E-08 1.7427E-08 1.7687E-08 1.5858E-08 1.4735E-08 1.5205E-08 1.6150E-08 1.7216E-08 1.8250E-08 1.9222E-08 2.0096E-08 2.0846E-08 2.1455E-08 2.1897E-08 2.2181E-08 2.2306E-08 2.2260E-08 2.2042E-08 2.1662E-08 2.1134E-08 2.0474E-08 1.9701E-08 1.8836E-08 1.7901E-08 1.6919E-08 1.5903E-08 1.4877E-08 1.3866E-08 1.2893E-08 1.1946E-08 1.1032E-08 1.0173E-08 9.3658E-09 8.6031E-09 7.8889E-09 7.2314E-09 6.6262E-09 6.0758E-09 5.5791E-09 5.1305E-09 4.7169E-09 4.3366E-09
7.9542E-10 9.4908E-10 1.1432E-09 1.3621E-09 1.7055E-09 2.2641E-09 2.9279E-09 3.7048E-09 4.5432E-09 5.5611E-09 6.7908E-09 8.2720E-09 1.0045E-08 1.2132E-08 1.4584E-08 1.6518E-08 1.8074E-08 2.0136E-08 2.0672E-08 1.8101E-08 1.6568E-08 1.7097E-08 1.8133E-08 1.9205E-08 2.0208E-08 2.1125E-08 2.1912E-08 2.2534E-08 2.2984E-08 2.3265E-08 2.3362E-08 2.3266E-08 2.2985E-08 2.2528E-08 2.1910E-08 2.1150E-08 2.0273E-08 1.9301E-08 1.8261E-08 1.7181E-08 1.6085E-08 1.4989E-08 1.3905E-08 1.2859E-08 1.1871E-08 1.0928E-08 1.0029E-08 9.1973E-09 8.4223E-09 7.7002E-09 7.0376E-09 6.4329E-09 5.8868E-09 5.3979E-09 4.9570E-09 4.5504E-09 4.1780E-09
7.6752E-10 9.2995E-10 1.1162E-09 1.3271E-09 1.6722E-09 2.2420E-09 2.9030E-09 3.6977E-09 4.5536E-09 5.5827E-09 6.8460E-09 8.3657E-09 1.0180E-08 1.2328E-08 1.4859E-08 1.7780E-08 1.9828E-08 2.1313E-08 2.2112E-08 2.2499E-08 2.0565E-08 1.8634E-08 1.9202E-08 2.0264E-08 2.1311E-08 2.2262E-08 2.3077E-08 2.3722E-08 2.4184E-08 2.4453E-08 2.4511E-08 2.4360E-08 2.4003E-08 2.3456E-08 2.2735E-08 2.1864E-08 2.0872E-08 1.9783E-08 1.8630E-08 1.7443E-08 1.6251E-08 1.5076E-08 1.3933E-08 1.2823E-08 1.1768E-08 1.0788E-08 9.8671E-09 9.0066E-09 8.2123E-09 7.4899E-09 6.8252E-09 6.2251E-09 5.6778E-09 5.2035E-09 4.7697E-09 4.3729E-09 4.0102E-09
7.3639E-10 8.9750E-10 1.0800E-09 1.2927E-09 1.6285E-09 2.2036E-09 2.9174E-09 3.6720E-09 4.5302E-09 5.5783E-09 6.8532E-09 8.4054E-09 1.0248E-08 1.2454E-08 1.5023E-08 1.8025E-08 2.1466E-08 2.3592E-08 2.5206E-08 2.5165E-08 2.2681E-08 2.1618E-08 2.0912E-08 2.1497E-08 2.2558E-08 2.3551E-08 2.4398E-08 2.5072E-08 2.5548E-08 2.5798E-08 2.5813E-08 2.5591E-08 2.5143E-08 2.4486E-08 2.3641E-08 2.2637E-08 2.1511E-08 2.0298E-08 1.9029E-08 1.7728E-08 1.6430E-08 1.5159E-08 1.3936E-08 1.2771E-08 1.1660E-08 1.0622E-08 9.6755E-09 8.8011E-09 7.9862E-09 7.2613E-09 6.6113E-09 6.0314E-09 5.4596E-09 4.9949E-09 4.5706E-09 4.1849E-09 3.8337E-09
7.0512E-10 8.6156E-10 1.0407E-09 1.2545E-09 1.5929E-09 2.1558E-09 2.8963E-09 3.6256E-09 4.4776E-09 5.5393E-09 6.8312E-09 8.3804E-09 1.0263E-08 1.2481E-08 1.5102E-08 1.8149E-08 2.1640E-08 2.4351E-08 2.7763E-08 2.9178E-08 2.8585E-08 2.5022E-08 2.2941E-08 2.3170E-08 2.3959E-08 2.4973E-08 2.5851E-08 2.6552E-08 2.7033E-08 2.7261E-08 2.7225E-08 2.6928E-08 2.6377E-08 2.5597E-08 2.4618E-08 2.3472E-08 2.2205E-08 2.0849E-08 1.9453E-08 1.8041E-08 1.6635E-08 1.5257E-08 1.3935E-08 1.2692E-08 1.1534E-08 1.0453E-08 9.4667E-09 8.5805E-09 7.7774E-09 7.0855E-09 6.4428E-09 5.8220E-09 5.2268E-09 4.7732E-09 4.3604E-09 3.9887E-09 3.6497E-09
6.7113E-10 8.2540E-10 9.9856E-10 1.2073E-09 1.5393E-09 2.0892E-09 2.8353E-09 3.5494E-09 4.4074E-09 5.4557E-09 6.7515E-09 8.3092E-09 1.0196E-08 1.2431E-08 1.5076E-08 1.8142E-08 2.1685E-08 2.5708E-08 2.8234E-08 3.0208E-08 3.3383E-08 3.2244E-08 2.7818E-08 2.5306E-08 2.5618E-08 2.6546E-08 2.7456E-08 2.8180E-08 2.8661E-08 2.8863E-08 2.8771E-08 2.8385E-08 2.7722E-08 2.6814E-08 2.5696E-08 2.4407E-08 2.2995E-08 2.1491E-08 1.9942E-08 1.8383E-08 1.6853E-08 1.5371E-08 1.3948E-08 1.2617E-08 1.1399E-08 1.0296E-08 9.3145E-09 8.4878E-09 7.7101E-09 7.0445E-09 6.2319E-09 5.4797E-09 4.9828E-09 4.5436E-09 4.1443E-09 3.7858E-09 3.4593E-09
6.3534E-10 7.9098E-10 9.5362E-10 1.1568E-09 1.4786E-09 2.0039E-09 2.7432E-09 3.4508E-09 4.3058E-09 5.3442E-09 6.6226E-09 8.1951E-09 1.0053E-08 1.2305E-08 1.4936E-08 1.8034E-08 2.1594E-08 2.5624E-08 3.0146E-08 3.2553E-08 3.3947E-08 3.5018E-08 3.6073E-08 3.0874E-08 2.8043E-08 2.8397E-08 2.9285E-08 3.0028E-08 3.0505E-08 3.0678E-08 3.0523E-08 3.0047E-08 2.9264E-08 2.8214E-08 2.6946E-08 2.5490E-08 2.3911E-08 2.2238E-08 2.0519E-08 1.8793E-08 1.7105E-08 1.5499E-08 1.3993E-08 1.2597E-08 1.1384E-08 1.0390E-08 9.4831E-09 8.7009E-09 7.7144E-09 6.8357E-09 5.9254E-09 5.2152E-09 4.7295E-09 4.3056E-09 3.9196E-09 3.5770E-09 3.2642E-09
6.0028E-10 7.4721E-10 9.1602E-10 1.1038E-09 1.3912E-09 1.8956E-09 2.6275E-09 3.3384E-09 4.1695E-09 5.1919E-09 6.4490E-09 8.0060E-09 9.8661E-09 1.2085E-08 1.4727E-08 1.7810E-08 2.1351E-08 2.5396E-08 2.9932E-08 3.4922E-08 3.7123E-08 3.8128E-08 3.7894E-08 3.4858E-08 3.4114E-08 3.1007E-08 3.1320E-08 3.2043E-08 3.2516E-08 3.2663E-08 3.2456E-08 3.1894E-08 3.1007E-08 2.9815E-08 2.8382E-08 2.6740E-08 2.4957E-08 2.3082E-08 2.1180E-08 1.9288E-08 1.7454E-08 1.5730E-08 1.4262E-08 1.3052E-08 1.2008E-08 1.1099E-08 9.8182E-09 8.6565E-09 7.4716E-09 6.4012E-09 5.5007E-09 4.9392E-09 4.4727E-09 4.0590E-09 3.6897E-09 3.3637E-09 3.0663E-09
5.6208E-10 7.0235E-10 8.6450E-10 1.0566E-09 1.3017E-09 1.7706E-09 2.4880E-09 3.2108E-09 4.0084E-09 5.0037E-09 6.2449E-09 7.7641E-09 9.6121E-09 1.1807E-08 1.4419E-08 1.7465E-08 2.1001E-08 2.5028E-08 2.9534E-08 3.4508E-08 3.8801E-08 4.1877E-08 4.2956E-08 4.1513E-08 3.6934E-08 3.4470E-08 3.4130E-08 3.4298E-08 3.4761E-08 3.4891E-08 3.4648E-08 3.4010E-08 3.3008E-08 3.1661E-08 3.0041E-08 2.8188E-08 2.6184E-08 2.4092E-08 2.1986E-08 1.9959E-08 1.8233E-08 1.6767E-08 1.5687E-08 1.4605E-08 1.2990E-08 1.1402E-08 9.8037E-09 8.3409E-09 6.9764E-09 5.9570E-09 5.1681E-09 4.6544E-09 4.2083E-09 3.8072E-09 3.4563E-09 3.1473E-09 2.8669E-09
5.2167E-10 6.5502E-10 8.1053E-10 9.9845E-10 1.2160E-09 1.6342E-09 2.3261E-09 3.0516E-09 3.8340E-09 4.7853E-09 5.9914E-09 7.4729E-09 9.2936E-09 1.1460E-08 1.4024E-08 1.7038E-08 2.0538E-08 2.4512E-08 2.8991E-08 3.3964E-08 3.9350E-08 4.2274E-08 4.6195E-08 4.7400E-08 4.5400E-08 4.0118E-08 3.7187E-08 3.7045E-08 3.7356E-08 3.7481E-08 3.7197E-08 3.6471E-08 3.5340E-08 3.3813E-08 3.1977E-08 2.9903E-08 2.7678E-08 2.5425E-08 2.3524E-08 2.1834E-08 2.0976E-08 1.9637E-08 1.7775E-08 1.5559E-08 1.3434E-08 1.1320E-08 9.4975E-09 7.8356E-09 6.5915E-09 5.6355E-09 4.8695E-09 4.3633E-09 3.9375E-09 3.5527E-09 3.2202E-09 2.9303E-09 2.6679E-09
4.8241E-10 6.0679E-10 7.5373E-10 9.3370E-10 1.1506E-09 1.5047E-09 2.1405E-09 2.8771E-09 3.6292E-09 4.5700E-09 5.7013E-09 7.1406E-09 8.9146E-09 1.1052E-08 1.3559E-08 1.6529E-08 1.9957E-08 2.3895E-08 2.8350E-08 3.3281E-08 3.8648E-08 4.4364E-08 4.6801E-08 4.8143E-08 5.1516E-08 4.9418E-08 4.3706E-08 4.0577E-08 4.0362E-08 4.0412E-08 4.0092E-08 3.9269E-08 3.7986E-08 3.6284E-08 3.4249E-08 3.2039E-08 3.0229E-08 2.8450E-08 2.8264E-08 2.6520E-08 2.4825E-08 2.1723E-08 1.9213E-08 1.5909E-08 1.3315E-08 1.0863E-08 8.8672E-09 7.2468E-09 6.2500E-09 5.3010E-09 4.5646E-09 4.0739E-09 3.6670E-09 3.3004E-09 2.9846E-09 2.7145E-09 2.4704E-09
4.4181E-10 5.5879E-10 6.9616E-10 8.6555E-10 1.0740E-09 1.3675E-09 1.9169E-09 2.6798E-09 3.4073E-09 4.3025E-09 5.4022E-09 6.7710E-09 8.4831E-09 1.0579E-08 1.3036E-08 1.5929E-08 1.9304E-08 2.3201E-08 2.7606E-08 3.2497E-08 3.7852E-08 4.3576E-08 4.9569E-08 5.1684E-08 5.2477E-08 5.2432E-08 5.1657E-08 4.7622E-08 4.4311E-08 4.3822E-08 4.3421E-08 4.2519E-08 4.1118E-08 3.9362E-08 3.8066E-08 3.6406E-08 3.7865E-08 3.5346E-08 3.5001E-08 3.0309E-08 2.7708E-08 2.2895E-08 1.9344E-08 1.5552E-08 1.2564E-08 1.0270E-08 8.3514E-09 6.9437E-09 5.8826E-09 4.9669E-09 4.2505E-09 3.7898E-09 3.3951E-09 3.0531E-09 2.7521E-09 2.5013E-09 2.2755E-09
4.0121E-10 5.0985E-10 6.3766E-10 7.9649E-10 9.9223E-10 1.2437E-09 1.7236E-09 2.4687E-09 3.1717E-09 3.9979E-09 5.0765E-09 6.3857E-09 8.0044E-09 1.0047E-08 1.2453E-08 1.5265E-08 1.8594E-08 2.2428E-08 2.6786E-08 3.1674E-08 3.7043E-08 4.2806E-08 4.8829E-08 5.4981E-08 5.6792E-08 5.7783E-08 5.6289E-08 5.2193E-08 5.0330E-08 4.8130E-08 4.7243E-08 4.6405E-08 4.6300E-08 4.5073E-08 4.9189E-08 4.5733E-08 4.6619E-08 4.1322E-08 3.9015E-08 3.2860E-08 2.8391E-08 2.2857E-08 1.8333E-08 1.4762E-08 1.1967E-08 9.7707E-09 7.9181E-09 6.5167E-09 5.4995E-09 4.6314E-09 3.9330E-09 3.5029E-09 3.1231E-09 2.8061E-09 2.5228E-09 2.2911E-09 2.0834E-09
3.5960E-10 4.6088E-10 5.7929E-10 7.2445E-10 9.0933E-10 1.1326E-09 1.5250E-09 2.1985E-09 2.9216E-09 3.6986E-09 4.7082E-09 5.9680E-09 7.5007E-09 9.4661E-09 1.1811E-08 1.4572E-08 1.7821E-08 2.1601E-08 2.5952E-08 3.0865E-08 3.6252E-08 4.2060E-08 4.8178E-08 5.4474E-08 5.8208E-08 6.2263E-08 6.2845E-08 6.0883E-08 5.6140E-08 5.3343E-08 5.3831E-08 5.3278E-08 5.9081E-08 5.6575E-08 5.9248E-08 5.4151E-08 5.2923E-08 4.5811E-08 4.0852E-08 3.3443E-08 2.7075E-08 2.1788E-08 1.7500E-08 1.4096E-08 1.1410E-08 9.2649E-09 7.4470E-09 6.0531E-09 5.1030E-09 4.2875E-09 3.6167E-09 3.2146E-09 2.8536E-09 2.5597E-09 2.2979E-09 2.0873E-09 1.8974E-09
3.1398E-10 4.0998E-10 5.2285E-10 6.5307E-10 8.2506E-10 1.0334E-09 1.3319E-09 1.9022E-09 2.6531E-09 3.3902E-09 4.2866E-09 5.5310E-09 7.0148E-09 8.8343E-09 1.1114E-08 1.3808E-08 1.6999E-08 2.0776E-08 2.5137E-08 3.0053E-08 3.5507E-08 4.1482E-08 4.7798E-08 5.4262E-08 6.0694E-08 6.3588E-08 6.5620E-08 6.8426E-08 6.7705E-08 6.3574E-08 6.7986E-08 6.6488E-08 7.1269E-08 6.7305E-08 6.8038E-08 6.0880E-08 5.6338E-08 4.7397E-08 3.9190E-08 3.1971E-08 2.5861E-08 2.0852E-08 1.6742E-08 1.3407E-08 1.0781E-08 8.7223E-09 6.9472E-09 5.6297E-09 4.5582E-09 3.9375E-09 3.3017E-09 2.9247E-09 2.5883E-09 2.3185E-09 2.0789E-09 1.8852E-09 1.7138E-09
2.6977E-10 3.5569E-10 4.6283E-10 5.8488E-10 7.4049E-10 9.3264E-10 1.1794E-09 1.6309E-09 2.3538E-09 3.0793E-09 3.9029E-09 5.0314E-09 6.5030E-09 8.1708E-09 1.0375E-08 1.3022E-08 1.6191E-08 1.9938E-08 2.4303E-08 2.9295E-08 3.4945E-08 4.1073E-08 4.7601E-08 5.4340E-08 6.1102E-08 6.7739E-08 7.1720E-08 7.3826E-08 8.2012E-08 8.2074E-08 8.4032E-08 7.9352E-08 8.2295E-08 7.6290E-08 7.3317E-08 6.3732E-08 5.4280E-08 4.5410E-08 3.7471E-08 3.0607E-08 2.4739E-08 1.9842E-08 1.5868E-08 1.2655E-08 1.0099E-08 8.1357E-09 6.4331E-09 5.1927E-09 4.1792E-09 3.4652E-09 2.9934E-09 2.6417E-09 2.3322E-09 2.0852E-09 1.8694E-09 1.6905E-09 1.5412E-09
2.2158E-10 3.0356E-10 4.0321E-10 5.1474E-10 6.5948E-10 8.3122E-10 1.0602E-09 1.3790E-09 2.0013E-09 2.7518E-09 3.5214E-09 4.5124E-09 5.9261E-09 7.5846E-09 9.6094E-09 1.2196E-08 1.5330E-08 1.9065E-08 2.3510E-08 2.8652E-08 3.4446E-08 4.0836E-08 4.7779E-08 5.5105E-08 6.3529E-08 7.1420E-08 8.4401E-08 8.7478E-08 9.5449E-08 9.4531E-08 9.7813E-08 9.2470E-08 8.9658E-08 8.0478E-08 7.0964E-08 6.1289E-08 5.1981E-08 4.3446E-08 3.5796E-08 2.9142E-08 2.3468E-08 1.8741E-08 1.4901E-08 1.1841E-08 9.3809E-09 7.5176E-09 5.9197E-09 4.7475E-09 3.8129E-09 3.1347E-09 2.6947E-09 2.3682E-09 2.0859E-09 1.8619E-09 1.6697E-09 1.5099E-09 1.3728E-09
1.5435E-10 2.5130E-10 3.3785E-10 4.4778E-10 5.7955E-10 7.3468E-10 9.4074E-10 1.1946E-09 1.6549E-09 2.3919E-09 3.1470E-09 4.0252E-09 5.2926E-09 6.9367E-09 8.8116E-09 1.1352E-08 1.4456E-08 1.8226E-08 2.2757E-08 2.8041E-08 3.4156E-08 4.1120E-08 4.9450E-08 5.8018E-08 7.1223E-08 7.9845E-08 9.3496E-08 1.0006E-07 1.0852E-07 1.0729E-07 1.0805E-07 9.7980E-08 8.8007E-08 7.8075E-08 6.8207E-08 5.8735E-08 4.9711E-08 4.1401E-08 3.3974E-08 2.7534E-08 2.2083E-08 1.7556E-08 1.3875E-08 1.0970E-08 8.6454E-09 6.7172E-09 5.2486E-09 4.2197E-09 3.3696E-09 2.8116E-09 2.4056E-09 2.1042E-09 1.8498E-09 1.6378E-09 1.4743E-09 1.3386E-09 1.2195E-09
1.2886E-10 1.7283E-10 2.7530E-10 3.8124E-10 4.9337E-10 6.4419E-10 8.2669E-10 1.0554E-09 1.3667E-09 1.9968E-09 2.7355E-09 3.5763E-09 4.6790E-09 6.2515E-09 8.1294E-09 1.0480E-08 1.3565E-08 1.7368E-08 2.2021E-08 2.7713E-08 3.4876E-08 4.2858E-08 5.4925E-08 6.4471E-08 7.8642E-08 8.7967E-08 1.0205E-07 1.0817E-07 1.1508E-07 1.1340E-07 1.0723E-07 9.8076E-08 8.6437E-08 7.5503E-08 6.5612E-08 5.6186E-08 4.7340E-08 3.9241E-08 3.2040E-08 2.5824E-08 2.0602E-08 1.6304E-08 1.2816E-08 1.0061E-08 7.8996E-09 6.0973E-09 4.7420E-09 3.7402E-09 2.9665E-09 2.4980E-09 2.1265E-09 1.8519E-09 1.6212E-09 1.4387E-09 1.2948E-09 1.1772E-09 1.0755E-09
1.0480E-10 1.4291E-10 1.9988E-10 2.8154E-10 4.0585E-10 5.4709E-10 7.1062E-10 9.2464E-10 1.1763E-09 1.5972E-09 2.3376E-09 3.1276E-09 4.0821E-09 5.5145E-09 7.3438E-09 9.5987E-09 1.2683E-08 1.6620E-08 2.1925E-08 2.8322E-08 3.8064E-08 4.6992E-08 6.0012E-08 7.0542E-08 8.5490E-08 9.5042E-08 1.0734E-07 1.1138E-07 1.1278E-07 1.0944E-07 1.0346E-07 9.6677E-08 8.6353E-08 7.4246E-08 6.3263E-08 5.3695E-08 4.4931E-08 3.7002E-08 3.0029E-08 2.4050E-08 1.9056E-08 1.4993E-08 1.1705E-08 9.1093E-09 7.1145E-09 5.4573E-09 4.2111E-09 3.2601E-09 2.6149E-09 2.1927E-09 1.8595E-09 1.6031E-09 1.4113E-09 1.2575E-09 1.1274E-09 1.0297E-09 9.3796E-10
6.7695E-11 1.0523E-10 1.5771E-10 2.2391E-10 3.1368E-10 4.3274E-10 5.9053E-10 7.8872E-10 1.0205E-09 1.3158E-09 1.8723E-09 2.6365E-09 3.5637E-09 4.7638E-09 6.5489E-09 8.8412E-09 1.2114E-08 1.6429E-08 2.3266E-08 3.0261E-08 4.0736E-08 5.0543E-08 6.4363E-08 7.5509E-08 8.9516E-08 9.7840E-08 1.0423E-07 1.0812E-07 1.0931E-07 1.0768E-07 1.0167E-07 9.3422E-08 8.3824E-08 7.3485E-08 6.1937E-08 5.1378E-08 4.2517E-08 3.4711E-08 2.7932E-08 2.2195E-08 1.7437E-08 1.3605E-08 1.0565E-08 8.1446E-09 6.1689E-09 4.6908E-09 3.5907E-09 2.7996E-09 2.2698E-09 1.8873E-09 1.5849E-09 1.3690E-09 1.2142E-09 1.0840E-09 9.7839E-10 8.9243E-10 8.1826E-10
5.0134E-11 7.2681E-11 1.0221E-10 1.7061E-10 2.4809E-10 3.4594E-10 4.7319E-10 6.3526E-10 8.5386E-10 1.1087E-09 1.4758E-09 2.1715E-09 3.0140E-09 4.1702E-09 5.9748E-09 8.3950E-09 1.2415E-08 1.6939E-08 2.4062E-08 3.1632E-08 4.2603E-08 5.3065E-08 6.6557E-08 7.7260E-08 8.7367E-08 9.6023E-08 1.0262E-07 1.0654E-07 1.0742E-07 1.0532E-07 1.0054E-07 9.2083E-08 8.2267E-08 7.1241E-08 5.9728E-08 4.9684E-08 4.0180E-08 3.2369E-08 2.5778E-08 2.0286E-08 1.5795E-08 1.2203E-08 9.4084E-09 7.1804E-09 5.3648E-09 4.0058E-09 2.9942E-09 2.4119E-09 1.9320E-09 1.5901E-09 1.3497E-09 1.1771E-09 1.0422E-09 9.2344E-10 8.3863E-10 7.6703E-10 7.0574E-10
2.5148E-11 5.0414E-11 7.8559E-11 1.1201E-10 1.5314E-10 2.7008E-10 3.7377E-10 5.1005E-10 6.9238E-10 9.2443E-10 1.2396E-09 1.7063E-09 2.5809E-09 3.7432E-09 5.8337E-09 8.3298E-09 1.2268E-08 1.6956E-08 2.4202E-08 3.2100E-08 4.2898E-08 5.3349E-08 6.4681E-08 7.6212E-08 8.7037E-08 9.6369E-08 1.0320E-07 1.0695E-07 1.0737E-07 1.0454E-07 9.8891E-08 9.0363E-08 8.0639E-08 6.9638E-08 5.8323E-08 4.7224E-08 3.7788E-08 3.0062E-08 2.3581E-08 1.8315E-08 1.4106E-08 1.0783E-08 8.2320E-09 6.0930E-09 4.5157E-09 3.3413E-09 2.5476E-09 2.0273E-09 1.6031E-09 1.3290E-09 1.1400E-09 9.9338E-10 8.7778E-10 7.8425E-10 7.2057E-10 6.6012E-10 6.0605E-10
1.0622E-11 2.4946E-11 4.6716E-11 8.4696E-11 1.1912E-10 1.5875E-10 2.4428E-10 3.8798E-10 5.5111E-10 7.5948E-10 1.0618E-09 1.5179E-09 2.3855E-09 3.5070E-09 5.3874E-09 7.8051E-09 1.1711E-08 1.6367E-08 2.3262E-08 3.1079E-08 4.0727E-08 5.2047E-08 6.4450E-08 7.7213E-08 8.9060E-08 9.8966E-08 1.0587E-07 1.0930E-07 1.0896E-07 1.0510E-07 9.8310E-08 8.9345E-08 7.8323E-08 6.7011E-08 5.6225E-08 4.5478E-08 3.5594E-08 2.7570E-08 2.1301E-08 1.6320E-08 1.2417E-08 9.3814E-09 7.0055E-09 5.0783E-09 3.6829E-09 2.7596E-09 2.1144E-09 1.6654E-09 1.3279E-09 1.1150E-09 9.5984E-10 8.3498E-10 7.3076E-10 6.6602E-10 6.1000E-10 5.5999E-10 5.1290E-10
2.3876E-12 1.1050E-11 2.2920E-11 4.7387E-11 8.0633E-11 1.2421E-10 1.7065E-10 2.3552E-10 3.7373E-10 6.0544E-10 1.0074E-09 1.4410E-09 2.1425E-09 3.0830E-09 4.6822E-09 6.9763E-09 1.0566E-08 1.4884E-08 2.1071E-08 2.9289E-08 3.9731E-08 5.2360E-08 6.6280E-08 8.0422E-08 9.3455E-08 1.0396E-07 1.1092E-07 1.1367E-07 1.1209E-07 1.0678E-07 9.8413E-08 8.8031E-08 7.6587E-08 6.4379E-08 5.2804E-08 4.2553E-08 3.3513E-08 2.5346E-08 1.9016E-08 1.4309E-08 1.0729E-08 7.9857E-09 5.7759E-09 4.1103E-09 2.9846E-09 2.2598E-09 1.7184E-09 1.3482E-09 1.1022E-09 9.1571E-10 7.7968E-10 6.8805E-10 6.1187E-10 5.6085E-10 5.1392E-10 4.7046E-10 4.3026E-10
