Assets/Resources/2015_m01_d21_1300(utc+0800)_l00_csi_1hr_conc.grd
DSAA
         159         159
     -79.000      79.000
     -79.000      79.000
  0.1152E-09  0.5791E-05
[rows 0 to 24 of 159, columns 0 to 56 of 159]
7.8512E-10 8.1147E-10 8.3862E-10 8.6659E-10 8.9538E-10 9.2503E-10 9.5554E-10 9.8698E-10 1.0192E-09 1.0524E-09 1.0865E-09 1.1215E-09 1.1575E-09 1.1943E-09 1.2320E-09 1.2708E-09 1.3104E-09 1.3510E-09 1.3925E-09 1.4350E-09 1.4782E-09 1.5224E-09 1.5675E-09 1.6135E-09 1.6604E-09 1.7080E-09 1.7565E-09 1.8059E-09 1.8561E-09 1.9072E-09 1.9589E-09 2.0114E-09 2.0647E-09 2.1186E-09 2.1732E-09 2.2284E-09 2.2842E-09 2.3407E-09 2.3975E-09 2.4549E-09 2.5128E-09 2.5709E-09 2.6297E-09 2.6888E-09 2.7482E-09 2.8078E-09 2.8676E-09 2.9274E-09 2.9878E-09 3.0482E-09 3.1085E-09 3.1693E-09 3.2302E-09 3.2911E-09 3.3526E-09 3.4141E-09 3.4756E-09
7.9325E-10 8.1993E-10 8.4747E-10 8.7578E-10 9.0493E-10 9.3494E-10 9.6581E-10 9.9763E-10 1.0302E-09 1.0638E-09 1.0983E-09 1.1337E-09 1.1701E-09 1.2074E-09 1.2457E-09 1.2849E-09 1.3249E-09 1.3660E-09 1.4080E-09 1.4510E-09 1.4948E-09 1.5396E-09 1.5851E-09 1.6317E-09 1.6791E-09 1.7274E-09 1.7765E-09 1.8265E-09 1.8772E-09 1.9289E-09 1.9813E-09 2.0345E-09 2.0884E-09 2.1429E-09 2.1982E-09 2.2542E-09 2.3107E-09 2.3677E-09 2.4253E-09 2.4834E-09 2.5419E-09 2.6007E-09 2.6602E-09 2.7200E-09 2.7801E-09 2.8404E-09 2.9009E-09 2.9617E-09 3.0228E-09 3.0837E-09 3.1449E-09 3.2062E-09 3.2678E-09 3.3294E-09 3.3916E-09 3.4538E-09 3.5160E-09
8.0125E-10 8.2824E-10 8.5611E-10 8.8476E-10 9.1425E-10 9.4461E-10 9.7585E-10 1.0080E-09 1.0411E-09 1.0751E-09 1.1100E-09 1.1458E-09 1.1825E-09 1.2203E-09 1.2590E-09 1.2987E-09 1.3392E-09 1.3807E-09 1.4233E-09 1.4667E-09 1.5110E-09 1.5563E-09 1.6025E-09 1.6495E-09 1.6975E-09 1.7464E-09 1.7962E-09 1.8468E-09 1.8981E-09 1.9503E-09 2.0033E-09 2.0571E-09 2.1117E-09 2.1669E-09 2.2228E-09 2.2794E-09 2.3365E-09 2.3942E-09 2.4525E-09 2.5113E-09 2.5704E-09 2.6300E-09 2.6902E-09 2.7506E-09 2.8114E-09 2.8724E-09 2.9336E-09 2.9951E-09 3.0569E-09 3.1187E-09 3.1806E-09 3.2424E-09 3.3047E-09 3.3678E-09 3.4307E-09 3.4928E-09 3.5557E-09
8.0922E-10 8.3646E-10 8.6465E-10 8.9363E-10 9.2346E-10 9.5417E-10 9.8569E-10 1.0183E-09 1.0517E-09 1.0861E-09 1.1214E-09 1.1576E-09 1.1948E-09 1.2330E-09 1.2720E-09 1.3122E-09 1.3532E-09 1.3952E-09 1.4382E-09 1.4821E-09 1.5270E-09 1.5728E-09 1.6195E-09 1.6670E-09 1.7156E-09 1.7650E-09 1.8154E-09 1.8666E-09 1.9186E-09 1.9714E-09 2.0249E-09 2.0793E-09 2.1346E-09 2.1903E-09 2.2469E-09 2.3041E-09 2.3619E-09 2.4204E-09 2.4792E-09 2.5386E-09 2.5985E-09 2.6586E-09 2.7195E-09 2.7806E-09 2.8421E-09 2.9038E-09 2.9657E-09 3.0279E-09 3.0904E-09 3.1529E-09 3.2154E-09 3.2784E-09 3.3408E-09 3.4046E-09 3.4682E-09 3.5318E-09 3.5954E-09
8.1697E-10 8.4458E-10 8.7296E-10 9.0225E-10 9.3248E-10 9.6353E-10 9.9540E-10 1.0283E-09 1.0621E-09 1.0968E-09 1.1326E-09 1.1692E-09 1.2068E-09 1.2454E-09 1.2849E-09 1.3255E-09 1.3669E-09 1.4094E-09 1.4528E-09 1.4972E-09 1.5426E-09 1.5889E-09 1.6361E-09 1.6842E-09 1.7333E-09 1.7833E-09 1.8342E-09 1.8859E-09 1.9385E-09 1.9919E-09 2.0461E-09 2.1011E-09 2.1569E-09 2.2133E-09 2.2705E-09 2.3283E-09 2.3868E-09 2.4459E-09 2.5053E-09 2.5654E-09 2.6259E-09 2.6867E-09 2.7482E-09 2.8100E-09 2.8722E-09 2.9345E-09 2.9971E-09 3.0600E-09 3.1231E-09 3.1863E-09 3.2495E-09 3.3131E-09 3.3762E-09 3.4407E-09 3.5049E-09 3.5692E-09 3.6334E-09
8.2449E-10 8.5240E-10 8.8115E-10 9.1070E-10 9.4125E-10 9.7263E-10 1.0049E-09 1.0381E-09 1.0723E-09 1.1074E-09 1.1435E-09 1.1805E-09 1.2185E-09 1.2575E-09 1.2975E-09 1.3385E-09 1.3803E-09 1.4232E-09 1.4671E-09 1.5120E-09 1.5578E-09 1.6046E-09 1.6524E-09 1.7010E-09 1.7506E-09 1.8011E-09 1.8525E-09 1.9048E-09 1.9580E-09 2.0120E-09 2.0668E-09 2.1224E-09 2.1787E-09 2.2358E-09 2.2936E-09 2.3520E-09 2.4111E-09 2.4708E-09 2.5308E-09 2.5915E-09 2.6527E-09 2.7145E-09 2.7763E-09 2.8388E-09 2.9015E-09 2.9646E-09 3.0278E-09 3.0914E-09 3.1551E-09 3.2189E-09 3.2831E-09 3.3470E-09 3.4110E-09 3.4759E-09 3.5408E-09 3.6057E-09 3.6705E-09
8.3184E-10 8.6004E-10 8.8909E-10 9.1901E-10 9.4981E-10 9.8151E-10 1.0142E-09 1.0477E-09 1.0822E-09 1.1177E-09 1.1542E-09 1.1916E-09 1.2300E-09 1.2693E-09 1.3097E-09 1.3511E-09 1.3935E-09 1.4368E-09 1.4811E-09 1.5264E-09 1.5727E-09 1.6200E-09 1.6682E-09 1.7174E-09 1.7676E-09 1.8185E-09 1.8705E-09 1.9233E-09 1.9770E-09 2.0315E-09 2.0869E-09 2.1431E-09 2.2000E-09 2.2577E-09 2.3161E-09 2.3751E-09 2.4348E-09 2.4951E-09 2.5559E-09 2.6171E-09 2.6789E-09 2.7413E-09 2.8040E-09 2.8668E-09 2.9302E-09 2.9939E-09 3.0577E-09 3.1219E-09 3.1863E-09 3.2507E-09 3.3155E-09 3.3804E-09 3.4448E-09 3.5103E-09 3.5758E-09 3.6413E-09 3.7067E-09
8.3900E-10 8.6748E-10 8.9683E-10 9.2705E-10 9.5822E-10 9.9018E-10 1.0232E-09 1.0571E-09 1.0920E-09 1.1277E-09 1.1646E-09 1.2024E-09 1.2411E-09 1.2809E-09 1.3216E-09 1.3635E-09 1.4062E-09 1.4501E-09 1.4947E-09 1.5405E-09 1.5873E-09 1.6350E-09 1.6837E-09 1.7334E-09 1.7840E-09 1.8356E-09 1.8879E-09 1.9413E-09 1.9956E-09 2.0506E-09 2.1065E-09 2.1633E-09 2.2208E-09 2.2790E-09 2.3380E-09 2.3976E-09 2.4579E-09 2.5188E-09 2.5802E-09 2.6420E-09 2.7044E-09 2.7674E-09 2.8307E-09 2.8941E-09 2.9581E-09 3.0224E-09 3.0869E-09 3.1516E-09 3.2167E-09 3.2817E-09 3.3472E-09 3.4126E-09 3.4776E-09 3.5437E-09 3.6098E-09 3.6760E-09 3.7420E-09
8.4597E-10 8.7480E-10 9.0443E-10 9.3488E-10 9.6635E-10 9.9862E-10 1.0319E-09 1.0662E-09 1.1014E-09 1.1375E-09 1.1747E-09 1.2128E-09 1.2520E-09 1.2921E-09 1.3333E-09 1.3755E-09 1.4186E-09 1.4629E-09 1.5080E-09 1.5542E-09 1.6014E-09 1.6496E-09 1.6987E-09 1.7489E-09 1.8000E-09 1.8520E-09 1.9049E-09 1.9588E-09 2.0136E-09 2.0693E-09 2.1256E-09 2.1830E-09 2.2410E-09 2.2997E-09 2.3593E-09 2.4195E-09 2.4803E-09 2.5418E-09 2.6038E-09 2.6661E-09 2.7291E-09 2.7927E-09 2.8566E-09 2.9207E-09 2.9853E-09 3.0502E-09 3.1152E-09 3.1806E-09 3.2462E-09 3.3119E-09 3.3779E-09 3.4437E-09 3.5098E-09 3.5762E-09 3.6429E-09 3.7096E-09 3.7762E-09
8.5281E-10 8.8185E-10 9.1175E-10 9.4255E-10 9.7432E-10 1.0069E-09 1.0405E-09 1.0750E-09 1.1105E-09 1.1470E-09 1.1845E-09 1.2230E-09 1.2626E-09 1.3030E-09 1.3446E-09 1.3872E-09 1.4307E-09 1.4753E-09 1.5210E-09 1.5675E-09 1.6152E-09 1.6638E-09 1.7134E-09 1.7640E-09 1.8155E-09 1.8681E-09 1.9215E-09 1.9758E-09 2.0311E-09 2.0873E-09 2.1441E-09 2.2020E-09 2.2606E-09 2.3198E-09 2.3800E-09 2.4407E-09 2.5021E-09 2.5642E-09 2.6267E-09 2.6897E-09 2.7532E-09 2.8173E-09 2.8818E-09 2.9467E-09 3.0116E-09 3.0771E-09 3.1427E-09 3.2087E-09 3.2749E-09 3.3411E-09 3.4077E-09 3.4741E-09 3.5407E-09 3.6077E-09 3.6750E-09 3.7422E-09 3.8096E-09
8.5938E-10 8.8868E-10 9.1886E-10 9.4993E-10 9.8198E-10 1.0148E-09 1.0487E-09 1.0836E-09 1.1194E-09 1.1563E-09 1.1941E-09 1.2329E-09 1.2728E-09 1.3135E-09 1.3555E-09 1.3985E-09 1.4424E-09 1.4874E-09 1.5334E-09 1.5804E-09 1.6285E-09 1.6775E-09 1.7275E-09 1.7785E-09 1.8306E-09 1.8836E-09 1.9375E-09 1.9923E-09 2.0481E-09 2.1047E-09 2.1621E-09 2.2205E-09 2.2796E-09 2.3394E-09 2.4000E-09 2.4612E-09 2.5232E-09 2.5858E-09 2.6488E-09 2.7124E-09 2.7764E-09 2.8412E-09 2.9062E-09 2.9716E-09 3.0371E-09 3.1031E-09 3.1693E-09 3.2358E-09 3.3026E-09 3.3694E-09 3.4365E-09 3.5035E-09 3.5707E-09 3.6382E-09 3.7060E-09 3.7738E-09 3.8417E-09
8.6573E-10 8.9529E-10 9.2573E-10 9.5706E-10 9.8939E-10 1.0226E-09 1.0567E-09 1.0919E-09 1.1280E-09 1.1652E-09 1.2033E-09 1.2425E-09 1.2826E-09 1.3238E-09 1.3661E-09 1.4094E-09 1.4536E-09 1.4991E-09 1.5455E-09 1.5928E-09 1.6413E-09 1.6908E-09 1.7412E-09 1.7926E-09 1.8451E-09 1.8985E-09 1.9529E-09 2.0082E-09 2.0645E-09 2.1216E-09 2.1795E-09 2.2382E-09 2.2979E-09 2.3582E-09 2.4193E-09 2.4811E-09 2.5435E-09 2.6067E-09 2.6702E-09 2.7344E-09 2.7989E-09 2.8641E-09 2.9297E-09 2.9957E-09 3.0618E-09 3.1283E-09 3.1949E-09 3.2621E-09 3.3294E-09 3.3967E-09 3.4644E-09 3.5319E-09 3.5996E-09 3.6676E-09 3.7360E-09 3.8043E-09 3.8727E-09
8.7187E-10 9.0173E-10 9.3236E-10 9.6403E-10 9.9655E-10 1.0300E-09 1.0644E-09 1.0999E-09 1.1363E-09 1.1738E-09 1.2122E-09 1.2517E-09 1.2922E-09 1.3336E-09 1.3763E-09 1.4199E-09 1.4645E-09 1.5103E-09 1.5571E-09 1.6048E-09 1.6537E-09 1.7036E-09 1.7544E-09 1.8062E-09 1.8591E-09 1.9130E-09 1.9678E-09 2.0235E-09 2.0802E-09 2.1378E-09 2.1962E-09 2.2554E-09 2.3155E-09 2.3764E-09 2.4379E-09 2.5002E-09 2.5631E-09 2.6268E-09 2.6909E-09 2.7554E-09 2.8206E-09 2.8863E-09 2.9524E-09 3.0189E-09 3.0855E-09 3.1526E-09 3.2197E-09 3.2874E-09 3.3552E-09 3.4230E-09 3.4910E-09 3.5592E-09 3.6274E-09 3.6960E-09 3.7648E-09 3.8336E-09 3.9025E-09
8.7784E-10 9.0788E-10 9.3875E-10 9.7067E-10 1.0034E-09 1.0372E-09 1.0719E-09 1.1076E-09 1.1443E-09 1.1821E-09 1.2207E-09 1.2605E-09 1.3013E-09 1.3431E-09 1.3861E-09 1.4301E-09 1.4751E-09 1.5212E-09 1.5683E-09 1.6164E-09 1.6656E-09 1.7159E-09 1.7671E-09 1.8194E-09 1.8726E-09 1.9269E-09 1.9821E-09 2.0382E-09 2.0954E-09 2.1534E-09 2.2123E-09 2.2719E-09 2.3325E-09 2.3938E-09 2.4558E-09 2.5186E-09 2.5820E-09 2.6461E-09 2.7107E-09 2.7757E-09 2.8414E-09 2.9076E-09 2.9742E-09 3.0410E-09 3.1083E-09 3.1759E-09 3.2435E-09 3.3117E-09 3.3800E-09 3.4483E-09 3.5168E-09 3.5855E-09 3.6539E-09 3.7232E-09 3.7925E-09 3.8618E-09 3.9311E-09
8.8351E-10 9.1378E-10 9.4489E-10 9.7704E-10 1.0101E-09 1.0441E-09 1.0790E-09 1.1150E-09 1.1520E-09 1.1900E-09 1.2289E-09 1.2690E-09 1.3101E-09 1.3522E-09 1.3955E-09 1.4398E-09 1.4851E-09 1.5315E-09 1.5789E-09 1.6275E-09 1.6770E-09 1.7277E-09 1.7792E-09 1.8319E-09 1.8855E-09 1.9402E-09 1.9959E-09 2.0524E-09 2.1100E-09 2.1684E-09 2.2277E-09 2.2877E-09 2.3488E-09 2.4105E-09 2.4729E-09 2.5362E-09 2.6001E-09 2.6646E-09 2.7297E-09 2.7952E-09 2.8614E-09 2.9280E-09 2.9951E-09 3.0624E-09 3.1301E-09 3.1981E-09 3.2663E-09 3.3349E-09 3.4037E-09 3.4725E-09 3.5415E-09 3.6106E-09 3.6795E-09 3.7493E-09 3.8190E-09 3.8887E-09 3.9585E-09
8.8895E-10 9.1950E-10 9.5077E-10 9.8315E-10 1.0165E-09 1.0506E-09 1.0858E-09 1.1220E-09 1.1593E-09 1.1976E-09 1.2369E-09 1.2772E-09 1.3186E-09 1.3609E-09 1.4045E-09 1.4491E-09 1.4948E-09 1.5415E-09 1.5892E-09 1.6381E-09 1.6880E-09 1.7389E-09 1.7909E-09 1.8439E-09 1.8979E-09 1.9529E-09 2.0090E-09 2.0659E-09 2.1239E-09 2.1827E-09 2.2422E-09 2.3029E-09 2.3642E-09 2.4265E-09 2.4893E-09 2.5530E-09 2.6174E-09 2.6823E-09 2.7479E-09 2.8138E-09 2.8803E-09 2.9475E-09 3.0150E-09 3.0828E-09 3.1510E-09 3.2194E-09 3.2881E-09 3.3572E-09 3.4264E-09 3.4954E-09 3.5650E-09 3.6346E-09 3.7040E-09 3.7742E-09 3.8443E-09 3.9144E-09 3.9846E-09
8.9414E-10 9.2490E-10 9.5638E-10 9.8899E-10 1.0225E-09 1.0569E-09 1.0924E-09 1.1288E-09 1.1663E-09 1.2048E-09 1.2444E-09 1.2850E-09 1.3266E-09 1.3693E-09 1.4131E-09 1.4580E-09 1.5039E-09 1.5510E-09 1.5990E-09 1.6482E-09 1.6984E-09 1.7497E-09 1.8019E-09 1.8553E-09 1.9097E-09 1.9651E-09 2.0215E-09 2.0787E-09 2.1370E-09 2.1963E-09 2.2562E-09 2.3173E-09 2.3790E-09 2.4417E-09 2.5049E-09 2.5690E-09 2.6338E-09 2.6992E-09 2.7651E-09 2.8315E-09 2.8985E-09 2.9660E-09 3.0340E-09 3.1022E-09 3.1709E-09 3.2397E-09 3.3088E-09 3.3783E-09 3.4480E-09 3.5174E-09 3.5874E-09 3.6572E-09 3.7270E-09 3.7978E-09 3.8684E-09 3.9389E-09 4.0095E-09
8.9908E-10 9.2997E-10 9.6173E-10 9.9454E-10 1.0283E-09 1.0629E-09 1.0986E-09 1.1352E-09 1.1730E-09 1.2117E-09 1.2515E-09 1.2924E-09 1.3343E-09 1.3772E-09 1.4213E-09 1.4665E-09 1.5126E-09 1.5600E-09 1.6083E-09 1.6578E-09 1.7083E-09 1.7598E-09 1.8125E-09 1.8661E-09 1.9209E-09 1.9766E-09 2.0333E-09 2.0910E-09 2.1496E-09 2.2093E-09 2.2695E-09 2.3309E-09 2.3931E-09 2.4559E-09 2.5197E-09 2.5842E-09 2.6493E-09 2.7152E-09 2.7814E-09 2.8483E-09 2.9157E-09 2.9836E-09 3.0518E-09 3.1206E-09 3.1896E-09 3.2588E-09 3.3284E-09 3.3984E-09 3.4682E-09 3.5383E-09 3.6087E-09 3.6789E-09 3.7490E-09 3.8202E-09 3.8912E-09 3.9621E-09 4.0330E-09
9.0376E-10 9.3485E-10 9.6679E-10 9.9980E-10 1.0338E-09 1.0686E-09 1.1045E-09 1.1413E-09 1.1793E-09 1.2183E-09 1.2583E-09 1.2994E-09 1.3415E-09 1.3847E-09 1.4290E-09 1.4745E-09 1.5209E-09 1.5685E-09 1.6171E-09 1.6668E-09 1.7177E-09 1.7695E-09 1.8224E-09 1.8764E-09 1.9314E-09 1.9875E-09 2.0446E-09 2.1025E-09 2.1615E-09 2.2214E-09 2.2821E-09 2.3438E-09 2.4063E-09 2.4696E-09 2.5337E-09 2.5985E-09 2.6640E-09 2.7302E-09 2.7969E-09 2.8641E-09 2.9318E-09 3.0002E-09 3.0688E-09 3.1380E-09 3.2074E-09 3.2770E-09 3.3470E-09 3.4173E-09 3.4875E-09 3.5580E-09 3.6288E-09 3.6993E-09 3.7698E-09 3.8412E-09 3.9127E-09 3.9839E-09 4.0547E-09
9.0819E-10 9.3945E-10 9.7158E-10 1.0048E-09 1.0389E-09 1.0739E-09 1.1100E-09 1.1471E-09 1.1853E-09 1.2244E-09 1.2647E-09 1.3059E-09 1.3483E-09 1.3917E-09 1.4363E-09 1.4820E-09 1.5287E-09 1.5765E-09 1.6254E-09 1.6754E-09 1.7265E-09 1.7786E-09 1.8318E-09 1.8861E-09 1.9414E-09 1.9977E-09 2.0550E-09 2.1133E-09 2.1727E-09 2.2329E-09 2.2939E-09 2.3559E-09 2.4187E-09 2.4824E-09 2.5468E-09 2.6120E-09 2.6779E-09 2.7443E-09 2.8115E-09 2.8790E-09 2.9471E-09 3.0159E-09 3.0848E-09 3.1543E-09 3.2240E-09 3.2941E-09 3.3644E-09 3.4348E-09 3.5056E-09 3.5765E-09 3.6473E-09 3.7182E-09 3.7893E-09 3.8610E-09 3.9329E-09 4.0044E-09 4.0747E-09
9.1234E-10 9.4377E-10 9.7607E-10 1.0094E-09 1.0438E-09 1.0789E-09 1.1152E-09 1.1525E-09 1.1908E-09 1.2302E-09 1.2707E-09 1.3121E-09 1.3547E-09 1.3984E-09 1.4432E-09 1.4891E-09 1.5360E-09 1.5840E-09 1.6332E-09 1.6834E-09 1.7348E-09 1.7871E-09 1.8405E-09 1.8951E-09 1.9507E-09 2.0073E-09 2.0649E-09 2.1235E-09 2.1831E-09 2.2436E-09 2.3050E-09 2.3673E-09 2.4304E-09 2.4944E-09 2.5591E-09 2.6246E-09 2.6907E-09 2.7575E-09 2.8250E-09 2.8929E-09 2.9613E-09 3.0302E-09 3.0998E-09 3.1696E-09 3.2396E-09 3.3100E-09 3.3807E-09 3.4515E-09 3.5225E-09 3.5937E-09 3.6649E-09 3.7361E-09 3.8073E-09 3.8795E-09 3.9517E-09 4.0232E-09 4.0938E-09
9.1623E-10 9.4775E-10 9.8027E-10 1.0138E-09 1.0483E-09 1.0836E-09 1.1201E-09 1.1576E-09 1.1961E-09 1.2357E-09 1.2763E-09 1.3180E-09 1.3607E-09 1.4046E-09 1.4496E-09 1.4957E-09 1.5428E-09 1.5910E-09 1.6404E-09 1.6909E-09 1.7424E-09 1.7950E-09 1.8487E-09 1.9035E-09 1.9593E-09 2.0162E-09 2.0740E-09 2.1329E-09 2.1928E-09 2.2536E-09 2.3152E-09 2.3778E-09 2.4413E-09 2.5054E-09 2.5705E-09 2.6363E-09 2.7028E-09 2.7699E-09 2.8376E-09 2.9058E-09 2.9745E-09 3.0438E-09 3.1135E-09 3.1837E-09 3.2541E-09 3.3249E-09 3.3956E-09 3.4668E-09 3.5382E-09 3.6095E-09 3.6813E-09 3.7525E-09 3.8242E-09 3.8967E-09 3.9689E-09 4.0402E-09 4.1118E-09
9.1979E-10 9.5145E-10 9.8418E-10 1.0179E-09 1.0525E-09 1.0880E-09 1.1246E-09 1.1623E-09 1.2009E-09 1.2407E-09 1.2815E-09 1.3233E-09 1.3662E-09 1.4103E-09 1.4555E-09 1.5018E-09 1.5491E-09 1.5976E-09 1.6471E-09 1.6978E-09 1.7496E-09 1.8024E-09 1.8562E-09 1.9113E-09 1.9674E-09 2.0244E-09 2.0825E-09 2.1417E-09 2.2017E-09 2.2628E-09 2.3247E-09 2.3875E-09 2.4513E-09 2.5157E-09 2.5810E-09 2.6470E-09 2.7138E-09 2.7812E-09 2.8492E-09 2.9177E-09 2.9868E-09 3.0563E-09 3.1263E-09 3.1967E-09 3.2675E-09 3.3385E-09 3.4094E-09 3.4810E-09 3.5527E-09 3.6243E-09 3.6961E-09 3.7679E-09 3.8398E-09 3.9126E-09 3.9850E-09 4.0562E-09 4.1284E-09
9.2313E-10 9.5492E-10 9.8778E-10 1.0216E-09 1.0564E-09 1.0920E-09 1.1288E-09 1.1665E-09 1.2054E-09 1.2454E-09 1.2862E-09 1.3282E-09 1.3714E-09 1.4156E-09 1.4610E-09 1.5074E-09 1.5548E-09 1.6036E-09 1.6533E-09 1.7042E-09 1.7561E-09 1.8091E-09 1.8632E-09 1.9184E-09 1.9747E-09 2.0319E-09 2.0903E-09 2.1496E-09 2.2100E-09 2.2712E-09 2.3333E-09 2.3965E-09 2.4604E-09 2.5252E-09 2.5907E-09 2.6570E-09 2.7240E-09 2.7916E-09 2.8599E-09 2.9286E-09 2.9980E-09 3.0677E-09 3.1380E-09 3.2086E-09 3.2797E-09 3.3508E-09 3.4222E-09 3.4940E-09 3.5658E-09 3.6378E-09 3.7096E-09 3.7819E-09 3.8541E-09 3.9268E-09 3.9988E-09 4.0711E-09 4.1435E-09
9.2618E-10 9.5810E-10 9.9109E-10 1.0250E-09 1.0598E-09 1.0957E-09 1.1326E-09 1.1705E-09 1.2095E-09 1.2495E-09 1.2906E-09 1.3327E-09 1.3760E-09 1.4205E-09 1.4659E-09 1.5125E-09 1.5602E-09 1.6090E-09 1.6590E-09 1.7099E-09 1.7621E-09 1.8152E-09 1.8695E-09 1.9250E-09 1.9814E-09 2.0388E-09 2.0974E-09 2.1569E-09 2.2174E-09 2.2789E-09 2.3412E-09 2.4046E-09 2.4687E-09 2.5336E-09 2.5994E-09 2.6659E-09 2.7331E-09 2.8009E-09 2.8694E-09 2.9385E-09 3.0080E-09 3.0779E-09 3.1485E-09 3.2195E-09 3.2908E-09 3.3620E-09 3.4336E-09 3.5058E-09 3.5778E-09 3.6498E-09 3.7220E-09 3.7945E-09 3.8669E-09 3.9398E-09 4.0116E-09 4.0846E-09 4.1571E-09
