Assets/Resources/2015_m01_d04_2200(utc+0800)_l00_csi_1hr_conc.grd
DSAA
         159         159
     -79.000      79.000
     -79.000      79.000
  0.1468E-09  0.1055E-04
[rows 100 to 124 of 159, columns 0 to 56 of 159]
2.0524E-09 2.0829E-09 2.1029E-09 2.1330E-09 2.1596E-09 2.1796E-09 2.2059E-09 2.2317E-09 2.2497E-09 2.2670E-09 2.2960E-09 2.3120E-09 2.3339E-09 2.3470E-09 2.3602E-09 2.3714E-09 2.3803E-09 2.3887E-09 2.4022E-09 2.4063E-09 2.4098E-09 2.4084E-09 2.4047E-09 2.4041E-09 2.3986E-09 2.3958E-09 2.3879E-09 2.3823E-09 2.3720E-09 2.3610E-09 2.3519E-09 2.3386E-09 2.3241E-09 2.3091E-09 2.2928E-09 2.2760E-09 2.2589E-09 2.2434E-09 2.2500E-09 2.3580E-09 2.4382E-09 2.4258E-09 2.3771E-09 2.3070E-09 2.2392E-09 2.1958E-09 2.1734E-09 2.1049E-09 2.0471E-09 2.0354E-09 2.0261E-09 2.0164E-09 2.0098E-09 1.9992E-09 1.9907E-09 1.9846E-09 1.9767E-09
1.9963E-09 2.0192E-09 2.0426E-09 2.0718E-09 2.0902E-09 2.1191E-09 2.1432E-09 2.1609E-09 2.1842E-09 2.2061E-09 2.2211E-09 2.2413E-09 2.2613E-09 2.2742E-09 2.2923E-09 2.3018E-09 2.3110E-09 2.3182E-09 2.3233E-09 2.3345E-09 2.3340E-09 2.3352E-09 2.3322E-09 2.3316E-09 2.3256E-09 2.3182E-09 2.3144E-09 2.3049E-09 2.2983E-09 2.2871E-09 2.2748E-09 2.2642E-09 2.2499E-09 2.2347E-09 2.2194E-09 2.2004E-09 2.1871E-09 2.1781E-09 2.1932E-09 2.2428E-09 2.2547E-09 2.2111E-09 2.1817E-09 2.1524E-09 2.1097E-09 2.0352E-09 1.9991E-09 1.9929E-09 1.9843E-09 1.9740E-09 1.9656E-09 1.9580E-09 1.9516E-09 1.9432E-09 1.9352E-09 1.9253E-09 1.9148E-09
1.9371E-09 1.9685E-09 1.9856E-09 2.0072E-09 2.0350E-09 2.0566E-09 2.0733E-09 2.0995E-09 2.1211E-09 2.1362E-09 2.1558E-09 2.1751E-09 2.1867E-09 2.2104E-09 2.2207E-09 2.2297E-09 2.2440E-09 2.2500E-09 2.2550E-09 2.2589E-09 2.2570E-09 2.2636E-09 2.2618E-09 2.2568E-09 2.2542E-09 2.2474E-09 2.2424E-09 2.2323E-09 2.2226E-09 2.2147E-09 2.2028E-09 2.1920E-09 2.1782E-09 2.1620E-09 2.1492E-09 2.1323E-09 2.1176E-09 2.1078E-09 2.1405E-09 2.1427E-09 2.1092E-09 2.0829E-09 2.0335E-09 1.9966E-09 1.9819E-09 1.9603E-09 1.9467E-09 1.9367E-09 1.9268E-09 1.9140E-09 1.9069E-09 1.8978E-09 1.8906E-09 1.8809E-09 1.8758E-09 1.8690E-09 1.8606E-09
1.8802E-09 1.9053E-09 1.9258E-09 1.9511E-09 1.9713E-09 1.9913E-09 2.0172E-09 2.0369E-09 2.0509E-09 2.0805E-09 2.0937E-09 2.1052E-09 2.1283E-09 2.1382E-09 2.1461E-09 2.1667E-09 2.1729E-09 2.1777E-09 2.1883E-09 2.1874E-09 2.1894E-09 2.1872E-09 2.1863E-09 2.1881E-09 2.1856E-09 2.1789E-09 2.1705E-09 2.1648E-09 2.1549E-09 2.1442E-09 2.1352E-09 2.1227E-09 2.1098E-09 2.0961E-09 2.0817E-09 2.0659E-09 2.0480E-09 2.0407E-09 2.0387E-09 2.0063E-09 1.9854E-09 1.9713E-09 1.9593E-09 1.9442E-09 1.9242E-09 1.9075E-09 1.8984E-09 1.8893E-09 1.8786E-09 1.8684E-09 1.8591E-09 1.8512E-09 1.8434E-09 1.8323E-09 1.8199E-09 1.8112E-09 1.8002E-09
1.8217E-09 1.8449E-09 1.8682E-09 1.8922E-09 1.9065E-09 1.9348E-09 1.9533E-09 1.9662E-09 1.9948E-09 2.0119E-09 2.0229E-09 2.0504E-09 2.0604E-09 2.0686E-09 2.0823E-09 2.0949E-09 2.0984E-09 2.1089E-09 2.1184E-09 2.1182E-09 2.1250E-09 2.1233E-09 2.1191E-09 2.1179E-09 2.1114E-09 2.1069E-09 2.1053E-09 2.0971E-09 2.0903E-09 2.0804E-09 2.0718E-09 2.0598E-09 2.0439E-09 2.0332E-09 2.0160E-09 2.0041E-09 1.9877E-09 1.9759E-09 1.9602E-09 1.9463E-09 1.9332E-09 1.9201E-09 1.9045E-09 1.8947E-09 1.8761E-09 1.8586E-09 1.8499E-09 1.8408E-09 1.8281E-09 1.8210E-09 1.8119E-09 1.8042E-09 1.7945E-09 1.7859E-09 1.7781E-09 1.7700E-09 1.7626E-09
1.7515E-09 1.7746E-09 1.7964E-09 1.8183E-09 1.8407E-09 1.8677E-09 1.8848E-09 1.9113E-09 1.9229E-09 1.9384E-09 1.9600E-09 1.9744E-09 1.9880E-09 1.9988E-09 2.0167E-09 2.0223E-09 2.0265E-09 2.0424E-09 2.0408E-09 2.0424E-09 2.0477E-09 2.0539E-09 2.0493E-09 2.0545E-09 2.0499E-09 2.0431E-09 2.0383E-09 2.0301E-09 2.0207E-09 2.0201E-09 2.0085E-09 1.9978E-09 1.9848E-09 1.9735E-09 1.9606E-09 1.9453E-09 1.9353E-09 1.9196E-09 1.9093E-09 1.8950E-09 1.8813E-09 1.8714E-09 1.8571E-09 1.8402E-09 1.8259E-09 1.8146E-09 1.8067E-09 1.7986E-09 1.7877E-09 1.7787E-09 1.7726E-09 1.7657E-09 1.7554E-09 1.7464E-09 1.7388E-09 1.7300E-09 1.7217E-09
1.6831E-09 1.7038E-09 1.7160E-09 1.7377E-09 1.7544E-09 1.7723E-09 1.7981E-09 1.8099E-09 1.8256E-09 1.8674E-09 1.8817E-09 1.8955E-09 1.9149E-09 1.9269E-09 1.9382E-09 1.9419E-09 1.9626E-09 1.9660E-09 1.9724E-09 1.9765E-09 1.9827E-09 1.9785E-09 1.9756E-09 1.9780E-09 1.9822E-09 1.9748E-09 1.9751E-09 1.9696E-09 1.9618E-09 1.9539E-09 1.9448E-09 1.9335E-09 1.9307E-09 1.9178E-09 1.9087E-09 1.8948E-09 1.8854E-09 1.8712E-09 1.8586E-09 1.8469E-09 1.8353E-09 1.8224E-09 1.8128E-09 1.7946E-09 1.7776E-09 1.7701E-09 1.7617E-09 1.7548E-09 1.7450E-09 1.7365E-09 1.7302E-09 1.7242E-09 1.7162E-09 1.7098E-09 1.7045E-09 1.6967E-09 1.6899E-09
1.6219E-09 1.6411E-09 1.6606E-09 1.6805E-09 1.7008E-09 1.7172E-09 1.7330E-09 1.7485E-09 1.7639E-09 1.7784E-09 1.7926E-09 1.8062E-09 1.8167E-09 1.8241E-09 1.8306E-09 1.8520E-09 1.8657E-09 1.8764E-09 1.8784E-09 1.8959E-09 1.9023E-09 1.9002E-09 1.9050E-09 1.9088E-09 1.9080E-09 1.9048E-09 1.9056E-09 1.9008E-09 1.8938E-09 1.8907E-09 1.8909E-09 1.8801E-09 1.8719E-09 1.8594E-09 1.8503E-09 1.8376E-09 1.8254E-09 1.8147E-09 1.8104E-09 1.7971E-09 1.7892E-09 1.7757E-09 1.7650E-09 1.7517E-09 1.7376E-09 1.7284E-09 1.7216E-09 1.7120E-09 1.7066E-09 1.7023E-09 1.6965E-09 1.6860E-09 1.6788E-09 1.6745E-09 1.6682E-09 1.6628E-09 1.6578E-09
1.5600E-09 1.5746E-09 1.5853E-09 1.6055E-09 1.6246E-09 1.6355E-09 1.6551E-09 1.6819E-09 1.7051E-09 1.7190E-09 1.7280E-09 1.7456E-09 1.7548E-09 1.7619E-09 1.7779E-09 1.7824E-09 1.7923E-09 1.7965E-09 1.8026E-09 1.8106E-09 1.8112E-09 1.8116E-09 1.8159E-09 1.8159E-09 1.8195E-09 1.8166E-09 1.8138E-09 1.8163E-09 1.8115E-09 1.8065E-09 1.8056E-09 1.8050E-09 1.7964E-09 1.7903E-09 1.7802E-09 1.7738E-09 1.7695E-09 1.7610E-09 1.7521E-09 1.7436E-09 1.7351E-09 1.7238E-09 1.7116E-09 1.6982E-09 1.6911E-09 1.6857E-09 1.6781E-09 1.6711E-09 1.6648E-09 1.6604E-09 1.6571E-09 1.6511E-09 1.6474E-09 1.6433E-09 1.6366E-09 1.6322E-09 1.6267E-09
1.5206E-09 1.5342E-09 1.5481E-09 1.5621E-09 1.5765E-09 1.5882E-09 1.5988E-09 1.6136E-09 1.6237E-09 1.6379E-09 1.6472E-09 1.6605E-09 1.6668E-09 1.6835E-09 1.6992E-09 1.7136E-09 1.7175E-09 1.7320E-09 1.7409E-09 1.7443E-09 1.7504E-09 1.7523E-09 1.7594E-09 1.7596E-09 1.7611E-09 1.7592E-09 1.7574E-09 1.7603E-09 1.7548E-09 1.7513E-09 1.7446E-09 1.7403E-09 1.7318E-09 1.7272E-09 1.7197E-09 1.7180E-09 1.7098E-09 1.7040E-09 1.6958E-09 1.6901E-09 1.6801E-09 1.6696E-09 1.6597E-09 1.6498E-09 1.6469E-09 1.6420E-09 1.6379E-09 1.6342E-09 1.6319E-09 1.6291E-09 1.6251E-09 1.6203E-09 1.6168E-09 1.6128E-09 1.6065E-09 1.6024E-09 1.5964E-09
1.4574E-09 1.4721E-09 1.4856E-09 1.4997E-09 1.5096E-09 1.5352E-09 1.5535E-09 1.5678E-09 1.5777E-09 1.5914E-09 1.6048E-09 1.6134E-09 1.6232E-09 1.6309E-09 1.6426E-09 1.6491E-09 1.6550E-09 1.6650E-09 1.6677E-09 1.6718E-09 1.6739E-09 1.6754E-09 1.6827E-09 1.6844E-09 1.6842E-09 1.6846E-09 1.6844E-09 1.6826E-09 1.6872E-09 1.6842E-09 1.6816E-09 1.6764E-09 1.6740E-09 1.6684E-09 1.6656E-09 1.6598E-09 1.6568E-09 1.6514E-09 1.6468E-09 1.6436E-09 1.6374E-09 1.6311E-09 1.6217E-09 1.6128E-09 1.6108E-09 1.6094E-09 1.6052E-09 1.6034E-09 1.6012E-09 1.5985E-09 1.5939E-09 1.5901E-09 1.5868E-09 1.5823E-09 1.5771E-09 1.5731E-09 1.5668E-09
1.4336E-09 1.4427E-09 1.4521E-09 1.4615E-09 1.4712E-09 1.4812E-09 1.4913E-09 1.5014E-09 1.5114E-09 1.5211E-09 1.5305E-09 1.5436E-09 1.5602E-09 1.5717E-09 1.5833E-09 1.5944E-09 1.6051E-09 1.6108E-09 1.6204E-09 1.6249E-09 1.6286E-09 1.6318E-09 1.6389E-09 1.6389E-09 1.6402E-09 1.6410E-09 1.6413E-09 1.6410E-09 1.6389E-09 1.6361E-09 1.6349E-09 1.6340E-09 1.6322E-09 1.6283E-09 1.6220E-09 1.6180E-09 1.6148E-09 1.6095E-09 1.6074E-09 1.6041E-09 1.5973E-09 1.5892E-09 1.5839E-09 1.5812E-09 1.5803E-09 1.5789E-09 1.5750E-09 1.5732E-09 1.5711E-09 1.5685E-09 1.5635E-09 1.5606E-09 1.5574E-09 1.5517E-09 1.5483E-09 1.5438E-09 1.5385E-09
1.4101E-09 1.4188E-09 1.4276E-09 1.4366E-09 1.4457E-09 1.4552E-09 1.4647E-09 1.4744E-09 1.4839E-09 1.4932E-09 1.5021E-09 1.5107E-09 1.5189E-09 1.5266E-09 1.5339E-09 1.5408E-09 1.5471E-09 1.5530E-09 1.5585E-09 1.5634E-09 1.5678E-09 1.5718E-09 1.5752E-09 1.5782E-09 1.5806E-09 1.5894E-09 1.5906E-09 1.5885E-09 1.5890E-09 1.5875E-09 1.5849E-09 1.5830E-09 1.5821E-09 1.5804E-09 1.5790E-09 1.5769E-09 1.5758E-09 1.5727E-09 1.5713E-09 1.5677E-09 1.5661E-09 1.5587E-09 1.5518E-09 1.5513E-09 1.5504E-09 1.5475E-09 1.5454E-09 1.5437E-09 1.5416E-09 1.5385E-09 1.5345E-09 1.5317E-09 1.5287E-09 1.5233E-09 1.5200E-09 1.5151E-09 1.5109E-09
1.3870E-09 1.3953E-09 1.4036E-09 1.4121E-09 1.4207E-09 1.4296E-09 1.4387E-09 1.4479E-09 1.4569E-09 1.4658E-09 1.4743E-09 1.4825E-09 1.4903E-09 1.4977E-09 1.5046E-09 1.5111E-09 1.5172E-09 1.5228E-09 1.5279E-09 1.5326E-09 1.5368E-09 1.5405E-09 1.5438E-09 1.5466E-09 1.5490E-09 1.5509E-09 1.5524E-09 1.5534E-09 1.5523E-09 1.5529E-09 1.5513E-09 1.5514E-09 1.5493E-09 1.5489E-09 1.5465E-09 1.5458E-09 1.5429E-09 1.5419E-09 1.5406E-09 1.5373E-09 1.5338E-09 1.5269E-09 1.5225E-09 1.5220E-09 1.5212E-09 1.5177E-09 1.5165E-09 1.5148E-09 1.5129E-09 1.5091E-09 1.5061E-09 1.5035E-09 1.4999E-09 1.4955E-09 1.4924E-09 1.4871E-09 1.4838E-09
1.3642E-09 1.3722E-09 1.3800E-09 1.3880E-09 1.3961E-09 1.4046E-09 1.4131E-09 1.4218E-09 1.4305E-09 1.4389E-09 1.4471E-09 1.4549E-09 1.4623E-09 1.4693E-09 1.4760E-09 1.4822E-09 1.4879E-09 1.4932E-09 1.4981E-09 1.5026E-09 1.5065E-09 1.5101E-09 1.5132E-09 1.5158E-09 1.5181E-09 1.5199E-09 1.5213E-09 1.5223E-09 1.5214E-09 1.5219E-09 1.5204E-09 1.5205E-09 1.5186E-09 1.5183E-09 1.5160E-09 1.5154E-09 1.5127E-09 1.5118E-09 1.5100E-09 1.5075E-09 1.5005E-09 1.4940E-09 1.4939E-09 1.4934E-09 1.4926E-09 1.4893E-09 1.4881E-09 1.4866E-09 1.4847E-09 1.4805E-09 1.4783E-09 1.4758E-09 1.4710E-09 1.4683E-09 1.4647E-09 1.4604E-09 1.4566E-09
1.3418E-09 1.3494E-09 1.3568E-09 1.3644E-09 1.3720E-09 1.3800E-09 1.3881E-09 1.3963E-09 1.4046E-09 1.4126E-09 1.4204E-09 1.4278E-09 1.4349E-09 1.4416E-09 1.4479E-09 1.4538E-09 1.4593E-09 1.4644E-09 1.4690E-09 1.4732E-09 1.4770E-09 1.4804E-09 1.4833E-09 1.4858E-09 1.4879E-09 1.4897E-09 1.4910E-09 1.4903E-09 1.4911E-09 1.4899E-09 1.4903E-09 1.4887E-09 1.4887E-09 1.4866E-09 1.4863E-09 1.4845E-09 1.4833E-09 1.4824E-09 1.4795E-09 1.4785E-09 1.4720E-09 1.4660E-09 1.4659E-09 1.4654E-09 1.4631E-09 1.4616E-09 1.4604E-09 1.4590E-09 1.4564E-09 1.4532E-09 1.4511E-09 1.4488E-09 1.4443E-09 1.4417E-09 1.4376E-09 1.4342E-09 1.4293E-09
1.3198E-09 1.3270E-09 1.3340E-09 1.3412E-09 1.3484E-09 1.3559E-09 1.3636E-09 1.3713E-09 1.3792E-09 1.3868E-09 1.3943E-09 1.4014E-09 1.4081E-09 1.4145E-09 1.4205E-09 1.4261E-09 1.4313E-09 1.4362E-09 1.4406E-09 1.4446E-09 1.4482E-09 1.4513E-09 1.4541E-09 1.4565E-09 1.4586E-09 1.4602E-09 1.4615E-09 1.4608E-09 1.4617E-09 1.4606E-09 1.4610E-09 1.4595E-09 1.4595E-09 1.4576E-09 1.4574E-09 1.4551E-09 1.4546E-09 1.4538E-09 1.4511E-09 1.4445E-09 1.4403E-09 1.4386E-09 1.4385E-09 1.4381E-09 1.4352E-09 1.4344E-09 1.4333E-09 1.4319E-09 1.4281E-09 1.4265E-09 1.4245E-09 1.4209E-09 1.4181E-09 1.4156E-09 1.4111E-09 1.4086E-09 1.4040E-09
1.2981E-09 1.3050E-09 1.3117E-09 1.3184E-09 1.3253E-09 1.3323E-09 1.3395E-09 1.3468E-09 1.3543E-09 1.3616E-09 1.3687E-09 1.3754E-09 1.3819E-09 1.3880E-09 1.3937E-09 1.3990E-09 1.4040E-09 1.4086E-09 1.4128E-09 1.4166E-09 1.4200E-09 1.4230E-09 1.4257E-09 1.4280E-09 1.4299E-09 1.4314E-09 1.4316E-09 1.4321E-09 1.4318E-09 1.4319E-09 1.4312E-09 1.4310E-09 1.4299E-09 1.4293E-09 1.4291E-09 1.4270E-09 1.4265E-09 1.4240E-09 1.4233E-09 1.4172E-09 1.4116E-09 1.4118E-09 1.4117E-09 1.4113E-09 1.4086E-09 1.4079E-09 1.4068E-09 1.4055E-09 1.4019E-09 1.4003E-09 1.3985E-09 1.3945E-09 1.3924E-09 1.3895E-09 1.3859E-09 1.3828E-09 1.3792E-09
1.2768E-09 1.2833E-09 1.2897E-09 1.2960E-09 1.3025E-09 1.3091E-09 1.3159E-09 1.3228E-09 1.3299E-09 1.3369E-09 1.3436E-09 1.3501E-09 1.3562E-09 1.3620E-09 1.3675E-09 1.3726E-09 1.3773E-09 1.3816E-09 1.3856E-09 1.3892E-09 1.3925E-09 1.3954E-09 1.3979E-09 1.4001E-09 1.4019E-09 1.4034E-09 1.4030E-09 1.4041E-09 1.4033E-09 1.4040E-09 1.4028E-09 1.4032E-09 1.4016E-09 1.4017E-09 1.3998E-09 1.3996E-09 1.3991E-09 1.3968E-09 1.3944E-09 1.3906E-09 1.3854E-09 1.3856E-09 1.3855E-09 1.3830E-09 1.3826E-09 1.3819E-09 1.3809E-09 1.3789E-09 1.3763E-09 1.3748E-09 1.3730E-09 1.3692E-09 1.3673E-09 1.3633E-09 1.3612E-09 1.3571E-09 1.3549E-09
1.2558E-09 1.2620E-09 1.2681E-09 1.2741E-09 1.2802E-09 1.2863E-09 1.2928E-09 1.2993E-09 1.3060E-09 1.3126E-09 1.3191E-09 1.3252E-09 1.3311E-09 1.3366E-09 1.3418E-09 1.3467E-09 1.3512E-09 1.3553E-09 1.3591E-09 1.3625E-09 1.3656E-09 1.3684E-09 1.3708E-09 1.3729E-09 1.3746E-09 1.3760E-09 1.3757E-09 1.3768E-09 1.3761E-09 1.3768E-09 1.3757E-09 1.3760E-09 1.3746E-09 1.3747E-09 1.3730E-09 1.3728E-09 1.3712E-09 1.3703E-09 1.3646E-09 1.3592E-09 1.3597E-09 1.3599E-09 1.3598E-09 1.3575E-09 1.3571E-09 1.3565E-09 1.3555E-09 1.3524E-09 1.3512E-09 1.3497E-09 1.3468E-09 1.3445E-09 1.3427E-09 1.3389E-09 1.3370E-09 1.3331E-09 1.3310E-09
1.2351E-09 1.2411E-09 1.2469E-09 1.2525E-09 1.2583E-09 1.2641E-09 1.2701E-09 1.2763E-09 1.2826E-09 1.2889E-09 1.2950E-09 1.3009E-09 1.3065E-09 1.3118E-09 1.3167E-09 1.3214E-09 1.3256E-09 1.3296E-09 1.3332E-09 1.3365E-09 1.3394E-09 1.3420E-09 1.3443E-09 1.3463E-09 1.3480E-09 1.3478E-09 1.3491E-09 1.3486E-09 1.3495E-09 1.3486E-09 1.3492E-09 1.3480E-09 1.3483E-09 1.3467E-09 1.3468E-09 1.3467E-09 1.3447E-09 1.3444E-09 1.3391E-09 1.3342E-09 1.3347E-09 1.3349E-09 1.3341E-09 1.3326E-09 1.3322E-09 1.3316E-09 1.3307E-09 1.3277E-09 1.3266E-09 1.3253E-09 1.3219E-09 1.3204E-09 1.3180E-09 1.3151E-09 1.3127E-09 1.3097E-09 1.3058E-09
1.2147E-09 1.2205E-09 1.2260E-09 1.2314E-09 1.2368E-09 1.2422E-09 1.2479E-09 1.2537E-09 1.2596E-09 1.2656E-09 1.2715E-09 1.2771E-09 1.2824E-09 1.2875E-09 1.2922E-09 1.2966E-09 1.3007E-09 1.3044E-09 1.3079E-09 1.3110E-09 1.3138E-09 1.3163E-09 1.3185E-09 1.3204E-09 1.3220E-09 1.3219E-09 1.3231E-09 1.3227E-09 1.3236E-09 1.3228E-09 1.3234E-09 1.3222E-09 1.3226E-09 1.3211E-09 1.3212E-09 1.3211E-09 1.3193E-09 1.3140E-09 1.3125E-09 1.3097E-09 1.3101E-09 1.3103E-09 1.3083E-09 1.3082E-09 1.3078E-09 1.3072E-09 1.3051E-09 1.3036E-09 1.3026E-09 1.3013E-09 1.2981E-09 1.2967E-09 1.2933E-09 1.2918E-09 1.2883E-09 1.2867E-09 1.2821E-09
1.1947E-09 1.2003E-09 1.2055E-09 1.2106E-09 1.2156E-09 1.2208E-09 1.2261E-09 1.2316E-09 1.2372E-09 1.2429E-09 1.2484E-09 1.2538E-09 1.2589E-09 1.2637E-09 1.2682E-09 1.2724E-09 1.2763E-09 1.2799E-09 1.2832E-09 1.2861E-09 1.2888E-09 1.2912E-09 1.2933E-09 1.2951E-09 1.2951E-09 1.2966E-09 1.2963E-09 1.2974E-09 1.2967E-09 1.2975E-09 1.2966E-09 1.2971E-09 1.2969E-09 1.2962E-09 1.2963E-09 1.2946E-09 1.2945E-09 1.2896E-09 1.2850E-09 1.2857E-09 1.2861E-09 1.2863E-09 1.2844E-09 1.2843E-09 1.2840E-09 1.2834E-09 1.2808E-09 1.2800E-09 1.2790E-09 1.2760E-09 1.2749E-09 1.2735E-09 1.2704E-09 1.2689E-09 1.2657E-09 1.2641E-09 1.2599E-09
1.1750E-09 1.1803E-09 1.1854E-09 1.1902E-09 1.1949E-09 1.1998E-09 1.2047E-09 1.2099E-09 1.2152E-09 1.2206E-09 1.2259E-09 1.2310E-09 1.2359E-09 1.2404E-09 1.2447E-09 1.2487E-09 1.2524E-09 1.2559E-09 1.2581E-09 1.2610E-09 1.2637E-09 1.2660E-09 1.2681E-09 1.2698E-09 1.2705E-09 1.2719E-09 1.2716E-09 1.2727E-09 1.2721E-09 1.2729E-09 1.2720E-09 1.2726E-09 1.2714E-09 1.2718E-09 1.2719E-09 1.2704E-09 1.2687E-09 1.2658E-09 1.2615E-09 1.2622E-09 1.2626E-09 1.2608E-09 1.2610E-09 1.2610E-09 1.2606E-09 1.2601E-09 1.2577E-09 1.2569E-09 1.2560E-09 1.2532E-09 1.2521E-09 1.2497E-09 1.2479E-09 1.2454E-09 1.2435E-09 1.2393E-09 1.2381E-09
1.1535E-09 1.1587E-09 1.1635E-09 1.1682E-09 1.1727E-09 1.1774E-09 1.1821E-09 1.1870E-09 1.1920E-09 1.1972E-09 1.2023E-09 1.2073E-09 1.2120E-09 1.2165E-09 1.2207E-09 1.2246E-09 1.2282E-09 1.2315E-09 1.2346E-09 1.2373E-09 1.2398E-09 1.2421E-09 1.2434E-09 1.2442E-09 1.2458E-09 1.2463E-09 1.2475E-09 1.2471E-09 1.2481E-09 1.2473E-09 1.2481E-09 1.2487E-09 1.2476E-09 1.2479E-09 1.2465E-09 1.2467E-09 1.2420E-09 1.2377E-09 1.2386E-09 1.2392E-09 1.2396E-09 1.2380E-09 1.2382E-09 1.2381E-09 1.2378E-09 1.2355E-09 1.2350E-09 1.2343E-09 1.2329E-09 1.2308E-09 1.2298E-09 1.2270E-09 1.2259E-09 1.2230E-09 1.2218E-09 1.2179E-09 1.2167E-09
