Assets/Resources/2015_m01_d19_1000(utc+0800)_l00_csi_1hr_conc.grd
DSAA
         159         159
     -79.000      79.000
     -79.000      79.000
  0.0000E+00  0.1753E-05
[rows 50 to 74 of 159, columns 57 to 113 of 159]
4.0420E-08 4.6028E-08 5.1485E-08 5.6512E-08 6.0807E-08 6.4094E-08 6.6126E-08 6.6755E-08 6.5936E-08 6.3732E-08 6.0317E-08 5.5944E-08 5.0884E-08 4.5472E-08 3.9921E-08 3.4629E-08 2.9740E-08 2.5262E-08 2.1343E-08 1.7988E-08 1.5218E-08 1.2960E-08 1.1167E-08 9.7670E-09 8.7212E-09 7.9436E-09 7.3735E-09 6.9538E-09 6.6628E-09 6.4892E-09 6.3822E-09 6.3226E-09 6.3119E-09 6.3567E-09 6.4064E-09 6.4475E-09 6.4784E-09 6.4982E-09 6.5077E-09 6.5060E-09 6.4942E-09 6.4729E-09 6.4417E-09 6.4027E-09 6.3542E-09 6.2967E-09 6.2301E-09 6.1550E-09 6.0722E-09 5.9821E-09 5.8857E-09 5.7838E-09 5.6772E-09 5.5662E-09 5.4519E-09 5.3346E-09 5.2154E-09
3.8780E-08 4.4562E-08 5.0267E-08 5.5595E-08 6.0216E-08 6.3803E-08 6.6071E-08 6.6826E-08 6.5996E-08 6.3655E-08 6.0000E-08 5.5334E-08 5.0002E-08 4.4337E-08 3.8655E-08 3.3188E-08 2.8272E-08 2.3919E-08 2.0139E-08 1.6935E-08 1.4317E-08 1.2171E-08 1.0483E-08 9.1890E-09 8.2104E-09 7.4757E-09 6.9342E-09 6.5362E-09 6.2629E-09 6.1014E-09 6.0006E-09 5.9465E-09 5.9426E-09 5.9893E-09 6.0406E-09 6.0838E-09 6.1169E-09 6.1404E-09 6.1535E-09 6.1569E-09 6.1505E-09 6.1353E-09 6.1111E-09 6.0789E-09 6.0376E-09 5.9876E-09 5.9289E-09 5.8620E-09 5.7875E-09 5.7061E-09 5.6184E-09 5.5253E-09 5.4274E-09 5.3252E-09 5.2195E-09 5.1109E-09 5.0002E-09
3.6682E-08 4.2588E-08 4.8519E-08 5.4169E-08 5.9180E-08 6.3145E-08 6.5752E-08 6.6703E-08 6.5915E-08 6.3449E-08 5.9526E-08 5.4505E-08 4.8810E-08 4.2856E-08 3.7006E-08 3.1424E-08 2.6482E-08 2.2258E-08 1.8681E-08 1.5688E-08 1.3257E-08 1.1282E-08 9.7340E-09 8.5382E-09 7.6379E-09 6.9559E-09 6.4712E-09 6.1034E-09 5.8536E-09 5.7065E-09 5.6179E-09 5.5699E-09 5.5739E-09 5.6241E-09 5.6766E-09 5.7215E-09 5.7570E-09 5.7835E-09 5.8003E-09 5.8080E-09 5.8070E-09 5.7971E-09 5.7796E-09 5.7537E-09 5.7193E-09 5.6764E-09 5.6251E-09 5.5661E-09 5.4996E-09 5.4265E-09 5.3474E-09 5.2627E-09 5.1734E-09 5.0797E-09 4.9824E-09 4.8824E-09 4.7799E-09
3.4166E-08 4.0143E-08 4.6275E-08 5.2280E-08 5.7714E-08 6.2186E-08 6.5229E-08 6.6533E-08 6.5918E-08 6.3409E-08 5.9233E-08 5.3823E-08 4.7673E-08 4.1331E-08 3.5187E-08 2.9521E-08 2.4490E-08 2.0396E-08 1.7046E-08 1.4299E-08 1.2077E-08 1.0294E-08 8.9257E-09 7.8651E-09 7.0538E-09 6.4367E-09 5.9744E-09 5.6410E-09 5.4397E-09 5.3105E-09 5.2372E-09 5.1976E-09 5.2087E-09 5.2627E-09 5.3168E-09 5.3628E-09 5.4006E-09 5.4295E-09 5.4500E-09 5.4617E-09 5.4655E-09 5.4609E-09 5.4491E-09 5.4292E-09 5.4011E-09 5.3649E-09 5.3208E-09 5.2693E-09 5.2105E-09 5.1455E-09 5.0745E-09 4.9980E-09 4.9169E-09 4.8315E-09 4.7424E-09 4.6506E-09 4.5563E-09
3.1284E-08 3.7242E-08 4.3564E-08 4.9889E-08 5.5839E-08 6.0899E-08 6.4564E-08 6.6404E-08 6.6134E-08 6.3719E-08 5.9376E-08 5.3560E-08 4.6886E-08 3.9999E-08 3.3440E-08 2.7602E-08 2.2516E-08 1.8476E-08 1.5306E-08 1.2808E-08 1.0856E-08 9.2834E-09 8.0714E-09 7.1468E-09 6.4497E-09 5.9018E-09 5.4932E-09 5.2031E-09 5.0298E-09 4.9211E-09 4.8613E-09 4.8321E-09 4.8523E-09 4.9086E-09 4.9634E-09 5.0104E-09 5.0499E-09 5.0813E-09 5.1048E-09 5.1203E-09 5.1282E-09 5.1287E-09 5.1218E-09 5.1074E-09 5.0852E-09 5.0552E-09 5.0179E-09 4.9732E-09 4.9219E-09 4.8645E-09 4.8012E-09 4.7326E-09 4.6594E-09 4.5819E-09 4.5009E-09 4.4170E-09 4.3305E-09
2.8087E-08 3.3963E-08 4.0352E-08 4.6978E-08 5.3437E-08 5.9172E-08 6.3647E-08 6.6259E-08 6.6640E-08 6.4604E-08 6.0281E-08 5.4143E-08 4.6899E-08 3.9335E-08 3.2194E-08 2.5930E-08 2.0763E-08 1.6621E-08 1.3596E-08 1.1328E-08 9.6045E-09 8.2666E-09 7.2385E-09 6.4450E-09 5.8223E-09 5.3656E-09 5.0133E-09 4.7670E-09 4.6224E-09 4.5344E-09 4.4893E-09 4.4736E-09 4.5061E-09 4.5635E-09 4.6182E-09 4.6663E-09 4.7071E-09 4.7406E-09 4.7665E-09 4.7856E-09 4.7970E-09 4.8020E-09 4.7997E-09 4.7903E-09 4.7734E-09 4.7492E-09 4.7180E-09 4.6799E-09 4.6356E-09 4.5854E-09 4.5294E-09 4.4682E-09 4.4026E-09 4.3327E-09 4.2594E-09 4.1832E-09 4.1041E-09
2.4634E-08 3.0298E-08 3.6636E-08 4.3457E-08 5.0359E-08 5.6850E-08 6.2252E-08 6.5937E-08 6.7321E-08 6.6036E-08 6.2073E-08 5.5838E-08 4.8070E-08 3.9742E-08 3.1760E-08 2.4855E-08 1.9316E-08 1.5073E-08 1.1984E-08 9.8622E-09 8.3927E-09 7.2564E-09 6.4065E-09 5.7544E-09 5.2259E-09 4.8209E-09 4.5240E-09 4.3441E-09 4.2273E-09 4.1597E-09 4.1292E-09 4.1256E-09 4.1697E-09 4.2289E-09 4.2836E-09 4.3321E-09 4.3739E-09 4.4091E-09 4.4375E-09 4.4591E-09 4.4740E-09 4.4825E-09 4.4845E-09 4.4794E-09 4.4673E-09 4.4485E-09 4.4230E-09 4.3910E-09 4.3532E-09 4.3097E-09 4.2605E-09 4.2064E-09 4.1480E-09 4.0853E-09 4.0193E-09 3.9503E-09 3.8783E-09
2.1035E-08 2.6319E-08 3.2439E-08 3.9241E-08 4.6463E-08 5.3604E-08 6.0026E-08 6.5008E-08 6.7762E-08 6.7744E-08 6.4664E-08 5.8751E-08 5.0717E-08 4.1625E-08 3.2656E-08 2.4790E-08 1.8536E-08 1.3923E-08 1.0658E-08 8.5723E-09 7.2456E-09 6.3191E-09 5.6285E-09 5.0702E-09 4.6297E-09 4.3198E-09 4.0792E-09 3.9356E-09 3.8470E-09 3.8005E-09 3.7846E-09 3.7941E-09 3.8468E-09 3.9064E-09 3.9608E-09 4.0094E-09 4.0520E-09 4.0883E-09 4.1186E-09 4.1423E-09 4.1603E-09 4.1720E-09 4.1774E-09 4.1762E-09 4.1685E-09 4.1545E-09 4.1342E-09 4.1080E-09 4.0761E-09 4.0387E-09 3.9959E-09 3.9485E-09 3.8967E-09 3.8410E-09 3.7819E-09 3.7196E-09 3.6544E-09
1.7422E-08 2.2156E-08 2.7823E-08 3.4395E-08 4.1668E-08 4.9258E-08 5.6628E-08 6.2980E-08 6.7448E-08 6.9176E-08 6.7592E-08 6.2632E-08 5.4809E-08 4.5212E-08 3.5209E-08 2.6093E-08 1.8745E-08 1.3424E-08 9.8729E-09 7.4945E-09 6.2135E-09 5.4405E-09 4.8781E-09 4.4474E-09 4.0909E-09 3.8231E-09 3.6581E-09 3.5497E-09 3.4849E-09 3.4554E-09 3.4553E-09 3.4818E-09 3.5389E-09 3.5974E-09 3.6510E-09 3.6994E-09 3.7424E-09 3.7797E-09 3.8113E-09 3.8369E-09 3.8571E-09 3.8715E-09 3.8799E-09 3.8822E-09 3.8784E-09 3.8687E-09 3.8530E-09 3.8320E-09 3.8056E-09 3.7737E-09 3.7369E-09 3.6957E-09 3.6502E-09 3.6009E-09 3.5483E-09 3.4923E-09 3.4336E-09
1.3946E-08 1.7992E-08 2.3020E-08 2.9054E-08 3.6038E-08 4.3773E-08 5.1816E-08 5.9421E-08 6.5661E-08 6.9478E-08 7.0029E-08 6.6778E-08 5.9962E-08 5.0418E-08 3.9601E-08 2.9107E-08 2.0281E-08 1.3811E-08 9.5311E-09 6.8996E-09 5.3511E-09 4.6710E-09 4.2090E-09 3.8495E-09 3.5923E-09 3.3890E-09 3.2628E-09 3.1844E-09 3.1436E-09 3.1313E-09 3.1454E-09 3.1858E-09 3.2456E-09 3.3027E-09 3.3554E-09 3.4034E-09 3.4463E-09 3.4841E-09 3.5164E-09 3.5436E-09 3.5657E-09 3.5823E-09 3.5931E-09 3.5983E-09 3.5979E-09 3.5920E-09 3.5807E-09 3.5643E-09 3.5426E-09 3.5161E-09 3.4848E-09 3.4492E-09 3.4095E-09 3.3663E-09 3.3195E-09 3.2695E-09 3.2169E-09
1.0782E-08 1.4069E-08 1.8247E-08 2.3530E-08 2.9906E-08 3.7360E-08 4.5582E-08 5.4033E-08 6.1816E-08 6.7872E-08 7.0931E-08 7.0164E-08 6.5231E-08 5.6584E-08 4.5514E-08 3.3902E-08 2.3493E-08 1.5429E-08 9.9593E-09 6.6815E-09 4.7989E-09 3.9890E-09 3.5830E-09 3.3315E-09 3.1184E-09 2.9855E-09 2.8983E-09 2.8485E-09 2.8249E-09 2.8293E-09 2.8583E-09 2.9086E-09 2.9677E-09 3.0232E-09 3.0747E-09 3.1218E-09 3.1644E-09 3.2022E-09 3.2351E-09 3.2634E-09 3.2867E-09 3.3049E-09 3.3179E-09 3.3257E-09 3.3281E-09 3.3256E-09 3.3180E-09 3.3057E-09 3.2884E-09 3.2665E-09 3.2404E-09 3.2099E-09 3.1757E-09 3.1379E-09 3.0966E-09 3.0523E-09 3.0052E-09
8.0536E-09 1.0580E-08 1.3895E-08 1.8215E-08 2.3668E-08 3.0378E-08 3.8272E-08 4.7000E-08 5.5860E-08 6.3726E-08 6.9340E-08 7.1450E-08 6.9224E-08 6.2478E-08 5.2222E-08 4.0093E-08 2.8256E-08 1.8406E-08 1.1344E-08 6.9801E-09 4.6703E-09 3.5039E-09 3.0700E-09 2.8450E-09 2.7134E-09 2.6226E-09 2.5638E-09 2.5341E-09 2.5316E-09 2.5519E-09 2.5935E-09 2.6487E-09 2.7057E-09 2.7592E-09 2.8092E-09 2.8553E-09 2.8972E-09 2.9346E-09 2.9679E-09 2.9967E-09 3.0210E-09 3.0404E-09 3.0550E-09 3.0648E-09 3.0698E-09 3.0702E-09 3.0659E-09 3.0571E-09 3.0437E-09 3.0262E-09 3.0045E-09 2.9788E-09 2.9495E-09 2.9166E-09 2.8804E-09 2.8412E-09 2.7995E-09
5.8037E-09 7.6472E-09 1.0110E-08 1.3435E-08 1.7833E-08 2.3499E-08 3.0553E-08 3.8860E-08 4.7981E-08 5.7039E-08 6.4788E-08 6.9731E-08 7.0589E-08 6.6683E-08 5.8260E-08 4.6664E-08 3.4119E-08 2.2661E-08 1.3751E-08 7.9237E-09 4.7747E-09 3.2910E-09 2.6288E-09 2.4412E-09 2.3530E-09 2.2910E-09 2.2599E-09 2.2522E-09 2.2654E-09 2.2985E-09 2.3486E-09 2.4052E-09 2.4597E-09 2.5112E-09 2.5596E-09 2.6042E-09 2.6450E-09 2.6820E-09 2.7151E-09 2.7441E-09 2.7688E-09 2.7891E-09 2.8051E-09 2.8165E-09 2.8235E-09 2.8264E-09 2.8249E-09 2.8191E-09 2.8093E-09 2.7956E-09 2.7779E-09 2.7565E-09 2.7316E-09 2.7031E-09 2.6716E-09 2.6373E-09 2.6003E-09
4.0157E-09 5.3033E-09 7.0239E-09 9.4543E-09 1.2738E-08 1.7207E-08 2.3064E-08 3.0456E-08 3.9139E-08 4.8533E-08 5.7540E-08 6.4700E-08 6.8493E-08 6.7757E-08 6.2031E-08 5.2310E-08 4.0061E-08 2.7625E-08 1.7012E-08 9.5680E-09 5.2006E-09 3.1377E-09 2.3345E-09 2.0871E-09 2.0298E-09 1.9990E-09 1.9888E-09 1.9958E-09 2.0261E-09 2.0701E-09 2.1231E-09 2.1777E-09 2.2297E-09 2.2792E-09 2.3255E-09 2.3686E-09 2.4081E-09 2.4443E-09 2.4770E-09 2.5057E-09 2.5306E-09 2.5515E-09 2.5682E-09 2.5810E-09 2.5898E-09 2.5946E-09 2.5954E-09 2.5924E-09 2.5857E-09 2.5753E-09 2.5613E-09 2.5437E-09 2.5225E-09 2.4983E-09 2.4710E-09 2.4409E-09 2.4083E-09
2.6627E-09 3.4767E-09 4.6255E-09 6.2602E-09 8.5922E-09 1.1908E-08 1.6493E-08 2.2628E-08 3.0303E-08 3.9256E-08 4.8599E-08 5.7074E-08 6.3144E-08 6.5294E-08 6.2817E-08 5.5686E-08 4.4811E-08 3.2358E-08 2.0550E-08 1.1488E-08 5.8849E-09 3.1799E-09 2.1084E-09 1.7896E-09 1.7497E-09 1.7399E-09 1.7468E-09 1.7738E-09 1.8123E-09 1.8611E-09 1.9146E-09 1.9664E-09 2.0159E-09 2.0629E-09 2.1072E-09 2.1483E-09 2.1866E-09 2.2217E-09 2.2534E-09 2.2817E-09 2.3065E-09 2.3275E-09 2.3449E-09 2.3587E-09 2.3687E-09 2.3752E-09 2.3780E-09 2.3773E-09 2.3733E-09 2.3658E-09 2.3547E-09 2.3404E-09 2.3229E-09 2.3021E-09 2.2787E-09 2.2525E-09 2.2234E-09
1.6576E-09 2.1594E-09 2.8534E-09 3.9099E-09 5.4699E-09 7.7315E-09 1.1097E-08 1.5910E-08 2.2351E-08 3.0407E-08 3.9433E-08 4.8375E-08 5.5779E-08 6.0199E-08 6.0526E-08 5.6122E-08 4.7534E-08 3.5980E-08 2.3802E-08 1.3588E-08 6.7629E-09 3.2498E-09 1.8927E-09 1.5304E-09 1.5050E-09 1.5151E-09 1.5411E-09 1.5753E-09 1.6210E-09 1.6715E-09 1.7220E-09 1.7707E-09 1.8175E-09 1.8621E-09 1.9040E-09 1.9434E-09 1.9801E-09 2.0138E-09 2.0445E-09 2.0720E-09 2.0963E-09 2.1174E-09 2.1351E-09 2.1494E-09 2.1605E-09 2.1682E-09 2.1727E-09 2.1741E-09 2.1722E-09 2.1671E-09 2.1587E-09 2.1472E-09 2.1326E-09 2.1152E-09 2.0949E-09 2.0719E-09 2.0460E-09
9.7742E-10 1.2680E-09 1.6960E-09 2.2786E-09 3.2364E-09 4.7343E-09 7.0671E-09 1.0658E-08 1.5855E-08 2.2728E-08 3.1070E-08 3.9969E-08 4.8009E-08 5.3798E-08 5.6186E-08 5.4476E-08 4.8358E-08 3.8405E-08 2.6559E-08 1.5411E-08 7.4752E-09 3.2678E-09 1.6953E-09 1.3058E-09 1.2989E-09 1.3264E-09 1.3590E-09 1.4018E-09 1.4490E-09 1.4973E-09 1.5446E-09 1.5903E-09 1.6343E-09 1.6763E-09 1.7160E-09 1.7535E-09 1.7882E-09 1.8205E-09 1.8498E-09 1.8764E-09 1.9002E-09 1.9209E-09 1.9386E-09 1.9535E-09 1.9651E-09 1.9739E-09 1.9799E-09 1.9827E-09 1.9825E-09 1.9794E-09 1.9731E-09 1.9639E-09 1.9520E-09 1.9372E-09 1.9196E-09 1.8995E-09 1.8769E-09
5.4307E-10 6.5215E-10 8.3227E-10 1.1717E-09 1.7046E-09 2.6949E-09 4.2220E-09 6.7573E-09 1.0848E-08 1.6695E-08 2.4261E-08 3.2854E-08 4.1163E-08 4.7804E-08 5.1548E-08 5.1729E-08 4.7864E-08 3.9985E-08 2.8824E-08 1.7263E-08 8.2835E-09 3.3025E-09 1.4835E-09 1.1131E-09 1.1284E-09 1.1618E-09 1.2028E-09 1.2473E-09 1.2929E-09 1.3380E-09 1.3818E-09 1.4246E-09 1.4657E-09 1.5052E-09 1.5427E-09 1.5779E-09 1.6108E-09 1.6412E-09 1.6692E-09 1.6948E-09 1.7177E-09 1.7379E-09 1.7556E-09 1.7704E-09 1.7826E-09 1.7923E-09 1.7990E-09 1.8029E-09 1.8040E-09 1.8022E-09 1.7975E-09 1.7903E-09 1.7806E-09 1.7681E-09 1.7533E-09 1.7359E-09 1.7162E-09
3.5404E-10 4.2377E-10 4.9493E-10 5.9315E-10 8.1533E-10 1.2761E-09 2.2063E-09 3.9055E-09 7.1136E-09 1.2087E-08 1.8954E-08 2.7226E-08 3.5841E-08 4.3040E-08 4.7555E-08 4.9031E-08 4.7129E-08 4.1406E-08 3.1496E-08 1.9403E-08 9.0878E-09 3.2807E-09 1.2770E-09 9.5388E-10 9.8172E-10 1.0221E-09 1.0650E-09 1.1085E-09 1.1508E-09 1.1924E-09 1.2330E-09 1.2728E-09 1.3113E-09 1.3483E-09 1.3833E-09 1.4162E-09 1.4470E-09 1.4756E-09 1.5022E-09 1.5265E-09 1.5484E-09 1.5682E-09 1.5854E-09 1.6003E-09 1.6127E-09 1.6224E-09 1.6293E-09 1.6335E-09 1.6356E-09 1.6351E-09 1.6320E-09 1.6269E-09 1.6191E-09 1.6088E-09 1.5962E-09 1.5811E-09 1.5641E-09
2.0878E-10 2.5204E-10 3.0390E-10 3.6565E-10 4.4119E-10 6.6045E-10 1.1691E-09 2.2686E-09 4.4456E-09 8.3661E-09 1.4516E-08 2.2811E-08 3.1814E-08 3.9632E-08 4.5083E-08 4.7354E-08 4.6733E-08 4.2846E-08 3.4421E-08 2.2093E-08 1.0367E-08 3.4463E-09 1.1314E-09 8.2362E-10 8.5850E-10 9.0043E-10 9.4272E-10 9.8264E-10 1.0218E-09 1.0599E-09 1.0977E-09 1.1345E-09 1.1703E-09 1.2045E-09 1.2370E-09 1.2677E-09 1.2964E-09 1.3233E-09 1.3482E-09 1.3712E-09 1.3922E-09 1.4112E-09 1.4276E-09 1.4415E-09 1.4531E-09 1.4628E-09 1.4702E-09 1.4752E-09 1.4784E-09 1.4788E-09 1.4774E-09 1.4735E-09 1.4671E-09 1.4589E-09 1.4482E-09 1.4355E-09 1.4208E-09
1.2039E-10 1.5050E-10 1.8640E-10 2.1870E-10 2.5354E-10 3.3131E-10 5.9527E-10 1.2177E-09 2.6957E-09 5.7263E-09 1.1010E-08 1.8877E-08 2.8363E-08 3.7571E-08 4.4278E-08 4.7035E-08 4.6979E-08 4.4204E-08 3.7992E-08 2.6096E-08 1.2413E-08 3.7291E-09 1.0057E-09 7.1760E-10 7.5490E-10 7.9306E-10 8.3097E-10 8.6884E-10 9.0484E-10 9.4025E-10 9.7506E-10 1.0089E-09 1.0418E-09 1.0732E-09 1.1032E-09 1.1316E-09 1.1582E-09 1.1832E-09 1.2065E-09 1.2279E-09 1.2469E-09 1.2642E-09 1.2799E-09 1.2935E-09 1.3051E-09 1.3150E-09 1.3225E-09 1.3283E-09 1.3318E-09 1.3332E-09 1.3327E-09 1.3298E-09 1.3252E-09 1.3182E-09 1.3093E-09 1.2990E-09 1.2866E-09
5.1822E-11 6.3937E-11 8.5797E-11 1.1870E-10 1.5336E-10 1.7955E-10 2.7622E-10 6.0996E-10 1.4888E-09 3.5768E-09 7.8737E-09 1.5036E-08 2.5042E-08 3.6081E-08 4.4700E-08 4.8983E-08 4.8625E-08 4.6357E-08 4.1455E-08 3.0650E-08 1.5432E-08 4.3488E-09 9.1665E-10 6.3073E-10 6.6319E-10 6.9632E-10 7.3079E-10 7.6582E-10 7.9954E-10 8.3199E-10 8.6374E-10 8.9458E-10 9.2449E-10 9.5329E-10 9.8071E-10 1.0065E-09 1.0308E-09 1.0532E-09 1.0743E-09 1.0943E-09 1.1123E-09 1.1293E-09 1.1440E-09 1.1572E-09 1.1687E-09 1.1781E-09 1.1858E-09 1.1916E-09 1.1955E-09 1.1978E-09 1.1977E-09 1.1961E-09 1.1925E-09 1.1872E-09 1.1806E-09 1.1725E-09 1.1625E-09
3.7012E-11 4.5244E-11 5.4036E-11 6.2969E-11 7.4111E-11 9.1312E-11 1.1930E-10 2.4632E-10 6.8836E-10 2.0093E-09 4.8902E-09 1.0673E-08 2.0355E-08 3.2992E-08 4.5885E-08 5.3852E-08 5.3567E-08 4.9255E-08 4.4106E-08 3.6304E-08 1.9744E-08 5.2655E-09 8.3823E-10 5.5182E-10 5.8032E-10 6.1057E-10 6.4021E-10 6.7036E-10 7.0189E-10 7.3282E-10 7.6189E-10 7.8979E-10 8.1690E-10 8.4238E-10 8.6678E-10 8.9020E-10 9.1259E-10 9.3364E-10 9.5372E-10 9.7221E-10 9.8951E-10 1.0053E-09 1.0192E-09 1.0321E-09 1.0425E-09 1.0517E-09 1.0594E-09 1.0651E-09 1.0696E-09 1.0720E-09 1.0727E-09 1.0728E-09 1.0710E-09 1.0676E-09 1.0624E-09 1.0556E-09 1.0472E-09
2.5835E-11 2.9302E-11 3.7013E-11 4.5264E-11 5.4158E-11 6.5173E-11 7.8461E-11 1.1392E-10 3.0577E-10 8.8902E-10 2.4510E-09 6.3505E-09 1.3697E-08 2.6069E-08 4.3229E-08 5.9051E-08 6.5003E-08 5.8602E-08 4.8766E-08 4.1300E-08 2.5705E-08 7.0007E-09 7.6476E-10 4.7885E-10 5.0632E-10 5.3307E-10 5.5961E-10 5.8669E-10 6.1273E-10 6.3990E-10 6.6714E-10 6.9217E-10 7.1667E-10 7.4009E-10 7.6277E-10 7.8461E-10 8.0522E-10 8.2524E-10 8.4376E-10 8.6096E-10 8.7705E-10 8.9145E-10 9.0480E-10 9.1639E-10 9.2647E-10 9.3582E-10 9.4296E-10 9.4904E-10 9.5424E-10 9.5803E-10 9.6003E-10 9.6053E-10 9.5943E-10 9.5683E-10 9.5283E-10 9.4749E-10 9.4074E-10
1.9476E-11 2.2816E-11 2.5237E-11 3.1657E-11 3.8492E-11 4.6127E-11 5.7250E-11 6.8397E-11 1.4721E-10 3.6273E-10 1.0498E-09 2.7350E-09 6.7887E-09 1.5716E-08 3.1370E-08 5.4714E-08 7.8318E-08 8.1506E-08 6.2390E-08 4.7243E-08 3.4480E-08 1.0185E-08 7.2443E-10 4.1486E-10 4.3879E-10 4.6232E-10 4.8690E-10 5.1060E-10 5.3426E-10 5.5819E-10 5.8087E-10 6.0347E-10 6.2608E-10 6.4768E-10 6.6873E-10 6.8898E-10 7.0831E-10 7.2641E-10 7.4335E-10 7.5957E-10 7.7424E-10 7.8764E-10 8.0011E-10 8.1107E-10 8.2142E-10 8.3072E-10 8.3863E-10 8.4511E-10 8.5005E-10 8.5388E-10 8.5598E-10 8.5687E-10 8.5652E-10 8.5500E-10 8.5216E-10 8.4802E-10 8.4263E-10
