Assets/Resources/2015_m01_d21_2200(utc+0800)_l00_csi_1hr_conc.grd
DSAA
         159         159
     -79.000      79.000
     -79.000      79.000
  0.0000E+00  0.8117E-05
[rows 50 to 74 of 159, columns 57 to 113 of 159]
0.0000E+00 0.0000E+00 0.0000E+00 0.0000E+00 0.0000E+00 0.0000E+00 0.0000E+00 0.0000E+00 0.0000E+00 0.0000E+00 0.0000E+00 0.0000E+00 0.0000E+00 0.0000E+00 0.0000E+00 0.0000E+00 0.0000E+00 0.0000E+00 0.0000E+00 0.0000E+00 0.0000E+00 0.0000E+00 0.0000E+00 0.0000E+00 0.0000E+00 0.0000E+00 2.9934E-11 1.5660E-10 4.0039E-10 8.2700E-10 1.5173E-09 2.5540E-09 3.9794E-09 5.8284E-09 8.0802E-09 1.0643E-08 1.3357E-08 1.6014E-08 1.8405E-08 2.0340E-08 2.1689E-08 2.2378E-08 2.2406E-08 2.1835E-08 2.0764E-08 1.9304E-08 1.7565E-08 1.5672E-08 1.3720E-08 1.1793E-08 9.9686E-09 8.2820E-09 6.7672E-09 5.4539E-09 4.3327E-09 3.3966E-09 2.6340E-09
0.0000E+00 0.0000E+00 0.0000E+00 0.0000E+00 0.0000E+00 0.0000E+00 0.0000E+00 0.0000E+00 0.0000E+00 0.0000E+00 0.0000E+00 0.0000E+00 0.0000E+00 0.0000E+00 0.0000E+00 0.0000E+00 0.0000E+00 0.0000E+00 0.0000E+00 0.0000E+00 0.0000E+00 0.0000E+00 0.0000E+00 0.0000E+00 0.0000E+00 1.6004E-12 4.5791E-11 1.9380E-10 4.7143E-10 9.5342E-10 1.7309E-09 2.8771E-09 4.4284E-09 6.4260E-09 8.8159E-09 1.1477E-08 1.4235E-08 1.6882E-08 1.9195E-08 2.0996E-08 2.2160E-08 2.2648E-08 2.2481E-08 2.1726E-08 2.0489E-08 1.8896E-08 1.7065E-08 1.5100E-08 1.3117E-08 1.1184E-08 9.3567E-09 7.6901E-09 6.2113E-09 4.9384E-09 3.8723E-09 2.9890E-09 2.2785E-09
0.0000E+00 0.0000E+00 0.0000E+00 0.0000E+00 0.0000E+00 0.0000E+00 0.0000E+00 0.0000E+00 0.0000E+00 0.0000E+00 0.0000E+00 0.0000E+00 0.0000E+00 0.0000E+00 0.0000E+00 0.0000E+00 0.0000E+00 0.0000E+00 0.0000E+00 0.0000E+00 0.0000E+00 0.0000E+00 0.0000E+00 0.0000E+00 0.0000E+00 2.3649E-12 6.2321E-11 2.3150E-10 5.4493E-10 1.0879E-09 1.9491E-09 3.2035E-09 4.8975E-09 7.0414E-09 9.5580E-09 1.2308E-08 1.5092E-08 1.7681E-08 1.9869E-08 2.1492E-08 2.2449E-08 2.2716E-08 2.2337E-08 2.1403E-08 2.0021E-08 1.8319E-08 1.6416E-08 1.4418E-08 1.2416E-08 1.0492E-08 8.6890E-09 7.0653E-09 5.6527E-09 4.4381E-09 3.4279E-09 2.6102E-09 1.9555E-09
0.0000E+00 0.0000E+00 0.0000E+00 0.0000E+00 0.0000E+00 0.0000E+00 0.0000E+00 0.0000E+00 0.0000E+00 0.0000E+00 0.0000E+00 0.0000E+00 0.0000E+00 0.0000E+00 0.0000E+00 0.0000E+00 0.0000E+00 0.0000E+00 0.0000E+00 0.0000E+00 0.0000E+00 0.0000E+00 0.0000E+00 0.0000E+00 0.0000E+00 3.7685E-12 7.5147E-11 2.6549E-10 6.1715E-10 1.2222E-09 2.1822E-09 3.5531E-09 5.3776E-09 7.6598E-09 1.0305E-08 1.3127E-08 1.5906E-08 1.8413E-08 2.0448E-08 2.1856E-08 2.2575E-08 2.2611E-08 2.2027E-08 2.0915E-08 1.9404E-08 1.7609E-08 1.5652E-08 1.3639E-08 1.1648E-08 9.7511E-09 8.0011E-09 6.4417E-09 5.0907E-09 3.9490E-09 3.0101E-09 2.2573E-09 1.6628E-09
0.0000E+00 0.0000E+00 0.0000E+00 0.0000E+00 0.0000E+00 0.0000E+00 0.0000E+00 0.0000E+00 0.0000E+00 0.0000E+00 0.0000E+00 0.0000E+00 0.0000E+00 0.0000E+00 0.0000E+00 0.0000E+00 0.0000E+00 0.0000E+00 0.0000E+00 0.0000E+00 0.0000E+00 0.0000E+00 0.0000E+00 0.0000E+00 0.0000E+00 6.1609E-12 9.2843E-11 3.0249E-10 6.9388E-10 1.3663E-09 2.4137E-09 3.9040E-09 5.8705E-09 8.2877E-09 1.1026E-08 1.3902E-08 1.6665E-08 1.9071E-08 2.0928E-08 2.2115E-08 2.2591E-08 2.2392E-08 2.1596E-08 2.0318E-08 1.8681E-08 1.6817E-08 1.4829E-08 1.2811E-08 1.0846E-08 8.9891E-09 7.3070E-09 5.8270E-09 4.5528E-09 3.4905E-09 2.6248E-09 1.9349E-09 1.4025E-09
0.0000E+00 0.0000E+00 0.0000E+00 0.0000E+00 0.0000E+00 0.0000E+00 0.0000E+00 0.0000E+00 0.0000E+00 0.0000E+00 0.0000E+00 0.0000E+00 0.0000E+00 0.0000E+00 0.0000E+00 0.0000E+00 0.0000E+00 0.0000E+00 0.0000E+00 0.0000E+00 0.0000E+00 0.0000E+00 0.0000E+00 0.0000E+00 0.0000E+00 8.6177E-12 1.0700E-10 3.3955E-10 7.7834E-10 1.5179E-09 2.6710E-09 4.2873E-09 6.3916E-09 8.9335E-09 1.1766E-08 1.4658E-08 1.7358E-08 1.9639E-08 2.1304E-08 2.2261E-08 2.2499E-08 2.2071E-08 2.1077E-08 1.9648E-08 1.7906E-08 1.5974E-08 1.3963E-08 1.1957E-08 1.0027E-08 8.2427E-09 6.6368E-09 5.2346E-09 4.0478E-09 3.0633E-09 2.2686E-09 1.6504E-09 1.1752E-09
0.0000E+00 0.0000E+00 0.0000E+00 0.0000E+00 0.0000E+00 0.0000E+00 0.0000E+00 0.0000E+00 0.0000E+00 0.0000E+00 0.0000E+00 0.0000E+00 0.0000E+00 0.0000E+00 0.0000E+00 0.0000E+00 0.0000E+00 0.0000E+00 0.0000E+00 0.0000E+00 0.0000E+00 0.0000E+00 0.0000E+00 0.0000E+00 0.0000E+00 1.0760E-11 1.2047E-10 3.7470E-10 8.6051E-10 1.6806E-09 2.9348E-09 4.6778E-09 6.9258E-09 9.6004E-09 1.2515E-08 1.5412E-08 1.8036E-08 2.0143E-08 2.1591E-08 2.2309E-08 2.2307E-08 2.1662E-08 2.0489E-08 1.8919E-08 1.7093E-08 1.5113E-08 1.3091E-08 1.1110E-08 9.2257E-09 7.5120E-09 5.9919E-09 4.6716E-09 3.5737E-09 2.6733E-09 1.9530E-09 1.4002E-09 9.7734E-10
0.0000E+00 0.0000E+00 0.0000E+00 0.0000E+00 0.0000E+00 0.0000E+00 0.0000E+00 0.0000E+00 0.0000E+00 0.0000E+00 0.0000E+00 0.0000E+00 0.0000E+00 0.0000E+00 0.0000E+00 0.0000E+00 0.0000E+00 0.0000E+00 0.0000E+00 0.0000E+00 0.0000E+00 0.0000E+00 0.0000E+00 0.0000E+00 0.0000E+00 8.5878E-12 1.3319E-10 4.1587E-10 9.4672E-10 1.8484E-09 3.2268E-09 5.1157E-09 7.5001E-09 1.0276E-08 1.3227E-08 1.6102E-08 1.8618E-08 2.0557E-08 2.1785E-08 2.2256E-08 2.2020E-08 2.1178E-08 1.9851E-08 1.8170E-08 1.6261E-08 1.4251E-08 1.2225E-08 1.0269E-08 8.4520E-09 6.8086E-09 5.3738E-09 4.1522E-09 3.1349E-09 2.3140E-09 1.6677E-09 1.1760E-09 8.0867E-10
0.0000E+00 0.0000E+00 0.0000E+00 0.0000E+00 0.0000E+00 0.0000E+00 0.0000E+00 0.0000E+00 0.0000E+00 0.0000E+00 0.0000E+00 0.0000E+00 0.0000E+00 0.0000E+00 0.0000E+00 0.0000E+00 0.0000E+00 0.0000E+00 0.0000E+00 0.0000E+00 0.0000E+00 0.0000E+00 0.0000E+00 0.0000E+00 0.0000E+00 1.1104E-11 1.4872E-10 4.5664E-10 1.0412E-09 2.0344E-09 3.5463E-09 5.5847E-09 8.1189E-09 1.1003E-08 1.4004E-08 1.6812E-08 1.9168E-08 2.0877E-08 2.1840E-08 2.2067E-08 2.1606E-08 2.0577E-08 1.9110E-08 1.7350E-08 1.5405E-08 1.3384E-08 1.1380E-08 9.4587E-09 7.6988E-09 6.1362E-09 4.7884E-09 3.6568E-09 2.7291E-09 1.9899E-09 1.4162E-09 9.8088E-10 6.6145E-10
0.0000E+00 0.0000E+00 0.0000E+00 0.0000E+00 0.0000E+00 0.0000E+00 0.0000E+00 0.0000E+00 0.0000E+00 0.0000E+00 0.0000E+00 0.0000E+00 0.0000E+00 0.0000E+00 0.0000E+00 0.0000E+00 0.0000E+00 0.0000E+00 0.0000E+00 0.0000E+00 0.0000E+00 0.0000E+00 0.0000E+00 0.0000E+00 0.0000E+00 1.6877E-11 1.6681E-10 5.0574E-10 1.1528E-09 2.2410E-09 3.8887E-09 6.1020E-09 8.8171E-09 1.1826E-08 1.4839E-08 1.7565E-08 1.9747E-08 2.1202E-08 2.1896E-08 2.1837E-08 2.1140E-08 1.9927E-08 1.8326E-08 1.6472E-08 1.4490E-08 1.2475E-08 1.0507E-08 8.6563E-09 6.9775E-09 5.5053E-09 4.2379E-09 3.1927E-09 2.3539E-09 1.6920E-09 1.1839E-09 8.1111E-10 5.3679E-10
0.0000E+00 0.0000E+00 0.0000E+00 0.0000E+00 0.0000E+00 0.0000E+00 0.0000E+00 0.0000E+00 0.0000E+00 0.0000E+00 0.0000E+00 0.0000E+00 0.0000E+00 0.0000E+00 0.0000E+00 0.0000E+00 0.0000E+00 0.0000E+00 0.0000E+00 0.0000E+00 0.0000E+00 0.0000E+00 0.0000E+00 0.0000E+00 0.0000E+00 2.6218E-11 1.9350E-10 5.6716E-10 1.2753E-09 2.4759E-09 4.2945E-09 6.6977E-09 9.5896E-09 1.2714E-08 1.5749E-08 1.8375E-08 2.0346E-08 2.1547E-08 2.1947E-08 2.1617E-08 2.0683E-08 1.9281E-08 1.7558E-08 1.5625E-08 1.3602E-08 1.1578E-08 9.6406E-09 7.8552E-09 6.2638E-09 4.8829E-09 3.7188E-09 2.7678E-09 2.0106E-09 1.4210E-09 9.8108E-10 6.5822E-10 4.2536E-10
0.0000E+00 0.0000E+00 0.0000E+00 0.0000E+00 0.0000E+00 0.0000E+00 0.0000E+00 0.0000E+00 0.0000E+00 0.0000E+00 0.0000E+00 0.0000E+00 0.0000E+00 0.0000E+00 0.0000E+00 0.0000E+00 0.0000E+00 0.0000E+00 0.0000E+00 0.0000E+00 0.0000E+00 0.0000E+00 0.0000E+00 0.0000E+00 0.0000E+00 3.5533E-11 2.1990E-10 6.3310E-10 1.4332E-09 2.7745E-09 4.7686E-09 7.3670E-09 1.0427E-08 1.3662E-08 1.6696E-08 1.9196E-08 2.0945E-08 2.1859E-08 2.1970E-08 2.1381E-08 2.0226E-08 1.8657E-08 1.6803E-08 1.4799E-08 1.2745E-08 1.0725E-08 8.8237E-09 7.1033E-09 5.5900E-09 4.2960E-09 3.2307E-09 2.3716E-09 1.6926E-09 1.1811E-09 8.0087E-10 5.2521E-10 3.3255E-10
0.0000E+00 0.0000E+00 0.0000E+00 0.0000E+00 0.0000E+00 0.0000E+00 0.0000E+00 0.0000E+00 0.0000E+00 0.0000E+00 0.0000E+00 0.0000E+00 0.0000E+00 0.0000E+00 0.0000E+00 0.0000E+00 0.0000E+00 0.0000E+00 0.0000E+00 0.0000E+00 0.0000E+00 0.0000E+00 0.0000E+00 0.0000E+00 0.0000E+00 4.7002E-11 2.5011E-10 7.1995E-10 1.6158E-09 3.1159E-09 5.3215E-09 8.1529E-09 1.1393E-08 1.4690E-08 1.7659E-08 1.9996E-08 2.1499E-08 2.2131E-08 2.1954E-08 2.1109E-08 1.9753E-08 1.8021E-08 1.6062E-08 1.3992E-08 1.1898E-08 9.8946E-09 8.0446E-09 6.3901E-09 4.9618E-09 3.7574E-09 2.7819E-09 2.0100E-09 1.4147E-09 9.7041E-10 6.4479E-10 4.1400E-10 2.5755E-10
0.0000E+00 0.0000E+00 0.0000E+00 0.0000E+00 0.0000E+00 0.0000E+00 0.0000E+00 0.0000E+00 0.0000E+00 0.0000E+00 0.0000E+00 0.0000E+00 0.0000E+00 0.0000E+00 0.0000E+00 0.0000E+00 0.0000E+00 0.0000E+00 0.0000E+00 0.0000E+00 0.0000E+00 0.0000E+00 0.0000E+00 0.0000E+00 0.0000E+00 5.8812E-11 2.9288E-10 8.1994E-10 1.8448E-09 3.5468E-09 5.9895E-09 9.0498E-09 1.2450E-08 1.5792E-08 1.8679E-08 2.0803E-08 2.2017E-08 2.2342E-08 2.1887E-08 2.0804E-08 1.9253E-08 1.7384E-08 1.5319E-08 1.3185E-08 1.1077E-08 9.0894E-09 7.2944E-09 5.7125E-09 4.3654E-09 3.2615E-09 2.3730E-09 1.6834E-09 1.1651E-09 7.8244E-10 5.1191E-10 3.2361E-10 1.9317E-10
0.0000E+00 0.0000E+00 0.0000E+00 0.0000E+00 0.0000E+00 0.0000E+00 0.0000E+00 0.0000E+00 0.0000E+00 0.0000E+00 0.0000E+00 0.0000E+00 0.0000E+00 0.0000E+00 0.0000E+00 0.0000E+00 0.0000E+00 0.0000E+00 0.0000E+00 0.0000E+00 0.0000E+00 0.0000E+00 0.0000E+00 0.0000E+00 0.0000E+00 7.5502E-11 3.4608E-10 9.6357E-10 2.1386E-09 4.0588E-09 6.7675E-09 1.0087E-08 1.3661E-08 1.7032E-08 1.9764E-08 2.1621E-08 2.2521E-08 2.2526E-08 2.1782E-08 2.0469E-08 1.8732E-08 1.6726E-08 1.4577E-08 1.2383E-08 1.0272E-08 8.3170E-09 6.5702E-09 5.0624E-09 3.8048E-09 2.7944E-09 1.9978E-09 1.3900E-09 9.4621E-10 6.2139E-10 3.9635E-10 2.4431E-10 1.4031E-10
0.0000E+00 0.0000E+00 0.0000E+00 0.0000E+00 0.0000E+00 0.0000E+00 0.0000E+00 0.0000E+00 0.0000E+00 0.0000E+00 0.0000E+00 0.0000E+00 0.0000E+00 0.0000E+00 0.0000E+00 0.0000E+00 0.0000E+00 0.0000E+00 0.0000E+00 0.0000E+00 0.0000E+00 0.0000E+00 0.0000E+00 0.0000E+00 0.0000E+00 9.9856E-11 4.2130E-10 1.1366E-09 2.4821E-09 4.6678E-09 7.6975E-09 1.1299E-08 1.5026E-08 1.8351E-08 2.0895E-08 2.2440E-08 2.2990E-08 2.2671E-08 2.1655E-08 2.0120E-08 1.8212E-08 1.6078E-08 1.3829E-08 1.1592E-08 9.4819E-09 7.5621E-09 5.8715E-09 4.4478E-09 3.2832E-09 2.3601E-09 1.6571E-09 1.1304E-09 7.5022E-10 4.8283E-10 3.0078E-10 1.7796E-10 9.6887E-11
0.0000E+00 0.0000E+00 0.0000E+00 0.0000E+00 0.0000E+00 0.0000E+00 0.0000E+00 0.0000E+00 0.0000E+00 0.0000E+00 0.0000E+00 0.0000E+00 0.0000E+00 0.0000E+00 0.0000E+00 0.0000E+00 0.0000E+00 0.0000E+00 0.0000E+00 0.0000E+00 0.0000E+00 0.0000E+00 0.0000E+00 0.0000E+00 0.0000E+00 1.1884E-10 4.9533E-10 1.3301E-09 2.8987E-09 5.3822E-09 8.7325E-09 1.2606E-08 1.6440E-08 1.9695E-08 2.1989E-08 2.3207E-08 2.3413E-08 2.2775E-08 2.1491E-08 1.9741E-08 1.7669E-08 1.5399E-08 1.3080E-08 1.0819E-08 8.7156E-09 6.8305E-09 5.2083E-09 3.8709E-09 2.7994E-09 1.9671E-09 1.3521E-09 9.0022E-10 5.8154E-10 3.6523E-10 2.1793E-10 1.2223E-10 6.2473E-11
0.0000E+00 0.0000E+00 0.0000E+00 0.0000E+00 0.0000E+00 0.0000E+00 0.0000E+00 0.0000E+00 0.0000E+00 0.0000E+00 0.0000E+00 0.0000E+00 0.0000E+00 0.0000E+00 0.0000E+00 0.0000E+00 0.0000E+00 0.0000E+00 0.0000E+00 0.0000E+00 0.0000E+00 0.0000E+00 0.0000E+00 0.0000E+00 8.4095E-13 1.4407E-10 5.6918E-10 1.5367E-09 3.3410E-09 6.1619E-09 9.8370E-09 1.3928E-08 1.7830E-08 2.0951E-08 2.2963E-08 2.3827E-08 2.3688E-08 2.2761E-08 2.1245E-08 1.9306E-08 1.7090E-08 1.4708E-08 1.2324E-08 1.0046E-08 7.9518E-09 6.1210E-09 4.5829E-09 3.3309E-09 2.3553E-09 1.6210E-09 1.0809E-09 6.9949E-10 4.4078E-10 2.6508E-10 1.4912E-10 7.9629E-11 3.5349E-11
0.0000E+00 0.0000E+00 0.0000E+00 0.0000E+00 0.0000E+00 0.0000E+00 0.0000E+00 0.0000E+00 0.0000E+00 0.0000E+00 0.0000E+00 0.0000E+00 0.0000E+00 0.0000E+00 0.0000E+00 0.0000E+00 0.0000E+00 0.0000E+00 0.0000E+00 0.0000E+00 0.0000E+00 0.0000E+00 0.0000E+00 0.0000E+00 8.1044E-12 1.4615E-10 6.2973E-10 1.7514E-09 3.8368E-09 7.0404E-09 1.1124E-08 1.5442E-08 1.9282E-08 2.2135E-08 2.3779E-08 2.4265E-08 2.3804E-08 2.2620E-08 2.0896E-08 1.8789E-08 1.6433E-08 1.3978E-08 1.1546E-08 9.2640E-09 7.2085E-09 5.4416E-09 3.9871E-09 2.8283E-09 1.9533E-09 1.3100E-09 8.4786E-10 5.3518E-10 3.2359E-10 1.8299E-10 9.8890E-11 4.7312E-11 1.3392E-11
0.0000E+00 0.0000E+00 0.0000E+00 0.0000E+00 0.0000E+00 0.0000E+00 0.0000E+00 0.0000E+00 0.0000E+00 0.0000E+00 0.0000E+00 0.0000E+00 0.0000E+00 0.0000E+00 0.0000E+00 0.0000E+00 0.0000E+00 0.0000E+00 0.0000E+00 0.0000E+00 0.0000E+00 0.0000E+00 0.0000E+00 0.0000E+00 1.5007E-11 1.4130E-10 6.6384E-10 1.9354E-09 4.3579E-09 8.0330E-09 1.2539E-08 1.7073E-08 2.0851E-08 2.3389E-08 2.4635E-08 2.4749E-08 2.3952E-08 2.2491E-08 2.0545E-08 1.8248E-08 1.5742E-08 1.3203E-08 1.0743E-08 8.4697E-09 6.4711E-09 4.7837E-09 3.4329E-09 2.3820E-09 1.5976E-09 1.0399E-09 6.5411E-10 3.9517E-10 2.2713E-10 1.2278E-10 6.0319E-11 2.1121E-11 1.2007E-12
0.0000E+00 0.0000E+00 0.0000E+00 0.0000E+00 0.0000E+00 0.0000E+00 0.0000E+00 0.0000E+00 0.0000E+00 0.0000E+00 0.0000E+00 0.0000E+00 0.0000E+00 0.0000E+00 0.0000E+00 0.0000E+00 0.0000E+00 0.0000E+00 0.0000E+00 0.0000E+00 0.0000E+00 0.0000E+00 0.0000E+00 0.0000E+00 1.2483E-11 1.3246E-10 6.8150E-10 2.1378E-09 5.0158E-09 9.3320E-09 1.4376E-08 1.9071E-08 2.2606E-08 2.4716E-08 2.5482E-08 2.5179E-08 2.4083E-08 2.2384E-08 2.0221E-08 1.7743E-08 1.5101E-08 1.2456E-08 9.9437E-09 7.6821E-09 5.7496E-09 4.1565E-09 2.9109E-09 1.9731E-09 1.2861E-09 8.1292E-10 4.9449E-10 2.8384E-10 1.5673E-10 7.7576E-11 2.9323E-11 5.8622E-12 0.0000E+00
0.0000E+00 0.0000E+00 0.0000E+00 0.0000E+00 0.0000E+00 0.0000E+00 0.0000E+00 0.0000E+00 0.0000E+00 0.0000E+00 0.0000E+00 0.0000E+00 0.0000E+00 0.0000E+00 0.0000E+00 0.0000E+00 0.0000E+00 0.0000E+00 0.0000E+00 0.0000E+00 0.0000E+00 0.0000E+00 0.0000E+00 0.0000E+00 8.2415E-12 9.9380E-11 6.5335E-10 2.3141E-09 5.7548E-09 1.0923E-08 1.6712E-08 2.1638E-08 2.4867E-08 2.6386E-08 2.6589E-08 2.5842E-08 2.4387E-08 2.2384E-08 1.9948E-08 1.7243E-08 1.4427E-08 1.1681E-08 9.1464E-09 6.9098E-09 5.0502E-09 3.5627E-09 2.4277E-09 1.6049E-09 1.0178E-09 6.2131E-10 3.6387E-10 1.9874E-10 1.0261E-10 4.2135E-11 1.1430E-11 0.0000E+00 0.0000E+00
0.0000E+00 0.0000E+00 0.0000E+00 0.0000E+00 0.0000E+00 0.0000E+00 0.0000E+00 0.0000E+00 0.0000E+00 0.0000E+00 0.0000E+00 0.0000E+00 0.0000E+00 0.0000E+00 0.0000E+00 0.0000E+00 0.0000E+00 0.0000E+00 0.0000E+00 0.0000E+00 0.0000E+00 0.0000E+00 0.0000E+00 0.0000E+00 7.4290E-12 7.1027E-11 6.0303E-10 2.4705E-09 6.7169E-09 1.3078E-08 1.9633E-08 2.4519E-08 2.7181E-08 2.8063E-08 2.7745E-08 2.6594E-08 2.4809E-08 2.2509E-08 1.9785E-08 1.6824E-08 1.3812E-08 1.0922E-08 8.3369E-09 6.1375E-09 4.3626E-09 2.9977E-09 1.9840E-09 1.2696E-09 7.8344E-10 4.6148E-10 2.5911E-10 1.3298E-10 6.0496E-11 2.0320E-11 1.8871E-12 0.0000E+00 0.0000E+00
0.0000E+00 0.0000E+00 0.0000E+00 0.0000E+00 0.0000E+00 0.0000E+00 0.0000E+00 0.0000E+00 0.0000E+00 0.0000E+00 0.0000E+00 0.0000E+00 0.0000E+00 0.0000E+00 0.0000E+00 0.0000E+00 0.0000E+00 0.0000E+00 0.0000E+00 0.0000E+00 0.0000E+00 0.0000E+00 0.0000E+00 0.0000E+00 2.3911E-12 5.0403E-11 4.7822E-10 2.5520E-09 7.7673E-09 1.5560E-08 2.2998E-08 2.7705E-08 2.9637E-08 2.9801E-08 2.8953E-08 2.7426E-08 2.5298E-08 2.2655E-08 1.9604E-08 1.6347E-08 1.3116E-08 1.0114E-08 7.5099E-09 5.3696E-09 3.6964E-09 2.4666E-09 1.5813E-09 9.7601E-10 5.8268E-10 3.2740E-10 1.7423E-10 8.3865E-11 3.2974E-11 6.7631E-12 0.0000E+00 0.0000E+00 0.0000E+00
0.0000E+00 0.0000E+00 0.0000E+00 0.0000E+00 0.0000E+00 0.0000E+00 0.0000E+00 0.0000E+00 0.0000E+00 0.0000E+00 0.0000E+00 0.0000E+00 0.0000E+00 0.0000E+00 0.0000E+00 0.0000E+00 0.0000E+00 0.0000E+00 0.0000E+00 0.0000E+00 0.0000E+00 0.0000E+00 0.0000E+00 0.0000E+00 0.0000E+00 2.3659E-11 3.3510E-10 2.6492E-09 9.5474E-09 1.9388E-08 2.6963E-08 3.0582E-08 3.1523E-08 3.1118E-08 2.9972E-08 2.8204E-08 2.5809E-08 2.2834E-08 1.9437E-08 1.5849E-08 1.2373E-08 9.2471E-09 6.6284E-09 4.5745E-09 3.0400E-09 1.9524E-09 1.2105E-09 7.1980E-10 4.1222E-10 2.2038E-10 1.1131E-10 4.7294E-11 1.3778E-11 0.0000E+00 0.0000E+00 0.0000E+00 0.0000E+00
