Assets/Resources/2015_m01_d08_1900(utc+0800)_l00_csi_1hr_conc.grd
DSAA
         159         159
     -79.000      79.000
     -79.000      79.000
  0.2059E-09  0.3204E-04
[rows 25 to 49 of 159, columns 0 to 56 of 159]
9.2269E-10 9.4875E-10 9.7557E-10 1.0029E-09 1.0308E-09 1.0599E-09 1.0887E-09 1.1180E-09 1.1476E-09 1.1777E-09 1.2080E-09 1.2387E-09 1.2716E-09 1.3032E-09 1.3459E-09 1.3818E-09 1.4155E-09 1.4533E-09 1.5022E-09 1.5461E-09 1.5855E-09 1.6420E-09 1.6887E-09 1.7322E-09 1.7771E-09 1.8426E-09 1.9052E-09 1.9612E-09 2.0416E-09 2.1088E-09 2.1855E-09 2.2484E-09 2.3442E-09 2.4239E-09 2.4784E-09 2.5326E-09 2.5866E-09 2.6403E-09 2.6936E-09 2.7464E-09 2.7986E-09 2.8502E-09 2.9011E-09 2.9508E-09 2.9996E-09 3.0476E-09 3.0946E-09 3.1406E-09 3.1854E-09 3.2292E-09 3.2719E-09 3.3133E-09 3.3533E-09 3.3921E-09 3.4298E-09 3.4663E-09 3.5016E-09
9.2774E-10 9.5369E-10 9.8017E-10 1.0075E-09 1.0355E-09 1.0640E-09 1.0939E-09 1.1234E-09 1.1533E-09 1.1836E-09 1.2143E-09 1.2453E-09 1.2767E-09 1.3104E-09 1.3555E-09 1.3892E-09 1.4259E-09 1.4748E-09 1.5182E-09 1.5549E-09 1.6131E-09 1.6597E-09 1.6991E-09 1.7472E-09 1.8131E-09 1.8606E-09 1.9241E-09 1.9993E-09 2.0659E-09 2.1332E-09 2.2145E-09 2.3084E-09 2.3812E-09 2.4431E-09 2.4989E-09 2.5546E-09 2.6100E-09 2.6651E-09 2.7199E-09 2.7742E-09 2.8279E-09 2.8810E-09 2.9335E-09 2.9851E-09 3.0358E-09 3.0853E-09 3.1337E-09 3.1812E-09 3.2276E-09 3.2728E-09 3.3168E-09 3.3597E-09 3.4013E-09 3.4415E-09 3.4803E-09 3.5179E-09 3.6070E-09
9.3276E-10 9.5881E-10 9.8538E-10 1.0125E-09 1.0402E-09 1.0688E-09 1.0989E-09 1.1286E-09 1.1587E-09 1.1893E-09 1.2203E-09 1.2516E-09 1.2833E-09 1.3256E-09 1.3624E-09 1.3989E-09 1.4456E-09 1.4874E-09 1.5263E-09 1.5698E-09 1.6259E-09 1.6692E-09 1.7172E-09 1.7817E-09 1.8296E-09 1.8871E-09 1.9657E-09 2.0313E-09 2.0975E-09 2.1660E-09 2.2530E-09 2.3369E-09 2.4047E-09 2.4619E-09 2.5192E-09 2.5762E-09 2.6331E-09 2.6898E-09 2.7460E-09 2.8018E-09 2.8571E-09 2.9118E-09 2.9658E-09 3.0190E-09 3.0715E-09 3.1230E-09 3.1732E-09 3.2222E-09 3.2701E-09 3.3168E-09 3.3624E-09 3.4066E-09 3.4496E-09 3.4912E-09 3.5836E-09 3.6239E-09 3.6629E-09
9.3783E-10 9.6389E-10 9.9053E-10 1.0178E-09 1.0455E-09 1.0738E-09 1.1028E-09 1.1336E-09 1.1640E-09 1.1948E-09 1.2261E-09 1.2577E-09 1.2978E-09 1.3332E-09 1.3690E-09 1.4058E-09 1.4579E-09 1.4948E-09 1.5377E-09 1.5909E-09 1.6377E-09 1.6823E-09 1.7433E-09 1.7966E-09 1.8538E-09 1.9164E-09 1.9917E-09 2.0557E-09 2.1277E-09 2.2131E-09 2.2843E-09 2.3630E-09 2.4216E-09 2.4802E-09 2.5389E-09 2.5975E-09 2.6559E-09 2.7141E-09 2.7719E-09 2.8304E-09 2.8889E-09 2.9455E-09 3.0016E-09 3.0568E-09 3.1112E-09 3.1649E-09 3.2175E-09 3.2691E-09 3.3191E-09 3.3679E-09 3.4154E-09 3.4616E-09 3.5066E-09 3.6030E-09 3.6475E-09 3.6905E-09 3.7594E-09
9.4302E-10 9.6907E-10 9.9569E-10 1.0230E-09 1.0508E-09 1.0792E-09 1.1082E-09 1.1377E-09 1.1690E-09 1.2000E-09 1.2316E-09 1.2635E-09 1.3054E-09 1.3392E-09 1.3754E-09 1.4229E-09 1.4644E-09 1.5068E-09 1.5565E-09 1.6048E-09 1.6494E-09 1.6942E-09 1.7609E-09 1.8185E-09 1.8749E-09 1.9455E-09 2.0056E-09 2.0870E-09 2.1647E-09 2.2409E-09 2.3184E-09 2.3781E-09 2.4380E-09 2.4981E-09 2.5582E-09 2.6183E-09 2.6783E-09 2.7380E-09 2.7997E-09 2.8594E-09 2.9183E-09 2.9767E-09 3.0344E-09 3.0915E-09 3.1477E-09 3.2031E-09 3.2575E-09 3.3109E-09 3.3632E-09 3.4141E-09 3.4634E-09 3.5643E-09 3.6134E-09 3.6610E-09 3.7378E-09 3.7885E-09 3.8365E-09
9.4837E-10 9.7439E-10 1.0010E-09 1.0283E-09 1.0561E-09 1.0846E-09 1.1136E-09 1.1432E-09 1.1743E-09 1.2052E-09 1.2368E-09 1.2756E-09 1.3108E-09 1.3467E-09 1.3907E-09 1.4332E-09 1.4706E-09 1.5232E-09 1.5687E-09 1.6096E-09 1.6596E-09 1.7205E-09 1.7694E-09 1.8363E-09 1.8985E-09 1.9651E-09 2.0441E-09 2.1053E-09 2.1919E-09 2.2629E-09 2.3315E-09 2.3925E-09 2.4538E-09 2.5153E-09 2.5769E-09 2.6386E-09 2.7007E-09 2.7643E-09 2.8258E-09 2.8869E-09 2.9476E-09 3.0101E-09 3.0704E-09 3.1296E-09 3.1881E-09 3.2458E-09 3.3025E-09 3.3582E-09 3.4132E-09 3.4681E-09 3.5738E-09 3.6322E-09 3.6911E-09 3.7747E-09 3.8272E-09 3.9039E-09 4.0093E-09
9.5374E-10 9.7985E-10 1.0065E-09 1.0337E-09 1.0615E-09 1.0899E-09 1.1190E-09 1.1487E-09 1.1789E-09 1.2107E-09 1.2478E-09 1.2820E-09 1.3159E-09 1.3520E-09 1.3998E-09 1.4367E-09 1.4806E-09 1.5288E-09 1.5746E-09 1.6217E-09 1.6804E-09 1.7312E-09 1.7918E-09 1.8533E-09 1.9194E-09 1.9941E-09 2.0602E-09 2.1353E-09 2.2056E-09 2.2823E-09 2.3441E-09 2.4063E-09 2.4690E-09 2.5319E-09 2.5950E-09 2.6596E-09 2.7243E-09 2.7878E-09 2.8511E-09 2.9152E-09 2.9795E-09 3.0421E-09 3.1039E-09 3.1652E-09 3.2257E-09 3.2853E-09 3.3446E-09 3.4040E-09 3.4628E-09 3.5818E-09 3.6474E-09 3.7337E-09 3.7902E-09 3.8452E-09 3.9835E-09 4.0374E-09 4.0893E-09
9.5891E-10 9.8520E-10 1.0120E-09 1.0393E-09 1.0670E-09 1.0954E-09 1.1245E-09 1.1541E-09 1.1844E-09 1.2162E-09 1.2531E-09 1.2873E-09 1.3224E-09 1.3646E-09 1.4045E-09 1.4454E-09 1.4919E-09 1.5388E-09 1.5828E-09 1.6388E-09 1.6897E-09 1.7471E-09 1.8030E-09 1.8676E-09 1.9262E-09 2.0110E-09 2.0864E-09 2.1555E-09 2.2305E-09 2.2929E-09 2.3559E-09 2.4194E-09 2.4835E-09 2.5479E-09 2.6145E-09 2.6802E-09 2.7455E-09 2.8108E-09 2.8780E-09 2.9438E-09 3.0102E-09 3.0766E-09 3.1410E-09 3.2049E-09 3.2681E-09 3.3324E-09 3.3965E-09 3.4698E-09 3.5920E-09 3.6555E-09 3.7449E-09 3.8069E-09 3.8956E-09 4.0130E-09 4.0738E-09 4.1436E-09 4.2300E-09
9.6387E-10 9.9034E-10 1.0173E-09 1.0448E-09 1.0727E-09 1.1011E-09 1.1301E-09 1.1597E-09 1.1904E-09 1.2261E-09 1.2594E-09 1.2925E-09 1.3340E-09 1.3726E-09 1.4091E-09 1.4569E-09 1.5005E-09 1.5434E-09 1.5898E-09 1.6465E-09 1.7034E-09 1.7579E-09 1.8226E-09 1.8785E-09 1.9519E-09 2.0202E-09 2.1004E-09 2.1704E-09 2.2392E-09 2.3027E-09 2.3670E-09 2.4318E-09 2.4973E-09 2.5655E-09 2.6323E-09 2.6991E-09 2.7662E-09 2.8360E-09 2.9034E-09 2.9733E-09 3.0413E-09 3.1085E-09 3.1753E-09 3.2430E-09 3.3102E-09 3.3883E-09 3.4631E-09 3.5810E-09 3.6494E-09 3.7446E-09 3.8120E-09 3.9631E-09 4.0308E-09 4.0978E-09 4.2100E-09 4.2792E-09 4.3449E-09
9.6861E-10 9.9525E-10 1.0224E-09 1.0500E-09 1.0781E-09 1.1067E-09 1.1358E-09 1.1654E-09 1.1966E-09 1.2274E-09 1.2647E-09 1.2988E-09 1.3402E-09 1.3772E-09 1.4167E-09 1.4610E-09 1.5044E-09 1.5495E-09 1.6061E-09 1.6536E-09 1.7108E-09 1.7659E-09 1.8313E-09 1.8984E-09 1.9602E-09 2.0319E-09 2.1041E-09 2.1817E-09 2.2463E-09 2.3116E-09 2.3773E-09 2.4435E-09 2.5128E-09 2.5806E-09 2.6488E-09 2.7174E-09 2.7890E-09 2.8590E-09 2.9310E-09 3.0010E-09 3.0707E-09 3.1405E-09 3.2147E-09 3.2920E-09 3.3763E-09 3.4955E-09 3.5697E-09 3.6435E-09 3.7446E-09 3.8189E-09 3.9778E-09 4.0610E-09 4.1534E-09 4.2608E-09 4.3325E-09 4.4325E-09 4.5142E-09
9.7314E-10 9.9995E-10 1.0272E-09 1.0550E-09 1.0833E-09 1.1121E-09 1.1414E-09 1.1712E-09 1.2024E-09 1.2332E-09 1.2690E-09 1.3090E-09 1.3460E-09 1.3818E-09 1.4265E-09 1.4684E-09 1.5104E-09 1.5613E-09 1.6096E-09 1.6643E-09 1.7177E-09 1.7779E-09 1.8424E-09 1.9066E-09 1.9759E-09 2.0420E-09 2.1163E-09 2.1823E-09 2.2515E-09 2.3182E-09 2.3859E-09 2.4567E-09 2.5254E-09 2.5948E-09 2.6646E-09 2.7378E-09 2.8103E-09 2.8835E-09 2.9557E-09 3.0278E-09 3.1023E-09 3.1782E-09 3.2678E-09 3.3483E-09 3.4687E-09 3.5478E-09 3.6268E-09 3.7333E-09 3.8447E-09 3.9931E-09 4.0824E-09 4.2051E-09 4.2855E-09 4.3666E-09 4.4883E-09 4.5647E-09 4.6376E-09
9.7745E-10 1.0044E-09 1.0319E-09 1.0598E-09 1.0883E-09 1.1173E-09 1.1467E-09 1.1776E-09 1.2081E-09 1.2391E-09 1.2706E-09 1.3142E-09 1.3498E-09 1.3877E-09 1.4320E-09 1.4722E-09 1.5155E-09 1.5666E-09 1.6189E-09 1.6725E-09 1.7284E-09 1.7806E-09 1.8414E-09 1.9074E-09 1.9817E-09 2.0478E-09 2.1157E-09 2.1835E-09 2.2557E-09 2.3234E-09 2.3945E-09 2.4652E-09 2.5364E-09 2.6080E-09 2.6824E-09 2.7571E-09 2.8314E-09 2.9055E-09 2.9798E-09 3.0587E-09 3.1387E-09 3.2337E-09 3.3135E-09 3.4359E-09 3.5191E-09 3.6289E-09 3.7178E-09 3.8448E-09 3.9942E-09 4.0849E-09 4.2157E-09 4.3074E-09 4.4265E-09 4.5249E-09 4.6095E-09 4.7167E-09 4.7963E-09
9.8153E-10 1.0086E-09 1.0363E-09 1.0644E-09 1.0930E-09 1.1221E-09 1.1518E-09 1.1829E-09 1.2136E-09 1.2448E-09 1.2764E-09 1.3173E-09 1.3538E-09 1.3924E-09 1.4372E-09 1.4776E-09 1.5270E-09 1.5716E-09 1.6237E-09 1.6749E-09 1.7304E-09 1.7889E-09 1.8474E-09 1.9153E-09 1.9796E-09 2.0479E-09 2.1142E-09 2.1824E-09 2.2552E-09 2.3287E-09 2.4003E-09 2.4720E-09 2.5448E-09 2.6215E-09 2.6989E-09 2.7749E-09 2.8506E-09 2.9268E-09 3.0092E-09 3.0949E-09 3.1898E-09 3.2728E-09 3.3570E-09 3.4846E-09 3.5983E-09 3.7038E-09 3.8310E-09 3.9798E-09 4.0892E-09 4.2198E-09 4.3190E-09 4.4591E-09 4.5557E-09 4.6496E-09 4.7667E-09 4.8587E-09 4.9488E-09
9.8537E-10 1.0126E-09 1.0404E-09 1.0687E-09 1.0974E-09 1.1267E-09 1.1575E-09 1.1878E-09 1.2187E-09 1.2501E-09 1.2819E-09 1.3143E-09 1.3587E-09 1.3962E-09 1.4348E-09 1.4825E-09 1.5318E-09 1.5793E-09 1.6283E-09 1.6792E-09 1.7391E-09 1.7937E-09 1.8547E-09 1.9125E-09 1.9783E-09 2.0489E-09 2.1156E-09 2.1844E-09 2.2550E-09 2.3332E-09 2.4048E-09 2.4776E-09 2.5545E-09 2.6330E-09 2.7109E-09 2.7896E-09 2.8687E-09 2.9535E-09 3.0456E-09 3.1394E-09 3.2261E-09 3.3131E-09 3.4435E-09 3.5660E-09 3.6782E-09 3.8039E-09 3.9568E-09 4.0752E-09 4.2124E-09 4.3201E-09 4.4704E-09 4.5768E-09 4.7082E-09 4.8155E-09 4.9215E-09 5.0369E-09 5.1482E-09
9.8898E-10 1.0164E-09 1.0443E-09 1.0727E-09 1.1016E-09 1.1311E-09 1.1620E-09 1.1925E-09 1.2236E-09 1.2551E-09 1.2871E-09 1.3196E-09 1.3526E-09 1.3988E-09 1.4373E-09 1.4804E-09 1.5348E-09 1.5836E-09 1.6323E-09 1.6810E-09 1.7385E-09 1.7973E-09 1.8532E-09 1.9131E-09 1.9706E-09 2.0389E-09 2.1123E-09 2.1815E-09 2.2554E-09 2.3305E-09 2.4080E-09 2.4847E-09 2.5630E-09 2.6415E-09 2.7210E-09 2.8017E-09 2.8895E-09 2.9871E-09 3.0829E-09 3.1729E-09 3.2638E-09 3.3943E-09 3.5084E-09 3.6387E-09 3.7681E-09 3.9249E-09 4.0512E-09 4.1944E-09 4.3110E-09 4.4705E-09 4.5898E-09 4.7357E-09 4.8579E-09 4.9902E-09 5.1185E-09 5.2543E-09 5.3739E-09
9.9235E-10 1.0199E-09 1.0479E-09 1.0765E-09 1.1055E-09 1.1356E-09 1.1662E-09 1.1969E-09 1.2281E-09 1.2598E-09 1.2920E-09 1.3247E-09 1.3578E-09 1.4010E-09 1.4405E-09 1.4812E-09 1.5392E-09 1.5861E-09 1.6343E-09 1.6876E-09 1.7424E-09 1.8001E-09 1.8538E-09 1.9132E-09 1.9708E-09 2.0388E-09 2.1120E-09 2.1800E-09 2.2523E-09 2.3307E-09 2.4082E-09 2.4896E-09 2.5691E-09 2.6487E-09 2.7300E-09 2.8186E-09 2.9165E-09 3.0159E-09 3.1101E-09 3.2066E-09 3.3379E-09 3.4611E-09 3.5902E-09 3.7238E-09 3.8833E-09 4.0169E-09 4.1664E-09 4.3028E-09 4.4609E-09 4.6049E-09 4.7544E-09 4.8901E-09 5.0342E-09 5.2008E-09 5.3259E-09 5.4999E-09 5.6227E-09
9.9548E-10 1.0231E-09 1.0513E-09 1.0800E-09 1.1092E-09 1.1399E-09 1.1702E-09 1.2010E-09 1.2323E-09 1.2642E-09 1.2965E-09 1.3294E-09 1.3627E-09 1.3965E-09 1.4436E-09 1.4830E-09 1.5237E-09 1.5899E-09 1.6344E-09 1.6903E-09 1.7455E-09 1.7967E-09 1.8541E-09 1.9093E-09 1.9707E-09 2.0300E-09 2.1005E-09 2.1795E-09 2.2523E-09 2.3273E-09 2.4076E-09 2.4940E-09 2.5735E-09 2.6547E-09 2.7438E-09 2.8376E-09 2.9428E-09 3.0381E-09 3.1382E-09 3.2706E-09 3.4001E-09 3.5322E-09 3.6698E-09 3.8323E-09 3.9718E-09 4.1266E-09 4.2717E-09 4.4401E-09 4.5978E-09 4.7612E-09 4.9200E-09 5.1034E-09 5.2462E-09 5.4277E-09 5.5868E-09 5.7510E-09 5.8881E-09
9.9836E-10 1.0261E-09 1.0544E-09 1.0832E-09 1.1125E-09 1.1434E-09 1.1738E-09 1.2048E-09 1.2363E-09 1.2683E-09 1.3007E-09 1.3337E-09 1.3672E-09 1.4012E-09 1.4357E-09 1.4845E-09 1.5250E-09 1.5748E-09 1.6405E-09 1.6896E-09 1.7424E-09 1.7973E-09 1.8501E-09 1.9093E-09 1.9662E-09 2.0297E-09 2.0995E-09 2.1671E-09 2.2469E-09 2.3253E-09 2.4071E-09 2.4918E-09 2.5766E-09 2.6654E-09 2.7530E-09 2.8647E-09 2.9609E-09 3.0630E-09 3.1937E-09 3.3258E-09 3.4601E-09 3.6013E-09 3.7689E-09 3.9150E-09 4.0752E-09 4.2297E-09 4.4055E-09 4.5912E-09 4.7510E-09 4.9477E-09 5.1199E-09 5.3190E-09 5.4987E-09 5.6646E-09 5.8493E-09 6.0217E-09 6.1967E-09
1.0010E-09 1.0289E-09 1.0573E-09 1.0862E-09 1.1161E-09 1.1466E-09 1.1772E-09 1.2083E-09 1.2399E-09 1.2720E-09 1.3046E-09 1.3378E-09 1.3714E-09 1.4056E-09 1.4402E-09 1.4857E-09 1.5284E-09 1.5700E-09 1.6358E-09 1.6905E-09 1.7431E-09 1.7935E-09 1.8503E-09 1.9091E-09 1.9659E-09 2.0291E-09 2.0903E-09 2.1678E-09 2.2454E-09 2.3269E-09 2.4068E-09 2.4898E-09 2.5785E-09 2.6715E-09 2.7824E-09 2.8788E-09 2.9820E-09 3.0872E-09 3.2441E-09 3.3791E-09 3.5038E-09 3.6896E-09 3.8401E-09 4.0078E-09 4.1726E-09 4.3585E-09 4.5543E-09 4.7499E-09 4.9339E-09 5.1479E-09 5.3421E-09 5.5430E-09 5.7513E-09 5.9485E-09 6.1507E-09 6.3252E-09 6.5370E-09
1.0034E-09 1.0313E-09 1.0598E-09 1.0889E-09 1.1194E-09 1.1496E-09 1.1802E-09 1.2115E-09 1.2432E-09 1.2754E-09 1.3082E-09 1.3415E-09 1.3753E-09 1.4095E-09 1.4443E-09 1.4795E-09 1.5292E-09 1.5706E-09 1.6157E-09 1.6910E-09 1.7392E-09 1.7936E-09 1.8501E-09 1.9044E-09 1.9653E-09 2.0239E-09 2.0892E-09 2.1593E-09 2.2356E-09 2.3220E-09 2.4017E-09 2.4856E-09 2.5800E-09 2.6961E-09 2.7926E-09 2.8958E-09 3.0010E-09 3.1555E-09 3.2902E-09 3.4169E-09 3.5994E-09 3.7534E-09 3.9247E-09 4.0957E-09 4.2904E-09 4.4973E-09 4.7055E-09 4.9289E-09 5.1348E-09 5.3483E-09 5.5916E-09 5.7981E-09 6.0382E-09 6.2405E-09 6.4821E-09 6.6832E-09 6.8764E-09
1.0055E-09 1.0335E-09 1.0621E-09 1.0913E-09 1.1219E-09 1.1522E-09 1.1830E-09 1.2143E-09 1.2462E-09 1.2785E-09 1.3114E-09 1.3448E-09 1.3787E-09 1.4131E-09 1.4480E-09 1.4834E-09 1.5193E-09 1.5720E-09 1.6183E-09 1.6774E-09 1.7391E-09 1.7931E-09 1.8450E-09 1.9035E-09 1.9641E-09 2.0228E-09 2.0832E-09 2.1584E-09 2.2343E-09 2.3121E-09 2.3967E-09 2.4879E-09 2.5791E-09 2.6979E-09 2.8040E-09 2.9105E-09 3.0610E-09 3.1832E-09 3.3223E-09 3.4730E-09 3.6565E-09 3.8294E-09 4.0061E-09 4.2046E-09 4.4438E-09 4.6606E-09 4.8760E-09 5.1116E-09 5.3484E-09 5.5974E-09 5.8222E-09 6.0844E-09 6.3354E-09 6.5835E-09 6.8123E-09 7.0573E-09 7.2700E-09
1.0073E-09 1.0355E-09 1.0642E-09 1.0939E-09 1.1242E-09 1.1545E-09 1.1854E-09 1.2169E-09 1.2488E-09 1.2813E-09 1.3143E-09 1.3478E-09 1.3818E-09 1.4164E-09 1.4514E-09 1.4869E-09 1.5229E-09 1.5731E-09 1.6182E-09 1.6620E-09 1.7297E-09 1.7880E-09 1.8439E-09 1.9020E-09 1.9581E-09 2.0209E-09 2.0843E-09 2.1571E-09 2.2236E-09 2.3114E-09 2.4003E-09 2.4885E-09 2.6018E-09 2.7019E-09 2.8126E-09 2.9460E-09 3.0827E-09 3.2210E-09 3.3702E-09 3.5441E-09 3.7231E-09 3.9035E-09 4.1040E-09 4.3399E-09 4.5737E-09 4.8010E-09 5.0481E-09 5.3050E-09 5.5722E-09 5.8542E-09 6.1077E-09 6.3845E-09 6.6621E-09 6.9412E-09 7.1927E-09 7.4633E-09 7.7018E-09
1.0089E-09 1.0372E-09 1.0659E-09 1.0962E-09 1.1261E-09 1.1566E-09 1.1876E-09 1.2191E-09 1.2511E-09 1.2837E-09 1.3168E-09 1.3504E-09 1.3846E-09 1.4192E-09 1.4543E-09 1.4900E-09 1.5261E-09 1.5652E-09 1.6177E-09 1.6612E-09 1.7119E-09 1.7868E-09 1.8377E-09 1.8956E-09 1.9558E-09 2.0138E-09 2.0819E-09 2.1504E-09 2.2218E-09 2.3020E-09 2.3904E-09 2.5063E-09 2.6025E-09 2.7092E-09 2.8240E-09 2.9773E-09 3.1119E-09 3.2480E-09 3.4297E-09 3.5935E-09 3.7817E-09 4.0148E-09 4.2298E-09 4.4712E-09 4.7052E-09 4.9633E-09 5.2358E-09 5.5155E-09 5.8190E-09 6.1159E-09 6.4158E-09 6.7074E-09 7.0178E-09 7.3014E-09 7.6065E-09 7.8834E-09 8.1938E-09
1.0103E-09 1.0386E-09 1.0674E-09 1.0978E-09 1.1278E-09 1.1583E-09 1.1894E-09 1.2210E-09 1.2531E-09 1.2858E-09 1.3190E-09 1.3527E-09 1.3869E-09 1.4217E-09 1.4569E-09 1.4927E-09 1.5312E-09 1.5681E-09 1.6112E-09 1.6601E-09 1.7075E-09 1.7762E-09 1.8358E-09 1.8931E-09 1.9483E-09 2.0135E-09 2.0786E-09 2.1477E-09 2.2190E-09 2.3042E-09 2.3912E-09 2.4994E-09 2.6077E-09 2.7147E-09 2.8637E-09 2.9902E-09 3.1346E-09 3.2884E-09 3.4690E-09 3.6560E-09 3.8879E-09 4.1295E-09 4.3518E-09 4.5908E-09 4.8576E-09 5.1627E-09 5.4320E-09 5.7543E-09 6.0695E-09 6.3954E-09 6.7107E-09 7.0525E-09 7.3966E-09 7.7174E-09 8.0687E-09 8.3901E-09 8.6939E-09
1.0113E-09 1.0397E-09 1.0691E-09 1.0990E-09 1.1291E-09 1.1597E-09 1.1909E-09 1.2225E-09 1.2548E-09 1.2875E-09 1.3208E-09 1.3546E-09 1.3889E-09 1.4238E-09 1.4591E-09 1.4949E-09 1.5337E-09 1.5707E-09 1.6082E-09 1.6600E-09 1.7058E-09 1.7517E-09 1.8333E-09 1.8857E-09 1.9451E-09 2.0098E-09 2.0699E-09 2.1441E-09 2.2152E-09 2.3038E-09 2.4012E-09 2.5048E-09 2.6141E-09 2.7488E-09 2.8775E-09 3.0161E-09 3.1672E-09 3.3409E-09 3.5214E-09 3.7346E-09 3.9878E-09 4.2143E-09 4.4583E-09 4.7311E-09 5.0417E-09 5.3467E-09 5.6813E-09 5.9914E-09 6.3389E-09 6.7025E-09 7.0462E-09 7.4234E-09 7.8049E-09 8.1794E-09 8.5410E-09 8.8931E-09 9.2339E-09
