Assets/Resources/2015_m01_d10_0200(utc+0800)_l00_csi_1hr_conc.grd
DSAA
         159         159
     -79.000      79.000
     -79.000      79.000
  0.1938E-08  0.1069E-04
[rows 25 to 49 of 159, columns 0 to 56 of 159]
3.8762E-09 4.0116E-09 4.1418E-09 4.2767E-09 4.4166E-09 4.5614E-09 4.7237E-09 4.8805E-09 5.0429E-09 5.2107E-09 5.3977E-09 5.5788E-09 5.7658E-09 5.9739E-09 6.1751E-09 6.3977E-09 6.6138E-09 6.8517E-09 7.0832E-09 7.3367E-09 7.5842E-09 7.8539E-09 8.1316E-09 8.4177E-09 8.7181E-09 9.0253E-09 9.3287E-09 9.6401E-09 9.9595E-09 1.0356E-08 1.0702E-08 1.1057E-08 1.1421E-08 1.1794E-08 1.2175E-08 1.2564E-08 1.2962E-08 1.3367E-08 1.3779E-08 1.4198E-08 1.4732E-08 1.5182E-08 1.5712E-08 1.6277E-08 1.6778E-08 1.7289E-08 1.7808E-08 1.8490E-08 1.9056E-08 1.9633E-08 2.0221E-08 2.0818E-08 2.1424E-08 2.2039E-08 2.2674E-08 2.3300E-08 2.3928E-08
3.9589E-09 4.0988E-09 4.2332E-09 4.3725E-09 4.5169E-09 4.6665E-09 4.8344E-09 4.9965E-09 5.1643E-09 5.3379E-09 5.5316E-09 5.7190E-09 5.9264E-09 6.1283E-09 6.3367E-09 6.5676E-09 6.7915E-09 7.0384E-09 7.2785E-09 7.5419E-09 7.7987E-09 8.0918E-09 8.3679E-09 8.6819E-09 8.9913E-09 9.2985E-09 9.6142E-09 9.9385E-09 1.0271E-08 1.0686E-08 1.1047E-08 1.1417E-08 1.1798E-08 1.2187E-08 1.2586E-08 1.2993E-08 1.3409E-08 1.3833E-08 1.4265E-08 1.4807E-08 1.5272E-08 1.5812E-08 1.6390E-08 1.6909E-08 1.7439E-08 1.7981E-08 1.8679E-08 1.9270E-08 1.9876E-08 2.0494E-08 2.1124E-08 2.1767E-08 2.2419E-08 2.3096E-08 2.3770E-08 2.4449E-08 2.5132E-08
4.0530E-09 4.1866E-09 4.3251E-09 4.4689E-09 4.6179E-09 4.7722E-09 4.9458E-09 5.1133E-09 5.2866E-09 5.4658E-09 5.6663E-09 5.8600E-09 6.0747E-09 6.2835E-09 6.5137E-09 6.7384E-09 6.9702E-09 7.2262E-09 7.4749E-09 7.7482E-09 8.0144E-09 8.3191E-09 8.6181E-09 8.9323E-09 9.2539E-09 9.5731E-09 9.9013E-09 1.0239E-08 1.0651E-08 1.1017E-08 1.1394E-08 1.1780E-08 1.2177E-08 1.2583E-08 1.2999E-08 1.3425E-08 1.3859E-08 1.4303E-08 1.4755E-08 1.5327E-08 1.5877E-08 1.6464E-08 1.6999E-08 1.7547E-08 1.8107E-08 1.8819E-08 1.9433E-08 2.0062E-08 2.0708E-08 2.1368E-08 2.2044E-08 2.2733E-08 2.3449E-08 2.4165E-08 2.4891E-08 2.5626E-08 2.6384E-08
4.1371E-09 4.2747E-09 4.4175E-09 4.5657E-09 4.7193E-09 4.8910E-09 5.0577E-09 5.2305E-09 5.4093E-09 5.6082E-09 5.8016E-09 6.0016E-09 6.2237E-09 6.4394E-09 6.6776E-09 6.9099E-09 7.1651E-09 7.4146E-09 7.6876E-09 7.9552E-09 8.2588E-09 8.5471E-09 8.8732E-09 9.1957E-09 9.5174E-09 9.8486E-09 1.0189E-08 1.0539E-08 1.0970E-08 1.1350E-08 1.1742E-08 1.2144E-08 1.2557E-08 1.2980E-08 1.3413E-08 1.3857E-08 1.4311E-08 1.4773E-08 1.5350E-08 1.5906E-08 1.6501E-08 1.7049E-08 1.7612E-08 1.8189E-08 1.8780E-08 1.9543E-08 2.0194E-08 2.0863E-08 2.1550E-08 2.2254E-08 2.2976E-08 2.3713E-08 2.4483E-08 2.5253E-08 2.6035E-08 2.6844E-08 2.7649E-08
4.2215E-09 4.3631E-09 4.5102E-09 4.6628E-09 4.8210E-09 4.9981E-09 5.1700E-09 5.3481E-09 5.5324E-09 5.7377E-09 5.9372E-09 6.1575E-09 6.3730E-09 6.5957E-09 6.8418E-09 7.0816E-09 7.3455E-09 7.6034E-09 7.8858E-09 8.1624E-09 8.4772E-09 8.7754E-09 9.1135E-09 9.4478E-09 9.7810E-09 1.0124E-08 1.0477E-08 1.0841E-08 1.1288E-08 1.1683E-08 1.2090E-08 1.2508E-08 1.2937E-08 1.3377E-08 1.3828E-08 1.4290E-08 1.4762E-08 1.5244E-08 1.5901E-08 1.6501E-08 1.7060E-08 1.7636E-08 1.8226E-08 1.8833E-08 1.9602E-08 2.0271E-08 2.0960E-08 2.1669E-08 2.2398E-08 2.3148E-08 2.3916E-08 2.4721E-08 2.5530E-08 2.6355E-08 2.7213E-08 2.8070E-08 2.8936E-08
4.3060E-09 4.4517E-09 4.6031E-09 4.7601E-09 4.9230E-09 5.1054E-09 5.2824E-09 5.4658E-09 5.6557E-09 5.8674E-09 6.0730E-09 6.3002E-09 6.5223E-09 6.7665E-09 7.0060E-09 7.2534E-09 7.5260E-09 7.7921E-09 8.0840E-09 8.3847E-09 8.6953E-09 9.0314E-09 9.3537E-09 9.6995E-09 1.0044E-08 1.0399E-08 1.0765E-08 1.1208E-08 1.1606E-08 1.2015E-08 1.2437E-08 1.2870E-08 1.3316E-08 1.3772E-08 1.4241E-08 1.4721E-08 1.5211E-08 1.5863E-08 1.6465E-08 1.7034E-08 1.7619E-08 1.8221E-08 1.8840E-08 1.9611E-08 2.0294E-08 2.1000E-08 2.1727E-08 2.2478E-08 2.3250E-08 2.4046E-08 2.4879E-08 2.5722E-08 2.6585E-08 2.7485E-08 2.8390E-08 2.9310E-08 3.0260E-08
4.3906E-09 4.5404E-09 4.6959E-09 4.8574E-09 5.0372E-09 5.2127E-09 5.3948E-09 5.5834E-09 5.7925E-09 5.9969E-09 6.2086E-09 6.4428E-09 6.6715E-09 6.9232E-09 7.1699E-09 7.4403E-09 7.7060E-09 7.9960E-09 8.2815E-09 8.6044E-09 8.9127E-09 9.2602E-09 9.5929E-09 9.9503E-09 1.0306E-08 1.0674E-08 1.1051E-08 1.1510E-08 1.1922E-08 1.2346E-08 1.2782E-08 1.3231E-08 1.3692E-08 1.4166E-08 1.4652E-08 1.5149E-08 1.5699E-08 1.6396E-08 1.6971E-08 1.7564E-08 1.8175E-08 1.8804E-08 1.9451E-08 2.0267E-08 2.0985E-08 2.1727E-08 2.2494E-08 2.3285E-08 2.4102E-08 2.4959E-08 2.5830E-08 2.6725E-08 2.7661E-08 2.8607E-08 2.9574E-08 3.0577E-08 3.1583E-08
4.4751E-09 4.6289E-09 4.7887E-09 4.9546E-09 5.1394E-09 5.3198E-09 5.5069E-09 5.7008E-09 5.9160E-09 6.1262E-09 6.3438E-09 6.5849E-09 6.8202E-09 7.0793E-09 7.3332E-09 7.6117E-09 7.8852E-09 8.1841E-09 8.4781E-09 8.8112E-09 9.1289E-09 9.4876E-09 9.8434E-09 1.0200E-08 1.0567E-08 1.0946E-08 1.1336E-08 1.1810E-08 1.2236E-08 1.2674E-08 1.3125E-08 1.3589E-08 1.4066E-08 1.4556E-08 1.5058E-08 1.5573E-08 1.6295E-08 1.6875E-08 1.7473E-08 1.8090E-08 1.8726E-08 1.9381E-08 2.0192E-08 2.0919E-08 2.1671E-08 2.2450E-08 2.3256E-08 2.4089E-08 2.4950E-08 2.5857E-08 2.6778E-08 2.7742E-08 2.8722E-08 2.9729E-08 3.0776E-08 3.1834E-08 3.2911E-08
4.5593E-09 4.7172E-09 4.8812E-09 5.0514E-09 5.2413E-09 5.4265E-09 5.6186E-09 5.8178E-09 6.0389E-09 6.2548E-09 6.4926E-09 6.7262E-09 6.9680E-09 7.2345E-09 7.4956E-09 7.7820E-09 8.0633E-09 8.3708E-09 8.6733E-09 9.0165E-09 9.3558E-09 9.7132E-09 1.0080E-08 1.0447E-08 1.0825E-08 1.1215E-08 1.1682E-08 1.2107E-08 1.2546E-08 1.2998E-08 1.3463E-08 1.3942E-08 1.4435E-08 1.4941E-08 1.5460E-08 1.6073E-08 1.6746E-08 1.7347E-08 1.7968E-08 1.8608E-08 1.9269E-08 1.9951E-08 2.0804E-08 2.1563E-08 2.2349E-08 2.3165E-08 2.4010E-08 2.4884E-08 2.5806E-08 2.6746E-08 2.7718E-08 2.8739E-08 2.9777E-08 3.0845E-08 3.1961E-08 3.3088E-08 3.4238E-08
4.6433E-09 4.8051E-09 4.9733E-09 5.1479E-09 5.3427E-09 5.5327E-09 5.7298E-09 5.9341E-09 6.1611E-09 6.3826E-09 6.6268E-09 6.8666E-09 7.1295E-09 7.3886E-09 7.6715E-09 7.9509E-09 8.2550E-09 8.5559E-09 8.8943E-09 9.2197E-09 9.5846E-09 9.9364E-09 1.0313E-08 1.0691E-08 1.1080E-08 1.1481E-08 1.1963E-08 1.2400E-08 1.2852E-08 1.3317E-08 1.3797E-08 1.4290E-08 1.4798E-08 1.5320E-08 1.5926E-08 1.6490E-08 1.7190E-08 1.7812E-08 1.8454E-08 1.9118E-08 1.9803E-08 2.0644E-08 2.1406E-08 2.2196E-08 2.3017E-08 2.3868E-08 2.4752E-08 2.5667E-08 2.6635E-08 2.7623E-08 2.8662E-08 2.9724E-08 3.0820E-08 3.1968E-08 3.3135E-08 3.4332E-08 3.5576E-08
4.7267E-09 4.8925E-09 5.0648E-09 5.2559E-09 5.4434E-09 5.6381E-09 5.8401E-09 6.0631E-09 6.2822E-09 6.5094E-09 6.7598E-09 7.0057E-09 7.2753E-09 7.5411E-09 7.8313E-09 8.1180E-09 8.4301E-09 8.7388E-09 9.0864E-09 9.4204E-09 9.7953E-09 1.0157E-08 1.0544E-08 1.0931E-08 1.1331E-08 1.1744E-08 1.2239E-08 1.2689E-08 1.3153E-08 1.3631E-08 1.4124E-08 1.4632E-08 1.5154E-08 1.5752E-08 1.6317E-08 1.7004E-08 1.7625E-08 1.8267E-08 1.8931E-08 1.9617E-08 2.0326E-08 2.1204E-08 2.1995E-08 2.2816E-08 2.3670E-08 2.4557E-08 2.5478E-08 2.6451E-08 2.7448E-08 2.8483E-08 2.9575E-08 3.0690E-08 3.1862E-08 3.3058E-08 3.4291E-08 3.5577E-08 3.6882E-08
4.8095E-09 4.9792E-09 5.1555E-09 5.3512E-09 5.5432E-09 5.7425E-09 5.9493E-09 6.1778E-09 6.4022E-09 6.6348E-09 6.8914E-09 7.1433E-09 7.4195E-09 7.6917E-09 7.9892E-09 8.2829E-09 8.6028E-09 8.9191E-09 9.2757E-09 9.6181E-09 1.0003E-08 1.0385E-08 1.0770E-08 1.1168E-08 1.1578E-08 1.2001E-08 1.2509E-08 1.2971E-08 1.3447E-08 1.3939E-08 1.4445E-08 1.4966E-08 1.5555E-08 1.6119E-08 1.6699E-08 1.7409E-08 1.8049E-08 1.8711E-08 1.9395E-08 2.0103E-08 2.0835E-08 2.1749E-08 2.2568E-08 2.3420E-08 2.4306E-08 2.5228E-08 2.6186E-08 2.7200E-08 2.8240E-08 2.9338E-08 3.0465E-08 3.1633E-08 3.2865E-08 3.4122E-08 3.5439E-08 3.6782E-08 3.8162E-08
4.8915E-09 5.0651E-09 5.2454E-09 5.4456E-09 5.6419E-09 5.8458E-09 6.0574E-09 6.2911E-09 6.5207E-09 6.7587E-09 7.0213E-09 7.2789E-09 7.5617E-09 7.8402E-09 8.1447E-09 8.4452E-09 8.7728E-09 9.0965E-09 9.4618E-09 9.8243E-09 1.0206E-08 1.0598E-08 1.0992E-08 1.1399E-08 1.1820E-08 1.2253E-08 1.2774E-08 1.3247E-08 1.3735E-08 1.4239E-08 1.4757E-08 1.5336E-08 1.5897E-08 1.6475E-08 1.7071E-08 1.7803E-08 1.8461E-08 1.9142E-08 1.9846E-08 2.0575E-08 2.1464E-08 2.2277E-08 2.3124E-08 2.4005E-08 2.4922E-08 2.5876E-08 2.6886E-08 2.7925E-08 2.9006E-08 3.0151E-08 3.1326E-08 3.2565E-08 3.3837E-08 3.5155E-08 3.6540E-08 3.7953E-08 3.9425E-08
4.9727E-09 5.1500E-09 5.3343E-09 5.5388E-09 5.7395E-09 5.9478E-09 6.1640E-09 6.4029E-09 6.6376E-09 6.8949E-09 7.1491E-09 7.4125E-09 7.7015E-09 7.9862E-09 8.2975E-09 8.6046E-09 8.9395E-09 9.2976E-09 9.6441E-09 1.0031E-08 1.0406E-08 1.0806E-08 1.1209E-08 1.1626E-08 1.2055E-08 1.2563E-08 1.3032E-08 1.3516E-08 1.4015E-08 1.4530E-08 1.5081E-08 1.5654E-08 1.6228E-08 1.6820E-08 1.7431E-08 1.8184E-08 1.8859E-08 1.9557E-08 2.0280E-08 2.1029E-08 2.1949E-08 2.2786E-08 2.3658E-08 2.4567E-08 2.5514E-08 2.6500E-08 2.7545E-08 2.8621E-08 2.9759E-08 3.0932E-08 3.2154E-08 3.3446E-08 3.4772E-08 3.6168E-08 3.7600E-08 3.9081E-08 4.0631E-08
5.0528E-09 5.2338E-09 5.4219E-09 5.6307E-09 5.8356E-09 6.0483E-09 6.2690E-09 6.5129E-09 6.7525E-09 7.0152E-09 7.2748E-09 7.5437E-09 7.8388E-09 8.1294E-09 8.4472E-09 8.7760E-09 9.1027E-09 9.4685E-09 9.8223E-09 1.0217E-08 1.0600E-08 1.1009E-08 1.1421E-08 1.1846E-08 1.2285E-08 1.2804E-08 1.3282E-08 1.3776E-08 1.4286E-08 1.4812E-08 1.5376E-08 1.5962E-08 1.6548E-08 1.7153E-08 1.7884E-08 1.8551E-08 1.9242E-08 1.9957E-08 2.0697E-08 2.1464E-08 2.2413E-08 2.3273E-08 2.4170E-08 2.5104E-08 2.6079E-08 2.7095E-08 2.8174E-08 2.9285E-08 3.0463E-08 3.1676E-08 3.2961E-08 3.4285E-08 3.5680E-08 3.7118E-08 3.8612E-08 4.0179E-08 4.1785E-08
5.1317E-09 5.3163E-09 5.5082E-09 5.7211E-09 5.9301E-09 6.1470E-09 6.3722E-09 6.6209E-09 6.8653E-09 7.1332E-09 7.3980E-09 7.6868E-09 7.9731E-09 8.2844E-09 8.5935E-09 8.9288E-09 9.2620E-09 9.6351E-09 9.9959E-09 1.0399E-08 1.0789E-08 1.1207E-08 1.1626E-08 1.2059E-08 1.2507E-08 1.3036E-08 1.3524E-08 1.4028E-08 1.4548E-08 1.5084E-08 1.5659E-08 1.6257E-08 1.6856E-08 1.7473E-08 1.8221E-08 1.8902E-08 1.9608E-08 2.0338E-08 2.1095E-08 2.1879E-08 2.2855E-08 2.3736E-08 2.4655E-08 2.5614E-08 2.6614E-08 2.7674E-08 2.8769E-08 2.9912E-08 3.1127E-08 3.2379E-08 3.3707E-08 3.5076E-08 3.6523E-08 3.8015E-08 3.9585E-08 4.1202E-08 4.2877E-08
5.2093E-09 5.3975E-09 5.6050E-09 5.8099E-09 6.0229E-09 6.2439E-09 6.4867E-09 6.7267E-09 6.9757E-09 7.2487E-09 7.5184E-09 7.8125E-09 8.1042E-09 8.4213E-09 8.7361E-09 9.0777E-09 9.4170E-09 9.7970E-09 1.0164E-08 1.0575E-08 1.0972E-08 1.1397E-08 1.1825E-08 1.2266E-08 1.2721E-08 1.3260E-08 1.3757E-08 1.4270E-08 1.4799E-08 1.5345E-08 1.5931E-08 1.6540E-08 1.7149E-08 1.7778E-08 1.8542E-08 1.9236E-08 1.9955E-08 2.0700E-08 2.1472E-08 2.2409E-08 2.3272E-08 2.4173E-08 2.5112E-08 2.6093E-08 2.7117E-08 2.8203E-08 2.9326E-08 3.0516E-08 3.1748E-08 3.3053E-08 3.4403E-08 3.5814E-08 3.7310E-08 3.8852E-08 4.0480E-08 4.2157E-08 4.3913E-08
5.2855E-09 5.4770E-09 5.6883E-09 5.8969E-09 6.1137E-09 6.3387E-09 6.5858E-09 6.8301E-09 7.0835E-09 7.3613E-09 7.6358E-09 7.9351E-09 8.2318E-09 8.5544E-09 8.8747E-09 9.2222E-09 9.5673E-09 9.9540E-09 1.0328E-08 1.0745E-08 1.1161E-08 1.1582E-08 1.2016E-08 1.2465E-08 1.2928E-08 1.3475E-08 1.3980E-08 1.4501E-08 1.5039E-08 1.5594E-08 1.6190E-08 1.6809E-08 1.7428E-08 1.8067E-08 1.8846E-08 1.9552E-08 2.0283E-08 2.1041E-08 2.1826E-08 2.2783E-08 2.3663E-08 2.4581E-08 2.5539E-08 2.6539E-08 2.7584E-08 2.8695E-08 2.9842E-08 3.1061E-08 3.2321E-08 3.3660E-08 3.5045E-08 3.6514E-08 3.8034E-08 3.9641E-08 4.1303E-08 4.3036E-08 4.4856E-08
5.3601E-09 5.5549E-09 5.7697E-09 5.9819E-09 6.2024E-09 6.4313E-09 6.6824E-09 6.9309E-09 7.1886E-09 7.4709E-09 7.7499E-09 8.0541E-09 8.3558E-09 8.6835E-09 9.0090E-09 9.3620E-09 9.7127E-09 1.0105E-08 1.0485E-08 1.0909E-08 1.1332E-08 1.1759E-08 1.2200E-08 1.2655E-08 1.3125E-08 1.3681E-08 1.4193E-08 1.4722E-08 1.5268E-08 1.5831E-08 1.6436E-08 1.7064E-08 1.7692E-08 1.8340E-08 1.9132E-08 1.9848E-08 2.0590E-08 2.1360E-08 2.2157E-08 2.3132E-08 2.4026E-08 2.4959E-08 2.5933E-08 2.6951E-08 2.8014E-08 2.9146E-08 3.0314E-08 3.1558E-08 3.2844E-08 3.4212E-08 3.5628E-08 3.7133E-08 3.8690E-08 4.0340E-08 4.2049E-08 4.3848E-08 4.5709E-08
5.4329E-09 5.6310E-09 5.8491E-09 6.0648E-09 6.2888E-09 6.5214E-09 6.7765E-09 7.0289E-09 7.2906E-09 7.5773E-09 7.8607E-09 8.1694E-09 8.4757E-09 8.8083E-09 9.1387E-09 9.4969E-09 9.8528E-09 1.0251E-08 1.0664E-08 1.1066E-08 1.1495E-08 1.1928E-08 1.2375E-08 1.2837E-08 1.3314E-08 1.3876E-08 1.4395E-08 1.4931E-08 1.5484E-08 1.6055E-08 1.6667E-08 1.7303E-08 1.7939E-08 1.8699E-08 1.9399E-08 2.0124E-08 2.0876E-08 2.1655E-08 2.2462E-08 2.3453E-08 2.4359E-08 2.5305E-08 2.6293E-08 2.7325E-08 2.8404E-08 2.9553E-08 3.0757E-08 3.2005E-08 3.3330E-08 3.4706E-08 3.6166E-08 3.7684E-08 3.9273E-08 4.0961E-08 4.2709E-08 4.4555E-08 4.6466E-08
5.5040E-09 5.7051E-09 5.9265E-09 6.1454E-09 6.3729E-09 6.6089E-09 6.8677E-09 7.1239E-09 7.3895E-09 7.6802E-09 7.9677E-09 8.2807E-09 8.5913E-09 8.9285E-09 9.2635E-09 9.6265E-09 9.9872E-09 1.0391E-08 1.0809E-08 1.1217E-08 1.1651E-08 1.2089E-08 1.2542E-08 1.3010E-08 1.3492E-08 1.4061E-08 1.4586E-08 1.5128E-08 1.5688E-08 1.6264E-08 1.6884E-08 1.7527E-08 1.8170E-08 1.8938E-08 1.9646E-08 2.0379E-08 2.1139E-08 2.1926E-08 2.2742E-08 2.3745E-08 2.4661E-08 2.5617E-08 2.6617E-08 2.7661E-08 2.8769E-08 2.9916E-08 3.1135E-08 3.2399E-08 3.3743E-08 3.5139E-08 3.6622E-08 3.8163E-08 3.9799E-08 4.1499E-08 4.3296E-08 4.5165E-08 4.7119E-08
5.5730E-09 5.7771E-09 6.0015E-09 6.2236E-09 6.4543E-09 6.6937E-09 6.9560E-09 7.2157E-09 7.4850E-09 7.7795E-09 8.0708E-09 8.3879E-09 8.7025E-09 9.0439E-09 9.3832E-09 9.7506E-09 1.0116E-08 1.0524E-08 1.0947E-08 1.1360E-08 1.1799E-08 1.2242E-08 1.2700E-08 1.3173E-08 1.3660E-08 1.4235E-08 1.4765E-08 1.5313E-08 1.5878E-08 1.6460E-08 1.7085E-08 1.7734E-08 1.8383E-08 1.9158E-08 1.9872E-08 2.0612E-08 2.1378E-08 2.2172E-08 2.2994E-08 2.4007E-08 2.4931E-08 2.5896E-08 2.6903E-08 2.7956E-08 2.9074E-08 3.0232E-08 3.1463E-08 3.2739E-08 3.4097E-08 3.5507E-08 3.7008E-08 3.8567E-08 4.0225E-08 4.1948E-08 4.3774E-08 4.5673E-08 4.7679E-08
5.6400E-09 5.8469E-09 6.0742E-09 6.2993E-09 6.5330E-09 6.7756E-09 7.0411E-09 7.3042E-09 7.5769E-09 7.8749E-09 8.1699E-09 8.4906E-09 8.8091E-09 9.1543E-09 9.4975E-09 9.8690E-09 1.0250E-08 1.0651E-08 1.1078E-08 1.1495E-08 1.1939E-08 1.2386E-08 1.2849E-08 1.3326E-08 1.3818E-08 1.4397E-08 1.4932E-08 1.5484E-08 1.6054E-08 1.6641E-08 1.7271E-08 1.7924E-08 1.8578E-08 1.9359E-08 2.0077E-08 2.0822E-08 2.1593E-08 2.2391E-08 2.3219E-08 2.4238E-08 2.5168E-08 2.6138E-08 2.7152E-08 2.8211E-08 2.9335E-08 3.0500E-08 3.1738E-08 3.3022E-08 3.4390E-08 3.5809E-08 3.7322E-08 3.8893E-08 4.0567E-08 4.2306E-08 4.4153E-08 4.6074E-08 4.8109E-08
5.7048E-09 5.9143E-09 6.1444E-09 6.3722E-09 6.6089E-09 6.8544E-09 7.1230E-09 7.3892E-09 7.6651E-09 7.9663E-09 8.2647E-09 8.5888E-09 8.9107E-09 9.2594E-09 9.6062E-09 9.9813E-09 1.0366E-08 1.0771E-08 1.1202E-08 1.1623E-08 1.2070E-08 1.2522E-08 1.2988E-08 1.3469E-08 1.3965E-08 1.4547E-08 1.5086E-08 1.5642E-08 1.6216E-08 1.6806E-08 1.7440E-08 1.8097E-08 1.8754E-08 1.9539E-08 2.0261E-08 2.1009E-08 2.1783E-08 2.2585E-08 2.3415E-08 2.4439E-08 2.5372E-08 2.6345E-08 2.7361E-08 2.8423E-08 2.9551E-08 3.0718E-08 3.1961E-08 3.3248E-08 3.4620E-08 3.6062E-08 3.7563E-08 3.9159E-08 4.0823E-08 4.2588E-08 4.4430E-08 4.6365E-08 4.8419E-08
5.7673E-09 5.9793E-09 6.2119E-09 6.4424E-09 6.6817E-09 6.9301E-09 7.2014E-09 7.4705E-09 7.7494E-09 8.0536E-09 8.3550E-09 8.6821E-09 9.0072E-09 9.3591E-09 9.7092E-09 1.0087E-08 1.0475E-08 1.0884E-08 1.1318E-08 1.1742E-08 1.2193E-08 1.2648E-08 1.3117E-08 1.3602E-08 1.4101E-08 1.4686E-08 1.5228E-08 1.5787E-08 1.6363E-08 1.6956E-08 1.7593E-08 1.8252E-08 1.8911E-08 1.9699E-08 2.0423E-08 2.1172E-08 2.1948E-08 2.2751E-08 2.3583E-08 2.4608E-08 2.5541E-08 2.6515E-08 2.7532E-08 2.8594E-08 2.9721E-08 3.0888E-08 3.2130E-08 3.3416E-08 3.4788E-08 3.6229E-08 3.7730E-08 3.9327E-08 4.0991E-08 4.2759E-08 4.4604E-08 4.6563E-08 4.8607E-08
