Assets/Resources/2015_m01_d15_1400(utc+0800)_l00_csi_1hr_conc.grd
DSAA
         159         159
     -79.000      79.000
     -79.000      79.000
  0.0000E+00  0.2146E-04
[rows 25 to 49 of 159, columns 0 to 56 of 159]
5.6115E-10 5.7511E-10 5.9036E-10 6.0438E-10 6.1914E-10 6.3626E-10 6.5113E-10 6.6779E-10 6.8428E-10 7.0108E-10 7.1869E-10 7.3612E-10 7.5473E-10 7.7389E-10 7.9121E-10 8.1178E-10 8.3088E-10 8.5220E-10 8.7614E-10 8.9971E-10 9.2582E-10 9.6052E-10 9.9712E-10 1.0326E-09 1.0713E-09 1.1111E-09 1.1531E-09 1.1931E-09 1.2382E-09 1.2799E-09 1.3274E-09 1.3705E-09 1.4242E-09 1.4749E-09 1.5212E-09 1.5723E-09 1.6242E-09 1.6699E-09 1.7164E-09 1.7826E-09 1.8327E-09 1.8854E-09 1.9369E-09 1.9915E-09 2.0459E-09 2.1183E-09 2.1758E-09 2.2359E-09 2.2951E-09 2.3545E-09 2.4171E-09 2.4785E-09 2.5565E-09 2.6202E-09 2.6835E-09 2.7491E-09 2.8129E-09
5.6255E-10 5.7761E-10 5.9196E-10 6.0655E-10 6.2194E-10 6.3817E-10 6.5363E-10 6.7096E-10 6.8759E-10 7.0398E-10 7.2228E-10 7.3987E-10 7.5753E-10 7.7686E-10 7.9722E-10 8.1509E-10 8.3435E-10 8.6097E-10 8.8222E-10 9.0712E-10 9.4241E-10 9.7833E-10 1.0075E-09 1.0517E-09 1.0901E-09 1.1264E-09 1.1698E-09 1.2099E-09 1.2568E-09 1.3030E-09 1.3504E-09 1.4006E-09 1.4517E-09 1.4983E-09 1.5515E-09 1.6033E-09 1.6495E-09 1.7114E-09 1.7646E-09 1.8168E-09 1.8676E-09 1.9198E-09 1.9761E-09 2.0468E-09 2.1061E-09 2.1647E-09 2.2257E-09 2.2862E-09 2.3497E-09 2.4278E-09 2.4922E-09 2.5573E-09 2.6228E-09 2.6904E-09 2.7565E-09 2.8230E-09 2.8900E-09
5.6430E-10 5.7896E-10 5.9339E-10 6.0807E-10 6.2510E-10 6.3989E-10 6.5546E-10 6.7292E-10 6.8966E-10 7.0722E-10 7.2462E-10 7.4318E-10 7.6122E-10 7.7963E-10 8.0018E-10 8.1929E-10 8.3859E-10 8.6461E-10 8.8826E-10 9.1446E-10 9.5046E-10 9.8745E-10 1.0242E-09 1.0624E-09 1.1036E-09 1.1438E-09 1.1878E-09 1.2314E-09 1.2778E-09 1.3249E-09 1.3759E-09 1.4238E-09 1.4716E-09 1.5282E-09 1.5794E-09 1.6285E-09 1.6915E-09 1.7449E-09 1.7967E-09 1.8479E-09 1.9033E-09 1.9741E-09 2.0333E-09 2.0916E-09 2.1508E-09 2.2135E-09 2.2758E-09 2.3568E-09 2.4221E-09 2.4883E-09 2.5551E-09 2.6243E-09 2.6924E-09 2.7614E-09 2.8473E-09 2.9182E-09 2.9886E-09
5.6541E-10 5.8065E-10 5.9465E-10 6.1044E-10 6.2657E-10 6.4144E-10 6.5816E-10 6.7469E-10 6.9207E-10 7.1031E-10 7.2675E-10 7.4546E-10 7.6475E-10 7.8421E-10 8.0292E-10 8.2219E-10 8.4791E-10 8.7007E-10 8.9504E-10 9.3041E-10 9.6654E-10 9.9795E-10 1.0417E-09 1.0822E-09 1.1159E-09 1.1643E-09 1.2096E-09 1.2492E-09 1.3010E-09 1.3445E-09 1.3975E-09 1.4489E-09 1.4978E-09 1.5517E-09 1.6203E-09 1.6700E-09 1.7234E-09 1.7748E-09 1.8269E-09 1.8986E-09 1.9559E-09 2.0155E-09 2.0744E-09 2.1366E-09 2.2145E-09 2.2810E-09 2.3468E-09 2.4137E-09 2.4813E-09 2.5500E-09 2.6218E-09 2.7088E-09 2.7815E-09 2.8545E-09 2.9278E-09 3.0010E-09 3.0744E-09
5.6737E-10 5.8168E-10 5.9626E-10 6.1163E-10 6.2786E-10 6.4334E-10 6.6069E-10 6.7734E-10 6.9377E-10 7.1214E-10 7.2978E-10 7.4862E-10 7.6697E-10 7.8745E-10 8.0544E-10 8.2486E-10 8.5180E-10 8.7549E-10 9.0179E-10 9.3779E-10 9.7498E-10 1.0097E-09 1.0514E-09 1.0931E-09 1.1347E-09 1.1769E-09 1.2234E-09 1.2704E-09 1.3194E-09 1.3714E-09 1.4206E-09 1.4692E-09 1.5248E-09 1.5953E-09 1.6471E-09 1.6999E-09 1.7515E-09 1.8192E-09 1.8778E-09 1.9356E-09 1.9953E-09 2.0550E-09 2.1193E-09 2.1992E-09 2.2670E-09 2.3340E-09 2.4020E-09 2.4718E-09 2.5585E-09 2.6336E-09 2.7079E-09 2.7829E-09 2.8585E-09 2.9342E-09 3.0105E-09 3.0872E-09 3.1807E-09
5.6817E-10 5.8256E-10 5.9720E-10 6.1420E-10 6.2898E-10 6.4557E-10 6.6200E-10 6.7875E-10 6.9634E-10 7.1377E-10 7.3239E-10 7.5159E-10 7.6987E-10 7.8963E-10 8.0886E-10 8.3450E-10 8.5664E-10 8.8162E-10 9.1804E-10 9.5442E-10 9.8474E-10 1.0307E-09 1.0694E-09 1.1054E-09 1.1534E-09 1.1991E-09 1.2401E-09 1.2927E-09 1.3440E-09 1.3897E-09 1.4445E-09 1.4981E-09 1.5668E-09 1.6227E-09 1.6749E-09 1.7268E-09 1.7961E-09 1.8552E-09 1.9132E-09 1.9731E-09 2.0341E-09 2.1154E-09 2.1814E-09 2.2501E-09 2.3181E-09 2.3881E-09 2.4760E-09 2.5521E-09 2.6274E-09 2.7039E-09 2.7809E-09 2.8592E-09 2.9381E-09 3.0346E-09 3.1154E-09 3.1963E-09 3.2771E-09
5.6931E-10 5.8326E-10 5.9899E-10 6.1508E-10 6.3043E-10 6.4660E-10 6.6312E-10 6.8050E-10 6.9874E-10 7.1629E-10 7.3394E-10 7.5327E-10 7.7281E-10 7.9159E-10 8.1094E-10 8.3778E-10 8.6143E-10 8.8672E-10 9.2482E-10 9.6092E-10 9.9825E-10 1.0376E-09 1.0795E-09 1.1235E-09 1.1674E-09 1.2121E-09 1.2597E-09 1.3103E-09 1.3629E-09 1.4127E-09 1.4809E-09 1.5392E-09 1.5969E-09 1.6472E-09 1.7010E-09 1.7712E-09 1.8290E-09 1.8885E-09 1.9489E-09 2.0267E-09 2.0944E-09 2.1612E-09 2.2304E-09 2.2997E-09 2.3878E-09 2.4628E-09 2.5406E-09 2.6178E-09 2.6963E-09 2.7766E-09 2.8744E-09 2.9576E-09 3.0415E-09 3.1255E-09 3.2098E-09 3.2939E-09 3.3784E-09
5.6979E-10 5.8429E-10 5.9960E-10 6.1577E-10 6.3118E-10 6.4850E-10 6.6512E-10 6.8152E-10 6.9988E-10 7.1837E-10 7.3637E-10 7.5475E-10 7.7528E-10 7.9441E-10 8.1582E-10 8.4199E-10 8.6690E-10 9.0321E-10 9.3958E-10 9.6990E-10 1.0150E-09 1.0560E-09 1.0909E-09 1.1411E-09 1.1851E-09 1.2280E-09 1.2809E-09 1.3326E-09 1.3824E-09 1.4498E-09 1.5111E-09 1.5651E-09 1.6197E-09 1.6864E-09 1.7446E-09 1.8028E-09 1.8619E-09 1.9231E-09 2.0025E-09 2.0710E-09 2.1382E-09 2.2081E-09 2.2795E-09 2.3702E-09 2.4465E-09 2.5259E-09 2.6049E-09 2.6861E-09 2.7860E-09 2.8711E-09 2.9573E-09 3.0440E-09 3.1308E-09 3.2181E-09 3.3068E-09 3.3960E-09 3.4859E-09
5.7011E-10 5.8466E-10 6.0158E-10 6.1627E-10 6.3280E-10 6.4916E-10 6.6586E-10 6.8341E-10 7.0081E-10 7.1940E-10 7.3860E-10 7.5800E-10 7.7667E-10 7.9592E-10 8.2172E-10 8.4613E-10 8.7134E-10 9.0929E-10 9.4532E-10 9.8163E-10 1.0231E-09 1.0639E-09 1.1062E-09 1.1497E-09 1.1970E-09 1.2473E-09 1.2972E-09 1.3480E-09 1.4163E-09 1.4771E-09 1.5348E-09 1.5911E-09 1.6581E-09 1.7165E-09 1.7748E-09 1.8337E-09 1.8958E-09 1.9762E-09 2.0453E-09 2.1125E-09 2.1834E-09 2.2728E-09 2.3496E-09 2.4272E-09 2.5077E-09 2.5890E-09 2.6898E-09 2.7767E-09 2.8650E-09 2.9538E-09 3.0432E-09 3.1334E-09 3.2256E-09 3.3189E-09 3.4142E-09 3.5100E-09 3.6052E-09
5.7025E-10 5.8486E-10 6.0185E-10 6.1660E-10 6.3320E-10 6.4963E-10 6.6694E-10 6.8513E-10 7.0262E-10 7.2023E-10 7.3954E-10 7.5905E-10 7.7783E-10 7.9720E-10 8.2616E-10 8.4993E-10 8.7868E-10 9.2327E-10 9.5352E-10 9.9847E-10 1.0395E-09 1.0744E-09 1.1247E-09 1.1701E-09 1.2119E-09 1.2672E-09 1.3185E-09 1.3843E-09 1.4427E-09 1.5041E-09 1.5579E-09 1.6285E-09 1.6867E-09 1.7449E-09 1.8039E-09 1.8817E-09 1.9477E-09 2.0157E-09 2.0846E-09 2.1569E-09 2.2481E-09 2.3261E-09 2.4045E-09 2.4866E-09 2.5706E-09 2.6748E-09 2.7642E-09 2.8546E-09 2.9457E-09 3.0378E-09 3.1322E-09 3.2287E-09 3.3279E-09 3.4280E-09 3.5280E-09 3.6278E-09 3.7278E-09
5.7023E-10 5.8590E-10 6.0195E-10 6.1726E-10 6.3446E-10 6.5098E-10 6.6729E-10 6.8557E-10 7.0314E-10 7.2193E-10 7.4025E-10 7.6075E-10 7.7987E-10 8.0429E-10 8.2966E-10 8.5258E-10 8.9151E-10 9.2826E-10 9.6275E-10 1.0058E-09 1.0465E-09 1.0877E-09 1.1335E-09 1.1797E-09 1.2293E-09 1.2811E-09 1.3464E-09 1.4085E-09 1.4664E-09 1.5228E-09 1.5961E-09 1.6555E-09 1.7135E-09 1.7725E-09 1.8489E-09 1.9171E-09 1.9852E-09 2.0545E-09 2.1436E-09 2.2206E-09 2.2997E-09 2.3785E-09 2.4623E-09 2.5659E-09 2.6563E-09 2.7478E-09 2.8399E-09 2.9334E-09 3.0289E-09 3.1276E-09 3.2299E-09 3.3339E-09 3.4380E-09 3.5419E-09 3.6471E-09 3.7527E-09 3.8597E-09
5.7053E-10 5.8729E-10 6.0186E-10 6.1722E-10 6.3449E-10 6.5107E-10 6.6851E-10 6.8581E-10 7.0431E-10 7.2342E-10 7.4164E-10 7.6136E-10 7.8056E-10 8.0637E-10 8.3085E-10 8.5616E-10 8.9943E-10 9.3463E-10 9.7295E-10 1.0212E-09 1.0561E-09 1.1062E-09 1.1516E-09 1.1935E-09 1.2489E-09 1.3150E-09 1.3678E-09 1.4317E-09 1.4914E-09 1.5621E-09 1.6229E-09 1.6807E-09 1.7380E-09 1.8162E-09 1.8845E-09 1.9527E-09 2.0222E-09 2.1126E-09 2.1903E-09 2.2702E-09 2.3496E-09 2.4354E-09 2.5414E-09 2.6340E-09 2.7270E-09 2.8212E-09 2.9171E-09 3.0166E-09 3.1202E-09 3.2271E-09 3.3346E-09 3.4424E-09 3.5516E-09 3.6625E-09 3.7755E-09 3.8883E-09 4.0007E-09
5.7017E-10 5.8699E-10 6.0158E-10 6.1803E-10 6.3433E-10 6.5149E-10 6.6954E-10 6.8583E-10 7.0441E-10 7.2362E-10 7.4304E-10 7.6173E-10 7.8306E-10 8.0999E-10 8.3379E-10 8.6789E-10 9.0980E-10 9.3941E-10 9.8587E-10 1.0273E-09 1.0667E-09 1.1140E-09 1.1617E-09 1.2086E-09 1.2756E-09 1.3319E-09 1.3912E-09 1.4512E-09 1.5229E-09 1.5872E-09 1.6465E-09 1.7038E-09 1.7818E-09 1.8500E-09 1.9182E-09 1.9879E-09 2.0771E-09 2.1574E-09 2.2377E-09 2.3178E-09 2.4217E-09 2.5132E-09 2.6079E-09 2.7021E-09 2.7982E-09 2.8968E-09 3.0005E-09 3.1087E-09 3.2189E-09 3.3299E-09 3.4417E-09 3.5565E-09 3.6741E-09 3.7924E-09 3.9107E-09 4.0286E-09 4.1475E-09
5.7064E-10 5.8650E-10 6.0164E-10 6.1762E-10 6.3396E-10 6.5118E-10 6.6931E-10 6.8674E-10 7.0538E-10 7.2359E-10 7.4396E-10 7.6296E-10 7.8733E-10 8.1265E-10 8.3772E-10 8.7778E-10 9.1162E-10 9.4807E-10 9.9492E-10 1.0349E-09 1.0782E-09 1.1310E-09 1.1717E-09 1.2283E-09 1.2970E-09 1.3508E-09 1.4138E-09 1.4891E-09 1.5462E-09 1.6111E-09 1.6683E-09 1.7458E-09 1.8136E-09 1.8818E-09 1.9499E-09 2.0411E-09 2.1218E-09 2.2024E-09 2.2832E-09 2.3889E-09 2.4814E-09 2.5772E-09 2.6731E-09 2.7709E-09 2.8726E-09 2.9802E-09 3.0921E-09 3.2055E-09 3.3192E-09 3.4364E-09 3.5575E-09 3.6809E-09 3.8046E-09 3.9285E-09 4.0541E-09 4.1810E-09 4.3095E-09
5.6993E-10 5.8583E-10 6.0100E-10 6.1807E-10 6.3447E-10 6.5174E-10 6.6886E-10 6.8719E-10 7.0615E-10 7.2332E-10 7.4379E-10 7.6287E-10 7.8856E-10 8.1295E-10 8.4034E-10 8.8787E-10 9.1832E-10 9.6093E-10 1.0064E-09 1.0407E-09 1.0925E-09 1.1400E-09 1.1850E-09 1.2538E-09 1.3131E-09 1.3735E-09 1.4465E-09 1.5085E-09 1.5727E-09 1.6316E-09 1.7067E-09 1.7737E-09 1.8435E-09 1.9118E-09 2.0029E-09 2.0836E-09 2.1645E-09 2.2460E-09 2.3526E-09 2.4462E-09 2.5426E-09 2.6401E-09 2.7394E-09 2.8439E-09 2.9550E-09 3.0696E-09 3.1862E-09 3.3037E-09 3.4262E-09 3.5527E-09 3.6809E-09 3.8098E-09 3.9400E-09 4.0732E-09 4.2087E-09 4.3441E-09 4.4792E-09
5.7058E-10 5.8498E-10 6.0017E-10 6.1729E-10 6.3425E-10 6.5103E-10 6.6820E-10 6.8659E-10 7.0561E-10 7.2485E-10 7.4338E-10 7.6252E-10 7.9133E-10 8.1504E-10 8.5372E-10 8.9110E-10 9.2301E-10 9.6871E-10 1.0092E-09 1.0506E-09 1.1019E-09 1.1467E-09 1.2111E-09 1.2763E-09 1.3287E-09 1.3902E-09 1.4705E-09 1.5291E-09 1.5937E-09 1.6681E-09 1.7341E-09 1.8036E-09 1.8719E-09 1.9625E-09 2.0430E-09 2.1241E-09 2.2060E-09 2.3112E-09 2.4076E-09 2.5044E-09 2.6029E-09 2.7040E-09 2.8103E-09 2.9241E-09 3.0414E-09 3.1608E-09 3.2826E-09 3.4102E-09 3.5416E-09 3.6746E-09 3.8080E-09 3.9457E-09 4.0870E-09 4.2302E-09 4.3735E-09 4.5163E-09 4.6607E-09
5.6953E-10 5.8393E-10 6.0019E-10 6.1631E-10 6.3330E-10 6.5119E-10 6.6733E-10 6.8684E-10 7.0485E-10 7.2415E-10 7.4273E-10 7.6707E-10 7.9315E-10 8.1809E-10 8.5994E-10 8.9321E-10 9.2840E-10 9.7938E-10 1.0169E-09 1.0646E-09 1.1162E-09 1.1702E-09 1.2314E-09 1.2907E-09 1.3487E-09 1.4235E-09 1.4889E-09 1.5548E-09 1.6282E-09 1.6932E-09 1.7622E-09 1.8302E-09 1.9183E-09 1.9982E-09 2.0813E-09 2.1635E-09 2.2687E-09 2.3656E-09 2.4628E-09 2.5620E-09 2.6643E-09 2.7723E-09 2.8877E-09 3.0073E-09 3.1293E-09 3.2553E-09 3.3875E-09 3.5232E-09 3.6607E-09 3.8001E-09 3.9449E-09 4.0938E-09 4.2440E-09 4.3945E-09 4.5464E-09 4.7006E-09 4.8565E-09
5.6830E-10 5.8322E-10 5.9899E-10 6.1512E-10 6.3214E-10 6.5008E-10 6.6733E-10 6.8581E-10 7.0386E-10 7.2408E-10 7.4295E-10 7.6839E-10 7.9259E-10 8.2080E-10 8.6490E-10 8.9761E-10 9.4139E-10 9.8579E-10 1.0225E-09 1.0735E-09 1.1201E-09 1.1841E-09 1.2459E-09 1.3019E-09 1.3768E-09 1.4483E-09 1.5071E-09 1.5871E-09 1.6495E-09 1.7173E-09 1.7870E-09 1.8743E-09 1.9532E-09 2.0360E-09 2.1184E-09 2.2233E-09 2.3202E-09 2.4180E-09 2.5173E-09 2.6206E-09 2.7300E-09 2.8465E-09 2.9682E-09 3.0925E-09 3.2216E-09 3.3574E-09 3.4970E-09 3.6388E-09 3.7847E-09 3.9366E-09 4.0922E-09 4.2495E-09 4.4069E-09 4.5686E-09 4.7339E-09 4.9001E-09 5.0658E-09
5.6688E-10 5.8181E-10 5.9865E-10 6.1374E-10 6.3185E-10 6.4876E-10 6.6688E-10 6.8564E-10 7.0263E-10 7.2291E-10 7.4183E-10 7.6945E-10 7.9379E-10 8.2907E-10 8.6944E-10 9.0123E-10 9.4883E-10 9.8865E-10 1.0287E-09 1.0858E-09 1.1442E-09 1.2028E-09 1.2624E-09 1.3324E-09 1.3991E-09 1.4649E-09 1.5288E-09 1.6065E-09 1.6731E-09 1.7424E-09 1.8286E-09 1.9064E-09 1.9887E-09 2.0709E-09 2.1751E-09 2.2696E-09 2.3698E-09 2.4695E-09 2.5728E-09 2.6827E-09 2.8005E-09 2.9232E-09 3.0501E-09 3.1820E-09 3.3202E-09 3.4633E-09 3.6094E-09 3.7612E-09 3.9193E-09 4.0813E-09 4.2448E-09 4.4111E-09 4.5831E-09 4.7586E-09 4.9346E-09 5.1101E-09 5.2866E-09
5.6528E-10 5.8021E-10 5.9706E-10 6.1376E-10 6.3030E-10 6.4722E-10 6.6537E-10 6.8417E-10 7.0319E-10 7.2151E-10 7.4250E-10 7.7127E-10 7.9597E-10 8.3451E-10 8.7054E-10 9.0668E-10 9.5546E-10 9.9379E-10 1.0428E-09 1.0936E-09 1.1536E-09 1.2151E-09 1.2728E-09 1.3505E-09 1.4177E-09 1.4788E-09 1.5627E-09 1.6263E-09 1.6945E-09 1.7812E-09 1.8563E-09 1.9375E-09 2.0212E-09 2.1245E-09 2.2182E-09 2.3184E-09 2.4185E-09 2.5214E-09 2.6309E-09 2.7494E-09 2.8734E-09 3.0016E-09 3.1363E-09 3.2765E-09 3.4224E-09 3.5726E-09 3.7288E-09 3.8925E-09 4.0599E-09 4.2300E-09 4.4056E-09 4.5873E-09 4.7723E-09 4.9579E-09 5.1437E-09 5.3331E-09 5.5248E-09
5.6349E-10 5.7946E-10 5.9529E-10 6.1199E-10 6.2961E-10 6.4547E-10 6.6364E-10 6.8247E-10 7.0152E-10 7.1985E-10 7.4398E-10 7.6988E-10 7.9583E-10 8.3849E-10 8.7390E-10 9.1327E-10 9.6155E-10 9.9812E-10 1.0510E-09 1.1131E-09 1.1640E-09 1.2313E-09 1.3033E-09 1.3652E-09 1.4364E-09 1.5134E-09 1.5803E-09 1.6475E-09 1.7174E-09 1.8065E-09 1.8864E-09 1.9696E-09 2.0718E-09 2.1642E-09 2.2640E-09 2.3642E-09 2.4670E-09 2.5758E-09 2.6937E-09 2.8184E-09 2.9476E-09 3.0838E-09 3.2262E-09 3.3745E-09 3.5281E-09 3.6884E-09 3.8558E-09 4.0285E-09 4.2052E-09 4.3891E-09 4.5792E-09 4.7731E-09 4.9681E-09 5.1666E-09 5.3696E-09 5.5752E-09 5.7801E-09
5.6152E-10 5.7749E-10 5.9331E-10 6.1002E-10 6.2765E-10 6.4460E-10 6.6278E-10 6.8054E-10 7.0047E-10 7.1907E-10 7.4311E-10 7.7023E-10 7.9873E-10 8.4408E-10 8.7542E-10 9.2270E-10 9.6320E-10 1.0031E-09 1.0744E-09 1.1217E-09 1.1762E-09 1.2570E-09 1.3164E-09 1.3836E-09 1.4487E-09 1.5337E-09 1.5979E-09 1.6663E-09 1.7555E-09 1.8321E-09 1.9142E-09 2.0168E-09 2.1078E-09 2.2048E-09 2.3069E-09 2.4095E-09 2.5173E-09 2.6336E-09 2.7583E-09 2.8883E-09 3.0252E-09 3.1691E-09 3.3191E-09 3.4758E-09 3.6395E-09 3.8102E-09 3.9878E-09 4.1707E-09 4.3605E-09 4.5585E-09 4.7608E-09 4.9657E-09 5.1764E-09 5.3924E-09 5.6109E-09 5.8294E-09 6.0468E-09
5.5989E-10 5.7533E-10 5.9114E-10 6.0785E-10 6.2548E-10 6.4242E-10 6.6061E-10 6.7837E-10 6.9833E-10 7.1694E-10 7.4424E-10 7.6833E-10 8.0347E-10 8.4507E-10 8.7548E-10 9.2513E-10 9.6708E-10 1.0115E-09 1.0824E-09 1.1285E-09 1.1903E-09 1.2663E-09 1.3303E-09 1.3997E-09 1.4822E-09 1.5494E-09 1.6164E-09 1.7033E-09 1.7785E-09 1.8592E-09 1.9438E-09 2.0501E-09 2.1468E-09 2.2496E-09 2.3525E-09 2.4598E-09 2.5750E-09 2.6994E-09 2.8300E-09 2.9675E-09 3.1124E-09 3.2649E-09 3.4237E-09 3.5911E-09 3.7665E-09 3.9473E-09 4.1348E-09 4.3305E-09 4.5340E-09 4.7436E-09 4.9577E-09 5.1782E-09 5.4051E-09 5.6345E-09 5.8637E-09 6.0970E-09 6.3306E-09
5.5756E-10 5.7403E-10 5.8877E-10 6.0653E-10 6.2310E-10 6.4088E-10 6.5932E-10 6.7688E-10 6.9596E-10 7.1456E-10 7.4499E-10 7.6837E-10 8.0864E-10 8.4563E-10 8.8410E-10 9.2841E-10 9.6905E-10 1.0340E-09 1.0871E-09 1.1359E-09 1.2155E-09 1.2800E-09 1.3439E-09 1.4297E-09 1.4957E-09 1.5645E-09 1.6331E-09 1.7238E-09 1.8014E-09 1.8841E-09 1.9904E-09 2.0852E-09 2.1848E-09 2.2893E-09 2.3955E-09 2.5084E-09 2.6320E-09 2.7620E-09 2.8992E-09 3.0436E-09 3.1964E-09 3.3565E-09 3.5254E-09 3.7032E-09 3.8894E-09 4.0818E-09 4.2830E-09 4.4926E-09 4.7100E-09 4.9335E-09 5.1642E-09 5.4026E-09 5.6460E-09 5.8923E-09 6.1390E-09 6.3854E-09 6.6359E-09
5.5504E-10 5.7150E-10 5.8780E-10 6.0396E-10 6.2051E-10 6.3828E-10 6.5671E-10 6.7538E-10 6.9334E-10 7.1400E-10 7.4252E-10 7.7053E-10 8.1049E-10 8.4563E-10 8.8484E-10 9.3435E-10 9.6949E-10 1.0424E-09 1.0922E-09 1.1467E-09 1.2284E-09 1.2899E-09 1.3582E-09 1.4429E-09 1.5117E-09 1.5787E-09 1.6685E-09 1.7443E-09 1.8252E-09 1.9290E-09 2.0218E-09 2.1198E-09 2.2234E-09 2.3286E-09 2.4411E-09 2.5635E-09 2.6932E-09 2.8302E-09 2.9745E-09 3.1276E-09 3.2885E-09 3.4589E-09 3.6385E-09 3.8278E-09 4.0263E-09 4.2334E-09 4.4498E-09 4.6728E-09 4.9046E-09 5.1442E-09 5.3915E-09 5.6463E-09 5.9060E-09 6.1675E-09 6.4302E-09 6.6949E-09 6.9609E-09
