Assets/Resources/2015_m01_d27_1900(utc+0800)_l00_csi_1hr_conc.grd
DSAA
         159         159
     -79.000      79.000
     -79.000      79.000
  0.0000E+00  0.1791E-05
[rows 0 to 24 of 159, columns 57 to 113 of 159]
1.6874E-09 1.8509E-09 2.0201E-09 2.1937E-09 2.3699E-09 2.5472E-09 2.7242E-09 2.8988E-09 3.0685E-09 3.2310E-09 3.3844E-09 3.5265E-09 3.6546E-09 3.7668E-09 3.8616E-09 3.9372E-09 3.9921E-09 4.0255E-09 4.0365E-09 4.0242E-09 3.9887E-09 3.9310E-09 3.8518E-09 3.7524E-09 3.6341E-09 3.4986E-09 3.3480E-09 3.1846E-09 3.0105E-09 2.8284E-09 2.6413E-09 2.4515E-09 2.2615E-09 2.0730E-09 1.8878E-09 1.7086E-09 1.5368E-09 1.3734E-09 1.2192E-09 1.0750E-09 9.4211E-10 8.2025E-10 7.0935E-10 6.0915E-10 5.1966E-10 4.4048E-10 3.7049E-10 3.0879E-10 2.5520E-10 2.0903E-10 1.6890E-10 1.3487E-10 1.0712E-10 8.0225E-11 5.2516E-11 2.6935E-11 9.6503E-12
1.7585E-09 1.9316E-09 2.1106E-09 2.2945E-09 2.4823E-09 2.6718E-09 2.8607E-09 3.0475E-09 3.2292E-09 3.4034E-09 3.5680E-09 3.7212E-09 3.8602E-09 3.9826E-09 4.0864E-09 4.1694E-09 4.2296E-09 4.2667E-09 4.2797E-09 4.2683E-09 4.2323E-09 4.1720E-09 4.0885E-09 3.9830E-09 3.8569E-09 3.7127E-09 3.5524E-09 3.3783E-09 3.1935E-09 3.0001E-09 2.8009E-09 2.5983E-09 2.3952E-09 2.1946E-09 1.9982E-09 1.8076E-09 1.6243E-09 1.4503E-09 1.2868E-09 1.1342E-09 9.9287E-10 8.6349E-10 7.4602E-10 6.4036E-10 5.4572E-10 4.6186E-10 3.8835E-10 3.2400E-10 2.6748E-10 2.1905E-10 1.7756E-10 1.4156E-10 1.1067E-10 8.4477E-11 5.4427E-11 2.8639E-11 1.0341E-11
1.8267E-09 2.0088E-09 2.1983E-09 2.3937E-09 2.5929E-09 2.7944E-09 2.9953E-09 3.1941E-09 3.3891E-09 3.5767E-09 3.7545E-09 3.9196E-09 4.0691E-09 4.2008E-09 4.3128E-09 4.4029E-09 4.4695E-09 4.5112E-09 4.5266E-09 4.5160E-09 4.4786E-09 4.4157E-09 4.3278E-09 4.2164E-09 4.0828E-09 3.9295E-09 3.7595E-09 3.5746E-09 3.3777E-09 3.1720E-09 2.9604E-09 2.7460E-09 2.5308E-09 2.3171E-09 2.1080E-09 1.9061E-09 1.7123E-09 1.5279E-09 1.3544E-09 1.1927E-09 1.0436E-09 9.0682E-10 7.8272E-10 6.7084E-10 5.7153E-10 4.8326E-10 4.0577E-10 3.3839E-10 2.7996E-10 2.2894E-10 1.8540E-10 1.4830E-10 1.1427E-10 8.8980E-11 5.6195E-11 3.0058E-11 1.1498E-11
1.8907E-09 2.0831E-09 2.2832E-09 2.4895E-09 2.6998E-09 2.9140E-09 3.1290E-09 3.3418E-09 3.5496E-09 3.7496E-09 3.9389E-09 4.1150E-09 4.2754E-09 4.4174E-09 4.5381E-09 4.6357E-09 4.7082E-09 4.7541E-09 4.7728E-09 4.7633E-09 4.7255E-09 4.6600E-09 4.5681E-09 4.4509E-09 4.3101E-09 4.1480E-09 3.9673E-09 3.7713E-09 3.5629E-09 3.3454E-09 3.1209E-09 2.8930E-09 2.6651E-09 2.4398E-09 2.2187E-09 2.0041E-09 1.7991E-09 1.6048E-09 1.4218E-09 1.2511E-09 1.0934E-09 9.4947E-10 8.1892E-10 7.0155E-10 5.9637E-10 5.0428E-10 4.2304E-10 3.5236E-10 2.9134E-10 2.3884E-10 1.9348E-10 1.5468E-10 1.1976E-10 9.2613E-11 5.7568E-11 3.1377E-11 1.2574E-11
1.9513E-09 2.1534E-09 2.3635E-09 2.5817E-09 2.8057E-09 3.0325E-09 3.2599E-09 3.4849E-09 3.7050E-09 3.9180E-09 4.1209E-09 4.3102E-09 4.4824E-09 4.6349E-09 4.7653E-09 4.8709E-09 4.9495E-09 4.9996E-09 5.0206E-09 5.0115E-09 4.9726E-09 4.9046E-09 4.8081E-09 4.6846E-09 4.5364E-09 4.3662E-09 4.1764E-09 3.9693E-09 3.7484E-09 3.5174E-09 3.2805E-09 3.0404E-09 2.7994E-09 2.5606E-09 2.3276E-09 2.1022E-09 1.8855E-09 1.6801E-09 1.4877E-09 1.3084E-09 1.1429E-09 9.9132E-10 8.5418E-10 7.3115E-10 6.2164E-10 5.2399E-10 4.3982E-10 3.6602E-10 3.0240E-10 2.4783E-10 2.0111E-10 1.5912E-10 1.2502E-10 9.6045E-11 5.9290E-11 3.3068E-11 1.3901E-11
2.0070E-09 2.2193E-09 2.4412E-09 2.6712E-09 2.9067E-09 3.1452E-09 3.3852E-09 3.6251E-09 3.8604E-09 4.0876E-09 4.3038E-09 4.5057E-09 4.6893E-09 4.8519E-09 4.9911E-09 5.1041E-09 5.1890E-09 5.2442E-09 5.2682E-09 5.2602E-09 5.2205E-09 5.1495E-09 5.0486E-09 4.9188E-09 4.7625E-09 4.5830E-09 4.3827E-09 4.1648E-09 3.9333E-09 3.6906E-09 3.4396E-09 3.1850E-09 2.9315E-09 2.6808E-09 2.4350E-09 2.1974E-09 1.9704E-09 1.7545E-09 1.5518E-09 1.3639E-09 1.1907E-09 1.0324E-09 8.8857E-10 7.5970E-10 6.4537E-10 5.4447E-10 4.5520E-10 3.7912E-10 3.1302E-10 2.5635E-10 2.0855E-10 1.6565E-10 1.2969E-10 9.8417E-11 6.0822E-11 3.4271E-11 1.4686E-11
2.0591E-09 2.2815E-09 2.5139E-09 2.7541E-09 3.0020E-09 3.2554E-09 3.5106E-09 3.7643E-09 4.0132E-09 4.2527E-09 4.4807E-09 4.6942E-09 4.8897E-09 5.0634E-09 5.2124E-09 5.3338E-09 5.4253E-09 5.4852E-09 5.5124E-09 5.5061E-09 5.4659E-09 5.3929E-09 5.2876E-09 5.1520E-09 4.9883E-09 4.7995E-09 4.5879E-09 4.3585E-09 4.1142E-09 3.8588E-09 3.5968E-09 3.3301E-09 3.0616E-09 2.7970E-09 2.5401E-09 2.2909E-09 2.0520E-09 1.8266E-09 1.6147E-09 1.4175E-09 1.2365E-09 1.0713E-09 9.2187E-10 7.8732E-10 6.6797E-10 5.6333E-10 4.7136E-10 3.9136E-10 3.2336E-10 2.6474E-10 2.1493E-10 1.7104E-10 1.3491E-10 1.0124E-10 6.2361E-11 3.5456E-11 1.6103E-11
2.1062E-09 2.3374E-09 2.5806E-09 2.8346E-09 3.0963E-09 3.3630E-09 3.6298E-09 3.8954E-09 4.1575E-09 4.4127E-09 4.6561E-09 4.8838E-09 5.0919E-09 5.2774E-09 5.4364E-09 5.5663E-09 5.6644E-09 5.7291E-09 5.7589E-09 5.7528E-09 5.7107E-09 5.6344E-09 5.5239E-09 5.3820E-09 5.2111E-09 5.0131E-09 4.7915E-09 4.5504E-09 4.2932E-09 4.0245E-09 3.7485E-09 3.4690E-09 3.1902E-09 2.9130E-09 2.6410E-09 2.3806E-09 2.1319E-09 1.8956E-09 1.6748E-09 1.4694E-09 1.2802E-09 1.1086E-09 9.5335E-10 8.1429E-10 6.9007E-10 5.8093E-10 4.8648E-10 4.0326E-10 3.3290E-10 2.7271E-10 2.2157E-10 1.7614E-10 1.3993E-10 1.0276E-10 6.4617E-11 3.6563E-11 1.6785E-11
2.1470E-09 2.3899E-09 2.6452E-09 2.9108E-09 3.1832E-09 3.4611E-09 3.7444E-09 4.0270E-09 4.3049E-09 4.5746E-09 4.8317E-09 5.0721E-09 5.2921E-09 5.4880E-09 5.6567E-09 5.7950E-09 5.9001E-09 5.9700E-09 6.0029E-09 5.9979E-09 5.9555E-09 5.8758E-09 5.7603E-09 5.6107E-09 5.4306E-09 5.2226E-09 4.9905E-09 4.7379E-09 4.4690E-09 4.1876E-09 3.8978E-09 3.6045E-09 3.3112E-09 3.0232E-09 2.7417E-09 2.4675E-09 2.2071E-09 1.9622E-09 1.7321E-09 1.5190E-09 1.3228E-09 1.1440E-09 9.8299E-10 8.3897E-10 7.1132E-10 5.9822E-10 4.9966E-10 4.1561E-10 3.4166E-10 2.8012E-10 2.2747E-10 1.8098E-10 1.4347E-10 1.0515E-10 6.5617E-11 3.7269E-11 1.7124E-11
2.1905E-09 2.4439E-09 2.7085E-09 2.9853E-09 3.2738E-09 3.5686E-09 3.8668E-09 4.1637E-09 4.4549E-09 4.7381E-09 5.0092E-09 5.2639E-09 5.4978E-09 5.7063E-09 5.8858E-09 6.0327E-09 6.1444E-09 6.2186E-09 6.2536E-09 6.2491E-09 6.2048E-09 6.1211E-09 6.0006E-09 5.8436E-09 5.6542E-09 5.4352E-09 5.1908E-09 4.9255E-09 4.6432E-09 4.3485E-09 4.0453E-09 3.7386E-09 3.4314E-09 3.1281E-09 2.8343E-09 2.5526E-09 2.2806E-09 2.0245E-09 1.7865E-09 1.5651E-09 1.3626E-09 1.1776E-09 1.0111E-09 8.6222E-10 7.3050E-10 6.1439E-10 5.1303E-10 4.2554E-10 3.5058E-10 2.8646E-10 2.3223E-10 1.8574E-10 1.4649E-10 1.0722E-10 6.7039E-11 3.7881E-11 1.8296E-11
2.2252E-09 2.4861E-09 2.7651E-09 3.0569E-09 3.3586E-09 3.6655E-09 3.9754E-09 4.2872E-09 4.5963E-09 4.8964E-09 5.1836E-09 5.4533E-09 5.7004E-09 5.9207E-09 6.1104E-09 6.2657E-09 6.3841E-09 6.4628E-09 6.5004E-09 6.4959E-09 6.4491E-09 6.3612E-09 6.2333E-09 6.0691E-09 5.8702E-09 5.6408E-09 5.3842E-09 5.1057E-09 4.8096E-09 4.5021E-09 4.1859E-09 3.8662E-09 3.5463E-09 3.2315E-09 2.9241E-09 2.6289E-09 2.3505E-09 2.0848E-09 1.8367E-09 1.6089E-09 1.3989E-09 1.2087E-09 1.0364E-09 8.8369E-10 7.4796E-10 6.2920E-10 5.2500E-10 4.3479E-10 3.5873E-10 2.9279E-10 2.3632E-10 1.9020E-10 1.4948E-10 1.0876E-10 6.7966E-11 3.7480E-11 1.9394E-11
2.2560E-09 2.5306E-09 2.8210E-09 3.1224E-09 3.4345E-09 3.7580E-09 4.0864E-09 4.4151E-09 4.7401E-09 5.0554E-09 5.3567E-09 5.6396E-09 5.9000E-09 6.1323E-09 6.3329E-09 6.4973E-09 6.6222E-09 6.7056E-09 6.7453E-09 6.7406E-09 6.6924E-09 6.6004E-09 6.4660E-09 6.2930E-09 6.0839E-09 5.8424E-09 5.5747E-09 5.2832E-09 4.9732E-09 4.6500E-09 4.3201E-09 3.9876E-09 3.6564E-09 3.3285E-09 3.0103E-09 2.7041E-09 2.4122E-09 2.1406E-09 1.8844E-09 1.6479E-09 1.4328E-09 1.2365E-09 1.0607E-09 9.0255E-10 7.6389E-10 6.4160E-10 5.3594E-10 4.4423E-10 3.6515E-10 2.9901E-10 2.4028E-10 1.9410E-10 1.5146E-10 1.0961E-10 6.9128E-11 3.8064E-11 2.0869E-11
2.2918E-09 2.5754E-09 2.8744E-09 3.1917E-09 3.5224E-09 3.8617E-09 4.2055E-09 4.5490E-09 4.8891E-09 5.2225E-09 5.5423E-09 5.8426E-09 6.1182E-09 6.3642E-09 6.5758E-09 6.7486E-09 6.8797E-09 6.9666E-09 7.0070E-09 7.0009E-09 6.9479E-09 6.8487E-09 6.7064E-09 6.5235E-09 6.3030E-09 6.0493E-09 5.7668E-09 5.4602E-09 5.1372E-09 4.7999E-09 4.4543E-09 4.1058E-09 3.7602E-09 3.4209E-09 3.0909E-09 2.7734E-09 2.4732E-09 2.1892E-09 1.9281E-09 1.6841E-09 1.4622E-09 1.2618E-09 1.0809E-09 9.2009E-10 7.7749E-10 6.5352E-10 5.4525E-10 4.5158E-10 3.7173E-10 3.0346E-10 2.4477E-10 1.9722E-10 1.5224E-10 1.1110E-10 6.9596E-11 3.7890E-11 2.2047E-11
2.3180E-09 2.6116E-09 2.9270E-09 3.2586E-09 3.6019E-09 3.9543E-09 4.3149E-09 4.6791E-09 5.0399E-09 5.3920E-09 5.7290E-09 6.0451E-09 6.3345E-09 6.5926E-09 6.8148E-09 6.9966E-09 7.1342E-09 7.2245E-09 7.2661E-09 7.2578E-09 7.1994E-09 7.0941E-09 6.9431E-09 6.7486E-09 6.5153E-09 6.2489E-09 5.9521E-09 5.6321E-09 5.2927E-09 4.9401E-09 4.5818E-09 4.2194E-09 3.8592E-09 3.5066E-09 3.1662E-09 2.8386E-09 2.5270E-09 2.2366E-09 1.9647E-09 1.7175E-09 1.4884E-09 1.2834E-09 1.0989E-09 9.3509E-10 7.8940E-10 6.6320E-10 5.5289E-10 4.5855E-10 3.7731E-10 3.0653E-10 2.4843E-10 2.0021E-10 1.5252E-10 1.1107E-10 6.9644E-11 3.8782E-11 2.3443E-11
2.3478E-09 2.6563E-09 2.9837E-09 3.3264E-09 3.6866E-09 4.0614E-09 4.4431E-09 4.8268E-09 5.2053E-09 5.5743E-09 5.9289E-09 6.2627E-09 6.5697E-09 6.8432E-09 7.0778E-09 7.2687E-09 7.4121E-09 7.5052E-09 7.5466E-09 7.5345E-09 7.4706E-09 7.3558E-09 7.1924E-09 6.9853E-09 6.7381E-09 6.4548E-09 6.1414E-09 5.8050E-09 5.4497E-09 5.0810E-09 4.7052E-09 4.3281E-09 3.9538E-09 3.5880E-09 3.2339E-09 2.8973E-09 2.5777E-09 2.2770E-09 1.9999E-09 1.7435E-09 1.5125E-09 1.3013E-09 1.1144E-09 9.4672E-10 8.0035E-10 6.7059E-10 5.5985E-10 4.6351E-10 3.8071E-10 3.0966E-10 2.5181E-10 2.0121E-10 1.5201E-10 1.1140E-10 6.9527E-11 4.0232E-11 2.4612E-11
2.3774E-09 2.6943E-09 3.0328E-09 3.3963E-09 3.7768E-09 4.1696E-09 4.5675E-09 4.9682E-09 5.3693E-09 5.7611E-09 6.1373E-09 6.4908E-09 6.8144E-09 7.1020E-09 7.3480E-09 7.5475E-09 7.6963E-09 7.7918E-09 7.8317E-09 7.8163E-09 7.7457E-09 7.6216E-09 7.4463E-09 7.2238E-09 6.9598E-09 6.6588E-09 6.3289E-09 5.9736E-09 5.5993E-09 5.2152E-09 4.8238E-09 4.4310E-09 4.0430E-09 3.6636E-09 3.2988E-09 2.9493E-09 2.6217E-09 2.3140E-09 2.0287E-09 1.7681E-09 1.5303E-09 1.3165E-09 1.1256E-09 9.5698E-10 8.0729E-10 6.7694E-10 5.6413E-10 4.6709E-10 3.8375E-10 3.1283E-10 2.5421E-10 2.0113E-10 1.5171E-10 1.1031E-10 6.8500E-11 4.2145E-11 2.5805E-11
2.4054E-09 2.7375E-09 3.0975E-09 3.4783E-09 3.8739E-09 4.2835E-09 4.7069E-09 5.1346E-09 5.5597E-09 5.9749E-09 6.3716E-09 6.7440E-09 7.0849E-09 7.3875E-09 7.6461E-09 7.8546E-09 8.0089E-09 8.1058E-09 8.1433E-09 8.1213E-09 8.0407E-09 7.9041E-09 7.7148E-09 7.4769E-09 7.1954E-09 6.8748E-09 6.5227E-09 6.1473E-09 5.7544E-09 5.3494E-09 4.9389E-09 4.5300E-09 4.1273E-09 3.7357E-09 3.3566E-09 2.9989E-09 2.6593E-09 2.3454E-09 2.0529E-09 1.7870E-09 1.5450E-09 1.3287E-09 1.1339E-09 9.6304E-10 8.1240E-10 6.8151E-10 5.6688E-10 4.7001E-10 3.8474E-10 3.1402E-10 2.5480E-10 2.0012E-10 1.5007E-10 1.0901E-10 6.8276E-11 4.3463E-11 2.6516E-11
2.4379E-09 2.7878E-09 3.1609E-09 3.5548E-09 3.9740E-09 4.4113E-09 4.8596E-09 5.3104E-09 5.7579E-09 6.1952E-09 6.6165E-09 7.0117E-09 7.3729E-09 7.6927E-09 7.9645E-09 8.1823E-09 8.3419E-09 8.4396E-09 8.4743E-09 8.4449E-09 8.3528E-09 8.2005E-09 7.9918E-09 7.7328E-09 7.4301E-09 7.0899E-09 6.7185E-09 6.3203E-09 5.9049E-09 5.4810E-09 5.0525E-09 4.6256E-09 4.2068E-09 3.8009E-09 3.4123E-09 3.0398E-09 2.6951E-09 2.3697E-09 2.0747E-09 1.8002E-09 1.5562E-09 1.3357E-09 1.1393E-09 9.6642E-10 8.1574E-10 6.8279E-10 5.6864E-10 4.6924E-10 3.8463E-10 3.1442E-10 2.5367E-10 1.9888E-10 1.4894E-10 1.0630E-10 6.9622E-11 4.4307E-11 2.7183E-11
2.4772E-09 2.8372E-09 3.2261E-09 3.6471E-09 4.0915E-09 4.5514E-09 5.0216E-09 5.4995E-09 5.9758E-09 6.4420E-09 6.8891E-09 7.3081E-09 7.6898E-09 8.0266E-09 8.3114E-09 8.5382E-09 8.7019E-09 8.7992E-09 8.8282E-09 8.7896E-09 8.6850E-09 8.5169E-09 8.2904E-09 8.0097E-09 7.6809E-09 7.3125E-09 6.9150E-09 6.4952E-09 6.0582E-09 5.6104E-09 5.1623E-09 4.7183E-09 4.2831E-09 3.8616E-09 3.4588E-09 3.0804E-09 2.7202E-09 2.3935E-09 2.0876E-09 1.8133E-09 1.5597E-09 1.3393E-09 1.1420E-09 9.6639E-10 8.1486E-10 6.8245E-10 5.6727E-10 4.6715E-10 3.8496E-10 3.1438E-10 2.5119E-10 1.9703E-10 1.4628E-10 1.0290E-10 7.0193E-11 4.4477E-11 2.7149E-11
2.5176E-09 2.8975E-09 3.3133E-09 3.7577E-09 4.2225E-09 4.7098E-09 5.2127E-09 5.7222E-09 6.2302E-09 6.7255E-09 7.2002E-09 7.6446E-09 8.0503E-09 8.4071E-09 8.7068E-09 8.9430E-09 9.1102E-09 9.2060E-09 9.2278E-09 9.1764E-09 9.0537E-09 8.8637E-09 8.6122E-09 8.3068E-09 7.9530E-09 7.5588E-09 7.1308E-09 6.6790E-09 6.2151E-09 5.7450E-09 5.2722E-09 4.8068E-09 4.3540E-09 3.9188E-09 3.5026E-09 3.1100E-09 2.7474E-09 2.4057E-09 2.0995E-09 1.8165E-09 1.5605E-09 1.3376E-09 1.1394E-09 9.6401E-10 8.1111E-10 6.7966E-10 5.6342E-10 4.6555E-10 3.8244E-10 3.1029E-10 2.4751E-10 1.9329E-10 1.4132E-10 1.0090E-10 7.0167E-11 4.4694E-11 2.6732E-11
2.5659E-09 2.9696E-09 3.4043E-09 3.8692E-09 4.3657E-09 4.8851E-09 5.4202E-09 5.9609E-09 6.5012E-09 7.0308E-09 7.5378E-09 8.0122E-09 8.4428E-09 8.8201E-09 9.1353E-09 9.3812E-09 9.5521E-09 9.6444E-09 9.6570E-09 9.5905E-09 9.4482E-09 9.2349E-09 8.9551E-09 8.6180E-09 8.2306E-09 7.8052E-09 7.3494E-09 6.8694E-09 6.3739E-09 5.8751E-09 5.3808E-09 4.8935E-09 4.4218E-09 3.9691E-09 3.5421E-09 3.1387E-09 2.7638E-09 2.4188E-09 2.1029E-09 1.8146E-09 1.5595E-09 1.3314E-09 1.1337E-09 9.5887E-10 8.0436E-10 6.7268E-10 5.5824E-10 4.6003E-10 3.7698E-10 3.0457E-10 2.4219E-10 1.8879E-10 1.3602E-10 9.9758E-11 6.9484E-11 4.4209E-11 2.5846E-11
2.6269E-09 3.0477E-09 3.5074E-09 4.0043E-09 4.5334E-09 5.0845E-09 5.6554E-09 6.2358E-09 6.8153E-09 7.3827E-09 7.9254E-09 8.4314E-09 8.8897E-09 9.2892E-09 9.6204E-09 9.8755E-09 1.0049E-08 1.0137E-08 1.0138E-08 1.0054E-08 9.8881E-09 9.6457E-09 9.3344E-09 8.9623E-09 8.5393E-09 8.0752E-09 7.5793E-09 7.0664E-09 6.5427E-09 6.0121E-09 5.4871E-09 4.9800E-09 4.4860E-09 4.0177E-09 3.5730E-09 3.1617E-09 2.7736E-09 2.4244E-09 2.0967E-09 1.8114E-09 1.5493E-09 1.3223E-09 1.1231E-09 9.4816E-10 7.9390E-10 6.6217E-10 5.4943E-10 4.5208E-10 3.6959E-10 2.9877E-10 2.3703E-10 1.8155E-10 1.3112E-10 9.7733E-11 6.8239E-11 4.3286E-11 2.4640E-11
2.6886E-09 3.1345E-09 3.6249E-09 4.1530E-09 4.7152E-09 5.3075E-09 5.9200E-09 6.5429E-09 7.1639E-09 7.7713E-09 8.3531E-09 8.8950E-09 9.3839E-09 9.8082E-09 1.0157E-08 1.0422E-08 1.0597E-08 1.0679E-08 1.0665E-08 1.0560E-08 1.0366E-08 1.0090E-08 9.7423E-09 9.3304E-09 8.8664E-09 8.3614E-09 7.8259E-09 7.2708E-09 6.7092E-09 6.1509E-09 5.5978E-09 5.0592E-09 4.5464E-09 4.0559E-09 3.6011E-09 3.1735E-09 2.7850E-09 2.4185E-09 2.0954E-09 1.7967E-09 1.5365E-09 1.3096E-09 1.1078E-09 9.3330E-10 7.8220E-10 6.5037E-10 5.4008E-10 4.4433E-10 3.6079E-10 2.9010E-10 2.2958E-10 1.7447E-10 1.2616E-10 9.4947E-11 6.6224E-11 4.2090E-11 2.3146E-11
2.7568E-09 3.2345E-09 3.7535E-09 4.3171E-09 4.9195E-09 5.5535E-09 6.2089E-09 6.8764E-09 7.5439E-09 8.1973E-09 8.8218E-09 9.4025E-09 9.9252E-09 1.0376E-08 1.0744E-08 1.1019E-08 1.1195E-08 1.1268E-08 1.1237E-08 1.1106E-08 1.0880E-08 1.0567E-08 1.0176E-08 9.7205E-09 9.2119E-09 8.6610E-09 8.0816E-09 7.4861E-09 6.8840E-09 6.2840E-09 5.7028E-09 5.1409E-09 4.6012E-09 4.0954E-09 3.6179E-09 3.1840E-09 2.7790E-09 2.4174E-09 2.0782E-09 1.7785E-09 1.5199E-09 1.2903E-09 1.0900E-09 9.1635E-10 7.6577E-10 6.3587E-10 5.2605E-10 4.3110E-10 3.4845E-10 2.7932E-10 2.1884E-10 1.6680E-10 1.2175E-10 9.1654E-11 6.3505E-11 4.0106E-11 2.1340E-11
2.8344E-09 3.3388E-09 3.8956E-09 4.4997E-09 5.1450E-09 5.8246E-09 6.5304E-09 7.2504E-09 7.9700E-09 8.6746E-09 9.3472E-09 9.9714E-09 1.0531E-08 1.1012E-08 1.1399E-08 1.1684E-08 1.1860E-08 1.1922E-08 1.1871E-08 1.1710E-08 1.1446E-08 1.1089E-08 1.0651E-08 1.0143E-08 9.5810E-09 8.9787E-09 8.3495E-09 7.7071E-09 7.0617E-09 6.4265E-09 5.8053E-09 5.2136E-09 4.6513E-09 4.1235E-09 3.6337E-09 3.1824E-09 2.7736E-09 2.4010E-09 2.0561E-09 1.7601E-09 1.4936E-09 1.2679E-09 1.0657E-09 8.9379E-10 7.4514E-10 6.1715E-10 5.0882E-10 4.1532E-10 3.3455E-10 2.6606E-10 2.0757E-10 1.5855E-10 1.1593E-10 8.7955E-11 6.0454E-11 3.7656E-11 1.9145E-11
