Assets/Resources/2015_m01_d24_1700(utc+0800)_l00_csi_1hr_conc.grd
DSAA
         159         159
     -79.000      79.000
     -79.000      79.000
  0.0000E+00  0.1560E-04
[rows 100 to 124 of 159, columns 57 to 113 of 159]
5.6776E-10 5.6217E-10 5.5642E-10 5.5052E-10 5.4446E-10 5.3827E-10 5.3194E-10 5.2549E-10 5.1891E-10 5.1222E-10 5.0543E-10 4.9853E-10 4.9155E-10 4.8448E-10 4.7733E-10 4.7011E-10 4.6283E-10 4.5549E-10 4.4810E-10 4.4067E-10 4.3320E-10 4.2570E-10 4.1817E-10 4.1062E-10 4.0306E-10 3.9549E-10 3.8793E-10 3.8036E-10 3.7281E-10 3.6527E-10 3.5775E-10 3.5025E-10 3.4279E-10 3.3536E-10 3.2797E-10 3.2063E-10 3.1334E-10 3.0609E-10 2.9891E-10 2.9179E-10 2.8473E-10 2.7775E-10 2.7083E-10 2.6399E-10 2.5723E-10 2.5044E-10 2.4375E-10 2.3725E-10 2.3074E-10 2.2422E-10 2.1785E-10 2.1168E-10 2.0550E-10 1.9943E-10 1.9351E-10 1.8776E-10 1.8205E-10
5.5086E-10 5.4542E-10 5.3984E-10 5.3411E-10 5.2823E-10 5.2222E-10 5.1608E-10 5.0982E-10 5.0345E-10 4.9696E-10 4.9037E-10 4.8369E-10 4.7692E-10 4.7007E-10 4.6314E-10 4.5615E-10 4.4909E-10 4.4198E-10 4.3482E-10 4.2761E-10 4.2037E-10 4.1310E-10 4.0580E-10 3.9849E-10 3.9116E-10 3.8382E-10 3.7648E-10 3.6915E-10 3.6182E-10 3.5451E-10 3.4722E-10 3.3995E-10 3.3272E-10 3.2551E-10 3.1835E-10 3.1123E-10 3.0415E-10 2.9713E-10 2.9016E-10 2.8325E-10 2.7641E-10 2.6963E-10 2.6292E-10 2.5629E-10 2.4962E-10 2.4305E-10 2.3666E-10 2.3025E-10 2.2383E-10 2.1755E-10 2.1147E-10 2.0538E-10 1.9939E-10 1.9355E-10 1.8786E-10 1.8222E-10 1.7668E-10
5.3422E-10 5.2895E-10 5.2353E-10 5.1797E-10 5.1228E-10 5.0645E-10 5.0050E-10 4.9443E-10 4.8825E-10 4.8197E-10 4.7559E-10 4.6911E-10 4.6256E-10 4.5592E-10 4.4921E-10 4.4243E-10 4.3560E-10 4.2871E-10 4.2177E-10 4.1479E-10 4.0777E-10 4.0073E-10 3.9366E-10 3.8657E-10 3.7946E-10 3.7235E-10 3.6524E-10 3.5813E-10 3.5103E-10 3.4395E-10 3.3688E-10 3.2984E-10 3.2282E-10 3.1584E-10 3.0889E-10 3.0199E-10 2.9513E-10 2.8832E-10 2.8156E-10 2.7487E-10 2.6823E-10 2.6166E-10 2.5515E-10 2.4861E-10 2.4216E-10 2.3588E-10 2.2958E-10 2.2327E-10 2.1709E-10 2.1110E-10 2.0510E-10 1.9920E-10 1.9343E-10 1.8782E-10 1.8225E-10 1.7677E-10 1.7140E-10
5.1788E-10 5.1277E-10 5.0751E-10 5.0213E-10 4.9661E-10 4.9096E-10 4.8520E-10 4.7932E-10 4.7334E-10 4.6725E-10 4.6107E-10 4.5480E-10 4.4845E-10 4.4203E-10 4.3553E-10 4.2897E-10 4.2235E-10 4.1568E-10 4.0896E-10 4.0220E-10 3.9540E-10 3.8858E-10 3.8173E-10 3.7486E-10 3.6798E-10 3.6109E-10 3.5420E-10 3.4732E-10 3.4044E-10 3.3357E-10 3.2672E-10 3.1990E-10 3.1310E-10 3.0633E-10 2.9960E-10 2.9291E-10 2.8626E-10 2.7967E-10 2.7312E-10 2.6663E-10 2.6019E-10 2.5382E-10 2.4741E-10 2.4108E-10 2.3482E-10 2.2864E-10 2.2254E-10 2.1646E-10 2.1057E-10 2.0467E-10 1.9885E-10 1.9317E-10 1.8764E-10 1.8214E-10 1.7673E-10 1.7143E-10 1.6622E-10
5.0183E-10 4.9688E-10 4.9179E-10 4.8657E-10 4.8122E-10 4.7576E-10 4.7018E-10 4.6449E-10 4.5870E-10 4.5281E-10 4.4683E-10 4.4077E-10 4.3462E-10 4.2840E-10 4.2211E-10 4.1576E-10 4.0935E-10 4.0289E-10 3.9639E-10 3.8984E-10 3.8326E-10 3.7665E-10 3.7002E-10 3.6337E-10 3.5671E-10 3.5004E-10 3.4337E-10 3.3670E-10 3.3004E-10 3.2339E-10 3.1675E-10 3.1014E-10 3.0356E-10 2.9700E-10 2.9048E-10 2.8400E-10 2.7756E-10 2.7117E-10 2.6483E-10 2.5854E-10 2.5230E-10 2.4603E-10 2.3982E-10 2.3368E-10 2.2762E-10 2.2163E-10 2.1566E-10 2.0977E-10 2.0407E-10 1.9835E-10 1.9275E-10 1.8731E-10 1.8189E-10 1.7656E-10 1.7132E-10 1.6618E-10 1.6119E-10
4.8608E-10 4.8128E-10 4.7636E-10 4.7131E-10 4.6614E-10 4.6085E-10 4.5545E-10 4.4995E-10 4.4435E-10 4.3865E-10 4.3287E-10 4.2700E-10 4.2105E-10 4.1504E-10 4.0895E-10 4.0281E-10 3.9660E-10 3.9035E-10 3.8406E-10 3.7772E-10 3.7136E-10 3.6496E-10 3.5854E-10 3.5211E-10 3.4566E-10 3.3920E-10 3.3274E-10 3.2628E-10 3.1983E-10 3.1340E-10 3.0697E-10 3.0057E-10 2.9420E-10 2.8785E-10 2.8154E-10 2.7526E-10 2.6902E-10 2.6283E-10 2.5669E-10 2.5049E-10 2.4436E-10 2.3839E-10 2.3237E-10 2.2643E-10 2.2050E-10 2.1470E-10 2.0892E-10 2.0332E-10 1.9769E-10 1.9219E-10 1.8683E-10 1.8149E-10 1.7624E-10 1.7108E-10 1.6601E-10 1.6109E-10 1.5613E-10
4.7063E-10 4.6599E-10 4.6123E-10 4.5635E-10 4.5135E-10 4.4624E-10 4.4102E-10 4.3570E-10 4.3028E-10 4.2477E-10 4.1918E-10 4.1351E-10 4.0776E-10 4.0194E-10 3.9605E-10 3.9011E-10 3.8411E-10 3.7806E-10 3.7197E-10 3.6585E-10 3.5969E-10 3.5350E-10 3.4729E-10 3.4106E-10 3.3482E-10 3.2857E-10 3.2232E-10 3.1607E-10 3.0983E-10 3.0360E-10 2.9738E-10 2.9119E-10 2.8502E-10 2.7887E-10 2.7276E-10 2.6669E-10 2.6065E-10 2.5466E-10 2.4860E-10 2.4261E-10 2.3677E-10 2.3089E-10 2.2497E-10 2.1926E-10 2.1358E-10 2.0790E-10 2.0235E-10 1.9688E-10 1.9148E-10 1.8621E-10 1.8096E-10 1.7579E-10 1.7071E-10 1.6571E-10 1.6086E-10 1.5597E-10 1.5123E-10
4.5550E-10 4.5102E-10 4.4641E-10 4.4170E-10 4.3686E-10 4.3192E-10 4.2688E-10 4.2174E-10 4.1651E-10 4.1118E-10 4.0578E-10 4.0029E-10 3.9473E-10 3.8911E-10 3.8342E-10 3.7767E-10 3.7187E-10 3.6602E-10 3.6013E-10 3.5421E-10 3.4825E-10 3.4227E-10 3.3626E-10 3.3024E-10 3.2420E-10 3.1816E-10 3.1211E-10 3.0607E-10 3.0003E-10 2.9400E-10 2.8799E-10 2.8199E-10 2.7602E-10 2.7008E-10 2.6416E-10 2.5828E-10 2.5244E-10 2.4654E-10 2.4069E-10 2.3499E-10 2.2924E-10 2.2344E-10 2.1776E-10 2.1230E-10 2.0674E-10 2.0129E-10 1.9587E-10 1.9062E-10 1.8538E-10 1.8029E-10 1.7521E-10 1.7014E-10 1.6529E-10 1.6051E-10 1.5569E-10 1.5102E-10 1.4649E-10
4.4068E-10 4.3635E-10 4.3191E-10 4.2735E-10 4.2269E-10 4.1791E-10 4.1304E-10 4.0808E-10 4.0302E-10 3.9788E-10 3.9265E-10 3.8735E-10 3.8198E-10 3.7654E-10 3.7104E-10 3.6549E-10 3.5988E-10 3.5423E-10 3.4854E-10 3.4281E-10 3.3705E-10 3.3127E-10 3.2546E-10 3.1964E-10 3.1380E-10 3.0796E-10 3.0211E-10 2.9627E-10 2.9043E-10 2.8460E-10 2.7878E-10 2.7298E-10 2.6721E-10 2.6146E-10 2.5574E-10 2.4994E-10 2.4430E-10 2.3859E-10 2.3293E-10 2.2742E-10 2.2176E-10 2.1620E-10 2.1079E-10 2.0541E-10 1.9997E-10 1.9476E-10 1.8962E-10 1.8448E-10 1.7942E-10 1.7443E-10 1.6951E-10 1.6474E-10 1.6003E-10 1.5529E-10 1.5068E-10 1.4622E-10 1.4172E-10
4.2618E-10 4.2201E-10 4.1772E-10 4.1332E-10 4.0881E-10 4.0421E-10 3.9950E-10 3.9471E-10 3.8983E-10 3.8486E-10 3.7981E-10 3.7469E-10 3.6950E-10 3.6425E-10 3.5894E-10 3.5357E-10 3.4816E-10 3.4270E-10 3.3719E-10 3.3166E-10 3.2609E-10 3.2050E-10 3.1489E-10 3.0926E-10 3.0362E-10 2.9797E-10 2.9232E-10 2.8667E-10 2.8103E-10 2.7539E-10 2.6977E-10 2.6416E-10 2.5858E-10 2.5302E-10 2.4739E-10 2.4179E-10 2.3633E-10 2.3081E-10 2.2534E-10 2.1991E-10 2.1448E-10 2.0920E-10 2.0394E-10 1.9861E-10 1.9345E-10 1.8848E-10 1.8344E-10 1.7848E-10 1.7358E-10 1.6875E-10 1.6400E-10 1.5938E-10 1.5477E-10 1.5024E-10 1.4585E-10 1.4141E-10 1.3717E-10
4.1201E-10 4.0798E-10 4.0384E-10 3.9960E-10 3.9525E-10 3.9080E-10 3.8626E-10 3.8164E-10 3.7692E-10 3.7213E-10 3.6725E-10 3.6231E-10 3.5730E-10 3.5223E-10 3.4710E-10 3.4191E-10 3.3668E-10 3.3141E-10 3.2610E-10 3.2075E-10 3.1537E-10 3.0997E-10 3.0455E-10 2.9911E-10 2.9366E-10 2.8820E-10 2.8274E-10 2.7728E-10 2.7183E-10 2.6638E-10 2.6095E-10 2.5553E-10 2.5014E-10 2.4466E-10 2.3922E-10 2.3391E-10 2.2854E-10 2.2310E-10 2.1785E-10 2.1261E-10 2.0736E-10 2.0226E-10 1.9711E-10 1.9207E-10 1.8720E-10 1.8227E-10 1.7740E-10 1.7260E-10 1.6786E-10 1.6319E-10 1.5866E-10 1.5413E-10 1.4967E-10 1.4523E-10 1.4099E-10 1.3682E-10 1.3260E-10
3.9815E-10 3.9427E-10 3.9028E-10 3.8618E-10 3.8199E-10 3.7770E-10 3.7332E-10 3.6886E-10 3.6431E-10 3.5968E-10 3.5498E-10 3.5020E-10 3.4537E-10 3.4047E-10 3.3552E-10 3.3052E-10 3.2547E-10 3.2037E-10 3.1524E-10 3.1008E-10 3.0489E-10 2.9967E-10 2.9444E-10 2.8918E-10 2.8392E-10 2.7865E-10 2.7338E-10 2.6810E-10 2.6283E-10 2.5757E-10 2.5232E-10 2.4699E-10 2.4178E-10 2.3649E-10 2.3123E-10 2.2611E-10 2.2081E-10 2.1560E-10 2.1060E-10 2.0547E-10 2.0044E-10 1.9547E-10 1.9054E-10 1.8572E-10 1.8090E-10 1.7613E-10 1.7149E-10 1.6685E-10 1.6227E-10 1.5782E-10 1.5338E-10 1.4894E-10 1.4463E-10 1.4046E-10 1.3636E-10 1.3221E-10 1.2819E-10
3.8462E-10 3.8088E-10 3.7703E-10 3.7308E-10 3.6904E-10 3.6491E-10 3.6068E-10 3.5637E-10 3.5198E-10 3.4752E-10 3.4298E-10 3.3838E-10 3.3371E-10 3.2899E-10 3.2421E-10 3.1938E-10 3.1451E-10 3.0959E-10 3.0464E-10 2.9966E-10 2.9464E-10 2.8961E-10 2.8455E-10 2.7948E-10 2.7440E-10 2.6931E-10 2.6422E-10 2.5913E-10 2.5404E-10 2.4896E-10 2.4379E-10 2.3864E-10 2.3361E-10 2.2850E-10 2.2343E-10 2.1838E-10 2.1331E-10 2.0838E-10 2.0344E-10 1.9843E-10 1.9363E-10 1.8888E-10 1.8411E-10 1.7946E-10 1.7480E-10 1.7020E-10 1.6565E-10 1.6123E-10 1.5687E-10 1.5251E-10 1.4815E-10 1.4392E-10 1.3982E-10 1.3573E-10 1.3171E-10 1.2776E-10 1.2394E-10
3.7141E-10 3.6780E-10 3.6410E-10 3.6029E-10 3.5640E-10 3.5241E-10 3.4834E-10 3.4418E-10 3.3995E-10 3.3564E-10 3.3127E-10 3.2683E-10 3.2233E-10 3.1777E-10 3.1316E-10 3.0850E-10 3.0380E-10 2.9906E-10 2.9428E-10 2.8947E-10 2.8464E-10 2.7978E-10 2.7490E-10 2.7001E-10 2.6510E-10 2.6019E-10 2.5528E-10 2.5036E-10 2.4535E-10 2.4045E-10 2.3546E-10 2.3048E-10 2.2563E-10 2.2060E-10 2.1574E-10 2.1087E-10 2.0598E-10 2.0128E-10 1.9640E-10 1.9166E-10 1.8708E-10 1.8243E-10 1.7789E-10 1.7334E-10 1.6884E-10 1.6440E-10 1.6007E-10 1.5573E-10 1.5146E-10 1.4726E-10 1.4311E-10 1.3908E-10 1.3500E-10 1.3111E-10 1.2723E-10 1.2334E-10 1.1960E-10
3.5852E-10 3.5505E-10 3.5148E-10 3.4781E-10 3.4406E-10 3.4022E-10 3.3629E-10 3.3229E-10 3.2821E-10 3.2405E-10 3.1984E-10 3.1556E-10 3.1122E-10 3.0682E-10 3.0238E-10 2.9788E-10 2.9335E-10 2.8878E-10 2.8417E-10 2.7953E-10 2.7487E-10 2.7018E-10 2.6547E-10 2.6075E-10 2.5602E-10 2.5129E-10 2.4654E-10 2.4170E-10 2.3686E-10 2.3214E-10 2.2732E-10 2.2252E-10 2.1774E-10 2.1293E-10 2.0831E-10 2.0355E-10 1.9886E-10 1.9423E-10 1.8962E-10 1.8516E-10 1.8063E-10 1.7614E-10 1.7170E-10 1.6730E-10 1.6302E-10 1.5879E-10 1.5449E-10 1.5031E-10 1.4625E-10 1.4218E-10 1.3818E-10 1.3423E-10 1.3042E-10 1.2654E-10 1.2278E-10 1.1910E-10 1.1560E-10
3.4595E-10 3.4261E-10 3.3917E-10 3.3564E-10 3.3202E-10 3.2832E-10 3.2454E-10 3.2068E-10 3.1675E-10 3.1275E-10 3.0868E-10 3.0456E-10 3.0037E-10 2.9614E-10 2.9185E-10 2.8752E-10 2.8315E-10 2.7874E-10 2.7430E-10 2.6983E-10 2.6533E-10 2.6081E-10 2.5628E-10 2.5172E-10 2.4716E-10 2.4249E-10 2.3792E-10 2.3325E-10 2.2858E-10 2.2403E-10 2.1928E-10 2.1476E-10 2.1009E-10 2.0555E-10 2.0099E-10 1.9633E-10 1.9194E-10 1.8745E-10 1.8306E-10 1.7865E-10 1.7427E-10 1.7000E-10 1.6571E-10 1.6147E-10 1.5734E-10 1.5320E-10 1.4911E-10 1.4514E-10 1.4110E-10 1.3723E-10 1.3337E-10 1.2962E-10 1.2582E-10 1.2213E-10 1.1851E-10 1.1501E-10 1.1152E-10
3.3370E-10 3.3048E-10 3.2717E-10 3.2377E-10 3.2029E-10 3.1672E-10 3.1308E-10 3.0936E-10 3.0558E-10 3.0172E-10 2.9781E-10 2.9383E-10 2.8980E-10 2.8572E-10 2.8159E-10 2.7742E-10 2.7321E-10 2.6896E-10 2.6468E-10 2.6037E-10 2.5603E-10 2.5168E-10 2.4730E-10 2.4281E-10 2.3842E-10 2.3391E-10 2.2951E-10 2.2501E-10 2.2051E-10 2.1602E-10 2.1148E-10 2.0713E-10 2.0263E-10 1.9825E-10 1.9379E-10 1.8940E-10 1.8517E-10 1.8084E-10 1.7661E-10 1.7235E-10 1.6813E-10 1.6395E-10 1.5988E-10 1.5585E-10 1.5180E-10 1.4781E-10 1.4386E-10 1.3997E-10 1.3619E-10 1.3240E-10 1.2868E-10 1.2500E-10 1.2139E-10 1.1784E-10 1.1434E-10 1.1097E-10 1.0759E-10
3.2176E-10 3.1866E-10 3.1548E-10 3.1220E-10 3.0885E-10 3.0542E-10 3.0191E-10 2.9833E-10 2.9469E-10 2.9098E-10 2.8721E-10 2.8338E-10 2.7950E-10 2.7557E-10 2.7159E-10 2.6757E-10 2.6351E-10 2.5942E-10 2.5530E-10 2.5114E-10 2.4697E-10 2.4277E-10 2.3845E-10 2.3413E-10 2.2990E-10 2.2555E-10 2.2131E-10 2.1687E-10 2.1264E-10 2.0826E-10 2.0399E-10 1.9969E-10 1.9529E-10 1.9113E-10 1.8688E-10 1.8277E-10 1.7856E-10 1.7433E-10 1.7025E-10 1.6621E-10 1.6214E-10 1.5817E-10 1.5418E-10 1.5030E-10 1.4634E-10 1.4249E-10 1.3874E-10 1.3505E-10 1.3129E-10 1.2763E-10 1.2410E-10 1.2056E-10 1.1707E-10 1.1364E-10 1.1033E-10 1.0696E-10 1.0377E-10
3.1013E-10 3.0715E-10 3.0409E-10 3.0094E-10 2.9771E-10 2.9441E-10 2.9104E-10 2.8759E-10 2.8408E-10 2.8051E-10 2.7688E-10 2.7320E-10 2.6946E-10 2.6567E-10 2.6185E-10 2.5798E-10 2.5407E-10 2.5013E-10 2.4616E-10 2.4216E-10 2.3803E-10 2.3399E-10 2.2984E-10 2.2577E-10 2.2159E-10 2.1731E-10 2.1323E-10 2.0899E-10 2.0492E-10 2.0070E-10 1.9658E-10 1.9238E-10 1.8824E-10 1.8424E-10 1.8014E-10 1.7612E-10 1.7207E-10 1.6811E-10 1.6412E-10 1.6016E-10 1.5636E-10 1.5242E-10 1.4864E-10 1.4483E-10 1.4107E-10 1.3742E-10 1.3375E-10 1.3014E-10 1.2656E-10 1.2311E-10 1.1958E-10 1.1622E-10 1.1286E-10 1.0962E-10 1.0624E-10 1.0317E-10 1.0003E-10
2.9881E-10 2.9595E-10 2.9300E-10 2.8997E-10 2.8687E-10 2.8369E-10 2.8045E-10 2.7713E-10 2.7376E-10 2.7032E-10 2.6683E-10 2.6328E-10 2.5968E-10 2.5604E-10 2.5236E-10 2.4863E-10 2.4487E-10 2.4108E-10 2.3715E-10 2.3330E-10 2.2933E-10 2.2545E-10 2.2144E-10 2.1753E-10 2.1341E-10 2.0943E-10 2.0540E-10 2.0132E-10 1.9740E-10 1.9327E-10 1.8937E-10 1.8537E-10 1.8150E-10 1.7753E-10 1.7358E-10 1.6971E-10 1.6581E-10 1.6193E-10 1.5815E-10 1.5440E-10 1.5062E-10 1.4687E-10 1.4323E-10 1.3951E-10 1.3595E-10 1.3237E-10 1.2890E-10 1.2541E-10 1.2196E-10 1.1851E-10 1.1529E-10 1.1200E-10 1.0876E-10 1.0551E-10 1.0250E-10 9.9363E-11 9.6336E-11
2.8780E-10 2.8505E-10 2.8221E-10 2.7930E-10 2.7632E-10 2.7326E-10 2.7014E-10 2.6695E-10 2.6371E-10 2.6040E-10 2.5704E-10 2.5363E-10 2.5017E-10 2.4667E-10 2.4312E-10 2.3954E-10 2.3581E-10 2.3217E-10 2.2839E-10 2.2469E-10 2.2087E-10 2.1713E-10 2.1317E-10 2.0942E-10 2.0549E-10 2.0172E-10 1.9778E-10 1.9395E-10 1.9002E-10 1.8614E-10 1.8240E-10 1.7854E-10 1.7476E-10 1.7093E-10 1.6719E-10 1.6347E-10 1.5971E-10 1.5604E-10 1.5233E-10 1.4872E-10 1.4502E-10 1.4148E-10 1.3791E-10 1.3444E-10 1.3095E-10 1.2757E-10 1.2410E-10 1.2074E-10 1.1743E-10 1.1428E-10 1.1100E-10 1.0783E-10 1.0471E-10 1.0176E-10 9.8678E-11 9.5709E-11 9.2740E-11
2.7709E-10 2.7444E-10 2.7172E-10 2.6892E-10 2.6605E-10 2.6312E-10 2.6012E-10 2.5705E-10 2.5393E-10 2.5075E-10 2.4752E-10 2.4424E-10 2.4092E-10 2.3755E-10 2.3403E-10 2.3059E-10 2.2701E-10 2.2350E-10 2.1987E-10 2.1631E-10 2.1253E-10 2.0894E-10 2.0518E-10 2.0157E-10 1.9778E-10 1.9416E-10 1.9031E-10 1.8669E-10 1.8295E-10 1.7934E-10 1.7561E-10 1.7190E-10 1.6826E-10 1.6457E-10 1.6097E-10 1.5733E-10 1.5377E-10 1.5018E-10 1.4668E-10 1.4314E-10 1.3964E-10 1.3623E-10 1.3285E-10 1.2939E-10 1.2603E-10 1.2278E-10 1.1949E-10 1.1626E-10 1.1313E-10 1.0998E-10 1.0688E-10 1.0383E-10 1.0088E-10 9.7923E-11 9.4893E-11 9.2100E-11 8.9176E-11
2.6668E-10 2.6414E-10 2.6152E-10 2.5883E-10 2.5608E-10 2.5326E-10 2.5037E-10 2.4743E-10 2.4443E-10 2.4137E-10 2.3827E-10 2.3512E-10 2.3181E-10 2.2858E-10 2.2520E-10 2.2189E-10 2.1845E-10 2.1508E-10 2.1148E-10 2.0807E-10 2.0447E-10 2.0102E-10 1.9740E-10 1.9393E-10 1.9023E-10 1.8675E-10 1.8315E-10 1.7967E-10 1.7606E-10 1.7253E-10 1.6895E-10 1.6544E-10 1.6194E-10 1.5839E-10 1.5493E-10 1.5142E-10 1.4800E-10 1.4454E-10 1.4111E-10 1.3771E-10 1.3440E-10 1.3106E-10 1.2781E-10 1.2454E-10 1.2137E-10 1.1811E-10 1.1502E-10 1.1190E-10 1.0889E-10 1.0586E-10 1.0287E-10 9.9931E-11 9.7098E-11 9.4129E-11 9.1394E-11 8.8525E-11 8.5707E-11
2.5656E-10 2.5412E-10 2.5161E-10 2.4903E-10 2.4638E-10 2.4367E-10 2.4090E-10 2.3807E-10 2.3519E-10 2.3226E-10 2.2917E-10 2.2614E-10 2.2297E-10 2.1986E-10 2.1661E-10 2.1344E-10 2.1002E-10 2.0679E-10 2.0337E-10 2.0010E-10 1.9664E-10 1.9333E-10 1.8978E-10 1.8645E-10 1.8299E-10 1.7965E-10 1.7618E-10 1.7284E-10 1.6931E-10 1.6598E-10 1.6253E-10 1.5916E-10 1.5573E-10 1.5238E-10 1.4899E-10 1.4568E-10 1.4233E-10 1.3900E-10 1.3577E-10 1.3255E-10 1.2931E-10 1.2609E-10 1.2291E-10 1.1982E-10 1.1665E-10 1.1370E-10 1.1066E-10 1.0766E-10 1.0464E-10 1.0185E-10 9.8975E-11 9.6206E-11 9.3241E-11 9.0562E-11 8.7812E-11 8.5048E-11 8.2458E-11
2.4674E-10 2.4440E-10 2.4198E-10 2.3951E-10 2.3697E-10 2.3436E-10 2.3171E-10 2.2888E-10 2.2612E-10 2.2330E-10 2.2034E-10 2.1743E-10 2.1438E-10 2.1140E-10 2.0818E-10 2.0513E-10 2.0195E-10 1.9879E-10 1.9567E-10 1.9236E-10 1.8920E-10 1.8580E-10 1.8261E-10 1.7929E-10 1.7608E-10 1.7275E-10 1.6948E-10 1.6615E-10 1.6282E-10 1.5956E-10 1.5624E-10 1.5306E-10 1.4976E-10 1.4655E-10 1.4329E-10 1.4004E-10 1.3688E-10 1.3368E-10 1.3057E-10 1.2742E-10 1.2430E-10 1.2127E-10 1.1821E-10 1.1518E-10 1.1225E-10 1.0929E-10 1.0637E-10 1.0348E-10 1.0076E-10 9.7893E-11 9.5187E-11 9.2348E-11 8.9728E-11 8.7037E-11 8.4269E-11 8.1792E-11 7.9181E-11
