Assets/Resources/2015_m01_d04_0500(utc+0800)_l00_csi_1hr_conc.grd
DSAA
         159         159
     -79.000      79.000
     -79.000      79.000
  0.4884E-10  0.5695E-04
[rows 0 to 24 of 159, columns 0 to 56 of 159]
4.8841E-11 4.9497E-11 5.0158E-11 5.0823E-11 5.1492E-11 5.2165E-11 5.2843E-11 5.3525E-11 5.4211E-11 5.4901E-11 5.5595E-11 5.6293E-11 5.6994E-11 5.7700E-11 5.8409E-11 5.9121E-11 5.9838E-11 6.0557E-11 6.1280E-11 6.2006E-11 6.2735E-11 6.3468E-11 6.4203E-11 6.4941E-11 6.5682E-11 6.6426E-11 6.7172E-11 6.7921E-11 6.8672E-11 6.9425E-11 7.0181E-11 7.0939E-11 7.1698E-11 7.2459E-11 7.3223E-11 7.3987E-11 7.4754E-11 7.5521E-11 7.6290E-11 7.7060E-11 7.7831E-11 7.8602E-11 7.9375E-11 8.0148E-11 8.0922E-11 8.1696E-11 8.2470E-11 8.3245E-11 8.4019E-11 8.4793E-11 8.5567E-11 8.6340E-11 8.7113E-11 8.7885E-11 8.8656E-11 8.9426E-11 9.0195E-11
4.9317E-11 4.9979E-11 5.0646E-11 5.1318E-11 5.1993E-11 5.2673E-11 5.3358E-11 5.4046E-11 5.4739E-11 5.5436E-11 5.6137E-11 5.6841E-11 5.7550E-11 5.8262E-11 5.8978E-11 5.9698E-11 6.0421E-11 6.1148E-11 6.1878E-11 6.2611E-11 6.3347E-11 6.4087E-11 6.4830E-11 6.5575E-11 6.6323E-11 6.7074E-11 6.7828E-11 6.8584E-11 6.9343E-11 7.0103E-11 7.0866E-11 7.1631E-11 7.2398E-11 7.3167E-11 7.3938E-11 7.4710E-11 7.5484E-11 7.6259E-11 7.7035E-11 7.7813E-11 7.8591E-11 7.9371E-11 8.0151E-11 8.0932E-11 8.1713E-11 8.2495E-11 8.3276E-11 8.4058E-11 8.4840E-11 8.5622E-11 8.6404E-11 8.7184E-11 8.7965E-11 8.8744E-11 8.9523E-11 9.0301E-11 9.1078E-11
4.9793E-11 5.0462E-11 5.1135E-11 5.1813E-11 5.2495E-11 5.3182E-11 5.3873E-11 5.4568E-11 5.5268E-11 5.5971E-11 5.6679E-11 5.7391E-11 5.8106E-11 5.8825E-11 5.9548E-11 6.0275E-11 6.1005E-11 6.1739E-11 6.2476E-11 6.3217E-11 6.3960E-11 6.4707E-11 6.5457E-11 6.6209E-11 6.6965E-11 6.7723E-11 6.8484E-11 6.9248E-11 7.0014E-11 7.0782E-11 7.1552E-11 7.2325E-11 7.3099E-11 7.3876E-11 7.4654E-11 7.5434E-11 7.6215E-11 7.6998E-11 7.7782E-11 7.8567E-11 7.9353E-11 8.0140E-11 8.0928E-11 8.1716E-11 8.2505E-11 8.3294E-11 8.4084E-11 8.4873E-11 8.5663E-11 8.6452E-11 8.7241E-11 8.8030E-11 8.8818E-11 8.9605E-11 9.0391E-11 9.1177E-11 9.1961E-11
5.0269E-11 5.0944E-11 5.1624E-11 5.2309E-11 5.2998E-11 5.3691E-11 5.4389E-11 5.5091E-11 5.5797E-11 5.6507E-11 5.7222E-11 5.7940E-11 5.8663E-11 5.9389E-11 6.0119E-11 6.0853E-11 6.1590E-11 6.2331E-11 6.3075E-11 6.3822E-11 6.4573E-11 6.5327E-11 6.6084E-11 6.6844E-11 6.7607E-11 6.8373E-11 6.9141E-11 6.9912E-11 7.0685E-11 7.1461E-11 7.2239E-11 7.3019E-11 7.3801E-11 7.4585E-11 7.5370E-11 7.6158E-11 7.6947E-11 7.7737E-11 7.8528E-11 7.9321E-11 8.0115E-11 8.0909E-11 8.1705E-11 8.2501E-11 8.3297E-11 8.4094E-11 8.4891E-11 8.5689E-11 8.6486E-11 8.7283E-11 8.8080E-11 8.8876E-11 8.9672E-11 9.0466E-11 9.1260E-11 9.2053E-11 9.2845E-11
5.0746E-11 5.1428E-11 5.2114E-11 5.2805E-11 5.3501E-11 5.4201E-11 5.4905E-11 5.5614E-11 5.6327E-11 5.7044E-11 5.7765E-11 5.8490E-11 5.9220E-11 5.9953E-11 6.0690E-11 6.1431E-11 6.2175E-11 6.2923E-11 6.3674E-11 6.4429E-11 6.5187E-11 6.5948E-11 6.6712E-11 6.7480E-11 6.8250E-11 6.9023E-11 6.9799E-11 7.0577E-11 7.1358E-11 7.2141E-11 7.2926E-11 7.3713E-11 7.4503E-11 7.5294E-11 7.6087E-11 7.6882E-11 7.7679E-11 7.8477E-11 7.9276E-11 8.0076E-11 8.0877E-11 8.1680E-11 8.2483E-11 8.3286E-11 8.4091E-11 8.4895E-11 8.5700E-11 8.6505E-11 8.7310E-11 8.8114E-11 8.8919E-11 8.9723E-11 9.0526E-11 9.1328E-11 9.2130E-11 9.2930E-11 9.3730E-11
5.1223E-11 5.1911E-11 5.2604E-11 5.3301E-11 5.4004E-11 5.4710E-11 5.5421E-11 5.6137E-11 5.6857E-11 5.7580E-11 5.8309E-11 5.9041E-11 5.9777E-11 6.0517E-11 6.1261E-11 6.2009E-11 6.2760E-11 6.3515E-11 6.4274E-11 6.5036E-11 6.5801E-11 6.6569E-11 6.7341E-11 6.8115E-11 6.8893E-11 6.9673E-11 7.0456E-11 7.1242E-11 7.2030E-11 7.2821E-11 7.3613E-11 7.4408E-11 7.5205E-11 7.6004E-11 7.6805E-11 7.7607E-11 7.8411E-11 7.9217E-11 8.0023E-11 8.0831E-11 8.1640E-11 8.2450E-11 8.3261E-11 8.4072E-11 8.4884E-11 8.5696E-11 8.6509E-11 8.7321E-11 8.8134E-11 8.8946E-11 8.9758E-11 9.0570E-11 9.1381E-11 9.2191E-11 9.3000E-11 9.3808E-11 9.4615E-11
5.1700E-11 5.2394E-11 5.3094E-11 5.3798E-11 5.4507E-11 5.5220E-11 5.5938E-11 5.6660E-11 5.7386E-11 5.8117E-11 5.8852E-11 5.9591E-11 6.0334E-11 6.1082E-11 6.1833E-11 6.2587E-11 6.3346E-11 6.4108E-11 6.4874E-11 6.5643E-11 6.6415E-11 6.7191E-11 6.7969E-11 6.8751E-11 6.9536E-11 7.0324E-11 7.1114E-11 7.1907E-11 7.2703E-11 7.3501E-11 7.4301E-11 7.5103E-11 7.5908E-11 7.6714E-11 7.7523E-11 7.8333E-11 7.9144E-11 7.9957E-11 8.0772E-11 8.1587E-11 8.2404E-11 8.3221E-11 8.4040E-11 8.4858E-11 8.5678E-11 8.6498E-11 8.7318E-11 8.8138E-11 8.8958E-11 8.9778E-11 9.0598E-11 9.1417E-11 9.2236E-11 9.3054E-11 9.3870E-11 9.4686E-11 9.5501E-11
5.2177E-11 5.2878E-11 5.3584E-11 5.4295E-11 5.5010E-11 5.5730E-11 5.6454E-11 5.7183E-11 5.7917E-11 5.8654E-11 5.9396E-11 6.0142E-11 6.0892E-11 6.1646E-11 6.2404E-11 6.3166E-11 6.3931E-11 6.4701E-11 6.5473E-11 6.6250E-11 6.7029E-11 6.7812E-11 6.8598E-11 6.9387E-11 7.0179E-11 7.0975E-11 7.1772E-11 7.2573E-11 7.3376E-11 7.4181E-11 7.4989E-11 7.5799E-11 7.6611E-11 7.7425E-11 7.8241E-11 7.9058E-11 7.9877E-11 8.0698E-11 8.1520E-11 8.2343E-11 8.3167E-11 8.3992E-11 8.4818E-11 8.5645E-11 8.6472E-11 8.7300E-11 8.8127E-11 8.8955E-11 8.9783E-11 9.0611E-11 9.1438E-11 9.2265E-11 9.3091E-11 9.3917E-11 9.4741E-11 9.5564E-11 9.6387E-11
5.2654E-11 5.3362E-11 5.4074E-11 5.4791E-11 5.5513E-11 5.6240E-11 5.6971E-11 5.7707E-11 5.8447E-11 5.9191E-11 5.9940E-11 6.0693E-11 6.1449E-11 6.2210E-11 6.2975E-11 6.3744E-11 6.4517E-11 6.5293E-11 6.6073E-11 6.6857E-11 6.7643E-11 6.8434E-11 6.9227E-11 7.0023E-11 7.0823E-11 7.1625E-11 7.2430E-11 7.3238E-11 7.4049E-11 7.4861E-11 7.5677E-11 7.6494E-11 7.7314E-11 7.8135E-11 7.8958E-11 7.9784E-11 8.0610E-11 8.1438E-11 8.2268E-11 8.3099E-11 8.3931E-11 8.4763E-11 8.5597E-11 8.6431E-11 8.7266E-11 8.8101E-11 8.8937E-11 8.9772E-11 9.0608E-11 9.1443E-11 9.2278E-11 9.3113E-11 9.3946E-11 9.4779E-11 9.5612E-11 9.6443E-11 9.7272E-11
5.3131E-11 5.3845E-11 5.4564E-11 5.5288E-11 5.6016E-11 5.6750E-11 5.7487E-11 5.8230E-11 5.8977E-11 5.9728E-11 6.0483E-11 6.1243E-11 6.2007E-11 6.2775E-11 6.3547E-11 6.4323E-11 6.5102E-11 6.5886E-11 6.6673E-11 6.7463E-11 6.8258E-11 6.9055E-11 6.9855E-11 7.0659E-11 7.1466E-11 7.2276E-11 7.3088E-11 7.3903E-11 7.4721E-11 7.5542E-11 7.6364E-11 7.7189E-11 7.8016E-11 7.8845E-11 7.9676E-11 8.0509E-11 8.1343E-11 8.2179E-11 8.3016E-11 8.3854E-11 8.4694E-11 8.5534E-11 8.6376E-11 8.7218E-11 8.8060E-11 8.8903E-11 8.9746E-11 9.0589E-11 9.1432E-11 9.2275E-11 9.3118E-11 9.3960E-11 9.4802E-11 9.5642E-11 9.6482E-11 9.7321E-11 9.8158E-11
5.3608E-11 5.4328E-11 5.5054E-11 5.5784E-11 5.6519E-11 5.7259E-11 5.8004E-11 5.8753E-11 5.9506E-11 6.0264E-11 6.1027E-11 6.1793E-11 6.2564E-11 6.3339E-11 6.4118E-11 6.4901E-11 6.5688E-11 6.6478E-11 6.7272E-11 6.8070E-11 6.8871E-11 6.9676E-11 7.0484E-11 7.1295E-11 7.2109E-11 7.2926E-11 7.3746E-11 7.4569E-11 7.5394E-11 7.6222E-11 7.7052E-11 7.7884E-11 7.8719E-11 7.9555E-11 8.0394E-11 8.1234E-11 8.2076E-11 8.2919E-11 8.3764E-11 8.4610E-11 8.5457E-11 8.6305E-11 8.7154E-11 8.8004E-11 8.8854E-11 8.9704E-11 9.0555E-11 9.1406E-11 9.2257E-11 9.3107E-11 9.3958E-11 9.4807E-11 9.5657E-11 9.6505E-11 9.7352E-11 9.8199E-11 9.9044E-11
5.4084E-11 5.4811E-11 5.5543E-11 5.6280E-11 5.7022E-11 5.7769E-11 5.8520E-11 5.9276E-11 6.0036E-11 6.0801E-11 6.1570E-11 6.2343E-11 6.3121E-11 6.3903E-11 6.4689E-11 6.5479E-11 6.6273E-11 6.7070E-11 6.7872E-11 6.8677E-11 6.9485E-11 7.0297E-11 7.1112E-11 7.1930E-11 7.2752E-11 7.3576E-11 7.4403E-11 7.5233E-11 7.6066E-11 7.6901E-11 7.7739E-11 7.8579E-11 7.9421E-11 8.0265E-11 8.1111E-11 8.1959E-11 8.2808E-11 8.3659E-11 8.4511E-11 8.5365E-11 8.6220E-11 8.7075E-11 8.7932E-11 8.8789E-11 8.9647E-11 9.0505E-11 9.1364E-11 9.2222E-11 9.3081E-11 9.3939E-11 9.4797E-11 9.5654E-11 9.6511E-11 9.7367E-11 9.8222E-11 9.9076E-11 9.9929E-11
5.4561E-11 5.5294E-11 5.6033E-11 5.6776E-11 5.7524E-11 5.8277E-11 5.9035E-11 5.9798E-11 6.0565E-11 6.1337E-11 6.2113E-11 6.2893E-11 6.3678E-11 6.4466E-11 6.5259E-11 6.6056E-11 6.6857E-11 6.7662E-11 6.8470E-11 6.9283E-11 7.0098E-11 7.0917E-11 7.1740E-11 7.2565E-11 7.3394E-11 7.4226E-11 7.5060E-11 7.5898E-11 7.6738E-11 7.7580E-11 7.8426E-11 7.9273E-11 8.0122E-11 8.0974E-11 8.1828E-11 8.2683E-11 8.3540E-11 8.4399E-11 8.5258E-11 8.6120E-11 8.6982E-11 8.7845E-11 8.8710E-11 8.9574E-11 9.0440E-11 9.1306E-11 9.2172E-11 9.3038E-11 9.3904E-11 9.4770E-11 9.5636E-11 9.6501E-11 9.7365E-11 9.8229E-11 9.9091E-11 9.9953E-11 1.0081E-10
5.5036E-11 5.5776E-11 5.6521E-11 5.7271E-11 5.8026E-11 5.8786E-11 5.9550E-11 6.0320E-11 6.1094E-11 6.1872E-11 6.2655E-11 6.3442E-11 6.4234E-11 6.5029E-11 6.5829E-11 6.6633E-11 6.7441E-11 6.8253E-11 6.9069E-11 6.9888E-11 7.0711E-11 7.1537E-11 7.2367E-11 7.3200E-11 7.4036E-11 7.4875E-11 7.5717E-11 7.6562E-11 7.7409E-11 7.8259E-11 7.9112E-11 7.9966E-11 8.0823E-11 8.1683E-11 8.2544E-11 8.3407E-11 8.4271E-11 8.5137E-11 8.6005E-11 8.6874E-11 8.7744E-11 8.8615E-11 8.9486E-11 9.0359E-11 9.1232E-11 9.2105E-11 9.2979E-11 9.3853E-11 9.4727E-11 9.5600E-11 9.6474E-11 9.7346E-11 9.8218E-11 9.9090E-11 9.9960E-11 1.0083E-10 1.0170E-10
5.5512E-11 5.6258E-11 5.7010E-11 5.7766E-11 5.8528E-11 5.9294E-11 6.0065E-11 6.0841E-11 6.1622E-11 6.2407E-11 6.3196E-11 6.3991E-11 6.4789E-11 6.5592E-11 6.6399E-11 6.7210E-11 6.8025E-11 6.8844E-11 6.9666E-11 7.0493E-11 7.1323E-11 7.2156E-11 7.2993E-11 7.3833E-11 7.4677E-11 7.5523E-11 7.6372E-11 7.7225E-11 7.8079E-11 7.8937E-11 7.9797E-11 8.0659E-11 8.1524E-11 8.2390E-11 8.3259E-11 8.4129E-11 8.5002E-11 8.5875E-11 8.6750E-11 8.7627E-11 8.8504E-11 8.9383E-11 9.0262E-11 9.1143E-11 9.2023E-11 9.2904E-11 9.3786E-11 9.4667E-11 9.5549E-11 9.6430E-11 9.7311E-11 9.8191E-11 9.9071E-11 9.9950E-11 1.0083E-10 1.0170E-10 1.0258E-10
5.5986E-11 5.6739E-11 5.7497E-11 5.8260E-11 5.9028E-11 5.9801E-11 6.0579E-11 6.1362E-11 6.2149E-11 6.2941E-11 6.3738E-11 6.4538E-11 6.5344E-11 6.6154E-11 6.6967E-11 6.7785E-11 6.8607E-11 6.9433E-11 7.0263E-11 7.1097E-11 7.1934E-11 7.2775E-11 7.3619E-11 7.4466E-11 7.5317E-11 7.6171E-11 7.7027E-11 7.7887E-11 7.8749E-11 7.9614E-11 8.0481E-11 8.1351E-11 8.2223E-11 8.3097E-11 8.3974E-11 8.4851E-11 8.5731E-11 8.6612E-11 8.7495E-11 8.8379E-11 8.9264E-11 9.0150E-11 9.1037E-11 9.1925E-11 9.2814E-11 9.3702E-11 9.4591E-11 9.5480E-11 9.6369E-11 9.7258E-11 9.8147E-11 9.9035E-11 9.9922E-11 1.0081E-10 1.0169E-10 1.0258E-10 1.0346E-10
5.6460E-11 5.7220E-11 5.7984E-11 5.8754E-11 5.9528E-11 6.0308E-11 6.1092E-11 6.1882E-11 6.2676E-11 6.3474E-11 6.4278E-11 6.5086E-11 6.5898E-11 6.6714E-11 6.7535E-11 6.8360E-11 6.9189E-11 7.0022E-11 7.0859E-11 7.1700E-11 7.2544E-11 7.3392E-11 7.4244E-11 7.5098E-11 7.5956E-11 7.6817E-11 7.7681E-11 7.8548E-11 7.9418E-11 8.0290E-11 8.1165E-11 8.2042E-11 8.2922E-11 8.3803E-11 8.4687E-11 8.5573E-11 8.6460E-11 8.7348E-11 8.8239E-11 8.9130E-11 9.0023E-11 9.0917E-11 9.1812E-11 9.2707E-11 9.3603E-11 9.4499E-11 9.5396E-11 9.6293E-11 9.7189E-11 9.8086E-11 9.8982E-11 9.9878E-11 1.0077E-10 1.0167E-10 1.0256E-10 1.0345E-10 1.0434E-10
5.6933E-11 5.7699E-11 5.8470E-11 5.9246E-11 6.0027E-11 6.0814E-11 6.1605E-11 6.2401E-11 6.3201E-11 6.4007E-11 6.4817E-11 6.5632E-11 6.6451E-11 6.7274E-11 6.8102E-11 6.8934E-11 6.9770E-11 7.0610E-11 7.1454E-11 7.2302E-11 7.3154E-11 7.4009E-11 7.4867E-11 7.5729E-11 7.6594E-11 7.7463E-11 7.8334E-11 7.9208E-11 8.0086E-11 8.0965E-11 8.1847E-11 8.2732E-11 8.3619E-11 8.4508E-11 8.5399E-11 8.6292E-11 8.7187E-11 8.8083E-11 8.8981E-11 8.9880E-11 9.0781E-11 9.1682E-11 9.2584E-11 9.3487E-11 9.4391E-11 9.5295E-11 9.6199E-11 9.7103E-11 9.8008E-11 9.8912E-11 9.9816E-11 1.0072E-10 1.0162E-10 1.0252E-10 1.0342E-10 1.0432E-10 1.0522E-10
5.7406E-11 5.8178E-11 5.8955E-11 5.9738E-11 6.0526E-11 6.1318E-11 6.2116E-11 6.2919E-11 6.3726E-11 6.4539E-11 6.5355E-11 6.6177E-11 6.7003E-11 6.7833E-11 6.8668E-11 6.9507E-11 7.0350E-11 7.1197E-11 7.2048E-11 7.2903E-11 7.3762E-11 7.4624E-11 7.5490E-11 7.6359E-11 7.7232E-11 7.8107E-11 7.8986E-11 7.9868E-11 8.0752E-11 8.1639E-11 8.2529E-11 8.3421E-11 8.4315E-11 8.5212E-11 8.6111E-11 8.7011E-11 8.7913E-11 8.8817E-11 8.9722E-11 9.0629E-11 9.1537E-11 9.2446E-11 9.3356E-11 9.4266E-11 9.5177E-11 9.6089E-11 9.7001E-11 9.7913E-11 9.8825E-11 9.9737E-11 1.0065E-10 1.0156E-10 1.0247E-10 1.0338E-10 1.0429E-10 1.0519E-10 1.0610E-10
5.7877E-11 5.8656E-11 5.9440E-11 6.0229E-11 6.1023E-11 6.1822E-11 6.2627E-11 6.3436E-11 6.4250E-11 6.5069E-11 6.5893E-11 6.6721E-11 6.7554E-11 6.8391E-11 6.9233E-11 7.0079E-11 7.0929E-11 7.1783E-11 7.2641E-11 7.3503E-11 7.4369E-11 7.5238E-11 7.6111E-11 7.6988E-11 7.7868E-11 7.8750E-11 7.9636E-11 8.0525E-11 8.1417E-11 8.2312E-11 8.3209E-11 8.4108E-11 8.5010E-11 8.5914E-11 8.6820E-11 8.7728E-11 8.8638E-11 8.9549E-11 9.0462E-11 9.1376E-11 9.2292E-11 9.3208E-11 9.4126E-11 9.5044E-11 9.5963E-11 9.6882E-11 9.7801E-11 9.8721E-11 9.9640E-11 1.0056E-10 1.0148E-10 1.0240E-10 1.0331E-10 1.0423E-10 1.0515E-10 1.0606E-10 1.0698E-10
5.8348E-11 5.9132E-11 5.9923E-11 6.0718E-11 6.1519E-11 6.2325E-11 6.3136E-11 6.3952E-11 6.4773E-11 6.5598E-11 6.6429E-11 6.7264E-11 6.8104E-11 6.8948E-11 6.9796E-11 7.0649E-11 7.1506E-11 7.2368E-11 7.3233E-11 7.4102E-11 7.4975E-11 7.5851E-11 7.6731E-11 7.7615E-11 7.8502E-11 7.9392E-11 8.0285E-11 8.1182E-11 8.2081E-11 8.2983E-11 8.3887E-11 8.4794E-11 8.5703E-11 8.6615E-11 8.7528E-11 8.8444E-11 8.9361E-11 9.0280E-11 9.1200E-11 9.2122E-11 9.3045E-11 9.3969E-11 9.4894E-11 9.5820E-11 9.6746E-11 9.7673E-11 9.8600E-11 9.9527E-11 1.0045E-10 1.0138E-10 1.0231E-10 1.0323E-10 1.0416E-10 1.0508E-10 1.0601E-10 1.0693E-10 1.0785E-10
5.8817E-11 5.9608E-11 6.0405E-11 6.1207E-11 6.2014E-11 6.2826E-11 6.3644E-11 6.4466E-11 6.5294E-11 6.6126E-11 6.6964E-11 6.7806E-11 6.8652E-11 6.9503E-11 7.0359E-11 7.1219E-11 7.2083E-11 7.2951E-11 7.3823E-11 7.4699E-11 7.5579E-11 7.6463E-11 7.7350E-11 7.8241E-11 7.9135E-11 8.0032E-11 8.0933E-11 8.1837E-11 8.2743E-11 8.3652E-11 8.4564E-11 8.5478E-11 8.6395E-11 8.7314E-11 8.8235E-11 8.9158E-11 9.0082E-11 9.1009E-11 9.1937E-11 9.2866E-11 9.3797E-11 9.4728E-11 9.5661E-11 9.6594E-11 9.7528E-11 9.8462E-11 9.9396E-11 1.0033E-10 1.0127E-10 1.0220E-10 1.0313E-10 1.0407E-10 1.0500E-10 1.0593E-10 1.0686E-10 1.0779E-10 1.0872E-10
5.9285E-11 6.0082E-11 6.0885E-11 6.1694E-11 6.2508E-11 6.3326E-11 6.4151E-11 6.4980E-11 6.5814E-11 6.6653E-11 6.7497E-11 6.8346E-11 6.9199E-11 7.0057E-11 7.0919E-11 7.1786E-11 7.2657E-11 7.3532E-11 7.4412E-11 7.5295E-11 7.6182E-11 7.7073E-11 7.7967E-11 7.8865E-11 7.9766E-11 8.0671E-11 8.1579E-11 8.2490E-11 8.3403E-11 8.4320E-11 8.5239E-11 8.6161E-11 8.7085E-11 8.8011E-11 8.8939E-11 8.9870E-11 9.0802E-11 9.1736E-11 9.2671E-11 9.3608E-11 9.4546E-11 9.5485E-11 9.6425E-11 9.7366E-11 9.8307E-11 9.9249E-11 1.0019E-10 1.0113E-10 1.0208E-10 1.0302E-10 1.0396E-10 1.0490E-10 1.0584E-10 1.0678E-10 1.0772E-10 1.0866E-10 1.0959E-10
5.9751E-11 6.0555E-11 6.1365E-11 6.2180E-11 6.3000E-11 6.3825E-11 6.4656E-11 6.5492E-11 6.6333E-11 6.7178E-11 6.8029E-11 6.8885E-11 6.9745E-11 7.0609E-11 7.1479E-11 7.2352E-11 7.3230E-11 7.4112E-11 7.4999E-11 7.5889E-11 7.6783E-11 7.7681E-11 7.8583E-11 7.9488E-11 8.0396E-11 8.1308E-11 8.2223E-11 8.3141E-11 8.4062E-11 8.4986E-11 8.5912E-11 8.6841E-11 8.7773E-11 8.8707E-11 8.9642E-11 9.0580E-11 9.1520E-11 9.2461E-11 9.3404E-11 9.4348E-11 9.5294E-11 9.6240E-11 9.7188E-11 9.8136E-11 9.9085E-11 1.0003E-10 1.0098E-10 1.0193E-10 1.0288E-10 1.0383E-10 1.0478E-10 1.0573E-10 1.0668E-10 1.0763E-10 1.0857E-10 1.0952E-10 1.1046E-10
6.0217E-11 6.1027E-11 6.1843E-11 6.2664E-11 6.3491E-11 6.4323E-11 6.5160E-11 6.6002E-11 6.6850E-11 6.7702E-11 6.8559E-11 6.9422E-11 7.0289E-11 7.1160E-11 7.2036E-11 7.2917E-11 7.3802E-11 7.4691E-11 7.5584E-11 7.6481E-11 7.7382E-11 7.8287E-11 7.9196E-11 8.0108E-11 8.1024E-11 8.1943E-11 8.2865E-11 8.3791E-11 8.4719E-11 8.5650E-11 8.6584E-11 8.7520E-11 8.8459E-11 8.9400E-11 9.0343E-11 9.1288E-11 9.2235E-11 9.3184E-11 9.4134E-11 9.5086E-11 9.6039E-11 9.6993E-11 9.7948E-11 9.8904E-11 9.9860E-11 1.0082E-10 1.0177E-10 1.0273E-10 1.0369E-10 1.0465E-10 1.0560E-10 1.0656E-10 1.0751E-10 1.0847E-10 1.0942E-10 1.1037E-10 1.1132E-10
