Assets/Resources/2015_m01_d15_0700(utc+0800)_l00_csi_1hr_conc.grd
DSAA
         159         159
     -79.000      79.000
     -79.000      79.000
  0.0000E+00  0.5106E-05
[rows 0 to 24 of 159, columns 57 to 113 of 159]
2.3279E-09 2.3615E-09 2.3937E-09 2.4246E-09 2.4548E-09 2.4839E-09 2.5111E-09 2.5379E-09 2.5631E-09 2.5875E-09 2.6098E-09 2.6317E-09 2.6514E-09 2.6706E-09 2.6881E-09 2.7042E-09 2.7194E-09 2.7322E-09 2.7440E-09 2.7550E-09 2.7640E-09 2.7716E-09 2.7783E-09 2.7824E-09 2.7869E-09 2.7901E-09 2.7899E-09 2.7905E-09 2.7896E-09 2.7861E-09 2.7835E-09 2.7766E-09 2.7723E-09 2.7628E-09 2.7536E-09 2.7449E-09 2.7342E-09 2.7199E-09 2.7061E-09 2.6929E-09 2.6753E-09 2.6579E-09 2.6417E-09 2.6212E-09 2.6028E-09 2.5804E-09 2.5590E-09 2.5381E-09 2.5133E-09 2.4891E-09 2.4628E-09 2.4357E-09 2.4112E-09 2.3828E-09 2.3570E-09 2.3273E-09 2.2971E-09
2.3620E-09 2.3961E-09 2.4289E-09 2.4610E-09 2.4921E-09 2.5214E-09 2.5502E-09 2.5778E-09 2.6039E-09 2.6287E-09 2.6522E-09 2.6744E-09 2.6952E-09 2.7147E-09 2.7328E-09 2.7501E-09 2.7649E-09 2.7794E-09 2.7919E-09 2.8035E-09 2.8125E-09 2.8212E-09 2.8284E-09 2.8343E-09 2.8387E-09 2.8411E-09 2.8435E-09 2.8437E-09 2.8435E-09 2.8411E-09 2.8366E-09 2.8332E-09 2.8252E-09 2.8208E-09 2.8112E-09 2.8011E-09 2.7899E-09 2.7791E-09 2.7638E-09 2.7504E-09 2.7346E-09 2.7177E-09 2.6995E-09 2.6789E-09 2.6609E-09 2.6398E-09 2.6180E-09 2.5938E-09 2.5688E-09 2.5462E-09 2.5215E-09 2.4957E-09 2.4677E-09 2.4390E-09 2.4096E-09 2.3809E-09 2.3521E-09
2.3951E-09 2.4302E-09 2.4639E-09 2.4970E-09 2.5283E-09 2.5591E-09 2.5888E-09 2.6169E-09 2.6438E-09 2.6694E-09 2.6937E-09 2.7166E-09 2.7383E-09 2.7585E-09 2.7779E-09 2.7948E-09 2.8114E-09 2.8265E-09 2.8396E-09 2.8513E-09 2.8615E-09 2.8714E-09 2.8786E-09 2.8850E-09 2.8901E-09 2.8936E-09 2.8965E-09 2.8987E-09 2.8967E-09 2.8971E-09 2.8923E-09 2.8875E-09 2.8841E-09 2.8769E-09 2.8685E-09 2.8588E-09 2.8478E-09 2.8369E-09 2.8253E-09 2.8091E-09 2.7931E-09 2.7763E-09 2.7586E-09 2.7394E-09 2.7193E-09 2.6968E-09 2.6770E-09 2.6542E-09 2.6306E-09 2.6046E-09 2.5778E-09 2.5536E-09 2.5253E-09 2.4979E-09 2.4682E-09 2.4394E-09 2.4084E-09
2.4277E-09 2.4634E-09 2.4984E-09 2.5317E-09 2.5645E-09 2.5963E-09 2.6265E-09 2.6556E-09 2.6833E-09 2.7097E-09 2.7348E-09 2.7586E-09 2.7815E-09 2.8025E-09 2.8227E-09 2.8403E-09 2.8576E-09 2.8728E-09 2.8866E-09 2.8989E-09 2.9115E-09 2.9203E-09 2.9301E-09 2.9372E-09 2.9434E-09 2.9476E-09 2.9503E-09 2.9525E-09 2.9525E-09 2.9495E-09 2.9506E-09 2.9450E-09 2.9411E-09 2.9344E-09 2.9263E-09 2.9170E-09 2.9077E-09 2.8959E-09 2.8824E-09 2.8682E-09 2.8528E-09 2.8358E-09 2.8178E-09 2.8009E-09 2.7809E-09 2.7584E-09 2.7364E-09 2.7120E-09 2.6901E-09 2.6640E-09 2.6386E-09 2.6109E-09 2.5840E-09 2.5547E-09 2.5262E-09 2.4974E-09 2.4677E-09
2.4592E-09 2.4963E-09 2.5316E-09 2.5664E-09 2.6003E-09 2.6326E-09 2.6637E-09 2.6936E-09 2.7223E-09 2.7500E-09 2.7755E-09 2.8006E-09 2.8238E-09 2.8462E-09 2.8660E-09 2.8855E-09 2.9029E-09 2.9194E-09 2.9340E-09 2.9481E-09 2.9589E-09 2.9710E-09 2.9801E-09 2.9884E-09 2.9947E-09 3.0003E-09 3.0037E-09 3.0057E-09 3.0071E-09 3.0076E-09 3.0038E-09 3.0035E-09 2.9969E-09 2.9923E-09 2.9859E-09 2.9771E-09 2.9665E-09 2.9551E-09 2.9424E-09 2.9280E-09 2.9143E-09 2.8980E-09 2.8802E-09 2.8613E-09 2.8399E-09 2.8192E-09 2.7972E-09 2.7744E-09 2.7490E-09 2.7244E-09 2.6992E-09 2.6729E-09 2.6457E-09 2.6163E-09 2.5860E-09 2.5567E-09 2.5251E-09
2.4904E-09 2.5277E-09 2.5647E-09 2.6006E-09 2.6354E-09 2.6683E-09 2.7003E-09 2.7311E-09 2.7607E-09 2.7888E-09 2.8161E-09 2.8421E-09 2.8662E-09 2.8883E-09 2.9100E-09 2.9303E-09 2.9485E-09 2.9652E-09 2.9815E-09 2.9965E-09 3.0088E-09 3.0208E-09 3.0306E-09 3.0391E-09 3.0482E-09 3.0537E-09 3.0571E-09 3.0613E-09 3.0624E-09 3.0653E-09 3.0621E-09 3.0590E-09 3.0564E-09 3.0520E-09 3.0431E-09 3.0361E-09 3.0264E-09 3.0149E-09 3.0025E-09 2.9905E-09 2.9753E-09 2.9589E-09 2.9417E-09 2.9229E-09 2.9016E-09 2.8807E-09 2.8572E-09 2.8364E-09 2.8125E-09 2.7879E-09 2.7607E-09 2.7343E-09 2.7055E-09 2.6757E-09 2.6468E-09 2.6171E-09 2.5851E-09
2.5202E-09 2.5588E-09 2.5967E-09 2.6336E-09 2.6690E-09 2.7032E-09 2.7363E-09 2.7680E-09 2.7984E-09 2.8280E-09 2.8563E-09 2.8826E-09 2.9071E-09 2.9310E-09 2.9536E-09 2.9741E-09 2.9932E-09 3.0117E-09 3.0295E-09 3.0435E-09 3.0577E-09 3.0710E-09 3.0812E-09 3.0917E-09 3.1002E-09 3.1066E-09 3.1127E-09 3.1162E-09 3.1196E-09 3.1185E-09 3.1209E-09 3.1168E-09 3.1142E-09 3.1104E-09 3.1039E-09 3.0942E-09 3.0863E-09 3.0773E-09 3.0650E-09 3.0499E-09 3.0370E-09 3.0209E-09 3.0021E-09 2.9836E-09 2.9643E-09 2.9453E-09 2.9235E-09 2.8992E-09 2.8755E-09 2.8491E-09 2.8234E-09 2.7969E-09 2.7679E-09 2.7379E-09 2.7108E-09 2.6794E-09 2.6471E-09
2.5494E-09 2.5894E-09 2.6283E-09 2.6659E-09 2.7023E-09 2.7375E-09 2.7715E-09 2.8046E-09 2.8360E-09 2.8665E-09 2.8952E-09 2.9225E-09 2.9483E-09 2.9732E-09 2.9961E-09 3.0175E-09 3.0390E-09 3.0585E-09 3.0748E-09 3.0914E-09 3.1069E-09 3.1205E-09 3.1321E-09 3.1429E-09 3.1515E-09 3.1598E-09 3.1671E-09 3.1711E-09 3.1754E-09 3.1768E-09 3.1776E-09 3.1760E-09 3.1742E-09 3.1679E-09 3.1633E-09 3.1561E-09 3.1484E-09 3.1365E-09 3.1267E-09 3.1135E-09 3.0976E-09 3.0838E-09 3.0653E-09 3.0488E-09 3.0295E-09 3.0074E-09 2.9859E-09 2.9631E-09 2.9394E-09 2.9131E-09 2.8875E-09 2.8611E-09 2.8320E-09 2.8036E-09 2.7727E-09 2.7427E-09 2.7102E-09
2.5778E-09 2.6191E-09 2.6587E-09 2.6973E-09 2.7347E-09 2.7709E-09 2.8063E-09 2.8399E-09 2.8728E-09 2.9039E-09 2.9336E-09 2.9617E-09 2.9890E-09 3.0149E-09 3.0381E-09 3.0620E-09 3.0838E-09 3.1025E-09 3.1215E-09 3.1401E-09 3.1553E-09 3.1700E-09 3.1838E-09 3.1946E-09 3.2054E-09 3.2134E-09 3.2197E-09 3.2279E-09 3.2298E-09 3.2346E-09 3.2335E-09 3.2338E-09 3.2315E-09 3.2290E-09 3.2233E-09 3.2162E-09 3.2097E-09 3.1998E-09 3.1870E-09 3.1764E-09 3.1624E-09 3.1472E-09 3.1307E-09 3.1113E-09 3.0939E-09 3.0721E-09 3.0507E-09 3.0265E-09 3.0049E-09 2.9803E-09 2.9530E-09 2.9265E-09 2.8973E-09 2.8690E-09 2.8399E-09 2.8122E-09 2.7796E-09
2.6052E-09 2.6475E-09 2.6882E-09 2.7278E-09 2.7662E-09 2.8038E-09 2.8398E-09 2.8750E-09 2.9084E-09 2.9405E-09 2.9710E-09 3.0007E-09 3.0290E-09 3.0547E-09 3.0810E-09 3.1053E-09 3.1271E-09 3.1479E-09 3.1688E-09 3.1878E-09 3.2036E-09 3.2198E-09 3.2330E-09 3.2461E-09 3.2564E-09 3.2668E-09 3.2756E-09 3.2799E-09 3.2870E-09 3.2881E-09 3.2925E-09 3.2919E-09 3.2904E-09 3.2882E-09 3.2837E-09 3.2773E-09 3.2695E-09 3.2622E-09 3.2515E-09 3.2396E-09 3.2262E-09 3.2098E-09 3.1954E-09 3.1781E-09 3.1577E-09 3.1379E-09 3.1187E-09 3.0965E-09 3.0715E-09 3.0453E-09 3.0218E-09 2.9977E-09 2.9687E-09 2.9386E-09 2.9094E-09 2.8774E-09 2.8490E-09
2.6322E-09 2.6750E-09 2.7167E-09 2.7573E-09 2.7968E-09 2.8354E-09 2.8729E-09 2.9087E-09 2.9432E-09 2.9761E-09 3.0083E-09 3.0390E-09 3.0672E-09 3.0960E-09 3.1228E-09 3.1471E-09 3.1703E-09 3.1937E-09 3.2152E-09 3.2335E-09 3.2521E-09 3.2678E-09 3.2833E-09 3.2973E-09 3.3104E-09 3.3200E-09 3.3299E-09 3.3361E-09 3.3443E-09 3.3465E-09 3.3500E-09 3.3502E-09 3.3509E-09 3.3482E-09 3.3441E-09 3.3405E-09 3.3318E-09 3.3249E-09 3.3150E-09 3.3019E-09 3.2908E-09 3.2766E-09 3.2594E-09 3.2441E-09 3.2262E-09 3.2068E-09 3.1843E-09 3.1645E-09 3.1438E-09 3.1179E-09 3.0928E-09 3.0648E-09 3.0420E-09 3.0141E-09 2.9875E-09 2.9557E-09 2.9229E-09
2.6575E-09 2.7013E-09 2.7441E-09 2.7859E-09 2.8260E-09 2.8665E-09 2.9046E-09 2.9415E-09 2.9765E-09 3.0110E-09 3.0442E-09 3.0760E-09 3.1058E-09 3.1350E-09 3.1628E-09 3.1886E-09 3.2145E-09 3.2381E-09 3.2594E-09 3.2805E-09 3.3002E-09 3.3181E-09 3.3349E-09 3.3488E-09 3.3609E-09 3.3732E-09 3.3819E-09 3.3925E-09 3.3971E-09 3.4030E-09 3.4057E-09 3.4088E-09 3.4085E-09 3.4086E-09 3.4054E-09 3.4006E-09 3.3960E-09 3.3865E-09 3.3790E-09 3.3683E-09 3.3544E-09 3.3426E-09 3.3296E-09 3.3116E-09 3.2940E-09 3.2752E-09 3.2574E-09 3.2361E-09 3.2117E-09 3.1945E-09 3.1722E-09 3.1447E-09 3.1159E-09 3.0880E-09 3.0572E-09 3.0347E-09 3.0061E-09
2.6817E-09 2.7266E-09 2.7705E-09 2.8129E-09 2.8553E-09 2.8957E-09 2.9349E-09 2.9728E-09 3.0098E-09 3.0454E-09 3.0797E-09 3.1121E-09 3.1438E-09 3.1742E-09 3.2032E-09 3.2301E-09 3.2572E-09 3.2810E-09 3.3047E-09 3.3271E-09 3.3475E-09 3.3669E-09 3.3834E-09 3.3981E-09 3.4129E-09 3.4258E-09 3.4372E-09 3.4460E-09 3.4527E-09 3.4609E-09 3.4634E-09 3.4669E-09 3.4682E-09 3.4689E-09 3.4665E-09 3.4627E-09 3.4573E-09 3.4522E-09 3.4419E-09 3.4337E-09 3.4243E-09 3.4098E-09 3.3956E-09 3.3801E-09 3.3673E-09 3.3473E-09 3.3323E-09 3.3119E-09 3.2925E-09 3.2694E-09 3.2480E-09 3.2253E-09 3.2012E-09 3.1763E-09 3.1461E-09 3.1148E-09 3.0825E-09
2.7047E-09 2.7508E-09 2.7953E-09 2.8392E-09 2.8826E-09 2.9242E-09 2.9645E-09 3.0035E-09 3.0420E-09 3.0788E-09 3.1137E-09 3.1480E-09 3.1810E-09 3.2126E-09 3.2421E-09 3.2718E-09 3.2996E-09 3.3246E-09 3.3496E-09 3.3727E-09 3.3935E-09 3.4138E-09 3.4327E-09 3.4486E-09 3.4657E-09 3.4781E-09 3.4906E-09 3.4988E-09 3.5095E-09 3.5158E-09 3.5226E-09 3.5259E-09 3.5277E-09 3.5294E-09 3.5281E-09 3.5270E-09 3.5209E-09 3.5166E-09 3.5111E-09 3.5003E-09 3.4898E-09 3.4797E-09 3.4688E-09 3.4522E-09 3.4427E-09 3.4279E-09 3.4093E-09 3.3923E-09 3.3760E-09 3.3539E-09 3.3334E-09 3.3071E-09 3.2795E-09 3.2506E-09 3.2255E-09 3.2009E-09 3.1739E-09
2.7262E-09 2.7733E-09 2.8193E-09 2.8639E-09 2.9088E-09 2.9515E-09 2.9929E-09 3.0331E-09 3.0732E-09 3.1107E-09 3.1467E-09 3.1830E-09 3.2172E-09 3.2495E-09 3.2818E-09 3.3122E-09 3.3400E-09 3.3676E-09 3.3939E-09 3.4170E-09 3.4400E-09 3.4616E-09 3.4802E-09 3.4999E-09 3.5150E-09 3.5302E-09 3.5410E-09 3.5544E-09 3.5646E-09 3.5727E-09 3.5801E-09 3.5830E-09 3.5889E-09 3.5887E-09 3.5901E-09 3.5883E-09 3.5867E-09 3.5820E-09 3.5756E-09 3.5695E-09 3.5625E-09 3.5515E-09 3.5440E-09 3.5347E-09 3.5179E-09 3.5112E-09 3.4939E-09 3.4781E-09 3.4565E-09 3.4333E-09 3.4184E-09 3.3999E-09 3.3729E-09 3.3494E-09 3.3200E-09 3.2894E-09 3.2574E-09
2.7467E-09 2.7949E-09 2.8417E-09 2.8880E-09 2.9338E-09 2.9776E-09 3.0202E-09 3.0624E-09 3.1028E-09 3.1414E-09 3.1785E-09 3.2171E-09 3.2520E-09 3.2861E-09 3.3200E-09 3.3505E-09 3.3809E-09 3.4099E-09 3.4371E-09 3.4615E-09 3.4859E-09 3.5073E-09 3.5297E-09 3.5476E-09 3.5655E-09 3.5809E-09 3.5952E-09 3.6100E-09 3.6190E-09 3.6290E-09 3.6361E-09 3.6432E-09 3.6488E-09 3.6514E-09 3.6524E-09 3.6537E-09 3.6498E-09 3.6498E-09 3.6470E-09 3.6403E-09 3.6369E-09 3.6317E-09 3.6235E-09 3.6182E-09 3.6075E-09 3.5911E-09 3.5730E-09 3.5654E-09 3.5499E-09 3.5326E-09 3.5093E-09 3.4845E-09 3.4583E-09 3.4357E-09 3.4114E-09 3.3886E-09 3.3571E-09
2.7659E-09 2.8148E-09 2.8626E-09 2.9113E-09 2.9574E-09 3.0024E-09 3.0462E-09 3.0899E-09 3.1311E-09 3.1709E-09 3.2119E-09 3.2495E-09 3.2863E-09 3.3229E-09 3.3561E-09 3.3893E-09 3.4211E-09 3.4510E-09 3.4782E-09 3.5054E-09 3.5312E-09 3.5549E-09 3.5756E-09 3.5964E-09 3.6146E-09 3.6317E-09 3.6493E-09 3.6611E-09 3.6739E-09 3.6852E-09 3.6936E-09 3.7020E-09 3.7074E-09 3.7129E-09 3.7153E-09 3.7160E-09 3.7212E-09 3.7191E-09 3.7200E-09 3.7192E-09 3.7156E-09 3.7146E-09 3.7082E-09 3.6957E-09 3.6939E-09 3.6845E-09 3.6729E-09 3.6553E-09 3.6360E-09 3.6201E-09 3.6103E-09 3.5868E-09 3.5666E-09 3.5401E-09 3.5120E-09 3.4823E-09 3.4509E-09
2.7832E-09 2.8332E-09 2.8822E-09 2.9324E-09 2.9798E-09 3.0259E-09 3.0704E-09 3.1157E-09 3.1581E-09 3.1991E-09 3.2409E-09 3.2813E-09 3.3189E-09 3.3566E-09 3.3925E-09 3.4271E-09 3.4589E-09 3.4899E-09 3.5200E-09 3.5486E-09 3.5752E-09 3.5988E-09 3.6225E-09 3.6436E-09 3.6636E-09 3.6841E-09 3.7014E-09 3.7145E-09 3.7301E-09 3.7400E-09 3.7529E-09 3.7595E-09 3.7679E-09 3.7730E-09 3.7803E-09 3.7848E-09 3.7902E-09 3.7961E-09 3.7923E-09 3.8011E-09 3.8004E-09 3.7941E-09 3.7979E-09 3.7985E-09 3.7874E-09 3.7744E-09 3.7719E-09 3.7616E-09 3.7492E-09 3.7308E-09 3.7106E-09 3.6883E-09 3.6696E-09 3.6485E-09 3.6206E-09 3.5968E-09 3.5656E-09
2.7991E-09 2.8502E-09 2.9002E-09 2.9522E-09 3.0007E-09 3.0475E-09 3.0931E-09 3.1402E-09 3.1838E-09 3.2255E-09 3.2702E-09 3.3103E-09 3.3491E-09 3.3905E-09 3.4279E-09 3.4614E-09 3.4964E-09 3.5293E-09 3.5609E-09 3.5903E-09 3.6184E-09 3.6435E-09 3.6677E-09 3.6924E-09 3.7141E-09 3.7343E-09 3.7505E-09 3.7690E-09 3.7834E-09 3.7977E-09 3.8106E-09 3.8203E-09 3.8303E-09 3.8371E-09 3.8464E-09 3.8569E-09 3.8629E-09 3.8762E-09 3.8829E-09 3.8811E-09 3.8890E-09 3.8955E-09 3.8893E-09 3.8865E-09 3.8909E-09 3.8864E-09 3.8753E-09 3.8623E-09 3.8524E-09 3.8401E-09 3.8267E-09 3.8105E-09 3.7877E-09 3.7630E-09 3.7361E-09 3.7074E-09 3.6773E-09
2.8134E-09 2.8656E-09 2.9188E-09 2.9704E-09 3.0196E-09 3.0677E-09 3.1166E-09 3.1627E-09 3.2076E-09 3.2529E-09 3.2976E-09 3.3391E-09 3.3792E-09 3.4222E-09 3.4597E-09 3.4957E-09 3.5333E-09 3.5678E-09 3.5994E-09 3.6304E-09 3.6585E-09 3.6865E-09 3.7142E-09 3.7390E-09 3.7623E-09 3.7815E-09 3.8031E-09 3.8220E-09 3.8379E-09 3.8538E-09 3.8666E-09 3.8797E-09 3.8933E-09 3.9080E-09 3.9220E-09 3.9403E-09 3.9521E-09 3.9544E-09 3.9683E-09 3.9802E-09 3.9823E-09 3.9941E-09 3.9989E-09 4.0018E-09 3.9974E-09 4.0008E-09 3.9976E-09 3.9912E-09 3.9785E-09 3.9636E-09 3.9462E-09 3.9263E-09 3.9096E-09 3.8903E-09 3.8696E-09 3.8409E-09 3.8108E-09
2.8262E-09 2.8794E-09 2.9346E-09 2.9866E-09 3.0370E-09 3.0862E-09 3.1369E-09 3.1843E-09 3.2304E-09 3.2794E-09 3.3236E-09 3.3665E-09 3.4121E-09 3.4524E-09 3.4913E-09 3.5288E-09 3.5691E-09 3.6038E-09 3.6356E-09 3.6689E-09 3.7000E-09 3.7308E-09 3.7585E-09 3.7849E-09 3.8074E-09 3.8320E-09 3.8541E-09 3.8731E-09 3.8922E-09 3.9098E-09 3.9244E-09 3.9430E-09 3.9641E-09 3.9821E-09 4.0020E-09 4.0151E-09 4.0366E-09 4.0548E-09 4.0614E-09 4.0791E-09 4.0983E-09 4.1033E-09 4.1100E-09 4.1205E-09 4.1233E-09 4.1195E-09 4.1141E-09 4.1116E-09 4.1059E-09 4.0989E-09 4.0885E-09 4.0706E-09 4.0501E-09 4.0270E-09 4.0018E-09 3.9745E-09 3.9454E-09
2.8373E-09 2.8916E-09 2.9485E-09 3.0012E-09 3.0528E-09 3.1031E-09 3.1557E-09 3.2043E-09 3.2511E-09 3.3025E-09 3.3482E-09 3.3925E-09 3.4395E-09 3.4813E-09 3.5217E-09 3.5607E-09 3.6013E-09 3.6374E-09 3.6736E-09 3.7078E-09 3.7407E-09 3.7725E-09 3.8020E-09 3.8290E-09 3.8555E-09 3.8808E-09 3.9045E-09 3.9254E-09 3.9478E-09 3.9657E-09 3.9910E-09 4.0133E-09 4.0368E-09 4.0630E-09 4.0804E-09 4.1099E-09 4.1261E-09 4.1507E-09 4.1761E-09 4.1890E-09 4.2097E-09 4.2238E-09 4.2369E-09 4.2426E-09 4.2509E-09 4.2623E-09 4.2596E-09 4.2595E-09 4.2512E-09 4.2401E-09 4.2254E-09 4.2141E-09 4.1998E-09 4.1771E-09 4.1580E-09 4.1310E-09 4.1068E-09
2.8467E-09 2.9039E-09 2.9603E-09 3.0141E-09 3.0668E-09 3.1202E-09 3.1728E-09 3.2222E-09 3.2702E-09 3.3243E-09 3.3713E-09 3.4158E-09 3.4655E-09 3.5088E-09 3.5508E-09 3.5942E-09 3.6333E-09 3.6710E-09 3.7098E-09 3.7457E-09 3.7797E-09 3.8125E-09 3.8436E-09 3.8722E-09 3.9018E-09 3.9288E-09 3.9530E-09 3.9787E-09 4.0024E-09 4.0314E-09 4.0586E-09 4.0901E-09 4.1175E-09 4.1474E-09 4.1755E-09 4.2073E-09 4.2359E-09 4.2601E-09 4.2861E-09 4.3131E-09 4.3360E-09 4.3555E-09 4.3712E-09 4.3852E-09 4.3957E-09 4.3989E-09 4.3991E-09 4.4079E-09 4.4088E-09 4.4003E-09 4.3941E-09 4.3793E-09 4.3614E-09 4.3407E-09 4.3173E-09 4.2913E-09 4.2624E-09
2.8544E-09 2.9136E-09 2.9703E-09 3.0253E-09 3.0791E-09 3.1353E-09 3.1877E-09 3.2383E-09 3.2927E-09 3.3444E-09 3.3917E-09 3.4428E-09 3.4900E-09 3.5349E-09 3.5770E-09 3.6232E-09 3.6639E-09 3.7033E-09 3.7448E-09 3.7810E-09 3.8182E-09 3.8522E-09 3.8841E-09 3.9170E-09 3.9473E-09 3.9748E-09 4.0041E-09 4.0359E-09 4.0638E-09 4.1000E-09 4.1368E-09 4.1661E-09 4.2003E-09 4.2379E-09 4.2765E-09 4.3126E-09 4.3486E-09 4.3835E-09 4.4156E-09 4.4441E-09 4.4750E-09 4.4993E-09 4.5161E-09 4.5356E-09 4.5517E-09 4.5657E-09 4.5753E-09 4.5762E-09 4.5735E-09 4.5670E-09 4.5630E-09 4.5551E-09 4.5380E-09 4.5241E-09 4.5012E-09 4.4755E-09 4.4468E-09
2.8603E-09 2.9211E-09 2.9786E-09 3.0347E-09 3.0897E-09 3.1477E-09 3.2008E-09 3.2526E-09 3.3106E-09 3.3617E-09 3.4104E-09 3.4653E-09 3.5130E-09 3.5581E-09 3.6017E-09 3.6508E-09 3.6932E-09 3.7343E-09 3.7771E-09 3.8169E-09 3.8546E-09 3.8898E-09 3.9260E-09 3.9597E-09 3.9906E-09 4.0258E-09 4.0608E-09 4.0953E-09 4.1350E-09 4.1731E-09 4.2183E-09 4.2598E-09 4.3021E-09 4.3478E-09 4.3882E-09 4.4377E-09 4.4761E-09 4.5153E-09 4.5550E-09 4.5911E-09 4.6180E-09 4.6528E-09 4.6799E-09 4.7034E-09 4.7188E-09 4.7307E-09 4.7508E-09 4.7621E-09 4.7631E-09 4.7601E-09 4.7533E-09 4.7423E-09 4.7275E-09 4.7093E-09 4.6870E-09 4.6613E-09 4.6317E-09
