Assets/Resources/2015_m01_d15_0400(utc+0800)_l00_csi_1hr_conc.grd
DSAA
         159         159
     -79.000      79.000
     -79.000      79.000
  0.0000E+00  0.2149E-04
[rows 100 to 124 of 159, columns 0 to 56 of 159]
4.0605E-11 4.1056E-11 4.1502E-11 4.1941E-11 4.2374E-11 4.2800E-11 4.7176E-11 4.8147E-11 5.2565E-11 5.4110E-11 5.5885E-11 5.6765E-11 6.1773E-11 6.5463E-11 6.9522E-11 7.5788E-11 7.9717E-11 8.4850E-11 8.8495E-11 9.3834E-11 9.8280E-11 1.0334E-10 1.0932E-10 1.1321E-10 1.1827E-10 1.2335E-10 1.2747E-10 1.3461E-10 1.4537E-10 1.5197E-10 1.6271E-10 1.6960E-10 1.8342E-10 1.8857E-10 2.0310E-10 2.1050E-10 2.2499E-10 2.3371E-10 2.4276E-10 2.4935E-10 2.5822E-10 2.6638E-10 2.7466E-10 2.8468E-10 2.9120E-10 3.0145E-10 3.1152E-10 3.2122E-10 3.3192E-10 3.4282E-10 3.5425E-10 3.6418E-10 3.7636E-10 3.8747E-10 4.0051E-10 4.1292E-10 4.2509E-10
3.8375E-11 3.8784E-11 3.9188E-11 3.9585E-11 3.9976E-11 4.0359E-11 4.0734E-11 4.2292E-11 4.4436E-11 4.5286E-11 4.8693E-11 4.8602E-11 5.2327E-11 5.4946E-11 6.0145E-11 6.2968E-11 6.8948E-11 7.2500E-11 7.7932E-11 8.1094E-11 8.6856E-11 9.0343E-11 9.5696E-11 1.0134E-10 1.0496E-10 1.0973E-10 1.1453E-10 1.2022E-10 1.2739E-10 1.3743E-10 1.4326E-10 1.5376E-10 1.6168E-10 1.7374E-10 1.8117E-10 1.9280E-10 1.9997E-10 2.1566E-10 2.2144E-10 2.3175E-10 2.3683E-10 2.4765E-10 2.5316E-10 2.6221E-10 2.7075E-10 2.7915E-10 2.8976E-10 2.9757E-10 3.0881E-10 3.1773E-10 3.2806E-10 3.3711E-10 3.4817E-10 3.5839E-10 3.7071E-10 3.8122E-10 3.9492E-10
3.6231E-11 3.6601E-11 3.6965E-11 3.7323E-11 3.7673E-11 3.8016E-11 3.8351E-11 3.8677E-11 3.8994E-11 4.1378E-11 4.2161E-11 4.4555E-11 4.5361E-11 4.8046E-11 4.9876E-11 5.4019E-11 5.7420E-11 6.1937E-11 6.6711E-11 7.1301E-11 7.5579E-11 7.9281E-11 8.2437E-11 8.8267E-11 9.3579E-11 9.6950E-11 1.0142E-10 1.0558E-10 1.1088E-10 1.1940E-10 1.2743E-10 1.3645E-10 1.4560E-10 1.5407E-10 1.6387E-10 1.7320E-10 1.8255E-10 1.9310E-10 2.0538E-10 2.1184E-10 2.1972E-10 2.2620E-10 2.3452E-10 2.4003E-10 2.4991E-10 2.5688E-10 2.6613E-10 2.7473E-10 2.8295E-10 2.9303E-10 3.0115E-10 3.1230E-10 3.2112E-10 3.3168E-10 3.4030E-10 3.5134E-10 3.6210E-10
3.4171E-11 3.4504E-11 3.4832E-11 3.5152E-11 3.5465E-11 3.5771E-11 3.6068E-11 3.6357E-11 3.6635E-11 3.6904E-11 3.7959E-11 3.9562E-11 3.9993E-11 4.2199E-11 4.2434E-11 4.5551E-11 4.8145E-11 5.1798E-11 5.5639E-11 6.0137E-11 6.4893E-11 6.7059E-11 7.1658E-11 7.5322E-11 8.0763E-11 8.5228E-11 8.9724E-11 9.2721E-11 9.7453E-11 1.0232E-10 1.1188E-10 1.1912E-10 1.2784E-10 1.3685E-10 1.4614E-10 1.5313E-10 1.6549E-10 1.7277E-10 1.8541E-10 1.9369E-10 2.0312E-10 2.0737E-10 2.1614E-10 2.2148E-10 2.2959E-10 2.3720E-10 2.4421E-10 2.5341E-10 2.5905E-10 2.6889E-10 2.7621E-10 2.8595E-10 2.9446E-10 3.0204E-10 3.1104E-10 3.2145E-10 3.3002E-10
3.2195E-11 3.2494E-11 3.2786E-11 3.3072E-11 3.3351E-11 3.3621E-11 3.3884E-11 3.4137E-11 3.4381E-11 3.4615E-11 3.4838E-11 3.5050E-11 3.6313E-11 3.6918E-11 3.7846E-11 3.9188E-11 4.0554E-11 4.4111E-11 4.6037E-11 5.0705E-11 5.3092E-11 5.6602E-11 6.0061E-11 6.2500E-11 6.8007E-11 7.1711E-11 7.6961E-11 8.1192E-11 8.4686E-11 8.8745E-11 9.4426E-11 1.0304E-10 1.1109E-10 1.2053E-10 1.2798E-10 1.3801E-10 1.4521E-10 1.5519E-10 1.6542E-10 1.7535E-10 1.8211E-10 1.9128E-10 1.9433E-10 2.0397E-10 2.0780E-10 2.1635E-10 2.2243E-10 2.2957E-10 2.3761E-10 2.4415E-10 2.5283E-10 2.5921E-10 2.6859E-10 2.7562E-10 2.8573E-10 2.9489E-10 3.0462E-10
3.0301E-11 3.0568E-11 3.0828E-11 3.1082E-11 3.1328E-11 3.1566E-11 3.1795E-11 3.2016E-11 3.2228E-11 3.2429E-11 3.2620E-11 3.2800E-11 3.2969E-11 3.3482E-11 3.4333E-11 3.4468E-11 3.6054E-11 3.6167E-11 3.8602E-11 4.1206E-11 4.3490E-11 4.5923E-11 4.7977E-11 5.2252E-11 5.4828E-11 6.0341E-11 6.3768E-11 6.9805E-11 7.3752E-11 7.6612E-11 8.0355E-11 8.8186E-11 9.5352E-11 1.0435E-10 1.1074E-10 1.1991E-10 1.2731E-10 1.3705E-10 1.4564E-10 1.5574E-10 1.6432E-10 1.7389E-10 1.7806E-10 1.8489E-10 1.9097E-10 1.9630E-10 2.0423E-10 2.0804E-10 2.1522E-10 2.2036E-10 2.2703E-10 2.3572E-10 2.4450E-10 2.5383E-10 2.6193E-10 2.7182E-10 2.8050E-10
2.8488E-11 2.8725E-11 2.8955E-11 2.9179E-11 2.9394E-11 2.9602E-11 2.9802E-11 2.9993E-11 3.0174E-11 3.0346E-11 3.0508E-11 3.0659E-11 3.0798E-11 3.0926E-11 3.1041E-11 3.1471E-11 3.1912E-11 3.2319E-11 3.3100E-11 3.3866E-11 3.6975E-11 3.7175E-11 4.0619E-11 4.2173E-11 4.6465E-11 4.8697E-11 5.3928E-11 5.6610E-11 6.0145E-11 6.4863E-11 6.7815E-11 7.2367E-11 7.8505E-11 8.6469E-11 9.5109E-11 1.0058E-10 1.1124E-10 1.1619E-10 1.2866E-10 1.3511E-10 1.4641E-10 1.5421E-10 1.6239E-10 1.6438E-10 1.7089E-10 1.7479E-10 1.8204E-10 1.8752E-10 1.9413E-10 2.0283E-10 2.0878E-10 2.1828E-10 2.2520E-10 2.3341E-10 2.3950E-10 2.4719E-10 2.5467E-10
2.6755E-11 2.6964E-11 2.7166E-11 2.7362E-11 2.7550E-11 2.7730E-11 2.7902E-11 2.8065E-11 2.8219E-11 2.8363E-11 2.8498E-11 2.8621E-11 2.8734E-11 2.8836E-11 2.8926E-11 2.9003E-11 2.9067E-11 2.9119E-11 2.9156E-11 2.9513E-11 2.9522E-11 3.1179E-11 3.2118E-11 3.4015E-11 3.6315E-11 3.8632E-11 4.1996E-11 4.4822E-11 4.7850E-11 5.0765E-11 5.6456E-11 5.9524E-11 6.4547E-11 7.2223E-11 7.8557E-11 8.6445E-11 9.1958E-11 1.0197E-10 1.0958E-10 1.1845E-10 1.2442E-10 1.3535E-10 1.3993E-10 1.4787E-10 1.5094E-10 1.6007E-10 1.6371E-10 1.7214E-10 1.7733E-10 1.8480E-10 1.9199E-10 1.9604E-10 2.0487E-10 2.1048E-10 2.1808E-10 2.2282E-10 2.2969E-10
2.5100E-11 2.5283E-11 2.5459E-11 2.5629E-11 2.5791E-11 2.5945E-11 2.6092E-11 2.6229E-11 2.6358E-11 2.6478E-11 2.6587E-11 2.6687E-11 2.6776E-11 2.6853E-11 2.6920E-11 2.6974E-11 2.7017E-11 2.7046E-11 2.7062E-11 2.7065E-11 2.7054E-11 2.7029E-11 2.6989E-11 2.9345E-11 2.9860E-11 3.2620E-11 3.3309E-11 3.6449E-11 3.8608E-11 4.1834E-11 4.5383E-11 4.9420E-11 5.3110E-11 5.8254E-11 6.5261E-11 7.2199E-11 7.7334E-11 8.2580E-11 9.0197E-11 9.7413E-11 1.0619E-10 1.1632E-10 1.2510E-10 1.3368E-10 1.3930E-10 1.4423E-10 1.5062E-10 1.5506E-10 1.6347E-10 1.6577E-10 1.7137E-10 1.7635E-10 1.8088E-10 1.8597E-10 1.9231E-10 1.9925E-10 2.0497E-10
2.3521E-11 2.3680E-11 2.3833E-11 2.3978E-11 2.4117E-11 2.4247E-11 2.4370E-11 2.4485E-11 2.4591E-11 2.4687E-11 2.4774E-11 2.4852E-11 2.4919E-11 2.4975E-11 2.5021E-11 2.5055E-11 2.5077E-11 2.5087E-11 2.5085E-11 2.5070E-11 2.5041E-11 2.5000E-11 2.4944E-11 2.4875E-11 2.5932E-11 2.7145E-11 2.8325E-11 3.0202E-11 3.2249E-11 3.4856E-11 3.7288E-11 3.9277E-11 4.0369E-11 4.3439E-11 4.8870E-11 5.3460E-11 6.1424E-11 6.7828E-11 7.6102E-11 8.2691E-11 9.2651E-11 9.8836E-11 1.0862E-10 1.1699E-10 1.2632E-10 1.3069E-10 1.3613E-10 1.3860E-10 1.4320E-10 1.4723E-10 1.5035E-10 1.5693E-10 1.5949E-10 1.6618E-10 1.7112E-10 1.7961E-10 1.8610E-10
2.0930E-11 2.2154E-11 2.2284E-11 2.2408E-11 2.2525E-11 2.2634E-11 2.2735E-11 2.2829E-11 2.2913E-11 2.2989E-11 2.3056E-11 2.3113E-11 2.3161E-11 2.3198E-11 2.3225E-11 2.3241E-11 2.3245E-11 2.3239E-11 2.3220E-11 2.3189E-11 2.3146E-11 2.3090E-11 2.3021E-11 2.2939E-11 2.2843E-11 2.3010E-11 2.3177E-11 2.2527E-11 2.3107E-11 2.3635E-11 2.5103E-11 2.7330E-11 3.0539E-11 3.2232E-11 3.5953E-11 4.2421E-11 4.7097E-11 5.6625E-11 6.1551E-11 7.0811E-11 7.6130E-11 8.6821E-11 9.1419E-11 1.0069E-10 1.0604E-10 1.1415E-10 1.1576E-10 1.2081E-10 1.2230E-10 1.2765E-10 1.3233E-10 1.3720E-10 1.4430E-10 1.4889E-10 1.5680E-10 1.6227E-10 1.7066E-10
1.8559E-11 1.9686E-11 1.9791E-11 2.0916E-11 2.1013E-11 2.1102E-11 2.1184E-11 2.1258E-11 2.1324E-11 2.1381E-11 2.1430E-11 2.1469E-11 2.1499E-11 2.1519E-11 2.1529E-11 2.1529E-11 2.1518E-11 2.1496E-11 2.1463E-11 2.1419E-11 2.1363E-11 2.0314E-11 1.9253E-11 1.8181E-11 1.6082E-11 1.6007E-11 1.5923E-11 1.6901E-11 1.7473E-11 1.8642E-11 1.9646E-11 2.1774E-11 2.3790E-11 2.5364E-11 2.8078E-11 3.1376E-11 3.7398E-11 4.2302E-11 5.0674E-11 5.5126E-11 6.2593E-11 6.7111E-11 7.3340E-11 7.8327E-11 8.6655E-11 9.0028E-11 9.9038E-11 1.0192E-10 1.0933E-10 1.1167E-10 1.1846E-10 1.2276E-10 1.2929E-10 1.3521E-10 1.3940E-10 1.4695E-10 1.5196E-10
1.7342E-11 1.7432E-11 1.8467E-11 1.8548E-11 1.8624E-11 1.9650E-11 1.9715E-11 1.9771E-11 1.9820E-11 1.9861E-11 1.9893E-11 1.9916E-11 1.9930E-11 1.9935E-11 1.9931E-11 1.8982E-11 1.8023E-11 1.6100E-11 1.5116E-11 1.5086E-11 1.5048E-11 1.5002E-11 1.4947E-11 1.4884E-11 1.4812E-11 1.4731E-11 1.4641E-11 1.4542E-11 1.4435E-11 1.5732E-11 1.6075E-11 1.7441E-11 1.8330E-11 2.0077E-11 2.1458E-11 2.3216E-11 2.4876E-11 2.8421E-11 3.2500E-11 3.6634E-11 4.2788E-11 4.9481E-11 5.4543E-11 6.1368E-11 6.8532E-11 7.6588E-11 8.3493E-11 9.1135E-11 9.5442E-11 1.0190E-10 1.0361E-10 1.1037E-10 1.1434E-10 1.2023E-10 1.2581E-10 1.3085E-10 1.3675E-10
1.5309E-11 1.5381E-11 1.6330E-11 1.6394E-11 1.7337E-11 1.7390E-11 1.8324E-11 1.8365E-11 1.7519E-11 1.3995E-11 1.4018E-11 1.4035E-11 1.4045E-11 1.4049E-11 1.4047E-11 1.4037E-11 1.4021E-11 1.3998E-11 1.3967E-11 1.3929E-11 1.3883E-11 1.3829E-11 1.3768E-11 1.3699E-11 1.3621E-11 1.3536E-11 1.3442E-11 1.3340E-11 1.3229E-11 1.3110E-11 1.3692E-11 1.2953E-11 1.2361E-11 1.2077E-11 1.0838E-11 1.0668E-11 1.1944E-11 1.4355E-11 1.7844E-11 2.2065E-11 2.8310E-11 3.4987E-11 4.0477E-11 4.8828E-11 5.4721E-11 6.1293E-11 7.0654E-11 7.8252E-11 8.4085E-11 9.0278E-11 9.3905E-11 9.6739E-11 1.0372E-10 1.0669E-10 1.1246E-10 1.1605E-10 1.2061E-10
1.2331E-11 1.2706E-11 1.2759E-11 1.2807E-11 1.2851E-11 1.2890E-11 1.2924E-11 1.2953E-11 1.2976E-11 1.2995E-11 1.3007E-11 1.3014E-11 1.3015E-11 1.3010E-11 1.2998E-11 1.2980E-11 1.2956E-11 1.2925E-11 1.2887E-11 1.2842E-11 1.2789E-11 1.2730E-11 1.2663E-11 1.2589E-11 1.2507E-11 1.2418E-11 1.2321E-11 1.1254E-11 9.8595E-12 8.1527E-12 6.1206E-12 4.4011E-12 3.8250E-12 3.3530E-12 3.0080E-12 3.5638E-12 4.8449E-12 5.3693E-12 8.1769E-12 1.2073E-11 1.6717E-11 2.3448E-11 2.9828E-11 3.5842E-11 4.3124E-11 4.9905E-11 5.7045E-11 6.4886E-11 7.1667E-11 7.5870E-11 8.1930E-11 8.5798E-11 9.0828E-11 9.4843E-11 9.7529E-11 1.0251E-10 1.0579E-10
1.0849E-11 1.1222E-11 1.1884E-11 1.1921E-11 1.1955E-11 1.1984E-11 1.2008E-11 1.2027E-11 1.2041E-11 1.2050E-11 1.2054E-11 1.2052E-11 1.2044E-11 1.2031E-11 1.2012E-11 1.1986E-11 1.1955E-11 1.1917E-11 1.1873E-11 1.1822E-11 1.1765E-11 1.1700E-11 1.0701E-11 9.0897E-12 7.4737E-12 6.1535E-12 4.2074E-12 3.2294E-12 2.2620E-12 1.2939E-12 6.5051E-13 3.2520E-13 0.0000E+00 0.0000E+00 3.2951E-13 6.8841E-13 1.8298E-12 2.6553E-12 3.4691E-12 6.4327E-12 9.4705E-12 1.3380E-11 1.8520E-11 2.4493E-11 3.1213E-11 3.7993E-11 4.4129E-11 5.1141E-11 5.6706E-11 6.2978E-11 6.7763E-11 7.3451E-11 7.7872E-11 8.2183E-11 8.5882E-11 8.8980E-11 9.4742E-11
7.6861E-12 9.5473E-12 1.0163E-11 1.0803E-11 1.1108E-11 1.1127E-11 1.1143E-11 1.1153E-11 1.1159E-11 1.1160E-11 1.1155E-11 1.1146E-11 1.1131E-11 1.1111E-11 1.1085E-11 1.1053E-11 1.1016E-11 9.5235E-12 7.3910E-12 6.1514E-12 4.3059E-12 3.6787E-12 3.0627E-12 2.1465E-12 9.2746E-13 6.1858E-13 0.0000E+00 0.0000E+00 0.0000E+00 0.0000E+00 0.0000E+00 0.0000E+00 0.0000E+00 0.0000E+00 0.0000E+00 0.0000E+00 0.0000E+00 6.7623E-13 1.0625E-12 1.8899E-12 3.5709E-12 6.0899E-12 9.7901E-12 1.3595E-11 1.9057E-11 2.5045E-11 3.0243E-11 3.6251E-11 4.2475E-11 4.9724E-11 5.6902E-11 6.1295E-11 6.6207E-11 6.9867E-11 7.3451E-11 7.7238E-11 8.0825E-11
6.2948E-12 6.8752E-12 8.3248E-12 8.9080E-12 9.7636E-12 1.0057E-11 1.0326E-11 1.0329E-11 1.0328E-11 9.7953E-12 9.7841E-12 8.0775E-12 5.7865E-12 4.6289E-12 3.7600E-12 3.4655E-12 2.6006E-12 1.4532E-12 8.7717E-13 2.9388E-13 0.0000E+00 0.0000E+00 0.0000E+00 0.0000E+00 0.0000E+00 0.0000E+00 0.0000E+00 0.0000E+00 0.0000E+00 0.0000E+00 0.0000E+00 0.0000E+00 0.0000E+00 0.0000E+00 0.0000E+00 0.0000E+00 0.0000E+00 0.0000E+00 0.0000E+00 0.0000E+00 7.2937E-13 1.9173E-12 4.5934E-12 7.7572E-12 1.1642E-11 1.4978E-11 2.0152E-11 2.5146E-11 3.1519E-11 3.7343E-11 4.4421E-11 5.1113E-11 5.4359E-11 5.8098E-11 6.2176E-11 6.6230E-11 6.9715E-11
4.5151E-12 4.7884E-12 6.3882E-12 3.4802E-12 3.4899E-12 3.2250E-12 3.4998E-12 3.4976E-12 2.1566E-12 1.3638E-12 1.3629E-12 8.2069E-13 0.0000E+00 0.0000E+00 0.0000E+00 0.0000E+00 0.0000E+00 0.0000E+00 0.0000E+00 0.0000E+00 0.0000E+00 0.0000E+00 0.0000E+00 0.0000E+00 0.0000E+00 0.0000E+00 0.0000E+00 0.0000E+00 0.0000E+00 0.0000E+00 0.0000E+00 0.0000E+00 0.0000E+00 0.0000E+00 0.0000E+00 0.0000E+00 0.0000E+00 0.0000E+00 0.0000E+00 0.0000E+00 0.0000E+00 0.0000E+00 1.1409E-12 2.5931E-12 4.4578E-12 8.0854E-12 1.1366E-11 1.6947E-11 2.0841E-11 2.5893E-11 3.1085E-11 3.5365E-11 4.1977E-11 4.5702E-11 5.1221E-11 5.4646E-11 5.9005E-11
2.5130E-13 5.0317E-13 0.0000E+00 0.0000E+00 0.0000E+00 0.0000E+00 0.0000E+00 0.0000E+00 0.0000E+00 0.0000E+00 0.0000E+00 0.0000E+00 0.0000E+00 0.0000E+00 0.0000E+00 0.0000E+00 0.0000E+00 0.0000E+00 0.0000E+00 0.0000E+00 0.0000E+00 0.0000E+00 0.0000E+00 0.0000E+00 0.0000E+00 0.0000E+00 0.0000E+00 0.0000E+00 0.0000E+00 0.0000E+00 0.0000E+00 0.0000E+00 0.0000E+00 0.0000E+00 0.0000E+00 0.0000E+00 0.0000E+00 0.0000E+00 0.0000E+00 0.0000E+00 0.0000E+00 0.0000E+00 0.0000E+00 0.0000E+00 2.1471E-12 3.1113E-12 6.2738E-12 7.8959E-12 1.2165E-11 1.6422E-11 2.0915E-11 2.6200E-11 3.0611E-11 3.5844E-11 3.9053E-11 4.3759E-11 4.7149E-11
0.0000E+00 0.0000E+00 0.0000E+00 0.0000E+00 0.0000E+00 0.0000E+00 0.0000E+00 0.0000E+00 0.0000E+00 0.0000E+00 0.0000E+00 0.0000E+00 0.0000E+00 0.0000E+00 0.0000E+00 0.0000E+00 0.0000E+00 0.0000E+00 0.0000E+00 0.0000E+00 0.0000E+00 0.0000E+00 0.0000E+00 0.0000E+00 0.0000E+00 0.0000E+00 0.0000E+00 0.0000E+00 0.0000E+00 0.0000E+00 0.0000E+00 0.0000E+00 0.0000E+00 0.0000E+00 0.0000E+00 0.0000E+00 0.0000E+00 0.0000E+00 0.0000E+00 0.0000E+00 0.0000E+00 0.0000E+00 0.0000E+00 0.0000E+00 0.0000E+00 1.3757E-12 2.0540E-12 4.7668E-12 6.7434E-12 1.0371E-11 1.2924E-11 1.7501E-11 2.1295E-11 2.6094E-11 3.0466E-11 3.4388E-11 3.8248E-11
0.0000E+00 0.0000E+00 0.0000E+00 0.0000E+00 0.0000E+00 0.0000E+00 0.0000E+00 0.0000E+00 0.0000E+00 0.0000E+00 0.0000E+00 0.0000E+00 0.0000E+00 0.0000E+00 0.0000E+00 0.0000E+00 0.0000E+00 0.0000E+00 0.0000E+00 0.0000E+00 0.0000E+00 0.0000E+00 0.0000E+00 0.0000E+00 0.0000E+00 0.0000E+00 0.0000E+00 0.0000E+00 0.0000E+00 0.0000E+00 0.0000E+00 0.0000E+00 0.0000E+00 0.0000E+00 0.0000E+00 0.0000E+00 0.0000E+00 0.0000E+00 0.0000E+00 0.0000E+00 0.0000E+00 0.0000E+00 0.0000E+00 0.0000E+00 0.0000E+00 0.0000E+00 1.2850E-12 1.9116E-12 4.4344E-12 5.6021E-12 8.9083E-12 1.1278E-11 1.4779E-11 1.8169E-11 2.1672E-11 2.5972E-11 2.8684E-11
0.0000E+00 0.0000E+00 0.0000E+00 0.0000E+00 0.0000E+00 0.0000E+00 0.0000E+00 0.0000E+00 0.0000E+00 0.0000E+00 0.0000E+00 0.0000E+00 0.0000E+00 0.0000E+00 0.0000E+00 0.0000E+00 0.0000E+00 0.0000E+00 0.0000E+00 0.0000E+00 0.0000E+00 0.0000E+00 0.0000E+00 0.0000E+00 0.0000E+00 0.0000E+00 0.0000E+00 0.0000E+00 0.0000E+00 0.0000E+00 0.0000E+00 0.0000E+00 0.0000E+00 0.0000E+00 0.0000E+00 0.0000E+00 0.0000E+00 0.0000E+00 0.0000E+00 0.0000E+00 0.0000E+00 0.0000E+00 0.0000E+00 0.0000E+00 0.0000E+00 0.0000E+00 0.0000E+00 1.1941E-12 1.7695E-12 3.0322E-12 4.7359E-12 7.1295E-12 9.3730E-12 1.1800E-11 1.4825E-11 1.8037E-11 2.1196E-11
0.0000E+00 0.0000E+00 0.0000E+00 0.0000E+00 0.0000E+00 0.0000E+00 0.0000E+00 0.0000E+00 0.0000E+00 0.0000E+00 0.0000E+00 0.0000E+00 0.0000E+00 0.0000E+00 0.0000E+00 0.0000E+00 0.0000E+00 0.0000E+00 0.0000E+00 0.0000E+00 0.0000E+00 0.0000E+00 0.0000E+00 0.0000E+00 0.0000E+00 0.0000E+00 0.0000E+00 0.0000E+00 0.0000E+00 0.0000E+00 0.0000E+00 0.0000E+00 0.0000E+00 0.0000E+00 0.0000E+00 0.0000E+00 0.0000E+00 0.0000E+00 0.0000E+00 0.0000E+00 0.0000E+00 0.0000E+00 0.0000E+00 0.0000E+00 0.0000E+00 0.0000E+00 0.0000E+00 0.0000E+00 0.0000E+00 1.1224E-12 2.2089E-12 3.8332E-12 5.3815E-12 7.6452E-12 9.8171E-12 1.2230E-11 1.4787E-11
0.0000E+00 0.0000E+00 0.0000E+00 0.0000E+00 0.0000E+00 0.0000E+00 0.0000E+00 0.0000E+00 0.0000E+00 0.0000E+00 0.0000E+00 0.0000E+00 0.0000E+00 0.0000E+00 0.0000E+00 0.0000E+00 0.0000E+00 0.0000E+00 0.0000E+00 0.0000E+00 0.0000E+00 0.0000E+00 0.0000E+00 0.0000E+00 0.0000E+00 0.0000E+00 0.0000E+00 0.0000E+00 0.0000E+00 0.0000E+00 0.0000E+00 0.0000E+00 0.0000E+00 0.0000E+00 0.0000E+00 0.0000E+00 0.0000E+00 0.0000E+00 0.0000E+00 0.0000E+00 0.0000E+00 0.0000E+00 0.0000E+00 0.0000E+00 0.0000E+00 0.0000E+00 0.0000E+00 0.0000E+00 0.0000E+00 0.0000E+00 1.0294E-12 1.5103E-12 3.0939E-12 4.5500E-12 6.5445E-12 7.5952E-12 1.0681E-11
