Assets/Resources/2015_m01_d22_1600(utc+0800)_l00_csi_1hr_conc.grd
DSAA
         159         159
     -79.000      79.000
     -79.000      79.000
  0.0000E+00  0.2058E-04
[rows 0 to 24 of 159, columns 57 to 113 of 159]
1.4019E-08 1.3766E-08 1.3479E-08 1.3159E-08 1.2809E-08 1.2433E-08 1.2035E-08 1.1620E-08 1.1203E-08 1.0797E-08 1.0415E-08 1.0066E-08 9.7422E-09 9.4380E-09 9.1448E-09 8.8583E-09 8.5812E-09 8.3134E-09 8.0429E-09 7.7496E-09 7.5350E-09 7.3423E-09 7.1437E-09 6.9595E-09 6.7729E-09 6.5696E-09 6.4056E-09 6.2457E-09 6.0900E-09 5.9345E-09 5.7773E-09 5.6173E-09 5.4533E-09 5.2941E-09 5.1363E-09 4.9737E-09 4.8123E-09 4.6620E-09 4.5088E-09 4.3601E-09 4.2081E-09 4.0713E-09 3.9444E-09 3.8220E-09 3.6999E-09 3.5892E-09 3.4782E-09 3.3704E-09 3.2659E-09 3.1691E-09 3.0725E-09 2.9792E-09 2.8918E-09 2.8038E-09 2.7201E-09 2.6400E-09 2.5585E-09
1.4799E-08 1.4528E-08 1.4221E-08 1.3879E-08 1.3503E-08 1.3097E-08 1.2668E-08 1.2220E-08 1.1766E-08 1.1324E-08 1.0907E-08 1.0525E-08 1.0171E-08 9.8384E-09 9.5199E-09 9.2105E-09 8.9083E-09 8.6193E-09 8.3378E-09 8.0529E-09 7.7800E-09 7.5754E-09 7.3690E-09 7.1687E-09 6.9832E-09 6.7813E-09 6.5840E-09 6.4139E-09 6.2506E-09 6.0879E-09 5.9255E-09 5.7580E-09 5.5906E-09 5.4206E-09 5.2570E-09 5.0912E-09 4.9183E-09 4.7627E-09 4.6064E-09 4.4497E-09 4.2921E-09 4.1525E-09 4.0185E-09 3.8941E-09 3.7680E-09 3.6513E-09 3.5391E-09 3.4294E-09 3.3201E-09 3.2209E-09 3.1220E-09 3.0259E-09 2.9350E-09 2.8470E-09 2.7601E-09 2.6782E-09 2.5953E-09
1.5584E-08 1.5294E-08 1.4965E-08 1.4600E-08 1.4199E-08 1.3765E-08 1.3303E-08 1.2821E-08 1.2332E-08 1.1853E-08 1.1400E-08 1.0983E-08 1.0596E-08 1.0235E-08 9.8892E-09 9.5563E-09 9.2291E-09 8.9188E-09 8.6170E-09 8.3363E-09 8.0396E-09 7.8002E-09 7.5865E-09 7.3713E-09 7.1743E-09 6.9731E-09 6.7543E-09 6.5755E-09 6.4033E-09 6.2334E-09 6.0643E-09 5.8914E-09 5.7204E-09 5.5384E-09 5.3704E-09 5.2016E-09 5.0230E-09 4.8564E-09 4.6971E-09 4.5354E-09 4.3695E-09 4.2275E-09 4.0866E-09 3.9581E-09 3.8304E-09 3.7078E-09 3.5945E-09 3.4798E-09 3.3692E-09 3.2659E-09 3.1667E-09 3.0680E-09 2.9738E-09 2.8859E-09 2.7959E-09 2.7124E-09 2.6299E-09
1.6363E-08 1.6055E-08 1.5707E-08 1.5319E-08 1.4891E-08 1.4430E-08 1.3937E-08 1.3420E-08 1.2894E-08 1.2378E-08 1.1889E-08 1.1436E-08 1.1015E-08 1.0624E-08 1.0251E-08 9.8923E-09 9.5406E-09 9.2091E-09 8.8843E-09 8.5995E-09 8.3108E-09 8.0243E-09 7.7929E-09 7.5665E-09 7.3557E-09 7.1560E-09 6.9277E-09 6.7281E-09 6.5467E-09 6.3699E-09 6.1940E-09 6.0160E-09 5.8369E-09 5.6534E-09 5.4756E-09 5.2997E-09 5.1199E-09 4.9424E-09 4.7782E-09 4.6137E-09 4.4399E-09 4.2934E-09 4.1505E-09 4.0158E-09 3.8865E-09 3.7584E-09 3.6422E-09 3.5268E-09 3.4129E-09 3.3058E-09 3.2045E-09 3.1052E-09 3.0086E-09 2.9185E-09 2.8293E-09 2.7425E-09 2.6604E-09
1.7133E-08 1.6807E-08 1.6438E-08 1.6027E-08 1.5575E-08 1.5084E-08 1.4561E-08 1.4010E-08 1.3448E-08 1.2895E-08 1.2368E-08 1.1880E-08 1.1425E-08 1.1001E-08 1.0600E-08 1.0216E-08 9.8401E-09 9.4875E-09 9.1388E-09 8.8417E-09 8.5475E-09 8.2377E-09 7.9845E-09 7.7503E-09 7.5258E-09 7.3169E-09 7.1023E-09 6.8701E-09 6.6797E-09 6.4961E-09 6.3137E-09 6.1309E-09 5.9448E-09 5.7590E-09 5.5712E-09 5.3899E-09 5.2029E-09 5.0200E-09 4.8510E-09 4.6818E-09 4.5027E-09 4.3542E-09 4.2074E-09 4.0666E-09 3.9340E-09 3.8050E-09 3.6838E-09 3.5678E-09 3.4509E-09 3.3408E-09 3.2389E-09 3.1392E-09 3.0389E-09 2.9481E-09 2.8561E-09 2.7682E-09 2.6848E-09
1.7885E-08 1.7541E-08 1.7151E-08 1.6718E-08 1.6241E-08 1.5724E-08 1.5169E-08 1.4585E-08 1.3987E-08 1.3397E-08 1.2833E-08 1.2308E-08 1.1820E-08 1.1364E-08 1.0933E-08 1.0524E-08 1.0125E-08 9.7511E-09 9.3838E-09 9.0698E-09 8.7709E-09 8.4500E-09 8.1624E-09 7.9209E-09 7.6831E-09 7.4653E-09 7.2414E-09 7.0134E-09 6.8016E-09 6.6110E-09 6.4222E-09 6.2340E-09 6.0425E-09 5.8494E-09 5.6558E-09 5.4704E-09 5.2818E-09 5.0940E-09 4.9150E-09 4.7437E-09 4.5598E-09 4.4049E-09 4.2543E-09 4.1101E-09 3.9766E-09 3.8426E-09 3.7188E-09 3.6006E-09 3.4851E-09 3.3707E-09 3.2678E-09 3.1649E-09 3.0639E-09 2.9709E-09 2.8797E-09 2.7891E-09 2.7047E-09
1.8612E-08 1.8249E-08 1.7840E-08 1.7384E-08 1.6882E-08 1.6338E-08 1.5754E-08 1.5138E-08 1.4505E-08 1.3879E-08 1.3278E-08 1.2717E-08 1.2195E-08 1.1708E-08 1.1248E-08 1.0813E-08 1.0391E-08 9.9931E-09 9.6119E-09 9.2812E-09 8.9699E-09 8.6492E-09 8.3442E-09 8.0763E-09 7.8259E-09 7.5996E-09 7.3788E-09 7.1436E-09 6.9114E-09 6.7134E-09 6.5186E-09 6.3247E-09 6.1287E-09 5.9338E-09 5.7295E-09 5.5404E-09 5.3456E-09 5.1529E-09 4.9696E-09 4.7942E-09 4.6058E-09 4.4473E-09 4.2956E-09 4.1459E-09 4.0098E-09 3.8755E-09 3.7472E-09 3.6290E-09 3.5098E-09 3.3945E-09 3.2891E-09 3.1868E-09 3.0836E-09 2.9887E-09 2.8965E-09 2.8053E-09 2.7200E-09
1.9308E-08 1.8925E-08 1.8494E-08 1.8017E-08 1.7492E-08 1.6921E-08 1.6309E-08 1.5662E-08 1.4996E-08 1.4334E-08 1.3697E-08 1.3101E-08 1.2545E-08 1.2028E-08 1.1540E-08 1.1080E-08 1.0635E-08 1.0205E-08 9.8202E-09 9.4734E-09 9.1476E-09 8.8232E-09 8.5091E-09 8.2149E-09 7.9526E-09 7.7184E-09 7.4902E-09 7.2469E-09 7.0073E-09 6.8023E-09 6.6020E-09 6.4028E-09 6.2025E-09 6.0014E-09 5.7973E-09 5.5992E-09 5.4040E-09 5.2016E-09 5.0142E-09 4.8375E-09 4.6427E-09 4.4810E-09 4.3263E-09 4.1763E-09 4.0354E-09 3.8989E-09 3.7685E-09 3.6487E-09 3.5301E-09 3.4121E-09 3.3045E-09 3.2012E-09 3.0978E-09 3.0011E-09 2.9101E-09 2.8165E-09 2.7306E-09
1.9961E-08 1.9559E-08 1.9109E-08 1.8609E-08 1.8061E-08 1.7466E-08 1.6826E-08 1.6148E-08 1.5451E-08 1.4755E-08 1.4084E-08 1.3454E-08 1.2866E-08 1.2320E-08 1.1806E-08 1.1322E-08 1.0855E-08 1.0390E-08 1.0006E-08 9.6441E-09 9.3046E-09 8.9773E-09 8.6479E-09 8.3429E-09 8.0621E-09 7.8205E-09 7.5854E-09 7.3464E-09 7.0881E-09 6.8768E-09 6.6714E-09 6.4673E-09 6.2632E-09 6.0563E-09 5.8476E-09 5.6462E-09 5.4469E-09 5.2447E-09 5.0485E-09 4.8685E-09 4.6725E-09 4.5056E-09 4.3484E-09 4.1961E-09 4.0531E-09 3.9169E-09 3.7827E-09 3.6615E-09 3.5416E-09 3.4234E-09 3.3138E-09 3.2097E-09 3.1062E-09 3.0082E-09 2.9167E-09 2.8248E-09 2.7363E-09
2.0567E-08 2.0145E-08 1.9674E-08 1.9154E-08 1.8583E-08 1.7963E-08 1.7298E-08 1.6593E-08 1.5865E-08 1.5138E-08 1.4434E-08 1.3772E-08 1.3154E-08 1.2580E-08 1.2041E-08 1.1535E-08 1.1048E-08 1.0566E-08 1.0167E-08 9.7910E-09 9.4389E-09 9.1021E-09 8.7665E-09 8.4422E-09 8.1528E-09 7.9047E-09 7.6634E-09 7.4180E-09 7.1666E-09 6.9360E-09 6.7260E-09 6.5175E-09 6.3100E-09 6.0981E-09 5.8852E-09 5.6803E-09 5.4779E-09 5.2714E-09 5.0720E-09 4.8892E-09 4.6902E-09 4.5209E-09 4.3638E-09 4.2074E-09 4.0628E-09 3.9251E-09 3.7919E-09 3.6674E-09 3.5465E-09 3.4281E-09 3.3171E-09 3.2143E-09 3.1090E-09 3.0099E-09 2.9180E-09 2.8260E-09 2.7371E-09
2.1118E-08 2.0676E-08 2.0184E-08 1.9643E-08 1.9051E-08 1.8409E-08 1.7719E-08 1.6988E-08 1.6232E-08 1.5475E-08 1.4741E-08 1.4049E-08 1.3402E-08 1.2803E-08 1.2242E-08 1.1716E-08 1.1203E-08 1.0714E-08 1.0301E-08 9.9120E-09 9.5486E-09 9.2034E-09 8.8638E-09 8.5300E-09 8.2238E-09 7.9699E-09 7.7232E-09 7.4836E-09 7.2156E-09 6.9793E-09 6.7653E-09 6.5530E-09 6.3424E-09 6.1261E-09 5.9150E-09 5.7014E-09 5.4966E-09 5.2865E-09 5.0844E-09 4.8994E-09 4.6979E-09 4.5267E-09 4.3680E-09 4.2101E-09 4.0643E-09 3.9256E-09 3.7915E-09 3.6661E-09 3.5467E-09 3.4264E-09 3.3141E-09 3.2111E-09 3.1081E-09 3.0061E-09 2.9159E-09 2.8221E-09 2.7331E-09
2.1607E-08 2.1144E-08 2.0633E-08 2.0071E-08 1.9458E-08 1.8794E-08 1.8082E-08 1.7326E-08 1.6545E-08 1.5761E-08 1.4999E-08 1.4280E-08 1.3609E-08 1.2987E-08 1.2405E-08 1.1860E-08 1.1311E-08 1.0831E-08 1.0405E-08 1.0005E-08 9.6322E-09 9.2797E-09 8.9301E-09 8.6049E-09 8.2741E-09 8.0153E-09 7.7640E-09 7.5201E-09 7.2598E-09 7.0061E-09 6.7887E-09 6.5731E-09 6.3594E-09 6.1399E-09 5.9259E-09 5.7096E-09 5.5029E-09 5.2898E-09 5.0855E-09 4.8987E-09 4.6954E-09 4.5228E-09 4.3631E-09 4.2065E-09 4.0576E-09 3.9182E-09 3.7835E-09 3.6578E-09 3.5381E-09 3.4203E-09 3.3050E-09 3.2019E-09 3.0993E-09 2.9968E-09 2.9068E-09 2.8132E-09 2.7242E-09
2.2030E-08 2.1544E-08 2.1012E-08 2.0430E-08 1.9797E-08 1.9113E-08 1.8379E-08 1.7602E-08 1.6798E-08 1.5989E-08 1.5204E-08 1.4461E-08 1.3768E-08 1.3127E-08 1.2528E-08 1.1966E-08 1.1380E-08 1.0914E-08 1.0478E-08 1.0070E-08 9.6884E-09 9.3297E-09 8.9720E-09 8.6403E-09 8.3122E-09 8.0403E-09 7.7852E-09 7.5378E-09 7.2739E-09 7.0160E-09 6.7959E-09 6.5776E-09 6.3614E-09 6.1394E-09 5.9231E-09 5.7046E-09 5.4964E-09 5.2810E-09 5.0752E-09 4.8873E-09 4.6827E-09 4.5093E-09 4.3490E-09 4.1919E-09 4.0426E-09 3.9030E-09 3.7682E-09 3.6424E-09 3.5228E-09 3.4054E-09 3.2898E-09 3.1869E-09 3.0848E-09 2.9822E-09 2.8925E-09 2.8011E-09 2.7104E-09
2.2380E-08 2.1872E-08 2.1317E-08 2.0714E-08 2.0062E-08 1.9359E-08 1.8606E-08 1.7810E-08 1.6986E-08 1.6157E-08 1.5350E-08 1.4588E-08 1.3878E-08 1.3221E-08 1.2608E-08 1.2031E-08 1.1437E-08 1.0963E-08 1.0519E-08 1.0103E-08 9.7160E-09 9.3525E-09 8.9968E-09 8.6522E-09 8.3196E-09 8.0443E-09 7.7865E-09 7.5364E-09 7.2697E-09 7.0087E-09 6.7865E-09 6.5663E-09 6.3481E-09 6.1244E-09 5.9065E-09 5.6863E-09 5.4772E-09 5.2653E-09 5.0536E-09 4.8650E-09 4.6598E-09 4.4862E-09 4.3258E-09 4.1687E-09 4.0195E-09 3.8800E-09 3.7455E-09 3.6200E-09 3.5007E-09 3.3841E-09 3.2685E-09 3.1661E-09 3.0646E-09 2.9623E-09 2.8730E-09 2.7821E-09 2.6919E-09
2.2652E-08 2.2121E-08 2.1544E-08 2.0920E-08 2.0248E-08 1.9527E-08 1.8758E-08 1.7945E-08 1.7104E-08 1.6258E-08 1.5436E-08 1.4659E-08 1.3935E-08 1.3266E-08 1.2642E-08 1.2044E-08 1.1457E-08 1.0976E-08 1.0526E-08 1.0106E-08 9.7145E-09 9.3475E-09 8.9883E-09 8.6489E-09 8.3046E-09 8.0271E-09 7.7676E-09 7.5158E-09 7.2588E-09 6.9841E-09 6.7606E-09 6.5391E-09 6.3197E-09 6.0948E-09 5.8759E-09 5.6549E-09 5.4453E-09 5.2276E-09 5.0207E-09 4.8321E-09 4.6269E-09 4.4536E-09 4.2936E-09 4.1369E-09 3.9883E-09 3.8495E-09 3.7156E-09 3.5908E-09 3.4722E-09 3.3565E-09 3.2413E-09 3.1396E-09 3.0389E-09 2.9372E-09 2.8486E-09 2.7584E-09 2.6688E-09
2.2845E-08 2.2287E-08 2.1687E-08 2.1042E-08 2.0351E-08 1.9613E-08 1.8828E-08 1.8002E-08 1.7149E-08 1.6291E-08 1.5457E-08 1.4670E-08 1.3938E-08 1.3261E-08 1.2630E-08 1.1997E-08 1.1437E-08 1.0953E-08 1.0500E-08 1.0077E-08 9.6835E-09 9.3146E-09 8.9541E-09 8.6130E-09 8.2673E-09 7.9888E-09 7.7285E-09 7.4759E-09 7.2180E-09 6.9423E-09 6.7182E-09 6.4961E-09 6.2762E-09 6.0508E-09 5.8316E-09 5.6104E-09 5.4008E-09 5.1832E-09 4.9766E-09 4.7886E-09 4.5841E-09 4.4117E-09 4.2526E-09 4.0969E-09 3.9493E-09 3.8115E-09 3.6786E-09 3.5549E-09 3.4373E-09 3.3227E-09 3.2084E-09 3.1076E-09 3.0078E-09 2.9070E-09 2.8193E-09 2.7298E-09 2.6411E-09
2.2951E-08 2.2367E-08 2.1744E-08 2.1079E-08 2.0370E-08 1.9615E-08 1.8817E-08 1.7980E-08 1.7118E-08 1.6253E-08 1.5414E-08 1.4622E-08 1.3886E-08 1.3205E-08 1.2569E-08 1.1907E-08 1.1378E-08 1.0893E-08 1.0440E-08 1.0017E-08 9.6231E-09 9.2538E-09 8.8943E-09 8.5611E-09 8.2078E-09 7.9295E-09 7.6694E-09 7.4170E-09 7.1589E-09 6.8836E-09 6.6595E-09 6.4376E-09 6.2178E-09 5.9927E-09 5.7739E-09 5.5531E-09 5.3441E-09 5.1272E-09 4.9218E-09 4.7349E-09 4.5318E-09 4.3608E-09 4.2031E-09 4.0489E-09 3.9028E-09 3.7663E-09 3.6349E-09 3.5125E-09 3.3963E-09 3.2829E-09 3.1699E-09 3.0703E-09 2.9714E-09 2.8719E-09 2.7852E-09 2.6968E-09 2.6091E-09
2.2968E-08 2.2358E-08 2.1712E-08 2.1028E-08 2.0302E-08 1.9534E-08 1.8723E-08 1.7878E-08 1.7011E-08 1.6144E-08 1.5305E-08 1.4513E-08 1.3778E-08 1.3099E-08 1.2456E-08 1.1808E-08 1.1281E-08 1.0798E-08 1.0346E-08 9.9251E-09 9.5339E-09 9.1656E-09 8.8093E-09 8.4779E-09 8.1267E-09 7.8497E-09 7.5909E-09 7.3396E-09 7.0821E-09 6.8083E-09 6.5851E-09 6.3640E-09 6.1450E-09 5.9209E-09 5.7031E-09 5.4835E-09 5.2754E-09 5.0602E-09 4.8565E-09 4.6713E-09 4.4702E-09 4.3013E-09 4.1454E-09 3.9908E-09 3.8489E-09 3.7143E-09 3.5847E-09 3.4640E-09 3.3494E-09 3.2373E-09 3.1260E-09 3.0279E-09 2.9301E-09 2.8322E-09 2.7467E-09 2.6575E-09 2.5729E-09
2.2901E-08 2.2263E-08 2.1594E-08 2.0888E-08 2.0147E-08 1.9368E-08 1.8549E-08 1.7697E-08 1.6829E-08 1.5964E-08 1.5131E-08 1.4346E-08 1.3617E-08 1.2942E-08 1.2287E-08 1.1668E-08 1.1145E-08 1.0667E-08 1.0220E-08 9.8034E-09 9.4167E-09 9.0508E-09 8.7000E-09 8.3642E-09 8.0246E-09 7.7501E-09 7.4934E-09 7.2441E-09 6.9881E-09 6.7171E-09 6.4954E-09 6.2758E-09 6.0584E-09 5.8359E-09 5.6197E-09 5.4020E-09 5.1954E-09 4.9826E-09 4.7813E-09 4.5983E-09 4.3975E-09 4.2334E-09 4.0778E-09 3.9278E-09 3.7882E-09 3.6557E-09 3.5282E-09 3.4096E-09 3.2969E-09 3.1864E-09 3.0771E-09 2.9806E-09 2.8840E-09 2.7880E-09 2.7021E-09 2.6159E-09 2.5328E-09
2.2743E-08 2.2080E-08 2.1385E-08 2.0660E-08 1.9907E-08 1.9118E-08 1.8295E-08 1.7441E-08 1.6574E-08 1.5717E-08 1.4894E-08 1.4123E-08 1.3404E-08 1.2734E-08 1.2069E-08 1.1488E-08 1.0973E-08 1.0502E-08 1.0063E-08 9.6531E-09 9.2726E-09 8.9108E-09 8.5674E-09 8.2365E-09 7.9024E-09 7.6314E-09 7.3779E-09 7.1314E-09 6.8662E-09 6.6106E-09 6.3911E-09 6.1737E-09 5.9584E-09 5.7383E-09 5.5193E-09 5.3093E-09 5.1047E-09 4.8899E-09 4.6967E-09 4.5142E-09 4.3189E-09 4.1579E-09 4.0051E-09 3.8579E-09 3.7209E-09 3.5909E-09 3.4660E-09 3.3496E-09 3.2391E-09 3.1281E-09 3.0235E-09 2.9288E-09 2.8334E-09 2.7397E-09 2.6553E-09 2.5704E-09 2.4888E-09
2.2496E-08 2.1809E-08 2.1094E-08 2.0347E-08 1.9583E-08 1.8788E-08 1.7962E-08 1.7112E-08 1.6252E-08 1.5406E-08 1.4599E-08 1.3844E-08 1.3141E-08 1.2476E-08 1.1823E-08 1.1271E-08 1.0767E-08 1.0307E-08 9.8763E-09 9.4756E-09 9.1033E-09 8.7468E-09 8.4127E-09 8.0776E-09 7.7612E-09 7.4949E-09 7.2453E-09 7.0026E-09 6.7406E-09 6.4897E-09 6.2731E-09 6.0585E-09 5.8456E-09 5.6289E-09 5.4130E-09 5.2059E-09 4.9991E-09 4.7931E-09 4.6032E-09 4.4242E-09 4.2327E-09 4.0751E-09 3.9256E-09 3.7792E-09 3.6477E-09 3.5184E-09 3.3961E-09 3.2845E-09 3.1744E-09 3.0673E-09 2.9654E-09 2.8727E-09 2.7766E-09 2.6874E-09 2.6047E-09 2.5213E-09 2.4414E-09
2.2166E-08 2.1454E-08 2.0721E-08 1.9955E-08 1.9179E-08 1.8382E-08 1.7559E-08 1.6715E-08 1.5868E-08 1.5036E-08 1.4249E-08 1.3516E-08 1.2827E-08 1.2174E-08 1.1557E-08 1.1019E-08 1.0529E-08 1.0081E-08 9.6628E-09 9.2729E-09 8.9105E-09 8.5608E-09 8.2304E-09 7.9080E-09 7.5933E-09 7.3416E-09 7.0968E-09 6.8586E-09 6.6007E-09 6.3554E-09 6.1423E-09 5.9311E-09 5.7209E-09 5.5085E-09 5.2964E-09 5.0928E-09 4.8891E-09 4.6876E-09 4.5017E-09 4.3266E-09 4.1370E-09 3.9857E-09 3.8376E-09 3.6971E-09 3.5688E-09 3.4427E-09 3.3235E-09 3.2147E-09 3.1073E-09 3.0021E-09 2.9033E-09 2.8108E-09 2.7181E-09 2.6316E-09 2.5507E-09 2.4669E-09 2.3908E-09
2.1759E-08 2.1023E-08 2.0272E-08 1.9493E-08 1.8704E-08 1.7905E-08 1.7089E-08 1.6256E-08 1.5426E-08 1.4616E-08 1.3852E-08 1.3144E-08 1.2473E-08 1.1835E-08 1.1258E-08 1.0737E-08 1.0263E-08 9.8297E-09 9.4248E-09 9.0475E-09 8.6965E-09 8.3547E-09 8.0370E-09 7.7130E-09 7.4188E-09 7.1729E-09 6.9337E-09 6.7001E-09 6.4476E-09 6.2088E-09 5.9997E-09 5.7926E-09 5.5854E-09 5.3731E-09 5.1650E-09 4.9707E-09 4.7657E-09 4.5692E-09 4.3928E-09 4.2198E-09 4.0374E-09 3.8902E-09 3.7462E-09 3.6096E-09 3.4849E-09 3.3623E-09 3.2464E-09 3.1406E-09 3.0361E-09 2.9329E-09 2.8374E-09 2.7473E-09 2.6560E-09 2.5724E-09 2.4917E-09 2.4114E-09 2.3372E-09
2.1271E-08 2.0513E-08 1.9747E-08 1.8961E-08 1.8162E-08 1.7367E-08 1.6561E-08 1.5747E-08 1.4937E-08 1.4154E-08 1.3416E-08 1.2730E-08 1.2079E-08 1.1471E-08 1.0929E-08 1.0427E-08 9.9711E-09 9.5546E-09 9.1649E-09 8.8017E-09 8.4606E-09 8.1307E-09 7.8191E-09 7.5023E-09 7.2297E-09 6.9904E-09 6.7574E-09 6.5173E-09 6.2709E-09 6.0511E-09 5.8465E-09 5.6440E-09 5.4403E-09 5.2339E-09 5.0306E-09 4.8403E-09 4.6398E-09 4.4491E-09 4.2773E-09 4.1068E-09 3.9322E-09 3.7894E-09 3.6475E-09 3.5174E-09 3.3944E-09 3.2755E-09 3.1653E-09 3.0606E-09 2.9592E-09 2.8601E-09 2.7681E-09 2.6786E-09 2.5908E-09 2.5103E-09 2.4315E-09 2.3531E-09 2.2809E-09
2.0704E-08 1.9931E-08 1.9156E-08 1.8371E-08 1.7566E-08 1.6782E-08 1.5987E-08 1.5191E-08 1.4408E-08 1.3652E-08 1.2946E-08 1.2284E-08 1.1655E-08 1.1090E-08 1.0573E-08 1.0093E-08 9.6575E-09 9.2591E-09 8.8862E-09 8.5382E-09 8.2070E-09 7.8921E-09 7.5924E-09 7.2787E-09 7.0278E-09 6.7956E-09 6.5694E-09 6.3348E-09 6.0971E-09 5.8834E-09 5.6839E-09 5.4864E-09 5.2867E-09 5.0815E-09 4.8887E-09 4.6973E-09 4.5023E-09 4.3229E-09 4.1538E-09 3.9910E-09 3.8219E-09 3.6818E-09 3.5468E-09 3.4211E-09 3.3021E-09 3.1871E-09 3.0807E-09 2.9793E-09 2.8812E-09 2.7841E-09 2.6941E-09 2.6091E-09 2.5227E-09 2.4456E-09 2.3668E-09 2.2923E-09 2.2222E-09
