Assets/Resources/2015_m01_d21_2100(utc+0800)_l00_csi_1hr_conc.grd
DSAA
         159         159
     -79.000      79.000
     -79.000      79.000
  0.0000E+00  0.1728E-04
[rows 25 to 49 of 159, columns 57 to 113 of 159]
0.0000E+00 0.0000E+00 0.0000E+00 0.0000E+00 0.0000E+00 0.0000E+00 0.0000E+00 0.0000E+00 0.0000E+00 0.0000E+00 0.0000E+00 0.0000E+00 0.0000E+00 0.0000E+00 0.0000E+00 0.0000E+00 0.0000E+00 0.0000E+00 0.0000E+00 0.0000E+00 0.0000E+00 0.0000E+00 0.0000E+00 0.0000E+00 0.0000E+00 0.0000E+00 0.0000E+00 0.0000E+00 0.0000E+00 0.0000E+00 0.0000E+00 0.0000E+00 2.8925E-12 1.9136E-11 1.6379E-10 3.5705E-10 5.9747E-10 9.1125E-10 1.3309E-09 1.8728E-09 2.5490E-09 3.3608E-09 4.3014E-09 5.3484E-09 6.4764E-09 7.6457E-09 8.8124E-09 9.9346E-09 1.0967E-08 1.1860E-08 1.2595E-08 1.3134E-08 1.3478E-08 1.3606E-08 1.3531E-08 1.3269E-08 1.2834E-08
0.0000E+00 0.0000E+00 0.0000E+00 0.0000E+00 0.0000E+00 0.0000E+00 0.0000E+00 0.0000E+00 0.0000E+00 0.0000E+00 0.0000E+00 0.0000E+00 0.0000E+00 0.0000E+00 0.0000E+00 0.0000E+00 0.0000E+00 0.0000E+00 0.0000E+00 0.0000E+00 0.0000E+00 0.0000E+00 0.0000E+00 0.0000E+00 0.0000E+00 0.0000E+00 0.0000E+00 0.0000E+00 0.0000E+00 0.0000E+00 0.0000E+00 1.2923E-12 1.5654E-11 1.0645E-10 3.0867E-10 5.3962E-10 8.4298E-10 1.2539E-09 1.7944E-09 2.4746E-09 3.3011E-09 4.2665E-09 5.3510E-09 6.5250E-09 7.7473E-09 8.9688E-09 1.0137E-08 1.1209E-08 1.2140E-08 1.2898E-08 1.3449E-08 1.3788E-08 1.3903E-08 1.3815E-08 1.3522E-08 1.3055E-08 1.2443E-08
0.0000E+00 0.0000E+00 0.0000E+00 0.0000E+00 0.0000E+00 0.0000E+00 0.0000E+00 0.0000E+00 0.0000E+00 0.0000E+00 0.0000E+00 0.0000E+00 0.0000E+00 0.0000E+00 0.0000E+00 0.0000E+00 0.0000E+00 0.0000E+00 0.0000E+00 0.0000E+00 0.0000E+00 0.0000E+00 0.0000E+00 0.0000E+00 0.0000E+00 0.0000E+00 0.0000E+00 0.0000E+00 0.0000E+00 0.0000E+00 3.3278E-13 1.3503E-11 6.9335E-11 2.5944E-10 4.8739E-10 7.8748E-10 1.1898E-09 1.7259E-09 2.4106E-09 3.2506E-09 4.2383E-09 5.3592E-09 6.5777E-09 7.8508E-09 9.1302E-09 1.0359E-08 1.1484E-08 1.2453E-08 1.3231E-08 1.3796E-08 1.4133E-08 1.4236E-08 1.4114E-08 1.3787E-08 1.3289E-08 1.2631E-08 1.1861E-08
0.0000E+00 0.0000E+00 0.0000E+00 0.0000E+00 0.0000E+00 0.0000E+00 0.0000E+00 0.0000E+00 0.0000E+00 0.0000E+00 0.0000E+00 0.0000E+00 0.0000E+00 0.0000E+00 0.0000E+00 0.0000E+00 0.0000E+00 0.0000E+00 0.0000E+00 0.0000E+00 0.0000E+00 0.0000E+00 0.0000E+00 0.0000E+00 0.0000E+00 0.0000E+00 0.0000E+00 0.0000E+00 0.0000E+00 1.1428E-12 1.0211E-11 6.2645E-11 1.9975E-10 4.3442E-10 7.3171E-10 1.1228E-09 1.6509E-09 2.3448E-09 3.1966E-09 4.2081E-09 5.3651E-09 6.6316E-09 7.9643E-09 9.3079E-09 1.0602E-08 1.1783E-08 1.2798E-08 1.3606E-08 1.4183E-08 1.4511E-08 1.4595E-08 1.4446E-08 1.4080E-08 1.3529E-08 1.2829E-08 1.2013E-08 1.1110E-08
0.0000E+00 0.0000E+00 0.0000E+00 0.0000E+00 0.0000E+00 0.0000E+00 0.0000E+00 0.0000E+00 0.0000E+00 0.0000E+00 0.0000E+00 0.0000E+00 0.0000E+00 0.0000E+00 0.0000E+00 0.0000E+00 0.0000E+00 0.0000E+00 0.0000E+00 0.0000E+00 0.0000E+00 0.0000E+00 0.0000E+00 0.0000E+00 0.0000E+00 0.0000E+00 0.0000E+00 0.0000E+00 1.4000E-12 9.0449E-12 4.2618E-11 1.4630E-10 3.7307E-10 6.6406E-10 1.0571E-09 1.5796E-09 2.2672E-09 3.1314E-09 4.1732E-09 5.3723E-09 6.6924E-09 8.0872E-09 9.4958E-09 1.0852E-08 1.2096E-08 1.3168E-08 1.4018E-08 1.4614E-08 1.4937E-08 1.4997E-08 1.4807E-08 1.4396E-08 1.3796E-08 1.3038E-08 1.2167E-08 1.1220E-08 1.0227E-08
0.0000E+00 0.0000E+00 0.0000E+00 0.0000E+00 0.0000E+00 0.0000E+00 0.0000E+00 0.0000E+00 0.0000E+00 0.0000E+00 0.0000E+00 0.0000E+00 0.0000E+00 0.0000E+00 0.0000E+00 0.0000E+00 0.0000E+00 0.0000E+00 0.0000E+00 0.0000E+00 0.0000E+00 0.0000E+00 0.0000E+00 0.0000E+00 0.0000E+00 0.0000E+00 0.0000E+00 0.0000E+00 9.5647E-12 3.1827E-11 1.1943E-10 3.0490E-10 6.0246E-10 9.8982E-10 1.5126E-09 2.2035E-09 3.0823E-09 4.1508E-09 5.3921E-09 6.7717E-09 8.2331E-09 9.7110E-09 1.1137E-08 1.2446E-08 1.3571E-08 1.4456E-08 1.5073E-08 1.5401E-08 1.5443E-08 1.5212E-08 1.4745E-08 1.4080E-08 1.3264E-08 1.2333E-08 1.1325E-08 1.0287E-08 9.2403E-09
0.0000E+00 0.0000E+00 0.0000E+00 0.0000E+00 0.0000E+00 0.0000E+00 0.0000E+00 0.0000E+00 0.0000E+00 0.0000E+00 0.0000E+00 0.0000E+00 0.0000E+00 0.0000E+00 0.0000E+00 0.0000E+00 0.0000E+00 0.0000E+00 0.0000E+00 0.0000E+00 0.0000E+00 0.0000E+00 0.0000E+00 0.0000E+00 0.0000E+00 0.0000E+00 0.0000E+00 4.0257E-12 2.6972E-11 9.0669E-11 2.4318E-10 5.4903E-10 9.1407E-10 1.4277E-09 2.1250E-09 3.0246E-09 4.1291E-09 5.4222E-09 6.8680E-09 8.4066E-09 9.9703E-09 1.1478E-08 1.2849E-08 1.4020E-08 1.4941E-08 1.5578E-08 1.5903E-08 1.5919E-08 1.5649E-08 1.5130E-08 1.4400E-08 1.3508E-08 1.2505E-08 1.1442E-08 1.0342E-08 9.2507E-09 8.1945E-09
0.0000E+00 0.0000E+00 0.0000E+00 0.0000E+00 0.0000E+00 0.0000E+00 0.0000E+00 0.0000E+00 0.0000E+00 0.0000E+00 0.0000E+00 0.0000E+00 0.0000E+00 0.0000E+00 0.0000E+00 0.0000E+00 0.0000E+00 0.0000E+00 0.0000E+00 0.0000E+00 0.0000E+00 0.0000E+00 0.0000E+00 0.0000E+00 0.0000E+00 0.0000E+00 0.0000E+00 1.3907E-11 7.0071E-11 1.9315E-10 4.8563E-10 8.1948E-10 1.3318E-09 2.0325E-09 2.9561E-09 4.1077E-09 5.4687E-09 6.9973E-09 8.6302E-09 1.0288E-08 1.1884E-08 1.3336E-08 1.4568E-08 1.5516E-08 1.6148E-08 1.6452E-08 1.6441E-08 1.6126E-08 1.5542E-08 1.4739E-08 1.3778E-08 1.2701E-08 1.1557E-08 1.0402E-08 9.2615E-09 8.1577E-09 7.1239E-09
0.0000E+00 0.0000E+00 0.0000E+00 0.0000E+00 0.0000E+00 0.0000E+00 0.0000E+00 0.0000E+00 0.0000E+00 0.0000E+00 0.0000E+00 0.0000E+00 0.0000E+00 0.0000E+00 0.0000E+00 0.0000E+00 0.0000E+00 0.0000E+00 0.0000E+00 0.0000E+00 0.0000E+00 0.0000E+00 0.0000E+00 0.0000E+00 0.0000E+00 0.0000E+00 0.0000E+00 4.6987E-11 1.5172E-10 3.7883E-10 7.2696E-10 1.1998E-09 1.9009E-09 2.8452E-09 4.0482E-09 5.4934E-09 7.1338E-09 8.8939E-09 1.0679E-08 1.2395E-08 1.3941E-08 1.5232E-08 1.6212E-08 1.6848E-08 1.7122E-08 1.7042E-08 1.6648E-08 1.5992E-08 1.5112E-08 1.4061E-08 1.2901E-08 1.1691E-08 1.0463E-08 9.2624E-09 8.1235E-09 7.0497E-09 6.0698E-09
0.0000E+00 0.0000E+00 0.0000E+00 0.0000E+00 0.0000E+00 0.0000E+00 0.0000E+00 0.0000E+00 0.0000E+00 0.0000E+00 0.0000E+00 0.0000E+00 0.0000E+00 0.0000E+00 0.0000E+00 0.0000E+00 0.0000E+00 0.0000E+00 0.0000E+00 0.0000E+00 0.0000E+00 0.0000E+00 0.0000E+00 0.0000E+00 0.0000E+00 0.0000E+00 0.0000E+00 9.1627E-11 2.9149E-10 5.9476E-10 1.0509E-09 1.7173E-09 2.6540E-09 3.9006E-09 5.4358E-09 7.2109E-09 9.1409E-09 1.1104E-08 1.2984E-08 1.4665E-08 1.6053E-08 1.7081E-08 1.7708E-08 1.7934E-08 1.7786E-08 1.7299E-08 1.6522E-08 1.5522E-08 1.4375E-08 1.3125E-08 1.1823E-08 1.0528E-08 9.2727E-09 8.0752E-09 6.9749E-09 5.9709E-09 5.0659E-09
0.0000E+00 0.0000E+00 0.0000E+00 0.0000E+00 0.0000E+00 0.0000E+00 0.0000E+00 0.0000E+00 0.0000E+00 0.0000E+00 0.0000E+00 0.0000E+00 0.0000E+00 0.0000E+00 0.0000E+00 0.0000E+00 0.0000E+00 0.0000E+00 0.0000E+00 0.0000E+00 0.0000E+00 0.0000E+00 0.0000E+00 0.0000E+00 0.0000E+00 0.0000E+00 1.0566E-12 1.7436E-10 4.4610E-10 8.4630E-10 1.4828E-09 2.4015E-09 3.6485E-09 5.2585E-09 7.1800E-09 9.3075E-09 1.1510E-08 1.3625E-08 1.5508E-08 1.7035E-08 1.8135E-08 1.8775E-08 1.8961E-08 1.8716E-08 1.8097E-08 1.7185E-08 1.6050E-08 1.4756E-08 1.3379E-08 1.1983E-08 1.0600E-08 9.2725E-09 8.0351E-09 6.8916E-09 5.8613E-09 4.9468E-09 4.1409E-09
0.0000E+00 0.0000E+00 0.0000E+00 0.0000E+00 0.0000E+00 0.0000E+00 0.0000E+00 0.0000E+00 0.0000E+00 0.0000E+00 0.0000E+00 0.0000E+00 0.0000E+00 0.0000E+00 0.0000E+00 0.0000E+00 0.0000E+00 0.0000E+00 0.0000E+00 0.0000E+00 0.0000E+00 0.0000E+00 0.0000E+00 0.0000E+00 0.0000E+00 0.0000E+00 6.9366E-12 2.7299E-10 6.1785E-10 1.1698E-09 2.0245E-09 3.2480E-09 4.8873E-09 6.9369E-09 9.2927E-09 1.1787E-08 1.4226E-08 1.6414E-08 1.8187E-08 1.9433E-08 2.0113E-08 2.0250E-08 1.9886E-08 1.9122E-08 1.8038E-08 1.6714E-08 1.5255E-08 1.3727E-08 1.2189E-08 1.0700E-08 9.2961E-09 7.9888E-09 6.8104E-09 5.7525E-09 4.8198E-09 4.0100E-09 3.3092E-09
0.0000E+00 0.0000E+00 0.0000E+00 0.0000E+00 0.0000E+00 0.0000E+00 0.0000E+00 0.0000E+00 0.0000E+00 0.0000E+00 0.0000E+00 0.0000E+00 0.0000E+00 0.0000E+00 0.0000E+00 0.0000E+00 0.0000E+00 0.0000E+00 0.0000E+00 0.0000E+00 0.0000E+00 0.0000E+00 0.0000E+00 0.0000E+00 0.0000E+00 0.0000E+00 1.7468E-11 3.6227E-10 8.2122E-10 1.5548E-09 2.6904E-09 4.2977E-09 6.4146E-09 8.9732E-09 1.1798E-08 1.4644E-08 1.7254E-08 1.9396E-08 2.0922E-08 2.1737E-08 2.1875E-08 2.1418E-08 2.0466E-08 1.9147E-08 1.7603E-08 1.5919E-08 1.4190E-08 1.2491E-08 1.0866E-08 9.3497E-09 7.9717E-09 6.7354E-09 5.6442E-09 4.6946E-09 3.8747E-09 3.1773E-09 2.5864E-09
0.0000E+00 0.0000E+00 0.0000E+00 0.0000E+00 0.0000E+00 0.0000E+00 0.0000E+00 0.0000E+00 0.0000E+00 0.0000E+00 0.0000E+00 0.0000E+00 0.0000E+00 0.0000E+00 0.0000E+00 0.0000E+00 0.0000E+00 0.0000E+00 0.0000E+00 0.0000E+00 0.0000E+00 0.0000E+00 0.0000E+00 0.0000E+00 0.0000E+00 0.0000E+00 2.5644E-11 4.8146E-10 1.0487E-09 2.0023E-09 3.4801E-09 5.5573E-09 8.2315E-09 1.1373E-08 1.4700E-08 1.7881E-08 2.0577E-08 2.2549E-08 2.3658E-08 2.3905E-08 2.3385E-08 2.2240E-08 2.0659E-08 1.8817E-08 1.6837E-08 1.4855E-08 1.2930E-08 1.1124E-08 9.4745E-09 7.9992E-09 6.6919E-09 5.5509E-09 4.5761E-09 3.7452E-09 3.0447E-09 2.4617E-09 1.9749E-09
0.0000E+00 0.0000E+00 0.0000E+00 0.0000E+00 0.0000E+00 0.0000E+00 0.0000E+00 0.0000E+00 0.0000E+00 0.0000E+00 0.0000E+00 0.0000E+00 0.0000E+00 0.0000E+00 0.0000E+00 0.0000E+00 0.0000E+00 0.0000E+00 0.0000E+00 0.0000E+00 0.0000E+00 0.0000E+00 0.0000E+00 0.0000E+00 0.0000E+00 0.0000E+00 3.1485E-11 5.8511E-10 1.2977E-09 2.5076E-09 4.3932E-09 7.0253E-09 1.0353E-08 1.4139E-08 1.8006E-08 2.1483E-08 2.4153E-08 2.5807E-08 2.6340E-08 2.5858E-08 2.4574E-08 2.2710E-08 2.0506E-08 1.8161E-08 1.5810E-08 1.3591E-08 1.1551E-08 9.7068E-09 8.0875E-09 6.6942E-09 5.4975E-09 4.4776E-09 3.6278E-09 2.9227E-09 2.3393E-09 1.8630E-09 1.4728E-09
0.0000E+00 0.0000E+00 0.0000E+00 0.0000E+00 0.0000E+00 0.0000E+00 0.0000E+00 0.0000E+00 0.0000E+00 0.0000E+00 0.0000E+00 0.0000E+00 0.0000E+00 0.0000E+00 0.0000E+00 0.0000E+00 0.0000E+00 0.0000E+00 0.0000E+00 0.0000E+00 0.0000E+00 0.0000E+00 0.0000E+00 0.0000E+00 0.0000E+00 0.0000E+00 3.2817E-11 6.9336E-10 1.5427E-09 3.0443E-09 5.3963E-09 8.6958E-09 1.2781E-08 1.7282E-08 2.1687E-08 2.5399E-08 2.7945E-08 2.9089E-08 2.8900E-08 2.7583E-08 2.5441E-08 2.2819E-08 2.0008E-08 1.7223E-08 1.4598E-08 1.2208E-08 1.0116E-08 8.3052E-09 6.7606E-09 5.4805E-09 4.4137E-09 3.5290E-09 2.8090E-09 2.2295E-09 1.7555E-09 1.3765E-09 1.0630E-09
0.0000E+00 0.0000E+00 0.0000E+00 0.0000E+00 0.0000E+00 0.0000E+00 0.0000E+00 0.0000E+00 0.0000E+00 0.0000E+00 0.0000E+00 0.0000E+00 0.0000E+00 0.0000E+00 0.0000E+00 0.0000E+00 0.0000E+00 0.0000E+00 0.0000E+00 0.0000E+00 0.0000E+00 0.0000E+00 0.0000E+00 0.0000E+00 0.0000E+00 0.0000E+00 3.1415E-11 7.6915E-10 1.7913E-09 3.6249E-09 6.5021E-09 1.0535E-08 1.5478E-08 2.0765E-08 2.5691E-08 2.9538E-08 3.1808E-08 3.2338E-08 3.1243E-08 2.8972E-08 2.5971E-08 2.2620E-08 1.9252E-08 1.6074E-08 1.3251E-08 1.0791E-08 8.6964E-09 6.9647E-09 5.5397E-09 4.3884E-09 3.4641E-09 2.7181E-09 2.1218E-09 1.6581E-09 1.2799E-09 9.7584E-10 7.4028E-10
0.0000E+00 0.0000E+00 0.0000E+00 0.0000E+00 0.0000E+00 0.0000E+00 0.0000E+00 0.0000E+00 0.0000E+00 0.0000E+00 0.0000E+00 0.0000E+00 0.0000E+00 0.0000E+00 0.0000E+00 0.0000E+00 0.0000E+00 0.0000E+00 0.0000E+00 0.0000E+00 0.0000E+00 0.0000E+00 0.0000E+00 0.0000E+00 0.0000E+00 0.0000E+00 2.7011E-11 8.0772E-10 2.0347E-09 4.1997E-09 7.6767E-09 1.2538E-08 1.8427E-08 2.4559E-08 2.9989E-08 3.3854E-08 3.5656E-08 3.5351E-08 3.3286E-08 2.9998E-08 2.6087E-08 2.2069E-08 1.8240E-08 1.4795E-08 1.1840E-08 9.3781E-09 7.3489E-09 5.7290E-09 4.4486E-09 3.4390E-09 2.6548E-09 2.0437E-09 1.5600E-09 1.1896E-09 8.9425E-10 6.6812E-10 4.9942E-10
0.0000E+00 0.0000E+00 0.0000E+00 0.0000E+00 0.0000E+00 0.0000E+00 0.0000E+00 0.0000E+00 0.0000E+00 0.0000E+00 0.0000E+00 0.0000E+00 0.0000E+00 0.0000E+00 0.0000E+00 0.0000E+00 0.0000E+00 0.0000E+00 0.0000E+00 0.0000E+00 0.0000E+00 0.0000E+00 0.0000E+00 0.0000E+00 0.0000E+00 0.0000E+00 1.9698E-11 8.9101E-10 2.2768E-09 4.8165E-09 8.9312E-09 1.4687E-08 2.1580E-08 2.8573E-08 3.4434E-08 3.8165E-08 3.9317E-08 3.8007E-08 3.4830E-08 3.0546E-08 2.5823E-08 2.1195E-08 1.7007E-08 1.3406E-08 1.0412E-08 7.9955E-09 6.0982E-09 4.6243E-09 3.4913E-09 2.6379E-09 1.9833E-09 1.4863E-09 1.1047E-09 8.2171E-10 6.0365E-10 4.4468E-10 3.2435E-10
0.0000E+00 0.0000E+00 0.0000E+00 0.0000E+00 0.0000E+00 0.0000E+00 0.0000E+00 0.0000E+00 0.0000E+00 0.0000E+00 0.0000E+00 0.0000E+00 0.0000E+00 0.0000E+00 0.0000E+00 0.0000E+00 0.0000E+00 0.0000E+00 0.0000E+00 0.0000E+00 0.0000E+00 0.0000E+00 0.0000E+00 0.0000E+00 0.0000E+00 0.0000E+00 1.4571E-11 1.0098E-09 2.5982E-09 5.5392E-09 1.0344E-08 1.7043E-08 2.4979E-08 3.2760E-08 3.8890E-08 4.2268E-08 4.2543E-08 4.0112E-08 3.5796E-08 3.0501E-08 2.5078E-08 2.0017E-08 1.5594E-08 1.1937E-08 8.9969E-09 6.6982E-09 4.9604E-09 3.6551E-09 2.6758E-09 1.9685E-09 1.4335E-09 1.0373E-09 7.5631E-10 5.4947E-10 3.9263E-10 2.8046E-10 2.0366E-10
0.0000E+00 0.0000E+00 0.0000E+00 0.0000E+00 0.0000E+00 0.0000E+00 0.0000E+00 0.0000E+00 0.0000E+00 0.0000E+00 0.0000E+00 0.0000E+00 0.0000E+00 0.0000E+00 0.0000E+00 0.0000E+00 0.0000E+00 0.0000E+00 0.0000E+00 0.0000E+00 0.0000E+00 0.0000E+00 0.0000E+00 0.0000E+00 0.0000E+00 0.0000E+00 5.2497E-12 1.1614E-09 2.9731E-09 6.4124E-09 1.2032E-08 1.9773E-08 2.8687E-08 3.7081E-08 4.3213E-08 4.5934E-08 4.5097E-08 4.1412E-08 3.5981E-08 2.9864E-08 2.3874E-08 1.8534E-08 1.4034E-08 1.0428E-08 7.6075E-09 5.4961E-09 3.9481E-09 2.8105E-09 1.9948E-09 1.4185E-09 9.9863E-10 7.0578E-10 5.0060E-10 3.4557E-10 2.4200E-10 1.7258E-10 1.1673E-10
0.0000E+00 0.0000E+00 0.0000E+00 0.0000E+00 0.0000E+00 0.0000E+00 0.0000E+00 0.0000E+00 0.0000E+00 0.0000E+00 0.0000E+00 0.0000E+00 0.0000E+00 0.0000E+00 0.0000E+00 0.0000E+00 0.0000E+00 0.0000E+00 0.0000E+00 0.0000E+00 0.0000E+00 0.0000E+00 0.0000E+00 0.0000E+00 0.0000E+00 0.0000E+00 4.0568E-12 1.3329E-09 3.4749E-09 7.5032E-09 1.4012E-08 2.2810E-08 3.2650E-08 4.1431E-08 4.7179E-08 4.8882E-08 4.6726E-08 4.1758E-08 3.5303E-08 2.8547E-08 2.2237E-08 1.6797E-08 1.2373E-08 8.9054E-09 6.3005E-09 4.3985E-09 3.0517E-09 2.0939E-09 1.4403E-09 9.8530E-10 6.7025E-10 4.6122E-10 3.1257E-10 2.0809E-10 1.4196E-10 9.4094E-11 6.2312E-11
0.0000E+00 0.0000E+00 0.0000E+00 0.0000E+00 0.0000E+00 0.0000E+00 0.0000E+00 0.0000E+00 0.0000E+00 0.0000E+00 0.0000E+00 0.0000E+00 0.0000E+00 0.0000E+00 0.0000E+00 0.0000E+00 0.0000E+00 0.0000E+00 0.0000E+00 0.0000E+00 0.0000E+00 0.0000E+00 0.0000E+00 0.0000E+00 0.0000E+00 0.0000E+00 6.1797E-11 1.5871E-09 4.0769E-09 8.8066E-09 1.6347E-08 2.6238E-08 3.6770E-08 4.5557E-08 5.0533E-08 5.0911E-08 4.7302E-08 4.1117E-08 3.3852E-08 2.6651E-08 2.0246E-08 1.4907E-08 1.0659E-08 7.4459E-09 5.0998E-09 3.4390E-09 2.2995E-09 1.5177E-09 9.9820E-10 6.5706E-10 4.3076E-10 2.8276E-10 1.8146E-10 1.1072E-10 7.4009E-11 4.6791E-11 2.7337E-11
0.0000E+00 0.0000E+00 0.0000E+00 0.0000E+00 0.0000E+00 0.0000E+00 0.0000E+00 0.0000E+00 0.0000E+00 0.0000E+00 0.0000E+00 0.0000E+00 0.0000E+00 0.0000E+00 0.0000E+00 0.0000E+00 0.0000E+00 0.0000E+00 0.0000E+00 0.0000E+00 0.0000E+00 0.0000E+00 0.0000E+00 0.0000E+00 0.0000E+00 0.0000E+00 4.3257E-10 1.9311E-09 4.9128E-09 1.0494E-08 1.9145E-08 3.0091E-08 4.1129E-08 4.9475E-08 5.3195E-08 5.1936E-08 4.6845E-08 3.9574E-08 3.1747E-08 2.4407E-08 1.8090E-08 1.2968E-08 9.0071E-09 6.0945E-09 4.0415E-09 2.6269E-09 1.6813E-09 1.0664E-09 6.7063E-10 4.1784E-10 2.5440E-10 1.5424E-10 9.0502E-11 5.7999E-11 3.3718E-11 2.0112E-11 8.0687E-12
0.0000E+00 0.0000E+00 0.0000E+00 0.0000E+00 0.0000E+00 0.0000E+00 0.0000E+00 0.0000E+00 0.0000E+00 0.0000E+00 0.0000E+00 0.0000E+00 0.0000E+00 0.0000E+00 0.0000E+00 0.0000E+00 0.0000E+00 0.0000E+00 0.0000E+00 0.0000E+00 0.0000E+00 0.0000E+00 0.0000E+00 0.0000E+00 0.0000E+00 0.0000E+00 6.9937E-10 2.4278E-09 6.0040E-09 1.2548E-08 2.2403E-08 3.4314E-08 4.5526E-08 5.3027E-08 5.5126E-08 5.2112E-08 4.5590E-08 3.7483E-08 2.9304E-08 2.1983E-08 1.5893E-08 1.1074E-08 7.4956E-09 4.9332E-09 3.1537E-09 1.9664E-09 1.2074E-09 7.2167E-10 4.2280E-10 2.4798E-10 1.3958E-10 7.3988E-11 3.9235E-11 2.5086E-11 1.3334E-11 4.6494E-12 1.0963E-12
