Assets/Resources/2015_m01_d22_1900(utc+0800)_l00_csi_1hr_conc.grd
DSAA
         159         159
     -79.000      79.000
     -79.000      79.000
  0.0000E+00  0.1986E-04
[rows 25 to 49 of 159, columns 0 to 56 of 159]
3.2254E-10 3.6886E-10 4.3138E-10 5.0664E-10 5.8530E-10 6.7397E-10 7.7313E-10 8.7992E-10 1.0199E-09 1.1716E-09 1.3428E-09 1.5126E-09 1.7005E-09 1.9076E-09 2.1354E-09 2.3851E-09 2.6619E-09 2.9682E-09 3.2944E-09 3.6498E-09 4.0387E-09 4.4515E-09 4.8958E-09 5.3739E-09 5.8773E-09 6.4098E-09 6.9728E-09 7.5633E-09 8.1807E-09 8.8251E-09 9.4928E-09 1.0178E-08 1.0875E-08 1.1577E-08 1.2280E-08 1.2978E-08 1.3666E-08 1.4336E-08 1.4984E-08 1.5603E-08 1.6188E-08 1.6734E-08 1.7199E-08 1.7596E-08 1.7925E-08 1.8194E-08 1.8394E-08 1.8529E-08 1.8600E-08 1.8609E-08 1.8558E-08 1.8445E-08 1.8277E-08 1.8053E-08 1.7778E-08 1.7458E-08 1.7097E-08
3.0870E-10 3.5262E-10 4.0602E-10 4.8205E-10 5.6122E-10 6.4732E-10 7.4323E-10 8.4346E-10 9.7880E-10 1.1265E-09 1.2966E-09 1.4615E-09 1.6440E-09 1.8456E-09 2.0674E-09 2.3107E-09 2.5814E-09 2.8814E-09 3.2000E-09 3.5533E-09 3.9322E-09 4.3378E-09 4.7789E-09 5.2464E-09 5.7415E-09 6.2681E-09 6.8242E-09 7.4070E-09 8.0188E-09 8.6576E-09 9.3199E-09 1.0000E-08 1.0693E-08 1.1392E-08 1.2093E-08 1.2790E-08 1.3476E-08 1.4146E-08 1.4795E-08 1.5414E-08 1.6001E-08 1.6546E-08 1.7015E-08 1.7418E-08 1.7755E-08 1.8033E-08 1.8242E-08 1.8387E-08 1.8467E-08 1.8484E-08 1.8440E-08 1.8335E-08 1.8171E-08 1.7950E-08 1.7677E-08 1.7358E-08 1.6996E-08
2.9393E-10 3.3656E-10 3.8795E-10 4.5707E-10 5.3609E-10 6.1981E-10 7.0916E-10 8.0921E-10 9.4076E-10 1.0753E-09 1.2453E-09 1.4082E-09 1.5851E-09 1.7807E-09 1.9960E-09 2.2344E-09 2.4993E-09 2.7890E-09 3.1022E-09 3.4500E-09 3.8178E-09 4.2200E-09 4.6515E-09 5.1086E-09 5.5969E-09 6.1159E-09 6.6630E-09 7.2389E-09 7.8437E-09 8.4754E-09 9.1312E-09 9.8066E-09 1.0495E-08 1.1190E-08 1.1888E-08 1.2582E-08 1.3267E-08 1.3936E-08 1.4584E-08 1.5205E-08 1.5792E-08 1.6336E-08 1.6809E-08 1.7218E-08 1.7564E-08 1.7852E-08 1.8072E-08 1.8226E-08 1.8317E-08 1.8342E-08 1.8306E-08 1.8206E-08 1.8047E-08 1.7831E-08 1.7561E-08 1.7244E-08 1.6881E-08
2.7948E-10 3.2071E-10 3.6573E-10 4.3486E-10 5.1071E-10 5.8841E-10 6.7433E-10 7.7419E-10 8.9872E-10 1.0266E-09 1.1928E-09 1.3532E-09 1.5242E-09 1.7134E-09 1.9219E-09 2.1557E-09 2.4113E-09 2.6906E-09 3.0005E-09 3.3381E-09 3.7004E-09 4.0957E-09 4.5145E-09 4.9634E-09 5.4436E-09 5.9529E-09 6.4918E-09 7.0597E-09 7.6557E-09 8.2795E-09 8.9290E-09 9.5980E-09 1.0280E-08 1.0970E-08 1.1664E-08 1.2356E-08 1.3038E-08 1.3706E-08 1.4354E-08 1.4974E-08 1.5562E-08 1.6106E-08 1.6583E-08 1.7000E-08 1.7357E-08 1.7654E-08 1.7886E-08 1.8051E-08 1.8151E-08 1.8186E-08 1.8157E-08 1.8064E-08 1.7911E-08 1.7700E-08 1.7434E-08 1.7119E-08 1.6757E-08
2.6506E-10 3.0418E-10 3.4758E-10 4.0220E-10 4.8256E-10 5.5688E-10 6.4231E-10 7.3808E-10 8.5987E-10 9.7715E-10 1.1388E-09 1.2970E-09 1.4618E-09 1.6442E-09 1.8469E-09 2.0746E-09 2.3200E-09 2.5908E-09 2.8939E-09 3.2216E-09 3.5798E-09 3.9622E-09 4.3716E-09 4.8120E-09 5.2817E-09 5.7815E-09 6.3116E-09 6.8696E-09 7.4561E-09 8.0723E-09 8.7139E-09 9.3753E-09 1.0051E-08 1.0735E-08 1.1425E-08 1.2112E-08 1.2792E-08 1.3458E-08 1.4104E-08 1.4725E-08 1.5313E-08 1.5859E-08 1.6343E-08 1.6769E-08 1.7137E-08 1.7445E-08 1.7688E-08 1.7865E-08 1.7975E-08 1.8020E-08 1.7999E-08 1.7914E-08 1.7768E-08 1.7562E-08 1.7301E-08 1.6989E-08 1.6630E-08
2.4253E-10 2.8773E-10 3.2876E-10 3.7757E-10 4.5470E-10 5.2798E-10 6.1014E-10 6.9849E-10 8.1729E-10 9.2797E-10 1.0803E-09 1.2332E-09 1.3982E-09 1.5736E-09 1.7711E-09 1.9898E-09 2.2265E-09 2.4911E-09 2.7799E-09 3.1035E-09 3.4538E-09 3.8238E-09 4.2240E-09 4.6536E-09 5.1130E-09 5.6035E-09 6.1225E-09 6.6698E-09 7.2475E-09 7.8545E-09 8.4870E-09 9.1404E-09 9.8086E-09 1.0487E-08 1.1170E-08 1.1853E-08 1.2530E-08 1.3193E-08 1.3838E-08 1.4459E-08 1.5050E-08 1.5599E-08 1.6089E-08 1.6525E-08 1.6904E-08 1.7224E-08 1.7480E-08 1.7667E-08 1.7789E-08 1.7844E-08 1.7832E-08 1.7756E-08 1.7617E-08 1.7418E-08 1.7162E-08 1.6855E-08 1.6499E-08
2.1506E-10 2.6265E-10 3.1055E-10 3.5426E-10 4.2892E-10 4.9910E-10 5.7489E-10 6.5920E-10 7.7739E-10 8.8302E-10 1.0254E-09 1.1725E-09 1.3339E-09 1.5025E-09 1.6944E-09 1.9030E-09 2.1332E-09 2.3890E-09 2.6639E-09 2.9831E-09 3.3215E-09 3.6824E-09 4.0720E-09 4.4901E-09 4.9396E-09 5.4187E-09 5.9257E-09 6.4632E-09 7.0307E-09 7.6270E-09 8.2503E-09 8.8948E-09 9.5544E-09 1.0225E-08 1.0902E-08 1.1581E-08 1.2253E-08 1.2914E-08 1.3557E-08 1.4179E-08 1.4771E-08 1.5322E-08 1.5821E-08 1.6267E-08 1.6659E-08 1.6990E-08 1.7257E-08 1.7456E-08 1.7589E-08 1.7655E-08 1.7654E-08 1.7587E-08 1.7456E-08 1.7265E-08 1.7015E-08 1.6713E-08 1.6363E-08
1.9779E-10 2.3279E-10 2.8412E-10 3.3397E-10 4.0272E-10 4.6819E-10 5.4025E-10 6.2338E-10 7.3763E-10 8.3501E-10 9.7108E-10 1.1108E-09 1.2662E-09 1.4325E-09 1.6169E-09 1.8154E-09 2.0390E-09 2.2835E-09 2.5507E-09 2.8579E-09 3.1865E-09 3.5384E-09 3.9155E-09 4.3236E-09 4.7618E-09 5.2279E-09 5.7242E-09 6.2505E-09 6.8061E-09 7.3921E-09 8.0052E-09 8.6393E-09 9.2896E-09 9.9527E-09 1.0624E-08 1.1296E-08 1.1963E-08 1.2622E-08 1.3265E-08 1.3887E-08 1.4482E-08 1.5038E-08 1.5547E-08 1.6004E-08 1.6407E-08 1.6751E-08 1.7031E-08 1.7243E-08 1.7389E-08 1.7467E-08 1.7478E-08 1.7422E-08 1.7301E-08 1.7119E-08 1.6877E-08 1.6581E-08 1.6236E-08
1.8806E-10 2.1438E-10 2.5242E-10 3.0506E-10 3.5669E-10 4.3737E-10 5.0917E-10 5.8803E-10 6.9519E-10 7.9072E-10 9.1817E-10 1.0464E-09 1.1953E-09 1.3626E-09 1.5377E-09 1.7289E-09 1.9446E-09 2.1774E-09 2.4369E-09 2.7298E-09 3.0500E-09 3.3918E-09 3.7566E-09 4.1549E-09 4.5797E-09 5.0341E-09 5.5187E-09 6.0321E-09 6.5764E-09 7.1511E-09 7.7524E-09 8.3760E-09 9.0173E-09 9.6720E-09 1.0335E-08 1.1001E-08 1.1664E-08 1.2321E-08 1.2964E-08 1.3589E-08 1.4188E-08 1.4749E-08 1.5267E-08 1.5735E-08 1.6151E-08 1.6507E-08 1.6800E-08 1.7027E-08 1.7187E-08 1.7278E-08 1.7302E-08 1.7258E-08 1.7148E-08 1.6976E-08 1.6743E-08 1.6455E-08 1.6116E-08
1.7107E-10 2.0340E-10 2.3204E-10 2.7144E-10 3.2540E-10 4.0947E-10 4.7481E-10 5.4722E-10 6.5371E-10 7.4703E-10 8.6966E-10 9.8295E-10 1.1278E-09 1.2899E-09 1.4589E-09 1.6432E-09 1.8492E-09 2.0727E-09 2.3230E-09 2.6036E-09 2.9104E-09 3.2436E-09 3.5963E-09 3.9837E-09 4.3956E-09 4.8385E-09 5.3095E-09 5.8106E-09 6.3431E-09 6.9050E-09 7.4948E-09 8.1083E-09 8.7396E-09 9.3847E-09 1.0040E-08 1.0701E-08 1.1362E-08 1.2016E-08 1.2660E-08 1.3286E-08 1.3889E-08 1.4457E-08 1.4984E-08 1.5464E-08 1.5891E-08 1.6260E-08 1.6567E-08 1.6809E-08 1.6983E-08 1.7089E-08 1.7126E-08 1.7095E-08 1.6998E-08 1.6836E-08 1.6613E-08 1.6333E-08 1.6001E-08
1.5916E-10 1.9224E-10 2.1952E-10 2.4955E-10 2.9084E-10 3.7267E-10 4.4115E-10 5.1358E-10 6.1594E-10 7.0077E-10 8.1867E-10 9.2906E-10 1.0588E-09 1.2146E-09 1.3805E-09 1.5580E-09 1.7531E-09 1.9687E-09 2.2075E-09 2.4772E-09 2.7706E-09 3.0947E-09 3.4351E-09 3.8105E-09 4.2114E-09 4.6409E-09 5.0987E-09 5.5878E-09 6.1071E-09 6.6566E-09 7.2354E-09 7.8379E-09 8.4581E-09 9.0945E-09 9.7435E-09 1.0399E-08 1.1057E-08 1.1711E-08 1.2355E-08 1.2984E-08 1.3591E-08 1.4164E-08 1.4700E-08 1.5191E-08 1.5630E-08 1.6014E-08 1.6336E-08 1.6593E-08 1.6783E-08 1.6905E-08 1.6957E-08 1.6941E-08 1.6857E-08 1.6707E-08 1.6495E-08 1.6224E-08 1.5900E-08
1.4618E-10 1.7618E-10 2.0691E-10 2.3616E-10 2.6717E-10 3.1165E-10 4.0406E-10 4.8014E-10 5.7300E-10 6.5599E-10 7.7199E-10 8.7630E-10 9.9213E-10 1.1421E-09 1.2976E-09 1.4742E-09 1.6585E-09 1.8661E-09 2.0926E-09 2.3518E-09 2.6346E-09 2.9424E-09 3.2746E-09 3.6379E-09 4.0278E-09 4.4435E-09 4.8891E-09 5.3647E-09 5.8706E-09 6.4087E-09 6.9756E-09 7.5656E-09 8.1758E-09 8.8045E-09 9.4471E-09 1.0098E-08 1.0752E-08 1.1405E-08 1.2051E-08 1.2682E-08 1.3292E-08 1.3872E-08 1.4416E-08 1.4920E-08 1.5373E-08 1.5771E-08 1.6109E-08 1.6383E-08 1.6590E-08 1.6729E-08 1.6797E-08 1.6796E-08 1.6727E-08 1.6592E-08 1.6392E-08 1.6132E-08 1.5817E-08
1.2691E-10 1.6208E-10 1.9448E-10 2.2209E-10 2.5183E-10 2.8433E-10 3.5722E-10 4.3301E-10 5.3547E-10 6.1527E-10 7.2335E-10 8.2181E-10 9.3552E-10 1.0678E-09 1.2165E-09 1.3919E-09 1.5667E-09 1.7653E-09 1.9794E-09 2.2282E-09 2.5003E-09 2.7970E-09 3.1136E-09 3.4671E-09 3.8453E-09 4.2488E-09 4.6811E-09 5.1425E-09 5.6368E-09 6.1627E-09 6.7160E-09 7.2951E-09 7.8964E-09 8.5168E-09 9.1520E-09 9.7985E-09 1.0451E-08 1.1103E-08 1.1749E-08 1.2381E-08 1.2995E-08 1.3582E-08 1.4137E-08 1.4651E-08 1.5117E-08 1.5530E-08 1.5885E-08 1.6176E-08 1.6400E-08 1.6556E-08 1.6642E-08 1.6658E-08 1.6605E-08 1.6483E-08 1.6296E-08 1.6046E-08 1.5739E-08
1.1249E-10 1.4662E-10 1.7692E-10 2.0860E-10 2.3686E-10 2.6831E-10 3.2318E-10 3.8559E-10 4.8881E-10 5.6624E-10 6.7556E-10 7.7221E-10 8.8058E-10 9.9735E-10 1.1407E-09 1.3005E-09 1.4777E-09 1.6662E-09 1.8690E-09 2.1077E-09 2.3692E-09 2.6547E-09 2.9562E-09 3.2994E-09 3.6653E-09 4.0577E-09 4.4755E-09 4.9247E-09 5.4066E-09 5.9184E-09 6.4600E-09 7.0291E-09 7.6205E-09 8.2318E-09 8.8613E-09 9.5036E-09 1.0153E-08 1.0803E-08 1.1449E-08 1.2084E-08 1.2701E-08 1.3295E-08 1.3860E-08 1.4386E-08 1.4867E-08 1.5296E-08 1.5667E-08 1.5976E-08 1.6219E-08 1.6393E-08 1.6497E-08 1.6530E-08 1.6493E-08 1.6386E-08 1.6213E-08 1.5976E-08 1.5680E-08
9.0677E-11 1.2725E-10 1.6178E-10 1.9400E-10 2.2284E-10 2.5150E-10 2.9648E-10 3.5076E-10 4.4066E-10 5.1894E-10 6.2813E-10 7.1834E-10 8.2382E-10 9.3714E-10 1.0614E-09 1.2180E-09 1.3885E-09 1.5697E-09 1.7620E-09 1.9907E-09 2.2418E-09 2.5162E-09 2.8053E-09 3.1317E-09 3.4896E-09 3.8704E-09 4.2739E-09 4.7121E-09 5.1800E-09 5.6791E-09 6.2099E-09 6.7677E-09 7.3484E-09 7.9529E-09 8.5764E-09 9.2131E-09 9.8583E-09 1.0507E-08 1.1153E-08 1.1790E-08 1.2411E-08 1.3013E-08 1.3589E-08 1.4129E-08 1.4624E-08 1.5068E-08 1.5457E-08 1.5785E-08 1.6046E-08 1.6240E-08 1.6363E-08 1.6415E-08 1.6396E-08 1.6306E-08 1.6148E-08 1.5925E-08 1.5641E-08
7.6829E-11 1.1113E-10 1.4564E-10 1.7572E-10 2.0749E-10 2.3567E-10 2.7094E-10 3.2607E-10 4.0812E-10 4.6882E-10 5.7139E-10 6.6257E-10 7.6830E-10 8.7473E-10 9.9800E-10 1.1320E-09 1.2954E-09 1.4769E-09 1.6593E-09 1.8782E-09 2.1189E-09 2.3824E-09 2.6591E-09 2.9738E-09 3.3144E-09 3.6874E-09 4.0774E-09 4.5043E-09 4.9585E-09 5.4467E-09 5.9658E-09 6.5114E-09 7.0835E-09 7.6803E-09 8.2965E-09 8.9273E-09 9.5694E-09 1.0217E-08 1.0862E-08 1.1500E-08 1.2127E-08 1.2738E-08 1.3324E-08 1.3877E-08 1.4386E-08 1.4847E-08 1.5253E-08 1.5599E-08 1.5881E-08 1.6095E-08 1.6238E-08 1.6308E-08 1.6307E-08 1.6236E-08 1.6095E-08 1.5888E-08 1.5614E-08
6.1967E-11 8.8965E-11 1.2455E-10 1.5822E-10 1.9163E-10 2.2004E-10 2.5329E-10 3.0170E-10 3.7715E-10 4.3653E-10 5.2880E-10 6.0731E-10 7.0539E-10 8.1269E-10 9.3575E-10 1.0596E-09 1.2127E-09 1.3743E-09 1.5608E-09 1.7702E-09 2.0006E-09 2.2534E-09 2.5180E-09 2.8211E-09 3.1498E-09 3.5053E-09 3.8866E-09 4.3020E-09 4.7447E-09 5.2211E-09 5.7270E-09 6.2623E-09 6.8261E-09 7.4137E-09 8.0213E-09 8.6475E-09 9.2859E-09 9.9299E-09 1.0576E-08 1.1217E-08 1.1848E-08 1.2467E-08 1.3065E-08 1.3630E-08 1.4155E-08 1.4632E-08 1.5056E-08 1.5422E-08 1.5723E-08 1.5957E-08 1.6119E-08 1.6212E-08 1.6235E-08 1.6184E-08 1.6062E-08 1.5869E-08 1.5608E-08
5.0636E-11 7.6198E-11 1.0905E-10 1.4107E-10 1.7136E-10 2.0384E-10 2.3633E-10 2.7842E-10 3.5107E-10 4.0394E-10 4.9044E-10 5.6170E-10 6.5283E-10 7.4782E-10 8.6407E-10 9.9271E-10 1.1291E-09 1.2887E-09 1.4528E-09 1.6669E-09 1.8874E-09 2.1298E-09 2.3823E-09 2.6741E-09 2.9912E-09 3.3347E-09 3.6975E-09 4.1068E-09 4.5382E-09 5.0010E-09 5.4946E-09 6.0197E-09 6.5722E-09 7.1493E-09 7.7506E-09 8.3707E-09 9.0032E-09 9.6448E-09 1.0291E-08 1.0933E-08 1.1569E-08 1.2196E-08 1.2805E-08 1.3382E-08 1.3920E-08 1.4413E-08 1.4856E-08 1.5242E-08 1.5564E-08 1.5820E-08 1.6008E-08 1.6127E-08 1.6171E-08 1.6142E-08 1.6039E-08 1.5863E-08 1.5615E-08
4.3039E-11 6.1229E-11 8.6359E-11 1.1982E-10 1.5228E-10 1.8667E-10 2.1901E-10 2.5718E-10 3.2642E-10 3.7519E-10 4.6029E-10 5.2209E-10 6.0452E-10 6.9150E-10 7.9974E-10 9.1349E-10 1.0595E-09 1.1964E-09 1.3649E-09 1.5584E-09 1.7797E-09 2.0118E-09 2.2526E-09 2.5333E-09 2.8387E-09 3.1703E-09 3.5200E-09 3.9139E-09 4.3361E-09 4.7849E-09 5.2675E-09 5.7811E-09 6.3213E-09 6.8897E-09 7.4833E-09 8.0950E-09 8.7223E-09 9.3621E-09 1.0006E-08 1.0650E-08 1.1291E-08 1.1926E-08 1.2544E-08 1.3132E-08 1.3685E-08 1.4196E-08 1.4659E-08 1.5065E-08 1.5410E-08 1.5692E-08 1.5907E-08 1.6050E-08 1.6119E-08 1.6113E-08 1.6030E-08 1.5871E-08 1.5634E-08
3.2103E-11 5.1069E-11 7.4777E-11 9.9193E-11 1.3015E-10 1.6338E-10 2.0067E-10 2.3845E-10 3.0256E-10 3.4815E-10 4.2669E-10 4.9085E-10 5.6601E-10 6.4246E-10 7.4062E-10 8.4587E-10 9.7717E-10 1.1209E-09 1.2661E-09 1.4626E-09 1.6766E-09 1.8987E-09 2.1278E-09 2.3970E-09 2.6905E-09 3.0099E-09 3.3462E-09 3.7307E-09 4.1332E-09 4.5746E-09 5.0457E-09 5.5455E-09 6.0746E-09 6.6341E-09 7.2175E-09 7.8214E-09 8.4448E-09 9.0809E-09 9.7231E-09 1.0368E-08 1.1015E-08 1.1656E-08 1.2283E-08 1.2884E-08 1.3453E-08 1.3981E-08 1.4462E-08 1.4890E-08 1.5262E-08 1.5573E-08 1.5815E-08 1.5984E-08 1.6079E-08 1.6096E-08 1.6032E-08 1.5889E-08 1.5665E-08
2.5914E-11 3.7703E-11 5.8725E-11 8.2828E-11 1.1260E-10 1.4396E-10 1.7728E-10 2.1925E-10 2.8085E-10 3.2253E-10 3.9694E-10 4.5609E-10 5.2926E-10 6.0419E-10 6.9321E-10 7.8565E-10 9.0329E-10 1.0333E-09 1.1835E-09 1.3601E-09 1.5644E-09 1.7890E-09 2.0062E-09 2.2641E-09 2.5460E-09 2.8536E-09 3.1768E-09 3.5509E-09 3.9391E-09 4.3641E-09 4.8257E-09 5.3116E-09 5.8315E-09 6.3802E-09 6.9531E-09 7.5508E-09 8.1687E-09 8.7992E-09 9.4411E-09 1.0088E-08 1.0738E-08 1.1385E-08 1.2022E-08 1.2634E-08 1.3217E-08 1.3763E-08 1.4267E-08 1.4723E-08 1.5123E-08 1.5459E-08 1.5727E-08 1.5925E-08 1.6045E-08 1.6085E-08 1.6040E-08 1.5912E-08 1.5703E-08
1.6978E-11 3.1857E-11 4.9361E-11 6.9118E-11 9.0419E-11 1.2121E-10 1.5536E-10 1.9787E-10 2.5982E-10 2.9797E-10 3.6854E-10 4.2479E-10 4.9265E-10 5.6131E-10 6.4845E-10 7.3840E-10 8.4512E-10 9.5599E-10 1.0909E-09 1.2708E-09 1.4554E-09 1.6699E-09 1.8845E-09 2.1350E-09 2.4050E-09 2.7005E-09 3.0099E-09 3.3727E-09 3.7476E-09 4.1615E-09 4.6034E-09 5.0784E-09 5.5911E-09 6.1269E-09 6.6906E-09 7.2812E-09 7.8912E-09 8.5181E-09 9.1588E-09 9.8048E-09 1.0458E-08 1.1112E-08 1.1758E-08 1.2382E-08 1.2980E-08 1.3546E-08 1.4075E-08 1.4557E-08 1.4981E-08 1.5345E-08 1.5644E-08 1.5870E-08 1.6014E-08 1.6074E-08 1.6049E-08 1.5939E-08 1.5746E-08
1.2992E-11 2.1114E-11 3.7032E-11 5.5992E-11 7.9477E-11 1.0174E-10 1.2999E-10 1.7205E-10 2.3696E-10 2.7455E-10 3.4039E-10 3.9412E-10 4.5912E-10 5.2285E-10 6.0214E-10 6.8688E-10 7.9078E-10 8.9459E-10 1.0106E-09 1.1703E-09 1.3590E-09 1.5529E-09 1.7601E-09 2.0006E-09 2.2664E-09 2.5500E-09 2.8461E-09 3.1981E-09 3.5595E-09 3.9609E-09 4.3881E-09 4.8471E-09 5.3484E-09 5.8740E-09 6.4300E-09 7.0111E-09 7.6134E-09 8.2367E-09 8.8737E-09 9.5180E-09 1.0175E-08 1.0835E-08 1.1489E-08 1.2125E-08 1.2739E-08 1.3328E-08 1.3881E-08 1.4386E-08 1.4838E-08 1.5234E-08 1.5560E-08 1.5809E-08 1.5976E-08 1.6059E-08 1.6057E-08 1.5969E-08 1.5797E-08
8.2175E-12 1.6835E-11 3.0652E-11 4.3366E-11 6.1690E-11 8.5618E-11 1.1352E-10 1.4831E-10 2.1012E-10 2.5065E-10 3.1413E-10 3.6372E-10 4.2631E-10 4.8787E-10 5.6381E-10 6.3745E-10 7.3547E-10 8.3602E-10 9.4436E-10 1.0835E-09 1.2536E-09 1.4467E-09 1.6327E-09 1.8713E-09 2.1201E-09 2.4026E-09 2.6851E-09 3.0257E-09 3.3729E-09 3.7614E-09 4.1750E-09 4.6203E-09 5.1069E-09 5.6222E-09 6.1692E-09 6.7385E-09 7.3345E-09 7.9522E-09 8.5840E-09 9.2273E-09 9.8871E-09 1.0552E-08 1.1213E-08 1.1861E-08 1.2496E-08 1.3107E-08 1.3679E-08 1.4209E-08 1.4692E-08 1.5114E-08 1.5462E-08 1.5738E-08 1.5931E-08 1.6042E-08 1.6065E-08 1.6001E-08 1.5853E-08
5.5838E-12 1.0153E-11 1.9399E-11 3.5368E-11 5.3880E-11 6.7172E-11 9.1834E-11 1.2402E-10 1.8586E-10 2.2680E-10 2.8804E-10 3.3396E-10 3.9354E-10 4.5350E-10 5.2278E-10 5.9652E-10 6.8239E-10 7.7631E-10 8.8043E-10 1.0103E-09 1.1606E-09 1.3354E-09 1.5160E-09 1.7337E-09 1.9800E-09 2.2436E-09 2.5267E-09 2.8563E-09 3.1895E-09 3.5646E-09 3.9636E-09 4.3944E-09 4.8681E-09 5.3670E-09 5.9062E-09 6.4642E-09 7.0541E-09 7.6634E-09 8.2899E-09 8.9316E-09 9.5925E-09 1.0262E-08 1.0932E-08 1.1594E-08 1.2248E-08 1.2874E-08 1.3467E-08 1.4026E-08 1.4535E-08 1.4978E-08 1.5354E-08 1.5656E-08 1.5878E-08 1.6015E-08 1.6067E-08 1.6033E-08 1.5916E-08
