Assets/Resources/2015_m01_d01_1200(utc+0800)_l00_csi_1hr_conc.grd
DSAA
         159         159
     -79.000      79.000
     -79.000      79.000
  0.0000E+00  0.4282E-05
[rows 50 to 74 of 159, columns 57 to 113 of 159]
0.0000E+00 0.0000E+00 0.0000E+00 0.0000E+00 0.0000E+00 0.0000E+00 0.0000E+00 0.0000E+00 0.0000E+00 0.0000E+00 0.0000E+00 0.0000E+00 0.0000E+00 0.0000E+00 0.0000E+00 0.0000E+00 0.0000E+00 0.0000E+00 0.0000E+00 0.0000E+00 0.0000E+00 0.0000E+00 0.0000E+00 1.3288E-13 1.8377E-12 7.6239E-12 2.2357E-11 5.0987E-11 9.0808E-11 1.4105E-10 2.0299E-10 2.7712E-10 3.7372E-10 5.0736E-10 6.7853E-10 8.9049E-10 1.1434E-09 1.4372E-09 1.7807E-09 2.1830E-09 2.6457E-09 3.1594E-09 3.7355E-09 4.3998E-09 5.1025E-09 5.8358E-09 6.5948E-09 7.3690E-09 8.1320E-09 8.8716E-09 9.5622E-09 1.0206E-08 1.0774E-08 1.1253E-08 1.1645E-08 1.1930E-08 1.2109E-08
0.0000E+00 0.0000E+00 0.0000E+00 0.0000E+00 0.0000E+00 0.0000E+00 0.0000E+00 0.0000E+00 0.0000E+00 0.0000E+00 0.0000E+00 0.0000E+00 0.0000E+00 0.0000E+00 0.0000E+00 0.0000E+00 0.0000E+00 0.0000E+00 0.0000E+00 0.0000E+00 0.0000E+00 0.0000E+00 0.0000E+00 0.0000E+00 1.1255E-12 6.0398E-12 1.7798E-11 4.2642E-11 8.0197E-11 1.2938E-10 1.8950E-10 2.6679E-10 3.6890E-10 5.0867E-10 6.8572E-10 9.0273E-10 1.1758E-09 1.5139E-09 1.8996E-09 2.3391E-09 2.8415E-09 3.4344E-09 4.0754E-09 4.7698E-09 5.5152E-09 6.2945E-09 7.0969E-09 7.9042E-09 8.6863E-09 9.4498E-09 1.0159E-08 1.0806E-08 1.1364E-08 1.1834E-08 1.2203E-08 1.2454E-08 1.2599E-08
0.0000E+00 0.0000E+00 0.0000E+00 0.0000E+00 0.0000E+00 0.0000E+00 0.0000E+00 0.0000E+00 0.0000E+00 0.0000E+00 0.0000E+00 0.0000E+00 0.0000E+00 0.0000E+00 0.0000E+00 0.0000E+00 0.0000E+00 0.0000E+00 0.0000E+00 0.0000E+00 0.0000E+00 0.0000E+00 0.0000E+00 0.0000E+00 5.0509E-13 4.4166E-12 1.4048E-11 3.4283E-11 6.9616E-11 1.1678E-10 1.7670E-10 2.5797E-10 3.6913E-10 5.1422E-10 7.0993E-10 9.6376E-10 1.2717E-09 1.6319E-09 2.0496E-09 2.5317E-09 3.0879E-09 3.7287E-09 4.4279E-09 5.1763E-09 5.9747E-09 6.8077E-09 7.6599E-09 8.5072E-09 9.3287E-09 1.0112E-08 1.0834E-08 1.1478E-08 1.2034E-08 1.2482E-08 1.2818E-08 1.3037E-08 1.3139E-08
0.0000E+00 0.0000E+00 0.0000E+00 0.0000E+00 0.0000E+00 0.0000E+00 0.0000E+00 0.0000E+00 0.0000E+00 0.0000E+00 0.0000E+00 0.0000E+00 0.0000E+00 0.0000E+00 0.0000E+00 0.0000E+00 0.0000E+00 0.0000E+00 0.0000E+00 0.0000E+00 0.0000E+00 0.0000E+00 0.0000E+00 0.0000E+00 2.2664E-13 2.8797E-12 1.1100E-11 2.7443E-11 5.8578E-11 1.0483E-10 1.6565E-10 2.5323E-10 3.8132E-10 5.5521E-10 7.7446E-10 1.0502E-09 1.3858E-09 1.7785E-09 2.2426E-09 2.8016E-09 3.4372E-09 4.1241E-09 4.8855E-09 5.6996E-09 6.5646E-09 7.4564E-09 8.3552E-09 9.2272E-09 1.0084E-08 1.0882E-08 1.1614E-08 1.2251E-08 1.2787E-08 1.3204E-08 1.3505E-08 1.3671E-08 1.3719E-08
0.0000E+00 0.0000E+00 0.0000E+00 0.0000E+00 0.0000E+00 0.0000E+00 0.0000E+00 0.0000E+00 0.0000E+00 0.0000E+00 0.0000E+00 0.0000E+00 0.0000E+00 0.0000E+00 0.0000E+00 0.0000E+00 0.0000E+00 0.0000E+00 0.0000E+00 0.0000E+00 0.0000E+00 0.0000E+00 0.0000E+00 0.0000E+00 0.0000E+00 1.7529E-12 8.4682E-12 2.2368E-11 4.8693E-11 9.2984E-11 1.6049E-10 2.7071E-10 4.2201E-10 6.0930E-10 8.5555E-10 1.1632E-09 1.5403E-09 2.0008E-09 2.5402E-09 3.1734E-09 3.8721E-09 4.6384E-09 5.4873E-09 6.3780E-09 7.3067E-09 8.2482E-09 9.1850E-09 1.0102E-08 1.0981E-08 1.1784E-08 1.2504E-08 1.3123E-08 1.3630E-08 1.4000E-08 1.4249E-08 1.4361E-08 1.4340E-08
0.0000E+00 0.0000E+00 0.0000E+00 0.0000E+00 0.0000E+00 0.0000E+00 0.0000E+00 0.0000E+00 0.0000E+00 0.0000E+00 0.0000E+00 0.0000E+00 0.0000E+00 0.0000E+00 0.0000E+00 0.0000E+00 0.0000E+00 0.0000E+00 0.0000E+00 0.0000E+00 0.0000E+00 0.0000E+00 0.0000E+00 0.0000E+00 0.0000E+00 9.4856E-13 6.2827E-12 1.8182E-11 3.9736E-11 8.6841E-11 1.7456E-10 3.0433E-10 4.6661E-10 6.8928E-10 9.9472E-10 1.3600E-09 1.8057E-09 2.3355E-09 2.9718E-09 3.6891E-09 4.4807E-09 5.3291E-09 6.2611E-09 7.2304E-09 8.2202E-09 9.2191E-09 1.0203E-08 1.1151E-08 1.2029E-08 1.2825E-08 1.3527E-08 1.4104E-08 1.4558E-08 1.4876E-08 1.5053E-08 1.5089E-08 1.4999E-08
0.0000E+00 0.0000E+00 0.0000E+00 0.0000E+00 0.0000E+00 0.0000E+00 0.0000E+00 0.0000E+00 0.0000E+00 0.0000E+00 0.0000E+00 0.0000E+00 0.0000E+00 0.0000E+00 0.0000E+00 0.0000E+00 0.0000E+00 0.0000E+00 0.0000E+00 0.0000E+00 0.0000E+00 0.0000E+00 0.0000E+00 0.0000E+00 0.0000E+00 4.2220E-13 4.2238E-12 1.4596E-11 3.7411E-11 9.6403E-11 2.0276E-10 3.4328E-10 5.5167E-10 8.5531E-10 1.2151E-09 1.6620E-09 2.1924E-09 2.8249E-09 3.5478E-09 4.3620E-09 5.2550E-09 6.2148E-09 7.2436E-09 8.2921E-09 9.3458E-09 1.0406E-08 1.1423E-08 1.2379E-08 1.3251E-08 1.4023E-08 1.4672E-08 1.5196E-08 1.5576E-08 1.5815E-08 1.5910E-08 1.5857E-08 1.5671E-08
0.0000E+00 0.0000E+00 0.0000E+00 0.0000E+00 0.0000E+00 0.0000E+00 0.0000E+00 0.0000E+00 0.0000E+00 0.0000E+00 0.0000E+00 0.0000E+00 0.0000E+00 0.0000E+00 0.0000E+00 0.0000E+00 0.0000E+00 0.0000E+00 0.0000E+00 0.0000E+00 0.0000E+00 0.0000E+00 0.0000E+00 0.0000E+00 0.0000E+00 1.7345E-13 2.6494E-12 1.3914E-11 4.6670E-11 1.1799E-10 2.4143E-10 4.5409E-10 7.4131E-10 1.0949E-09 1.5327E-09 2.0706E-09 2.7257E-09 3.4783E-09 4.3225E-09 5.2740E-09 6.2865E-09 7.3656E-09 8.4817E-09 9.6184E-09 1.0736E-08 1.1836E-08 1.2860E-08 1.3812E-08 1.4650E-08 1.5370E-08 1.5949E-08 1.6388E-08 1.6675E-08 1.6813E-08 1.6805E-08 1.6650E-08 1.6358E-08
0.0000E+00 0.0000E+00 0.0000E+00 0.0000E+00 0.0000E+00 0.0000E+00 0.0000E+00 0.0000E+00 0.0000E+00 0.0000E+00 0.0000E+00 0.0000E+00 0.0000E+00 0.0000E+00 0.0000E+00 0.0000E+00 0.0000E+00 0.0000E+00 0.0000E+00 0.0000E+00 0.0000E+00 0.0000E+00 0.0000E+00 0.0000E+00 0.0000E+00 0.0000E+00 2.8914E-12 1.9466E-11 7.6807E-11 1.8544E-10 3.4586E-10 5.9889E-10 9.5138E-10 1.4015E-09 1.9662E-09 2.6460E-09 3.4570E-09 4.3723E-09 5.3787E-09 6.4607E-09 7.6086E-09 8.7989E-09 1.0015E-08 1.1230E-08 1.2396E-08 1.3512E-08 1.4529E-08 1.5444E-08 1.6223E-08 1.6858E-08 1.7341E-08 1.7670E-08 1.7840E-08 1.7856E-08 1.7725E-08 1.7451E-08 1.7044E-08
0.0000E+00 0.0000E+00 0.0000E+00 0.0000E+00 0.0000E+00 0.0000E+00 0.0000E+00 0.0000E+00 0.0000E+00 0.0000E+00 0.0000E+00 0.0000E+00 0.0000E+00 0.0000E+00 0.0000E+00 0.0000E+00 0.0000E+00 0.0000E+00 0.0000E+00 0.0000E+00 0.0000E+00 0.0000E+00 0.0000E+00 0.0000E+00 0.0000E+00 1.9914E-13 1.1255E-11 4.9816E-11 1.2797E-10 2.5915E-10 4.7160E-10 8.0141E-10 1.2632E-09 1.8865E-09 2.6294E-09 3.5018E-09 4.4749E-09 5.5549E-09 6.7424E-09 7.9870E-09 9.2651E-09 1.0571E-08 1.1883E-08 1.3141E-08 1.4328E-08 1.5437E-08 1.6418E-08 1.7258E-08 1.7944E-08 1.8468E-08 1.8824E-08 1.9015E-08 1.9046E-08 1.8922E-08 1.8651E-08 1.8241E-08 1.7707E-08
0.0000E+00 0.0000E+00 0.0000E+00 0.0000E+00 0.0000E+00 0.0000E+00 0.0000E+00 0.0000E+00 0.0000E+00 0.0000E+00 0.0000E+00 0.0000E+00 0.0000E+00 0.0000E+00 0.0000E+00 0.0000E+00 0.0000E+00 0.0000E+00 0.0000E+00 0.0000E+00 0.0000E+00 0.0000E+00 0.0000E+00 0.0000E+00 0.0000E+00 6.7018E-12 3.4013E-11 8.9074E-11 1.9461E-10 3.7028E-10 6.8046E-10 1.1502E-09 1.7956E-09 2.5856E-09 3.5352E-09 4.6401E-09 5.8624E-09 7.1480E-09 8.5288E-09 9.9341E-09 1.1344E-08 1.2740E-08 1.4112E-08 1.5383E-08 1.6539E-08 1.7587E-08 1.8485E-08 1.9219E-08 1.9770E-08 2.0140E-08 2.0337E-08 2.0364E-08 2.0233E-08 1.9952E-08 1.9529E-08 1.8976E-08 1.8308E-08
0.0000E+00 0.0000E+00 0.0000E+00 0.0000E+00 0.0000E+00 0.0000E+00 0.0000E+00 0.0000E+00 0.0000E+00 0.0000E+00 0.0000E+00 0.0000E+00 0.0000E+00 0.0000E+00 0.0000E+00 0.0000E+00 0.0000E+00 0.0000E+00 0.0000E+00 0.0000E+00 0.0000E+00 0.0000E+00 0.0000E+00 0.0000E+00 3.4719E-12 2.2400E-11 6.3534E-11 1.4159E-10 3.1881E-10 5.9177E-10 1.0245E-09 1.6474E-09 2.5031E-09 3.6154E-09 4.8653E-09 6.2271E-09 7.6778E-09 9.1957E-09 1.0760E-08 1.2315E-08 1.3835E-08 1.5293E-08 1.6677E-08 1.7904E-08 1.8998E-08 1.9948E-08 2.0702E-08 2.1274E-08 2.1656E-08 2.1844E-08 2.1848E-08 2.1687E-08 2.1371E-08 2.0915E-08 2.0329E-08 1.9624E-08 1.8813E-08
0.0000E+00 0.0000E+00 0.0000E+00 0.0000E+00 0.0000E+00 0.0000E+00 0.0000E+00 0.0000E+00 0.0000E+00 0.0000E+00 0.0000E+00 0.0000E+00 0.0000E+00 0.0000E+00 0.0000E+00 0.0000E+00 0.0000E+00 0.0000E+00 0.0000E+00 0.0000E+00 0.0000E+00 0.0000E+00 0.0000E+00 1.6772E-12 1.2352E-11 4.2842E-11 1.1095E-10 2.4906E-10 4.9090E-10 8.7177E-10 1.5252E-09 2.5052E-09 3.7336E-09 5.1372E-09 6.6742E-09 8.3306E-09 1.0064E-08 1.1815E-08 1.3542E-08 1.5205E-08 1.6785E-08 1.8227E-08 1.9535E-08 2.0682E-08 2.1640E-08 2.2420E-08 2.3003E-08 2.3377E-08 2.3531E-08 2.3508E-08 2.3299E-08 2.2928E-08 2.2418E-08 2.1781E-08 2.1023E-08 2.0165E-08 1.9217E-08
0.0000E+00 0.0000E+00 0.0000E+00 0.0000E+00 0.0000E+00 0.0000E+00 0.0000E+00 0.0000E+00 0.0000E+00 0.0000E+00 0.0000E+00 0.0000E+00 0.0000E+00 0.0000E+00 0.0000E+00 0.0000E+00 0.0000E+00 0.0000E+00 0.0000E+00 0.0000E+00 0.0000E+00 0.0000E+00 1.5963E-13 5.5412E-12 2.4558E-11 7.5033E-11 1.8283E-10 3.8448E-10 7.5964E-10 1.5077E-09 2.5180E-09 3.8499E-09 5.4669E-09 7.2851E-09 9.2308E-09 1.1226E-08 1.3201E-08 1.5108E-08 1.6942E-08 1.8646E-08 2.0161E-08 2.1501E-08 2.2681E-08 2.3630E-08 2.4373E-08 2.4942E-08 2.5275E-08 2.5417E-08 2.5336E-08 2.5056E-08 2.4620E-08 2.4029E-08 2.3316E-08 2.2494E-08 2.1570E-08 2.0561E-08 1.9484E-08
0.0000E+00 0.0000E+00 0.0000E+00 0.0000E+00 0.0000E+00 0.0000E+00 0.0000E+00 0.0000E+00 0.0000E+00 0.0000E+00 0.0000E+00 0.0000E+00 0.0000E+00 0.0000E+00 0.0000E+00 0.0000E+00 0.0000E+00 0.0000E+00 0.0000E+00 0.0000E+00 0.0000E+00 0.0000E+00 1.7860E-12 1.1296E-11 4.2528E-11 1.2077E-10 2.9896E-10 7.2719E-10 1.4375E-09 2.5347E-09 4.0375E-09 5.9889E-09 8.2269E-09 1.0528E-08 1.2875E-08 1.5148E-08 1.7284E-08 1.9271E-08 2.1065E-08 2.2635E-08 2.3982E-08 2.5093E-08 2.5979E-08 2.6647E-08 2.7105E-08 2.7380E-08 2.7440E-08 2.7288E-08 2.6956E-08 2.6421E-08 2.5739E-08 2.4925E-08 2.4014E-08 2.3014E-08 2.1934E-08 2.0784E-08 1.9589E-08
0.0000E+00 0.0000E+00 0.0000E+00 0.0000E+00 0.0000E+00 0.0000E+00 0.0000E+00 0.0000E+00 0.0000E+00 0.0000E+00 0.0000E+00 0.0000E+00 0.0000E+00 0.0000E+00 0.0000E+00 0.0000E+00 0.0000E+00 0.0000E+00 0.0000E+00 0.0000E+00 0.0000E+00 0.0000E+00 3.7756E-12 1.9551E-11 6.6305E-11 1.8295E-10 5.9814E-10 1.3425E-09 2.5388E-09 4.3629E-09 6.7277E-09 9.5506E-09 1.2430E-08 1.5261E-08 1.7949E-08 2.0398E-08 2.2559E-08 2.4399E-08 2.5950E-08 2.7198E-08 2.8154E-08 2.8845E-08 2.9321E-08 2.9593E-08 2.9684E-08 2.9607E-08 2.9357E-08 2.8903E-08 2.8289E-08 2.7508E-08 2.6588E-08 2.5563E-08 2.4467E-08 2.3294E-08 2.2076E-08 2.0806E-08 1.9507E-08
0.0000E+00 0.0000E+00 0.0000E+00 0.0000E+00 0.0000E+00 0.0000E+00 0.0000E+00 0.0000E+00 0.0000E+00 0.0000E+00 0.0000E+00 0.0000E+00 0.0000E+00 0.0000E+00 0.0000E+00 0.0000E+00 0.0000E+00 0.0000E+00 0.0000E+00 0.0000E+00 0.0000E+00 4.3570E-13 6.4804E-12 2.8142E-11 9.7194E-11 3.6631E-10 1.0951E-09 2.4607E-09 4.6496E-09 7.6829E-09 1.1309E-08 1.5163E-08 1.8806E-08 2.2118E-08 2.4970E-08 2.7340E-08 2.9193E-08 3.0606E-08 3.1601E-08 3.2249E-08 3.2559E-08 3.2659E-08 3.2555E-08 3.2299E-08 3.1959E-08 3.1482E-08 3.0892E-08 3.0139E-08 2.9245E-08 2.8231E-08 2.7101E-08 2.5881E-08 2.4625E-08 2.3313E-08 2.1977E-08 2.0606E-08 1.9227E-08
0.0000E+00 0.0000E+00 0.0000E+00 0.0000E+00 0.0000E+00 0.0000E+00 0.0000E+00 0.0000E+00 0.0000E+00 0.0000E+00 0.0000E+00 0.0000E+00 0.0000E+00 0.0000E+00 0.0000E+00 0.0000E+00 0.0000E+00 0.0000E+00 0.0000E+00 0.0000E+00 0.0000E+00 1.0658E-12 9.3408E-12 3.8673E-11 1.3153E-10 5.5401E-10 1.9043E-09 4.3989E-09 8.1825E-09 1.3070E-08 1.8446E-08 2.3581E-08 2.7984E-08 3.1541E-08 3.4247E-08 3.6099E-08 3.7305E-08 3.7879E-08 3.7933E-08 3.7664E-08 3.7046E-08 3.6322E-08 3.5492E-08 3.4610E-08 3.3758E-08 3.2862E-08 3.1913E-08 3.0887E-08 2.9739E-08 2.8519E-08 2.7214E-08 2.5845E-08 2.4454E-08 2.3041E-08 2.1613E-08 2.0179E-08 1.8741E-08
0.0000E+00 0.0000E+00 0.0000E+00 0.0000E+00 0.0000E+00 0.0000E+00 0.0000E+00 0.0000E+00 0.0000E+00 0.0000E+00 0.0000E+00 0.0000E+00 0.0000E+00 0.0000E+00 0.0000E+00 0.0000E+00 0.0000E+00 0.0000E+00 0.0000E+00 0.0000E+00 0.0000E+00 1.4738E-12 1.1714E-11 4.8304E-11 1.6269E-10 9.8875E-10 3.2914E-09 7.5397E-09 1.3789E-08 2.1246E-08 2.8766E-08 3.5290E-08 4.0146E-08 4.3508E-08 4.5561E-08 4.6417E-08 4.6485E-08 4.5770E-08 4.4565E-08 4.3047E-08 4.1296E-08 3.9562E-08 3.7884E-08 3.6334E-08 3.4918E-08 3.3617E-08 3.2333E-08 3.1061E-08 2.9711E-08 2.8325E-08 2.6892E-08 2.5421E-08 2.3940E-08 2.2465E-08 2.0984E-08 1.9518E-08 1.8058E-08
0.0000E+00 0.0000E+00 0.0000E+00 0.0000E+00 0.0000E+00 0.0000E+00 0.0000E+00 0.0000E+00 0.0000E+00 0.0000E+00 0.0000E+00 0.0000E+00 0.0000E+00 0.0000E+00 0.0000E+00 0.0000E+00 0.0000E+00 0.0000E+00 0.0000E+00 0.0000E+00 0.0000E+00 1.6024E-12 1.2704E-11 5.3860E-11 2.9305E-10 1.6122E-09 5.3158E-09 1.2307E-08 2.1975E-08 3.2743E-08 4.2358E-08 5.0031E-08 5.4741E-08 5.7335E-08 5.8091E-08 5.7505E-08 5.5959E-08 5.3588E-08 5.0891E-08 4.7886E-08 4.4878E-08 4.2058E-08 3.9482E-08 3.7262E-08 3.5314E-08 3.3647E-08 3.2087E-08 3.0611E-08 2.9128E-08 2.7634E-08 2.6129E-08 2.4605E-08 2.3086E-08 2.1589E-08 2.0098E-08 1.8634E-08 1.7187E-08
0.0000E+00 0.0000E+00 0.0000E+00 0.0000E+00 0.0000E+00 0.0000E+00 0.0000E+00 0.0000E+00 0.0000E+00 0.0000E+00 0.0000E+00 0.0000E+00 0.0000E+00 0.0000E+00 0.0000E+00 0.0000E+00 0.0000E+00 0.0000E+00 0.0000E+00 0.0000E+00 0.0000E+00 1.4125E-12 1.2041E-11 7.4618E-11 3.8384E-10 2.3917E-09 8.0406E-09 1.8669E-08 3.2839E-08 4.7155E-08 5.8643E-08 6.6210E-08 7.0230E-08 7.1446E-08 7.0372E-08 6.8067E-08 6.4564E-08 6.0357E-08 5.6047E-08 5.1512E-08 4.7293E-08 4.3425E-08 4.0040E-08 3.7219E-08 3.4842E-08 3.2886E-08 3.1131E-08 2.9531E-08 2.7990E-08 2.6455E-08 2.4934E-08 2.3414E-08 2.1910E-08 2.0431E-08 1.8973E-08 1.7539E-08 1.6141E-08
0.0000E+00 0.0000E+00 0.0000E+00 0.0000E+00 0.0000E+00 0.0000E+00 0.0000E+00 0.0000E+00 0.0000E+00 0.0000E+00 0.0000E+00 0.0000E+00 0.0000E+00 0.0000E+00 0.0000E+00 0.0000E+00 0.0000E+00 0.0000E+00 0.0000E+00 0.0000E+00 0.0000E+00 9.5625E-13 9.8602E-12 7.3451E-11 5.8867E-10 3.3812E-09 1.1665E-08 2.6323E-08 4.4686E-08 6.2010E-08 7.4816E-08 8.1571E-08 8.4142E-08 8.3529E-08 8.0645E-08 7.6488E-08 7.1125E-08 6.5187E-08 5.9176E-08 5.3317E-08 4.8034E-08 4.3331E-08 3.9365E-08 3.6100E-08 3.3448E-08 3.1326E-08 2.9488E-08 2.7863E-08 2.6338E-08 2.4834E-08 2.3358E-08 2.1895E-08 2.0453E-08 1.9036E-08 1.7646E-08 1.6277E-08 1.4951E-08
0.0000E+00 0.0000E+00 0.0000E+00 0.0000E+00 0.0000E+00 0.0000E+00 0.0000E+00 0.0000E+00 0.0000E+00 0.0000E+00 0.0000E+00 0.0000E+00 0.0000E+00 0.0000E+00 0.0000E+00 0.0000E+00 0.0000E+00 0.0000E+00 0.0000E+00 0.0000E+00 0.0000E+00 3.1252E-13 6.6495E-12 8.2836E-11 7.0076E-10 4.5576E-09 1.5792E-08 3.4961E-08 5.6430E-08 7.4066E-08 8.6076E-08 9.2017E-08 9.3226E-08 9.1221E-08 8.7113E-08 8.1339E-08 7.4491E-08 6.7203E-08 5.9809E-08 5.2973E-08 4.6846E-08 4.1609E-08 3.7349E-08 3.3893E-08 3.1169E-08 2.9031E-08 2.7231E-08 2.5679E-08 2.4246E-08 2.2842E-08 2.1467E-08 2.0111E-08 1.8769E-08 1.7452E-08 1.6160E-08 1.4886E-08 1.3654E-08
0.0000E+00 0.0000E+00 0.0000E+00 0.0000E+00 0.0000E+00 0.0000E+00 0.0000E+00 0.0000E+00 0.0000E+00 0.0000E+00 0.0000E+00 0.0000E+00 0.0000E+00 0.0000E+00 0.0000E+00 0.0000E+00 0.0000E+00 0.0000E+00 0.0000E+00 0.0000E+00 0.0000E+00 0.0000E+00 3.5965E-12 6.0038E-11 6.8878E-10 5.8894E-09 2.0896E-08 4.2485E-08 6.4040E-08 8.0180E-08 8.9722E-08 9.4292E-08 9.4822E-08 9.2365E-08 8.7784E-08 8.1441E-08 7.3734E-08 6.5658E-08 5.7566E-08 5.0251E-08 4.3790E-08 3.8388E-08 3.4095E-08 3.0718E-08 2.8134E-08 2.6130E-08 2.4483E-08 2.3093E-08 2.1822E-08 2.0572E-08 1.9350E-08 1.8137E-08 1.6928E-08 1.5739E-08 1.4569E-08 1.3412E-08 1.2291E-08
0.0000E+00 0.0000E+00 0.0000E+00 0.0000E+00 0.0000E+00 0.0000E+00 0.0000E+00 0.0000E+00 0.0000E+00 0.0000E+00 0.0000E+00 0.0000E+00 0.0000E+00 0.0000E+00 0.0000E+00 0.0000E+00 0.0000E+00 0.0000E+00 0.0000E+00 0.0000E+00 0.0000E+00 0.0000E+00 1.4482E-12 2.8702E-11 8.6438E-10 9.7322E-09 3.0038E-08 5.1117E-08 6.7292E-08 7.8557E-08 8.5358E-08 8.8783E-08 8.9384E-08 8.7135E-08 8.2455E-08 7.6057E-08 6.8376E-08 6.0193E-08 5.2283E-08 4.5077E-08 3.8904E-08 3.3874E-08 2.9886E-08 2.6826E-08 2.4543E-08 2.2814E-08 2.1409E-08 2.0250E-08 1.9192E-08 1.8132E-08 1.7099E-08 1.6055E-08 1.5006E-08 1.3961E-08 1.2931E-08 1.1902E-08 1.0905E-08
