Assets/Resources/2015_m01_d28_1600(utc+0800)_l00_csi_1hr_conc.grd
DSAA
         159         159
     -79.000      79.000
     -79.000      79.000
  0.0000E+00  0.1599E-05
[rows 0 to 24 of 159, columns 0 to 56 of 159]
1.3048E-11 2.2012E-11 3.2422E-11 4.7843E-11 6.5682E-11 8.8175E-11 1.1629E-10 1.5066E-10 1.9301E-10 2.4197E-10 2.9723E-10 3.6228E-10 4.3611E-10 5.2177E-10 6.1835E-10 7.2746E-10 8.5043E-10 9.8786E-10 1.1431E-09 1.3128E-09 1.4995E-09 1.7058E-09 1.9284E-09 2.1662E-09 2.4210E-09 2.6905E-09 2.9713E-09 3.2632E-09 3.5632E-09 3.8678E-09 4.1734E-09 4.4771E-09 4.7743E-09 5.0604E-09 5.3310E-09 5.5818E-09 5.8085E-09 6.0068E-09 6.1734E-09 6.3050E-09 6.3988E-09 6.4522E-09 6.4646E-09 6.4356E-09 6.3652E-09 6.2540E-09 6.1052E-09 5.9207E-09 5.7037E-09 5.4574E-09 5.1866E-09 4.8959E-09 4.5905E-09 4.2741E-09 3.9535E-09 3.6297E-09 3.3104E-09
1.1357E-11 2.0170E-11 3.0114E-11 4.5093E-11 6.2790E-11 8.5085E-11 1.1293E-10 1.4735E-10 1.9049E-10 2.4008E-10 2.9756E-10 3.6412E-10 4.4012E-10 5.2833E-10 6.2922E-10 7.4237E-10 8.7109E-10 1.0158E-09 1.1779E-09 1.3562E-09 1.5559E-09 1.7736E-09 2.0081E-09 2.2631E-09 2.5358E-09 2.8231E-09 3.1253E-09 3.4405E-09 3.7641E-09 4.0935E-09 4.4254E-09 4.7557E-09 5.0790E-09 5.3909E-09 5.6872E-09 5.9624E-09 6.2117E-09 6.4300E-09 6.6144E-09 6.7604E-09 6.8646E-09 6.9256E-09 6.9418E-09 6.9122E-09 6.8367E-09 6.7175E-09 6.5560E-09 6.3551E-09 6.1181E-09 5.8501E-09 5.5552E-09 5.2392E-09 4.9070E-09 4.5630E-09 4.2143E-09 3.8631E-09 3.5165E-09
9.8096E-12 1.8016E-11 2.7515E-11 4.1992E-11 5.9098E-11 8.1213E-11 1.0873E-10 1.4304E-10 1.8644E-10 2.3655E-10 2.9555E-10 3.6340E-10 4.4126E-10 5.3228E-10 6.3624E-10 7.5339E-10 8.8802E-10 1.0383E-09 1.2069E-09 1.3965E-09 1.6059E-09 1.8334E-09 2.0839E-09 2.3547E-09 2.6426E-09 2.9501E-09 3.2746E-09 3.6118E-09 3.9596E-09 4.3152E-09 4.6740E-09 5.0308E-09 5.3815E-09 5.7211E-09 6.0441E-09 6.3447E-09 6.6170E-09 6.8573E-09 7.0602E-09 7.2214E-09 7.3368E-09 7.4059E-09 7.4255E-09 7.3950E-09 7.3140E-09 7.1855E-09 7.0108E-09 6.7929E-09 6.5365E-09 6.2460E-09 5.9268E-09 5.5839E-09 5.2234E-09 4.8508E-09 4.4728E-09 4.0937E-09 3.7190E-09
8.4340E-12 1.5634E-11 2.4881E-11 3.8762E-11 5.4870E-11 7.6781E-11 1.0367E-10 1.3760E-10 1.8071E-10 2.3092E-10 2.9021E-10 3.5987E-10 4.3915E-10 5.3255E-10 6.3942E-10 7.6056E-10 8.9950E-10 1.0552E-09 1.2325E-09 1.4303E-09 1.6473E-09 1.8889E-09 2.1529E-09 2.4365E-09 2.7434E-09 3.0712E-09 3.4157E-09 3.7757E-09 4.1495E-09 4.5316E-09 4.9176E-09 5.3031E-09 5.6834E-09 6.0522E-09 6.4032E-09 6.7305E-09 7.0286E-09 7.2914E-09 7.5146E-09 7.6921E-09 7.8212E-09 7.8988E-09 7.9225E-09 7.8906E-09 7.8052E-09 7.6667E-09 7.4786E-09 7.2434E-09 6.9663E-09 6.6518E-09 6.3059E-09 5.9342E-09 5.5437E-09 5.1413E-09 4.7335E-09 4.3249E-09 3.9230E-09
6.8378E-12 1.3325E-11 2.2063E-11 3.5130E-11 5.0251E-11 7.1684E-11 9.7710E-11 1.3104E-10 1.7384E-10 2.2327E-10 2.8282E-10 3.5366E-10 4.3437E-10 5.2948E-10 6.3888E-10 7.6303E-10 9.0607E-10 1.0676E-09 1.2515E-09 1.4555E-09 1.6836E-09 1.9364E-09 2.2110E-09 2.5116E-09 2.8365E-09 3.1819E-09 3.5476E-09 3.9326E-09 4.3318E-09 4.7406E-09 5.1560E-09 5.5721E-09 5.9824E-09 6.3809E-09 6.7614E-09 7.1171E-09 7.4423E-09 7.7298E-09 7.9743E-09 8.1696E-09 8.3126E-09 8.3992E-09 8.4275E-09 8.3958E-09 8.3055E-09 8.1580E-09 7.9553E-09 7.7008E-09 7.4004E-09 7.0607E-09 6.6867E-09 6.2858E-09 5.8650E-09 5.4318E-09 4.9923E-09 4.5531E-09 4.1212E-09
5.1433E-12 1.1096E-11 1.9026E-11 3.1255E-11 4.5803E-11 6.5960E-11 9.1132E-11 1.2385E-10 1.6553E-10 2.1393E-10 2.7331E-10 3.4343E-10 4.2615E-10 5.2262E-10 6.3368E-10 7.6053E-10 9.0770E-10 1.0740E-09 1.2621E-09 1.4746E-09 1.7122E-09 1.9734E-09 2.2617E-09 2.5777E-09 2.9175E-09 3.2818E-09 3.6705E-09 4.0791E-09 4.5033E-09 4.9411E-09 5.3863E-09 5.8321E-09 6.2734E-09 6.7038E-09 7.1161E-09 7.5025E-09 7.8564E-09 8.1702E-09 8.4364E-09 8.6516E-09 8.8096E-09 8.9069E-09 8.9401E-09 8.9096E-09 8.8144E-09 8.6571E-09 8.4390E-09 8.1657E-09 7.8428E-09 7.4767E-09 7.0721E-09 6.6409E-09 6.1884E-09 5.7222E-09 5.2497E-09 4.7788E-09 4.3165E-09
3.0847E-12 8.5986E-12 1.6248E-11 2.7144E-11 4.0762E-11 5.9814E-11 8.3989E-11 1.1578E-10 1.5607E-10 2.0350E-10 2.6136E-10 3.3088E-10 4.1500E-10 5.1254E-10 6.2429E-10 7.5355E-10 9.0409E-10 1.0728E-09 1.2667E-09 1.4862E-09 1.7299E-09 2.0013E-09 2.3026E-09 2.6308E-09 2.9867E-09 3.3714E-09 3.7814E-09 4.2124E-09 4.6639E-09 5.1297E-09 5.6042E-09 6.0825E-09 6.5582E-09 7.0227E-09 7.4678E-09 7.8865E-09 8.2707E-09 8.6126E-09 8.9047E-09 9.1411E-09 9.3159E-09 9.4247E-09 9.4648E-09 9.4352E-09 9.3354E-09 9.1663E-09 8.9325E-09 8.6393E-09 8.2928E-09 7.8981E-09 7.4637E-09 6.9996E-09 6.5112E-09 6.0109E-09 5.5047E-09 5.0017E-09 4.5078E-09
1.3742E-12 5.9489E-12 1.3170E-11 2.2971E-11 3.5405E-11 5.3501E-11 7.6181E-11 1.0674E-10 1.4618E-10 1.9148E-10 2.4803E-10 3.1598E-10 3.9934E-10 4.9809E-10 6.1085E-10 7.4154E-10 8.9388E-10 1.0653E-09 1.2642E-09 1.4878E-09 1.7387E-09 2.0198E-09 2.3311E-09 2.6715E-09 3.0448E-09 3.4475E-09 3.8768E-09 4.3325E-09 4.8100E-09 5.3041E-09 5.8101E-09 6.3217E-09 6.8303E-09 7.3286E-09 7.8081E-09 8.2608E-09 8.6770E-09 9.0481E-09 9.3668E-09 9.6246E-09 9.8173E-09 9.9388E-09 9.9861E-09 9.9573E-09 9.8527E-09 9.6733E-09 9.4254E-09 9.1124E-09 8.7389E-09 8.3148E-09 7.8493E-09 7.3517E-09 6.8284E-09 6.2910E-09 5.7509E-09 5.2142E-09 4.6882E-09
0.0000E+00 3.2913E-12 9.6035E-12 1.8905E-11 2.9760E-11 4.6915E-11 6.8075E-11 9.6806E-11 1.3508E-10 1.7848E-10 2.3316E-10 2.9858E-10 3.8098E-10 4.7999E-10 5.9385E-10 7.2434E-10 8.7759E-10 1.0513E-09 1.2531E-09 1.4804E-09 1.7385E-09 2.0270E-09 2.3461E-09 2.7008E-09 3.0887E-09 3.5072E-09 3.9577E-09 4.4373E-09 4.9398E-09 5.4631E-09 6.0001E-09 6.5432E-09 7.0866E-09 7.6217E-09 8.1378E-09 8.6255E-09 9.0754E-09 9.4782E-09 9.8252E-09 1.0108E-08 1.0319E-08 1.0455E-08 1.0510E-08 1.0483E-08 1.0374E-08 1.0186E-08 9.9223E-09 9.5870E-09 9.1868E-09 8.7337E-09 8.2351E-09 7.7016E-09 7.1424E-09 6.5698E-09 5.9931E-09 5.4196E-09 4.8608E-09
0.0000E+00 1.0775E-12 6.2620E-12 1.4534E-11 2.4445E-11 3.9969E-11 5.9549E-11 8.6917E-11 1.2282E-10 1.6433E-10 2.1699E-10 2.7978E-10 3.6021E-10 4.5713E-10 5.7250E-10 7.0172E-10 8.5567E-10 1.0304E-09 1.2334E-09 1.4646E-09 1.7273E-09 2.0207E-09 2.3505E-09 2.7168E-09 3.1154E-09 3.5521E-09 4.0232E-09 4.5234E-09 5.0523E-09 5.6037E-09 6.1719E-09 6.7501E-09 7.3301E-09 7.9012E-09 8.4536E-09 8.9788E-09 9.4653E-09 9.9020E-09 1.0279E-08 1.0588E-08 1.0821E-08 1.0972E-08 1.1038E-08 1.1014E-08 1.0902E-08 1.0704E-08 1.0422E-08 1.0063E-08 9.6380E-09 9.1553E-09 8.6226E-09 8.0516E-09 7.4540E-09 6.8445E-09 6.2298E-09 5.6209E-09 5.0275E-09
0.0000E+00 0.0000E+00 3.1876E-12 9.8377E-12 1.9133E-11 3.3262E-11 5.0847E-11 7.6484E-11 1.0981E-10 1.4896E-10 1.9950E-10 2.5927E-10 3.3756E-10 4.3128E-10 5.4545E-10 6.7502E-10 8.2898E-10 1.0018E-09 1.2064E-09 1.4395E-09 1.7050E-09 2.0053E-09 2.3424E-09 2.7149E-09 3.1286E-09 3.5813E-09 4.0690E-09 4.5916E-09 5.1469E-09 5.7275E-09 6.3277E-09 6.9405E-09 7.5558E-09 8.1651E-09 8.7579E-09 9.3216E-09 9.8444E-09 1.0315E-08 1.0723E-08 1.1061E-08 1.1316E-08 1.1484E-08 1.1559E-08 1.1538E-08 1.1422E-08 1.1214E-08 1.0916E-08 1.0536E-08 1.0084E-08 9.5663E-09 8.9972E-09 8.3893E-09 7.7527E-09 7.1025E-09 6.4502E-09 5.8056E-09 5.1787E-09
0.0000E+00 0.0000E+00 3.3208E-13 6.0943E-12 1.3351E-11 2.6340E-11 4.2462E-11 6.5833E-11 9.7095E-11 1.3275E-10 1.8062E-10 2.3762E-10 3.1245E-10 4.0372E-10 5.1425E-10 6.4268E-10 7.9569E-10 9.6653E-10 1.1723E-09 1.4047E-09 1.6728E-09 1.9775E-09 2.3186E-09 2.7009E-09 3.1264E-09 3.5911E-09 4.0962E-09 4.6425E-09 5.2211E-09 5.8294E-09 6.4613E-09 7.1087E-09 7.7621E-09 8.4110E-09 9.0435E-09 9.6466E-09 1.0209E-08 1.0718E-08 1.1161E-08 1.1528E-08 1.1808E-08 1.1993E-08 1.2081E-08 1.2066E-08 1.1948E-08 1.1730E-08 1.1415E-08 1.1013E-08 1.0532E-08 9.9808E-09 9.3756E-09 8.7269E-09 8.0514E-09 7.3614E-09 6.6689E-09 5.9853E-09 5.3243E-09
0.0000E+00 0.0000E+00 0.0000E+00 1.9673E-12 8.5902E-12 1.9385E-11 3.3941E-11 5.5089E-11 8.3822E-11 1.1667E-10 1.6111E-10 2.1463E-10 2.8595E-10 3.7329E-10 4.7928E-10 6.0539E-10 7.5735E-10 9.2592E-10 1.1297E-09 1.3606E-09 1.6312E-09 1.9379E-09 2.2830E-09 2.6731E-09 3.1065E-09 3.5833E-09 4.1069E-09 4.6714E-09 5.2723E-09 5.9099E-09 6.5740E-09 7.2558E-09 7.9467E-09 8.6349E-09 9.3086E-09 9.9539E-09 1.0558E-08 1.1106E-08 1.1585E-08 1.1983E-08 1.2291E-08 1.2498E-08 1.2598E-08 1.2590E-08 1.2469E-08 1.2242E-08 1.1913E-08 1.1488E-08 1.0977E-08 1.0393E-08 9.7519E-09 9.0638E-09 8.3481E-09 7.6144E-09 6.8825E-09 6.1608E-09 5.4644E-09
0.0000E+00 0.0000E+00 0.0000E+00 0.0000E+00 4.0159E-12 1.2971E-11 2.5358E-11 4.4764E-11 7.0488E-11 1.0024E-10 1.4184E-10 1.9070E-10 2.5838E-10 3.4171E-10 4.4204E-10 5.6438E-10 7.1269E-10 8.7958E-10 1.0804E-09 1.3100E-09 1.5804E-09 1.8857E-09 2.2356E-09 2.6308E-09 3.0704E-09 3.5610E-09 4.0981E-09 4.6779E-09 5.3053E-09 5.9690E-09 6.6624E-09 7.3789E-09 8.1090E-09 8.8381E-09 9.5532E-09 1.0242E-08 1.0888E-08 1.1477E-08 1.1995E-08 1.2427E-08 1.2763E-08 1.2993E-08 1.3109E-08 1.3108E-08 1.2989E-08 1.2753E-08 1.2407E-08 1.1957E-08 1.1418E-08 1.0802E-08 1.0124E-08 9.3954E-09 8.6371E-09 7.8601E-09 7.0868E-09 6.3269E-09 5.5929E-09
0.0000E+00 0.0000E+00 0.0000E+00 0.0000E+00 5.5547E-13 7.2820E-12 1.7940E-11 3.4389E-11 5.7716E-11 8.4563E-11 1.2278E-10 1.6731E-10 2.3082E-10 3.0907E-10 4.0409E-10 5.2069E-10 6.6431E-10 8.2904E-10 1.0267E-09 1.2534E-09 1.5206E-09 1.8270E-09 2.1791E-09 2.5750E-09 3.0227E-09 3.5221E-09 4.0687E-09 4.6702E-09 5.3182E-09 6.0039E-09 6.7292E-09 7.4820E-09 8.2484E-09 9.0171E-09 9.7755E-09 1.0509E-08 1.1200E-08 1.1832E-08 1.2390E-08 1.2859E-08 1.3227E-08 1.3482E-08 1.3616E-08 1.3624E-08 1.3506E-08 1.3263E-08 1.2901E-08 1.2430E-08 1.1863E-08 1.1212E-08 1.0493E-08 9.7223E-09 8.9215E-09 8.1056E-09 7.2878E-09 6.4887E-09 5.7186E-09
0.0000E+00 0.0000E+00 0.0000E+00 0.0000E+00 0.0000E+00 2.3417E-12 1.1240E-11 2.4786E-11 4.5530E-11 6.9607E-11 1.0380E-10 1.4480E-10 2.0432E-10 2.7693E-10 3.6652E-10 4.7696E-10 6.1485E-10 7.7494E-10 9.6827E-10 1.1915E-09 1.4563E-09 1.7625E-09 2.1111E-09 2.5100E-09 2.9623E-09 3.4660E-09 4.0274E-09 4.6430E-09 5.3057E-09 6.0203E-09 6.7762E-09 7.5607E-09 8.3647E-09 9.1779E-09 9.9828E-09 1.0761E-08 1.1498E-08 1.2177E-08 1.2780E-08 1.3288E-08 1.3690E-08 1.3973E-08 1.4127E-08 1.4146E-08 1.4031E-08 1.3781E-08 1.3405E-08 1.2911E-08 1.2311E-08 1.1624E-08 1.0865E-08 1.0053E-08 9.2081E-09 8.3483E-09 7.4874E-09 6.6454E-09 5.8359E-09
0.0000E+00 0.0000E+00 0.0000E+00 0.0000E+00 0.0000E+00 0.0000E+00 5.0398E-12 1.6175E-11 3.3807E-11 5.5276E-11 8.5909E-11 1.2354E-10 1.7812E-10 2.4491E-10 3.2931E-10 4.3327E-10 5.6361E-10 7.1775E-10 9.0683E-10 1.1251E-09 1.3850E-09 1.6881E-09 2.0335E-09 2.4350E-09 2.8882E-09 3.3981E-09 3.9686E-09 4.5942E-09 5.2791E-09 6.0179E-09 6.7982E-09 7.6160E-09 8.4606E-09 9.3156E-09 1.0164E-08 1.0991E-08 1.1779E-08 1.2507E-08 1.3156E-08 1.3708E-08 1.4148E-08 1.4462E-08 1.4639E-08 1.4671E-08 1.4560E-08 1.4306E-08 1.3914E-08 1.3397E-08 1.2767E-08 1.2043E-08 1.1242E-08 1.0388E-08 9.4973E-09 8.5889E-09 7.6828E-09 6.8021E-09 5.9518E-09
0.0000E+00 0.0000E+00 0.0000E+00 0.0000E+00 0.0000E+00 0.0000E+00 5.7518E-13 8.7328E-12 2.2305E-11 4.2136E-11 6.9168E-11 1.0194E-10 1.5263E-10 2.1438E-10 2.9271E-10 3.8905E-10 5.1164E-10 6.5866E-10 8.4067E-10 1.0533E-09 1.3093E-09 1.6081E-09 1.9496E-09 2.3493E-09 2.8011E-09 3.3158E-09 3.8922E-09 4.5307E-09 5.2334E-09 5.9911E-09 6.7993E-09 7.6519E-09 8.5344E-09 9.4313E-09 1.0330E-08 1.1210E-08 1.2050E-08 1.2829E-08 1.3529E-08 1.4129E-08 1.4609E-08 1.4956E-08 1.5159E-08 1.5209E-08 1.5103E-08 1.4844E-08 1.4438E-08 1.3896E-08 1.3234E-08 1.2470E-08 1.1627E-08 1.0722E-08 9.7818E-09 8.8272E-09 7.8774E-09 6.9517E-09 6.0631E-09
0.0000E+00 0.0000E+00 0.0000E+00 0.0000E+00 0.0000E+00 0.0000E+00 0.0000E+00 2.4750E-12 1.3399E-11 2.8151E-11 5.2319E-11 8.2605E-11 1.2762E-10 1.8374E-10 2.5541E-10 3.4570E-10 4.6131E-10 5.9800E-10 7.7308E-10 9.7903E-10 1.2278E-09 1.5215E-09 1.8571E-09 2.2530E-09 2.7025E-09 3.2197E-09 3.8013E-09 4.4515E-09 5.1671E-09 5.9446E-09 6.7817E-09 7.6659E-09 8.5855E-09 9.5288E-09 1.0476E-08 1.1406E-08 1.2301E-08 1.3138E-08 1.3892E-08 1.4541E-08 1.5066E-08 1.5452E-08 1.5683E-08 1.5752E-08 1.5653E-08 1.5390E-08 1.4969E-08 1.4404E-08 1.3710E-08 1.2906E-08 1.2015E-08 1.1063E-08 1.0072E-08 9.0646E-09 8.0689E-09 7.0975E-09 6.1668E-09
0.0000E+00 0.0000E+00 0.0000E+00 0.0000E+00 0.0000E+00 0.0000E+00 0.0000E+00 0.0000E+00 5.6855E-12 1.7071E-11 3.7268E-11 6.3080E-11 1.0283E-10 1.5431E-10 2.1987E-10 3.0158E-10 4.0878E-10 5.3741E-10 7.0407E-10 9.0104E-10 1.1412E-09 1.4306E-09 1.7582E-09 2.1490E-09 2.5944E-09 3.1120E-09 3.6955E-09 4.3541E-09 5.0822E-09 5.8806E-09 6.7422E-09 7.6572E-09 8.6168E-09 9.6042E-09 1.0600E-08 1.1588E-08 1.2542E-08 1.3436E-08 1.4246E-08 1.4951E-08 1.5527E-08 1.5953E-08 1.6216E-08 1.6305E-08 1.6216E-08 1.5951E-08 1.5518E-08 1.4928E-08 1.4198E-08 1.3351E-08 1.2412E-08 1.1408E-08 1.0363E-08 9.3045E-09 8.2575E-09 7.2363E-09 6.2709E-09
0.0000E+00 0.0000E+00 0.0000E+00 0.0000E+00 0.0000E+00 0.0000E+00 0.0000E+00 0.0000E+00 8.0706E-13 8.3398E-12 2.2698E-11 4.5907E-11 8.1105E-11 1.2525E-10 1.8403E-10 2.5903E-10 3.5796E-10 4.7751E-10 6.3316E-10 8.2002E-10 1.0540E-09 1.3314E-09 1.6524E-09 2.0364E-09 2.4771E-09 2.9930E-09 3.5767E-09 4.2420E-09 4.9815E-09 5.7971E-09 6.6816E-09 7.6290E-09 8.6267E-09 9.6585E-09 1.0709E-08 1.1753E-08 1.2765E-08 1.3723E-08 1.4598E-08 1.5363E-08 1.5991E-08 1.6464E-08 1.6764E-08 1.6878E-08 1.6803E-08 1.6537E-08 1.6089E-08 1.5472E-08 1.4706E-08 1.3815E-08 1.2823E-08 1.1764E-08 1.0662E-08 9.5478E-09 8.4457E-09 7.3764E-09 6.3672E-09
0.0000E+00 0.0000E+00 0.0000E+00 0.0000E+00 0.0000E+00 0.0000E+00 0.0000E+00 0.0000E+00 0.0000E+00 2.3838E-12 1.1851E-11 2.9534E-11 5.9528E-11 9.9065E-11 1.5128E-10 2.1829E-10 3.0703E-10 4.1802E-10 5.6403E-10 7.3870E-10 9.6327E-10 1.2302E-09 1.5429E-09 1.9190E-09 2.3511E-09 2.8618E-09 3.4441E-09 4.1147E-09 4.8634E-09 5.6943E-09 6.6022E-09 7.5797E-09 8.6146E-09 9.6949E-09 1.0798E-08 1.1900E-08 1.2979E-08 1.4005E-08 1.4946E-08 1.5773E-08 1.6462E-08 1.6987E-08 1.7328E-08 1.7471E-08 1.7410E-08 1.7145E-08 1.6684E-08 1.6040E-08 1.5232E-08 1.4292E-08 1.3247E-08 1.2127E-08 1.0964E-08 9.7897E-09 8.6305E-09 7.5120E-09 6.4568E-09
0.0000E+00 0.0000E+00 0.0000E+00 0.0000E+00 0.0000E+00 0.0000E+00 0.0000E+00 0.0000E+00 0.0000E+00 0.0000E+00 4.5801E-12 1.6117E-11 4.1242E-11 7.4758E-11 1.2043E-10 1.7956E-10 2.5956E-10 3.6164E-10 4.9349E-10 6.5818E-10 8.6906E-10 1.1276E-09 1.4274E-09 1.7947E-09 2.2184E-09 2.7226E-09 3.3022E-09 3.9740E-09 4.7294E-09 5.5740E-09 6.5024E-09 7.5071E-09 8.5820E-09 9.7089E-09 1.0864E-08 1.2031E-08 1.3178E-08 1.4271E-08 1.5283E-08 1.6181E-08 1.6934E-08 1.7513E-08 1.7899E-08 1.8075E-08 1.8031E-08 1.7770E-08 1.7295E-08 1.6624E-08 1.5780E-08 1.4790E-08 1.3684E-08 1.2500E-08 1.1272E-08 1.0034E-08 8.8155E-09 7.6454E-09 6.5415E-09
0.0000E+00 0.0000E+00 0.0000E+00 0.0000E+00 0.0000E+00 0.0000E+00 0.0000E+00 0.0000E+00 0.0000E+00 0.0000E+00 2.5904E-13 7.5817E-12 2.3345E-11 5.2932E-11 9.1983E-11 1.4418E-10 2.1424E-10 3.0694E-10 4.2747E-10 5.8012E-10 7.7397E-10 1.0195E-09 1.3107E-09 1.6653E-09 2.0792E-09 2.5748E-09 3.1484E-09 3.8187E-09 4.5793E-09 5.4344E-09 6.3807E-09 7.4143E-09 8.5252E-09 9.6950E-09 1.0909E-08 1.2138E-08 1.3350E-08 1.4518E-08 1.5606E-08 1.6576E-08 1.7398E-08 1.8041E-08 1.8479E-08 1.8694E-08 1.8673E-08 1.8417E-08 1.7933E-08 1.7236E-08 1.6351E-08 1.5305E-08 1.4139E-08 1.2889E-08 1.1591E-08 1.0286E-08 9.0058E-09 7.7780E-09 6.6246E-09
0.0000E+00 0.0000E+00 0.0000E+00 0.0000E+00 0.0000E+00 0.0000E+00 0.0000E+00 0.0000E+00 0.0000E+00 0.0000E+00 0.0000E+00 1.6262E-12 1.1417E-11 3.3997E-11 6.5628E-11 1.1100E-10 1.7269E-10 2.5650E-10 3.6348E-10 5.0443E-10 6.8234E-10 9.1369E-10 1.1903E-09 1.5310E-09 1.9343E-09 2.4203E-09 2.9853E-09 3.6514E-09 4.4134E-09 5.2739E-09 6.2346E-09 7.2927E-09 8.4367E-09 9.6523E-09 1.0920E-08 1.2209E-08 1.3493E-08 1.4737E-08 1.5902E-08 1.6953E-08 1.7852E-08 1.8563E-08 1.9059E-08 1.9318E-08 1.9327E-08 1.9084E-08 1.8594E-08 1.7873E-08 1.6948E-08 1.5852E-08 1.4620E-08 1.3300E-08 1.1929E-08 1.0550E-08 9.1973E-09 7.9089E-09 6.7035E-09
