Assets/Resources/2015_m01_d25_1300(utc+0800)_l00_csi_1hr_conc.grd
DSAA
         159         159
     -79.000      79.000
     -79.000      79.000
  0.0000E+00  0.4981E-05
[rows 50 to 74 of 159, columns 57 to 113 of 159]
0.0000E+00 0.0000E+00 0.0000E+00 2.5406E-12 8.5023E-12 1.7378E-11 2.6792E-11 4.4177E-11 6.5030E-11 9.4091E-11 1.2892E-10 1.7412E-10 2.3801E-10 3.1124E-10 4.0414E-10 5.1034E-10 6.4341E-10 7.9953E-10 9.8681E-10 1.2070E-09 1.4586E-09 1.7519E-09 2.0849E-09 2.4594E-09 2.8780E-09 3.3347E-09 3.8357E-09 4.3686E-09 4.9282E-09 5.5199E-09 6.1179E-09 6.7205E-09 7.3126E-09 7.8804E-09 8.4101E-09 8.8887E-09 9.3040E-09 9.6395E-09 9.8863E-09 1.0036E-08 1.0083E-08 1.0024E-08 9.8622E-09 9.6012E-09 9.2493E-09 8.8175E-09 8.3193E-09 7.7699E-09 7.1842E-09 6.5781E-09 5.9668E-09 5.3631E-09 4.7790E-09 4.2237E-09 3.7044E-09 3.2257E-09 2.7882E-09
0.0000E+00 0.0000E+00 0.0000E+00 2.6374E-12 8.9201E-12 1.7588E-11 2.7632E-11 4.5090E-11 6.6435E-11 9.5868E-11 1.3092E-10 1.7726E-10 2.4040E-10 3.1621E-10 4.0802E-10 5.1605E-10 6.5042E-10 8.0617E-10 9.9861E-10 1.2177E-09 1.4756E-09 1.7733E-09 2.1101E-09 2.4949E-09 2.9179E-09 3.3877E-09 3.8966E-09 4.4389E-09 5.0229E-09 5.6235E-09 6.2426E-09 6.8627E-09 7.4756E-09 8.0630E-09 8.6147E-09 9.1139E-09 9.5428E-09 9.8909E-09 1.0146E-08 1.0296E-08 1.0339E-08 1.0270E-08 1.0091E-08 9.8078E-09 9.4285E-09 8.9652E-09 8.4316E-09 7.8448E-09 7.2227E-09 6.5822E-09 5.9397E-09 5.3087E-09 4.7012E-09 4.1274E-09 3.5945E-09 3.1070E-09 2.6674E-09
0.0000E+00 0.0000E+00 0.0000E+00 2.7160E-12 9.1717E-12 1.7630E-11 2.8140E-11 4.5629E-11 6.7343E-11 9.6765E-11 1.3184E-10 1.7852E-10 2.4120E-10 3.1896E-10 4.0982E-10 5.2098E-10 6.5184E-10 8.1030E-10 1.0022E-09 1.2228E-09 1.4861E-09 1.7836E-09 2.1303E-09 2.5164E-09 2.9495E-09 3.4273E-09 3.9448E-09 4.5071E-09 5.0992E-09 5.7213E-09 6.3577E-09 6.9994E-09 7.6369E-09 8.2490E-09 8.8244E-09 9.3445E-09 9.7925E-09 1.0158E-08 1.0423E-08 1.0579E-08 1.0619E-08 1.0541E-08 1.0347E-08 1.0042E-08 9.6362E-09 9.1429E-09 8.5768E-09 7.9555E-09 7.2969E-09 6.6185E-09 5.9398E-09 5.2768E-09 4.6446E-09 4.0506E-09 3.5021E-09 3.0039E-09 2.5581E-09
0.0000E+00 0.0000E+00 0.0000E+00 2.8562E-12 9.2333E-12 1.7457E-11 2.8221E-11 4.5755E-11 6.7672E-11 9.7104E-11 1.3277E-10 1.7867E-10 2.4154E-10 3.1735E-10 4.0737E-10 5.1948E-10 6.4889E-10 8.1136E-10 9.9868E-10 1.2233E-09 1.4856E-09 1.7883E-09 2.1364E-09 2.5268E-09 2.9679E-09 3.4526E-09 3.9835E-09 4.5547E-09 5.1684E-09 5.8057E-09 6.4660E-09 7.1311E-09 7.7933E-09 8.4339E-09 9.0352E-09 9.5837E-09 1.0056E-08 1.0439E-08 1.0718E-08 1.0883E-08 1.0925E-08 1.0842E-08 1.0635E-08 1.0310E-08 9.8766E-09 9.3502E-09 8.7482E-09 8.0897E-09 7.3947E-09 6.6824E-09 5.9714E-09 5.2752E-09 4.6116E-09 3.9926E-09 3.4274E-09 2.9166E-09 2.4626E-09
0.0000E+00 0.0000E+00 0.0000E+00 2.9390E-12 9.1126E-12 1.7094E-11 2.8023E-11 4.5597E-11 6.7399E-11 9.6565E-11 1.3220E-10 1.7646E-10 2.3950E-10 3.1306E-10 4.0462E-10 5.1370E-10 6.4264E-10 8.0296E-10 9.8803E-10 1.2167E-09 1.4775E-09 1.7835E-09 2.1310E-09 2.5259E-09 2.9706E-09 3.4629E-09 4.0072E-09 4.5951E-09 5.2223E-09 5.8790E-09 6.5608E-09 7.2555E-09 7.9434E-09 8.6168E-09 9.2462E-09 9.8213E-09 1.0321E-08 1.0726E-08 1.1026E-08 1.1203E-08 1.1252E-08 1.1168E-08 1.0951E-08 1.0609E-08 1.0152E-08 9.5945E-09 8.9562E-09 8.2569E-09 7.5200E-09 6.7677E-09 6.0210E-09 5.2956E-09 4.6060E-09 3.9596E-09 3.3697E-09 2.8428E-09 2.3792E-09
0.0000E+00 0.0000E+00 0.0000E+00 2.9582E-12 8.8998E-12 1.6703E-11 2.7542E-11 4.5084E-11 6.6231E-11 9.4394E-11 1.2943E-10 1.7236E-10 2.3531E-10 3.0624E-10 3.9726E-10 5.0282E-10 6.3317E-10 7.8913E-10 9.7523E-10 1.1997E-09 1.4587E-09 1.7644E-09 2.1123E-09 2.5122E-09 2.9589E-09 3.4623E-09 4.0130E-09 4.6160E-09 5.2606E-09 5.9402E-09 6.6449E-09 7.3675E-09 8.0847E-09 8.7870E-09 9.4495E-09 1.0058E-08 1.0588E-08 1.1021E-08 1.1340E-08 1.1534E-08 1.1591E-08 1.1506E-08 1.1282E-08 1.0924E-08 1.0444E-08 9.8581E-09 9.1869E-09 8.4522E-09 7.6774E-09 6.8834E-09 6.0956E-09 5.3328E-09 4.6130E-09 3.9445E-09 3.3334E-09 2.7875E-09 2.3113E-09
0.0000E+00 0.0000E+00 0.0000E+00 2.9172E-12 8.5986E-12 1.6074E-11 2.6369E-11 4.3604E-11 6.4159E-11 9.1966E-11 1.2537E-10 1.6767E-10 2.2810E-10 2.9749E-10 3.8633E-10 4.8908E-10 6.1758E-10 7.6914E-10 9.5491E-10 1.1736E-09 1.4347E-09 1.7354E-09 2.0836E-09 2.4815E-09 2.9349E-09 3.4406E-09 4.0050E-09 4.6184E-09 5.2795E-09 5.9798E-09 6.7113E-09 7.4620E-09 8.2108E-09 8.9479E-09 9.6466E-09 1.0288E-08 1.0851E-08 1.1315E-08 1.1660E-08 1.1873E-08 1.1942E-08 1.1861E-08 1.1633E-08 1.1260E-08 1.0757E-08 1.0142E-08 9.4348E-09 8.6634E-09 7.8518E-09 7.0227E-09 6.1988E-09 5.3964E-09 4.6390E-09 3.9413E-09 3.3121E-09 2.7510E-09 2.2603E-09
0.0000E+00 0.0000E+00 0.0000E+00 2.7656E-12 8.0232E-12 1.5003E-11 2.4778E-11 4.1766E-11 6.1590E-11 8.8340E-11 1.1929E-10 1.6063E-10 2.1873E-10 2.8710E-10 3.7193E-10 4.7221E-10 5.9607E-10 7.4554E-10 9.2695E-10 1.1405E-09 1.3983E-09 1.6938E-09 2.0421E-09 2.4406E-09 2.8940E-09 3.4085E-09 3.9750E-09 4.6056E-09 5.2774E-09 6.0041E-09 6.7579E-09 7.5340E-09 8.3206E-09 9.0893E-09 9.8261E-09 1.0504E-08 1.1104E-08 1.1603E-08 1.1977E-08 1.2213E-08 1.2297E-08 1.2224E-08 1.1992E-08 1.1609E-08 1.1089E-08 1.0449E-08 9.7121E-09 8.9022E-09 8.0470E-09 7.1744E-09 6.3106E-09 5.4760E-09 4.6871E-09 3.9579E-09 3.3023E-09 2.7274E-09 2.2272E-09
0.0000E+00 0.0000E+00 0.0000E+00 2.5383E-12 7.3758E-12 1.3898E-11 2.3143E-11 3.9286E-11 5.7973E-11 8.3782E-11 1.1246E-10 1.5250E-10 2.0744E-10 2.7338E-10 3.5448E-10 4.5235E-10 5.7066E-10 7.1738E-10 8.9158E-10 1.1012E-09 1.3520E-09 1.6441E-09 1.9906E-09 2.3838E-09 2.8429E-09 3.3531E-09 3.9313E-09 4.5686E-09 5.2605E-09 6.0009E-09 6.7819E-09 7.5863E-09 8.4044E-09 9.2099E-09 9.9889E-09 1.0707E-08 1.1345E-08 1.1878E-08 1.2284E-08 1.2544E-08 1.2646E-08 1.2580E-08 1.2349E-08 1.1962E-08 1.1429E-08 1.0768E-08 1.0002E-08 9.1571E-09 8.2618E-09 7.3440E-09 6.4357E-09 5.5625E-09 4.7436E-09 3.9914E-09 3.3106E-09 2.7131E-09 2.2023E-09
0.0000E+00 0.0000E+00 0.0000E+00 2.3313E-12 6.6573E-12 1.2166E-11 2.1170E-11 3.6270E-11 5.3840E-11 7.8133E-11 1.0450E-10 1.4262E-10 1.9359E-10 2.5724E-10 3.3523E-10 4.2830E-10 5.4072E-10 6.8213E-10 8.5003E-10 1.0557E-09 1.2978E-09 1.5880E-09 1.9251E-09 2.3204E-09 2.7715E-09 3.2869E-09 3.8670E-09 4.5138E-09 5.2172E-09 5.9756E-09 6.7820E-09 7.6135E-09 8.4672E-09 9.3122E-09 1.0127E-08 1.0888E-08 1.1568E-08 1.2141E-08 1.2582E-08 1.2871E-08 1.2995E-08 1.2948E-08 1.2727E-08 1.2334E-08 1.1783E-08 1.1093E-08 1.0292E-08 9.4094E-09 8.4759E-09 7.5224E-09 6.5758E-09 5.6630E-09 4.8082E-09 4.0299E-09 3.3324E-09 2.7161E-09 2.1870E-09
0.0000E+00 0.0000E+00 0.0000E+00 2.0886E-12 5.7992E-12 1.0429E-11 1.8773E-11 3.3000E-11 4.9039E-11 7.1423E-11 9.6359E-11 1.3222E-10 1.7918E-10 2.3769E-10 3.1304E-10 4.0132E-10 5.0947E-10 6.4300E-10 8.0463E-10 1.0029E-09 1.2386E-09 1.5204E-09 1.8534E-09 2.2409E-09 2.6928E-09 3.2036E-09 3.7881E-09 4.4388E-09 5.1554E-09 5.9311E-09 6.7549E-09 7.6198E-09 8.5025E-09 9.3854E-09 1.0241E-08 1.1050E-08 1.1774E-08 1.2388E-08 1.2868E-08 1.3195E-08 1.3349E-08 1.3320E-08 1.3104E-08 1.2705E-08 1.2137E-08 1.1423E-08 1.0587E-08 9.6641E-09 8.6885E-09 7.6961E-09 6.7157E-09 5.7732E-09 4.8850E-09 4.0752E-09 3.3558E-09 2.7275E-09 2.1834E-09
0.0000E+00 0.0000E+00 0.0000E+00 1.5098E-12 5.0370E-12 8.7231E-12 1.6409E-11 2.8982E-11 4.3804E-11 6.4305E-11 8.7225E-11 1.2049E-10 1.6350E-10 2.1645E-10 2.8710E-10 3.7187E-10 4.7501E-10 6.0078E-10 7.5554E-10 9.4533E-10 1.1729E-09 1.4483E-09 1.7697E-09 2.1552E-09 2.5961E-09 3.1079E-09 3.6918E-09 4.3493E-09 5.0764E-09 5.8611E-09 6.7095E-09 7.6017E-09 8.5171E-09 9.4434E-09 1.0345E-08 1.1196E-08 1.1969E-08 1.2634E-08 1.3163E-08 1.3527E-08 1.3707E-08 1.3690E-08 1.3473E-08 1.3064E-08 1.2478E-08 1.1738E-08 1.0873E-08 9.9179E-09 8.9039E-09 7.8700E-09 6.8504E-09 5.8765E-09 4.9655E-09 4.1297E-09 3.3844E-09 2.7389E-09 2.1877E-09
0.0000E+00 0.0000E+00 0.0000E+00 9.3158E-13 3.6147E-12 6.9782E-12 1.3986E-11 2.4898E-11 3.8010E-11 5.6663E-11 7.7606E-11 1.0736E-10 1.4754E-10 1.9549E-10 2.6017E-10 3.4006E-10 4.3837E-10 5.5602E-10 7.0353E-10 8.8366E-10 1.1036E-09 1.3679E-09 1.6838E-09 2.0553E-09 2.4911E-09 2.9988E-09 3.5789E-09 4.2445E-09 4.9732E-09 5.7831E-09 6.6458E-09 7.5689E-09 8.5189E-09 9.4821E-09 1.0433E-08 1.1339E-08 1.2170E-08 1.2890E-08 1.3464E-08 1.3865E-08 1.4070E-08 1.4067E-08 1.3851E-08 1.3430E-08 1.2820E-08 1.2048E-08 1.1148E-08 1.0157E-08 9.1093E-09 8.0430E-09 6.9858E-09 5.9752E-09 5.0364E-09 4.1826E-09 3.4179E-09 2.7518E-09 2.1881E-09
0.0000E+00 0.0000E+00 0.0000E+00 4.6394E-13 2.2020E-12 4.9879E-12 1.1688E-11 2.0873E-11 3.1938E-11 4.9168E-11 6.8238E-11 9.4453E-11 1.3090E-10 1.7473E-10 2.3298E-10 3.0626E-10 3.9833E-10 5.0998E-10 6.4871E-10 8.2020E-10 1.0294E-09 1.2849E-09 1.5884E-09 1.9517E-09 2.3791E-09 2.8757E-09 3.4595E-09 4.1227E-09 4.8653E-09 5.6819E-09 6.5708E-09 7.5178E-09 8.5067E-09 9.5176E-09 1.0526E-08 1.1488E-08 1.2373E-08 1.3142E-08 1.3761E-08 1.4197E-08 1.4428E-08 1.4438E-08 1.4224E-08 1.3794E-08 1.3166E-08 1.2366E-08 1.1427E-08 1.0392E-08 9.3029E-09 8.2002E-09 7.1145E-09 6.0723E-09 5.1025E-09 4.2252E-09 3.4484E-09 2.7671E-09 2.1893E-09
0.0000E+00 0.0000E+00 0.0000E+00 0.0000E+00 1.0730E-12 3.4097E-12 8.9822E-12 1.6951E-11 2.5940E-11 4.0731E-11 5.8921E-11 8.1678E-11 1.1419E-10 1.5409E-10 2.0600E-10 2.7311E-10 3.5725E-10 4.6159E-10 5.9253E-10 7.5408E-10 9.5421E-10 1.1964E-09 1.4900E-09 1.8424E-09 2.2562E-09 2.7542E-09 3.3284E-09 3.9998E-09 4.7415E-09 5.5730E-09 6.4867E-09 7.4625E-09 8.5005E-09 9.5613E-09 1.0619E-08 1.1640E-08 1.2583E-08 1.3407E-08 1.4074E-08 1.4549E-08 1.4804E-08 1.4825E-08 1.4609E-08 1.4164E-08 1.3510E-08 1.2679E-08 1.1706E-08 1.0632E-08 9.4966E-09 8.3496E-09 7.2281E-09 6.1604E-09 5.1640E-09 4.2601E-09 3.4656E-09 2.7789E-09 2.1912E-09
0.0000E+00 0.0000E+00 0.0000E+00 0.0000E+00 9.4848E-14 1.7279E-12 6.1570E-12 1.3374E-11 2.0732E-11 3.3077E-11 4.9011E-11 6.9560E-11 9.8124E-11 1.3393E-10 1.8049E-10 2.4029E-10 3.1677E-10 4.1150E-10 5.3521E-10 6.8666E-10 8.7580E-10 1.1065E-09 1.3887E-09 1.7264E-09 2.1374E-09 2.6193E-09 3.1960E-09 3.8607E-09 4.6184E-09 5.4629E-09 6.4038E-09 7.4158E-09 8.4927E-09 9.6040E-09 1.0720E-08 1.1805E-08 1.2810E-08 1.3693E-08 1.4410E-08 1.4925E-08 1.5209E-08 1.5244E-08 1.5024E-08 1.4559E-08 1.3871E-08 1.2997E-08 1.1978E-08 1.0861E-08 9.6867E-09 8.4959E-09 7.3287E-09 6.2238E-09 5.2066E-09 4.2856E-09 3.4741E-09 2.7786E-09 2.1894E-09
0.0000E+00 0.0000E+00 0.0000E+00 0.0000E+00 0.0000E+00 3.8972E-13 3.4727E-12 9.1392E-12 1.5802E-11 2.5543E-11 3.9401E-11 5.7713E-11 8.2632E-11 1.1496E-10 1.5572E-10 2.0936E-10 2.7751E-10 3.6281E-10 4.7577E-10 6.1880E-10 7.9700E-10 1.0177E-09 1.2844E-09 1.6159E-09 2.0093E-09 2.4877E-09 3.0575E-09 3.7256E-09 4.4891E-09 5.3532E-09 6.3189E-09 7.3686E-09 8.4918E-09 9.6628E-09 1.0841E-08 1.1988E-08 1.3058E-08 1.4001E-08 1.4772E-08 1.5327E-08 1.5636E-08 1.5679E-08 1.5453E-08 1.4968E-08 1.4250E-08 1.3332E-08 1.2258E-08 1.1083E-08 9.8537E-09 8.6164E-09 7.4096E-09 6.2689E-09 5.2257E-09 4.2945E-09 3.4707E-09 2.7621E-09 2.1736E-09
0.0000E+00 0.0000E+00 0.0000E+00 0.0000E+00 0.0000E+00 0.0000E+00 1.3405E-12 5.9011E-12 1.1318E-11 1.9194E-11 3.0642E-11 4.6649E-11 6.7767E-11 9.6353E-11 1.3240E-10 1.7991E-10 2.4020E-10 3.1590E-10 4.1839E-10 5.5032E-10 7.2088E-10 9.2730E-10 1.1855E-09 1.4996E-09 1.8885E-09 2.3539E-09 2.9195E-09 3.5918E-09 4.3624E-09 5.2488E-09 6.2400E-09 7.3395E-09 8.5152E-09 9.7375E-09 1.0983E-08 1.2202E-08 1.3341E-08 1.4347E-08 1.5171E-08 1.5776E-08 1.6096E-08 1.6143E-08 1.5904E-08 1.5389E-08 1.4629E-08 1.3659E-08 1.2527E-08 1.1282E-08 9.9871E-09 8.6993E-09 7.4593E-09 6.2920E-09 5.2224E-09 4.2746E-09 3.4484E-09 2.7345E-09 2.1417E-09
0.0000E+00 0.0000E+00 0.0000E+00 0.0000E+00 0.0000E+00 0.0000E+00 8.5072E-14 2.4177E-12 7.0355E-12 1.3084E-11 2.2740E-11 3.6518E-11 5.4552E-11 7.9216E-11 1.1078E-10 1.5274E-10 2.0542E-10 2.7376E-10 3.6547E-10 4.8669E-10 6.4166E-10 8.4191E-10 1.0838E-09 1.3917E-09 1.7655E-09 2.2269E-09 2.7911E-09 3.4657E-09 4.2550E-09 5.1606E-09 6.2006E-09 7.3380E-09 8.5737E-09 9.8756E-09 1.1200E-08 1.2496E-08 1.3695E-08 1.4754E-08 1.5632E-08 1.6279E-08 1.6625E-08 1.6681E-08 1.6409E-08 1.5828E-08 1.4992E-08 1.3946E-08 1.2743E-08 1.1441E-08 1.0095E-08 8.7548E-09 7.4726E-09 6.2823E-09 5.1948E-09 4.2301E-09 3.3985E-09 2.6889E-09 2.0934E-09
0.0000E+00 0.0000E+00 0.0000E+00 0.0000E+00 0.0000E+00 0.0000E+00 0.0000E+00 4.7859E-13 3.7433E-12 8.5508E-12 1.5939E-11 2.7225E-11 4.2693E-11 6.3312E-11 9.1144E-11 1.2737E-10 1.7332E-10 2.3363E-10 3.1576E-10 4.2488E-10 5.6840E-10 7.5368E-10 9.9122E-10 1.2833E-09 1.6527E-09 2.1088E-09 2.6784E-09 3.3664E-09 4.1747E-09 5.1211E-09 6.2042E-09 7.4041E-09 8.7171E-09 1.0099E-08 1.1491E-08 1.2856E-08 1.4171E-08 1.5310E-08 1.6257E-08 1.6905E-08 1.7227E-08 1.7261E-08 1.6926E-08 1.6281E-08 1.5364E-08 1.4224E-08 1.2927E-08 1.1555E-08 1.0155E-08 8.7730E-09 7.4505E-09 6.2298E-09 5.1332E-09 4.1606E-09 3.3220E-09 2.6229E-09 2.0308E-09
0.0000E+00 0.0000E+00 0.0000E+00 0.0000E+00 0.0000E+00 0.0000E+00 0.0000E+00 4.5382E-14 8.2710E-13 4.4477E-12 1.0191E-11 1.8826E-11 3.1894E-11 4.9446E-11 7.2550E-11 1.0456E-10 1.4329E-10 1.9652E-10 2.6882E-10 3.6966E-10 4.9909E-10 6.7496E-10 8.9964E-10 1.1848E-09 1.5562E-09 2.0132E-09 2.6020E-09 3.3092E-09 4.1575E-09 5.1532E-09 6.2893E-09 7.5625E-09 8.9497E-09 1.0430E-08 1.1965E-08 1.3446E-08 1.4812E-08 1.6019E-08 1.6970E-08 1.7679E-08 1.7986E-08 1.7919E-08 1.7480E-08 1.6698E-08 1.5680E-08 1.4460E-08 1.3089E-08 1.1629E-08 1.0158E-08 8.7344E-09 7.3843E-09 6.1387E-09 5.0301E-09 4.0618E-09 3.2241E-09 2.5272E-09 1.9519E-09
0.0000E+00 0.0000E+00 0.0000E+00 0.0000E+00 0.0000E+00 0.0000E+00 0.0000E+00 0.0000E+00 3.4135E-13 1.3793E-12 5.4907E-12 1.2393E-11 2.2654E-11 3.6726E-11 5.6586E-11 8.3430E-11 1.1781E-10 1.6300E-10 2.2690E-10 3.2070E-10 4.4056E-10 6.0260E-10 8.1584E-10 1.1076E-09 1.4862E-09 1.9605E-09 2.5627E-09 3.3043E-09 4.2021E-09 5.2674E-09 6.5053E-09 7.9035E-09 9.4258E-09 1.1063E-08 1.2683E-08 1.4224E-08 1.5709E-08 1.7032E-08 1.8003E-08 1.8609E-08 1.8811E-08 1.8595E-08 1.8027E-08 1.7152E-08 1.5998E-08 1.4644E-08 1.3176E-08 1.1649E-08 1.0109E-08 8.6309E-09 7.2582E-09 6.0014E-09 4.8853E-09 3.9230E-09 3.0972E-09 2.4120E-09 1.8537E-09
0.0000E+00 0.0000E+00 0.0000E+00 0.0000E+00 0.0000E+00 0.0000E+00 0.0000E+00 0.0000E+00 0.0000E+00 5.8772E-13 1.8715E-12 6.8552E-12 1.4730E-11 2.6448E-11 4.1760E-11 6.3850E-11 9.3773E-11 1.3516E-10 1.8975E-10 2.7671E-10 3.8831E-10 5.4171E-10 7.6931E-10 1.0452E-09 1.4585E-09 1.9513E-09 2.5980E-09 3.4149E-09 4.4046E-09 5.5874E-09 6.9188E-09 8.4236E-09 1.0161E-08 1.1991E-08 1.3835E-08 1.5527E-08 1.7136E-08 1.8360E-08 1.9190E-08 1.9671E-08 1.9737E-08 1.9374E-08 1.8620E-08 1.7565E-08 1.6271E-08 1.4785E-08 1.3195E-08 1.1579E-08 9.9908E-09 8.4674E-09 7.0664E-09 5.8118E-09 4.6995E-09 3.7449E-09 2.9466E-09 2.2718E-09 1.7361E-09
0.0000E+00 0.0000E+00 0.0000E+00 0.0000E+00 0.0000E+00 0.0000E+00 0.0000E+00 0.0000E+00 0.0000E+00 7.4308E-14 7.8100E-13 2.3494E-12 7.9108E-12 1.7063E-11 3.0108E-11 4.7281E-11 7.1977E-11 1.0929E-10 1.5906E-10 2.3960E-10 3.4258E-10 5.1188E-10 7.3343E-10 1.0409E-09 1.4508E-09 2.0188E-09 2.7283E-09 3.6561E-09 4.8029E-09 6.1709E-09 7.7715E-09 9.6446E-09 1.1669E-08 1.3648E-08 1.5717E-08 1.7531E-08 1.9001E-08 2.0087E-08 2.0760E-08 2.0986E-08 2.0782E-08 2.0186E-08 1.9229E-08 1.7958E-08 1.6475E-08 1.4853E-08 1.3139E-08 1.1424E-08 9.7813E-09 8.2336E-09 6.8133E-09 5.5616E-09 4.4703E-09 3.5353E-09 2.7587E-09 2.1184E-09 1.6051E-09
0.0000E+00 0.0000E+00 0.0000E+00 0.0000E+00 0.0000E+00 0.0000E+00 0.0000E+00 0.0000E+00 0.0000E+00 0.0000E+00 2.2453E-13 9.1755E-13 2.7093E-12 8.9918E-12 1.9488E-11 3.4470E-11 5.5217E-11 8.7618E-11 1.3189E-10 2.0898E-10 3.2707E-10 4.8760E-10 7.3202E-10 1.0621E-09 1.5470E-09 2.1852E-09 3.0473E-09 4.1648E-09 5.5134E-09 7.2012E-09 9.3222E-09 1.1715E-08 1.4247E-08 1.6834E-08 1.8931E-08 2.0535E-08 2.1645E-08 2.2357E-08 2.2653E-08 2.2514E-08 2.1951E-08 2.1025E-08 1.9794E-08 1.8295E-08 1.6597E-08 1.4806E-08 1.2985E-08 1.1182E-08 9.4795E-09 7.9177E-09 6.4994E-09 5.2555E-09 4.1948E-09 3.2935E-09 2.5514E-09 1.9475E-09 1.4589E-09
