Assets/Resources/2015_m01_d29_1400(utc+0800)_l00_csi_1hr_conc.grd
DSAA
         159         159
     -79.000      79.000
     -79.000      79.000
  0.0000E+00  0.1276E-05
[rows 75 to 99 of 159, columns 0 to 56 of 159]
0.0000E+00 0.0000E+00 0.0000E+00 0.0000E+00 0.0000E+00 0.0000E+00 0.0000E+00 0.0000E+00 0.0000E+00 0.0000E+00 1.6338E-13 5.0340E-13 1.0326E-12 1.6021E-12 2.2278E-12 3.0755E-12 4.3258E-12 5.5147E-12 6.6307E-12 7.9094E-12 9.3557E-12 1.0682E-11 1.2191E-11 1.4073E-11 1.5920E-11 1.7915E-11 2.0067E-11 2.2396E-11 2.4900E-11 2.7335E-11 3.0490E-11 3.3578E-11 3.6387E-11 4.0196E-11 4.3440E-11 4.7481E-11 5.1491E-11 5.5799E-11 6.0367E-11 6.5257E-11 7.0443E-11 7.5675E-11 8.1812E-11 8.7427E-11 9.3983E-11 1.0060E-10 1.0761E-10 1.1531E-10 1.2326E-10 1.3246E-10 1.4268E-10 1.5416E-10 1.6586E-10 1.7848E-10 1.9234E-10 2.0565E-10 2.1977E-10
0.0000E+00 0.0000E+00 0.0000E+00 0.0000E+00 0.0000E+00 0.0000E+00 0.0000E+00 0.0000E+00 0.0000E+00 0.0000E+00 1.5520E-13 3.2688E-13 6.7487E-13 1.0586E-12 1.6426E-12 2.7723E-12 3.8107E-12 4.7781E-12 5.8339E-12 7.2094E-12 8.2920E-12 9.9553E-12 1.1397E-11 1.2958E-11 1.4714E-11 1.6866E-11 1.8933E-11 2.1158E-11 2.3297E-11 2.6136E-11 2.8912E-11 3.1364E-11 3.4818E-11 3.8212E-11 4.1329E-11 4.5194E-11 4.8785E-11 5.3450E-11 5.7563E-11 6.2533E-11 6.7513E-11 7.2537E-11 7.8436E-11 8.3826E-11 9.0127E-11 9.6482E-11 1.0322E-10 1.1031E-10 1.1826E-10 1.2712E-10 1.3665E-10 1.4712E-10 1.5890E-10 1.7150E-10 1.8444E-10 1.9775E-10 2.1137E-10
0.0000E+00 0.0000E+00 0.0000E+00 0.0000E+00 0.0000E+00 0.0000E+00 0.0000E+00 0.0000E+00 0.0000E+00 0.0000E+00 0.0000E+00 1.5870E-13 3.3442E-13 8.5039E-13 1.4068E-12 2.1711E-12 2.9979E-12 3.9049E-12 5.0608E-12 6.4799E-12 7.7365E-12 9.1603E-12 1.0463E-11 1.1944E-11 1.3800E-11 1.5621E-11 1.7584E-11 1.9702E-11 2.2245E-11 2.4721E-11 2.6854E-11 2.9972E-11 3.3285E-11 3.5761E-11 3.9524E-11 4.2962E-11 4.6671E-11 5.0877E-11 5.4826E-11 5.9586E-11 6.4369E-11 6.9460E-11 7.4558E-11 8.0294E-11 8.6343E-11 9.2153E-11 9.8908E-11 1.0572E-10 1.1293E-10 1.2144E-10 1.3061E-10 1.4070E-10 1.5204E-10 1.6420E-10 1.7609E-10 1.8995E-10 2.0309E-10
0.0000E+00 0.0000E+00 0.0000E+00 0.0000E+00 0.0000E+00 0.0000E+00 0.0000E+00 0.0000E+00 0.0000E+00 0.0000E+00 0.0000E+00 0.0000E+00 1.6199E-13 5.0138E-13 1.0280E-12 1.5955E-12 2.2202E-12 3.5558E-12 4.6538E-12 5.6856E-12 6.8736E-12 7.9263E-12 9.5570E-12 1.1141E-11 1.2915E-11 1.4646E-11 1.6515E-11 1.8549E-11 2.0736E-11 2.3092E-11 2.5628E-11 2.8614E-11 3.1274E-11 3.4155E-11 3.7760E-11 4.0530E-11 4.4606E-11 4.8099E-11 5.2419E-11 5.6705E-11 6.1301E-11 6.6166E-11 7.1058E-11 7.6834E-11 8.2059E-11 8.8203E-11 9.4378E-11 1.0092E-10 1.0813E-10 1.1600E-10 1.2467E-10 1.3482E-10 1.4529E-10 1.5700E-10 1.6890E-10 1.8122E-10 1.9492E-10
0.0000E+00 0.0000E+00 0.0000E+00 0.0000E+00 0.0000E+00 0.0000E+00 0.0000E+00 0.0000E+00 0.0000E+00 0.0000E+00 0.0000E+00 0.0000E+00 0.0000E+00 3.2365E-13 6.6825E-13 1.0491E-12 1.9526E-12 2.7577E-12 3.6341E-12 4.7568E-12 5.8130E-12 7.5325E-12 8.6925E-12 1.0200E-11 1.1649E-11 1.3471E-11 1.5256E-11 1.7430E-11 1.9512E-11 2.1757E-11 2.4188E-11 2.6793E-11 2.9329E-11 3.2589E-11 3.5513E-11 3.8686E-11 4.2318E-11 4.5668E-11 5.0068E-11 5.3901E-11 5.8573E-11 6.3231E-11 6.7914E-11 7.3450E-11 7.8451E-11 8.4339E-11 9.0253E-11 9.6522E-11 1.0312E-10 1.1055E-10 1.1887E-10 1.2831E-10 1.3869E-10 1.4892E-10 1.6139E-10 1.7370E-10 1.8690E-10
0.0000E+00 0.0000E+00 0.0000E+00 0.0000E+00 0.0000E+00 0.0000E+00 0.0000E+00 0.0000E+00 0.0000E+00 0.0000E+00 0.0000E+00 0.0000E+00 0.0000E+00 1.5621E-13 3.2960E-13 8.4051E-13 1.3919E-12 1.9915E-12 2.8131E-12 4.0311E-12 5.3570E-12 6.6739E-12 7.6959E-12 9.1262E-12 1.0840E-11 1.2578E-11 1.4270E-11 1.6096E-11 1.8088E-11 2.0230E-11 2.2791E-11 2.5014E-11 2.7947E-11 3.0811E-11 3.3351E-11 3.6890E-11 3.9832E-11 4.3564E-11 4.7229E-11 5.1176E-11 5.5632E-11 5.9823E-11 6.4845E-11 6.9579E-11 7.4928E-11 8.0563E-11 8.5933E-11 9.2223E-11 9.8536E-11 1.0565E-10 1.1363E-10 1.2224E-10 1.3221E-10 1.4249E-10 1.5402E-10 1.6585E-10 1.7799E-10
0.0000E+00 0.0000E+00 0.0000E+00 0.0000E+00 0.0000E+00 0.0000E+00 0.0000E+00 0.0000E+00 0.0000E+00 0.0000E+00 0.0000E+00 0.0000E+00 0.0000E+00 0.0000E+00 1.5872E-13 4.9343E-13 8.5536E-13 1.4170E-12 2.3514E-12 3.3538E-12 4.4428E-12 5.6235E-12 6.8076E-12 8.4275E-12 9.8988E-12 1.1308E-11 1.3089E-11 1.4831E-11 1.6959E-11 1.8991E-11 2.1181E-11 2.3557E-11 2.6359E-11 2.8568E-11 3.1761E-11 3.4875E-11 3.7694E-11 4.1516E-11 4.4483E-11 4.8788E-11 5.2773E-11 5.7051E-11 6.1573E-11 6.6103E-11 7.1491E-11 7.6306E-11 8.2010E-11 8.7719E-11 9.3770E-11 1.0045E-10 1.0778E-10 1.1633E-10 1.2543E-10 1.3575E-10 1.4684E-10 1.5863E-10 1.7028E-10
0.0000E+00 0.0000E+00 0.0000E+00 0.0000E+00 0.0000E+00 0.0000E+00 0.0000E+00 0.0000E+00 0.0000E+00 0.0000E+00 0.0000E+00 0.0000E+00 0.0000E+00 0.0000E+00 0.0000E+00 1.6098E-13 5.0133E-13 1.0274E-12 1.6048E-12 2.5546E-12 3.5730E-12 4.6791E-12 6.0572E-12 7.4377E-12 8.8289E-12 1.0333E-11 1.1783E-11 1.3840E-11 1.5380E-11 1.7558E-11 1.9644E-11 2.2148E-11 2.4303E-11 2.7170E-11 2.9963E-11 3.2418E-11 3.5876E-11 3.8987E-11 4.2353E-11 4.6186E-11 4.9735E-11 5.4354E-11 5.8394E-11 6.2995E-11 6.7860E-11 7.2738E-11 7.8188E-11 8.3640E-11 8.9420E-11 9.5494E-11 1.0237E-10 1.1012E-10 1.1897E-10 1.2872E-10 1.3937E-10 1.5009E-10 1.6229E-10
0.0000E+00 0.0000E+00 0.0000E+00 0.0000E+00 0.0000E+00 0.0000E+00 0.0000E+00 0.0000E+00 0.0000E+00 0.0000E+00 0.0000E+00 0.0000E+00 0.0000E+00 0.0000E+00 0.0000E+00 0.0000E+00 3.2099E-13 5.0842E-13 1.2052E-12 1.9472E-12 2.5939E-12 3.9630E-12 5.2594E-12 6.3998E-12 7.8076E-12 9.3970E-12 1.0926E-11 1.2422E-11 1.4352E-11 1.6424E-11 1.8399E-11 2.0525E-11 2.2838E-11 2.5571E-11 2.7699E-11 3.0813E-11 3.4112E-11 3.6560E-11 4.0285E-11 4.3401E-11 4.7324E-11 5.1457E-11 5.5317E-11 5.9974E-11 6.4049E-11 6.9268E-11 7.4185E-11 7.9385E-11 8.5186E-11 9.0982E-11 9.7551E-11 1.0464E-10 1.1342E-10 1.2233E-10 1.3297E-10 1.4323E-10 1.5434E-10
0.0000E+00 0.0000E+00 0.0000E+00 0.0000E+00 0.0000E+00 0.0000E+00 0.0000E+00 0.0000E+00 0.0000E+00 0.0000E+00 0.0000E+00 0.0000E+00 0.0000E+00 0.0000E+00 0.0000E+00 0.0000E+00 0.0000E+00 3.2480E-13 8.3154E-13 1.2211E-12 2.1382E-12 3.1227E-12 4.0211E-12 5.3377E-12 6.8321E-12 8.3384E-12 9.9597E-12 1.1361E-11 1.3129E-11 1.4847E-11 1.6964E-11 1.8988E-11 2.1423E-11 2.3768E-11 2.6293E-11 2.9006E-11 3.1365E-11 3.4730E-11 3.8007E-11 4.0987E-11 4.4984E-11 4.8115E-11 5.2600E-11 5.6763E-11 6.0920E-11 6.5897E-11 7.0292E-11 7.5539E-11 8.0767E-11 8.6308E-11 9.2443E-11 9.9196E-11 1.0715E-10 1.1609E-10 1.2527E-10 1.3567E-10 1.4674E-10
0.0000E+00 0.0000E+00 0.0000E+00 0.0000E+00 0.0000E+00 0.0000E+00 0.0000E+00 0.0000E+00 0.0000E+00 0.0000E+00 0.0000E+00 0.0000E+00 0.0000E+00 0.0000E+00 0.0000E+00 0.0000E+00 0.0000E+00 0.0000E+00 3.2805E-13 8.4080E-13 1.5579E-12 2.1646E-12 3.1626E-12 4.5648E-12 5.9761E-12 7.3355E-12 8.6272E-12 1.0111E-11 1.1953E-11 1.3823E-11 1.5585E-11 1.7502E-11 1.9816E-11 2.2039E-11 2.4692E-11 2.6733E-11 2.9756E-11 3.2959E-11 3.5297E-11 3.8911E-11 4.2171E-11 4.5694E-11 4.9687E-11 5.3391E-11 5.7886E-11 6.2056E-11 6.6809E-11 7.1806E-11 7.6493E-11 8.2062E-11 8.7601E-11 9.3908E-11 1.0105E-10 1.0927E-10 1.1835E-10 1.2832E-10 1.3887E-10
0.0000E+00 0.0000E+00 0.0000E+00 0.0000E+00 0.0000E+00 0.0000E+00 0.0000E+00 0.0000E+00 0.0000E+00 0.0000E+00 0.0000E+00 0.0000E+00 0.0000E+00 0.0000E+00 0.0000E+00 0.0000E+00 0.0000E+00 0.0000E+00 1.5635E-13 4.8988E-13 8.4860E-13 1.5744E-12 2.3505E-12 3.3675E-12 4.7863E-12 6.2161E-12 7.5936E-12 9.1575E-12 1.0904E-11 1.2612E-11 1.4267E-11 1.6071E-11 1.8269E-11 2.0627E-11 2.2891E-11 2.5076E-11 2.7950E-11 3.0207E-11 3.3466E-11 3.6904E-11 3.9484E-11 4.3351E-11 4.6334E-11 5.0671E-11 5.4667E-11 5.8643E-11 6.3435E-11 6.7617E-11 7.2645E-11 7.7635E-11 8.2923E-11 8.8791E-11 9.5723E-11 1.0343E-10 1.1211E-10 1.2206E-10 1.3113E-10
0.0000E+00 0.0000E+00 0.0000E+00 0.0000E+00 0.0000E+00 0.0000E+00 0.0000E+00 0.0000E+00 0.0000E+00 0.0000E+00 0.0000E+00 0.0000E+00 0.0000E+00 0.0000E+00 0.0000E+00 0.0000E+00 0.0000E+00 0.0000E+00 0.0000E+00 1.5728E-13 4.9361E-13 1.0176E-12 1.5881E-12 2.6982E-12 3.7279E-12 4.8346E-12 6.4527E-12 8.0860E-12 9.6739E-12 1.1284E-11 1.2776E-11 1.4713E-11 1.6795E-11 1.8771E-11 2.1169E-11 2.3479E-11 2.5681E-11 2.8603E-11 3.1698E-11 3.3920E-11 3.7412E-11 4.0536E-11 4.3917E-11 4.7757E-11 5.1295E-11 5.5614E-11 5.9890E-11 6.4142E-11 6.8921E-11 7.3368E-11 7.8689E-11 8.3958E-11 9.0432E-11 9.7321E-11 1.0574E-10 1.1465E-10 1.2375E-10
0.0000E+00 0.0000E+00 0.0000E+00 0.0000E+00 0.0000E+00 0.0000E+00 0.0000E+00 0.0000E+00 0.0000E+00 0.0000E+00 0.0000E+00 0.0000E+00 0.0000E+00 0.0000E+00 0.0000E+00 0.0000E+00 0.0000E+00 0.0000E+00 0.0000E+00 0.0000E+00 1.5792E-13 4.9646E-13 1.0245E-12 1.9252E-12 2.7192E-12 3.9298E-12 5.4480E-12 6.7539E-12 8.4107E-12 9.7763E-12 1.1409E-11 1.3409E-11 1.5379E-11 1.7496E-11 1.9267E-11 2.1697E-11 2.4036E-11 2.6808E-11 2.8958E-11 3.2099E-11 3.5413E-11 3.7860E-11 4.1585E-11 4.4413E-11 4.8587E-11 5.2406E-11 5.6192E-11 6.0784E-11 6.5044E-11 6.9541E-11 7.4595E-11 7.9304E-11 8.5325E-11 9.1543E-11 9.9881E-11 1.0736E-10 1.1703E-10
0.0000E+00 0.0000E+00 0.0000E+00 0.0000E+00 0.0000E+00 0.0000E+00 0.0000E+00 0.0000E+00 0.0000E+00 0.0000E+00 0.0000E+00 0.0000E+00 0.0000E+00 0.0000E+00 0.0000E+00 0.0000E+00 0.0000E+00 0.0000E+00 0.0000E+00 0.0000E+00 0.0000E+00 1.5827E-13 4.9841E-13 1.1869E-12 1.9372E-12 3.0683E-12 3.9582E-12 5.4904E-12 7.1392E-12 8.6490E-12 1.0353E-11 1.2183E-11 1.4042E-11 1.6042E-11 1.7685E-11 1.9990E-11 2.2456E-11 2.4556E-11 2.7367E-11 3.0086E-11 3.2447E-11 3.5803E-11 3.8785E-11 4.2015E-11 4.5976E-11 4.9055E-11 5.3186E-11 5.7262E-11 6.1297E-11 6.5847E-11 7.0342E-11 7.5106E-11 8.0093E-11 8.6283E-11 9.3346E-11 1.0146E-10 1.1054E-10
0.0000E+00 0.0000E+00 0.0000E+00 0.0000E+00 0.0000E+00 0.0000E+00 0.0000E+00 0.0000E+00 0.0000E+00 0.0000E+00 0.0000E+00 0.0000E+00 0.0000E+00 0.0000E+00 0.0000E+00 0.0000E+00 0.0000E+00 0.0000E+00 0.0000E+00 0.0000E+00 0.0000E+00 0.0000E+00 1.5834E-13 6.6017E-13 1.3542E-12 1.9456E-12 3.0844E-12 4.1478E-12 5.5229E-12 7.4225E-12 9.1223E-12 1.0845E-11 1.2531E-11 1.4166E-11 1.6191E-11 1.8367E-11 2.0434E-11 2.2933E-11 2.5593E-11 2.7631E-11 3.0645E-11 3.3825E-11 3.6134E-11 3.9707E-11 4.2374E-11 4.6374E-11 5.0006E-11 5.3594E-11 5.7974E-11 6.2007E-11 6.6261E-11 7.1058E-11 7.5490E-11 8.1222E-11 8.7603E-11 9.5196E-11 1.0340E-10
0.0000E+00 0.0000E+00 0.0000E+00 0.0000E+00 0.0000E+00 0.0000E+00 0.0000E+00 0.0000E+00 0.0000E+00 0.0000E+00 0.0000E+00 0.0000E+00 0.0000E+00 0.0000E+00 0.0000E+00 0.0000E+00 0.0000E+00 0.0000E+00 0.0000E+00 0.0000E+00 0.0000E+00 0.0000E+00 0.0000E+00 1.5812E-13 6.6118E-13 1.3571E-12 2.1181E-12 3.0948E-12 4.5639E-12 6.1239E-12 7.8721E-12 9.4221E-12 1.0915E-11 1.2618E-11 1.4522E-11 1.6570E-11 1.8771E-11 2.1129E-11 2.3121E-11 2.5810E-11 2.8660E-11 3.0893E-11 3.4105E-11 3.6403E-11 4.0008E-11 4.3797E-11 4.6694E-11 5.0628E-11 5.4495E-11 5.8307E-11 6.2618E-11 6.6562E-11 7.1353E-11 7.6051E-11 8.2392E-11 8.9141E-11 9.6511E-11
0.0000E+00 0.0000E+00 0.0000E+00 0.0000E+00 0.0000E+00 0.0000E+00 0.0000E+00 0.0000E+00 0.0000E+00 0.0000E+00 0.0000E+00 0.0000E+00 0.0000E+00 0.0000E+00 0.0000E+00 0.0000E+00 0.0000E+00 0.0000E+00 0.0000E+00 0.0000E+00 0.0000E+00 0.0000E+00 0.0000E+00 0.0000E+00 1.5760E-13 6.6096E-13 1.3576E-12 2.1216E-12 3.4359E-12 4.5780E-12 6.1459E-12 7.9041E-12 9.4649E-12 1.1222E-11 1.3179E-11 1.5106E-11 1.7179E-11 1.9142E-11 2.1525E-11 2.4064E-11 2.6242E-11 2.9120E-11 3.1362E-11 3.4326E-11 3.7736E-11 4.0241E-11 4.4056E-11 4.7494E-11 5.0878E-11 5.5037E-11 5.8838E-11 6.2842E-11 6.7373E-11 7.1524E-11 7.6955E-11 8.3033E-11 9.0761E-11
0.0000E+00 0.0000E+00 0.0000E+00 0.0000E+00 0.0000E+00 0.0000E+00 0.0000E+00 0.0000E+00 0.0000E+00 0.0000E+00 0.0000E+00 0.0000E+00 0.0000E+00 0.0000E+00 0.0000E+00 0.0000E+00 0.0000E+00 0.0000E+00 0.0000E+00 0.0000E+00 0.0000E+00 0.0000E+00 0.0000E+00 0.0000E+00 0.0000E+00 1.5681E-13 6.5953E-13 1.1986E-12 2.1211E-12 3.4390E-12 4.7532E-12 6.1565E-12 7.9217E-12 9.8949E-12 1.1671E-11 1.3477E-11 1.5423E-11 1.7515E-11 1.9759E-11 2.1896E-11 2.4458E-11 2.6647E-11 2.9275E-11 3.2336E-11 3.4487E-11 3.7920E-11 4.1526E-11 4.4240E-11 4.7968E-11 5.1342E-11 5.5203E-11 5.9269E-11 6.2956E-11 6.7470E-11 7.1874E-11 7.7907E-11 8.4383E-11
0.0000E+00 0.0000E+00 0.0000E+00 0.0000E+00 0.0000E+00 0.0000E+00 0.0000E+00 0.0000E+00 0.0000E+00 0.0000E+00 0.0000E+00 0.0000E+00 0.0000E+00 0.0000E+00 0.0000E+00 0.0000E+00 0.0000E+00 0.0000E+00 0.0000E+00 0.0000E+00 0.0000E+00 0.0000E+00 0.0000E+00 0.0000E+00 0.0000E+00 0.0000E+00 0.0000E+00 6.5689E-13 1.3602E-12 2.2854E-12 3.2789E-12 4.7523E-12 6.2350E-12 8.1661E-12 1.0153E-11 1.1943E-11 1.3764E-11 1.5724E-11 1.7833E-11 2.0094E-11 2.2242E-11 2.4553E-11 2.7287E-11 2.9378E-11 3.2457E-11 3.5429E-11 3.8036E-11 4.1659E-11 4.4345E-11 4.8074E-11 5.2004E-11 5.5272E-11 5.9319E-11 6.3266E-11 6.7448E-11 7.2568E-11 7.8800E-11
0.0000E+00 0.0000E+00 0.0000E+00 0.0000E+00 0.0000E+00 0.0000E+00 0.0000E+00 0.0000E+00 0.0000E+00 0.0000E+00 0.0000E+00 0.0000E+00 0.0000E+00 0.0000E+00 0.0000E+00 0.0000E+00 0.0000E+00 0.0000E+00 0.0000E+00 0.0000E+00 0.0000E+00 0.0000E+00 0.0000E+00 0.0000E+00 0.0000E+00 0.0000E+00 0.0000E+00 0.0000E+00 6.5305E-13 1.2003E-12 2.2788E-12 3.1154E-12 4.9832E-12 6.4843E-12 8.5791E-12 1.0406E-11 1.2206E-11 1.4038E-11 1.6010E-11 1.7865E-11 2.0387E-11 2.2813E-11 2.4863E-11 2.7613E-11 3.0254E-11 3.2519E-11 3.5772E-11 3.8365E-11 4.1718E-11 4.5234E-11 4.8394E-11 5.2019E-11 5.5552E-11 5.9265E-11 6.3497E-11 6.7606E-11 7.3319E-11
0.0000E+00 0.0000E+00 0.0000E+00 0.0000E+00 0.0000E+00 0.0000E+00 0.0000E+00 0.0000E+00 0.0000E+00 0.0000E+00 0.0000E+00 0.0000E+00 0.0000E+00 0.0000E+00 0.0000E+00 0.0000E+00 0.0000E+00 0.0000E+00 0.0000E+00 0.0000E+00 0.0000E+00 0.0000E+00 0.0000E+00 0.0000E+00 0.0000E+00 0.0000E+00 0.0000E+00 0.0000E+00 0.0000E+00 6.4803E-13 1.1945E-12 2.2680E-12 3.3418E-12 5.1384E-12 6.4723E-12 8.5623E-12 1.0391E-11 1.2196E-11 1.4032E-11 1.6254E-11 1.8637E-11 2.0656E-11 2.3095E-11 2.5419E-11 2.7634E-11 3.0544E-11 3.2805E-11 3.5783E-11 3.9206E-11 4.1703E-11 4.5211E-11 4.8623E-11 5.1942E-11 5.5730E-11 5.9407E-11 6.3302E-11 6.7676E-11
0.0000E+00 0.0000E+00 0.0000E+00 0.0000E+00 0.0000E+00 0.0000E+00 0.0000E+00 0.0000E+00 0.0000E+00 0.0000E+00 0.0000E+00 0.0000E+00 0.0000E+00 0.0000E+00 0.0000E+00 0.0000E+00 0.0000E+00 0.0000E+00 0.0000E+00 0.0000E+00 0.0000E+00 0.0000E+00 0.0000E+00 0.0000E+00 0.0000E+00 0.0000E+00 0.0000E+00 0.0000E+00 0.0000E+00 0.0000E+00 6.4187E-13 1.1866E-12 2.2530E-12 3.3263E-12 4.9540E-12 6.4484E-12 8.5299E-12 1.0357E-11 1.2163E-11 1.4743E-11 1.6739E-11 1.8881E-11 2.0904E-11 2.3078E-11 2.5669E-11 2.7880E-11 3.0519E-11 3.3320E-11 3.5730E-11 3.9154E-11 4.2181E-11 4.5107E-11 4.8787E-11 5.2075E-11 5.5526E-11 5.9474E-11 6.2996E-11
0.0000E+00 0.0000E+00 0.0000E+00 0.0000E+00 0.0000E+00 0.0000E+00 0.0000E+00 0.0000E+00 0.0000E+00 0.0000E+00 0.0000E+00 0.0000E+00 0.0000E+00 0.0000E+00 0.0000E+00 0.0000E+00 0.0000E+00 0.0000E+00 0.0000E+00 0.0000E+00 0.0000E+00 0.0000E+00 0.0000E+00 0.0000E+00 0.0000E+00 0.0000E+00 0.0000E+00 0.0000E+00 0.0000E+00 0.0000E+00 0.0000E+00 4.7524E-13 1.1766E-12 2.2444E-12 3.3047E-12 4.7627E-12 6.4127E-12 8.3208E-12 1.0552E-11 1.2863E-11 1.4957E-11 1.6692E-11 1.8834E-11 2.1120E-11 2.3020E-11 2.5611E-11 2.8085E-11 3.0439E-11 3.3504E-11 3.6183E-11 3.9032E-11 4.2316E-11 4.5225E-11 4.8581E-11 5.2109E-11 5.5224E-11 5.9128E-11
0.0000E+00 0.0000E+00 0.0000E+00 0.0000E+00 0.0000E+00 0.0000E+00 0.0000E+00 0.0000E+00 0.0000E+00 0.0000E+00 0.0000E+00 0.0000E+00 0.0000E+00 0.0000E+00 0.0000E+00 0.0000E+00 0.0000E+00 0.0000E+00 0.0000E+00 0.0000E+00 0.0000E+00 0.0000E+00 0.0000E+00 0.0000E+00 0.0000E+00 0.0000E+00 0.0000E+00 0.0000E+00 0.0000E+00 0.0000E+00 0.0000E+00 0.0000E+00 0.0000E+00 1.1644E-12 1.7558E-12 3.2773E-12 4.2571E-12 6.3655E-12 8.1290E-12 1.0981E-11 1.3033E-11 1.4888E-11 1.6881E-11 1.8754E-11 2.1036E-11 2.3453E-11 2.5770E-11 2.8243E-11 3.0587E-11 3.3362E-11 3.6574E-11 3.8840E-11 4.2102E-11 4.5538E-11 4.8288E-11 5.1775E-11 5.5128E-11
