Assets/Resources/2015_m01_d09_0300(utc+0800)_l00_csi_1hr_conc.grd
DSAA
         159         159
     -79.000      79.000
     -79.000      79.000
  0.4460E-09  0.1843E-04
[rows 0 to 24 of 159, columns 57 to 113 of 159]
1.2682E-09 1.2847E-09 1.3007E-09 1.3171E-09 1.3329E-09 1.3487E-09 1.3644E-09 1.3800E-09 1.3954E-09 1.4108E-09 1.4260E-09 1.4411E-09 1.4565E-09 1.4713E-09 1.4864E-09 1.5008E-09 1.5151E-09 1.5297E-09 1.5437E-09 1.5579E-09 1.5714E-09 1.5847E-09 1.5978E-09 1.6107E-09 1.6233E-09 1.6357E-09 1.6478E-09 1.6602E-09 1.6718E-09 1.6831E-09 1.6947E-09 1.7055E-09 1.7159E-09 1.7261E-09 1.7365E-09 1.7460E-09 1.7561E-09 1.7655E-09 1.7741E-09 1.7832E-09 1.7911E-09 1.7988E-09 1.8068E-09 1.8145E-09 1.8211E-09 1.8273E-09 1.8339E-09 1.8394E-09 1.8453E-09 1.8508E-09 1.8552E-09 1.8591E-09 1.8635E-09 1.8667E-09 1.8695E-09 1.8719E-09 1.8739E-09
1.2870E-09 1.3033E-09 1.3200E-09 1.3362E-09 1.3524E-09 1.3684E-09 1.3843E-09 1.4002E-09 1.4159E-09 1.4315E-09 1.4474E-09 1.4627E-09 1.4779E-09 1.4934E-09 1.5083E-09 1.5235E-09 1.5380E-09 1.5529E-09 1.5670E-09 1.5810E-09 1.5948E-09 1.6083E-09 1.6216E-09 1.6347E-09 1.6476E-09 1.6606E-09 1.6730E-09 1.6851E-09 1.6974E-09 1.7089E-09 1.7201E-09 1.7316E-09 1.7423E-09 1.7534E-09 1.7635E-09 1.7737E-09 1.7839E-09 1.7931E-09 1.8026E-09 1.8111E-09 1.8200E-09 1.8278E-09 1.8352E-09 1.8430E-09 1.8505E-09 1.8596E-09 1.8656E-09 1.8720E-09 1.8772E-09 1.8820E-09 1.8865E-09 1.8922E-09 1.8959E-09 1.9000E-09 1.9028E-09 1.9051E-09 1.9072E-09
1.3059E-09 1.3225E-09 1.3390E-09 1.3555E-09 1.3719E-09 1.3882E-09 1.4044E-09 1.4204E-09 1.4364E-09 1.4527E-09 1.4684E-09 1.4845E-09 1.4999E-09 1.5157E-09 1.5308E-09 1.5458E-09 1.5611E-09 1.5757E-09 1.5901E-09 1.6043E-09 1.6183E-09 1.6320E-09 1.6456E-09 1.6594E-09 1.6724E-09 1.6852E-09 1.6983E-09 1.7106E-09 1.7226E-09 1.7348E-09 1.7463E-09 1.7582E-09 1.7696E-09 1.7801E-09 1.7912E-09 1.8030E-09 1.8135E-09 1.8241E-09 1.8331E-09 1.8425E-09 1.8508E-09 1.8604E-09 1.8680E-09 1.8753E-09 1.8834E-09 1.8899E-09 1.8977E-09 1.9035E-09 1.9088E-09 1.9163E-09 1.9227E-09 1.9269E-09 1.9324E-09 1.9358E-09 1.9388E-09 1.9413E-09 1.9434E-09
1.3244E-09 1.3413E-09 1.3581E-09 1.3748E-09 1.3914E-09 1.4080E-09 1.4244E-09 1.4412E-09 1.4575E-09 1.4740E-09 1.4900E-09 1.5059E-09 1.5220E-09 1.5376E-09 1.5535E-09 1.5687E-09 1.5837E-09 1.5986E-09 1.6132E-09 1.6277E-09 1.6419E-09 1.6564E-09 1.6701E-09 1.6837E-09 1.6974E-09 1.7105E-09 1.7232E-09 1.7362E-09 1.7492E-09 1.7612E-09 1.7753E-09 1.7880E-09 1.7991E-09 1.8107E-09 1.8212E-09 1.8322E-09 1.8425E-09 1.8548E-09 1.8656E-09 1.8749E-09 1.8843E-09 1.8929E-09 1.9024E-09 1.9099E-09 1.9187E-09 1.9280E-09 1.9344E-09 1.9420E-09 1.9480E-09 1.9545E-09 1.9610E-09 1.9654E-09 1.9711E-09 1.9746E-09 1.9793E-09 1.9820E-09 1.9842E-09
1.3430E-09 1.3601E-09 1.3772E-09 1.3942E-09 1.4111E-09 1.4279E-09 1.4451E-09 1.4617E-09 1.4786E-09 1.4950E-09 1.5117E-09 1.5278E-09 1.5443E-09 1.5601E-09 1.5757E-09 1.5912E-09 1.6065E-09 1.6216E-09 1.6365E-09 1.6511E-09 1.6661E-09 1.6803E-09 1.6948E-09 1.7086E-09 1.7221E-09 1.7377E-09 1.7516E-09 1.7648E-09 1.7778E-09 1.7908E-09 1.8028E-09 1.8176E-09 1.8298E-09 1.8414E-09 1.8529E-09 1.8647E-09 1.8756E-09 1.8854E-09 1.8970E-09 1.9089E-09 1.9199E-09 1.9309E-09 1.9395E-09 1.9485E-09 1.9576E-09 1.9663E-09 1.9747E-09 1.9815E-09 1.9881E-09 1.9943E-09 1.9992E-09 2.0046E-09 2.0104E-09 2.0149E-09 2.0198E-09 2.0222E-09 2.0249E-09
1.3616E-09 1.3790E-09 1.3964E-09 1.4136E-09 1.4312E-09 1.4483E-09 1.4653E-09 1.4826E-09 1.4994E-09 1.5165E-09 1.5331E-09 1.5499E-09 1.5661E-09 1.5822E-09 1.5981E-09 1.6138E-09 1.6294E-09 1.6447E-09 1.6603E-09 1.6752E-09 1.6904E-09 1.7049E-09 1.7211E-09 1.7361E-09 1.7507E-09 1.7642E-09 1.7780E-09 1.7943E-09 1.8083E-09 1.8209E-09 1.8344E-09 1.8472E-09 1.8612E-09 1.8742E-09 1.8862E-09 1.8986E-09 1.9103E-09 1.9240E-09 1.9346E-09 1.9452E-09 1.9569E-09 1.9697E-09 1.9799E-09 1.9880E-09 1.9969E-09 2.0059E-09 2.0158E-09 2.0240E-09 2.0300E-09 2.0362E-09 2.0428E-09 2.0474E-09 2.0513E-09 2.0572E-09 2.0600E-09 2.0633E-09 2.0678E-09
1.3803E-09 1.3980E-09 1.4156E-09 1.4336E-09 1.4510E-09 1.4688E-09 1.4861E-09 1.5037E-09 1.5208E-09 1.5381E-09 1.5549E-09 1.5716E-09 1.5881E-09 1.6044E-09 1.6206E-09 1.6365E-09 1.6528E-09 1.6684E-09 1.6838E-09 1.7014E-09 1.7169E-09 1.7321E-09 1.7475E-09 1.7642E-09 1.7793E-09 1.7940E-09 1.8084E-09 1.8223E-09 1.8385E-09 1.8527E-09 1.8665E-09 1.8796E-09 1.8929E-09 1.9055E-09 1.9242E-09 1.9354E-09 1.9497E-09 1.9611E-09 1.9753E-09 1.9851E-09 1.9946E-09 2.0089E-09 2.0194E-09 2.0300E-09 2.0379E-09 2.0463E-09 2.0543E-09 2.0628E-09 2.0707E-09 2.0783E-09 2.0847E-09 2.0891E-09 2.0937E-09 2.0970E-09 2.0998E-09 2.1031E-09 2.1049E-09
1.3991E-09 1.4170E-09 1.4353E-09 1.4531E-09 1.4713E-09 1.4889E-09 1.5069E-09 1.5244E-09 1.5422E-09 1.5594E-09 1.5764E-09 1.5933E-09 1.6101E-09 1.6267E-09 1.6431E-09 1.6598E-09 1.6778E-09 1.6946E-09 1.7104E-09 1.7264E-09 1.7440E-09 1.7604E-09 1.7758E-09 1.7918E-09 1.8094E-09 1.8236E-09 1.8393E-09 1.8539E-09 1.8687E-09 1.8850E-09 1.9003E-09 1.9183E-09 1.9308E-09 1.9451E-09 1.9586E-09 1.9748E-09 1.9867E-09 2.0007E-09 2.0143E-09 2.0280E-09 2.0384E-09 2.0488E-09 2.0618E-09 2.0737E-09 2.0838E-09 2.0938E-09 2.1009E-09 2.1075E-09 2.1153E-09 2.1217E-09 2.1267E-09 2.1311E-09 2.1351E-09 2.1400E-09 2.1429E-09 2.1452E-09 2.1471E-09
1.4178E-09 1.4365E-09 1.4551E-09 1.4732E-09 1.4916E-09 1.5096E-09 1.5278E-09 1.5456E-09 1.5632E-09 1.5806E-09 1.5980E-09 1.6151E-09 1.6321E-09 1.6514E-09 1.6681E-09 1.6857E-09 1.7021E-09 1.7206E-09 1.7377E-09 1.7543E-09 1.7710E-09 1.7896E-09 1.8061E-09 1.8217E-09 1.8378E-09 1.8555E-09 1.8708E-09 1.8872E-09 1.9045E-09 1.9213E-09 1.9361E-09 1.9522E-09 1.9721E-09 1.9856E-09 1.9994E-09 2.0131E-09 2.0298E-09 2.0425E-09 2.0575E-09 2.0701E-09 2.0860E-09 2.0960E-09 2.1062E-09 2.1174E-09 2.1262E-09 2.1354E-09 2.1427E-09 2.1511E-09 2.1573E-09 2.1638E-09 2.1690E-09 2.1744E-09 2.1784E-09 2.1819E-09 2.1849E-09 2.1873E-09 2.1900E-09
1.4371E-09 1.4560E-09 1.4745E-09 1.4933E-09 1.5116E-09 1.5302E-09 1.5484E-09 1.5663E-09 1.5842E-09 1.6020E-09 1.6195E-09 1.6389E-09 1.6572E-09 1.6744E-09 1.6939E-09 1.7117E-09 1.7290E-09 1.7464E-09 1.7661E-09 1.7828E-09 1.8005E-09 1.8173E-09 1.8361E-09 1.8529E-09 1.8700E-09 1.8863E-09 1.9068E-09 1.9232E-09 1.9410E-09 1.9609E-09 1.9771E-09 1.9917E-09 2.0072E-09 2.0263E-09 2.0436E-09 2.0598E-09 2.0720E-09 2.0875E-09 2.1018E-09 2.1155E-09 2.1259E-09 2.1376E-09 2.1470E-09 2.1590E-09 2.1674E-09 2.1768E-09 2.1857E-09 2.1926E-09 2.1989E-09 2.2065E-09 2.2117E-09 2.2173E-09 2.2215E-09 2.2250E-09 2.2280E-09 2.2305E-09 2.2323E-09
1.4564E-09 1.4752E-09 1.4943E-09 1.5130E-09 1.5320E-09 1.5505E-09 1.5689E-09 1.5872E-09 1.6053E-09 1.6252E-09 1.6442E-09 1.6620E-09 1.6821E-09 1.7006E-09 1.7180E-09 1.7381E-09 1.7570E-09 1.7745E-09 1.7926E-09 1.8129E-09 1.8306E-09 1.8488E-09 1.8662E-09 1.8842E-09 1.9073E-09 1.9255E-09 1.9423E-09 1.9636E-09 1.9795E-09 1.9991E-09 2.0194E-09 2.0374E-09 2.0524E-09 2.0676E-09 2.0868E-09 2.1038E-09 2.1192E-09 2.1313E-09 2.1429E-09 2.1561E-09 2.1677E-09 2.1788E-09 2.1902E-09 2.1994E-09 2.2081E-09 2.2171E-09 2.2268E-09 2.2345E-09 2.2419E-09 2.2479E-09 2.2533E-09 2.2581E-09 2.2641E-09 2.2678E-09 2.2708E-09 2.2730E-09 2.2725E-09
1.4752E-09 1.4948E-09 1.5142E-09 1.5332E-09 1.5520E-09 1.5708E-09 1.5895E-09 1.6100E-09 1.6289E-09 1.6478E-09 1.6685E-09 1.6877E-09 1.7057E-09 1.7270E-09 1.7461E-09 1.7643E-09 1.7854E-09 1.8046E-09 1.8219E-09 1.8417E-09 1.8604E-09 1.8800E-09 1.9036E-09 1.9224E-09 1.9396E-09 1.9640E-09 1.9833E-09 2.0009E-09 2.0246E-09 2.0410E-09 2.0611E-09 2.0805E-09 2.0988E-09 2.1139E-09 2.1276E-09 2.1430E-09 2.1576E-09 2.1740E-09 2.1859E-09 2.1974E-09 2.2099E-09 2.2204E-09 2.2312E-09 2.2407E-09 2.2514E-09 2.2598E-09 2.2677E-09 2.2749E-09 2.2816E-09 2.2877E-09 2.2932E-09 2.2981E-09 2.3022E-09 2.3057E-09 2.3085E-09 2.3107E-09 2.3124E-09
1.4946E-09 1.5144E-09 1.5337E-09 1.5529E-09 1.5721E-09 1.5931E-09 1.6126E-09 1.6334E-09 1.6532E-09 1.6725E-09 1.6935E-09 1.7131E-09 1.7325E-09 1.7521E-09 1.7737E-09 1.7940E-09 1.8131E-09 1.8322E-09 1.8541E-09 1.8737E-09 1.8983E-09 1.9166E-09 1.9386E-09 1.9634E-09 1.9814E-09 2.0036E-09 2.0260E-09 2.0454E-09 2.0636E-09 2.0869E-09 2.1035E-09 2.1221E-09 2.1379E-09 2.1561E-09 2.1702E-09 2.1838E-09 2.1986E-09 2.2113E-09 2.2245E-09 2.2381E-09 2.2495E-09 2.2603E-09 2.2705E-09 2.2803E-09 2.2894E-09 2.2980E-09 2.3060E-09 2.3135E-09 2.3202E-09 2.3263E-09 2.3316E-09 2.3364E-09 2.3406E-09 2.3441E-09 2.3471E-09 2.3494E-09 2.3510E-09
1.5139E-09 1.5336E-09 1.5532E-09 1.5746E-09 1.5946E-09 1.6159E-09 1.6363E-09 1.6561E-09 1.6778E-09 1.6984E-09 1.7180E-09 1.7401E-09 1.7610E-09 1.7806E-09 1.8012E-09 1.8228E-09 1.8429E-09 1.8639E-09 1.8895E-09 1.9108E-09 1.9343E-09 1.9573E-09 1.9790E-09 2.0026E-09 2.0258E-09 2.0444E-09 2.0690E-09 2.0901E-09 2.1081E-09 2.1255E-09 2.1452E-09 2.1610E-09 2.1769E-09 2.1927E-09 2.2081E-09 2.2241E-09 2.2377E-09 2.2508E-09 2.2634E-09 2.2756E-09 2.2872E-09 2.2982E-09 2.3087E-09 2.3187E-09 2.3281E-09 2.3368E-09 2.3448E-09 2.3522E-09 2.3589E-09 2.3651E-09 2.3706E-09 2.3756E-09 2.3798E-09 2.3835E-09 2.3865E-09 2.3889E-09 2.3907E-09
1.5328E-09 1.5547E-09 1.5751E-09 1.5950E-09 1.6168E-09 1.6381E-09 1.6598E-09 1.6814E-09 1.7011E-09 1.7236E-09 1.7453E-09 1.7653E-09 1.7878E-09 1.8097E-09 1.8298E-09 1.8527E-09 1.8791E-09 1.9008E-09 1.9230E-09 1.9481E-09 1.9738E-09 1.9981E-09 2.0205E-09 2.0428E-09 2.0686E-09 2.0890E-09 2.1078E-09 2.1281E-09 2.1464E-09 2.1639E-09 2.1813E-09 2.2003E-09 2.2161E-09 2.2314E-09 2.2464E-09 2.2608E-09 2.2748E-09 2.2883E-09 2.3012E-09 2.3137E-09 2.3256E-09 2.3369E-09 2.3476E-09 2.3576E-09 2.3670E-09 2.3758E-09 2.3840E-09 2.3916E-09 2.3986E-09 2.4049E-09 2.4106E-09 2.4157E-09 2.4201E-09 2.4239E-09 2.4270E-09 2.4295E-09 2.4313E-09
1.5542E-09 1.5745E-09 1.5967E-09 1.6180E-09 1.6406E-09 1.6623E-09 1.6830E-09 1.7056E-09 1.7276E-09 1.7485E-09 1.7705E-09 1.7947E-09 1.8146E-09 1.8390E-09 1.8627E-09 1.8877E-09 1.9116E-09 1.9389E-09 1.9641E-09 1.9894E-09 2.0136E-09 2.0380E-09 2.0639E-09 2.0840E-09 2.1067E-09 2.1264E-09 2.1454E-09 2.1644E-09 2.1850E-09 2.2025E-09 2.2195E-09 2.2362E-09 2.2524E-09 2.2682E-09 2.2835E-09 2.2983E-09 2.3126E-09 2.3265E-09 2.3398E-09 2.3524E-09 2.3645E-09 2.3758E-09 2.3867E-09 2.3969E-09 2.4066E-09 2.4157E-09 2.4241E-09 2.4319E-09 2.4391E-09 2.4457E-09 2.4516E-09 2.4568E-09 2.4614E-09 2.4653E-09 2.4685E-09 2.4710E-09 2.4729E-09
1.5752E-09 1.5969E-09 1.6176E-09 1.6411E-09 1.6633E-09 1.6859E-09 1.7089E-09 1.7303E-09 1.7530E-09 1.7769E-09 1.7983E-09 1.8217E-09 1.8460E-09 1.8732E-09 1.8981E-09 1.9261E-09 1.9534E-09 1.9774E-09 2.0045E-09 2.0285E-09 2.0554E-09 2.0775E-09 2.1003E-09 2.1217E-09 2.1421E-09 2.1642E-09 2.1832E-09 2.2019E-09 2.2202E-09 2.2381E-09 2.2556E-09 2.2727E-09 2.2894E-09 2.3055E-09 2.3213E-09 2.3365E-09 2.3511E-09 2.3651E-09 2.3785E-09 2.3914E-09 2.4037E-09 2.4155E-09 2.4267E-09 2.4372E-09 2.4472E-09 2.4565E-09 2.4652E-09 2.4733E-09 2.4807E-09 2.4875E-09 2.4935E-09 2.4990E-09 2.5037E-09 2.5077E-09 2.5111E-09 2.5137E-09 2.5156E-09
1.5954E-09 1.6189E-09 1.6415E-09 1.6650E-09 1.6880E-09 1.7097E-09 1.7327E-09 1.7574E-09 1.7801E-09 1.8034E-09 1.8291E-09 1.8543E-09 1.8828E-09 1.9077E-09 1.9389E-09 1.9620E-09 1.9934E-09 2.0178E-09 2.0426E-09 2.0692E-09 2.0919E-09 2.1137E-09 2.1353E-09 2.1585E-09 2.1787E-09 2.1985E-09 2.2181E-09 2.2373E-09 2.2560E-09 2.2744E-09 2.2924E-09 2.3099E-09 2.3270E-09 2.3435E-09 2.3594E-09 2.3748E-09 2.3897E-09 2.4041E-09 2.4180E-09 2.4312E-09 2.4439E-09 2.4560E-09 2.4676E-09 2.4785E-09 2.4888E-09 2.4984E-09 2.5074E-09 2.5157E-09 2.5234E-09 2.5304E-09 2.5367E-09 2.5423E-09 2.5471E-09 2.5513E-09 2.5548E-09 2.5575E-09 2.5596E-09
1.6186E-09 1.6401E-09 1.6651E-09 1.6877E-09 1.7097E-09 1.7363E-09 1.7585E-09 1.7839E-09 1.8078E-09 1.8319E-09 1.8635E-09 1.8888E-09 1.9214E-09 1.9481E-09 1.9764E-09 2.0034E-09 2.0282E-09 2.0575E-09 2.0802E-09 2.1031E-09 2.1285E-09 2.1500E-09 2.1714E-09 2.1924E-09 2.2131E-09 2.2335E-09 2.2535E-09 2.2732E-09 2.2925E-09 2.3113E-09 2.3297E-09 2.3475E-09 2.3648E-09 2.3817E-09 2.3980E-09 2.4139E-09 2.4293E-09 2.4441E-09 2.4583E-09 2.4720E-09 2.4851E-09 2.4976E-09 2.5095E-09 2.5208E-09 2.5314E-09 2.5413E-09 2.5507E-09 2.5593E-09 2.5672E-09 2.5744E-09 2.5809E-09 2.5867E-09 2.5918E-09 2.5961E-09 2.5997E-09 2.6025E-09 2.6046E-09
1.6400E-09 1.6645E-09 1.6865E-09 1.7132E-09 1.7362E-09 1.7599E-09 1.7870E-09 1.8101E-09 1.8411E-09 1.8677E-09 1.8984E-09 1.9274E-09 1.9563E-09 1.9858E-09 2.0105E-09 2.0423E-09 2.0660E-09 2.0898E-09 2.1162E-09 2.1389E-09 2.1613E-09 2.1834E-09 2.2053E-09 2.2269E-09 2.2481E-09 2.2691E-09 2.2896E-09 2.3096E-09 2.3292E-09 2.3484E-09 2.3671E-09 2.3855E-09 2.4033E-09 2.4207E-09 2.4375E-09 2.4539E-09 2.4697E-09 2.4850E-09 2.4997E-09 2.5138E-09 2.5274E-09 2.5403E-09 2.5525E-09 2.5642E-09 2.5752E-09 2.5854E-09 2.5950E-09 2.6039E-09 2.6121E-09 2.6196E-09 2.6264E-09 2.6324E-09 2.6376E-09 2.6421E-09 2.6458E-09 2.6488E-09 2.6510E-09
1.6622E-09 1.6852E-09 1.7120E-09 1.7359E-09 1.7636E-09 1.7872E-09 1.8166E-09 1.8447E-09 1.8727E-09 1.9070E-09 1.9330E-09 1.9666E-09 1.9921E-09 2.0203E-09 2.0493E-09 2.0740E-09 2.1013E-09 2.1250E-09 2.1485E-09 2.1716E-09 2.1946E-09 2.2173E-09 2.2398E-09 2.2619E-09 2.2835E-09 2.3048E-09 2.3257E-09 2.3463E-09 2.3664E-09 2.3862E-09 2.4055E-09 2.4243E-09 2.4427E-09 2.4606E-09 2.4780E-09 2.4949E-09 2.5112E-09 2.5269E-09 2.5421E-09 2.5567E-09 2.5707E-09 2.5840E-09 2.5967E-09 2.6087E-09 2.6200E-09 2.6307E-09 2.6407E-09 2.6499E-09 2.6583E-09 2.6661E-09 2.6731E-09 2.6793E-09 2.6847E-09 2.6894E-09 2.6933E-09 2.6964E-09 2.6987E-09
1.6869E-09 1.7107E-09 1.7385E-09 1.7631E-09 1.7872E-09 1.8188E-09 1.8457E-09 1.8811E-09 1.9086E-09 1.9418E-09 1.9697E-09 1.9977E-09 2.0300E-09 2.0556E-09 2.0838E-09 2.1084E-09 2.1328E-09 2.1571E-09 2.1811E-09 2.2049E-09 2.2284E-09 2.2516E-09 2.2744E-09 2.2969E-09 2.3191E-09 2.3410E-09 2.3625E-09 2.3837E-09 2.4044E-09 2.4247E-09 2.4446E-09 2.4641E-09 2.4830E-09 2.5015E-09 2.5194E-09 2.5368E-09 2.5537E-09 2.5699E-09 2.5856E-09 2.6007E-09 2.6151E-09 2.6289E-09 2.6420E-09 2.6545E-09 2.6662E-09 2.6772E-09 2.6875E-09 2.6970E-09 2.7058E-09 2.7138E-09 2.7211E-09 2.7275E-09 2.7332E-09 2.7380E-09 2.7421E-09 2.7453E-09 2.7477E-09
1.7076E-09 1.7358E-09 1.7608E-09 1.7888E-09 1.8175E-09 1.8526E-09 1.8821E-09 1.9120E-09 1.9442E-09 1.9728E-09 2.0057E-09 2.0338E-09 2.0638E-09 2.0892E-09 2.1146E-09 2.1398E-09 2.1648E-09 2.1896E-09 2.2141E-09 2.2383E-09 2.2623E-09 2.2860E-09 2.3095E-09 2.3327E-09 2.3555E-09 2.3780E-09 2.4001E-09 2.4219E-09 2.4433E-09 2.4642E-09 2.4847E-09 2.5047E-09 2.5243E-09 2.5433E-09 2.5619E-09 2.5798E-09 2.5972E-09 2.6140E-09 2.6302E-09 2.6458E-09 2.6607E-09 2.6750E-09 2.6885E-09 2.7014E-09 2.7136E-09 2.7250E-09 2.7356E-09 2.7455E-09 2.7546E-09 2.7629E-09 2.7705E-09 2.7772E-09 2.7830E-09 2.7881E-09 2.7922E-09 2.7953E-09 2.7975E-09
1.7322E-09 1.7608E-09 1.7861E-09 1.8190E-09 1.8520E-09 1.8839E-09 1.9166E-09 1.9474E-09 1.9792E-09 2.0105E-09 2.0394E-09 2.0675E-09 2.0937E-09 2.1198E-09 2.1457E-09 2.1714E-09 2.1968E-09 2.2221E-09 2.2472E-09 2.2721E-09 2.2968E-09 2.3211E-09 2.3453E-09 2.3691E-09 2.3926E-09 2.4158E-09 2.4386E-09 2.4610E-09 2.4830E-09 2.5046E-09 2.5257E-09 2.5464E-09 2.5666E-09 2.5862E-09 2.6053E-09 2.6239E-09 2.6419E-09 2.6593E-09 2.6760E-09 2.6921E-09 2.7075E-09 2.7223E-09 2.7364E-09 2.7497E-09 2.7622E-09 2.7741E-09 2.7851E-09 2.7954E-09 2.8048E-09 2.8135E-09 2.8213E-09 2.8281E-09 2.8339E-09 2.8389E-09 2.8429E-09 2.8461E-09 2.8484E-09
1.7582E-09 1.7853E-09 1.8219E-09 1.8540E-09 1.8856E-09 1.9183E-09 1.9499E-09 1.9823E-09 2.0126E-09 2.0432E-09 2.0702E-09 2.0971E-09 2.1238E-09 2.1503E-09 2.1767E-09 2.2030E-09 2.2292E-09 2.2552E-09 2.2810E-09 2.3065E-09 2.3319E-09 2.3570E-09 2.3818E-09 2.4063E-09 2.4305E-09 2.4543E-09 2.4778E-09 2.5010E-09 2.5237E-09 2.5459E-09 2.5677E-09 2.5891E-09 2.6099E-09 2.6302E-09 2.6500E-09 2.6691E-09 2.6877E-09 2.7057E-09 2.7230E-09 2.7397E-09 2.7557E-09 2.7709E-09 2.7855E-09 2.7993E-09 2.8123E-09 2.8246E-09 2.8360E-09 2.8467E-09 2.8563E-09 2.8650E-09 2.8729E-09 2.8798E-09 2.8858E-09 2.8909E-09 2.8952E-09 2.8984E-09 2.9007E-09
