Assets/Resources/2015_m01_d31_2300(utc+0800)_l00_csi_1hr_conc.grd
DSAA
         159         159
     -79.000      79.000
     -79.000      79.000
  0.0000E+00  0.2029E-04
[rows 0 to 24 of 159, columns 57 to 113 of 159]
1.9617E-09 1.8862E-09 1.8077E-09 1.7320E-09 1.6532E-09 1.5784E-09 1.5042E-09 1.4310E-09 1.3590E-09 1.2883E-09 1.2191E-09 1.1515E-09 1.0858E-09 1.0220E-09 9.6023E-10 9.0057E-10 8.4310E-10 7.8788E-10 7.3496E-10 6.8435E-10 6.3608E-10 5.9015E-10 5.4655E-10 5.0526E-10 4.6625E-10 4.2823E-10 3.9372E-10 3.6135E-10 3.2979E-10 3.0158E-10 2.7530E-10 2.4964E-10 2.2706E-10 2.0492E-10 1.8573E-10 1.6530E-10 1.4590E-10 1.2970E-10 1.1676E-10 1.0323E-10 9.0532E-11 7.6967E-11 6.4808E-11 5.2104E-11 4.1680E-11 3.2632E-11 1.8309E-11 9.4489E-12 7.0740E-12 4.9618E-12 3.0917E-12 1.4438E-12 0.0000E+00 0.0000E+00 0.0000E+00 0.0000E+00 0.0000E+00
2.0450E-09 1.9648E-09 1.8864E-09 1.8052E-09 1.7270E-09 1.6461E-09 1.5691E-09 1.4895E-09 1.4147E-09 1.3413E-09 1.2694E-09 1.1993E-09 1.1309E-09 1.0646E-09 1.0003E-09 9.3828E-10 8.7847E-10 8.2100E-10 7.6589E-10 7.1320E-10 6.6292E-10 6.1507E-10 5.6964E-10 5.2661E-10 4.8595E-10 4.4762E-10 4.1156E-10 3.7648E-10 3.4490E-10 3.1539E-10 2.8667E-10 2.6119E-10 2.3629E-10 2.1452E-10 1.9313E-10 1.7332E-10 1.5323E-10 1.3635E-10 1.2088E-10 1.0676E-10 9.3502E-11 8.1584E-11 6.8794E-11 5.7485E-11 4.5115E-11 3.5620E-11 2.5169E-11 9.4926E-12 7.0985E-12 4.9732E-12 3.0952E-12 1.4437E-12 0.0000E+00 0.0000E+00 0.0000E+00 0.0000E+00 0.0000E+00
2.1275E-09 2.0469E-09 1.9638E-09 1.8827E-09 1.7991E-09 1.7186E-09 1.6356E-09 1.5568E-09 1.4755E-09 1.3992E-09 1.3207E-09 1.2478E-09 1.1769E-09 1.1080E-09 1.0412E-09 9.7668E-10 9.1451E-10 8.5474E-10 7.9742E-10 7.4260E-10 6.9028E-10 6.4048E-10 5.9320E-10 5.4840E-10 5.0606E-10 4.6613E-10 4.2858E-10 3.9333E-10 3.6032E-10 3.2827E-10 2.9963E-10 2.7171E-10 2.4710E-10 2.2301E-10 2.0208E-10 1.8148E-10 1.6076E-10 1.4313E-10 1.2703E-10 1.1232E-10 9.8927E-11 8.6386E-11 7.5157E-11 6.1039E-11 4.8682E-11 3.6235E-11 2.7815E-11 9.5231E-12 7.1133E-12 4.9777E-12 3.0944E-12 1.4416E-12 0.0000E+00 0.0000E+00 0.0000E+00 0.0000E+00 0.0000E+00
2.2114E-09 2.1283E-09 2.0447E-09 1.9590E-09 1.8753E-09 1.7894E-09 1.7068E-09 1.6220E-09 1.5414E-09 1.4587E-09 1.3812E-09 1.3015E-09 1.2277E-09 1.1520E-09 1.0827E-09 1.0157E-09 9.5117E-10 8.8907E-10 8.2951E-10 7.7253E-10 7.1814E-10 6.6636E-10 6.1718E-10 5.7058E-10 5.2653E-10 4.8499E-10 4.4591E-10 4.0923E-10 3.7488E-10 3.4278E-10 3.1158E-10 2.8385E-10 2.5813E-10 2.3310E-10 2.1120E-10 1.8980E-10 1.6844E-10 1.4814E-10 1.3134E-10 1.1797E-10 1.0402E-10 9.1373E-11 7.7306E-11 6.6924E-11 5.3771E-11 3.9355E-11 2.8172E-11 9.5405E-12 7.1182E-12 4.9754E-12 3.0894E-12 1.4376E-12 0.0000E+00 0.0000E+00 0.0000E+00 0.0000E+00 0.0000E+00
2.2949E-09 2.2093E-09 2.1231E-09 2.0366E-09 1.9503E-09 1.8642E-09 1.7763E-09 1.6918E-09 1.6053E-09 1.5233E-09 1.4393E-09 1.3607E-09 1.2801E-09 1.2057E-09 1.1294E-09 1.0597E-09 9.8840E-10 9.2395E-10 8.6212E-10 8.0295E-10 7.4646E-10 6.9267E-10 6.4157E-10 5.9314E-10 5.4736E-10 5.0418E-10 4.6355E-10 4.2541E-10 3.8969E-10 3.5631E-10 3.2519E-10 2.9624E-10 2.6815E-10 2.4338E-10 2.1924E-10 1.9690E-10 1.7624E-10 1.5533E-10 1.3778E-10 1.2182E-10 1.0921E-10 9.6034E-11 8.1835E-11 7.0886E-11 5.7057E-11 4.2580E-11 3.0917E-11 1.1022E-11 7.1132E-12 4.9663E-12 3.0802E-12 1.4317E-12 0.0000E+00 0.0000E+00 0.0000E+00 0.0000E+00 0.0000E+00
2.3816E-09 2.2935E-09 2.2047E-09 2.1157E-09 2.0266E-09 1.9379E-09 1.8473E-09 1.7600E-09 1.6738E-09 1.5859E-09 1.5026E-09 1.4175E-09 1.3380E-09 1.2568E-09 1.1818E-09 1.1051E-09 1.0352E-09 9.6365E-10 8.9520E-10 8.3381E-10 7.7520E-10 7.1937E-10 6.6633E-10 6.1605E-10 5.6851E-10 5.2366E-10 4.8146E-10 4.4184E-10 4.0473E-10 3.7005E-10 3.3771E-10 3.0763E-10 2.7971E-10 2.5258E-10 2.2881E-10 2.0561E-10 1.8418E-10 1.6265E-10 1.4227E-10 1.2774E-10 1.1263E-10 9.8918E-11 8.6543E-11 7.5014E-11 6.2673E-11 4.7924E-11 3.3727E-11 1.1023E-11 8.5502E-12 4.9503E-12 3.0667E-12 1.4238E-12 0.0000E+00 0.0000E+00 0.0000E+00 0.0000E+00 0.0000E+00
2.4675E-09 2.3770E-09 2.2857E-09 2.1940E-09 2.1042E-09 2.0127E-09 1.9198E-09 1.8296E-09 1.7406E-09 1.6500E-09 1.5638E-09 1.4794E-09 1.3936E-09 1.3134E-09 1.2317E-09 1.1564E-09 1.0794E-09 1.0094E-09 9.3784E-10 8.6945E-10 8.0432E-10 7.4644E-10 6.9143E-10 6.3927E-10 5.8995E-10 5.4342E-10 4.9963E-10 4.5851E-10 4.1999E-10 3.8398E-10 3.5042E-10 3.1919E-10 2.9020E-10 2.6336E-10 2.3723E-10 2.1449E-10 1.9067E-10 1.7008E-10 1.4909E-10 1.3173E-10 1.1805E-10 1.0379E-10 9.0903E-11 7.9308E-11 6.6360E-11 5.2929E-11 3.6609E-11 1.3263E-11 8.5300E-12 4.9275E-12 3.0492E-12 1.4140E-12 0.0000E+00 0.0000E+00 0.0000E+00 0.0000E+00 0.0000E+00
2.5565E-09 2.4636E-09 2.3699E-09 2.2757E-09 2.1813E-09 2.0871E-09 1.9934E-09 1.9005E-09 1.8087E-09 1.7155E-09 1.6265E-09 1.5393E-09 1.4507E-09 1.3677E-09 1.2831E-09 1.2050E-09 1.1251E-09 1.0524E-09 9.8249E-10 9.1118E-10 8.4300E-10 7.7828E-10 7.2101E-10 6.6278E-10 6.1166E-10 5.6343E-10 5.1802E-10 4.7538E-10 4.3544E-10 3.9810E-10 3.6328E-10 3.3089E-10 3.0082E-10 2.7297E-10 2.4724E-10 2.2352E-10 1.9897E-10 1.7762E-10 1.5603E-10 1.3569E-10 1.2158E-10 1.0875E-10 9.5339E-11 8.3264E-11 7.0209E-11 5.8248E-11 3.9590E-11 1.9987E-11 8.4980E-12 4.8981E-12 3.0276E-12 1.4024E-12 0.0000E+00 0.0000E+00 0.0000E+00 0.0000E+00 0.0000E+00
2.6448E-09 2.5495E-09 2.4533E-09 2.3565E-09 2.2595E-09 2.1658E-09 2.0695E-09 1.9738E-09 1.8792E-09 1.7859E-09 1.6941E-09 1.6010E-09 1.5130E-09 1.4271E-09 1.3437E-09 1.2588E-09 1.1804E-09 1.1005E-09 1.0279E-09 9.5369E-10 8.8726E-10 8.1475E-10 7.5188E-10 6.9534E-10 6.3780E-10 5.8755E-10 5.3661E-10 4.9244E-10 4.5105E-10 4.1237E-10 3.7629E-10 3.4272E-10 3.1155E-10 2.8269E-10 2.5603E-10 2.3144E-10 2.0742E-10 1.8350E-10 1.6307E-10 1.4213E-10 1.2507E-10 1.1185E-10 9.7937E-11 8.5422E-11 7.4219E-11 6.1655E-11 4.4684E-11 2.4567E-11 8.4544E-12 4.8622E-12 3.0020E-12 1.3890E-12 0.0000E+00 0.0000E+00 0.0000E+00 0.0000E+00 0.0000E+00
2.7369E-09 2.6395E-09 2.5411E-09 2.4419E-09 2.3425E-09 2.2431E-09 2.1440E-09 2.0456E-09 1.9482E-09 1.8521E-09 1.7574E-09 1.6646E-09 1.5737E-09 1.4851E-09 1.3951E-09 1.3113E-09 1.2301E-09 1.1518E-09 1.0721E-09 9.9982E-10 9.2602E-10 8.6015E-10 7.9274E-10 7.2902E-10 6.6876E-10 6.1285E-10 5.5952E-10 5.1349E-10 4.7036E-10 4.2676E-10 3.8941E-10 3.5465E-10 3.2239E-10 2.9250E-10 2.6489E-10 2.3943E-10 2.1601E-10 1.9138E-10 1.7022E-10 1.4868E-10 1.2851E-10 1.1491E-10 1.0256E-10 8.9544E-11 7.7876E-11 6.5218E-11 5.1603E-11 2.6752E-11 8.3992E-12 4.8198E-12 2.9725E-12 1.3739E-12 0.0000E+00 0.0000E+00 0.0000E+00 0.0000E+00 0.0000E+00
2.8273E-09 2.7277E-09 2.6270E-09 2.5255E-09 2.4235E-09 2.3215E-09 2.2198E-09 2.1219E-09 2.0218E-09 1.9229E-09 1.8255E-09 1.7298E-09 1.6362E-09 1.5447E-09 1.4557E-09 1.3690E-09 1.2850E-09 1.1997E-09 1.1216E-09 1.0466E-09 9.7477E-10 9.0150E-10 8.3291E-10 7.6618E-10 7.0307E-10 6.4358E-10 5.8811E-10 5.3567E-10 4.9071E-10 4.4498E-10 4.0604E-10 3.6668E-10 3.3330E-10 3.0238E-10 2.7381E-10 2.4747E-10 2.2325E-10 1.9939E-10 1.7547E-10 1.5533E-10 1.3456E-10 1.1790E-10 1.0522E-10 9.3736E-11 8.1598E-11 6.8937E-11 5.6846E-11 2.9334E-11 8.3328E-12 4.7712E-12 2.9394E-12 1.3570E-12 0.0000E+00 0.0000E+00 0.0000E+00 0.0000E+00 0.0000E+00
2.9185E-09 2.8168E-09 2.7170E-09 2.6133E-09 2.5091E-09 2.4047E-09 2.3004E-09 2.1968E-09 2.0939E-09 1.9923E-09 1.8921E-09 1.7936E-09 1.6971E-09 1.6029E-09 1.5109E-09 1.4214E-09 1.3346E-09 1.2508E-09 1.1699E-09 1.0922E-09 1.0131E-09 9.4197E-10 8.7414E-10 8.0961E-10 7.4357E-10 6.8103E-10 6.1875E-10 5.6827E-10 5.1225E-10 4.6841E-10 4.2367E-10 3.8587E-10 3.4751E-10 3.1526E-10 2.8279E-10 2.5556E-10 2.3052E-10 2.0753E-10 1.8292E-10 1.5977E-10 1.4071E-10 1.2083E-10 1.0782E-10 9.6033E-11 8.3484E-11 7.2294E-11 6.0120E-11 3.4534E-11 6.8086E-12 4.7166E-12 2.9025E-12 0.0000E+00 0.0000E+00 0.0000E+00 0.0000E+00 0.0000E+00 0.0000E+00
3.0138E-09 2.9103E-09 2.8054E-09 2.6994E-09 2.5929E-09 2.4860E-09 2.3793E-09 2.2730E-09 2.1675E-09 2.0631E-09 1.9634E-09 1.8622E-09 1.7630E-09 1.6659E-09 1.5711E-09 1.4787E-09 1.3892E-09 1.3026E-09 1.2190E-09 1.1387E-09 1.0615E-09 9.8770E-10 9.1382E-10 8.4179E-10 7.7830E-10 7.1815E-10 6.5635E-10 5.9446E-10 5.4504E-10 4.8941E-10 4.4673E-10 4.0299E-10 3.6636E-10 3.2900E-10 2.9790E-10 2.6642E-10 2.4029E-10 2.1408E-10 1.9050E-10 1.6670E-10 1.4696E-10 1.2649E-10 1.1034E-10 9.8266E-11 8.7355E-11 7.5713E-11 6.3544E-11 4.7876E-11 6.7287E-12 4.6562E-12 2.8623E-12 0.0000E+00 0.0000E+00 0.0000E+00 0.0000E+00 0.0000E+00 0.0000E+00
3.1069E-09 3.0016E-09 2.8947E-09 2.7866E-09 2.6778E-09 2.5719E-09 2.4629E-09 2.3541E-09 2.2461E-09 2.1392E-09 2.0336E-09 1.9296E-09 1.8276E-09 1.7277E-09 1.6299E-09 1.5347E-09 1.4424E-09 1.3530E-09 1.2667E-09 1.1836E-09 1.1039E-09 1.0275E-09 9.5445E-10 8.8490E-10 8.1876E-10 7.5605E-10 6.9149E-10 6.2716E-10 5.7542E-10 5.2250E-10 4.6730E-10 4.2579E-10 3.8307E-10 3.4760E-10 3.1126E-10 2.8129E-10 2.5078E-10 2.2574E-10 2.0046E-10 1.7575E-10 1.5081E-10 1.3224E-10 1.1278E-10 1.0043E-10 8.9259E-11 7.7252E-11 6.6603E-11 5.3023E-11 6.6405E-12 4.5902E-12 1.4469E-12 0.0000E+00 0.0000E+00 0.0000E+00 0.0000E+00 0.0000E+00 0.0000E+00
3.2006E-09 3.0969E-09 2.9883E-09 2.8784E-09 2.7676E-09 2.6563E-09 2.5449E-09 2.4337E-09 2.3232E-09 2.2136E-09 2.1053E-09 1.9986E-09 1.8938E-09 1.7910E-09 1.6904E-09 1.5924E-09 1.5007E-09 1.4086E-09 1.3195E-09 1.2337E-09 1.1477E-09 1.0687E-09 9.9312E-10 9.2107E-10 8.5251E-10 7.8745E-10 7.2577E-10 6.6756E-10 6.0362E-10 5.4786E-10 4.9577E-10 4.5206E-10 4.0108E-10 3.6401E-10 3.2970E-10 2.9434E-10 2.6550E-10 2.3595E-10 2.1196E-10 1.8553E-10 1.6147E-10 1.3990E-10 1.1804E-10 1.0250E-10 9.1090E-11 8.0803E-11 6.9721E-11 5.6159E-11 6.5443E-12 4.5189E-12 1.4214E-12 0.0000E+00 0.0000E+00 0.0000E+00 0.0000E+00 0.0000E+00 0.0000E+00
3.2986E-09 3.1902E-09 3.0799E-09 2.9682E-09 2.8554E-09 2.7420E-09 2.6283E-09 2.5148E-09 2.4053E-09 2.2933E-09 2.1825E-09 2.0732E-09 1.9657E-09 1.8601E-09 1.7568E-09 1.6560E-09 1.5581E-09 1.4631E-09 1.3712E-09 1.2826E-09 1.1974E-09 1.1157E-09 1.0374E-09 9.6275E-10 8.9163E-10 8.2402E-10 7.5991E-10 6.9572E-10 6.3879E-10 5.7551E-10 5.2625E-10 4.7464E-10 4.2725E-10 3.8176E-10 3.4586E-10 3.0855E-10 2.7834E-10 2.5059E-10 2.2195E-10 1.9899E-10 1.7108E-10 1.4775E-10 1.2710E-10 1.0449E-10 9.2839E-11 8.2340E-11 7.2897E-11 5.8935E-11 8.5485E-12 4.4426E-12 1.3944E-12 0.0000E+00 0.0000E+00 0.0000E+00 0.0000E+00 0.0000E+00 0.0000E+00
3.3941E-09 3.2843E-09 3.1725E-09 3.0590E-09 2.9479E-09 2.8326E-09 2.7170E-09 2.6014E-09 2.4861E-09 2.3717E-09 2.2583E-09 2.1464E-09 2.0363E-09 1.9278E-09 1.8217E-09 1.7181E-09 1.6173E-09 1.5195E-09 1.4249E-09 1.3335E-09 1.2455E-09 1.1610E-09 1.0801E-09 1.0028E-09 9.2913E-10 8.5897E-10 7.9246E-10 7.2957E-10 6.7027E-10 6.1074E-10 5.5897E-10 5.0004E-10 4.4923E-10 4.0816E-10 3.6320E-10 3.2404E-10 2.9238E-10 2.6327E-10 2.3294E-10 2.0885E-10 1.8459E-10 1.5725E-10 1.3757E-10 1.1503E-10 9.4498E-11 8.3798E-11 7.4175E-11 5.8268E-11 2.1777E-11 2.9771E-12 1.3661E-12 0.0000E+00 0.0000E+00 0.0000E+00 0.0000E+00 0.0000E+00 0.0000E+00
3.4900E-09 3.3826E-09 3.2696E-09 3.1549E-09 3.0387E-09 2.9216E-09 2.8040E-09 2.6862E-09 2.5687E-09 2.4519E-09 2.3361E-09 2.2216E-09 2.1123E-09 2.0013E-09 1.8925E-09 1.7862E-09 1.6826E-09 1.5820E-09 1.4846E-09 1.3904E-09 1.2996E-09 1.2123E-09 1.1286E-09 1.0486E-09 9.7219E-10 8.9936E-10 8.2660E-10 7.6131E-10 6.9975E-10 6.4220E-10 5.8346E-10 5.3307E-10 4.8028E-10 4.3678E-10 3.8484E-10 3.4078E-10 3.0756E-10 2.7701E-10 2.4504E-10 2.1974E-10 1.9664E-10 1.6771E-10 1.4412E-10 1.2303E-10 1.0380E-10 8.7027E-11 7.5376E-11 5.9242E-11 3.3950E-11 2.9157E-12 0.0000E+00 0.0000E+00 0.0000E+00 0.0000E+00 0.0000E+00 0.0000E+00 0.0000E+00
3.5904E-09 3.4787E-09 3.3646E-09 3.2485E-09 3.1308E-09 3.0120E-09 2.8925E-09 2.7763E-09 2.6569E-09 2.5380E-09 2.4199E-09 2.3032E-09 2.1877E-09 2.0740E-09 1.9625E-09 1.8534E-09 1.7471E-09 1.6437E-09 1.5433E-09 1.4463E-09 1.3527E-09 1.2626E-09 1.1761E-09 1.0933E-09 1.0141E-09 9.3864E-10 8.6695E-10 7.9905E-10 7.3512E-10 6.7109E-10 6.1487E-10 5.5679E-10 5.0780E-10 4.5572E-10 4.1367E-10 3.6761E-10 3.3209E-10 2.8732E-10 2.5824E-10 2.3162E-10 2.0358E-10 1.7929E-10 1.5453E-10 1.3181E-10 1.1168E-10 9.6320E-11 7.8348E-11 6.2221E-11 4.0137E-11 2.8516E-12 0.0000E+00 0.0000E+00 0.0000E+00 0.0000E+00 0.0000E+00 0.0000E+00 0.0000E+00
3.6881E-09 3.5756E-09 3.4605E-09 3.3432E-09 3.2278E-09 3.1077E-09 2.9867E-09 2.8653E-09 2.7439E-09 2.6229E-09 2.5026E-09 2.3834E-09 2.2653E-09 2.1491E-09 2.0349E-09 1.9232E-09 1.8140E-09 1.7078E-09 1.6046E-09 1.5047E-09 1.4082E-09 1.3152E-09 1.2259E-09 1.1402E-09 1.0582E-09 9.8000E-10 9.0565E-10 8.3515E-10 7.6891E-10 7.0653E-10 6.4311E-10 5.8825E-10 5.3691E-10 4.8321E-10 4.3182E-10 3.9123E-10 3.4597E-10 3.1192E-10 2.7268E-10 2.4463E-10 2.1496E-10 1.9198E-10 1.6592E-10 1.3885E-10 1.2041E-10 1.0127E-10 8.7888E-11 6.6967E-11 4.2844E-11 8.0642E-12 0.0000E+00 0.0000E+00 0.0000E+00 0.0000E+00 0.0000E+00 0.0000E+00 0.0000E+00
3.7861E-09 3.6767E-09 3.5611E-09 3.4431E-09 3.3232E-09 3.2018E-09 3.0793E-09 2.9563E-09 2.8330E-09 2.7100E-09 2.5876E-09 2.4708E-09 2.3506E-09 2.2320E-09 2.1154E-09 2.0011E-09 1.8893E-09 1.7803E-09 1.6744E-09 1.5716E-09 1.4723E-09 1.3764E-09 1.2841E-09 1.1955E-09 1.1047E-09 1.0236E-09 9.4652E-10 8.7341E-10 8.0471E-10 7.3984E-10 6.7874E-10 6.2134E-10 5.6236E-10 5.1238E-10 4.5933E-10 4.1649E-10 3.6949E-10 3.3337E-10 2.9244E-10 2.5413E-10 2.2751E-10 2.0320E-10 1.7839E-10 1.4968E-10 1.2702E-10 1.0684E-10 9.1973E-11 7.2234E-11 5.1409E-11 1.4665E-11 0.0000E+00 0.0000E+00 0.0000E+00 0.0000E+00 0.0000E+00 0.0000E+00 0.0000E+00
3.8886E-09 3.7756E-09 3.6595E-09 3.5409E-09 3.4201E-09 3.2975E-09 3.1738E-09 3.0540E-09 2.9294E-09 2.8048E-09 2.6807E-09 2.5570E-09 2.4345E-09 2.3136E-09 2.1945E-09 2.0775E-09 1.9631E-09 1.8513E-09 1.7425E-09 1.6368E-09 1.5345E-09 1.4357E-09 1.3404E-09 1.2488E-09 1.1608E-09 1.0768E-09 9.8973E-10 9.1406E-10 8.4267E-10 7.7520E-10 7.1158E-10 6.5176E-10 5.9566E-10 5.3722E-10 4.8861E-10 4.3616E-10 3.9473E-10 3.4845E-10 3.1376E-10 2.7364E-10 2.4509E-10 2.1097E-10 1.8799E-10 1.6165E-10 1.3767E-10 1.1615E-10 9.7284E-11 7.7215E-11 5.7404E-11 2.1695E-11 0.0000E+00 0.0000E+00 0.0000E+00 0.0000E+00 0.0000E+00 0.0000E+00 0.0000E+00
3.9883E-09 3.8753E-09 3.7590E-09 3.6399E-09 3.5231E-09 3.4001E-09 3.2756E-09 3.1501E-09 3.0240E-09 2.8978E-09 2.7718E-09 2.6461E-09 2.5215E-09 2.3982E-09 2.2818E-09 2.1625E-09 2.0455E-09 1.9312E-09 1.8196E-09 1.7112E-09 1.6060E-09 1.5041E-09 1.4059E-09 1.3111E-09 1.2201E-09 1.1270E-09 1.0439E-09 9.5715E-10 8.8297E-10 8.1278E-10 7.4653E-10 6.8416E-10 6.2562E-10 5.7080E-10 5.1284E-10 4.6558E-10 4.1371E-10 3.7363E-10 3.2800E-10 2.9467E-10 2.5542E-10 2.2827E-10 1.9515E-10 1.7064E-10 1.4562E-10 1.2002E-10 1.0334E-10 8.2690E-11 6.1618E-11 3.2809E-11 5.8391E-12 0.0000E+00 0.0000E+00 0.0000E+00 0.0000E+00 0.0000E+00 0.0000E+00
4.0884E-09 3.9757E-09 3.8644E-09 3.7455E-09 3.6240E-09 3.5004E-09 3.3751E-09 3.2485E-09 3.1212E-09 2.9984E-09 2.8710E-09 2.7438E-09 2.6174E-09 2.4922E-09 2.3686E-09 2.2469E-09 2.1273E-09 2.0103E-09 1.8959E-09 1.7846E-09 1.6764E-09 1.5715E-09 1.4701E-09 1.3722E-09 1.2780E-09 1.1877E-09 1.1016E-09 1.0129E-09 9.3555E-10 8.5274E-10 7.8373E-10 7.1869E-10 6.5757E-10 6.0029E-10 5.4673E-10 4.8914E-10 4.4316E-10 4.0056E-10 3.5308E-10 3.1747E-10 2.7629E-10 2.3794E-10 2.1217E-10 1.8008E-10 1.5398E-10 1.3041E-10 1.0767E-10 8.3663E-11 6.3125E-11 3.9078E-11 1.7017E-11 5.7339E-12 0.0000E+00 0.0000E+00 0.0000E+00 0.0000E+00 0.0000E+00
4.1940E-09 4.0823E-09 3.9668E-09 3.8481E-09 3.7265E-09 3.6026E-09 3.4816E-09 3.3547E-09 3.2267E-09 3.0982E-09 2.9692E-09 2.8404E-09 2.7122E-09 2.5850E-09 2.4592E-09 2.3352E-09 2.2131E-09 2.0934E-09 1.9763E-09 1.8620E-09 1.7508E-09 1.6429E-09 1.5382E-09 1.4371E-09 1.3397E-09 1.2462E-09 1.1571E-09 1.0723E-09 9.8312E-10 9.0671E-10 8.3437E-10 7.5550E-10 6.9167E-10 6.3171E-10 5.7558E-10 5.2321E-10 4.7447E-10 4.2135E-10 3.8009E-10 3.3323E-10 2.9899E-10 2.5861E-10 2.3044E-10 1.8689E-10 1.6276E-10 1.3813E-10 1.0993E-10 8.5538E-11 6.6166E-11 4.3421E-11 2.4567E-11 1.0474E-11 1.9072E-12 0.0000E+00 0.0000E+00 0.0000E+00 0.0000E+00
