Assets/Resources/2015_m01_d04_0600(utc+0800)_l00_csi_1hr_conc.grd
DSAA
         159         159
     -79.000      79.000
     -79.000      79.000
  0.2573E-10  0.2469E-04
[rows 0 to 24 of 159, columns 0 to 56 of 159]
2.5731E-11 2.6359E-11 2.6998E-11 2.7648E-11 2.8309E-11 2.8982E-11 2.9665E-11 3.0360E-11 3.1067E-11 3.1785E-11 3.2514E-11 3.3255E-11 3.4007E-11 3.4771E-11 3.5546E-11 3.6332E-11 3.7131E-11 3.7940E-11 3.8762E-11 3.9594E-11 4.0438E-11 4.1294E-11 4.2161E-11 4.3039E-11 4.3929E-11 4.4830E-11 4.5742E-11 4.6666E-11 4.7600E-11 4.8545E-11 4.9502E-11 5.0469E-11 5.1447E-11 5.2435E-11 5.3434E-11 5.4443E-11 5.5463E-11 5.6493E-11 5.7532E-11 5.8582E-11 5.9641E-11 6.0709E-11 6.1787E-11 6.2874E-11 6.3970E-11 6.5074E-11 6.6188E-11 6.7309E-11 6.8439E-11 6.9576E-11 7.0721E-11 7.1874E-11 7.3033E-11 7.4200E-11 7.5373E-11 7.6552E-11 7.7738E-11
2.6177E-11 2.6815E-11 2.7466E-11 2.8127E-11 2.8800E-11 2.9484E-11 3.0180E-11 3.0887E-11 3.1606E-11 3.2336E-11 3.3078E-11 3.3832E-11 3.4597E-11 3.5374E-11 3.6163E-11 3.6963E-11 3.7775E-11 3.8599E-11 3.9435E-11 4.0282E-11 4.1141E-11 4.2012E-11 4.2894E-11 4.3788E-11 4.4693E-11 4.5610E-11 4.6538E-11 4.7477E-11 4.8428E-11 4.9390E-11 5.0363E-11 5.1347E-11 5.2342E-11 5.3348E-11 5.4364E-11 5.5391E-11 5.6429E-11 5.7477E-11 5.8534E-11 5.9602E-11 6.0680E-11 6.1767E-11 6.2864E-11 6.3970E-11 6.5085E-11 6.6209E-11 6.7342E-11 6.8483E-11 6.9632E-11 7.0790E-11 7.1955E-11 7.3128E-11 7.4308E-11 7.5495E-11 7.6689E-11 7.7889E-11 7.9095E-11
2.6626E-11 2.7276E-11 2.7937E-11 2.8610E-11 2.9294E-11 2.9991E-11 3.0698E-11 3.1418E-11 3.2149E-11 3.2892E-11 3.3647E-11 3.4413E-11 3.5192E-11 3.5983E-11 3.6785E-11 3.7599E-11 3.8426E-11 3.9264E-11 4.0114E-11 4.0976E-11 4.1850E-11 4.2735E-11 4.3633E-11 4.4542E-11 4.5463E-11 4.6396E-11 4.7340E-11 4.8296E-11 4.9263E-11 5.0242E-11 5.1232E-11 5.2233E-11 5.3245E-11 5.4269E-11 5.5303E-11 5.6348E-11 5.7403E-11 5.8469E-11 5.9545E-11 6.0632E-11 6.1728E-11 6.2834E-11 6.3950E-11 6.5075E-11 6.6210E-11 6.7353E-11 6.8506E-11 6.9667E-11 7.0836E-11 7.2014E-11 7.3199E-11 7.4393E-11 7.5593E-11 7.6801E-11 7.8015E-11 7.9237E-11 8.0464E-11
2.7079E-11 2.7740E-11 2.8413E-11 2.9097E-11 2.9793E-11 3.0501E-11 3.1221E-11 3.1953E-11 3.2697E-11 3.3452E-11 3.4220E-11 3.5000E-11 3.5792E-11 3.6596E-11 3.7412E-11 3.8241E-11 3.9081E-11 3.9934E-11 4.0798E-11 4.1675E-11 4.2564E-11 4.3465E-11 4.4378E-11 4.5303E-11 4.6240E-11 4.7189E-11 4.8149E-11 4.9121E-11 5.0105E-11 5.1101E-11 5.2108E-11 5.3126E-11 5.4156E-11 5.5197E-11 5.6249E-11 5.7312E-11 5.8385E-11 5.9470E-11 6.0564E-11 6.1670E-11 6.2785E-11 6.3910E-11 6.5045E-11 6.6190E-11 6.7344E-11 6.8507E-11 6.9680E-11 7.0861E-11 7.2050E-11 7.3248E-11 7.4454E-11 7.5668E-11 7.6889E-11 7.8118E-11 7.9354E-11 8.0596E-11 8.1844E-11
2.7535E-11 2.8208E-11 2.8892E-11 2.9588E-11 3.0296E-11 3.1016E-11 3.1748E-11 3.2492E-11 3.3249E-11 3.4017E-11 3.4798E-11 3.5591E-11 3.6397E-11 3.7215E-11 3.8045E-11 3.8887E-11 3.9742E-11 4.0609E-11 4.1489E-11 4.2380E-11 4.3284E-11 4.4201E-11 4.5129E-11 4.6070E-11 4.7023E-11 4.7988E-11 4.8965E-11 4.9954E-11 5.0954E-11 5.1967E-11 5.2991E-11 5.4027E-11 5.5074E-11 5.6133E-11 5.7203E-11 5.8284E-11 5.9376E-11 6.0479E-11 6.1592E-11 6.2716E-11 6.3850E-11 6.4995E-11 6.6149E-11 6.7314E-11 6.8488E-11 6.9671E-11 7.0863E-11 7.2064E-11 7.3274E-11 7.4493E-11 7.5720E-11 7.6954E-11 7.8196E-11 7.9446E-11 8.0703E-11 8.1966E-11 8.3236E-11
2.7996E-11 2.8679E-11 2.9375E-11 3.0083E-11 3.0803E-11 3.1535E-11 3.2279E-11 3.3036E-11 3.3805E-11 3.4587E-11 3.5381E-11 3.6187E-11 3.7007E-11 3.7838E-11 3.8682E-11 3.9539E-11 4.0408E-11 4.1290E-11 4.2184E-11 4.3091E-11 4.4010E-11 4.4942E-11 4.5886E-11 4.6843E-11 4.7812E-11 4.8793E-11 4.9787E-11 5.0792E-11 5.1810E-11 5.2840E-11 5.3881E-11 5.4934E-11 5.6000E-11 5.7076E-11 5.8164E-11 5.9263E-11 6.0374E-11 6.1495E-11 6.2628E-11 6.3771E-11 6.4924E-11 6.6088E-11 6.7262E-11 6.8446E-11 6.9640E-11 7.0843E-11 7.2056E-11 7.3278E-11 7.4508E-11 7.5747E-11 7.6995E-11 7.8250E-11 7.9513E-11 8.0784E-11 8.2062E-11 8.3347E-11 8.4639E-11
2.8459E-11 2.9154E-11 2.9861E-11 3.0581E-11 3.1313E-11 3.2058E-11 3.2814E-11 3.3584E-11 3.4366E-11 3.5161E-11 3.5968E-11 3.6788E-11 3.7621E-11 3.8466E-11 3.9324E-11 4.0195E-11 4.1079E-11 4.1976E-11 4.2885E-11 4.3807E-11 4.4742E-11 4.5689E-11 4.6649E-11 4.7622E-11 4.8607E-11 4.9605E-11 5.0615E-11 5.1637E-11 5.2672E-11 5.3719E-11 5.4778E-11 5.5849E-11 5.6932E-11 5.8027E-11 5.9133E-11 6.0251E-11 6.1380E-11 6.2520E-11 6.3671E-11 6.4834E-11 6.6007E-11 6.7190E-11 6.8384E-11 6.9588E-11 7.0801E-11 7.2025E-11 7.3258E-11 7.4500E-11 7.5751E-11 7.7011E-11 7.8280E-11 7.9556E-11 8.0841E-11 8.2133E-11 8.3432E-11 8.4739E-11 8.6052E-11
2.8926E-11 2.9633E-11 3.0352E-11 3.1083E-11 3.1827E-11 3.2584E-11 3.3353E-11 3.4136E-11 3.4931E-11 3.5738E-11 3.6559E-11 3.7393E-11 3.8239E-11 3.9099E-11 3.9971E-11 4.0857E-11 4.1755E-11 4.2667E-11 4.3591E-11 4.4528E-11 4.5479E-11 4.6442E-11 4.7418E-11 4.8406E-11 4.9408E-11 5.0422E-11 5.1449E-11 5.2489E-11 5.3541E-11 5.4605E-11 5.5681E-11 5.6770E-11 5.7871E-11 5.8984E-11 6.0109E-11 6.1245E-11 6.2393E-11 6.3552E-11 6.4723E-11 6.5904E-11 6.7097E-11 6.8300E-11 6.9514E-11 7.0738E-11 7.1972E-11 7.3215E-11 7.4469E-11 7.5732E-11 7.7004E-11 7.8285E-11 7.9574E-11 8.0872E-11 8.2178E-11 8.3492E-11 8.4813E-11 8.6141E-11 8.7476E-11
2.9396E-11 3.0114E-11 3.0845E-11 3.1589E-11 3.2345E-11 3.3114E-11 3.3896E-11 3.4691E-11 3.5499E-11 3.6320E-11 3.7155E-11 3.8002E-11 3.8862E-11 3.9736E-11 4.0623E-11 4.1523E-11 4.2436E-11 4.3362E-11 4.4302E-11 4.5255E-11 4.6221E-11 4.7200E-11 4.8192E-11 4.9197E-11 5.0215E-11 5.1246E-11 5.2289E-11 5.3346E-11 5.4415E-11 5.5497E-11 5.6591E-11 5.7698E-11 5.8817E-11 5.9948E-11 6.1092E-11 6.2247E-11 6.3413E-11 6.4592E-11 6.5782E-11 6.6983E-11 6.8195E-11 6.9418E-11 7.0651E-11 7.1896E-11 7.3150E-11 7.4414E-11 7.5689E-11 7.6972E-11 7.8265E-11 7.9567E-11 8.0878E-11 8.2197E-11 8.3525E-11 8.4860E-11 8.6203E-11 8.7553E-11 8.8911E-11
2.9870E-11 3.0600E-11 3.1342E-11 3.2098E-11 3.2866E-11 3.3648E-11 3.4443E-11 3.5251E-11 3.6072E-11 3.6906E-11 3.7754E-11 3.8615E-11 3.9490E-11 4.0378E-11 4.1279E-11 4.2193E-11 4.3122E-11 4.4063E-11 4.5018E-11 4.5986E-11 4.6968E-11 4.7963E-11 4.8971E-11 4.9992E-11 5.1027E-11 5.2075E-11 5.3135E-11 5.4209E-11 5.5296E-11 5.6395E-11 5.7508E-11 5.8632E-11 5.9770E-11 6.0919E-11 6.2081E-11 6.3255E-11 6.4441E-11 6.5639E-11 6.6848E-11 6.8069E-11 6.9301E-11 7.0543E-11 7.1797E-11 7.3062E-11 7.4337E-11 7.5622E-11 7.6917E-11 7.8221E-11 7.9536E-11 8.0859E-11 8.2191E-11 8.3532E-11 8.4881E-11 8.6238E-11 8.7603E-11 8.8976E-11 9.0355E-11
3.0346E-11 3.1088E-11 3.1842E-11 3.2610E-11 3.3391E-11 3.4185E-11 3.4993E-11 3.5814E-11 3.6648E-11 3.7496E-11 3.8358E-11 3.9233E-11 4.0121E-11 4.1023E-11 4.1939E-11 4.2868E-11 4.3812E-11 4.4768E-11 4.5738E-11 4.6722E-11 4.7720E-11 4.8731E-11 4.9755E-11 5.0793E-11 5.1845E-11 5.2909E-11 5.3987E-11 5.5078E-11 5.6183E-11 5.7300E-11 5.8430E-11 5.9573E-11 6.0729E-11 6.1897E-11 6.3078E-11 6.4270E-11 6.5475E-11 6.6693E-11 6.7921E-11 6.9162E-11 7.0414E-11 7.1677E-11 7.2951E-11 7.4236E-11 7.5531E-11 7.6837E-11 7.8153E-11 7.9479E-11 8.0814E-11 8.2159E-11 8.3513E-11 8.4876E-11 8.6247E-11 8.7626E-11 8.9013E-11 9.0407E-11 9.1809E-11
3.0826E-11 3.1579E-11 3.2346E-11 3.3126E-11 3.3919E-11 3.4726E-11 3.5547E-11 3.6381E-11 3.7228E-11 3.8090E-11 3.8965E-11 3.9854E-11 4.0757E-11 4.1673E-11 4.2604E-11 4.3548E-11 4.4506E-11 4.5478E-11 4.6464E-11 4.7463E-11 4.8477E-11 4.9504E-11 5.0545E-11 5.1599E-11 5.2667E-11 5.3749E-11 5.4844E-11 5.5953E-11 5.7075E-11 5.8210E-11 5.9358E-11 6.0520E-11 6.1694E-11 6.2881E-11 6.4080E-11 6.5292E-11 6.6517E-11 6.7753E-11 6.9002E-11 7.0262E-11 7.1534E-11 7.2817E-11 7.4112E-11 7.5417E-11 7.6734E-11 7.8060E-11 7.9397E-11 8.0745E-11 8.2101E-11 8.3468E-11 8.4843E-11 8.6228E-11 8.7621E-11 8.9022E-11 9.0432E-11 9.1848E-11 9.3273E-11
3.1308E-11 3.2074E-11 3.2852E-11 3.3645E-11 3.4451E-11 3.5270E-11 3.6104E-11 3.6951E-11 3.7812E-11 3.8687E-11 3.9576E-11 4.0479E-11 4.1396E-11 4.2327E-11 4.3272E-11 4.4231E-11 4.5205E-11 4.6192E-11 4.7193E-11 4.8209E-11 4.9238E-11 5.0282E-11 5.1339E-11 5.2410E-11 5.3495E-11 5.4594E-11 5.5707E-11 5.6833E-11 5.7973E-11 5.9126E-11 6.0292E-11 6.1472E-11 6.2665E-11 6.3871E-11 6.5089E-11 6.6320E-11 6.7564E-11 6.8820E-11 7.0089E-11 7.1369E-11 7.2661E-11 7.3965E-11 7.5280E-11 7.6606E-11 7.7943E-11 7.9291E-11 8.0650E-11 8.2018E-11 8.3397E-11 8.4785E-11 8.6182E-11 8.7589E-11 8.9004E-11 9.0427E-11 9.1859E-11 9.3299E-11 9.4746E-11
3.1794E-11 3.2571E-11 3.3362E-11 3.4166E-11 3.4985E-11 3.5817E-11 3.6664E-11 3.7524E-11 3.8399E-11 3.9288E-11 4.0191E-11 4.1108E-11 4.2039E-11 4.2985E-11 4.3945E-11 4.4919E-11 4.5907E-11 4.6910E-11 4.7927E-11 4.8959E-11 5.0004E-11 5.1064E-11 5.2138E-11 5.3226E-11 5.4328E-11 5.5444E-11 5.6574E-11 5.7718E-11 5.8876E-11 6.0047E-11 6.1232E-11 6.2430E-11 6.3642E-11 6.4866E-11 6.6104E-11 6.7355E-11 6.8618E-11 6.9894E-11 7.1182E-11 7.2483E-11 7.3795E-11 7.5119E-11 7.6455E-11 7.7802E-11 7.9161E-11 8.0530E-11 8.1909E-11 8.3299E-11 8.4700E-11 8.6109E-11 8.7529E-11 8.8957E-11 9.0395E-11 9.1841E-11 9.3295E-11 9.4757E-11 9.6227E-11
3.2281E-11 3.3071E-11 3.3874E-11 3.4691E-11 3.5522E-11 3.6368E-11 3.7227E-11 3.8101E-11 3.8989E-11 3.9892E-11 4.0809E-11 4.1740E-11 4.2686E-11 4.3646E-11 4.4621E-11 4.5610E-11 4.6614E-11 4.7633E-11 4.8665E-11 4.9713E-11 5.0775E-11 5.1851E-11 5.2941E-11 5.4046E-11 5.5166E-11 5.6299E-11 5.7447E-11 5.8608E-11 5.9784E-11 6.0973E-11 6.2177E-11 6.3394E-11 6.4624E-11 6.5868E-11 6.7125E-11 6.8395E-11 6.9678E-11 7.0974E-11 7.2282E-11 7.3603E-11 7.4936E-11 7.6280E-11 7.7637E-11 7.9005E-11 8.0385E-11 8.1775E-11 8.3176E-11 8.4588E-11 8.6010E-11 8.7442E-11 8.8883E-11 9.0334E-11 9.1794E-11 9.3263E-11 9.4740E-11 9.6225E-11 9.7717E-11
3.2772E-11 3.3573E-11 3.4389E-11 3.5219E-11 3.6063E-11 3.6921E-11 3.7794E-11 3.8681E-11 3.9583E-11 4.0499E-11 4.1430E-11 4.2376E-11 4.3336E-11 4.4311E-11 4.5301E-11 4.6305E-11 4.7325E-11 4.8359E-11 4.9407E-11 5.0471E-11 5.1549E-11 5.2642E-11 5.3749E-11 5.4871E-11 5.6008E-11 5.7159E-11 5.8324E-11 5.9503E-11 6.0697E-11 6.1905E-11 6.3127E-11 6.4362E-11 6.5612E-11 6.6875E-11 6.8151E-11 6.9441E-11 7.0744E-11 7.2059E-11 7.3388E-11 7.4729E-11 7.6082E-11 7.7448E-11 7.8825E-11 8.0215E-11 8.1615E-11 8.3027E-11 8.4450E-11 8.5884E-11 8.7328E-11 8.8782E-11 9.0245E-11 9.1719E-11 9.3201E-11 9.4692E-11 9.6192E-11 9.7700E-11 9.9216E-11
3.3265E-11 3.4079E-11 3.4906E-11 3.5749E-11 3.6605E-11 3.7477E-11 3.8363E-11 3.9264E-11 4.0179E-11 4.1109E-11 4.2055E-11 4.3015E-11 4.3990E-11 4.4979E-11 4.5984E-11 4.7004E-11 4.8039E-11 4.9089E-11 5.0153E-11 5.1233E-11 5.2328E-11 5.3437E-11 5.4561E-11 5.5700E-11 5.6854E-11 5.8023E-11 5.9206E-11 6.0403E-11 6.1615E-11 6.2841E-11 6.4082E-11 6.5336E-11 6.6605E-11 6.7887E-11 6.9183E-11 7.0492E-11 7.1815E-11 7.3151E-11 7.4499E-11 7.5861E-11 7.7235E-11 7.8621E-11 8.0020E-11 8.1431E-11 8.2853E-11 8.4286E-11 8.5731E-11 8.7186E-11 8.8652E-11 9.0128E-11 9.1614E-11 9.3110E-11 9.4615E-11 9.6130E-11 9.7652E-11 9.9183E-11 1.0072E-10
3.3760E-11 3.4586E-11 3.5426E-11 3.6281E-11 3.7151E-11 3.8036E-11 3.8935E-11 3.9849E-11 4.0778E-11 4.1723E-11 4.2682E-11 4.3657E-11 4.4646E-11 4.5651E-11 4.6671E-11 4.7706E-11 4.8757E-11 4.9822E-11 5.0903E-11 5.1999E-11 5.3110E-11 5.4236E-11 5.5377E-11 5.6534E-11 5.7705E-11 5.8891E-11 6.0092E-11 6.1307E-11 6.2538E-11 6.3782E-11 6.5041E-11 6.6315E-11 6.7602E-11 6.8904E-11 7.0219E-11 7.1549E-11 7.2891E-11 7.4247E-11 7.5616E-11 7.6999E-11 7.8393E-11 7.9801E-11 8.1221E-11 8.2652E-11 8.4096E-11 8.5551E-11 8.7018E-11 8.8495E-11 8.9983E-11 9.1482E-11 9.2990E-11 9.4509E-11 9.6037E-11 9.7574E-11 9.9120E-11 1.0067E-10 1.0224E-10
3.4258E-11 3.5096E-11 3.5949E-11 3.6817E-11 3.7699E-11 3.8597E-11 3.9510E-11 4.0437E-11 4.1380E-11 4.2339E-11 4.3313E-11 4.4302E-11 4.5306E-11 4.6326E-11 4.7361E-11 4.8412E-11 4.9478E-11 5.0559E-11 5.1656E-11 5.2768E-11 5.3896E-11 5.5039E-11 5.6197E-11 5.7371E-11 5.8559E-11 5.9763E-11 6.0982E-11 6.2216E-11 6.3464E-11 6.4728E-11 6.6006E-11 6.7298E-11 6.8605E-11 6.9926E-11 7.1261E-11 7.2610E-11 7.3973E-11 7.5349E-11 7.6739E-11 7.8142E-11 7.9557E-11 8.0986E-11 8.2427E-11 8.3880E-11 8.5345E-11 8.6822E-11 8.8311E-11 8.9810E-11 9.1321E-11 9.2842E-11 9.4373E-11 9.5914E-11 9.7465E-11 9.9025E-11 1.0059E-10 1.0217E-10 1.0376E-10
3.4758E-11 3.5608E-11 3.6474E-11 3.7354E-11 3.8250E-11 3.9160E-11 4.0087E-11 4.1028E-11 4.1985E-11 4.2958E-11 4.3946E-11 4.4949E-11 4.5968E-11 4.7003E-11 4.8054E-11 4.9120E-11 5.0202E-11 5.1299E-11 5.2412E-11 5.3541E-11 5.4685E-11 5.5845E-11 5.7020E-11 5.8211E-11 5.9418E-11 6.0639E-11 6.1876E-11 6.3128E-11 6.4395E-11 6.5677E-11 6.6974E-11 6.8286E-11 6.9612E-11 7.0952E-11 7.2307E-11 7.3676E-11 7.5059E-11 7.6456E-11 7.7866E-11 7.9290E-11 8.0726E-11 8.2176E-11 8.3638E-11 8.5113E-11 8.6600E-11 8.8099E-11 8.9609E-11 9.1131E-11 9.2664E-11 9.4208E-11 9.5762E-11 9.7326E-11 9.8899E-11 1.0048E-10 1.0207E-10 1.0368E-10 1.0528E-10
3.5260E-11 3.6122E-11 3.7000E-11 3.7894E-11 3.8802E-11 3.9726E-11 4.0666E-11 4.1621E-11 4.2592E-11 4.3579E-11 4.4581E-11 4.5600E-11 4.6634E-11 4.7684E-11 4.8749E-11 4.9831E-11 5.0929E-11 5.2042E-11 5.3172E-11 5.4317E-11 5.5478E-11 5.6655E-11 5.7847E-11 5.9056E-11 6.0279E-11 6.1519E-11 6.2774E-11 6.4044E-11 6.5330E-11 6.6631E-11 6.7946E-11 6.9277E-11 7.0623E-11 7.1983E-11 7.3358E-11 7.4747E-11 7.6150E-11 7.7567E-11 7.8998E-11 8.0442E-11 8.1900E-11 8.3371E-11 8.4855E-11 8.6351E-11 8.7860E-11 8.9381E-11 9.0914E-11 9.2458E-11 9.4013E-11 9.5579E-11 9.7156E-11 9.8743E-11 1.0034E-10 1.0195E-10 1.0356E-10 1.0519E-10 1.0682E-10
3.5763E-11 3.6638E-11 3.7529E-11 3.8435E-11 3.9357E-11 4.0294E-11 4.1248E-11 4.2217E-11 4.3202E-11 4.4203E-11 4.5220E-11 4.6253E-11 4.7302E-11 4.8367E-11 4.9448E-11 5.0545E-11 5.1659E-11 5.2788E-11 5.3934E-11 5.5096E-11 5.6274E-11 5.7467E-11 5.8677E-11 5.9903E-11 6.1145E-11 6.2402E-11 6.3675E-11 6.4964E-11 6.6268E-11 6.7588E-11 6.8923E-11 7.0273E-11 7.1638E-11 7.3018E-11 7.4412E-11 7.5822E-11 7.7245E-11 7.8683E-11 8.0134E-11 8.1600E-11 8.3079E-11 8.4571E-11 8.6076E-11 8.7595E-11 8.9125E-11 9.0668E-11 9.2223E-11 9.3790E-11 9.5367E-11 9.6956E-11 9.8556E-11 1.0017E-10 1.0179E-10 1.0342E-10 1.0506E-10 1.0670E-10 1.0836E-10
3.6269E-11 3.7156E-11 3.8060E-11 3.8979E-11 3.9914E-11 4.0864E-11 4.1831E-11 4.2814E-11 4.3813E-11 4.4829E-11 4.5860E-11 4.6908E-11 4.7972E-11 4.9052E-11 5.0149E-11 5.1262E-11 5.2391E-11 5.3537E-11 5.4699E-11 5.5877E-11 5.7072E-11 5.8283E-11 5.9510E-11 6.0753E-11 6.2013E-11 6.3288E-11 6.4580E-11 6.5887E-11 6.7210E-11 6.8548E-11 6.9902E-11 7.1272E-11 7.2656E-11 7.4056E-11 7.5471E-11 7.6900E-11 7.8344E-11 7.9803E-11 8.1275E-11 8.2761E-11 8.4262E-11 8.5775E-11 8.7302E-11 8.8842E-11 9.0395E-11 9.1960E-11 9.3537E-11 9.5126E-11 9.6727E-11 9.8339E-11 9.9961E-11 1.0159E-10 1.0324E-10 1.0489E-10 1.0655E-10 1.0823E-10 1.0991E-10
3.6776E-11 3.7676E-11 3.8592E-11 3.9524E-11 4.0472E-11 4.1436E-11 4.2417E-11 4.3414E-11 4.4427E-11 4.5456E-11 4.6502E-11 4.7565E-11 4.8644E-11 4.9740E-11 5.0852E-11 5.1981E-11 5.3126E-11 5.4288E-11 5.5466E-11 5.6662E-11 5.7873E-11 5.9101E-11 6.0346E-11 6.1607E-11 6.2884E-11 6.4177E-11 6.5487E-11 6.6813E-11 6.8155E-11 6.9512E-11 7.0885E-11 7.2274E-11 7.3678E-11 7.5098E-11 7.6533E-11 7.7983E-11 7.9447E-11 8.0926E-11 8.2419E-11 8.3927E-11 8.5449E-11 8.6984E-11 8.8532E-11 9.0094E-11 9.1669E-11 9.3256E-11 9.4856E-11 9.6467E-11 9.8091E-11 9.9726E-11 1.0137E-10 1.0303E-10 1.0469E-10 1.0637E-10 1.0806E-10 1.0975E-10 1.1146E-10
3.7284E-11 3.8197E-11 3.9126E-11 4.0071E-11 4.1032E-11 4.2010E-11 4.3004E-11 4.4015E-11 4.5042E-11 4.6086E-11 4.7147E-11 4.8224E-11 4.9318E-11 5.0429E-11 5.1557E-11 5.2702E-11 5.3863E-11 5.5041E-11 5.6236E-11 5.7448E-11 5.8677E-11 5.9922E-11 6.1184E-11 6.2463E-11 6.3758E-11 6.5069E-11 6.6397E-11 6.7742E-11 6.9102E-11 7.0479E-11 7.1871E-11 7.3280E-11 7.4704E-11 7.6143E-11 7.7598E-11 7.9068E-11 8.0553E-11 8.2053E-11 8.3567E-11 8.5096E-11 8.6639E-11 8.8196E-11 8.9766E-11 9.1350E-11 9.2947E-11 9.4556E-11 9.6179E-11 9.7813E-11 9.9459E-11 1.0112E-10 1.0279E-10 1.0447E-10 1.0616E-10 1.0786E-10 1.0957E-10 1.1129E-10 1.1301E-10
