Assets/Resources/2015_m01_d11_1000(utc+0800)_l00_csi_1hr_conc.grd
DSAA
         159         159
     -79.000      79.000
     -79.000      79.000
  0.0000E+00  0.2839E-05
[rows 0 to 24 of 159, columns 57 to 113 of 159]
6.4740E-12 8.5898E-12 1.0903E-11 1.3284E-11 1.5804E-11 1.8895E-11 2.2223E-11 2.5841E-11 2.9674E-11 3.3232E-11 3.6866E-11 4.0882E-11 4.4892E-11 4.8995E-11 5.2903E-11 5.6807E-11 6.0183E-11 6.3532E-11 6.6583E-11 6.9390E-11 7.2071E-11 7.4647E-11 7.7132E-11 7.9204E-11 8.1163E-11 8.2444E-11 8.3415E-11 8.3777E-11 8.3712E-11 8.3054E-11 8.2312E-11 8.0540E-11 7.9164E-11 7.7395E-11 7.5402E-11 7.3048E-11 7.0154E-11 6.7433E-11 6.4958E-11 6.2179E-11 5.9118E-11 5.6052E-11 5.2616E-11 4.9341E-11 4.7168E-11 4.4210E-11 4.1983E-11 3.9342E-11 3.7058E-11 3.4374E-11 3.1841E-11 2.9625E-11 2.9113E-11 2.8085E-11 2.7041E-11 2.5647E-11 2.4422E-11
1.0019E-11 1.2646E-11 1.5434E-11 1.8713E-11 2.2478E-11 2.6564E-11 3.0909E-11 3.4925E-11 3.9485E-11 4.4339E-11 4.9229E-11 5.4317E-11 5.9374E-11 6.4204E-11 6.8928E-11 7.3648E-11 7.8201E-11 8.2662E-11 8.6666E-11 9.0202E-11 9.3334E-11 9.6765E-11 9.9580E-11 1.0260E-10 1.0497E-10 1.0666E-10 1.0782E-10 1.0819E-10 1.0811E-10 1.0761E-10 1.0651E-10 1.0488E-10 1.0308E-10 1.0046E-10 9.8495E-11 9.5581E-11 9.2535E-11 8.8765E-11 8.5110E-11 8.1159E-11 7.6662E-11 7.3759E-11 7.0233E-11 6.6589E-11 6.3533E-11 6.0149E-11 5.6872E-11 5.3157E-11 5.0304E-11 4.8032E-11 4.5094E-11 4.3419E-11 4.0724E-11 3.8242E-11 3.6310E-11 3.4425E-11 3.2554E-11
1.4327E-11 1.7598E-11 2.1611E-11 2.6056E-11 3.0619E-11 3.5213E-11 4.0529E-11 4.6186E-11 5.2137E-11 5.8407E-11 6.4505E-11 7.0498E-11 7.6823E-11 8.3159E-11 8.9445E-11 9.5489E-11 1.0132E-10 1.0648E-10 1.1130E-10 1.1555E-10 1.1993E-10 1.2405E-10 1.2815E-10 1.3144E-10 1.3380E-10 1.3597E-10 1.3724E-10 1.3807E-10 1.3812E-10 1.3744E-10 1.3611E-10 1.3461E-10 1.3181E-10 1.2910E-10 1.2523E-10 1.2177E-10 1.1785E-10 1.1329E-10 1.0876E-10 1.0500E-10 1.0154E-10 9.6902E-11 9.2814E-11 8.8487E-11 8.3390E-11 7.9448E-11 7.5666E-11 7.1223E-11 6.7908E-11 6.4527E-11 6.0341E-11 5.6410E-11 5.3372E-11 5.0772E-11 4.9037E-11 4.7037E-11 4.4644E-11
1.9743E-11 2.4264E-11 2.9097E-11 3.4242E-11 3.9992E-11 4.6342E-11 5.3194E-11 6.0537E-11 6.7576E-11 7.4983E-11 8.2792E-11 9.0536E-11 9.8402E-11 1.0609E-10 1.1355E-10 1.2067E-10 1.2764E-10 1.3407E-10 1.4029E-10 1.4643E-10 1.5197E-10 1.5736E-10 1.6230E-10 1.6608E-10 1.6947E-10 1.7186E-10 1.7286E-10 1.7382E-10 1.7378E-10 1.7304E-10 1.7161E-10 1.6935E-10 1.6620E-10 1.6283E-10 1.5829E-10 1.5359E-10 1.4931E-10 1.4479E-10 1.3949E-10 1.3450E-10 1.2887E-10 1.2294E-10 1.1788E-10 1.1256E-10 1.0684E-10 1.0215E-10 9.7203E-11 9.2459E-11 8.6936E-11 8.2340E-11 7.8335E-11 7.4080E-11 7.0516E-11 6.7194E-11 6.3236E-11 6.0162E-11 5.7201E-11
2.6499E-11 3.1940E-11 3.8130E-11 4.5676E-11 5.3889E-11 6.2208E-11 7.0773E-11 8.0212E-11 8.9938E-11 9.9692E-11 1.0911E-10 1.1849E-10 1.2747E-10 1.3609E-10 1.4426E-10 1.5269E-10 1.6096E-10 1.6868E-10 1.7679E-10 1.8385E-10 1.9102E-10 1.9756E-10 2.0318E-10 2.0851E-10 2.1219E-10 2.1478E-10 2.1670E-10 2.1706E-10 2.1672E-10 2.1573E-10 2.1373E-10 2.1082E-10 2.0749E-10 2.0271E-10 1.9819E-10 1.9248E-10 1.8654E-10 1.8068E-10 1.7425E-10 1.6739E-10 1.6145E-10 1.5556E-10 1.4900E-10 1.4274E-10 1.3643E-10 1.2949E-10 1.2268E-10 1.1724E-10 1.1115E-10 1.0546E-10 1.0089E-10 9.5221E-11 8.9589E-11 8.4738E-11 8.0235E-11 7.6956E-11 7.4191E-11
3.7891E-11 4.6546E-11 5.6216E-11 6.6245E-11 7.6423E-11 8.6682E-11 9.7545E-11 1.0905E-10 1.2112E-10 1.3220E-10 1.4302E-10 1.5450E-10 1.6493E-10 1.7489E-10 1.8454E-10 1.9388E-10 2.0252E-10 2.1056E-10 2.1976E-10 2.2881E-10 2.3739E-10 2.4548E-10 2.5249E-10 2.5863E-10 2.6282E-10 2.6624E-10 2.6826E-10 2.6839E-10 2.6809E-10 2.6560E-10 2.6320E-10 2.5989E-10 2.5587E-10 2.5067E-10 2.4515E-10 2.3828E-10 2.3138E-10 2.2382E-10 2.1682E-10 2.0939E-10 2.0142E-10 1.9289E-10 1.8424E-10 1.7673E-10 1.6855E-10 1.6056E-10 1.5334E-10 1.4623E-10 1.3955E-10 1.3219E-10 1.2543E-10 1.1926E-10 1.1333E-10 1.0778E-10 1.0242E-10 9.7187E-11 9.2490E-11
6.5833E-11 7.6698E-11 8.7420E-11 9.7995E-11 1.0941E-10 1.2206E-10 1.3576E-10 1.4943E-10 1.6292E-10 1.7608E-10 1.8983E-10 2.0217E-10 2.1375E-10 2.2486E-10 2.3573E-10 2.4534E-10 2.5453E-10 2.6554E-10 2.7518E-10 2.8450E-10 2.9423E-10 3.0360E-10 3.1125E-10 3.1791E-10 3.2361E-10 3.2703E-10 3.2881E-10 3.2945E-10 3.2833E-10 3.2606E-10 3.2201E-10 3.1802E-10 3.1291E-10 3.0715E-10 2.9985E-10 2.9211E-10 2.8366E-10 2.7479E-10 2.6548E-10 2.5610E-10 2.4615E-10 2.3685E-10 2.2734E-10 2.1804E-10 2.0875E-10 1.9919E-10 1.8988E-10 1.8081E-10 1.7166E-10 1.6367E-10 1.5585E-10 1.4833E-10 1.4115E-10 1.3373E-10 1.2661E-10 1.1988E-10 1.1514E-10
1.0317E-10 1.1695E-10 1.3124E-10 1.4627E-10 1.6144E-10 1.7632E-10 1.9017E-10 2.0419E-10 2.1818E-10 2.3469E-10 2.4913E-10 2.6162E-10 2.7505E-10 2.8806E-10 2.9880E-10 3.0939E-10 3.2097E-10 3.3101E-10 3.4023E-10 3.5250E-10 3.6297E-10 3.7234E-10 3.8181E-10 3.8849E-10 3.9439E-10 3.9800E-10 4.0033E-10 4.0076E-10 3.9894E-10 3.9673E-10 3.9194E-10 3.8631E-10 3.8007E-10 3.7281E-10 3.6432E-10 3.5565E-10 3.4538E-10 3.3474E-10 3.2362E-10 3.1196E-10 3.0103E-10 2.8976E-10 2.7766E-10 2.6502E-10 2.5390E-10 2.4238E-10 2.3076E-10 2.2053E-10 2.1013E-10 2.0019E-10 1.9075E-10 1.8159E-10 1.7229E-10 1.6425E-10 1.5634E-10 1.4898E-10 1.4130E-10
1.7592E-10 1.8916E-10 2.0057E-10 2.1652E-10 2.3222E-10 2.4777E-10 2.6343E-10 2.7904E-10 2.9732E-10 3.1250E-10 3.2521E-10 3.4141E-10 3.5553E-10 3.6678E-10 3.7890E-10 3.9152E-10 4.0032E-10 4.1109E-10 4.2463E-10 4.3474E-10 4.4629E-10 4.5706E-10 4.6457E-10 4.7220E-10 4.7795E-10 4.8180E-10 4.8373E-10 4.8372E-10 4.8217E-10 4.7879E-10 4.7370E-10 4.6663E-10 4.5802E-10 4.4917E-10 4.3966E-10 4.2871E-10 4.1671E-10 4.0366E-10 3.9060E-10 3.7699E-10 3.6281E-10 3.4882E-10 3.3535E-10 3.2115E-10 3.0745E-10 2.9429E-10 2.8102E-10 2.6773E-10 2.5521E-10 2.4306E-10 2.3124E-10 2.2098E-10 2.1049E-10 2.0027E-10 1.9038E-10 1.8051E-10 1.7161E-10
2.7164E-10 2.8899E-10 3.0622E-10 3.1967E-10 3.3271E-10 3.4928E-10 3.6917E-10 3.8581E-10 3.9869E-10 4.1228E-10 4.3006E-10 4.4357E-10 4.5324E-10 4.6674E-10 4.7963E-10 4.8889E-10 4.9993E-10 5.1225E-10 5.2265E-10 5.3335E-10 5.4546E-10 5.5511E-10 5.6381E-10 5.7077E-10 5.7561E-10 5.7979E-10 5.8063E-10 5.8087E-10 5.7889E-10 5.7425E-10 5.6780E-10 5.5921E-10 5.4940E-10 5.3799E-10 5.2660E-10 5.1263E-10 4.9880E-10 4.8368E-10 4.6829E-10 4.5221E-10 4.3553E-10 4.1871E-10 4.0307E-10 3.8592E-10 3.6884E-10 3.5276E-10 3.3691E-10 3.2062E-10 3.0658E-10 2.9260E-10 2.7851E-10 2.6564E-10 2.5333E-10 2.4047E-10 2.2908E-10 2.1800E-10 2.0784E-10
4.1489E-10 4.3708E-10 4.5557E-10 4.7090E-10 4.8553E-10 4.9719E-10 5.0734E-10 5.2062E-10 5.3578E-10 5.5349E-10 5.6116E-10 5.7242E-10 5.8577E-10 5.9282E-10 6.0273E-10 6.1298E-10 6.2291E-10 6.3198E-10 6.4280E-10 6.5385E-10 6.6389E-10 6.7396E-10 6.8066E-10 6.8633E-10 6.9077E-10 6.9325E-10 6.9478E-10 6.9282E-10 6.8981E-10 6.8414E-10 6.7684E-10 6.6684E-10 6.5515E-10 6.4149E-10 6.2592E-10 6.1096E-10 5.9456E-10 5.7678E-10 5.5798E-10 5.3864E-10 5.1869E-10 4.9857E-10 4.7857E-10 4.5960E-10 4.4006E-10 4.2064E-10 4.0290E-10 3.8491E-10 3.6671E-10 3.4980E-10 3.3343E-10 3.1671E-10 3.0252E-10 2.8861E-10 2.7453E-10 2.6110E-10 2.4809E-10
6.0958E-10 6.3409E-10 6.5469E-10 6.7558E-10 6.8854E-10 6.9902E-10 7.0834E-10 7.1676E-10 7.2211E-10 7.2767E-10 7.3550E-10 7.4282E-10 7.4895E-10 7.5275E-10 7.5558E-10 7.6470E-10 7.7141E-10 7.7735E-10 7.8838E-10 7.9650E-10 8.0167E-10 8.1111E-10 8.1742E-10 8.2052E-10 8.2483E-10 8.2599E-10 8.2510E-10 8.2200E-10 8.1668E-10 8.1049E-10 8.0116E-10 7.8962E-10 7.7509E-10 7.5876E-10 7.4094E-10 7.2216E-10 7.0225E-10 6.8184E-10 6.5971E-10 6.3759E-10 6.1491E-10 5.9157E-10 5.6770E-10 5.4558E-10 5.2233E-10 4.9924E-10 4.7719E-10 4.5600E-10 4.3425E-10 4.1394E-10 3.9529E-10 3.7680E-10 3.5923E-10 3.4267E-10 3.2558E-10 3.0986E-10 2.9520E-10
8.7683E-10 9.1044E-10 9.3690E-10 9.5488E-10 9.6618E-10 9.7289E-10 9.7497E-10 9.7241E-10 9.6990E-10 9.5993E-10 9.6176E-10 9.5922E-10 9.5676E-10 9.5384E-10 9.5186E-10 9.4824E-10 9.5232E-10 9.5717E-10 9.5854E-10 9.6402E-10 9.6945E-10 9.7230E-10 9.7746E-10 9.7937E-10 9.7863E-10 9.7855E-10 9.7340E-10 9.7017E-10 9.6272E-10 9.5315E-10 9.4138E-10 9.2759E-10 9.1093E-10 8.9205E-10 8.7050E-10 8.4735E-10 8.2348E-10 7.9924E-10 7.7427E-10 7.4809E-10 7.2148E-10 6.9427E-10 6.6733E-10 6.4025E-10 6.1472E-10 5.8872E-10 5.6281E-10 5.3770E-10 5.1373E-10 4.8987E-10 4.6733E-10 4.4552E-10 4.2323E-10 4.0391E-10 3.8490E-10 3.6649E-10 3.4900E-10
1.2433E-09 1.2829E-09 1.3078E-09 1.3213E-09 1.3324E-09 1.3313E-09 1.3228E-09 1.3109E-09 1.2958E-09 1.2774E-09 1.2499E-09 1.2302E-09 1.2175E-09 1.2066E-09 1.1894E-09 1.1787E-09 1.1705E-09 1.1677E-09 1.1638E-09 1.1633E-09 1.1632E-09 1.1599E-09 1.1599E-09 1.1595E-09 1.1548E-09 1.1511E-09 1.1457E-09 1.1360E-09 1.1268E-09 1.1141E-09 1.0996E-09 1.0827E-09 1.0635E-09 1.0406E-09 1.0159E-09 9.8878E-10 9.6013E-10 9.3198E-10 9.0287E-10 8.7223E-10 8.4165E-10 8.1043E-10 7.7893E-10 7.4647E-10 7.1685E-10 6.8620E-10 6.5655E-10 6.2734E-10 6.0005E-10 5.7253E-10 5.4599E-10 5.2124E-10 4.9660E-10 4.7339E-10 4.5202E-10 4.2975E-10 4.0919E-10
1.7278E-09 1.7746E-09 1.8047E-09 1.8202E-09 1.8178E-09 1.8027E-09 1.7781E-09 1.7474E-09 1.7092E-09 1.6697E-09 1.6238E-09 1.5822E-09 1.5431E-09 1.5149E-09 1.4869E-09 1.4593E-09 1.4372E-09 1.4188E-09 1.4088E-09 1.3962E-09 1.3858E-09 1.3793E-09 1.3715E-09 1.3650E-09 1.3574E-09 1.3459E-09 1.3382E-09 1.3250E-09 1.3108E-09 1.2957E-09 1.2765E-09 1.2563E-09 1.2334E-09 1.2069E-09 1.1780E-09 1.1470E-09 1.1143E-09 1.0797E-09 1.0459E-09 1.0111E-09 9.7519E-10 9.3901E-10 9.0240E-10 8.6575E-10 8.2956E-10 7.9540E-10 7.6123E-10 7.2747E-10 6.9521E-10 6.6436E-10 6.3348E-10 6.0499E-10 5.7760E-10 5.4959E-10 5.2474E-10 4.9989E-10 4.7566E-10
2.3663E-09 2.4230E-09 2.4531E-09 2.4571E-09 2.4383E-09 2.4093E-09 2.3595E-09 2.3003E-09 2.2364E-09 2.1683E-09 2.1001E-09 2.0245E-09 1.9496E-09 1.8914E-09 1.8479E-09 1.7964E-09 1.7551E-09 1.7213E-09 1.6903E-09 1.6659E-09 1.6470E-09 1.6293E-09 1.6118E-09 1.5964E-09 1.5850E-09 1.5684E-09 1.5536E-09 1.5379E-09 1.5172E-09 1.4974E-09 1.4757E-09 1.4500E-09 1.4225E-09 1.3920E-09 1.3585E-09 1.3228E-09 1.2846E-09 1.2445E-09 1.2048E-09 1.1647E-09 1.1233E-09 1.0817E-09 1.0399E-09 9.9817E-10 9.5528E-10 9.1662E-10 8.7743E-10 8.3873E-10 8.0125E-10 7.6624E-10 7.3159E-10 6.9803E-10 6.6676E-10 6.3510E-10 6.0567E-10 5.7854E-10 5.5041E-10
3.1868E-09 3.2521E-09 3.2821E-09 3.2771E-09 3.2431E-09 3.1815E-09 3.0989E-09 3.0010E-09 2.8983E-09 2.7877E-09 2.6790E-09 2.5657E-09 2.4590E-09 2.3583E-09 2.2777E-09 2.2055E-09 2.1324E-09 2.0749E-09 2.0208E-09 1.9820E-09 1.9466E-09 1.9130E-09 1.8877E-09 1.8635E-09 1.8410E-09 1.8199E-09 1.7942E-09 1.7738E-09 1.7490E-09 1.7220E-09 1.6957E-09 1.6642E-09 1.6320E-09 1.5976E-09 1.5586E-09 1.5170E-09 1.4732E-09 1.4282E-09 1.3806E-09 1.3348E-09 1.2873E-09 1.2403E-09 1.1926E-09 1.1450E-09 1.0972E-09 1.0505E-09 1.0062E-09 9.6259E-10 9.1907E-10 8.7854E-10 8.3952E-10 7.9982E-10 7.6427E-10 7.2994E-10 6.9492E-10 6.6396E-10 6.3305E-10
4.2209E-09 4.3002E-09 4.3275E-09 4.3073E-09 4.2423E-09 4.1415E-09 4.0168E-09 3.8700E-09 3.7102E-09 3.5501E-09 3.3896E-09 3.2359E-09 3.0778E-09 2.9179E-09 2.7956E-09 2.6871E-09 2.5792E-09 2.4876E-09 2.4128E-09 2.3418E-09 2.2879E-09 2.2409E-09 2.1996E-09 2.1617E-09 2.1263E-09 2.0981E-09 2.0652E-09 2.0355E-09 2.0061E-09 1.9713E-09 1.9376E-09 1.9031E-09 1.8632E-09 1.8222E-09 1.7779E-09 1.7306E-09 1.6813E-09 1.6293E-09 1.5744E-09 1.5213E-09 1.4683E-09 1.4142E-09 1.3607E-09 1.3066E-09 1.2528E-09 1.1983E-09 1.1488E-09 1.0990E-09 1.0505E-09 1.0024E-09 9.5802E-10 9.1458E-10 8.7247E-10 8.3323E-10 7.9408E-10 7.5748E-10 7.2369E-10
5.5008E-09 5.5964E-09 5.6192E-09 5.5774E-09 5.4766E-09 5.3316E-09 5.1480E-09 4.9352E-09 4.7102E-09 4.4791E-09 4.2504E-09 4.0301E-09 3.8114E-09 3.6016E-09 3.4128E-09 3.2481E-09 3.1077E-09 2.9705E-09 2.8606E-09 2.7576E-09 2.6797E-09 2.6122E-09 2.5477E-09 2.4972E-09 2.4503E-09 2.4066E-09 2.3680E-09 2.3241E-09 2.2882E-09 2.2477E-09 2.2041E-09 2.1633E-09 2.1165E-09 2.0680E-09 2.0183E-09 1.9641E-09 1.9078E-09 1.8486E-09 1.7883E-09 1.7261E-09 1.6664E-09 1.6052E-09 1.5443E-09 1.4833E-09 1.4230E-09 1.3619E-09 1.3044E-09 1.2487E-09 1.1936E-09 1.1388E-09 1.0888E-09 1.0398E-09 9.9035E-10 9.4619E-10 9.0309E-10 8.6018E-10 8.2193E-10
7.0513E-09 7.1660E-09 7.1864E-09 7.1186E-09 6.9751E-09 6.7677E-09 6.5087E-09 6.2184E-09 5.9060E-09 5.5889E-09 5.2774E-09 4.9760E-09 4.6912E-09 4.4071E-09 4.1337E-09 3.9131E-09 3.7152E-09 3.5319E-09 3.3729E-09 3.2424E-09 3.1201E-09 3.0269E-09 2.9422E-09 2.8714E-09 2.8071E-09 2.7456E-09 2.6974E-09 2.6450E-09 2.5957E-09 2.5480E-09 2.4950E-09 2.4461E-09 2.3938E-09 2.3363E-09 2.2792E-09 2.2180E-09 2.1540E-09 2.0885E-09 2.0205E-09 1.9487E-09 1.8813E-09 1.8135E-09 1.7444E-09 1.6766E-09 1.6087E-09 1.5418E-09 1.4738E-09 1.4117E-09 1.3505E-09 1.2896E-09 1.2307E-09 1.1760E-09 1.1210E-09 1.0700E-09 1.0222E-09 9.7330E-10 9.2911E-10
8.8922E-09 9.0355E-09 9.0531E-09 8.9549E-09 8.7561E-09 8.4753E-09 8.1350E-09 7.7474E-09 7.3337E-09 6.9108E-09 6.4941E-09 6.0909E-09 5.7097E-09 5.3377E-09 4.9896E-09 4.6839E-09 4.4098E-09 4.1790E-09 3.9582E-09 3.7836E-09 3.6168E-09 3.4929E-09 3.3850E-09 3.2816E-09 3.2002E-09 3.1228E-09 3.0560E-09 2.9952E-09 2.9283E-09 2.8750E-09 2.8153E-09 2.7519E-09 2.6927E-09 2.6264E-09 2.5605E-09 2.4924E-09 2.4206E-09 2.3471E-09 2.2707E-09 2.1920E-09 2.1138E-09 2.0381E-09 1.9619E-09 1.8856E-09 1.8096E-09 1.7344E-09 1.6589E-09 1.5887E-09 1.5199E-09 1.4532E-09 1.3854E-09 1.3243E-09 1.2648E-09 1.2049E-09 1.1509E-09 1.0982E-09 1.0467E-09
1.1029E-08 1.1212E-08 1.1230E-08 1.1102E-08 1.0845E-08 1.0482E-08 1.0038E-08 9.5330E-09 8.9932E-09 8.4474E-09 7.9047E-09 7.3850E-09 6.8897E-09 6.4224E-09 5.9793E-09 5.5582E-09 5.2127E-09 4.9069E-09 4.6275E-09 4.3906E-09 4.1896E-09 4.0103E-09 3.8681E-09 3.7378E-09 3.6326E-09 3.5359E-09 3.4448E-09 3.3716E-09 3.2937E-09 3.2245E-09 3.1560E-09 3.0798E-09 3.0125E-09 2.9399E-09 2.8628E-09 2.7869E-09 2.7069E-09 2.6246E-09 2.5399E-09 2.4536E-09 2.3640E-09 2.2797E-09 2.1950E-09 2.1102E-09 2.0259E-09 1.9426E-09 1.8605E-09 1.7793E-09 1.7035E-09 1.6288E-09 1.5550E-09 1.4849E-09 1.4188E-09 1.3523E-09 1.2915E-09 1.2335E-09 1.1749E-09
1.3466E-08 1.3699E-08 1.3728E-08 1.3570E-08 1.3247E-08 1.2788E-08 1.2226E-08 1.1594E-08 1.0919E-08 1.0225E-08 9.5404E-09 8.8792E-09 8.2433E-09 7.6507E-09 7.0918E-09 6.5700E-09 6.1287E-09 5.7252E-09 5.3884E-09 5.0727E-09 4.8206E-09 4.5812E-09 4.4033E-09 4.2450E-09 4.0999E-09 3.9812E-09 3.8688E-09 3.7765E-09 3.6883E-09 3.5978E-09 3.5216E-09 3.4359E-09 3.3524E-09 3.2719E-09 3.1839E-09 3.0998E-09 3.0122E-09 2.9200E-09 2.8272E-09 2.7316E-09 2.6329E-09 2.5377E-09 2.4438E-09 2.3501E-09 2.2580E-09 2.1667E-09 2.0758E-09 1.9842E-09 1.9006E-09 1.8184E-09 1.7379E-09 1.6582E-09 1.5847E-09 1.5131E-09 1.4432E-09 1.3787E-09 1.3148E-09
1.6185E-08 1.6485E-08 1.6536E-08 1.6351E-08 1.5963E-08 1.5405E-08 1.4718E-08 1.3937E-08 1.3097E-08 1.2237E-08 1.1389E-08 1.0562E-08 9.7762E-09 9.0394E-09 8.3593E-09 7.7268E-09 7.1437E-09 6.6486E-09 6.2264E-09 5.8335E-09 5.5110E-09 5.2240E-09 4.9875E-09 4.7890E-09 4.6078E-09 4.4638E-09 4.3294E-09 4.2087E-09 4.1065E-09 3.9980E-09 3.9064E-09 3.8114E-09 3.7110E-09 3.6222E-09 3.5260E-09 3.4299E-09 3.3333E-09 3.2338E-09 3.1312E-09 3.0268E-09 2.9199E-09 2.8114E-09 2.7089E-09 2.6067E-09 2.5049E-09 2.4045E-09 2.3050E-09 2.2061E-09 2.1111E-09 2.0212E-09 1.9327E-09 1.8447E-09 1.7635E-09 1.6848E-09 1.6061E-09 1.5351E-09 1.4657E-09
1.9154E-08 1.9538E-08 1.9626E-08 1.9431E-08 1.8982E-08 1.8321E-08 1.7493E-08 1.6552E-08 1.5544E-08 1.4508E-08 1.3474E-08 1.2466E-08 1.1501E-08 1.0596E-08 9.7649E-09 8.9953E-09 8.2788E-09 7.6848E-09 7.1444E-09 6.6812E-09 6.2674E-09 5.9235E-09 5.6137E-09 5.3731E-09 5.1585E-09 4.9740E-09 4.8154E-09 4.6680E-09 4.5467E-09 4.4250E-09 4.3103E-09 4.2062E-09 4.0922E-09 3.9889E-09 3.8852E-09 3.7755E-09 3.6705E-09 3.5621E-09 3.4509E-09 3.3373E-09 3.2204E-09 3.1017E-09 2.9889E-09 2.8770E-09 2.7658E-09 2.6563E-09 2.5489E-09 2.4416E-09 2.3348E-09 2.2362E-09 2.1406E-09 2.0454E-09 1.9533E-09 1.8677E-09 1.7825E-09 1.7018E-09 1.6265E-09
