Assets/Resources/2015_m01_d25_0100(utc+0800)_l00_csi_1hr_conc.grd
DSAA
         159         159
     -79.000      79.000
     -79.000      79.000
  0.0000E+00  0.3811E-05
[rows 0 to 24 of 159, columns 0 to 56 of 159]
2.8638E-09 3.1613E-09 3.4784E-09 3.8150E-09 4.1668E-09 4.5350E-09 4.9143E-09 5.3006E-09 5.6914E-09 6.0818E-09 6.4654E-09 6.8386E-09 7.1959E-09 7.5311E-09 7.8375E-09 8.1095E-09 8.3434E-09 8.5306E-09 8.6671E-09 8.7501E-09 8.7739E-09 8.7369E-09 8.6410E-09 8.4864E-09 8.2751E-09 8.0107E-09 7.7011E-09 7.3508E-09 6.9658E-09 6.5534E-09 6.1225E-09 5.6787E-09 5.2289E-09 4.7787E-09 4.3334E-09 3.8989E-09 3.4795E-09 3.0797E-09 2.7025E-09 2.3503E-09 2.0241E-09 1.7262E-09 1.4581E-09 1.2157E-09 1.0016E-09 8.1796E-10 6.5737E-10 5.2069E-10 4.0855E-10 3.0800E-10 2.1770E-10 1.4615E-10 9.2033E-11 5.0372E-11 3.5585E-11 2.4172E-11 1.6214E-11
2.9173E-09 3.2254E-09 3.5570E-09 3.9072E-09 4.2769E-09 4.6630E-09 5.0609E-09 5.4695E-09 5.8838E-09 6.2982E-09 6.7092E-09 7.1110E-09 7.4976E-09 7.8624E-09 8.1997E-09 8.5042E-09 8.7659E-09 8.9820E-09 9.1460E-09 9.2527E-09 9.2964E-09 9.2782E-09 9.1969E-09 9.0514E-09 8.8465E-09 8.5862E-09 8.2745E-09 7.9172E-09 7.5228E-09 7.0985E-09 6.6512E-09 6.1875E-09 5.7141E-09 5.2380E-09 4.7662E-09 4.3035E-09 3.8553E-09 3.4256E-09 3.0184E-09 2.6367E-09 2.2825E-09 1.9563E-09 1.6605E-09 1.3923E-09 1.1547E-09 9.4910E-10 7.6887E-10 6.1439E-10 4.8652E-10 3.7438E-10 2.6949E-10 1.8503E-10 1.2327E-10 7.1889E-11 5.0827E-11 3.5690E-11 2.4700E-11
2.9529E-09 3.2727E-09 3.6154E-09 3.9787E-09 4.3633E-09 4.7644E-09 5.1810E-09 5.6100E-09 6.0452E-09 6.4837E-09 6.9210E-09 7.3499E-09 7.7658E-09 8.1613E-09 8.5301E-09 8.8639E-09 9.1576E-09 9.4042E-09 9.5964E-09 9.7270E-09 9.7956E-09 9.7989E-09 9.7334E-09 9.6028E-09 9.4085E-09 9.1538E-09 8.8438E-09 8.4856E-09 8.0859E-09 7.6521E-09 7.1904E-09 6.7096E-09 6.2171E-09 5.7190E-09 5.2222E-09 4.7323E-09 4.2547E-09 3.7947E-09 3.3563E-09 2.9436E-09 2.5592E-09 2.2051E-09 1.8812E-09 1.5848E-09 1.3214E-09 1.0919E-09 8.9091E-10 7.1709E-10 5.7223E-10 4.4588E-10 3.3187E-10 2.3556E-10 1.6034E-10 9.7723E-11 7.1118E-11 5.1350E-11 3.5303E-11
2.9725E-09 3.3010E-09 3.6521E-09 4.0271E-09 4.4233E-09 4.8386E-09 5.2720E-09 5.7177E-09 6.1732E-09 6.6349E-09 7.0959E-09 7.5521E-09 7.9961E-09 8.4211E-09 8.8204E-09 9.1863E-09 9.5120E-09 9.7884E-09 1.0009E-08 1.0169E-08 1.0264E-08 1.0289E-08 1.0245E-08 1.0133E-08 9.9521E-09 9.7072E-09 9.4043E-09 9.0492E-09 8.6479E-09 8.2080E-09 7.7383E-09 7.2456E-09 6.7367E-09 6.2188E-09 5.6984E-09 5.1832E-09 4.6790E-09 4.1908E-09 3.7232E-09 3.2805E-09 2.8659E-09 2.4820E-09 2.1302E-09 1.8063E-09 1.5148E-09 1.2595E-09 1.0344E-09 8.3997E-10 6.7603E-10 5.3395E-10 4.0357E-10 2.9150E-10 2.0505E-10 1.3209E-10 9.5479E-11 6.9438E-11 4.9906E-11
2.9748E-09 3.3083E-09 3.6672E-09 4.0503E-09 4.4561E-09 4.8839E-09 5.3301E-09 5.7916E-09 6.2657E-09 6.7474E-09 7.2317E-09 7.7122E-09 8.1836E-09 8.6370E-09 9.0665E-09 9.4641E-09 9.8202E-09 1.0128E-08 1.0380E-08 1.0570E-08 1.0691E-08 1.0743E-08 1.0725E-08 1.0632E-08 1.0469E-08 1.0240E-08 9.9494E-09 9.6003E-09 9.2025E-09 8.7631E-09 8.2893E-09 7.7876E-09 7.2656E-09 6.7321E-09 6.1938E-09 5.6574E-09 5.1290E-09 4.6142E-09 4.1178E-09 3.6446E-09 3.1990E-09 2.7841E-09 2.4015E-09 2.0500E-09 1.7300E-09 1.4468E-09 1.1968E-09 9.7855E-10 7.9383E-10 6.3184E-10 4.8826E-10 3.6235E-10 2.5990E-10 1.7218E-10 1.2645E-10 9.4530E-11 6.7634E-11
2.9587E-09 3.2949E-09 3.6590E-09 4.0472E-09 4.4613E-09 4.8979E-09 5.3549E-09 5.8303E-09 6.3194E-09 6.8196E-09 7.3241E-09 7.8285E-09 8.3235E-09 8.8050E-09 9.2638E-09 9.6909E-09 1.0079E-08 1.0417E-08 1.0701E-08 1.0920E-08 1.1073E-08 1.1155E-08 1.1161E-08 1.1094E-08 1.0955E-08 1.0745E-08 1.0469E-08 1.0133E-08 9.7448E-09 9.3105E-09 8.8361E-09 8.3310E-09 7.8030E-09 7.2589E-09 6.7060E-09 6.1506E-09 5.5997E-09 5.0598E-09 4.5366E-09 4.0352E-09 3.5599E-09 3.1142E-09 2.7006E-09 2.3188E-09 1.9715E-09 1.6597E-09 1.3803E-09 1.1370E-09 9.2815E-10 7.4663E-10 5.8442E-10 4.3988E-10 3.2254E-10 2.2239E-10 1.6396E-10 1.2199E-10 8.9863E-11
2.9228E-09 3.2611E-09 3.6268E-09 4.0188E-09 4.4378E-09 4.8800E-09 5.3460E-09 5.8315E-09 6.3337E-09 6.8490E-09 7.3716E-09 7.8955E-09 8.4146E-09 8.9213E-09 9.4070E-09 9.8627E-09 1.0281E-08 1.0651E-08 1.0965E-08 1.1217E-08 1.1402E-08 1.1514E-08 1.1551E-08 1.1513E-08 1.1399E-08 1.1212E-08 1.0958E-08 1.0641E-08 1.0266E-08 9.8413E-09 9.3746E-09 8.8728E-09 8.3429E-09 7.7917E-09 7.2280E-09 6.6594E-09 6.0922E-09 5.5324E-09 4.9861E-09 4.4587E-09 3.9551E-09 3.4792E-09 3.0343E-09 2.6210E-09 2.2429E-09 1.9033E-09 1.5961E-09 1.3235E-09 1.0888E-09 8.8164E-10 6.9896E-10 5.3643E-10 3.9912E-10 2.7956E-10 2.0883E-10 1.5840E-10 1.1717E-10
2.8688E-09 3.2065E-09 3.5714E-09 3.9646E-09 4.3849E-09 4.8312E-09 5.3024E-09 5.7956E-09 6.3069E-09 6.8349E-09 7.3722E-09 7.9138E-09 8.4533E-09 8.9823E-09 9.4927E-09 9.9767E-09 1.0422E-08 1.0822E-08 1.1168E-08 1.1453E-08 1.1671E-08 1.1815E-08 1.1885E-08 1.1879E-08 1.1794E-08 1.1637E-08 1.1409E-08 1.1113E-08 1.0759E-08 1.0352E-08 9.8987E-09 9.4046E-09 8.8780E-09 8.3278E-09 7.7607E-09 7.1836E-09 6.6032E-09 6.0250E-09 5.4571E-09 4.9048E-09 4.3738E-09 3.8684E-09 3.3925E-09 2.9473E-09 2.5370E-09 2.1659E-09 1.8295E-09 1.5292E-09 1.2632E-09 1.0316E-09 8.2640E-10 6.4315E-10 4.8499E-10 3.4949E-10 2.6352E-10 1.9953E-10 1.4926E-10
2.7977E-09 3.1315E-09 3.4941E-09 3.8850E-09 4.3044E-09 4.7512E-09 5.2250E-09 5.7217E-09 6.2401E-09 6.7767E-09 7.3252E-09 7.8818E-09 8.4377E-09 8.9869E-09 9.5196E-09 1.0027E-08 1.0499E-08 1.0929E-08 1.1306E-08 1.1623E-08 1.1873E-08 1.2053E-08 1.2158E-08 1.2185E-08 1.2135E-08 1.2010E-08 1.1811E-08 1.1546E-08 1.1219E-08 1.0834E-08 1.0398E-08 9.9199E-09 9.4057E-09 8.8624E-09 8.2964E-09 7.7146E-09 7.1262E-09 6.5374E-09 5.9541E-09 5.3826E-09 4.8287E-09 4.2974E-09 3.7921E-09 3.3154E-09 2.8734E-09 2.4685E-09 2.1005E-09 1.7698E-09 1.4761E-09 1.2113E-09 9.7848E-10 7.7086E-10 5.8956E-10 4.3085E-10 3.2703E-10 2.5103E-10 1.8893E-10
2.7101E-09 3.0376E-09 3.3953E-09 3.7814E-09 4.1971E-09 4.6417E-09 5.1139E-09 5.6122E-09 6.1330E-09 6.6751E-09 7.2318E-09 7.7989E-09 8.3681E-09 8.9331E-09 9.4856E-09 1.0014E-08 1.0511E-08 1.0967E-08 1.1373E-08 1.1722E-08 1.2007E-08 1.2221E-08 1.2362E-08 1.2426E-08 1.2413E-08 1.2324E-08 1.2161E-08 1.1931E-08 1.1635E-08 1.1279E-08 1.0870E-08 1.0415E-08 9.9177E-09 9.3858E-09 8.8282E-09 8.2519E-09 7.6624E-09 7.0667E-09 6.4711E-09 5.8822E-09 5.3061E-09 4.7487E-09 4.2144E-09 3.7064E-09 3.2315E-09 2.7925E-09 2.3910E-09 2.0279E-09 1.7013E-09 1.4081E-09 1.1473E-09 9.1470E-10 7.0728E-10 5.2599E-10 4.0389E-10 3.1047E-10 2.3537E-10
2.6073E-09 2.9270E-09 3.2770E-09 3.6555E-09 4.0653E-09 4.5037E-09 4.9720E-09 5.4678E-09 5.9878E-09 6.5314E-09 7.0926E-09 7.6658E-09 8.2447E-09 8.8224E-09 9.3891E-09 9.9357E-09 1.0455E-08 1.0935E-08 1.1369E-08 1.1748E-08 1.2066E-08 1.2316E-08 1.2494E-08 1.2597E-08 1.2623E-08 1.2574E-08 1.2453E-08 1.2261E-08 1.2002E-08 1.1682E-08 1.1306E-08 1.0878E-08 1.0405E-08 9.8952E-09 9.3546E-09 8.7884E-09 8.2025E-09 7.6052E-09 7.0041E-09 6.4050E-09 5.8130E-09 5.2354E-09 4.6760E-09 4.1401E-09 3.6337E-09 3.1609E-09 2.7233E-09 2.3247E-09 1.9645E-09 1.6372E-09 1.3448E-09 1.0812E-09 8.4718E-10 6.3791E-10 4.9172E-10 3.8124E-10 2.8999E-10
2.4906E-09 2.8011E-09 3.1406E-09 3.5100E-09 3.9103E-09 4.3401E-09 4.8014E-09 5.2908E-09 5.8068E-09 6.3484E-09 6.9089E-09 7.4851E-09 8.0691E-09 8.6545E-09 9.2326E-09 9.7937E-09 1.0331E-08 1.0832E-08 1.1292E-08 1.1700E-08 1.2049E-08 1.2334E-08 1.2550E-08 1.2692E-08 1.2760E-08 1.2755E-08 1.2677E-08 1.2528E-08 1.2313E-08 1.2034E-08 1.1695E-08 1.1303E-08 1.0864E-08 1.0382E-08 9.8633E-09 9.3141E-09 8.7422E-09 8.1530E-09 7.5520E-09 6.9472E-09 6.3437E-09 5.7474E-09 5.1634E-09 4.5995E-09 4.0613E-09 3.5541E-09 3.0809E-09 2.6457E-09 2.2469E-09 1.8839E-09 1.5588E-09 1.2687E-09 1.0037E-09 7.6467E-10 5.9593E-10 4.6392E-10 3.5464E-10
2.3629E-09 2.6619E-09 2.9894E-09 3.3466E-09 3.7352E-09 4.1537E-09 4.6045E-09 5.0847E-09 5.5927E-09 6.1282E-09 6.6845E-09 7.2588E-09 7.8435E-09 8.4322E-09 9.0177E-09 9.5887E-09 1.0140E-08 1.0661E-08 1.1142E-08 1.1576E-08 1.1956E-08 1.2275E-08 1.2528E-08 1.2711E-08 1.2822E-08 1.2862E-08 1.2830E-08 1.2729E-08 1.2560E-08 1.2327E-08 1.2033E-08 1.1685E-08 1.1284E-08 1.0837E-08 1.0350E-08 9.8282E-09 9.2762E-09 8.7006E-09 8.1073E-09 7.5020E-09 6.8922E-09 6.2835E-09 5.6823E-09 5.0947E-09 4.5286E-09 3.9888E-09 3.4796E-09 3.0057E-09 2.5677E-09 2.1671E-09 1.8050E-09 1.4788E-09 1.1848E-09 9.1497E-10 7.1577E-10 5.5987E-10 4.3007E-10
2.2261E-09 2.5115E-09 2.8252E-09 3.1686E-09 3.5429E-09 3.9475E-09 4.3849E-09 4.8525E-09 5.3492E-09 5.8742E-09 6.4227E-09 6.9909E-09 7.5715E-09 8.1594E-09 8.7474E-09 9.3244E-09 9.8858E-09 1.0421E-08 1.0921E-08 1.1379E-08 1.1787E-08 1.2138E-08 1.2426E-08 1.2649E-08 1.2804E-08 1.2890E-08 1.2908E-08 1.2857E-08 1.2738E-08 1.2555E-08 1.2313E-08 1.2012E-08 1.1657E-08 1.1254E-08 1.0807E-08 1.0318E-08 9.7946E-09 9.2414E-09 8.6642E-09 8.0681E-09 7.4603E-09 6.8453E-09 6.2299E-09 5.6215E-09 5.0287E-09 4.4568E-09 3.9122E-09 3.3994E-09 2.9198E-09 2.4772E-09 2.0751E-09 1.7143E-09 1.3849E-09 1.0810E-09 8.5277E-10 6.6938E-10 5.1717E-10
2.0824E-09 2.3527E-09 2.6513E-09 2.9786E-09 3.3366E-09 3.7249E-09 4.1461E-09 4.5983E-09 5.0800E-09 5.5914E-09 6.1276E-09 6.6852E-09 7.2576E-09 7.8406E-09 8.4261E-09 9.0047E-09 9.5724E-09 1.0118E-08 1.0634E-08 1.1112E-08 1.1543E-08 1.1923E-08 1.2246E-08 1.2508E-08 1.2706E-08 1.2839E-08 1.2905E-08 1.2906E-08 1.2841E-08 1.2714E-08 1.2525E-08 1.2278E-08 1.1977E-08 1.1625E-08 1.1223E-08 1.0777E-08 1.0291E-08 9.7693E-09 9.2162E-09 8.6367E-09 8.0360E-09 7.4199E-09 6.7964E-09 6.1736E-09 5.5591E-09 4.9588E-09 4.3797E-09 3.8271E-09 3.3053E-09 2.8211E-09 2.3775E-09 1.9744E-09 1.6077E-09 1.2721E-09 1.0106E-09 7.9742E-10 6.1729E-10
1.9339E-09 2.1881E-09 2.4700E-09 2.7798E-09 3.1198E-09 3.4896E-09 3.8921E-09 4.3261E-09 4.7896E-09 5.2840E-09 5.8042E-09 6.3472E-09 6.9074E-09 7.4805E-09 8.0595E-09 8.6355E-09 9.2042E-09 9.7556E-09 1.0282E-08 1.0775E-08 1.1228E-08 1.1634E-08 1.1988E-08 1.2287E-08 1.2526E-08 1.2705E-08 1.2822E-08 1.2875E-08 1.2867E-08 1.2796E-08 1.2666E-08 1.2480E-08 1.2237E-08 1.1940E-08 1.1593E-08 1.1198E-08 1.0758E-08 1.0275E-08 9.7538E-09 9.1987E-09 8.6154E-09 8.0094E-09 7.3862E-09 6.7545E-09 6.1223E-09 5.4966E-09 4.8850E-09 4.2948E-09 3.7313E-09 3.2016E-09 2.7123E-09 2.2662E-09 1.8580E-09 1.4829E-09 1.1860E-09 9.3931E-10 7.3109E-10
1.7830E-09 2.0203E-09 2.2844E-09 2.5755E-09 2.8957E-09 3.2453E-09 3.6272E-09 4.0400E-09 4.4829E-09 4.9571E-09 5.4577E-09 5.9825E-09 6.5267E-09 7.0857E-09 7.6538E-09 8.2224E-09 8.7873E-09 9.3399E-09 9.8732E-09 1.0377E-08 1.0847E-08 1.1275E-08 1.1657E-08 1.1989E-08 1.2268E-08 1.2491E-08 1.2656E-08 1.2762E-08 1.2810E-08 1.2799E-08 1.2731E-08 1.2606E-08 1.2426E-08 1.2193E-08 1.1907E-08 1.1570E-08 1.1182E-08 1.0748E-08 1.0269E-08 9.7498E-09 9.1922E-09 8.6005E-09 7.9828E-09 7.3485E-09 6.7041E-09 6.0571E-09 5.4161E-09 4.7883E-09 4.1829E-09 3.6096E-09 3.0751E-09 2.5825E-09 2.1298E-09 1.7164E-09 1.3826E-09 1.1004E-09 8.5970E-10
1.6317E-09 1.8516E-09 2.0972E-09 2.3686E-09 2.6680E-09 2.9958E-09 3.3551E-09 3.7450E-09 4.1646E-09 4.6159E-09 5.0940E-09 5.5974E-09 6.1215E-09 6.6625E-09 7.2156E-09 7.7720E-09 8.3290E-09 8.8779E-09 9.4117E-09 9.9225E-09 1.0404E-08 1.0850E-08 1.1257E-08 1.1619E-08 1.1933E-08 1.2198E-08 1.2409E-08 1.2567E-08 1.2670E-08 1.2720E-08 1.2715E-08 1.2655E-08 1.2543E-08 1.2377E-08 1.2157E-08 1.1884E-08 1.1559E-08 1.1183E-08 1.0755E-08 1.0277E-08 9.7529E-09 9.1896E-09 8.5914E-09 7.9643E-09 7.3153E-09 6.6531E-09 5.9876E-09 5.3272E-09 4.6831E-09 4.0652E-09 3.4825E-09 2.9412E-09 2.4414E-09 1.9839E-09 1.6047E-09 1.2825E-09 1.0077E-09
1.4821E-09 1.6844E-09 1.9110E-09 2.1620E-09 2.4397E-09 2.7447E-09 3.0799E-09 3.4454E-09 3.8398E-09 4.2658E-09 4.7186E-09 5.1978E-09 5.6985E-09 6.2180E-09 6.7522E-09 7.2921E-09 7.8366E-09 8.3765E-09 8.9067E-09 9.4193E-09 9.9086E-09 1.0368E-08 1.0793E-08 1.1181E-08 1.1527E-08 1.1828E-08 1.2083E-08 1.2290E-08 1.2448E-08 1.2556E-08 1.2614E-08 1.2622E-08 1.2579E-08 1.2483E-08 1.2334E-08 1.2134E-08 1.1878E-08 1.1565E-08 1.1196E-08 1.0773E-08 1.0297E-08 9.7686E-09 9.1941E-09 8.5794E-09 7.9322E-09 7.2607E-09 6.5740E-09 5.8834E-09 5.2010E-09 4.5395E-09 3.9105E-09 3.3207E-09 2.7705E-09 2.2686E-09 1.8449E-09 1.4818E-09 1.1678E-09
1.3362E-09 1.5208E-09 1.7282E-09 1.9585E-09 2.2139E-09 2.4953E-09 2.8059E-09 3.1455E-09 3.5133E-09 3.9123E-09 4.3377E-09 4.7900E-09 5.2645E-09 5.7594E-09 6.2707E-09 6.7903E-09 7.3180E-09 7.8444E-09 8.3659E-09 8.8752E-09 9.3668E-09 9.8342E-09 1.0274E-08 1.0681E-08 1.1055E-08 1.1389E-08 1.1683E-08 1.1935E-08 1.2144E-08 1.2309E-08 1.2429E-08 1.2504E-08 1.2530E-08 1.2508E-08 1.2437E-08 1.2311E-08 1.2128E-08 1.1888E-08 1.1590E-08 1.1230E-08 1.0806E-08 1.0323E-08 9.7859E-09 9.1981E-09 8.5637E-09 7.8919E-09 7.1923E-09 6.4789E-09 5.7651E-09 5.0643E-09 4.3876E-09 3.7456E-09 3.1448E-09 2.5953E-09 2.1215E-09 1.7080E-09 1.3506E-09
1.1956E-09 1.3626E-09 1.5509E-09 1.7604E-09 1.9935E-09 2.2509E-09 2.5362E-09 2.8494E-09 3.1897E-09 3.5601E-09 3.9566E-09 4.3801E-09 4.8260E-09 5.2939E-09 5.7790E-09 6.2748E-09 6.7815E-09 7.2905E-09 7.7992E-09 8.2997E-09 8.7886E-09 9.2582E-09 9.7067E-09 1.0129E-08 1.0522E-08 1.0883E-08 1.1212E-08 1.1504E-08 1.1761E-08 1.1979E-08 1.2159E-08 1.2298E-08 1.2395E-08 1.2449E-08 1.2453E-08 1.2406E-08 1.2306E-08 1.2147E-08 1.1922E-08 1.1630E-08 1.1274E-08 1.0851E-08 1.0360E-08 9.8038E-09 9.1896E-09 8.5249E-09 7.8205E-09 7.0892E-09 6.3461E-09 5.6065E-09 4.8849E-09 4.1942E-09 3.5420E-09 2.9423E-09 2.4149E-09 1.9533E-09 1.5530E-09
1.0614E-09 1.2114E-09 1.3808E-09 1.5699E-09 1.7809E-09 2.0148E-09 2.2746E-09 2.5609E-09 2.8732E-09 3.2144E-09 3.5810E-09 3.9740E-09 4.3897E-09 4.8278E-09 5.2845E-09 5.7533E-09 6.2360E-09 6.7232E-09 7.2144E-09 7.7010E-09 8.1828E-09 8.6497E-09 9.0996E-09 9.5312E-09 9.9388E-09 1.0322E-08 1.0678E-08 1.1005E-08 1.1303E-08 1.1571E-08 1.1806E-08 1.2007E-08 1.2174E-08 1.2300E-08 1.2382E-08 1.2419E-08 1.2402E-08 1.2325E-08 1.2184E-08 1.1976E-08 1.1694E-08 1.1335E-08 1.0900E-08 1.0390E-08 9.8097E-09 9.1636E-09 8.4640E-09 7.7240E-09 6.9598E-09 6.1884E-09 5.4247E-09 4.6840E-09 3.9793E-09 3.3267E-09 2.7461E-09 2.2318E-09 1.7780E-09
9.3496E-10 1.0684E-09 1.2198E-09 1.3892E-09 1.5784E-09 1.7888E-09 2.0236E-09 2.2835E-09 2.5675E-09 2.8791E-09 3.2152E-09 3.5769E-09 3.9613E-09 4.3680E-09 4.7943E-09 5.2340E-09 5.6890E-09 6.1511E-09 6.6211E-09 7.0902E-09 7.5578E-09 8.0155E-09 8.4631E-09 8.8982E-09 9.3136E-09 9.7111E-09 1.0088E-08 1.0445E-08 1.0779E-08 1.1089E-08 1.1374E-08 1.1635E-08 1.1865E-08 1.2062E-08 1.2224E-08 1.2343E-08 1.2410E-08 1.2423E-08 1.2372E-08 1.2249E-08 1.2049E-08 1.1769E-08 1.1403E-08 1.0950E-08 1.0412E-08 9.7950E-09 9.1099E-09 8.3702E-09 7.5920E-09 6.7924E-09 5.9902E-09 5.2044E-09 4.4492E-09 3.7431E-09 3.1045E-09 2.5313E-09 2.0272E-09
8.1713E-10 9.3489E-10 1.0690E-09 1.2192E-09 1.3877E-09 1.5757E-09 1.7860E-09 2.0197E-09 2.2760E-09 2.5583E-09 2.8637E-09 3.1940E-09 3.5460E-09 3.9206E-09 4.3148E-09 4.7231E-09 5.1482E-09 5.5829E-09 6.0271E-09 6.4739E-09 6.9238E-09 7.3683E-09 7.8066E-09 8.2370E-09 8.6549E-09 9.0616E-09 9.4535E-09 9.8307E-09 1.0194E-08 1.0541E-08 1.0872E-08 1.1184E-08 1.1473E-08 1.1740E-08 1.1976E-08 1.2174E-08 1.2330E-08 1.2434E-08 1.2474E-08 1.2445E-08 1.2339E-08 1.2145E-08 1.1855E-08 1.1469E-08 1.0986E-08 1.0412E-08 9.7532E-09 9.0238E-09 8.2407E-09 7.4221E-09 6.5881E-09 5.7587E-09 4.9536E-09 4.1914E-09 3.4963E-09 2.8666E-09 2.3045E-09
7.0828E-10 8.1153E-10 9.2928E-10 1.0615E-09 1.2102E-09 1.3765E-09 1.5636E-09 1.7720E-09 2.0011E-09 2.2547E-09 2.5297E-09 2.8289E-09 3.1487E-09 3.4904E-09 3.8514E-09 4.2275E-09 4.6211E-09 5.0249E-09 5.4414E-09 5.8631E-09 6.2898E-09 6.7145E-09 7.1390E-09 7.5610E-09 7.9753E-09 8.3816E-09 8.7819E-09 9.1743E-09 9.5601E-09 9.9356E-09 1.0304E-08 1.0661E-08 1.1006E-08 1.1335E-08 1.1640E-08 1.1918E-08 1.2159E-08 1.2352E-08 1.2489E-08 1.2559E-08 1.2550E-08 1.2449E-08 1.2248E-08 1.1943E-08 1.1530E-08 1.1010E-08 1.0391E-08 9.6841E-09 8.9057E-09 8.0760E-09 7.2161E-09 6.3499E-09 5.4989E-09 4.6843E-09 3.9287E-09 3.2337E-09 2.6096E-09
