Assets/Resources/2015_m01_d02_2300(utc+0800)_l00_csi_1hr_conc.grd
DSAA
         159         159
     -79.000      79.000
     -79.000      79.000
  0.0000E+00  0.3217E-04
[rows 25 to 49 of 159, columns 0 to 56 of 159]
1.2090E-10 1.3624E-10 1.5321E-10 1.7193E-10 1.9253E-10 2.1515E-10 2.4183E-10 2.6962E-10 2.9942E-10 3.3254E-10 3.6918E-10 4.0743E-10 4.6373E-10 5.2873E-10 5.8875E-10 6.7108E-10 7.6620E-10 8.7037E-10 9.7696E-10 1.0925E-09 1.2163E-09 1.3463E-09 1.4841E-09 1.6258E-09 1.7714E-09 1.9240E-09 2.0749E-09 2.2264E-09 2.3778E-09 2.5317E-09 2.6804E-09 2.8267E-09 2.9697E-09 3.1096E-09 3.2442E-09 3.3743E-09 3.4957E-09 3.6098E-09 3.7158E-09 3.8132E-09 3.9036E-09 3.9847E-09 4.0545E-09 4.1130E-09 4.1629E-09 4.2004E-09 4.2289E-09 4.2484E-09 4.2532E-09 4.2475E-09 4.2280E-09 4.2000E-09 4.1634E-09 4.1181E-09 4.0667E-09 4.0092E-09 3.9504E-09
1.1971E-10 1.3493E-10 1.5177E-10 1.7035E-10 1.9080E-10 2.1365E-10 2.4039E-10 2.6757E-10 2.9725E-10 3.3159E-10 3.6679E-10 4.0487E-10 4.6108E-10 5.1362E-10 5.8377E-10 6.6503E-10 7.5822E-10 8.5776E-10 9.7029E-10 1.0874E-09 1.2120E-09 1.3463E-09 1.4875E-09 1.6331E-09 1.7846E-09 1.9375E-09 2.0952E-09 2.2512E-09 2.4106E-09 2.5653E-09 2.7178E-09 2.8675E-09 3.0157E-09 3.1577E-09 3.2966E-09 3.4274E-09 3.5515E-09 3.6678E-09 3.7779E-09 3.8781E-09 3.9699E-09 4.0508E-09 4.1208E-09 4.1818E-09 4.2307E-09 4.2746E-09 4.3046E-09 4.3233E-09 4.3293E-09 4.3233E-09 4.3081E-09 4.2795E-09 4.2437E-09 4.2025E-09 4.1512E-09 4.0930E-09 4.0280E-09
1.1835E-10 1.3342E-10 1.5010E-10 1.6850E-10 1.8877E-10 2.1229E-10 2.3815E-10 2.6513E-10 2.9565E-10 3.2889E-10 3.6388E-10 4.0262E-10 4.5113E-10 5.0720E-10 5.7779E-10 6.5872E-10 7.4193E-10 8.4549E-10 9.6167E-10 1.0785E-09 1.2070E-09 1.3441E-09 1.4871E-09 1.6399E-09 1.7943E-09 1.9517E-09 2.1141E-09 2.2786E-09 2.4392E-09 2.5982E-09 2.7549E-09 2.9102E-09 3.0600E-09 3.2073E-09 3.3472E-09 3.4810E-09 3.6075E-09 3.7283E-09 3.8412E-09 3.9427E-09 4.0349E-09 4.1166E-09 4.1890E-09 4.2519E-09 4.3069E-09 4.3463E-09 4.3772E-09 4.3957E-09 4.4041E-09 4.4006E-09 4.3867E-09 4.3650E-09 4.3290E-09 4.2839E-09 4.2325E-09 4.1729E-09 4.1080E-09
1.1681E-10 1.3171E-10 1.4820E-10 1.6641E-10 1.8645E-10 2.0985E-10 2.3556E-10 2.6309E-10 2.9373E-10 3.2573E-10 3.6101E-10 3.9984E-10 4.4063E-10 5.0182E-10 5.7176E-10 6.3733E-10 7.2839E-10 8.3385E-10 9.4913E-10 1.0692E-09 1.1995E-09 1.3393E-09 1.4876E-09 1.6429E-09 1.8018E-09 1.9641E-09 2.1351E-09 2.3013E-09 2.4669E-09 2.6306E-09 2.7936E-09 2.9530E-09 3.1065E-09 3.2552E-09 3.3984E-09 3.5348E-09 3.6663E-09 3.7901E-09 3.9029E-09 4.0066E-09 4.1001E-09 4.1840E-09 4.2602E-09 4.3257E-09 4.3768E-09 4.4193E-09 4.4486E-09 4.4694E-09 4.4802E-09 4.4813E-09 4.4696E-09 4.4446E-09 4.4111E-09 4.3661E-09 4.3130E-09 4.2547E-09 4.1884E-09
1.1445E-10 1.2980E-10 1.4609E-10 1.6406E-10 1.8386E-10 2.0709E-10 2.3269E-10 2.6002E-10 2.9041E-10 3.2211E-10 3.5777E-10 3.9574E-10 4.3620E-10 4.9636E-10 5.5251E-10 6.2915E-10 7.1860E-10 8.2078E-10 9.2952E-10 1.0577E-09 1.1897E-09 1.3321E-09 1.4840E-09 1.6434E-09 1.8070E-09 1.9782E-09 2.1483E-09 2.3227E-09 2.4936E-09 2.6644E-09 2.8320E-09 2.9943E-09 3.1516E-09 3.3036E-09 3.4518E-09 3.5917E-09 3.7263E-09 3.8505E-09 3.9656E-09 4.0710E-09 4.1694E-09 4.2571E-09 4.3326E-09 4.3960E-09 4.4501E-09 4.4910E-09 4.5247E-09 4.5462E-09 4.5592E-09 4.5586E-09 4.5473E-09 4.5257E-09 4.4913E-09 4.4490E-09 4.3977E-09 4.3405E-09 4.2777E-09
1.1200E-10 1.2771E-10 1.4376E-10 1.6149E-10 1.8101E-10 2.0405E-10 2.3028E-10 2.5653E-10 2.8670E-10 3.1896E-10 3.5401E-10 3.9112E-10 4.3119E-10 4.8286E-10 5.4315E-10 6.1990E-10 7.0747E-10 7.9914E-10 9.1419E-10 1.0438E-09 1.1780E-09 1.3224E-09 1.4777E-09 1.6412E-09 1.8122E-09 1.9868E-09 2.1626E-09 2.3427E-09 2.5213E-09 2.6966E-09 2.8689E-09 3.0357E-09 3.1973E-09 3.3549E-09 3.5044E-09 3.6497E-09 3.7852E-09 3.9118E-09 4.0292E-09 4.1396E-09 4.2397E-09 4.3274E-09 4.4032E-09 4.4693E-09 4.5223E-09 4.5693E-09 4.6029E-09 4.6252E-09 4.6350E-09 4.6359E-09 4.6258E-09 4.6047E-09 4.5764E-09 4.5365E-09 4.4872E-09 4.4279E-09 4.3608E-09
1.1004E-10 1.2480E-10 1.4124E-10 1.5869E-10 1.7791E-10 2.0110E-10 2.2680E-10 2.5271E-10 2.8302E-10 3.1531E-10 3.4930E-10 3.8599E-10 4.2657E-10 4.6939E-10 5.3507E-10 6.0962E-10 6.8287E-10 7.8078E-10 8.9541E-10 1.0235E-09 1.1625E-09 1.3100E-09 1.4685E-09 1.6365E-09 1.8140E-09 1.9931E-09 2.1750E-09 2.3630E-09 2.5460E-09 2.7286E-09 2.9055E-09 3.0775E-09 3.2456E-09 3.4054E-09 3.5608E-09 3.7066E-09 3.8448E-09 3.9742E-09 4.0969E-09 4.2096E-09 4.3097E-09 4.3982E-09 4.4766E-09 4.5449E-09 4.6022E-09 4.6473E-09 4.6813E-09 4.7021E-09 4.7139E-09 4.7138E-09 4.7070E-09 4.6908E-09 4.6617E-09 4.6234E-09 4.5724E-09 4.5146E-09 4.4487E-09
1.0663E-10 1.2180E-10 1.3853E-10 1.5567E-10 1.7456E-10 1.9805E-10 2.2303E-10 2.4855E-10 2.7912E-10 3.1071E-10 3.4416E-10 3.8101E-10 4.2057E-10 4.6289E-10 5.2625E-10 5.8583E-10 6.6879E-10 7.6654E-10 8.7913E-10 1.0018E-09 1.1453E-09 1.2948E-09 1.4582E-09 1.6307E-09 1.8116E-09 1.9967E-09 2.1870E-09 2.3798E-09 2.5716E-09 2.7589E-09 2.9419E-09 3.1216E-09 3.2929E-09 3.4597E-09 3.6165E-09 3.7653E-09 3.9057E-09 4.0407E-09 4.1663E-09 4.2790E-09 4.3806E-09 4.4716E-09 4.5532E-09 4.6249E-09 4.6806E-09 4.7269E-09 4.7593E-09 4.7827E-09 4.7951E-09 4.7989E-09 4.7919E-09 4.7736E-09 4.7460E-09 4.7072E-09 4.6604E-09 4.6022E-09 4.5388E-09
1.0445E-10 1.1929E-10 1.3501E-10 1.5246E-10 1.7148E-10 1.9429E-10 2.1899E-10 2.4477E-10 2.7528E-10 3.0563E-10 3.3861E-10 3.7532E-10 4.1407E-10 4.5584E-10 5.0915E-10 5.7315E-10 6.5573E-10 7.4501E-10 8.4893E-10 9.7870E-10 1.1233E-09 1.2783E-09 1.4430E-09 1.6199E-09 1.8060E-09 1.9993E-09 2.1947E-09 2.3935E-09 2.5939E-09 2.7883E-09 2.9801E-09 3.1642E-09 3.3437E-09 3.5131E-09 3.6740E-09 3.8260E-09 3.9720E-09 4.1092E-09 4.2348E-09 4.3497E-09 4.4538E-09 4.5489E-09 4.6335E-09 4.7023E-09 4.7613E-09 4.8061E-09 4.8417E-09 4.8668E-09 4.8830E-09 4.8843E-09 4.8762E-09 4.8579E-09 4.8304E-09 4.7944E-09 4.7496E-09 4.6979E-09 4.6348E-09
1.0215E-10 1.1533E-10 1.3139E-10 1.4907E-10 1.6813E-10 1.9030E-10 2.1469E-10 2.4044E-10 2.7034E-10 3.0022E-10 3.3361E-10 3.6893E-10 4.0712E-10 4.4828E-10 4.9253E-10 5.6205E-10 6.4163E-10 7.2077E-10 8.2951E-10 9.5623E-10 1.0970E-09 1.2560E-09 1.4249E-09 1.6057E-09 1.7959E-09 1.9970E-09 2.2016E-09 2.4064E-09 2.6144E-09 2.8186E-09 3.0161E-09 3.2096E-09 3.3931E-09 3.5679E-09 3.7346E-09 3.8923E-09 4.0412E-09 4.1780E-09 4.3051E-09 4.4251E-09 4.5315E-09 4.6296E-09 4.7120E-09 4.7839E-09 4.8419E-09 4.8929E-09 4.9279E-09 4.9558E-09 4.9682E-09 4.9711E-09 4.9627E-09 4.9451E-09 4.9207E-09 4.8868E-09 4.8449E-09 4.7905E-09 4.7294E-09
9.8422E-11 1.1262E-10 1.2827E-10 1.4467E-10 1.6423E-10 1.8610E-10 2.1089E-10 2.3624E-10 2.6512E-10 2.9463E-10 3.2741E-10 3.6216E-10 3.9973E-10 4.4025E-10 4.8381E-10 5.5026E-10 6.1315E-10 7.0389E-10 8.1028E-10 9.2784E-10 1.0705E-09 1.2307E-09 1.4033E-09 1.5878E-09 1.7847E-09 1.9925E-09 2.2035E-09 2.4166E-09 2.6337E-09 2.8458E-09 3.0540E-09 3.2530E-09 3.4433E-09 3.6247E-09 3.7976E-09 3.9608E-09 4.1108E-09 4.2500E-09 4.3816E-09 4.5004E-09 4.6124E-09 4.7089E-09 4.7943E-09 4.8660E-09 4.9305E-09 4.9808E-09 5.0188E-09 5.0428E-09 5.0575E-09 5.0598E-09 5.0548E-09 5.0388E-09 5.0153E-09 4.9805E-09 4.9367E-09 4.8863E-09 4.8248E-09
9.5964E-11 1.0978E-10 1.2373E-10 1.4150E-10 1.6015E-10 1.8170E-10 2.0649E-10 2.3114E-10 2.5964E-10 2.8940E-10 3.2089E-10 3.5503E-10 3.9195E-10 4.3177E-10 4.7461E-10 5.2976E-10 5.9761E-10 6.8674E-10 7.8350E-10 8.9806E-10 1.0404E-09 1.2019E-09 1.3781E-09 1.5660E-09 1.7683E-09 1.9833E-09 2.2018E-09 2.4237E-09 2.6475E-09 2.8736E-09 3.0888E-09 3.2962E-09 3.4943E-09 3.6848E-09 3.8643E-09 4.0298E-09 4.1835E-09 4.3284E-09 4.4595E-09 4.5825E-09 4.6922E-09 4.7917E-09 4.8777E-09 4.9558E-09 5.0199E-09 5.0711E-09 5.1076E-09 5.1347E-09 5.1483E-09 5.1562E-09 5.1521E-09 5.1362E-09 5.1106E-09 5.0759E-09 5.0334E-09 4.9823E-09 4.9300E-09
9.3406E-11 1.0554E-10 1.2070E-10 1.3777E-10 1.5468E-10 1.7776E-10 2.0226E-10 2.2582E-10 2.5413E-10 2.8319E-10 3.1407E-10 3.4757E-10 3.8381E-10 4.2290E-10 4.6496E-10 5.1009E-10 5.8439E-10 6.6237E-10 7.5438E-10 8.7280E-10 1.0139E-09 1.1710E-09 1.3488E-09 1.5405E-09 1.7495E-09 1.9671E-09 2.1960E-09 2.4292E-09 2.6614E-09 2.8974E-09 3.1223E-09 3.3391E-09 3.5486E-09 3.7470E-09 3.9307E-09 4.1016E-09 4.2625E-09 4.4082E-09 4.5445E-09 4.6663E-09 4.7767E-09 4.8761E-09 4.9686E-09 5.0470E-09 5.1119E-09 5.1618E-09 5.2019E-09 5.2306E-09 5.2478E-09 5.2549E-09 5.2500E-09 5.2343E-09 5.2094E-09 5.1757E-09 5.1381E-09 5.0928E-09 5.0357E-09
8.9464E-11 1.0256E-10 1.1787E-10 1.3268E-10 1.5039E-10 1.7271E-10 1.9738E-10 2.2031E-10 2.4893E-10 2.7674E-10 3.0700E-10 3.3982E-10 3.7534E-10 4.1367E-10 4.5492E-10 5.0021E-10 5.6964E-10 6.3570E-10 7.3244E-10 8.4921E-10 9.7894E-10 1.1330E-09 1.3120E-09 1.5123E-09 1.7243E-09 1.9485E-09 2.1875E-09 2.4286E-09 2.6736E-09 2.9182E-09 3.1540E-09 3.3840E-09 3.6033E-09 3.8079E-09 3.9990E-09 4.1789E-09 4.3423E-09 4.4949E-09 4.6313E-09 4.7548E-09 4.8690E-09 4.9689E-09 5.0612E-09 5.1404E-09 5.2045E-09 5.2584E-09 5.3004E-09 5.3321E-09 5.3490E-09 5.3559E-09 5.3509E-09 5.3365E-09 5.3148E-09 5.2864E-09 5.2479E-09 5.1991E-09 5.1446E-09
8.6819E-11 9.8871E-11 1.1317E-10 1.2880E-10 1.4573E-10 1.6786E-10 1.9225E-10 2.1477E-10 2.4288E-10 2.7009E-10 2.9969E-10 3.3182E-10 3.6659E-10 4.0412E-10 4.4452E-10 4.8968E-10 5.3945E-10 6.1705E-10 7.1173E-10 8.0986E-10 9.4064E-10 1.0976E-09 1.2754E-09 1.4788E-09 1.6920E-09 1.9254E-09 2.1719E-09 2.4255E-09 2.6795E-09 2.9314E-09 3.1859E-09 3.4276E-09 3.6553E-09 3.8696E-09 4.0709E-09 4.2565E-09 4.4286E-09 4.5830E-09 4.7226E-09 4.8512E-09 4.9639E-09 5.0675E-09 5.1566E-09 5.2348E-09 5.3028E-09 5.3590E-09 5.4048E-09 5.4337E-09 5.4530E-09 5.4594E-09 5.4563E-09 5.4487E-09 5.4287E-09 5.3979E-09 5.3581E-09 5.3116E-09 5.2603E-09
8.3417E-11 9.5589E-11 1.0970E-10 1.2352E-10 1.4116E-10 1.6341E-10 1.8574E-10 2.0959E-10 2.3668E-10 2.6325E-10 2.9218E-10 3.2358E-10 3.5758E-10 3.9428E-10 4.3481E-10 4.7817E-10 5.2392E-10 6.0049E-10 6.7663E-10 7.8210E-10 9.0899E-10 1.0561E-09 1.2350E-09 1.4359E-09 1.6570E-09 1.8973E-09 2.1488E-09 2.4145E-09 2.6802E-09 2.9465E-09 3.2129E-09 3.4666E-09 3.7064E-09 3.9315E-09 4.1437E-09 4.3393E-09 4.5156E-09 4.6751E-09 4.8215E-09 4.9501E-09 5.0676E-09 5.1689E-09 5.2577E-09 5.3351E-09 5.4056E-09 5.4657E-09 5.5079E-09 5.5404E-09 5.5590E-09 5.5692E-09 5.5716E-09 5.5626E-09 5.5417E-09 5.5118E-09 5.4741E-09 5.4350E-09 5.3840E-09
8.0050E-11 9.2878E-11 1.0484E-10 1.1968E-10 1.3690E-10 1.5728E-10 1.8046E-10 2.0321E-10 2.3034E-10 2.5627E-10 2.8450E-10 3.1515E-10 3.4835E-10 3.8421E-10 4.2460E-10 4.6637E-10 5.1242E-10 5.7395E-10 6.5050E-10 7.5358E-10 8.7175E-10 1.0140E-09 1.1878E-09 1.3893E-09 1.6188E-09 1.8619E-09 2.1231E-09 2.3971E-09 2.6749E-09 2.9557E-09 3.2367E-09 3.5026E-09 3.7556E-09 3.9959E-09 4.2191E-09 4.4216E-09 4.6054E-09 4.7724E-09 4.9224E-09 5.0574E-09 5.1740E-09 5.2761E-09 5.3649E-09 5.4454E-09 5.5143E-09 5.5707E-09 5.6172E-09 5.6487E-09 5.6736E-09 5.6861E-09 5.6888E-09 5.6786E-09 5.6592E-09 5.6368E-09 5.6017E-09 5.5621E-09 5.5121E-09
7.7431E-11 8.8414E-11 1.0133E-10 1.1610E-10 1.3151E-10 1.5242E-10 1.7425E-10 1.9668E-10 2.2388E-10 2.4915E-10 2.7667E-10 3.0657E-10 3.3895E-10 3.7465E-10 4.1352E-10 4.5432E-10 5.0001E-10 5.4895E-10 6.3055E-10 7.2123E-10 8.3361E-10 9.7367E-10 1.1387E-09 1.3397E-09 1.5710E-09 1.8195E-09 2.0887E-09 2.3723E-09 2.6652E-09 2.9603E-09 3.2533E-09 3.5343E-09 3.8048E-09 4.0574E-09 4.2919E-09 4.5050E-09 4.6977E-09 4.8738E-09 5.0308E-09 5.1668E-09 5.2859E-09 5.3908E-09 5.4822E-09 5.5617E-09 5.6272E-09 5.6822E-09 5.7275E-09 5.7691E-09 5.7912E-09 5.8063E-09 5.8074E-09 5.7993E-09 5.7882E-09 5.7624E-09 5.7323E-09 5.6915E-09 5.6457E-09
7.3646E-11 8.5338E-11 9.7775E-11 1.1110E-10 1.2727E-10 1.4618E-10 1.6940E-10 1.9071E-10 2.1612E-10 2.4194E-10 2.6874E-10 2.9785E-10 3.2939E-10 3.6522E-10 4.0225E-10 4.4318E-10 4.8766E-10 5.3487E-10 6.0235E-10 6.8625E-10 7.9732E-10 9.2866E-10 1.0884E-09 1.2916E-09 1.5134E-09 1.7727E-09 2.0469E-09 2.3383E-09 2.6456E-09 2.9547E-09 3.2589E-09 3.5625E-09 3.8472E-09 4.1168E-09 4.3636E-09 4.5887E-09 4.7950E-09 4.9795E-09 5.1402E-09 5.2809E-09 5.4035E-09 5.5120E-09 5.6052E-09 5.6821E-09 5.7468E-09 5.8004E-09 5.8502E-09 5.8858E-09 5.9141E-09 5.9272E-09 5.9323E-09 5.9311E-09 5.9160E-09 5.8960E-09 5.8650E-09 5.8292E-09 5.7915E-09
7.1300E-11 8.2229E-11 9.3038E-11 1.0732E-10 1.2144E-10 1.4140E-10 1.6406E-10 1.8344E-10 2.0961E-10 2.3340E-10 2.6072E-10 2.8904E-10 3.2001E-10 3.5477E-10 3.9085E-10 4.3159E-10 4.7537E-10 5.2059E-10 5.7383E-10 6.5961E-10 7.5958E-10 8.8382E-10 1.0429E-09 1.2358E-09 1.4596E-09 1.7126E-09 1.9972E-09 2.2985E-09 2.6182E-09 2.9401E-09 3.2608E-09 3.5823E-09 3.8867E-09 4.1705E-09 4.4327E-09 4.6748E-09 4.8917E-09 5.0845E-09 5.2528E-09 5.3991E-09 5.5289E-09 5.6398E-09 5.7318E-09 5.8090E-09 5.8730E-09 5.9316E-09 5.9745E-09 6.0108E-09 6.0368E-09 6.0566E-09 6.0651E-09 6.0635E-09 6.0521E-09 6.0317E-09 6.0106E-09 5.9778E-09 5.9391E-09
6.8676E-11 7.7781E-11 8.9859E-11 1.0230E-10 1.1701E-10 1.3689E-10 1.5742E-10 1.7747E-10 2.0179E-10 2.2617E-10 2.5136E-10 2.8016E-10 3.1119E-10 3.4422E-10 3.8003E-10 4.1957E-10 4.6205E-10 5.0618E-10 5.5535E-10 6.3684E-10 7.2197E-10 8.4416E-10 9.8758E-10 1.1676E-09 1.3975E-09 1.6480E-09 1.9357E-09 2.2496E-09 2.5788E-09 2.9150E-09 3.2557E-09 3.5883E-09 3.9159E-09 4.2180E-09 4.5005E-09 4.7554E-09 4.9874E-09 5.1902E-09 5.3674E-09 5.5243E-09 5.6586E-09 5.7703E-09 5.8642E-09 5.9419E-09 6.0109E-09 6.0641E-09 6.1081E-09 6.1406E-09 6.1682E-09 6.1892E-09 6.2006E-09 6.1994E-09 6.1902E-09 6.1802E-09 6.1569E-09 6.1281E-09 6.0914E-09
6.4631E-11 7.4734E-11 8.5314E-11 9.8720E-11 1.1256E-10 1.3112E-10 1.5212E-10 1.7020E-10 1.9532E-10 2.1761E-10 2.4335E-10 2.7124E-10 3.0199E-10 3.3362E-10 3.6965E-10 4.0814E-10 4.4864E-10 4.9247E-10 5.3983E-10 6.0451E-10 6.8760E-10 8.0481E-10 9.3506E-10 1.1180E-09 1.3343E-09 1.5780E-09 1.8686E-09 2.1907E-09 2.5253E-09 2.8796E-09 3.2362E-09 3.5898E-09 3.9352E-09 4.2577E-09 4.5594E-09 4.8349E-09 5.0793E-09 5.2950E-09 5.4864E-09 5.6493E-09 5.7890E-09 5.9051E-09 6.0015E-09 6.0839E-09 6.1513E-09 6.2053E-09 6.2461E-09 6.2805E-09 6.3071E-09 6.3262E-09 6.3366E-09 6.3393E-09 6.3401E-09 6.3275E-09 6.3090E-09 6.2827E-09 6.2537E-09
6.2023E-11 7.0294E-11 8.2031E-11 9.4858E-11 1.0687E-10 1.2636E-10 1.4552E-10 1.6431E-10 1.8753E-10 2.1045E-10 2.3468E-10 2.6156E-10 2.9229E-10 3.2314E-10 3.5817E-10 3.9612E-10 4.3520E-10 4.7909E-10 5.2426E-10 5.7448E-10 6.6147E-10 7.5373E-10 8.8842E-10 1.0523E-09 1.2509E-09 1.5090E-09 1.7963E-09 2.1144E-09 2.4633E-09 2.8315E-09 3.2055E-09 3.5766E-09 3.9423E-09 4.2893E-09 4.6113E-09 4.9046E-09 5.1664E-09 5.4005E-09 5.6013E-09 5.7760E-09 5.9217E-09 6.0431E-09 6.1461E-09 6.2306E-09 6.2984E-09 6.3502E-09 6.3935E-09 6.4272E-09 6.4522E-09 6.4678E-09 6.4776E-09 6.4901E-09 6.4883E-09 6.4805E-09 6.4650E-09 6.4480E-09 6.4204E-09
5.8000E-11 6.7589E-11 7.8871E-11 8.9683E-11 1.0282E-10 1.2028E-10 1.4033E-10 1.5710E-10 1.8116E-10 2.0262E-10 2.2613E-10 2.5347E-10 2.8140E-10 3.1341E-10 3.4731E-10 3.8374E-10 4.2201E-10 4.6466E-10 5.0958E-10 5.5784E-10 6.2423E-10 7.1876E-10 8.4276E-10 9.8716E-10 1.1893E-09 1.4270E-09 1.7103E-09 2.0329E-09 2.3910E-09 2.7678E-09 3.1583E-09 3.5481E-09 3.9312E-09 4.3047E-09 4.6508E-09 4.9645E-09 5.2468E-09 5.4976E-09 5.7156E-09 5.8997E-09 6.0545E-09 6.1857E-09 6.2936E-09 6.3789E-09 6.4478E-09 6.5033E-09 6.5467E-09 6.5778E-09 6.6010E-09 6.6165E-09 6.6325E-09 6.6384E-09 6.6412E-09 6.6370E-09 6.6307E-09 6.6139E-09 6.5927E-09
5.5512E-11 6.4898E-11 7.4399E-11 8.5932E-11 9.7460E-11 1.1563E-10 1.3381E-10 1.5135E-10 1.7347E-10 1.9495E-10 2.1827E-10 2.4409E-10 2.7186E-10 3.0252E-10 3.3669E-10 3.7139E-10 4.0958E-10 4.5027E-10 4.9507E-10 5.4122E-10 5.9197E-10 6.8495E-10 7.8484E-10 9.3659E-10 1.1132E-09 1.3368E-09 1.6245E-09 1.9395E-09 2.3027E-09 2.6888E-09 3.0939E-09 3.5022E-09 3.9085E-09 4.3070E-09 4.6744E-09 5.0116E-09 5.3185E-09 5.5880E-09 5.8214E-09 6.0195E-09 6.1882E-09 6.3281E-09 6.4395E-09 6.5306E-09 6.6035E-09 6.6605E-09 6.7014E-09 6.7340E-09 6.7553E-09 6.7768E-09 6.7868E-09 6.7934E-09 6.7971E-09 6.8018E-09 6.7961E-09 6.7856E-09 6.7683E-09
