Assets/Resources/2015_m01_d28_0500(utc+0800)_l00_csi_1hr_conc.grd
DSAA
         159         159
     -79.000      79.000
     -79.000      79.000
  0.0000E+00  0.2810E-05
[rows 25 to 49 of 159, columns 57 to 113 of 159]
1.8686E-09 2.7364E-09 3.8609E-09 5.2474E-09 6.8729E-09 8.6980E-09 1.0649E-08 1.2629E-08 1.4528E-08 1.6225E-08 1.7611E-08 1.8608E-08 1.9152E-08 1.9229E-08 1.8852E-08 1.8067E-08 1.6940E-08 1.5557E-08 1.3995E-08 1.2335E-08 1.0652E-08 9.0178E-09 7.4656E-09 6.0276E-09 4.7862E-09 3.7086E-09 2.7930E-09 2.0502E-09 1.4644E-09 1.0148E-09 6.7818E-10 4.3622E-10 2.6460E-10 1.4662E-10 6.6376E-11 2.6947E-11 5.5521E-12 0.0000E+00 0.0000E+00 0.0000E+00 0.0000E+00 0.0000E+00 0.0000E+00 0.0000E+00 0.0000E+00 0.0000E+00 0.0000E+00 0.0000E+00 0.0000E+00 0.0000E+00 0.0000E+00 0.0000E+00 0.0000E+00 0.0000E+00 0.0000E+00 0.0000E+00 0.0000E+00
1.7101E-09 2.5473E-09 3.6549E-09 5.0420E-09 6.6987E-09 8.5831E-09 1.0620E-08 1.2710E-08 1.4726E-08 1.6542E-08 1.8028E-08 1.9088E-08 1.9659E-08 1.9719E-08 1.9285E-08 1.8418E-08 1.7187E-08 1.5688E-08 1.4021E-08 1.2275E-08 1.0533E-08 8.8484E-09 7.2744E-09 5.8138E-09 4.5906E-09 3.5359E-09 2.6452E-09 1.9286E-09 1.3671E-09 9.3829E-10 6.2204E-10 3.9456E-10 2.3430E-10 1.2675E-10 5.3391E-11 1.9331E-11 1.8473E-12 0.0000E+00 0.0000E+00 0.0000E+00 0.0000E+00 0.0000E+00 0.0000E+00 0.0000E+00 0.0000E+00 0.0000E+00 0.0000E+00 0.0000E+00 0.0000E+00 0.0000E+00 0.0000E+00 0.0000E+00 0.0000E+00 0.0000E+00 0.0000E+00 0.0000E+00 0.0000E+00
1.5385E-09 2.3428E-09 3.4185E-09 4.7876E-09 6.4584E-09 8.3840E-09 1.0496E-08 1.2697E-08 1.4846E-08 1.6789E-08 1.8401E-08 1.9558E-08 2.0183E-08 2.0249E-08 1.9773E-08 1.8817E-08 1.7477E-08 1.5864E-08 1.4085E-08 1.2237E-08 1.0414E-08 8.6809E-09 7.0837E-09 5.5959E-09 4.3917E-09 3.3605E-09 2.4959E-09 1.8062E-09 1.2686E-09 8.6337E-10 5.6629E-10 3.5429E-10 2.0891E-10 1.0954E-10 4.1848E-11 1.2618E-11 0.0000E+00 0.0000E+00 0.0000E+00 0.0000E+00 0.0000E+00 0.0000E+00 0.0000E+00 0.0000E+00 0.0000E+00 0.0000E+00 0.0000E+00 0.0000E+00 0.0000E+00 0.0000E+00 0.0000E+00 0.0000E+00 0.0000E+00 0.0000E+00 0.0000E+00 0.0000E+00 0.0000E+00
1.3528E-09 2.1077E-09 3.1420E-09 4.4797E-09 6.1364E-09 8.0895E-09 1.0275E-08 1.2576E-08 1.4859E-08 1.6962E-08 1.8722E-08 2.0002E-08 2.0708E-08 2.0799E-08 2.0297E-08 1.9271E-08 1.7825E-08 1.6082E-08 1.4175E-08 1.2221E-08 1.0319E-08 8.5244E-09 6.8867E-09 5.4156E-09 4.1909E-09 3.1860E-09 2.3479E-09 1.6847E-09 1.1742E-09 7.9139E-10 5.1383E-10 3.1918E-10 1.8379E-10 9.2533E-11 3.2324E-11 7.7098E-12 0.0000E+00 0.0000E+00 0.0000E+00 0.0000E+00 0.0000E+00 0.0000E+00 0.0000E+00 0.0000E+00 0.0000E+00 0.0000E+00 0.0000E+00 0.0000E+00 0.0000E+00 0.0000E+00 0.0000E+00 0.0000E+00 0.0000E+00 0.0000E+00 0.0000E+00 0.0000E+00 0.0000E+00
1.1630E-09 1.8645E-09 2.8364E-09 4.1237E-09 5.7511E-09 7.7141E-09 9.9447E-09 1.2345E-08 1.4762E-08 1.7026E-08 1.8958E-08 2.0398E-08 2.1224E-08 2.1381E-08 2.0879E-08 1.9791E-08 1.8237E-08 1.6366E-08 1.4332E-08 1.2251E-08 1.0241E-08 8.3765E-09 6.7077E-09 5.2303E-09 3.9887E-09 3.0049E-09 2.1988E-09 1.5635E-09 1.0785E-09 7.1921E-10 4.6125E-10 2.8175E-10 1.5807E-10 7.5018E-11 2.4776E-11 5.0981E-12 0.0000E+00 0.0000E+00 0.0000E+00 0.0000E+00 0.0000E+00 0.0000E+00 0.0000E+00 0.0000E+00 0.0000E+00 0.0000E+00 0.0000E+00 0.0000E+00 0.0000E+00 0.0000E+00 0.0000E+00 0.0000E+00 0.0000E+00 0.0000E+00 0.0000E+00 0.0000E+00 0.0000E+00
9.7353E-10 1.6124E-09 2.5150E-09 3.7340E-09 5.3033E-09 7.2415E-09 9.4970E-09 1.1980E-08 1.4535E-08 1.6976E-08 1.9107E-08 2.0738E-08 2.1722E-08 2.1979E-08 2.1505E-08 2.0375E-08 1.8730E-08 1.6722E-08 1.4530E-08 1.2313E-08 1.0193E-08 8.2496E-09 6.5276E-09 5.0397E-09 3.7817E-09 2.8257E-09 2.0479E-09 1.4424E-09 9.8252E-10 6.4804E-10 4.1127E-10 2.4629E-10 1.3384E-10 6.0235E-11 1.8146E-11 2.7120E-12 0.0000E+00 0.0000E+00 0.0000E+00 0.0000E+00 0.0000E+00 0.0000E+00 0.0000E+00 0.0000E+00 0.0000E+00 0.0000E+00 0.0000E+00 0.0000E+00 0.0000E+00 0.0000E+00 0.0000E+00 0.0000E+00 0.0000E+00 0.0000E+00 0.0000E+00 0.0000E+00 0.0000E+00
7.8967E-10 1.3546E-09 2.1785E-09 3.3157E-09 4.8101E-09 6.6996E-09 8.9534E-09 1.1487E-08 1.4167E-08 1.6794E-08 1.9141E-08 2.0996E-08 2.2180E-08 2.2580E-08 2.2177E-08 2.1030E-08 1.9291E-08 1.7148E-08 1.4804E-08 1.2431E-08 1.0176E-08 8.1387E-09 6.3650E-09 4.8541E-09 3.5700E-09 2.6417E-09 1.8972E-09 1.3186E-09 8.8678E-10 5.7716E-10 3.5968E-10 2.0899E-10 1.0922E-10 4.7071E-11 1.2925E-11 1.3821E-12 0.0000E+00 0.0000E+00 0.0000E+00 0.0000E+00 0.0000E+00 0.0000E+00 0.0000E+00 0.0000E+00 0.0000E+00 0.0000E+00 0.0000E+00 0.0000E+00 0.0000E+00 0.0000E+00 0.0000E+00 0.0000E+00 0.0000E+00 0.0000E+00 0.0000E+00 0.0000E+00 0.0000E+00
6.2369E-10 1.1085E-09 1.8435E-09 2.8944E-09 4.2903E-09 6.0966E-09 8.3127E-09 1.0881E-08 1.3661E-08 1.6462E-08 1.9046E-08 2.1160E-08 2.2587E-08 2.3179E-08 2.2883E-08 2.1756E-08 1.9953E-08 1.7672E-08 1.5148E-08 1.2604E-08 1.0205E-08 8.0568E-09 6.2071E-09 4.6675E-09 3.3592E-09 2.4523E-09 1.7414E-09 1.1914E-09 7.9203E-10 5.0737E-10 3.0848E-10 1.7380E-10 8.7083E-11 3.5662E-11 7.7685E-12 4.4818E-13 0.0000E+00 0.0000E+00 0.0000E+00 0.0000E+00 0.0000E+00 0.0000E+00 0.0000E+00 0.0000E+00 0.0000E+00 0.0000E+00 0.0000E+00 0.0000E+00 0.0000E+00 0.0000E+00 0.0000E+00 0.0000E+00 0.0000E+00 0.0000E+00 0.0000E+00 0.0000E+00 0.0000E+00
4.8053E-10 8.8799E-10 1.5257E-09 2.4575E-09 3.7474E-09 5.4566E-09 7.6011E-09 1.0159E-08 1.3013E-08 1.5978E-08 1.8798E-08 2.1196E-08 2.2911E-08 2.3749E-08 2.3614E-08 2.2543E-08 2.0684E-08 1.8275E-08 1.5580E-08 1.2847E-08 1.0269E-08 7.9916E-09 6.0603E-09 4.4806E-09 3.1571E-09 2.2567E-09 1.5820E-09 1.0655E-09 6.9589E-10 4.3594E-10 2.5727E-10 1.3904E-10 6.6620E-11 2.4810E-11 3.4145E-12 0.0000E+00 0.0000E+00 0.0000E+00 0.0000E+00 0.0000E+00 0.0000E+00 0.0000E+00 0.0000E+00 0.0000E+00 0.0000E+00 0.0000E+00 0.0000E+00 0.0000E+00 0.0000E+00 0.0000E+00 0.0000E+00 0.0000E+00 0.0000E+00 0.0000E+00 0.0000E+00 0.0000E+00 0.0000E+00
3.5734E-10 6.8566E-10 1.2182E-09 2.0387E-09 3.2138E-09 4.7848E-09 6.8316E-09 9.3445E-09 1.2238E-08 1.5336E-08 1.8383E-08 2.1079E-08 2.3115E-08 2.4246E-08 2.4329E-08 2.3369E-08 2.1503E-08 1.8978E-08 1.6093E-08 1.3154E-08 1.0389E-08 7.9606E-09 5.9310E-09 4.3021E-09 3.0046E-09 2.0554E-09 1.4181E-09 9.3994E-10 5.9998E-10 3.6804E-10 2.0870E-10 1.0782E-10 4.8674E-11 1.6116E-11 1.4328E-12 0.0000E+00 0.0000E+00 0.0000E+00 0.0000E+00 0.0000E+00 0.0000E+00 0.0000E+00 0.0000E+00 0.0000E+00 0.0000E+00 0.0000E+00 0.0000E+00 0.0000E+00 0.0000E+00 0.0000E+00 0.0000E+00 0.0000E+00 0.0000E+00 0.0000E+00 0.0000E+00 0.0000E+00 0.0000E+00
2.6059E-10 5.1310E-10 9.5299E-10 1.6407E-09 2.6797E-09 4.1162E-09 6.0361E-09 8.4534E-09 1.1337E-08 1.4530E-08 1.7785E-08 2.0779E-08 2.3171E-08 2.4652E-08 2.5019E-08 2.4226E-08 2.2392E-08 1.9775E-08 1.6712E-08 1.3553E-08 1.0575E-08 7.9656E-09 5.8130E-09 4.1243E-09 2.8218E-09 1.8521E-09 1.2501E-09 8.1321E-10 5.0792E-10 2.9862E-10 1.6307E-10 7.9550E-11 3.3097E-11 8.3942E-12 1.3181E-13 0.0000E+00 0.0000E+00 0.0000E+00 0.0000E+00 0.0000E+00 0.0000E+00 0.0000E+00 0.0000E+00 0.0000E+00 0.0000E+00 0.0000E+00 0.0000E+00 0.0000E+00 0.0000E+00 0.0000E+00 0.0000E+00 0.0000E+00 0.0000E+00 0.0000E+00 0.0000E+00 0.0000E+00 0.0000E+00
1.8610E-10 3.7259E-10 7.1710E-10 1.2885E-09 2.1795E-09 3.4606E-09 5.2112E-09 7.5092E-09 1.0339E-08 1.3570E-08 1.6993E-08 2.0280E-08 2.3043E-08 2.4914E-08 2.5633E-08 2.5079E-08 2.3334E-08 2.0665E-08 1.7436E-08 1.4041E-08 1.0820E-08 8.0169E-09 5.7339E-09 3.9636E-09 2.6359E-09 1.6558E-09 1.0840E-09 6.8778E-10 4.1728E-10 2.3623E-10 1.2135E-10 5.5084E-11 1.9448E-11 3.6414E-12 0.0000E+00 0.0000E+00 0.0000E+00 0.0000E+00 0.0000E+00 0.0000E+00 0.0000E+00 0.0000E+00 0.0000E+00 0.0000E+00 0.0000E+00 0.0000E+00 0.0000E+00 0.0000E+00 0.0000E+00 0.0000E+00 0.0000E+00 0.0000E+00 0.0000E+00 0.0000E+00 0.0000E+00 0.0000E+00 0.0000E+00
1.2588E-10 2.5868E-10 5.2194E-10 9.7414E-10 1.7101E-09 2.8354E-09 4.4118E-09 6.5370E-09 9.2437E-09 1.2470E-08 1.6015E-08 1.9557E-08 2.2693E-08 2.5001E-08 2.6127E-08 2.5886E-08 2.4313E-08 2.1641E-08 1.8261E-08 1.4638E-08 1.1172E-08 8.1335E-09 5.6803E-09 3.8208E-09 2.4753E-09 1.4720E-09 9.1990E-10 5.7102E-10 3.3002E-10 1.7658E-10 8.5152E-11 3.4663E-11 8.9495E-12 1.2089E-12 0.0000E+00 0.0000E+00 0.0000E+00 0.0000E+00 0.0000E+00 0.0000E+00 0.0000E+00 0.0000E+00 0.0000E+00 0.0000E+00 0.0000E+00 0.0000E+00 0.0000E+00 0.0000E+00 0.0000E+00 0.0000E+00 0.0000E+00 0.0000E+00 0.0000E+00 0.0000E+00 0.0000E+00 0.0000E+00 0.0000E+00
7.4397E-11 1.7824E-10 3.6828E-10 7.1189E-10 1.3157E-09 2.2557E-09 3.6398E-09 5.5649E-09 8.1197E-09 1.1262E-08 1.4859E-08 1.8613E-08 2.2106E-08 2.4864E-08 2.6469E-08 2.6632E-08 2.5304E-08 2.2698E-08 1.9225E-08 1.5371E-08 1.1621E-08 8.3351E-09 5.7024E-09 3.7216E-09 2.3228E-09 1.3030E-09 7.6352E-10 4.5711E-10 2.5216E-10 1.2532E-10 5.4192E-11 1.7271E-11 3.8106E-12 0.0000E+00 0.0000E+00 0.0000E+00 0.0000E+00 0.0000E+00 0.0000E+00 0.0000E+00 0.0000E+00 0.0000E+00 0.0000E+00 0.0000E+00 0.0000E+00 0.0000E+00 0.0000E+00 0.0000E+00 0.0000E+00 0.0000E+00 0.0000E+00 0.0000E+00 0.0000E+00 0.0000E+00 0.0000E+00 0.0000E+00 0.0000E+00
1.3044E-11 1.1037E-10 2.5120E-10 5.0609E-10 9.7300E-10 1.7343E-09 2.9286E-09 4.6244E-09 6.9631E-09 9.9625E-09 1.3542E-08 1.7441E-08 2.1259E-08 2.4481E-08 2.6608E-08 2.7252E-08 2.6283E-08 2.3827E-08 2.0292E-08 1.6237E-08 1.2226E-08 8.6524E-09 5.7795E-09 3.6647E-09 2.2065E-09 1.1975E-09 6.2503E-10 3.5443E-10 1.8009E-10 8.1532E-11 2.9746E-11 6.5186E-12 1.3063E-12 0.0000E+00 0.0000E+00 0.0000E+00 0.0000E+00 0.0000E+00 0.0000E+00 0.0000E+00 0.0000E+00 0.0000E+00 0.0000E+00 0.0000E+00 0.0000E+00 0.0000E+00 0.0000E+00 0.0000E+00 0.0000E+00 0.0000E+00 0.0000E+00 0.0000E+00 0.0000E+00 0.0000E+00 0.0000E+00 0.0000E+00 0.0000E+00
0.0000E+00 3.2816E-11 1.5101E-10 3.3599E-10 6.8930E-10 1.2916E-09 2.2761E-09 3.7416E-09 5.8313E-09 8.6349E-09 1.2118E-08 1.6082E-08 2.0157E-08 2.3822E-08 2.6515E-08 2.7721E-08 2.7193E-08 2.4989E-08 2.1502E-08 1.7276E-08 1.2963E-08 9.1029E-09 5.9829E-09 3.6841E-09 2.1345E-09 1.1310E-09 5.1612E-10 2.6758E-10 1.2116E-10 4.6881E-11 1.1611E-11 2.5522E-12 1.6521E-13 0.0000E+00 0.0000E+00 0.0000E+00 0.0000E+00 0.0000E+00 0.0000E+00 0.0000E+00 0.0000E+00 0.0000E+00 0.0000E+00 0.0000E+00 0.0000E+00 0.0000E+00 0.0000E+00 0.0000E+00 0.0000E+00 0.0000E+00 0.0000E+00 0.0000E+00 0.0000E+00 0.0000E+00 0.0000E+00 0.0000E+00 0.0000E+00
0.0000E+00 0.0000E+00 6.1231E-11 2.0781E-10 4.7104E-10 9.2290E-10 1.7181E-09 2.9478E-09 4.7719E-09 7.3144E-09 1.0608E-08 1.4554E-08 1.8819E-08 2.2893E-08 2.6142E-08 2.7980E-08 2.8025E-08 2.6197E-08 2.2813E-08 1.8489E-08 1.3922E-08 9.7182E-09 6.2957E-09 3.7982E-09 2.1274E-09 1.0849E-09 4.3838E-10 1.9298E-10 7.3449E-11 2.1698E-11 3.5341E-12 6.9595E-13 0.0000E+00 0.0000E+00 0.0000E+00 0.0000E+00 0.0000E+00 0.0000E+00 0.0000E+00 0.0000E+00 0.0000E+00 0.0000E+00 0.0000E+00 0.0000E+00 0.0000E+00 0.0000E+00 0.0000E+00 0.0000E+00 0.0000E+00 0.0000E+00 0.0000E+00 0.0000E+00 0.0000E+00 0.0000E+00 0.0000E+00 0.0000E+00 0.0000E+00
0.0000E+00 0.0000E+00 4.3827E-12 9.7385E-11 2.9165E-10 6.3420E-10 1.2449E-09 2.2389E-09 3.7787E-09 6.0325E-09 9.0949E-09 1.2920E-08 1.7272E-08 2.1691E-08 2.5507E-08 2.8029E-08 2.8717E-08 2.7385E-08 2.4243E-08 1.9867E-08 1.5047E-08 1.0520E-08 6.7759E-09 4.0119E-09 2.1809E-09 1.0713E-09 3.8684E-10 1.3417E-10 3.8265E-11 5.5727E-12 1.0986E-12 0.0000E+00 0.0000E+00 0.0000E+00 0.0000E+00 0.0000E+00 0.0000E+00 0.0000E+00 0.0000E+00 0.0000E+00 0.0000E+00 0.0000E+00 0.0000E+00 0.0000E+00 0.0000E+00 0.0000E+00 0.0000E+00 0.0000E+00 0.0000E+00 0.0000E+00 0.0000E+00 0.0000E+00 0.0000E+00 0.0000E+00 0.0000E+00 0.0000E+00 0.0000E+00
0.0000E+00 0.0000E+00 0.0000E+00 1.8525E-11 1.5626E-10 4.0189E-10 8.5871E-10 1.6387E-09 2.9194E-09 4.8506E-09 7.6097E-09 1.1255E-08 1.5612E-08 2.0271E-08 2.4589E-08 2.7810E-08 2.9239E-08 2.8506E-08 2.5714E-08 2.1409E-08 1.6400E-08 1.1523E-08 7.4059E-09 4.3575E-09 2.3314E-09 1.1066E-09 3.7082E-10 9.7840E-11 1.3821E-11 1.1735E-12 1.1829E-13 0.0000E+00 0.0000E+00 0.0000E+00 0.0000E+00 0.0000E+00 0.0000E+00 0.0000E+00 0.0000E+00 0.0000E+00 0.0000E+00 0.0000E+00 0.0000E+00 0.0000E+00 0.0000E+00 0.0000E+00 0.0000E+00 0.0000E+00 0.0000E+00 0.0000E+00 0.0000E+00 0.0000E+00 0.0000E+00 0.0000E+00 0.0000E+00 0.0000E+00 0.0000E+00
0.0000E+00 0.0000E+00 0.0000E+00 0.0000E+00 4.5680E-11 2.2850E-10 5.7043E-10 1.1529E-09 2.1728E-09 3.8068E-09 6.2363E-09 9.5965E-09 1.3844E-08 1.8673E-08 2.3447E-08 2.7335E-08 2.9550E-08 2.9550E-08 2.7245E-08 2.3098E-08 1.7942E-08 1.2753E-08 8.2412E-09 4.8419E-09 2.5608E-09 1.2099E-09 3.9256E-10 7.9144E-11 1.2342E-12 1.5370E-13 0.0000E+00 0.0000E+00 0.0000E+00 0.0000E+00 0.0000E+00 0.0000E+00 0.0000E+00 0.0000E+00 0.0000E+00 0.0000E+00 0.0000E+00 0.0000E+00 0.0000E+00 0.0000E+00 0.0000E+00 0.0000E+00 0.0000E+00 0.0000E+00 0.0000E+00 0.0000E+00 0.0000E+00 0.0000E+00 0.0000E+00 0.0000E+00 0.0000E+00 0.0000E+00 0.0000E+00
0.0000E+00 0.0000E+00 0.0000E+00 0.0000E+00 0.0000E+00 8.4512E-11 3.3106E-10 7.6899E-10 1.5630E-09 2.8817E-09 4.9629E-09 8.0312E-09 1.2121E-08 1.6999E-08 2.2119E-08 2.6661E-08 2.9677E-08 3.0449E-08 2.8730E-08 2.4876E-08 1.9676E-08 1.4180E-08 9.2634E-09 5.4638E-09 2.8929E-09 1.3561E-09 5.0923E-10 8.0184E-11 4.7455E-12 0.0000E+00 0.0000E+00 0.0000E+00 0.0000E+00 0.0000E+00 0.0000E+00 0.0000E+00 0.0000E+00 0.0000E+00 0.0000E+00 0.0000E+00 0.0000E+00 0.0000E+00 0.0000E+00 0.0000E+00 0.0000E+00 0.0000E+00 0.0000E+00 0.0000E+00 0.0000E+00 0.0000E+00 0.0000E+00 0.0000E+00 0.0000E+00 0.0000E+00 0.0000E+00 0.0000E+00 0.0000E+00
0.0000E+00 0.0000E+00 0.0000E+00 0.0000E+00 0.0000E+00 7.5678E-12 1.3936E-10 4.6561E-10 1.0686E-09 2.1335E-09 3.9040E-09 6.6358E-09 1.0477E-08 1.5343E-08 2.0728E-08 2.5797E-08 2.9569E-08 3.1176E-08 3.0155E-08 2.6695E-08 2.1561E-08 1.5811E-08 1.0477E-08 6.2521E-09 3.3353E-09 1.5746E-09 5.9537E-10 1.0788E-10 1.1003E-11 0.0000E+00 0.0000E+00 0.0000E+00 0.0000E+00 0.0000E+00 0.0000E+00 0.0000E+00 0.0000E+00 0.0000E+00 0.0000E+00 0.0000E+00 0.0000E+00 0.0000E+00 0.0000E+00 0.0000E+00 0.0000E+00 0.0000E+00 0.0000E+00 0.0000E+00 0.0000E+00 0.0000E+00 0.0000E+00 0.0000E+00 0.0000E+00 0.0000E+00 0.0000E+00 0.0000E+00 0.0000E+00
0.0000E+00 0.0000E+00 0.0000E+00 0.0000E+00 0.0000E+00 0.0000E+00 3.1459E-11 2.2455E-10 6.9832E-10 1.5347E-09 3.0107E-09 5.4420E-09 9.0435E-09 1.3795E-08 1.9326E-08 2.4866E-08 2.9331E-08 3.1728E-08 3.1460E-08 2.8506E-08 2.3525E-08 1.7606E-08 1.1897E-08 7.1986E-09 3.8817E-09 1.8399E-09 7.3160E-10 1.5865E-10 1.9307E-11 0.0000E+00 0.0000E+00 0.0000E+00 0.0000E+00 0.0000E+00 0.0000E+00 0.0000E+00 0.0000E+00 0.0000E+00 0.0000E+00 0.0000E+00 0.0000E+00 0.0000E+00 0.0000E+00 0.0000E+00 0.0000E+00 0.0000E+00 0.0000E+00 0.0000E+00 0.0000E+00 0.0000E+00 0.0000E+00 0.0000E+00 0.0000E+00 0.0000E+00 0.0000E+00 0.0000E+00 0.0000E+00
0.0000E+00 0.0000E+00 0.0000E+00 0.0000E+00 0.0000E+00 0.0000E+00 0.0000E+00 6.1831E-11 3.9409E-10 1.0765E-09 2.3279E-09 4.4799E-09 7.8473E-09 1.2507E-08 1.8126E-08 2.3960E-08 2.8970E-08 3.2084E-08 3.2553E-08 3.0201E-08 2.5520E-08 1.9524E-08 1.3454E-08 8.2795E-09 4.5490E-09 2.1753E-09 8.8846E-10 2.2981E-10 2.5435E-11 0.0000E+00 0.0000E+00 0.0000E+00 0.0000E+00 0.0000E+00 0.0000E+00 0.0000E+00 0.0000E+00 0.0000E+00 0.0000E+00 0.0000E+00 0.0000E+00 0.0000E+00 0.0000E+00 0.0000E+00 0.0000E+00 0.0000E+00 0.0000E+00 0.0000E+00 0.0000E+00 0.0000E+00 0.0000E+00 0.0000E+00 0.0000E+00 0.0000E+00 0.0000E+00 0.0000E+00 0.0000E+00
0.0000E+00 0.0000E+00 0.0000E+00 0.0000E+00 0.0000E+00 0.0000E+00 0.0000E+00 0.0000E+00 1.5246E-10 7.3616E-10 1.8237E-09 3.7969E-09 7.0040E-09 1.1554E-08 1.7198E-08 2.3205E-08 2.8569E-08 3.2244E-08 3.3398E-08 3.1687E-08 2.7417E-08 2.1494E-08 1.5185E-08 9.5507E-09 5.3204E-09 2.5889E-09 1.0782E-09 3.1137E-10 3.7026E-11 0.0000E+00 0.0000E+00 0.0000E+00 0.0000E+00 0.0000E+00 0.0000E+00 0.0000E+00 0.0000E+00 0.0000E+00 0.0000E+00 0.0000E+00 0.0000E+00 0.0000E+00 0.0000E+00 0.0000E+00 0.0000E+00 0.0000E+00 0.0000E+00 0.0000E+00 0.0000E+00 0.0000E+00 0.0000E+00 0.0000E+00 0.0000E+00 0.0000E+00 0.0000E+00 0.0000E+00 0.0000E+00
