Assets/Resources/2015_m01_d04_0900(utc+0800)_l00_csi_1hr_conc.grd
DSAA
         159         159
     -79.000      79.000
     -79.000      79.000
  0.5494E-10  0.1430E-04
[rows 0 to 24 of 159, columns 0 to 56 of 159]
5.4945E-11 5.5735E-11 5.6530E-11 5.7331E-11 5.8138E-11 5.8950E-11 5.9768E-11 6.0591E-11 6.1419E-11 6.2253E-11 6.3091E-11 6.3934E-11 6.4782E-11 6.5635E-11 6.6493E-11 6.7355E-11 6.8221E-11 6.9092E-11 6.9967E-11 7.0846E-11 7.1728E-11 7.2615E-11 7.3505E-11 7.4399E-11 7.5296E-11 7.6196E-11 7.7100E-11 7.8006E-11 7.8915E-11 7.9827E-11 8.0741E-11 8.1658E-11 8.2577E-11 8.3498E-11 8.4420E-11 8.5345E-11 8.6271E-11 8.7198E-11 8.8127E-11 8.9056E-11 8.9986E-11 9.0918E-11 9.1849E-11 9.2781E-11 9.3713E-11 9.4645E-11 9.5576E-11 9.6507E-11 9.7438E-11 9.8368E-11 1.0210E-10 1.0348E-10 1.0651E-10 1.0850E-10 1.1201E-10 1.1393E-10 1.1726E-10
5.5525E-11 5.6323E-11 5.7127E-11 5.7937E-11 5.8752E-11 5.9573E-11 6.0399E-11 6.1231E-11 6.2068E-11 6.2910E-11 6.3758E-11 6.4610E-11 6.5467E-11 6.6329E-11 6.7196E-11 6.8067E-11 6.8942E-11 6.9822E-11 7.0707E-11 7.1595E-11 7.2487E-11 7.3383E-11 7.4283E-11 7.5186E-11 7.6093E-11 7.7002E-11 7.7916E-11 7.8832E-11 7.9750E-11 8.0672E-11 8.1596E-11 8.2522E-11 8.3451E-11 8.4382E-11 8.5314E-11 8.6249E-11 8.7184E-11 8.8122E-11 8.9060E-11 9.0000E-11 9.0940E-11 9.1881E-11 9.2822E-11 9.3764E-11 9.4706E-11 9.5648E-11 9.6589E-11 9.7530E-11 9.8985E-11 1.0224E-10 1.0363E-10 1.0701E-10 1.0914E-10 1.1257E-10 1.1423E-10 1.2096E-10 1.2351E-10
5.6106E-11 5.6912E-11 5.7725E-11 5.8543E-11 5.9367E-11 6.0196E-11 6.1031E-11 6.1872E-11 6.2718E-11 6.3569E-11 6.4425E-11 6.5286E-11 6.6153E-11 6.7024E-11 6.7899E-11 6.8780E-11 6.9665E-11 7.0554E-11 7.1447E-11 7.2345E-11 7.3247E-11 7.4152E-11 7.5061E-11 7.5974E-11 7.6890E-11 7.7810E-11 7.8732E-11 7.9658E-11 8.0587E-11 8.1518E-11 8.2452E-11 8.3388E-11 8.4327E-11 8.5267E-11 8.6210E-11 8.7154E-11 8.8099E-11 8.9047E-11 8.9995E-11 9.0944E-11 9.1895E-11 9.2845E-11 9.3797E-11 9.4749E-11 9.5701E-11 9.6652E-11 9.7604E-11 9.9490E-11 1.0268E-10 1.0377E-10 1.0718E-10 1.0970E-10 1.1314E-10 1.1647E-10 1.2131E-10 1.2580E-10 1.2848E-10
5.6687E-11 5.7502E-11 5.8323E-11 5.9150E-11 5.9982E-11 6.0820E-11 6.1664E-11 6.2514E-11 6.3368E-11 6.4228E-11 6.5093E-11 6.5964E-11 6.6839E-11 6.7719E-11 6.8604E-11 6.9494E-11 7.0388E-11 7.1286E-11 7.2189E-11 7.3096E-11 7.4007E-11 7.4922E-11 7.5841E-11 7.6763E-11 7.7689E-11 7.8618E-11 7.9550E-11 8.0486E-11 8.1424E-11 8.2365E-11 8.3309E-11 8.4255E-11 8.5203E-11 8.6153E-11 8.7106E-11 8.8060E-11 8.9015E-11 8.9973E-11 9.0931E-11 9.1890E-11 9.2850E-11 9.3811E-11 9.4773E-11 9.5734E-11 9.6696E-11 9.7658E-11 9.9560E-11 1.0278E-10 1.0388E-10 1.0732E-10 1.1136E-10 1.1334E-10 1.1701E-10 1.2214E-10 1.2676E-10 1.2889E-10 1.3277E-10
5.7269E-11 5.8092E-11 5.8922E-11 5.9757E-11 6.0598E-11 6.1445E-11 6.2298E-11 6.3156E-11 6.4019E-11 6.4888E-11 6.5762E-11 6.6642E-11 6.7526E-11 6.8415E-11 6.9309E-11 7.0208E-11 7.1112E-11 7.2019E-11 7.2932E-11 7.3848E-11 7.4768E-11 7.5693E-11 7.6621E-11 7.7553E-11 7.8488E-11 7.9427E-11 8.0369E-11 8.1314E-11 8.2262E-11 8.3213E-11 8.4167E-11 8.5122E-11 8.6080E-11 8.7041E-11 8.8003E-11 8.8967E-11 8.9932E-11 9.0899E-11 9.1868E-11 9.2837E-11 9.3807E-11 9.4778E-11 9.5749E-11 9.6721E-11 9.7693E-11 9.9968E-11 1.0285E-10 1.0590E-10 1.0743E-10 1.1181E-10 1.1352E-10 1.1754E-10 1.2241E-10 1.2708E-10 1.2925E-10 1.3690E-10 1.4002E-10
5.7851E-11 5.8683E-11 5.9521E-11 6.0365E-11 6.1215E-11 6.2070E-11 6.2932E-11 6.3798E-11 6.4671E-11 6.5549E-11 6.6432E-11 6.7320E-11 6.8214E-11 6.9112E-11 7.0015E-11 7.0923E-11 7.1836E-11 7.2753E-11 7.3675E-11 7.4600E-11 7.5530E-11 7.6464E-11 7.7402E-11 7.8344E-11 7.9289E-11 8.0237E-11 8.1189E-11 8.2143E-11 8.3101E-11 8.4062E-11 8.5025E-11 8.5991E-11 8.6959E-11 8.7929E-11 8.8901E-11 8.9875E-11 9.0850E-11 9.1827E-11 9.2805E-11 9.3785E-11 9.4765E-11 9.5746E-11 9.6727E-11 9.7709E-11 9.9999E-11 1.0290E-10 1.0628E-10 1.0804E-10 1.1193E-10 1.1366E-10 1.1771E-10 1.2307E-10 1.2770E-10 1.2957E-10 1.3731E-10 1.4086E-10 1.4599E-10
5.8434E-11 5.9274E-11 6.0121E-11 6.0973E-11 6.1831E-11 6.2696E-11 6.3566E-11 6.4441E-11 6.5323E-11 6.6210E-11 6.7102E-11 6.7999E-11 6.8901E-11 6.9809E-11 7.0721E-11 7.1639E-11 7.2561E-11 7.3487E-11 7.4418E-11 7.5353E-11 7.6293E-11 7.7236E-11 7.8183E-11 7.9134E-11 8.0089E-11 8.1047E-11 8.2009E-11 8.2973E-11 8.3941E-11 8.4911E-11 8.5884E-11 8.6859E-11 8.7837E-11 8.8817E-11 8.9799E-11 9.0783E-11 9.1768E-11 9.2755E-11 9.3743E-11 9.4733E-11 9.5723E-11 9.6714E-11 9.7705E-11 1.0001E-10 1.0292E-10 1.0632E-10 1.0809E-10 1.1235E-10 1.1377E-10 1.2058E-10 1.2363E-10 1.2793E-10 1.3013E-10 1.3765E-10 1.4340E-10 1.4647E-10 1.5161E-10
5.9017E-11 5.9865E-11 6.0720E-11 6.1581E-11 6.2448E-11 6.3322E-11 6.4200E-11 6.5085E-11 6.5975E-11 6.6871E-11 6.7772E-11 6.8678E-11 6.9590E-11 7.0506E-11 7.1428E-11 7.2354E-11 7.3286E-11 7.4222E-11 7.5162E-11 7.6107E-11 7.7055E-11 7.8008E-11 7.8965E-11 7.9926E-11 8.0890E-11 8.1858E-11 8.2829E-11 8.3803E-11 8.4780E-11 8.5760E-11 8.6743E-11 8.7729E-11 8.8716E-11 8.9706E-11 9.0698E-11 9.1692E-11 9.2687E-11 9.3684E-11 9.4682E-11 9.5681E-11 9.6681E-11 9.7682E-11 9.9996E-11 1.0292E-10 1.0634E-10 1.0812E-10 1.1240E-10 1.1413E-10 1.2069E-10 1.2437E-10 1.2812E-10 1.3299E-10 1.3794E-10 1.4407E-10 1.4688E-10 1.5270E-10 1.5891E-10
5.9600E-11 6.0457E-11 6.1320E-11 6.2190E-11 6.3066E-11 6.3947E-11 6.4835E-11 6.5728E-11 6.6627E-11 6.7532E-11 6.8442E-11 6.9357E-11 7.0278E-11 7.1204E-11 7.2135E-11 7.3070E-11 7.4011E-11 7.4956E-11 7.5906E-11 7.6860E-11 7.7818E-11 7.8781E-11 7.9747E-11 8.0717E-11 8.1691E-11 8.2668E-11 8.3649E-11 8.4633E-11 8.5620E-11 8.6610E-11 8.7603E-11 8.8598E-11 8.9595E-11 9.0595E-11 9.1597E-11 9.2601E-11 9.3606E-11 9.4613E-11 9.5621E-11 9.6630E-11 9.7640E-11 9.9963E-11 1.0290E-10 1.0633E-10 1.0855E-10 1.1242E-10 1.1417E-10 1.2076E-10 1.2447E-10 1.2825E-10 1.3317E-10 1.3871E-10 1.4436E-10 1.4721E-10 1.5596E-10 1.6375E-10 1.7052E-10
6.0183E-11 6.1048E-11 6.1920E-11 6.2798E-11 6.3683E-11 6.4573E-11 6.5469E-11 6.6372E-11 6.7279E-11 6.8193E-11 6.9112E-11 7.0037E-11 7.0966E-11 7.1901E-11 7.2841E-11 7.3786E-11 7.4736E-11 7.5691E-11 7.6650E-11 7.7613E-11 7.8581E-11 7.9553E-11 8.0529E-11 8.1509E-11 8.2492E-11 8.3479E-11 8.4470E-11 8.5463E-11 8.6460E-11 8.7460E-11 8.8462E-11 8.9467E-11 9.0475E-11 9.1484E-11 9.2496E-11 9.3510E-11 9.4525E-11 9.5542E-11 9.6560E-11 9.7579E-11 9.9909E-11 1.0285E-10 1.0629E-10 1.0852E-10 1.1241E-10 1.1418E-10 1.2079E-10 1.2452E-10 1.2834E-10 1.3330E-10 1.3887E-10 1.4492E-10 1.4805E-10 1.5631E-10 1.6544E-10 1.7104E-10 1.7749E-10
6.0765E-11 6.1640E-11 6.2520E-11 6.3407E-11 6.4300E-11 6.5199E-11 6.6104E-11 6.7015E-11 6.7932E-11 6.8854E-11 6.9782E-11 7.0716E-11 7.1655E-11 7.2599E-11 7.3548E-11 7.4502E-11 7.5461E-11 7.6425E-11 7.7394E-11 7.8366E-11 7.9344E-11 8.0325E-11 8.1311E-11 8.2300E-11 8.3293E-11 8.4290E-11 8.5290E-11 8.6293E-11 8.7300E-11 8.8309E-11 8.9322E-11 9.0337E-11 9.1354E-11 9.2373E-11 9.3395E-11 9.4418E-11 9.5444E-11 9.6470E-11 9.7498E-11 9.9834E-11 1.0278E-10 1.0622E-10 1.0804E-10 1.1237E-10 1.1447E-10 1.2077E-10 1.2453E-10 1.2866E-10 1.3336E-10 1.3999E-10 1.4507E-10 1.4856E-10 1.5657E-10 1.6610E-10 1.7147E-10 1.7861E-10 1.8591E-10
6.1348E-11 6.2231E-11 6.3120E-11 6.4015E-11 6.4917E-11 6.5824E-11 6.6738E-11 6.7658E-11 6.8584E-11 6.9515E-11 7.0452E-11 7.1395E-11 7.2342E-11 7.3296E-11 7.4254E-11 7.5218E-11 7.6186E-11 7.7159E-11 7.8137E-11 7.9119E-11 8.0106E-11 8.1097E-11 8.2092E-11 8.3091E-11 8.4094E-11 8.5100E-11 8.6110E-11 8.7123E-11 8.8139E-11 8.9159E-11 9.0181E-11 9.1205E-11 9.2233E-11 9.3262E-11 9.4294E-11 9.5327E-11 9.6362E-11 9.7399E-11 9.9738E-11 1.0268E-10 1.0419E-10 1.0826E-10 1.1229E-10 1.1441E-10 1.2071E-10 1.2450E-10 1.2865E-10 1.3338E-10 1.4004E-10 1.4516E-10 1.4869E-10 1.5675E-10 1.6636E-10 1.7179E-10 1.7902E-10 1.8641E-10 1.9866E-10
6.1930E-11 6.2821E-11 6.3719E-11 6.4623E-11 6.5533E-11 6.6449E-11 6.7372E-11 6.8301E-11 6.9235E-11 7.0175E-11 7.1121E-11 7.2073E-11 7.3030E-11 7.3992E-11 7.4960E-11 7.5933E-11 7.6910E-11 7.7893E-11 7.8880E-11 7.9872E-11 8.0868E-11 8.1868E-11 8.2873E-11 8.3882E-11 8.4894E-11 8.5910E-11 8.6930E-11 8.7952E-11 8.8978E-11 9.0008E-11 9.1039E-11 9.2074E-11 9.3111E-11 9.4150E-11 9.5192E-11 9.6235E-11 9.7280E-11 9.9621E-11 1.0257E-10 1.0409E-10 1.0763E-10 1.1218E-10 1.1431E-10 1.1790E-10 1.2441E-10 1.2858E-10 1.3333E-10 1.4002E-10 1.4517E-10 1.4875E-10 1.5685E-10 1.6652E-10 1.7201E-10 1.7932E-10 1.8708E-10 1.9951E-10 2.0475E-10
6.2512E-11 6.3411E-11 6.4318E-11 6.5230E-11 6.6149E-11 6.7074E-11 6.8005E-11 6.8943E-11 6.9886E-11 7.0835E-11 7.1790E-11 7.2751E-11 7.3717E-11 7.4689E-11 7.5665E-11 7.6647E-11 7.7634E-11 7.8626E-11 7.9623E-11 8.0624E-11 8.1630E-11 8.2639E-11 8.3654E-11 8.4672E-11 8.5694E-11 8.6719E-11 8.7749E-11 8.8781E-11 8.9817E-11 9.0856E-11 9.1897E-11 9.2942E-11 9.3989E-11 9.5038E-11 9.6089E-11 9.7142E-11 9.9483E-11 1.0242E-10 1.0395E-10 1.0719E-10 1.1204E-10 1.1418E-10 1.1778E-10 1.2428E-10 1.2847E-10 1.3323E-10 1.4024E-10 1.4512E-10 1.4905E-10 1.5743E-10 1.6658E-10 1.7299E-10 1.7951E-10 1.8866E-10 1.9987E-10 2.0607E-10 2.1654E-10
6.3093E-11 6.4001E-11 6.4916E-11 6.5837E-11 6.6764E-11 6.7698E-11 6.8638E-11 6.9584E-11 7.0536E-11 7.1495E-11 7.2458E-11 7.3428E-11 7.4403E-11 7.5384E-11 7.6370E-11 7.7361E-11 7.8357E-11 7.9358E-11 8.0364E-11 8.1375E-11 8.2390E-11 8.3410E-11 8.4433E-11 8.5461E-11 8.6492E-11 8.7528E-11 8.8567E-11 8.9609E-11 9.0654E-11 9.1703E-11 9.2755E-11 9.3809E-11 9.4865E-11 9.5924E-11 9.6986E-11 9.8049E-11 1.0226E-10 1.0380E-10 1.0703E-10 1.1038E-10 1.1371E-10 1.1761E-10 1.2411E-10 1.2860E-10 1.3107E-10 1.3966E-10 1.4527E-10 1.4896E-10 1.5736E-10 1.6654E-10 1.7301E-10 1.7958E-10 1.8880E-10 2.0009E-10 2.0638E-10 2.2336E-10 2.3511E-10
6.3674E-11 6.4590E-11 6.5513E-11 6.6443E-11 6.7379E-11 6.8321E-11 6.9270E-11 7.0225E-11 7.1186E-11 7.2153E-11 7.3126E-11 7.4105E-11 7.5089E-11 7.6078E-11 7.7074E-11 7.8074E-11 7.9080E-11 8.0090E-11 8.1105E-11 8.2125E-11 8.3150E-11 8.4179E-11 8.5212E-11 8.6249E-11 8.7290E-11 8.8335E-11 8.9384E-11 9.0436E-11 9.1491E-11 9.2549E-11 9.3611E-11 9.4675E-11 9.5741E-11 9.6810E-11 9.7881E-11 1.0061E-10 1.0362E-10 1.0684E-10 1.1018E-10 1.1351E-10 1.1741E-10 1.2389E-10 1.2809E-10 1.3087E-10 1.3891E-10 1.4508E-10 1.4880E-10 1.5437E-10 1.6641E-10 1.7292E-10 1.7954E-10 1.8913E-10 2.0016E-10 2.0687E-10 2.2361E-10 2.3548E-10 3.0261E-10
6.4253E-11 6.5178E-11 6.6110E-11 6.7048E-11 6.7992E-11 6.8943E-11 6.9901E-11 7.0865E-11 7.1835E-11 7.2811E-11 7.3792E-11 7.4780E-11 7.5773E-11 7.6772E-11 7.7776E-11 7.8786E-11 7.9801E-11 8.0820E-11 8.1845E-11 8.2875E-11 8.3908E-11 8.4947E-11 8.5990E-11 8.7036E-11 8.8087E-11 8.9142E-11 9.0200E-11 9.1262E-11 9.2326E-11 9.3395E-11 9.4466E-11 9.5539E-11 9.6616E-11 9.7695E-11 1.0042E-10 1.0341E-10 1.0662E-10 1.0963E-10 1.1328E-10 1.1521E-10 1.2362E-10 1.2783E-10 1.3063E-10 1.3864E-10 1.4481E-10 1.4856E-10 1.5415E-10 1.6618E-10 1.7303E-10 1.7938E-10 1.8902E-10 2.0064E-10 2.0689E-10 2.2481E-10 2.4900E-10 3.0616E-10 3.2313E-10
6.4832E-11 6.5765E-11 6.6705E-11 6.7652E-11 6.8605E-11 6.9565E-11 7.0531E-11 7.1504E-11 7.2482E-11 7.3467E-11 7.4458E-11 7.5454E-11 7.6457E-11 7.7465E-11 7.8478E-11 7.9497E-11 8.0521E-11 8.1550E-11 8.2584E-11 8.3623E-11 8.4666E-11 8.5714E-11 8.6766E-11 8.7822E-11 8.8883E-11 8.9947E-11 9.1015E-11 9.2086E-11 9.3161E-11 9.4238E-11 9.5319E-11 9.6403E-11 9.7489E-11 9.9878E-11 1.0288E-10 1.0446E-10 1.0938E-10 1.1302E-10 1.1496E-10 1.2199E-10 1.2751E-10 1.3033E-10 1.3524E-10 1.4294E-10 1.4793E-10 1.5385E-10 1.6198E-10 1.7273E-10 1.7729E-10 1.8833E-10 2.0072E-10 2.0675E-10 2.1833E-10 2.9668E-10 3.1450E-10 3.3186E-10 3.8546E-10
6.5409E-11 6.6351E-11 6.7299E-11 6.8255E-11 6.9217E-11 7.0185E-11 7.1160E-11 7.2141E-11 7.3129E-11 7.4122E-11 7.5122E-11 7.6127E-11 7.7139E-11 7.8156E-11 7.9178E-11 8.0206E-11 8.1240E-11 8.2278E-11 8.3321E-11 8.4369E-11 8.5422E-11 8.6479E-11 8.7541E-11 8.8607E-11 8.9677E-11 9.0750E-11 9.1828E-11 9.2909E-11 9.3993E-11 9.5081E-11 9.6171E-11 9.7265E-11 9.9645E-11 1.0263E-10 1.0421E-10 1.0780E-10 1.1273E-10 1.1467E-10 1.1896E-10 1.2564E-10 1.2998E-10 1.3488E-10 1.4255E-10 1.4755E-10 1.5348E-10 1.6160E-10 1.7233E-10 1.7721E-10 1.8742E-10 2.0038E-10 2.0646E-10 2.1808E-10 2.9787E-10 3.1639E-10 3.3382E-10 3.8787E-10 5.1439E-10
6.5986E-11 6.6936E-11 6.7893E-11 6.8856E-11 6.9827E-11 7.0804E-11 7.1787E-11 7.2777E-11 7.3774E-11 7.4776E-11 7.5785E-11 7.6799E-11 7.7820E-11 7.8846E-11 7.9877E-11 8.0914E-11 8.1957E-11 8.3004E-11 8.4057E-11 8.5114E-11 8.6177E-11 8.7243E-11 8.8314E-11 8.9390E-11 9.0469E-11 9.1552E-11 9.2640E-11 9.3730E-11 9.4824E-11 9.5921E-11 9.7022E-11 9.8125E-11 1.0090E-10 1.0395E-10 1.0751E-10 1.1092E-10 1.1435E-10 1.1862E-10 1.2525E-10 1.2958E-10 1.3447E-10 1.4176E-10 1.4710E-10 1.5098E-10 1.6113E-10 1.7152E-10 1.7674E-10 1.8694E-10 1.9989E-10 2.0603E-10 2.6881E-10 2.9873E-10 3.1759E-10 3.3539E-10 4.5380E-10 5.1945E-10 5.4961E-10
6.6561E-11 6.7519E-11 6.8485E-11 6.9457E-11 7.0436E-11 7.1421E-11 7.2413E-11 7.3412E-11 7.4417E-11 7.5429E-11 7.6446E-11 7.7469E-11 7.8499E-11 7.9534E-11 8.0575E-11 8.1621E-11 8.2673E-11 8.3729E-11 8.4791E-11 8.5858E-11 8.6929E-11 8.8005E-11 8.9086E-11 9.0171E-11 9.1260E-11 9.2353E-11 9.3449E-11 9.4550E-11 9.5653E-11 9.6760E-11 9.7870E-11 1.0063E-10 1.0366E-10 1.0526E-10 1.1030E-10 1.1400E-10 1.1597E-10 1.2448E-10 1.2882E-10 1.3201E-10 1.4125E-10 1.4659E-10 1.5048E-10 1.5948E-10 1.7092E-10 1.7616E-10 1.8312E-10 1.9766E-10 2.0545E-10 2.6917E-10 2.9541E-10 3.1841E-10 3.3736E-10 4.7583E-10 5.3038E-10 5.6050E-10 6.0094E-10
6.7135E-11 6.8101E-11 6.9075E-11 7.0056E-11 7.1043E-11 7.2037E-11 7.3038E-11 7.4045E-11 7.5059E-11 7.6079E-11 7.7106E-11 7.8138E-11 7.9176E-11 8.0220E-11 8.1270E-11 8.2326E-11 8.3386E-11 8.4452E-11 8.5523E-11 8.6599E-11 8.7680E-11 8.8766E-11 8.9856E-11 9.0950E-11 9.2048E-11 9.3151E-11 9.4257E-11 9.5367E-11 9.6480E-11 9.7597E-11 1.0034E-10 1.0334E-10 1.0466E-10 1.0961E-10 1.1331E-10 1.1560E-10 1.2401E-10 1.2832E-10 1.3152E-10 1.3657E-10 1.4600E-10 1.4991E-10 1.5603E-10 1.6864E-10 1.7548E-10 1.8245E-10 1.9293E-10 2.0465E-10 2.6923E-10 2.9588E-10 3.1884E-10 3.3838E-10 4.7789E-10 5.3303E-10 5.6387E-10 6.0507E-10 7.7278E-10
6.7707E-11 6.8682E-11 6.9664E-11 7.0653E-11 7.1649E-11 7.2651E-11 7.3661E-11 7.4677E-11 7.5699E-11 7.6728E-11 7.7764E-11 7.8805E-11 7.9852E-11 8.0905E-11 8.1964E-11 8.3028E-11 8.4098E-11 8.5173E-11 8.6254E-11 8.7339E-11 8.8429E-11 8.9524E-11 9.0623E-11 9.1727E-11 9.2835E-11 9.3947E-11 9.5063E-11 9.6182E-11 9.7305E-11 9.8788E-11 1.0124E-10 1.0433E-10 1.0793E-10 1.1141E-10 1.1518E-10 1.1923E-10 1.2627E-10 1.3069E-10 1.3600E-10 1.4382E-10 1.4927E-10 1.5536E-10 1.6402E-10 1.7470E-10 1.8166E-10 1.9176E-10 2.0379E-10 2.7310E-10 2.9602E-10 3.1887E-10 3.9426E-10 4.7917E-10 5.3510E-10 5.6629E-10 6.6636E-10 7.7801E-10 8.2482E-10
6.8277E-11 6.9260E-11 7.0251E-11 7.1248E-11 7.2253E-11 7.3264E-11 7.4282E-11 7.5307E-11 7.6338E-11 7.7376E-11 7.8419E-11 7.9470E-11 8.0526E-11 8.1588E-11 8.2656E-11 8.3729E-11 8.4808E-11 8.5892E-11 8.6982E-11 8.8077E-11 8.9176E-11 9.0280E-11 9.1389E-11 9.2502E-11 9.3619E-11 9.4741E-11 9.5866E-11 9.6995E-11 9.8128E-11 1.0091E-10 1.0397E-10 1.0561E-10 1.1099E-10 1.1474E-10 1.1678E-10 1.2572E-10 1.3011E-10 1.3310E-10 1.4283E-10 1.4855E-10 1.5200E-10 1.6288E-10 1.7349E-10 1.7869E-10 1.9082E-10 2.4284E-10 2.7261E-10 2.9552E-10 3.1819E-10 3.9479E-10 4.4575E-10 5.3595E-10 5.6800E-10 6.6193E-10 7.7845E-10 8.2972E-10 8.7936E-10
6.8846E-11 6.9837E-11 7.0836E-11 7.1842E-11 7.2855E-11 7.3874E-11 7.4901E-11 7.5934E-11 7.6974E-11 7.8021E-11 7.9073E-11 8.0132E-11 8.1197E-11 8.2268E-11 8.3345E-11 8.4428E-11 8.5516E-11 8.6609E-11 8.7708E-11 8.8812E-11 8.9920E-11 9.1034E-11 9.2152E-11 9.3274E-11 9.4401E-11 9.5532E-11 9.6667E-11 9.7805E-11 1.0057E-10 1.0360E-10 1.0524E-10 1.1055E-10 1.1398E-10 1.1631E-10 1.2449E-10 1.2948E-10 1.3216E-10 1.4174E-10 1.4717E-10 1.5123E-10 1.6146E-10 1.7252E-10 1.7772E-10 1.8548E-10 2.4192E-10 2.7180E-10 2.8543E-10 3.1743E-10 3.9472E-10 4.3912E-10 5.3135E-10 5.6920E-10 6.6384E-10 7.7341E-10 8.3302E-10 8.8381E-10 1.0604E-09
