Assets/Resources/2015_m01_d01_1700(utc+0800)_l00_csi_1hr_conc.grd
DSAA
         159         159
     -79.000      79.000
     -79.000      79.000
  0.0000E+00  0.1755E-04
[rows 75 to 99 of 159, columns 57 to 113 of 159]
0.0000E+00 0.0000E+00 0.0000E+00 0.0000E+00 0.0000E+00 0.0000E+00 0.0000E+00 0.0000E+00 0.0000E+00 0.0000E+00 0.0000E+00 0.0000E+00 0.0000E+00 0.0000E+00 0.0000E+00 0.0000E+00 0.0000E+00 0.0000E+00 0.0000E+00 0.0000E+00 0.0000E+00 0.0000E+00 0.0000E+00 6.1601E-11 2.0743E-10 4.3467E-10 8.4553E-10 2.1377E-09 4.1830E-09 7.8719E-09 1.4145E-08 2.3918E-08 3.7419E-08 7.7721E-08 8.7868E-08 8.6173E-08 8.2507E-08 6.5040E-08 5.4105E-08 4.3128E-08 3.6736E-08 3.1844E-08 2.8735E-08 2.6526E-08 2.5037E-08 2.3921E-08 2.3125E-08 2.2594E-08 2.2201E-08 2.1941E-08 2.1746E-08 2.1606E-08 2.1499E-08 2.1505E-08 2.1505E-08 2.1524E-08 2.1551E-08
0.0000E+00 0.0000E+00 0.0000E+00 0.0000E+00 0.0000E+00 0.0000E+00 0.0000E+00 0.0000E+00 0.0000E+00 0.0000E+00 0.0000E+00 0.0000E+00 0.0000E+00 0.0000E+00 0.0000E+00 0.0000E+00 0.0000E+00 0.0000E+00 0.0000E+00 0.0000E+00 0.0000E+00 0.0000E+00 1.3112E-11 7.2300E-11 2.5711E-10 6.2624E-10 1.3265E-09 2.7281E-09 5.4501E-09 1.0554E-08 1.9606E-08 3.4472E-08 5.6044E-08 1.3112E-07 1.3528E-07 1.2219E-07 1.1100E-07 8.2500E-08 6.6175E-08 5.2145E-08 4.3663E-08 3.7550E-08 3.3531E-08 3.0677E-08 2.8719E-08 2.7204E-08 2.6098E-08 2.5336E-08 2.4727E-08 2.4278E-08 2.3908E-08 2.3607E-08 2.3341E-08 2.3214E-08 2.3076E-08 2.2973E-08 2.2884E-08
0.0000E+00 0.0000E+00 0.0000E+00 0.0000E+00 0.0000E+00 0.0000E+00 0.0000E+00 0.0000E+00 0.0000E+00 0.0000E+00 0.0000E+00 0.0000E+00 0.0000E+00 0.0000E+00 0.0000E+00 0.0000E+00 0.0000E+00 0.0000E+00 0.0000E+00 0.0000E+00 0.0000E+00 0.0000E+00 1.4665E-11 1.3711E-10 2.9177E-10 7.2367E-10 1.5483E-09 3.2251E-09 6.5559E-09 1.2952E-08 2.4726E-08 4.4953E-08 2.5913E-07 2.4530E-07 2.0865E-07 1.6601E-07 1.2798E-07 9.7391E-08 7.4262E-08 5.9551E-08 4.9239E-08 4.2400E-08 3.7663E-08 3.4356E-08 3.1977E-08 3.0123E-08 2.8789E-08 2.7817E-08 2.7018E-08 2.6396E-08 2.5860E-08 2.5404E-08 2.4992E-08 2.4725E-08 2.4459E-08 2.4234E-08 2.4034E-08
0.0000E+00 0.0000E+00 0.0000E+00 0.0000E+00 0.0000E+00 0.0000E+00 0.0000E+00 0.0000E+00 0.0000E+00 0.0000E+00 0.0000E+00 0.0000E+00 0.0000E+00 0.0000E+00 0.0000E+00 0.0000E+00 0.0000E+00 0.0000E+00 0.0000E+00 0.0000E+00 0.0000E+00 0.0000E+00 4.8663E-10 1.4746E-10 3.5998E-10 8.4790E-10 3.4171E-09 1.0670E-08 4.2954E-07 5.2331E-07 5.6483E-07 5.7779E-07 5.4706E-07 3.5616E-07 2.5846E-07 1.9449E-07 1.3749E-07 1.0514E-07 7.9206E-08 6.3944E-08 5.2942E-08 4.5735E-08 4.0673E-08 3.7108E-08 3.4518E-08 3.2451E-08 3.0995E-08 2.9868E-08 2.8923E-08 2.8163E-08 2.7492E-08 2.6901E-08 2.6360E-08 2.5967E-08 2.5584E-08 2.5251E-08 2.4946E-08
0.0000E+00 0.0000E+00 0.0000E+00 0.0000E+00 0.0000E+00 0.0000E+00 0.0000E+00 0.0000E+00 0.0000E+00 0.0000E+00 0.0000E+00 0.0000E+00 0.0000E+00 0.0000E+00 0.0000E+00 0.0000E+00 0.0000E+00 0.0000E+00 0.0000E+00 0.0000E+00 1.6193E-09 2.8009E-08 1.5657E-07 1.7554E-05 9.8443E-06 4.5953E-06 2.0398E-06 1.3928E-06 1.1876E-06 1.0200E-06 8.3967E-07 7.1877E-07 6.0371E-07 3.6992E-07 2.6146E-07 1.9088E-07 1.3320E-07 1.0190E-07 7.8747E-08 6.4194E-08 5.4018E-08 4.7095E-08 4.2203E-08 3.8699E-08 3.6111E-08 3.4025E-08 3.2542E-08 3.1347E-08 3.0319E-08 2.9464E-08 2.8697E-08 2.8010E-08 2.7371E-08 2.6870E-08 2.6395E-08 2.5970E-08 2.5591E-08
0.0000E+00 0.0000E+00 0.0000E+00 0.0000E+00 0.0000E+00 0.0000E+00 0.0000E+00 0.0000E+00 0.0000E+00 0.0000E+00 0.0000E+00 0.0000E+00 0.0000E+00 0.0000E+00 0.0000E+00 0.0000E+00 0.0000E+00 0.0000E+00 0.0000E+00 0.0000E+00 1.2274E-10 9.5930E-09 1.9501E-06 3.2336E-06 3.5155E-06 2.6787E-06 1.2869E-06 7.6084E-07 5.6538E-07 4.6903E-07 3.9828E-07 3.5244E-07 3.1352E-07 2.6490E-07 2.1310E-07 1.5504E-07 1.1622E-07 8.9967E-08 7.3007E-08 6.0706E-08 5.2384E-08 4.6415E-08 4.2135E-08 3.8998E-08 3.6634E-08 3.4742E-08 3.3315E-08 3.2137E-08 3.1100E-08 3.0215E-08 2.9399E-08 2.8656E-08 2.7957E-08 2.7380E-08 2.6840E-08 2.6351E-08 2.5906E-08
0.0000E+00 0.0000E+00 0.0000E+00 0.0000E+00 0.0000E+00 0.0000E+00 0.0000E+00 0.0000E+00 0.0000E+00 0.0000E+00 0.0000E+00 0.0000E+00 0.0000E+00 0.0000E+00 0.0000E+00 0.0000E+00 0.0000E+00 0.0000E+00 0.0000E+00 0.0000E+00 2.2253E-11 2.7585E-09 1.8215E-07 4.0866E-07 5.1394E-07 4.6494E-07 3.0158E-07 2.0137E-07 1.6598E-07 1.5284E-07 1.4741E-07 1.4446E-07 1.4346E-07 1.5064E-07 1.4544E-07 1.1474E-07 9.3024E-08 7.4986E-08 6.3661E-08 5.4663E-08 4.8517E-08 4.3950E-08 4.0581E-08 3.8005E-08 3.6080E-08 3.4527E-08 3.3267E-08 3.2192E-08 3.1215E-08 3.0357E-08 2.9550E-08 2.8797E-08 2.8081E-08 2.7462E-08 2.6892E-08 2.6366E-08 2.5874E-08
0.0000E+00 0.0000E+00 0.0000E+00 0.0000E+00 0.0000E+00 0.0000E+00 0.0000E+00 0.0000E+00 0.0000E+00 0.0000E+00 0.0000E+00 0.0000E+00 0.0000E+00 0.0000E+00 0.0000E+00 0.0000E+00 0.0000E+00 0.0000E+00 0.0000E+00 0.0000E+00 0.0000E+00 0.0000E+00 4.4244E-09 2.7250E-08 5.0510E-08 6.3202E-08 5.0441E-08 4.2926E-08 4.2952E-08 4.6417E-08 5.2618E-08 5.9637E-08 6.7380E-08 7.9387E-08 8.6227E-08 7.8589E-08 6.8653E-08 5.9378E-08 5.2529E-08 4.7171E-08 4.3196E-08 4.0167E-08 3.7833E-08 3.5983E-08 3.4601E-08 3.3430E-08 3.2413E-08 3.1511E-08 3.0663E-08 2.9885E-08 2.9136E-08 2.8424E-08 2.7731E-08 2.7106E-08 2.6539E-08 2.6010E-08 2.5507E-08
0.0000E+00 0.0000E+00 0.0000E+00 0.0000E+00 0.0000E+00 0.0000E+00 0.0000E+00 0.0000E+00 0.0000E+00 0.0000E+00 0.0000E+00 0.0000E+00 0.0000E+00 0.0000E+00 0.0000E+00 0.0000E+00 0.0000E+00 0.0000E+00 0.0000E+00 0.0000E+00 0.0000E+00 0.0000E+00 1.3521E-11 8.0390E-11 5.9051E-10 4.5671E-09 5.5290E-09 6.7947E-09 1.0011E-08 1.4101E-08 1.9339E-08 2.5828E-08 3.3073E-08 4.2367E-08 4.8609E-08 5.1623E-08 4.8795E-08 4.5388E-08 4.1937E-08 3.9373E-08 3.7274E-08 3.5614E-08 3.4222E-08 3.3146E-08 3.2356E-08 3.1571E-08 3.0842E-08 3.0129E-08 2.9482E-08 2.8835E-08 2.8187E-08 2.7551E-08 2.6925E-08 2.6328E-08 2.5796E-08 2.5291E-08 2.4807E-08
0.0000E+00 0.0000E+00 0.0000E+00 0.0000E+00 0.0000E+00 0.0000E+00 0.0000E+00 0.0000E+00 0.0000E+00 0.0000E+00 0.0000E+00 0.0000E+00 0.0000E+00 0.0000E+00 0.0000E+00 0.0000E+00 0.0000E+00 0.0000E+00 0.0000E+00 0.0000E+00 0.0000E+00 0.0000E+00 0.0000E+00 4.5520E-11 1.3891E-10 3.5688E-10 7.1709E-10 1.5544E-09 2.9345E-09 5.1493E-09 8.3520E-09 1.2510E-08 1.7520E-08 2.3795E-08 2.8485E-08 3.3666E-08 3.4496E-08 3.3948E-08 3.2815E-08 3.2073E-08 3.1375E-08 3.0783E-08 3.0239E-08 2.9784E-08 2.9525E-08 2.9117E-08 2.8687E-08 2.8223E-08 2.7763E-08 2.7273E-08 2.6758E-08 2.6214E-08 2.5700E-08 2.5170E-08 2.4696E-08 2.4241E-08 2.3801E-08
0.0000E+00 0.0000E+00 0.0000E+00 0.0000E+00 0.0000E+00 0.0000E+00 0.0000E+00 0.0000E+00 0.0000E+00 0.0000E+00 0.0000E+00 0.0000E+00 0.0000E+00 0.0000E+00 0.0000E+00 0.0000E+00 0.0000E+00 0.0000E+00 0.0000E+00 0.0000E+00 0.0000E+00 0.0000E+00 0.0000E+00 3.0661E-11 1.1583E-10 2.8042E-10 5.1140E-10 9.8065E-10 1.7003E-09 2.8425E-09 4.6383E-09 7.0574E-09 1.0251E-08 1.3653E-08 1.7854E-08 2.1464E-08 2.4235E-08 2.4976E-08 2.5315E-08 2.5646E-08 2.5884E-08 2.6012E-08 2.6129E-08 2.6203E-08 2.6334E-08 2.6262E-08 2.6079E-08 2.5887E-08 2.5625E-08 2.5306E-08 2.4938E-08 2.4530E-08 2.4119E-08 2.3683E-08 2.3294E-08 2.2905E-08 2.2526E-08
0.0000E+00 0.0000E+00 0.0000E+00 0.0000E+00 0.0000E+00 0.0000E+00 0.0000E+00 0.0000E+00 0.0000E+00 0.0000E+00 0.0000E+00 0.0000E+00 0.0000E+00 0.0000E+00 0.0000E+00 0.0000E+00 0.0000E+00 0.0000E+00 0.0000E+00 0.0000E+00 0.0000E+00 0.0000E+00 0.0000E+00 2.5342E-11 9.3372E-11 1.7479E-10 3.8325E-10 6.7507E-10 1.1969E-09 1.9452E-09 3.0592E-09 4.5837E-09 6.5568E-09 8.7060E-09 1.1765E-08 1.4243E-08 1.6942E-08 1.8291E-08 1.9303E-08 2.0223E-08 2.0969E-08 2.1619E-08 2.2130E-08 2.2591E-08 2.2994E-08 2.3155E-08 2.3262E-08 2.3272E-08 2.3196E-08 2.3045E-08 2.2811E-08 2.2565E-08 2.2268E-08 2.1946E-08 2.1647E-08 2.1334E-08 2.1035E-08
0.0000E+00 0.0000E+00 0.0000E+00 0.0000E+00 0.0000E+00 0.0000E+00 0.0000E+00 0.0000E+00 0.0000E+00 0.0000E+00 0.0000E+00 0.0000E+00 0.0000E+00 0.0000E+00 0.0000E+00 0.0000E+00 0.0000E+00 0.0000E+00 0.0000E+00 0.0000E+00 0.0000E+00 0.0000E+00 0.0000E+00 0.0000E+00 4.6836E-11 1.3605E-10 2.4139E-10 4.7900E-10 7.9877E-10 1.2850E-09 2.0572E-09 3.0439E-09 4.3138E-09 5.9449E-09 8.0924E-09 9.7839E-09 1.2001E-08 1.3408E-08 1.4643E-08 1.5775E-08 1.6802E-08 1.7676E-08 1.8425E-08 1.9105E-08 1.9643E-08 2.0060E-08 2.0346E-08 2.0525E-08 2.0612E-08 2.0615E-08 2.0532E-08 2.0420E-08 2.0238E-08 2.0031E-08 1.9833E-08 1.9607E-08 1.9389E-08
0.0000E+00 0.0000E+00 0.0000E+00 0.0000E+00 0.0000E+00 0.0000E+00 0.0000E+00 0.0000E+00 0.0000E+00 0.0000E+00 0.0000E+00 0.0000E+00 0.0000E+00 0.0000E+00 0.0000E+00 0.0000E+00 0.0000E+00 0.0000E+00 0.0000E+00 0.0000E+00 0.0000E+00 0.0000E+00 0.0000E+00 0.0000E+00 3.6583E-11 7.4003E-11 1.8236E-10 3.1576E-10 5.5457E-10 8.9303E-10 1.3627E-09 2.0091E-09 2.8532E-09 4.1259E-09 5.5571E-09 6.8968E-09 8.5016E-09 9.8812E-09 1.1088E-08 1.2234E-08 1.3294E-08 1.4248E-08 1.5098E-08 1.5832E-08 1.6523E-08 1.7057E-08 1.7471E-08 1.7780E-08 1.7996E-08 1.8110E-08 1.8179E-08 1.8185E-08 1.8120E-08 1.8020E-08 1.7907E-08 1.7784E-08 1.7641E-08
0.0000E+00 0.0000E+00 0.0000E+00 0.0000E+00 0.0000E+00 0.0000E+00 0.0000E+00 0.0000E+00 0.0000E+00 0.0000E+00 0.0000E+00 0.0000E+00 0.0000E+00 0.0000E+00 0.0000E+00 0.0000E+00 0.0000E+00 0.0000E+00 0.0000E+00 0.0000E+00 0.0000E+00 0.0000E+00 0.0000E+00 0.0000E+00 0.0000E+00 5.6582E-11 1.0412E-10 2.2425E-10 3.7410E-10 5.8786E-10 9.1473E-10 1.3713E-09 2.0004E-09 2.9134E-09 3.8795E-09 4.9994E-09 6.0811E-09 7.2770E-09 8.3465E-09 9.4023E-09 1.0407E-08 1.1334E-08 1.2167E-08 1.2955E-08 1.3654E-08 1.4253E-08 1.4745E-08 1.5144E-08 1.5435E-08 1.5676E-08 1.5845E-08 1.5952E-08 1.5989E-08 1.5990E-08 1.5964E-08 1.5921E-08 1.5852E-08
0.0000E+00 0.0000E+00 0.0000E+00 0.0000E+00 0.0000E+00 0.0000E+00 0.0000E+00 0.0000E+00 0.0000E+00 0.0000E+00 0.0000E+00 0.0000E+00 0.0000E+00 0.0000E+00 0.0000E+00 0.0000E+00 0.0000E+00 0.0000E+00 0.0000E+00 0.0000E+00 0.0000E+00 0.0000E+00 0.0000E+00 0.0000E+00 0.0000E+00 2.1423E-11 7.7565E-11 1.3698E-10 2.5861E-10 4.2118E-10 6.3428E-10 9.2721E-10 1.3921E-09 2.0468E-09 2.7394E-09 3.6242E-09 4.4137E-09 5.3395E-09 6.2468E-09 7.1552E-09 8.0477E-09 8.9056E-09 9.6980E-09 1.0435E-08 1.1108E-08 1.1718E-08 1.2248E-08 1.2676E-08 1.3058E-08 1.3366E-08 1.3608E-08 1.3794E-08 1.3917E-08 1.3992E-08 1.4053E-08 1.4078E-08 1.4077E-08
0.0000E+00 0.0000E+00 0.0000E+00 0.0000E+00 0.0000E+00 0.0000E+00 0.0000E+00 0.0000E+00 0.0000E+00 0.0000E+00 0.0000E+00 0.0000E+00 0.0000E+00 0.0000E+00 0.0000E+00 0.0000E+00 0.0000E+00 0.0000E+00 0.0000E+00 0.0000E+00 0.0000E+00 0.0000E+00 0.0000E+00 0.0000E+00 0.0000E+00 0.0000E+00 4.7182E-11 9.7561E-11 1.6867E-10 2.8619E-10 4.4220E-10 6.5416E-10 9.6103E-10 1.4014E-09 1.9360E-09 2.5661E-09 3.2115E-09 3.9216E-09 4.6653E-09 5.4300E-09 6.1919E-09 6.9311E-09 7.6267E-09 8.2886E-09 8.9075E-09 9.4890E-09 1.0005E-08 1.0479E-08 1.0888E-08 1.1236E-08 1.1528E-08 1.1768E-08 1.1947E-08 1.2100E-08 1.2218E-08 1.2303E-08 1.2347E-08
0.0000E+00 0.0000E+00 0.0000E+00 0.0000E+00 0.0000E+00 0.0000E+00 0.0000E+00 0.0000E+00 0.0000E+00 0.0000E+00 0.0000E+00 0.0000E+00 0.0000E+00 0.0000E+00 0.0000E+00 0.0000E+00 0.0000E+00 0.0000E+00 0.0000E+00 0.0000E+00 0.0000E+00 0.0000E+00 0.0000E+00 0.0000E+00 0.0000E+00 0.0000E+00 0.0000E+00 5.8903E-11 1.1239E-10 1.8717E-10 2.9282E-10 4.4431E-10 6.4478E-10 9.5664E-10 1.3508E-09 1.7914E-09 2.3236E-09 2.8784E-09 3.4657E-09 4.0885E-09 4.7176E-09 5.3283E-09 5.9217E-09 6.4977E-09 7.0244E-09 7.5705E-09 8.0807E-09 8.5448E-09 8.9581E-09 9.3223E-09 9.6409E-09 9.9056E-09 1.0145E-08 1.0341E-08 1.0501E-08 1.0621E-08 1.0718E-08
0.0000E+00 0.0000E+00 0.0000E+00 0.0000E+00 0.0000E+00 0.0000E+00 0.0000E+00 0.0000E+00 0.0000E+00 0.0000E+00 0.0000E+00 0.0000E+00 0.0000E+00 0.0000E+00 0.0000E+00 0.0000E+00 0.0000E+00 0.0000E+00 0.0000E+00 0.0000E+00 0.0000E+00 0.0000E+00 0.0000E+00 0.0000E+00 0.0000E+00 0.0000E+00 0.0000E+00 1.8790E-11 6.1435E-11 1.2312E-10 1.9728E-10 3.0267E-10 4.3907E-10 6.4617E-10 9.3046E-10 1.2481E-09 1.6445E-09 2.0898E-09 2.5522E-09 3.0458E-09 3.5637E-09 4.0559E-09 4.5277E-09 5.0214E-09 5.5019E-09 5.9831E-09 6.4474E-09 6.8816E-09 7.2817E-09 7.6423E-09 7.9579E-09 8.2523E-09 8.5157E-09 8.7391E-09 8.9183E-09 9.0792E-09 9.2090E-09
0.0000E+00 0.0000E+00 0.0000E+00 0.0000E+00 0.0000E+00 0.0000E+00 0.0000E+00 0.0000E+00 0.0000E+00 0.0000E+00 0.0000E+00 0.0000E+00 0.0000E+00 0.0000E+00 0.0000E+00 0.0000E+00 0.0000E+00 0.0000E+00 0.0000E+00 0.0000E+00 0.0000E+00 0.0000E+00 0.0000E+00 0.0000E+00 0.0000E+00 0.0000E+00 0.0000E+00 0.0000E+00 2.0060E-11 6.1918E-11 1.2706E-10 2.0220E-10 3.0152E-10 4.3602E-10 6.2962E-10 8.5612E-10 1.1374E-09 1.4853E-09 1.8528E-09 2.2377E-09 2.6480E-09 3.0425E-09 3.4491E-09 3.8579E-09 4.2624E-09 4.6801E-09 5.0911E-09 5.4797E-09 5.8394E-09 6.1884E-09 6.5079E-09 6.8021E-09 7.0747E-09 7.3022E-09 7.5055E-09 7.6826E-09 7.8315E-09
0.0000E+00 0.0000E+00 0.0000E+00 0.0000E+00 0.0000E+00 0.0000E+00 0.0000E+00 0.0000E+00 0.0000E+00 0.0000E+00 0.0000E+00 0.0000E+00 0.0000E+00 0.0000E+00 0.0000E+00 0.0000E+00 0.0000E+00 0.0000E+00 0.0000E+00 0.0000E+00 0.0000E+00 0.0000E+00 0.0000E+00 0.0000E+00 0.0000E+00 0.0000E+00 0.0000E+00 0.0000E+00 0.0000E+00 2.8688E-11 7.0119E-11 1.2718E-10 1.9560E-10 2.9197E-10 4.2425E-10 5.9583E-10 7.9227E-10 1.0446E-09 1.3429E-09 1.6464E-09 1.9555E-09 2.2780E-09 2.6042E-09 2.9387E-09 3.2743E-09 3.6251E-09 3.9803E-09 4.3145E-09 4.6479E-09 4.9685E-09 5.2695E-09 5.5524E-09 5.8123E-09 6.0521E-09 6.2577E-09 6.4384E-09 6.5885E-09
0.0000E+00 0.0000E+00 0.0000E+00 0.0000E+00 0.0000E+00 0.0000E+00 0.0000E+00 0.0000E+00 0.0000E+00 0.0000E+00 0.0000E+00 0.0000E+00 0.0000E+00 0.0000E+00 0.0000E+00 0.0000E+00 0.0000E+00 0.0000E+00 0.0000E+00 0.0000E+00 0.0000E+00 0.0000E+00 0.0000E+00 0.0000E+00 0.0000E+00 0.0000E+00 0.0000E+00 0.0000E+00 0.0000E+00 0.0000E+00 2.7524E-11 7.2183E-11 1.2748E-10 1.9136E-10 2.8362E-10 4.0043E-10 5.4298E-10 7.2466E-10 9.5387E-10 1.1950E-09 1.4323E-09 1.6891E-09 1.9490E-09 2.2181E-09 2.4818E-09 2.7780E-09 3.0807E-09 3.3771E-09 3.6692E-09 3.9531E-09 4.2260E-09 4.4848E-09 4.7411E-09 4.9710E-09 5.1706E-09 5.3410E-09 5.5009E-09
0.0000E+00 0.0000E+00 0.0000E+00 0.0000E+00 0.0000E+00 0.0000E+00 0.0000E+00 0.0000E+00 0.0000E+00 0.0000E+00 0.0000E+00 0.0000E+00 0.0000E+00 0.0000E+00 0.0000E+00 0.0000E+00 0.0000E+00 0.0000E+00 0.0000E+00 0.0000E+00 0.0000E+00 0.0000E+00 0.0000E+00 0.0000E+00 0.0000E+00 0.0000E+00 0.0000E+00 0.0000E+00 0.0000E+00 0.0000E+00 0.0000E+00 2.1450E-11 7.3174E-11 1.2500E-10 1.8552E-10 2.6700E-10 3.6872E-10 4.9722E-10 6.6158E-10 8.4421E-10 1.0294E-09 1.2295E-09 1.4399E-09 1.6568E-09 1.8791E-09 2.1224E-09 2.3737E-09 2.6257E-09 2.8758E-09 3.1116E-09 3.3550E-09 3.5984E-09 3.8355E-09 4.0491E-09 4.2291E-09 4.4014E-09 4.5555E-09
0.0000E+00 0.0000E+00 0.0000E+00 0.0000E+00 0.0000E+00 0.0000E+00 0.0000E+00 0.0000E+00 0.0000E+00 0.0000E+00 0.0000E+00 0.0000E+00 0.0000E+00 0.0000E+00 0.0000E+00 0.0000E+00 0.0000E+00 0.0000E+00 0.0000E+00 0.0000E+00 0.0000E+00 0.0000E+00 0.0000E+00 0.0000E+00 0.0000E+00 0.0000E+00 0.0000E+00 0.0000E+00 0.0000E+00 0.0000E+00 0.0000E+00 0.0000E+00 1.9861E-11 7.8745E-11 1.2222E-10 1.7726E-10 2.4820E-10 3.3826E-10 4.4871E-10 5.8385E-10 7.3167E-10 8.8645E-10 1.0521E-09 1.2246E-09 1.4037E-09 1.6026E-09 1.8042E-09 2.0161E-09 2.2283E-09 2.4404E-09 2.6477E-09 2.8637E-09 3.0658E-09 3.2645E-09 3.4379E-09 3.5971E-09 3.7416E-09
0.0000E+00 0.0000E+00 0.0000E+00 0.0000E+00 0.0000E+00 0.0000E+00 0.0000E+00 0.0000E+00 0.0000E+00 0.0000E+00 0.0000E+00 0.0000E+00 0.0000E+00 0.0000E+00 0.0000E+00 0.0000E+00 0.0000E+00 0.0000E+00 0.0000E+00 0.0000E+00 0.0000E+00 0.0000E+00 0.0000E+00 0.0000E+00 0.0000E+00 0.0000E+00 0.0000E+00 0.0000E+00 0.0000E+00 0.0000E+00 0.0000E+00 0.0000E+00 0.0000E+00 0.0000E+00 7.3913E-11 1.1665E-10 1.5988E-10 2.2528E-10 3.0141E-10 3.9231E-10 4.9569E-10 6.2396E-10 7.5120E-10 8.9197E-10 1.0310E-09 1.1890E-09 1.3594E-09 1.5342E-09 1.7129E-09 1.8925E-09 2.0628E-09 2.2514E-09 2.4392E-09 2.6139E-09 2.7716E-09 2.9072E-09 3.0420E-09
