Assets/Resources/2015_m01_d24_1300(utc+0800)_l00_csi_1hr_conc.grd
DSAA
         159         159
     -79.000      79.000
     -79.000      79.000
  0.2338E-10  0.1099E-05
[rows 0 to 24 of 159, columns 0 to 56 of 159]
1.5943E-08 1.6358E-08 1.6752E-08 1.7119E-08 1.7458E-08 1.7767E-08 1.8042E-08 1.8282E-08 1.8484E-08 1.8648E-08 1.8772E-08 1.8856E-08 1.8898E-08 1.8898E-08 1.8857E-08 1.8775E-08 1.8652E-08 1.8489E-08 1.8287E-08 1.8046E-08 1.7767E-08 1.7464E-08 1.7132E-08 1.6771E-08 1.6386E-08 1.5977E-08 1.5548E-08 1.5106E-08 1.4649E-08 1.4180E-08 1.3708E-08 1.3234E-08 1.2763E-08 1.2301E-08 1.1856E-08 1.1421E-08 1.1002E-08 1.0592E-08 1.0210E-08 9.8334E-09 9.4994E-09 9.1869E-09 8.8900E-09 8.6075E-09 8.3417E-09 8.0893E-09 7.8477E-09 7.6184E-09 7.3935E-09 7.1719E-09 6.9611E-09 6.7532E-09 6.5573E-09 6.3641E-09 6.1763E-09 5.9973E-09 5.8141E-09
1.6585E-08 1.7021E-08 1.7430E-08 1.7811E-08 1.8163E-08 1.8484E-08 1.8773E-08 1.9023E-08 1.9232E-08 1.9400E-08 1.9525E-08 1.9605E-08 1.9642E-08 1.9634E-08 1.9583E-08 1.9488E-08 1.9350E-08 1.9169E-08 1.8948E-08 1.8689E-08 1.8393E-08 1.8058E-08 1.7699E-08 1.7313E-08 1.6900E-08 1.6464E-08 1.6011E-08 1.5539E-08 1.5056E-08 1.4564E-08 1.4065E-08 1.3568E-08 1.3077E-08 1.2590E-08 1.2121E-08 1.1671E-08 1.1228E-08 1.0813E-08 1.0412E-08 1.0026E-08 9.6685E-09 9.3452E-09 9.0396E-09 8.7487E-09 8.4736E-09 8.2143E-09 7.9663E-09 7.7299E-09 7.4990E-09 7.2770E-09 7.0554E-09 6.8454E-09 6.6425E-09 6.4452E-09 6.2597E-09 6.0719E-09 5.8893E-09
1.7230E-08 1.7685E-08 1.8115E-08 1.8516E-08 1.8884E-08 1.9216E-08 1.9512E-08 1.9767E-08 1.9980E-08 2.0150E-08 2.0274E-08 2.0353E-08 2.0385E-08 2.0370E-08 2.0308E-08 2.0200E-08 2.0046E-08 1.9847E-08 1.9606E-08 1.9324E-08 1.9005E-08 1.8645E-08 1.8258E-08 1.7846E-08 1.7407E-08 1.6945E-08 1.6463E-08 1.5961E-08 1.5450E-08 1.4932E-08 1.4410E-08 1.3888E-08 1.3373E-08 1.2867E-08 1.2372E-08 1.1902E-08 1.1455E-08 1.1014E-08 1.0594E-08 1.0209E-08 9.8302E-09 9.4918E-09 9.1773E-09 8.8790E-09 8.5959E-09 8.3294E-09 8.0755E-09 7.8328E-09 7.5991E-09 7.3693E-09 7.1456E-09 6.9310E-09 6.7211E-09 6.5261E-09 6.3313E-09 6.1407E-09 5.9588E-09
1.7881E-08 1.8360E-08 1.8810E-08 1.9225E-08 1.9605E-08 1.9948E-08 2.0254E-08 2.0519E-08 2.0740E-08 2.0914E-08 2.1038E-08 2.1112E-08 2.1136E-08 2.1110E-08 2.1035E-08 2.0911E-08 2.0740E-08 2.0523E-08 2.0261E-08 1.9956E-08 1.9612E-08 1.9232E-08 1.8813E-08 1.8369E-08 1.7902E-08 1.7411E-08 1.6901E-08 1.6373E-08 1.5833E-08 1.5285E-08 1.4735E-08 1.4191E-08 1.3653E-08 1.3126E-08 1.2610E-08 1.2113E-08 1.1652E-08 1.1198E-08 1.0775E-08 1.0367E-08 9.9826E-09 9.6254E-09 9.3024E-09 8.9971E-09 8.7073E-09 8.4341E-09 8.1746E-09 7.9265E-09 7.6874E-09 7.4531E-09 7.2307E-09 7.0060E-09 6.7988E-09 6.5947E-09 6.3967E-09 6.2067E-09 6.0197E-09
1.8535E-08 1.9034E-08 1.9501E-08 1.9936E-08 2.0334E-08 2.0691E-08 2.1005E-08 2.1275E-08 2.1498E-08 2.1673E-08 2.1796E-08 2.1867E-08 2.1886E-08 2.1851E-08 2.1764E-08 2.1625E-08 2.1436E-08 2.1197E-08 2.0911E-08 2.0581E-08 2.0210E-08 1.9802E-08 1.9360E-08 1.8880E-08 1.8381E-08 1.7862E-08 1.7321E-08 1.6766E-08 1.6199E-08 1.5624E-08 1.5046E-08 1.4470E-08 1.3912E-08 1.3365E-08 1.2834E-08 1.2317E-08 1.1830E-08 1.1374E-08 1.0927E-08 1.0508E-08 1.0121E-08 9.7492E-09 9.4140E-09 9.1025E-09 8.8067E-09 8.5274E-09 8.2630E-09 8.0103E-09 7.7665E-09 7.5310E-09 7.3019E-09 7.0767E-09 6.8630E-09 6.6562E-09 6.4555E-09 6.2660E-09 6.0745E-09
1.9181E-08 1.9707E-08 2.0198E-08 2.0652E-08 2.1063E-08 2.1430E-08 2.1753E-08 2.2030E-08 2.2261E-08 2.2439E-08 2.2562E-08 2.2627E-08 2.2636E-08 2.2588E-08 2.2486E-08 2.2329E-08 2.2119E-08 2.1858E-08 2.1548E-08 2.1193E-08 2.0796E-08 2.0359E-08 1.9887E-08 1.9382E-08 1.8844E-08 1.8293E-08 1.7722E-08 1.7138E-08 1.6544E-08 1.5942E-08 1.5338E-08 1.4740E-08 1.4150E-08 1.3583E-08 1.3033E-08 1.2501E-08 1.1993E-08 1.1519E-08 1.1067E-08 1.0642E-08 1.0236E-08 9.8601E-09 9.5113E-09 9.1940E-09 8.8935E-09 8.6090E-09 8.3401E-09 8.0836E-09 7.8358E-09 7.5966E-09 7.3644E-09 7.1390E-09 6.9195E-09 6.7133E-09 6.5103E-09 6.3159E-09 6.1230E-09
1.9826E-08 2.0379E-08 2.0889E-08 2.1358E-08 2.1787E-08 2.2171E-08 2.2506E-08 2.2789E-08 2.3020E-08 2.3197E-08 2.3317E-08 2.3379E-08 2.3380E-08 2.3323E-08 2.3206E-08 2.3031E-08 2.2799E-08 2.2514E-08 2.2178E-08 2.1795E-08 2.1367E-08 2.0900E-08 2.0396E-08 1.9861E-08 1.9299E-08 1.8705E-08 1.8102E-08 1.7487E-08 1.6863E-08 1.6235E-08 1.5609E-08 1.4987E-08 1.4374E-08 1.3779E-08 1.3210E-08 1.2661E-08 1.2138E-08 1.1647E-08 1.1189E-08 1.0746E-08 1.0337E-08 9.9534E-09 9.5965E-09 9.2711E-09 8.9668E-09 8.6782E-09 8.4055E-09 8.1458E-09 7.8948E-09 7.6526E-09 7.4208E-09 7.1899E-09 6.9678E-09 6.7599E-09 6.5551E-09 6.3591E-09 6.1650E-09
2.0460E-08 2.1034E-08 2.1571E-08 2.2064E-08 2.2511E-08 2.2906E-08 2.3249E-08 2.3539E-08 2.3775E-08 2.3954E-08 2.4074E-08 2.4129E-08 2.4120E-08 2.4049E-08 2.3915E-08 2.3720E-08 2.3466E-08 2.3156E-08 2.2793E-08 2.2380E-08 2.1922E-08 2.1423E-08 2.0887E-08 2.0319E-08 1.9722E-08 1.9100E-08 1.8460E-08 1.7814E-08 1.7159E-08 1.6505E-08 1.5854E-08 1.5207E-08 1.4574E-08 1.3958E-08 1.3367E-08 1.2800E-08 1.2263E-08 1.1756E-08 1.1282E-08 1.0841E-08 1.0423E-08 1.0028E-08 9.6674E-09 9.3333E-09 9.0259E-09 8.7344E-09 8.4586E-09 8.1965E-09 7.9431E-09 7.6986E-09 7.4648E-09 7.2319E-09 7.0079E-09 6.7986E-09 6.5956E-09 6.3952E-09 6.2031E-09
2.1077E-08 2.1682E-08 2.2244E-08 2.2757E-08 2.3218E-08 2.3630E-08 2.3988E-08 2.4287E-08 2.4525E-08 2.4702E-08 2.4817E-08 2.4867E-08 2.4850E-08 2.4766E-08 2.4615E-08 2.4400E-08 2.4121E-08 2.3784E-08 2.3392E-08 2.2947E-08 2.2457E-08 2.1924E-08 2.1354E-08 2.0751E-08 2.0121E-08 1.9469E-08 1.8798E-08 1.8116E-08 1.7433E-08 1.6750E-08 1.6071E-08 1.5403E-08 1.4747E-08 1.4116E-08 1.3509E-08 1.2924E-08 1.2367E-08 1.1850E-08 1.1363E-08 1.0911E-08 1.0483E-08 1.0091E-08 9.7215E-09 9.3819E-09 9.0706E-09 8.7772E-09 8.4994E-09 8.2353E-09 7.9806E-09 7.7342E-09 7.4990E-09 7.2681E-09 7.0426E-09 6.8292E-09 6.6255E-09 6.4272E-09 6.2317E-09
2.1682E-08 2.2312E-08 2.2896E-08 2.3432E-08 2.3917E-08 2.4346E-08 2.4714E-08 2.5020E-08 2.5261E-08 2.5439E-08 2.5551E-08 2.5596E-08 2.5568E-08 2.5469E-08 2.5300E-08 2.5063E-08 2.4760E-08 2.4395E-08 2.3972E-08 2.3495E-08 2.2970E-08 2.2402E-08 2.1796E-08 2.1157E-08 2.0492E-08 1.9805E-08 1.9104E-08 1.8393E-08 1.7677E-08 1.6966E-08 1.6263E-08 1.5573E-08 1.4896E-08 1.4246E-08 1.3623E-08 1.3029E-08 1.2455E-08 1.1922E-08 1.1425E-08 1.0962E-08 1.0536E-08 1.0132E-08 9.7577E-09 9.4159E-09 9.1006E-09 8.8064E-09 8.5273E-09 8.2623E-09 8.0067E-09 7.7595E-09 7.5234E-09 7.2919E-09 7.0657E-09 6.8517E-09 6.6477E-09 6.4491E-09 6.2533E-09
2.2261E-08 2.2916E-08 2.3530E-08 2.4092E-08 2.4597E-08 2.5039E-08 2.5422E-08 2.5739E-08 2.5988E-08 2.6164E-08 2.6270E-08 2.6306E-08 2.6268E-08 2.6156E-08 2.5969E-08 2.5710E-08 2.5382E-08 2.4988E-08 2.4533E-08 2.4023E-08 2.3463E-08 2.2858E-08 2.2214E-08 2.1538E-08 2.0836E-08 2.0114E-08 1.9378E-08 1.8636E-08 1.7892E-08 1.7154E-08 1.6426E-08 1.5714E-08 1.5022E-08 1.4353E-08 1.3713E-08 1.3106E-08 1.2533E-08 1.1976E-08 1.1469E-08 1.1002E-08 1.0559E-08 1.0152E-08 9.7832E-09 9.4344E-09 9.1163E-09 8.8215E-09 8.5424E-09 8.2771E-09 8.0215E-09 7.7740E-09 7.5378E-09 7.3064E-09 7.0801E-09 6.8660E-09 6.6621E-09 6.4637E-09 6.2680E-09
2.2814E-08 2.3499E-08 2.4139E-08 2.4724E-08 2.5251E-08 2.5716E-08 2.6113E-08 2.6440E-08 2.6692E-08 2.6868E-08 2.6970E-08 2.6999E-08 2.6952E-08 2.6824E-08 2.6619E-08 2.6337E-08 2.5983E-08 2.5560E-08 2.5074E-08 2.4529E-08 2.3932E-08 2.3290E-08 2.2607E-08 2.1893E-08 2.1153E-08 2.0394E-08 1.9624E-08 1.8849E-08 1.8076E-08 1.7310E-08 1.6558E-08 1.5825E-08 1.5114E-08 1.4433E-08 1.3781E-08 1.3165E-08 1.2581E-08 1.2030E-08 1.1494E-08 1.1019E-08 1.0577E-08 1.0164E-08 9.7864E-09 9.4367E-09 9.1179E-09 8.8228E-09 8.5444E-09 8.2797E-09 8.0249E-09 7.7780E-09 7.5397E-09 7.3115E-09 7.0856E-09 6.8721E-09 6.6688E-09 6.4709E-09 6.2730E-09
2.3340E-08 2.4051E-08 2.4715E-08 2.5328E-08 2.5881E-08 2.6364E-08 2.6774E-08 2.7112E-08 2.7372E-08 2.7553E-08 2.7652E-08 2.7672E-08 2.7613E-08 2.7472E-08 2.7248E-08 2.6945E-08 2.6565E-08 2.6112E-08 2.5594E-08 2.5014E-08 2.4380E-08 2.3698E-08 2.2978E-08 2.2224E-08 2.1445E-08 2.0650E-08 1.9844E-08 1.9036E-08 1.8232E-08 1.7438E-08 1.6661E-08 1.5906E-08 1.5178E-08 1.4481E-08 1.3820E-08 1.3198E-08 1.2609E-08 1.2052E-08 1.1519E-08 1.1018E-08 1.0572E-08 1.0151E-08 9.7754E-09 9.4269E-09 9.1052E-09 8.8102E-09 8.5336E-09 8.2702E-09 8.0168E-09 7.7713E-09 7.5342E-09 7.3073E-09 7.0825E-09 6.8700E-09 6.6679E-09 6.4680E-09 6.2740E-09
2.3828E-08 2.4567E-08 2.5261E-08 2.5899E-08 2.6474E-08 2.6977E-08 2.7407E-08 2.7756E-08 2.8026E-08 2.8209E-08 2.8307E-08 2.8320E-08 2.8251E-08 2.8097E-08 2.7856E-08 2.7530E-08 2.7124E-08 2.6643E-08 2.6090E-08 2.5475E-08 2.4804E-08 2.4085E-08 2.3323E-08 2.2531E-08 2.1712E-08 2.0879E-08 2.0037E-08 1.9196E-08 1.8360E-08 1.7539E-08 1.6737E-08 1.5961E-08 1.5217E-08 1.4506E-08 1.3832E-08 1.3201E-08 1.2610E-08 1.2055E-08 1.1529E-08 1.1018E-08 1.0555E-08 1.0136E-08 9.7481E-09 9.3989E-09 9.0786E-09 8.7842E-09 8.5099E-09 8.2488E-09 7.9976E-09 7.7541E-09 7.5190E-09 7.2937E-09 7.0708E-09 6.8598E-09 6.6591E-09 6.4583E-09 6.2656E-09
2.4274E-08 2.5045E-08 2.5766E-08 2.6429E-08 2.7027E-08 2.7555E-08 2.8001E-08 2.8365E-08 2.8644E-08 2.8835E-08 2.8935E-08 2.8944E-08 2.8863E-08 2.8693E-08 2.8435E-08 2.8089E-08 2.7657E-08 2.7147E-08 2.6563E-08 2.5912E-08 2.5204E-08 2.4445E-08 2.3644E-08 2.2811E-08 2.1954E-08 2.1082E-08 2.0206E-08 1.9330E-08 1.8464E-08 1.7614E-08 1.6789E-08 1.5993E-08 1.5232E-08 1.4508E-08 1.3823E-08 1.3183E-08 1.2586E-08 1.2029E-08 1.1511E-08 1.1015E-08 1.0527E-08 1.0099E-08 9.7080E-09 9.3575E-09 9.0382E-09 8.7452E-09 8.4737E-09 8.2157E-09 7.9675E-09 7.7266E-09 7.4941E-09 7.2712E-09 7.0475E-09 6.8392E-09 6.6377E-09 6.4418E-09 6.2533E-09
2.4677E-08 2.5477E-08 2.6225E-08 2.6914E-08 2.7538E-08 2.8086E-08 2.8554E-08 2.8936E-08 2.9227E-08 2.9426E-08 2.9528E-08 2.9533E-08 2.9443E-08 2.9263E-08 2.8988E-08 2.8623E-08 2.8168E-08 2.7628E-08 2.7013E-08 2.6329E-08 2.5583E-08 2.4786E-08 2.3945E-08 2.3072E-08 2.2175E-08 2.1266E-08 2.0352E-08 1.9443E-08 1.8546E-08 1.7670E-08 1.6820E-08 1.6005E-08 1.5227E-08 1.4489E-08 1.3795E-08 1.3146E-08 1.2543E-08 1.1983E-08 1.1463E-08 1.0983E-08 1.0508E-08 1.0050E-08 9.6560E-09 9.3001E-09 8.9838E-09 8.6933E-09 8.4255E-09 8.1712E-09 7.9266E-09 7.6892E-09 7.4598E-09 7.2370E-09 7.0164E-09 6.8107E-09 6.6115E-09 6.4209E-09 6.2345E-09
2.5027E-08 2.5857E-08 2.6633E-08 2.7349E-08 2.7997E-08 2.8570E-08 2.9061E-08 2.9461E-08 2.9767E-08 2.9974E-08 3.0083E-08 3.0089E-08 2.9994E-08 2.9799E-08 2.9509E-08 2.9125E-08 2.8647E-08 2.8082E-08 2.7436E-08 2.6719E-08 2.5938E-08 2.5101E-08 2.4222E-08 2.3308E-08 2.2374E-08 2.1426E-08 2.0477E-08 1.9534E-08 1.8607E-08 1.7704E-08 1.6832E-08 1.5997E-08 1.5203E-08 1.4453E-08 1.3748E-08 1.3092E-08 1.2483E-08 1.1920E-08 1.1399E-08 1.0918E-08 1.0474E-08 1.0012E-08 9.5917E-09 9.2330E-09 8.9170E-09 8.6293E-09 8.3654E-09 8.1158E-09 7.8754E-09 7.6394E-09 7.4137E-09 7.1917E-09 6.9802E-09 6.7747E-09 6.5812E-09 6.3935E-09 6.2093E-09
2.5319E-08 2.6180E-08 2.6985E-08 2.7729E-08 2.8403E-08 2.9002E-08 2.9516E-08 2.9937E-08 3.0259E-08 3.0480E-08 3.0594E-08 3.0602E-08 3.0503E-08 3.0300E-08 2.9997E-08 2.9596E-08 2.9099E-08 2.8509E-08 2.7836E-08 2.7086E-08 2.6270E-08 2.5397E-08 2.4478E-08 2.3526E-08 2.2553E-08 2.1568E-08 2.0583E-08 1.9608E-08 1.8651E-08 1.7721E-08 1.6827E-08 1.5972E-08 1.5162E-08 1.4400E-08 1.3685E-08 1.3020E-08 1.2407E-08 1.1841E-08 1.1319E-08 1.0838E-08 1.0395E-08 9.9782E-09 9.5253E-09 9.1540E-09 8.8367E-09 8.5534E-09 8.2943E-09 8.0499E-09 7.8118E-09 7.5776E-09 7.3563E-09 7.1412E-09 6.9334E-09 6.7345E-09 6.5442E-09 6.3597E-09 6.1779E-09
2.5549E-08 2.6440E-08 2.7277E-08 2.8047E-08 2.8752E-08 2.9375E-08 2.9913E-08 3.0357E-08 3.0698E-08 3.0930E-08 3.1055E-08 3.1069E-08 3.0971E-08 3.0764E-08 3.0448E-08 3.0031E-08 2.9516E-08 2.8905E-08 2.8205E-08 2.7427E-08 2.6577E-08 2.5669E-08 2.4714E-08 2.3724E-08 2.2713E-08 2.1691E-08 2.0672E-08 1.9665E-08 1.8679E-08 1.7724E-08 1.6807E-08 1.5934E-08 1.5108E-08 1.4333E-08 1.3608E-08 1.2936E-08 1.2318E-08 1.1748E-08 1.1225E-08 1.0744E-08 1.0304E-08 9.8961E-09 9.4748E-09 9.0658E-09 8.7462E-09 8.4664E-09 8.2128E-09 7.9714E-09 7.7389E-09 7.5127E-09 7.2962E-09 7.0858E-09 6.8823E-09 6.6874E-09 6.4984E-09 6.3170E-09 6.1337E-09
2.5713E-08 2.6636E-08 2.7502E-08 2.8305E-08 2.9034E-08 2.9686E-08 3.0249E-08 3.0714E-08 3.1076E-08 3.1326E-08 3.1461E-08 3.1483E-08 3.1389E-08 3.1178E-08 3.0857E-08 3.0430E-08 2.9899E-08 2.9269E-08 2.8547E-08 2.7739E-08 2.6859E-08 2.5916E-08 2.4927E-08 2.3902E-08 2.2854E-08 2.1798E-08 2.0745E-08 1.9708E-08 1.8693E-08 1.7713E-08 1.6775E-08 1.5883E-08 1.5042E-08 1.4252E-08 1.3519E-08 1.2841E-08 1.2216E-08 1.1643E-08 1.1119E-08 1.0639E-08 1.0200E-08 9.7977E-09 9.4026E-09 8.9883E-09 8.6459E-09 8.3692E-09 8.1214E-09 7.8865E-09 7.6600E-09 7.4397E-09 7.2285E-09 7.0230E-09 6.8221E-09 6.6314E-09 6.4465E-09 6.2656E-09 6.0915E-09
2.5809E-08 2.6761E-08 2.7657E-08 2.8491E-08 2.9250E-08 2.9927E-08 3.0515E-08 3.1005E-08 3.1387E-08 3.1657E-08 3.1807E-08 3.1838E-08 3.1750E-08 3.1546E-08 3.1222E-08 3.0784E-08 3.0241E-08 2.9595E-08 2.8851E-08 2.8021E-08 2.7113E-08 2.6142E-08 2.5120E-08 2.4061E-08 2.2980E-08 2.1891E-08 2.0806E-08 1.9738E-08 1.8697E-08 1.7693E-08 1.6733E-08 1.5823E-08 1.4966E-08 1.4164E-08 1.3421E-08 1.2735E-08 1.2105E-08 1.1529E-08 1.1003E-08 1.0522E-08 1.0086E-08 9.6861E-09 9.3046E-09 8.9126E-09 8.5437E-09 8.2623E-09 8.0207E-09 7.7929E-09 7.5729E-09 7.3588E-09 7.1511E-09 6.9509E-09 6.7522E-09 6.5694E-09 6.3888E-09 6.2146E-09 6.0442E-09
2.5833E-08 2.6812E-08 2.7740E-08 2.8600E-08 2.9389E-08 3.0093E-08 3.0707E-08 3.1220E-08 3.1626E-08 3.1915E-08 3.2082E-08 3.2130E-08 3.2053E-08 3.1853E-08 3.1530E-08 3.1091E-08 3.0539E-08 2.9880E-08 2.9121E-08 2.8270E-08 2.7339E-08 2.6341E-08 2.5289E-08 2.4200E-08 2.3088E-08 2.1968E-08 2.0854E-08 1.9758E-08 1.8691E-08 1.7664E-08 1.6683E-08 1.5754E-08 1.4883E-08 1.4069E-08 1.3315E-08 1.2620E-08 1.1986E-08 1.1407E-08 1.0879E-08 1.0398E-08 9.9614E-09 9.5639E-09 9.1928E-09 8.8160E-09 8.4493E-09 8.1473E-09 7.9118E-09 7.6888E-09 7.4733E-09 7.2657E-09 7.0641E-09 6.8696E-09 6.6795E-09 6.5016E-09 6.3287E-09 6.1570E-09 5.9919E-09
2.5782E-08 2.6787E-08 2.7739E-08 2.8630E-08 2.9446E-08 3.0178E-08 3.0818E-08 3.1356E-08 3.1784E-08 3.2096E-08 3.2286E-08 3.2348E-08 3.2284E-08 3.2096E-08 3.1782E-08 3.1342E-08 3.0786E-08 3.0118E-08 2.9346E-08 2.8481E-08 2.7532E-08 2.6512E-08 2.5437E-08 2.4321E-08 2.3182E-08 2.2033E-08 2.0891E-08 1.9769E-08 1.8678E-08 1.7628E-08 1.6627E-08 1.5682E-08 1.4795E-08 1.3967E-08 1.3203E-08 1.2501E-08 1.1860E-08 1.1277E-08 1.0746E-08 1.0265E-08 9.8290E-09 9.4339E-09 9.0676E-09 8.7048E-09 8.3496E-09 8.0313E-09 7.7926E-09 7.5777E-09 7.3694E-09 7.1690E-09 6.9739E-09 6.7831E-09 6.6020E-09 6.4267E-09 6.2586E-09 6.0909E-09 5.9285E-09
2.5655E-08 2.6680E-08 2.7658E-08 2.8573E-08 2.9416E-08 3.0175E-08 3.0840E-08 3.1405E-08 3.1858E-08 3.2193E-08 3.2402E-08 3.2486E-08 3.2442E-08 3.2266E-08 3.1963E-08 3.1530E-08 3.0976E-08 3.0306E-08 2.9529E-08 2.8654E-08 2.7691E-08 2.6653E-08 2.5557E-08 2.4420E-08 2.3256E-08 2.2084E-08 2.0917E-08 1.9772E-08 1.8658E-08 1.7588E-08 1.6568E-08 1.5604E-08 1.4701E-08 1.3862E-08 1.3088E-08 1.2377E-08 1.1730E-08 1.1143E-08 1.0609E-08 1.0127E-08 9.6909E-09 9.2963E-09 8.9331E-09 8.5827E-09 8.2392E-09 7.9183E-09 7.6699E-09 7.4630E-09 7.2624E-09 7.0670E-09 6.8789E-09 6.6946E-09 6.5194E-09 6.3498E-09 6.1861E-09 6.0261E-09 5.8671E-09
2.5447E-08 2.6489E-08 2.7488E-08 2.8427E-08 2.9293E-08 3.0079E-08 3.0772E-08 3.1360E-08 3.1837E-08 3.2196E-08 3.2434E-08 3.2538E-08 3.2516E-08 3.2359E-08 3.2071E-08 3.1654E-08 3.1109E-08 3.0440E-08 2.9662E-08 2.8782E-08 2.7813E-08 2.6765E-08 2.5656E-08 2.4502E-08 2.3319E-08 2.2125E-08 2.0937E-08 1.9770E-08 1.8636E-08 1.7545E-08 1.6504E-08 1.5524E-08 1.4607E-08 1.3754E-08 1.2968E-08 1.2250E-08 1.1596E-08 1.1004E-08 1.0468E-08 9.9843E-09 9.5488E-09 9.1543E-09 8.7927E-09 8.4519E-09 8.1185E-09 7.8028E-09 7.5428E-09 7.3375E-09 7.1449E-09 6.9571E-09 6.7759E-09 6.5984E-09 6.4300E-09 6.2690E-09 6.1113E-09 5.9560E-09 5.8019E-09
