Assets/Resources/2015_m01_d24_0300(utc+0800)_l00_csi_1hr_conc.grd
DSAA
         159         159
     -79.000      79.000
     -79.000      79.000
  0.3644E-11  0.2605E-04
[rows 0 to 24 of 159, columns 57 to 113 of 159]
3.3053E-11 3.3938E-11 3.4841E-11 3.5762E-11 3.6712E-11 3.7696E-11 3.8711E-11 3.9754E-11 4.0814E-11 4.1889E-11 4.2979E-11 4.4075E-11 4.5174E-11 4.6277E-11 4.7382E-11 4.8488E-11 4.9596E-11 5.0704E-11 5.1811E-11 5.2916E-11 5.4020E-11 5.5121E-11 5.6218E-11 5.7311E-11 5.8399E-11 5.9482E-11 6.0557E-11 6.1626E-11 6.2687E-11 6.3739E-11 6.4782E-11 6.5816E-11 6.6839E-11 6.7850E-11 6.8851E-11 6.9838E-11 7.0813E-11 7.1775E-11 7.2723E-11 7.3656E-11 7.4574E-11 7.5477E-11 7.6364E-11 7.7234E-11 7.8088E-11 7.8924E-11 7.9743E-11 8.0544E-11 8.1326E-11 8.2090E-11 8.2835E-11 8.3561E-11 8.4267E-11 8.4953E-11 8.5619E-11 8.6266E-11 8.6891E-11
3.3608E-11 3.4505E-11 3.5421E-11 3.6353E-11 3.7309E-11 3.8295E-11 3.9318E-11 4.0362E-11 4.1439E-11 4.2523E-11 4.3628E-11 4.4741E-11 4.5857E-11 4.6976E-11 4.8098E-11 4.9222E-11 5.0346E-11 5.1471E-11 5.2594E-11 5.3717E-11 5.4837E-11 5.5954E-11 5.7068E-11 5.8177E-11 5.9281E-11 6.0379E-11 6.1470E-11 6.2554E-11 6.3630E-11 6.4697E-11 6.5755E-11 6.6803E-11 6.7840E-11 6.8866E-11 6.9880E-11 7.0881E-11 7.1869E-11 7.2844E-11 7.3804E-11 7.4749E-11 7.5679E-11 7.6594E-11 7.7492E-11 7.8373E-11 7.9237E-11 8.0084E-11 8.0912E-11 8.1723E-11 8.2514E-11 8.3287E-11 8.4040E-11 8.4774E-11 8.5487E-11 8.6181E-11 8.6854E-11 8.7506E-11 8.8138E-11
3.4164E-11 3.5074E-11 3.6002E-11 3.6948E-11 3.7912E-11 3.8903E-11 3.9929E-11 4.0985E-11 4.2067E-11 4.3168E-11 4.4280E-11 4.5409E-11 4.6543E-11 4.7679E-11 4.8818E-11 4.9959E-11 5.1100E-11 5.2241E-11 5.3382E-11 5.4521E-11 5.5658E-11 5.6792E-11 5.7922E-11 5.9047E-11 6.0167E-11 6.1281E-11 6.2388E-11 6.3487E-11 6.4579E-11 6.5661E-11 6.6734E-11 6.7796E-11 6.8848E-11 6.9887E-11 7.0915E-11 7.1930E-11 7.2931E-11 7.3918E-11 7.4891E-11 7.5849E-11 7.6791E-11 7.7717E-11 7.8626E-11 7.9518E-11 8.0393E-11 8.1250E-11 8.2088E-11 8.2908E-11 8.3709E-11 8.4490E-11 8.5252E-11 8.5993E-11 8.6715E-11 8.7415E-11 8.8095E-11 8.8754E-11 8.9392E-11
3.4724E-11 3.5647E-11 3.6588E-11 3.7546E-11 3.8523E-11 3.9520E-11 4.0549E-11 4.1613E-11 4.2696E-11 4.3814E-11 4.4939E-11 4.6081E-11 4.7232E-11 4.8385E-11 4.9541E-11 5.0699E-11 5.1857E-11 5.3016E-11 5.4173E-11 5.5329E-11 5.6483E-11 5.7633E-11 5.8780E-11 5.9921E-11 6.1057E-11 6.2187E-11 6.3310E-11 6.4425E-11 6.5532E-11 6.6630E-11 6.7717E-11 6.8794E-11 6.9860E-11 7.0914E-11 7.1956E-11 7.2984E-11 7.3999E-11 7.4999E-11 7.5984E-11 7.6954E-11 7.7908E-11 7.8846E-11 7.9767E-11 8.0670E-11 8.1555E-11 8.2422E-11 8.3271E-11 8.4100E-11 8.4910E-11 8.5700E-11 8.6470E-11 8.7220E-11 8.7949E-11 8.8657E-11 8.9343E-11 9.0009E-11 9.0653E-11
3.5286E-11 3.6221E-11 3.7174E-11 3.8146E-11 3.9136E-11 4.0143E-11 4.1178E-11 4.2245E-11 4.3343E-11 4.4463E-11 4.5605E-11 4.6755E-11 4.7923E-11 4.9094E-11 5.0267E-11 5.1442E-11 5.2618E-11 5.3793E-11 5.4968E-11 5.6141E-11 5.7311E-11 5.8478E-11 5.9641E-11 6.0800E-11 6.1952E-11 6.3098E-11 6.4237E-11 6.5368E-11 6.6490E-11 6.7603E-11 6.8705E-11 6.9797E-11 7.0878E-11 7.1946E-11 7.3001E-11 7.4043E-11 7.5071E-11 7.6085E-11 7.7083E-11 7.8065E-11 7.9032E-11 7.9981E-11 8.0913E-11 8.1827E-11 8.2723E-11 8.3601E-11 8.4459E-11 8.5298E-11 8.6117E-11 8.6916E-11 8.7694E-11 8.8452E-11 8.9189E-11 8.9904E-11 9.0598E-11 9.1270E-11 9.1920E-11
3.5850E-11 3.6798E-11 3.7764E-11 3.8749E-11 3.9752E-11 4.0773E-11 4.1814E-11 4.2885E-11 4.3990E-11 4.5116E-11 4.6272E-11 4.7437E-11 4.8617E-11 4.9805E-11 5.0996E-11 5.2188E-11 5.3381E-11 5.4574E-11 5.5766E-11 5.6956E-11 5.8143E-11 5.9327E-11 6.0507E-11 6.1682E-11 6.2850E-11 6.4013E-11 6.5167E-11 6.6314E-11 6.7452E-11 6.8580E-11 6.9698E-11 7.0805E-11 7.1900E-11 7.2982E-11 7.4052E-11 7.5108E-11 7.6149E-11 7.7176E-11 7.8187E-11 7.9182E-11 8.0160E-11 8.1121E-11 8.2065E-11 8.2990E-11 8.3897E-11 8.4785E-11 8.5653E-11 8.6502E-11 8.7330E-11 8.8138E-11 8.8925E-11 8.9691E-11 9.0435E-11 9.1157E-11 9.1858E-11 9.2537E-11 9.3193E-11
3.6415E-11 3.7376E-11 3.8355E-11 3.9353E-11 4.0369E-11 4.1404E-11 4.2456E-11 4.3533E-11 4.4642E-11 4.5782E-11 4.6942E-11 4.8124E-11 4.9313E-11 5.0519E-11 5.1727E-11 5.2937E-11 5.4147E-11 5.5357E-11 5.6566E-11 5.7774E-11 5.8978E-11 6.0179E-11 6.1376E-11 6.2567E-11 6.3752E-11 6.4931E-11 6.6102E-11 6.7264E-11 6.8418E-11 6.9562E-11 7.0695E-11 7.1816E-11 7.2926E-11 7.4023E-11 7.5107E-11 7.6177E-11 7.7232E-11 7.8271E-11 7.9295E-11 8.0303E-11 8.1293E-11 8.2267E-11 8.3222E-11 8.4158E-11 8.5076E-11 8.5974E-11 8.6853E-11 8.7711E-11 8.8548E-11 8.9365E-11 9.0161E-11 9.0934E-11 9.3437E-11 9.4179E-11 9.4896E-11 9.6930E-11 1.0112E-10
3.6983E-11 3.7956E-11 3.8948E-11 3.9959E-11 4.0988E-11 4.2036E-11 4.3102E-11 4.4188E-11 4.5302E-11 4.6448E-11 4.7617E-11 4.8812E-11 5.0017E-11 5.1234E-11 5.2460E-11 5.3687E-11 5.4915E-11 5.6143E-11 5.7369E-11 5.8594E-11 5.9816E-11 6.1034E-11 6.2247E-11 6.3455E-11 6.4657E-11 6.5852E-11 6.7040E-11 6.8218E-11 6.9388E-11 7.0547E-11 7.1695E-11 7.2832E-11 7.3957E-11 7.5068E-11 7.6166E-11 7.7250E-11 7.8319E-11 7.9372E-11 8.0409E-11 8.1429E-11 8.2432E-11 8.3417E-11 8.4383E-11 8.5331E-11 8.6260E-11 8.8830E-11 8.9796E-11 9.4291E-11 1.0005E-10 1.0452E-10 1.0827E-10 1.0921E-10 1.1081E-10 1.1168E-10 1.1250E-10 1.1328E-10 1.1401E-10
3.7552E-11 3.8537E-11 3.9542E-11 4.0566E-11 4.1609E-11 4.2671E-11 4.3750E-11 4.4848E-11 4.5969E-11 4.7120E-11 4.8302E-11 4.9501E-11 5.0724E-11 5.1951E-11 5.3195E-11 5.4440E-11 5.5685E-11 5.6931E-11 5.8175E-11 5.9417E-11 6.0656E-11 6.1891E-11 6.3121E-11 6.4346E-11 6.5565E-11 6.6777E-11 6.7980E-11 6.9175E-11 7.0360E-11 7.1535E-11 7.2699E-11 7.3851E-11 7.4991E-11 7.6117E-11 7.7229E-11 7.8327E-11 7.9409E-11 8.0476E-11 8.1526E-11 8.2559E-11 8.3574E-11 8.6033E-11 8.9023E-11 9.6267E-11 1.0212E-10 1.0436E-10 1.0661E-10 1.0819E-10 1.1133E-10 1.1320E-10 1.1797E-10 1.2176E-10 1.2276E-10 1.2662E-10 1.2752E-10 1.3254E-10 1.3333E-10
3.8122E-11 3.9120E-11 4.0137E-11 4.1174E-11 4.2230E-11 4.3305E-11 4.4399E-11 4.5510E-11 4.6641E-11 4.7798E-11 4.8986E-11 5.0198E-11 5.1432E-11 5.2677E-11 5.3931E-11 5.5194E-11 5.6457E-11 5.7720E-11 5.8982E-11 6.0241E-11 6.1498E-11 6.2750E-11 6.3998E-11 6.5240E-11 6.6476E-11 6.7704E-11 6.8924E-11 7.0135E-11 7.1336E-11 7.2527E-11 7.3706E-11 7.4874E-11 7.6028E-11 7.7169E-11 7.8296E-11 7.9407E-11 8.0504E-11 8.1584E-11 8.3965E-11 9.0627E-11 9.7595E-11 9.9898E-11 1.0383E-10 1.0568E-10 1.1156E-10 1.2035E-10 1.2616E-10 1.2952E-10 1.3208E-10 1.3357E-10 1.3490E-10 1.3610E-10 1.3789E-10 1.3956E-10 1.4237E-10 1.4325E-10 1.4546E-10
3.8692E-11 3.9703E-11 4.0733E-11 4.1783E-11 4.2853E-11 4.3941E-11 4.5049E-11 4.6174E-11 4.7318E-11 4.8483E-11 4.9677E-11 5.0900E-11 5.2140E-11 5.3403E-11 5.4670E-11 5.5949E-11 5.7230E-11 5.8511E-11 5.9791E-11 6.1068E-11 6.2342E-11 6.3612E-11 6.4877E-11 6.6136E-11 6.7388E-11 6.8633E-11 6.9870E-11 7.1097E-11 7.2315E-11 7.3521E-11 7.4716E-11 7.5899E-11 7.7068E-11 7.8224E-11 7.9365E-11 8.1648E-11 9.0172E-11 9.4292E-11 9.6638E-11 1.0233E-10 1.0909E-10 1.1745E-10 1.2124E-10 1.2449E-10 1.2895E-10 1.3226E-10 1.3926E-10 1.4447E-10 1.5102E-10 1.5516E-10 1.5955E-10 1.6096E-10 1.6664E-10 1.6782E-10 1.6888E-10 1.6984E-10 1.7069E-10
3.9264E-11 4.0287E-11 4.1330E-11 4.2392E-11 4.3475E-11 4.4577E-11 4.5698E-11 4.6838E-11 4.7995E-11 4.9172E-11 5.0373E-11 5.1603E-11 5.2857E-11 5.4130E-11 5.5414E-11 5.6705E-11 5.8005E-11 5.9303E-11 6.0600E-11 6.1895E-11 6.3187E-11 6.4474E-11 6.5757E-11 6.7033E-11 6.8303E-11 6.9564E-11 7.0818E-11 7.2062E-11 7.3295E-11 7.4518E-11 7.5728E-11 7.6926E-11 7.9097E-11 8.3869E-11 9.0631E-11 9.4213E-11 9.8363E-11 1.0908E-10 1.1276E-10 1.1717E-10 1.2162E-10 1.2725E-10 1.4017E-10 1.4573E-10 1.5057E-10 1.5760E-10 1.6152E-10 1.6650E-10 1.6977E-10 1.7270E-10 1.7836E-10 1.8346E-10 1.8489E-10 1.8691E-10 1.8804E-10 1.8904E-10 1.9060E-10
3.9835E-11 4.0871E-11 4.1926E-11 4.3002E-11 4.4098E-11 4.5214E-11 4.6348E-11 4.7502E-11 4.8674E-11 4.9864E-11 5.1073E-11 5.2311E-11 5.3576E-11 5.4856E-11 5.6159E-11 5.7465E-11 5.8779E-11 6.0096E-11 6.1411E-11 6.2724E-11 6.4033E-11 6.5338E-11 6.6638E-11 6.7932E-11 6.9218E-11 7.0497E-11 7.1767E-11 7.3028E-11 7.4277E-11 7.5516E-11 7.7637E-11 8.5990E-11 8.8616E-11 9.4003E-11 1.0383E-10 1.0795E-10 1.1323E-10 1.1864E-10 1.3127E-10 1.3610E-10 1.4109E-10 1.5041E-10 1.5748E-10 1.6514E-10 1.7522E-10 1.8384E-10 1.8920E-10 1.9668E-10 2.0049E-10 2.0318E-10 2.0543E-10 2.0811E-10 2.1042E-10 2.1180E-10 2.1367E-10 2.1471E-10 2.1558E-10
4.0407E-11 4.1455E-11 4.2523E-11 4.3611E-11 4.4720E-11 4.5849E-11 4.6997E-11 4.8165E-11 4.9352E-11 5.0556E-11 5.1777E-11 5.3023E-11 5.4296E-11 5.5592E-11 5.6903E-11 5.8227E-11 5.9555E-11 6.0889E-11 6.2223E-11 6.3553E-11 6.4880E-11 6.6203E-11 6.7520E-11 6.8831E-11 7.0135E-11 7.1431E-11 7.2718E-11 7.3995E-11 7.7077E-11 8.3820E-11 8.8124E-11 9.5791E-11 1.0175E-10 1.0721E-10 1.1345E-10 1.2517E-10 1.3016E-10 1.3678E-10 1.4582E-10 1.5735E-10 1.6746E-10 1.7387E-10 1.8309E-10 1.9035E-10 1.9705E-10 2.0510E-10 2.1418E-10 2.1888E-10 2.2573E-10 2.3262E-10 2.3601E-10 2.4122E-10 2.4374E-10 2.4911E-10 2.5037E-10 2.5141E-10 2.4904E-10
4.0978E-11 4.2038E-11 4.3119E-11 4.4221E-11 4.5343E-11 4.6485E-11 4.7647E-11 4.8829E-11 5.0029E-11 5.1247E-11 5.2483E-11 5.3739E-11 5.5020E-11 5.6327E-11 5.7649E-11 5.8989E-11 6.0333E-11 6.1683E-11 6.3034E-11 6.4383E-11 6.5728E-11 6.7068E-11 6.8403E-11 6.9732E-11 7.1053E-11 7.2366E-11 7.5267E-11 8.1506E-11 8.5614E-11 9.5015E-11 9.8970E-11 1.0533E-10 1.1656E-10 1.2233E-10 1.2879E-10 1.4132E-10 1.5306E-10 1.5959E-10 1.7027E-10 1.7832E-10 1.8897E-10 2.0244E-10 2.1246E-10 2.1937E-10 2.3002E-10 2.3656E-10 2.4182E-10 2.4818E-10 2.5434E-10 2.5865E-10 2.6399E-10 2.6860E-10 2.7056E-10 2.7220E-10 2.7353E-10 2.7460E-10 2.7431E-10
4.1551E-11 4.2621E-11 4.3714E-11 4.4829E-11 4.5963E-11 4.7119E-11 4.8295E-11 4.9490E-11 5.0705E-11 5.1938E-11 5.3188E-11 5.4456E-11 5.5746E-11 5.7062E-11 5.8400E-11 5.9750E-11 6.1112E-11 6.2476E-11 6.3845E-11 6.5212E-11 6.6575E-11 6.7933E-11 6.9286E-11 7.0632E-11 7.1971E-11 7.8357E-11 8.2960E-11 9.1674E-11 9.7199E-11 1.0734E-10 1.1313E-10 1.2012E-10 1.3007E-10 1.4274E-10 1.4931E-10 1.6153E-10 1.7382E-10 1.8680E-10 1.9554E-10 2.0590E-10 2.1642E-10 2.2780E-10 2.3889E-10 2.5002E-10 2.6227E-10 2.7273E-10 2.7865E-10 2.8980E-10 2.9456E-10 2.9958E-10 3.0301E-10 3.0682E-10 3.0905E-10 3.1080E-10 3.1456E-10 3.1561E-10 3.1638E-10
4.2123E-11 4.3204E-11 4.4309E-11 4.5436E-11 4.6584E-11 4.7753E-11 4.8942E-11 5.0151E-11 5.1380E-11 5.2627E-11 5.3892E-11 5.5174E-11 5.6475E-11 5.7800E-11 5.9149E-11 6.0512E-11 6.1890E-11 6.3271E-11 6.4656E-11 6.6041E-11 6.7422E-11 6.8798E-11 7.0169E-11 7.2086E-11 7.7342E-11 8.8177E-11 9.3427E-11 1.0392E-10 1.0894E-10 1.1715E-10 1.3048E-10 1.3812E-10 1.4786E-10 1.6583E-10 1.7439E-10 1.8335E-10 1.9537E-10 2.1005E-10 2.2594E-10 2.3732E-10 2.4806E-10 2.6127E-10 2.7064E-10 2.8056E-10 2.8983E-10 2.9709E-10 3.0461E-10 3.1129E-10 3.1746E-10 3.2210E-10 3.2769E-10 3.3088E-10 3.3481E-10 3.3674E-10 3.3825E-10 3.3938E-10 3.4015E-10
4.2692E-11 4.3787E-11 4.4902E-11 4.6042E-11 4.7202E-11 4.8384E-11 4.9587E-11 5.0810E-11 5.2052E-11 5.3314E-11 5.4594E-11 5.5891E-11 5.7205E-11 5.8540E-11 5.9898E-11 6.1277E-11 6.2666E-11 6.4066E-11 6.5466E-11 6.6869E-11 6.8268E-11 6.9662E-11 7.1050E-11 7.7984E-11 8.8013E-11 9.8358E-11 1.0565E-10 1.1709E-10 1.2600E-10 1.3403E-10 1.5034E-10 1.6026E-10 1.7104E-10 1.8320E-10 2.0254E-10 2.1315E-10 2.2354E-10 2.3734E-10 2.4828E-10 2.5934E-10 2.7025E-10 2.8059E-10 2.9078E-10 3.0481E-10 3.1423E-10 3.2299E-10 3.3137E-10 3.3847E-10 3.4451E-10 3.5126E-10 3.5656E-10 3.6064E-10 3.6360E-10 3.6648E-10 3.6810E-10 3.6928E-10 3.7052E-10
4.3258E-11 4.4368E-11 4.5495E-11 4.6646E-11 4.7820E-11 4.9015E-11 5.0230E-11 5.1467E-11 5.2723E-11 5.3998E-11 5.5293E-11 5.6605E-11 5.7934E-11 5.9280E-11 6.0649E-11 6.2039E-11 6.3444E-11 6.4858E-11 6.6276E-11 6.7695E-11 6.9112E-11 7.0525E-11 7.6043E-11 9.0109E-11 1.0077E-10 1.1114E-10 1.1855E-10 1.2909E-10 1.4330E-10 1.5475E-10 1.6545E-10 1.8524E-10 1.9690E-10 2.0742E-10 2.2117E-10 2.3251E-10 2.4386E-10 2.5482E-10 2.6948E-10 2.8144E-10 2.9289E-10 3.0484E-10 3.1567E-10 3.2716E-10 3.3658E-10 3.4618E-10 3.5557E-10 3.6727E-10 3.7468E-10 3.8103E-10 3.8639E-10 3.9151E-10 3.9474E-10 3.9778E-10 4.0036E-10 3.9813E-10 3.9980E-10
4.3821E-11 4.4945E-11 4.6087E-11 4.7248E-11 4.8434E-11 4.9642E-11 5.0871E-11 5.2121E-11 5.3391E-11 5.4681E-11 5.5989E-11 5.7316E-11 5.8660E-11 6.0020E-11 6.1400E-11 6.2801E-11 6.4220E-11 6.5649E-11 6.7085E-11 6.8520E-11 6.9955E-11 7.2419E-11 8.5528E-11 1.0265E-10 1.1238E-10 1.2410E-10 1.3538E-10 1.4719E-10 1.6552E-10 1.7770E-10 1.8856E-10 2.0183E-10 2.1323E-10 2.2532E-10 2.3721E-10 2.5147E-10 2.6467E-10 2.7728E-10 2.8872E-10 3.0455E-10 3.1829E-10 3.2982E-10 3.4314E-10 3.5414E-10 3.6484E-10 3.7545E-10 3.8540E-10 3.9484E-10 4.0209E-10 4.0856E-10 4.1404E-10 4.2004E-10 4.2508E-10 4.2843E-10 4.3049E-10 4.3182E-10 4.3265E-10
4.4381E-11 4.5519E-11 4.6676E-11 4.7849E-11 4.9047E-11 5.0268E-11 5.1510E-11 5.2773E-11 5.4056E-11 5.5360E-11 5.6682E-11 5.8024E-11 5.9382E-11 6.0758E-11 6.2150E-11 6.3562E-11 6.4994E-11 6.6439E-11 6.7890E-11 6.9344E-11 7.1790E-11 8.3345E-11 1.0198E-10 1.1868E-10 1.2725E-10 1.3786E-10 1.5608E-10 1.6884E-10 1.7925E-10 1.9291E-10 2.0391E-10 2.1625E-10 2.3152E-10 2.4366E-10 2.5663E-10 2.7273E-10 2.8618E-10 3.0008E-10 3.1363E-10 3.2682E-10 3.4045E-10 3.5278E-10 3.6689E-10 3.7909E-10 3.9118E-10 4.0212E-10 4.1326E-10 4.2251E-10 4.3056E-10 4.3928E-10 4.4596E-10 4.5104E-10 4.5573E-10 4.5889E-10 4.6177E-10 4.6326E-10 4.6414E-10
4.4936E-11 4.6089E-11 4.7260E-11 4.8449E-11 4.9656E-11 5.0890E-11 5.2145E-11 5.3421E-11 5.4718E-11 5.6036E-11 5.7373E-11 5.8728E-11 6.0102E-11 6.1492E-11 6.2899E-11 6.4322E-11 6.5766E-11 6.7226E-11 6.8693E-11 7.0165E-11 7.4566E-11 9.8097E-11 1.1730E-10 1.3196E-10 1.4485E-10 1.5447E-10 1.6967E-10 1.8202E-10 1.9347E-10 2.0851E-10 2.2063E-10 2.3359E-10 2.4947E-10 2.6397E-10 2.7757E-10 2.9232E-10 3.0674E-10 3.2097E-10 3.3541E-10 3.5012E-10 3.6424E-10 3.7787E-10 3.9171E-10 4.0586E-10 4.1850E-10 4.3079E-10 4.4142E-10 4.5228E-10 4.6197E-10 4.7016E-10 4.7691E-10 4.8260E-10 4.8729E-10 4.9184E-10 4.9453E-10 4.9677E-10 4.9856E-10
4.5488E-11 4.6655E-11 4.7841E-11 4.9044E-11 5.0265E-11 5.1509E-11 5.2777E-11 5.4066E-11 5.5376E-11 5.6707E-11 5.8058E-11 5.9428E-11 6.0816E-11 6.2222E-11 6.3644E-11 6.5080E-11 6.6536E-11 6.8010E-11 6.9494E-11 7.3302E-11 9.1056E-11 1.1691E-10 1.3466E-10 1.4431E-10 1.5507E-10 1.7039E-10 1.8173E-10 1.9639E-10 2.0853E-10 2.2220E-10 2.3861E-10 2.5286E-10 2.6698E-10 2.8206E-10 2.9824E-10 3.1253E-10 3.2822E-10 3.4381E-10 3.5826E-10 3.7490E-10 3.8960E-10 4.0454E-10 4.1885E-10 4.3236E-10 4.4652E-10 4.5980E-10 4.7252E-10 4.8309E-10 4.9287E-10 5.0180E-10 5.0956E-10 5.1644E-10 5.2256E-10 5.2804E-10 5.3169E-10 5.3393E-10 5.3546E-10
4.6035E-11 4.7216E-11 4.8416E-11 4.9634E-11 5.0870E-11 5.2124E-11 5.3405E-11 5.4707E-11 5.6031E-11 5.7375E-11 5.8740E-11 6.0124E-11 6.1527E-11 6.2947E-11 6.4384E-11 6.5836E-11 6.7304E-11 6.8790E-11 7.1271E-11 7.9018E-11 1.0930E-10 1.3188E-10 1.4386E-10 1.5364E-10 1.6532E-10 1.8307E-10 1.9595E-10 2.1161E-10 2.2531E-10 2.3972E-10 2.5508E-10 2.7042E-10 2.8621E-10 3.0174E-10 3.1795E-10 3.3472E-10 3.5079E-10 3.6739E-10 3.8328E-10 3.9951E-10 4.1656E-10 4.3206E-10 4.4684E-10 4.6211E-10 4.7648E-10 4.9091E-10 5.0526E-10 5.1820E-10 5.2931E-10 5.4035E-10 5.4890E-10 5.5635E-10 5.6217E-10 5.6727E-10 5.7075E-10 5.7351E-10 5.7489E-10
4.6577E-11 4.7773E-11 4.8987E-11 5.0219E-11 5.1470E-11 5.2738E-11 5.4029E-11 5.5344E-11 5.6680E-11 5.8038E-11 5.9416E-11 6.0815E-11 6.2232E-11 6.3667E-11 6.5118E-11 6.6586E-11 6.8068E-11 6.9567E-11 7.6616E-11 9.8209E-11 1.2717E-10 1.4190E-10 1.5344E-10 1.6372E-10 1.8222E-10 1.9735E-10 2.1087E-10 2.2533E-10 2.4113E-10 2.5619E-10 2.7239E-10 2.8939E-10 3.0579E-10 3.2282E-10 3.3975E-10 3.5737E-10 3.7463E-10 3.9217E-10 4.0991E-10 4.2636E-10 4.4306E-10 4.6049E-10 4.7853E-10 4.9675E-10 5.1174E-10 5.2603E-10 5.4067E-10 5.5397E-10 5.6689E-10 5.7779E-10 5.8775E-10 5.9617E-10 6.0338E-10 6.0911E-10 6.1356E-10 6.1607E-10 6.1831E-10
