Assets/Resources/2015_m01_d22_1400(utc+0800)_l00_csi_1hr_conc.grd
DSAA
         159         159
     -79.000      79.000
     -79.000      79.000
  0.0000E+00  0.8771E-06
[rows 50 to 74 of 159, columns 57 to 113 of 159]
1.2177E-08 1.4026E-08 1.5887E-08 1.7754E-08 1.9486E-08 2.1006E-08 2.2199E-08 2.2978E-08 2.3284E-08 2.3071E-08 2.2359E-08 2.1193E-08 1.9668E-08 1.7916E-08 1.6079E-08 1.4272E-08 1.2658E-08 1.1264E-08 1.0106E-08 9.1906E-09 8.5220E-09 8.0447E-09 7.6988E-09 7.4408E-09 7.2416E-09 7.0781E-09 6.9406E-09 6.8175E-09 6.6876E-09 6.5528E-09 6.4141E-09 6.2659E-09 6.1218E-09 5.9775E-09 5.8288E-09 5.6850E-09 5.5427E-09 5.3974E-09 5.2590E-09 5.1272E-09 4.9907E-09 4.8619E-09 4.7300E-09 4.6005E-09 4.4718E-09 4.3493E-09 4.2242E-09 4.1047E-09 3.9873E-09 3.8780E-09 3.7708E-09 3.6649E-09 3.5607E-09 3.4586E-09 3.3604E-09 3.2639E-09 3.1691E-09
1.1863E-08 1.3756E-08 1.5725E-08 1.7703E-08 1.9563E-08 2.1201E-08 2.2501E-08 2.3355E-08 2.3675E-08 2.3422E-08 2.2610E-08 2.1294E-08 1.9610E-08 1.7682E-08 1.5649E-08 1.3696E-08 1.1922E-08 1.0470E-08 9.3051E-09 8.3998E-09 7.7426E-09 7.2979E-09 6.9800E-09 6.7534E-09 6.5840E-09 6.4500E-09 6.3421E-09 6.2401E-09 6.1314E-09 6.0181E-09 5.8945E-09 5.7733E-09 5.6456E-09 5.5210E-09 5.3954E-09 5.2654E-09 5.1411E-09 5.0176E-09 4.8992E-09 4.7803E-09 4.6572E-09 4.5355E-09 4.4157E-09 4.3031E-09 4.1838E-09 4.0665E-09 3.9538E-09 3.8519E-09 3.7445E-09 3.6436E-09 3.5445E-09 3.4471E-09 3.3512E-09 3.2569E-09 3.1657E-09 3.0760E-09 2.9886E-09
1.1567E-08 1.3562E-08 1.5656E-08 1.7778E-08 1.9809E-08 2.1629E-08 2.3087E-08 2.4064E-08 2.4442E-08 2.4175E-08 2.3266E-08 2.1806E-08 1.9896E-08 1.7728E-08 1.5509E-08 1.3334E-08 1.1370E-08 9.7981E-09 8.5798E-09 7.6669E-09 7.0178E-09 6.6006E-09 6.3145E-09 6.1161E-09 5.9743E-09 5.8672E-09 5.7839E-09 5.7003E-09 5.6067E-09 5.5099E-09 5.4058E-09 5.3033E-09 5.1983E-09 5.0865E-09 4.9785E-09 4.8704E-09 4.7621E-09 4.6581E-09 4.5527E-09 4.4415E-09 4.3305E-09 4.2266E-09 4.1180E-09 4.0082E-09 3.8990E-09 3.8007E-09 3.7001E-09 3.6005E-09 3.5082E-09 3.4158E-09 3.3252E-09 3.2354E-09 3.1468E-09 3.0602E-09 2.9762E-09 2.8937E-09 2.8133E-09
1.1359E-08 1.3462E-08 1.5739E-08 1.8070E-08 2.0346E-08 2.2429E-08 2.4138E-08 2.5293E-08 2.5795E-08 2.5549E-08 2.4548E-08 2.2878E-08 2.0700E-08 1.8244E-08 1.5673E-08 1.3243E-08 1.1053E-08 9.2636E-09 7.9215E-09 6.9904E-09 6.3527E-09 5.9556E-09 5.7008E-09 5.5294E-09 5.4124E-09 5.3286E-09 5.2662E-09 5.1913E-09 5.1154E-09 5.0353E-09 4.9468E-09 4.8602E-09 4.7715E-09 4.6753E-09 4.5833E-09 4.4954E-09 4.4057E-09 4.3140E-09 4.2157E-09 4.1165E-09 4.0232E-09 3.9244E-09 3.8240E-09 3.7234E-09 3.6334E-09 3.5404E-09 3.4485E-09 3.3640E-09 3.2795E-09 3.1952E-09 3.1119E-09 3.0298E-09 2.9491E-09 2.8698E-09 2.7922E-09 2.7163E-09 2.6428E-09
1.1156E-08 1.3425E-08 1.5901E-08 1.8496E-08 2.1103E-08 2.3529E-08 2.5555E-08 2.7020E-08 2.7722E-08 2.7537E-08 2.6474E-08 2.4607E-08 2.2125E-08 1.9261E-08 1.6295E-08 1.3486E-08 1.0988E-08 8.9286E-09 7.3991E-09 6.3715E-09 5.7373E-09 5.3595E-09 5.1385E-09 4.9934E-09 4.8989E-09 4.8328E-09 4.7817E-09 4.7207E-09 4.6589E-09 4.5923E-09 4.5173E-09 4.4446E-09 4.3702E-09 4.2938E-09 4.2207E-09 4.1448E-09 4.0663E-09 3.9806E-09 3.8940E-09 3.8126E-09 3.7240E-09 3.6328E-09 3.5474E-09 3.4595E-09 3.3745E-09 3.2902E-09 3.2135E-09 3.1361E-09 3.0588E-09 2.9822E-09 2.9064E-09 2.8316E-09 2.7575E-09 2.6849E-09 2.6143E-09 2.5455E-09 2.4785E-09
1.0927E-08 1.3345E-08 1.6046E-08 1.8963E-08 2.1953E-08 2.4789E-08 2.7289E-08 2.9156E-08 3.0159E-08 3.0183E-08 2.9130E-08 2.7100E-08 2.4290E-08 2.0994E-08 1.7521E-08 1.4195E-08 1.1246E-08 8.8296E-09 7.0355E-09 5.8604E-09 5.1756E-09 4.8138E-09 4.6245E-09 4.4998E-09 4.4223E-09 4.3708E-09 4.3308E-09 4.2859E-09 4.2304E-09 4.1805E-09 4.1175E-09 4.0573E-09 4.0006E-09 3.9411E-09 3.8783E-09 3.8125E-09 3.7393E-09 3.6648E-09 3.5952E-09 3.5173E-09 3.4361E-09 3.3601E-09 3.2806E-09 3.2037E-09 3.1269E-09 3.0578E-09 2.9876E-09 2.9172E-09 2.8472E-09 2.7776E-09 2.7084E-09 2.6401E-09 2.5731E-09 2.5076E-09 2.4436E-09 2.3805E-09 2.3182E-09
1.0609E-08 1.3156E-08 1.6088E-08 1.9335E-08 2.2729E-08 2.6098E-08 2.9147E-08 3.1546E-08 3.3071E-08 3.3421E-08 3.2543E-08 3.0482E-08 2.7432E-08 2.3676E-08 1.9620E-08 1.5602E-08 1.2040E-08 9.1144E-09 6.9149E-09 5.4645E-09 4.6913E-09 4.3064E-09 4.1481E-09 4.0428E-09 3.9793E-09 3.9515E-09 3.9156E-09 3.8845E-09 3.8391E-09 3.7951E-09 3.7531E-09 3.7081E-09 3.6602E-09 3.6095E-09 3.5558E-09 3.4948E-09 3.4317E-09 3.3730E-09 3.3054E-09 3.2340E-09 3.1685E-09 3.0981E-09 3.0293E-09 2.9670E-09 2.8984E-09 2.8352E-09 2.7717E-09 2.7082E-09 2.6447E-09 2.5813E-09 2.5188E-09 2.4573E-09 2.3969E-09 2.3373E-09 2.2790E-09 2.2213E-09 2.1660E-09
1.0141E-08 1.2781E-08 1.5910E-08 1.9433E-08 2.3262E-08 2.7168E-08 3.0829E-08 3.3951E-08 3.6102E-08 3.7045E-08 3.6586E-08 3.4718E-08 3.1568E-08 2.7468E-08 2.2749E-08 1.7954E-08 1.3515E-08 9.8497E-09 7.0985E-09 5.2425E-09 4.2488E-09 3.8321E-09 3.7045E-09 3.6221E-09 3.5857E-09 3.5572E-09 3.5393E-09 3.5122E-09 3.4858E-09 3.4552E-09 3.4207E-09 3.3828E-09 3.3420E-09 3.2992E-09 3.2494E-09 3.1973E-09 3.1484E-09 3.0903E-09 3.0285E-09 2.9667E-09 2.9128E-09 2.8527E-09 2.7914E-09 2.7364E-09 2.6803E-09 2.6233E-09 2.5663E-09 2.5086E-09 2.4511E-09 2.3942E-09 2.3381E-09 2.2828E-09 2.2279E-09 2.1745E-09 2.1213E-09 2.0701E-09 2.0204E-09
9.4894E-09 1.2171E-08 1.5374E-08 1.9128E-08 2.3305E-08 2.7683E-08 3.2002E-08 3.5838E-08 3.8826E-08 4.0582E-08 4.0834E-08 3.9506E-08 3.6572E-08 3.2275E-08 2.7054E-08 2.1349E-08 1.5904E-08 1.1210E-08 7.6726E-09 5.3282E-09 3.9991E-09 3.4258E-09 3.2945E-09 3.2440E-09 3.2238E-09 3.2139E-09 3.2026E-09 3.1862E-09 3.1654E-09 3.1406E-09 3.1119E-09 3.0805E-09 3.0414E-09 3.0066E-09 2.9642E-09 2.9182E-09 2.8743E-09 2.8220E-09 2.7699E-09 2.7255E-09 2.6740E-09 2.6210E-09 2.5735E-09 2.5240E-09 2.4734E-09 2.4224E-09 2.3705E-09 2.3187E-09 2.2672E-09 2.2165E-09 2.1660E-09 2.1162E-09 2.0675E-09 2.0187E-09 1.9718E-09 1.9258E-09 1.8812E-09
8.6474E-09 1.1236E-08 1.4423E-08 1.8262E-08 2.2630E-08 2.7371E-08 3.2205E-08 3.6761E-08 4.0626E-08 4.3367E-08 4.4664E-08 4.4170E-08 4.1919E-08 3.7833E-08 3.2333E-08 2.5893E-08 1.9302E-08 1.3434E-08 8.8006E-09 5.7600E-09 4.0192E-09 3.1892E-09 2.9545E-09 2.9205E-09 2.9103E-09 2.9059E-09 2.8981E-09 2.8858E-09 2.8696E-09 2.8501E-09 2.8275E-09 2.7972E-09 2.7644E-09 2.7345E-09 2.6955E-09 2.6534E-09 2.6173E-09 2.5749E-09 2.5320E-09 2.4948E-09 2.4495E-09 2.4095E-09 2.3671E-09 2.3230E-09 2.2777E-09 2.2316E-09 2.1852E-09 2.1390E-09 2.0933E-09 2.0477E-09 2.0029E-09 1.9587E-09 1.9143E-09 1.8716E-09 1.8297E-09 1.7891E-09 1.7481E-09
7.5476E-09 9.9631E-09 1.2992E-08 1.6716E-08 2.1101E-08 2.5983E-08 3.1169E-08 3.6322E-08 4.1019E-08 4.4827E-08 4.7266E-08 4.8040E-08 4.6755E-08 4.3440E-08 3.8085E-08 3.1257E-08 2.3718E-08 1.6529E-08 1.0675E-08 6.5988E-09 4.2962E-09 3.1438E-09 2.6925E-09 2.6255E-09 2.6229E-09 2.6231E-09 2.6190E-09 2.6111E-09 2.5997E-09 2.5794E-09 2.5621E-09 2.5354E-09 2.5048E-09 2.4778E-09 2.4442E-09 2.4103E-09 2.3833E-09 2.3476E-09 2.3171E-09 2.2787E-09 2.2454E-09 2.2099E-09 2.1724E-09 2.1333E-09 2.0927E-09 2.0516E-09 2.0103E-09 1.9693E-09 1.9287E-09 1.8886E-09 1.8489E-09 1.8088E-09 1.7703E-09 1.7324E-09 1.6957E-09 1.6584E-09 1.6227E-09
6.3312E-09 8.4440E-09 1.1159E-08 1.4608E-08 1.8741E-08 2.3526E-08 2.8866E-08 3.4348E-08 3.9722E-08 4.4443E-08 4.8081E-08 5.0095E-08 5.0216E-08 4.7971E-08 4.3394E-08 3.6690E-08 2.8648E-08 2.0397E-08 1.3266E-08 8.0358E-09 4.8504E-09 3.2464E-09 2.5468E-09 2.3707E-09 2.3650E-09 2.3680E-09 2.3667E-09 2.3560E-09 2.3474E-09 2.3293E-09 2.3129E-09 2.2886E-09 2.2632E-09 2.2439E-09 2.2176E-09 2.1895E-09 2.1671E-09 2.1362E-09 2.1108E-09 2.0835E-09 2.0537E-09 2.0221E-09 1.9891E-09 1.9544E-09 1.9186E-09 1.8820E-09 1.8458E-09 1.8099E-09 1.7741E-09 1.7388E-09 1.7029E-09 1.6684E-09 1.6346E-09 1.6016E-09 1.5681E-09 1.5359E-09 1.5034E-09
5.0482E-09 6.7806E-09 9.0974E-09 1.2072E-08 1.5780E-08 2.0281E-08 2.5387E-08 3.0987E-08 3.6678E-08 4.2064E-08 4.6617E-08 4.9891E-08 5.1295E-08 5.0522E-08 4.7136E-08 4.1278E-08 3.3347E-08 2.4642E-08 1.6372E-08 9.9816E-09 5.7503E-09 3.5035E-09 2.5110E-09 2.1692E-09 2.1315E-09 2.1289E-09 2.1278E-09 2.1171E-09 2.1098E-09 2.0949E-09 2.0783E-09 2.0674E-09 2.0478E-09 2.0331E-09 2.0102E-09 1.9857E-09 1.9672E-09 1.9471E-09 1.9248E-09 1.9002E-09 1.8739E-09 1.8460E-09 1.8171E-09 1.7865E-09 1.7550E-09 1.7233E-09 1.6917E-09 1.6602E-09 1.6281E-09 1.5972E-09 1.5668E-09 1.5369E-09 1.5075E-09 1.4776E-09 1.4489E-09 1.4196E-09 1.3901E-09
3.8046E-09 5.1536E-09 6.9676E-09 9.4282E-09 1.2614E-08 1.6597E-08 2.1346E-08 2.6704E-08 3.2455E-08 3.8103E-08 4.3248E-08 4.7298E-08 4.9896E-08 5.0366E-08 4.8538E-08 4.3939E-08 3.7062E-08 2.8432E-08 1.9685E-08 1.2174E-08 6.8832E-09 3.8427E-09 2.4758E-09 1.9972E-09 1.9048E-09 1.9040E-09 1.9006E-09 1.9014E-09 1.8932E-09 1.8890E-09 1.8762E-09 1.8611E-09 1.8513E-09 1.8326E-09 1.8196E-09 1.8049E-09 1.7887E-09 1.7707E-09 1.7509E-09 1.7290E-09 1.7058E-09 1.6815E-09 1.6559E-09 1.6291E-09 1.6020E-09 1.5752E-09 1.5477E-09 1.5192E-09 1.4925E-09 1.4660E-09 1.4399E-09 1.4139E-09 1.3875E-09 1.3612E-09 1.3361E-09 1.3098E-09 1.2839E-09
2.7297E-09 3.6865E-09 5.0550E-09 6.9622E-09 9.5841E-09 1.2973E-08 1.7228E-08 2.2213E-08 2.7686E-08 3.3370E-08 3.8656E-08 4.3216E-08 4.6395E-08 4.8061E-08 4.7453E-08 4.4602E-08 3.9009E-08 3.1340E-08 2.2586E-08 1.4292E-08 8.0032E-09 4.1927E-09 2.4502E-09 1.8212E-09 1.6795E-09 1.6790E-09 1.6852E-09 1.6822E-09 1.6837E-09 1.6763E-09 1.6737E-09 1.6623E-09 1.6561E-09 1.6480E-09 1.6381E-09 1.6268E-09 1.6139E-09 1.5987E-09 1.5832E-09 1.5656E-09 1.5462E-09 1.5257E-09 1.5046E-09 1.4828E-09 1.4590E-09 1.4345E-09 1.4122E-09 1.3891E-09 1.3656E-09 1.3438E-09 1.3207E-09 1.2983E-09 1.2755E-09 1.2533E-09 1.2301E-09 1.2071E-09 1.1852E-09
1.8625E-09 2.5155E-09 3.4880E-09 4.9357E-09 6.9856E-09 9.8213E-09 1.3499E-08 1.8038E-08 2.3228E-08 2.8724E-08 3.4000E-08 3.8595E-08 4.2232E-08 4.4362E-08 4.4977E-08 4.3363E-08 3.9484E-08 3.3076E-08 2.4734E-08 1.6166E-08 9.0393E-09 4.5617E-09 2.4013E-09 1.6573E-09 1.5065E-09 1.5021E-09 1.5091E-09 1.5067E-09 1.5096E-09 1.5103E-09 1.5089E-09 1.5055E-09 1.5004E-09 1.4935E-09 1.4849E-09 1.4737E-09 1.4618E-09 1.4483E-09 1.4335E-09 1.4184E-09 1.4011E-09 1.3832E-09 1.3639E-09 1.3454E-09 1.3255E-09 1.3062E-09 1.2864E-09 1.2684E-09 1.2493E-09 1.2289E-09 1.2107E-09 1.1910E-09 1.1704E-09 1.1512E-09 1.1313E-09 1.1111E-09 1.0915E-09
1.2225E-09 1.6299E-09 2.3089E-09 3.3269E-09 4.8994E-09 7.1906E-09 1.0359E-08 1.4437E-08 1.9308E-08 2.4576E-08 2.9832E-08 3.4466E-08 3.8158E-08 4.0678E-08 4.1754E-08 4.1349E-08 3.8784E-08 3.3628E-08 2.6207E-08 1.7513E-08 9.8187E-09 4.7172E-09 2.2864E-09 1.4785E-09 1.3460E-09 1.3492E-09 1.3562E-09 1.3612E-09 1.3642E-09 1.3652E-09 1.3643E-09 1.3617E-09 1.3574E-09 1.3502E-09 1.3415E-09 1.3321E-09 1.3200E-09 1.3081E-09 1.2947E-09 1.2807E-09 1.2655E-09 1.2501E-09 1.2338E-09 1.2186E-09 1.2025E-09 1.1877E-09 1.1726E-09 1.1566E-09 1.1408E-09 1.1241E-09 1.1076E-09 1.0902E-09 1.0741E-09 1.0570E-09 1.0392E-09 1.0219E-09 1.0034E-09
8.5170E-10 1.0970E-09 1.5136E-09 2.2033E-09 3.3509E-09 5.1383E-09 7.7795E-09 1.1399E-08 1.5953E-08 2.1141E-08 2.6352E-08 3.1075E-08 3.4804E-08 3.7399E-08 3.8823E-08 3.8971E-08 3.7475E-08 3.3766E-08 2.7298E-08 1.8864E-08 1.0580E-08 4.8315E-09 2.1282E-09 1.3120E-09 1.2118E-09 1.2168E-09 1.2233E-09 1.2281E-09 1.2311E-09 1.2309E-09 1.2289E-09 1.2241E-09 1.2175E-09 1.2096E-09 1.1997E-09 1.1882E-09 1.1771E-09 1.1628E-09 1.1499E-09 1.1396E-09 1.1290E-09 1.1207E-09 1.1098E-09 1.0997E-09 1.0896E-09 1.0795E-09 1.0672E-09 1.0540E-09 1.0407E-09 1.0260E-09 1.0124E-09 9.9827E-10 9.8432E-10 9.6882E-10 9.5289E-10 9.3760E-10 9.2052E-10
6.2420E-10 7.6679E-10 1.0220E-09 1.4740E-09 2.2848E-09 3.6579E-09 5.8539E-09 9.0755E-09 1.3312E-08 1.8342E-08 2.3588E-08 2.8426E-08 3.2249E-08 3.4871E-08 3.6405E-08 3.6872E-08 3.6225E-08 3.3756E-08 2.8449E-08 2.0314E-08 1.1360E-08 4.8872E-09 1.9224E-09 1.1460E-09 1.0891E-09 1.0960E-09 1.1021E-09 1.1056E-09 1.1070E-09 1.1059E-09 1.1030E-09 1.0987E-09 1.0920E-09 1.0842E-09 1.0753E-09 1.0645E-09 1.0538E-09 1.0445E-09 1.0337E-09 1.0257E-09 1.0171E-09 1.0089E-09 1.0011E-09 9.9327E-10 9.8484E-10 9.7738E-10 9.6800E-10 9.5787E-10 9.4811E-10 9.3771E-10 9.2561E-10 9.1281E-10 9.0034E-10 8.8651E-10 8.7166E-10 8.5847E-10 8.4324E-10
4.8722E-10 5.5224E-10 7.0622E-10 9.9573E-10 1.5595E-09 2.6007E-09 4.3822E-09 7.2040E-09 1.1182E-08 1.6131E-08 2.1546E-08 2.6598E-08 3.0558E-08 3.3253E-08 3.4781E-08 3.5397E-08 3.5213E-08 3.3754E-08 2.9788E-08 2.2131E-08 1.2675E-08 5.1548E-09 1.7982E-09 1.0056E-09 9.7871E-10 9.8518E-10 9.8875E-10 9.9112E-10 9.9110E-10 9.8967E-10 9.8653E-10 9.8183E-10 9.7580E-10 9.6793E-10 9.6027E-10 9.5180E-10 9.4469E-10 9.3889E-10 9.3283E-10 9.2644E-10 9.2106E-10 9.1519E-10 9.0874E-10 9.0352E-10 8.9683E-10 8.8930E-10 8.8210E-10 8.7424E-10 8.6478E-10 8.5462E-10 8.4455E-10 8.3309E-10 8.2219E-10 8.0943E-10 7.9645E-10 7.8480E-10 7.7080E-10
4.1148E-10 4.3859E-10 5.0979E-10 6.8802E-10 1.0557E-09 1.7915E-09 3.1994E-09 5.6244E-09 9.3057E-09 1.4188E-08 1.9835E-08 2.5247E-08 2.9584E-08 3.2408E-08 3.3886E-08 3.4582E-08 3.4617E-08 3.4010E-08 3.1349E-08 2.4618E-08 1.4450E-08 5.5689E-09 1.6511E-09 8.7661E-10 8.7584E-10 8.8016E-10 8.8251E-10 8.8333E-10 8.8284E-10 8.8040E-10 8.7705E-10 8.7159E-10 8.6646E-10 8.6123E-10 8.5754E-10 8.5339E-10 8.4932E-10 8.4506E-10 8.4207E-10 8.3828E-10 8.3363E-10 8.2938E-10 8.2558E-10 8.2019E-10 8.1529E-10 8.0974E-10 8.0271E-10 7.9484E-10 7.8717E-10 7.7794E-10 7.6924E-10 7.5857E-10 7.4846E-10 7.3825E-10 7.2639E-10 7.1586E-10 7.0253E-10
3.5914E-10 3.8230E-10 4.0467E-10 4.7961E-10 7.0640E-10 1.1800E-09 2.2686E-09 4.2479E-09 7.5742E-09 1.2362E-08 1.8285E-08 2.4150E-08 2.9021E-08 3.2135E-08 3.3604E-08 3.3994E-08 3.4404E-08 3.4222E-08 3.2670E-08 2.7432E-08 1.6892E-08 6.3723E-09 1.5715E-09 7.7322E-10 7.7604E-10 7.7848E-10 7.7832E-10 7.7827E-10 7.7726E-10 7.7579E-10 7.7420E-10 7.7251E-10 7.7063E-10 7.6927E-10 7.6768E-10 7.6588E-10 7.6449E-10 7.6197E-10 7.5942E-10 7.5779E-10 7.5460E-10 7.5187E-10 7.4862E-10 7.4507E-10 7.4018E-10 7.3444E-10 7.2894E-10 7.2179E-10 7.1515E-10 7.0645E-10 6.9832E-10 6.9015E-10 6.8033E-10 6.7187E-10 6.6027E-10 6.5129E-10 6.4051E-10
3.1338E-10 3.3011E-10 3.4833E-10 3.7245E-10 4.8596E-10 7.8422E-10 1.4982E-09 3.0268E-09 5.8873E-09 1.0500E-08 1.6635E-08 2.3273E-08 2.9227E-08 3.2839E-08 3.4177E-08 3.4232E-08 3.4109E-08 3.4157E-08 3.3659E-08 3.0332E-08 2.0237E-08 7.4351E-09 1.4795E-09 6.7157E-10 6.7505E-10 6.7791E-10 6.8036E-10 6.8268E-10 6.8463E-10 6.8618E-10 6.8732E-10 6.8808E-10 6.8888E-10 6.8857E-10 6.8918E-10 6.8862E-10 6.8891E-10 6.8760E-10 6.8671E-10 6.8537E-10 6.8352E-10 6.8047E-10 6.7803E-10 6.7422E-10 6.7060E-10 6.6532E-10 6.5960E-10 6.5375E-10 6.4754E-10 6.4117E-10 6.3330E-10 6.2567E-10 6.1693E-10 6.0961E-10 6.0045E-10 5.9110E-10 5.8318E-10
2.8323E-10 2.9796E-10 3.1268E-10 3.2795E-10 3.6073E-10 5.1822E-10 9.5183E-10 2.0155E-09 4.3164E-09 8.5174E-09 1.4661E-08 2.2300E-08 2.9947E-08 3.5171E-08 3.7087E-08 3.6056E-08 3.4520E-08 3.4038E-08 3.4086E-08 3.2625E-08 2.4362E-08 9.1927E-09 1.3946E-09 5.8410E-10 5.9034E-10 5.9603E-10 6.0112E-10 6.0461E-10 6.0856E-10 6.1208E-10 6.1412E-10 6.1665E-10 6.1780E-10 6.1950E-10 6.2074E-10 6.2146E-10 6.2155E-10 6.2125E-10 6.1969E-10 6.1878E-10 6.1654E-10 6.1488E-10 6.1195E-10 6.0926E-10 6.0523E-10 6.0015E-10 5.9669E-10 5.9098E-10 5.8582E-10 5.7996E-10 5.7291E-10 5.6720E-10 5.5962E-10 5.5184E-10 5.4549E-10 5.3635E-10 5.2731E-10
2.5473E-10 2.6913E-10 2.8070E-10 2.9592E-10 3.0771E-10 3.5930E-10 5.8409E-10 1.2189E-09 2.8534E-09 6.2138E-09 1.1884E-08 2.0265E-08 2.9906E-08 3.8968E-08 4.4591E-08 4.3819E-08 3.9125E-08 3.4964E-08 3.4163E-08 3.4090E-08 2.9455E-08 1.2625E-08 1.3867E-09 5.2105E-10 5.2738E-10 5.3313E-10 5.3830E-10 5.4287E-10 5.4687E-10 5.5028E-10 5.5315E-10 5.5547E-10 5.5732E-10 5.5866E-10 5.5861E-10 5.5923E-10 5.5858E-10 5.5856E-10 5.5737E-10 5.5667E-10 5.5462E-10 5.5336E-10 5.5005E-10 5.4833E-10 5.4458E-10 5.4225E-10 5.3754E-10 5.3332E-10 5.2876E-10 5.2368E-10 5.1847E-10 5.1217E-10 5.0727E-10 4.9959E-10 4.9197E-10 4.8352E-10 4.7329E-10
