Assets/Resources/2015_m01_d24_0000(utc+0800)_l00_csi_1hr_conc.grd
DSAA
         159         159
     -79.000      79.000
     -79.000      79.000
  0.2243E-10  0.3218E-04
[rows 100 to 124 of 159, columns 0 to 56 of 159]
4.6319E-11 4.8129E-11 4.9997E-11 5.1927E-11 5.3918E-11 5.5972E-11 5.8090E-11 6.0275E-11 6.2527E-11 6.4847E-11 6.7238E-11 6.9701E-11 7.2236E-11 7.4847E-11 7.7532E-11 8.0296E-11 8.3137E-11 8.6059E-11 8.9062E-11 9.2149E-11 9.5319E-11 9.8574E-11 1.0192E-10 1.0535E-10 1.0887E-10 1.1248E-10 1.1618E-10 1.1997E-10 1.2386E-10 1.2785E-10 1.3193E-10 1.3611E-10 1.4038E-10 1.4476E-10 1.4923E-10 1.5381E-10 1.5849E-10 1.6327E-10 1.6816E-10 1.7315E-10 1.7824E-10 1.8344E-10 1.8874E-10 1.9415E-10 1.9967E-10 2.0529E-10 2.1102E-10 2.1686E-10 2.3098E-10 2.3828E-10 2.5734E-10 2.6864E-10 2.8250E-10 2.9681E-10 3.1319E-10 3.2920E-10 3.4609E-10
4.6060E-11 4.7860E-11 4.9719E-11 5.1638E-11 5.3618E-11 5.5662E-11 5.7769E-11 5.9942E-11 6.2182E-11 6.4491E-11 6.6869E-11 6.9318E-11 7.1841E-11 7.4437E-11 7.7109E-11 7.9858E-11 8.2685E-11 8.5591E-11 8.8579E-11 9.1649E-11 9.4803E-11 9.8042E-11 1.0137E-10 1.0478E-10 1.0828E-10 1.1187E-10 1.1556E-10 1.1933E-10 1.2320E-10 1.2717E-10 1.3122E-10 1.3538E-10 1.3964E-10 1.4399E-10 1.4844E-10 1.5300E-10 1.5765E-10 1.6241E-10 1.6727E-10 1.7223E-10 1.7730E-10 1.8248E-10 1.8775E-10 1.9314E-10 1.9863E-10 2.0422E-10 2.0992E-10 2.1573E-10 2.3013E-10 2.3713E-10 2.5609E-10 2.6738E-10 2.8098E-10 2.9399E-10 3.1060E-10 3.2620E-10 3.4358E-10
4.5792E-11 4.7582E-11 4.9431E-11 5.1339E-11 5.3308E-11 5.5340E-11 5.7436E-11 5.9597E-11 6.1824E-11 6.4120E-11 6.6486E-11 6.8922E-11 7.1430E-11 7.4012E-11 7.6669E-11 7.9403E-11 8.2215E-11 8.5105E-11 8.8077E-11 9.1130E-11 9.4267E-11 9.7488E-11 1.0080E-10 1.0419E-10 1.0767E-10 1.1125E-10 1.1491E-10 1.1866E-10 1.2251E-10 1.2646E-10 1.3049E-10 1.3463E-10 1.3886E-10 1.4319E-10 1.4762E-10 1.5215E-10 1.5678E-10 1.6151E-10 1.6635E-10 1.7129E-10 1.7633E-10 1.8147E-10 1.8672E-10 1.9208E-10 1.9754E-10 2.0311E-10 2.0878E-10 2.1456E-10 2.2921E-10 2.3618E-10 2.5494E-10 2.6601E-10 2.7907E-10 2.9114E-10 3.0781E-10 3.2313E-10 3.4016E-10
4.5515E-11 4.7294E-11 4.9132E-11 5.1029E-11 5.2987E-11 5.5007E-11 5.7091E-11 5.9239E-11 6.1454E-11 6.3737E-11 6.6088E-11 6.8511E-11 7.1005E-11 7.3572E-11 7.6214E-11 7.8932E-11 8.1728E-11 8.4602E-11 8.7557E-11 9.0593E-11 9.3712E-11 9.6915E-11 1.0020E-10 1.0358E-10 1.0704E-10 1.1059E-10 1.1424E-10 1.1797E-10 1.2180E-10 1.2572E-10 1.2974E-10 1.3385E-10 1.3806E-10 1.4236E-10 1.4677E-10 1.5127E-10 1.5588E-10 1.6058E-10 1.6539E-10 1.7030E-10 1.7532E-10 1.8044E-10 1.8566E-10 1.9098E-10 1.9641E-10 2.0195E-10 2.0759E-10 2.1334E-10 2.2822E-10 2.3516E-10 2.5370E-10 2.6455E-10 2.7707E-10 2.8972E-10 3.0406E-10 3.2039E-10 3.3627E-10
4.5228E-11 4.6997E-11 4.8823E-11 5.0709E-11 5.2655E-11 5.4663E-11 5.6734E-11 5.8870E-11 6.1071E-11 6.3340E-11 6.5678E-11 6.8085E-11 7.0565E-11 7.3117E-11 7.5743E-11 7.8445E-11 8.1224E-11 8.4081E-11 8.7019E-11 9.0037E-11 9.3137E-11 9.6322E-11 9.9591E-11 1.0295E-10 1.0639E-10 1.0992E-10 1.1354E-10 1.1726E-10 1.2106E-10 1.2496E-10 1.2895E-10 1.3304E-10 1.3722E-10 1.4150E-10 1.4588E-10 1.5036E-10 1.5494E-10 1.5962E-10 1.6440E-10 1.6928E-10 1.7427E-10 1.7936E-10 1.8455E-10 1.8985E-10 1.9525E-10 2.0075E-10 2.0636E-10 2.1207E-10 2.2716E-10 2.3407E-10 2.5236E-10 2.6279E-10 2.7439E-10 2.8764E-10 3.0068E-10 3.1693E-10 3.3238E-10
4.4932E-11 4.6690E-11 4.8505E-11 5.0379E-11 5.2313E-11 5.4308E-11 5.6366E-11 5.8488E-11 6.0676E-11 6.2931E-11 6.5254E-11 6.7647E-11 7.0110E-11 7.2647E-11 7.5257E-11 7.7942E-11 8.0704E-11 8.3544E-11 8.6463E-11 8.9462E-11 9.2544E-11 9.5709E-11 9.8958E-11 1.0229E-10 1.0571E-10 1.0923E-10 1.1282E-10 1.1651E-10 1.2030E-10 1.2417E-10 1.2814E-10 1.3220E-10 1.3636E-10 1.4062E-10 1.4497E-10 1.4942E-10 1.5397E-10 1.5863E-10 1.6338E-10 1.6823E-10 1.7319E-10 1.7825E-10 1.8341E-10 1.8867E-10 1.9404E-10 1.9951E-10 2.0509E-10 2.1077E-10 2.2604E-10 2.3291E-10 2.5108E-10 2.6110E-10 2.7216E-10 2.8507E-10 2.9783E-10 3.1305E-10 3.2885E-10
4.4628E-11 4.6374E-11 4.8177E-11 5.0039E-11 5.1960E-11 5.3942E-11 5.5987E-11 5.8096E-11 6.0269E-11 6.2509E-11 6.4817E-11 6.7194E-11 6.9642E-11 7.2162E-11 7.4756E-11 7.7424E-11 8.0168E-11 8.2990E-11 8.5890E-11 8.8870E-11 9.1932E-11 9.5077E-11 9.8305E-11 1.0162E-10 1.0502E-10 1.0851E-10 1.1208E-10 1.1575E-10 1.1951E-10 1.2336E-10 1.2730E-10 1.3134E-10 1.3547E-10 1.3970E-10 1.4403E-10 1.4845E-10 1.5298E-10 1.5760E-10 1.6232E-10 1.6714E-10 1.7207E-10 1.7710E-10 1.8222E-10 1.8746E-10 1.9279E-10 1.9823E-10 2.0377E-10 2.0942E-10 2.2484E-10 2.3167E-10 2.4980E-10 2.5911E-10 2.6989E-10 2.8214E-10 2.9508E-10 3.0826E-10 3.2450E-10
4.4315E-11 4.6049E-11 4.7840E-11 4.9689E-11 5.1597E-11 5.3566E-11 5.5597E-11 5.7691E-11 5.9850E-11 6.2075E-11 6.4368E-11 6.6729E-11 6.9161E-11 7.1664E-11 7.4240E-11 7.6890E-11 7.9616E-11 8.2419E-11 8.5300E-11 8.8261E-11 9.1303E-11 9.4426E-11 9.7634E-11 1.0093E-10 1.0430E-10 1.0777E-10 1.1132E-10 1.1496E-10 1.1870E-10 1.2252E-10 1.2644E-10 1.3045E-10 1.3456E-10 1.3876E-10 1.4306E-10 1.4745E-10 1.5195E-10 1.5654E-10 1.6123E-10 1.6602E-10 1.7092E-10 1.7591E-10 1.8101E-10 1.8621E-10 1.9151E-10 1.9691E-10 2.0242E-10 2.0803E-10 2.2323E-10 2.2998E-10 2.4762E-10 2.5622E-10 2.6668E-10 2.7773E-10 2.9074E-10 3.0351E-10 3.1903E-10
4.3993E-11 4.5716E-11 4.7494E-11 4.9330E-11 5.1225E-11 5.3180E-11 5.5197E-11 5.7276E-11 5.9420E-11 6.1630E-11 6.3906E-11 6.6251E-11 6.8666E-11 7.1152E-11 7.3710E-11 7.6342E-11 7.9049E-11 8.1833E-11 8.4694E-11 8.7634E-11 9.0655E-11 9.3757E-11 9.6943E-11 1.0021E-10 1.0357E-10 1.0701E-10 1.1054E-10 1.1416E-10 1.1786E-10 1.2166E-10 1.2555E-10 1.2954E-10 1.3362E-10 1.3779E-10 1.4206E-10 1.4642E-10 1.5089E-10 1.5545E-10 1.6011E-10 1.6487E-10 1.6973E-10 1.7469E-10 1.7975E-10 1.8492E-10 1.9018E-10 1.9555E-10 2.0102E-10 2.0659E-10 2.2142E-10 2.2810E-10 2.4524E-10 2.5333E-10 2.6326E-10 2.7310E-10 2.8633E-10 2.9897E-10 3.1544E-10
4.3664E-11 4.5373E-11 4.7139E-11 4.8961E-11 5.0843E-11 5.2784E-11 5.4786E-11 5.6850E-11 5.8979E-11 6.1173E-11 6.3433E-11 6.5761E-11 6.8158E-11 7.0626E-11 7.3166E-11 7.5779E-11 7.8467E-11 8.1231E-11 8.4072E-11 8.6991E-11 8.9990E-11 9.3071E-11 9.6234E-11 9.9480E-11 1.0281E-10 1.0623E-10 1.0973E-10 1.1332E-10 1.1701E-10 1.2078E-10 1.2464E-10 1.2860E-10 1.3265E-10 1.3679E-10 1.4103E-10 1.4537E-10 1.4980E-10 1.5433E-10 1.5896E-10 1.6369E-10 1.6851E-10 1.7344E-10 1.7847E-10 1.8359E-10 1.8882E-10 1.9415E-10 1.9959E-10 2.0512E-10 2.1956E-10 2.2617E-10 2.4282E-10 2.5079E-10 2.5985E-10 2.7013E-10 2.7940E-10 2.9434E-10 3.1011E-10
4.3326E-11 4.5023E-11 4.6775E-11 4.8584E-11 5.0451E-11 5.2378E-11 5.4365E-11 5.6414E-11 5.8527E-11 6.0704E-11 6.2947E-11 6.5258E-11 6.7638E-11 7.0088E-11 7.2609E-11 7.5202E-11 7.7870E-11 8.0614E-11 8.3434E-11 8.6332E-11 8.9309E-11 9.2367E-11 9.5506E-11 9.8729E-11 1.0204E-10 1.0543E-10 1.0891E-10 1.1247E-10 1.1613E-10 1.1987E-10 1.2371E-10 1.2764E-10 1.3166E-10 1.3577E-10 1.3998E-10 1.4428E-10 1.4868E-10 1.5318E-10 1.5778E-10 1.6247E-10 1.6726E-10 1.7215E-10 1.7714E-10 1.8223E-10 1.8743E-10 1.9272E-10 1.9811E-10 2.0361E-10 2.1766E-10 2.2420E-10 2.4035E-10 2.4819E-10 2.5629E-10 2.6667E-10 2.7613E-10 2.8949E-10 3.0515E-10
4.2981E-11 4.4664E-11 4.6403E-11 4.8198E-11 5.0051E-11 5.1962E-11 5.3934E-11 5.5968E-11 5.8064E-11 6.0225E-11 6.2451E-11 6.4744E-11 6.7105E-11 6.9536E-11 7.2038E-11 7.4612E-11 7.7260E-11 7.9982E-11 8.2781E-11 8.5657E-11 8.8611E-11 9.1646E-11 9.4762E-11 9.7960E-11 1.0124E-10 1.0461E-10 1.0806E-10 1.1160E-10 1.1523E-10 1.1894E-10 1.2275E-10 1.2665E-10 1.3064E-10 1.3472E-10 1.3890E-10 1.4317E-10 1.4754E-10 1.5200E-10 1.5656E-10 1.6122E-10 1.6598E-10 1.7083E-10 1.7579E-10 1.8084E-10 1.8600E-10 1.9125E-10 1.9660E-10 2.0206E-10 2.1573E-10 2.2219E-10 2.3784E-10 2.4556E-10 2.5352E-10 2.6173E-10 2.7290E-10 2.8212E-10 3.0017E-10
4.2628E-11 4.4298E-11 4.6023E-11 4.7803E-11 4.9641E-11 5.1538E-11 5.3494E-11 5.5511E-11 5.7591E-11 5.9734E-11 6.1943E-11 6.4218E-11 6.6561E-11 6.8972E-11 7.1455E-11 7.4008E-11 7.6635E-11 7.9336E-11 8.2113E-11 8.4966E-11 8.7898E-11 9.0909E-11 9.4000E-11 9.7173E-11 1.0043E-10 1.0377E-10 1.0720E-10 1.1071E-10 1.1431E-10 1.1799E-10 1.2177E-10 1.2564E-10 1.2960E-10 1.3365E-10 1.3780E-10 1.4204E-10 1.4637E-10 1.5080E-10 1.5532E-10 1.5995E-10 1.6467E-10 1.6949E-10 1.7440E-10 1.7942E-10 1.8453E-10 1.8974E-10 1.9506E-10 2.0047E-10 2.1376E-10 2.2014E-10 2.3529E-10 2.4288E-10 2.5071E-10 2.5878E-10 2.6710E-10 2.8131E-10 2.9490E-10
4.2268E-11 4.3924E-11 4.5635E-11 4.7401E-11 4.9224E-11 5.1104E-11 5.3044E-11 5.5045E-11 5.7108E-11 5.9234E-11 6.1424E-11 6.3681E-11 6.6005E-11 6.8397E-11 7.0859E-11 7.3392E-11 7.5997E-11 7.8676E-11 8.1431E-11 8.4261E-11 8.7169E-11 9.0155E-11 9.3222E-11 9.6370E-11 9.9600E-11 1.0291E-10 1.0631E-10 1.0980E-10 1.1337E-10 1.1702E-10 1.2077E-10 1.2461E-10 1.2854E-10 1.3256E-10 1.3667E-10 1.4087E-10 1.4517E-10 1.4957E-10 1.5406E-10 1.5864E-10 1.6333E-10 1.6811E-10 1.7298E-10 1.7796E-10 1.8303E-10 1.8820E-10 1.9348E-10 1.9885E-10 2.1175E-10 2.1805E-10 2.3271E-10 2.4018E-10 2.4787E-10 2.5580E-10 2.6397E-10 2.7510E-10 2.9026E-10
4.1900E-11 4.3543E-11 4.5239E-11 4.6990E-11 4.8797E-11 5.0662E-11 5.2586E-11 5.4570E-11 5.6615E-11 5.8723E-11 6.0896E-11 6.3133E-11 6.5437E-11 6.7809E-11 7.0251E-11 7.2763E-11 7.5346E-11 7.8003E-11 8.0734E-11 8.3541E-11 8.6425E-11 8.9387E-11 9.2428E-11 9.5550E-11 9.8753E-11 1.0204E-10 1.0541E-10 1.0886E-10 1.1241E-10 1.1603E-10 1.1975E-10 1.2356E-10 1.2745E-10 1.3144E-10 1.3552E-10 1.3969E-10 1.4395E-10 1.4831E-10 1.5276E-10 1.5731E-10 1.6196E-10 1.6670E-10 1.7153E-10 1.7647E-10 1.8150E-10 1.8663E-10 1.9186E-10 1.9719E-10 2.0971E-10 2.1593E-10 2.3011E-10 2.3744E-10 2.4500E-10 2.5279E-10 2.6081E-10 2.7180E-10 2.8656E-10
4.1526E-11 4.3154E-11 4.4836E-11 4.6571E-11 4.8363E-11 5.0212E-11 5.2119E-11 5.4086E-11 5.6113E-11 5.8203E-11 6.0357E-11 6.2575E-11 6.4859E-11 6.7211E-11 6.9631E-11 7.2121E-11 7.4683E-11 7.7317E-11 8.0025E-11 8.2808E-11 8.5667E-11 8.8603E-11 9.1618E-11 9.4713E-11 9.7889E-11 1.0115E-10 1.0449E-10 1.0791E-10 1.1143E-10 1.1502E-10 1.1871E-10 1.2248E-10 1.2634E-10 1.3030E-10 1.3434E-10 1.3848E-10 1.4271E-10 1.4703E-10 1.5144E-10 1.5595E-10 1.6056E-10 1.6526E-10 1.7006E-10 1.7495E-10 1.7994E-10 1.8503E-10 1.9021E-10 1.9549E-10 2.0763E-10 2.1378E-10 2.2747E-10 2.3468E-10 2.4211E-10 2.4975E-10 2.5995E-10 2.7088E-10 2.8222E-10
4.1145E-11 4.2759E-11 4.4425E-11 4.6146E-11 4.7921E-11 4.9753E-11 5.1644E-11 5.3593E-11 5.5602E-11 5.7674E-11 5.9808E-11 6.2006E-11 6.4270E-11 6.6601E-11 6.9000E-11 7.1468E-11 7.4007E-11 7.6618E-11 7.9302E-11 8.2060E-11 8.4894E-11 8.7805E-11 9.0794E-11 9.3861E-11 9.7010E-11 1.0024E-10 1.0355E-10 1.0695E-10 1.1043E-10 1.1399E-10 1.1765E-10 1.2139E-10 1.2522E-10 1.2913E-10 1.3314E-10 1.3724E-10 1.4143E-10 1.4572E-10 1.5010E-10 1.5457E-10 1.5913E-10 1.6379E-10 1.6855E-10 1.7340E-10 1.7835E-10 1.8339E-10 1.8853E-10 1.9377E-10 2.0553E-10 2.1160E-10 2.2482E-10 2.3190E-10 2.3919E-10 2.4669E-10 2.5676E-10 2.6753E-10 2.7874E-10
4.0758E-11 4.2357E-11 4.4008E-11 4.5713E-11 4.7472E-11 4.9287E-11 5.1160E-11 5.3091E-11 5.5083E-11 5.7135E-11 5.9250E-11 6.1428E-11 6.3672E-11 6.5981E-11 6.8358E-11 7.0804E-11 7.3320E-11 7.5907E-11 7.8567E-11 8.1300E-11 8.4108E-11 8.6993E-11 8.9954E-11 9.2995E-11 9.6114E-11 9.9315E-11 1.0260E-10 1.0596E-10 1.0941E-10 1.1295E-10 1.1657E-10 1.2027E-10 1.2407E-10 1.2795E-10 1.3192E-10 1.3599E-10 1.4014E-10 1.4439E-10 1.4873E-10 1.5316E-10 1.5768E-10 1.6230E-10 1.6702E-10 1.7182E-10 1.7673E-10 1.8173E-10 1.8682E-10 1.9201E-10 2.0341E-10 2.0939E-10 2.2214E-10 2.2910E-10 2.3625E-10 2.4362E-10 2.5354E-10 2.6415E-10 2.7524E-10
4.0365E-11 4.1949E-11 4.3584E-11 4.5273E-11 4.7015E-11 4.8814E-11 5.0669E-11 5.2582E-11 5.4555E-11 5.6588E-11 5.8683E-11 6.0841E-11 6.3063E-11 6.5351E-11 6.7706E-11 7.0129E-11 7.2622E-11 7.5185E-11 7.7819E-11 8.0527E-11 8.3310E-11 8.6167E-11 8.9102E-11 9.2113E-11 9.5204E-11 9.8375E-11 1.0163E-10 1.0496E-10 1.0838E-10 1.1188E-10 1.1547E-10 1.1914E-10 1.2290E-10 1.2675E-10 1.3068E-10 1.3471E-10 1.3883E-10 1.4303E-10 1.4733E-10 1.5172E-10 1.5621E-10 1.6078E-10 1.6546E-10 1.7022E-10 1.7508E-10 1.8003E-10 1.8508E-10 1.9022E-10 2.0125E-10 2.0716E-10 2.1945E-10 2.2628E-10 2.3331E-10 2.4238E-10 2.5031E-10 2.6075E-10 2.7381E-10
3.9966E-11 4.1534E-11 4.3154E-11 4.4826E-11 4.6552E-11 4.8333E-11 5.0170E-11 5.2065E-11 5.4018E-11 5.6032E-11 5.8107E-11 6.0244E-11 6.2445E-11 6.4711E-11 6.7044E-11 6.9444E-11 7.1912E-11 7.4451E-11 7.7060E-11 7.9743E-11 8.2498E-11 8.5329E-11 8.8235E-11 9.1218E-11 9.4280E-11 9.7421E-11 1.0064E-10 1.0394E-10 1.0733E-10 1.1080E-10 1.1435E-10 1.1799E-10 1.2171E-10 1.2553E-10 1.2942E-10 1.3341E-10 1.3749E-10 1.4166E-10 1.4592E-10 1.5027E-10 1.5471E-10 1.5924E-10 1.6387E-10 1.6859E-10 1.7340E-10 1.7831E-10 1.8331E-10 1.8841E-10 1.9908E-10 2.0490E-10 2.1674E-10 2.2345E-10 2.3035E-10 2.3945E-10 2.4706E-10 2.5733E-10 2.7229E-10
3.9561E-11 4.1114E-11 4.2717E-11 4.4373E-11 4.6082E-11 4.7845E-11 4.9664E-11 5.1540E-11 5.3475E-11 5.5468E-11 5.7523E-11 5.9639E-11 6.1818E-11 6.4062E-11 6.6372E-11 6.8748E-11 7.1193E-11 7.3706E-11 7.6290E-11 7.8946E-11 8.1675E-11 8.4478E-11 8.7356E-11 9.0310E-11 9.3342E-11 9.6452E-11 9.9642E-11 1.0291E-10 1.0626E-10 1.0970E-10 1.1322E-10 1.1682E-10 1.2051E-10 1.2428E-10 1.2815E-10 1.3210E-10 1.3613E-10 1.4026E-10 1.4448E-10 1.4879E-10 1.5319E-10 1.5768E-10 1.6226E-10 1.6693E-10 1.7170E-10 1.7656E-10 1.8152E-10 1.8656E-10 1.9688E-10 2.0262E-10 2.1403E-10 2.2061E-10 2.2738E-10 2.3634E-10 2.4381E-10 2.5390E-10 2.7070E-10
3.9151E-11 4.0688E-11 4.2275E-11 4.3914E-11 4.5605E-11 4.7351E-11 4.9152E-11 5.1009E-11 5.2923E-11 5.4897E-11 5.6931E-11 5.9026E-11 6.1183E-11 6.3404E-11 6.5691E-11 6.8043E-11 7.0463E-11 7.2951E-11 7.5510E-11 7.8139E-11 8.0840E-11 8.3615E-11 8.6464E-11 8.9389E-11 9.2390E-11 9.5470E-11 9.8628E-11 1.0187E-10 1.0518E-10 1.0859E-10 1.1207E-10 1.1564E-10 1.1929E-10 1.2303E-10 1.2685E-10 1.3076E-10 1.3476E-10 1.3884E-10 1.4302E-10 1.4729E-10 1.5164E-10 1.5609E-10 1.6063E-10 1.6525E-10 1.6997E-10 1.7479E-10 1.7969E-10 1.8469E-10 1.9466E-10 2.0033E-10 2.1131E-10 2.1777E-10 2.2441E-10 2.3323E-10 2.4055E-10 2.5018E-10 2.6949E-10
3.8736E-11 4.0257E-11 4.1827E-11 4.3449E-11 4.5123E-11 4.6850E-11 4.8632E-11 5.0470E-11 5.2365E-11 5.4318E-11 5.6331E-11 5.8404E-11 6.0539E-11 6.2738E-11 6.5000E-11 6.7329E-11 6.9724E-11 7.2186E-11 7.4718E-11 7.7321E-11 7.9994E-11 8.2741E-11 8.5561E-11 8.8456E-11 9.1426E-11 9.4474E-11 9.7600E-11 1.0080E-10 1.0409E-10 1.0746E-10 1.1090E-10 1.1443E-10 1.1805E-10 1.2175E-10 1.2553E-10 1.2940E-10 1.3336E-10 1.3741E-10 1.4154E-10 1.4576E-10 1.5008E-10 1.5448E-10 1.5897E-10 1.6355E-10 1.6822E-10 1.7299E-10 1.7784E-10 1.8279E-10 1.9243E-10 1.9801E-10 2.0858E-10 2.1492E-10 2.2143E-10 2.3012E-10 2.3713E-10 2.4834E-10 2.6571E-10
3.8316E-11 3.9820E-11 4.1374E-11 4.2979E-11 4.4635E-11 4.6344E-11 4.8107E-11 4.9925E-11 5.1800E-11 5.3733E-11 5.5724E-11 5.7775E-11 5.9888E-11 6.2063E-11 6.4302E-11 6.6606E-11 6.8975E-11 7.1412E-11 7.3918E-11 7.6493E-11 7.9138E-11 8.1856E-11 8.4646E-11 8.7511E-11 9.0450E-11 9.3466E-11 9.6559E-11 9.9731E-11 1.0298E-10 1.0631E-10 1.0972E-10 1.1322E-10 1.1680E-10 1.2046E-10 1.2420E-10 1.2803E-10 1.3195E-10 1.3595E-10 1.4004E-10 1.4422E-10 1.4849E-10 1.5285E-10 1.5729E-10 1.6183E-10 1.6645E-10 1.7117E-10 1.7597E-10 1.8087E-10 1.9018E-10 1.9568E-10 2.0585E-10 2.1207E-10 2.1845E-10 2.2677E-10 2.3370E-10 2.4359E-10 2.6194E-10
3.7891E-11 3.9379E-11 4.0916E-11 4.2503E-11 4.4141E-11 4.5832E-11 4.7576E-11 4.9374E-11 5.1229E-11 5.3140E-11 5.5110E-11 5.7139E-11 5.9229E-11 6.1381E-11 6.3595E-11 6.5874E-11 6.8218E-11 7.0629E-11 7.3108E-11 7.5655E-11 7.8272E-11 8.0960E-11 8.3721E-11 8.6555E-11 8.9463E-11 9.2446E-11 9.5506E-11 9.8644E-11 1.0186E-10 1.0516E-10 1.0853E-10 1.1199E-10 1.1553E-10 1.1915E-10 1.2285E-10 1.2664E-10 1.3052E-10 1.3448E-10 1.3853E-10 1.4266E-10 1.4688E-10 1.5119E-10 1.5559E-10 1.6008E-10 1.6466E-10 1.6932E-10 1.7408E-10 1.7892E-10 1.8791E-10 1.9334E-10 2.0311E-10 2.0922E-10 2.1548E-10 2.2191E-10 2.3029E-10 2.3942E-10 2.5932E-10
