Assets/Resources/2015_m01_d07_0800(utc+0800)_l00_csi_1hr_conc.grd
DSAA
         159         159
     -79.000      79.000
     -79.000      79.000
  0.0000E+00  0.5291E-05
[rows 0 to 24 of 159, columns 0 to 56 of 159]
0.0000E+00 0.0000E+00 0.0000E+00 0.0000E+00 0.0000E+00 0.0000E+00 0.0000E+00 4.5967E-13 1.2128E-12 4.2245E-12 6.1401E-12 8.3164E-12 1.2722E-11 1.9075E-11 2.3753E-11 2.7644E-11 3.0473E-11 3.3552E-11 4.0052E-11 4.4065E-11 4.8425E-11 5.4803E-11 6.1900E-11 7.1520E-11 7.8484E-11 9.0086E-11 1.1552E-10 1.2979E-10 1.4567E-10 1.6017E-10 1.7870E-10 2.0258E-10 2.2712E-10 2.5718E-10 2.9208E-10 3.4314E-10 3.9846E-10 4.5925E-10 5.3200E-10 5.9606E-10 6.6540E-10 7.3961E-10 8.1859E-10 9.0302E-10 9.9172E-10 1.0843E-09 1.1929E-09 1.2962E-09 1.4012E-09 1.5088E-09 1.6187E-09 1.7305E-09 1.8601E-09 1.9789E-09 2.1001E-09 2.2174E-09 2.3369E-09
0.0000E+00 0.0000E+00 0.0000E+00 0.0000E+00 0.0000E+00 0.0000E+00 0.0000E+00 4.5881E-13 1.2118E-12 4.2270E-12 6.1492E-12 9.0733E-12 1.2779E-11 1.9206E-11 2.5260E-11 2.7877E-11 3.0730E-11 3.5313E-11 4.0433E-11 4.4486E-11 4.8890E-11 5.5361E-11 6.2561E-11 7.2361E-11 8.1314E-11 9.9094E-11 1.1746E-10 1.3471E-10 1.4833E-10 1.6314E-10 1.8205E-10 2.0297E-10 2.2911E-10 2.5489E-10 2.8457E-10 3.2171E-10 3.8967E-10 4.3764E-10 5.1992E-10 5.8356E-10 6.5243E-10 7.2743E-10 8.0760E-10 8.9268E-10 9.8277E-10 1.0876E-09 1.1896E-09 1.2944E-09 1.4030E-09 1.5146E-09 1.6286E-09 1.7518E-09 1.8776E-09 2.0087E-09 2.1335E-09 2.2617E-09 2.3857E-09
0.0000E+00 0.0000E+00 0.0000E+00 0.0000E+00 0.0000E+00 0.0000E+00 0.0000E+00 4.5749E-13 1.2096E-12 4.2250E-12 6.1516E-12 9.0883E-12 1.4034E-11 1.9316E-11 2.5442E-11 2.8079E-11 3.0954E-11 3.5591E-11 4.0770E-11 4.4859E-11 4.9302E-11 5.7500E-11 6.4898E-11 7.3125E-11 8.4094E-11 1.0822E-10 1.1930E-10 1.3697E-10 1.5085E-10 1.6595E-10 1.8815E-10 2.0674E-10 2.2689E-10 2.5539E-10 2.8599E-10 3.1562E-10 3.7065E-10 4.2859E-10 4.9276E-10 5.7035E-10 6.3951E-10 7.1421E-10 7.9458E-10 8.8113E-10 9.8036E-10 1.0795E-09 1.1829E-09 1.2909E-09 1.4027E-09 1.5177E-09 1.6430E-09 1.7677E-09 1.8978E-09 2.0342E-09 2.1690E-09 2.3008E-09 2.5134E-09
0.0000E+00 0.0000E+00 0.0000E+00 0.0000E+00 0.0000E+00 0.0000E+00 0.0000E+00 4.5570E-13 1.2061E-12 4.2185E-12 6.1476E-12 9.8458E-12 1.4077E-11 2.0659E-11 2.5597E-11 2.8251E-11 3.1144E-11 3.5831E-11 4.1062E-11 4.5183E-11 4.9660E-11 5.7973E-11 6.5471E-11 7.3808E-11 8.4973E-11 1.0975E-10 1.2363E-10 1.3909E-10 1.5322E-10 1.6859E-10 1.9134E-10 2.1030E-10 2.3085E-10 2.5616E-10 2.8461E-10 3.1770E-10 3.5481E-10 4.1408E-10 4.7081E-10 5.4099E-10 6.2506E-10 7.0016E-10 7.8111E-10 8.6780E-10 9.6872E-10 1.0690E-09 1.1744E-09 1.2845E-09 1.4000E-09 1.5218E-09 1.6516E-09 1.7835E-09 1.9172E-09 2.0619E-09 2.2264E-09 2.4183E-09 2.5635E-09
0.0000E+00 0.0000E+00 0.0000E+00 0.0000E+00 0.0000E+00 0.0000E+00 0.0000E+00 4.5345E-13 1.2014E-12 4.2077E-12 6.1369E-12 9.8463E-12 1.4105E-11 2.2050E-11 2.5723E-11 2.8391E-11 3.1300E-11 3.7496E-11 4.1308E-11 4.5456E-11 4.9962E-11 5.8381E-11 6.7704E-11 7.6253E-11 9.3424E-11 1.1116E-10 1.2530E-10 1.4107E-10 1.5543E-10 1.7388E-10 1.9434E-10 2.1364E-10 2.3457E-10 2.6350E-10 2.8893E-10 3.1884E-10 3.5286E-10 4.0964E-10 4.6699E-10 5.1881E-10 6.1095E-10 6.8509E-10 7.6582E-10 8.5976E-10 9.5485E-10 1.0559E-09 1.1635E-09 1.2769E-09 1.3971E-09 1.5233E-09 1.6580E-09 1.7965E-09 1.9382E-09 2.1084E-09 2.3054E-09 2.4572E-09 2.6073E-09
0.0000E+00 0.0000E+00 0.0000E+00 0.0000E+00 0.0000E+00 0.0000E+00 0.0000E+00 4.5076E-13 1.1955E-12 4.1923E-12 6.1198E-12 9.8362E-12 1.5280E-11 2.2124E-11 2.5820E-11 2.8499E-11 3.1420E-11 3.7675E-11 4.1507E-11 4.5677E-11 5.1852E-11 5.8721E-11 6.8166E-11 7.6821E-11 9.4355E-11 1.1244E-10 1.2951E-10 1.4288E-10 1.5746E-10 1.7907E-10 1.9712E-10 2.1675E-10 2.3804E-10 2.6764E-10 2.9354E-10 3.2155E-10 3.5689E-10 3.9355E-10 4.5345E-10 5.1609E-10 5.8568E-10 6.7083E-10 7.5128E-10 8.3859E-10 9.3891E-10 1.0416E-09 1.1508E-09 1.2669E-09 1.3919E-09 1.5261E-09 1.6647E-09 1.8048E-09 1.9794E-09 2.1759E-09 2.3354E-09 2.4913E-09 2.6542E-09
0.0000E+00 0.0000E+00 0.0000E+00 0.0000E+00 0.0000E+00 0.0000E+00 0.0000E+00 4.4762E-13 1.1883E-12 4.1727E-12 6.0962E-12 9.8153E-12 1.5282E-11 2.2173E-11 2.5888E-11 2.8575E-11 3.1505E-11 3.7811E-11 4.1659E-11 4.5845E-11 5.2070E-11 5.8993E-11 6.8548E-11 7.9133E-11 1.0286E-10 1.1360E-10 1.3098E-10 1.4453E-10 1.5932E-10 1.8135E-10 1.9968E-10 2.1961E-10 2.4427E-10 2.7148E-10 2.9782E-10 3.2631E-10 3.5709E-10 3.9596E-10 4.3833E-10 5.1037E-10 5.6943E-10 6.4675E-10 7.3914E-10 8.2195E-10 9.2176E-10 1.0246E-09 1.1366E-09 1.2577E-09 1.3846E-09 1.5221E-09 1.6653E-09 1.8401E-09 2.0354E-09 2.1983E-09 2.3608E-09 2.5294E-09 2.7019E-09
0.0000E+00 0.0000E+00 0.0000E+00 0.0000E+00 0.0000E+00 0.0000E+00 0.0000E+00 4.4404E-13 1.1800E-12 4.1487E-12 6.0662E-12 9.7840E-12 1.6516E-11 2.2197E-11 2.5926E-11 2.8618E-11 3.3006E-11 3.7903E-11 4.1761E-11 4.5960E-11 5.2227E-11 6.0934E-11 6.8848E-11 7.9560E-11 1.0376E-10 1.1725E-10 1.3229E-10 1.4601E-10 1.6374E-10 1.8342E-10 2.0200E-10 2.2221E-10 2.5032E-10 2.7500E-10 3.0175E-10 3.3069E-10 3.6196E-10 3.9822E-10 4.3835E-10 5.0354E-10 5.6945E-10 6.3844E-10 7.3162E-10 8.1287E-10 9.0203E-10 1.0079E-09 1.1212E-09 1.2443E-09 1.3789E-09 1.5195E-09 1.6875E-09 1.8838E-09 2.0490E-09 2.2152E-09 2.3896E-09 2.5940E-09 2.7728E-09
0.0000E+00 0.0000E+00 0.0000E+00 0.0000E+00 0.0000E+00 0.0000E+00 0.0000E+00 4.4005E-13 1.1705E-12 3.4389E-12 6.0298E-12 9.7421E-12 1.6494E-11 2.2195E-11 2.5935E-11 2.8628E-11 3.3035E-11 3.7950E-11 4.1815E-11 4.6021E-11 5.2323E-11 6.1099E-11 6.9066E-11 8.7440E-11 1.0454E-10 1.1820E-10 1.3344E-10 1.4731E-10 1.6530E-10 1.8526E-10 2.0407E-10 2.2453E-10 2.5316E-10 2.7818E-10 3.0531E-10 3.3466E-10 3.6639E-10 4.0062E-10 4.4299E-10 4.8418E-10 5.5723E-10 6.2905E-10 7.0841E-10 8.0524E-10 8.9408E-10 9.9036E-10 1.1082E-09 1.2297E-09 1.3658E-09 1.5287E-09 1.7186E-09 1.8839E-09 2.0552E-09 2.2341E-09 2.4410E-09 2.6263E-09 2.8126E-09
0.0000E+00 0.0000E+00 0.0000E+00 0.0000E+00 0.0000E+00 0.0000E+00 0.0000E+00 4.3564E-13 1.1599E-12 3.4120E-12 5.9873E-12 9.6899E-12 1.6453E-11 2.2168E-11 2.5913E-11 2.8605E-11 3.3025E-11 3.7953E-11 4.1820E-11 4.6028E-11 5.3986E-11 6.1190E-11 7.1037E-11 8.7853E-11 1.0518E-10 1.2160E-10 1.3442E-10 1.4842E-10 1.6941E-10 1.8687E-10 2.0589E-10 2.2955E-10 2.5568E-10 2.8101E-10 3.0848E-10 3.3821E-10 3.7035E-10 4.0503E-10 4.4238E-10 4.8986E-10 5.4048E-10 6.2434E-10 6.9307E-10 7.8593E-10 8.8641E-10 9.8589E-10 1.0995E-09 1.2224E-09 1.3669E-09 1.5340E-09 1.7139E-09 1.8844E-09 2.0644E-09 2.2494E-09 2.4611E-09 2.6540E-09 2.8515E-09
0.0000E+00 0.0000E+00 0.0000E+00 0.0000E+00 0.0000E+00 0.0000E+00 0.0000E+00 0.0000E+00 1.1482E-12 3.3817E-12 5.9388E-12 9.6276E-12 1.6393E-11 2.2116E-11 2.5862E-11 2.8550E-11 3.2977E-11 3.7911E-11 4.1775E-11 4.5981E-11 5.3973E-11 6.1207E-11 7.1121E-11 8.8155E-11 1.0569E-10 1.2231E-10 1.3523E-10 1.4934E-10 1.7061E-10 1.8823E-10 2.0743E-10 2.3139E-10 2.5786E-10 2.8347E-10 3.1124E-10 3.4131E-10 3.7382E-10 4.0890E-10 4.4780E-10 4.8861E-10 5.3933E-10 6.1555E-10 6.9393E-10 7.7360E-10 8.8104E-10 9.8089E-10 1.0870E-09 1.2124E-09 1.3788E-09 1.5400E-09 1.7018E-09 1.8799E-09 2.0679E-09 2.2797E-09 2.4763E-09 2.6794E-09 2.8848E-09
0.0000E+00 0.0000E+00 0.0000E+00 0.0000E+00 0.0000E+00 0.0000E+00 0.0000E+00 0.0000E+00 4.6826E-13 3.3482E-12 5.8844E-12 9.5552E-12 1.7506E-11 2.2038E-11 2.5781E-11 2.8461E-11 3.2890E-11 3.7824E-11 4.1682E-11 4.5880E-11 5.3895E-11 6.2868E-11 7.1117E-11 9.5839E-11 1.0606E-10 1.2285E-10 1.3585E-10 1.5006E-10 1.7159E-10 1.8934E-10 2.0869E-10 2.3591E-10 2.5970E-10 2.8555E-10 3.1358E-10 3.4395E-10 3.7678E-10 4.1222E-10 4.5161E-10 4.9287E-10 5.4309E-10 5.9280E-10 6.7745E-10 7.6244E-10 8.6203E-10 9.7705E-10 1.0804E-09 1.2272E-09 1.3814E-09 1.5360E-09 1.6969E-09 1.8806E-09 2.0852E-09 2.2821E-09 2.4880E-09 2.6985E-09 2.9139E-09
0.0000E+00 0.0000E+00 0.0000E+00 0.0000E+00 0.0000E+00 0.0000E+00 0.0000E+00 0.0000E+00 4.6214E-13 2.6446E-12 5.8242E-12 9.4731E-12 1.6221E-11 2.1936E-11 2.5670E-11 2.8340E-11 3.2765E-11 3.7693E-11 4.1539E-11 4.5724E-11 5.3752E-11 6.2752E-11 7.1024E-11 9.6031E-11 1.0889E-10 1.2323E-10 1.3630E-10 1.5336E-10 1.7233E-10 1.9020E-10 2.0967E-10 2.3720E-10 2.6118E-10 2.8723E-10 3.1549E-10 3.4611E-10 3.7921E-10 4.1611E-10 4.5480E-10 4.9644E-10 5.4117E-10 5.9705E-10 6.5662E-10 7.5773E-10 8.4567E-10 9.5484E-10 1.0902E-09 1.2351E-09 1.3775E-09 1.5293E-09 1.6992E-09 1.8950E-09 2.0821E-09 2.2830E-09 2.4933E-09 2.7126E-09 2.9394E-09
0.0000E+00 0.0000E+00 0.0000E+00 0.0000E+00 0.0000E+00 0.0000E+00 0.0000E+00 0.0000E+00 4.5564E-13 1.9237E-12 5.7585E-12 9.3816E-12 1.6108E-11 2.1809E-11 2.5531E-11 2.8187E-11 3.2603E-11 3.7518E-11 4.1348E-11 4.5515E-11 5.3545E-11 6.2559E-11 7.2655E-11 9.6094E-11 1.0902E-10 1.2345E-10 1.3656E-10 1.5374E-10 1.7283E-10 1.9078E-10 2.1036E-10 2.3816E-10 2.6229E-10 2.8850E-10 3.1695E-10 3.4777E-10 3.8220E-10 4.1836E-10 4.5735E-10 4.9931E-10 5.4563E-10 5.9418E-10 6.5356E-10 7.5008E-10 8.4521E-10 9.4924E-10 1.0953E-09 1.2269E-09 1.3644E-09 1.5277E-09 1.7088E-09 1.8888E-09 2.0808E-09 2.2831E-09 2.4970E-09 2.7230E-09 2.9602E-09
0.0000E+00 0.0000E+00 0.0000E+00 0.0000E+00 0.0000E+00 0.0000E+00 0.0000E+00 0.0000E+00 4.4876E-13 1.8979E-12 4.9950E-12 8.5565E-12 1.5978E-11 2.1658E-11 2.5363E-11 2.8002E-11 3.2403E-11 3.7300E-11 4.1108E-11 4.6873E-11 5.3273E-11 6.2290E-11 7.2403E-11 9.6029E-11 1.0901E-10 1.2349E-10 1.3663E-10 1.5390E-10 1.7309E-10 1.9110E-10 2.1374E-10 2.3879E-10 2.6302E-10 2.8936E-10 3.1796E-10 3.4894E-10 3.8363E-10 4.2001E-10 4.5923E-10 5.0246E-10 5.4819E-10 5.9707E-10 6.5365E-10 7.2402E-10 8.2210E-10 9.4834E-10 1.0729E-09 1.2183E-09 1.3636E-09 1.5313E-09 1.7059E-09 1.8858E-09 2.0762E-09 2.2813E-09 2.5006E-09 2.7334E-09 2.9753E-09
0.0000E+00 0.0000E+00 0.0000E+00 0.0000E+00 0.0000E+00 0.0000E+00 0.0000E+00 0.0000E+00 4.4154E-13 1.8705E-12 4.9276E-12 8.4536E-12 1.5832E-11 2.1483E-11 2.5166E-11 2.7786E-11 3.2167E-11 3.7038E-11 4.0822E-11 4.6564E-11 5.2938E-11 6.1944E-11 7.9557E-11 9.5833E-11 1.0884E-10 1.2336E-10 1.3651E-10 1.5658E-10 1.7310E-10 1.9115E-10 2.1390E-10 2.3906E-10 2.6337E-10 2.8980E-10 3.1849E-10 3.5070E-10 3.8451E-10 4.2104E-10 4.6044E-10 5.0415E-10 5.4995E-10 5.9909E-10 6.6113E-10 7.2604E-10 8.1334E-10 9.4417E-10 1.0566E-09 1.2002E-09 1.3597E-09 1.5216E-09 1.6988E-09 1.8779E-09 2.0710E-09 2.2796E-09 2.5024E-09 2.7387E-09 2.9874E-09
0.0000E+00 0.0000E+00 0.0000E+00 0.0000E+00 0.0000E+00 0.0000E+00 0.0000E+00 0.0000E+00 4.3399E-13 1.1631E-12 4.8560E-12 8.3428E-12 1.5669E-11 2.1286E-11 2.4942E-11 2.7539E-11 3.1895E-11 3.6735E-11 4.0489E-11 4.6202E-11 5.4245E-11 6.1523E-11 7.9199E-11 9.5508E-11 1.0853E-10 1.2306E-10 1.3619E-10 1.5634E-10 1.7287E-10 1.9092E-10 2.1375E-10 2.3899E-10 2.6334E-10 2.8982E-10 3.1856E-10 3.5092E-10 3.8482E-10 4.2145E-10 4.6219E-10 5.0493E-10 5.5089E-10 6.0022E-10 6.6316E-10 7.2134E-10 8.0335E-10 9.2005E-10 1.0549E-09 1.1919E-09 1.3596E-09 1.5182E-09 1.6819E-09 1.8678E-09 2.0640E-09 2.2760E-09 2.5016E-09 2.7415E-09 2.9957E-09
0.0000E+00 0.0000E+00 0.0000E+00 0.0000E+00 0.0000E+00 0.0000E+00 0.0000E+00 0.0000E+00 0.0000E+00 1.1430E-12 4.1076E-12 8.2246E-12 1.4353E-11 2.1065E-11 2.4692E-11 2.7263E-11 3.1588E-11 3.6391E-11 4.0111E-11 4.5788E-11 5.3792E-11 6.1028E-11 7.8739E-11 9.5054E-11 1.0807E-10 1.2259E-10 1.3569E-10 1.5588E-10 1.7239E-10 1.9042E-10 2.1622E-10 2.3857E-10 2.6292E-10 2.8940E-10 3.1815E-10 3.5062E-10 3.8455E-10 4.2123E-10 4.6213E-10 5.0496E-10 5.5101E-10 6.0723E-10 6.6413E-10 7.2381E-10 8.0218E-10 8.9301E-10 1.0278E-09 1.1837E-09 1.3453E-09 1.5122E-09 1.6721E-09 1.8505E-09 2.0553E-09 2.2677E-09 2.4965E-09 2.7413E-09 3.0014E-09
0.0000E+00 0.0000E+00 0.0000E+00 0.0000E+00 0.0000E+00 0.0000E+00 0.0000E+00 0.0000E+00 0.0000E+00 4.5936E-13 2.6735E-12 6.6534E-12 1.4170E-11 2.0823E-11 2.4415E-11 2.6959E-11 3.1247E-11 3.6007E-11 3.9689E-11 4.5322E-11 5.3277E-11 6.0462E-11 7.8177E-11 9.4472E-11 1.1004E-10 1.2195E-10 1.3500E-10 1.5520E-10 1.7166E-10 1.8964E-10 2.1548E-10 2.3779E-10 2.6210E-10 2.8855E-10 3.1727E-10 3.4979E-10 3.8371E-10 4.2162E-10 4.6138E-10 5.0423E-10 5.5031E-10 6.0947E-10 6.6531E-10 7.2409E-10 8.0259E-10 8.8788E-10 9.8946E-10 1.2119E-09 1.3386E-09 1.4972E-09 1.6686E-09 1.8443E-09 2.0450E-09 2.2582E-09 2.4888E-09 2.7370E-09 3.0021E-09
0.0000E+00 0.0000E+00 0.0000E+00 0.0000E+00 0.0000E+00 0.0000E+00 0.0000E+00 0.0000E+00 0.0000E+00 4.5012E-13 2.6259E-12 6.5402E-12 1.3235E-11 2.0560E-11 2.4114E-11 2.6626E-11 3.0873E-11 3.5585E-11 3.9225E-11 4.4807E-11 5.2701E-11 6.1621E-11 7.7516E-11 9.3763E-11 1.0929E-10 1.2114E-10 1.3684E-10 1.5430E-10 1.7068E-10 1.8859E-10 2.1443E-10 2.3667E-10 2.6090E-10 2.8727E-10 3.1591E-10 3.4845E-10 3.8230E-10 4.2024E-10 4.5995E-10 5.0274E-10 5.4966E-10 6.0842E-10 6.6442E-10 7.2831E-10 7.9894E-10 8.9391E-10 9.9442E-10 1.1401E-09 1.4253E-09 1.5074E-09 1.6733E-09 1.8434E-09 2.0321E-09 2.2496E-09 2.4804E-09 2.7307E-09 2.9996E-09
0.0000E+00 0.0000E+00 0.0000E+00 0.0000E+00 0.0000E+00 0.0000E+00 0.0000E+00 0.0000E+00 0.0000E+00 4.4061E-13 1.8839E-12 6.4219E-12 1.1803E-11 2.0277E-11 2.3788E-11 2.6267E-11 3.0467E-11 3.5126E-11 3.8719E-11 4.4244E-11 5.2067E-11 6.0918E-11 7.6757E-11 9.2931E-11 1.0840E-10 1.2016E-10 1.3580E-10 1.5317E-10 1.6947E-10 1.8727E-10 2.1306E-10 2.3520E-10 2.5932E-10 2.8556E-10 3.1408E-10 3.4659E-10 3.8031E-10 4.1823E-10 4.5782E-10 5.0050E-10 5.5400E-10 6.0768E-10 6.6255E-10 7.2679E-10 8.0689E-10 8.9061E-10 9.8162E-10 1.1071E-09 1.2687E-09 1.4123E-09 1.7348E-09 1.8660E-09 2.0393E-09 2.2411E-09 2.4769E-09 2.7246E-09 2.9972E-09
0.0000E+00 0.0000E+00 0.0000E+00 0.0000E+00 0.0000E+00 0.0000E+00 0.0000E+00 0.0000E+00 0.0000E+00 0.0000E+00 1.8450E-12 5.6166E-12 1.1605E-11 1.9975E-11 2.3440E-11 2.5883E-11 3.0032E-11 3.4630E-11 3.8175E-11 4.2033E-11 5.1376E-11 6.0145E-11 7.5903E-11 9.1977E-11 1.0736E-10 1.1903E-10 1.3457E-10 1.5184E-10 1.6801E-10 1.8859E-10 2.1138E-10 2.3338E-10 2.5735E-10 2.8344E-10 3.1178E-10 3.4421E-10 3.7775E-10 4.1560E-10 4.5502E-10 4.9751E-10 5.5283E-10 6.0492E-10 6.5970E-10 7.2937E-10 8.1155E-10 8.9008E-10 9.8959E-10 1.0988E-09 1.2168E-09 1.3987E-09 1.5520E-09 2.1614E-09 2.1174E-09 2.2679E-09 2.4866E-09 2.7310E-09 3.0031E-09
0.0000E+00 0.0000E+00 0.0000E+00 0.0000E+00 0.0000E+00 0.0000E+00 0.0000E+00 0.0000E+00 0.0000E+00 0.0000E+00 1.1337E-12 4.1169E-12 1.0677E-11 1.8431E-11 2.3069E-11 2.5474E-11 2.9567E-11 3.4101E-11 3.7593E-11 4.1393E-11 4.8943E-11 5.9306E-11 7.4958E-11 9.0906E-11 1.0617E-10 1.1773E-10 1.3315E-10 1.5029E-10 1.6632E-10 1.8677E-10 2.0941E-10 2.3122E-10 2.5501E-10 2.8089E-10 3.0902E-10 3.4133E-10 3.7464E-10 4.1237E-10 4.5154E-10 4.9396E-10 5.4928E-10 6.0128E-10 6.6094E-10 7.3123E-10 8.1466E-10 8.8982E-10 9.8957E-10 1.1000E-09 1.2258E-09 1.3758E-09 1.5298E-09 1.7055E-09 1.9122E-09 2.5888E-09 2.5597E-09 2.7628E-09 3.0198E-09
0.0000E+00 0.0000E+00 0.0000E+00 0.0000E+00 0.0000E+00 0.0000E+00 0.0000E+00 0.0000E+00 0.0000E+00 0.0000E+00 4.5093E-13 3.3737E-12 1.0474E-11 1.8110E-11 2.2678E-11 2.5043E-11 2.9075E-11 3.3540E-11 3.6975E-11 4.0714E-11 4.8160E-11 5.6625E-11 7.3924E-11 8.9720E-11 1.0485E-10 1.1628E-10 1.3156E-10 1.4854E-10 1.6440E-10 1.8468E-10 2.0713E-10 2.2874E-10 2.5230E-10 2.7794E-10 3.0581E-10 3.3795E-10 3.7098E-10 4.0853E-10 4.4741E-10 4.9382E-10 5.4492E-10 5.9675E-10 6.6162E-10 7.3363E-10 8.1163E-10 8.8870E-10 9.8783E-10 1.0927E-09 1.2317E-09 1.3588E-09 1.5112E-09 1.6743E-09 1.8727E-09 2.1010E-09 2.3315E-09 3.0376E-09 3.1078E-09
0.0000E+00 0.0000E+00 0.0000E+00 0.0000E+00 0.0000E+00 0.0000E+00 0.0000E+00 0.0000E+00 0.0000E+00 0.0000E+00 4.3959E-13 2.5987E-12 8.3932E-12 1.7775E-11 2.2267E-11 2.4590E-11 2.8558E-11 3.2948E-11 3.6323E-11 3.9998E-11 4.5749E-11 5.5675E-11 7.2805E-11 8.8425E-11 1.0340E-10 1.1467E-10 1.2980E-10 1.4659E-10 1.6226E-10 1.8234E-10 2.0457E-10 2.2594E-10 2.4924E-10 2.7460E-10 3.0217E-10 3.3409E-10 3.6679E-10 4.0410E-10 4.4263E-10 4.9302E-10 5.3976E-10 5.9136E-10 6.5658E-10 7.3434E-10 8.0906E-10 8.9081E-10 9.9253E-10 1.0925E-09 1.2308E-09 1.3530E-09 1.4909E-09 1.6542E-09 1.8379E-09 2.0491E-09 2.2984E-09 2.5496E-09 2.8393E-09
