Assets/Resources/2015_m01_d04_1300(utc+0800)_l00_csi_1hr_conc.grd
DSAA
         159         159
     -79.000      79.000
     -79.000      79.000
  0.1727E-09  0.1428E-05
[rows 125 to 149 of 159, columns 57 to 113 of 159]
1.8358E-09 1.8521E-09 1.8680E-09 1.8836E-09 1.8988E-09 1.9139E-09 1.9288E-09 1.9436E-09 1.9583E-09 1.9729E-09 1.9874E-09 2.0019E-09 2.0162E-09 2.0303E-09 2.0442E-09 2.0579E-09 2.0713E-09 2.0844E-09 2.0973E-09 2.1099E-09 2.1222E-09 2.1342E-09 2.1458E-09 2.1570E-09 2.1677E-09 2.1738E-09 2.1769E-09 2.1817E-09 2.1844E-09 2.1861E-09 2.1926E-09 2.1991E-09 2.2013E-09 2.2031E-09 2.2018E-09 2.2008E-09 2.2006E-09 2.2018E-09 2.2051E-09 2.2082E-09 2.2105E-09 2.2118E-09 2.2122E-09 2.2109E-09 2.2088E-09 2.2056E-09 2.2008E-09 2.1956E-09 2.1901E-09 2.1835E-09 2.1759E-09 2.1672E-09 2.1575E-09 2.1462E-09 2.1338E-09 2.1205E-09 2.1061E-09
1.7931E-09 1.8094E-09 1.8253E-09 1.8409E-09 1.8564E-09 1.8717E-09 1.8868E-09 1.9019E-09 1.9169E-09 1.9318E-09 1.9466E-09 1.9614E-09 1.9760E-09 1.9904E-09 2.0047E-09 2.0186E-09 2.0324E-09 2.0459E-09 2.0591E-09 2.0721E-09 2.0847E-09 2.0971E-09 2.1090E-09 2.1144E-09 2.1199E-09 2.1245E-09 2.1293E-09 2.1338E-09 2.1425E-09 2.1486E-09 2.1513E-09 2.1528E-09 2.1552E-09 2.1546E-09 2.1575E-09 2.1641E-09 2.1700E-09 2.1750E-09 2.1791E-09 2.1824E-09 2.1847E-09 2.1855E-09 2.1848E-09 2.1838E-09 2.1818E-09 2.1789E-09 2.1756E-09 2.1713E-09 2.1660E-09 2.1597E-09 2.1523E-09 2.1433E-09 2.1333E-09 2.1223E-09 2.1102E-09 2.0972E-09 2.0831E-09
1.7522E-09 1.7685E-09 1.7845E-09 1.8002E-09 1.8158E-09 1.8313E-09 1.8466E-09 1.8619E-09 1.8772E-09 1.8923E-09 1.9074E-09 1.9225E-09 1.9374E-09 1.9521E-09 1.9666E-09 1.9808E-09 1.9949E-09 2.0087E-09 2.0222E-09 2.0355E-09 2.0442E-09 2.0523E-09 2.0602E-09 2.0655E-09 2.0688E-09 2.0775E-09 2.0847E-09 2.0930E-09 2.0938E-09 2.0971E-09 2.0996E-09 2.1063E-09 2.1153E-09 2.1236E-09 2.1310E-09 2.1377E-09 2.1436E-09 2.1487E-09 2.1523E-09 2.1550E-09 2.1569E-09 2.1572E-09 2.1573E-09 2.1572E-09 2.1561E-09 2.1539E-09 2.1508E-09 2.1467E-09 2.1416E-09 2.1349E-09 2.1272E-09 2.1184E-09 2.1087E-09 2.0980E-09 2.0862E-09 2.0741E-09 2.0610E-09
1.7130E-09 1.7293E-09 1.7454E-09 1.7612E-09 1.7769E-09 1.7926E-09 1.8081E-09 1.8236E-09 1.8391E-09 1.8545E-09 1.8698E-09 1.8851E-09 1.9002E-09 1.9151E-09 1.9298E-09 1.9443E-09 1.9586E-09 1.9727E-09 1.9808E-09 1.9865E-09 1.9911E-09 1.9940E-09 2.0061E-09 2.0138E-09 2.0198E-09 2.0247E-09 2.0319E-09 2.0379E-09 2.0485E-09 2.0596E-09 2.0700E-09 2.0797E-09 2.0887E-09 2.0970E-09 2.1045E-09 2.1112E-09 2.1159E-09 2.1204E-09 2.1234E-09 2.1263E-09 2.1290E-09 2.1308E-09 2.1317E-09 2.1316E-09 2.1306E-09 2.1287E-09 2.1257E-09 2.1218E-09 2.1157E-09 2.1092E-09 2.1017E-09 2.0933E-09 2.0838E-09 2.0740E-09 2.0631E-09 2.0512E-09 2.0383E-09
1.6755E-09 1.6918E-09 1.7079E-09 1.7238E-09 1.7397E-09 1.7555E-09 1.7712E-09 1.7869E-09 1.8025E-09 1.8181E-09 1.8336E-09 1.8491E-09 1.8644E-09 1.8795E-09 1.8933E-09 1.9017E-09 1.9042E-09 1.9124E-09 1.9166E-09 1.9279E-09 1.9390E-09 1.9443E-09 1.9517E-09 1.9586E-09 1.9718E-09 1.9852E-09 1.9981E-09 2.0103E-09 2.0220E-09 2.0330E-09 2.0434E-09 2.0530E-09 2.0620E-09 2.0690E-09 2.0759E-09 2.0814E-09 2.0867E-09 2.0920E-09 2.0965E-09 2.1001E-09 2.1029E-09 2.1048E-09 2.1057E-09 2.1058E-09 2.1049E-09 2.1031E-09 2.0991E-09 2.0948E-09 2.0895E-09 2.0832E-09 2.0760E-09 2.0684E-09 2.0598E-09 2.0501E-09 2.0395E-09 2.0279E-09 2.0153E-09
1.6396E-09 1.6559E-09 1.6720E-09 1.6880E-09 1.7039E-09 1.7198E-09 1.7357E-09 1.7515E-09 1.7673E-09 1.7831E-09 1.7987E-09 1.8067E-09 1.8132E-09 1.8177E-09 1.8278E-09 1.8397E-09 1.8530E-09 1.8581E-09 1.8645E-09 1.8753E-09 1.8888E-09 1.9034E-09 1.9175E-09 1.9318E-09 1.9457E-09 1.9590E-09 1.9717E-09 1.9838E-09 1.9954E-09 2.0057E-09 2.0147E-09 2.0224E-09 2.0315E-09 2.0398E-09 2.0474E-09 2.0542E-09 2.0603E-09 2.0656E-09 2.0701E-09 2.0737E-09 2.0765E-09 2.0785E-09 2.0795E-09 2.0791E-09 2.0777E-09 2.0755E-09 2.0723E-09 2.0675E-09 2.0630E-09 2.0576E-09 2.0512E-09 2.0437E-09 2.0353E-09 2.0259E-09 2.0155E-09 2.0041E-09 1.9917E-09
1.6051E-09 1.6214E-09 1.6375E-09 1.6536E-09 1.6696E-09 1.6845E-09 1.6990E-09 1.7095E-09 1.7101E-09 1.7209E-09 1.7349E-09 1.7498E-09 1.7621E-09 1.7729E-09 1.7842E-09 1.7953E-09 1.8057E-09 1.8172E-09 1.8315E-09 1.8468E-09 1.8617E-09 1.8769E-09 1.8916E-09 1.9058E-09 1.9195E-09 1.9300E-09 1.9420E-09 1.9535E-09 1.9650E-09 1.9760E-09 1.9863E-09 1.9960E-09 2.0049E-09 2.0132E-09 2.0208E-09 2.0276E-09 2.0336E-09 2.0389E-09 2.0434E-09 2.0471E-09 2.0500E-09 2.0514E-09 2.0519E-09 2.0510E-09 2.0498E-09 2.0477E-09 2.0453E-09 2.0419E-09 2.0375E-09 2.0322E-09 2.0260E-09 2.0187E-09 2.0105E-09 2.0013E-09 1.9911E-09 1.9799E-09 1.9674E-09
1.5720E-09 1.5882E-09 1.6033E-09 1.6131E-09 1.6257E-09 1.6372E-09 1.6484E-09 1.6591E-09 1.6723E-09 1.6872E-09 1.7014E-09 1.7127E-09 1.7246E-09 1.7357E-09 1.7474E-09 1.7595E-09 1.7733E-09 1.7893E-09 1.8049E-09 1.8207E-09 1.8355E-09 1.8499E-09 1.8638E-09 1.8772E-09 1.8902E-09 1.9027E-09 1.9153E-09 1.9273E-09 1.9388E-09 1.9496E-09 1.9598E-09 1.9694E-09 1.9783E-09 1.9865E-09 1.9940E-09 2.0008E-09 2.0068E-09 2.0121E-09 2.0160E-09 2.0191E-09 2.0215E-09 2.0224E-09 2.0230E-09 2.0234E-09 2.0230E-09 2.0215E-09 2.0192E-09 2.0159E-09 2.0117E-09 2.0066E-09 2.0004E-09 1.9934E-09 1.9853E-09 1.9763E-09 1.9660E-09 1.9547E-09 1.9424E-09
1.5380E-09 1.5502E-09 1.5620E-09 1.5739E-09 1.5854E-09 1.5969E-09 1.6105E-09 1.6256E-09 1.6403E-09 1.6509E-09 1.6631E-09 1.6754E-09 1.6869E-09 1.6996E-09 1.7139E-09 1.7303E-09 1.7472E-09 1.7636E-09 1.7791E-09 1.7941E-09 1.8088E-09 1.8230E-09 1.8368E-09 1.8501E-09 1.8637E-09 1.8767E-09 1.8891E-09 1.9010E-09 1.9124E-09 1.9231E-09 1.9332E-09 1.9427E-09 1.9515E-09 1.9596E-09 1.9671E-09 1.9738E-09 1.9787E-09 1.9828E-09 1.9861E-09 1.9899E-09 1.9929E-09 1.9951E-09 1.9964E-09 1.9969E-09 1.9965E-09 1.9951E-09 1.9929E-09 1.9897E-09 1.9856E-09 1.9806E-09 1.9746E-09 1.9677E-09 1.9594E-09 1.9502E-09 1.9401E-09 1.9290E-09 1.9170E-09
1.5012E-09 1.5112E-09 1.5229E-09 1.5348E-09 1.5486E-09 1.5640E-09 1.5777E-09 1.5898E-09 1.6018E-09 1.6145E-09 1.6254E-09 1.6385E-09 1.6549E-09 1.6718E-09 1.6890E-09 1.7059E-09 1.7218E-09 1.7375E-09 1.7528E-09 1.7677E-09 1.7822E-09 1.7963E-09 1.8106E-09 1.8244E-09 1.8378E-09 1.8506E-09 1.8629E-09 1.8747E-09 1.8859E-09 1.8965E-09 1.9065E-09 1.9158E-09 1.9240E-09 1.9309E-09 1.9365E-09 1.9433E-09 1.9493E-09 1.9547E-09 1.9593E-09 1.9631E-09 1.9661E-09 1.9683E-09 1.9696E-09 1.9701E-09 1.9697E-09 1.9684E-09 1.9662E-09 1.9631E-09 1.9592E-09 1.9542E-09 1.9480E-09 1.9409E-09 1.9328E-09 1.9238E-09 1.9139E-09 1.9031E-09 1.8917E-09
1.4614E-09 1.4734E-09 1.4869E-09 1.5019E-09 1.5158E-09 1.5287E-09 1.5400E-09 1.5517E-09 1.5646E-09 1.5786E-09 1.5953E-09 1.6131E-09 1.6306E-09 1.6478E-09 1.6642E-09 1.6803E-09 1.6960E-09 1.7115E-09 1.7266E-09 1.7414E-09 1.7564E-09 1.7709E-09 1.7850E-09 1.7987E-09 1.8118E-09 1.8245E-09 1.8366E-09 1.8483E-09 1.8575E-09 1.8662E-09 1.8761E-09 1.8855E-09 1.8942E-09 1.9023E-09 1.9097E-09 1.9164E-09 1.9224E-09 1.9277E-09 1.9322E-09 1.9360E-09 1.9390E-09 1.9412E-09 1.9425E-09 1.9430E-09 1.9427E-09 1.9415E-09 1.9393E-09 1.9363E-09 1.9321E-09 1.9269E-09 1.9208E-09 1.9135E-09 1.9056E-09 1.8972E-09 1.8879E-09 1.8777E-09 1.8665E-09
1.4256E-09 1.4418E-09 1.4542E-09 1.4667E-09 1.4792E-09 1.4911E-09 1.5033E-09 1.5193E-09 1.5367E-09 1.5546E-09 1.5723E-09 1.5897E-09 1.6064E-09 1.6228E-09 1.6389E-09 1.6548E-09 1.6704E-09 1.6857E-09 1.7012E-09 1.7164E-09 1.7312E-09 1.7455E-09 1.7594E-09 1.7717E-09 1.7841E-09 1.7960E-09 1.8075E-09 1.8184E-09 1.8294E-09 1.8398E-09 1.8496E-09 1.8588E-09 1.8674E-09 1.8754E-09 1.8827E-09 1.8893E-09 1.8953E-09 1.9005E-09 1.9050E-09 1.9087E-09 1.9117E-09 1.9139E-09 1.9152E-09 1.9158E-09 1.9154E-09 1.9143E-09 1.9118E-09 1.9086E-09 1.9040E-09 1.8990E-09 1.8930E-09 1.8866E-09 1.8793E-09 1.8711E-09 1.8620E-09 1.8519E-09 1.8410E-09
1.3930E-09 1.4056E-09 1.4168E-09 1.4285E-09 1.4429E-09 1.4605E-09 1.4786E-09 1.4965E-09 1.5143E-09 1.5319E-09 1.5487E-09 1.5653E-09 1.5817E-09 1.5979E-09 1.6139E-09 1.6296E-09 1.6456E-09 1.6612E-09 1.6765E-09 1.6915E-09 1.7054E-09 1.7190E-09 1.7321E-09 1.7448E-09 1.7571E-09 1.7689E-09 1.7808E-09 1.7922E-09 1.8030E-09 1.8133E-09 1.8230E-09 1.8321E-09 1.8405E-09 1.8484E-09 1.8556E-09 1.8621E-09 1.8680E-09 1.8732E-09 1.8776E-09 1.8813E-09 1.8843E-09 1.8864E-09 1.8878E-09 1.8879E-09 1.8872E-09 1.8857E-09 1.8834E-09 1.8798E-09 1.8761E-09 1.8716E-09 1.8662E-09 1.8600E-09 1.8528E-09 1.8447E-09 1.8358E-09 1.8259E-09 1.8151E-09
1.3556E-09 1.3676E-09 1.3852E-09 1.4032E-09 1.4212E-09 1.4391E-09 1.4568E-09 1.4744E-09 1.4914E-09 1.5081E-09 1.5241E-09 1.5405E-09 1.5567E-09 1.5733E-09 1.5896E-09 1.6056E-09 1.6214E-09 1.6368E-09 1.6518E-09 1.6660E-09 1.6797E-09 1.6925E-09 1.7055E-09 1.7181E-09 1.7308E-09 1.7430E-09 1.7547E-09 1.7659E-09 1.7766E-09 1.7867E-09 1.7962E-09 1.8052E-09 1.8135E-09 1.8213E-09 1.8284E-09 1.8348E-09 1.8406E-09 1.8457E-09 1.8501E-09 1.8537E-09 1.8566E-09 1.8584E-09 1.8590E-09 1.8591E-09 1.8581E-09 1.8571E-09 1.8552E-09 1.8525E-09 1.8489E-09 1.8445E-09 1.8392E-09 1.8331E-09 1.8260E-09 1.8181E-09 1.8093E-09 1.7996E-09 1.7890E-09
1.3290E-09 1.3469E-09 1.3647E-09 1.3825E-09 1.4001E-09 1.4177E-09 1.4340E-09 1.4508E-09 1.4675E-09 1.4834E-09 1.5004E-09 1.5171E-09 1.5337E-09 1.5499E-09 1.5660E-09 1.5817E-09 1.5972E-09 1.6118E-09 1.6260E-09 1.6400E-09 1.6530E-09 1.6662E-09 1.6796E-09 1.6926E-09 1.7051E-09 1.7171E-09 1.7286E-09 1.7396E-09 1.7501E-09 1.7600E-09 1.7694E-09 1.7782E-09 1.7864E-09 1.7941E-09 1.8011E-09 1.8074E-09 1.8131E-09 1.8181E-09 1.8221E-09 1.8249E-09 1.8270E-09 1.8287E-09 1.8301E-09 1.8307E-09 1.8305E-09 1.8295E-09 1.8277E-09 1.8250E-09 1.8215E-09 1.8172E-09 1.8120E-09 1.8059E-09 1.7990E-09 1.7912E-09 1.7825E-09 1.7730E-09 1.7626E-09
1.3093E-09 1.3268E-09 1.3443E-09 1.3612E-09 1.3775E-09 1.3943E-09 1.4109E-09 1.4275E-09 1.4445E-09 1.4613E-09 1.4779E-09 1.4944E-09 1.5106E-09 1.5266E-09 1.5423E-09 1.5573E-09 1.5714E-09 1.5858E-09 1.5998E-09 1.6136E-09 1.6276E-09 1.6411E-09 1.6543E-09 1.6670E-09 1.6793E-09 1.6911E-09 1.7024E-09 1.7132E-09 1.7236E-09 1.7333E-09 1.7425E-09 1.7512E-09 1.7593E-09 1.7668E-09 1.7736E-09 1.7791E-09 1.7835E-09 1.7881E-09 1.7924E-09 1.7960E-09 1.7989E-09 1.8010E-09 1.8024E-09 1.8030E-09 1.8027E-09 1.8017E-09 1.7999E-09 1.7973E-09 1.7939E-09 1.7896E-09 1.7845E-09 1.7785E-09 1.7717E-09 1.7641E-09 1.7556E-09 1.7459E-09 1.7350E-09
1.2891E-09 1.3058E-09 1.3219E-09 1.3380E-09 1.3552E-09 1.3722E-09 1.3892E-09 1.4060E-09 1.4226E-09 1.4392E-09 1.4555E-09 1.4716E-09 1.4870E-09 1.5022E-09 1.5172E-09 1.5319E-09 1.5463E-09 1.5605E-09 1.5749E-09 1.5890E-09 1.6027E-09 1.6160E-09 1.6290E-09 1.6414E-09 1.6535E-09 1.6651E-09 1.6762E-09 1.6868E-09 1.6969E-09 1.7065E-09 1.7156E-09 1.7217E-09 1.7297E-09 1.7371E-09 1.7439E-09 1.7501E-09 1.7556E-09 1.7605E-09 1.7647E-09 1.7683E-09 1.7711E-09 1.7732E-09 1.7745E-09 1.7750E-09 1.7748E-09 1.7738E-09 1.7721E-09 1.7695E-09 1.7661E-09 1.7619E-09 1.7568E-09 1.7510E-09 1.7443E-09 1.7364E-09 1.7274E-09 1.7179E-09 1.7075E-09
1.2670E-09 1.2840E-09 1.3009E-09 1.3178E-09 1.3347E-09 1.3514E-09 1.3680E-09 1.3845E-09 1.4009E-09 1.4171E-09 1.4326E-09 1.4479E-09 1.4631E-09 1.4780E-09 1.4927E-09 1.5072E-09 1.5220E-09 1.5364E-09 1.5506E-09 1.5644E-09 1.5779E-09 1.5909E-09 1.6036E-09 1.6159E-09 1.6277E-09 1.6383E-09 1.6488E-09 1.6588E-09 1.6684E-09 1.6774E-09 1.6864E-09 1.6948E-09 1.7026E-09 1.7099E-09 1.7166E-09 1.7226E-09 1.7281E-09 1.7329E-09 1.7370E-09 1.7404E-09 1.7432E-09 1.7452E-09 1.7465E-09 1.7470E-09 1.7468E-09 1.7458E-09 1.7440E-09 1.7415E-09 1.7381E-09 1.7340E-09 1.7290E-09 1.7226E-09 1.7157E-09 1.7079E-09 1.6994E-09 1.6901E-09 1.6803E-09
1.2478E-09 1.2645E-09 1.2811E-09 1.2977E-09 1.3142E-09 1.3306E-09 1.3469E-09 1.3631E-09 1.3786E-09 1.3940E-09 1.4087E-09 1.4238E-09 1.4387E-09 1.4540E-09 1.4690E-09 1.4837E-09 1.4982E-09 1.5124E-09 1.5263E-09 1.5398E-09 1.5530E-09 1.5658E-09 1.5779E-09 1.5895E-09 1.6007E-09 1.6115E-09 1.6219E-09 1.6317E-09 1.6415E-09 1.6508E-09 1.6596E-09 1.6678E-09 1.6755E-09 1.6826E-09 1.6892E-09 1.6951E-09 1.7004E-09 1.7051E-09 1.7092E-09 1.7125E-09 1.7152E-09 1.7171E-09 1.7184E-09 1.7189E-09 1.7186E-09 1.7176E-09 1.7159E-09 1.7133E-09 1.7097E-09 1.7053E-09 1.7001E-09 1.6941E-09 1.6869E-09 1.6797E-09 1.6717E-09 1.6629E-09 1.6532E-09
1.2286E-09 1.2450E-09 1.2613E-09 1.2776E-09 1.2937E-09 1.3098E-09 1.3248E-09 1.3402E-09 1.3555E-09 1.3701E-09 1.3857E-09 1.4010E-09 1.4162E-09 1.4311E-09 1.4458E-09 1.4603E-09 1.4745E-09 1.4884E-09 1.5020E-09 1.5152E-09 1.5278E-09 1.5400E-09 1.5518E-09 1.5632E-09 1.5742E-09 1.5848E-09 1.5954E-09 1.6055E-09 1.6151E-09 1.6242E-09 1.6328E-09 1.6408E-09 1.6484E-09 1.6553E-09 1.6617E-09 1.6675E-09 1.6727E-09 1.6773E-09 1.6812E-09 1.6845E-09 1.6871E-09 1.6890E-09 1.6902E-09 1.6906E-09 1.6904E-09 1.6894E-09 1.6873E-09 1.6841E-09 1.6805E-09 1.6762E-09 1.6711E-09 1.6655E-09 1.6592E-09 1.6521E-09 1.6442E-09 1.6355E-09 1.6260E-09
1.2095E-09 1.2256E-09 1.2416E-09 1.2570E-09 1.2719E-09 1.2872E-09 1.3020E-09 1.3176E-09 1.3331E-09 1.3485E-09 1.3637E-09 1.3788E-09 1.3936E-09 1.4083E-09 1.4227E-09 1.4368E-09 1.4507E-09 1.4644E-09 1.4777E-09 1.4903E-09 1.5026E-09 1.5146E-09 1.5258E-09 1.5370E-09 1.5482E-09 1.5590E-09 1.5694E-09 1.5792E-09 1.5886E-09 1.5975E-09 1.6059E-09 1.6138E-09 1.6212E-09 1.6280E-09 1.6342E-09 1.6399E-09 1.6450E-09 1.6494E-09 1.6533E-09 1.6565E-09 1.6590E-09 1.6608E-09 1.6619E-09 1.6620E-09 1.6614E-09 1.6597E-09 1.6576E-09 1.6548E-09 1.6517E-09 1.6477E-09 1.6431E-09 1.6376E-09 1.6314E-09 1.6244E-09 1.6166E-09 1.6080E-09 1.5984E-09
1.1900E-09 1.2048E-09 1.2200E-09 1.2347E-09 1.2503E-09 1.2659E-09 1.2813E-09 1.2967E-09 1.3119E-09 1.3269E-09 1.3418E-09 1.3566E-09 1.3711E-09 1.3855E-09 1.3996E-09 1.4134E-09 1.4270E-09 1.4400E-09 1.4527E-09 1.4647E-09 1.4768E-09 1.4885E-09 1.5003E-09 1.5117E-09 1.5227E-09 1.5332E-09 1.5433E-09 1.5530E-09 1.5622E-09 1.5709E-09 1.5791E-09 1.5868E-09 1.5940E-09 1.6006E-09 1.6067E-09 1.6123E-09 1.6172E-09 1.6216E-09 1.6253E-09 1.6284E-09 1.6304E-09 1.6318E-09 1.6322E-09 1.6319E-09 1.6317E-09 1.6307E-09 1.6290E-09 1.6266E-09 1.6235E-09 1.6196E-09 1.6150E-09 1.6096E-09 1.6034E-09 1.5965E-09 1.5885E-09 1.5798E-09 1.5703E-09
1.1688E-09 1.1843E-09 1.1997E-09 1.2151E-09 1.2304E-09 1.2456E-09 1.2607E-09 1.2758E-09 1.2906E-09 1.3054E-09 1.3200E-09 1.3344E-09 1.3487E-09 1.3627E-09 1.3765E-09 1.3894E-09 1.4024E-09 1.4151E-09 1.4275E-09 1.4397E-09 1.4519E-09 1.4638E-09 1.4753E-09 1.4864E-09 1.4971E-09 1.5074E-09 1.5173E-09 1.5268E-09 1.5357E-09 1.5442E-09 1.5523E-09 1.5598E-09 1.5668E-09 1.5733E-09 1.5792E-09 1.5846E-09 1.5894E-09 1.5933E-09 1.5959E-09 1.5982E-09 1.6006E-09 1.6023E-09 1.6033E-09 1.6037E-09 1.6035E-09 1.6025E-09 1.6008E-09 1.5984E-09 1.5952E-09 1.5914E-09 1.5868E-09 1.5814E-09 1.5751E-09 1.5679E-09 1.5601E-09 1.5512E-09 1.5418E-09
1.1501E-09 1.1653E-09 1.1804E-09 1.1955E-09 1.2105E-09 1.2254E-09 1.2402E-09 1.2549E-09 1.2695E-09 1.2839E-09 1.2982E-09 1.3123E-09 1.3259E-09 1.3393E-09 1.3525E-09 1.3654E-09 1.3782E-09 1.3906E-09 1.4032E-09 1.4155E-09 1.4274E-09 1.4390E-09 1.4503E-09 1.4611E-09 1.4716E-09 1.4817E-09 1.4913E-09 1.5005E-09 1.5093E-09 1.5176E-09 1.5254E-09 1.5328E-09 1.5396E-09 1.5453E-09 1.5496E-09 1.5549E-09 1.5597E-09 1.5638E-09 1.5673E-09 1.5702E-09 1.5725E-09 1.5742E-09 1.5752E-09 1.5755E-09 1.5752E-09 1.5742E-09 1.5724E-09 1.5700E-09 1.5669E-09 1.5631E-09 1.5582E-09 1.5523E-09 1.5461E-09 1.5391E-09 1.5313E-09 1.5232E-09 1.5144E-09
1.1316E-09 1.1464E-09 1.1612E-09 1.1760E-09 1.1906E-09 1.2052E-09 1.2197E-09 1.2341E-09 1.2484E-09 1.2625E-09 1.2761E-09 1.2896E-09 1.3029E-09 1.3160E-09 1.3286E-09 1.3417E-09 1.3545E-09 1.3670E-09 1.3793E-09 1.3913E-09 1.4030E-09 1.4143E-09 1.4253E-09 1.4359E-09 1.4461E-09 1.4560E-09 1.4654E-09 1.4744E-09 1.4819E-09 1.4896E-09 1.4970E-09 1.5038E-09 1.5105E-09 1.5167E-09 1.5224E-09 1.5275E-09 1.5321E-09 1.5361E-09 1.5395E-09 1.5423E-09 1.5445E-09 1.5461E-09 1.5470E-09 1.5473E-09 1.5469E-09 1.5458E-09 1.5441E-09 1.5414E-09 1.5380E-09 1.5339E-09 1.5288E-09 1.5233E-09 1.5174E-09 1.5108E-09 1.5035E-09 1.4955E-09 1.4868E-09
