Assets/Resources/2015_m01_d22_1700(utc+0800)_l00_csi_1hr_conc.grd
DSAA
         159         159
     -79.000      79.000
     -79.000      79.000
  0.0000E+00  0.9332E-04
[rows 75 to 99 of 159, columns 57 to 113 of 159]
1.0007E-08 1.1137E-08 1.2514E-08 1.4172E-08 1.6160E-08 1.8506E-08 2.1237E-08 2.4350E-08 2.7800E-08 3.1494E-08 3.5329E-08 3.9350E-08 4.2943E-08 4.6326E-08 4.6938E-08 4.1617E-08 3.1000E-08 6.8309E-09 3.6802E-09 1.9942E-09 8.2093E-10 6.2173E-10 5.2070E-10 4.5291E-10 4.4220E-10 4.4051E-10 4.3463E-10 4.3248E-10 4.2999E-10 4.2719E-10 4.2408E-10 4.2067E-10 4.1699E-10 4.0949E-10 4.0548E-10 4.0122E-10 3.9672E-10 3.9199E-10 3.8705E-10 3.7852E-10 3.7340E-10 3.6809E-10 3.6260E-10 3.5695E-10 3.4780E-10 3.4209E-10 3.3623E-10 3.3025E-10 3.2416E-10 3.1797E-10 3.0872E-10 3.0256E-10 2.9633E-10 2.9003E-10 2.8073E-10 2.7453E-10 2.6829E-10
7.3381E-09 8.1852E-09 9.2659E-09 1.0603E-08 1.2259E-08 1.4300E-08 1.6784E-08 1.9753E-08 2.3309E-08 2.7441E-08 3.2422E-08 3.8328E-08 4.5824E-08 5.4673E-08 6.1254E-08 6.2347E-08 4.9902E-08 1.6184E-08 3.5777E-09 1.9239E-09 1.0990E-09 5.6771E-10 4.8274E-10 4.3941E-10 4.0777E-10 4.0650E-10 4.0491E-10 4.0300E-10 4.0079E-10 3.9829E-10 3.9549E-10 3.8887E-10 3.8573E-10 3.8234E-10 3.7869E-10 3.7481E-10 3.7070E-10 3.6293E-10 3.5861E-10 3.5408E-10 3.4937E-10 3.4448E-10 3.3942E-10 3.3098E-10 3.2583E-10 3.2054E-10 3.1512E-10 3.0958E-10 3.0083E-10 2.9529E-10 2.8965E-10 2.8393E-10 2.7813E-10 2.6939E-10 2.6366E-10 2.5789E-10 2.5206E-10
5.1692E-09 5.7903E-09 6.5777E-09 7.5790E-09 8.8581E-09 1.0475E-08 1.2512E-08 1.5068E-08 1.8262E-08 2.2266E-08 2.7418E-08 3.4363E-08 4.4487E-08 5.7679E-08 7.4751E-08 9.0814E-08 7.9518E-08 1.7606E-08 7.8107E-09 1.7118E-09 9.8974E-10 6.4039E-10 4.3396E-10 3.9629E-10 3.7937E-10 3.7829E-10 3.7691E-10 3.7523E-10 3.6955E-10 3.6750E-10 3.6519E-10 3.6261E-10 3.5977E-10 3.5669E-10 3.5338E-10 3.4637E-10 3.4282E-10 3.3906E-10 3.3510E-10 3.3094E-10 3.2661E-10 3.1881E-10 3.1435E-10 3.0974E-10 3.0499E-10 3.0010E-10 2.9508E-10 2.8695E-10 2.8191E-10 2.7677E-10 2.7154E-10 2.6622E-10 2.5803E-10 2.5276E-10 2.4743E-10 2.4205E-10 2.3385E-10
3.5100E-09 3.9494E-09 4.5016E-09 5.1993E-09 6.1200E-09 7.2992E-09 8.8307E-09 1.0790E-08 1.3330E-08 1.6653E-08 2.1107E-08 2.7748E-08 3.7927E-08 5.4309E-08 8.6505E-08 1.3924E-07 2.4010E-07 3.6199E-07 4.6901E-07 1.3835E-07 3.5803E-08 7.9622E-09 3.1839E-06 3.8092E-10 3.5266E-10 3.5175E-10 3.4690E-10 3.4561E-10 3.4405E-10 3.4223E-10 3.4016E-10 3.3784E-10 3.3529E-10 3.2902E-10 3.2620E-10 3.2317E-10 3.1993E-10 3.1650E-10 3.1287E-10 3.0906E-10 3.0193E-10 2.9798E-10 2.9388E-10 2.8963E-10 2.8525E-10 2.7764E-10 2.7320E-10 2.6864E-10 2.6397E-10 2.5921E-10 2.5144E-10 2.4669E-10 2.4186E-10 2.3696E-10 2.3201E-10 2.2430E-10 2.1942E-10
2.3020E-09 2.5985E-09 2.9602E-09 3.4341E-09 4.0473E-09 4.8486E-09 5.8975E-09 7.2530E-09 9.0520E-09 1.1435E-08 1.4600E-08 1.9340E-08 2.6614E-08 3.9580E-08 6.5040E-08 1.2097E-07 2.6883E-07 5.4901E-07 9.7394E-07 1.4479E-06 2.6047E-06 8.0060E-06 9.3317E-05 3.2214E-06 5.0227E-10 3.2341E-10 3.2255E-10 3.2143E-10 3.2006E-10 3.1844E-10 3.1659E-10 3.1106E-10 3.0894E-10 3.0659E-10 3.0404E-10 3.0128E-10 2.9833E-10 2.9520E-10 2.8869E-10 2.8539E-10 2.8192E-10 2.7829E-10 2.7452E-10 2.6746E-10 2.6360E-10 2.5961E-10 2.5551E-10 2.5129E-10 2.4697E-10 2.3974E-10 2.3541E-10 2.3101E-10 2.2652E-10 2.1918E-10 2.1474E-10 2.1025E-10 1.9556E-10
1.4813E-09 1.6608E-09 1.8816E-09 2.1599E-09 2.5408E-09 3.0617E-09 3.7379E-09 4.5913E-09 5.7355E-09 7.1129E-09 8.9560E-09 1.1622E-08 1.5658E-08 2.2676E-08 3.6364E-08 6.6333E-08 1.3088E-07 2.3312E-07 3.4863E-07 4.2980E-07 5.4429E-07 5.9355E-07 3.7478E-06 8.3274E-08 5.7470E-09 3.0039E-10 2.9966E-10 2.9869E-10 2.9749E-10 2.9267E-10 2.9119E-10 2.8949E-10 2.8758E-10 2.8546E-10 2.8315E-10 2.8065E-10 2.7476E-10 2.7208E-10 2.6922E-10 2.6620E-10 2.6302E-10 2.5969E-10 2.5321E-10 2.4979E-10 2.4623E-10 2.4255E-10 2.3876E-10 2.3198E-10 2.2816E-10 2.2424E-10 2.2023E-10 2.1614E-10 2.0927E-10 2.0522E-10 1.9064E-10 1.8708E-10 1.8102E-10
9.3427E-10 1.0268E-09 1.1540E-09 1.3320E-09 1.5559E-09 1.8585E-09 2.2306E-09 2.7194E-09 3.3298E-09 4.0006E-09 4.9071E-09 6.1479E-09 7.9476E-09 1.0981E-08 1.6744E-08 2.8667E-08 4.8718E-08 7.3388E-08 9.3114E-08 9.8371E-08 9.4404E-08 7.5295E-08 3.6943E-08 9.2350E-09 1.0514E-09 2.7878E-10 2.7471E-10 2.7403E-10 2.7314E-10 2.7203E-10 2.7071E-10 2.6920E-10 2.6748E-10 2.6223E-10 2.6030E-10 2.5820E-10 2.5592E-10 2.5347E-10 2.5086E-10 2.4810E-10 2.4216E-10 2.3927E-10 2.3625E-10 2.3309E-10 2.2982E-10 2.2350E-10 2.2017E-10 2.1673E-10 2.1319E-10 2.0957E-10 2.0308E-10 1.9946E-10 1.8506E-10 1.8189E-10 1.7616E-10 1.7298E-10 1.6972E-10
5.8235E-10 6.4085E-10 7.0898E-10 8.1133E-10 9.3884E-10 1.0778E-09 1.2829E-09 1.5298E-09 1.7893E-09 2.1186E-09 2.4807E-09 2.9284E-09 3.6361E-09 4.6507E-09 6.5757E-09 1.0499E-08 1.6146E-08 2.0626E-08 2.1145E-08 1.7797E-08 1.1472E-08 5.5160E-09 1.0057E-09 2.5544E-10 2.5549E-10 2.5533E-10 2.5496E-10 2.5438E-10 2.5361E-10 2.5264E-10 2.5148E-10 2.4684E-10 2.4545E-10 2.4389E-10 2.4215E-10 2.4024E-10 2.3817E-10 2.3594E-10 2.3054E-10 2.2817E-10 2.2566E-10 2.2301E-10 2.2024E-10 2.1438E-10 2.1153E-10 2.0856E-10 2.0549E-10 2.0232E-10 1.9622E-10 1.9303E-10 1.8975E-10 1.7610E-10 1.7071E-10 1.6790E-10 1.6500E-10 1.6203E-10 1.5662E-10
3.6494E-10 3.9889E-10 4.4235E-10 4.8300E-10 5.4868E-10 6.3284E-10 7.1639E-10 8.1941E-10 9.2294E-10 1.0586E-09 1.1767E-09 1.3313E-09 1.5504E-09 1.8230E-09 2.3777E-09 3.4031E-09 4.6663E-09 4.9078E-09 3.6938E-09 2.2186E-09 8.2689E-10 4.3167E-10 2.3642E-10 2.3672E-10 2.3682E-10 2.3672E-10 2.3643E-10 2.3596E-10 2.3195E-10 2.3124E-10 2.3035E-10 2.2929E-10 2.2805E-10 2.2665E-10 2.2508E-10 2.2336E-10 2.1847E-10 2.1660E-10 2.1457E-10 2.1241E-10 2.1011E-10 2.0473E-10 2.0234E-10 1.9982E-10 1.9720E-10 1.9447E-10 1.9164E-10 1.8600E-10 1.8313E-10 1.6976E-10 1.6473E-10 1.6228E-10 1.5974E-10 1.5711E-10 1.5201E-10 1.4936E-10 1.4665E-10
2.5521E-10 2.6324E-10 2.7710E-10 3.0326E-10 3.3240E-10 3.7004E-10 4.0125E-10 4.4299E-10 4.9115E-10 5.2548E-10 5.7407E-10 6.2514E-10 6.6396E-10 6.7366E-10 8.6878E-10 1.0493E-09 1.2329E-09 9.7692E-10 4.2238E-10 3.2169E-10 2.4501E-10 2.1837E-10 2.1887E-10 2.1920E-10 2.1934E-10 2.1596E-10 2.1587E-10 2.1560E-10 2.1515E-10 2.1454E-10 2.1376E-10 2.1282E-10 2.1172E-10 2.0737E-10 2.0609E-10 2.0467E-10 2.0310E-10 2.0140E-10 1.9955E-10 1.9464E-10 1.9268E-10 1.9060E-10 1.8841E-10 1.8610E-10 1.8369E-10 1.7846E-10 1.7599E-10 1.6294E-10 1.6082E-10 1.5617E-10 1.5398E-10 1.5170E-10 1.4692E-10 1.4459E-10 1.4220E-10 1.3973E-10 1.3720E-10
1.7549E-10 1.7274E-10 1.8041E-10 1.8819E-10 1.9846E-10 2.1580E-10 2.4178E-10 2.6741E-10 2.9139E-10 3.1356E-10 3.3920E-10 3.5241E-10 3.6600E-10 3.6506E-10 3.5602E-10 3.2686E-10 3.3934E-10 2.9252E-10 2.3773E-10 2.0043E-10 2.0127E-10 2.0196E-10 1.9919E-10 1.9964E-10 1.9992E-10 2.0004E-10 1.9999E-10 1.9978E-10 1.9941E-10 1.9889E-10 1.9508E-10 1.9437E-10 1.9351E-10 1.9251E-10 1.9137E-10 1.9008E-10 1.8866E-10 1.8421E-10 1.8266E-10 1.8100E-10 1.7921E-10 1.7731E-10 1.7530E-10 1.7046E-10 1.6838E-10 1.5573E-10 1.5141E-10 1.4965E-10 1.4780E-10 1.4585E-10 1.4139E-10 1.3938E-10 1.3730E-10 1.3514E-10 1.3291E-10 1.2830E-10 1.2605E-10
1.4325E-10 1.4646E-10 1.4958E-10 1.5262E-10 1.5556E-10 1.5841E-10 1.7340E-10 1.8864E-10 2.0272E-10 2.1346E-10 2.2175E-10 2.3506E-10 2.3236E-10 2.3194E-10 2.2692E-10 2.1881E-10 2.0481E-10 1.8781E-10 1.8091E-10 1.8197E-10 1.8288E-10 1.8364E-10 1.8424E-10 1.8469E-10 1.8499E-10 1.8514E-10 1.8513E-10 1.8186E-10 1.8167E-10 1.8133E-10 1.8085E-10 1.8023E-10 1.7947E-10 1.7858E-10 1.7458E-10 1.7355E-10 1.7239E-10 1.7110E-10 1.6970E-10 1.6818E-10 1.6372E-10 1.6211E-10 1.6040E-10 1.4819E-10 1.4423E-10 1.4279E-10 1.4125E-10 1.3962E-10 1.3548E-10 1.3378E-10 1.3200E-10 1.3014E-10 1.2820E-10 1.2387E-10 1.2191E-10 1.1988E-10 1.1779E-10
1.3174E-10 1.3470E-10 1.3760E-10 1.4042E-10 1.4315E-10 1.4580E-10 1.4835E-10 1.5081E-10 1.5315E-10 1.5205E-10 1.6245E-10 1.6686E-10 1.6883E-10 1.6980E-10 1.6166E-10 1.6321E-10 1.6463E-10 1.6592E-10 1.6706E-10 1.6808E-10 1.6895E-10 1.6968E-10 1.7028E-10 1.7073E-10 1.6798E-10 1.6825E-10 1.6837E-10 1.6836E-10 1.6822E-10 1.6794E-10 1.6753E-10 1.6400E-10 1.6344E-10 1.6275E-10 1.6194E-10 1.6101E-10 1.5996E-10 1.5880E-10 1.5475E-10 1.5349E-10 1.4691E-10 1.4040E-10 1.3679E-10 1.3565E-10 1.3441E-10 1.3308E-10 1.2927E-10 1.2786E-10 1.2637E-10 1.2479E-10 1.2314E-10 1.1909E-10 1.1740E-10 1.1563E-10 1.1380E-10 1.1191E-10 1.0997E-10
1.1806E-10 1.2079E-10 1.2346E-10 1.2607E-10 1.2861E-10 1.3107E-10 1.3345E-10 1.3575E-10 1.3796E-10 1.4007E-10 1.4208E-10 1.4399E-10 1.4579E-10 1.4748E-10 1.4906E-10 1.5051E-10 1.5185E-10 1.5307E-10 1.5416E-10 1.5203E-10 1.5293E-10 1.5371E-10 1.5437E-10 1.5490E-10 1.5530E-10 1.5558E-10 1.5572E-10 1.5575E-10 1.5269E-10 1.5256E-10 1.5230E-10 1.5193E-10 1.5143E-10 1.5082E-10 1.5010E-10 1.4645E-10 1.4561E-10 1.3940E-10 1.3319E-10 1.2993E-10 1.2917E-10 1.2831E-10 1.2735E-10 1.2386E-10 1.2281E-10 1.2167E-10 1.2045E-10 1.1915E-10 1.1776E-10 1.1401E-10 1.1257E-10 1.1106E-10 1.0949E-10 1.0785E-10 1.0615E-10 1.0223E-10 1.0052E-10
1.0538E-10 1.1103E-10 1.1351E-10 1.1592E-10 1.1828E-10 1.2056E-10 1.2277E-10 1.2491E-10 1.2696E-10 1.2893E-10 1.2766E-10 1.2947E-10 1.3118E-10 1.3280E-10 1.3432E-10 1.3573E-10 1.3704E-10 1.3824E-10 1.3933E-10 1.4031E-10 1.4117E-10 1.4192E-10 1.4255E-10 1.4307E-10 1.4051E-10 1.4087E-10 1.4111E-10 1.4124E-10 1.4126E-10 1.4116E-10 1.4095E-10 1.4063E-10 1.3739E-10 1.3694E-10 1.3114E-10 1.2527E-10 1.2236E-10 1.2195E-10 1.2144E-10 1.2083E-10 1.2013E-10 1.1696E-10 1.1617E-10 1.1529E-10 1.1432E-10 1.1327E-10 1.1214E-10 1.0868E-10 1.0748E-10 1.0622E-10 1.0489E-10 1.0349E-10 1.0203E-10 9.8353E-11 9.6865E-11 9.5323E-11 9.3731E-11
9.6878E-11 9.9192E-11 1.0146E-10 1.0369E-10 1.0586E-10 1.0797E-10 1.1002E-10 1.1201E-10 1.1393E-10 1.1577E-10 1.1754E-10 1.1922E-10 1.2082E-10 1.2234E-10 1.2375E-10 1.2508E-10 1.2631E-10 1.2744E-10 1.2847E-10 1.2645E-10 1.2732E-10 1.2810E-10 1.2877E-10 1.2933E-10 1.2979E-10 1.3015E-10 1.3040E-10 1.3054E-10 1.3058E-10 1.2775E-10 1.2766E-10 1.2229E-10 1.1680E-10 1.1424E-10 1.1414E-10 1.1395E-10 1.1367E-10 1.1330E-10 1.1045E-10 1.0997E-10 1.0941E-10 1.0876E-10 1.0803E-10 1.0722E-10 1.0404E-10 1.0315E-10 1.0219E-10 1.0115E-10 1.0005E-10 9.8880E-11 9.7645E-11 9.4220E-11 9.2949E-11 9.1621E-11 9.0239E-11 8.8808E-11 8.5943E-11
8.6169E-11 8.8280E-11 9.0356E-11 9.2394E-11 9.4389E-11 9.6337E-11 9.8234E-11 1.0008E-10 1.0186E-10 1.0358E-10 1.0523E-10 1.0682E-10 1.0833E-10 1.0976E-10 1.1112E-10 1.1239E-10 1.1358E-10 1.1468E-10 1.1569E-10 1.1661E-10 1.1744E-10 1.1817E-10 1.1881E-10 1.1936E-10 1.1699E-10 1.1740E-10 1.1772E-10 1.1279E-10 1.0512E-10 1.0547E-10 1.0574E-10 1.0592E-10 1.0601E-10 1.0601E-10 1.0351E-10 1.0341E-10 1.0322E-10 1.0295E-10 1.0260E-10 1.0216E-10 1.0165E-10 9.8752E-11 9.8155E-11 9.7482E-11 9.6736E-11 9.5918E-11 9.5030E-11 9.4075E-11 9.0881E-11 8.9877E-11 8.8812E-11 8.7688E-11 8.6510E-11 8.5278E-11 8.2624E-11 8.1349E-11 8.0030E-11
7.6348E-11 8.1123E-11 8.3043E-11 8.4927E-11 8.6773E-11 8.8577E-11 9.0334E-11 9.2042E-11 9.3696E-11 9.5293E-11 9.6829E-11 9.8302E-11 9.9708E-11 1.0104E-10 1.0231E-10 1.0350E-10 1.0461E-10 1.0281E-10 1.0380E-10 1.0470E-10 1.0027E-10 1.0108E-10 1.0182E-10 9.4596E-11 9.5314E-11 9.5958E-11 9.6526E-11 9.7016E-11 9.7428E-11 9.7761E-11 9.5606E-11 9.5833E-11 9.5982E-11 9.6052E-11 9.6043E-11 9.5956E-11 9.5790E-11 9.5547E-11 9.2941E-11 9.2610E-11 9.2206E-11 9.1729E-11 9.1180E-11 9.0561E-11 8.9874E-11 8.6925E-11 8.6178E-11 8.5368E-11 8.4497E-11 8.3568E-11 8.2582E-11 8.0137E-11 7.9096E-11 7.8005E-11 7.6868E-11 7.5686E-11 7.3080E-11
5.5588E-11 5.7171E-11 6.1220E-11 6.2817E-11 6.4397E-11 6.5960E-11 6.7501E-11 6.9017E-11 7.0506E-11 7.1963E-11 7.3387E-11 7.4775E-11 7.6122E-11 7.7427E-11 7.8686E-11 7.9898E-11 8.1058E-11 8.2165E-11 8.3216E-11 8.4210E-11 8.5143E-11 8.6013E-11 8.6820E-11 8.7560E-11 8.5811E-11 8.6451E-11 8.7023E-11 8.7526E-11 8.7959E-11 8.8320E-11 8.8610E-11 8.8828E-11 8.8972E-11 8.9044E-11 8.6745E-11 8.6726E-11 8.6636E-11 8.6475E-11 8.6243E-11 8.5942E-11 8.5573E-11 8.5135E-11 8.2439E-11 8.1935E-11 8.1368E-11 8.0739E-11 8.0049E-11 7.9301E-11 7.8497E-11 7.6262E-11 7.5397E-11 7.4482E-11 7.3518E-11 7.2507E-11 7.0091E-11 6.9046E-11 6.7960E-11
5.1372E-11 5.2838E-11 5.4298E-11 5.5749E-11 5.7189E-11 5.8614E-11 6.0023E-11 6.1412E-11 6.2778E-11 6.4119E-11 6.5432E-11 6.6714E-11 6.7963E-11 6.9175E-11 7.0348E-11 7.1481E-11 7.2569E-11 7.3611E-11 7.4605E-11 7.5547E-11 7.6437E-11 7.7272E-11 7.8051E-11 7.8771E-11 7.9431E-11 8.0029E-11 8.0565E-11 8.1037E-11 8.1443E-11 7.9480E-11 7.9797E-11 8.0048E-11 8.0234E-11 8.0354E-11 8.0407E-11 8.0395E-11 8.0316E-11 8.0172E-11 7.9962E-11 7.7524E-11 7.7243E-11 7.6901E-11 7.6497E-11 7.6033E-11 7.5511E-11 7.4931E-11 7.2914E-11 7.2266E-11 7.1566E-11 7.0815E-11 7.0015E-11 6.7787E-11 6.6941E-11 6.6052E-11 6.5122E-11 6.4153E-11 6.3147E-11
4.5305E-11 4.6628E-11 4.7948E-11 4.9262E-11 5.0568E-11 5.1864E-11 5.3146E-11 5.4413E-11 5.7997E-11 5.9240E-11 6.0457E-11 6.1646E-11 6.2804E-11 6.3929E-11 6.5018E-11 6.6069E-11 6.7079E-11 6.8047E-11 6.8971E-11 6.9847E-11 6.8346E-11 6.9141E-11 6.9887E-11 7.0582E-11 7.1223E-11 7.1810E-11 7.2341E-11 7.2815E-11 7.3232E-11 7.3589E-11 7.3887E-11 7.4124E-11 7.4301E-11 7.4416E-11 7.2262E-11 7.2302E-11 7.2282E-11 7.2202E-11 7.2063E-11 7.1865E-11 7.1609E-11 7.1295E-11 6.9514E-11 6.9125E-11 6.8683E-11 6.8187E-11 6.7640E-11 6.7043E-11 6.5010E-11 6.4358E-11 6.3661E-11 6.2921E-11 6.2138E-11 6.1315E-11 5.9113E-11 5.8261E-11 5.7375E-11
3.9716E-11 4.0905E-11 4.2092E-11 4.5505E-11 4.6714E-11 4.7913E-11 4.9100E-11 5.0273E-11 5.1430E-11 5.2567E-11 5.3684E-11 5.4777E-11 5.5844E-11 5.6884E-11 5.7893E-11 5.8869E-11 5.9811E-11 6.0716E-11 6.1583E-11 6.2409E-11 6.3193E-11 6.3932E-11 6.4626E-11 6.5272E-11 6.5869E-11 6.6416E-11 6.6911E-11 6.7354E-11 6.7744E-11 6.5889E-11 6.6203E-11 6.6463E-11 6.6669E-11 6.6819E-11 6.6915E-11 6.6955E-11 6.6939E-11 6.6869E-11 6.5329E-11 6.5181E-11 6.4980E-11 6.4726E-11 6.4421E-11 6.4064E-11 6.3657E-11 6.1823E-11 6.1356E-11 6.0843E-11 6.0285E-11 5.9684E-11 5.9040E-11 5.7005E-11 5.6324E-11 5.5604E-11 5.4850E-11 5.4061E-11 5.3241E-11
3.5303E-11 3.6377E-11 3.8886E-11 3.9982E-11 4.1073E-11 4.2158E-11 4.3233E-11 4.4298E-11 4.5349E-11 4.6386E-11 4.7405E-11 4.8406E-11 4.9385E-11 5.0340E-11 5.1270E-11 5.2173E-11 5.3047E-11 5.3889E-11 5.4698E-11 5.5472E-11 5.6209E-11 5.6908E-11 5.7567E-11 5.8185E-11 5.8760E-11 5.9290E-11 5.9775E-11 6.0214E-11 6.0604E-11 6.0947E-11 6.1240E-11 6.1484E-11 6.1677E-11 6.0402E-11 6.0518E-11 6.0584E-11 6.0600E-11 6.0566E-11 6.0481E-11 6.0347E-11 6.0164E-11 5.8545E-11 5.8297E-11 5.8002E-11 5.7662E-11 5.7276E-11 5.6846E-11 5.6373E-11 5.4514E-11 5.3996E-11 5.3439E-11 5.2845E-11 5.2215E-11 5.1550E-11 4.9539E-11 4.8850E-11 4.8132E-11
3.1268E-11 3.2235E-11 3.3204E-11 3.5586E-11 3.6575E-11 3.7559E-11 3.8537E-11 3.9506E-11 4.0464E-11 4.1410E-11 4.3773E-11 4.4699E-11 4.5605E-11 4.6489E-11 4.7351E-11 4.8187E-11 4.8996E-11 4.9776E-11 5.0526E-11 5.1243E-11 5.1927E-11 5.2575E-11 5.3187E-11 5.3760E-11 5.4293E-11 5.4786E-11 5.3826E-11 5.4248E-11 5.4628E-11 5.4964E-11 5.5256E-11 5.5503E-11 5.5705E-11 5.5861E-11 5.5971E-11 5.6034E-11 5.6051E-11 5.4652E-11 5.4603E-11 5.4508E-11 5.4369E-11 5.4186E-11 5.3958E-11 5.3687E-11 5.2017E-11 5.1694E-11 5.1331E-11 5.0929E-11 5.0488E-11 5.0010E-11 4.9496E-11 4.7636E-11 4.7091E-11 4.6515E-11 4.5907E-11 4.5271E-11 4.4607E-11
2.7587E-11 2.8453E-11 2.9322E-11 3.1559E-11 3.2452E-11 3.3341E-11 3.4226E-11 3.5103E-11 3.5972E-11 3.8227E-11 3.9088E-11 3.9935E-11 4.0765E-11 4.1576E-11 4.2368E-11 4.3138E-11 4.3884E-11 4.4605E-11 4.5300E-11 4.5966E-11 4.6603E-11 4.7208E-11 4.7781E-11 4.8320E-11 4.8824E-11 4.9292E-11 4.9723E-11 5.0115E-11 5.0468E-11 5.0780E-11 4.9669E-11 4.9916E-11 5.0122E-11 5.0288E-11 5.0412E-11 5.0494E-11 5.0534E-11 5.0532E-11 5.0489E-11 5.0403E-11 4.8930E-11 4.8789E-11 4.8608E-11 4.8388E-11 4.8129E-11 4.7832E-11 4.7498E-11 4.5799E-11 4.5425E-11 4.5017E-11 4.4577E-11 4.4104E-11 4.3601E-11 4.3068E-11 4.1228E-11 4.0677E-11 4.0100E-11
