Assets/Resources/2015_m01_d13_2200(utc+0800)_l00_csi_1hr_conc.grd
DSAA
         159         159
     -79.000      79.000
     -79.000      79.000
  0.0000E+00  0.4215E-05
[rows 25 to 49 of 159, columns 0 to 56 of 159]
2.4116E-09 2.4867E-09 2.5623E-09 2.6354E-09 2.7036E-09 2.7670E-09 2.8262E-09 2.8805E-09 2.9272E-09 2.9651E-09 2.9941E-09 3.0149E-09 3.0274E-09 3.0296E-09 3.0213E-09 3.0007E-09 2.9675E-09 2.9212E-09 2.8619E-09 2.7890E-09 2.7033E-09 2.6051E-09 2.4957E-09 2.3762E-09 2.2475E-09 2.1121E-09 1.9717E-09 1.8295E-09 1.6870E-09 1.5472E-09 1.4092E-09 1.2701E-09 1.1387E-09 1.0245E-09 9.1397E-10 8.2731E-10 7.4786E-10 6.8443E-10 6.1900E-10 5.5785E-10 5.0098E-10 4.4667E-10 3.9486E-10 3.4718E-10 3.0322E-10 2.6293E-10 2.2293E-10 1.8710E-10 1.3972E-10 8.4228E-11 6.0202E-11 4.0696E-11 2.6457E-11 2.0423E-11 1.7610E-11 1.5131E-11 1.2076E-11
2.5668E-09 2.6523E-09 2.7360E-09 2.8156E-09 2.8917E-09 2.9650E-09 3.0328E-09 3.0931E-09 3.1463E-09 3.1913E-09 3.2280E-09 3.2549E-09 3.2704E-09 3.2761E-09 3.2702E-09 3.2523E-09 3.2211E-09 3.1757E-09 3.1154E-09 3.0408E-09 2.9521E-09 2.8493E-09 2.7333E-09 2.6053E-09 2.4677E-09 2.3220E-09 2.1712E-09 2.0170E-09 1.8627E-09 1.7111E-09 1.5612E-09 1.4102E-09 1.2727E-09 1.1428E-09 1.0275E-09 9.2710E-10 8.3926E-10 7.6889E-10 7.0034E-10 6.2974E-10 5.6431E-10 5.0410E-10 4.4689E-10 3.9357E-10 3.4415E-10 2.9697E-10 2.5568E-10 2.1501E-10 1.7392E-10 1.1481E-10 8.2994E-11 6.1816E-11 3.9190E-11 2.5114E-11 1.9207E-11 1.6503E-11 1.4130E-11
2.7307E-09 2.8245E-09 2.9156E-09 3.0048E-09 3.0916E-09 3.1730E-09 3.2474E-09 3.3164E-09 3.3786E-09 3.4321E-09 3.4759E-09 3.5083E-09 3.5298E-09 3.5396E-09 3.5372E-09 3.5226E-09 3.4933E-09 3.4486E-09 3.3880E-09 3.3112E-09 3.2181E-09 3.1098E-09 2.9871E-09 2.8513E-09 2.7041E-09 2.5490E-09 2.3869E-09 2.2212E-09 2.0549E-09 1.8907E-09 1.7281E-09 1.5644E-09 1.4150E-09 1.2793E-09 1.1477E-09 1.0375E-09 9.4097E-10 8.6335E-10 7.8659E-10 7.1210E-10 6.3635E-10 5.6536E-10 5.0092E-10 4.4135E-10 3.8565E-10 3.3472E-10 2.8817E-10 2.4630E-10 2.0638E-10 1.4590E-10 1.0533E-10 7.2885E-11 5.3272E-11 3.0607E-11 2.3670E-11 1.7936E-11 1.5356E-11
2.9000E-09 3.0023E-09 3.1043E-09 3.2043E-09 3.2992E-09 3.3883E-09 3.4731E-09 3.5524E-09 3.6233E-09 3.6854E-09 3.7366E-09 3.7768E-09 3.8060E-09 3.8213E-09 3.8236E-09 3.8113E-09 3.7844E-09 3.7406E-09 3.6794E-09 3.6005E-09 3.5040E-09 3.3911E-09 3.2627E-09 3.1194E-09 2.9629E-09 2.7959E-09 2.6210E-09 2.4417E-09 2.2615E-09 2.0834E-09 1.9072E-09 1.7350E-09 1.5676E-09 1.4199E-09 1.2767E-09 1.1559E-09 1.0501E-09 9.6371E-10 8.7873E-10 7.9658E-10 7.1657E-10 6.3547E-10 5.6395E-10 4.9687E-10 4.3476E-10 3.7440E-10 3.2240E-10 2.7580E-10 2.3411E-10 1.7268E-10 1.2652E-10 1.0031E-10 7.0767E-11 5.1295E-11 3.1903E-11 2.4816E-11 1.8950E-11
3.0745E-09 3.1887E-09 3.3014E-09 3.4099E-09 3.5142E-09 3.6142E-09 3.7103E-09 3.7986E-09 3.8799E-09 3.9509E-09 4.0115E-09 4.0616E-09 4.0980E-09 4.1210E-09 4.1283E-09 4.1195E-09 4.0942E-09 4.0522E-09 3.9911E-09 3.9119E-09 3.8135E-09 3.6956E-09 3.5593E-09 3.4065E-09 3.2396E-09 3.0606E-09 2.8729E-09 2.6799E-09 2.4859E-09 2.2940E-09 2.1038E-09 1.9179E-09 1.7371E-09 1.5769E-09 1.4209E-09 1.2891E-09 1.1781E-09 1.0773E-09 9.8352E-10 8.9107E-10 8.0123E-10 7.1541E-10 6.2958E-10 5.5487E-10 4.8565E-10 4.2166E-10 3.6363E-10 3.1130E-10 2.6182E-10 2.0302E-10 1.5325E-10 1.1721E-10 9.0318E-11 6.3944E-11 4.4450E-11 3.2711E-11 2.3184E-11
3.2571E-09 3.3819E-09 3.5035E-09 3.6223E-09 3.7379E-09 3.8501E-09 3.9560E-09 4.0560E-09 4.1481E-09 4.2295E-09 4.3017E-09 4.3611E-09 4.4066E-09 4.4373E-09 4.4506E-09 4.4465E-09 4.4255E-09 4.3858E-09 4.3265E-09 4.2453E-09 4.1429E-09 4.0195E-09 3.8763E-09 3.7149E-09 3.5381E-09 3.3480E-09 3.1477E-09 2.9404E-09 2.7306E-09 2.5228E-09 2.3168E-09 2.1155E-09 1.9200E-09 1.7459E-09 1.5829E-09 1.4330E-09 1.3110E-09 1.2005E-09 1.0962E-09 9.9412E-10 8.9551E-10 8.0104E-10 7.0987E-10 6.2219E-10 5.4462E-10 4.7008E-10 4.0557E-10 3.4746E-10 2.9584E-10 2.3786E-10 1.7818E-10 1.4467E-10 1.1786E-10 8.7301E-11 6.1197E-11 4.2202E-11 3.0703E-11
3.4451E-09 3.5790E-09 3.7116E-09 3.8422E-09 3.9705E-09 4.0936E-09 4.2111E-09 4.3240E-09 4.4276E-09 4.5223E-09 4.6055E-09 4.6743E-09 4.7304E-09 4.7696E-09 4.7913E-09 4.7957E-09 4.7788E-09 4.7410E-09 4.6814E-09 4.5993E-09 4.4940E-09 4.3669E-09 4.2180E-09 4.0484E-09 3.8598E-09 3.6565E-09 3.4417E-09 3.2193E-09 2.9936E-09 2.7691E-09 2.5463E-09 2.3288E-09 2.1176E-09 1.9291E-09 1.7523E-09 1.5941E-09 1.4563E-09 1.3343E-09 1.2192E-09 1.1069E-09 9.9759E-10 8.9277E-10 7.9365E-10 6.9628E-10 6.0752E-10 5.2723E-10 4.5529E-10 3.9060E-10 3.2990E-10 2.7047E-10 2.0798E-10 1.6560E-10 1.3908E-10 1.0552E-10 8.7007E-11 6.0990E-11 3.9765E-11
3.6357E-09 3.7812E-09 3.9264E-09 4.0695E-09 4.2094E-09 4.3438E-09 4.4760E-09 4.6019E-09 4.7192E-09 4.8267E-09 4.9206E-09 5.0024E-09 5.0692E-09 5.1192E-09 5.1521E-09 5.1628E-09 5.1513E-09 5.1166E-09 5.0580E-09 4.9769E-09 4.8707E-09 4.7385E-09 4.5821E-09 4.4030E-09 4.2035E-09 3.9864E-09 3.7563E-09 3.5178E-09 3.2755E-09 3.0340E-09 2.7942E-09 2.5594E-09 2.3316E-09 2.1280E-09 1.9361E-09 1.7646E-09 1.6138E-09 1.4799E-09 1.3538E-09 1.2295E-09 1.1089E-09 9.9355E-10 8.8300E-10 7.7920E-10 6.7730E-10 5.8795E-10 5.0825E-10 4.3663E-10 3.7157E-10 3.1112E-10 2.4024E-10 1.9192E-10 1.5874E-10 1.3461E-10 1.0108E-10 7.4707E-11 5.2931E-11
3.8292E-09 3.9883E-09 4.1459E-09 4.3017E-09 4.4538E-09 4.6032E-09 4.7497E-09 4.8891E-09 5.0213E-09 5.1410E-09 5.2486E-09 5.3443E-09 5.4238E-09 5.4862E-09 5.5281E-09 5.5472E-09 5.5429E-09 5.5144E-09 5.4598E-09 5.3778E-09 5.2691E-09 5.1326E-09 4.9688E-09 4.7799E-09 4.5689E-09 4.3387E-09 4.0931E-09 3.8374E-09 3.5772E-09 3.3177E-09 3.0596E-09 2.8012E-09 2.5626E-09 2.3422E-09 2.1350E-09 1.9489E-09 1.7843E-09 1.6383E-09 1.4995E-09 1.3628E-09 1.2305E-09 1.1023E-09 9.8051E-10 8.6603E-10 7.5637E-10 6.5456E-10 5.6652E-10 4.8753E-10 4.1596E-10 3.5365E-10 2.7972E-10 2.2127E-10 1.8105E-10 1.5342E-10 1.2907E-10 9.5937E-11 7.0412E-11
4.0253E-09 4.1974E-09 4.3693E-09 4.5379E-09 4.7050E-09 4.8699E-09 5.0299E-09 5.1856E-09 5.3313E-09 5.4653E-09 5.5900E-09 5.6997E-09 5.7922E-09 5.8668E-09 5.9191E-09 5.9498E-09 5.9560E-09 5.9337E-09 5.8822E-09 5.8015E-09 5.6895E-09 5.5488E-09 5.3788E-09 5.1807E-09 4.9574E-09 4.7129E-09 4.4514E-09 4.1779E-09 3.8987E-09 3.6200E-09 3.3428E-09 3.0726E-09 2.8095E-09 2.5727E-09 2.3563E-09 2.1476E-09 1.9694E-09 1.8099E-09 1.6573E-09 1.5075E-09 1.3614E-09 1.2205E-09 1.0866E-09 9.6003E-10 8.4112E-10 7.2853E-10 6.3048E-10 5.4377E-10 4.6529E-10 3.9749E-10 3.2601E-10 2.5437E-10 2.0557E-10 1.7474E-10 1.4691E-10 1.1358E-10 8.7408E-11
4.2223E-09 4.4081E-09 4.5945E-09 4.7788E-09 4.9623E-09 5.1406E-09 5.3172E-09 5.4891E-09 5.6493E-09 5.8023E-09 5.9416E-09 6.0652E-09 6.1733E-09 6.2610E-09 6.3278E-09 6.3709E-09 6.3857E-09 6.3711E-09 6.3248E-09 6.2452E-09 6.1334E-09 5.9883E-09 5.8115E-09 5.6039E-09 5.3681E-09 5.1087E-09 4.8304E-09 4.5389E-09 4.2400E-09 3.9406E-09 3.6481E-09 3.3544E-09 3.0726E-09 2.8189E-09 2.5857E-09 2.3614E-09 2.1684E-09 1.9942E-09 1.8277E-09 1.6634E-09 1.5030E-09 1.3488E-09 1.2014E-09 1.0621E-09 9.3173E-10 8.1161E-10 7.0054E-10 6.0537E-10 5.1980E-10 4.4586E-10 3.7212E-10 2.9438E-10 2.3633E-10 1.9811E-10 1.6709E-10 1.4177E-10 1.0685E-10
4.4211E-09 4.6193E-09 4.8194E-09 5.0228E-09 5.2219E-09 5.4171E-09 5.6107E-09 5.7975E-09 5.9783E-09 6.1474E-09 6.3008E-09 6.4425E-09 6.5660E-09 6.6705E-09 6.7516E-09 6.8061E-09 6.8315E-09 6.8258E-09 6.7857E-09 6.7105E-09 6.5986E-09 6.4500E-09 6.2660E-09 6.0487E-09 5.8006E-09 5.5255E-09 5.2291E-09 4.9186E-09 4.5999E-09 4.2805E-09 3.9683E-09 3.6672E-09 3.3661E-09 3.0814E-09 2.8322E-09 2.5926E-09 2.3841E-09 2.1957E-09 2.0141E-09 1.8343E-09 1.6591E-09 1.4892E-09 1.3264E-09 1.1726E-09 1.0304E-09 9.0070E-10 7.7887E-10 6.7379E-10 5.7956E-10 4.9842E-10 4.2247E-10 3.3941E-10 2.6919E-10 2.2688E-10 1.9175E-10 1.5823E-10 1.2368E-10
4.6208E-09 4.8307E-09 5.0469E-09 5.2662E-09 5.4819E-09 5.6974E-09 5.9079E-09 6.1144E-09 6.3128E-09 6.4967E-09 6.6701E-09 6.8300E-09 6.9707E-09 7.0912E-09 7.1869E-09 7.2546E-09 7.2931E-09 7.2974E-09 7.2648E-09 7.1942E-09 7.0832E-09 6.9320E-09 6.7414E-09 6.5135E-09 6.2523E-09 5.9620E-09 5.6482E-09 5.3175E-09 4.9788E-09 4.6399E-09 4.3104E-09 3.9910E-09 3.6824E-09 3.3762E-09 3.0946E-09 2.8363E-09 2.6116E-09 2.4073E-09 2.2092E-09 2.0142E-09 1.8230E-09 1.6386E-09 1.4627E-09 1.2968E-09 1.1423E-09 1.0008E-09 8.6655E-10 7.4783E-10 6.4566E-10 5.5600E-10 4.7621E-10 3.9186E-10 3.0831E-10 2.5622E-10 2.1664E-10 1.8157E-10 1.4817E-10
4.8211E-09 5.0442E-09 5.2744E-09 5.5068E-09 5.7427E-09 5.9784E-09 6.2092E-09 6.4354E-09 6.6499E-09 6.8533E-09 7.0475E-09 7.2244E-09 7.3839E-09 7.5221E-09 7.6326E-09 7.7170E-09 7.7683E-09 7.7829E-09 7.7592E-09 7.6939E-09 7.5851E-09 7.4313E-09 7.2349E-09 6.9976E-09 6.7232E-09 6.4175E-09 6.0870E-09 5.7377E-09 5.3771E-09 5.0164E-09 4.6666E-09 4.3317E-09 4.0113E-09 3.6871E-09 3.3637E-09 3.0975E-09 2.8591E-09 2.6377E-09 2.4239E-09 2.2121E-09 2.0043E-09 1.8029E-09 1.6109E-09 1.4294E-09 1.2620E-09 1.1068E-09 9.6448E-10 8.2916E-10 7.1780E-10 6.1974E-10 5.3058E-10 4.4871E-10 3.5520E-10 2.8907E-10 2.4423E-10 2.0469E-10 1.6987E-10
5.0200E-09 5.2589E-09 5.5006E-09 5.7480E-09 6.0016E-09 6.2574E-09 6.5123E-09 6.7579E-09 6.9900E-09 7.2165E-09 7.4291E-09 7.6255E-09 7.8046E-09 7.9598E-09 8.0896E-09 8.1896E-09 8.2540E-09 8.2814E-09 8.2669E-09 8.2070E-09 8.1004E-09 7.9464E-09 7.7448E-09 7.4994E-09 7.2137E-09 6.8923E-09 6.5412E-09 6.1697E-09 5.7873E-09 5.4085E-09 5.0413E-09 4.6908E-09 4.3533E-09 4.0287E-09 3.7015E-09 3.3852E-09 3.1362E-09 2.8899E-09 2.6522E-09 2.4233E-09 2.1991E-09 1.9818E-09 1.7737E-09 1.5774E-09 1.3949E-09 1.2286E-09 1.0720E-09 9.3052E-10 8.0073E-10 6.8675E-10 5.9176E-10 5.0506E-10 4.0981E-10 3.2622E-10 2.7446E-10 2.3017E-10 1.9087E-10
5.2192E-09 5.4710E-09 5.7266E-09 5.9895E-09 6.2577E-09 6.5344E-09 6.8115E-09 7.0782E-09 7.3356E-09 7.5820E-09 7.8128E-09 8.0314E-09 8.2291E-09 8.4045E-09 8.5535E-09 8.6690E-09 8.7497E-09 8.7894E-09 8.7837E-09 8.7311E-09 8.6281E-09 8.4743E-09 8.2706E-09 8.0165E-09 7.7162E-09 7.3770E-09 7.0073E-09 6.6174E-09 6.2190E-09 5.8230E-09 5.4367E-09 5.0656E-09 4.7109E-09 4.3635E-09 4.0394E-09 3.6901E-09 3.4179E-09 3.1537E-09 2.8979E-09 2.6514E-09 2.4095E-09 2.1749E-09 1.9505E-09 1.7386E-09 1.5414E-09 1.3583E-09 1.1933E-09 1.0427E-09 8.9410E-10 7.7564E-10 6.6236E-10 5.6304E-10 4.6957E-10 3.7179E-10 3.0739E-10 2.5786E-10 2.1384E-10
5.4146E-09 5.6794E-09 5.9528E-09 6.2305E-09 6.5139E-09 6.8078E-09 7.1034E-09 7.3974E-09 7.6796E-09 7.9455E-09 8.1997E-09 8.4390E-09 8.6572E-09 8.8540E-09 9.0204E-09 9.1551E-09 9.2508E-09 9.3032E-09 9.3088E-09 9.2634E-09 9.1662E-09 9.0134E-09 8.8034E-09 8.5402E-09 8.2283E-09 7.8759E-09 7.4915E-09 7.0817E-09 6.6621E-09 6.2457E-09 5.8419E-09 5.4531E-09 5.0843E-09 4.7326E-09 4.3804E-09 4.0519E-09 3.7307E-09 3.4473E-09 3.1609E-09 2.8967E-09 2.6370E-09 2.3850E-09 2.1442E-09 1.9172E-09 1.7049E-09 1.5083E-09 1.3237E-09 1.1599E-09 1.0023E-09 8.6446E-10 7.4301E-10 6.3338E-10 5.3564E-10 4.2559E-10 3.4350E-10 2.8776E-10 2.3859E-10
5.6037E-09 5.8860E-09 6.1758E-09 6.4688E-09 6.7692E-09 7.0766E-09 7.3931E-09 7.7109E-09 8.0151E-09 8.3077E-09 8.5854E-09 8.8446E-09 9.0870E-09 9.3041E-09 9.4905E-09 9.6425E-09 9.7544E-09 9.8210E-09 9.8385E-09 9.8029E-09 9.7085E-09 9.5540E-09 9.3404E-09 9.0724E-09 8.7532E-09 8.3875E-09 7.9827E-09 7.5536E-09 7.1191E-09 6.6892E-09 6.2701E-09 5.8649E-09 5.4804E-09 5.1130E-09 4.7661E-09 4.4229E-09 4.0576E-09 3.7559E-09 3.4557E-09 3.1660E-09 2.8873E-09 2.6169E-09 2.3587E-09 2.1137E-09 1.8841E-09 1.6703E-09 1.4738E-09 1.2959E-09 1.1222E-09 9.7671E-10 8.3684E-10 7.1517E-10 6.0796E-10 4.8977E-10 3.8475E-10 3.2032E-10 2.6526E-10
5.7890E-09 6.0874E-09 6.3922E-09 6.7040E-09 7.0210E-09 7.3430E-09 7.6793E-09 8.0149E-09 8.3435E-09 8.6640E-09 8.9662E-09 9.2500E-09 9.5139E-09 9.7509E-09 9.9579E-09 1.0129E-08 1.0257E-08 1.0340E-08 1.0370E-08 1.0340E-08 1.0249E-08 1.0096E-08 9.8843E-09 9.6109E-09 9.2795E-09 8.8974E-09 8.4762E-09 8.0349E-09 7.5869E-09 7.1409E-09 6.7037E-09 6.2830E-09 5.8850E-09 5.5070E-09 5.1503E-09 4.7938E-09 4.4209E-09 4.0751E-09 3.7545E-09 3.4448E-09 3.1474E-09 2.8588E-09 2.5834E-09 2.3226E-09 2.0772E-09 1.8487E-09 1.6352E-09 1.4405E-09 1.2573E-09 1.0957E-09 9.4099E-10 8.0730E-10 6.8798E-10 5.6291E-10 4.4422E-10 3.5540E-10 2.9420E-10
5.9686E-09 6.2818E-09 6.6031E-09 6.9319E-09 7.2654E-09 7.6093E-09 7.9604E-09 8.3106E-09 8.6631E-09 9.0080E-09 9.3392E-09 9.6491E-09 9.9335E-09 1.0193E-08 1.0420E-08 1.0610E-08 1.0758E-08 1.0855E-08 1.0894E-08 1.0872E-08 1.0788E-08 1.0641E-08 1.0425E-08 1.0143E-08 9.8016E-09 9.4090E-09 8.9768E-09 8.5223E-09 8.0573E-09 7.5979E-09 7.1477E-09 6.7167E-09 6.3072E-09 5.9242E-09 5.5481E-09 5.1763E-09 4.7974E-09 4.4203E-09 4.0816E-09 3.7432E-09 3.4289E-09 3.1251E-09 2.8322E-09 2.5538E-09 2.2915E-09 2.0459E-09 1.8184E-09 1.6066E-09 1.4098E-09 1.2288E-09 1.0598E-09 9.1096E-10 7.7734E-10 6.5264E-10 5.1684E-10 4.0600E-10 3.2545E-10
6.1400E-09 6.4681E-09 6.8060E-09 7.1501E-09 7.5042E-09 7.8684E-09 8.2336E-09 8.6016E-09 8.9726E-09 9.3401E-09 9.6993E-09 1.0035E-08 1.0345E-08 1.0626E-08 1.0874E-08 1.1084E-08 1.1248E-08 1.1357E-08 1.1408E-08 1.1399E-08 1.1322E-08 1.1174E-08 1.0955E-08 1.0669E-08 1.0321E-08 9.9168E-09 9.4730E-09 9.0088E-09 8.5370E-09 8.0677E-09 7.6063E-09 7.1637E-09 6.7446E-09 6.3568E-09 5.9789E-09 5.5808E-09 5.1914E-09 4.7877E-09 4.4327E-09 4.0808E-09 3.7423E-09 3.4178E-09 3.1060E-09 2.8079E-09 2.5269E-09 2.2642E-09 2.0185E-09 1.7892E-09 1.5774E-09 1.3775E-09 1.1928E-09 1.0360E-09 8.7898E-10 7.3329E-10 5.9683E-10 4.6883E-10 3.8060E-10
6.3023E-09 6.6462E-09 6.9977E-09 7.3590E-09 7.7338E-09 8.1150E-09 8.4994E-09 8.8855E-09 9.2701E-09 9.6597E-09 1.0042E-08 1.0405E-08 1.0742E-08 1.1045E-08 1.1316E-08 1.1544E-08 1.1722E-08 1.1846E-08 1.1913E-08 1.1912E-08 1.1839E-08 1.1692E-08 1.1474E-08 1.1184E-08 1.0827E-08 1.0413E-08 9.9651E-09 9.4950E-09 9.0154E-09 8.5327E-09 8.0616E-09 7.6132E-09 7.1923E-09 6.8024E-09 6.4101E-09 6.0005E-09 5.6020E-09 5.1845E-09 4.7870E-09 4.4184E-09 4.0643E-09 3.7244E-09 3.3971E-09 3.0837E-09 2.7853E-09 2.5051E-09 2.2423E-09 1.9970E-09 1.7673E-09 1.5500E-09 1.3429E-09 1.1628E-09 9.9478E-10 8.4151E-10 6.8712E-10 5.3874E-10 4.4012E-10
6.4565E-09 6.8130E-09 7.1778E-09 7.5586E-09 7.9492E-09 8.3484E-09 8.7537E-09 9.1559E-09 9.5599E-09 9.9651E-09 1.0365E-08 1.0754E-08 1.1118E-08 1.1449E-08 1.1739E-08 1.1983E-08 1.2178E-08 1.2320E-08 1.2398E-08 1.2404E-08 1.2336E-08 1.2194E-08 1.1975E-08 1.1678E-08 1.1315E-08 1.0899E-08 1.0448E-08 9.9717E-09 9.4834E-09 8.9964E-09 8.5266E-09 8.0785E-09 7.6610E-09 7.2615E-09 6.8565E-09 6.4382E-09 6.0196E-09 5.5875E-09 5.1754E-09 4.7929E-09 4.4259E-09 4.0712E-09 3.7253E-09 3.3923E-09 3.0757E-09 2.7749E-09 2.4919E-09 2.2258E-09 1.9755E-09 1.7389E-09 1.5161E-09 1.3098E-09 1.1211E-09 9.5773E-10 7.9144E-10 6.2316E-10 5.0859E-10
6.5980E-09 6.9657E-09 7.3486E-09 7.7446E-09 8.1498E-09 8.5689E-09 8.9911E-09 9.4143E-09 9.8364E-09 1.0255E-08 1.0672E-08 1.1080E-08 1.1470E-08 1.1827E-08 1.2137E-08 1.2399E-08 1.2613E-08 1.2768E-08 1.2855E-08 1.2870E-08 1.2811E-08 1.2670E-08 1.2447E-08 1.2150E-08 1.1785E-08 1.1366E-08 1.0910E-08 1.0431E-08 9.9460E-09 9.4625E-09 8.9908E-09 8.5440E-09 8.1317E-09 7.7229E-09 7.3088E-09 6.8861E-09 6.4484E-09 6.0127E-09 5.5926E-09 5.1831E-09 4.7996E-09 4.4266E-09 4.0655E-09 3.7162E-09 3.3816E-09 3.0648E-09 2.7652E-09 2.4810E-09 2.2117E-09 1.9529E-09 1.7080E-09 1.4789E-09 1.2681E-09 1.0832E-09 8.9932E-10 7.2373E-10 5.9822E-10
6.7255E-09 7.1065E-09 7.5045E-09 7.9116E-09 8.3362E-09 8.7724E-09 9.2116E-09 9.6535E-09 1.0093E-08 1.0528E-08 1.0959E-08 1.1384E-08 1.1793E-08 1.2170E-08 1.2505E-08 1.2789E-08 1.3018E-08 1.3184E-08 1.3281E-08 1.3307E-08 1.3252E-08 1.3111E-08 1.2891E-08 1.2593E-08 1.2225E-08 1.1805E-08 1.1352E-08 1.0882E-08 1.0398E-08 9.9166E-09 9.4514E-09 9.0161E-09 8.6048E-09 8.1914E-09 7.7696E-09 7.3414E-09 6.8969E-09 6.4552E-09 6.0133E-09 5.5978E-09 5.1949E-09 4.8114E-09 4.4388E-09 4.0800E-09 3.7297E-09 3.3925E-09 3.0713E-09 2.7665E-09 2.4751E-09 2.1957E-09 1.9267E-09 1.6729E-09 1.4329E-09 1.2215E-09 1.0299E-09 8.4279E-10 6.8825E-10
