Assets/Resources/2015_m01_d27_0300(utc+0800)_l00_csi_1hr_conc.grd
DSAA
         159         159
     -79.000      79.000
     -79.000      79.000
  0.0000E+00  0.3745E-05
[rows 0 to 24 of 159, columns 57 to 113 of 159]
5.1745E-10 6.2223E-10 7.4221E-10 8.7797E-10 1.0287E-09 1.1977E-09 1.3821E-09 1.5806E-09 1.7949E-09 2.0210E-09 2.2563E-09 2.4984E-09 2.7438E-09 2.9880E-09 3.2257E-09 3.4523E-09 3.6625E-09 3.8519E-09 4.0157E-09 4.1498E-09 4.2504E-09 4.3148E-09 4.3408E-09 4.3274E-09 4.2752E-09 4.1858E-09 4.0616E-09 3.9049E-09 3.7193E-09 3.5101E-09 3.2819E-09 3.0404E-09 2.7916E-09 2.5402E-09 2.2901E-09 2.0453E-09 1.8101E-09 1.5871E-09 1.3789E-09 1.1867E-09 1.0114E-09 8.5440E-10 7.1447E-10 5.9235E-10 4.8590E-10 3.9455E-10 3.1631E-10 2.5189E-10 1.9647E-10 1.4831E-10 1.0892E-10 7.7518E-11 5.4627E-11 3.8082E-11 2.3399E-11 1.1994E-11 2.7296E-12
5.3417E-10 6.4407E-10 7.7139E-10 9.1439E-10 1.0770E-09 1.2565E-09 1.4530E-09 1.6682E-09 1.8986E-09 2.1419E-09 2.3979E-09 2.6620E-09 2.9295E-09 3.1955E-09 3.4557E-09 3.7049E-09 3.9372E-09 4.1470E-09 4.3291E-09 4.4789E-09 4.5920E-09 4.6651E-09 4.6969E-09 4.6855E-09 4.6313E-09 4.5355E-09 4.4010E-09 4.2310E-09 4.0304E-09 3.8042E-09 3.5579E-09 3.2963E-09 3.0252E-09 2.7503E-09 2.4785E-09 2.2130E-09 1.9579E-09 1.7159E-09 1.4903E-09 1.2822E-09 1.0923E-09 9.2159E-10 7.7145E-10 6.3906E-10 5.2465E-10 4.2645E-10 3.4089E-10 2.7170E-10 2.1244E-10 1.6215E-10 1.1821E-10 8.5228E-11 6.0508E-11 4.2153E-11 2.5876E-11 1.2986E-11 2.8679E-12
5.4731E-10 6.6398E-10 7.9621E-10 9.4867E-10 1.1194E-09 1.3092E-09 1.5195E-09 1.7480E-09 1.9945E-09 2.2583E-09 2.5346E-09 2.8190E-09 3.1083E-09 3.3982E-09 3.6822E-09 3.9551E-09 4.2104E-09 4.4412E-09 4.6420E-09 4.8079E-09 4.9344E-09 5.0175E-09 5.0549E-09 5.0453E-09 4.9891E-09 4.8879E-09 4.7443E-09 4.5617E-09 4.3451E-09 4.1000E-09 3.8329E-09 3.5498E-09 3.2586E-09 2.9624E-09 2.6679E-09 2.3802E-09 2.1054E-09 1.8447E-09 1.6014E-09 1.3776E-09 1.1742E-09 9.9096E-10 8.2820E-10 6.8681E-10 5.6376E-10 4.5885E-10 3.6556E-10 2.9190E-10 2.2919E-10 1.7560E-10 1.2846E-10 9.3294E-11 6.6547E-11 4.6099E-11 2.8937E-11 1.3704E-11 2.9915E-12
5.5912E-10 6.8004E-10 8.1927E-10 9.7880E-10 1.1583E-09 1.3608E-09 1.5834E-09 1.8283E-09 2.0939E-09 2.3760E-09 2.6720E-09 2.9798E-09 3.2944E-09 3.6104E-09 3.9202E-09 4.2178E-09 4.4971E-09 4.7510E-09 4.9728E-09 5.1566E-09 5.2974E-09 5.3909E-09 5.4350E-09 5.4280E-09 5.3702E-09 5.2624E-09 5.1082E-09 4.9113E-09 4.6775E-09 4.4139E-09 4.1251E-09 3.8189E-09 3.5026E-09 3.1826E-09 2.8658E-09 2.5555E-09 2.2576E-09 1.9775E-09 1.7162E-09 1.4753E-09 1.2561E-09 1.0605E-09 8.8710E-10 7.3443E-10 6.0297E-10 4.8983E-10 3.9022E-10 3.1176E-10 2.4446E-10 1.8797E-10 1.3858E-10 1.0024E-10 7.2627E-11 5.0291E-11 3.0971E-11 1.4297E-11 3.5784E-12
5.6823E-10 6.9287E-10 8.3878E-10 1.0042E-09 1.1941E-09 1.4058E-09 1.6425E-09 1.9030E-09 2.1835E-09 2.4850E-09 2.8042E-09 3.1374E-09 3.4769E-09 3.8185E-09 4.1556E-09 4.4800E-09 4.7854E-09 5.0638E-09 5.3075E-09 5.5103E-09 5.6665E-09 5.7719E-09 5.8229E-09 5.8181E-09 5.7577E-09 5.6433E-09 5.4787E-09 5.2676E-09 5.0164E-09 4.7318E-09 4.4205E-09 4.0904E-09 3.7493E-09 3.4037E-09 3.0618E-09 2.7300E-09 2.4107E-09 2.1088E-09 1.8296E-09 1.5729E-09 1.3395E-09 1.1295E-09 9.4463E-10 7.8315E-10 6.4269E-10 5.2134E-10 4.1355E-10 3.3078E-10 2.6034E-10 2.0026E-10 1.4954E-10 1.0809E-10 7.8556E-11 5.4319E-11 3.2921E-11 1.5453E-11 3.5803E-12
5.7253E-10 7.0341E-10 8.5325E-10 1.0271E-09 1.2240E-09 1.4485E-09 1.6994E-09 1.9737E-09 2.2739E-09 2.5974E-09 2.9401E-09 3.2970E-09 3.6640E-09 4.0337E-09 4.3999E-09 4.7531E-09 5.0855E-09 5.3897E-09 5.6574E-09 5.8810E-09 6.0541E-09 6.1716E-09 6.2303E-09 6.2288E-09 6.1663E-09 6.0450E-09 5.8681E-09 5.6410E-09 5.3707E-09 5.0639E-09 4.7284E-09 4.3739E-09 4.0067E-09 3.6355E-09 3.2671E-09 2.9091E-09 2.5673E-09 2.2454E-09 1.9440E-09 1.6696E-09 1.4222E-09 1.1999E-09 1.0018E-09 8.2978E-10 6.7994E-10 5.4993E-10 4.3681E-10 3.4933E-10 2.7495E-10 2.1204E-10 1.5870E-10 1.1518E-10 8.4159E-11 5.7611E-11 3.4549E-11 1.5746E-11 3.6118E-12
5.7562E-10 7.0975E-10 8.6512E-10 1.0446E-09 1.2518E-09 1.4871E-09 1.7481E-09 2.0392E-09 2.3587E-09 2.7023E-09 3.0687E-09 3.4516E-09 3.8474E-09 4.2460E-09 4.6417E-09 5.0255E-09 5.3880E-09 5.7201E-09 6.0133E-09 6.2590E-09 6.4501E-09 6.5811E-09 6.6479E-09 6.6485E-09 6.5832E-09 6.4537E-09 6.2645E-09 6.0209E-09 5.7312E-09 5.4013E-09 5.0403E-09 4.6585E-09 4.2634E-09 3.8658E-09 3.4716E-09 3.0892E-09 2.7234E-09 2.3790E-09 2.0598E-09 1.7657E-09 1.5015E-09 1.2649E-09 1.0570E-09 8.7457E-10 7.1722E-10 5.7870E-10 4.5894E-10 3.6519E-10 2.8761E-10 2.2294E-10 1.6684E-10 1.2232E-10 8.9732E-11 6.0342E-11 3.5991E-11 1.5707E-11 3.4727E-12
5.7641E-10 7.1209E-10 8.7330E-10 1.0594E-09 1.2750E-09 1.5176E-09 1.7934E-09 2.1014E-09 2.4386E-09 2.8050E-09 3.1964E-09 3.6068E-09 4.0312E-09 4.4621E-09 4.8901E-09 5.3068E-09 5.7007E-09 6.0622E-09 6.3821E-09 6.6512E-09 6.8613E-09 7.0063E-09 7.0816E-09 7.0853E-09 7.0171E-09 6.8796E-09 6.6766E-09 6.4149E-09 6.1020E-09 5.7467E-09 5.3593E-09 4.9498E-09 4.5276E-09 4.1010E-09 3.6784E-09 3.2690E-09 2.8782E-09 2.5098E-09 2.1699E-09 1.8593E-09 1.5796E-09 1.3299E-09 1.1089E-09 9.1710E-10 7.5054E-10 6.0234E-10 4.7812E-10 3.8152E-10 3.0098E-10 2.3314E-10 1.7595E-10 1.2821E-10 9.4110E-11 6.3863E-11 3.6302E-11 1.5535E-11 3.2732E-12
5.7166E-10 7.1242E-10 8.7717E-10 1.0706E-09 1.2919E-09 1.5477E-09 1.8373E-09 2.1609E-09 2.5191E-09 2.9096E-09 3.3262E-09 3.7665E-09 4.2223E-09 4.6867E-09 5.1486E-09 5.5992E-09 6.0276E-09 6.4221E-09 6.7717E-09 7.0666E-09 7.2980E-09 7.4585E-09 7.5430E-09 7.5493E-09 7.4772E-09 7.3293E-09 7.1110E-09 6.8293E-09 6.4924E-09 6.1104E-09 5.6938E-09 5.2531E-09 4.7988E-09 4.3421E-09 3.8905E-09 3.4526E-09 3.0370E-09 2.6448E-09 2.2819E-09 1.9512E-09 1.6525E-09 1.3889E-09 1.1573E-09 9.5619E-10 7.8203E-10 6.2587E-10 4.9690E-10 3.9557E-10 3.1060E-10 2.4005E-10 1.8229E-10 1.3455E-10 9.8288E-11 6.6256E-11 3.6117E-11 1.5376E-11 2.9995E-12
5.6595E-10 7.0909E-10 8.7895E-10 1.0760E-09 1.3064E-09 1.5718E-09 1.8731E-09 2.2154E-09 2.5945E-09 3.0072E-09 3.4521E-09 3.9236E-09 4.4132E-09 4.9137E-09 5.4143E-09 5.9032E-09 6.3696E-09 6.7998E-09 7.1814E-09 7.5037E-09 7.7568E-09 7.9333E-09 8.0270E-09 8.0357E-09 7.9588E-09 7.7986E-09 7.5640E-09 7.2599E-09 6.8958E-09 6.4829E-09 6.0337E-09 5.5592E-09 5.0725E-09 4.5821E-09 4.0993E-09 3.6318E-09 3.1876E-09 2.7716E-09 2.3873E-09 2.0373E-09 1.7250E-09 1.4447E-09 1.2024E-09 9.9085E-10 8.0973E-10 6.4549E-10 5.1115E-10 4.0644E-10 3.1962E-10 2.4760E-10 1.8712E-10 1.3922E-10 1.0101E-10 6.6980E-11 3.6258E-11 1.4704E-11 2.7015E-12
5.5850E-10 7.0287E-10 8.7670E-10 1.0786E-09 1.3163E-09 1.5911E-09 1.9080E-09 2.2679E-09 2.6683E-09 3.1071E-09 3.5819E-09 4.0853E-09 4.6115E-09 5.1492E-09 5.6898E-09 6.2185E-09 6.7239E-09 7.1919E-09 7.6087E-09 7.9614E-09 8.2391E-09 8.4299E-09 8.5349E-09 8.5469E-09 8.4657E-09 8.2949E-09 8.0402E-09 7.7112E-09 7.3178E-09 6.8733E-09 6.3894E-09 5.8784E-09 5.3542E-09 4.8279E-09 4.3116E-09 3.8128E-09 3.3412E-09 2.8988E-09 2.4915E-09 2.1205E-09 1.7885E-09 1.4965E-09 1.2403E-09 1.0228E-09 8.3316E-10 6.6110E-10 5.2406E-10 4.1667E-10 3.2615E-10 2.5306E-10 1.9053E-10 1.4272E-10 1.0353E-10 6.6840E-11 3.5365E-11 1.3827E-11 2.3878E-12
5.4658E-10 6.9604E-10 8.7035E-10 1.0780E-09 1.3216E-09 1.6076E-09 1.9376E-09 2.3154E-09 2.7381E-09 3.2024E-09 3.7073E-09 4.2445E-09 4.8092E-09 5.3898E-09 5.9736E-09 6.5479E-09 7.0973E-09 7.6038E-09 8.0595E-09 8.4458E-09 8.7505E-09 8.9642E-09 9.0796E-09 9.0931E-09 9.0052E-09 8.8185E-09 8.5429E-09 8.1854E-09 7.7581E-09 7.2749E-09 6.7511E-09 6.1992E-09 5.6372E-09 5.0728E-09 4.5204E-09 3.9884E-09 3.4856E-09 3.0168E-09 2.5865E-09 2.1970E-09 1.8499E-09 1.5432E-09 1.2756E-09 1.0465E-09 8.5259E-10 6.7088E-10 5.3330E-10 4.2273E-10 3.3046E-10 2.5593E-10 1.9297E-10 1.4478E-10 1.0403E-10 6.6531E-11 3.3928E-11 1.2721E-11 2.1116E-12
5.3529E-10 6.8499E-10 8.6217E-10 1.0733E-09 1.3257E-09 1.6190E-09 1.9638E-09 2.3613E-09 2.8059E-09 3.2985E-09 3.8353E-09 4.4117E-09 5.0173E-09 5.6418E-09 6.2702E-09 6.8938E-09 7.4911E-09 8.0469E-09 8.5441E-09 8.9670E-09 9.3008E-09 9.5312E-09 9.6585E-09 9.6741E-09 9.5785E-09 9.3765E-09 9.0750E-09 8.6855E-09 8.2212E-09 7.6989E-09 7.1322E-09 6.5365E-09 5.9290E-09 5.3222E-09 4.7310E-09 4.1634E-09 3.6302E-09 3.1337E-09 2.6778E-09 2.2677E-09 1.9025E-09 1.5821E-09 1.3038E-09 1.0682E-09 8.6699E-10 6.7885E-10 5.3958E-10 4.2696E-10 3.3432E-10 2.5657E-10 1.9333E-10 1.4659E-10 1.0452E-10 6.4982E-11 3.2359E-11 1.1463E-11 1.7839E-12
5.2313E-10 6.7144E-10 8.5213E-10 1.0679E-09 1.3245E-09 1.6265E-09 1.9868E-09 2.4009E-09 2.8696E-09 3.3916E-09 3.9607E-09 4.5753E-09 5.2252E-09 5.9022E-09 6.5868E-09 7.2638E-09 7.9161E-09 8.5197E-09 9.0631E-09 9.5261E-09 9.8923E-09 1.0149E-08 1.0287E-08 1.0303E-08 1.0197E-08 9.9719E-09 9.6409E-09 9.2139E-09 8.7066E-09 8.1360E-09 7.5191E-09 6.8751E-09 6.2221E-09 5.5709E-09 4.9371E-09 4.3323E-09 3.7637E-09 3.2384E-09 2.7610E-09 2.3296E-09 1.9500E-09 1.6154E-09 1.3279E-09 1.0813E-09 8.6919E-10 6.7993E-10 5.4248E-10 4.2747E-10 3.3364E-10 2.5633E-10 1.9393E-10 1.4624E-10 1.0358E-10 6.2215E-11 3.0508E-11 1.0195E-11 9.3835E-13
5.0772E-10 6.5902E-10 8.3981E-10 1.0592E-09 1.3202E-09 1.6324E-09 2.0058E-09 2.4395E-09 2.9324E-09 3.4839E-09 4.0920E-09 4.7525E-09 5.4529E-09 6.1825E-09 6.9225E-09 7.6577E-09 8.3680E-09 9.0316E-09 9.6266E-09 1.0133E-08 1.0534E-08 1.0810E-08 1.0962E-08 1.0978E-08 1.0860E-08 1.0613E-08 1.0248E-08 9.7781E-09 9.2221E-09 8.6007E-09 7.9297E-09 7.2309E-09 6.5225E-09 5.8221E-09 5.1429E-09 4.4975E-09 3.8958E-09 3.3393E-09 2.8344E-09 2.3857E-09 1.9862E-09 1.6390E-09 1.3415E-09 1.0884E-09 8.7258E-10 6.8116E-10 5.4072E-10 4.2517E-10 3.3024E-10 2.5377E-10 1.9118E-10 1.4379E-10 1.0108E-10 5.9679E-11 2.8174E-11 7.7029E-12 1.9614E-13
4.9126E-10 6.4409E-10 8.2896E-10 1.0489E-09 1.3170E-09 1.6342E-09 2.0227E-09 2.4743E-09 2.9912E-09 3.5760E-09 4.2243E-09 4.9303E-09 5.6837E-09 6.4714E-09 7.2768E-09 8.0777E-09 8.8536E-09 9.5745E-09 1.0225E-08 1.0780E-08 1.1218E-08 1.1524E-08 1.1685E-08 1.1699E-08 1.1564E-08 1.1288E-08 1.0884E-08 1.0368E-08 9.7579E-09 9.0761E-09 8.3448E-09 7.5885E-09 6.8246E-09 6.0707E-09 5.3427E-09 4.6545E-09 4.0139E-09 3.4280E-09 2.8990E-09 2.4272E-09 2.0164E-09 1.6576E-09 1.3484E-09 1.0839E-09 8.6393E-10 6.7608E-10 5.3657E-10 4.2007E-10 3.2523E-10 2.4946E-10 1.8800E-10 1.4027E-10 9.7128E-11 5.6421E-11 2.4594E-11 4.9882E-12 0.0000E+00
4.7604E-10 6.2791E-10 8.1514E-10 1.0370E-09 1.3072E-09 1.6340E-09 2.0372E-09 2.5069E-09 3.0515E-09 3.6702E-09 4.3602E-09 5.1176E-09 5.9323E-09 6.7877E-09 7.6624E-09 8.5369E-09 9.3827E-09 1.0177E-08 1.0890E-08 1.1497E-08 1.1975E-08 1.2304E-08 1.2481E-08 1.2491E-08 1.2338E-08 1.2028E-08 1.1576E-08 1.1004E-08 1.0331E-08 9.5835E-09 8.7824E-09 7.9560E-09 7.1267E-09 6.3151E-09 5.5344E-09 4.8009E-09 4.1245E-09 3.5066E-09 2.9521E-09 2.4620E-09 2.0335E-09 1.6624E-09 1.3474E-09 1.0697E-09 8.4938E-10 6.6773E-10 5.2825E-10 4.1116E-10 3.1867E-10 2.4232E-10 1.8214E-10 1.3475E-10 9.1761E-11 5.2263E-11 2.0030E-11 2.9799E-12 0.0000E+00
4.5701E-10 6.1203E-10 7.9851E-10 1.0242E-09 1.2972E-09 1.6335E-09 2.0468E-09 2.5382E-09 3.1096E-09 3.7646E-09 4.5021E-09 5.3153E-09 6.1935E-09 7.1177E-09 8.0704E-09 9.0252E-09 9.9517E-09 1.0817E-08 1.1597E-08 1.2262E-08 1.2784E-08 1.3144E-08 1.3327E-08 1.3329E-08 1.3154E-08 1.2805E-08 1.2304E-08 1.1668E-08 1.0925E-08 1.0101E-08 9.2278E-09 8.3288E-09 7.4310E-09 6.5561E-09 5.7205E-09 4.9376E-09 4.2186E-09 3.5684E-09 2.9895E-09 2.4803E-09 2.0403E-09 1.6593E-09 1.3300E-09 1.0567E-09 8.3056E-10 6.5438E-10 5.1430E-10 3.9969E-10 3.0805E-10 2.3340E-10 1.7638E-10 1.2840E-10 8.5686E-11 4.4982E-11 1.6090E-11 1.8906E-12 0.0000E+00
4.3680E-10 5.9473E-10 7.8148E-10 1.0074E-09 1.2866E-09 1.6264E-09 2.0560E-09 2.5671E-09 3.1687E-09 3.8642E-09 4.6511E-09 5.5241E-09 6.4721E-09 7.4772E-09 8.5173E-09 9.5621E-09 1.0578E-08 1.1530E-08 1.2386E-08 1.3112E-08 1.3678E-08 1.4062E-08 1.4257E-08 1.4250E-08 1.4042E-08 1.3649E-08 1.3086E-08 1.2378E-08 1.1554E-08 1.0646E-08 9.6870E-09 8.7064E-09 7.7314E-09 6.7858E-09 5.8906E-09 5.0589E-09 4.3007E-09 3.6178E-09 3.0128E-09 2.4843E-09 2.0344E-09 1.6447E-09 1.3030E-09 1.0301E-09 8.0341E-10 6.3524E-10 4.9835E-10 3.8650E-10 2.9602E-10 2.2441E-10 1.6760E-10 1.1933E-10 7.6396E-11 3.8965E-11 1.2188E-11 9.8473E-13 0.0000E+00
4.1145E-10 5.7282E-10 7.6665E-10 9.9078E-10 1.2704E-09 1.6190E-09 2.0619E-09 2.5956E-09 3.2288E-09 3.9655E-09 4.8087E-09 5.7507E-09 6.7794E-09 7.8741E-09 9.0057E-09 1.0145E-08 1.1257E-08 1.2294E-08 1.3229E-08 1.4021E-08 1.4637E-08 1.5051E-08 1.5250E-08 1.5226E-08 1.4982E-08 1.4531E-08 1.3898E-08 1.3113E-08 1.2203E-08 1.1203E-08 1.0152E-08 9.0819E-09 8.0276E-09 7.0087E-09 6.0496E-09 5.1637E-09 4.3624E-09 3.6477E-09 3.0212E-09 2.4779E-09 2.0189E-09 1.6108E-09 1.2678E-09 9.9502E-10 7.7808E-10 6.1213E-10 4.7963E-10 3.6807E-10 2.8158E-10 2.1237E-10 1.5789E-10 1.0948E-10 6.6803E-11 3.2638E-11 8.7559E-12 1.3226E-13 0.0000E+00
3.8784E-10 5.4735E-10 7.4410E-10 9.7092E-10 1.2491E-09 1.6080E-09 2.0669E-09 2.6233E-09 3.2908E-09 4.0780E-09 4.9813E-09 5.9944E-09 7.1064E-09 8.2944E-09 9.5346E-09 1.0785E-08 1.2004E-08 1.3146E-08 1.4169E-08 1.5030E-08 1.5692E-08 1.6129E-08 1.6329E-08 1.6284E-08 1.5997E-08 1.5489E-08 1.4775E-08 1.3891E-08 1.2879E-08 1.1777E-08 1.0624E-08 9.4576E-09 8.3141E-09 7.2188E-09 6.1949E-09 5.2610E-09 4.4285E-09 3.7278E-09 3.0573E-09 2.4832E-09 1.9998E-09 1.5663E-09 1.2228E-09 9.5406E-10 7.4137E-10 5.8482E-10 4.5602E-10 3.4877E-10 2.6495E-10 1.9855E-10 1.4556E-10 9.7172E-11 5.6893E-11 2.6395E-11 5.5783E-12 0.0000E+00 0.0000E+00
3.6330E-10 5.2086E-10 7.2102E-10 9.4779E-10 1.2274E-09 1.5885E-09 2.0662E-09 2.6513E-09 3.3605E-09 4.1952E-09 5.1620E-09 6.2593E-09 7.4724E-09 8.7754E-09 1.0133E-08 1.1501E-08 1.2834E-08 1.4078E-08 1.5189E-08 1.6117E-08 1.6831E-08 1.7295E-08 1.7493E-08 1.7418E-08 1.7076E-08 1.6483E-08 1.5682E-08 1.4702E-08 1.3583E-08 1.2373E-08 1.1118E-08 9.8563E-09 8.6417E-09 7.6551E-09 6.5074E-09 5.4645E-09 4.5418E-09 3.7386E-09 3.0522E-09 2.4806E-09 1.9451E-09 1.5109E-09 1.1694E-09 9.0988E-10 7.0479E-10 5.5476E-10 4.2928E-10 3.2853E-10 2.4539E-10 1.8191E-10 1.2990E-10 8.4903E-11 4.7511E-11 2.0777E-11 3.3313E-12 0.0000E+00 0.0000E+00
3.3979E-10 4.9454E-10 6.9341E-10 9.1596E-10 1.1977E-09 1.5666E-09 2.0684E-09 2.6830E-09 3.4278E-09 4.3212E-09 5.3668E-09 6.5596E-09 7.8799E-09 9.2996E-09 1.0785E-08 1.2288E-08 1.3752E-08 1.5117E-08 1.6329E-08 1.7335E-08 1.8092E-08 1.8566E-08 1.8749E-08 1.8636E-08 1.8237E-08 1.7573E-08 1.6680E-08 1.5598E-08 1.4394E-08 1.3341E-08 1.2113E-08 1.0660E-08 9.2499E-09 7.9294E-09 6.7137E-09 5.6781E-09 5.3282E-09 4.1896E-09 3.2767E-09 2.5483E-09 1.8558E-09 1.4459E-09 1.1098E-09 8.5670E-10 6.6431E-10 5.1980E-10 4.0109E-10 3.0444E-10 2.2456E-10 1.6174E-10 1.1254E-10 7.2428E-11 3.8299E-11 1.5981E-11 2.0707E-12 0.0000E+00 0.0000E+00
3.1285E-10 4.5819E-10 6.6528E-10 8.8614E-10 1.1643E-09 1.5469E-09 2.0642E-09 2.7072E-09 3.5025E-09 4.4647E-09 5.5925E-09 6.8867E-09 8.3332E-09 9.8998E-09 1.1540E-08 1.3196E-08 1.4802E-08 1.6290E-08 1.7605E-08 1.8692E-08 1.9503E-08 2.0003E-08 2.0179E-08 2.0041E-08 1.9612E-08 1.9016E-08 1.8659E-08 1.7391E-08 1.5963E-08 1.4450E-08 1.2971E-08 1.1529E-08 1.3234E-08 1.0165E-08 8.1819E-09 6.5083E-09 5.1321E-09 4.0279E-09 3.1588E-09 2.5051E-09 1.8062E-09 1.3723E-09 1.0505E-09 8.0076E-10 6.2014E-10 4.8223E-10 3.6997E-10 2.7710E-10 2.0196E-10 1.4149E-10 9.6426E-11 6.0691E-11 3.0508E-11 1.1776E-11 1.0218E-12 0.0000E+00 0.0000E+00
2.8421E-10 4.2208E-10 6.2272E-10 8.4946E-10 1.1291E-09 1.5087E-09 2.0621E-09 2.7405E-09 3.5873E-09 4.6172E-09 5.8464E-09 7.2681E-09 8.8624E-09 1.0587E-08 1.2393E-08 1.4220E-08 1.5993E-08 1.7637E-08 1.9080E-08 2.0267E-08 2.1162E-08 2.1791E-08 2.2862E-08 2.2698E-08 2.2185E-08 2.1369E-08 2.0414E-08 1.9126E-08 1.9109E-08 2.0784E-08 1.7767E-08 1.4909E-08 1.2298E-08 9.9917E-09 8.0715E-09 7.3678E-09 5.6046E-09 4.2404E-09 3.0777E-09 2.2124E-09 1.7005E-09 1.2923E-09 9.7839E-10 7.3808E-10 5.7335E-10 4.4408E-10 3.3356E-10 2.4816E-10 1.7908E-10 1.2251E-10 8.1456E-11 4.9374E-11 2.3464E-11 8.0102E-12 4.0469E-14 0.0000E+00 0.0000E+00
