Assets/Resources/2015_m01_d15_0100(utc+0800)_l00_csi_1hr_conc.grd
DSAA
         159         159
     -79.000      79.000
     -79.000      79.000
  0.0000E+00  0.6968E-05
[rows 100 to 124 of 159, columns 57 to 113 of 159]
4.1853E-11 4.7997E-11 5.2910E-11 5.8099E-11 6.1982E-11 6.6049E-11 7.1164E-11 7.9659E-11 9.1362E-11 1.0325E-10 1.2048E-10 1.3772E-10 1.5569E-10 1.7417E-10 1.9173E-10 2.1205E-10 2.3722E-10 2.6946E-10 3.0867E-10 3.4973E-10 4.0401E-10 4.5365E-10 4.9551E-10 5.3783E-10 5.8902E-10 6.4417E-10 7.0397E-10 7.7109E-10 8.4233E-10 9.1343E-10 9.9443E-10 1.0790E-09 1.1619E-09 1.2449E-09 1.3316E-09 1.4265E-09 1.5344E-09 1.6455E-09 1.7682E-09 1.9678E-09 2.1449E-09 2.7915E-09 3.8525E-09 4.1589E-09 5.1520E-09 6.1522E-09 6.4984E-09 7.0121E-09 7.5299E-09 7.6560E-09 7.8209E-09 8.0718E-09 8.3063E-09 8.5279E-09 8.6391E-09 8.7086E-09 8.7320E-09
3.4363E-11 3.9632E-11 4.4094E-11 5.0347E-11 5.6858E-11 6.0655E-11 6.4799E-11 7.0235E-11 7.8787E-11 8.7281E-11 1.0049E-10 1.1523E-10 1.3370E-10 1.4912E-10 1.6641E-10 1.8592E-10 2.0385E-10 2.2599E-10 2.5681E-10 2.8876E-10 3.2408E-10 3.7131E-10 4.1592E-10 4.6813E-10 5.1207E-10 5.6271E-10 6.1510E-10 6.7405E-10 7.3806E-10 8.0003E-10 8.6895E-10 9.4849E-10 1.0277E-09 1.1032E-09 1.1819E-09 1.2641E-09 1.3539E-09 1.4568E-09 1.5682E-09 1.7424E-09 2.3247E-09 2.5104E-09 3.4233E-09 4.3567E-09 4.5989E-09 5.4194E-09 5.9647E-09 6.1799E-09 6.5594E-09 6.6773E-09 6.7480E-09 6.7953E-09 6.8876E-09 6.9960E-09 7.0465E-09 7.0908E-09 7.1104E-09
2.7412E-11 3.3103E-11 3.8093E-11 4.1816E-11 4.7874E-11 5.4190E-11 5.9319E-11 6.3612E-11 6.9366E-11 7.5883E-11 8.5711E-11 9.5988E-11 1.1254E-10 1.2761E-10 1.4372E-10 1.6024E-10 1.7682E-10 1.9493E-10 2.1719E-10 2.3859E-10 2.7063E-10 3.0439E-10 3.4241E-10 3.8637E-10 4.2998E-10 4.8180E-10 5.3410E-10 5.8601E-10 6.4395E-10 7.0386E-10 7.6068E-10 8.2576E-10 9.0125E-10 9.7550E-10 1.0462E-09 1.1203E-09 1.1974E-09 1.2822E-09 1.4289E-09 1.5531E-09 2.0553E-09 2.8865E-09 3.0569E-09 3.8557E-09 4.6264E-09 4.7774E-09 5.2335E-09 5.6356E-09 5.7226E-09 5.7849E-09 5.8271E-09 5.8461E-09 5.8462E-09 5.8245E-09 5.8943E-09 5.8992E-09 5.8730E-09
2.1140E-11 2.5836E-11 3.0890E-11 3.6128E-11 4.0644E-11 4.5491E-11 5.1601E-11 5.7966E-11 6.2454E-11 6.8450E-11 7.4703E-11 8.1153E-11 9.1638E-11 1.0602E-10 1.2220E-10 1.3790E-10 1.5159E-10 1.6906E-10 1.8547E-10 2.0397E-10 2.2740E-10 2.4963E-10 2.8076E-10 3.2280E-10 3.5801E-10 4.0005E-10 4.4443E-10 5.0370E-10 5.5621E-10 6.1225E-10 6.6787E-10 7.2076E-10 7.8259E-10 8.5362E-10 9.2209E-10 9.8865E-10 1.0575E-09 1.1329E-09 1.2572E-09 1.6642E-09 1.8309E-09 2.5443E-09 3.2769E-09 3.4218E-09 4.0816E-09 4.4917E-09 4.5891E-09 4.9141E-09 4.9767E-09 5.0207E-09 5.0475E-09 5.0595E-09 5.0480E-09 5.0214E-09 4.9787E-09 4.9397E-09 4.9285E-09
1.3971E-11 1.8704E-11 2.4286E-11 2.9156E-11 3.4661E-11 3.9047E-11 4.3198E-11 4.7678E-11 5.3886E-11 6.1341E-11 6.7437E-11 7.3384E-11 7.8678E-11 8.8139E-11 1.0138E-10 1.1537E-10 1.2908E-10 1.4438E-10 1.5719E-10 1.7639E-10 1.9578E-10 2.1305E-10 2.3139E-10 2.5890E-10 2.9564E-10 3.3423E-10 3.7219E-10 4.1621E-10 4.6730E-10 5.2101E-10 5.7762E-10 6.3029E-10 6.7902E-10 7.3695E-10 8.0449E-10 8.6927E-10 9.3114E-10 1.0013E-09 1.1143E-09 1.4980E-09 1.7085E-09 2.2509E-09 2.8828E-09 3.4798E-09 3.5810E-09 3.9398E-09 4.2376E-09 4.2883E-09 4.3179E-09 4.3402E-09 4.3509E-09 4.3473E-09 4.3301E-09 4.3035E-09 4.2642E-09 4.2191E-09 4.1660E-09
7.6795E-12 1.2205E-11 1.7758E-11 2.2771E-11 2.7412E-11 3.2346E-11 3.7031E-11 4.1922E-11 4.5288E-11 5.1354E-11 5.8801E-11 6.6287E-11 7.1859E-11 7.6945E-11 8.3635E-11 9.3491E-11 1.0827E-10 1.2000E-10 1.3229E-10 1.4866E-10 1.6426E-10 1.8062E-10 2.0190E-10 2.1729E-10 2.3709E-10 2.7170E-10 3.0883E-10 3.4698E-10 3.8783E-10 4.3678E-10 4.8514E-10 5.3832E-10 5.9173E-10 6.3646E-10 6.9019E-10 7.5550E-10 8.1756E-10 9.1032E-10 9.9562E-10 1.3252E-09 1.8738E-09 2.0251E-09 2.5292E-09 3.0526E-09 3.3608E-09 3.4252E-09 3.6862E-09 3.7267E-09 3.7448E-09 3.7557E-09 3.7494E-09 3.7337E-09 3.7094E-09 3.6767E-09 3.6377E-09 3.5913E-09 3.5487E-09
6.8298E-12 7.9604E-12 1.0520E-11 1.3744E-11 1.9954E-11 2.5714E-11 3.0066E-11 3.5058E-11 3.9798E-11 4.4304E-11 4.7525E-11 5.4994E-11 6.3580E-11 7.0128E-11 7.4965E-11 8.1540E-11 8.9149E-11 9.7484E-11 1.1087E-10 1.2401E-10 1.3552E-10 1.5354E-10 1.7082E-10 1.8512E-10 2.0124E-10 2.2193E-10 2.4700E-10 2.8242E-10 3.1806E-10 3.6133E-10 4.0716E-10 4.5179E-10 5.0101E-10 5.4951E-10 5.9604E-10 6.4514E-10 7.0847E-10 7.9946E-10 1.0930E-09 1.1800E-09 1.6465E-09 2.1281E-09 2.2379E-09 2.6531E-09 2.9295E-09 3.0447E-09 3.1888E-09 3.2098E-09 3.2247E-09 3.2293E-09 3.2206E-09 3.2003E-09 3.1755E-09 3.1366E-09 3.1015E-09 3.0620E-09 3.0186E-09
6.2647E-12 7.0585E-12 8.1984E-12 9.3637E-12 1.2085E-11 1.7674E-11 2.4061E-11 2.8269E-11 3.2684E-11 3.7285E-11 4.2058E-11 4.6497E-11 5.1189E-11 5.9417E-11 6.8076E-11 7.2601E-11 7.8911E-11 8.6174E-11 9.2128E-11 9.9247E-11 1.0929E-10 1.2523E-10 1.3931E-10 1.5438E-10 1.7322E-10 1.8723E-10 2.0583E-10 2.2761E-10 2.5435E-10 2.8904E-10 3.3003E-10 3.7688E-10 4.2031E-10 4.6764E-10 5.1334E-10 5.5485E-10 6.2495E-10 6.9264E-10 9.5631E-10 1.3750E-09 1.4504E-09 1.8598E-09 2.2540E-09 2.3115E-09 2.5287E-09 2.7291E-09 2.7572E-09 2.7680E-09 2.7662E-09 2.7587E-09 2.7424E-09 2.7243E-09 2.6982E-09 2.6655E-09 2.6277E-09 2.6009E-09 2.5606E-09
5.4209E-12 6.4381E-12 7.2471E-12 8.3893E-12 9.5466E-12 1.0921E-11 1.5901E-11 2.1619E-11 2.6939E-11 3.1192E-11 3.5631E-11 4.0225E-11 4.4908E-11 4.9889E-11 5.5123E-11 6.1827E-11 6.9830E-11 7.5902E-11 8.2822E-11 8.8326E-11 9.3249E-11 9.8345E-11 1.0803E-10 1.2230E-10 1.4103E-10 1.5717E-10 1.7192E-10 1.8845E-10 2.1276E-10 2.3345E-10 2.5964E-10 2.9889E-10 3.4517E-10 3.8783E-10 4.3333E-10 4.8109E-10 5.4281E-10 7.4070E-10 8.2329E-10 1.1938E-09 1.5649E-09 1.6245E-09 1.9562E-09 2.1561E-09 2.1936E-09 2.3468E-09 2.3568E-09 2.3639E-09 2.3649E-09 2.3564E-09 2.3362E-09 2.3084E-09 2.2790E-09 2.2550E-09 2.2235E-09 2.1933E-09 2.1681E-09
4.0082E-12 5.7584E-12 6.5867E-12 7.3922E-12 8.5296E-12 9.6886E-12 1.1050E-11 1.2884E-11 1.7569E-11 2.3100E-11 2.8457E-11 3.2719E-11 3.7094E-11 4.1904E-11 4.7825E-11 5.3139E-11 5.6806E-11 6.2973E-11 7.2481E-11 7.9114E-11 8.4239E-11 8.8788E-11 9.3535E-11 9.8472E-11 1.0531E-10 1.1960E-10 1.3638E-10 1.5612E-10 1.7357E-10 1.9315E-10 2.1804E-10 2.3619E-10 2.6118E-10 3.0721E-10 3.5522E-10 4.0058E-10 4.6815E-10 6.6058E-10 8.4844E-10 1.0164E-09 1.3395E-09 1.6556E-09 1.6922E-09 1.8592E-09 2.0056E-09 2.0140E-09 2.0068E-09 2.0120E-09 2.0024E-09 1.9890E-09 1.9743E-09 1.9536E-09 1.9291E-09 1.9009E-09 1.8752E-09 1.8481E-09 1.8198E-09
2.7376E-12 4.4018E-12 5.9887E-12 6.7085E-12 7.4911E-12 8.6167E-12 9.7881E-12 1.1095E-11 1.2897E-11 1.4507E-11 2.0666E-11 2.6162E-11 3.0585E-11 3.4662E-11 3.8660E-11 4.4597E-11 5.0831E-11 5.4233E-11 5.7360E-11 6.4975E-11 7.5086E-11 7.9978E-11 8.4208E-11 8.8627E-11 9.3248E-11 9.8980E-11 1.0881E-10 1.2106E-10 1.3474E-10 1.5023E-10 1.7388E-10 1.9620E-10 2.1645E-10 2.3807E-10 2.6209E-10 3.3258E-10 3.8636E-10 5.5739E-10 8.3722E-10 9.4627E-10 1.1453E-09 1.3979E-09 1.5584E-09 1.5960E-09 1.7149E-09 1.7128E-09 1.7105E-09 1.6946E-09 1.6819E-09 1.6720E-09 1.6576E-09 1.6355E-09 1.6162E-09 1.5946E-09 1.5738E-09 1.5496E-09 1.5280E-09
2.1903E-12 2.9512E-12 4.7369E-12 6.1259E-12 6.8020E-12 7.5357E-12 8.6486E-12 9.8437E-12 1.1055E-11 1.2813E-11 1.4458E-11 1.7032E-11 2.1792E-11 2.7497E-11 3.1229E-11 3.5192E-11 4.0725E-11 4.6755E-11 5.1468E-11 5.4144E-11 5.8649E-11 6.7211E-11 7.5651E-11 7.9597E-11 8.3717E-11 8.7984E-11 9.2558E-11 1.0039E-10 1.1250E-10 1.2331E-10 1.3687E-10 1.5133E-10 1.7472E-10 1.9662E-10 2.1876E-10 2.5167E-10 3.8940E-10 4.5332E-10 6.9191E-10 9.3458E-10 1.0081E-09 1.1948E-09 1.3185E-09 1.4174E-09 1.4316E-09 1.4467E-09 1.4439E-09 1.4344E-09 1.4137E-09 1.3952E-09 1.3666E-09 1.3576E-09 1.3507E-09 1.3314E-09 1.3110E-09 1.2923E-09 1.2717E-09
1.1720E-12 2.2795E-12 3.1627E-12 5.0057E-12 6.1973E-12 6.8658E-12 7.5894E-12 8.6243E-12 9.8166E-12 1.0825E-11 1.2609E-11 1.4267E-11 1.5444E-11 1.7822E-11 2.3502E-11 2.8098E-11 3.1637E-11 3.6621E-11 4.2849E-11 4.7460E-11 5.0921E-11 5.4674E-11 6.0478E-11 6.5414E-11 7.4994E-11 7.8775E-11 8.2676E-11 8.6698E-11 9.2041E-11 1.0306E-10 1.1378E-10 1.2551E-10 1.4009E-10 1.5503E-10 1.8932E-10 2.1622E-10 3.2659E-10 5.1722E-10 5.4555E-10 7.5808E-10 9.6872E-10 9.9461E-10 1.1058E-09 1.2027E-09 1.1970E-09 1.1930E-09 1.1843E-09 1.1886E-09 1.1823E-09 1.1644E-09 1.1380E-09 1.1191E-09 1.0961E-09 1.0907E-09 1.0846E-09 1.0705E-09 1.0534E-09
1.6390E-13 1.2958E-12 2.3247E-12 3.3431E-12 5.2009E-12 6.2414E-12 6.8992E-12 7.6091E-12 8.3734E-12 9.6924E-12 1.0722E-11 1.1636E-11 1.3837E-11 1.4872E-11 1.5831E-11 1.7986E-11 2.3399E-11 2.7724E-11 3.2368E-11 3.8272E-11 4.3096E-11 4.6700E-11 5.0624E-11 5.5918E-11 6.1319E-11 6.4652E-11 7.3830E-11 7.7389E-11 8.1064E-11 8.4872E-11 9.0858E-11 1.0401E-10 1.1491E-10 1.2769E-10 1.5041E-10 2.4004E-10 2.7474E-10 4.3595E-10 6.0237E-10 6.2106E-10 7.7140E-10 8.7237E-10 9.0483E-10 9.8488E-10 9.9627E-10 9.9770E-10 9.8888E-10 9.7202E-10 9.5754E-10 9.4787E-10 9.3969E-10 9.2988E-10 9.1340E-10 8.9708E-10 8.8085E-10 8.7156E-10 8.6750E-10
0.0000E+00 2.0915E-13 1.3703E-12 2.3387E-12 3.4565E-12 5.3162E-12 6.2577E-12 6.9017E-12 7.5948E-12 8.3242E-12 9.0664E-12 1.0471E-11 1.1237E-11 1.3016E-11 1.4100E-11 1.4914E-11 1.5698E-11 1.7638E-11 2.2776E-11 2.7743E-11 3.3152E-11 3.8718E-11 4.2248E-11 4.5710E-11 5.1184E-11 5.6760E-11 6.0406E-11 6.3394E-11 6.8776E-11 7.4392E-11 7.7900E-11 8.1647E-11 8.9483E-11 1.0245E-10 1.2407E-10 2.0515E-10 2.8848E-10 3.5744E-10 4.9929E-10 6.3691E-10 6.4696E-10 7.2045E-10 7.7977E-10 7.8964E-10 8.0344E-10 8.0178E-10 8.0343E-10 8.0087E-10 7.8813E-10 7.7348E-10 7.5797E-10 7.4666E-10 7.4532E-10 7.3474E-10 7.2461E-10 7.1218E-10 7.0147E-10
0.0000E+00 0.0000E+00 2.3078E-13 1.3919E-12 2.3423E-12 3.4978E-12 5.3467E-12 6.2459E-12 6.8729E-12 7.5240E-12 8.1756E-12 8.8100E-12 9.4005E-12 1.0654E-11 1.1245E-11 1.3197E-11 1.3848E-11 1.4487E-11 1.5136E-11 1.5792E-11 2.1899E-11 2.7678E-11 3.3739E-11 3.7937E-11 4.0797E-11 4.4441E-11 5.1379E-11 5.6224E-11 5.8949E-11 6.1793E-11 6.4797E-11 7.1437E-11 7.5222E-11 8.6135E-11 9.8221E-11 1.6379E-10 2.8031E-10 3.5020E-10 4.0906E-10 5.2027E-10 5.8558E-10 5.9667E-10 6.4869E-10 6.4565E-10 6.4268E-10 6.3457E-10 6.4011E-10 6.4085E-10 6.2784E-10 6.2123E-10 5.9691E-10 5.5322E-10 5.3744E-10 5.2783E-10 5.3002E-10 5.2518E-10 5.1632E-10
0.0000E+00 0.0000E+00 0.0000E+00 2.0882E-13 1.3579E-12 2.3355E-12 3.4634E-12 5.2886E-12 6.1981E-12 6.7694E-12 7.3381E-12 7.8814E-12 8.3802E-12 8.8468E-12 9.9579E-12 1.0415E-11 1.0843E-11 1.1979E-11 1.2493E-11 1.3016E-11 1.4392E-11 1.5011E-11 2.1196E-11 2.7913E-11 3.3387E-11 3.6384E-11 3.9091E-11 4.3303E-11 4.9902E-11 5.4672E-11 5.7339E-11 6.0253E-11 6.3810E-11 7.5569E-11 1.2468E-10 1.3418E-10 2.2068E-10 3.2145E-10 3.7858E-10 4.3018E-10 4.7933E-10 5.2715E-10 5.2466E-10 5.2607E-10 5.2539E-10 5.2022E-10 5.1187E-10 4.7486E-10 4.6609E-10 4.4691E-10 4.1150E-10 4.0424E-10 3.7592E-10 3.6718E-10 3.5652E-10 3.2916E-10 3.1439E-10
0.0000E+00 0.0000E+00 0.0000E+00 0.0000E+00 1.3795E-13 1.2664E-12 2.3183E-12 3.3509E-12 5.1247E-12 6.0753E-12 6.5623E-12 7.0158E-12 7.4325E-12 7.8242E-12 8.1922E-12 8.5391E-12 8.8796E-12 9.2244E-12 9.5730E-12 1.0669E-11 1.1079E-11 1.3061E-11 1.3603E-11 1.4154E-11 1.8612E-11 2.6480E-11 3.1794E-11 3.4647E-11 3.7588E-11 4.1535E-11 4.7489E-11 5.3299E-11 6.0822E-11 6.4227E-11 1.0614E-10 1.7915E-10 1.8612E-10 2.5946E-10 3.3773E-10 3.4317E-10 3.8828E-10 4.2739E-10 4.2650E-10 4.2236E-10 3.9688E-10 3.8212E-10 3.6382E-10 3.4656E-10 3.3105E-10 2.9845E-10 2.9197E-10 2.7469E-10 2.4847E-10 2.3757E-10 2.1393E-10 1.9244E-10 1.8549E-10
0.0000E+00 0.0000E+00 0.0000E+00 0.0000E+00 0.0000E+00 2.3597E-14 1.1164E-12 2.2874E-12 3.1319E-12 4.8134E-12 5.8484E-12 6.2248E-12 6.5707E-12 6.8962E-12 7.1977E-12 7.4844E-12 7.7703E-12 8.0590E-12 8.3499E-12 8.6424E-12 9.6261E-12 9.9709E-12 1.0318E-11 1.2233E-11 1.2702E-11 1.3183E-11 1.6297E-11 2.4476E-11 2.9755E-11 3.2897E-11 3.6189E-11 3.7668E-11 4.6930E-11 8.2700E-11 9.0922E-11 1.5031E-10 2.1382E-10 2.1708E-10 2.7445E-10 3.0499E-10 2.5482E-10 2.8524E-10 2.8882E-10 2.9225E-10 2.7519E-10 2.5794E-10 2.3934E-10 2.3451E-10 2.1600E-10 1.9846E-10 1.9050E-10 1.6680E-10 1.5544E-10 1.4125E-10 1.4319E-10 1.4020E-10 1.1948E-10
0.0000E+00 0.0000E+00 0.0000E+00 0.0000E+00 0.0000E+00 0.0000E+00 0.0000E+00 9.0237E-13 1.9727E-12 2.6790E-12 4.2500E-12 5.3111E-12 5.6700E-12 6.0104E-12 6.2980E-12 6.5345E-12 6.7730E-12 7.0129E-12 7.2537E-12 7.4950E-12 7.7366E-12 7.9785E-12 8.8905E-12 9.1898E-12 9.4836E-12 9.4339E-12 9.7886E-12 1.0156E-11 1.0545E-11 1.9711E-11 2.4956E-11 2.6746E-11 2.8242E-11 3.3391E-11 6.2753E-11 7.2496E-11 1.2677E-10 1.2627E-10 1.2569E-10 1.5434E-10 1.7884E-10 1.7750E-10 1.7896E-10 1.7993E-10 1.6956E-10 1.5531E-10 1.4379E-10 1.4058E-10 1.2448E-10 1.1001E-10 1.0294E-10 1.0572E-10 1.0625E-10 8.6123E-11 8.7131E-11 8.9116E-11 8.9895E-11
0.0000E+00 0.0000E+00 0.0000E+00 0.0000E+00 0.0000E+00 0.0000E+00 0.0000E+00 0.0000E+00 4.9413E-13 1.1357E-12 1.5524E-12 2.6233E-12 3.4793E-12 3.8498E-12 4.1236E-12 4.3401E-12 4.5579E-12 4.7758E-12 4.9550E-12 5.1150E-12 5.2748E-12 5.4344E-12 4.0584E-12 4.1773E-12 4.8578E-12 5.1158E-12 5.7467E-12 6.9333E-12 7.1980E-12 7.4787E-12 7.7859E-12 1.2229E-11 1.5334E-11 1.5642E-11 1.6721E-11 2.0988E-11 2.2401E-11 4.8985E-11 7.6897E-11 7.9193E-11 1.0040E-10 9.8227E-11 9.6563E-11 9.3120E-11 5.1909E-11 5.4351E-11 5.7370E-11 6.5109E-11 6.8955E-11 6.3607E-11 5.4847E-11 5.7416E-11 6.2335E-11 6.3876E-11 6.5445E-11 6.9053E-11 6.9889E-11
0.0000E+00 0.0000E+00 0.0000E+00 0.0000E+00 0.0000E+00 0.0000E+00 0.0000E+00 0.0000E+00 0.0000E+00 1.3768E-13 3.9597E-13 5.4078E-13 1.1900E-12 1.7557E-12 2.0069E-12 2.2605E-12 2.5151E-12 2.7158E-12 1.8890E-12 1.9504E-12 2.0117E-12 2.0729E-12 2.1340E-12 2.1950E-12 2.2561E-12 2.3176E-12 3.0101E-12 3.1080E-12 3.9894E-12 2.7113E-12 3.1167E-12 3.2914E-12 3.4276E-12 3.5682E-12 7.4954E-12 7.6520E-12 8.6213E-12 9.0030E-12 1.1996E-11 3.3143E-11 1.1123E-11 1.2834E-11 1.2413E-11 1.2371E-11 1.1971E-11 1.3463E-11 1.7920E-11 2.3085E-11 2.6356E-11 3.2475E-11 3.6926E-11 4.0102E-11 4.5709E-11 4.7254E-11 5.0057E-11 5.1830E-11 5.2326E-11
0.0000E+00 0.0000E+00 0.0000E+00 0.0000E+00 0.0000E+00 0.0000E+00 0.0000E+00 0.0000E+00 0.0000E+00 0.0000E+00 0.0000E+00 0.0000E+00 2.0312E-14 1.7597E-13 1.6809E-13 2.3584E-13 3.0498E-13 3.7509E-13 4.4570E-13 5.1630E-13 5.8514E-13 6.0340E-13 6.2169E-13 6.3999E-13 6.5836E-13 0.0000E+00 0.0000E+00 0.0000E+00 9.9015E-14 3.3559E-13 6.5775E-13 1.0380E-12 1.5935E-12 1.9992E-12 2.2461E-12 2.3203E-12 3.3680E-12 4.1068E-12 3.8292E-12 3.8837E-12 3.6172E-12 3.6752E-12 5.8845E-12 7.2104E-12 7.5939E-12 7.7305E-12 8.2192E-12 8.4120E-12 1.1600E-11 1.7739E-11 2.1505E-11 2.6604E-11 2.9353E-11 3.1499E-11 3.3417E-11 3.4510E-11 3.6180E-11
0.0000E+00 0.0000E+00 0.0000E+00 0.0000E+00 0.0000E+00 0.0000E+00 0.0000E+00 0.0000E+00 0.0000E+00 0.0000E+00 0.0000E+00 0.0000E+00 0.0000E+00 0.0000E+00 0.0000E+00 0.0000E+00 0.0000E+00 0.0000E+00 0.0000E+00 0.0000E+00 0.0000E+00 0.0000E+00 0.0000E+00 0.0000E+00 0.0000E+00 0.0000E+00 0.0000E+00 0.0000E+00 0.0000E+00 0.0000E+00 0.0000E+00 0.0000E+00 1.2190E-13 3.2358E-13 7.0819E-13 1.0592E-12 1.4704E-12 1.7434E-12 1.9791E-12 2.1725E-12 2.2099E-12 2.2411E-12 2.2658E-12 2.2836E-12 3.4696E-12 4.2710E-12 4.8477E-12 5.2585E-12 5.6031E-12 5.9258E-12 8.4332E-12 1.2790E-11 1.4922E-11 1.7780E-11 2.0710E-11 2.0585E-11 2.1890E-11
0.0000E+00 0.0000E+00 0.0000E+00 0.0000E+00 0.0000E+00 0.0000E+00 0.0000E+00 0.0000E+00 0.0000E+00 0.0000E+00 0.0000E+00 0.0000E+00 0.0000E+00 0.0000E+00 0.0000E+00 0.0000E+00 0.0000E+00 0.0000E+00 0.0000E+00 0.0000E+00 0.0000E+00 0.0000E+00 0.0000E+00 0.0000E+00 0.0000E+00 0.0000E+00 0.0000E+00 0.0000E+00 0.0000E+00 0.0000E+00 0.0000E+00 0.0000E+00 0.0000E+00 0.0000E+00 0.0000E+00 0.0000E+00 0.0000E+00 0.0000E+00 7.8466E-14 3.3648E-13 6.1669E-13 8.8418E-13 1.1329E-12 1.2451E-12 1.2942E-12 1.3052E-12 1.2897E-12 1.6829E-12 1.8949E-12 2.0090E-12 2.1096E-12 2.3412E-12 2.5487E-12 5.5801E-12 6.9274E-12 7.7620E-12 9.2483E-12
