Assets/Resources/2015_m01_d27_2100(utc+0800)_l00_csi_1hr_conc.grd
DSAA
         159         159
     -79.000      79.000
     -79.000      79.000
  0.0000E+00  0.2107E-05
[rows 0 to 24 of 159, columns 57 to 113 of 159]
7.6334E-09 8.0388E-09 8.4025E-09 8.7176E-09 8.9757E-09 9.1731E-09 9.3068E-09 9.3724E-09 9.3702E-09 9.3001E-09 9.1656E-09 8.9709E-09 8.7195E-09 8.4158E-09 8.0676E-09 7.6819E-09 7.2661E-09 6.8277E-09 6.3744E-09 5.9135E-09 5.4523E-09 4.9977E-09 4.5548E-09 4.1283E-09 3.7210E-09 3.3373E-09 2.9772E-09 2.6427E-09 2.3356E-09 2.0546E-09 1.7987E-09 1.5698E-09 1.3656E-09 1.1840E-09 1.0222E-09 8.7656E-10 7.4184E-10 6.2498E-10 5.3066E-10 4.5508E-10 3.8890E-10 3.2516E-10 2.7486E-10 2.2937E-10 1.9345E-10 1.5862E-10 1.3405E-10 1.0879E-10 9.1666E-11 7.7901E-11 6.4578E-11 5.4875E-11 4.5012E-11 3.6735E-11 2.9252E-11 2.4961E-11 1.7240E-11
8.1853E-09 8.6316E-09 9.0331E-09 9.3793E-09 9.6650E-09 9.8833E-09 1.0029E-08 1.0101E-08 1.0098E-08 1.0020E-08 9.8707E-09 9.6542E-09 9.3746E-09 9.0395E-09 8.6558E-09 8.2317E-09 7.7752E-09 7.2954E-09 6.8007E-09 6.2994E-09 5.7986E-09 5.3059E-09 4.8261E-09 4.3647E-09 3.9265E-09 3.5138E-09 3.1284E-09 2.7714E-09 2.4432E-09 2.1447E-09 1.8757E-09 1.6318E-09 1.4151E-09 1.2246E-09 1.0547E-09 9.0016E-10 7.6375E-10 6.4157E-10 5.4276E-10 4.6432E-10 3.9547E-10 3.3093E-10 2.7926E-10 2.3307E-10 1.9656E-10 1.5943E-10 1.3544E-10 1.0902E-10 9.1916E-11 7.7765E-11 6.4102E-11 5.4393E-11 4.4632E-11 3.6618E-11 2.8782E-11 2.4542E-11 1.6868E-11
8.7430E-09 9.2321E-09 9.6698E-09 1.0050E-08 1.0364E-08 1.0602E-08 1.0764E-08 1.0844E-08 1.0841E-08 1.0757E-08 1.0591E-08 1.0351E-08 1.0044E-08 9.6764E-09 9.2560E-09 8.7925E-09 8.2939E-09 7.7706E-09 7.2321E-09 6.6875E-09 6.1448E-09 5.6113E-09 5.0939E-09 4.5980E-09 4.1271E-09 3.6853E-09 3.2741E-09 2.8944E-09 2.5469E-09 2.2299E-09 1.9437E-09 1.6879E-09 1.4623E-09 1.2615E-09 1.0832E-09 9.2576E-10 7.7973E-10 6.5220E-10 5.5226E-10 4.7114E-10 4.0161E-10 3.3674E-10 2.8379E-10 2.3457E-10 1.9793E-10 1.6081E-10 1.3539E-10 1.0869E-10 9.1263E-11 7.7194E-11 6.3411E-11 5.4088E-11 4.4103E-11 3.6174E-11 2.8090E-11 2.3918E-11 1.6379E-11
9.3138E-09 9.8444E-09 1.0324E-08 1.0742E-08 1.1087E-08 1.1352E-08 1.1530E-08 1.1618E-08 1.1616E-08 1.1521E-08 1.1340E-08 1.1079E-08 1.0742E-08 1.0337E-08 9.8753E-09 9.3667E-09 8.8225E-09 8.2527E-09 7.6675E-09 7.0770E-09 6.4898E-09 5.9150E-09 5.3585E-09 4.8261E-09 4.3232E-09 3.8514E-09 3.4134E-09 3.0112E-09 2.6433E-09 2.3107E-09 2.0096E-09 1.7394E-09 1.5038E-09 1.2936E-09 1.1082E-09 9.4291E-10 7.9731E-10 6.6233E-10 5.5996E-10 4.7624E-10 4.0563E-10 3.4057E-10 2.8516E-10 2.3637E-10 1.9868E-10 1.6065E-10 1.3581E-10 1.0800E-10 9.0634E-11 7.6433E-11 6.2307E-11 5.3091E-11 4.3251E-11 3.5359E-11 2.7307E-11 2.3195E-11 1.5795E-11
9.8856E-09 1.0466E-08 1.0990E-08 1.1446E-08 1.1823E-08 1.2113E-08 1.2307E-08 1.2406E-08 1.2405E-08 1.2303E-08 1.2107E-08 1.1819E-08 1.1449E-08 1.1008E-08 1.0504E-08 9.9499E-09 9.3572E-09 8.7372E-09 8.1030E-09 7.4650E-09 6.8321E-09 6.2136E-09 5.6172E-09 5.0479E-09 4.5106E-09 4.0099E-09 3.5463E-09 3.1203E-09 2.7334E-09 2.3828E-09 2.0662E-09 1.7848E-09 1.5379E-09 1.3202E-09 1.1294E-09 9.6126E-10 8.0733E-10 6.6816E-10 5.6357E-10 4.7931E-10 4.0749E-10 3.4158E-10 2.8753E-10 2.3581E-10 1.9729E-10 1.6036E-10 1.3427E-10 1.0657E-10 8.9174E-11 7.4874E-11 6.0971E-11 5.1872E-11 4.2177E-11 3.4202E-11 2.6306E-11 2.2334E-11 1.5158E-11
1.0460E-08 1.1091E-08 1.1659E-08 1.2156E-08 1.2569E-08 1.2887E-08 1.3103E-08 1.3211E-08 1.3209E-08 1.3099E-08 1.2884E-08 1.2572E-08 1.2171E-08 1.1689E-08 1.1140E-08 1.0537E-08 9.8932E-09 9.2224E-09 8.5369E-09 7.8487E-09 7.1687E-09 6.5054E-09 5.8673E-09 5.2610E-09 4.6910E-09 4.1589E-09 3.6692E-09 3.2210E-09 2.8138E-09 2.4467E-09 2.1174E-09 1.8230E-09 1.5671E-09 1.3421E-09 1.1463E-09 9.7030E-10 8.1615E-10 6.7253E-10 5.6671E-10 4.8035E-10 4.0775E-10 3.4251E-10 2.8651E-10 2.3564E-10 1.9619E-10 1.5846E-10 1.3328E-10 1.0500E-10 8.7279E-11 7.3304E-11 5.9310E-11 5.0348E-11 4.1010E-11 3.2869E-11 2.5239E-11 2.1364E-11 1.4442E-11
1.1031E-08 1.1714E-08 1.2333E-08 1.2873E-08 1.3322E-08 1.3668E-08 1.3902E-08 1.4020E-08 1.4021E-08 1.3903E-08 1.3669E-08 1.3331E-08 1.2892E-08 1.2369E-08 1.1775E-08 1.1122E-08 1.0427E-08 9.7029E-09 8.9638E-09 8.2245E-09 7.4955E-09 6.7874E-09 6.1082E-09 5.4630E-09 4.8583E-09 4.2974E-09 3.7811E-09 3.3113E-09 2.8863E-09 2.5028E-09 2.1581E-09 1.8519E-09 1.5886E-09 1.3578E-09 1.1568E-09 9.8054E-10 8.2092E-10 6.7227E-10 5.6411E-10 4.7744E-10 4.0607E-10 3.4043E-10 2.8438E-10 2.3379E-10 1.9363E-10 1.5584E-10 1.3037E-10 1.0283E-10 8.5016E-11 7.1339E-11 5.7412E-11 4.8518E-11 3.9532E-11 3.1284E-11 2.4041E-11 2.0247E-11 1.3684E-11
1.1597E-08 1.2334E-08 1.3003E-08 1.3588E-08 1.4076E-08 1.4453E-08 1.4709E-08 1.4840E-08 1.4841E-08 1.4710E-08 1.4459E-08 1.4091E-08 1.3618E-08 1.3054E-08 1.2411E-08 1.1706E-08 1.0955E-08 1.0175E-08 9.3829E-09 8.5913E-09 7.8122E-09 7.0565E-09 6.3342E-09 5.6519E-09 5.0140E-09 4.4236E-09 3.8817E-09 3.3900E-09 2.9464E-09 2.5478E-09 2.1907E-09 1.8737E-09 1.6040E-09 1.3690E-09 1.1628E-09 9.8032E-10 8.2015E-10 6.6981E-10 5.6192E-10 4.7406E-10 4.0237E-10 3.3788E-10 2.8109E-10 2.3034E-10 1.9020E-10 1.5252E-10 1.2810E-10 1.0023E-10 8.2308E-11 6.8950E-11 5.5298E-11 4.6409E-11 3.8046E-11 2.9690E-11 2.2796E-11 1.8912E-11 1.2711E-11
1.2148E-08 1.2941E-08 1.3662E-08 1.4295E-08 1.4823E-08 1.5229E-08 1.5507E-08 1.5649E-08 1.5650E-08 1.5514E-08 1.5243E-08 1.4846E-08 1.4336E-08 1.3724E-08 1.3032E-08 1.2276E-08 1.1471E-08 1.0636E-08 9.7878E-09 8.9412E-09 8.1122E-09 7.3113E-09 6.5465E-09 5.8260E-09 5.1542E-09 4.5349E-09 3.9694E-09 3.4569E-09 2.9975E-09 2.5833E-09 2.2142E-09 1.8874E-09 1.6113E-09 1.3711E-09 1.1630E-09 9.8033E-10 8.1730E-10 6.6337E-10 5.5328E-10 4.6591E-10 3.9510E-10 3.3225E-10 2.7557E-10 2.2510E-10 1.8659E-10 1.4834E-10 1.2387E-10 9.7359E-11 7.9157E-11 6.6225E-11 5.2987E-11 4.4228E-11 3.6142E-11 2.7923E-11 2.1307E-11 1.7466E-11 1.1728E-11
1.2685E-08 1.3535E-08 1.4310E-08 1.4992E-08 1.5562E-08 1.6005E-08 1.6306E-08 1.6460E-08 1.6464E-08 1.6316E-08 1.6024E-08 1.5598E-08 1.5049E-08 1.4395E-08 1.3651E-08 1.2838E-08 1.1974E-08 1.1080E-08 1.0175E-08 9.2760E-09 8.3947E-09 7.5456E-09 6.7383E-09 5.9814E-09 5.2782E-09 4.6317E-09 4.0425E-09 3.5113E-09 3.0345E-09 2.6061E-09 2.2261E-09 1.8933E-09 1.6126E-09 1.3685E-09 1.1572E-09 9.7421E-10 8.0845E-10 6.5401E-10 5.4534E-10 4.5780E-10 3.8739E-10 3.2594E-10 2.6991E-10 2.1847E-10 1.8061E-10 1.4318E-10 1.1906E-10 9.3713E-11 7.5639E-11 6.3082E-11 5.0230E-11 4.1840E-11 3.3878E-11 2.6048E-11 1.9811E-11 1.5913E-11 1.0473E-11
1.3192E-08 1.4104E-08 1.4936E-08 1.5668E-08 1.6282E-08 1.6756E-08 1.7082E-08 1.7252E-08 1.7257E-08 1.7102E-08 1.6792E-08 1.6335E-08 1.5746E-08 1.5042E-08 1.4245E-08 1.3377E-08 1.2458E-08 1.1507E-08 1.0544E-08 9.5883E-09 8.6568E-09 7.7629E-09 6.9126E-09 6.1186E-09 5.3840E-09 4.7112E-09 4.0994E-09 3.5503E-09 3.0608E-09 2.6196E-09 2.2302E-09 1.8895E-09 1.6048E-09 1.3581E-09 1.1455E-09 9.6005E-10 7.9830E-10 6.4324E-10 5.3157E-10 4.4529E-10 3.7632E-10 3.1673E-10 2.6159E-10 2.1098E-10 1.7540E-10 1.3730E-10 1.1352E-10 8.9791E-11 7.1675E-11 5.9636E-11 4.7466E-11 3.9184E-11 3.1608E-11 2.3990E-11 1.7997E-11 1.4263E-11 9.2871E-12
1.3676E-08 1.4648E-08 1.5538E-08 1.6326E-08 1.6985E-08 1.7499E-08 1.7854E-08 1.8037E-08 1.8045E-08 1.7879E-08 1.7546E-08 1.7059E-08 1.6430E-08 1.5679E-08 1.4830E-08 1.3902E-08 1.2919E-08 1.1907E-08 1.0889E-08 9.8787E-09 8.8962E-09 7.9544E-09 7.0633E-09 6.2330E-09 5.4695E-09 4.7711E-09 4.1410E-09 3.5743E-09 3.0690E-09 2.6177E-09 2.2198E-09 1.8764E-09 1.5895E-09 1.3415E-09 1.1253E-09 9.4403E-10 7.7965E-10 6.2576E-10 5.1883E-10 4.3312E-10 3.6473E-10 3.0625E-10 2.5317E-10 2.0259E-10 1.6802E-10 1.3035E-10 1.0758E-10 8.5669E-11 6.7595E-11 5.5857E-11 4.4362E-11 3.6420E-11 2.8960E-11 2.1801E-11 1.6203E-11 1.2548E-11 7.8676E-12
1.4120E-08 1.5156E-08 1.6110E-08 1.6951E-08 1.7658E-08 1.8209E-08 1.8589E-08 1.8790E-08 1.8804E-08 1.8630E-08 1.8278E-08 1.7758E-08 1.7086E-08 1.6286E-08 1.5384E-08 1.4398E-08 1.3359E-08 1.2289E-08 1.1211E-08 1.0145E-08 9.1112E-09 8.1237E-09 7.1920E-09 6.3259E-09 5.5331E-09 4.8117E-09 4.1613E-09 3.5817E-09 3.0661E-09 2.6060E-09 2.2024E-09 1.8547E-09 1.5657E-09 1.3170E-09 1.1027E-09 9.1914E-10 7.6056E-10 6.0744E-10 5.0011E-10 4.1658E-10 3.5184E-10 2.9430E-10 2.4345E-10 1.9347E-10 1.5993E-10 1.2331E-10 1.0136E-10 8.0971E-11 6.3083E-11 5.2113E-11 4.1121E-11 3.3437E-11 2.6338E-11 1.9530E-11 1.4156E-11 1.0754E-11 6.5720E-12
1.4534E-08 1.5633E-08 1.6645E-08 1.7545E-08 1.8304E-08 1.8898E-08 1.9312E-08 1.9530E-08 1.9545E-08 1.9361E-08 1.8988E-08 1.8436E-08 1.7727E-08 1.6876E-08 1.5914E-08 1.4869E-08 1.3766E-08 1.2636E-08 1.1500E-08 1.0379E-08 9.2956E-09 8.2649E-09 7.2935E-09 6.3917E-09 5.5742E-09 4.8320E-09 4.1656E-09 3.5708E-09 3.0441E-09 2.5779E-09 2.1695E-09 1.8209E-09 1.5323E-09 1.2824E-09 1.0712E-09 8.9342E-10 7.3367E-10 5.8404E-10 4.8352E-10 4.0072E-10 3.3719E-10 2.8093E-10 2.3181E-10 1.8368E-10 1.5077E-10 1.1573E-10 9.4810E-11 7.5667E-11 5.8604E-11 4.8197E-11 3.7780E-11 3.0367E-11 2.3524E-11 1.7171E-11 1.2243E-11 9.0271E-12 5.1190E-12
1.4900E-08 1.6065E-08 1.7142E-08 1.8102E-08 1.8912E-08 1.9548E-08 1.9993E-08 2.0231E-08 2.0257E-08 2.0069E-08 1.9676E-08 1.9092E-08 1.8334E-08 1.7434E-08 1.6419E-08 1.5314E-08 1.4149E-08 1.2957E-08 1.1761E-08 1.0587E-08 9.4551E-09 8.3777E-09 7.3702E-09 6.4348E-09 5.5909E-09 4.8294E-09 4.1487E-09 3.5434E-09 3.0103E-09 2.5411E-09 2.1293E-09 1.7806E-09 1.4910E-09 1.2443E-09 1.0370E-09 8.6039E-10 7.0582E-10 5.6098E-10 4.5971E-10 3.8212E-10 3.2079E-10 2.6632E-10 2.1932E-10 1.7303E-10 1.4119E-10 1.0819E-10 8.8151E-11 6.9677E-11 5.4048E-11 4.4199E-11 3.4207E-11 2.7157E-11 2.0676E-11 1.4881E-11 1.0193E-11 7.0285E-12 3.8803E-12
1.5227E-08 1.6457E-08 1.7599E-08 1.8618E-08 1.9484E-08 2.0168E-08 2.0648E-08 2.0911E-08 2.0941E-08 2.0744E-08 2.0332E-08 1.9714E-08 1.8916E-08 1.7966E-08 1.6889E-08 1.5720E-08 1.4494E-08 1.3240E-08 1.1986E-08 1.0757E-08 9.5742E-09 8.4579E-09 7.4147E-09 6.4479E-09 5.5847E-09 4.8063E-09 4.1130E-09 3.4980E-09 2.9594E-09 2.4866E-09 2.0755E-09 1.7262E-09 1.4399E-09 1.1966E-09 9.9427E-10 8.2536E-10 6.7243E-10 5.3348E-10 4.3880E-10 3.6235E-10 3.0330E-10 2.5120E-10 2.0621E-10 1.6165E-10 1.3117E-10 1.0036E-10 8.1297E-11 6.3816E-11 4.9365E-11 3.9924E-11 3.0648E-11 2.3956E-11 1.7797E-11 1.2333E-11 8.1857E-12 5.4296E-12 2.6396E-12
1.5502E-08 1.6799E-08 1.8006E-08 1.9088E-08 2.0009E-08 2.0738E-08 2.1256E-08 2.1542E-08 2.1585E-08 2.1389E-08 2.0956E-08 2.0307E-08 1.9464E-08 1.8457E-08 1.7322E-08 1.6094E-08 1.4804E-08 1.3487E-08 1.2173E-08 1.0893E-08 9.6653E-09 8.5070E-09 7.4315E-09 6.4342E-09 5.5509E-09 4.7597E-09 4.0580E-09 3.4367E-09 2.8963E-09 2.4246E-09 2.0127E-09 1.6684E-09 1.3851E-09 1.1477E-09 9.5012E-10 7.8627E-10 6.3811E-10 5.0570E-10 4.1387E-10 3.4094E-10 2.8480E-10 2.3519E-10 1.9217E-10 1.4997E-10 1.2114E-10 9.2590E-11 7.4261E-11 5.7849E-11 4.4681E-11 3.5501E-11 2.6858E-11 2.0666E-11 1.4849E-11 1.0013E-11 6.3139E-12 3.6653E-12 1.5387E-12
1.5733E-08 1.7097E-08 1.8373E-08 1.9520E-08 2.0500E-08 2.1282E-08 2.1838E-08 2.2148E-08 2.2201E-08 2.1998E-08 2.1547E-08 2.0867E-08 1.9981E-08 1.8924E-08 1.7729E-08 1.6432E-08 1.5075E-08 1.3696E-08 1.2324E-08 1.0990E-08 9.7135E-09 8.5188E-09 7.4155E-09 6.3906E-09 5.4931E-09 4.6910E-09 3.9832E-09 3.3584E-09 2.8165E-09 2.3458E-09 1.9402E-09 1.5979E-09 1.3229E-09 1.0910E-09 9.0073E-10 7.4069E-10 5.9993E-10 4.7370E-10 3.8836E-10 3.1882E-10 2.6550E-10 2.1827E-10 1.7749E-10 1.3783E-10 1.1081E-10 8.4548E-11 6.7330E-11 5.1747E-11 3.9607E-11 3.1142E-11 2.3257E-11 1.7406E-11 1.2066E-11 7.5521E-12 4.5502E-12 2.3191E-12 5.8393E-13
1.5914E-08 1.7346E-08 1.8688E-08 1.9899E-08 2.0939E-08 2.1772E-08 2.2369E-08 2.2709E-08 2.2777E-08 2.2574E-08 2.2107E-08 2.1392E-08 2.0462E-08 1.9347E-08 1.8089E-08 1.6730E-08 1.5311E-08 1.3866E-08 1.2436E-08 1.1050E-08 9.7333E-09 8.5001E-09 7.3677E-09 6.3182E-09 5.4081E-09 4.6007E-09 3.8902E-09 3.2653E-09 2.7254E-09 2.2596E-09 1.8601E-09 1.5253E-09 1.2567E-09 1.0331E-09 8.4792E-10 6.9555E-10 5.6130E-10 4.4088E-10 3.6212E-10 2.9527E-10 2.4502E-10 2.0119E-10 1.6265E-10 1.2610E-10 1.0081E-10 7.6438E-11 6.0177E-11 4.5613E-11 3.4732E-11 2.6671E-11 1.9571E-11 1.4115E-11 9.2676E-12 5.5676E-12 3.0074E-12 9.4276E-13 3.4833E-13
1.6047E-08 1.7547E-08 1.8961E-08 2.0243E-08 2.1348E-08 2.2237E-08 2.2879E-08 2.3247E-08 2.3328E-08 2.3122E-08 2.2635E-08 2.1888E-08 2.0911E-08 1.9742E-08 1.8424E-08 1.6995E-08 1.5504E-08 1.3998E-08 1.2511E-08 1.1072E-08 9.7092E-09 8.4472E-09 7.2887E-09 6.2175E-09 5.3000E-09 4.4885E-09 3.7790E-09 3.1560E-09 2.6193E-09 2.1638E-09 1.7738E-09 1.4466E-09 1.1863E-09 9.7067E-10 7.9352E-10 6.4570E-10 5.1938E-10 4.0981E-10 3.3535E-10 2.7145E-10 2.2475E-10 1.8363E-10 1.4787E-10 1.1409E-10 9.0485E-11 6.8039E-11 5.3016E-11 3.9412E-11 2.9674E-11 2.2443E-11 1.5920E-11 1.1093E-11 6.8487E-12 3.5803E-12 1.4500E-12 6.1164E-13 1.3253E-13
1.6130E-08 1.7701E-08 1.9188E-08 2.0539E-08 2.1710E-08 2.2657E-08 2.3346E-08 2.3748E-08 2.3848E-08 2.3642E-08 2.3140E-08 2.2360E-08 2.1335E-08 2.0108E-08 1.8722E-08 1.7226E-08 1.5672E-08 1.4099E-08 1.2550E-08 1.1062E-08 9.6607E-09 8.3610E-09 7.1810E-09 6.1024E-09 5.1679E-09 4.3571E-09 3.6526E-09 3.0350E-09 2.5045E-09 2.0609E-09 1.6805E-09 1.3635E-09 1.1111E-09 9.0636E-10 7.3599E-10 5.9805E-10 4.7913E-10 3.7669E-10 3.0718E-10 2.4791E-10 2.0460E-10 1.6650E-10 1.3314E-10 1.0242E-10 8.0525E-11 5.9865E-11 4.6049E-11 3.3370E-11 2.4796E-11 1.7908E-11 1.2599E-11 8.2613E-12 4.6358E-12 1.9950E-12 8.2946E-13 3.7367E-13 4.2408E-14
1.6162E-08 1.7805E-08 1.9365E-08 2.0796E-08 2.2041E-08 2.3055E-08 2.3794E-08 2.4232E-08 2.4348E-08 2.4141E-08 2.3620E-08 2.2805E-08 2.1732E-08 2.0443E-08 1.8991E-08 1.7422E-08 1.5793E-08 1.4155E-08 1.2552E-08 1.1013E-08 9.5686E-09 8.2453E-09 7.0437E-09 5.9605E-09 5.0135E-09 4.2077E-09 3.5103E-09 2.8987E-09 2.3809E-09 1.9513E-09 1.5858E-09 1.2784E-09 1.0368E-09 8.3944E-10 6.7898E-10 5.4726E-10 4.3899E-10 3.4544E-10 2.7912E-10 2.2456E-10 1.8479E-10 1.4949E-10 1.1908E-10 9.0839E-11 7.0213E-11 5.1714E-11 3.8858E-11 2.7474E-11 2.0158E-11 1.4262E-11 9.4463E-12 5.6744E-12 2.7406E-12 9.2282E-13 5.8291E-13 1.4005E-13 0.0000E+00
1.6139E-08 1.7855E-08 1.9497E-08 2.1007E-08 2.2325E-08 2.3404E-08 2.4203E-08 2.4684E-08 2.4824E-08 2.4621E-08 2.4084E-08 2.3231E-08 2.2105E-08 2.0753E-08 1.9228E-08 1.7585E-08 1.5887E-08 1.4186E-08 1.2519E-08 1.0932E-08 9.4530E-09 8.0976E-09 6.8810E-09 5.7908E-09 4.8409E-09 4.0428E-09 3.3564E-09 2.7541E-09 2.2527E-09 1.8365E-09 1.4864E-09 1.1892E-09 9.5797E-10 7.7239E-10 6.2268E-10 4.9982E-10 3.9940E-10 3.1485E-10 2.5211E-10 2.0201E-10 1.6550E-10 1.3311E-10 1.0475E-10 7.9400E-11 6.0636E-11 4.4215E-11 3.2226E-11 2.2108E-11 1.5718E-11 1.0499E-11 6.6919E-12 3.3634E-12 1.1606E-12 7.5507E-13 3.2812E-13 4.5153E-14 0.0000E+00
1.6060E-08 1.7850E-08 1.9572E-08 2.1165E-08 2.2572E-08 2.3733E-08 2.4598E-08 2.5125E-08 2.5292E-08 2.5093E-08 2.4537E-08 2.3648E-08 2.2466E-08 2.1046E-08 1.9443E-08 1.7722E-08 1.5944E-08 1.4168E-08 1.2445E-08 1.0812E-08 9.2975E-09 7.9228E-09 6.6913E-09 5.6010E-09 4.6485E-09 3.8630E-09 3.1865E-09 2.6032E-09 2.1188E-09 1.7202E-09 1.3842E-09 1.1026E-09 8.8136E-10 7.0550E-10 5.6606E-10 4.5336E-10 3.6095E-10 2.8317E-10 2.2602E-10 1.8057E-10 1.4700E-10 1.1715E-10 9.1264E-11 6.8589E-11 5.1081E-11 3.6582E-11 2.5723E-11 1.7285E-11 1.2006E-11 7.5048E-12 4.1906E-12 1.5610E-12 8.8614E-13 5.0683E-13 1.2321E-13 0.0000E+00 0.0000E+00
1.5919E-08 1.7782E-08 1.9589E-08 2.1275E-08 2.2768E-08 2.4008E-08 2.4944E-08 2.5528E-08 2.5732E-08 2.5546E-08 2.4976E-08 2.4046E-08 2.2803E-08 2.1309E-08 1.9626E-08 1.7821E-08 1.5967E-08 1.4124E-08 1.2340E-08 1.0660E-08 9.1134E-09 7.7171E-09 6.4802E-09 5.3902E-09 4.4394E-09 3.6706E-09 3.0108E-09 2.4450E-09 1.9810E-09 1.5983E-09 1.2797E-09 1.0134E-09 8.0381E-10 6.4263E-10 5.1135E-10 4.0755E-10 3.2328E-10 2.5324E-10 2.0126E-10 1.6000E-10 1.2945E-10 1.0257E-10 7.8592E-11 5.8403E-11 4.2446E-11 2.9768E-11 2.0104E-11 1.3098E-11 8.3792E-12 4.8345E-12 2.1478E-12 9.3587E-13 6.3628E-13 2.2530E-13 2.6984E-14 0.0000E+00 0.0000E+00
