Assets/Resources/2015_m01_d15_0700(utc+0800)_l00_csi_1hr_conc.grd
DSAA
         159         159
     -79.000      79.000
     -79.000      79.000
  0.0000E+00  0.5106E-05
[rows 75 to 99 of 159, columns 0 to 56 of 159]
5.0801E-11 5.5073E-11 5.8915E-11 6.3602E-11 6.8159E-11 7.3305E-11 7.8159E-11 8.3425E-11 8.9163E-11 9.5046E-11 1.0108E-10 1.0742E-10 1.1424E-10 1.2138E-10 1.2867E-10 1.3610E-10 1.4427E-10 1.5260E-10 1.6118E-10 1.7094E-10 1.8142E-10 1.9291E-10 2.0474E-10 2.1737E-10 2.3025E-10 2.4417E-10 2.5838E-10 2.7248E-10 2.8688E-10 3.0210E-10 3.1804E-10 3.3466E-10 3.5184E-10 3.7017E-10 3.8871E-10 4.0825E-10 4.2881E-10 4.5005E-10 4.7225E-10 4.9545E-10 5.1984E-10 5.4509E-10 5.7139E-10 5.9880E-10 6.2733E-10 6.5706E-10 6.8722E-10 7.1883E-10 7.5235E-10 7.8669E-10 8.2176E-10 8.5806E-10 8.9744E-10 9.3667E-10 9.7784E-10 1.0206E-09 1.0657E-09
4.7867E-11 5.1437E-11 5.5473E-11 5.9687E-11 6.3949E-11 6.8746E-11 7.3776E-11 7.9022E-11 8.4299E-11 8.9523E-11 9.5585E-11 1.0180E-10 1.0811E-10 1.1492E-10 1.2187E-10 1.2932E-10 1.3692E-10 1.4470E-10 1.5320E-10 1.6214E-10 1.7215E-10 1.8309E-10 1.9461E-10 2.0632E-10 2.1919E-10 2.3212E-10 2.4609E-10 2.5941E-10 2.7354E-10 2.8793E-10 3.0335E-10 3.1910E-10 3.3553E-10 3.5290E-10 3.7104E-10 3.8976E-10 4.0929E-10 4.2964E-10 4.5114E-10 4.7342E-10 4.9664E-10 5.2082E-10 5.4635E-10 5.7270E-10 5.9984E-10 6.2873E-10 6.5773E-10 6.8781E-10 7.2044E-10 7.5305E-10 7.8731E-10 8.2228E-10 8.5986E-10 8.9812E-10 9.3786E-10 9.7917E-10 1.0220E-09
4.4436E-11 4.8388E-11 5.1640E-11 5.5990E-11 6.0213E-11 6.4894E-11 6.9446E-11 7.4368E-11 7.9410E-11 8.4875E-11 9.0456E-11 9.6374E-11 1.0223E-10 1.0872E-10 1.1550E-10 1.2241E-10 1.2965E-10 1.3741E-10 1.4531E-10 1.5345E-10 1.6315E-10 1.7345E-10 1.8425E-10 1.9581E-10 2.0793E-10 2.2047E-10 2.3346E-10 2.4710E-10 2.6042E-10 2.7435E-10 2.8873E-10 3.0416E-10 3.1988E-10 3.3632E-10 3.5387E-10 3.7158E-10 3.9050E-10 4.0980E-10 4.3040E-10 4.5168E-10 4.7390E-10 4.9744E-10 5.2138E-10 5.4684E-10 5.7332E-10 6.0042E-10 6.2895E-10 6.5786E-10 6.8892E-10 7.2063E-10 7.5360E-10 7.8727E-10 8.2284E-10 8.6036E-10 8.9810E-10 9.3852E-10 9.7980E-10
4.1553E-11 4.4839E-11 4.8673E-11 5.2412E-11 5.6116E-11 6.0662E-11 6.5292E-11 6.9878E-11 7.4858E-11 7.9982E-11 8.5255E-11 9.0812E-11 9.6887E-11 1.0270E-10 1.0898E-10 1.1575E-10 1.2282E-10 1.3020E-10 1.3757E-10 1.4563E-10 1.5432E-10 1.6432E-10 1.7461E-10 1.8565E-10 1.9705E-10 2.0922E-10 2.2161E-10 2.3500E-10 2.4752E-10 2.6102E-10 2.7475E-10 2.8950E-10 3.0452E-10 3.2042E-10 3.3683E-10 3.5414E-10 3.7225E-10 3.9072E-10 4.1026E-10 4.3062E-10 4.5212E-10 4.7469E-10 4.9764E-10 5.2150E-10 5.4748E-10 5.7349E-10 6.0088E-10 6.2864E-10 6.5849E-10 6.8897E-10 7.2022E-10 7.5306E-10 7.8729E-10 8.2341E-10 8.5974E-10 8.9733E-10 9.3849E-10
3.8012E-11 4.2178E-11 4.5111E-11 4.8884E-11 5.2886E-11 5.6626E-11 6.0911E-11 6.5461E-11 7.0312E-11 7.5201E-11 8.0383E-11 8.5671E-11 9.1051E-11 9.7107E-11 1.0308E-10 1.0951E-10 1.1587E-10 1.2290E-10 1.3024E-10 1.3775E-10 1.4599E-10 1.5549E-10 1.6532E-10 1.7584E-10 1.8669E-10 1.9812E-10 2.0994E-10 2.2254E-10 2.3524E-10 2.4793E-10 2.6122E-10 2.7512E-10 2.8965E-10 3.0483E-10 3.2051E-10 3.3686E-10 3.5416E-10 3.7221E-10 3.9090E-10 4.1038E-10 4.3048E-10 4.5225E-10 4.7456E-10 4.9742E-10 5.2204E-10 5.4727E-10 5.7319E-10 6.0017E-10 6.2834E-10 6.5810E-10 6.8811E-10 7.1921E-10 7.5256E-10 7.8669E-10 8.2225E-10 8.5841E-10 8.9752E-10
3.4720E-11 3.8197E-11 4.2238E-11 4.5280E-11 4.8901E-11 5.3023E-11 5.6820E-11 6.1329E-11 6.5812E-11 7.0451E-11 7.5433E-11 8.0713E-11 8.5966E-11 9.1531E-11 9.7015E-11 1.0314E-10 1.0953E-10 1.1622E-10 1.2304E-10 1.3015E-10 1.3776E-10 1.4644E-10 1.5579E-10 1.6602E-10 1.7619E-10 1.8727E-10 1.9871E-10 2.1091E-10 2.2335E-10 2.3564E-10 2.4812E-10 2.6157E-10 2.7524E-10 2.8953E-10 3.0488E-10 3.2049E-10 3.3682E-10 3.5386E-10 3.7183E-10 3.9075E-10 4.0997E-10 4.3033E-10 4.5214E-10 4.7402E-10 4.9721E-10 5.2149E-10 5.4632E-10 5.7211E-10 5.9913E-10 6.2754E-10 6.5681E-10 6.8666E-10 7.1826E-10 7.5105E-10 7.8564E-10 8.2039E-10 8.5802E-10
3.2009E-11 3.4924E-11 3.8203E-11 4.2362E-11 4.5590E-11 4.9319E-11 5.3167E-11 5.6948E-11 6.1325E-11 6.6231E-11 7.0829E-11 7.5650E-11 8.0603E-11 8.6031E-11 9.1757E-11 9.7569E-11 1.0308E-10 1.0944E-10 1.1607E-10 1.2301E-10 1.3008E-10 1.3809E-10 1.4735E-10 1.5672E-10 1.6678E-10 1.7732E-10 1.8823E-10 1.9969E-10 2.1189E-10 2.2359E-10 2.3548E-10 2.4829E-10 2.6132E-10 2.7512E-10 2.8958E-10 3.0465E-10 3.2023E-10 3.3649E-10 3.5326E-10 3.7125E-10 3.9008E-10 4.0954E-10 4.2982E-10 4.5106E-10 4.7350E-10 4.9635E-10 5.2050E-10 5.4519E-10 5.7107E-10 5.9796E-10 6.2588E-10 6.5496E-10 6.8527E-10 7.1673E-10 7.4935E-10 7.8329E-10 8.1868E-10
2.8754E-11 3.2006E-11 3.5504E-11 3.8166E-11 4.2183E-11 4.5517E-11 4.9104E-11 5.3376E-11 5.7315E-11 6.1461E-11 6.5932E-11 7.1038E-11 7.6019E-11 8.0963E-11 8.5795E-11 9.1487E-11 9.7258E-11 1.0346E-10 1.0923E-10 1.1581E-10 1.2268E-10 1.3008E-10 1.3870E-10 1.4760E-10 1.5696E-10 1.6683E-10 1.7721E-10 1.8830E-10 1.9976E-10 2.1181E-10 2.2328E-10 2.3511E-10 2.4789E-10 2.6085E-10 2.7461E-10 2.8879E-10 3.0402E-10 3.1952E-10 3.3568E-10 3.5265E-10 3.7034E-10 3.8940E-10 4.0877E-10 4.2875E-10 4.4996E-10 4.7235E-10 4.9507E-10 5.1906E-10 5.4382E-10 5.6955E-10 5.9628E-10 6.2368E-10 6.5252E-10 6.8332E-10 7.1459E-10 7.4658E-10 7.8055E-10
2.6533E-11 2.8792E-11 3.1701E-11 3.5446E-11 3.8071E-11 4.2456E-11 4.6095E-11 4.9066E-11 5.3192E-11 5.7317E-11 6.1825E-11 6.5914E-11 7.0631E-11 7.5761E-11 8.0993E-11 8.6216E-11 9.1112E-11 9.7013E-11 1.0299E-10 1.0942E-10 1.1558E-10 1.2223E-10 1.3038E-10 1.3904E-10 1.4796E-10 1.5768E-10 1.6771E-10 1.7807E-10 1.8897E-10 2.0059E-10 2.1151E-10 2.2294E-10 2.3491E-10 2.4744E-10 2.6053E-10 2.7403E-10 2.8813E-10 3.0311E-10 3.1870E-10 3.3487E-10 3.5173E-10 3.6912E-10 3.8821E-10 4.0746E-10 4.2771E-10 4.4880E-10 4.7050E-10 4.9336E-10 5.1651E-10 5.4198E-10 5.6755E-10 5.9375E-10 6.2091E-10 6.4978E-10 6.8036E-10 7.1142E-10 7.4397E-10
2.3625E-11 2.6371E-11 2.8548E-11 3.1739E-11 3.5158E-11 3.8145E-11 4.2173E-11 4.5915E-11 4.9243E-11 5.2944E-11 5.7042E-11 6.1406E-11 6.6421E-11 7.1004E-11 7.5354E-11 8.0609E-11 8.5959E-11 9.1375E-11 9.6678E-11 1.0241E-10 1.0877E-10 1.1541E-10 1.2238E-10 1.3042E-10 1.3922E-10 1.4810E-10 1.5692E-10 1.6695E-10 1.7750E-10 1.8839E-10 1.9984E-10 2.1069E-10 2.2224E-10 2.3432E-10 2.4677E-10 2.5961E-10 2.7321E-10 2.8725E-10 3.0190E-10 3.1752E-10 3.3358E-10 3.5032E-10 3.6793E-10 3.8662E-10 4.0553E-10 4.2605E-10 4.4701E-10 4.6854E-10 4.9092E-10 5.1442E-10 5.3934E-10 5.6471E-10 5.9067E-10 6.1827E-10 6.4693E-10 6.7725E-10 7.0841E-10
2.1169E-11 2.3307E-11 2.6174E-11 2.8533E-11 3.1492E-11 3.4702E-11 3.8098E-11 4.1960E-11 4.5672E-11 4.8968E-11 5.3224E-11 5.6763E-11 6.1147E-11 6.5893E-11 7.0820E-11 7.5503E-11 7.9948E-11 8.5436E-11 9.0792E-11 9.6572E-11 1.0225E-10 1.0801E-10 1.1458E-10 1.2235E-10 1.3054E-10 1.3917E-10 1.4840E-10 1.5774E-10 1.6759E-10 1.7810E-10 1.8896E-10 1.9943E-10 2.1024E-10 2.2153E-10 2.3316E-10 2.4574E-10 2.5848E-10 2.7200E-10 2.8594E-10 3.0047E-10 3.1604E-10 3.3198E-10 3.4874E-10 3.6643E-10 3.8444E-10 4.0393E-10 4.2391E-10 4.4482E-10 4.6616E-10 4.8858E-10 5.1189E-10 5.3610E-10 5.6135E-10 5.8772E-10 6.1509E-10 6.4349E-10 6.7251E-10
1.9065E-11 2.1398E-11 2.3101E-11 2.5943E-11 2.8399E-11 3.1454E-11 3.4465E-11 3.7749E-11 4.2015E-11 4.5248E-11 4.8838E-11 5.2852E-11 5.6821E-11 6.1358E-11 6.5280E-11 7.0414E-11 7.5340E-11 7.9943E-11 8.4824E-11 9.0294E-11 9.5826E-11 1.0179E-10 1.0783E-10 1.1465E-10 1.2278E-10 1.3112E-10 1.3953E-10 1.4838E-10 1.5749E-10 1.6747E-10 1.7741E-10 1.8862E-10 1.9867E-10 2.0959E-10 2.2062E-10 2.3236E-10 2.4446E-10 2.5730E-10 2.7054E-10 2.8454E-10 2.9907E-10 3.1421E-10 3.3044E-10 3.4707E-10 3.6440E-10 3.8266E-10 4.0169E-10 4.2124E-10 4.4157E-10 4.6323E-10 4.8581E-10 5.0889E-10 5.3252E-10 5.5769E-10 5.8382E-10 6.1094E-10 6.3905E-10
1.6765E-11 1.8748E-11 2.1008E-11 2.2591E-11 2.5802E-11 2.7895E-11 3.1129E-11 3.4087E-11 3.7484E-11 4.0870E-11 4.4905E-11 4.8440E-11 5.2420E-11 5.6478E-11 6.1027E-11 6.5478E-11 6.9677E-11 7.4559E-11 7.9645E-11 8.4455E-11 8.9686E-11 9.5164E-11 1.0087E-10 1.0700E-10 1.1418E-10 1.2195E-10 1.3027E-10 1.3883E-10 1.4750E-10 1.5715E-10 1.6691E-10 1.7719E-10 1.8723E-10 1.9739E-10 2.0802E-10 2.1917E-10 2.3081E-10 2.4279E-10 2.5553E-10 2.6885E-10 2.8282E-10 2.9721E-10 3.1254E-10 3.2835E-10 3.4482E-10 3.6219E-10 3.8029E-10 3.9915E-10 4.1849E-10 4.3859E-10 4.6027E-10 4.8226E-10 5.0509E-10 5.2843E-10 5.5335E-10 5.7984E-10 6.0665E-10
1.3887E-11 1.6124E-11 1.8547E-11 2.0777E-11 2.2542E-11 2.5319E-11 2.7699E-11 3.0888E-11 3.3681E-11 3.7167E-11 4.0502E-11 4.4511E-11 4.8450E-11 5.2197E-11 5.5815E-11 6.0321E-11 6.4911E-11 6.9430E-11 7.3807E-11 7.8894E-11 8.4011E-11 8.9158E-11 9.4189E-11 1.0003E-10 1.0716E-10 1.1464E-10 1.2218E-10 1.3030E-10 1.3881E-10 1.4758E-10 1.5648E-10 1.6638E-10 1.7678E-10 1.8641E-10 1.9648E-10 2.0683E-10 2.1807E-10 2.2942E-10 2.4150E-10 2.5393E-10 2.6718E-10 2.8083E-10 2.9507E-10 3.1008E-10 3.2572E-10 3.4234E-10 3.5954E-10 3.7785E-10 3.9623E-10 4.1534E-10 4.3547E-10 4.5640E-10 4.7861E-10 5.0082E-10 5.2454E-10 5.4917E-10 5.7472E-10
1.0938E-11 1.3541E-11 1.5791E-11 1.8323E-11 2.0341E-11 2.2257E-11 2.4571E-11 2.7154E-11 3.0619E-11 3.3379E-11 3.6873E-11 3.9975E-11 4.3931E-11 4.7756E-11 5.1711E-11 5.5493E-11 5.9666E-11 6.4148E-11 6.9094E-11 7.3591E-11 7.8041E-11 8.3107E-11 8.8370E-11 9.3663E-11 9.8703E-11 1.0601E-10 1.1365E-10 1.2131E-10 1.2907E-10 1.3773E-10 1.4685E-10 1.5624E-10 1.6575E-10 1.7552E-10 1.8525E-10 1.9503E-10 2.0548E-10 2.1640E-10 2.2766E-10 2.3961E-10 2.5189E-10 2.6484E-10 2.7833E-10 2.9303E-10 3.0787E-10 3.2333E-10 3.3966E-10 3.5668E-10 3.7414E-10 3.9230E-10 4.1171E-10 4.3160E-10 4.5227E-10 4.7372E-10 4.9630E-10 5.1973E-10 5.4405E-10
9.0698E-12 1.0055E-11 1.3374E-11 1.4170E-11 1.8078E-11 1.9505E-11 2.1946E-11 2.3805E-11 2.6767E-11 2.9045E-11 3.3025E-11 3.6114E-11 3.9787E-11 4.2751E-11 4.7198E-11 5.0982E-11 5.5091E-11 5.9398E-11 6.3242E-11 6.8130E-11 7.2932E-11 7.7486E-11 8.1926E-11 8.7301E-11 9.2889E-11 9.9599E-11 1.0599E-10 1.1340E-10 1.2119E-10 1.2920E-10 1.3712E-10 1.4599E-10 1.5531E-10 1.6493E-10 1.7412E-10 1.8354E-10 1.9343E-10 2.0376E-10 2.1437E-10 2.2569E-10 2.3731E-10 2.4995E-10 2.6273E-10 2.7639E-10 2.9026E-10 3.0492E-10 3.2061E-10 3.3675E-10 3.5355E-10 3.7078E-10 3.8919E-10 4.0807E-10 4.2769E-10 4.4806E-10 4.6885E-10 4.9177E-10 5.1487E-10
6.4251E-12 8.0993E-12 9.9264E-12 1.2151E-11 1.3970E-11 1.7156E-11 1.9213E-11 2.1609E-11 2.3437E-11 2.6480E-11 2.8718E-11 3.2260E-11 3.5058E-11 3.9173E-11 4.2285E-11 4.6666E-11 5.0193E-11 5.4370E-11 5.8684E-11 6.2821E-11 6.7085E-11 7.1823E-11 7.6681E-11 8.1549E-11 8.5951E-11 9.2090E-11 9.8729E-11 1.0572E-10 1.1243E-10 1.2019E-10 1.2835E-10 1.3673E-10 1.4521E-10 1.5430E-10 1.6384E-10 1.7274E-10 1.8208E-10 1.9184E-10 2.0204E-10 2.1274E-10 2.2373E-10 2.3548E-10 2.4739E-10 2.6000E-10 2.7350E-10 2.8739E-10 3.0185E-10 3.1754E-10 3.3347E-10 3.4980E-10 3.6676E-10 3.8495E-10 4.0356E-10 4.2255E-10 4.4262E-10 4.6378E-10 4.8574E-10
6.1115E-12 6.3457E-12 7.0178E-12 9.7875E-12 1.0972E-11 1.3755E-11 1.5523E-11 1.8901E-11 2.1112E-11 2.3168E-11 2.5832E-11 2.8234E-11 3.1579E-11 3.4468E-11 3.8252E-11 4.1584E-11 4.5896E-11 4.9491E-11 5.3452E-11 5.7523E-11 6.1981E-11 6.6875E-11 7.0633E-11 7.5419E-11 8.0396E-11 8.5382E-11 9.1208E-11 9.8215E-11 1.0516E-10 1.1212E-10 1.1911E-10 1.2720E-10 1.3533E-10 1.4427E-10 1.5312E-10 1.6204E-10 1.7083E-10 1.8006E-10 1.8970E-10 1.9981E-10 2.1037E-10 2.2120E-10 2.3280E-10 2.4473E-10 2.5750E-10 2.7063E-10 2.8412E-10 2.9880E-10 3.1389E-10 3.2959E-10 3.4566E-10 3.6289E-10 3.8053E-10 3.9885E-10 4.1786E-10 4.3791E-10 4.5873E-10
5.8100E-12 6.0327E-12 6.2604E-12 6.4933E-12 8.9627E-12 1.0234E-11 1.2858E-11 1.4509E-11 1.7515E-11 1.9765E-11 2.2750E-11 2.4402E-11 2.7854E-11 3.0566E-11 3.3841E-11 3.7073E-11 4.0836E-11 4.4589E-11 4.8571E-11 5.2685E-11 5.6679E-11 6.0876E-11 6.5700E-11 7.0256E-11 7.4257E-11 7.8970E-11 8.4693E-11 9.1138E-11 9.7014E-11 1.0409E-10 1.1135E-10 1.1849E-10 1.2616E-10 1.3460E-10 1.4291E-10 1.5186E-10 1.6050E-10 1.6919E-10 1.7829E-10 1.8778E-10 1.9757E-10 2.0797E-10 2.1893E-10 2.3000E-10 2.4207E-10 2.5467E-10 2.6760E-10 2.8147E-10 2.9573E-10 3.1058E-10 3.2548E-10 3.4179E-10 3.5876E-10 3.7609E-10 3.9408E-10 4.1241E-10 4.3214E-10
5.5204E-12 5.7320E-12 5.9484E-12 6.1696E-12 6.3955E-12 8.1327E-12 1.0062E-11 1.1818E-11 1.4244E-11 1.6384E-11 1.9196E-11 2.1980E-11 2.3869E-11 2.7303E-11 2.9410E-11 3.3039E-11 3.6190E-11 3.9908E-11 4.3374E-11 4.7692E-11 5.1877E-11 5.5712E-11 5.9714E-11 6.4648E-11 6.9129E-11 7.3366E-11 7.7650E-11 8.3925E-11 9.0301E-11 9.6491E-11 1.0279E-10 1.1036E-10 1.1756E-10 1.2500E-10 1.3319E-10 1.4181E-10 1.5028E-10 1.5862E-10 1.6700E-10 1.7596E-10 1.8536E-10 1.9518E-10 2.0552E-10 2.1631E-10 2.2738E-10 2.3900E-10 2.5122E-10 2.6374E-10 2.7742E-10 2.9147E-10 3.0608E-10 3.2100E-10 3.3706E-10 3.5347E-10 3.7050E-10 3.8816E-10 4.0683E-10
5.2424E-12 5.4433E-12 5.6488E-12 5.8588E-12 6.0733E-12 6.2923E-12 6.8606E-12 9.2037E-12 1.0801E-11 1.3300E-11 1.5457E-11 1.7472E-11 2.0725E-11 2.3372E-11 2.5895E-11 2.8560E-11 3.1850E-11 3.5249E-11 3.8411E-11 4.2490E-11 4.5985E-11 5.0628E-11 5.4551E-11 5.8657E-11 6.3114E-11 6.7738E-11 7.2242E-11 7.6857E-11 8.2706E-11 8.9220E-11 9.5508E-11 1.0194E-10 1.0890E-10 1.1640E-10 1.2393E-10 1.3168E-10 1.4020E-10 1.4857E-10 1.5664E-10 1.6507E-10 1.7410E-10 1.8295E-10 1.9259E-10 2.0259E-10 2.1302E-10 2.2425E-10 2.3595E-10 2.4795E-10 2.6086E-10 2.7410E-10 2.8789E-10 3.0168E-10 3.1684E-10 3.3261E-10 3.4869E-10 3.6503E-10 3.8300E-10
4.9757E-12 5.1663E-12 5.3613E-12 5.5607E-12 5.7643E-12 5.9721E-12 6.1839E-12 6.3999E-12 8.2091E-12 1.0062E-11 1.2082E-11 1.4410E-11 1.6615E-11 1.9237E-11 2.2580E-11 2.4961E-11 2.7780E-11 3.0780E-11 3.4274E-11 3.7198E-11 4.1299E-11 4.4788E-11 4.9221E-11 5.2989E-11 5.7563E-11 6.1208E-11 6.6282E-11 7.0696E-11 7.6385E-11 8.1831E-11 8.8087E-11 9.4483E-11 1.0102E-10 1.0754E-10 1.1496E-10 1.2259E-10 1.3063E-10 1.3849E-10 1.4659E-10 1.5450E-10 1.6260E-10 1.7131E-10 1.8040E-10 1.8999E-10 1.9999E-10 2.1023E-10 2.2125E-10 2.3209E-10 2.4428E-10 2.5697E-10 2.6998E-10 2.8313E-10 2.9693E-10 3.1183E-10 3.2701E-10 3.4277E-10 3.5911E-10
4.7199E-12 4.9008E-12 5.0858E-12 5.2748E-12 5.4679E-12 5.6650E-12 5.8660E-12 6.0708E-12 6.2793E-12 7.5713E-12 9.1789E-12 1.1344E-11 1.2422E-11 1.5954E-11 1.7602E-11 2.1381E-11 2.4055E-11 2.6811E-11 2.9745E-11 3.2632E-11 3.6075E-11 4.0069E-11 4.3830E-11 4.7550E-11 5.1456E-11 5.6445E-11 6.0336E-11 6.4764E-11 6.9511E-11 7.5320E-11 8.0851E-11 8.6685E-11 9.3022E-11 9.9675E-11 1.0629E-10 1.1346E-10 1.2097E-10 1.2873E-10 1.3632E-10 1.4447E-10 1.5226E-10 1.6044E-10 1.6898E-10 1.7770E-10 1.8691E-10 1.9654E-10 2.0693E-10 2.1776E-10 2.2885E-10 2.4080E-10 2.5306E-10 2.6554E-10 2.7850E-10 2.9254E-10 3.0712E-10 3.2196E-10 3.3702E-10
4.4749E-12 4.6464E-12 4.8217E-12 5.0010E-12 5.1840E-12 5.3709E-12 5.5614E-12 5.7556E-12 5.9532E-12 6.1543E-12 6.7526E-12 8.0291E-12 1.0371E-11 1.1995E-11 1.3665E-11 1.6898E-11 1.9031E-11 2.2983E-11 2.5256E-11 2.8537E-11 3.1122E-11 3.4681E-11 3.7916E-11 4.2089E-11 4.5877E-11 5.0030E-11 5.4337E-11 5.8861E-11 6.3026E-11 6.8464E-11 7.4028E-11 8.0045E-11 8.5609E-11 9.1676E-11 9.8248E-11 1.0478E-10 1.1186E-10 1.1966E-10 1.2711E-10 1.3460E-10 1.4224E-10 1.4951E-10 1.5772E-10 1.6609E-10 1.7495E-10 1.8417E-10 1.9394E-10 2.0393E-10 2.1375E-10 2.2502E-10 2.3675E-10 2.4875E-10 2.6084E-10 2.7406E-10 2.8730E-10 3.0130E-10 3.1581E-10
4.2403E-12 4.4027E-12 4.5689E-12 4.7387E-12 4.9122E-12 5.0892E-12 5.2698E-12 5.4537E-12 5.6410E-12 5.8315E-12 6.0252E-12 6.2219E-12 7.5650E-12 8.2675E-12 1.1275E-11 1.2340E-11 1.4620E-11 1.7700E-11 2.0612E-11 2.4079E-11 2.7175E-11 2.9800E-11 3.3471E-11 3.6486E-11 4.0515E-11 4.4044E-11 4.8435E-11 5.2367E-11 5.7052E-11 6.1508E-11 6.7541E-11 7.2827E-11 7.8436E-11 8.4297E-11 9.0283E-11 9.6556E-11 1.0338E-10 1.1017E-10 1.1733E-10 1.2502E-10 1.3239E-10 1.3972E-10 1.4743E-10 1.5529E-10 1.6330E-10 1.7158E-10 1.8062E-10 1.9020E-10 2.0018E-10 2.1037E-10 2.2140E-10 2.3242E-10 2.4386E-10 2.5605E-10 2.6898E-10 2.8241E-10 2.9570E-10
