Assets/Resources/2015_m01_d12_1500(utc+0800)_l00_csi_1hr_conc.grd
DSAA
         159         159
     -79.000      79.000
     -79.000      79.000
  0.0000E+00  0.1719E-05
[rows 25 to 49 of 159, columns 0 to 56 of 159]
4.0592E-10 4.1806E-10 4.2769E-10 4.3366E-10 4.3556E-10 4.3396E-10 4.2952E-10 4.2316E-10 4.1367E-10 4.0184E-10 3.8784E-10 3.7077E-10 3.5103E-10 3.3230E-10 3.1207E-10 2.9104E-10 2.7085E-10 2.5033E-10 2.2583E-10 2.0486E-10 1.8639E-10 1.6744E-10 1.4544E-10 1.2933E-10 1.1255E-10 9.5473E-11 8.1168E-11 6.5985E-11 5.3005E-11 4.3622E-11 3.3015E-11 2.2515E-11 1.4614E-11 8.4817E-12 5.3867E-12 2.5279E-12 4.2754E-13 0.0000E+00 0.0000E+00 0.0000E+00 0.0000E+00 0.0000E+00 0.0000E+00 0.0000E+00 0.0000E+00 0.0000E+00 0.0000E+00 0.0000E+00 0.0000E+00 0.0000E+00 0.0000E+00 0.0000E+00 0.0000E+00 0.0000E+00 0.0000E+00 0.0000E+00 0.0000E+00
4.9987E-10 5.1722E-10 5.3055E-10 5.3872E-10 5.4294E-10 5.4416E-10 5.4145E-10 5.3521E-10 5.2648E-10 5.1543E-10 5.0096E-10 4.8437E-10 4.6545E-10 4.4296E-10 4.1848E-10 3.9419E-10 3.6847E-10 3.4319E-10 3.1893E-10 2.9201E-10 2.6396E-10 2.4115E-10 2.1925E-10 1.9356E-10 1.7212E-10 1.5099E-10 1.3031E-10 1.1181E-10 9.3002E-11 7.6233E-11 6.2121E-11 5.0372E-11 3.6409E-11 2.3473E-11 1.2871E-11 6.7013E-12 3.7450E-12 1.3331E-12 0.0000E+00 0.0000E+00 0.0000E+00 0.0000E+00 0.0000E+00 0.0000E+00 0.0000E+00 0.0000E+00 0.0000E+00 0.0000E+00 0.0000E+00 0.0000E+00 0.0000E+00 0.0000E+00 0.0000E+00 0.0000E+00 0.0000E+00 0.0000E+00 0.0000E+00
6.1181E-10 6.3360E-10 6.5095E-10 6.6382E-10 6.7238E-10 6.7587E-10 6.7416E-10 6.6960E-10 6.6195E-10 6.5025E-10 6.3466E-10 6.1637E-10 5.9547E-10 5.7351E-10 5.4954E-10 5.2205E-10 4.9328E-10 4.6198E-10 4.2960E-10 4.0038E-10 3.6976E-10 3.3674E-10 3.0728E-10 2.8151E-10 2.5258E-10 2.2577E-10 1.9980E-10 1.7340E-10 1.5031E-10 1.2700E-10 1.0394E-10 8.4731E-11 6.7579E-11 5.2894E-11 3.6566E-11 2.1231E-11 1.0915E-11 4.5342E-12 2.0664E-12 0.0000E+00 0.0000E+00 0.0000E+00 0.0000E+00 0.0000E+00 0.0000E+00 0.0000E+00 0.0000E+00 0.0000E+00 0.0000E+00 0.0000E+00 0.0000E+00 0.0000E+00 0.0000E+00 0.0000E+00 0.0000E+00 0.0000E+00 0.0000E+00
7.4106E-10 7.6931E-10 7.9291E-10 8.1165E-10 8.2406E-10 8.3054E-10 8.3247E-10 8.3041E-10 8.2333E-10 8.1195E-10 7.9699E-10 7.7792E-10 7.5552E-10 7.3156E-10 7.0511E-10 6.7620E-10 6.4529E-10 6.1286E-10 5.7711E-10 5.3838E-10 5.0202E-10 4.6612E-10 4.2765E-10 3.8982E-10 3.5633E-10 3.2039E-10 2.8742E-10 2.5496E-10 2.2254E-10 1.9290E-10 1.6295E-10 1.3514E-10 1.0844E-10 8.4391E-11 6.6194E-11 4.7647E-11 2.9521E-11 1.5580E-11 6.3955E-12 2.1686E-12 1.9662E-13 0.0000E+00 0.0000E+00 0.0000E+00 0.0000E+00 0.0000E+00 0.0000E+00 0.0000E+00 0.0000E+00 0.0000E+00 0.0000E+00 0.0000E+00 0.0000E+00 0.0000E+00 0.0000E+00 0.0000E+00 0.0000E+00
8.9006E-10 9.2667E-10 9.5809E-10 9.8274E-10 1.0001E-09 1.0126E-09 1.0192E-09 1.0197E-09 1.0155E-09 1.0066E-09 9.9205E-10 9.7234E-10 9.4952E-10 9.2356E-10 8.9401E-10 8.6192E-10 8.2847E-10 7.9157E-10 7.5284E-10 7.1389E-10 6.6980E-10 6.2391E-10 5.7931E-10 5.3464E-10 4.8925E-10 4.4781E-10 4.0383E-10 3.6229E-10 3.2193E-10 2.8128E-10 2.4364E-10 2.0795E-10 1.7690E-10 1.4374E-10 1.1126E-10 8.5114E-11 6.2971E-11 4.2566E-11 2.6533E-11 1.4068E-11 5.8396E-12 3.3137E-12 2.1212E-12 8.0095E-13 0.0000E+00 0.0000E+00 0.0000E+00 0.0000E+00 0.0000E+00 0.0000E+00 0.0000E+00 0.0000E+00 0.0000E+00 0.0000E+00 0.0000E+00 0.0000E+00 0.0000E+00
1.0601E-09 1.1072E-09 1.1470E-09 1.1787E-09 1.2048E-09 1.2248E-09 1.2363E-09 1.2419E-09 1.2423E-09 1.2357E-09 1.2224E-09 1.2037E-09 1.1806E-09 1.1529E-09 1.1217E-09 1.0865E-09 1.0479E-09 1.0063E-09 9.6350E-10 9.1609E-10 8.6952E-10 8.1885E-10 7.6826E-10 7.1415E-10 6.6143E-10 6.0726E-10 5.5728E-10 5.0552E-10 4.5355E-10 4.0228E-10 3.5030E-10 3.0005E-10 2.5419E-10 2.1379E-10 1.7823E-10 1.4011E-10 1.0739E-10 8.1618E-11 5.9339E-11 3.8680E-11 2.2731E-11 1.2473E-11 7.8606E-12 5.3558E-12 2.0241E-12 0.0000E+00 0.0000E+00 0.0000E+00 0.0000E+00 0.0000E+00 0.0000E+00 0.0000E+00 0.0000E+00 0.0000E+00 0.0000E+00 0.0000E+00 0.0000E+00
1.2531E-09 1.3105E-09 1.3602E-09 1.4034E-09 1.4401E-09 1.4675E-09 1.4863E-09 1.4997E-09 1.5050E-09 1.5020E-09 1.4924E-09 1.4757E-09 1.4531E-09 1.4252E-09 1.3918E-09 1.3528E-09 1.3105E-09 1.2643E-09 1.2149E-09 1.1620E-09 1.1060E-09 1.0497E-09 9.9166E-10 9.3122E-10 8.7138E-10 8.1005E-10 7.4792E-10 6.8644E-10 6.2285E-10 5.5824E-10 4.9319E-10 4.3018E-10 3.6926E-10 3.1242E-10 2.5957E-10 2.1520E-10 1.7210E-10 1.3388E-10 1.0272E-10 7.7104E-11 5.2355E-11 3.2687E-11 1.9636E-11 1.1641E-11 8.2879E-12 5.1199E-12 5.6090E-13 0.0000E+00 0.0000E+00 0.0000E+00 0.0000E+00 0.0000E+00 0.0000E+00 0.0000E+00 0.0000E+00 0.0000E+00 0.0000E+00
1.4678E-09 1.5373E-09 1.6007E-09 1.6580E-09 1.7051E-09 1.7422E-09 1.7726E-09 1.7940E-09 1.8054E-09 1.8097E-09 1.8051E-09 1.7908E-09 1.7704E-09 1.7433E-09 1.7089E-09 1.6688E-09 1.6229E-09 1.5712E-09 1.5152E-09 1.4564E-09 1.3939E-09 1.3268E-09 1.2608E-09 1.1924E-09 1.1243E-09 1.0542E-09 9.8318E-10 9.0710E-10 8.3523E-10 7.6034E-10 6.7922E-10 6.0092E-10 5.2432E-10 4.5167E-10 3.8313E-10 3.1574E-10 2.6071E-10 2.1126E-10 1.6727E-10 1.2697E-10 9.6124E-11 6.7815E-11 4.6786E-11 3.1131E-11 2.0388E-11 1.5209E-11 9.2347E-12 3.5652E-12 0.0000E+00 0.0000E+00 0.0000E+00 0.0000E+00 0.0000E+00 0.0000E+00 0.0000E+00 0.0000E+00 0.0000E+00
1.7042E-09 1.7892E-09 1.8694E-09 1.9399E-09 2.0002E-09 2.0524E-09 2.0942E-09 2.1249E-09 2.1473E-09 2.1602E-09 2.1606E-09 2.1520E-09 2.1361E-09 2.1115E-09 2.0784E-09 2.0377E-09 1.9886E-09 1.9328E-09 1.8716E-09 1.8058E-09 1.7347E-09 1.6610E-09 1.5855E-09 1.5080E-09 1.4288E-09 1.3457E-09 1.2660E-09 1.1810E-09 1.0954E-09 1.0023E-09 9.1022E-10 8.1785E-10 7.1804E-10 6.2385E-10 5.3839E-10 4.5817E-10 3.8141E-10 3.1377E-10 2.5806E-10 2.0561E-10 1.5781E-10 1.2034E-10 8.9724E-11 6.6572E-11 4.5720E-11 3.0035E-11 2.2250E-11 1.3711E-11 6.3813E-12 1.3891E-12 0.0000E+00 0.0000E+00 0.0000E+00 0.0000E+00 0.0000E+00 0.0000E+00 0.0000E+00
1.9628E-09 2.0663E-09 2.1630E-09 2.2493E-09 2.3274E-09 2.3959E-09 2.4509E-09 2.4952E-09 2.5304E-09 2.5521E-09 2.5619E-09 2.5624E-09 2.5525E-09 2.5323E-09 2.5022E-09 2.4624E-09 2.4123E-09 2.3535E-09 2.2874E-09 2.2154E-09 2.1374E-09 2.0572E-09 1.9714E-09 1.8823E-09 1.7914E-09 1.7014E-09 1.6081E-09 1.5103E-09 1.4085E-09 1.3028E-09 1.1945E-09 1.0814E-09 9.7092E-10 8.6037E-10 7.4864E-10 6.4309E-10 5.4722E-10 4.6292E-10 3.8193E-10 3.1311E-10 2.5130E-10 1.9810E-10 1.5200E-10 1.1486E-10 8.8327E-11 6.2531E-11 4.2669E-11 3.0118E-11 1.8348E-11 8.4636E-12 2.6609E-12 0.0000E+00 0.0000E+00 0.0000E+00 0.0000E+00 0.0000E+00 0.0000E+00
2.2417E-09 2.3653E-09 2.4803E-09 2.5859E-09 2.6847E-09 2.7702E-09 2.8421E-09 2.9039E-09 2.9522E-09 2.9864E-09 3.0106E-09 3.0210E-09 3.0194E-09 3.0072E-09 2.9827E-09 2.9447E-09 2.8955E-09 2.8364E-09 2.7670E-09 2.6900E-09 2.6071E-09 2.5183E-09 2.4234E-09 2.3242E-09 2.2256E-09 2.1222E-09 2.0154E-09 1.9045E-09 1.7915E-09 1.6695E-09 1.5409E-09 1.4097E-09 1.2763E-09 1.1410E-09 1.0134E-09 8.8691E-10 7.6337E-10 6.4926E-10 5.5086E-10 4.5462E-10 3.7010E-10 2.9676E-10 2.3803E-10 1.8508E-10 1.3761E-10 1.0608E-10 7.9063E-11 5.3021E-11 3.7338E-11 2.1350E-11 1.0454E-11 3.4830E-12 0.0000E+00 0.0000E+00 0.0000E+00 0.0000E+00 0.0000E+00
2.5389E-09 2.6833E-09 2.8189E-09 2.9484E-09 3.0682E-09 3.1728E-09 3.2670E-09 3.3469E-09 3.4104E-09 3.4638E-09 3.5031E-09 3.5256E-09 3.5376E-09 3.5361E-09 3.5176E-09 3.4853E-09 3.4402E-09 3.3810E-09 3.3107E-09 3.2325E-09 3.1450E-09 3.0478E-09 2.9463E-09 2.8420E-09 2.7300E-09 2.6138E-09 2.4976E-09 2.3767E-09 2.2485E-09 2.1089E-09 1.9622E-09 1.8093E-09 1.6493E-09 1.4937E-09 1.3378E-09 1.1868E-09 1.0429E-09 9.0139E-10 7.6725E-10 6.4693E-10 5.3549E-10 4.3938E-10 3.5486E-10 2.8540E-10 2.2832E-10 1.7264E-10 1.3116E-10 9.8214E-11 6.8271E-11 4.7334E-11 2.8066E-11 1.3144E-11 3.4779E-12 0.0000E+00 0.0000E+00 0.0000E+00 0.0000E+00
2.8511E-09 3.0170E-09 3.1769E-09 3.3321E-09 3.4733E-09 3.6025E-09 3.7202E-09 3.8189E-09 3.9049E-09 3.9793E-09 4.0343E-09 4.0751E-09 4.1040E-09 4.1136E-09 4.1061E-09 4.0838E-09 4.0434E-09 3.9868E-09 3.9212E-09 3.8415E-09 3.7489E-09 3.6490E-09 3.5451E-09 3.4311E-09 3.3086E-09 3.1873E-09 3.0601E-09 2.9256E-09 2.7847E-09 2.6320E-09 2.4685E-09 2.2954E-09 2.1164E-09 1.9321E-09 1.7460E-09 1.5642E-09 1.3923E-09 1.2248E-09 1.0647E-09 9.0474E-10 7.6120E-10 6.3514E-10 5.2615E-10 4.2894E-10 3.4045E-10 2.7076E-10 2.1177E-10 1.5989E-10 1.1909E-10 8.2854E-11 5.6541E-11 3.4393E-11 1.5239E-11 3.8724E-12 0.0000E+00 0.0000E+00 0.0000E+00
3.1724E-09 3.3613E-09 3.5503E-09 3.7294E-09 3.8953E-09 4.0541E-09 4.1941E-09 4.3165E-09 4.4302E-09 4.5242E-09 4.6007E-09 4.6650E-09 4.7104E-09 4.7357E-09 4.7449E-09 4.7331E-09 4.7000E-09 4.6528E-09 4.5914E-09 4.5113E-09 4.4215E-09 4.3224E-09 4.2123E-09 4.0929E-09 3.9706E-09 3.8406E-09 3.7019E-09 3.5582E-09 3.4087E-09 3.2457E-09 3.0685E-09 2.8773E-09 2.6730E-09 2.4581E-09 2.2458E-09 2.0326E-09 1.8218E-09 1.6193E-09 1.4287E-09 1.2420E-09 1.0594E-09 8.9275E-10 7.4554E-10 6.1664E-10 5.0348E-10 4.0298E-10 3.2300E-10 2.5345E-10 1.9009E-10 1.4172E-10 9.5982E-11 6.5036E-11 3.8810E-11 1.7850E-11 4.3359E-12 0.0000E+00 0.0000E+00
3.4976E-09 3.7140E-09 3.9313E-09 4.1353E-09 4.3316E-09 4.5179E-09 4.6834E-09 4.8360E-09 4.9746E-09 5.0923E-09 5.1973E-09 5.2841E-09 5.3493E-09 5.3973E-09 5.4236E-09 5.4250E-09 5.4069E-09 5.3704E-09 5.3139E-09 5.2403E-09 5.1568E-09 5.0570E-09 4.9472E-09 4.8300E-09 4.7048E-09 4.5686E-09 4.4290E-09 4.2831E-09 4.1249E-09 3.9534E-09 3.7632E-09 3.5548E-09 3.3301E-09 3.0959E-09 2.8492E-09 2.5989E-09 2.3492E-09 2.1138E-09 1.8763E-09 1.6472E-09 1.4282E-09 1.2266E-09 1.0361E-09 8.6351E-10 7.1833E-10 5.8640E-10 4.7101E-10 3.7404E-10 2.8928E-10 2.1537E-10 1.5827E-10 1.0637E-10 7.1991E-11 4.1670E-11 1.8777E-11 2.2746E-12 0.0000E+00
3.8216E-09 4.0683E-09 4.3114E-09 4.5436E-09 4.7719E-09 4.9856E-09 5.1803E-09 5.3650E-09 5.5290E-09 5.6756E-09 5.8111E-09 5.9216E-09 6.0132E-09 6.0858E-09 6.1308E-09 6.1517E-09 6.1520E-09 6.1266E-09 6.0809E-09 6.0198E-09 5.9421E-09 5.8467E-09 5.7441E-09 5.6308E-09 5.5061E-09 5.3743E-09 5.2364E-09 5.0892E-09 4.9277E-09 4.7532E-09 4.5559E-09 4.3404E-09 4.0995E-09 3.8394E-09 3.5633E-09 3.2833E-09 2.9988E-09 2.7124E-09 2.4291E-09 2.1533E-09 1.8871E-09 1.6339E-09 1.4019E-09 1.1905E-09 9.9547E-10 8.2189E-10 6.7918E-10 5.4379E-10 4.2706E-10 3.2725E-10 2.4339E-10 1.7887E-10 1.2063E-10 8.0787E-11 4.6269E-11 2.1339E-11 3.7305E-12
4.1396E-09 4.4148E-09 4.6847E-09 4.9480E-09 5.2060E-09 5.4494E-09 5.6773E-09 5.8908E-09 6.0840E-09 6.2640E-09 6.4278E-09 6.5666E-09 6.6893E-09 6.7860E-09 6.8543E-09 6.9004E-09 6.9186E-09 6.9086E-09 6.8805E-09 6.8330E-09 6.7644E-09 6.6815E-09 6.5898E-09 6.4822E-09 6.3659E-09 6.2450E-09 6.1133E-09 5.9699E-09 5.8151E-09 5.6439E-09 5.4487E-09 5.2268E-09 4.9751E-09 4.6972E-09 4.3998E-09 4.0864E-09 3.7620E-09 3.4334E-09 3.1035E-09 2.7747E-09 2.4527E-09 2.1476E-09 1.8621E-09 1.5990E-09 1.3567E-09 1.1404E-09 9.4145E-10 7.7014E-10 6.1607E-10 4.8238E-10 3.6961E-10 2.7405E-10 1.9784E-10 1.3534E-10 8.9545E-11 5.3592E-11 2.5040E-11
4.4445E-09 4.7456E-09 5.0432E-09 5.3377E-09 5.6247E-09 5.8992E-09 6.1604E-09 6.4029E-09 6.6280E-09 6.8418E-09 7.0352E-09 7.2061E-09 7.3600E-09 7.4832E-09 7.5804E-09 7.6521E-09 7.6906E-09 7.7030E-09 7.6947E-09 7.6624E-09 7.6104E-09 7.5449E-09 7.4653E-09 7.3714E-09 7.2724E-09 7.1637E-09 7.0437E-09 6.9160E-09 6.7763E-09 6.6144E-09 6.4278E-09 6.2106E-09 5.9579E-09 5.6707E-09 5.3524E-09 5.0122E-09 4.6529E-09 4.2843E-09 3.9037E-09 3.5192E-09 3.1378E-09 2.7714E-09 2.4281E-09 2.1028E-09 1.8061E-09 1.5337E-09 1.2887E-09 1.0647E-09 8.6749E-10 6.8950E-10 5.3651E-10 4.0450E-10 2.9797E-10 2.1518E-10 1.4577E-10 9.5837E-11 5.5288E-11
4.7282E-09 5.0541E-09 5.3787E-09 5.7026E-09 6.0190E-09 6.3248E-09 6.6165E-09 6.8894E-09 7.1479E-09 7.3927E-09 7.6185E-09 7.8235E-09 8.0072E-09 8.1604E-09 8.2897E-09 8.3865E-09 8.4496E-09 8.4875E-09 8.5008E-09 8.4891E-09 8.4591E-09 8.4133E-09 8.3514E-09 8.2806E-09 8.2016E-09 8.1103E-09 8.0138E-09 7.9097E-09 7.7893E-09 7.6489E-09 7.4831E-09 7.2795E-09 7.0340E-09 6.7462E-09 6.4170E-09 6.0580E-09 5.6702E-09 5.2613E-09 4.8355E-09 4.3982E-09 3.9568E-09 3.5239E-09 3.1108E-09 2.7221E-09 2.3582E-09 2.0238E-09 1.7191E-09 1.4378E-09 1.1825E-09 9.5833E-10 7.5282E-10 5.8121E-10 4.3880E-10 3.1930E-10 2.3042E-10 1.5709E-10 9.7525E-11
4.9831E-09 5.3328E-09 5.6830E-09 6.0340E-09 6.3780E-09 6.7141E-09 7.0344E-09 7.3373E-09 7.6284E-09 7.9037E-09 8.1623E-09 8.4004E-09 8.6148E-09 8.7990E-09 8.9599E-09 9.0843E-09 9.1762E-09 9.2397E-09 9.2770E-09 9.2907E-09 9.2860E-09 9.2623E-09 9.2260E-09 9.1833E-09 9.1268E-09 9.0629E-09 8.9986E-09 8.9226E-09 8.8338E-09 8.7275E-09 8.5907E-09 8.4116E-09 8.1871E-09 7.9095E-09 7.5808E-09 7.2116E-09 6.8023E-09 6.3608E-09 5.8986E-09 5.4079E-09 4.9055E-09 4.4076E-09 3.9270E-09 3.4675E-09 3.0301E-09 2.6271E-09 2.2513E-09 1.9027E-09 1.5894E-09 1.3106E-09 1.0627E-09 8.3507E-10 6.4592E-10 4.8833E-10 3.5951E-10 2.5755E-10 1.8047E-10
5.2029E-09 5.5744E-09 5.9475E-09 6.3230E-09 6.6924E-09 7.0557E-09 7.4029E-09 7.7337E-09 8.0545E-09 8.3598E-09 8.6503E-09 8.9187E-09 9.1642E-09 9.3800E-09 9.5700E-09 9.7230E-09 9.8456E-09 9.9359E-09 1.0000E-08 1.0042E-08 1.0065E-08 1.0069E-08 1.0064E-08 1.0050E-08 1.0023E-08 9.9957E-09 9.9658E-09 9.9274E-09 9.8834E-09 9.8174E-09 9.7190E-09 9.5809E-09 9.3878E-09 9.1324E-09 8.8174E-09 8.4501E-09 8.0289E-09 7.5705E-09 7.0774E-09 6.5429E-09 5.9851E-09 5.4247E-09 4.8742E-09 4.3397E-09 3.8287E-09 3.3516E-09 2.9095E-09 2.4923E-09 2.1078E-09 1.7563E-09 1.4354E-09 1.1622E-09 9.1231E-10 7.0494E-10 5.3388E-10 3.9610E-10 2.8560E-10
5.3819E-09 5.7721E-09 6.1647E-09 6.5615E-09 6.9532E-09 7.3389E-09 7.7108E-09 8.0664E-09 8.4139E-09 8.7467E-09 9.0664E-09 9.3629E-09 9.6374E-09 9.8837E-09 1.0102E-08 1.0283E-08 1.0434E-08 1.0552E-08 1.0646E-08 1.0717E-08 1.0768E-08 1.0803E-08 1.0833E-08 1.0850E-08 1.0860E-08 1.0875E-08 1.0884E-08 1.0894E-08 1.0901E-08 1.0883E-08 1.0838E-08 1.0748E-08 1.0597E-08 1.0380E-08 1.0094E-08 9.7378E-09 9.3240E-09 8.8604E-09 8.3474E-09 7.7835E-09 7.1813E-09 6.5650E-09 5.9485E-09 5.3435E-09 4.7638E-09 4.2164E-09 3.6917E-09 3.1959E-09 2.7313E-09 2.3029E-09 1.9172E-09 1.5751E-09 1.2774E-09 1.0076E-09 7.7929E-10 5.9614E-10 4.3924E-10
5.5147E-09 5.9200E-09 6.3282E-09 6.7422E-09 7.1519E-09 7.5558E-09 7.9482E-09 8.3247E-09 8.6948E-09 9.0513E-09 9.3960E-09 9.7178E-09 1.0018E-08 1.0292E-08 1.0536E-08 1.0743E-08 1.0921E-08 1.1067E-08 1.1189E-08 1.1289E-08 1.1372E-08 1.1439E-08 1.1504E-08 1.1556E-08 1.1609E-08 1.1664E-08 1.1720E-08 1.1787E-08 1.1846E-08 1.1887E-08 1.1904E-08 1.1871E-08 1.1775E-08 1.1609E-08 1.1361E-08 1.1035E-08 1.0645E-08 1.0191E-08 9.6772E-09 9.0998E-09 8.4676E-09 7.8072E-09 7.1344E-09 6.4731E-09 5.8294E-09 5.2096E-09 4.6085E-09 4.0334E-09 3.4946E-09 2.9914E-09 2.5279E-09 2.1055E-09 1.7317E-09 1.4042E-09 1.1120E-09 8.6219E-10 6.5851E-10
5.5974E-09 6.0133E-09 6.4327E-09 6.8592E-09 7.2820E-09 7.6997E-09 8.1066E-09 8.4995E-09 8.8877E-09 9.2629E-09 9.6277E-09 9.9702E-09 1.0292E-08 1.0589E-08 1.0856E-08 1.1087E-08 1.1288E-08 1.1460E-08 1.1608E-08 1.1738E-08 1.1850E-08 1.1950E-08 1.2049E-08 1.2138E-08 1.2236E-08 1.2333E-08 1.2443E-08 1.2564E-08 1.2680E-08 1.2789E-08 1.2870E-08 1.2901E-08 1.2875E-08 1.2766E-08 1.2569E-08 1.2293E-08 1.1938E-08 1.1513E-08 1.1021E-08 1.0448E-08 9.8038E-09 9.1173E-09 8.4108E-09 7.7074E-09 7.0066E-09 6.3244E-09 5.6619E-09 5.0226E-09 4.4047E-09 3.8160E-09 3.2668E-09 2.7631E-09 2.3060E-09 1.9024E-09 1.5484E-09 1.2310E-09 9.6468E-10
5.6275E-09 6.0491E-09 6.4746E-09 6.9084E-09 7.3387E-09 7.7648E-09 8.1813E-09 8.5840E-09 8.9851E-09 9.3734E-09 9.7526E-09 1.0111E-08 1.0449E-08 1.0763E-08 1.1048E-08 1.1300E-08 1.1520E-08 1.1716E-08 1.1885E-08 1.2042E-08 1.2182E-08 1.2315E-08 1.2446E-08 1.2572E-08 1.2711E-08 1.2853E-08 1.3016E-08 1.3190E-08 1.3367E-08 1.3544E-08 1.3690E-08 1.3795E-08 1.3838E-08 1.3795E-08 1.3666E-08 1.3449E-08 1.3146E-08 1.2774E-08 1.2321E-08 1.1772E-08 1.1141E-08 1.0455E-08 9.7383E-09 9.0070E-09 8.2757E-09 7.5562E-09 6.8466E-09 6.1442E-09 5.4531E-09 4.7902E-09 4.1647E-09 3.5806E-09 3.0368E-09 2.5471E-09 2.1129E-09 1.7308E-09 1.3917E-09
