Assets/Resources/2015_m01_d07_1400(utc+0800)_l00_csi_1hr_conc.grd
DSAA
         159         159
     -79.000      79.000
     -79.000      79.000
  0.0000E+00  0.1107E-05
[rows 25 to 49 of 159, columns 57 to 113 of 159]
4.8923E-09 5.0821E-09 5.2757E-09 5.4735E-09 5.6757E-09 5.8806E-09 6.0881E-09 6.2983E-09 6.5122E-09 6.7283E-09 6.9453E-09 7.1640E-09 7.3828E-09 7.6020E-09 7.8208E-09 8.0388E-09 8.2537E-09 8.4655E-09 8.6741E-09 8.8795E-09 9.0797E-09 9.2742E-09 9.4622E-09 9.6433E-09 9.8167E-09 9.9816E-09 1.0137E-08 1.0284E-08 1.0420E-08 1.0544E-08 1.0658E-08 1.0760E-08 1.0850E-08 1.0926E-08 1.0990E-08 1.1043E-08 1.1081E-08 1.1104E-08 1.1112E-08 1.1106E-08 1.1086E-08 1.1053E-08 1.1006E-08 1.0944E-08 1.0866E-08 1.0777E-08 1.0674E-08 1.0557E-08 1.0426E-08 1.0284E-08 1.0130E-08 9.9617E-09 9.7846E-09 9.5974E-09 9.3990E-09 9.1923E-09 8.9751E-09
4.9521E-09 5.1465E-09 5.3461E-09 5.5500E-09 5.7573E-09 5.9676E-09 6.1821E-09 6.3998E-09 6.6215E-09 6.8448E-09 7.0697E-09 7.2969E-09 7.5251E-09 7.7530E-09 7.9793E-09 8.2048E-09 8.4287E-09 8.6493E-09 8.8661E-09 9.0788E-09 9.2866E-09 9.4887E-09 9.6840E-09 9.8717E-09 1.0051E-08 1.0222E-08 1.0384E-08 1.0535E-08 1.0676E-08 1.0805E-08 1.0923E-08 1.1028E-08 1.1120E-08 1.1198E-08 1.1262E-08 1.1311E-08 1.1346E-08 1.1367E-08 1.1376E-08 1.1369E-08 1.1347E-08 1.1307E-08 1.1253E-08 1.1186E-08 1.1105E-08 1.1008E-08 1.0896E-08 1.0773E-08 1.0636E-08 1.0486E-08 1.0322E-08 1.0148E-08 9.9615E-09 9.7638E-09 9.5582E-09 9.3415E-09 9.1181E-09
5.0093E-09 5.2099E-09 5.4149E-09 5.6239E-09 5.8365E-09 6.0543E-09 6.2753E-09 6.5004E-09 6.7298E-09 6.9628E-09 7.1970E-09 7.4325E-09 7.6680E-09 7.9042E-09 8.1401E-09 8.3744E-09 8.6076E-09 8.8381E-09 9.0642E-09 9.2854E-09 9.5018E-09 9.7121E-09 9.9154E-09 1.0110E-08 1.0297E-08 1.0474E-08 1.0641E-08 1.0797E-08 1.0941E-08 1.1073E-08 1.1193E-08 1.1300E-08 1.1393E-08 1.1472E-08 1.1538E-08 1.1589E-08 1.1625E-08 1.1644E-08 1.1646E-08 1.1632E-08 1.1605E-08 1.1564E-08 1.1507E-08 1.1432E-08 1.1342E-08 1.1240E-08 1.1123E-08 1.0990E-08 1.0843E-08 1.0685E-08 1.0515E-08 1.0330E-08 1.0135E-08 9.9297E-09 9.7119E-09 9.4879E-09 9.2540E-09
5.0656E-09 5.2710E-09 5.4810E-09 5.6953E-09 5.9155E-09 6.1398E-09 6.3677E-09 6.6002E-09 6.8386E-09 7.0815E-09 7.3242E-09 7.5678E-09 7.8136E-09 8.0600E-09 8.3068E-09 8.5515E-09 8.7933E-09 9.0326E-09 9.2688E-09 9.4988E-09 9.7231E-09 9.9409E-09 1.0152E-08 1.0354E-08 1.0548E-08 1.0732E-08 1.0905E-08 1.1067E-08 1.1216E-08 1.1353E-08 1.1476E-08 1.1584E-08 1.1678E-08 1.1757E-08 1.1821E-08 1.1869E-08 1.1901E-08 1.1918E-08 1.1921E-08 1.1907E-08 1.1874E-08 1.1823E-08 1.1758E-08 1.1679E-08 1.1585E-08 1.1472E-08 1.1346E-08 1.1207E-08 1.1053E-08 1.0884E-08 1.0702E-08 1.0511E-08 1.0306E-08 1.0090E-08 9.8650E-09 9.6285E-09 9.3861E-09
5.1340E-09 5.3454E-09 5.5618E-09 5.7845E-09 6.0125E-09 6.2449E-09 6.4817E-09 6.7231E-09 6.9706E-09 7.2241E-09 7.4797E-09 7.7351E-09 7.9918E-09 8.2485E-09 8.5046E-09 8.7597E-09 9.0125E-09 9.2609E-09 9.5063E-09 9.7472E-09 9.9815E-09 1.0209E-08 1.0428E-08 1.0639E-08 1.0840E-08 1.1030E-08 1.1209E-08 1.1375E-08 1.1527E-08 1.1666E-08 1.1792E-08 1.1902E-08 1.1997E-08 1.2076E-08 1.2138E-08 1.2184E-08 1.2213E-08 1.2225E-08 1.2219E-08 1.2195E-08 1.2158E-08 1.2105E-08 1.2033E-08 1.1942E-08 1.1836E-08 1.1717E-08 1.1582E-08 1.1431E-08 1.1267E-08 1.1089E-08 1.0897E-08 1.0693E-08 1.0478E-08 1.0248E-08 1.0011E-08 9.7669E-09 9.5123E-09
5.1863E-09 5.4030E-09 5.6267E-09 5.8564E-09 6.0914E-09 6.3314E-09 6.5760E-09 6.8252E-09 7.0819E-09 7.3458E-09 7.6138E-09 7.8806E-09 8.1470E-09 8.4136E-09 8.6803E-09 8.9462E-09 9.2107E-09 9.4712E-09 9.7268E-09 9.9780E-09 1.0223E-08 1.0460E-08 1.0688E-08 1.0907E-08 1.1116E-08 1.1313E-08 1.1498E-08 1.1669E-08 1.1827E-08 1.1970E-08 1.2097E-08 1.2208E-08 1.2303E-08 1.2380E-08 1.2441E-08 1.2484E-08 1.2509E-08 1.2517E-08 1.2508E-08 1.2483E-08 1.2436E-08 1.2371E-08 1.2291E-08 1.2196E-08 1.2082E-08 1.1952E-08 1.1806E-08 1.1647E-08 1.1471E-08 1.1283E-08 1.1083E-08 1.0867E-08 1.0643E-08 1.0399E-08 1.0154E-08 9.8976E-09 9.6343E-09
5.2487E-09 5.4742E-09 5.7063E-09 5.9442E-09 6.1873E-09 6.4359E-09 6.6907E-09 6.9500E-09 7.2172E-09 7.4923E-09 7.7733E-09 8.0540E-09 8.3329E-09 8.6127E-09 8.8920E-09 9.1696E-09 9.4453E-09 9.7182E-09 9.9860E-09 1.0247E-08 1.0502E-08 1.0750E-08 1.0988E-08 1.1216E-08 1.1432E-08 1.1636E-08 1.1827E-08 1.2003E-08 1.2164E-08 1.2310E-08 1.2439E-08 1.2551E-08 1.2646E-08 1.2722E-08 1.2780E-08 1.2819E-08 1.2840E-08 1.2841E-08 1.2823E-08 1.2785E-08 1.2732E-08 1.2663E-08 1.2574E-08 1.2465E-08 1.2340E-08 1.2200E-08 1.2043E-08 1.1871E-08 1.1685E-08 1.1483E-08 1.1269E-08 1.1045E-08 1.0806E-08 1.0548E-08 1.0289E-08 1.0024E-08 9.7489E-09
5.2979E-09 5.5308E-09 5.7703E-09 6.0142E-09 6.2666E-09 6.5240E-09 6.7873E-09 7.0565E-09 7.3346E-09 7.6181E-09 7.9101E-09 8.2058E-09 8.4998E-09 8.7903E-09 9.0821E-09 9.3722E-09 9.6606E-09 9.9457E-09 1.0227E-08 1.0501E-08 1.0768E-08 1.1026E-08 1.1275E-08 1.1512E-08 1.1736E-08 1.1948E-08 1.2145E-08 1.2326E-08 1.2492E-08 1.2641E-08 1.2771E-08 1.2883E-08 1.2976E-08 1.3050E-08 1.3105E-08 1.3140E-08 1.3156E-08 1.3152E-08 1.3129E-08 1.3088E-08 1.3023E-08 1.2938E-08 1.2839E-08 1.2725E-08 1.2591E-08 1.2438E-08 1.2270E-08 1.2085E-08 1.1887E-08 1.1675E-08 1.1448E-08 1.1210E-08 1.0963E-08 1.0687E-08 1.0421E-08 1.0142E-08 9.8573E-09
5.3576E-09 5.5980E-09 5.8442E-09 6.0994E-09 6.3612E-09 6.6286E-09 6.9043E-09 7.1850E-09 7.4733E-09 7.7687E-09 8.0731E-09 8.3847E-09 8.6948E-09 9.0020E-09 9.3086E-09 9.6139E-09 9.9169E-09 1.0216E-08 1.0510E-08 1.0798E-08 1.1077E-08 1.1346E-08 1.1604E-08 1.1851E-08 1.2085E-08 1.2304E-08 1.2508E-08 1.2695E-08 1.2865E-08 1.3016E-08 1.3147E-08 1.3259E-08 1.3351E-08 1.3422E-08 1.3472E-08 1.3500E-08 1.3508E-08 1.3495E-08 1.3461E-08 1.3405E-08 1.3333E-08 1.3244E-08 1.3131E-08 1.2998E-08 1.2851E-08 1.2688E-08 1.2507E-08 1.2310E-08 1.2096E-08 1.1870E-08 1.1631E-08 1.1379E-08 1.1116E-08 1.0825E-08 1.0541E-08 1.0254E-08 9.9573E-09
5.4046E-09 5.6504E-09 5.9056E-09 6.1696E-09 6.4410E-09 6.7183E-09 7.0047E-09 7.2966E-09 7.5943E-09 7.9025E-09 8.2168E-09 8.5424E-09 8.8722E-09 9.1989E-09 9.5203E-09 9.8407E-09 1.0159E-08 1.0473E-08 1.0780E-08 1.1082E-08 1.1375E-08 1.1658E-08 1.1929E-08 1.2187E-08 1.2430E-08 1.2658E-08 1.2867E-08 1.3058E-08 1.3230E-08 1.3383E-08 1.3515E-08 1.3625E-08 1.3713E-08 1.3781E-08 1.3826E-08 1.3848E-08 1.3849E-08 1.3829E-08 1.3787E-08 1.3724E-08 1.3639E-08 1.3530E-08 1.3407E-08 1.3267E-08 1.3105E-08 1.2926E-08 1.2732E-08 1.2522E-08 1.2297E-08 1.2055E-08 1.1802E-08 1.1538E-08 1.1260E-08 1.0951E-08 1.0660E-08 1.0356E-08 1.0049E-08
5.4487E-09 5.7027E-09 5.9670E-09 6.2391E-09 6.5195E-09 6.8084E-09 7.1055E-09 7.4091E-09 7.7186E-09 8.0375E-09 8.3674E-09 8.7074E-09 9.0565E-09 9.4024E-09 9.7422E-09 1.0078E-08 1.0412E-08 1.0742E-08 1.1067E-08 1.1384E-08 1.1692E-08 1.1988E-08 1.2271E-08 1.2539E-08 1.2792E-08 1.3027E-08 1.3244E-08 1.3441E-08 1.3617E-08 1.3771E-08 1.3901E-08 1.4009E-08 1.4095E-08 1.4157E-08 1.4196E-08 1.4211E-08 1.4203E-08 1.4172E-08 1.4119E-08 1.4042E-08 1.3946E-08 1.3832E-08 1.3693E-08 1.3533E-08 1.3359E-08 1.3165E-08 1.2956E-08 1.2731E-08 1.2490E-08 1.2238E-08 1.1968E-08 1.1689E-08 1.1399E-08 1.1072E-08 1.0766E-08 1.0453E-08 1.0129E-08
5.5041E-09 5.7684E-09 6.0409E-09 6.3238E-09 6.6163E-09 6.9180E-09 7.2275E-09 7.5450E-09 7.8713E-09 8.2058E-09 8.5527E-09 8.9063E-09 9.2723E-09 9.6415E-09 1.0005E-08 1.0363E-08 1.0718E-08 1.1068E-08 1.1412E-08 1.1746E-08 1.2069E-08 1.2379E-08 1.2677E-08 1.2956E-08 1.3218E-08 1.3460E-08 1.3682E-08 1.3881E-08 1.4057E-08 1.4211E-08 1.4342E-08 1.4446E-08 1.4525E-08 1.4578E-08 1.4608E-08 1.4614E-08 1.4595E-08 1.4552E-08 1.4485E-08 1.4397E-08 1.4284E-08 1.4148E-08 1.3995E-08 1.3825E-08 1.3631E-08 1.3420E-08 1.3191E-08 1.2949E-08 1.2694E-08 1.2420E-08 1.2139E-08 1.1842E-08 1.1535E-08 1.1188E-08 1.0865E-08 1.0537E-08 1.0205E-08
5.5492E-09 5.8216E-09 6.1033E-09 6.3959E-09 6.7001E-09 7.0114E-09 7.3354E-09 7.6682E-09 8.0107E-09 8.3597E-09 8.7198E-09 9.0934E-09 9.4763E-09 9.8706E-09 1.0260E-08 1.0643E-08 1.1017E-08 1.1386E-08 1.1749E-08 1.2101E-08 1.2441E-08 1.2768E-08 1.3078E-08 1.3370E-08 1.3642E-08 1.3892E-08 1.4119E-08 1.4321E-08 1.4499E-08 1.4651E-08 1.4775E-08 1.4874E-08 1.4949E-08 1.4996E-08 1.5015E-08 1.5006E-08 1.4976E-08 1.4920E-08 1.4840E-08 1.4734E-08 1.4607E-08 1.4461E-08 1.4289E-08 1.4095E-08 1.3888E-08 1.3660E-08 1.3417E-08 1.3153E-08 1.2879E-08 1.2594E-08 1.2292E-08 1.1982E-08 1.1659E-08 1.1290E-08 1.0959E-08 1.0614E-08 1.0266E-08
5.6007E-09 5.8833E-09 6.1767E-09 6.4818E-09 6.7979E-09 7.1259E-09 7.4665E-09 7.8171E-09 8.1776E-09 8.5487E-09 8.9267E-09 9.3213E-09 9.7234E-09 1.0140E-08 1.0559E-08 1.0971E-08 1.1371E-08 1.1762E-08 1.2144E-08 1.2516E-08 1.2874E-08 1.3216E-08 1.3540E-08 1.3845E-08 1.4127E-08 1.4385E-08 1.4617E-08 1.4821E-08 1.4999E-08 1.5148E-08 1.5271E-08 1.5364E-08 1.5426E-08 1.5460E-08 1.5470E-08 1.5451E-08 1.5402E-08 1.5327E-08 1.5229E-08 1.5107E-08 1.4961E-08 1.4790E-08 1.4601E-08 1.4394E-08 1.4161E-08 1.3913E-08 1.3649E-08 1.3371E-08 1.3075E-08 1.2767E-08 1.2450E-08 1.2119E-08 1.1781E-08 1.1387E-08 1.1036E-08 1.0679E-08 1.0319E-08
5.6396E-09 5.9321E-09 6.2398E-09 6.5582E-09 6.8898E-09 7.2352E-09 7.5941E-09 7.9629E-09 8.3460E-09 8.7355E-09 9.1339E-09 9.5436E-09 9.9694E-09 1.0404E-08 1.0853E-08 1.1296E-08 1.1725E-08 1.2139E-08 1.2543E-08 1.2934E-08 1.3310E-08 1.3670E-08 1.4010E-08 1.4326E-08 1.4619E-08 1.4885E-08 1.5122E-08 1.5329E-08 1.5507E-08 1.5653E-08 1.5766E-08 1.5848E-08 1.5903E-08 1.5927E-08 1.5916E-08 1.5879E-08 1.5817E-08 1.5728E-08 1.5608E-08 1.5466E-08 1.5299E-08 1.5113E-08 1.4902E-08 1.4668E-08 1.4421E-08 1.4153E-08 1.3868E-08 1.3566E-08 1.3255E-08 1.2928E-08 1.2590E-08 1.2244E-08 1.1886E-08 1.1467E-08 1.1107E-08 1.0735E-08 1.0358E-08
5.6831E-09 5.9930E-09 6.3165E-09 6.6518E-09 7.0108E-09 7.3780E-09 7.7585E-09 8.1481E-09 8.5483E-09 8.9571E-09 9.3768E-09 9.8128E-09 1.0267E-08 1.0730E-08 1.1205E-08 1.1683E-08 1.2143E-08 1.2585E-08 1.3013E-08 1.3425E-08 1.3824E-08 1.4201E-08 1.4556E-08 1.4885E-08 1.5186E-08 1.5457E-08 1.5698E-08 1.5906E-08 1.6081E-08 1.6223E-08 1.6332E-08 1.6406E-08 1.6442E-08 1.6446E-08 1.6424E-08 1.6368E-08 1.6280E-08 1.6165E-08 1.6026E-08 1.5858E-08 1.5669E-08 1.5456E-08 1.5222E-08 1.4970E-08 1.4693E-08 1.4402E-08 1.4096E-08 1.3775E-08 1.3436E-08 1.3091E-08 1.2732E-08 1.2364E-08 1.1990E-08 1.1544E-08 1.1159E-08 1.0779E-08 1.0389E-08
5.7231E-09 6.0474E-09 6.3875E-09 6.7478E-09 7.1351E-09 7.5298E-09 7.9285E-09 8.3428E-09 8.7685E-09 9.2068E-09 9.6544E-09 1.0107E-08 1.0571E-08 1.1060E-08 1.1557E-08 1.2068E-08 1.2563E-08 1.3040E-08 1.3497E-08 1.3936E-08 1.4353E-08 1.4749E-08 1.5119E-08 1.5460E-08 1.5769E-08 1.6047E-08 1.6288E-08 1.6497E-08 1.6668E-08 1.6802E-08 1.6896E-08 1.6955E-08 1.6982E-08 1.6973E-08 1.6922E-08 1.6844E-08 1.6738E-08 1.6599E-08 1.6432E-08 1.6242E-08 1.6023E-08 1.5786E-08 1.5528E-08 1.5248E-08 1.4952E-08 1.4638E-08 1.4305E-08 1.3961E-08 1.3605E-08 1.3234E-08 1.2853E-08 1.2469E-08 1.2073E-08 1.1606E-08 1.1209E-08 1.0804E-08 1.0402E-08
5.7707E-09 6.1178E-09 6.4789E-09 6.8721E-09 7.2921E-09 7.7204E-09 8.1468E-09 8.5837E-09 9.0284E-09 9.4812E-09 9.9536E-09 1.0438E-08 1.0930E-08 1.1441E-08 1.1957E-08 1.2496E-08 1.3034E-08 1.3547E-08 1.4032E-08 1.4493E-08 1.4933E-08 1.5346E-08 1.5731E-08 1.6082E-08 1.6400E-08 1.6681E-08 1.6925E-08 1.7130E-08 1.7297E-08 1.7422E-08 1.7508E-08 1.7552E-08 1.7554E-08 1.7517E-08 1.7452E-08 1.7349E-08 1.7210E-08 1.7046E-08 1.6853E-08 1.6633E-08 1.6391E-08 1.6121E-08 1.5833E-08 1.5530E-08 1.5205E-08 1.4865E-08 1.4511E-08 1.4141E-08 1.3759E-08 1.3372E-08 1.2969E-08 1.2558E-08 1.2148E-08 1.1653E-08 1.1237E-08 1.0821E-08 1.0403E-08
5.8363E-09 6.2039E-09 6.5965E-09 7.0240E-09 7.4925E-09 7.9613E-09 8.4185E-09 8.8808E-09 9.3551E-09 9.8394E-09 1.0327E-08 1.0824E-08 1.1335E-08 1.1868E-08 1.2426E-08 1.2979E-08 1.3545E-08 1.4095E-08 1.4621E-08 1.5112E-08 1.5574E-08 1.6007E-08 1.6407E-08 1.6769E-08 1.7092E-08 1.7375E-08 1.7617E-08 1.7818E-08 1.7973E-08 1.8085E-08 1.8151E-08 1.8176E-08 1.8162E-08 1.8108E-08 1.8006E-08 1.7874E-08 1.7712E-08 1.7510E-08 1.7286E-08 1.7033E-08 1.6759E-08 1.6463E-08 1.6143E-08 1.5806E-08 1.5455E-08 1.5088E-08 1.4705E-08 1.4313E-08 1.3908E-08 1.3490E-08 1.3073E-08 1.2641E-08 1.2204E-08 1.1689E-08 1.1257E-08 1.0820E-08 1.0391E-08
5.9364E-09 6.3374E-09 6.7669E-09 7.2412E-09 7.7624E-09 8.2777E-09 8.7703E-09 9.2594E-09 9.7506E-09 1.0255E-08 1.0775E-08 1.1303E-08 1.1833E-08 1.2370E-08 1.2942E-08 1.3538E-08 1.4130E-08 1.4714E-08 1.5272E-08 1.5796E-08 1.6282E-08 1.6734E-08 1.7147E-08 1.7520E-08 1.7849E-08 1.8132E-08 1.8369E-08 1.8559E-08 1.8703E-08 1.8797E-08 1.8847E-08 1.8849E-08 1.8804E-08 1.8714E-08 1.8592E-08 1.8428E-08 1.8224E-08 1.7994E-08 1.7731E-08 1.7445E-08 1.7132E-08 1.6803E-08 1.6453E-08 1.6083E-08 1.5700E-08 1.5302E-08 1.4894E-08 1.4471E-08 1.4043E-08 1.3604E-08 1.3155E-08 1.2706E-08 1.2250E-08 1.1701E-08 1.1258E-08 1.0812E-08 1.0358E-08
6.0849E-09 6.5339E-09 7.0044E-09 7.5365E-09 8.1213E-09 8.6999E-09 9.2413E-09 9.7625E-09 1.0282E-08 1.0801E-08 1.1322E-08 1.1855E-08 1.2406E-08 1.2980E-08 1.3557E-08 1.4173E-08 1.4790E-08 1.5410E-08 1.5994E-08 1.6549E-08 1.7061E-08 1.7533E-08 1.7960E-08 1.8343E-08 1.8675E-08 1.8958E-08 1.9186E-08 1.9362E-08 1.9487E-08 1.9560E-08 1.9581E-08 1.9555E-08 1.9485E-08 1.9368E-08 1.9201E-08 1.8997E-08 1.8765E-08 1.8489E-08 1.8192E-08 1.7861E-08 1.7516E-08 1.7141E-08 1.6758E-08 1.6356E-08 1.5938E-08 1.5510E-08 1.5068E-08 1.4621E-08 1.4162E-08 1.3699E-08 1.3232E-08 1.2756E-08 1.2282E-08 1.1707E-08 1.1242E-08 1.0780E-08 1.0320E-08
6.3084E-09 6.8243E-09 7.3598E-09 7.9552E-09 8.6208E-09 9.2788E-09 9.8719E-09 1.0422E-08 1.0951E-08 1.1484E-08 1.2024E-08 1.2569E-08 1.3128E-08 1.3695E-08 1.4291E-08 1.4907E-08 1.5556E-08 1.6187E-08 1.6813E-08 1.7384E-08 1.7924E-08 1.8412E-08 1.8855E-08 1.9242E-08 1.9579E-08 1.9857E-08 2.0076E-08 2.0235E-08 2.0337E-08 2.0381E-08 2.0372E-08 2.0313E-08 2.0201E-08 2.0040E-08 1.9842E-08 1.9600E-08 1.9314E-08 1.9003E-08 1.8658E-08 1.8292E-08 1.7896E-08 1.7489E-08 1.7058E-08 1.6618E-08 1.6170E-08 1.5705E-08 1.5236E-08 1.4754E-08 1.4271E-08 1.3779E-08 1.3285E-08 1.2790E-08 1.2293E-08 1.1688E-08 1.1213E-08 1.0733E-08 1.0257E-08
6.6474E-09 7.2564E-09 7.8869E-09 8.5708E-09 9.3269E-09 1.0070E-08 1.0729E-08 1.1315E-08 1.1853E-08 1.2377E-08 1.2896E-08 1.3424E-08 1.3973E-08 1.4561E-08 1.5156E-08 1.5788E-08 1.6427E-08 1.7092E-08 1.7720E-08 1.8318E-08 1.8876E-08 1.9382E-08 1.9828E-08 2.0221E-08 2.0552E-08 2.0823E-08 2.1028E-08 2.1169E-08 2.1245E-08 2.1259E-08 2.1214E-08 2.1111E-08 2.0962E-08 2.0760E-08 2.0507E-08 2.0214E-08 1.9891E-08 1.9525E-08 1.9137E-08 1.8718E-08 1.8286E-08 1.7824E-08 1.7361E-08 1.6876E-08 1.6386E-08 1.5886E-08 1.5384E-08 1.4876E-08 1.4359E-08 1.3845E-08 1.3325E-08 1.2806E-08 1.2289E-08 1.1657E-08 1.1158E-08 1.0668E-08 1.0179E-08
7.1455E-09 7.8831E-09 8.6481E-09 9.4464E-09 1.0310E-08 1.1144E-08 1.1879E-08 1.2493E-08 1.3033E-08 1.3533E-08 1.4020E-08 1.4523E-08 1.5047E-08 1.5595E-08 1.6188E-08 1.6802E-08 1.7461E-08 1.8104E-08 1.8755E-08 1.9368E-08 1.9923E-08 2.0441E-08 2.0896E-08 2.1285E-08 2.1608E-08 2.1865E-08 2.2053E-08 2.2168E-08 2.2214E-08 2.2191E-08 2.2108E-08 2.1962E-08 2.1756E-08 2.1501E-08 2.1203E-08 2.0861E-08 2.0473E-08 2.0060E-08 1.9619E-08 1.9154E-08 1.8665E-08 1.8161E-08 1.7644E-08 1.7127E-08 1.6594E-08 1.6058E-08 1.5517E-08 1.4977E-08 1.4435E-08 1.3888E-08 1.3344E-08 1.2804E-08 1.2265E-08 1.1607E-08 1.1089E-08 1.0585E-08 1.0082E-08
7.8579E-09 8.7989E-09 9.7492E-09 1.0705E-08 1.1684E-08 1.2617E-08 1.3430E-08 1.4070E-08 1.4583E-08 1.5022E-08 1.5442E-08 1.5868E-08 1.6332E-08 1.6848E-08 1.7401E-08 1.8004E-08 1.8622E-08 1.9278E-08 1.9921E-08 2.0539E-08 2.1104E-08 2.1607E-08 2.2059E-08 2.2443E-08 2.2752E-08 2.2987E-08 2.3147E-08 2.3234E-08 2.3243E-08 2.3179E-08 2.3046E-08 2.2848E-08 2.2593E-08 2.2282E-08 2.1920E-08 2.1515E-08 2.1079E-08 2.0602E-08 2.0104E-08 1.9581E-08 1.9047E-08 1.8490E-08 1.7928E-08 1.7357E-08 1.6780E-08 1.6212E-08 1.5633E-08 1.5058E-08 1.4486E-08 1.3915E-08 1.3344E-08 1.2777E-08 1.2217E-08 1.1533E-08 1.1000E-08 1.0480E-08 9.9696E-09
