Assets/Resources/2015_m01_d23_2100(utc+0800)_l00_csi_1hr_conc.grd
DSAA
         159         159
     -79.000      79.000
     -79.000      79.000
  0.5921E-10  0.8484E-05
[rows 125 to 149 of 159, columns 0 to 56 of 159]
9.5013E-11 9.8435E-11 1.0196E-10 1.0559E-10 1.0932E-10 1.1316E-10 1.1711E-10 1.2118E-10 1.2535E-10 1.2965E-10 1.3406E-10 1.3859E-10 1.4325E-10 1.4802E-10 1.5293E-10 1.5796E-10 1.6313E-10 1.6842E-10 1.7385E-10 1.7942E-10 1.8512E-10 1.9096E-10 1.9695E-10 2.0307E-10 2.0934E-10 2.1576E-10 2.2232E-10 2.2903E-10 2.3590E-10 2.4291E-10 2.5008E-10 2.5740E-10 2.6488E-10 2.7251E-10 2.8030E-10 2.8824E-10 2.9635E-10 3.0461E-10 3.1304E-10 3.2162E-10 3.3037E-10 3.3927E-10 3.4834E-10 3.6383E-10 3.7799E-10 3.9554E-10 4.1109E-10 4.3087E-10 4.5548E-10 5.0043E-10 5.3249E-10 5.7042E-10 6.0715E-10 6.4919E-10 6.9220E-10 7.4169E-10 7.9767E-10
9.4007E-11 9.7394E-11 1.0088E-10 1.0447E-10 1.0817E-10 1.1197E-10 1.1588E-10 1.1990E-10 1.2404E-10 1.2829E-10 1.3265E-10 1.3714E-10 1.4175E-10 1.4648E-10 1.5133E-10 1.5632E-10 1.6143E-10 1.6667E-10 1.7205E-10 1.7756E-10 1.8320E-10 1.8899E-10 1.9491E-10 2.0097E-10 2.0718E-10 2.1353E-10 2.2003E-10 2.2668E-10 2.3347E-10 2.4042E-10 2.4752E-10 2.5477E-10 2.6217E-10 2.6973E-10 2.7744E-10 2.8531E-10 2.9333E-10 3.0152E-10 3.0986E-10 3.1836E-10 3.2702E-10 3.3584E-10 3.4482E-10 3.6011E-10 3.7403E-10 3.9030E-10 4.0487E-10 4.2166E-10 4.4873E-10 4.9112E-10 5.2580E-10 5.6073E-10 5.9995E-10 6.3917E-10 6.8390E-10 7.3034E-10 7.9535E-10
9.2990E-11 9.6342E-11 9.9793E-11 1.0335E-10 1.0700E-10 1.1076E-10 1.1464E-10 1.1862E-10 1.2271E-10 1.2691E-10 1.3124E-10 1.3567E-10 1.4023E-10 1.4492E-10 1.4972E-10 1.5465E-10 1.5971E-10 1.6490E-10 1.7022E-10 1.7567E-10 1.8126E-10 1.8699E-10 1.9285E-10 1.9885E-10 2.0500E-10 2.1129E-10 2.1772E-10 2.2430E-10 2.3102E-10 2.3790E-10 2.4492E-10 2.5210E-10 2.5943E-10 2.6691E-10 2.7454E-10 2.8233E-10 2.9028E-10 2.9838E-10 3.0664E-10 3.1506E-10 3.2363E-10 3.3236E-10 3.4125E-10 3.5550E-10 3.6954E-10 3.8551E-10 3.9990E-10 4.1637E-10 4.5035E-10 4.8381E-10 5.1830E-10 5.5655E-10 5.9155E-10 6.3068E-10 6.7526E-10 7.2108E-10 7.8331E-10
9.1963E-11 9.5279E-11 9.8693E-11 1.0221E-10 1.0583E-10 1.0955E-10 1.1338E-10 1.1731E-10 1.2136E-10 1.2552E-10 1.2980E-10 1.3419E-10 1.3871E-10 1.4334E-10 1.4809E-10 1.5297E-10 1.5798E-10 1.6311E-10 1.6838E-10 1.7377E-10 1.7930E-10 1.8497E-10 1.9077E-10 1.9671E-10 2.0279E-10 2.0901E-10 2.1538E-10 2.2189E-10 2.2855E-10 2.3535E-10 2.4230E-10 2.4940E-10 2.5666E-10 2.6406E-10 2.7162E-10 2.7933E-10 2.8719E-10 2.9521E-10 3.0339E-10 3.1172E-10 3.2020E-10 3.2885E-10 3.3765E-10 3.5150E-10 3.6410E-10 3.8015E-10 3.9460E-10 4.0924E-10 4.4331E-10 4.8208E-10 5.1581E-10 5.4911E-10 5.8535E-10 6.2245E-10 6.6434E-10 7.1933E-10 7.7724E-10
9.0927E-11 9.4206E-11 9.7583E-11 1.0106E-10 1.0464E-10 1.0832E-10 1.1211E-10 1.1600E-10 1.2001E-10 1.2412E-10 1.2835E-10 1.3270E-10 1.3716E-10 1.4174E-10 1.4645E-10 1.5127E-10 1.5623E-10 1.6130E-10 1.6651E-10 1.7185E-10 1.7732E-10 1.8293E-10 1.8867E-10 1.9454E-10 2.0056E-10 2.0672E-10 2.1301E-10 2.1946E-10 2.2604E-10 2.3277E-10 2.3965E-10 2.4668E-10 2.5386E-10 2.6118E-10 2.6866E-10 2.7629E-10 2.8407E-10 2.9201E-10 3.0010E-10 3.0834E-10 3.1674E-10 3.2529E-10 3.3400E-10 3.4689E-10 3.5983E-10 3.7562E-10 3.8918E-10 4.0416E-10 4.4452E-10 4.7447E-10 5.0566E-10 5.4086E-10 5.7651E-10 6.1766E-10 6.5569E-10 7.0991E-10 7.6724E-10
8.9882E-11 9.3125E-11 9.6464E-11 9.9902E-11 1.0344E-10 1.0708E-10 1.1083E-10 1.1468E-10 1.1864E-10 1.2271E-10 1.2689E-10 1.3119E-10 1.3560E-10 1.4013E-10 1.4479E-10 1.4956E-10 1.5446E-10 1.5948E-10 1.6463E-10 1.6991E-10 1.7532E-10 1.8086E-10 1.8654E-10 1.9236E-10 1.9831E-10 2.0440E-10 2.1063E-10 2.1700E-10 2.2351E-10 2.3017E-10 2.3698E-10 2.4393E-10 2.5103E-10 2.5828E-10 2.6567E-10 2.7322E-10 2.8092E-10 2.8877E-10 2.9677E-10 3.0493E-10 3.1324E-10 3.2170E-10 3.3031E-10 3.4255E-10 3.5438E-10 3.7095E-10 3.8336E-10 3.9781E-10 4.3771E-10 4.6694E-10 4.9828E-10 5.3287E-10 5.6831E-10 6.0709E-10 6.5056E-10 6.9805E-10 7.5685E-10
8.8829E-11 9.2034E-11 9.5335E-11 9.8734E-11 1.0223E-10 1.0583E-10 1.0953E-10 1.1334E-10 1.1726E-10 1.2128E-10 1.2542E-10 1.2967E-10 1.3403E-10 1.3851E-10 1.4311E-10 1.4783E-10 1.5267E-10 1.5764E-10 1.6273E-10 1.6795E-10 1.7330E-10 1.7879E-10 1.8440E-10 1.9015E-10 1.9603E-10 2.0206E-10 2.0822E-10 2.1452E-10 2.2096E-10 2.2755E-10 2.3428E-10 2.4115E-10 2.4817E-10 2.5534E-10 2.6266E-10 2.7012E-10 2.7774E-10 2.8550E-10 2.9342E-10 3.0148E-10 3.0970E-10 3.1807E-10 3.2659E-10 3.3792E-10 3.4998E-10 3.6610E-10 3.7822E-10 3.9225E-10 4.3157E-10 4.5809E-10 4.8952E-10 5.2248E-10 5.5966E-10 5.9776E-10 6.4075E-10 6.9552E-10 7.4391E-10
8.7767E-11 9.0936E-11 9.4198E-11 9.7557E-11 1.0101E-10 1.0457E-10 1.0823E-10 1.1200E-10 1.1587E-10 1.1984E-10 1.2393E-10 1.2813E-10 1.3245E-10 1.3688E-10 1.4142E-10 1.4609E-10 1.5088E-10 1.5579E-10 1.6082E-10 1.6598E-10 1.7127E-10 1.7669E-10 1.8224E-10 1.8792E-10 1.9374E-10 1.9970E-10 2.0579E-10 2.1202E-10 2.1839E-10 2.2490E-10 2.3155E-10 2.3835E-10 2.4529E-10 2.5238E-10 2.5961E-10 2.6700E-10 2.7453E-10 2.8220E-10 2.9003E-10 2.9801E-10 3.0613E-10 3.1441E-10 3.2284E-10 3.3333E-10 3.4302E-10 3.6049E-10 3.7318E-10 3.8611E-10 4.2515E-10 4.5113E-10 4.8133E-10 5.1456E-10 5.4853E-10 5.8899E-10 6.2910E-10 6.8555E-10 7.3665E-10
8.6699E-11 8.9829E-11 9.3053E-11 9.6373E-11 9.9789E-11 1.0330E-10 1.0692E-10 1.1064E-10 1.1447E-10 1.1840E-10 1.2244E-10 1.2659E-10 1.3085E-10 1.3523E-10 1.3972E-10 1.4433E-10 1.4906E-10 1.5392E-10 1.5889E-10 1.6399E-10 1.6922E-10 1.7458E-10 1.8006E-10 1.8568E-10 1.9143E-10 1.9732E-10 2.0334E-10 2.0950E-10 2.1579E-10 2.2223E-10 2.2881E-10 2.3553E-10 2.4239E-10 2.4940E-10 2.5655E-10 2.6385E-10 2.7129E-10 2.7888E-10 2.8662E-10 2.9450E-10 3.0254E-10 3.1072E-10 3.1905E-10 3.2889E-10 3.3897E-10 3.5561E-10 3.6777E-10 3.8053E-10 4.1867E-10 4.4407E-10 4.7186E-10 5.0626E-10 5.3949E-10 5.7886E-10 6.1869E-10 6.7301E-10 7.2564E-10
8.5624E-11 8.8716E-11 9.1901E-11 9.5180E-11 9.8556E-11 1.0203E-10 1.0560E-10 1.0928E-10 1.1306E-10 1.1694E-10 1.2093E-10 1.2503E-10 1.2924E-10 1.3357E-10 1.3801E-10 1.4257E-10 1.4724E-10 1.5204E-10 1.5695E-10 1.6199E-10 1.6716E-10 1.7245E-10 1.7787E-10 1.8342E-10 1.8911E-10 1.9492E-10 2.0087E-10 2.0696E-10 2.1318E-10 2.1954E-10 2.2604E-10 2.3268E-10 2.3947E-10 2.4639E-10 2.5346E-10 2.6067E-10 2.6803E-10 2.7553E-10 2.8318E-10 2.9097E-10 2.9891E-10 3.0700E-10 3.1524E-10 3.2493E-10 3.3466E-10 3.4964E-10 3.6254E-10 3.7542E-10 4.1216E-10 4.3701E-10 4.6427E-10 4.9459E-10 5.3074E-10 5.6702E-10 6.0886E-10 6.6568E-10 7.1433E-10
8.4542E-11 8.7597E-11 9.0743E-11 9.3981E-11 9.7315E-11 1.0075E-10 1.0427E-10 1.0790E-10 1.1164E-10 1.1547E-10 1.1942E-10 1.2347E-10 1.2763E-10 1.3190E-10 1.3629E-10 1.4079E-10 1.4540E-10 1.5014E-10 1.5500E-10 1.5998E-10 1.6508E-10 1.7031E-10 1.7567E-10 1.8115E-10 1.8677E-10 1.9251E-10 1.9839E-10 2.0440E-10 2.1055E-10 2.1684E-10 2.2326E-10 2.2982E-10 2.3652E-10 2.4336E-10 2.5035E-10 2.5747E-10 2.6474E-10 2.7216E-10 2.7971E-10 2.8742E-10 2.9526E-10 3.0326E-10 3.1139E-10 3.2047E-10 3.3010E-10 3.4451E-10 3.5682E-10 3.6908E-10 4.0148E-10 4.3007E-10 4.5609E-10 4.8663E-10 5.2162E-10 5.5689E-10 5.9548E-10 6.5423E-10 7.0063E-10
8.3455E-11 8.6472E-11 8.9578E-11 9.2776E-11 9.6068E-11 9.9455E-11 1.0294E-10 1.0652E-10 1.1021E-10 1.1400E-10 1.1789E-10 1.2189E-10 1.2600E-10 1.3022E-10 1.3455E-10 1.3900E-10 1.4356E-10 1.4824E-10 1.5303E-10 1.5795E-10 1.6299E-10 1.6816E-10 1.7345E-10 1.7887E-10 1.8441E-10 1.9009E-10 1.9589E-10 2.0183E-10 2.0790E-10 2.1411E-10 2.2046E-10 2.2694E-10 2.3356E-10 2.4032E-10 2.4722E-10 2.5426E-10 2.6144E-10 2.6876E-10 2.7623E-10 2.8384E-10 2.9159E-10 2.9948E-10 3.0752E-10 3.1597E-10 3.2565E-10 3.3820E-10 3.5145E-10 3.6359E-10 3.9126E-10 4.2346E-10 4.4875E-10 4.7795E-10 5.0944E-10 5.4720E-10 5.8537E-10 6.4334E-10 6.8846E-10
8.2364E-11 8.5341E-11 8.8408E-11 9.1565E-11 9.4815E-11 9.8159E-11 1.0160E-10 1.0514E-10 1.0878E-10 1.1252E-10 1.1636E-10 1.2031E-10 1.2437E-10 1.2853E-10 1.3281E-10 1.3720E-10 1.4170E-10 1.4632E-10 1.5106E-10 1.5592E-10 1.6089E-10 1.6599E-10 1.7122E-10 1.7657E-10 1.8204E-10 1.8765E-10 1.9338E-10 1.9925E-10 2.0524E-10 2.1137E-10 2.1764E-10 2.2404E-10 2.3058E-10 2.3725E-10 2.4407E-10 2.5102E-10 2.5811E-10 2.6535E-10 2.7272E-10 2.8023E-10 2.8789E-10 2.9569E-10 3.0363E-10 3.1184E-10 3.2115E-10 3.3110E-10 3.4539E-10 3.5741E-10 3.8022E-10 4.1612E-10 4.4130E-10 4.6975E-10 5.0038E-10 5.3739E-10 5.7385E-10 6.2912E-10 6.7955E-10
8.1267E-11 8.4206E-11 8.7232E-11 9.0349E-11 9.3556E-11 9.6857E-11 1.0025E-10 1.0375E-10 1.0734E-10 1.1103E-10 1.1482E-10 1.1872E-10 1.2273E-10 1.2684E-10 1.3106E-10 1.3539E-10 1.3984E-10 1.4440E-10 1.4908E-10 1.5387E-10 1.5878E-10 1.6382E-10 1.6898E-10 1.7426E-10 1.7966E-10 1.8520E-10 1.9086E-10 1.9665E-10 2.0257E-10 2.0862E-10 2.1481E-10 2.2113E-10 2.2758E-10 2.3417E-10 2.4090E-10 2.4777E-10 2.5477E-10 2.6191E-10 2.6919E-10 2.7661E-10 2.8418E-10 2.9188E-10 2.9972E-10 3.0770E-10 3.1699E-10 3.2657E-10 3.3967E-10 3.5131E-10 3.7396E-10 4.0946E-10 4.3509E-10 4.6107E-10 4.9078E-10 5.2442E-10 5.6305E-10 6.1783E-10 6.6447E-10
8.0167E-11 8.3067E-11 8.6053E-11 8.9128E-11 9.2293E-11 9.5551E-11 9.8902E-11 1.0235E-10 1.0589E-10 1.0954E-10 1.1328E-10 1.1713E-10 1.2108E-10 1.2514E-10 1.2931E-10 1.3358E-10 1.3797E-10 1.4247E-10 1.4708E-10 1.5182E-10 1.5667E-10 1.6163E-10 1.6672E-10 1.7194E-10 1.7727E-10 1.8273E-10 1.8832E-10 1.9404E-10 1.9988E-10 2.0586E-10 2.1196E-10 2.1820E-10 2.2457E-10 2.3108E-10 2.3772E-10 2.4450E-10 2.5141E-10 2.5846E-10 2.6565E-10 2.7298E-10 2.8044E-10 2.8804E-10 2.9579E-10 3.0367E-10 3.1247E-10 3.2181E-10 3.3350E-10 3.4604E-10 3.6751E-10 4.0243E-10 4.2666E-10 4.5278E-10 4.8247E-10 5.1432E-10 5.4979E-10 6.0490E-10 6.5089E-10
7.9063E-11 8.1924E-11 8.4870E-11 8.7904E-11 9.1026E-11 9.4240E-11 9.7546E-11 1.0095E-10 1.0444E-10 1.0804E-10 1.1173E-10 1.1553E-10 1.1943E-10 1.2343E-10 1.2754E-10 1.3176E-10 1.3609E-10 1.4053E-10 1.4509E-10 1.4975E-10 1.5454E-10 1.5944E-10 1.6447E-10 1.6961E-10 1.7487E-10 1.8026E-10 1.8578E-10 1.9142E-10 1.9719E-10 2.0308E-10 2.0911E-10 2.1526E-10 2.2155E-10 2.2797E-10 2.3453E-10 2.4122E-10 2.4804E-10 2.5500E-10 2.6209E-10 2.6932E-10 2.7669E-10 2.8419E-10 2.9184E-10 2.9961E-10 3.0779E-10 3.1717E-10 3.2750E-10 3.3983E-10 3.5519E-10 3.9479E-10 4.1943E-10 4.4522E-10 4.7199E-10 5.0311E-10 5.3754E-10 5.9022E-10 6.3807E-10
7.7957E-11 8.0778E-11 8.3684E-11 8.6676E-11 8.9756E-11 9.2925E-11 9.6186E-11 9.9541E-11 1.0299E-10 1.0654E-10 1.1018E-10 1.1392E-10 1.1777E-10 1.2172E-10 1.2577E-10 1.2994E-10 1.3421E-10 1.3859E-10 1.4308E-10 1.4769E-10 1.5241E-10 1.5724E-10 1.6220E-10 1.6727E-10 1.7247E-10 1.7778E-10 1.8322E-10 1.8879E-10 1.9448E-10 2.0030E-10 2.0624E-10 2.1232E-10 2.1852E-10 2.2486E-10 2.3132E-10 2.3792E-10 2.4466E-10 2.5152E-10 2.5852E-10 2.6566E-10 2.7293E-10 2.8033E-10 2.8787E-10 2.9555E-10 3.0348E-10 3.1285E-10 3.1938E-10 3.3356E-10 3.4473E-10 3.8315E-10 4.0566E-10 4.3569E-10 4.6237E-10 4.9302E-10 5.2577E-10 5.7851E-10 6.2191E-10
7.6848E-11 7.9630E-11 8.2495E-11 8.5446E-11 8.8483E-11 9.1608E-11 9.4824E-11 9.8131E-11 1.0153E-10 1.0503E-10 1.0862E-10 1.1232E-10 1.1611E-10 1.2000E-10 1.2400E-10 1.2811E-10 1.3232E-10 1.3664E-10 1.4107E-10 1.4561E-10 1.5027E-10 1.5504E-10 1.5993E-10 1.6493E-10 1.7005E-10 1.7530E-10 1.8066E-10 1.8615E-10 1.9177E-10 1.9750E-10 2.0337E-10 2.0936E-10 2.1548E-10 2.2173E-10 2.2811E-10 2.3462E-10 2.4126E-10 2.4803E-10 2.5494E-10 2.6198E-10 2.6915E-10 2.7645E-10 2.8389E-10 2.9146E-10 2.9929E-10 3.0813E-10 3.1498E-10 3.2721E-10 3.3957E-10 3.7527E-10 3.9737E-10 4.2282E-10 4.5354E-10 4.8185E-10 5.1358E-10 5.6465E-10 6.0923E-10
7.5738E-11 7.8480E-11 8.1305E-11 8.4213E-11 8.7207E-11 9.0289E-11 9.3459E-11 9.6720E-11 1.0007E-10 1.0352E-10 1.0706E-10 1.1070E-10 1.1444E-10 1.1828E-10 1.2223E-10 1.2627E-10 1.3043E-10 1.3469E-10 1.3905E-10 1.4353E-10 1.4812E-10 1.5283E-10 1.5765E-10 1.6258E-10 1.6763E-10 1.7281E-10 1.7810E-10 1.8351E-10 1.8904E-10 1.9470E-10 2.0049E-10 2.0640E-10 2.1243E-10 2.1859E-10 2.2489E-10 2.3131E-10 2.3786E-10 2.4454E-10 2.5135E-10 2.5829E-10 2.6536E-10 2.7257E-10 2.7990E-10 2.8737E-10 2.9497E-10 3.0348E-10 3.1057E-10 3.2177E-10 3.3302E-10 3.5917E-10 3.8993E-10 4.1346E-10 4.4340E-10 4.7134E-10 5.0241E-10 5.5265E-10 5.9572E-10
7.4626E-11 7.7329E-11 8.0113E-11 8.2980E-11 8.5930E-11 8.8967E-11 9.2092E-11 9.5306E-11 9.8611E-11 1.0201E-10 1.0550E-10 1.0909E-10 1.1278E-10 1.1656E-10 1.2045E-10 1.2444E-10 1.2853E-10 1.3273E-10 1.3704E-10 1.4145E-10 1.4598E-10 1.5061E-10 1.5537E-10 1.6023E-10 1.6521E-10 1.7031E-10 1.7553E-10 1.8086E-10 1.8632E-10 1.9190E-10 1.9760E-10 2.0343E-10 2.0938E-10 2.1545E-10 2.2166E-10 2.2799E-10 2.3444E-10 2.4103E-10 2.4775E-10 2.5459E-10 2.6156E-10 2.6867E-10 2.7590E-10 2.8327E-10 2.9076E-10 2.9864E-10 3.0614E-10 3.1587E-10 3.2641E-10 3.4735E-10 3.8220E-10 4.0553E-10 4.3024E-10 4.6156E-10 4.9044E-10 5.3903E-10 5.8106E-10
7.3514E-11 7.6177E-11 7.8920E-11 8.1745E-11 8.4653E-11 8.7645E-11 9.0724E-11 9.3891E-11 9.7148E-11 1.0050E-10 1.0394E-10 1.0747E-10 1.1111E-10 1.1484E-10 1.1867E-10 1.2260E-10 1.2663E-10 1.3077E-10 1.3502E-10 1.3937E-10 1.4383E-10 1.4840E-10 1.5308E-10 1.5788E-10 1.6278E-10 1.6781E-10 1.7295E-10 1.7821E-10 1.8359E-10 1.8909E-10 1.9471E-10 2.0045E-10 2.0632E-10 2.1231E-10 2.1842E-10 2.2466E-10 2.3103E-10 2.3752E-10 2.4414E-10 2.5089E-10 2.5776E-10 2.6477E-10 2.7190E-10 2.7916E-10 2.8655E-10 2.9418E-10 3.0171E-10 3.0948E-10 3.2021E-10 3.4060E-10 3.7489E-10 3.9694E-10 4.1982E-10 4.4712E-10 4.7949E-10 5.2746E-10 5.6851E-10
7.2401E-11 7.5025E-11 7.7727E-11 8.0510E-11 8.3374E-11 8.6323E-11 8.9356E-11 9.2476E-11 9.5685E-11 9.8984E-11 1.0237E-10 1.0586E-10 1.0944E-10 1.1311E-10 1.1689E-10 1.2076E-10 1.2474E-10 1.2881E-10 1.3299E-10 1.3728E-10 1.4168E-10 1.4618E-10 1.5079E-10 1.5552E-10 1.6036E-10 1.6531E-10 1.7037E-10 1.7556E-10 1.8086E-10 1.8628E-10 1.9181E-10 1.9747E-10 2.0325E-10 2.0916E-10 2.1518E-10 2.2133E-10 2.2760E-10 2.3400E-10 2.4053E-10 2.4718E-10 2.5395E-10 2.6086E-10 2.6789E-10 2.7504E-10 2.8232E-10 2.8985E-10 2.9727E-10 3.0493E-10 3.1439E-10 3.3517E-10 3.6662E-10 3.8804E-10 4.1064E-10 4.3702E-10 4.6884E-10 5.1523E-10 5.5451E-10
7.1289E-11 7.3873E-11 7.6534E-11 7.9275E-11 8.2096E-11 8.5000E-11 8.7988E-11 9.1061E-11 9.4222E-11 9.7471E-11 1.0081E-10 1.0424E-10 1.0777E-10 1.1139E-10 1.1511E-10 1.1892E-10 1.2284E-10 1.2685E-10 1.3097E-10 1.3520E-10 1.3953E-10 1.4396E-10 1.4851E-10 1.5316E-10 1.5793E-10 1.6280E-10 1.6780E-10 1.7290E-10 1.7812E-10 1.8346E-10 1.8892E-10 1.9449E-10 2.0019E-10 2.0600E-10 2.1194E-10 2.1800E-10 2.2418E-10 2.3049E-10 2.3691E-10 2.4347E-10 2.5014E-10 2.5694E-10 2.6387E-10 2.7092E-10 2.7810E-10 2.8540E-10 2.9282E-10 3.0037E-10 3.0948E-10 3.1880E-10 3.5003E-10 3.7931E-10 4.0240E-10 4.2639E-10 4.5428E-10 5.0275E-10 5.4169E-10
7.0178E-11 7.2722E-11 7.5342E-11 7.8041E-11 8.0819E-11 8.3679E-11 8.6620E-11 8.9647E-11 9.2759E-11 9.5959E-11 9.9247E-11 1.0263E-10 1.0610E-10 1.0966E-10 1.1332E-10 1.1708E-10 1.2094E-10 1.2489E-10 1.2895E-10 1.3311E-10 1.3737E-10 1.4174E-10 1.4622E-10 1.5080E-10 1.5550E-10 1.6030E-10 1.6522E-10 1.7025E-10 1.7539E-10 1.8065E-10 1.8602E-10 1.9151E-10 1.9712E-10 2.0285E-10 2.0870E-10 2.1467E-10 2.2076E-10 2.2697E-10 2.3330E-10 2.3975E-10 2.4633E-10 2.5303E-10 2.5985E-10 2.6680E-10 2.7387E-10 2.8106E-10 2.8837E-10 2.9581E-10 3.0337E-10 3.1280E-10 3.3747E-10 3.6722E-10 3.9342E-10 4.1646E-10 4.4289E-10 4.9171E-10 5.2836E-10
6.9067E-11 7.1572E-11 7.4152E-11 7.6809E-11 7.9543E-11 8.2358E-11 8.5255E-11 8.8234E-11 9.1298E-11 9.4448E-11 9.7686E-11 1.0101E-10 1.0443E-10 1.0794E-10 1.1155E-10 1.1524E-10 1.1904E-10 1.2294E-10 1.2693E-10 1.3103E-10 1.3522E-10 1.3953E-10 1.4393E-10 1.4845E-10 1.5307E-10 1.5780E-10 1.6264E-10 1.6759E-10 1.7266E-10 1.7784E-10 1.8313E-10 1.8854E-10 1.9406E-10 1.9970E-10 2.0546E-10 2.1134E-10 2.1733E-10 2.2345E-10 2.2969E-10 2.3604E-10 2.4252E-10 2.4912E-10 2.5584E-10 2.6268E-10 2.6964E-10 2.7672E-10 2.8393E-10 2.9125E-10 2.9870E-10 3.0703E-10 3.2746E-10 3.5916E-10 3.8005E-10 4.0643E-10 4.3275E-10 4.7949E-10 5.1480E-10
