Assets/Resources/2015_m01_d20_1900(utc+0800)_l00_csi_1hr_conc.grd
DSAA
         159         159
     -79.000      79.000
     -79.000      79.000
  0.6650E-10  0.3053E-04
[rows 75 to 99 of 159, columns 57 to 113 of 159]
1.7060E-08 1.7867E-08 1.8827E-08 1.9906E-08 2.1137E-08 2.2519E-08 2.4011E-08 2.5664E-08 2.7425E-08 2.9382E-08 3.1595E-08 3.4210E-08 3.7751E-08 4.1648E-08 4.4017E-08 3.8413E-08 2.7455E-08 1.9822E-08 1.1623E-08 7.5625E-09 6.5222E-09 5.9684E-09 5.6972E-09 5.5663E-09 5.4999E-09 5.4382E-09 5.3741E-09 5.3107E-09 5.2444E-09 5.1754E-09 5.1040E-09 5.0235E-09 4.9483E-09 4.8710E-09 4.7917E-09 4.7106E-09 4.6247E-09 4.5381E-09 4.4534E-09 4.3673E-09 4.2798E-09 4.1856E-09 4.0959E-09 4.0049E-09 3.9071E-09 3.8143E-09 3.7205E-09 3.6180E-09 3.5236E-09 3.4206E-09 3.3260E-09 3.2309E-09 3.1321E-09 3.0372E-09 2.9387E-09 2.8449E-09 2.7513E-09
1.9381E-08 2.0384E-08 2.1554E-08 2.2899E-08 2.4434E-08 2.6179E-08 2.8079E-08 3.0205E-08 3.2529E-08 3.5177E-08 3.8496E-08 4.2948E-08 5.0245E-08 6.0962E-08 7.3707E-08 7.4354E-08 5.4539E-08 3.2766E-08 1.7726E-08 8.5729E-09 7.0277E-09 6.2345E-09 5.8571E-09 5.6853E-09 5.6055E-09 5.5462E-09 5.4804E-09 5.4124E-09 5.3451E-09 5.2752E-09 5.2027E-09 5.1279E-09 5.0440E-09 4.9654E-09 4.8849E-09 4.8025E-09 4.7184E-09 4.6312E-09 4.5402E-09 4.4527E-09 4.3637E-09 4.2733E-09 4.1758E-09 4.0831E-09 3.9891E-09 3.8884E-09 3.7928E-09 3.6964E-09 3.5914E-09 3.4944E-09 3.3893E-09 3.2924E-09 3.1944E-09 3.0946E-09 2.9982E-09 2.8983E-09 2.8028E-09
2.1640E-08 2.2815E-08 2.4159E-08 2.5723E-08 2.7506E-08 2.9525E-08 3.1736E-08 3.4203E-08 3.6947E-08 4.0135E-08 4.4349E-08 5.0757E-08 6.2430E-08 8.4472E-08 1.2088E-07 1.7076E-07 1.7055E-07 9.6407E-08 4.0152E-08 9.5493E-09 7.4862E-09 6.4779E-09 6.0148E-09 5.8043E-09 5.7132E-09 5.6521E-09 5.5893E-09 5.5214E-09 5.4474E-09 5.3765E-09 5.3030E-09 5.2270E-09 5.1487E-09 5.0629E-09 4.9795E-09 4.8957E-09 4.8102E-09 4.7232E-09 4.6348E-09 4.5393E-09 4.4487E-09 4.3566E-09 4.2629E-09 4.1624E-09 4.0666E-09 3.9696E-09 3.8660E-09 3.7676E-09 3.6686E-09 3.5611E-09 3.4618E-09 3.3545E-09 3.2555E-09 3.1547E-09 3.0543E-09 2.9563E-09 2.8548E-09
2.3715E-08 2.5012E-08 2.6480E-08 2.8161E-08 3.0091E-08 3.2249E-08 3.4607E-08 3.7219E-08 4.0096E-08 4.3428E-08 4.7854E-08 5.5179E-08 6.9187E-08 9.9899E-08 1.6479E-07 4.0493E-07 1.1040E-06 1.4631E-06 1.2664E-06 4.5511E-07 1.4165E-08 6.6520E-09 6.1448E-09 5.9261E-09 5.8219E-09 5.7596E-09 5.6960E-09 5.6292E-09 5.5592E-09 5.4794E-09 5.4047E-09 5.3275E-09 5.2481E-09 5.1662E-09 5.0787E-09 4.9902E-09 4.9032E-09 4.8148E-09 4.7248E-09 4.6320E-09 4.5348E-09 4.4410E-09 4.3455E-09 4.2472E-09 4.1449E-09 4.0460E-09 3.9461E-09 3.8397E-09 3.7387E-09 3.6370E-09 3.5272E-09 3.4256E-09 3.3163E-09 3.2154E-09 3.1108E-09 3.0110E-09 2.9113E-09
2.5489E-08 2.6830E-08 2.8328E-08 3.0031E-08 3.1975E-08 3.4114E-08 3.6426E-08 3.8928E-08 4.1620E-08 4.4597E-08 4.8369E-08 5.4801E-08 6.7001E-08 9.2900E-08 1.4573E-07 3.3803E-07 8.6405E-07 1.4318E-06 2.4171E-06 4.7003E-06 9.9883E-06 3.0525E-05 6.2423E-09 6.0318E-09 5.9401E-09 5.8707E-09 5.8043E-09 5.7364E-09 5.6655E-09 5.5917E-09 5.5078E-09 5.4295E-09 5.3488E-09 5.2656E-09 5.1802E-09 5.0859E-09 4.9974E-09 4.9075E-09 4.8159E-09 4.7230E-09 4.6236E-09 4.5264E-09 4.4291E-09 4.3303E-09 4.2273E-09 4.1233E-09 4.0214E-09 3.9184E-09 3.8094E-09 3.7057E-09 3.5995E-09 3.4895E-09 3.3838E-09 3.2747E-09 3.1720E-09 3.0660E-09 2.9644E-09
2.6849E-08 2.8151E-08 2.9586E-08 3.1206E-08 3.3031E-08 3.4982E-08 3.7065E-08 3.9215E-08 4.1450E-08 4.3719E-08 4.6311E-08 5.0538E-08 5.7447E-08 6.8862E-08 8.0915E-08 8.8123E-08 6.7078E-08 3.6939E-08 1.3513E-08 9.5118E-09 7.6369E-09 6.7403E-09 6.3187E-09 6.1322E-09 6.0516E-09 5.9884E-09 5.9180E-09 5.8452E-09 5.7732E-09 5.6984E-09 5.6205E-09 5.5328E-09 5.4508E-09 5.3662E-09 5.2794E-09 5.1905E-09 5.0928E-09 5.0013E-09 4.9082E-09 4.8135E-09 4.7171E-09 4.6127E-09 4.5136E-09 4.4129E-09 4.3108E-09 4.2013E-09 4.0974E-09 3.9924E-09 3.8852E-09 3.7750E-09 3.6687E-09 3.5582E-09 3.4480E-09 3.3386E-09 3.2297E-09 3.1254E-09 3.0177E-09
2.7716E-08 2.8900E-08 3.0200E-08 3.1627E-08 3.3196E-08 3.4848E-08 3.6547E-08 3.8175E-08 3.9780E-08 4.1199E-08 4.2572E-08 4.4254E-08 4.5940E-08 4.5910E-08 4.1462E-08 3.3420E-08 2.0185E-08 1.4997E-08 1.1271E-08 8.8367E-09 7.3965E-09 6.7039E-09 6.3860E-09 6.2433E-09 6.1655E-09 6.1017E-09 6.0344E-09 5.9615E-09 5.8824E-09 5.8064E-09 5.7273E-09 5.6457E-09 5.5540E-09 5.4681E-09 5.3798E-09 5.2893E-09 5.1970E-09 5.0962E-09 5.0014E-09 4.9050E-09 4.8069E-09 4.7068E-09 4.5990E-09 4.4963E-09 4.3921E-09 4.2865E-09 4.1740E-09 4.0669E-09 3.9590E-09 3.8478E-09 3.7363E-09 3.6276E-09 3.5107E-09 3.4030E-09 3.2876E-09 3.1813E-09 3.0744E-09
2.8060E-08 2.9062E-08 3.0150E-08 3.1316E-08 3.2542E-08 3.3795E-08 3.5019E-08 3.6084E-08 3.6962E-08 3.7566E-08 3.7825E-08 3.7439E-08 3.5852E-08 3.2436E-08 2.5858E-08 2.1612E-08 1.6037E-08 1.2624E-08 9.9897E-09 8.1915E-09 7.1739E-09 6.6655E-09 6.4507E-09 6.3577E-09 6.2942E-09 6.2164E-09 6.1481E-09 6.0762E-09 6.0011E-09 5.9157E-09 5.8354E-09 5.7524E-09 5.6666E-09 5.5711E-09 5.4812E-09 5.3892E-09 5.2953E-09 5.1996E-09 5.0956E-09 4.9974E-09 4.8975E-09 4.7955E-09 4.6918E-09 4.5803E-09 4.4741E-09 4.3664E-09 4.2575E-09 4.1420E-09 4.0319E-09 3.9212E-09 3.8058E-09 3.6935E-09 3.5824E-09 3.4639E-09 3.3542E-09 3.2373E-09 3.1293E-09
2.7897E-08 2.8667E-08 2.9491E-08 3.0331E-08 3.1188E-08 3.2003E-08 3.2711E-08 3.3227E-08 3.3452E-08 3.3324E-08 3.2639E-08 3.1023E-08 2.8228E-08 2.4410E-08 2.0498E-08 1.6401E-08 1.3378E-08 1.0872E-08 8.9761E-09 7.7197E-09 7.0273E-09 6.6827E-09 6.5381E-09 6.4768E-09 6.4131E-09 6.3457E-09 6.2632E-09 6.1901E-09 6.1139E-09 6.0344E-09 5.9447E-09 5.8604E-09 5.7731E-09 5.6832E-09 5.5837E-09 5.4901E-09 5.3945E-09 5.2971E-09 5.1981E-09 5.0906E-09 4.9888E-09 4.8848E-09 4.7791E-09 4.6700E-09 4.5566E-09 4.4468E-09 4.3357E-09 4.2222E-09 4.1052E-09 3.9923E-09 3.8786E-09 3.7596E-09 3.6463E-09 3.5313E-09 3.4131E-09 3.2998E-09 3.1834E-09
2.7251E-08 2.7786E-08 2.8312E-08 2.8816E-08 2.9301E-08 2.9696E-08 2.9914E-08 2.9942E-08 2.9656E-08 2.8957E-08 2.7639E-08 2.5236E-08 2.2462E-08 1.9385E-08 1.6588E-08 1.3713E-08 1.1429E-08 9.6005E-09 8.2694E-09 7.4207E-09 6.9364E-09 6.7342E-09 6.6737E-09 6.5984E-09 6.5335E-09 6.4649E-09 6.3928E-09 6.3054E-09 6.2279E-09 6.1470E-09 6.0632E-09 5.9693E-09 5.8806E-09 5.7891E-09 5.6951E-09 5.5918E-09 5.4945E-09 5.3954E-09 5.2946E-09 5.1917E-09 5.0807E-09 4.9748E-09 4.8670E-09 4.7573E-09 4.6430E-09 4.5276E-09 4.4143E-09 4.2999E-09 4.1803E-09 4.0635E-09 3.9476E-09 3.8302E-09 3.7103E-09 3.5950E-09 3.4742E-09 3.3584E-09 3.2395E-09
2.6201E-08 2.6490E-08 2.6746E-08 2.6933E-08 2.7069E-08 2.7088E-08 2.6923E-08 2.6539E-08 2.5882E-08 2.4805E-08 2.2966E-08 2.1013E-08 1.8594E-08 1.6143E-08 1.3748E-08 1.1709E-08 1.0019E-08 8.7344E-09 7.8435E-09 7.2427E-09 6.9282E-09 6.8599E-09 6.7997E-09 6.7358E-09 6.6552E-09 6.5854E-09 6.5120E-09 6.4348E-09 6.3430E-09 6.2607E-09 6.1754E-09 6.0834E-09 5.9889E-09 5.8958E-09 5.8001E-09 5.7021E-09 5.5953E-09 5.4943E-09 5.3917E-09 5.2869E-09 5.1786E-09 5.0652E-09 4.9553E-09 4.8434E-09 4.7299E-09 4.6104E-09 4.4931E-09 4.3765E-09 4.2588E-09 4.1349E-09 4.0167E-09 3.8983E-09 3.7758E-09 3.6567E-09 3.5396E-09 3.4150E-09 3.2997E-09
2.4870E-08 2.4903E-08 2.4910E-08 2.4849E-08 2.4679E-08 2.4387E-08 2.3948E-08 2.3289E-08 2.2373E-08 2.1112E-08 1.9429E-08 1.7541E-08 1.5515E-08 1.3607E-08 1.1829E-08 1.0300E-08 9.1013E-09 8.2093E-09 7.5788E-09 7.1342E-09 7.0576E-09 6.9986E-09 6.9271E-09 6.8619E-09 6.7927E-09 6.7072E-09 6.6324E-09 6.5538E-09 6.4720E-09 6.3754E-09 6.2886E-09 6.1988E-09 6.1001E-09 6.0033E-09 5.9058E-09 5.8060E-09 5.7025E-09 5.5938E-09 5.4892E-09 5.3825E-09 5.2737E-09 5.1578E-09 5.0439E-09 4.9298E-09 4.8140E-09 4.6952E-09 4.5721E-09 4.4531E-09 4.3330E-09 4.2110E-09 4.0858E-09 3.9650E-09 3.8442E-09 3.7183E-09 3.5989E-09 3.4759E-09 3.3539E-09
2.3321E-08 2.3183E-08 2.2946E-08 2.2675E-08 2.2301E-08 2.1799E-08 2.1136E-08 2.0333E-08 1.9328E-08 1.7986E-08 1.6491E-08 1.4962E-08 1.3343E-08 1.1819E-08 1.0483E-08 9.3790E-09 8.5361E-09 7.9120E-09 7.3626E-09 7.2635E-09 7.1999E-09 7.1300E-09 7.0658E-09 6.9893E-09 6.9186E-09 6.8443E-09 6.7537E-09 6.6737E-09 6.5904E-09 6.5006E-09 6.4025E-09 6.3111E-09 6.2164E-09 6.1113E-09 6.0121E-09 5.9104E-09 5.8067E-09 5.6957E-09 5.5871E-09 5.4784E-09 5.3674E-09 5.2543E-09 5.1326E-09 5.0163E-09 4.8981E-09 4.7785E-09 4.6544E-09 4.5296E-09 4.4072E-09 4.2841E-09 4.1562E-09 4.0315E-09 3.9083E-09 3.7827E-09 3.6579E-09 3.5365E-09 3.4099E-09
2.1678E-08 2.1383E-08 2.1002E-08 2.0546E-08 2.0027E-08 1.9413E-08 1.8661E-08 1.7783E-08 1.6764E-08 1.5584E-08 1.4325E-08 1.3021E-08 1.1765E-08 1.0587E-08 9.6102E-09 8.8254E-09 8.2097E-09 7.6109E-09 7.4925E-09 7.3966E-09 7.3356E-09 7.2722E-09 7.1972E-09 7.1277E-09 7.0457E-09 6.9698E-09 6.8900E-09 6.7944E-09 6.7096E-09 6.6210E-09 6.5235E-09 6.4238E-09 6.3274E-09 6.2281E-09 6.1186E-09 6.0150E-09 5.9095E-09 5.8018E-09 5.6852E-09 5.5744E-09 5.4612E-09 5.3459E-09 5.2267E-09 5.1028E-09 4.9822E-09 4.8602E-09 4.7366E-09 4.6076E-09 4.4811E-09 4.3555E-09 4.2280E-09 4.0976E-09 3.9721E-09 3.8467E-09 3.7180E-09 3.5927E-09 3.4676E-09
2.0022E-08 1.9621E-08 1.9134E-08 1.8596E-08 1.7977E-08 1.7304E-08 1.6541E-08 1.5676E-08 1.4716E-08 1.3710E-08 1.2680E-08 1.1622E-08 1.0636E-08 9.7659E-09 9.0466E-09 8.4742E-09 7.8608E-09 7.7392E-09 7.6183E-09 7.5446E-09 7.4729E-09 7.4077E-09 7.3389E-09 7.2585E-09 7.1834E-09 7.0962E-09 7.0146E-09 6.9296E-09 6.8293E-09 6.7391E-09 6.6456E-09 6.5402E-09 6.4387E-09 6.3375E-09 6.2316E-09 6.1199E-09 6.0123E-09 5.9026E-09 5.7892E-09 5.6703E-09 5.5549E-09 5.4374E-09 5.3174E-09 5.1908E-09 5.0660E-09 4.9415E-09 4.8156E-09 4.6870E-09 4.5546E-09 4.4265E-09 4.2980E-09 4.1664E-09 4.0353E-09 3.9076E-09 3.7790E-09 3.6484E-09 3.5228E-09
1.8447E-08 1.7965E-08 1.7429E-08 1.6850E-08 1.6221E-08 1.5529E-08 1.4796E-08 1.3996E-08 1.3163E-08 1.2319E-08 1.1474E-08 1.0656E-08 9.8920E-09 9.2590E-09 8.7333E-09 8.1078E-09 7.9827E-09 7.8629E-09 7.7571E-09 7.6862E-09 7.6211E-09 7.5443E-09 7.4736E-09 7.3971E-09 7.3132E-09 7.2326E-09 7.1398E-09 7.0530E-09 6.9627E-09 6.8574E-09 6.7622E-09 6.6635E-09 6.5501E-09 6.4469E-09 6.3409E-09 6.2288E-09 6.1151E-09 6.0033E-09 5.8894E-09 5.7699E-09 5.6484E-09 5.5285E-09 5.4062E-09 5.2803E-09 5.1494E-09 5.0225E-09 4.8940E-09 4.7643E-09 4.6293E-09 4.4969E-09 4.3659E-09 4.2331E-09 4.0979E-09 3.9677E-09 3.8380E-09 3.7049E-09 3.5753E-09
1.7010E-08 1.6487E-08 1.5926E-08 1.5338E-08 1.4730E-08 1.4088E-08 1.3417E-08 1.2719E-08 1.2018E-08 1.1315E-08 1.0643E-08 1.0022E-08 9.4520E-09 8.9726E-09 8.3594E-09 8.2290E-09 8.1128E-09 7.9875E-09 7.9052E-09 7.8364E-09 7.7619E-09 7.6914E-09 7.6092E-09 7.5327E-09 7.4460E-09 7.3611E-09 7.2745E-09 7.1766E-09 7.0844E-09 6.9826E-09 6.8787E-09 6.7780E-09 6.6713E-09 6.5562E-09 6.4482E-09 6.3377E-09 6.2175E-09 6.1037E-09 5.9875E-09 5.8691E-09 5.7413E-09 5.6190E-09 5.4944E-09 5.3676E-09 5.2358E-09 5.1027E-09 4.9718E-09 4.8395E-09 4.7049E-09 4.5666E-09 4.4331E-09 4.2992E-09 4.1628E-09 4.0270E-09 3.8948E-09 3.7619E-09 3.6270E-09
1.5731E-08 1.5203E-08 1.4651E-08 1.4091E-08 1.3519E-08 1.2935E-08 1.2343E-08 1.1742E-08 1.1161E-08 1.0607E-08 1.0065E-08 9.5838E-09 9.1716E-09 8.6105E-09 8.4710E-09 8.3584E-09 8.2303E-09 8.1289E-09 8.0563E-09 7.9829E-09 7.9090E-09 7.8308E-09 7.7525E-09 7.6667E-09 7.5842E-09 7.4899E-09 7.4011E-09 7.3050E-09 7.2060E-09 7.1082E-09 6.9984E-09 6.8923E-09 6.7863E-09 6.6716E-09 6.5549E-09 6.4423E-09 6.3256E-09 6.2034E-09 6.0850E-09 5.9643E-09 5.8375E-09 5.7088E-09 5.5818E-09 5.4525E-09 5.3214E-09 5.1838E-09 5.0486E-09 4.9138E-09 4.7781E-09 4.6386E-09 4.4992E-09 4.3628E-09 4.2252E-09 4.0869E-09 3.9506E-09 3.8166E-09 3.6792E-09
1.4649E-08 1.4129E-08 1.3607E-08 1.3091E-08 1.2578E-08 1.2064E-08 1.1556E-08 1.1071E-08 1.0595E-08 1.0159E-08 9.7436E-09 9.3734E-09 8.8620E-09 8.7183E-09 8.5956E-09 8.4764E-09 8.3639E-09 8.2820E-09 8.2090E-09 8.1341E-09 8.0537E-09 7.9744E-09 7.8922E-09 7.8056E-09 7.7162E-09 7.6258E-09 7.5277E-09 7.4335E-09 7.3297E-09 7.2274E-09 7.1243E-09 7.0060E-09 6.8979E-09 6.7866E-09 6.6610E-09 6.5463E-09 6.4291E-09 6.3044E-09 6.1815E-09 6.0585E-09 5.9328E-09 5.7996E-09 5.6681E-09 5.5364E-09 5.4027E-09 5.2640E-09 5.1243E-09 4.9869E-09 4.8486E-09 4.7080E-09 4.5642E-09 4.4253E-09 4.2866E-09 4.1456E-09 4.0053E-09 3.8688E-09 3.7316E-09
1.3746E-08 1.3274E-08 1.2768E-08 1.2315E-08 1.1857E-08 1.1428E-08 1.0997E-08 1.0602E-08 1.0221E-08 9.8709E-09 9.5584E-09 9.1573E-09 8.9482E-09 8.8325E-09 8.7201E-09 8.6012E-09 8.5141E-09 8.4390E-09 8.3625E-09 8.2809E-09 8.2028E-09 8.1184E-09 8.0316E-09 7.9448E-09 7.8479E-09 7.7572E-09 7.6586E-09 7.5575E-09 7.4574E-09 7.3460E-09 7.2406E-09 7.1258E-09 7.0085E-09 6.8951E-09 6.7729E-09 6.6492E-09 6.5298E-09 6.4064E-09 6.2770E-09 6.1515E-09 6.0234E-09 5.8911E-09 5.7532E-09 5.6189E-09 5.4827E-09 5.3430E-09 5.2005E-09 5.0587E-09 4.9178E-09 4.7761E-09 4.6295E-09 4.4864E-09 4.3451E-09 4.2030E-09 4.0601E-09 3.9196E-09 3.7812E-09
1.3030E-08 1.2601E-08 1.2147E-08 1.1752E-08 1.1358E-08 1.0996E-08 1.0647E-08 1.0324E-08 1.0027E-08 9.7485E-09 9.4755E-09 9.2026E-09 9.0704E-09 8.9589E-09 8.8484E-09 8.7509E-09 8.6718E-09 8.5969E-09 8.5153E-09 8.4337E-09 8.3486E-09 8.2611E-09 8.1728E-09 8.0796E-09 7.9865E-09 7.8859E-09 7.7890E-09 7.6829E-09 7.5781E-09 7.4683E-09 7.3559E-09 7.2446E-09 7.1214E-09 7.0023E-09 6.8835E-09 6.7541E-09 6.6291E-09 6.5051E-09 6.3751E-09 6.2430E-09 6.1125E-09 5.9793E-09 5.8388E-09 5.7000E-09 5.5612E-09 5.4205E-09 5.2752E-09 5.1290E-09 4.9854E-09 4.8411E-09 4.6949E-09 4.5459E-09 4.4021E-09 4.2589E-09 4.1134E-09 3.9689E-09 3.8281E-09
1.2480E-08 1.2096E-08 1.1701E-08 1.1344E-08 1.1020E-08 1.0708E-08 1.0429E-08 1.0168E-08 9.9329E-09 9.6988E-09 9.4458E-09 9.3079E-09 9.2042E-09 9.0956E-09 8.9947E-09 8.9126E-09 8.8301E-09 8.7518E-09 8.6702E-09 8.5831E-09 8.4945E-09 8.4053E-09 8.3118E-09 8.2173E-09 8.1199E-09 8.0185E-09 7.9143E-09 7.8097E-09 7.6976E-09 7.5894E-09 7.4721E-09 7.3561E-09 7.2362E-09 7.1079E-09 6.9868E-09 6.8606E-09 6.7267E-09 6.6004E-09 6.4697E-09 6.3328E-09 6.1998E-09 6.0641E-09 5.9226E-09 5.7792E-09 5.6378E-09 5.4945E-09 5.3482E-09 5.1992E-09 5.0512E-09 4.9044E-09 4.7570E-09 4.6054E-09 4.4574E-09 4.3116E-09 4.1650E-09 4.0164E-09 3.8733E-09
1.2083E-08 1.1748E-08 1.1406E-08 1.1095E-08 1.0822E-08 1.0568E-08 1.0341E-08 1.0123E-08 9.9055E-09 9.6933E-09 9.5492E-09 9.4483E-09 9.3489E-09 9.2456E-09 9.1579E-09 9.0767E-09 8.9923E-09 8.9065E-09 8.8231E-09 8.7324E-09 8.6418E-09 8.5471E-09 8.4521E-09 8.3539E-09 8.2518E-09 8.1499E-09 8.0382E-09 7.9330E-09 7.8203E-09 7.7049E-09 7.5888E-09 7.4657E-09 7.3463E-09 7.2151E-09 7.0882E-09 6.9623E-09 6.8257E-09 6.6936E-09 6.5623E-09 6.4248E-09 6.2851E-09 6.1469E-09 6.0063E-09 5.8583E-09 5.7124E-09 5.5666E-09 5.4192E-09 5.2674E-09 5.1150E-09 4.9656E-09 4.8156E-09 4.6629E-09 4.5107E-09 4.3624E-09 4.2147E-09 4.0636E-09 3.9166E-09
1.1805E-08 1.1517E-08 1.1222E-08 1.0953E-08 1.0713E-08 1.0511E-08 1.0319E-08 1.0118E-08 9.9387E-09 9.8000E-09 9.6999E-09 9.5980E-09 9.5031E-09 9.4116E-09 9.3240E-09 9.2388E-09 9.1523E-09 9.0626E-09 8.9735E-09 8.8827E-09 8.7864E-09 8.6899E-09 8.5909E-09 8.4878E-09 8.3823E-09 8.2755E-09 8.1652E-09 8.0523E-09 7.9389E-09 7.8184E-09 7.7016E-09 7.5756E-09 7.4513E-09 7.3234E-09 7.1873E-09 7.0590E-09 6.9256E-09 6.7844E-09 6.6508E-09 6.5124E-09 6.3680E-09 6.2273E-09 6.0841E-09 5.9352E-09 5.7846E-09 5.6362E-09 5.4862E-09 5.3334E-09 5.1765E-09 5.0245E-09 4.8720E-09 4.7182E-09 4.5634E-09 4.4110E-09 4.2609E-09 4.1088E-09 3.9578E-09
1.1657E-08 1.1408E-08 1.1150E-08 1.0931E-08 1.0726E-08 1.0540E-08 1.0360E-08 1.0191E-08 1.0061E-08 9.9553E-09 9.8612E-09 9.7591E-09 9.6709E-09 9.5853E-09 9.4914E-09 9.4000E-09 9.3113E-09 9.2175E-09 9.1227E-09 9.0297E-09 8.9296E-09 8.8292E-09 8.7248E-09 8.6198E-09 8.5124E-09 8.4007E-09 8.2898E-09 8.1717E-09 8.0552E-09 7.9341E-09 7.8100E-09 7.6853E-09 7.5538E-09 7.4262E-09 7.2873E-09 7.1530E-09 7.0199E-09 6.8760E-09 6.7366E-09 6.5975E-09 6.4524E-09 6.3050E-09 6.1593E-09 6.0095E-09 5.8562E-09 5.7033E-09 5.5507E-09 5.3953E-09 5.2374E-09 5.0810E-09 4.9260E-09 4.7711E-09 4.6138E-09 4.4573E-09 4.3048E-09 4.1517E-09 3.9983E-09
