Assets/Resources/2015_m01_d02_1600(utc+0800)_l00_csi_1hr_conc.grd
DSAA
         159         159
     -79.000      79.000
     -79.000      79.000
  0.0000E+00  0.3557E-05
[rows 50 to 74 of 159, columns 0 to 56 of 159]
0.0000E+00 0.0000E+00 0.0000E+00 0.0000E+00 0.0000E+00 0.0000E+00 0.0000E+00 0.0000E+00 0.0000E+00 0.0000E+00 0.0000E+00 0.0000E+00 0.0000E+00 3.4769E-12 1.0853E-11 2.9716E-11 4.9777E-11 7.6223E-11 1.2516E-10 1.8363E-10 2.5872E-10 3.6251E-10 4.9971E-10 6.6698E-10 8.7665E-10 1.1326E-09 1.4509E-09 1.8345E-09 2.2920E-09 2.8404E-09 3.4785E-09 4.2185E-09 5.0638E-09 6.0207E-09 7.0837E-09 8.2467E-09 9.4879E-09 1.0788E-08 1.2114E-08 1.3413E-08 1.4649E-08 1.5773E-08 1.6759E-08 1.7592E-08 1.8229E-08 1.8652E-08 1.8858E-08 1.8863E-08 1.8678E-08 1.8298E-08 1.7722E-08 1.6963E-08 1.6048E-08 1.5005E-08 1.3866E-08 1.2649E-08 1.1397E-08
0.0000E+00 0.0000E+00 0.0000E+00 0.0000E+00 0.0000E+00 0.0000E+00 0.0000E+00 0.0000E+00 0.0000E+00 0.0000E+00 0.0000E+00 0.0000E+00 0.0000E+00 3.5806E-12 1.0911E-11 2.9922E-11 5.0235E-11 7.6258E-11 1.2237E-10 1.8116E-10 2.5654E-10 3.5880E-10 4.9694E-10 6.6291E-10 8.7252E-10 1.1279E-09 1.4473E-09 1.8303E-09 2.2926E-09 2.8426E-09 3.4813E-09 4.2251E-09 5.0760E-09 6.0358E-09 7.1056E-09 8.2788E-09 9.5362E-09 1.0860E-08 1.2214E-08 1.3567E-08 1.4857E-08 1.6045E-08 1.7101E-08 1.7988E-08 1.8682E-08 1.9172E-08 1.9435E-08 1.9473E-08 1.9301E-08 1.8936E-08 1.8386E-08 1.7650E-08 1.6742E-08 1.5687E-08 1.4521E-08 1.3272E-08 1.1988E-08
0.0000E+00 0.0000E+00 0.0000E+00 0.0000E+00 0.0000E+00 0.0000E+00 0.0000E+00 0.0000E+00 0.0000E+00 0.0000E+00 0.0000E+00 0.0000E+00 0.0000E+00 3.6491E-12 1.0721E-11 2.8948E-11 5.0237E-11 7.5913E-11 1.1933E-10 1.7697E-10 2.5251E-10 3.5259E-10 4.8909E-10 6.5381E-10 8.6051E-10 1.1139E-09 1.4306E-09 1.8124E-09 2.2707E-09 2.8169E-09 3.4563E-09 4.1963E-09 5.0388E-09 5.9986E-09 7.0656E-09 8.2337E-09 9.4995E-09 1.0834E-08 1.2207E-08 1.3583E-08 1.4920E-08 1.6178E-08 1.7299E-08 1.8242E-08 1.9003E-08 1.9562E-08 1.9900E-08 2.0001E-08 1.9872E-08 1.9545E-08 1.9028E-08 1.8322E-08 1.7435E-08 1.6392E-08 1.5219E-08 1.3961E-08 1.2651E-08
0.0000E+00 0.0000E+00 0.0000E+00 0.0000E+00 0.0000E+00 0.0000E+00 0.0000E+00 0.0000E+00 0.0000E+00 0.0000E+00 0.0000E+00 0.0000E+00 0.0000E+00 3.6804E-12 1.0477E-11 2.7390E-11 4.9624E-11 7.5233E-11 1.1556E-10 1.7233E-10 2.4629E-10 3.4275E-10 4.7732E-10 6.3840E-10 8.4147E-10 1.0898E-09 1.4005E-09 1.7780E-09 2.2280E-09 2.7649E-09 3.3973E-09 4.1263E-09 4.9578E-09 5.9054E-09 6.9571E-09 8.1171E-09 9.3719E-09 1.0699E-08 1.2075E-08 1.3465E-08 1.4841E-08 1.6144E-08 1.7320E-08 1.8342E-08 1.9179E-08 1.9808E-08 2.0225E-08 2.0413E-08 2.0373E-08 2.0105E-08 1.9628E-08 1.8965E-08 1.8122E-08 1.7119E-08 1.5978E-08 1.4734E-08 1.3406E-08
0.0000E+00 0.0000E+00 0.0000E+00 0.0000E+00 0.0000E+00 0.0000E+00 0.0000E+00 0.0000E+00 0.0000E+00 0.0000E+00 0.0000E+00 0.0000E+00 0.0000E+00 3.6733E-12 9.9909E-12 2.5252E-11 4.7678E-11 7.3574E-11 1.1098E-10 1.6576E-10 2.3842E-10 3.3039E-10 4.5995E-10 6.1706E-10 8.1459E-10 1.0563E-09 1.3578E-09 1.7259E-09 2.1653E-09 2.6875E-09 3.3059E-09 4.0167E-09 4.8286E-09 5.7561E-09 6.7863E-09 7.9204E-09 9.1513E-09 1.0462E-08 1.1829E-08 1.3219E-08 1.4606E-08 1.5932E-08 1.7166E-08 1.8266E-08 1.9182E-08 1.9896E-08 2.0399E-08 2.0689E-08 2.0750E-08 2.0572E-08 2.0172E-08 1.9576E-08 1.8806E-08 1.7868E-08 1.6775E-08 1.5552E-08 1.4242E-08
0.0000E+00 0.0000E+00 0.0000E+00 0.0000E+00 0.0000E+00 0.0000E+00 0.0000E+00 0.0000E+00 0.0000E+00 0.0000E+00 0.0000E+00 0.0000E+00 0.0000E+00 3.6283E-12 9.1448E-12 2.2915E-11 4.4636E-11 7.1036E-11 1.0660E-10 1.5734E-10 2.2889E-10 3.1669E-10 4.3847E-10 5.9018E-10 7.8043E-10 1.0130E-09 1.3028E-09 1.6597E-09 2.0813E-09 2.5856E-09 3.1834E-09 3.8695E-09 4.6535E-09 5.5545E-09 6.5502E-09 7.6498E-09 8.8509E-09 1.0127E-08 1.1460E-08 1.2842E-08 1.4222E-08 1.5565E-08 1.6840E-08 1.7995E-08 1.8993E-08 1.9800E-08 2.0406E-08 2.0799E-08 2.0970E-08 2.0912E-08 2.0633E-08 2.0142E-08 1.9460E-08 1.8601E-08 1.7583E-08 1.6431E-08 1.5185E-08
0.0000E+00 0.0000E+00 0.0000E+00 0.0000E+00 0.0000E+00 0.0000E+00 0.0000E+00 0.0000E+00 0.0000E+00 0.0000E+00 0.0000E+00 0.0000E+00 0.0000E+00 3.5466E-12 8.3729E-12 2.1226E-11 4.0727E-11 6.7697E-11 1.0170E-10 1.4768E-10 2.1707E-10 3.0123E-10 4.1429E-10 5.5855E-10 7.4005E-10 9.6266E-10 1.2351E-09 1.5778E-09 1.9812E-09 2.4601E-09 3.0322E-09 3.6872E-09 4.4395E-09 5.3007E-09 6.2565E-09 7.3139E-09 8.4700E-09 9.6986E-09 1.0992E-08 1.2347E-08 1.3704E-08 1.5047E-08 1.6339E-08 1.7538E-08 1.8604E-08 1.9510E-08 2.0226E-08 2.0730E-08 2.1022E-08 2.1105E-08 2.0968E-08 2.0615E-08 2.0055E-08 1.9308E-08 1.8412E-08 1.7381E-08 1.6224E-08
0.0000E+00 0.0000E+00 0.0000E+00 0.0000E+00 0.0000E+00 0.0000E+00 0.0000E+00 0.0000E+00 0.0000E+00 0.0000E+00 0.0000E+00 0.0000E+00 0.0000E+00 3.4307E-12 7.5731E-12 1.9736E-11 3.6235E-11 6.2861E-11 9.5743E-11 1.3792E-10 2.0261E-10 2.8294E-10 3.8952E-10 5.2337E-10 6.9388E-10 9.0567E-10 1.1624E-09 1.4810E-09 1.8673E-09 2.3149E-09 2.8565E-09 3.4751E-09 4.1880E-09 5.0045E-09 5.9100E-09 6.9159E-09 8.0201E-09 9.1941E-09 1.0434E-08 1.1743E-08 1.3066E-08 1.4391E-08 1.5685E-08 1.6909E-08 1.8032E-08 1.9023E-08 1.9843E-08 2.0470E-08 2.0899E-08 2.1133E-08 2.1149E-08 2.0957E-08 2.0553E-08 1.9982E-08 1.9256E-08 1.8374E-08 1.7365E-08
0.0000E+00 0.0000E+00 0.0000E+00 0.0000E+00 0.0000E+00 0.0000E+00 0.0000E+00 0.0000E+00 0.0000E+00 0.0000E+00 0.0000E+00 0.0000E+00 0.0000E+00 3.2842E-12 6.5625E-12 1.7928E-11 3.2875E-11 5.6502E-11 8.8568E-11 1.2808E-10 1.8624E-10 2.6218E-10 3.6181E-10 4.8533E-10 6.4348E-10 8.4168E-10 1.0828E-09 1.3761E-09 1.7375E-09 2.1553E-09 2.6621E-09 3.2405E-09 3.9039E-09 4.6721E-09 5.5203E-09 6.4692E-09 7.5108E-09 8.6206E-09 9.7993E-09 1.1053E-08 1.2329E-08 1.3617E-08 1.4898E-08 1.6127E-08 1.7291E-08 1.8345E-08 1.9258E-08 2.0007E-08 2.0586E-08 2.0964E-08 2.1153E-08 2.1147E-08 2.0948E-08 2.0598E-08 2.0067E-08 1.9404E-08 1.8591E-08
0.0000E+00 0.0000E+00 0.0000E+00 0.0000E+00 0.0000E+00 0.0000E+00 0.0000E+00 0.0000E+00 0.0000E+00 0.0000E+00 0.0000E+00 0.0000E+00 0.0000E+00 3.1113E-12 5.3384E-12 1.5536E-11 2.9195E-11 4.8790E-11 8.0094E-11 1.1714E-10 1.6925E-10 2.3975E-10 3.3307E-10 4.4624E-10 5.9221E-10 7.7326E-10 9.9686E-10 1.2681E-09 1.5965E-09 1.9902E-09 2.4460E-09 2.9853E-09 3.6022E-09 4.3124E-09 5.0973E-09 5.9831E-09 6.9553E-09 7.9957E-09 9.1035E-09 1.0291E-08 1.1509E-08 1.2748E-08 1.3998E-08 1.5222E-08 1.6400E-08 1.7497E-08 1.8485E-08 1.9352E-08 2.0059E-08 2.0602E-08 2.0969E-08 2.1157E-08 2.1213E-08 2.1097E-08 2.0839E-08 2.0445E-08 1.9903E-08
0.0000E+00 0.0000E+00 0.0000E+00 0.0000E+00 0.0000E+00 0.0000E+00 0.0000E+00 0.0000E+00 0.0000E+00 0.0000E+00 0.0000E+00 0.0000E+00 0.0000E+00 2.9170E-12 3.9137E-12 1.2888E-11 2.5695E-11 4.2911E-11 7.0620E-11 1.0653E-10 1.5417E-10 2.1632E-10 3.0297E-10 4.0698E-10 5.3778E-10 7.0177E-10 9.0868E-10 1.1550E-09 1.4502E-09 1.8102E-09 2.2276E-09 2.7180E-09 3.2807E-09 3.9325E-09 4.6561E-09 5.4677E-09 6.3663E-09 7.3282E-09 8.3597E-09 9.4801E-09 1.0627E-08 1.1805E-08 1.3011E-08 1.4211E-08 1.5385E-08 1.6503E-08 1.7549E-08 1.8509E-08 1.9338E-08 2.0034E-08 2.0572E-08 2.1008E-08 2.1314E-08 2.1468E-08 2.1531E-08 2.1466E-08 2.1292E-08
0.0000E+00 0.0000E+00 0.0000E+00 0.0000E+00 0.0000E+00 0.0000E+00 0.0000E+00 0.0000E+00 0.0000E+00 0.0000E+00 0.0000E+00 0.0000E+00 0.0000E+00 2.7063E-12 3.6311E-12 1.0935E-11 2.2410E-11 3.7904E-11 6.0687E-11 9.4966E-11 1.3835E-10 1.9240E-10 2.7119E-10 3.6516E-10 4.8295E-10 6.3256E-10 8.1494E-10 1.0401E-09 1.3086E-09 1.6237E-09 2.0056E-09 2.4420E-09 2.9509E-09 3.5470E-09 4.1970E-09 4.9391E-09 5.7598E-09 6.6392E-09 7.5917E-09 8.6281E-09 9.7014E-09 1.0811E-08 1.1959E-08 1.3120E-08 1.4269E-08 1.5392E-08 1.6476E-08 1.7495E-08 1.8430E-08 1.9269E-08 1.9999E-08 2.0666E-08 2.1208E-08 2.1701E-08 2.2115E-08 2.2456E-08 2.2678E-08
0.0000E+00 0.0000E+00 0.0000E+00 0.0000E+00 0.0000E+00 0.0000E+00 0.0000E+00 0.0000E+00 0.0000E+00 0.0000E+00 0.0000E+00 0.0000E+00 0.0000E+00 2.4849E-12 3.3339E-12 8.7490E-12 1.8474E-11 3.2542E-11 5.1363E-11 8.0908E-11 1.2260E-10 1.6977E-10 2.3897E-10 3.2471E-10 4.3113E-10 5.6063E-10 7.2304E-10 9.2564E-10 1.1635E-09 1.4415E-09 1.7829E-09 2.1706E-09 2.6223E-09 3.1566E-09 3.7380E-09 4.4071E-09 5.1458E-09 5.9420E-09 6.8052E-09 7.7600E-09 8.7507E-09 9.7802E-09 1.0867E-08 1.1972E-08 1.3084E-08 1.4188E-08 1.5289E-08 1.6346E-08 1.7360E-08 1.8305E-08 1.9238E-08 2.0111E-08 2.0933E-08 2.1747E-08 2.2549E-08 2.3316E-08 2.4003E-08
0.0000E+00 0.0000E+00 0.0000E+00 0.0000E+00 0.0000E+00 0.0000E+00 0.0000E+00 0.0000E+00 0.0000E+00 0.0000E+00 0.0000E+00 0.0000E+00 0.0000E+00 1.9978E-12 3.0292E-12 6.4918E-12 1.4529E-11 2.7905E-11 4.3329E-11 6.8710E-11 1.0570E-10 1.4935E-10 2.0835E-10 2.8289E-10 3.7750E-10 4.9224E-10 6.3561E-10 8.0951E-10 1.0199E-09 1.2691E-09 1.5601E-09 1.9058E-09 2.3015E-09 2.7669E-09 3.2909E-09 3.8815E-09 4.5391E-09 5.2511E-09 6.0226E-09 6.8918E-09 7.7916E-09 8.7374E-09 9.7514E-09 1.0792E-08 1.1848E-08 1.2920E-08 1.4006E-08 1.5087E-08 1.6138E-08 1.7210E-08 1.8285E-08 1.9344E-08 2.0438E-08 2.1577E-08 2.2771E-08 2.3977E-08 2.5159E-08
0.0000E+00 0.0000E+00 0.0000E+00 0.0000E+00 0.0000E+00 0.0000E+00 0.0000E+00 0.0000E+00 0.0000E+00 0.0000E+00 0.0000E+00 0.0000E+00 0.0000E+00 1.3119E-12 2.7239E-12 5.4543E-12 1.0837E-11 2.2855E-11 3.6025E-11 5.7649E-11 8.7658E-11 1.2865E-10 1.7792E-10 2.4419E-10 3.2593E-10 4.2644E-10 5.4941E-10 7.0014E-10 8.8271E-10 1.0981E-09 1.3531E-09 1.6481E-09 1.9936E-09 2.4032E-09 2.8502E-09 3.3708E-09 3.9537E-09 4.5769E-09 5.2616E-09 6.0396E-09 6.8464E-09 7.7035E-09 8.6362E-09 9.5976E-09 1.0589E-08 1.1613E-08 1.2674E-08 1.3748E-08 1.4835E-08 1.5981E-08 1.7157E-08 1.8399E-08 1.9722E-08 2.1165E-08 2.2710E-08 2.4350E-08 2.6048E-08
0.0000E+00 0.0000E+00 0.0000E+00 0.0000E+00 0.0000E+00 0.0000E+00 0.0000E+00 0.0000E+00 0.0000E+00 0.0000E+00 0.0000E+00 0.0000E+00 0.0000E+00 4.9874E-13 2.4239E-12 4.3136E-12 7.1114E-12 1.7553E-11 2.9329E-11 4.6624E-11 7.1891E-11 1.0728E-10 1.5060E-10 2.0773E-10 2.7538E-10 3.6502E-10 4.6934E-10 5.9952E-10 7.5342E-10 9.3290E-10 1.1591E-09 1.4078E-09 1.6986E-09 2.0550E-09 2.4359E-09 2.8861E-09 3.3938E-09 3.9344E-09 4.5311E-09 5.2179E-09 5.9328E-09 6.6978E-09 7.5415E-09 8.4184E-09 9.3333E-09 1.0298E-08 1.1313E-08 1.2357E-08 1.3457E-08 1.4639E-08 1.5897E-08 1.7259E-08 1.8772E-08 2.0453E-08 2.2311E-08 2.4331E-08 2.6555E-08
0.0000E+00 0.0000E+00 0.0000E+00 0.0000E+00 0.0000E+00 0.0000E+00 0.0000E+00 0.0000E+00 0.0000E+00 0.0000E+00 0.0000E+00 0.0000E+00 0.0000E+00 0.0000E+00 1.5598E-12 3.0725E-12 5.9813E-12 1.2126E-11 2.2969E-11 3.7990E-11 5.6415E-11 8.7722E-11 1.2365E-10 1.7132E-10 2.3176E-10 3.0498E-10 3.9258E-10 5.0565E-10 6.3293E-10 7.8869E-10 9.6993E-10 1.1864E-09 1.4326E-09 1.7258E-09 2.0556E-09 2.4361E-09 2.8629E-09 3.3337E-09 3.8456E-09 4.4437E-09 5.0670E-09 5.7373E-09 6.4873E-09 7.2749E-09 8.1085E-09 9.0004E-09 9.9533E-09 1.0952E-08 1.2027E-08 1.3217E-08 1.4505E-08 1.5938E-08 1.7572E-08 1.9427E-08 2.1505E-08 2.3865E-08 2.6510E-08
0.0000E+00 0.0000E+00 0.0000E+00 0.0000E+00 0.0000E+00 0.0000E+00 0.0000E+00 0.0000E+00 0.0000E+00 0.0000E+00 0.0000E+00 0.0000E+00 0.0000E+00 0.0000E+00 5.3827E-13 2.4702E-12 4.5819E-12 7.0698E-12 1.7720E-11 2.8702E-11 4.4185E-11 6.8927E-11 9.8156E-11 1.4040E-10 1.8833E-10 2.5047E-10 3.2526E-10 4.1638E-10 5.2689E-10 6.5239E-10 8.0314E-10 9.8121E-10 1.1864E-09 1.4341E-09 1.7031E-09 2.0227E-09 2.3885E-09 2.7756E-09 3.2064E-09 3.7260E-09 4.2596E-09 4.8392E-09 5.4987E-09 6.1952E-09 6.9339E-09 7.7414E-09 8.6195E-09 9.5532E-09 1.0589E-08 1.1736E-08 1.3012E-08 1.4457E-08 1.6141E-08 1.8069E-08 2.0287E-08 2.2863E-08 2.5854E-08
0.0000E+00 0.0000E+00 0.0000E+00 0.0000E+00 0.0000E+00 0.0000E+00 0.0000E+00 0.0000E+00 0.0000E+00 0.0000E+00 0.0000E+00 0.0000E+00 0.0000E+00 0.0000E+00 0.0000E+00 1.4581E-12 3.0364E-12 6.1743E-12 1.0726E-11 2.1329E-11 3.5008E-11 4.9447E-11 7.9171E-11 1.0888E-10 1.4949E-10 2.0279E-10 2.6077E-10 3.3760E-10 4.2782E-10 5.3285E-10 6.5706E-10 7.9918E-10 9.6405E-10 1.1685E-09 1.3923E-09 1.6535E-09 1.9524E-09 2.2802E-09 2.6358E-09 3.0670E-09 3.5181E-09 4.0185E-09 4.5824E-09 5.1855E-09 5.8323E-09 6.5560E-09 7.3409E-09 8.1937E-09 9.1527E-09 1.0233E-08 1.1456E-08 1.2847E-08 1.4499E-08 1.6417E-08 1.8655E-08 2.1336E-08 2.4488E-08
0.0000E+00 0.0000E+00 0.0000E+00 0.0000E+00 0.0000E+00 0.0000E+00 0.0000E+00 0.0000E+00 0.0000E+00 0.0000E+00 0.0000E+00 0.0000E+00 0.0000E+00 0.0000E+00 0.0000E+00 1.4828E-13 2.3685E-12 4.3012E-12 6.6134E-12 1.4358E-11 2.3610E-11 3.8933E-11 5.6024E-11 8.2299E-11 1.1645E-10 1.5421E-10 2.0838E-10 2.6695E-10 3.4055E-10 4.2521E-10 5.2595E-10 6.4101E-10 7.7504E-10 9.3869E-10 1.1143E-09 1.3277E-09 1.5755E-09 1.8365E-09 2.1260E-09 2.4914E-09 2.8653E-09 3.2735E-09 3.7498E-09 4.2618E-09 4.8318E-09 5.4521E-09 6.1433E-09 6.9133E-09 7.7558E-09 8.7410E-09 9.8613E-09 1.1153E-08 1.2701E-08 1.4518E-08 1.6674E-08 1.9309E-08 2.2454E-08
0.0000E+00 0.0000E+00 0.0000E+00 0.0000E+00 0.0000E+00 0.0000E+00 0.0000E+00 0.0000E+00 0.0000E+00 0.0000E+00 0.0000E+00 0.0000E+00 0.0000E+00 0.0000E+00 0.0000E+00 0.0000E+00 2.6177E-13 1.9477E-12 5.0299E-12 7.6643E-12 1.5233E-11 2.5632E-11 4.0071E-11 5.9789E-11 8.4452E-11 1.1613E-10 1.5371E-10 2.0610E-10 2.6313E-10 3.3358E-10 4.1102E-10 5.0484E-10 6.0990E-10 7.4112E-10 8.8080E-10 1.0483E-09 1.2435E-09 1.4543E-09 1.6928E-09 1.9815E-09 2.2875E-09 2.6262E-09 3.0162E-09 3.4510E-09 3.9268E-09 4.4415E-09 5.0512E-09 5.6939E-09 6.4217E-09 7.2959E-09 8.2746E-09 9.4222E-09 1.0814E-08 1.2463E-08 1.4444E-08 1.6872E-08 1.9847E-08
0.0000E+00 0.0000E+00 0.0000E+00 0.0000E+00 0.0000E+00 0.0000E+00 0.0000E+00 0.0000E+00 0.0000E+00 0.0000E+00 0.0000E+00 0.0000E+00 0.0000E+00 0.0000E+00 0.0000E+00 0.0000E+00 0.0000E+00 0.0000E+00 1.2268E-12 3.8455E-12 7.9917E-12 1.6079E-11 2.4882E-11 3.9017E-11 5.7916E-11 8.4842E-11 1.1239E-10 1.4558E-10 1.9549E-10 2.4699E-10 3.1504E-10 3.8511E-10 4.7012E-10 5.7363E-10 6.8343E-10 8.1469E-10 9.6898E-10 1.1344E-09 1.3196E-09 1.5474E-09 1.7954E-09 2.0694E-09 2.3861E-09 2.7488E-09 3.1265E-09 3.5455E-09 4.0479E-09 4.5852E-09 5.2038E-09 5.9273E-09 6.7655E-09 7.7443E-09 8.9408E-09 1.0364E-08 1.2078E-08 1.4205E-08 1.6827E-08
0.0000E+00 0.0000E+00 0.0000E+00 0.0000E+00 0.0000E+00 0.0000E+00 0.0000E+00 0.0000E+00 0.0000E+00 0.0000E+00 0.0000E+00 0.0000E+00 0.0000E+00 0.0000E+00 0.0000E+00 0.0000E+00 0.0000E+00 0.0000E+00 0.0000E+00 7.1202E-14 1.9909E-12 5.1755E-12 1.4922E-11 2.2870E-11 3.6028E-11 5.3007E-11 7.6987E-11 1.0368E-10 1.3397E-10 1.7617E-10 2.2387E-10 2.8263E-10 3.4559E-10 4.3446E-10 5.1858E-10 6.2152E-10 7.3888E-10 8.6829E-10 1.0132E-09 1.1937E-09 1.3898E-09 1.6045E-09 1.8507E-09 2.1349E-09 2.4390E-09 2.7873E-09 3.1696E-09 3.6125E-09 4.1112E-09 4.6957E-09 5.3836E-09 6.1860E-09 7.1582E-09 8.3274E-09 9.7262E-09 1.1464E-08 1.3625E-08
0.0000E+00 0.0000E+00 0.0000E+00 0.0000E+00 0.0000E+00 0.0000E+00 0.0000E+00 0.0000E+00 0.0000E+00 0.0000E+00 0.0000E+00 0.0000E+00 0.0000E+00 0.0000E+00 0.0000E+00 0.0000E+00 0.0000E+00 0.0000E+00 0.0000E+00 0.0000E+00 0.0000E+00 2.0455E-13 2.1487E-12 1.0281E-11 1.7554E-11 3.1155E-11 4.4549E-11 6.6810E-11 8.7371E-11 1.1620E-10 1.5101E-10 1.9429E-10 2.4038E-10 3.0508E-10 3.7181E-10 4.5932E-10 5.5280E-10 6.5064E-10 7.6085E-10 9.0679E-10 1.0500E-09 1.2209E-09 1.4216E-09 1.6268E-09 1.8801E-09 2.1352E-09 2.4273E-09 2.7826E-09 3.1666E-09 3.6093E-09 4.1580E-09 4.7839E-09 5.5299E-09 6.4355E-09 7.5013E-09 8.8337E-09 1.0459E-08
0.0000E+00 0.0000E+00 0.0000E+00 0.0000E+00 0.0000E+00 0.0000E+00 0.0000E+00 0.0000E+00 0.0000E+00 0.0000E+00 0.0000E+00 0.0000E+00 0.0000E+00 0.0000E+00 0.0000E+00 0.0000E+00 0.0000E+00 0.0000E+00 0.0000E+00 0.0000E+00 0.0000E+00 0.0000E+00 0.0000E+00 0.0000E+00 5.4607E-12 1.1478E-11 2.2208E-11 3.3681E-11 5.6041E-11 7.0672E-11 9.5047E-11 1.2062E-10 1.5990E-10 2.0512E-10 2.5359E-10 3.1540E-10 3.8740E-10 4.6794E-10 5.5649E-10 6.6733E-10 7.7832E-10 9.1399E-10 1.0592E-09 1.2123E-09 1.3999E-09 1.5951E-09 1.8157E-09 2.0719E-09 2.3699E-09 2.6979E-09 3.1029E-09 3.5720E-09 4.1171E-09 4.7570E-09 5.5114E-09 6.4252E-09 7.5548E-09
