Assets/Resources/2015_m01_d04_1500(utc+0800)_l00_csi_1hr_conc.grd
DSAA
         159         159
     -79.000      79.000
     -79.000      79.000
  0.2051E-09  0.3632E-05
[rows 75 to 99 of 159, columns 57 to 113 of 159]
1.6852E-08 1.8809E-08 1.9403E-08 2.1388E-08 2.3367E-08 2.5340E-08 2.6328E-08 2.5555E-08 2.6691E-08 2.8227E-08 1.9582E-08 1.2625E-08 7.6276E-09 6.1287E-09 4.7312E-08 3.6293E-07 1.4756E-06 1.9481E-06 1.9926E-07 4.0721E-09 3.9855E-09 3.8999E-09 3.8157E-09 3.7323E-09 3.6510E-09 3.5710E-09 3.4920E-09 3.4137E-09 3.3383E-09 3.2638E-09 3.1902E-09 3.1179E-09 3.0476E-09 2.9781E-09 2.9107E-09 2.8440E-09 2.7788E-09 2.7159E-09 2.6544E-09 2.5951E-09 2.5370E-09 2.4809E-09 2.4259E-09 2.3720E-09 2.3192E-09 2.2674E-09 2.2166E-09 2.1669E-09 2.1181E-09 2.0703E-09 2.0234E-09 1.9758E-09 1.9284E-09 1.8822E-09 1.8362E-09 1.7909E-09 1.7459E-09
1.2157E-08 1.2441E-08 1.3101E-08 1.3799E-08 1.4636E-08 1.3636E-08 1.3735E-08 1.3281E-08 1.2903E-08 1.2163E-08 8.9226E-09 6.4237E-09 5.1661E-09 4.6422E-09 4.4624E-09 4.3581E-09 6.3959E-08 8.3326E-07 3.3088E-06 4.1497E-07 3.9296E-09 3.8473E-09 3.7656E-09 3.6852E-09 3.6068E-09 3.5296E-09 3.4533E-09 3.3784E-09 3.3049E-09 3.2322E-09 3.1607E-09 3.0912E-09 3.0231E-09 2.9549E-09 2.8894E-09 2.8246E-09 2.7621E-09 2.7009E-09 2.6410E-09 2.5832E-09 2.5274E-09 2.4726E-09 2.4188E-09 2.3661E-09 2.3144E-09 2.2636E-09 2.2138E-09 2.1650E-09 2.1170E-09 2.0700E-09 2.0238E-09 1.9770E-09 1.9303E-09 1.8839E-09 1.8386E-09 1.7930E-09 1.7493E-09
8.7114E-09 8.6071E-09 8.3560E-09 8.1577E-09 8.2983E-09 8.1014E-09 7.7254E-09 7.7144E-09 6.9229E-09 6.6013E-09 5.4832E-09 4.8794E-09 4.5928E-09 4.4657E-09 4.3694E-09 4.2836E-09 4.1986E-09 4.1163E-09 9.1402E-08 3.4337E-06 9.9984E-07 3.7933E-09 3.7148E-09 3.6381E-09 3.5626E-09 3.4877E-09 3.4141E-09 3.3418E-09 3.2708E-09 3.2012E-09 3.1320E-09 3.0648E-09 2.9975E-09 2.9328E-09 2.8685E-09 2.8056E-09 2.7449E-09 2.6854E-09 2.6280E-09 2.5716E-09 2.5172E-09 2.4637E-09 2.4112E-09 2.3597E-09 2.3090E-09 2.2593E-09 2.2105E-09 2.1625E-09 2.1155E-09 2.0692E-09 2.0238E-09 1.9777E-09 1.9309E-09 1.8835E-09 1.8387E-09 1.7942E-09 1.7524E-09
6.9698E-09 6.6839E-09 6.3888E-09 6.1333E-09 5.8911E-09 5.5985E-09 5.4130E-09 5.1229E-09 4.9099E-09 4.8870E-09 4.6737E-09 4.5523E-09 4.4578E-09 4.3711E-09 4.2896E-09 4.2084E-09 4.1279E-09 4.0486E-09 3.9701E-09 3.8923E-09 1.5758E-07 3.6320E-06 3.6641E-09 3.5904E-09 3.5172E-09 3.4452E-09 3.3743E-09 3.3047E-09 3.2363E-09 3.1691E-09 3.1023E-09 3.0365E-09 2.9720E-09 2.9093E-09 2.8470E-09 2.7870E-09 2.7272E-09 2.6703E-09 2.6144E-09 2.5596E-09 2.5065E-09 2.4544E-09 2.4031E-09 2.3527E-09 2.3032E-09 2.2545E-09 2.2067E-09 2.1597E-09 2.1134E-09 2.0680E-09 2.0217E-09 1.9756E-09 1.9303E-09 1.8853E-09 1.8399E-09 1.7964E-09 1.7550E-09
6.0498E-09 5.8367E-09 5.6181E-09 5.4077E-09 5.2093E-09 5.0463E-09 4.9152E-09 4.7993E-09 4.6981E-09 4.6074E-09 4.5247E-09 4.4460E-09 4.3673E-09 4.2891E-09 4.2113E-09 4.1338E-09 4.0571E-09 3.9813E-09 3.9062E-09 3.8318E-09 3.7582E-09 3.6849E-09 3.6126E-09 3.5419E-09 3.4716E-09 3.4024E-09 3.3342E-09 3.2673E-09 3.2014E-09 3.1358E-09 3.0720E-09 3.0084E-09 2.9461E-09 2.8847E-09 2.8244E-09 2.7662E-09 2.7091E-09 2.6538E-09 2.5995E-09 2.5471E-09 2.4954E-09 2.4445E-09 2.3945E-09 2.3453E-09 2.2969E-09 2.2493E-09 2.2024E-09 2.1563E-09 2.1109E-09 2.0663E-09 2.0209E-09 1.9755E-09 1.9302E-09 1.8858E-09 1.8411E-09 1.7977E-09 1.7578E-09
5.4787E-09 5.3401E-09 5.2077E-09 5.0812E-09 4.9646E-09 4.8547E-09 4.7566E-09 4.6682E-09 4.5853E-09 4.5079E-09 4.4304E-09 4.3555E-09 4.2807E-09 4.2064E-09 4.1321E-09 4.0583E-09 3.9856E-09 3.9132E-09 3.8415E-09 3.7704E-09 3.7001E-09 3.6300E-09 3.5614E-09 3.4937E-09 3.4263E-09 3.3599E-09 3.2939E-09 3.2296E-09 3.1653E-09 3.1030E-09 3.0415E-09 2.9802E-09 2.9207E-09 2.8613E-09 2.8031E-09 2.7468E-09 2.6914E-09 2.6378E-09 2.5851E-09 2.5341E-09 2.4838E-09 2.4343E-09 2.3855E-09 2.3375E-09 2.2901E-09 2.2436E-09 2.1977E-09 2.1525E-09 2.1080E-09 2.0642E-09 2.0187E-09 1.9724E-09 1.9279E-09 1.8838E-09 1.8406E-09 1.7996E-09 1.7592E-09
5.1334E-09 5.0396E-09 4.9503E-09 4.8710E-09 4.7873E-09 4.7073E-09 4.6307E-09 4.5570E-09 4.4810E-09 4.4080E-09 4.3370E-09 4.2660E-09 4.1952E-09 4.1245E-09 4.0540E-09 3.9841E-09 3.9148E-09 3.8459E-09 3.7776E-09 3.7098E-09 3.6421E-09 3.5751E-09 3.5096E-09 3.4443E-09 3.3797E-09 3.3160E-09 3.2534E-09 3.1916E-09 3.1299E-09 3.0698E-09 3.0098E-09 2.9507E-09 2.8925E-09 2.8352E-09 2.7798E-09 2.7253E-09 2.6726E-09 2.6206E-09 2.5703E-09 2.5207E-09 2.4718E-09 2.4236E-09 2.3760E-09 2.3292E-09 2.2830E-09 2.2374E-09 2.1925E-09 2.1483E-09 2.1047E-09 2.0601E-09 2.0154E-09 1.9708E-09 1.9270E-09 1.8836E-09 1.8411E-09 1.8006E-09 1.7608E-09
4.9512E-09 4.8788E-09 4.8072E-09 4.7337E-09 4.6651E-09 4.5929E-09 4.5210E-09 4.4492E-09 4.3801E-09 4.3107E-09 4.2435E-09 4.1764E-09 4.1095E-09 4.0424E-09 3.9756E-09 3.9095E-09 3.8437E-09 3.7783E-09 3.7132E-09 3.6487E-09 3.5842E-09 3.5210E-09 3.4585E-09 3.3960E-09 3.3343E-09 3.2729E-09 3.2129E-09 3.1528E-09 3.0935E-09 3.0349E-09 2.9789E-09 2.9227E-09 2.8666E-09 2.8114E-09 2.7580E-09 2.7053E-09 2.6543E-09 2.6040E-09 2.5552E-09 2.5070E-09 2.4595E-09 2.4125E-09 2.3662E-09 2.3205E-09 2.2754E-09 2.2309E-09 2.1870E-09 2.1436E-09 2.1009E-09 2.0564E-09 2.0126E-09 1.9688E-09 1.9253E-09 1.8808E-09 1.8403E-09 1.8013E-09 1.7623E-09
4.8097E-09 4.7456E-09 4.6791E-09 4.6115E-09 4.5428E-09 4.4752E-09 4.4076E-09 4.3427E-09 4.2772E-09 4.2141E-09 4.1516E-09 4.0885E-09 4.0251E-09 3.9617E-09 3.8987E-09 3.8362E-09 3.7738E-09 3.7117E-09 3.6499E-09 3.5881E-09 3.5267E-09 3.4665E-09 3.4064E-09 3.3468E-09 3.2879E-09 3.2298E-09 3.1723E-09 3.1148E-09 3.0586E-09 3.0024E-09 2.9470E-09 2.8921E-09 2.8381E-09 2.7858E-09 2.7342E-09 2.6842E-09 2.6349E-09 2.5870E-09 2.5397E-09 2.4930E-09 2.4468E-09 2.4011E-09 2.3560E-09 2.3115E-09 2.2675E-09 2.2240E-09 2.1810E-09 2.1386E-09 2.0951E-09 2.0515E-09 2.0077E-09 1.9647E-09 1.9220E-09 1.8800E-09 1.8401E-09 1.8011E-09 1.7635E-09
4.6739E-09 4.6132E-09 4.5494E-09 4.4854E-09 4.4222E-09 4.3615E-09 4.3006E-09 4.2401E-09 4.1788E-09 4.1195E-09 4.0602E-09 4.0007E-09 3.9409E-09 3.8812E-09 3.8220E-09 3.7629E-09 3.7038E-09 3.6450E-09 3.5859E-09 3.5272E-09 3.4702E-09 3.4130E-09 3.3557E-09 3.2990E-09 3.2423E-09 3.1868E-09 3.1311E-09 3.0761E-09 3.0215E-09 2.9676E-09 2.9141E-09 2.8632E-09 2.8121E-09 2.7618E-09 2.7120E-09 2.6638E-09 2.6161E-09 2.5698E-09 2.5240E-09 2.4786E-09 2.4338E-09 2.3894E-09 2.3455E-09 2.3021E-09 2.2592E-09 2.2167E-09 2.1747E-09 2.1332E-09 2.0898E-09 2.0471E-09 2.0042E-09 1.9615E-09 1.9196E-09 1.8779E-09 1.8394E-09 1.8010E-09 1.7639E-09
4.5392E-09 4.4802E-09 4.4209E-09 4.3671E-09 4.3085E-09 4.2496E-09 4.1933E-09 4.1361E-09 4.0810E-09 4.0256E-09 3.9701E-09 3.9148E-09 3.8586E-09 3.8020E-09 3.7462E-09 3.6911E-09 3.6353E-09 3.5797E-09 3.5238E-09 3.4682E-09 3.4136E-09 3.3588E-09 3.3043E-09 3.2498E-09 3.1965E-09 3.1441E-09 3.0909E-09 3.0389E-09 2.9867E-09 2.9352E-09 2.8840E-09 2.8334E-09 2.7844E-09 2.7359E-09 2.6889E-09 2.6424E-09 2.5972E-09 2.5524E-09 2.5080E-09 2.4640E-09 2.4205E-09 2.3773E-09 2.3346E-09 2.2924E-09 2.2505E-09 2.2091E-09 2.1680E-09 2.1258E-09 2.0834E-09 2.0407E-09 1.9986E-09 1.9568E-09 1.9155E-09 1.8763E-09 1.8380E-09 1.8010E-09 1.7639E-09
4.4043E-09 4.3545E-09 4.3008E-09 4.2467E-09 4.1922E-09 4.1402E-09 4.0872E-09 4.0371E-09 3.9857E-09 3.9341E-09 3.8820E-09 3.8295E-09 3.7770E-09 3.7246E-09 3.6722E-09 3.6196E-09 3.5671E-09 3.5141E-09 3.4612E-09 3.4093E-09 3.3571E-09 3.3057E-09 3.2546E-09 3.2028E-09 3.1521E-09 3.1009E-09 3.0502E-09 2.9998E-09 2.9499E-09 2.9004E-09 2.8513E-09 2.8038E-09 2.7567E-09 2.7118E-09 2.6666E-09 2.6217E-09 2.5780E-09 2.5347E-09 2.4918E-09 2.4492E-09 2.4069E-09 2.3650E-09 2.3235E-09 2.2823E-09 2.2415E-09 2.2011E-09 2.1610E-09 2.1189E-09 2.0774E-09 2.0365E-09 1.9949E-09 1.9539E-09 1.9130E-09 1.8744E-09 1.8367E-09 1.7997E-09 1.7636E-09
4.2773E-09 4.2282E-09 4.1787E-09 4.1287E-09 4.0810E-09 4.0356E-09 3.9864E-09 3.9392E-09 3.8916E-09 3.8434E-09 3.7947E-09 3.7457E-09 3.6969E-09 3.6479E-09 3.5986E-09 3.5492E-09 3.4993E-09 3.4506E-09 3.4008E-09 3.3518E-09 3.3024E-09 3.2532E-09 3.2038E-09 3.1553E-09 3.1063E-09 3.0576E-09 3.0091E-09 2.9625E-09 2.9149E-09 2.8684E-09 2.8215E-09 2.7759E-09 2.7308E-09 2.6869E-09 2.6433E-09 2.6009E-09 2.5588E-09 2.5169E-09 2.4754E-09 2.4341E-09 2.3931E-09 2.3525E-09 2.3121E-09 2.2720E-09 2.2323E-09 2.1928E-09 2.1521E-09 2.1110E-09 2.0695E-09 2.0286E-09 1.9878E-09 1.9472E-09 1.9092E-09 1.8717E-09 1.8354E-09 1.7990E-09 1.7625E-09
4.1499E-09 4.1050E-09 4.0595E-09 4.0186E-09 3.9751E-09 3.9302E-09 3.8871E-09 3.8435E-09 3.7994E-09 3.7553E-09 3.7100E-09 3.6639E-09 3.6184E-09 3.5731E-09 3.5270E-09 3.4808E-09 3.4339E-09 3.3870E-09 3.3407E-09 3.2940E-09 3.2474E-09 3.2004E-09 3.1543E-09 3.1080E-09 3.0629E-09 3.0167E-09 2.9706E-09 2.9249E-09 2.8793E-09 2.8341E-09 2.7901E-09 2.7465E-09 2.7041E-09 2.6619E-09 2.6209E-09 2.5800E-09 2.5394E-09 2.4990E-09 2.4588E-09 2.4189E-09 2.3791E-09 2.3397E-09 2.3004E-09 2.2614E-09 2.2227E-09 2.1842E-09 2.1436E-09 2.1035E-09 2.0630E-09 2.0235E-09 1.9835E-09 1.9437E-09 1.9060E-09 1.8691E-09 1.8329E-09 1.7974E-09 1.7606E-09
4.0260E-09 3.9874E-09 3.9486E-09 3.9094E-09 3.8687E-09 3.8298E-09 3.7902E-09 3.7509E-09 3.7099E-09 3.6683E-09 3.6258E-09 3.5845E-09 3.5420E-09 3.4993E-09 3.4562E-09 3.4124E-09 3.3684E-09 3.3251E-09 3.2811E-09 3.2378E-09 3.1944E-09 3.1501E-09 3.1065E-09 3.0623E-09 3.0182E-09 2.9742E-09 2.9304E-09 2.8867E-09 2.8441E-09 2.8010E-09 2.7598E-09 2.7190E-09 2.6783E-09 2.6379E-09 2.5984E-09 2.5591E-09 2.5200E-09 2.4809E-09 2.4421E-09 2.4034E-09 2.3649E-09 2.3266E-09 2.2885E-09 2.2506E-09 2.2128E-09 2.1737E-09 2.1341E-09 2.0942E-09 2.0546E-09 2.0150E-09 1.9755E-09 1.9381E-09 1.9016E-09 1.8665E-09 1.8309E-09 1.7951E-09 1.7588E-09
3.9081E-09 3.8737E-09 3.8388E-09 3.8023E-09 3.7676E-09 3.7328E-09 3.6967E-09 3.6595E-09 3.6217E-09 3.5835E-09 3.5451E-09 3.5062E-09 3.4668E-09 3.4270E-09 3.3863E-09 3.3461E-09 3.3056E-09 3.2645E-09 3.2238E-09 3.1825E-09 3.1407E-09 3.0996E-09 3.0577E-09 3.0158E-09 2.9740E-09 2.9337E-09 2.8913E-09 2.8506E-09 2.8101E-09 2.7699E-09 2.7298E-09 2.6908E-09 2.6518E-09 2.6139E-09 2.5760E-09 2.5382E-09 2.5004E-09 2.4628E-09 2.4253E-09 2.3878E-09 2.3505E-09 2.3134E-09 2.2763E-09 2.2394E-09 2.2027E-09 2.1638E-09 2.1244E-09 2.0862E-09 2.0471E-09 2.0084E-09 1.9706E-09 1.9336E-09 1.8977E-09 1.8628E-09 1.8273E-09 1.7912E-09 1.7561E-09
3.7945E-09 3.7637E-09 3.7314E-09 3.7008E-09 3.6701E-09 3.6379E-09 3.6046E-09 3.5706E-09 3.5360E-09 3.5012E-09 3.4657E-09 3.4297E-09 3.3932E-09 3.3564E-09 3.3192E-09 3.2811E-09 3.2435E-09 3.2051E-09 3.1665E-09 3.1273E-09 3.0887E-09 3.0492E-09 3.0108E-09 2.9714E-09 2.9318E-09 2.8924E-09 2.8536E-09 2.8142E-09 2.7758E-09 2.7375E-09 2.7001E-09 2.6628E-09 2.6264E-09 2.5900E-09 2.5536E-09 2.5172E-09 2.4809E-09 2.4445E-09 2.4083E-09 2.3721E-09 2.3360E-09 2.2999E-09 2.2640E-09 2.2281E-09 2.1907E-09 2.1529E-09 2.1145E-09 2.0760E-09 2.0378E-09 1.9999E-09 1.9638E-09 1.9283E-09 1.8934E-09 1.8591E-09 1.8241E-09 1.7890E-09 1.7536E-09
3.6847E-09 3.6565E-09 3.6306E-09 3.6032E-09 3.5749E-09 3.5454E-09 3.5151E-09 3.4851E-09 3.4530E-09 3.4210E-09 3.3884E-09 3.3559E-09 3.3222E-09 3.2875E-09 3.2525E-09 3.2178E-09 3.1822E-09 3.1464E-09 3.1105E-09 3.0738E-09 3.0379E-09 3.0016E-09 2.9637E-09 2.9272E-09 2.8898E-09 2.8523E-09 2.8149E-09 2.7784E-09 2.7418E-09 2.7062E-09 2.6715E-09 2.6359E-09 2.6010E-09 2.5662E-09 2.5312E-09 2.4962E-09 2.4612E-09 2.4262E-09 2.3912E-09 2.3562E-09 2.3213E-09 2.2863E-09 2.2514E-09 2.2149E-09 2.1778E-09 2.1400E-09 2.1043E-09 2.0667E-09 2.0299E-09 1.9929E-09 1.9579E-09 1.9231E-09 1.8888E-09 1.8542E-09 1.8195E-09 1.7843E-09 1.7489E-09
3.5779E-09 3.5560E-09 3.5325E-09 3.5080E-09 3.4823E-09 3.4557E-09 3.4293E-09 3.4007E-09 3.3722E-09 3.3437E-09 3.3138E-09 3.2834E-09 3.2518E-09 3.2198E-09 3.1881E-09 3.1554E-09 3.1230E-09 3.0892E-09 3.0557E-09 3.0217E-09 2.9880E-09 2.9532E-09 2.9181E-09 2.8830E-09 2.8476E-09 2.8131E-09 2.7776E-09 2.7439E-09 2.7101E-09 2.6763E-09 2.6423E-09 2.6092E-09 2.5759E-09 2.5424E-09 2.5089E-09 2.4753E-09 2.4416E-09 2.4079E-09 2.3741E-09 2.3402E-09 2.3064E-09 2.2725E-09 2.2386E-09 2.2023E-09 2.1662E-09 2.1304E-09 2.0935E-09 2.0569E-09 2.0200E-09 1.9847E-09 1.9513E-09 1.9175E-09 1.8830E-09 1.8483E-09 1.8147E-09 1.7796E-09 1.7454E-09
3.4774E-09 3.4584E-09 3.4377E-09 3.4157E-09 3.3927E-09 3.3698E-09 3.3448E-09 3.3197E-09 3.2945E-09 3.2680E-09 3.2407E-09 3.2123E-09 3.1833E-09 3.1546E-09 3.1254E-09 3.0952E-09 3.0647E-09 3.0338E-09 3.0028E-09 2.9707E-09 2.9383E-09 2.9056E-09 2.8732E-09 2.8404E-09 2.8070E-09 2.7745E-09 2.7427E-09 2.7100E-09 2.6780E-09 2.6458E-09 2.6143E-09 2.5827E-09 2.5508E-09 2.5188E-09 2.4867E-09 2.4544E-09 2.4220E-09 2.3895E-09 2.3569E-09 2.3241E-09 2.2914E-09 2.2585E-09 2.2240E-09 2.1888E-09 2.1529E-09 2.1168E-09 2.0808E-09 2.0468E-09 2.0108E-09 1.9771E-09 1.9440E-09 1.9117E-09 1.8774E-09 1.8435E-09 1.8093E-09 1.7751E-09 1.7411E-09
3.3813E-09 3.3642E-09 3.3459E-09 3.3264E-09 3.3070E-09 3.2854E-09 3.2637E-09 3.2419E-09 3.2186E-09 3.1945E-09 3.1692E-09 3.1440E-09 3.1175E-09 3.0912E-09 3.0639E-09 3.0361E-09 3.0079E-09 2.9794E-09 2.9498E-09 2.9199E-09 2.8896E-09 2.8595E-09 2.8289E-09 2.7986E-09 2.7672E-09 2.7375E-09 2.7067E-09 2.6766E-09 2.6462E-09 2.6165E-09 2.5866E-09 2.5564E-09 2.5260E-09 2.4954E-09 2.4645E-09 2.4335E-09 2.4024E-09 2.3710E-09 2.3395E-09 2.3079E-09 2.2762E-09 2.2427E-09 2.2085E-09 2.1752E-09 2.1403E-09 2.1051E-09 2.0705E-09 2.0361E-09 2.0027E-09 1.9697E-09 1.9372E-09 1.9043E-09 1.8710E-09 1.8373E-09 1.8031E-09 1.7698E-09 1.7356E-09
3.2881E-09 3.2732E-09 3.2573E-09 3.2413E-09 3.2230E-09 3.2047E-09 3.1860E-09 3.1659E-09 3.1450E-09 3.1228E-09 3.1006E-09 3.0770E-09 3.0537E-09 3.0291E-09 3.0041E-09 2.9785E-09 2.9527E-09 2.9257E-09 2.8988E-09 2.8708E-09 2.8435E-09 2.8142E-09 2.7861E-09 2.7568E-09 2.7291E-09 2.7003E-09 2.6722E-09 2.6437E-09 2.6158E-09 2.5876E-09 2.5591E-09 2.5304E-09 2.5013E-09 2.4720E-09 2.4425E-09 2.4127E-09 2.3827E-09 2.3525E-09 2.3222E-09 2.2916E-09 2.2609E-09 2.2277E-09 2.1937E-09 2.1614E-09 2.1271E-09 2.0929E-09 2.0583E-09 2.0252E-09 1.9934E-09 1.9620E-09 1.9293E-09 1.8961E-09 1.8638E-09 1.8305E-09 1.7976E-09 1.7645E-09 1.7308E-09
3.1982E-09 3.1856E-09 3.1730E-09 3.1579E-09 3.1428E-09 3.1273E-09 3.1103E-09 3.0925E-09 3.0733E-09 3.0540E-09 3.0334E-09 3.0129E-09 2.9911E-09 2.9688E-09 2.9460E-09 2.9228E-09 2.8982E-09 2.8739E-09 2.8483E-09 2.8233E-09 2.7963E-09 2.7704E-09 2.7433E-09 2.7177E-09 2.6910E-09 2.6648E-09 2.6382E-09 2.6122E-09 2.5858E-09 2.5590E-09 2.5320E-09 2.5045E-09 2.4768E-09 2.4488E-09 2.4205E-09 2.3919E-09 2.3631E-09 2.3340E-09 2.3047E-09 2.2752E-09 2.2431E-09 2.2118E-09 2.1788E-09 2.1454E-09 2.1120E-09 2.0801E-09 2.0468E-09 2.0153E-09 1.9843E-09 1.9522E-09 1.9215E-09 1.8885E-09 1.8561E-09 1.8235E-09 1.7903E-09 1.7576E-09 1.7257E-09
3.1118E-09 3.1015E-09 3.0905E-09 3.0784E-09 3.0660E-09 3.0521E-09 3.0372E-09 3.0210E-09 3.0047E-09 2.9869E-09 2.9692E-09 2.9502E-09 2.9306E-09 2.9104E-09 2.8889E-09 2.8678E-09 2.8459E-09 2.8227E-09 2.8001E-09 2.7754E-09 2.7517E-09 2.7268E-09 2.7033E-09 2.6786E-09 2.6544E-09 2.6298E-09 2.6057E-09 2.5811E-09 2.5562E-09 2.5308E-09 2.5051E-09 2.4790E-09 2.4525E-09 2.4257E-09 2.3986E-09 2.3712E-09 2.3435E-09 2.3155E-09 2.2872E-09 2.2571E-09 2.2261E-09 2.1941E-09 2.1635E-09 2.1315E-09 2.0986E-09 2.0675E-09 2.0360E-09 2.0053E-09 1.9753E-09 1.9435E-09 1.9120E-09 1.8805E-09 1.8474E-09 1.8153E-09 1.7839E-09 1.7511E-09 1.7200E-09
3.0284E-09 3.0210E-09 3.0120E-09 3.0019E-09 2.9915E-09 2.9795E-09 2.9662E-09 2.9527E-09 2.9377E-09 2.9228E-09 2.9065E-09 2.8895E-09 2.8719E-09 2.8530E-09 2.8344E-09 2.8142E-09 2.7943E-09 2.7731E-09 2.7516E-09 2.7301E-09 2.7074E-09 2.6861E-09 2.6634E-09 2.6412E-09 2.6186E-09 2.5964E-09 2.5737E-09 2.5505E-09 2.5269E-09 2.5029E-09 2.4784E-09 2.4536E-09 2.4284E-09 2.4028E-09 2.3768E-09 2.3505E-09 2.3239E-09 2.2969E-09 2.2680E-09 2.2398E-09 2.2090E-09 2.1777E-09 2.1476E-09 2.1166E-09 2.0846E-09 2.0544E-09 2.0245E-09 1.9949E-09 1.9652E-09 1.9341E-09 1.9023E-09 1.8704E-09 1.8397E-09 1.8075E-09 1.7761E-09 1.7457E-09 1.7156E-09
