Assets/Resources/2015_m01_d19_1700(utc+0800)_l00_csi_1hr_conc.grd
DSAA
         159         159
     -79.000      79.000
     -79.000      79.000
  0.0000E+00  0.2798E-05
[rows 0 to 24 of 159, columns 0 to 56 of 159]
3.2557E-09 3.3413E-09 3.4283E-09 3.5171E-09 3.6088E-09 3.7005E-09 3.7912E-09 3.8812E-09 3.9693E-09 4.0552E-09 4.1385E-09 4.2196E-09 4.2968E-09 4.3695E-09 4.4368E-09 4.4988E-09 4.5552E-09 4.6049E-09 4.6477E-09 4.6823E-09 4.7085E-09 4.7253E-09 4.7322E-09 4.7289E-09 4.7149E-09 4.6903E-09 4.6546E-09 4.6083E-09 4.5516E-09 4.4852E-09 4.4097E-09 4.3253E-09 4.2323E-09 4.1367E-09 4.0377E-09 3.9370E-09 3.8335E-09 3.7334E-09 3.6403E-09 3.5500E-09 3.4712E-09 3.4007E-09 3.3426E-09 3.2620E-09 3.1686E-09 3.1562E-09 3.1632E-09 3.1753E-09 3.1911E-09 3.2041E-09 3.2148E-09 3.2198E-09 3.2247E-09 3.2267E-09 3.2251E-09 3.2195E-09 3.2099E-09
3.3713E-09 3.4633E-09 3.5577E-09 3.6520E-09 3.7474E-09 3.8440E-09 3.9410E-09 4.0386E-09 4.1348E-09 4.2281E-09 4.3178E-09 4.4044E-09 4.4872E-09 4.5657E-09 4.6396E-09 4.7078E-09 4.7708E-09 4.8267E-09 4.8751E-09 4.9150E-09 4.9453E-09 4.9658E-09 4.9757E-09 4.9746E-09 4.9620E-09 4.9377E-09 4.9015E-09 4.8535E-09 4.7937E-09 4.7217E-09 4.6412E-09 4.5513E-09 4.4535E-09 4.3495E-09 4.2409E-09 4.1281E-09 4.0160E-09 3.9063E-09 3.8006E-09 3.7000E-09 3.6113E-09 3.5313E-09 3.4627E-09 3.3915E-09 3.2877E-09 3.2446E-09 3.2562E-09 3.2630E-09 3.2794E-09 3.2923E-09 3.3037E-09 3.3114E-09 3.3142E-09 3.3160E-09 3.3148E-09 3.3099E-09 3.3007E-09
3.4938E-09 3.5900E-09 3.6880E-09 3.7879E-09 3.8905E-09 3.9956E-09 4.1006E-09 4.2042E-09 4.3061E-09 4.4057E-09 4.5025E-09 4.5967E-09 4.6874E-09 4.7734E-09 4.8543E-09 4.9293E-09 4.9982E-09 5.0600E-09 5.1136E-09 5.1587E-09 5.1936E-09 5.2183E-09 5.2315E-09 5.2330E-09 5.2221E-09 5.1984E-09 5.1618E-09 5.1122E-09 5.0501E-09 4.9755E-09 4.8895E-09 4.7930E-09 4.6873E-09 4.5742E-09 4.4539E-09 4.3323E-09 4.2101E-09 4.0900E-09 3.9703E-09 3.8594E-09 3.7592E-09 3.6705E-09 3.5921E-09 3.5197E-09 3.4067E-09 3.3505E-09 3.3453E-09 3.3621E-09 3.3671E-09 3.3813E-09 3.3925E-09 3.4005E-09 3.4052E-09 3.4055E-09 3.4043E-09 3.3994E-09 3.3907E-09
3.6155E-09 3.7168E-09 3.8218E-09 3.9301E-09 4.0390E-09 4.1499E-09 4.2614E-09 4.3723E-09 4.4822E-09 4.5900E-09 4.6946E-09 4.7958E-09 4.8933E-09 4.9864E-09 5.0745E-09 5.1569E-09 5.2326E-09 5.3011E-09 5.3610E-09 5.4117E-09 5.4519E-09 5.4809E-09 5.4980E-09 5.5023E-09 5.4934E-09 5.4705E-09 5.4339E-09 5.3829E-09 5.3180E-09 5.2395E-09 5.1479E-09 5.0447E-09 4.9307E-09 4.8083E-09 4.6792E-09 4.5460E-09 4.4116E-09 4.2774E-09 4.1473E-09 4.0256E-09 3.9116E-09 3.8107E-09 3.7257E-09 3.6502E-09 3.5494E-09 3.4489E-09 3.4477E-09 3.4517E-09 3.4632E-09 3.4698E-09 3.4807E-09 3.4898E-09 3.4946E-09 3.4944E-09 3.4932E-09 3.4885E-09 3.4795E-09
3.7409E-09 3.8498E-09 3.9601E-09 4.0736E-09 4.1898E-09 4.3087E-09 4.4289E-09 4.5477E-09 4.6647E-09 4.7796E-09 4.8920E-09 5.0012E-09 5.1066E-09 5.2077E-09 5.3035E-09 5.3937E-09 5.4768E-09 5.5523E-09 5.6189E-09 5.6757E-09 5.7216E-09 5.7555E-09 5.7768E-09 5.7843E-09 5.7778E-09 5.7562E-09 5.7195E-09 5.6673E-09 5.5997E-09 5.5172E-09 5.4200E-09 5.3097E-09 5.1872E-09 5.0548E-09 4.9145E-09 4.7691E-09 4.6216E-09 4.4751E-09 4.3314E-09 4.1959E-09 4.0678E-09 3.9587E-09 3.8603E-09 3.7791E-09 3.7088E-09 3.5738E-09 3.5425E-09 3.5484E-09 3.5551E-09 3.5579E-09 3.5691E-09 3.5778E-09 3.5833E-09 3.5854E-09 3.5814E-09 3.5764E-09 3.5678E-09
3.8695E-09 3.9835E-09 4.1011E-09 4.2226E-09 4.3477E-09 4.4745E-09 4.6020E-09 4.7286E-09 4.8538E-09 4.9771E-09 5.0978E-09 5.2155E-09 5.3294E-09 5.4390E-09 5.5432E-09 5.6416E-09 5.7327E-09 5.8157E-09 5.8897E-09 5.9530E-09 6.0051E-09 6.0444E-09 6.0703E-09 6.0816E-09 6.0777E-09 6.0577E-09 6.0212E-09 5.9680E-09 5.8977E-09 5.8111E-09 5.7082E-09 5.5904E-09 5.4590E-09 5.3160E-09 5.1638E-09 5.0053E-09 4.8438E-09 4.6827E-09 4.5257E-09 4.3733E-09 4.2343E-09 4.1098E-09 4.0008E-09 3.9127E-09 3.8468E-09 3.7496E-09 3.6516E-09 3.6461E-09 3.6466E-09 3.6557E-09 3.6567E-09 3.6652E-09 3.6710E-09 3.6724E-09 3.6687E-09 3.6632E-09 3.6543E-09
3.9993E-09 4.1207E-09 4.2465E-09 4.3753E-09 4.5081E-09 4.6432E-09 4.7790E-09 4.9140E-09 5.0478E-09 5.1798E-09 5.3093E-09 5.4359E-09 5.5587E-09 5.6772E-09 5.7903E-09 5.8971E-09 5.9969E-09 6.0878E-09 6.1695E-09 6.2400E-09 6.2986E-09 6.3438E-09 6.3747E-09 6.3902E-09 6.3893E-09 6.3713E-09 6.3352E-09 6.2812E-09 6.2085E-09 6.1176E-09 6.0090E-09 5.8834E-09 5.7428E-09 5.5888E-09 5.4241E-09 5.2518E-09 5.0754E-09 4.8987E-09 4.7258E-09 4.5590E-09 4.4043E-09 4.2632E-09 4.1437E-09 4.0479E-09 3.9750E-09 3.9282E-09 3.8283E-09 3.7508E-09 3.7482E-09 3.7454E-09 3.7532E-09 3.7511E-09 3.7572E-09 3.7587E-09 3.7569E-09 3.7490E-09 3.7391E-09
4.1342E-09 4.2622E-09 4.3952E-09 4.5328E-09 4.6747E-09 4.8189E-09 4.9634E-09 5.1075E-09 5.2503E-09 5.3916E-09 5.5306E-09 5.6667E-09 5.7991E-09 5.9269E-09 6.0496E-09 6.1656E-09 6.2744E-09 6.3741E-09 6.4639E-09 6.5422E-09 6.6078E-09 6.6596E-09 6.6959E-09 6.7160E-09 6.7185E-09 6.7027E-09 6.6675E-09 6.6126E-09 6.5376E-09 6.4424E-09 6.3278E-09 6.1943E-09 6.0438E-09 5.8783E-09 5.7003E-09 5.5133E-09 5.3209E-09 5.1274E-09 4.9373E-09 4.7530E-09 4.5815E-09 4.4240E-09 4.2909E-09 4.1850E-09 4.1103E-09 4.0606E-09 4.0086E-09 3.9126E-09 3.8477E-09 3.8454E-09 3.8412E-09 3.8360E-09 3.8409E-09 3.8432E-09 3.8410E-09 3.8333E-09 3.8225E-09
4.2690E-09 4.4048E-09 4.5467E-09 4.6935E-09 4.8441E-09 4.9974E-09 5.1510E-09 5.3043E-09 5.4566E-09 5.6075E-09 5.7562E-09 5.9021E-09 6.0445E-09 6.1821E-09 6.3147E-09 6.4404E-09 6.5584E-09 6.6674E-09 6.7657E-09 6.8523E-09 6.9254E-09 6.9840E-09 7.0263E-09 7.0514E-09 7.0578E-09 7.0444E-09 7.0105E-09 6.9549E-09 6.8777E-09 6.7784E-09 6.6576E-09 6.5161E-09 6.3555E-09 6.1779E-09 5.9860E-09 5.7836E-09 5.5745E-09 5.3633E-09 5.1549E-09 4.9521E-09 4.7626E-09 4.5919E-09 4.4409E-09 4.3260E-09 4.2448E-09 4.1913E-09 4.1517E-09 4.0814E-09 3.9672E-09 3.9416E-09 3.9294E-09 3.9316E-09 3.9235E-09 3.9254E-09 3.9227E-09 3.9168E-09 3.9036E-09
4.4068E-09 4.5518E-09 4.7020E-09 4.8580E-09 5.0182E-09 5.1808E-09 5.3438E-09 5.5067E-09 5.6690E-09 5.8298E-09 5.9888E-09 6.1448E-09 6.2976E-09 6.4457E-09 6.5884E-09 6.7244E-09 6.8522E-09 6.9708E-09 7.0783E-09 7.1735E-09 7.2547E-09 7.3205E-09 7.3694E-09 7.3998E-09 7.4104E-09 7.3998E-09 7.3674E-09 7.3115E-09 7.2321E-09 7.1287E-09 7.0016E-09 6.8518E-09 6.6807E-09 6.4905E-09 6.2842E-09 6.0655E-09 5.8387E-09 5.6088E-09 5.3809E-09 5.1604E-09 4.9518E-09 4.7614E-09 4.6007E-09 4.4715E-09 4.3831E-09 4.3231E-09 4.2787E-09 4.2394E-09 4.1320E-09 4.0489E-09 4.0334E-09 4.0194E-09 4.0073E-09 4.0051E-09 4.0022E-09 3.9949E-09 3.9824E-09
4.5484E-09 4.7018E-09 4.8609E-09 5.0268E-09 5.1974E-09 5.3697E-09 5.5427E-09 5.7157E-09 5.8883E-09 6.0597E-09 6.2294E-09 6.3964E-09 6.5600E-09 6.7191E-09 6.8724E-09 7.0193E-09 7.1575E-09 7.2862E-09 7.4034E-09 7.5078E-09 7.5976E-09 7.6712E-09 7.7270E-09 7.7631E-09 7.7785E-09 7.7712E-09 7.7403E-09 7.6844E-09 7.6028E-09 7.4953E-09 7.3618E-09 7.2034E-09 7.0214E-09 6.8180E-09 6.5965E-09 6.3607E-09 6.1152E-09 5.8653E-09 5.6167E-09 5.3755E-09 5.1463E-09 4.9396E-09 4.7623E-09 4.6263E-09 4.5273E-09 4.4592E-09 4.4064E-09 4.3614E-09 4.3221E-09 4.2153E-09 4.1244E-09 4.1191E-09 4.1002E-09 4.0848E-09 4.0797E-09 4.0706E-09 4.0587E-09
4.6910E-09 4.8533E-09 5.0233E-09 5.1995E-09 5.3800E-09 5.5622E-09 5.7454E-09 5.9289E-09 6.1122E-09 6.2946E-09 6.4753E-09 6.6536E-09 6.8283E-09 6.9988E-09 7.1634E-09 7.3213E-09 7.4705E-09 7.6096E-09 7.7371E-09 7.8508E-09 7.9497E-09 8.0315E-09 8.0947E-09 8.1372E-09 8.1575E-09 8.1539E-09 8.1247E-09 8.0690E-09 7.9854E-09 7.8738E-09 7.7340E-09 7.5667E-09 7.3734E-09 7.1564E-09 6.9191E-09 6.6654E-09 6.4002E-09 6.1295E-09 5.8590E-09 5.5958E-09 5.3471E-09 5.1190E-09 4.9299E-09 4.7832E-09 4.6748E-09 4.5976E-09 4.5349E-09 4.4810E-09 4.4348E-09 4.3253E-09 4.2281E-09 4.2053E-09 4.1854E-09 4.1647E-09 4.1555E-09 4.1434E-09 4.1298E-09
4.8365E-09 5.0094E-09 5.1895E-09 5.3758E-09 5.5665E-09 5.7589E-09 5.9527E-09 6.1471E-09 6.3415E-09 6.5353E-09 6.7274E-09 6.9175E-09 7.1039E-09 7.2862E-09 7.4626E-09 7.6318E-09 7.7925E-09 7.9423E-09 8.0805E-09 8.2045E-09 8.3129E-09 8.4033E-09 8.4742E-09 8.5234E-09 8.5490E-09 8.5493E-09 8.5222E-09 8.4668E-09 8.3814E-09 8.2656E-09 8.1192E-09 7.9428E-09 7.7379E-09 7.5068E-09 7.2529E-09 6.9804E-09 6.6947E-09 6.4017E-09 6.1081E-09 5.8221E-09 5.5508E-09 5.3070E-09 5.1019E-09 4.9445E-09 4.8300E-09 4.7382E-09 4.6646E-09 4.6011E-09 4.5465E-09 4.4986E-09 4.3873E-09 4.2911E-09 4.2762E-09 4.2524E-09 4.2312E-09 4.2166E-09 4.1971E-09
4.9861E-09 5.1680E-09 5.3587E-09 5.5558E-09 5.7579E-09 5.9619E-09 6.1668E-09 6.3726E-09 6.5786E-09 6.7844E-09 6.9887E-09 7.1910E-09 7.3899E-09 7.5844E-09 7.7733E-09 7.9546E-09 8.1273E-09 8.2889E-09 8.4382E-09 8.5728E-09 8.6911E-09 8.7909E-09 8.8699E-09 8.9262E-09 8.9574E-09 8.9619E-09 8.9372E-09 8.8820E-09 8.7948E-09 8.6746E-09 8.5215E-09 8.3357E-09 8.1185E-09 7.8727E-09 7.6013E-09 7.3092E-09 7.0017E-09 6.6853E-09 6.3674E-09 6.0573E-09 5.7635E-09 5.5007E-09 5.2807E-09 5.1144E-09 4.9871E-09 4.8866E-09 4.7972E-09 4.7231E-09 4.6584E-09 4.6026E-09 4.5216E-09 4.4012E-09 4.3591E-09 4.3307E-09 4.3051E-09 4.2865E-09 4.2649E-09
5.1360E-09 5.3285E-09 5.5307E-09 5.7403E-09 5.9527E-09 6.1671E-09 6.3834E-09 6.6011E-09 6.8191E-09 7.0370E-09 7.2538E-09 7.4685E-09 7.6802E-09 7.8872E-09 8.0887E-09 8.2824E-09 8.4672E-09 8.6408E-09 8.8013E-09 8.9470E-09 9.0754E-09 9.1846E-09 9.2720E-09 9.3357E-09 9.3729E-09 9.3816E-09 9.3595E-09 9.3046E-09 9.2157E-09 9.0912E-09 8.9311E-09 8.7356E-09 8.5060E-09 8.2449E-09 7.9556E-09 7.6429E-09 7.3129E-09 6.9720E-09 6.6291E-09 6.2941E-09 5.9766E-09 5.6948E-09 5.4644E-09 5.2850E-09 5.1464E-09 5.0305E-09 4.9280E-09 4.8429E-09 4.7685E-09 4.7049E-09 4.6483E-09 4.5186E-09 4.4342E-09 4.4095E-09 4.3773E-09 4.3540E-09 4.3304E-09
5.2882E-09 5.4934E-09 5.7073E-09 5.9273E-09 6.1505E-09 6.3767E-09 6.6053E-09 6.8351E-09 7.0657E-09 7.2962E-09 7.5260E-09 7.7536E-09 7.9784E-09 8.1986E-09 8.4130E-09 8.6198E-09 8.8170E-09 9.0030E-09 9.1755E-09 9.3324E-09 9.4715E-09 9.5906E-09 9.6869E-09 9.7579E-09 9.8014E-09 9.8144E-09 9.7951E-09 9.7406E-09 9.6498E-09 9.5210E-09 9.3536E-09 9.1481E-09 8.9054E-09 8.6284E-09 8.3204E-09 7.9863E-09 7.6324E-09 7.2663E-09 6.8974E-09 6.5360E-09 6.1957E-09 5.8969E-09 5.6529E-09 5.4620E-09 5.3067E-09 5.1748E-09 5.0623E-09 4.9617E-09 4.8778E-09 4.8042E-09 4.7401E-09 4.6535E-09 4.5210E-09 4.4797E-09 4.4465E-09 4.4179E-09 4.3913E-09
5.4442E-09 5.6606E-09 5.8851E-09 6.1162E-09 6.3516E-09 6.5900E-09 6.8305E-09 7.0727E-09 7.3159E-09 7.5593E-09 7.8024E-09 8.0433E-09 8.2815E-09 8.5152E-09 8.7427E-09 8.9627E-09 9.1728E-09 9.3714E-09 9.5559E-09 9.7245E-09 9.8745E-09 1.0003E-08 1.0109E-08 1.0188E-08 1.0237E-08 1.0255E-08 1.0238E-08 1.0184E-08 1.0091E-08 9.9579E-09 9.7831E-09 9.5672E-09 9.3112E-09 9.0176E-09 8.6901E-09 8.3338E-09 7.9555E-09 7.5629E-09 7.1677E-09 6.7801E-09 6.4178E-09 6.1009E-09 5.8426E-09 5.6377E-09 5.4673E-09 5.3208E-09 5.1922E-09 5.0787E-09 4.9840E-09 4.9008E-09 4.8292E-09 4.7546E-09 4.6205E-09 4.5387E-09 4.5065E-09 4.4743E-09 4.4464E-09
5.6011E-09 5.8285E-09 6.0657E-09 6.3094E-09 6.5570E-09 6.8074E-09 7.0604E-09 7.3153E-09 7.5719E-09 7.8288E-09 8.0854E-09 8.3402E-09 8.5920E-09 8.8396E-09 9.0808E-09 9.3143E-09 9.5377E-09 9.7491E-09 9.9462E-09 1.0126E-08 1.0288E-08 1.0427E-08 1.0541E-08 1.0628E-08 1.0684E-08 1.0706E-08 1.0692E-08 1.0638E-08 1.0543E-08 1.0405E-08 1.0222E-08 9.9956E-09 9.7256E-09 9.4148E-09 9.0671E-09 8.6878E-09 8.2838E-09 7.8645E-09 7.4418E-09 7.0274E-09 6.6423E-09 6.3080E-09 6.0366E-09 5.8157E-09 5.6300E-09 5.4645E-09 5.3189E-09 5.1941E-09 5.0863E-09 4.9940E-09 4.9136E-09 4.8421E-09 4.7338E-09 4.6069E-09 4.5627E-09 4.5244E-09 4.4949E-09
5.7591E-09 5.9998E-09 6.2500E-09 6.5047E-09 6.7634E-09 7.0259E-09 7.2923E-09 7.5608E-09 7.8306E-09 8.1013E-09 8.3715E-09 8.6405E-09 8.9063E-09 9.1678E-09 9.4229E-09 9.6699E-09 9.9068E-09 1.0131E-08 1.0341E-08 1.0533E-08 1.0705E-08 1.0855E-08 1.0978E-08 1.1073E-08 1.1135E-08 1.1162E-08 1.1150E-08 1.1097E-08 1.1000E-08 1.0856E-08 1.0665E-08 1.0427E-08 1.0143E-08 9.8141E-09 9.4453E-09 9.0422E-09 8.6123E-09 8.1655E-09 7.7146E-09 7.2731E-09 6.8674E-09 6.5180E-09 6.2304E-09 5.9925E-09 5.7883E-09 5.6066E-09 5.4480E-09 5.3078E-09 5.1860E-09 5.0833E-09 4.9928E-09 4.9141E-09 4.8241E-09 4.6711E-09 4.6097E-09 4.5688E-09 4.5337E-09
5.9207E-09 6.1735E-09 6.4342E-09 6.7003E-09 6.9721E-09 7.2493E-09 7.5294E-09 7.8114E-09 8.0952E-09 8.3801E-09 8.6646E-09 8.9480E-09 9.2283E-09 9.5040E-09 9.7735E-09 1.0034E-08 1.0285E-08 1.0523E-08 1.0745E-08 1.0950E-08 1.1133E-08 1.1293E-08 1.1426E-08 1.1529E-08 1.1597E-08 1.1628E-08 1.1619E-08 1.1565E-08 1.1465E-08 1.1316E-08 1.1117E-08 1.0867E-08 1.0567E-08 1.0220E-08 9.8294E-09 9.4018E-09 8.9447E-09 8.4702E-09 7.9902E-09 7.5245E-09 7.0977E-09 6.7315E-09 6.4270E-09 6.1706E-09 5.9466E-09 5.7489E-09 5.5722E-09 5.4157E-09 5.2802E-09 5.1668E-09 5.0679E-09 4.9809E-09 4.8929E-09 4.7569E-09 4.6545E-09 4.6065E-09 4.5666E-09
6.0822E-09 6.3465E-09 6.6194E-09 6.8996E-09 7.1849E-09 7.4737E-09 7.7661E-09 8.0619E-09 8.3601E-09 8.6595E-09 8.9585E-09 9.2561E-09 9.5509E-09 9.8409E-09 1.0125E-08 1.0400E-08 1.0664E-08 1.0915E-08 1.1150E-08 1.1366E-08 1.1561E-08 1.1731E-08 1.1873E-08 1.1983E-08 1.2058E-08 1.2093E-08 1.2085E-08 1.2031E-08 1.1928E-08 1.1773E-08 1.1565E-08 1.1302E-08 1.0987E-08 1.0620E-08 1.0208E-08 9.7549E-09 9.2707E-09 8.7681E-09 8.2602E-09 7.7695E-09 7.3222E-09 6.9392E-09 6.6178E-09 6.3420E-09 6.0983E-09 5.8829E-09 5.6905E-09 5.5213E-09 5.3712E-09 5.2450E-09 5.1363E-09 5.0409E-09 4.9564E-09 4.8258E-09 4.6964E-09 4.6405E-09 4.5927E-09
6.2429E-09 6.5209E-09 6.8077E-09 7.0994E-09 7.3963E-09 7.6982E-09 8.0054E-09 8.3169E-09 8.6299E-09 8.9435E-09 9.2574E-09 9.5697E-09 9.8794E-09 1.0184E-08 1.0482E-08 1.0771E-08 1.1049E-08 1.1314E-08 1.1562E-08 1.1790E-08 1.1996E-08 1.2177E-08 1.2327E-08 1.2445E-08 1.2525E-08 1.2564E-08 1.2558E-08 1.2503E-08 1.2396E-08 1.2235E-08 1.2016E-08 1.1741E-08 1.1409E-08 1.1023E-08 1.0587E-08 1.0109E-08 9.5968E-09 9.0657E-09 8.5290E-09 8.0134E-09 7.5486E-09 7.1494E-09 6.8084E-09 6.5122E-09 6.2484E-09 6.0148E-09 5.8089E-09 5.6244E-09 5.4594E-09 5.3169E-09 5.1984E-09 5.0944E-09 5.0023E-09 4.8904E-09 4.7316E-09 4.6653E-09 4.6111E-09
6.4056E-09 6.6969E-09 6.9942E-09 7.2982E-09 7.6086E-09 7.9260E-09 8.2474E-09 8.5713E-09 8.8981E-09 9.2262E-09 9.5558E-09 9.8836E-09 1.0208E-08 1.0527E-08 1.0840E-08 1.1143E-08 1.1435E-08 1.1712E-08 1.1973E-08 1.2213E-08 1.2430E-08 1.2620E-08 1.2779E-08 1.2904E-08 1.2989E-08 1.3032E-08 1.3027E-08 1.2970E-08 1.2859E-08 1.2690E-08 1.2462E-08 1.2172E-08 1.1823E-08 1.1417E-08 1.0958E-08 1.0453E-08 9.9134E-09 9.3531E-09 8.7894E-09 8.2526E-09 7.7697E-09 7.3527E-09 6.9922E-09 6.6743E-09 6.3909E-09 6.1392E-09 5.9172E-09 5.7189E-09 5.5415E-09 5.3819E-09 5.2536E-09 5.1408E-09 5.0410E-09 4.9324E-09 4.7831E-09 4.6834E-09 4.6250E-09
6.5680E-09 6.8699E-09 7.1795E-09 7.4979E-09 7.8232E-09 8.1528E-09 8.4870E-09 8.8251E-09 9.1681E-09 9.5128E-09 9.8563E-09 1.0198E-08 1.0537E-08 1.0871E-08 1.1198E-08 1.1515E-08 1.1821E-08 1.2111E-08 1.2384E-08 1.2636E-08 1.2863E-08 1.3062E-08 1.3230E-08 1.3361E-08 1.3451E-08 1.3496E-08 1.3491E-08 1.3433E-08 1.3316E-08 1.3140E-08 1.2900E-08 1.2596E-08 1.2230E-08 1.1802E-08 1.1319E-08 1.0788E-08 1.0221E-08 9.6316E-09 9.0428E-09 8.4841E-09 7.9834E-09 7.5484E-09 7.1682E-09 6.8292E-09 6.5261E-09 6.2570E-09 6.0187E-09 5.8068E-09 5.6195E-09 5.4448E-09 5.3012E-09 5.1797E-09 5.0722E-09 4.9667E-09 4.8223E-09 4.6938E-09 4.6296E-09
6.7273E-09 7.0417E-09 7.3661E-09 7.6974E-09 8.0344E-09 8.3773E-09 8.7269E-09 9.0816E-09 9.4381E-09 9.7958E-09 1.0154E-08 1.0511E-08 1.0866E-08 1.1214E-08 1.1555E-08 1.1886E-08 1.2205E-08 1.2508E-08 1.2792E-08 1.3055E-08 1.3293E-08 1.3501E-08 1.3676E-08 1.3812E-08 1.3906E-08 1.3953E-08 1.3948E-08 1.3887E-08 1.3765E-08 1.3579E-08 1.3328E-08 1.3009E-08 1.2624E-08 1.2175E-08 1.1667E-08 1.1109E-08 1.0515E-08 9.8975E-09 9.2835E-09 8.7047E-09 8.1887E-09 7.7349E-09 7.3348E-09 6.9750E-09 6.6530E-09 6.3664E-09 6.1125E-09 5.8880E-09 5.6885E-09 5.5069E-09 5.3409E-09 5.2108E-09 5.0956E-09 4.9831E-09 4.8385E-09 4.7051E-09 4.6287E-09
