Assets/Resources/2015_m01_d10_1800(utc+0800)_l00_csi_1hr_conc.grd
DSAA
         159         159
     -79.000      79.000
     -79.000      79.000
  0.2033E-10  0.3539E-05
[rows 50 to 74 of 159, columns 0 to 56 of 159]
5.2921E-11 5.4294E-11 5.5693E-11 5.7119E-11 5.8572E-11 6.0687E-11 6.3078E-11 6.6556E-11 7.0055E-11 7.4094E-11 7.8788E-11 8.3927E-11 8.8982E-11 9.3869E-11 9.8074E-11 1.0170E-10 1.0555E-10 1.0943E-10 1.1322E-10 1.1692E-10 1.2050E-10 1.2521E-10 1.3046E-10 1.3477E-10 1.4405E-10 1.5312E-10 1.6239E-10 1.7053E-10 1.7696E-10 1.8329E-10 1.8960E-10 1.9613E-10 2.0308E-10 2.1005E-10 2.1724E-10 2.2466E-10 2.3255E-10 2.4022E-10 2.4838E-10 2.5704E-10 2.6571E-10 2.7466E-10 2.8363E-10 2.9340E-10 3.0320E-10 3.1329E-10 3.2395E-10 3.3468E-10 3.4598E-10 3.5790E-10 3.6964E-10 3.8228E-10 3.9501E-10 4.0839E-10 4.2189E-10 4.3579E-10 4.5036E-10
5.3712E-11 5.5105E-11 5.6526E-11 5.7973E-11 5.9447E-11 6.2427E-11 6.4864E-11 6.8109E-11 7.1876E-11 7.5894E-11 8.1635E-11 8.6288E-11 9.2541E-11 9.6471E-11 1.0021E-10 1.0401E-10 1.0791E-10 1.1186E-10 1.1554E-10 1.1919E-10 1.2311E-10 1.2793E-10 1.3332E-10 1.4049E-10 1.4918E-10 1.5840E-10 1.6744E-10 1.7460E-10 1.8086E-10 1.8712E-10 1.9382E-10 2.0050E-10 2.0740E-10 2.1454E-10 2.2214E-10 2.2974E-10 2.3759E-10 2.4545E-10 2.5407E-10 2.6269E-10 2.7182E-10 2.8076E-10 2.9022E-10 2.9998E-10 3.1028E-10 3.2062E-10 3.3158E-10 3.4259E-10 3.5419E-10 3.6615E-10 3.7874E-10 3.9144E-10 4.0452E-10 4.1825E-10 4.3213E-10 4.4667E-10 4.6137E-10
5.4505E-11 5.5919E-11 5.7361E-11 5.8829E-11 6.0958E-11 6.3364E-11 6.6857E-11 7.0374E-11 7.4437E-11 7.9167E-11 8.4349E-11 8.9746E-11 9.4539E-11 9.8731E-11 1.0247E-10 1.0646E-10 1.1024E-10 1.1399E-10 1.1775E-10 1.2137E-10 1.2614E-10 1.3146E-10 1.3660E-10 1.4466E-10 1.5454E-10 1.6367E-10 1.7167E-10 1.7840E-10 1.8459E-10 1.9123E-10 1.9785E-10 2.0492E-10 2.1176E-10 2.1931E-10 2.2685E-10 2.3487E-10 2.4269E-10 2.5099E-10 2.5957E-10 2.6865E-10 2.7777E-10 2.8692E-10 2.9688E-10 3.0688E-10 3.1718E-10 3.2807E-10 3.3903E-10 3.5057E-10 3.6275E-10 3.7476E-10 3.8741E-10 4.0071E-10 4.1414E-10 4.2823E-10 4.4248E-10 4.5740E-10 4.7249E-10
5.5301E-11 5.6736E-11 5.8198E-11 5.9688E-11 6.2677E-11 6.5129E-11 6.8388E-11 7.2174E-11 7.6214E-11 8.2891E-11 8.7690E-11 9.2998E-11 9.7207E-11 1.0093E-10 1.0479E-10 1.0869E-10 1.1255E-10 1.1628E-10 1.1997E-10 1.2395E-10 1.2883E-10 1.3428E-10 1.4135E-10 1.5009E-10 1.5904E-10 1.6843E-10 1.7589E-10 1.8202E-10 1.8858E-10 1.9514E-10 2.0215E-10 2.0915E-10 2.1640E-10 2.2389E-10 2.3185E-10 2.3983E-10 2.4783E-10 2.5658E-10 2.6537E-10 2.7442E-10 2.8377E-10 2.9341E-10 3.0335E-10 3.1385E-10 3.2441E-10 3.3532E-10 3.4682E-10 3.5867E-10 3.7088E-10 3.8374E-10 3.9671E-10 4.1009E-10 4.2413E-10 4.3833E-10 4.5321E-10 4.6826E-10 4.8401E-10
5.6099E-11 5.7555E-11 5.9038E-11 6.1178E-11 6.3596E-11 6.6897E-11 7.0832E-11 7.4710E-11 7.9468E-11 8.4687E-11 9.0841E-11 9.5131E-11 9.9203E-11 1.0308E-10 1.0702E-10 1.1093E-10 1.1473E-10 1.1854E-10 1.2212E-10 1.2694E-10 1.3231E-10 1.3713E-10 1.4546E-10 1.5581E-10 1.6436E-10 1.7231E-10 1.7962E-10 1.8588E-10 1.9238E-10 1.9932E-10 2.0626E-10 2.1343E-10 2.2085E-10 2.2874E-10 2.3666E-10 2.4483E-10 2.5327E-10 2.6198E-10 2.7121E-10 2.8049E-10 2.8982E-10 2.9970E-10 3.1014E-10 3.2064E-10 3.3173E-10 3.4291E-10 3.5442E-10 3.6682E-10 3.7936E-10 3.9227E-10 4.0584E-10 4.1956E-10 4.3396E-10 4.4852E-10 4.6378E-10 4.7923E-10 4.9538E-10
5.6899E-11 5.8375E-11 5.9880E-11 6.2056E-11 6.5337E-11 6.8607E-11 7.2208E-11 7.7285E-11 8.3414E-11 8.8248E-11 9.3448E-11 9.7702E-11 1.0137E-10 1.0542E-10 1.0935E-10 1.1321E-10 1.1698E-10 1.2063E-10 1.2466E-10 1.2958E-10 1.3508E-10 1.4205E-10 1.5086E-10 1.6022E-10 1.6894E-10 1.7695E-10 1.8315E-10 1.8956E-10 1.9644E-10 2.0331E-10 2.1063E-10 2.1774E-10 2.2557E-10 2.3341E-10 2.4174E-10 2.4987E-10 2.5851E-10 2.6767E-10 2.7688E-10 2.8638E-10 2.9593E-10 3.0630E-10 3.1673E-10 3.2773E-10 3.3884E-10 3.5056E-10 3.6263E-10 3.7508E-10 3.8765E-10 4.0141E-10 4.1479E-10 4.2939E-10 4.4361E-10 4.5908E-10 4.7419E-10 4.9056E-10 5.0660E-10
5.7700E-11 5.9198E-11 6.1347E-11 6.3773E-11 6.6279E-11 7.0617E-11 7.4912E-11 7.9693E-11 8.5108E-11 9.1932E-11 9.5940E-11 9.9720E-11 1.0371E-10 1.0755E-10 1.1151E-10 1.1540E-10 1.1911E-10 1.2273E-10 1.2760E-10 1.3301E-10 1.3789E-10 1.4610E-10 1.5633E-10 1.6474E-10 1.7300E-10 1.8038E-10 1.8694E-10 1.9351E-10 2.0030E-10 2.0755E-10 2.1481E-10 2.2233E-10 2.3032E-10 2.3835E-10 2.4663E-10 2.5495E-10 2.6404E-10 2.7317E-10 2.8283E-10 2.9231E-10 3.0235E-10 3.1270E-10 3.2363E-10 3.3464E-10 3.4629E-10 3.5802E-10 3.7063E-10 3.8339E-10 3.9655E-10 4.1011E-10 4.2436E-10 4.3877E-10 4.5390E-10 4.6920E-10 4.8524E-10 5.0147E-10 5.1846E-10
5.8503E-11 6.0021E-11 6.2206E-11 6.5488E-11 6.8764E-11 7.2373E-11 7.7266E-11 8.3614E-11 8.8567E-11 9.3862E-11 9.8229E-11 1.0171E-10 1.0579E-10 1.0985E-10 1.1365E-10 1.1747E-10 1.2116E-10 1.2485E-10 1.3019E-10 1.3574E-10 1.4228E-10 1.5126E-10 1.6063E-10 1.6904E-10 1.7740E-10 1.8405E-10 1.9053E-10 1.9725E-10 2.0442E-10 2.1182E-10 2.1903E-10 2.2694E-10 2.3488E-10 2.4331E-10 2.5156E-10 2.6032E-10 2.6936E-10 2.7894E-10 2.8858E-10 2.9829E-10 3.0881E-10 3.1941E-10 3.3058E-10 3.4188E-10 3.5353E-10 3.6579E-10 3.7872E-10 3.9152E-10 4.0551E-10 4.1914E-10 4.3374E-10 4.4851E-10 4.6400E-10 4.7968E-10 4.9611E-10 5.1275E-10 5.3015E-10
5.9307E-11 6.0846E-11 6.3895E-11 6.6409E-11 7.0745E-11 7.4534E-11 7.9841E-11 8.6002E-11 9.1843E-11 9.6174E-11 1.0007E-10 1.0410E-10 1.0788E-10 1.1202E-10 1.1580E-10 1.1955E-10 1.2321E-10 1.2811E-10 1.3357E-10 1.3849E-10 1.4657E-10 1.5601E-10 1.6510E-10 1.7338E-10 1.8113E-10 1.8753E-10 1.9415E-10 2.0124E-10 2.0857E-10 2.1591E-10 2.2327E-10 2.3136E-10 2.3970E-10 2.4809E-10 2.5652E-10 2.6548E-10 2.7497E-10 2.8476E-10 2.9438E-10 3.0456E-10 3.1507E-10 3.2616E-10 3.3734E-10 3.4890E-10 3.6108E-10 3.7364E-10 3.8660E-10 4.0024E-10 4.1403E-10 4.2852E-10 4.4319E-10 4.5858E-10 4.7417E-10 4.9051E-10 5.0706E-10 5.2438E-10 5.4166E-10
6.0113E-11 6.2303E-11 6.4775E-11 6.8348E-11 7.2472E-11 7.7373E-11 8.3232E-11 8.8706E-11 9.4194E-11 9.8427E-11 1.0208E-10 1.0619E-10 1.1014E-10 1.1397E-10 1.1792E-10 1.2155E-10 1.2528E-10 1.3065E-10 1.3623E-10 1.4281E-10 1.5133E-10 1.6087E-10 1.6915E-10 1.7746E-10 1.8449E-10 1.9125E-10 1.9803E-10 2.0526E-10 2.1252E-10 2.2001E-10 2.2778E-10 2.3603E-10 2.4433E-10 2.5290E-10 2.6152E-10 2.7092E-10 2.8061E-10 2.9038E-10 3.0022E-10 3.1063E-10 3.2162E-10 3.3271E-10 3.4415E-10 3.5624E-10 3.6843E-10 3.8153E-10 3.9480E-10 4.0848E-10 4.2286E-10 4.3743E-10 4.5271E-10 4.6820E-10 4.8443E-10 5.0088E-10 5.1809E-10 5.3555E-10 5.5325E-10
6.0918E-11 6.3756E-11 6.6480E-11 7.0019E-11 7.4099E-11 8.0568E-11 8.6090E-11 9.1757E-11 9.6395E-11 1.0023E-10 1.0428E-10 1.0819E-10 1.1227E-10 1.1617E-10 1.1986E-10 1.2356E-10 1.2774E-10 1.3397E-10 1.3893E-10 1.4650E-10 1.5615E-10 1.6476E-10 1.7315E-10 1.8143E-10 1.8810E-10 1.9477E-10 2.0169E-10 2.0908E-10 2.1671E-10 2.2414E-10 2.3231E-10 2.4051E-10 2.4921E-10 2.5774E-10 2.6679E-10 2.7639E-10 2.8605E-10 2.9603E-10 3.0608E-10 3.1698E-10 3.2797E-10 3.3955E-10 3.5126E-10 3.6361E-10 3.7608E-10 3.8949E-10 4.0279E-10 4.1732E-10 4.3149E-10 4.4692E-10 4.6202E-10 4.7841E-10 4.9447E-10 5.1185E-10 5.2893E-10 5.4707E-10 5.6528E-10
6.2346E-11 6.4820E-11 6.8185E-11 7.2504E-11 7.7405E-11 8.2781E-11 8.9236E-11 9.4740E-11 9.8521E-11 1.0205E-10 1.0643E-10 1.1040E-10 1.1417E-10 1.1815E-10 1.2181E-10 1.2557E-10 1.3097E-10 1.3620E-10 1.4318E-10 1.5087E-10 1.5967E-10 1.6904E-10 1.7736E-10 1.8469E-10 1.9150E-10 1.9831E-10 2.0561E-10 2.1314E-10 2.2070E-10 2.2829E-10 2.3663E-10 2.4523E-10 2.5389E-10 2.6260E-10 2.7209E-10 2.8165E-10 2.9175E-10 3.0171E-10 3.1224E-10 3.2312E-10 3.3459E-10 3.4618E-10 3.5841E-10 3.7077E-10 3.8404E-10 3.9722E-10 4.1136E-10 4.2567E-10 4.4071E-10 4.5595E-10 4.7193E-10 4.8814E-10 5.0513E-10 5.2235E-10 5.4037E-10 5.5838E-10 5.7700E-10
6.3165E-11 6.6493E-11 6.9825E-11 7.3702E-11 8.0299E-11 8.6091E-11 9.1773E-11 9.6428E-11 1.0037E-10 1.0436E-10 1.0829E-10 1.1239E-10 1.1632E-10 1.2004E-10 1.2377E-10 1.2797E-10 1.3422E-10 1.3882E-10 1.4611E-10 1.5596E-10 1.6423E-10 1.7278E-10 1.8115E-10 1.8820E-10 1.9513E-10 2.0210E-10 2.0931E-10 2.1700E-10 2.2472E-10 2.3271E-10 2.4120E-10 2.4975E-10 2.5859E-10 2.6748E-10 2.7717E-10 2.8717E-10 2.9725E-10 3.0742E-10 3.1817E-10 3.2954E-10 3.4100E-10 3.5283E-10 3.6534E-10 3.7822E-10 3.9152E-10 4.0526E-10 4.1969E-10 4.3434E-10 4.4944E-10 4.6528E-10 4.8136E-10 4.9820E-10 5.1529E-10 5.3317E-10 5.5160E-10 5.6974E-10 5.8878E-10
6.4809E-11 6.7571E-11 7.1965E-11 7.6964E-11 8.2544E-11 8.9263E-11 9.4566E-11 9.8512E-11 1.0205E-10 1.0645E-10 1.1045E-10 1.1424E-10 1.1825E-10 1.2194E-10 1.2573E-10 1.3077E-10 1.3639E-10 1.4185E-10 1.5076E-10 1.5923E-10 1.6855E-10 1.7682E-10 1.8471E-10 1.9149E-10 1.9857E-10 2.0567E-10 2.1326E-10 2.2109E-10 2.2874E-10 2.3689E-10 2.4557E-10 2.5452E-10 2.6331E-10 2.7263E-10 2.8251E-10 2.9248E-10 3.0277E-10 3.1315E-10 3.2439E-10 3.3573E-10 3.4769E-10 3.5979E-10 3.7255E-10 3.8544E-10 3.9930E-10 4.1333E-10 4.2809E-10 4.4277E-10 4.5874E-10 4.7439E-10 4.9136E-10 5.0803E-10 5.2604E-10 5.4404E-10 5.6261E-10 5.8153E-10 6.0061E-10
6.5644E-11 6.9567E-11 7.3637E-11 7.9528E-11 8.6244E-11 9.1694E-11 9.6360E-11 1.0023E-10 1.0432E-10 1.0827E-10 1.1239E-10 1.1634E-10 1.2008E-10 1.2384E-10 1.2769E-10 1.3321E-10 1.3895E-10 1.4608E-10 1.5425E-10 1.6366E-10 1.7205E-10 1.8050E-10 1.8805E-10 1.9502E-10 2.0201E-10 2.0949E-10 2.1699E-10 2.2498E-10 2.3278E-10 2.4134E-10 2.5017E-10 2.5908E-10 2.6804E-10 2.7755E-10 2.8764E-10 2.9804E-10 3.0831E-10 3.1916E-10 3.3037E-10 3.4220E-10 3.5415E-10 3.6651E-10 3.7953E-10 3.9322E-10 4.0711E-10 4.2144E-10 4.3624E-10 4.5178E-10 4.6754E-10 4.8408E-10 5.0086E-10 5.1844E-10 5.3656E-10 5.5496E-10 5.7365E-10 5.9298E-10 6.1247E-10
6.7298E-11 7.0879E-11 7.6350E-11 8.2272E-11 8.8943E-11 9.4443E-11 9.8398E-11 1.0195E-10 1.0622E-10 1.1038E-10 1.1419E-10 1.1822E-10 1.2193E-10 1.2574E-10 1.3005E-10 1.3642E-10 1.4152E-10 1.5025E-10 1.5877E-10 1.6717E-10 1.7613E-10 1.8410E-10 1.9146E-10 1.9856E-10 2.0547E-10 2.1309E-10 2.2096E-10 2.2888E-10 2.3708E-10 2.4556E-10 2.5457E-10 2.6364E-10 2.7279E-10 2.8274E-10 2.9301E-10 3.0339E-10 3.1386E-10 3.2493E-10 3.3662E-10 3.4843E-10 3.6063E-10 3.7351E-10 3.8679E-10 4.0051E-10 4.1468E-10 4.2957E-10 4.4468E-10 4.6027E-10 4.7664E-10 4.9325E-10 5.1066E-10 5.2860E-10 5.4684E-10 5.6591E-10 5.8472E-10 6.0446E-10 6.2437E-10
6.8353E-11 7.3104E-11 7.9181E-11 8.5142E-11 9.1375E-11 9.6191E-11 9.9919E-11 1.0417E-10 1.0803E-10 1.1227E-10 1.1624E-10 1.2000E-10 1.2377E-10 1.2765E-10 1.3317E-10 1.3853E-10 1.4566E-10 1.5357E-10 1.6293E-10 1.7094E-10 1.7968E-10 1.8750E-10 1.9466E-10 2.0189E-10 2.0916E-10 2.1692E-10 2.2494E-10 2.3279E-10 2.4114E-10 2.5002E-10 2.5920E-10 2.6822E-10 2.7779E-10 2.8769E-10 2.9816E-10 3.0874E-10 3.1942E-10 3.3097E-10 3.4263E-10 3.5493E-10 3.6739E-10 3.8052E-10 3.9381E-10 4.0807E-10 4.2252E-10 4.3773E-10 4.5288E-10 4.6933E-10 4.8549E-10 5.0299E-10 5.2021E-10 5.3881E-10 5.5741E-10 5.7661E-10 5.9619E-10 6.1596E-10 6.3628E-10
7.0328E-11 7.5482E-11 8.1376E-11 8.8536E-11 9.3737E-11 9.7891E-11 1.0175E-10 1.0593E-10 1.1019E-10 1.1401E-10 1.1805E-10 1.2178E-10 1.2562E-10 1.2994E-10 1.3593E-10 1.4103E-10 1.4830E-10 1.5797E-10 1.6618E-10 1.7468E-10 1.8311E-10 1.9097E-10 1.9808E-10 2.0523E-10 2.1263E-10 2.2054E-10 2.2870E-10 2.3670E-10 2.4545E-10 2.5426E-10 2.6361E-10 2.7281E-10 2.8256E-10 2.9289E-10 3.0356E-10 3.1411E-10 3.2499E-10 3.3676E-10 3.4891E-10 3.6120E-10 3.7390E-10 3.8729E-10 4.0136E-10 4.1539E-10 4.3012E-10 4.4563E-10 4.6135E-10 4.7786E-10 4.9490E-10 5.1220E-10 5.3033E-10 5.4875E-10 5.6802E-10 5.8733E-10 6.0730E-10 6.2747E-10 6.4821E-10
7.1818E-11 7.7929E-11 8.4409E-11 9.0470E-11 9.5924E-11 9.9656E-11 1.0377E-10 1.0778E-10 1.1188E-10 1.1601E-10 1.1978E-10 1.2357E-10 1.2747E-10 1.3262E-10 1.3835E-10 1.4392E-10 1.5318E-10 1.6076E-10 1.6982E-10 1.7834E-10 1.8638E-10 1.9405E-10 2.0129E-10 2.0857E-10 2.1634E-10 2.2438E-10 2.3247E-10 2.4062E-10 2.4953E-10 2.5874E-10 2.6803E-10 2.7740E-10 2.8758E-10 2.9786E-10 3.0873E-10 3.1948E-10 3.3083E-10 3.4281E-10 3.5494E-10 3.6747E-10 3.8068E-10 3.9432E-10 4.0841E-10 4.2297E-10 4.3827E-10 4.5381E-10 4.6985E-10 4.8668E-10 5.0378E-10 5.2170E-10 5.4017E-10 5.5897E-10 5.7835E-10 5.9804E-10 6.1842E-10 6.3899E-10 6.6014E-10
7.4844E-11 8.0417E-11 8.7022E-11 9.3234E-11 9.7427E-11 1.0143E-10 1.0547E-10 1.0988E-10 1.1372E-10 1.1777E-10 1.2151E-10 1.2535E-10 1.2931E-10 1.3493E-10 1.4039E-10 1.4801E-10 1.5642E-10 1.6500E-10 1.7311E-10 1.8197E-10 1.8990E-10 1.9735E-10 2.0472E-10 2.1191E-10 2.1982E-10 2.2800E-10 2.3624E-10 2.4478E-10 2.5384E-10 2.6299E-10 2.7245E-10 2.8199E-10 2.9236E-10 3.0307E-10 3.1390E-10 3.2484E-10 3.3641E-10 3.4862E-10 3.6122E-10 3.7373E-10 3.8720E-10 4.0109E-10 4.1572E-10 4.3030E-10 4.4588E-10 4.6172E-10 4.7833E-10 4.9522E-10 5.1319E-10 5.3092E-10 5.5003E-10 5.6919E-10 5.8896E-10 6.0913E-10 6.2953E-10 6.5050E-10 6.7207E-10
7.6952E-11 8.3237E-11 9.0123E-11 9.4983E-11 9.9290E-11 1.0316E-10 1.0742E-10 1.1152E-10 1.1565E-10 1.1943E-10 1.2323E-10 1.2714E-10 1.3154E-10 1.3800E-10 1.4320E-10 1.5134E-10 1.6000E-10 1.6814E-10 1.7696E-10 1.8511E-10 1.9302E-10 2.0044E-10 2.0793E-10 2.1548E-10 2.2353E-10 2.3185E-10 2.4001E-10 2.4870E-10 2.5792E-10 2.6746E-10 2.7686E-10 2.8683E-10 2.9737E-10 3.0804E-10 3.1907E-10 3.3021E-10 3.4225E-10 3.5467E-10 3.6726E-10 3.8027E-10 3.9398E-10 4.0812E-10 4.2277E-10 4.3788E-10 4.5377E-10 4.6989E-10 4.8683E-10 5.0403E-10 5.2207E-10 5.4041E-10 5.5961E-10 5.7942E-10 5.9928E-10 6.1984E-10 6.4063E-10 6.6200E-10 6.8398E-10
7.9376E-11 8.5894E-11 9.2486E-11 9.6921E-11 1.0087E-10 1.0495E-10 1.0922E-10 1.1330E-10 1.1726E-10 1.2110E-10 1.2496E-10 1.2893E-10 1.3415E-10 1.3997E-10 1.4641E-10 1.5485E-10 1.6345E-10 1.7154E-10 1.8030E-10 1.8844E-10 1.9615E-10 2.0374E-10 2.1114E-10 2.1882E-10 2.2700E-10 2.3547E-10 2.4378E-10 2.5261E-10 2.6200E-10 2.7171E-10 2.8127E-10 2.9141E-10 3.0215E-10 3.1324E-10 3.2423E-10 3.3557E-10 3.4782E-10 3.6047E-10 3.7329E-10 3.8653E-10 4.0049E-10 4.1516E-10 4.3007E-10 4.4519E-10 4.6137E-10 4.7779E-10 4.9504E-10 5.1284E-10 5.3121E-10 5.4990E-10 5.6945E-10 5.8935E-10 6.0959E-10 6.3053E-10 6.5170E-10 6.7347E-10 6.9586E-10
8.2374E-11 8.8802E-11 9.4239E-11 9.8823E-11 1.0245E-10 1.0694E-10 1.1094E-10 1.1508E-10 1.1896E-10 1.2276E-10 1.2668E-10 1.3071E-10 1.3640E-10 1.4194E-10 1.4966E-10 1.5839E-10 1.6669E-10 1.7454E-10 1.8347E-10 1.9144E-10 1.9933E-10 2.0682E-10 2.1435E-10 2.2215E-10 2.3070E-10 2.3909E-10 2.4754E-10 2.5676E-10 2.6631E-10 2.7595E-10 2.8568E-10 2.9624E-10 3.0715E-10 3.1820E-10 3.2938E-10 3.4118E-10 3.5364E-10 3.6651E-10 3.7930E-10 3.9305E-10 4.0725E-10 4.2192E-10 4.3709E-10 4.5302E-10 4.6922E-10 4.8621E-10 5.0351E-10 5.2162E-10 5.4006E-10 5.5935E-10 5.7900E-10 5.9953E-10 6.1986E-10 6.4119E-10 6.6275E-10 6.8492E-10 7.0771E-10
8.4258E-11 9.1385E-11 9.6215E-11 1.0020E-10 1.0442E-10 1.0836E-10 1.1276E-10 1.1672E-10 1.2056E-10 1.2442E-10 1.2840E-10 1.3287E-10 1.3903E-10 1.4468E-10 1.5328E-10 1.6134E-10 1.7011E-10 1.7813E-10 1.8666E-10 1.9460E-10 2.0228E-10 2.0989E-10 2.1755E-10 2.2571E-10 2.3417E-10 2.4270E-10 2.5129E-10 2.6067E-10 2.7037E-10 2.8017E-10 2.9007E-10 3.0081E-10 3.1191E-10 3.2315E-10 3.3452E-10 3.4652E-10 3.5920E-10 3.7228E-10 3.8530E-10 3.9929E-10 4.1373E-10 4.2866E-10 4.4410E-10 4.6031E-10 4.7679E-10 4.9408E-10 5.1168E-10 5.3038E-10 5.4914E-10 5.6879E-10 5.8878E-10 6.0941E-10 6.3048E-10 6.5181E-10 6.7375E-10 6.9632E-10 7.1952E-10
8.7952E-11 9.3305E-11 9.7734E-11 1.0187E-10 1.0597E-10 1.1035E-10 1.1424E-10 1.1836E-10 1.2216E-10 1.2608E-10 1.3011E-10 1.3541E-10 1.4129E-10 1.4781E-10 1.5633E-10 1.6470E-10 1.7284E-10 1.8115E-10 1.8970E-10 1.9759E-10 2.0545E-10 2.1318E-10 2.2073E-10 2.2904E-10 2.3763E-10 2.4629E-10 2.5527E-10 2.6480E-10 2.7465E-10 2.8439E-10 2.9445E-10 3.0537E-10 3.1665E-10 3.2808E-10 3.3964E-10 3.5210E-10 3.6498E-10 3.7804E-10 3.9155E-10 4.0577E-10 4.2045E-10 4.3565E-10 4.5134E-10 4.6784E-10 4.8460E-10 5.0219E-10 5.2009E-10 5.3885E-10 5.5793E-10 5.7792E-10 5.9854E-10 6.1925E-10 6.4069E-10 6.6238E-10 6.8471E-10 7.0767E-10 7.3127E-10
