Assets/Resources/2015_m01_d08_0300(utc+0800)_l00_csi_1hr_conc.grd
DSAA
         159         159
     -79.000      79.000
     -79.000      79.000
  0.0000E+00  0.2970E-05
[rows 25 to 49 of 159, columns 57 to 113 of 159]
5.5210E-09 5.6414E-09 5.7599E-09 5.8763E-09 5.9902E-09 6.1014E-09 6.2155E-09 6.3212E-09 6.4236E-09 6.5224E-09 6.6174E-09 6.7084E-09 6.7953E-09 6.8777E-09 6.9556E-09 7.0288E-09 7.0971E-09 7.1604E-09 7.2185E-09 7.2713E-09 7.3188E-09 7.3609E-09 7.3974E-09 7.4284E-09 7.4538E-09 7.4735E-09 7.4876E-09 7.4961E-09 7.4991E-09 7.4964E-09 7.4883E-09 7.4748E-09 7.4560E-09 7.4319E-09 7.4027E-09 7.3686E-09 7.3296E-09 7.2858E-09 7.2376E-09 7.1850E-09 7.1281E-09 7.0673E-09 7.0026E-09 6.9342E-09 6.8624E-09 6.7874E-09 6.7094E-09 6.6285E-09 6.5449E-09 6.4589E-09 6.3701E-09 6.2809E-09 6.1680E-09 6.0749E-09 5.9803E-09 5.8845E-09 5.7877E-09
5.6413E-09 5.7650E-09 5.8867E-09 6.0061E-09 6.1285E-09 6.2432E-09 6.3550E-09 6.4636E-09 6.5687E-09 6.6701E-09 6.7677E-09 6.8611E-09 6.9502E-09 7.0348E-09 7.1146E-09 7.1896E-09 7.2595E-09 7.3243E-09 7.3837E-09 7.4377E-09 7.4861E-09 7.5289E-09 7.5661E-09 7.5974E-09 7.6230E-09 7.6427E-09 7.6566E-09 7.6648E-09 7.6780E-09 7.6751E-09 7.6666E-09 7.6400E-09 7.6198E-09 7.5942E-09 7.5634E-09 7.5274E-09 7.4864E-09 7.4405E-09 7.3900E-09 7.3349E-09 7.2755E-09 7.2120E-09 7.1445E-09 7.0732E-09 6.9985E-09 6.9204E-09 6.8392E-09 6.7550E-09 6.6682E-09 6.5788E-09 6.4868E-09 6.3930E-09 6.2754E-09 6.1789E-09 6.0810E-09 5.9820E-09 5.8818E-09
5.7618E-09 5.8887E-09 6.0136E-09 6.1418E-09 6.2624E-09 6.3802E-09 6.4950E-09 6.6064E-09 6.7143E-09 6.8185E-09 6.9186E-09 7.0144E-09 7.1058E-09 7.1926E-09 7.2745E-09 7.3513E-09 7.4229E-09 7.4892E-09 7.5500E-09 7.6052E-09 7.6546E-09 7.6982E-09 7.7359E-09 7.7677E-09 7.7935E-09 7.8243E-09 7.8387E-09 7.8471E-09 7.8495E-09 7.8460E-09 7.8366E-09 7.8214E-09 7.8005E-09 7.7739E-09 7.7418E-09 7.6875E-09 7.6445E-09 7.5964E-09 7.5436E-09 7.4860E-09 7.4240E-09 7.3577E-09 7.2874E-09 7.2132E-09 7.1354E-09 7.0542E-09 6.9698E-09 6.8824E-09 6.7923E-09 6.6993E-09 6.6044E-09 6.5055E-09 6.3829E-09 6.2830E-09 6.1818E-09 6.0793E-09 5.9758E-09
5.8820E-09 6.0175E-09 6.1462E-09 6.2726E-09 6.3964E-09 6.5173E-09 6.6351E-09 6.7495E-09 6.8603E-09 6.9672E-09 7.0699E-09 7.1683E-09 7.2620E-09 7.3510E-09 7.4349E-09 7.5137E-09 7.5871E-09 7.6549E-09 7.7171E-09 7.7735E-09 7.8239E-09 7.8684E-09 7.9176E-09 7.9506E-09 7.9774E-09 7.9981E-09 8.0124E-09 8.0206E-09 8.0226E-09 8.0185E-09 8.0082E-09 7.9920E-09 7.9698E-09 7.9419E-09 7.9082E-09 7.8690E-09 7.8244E-09 7.7745E-09 7.7196E-09 7.6598E-09 7.5735E-09 7.5045E-09 7.4313E-09 7.3541E-09 7.2732E-09 7.1888E-09 7.1011E-09 7.0104E-09 6.9169E-09 6.8204E-09 6.7229E-09 6.6182E-09 6.4904E-09 6.3871E-09 6.2824E-09 6.1765E-09 6.0696E-09
6.0073E-09 6.1415E-09 6.2735E-09 6.4032E-09 6.5302E-09 6.6543E-09 6.7752E-09 6.8926E-09 7.0063E-09 7.1160E-09 7.2214E-09 7.3223E-09 7.4185E-09 7.5097E-09 7.5958E-09 7.6765E-09 7.7517E-09 7.8212E-09 7.8848E-09 7.9425E-09 8.0051E-09 8.0514E-09 8.0913E-09 8.1250E-09 8.1522E-09 8.1731E-09 8.1875E-09 8.1955E-09 8.1971E-09 8.1924E-09 8.1813E-09 8.1641E-09 8.1407E-09 8.1113E-09 8.0761E-09 8.0351E-09 7.9885E-09 7.9365E-09 7.8793E-09 7.8170E-09 7.7499E-09 7.6782E-09 7.6021E-09 7.5218E-09 7.4117E-09 7.3240E-09 7.2330E-09 7.1389E-09 7.0419E-09 6.9421E-09 6.8425E-09 6.7312E-09 6.5979E-09 6.4911E-09 6.3829E-09 6.2735E-09 6.1631E-09
6.1274E-09 6.2649E-09 6.4004E-09 6.5334E-09 6.6637E-09 6.7910E-09 6.9151E-09 7.0355E-09 7.1521E-09 7.2647E-09 7.3728E-09 7.4763E-09 7.5750E-09 7.6685E-09 7.7568E-09 7.8395E-09 7.9166E-09 7.9877E-09 8.0641E-09 8.1240E-09 8.1777E-09 8.2250E-09 8.2659E-09 8.3002E-09 8.3280E-09 8.3491E-09 8.3636E-09 8.3715E-09 8.3728E-09 8.3675E-09 8.3557E-09 8.3375E-09 8.3130E-09 8.2822E-09 8.2454E-09 8.2026E-09 8.1541E-09 8.0999E-09 8.0404E-09 7.9756E-09 7.9058E-09 7.8313E-09 7.7522E-09 7.6688E-09 7.5814E-09 7.4902E-09 7.3954E-09 7.2974E-09 7.1673E-09 7.0644E-09 6.9609E-09 6.8444E-09 6.7052E-09 6.5948E-09 6.4830E-09 6.3701E-09 6.2562E-09
6.2466E-09 6.3877E-09 6.5265E-09 6.6629E-09 6.7966E-09 6.9271E-09 7.0544E-09 7.1779E-09 7.2975E-09 7.4129E-09 7.5238E-09 7.6300E-09 7.7312E-09 7.8271E-09 7.9176E-09 8.0024E-09 8.0925E-09 8.1665E-09 8.2343E-09 8.2957E-09 8.3508E-09 8.3993E-09 8.4411E-09 8.4763E-09 8.5046E-09 8.5261E-09 8.5408E-09 8.5486E-09 8.5496E-09 8.5438E-09 8.5313E-09 8.5122E-09 8.4865E-09 8.4544E-09 8.4161E-09 8.3715E-09 8.3210E-09 8.2647E-09 8.2028E-09 8.1356E-09 8.0631E-09 7.9857E-09 7.9037E-09 7.8172E-09 7.7265E-09 7.6319E-09 7.5336E-09 7.4320E-09 7.3272E-09 7.2207E-09 7.1106E-09 6.9894E-09 6.8425E-09 6.6981E-09 6.5828E-09 6.4662E-09 6.3488E-09
6.3649E-09 6.5094E-09 6.6517E-09 6.7915E-09 6.9285E-09 7.0624E-09 7.1928E-09 7.3195E-09 7.4422E-09 7.5605E-09 7.6743E-09 7.7831E-09 7.8869E-09 7.9853E-09 8.0889E-09 8.1769E-09 8.2590E-09 8.3349E-09 8.4045E-09 8.4677E-09 8.5242E-09 8.5739E-09 8.6168E-09 8.6528E-09 8.6818E-09 8.7038E-09 8.7187E-09 8.7265E-09 8.7273E-09 8.7211E-09 8.7080E-09 8.6880E-09 8.6612E-09 8.6278E-09 8.5879E-09 8.5417E-09 8.4892E-09 8.4308E-09 8.3666E-09 8.2968E-09 8.2216E-09 8.1414E-09 8.0563E-09 7.9667E-09 7.8727E-09 7.7746E-09 7.6728E-09 7.5676E-09 7.4593E-09 7.3503E-09 7.2337E-09 7.1089E-09 6.9543E-09 6.8351E-09 6.7145E-09 6.5927E-09 6.4700E-09
6.4818E-09 6.6299E-09 6.7757E-09 6.9189E-09 7.0593E-09 7.1965E-09 7.3302E-09 7.4601E-09 7.5858E-09 7.7071E-09 7.8237E-09 7.9354E-09 8.0521E-09 8.1541E-09 8.2504E-09 8.3409E-09 8.4252E-09 8.5032E-09 8.5747E-09 8.6396E-09 8.6976E-09 8.7487E-09 8.7928E-09 8.8297E-09 8.8594E-09 8.8819E-09 8.8971E-09 8.9051E-09 8.9058E-09 8.8992E-09 8.8855E-09 8.8647E-09 8.8369E-09 8.8022E-09 8.7609E-09 8.7129E-09 8.6586E-09 8.5980E-09 8.5315E-09 8.4592E-09 8.3814E-09 8.2983E-09 8.2101E-09 8.1173E-09 8.0199E-09 7.9184E-09 7.8130E-09 7.7041E-09 7.5925E-09 7.4819E-09 7.3576E-09 7.2304E-09 7.0663E-09 6.9431E-09 6.8185E-09 6.6928E-09 6.5661E-09
6.5972E-09 6.7488E-09 6.8981E-09 7.0448E-09 7.1886E-09 7.3292E-09 7.4662E-09 7.5992E-09 7.7281E-09 7.8525E-09 7.9720E-09 8.0973E-09 8.2076E-09 8.3123E-09 8.4113E-09 8.5042E-09 8.5908E-09 8.6710E-09 8.7445E-09 8.8112E-09 8.8708E-09 8.9234E-09 8.9687E-09 9.0067E-09 9.0373E-09 9.0604E-09 9.0760E-09 9.0841E-09 9.0848E-09 9.0779E-09 9.0637E-09 9.0422E-09 9.0134E-09 8.9776E-09 8.9348E-09 8.8852E-09 8.8289E-09 8.7663E-09 8.6975E-09 8.6227E-09 8.5422E-09 8.4562E-09 8.3650E-09 8.2689E-09 8.1682E-09 8.0632E-09 7.9542E-09 7.8415E-09 7.7271E-09 7.6145E-09 7.4825E-09 7.3510E-09 7.1784E-09 7.0512E-09 6.9226E-09 6.7928E-09 6.6621E-09
6.7108E-09 6.8660E-09 7.0188E-09 7.1690E-09 7.3162E-09 7.4601E-09 7.6004E-09 7.7368E-09 7.8688E-09 7.9962E-09 8.1300E-09 8.2486E-09 8.3619E-09 8.4694E-09 8.5711E-09 8.6665E-09 8.7556E-09 8.8380E-09 8.9136E-09 8.9822E-09 9.0436E-09 9.0977E-09 9.1444E-09 9.1835E-09 9.2151E-09 9.2389E-09 9.2550E-09 9.2634E-09 9.2641E-09 9.2571E-09 9.2425E-09 9.2203E-09 9.1906E-09 9.1536E-09 9.1095E-09 9.0583E-09 9.0002E-09 8.9356E-09 8.8645E-09 8.7872E-09 8.7040E-09 8.6151E-09 8.5209E-09 8.4216E-09 8.3175E-09 8.2089E-09 8.0962E-09 7.9801E-09 7.8631E-09 7.7444E-09 7.6087E-09 7.4661E-09 7.2906E-09 7.1593E-09 7.0265E-09 6.8926E-09 6.7578E-09
6.8224E-09 6.9810E-09 7.1374E-09 7.2910E-09 7.4417E-09 7.5891E-09 7.7327E-09 7.8723E-09 8.0179E-09 8.1497E-09 8.2766E-09 8.3984E-09 8.5146E-09 8.6251E-09 8.7295E-09 8.8276E-09 8.9192E-09 9.0040E-09 9.0818E-09 9.1524E-09 9.2157E-09 9.2714E-09 9.3196E-09 9.3600E-09 9.3925E-09 9.4172E-09 9.4340E-09 9.4428E-09 9.4436E-09 9.4365E-09 9.4216E-09 9.3988E-09 9.3683E-09 9.3303E-09 9.2848E-09 9.2321E-09 9.1723E-09 9.1056E-09 9.0323E-09 8.9526E-09 8.8667E-09 8.7750E-09 8.6777E-09 8.5751E-09 8.4676E-09 8.3555E-09 8.2390E-09 8.1198E-09 8.0010E-09 7.8754E-09 7.7365E-09 7.5810E-09 7.4028E-09 7.2673E-09 7.1303E-09 6.9922E-09 6.8533E-09
6.9315E-09 7.0937E-09 7.2536E-09 7.4107E-09 7.5649E-09 7.7156E-09 7.8626E-09 8.0161E-09 8.1559E-09 8.2911E-09 8.4213E-09 8.5463E-09 8.6656E-09 8.7790E-09 8.8863E-09 8.9872E-09 9.0813E-09 9.1686E-09 9.2487E-09 9.3214E-09 9.3867E-09 9.4442E-09 9.4940E-09 9.5357E-09 9.5695E-09 9.5951E-09 9.6126E-09 9.6219E-09 9.6230E-09 9.6160E-09 9.6008E-09 9.5776E-09 9.5464E-09 9.5074E-09 9.4607E-09 9.4065E-09 9.3450E-09 9.2764E-09 9.2008E-09 9.1187E-09 9.0302E-09 8.9356E-09 8.8352E-09 8.7294E-09 8.6185E-09 8.5028E-09 8.3826E-09 8.2607E-09 8.1411E-09 8.0074E-09 7.8672E-09 7.6529E-09 7.5149E-09 7.3751E-09 7.2339E-09 7.0915E-09 6.9483E-09
7.0379E-09 7.2037E-09 7.3671E-09 7.5278E-09 7.6854E-09 7.8395E-09 8.0007E-09 8.1483E-09 8.2916E-09 8.4302E-09 8.5638E-09 8.6919E-09 8.8144E-09 8.9309E-09 9.0412E-09 9.1449E-09 9.2417E-09 9.3315E-09 9.4141E-09 9.4891E-09 9.5564E-09 9.6158E-09 9.6673E-09 9.7106E-09 9.7456E-09 9.7724E-09 9.7907E-09 9.8006E-09 9.8021E-09 9.7952E-09 9.7799E-09 9.7564E-09 9.7246E-09 9.6847E-09 9.6369E-09 9.5813E-09 9.5182E-09 9.4476E-09 9.3700E-09 9.2855E-09 9.1944E-09 9.0969E-09 8.9935E-09 8.8845E-09 8.7701E-09 8.6508E-09 8.5269E-09 8.4030E-09 8.2849E-09 8.1408E-09 8.0026E-09 7.7691E-09 7.6268E-09 7.4827E-09 7.3371E-09 7.1904E-09 7.0429E-09
7.1414E-09 7.3107E-09 7.4776E-09 7.6418E-09 7.8029E-09 7.9713E-09 8.1266E-09 8.2778E-09 8.4246E-09 8.5666E-09 8.7036E-09 8.8351E-09 8.9608E-09 9.0805E-09 9.1937E-09 9.3004E-09 9.4000E-09 9.4925E-09 9.5776E-09 9.6550E-09 9.7245E-09 9.7860E-09 9.8393E-09 9.8842E-09 9.9207E-09 9.9486E-09 9.9680E-09 9.9787E-09 9.9807E-09 9.9740E-09 9.9588E-09 9.9350E-09 9.9027E-09 9.8621E-09 9.8132E-09 9.7563E-09 9.6916E-09 9.6193E-09 9.5396E-09 9.4527E-09 9.3591E-09 9.2589E-09 9.1524E-09 9.0402E-09 8.9224E-09 8.7994E-09 8.6725E-09 8.5469E-09 8.4231E-09 8.2759E-09 8.1244E-09 7.8852E-09 7.7385E-09 7.5900E-09 7.4400E-09 7.2889E-09 7.1370E-09
7.2417E-09 7.4144E-09 7.5848E-09 7.7525E-09 7.9279E-09 8.0905E-09 8.2493E-09 8.4041E-09 8.5545E-09 8.7000E-09 8.8404E-09 8.9753E-09 9.1044E-09 9.2273E-09 9.3437E-09 9.4533E-09 9.5559E-09 9.6512E-09 9.7389E-09 9.8188E-09 9.8906E-09 9.9543E-09 1.0010E-08 1.0056E-08 1.0094E-08 1.0124E-08 1.0144E-08 1.0156E-08 1.0158E-08 1.0152E-08 1.0137E-08 1.0113E-08 1.0080E-08 1.0039E-08 9.9895E-09 9.9314E-09 9.8652E-09 9.7912E-09 9.7094E-09 9.6203E-09 9.5241E-09 9.4212E-09 9.3118E-09 9.1963E-09 9.0751E-09 8.9485E-09 8.8193E-09 8.6927E-09 8.5625E-09 8.4135E-09 8.2457E-09 8.0010E-09 7.8499E-09 7.6969E-09 7.5425E-09 7.3869E-09 7.2305E-09
7.3384E-09 7.5146E-09 7.6885E-09 7.8704E-09 8.0399E-09 8.2062E-09 8.3687E-09 8.5271E-09 8.6810E-09 8.8301E-09 8.9740E-09 9.1123E-09 9.2448E-09 9.3710E-09 9.4906E-09 9.6034E-09 9.7090E-09 9.8072E-09 9.8977E-09 9.9802E-09 1.0055E-08 1.0120E-08 1.0178E-08 1.0227E-08 1.0266E-08 1.0297E-08 1.0319E-08 1.0332E-08 1.0335E-08 1.0329E-08 1.0315E-08 1.0291E-08 1.0258E-08 1.0216E-08 1.0165E-08 1.0106E-08 1.0039E-08 9.9630E-09 9.8794E-09 9.7881E-09 9.6895E-09 9.5838E-09 9.4714E-09 9.3527E-09 9.2281E-09 9.0979E-09 8.9671E-09 8.8410E-09 8.7032E-09 8.5551E-09 8.3665E-09 8.1164E-09 7.9608E-09 7.8033E-09 7.6443E-09 7.4842E-09 7.3233E-09
7.4313E-09 7.6109E-09 7.7988E-09 7.9750E-09 8.1482E-09 8.3180E-09 8.4842E-09 8.6462E-09 8.8038E-09 8.9565E-09 9.1039E-09 9.2458E-09 9.3817E-09 9.5113E-09 9.6343E-09 9.7503E-09 9.8590E-09 9.9602E-09 1.0054E-08 1.0139E-08 1.0216E-08 1.0284E-08 1.0344E-08 1.0395E-08 1.0436E-08 1.0469E-08 1.0492E-08 1.0506E-08 1.0510E-08 1.0505E-08 1.0491E-08 1.0467E-08 1.0434E-08 1.0392E-08 1.0341E-08 1.0337E-08 1.0272E-08 1.0198E-08 1.0115E-08 1.0025E-08 9.9256E-09 9.8189E-09 9.7047E-09 9.5834E-09 9.4553E-09 9.3209E-09 9.1885E-09 9.0639E-09 8.8458E-09 8.7055E-09 8.4866E-09 8.2313E-09 8.0712E-09 7.9091E-09 7.7455E-09 7.5807E-09 7.4152E-09
7.5200E-09 7.7134E-09 7.8957E-09 8.0755E-09 8.2523E-09 8.4258E-09 8.5956E-09 8.7613E-09 8.9225E-09 9.0789E-09 9.2299E-09 9.3754E-09 9.5148E-09 9.6479E-09 9.7742E-09 9.8936E-09 1.0006E-08 1.0110E-08 1.0206E-08 1.0294E-08 1.0374E-08 1.0445E-08 1.0507E-08 1.0560E-08 1.0604E-08 1.0638E-08 1.0663E-08 1.0678E-08 1.0684E-08 1.0680E-08 1.0666E-08 1.0643E-08 1.0669E-08 1.0631E-08 1.0585E-08 1.0529E-08 1.0463E-08 1.0389E-08 1.0306E-08 1.0214E-08 1.0113E-08 1.0004E-08 9.8875E-09 9.7633E-09 9.6318E-09 9.4946E-09 9.3618E-09 9.2360E-09 9.0804E-09 8.9301E-09 8.6059E-09 8.3455E-09 8.1808E-09 8.0141E-09 7.8459E-09 7.6764E-09 7.5063E-09
7.6145E-09 7.8024E-09 7.9882E-09 8.1715E-09 8.3520E-09 8.5291E-09 8.7026E-09 8.8720E-09 9.0369E-09 9.1968E-09 9.3516E-09 9.5006E-09 9.6437E-09 9.7803E-09 9.9101E-09 1.0033E-08 1.0148E-08 1.0256E-08 1.0355E-08 1.0447E-08 1.0529E-08 1.0603E-08 1.0667E-08 1.0723E-08 1.0769E-08 1.0805E-08 1.0832E-08 1.0848E-08 1.0855E-08 1.0909E-08 1.0903E-08 1.0886E-08 1.0860E-08 1.0825E-08 1.0779E-08 1.0724E-08 1.0659E-08 1.0585E-08 1.0501E-08 1.0408E-08 1.0306E-08 1.0196E-08 1.0076E-08 9.9494E-09 9.8146E-09 9.6762E-09 9.5432E-09 9.4117E-09 9.2560E-09 9.0876E-09 8.8320E-09 8.4590E-09 8.2897E-09 8.1183E-09 7.9453E-09 7.7712E-09 7.5963E-09
7.6953E-09 7.8867E-09 8.0760E-09 8.2629E-09 8.4469E-09 8.6277E-09 8.8048E-09 8.9779E-09 9.1464E-09 9.3101E-09 9.4685E-09 9.6213E-09 9.7680E-09 9.9082E-09 1.0042E-08 1.0168E-08 1.0287E-08 1.0398E-08 1.0500E-08 1.0595E-08 1.0680E-08 1.0757E-08 1.0824E-08 1.0882E-08 1.0931E-08 1.0969E-08 1.0998E-08 1.1074E-08 1.1090E-08 1.1096E-08 1.1093E-08 1.1079E-08 1.1055E-08 1.1022E-08 1.0978E-08 1.0924E-08 1.0860E-08 1.0786E-08 1.0703E-08 1.0609E-08 1.0506E-08 1.0394E-08 1.0273E-08 1.0143E-08 1.0005E-08 9.8662E-09 9.7348E-09 9.5966E-09 9.4444E-09 9.2518E-09 8.9821E-09 8.7033E-09 8.3975E-09 8.2214E-09 8.0437E-09 7.8648E-09 7.6851E-09
7.7713E-09 7.9661E-09 8.1588E-09 8.3492E-09 8.5368E-09 8.7212E-09 8.9019E-09 9.0787E-09 9.2509E-09 9.4183E-09 9.5804E-09 9.7369E-09 9.8873E-09 1.0031E-08 1.0168E-08 1.0298E-08 1.0421E-08 1.0535E-08 1.0641E-08 1.0739E-08 1.0827E-08 1.0907E-08 1.0977E-08 1.1038E-08 1.1089E-08 1.1187E-08 1.1226E-08 1.1255E-08 1.1275E-08 1.1285E-08 1.1285E-08 1.1274E-08 1.1254E-08 1.1223E-08 1.1182E-08 1.1130E-08 1.1067E-08 1.0995E-08 1.0911E-08 1.0818E-08 1.0714E-08 1.0601E-08 1.0478E-08 1.0345E-08 1.0204E-08 1.0067E-08 9.9399E-09 9.7928E-09 9.6526E-09 9.4242E-09 9.0378E-09 8.8523E-09 8.6633E-09 8.3232E-09 8.1407E-09 7.9570E-09 7.7726E-09
7.8421E-09 8.0402E-09 8.2364E-09 8.4302E-09 8.6213E-09 8.8093E-09 8.9936E-09 9.1740E-09 9.3500E-09 9.5211E-09 9.6870E-09 9.8472E-09 1.0001E-08 1.0149E-08 1.0290E-08 1.0423E-08 1.0549E-08 1.0667E-08 1.0777E-08 1.0878E-08 1.0970E-08 1.1053E-08 1.1126E-08 1.1244E-08 1.1306E-08 1.1359E-08 1.1403E-08 1.1437E-08 1.1461E-08 1.1476E-08 1.1480E-08 1.1474E-08 1.1457E-08 1.1430E-08 1.1391E-08 1.1342E-08 1.1282E-08 1.1211E-08 1.1129E-08 1.1036E-08 1.0932E-08 1.0818E-08 1.0693E-08 1.0558E-08 1.0414E-08 1.0279E-08 1.0158E-08 1.0003E-08 9.8735E-09 9.6065E-09 9.2019E-09 9.0091E-09 8.8126E-09 8.6132E-09 8.4116E-09 8.0478E-09 7.8586E-09
7.9075E-09 8.1088E-09 8.3083E-09 8.5056E-09 8.7001E-09 8.8916E-09 9.0796E-09 9.2636E-09 9.4432E-09 9.6181E-09 9.7877E-09 9.9517E-09 1.0110E-08 1.0261E-08 1.0406E-08 1.0543E-08 1.0673E-08 1.0794E-08 1.0908E-08 1.1012E-08 1.1108E-08 1.1194E-08 1.1328E-08 1.1405E-08 1.1473E-08 1.1531E-08 1.1580E-08 1.1620E-08 1.1650E-08 1.1669E-08 1.1678E-08 1.1677E-08 1.1665E-08 1.1642E-08 1.1608E-08 1.1563E-08 1.1506E-08 1.1437E-08 1.1357E-08 1.1265E-08 1.1162E-08 1.1047E-08 1.0921E-08 1.0783E-08 1.0640E-08 1.0507E-08 1.0382E-08 1.0230E-08 1.0086E-08 9.8012E-09 9.5367E-09 9.3255E-09 9.1098E-09 8.7625E-09 8.5523E-09 8.3406E-09 7.9428E-09
7.9672E-09 8.1717E-09 8.3744E-09 8.5750E-09 8.7730E-09 8.9679E-09 9.1594E-09 9.3471E-09 9.5304E-09 9.7090E-09 9.8824E-09 1.0050E-08 1.0212E-08 1.0367E-08 1.0516E-08 1.0657E-08 1.0790E-08 1.0916E-08 1.1033E-08 1.1141E-08 1.1240E-08 1.1391E-08 1.1482E-08 1.1565E-08 1.1638E-08 1.1703E-08 1.1758E-08 1.1804E-08 1.1840E-08 1.1866E-08 1.1881E-08 1.1886E-08 1.1880E-08 1.1863E-08 1.1834E-08 1.1793E-08 1.1740E-08 1.1756E-08 1.1685E-08 1.1602E-08 1.1505E-08 1.1394E-08 1.1271E-08 1.1134E-08 1.0995E-08 1.0865E-08 1.0736E-08 1.0480E-08 1.0314E-08 1.0012E-08 9.7632E-09 9.5407E-09 9.3132E-09 9.0820E-09 8.8482E-09 8.6131E-09 8.3778E-09
