Assets/Resources/2015_m01_d07_0000(utc+0800)_l00_csi_1hr_conc.grd
DSAA
         159         159
     -79.000      79.000
     -79.000      79.000
  0.0000E+00  0.5619E-04
[rows 50 to 74 of 159, columns 0 to 56 of 159]
0.0000E+00 0.0000E+00 0.0000E+00 0.0000E+00 0.0000E+00 0.0000E+00 0.0000E+00 0.0000E+00 0.0000E+00 0.0000E+00 0.0000E+00 0.0000E+00 0.0000E+00 0.0000E+00 0.0000E+00 0.0000E+00 0.0000E+00 0.0000E+00 4.3562E-12 1.3666E-11 3.1560E-11 6.8868E-11 7.7310E-11 8.6657E-11 1.0076E-10 1.1702E-10 1.3581E-10 1.6349E-10 1.8508E-10 2.0878E-10 2.8118E-10 3.2045E-10 3.7205E-10 4.2396E-10 4.8250E-10 5.4850E-10 6.2945E-10 7.1451E-10 8.0991E-10 9.2323E-10 1.0441E-09 1.1788E-09 1.3285E-09 1.5025E-09 1.6880E-09 1.8925E-09 2.1249E-09 2.3733E-09 2.6449E-09 2.9406E-09 3.2761E-09 3.6323E-09 4.0377E-09 4.5271E-09 5.0093E-09 5.5301E-09 6.3117E-09
0.0000E+00 0.0000E+00 0.0000E+00 0.0000E+00 0.0000E+00 0.0000E+00 0.0000E+00 0.0000E+00 0.0000E+00 0.0000E+00 0.0000E+00 0.0000E+00 0.0000E+00 0.0000E+00 0.0000E+00 0.0000E+00 0.0000E+00 0.0000E+00 0.0000E+00 8.9500E-12 2.4582E-11 5.3895E-11 7.3929E-11 8.2888E-11 9.2791E-11 1.1208E-10 1.3017E-10 1.5639E-10 1.7735E-10 2.0066E-10 2.7084E-10 3.0931E-10 3.5899E-10 4.0990E-10 4.6676E-10 5.3088E-10 6.0978E-10 6.9256E-10 7.8543E-10 8.9605E-10 1.0139E-09 1.1453E-09 1.2914E-09 1.4617E-09 1.6430E-09 1.8430E-09 2.0709E-09 2.3142E-09 2.5804E-09 2.8705E-09 3.2003E-09 3.5503E-09 3.9515E-09 4.4446E-09 4.9251E-09 5.6260E-09 6.2564E-09
0.0000E+00 0.0000E+00 0.0000E+00 0.0000E+00 0.0000E+00 0.0000E+00 0.0000E+00 0.0000E+00 0.0000E+00 0.0000E+00 0.0000E+00 0.0000E+00 0.0000E+00 0.0000E+00 0.0000E+00 0.0000E+00 0.0000E+00 0.0000E+00 0.0000E+00 5.8489E-12 1.2356E-11 4.8798E-11 6.8912E-11 7.9148E-11 8.8625E-11 1.0327E-10 1.2453E-10 1.4939E-10 1.6935E-10 1.9233E-10 2.6000E-10 2.9771E-10 3.4554E-10 3.9518E-10 4.5033E-10 5.1244E-10 5.8909E-10 6.6938E-10 7.5950E-10 8.6713E-10 9.8167E-10 1.1094E-09 1.2515E-09 1.4176E-09 1.5942E-09 1.7890E-09 2.0116E-09 2.2492E-09 2.5091E-09 2.7926E-09 3.1152E-09 3.4704E-09 3.8846E-09 4.3474E-09 4.8247E-09 5.5458E-09 6.1828E-09
0.0000E+00 0.0000E+00 0.0000E+00 0.0000E+00 0.0000E+00 0.0000E+00 0.0000E+00 0.0000E+00 0.0000E+00 0.0000E+00 0.0000E+00 0.0000E+00 0.0000E+00 0.0000E+00 0.0000E+00 0.0000E+00 0.0000E+00 0.0000E+00 0.0000E+00 0.0000E+00 7.5792E-12 3.9218E-11 5.7826E-11 7.3758E-11 8.4501E-11 9.8516E-11 1.1477E-10 1.4228E-10 1.6177E-10 1.8352E-10 2.4937E-10 2.8522E-10 3.3195E-10 3.7941E-10 4.3330E-10 4.9328E-10 5.6749E-10 6.4512E-10 7.3229E-10 8.3664E-10 9.4757E-10 1.0713E-09 1.2157E-09 1.3704E-09 1.5418E-09 1.7310E-09 1.9477E-09 2.1786E-09 2.4315E-09 2.7144E-09 3.0213E-09 3.3691E-09 3.7786E-09 4.2390E-09 4.7098E-09 5.4491E-09 6.0904E-09
0.0000E+00 0.0000E+00 0.0000E+00 0.0000E+00 0.0000E+00 0.0000E+00 0.0000E+00 0.0000E+00 0.0000E+00 0.0000E+00 0.0000E+00 0.0000E+00 0.0000E+00 0.0000E+00 0.0000E+00 0.0000E+00 0.0000E+00 0.0000E+00 0.0000E+00 0.0000E+00 5.8403E-12 2.0986E-11 5.2351E-11 6.5023E-11 7.8717E-11 9.3809E-11 1.0934E-10 1.3087E-10 1.5388E-10 1.7446E-10 2.3747E-10 2.7264E-10 3.1665E-10 3.6335E-10 4.1532E-10 4.7351E-10 5.4512E-10 6.1993E-10 7.0396E-10 8.0479E-10 9.1185E-10 1.0313E-09 1.1710E-09 1.3206E-09 1.4863E-09 1.6693E-09 1.8794E-09 2.1031E-09 2.3483E-09 2.6230E-09 2.9211E-09 3.2571E-09 3.6893E-09 4.1154E-09 4.5818E-09 5.3359E-09 5.9791E-09
0.0000E+00 0.0000E+00 0.0000E+00 0.0000E+00 0.0000E+00 0.0000E+00 0.0000E+00 0.0000E+00 0.0000E+00 0.0000E+00 0.0000E+00 0.0000E+00 0.0000E+00 0.0000E+00 0.0000E+00 0.0000E+00 0.0000E+00 0.0000E+00 0.0000E+00 0.0000E+00 0.0000E+00 7.5124E-12 4.3679E-11 5.9251E-11 6.9551E-11 8.3763E-11 1.0397E-10 1.2394E-10 1.4591E-10 1.6596E-10 1.9271E-10 2.5959E-10 3.0229E-10 3.4669E-10 3.9664E-10 4.5311E-10 5.2212E-10 5.9397E-10 6.7471E-10 7.7179E-10 8.7475E-10 9.8970E-10 1.1243E-09 1.2684E-09 1.4280E-09 1.6044E-09 1.8074E-09 2.0233E-09 2.2599E-09 2.5236E-09 2.8136E-09 3.1388E-09 3.5659E-09 3.9804E-09 4.6323E-09 5.2064E-09 5.8486E-09
0.0000E+00 0.0000E+00 0.0000E+00 0.0000E+00 0.0000E+00 0.0000E+00 0.0000E+00 0.0000E+00 0.0000E+00 0.0000E+00 0.0000E+00 0.0000E+00 0.0000E+00 0.0000E+00 0.0000E+00 0.0000E+00 0.0000E+00 0.0000E+00 0.0000E+00 0.0000E+00 0.0000E+00 4.4173E-12 4.0292E-11 5.3636E-11 6.3402E-11 7.4156E-11 9.8675E-11 1.1713E-10 1.3816E-10 1.5693E-10 1.8212E-10 2.4659E-10 2.8703E-10 3.2992E-10 3.7779E-10 4.3170E-10 4.9863E-10 5.6741E-10 6.4472E-10 7.3785E-10 8.3653E-10 9.4673E-10 1.0760E-09 1.2142E-09 1.3675E-09 1.5368E-09 1.7321E-09 1.9397E-09 2.1673E-09 2.4204E-09 2.6993E-09 3.0462E-09 3.4316E-09 3.8371E-09 4.4895E-09 5.0601E-09 5.6992E-09
0.0000E+00 0.0000E+00 0.0000E+00 0.0000E+00 0.0000E+00 0.0000E+00 0.0000E+00 0.0000E+00 0.0000E+00 0.0000E+00 0.0000E+00 0.0000E+00 0.0000E+00 0.0000E+00 0.0000E+00 0.0000E+00 0.0000E+00 0.0000E+00 0.0000E+00 0.0000E+00 0.0000E+00 0.0000E+00 6.0454E-12 4.8438E-11 5.7427E-11 6.7618E-11 8.2747E-11 1.1076E-10 1.3030E-10 1.4819E-10 1.7145E-10 2.3277E-10 2.7154E-10 3.1179E-10 3.5850E-10 4.1032E-10 4.7461E-10 5.4041E-10 6.1418E-10 7.0321E-10 7.9745E-10 9.0271E-10 1.0264E-09 1.1586E-09 1.3051E-09 1.4671E-09 1.6543E-09 1.8530E-09 2.0710E-09 2.3132E-09 2.5799E-09 2.9161E-09 3.2889E-09 3.6840E-09 4.3370E-09 4.8992E-09 5.5314E-09
0.0000E+00 0.0000E+00 0.0000E+00 0.0000E+00 0.0000E+00 0.0000E+00 0.0000E+00 0.0000E+00 0.0000E+00 0.0000E+00 0.0000E+00 0.0000E+00 0.0000E+00 0.0000E+00 0.0000E+00 0.0000E+00 0.0000E+00 0.0000E+00 0.0000E+00 0.0000E+00 0.0000E+00 0.0000E+00 2.8793E-12 4.4673E-11 5.3218E-11 6.1270E-11 7.5591E-11 9.5177E-11 1.2034E-10 1.3982E-10 1.6112E-10 2.1977E-10 2.5515E-10 2.9495E-10 3.3903E-10 3.8859E-10 4.4967E-10 5.1315E-10 5.8330E-10 6.6810E-10 7.5777E-10 8.5797E-10 9.7590E-10 1.1018E-09 1.2414E-09 1.3957E-09 1.5744E-09 1.7640E-09 1.9719E-09 2.2018E-09 2.4581E-09 2.7812E-09 3.1435E-09 3.5207E-09 4.1695E-09 4.7203E-09 5.3451E-09
0.0000E+00 0.0000E+00 0.0000E+00 0.0000E+00 0.0000E+00 0.0000E+00 0.0000E+00 0.0000E+00 0.0000E+00 0.0000E+00 0.0000E+00 0.0000E+00 0.0000E+00 0.0000E+00 0.0000E+00 0.0000E+00 0.0000E+00 0.0000E+00 0.0000E+00 0.0000E+00 0.0000E+00 0.0000E+00 0.0000E+00 2.8704E-11 4.7816E-11 5.6734E-11 6.5140E-11 8.4534E-11 1.0507E-10 1.3125E-10 1.5047E-10 1.7299E-10 2.3861E-10 2.7356E-10 3.1851E-10 3.6660E-10 4.2436E-10 4.8557E-10 5.5226E-10 6.3263E-10 7.1777E-10 8.1279E-10 9.2467E-10 1.0442E-09 1.1767E-09 1.3232E-09 1.4931E-09 1.6732E-09 1.8709E-09 2.0877E-09 2.3321E-09 2.6404E-09 2.9907E-09 3.3508E-09 3.9918E-09 4.5268E-09 5.1404E-09
0.0000E+00 0.0000E+00 0.0000E+00 0.0000E+00 0.0000E+00 0.0000E+00 0.0000E+00 0.0000E+00 0.0000E+00 0.0000E+00 0.0000E+00 0.0000E+00 0.0000E+00 0.0000E+00 0.0000E+00 0.0000E+00 0.0000E+00 0.0000E+00 0.0000E+00 0.0000E+00 0.0000E+00 0.0000E+00 0.0000E+00 1.4359E-12 4.3895E-11 5.2353E-11 6.0263E-11 7.5780E-11 9.3645E-11 1.1835E-10 1.4051E-10 1.6102E-10 2.2255E-10 2.5591E-10 2.9925E-10 3.4374E-10 3.9943E-10 4.5690E-10 5.2126E-10 5.9693E-10 6.7755E-10 7.6748E-10 8.7301E-10 9.8633E-10 1.1116E-09 1.2502E-09 1.4110E-09 1.5815E-09 1.7685E-09 1.9738E-09 2.2053E-09 2.4953E-09 2.8277E-09 3.1763E-09 3.7989E-09 4.3212E-09 4.9190E-09
0.0000E+00 0.0000E+00 0.0000E+00 0.0000E+00 0.0000E+00 0.0000E+00 0.0000E+00 0.0000E+00 0.0000E+00 0.0000E+00 0.0000E+00 0.0000E+00 0.0000E+00 0.0000E+00 0.0000E+00 0.0000E+00 0.0000E+00 0.0000E+00 0.0000E+00 0.0000E+00 0.0000E+00 0.0000E+00 0.0000E+00 0.0000E+00 2.9065E-11 4.8133E-11 5.5561E-11 6.8609E-11 8.4200E-11 1.0386E-10 1.2668E-10 1.4676E-10 2.0691E-10 2.3911E-10 2.7916E-10 3.2173E-10 3.7389E-10 4.2804E-10 4.9017E-10 5.6131E-10 6.3726E-10 7.2224E-10 8.2132E-10 9.2837E-10 1.0465E-09 1.1770E-09 1.3286E-09 1.4894E-09 1.6657E-09 1.8560E-09 2.0711E-09 2.3471E-09 2.6630E-09 2.9946E-09 3.5969E-09 4.1017E-09 4.6765E-09
0.0000E+00 0.0000E+00 0.0000E+00 0.0000E+00 0.0000E+00 0.0000E+00 0.0000E+00 0.0000E+00 0.0000E+00 0.0000E+00 0.0000E+00 0.0000E+00 0.0000E+00 0.0000E+00 0.0000E+00 0.0000E+00 0.0000E+00 0.0000E+00 0.0000E+00 0.0000E+00 0.0000E+00 0.0000E+00 0.0000E+00 0.0000E+00 4.4560E-12 4.0359E-11 5.1036E-11 5.8744E-11 7.6456E-11 9.3300E-11 1.1238E-10 1.3424E-10 1.5769E-10 2.2299E-10 2.5924E-10 3.0013E-10 3.4795E-10 4.0091E-10 4.5787E-10 5.2567E-10 5.9725E-10 6.7695E-10 7.7019E-10 8.7021E-10 9.8132E-10 1.1043E-09 1.2459E-09 1.3955E-09 1.5583E-09 1.7365E-09 1.9340E-09 2.1914E-09 2.4888E-09 2.7986E-09 3.3781E-09 3.8527E-09 4.4118E-09
0.0000E+00 0.0000E+00 0.0000E+00 0.0000E+00 0.0000E+00 0.0000E+00 0.0000E+00 0.0000E+00 0.0000E+00 0.0000E+00 0.0000E+00 0.0000E+00 0.0000E+00 0.0000E+00 0.0000E+00 0.0000E+00 0.0000E+00 0.0000E+00 0.0000E+00 0.0000E+00 0.0000E+00 0.0000E+00 0.0000E+00 0.0000E+00 0.0000E+00 2.8899E-11 4.6692E-11 5.3907E-11 6.6930E-11 8.4782E-11 1.0452E-10 1.1918E-10 1.4382E-10 2.0468E-10 2.3844E-10 2.7828E-10 3.2357E-10 3.6863E-10 4.2636E-10 4.8967E-10 5.5318E-10 6.3250E-10 7.1911E-10 8.1304E-10 9.1687E-10 1.0305E-09 1.1607E-09 1.2991E-09 1.4514E-09 1.6178E-09 1.7995E-09 2.0328E-09 2.3136E-09 2.5998E-09 3.1511E-09 3.6035E-09 4.1382E-09
0.0000E+00 0.0000E+00 0.0000E+00 0.0000E+00 0.0000E+00 0.0000E+00 0.0000E+00 0.0000E+00 0.0000E+00 0.0000E+00 0.0000E+00 0.0000E+00 0.0000E+00 0.0000E+00 0.0000E+00 0.0000E+00 0.0000E+00 0.0000E+00 0.0000E+00 0.0000E+00 0.0000E+00 0.0000E+00 0.0000E+00 0.0000E+00 0.0000E+00 8.7567E-12 3.7353E-11 4.9271E-11 5.6722E-11 7.4297E-11 9.3747E-11 1.1107E-10 1.2679E-10 1.8404E-10 2.1904E-10 2.5677E-10 2.9854E-10 3.4119E-10 3.9534E-10 4.5400E-10 5.1474E-10 5.8877E-10 6.6908E-10 7.5593E-10 8.5042E-10 9.5511E-10 1.0754E-09 1.2043E-09 1.3457E-09 1.5009E-09 1.6691E-09 1.8839E-09 2.1360E-09 2.4031E-09 2.9276E-09 3.3578E-09 3.8610E-09
0.0000E+00 0.0000E+00 0.0000E+00 0.0000E+00 0.0000E+00 0.0000E+00 0.0000E+00 0.0000E+00 0.0000E+00 0.0000E+00 0.0000E+00 0.0000E+00 0.0000E+00 0.0000E+00 0.0000E+00 0.0000E+00 0.0000E+00 0.0000E+00 0.0000E+00 0.0000E+00 0.0000E+00 0.0000E+00 0.0000E+00 0.0000E+00 0.0000E+00 0.0000E+00 2.4960E-11 4.4837E-11 5.1789E-11 6.3214E-11 8.2182E-11 9.9054E-11 1.1705E-10 1.3446E-10 1.9631E-10 2.3298E-10 2.7468E-10 3.1496E-10 3.6466E-10 4.1902E-10 4.7644E-10 5.4527E-10 6.1739E-10 6.9658E-10 7.8468E-10 8.8164E-10 9.9178E-10 1.1117E-09 1.2421E-09 1.3838E-09 1.5384E-09 1.7367E-09 1.9724E-09 2.2229E-09 2.7178E-09 3.1209E-09 3.5937E-09
0.0000E+00 0.0000E+00 0.0000E+00 0.0000E+00 0.0000E+00 0.0000E+00 0.0000E+00 0.0000E+00 0.0000E+00 0.0000E+00 0.0000E+00 0.0000E+00 0.0000E+00 0.0000E+00 0.0000E+00 0.0000E+00 0.0000E+00 0.0000E+00 0.0000E+00 0.0000E+00 0.0000E+00 0.0000E+00 0.0000E+00 0.0000E+00 0.0000E+00 0.0000E+00 8.7554E-12 3.1732E-11 4.7078E-11 5.4222E-11 7.1469E-11 9.1000E-11 1.0588E-10 1.2346E-10 1.7701E-10 2.0879E-10 2.4866E-10 2.8758E-10 3.3222E-10 3.8454E-10 4.3758E-10 4.9626E-10 5.6594E-10 6.3915E-10 7.1602E-10 8.1025E-10 9.1132E-10 1.0147E-09 1.1390E-09 1.2689E-09 1.4132E-09 1.6023E-09 1.8198E-09 2.0503E-09 2.5126E-09 2.8881E-09 3.3241E-09
0.0000E+00 0.0000E+00 0.0000E+00 0.0000E+00 0.0000E+00 0.0000E+00 0.0000E+00 0.0000E+00 0.0000E+00 0.0000E+00 0.0000E+00 0.0000E+00 0.0000E+00 0.0000E+00 0.0000E+00 0.0000E+00 0.0000E+00 0.0000E+00 0.0000E+00 0.0000E+00 0.0000E+00 0.0000E+00 0.0000E+00 0.0000E+00 0.0000E+00 0.0000E+00 0.0000E+00 2.4780E-11 3.7356E-11 4.9235E-11 6.0272E-11 7.8816E-11 9.5205E-11 1.1102E-10 1.2706E-10 1.8816E-10 2.2138E-10 2.6018E-10 3.0174E-10 3.5034E-10 3.9921E-10 4.5298E-10 5.1656E-10 5.8372E-10 6.5574E-10 7.3976E-10 8.3108E-10 9.2622E-10 1.0404E-09 1.1642E-09 1.2987E-09 1.4458E-09 1.6730E-09 1.8831E-09 2.3106E-09 2.6542E-09 3.0589E-09
0.0000E+00 0.0000E+00 0.0000E+00 0.0000E+00 0.0000E+00 0.0000E+00 0.0000E+00 0.0000E+00 0.0000E+00 0.0000E+00 0.0000E+00 0.0000E+00 0.0000E+00 0.0000E+00 0.0000E+00 0.0000E+00 0.0000E+00 0.0000E+00 0.0000E+00 0.0000E+00 0.0000E+00 0.0000E+00 0.0000E+00 0.0000E+00 0.0000E+00 0.0000E+00 0.0000E+00 4.4642E-12 2.8750E-11 4.0631E-11 5.1284E-11 6.6658E-11 8.6998E-11 1.0032E-10 1.1651E-10 1.6885E-10 1.9770E-10 2.3083E-10 2.6821E-10 3.1020E-10 3.6117E-10 4.1011E-10 4.6676E-10 5.3019E-10 5.9595E-10 6.7175E-10 7.5352E-10 8.4637E-10 9.5239E-10 1.0653E-09 1.1891E-09 1.3227E-09 1.5075E-09 1.7206E-09 1.9437E-09 2.4287E-09 2.7979E-09
0.0000E+00 0.0000E+00 0.0000E+00 0.0000E+00 0.0000E+00 0.0000E+00 0.0000E+00 0.0000E+00 0.0000E+00 0.0000E+00 0.0000E+00 0.0000E+00 0.0000E+00 0.0000E+00 0.0000E+00 0.0000E+00 0.0000E+00 0.0000E+00 0.0000E+00 0.0000E+00 0.0000E+00 0.0000E+00 0.0000E+00 0.0000E+00 0.0000E+00 0.0000E+00 0.0000E+00 0.0000E+00 2.1743E-11 3.2688E-11 4.6287E-11 5.6836E-11 7.4745E-11 9.0456E-11 1.0373E-10 1.1847E-10 1.7446E-10 2.0331E-10 2.3434E-10 2.7269E-10 3.1784E-10 3.6706E-10 4.1742E-10 4.7588E-10 5.3520E-10 6.0527E-10 6.8626E-10 7.7126E-10 8.6408E-10 9.6989E-10 1.0831E-09 1.2067E-09 1.3711E-09 1.5665E-09 1.7715E-09 2.2094E-09 2.5423E-09
0.0000E+00 0.0000E+00 0.0000E+00 0.0000E+00 0.0000E+00 0.0000E+00 0.0000E+00 0.0000E+00 0.0000E+00 0.0000E+00 0.0000E+00 0.0000E+00 0.0000E+00 0.0000E+00 0.0000E+00 0.0000E+00 0.0000E+00 0.0000E+00 0.0000E+00 0.0000E+00 0.0000E+00 0.0000E+00 0.0000E+00 0.0000E+00 0.0000E+00 0.0000E+00 0.0000E+00 0.0000E+00 0.0000E+00 2.5485E-11 3.4096E-11 4.7959E-11 6.2639E-11 8.0450E-11 9.1843E-11 1.0480E-10 1.2028E-10 1.7812E-10 2.0961E-10 2.4037E-10 2.7812E-10 3.2289E-10 3.7055E-10 4.2658E-10 4.8405E-10 5.4785E-10 6.2294E-10 7.0006E-10 7.8446E-10 8.8022E-10 9.8295E-10 1.0952E-09 1.2446E-09 1.4209E-09 1.6037E-09 1.9968E-09 2.2951E-09
0.0000E+00 0.0000E+00 0.0000E+00 0.0000E+00 0.0000E+00 0.0000E+00 0.0000E+00 0.0000E+00 0.0000E+00 0.0000E+00 0.0000E+00 0.0000E+00 0.0000E+00 0.0000E+00 0.0000E+00 0.0000E+00 0.0000E+00 0.0000E+00 0.0000E+00 0.0000E+00 0.0000E+00 0.0000E+00 0.0000E+00 0.0000E+00 0.0000E+00 0.0000E+00 0.0000E+00 0.0000E+00 0.0000E+00 1.3600E-11 2.9173E-11 3.7877E-11 4.9487E-11 6.8686E-11 8.3150E-11 9.4675E-11 1.0776E-10 1.5963E-10 1.8377E-10 2.1127E-10 2.4542E-10 2.8451E-10 3.2949E-10 3.7791E-10 4.3489E-10 4.9529E-10 5.5914E-10 6.3288E-10 7.0922E-10 7.9262E-10 8.8819E-10 9.8942E-10 1.0989E-09 1.2520E-09 1.4420E-09 1.6261E-09 2.0578E-09
0.0000E+00 0.0000E+00 0.0000E+00 0.0000E+00 0.0000E+00 0.0000E+00 0.0000E+00 0.0000E+00 0.0000E+00 0.0000E+00 0.0000E+00 0.0000E+00 0.0000E+00 0.0000E+00 0.0000E+00 0.0000E+00 0.0000E+00 0.0000E+00 0.0000E+00 0.0000E+00 0.0000E+00 0.0000E+00 0.0000E+00 0.0000E+00 0.0000E+00 0.0000E+00 0.0000E+00 0.0000E+00 0.0000E+00 0.0000E+00 2.2002E-11 3.0261E-11 3.9125E-11 5.4509E-11 7.0717E-11 8.5543E-11 9.7142E-11 1.1146E-10 1.6463E-10 1.8973E-10 2.1813E-10 2.5281E-10 2.9108E-10 3.3671E-10 3.8681E-10 4.4330E-10 5.0059E-10 5.6793E-10 6.3870E-10 7.1400E-10 7.9969E-10 8.8994E-10 9.8840E-10 1.1233E-09 1.2855E-09 1.4507E-09 1.8368E-09
0.0000E+00 0.0000E+00 0.0000E+00 0.0000E+00 0.0000E+00 0.0000E+00 0.0000E+00 0.0000E+00 0.0000E+00 0.0000E+00 0.0000E+00 0.0000E+00 0.0000E+00 0.0000E+00 0.0000E+00 0.0000E+00 0.0000E+00 0.0000E+00 0.0000E+00 0.0000E+00 0.0000E+00 0.0000E+00 0.0000E+00 0.0000E+00 0.0000E+00 0.0000E+00 0.0000E+00 0.0000E+00 0.0000E+00 0.0000E+00 0.0000E+00 2.2811E-11 3.3767E-11 4.0240E-11 5.9670E-11 7.6966E-11 8.7593E-11 9.9631E-11 1.1460E-10 1.7000E-10 1.9528E-10 2.2487E-10 2.5955E-10 2.9937E-10 3.4336E-10 3.9139E-10 4.4570E-10 5.0522E-10 5.7046E-10 6.4101E-10 7.1435E-10 7.9730E-10 8.8202E-10 9.7375E-10 1.1105E-09 1.2916E-09 1.4548E-09
0.0000E+00 0.0000E+00 0.0000E+00 0.0000E+00 0.0000E+00 0.0000E+00 0.0000E+00 0.0000E+00 0.0000E+00 0.0000E+00 0.0000E+00 0.0000E+00 0.0000E+00 0.0000E+00 0.0000E+00 0.0000E+00 0.0000E+00 0.0000E+00 0.0000E+00 0.0000E+00 0.0000E+00 0.0000E+00 0.0000E+00 0.0000E+00 0.0000E+00 0.0000E+00 0.0000E+00 0.0000E+00 0.0000E+00 0.0000E+00 0.0000E+00 1.3518E-11 2.6252E-11 3.4686E-11 4.1209E-11 6.4944E-11 7.8650E-11 8.9267E-11 1.0128E-10 1.5147E-10 1.7241E-10 1.9991E-10 2.2909E-10 2.6095E-10 3.0366E-10 3.4512E-10 3.9454E-10 4.4496E-10 5.0477E-10 5.7113E-10 6.3511E-10 7.0640E-10 7.8396E-10 8.6557E-10 9.8509E-10 1.1347E-09 1.2853E-09
