Assets/Resources/2015_m01_d22_0500(utc+0800)_l00_csi_1hr_conc.grd
DSAA
         159         159
     -79.000      79.000
     -79.000      79.000
  0.0000E+00  0.9640E-05
[rows 50 to 74 of 159, columns 57 to 113 of 159]
0.0000E+00 0.0000E+00 0.0000E+00 0.0000E+00 0.0000E+00 0.0000E+00 0.0000E+00 0.0000E+00 0.0000E+00 0.0000E+00 0.0000E+00 0.0000E+00 0.0000E+00 0.0000E+00 0.0000E+00 0.0000E+00 0.0000E+00 0.0000E+00 0.0000E+00 0.0000E+00 0.0000E+00 0.0000E+00 0.0000E+00 0.0000E+00 0.0000E+00 0.0000E+00 0.0000E+00 0.0000E+00 3.4331E-12 4.3470E-12 1.3611E-11 2.1646E-11 3.4553E-11 5.9118E-11 9.2398E-11 1.2726E-10 1.7602E-10 2.8356E-10 3.7170E-10 4.7860E-10 5.8583E-10 6.8762E-10 7.9223E-10 9.0403E-10 1.0235E-09 1.1432E-09 1.2721E-09 1.4110E-09 1.5557E-09 1.7127E-09 1.8762E-09 2.0471E-09 2.2224E-09 2.3992E-09 2.5788E-09 2.7613E-09 2.9443E-09
0.0000E+00 0.0000E+00 0.0000E+00 0.0000E+00 0.0000E+00 0.0000E+00 0.0000E+00 0.0000E+00 0.0000E+00 0.0000E+00 0.0000E+00 0.0000E+00 0.0000E+00 0.0000E+00 0.0000E+00 0.0000E+00 0.0000E+00 0.0000E+00 0.0000E+00 0.0000E+00 0.0000E+00 0.0000E+00 0.0000E+00 0.0000E+00 0.0000E+00 0.0000E+00 0.0000E+00 3.3474E-12 4.2868E-12 1.5305E-11 1.9825E-11 3.1880E-11 5.3152E-11 8.1421E-11 1.2378E-10 1.6896E-10 2.6818E-10 3.6789E-10 4.8680E-10 6.0568E-10 7.2827E-10 8.6151E-10 9.8366E-10 1.1065E-09 1.2331E-09 1.3725E-09 1.5216E-09 1.6772E-09 1.8440E-09 2.0163E-09 2.1977E-09 2.3834E-09 2.5695E-09 2.7550E-09 2.9408E-09 3.1274E-09 3.3145E-09
0.0000E+00 0.0000E+00 0.0000E+00 0.0000E+00 0.0000E+00 0.0000E+00 0.0000E+00 0.0000E+00 0.0000E+00 0.0000E+00 0.0000E+00 0.0000E+00 0.0000E+00 0.0000E+00 0.0000E+00 0.0000E+00 0.0000E+00 0.0000E+00 0.0000E+00 0.0000E+00 0.0000E+00 0.0000E+00 0.0000E+00 0.0000E+00 0.0000E+00 0.0000E+00 3.1908E-12 4.1328E-12 1.5475E-11 1.9846E-11 3.3984E-11 5.1487E-11 7.7991E-11 1.1423E-10 1.6855E-10 2.3442E-10 3.6262E-10 5.0173E-10 6.4765E-10 8.0416E-10 9.6328E-10 1.1147E-09 1.2541E-09 1.3994E-09 1.5538E-09 1.7066E-09 1.8684E-09 2.0403E-09 2.2165E-09 2.4038E-09 2.5991E-09 2.7969E-09 2.9932E-09 3.1870E-09 3.3771E-09 3.5654E-09 3.7521E-09
0.0000E+00 0.0000E+00 0.0000E+00 0.0000E+00 0.0000E+00 0.0000E+00 0.0000E+00 0.0000E+00 0.0000E+00 0.0000E+00 0.0000E+00 0.0000E+00 0.0000E+00 0.0000E+00 0.0000E+00 0.0000E+00 0.0000E+00 0.0000E+00 0.0000E+00 0.0000E+00 0.0000E+00 0.0000E+00 0.0000E+00 0.0000E+00 0.0000E+00 2.1055E-12 3.8951E-12 1.4918E-11 1.9375E-11 3.5592E-11 5.2905E-11 7.3693E-11 1.1091E-10 1.6652E-10 2.3763E-10 3.4906E-10 5.0761E-10 6.6350E-10 8.3872E-10 1.0208E-09 1.2023E-09 1.3776E-09 1.5495E-09 1.7206E-09 1.9024E-09 2.0820E-09 2.2736E-09 2.4675E-09 2.6664E-09 2.8650E-09 3.0665E-09 3.2664E-09 3.4714E-09 3.6712E-09 3.8669E-09 4.0591E-09 4.2459E-09
0.0000E+00 0.0000E+00 0.0000E+00 0.0000E+00 0.0000E+00 0.0000E+00 0.0000E+00 0.0000E+00 0.0000E+00 0.0000E+00 0.0000E+00 0.0000E+00 0.0000E+00 0.0000E+00 0.0000E+00 0.0000E+00 0.0000E+00 0.0000E+00 0.0000E+00 0.0000E+00 0.0000E+00 0.0000E+00 0.0000E+00 0.0000E+00 7.4800E-13 3.5889E-12 1.2407E-11 1.8448E-11 3.5280E-11 5.3947E-11 7.5176E-11 1.1336E-10 1.6571E-10 2.5376E-10 3.4700E-10 4.8961E-10 6.7872E-10 8.7276E-10 1.0839E-09 1.3134E-09 1.5328E-09 1.7431E-09 1.9495E-09 2.1519E-09 2.3578E-09 2.5657E-09 2.7783E-09 2.9925E-09 3.2088E-09 3.4253E-09 3.6428E-09 3.8521E-09 4.0497E-09 4.2384E-09 4.4326E-09 4.6203E-09 4.8025E-09
0.0000E+00 0.0000E+00 0.0000E+00 0.0000E+00 0.0000E+00 0.0000E+00 0.0000E+00 0.0000E+00 0.0000E+00 0.0000E+00 0.0000E+00 0.0000E+00 0.0000E+00 0.0000E+00 0.0000E+00 0.0000E+00 0.0000E+00 0.0000E+00 0.0000E+00 0.0000E+00 0.0000E+00 0.0000E+00 0.0000E+00 0.0000E+00 3.2325E-12 7.9992E-12 1.7129E-11 3.3094E-11 5.1996E-11 7.4883E-11 1.1588E-10 1.8006E-10 2.5140E-10 3.4783E-10 4.7884E-10 6.7450E-10 8.9907E-10 1.1303E-09 1.3875E-09 1.6549E-09 1.9239E-09 2.1853E-09 2.4285E-09 2.6764E-09 2.9136E-09 3.1538E-09 3.3815E-09 3.6080E-09 3.8356E-09 4.0636E-09 4.2896E-09 4.5047E-09 4.7082E-09 4.8983E-09 5.0759E-09 5.2499E-09 5.4256E-09
0.0000E+00 0.0000E+00 0.0000E+00 0.0000E+00 0.0000E+00 0.0000E+00 0.0000E+00 0.0000E+00 0.0000E+00 0.0000E+00 0.0000E+00 0.0000E+00 0.0000E+00 0.0000E+00 0.0000E+00 0.0000E+00 0.0000E+00 0.0000E+00 0.0000E+00 0.0000E+00 0.0000E+00 0.0000E+00 0.0000E+00 1.5503E-12 4.2163E-12 1.5509E-11 2.7857E-11 4.8746E-11 7.5518E-11 1.1579E-10 1.7562E-10 2.4908E-10 3.4456E-10 4.9005E-10 6.7209E-10 9.1456E-10 1.1724E-09 1.4500E-09 1.7548E-09 2.0728E-09 2.3924E-09 2.7058E-09 3.0009E-09 3.2929E-09 3.5686E-09 3.8418E-09 4.1033E-09 4.3571E-09 4.5991E-09 4.8276E-09 5.0420E-09 5.2497E-09 5.4475E-09 5.6321E-09 5.8059E-09 5.9639E-09 6.1134E-09
0.0000E+00 0.0000E+00 0.0000E+00 0.0000E+00 0.0000E+00 0.0000E+00 0.0000E+00 0.0000E+00 0.0000E+00 0.0000E+00 0.0000E+00 0.0000E+00 0.0000E+00 0.0000E+00 0.0000E+00 0.0000E+00 0.0000E+00 0.0000E+00 0.0000E+00 0.0000E+00 0.0000E+00 0.0000E+00 0.0000E+00 3.3206E-12 1.2155E-11 2.1305E-11 4.3800E-11 6.9349E-11 1.1530E-10 1.6773E-10 2.4587E-10 3.5688E-10 4.8797E-10 6.8203E-10 9.1543E-10 1.1956E-09 1.5147E-09 1.8566E-09 2.2204E-09 2.6049E-09 2.9906E-09 3.3662E-09 3.7148E-09 4.0468E-09 4.3667E-09 4.6597E-09 4.9469E-09 5.2145E-09 5.4704E-09 5.7091E-09 5.9269E-09 6.1152E-09 6.2819E-09 6.4477E-09 6.6038E-09 6.7495E-09 6.8819E-09
0.0000E+00 0.0000E+00 0.0000E+00 0.0000E+00 0.0000E+00 0.0000E+00 0.0000E+00 0.0000E+00 0.0000E+00 0.0000E+00 0.0000E+00 0.0000E+00 0.0000E+00 0.0000E+00 0.0000E+00 0.0000E+00 0.0000E+00 0.0000E+00 0.0000E+00 0.0000E+00 0.0000E+00 0.0000E+00 1.5341E-12 5.9670E-12 1.6124E-11 3.5854E-11 5.8547E-11 1.0796E-10 1.5920E-10 2.3755E-10 3.4840E-10 4.8041E-10 6.6262E-10 9.2385E-10 1.2283E-09 1.5605E-09 1.9503E-09 2.3647E-09 2.8102E-09 3.2706E-09 3.7336E-09 4.1754E-09 4.5935E-09 4.9727E-09 5.3316E-09 5.6545E-09 5.9552E-09 6.2233E-09 6.4700E-09 6.7022E-09 6.9072E-09 7.0844E-09 7.2347E-09 7.3605E-09 7.4775E-09 7.5968E-09 7.7079E-09
0.0000E+00 0.0000E+00 0.0000E+00 0.0000E+00 0.0000E+00 0.0000E+00 0.0000E+00 0.0000E+00 0.0000E+00 0.0000E+00 0.0000E+00 0.0000E+00 0.0000E+00 0.0000E+00 0.0000E+00 0.0000E+00 0.0000E+00 0.0000E+00 0.0000E+00 0.0000E+00 0.0000E+00 0.0000E+00 3.2231E-12 1.2622E-11 2.4930E-11 4.7501E-11 9.2876E-11 1.4625E-10 2.2584E-10 3.2790E-10 4.7892E-10 6.6871E-10 9.0455E-10 1.2264E-09 1.6072E-09 2.0211E-09 2.4839E-09 2.9895E-09 3.5265E-09 4.0870E-09 4.6352E-09 5.1498E-09 5.6280E-09 6.0578E-09 6.4562E-09 6.8105E-09 7.1301E-09 7.4077E-09 7.6428E-09 7.8364E-09 7.9992E-09 8.1458E-09 8.2666E-09 8.3671E-09 8.4419E-09 8.5069E-09 8.5845E-09
0.0000E+00 0.0000E+00 0.0000E+00 0.0000E+00 0.0000E+00 0.0000E+00 0.0000E+00 0.0000E+00 0.0000E+00 0.0000E+00 0.0000E+00 0.0000E+00 0.0000E+00 0.0000E+00 0.0000E+00 0.0000E+00 0.0000E+00 0.0000E+00 0.0000E+00 0.0000E+00 0.0000E+00 9.1197E-13 5.4911E-12 1.6407E-11 3.7643E-11 7.2491E-11 1.2877E-10 2.0410E-10 3.0179E-10 4.5029E-10 6.4434E-10 8.6420E-10 1.2009E-09 1.6012E-09 2.0581E-09 2.5742E-09 3.1579E-09 3.7805E-09 4.4476E-09 5.1185E-09 5.7596E-09 6.3486E-09 6.8813E-09 7.3582E-09 7.7697E-09 8.1400E-09 8.4597E-09 8.7311E-09 8.9508E-09 9.1232E-09 9.2390E-09 9.3124E-09 9.3799E-09 9.4346E-09 9.4739E-09 9.4936E-09 9.5086E-09
0.0000E+00 0.0000E+00 0.0000E+00 0.0000E+00 0.0000E+00 0.0000E+00 0.0000E+00 0.0000E+00 0.0000E+00 0.0000E+00 0.0000E+00 0.0000E+00 0.0000E+00 0.0000E+00 0.0000E+00 0.0000E+00 0.0000E+00 0.0000E+00 0.0000E+00 0.0000E+00 0.0000E+00 2.1204E-12 1.0181E-11 2.4425E-11 5.0478E-11 1.1032E-10 1.7377E-10 2.6919E-10 4.1541E-10 6.0013E-10 8.4178E-10 1.1341E-09 1.5478E-09 2.0415E-09 2.6374E-09 3.2942E-09 4.0063E-09 4.7710E-09 5.5851E-09 6.3781E-09 7.1221E-09 7.7955E-09 8.3909E-09 8.9069E-09 9.3358E-09 9.6981E-09 9.9850E-09 1.0214E-08 1.0393E-08 1.0514E-08 1.0581E-08 1.0603E-08 1.0587E-08 1.0565E-08 1.0548E-08 1.0523E-08 1.0487E-08
0.0000E+00 0.0000E+00 0.0000E+00 0.0000E+00 0.0000E+00 0.0000E+00 0.0000E+00 0.0000E+00 0.0000E+00 0.0000E+00 0.0000E+00 0.0000E+00 0.0000E+00 0.0000E+00 0.0000E+00 0.0000E+00 0.0000E+00 0.0000E+00 0.0000E+00 0.0000E+00 2.5185E-14 3.4365E-12 1.4559E-11 3.4887E-11 8.0691E-11 1.3781E-10 2.3108E-10 3.6720E-10 5.4064E-10 7.7865E-10 1.0633E-09 1.4486E-09 1.9987E-09 2.6199E-09 3.3457E-09 4.1645E-09 5.0406E-09 6.0047E-09 6.9827E-09 7.9122E-09 8.7678E-09 9.5193E-09 1.0162E-08 1.0692E-08 1.1126E-08 1.1466E-08 1.1725E-08 1.1901E-08 1.1992E-08 1.2021E-08 1.2010E-08 1.1957E-08 1.1877E-08 1.1767E-08 1.1659E-08 1.1571E-08 1.1486E-08
0.0000E+00 0.0000E+00 0.0000E+00 0.0000E+00 0.0000E+00 0.0000E+00 0.0000E+00 0.0000E+00 0.0000E+00 0.0000E+00 0.0000E+00 0.0000E+00 0.0000E+00 0.0000E+00 0.0000E+00 0.0000E+00 0.0000E+00 0.0000E+00 0.0000E+00 0.0000E+00 7.1982E-13 6.2639E-12 1.9434E-11 4.6260E-11 1.0864E-10 1.9221E-10 3.0288E-10 4.7107E-10 6.9613E-10 9.7143E-10 1.3580E-09 1.8686E-09 2.5248E-09 3.3011E-09 4.2112E-09 5.2290E-09 6.3362E-09 7.5338E-09 8.6925E-09 9.7853E-09 1.0762E-08 1.1592E-08 1.2254E-08 1.2766E-08 1.3159E-08 1.3444E-08 1.3633E-08 1.3734E-08 1.3743E-08 1.3670E-08 1.3528E-08 1.3369E-08 1.3197E-08 1.3012E-08 1.2811E-08 1.2630E-08 1.2481E-08
0.0000E+00 0.0000E+00 0.0000E+00 0.0000E+00 0.0000E+00 0.0000E+00 0.0000E+00 0.0000E+00 0.0000E+00 0.0000E+00 0.0000E+00 0.0000E+00 0.0000E+00 0.0000E+00 0.0000E+00 0.0000E+00 0.0000E+00 0.0000E+00 0.0000E+00 0.0000E+00 1.3918E-12 9.2162E-12 2.6516E-11 6.0278E-11 1.3872E-10 2.3632E-10 3.9676E-10 5.9579E-10 8.5610E-10 1.2248E-09 1.7073E-09 2.3559E-09 3.1481E-09 4.1318E-09 5.2696E-09 6.5287E-09 7.9381E-09 9.3864E-09 1.0769E-08 1.2039E-08 1.3135E-08 1.4028E-08 1.4707E-08 1.5196E-08 1.5506E-08 1.5675E-08 1.5737E-08 1.5708E-08 1.5595E-08 1.5392E-08 1.5138E-08 1.4836E-08 1.4538E-08 1.4253E-08 1.3970E-08 1.3693E-08 1.3458E-08
0.0000E+00 0.0000E+00 0.0000E+00 0.0000E+00 0.0000E+00 0.0000E+00 0.0000E+00 0.0000E+00 0.0000E+00 0.0000E+00 0.0000E+00 0.0000E+00 0.0000E+00 0.0000E+00 0.0000E+00 0.0000E+00 0.0000E+00 0.0000E+00 0.0000E+00 0.0000E+00 2.0346E-12 1.2291E-11 3.4539E-11 7.3601E-11 1.8111E-10 3.1660E-10 4.8455E-10 7.2489E-10 1.0654E-09 1.5244E-09 2.1186E-09 2.9259E-09 3.9171E-09 5.1295E-09 6.5386E-09 8.1245E-09 9.8964E-09 1.1638E-08 1.3274E-08 1.4718E-08 1.5916E-08 1.6848E-08 1.7515E-08 1.7924E-08 1.8117E-08 1.8153E-08 1.8056E-08 1.7837E-08 1.7541E-08 1.7175E-08 1.6770E-08 1.6336E-08 1.5891E-08 1.5475E-08 1.5095E-08 1.4734E-08 1.4406E-08
0.0000E+00 0.0000E+00 0.0000E+00 0.0000E+00 0.0000E+00 0.0000E+00 0.0000E+00 0.0000E+00 0.0000E+00 0.0000E+00 0.0000E+00 0.0000E+00 0.0000E+00 0.0000E+00 0.0000E+00 0.0000E+00 0.0000E+00 0.0000E+00 0.0000E+00 0.0000E+00 2.5987E-12 1.6275E-11 4.2701E-11 1.1231E-10 2.1315E-10 3.8020E-10 5.8951E-10 8.8391E-10 1.2996E-09 1.8589E-09 2.6362E-09 3.5849E-09 4.8097E-09 6.3292E-09 8.0810E-09 1.0117E-08 1.2267E-08 1.4342E-08 1.6250E-08 1.7899E-08 1.9207E-08 2.0159E-08 2.0745E-08 2.0995E-08 2.1010E-08 2.0834E-08 2.0517E-08 2.0098E-08 1.9580E-08 1.8992E-08 1.8400E-08 1.7806E-08 1.7224E-08 1.6661E-08 1.6161E-08 1.5713E-08 1.5301E-08
0.0000E+00 0.0000E+00 0.0000E+00 0.0000E+00 0.0000E+00 0.0000E+00 0.0000E+00 0.0000E+00 0.0000E+00 0.0000E+00 0.0000E+00 0.0000E+00 0.0000E+00 0.0000E+00 0.0000E+00 0.0000E+00 0.0000E+00 0.0000E+00 0.0000E+00 0.0000E+00 3.0575E-12 1.8798E-11 5.1384E-11 1.2863E-10 2.4418E-10 4.3841E-10 6.9572E-10 1.0629E-09 1.5589E-09 2.2704E-09 3.1775E-09 4.3751E-09 5.8932E-09 7.7587E-09 9.9468E-09 1.2537E-08 1.5118E-08 1.7569E-08 1.9760E-08 2.1573E-08 2.2956E-08 2.3897E-08 2.4375E-08 2.4446E-08 2.4192E-08 2.3704E-08 2.3106E-08 2.2417E-08 2.1633E-08 2.0821E-08 1.9989E-08 1.9217E-08 1.8481E-08 1.7787E-08 1.7147E-08 1.6602E-08 1.6116E-08
0.0000E+00 0.0000E+00 0.0000E+00 0.0000E+00 0.0000E+00 0.0000E+00 0.0000E+00 0.0000E+00 0.0000E+00 0.0000E+00 0.0000E+00 0.0000E+00 0.0000E+00 0.0000E+00 0.0000E+00 0.0000E+00 0.0000E+00 0.0000E+00 0.0000E+00 0.0000E+00 3.3221E-12 2.0898E-11 5.8803E-11 1.4453E-10 2.7127E-10 5.2875E-10 8.2798E-10 1.2425E-09 1.8649E-09 2.7150E-09 3.8584E-09 5.3010E-09 7.1580E-09 9.4570E-09 1.2323E-08 1.5461E-08 1.8553E-08 2.1416E-08 2.3884E-08 2.5821E-08 2.7217E-08 2.8056E-08 2.8357E-08 2.8179E-08 2.7600E-08 2.6771E-08 2.5790E-08 2.4749E-08 2.3668E-08 2.2589E-08 2.1524E-08 2.0532E-08 1.9625E-08 1.8796E-08 1.8038E-08 1.7378E-08 1.6817E-08
0.0000E+00 0.0000E+00 0.0000E+00 0.0000E+00 0.0000E+00 0.0000E+00 0.0000E+00 0.0000E+00 0.0000E+00 0.0000E+00 0.0000E+00 0.0000E+00 0.0000E+00 0.0000E+00 0.0000E+00 0.0000E+00 0.0000E+00 0.0000E+00 0.0000E+00 0.0000E+00 3.3824E-12 2.2476E-11 6.5652E-11 1.5807E-10 2.9472E-10 5.9324E-10 9.5003E-10 1.4505E-09 2.2000E-09 3.2302E-09 4.5736E-09 6.3929E-09 8.6797E-09 1.1564E-08 1.5214E-08 1.9036E-08 2.2708E-08 2.6008E-08 2.8703E-08 3.0693E-08 3.2016E-08 3.2652E-08 3.2670E-08 3.2131E-08 3.1156E-08 2.9913E-08 2.8500E-08 2.7037E-08 2.5617E-08 2.4222E-08 2.2927E-08 2.1707E-08 2.0623E-08 1.9654E-08 1.8788E-08 1.8023E-08 1.7387E-08
0.0000E+00 0.0000E+00 0.0000E+00 0.0000E+00 0.0000E+00 0.0000E+00 0.0000E+00 0.0000E+00 0.0000E+00 0.0000E+00 0.0000E+00 0.0000E+00 0.0000E+00 0.0000E+00 0.0000E+00 0.0000E+00 0.0000E+00 0.0000E+00 0.0000E+00 0.0000E+00 3.4047E-12 2.3434E-11 6.9509E-11 1.6855E-10 4.0108E-10 6.5758E-10 1.0748E-09 1.6659E-09 2.5639E-09 3.7678E-09 5.5051E-09 7.7481E-09 1.0633E-08 1.4349E-08 1.8899E-08 2.3618E-08 2.7940E-08 3.1562E-08 3.4281E-08 3.6171E-08 3.7258E-08 3.7605E-08 3.7228E-08 3.6215E-08 3.4761E-08 3.3011E-08 3.1132E-08 2.9237E-08 2.7408E-08 2.5692E-08 2.4139E-08 2.2713E-08 2.1446E-08 2.0332E-08 1.9365E-08 1.8517E-08 1.7802E-08
0.0000E+00 0.0000E+00 0.0000E+00 0.0000E+00 0.0000E+00 0.0000E+00 0.0000E+00 0.0000E+00 0.0000E+00 0.0000E+00 0.0000E+00 0.0000E+00 0.0000E+00 0.0000E+00 0.0000E+00 0.0000E+00 0.0000E+00 0.0000E+00 0.0000E+00 0.0000E+00 3.3885E-12 2.3701E-11 7.1392E-11 1.6872E-10 4.1883E-10 7.0938E-10 1.1928E-09 1.8910E-09 2.9424E-09 4.5188E-09 6.6551E-09 9.5797E-09 1.3316E-08 1.8323E-08 2.4112E-08 2.9808E-08 3.4658E-08 3.8334E-08 4.0798E-08 4.2268E-08 4.2889E-08 4.2760E-08 4.1847E-08 4.0296E-08 3.8270E-08 3.5954E-08 3.3571E-08 3.1205E-08 2.8968E-08 2.6926E-08 2.5103E-08 2.3481E-08 2.2039E-08 2.0804E-08 1.9745E-08 1.8833E-08 1.8055E-08
0.0000E+00 0.0000E+00 0.0000E+00 0.0000E+00 0.0000E+00 0.0000E+00 0.0000E+00 0.0000E+00 0.0000E+00 0.0000E+00 0.0000E+00 0.0000E+00 0.0000E+00 0.0000E+00 0.0000E+00 0.0000E+00 0.0000E+00 0.0000E+00 0.0000E+00 0.0000E+00 3.2521E-12 2.3296E-11 7.1531E-11 1.3113E-10 4.1210E-10 7.2745E-10 1.2789E-09 2.0827E-09 5.9479E-09 6.2703E-09 9.0120E-09 1.3056E-08 1.8241E-08 2.5007E-08 3.2215E-08 3.8607E-08 4.3428E-08 4.6504E-08 4.8240E-08 4.8930E-08 4.8770E-08 4.7895E-08 4.6332E-08 4.4151E-08 4.1483E-08 3.8595E-08 3.5668E-08 3.2833E-08 3.0207E-08 2.7848E-08 2.5762E-08 2.3971E-08 2.2396E-08 2.1049E-08 1.9911E-08 1.8955E-08 1.8134E-08
0.0000E+00 0.0000E+00 0.0000E+00 0.0000E+00 0.0000E+00 0.0000E+00 0.0000E+00 0.0000E+00 0.0000E+00 0.0000E+00 0.0000E+00 0.0000E+00 0.0000E+00 0.0000E+00 0.0000E+00 0.0000E+00 0.0000E+00 0.0000E+00 0.0000E+00 0.0000E+00 2.8972E-12 2.2251E-11 6.9881E-11 1.2928E-10 3.3607E-10 7.1576E-10 1.3158E-09 3.6214E-09 1.2262E-08 1.2666E-08 1.6721E-08 2.2298E-08 2.9172E-08 3.7372E-08 4.5296E-08 5.1270E-08 5.4712E-08 5.6294E-08 5.6648E-08 5.6049E-08 5.4793E-08 5.2902E-08 5.0485E-08 4.7548E-08 4.4240E-08 4.0772E-08 3.7300E-08 3.4037E-08 3.1044E-08 2.8392E-08 2.6101E-08 2.4149E-08 2.2472E-08 2.1048E-08 1.9853E-08 1.8868E-08 1.8032E-08
0.0000E+00 0.0000E+00 0.0000E+00 0.0000E+00 0.0000E+00 0.0000E+00 0.0000E+00 0.0000E+00 0.0000E+00 0.0000E+00 0.0000E+00 0.0000E+00 0.0000E+00 0.0000E+00 0.0000E+00 0.0000E+00 0.0000E+00 0.0000E+00 0.0000E+00 0.0000E+00 2.4530E-12 2.0678E-11 6.6450E-11 1.2471E-10 2.4322E-10 7.6115E-10 1.5778E-09 1.1678E-08 3.8897E-08 4.4462E-08 4.2829E-08 4.6401E-08 5.2122E-08 5.9621E-08 6.5756E-08 6.8528E-08 6.8724E-08 6.7700E-08 6.5865E-08 6.3513E-08 6.0780E-08 5.7687E-08 5.4231E-08 5.0468E-08 4.6480E-08 4.2415E-08 3.8458E-08 3.4776E-08 3.1446E-08 2.8545E-08 2.6080E-08 2.3994E-08 2.2256E-08 2.0782E-08 1.9569E-08 1.8575E-08 1.7747E-08
