Assets/Resources/2015_m01_d29_0800(utc+0800)_l00_csi_1hr_conc.grd
DSAA
         159         159
     -79.000      79.000
     -79.000      79.000
  0.0000E+00  0.5197E-04
[rows 25 to 49 of 159, columns 57 to 113 of 159]
2.2965E-09 2.3570E-09 2.4173E-09 2.4771E-09 2.5412E-09 2.6003E-09 2.6586E-09 2.7160E-09 2.7773E-09 2.8329E-09 2.8873E-09 2.9401E-09 2.9964E-09 3.0463E-09 3.0944E-09 3.1624E-09 3.2083E-09 3.2519E-09 3.2931E-09 3.3318E-09 3.3679E-09 3.4012E-09 3.4315E-09 3.4588E-09 3.4829E-09 3.5036E-09 3.5210E-09 3.5412E-09 3.5519E-09 3.5642E-09 3.5678E-09 3.5717E-09 3.5677E-09 3.5598E-09 3.5480E-09 3.5321E-09 3.5123E-09 3.4885E-09 3.4607E-09 3.4290E-09 3.3935E-09 3.3541E-09 3.3111E-09 3.2645E-09 3.2144E-09 3.1610E-09 3.1043E-09 3.0447E-09 2.9821E-09 2.9169E-09 2.8491E-09 2.7791E-09 2.7070E-09 2.6331E-09 2.5575E-09 2.4806E-09 2.4024E-09
2.3238E-09 2.3860E-09 2.4480E-09 2.5145E-09 2.5762E-09 2.6373E-09 2.6976E-09 2.7621E-09 2.8210E-09 2.8789E-09 2.9354E-09 2.9957E-09 3.0497E-09 3.1228E-09 3.1752E-09 3.2257E-09 3.2742E-09 3.3205E-09 3.3643E-09 3.4057E-09 3.4444E-09 3.4803E-09 3.5132E-09 3.5430E-09 3.5696E-09 3.5928E-09 3.6195E-09 3.6361E-09 3.6550E-09 3.6645E-09 3.6749E-09 3.6769E-09 3.6748E-09 3.6687E-09 3.6584E-09 3.6440E-09 3.6297E-09 3.6071E-09 3.5804E-09 3.5495E-09 3.5146E-09 3.4757E-09 3.4329E-09 3.3863E-09 3.3359E-09 3.2820E-09 3.2247E-09 3.1641E-09 3.1004E-09 3.0338E-09 2.9645E-09 2.8928E-09 2.8187E-09 2.7427E-09 2.6648E-09 2.5854E-09 2.5008E-09
2.3495E-09 2.4135E-09 2.4821E-09 2.5461E-09 2.6097E-09 2.6727E-09 2.7401E-09 2.8022E-09 2.8634E-09 2.9234E-09 2.9875E-09 3.0454E-09 3.1231E-09 3.1799E-09 3.2350E-09 3.2882E-09 3.3394E-09 3.3884E-09 3.4351E-09 3.4792E-09 3.5206E-09 3.5593E-09 3.5949E-09 3.6273E-09 3.6565E-09 3.6898E-09 3.7125E-09 3.7382E-09 3.7539E-09 3.7712E-09 3.7794E-09 3.7835E-09 3.7879E-09 3.7839E-09 3.7756E-09 3.7630E-09 3.7460E-09 3.7247E-09 3.6991E-09 3.6691E-09 3.6349E-09 3.5965E-09 3.5539E-09 3.5073E-09 3.4568E-09 3.4025E-09 3.3445E-09 3.2831E-09 3.2183E-09 3.1505E-09 3.0797E-09 3.0063E-09 2.9304E-09 2.8523E-09 2.7722E-09 2.6904E-09 2.6072E-09
2.3737E-09 2.4441E-09 2.5102E-09 2.5761E-09 2.6416E-09 2.7117E-09 2.7766E-09 2.8408E-09 2.9042E-09 2.9718E-09 3.0334E-09 3.1154E-09 3.1765E-09 3.2360E-09 3.2938E-09 3.3498E-09 3.4039E-09 3.4557E-09 3.5052E-09 3.5522E-09 3.5964E-09 3.6379E-09 3.6763E-09 3.7115E-09 3.7515E-09 3.7805E-09 3.8131E-09 3.8354E-09 3.8597E-09 3.8745E-09 3.8899E-09 3.8967E-09 3.8992E-09 3.8973E-09 3.8909E-09 3.8801E-09 3.8648E-09 3.8449E-09 3.8205E-09 3.7916E-09 3.7582E-09 3.7203E-09 3.6781E-09 3.6317E-09 3.5810E-09 3.5264E-09 3.4679E-09 3.4057E-09 3.3399E-09 3.2708E-09 3.1986E-09 3.1235E-09 3.0458E-09 2.9656E-09 2.8833E-09 2.7991E-09 2.7133E-09
2.4009E-09 2.4688E-09 2.5367E-09 2.6044E-09 2.6769E-09 2.7444E-09 2.8115E-09 2.8779E-09 2.9487E-09 3.0139E-09 3.0999E-09 3.1649E-09 3.2286E-09 3.2909E-09 3.3516E-09 3.4105E-09 3.4674E-09 3.5221E-09 3.5745E-09 3.6245E-09 3.6717E-09 3.7161E-09 3.7574E-09 3.8041E-09 3.8395E-09 3.8792E-09 3.9081E-09 3.9398E-09 3.9614E-09 3.9843E-09 3.9980E-09 4.0073E-09 4.0122E-09 4.0126E-09 4.0084E-09 3.9996E-09 3.9860E-09 3.9677E-09 3.9447E-09 3.9169E-09 3.8845E-09 3.8474E-09 3.8056E-09 3.7594E-09 3.7088E-09 3.6539E-09 3.5949E-09 3.5320E-09 3.4652E-09 3.3949E-09 3.3213E-09 3.2446E-09 3.1649E-09 3.0827E-09 2.9981E-09 2.9115E-09 2.8231E-09
2.4222E-09 2.4918E-09 2.5615E-09 2.6360E-09 2.7059E-09 2.7755E-09 2.8446E-09 2.9185E-09 2.9869E-09 3.0765E-09 3.1453E-09 3.2130E-09 3.2795E-09 3.3446E-09 3.4081E-09 3.4699E-09 3.5298E-09 3.5876E-09 3.6430E-09 3.6960E-09 3.7462E-09 3.7937E-09 3.8471E-09 3.8890E-09 3.9359E-09 3.9715E-09 4.0108E-09 4.0394E-09 4.0700E-09 4.0908E-09 4.1074E-09 4.1194E-09 4.1270E-09 4.1299E-09 4.1280E-09 4.1213E-09 4.1097E-09 4.0931E-09 4.0717E-09 4.0452E-09 4.0139E-09 3.9776E-09 3.9365E-09 3.8906E-09 3.8401E-09 3.7851E-09 3.7257E-09 3.6620E-09 3.5944E-09 3.5229E-09 3.4479E-09 3.3695E-09 3.2880E-09 3.2037E-09 3.1168E-09 3.0277E-09 2.9366E-09
2.4417E-09 2.5130E-09 2.5893E-09 2.6613E-09 2.7331E-09 2.8048E-09 2.8813E-09 2.9526E-09 3.0455E-09 3.1178E-09 3.1892E-09 3.2596E-09 3.3289E-09 3.3969E-09 3.4634E-09 3.5282E-09 3.5911E-09 3.6519E-09 3.7105E-09 3.7666E-09 3.8200E-09 3.8801E-09 3.9284E-09 3.9825E-09 4.0250E-09 4.0719E-09 4.1076E-09 4.1462E-09 4.1745E-09 4.1985E-09 4.2181E-09 4.2331E-09 4.2435E-09 4.2490E-09 4.2496E-09 4.2452E-09 4.2358E-09 4.2212E-09 4.2014E-09 4.1764E-09 4.1463E-09 4.1110E-09 4.0707E-09 4.0253E-09 3.9750E-09 3.9199E-09 3.8602E-09 3.7959E-09 3.7274E-09 3.6548E-09 3.5784E-09 3.4984E-09 3.4150E-09 3.3286E-09 3.2394E-09 3.1477E-09 3.0539E-09
2.4594E-09 2.5372E-09 2.6109E-09 2.6847E-09 2.7585E-09 2.8374E-09 2.9113E-09 3.0071E-09 3.0825E-09 3.1573E-09 3.2314E-09 3.3047E-09 3.3768E-09 3.4478E-09 3.5172E-09 3.5851E-09 3.6511E-09 3.7151E-09 3.7768E-09 3.8361E-09 3.9027E-09 3.9575E-09 4.0187E-09 4.0680E-09 4.1226E-09 4.1656E-09 4.2123E-09 4.2481E-09 4.2798E-09 4.3072E-09 4.3300E-09 4.3482E-09 4.3616E-09 4.3700E-09 4.3733E-09 4.3714E-09 4.3643E-09 4.3518E-09 4.3339E-09 4.3106E-09 4.2819E-09 4.2477E-09 4.2082E-09 4.1635E-09 4.1135E-09 4.0584E-09 3.9984E-09 3.9337E-09 3.8644E-09 3.7907E-09 3.7129E-09 3.6313E-09 3.5460E-09 3.4575E-09 3.3660E-09 3.2717E-09 3.1751E-09
2.4753E-09 2.5551E-09 2.6305E-09 2.7062E-09 2.7871E-09 2.8633E-09 2.9616E-09 3.0398E-09 3.1177E-09 3.1952E-09 3.2720E-09 3.3480E-09 3.4231E-09 3.4970E-09 3.5695E-09 3.6405E-09 3.7097E-09 3.7769E-09 3.8419E-09 3.9148E-09 3.9758E-09 4.0440E-09 4.1002E-09 4.1624E-09 4.2127E-09 4.2676E-09 4.3111E-09 4.3506E-09 4.3860E-09 4.4169E-09 4.4432E-09 4.4647E-09 4.4813E-09 4.4928E-09 4.4990E-09 4.4998E-09 4.4952E-09 4.4850E-09 4.4692E-09 4.4477E-09 4.4205E-09 4.3877E-09 4.3492E-09 4.3051E-09 4.2556E-09 4.2007E-09 4.1406E-09 4.0754E-09 4.0053E-09 3.9306E-09 3.8515E-09 3.7682E-09 3.6811E-09 3.5904E-09 3.4965E-09 3.3997E-09 3.3003E-09
2.4943E-09 2.5710E-09 2.6482E-09 2.7308E-09 2.8090E-09 2.9092E-09 2.9899E-09 3.0706E-09 3.1510E-09 3.2311E-09 3.3107E-09 3.3896E-09 3.4676E-09 3.5445E-09 3.6201E-09 3.6942E-09 3.7667E-09 3.8468E-09 3.9162E-09 3.9833E-09 4.0583E-09 4.1211E-09 4.1908E-09 4.2484E-09 4.3115E-09 4.3627E-09 4.4102E-09 4.4537E-09 4.4928E-09 4.5275E-09 4.5575E-09 4.5826E-09 4.6026E-09 4.6173E-09 4.6267E-09 4.6304E-09 4.6285E-09 4.6208E-09 4.6072E-09 4.5877E-09 4.5623E-09 4.5309E-09 4.4935E-09 4.4504E-09 4.4014E-09 4.3467E-09 4.2865E-09 4.2341E-09 4.1631E-09 4.0872E-09 4.0065E-09 3.9213E-09 3.8319E-09 3.7386E-09 3.6419E-09 3.5419E-09 3.4391E-09
2.5066E-09 2.5850E-09 2.6689E-09 2.7487E-09 2.8504E-09 2.9333E-09 3.0163E-09 3.0994E-09 3.1824E-09 3.2652E-09 3.3475E-09 3.4293E-09 3.5102E-09 3.5902E-09 3.6689E-09 3.7463E-09 3.8319E-09 3.9068E-09 3.9797E-09 4.0613E-09 4.1306E-09 4.2077E-09 4.2723E-09 4.3435E-09 4.4025E-09 4.4580E-09 4.5096E-09 4.5571E-09 4.6003E-09 4.6390E-09 4.6728E-09 4.7017E-09 4.7253E-09 4.7436E-09 4.7562E-09 4.7631E-09 4.7641E-09 4.7590E-09 4.7479E-09 4.7306E-09 4.7070E-09 4.6773E-09 4.6573E-09 4.6152E-09 4.5669E-09 4.5126E-09 4.4523E-09 4.3862E-09 4.3146E-09 4.2376E-09 4.1556E-09 4.0688E-09 3.9774E-09 3.8820E-09 3.7826E-09 3.6799E-09 3.5741E-09
2.5170E-09 2.5969E-09 2.6829E-09 2.7857E-09 2.8702E-09 2.9553E-09 3.0406E-09 3.1262E-09 3.2118E-09 3.2972E-09 3.3823E-09 3.4669E-09 3.5508E-09 3.6339E-09 3.7158E-09 3.8064E-09 3.8866E-09 3.9753E-09 4.0529E-09 4.1284E-09 4.2127E-09 4.2843E-09 4.3634E-09 4.4300E-09 4.4934E-09 4.5531E-09 4.6091E-09 4.6609E-09 4.7083E-09 4.7512E-09 4.7891E-09 4.8220E-09 4.8495E-09 4.8714E-09 4.8876E-09 4.8978E-09 4.9019E-09 4.8997E-09 4.8912E-09 4.8763E-09 4.8548E-09 4.8436E-09 4.8115E-09 4.7705E-09 4.7230E-09 4.6692E-09 4.6090E-09 4.5427E-09 4.4705E-09 4.3926E-09 4.3092E-09 4.2208E-09 4.1275E-09 4.0297E-09 3.9279E-09 3.8223E-09 3.7133E-09
2.5253E-09 2.6120E-09 2.7154E-09 2.8013E-09 2.8880E-09 2.9752E-09 3.0629E-09 3.1508E-09 3.2390E-09 3.3271E-09 3.4149E-09 3.5024E-09 3.5894E-09 3.6755E-09 3.7606E-09 3.8554E-09 3.9500E-09 4.0332E-09 4.1147E-09 4.2057E-09 4.2840E-09 4.3709E-09 4.4449E-09 4.5160E-09 4.5838E-09 4.6481E-09 4.7086E-09 4.7649E-09 4.8168E-09 4.8640E-09 4.9063E-09 4.9433E-09 4.9749E-09 5.0007E-09 5.0206E-09 5.0344E-09 5.0418E-09 5.0428E-09 5.0371E-09 5.0248E-09 5.0056E-09 4.9991E-09 4.9694E-09 4.9297E-09 4.8832E-09 4.8299E-09 4.7700E-09 4.7035E-09 4.6308E-09 4.5519E-09 4.4673E-09 4.3773E-09 4.2820E-09 4.1820E-09 4.0775E-09 3.9690E-09 3.8569E-09
2.5366E-09 2.6201E-09 2.7270E-09 2.8149E-09 2.9036E-09 2.9929E-09 3.0829E-09 3.1733E-09 3.2639E-09 3.3547E-09 3.4454E-09 3.5357E-09 3.6257E-09 3.7149E-09 3.8033E-09 3.9126E-09 4.0019E-09 4.0893E-09 4.1868E-09 4.2714E-09 4.3657E-09 4.4470E-09 4.5256E-09 4.6013E-09 4.6738E-09 4.7428E-09 4.8080E-09 4.8690E-09 4.9255E-09 4.9774E-09 5.0241E-09 5.0656E-09 5.1015E-09 5.1315E-09 5.1553E-09 5.1729E-09 5.1839E-09 5.1881E-09 5.1855E-09 5.1759E-09 5.1591E-09 5.1581E-09 5.1311E-09 5.0929E-09 5.0475E-09 4.9949E-09 4.9352E-09 4.8687E-09 4.7955E-09 4.7158E-09 4.6300E-09 4.5383E-09 4.4410E-09 4.3387E-09 4.2315E-09 4.1201E-09 4.0047E-09
2.5411E-09 2.6479E-09 2.7365E-09 2.8263E-09 2.9169E-09 3.0085E-09 3.1007E-09 3.1934E-09 3.2866E-09 3.3800E-09 3.4734E-09 3.5667E-09 3.6596E-09 3.7520E-09 3.8544E-09 3.9583E-09 4.0625E-09 4.1555E-09 4.2466E-09 4.3479E-09 4.4360E-09 4.5219E-09 4.6053E-09 4.6858E-09 4.7632E-09 4.8370E-09 4.9071E-09 4.9730E-09 5.0344E-09 5.0911E-09 5.1426E-09 5.1887E-09 5.2291E-09 5.2635E-09 5.2915E-09 5.3131E-09 5.3278E-09 5.3356E-09 5.3362E-09 5.3296E-09 5.3155E-09 5.3205E-09 5.2965E-09 5.2599E-09 5.2337E-09 5.1817E-09 5.1222E-09 5.0552E-09 4.9811E-09 4.9001E-09 4.8124E-09 4.7185E-09 4.6186E-09 4.5131E-09 4.4025E-09 4.2872E-09 4.1677E-09
2.5644E-09 2.6535E-09 2.7438E-09 2.8354E-09 2.9281E-09 3.0217E-09 3.1161E-09 3.2112E-09 3.3069E-09 3.4029E-09 3.4991E-09 3.5952E-09 3.6911E-09 3.7974E-09 3.8936E-09 4.0131E-09 4.1112E-09 4.2083E-09 4.3171E-09 4.4122E-09 4.5050E-09 4.5957E-09 4.6839E-09 4.7694E-09 4.8518E-09 4.9307E-09 5.0058E-09 5.0768E-09 5.1433E-09 5.2050E-09 5.2757E-09 5.3276E-09 5.3737E-09 5.4136E-09 5.4470E-09 5.4736E-09 5.4932E-09 5.5054E-09 5.5101E-09 5.5072E-09 5.5181E-09 5.5084E-09 5.4877E-09 5.4529E-09 5.4099E-09 5.3588E-09 5.2997E-09 5.2327E-09 5.1582E-09 5.0763E-09 4.9873E-09 4.8916E-09 4.8019E-09 4.6931E-09 4.5787E-09 4.4594E-09 4.3356E-09
2.5663E-09 2.6569E-09 2.7489E-09 2.8423E-09 2.9369E-09 3.0325E-09 3.1291E-09 3.2266E-09 3.3247E-09 3.4233E-09 3.5222E-09 3.6212E-09 3.7308E-09 3.8307E-09 3.9419E-09 4.0555E-09 4.1576E-09 4.2722E-09 4.3740E-09 4.4803E-09 4.5791E-09 4.6755E-09 4.7696E-09 4.8612E-09 4.9497E-09 5.0350E-09 5.1165E-09 5.1939E-09 5.2669E-09 5.3350E-09 5.3979E-09 5.4622E-09 5.5163E-09 5.5615E-09 5.6000E-09 5.6315E-09 5.6555E-09 5.6930E-09 5.7020E-09 5.7258E-09 5.7213E-09 5.7145E-09 5.6971E-09 5.6636E-09 5.6212E-09 5.5614E-09 5.5022E-09 5.4347E-09 5.3590E-09 5.2754E-09 5.1842E-09 5.0858E-09 4.9806E-09 4.8690E-09 4.7515E-09 4.6286E-09 4.5009E-09
2.5661E-09 2.6582E-09 2.7518E-09 2.8469E-09 2.9433E-09 3.0410E-09 3.1397E-09 3.2394E-09 3.3399E-09 3.4410E-09 3.5426E-09 3.6550E-09 3.7582E-09 3.8730E-09 3.9774E-09 4.1078E-09 4.2154E-09 4.3225E-09 4.4350E-09 4.5411E-09 4.6458E-09 4.7478E-09 4.8473E-09 4.9545E-09 5.0497E-09 5.1417E-09 5.2301E-09 5.3244E-09 5.4050E-09 5.4807E-09 5.5511E-09 5.6156E-09 5.6740E-09 5.7257E-09 5.7705E-09 5.8078E-09 5.8374E-09 5.8589E-09 5.8967E-09 5.9046E-09 5.9037E-09 5.9003E-09 5.8866E-09 5.8550E-09 5.8141E-09 5.7838E-09 5.7237E-09 5.6547E-09 5.5768E-09 5.4817E-09 5.3880E-09 5.2866E-09 5.1779E-09 5.0623E-09 4.9405E-09 4.8130E-09 4.6802E-09
2.5637E-09 2.6572E-09 2.7523E-09 2.8491E-09 2.9473E-09 3.0469E-09 3.1477E-09 3.2496E-09 3.3525E-09 3.4561E-09 3.5706E-09 3.6766E-09 3.7944E-09 3.9024E-09 4.0228E-09 4.1470E-09 4.2645E-09 4.3829E-09 4.4957E-09 4.6078E-09 4.7188E-09 4.8283E-09 4.9348E-09 5.0387E-09 5.1500E-09 5.2490E-09 5.3445E-09 5.4360E-09 5.5230E-09 5.6051E-09 5.6818E-09 5.8402E-09 5.9088E-09 5.9701E-09 6.0237E-09 6.0691E-09 6.1058E-09 6.1599E-09 6.1815E-09 6.1935E-09 6.1956E-09 6.1939E-09 6.1820E-09 6.1496E-09 6.1068E-09 6.0538E-09 5.9286E-09 5.8592E-09 5.7804E-09 5.6926E-09 5.5962E-09 5.4915E-09 5.3705E-09 5.2517E-09 5.1262E-09 4.9946E-09 4.8574E-09
2.5591E-09 2.6539E-09 2.7506E-09 2.8489E-09 2.9489E-09 3.0503E-09 3.1532E-09 3.2572E-09 3.3624E-09 3.4784E-09 3.5866E-09 3.7068E-09 3.8177E-09 3.9415E-09 4.0547E-09 4.1895E-09 4.3129E-09 4.4376E-09 4.5565E-09 4.6750E-09 4.7928E-09 4.9093E-09 5.0350E-09 5.1477E-09 5.2578E-09 5.3649E-09 5.4687E-09 5.6346E-09 5.7348E-09 5.8299E-09 5.9306E-09 6.0141E-09 6.0906E-09 6.1594E-09 6.2201E-09 6.2721E-09 6.3436E-09 6.3803E-09 6.4069E-09 6.4233E-09 6.4290E-09 6.4299E-09 6.4213E-09 6.3898E-09 6.3365E-09 6.2834E-09 6.2195E-09 6.1451E-09 6.0606E-09 5.9663E-09 5.8030E-09 5.6957E-09 5.5801E-09 5.4568E-09 5.3175E-09 5.1816E-09 5.0398E-09
2.5523E-09 2.6484E-09 2.7465E-09 2.8463E-09 2.9479E-09 3.0512E-09 3.1560E-09 3.2621E-09 3.3791E-09 3.4890E-09 3.6108E-09 3.7241E-09 3.8505E-09 3.9669E-09 4.0898E-09 4.2303E-09 4.3609E-09 4.4851E-09 4.6094E-09 4.7337E-09 4.8683E-09 4.9924E-09 5.1152E-09 5.2364E-09 5.4358E-09 5.5581E-09 5.6887E-09 5.8048E-09 5.9163E-09 6.0226E-09 6.1229E-09 6.2164E-09 6.3026E-09 6.3806E-09 6.4499E-09 6.5097E-09 6.5601E-09 6.6030E-09 6.6352E-09 6.6562E-09 6.6659E-09 6.6696E-09 6.6646E-09 6.6342E-09 6.5919E-09 6.5378E-09 6.4721E-09 6.3951E-09 6.2968E-09 6.1995E-09 6.0923E-09 5.9758E-09 5.7876E-09 5.6604E-09 5.5256E-09 5.3840E-09 5.2272E-09
2.5434E-09 2.6406E-09 2.7400E-09 2.8413E-09 2.9445E-09 3.0494E-09 3.1561E-09 3.2734E-09 3.3843E-09 3.5073E-09 3.6223E-09 3.7507E-09 3.8696E-09 3.9956E-09 4.1240E-09 4.2707E-09 4.4082E-09 4.5399E-09 4.6820E-09 4.8151E-09 4.9482E-09 5.0810E-09 5.2791E-09 5.4284E-09 5.5655E-09 5.6985E-09 5.8285E-09 5.9547E-09 6.0763E-09 6.1926E-09 6.3027E-09 6.4058E-09 6.5012E-09 6.5881E-09 6.6656E-09 6.7331E-09 6.7903E-09 6.8397E-09 6.8776E-09 6.9036E-09 6.9172E-09 6.9237E-09 6.9216E-09 6.8927E-09 6.8505E-09 6.7957E-09 6.7284E-09 6.6491E-09 6.5582E-09 6.4562E-09 6.3438E-09 6.2112E-09 6.0808E-09 5.9419E-09 5.7310E-09 5.5842E-09 5.4309E-09
2.5322E-09 2.6306E-09 2.7311E-09 2.8338E-09 2.9384E-09 3.0450E-09 3.1622E-09 3.2736E-09 3.3970E-09 3.5132E-09 3.6428E-09 3.7636E-09 3.8977E-09 4.0297E-09 4.1799E-09 4.3123E-09 4.4471E-09 4.5963E-09 4.7365E-09 4.8764E-09 5.0823E-09 5.2430E-09 5.3927E-09 5.5418E-09 5.6895E-09 5.8349E-09 5.9758E-09 6.1130E-09 6.2591E-09 6.3870E-09 6.5086E-09 6.6228E-09 6.7287E-09 6.8255E-09 6.9122E-09 6.9881E-09 7.0526E-09 7.1087E-09 7.1524E-09 7.1830E-09 7.2002E-09 7.2086E-09 7.2082E-09 7.1803E-09 7.1371E-09 7.0684E-09 6.9991E-09 6.9169E-09 6.8223E-09 6.7160E-09 6.5984E-09 6.4705E-09 6.3328E-09 6.1757E-09 6.0223E-09 5.8616E-09 5.6310E-09
2.5188E-09 2.6182E-09 2.7198E-09 2.8238E-09 2.9298E-09 3.0462E-09 3.1576E-09 3.2808E-09 3.3975E-09 3.5276E-09 3.6497E-09 3.7854E-09 3.9196E-09 4.0726E-09 4.2083E-09 4.3459E-09 4.4852E-09 4.6419E-09 4.7890E-09 5.0210E-09 5.1800E-09 5.3400E-09 5.5005E-09 5.6608E-09 5.8200E-09 5.9917E-09 6.1473E-09 6.2976E-09 6.4434E-09 6.5836E-09 6.7170E-09 6.8428E-09 6.9598E-09 7.0671E-09 7.1636E-09 7.2484E-09 7.3208E-09 7.3840E-09 7.4338E-09 7.4694E-09 7.4905E-09 7.5010E-09 7.5023E-09 7.4756E-09 7.4316E-09 7.3729E-09 7.2999E-09 7.2130E-09 7.1008E-09 6.9893E-09 6.8660E-09 6.7315E-09 6.5869E-09 6.4329E-09 6.2704E-09 6.0900E-09 5.9148E-09
2.5032E-09 2.6035E-09 2.7062E-09 2.8113E-09 2.9264E-09 3.0372E-09 3.1596E-09 3.2763E-09 3.4062E-09 3.5289E-09 3.6653E-09 3.8009E-09 3.9558E-09 4.0940E-09 4.2346E-09 4.3776E-09 4.5383E-09 4.7547E-09 4.9312E-09 5.0998E-09 5.2704E-09 5.4416E-09 5.6280E-09 5.8020E-09 5.9754E-09 6.1472E-09 6.3165E-09 6.4818E-09 6.6411E-09 6.7946E-09 6.9412E-09 7.0796E-09 7.2087E-09 7.3274E-09 7.4345E-09 7.5289E-09 7.6099E-09 7.6803E-09 7.7364E-09 7.7771E-09 7.8019E-09 7.8142E-09 7.8168E-09 7.7908E-09 7.7454E-09 7.6842E-09 7.6076E-09 7.5161E-09 7.4106E-09 7.2916E-09 7.1601E-09 7.0055E-09 6.8529E-09 6.6906E-09 6.5194E-09 6.3404E-09 6.1546E-09
