Assets/Resources/2015_m01_d06_0500(utc+0800)_l00_csi_1hr_conc.grd
DSAA
         159         159
     -79.000      79.000
     -79.000      79.000
  0.0000E+00  0.9598E-05
[rows 25 to 49 of 159, columns 57 to 113 of 159]
0.0000E+00 0.0000E+00 0.0000E+00 0.0000E+00 5.1648E-12 2.7554E-11 6.7628E-11 1.3483E-10 2.4246E-10 4.0307E-10 6.3345E-10 9.5178E-10 1.3891E-09 1.9479E-09 2.6551E-09 3.5001E-09 4.4855E-09 5.5795E-09 6.7561E-09 7.9524E-09 9.1323E-09 1.0231E-08 1.1211E-08 1.2041E-08 1.2687E-08 1.3132E-08 1.3384E-08 1.3435E-08 1.3312E-08 1.3022E-08 1.2573E-08 1.1983E-08 1.1262E-08 1.0425E-08 9.4919E-09 8.4947E-09 7.4568E-09 6.4140E-09 5.3982E-09 4.4355E-09 3.5558E-09 2.7770E-09 2.1082E-09 1.5585E-09 1.1166E-09 7.7348E-10 5.1800E-10 3.3369E-10 2.0387E-10 1.1837E-10 6.3455E-11 2.8463E-11 1.0431E-11 3.1277E-13 0.0000E+00 0.0000E+00 0.0000E+00
0.0000E+00 0.0000E+00 0.0000E+00 0.0000E+00 2.2071E-13 1.5955E-11 4.8638E-11 1.0375E-10 1.9500E-10 3.3541E-10 5.3883E-10 8.2768E-10 1.2264E-09 1.7503E-09 2.4183E-09 3.2324E-09 4.1950E-09 5.2803E-09 6.4655E-09 7.6902E-09 8.9110E-09 1.0066E-08 1.1123E-08 1.2021E-08 1.2736E-08 1.3254E-08 1.3560E-08 1.3683E-08 1.3613E-08 1.3369E-08 1.2966E-08 1.2412E-08 1.1718E-08 1.0900E-08 9.9663E-09 8.9551E-09 7.8956E-09 6.8158E-09 5.7523E-09 4.7426E-09 3.8143E-09 2.9866E-09 2.2743E-09 1.6802E-09 1.2062E-09 8.3931E-10 5.6107E-10 3.6274E-10 2.2361E-10 1.2960E-10 7.0344E-11 3.2201E-11 1.2215E-11 1.0924E-12 0.0000E+00 0.0000E+00 0.0000E+00
0.0000E+00 0.0000E+00 0.0000E+00 0.0000E+00 0.0000E+00 7.4425E-12 3.1973E-11 7.7132E-11 1.5376E-10 2.7500E-10 4.5100E-10 7.1231E-10 1.0709E-09 1.5616E-09 2.1857E-09 2.9719E-09 3.9037E-09 4.9812E-09 6.1651E-09 7.4200E-09 8.6769E-09 9.8937E-09 1.1014E-08 1.1989E-08 1.2776E-08 1.3370E-08 1.3752E-08 1.3936E-08 1.3929E-08 1.3746E-08 1.3389E-08 1.2877E-08 1.2214E-08 1.1409E-08 1.0481E-08 9.4596E-09 8.3692E-09 7.2539E-09 6.1453E-09 5.0778E-09 4.0926E-09 3.2108E-09 2.4507E-09 1.8153E-09 1.3035E-09 9.0631E-10 6.0853E-10 3.9200E-10 2.4120E-10 1.4069E-10 7.6976E-11 3.6494E-11 1.3971E-11 1.9188E-12 0.0000E+00 0.0000E+00 0.0000E+00
0.0000E+00 0.0000E+00 0.0000E+00 0.0000E+00 0.0000E+00 1.3810E-12 1.9043E-11 5.5766E-11 1.1891E-10 2.2052E-10 3.7379E-10 6.0415E-10 9.3206E-10 1.3774E-09 1.9664E-09 2.7127E-09 3.6167E-09 4.6778E-09 5.8618E-09 7.1355E-09 8.4334E-09 9.7096E-09 1.0897E-08 1.1950E-08 1.2820E-08 1.3489E-08 1.3947E-08 1.4207E-08 1.4266E-08 1.4145E-08 1.3849E-08 1.3381E-08 1.2754E-08 1.1973E-08 1.1045E-08 1.0011E-08 8.8940E-09 7.7297E-09 6.5651E-09 5.4440E-09 4.3963E-09 3.4538E-09 2.6371E-09 1.9537E-09 1.4049E-09 9.7659E-10 6.5388E-10 4.2206E-10 2.6113E-10 1.5188E-10 8.3522E-11 4.0501E-11 1.5812E-11 2.6830E-12 0.0000E+00 0.0000E+00 0.0000E+00
0.0000E+00 0.0000E+00 0.0000E+00 0.0000E+00 0.0000E+00 0.0000E+00 9.6312E-12 3.7202E-11 8.8587E-11 1.7293E-10 3.0659E-10 5.0518E-10 7.9987E-10 1.2039E-09 1.7567E-09 2.4576E-09 3.3368E-09 4.3715E-09 5.5556E-09 6.8385E-09 8.1782E-09 9.5077E-09 1.0768E-08 1.1900E-08 1.2853E-08 1.3606E-08 1.4154E-08 1.4492E-08 1.4637E-08 1.4587E-08 1.4354E-08 1.3944E-08 1.3357E-08 1.2597E-08 1.1679E-08 1.0625E-08 9.4717E-09 8.2647E-09 7.0387E-09 5.8419E-09 4.7229E-09 3.7145E-09 2.8354E-09 2.0986E-09 1.5061E-09 1.0465E-09 6.9971E-10 4.5010E-10 2.7743E-10 1.6256E-10 8.9293E-11 4.3467E-11 1.6808E-11 2.6101E-12 0.0000E+00 0.0000E+00 0.0000E+00
0.0000E+00 0.0000E+00 0.0000E+00 0.0000E+00 0.0000E+00 0.0000E+00 2.4341E-12 2.2478E-11 6.3808E-11 1.3303E-10 2.4540E-10 4.1986E-10 6.7804E-10 1.0495E-09 1.5534E-09 2.2193E-09 3.0592E-09 4.0697E-09 5.2418E-09 6.5337E-09 7.9074E-09 9.2886E-09 1.0617E-08 1.1834E-08 1.2882E-08 1.3728E-08 1.4376E-08 1.4811E-08 1.5040E-08 1.5075E-08 1.4921E-08 1.4570E-08 1.4031E-08 1.3302E-08 1.2383E-08 1.1312E-08 1.0119E-08 8.8437E-09 7.5471E-09 6.2757E-09 5.0716E-09 3.9855E-09 3.0390E-09 2.2440E-09 1.6052E-09 1.1113E-09 7.4061E-10 4.7551E-10 2.9278E-10 1.7074E-10 9.4426E-11 4.5097E-11 1.7370E-11 2.2723E-12 0.0000E+00 0.0000E+00 0.0000E+00
0.0000E+00 0.0000E+00 0.0000E+00 0.0000E+00 0.0000E+00 0.0000E+00 0.0000E+00 1.1880E-11 4.3343E-11 9.8818E-11 1.9194E-10 3.4274E-10 5.6729E-10 9.0166E-10 1.3611E-09 1.9891E-09 2.7826E-09 3.7694E-09 4.9188E-09 6.2175E-09 7.6181E-09 9.0540E-09 1.0455E-08 1.1757E-08 1.2908E-08 1.3864E-08 1.4619E-08 1.5160E-08 1.5500E-08 1.5630E-08 1.5561E-08 1.5284E-08 1.4793E-08 1.4092E-08 1.3180E-08 1.2081E-08 1.0841E-08 9.4982E-09 8.1078E-09 6.7363E-09 5.4432E-09 4.2619E-09 3.2392E-09 2.3847E-09 1.6974E-09 1.1700E-09 7.7578E-10 4.9716E-10 3.0444E-10 1.7758E-10 9.6459E-11 4.5160E-11 1.6955E-11 1.6118E-12 0.0000E+00 0.0000E+00 0.0000E+00
0.0000E+00 0.0000E+00 0.0000E+00 0.0000E+00 0.0000E+00 0.0000E+00 0.0000E+00 3.7630E-12 2.6260E-11 7.0365E-11 1.4742E-10 2.7440E-10 4.7206E-10 7.6545E-10 1.1893E-09 1.7639E-09 2.5195E-09 3.4658E-09 4.5924E-09 5.8917E-09 7.3136E-09 8.7943E-09 1.0271E-08 1.1682E-08 1.2941E-08 1.4019E-08 1.4898E-08 1.5566E-08 1.6019E-08 1.6264E-08 1.6291E-08 1.6096E-08 1.5667E-08 1.4998E-08 1.4080E-08 1.2946E-08 1.1633E-08 1.0199E-08 8.7055E-09 7.2171E-09 5.8120E-09 4.5389E-09 3.4321E-09 2.5124E-09 1.7808E-09 1.2197E-09 8.0345E-10 5.1062E-10 3.1211E-10 1.7900E-10 9.5448E-11 4.3589E-11 1.5415E-11 5.5189E-13 0.0000E+00 0.0000E+00 0.0000E+00
0.0000E+00 0.0000E+00 0.0000E+00 0.0000E+00 0.0000E+00 0.0000E+00 0.0000E+00 0.0000E+00 1.4618E-11 4.7359E-11 1.0968E-10 2.1524E-10 3.8573E-10 6.4238E-10 1.0244E-09 1.5489E-09 2.2623E-09 3.1592E-09 4.2631E-09 5.5560E-09 6.9973E-09 8.5274E-09 1.0081E-08 1.1598E-08 1.2988E-08 1.4203E-08 1.5218E-08 1.6032E-08 1.6623E-08 1.6995E-08 1.7135E-08 1.7030E-08 1.6662E-08 1.6017E-08 1.5088E-08 1.3900E-08 1.2501E-08 1.0952E-08 9.3237E-09 7.7094E-09 6.1816E-09 4.7982E-09 3.6107E-09 2.6275E-09 1.8453E-09 1.2548E-09 8.1926E-10 5.1533E-10 3.1029E-10 1.7495E-10 9.0939E-11 3.9228E-11 1.1124E-11 0.0000E+00 0.0000E+00 0.0000E+00 0.0000E+00
0.0000E+00 0.0000E+00 0.0000E+00 0.0000E+00 0.0000E+00 0.0000E+00 0.0000E+00 0.0000E+00 5.3046E-12 2.9161E-11 7.9364E-11 1.6635E-10 3.0954E-10 5.3536E-10 8.7038E-10 1.3537E-09 2.0080E-09 2.8628E-09 3.9392E-09 5.2179E-09 6.6709E-09 8.2602E-09 9.9039E-09 1.1534E-08 1.3058E-08 1.4422E-08 1.5604E-08 1.6573E-08 1.7323E-08 1.7843E-08 1.8104E-08 1.8098E-08 1.7797E-08 1.7165E-08 1.6204E-08 1.4937E-08 1.3425E-08 1.1735E-08 9.9600E-09 8.1946E-09 6.5339E-09 5.0421E-09 3.7590E-09 2.7137E-09 1.8908E-09 1.2678E-09 8.2085E-10 5.0989E-10 3.0069E-10 1.6641E-10 8.3812E-11 3.2937E-11 6.2781E-12 0.0000E+00 0.0000E+00 0.0000E+00 0.0000E+00
0.0000E+00 0.0000E+00 0.0000E+00 0.0000E+00 0.0000E+00 0.0000E+00 0.0000E+00 0.0000E+00 0.0000E+00 1.6070E-11 5.4233E-11 1.2425E-10 2.4338E-10 4.3728E-10 7.2989E-10 1.1658E-09 1.7644E-09 2.5748E-09 3.6146E-09 4.8821E-09 6.3556E-09 7.9906E-09 9.7195E-09 1.1478E-08 1.3156E-08 1.4697E-08 1.6059E-08 1.7219E-08 1.8144E-08 1.8818E-08 1.9225E-08 1.9314E-08 1.9056E-08 1.8432E-08 1.7419E-08 1.6049E-08 1.4394E-08 1.2541E-08 1.0593E-08 8.6640E-09 6.8592E-09 5.2469E-09 3.8798E-09 2.7668E-09 1.9050E-09 1.2636E-09 8.0222E-10 4.8982E-10 2.8124E-10 1.5036E-10 7.0899E-11 2.3838E-11 1.1502E-12 0.0000E+00 0.0000E+00 0.0000E+00 0.0000E+00
0.0000E+00 0.0000E+00 0.0000E+00 0.0000E+00 0.0000E+00 0.0000E+00 0.0000E+00 0.0000E+00 0.0000E+00 6.3057E-12 3.4091E-11 8.9684E-11 1.8757E-10 3.5024E-10 6.0725E-10 9.8982E-10 1.5413E-09 2.3035E-09 3.3021E-09 4.5472E-09 6.0389E-09 7.7280E-09 9.5583E-09 1.1447E-08 1.3301E-08 1.5042E-08 1.6616E-08 1.7980E-08 1.9103E-08 1.9953E-08 2.0495E-08 2.0680E-08 2.0465E-08 1.9813E-08 1.8719E-08 1.7222E-08 1.5393E-08 1.3346E-08 1.1206E-08 9.0952E-09 7.1345E-09 5.4015E-09 3.9469E-09 2.7803E-09 1.8840E-09 1.2290E-09 7.6503E-10 4.5520E-10 2.5513E-10 1.3050E-10 5.7628E-11 1.4930E-11 2.9558E-13 0.0000E+00 0.0000E+00 0.0000E+00 0.0000E+00
0.0000E+00 0.0000E+00 0.0000E+00 0.0000E+00 0.0000E+00 0.0000E+00 0.0000E+00 0.0000E+00 0.0000E+00 1.9795E-13 1.8811E-11 6.0906E-11 1.3957E-10 2.7429E-10 4.9563E-10 8.2885E-10 1.3286E-09 2.0442E-09 3.0045E-09 4.2328E-09 5.7360E-09 7.4802E-09 9.4236E-09 1.1458E-08 1.3515E-08 1.5476E-08 1.7293E-08 1.8880E-08 2.0221E-08 2.1249E-08 2.1921E-08 2.2186E-08 2.1988E-08 2.1292E-08 2.0080E-08 1.8416E-08 1.6393E-08 1.4123E-08 1.1767E-08 9.4664E-09 7.3440E-09 5.4908E-09 3.9549E-09 2.7457E-09 1.8256E-09 1.1668E-09 7.1256E-10 4.1033E-10 2.2203E-10 1.0501E-10 4.1519E-11 4.6291E-12 0.0000E+00 0.0000E+00 0.0000E+00 0.0000E+00 0.0000E+00
0.0000E+00 0.0000E+00 0.0000E+00 0.0000E+00 0.0000E+00 0.0000E+00 0.0000E+00 0.0000E+00 0.0000E+00 0.0000E+00 7.9280E-12 3.8633E-11 1.0050E-10 2.1073E-10 3.9472E-10 6.8780E-10 1.1440E-09 1.7978E-09 2.7172E-09 3.9316E-09 5.4531E-09 7.2609E-09 9.3187E-09 1.1519E-08 1.3809E-08 1.6030E-08 1.8094E-08 1.9942E-08 2.1500E-08 2.2711E-08 2.3506E-08 2.3826E-08 2.3614E-08 2.2828E-08 2.1474E-08 1.9605E-08 1.7342E-08 1.4836E-08 1.2245E-08 9.7376E-09 7.4629E-09 5.5032E-09 3.8978E-09 2.6497E-09 1.7301E-09 1.0783E-09 6.3992E-10 3.5710E-10 1.8301E-10 7.9087E-11 2.3886E-11 8.6380E-13 0.0000E+00 0.0000E+00 0.0000E+00 0.0000E+00 0.0000E+00
0.0000E+00 0.0000E+00 0.0000E+00 0.0000E+00 0.0000E+00 0.0000E+00 0.0000E+00 0.0000E+00 0.0000E+00 0.0000E+00 8.0457E-13 2.0964E-11 6.7764E-11 1.5633E-10 3.0889E-10 5.6309E-10 9.6534E-10 1.5814E-09 2.4572E-09 3.6465E-09 5.1908E-09 7.0832E-09 9.2623E-09 1.1671E-08 1.4193E-08 1.6698E-08 1.9060E-08 2.1170E-08 2.2949E-08 2.4332E-08 2.5223E-08 2.5568E-08 2.5306E-08 2.4393E-08 2.2844E-08 2.0738E-08 1.8211E-08 1.5430E-08 1.2604E-08 9.9029E-09 7.4724E-09 5.4144E-09 3.7666E-09 2.5097E-09 1.5979E-09 9.7183E-10 5.5850E-10 2.9945E-10 1.4355E-10 5.5061E-11 9.2544E-12 0.0000E+00 0.0000E+00 0.0000E+00 0.0000E+00 0.0000E+00 0.0000E+00
0.0000E+00 0.0000E+00 0.0000E+00 0.0000E+00 0.0000E+00 0.0000E+00 0.0000E+00 0.0000E+00 0.0000E+00 0.0000E+00 0.0000E+00 9.4568E-12 4.2863E-11 1.1251E-10 2.3550E-10 4.5201E-10 8.1203E-10 1.3749E-09 2.2152E-09 3.4033E-09 4.9685E-09 6.9398E-09 9.2611E-09 1.1895E-08 1.4701E-08 1.7507E-08 2.0170E-08 2.2563E-08 2.4570E-08 2.6092E-08 2.7061E-08 2.7386E-08 2.7014E-08 2.5928E-08 2.4145E-08 2.1757E-08 1.8939E-08 1.5882E-08 1.2807E-08 9.9150E-09 7.3644E-09 5.2401E-09 3.5689E-09 2.3257E-09 1.4451E-09 8.5050E-10 4.7077E-10 2.3713E-10 1.0311E-10 2.9898E-11 0.0000E+00 0.0000E+00 0.0000E+00 0.0000E+00 0.0000E+00 0.0000E+00 0.0000E+00
0.0000E+00 0.0000E+00 0.0000E+00 0.0000E+00 0.0000E+00 0.0000E+00 0.0000E+00 0.0000E+00 0.0000E+00 0.0000E+00 0.0000E+00 2.2267E-12 2.4439E-11 7.5438E-11 1.7500E-10 3.5476E-10 6.7264E-10 1.1922E-09 1.9962E-09 3.1698E-09 4.7774E-09 6.8408E-09 9.3491E-09 1.2220E-08 1.5324E-08 1.8476E-08 2.1453E-08 2.4123E-08 2.6331E-08 2.7972E-08 2.8957E-08 2.9218E-08 2.8695E-08 2.7388E-08 2.5332E-08 2.2636E-08 1.9500E-08 1.6159E-08 1.2844E-08 9.7869E-09 7.1441E-09 4.9842E-09 3.3222E-09 2.1105E-09 1.2731E-09 7.2614E-10 3.8457E-10 1.8013E-10 7.0002E-11 1.3252E-11 0.0000E+00 0.0000E+00 0.0000E+00 0.0000E+00 0.0000E+00 0.0000E+00 0.0000E+00
0.0000E+00 0.0000E+00 0.0000E+00 0.0000E+00 0.0000E+00 0.0000E+00 0.0000E+00 0.0000E+00 0.0000E+00 0.0000E+00 0.0000E+00 6.3947E-13 1.0501E-11 4.8554E-11 1.2425E-10 2.7010E-10 5.4771E-10 1.0339E-09 1.8089E-09 2.9800E-09 4.6275E-09 6.8008E-09 9.5135E-09 1.2671E-08 1.6101E-08 1.9605E-08 2.2912E-08 2.5830E-08 2.8207E-08 2.9917E-08 3.0873E-08 3.1020E-08 3.0307E-08 2.8732E-08 2.6361E-08 2.3334E-08 1.9873E-08 1.6249E-08 1.2734E-08 9.5382E-09 6.8294E-09 4.6664E-09 3.0365E-09 1.8820E-09 1.1009E-09 6.0435E-10 3.0359E-10 1.3103E-10 4.0010E-11 2.0496E-12 0.0000E+00 0.0000E+00 0.0000E+00 0.0000E+00 0.0000E+00 0.0000E+00 0.0000E+00
0.0000E+00 0.0000E+00 0.0000E+00 0.0000E+00 0.0000E+00 0.0000E+00 0.0000E+00 0.0000E+00 0.0000E+00 0.0000E+00 0.0000E+00 0.0000E+00 3.0631E-12 2.5864E-11 8.1506E-11 1.9972E-10 4.4778E-10 8.8611E-10 1.6376E-09 2.8142E-09 4.5173E-09 6.8355E-09 9.7756E-09 1.3244E-08 1.7039E-08 2.0884E-08 2.4510E-08 2.7654E-08 3.0156E-08 3.1880E-08 3.2755E-08 3.2734E-08 3.1782E-08 2.9916E-08 2.7207E-08 2.3836E-08 2.0072E-08 1.6187E-08 1.2485E-08 9.1960E-09 6.4458E-09 4.3071E-09 2.7319E-09 1.6412E-09 9.2863E-10 4.8573E-10 2.2558E-10 8.9382E-11 1.9003E-11 0.0000E+00 0.0000E+00 0.0000E+00 0.0000E+00 0.0000E+00 0.0000E+00 0.0000E+00 0.0000E+00
0.0000E+00 0.0000E+00 0.0000E+00 0.0000E+00 0.0000E+00 0.0000E+00 0.0000E+00 0.0000E+00 0.0000E+00 0.0000E+00 0.0000E+00 0.0000E+00 3.3891E-13 1.0174E-11 4.9806E-11 1.3844E-10 3.5453E-10 7.7433E-10 1.4992E-09 2.6849E-09 4.4534E-09 6.9442E-09 1.0144E-08 1.3931E-08 1.8104E-08 2.2311E-08 2.6208E-08 2.9546E-08 3.2102E-08 3.3799E-08 3.4556E-08 3.4319E-08 3.3086E-08 3.0892E-08 2.7865E-08 2.4169E-08 2.0105E-08 1.6000E-08 1.2137E-08 8.7673E-09 6.0209E-09 3.9231E-09 2.4202E-09 1.4132E-09 7.6918E-10 3.8035E-10 1.6359E-10 5.3441E-11 5.6569E-12 0.0000E+00 0.0000E+00 0.0000E+00 0.0000E+00 0.0000E+00 0.0000E+00 0.0000E+00 0.0000E+00
0.0000E+00 0.0000E+00 0.0000E+00 0.0000E+00 0.0000E+00 0.0000E+00 0.0000E+00 0.0000E+00 0.0000E+00 0.0000E+00 0.0000E+00 0.0000E+00 0.0000E+00 2.3048E-12 2.4371E-11 8.9152E-11 2.7864E-10 6.6196E-10 1.3827E-09 2.5744E-09 4.4467E-09 7.1030E-09 1.0577E-08 1.4726E-08 1.9249E-08 2.3806E-08 2.7977E-08 3.1447E-08 3.4034E-08 3.5629E-08 3.6202E-08 3.5728E-08 3.4227E-08 3.1735E-08 2.8381E-08 2.4381E-08 2.0031E-08 1.5701E-08 1.1714E-08 8.2912E-09 5.5652E-09 3.5353E-09 2.1134E-09 1.1870E-09 6.1407E-10 2.8776E-10 1.1258E-10 2.7139E-11 1.4342E-12 0.0000E+00 0.0000E+00 0.0000E+00 0.0000E+00 0.0000E+00 0.0000E+00 0.0000E+00 0.0000E+00
0.0000E+00 0.0000E+00 0.0000E+00 0.0000E+00 0.0000E+00 0.0000E+00 0.0000E+00 0.0000E+00 0.0000E+00 0.0000E+00 0.0000E+00 0.0000E+00 0.0000E+00 1.2285E-14 7.5184E-12 5.0736E-11 2.1730E-10 5.7971E-10 1.2806E-09 2.4889E-09 4.4487E-09 7.3016E-09 1.1056E-08 1.5560E-08 2.0480E-08 2.5357E-08 2.9752E-08 3.3308E-08 3.5864E-08 3.7320E-08 3.7684E-08 3.6983E-08 3.5219E-08 3.2454E-08 2.8804E-08 2.4499E-08 1.9903E-08 1.5371E-08 1.1256E-08 7.7998E-09 5.0999E-09 3.1434E-09 1.8198E-09 9.7510E-10 4.7993E-10 2.0833E-10 7.2871E-11 1.1945E-11 0.0000E+00 0.0000E+00 0.0000E+00 0.0000E+00 0.0000E+00 0.0000E+00 0.0000E+00 0.0000E+00 0.0000E+00
0.0000E+00 0.0000E+00 0.0000E+00 0.0000E+00 0.0000E+00 0.0000E+00 0.0000E+00 0.0000E+00 0.0000E+00 0.0000E+00 0.0000E+00 0.0000E+00 0.0000E+00 0.0000E+00 1.4104E-12 1.9131E-11 1.6143E-10 5.0532E-10 1.1736E-09 2.4211E-09 4.4735E-09 7.5087E-09 1.1571E-08 1.6445E-08 2.1732E-08 2.6918E-08 3.1484E-08 3.5097E-08 3.7548E-08 3.8838E-08 3.9015E-08 3.8096E-08 3.6123E-08 3.3126E-08 2.9214E-08 2.4630E-08 1.9766E-08 1.5036E-08 1.0797E-08 7.3090E-09 4.6476E-09 2.7658E-09 1.5502E-09 7.9819E-10 3.7111E-10 1.4800E-10 4.1503E-11 6.8078E-12 0.0000E+00 0.0000E+00 0.0000E+00 0.0000E+00 0.0000E+00 0.0000E+00 0.0000E+00 0.0000E+00 0.0000E+00
0.0000E+00 0.0000E+00 0.0000E+00 0.0000E+00 0.0000E+00 0.0000E+00 0.0000E+00 0.0000E+00 0.0000E+00 0.0000E+00 0.0000E+00 0.0000E+00 0.0000E+00 0.0000E+00 0.0000E+00 5.3075E-12 1.2223E-10 4.3617E-10 1.0915E-09 2.3569E-09 4.5056E-09 7.7344E-09 1.2090E-08 1.7343E-08 2.2991E-08 2.8442E-08 3.3143E-08 3.6748E-08 3.9065E-08 4.0197E-08 4.0219E-08 3.9174E-08 3.7053E-08 3.3854E-08 2.9673E-08 2.4813E-08 1.9668E-08 1.4716E-08 1.0352E-08 6.8240E-09 4.2183E-09 2.4329E-09 1.3029E-09 6.3986E-10 2.7925E-10 1.0087E-10 2.1559E-11 1.0816E-13 0.0000E+00 0.0000E+00 0.0000E+00 0.0000E+00 0.0000E+00 0.0000E+00 0.0000E+00 0.0000E+00 0.0000E+00
0.0000E+00 0.0000E+00 0.0000E+00 0.0000E+00 0.0000E+00 0.0000E+00 0.0000E+00 0.0000E+00 0.0000E+00 0.0000E+00 0.0000E+00 0.0000E+00 0.0000E+00 0.0000E+00 0.0000E+00 5.8689E-13 9.0648E-11 3.6458E-10 1.0206E-09 2.2971E-09 4.5216E-09 7.9675E-09 1.2626E-08 1.8246E-08 2.4251E-08 2.9919E-08 3.4737E-08 3.8267E-08 4.0487E-08 4.1512E-08 4.1428E-08 4.0290E-08 3.8054E-08 3.4680E-08 3.0237E-08 2.5068E-08 1.9627E-08 1.4430E-08 9.9322E-09 6.3825E-09 3.8181E-09 2.1269E-09 1.0869E-09 4.9995E-10 1.9935E-10 5.9804E-11 1.1727E-11 0.0000E+00 0.0000E+00 0.0000E+00 0.0000E+00 0.0000E+00 0.0000E+00 0.0000E+00 0.0000E+00 0.0000E+00 0.0000E+00
