Assets/Resources/2015_m01_d30_1800(utc+0800)_l00_csi_1hr_conc.grd
DSAA
         159         159
     -79.000      79.000
     -79.000      79.000
  0.0000E+00  0.3395E-05
[rows 0 to 24 of 159, columns 57 to 113 of 159]
0.0000E+00 4.6811E-14 1.1022E-12 3.6855E-12 5.5671E-12 8.9020E-12 1.3514E-11 2.0461E-11 3.1020E-11 4.3512E-11 5.8542E-11 8.0723E-11 1.0585E-10 1.3544E-10 1.7099E-10 2.1059E-10 2.5573E-10 3.0677E-10 3.6023E-10 4.1969E-10 4.8596E-10 5.5860E-10 6.3478E-10 7.1645E-10 8.0400E-10 8.9693E-10 9.9409E-10 1.0944E-09 1.1985E-09 1.3068E-09 1.4190E-09 1.5352E-09 1.6554E-09 1.7797E-09 1.9075E-09 2.0376E-09 2.1699E-09 2.3042E-09 2.4411E-09 2.5802E-09 2.7217E-09 2.8649E-09 3.0079E-09 3.1502E-09 3.2912E-09 3.4297E-09 3.5641E-09 3.6954E-09 3.8210E-09 3.9399E-09 4.0521E-09 4.1570E-09 4.2534E-09 4.3403E-09 4.4170E-09 4.4824E-09 4.5364E-09
1.6105E-13 8.1345E-13 2.9188E-12 4.8117E-12 7.6745E-12 1.2573E-11 1.7651E-11 2.7087E-11 3.8745E-11 5.3478E-11 7.5949E-11 1.0207E-10 1.3106E-10 1.6511E-10 2.0479E-10 2.4841E-10 2.9836E-10 3.5469E-10 4.1502E-10 4.8182E-10 5.5601E-10 6.3382E-10 7.1608E-10 8.0399E-10 8.9825E-10 9.9826E-10 1.1031E-09 1.2112E-09 1.3235E-09 1.4401E-09 1.5601E-09 1.6831E-09 1.8092E-09 1.9384E-09 2.0701E-09 2.2048E-09 2.3419E-09 2.4811E-09 2.6219E-09 2.7633E-09 2.9059E-09 3.0499E-09 3.1950E-09 3.3400E-09 3.4827E-09 3.6230E-09 3.7595E-09 3.8904E-09 4.0162E-09 4.1363E-09 4.2487E-09 4.3523E-09 4.4478E-09 4.5335E-09 4.6086E-09 4.6726E-09 4.7240E-09
7.6981E-13 2.3051E-12 4.0744E-12 6.7329E-12 1.1775E-11 1.6113E-11 2.3084E-11 3.5268E-11 5.0139E-11 7.1774E-11 9.8822E-11 1.2576E-10 1.6064E-10 1.9784E-10 2.4236E-10 2.9163E-10 3.4850E-10 4.1084E-10 4.7674E-10 5.4951E-10 6.2908E-10 7.1160E-10 8.0105E-10 8.9684E-10 9.9967E-10 1.1085E-09 1.2219E-09 1.3379E-09 1.4576E-09 1.5809E-09 1.7080E-09 1.8385E-09 1.9724E-09 2.1090E-09 2.2476E-09 2.3875E-09 2.5289E-09 2.6710E-09 2.8142E-09 2.9585E-09 3.1040E-09 3.2493E-09 3.3938E-09 3.5378E-09 3.6814E-09 3.8221E-09 3.9583E-09 4.0903E-09 4.2153E-09 4.3341E-09 4.4456E-09 4.5488E-09 4.6419E-09 4.7255E-09 4.7985E-09 4.8597E-09 4.9090E-09
1.7514E-12 3.5406E-12 5.8198E-12 1.0529E-11 1.5231E-11 2.0661E-11 3.2238E-11 4.6947E-11 6.6384E-11 9.2118E-11 1.1977E-10 1.5396E-10 1.9168E-10 2.3521E-10 2.8496E-10 3.3970E-10 4.0277E-10 4.6955E-10 5.4241E-10 6.2351E-10 7.1044E-10 8.0250E-10 9.0104E-10 1.0055E-09 1.1165E-09 1.2335E-09 1.3549E-09 1.4792E-09 1.6070E-09 1.7380E-09 1.8722E-09 2.0091E-09 2.1481E-09 2.2891E-09 2.4320E-09 2.5770E-09 2.7229E-09 2.8700E-09 3.0173E-09 3.1639E-09 3.3107E-09 3.4580E-09 3.6041E-09 3.7479E-09 3.8891E-09 4.0288E-09 4.1638E-09 4.2928E-09 4.4162E-09 4.5340E-09 4.6435E-09 4.7439E-09 4.8354E-09 4.9158E-09 4.9854E-09 5.0437E-09 5.0890E-09
3.0280E-12 5.2389E-12 9.3624E-12 1.3898E-11 1.9839E-11 3.0151E-11 4.4642E-11 6.1762E-11 8.5149E-11 1.1334E-10 1.4834E-10 1.8942E-10 2.3297E-10 2.8350E-10 3.3869E-10 4.0161E-10 4.7146E-10 5.4649E-10 6.2899E-10 7.1900E-10 8.1352E-10 9.1364E-10 1.0201E-09 1.1326E-09 1.2522E-09 1.3782E-09 1.5086E-09 1.6419E-09 1.7785E-09 1.9181E-09 2.0601E-09 2.2046E-09 2.3508E-09 2.4982E-09 2.6459E-09 2.7937E-09 2.9414E-09 3.0897E-09 3.2378E-09 3.3854E-09 3.5330E-09 3.6786E-09 3.8226E-09 3.9654E-09 4.1066E-09 4.2428E-09 4.3744E-09 4.5014E-09 4.6210E-09 4.7340E-09 4.8408E-09 4.9388E-09 5.0261E-09 5.1034E-09 5.1689E-09 5.2223E-09 5.2643E-09
4.9744E-12 8.0123E-12 1.2682E-11 1.8763E-11 2.9209E-11 4.1891E-11 5.7954E-11 7.8922E-11 1.0713E-10 1.4083E-10 1.8192E-10 2.2611E-10 2.7653E-10 3.3357E-10 3.9621E-10 4.6690E-10 5.4361E-10 6.2706E-10 7.1743E-10 8.1533E-10 9.1873E-10 1.0299E-09 1.1478E-09 1.2714E-09 1.4012E-09 1.5369E-09 1.6766E-09 1.8189E-09 1.9638E-09 2.1105E-09 2.2590E-09 2.4088E-09 2.5596E-09 2.7110E-09 2.8633E-09 3.0159E-09 3.1681E-09 3.3190E-09 3.4685E-09 3.6168E-09 3.7644E-09 3.9099E-09 4.0530E-09 4.1930E-09 4.3300E-09 4.4632E-09 4.5909E-09 4.7118E-09 4.8281E-09 4.9365E-09 5.0382E-09 5.1309E-09 5.2148E-09 5.2867E-09 5.3479E-09 5.3967E-09 5.4322E-09
6.8512E-12 1.1082E-11 1.7580E-11 2.8302E-11 3.9816E-11 5.4690E-11 7.5122E-11 1.0132E-10 1.3329E-10 1.7240E-10 2.1688E-10 2.6933E-10 3.3089E-10 3.9375E-10 4.6855E-10 5.4563E-10 6.3257E-10 7.2556E-10 8.2734E-10 9.3669E-10 1.0521E-09 1.1745E-09 1.3030E-09 1.4368E-09 1.5761E-09 1.7213E-09 1.8705E-09 2.0223E-09 2.1766E-09 2.3319E-09 2.4880E-09 2.6448E-09 2.8016E-09 2.9574E-09 3.1117E-09 3.2648E-09 3.4169E-09 3.5673E-09 3.7171E-09 3.8648E-09 4.0100E-09 4.1525E-09 4.2920E-09 4.4289E-09 4.5621E-09 4.6899E-09 4.8122E-09 4.9280E-09 5.0362E-09 5.1380E-09 5.2347E-09 5.3222E-09 5.3987E-09 5.4662E-09 5.5209E-09 5.5641E-09 5.5945E-09
9.3355E-12 1.6458E-11 2.6165E-11 3.8342E-11 5.1600E-11 7.2110E-11 9.6461E-11 1.2669E-10 1.6280E-10 2.0720E-10 2.5995E-10 3.2196E-10 3.8769E-10 4.6170E-10 5.4187E-10 6.3171E-10 7.2829E-10 8.3393E-10 9.4598E-10 1.0646E-09 1.1911E-09 1.3251E-09 1.4661E-09 1.6129E-09 1.7647E-09 1.9215E-09 2.0814E-09 2.2428E-09 2.4057E-09 2.5688E-09 2.7309E-09 2.8923E-09 3.0527E-09 3.2124E-09 3.3710E-09 3.5268E-09 3.6803E-09 3.8310E-09 3.9788E-09 4.1246E-09 4.2675E-09 4.4069E-09 4.5425E-09 4.6735E-09 4.8005E-09 4.9223E-09 5.0369E-09 5.1463E-09 5.2474E-09 5.3407E-09 5.4279E-09 5.5095E-09 5.5805E-09 5.6389E-09 5.6881E-09 5.7238E-09 5.7474E-09
1.4778E-11 2.4028E-11 3.5727E-11 4.9776E-11 6.8008E-11 9.2237E-11 1.2060E-10 1.5556E-10 1.9827E-10 2.4933E-10 3.1023E-10 3.7829E-10 4.5284E-10 5.3806E-10 6.3146E-10 7.3263E-10 8.4061E-10 9.5830E-10 1.0823E-09 1.2146E-09 1.3564E-09 1.5057E-09 1.6610E-09 1.8210E-09 1.9851E-09 2.1530E-09 2.3235E-09 2.4949E-09 2.6667E-09 2.8380E-09 3.0075E-09 3.1743E-09 3.3387E-09 3.5000E-09 3.6580E-09 3.8126E-09 3.9646E-09 4.1131E-09 4.2586E-09 4.4009E-09 4.5389E-09 4.6733E-09 4.8027E-09 4.9272E-09 5.0457E-09 5.1594E-09 5.2663E-09 5.3661E-09 5.4588E-09 5.5428E-09 5.6208E-09 5.6917E-09 5.7551E-09 5.8079E-09 5.8466E-09 5.8761E-09 5.8916E-09
2.2244E-11 3.2372E-11 4.7199E-11 6.4564E-11 8.7027E-11 1.1382E-10 1.4912E-10 1.9049E-10 2.3921E-10 2.9722E-10 3.6508E-10 4.4263E-10 5.3183E-10 6.2730E-10 7.3376E-10 8.4883E-10 9.7093E-10 1.1034E-09 1.2414E-09 1.3890E-09 1.5434E-09 1.7072E-09 1.8769E-09 2.0514E-09 2.2295E-09 2.4102E-09 2.5925E-09 2.7744E-09 2.9551E-09 3.1334E-09 3.3082E-09 3.4792E-09 3.6472E-09 3.8113E-09 3.9706E-09 4.1251E-09 4.2746E-09 4.4193E-09 4.5591E-09 4.6948E-09 4.8259E-09 4.9529E-09 5.0740E-09 5.1895E-09 5.2990E-09 5.4017E-09 5.4971E-09 5.5882E-09 5.6696E-09 5.7444E-09 5.8086E-09 5.8727E-09 5.9238E-09 5.9670E-09 5.9997E-09 6.0177E-09 6.0261E-09
2.9172E-11 4.3435E-11 6.1248E-11 8.1954E-11 1.0740E-10 1.4054E-10 1.8234E-10 2.2990E-10 2.8507E-10 3.5238E-10 4.2956E-10 5.1822E-10 6.1763E-10 7.2788E-10 8.4674E-10 9.7576E-10 1.1166E-09 1.2620E-09 1.4155E-09 1.5786E-09 1.7506E-09 1.9319E-09 2.1191E-09 2.3115E-09 2.5053E-09 2.7003E-09 2.8948E-09 3.0875E-09 3.2773E-09 3.4631E-09 3.6438E-09 3.8183E-09 3.9866E-09 4.1490E-09 4.3053E-09 4.4556E-09 4.6003E-09 4.7397E-09 4.8749E-09 5.0031E-09 5.1270E-09 5.2451E-09 5.3559E-09 5.4601E-09 5.5578E-09 5.6496E-09 5.7339E-09 5.8095E-09 5.8801E-09 5.9413E-09 5.9969E-09 6.0431E-09 6.0888E-09 6.1187E-09 6.1406E-09 6.1514E-09 6.1483E-09
3.8701E-11 5.7251E-11 7.6376E-11 1.0110E-10 1.3173E-10 1.7211E-10 2.1845E-10 2.7446E-10 3.3930E-10 4.1570E-10 5.0236E-10 6.0178E-10 7.1531E-10 8.4186E-10 9.7764E-10 1.1244E-09 1.2823E-09 1.4467E-09 1.6220E-09 1.8043E-09 1.9983E-09 2.1944E-09 2.3997E-09 2.6073E-09 2.8168E-09 3.0267E-09 3.2341E-09 3.4378E-09 3.6371E-09 3.8301E-09 4.0161E-09 4.1940E-09 4.3638E-09 4.5263E-09 4.6800E-09 4.8254E-09 4.9633E-09 5.0935E-09 5.2165E-09 5.3341E-09 5.4463E-09 5.5514E-09 5.6486E-09 5.7395E-09 5.8240E-09 5.9009E-09 5.9707E-09 6.0344E-09 6.0885E-09 6.1370E-09 6.1761E-09 6.2143E-09 6.2401E-09 6.2647E-09 6.2728E-09 6.2725E-09 6.2601E-09
5.1259E-11 7.0542E-11 9.4330E-11 1.2322E-10 1.6089E-10 2.0641E-10 2.6017E-10 3.2553E-10 4.0037E-10 4.8559E-10 5.8496E-10 6.9835E-10 8.2782E-10 9.6985E-10 1.1216E-09 1.2905E-09 1.4657E-09 1.6525E-09 1.8469E-09 2.0503E-09 2.2597E-09 2.4819E-09 2.7014E-09 2.9284E-09 3.1557E-09 3.3815E-09 3.6034E-09 3.8189E-09 4.0276E-09 4.2276E-09 4.4176E-09 4.5974E-09 4.7659E-09 4.9243E-09 5.0736E-09 5.2132E-09 5.3427E-09 5.4636E-09 5.5778E-09 5.6831E-09 5.7803E-09 5.8703E-09 5.9529E-09 6.0278E-09 6.0955E-09 6.1564E-09 6.2101E-09 6.2560E-09 6.2959E-09 6.3277E-09 6.3543E-09 6.3708E-09 6.3918E-09 6.3953E-09 6.3961E-09 6.3822E-09 6.3596E-09
6.4210E-11 8.6180E-11 1.1552E-10 1.4849E-10 1.9346E-10 2.4477E-10 3.0877E-10 3.8251E-10 4.6746E-10 5.6516E-10 6.7948E-10 8.0875E-10 9.5306E-10 1.1106E-09 1.2880E-09 1.4748E-09 1.6740E-09 1.8816E-09 2.0985E-09 2.3251E-09 2.5589E-09 2.7994E-09 3.0493E-09 3.2931E-09 3.5391E-09 3.7820E-09 4.0181E-09 4.2457E-09 4.4633E-09 4.6700E-09 4.8634E-09 5.0434E-09 5.2097E-09 5.3632E-09 5.5045E-09 5.6351E-09 5.7548E-09 5.8637E-09 5.9618E-09 6.0512E-09 6.1328E-09 6.2051E-09 6.2677E-09 6.3240E-09 6.3737E-09 6.4160E-09 6.4505E-09 6.4789E-09 6.5000E-09 6.5157E-09 6.5234E-09 6.5263E-09 6.5260E-09 6.5219E-09 6.5045E-09 6.4804E-09 6.4451E-09
7.7920E-11 1.0519E-10 1.3761E-10 1.7866E-10 2.2881E-10 2.8960E-10 3.6239E-10 4.4505E-10 5.4245E-10 6.5614E-10 7.8465E-10 9.3037E-10 1.0924E-09 1.2736E-09 1.4689E-09 1.6786E-09 1.8984E-09 2.1324E-09 2.3758E-09 2.6292E-09 2.8897E-09 3.1548E-09 3.4234E-09 3.6981E-09 3.9616E-09 4.2226E-09 4.4747E-09 4.7151E-09 4.9421E-09 5.1549E-09 5.3511E-09 5.5301E-09 5.6918E-09 5.8368E-09 5.9679E-09 6.0862E-09 6.1919E-09 6.2860E-09 6.3700E-09 6.4416E-09 6.5027E-09 6.5537E-09 6.5963E-09 6.6308E-09 6.6570E-09 6.6774E-09 6.6920E-09 6.6990E-09 6.7001E-09 6.6968E-09 6.6863E-09 6.6705E-09 6.6558E-09 6.6333E-09 6.6026E-09 6.5651E-09 6.5172E-09
9.4084E-11 1.2603E-10 1.6257E-10 2.1249E-10 2.6866E-10 3.3965E-10 4.1995E-10 5.1613E-10 6.2741E-10 7.5566E-10 9.0031E-10 1.0667E-09 1.2498E-09 1.4505E-09 1.6668E-09 1.8990E-09 2.1500E-09 2.4122E-09 2.6852E-09 2.9674E-09 3.2554E-09 3.5480E-09 3.8435E-09 4.1368E-09 4.4319E-09 4.7087E-09 4.9768E-09 5.2304E-09 5.4665E-09 5.6847E-09 5.8832E-09 6.0597E-09 6.2153E-09 6.3515E-09 6.4692E-09 6.5713E-09 6.6594E-09 6.7339E-09 6.7952E-09 6.8458E-09 6.8856E-09 6.9144E-09 6.9324E-09 6.9429E-09 6.9470E-09 6.9432E-09 6.9336E-09 6.9185E-09 6.8977E-09 6.8709E-09 6.8431E-09 6.8059E-09 6.7736E-09 6.7337E-09 6.6903E-09 6.6356E-09 6.5745E-09
1.1272E-10 1.4756E-10 1.9240E-10 2.4772E-10 3.1421E-10 3.9245E-10 4.8591E-10 5.9500E-10 7.1996E-10 8.6331E-10 1.0299E-09 1.2153E-09 1.4184E-09 1.6414E-09 1.8842E-09 2.1471E-09 2.4255E-09 2.7202E-09 3.0260E-09 3.3406E-09 3.6606E-09 3.9806E-09 4.3057E-09 4.6292E-09 4.9383E-09 5.2447E-09 5.5268E-09 5.7938E-09 6.0395E-09 6.2625E-09 6.4616E-09 6.6349E-09 6.7823E-09 6.9053E-09 7.0066E-09 7.0904E-09 7.1584E-09 7.2103E-09 7.2482E-09 7.2713E-09 7.2822E-09 7.2830E-09 7.2760E-09 7.2594E-09 7.2349E-09 7.2074E-09 7.1735E-09 7.1352E-09 7.0890E-09 7.0421E-09 6.9871E-09 6.9350E-09 6.8768E-09 6.8259E-09 6.7618E-09 6.6923E-09 6.6175E-09
1.3117E-10 1.7175E-10 2.2567E-10 2.8637E-10 3.6308E-10 4.5205E-10 5.5826E-10 6.7979E-10 8.2079E-10 9.8423E-10 1.1702E-09 1.3750E-09 1.6027E-09 1.8525E-09 2.1238E-09 2.4162E-09 2.7278E-09 3.0579E-09 3.3993E-09 3.7480E-09 4.1018E-09 4.4582E-09 4.8106E-09 5.1587E-09 5.5011E-09 5.8227E-09 6.1291E-09 6.4090E-09 6.6647E-09 6.8925E-09 7.0915E-09 7.2599E-09 7.3967E-09 7.5051E-09 7.5876E-09 7.6473E-09 7.6886E-09 7.7135E-09 7.7219E-09 7.7167E-09 7.6983E-09 7.6675E-09 7.6266E-09 7.5806E-09 7.5286E-09 7.4701E-09 7.4096E-09 7.3456E-09 7.2764E-09 7.2020E-09 7.1285E-09 7.0469E-09 6.9760E-09 6.8991E-09 6.8211E-09 6.7373E-09 6.6448E-09
1.5232E-10 1.9968E-10 2.5902E-10 3.2927E-10 4.1491E-10 5.1817E-10 6.3497E-10 7.7250E-10 9.3189E-10 1.1134E-09 1.3175E-09 1.5481E-09 1.8032E-09 2.0807E-09 2.3830E-09 2.7086E-09 3.0569E-09 3.4237E-09 3.8020E-09 4.1888E-09 4.5805E-09 4.9694E-09 5.3577E-09 5.7351E-09 6.1007E-09 6.4520E-09 6.7728E-09 7.0688E-09 7.3338E-09 7.5651E-09 7.7623E-09 7.9241E-09 8.0493E-09 8.1404E-09 8.2009E-09 8.2354E-09 8.2478E-09 8.2417E-09 8.2179E-09 8.1768E-09 8.1218E-09 8.0572E-09 7.9850E-09 7.9037E-09 7.8178E-09 7.7316E-09 7.6417E-09 7.5493E-09 7.4531E-09 7.3563E-09 7.2541E-09 7.1566E-09 7.0541E-09 6.9641E-09 6.8667E-09 6.7648E-09 6.6587E-09
1.7536E-10 2.2867E-10 2.9396E-10 3.7598E-10 4.7194E-10 5.8692E-10 7.1824E-10 8.7297E-10 1.0493E-09 1.2489E-09 1.4774E-09 1.7338E-09 2.0166E-09 2.3259E-09 2.6619E-09 3.0233E-09 3.4104E-09 3.8168E-09 4.2383E-09 4.6682E-09 5.1000E-09 5.5318E-09 5.9547E-09 6.3649E-09 6.7615E-09 7.1328E-09 7.4839E-09 7.7919E-09 8.0664E-09 8.3012E-09 8.4951E-09 8.6475E-09 8.7580E-09 8.8280E-09 8.8626E-09 8.8654E-09 8.8430E-09 8.8005E-09 8.7399E-09 8.6615E-09 8.5683E-09 8.4629E-09 8.3483E-09 8.2303E-09 8.1095E-09 7.9869E-09 7.8671E-09 7.7468E-09 7.6217E-09 7.4962E-09 7.3734E-09 7.2469E-09 7.1264E-09 7.0127E-09 6.8973E-09 6.7782E-09 6.6581E-09
1.9916E-10 2.5996E-10 3.3252E-10 4.2428E-10 5.3298E-10 6.5828E-10 8.0841E-10 9.7723E-10 1.1721E-09 1.3941E-09 1.6469E-09 1.9286E-09 2.2415E-09 2.5847E-09 2.9574E-09 3.3597E-09 3.7883E-09 4.2382E-09 4.7037E-09 5.1779E-09 5.6546E-09 6.1282E-09 6.5895E-09 7.0374E-09 7.4618E-09 7.8659E-09 8.2268E-09 8.5603E-09 8.8402E-09 9.0772E-09 9.2663E-09 9.4075E-09 9.5018E-09 9.5499E-09 9.5547E-09 9.5244E-09 9.4644E-09 9.3800E-09 9.2760E-09 9.1544E-09 9.0185E-09 8.8720E-09 8.7173E-09 8.5571E-09 8.3973E-09 8.2408E-09 8.0841E-09 7.9318E-09 7.7817E-09 7.6260E-09 7.4746E-09 7.3265E-09 7.1817E-09 7.0476E-09 6.9147E-09 6.7797E-09 6.6398E-09
2.2281E-10 2.9202E-10 3.7316E-10 4.7518E-10 5.9546E-10 7.3527E-10 9.0022E-10 1.0863E-09 1.3008E-09 1.5470E-09 1.8252E-09 2.1352E-09 2.4800E-09 2.8584E-09 3.2705E-09 3.7156E-09 4.1882E-09 4.6840E-09 5.1979E-09 5.7222E-09 6.2478E-09 6.7664E-09 7.2738E-09 7.7583E-09 8.2161E-09 8.6424E-09 9.0370E-09 9.3754E-09 9.6717E-09 9.9090E-09 1.0091E-08 1.0218E-08 1.0293E-08 1.0315E-08 1.0289E-08 1.0221E-08 1.0119E-08 9.9896E-09 9.8392E-09 9.6705E-09 9.4854E-09 9.2897E-09 9.0876E-09 8.8850E-09 8.6828E-09 8.4844E-09 8.2942E-09 8.1072E-09 7.9248E-09 7.7440E-09 7.5637E-09 7.3919E-09 7.2202E-09 7.0707E-09 6.9165E-09 6.7626E-09 6.6085E-09
2.4894E-10 3.2505E-10 4.1664E-10 5.2730E-10 6.5899E-10 8.1507E-10 9.9237E-10 1.1992E-09 1.4353E-09 1.7063E-09 2.0105E-09 2.3507E-09 2.7284E-09 3.1441E-09 3.5990E-09 4.0884E-09 4.6094E-09 5.1546E-09 5.7183E-09 6.2947E-09 6.8709E-09 7.4393E-09 7.9901E-09 8.5168E-09 9.0116E-09 9.4647E-09 9.8770E-09 1.0243E-08 1.0542E-08 1.0781E-08 1.0956E-08 1.1067E-08 1.1118E-08 1.1111E-08 1.1049E-08 1.0940E-08 1.0794E-08 1.0615E-08 1.0411E-08 1.0190E-08 9.9552E-09 9.7102E-09 9.4591E-09 9.2079E-09 8.9630E-09 8.7240E-09 8.4906E-09 8.2710E-09 8.0572E-09 7.8446E-09 7.6391E-09 7.4385E-09 7.2489E-09 7.0725E-09 6.9022E-09 6.7308E-09 6.5623E-09
2.7666E-10 3.5810E-10 4.6026E-10 5.8024E-10 7.2442E-10 8.9415E-10 1.0867E-09 1.3146E-09 1.5731E-09 1.8707E-09 2.2013E-09 2.5721E-09 2.9843E-09 3.4379E-09 3.9375E-09 4.4758E-09 5.0471E-09 5.6444E-09 6.2624E-09 6.8923E-09 7.5237E-09 8.1451E-09 8.7461E-09 9.3170E-09 9.8492E-09 1.0335E-08 1.0765E-08 1.1145E-08 1.1460E-08 1.1694E-08 1.1859E-08 1.1953E-08 1.1978E-08 1.1939E-08 1.1841E-08 1.1690E-08 1.1493E-08 1.1260E-08 1.1001E-08 1.0723E-08 1.0431E-08 1.0129E-08 9.8270E-09 9.5283E-09 9.2343E-09 8.9506E-09 8.6804E-09 8.4189E-09 8.1733E-09 7.9306E-09 7.6964E-09 7.4722E-09 7.2551E-09 7.0593E-09 6.8747E-09 6.6867E-09 6.5013E-09
3.0393E-10 3.9278E-10 5.0304E-10 6.3433E-10 7.8985E-10 9.7117E-10 1.1839E-09 1.4282E-09 1.7143E-09 2.0341E-09 2.3952E-09 2.7981E-09 3.2450E-09 3.7405E-09 4.2848E-09 4.8718E-09 5.4960E-09 6.1492E-09 6.8227E-09 7.5093E-09 8.2001E-09 8.8794E-09 9.5338E-09 1.0153E-08 1.0727E-08 1.1246E-08 1.1706E-08 1.2092E-08 1.2414E-08 1.2653E-08 1.2804E-08 1.2875E-08 1.2869E-08 1.2796E-08 1.2657E-08 1.2460E-08 1.2212E-08 1.1923E-08 1.1601E-08 1.1261E-08 1.0911E-08 1.0553E-08 1.0193E-08 9.8392E-09 9.4974E-09 9.1670E-09 8.8515E-09 8.5552E-09 8.2708E-09 7.9999E-09 7.7357E-09 7.4869E-09 7.2440E-09 7.0330E-09 6.8254E-09 6.6264E-09 6.4268E-09
