Assets/Resources/2015_m01_d06_0900(utc+0800)_l00_csi_1hr_conc.grd
DSAA
         159         159
     -79.000      79.000
     -79.000      79.000
  0.0000E+00  0.6236E-05
[rows 0 to 24 of 159, columns 57 to 113 of 159]
0.0000E+00 0.0000E+00 0.0000E+00 0.0000E+00 0.0000E+00 0.0000E+00 0.0000E+00 0.0000E+00 0.0000E+00 0.0000E+00 0.0000E+00 2.9329E-12 1.4551E-11 3.4912E-11 6.6248E-11 1.0804E-10 1.5320E-10 2.0492E-10 2.7515E-10 3.5881E-10 4.6644E-10 5.9236E-10 7.5389E-10 9.4229E-10 1.1667E-09 1.4236E-09 1.7136E-09 2.0408E-09 2.3996E-09 2.7869E-09 3.1976E-09 3.6269E-09 4.0651E-09 4.5020E-09 4.9270E-09 5.3285E-09 5.6951E-09 6.0151E-09 6.2787E-09 6.4764E-09 6.6021E-09 6.6510E-09 6.6218E-09 6.5153E-09 6.3359E-09 6.0893E-09 5.7841E-09 5.4306E-09 5.0402E-09 4.6250E-09 4.1950E-09 3.7609E-09 3.3332E-09 2.9235E-09 2.5369E-09 2.1748E-09 1.8424E-09
0.0000E+00 0.0000E+00 0.0000E+00 0.0000E+00 0.0000E+00 0.0000E+00 0.0000E+00 0.0000E+00 0.0000E+00 0.0000E+00 0.0000E+00 8.3205E-13 1.4304E-11 3.4719E-11 6.5117E-11 1.0792E-10 1.5689E-10 2.1173E-10 2.8236E-10 3.7501E-10 4.8391E-10 6.2508E-10 7.9529E-10 1.0018E-09 1.2426E-09 1.5196E-09 1.8387E-09 2.1936E-09 2.5848E-09 3.0097E-09 3.4629E-09 3.9345E-09 4.4166E-09 4.8982E-09 5.3669E-09 5.8104E-09 6.2152E-09 6.5687E-09 6.8590E-09 7.0768E-09 7.2141E-09 7.2661E-09 7.2310E-09 7.1101E-09 6.9080E-09 6.6321E-09 6.2926E-09 5.8999E-09 5.4664E-09 5.0058E-09 4.5322E-09 4.0571E-09 3.5887E-09 3.1372E-09 2.7121E-09 2.3213E-09 1.9630E-09
0.0000E+00 0.0000E+00 0.0000E+00 0.0000E+00 0.0000E+00 0.0000E+00 0.0000E+00 0.0000E+00 0.0000E+00 0.0000E+00 0.0000E+00 9.1658E-13 1.1611E-11 3.3727E-11 6.3327E-11 1.0800E-10 1.5737E-10 2.1726E-10 2.9089E-10 3.8637E-10 5.0322E-10 6.5388E-10 8.3824E-10 1.0585E-09 1.3164E-09 1.6188E-09 1.9617E-09 2.3469E-09 2.7742E-09 3.2376E-09 3.7322E-09 4.2485E-09 4.7766E-09 5.3052E-09 5.8204E-09 6.3074E-09 6.7521E-09 7.1399E-09 7.4581E-09 7.6951E-09 7.8435E-09 7.8974E-09 7.8555E-09 7.7192E-09 7.4932E-09 7.1859E-09 6.8086E-09 6.3747E-09 5.8979E-09 5.3914E-09 4.8696E-09 4.3470E-09 3.8378E-09 3.3487E-09 2.8859E-09 2.4582E-09 2.0740E-09
0.0000E+00 0.0000E+00 0.0000E+00 0.0000E+00 0.0000E+00 0.0000E+00 0.0000E+00 0.0000E+00 0.0000E+00 0.0000E+00 0.0000E+00 1.0106E-12 6.7954E-12 3.2645E-11 6.1813E-11 1.0621E-10 1.5838E-10 2.1879E-10 2.9740E-10 3.9384E-10 5.2148E-10 6.8020E-10 8.7841E-10 1.1116E-09 1.3905E-09 1.7132E-09 2.0825E-09 2.5008E-09 2.9624E-09 3.4658E-09 4.0024E-09 4.5645E-09 5.1410E-09 5.7176E-09 6.2803E-09 6.8127E-09 7.2979E-09 7.7212E-09 8.0676E-09 8.3253E-09 8.4848E-09 8.5405E-09 8.4905E-09 8.3368E-09 8.0858E-09 7.7463E-09 7.3297E-09 6.8505E-09 6.3256E-09 5.7723E-09 5.2042E-09 4.6347E-09 4.0782E-09 3.5488E-09 3.0530E-09 2.5931E-09 2.1761E-09
0.0000E+00 0.0000E+00 0.0000E+00 0.0000E+00 0.0000E+00 0.0000E+00 0.0000E+00 0.0000E+00 0.0000E+00 0.0000E+00 0.0000E+00 6.3496E-13 6.3134E-12 2.8433E-11 5.9960E-11 1.0286E-10 1.5794E-10 2.2013E-10 3.0125E-10 4.0213E-10 5.3705E-10 7.0883E-10 9.1422E-10 1.1650E-09 1.4610E-09 1.8060E-09 2.2045E-09 2.6532E-09 3.1519E-09 3.6958E-09 4.2768E-09 4.8856E-09 5.5107E-09 6.1372E-09 6.7476E-09 7.3254E-09 7.8523E-09 8.3105E-09 8.6850E-09 8.9619E-09 9.1319E-09 9.1884E-09 9.1289E-09 8.9558E-09 8.6763E-09 8.3013E-09 7.8450E-09 7.3219E-09 6.7485E-09 6.1433E-09 5.5261E-09 4.9120E-09 4.3120E-09 3.7390E-09 3.2055E-09 2.7172E-09 2.2738E-09
0.0000E+00 0.0000E+00 0.0000E+00 0.0000E+00 0.0000E+00 0.0000E+00 0.0000E+00 0.0000E+00 0.0000E+00 0.0000E+00 0.0000E+00 2.0429E-13 5.6090E-12 1.6201E-11 5.7180E-11 9.9625E-11 1.5429E-10 2.2023E-10 3.0115E-10 4.1094E-10 5.5338E-10 7.3238E-10 9.5058E-10 1.2151E-09 1.5297E-09 1.8984E-09 2.3232E-09 2.8039E-09 3.3398E-09 3.9230E-09 4.5483E-09 5.2051E-09 5.8792E-09 6.5555E-09 7.2157E-09 7.8391E-09 8.4077E-09 8.9014E-09 9.3029E-09 9.5984E-09 9.7765E-09 9.8313E-09 9.7609E-09 9.5684E-09 9.2604E-09 8.8485E-09 8.3481E-09 7.7784E-09 7.1579E-09 6.5038E-09 5.8349E-09 5.1712E-09 4.5294E-09 3.9180E-09 3.3464E-09 2.8257E-09 2.3593E-09
0.0000E+00 0.0000E+00 0.0000E+00 0.0000E+00 0.0000E+00 0.0000E+00 0.0000E+00 0.0000E+00 0.0000E+00 0.0000E+00 0.0000E+00 0.0000E+00 4.3945E-12 1.4299E-11 4.5224E-11 9.5079E-11 1.4913E-10 2.1651E-10 3.0117E-10 4.1722E-10 5.6929E-10 7.5327E-10 9.8544E-10 1.2634E-09 1.5973E-09 1.9891E-09 2.4410E-09 2.9553E-09 3.5276E-09 4.1523E-09 4.8222E-09 5.5266E-09 6.2507E-09 6.9757E-09 7.6834E-09 8.3523E-09 8.9599E-09 9.4873E-09 9.9149E-09 1.0227E-08 1.0413E-08 1.0465E-08 1.0381E-08 1.0165E-08 9.8273E-09 9.3784E-09 8.8351E-09 8.2158E-09 7.5431E-09 6.8406E-09 6.1252E-09 5.4138E-09 4.7255E-09 4.0770E-09 3.4737E-09 2.9211E-09 2.4288E-09
0.0000E+00 0.0000E+00 0.0000E+00 0.0000E+00 0.0000E+00 0.0000E+00 0.0000E+00 0.0000E+00 0.0000E+00 0.0000E+00 0.0000E+00 0.0000E+00 3.1283E-12 1.2317E-11 3.6523E-11 8.6561E-11 1.4497E-10 2.0992E-10 3.0365E-10 4.2430E-10 5.8081E-10 7.7756E-10 1.0172E-09 1.3116E-09 1.6628E-09 2.0778E-09 2.5578E-09 3.1045E-09 3.7115E-09 4.3768E-09 5.0918E-09 5.8429E-09 6.6156E-09 7.3903E-09 8.1446E-09 8.8574E-09 9.5048E-09 1.0064E-08 1.0515E-08 1.0843E-08 1.1032E-08 1.1080E-08 1.0981E-08 1.0740E-08 1.0368E-08 9.8785E-09 9.2922E-09 8.6278E-09 7.9053E-09 7.1496E-09 6.3864E-09 5.6329E-09 4.9028E-09 4.2135E-09 3.5792E-09 3.0021E-09 2.4847E-09
0.0000E+00 0.0000E+00 0.0000E+00 0.0000E+00 0.0000E+00 0.0000E+00 0.0000E+00 0.0000E+00 0.0000E+00 0.0000E+00 0.0000E+00 0.0000E+00 1.9028E-12 9.6940E-12 2.4575E-11 7.4513E-11 1.3720E-10 2.0350E-10 3.0587E-10 4.3222E-10 5.9216E-10 7.9732E-10 1.0494E-09 1.3586E-09 1.7290E-09 2.1672E-09 2.6770E-09 3.2542E-09 3.8981E-09 4.6036E-09 5.3622E-09 6.1601E-09 6.9789E-09 7.7999E-09 8.5994E-09 9.3518E-09 1.0034E-08 1.0622E-08 1.1094E-08 1.1432E-08 1.1623E-08 1.1661E-08 1.1545E-08 1.1280E-08 1.0875E-08 1.0345E-08 9.7114E-09 8.9987E-09 8.2309E-09 7.4280E-09 6.6151E-09 5.8177E-09 5.0521E-09 4.3286E-09 3.6617E-09 3.0617E-09 2.5266E-09
0.0000E+00 0.0000E+00 0.0000E+00 0.0000E+00 0.0000E+00 0.0000E+00 0.0000E+00 0.0000E+00 0.0000E+00 0.0000E+00 0.0000E+00 0.0000E+00 7.1884E-13 7.3426E-12 2.0542E-11 5.9997E-11 1.2826E-10 1.9973E-10 3.0276E-10 4.3936E-10 6.0716E-10 8.1730E-10 1.0833E-09 1.4057E-09 1.7959E-09 2.2578E-09 2.7950E-09 3.4022E-09 4.0820E-09 4.8281E-09 5.6290E-09 6.4716E-09 7.3366E-09 8.2011E-09 9.0421E-09 9.8329E-09 1.0547E-08 1.1158E-08 1.1646E-08 1.1991E-08 1.2181E-08 1.2208E-08 1.2070E-08 1.1774E-08 1.1333E-08 1.0765E-08 1.0088E-08 9.3257E-09 8.5082E-09 7.6628E-09 6.8087E-09 5.9687E-09 5.1665E-09 4.4155E-09 3.7224E-09 3.0987E-09 2.5493E-09
0.0000E+00 0.0000E+00 0.0000E+00 0.0000E+00 0.0000E+00 0.0000E+00 0.0000E+00 0.0000E+00 0.0000E+00 0.0000E+00 0.0000E+00 0.0000E+00 0.0000E+00 4.7570E-12 1.6081E-11 4.4466E-11 1.0353E-10 1.9777E-10 3.0598E-10 4.4471E-10 6.2011E-10 8.3980E-10 1.1154E-09 1.4557E-09 1.8646E-09 2.3526E-09 2.9145E-09 3.5541E-09 4.2690E-09 5.0538E-09 5.8967E-09 6.7808E-09 7.6878E-09 8.5937E-09 9.4710E-09 1.0294E-08 1.1035E-08 1.1665E-08 1.2163E-08 1.2509E-08 1.2691E-08 1.2702E-08 1.2542E-08 1.2215E-08 1.1736E-08 1.1124E-08 1.0405E-08 9.6015E-09 8.7382E-09 7.8467E-09 6.9558E-09 6.0824E-09 5.2463E-09 4.4684E-09 3.7570E-09 3.1152E-09 2.5514E-09
0.0000E+00 0.0000E+00 0.0000E+00 0.0000E+00 0.0000E+00 0.0000E+00 0.0000E+00 0.0000E+00 0.0000E+00 0.0000E+00 0.0000E+00 0.0000E+00 0.0000E+00 2.4553E-12 1.1785E-11 3.6541E-11 9.3070E-11 1.9631E-10 3.0903E-10 4.5380E-10 6.3606E-10 8.6862E-10 1.1567E-09 1.5123E-09 1.9439E-09 2.4553E-09 3.0428E-09 3.7138E-09 4.4648E-09 5.2866E-09 6.1685E-09 7.0928E-09 8.0371E-09 8.9780E-09 9.8874E-09 1.0736E-08 1.1495E-08 1.2137E-08 1.2640E-08 1.2982E-08 1.3151E-08 1.3139E-08 1.2949E-08 1.2591E-08 1.2075E-08 1.1422E-08 1.0657E-08 9.8108E-09 8.9100E-09 7.9800E-09 7.0509E-09 6.1496E-09 5.2899E-09 4.4883E-09 3.7606E-09 3.1092E-09 2.5353E-09
0.0000E+00 0.0000E+00 0.0000E+00 0.0000E+00 0.0000E+00 0.0000E+00 0.0000E+00 0.0000E+00 0.0000E+00 0.0000E+00 0.0000E+00 0.0000E+00 0.0000E+00 7.6500E-13 9.0951E-12 3.2787E-11 8.4995E-11 1.8836E-10 3.1456E-10 4.6836E-10 6.5700E-10 8.9912E-10 1.2032E-09 1.5766E-09 2.0330E-09 2.5636E-09 3.1805E-09 3.8827E-09 4.6678E-09 5.5266E-09 6.4441E-09 7.4042E-09 8.3831E-09 9.3533E-09 1.0288E-08 1.1156E-08 1.1927E-08 1.2572E-08 1.3070E-08 1.3400E-08 1.3552E-08 1.3516E-08 1.3293E-08 1.2895E-08 1.2341E-08 1.1649E-08 1.0843E-08 9.9547E-09 9.0162E-09 8.0556E-09 7.0969E-09 6.1678E-09 5.2908E-09 4.4751E-09 3.7341E-09 3.0771E-09 2.5007E-09
0.0000E+00 0.0000E+00 0.0000E+00 0.0000E+00 0.0000E+00 0.0000E+00 0.0000E+00 0.0000E+00 0.0000E+00 0.0000E+00 0.0000E+00 0.0000E+00 0.0000E+00 1.5561E-12 6.9829E-12 3.1739E-11 8.7599E-11 1.8020E-10 3.2426E-10 4.8512E-10 6.8689E-10 9.3990E-10 1.2596E-09 1.6564E-09 2.1316E-09 2.6877E-09 3.3339E-09 4.0693E-09 4.8874E-09 5.7802E-09 6.7321E-09 7.7221E-09 8.7283E-09 9.7221E-09 1.0673E-08 1.1550E-08 1.2325E-08 1.2966E-08 1.3451E-08 1.3760E-08 1.3881E-08 1.3814E-08 1.3558E-08 1.3122E-08 1.2524E-08 1.1792E-08 1.0950E-08 1.0027E-08 9.0546E-09 8.0660E-09 7.0872E-09 6.1397E-09 5.2474E-09 4.4257E-09 3.6800E-09 3.0197E-09 2.4463E-09
0.0000E+00 0.0000E+00 0.0000E+00 0.0000E+00 0.0000E+00 0.0000E+00 0.0000E+00 0.0000E+00 0.0000E+00 0.0000E+00 0.0000E+00 0.0000E+00 1.6326E-12 3.0903E-12 7.0932E-12 3.5826E-11 9.5468E-11 1.8549E-10 3.3279E-10 5.1103E-10 7.2604E-10 9.9569E-10 1.3334E-09 1.7543E-09 2.2486E-09 2.8330E-09 3.5091E-09 4.2766E-09 5.1288E-09 6.0528E-09 7.0354E-09 8.0530E-09 9.0803E-09 1.0088E-08 1.1046E-08 1.1923E-08 1.2686E-08 1.3311E-08 1.3774E-08 1.4056E-08 1.4143E-08 1.4034E-08 1.3736E-08 1.3261E-08 1.2624E-08 1.1851E-08 1.0973E-08 1.0022E-08 9.0244E-09 8.0136E-09 7.0197E-09 6.0638E-09 5.1648E-09 4.3408E-09 3.5985E-09 2.9415E-09 2.3742E-09
0.0000E+00 0.0000E+00 0.0000E+00 0.0000E+00 0.0000E+00 0.0000E+00 0.0000E+00 0.0000E+00 0.0000E+00 0.0000E+00 0.0000E+00 1.4518E-12 3.1125E-12 5.1869E-12 1.4421E-11 4.1627E-11 1.0227E-10 1.9686E-10 3.3975E-10 5.4548E-10 7.7704E-10 1.0634E-09 1.4244E-09 1.8660E-09 2.3868E-09 3.0013E-09 3.7106E-09 4.5108E-09 5.3955E-09 6.3510E-09 7.3579E-09 8.3961E-09 9.4375E-09 1.0452E-08 1.1407E-08 1.2273E-08 1.3017E-08 1.3613E-08 1.4038E-08 1.4279E-08 1.4326E-08 1.4174E-08 1.3828E-08 1.3307E-08 1.2632E-08 1.1825E-08 1.0914E-08 9.9364E-09 8.9229E-09 7.8990E-09 6.8964E-09 5.9395E-09 5.0437E-09 4.2237E-09 3.4905E-09 2.8443E-09 2.2864E-09
0.0000E+00 0.0000E+00 0.0000E+00 0.0000E+00 0.0000E+00 0.0000E+00 0.0000E+00 0.0000E+00 0.0000E+00 0.0000E+00 9.3340E-13 3.0183E-12 5.2313E-12 1.0548E-11 2.3757E-11 5.4314E-11 1.1870E-10 2.2601E-10 3.7370E-10 5.8316E-10 8.4605E-10 1.1561E-09 1.5465E-09 2.0122E-09 2.5657E-09 3.2135E-09 3.9574E-09 4.7924E-09 5.7077E-09 6.6903E-09 7.7194E-09 8.7698E-09 9.8134E-09 1.0821E-08 1.1760E-08 1.2599E-08 1.3312E-08 1.3868E-08 1.4249E-08 1.4437E-08 1.4427E-08 1.4226E-08 1.3834E-08 1.3266E-08 1.2548E-08 1.1710E-08 1.0775E-08 9.7770E-09 8.7509E-09 7.7249E-09 6.7226E-09 5.7706E-09 4.8859E-09 4.0789E-09 3.3589E-09 2.7302E-09 2.1874E-09
0.0000E+00 0.0000E+00 0.0000E+00 0.0000E+00 0.0000E+00 0.0000E+00 0.0000E+00 0.0000E+00 0.0000E+00 0.0000E+00 2.4893E-12 5.0471E-12 1.0158E-11 1.8102E-11 3.7242E-11 7.4222E-11 1.4367E-10 2.5508E-10 4.1889E-10 6.3826E-10 9.2898E-10 1.2723E-09 1.6906E-09 2.1844E-09 2.7747E-09 3.4604E-09 4.2414E-09 5.1117E-09 6.0593E-09 7.0659E-09 8.1119E-09 9.1699E-09 1.0210E-08 1.1202E-08 1.2113E-08 1.2913E-08 1.3575E-08 1.4074E-08 1.4396E-08 1.4527E-08 1.4456E-08 1.4191E-08 1.3747E-08 1.3137E-08 1.2380E-08 1.1508E-08 1.0556E-08 9.5468E-09 8.5156E-09 7.4935E-09 6.5025E-09 5.5639E-09 4.6966E-09 3.9100E-09 3.2101E-09 2.6001E-09 2.0783E-09
0.0000E+00 0.0000E+00 0.0000E+00 0.0000E+00 0.0000E+00 0.0000E+00 0.0000E+00 0.0000E+00 0.0000E+00 0.0000E+00 3.7360E-12 8.7036E-12 1.4607E-11 2.8627E-11 5.6644E-11 9.9365E-11 1.7599E-10 2.9866E-10 4.7976E-10 7.2119E-10 1.0279E-09 1.4158E-09 1.8606E-09 2.3943E-09 3.0222E-09 3.7506E-09 4.5715E-09 5.4766E-09 6.4545E-09 7.4843E-09 8.5416E-09 9.5979E-09 1.0625E-08 1.1589E-08 1.2461E-08 1.3212E-08 1.3813E-08 1.4245E-08 1.4491E-08 1.4548E-08 1.4413E-08 1.4085E-08 1.3580E-08 1.2922E-08 1.2133E-08 1.1234E-08 1.0264E-08 9.2527E-09 8.2254E-09 7.2131E-09 6.2405E-09 5.3242E-09 4.4803E-09 3.7191E-09 3.0457E-09 2.4585E-09 1.9604E-09
0.0000E+00 0.0000E+00 0.0000E+00 0.0000E+00 0.0000E+00 0.0000E+00 0.0000E+00 0.0000E+00 0.0000E+00 4.7356E-13 6.1124E-12 1.3124E-11 2.2757E-11 4.2337E-11 7.7314E-11 1.3201E-10 2.1861E-10 3.5664E-10 5.5586E-10 8.2466E-10 1.1603E-09 1.5816E-09 2.0761E-09 2.6560E-09 3.3344E-09 4.1064E-09 4.9726E-09 5.9162E-09 6.9208E-09 7.9676E-09 9.0286E-09 1.0074E-08 1.1073E-08 1.1995E-08 1.2810E-08 1.3491E-08 1.4019E-08 1.4372E-08 1.4538E-08 1.4510E-08 1.4294E-08 1.3903E-08 1.3342E-08 1.2632E-08 1.1808E-08 1.0893E-08 9.9104E-09 8.8996E-09 7.8849E-09 6.8910E-09 5.9419E-09 5.0555E-09 4.2421E-09 3.5104E-09 2.8677E-09 2.3082E-09 1.8353E-09
0.0000E+00 0.0000E+00 0.0000E+00 0.0000E+00 0.0000E+00 0.0000E+00 0.0000E+00 0.0000E+00 0.0000E+00 1.3926E-12 7.8017E-12 1.8007E-11 3.2371E-11 6.1906E-11 1.0600E-10 1.7196E-10 2.6650E-10 4.2454E-10 6.4487E-10 9.4832E-10 1.3319E-09 1.7752E-09 2.3254E-09 2.9572E-09 3.6867E-09 4.5120E-09 5.4204E-09 6.4029E-09 7.4354E-09 8.4947E-09 9.5518E-09 1.0578E-08 1.1541E-08 1.2410E-08 1.3158E-08 1.3759E-08 1.4196E-08 1.4453E-08 1.4527E-08 1.4415E-08 1.4115E-08 1.3645E-08 1.3028E-08 1.2277E-08 1.1417E-08 1.0485E-08 9.5019E-09 8.4967E-09 7.5005E-09 6.5324E-09 5.6138E-09 4.7603E-09 3.9831E-09 3.2862E-09 2.6771E-09 2.1490E-09 1.7038E-09
0.0000E+00 0.0000E+00 0.0000E+00 0.0000E+00 0.0000E+00 0.0000E+00 0.0000E+00 0.0000E+00 0.0000E+00 1.9938E-12 1.1921E-11 2.3988E-11 4.4937E-11 8.0584E-11 1.3668E-10 2.1657E-10 3.3164E-10 5.0829E-10 7.6297E-10 1.1042E-09 1.5220E-09 2.0101E-09 2.6087E-09 3.3096E-09 4.0994E-09 4.9793E-09 5.9384E-09 6.9556E-09 8.0111E-09 9.0764E-09 1.0122E-08 1.1115E-08 1.2027E-08 1.2828E-08 1.3494E-08 1.4003E-08 1.4339E-08 1.4494E-08 1.4461E-08 1.4251E-08 1.3871E-08 1.3327E-08 1.2645E-08 1.1854E-08 1.0970E-08 1.0021E-08 9.0435E-09 8.0525E-09 7.0794E-09 6.1436E-09 5.2618E-09 4.4464E-09 3.7101E-09 3.0521E-09 2.4788E-09 1.9844E-09 1.5693E-09
0.0000E+00 0.0000E+00 0.0000E+00 0.0000E+00 0.0000E+00 0.0000E+00 0.0000E+00 0.0000E+00 0.0000E+00 3.0064E-12 1.5481E-11 3.1159E-11 6.2246E-11 1.0400E-10 1.7193E-10 2.6922E-10 4.0785E-10 6.0831E-10 8.9383E-10 1.2797E-09 1.7420E-09 2.2937E-09 2.9439E-09 3.7087E-09 4.5692E-09 5.5084E-09 6.5151E-09 7.5690E-09 8.6403E-09 9.7029E-09 1.0726E-08 1.1675E-08 1.2522E-08 1.3241E-08 1.3808E-08 1.4209E-08 1.4433E-08 1.4474E-08 1.4336E-08 1.4021E-08 1.3550E-08 1.2938E-08 1.2199E-08 1.1364E-08 1.0463E-08 9.5078E-09 8.5366E-09 7.5700E-09 6.6262E-09 5.7267E-09 4.8884E-09 4.1160E-09 3.4234E-09 2.8072E-09 2.2740E-09 1.8148E-09 1.4316E-09
0.0000E+00 0.0000E+00 0.0000E+00 0.0000E+00 0.0000E+00 0.0000E+00 0.0000E+00 0.0000E+00 0.0000E+00 3.4635E-12 1.9460E-11 4.2481E-11 7.6686E-11 1.3059E-10 2.1068E-10 3.3058E-10 4.9502E-10 7.2666E-10 1.0520E-09 1.4813E-09 1.9985E-09 2.6135E-09 3.3292E-09 4.1574E-09 5.0876E-09 6.0929E-09 7.1494E-09 8.2345E-09 9.3190E-09 1.0370E-08 1.1355E-08 1.2245E-08 1.3013E-08 1.3633E-08 1.4091E-08 1.4371E-08 1.4472E-08 1.4390E-08 1.4138E-08 1.3725E-08 1.3161E-08 1.2477E-08 1.1692E-08 1.0820E-08 9.9006E-09 8.9522E-09 7.9931E-09 7.0554E-09 6.1484E-09 5.2905E-09 4.4991E-09 3.7746E-09 3.1289E-09 2.5576E-09 2.0656E-09 1.6442E-09 1.2932E-09
0.0000E+00 0.0000E+00 0.0000E+00 0.0000E+00 0.0000E+00 0.0000E+00 0.0000E+00 0.0000E+00 0.0000E+00 4.5720E-12 2.4132E-11 5.3425E-11 9.4472E-11 1.6045E-10 2.6133E-10 3.9851E-10 5.9274E-10 8.6053E-10 1.2319E-09 1.7094E-09 2.2906E-09 2.9774E-09 3.7716E-09 4.6708E-09 5.6704E-09 6.7414E-09 7.8481E-09 8.9591E-09 1.0043E-08 1.1069E-08 1.2003E-08 1.2817E-08 1.3487E-08 1.3993E-08 1.4324E-08 1.4473E-08 1.4442E-08 1.4236E-08 1.3863E-08 1.3348E-08 1.2704E-08 1.1950E-08 1.1118E-08 1.0226E-08 9.2932E-09 8.3560E-09 7.4208E-09 6.5152E-09 5.6515E-09 4.8417E-09 4.1005E-09 3.4269E-09 2.8307E-09 2.3064E-09 1.8573E-09 1.4736E-09 1.1557E-09
