Assets/Resources/2015_m01_d23_1800(utc+0800)_l00_csi_1hr_conc.grd
DSAA
         159         159
     -79.000      79.000
     -79.000      79.000
  0.0000E+00  0.6592E-04
[rows 25 to 49 of 159, columns 57 to 113 of 159]
2.0534E-10 2.2664E-10 2.4861E-10 2.7125E-10 2.9523E-10 3.2009E-10 3.4580E-10 3.7226E-10 3.9943E-10 4.2722E-10 4.5556E-10 4.8412E-10 5.1286E-10 5.4187E-10 5.7136E-10 6.0052E-10 6.3044E-10 6.5968E-10 6.8952E-10 7.1856E-10 7.4805E-10 7.7661E-10 8.0549E-10 8.3335E-10 8.6140E-10 8.8834E-10 9.1510E-10 9.4112E-10 9.6668E-10 9.9123E-10 1.0152E-09 1.0384E-09 1.0607E-09 1.0823E-09 1.1030E-09 1.1230E-09 1.1420E-09 1.1603E-09 1.1777E-09 1.1942E-09 1.2099E-09 1.2247E-09 1.2386E-09 1.2517E-09 1.2639E-09 1.2753E-09 1.2859E-09 1.2956E-09 1.3045E-09 1.3126E-09 1.3199E-09 1.3265E-09 1.3323E-09 1.3374E-09 1.3417E-09 1.3454E-09 1.3484E-09
2.0707E-10 2.2876E-10 2.5114E-10 2.7446E-10 2.9891E-10 3.2428E-10 3.5050E-10 3.7752E-10 4.0503E-10 4.3342E-10 4.6238E-10 4.9180E-10 5.2096E-10 5.5084E-10 5.8077E-10 6.1082E-10 6.4120E-10 6.7110E-10 7.0162E-10 7.3131E-10 7.6147E-10 7.9068E-10 8.2022E-10 8.4870E-10 8.7737E-10 9.0491E-10 9.3244E-10 9.5883E-10 9.8494E-10 1.0100E-09 1.0345E-09 1.0581E-09 1.0809E-09 1.1029E-09 1.1241E-09 1.1444E-09 1.1638E-09 1.1824E-09 1.2001E-09 1.2169E-09 1.2328E-09 1.2478E-09 1.2620E-09 1.2753E-09 1.2876E-09 1.2992E-09 1.3098E-09 1.3197E-09 1.3286E-09 1.3368E-09 1.3442E-09 1.3507E-09 1.3565E-09 1.3616E-09 1.3659E-09 1.3695E-09 1.3724E-09
2.0873E-10 2.3080E-10 2.5359E-10 2.7736E-10 3.0228E-10 3.2815E-10 3.5492E-10 3.8250E-10 4.1082E-10 4.3959E-10 4.6918E-10 4.9924E-10 5.2905E-10 5.5961E-10 5.9021E-10 6.2116E-10 6.5200E-10 6.8281E-10 7.1380E-10 7.4417E-10 7.7501E-10 8.0488E-10 8.3507E-10 8.6419E-10 8.9350E-10 9.2164E-10 9.4978E-10 9.7674E-10 1.0034E-09 1.0290E-09 1.0540E-09 1.0781E-09 1.1014E-09 1.1238E-09 1.1454E-09 1.1661E-09 1.1859E-09 1.2048E-09 1.2228E-09 1.2399E-09 1.2561E-09 1.2713E-09 1.2857E-09 1.2992E-09 1.3117E-09 1.3234E-09 1.3342E-09 1.3441E-09 1.3531E-09 1.3613E-09 1.3687E-09 1.3753E-09 1.3811E-09 1.3861E-09 1.3904E-09 1.3940E-09 1.3968E-09
2.1031E-10 2.3276E-10 2.5596E-10 2.8017E-10 3.0558E-10 3.3196E-10 3.5927E-10 3.8742E-10 4.1634E-10 4.4595E-10 4.7595E-10 5.0667E-10 5.3714E-10 5.6861E-10 5.9967E-10 6.3131E-10 6.6285E-10 6.9436E-10 7.2605E-10 7.5710E-10 7.8864E-10 8.1918E-10 8.5005E-10 8.7983E-10 9.0978E-10 9.3855E-10 9.6730E-10 9.9485E-10 1.0221E-09 1.0482E-09 1.0738E-09 1.0984E-09 1.1221E-09 1.1450E-09 1.1670E-09 1.1881E-09 1.2082E-09 1.2275E-09 1.2458E-09 1.2632E-09 1.2796E-09 1.2952E-09 1.3097E-09 1.3234E-09 1.3361E-09 1.3479E-09 1.3588E-09 1.3688E-09 1.3779E-09 1.3862E-09 1.3936E-09 1.4002E-09 1.4060E-09 1.4110E-09 1.4153E-09 1.4187E-09 1.4215E-09
2.1179E-10 2.3463E-10 2.5824E-10 2.8290E-10 3.0879E-10 3.3569E-10 3.6354E-10 3.9251E-10 4.2180E-10 4.5204E-10 4.8268E-10 5.1407E-10 5.4521E-10 5.7738E-10 6.0913E-10 6.4149E-10 6.7373E-10 7.0618E-10 7.3835E-10 7.7034E-10 8.0236E-10 8.3359E-10 8.6516E-10 8.9559E-10 9.2622E-10 9.5562E-10 9.8500E-10 1.0131E-09 1.0410E-09 1.0677E-09 1.0938E-09 1.1188E-09 1.1431E-09 1.1664E-09 1.1888E-09 1.2103E-09 1.2309E-09 1.2505E-09 1.2691E-09 1.2868E-09 1.3035E-09 1.3193E-09 1.3341E-09 1.3479E-09 1.3608E-09 1.3728E-09 1.3838E-09 1.3939E-09 1.4031E-09 1.4114E-09 1.4189E-09 1.4255E-09 1.4313E-09 1.4363E-09 1.4404E-09 1.4439E-09 1.4465E-09
2.1318E-10 2.3640E-10 2.6043E-10 2.8554E-10 3.1191E-10 3.3959E-10 3.6799E-10 3.9729E-10 4.2743E-10 4.5806E-10 4.8936E-10 5.2143E-10 5.5325E-10 5.8613E-10 6.1858E-10 6.5190E-10 6.8464E-10 7.1781E-10 7.5071E-10 7.8342E-10 8.1616E-10 8.4810E-10 8.8037E-10 9.1149E-10 9.4279E-10 9.7284E-10 1.0029E-09 1.0316E-09 1.0600E-09 1.0873E-09 1.1140E-09 1.1396E-09 1.1643E-09 1.1881E-09 1.2109E-09 1.2329E-09 1.2538E-09 1.2738E-09 1.2927E-09 1.3107E-09 1.3277E-09 1.3437E-09 1.3588E-09 1.3728E-09 1.3859E-09 1.3980E-09 1.4091E-09 1.4193E-09 1.4286E-09 1.4370E-09 1.4445E-09 1.4511E-09 1.4569E-09 1.4618E-09 1.4659E-09 1.4693E-09 1.4719E-09
2.1448E-10 2.3808E-10 2.6252E-10 2.8808E-10 3.1494E-10 3.4314E-10 3.7210E-10 4.0199E-10 4.3274E-10 4.6426E-10 4.9598E-10 5.2874E-10 5.6126E-10 5.9485E-10 6.2803E-10 6.6208E-10 6.9555E-10 7.2971E-10 7.6312E-10 7.9680E-10 8.3003E-10 8.6269E-10 8.9568E-10 9.2749E-10 9.5949E-10 9.9021E-10 1.0209E-09 1.0503E-09 1.0793E-09 1.1072E-09 1.1344E-09 1.1605E-09 1.1857E-09 1.2100E-09 1.2333E-09 1.2557E-09 1.2770E-09 1.2973E-09 1.3166E-09 1.3349E-09 1.3522E-09 1.3685E-09 1.3837E-09 1.3980E-09 1.4112E-09 1.4235E-09 1.4347E-09 1.4451E-09 1.4544E-09 1.4629E-09 1.4704E-09 1.4770E-09 1.4828E-09 1.4877E-09 1.4918E-09 1.4951E-09 1.4976E-09
2.1566E-10 2.3964E-10 2.6450E-10 2.9050E-10 3.1812E-10 3.4659E-10 3.7611E-10 4.0660E-10 4.3797E-10 4.7014E-10 5.0253E-10 5.3599E-10 5.6921E-10 6.0353E-10 6.3744E-10 6.7225E-10 7.0647E-10 7.4139E-10 7.7555E-10 8.0998E-10 8.4397E-10 8.7759E-10 9.1109E-10 9.4361E-10 9.7632E-10 1.0077E-09 1.0391E-09 1.0691E-09 1.0987E-09 1.1272E-09 1.1550E-09 1.1816E-09 1.2074E-09 1.2322E-09 1.2559E-09 1.2787E-09 1.3005E-09 1.3212E-09 1.3408E-09 1.3595E-09 1.3770E-09 1.3936E-09 1.4090E-09 1.4235E-09 1.4369E-09 1.4493E-09 1.4607E-09 1.4711E-09 1.4806E-09 1.4891E-09 1.4966E-09 1.5033E-09 1.5090E-09 1.5139E-09 1.5179E-09 1.5212E-09 1.5236E-09
2.1674E-10 2.4109E-10 2.6636E-10 2.9282E-10 3.2093E-10 3.4992E-10 3.8001E-10 4.1110E-10 4.4310E-10 4.7593E-10 5.0900E-10 5.4316E-10 5.7710E-10 6.1217E-10 6.4682E-10 6.8240E-10 7.1738E-10 7.5307E-10 7.8800E-10 8.2320E-10 8.5795E-10 8.9233E-10 9.2657E-10 9.5982E-10 9.9325E-10 1.0253E-09 1.0574E-09 1.0881E-09 1.1184E-09 1.1474E-09 1.1758E-09 1.2030E-09 1.2293E-09 1.2545E-09 1.2788E-09 1.3020E-09 1.3242E-09 1.3453E-09 1.3653E-09 1.3842E-09 1.4021E-09 1.4189E-09 1.4346E-09 1.4493E-09 1.4629E-09 1.4755E-09 1.4870E-09 1.4975E-09 1.5070E-09 1.5156E-09 1.5232E-09 1.5298E-09 1.5356E-09 1.5404E-09 1.5444E-09 1.5476E-09 1.5499E-09
2.1775E-10 2.4242E-10 2.6810E-10 2.9501E-10 3.2361E-10 3.5314E-10 3.8379E-10 4.1548E-10 4.4838E-10 4.8162E-10 5.1537E-10 5.5026E-10 5.8492E-10 6.2074E-10 6.5615E-10 6.9251E-10 7.2826E-10 7.6475E-10 8.0045E-10 8.3669E-10 8.7197E-10 9.0736E-10 9.4212E-10 9.7611E-10 1.0103E-09 1.0431E-09 1.0758E-09 1.1072E-09 1.1381E-09 1.1678E-09 1.1968E-09 1.2246E-09 1.2514E-09 1.2772E-09 1.3019E-09 1.3256E-09 1.3482E-09 1.3696E-09 1.3900E-09 1.4093E-09 1.4275E-09 1.4446E-09 1.4605E-09 1.4754E-09 1.4892E-09 1.5019E-09 1.5136E-09 1.5242E-09 1.5338E-09 1.5424E-09 1.5501E-09 1.5567E-09 1.5625E-09 1.5673E-09 1.5712E-09 1.5743E-09 1.5765E-09
2.1867E-10 2.4364E-10 2.6971E-10 2.9706E-10 3.2616E-10 3.5622E-10 3.8744E-10 4.2000E-10 4.5328E-10 4.8745E-10 5.2164E-10 5.5725E-10 5.9265E-10 6.2924E-10 6.6542E-10 7.0257E-10 7.3911E-10 7.7640E-10 8.1290E-10 8.4994E-10 8.8601E-10 9.2219E-10 9.5773E-10 9.9271E-10 1.0274E-09 1.0609E-09 1.0944E-09 1.1264E-09 1.1580E-09 1.1883E-09 1.2179E-09 1.2463E-09 1.2737E-09 1.3000E-09 1.3252E-09 1.3494E-09 1.3724E-09 1.3943E-09 1.4150E-09 1.4347E-09 1.4531E-09 1.4705E-09 1.4867E-09 1.5018E-09 1.5158E-09 1.5287E-09 1.5405E-09 1.5512E-09 1.5609E-09 1.5696E-09 1.5773E-09 1.5839E-09 1.5897E-09 1.5944E-09 1.5983E-09 1.6013E-09 1.6035E-09
2.1951E-10 2.4476E-10 2.7118E-10 2.9898E-10 3.2857E-10 3.5917E-10 3.9096E-10 4.2413E-10 4.5806E-10 4.9291E-10 5.2780E-10 5.6414E-10 6.0029E-10 6.3765E-10 6.7461E-10 7.1257E-10 7.4991E-10 7.8802E-10 8.2533E-10 8.6319E-10 9.0006E-10 9.3704E-10 9.7337E-10 1.0091E-09 1.0446E-09 1.0788E-09 1.1130E-09 1.1458E-09 1.1781E-09 1.2090E-09 1.2393E-09 1.2682E-09 1.2962E-09 1.3230E-09 1.3488E-09 1.3734E-09 1.3968E-09 1.4191E-09 1.4403E-09 1.4603E-09 1.4791E-09 1.4967E-09 1.5132E-09 1.5285E-09 1.5427E-09 1.5558E-09 1.5677E-09 1.5786E-09 1.5883E-09 1.5971E-09 1.6048E-09 1.6115E-09 1.6172E-09 1.6219E-09 1.6257E-09 1.6287E-09 1.6307E-09
2.2027E-10 2.4580E-10 2.7253E-10 3.0075E-10 3.3083E-10 3.6196E-10 3.9460E-10 4.2812E-10 4.6269E-10 4.9823E-10 5.3382E-10 5.7091E-10 6.0781E-10 6.4596E-10 6.8372E-10 7.2249E-10 7.6064E-10 7.9959E-10 8.3772E-10 8.7642E-10 9.1411E-10 9.5216E-10 9.8905E-10 1.0259E-09 1.0618E-09 1.0971E-09 1.1318E-09 1.1655E-09 1.1983E-09 1.2301E-09 1.2607E-09 1.2903E-09 1.3188E-09 1.3462E-09 1.3725E-09 1.3976E-09 1.4215E-09 1.4442E-09 1.4658E-09 1.4861E-09 1.5052E-09 1.5232E-09 1.5399E-09 1.5555E-09 1.5699E-09 1.5831E-09 1.5952E-09 1.6062E-09 1.6160E-09 1.6248E-09 1.6326E-09 1.6393E-09 1.6450E-09 1.6497E-09 1.6535E-09 1.6563E-09 1.6583E-09
2.2093E-10 2.4673E-10 2.7377E-10 3.0236E-10 3.3294E-10 3.6459E-10 3.9781E-10 4.3194E-10 4.6717E-10 5.0340E-10 5.3970E-10 5.7754E-10 6.1520E-10 6.5416E-10 6.9271E-10 7.3231E-10 7.7130E-10 8.1109E-10 8.5006E-10 8.8961E-10 9.2813E-10 9.6703E-10 1.0047E-09 1.0424E-09 1.0791E-09 1.1151E-09 1.1506E-09 1.1850E-09 1.2185E-09 1.2510E-09 1.2823E-09 1.3126E-09 1.3417E-09 1.3696E-09 1.3964E-09 1.4220E-09 1.4464E-09 1.4696E-09 1.4915E-09 1.5122E-09 1.5317E-09 1.5499E-09 1.5669E-09 1.5827E-09 1.5973E-09 1.6107E-09 1.6230E-09 1.6341E-09 1.6440E-09 1.6529E-09 1.6607E-09 1.6674E-09 1.6731E-09 1.6778E-09 1.6815E-09 1.6843E-09 1.6861E-09
2.2154E-10 2.4758E-10 2.7491E-10 3.0385E-10 3.3487E-10 3.6705E-10 4.0085E-10 4.3560E-10 4.7149E-10 5.0840E-10 5.4542E-10 5.8402E-10 6.2245E-10 6.6222E-10 7.0159E-10 7.4203E-10 7.8186E-10 8.2251E-10 8.6233E-10 9.0275E-10 9.4212E-10 9.8188E-10 1.0204E-09 1.0589E-09 1.0965E-09 1.1335E-09 1.1695E-09 1.2049E-09 1.2389E-09 1.2721E-09 1.3041E-09 1.3349E-09 1.3647E-09 1.3932E-09 1.4205E-09 1.4466E-09 1.4715E-09 1.4951E-09 1.5175E-09 1.5385E-09 1.5583E-09 1.5769E-09 1.5942E-09 1.6102E-09 1.6250E-09 1.6386E-09 1.6510E-09 1.6623E-09 1.6723E-09 1.6812E-09 1.6891E-09 1.6958E-09 1.7015E-09 1.7061E-09 1.7098E-09 1.7125E-09 1.7143E-09
2.2205E-10 2.4831E-10 2.7592E-10 3.0520E-10 3.3663E-10 3.6933E-10 4.0370E-10 4.3907E-10 4.7562E-10 5.1323E-10 5.5124E-10 5.9034E-10 6.2955E-10 6.7013E-10 7.1032E-10 7.5163E-10 7.9230E-10 8.3384E-10 8.7452E-10 9.1582E-10 9.5606E-10 9.9668E-10 1.0361E-09 1.0756E-09 1.1138E-09 1.1516E-09 1.1885E-09 1.2246E-09 1.2593E-09 1.2933E-09 1.3259E-09 1.3574E-09 1.3878E-09 1.4169E-09 1.4448E-09 1.4714E-09 1.4968E-09 1.5209E-09 1.5436E-09 1.5651E-09 1.5853E-09 1.6041E-09 1.6217E-09 1.6380E-09 1.6530E-09 1.6668E-09 1.6794E-09 1.6907E-09 1.7009E-09 1.7099E-09 1.7177E-09 1.7245E-09 1.7302E-09 1.7348E-09 1.7384E-09 1.7410E-09 1.7427E-09
2.2247E-10 2.4896E-10 2.7685E-10 3.0644E-10 3.3825E-10 3.7142E-10 4.0636E-10 4.4235E-10 4.7956E-10 5.1787E-10 5.5661E-10 5.9647E-10 6.3647E-10 6.7788E-10 7.1891E-10 7.6108E-10 8.0262E-10 8.4504E-10 8.8661E-10 9.2880E-10 9.6992E-10 1.0114E-09 1.0517E-09 1.0921E-09 1.1311E-09 1.1698E-09 1.2074E-09 1.2444E-09 1.2799E-09 1.3145E-09 1.3479E-09 1.3801E-09 1.4110E-09 1.4408E-09 1.4692E-09 1.4964E-09 1.5222E-09 1.5468E-09 1.5700E-09 1.5918E-09 1.6124E-09 1.6316E-09 1.6494E-09 1.6660E-09 1.6813E-09 1.6952E-09 1.7080E-09 1.7194E-09 1.7297E-09 1.7388E-09 1.7467E-09 1.7534E-09 1.7591E-09 1.7637E-09 1.7673E-09 1.7698E-09 1.7714E-09
2.2284E-10 2.4952E-10 2.7765E-10 3.0753E-10 3.3971E-10 3.7332E-10 4.0882E-10 4.4542E-10 4.8329E-10 5.2231E-10 5.6178E-10 6.0242E-10 6.4321E-10 6.8545E-10 7.2732E-10 7.7037E-10 8.1279E-10 8.5611E-10 8.9857E-10 9.4168E-10 9.8370E-10 1.0261E-09 1.0673E-09 1.1086E-09 1.1484E-09 1.1882E-09 1.2264E-09 1.2641E-09 1.3004E-09 1.3358E-09 1.3699E-09 1.4028E-09 1.4344E-09 1.4647E-09 1.4938E-09 1.5215E-09 1.5479E-09 1.5729E-09 1.5965E-09 1.6188E-09 1.6397E-09 1.6592E-09 1.6774E-09 1.6942E-09 1.7097E-09 1.7239E-09 1.7368E-09 1.7484E-09 1.7588E-09 1.7679E-09 1.7759E-09 1.7827E-09 1.7883E-09 1.7929E-09 1.7964E-09 1.7989E-09 1.8003E-09
2.2309E-10 2.4997E-10 2.7832E-10 3.0851E-10 3.4104E-10 3.7505E-10 4.1106E-10 4.4827E-10 4.8680E-10 5.2652E-10 5.6673E-10 6.0814E-10 6.5001E-10 6.9282E-10 7.3555E-10 7.7948E-10 8.2279E-10 8.6703E-10 9.1040E-10 9.5443E-10 9.9736E-10 1.0407E-09 1.0827E-09 1.1250E-09 1.1657E-09 1.2063E-09 1.2454E-09 1.2839E-09 1.3210E-09 1.3572E-09 1.3920E-09 1.4255E-09 1.4578E-09 1.4888E-09 1.5185E-09 1.5467E-09 1.5736E-09 1.5991E-09 1.6232E-09 1.6459E-09 1.6672E-09 1.6871E-09 1.7056E-09 1.7227E-09 1.7384E-09 1.7528E-09 1.7659E-09 1.7776E-09 1.7881E-09 1.7973E-09 1.8053E-09 1.8121E-09 1.8178E-09 1.8223E-09 1.8258E-09 1.8282E-09 1.8295E-09
2.2330E-10 2.5033E-10 2.7891E-10 3.0936E-10 3.4221E-10 3.7662E-10 4.1309E-10 4.5089E-10 4.9008E-10 5.3050E-10 5.7145E-10 6.1364E-10 6.5632E-10 6.9998E-10 7.4356E-10 7.8839E-10 8.3260E-10 8.7777E-10 9.2206E-10 9.6703E-10 1.0109E-09 1.0552E-09 1.0981E-09 1.1413E-09 1.1829E-09 1.2244E-09 1.2643E-09 1.3037E-09 1.3416E-09 1.3785E-09 1.4141E-09 1.4484E-09 1.4813E-09 1.5130E-09 1.5432E-09 1.5721E-09 1.5995E-09 1.6255E-09 1.6501E-09 1.6732E-09 1.6949E-09 1.7151E-09 1.7339E-09 1.7513E-09 1.7673E-09 1.7819E-09 1.7951E-09 1.8070E-09 1.8176E-09 1.8269E-09 1.8350E-09 1.8419E-09 1.8475E-09 1.8520E-09 1.8554E-09 1.8577E-09 1.8590E-09
2.2353E-10 2.5058E-10 2.7936E-10 3.1005E-10 3.4323E-10 3.7802E-10 4.1493E-10 4.5327E-10 4.9311E-10 5.3424E-10 5.7592E-10 6.1890E-10 6.6239E-10 7.0690E-10 7.5163E-10 7.9709E-10 8.4221E-10 8.8831E-10 9.3354E-10 9.7947E-10 1.0243E-09 1.0695E-09 1.1134E-09 1.1575E-09 1.2000E-09 1.2424E-09 1.2832E-09 1.3234E-09 1.3621E-09 1.3999E-09 1.4362E-09 1.4712E-09 1.5049E-09 1.5372E-09 1.5681E-09 1.5975E-09 1.6255E-09 1.6521E-09 1.6771E-09 1.7007E-09 1.7227E-09 1.7433E-09 1.7625E-09 1.7801E-09 1.7964E-09 1.8112E-09 1.8246E-09 1.8367E-09 1.8474E-09 1.8568E-09 1.8649E-09 1.8718E-09 1.8775E-09 1.8820E-09 1.8853E-09 1.8875E-09 1.8887E-09
2.2378E-10 2.5076E-10 2.7924E-10 3.1064E-10 3.4412E-10 3.7926E-10 4.1660E-10 4.5542E-10 4.9587E-10 5.3770E-10 5.8012E-10 6.2389E-10 6.6820E-10 7.1356E-10 7.5918E-10 8.0554E-10 8.5159E-10 8.9864E-10 9.4482E-10 9.9172E-10 1.0375E-09 1.0837E-09 1.1285E-09 1.1735E-09 1.2170E-09 1.2603E-09 1.3020E-09 1.3431E-09 1.3827E-09 1.4213E-09 1.4583E-09 1.4941E-09 1.5285E-09 1.5615E-09 1.5930E-09 1.6231E-09 1.6516E-09 1.6787E-09 1.7042E-09 1.7282E-09 1.7507E-09 1.7717E-09 1.7912E-09 1.8091E-09 1.8257E-09 1.8407E-09 1.8543E-09 1.8665E-09 1.8774E-09 1.8869E-09 1.8951E-09 1.9020E-09 1.9076E-09 1.9121E-09 1.9154E-09 1.9175E-09 1.9186E-09
2.2421E-10 2.5098E-10 2.7947E-10 3.1108E-10 3.4451E-10 3.8029E-10 4.1805E-10 4.5735E-10 4.9836E-10 5.4089E-10 5.8405E-10 6.2860E-10 6.7373E-10 7.1995E-10 7.6646E-10 8.1374E-10 8.6071E-10 9.0873E-10 9.5587E-10 1.0037E-09 1.0505E-09 1.0977E-09 1.1435E-09 1.1895E-09 1.2339E-09 1.2781E-09 1.3207E-09 1.3627E-09 1.4031E-09 1.4426E-09 1.4805E-09 1.5170E-09 1.5521E-09 1.5858E-09 1.6180E-09 1.6487E-09 1.6778E-09 1.7054E-09 1.7314E-09 1.7559E-09 1.7788E-09 1.8002E-09 1.8200E-09 1.8383E-09 1.8551E-09 1.8704E-09 1.8842E-09 1.8966E-09 1.9075E-09 1.9171E-09 1.9254E-09 1.9323E-09 1.9380E-09 1.9424E-09 1.9457E-09 1.9478E-09 1.9488E-09
2.2485E-10 2.5124E-10 2.7959E-10 3.1136E-10 3.4506E-10 3.8119E-10 4.1902E-10 4.5907E-10 5.0061E-10 5.4378E-10 5.8767E-10 6.3301E-10 6.7896E-10 7.2605E-10 7.7345E-10 8.2165E-10 8.6986E-10 9.1856E-10 9.6667E-10 1.0155E-09 1.0633E-09 1.1114E-09 1.1582E-09 1.2052E-09 1.2506E-09 1.2958E-09 1.3393E-09 1.3823E-09 1.4235E-09 1.4638E-09 1.5025E-09 1.5398E-09 1.5757E-09 1.6101E-09 1.6430E-09 1.6743E-09 1.7040E-09 1.7322E-09 1.7587E-09 1.7837E-09 1.8071E-09 1.8288E-09 1.8490E-09 1.8676E-09 1.8847E-09 1.9002E-09 1.9142E-09 1.9268E-09 1.9379E-09 1.9476E-09 1.9559E-09 1.9629E-09 1.9686E-09 1.9730E-09 1.9762E-09 1.9782E-09 1.9791E-09
2.2569E-10 2.5118E-10 2.7976E-10 3.1155E-10 3.4547E-10 3.8189E-10 4.2007E-10 4.6056E-10 5.0260E-10 5.4636E-10 5.9128E-10 6.3710E-10 6.8388E-10 7.3183E-10 7.8013E-10 8.2927E-10 8.7842E-10 9.2810E-10 9.7719E-10 1.0271E-09 1.0758E-09 1.1250E-09 1.1728E-09 1.2208E-09 1.2671E-09 1.3133E-09 1.3578E-09 1.4016E-09 1.4438E-09 1.4849E-09 1.5245E-09 1.5626E-09 1.5993E-09 1.6344E-09 1.6679E-09 1.6999E-09 1.7303E-09 1.7590E-09 1.7861E-09 1.8115E-09 1.8353E-09 1.8575E-09 1.8781E-09 1.8970E-09 1.9144E-09 1.9301E-09 1.9444E-09 1.9571E-09 1.9684E-09 1.9782E-09 1.9866E-09 1.9936E-09 1.9993E-09 2.0037E-09 2.0069E-09 2.0088E-09 2.0096E-09
