Assets/Resources/2015_m01_d11_2300(utc+0800)_l00_csi_1hr_conc.grd
DSAA
         159         159
     -79.000      79.000
     -79.000      79.000
  0.0000E+00  0.2192E-05
[rows 25 to 49 of 159, columns 57 to 113 of 159]
4.2396E-08 4.4304E-08 4.5612E-08 4.7848E-08 4.8900E-08 4.9573E-08 5.0814E-08 5.1033E-08 5.1087E-08 5.0956E-08 5.0631E-08 5.0092E-08 4.9329E-08 4.8331E-08 4.7108E-08 4.5655E-08 4.3981E-08 4.2077E-08 3.9974E-08 3.7683E-08 3.5216E-08 3.2634E-08 2.9925E-08 2.7168E-08 2.4365E-08 2.1564E-08 1.8795E-08 1.6081E-08 1.3484E-08 1.1050E-08 8.8787E-09 6.9726E-09 5.3450E-09 4.0157E-09 2.9128E-09 2.0394E-09 1.3666E-09 8.5619E-10 5.1420E-10 2.6624E-10 7.8106E-11 1.2764E-11 0.0000E+00 0.0000E+00 0.0000E+00 0.0000E+00 0.0000E+00 0.0000E+00 0.0000E+00 0.0000E+00 0.0000E+00 0.0000E+00 0.0000E+00 0.0000E+00 0.0000E+00 0.0000E+00 0.0000E+00
4.1746E-08 4.4076E-08 4.5729E-08 4.6720E-08 4.8149E-08 4.9136E-08 4.9704E-08 5.0150E-08 5.0443E-08 5.0573E-08 5.0517E-08 5.0264E-08 4.9788E-08 4.9107E-08 4.8177E-08 4.7031E-08 4.5646E-08 4.4030E-08 4.2174E-08 4.0091E-08 3.7805E-08 3.5326E-08 3.2705E-08 2.9937E-08 2.7077E-08 2.4151E-08 2.1209E-08 1.8291E-08 1.5453E-08 1.2758E-08 1.0298E-08 8.1319E-09 6.2775E-09 4.7507E-09 3.4689E-09 2.4315E-09 1.6185E-09 1.0352E-09 6.1926E-10 3.3536E-10 1.0347E-10 1.5091E-11 0.0000E+00 0.0000E+00 0.0000E+00 0.0000E+00 0.0000E+00 0.0000E+00 0.0000E+00 0.0000E+00 0.0000E+00 0.0000E+00 0.0000E+00 0.0000E+00 0.0000E+00 0.0000E+00 0.0000E+00
4.1611E-08 4.2788E-08 4.4179E-08 4.5795E-08 4.6709E-08 4.7564E-08 4.8330E-08 4.8979E-08 4.9512E-08 4.9884E-08 5.0104E-08 5.0128E-08 4.9968E-08 4.9580E-08 4.8991E-08 4.8166E-08 4.7115E-08 4.5800E-08 4.4241E-08 4.2437E-08 4.0377E-08 3.8096E-08 3.5578E-08 3.2861E-08 2.9977E-08 2.6967E-08 2.3872E-08 2.0744E-08 1.7660E-08 1.4670E-08 1.1920E-08 9.4729E-09 7.3618E-09 5.5772E-09 4.0870E-09 2.8813E-09 1.9407E-09 1.2298E-09 7.4639E-10 3.9734E-10 1.3418E-10 2.8885E-11 0.0000E+00 0.0000E+00 0.0000E+00 0.0000E+00 0.0000E+00 0.0000E+00 0.0000E+00 0.0000E+00 0.0000E+00 0.0000E+00 0.0000E+00 0.0000E+00 0.0000E+00 0.0000E+00 0.0000E+00
3.9599E-08 4.1503E-08 4.2617E-08 4.3694E-08 4.4744E-08 4.5749E-08 4.6678E-08 4.7532E-08 4.8271E-08 4.8896E-08 4.9363E-08 4.9679E-08 4.9803E-08 4.9752E-08 4.9488E-08 4.9020E-08 4.8305E-08 4.7357E-08 4.6144E-08 4.4658E-08 4.2896E-08 4.0830E-08 3.8496E-08 3.5889E-08 3.3045E-08 2.9982E-08 2.6765E-08 2.3444E-08 2.0102E-08 1.6827E-08 1.3746E-08 1.0990E-08 8.5817E-09 6.5245E-09 4.8040E-09 3.3956E-09 2.2760E-09 1.4675E-09 8.8290E-10 4.8804E-10 1.6862E-10 3.4132E-11 0.0000E+00 0.0000E+00 0.0000E+00 0.0000E+00 0.0000E+00 0.0000E+00 0.0000E+00 0.0000E+00 0.0000E+00 0.0000E+00 0.0000E+00 0.0000E+00 0.0000E+00 0.0000E+00 0.0000E+00
3.7880E-08 3.9061E-08 4.0239E-08 4.1414E-08 4.2562E-08 4.3692E-08 4.4781E-08 4.5798E-08 4.6742E-08 4.7578E-08 4.8297E-08 4.8871E-08 4.9299E-08 4.9554E-08 4.9640E-08 4.9520E-08 4.9197E-08 4.8633E-08 4.7805E-08 4.6692E-08 4.5269E-08 4.3524E-08 4.1436E-08 3.9003E-08 3.6241E-08 3.3192E-08 2.9882E-08 2.6381E-08 2.2798E-08 1.9232E-08 1.5811E-08 1.2716E-08 9.9744E-09 7.5938E-09 5.5961E-09 3.9804E-09 2.6898E-09 1.7213E-09 1.0532E-09 5.7182E-10 2.0956E-10 5.1614E-11 8.5356E-13 0.0000E+00 0.0000E+00 0.0000E+00 0.0000E+00 0.0000E+00 0.0000E+00 0.0000E+00 0.0000E+00 0.0000E+00 0.0000E+00 0.0000E+00 0.0000E+00 0.0000E+00 0.0000E+00
3.5289E-08 3.6497E-08 3.7724E-08 3.8959E-08 4.0197E-08 4.1431E-08 4.2634E-08 4.3807E-08 4.4915E-08 4.5951E-08 4.6881E-08 4.7710E-08 4.8409E-08 4.8976E-08 4.9390E-08 4.9648E-08 4.9714E-08 4.9558E-08 4.9158E-08 4.8468E-08 4.7457E-08 4.6079E-08 4.4310E-08 4.2124E-08 3.9540E-08 3.6551E-08 3.3198E-08 2.9563E-08 2.5744E-08 2.1875E-08 1.8106E-08 1.4649E-08 1.1535E-08 8.8100E-09 6.5056E-09 4.6325E-09 3.1356E-09 2.0242E-09 1.2275E-09 6.9078E-10 2.5946E-10 6.2265E-11 1.3858E-12 0.0000E+00 0.0000E+00 0.0000E+00 0.0000E+00 0.0000E+00 0.0000E+00 0.0000E+00 0.0000E+00 0.0000E+00 0.0000E+00 0.0000E+00 0.0000E+00 0.0000E+00 0.0000E+00
3.2631E-08 3.3848E-08 3.5102E-08 3.6379E-08 3.7667E-08 3.8978E-08 4.0278E-08 4.1565E-08 4.2812E-08 4.4007E-08 4.5136E-08 4.6181E-08 4.7134E-08 4.7986E-08 4.8732E-08 4.9351E-08 4.9808E-08 5.0087E-08 5.0138E-08 4.9913E-08 4.9367E-08 4.8433E-08 4.7059E-08 4.5227E-08 4.2874E-08 4.0030E-08 3.6703E-08 3.2965E-08 2.8950E-08 2.4793E-08 2.0668E-08 1.6813E-08 1.3283E-08 1.0165E-08 7.5196E-09 5.3728E-09 3.6526E-09 2.3563E-09 1.4434E-09 7.9747E-10 3.1769E-10 8.8952E-11 1.5239E-12 0.0000E+00 0.0000E+00 0.0000E+00 0.0000E+00 0.0000E+00 0.0000E+00 0.0000E+00 0.0000E+00 0.0000E+00 0.0000E+00 0.0000E+00 0.0000E+00 0.0000E+00 0.0000E+00
2.9937E-08 3.1151E-08 3.2403E-08 3.3691E-08 3.5020E-08 3.6369E-08 3.7738E-08 3.9104E-08 4.0460E-08 4.1781E-08 4.3068E-08 4.4296E-08 4.5473E-08 4.6590E-08 4.7639E-08 4.8599E-08 4.9451E-08 5.0160E-08 5.0679E-08 5.0962E-08 5.0932E-08 5.0511E-08 4.9637E-08 4.8212E-08 4.6201E-08 4.3575E-08 4.0340E-08 3.6579E-08 3.2389E-08 2.7952E-08 2.3473E-08 1.9203E-08 1.5233E-08 1.1690E-08 8.6605E-09 6.1836E-09 4.2146E-09 2.7351E-09 1.6672E-09 9.4554E-10 3.8628E-10 1.0873E-10 3.4158E-12 0.0000E+00 0.0000E+00 0.0000E+00 0.0000E+00 0.0000E+00 0.0000E+00 0.0000E+00 0.0000E+00 0.0000E+00 0.0000E+00 0.0000E+00 0.0000E+00 0.0000E+00 0.0000E+00
2.7245E-08 2.8432E-08 2.9667E-08 3.0947E-08 3.2272E-08 3.3648E-08 3.5039E-08 3.6461E-08 3.7872E-08 3.9295E-08 4.0692E-08 4.2079E-08 4.3437E-08 4.4783E-08 4.6099E-08 4.7385E-08 4.8599E-08 4.9733E-08 5.0737E-08 5.1548E-08 5.2081E-08 5.2255E-08 5.1922E-08 5.1014E-08 4.9437E-08 4.7140E-08 4.4101E-08 4.0359E-08 3.6058E-08 3.1379E-08 2.6546E-08 2.1828E-08 1.7376E-08 1.3368E-08 9.9226E-09 7.0969E-09 4.8460E-09 3.1441E-09 1.9414E-09 1.0841E-09 4.5829E-10 1.4279E-10 9.7199E-12 0.0000E+00 0.0000E+00 0.0000E+00 0.0000E+00 0.0000E+00 0.0000E+00 0.0000E+00 0.0000E+00 0.0000E+00 0.0000E+00 0.0000E+00 0.0000E+00 0.0000E+00 0.0000E+00
2.4591E-08 2.5734E-08 2.6924E-08 2.8175E-08 2.9484E-08 3.0833E-08 3.2236E-08 3.3657E-08 3.5110E-08 3.6576E-08 3.8059E-08 3.9542E-08 4.1057E-08 4.2576E-08 4.4132E-08 4.5683E-08 4.7240E-08 4.8776E-08 5.0261E-08 5.1617E-08 5.2760E-08 5.3544E-08 5.3851E-08 5.3558E-08 5.2515E-08 5.0639E-08 4.7867E-08 4.4253E-08 3.9901E-08 3.5008E-08 2.9837E-08 2.4671E-08 1.9725E-08 1.5218E-08 1.1311E-08 8.0877E-09 5.5432E-09 3.6114E-09 2.2182E-09 1.2635E-09 5.4759E-10 1.7450E-10 1.4663E-11 0.0000E+00 0.0000E+00 0.0000E+00 0.0000E+00 0.0000E+00 0.0000E+00 0.0000E+00 0.0000E+00 0.0000E+00 0.0000E+00 0.0000E+00 0.0000E+00 0.0000E+00 0.0000E+00
2.2004E-08 2.3079E-08 2.4217E-08 2.5418E-08 2.6666E-08 2.7988E-08 2.9345E-08 3.0760E-08 3.2197E-08 3.3683E-08 3.5196E-08 3.6758E-08 3.8357E-08 4.0018E-08 4.1739E-08 4.3532E-08 4.5376E-08 4.7298E-08 4.9237E-08 5.1140E-08 5.2885E-08 5.4351E-08 5.5365E-08 5.5740E-08 5.5343E-08 5.4000E-08 5.1634E-08 4.8226E-08 4.3898E-08 3.8852E-08 3.3360E-08 2.7733E-08 2.2261E-08 1.7229E-08 1.2842E-08 9.1913E-09 6.2858E-09 4.1003E-09 2.5421E-09 1.4337E-09 6.3626E-10 2.1936E-10 2.7772E-11 0.0000E+00 0.0000E+00 0.0000E+00 0.0000E+00 0.0000E+00 0.0000E+00 0.0000E+00 0.0000E+00 0.0000E+00 0.0000E+00 0.0000E+00 0.0000E+00 0.0000E+00 0.0000E+00
1.9503E-08 2.0506E-08 2.1570E-08 2.2694E-08 2.3882E-08 2.5127E-08 2.6439E-08 2.7784E-08 2.9201E-08 3.0651E-08 3.2171E-08 3.3739E-08 3.5392E-08 3.7135E-08 3.8986E-08 4.0943E-08 4.3051E-08 4.5299E-08 4.7671E-08 5.0086E-08 5.2453E-08 5.4611E-08 5.6348E-08 5.7508E-08 5.7840E-08 5.7140E-08 5.5263E-08 5.2190E-08 4.7987E-08 4.2841E-08 3.7055E-08 3.0989E-08 2.5004E-08 1.9413E-08 1.4485E-08 1.0368E-08 7.1088E-09 4.6400E-09 2.8622E-09 1.6468E-09 7.4368E-10 2.6919E-10 3.7876E-11 0.0000E+00 0.0000E+00 0.0000E+00 0.0000E+00 0.0000E+00 0.0000E+00 0.0000E+00 0.0000E+00 0.0000E+00 0.0000E+00 0.0000E+00 0.0000E+00 0.0000E+00 0.0000E+00
1.7127E-08 1.8041E-08 1.9014E-08 2.0054E-08 2.1149E-08 2.2313E-08 2.3531E-08 2.4817E-08 2.6149E-08 2.7551E-08 2.9020E-08 3.0570E-08 3.2219E-08 3.3992E-08 3.5910E-08 3.7999E-08 4.0297E-08 4.2824E-08 4.5561E-08 4.8455E-08 5.1413E-08 5.4251E-08 5.6799E-08 5.8773E-08 5.9928E-08 5.9981E-08 5.8750E-08 5.6106E-08 5.2101E-08 4.6948E-08 4.0913E-08 3.4429E-08 2.7896E-08 2.1739E-08 1.6261E-08 1.1651E-08 7.9703E-09 5.2000E-09 3.2169E-09 1.8416E-09 8.4635E-10 3.2248E-10 5.5193E-11 0.0000E+00 0.0000E+00 0.0000E+00 0.0000E+00 0.0000E+00 0.0000E+00 0.0000E+00 0.0000E+00 0.0000E+00 0.0000E+00 0.0000E+00 0.0000E+00 0.0000E+00 0.0000E+00
1.4875E-08 1.5699E-08 1.6580E-08 1.7520E-08 1.8516E-08 1.9569E-08 2.0692E-08 2.1868E-08 2.3108E-08 2.4430E-08 2.5820E-08 2.7308E-08 2.8912E-08 3.0675E-08 3.2611E-08 3.4768E-08 3.7185E-08 3.9920E-08 4.2960E-08 4.6282E-08 4.9770E-08 5.3315E-08 5.6642E-08 5.9503E-08 6.1567E-08 6.2485E-08 6.1985E-08 5.9911E-08 5.6250E-08 5.1132E-08 4.4903E-08 3.8021E-08 3.0959E-08 2.4200E-08 1.8133E-08 1.2985E-08 8.8940E-09 5.7912E-09 3.5680E-09 2.0654E-09 9.7039E-10 3.7150E-10 7.4078E-11 0.0000E+00 0.0000E+00 0.0000E+00 0.0000E+00 0.0000E+00 0.0000E+00 0.0000E+00 0.0000E+00 0.0000E+00 0.0000E+00 0.0000E+00 0.0000E+00 0.0000E+00 0.0000E+00
1.2786E-08 1.3506E-08 1.4279E-08 1.5115E-08 1.6001E-08 1.6953E-08 1.7941E-08 1.9012E-08 2.0139E-08 2.1346E-08 2.2639E-08 2.4034E-08 2.5563E-08 2.7260E-08 2.9177E-08 3.1322E-08 3.3808E-08 3.6664E-08 3.9942E-08 4.3594E-08 4.7604E-08 5.1768E-08 5.5887E-08 5.9661E-08 6.2701E-08 6.4593E-08 6.4975E-08 6.3582E-08 6.0324E-08 5.5361E-08 4.8988E-08 4.1722E-08 3.4128E-08 2.6765E-08 2.0084E-08 1.4399E-08 9.8402E-09 6.4034E-09 3.9491E-09 2.2596E-09 1.0833E-09 4.2474E-10 8.9483E-11 0.0000E+00 0.0000E+00 0.0000E+00 0.0000E+00 0.0000E+00 0.0000E+00 0.0000E+00 0.0000E+00 0.0000E+00 0.0000E+00 0.0000E+00 0.0000E+00 0.0000E+00 0.0000E+00
1.0846E-08 1.1468E-08 1.2135E-08 1.2862E-08 1.3632E-08 1.4461E-08 1.5352E-08 1.6283E-08 1.7289E-08 1.8359E-08 1.9542E-08 2.0818E-08 2.2246E-08 2.3848E-08 2.5684E-08 2.7783E-08 3.0235E-08 3.3161E-08 3.6561E-08 4.0507E-08 4.4910E-08 4.9663E-08 5.4565E-08 5.9283E-08 6.3363E-08 6.6326E-08 6.7675E-08 6.7078E-08 6.4356E-08 5.9580E-08 5.3131E-08 4.5527E-08 3.7396E-08 2.9400E-08 2.2103E-08 1.5846E-08 1.0823E-08 7.0207E-09 4.3117E-09 2.4821E-09 1.2165E-09 4.6910E-10 1.0522E-10 0.0000E+00 0.0000E+00 0.0000E+00 0.0000E+00 0.0000E+00 0.0000E+00 0.0000E+00 0.0000E+00 0.0000E+00 0.0000E+00 0.0000E+00 0.0000E+00 0.0000E+00 0.0000E+00
9.0823E-09 9.6010E-09 1.0165E-08 1.0779E-08 1.1436E-08 1.2153E-08 1.2911E-08 1.3736E-08 1.4610E-08 1.5551E-08 1.6573E-08 1.7737E-08 1.9030E-08 2.0522E-08 2.2231E-08 2.4222E-08 2.6594E-08 2.9489E-08 3.2960E-08 3.7060E-08 4.1792E-08 4.7092E-08 5.2733E-08 5.8385E-08 6.3550E-08 6.7649E-08 7.0061E-08 7.0357E-08 6.8224E-08 6.3775E-08 5.7274E-08 4.9335E-08 4.0706E-08 3.2100E-08 2.4146E-08 1.7317E-08 1.1804E-08 7.6396E-09 4.6794E-09 2.6757E-09 1.3302E-09 5.1894E-10 1.1888E-10 0.0000E+00 0.0000E+00 0.0000E+00 0.0000E+00 0.0000E+00 0.0000E+00 0.0000E+00 0.0000E+00 0.0000E+00 0.0000E+00 0.0000E+00 0.0000E+00 0.0000E+00 0.0000E+00
7.4989E-09 7.9204E-09 8.3837E-09 8.8974E-09 9.4475E-09 1.0044E-08 1.0699E-08 1.1391E-08 1.2147E-08 1.2957E-08 1.3834E-08 1.4844E-08 1.6007E-08 1.7353E-08 1.8911E-08 2.0753E-08 2.2988E-08 2.5773E-08 2.9213E-08 3.3390E-08 3.8381E-08 4.4117E-08 5.0460E-08 5.7049E-08 6.3309E-08 6.8569E-08 7.2138E-08 7.3388E-08 7.1961E-08 6.7834E-08 6.1363E-08 5.3170E-08 4.4018E-08 3.4792E-08 2.6208E-08 1.8773E-08 1.2770E-08 8.2373E-09 5.0214E-09 2.8674E-09 1.4229E-09 5.5649E-10 1.2741E-10 0.0000E+00 0.0000E+00 0.0000E+00 0.0000E+00 0.0000E+00 0.0000E+00 0.0000E+00 0.0000E+00 0.0000E+00 0.0000E+00 0.0000E+00 0.0000E+00 0.0000E+00 0.0000E+00
6.0955E-09 6.4429E-09 6.8118E-09 7.2261E-09 7.6757E-09 8.1789E-09 8.7094E-09 9.2936E-09 9.9176E-09 1.0614E-08 1.1355E-08 1.2190E-08 1.3200E-08 1.4382E-08 1.5791E-08 1.7454E-08 1.9499E-08 2.2132E-08 2.5446E-08 2.9622E-08 3.4753E-08 4.0882E-08 4.7876E-08 5.5347E-08 6.2719E-08 6.9188E-08 7.3882E-08 7.6119E-08 7.5424E-08 7.1750E-08 6.5334E-08 5.6885E-08 4.7280E-08 3.7456E-08 2.8217E-08 2.0197E-08 1.3713E-08 8.8126E-09 5.3498E-09 3.0323E-09 1.5138E-09 5.9077E-10 1.3064E-10 0.0000E+00 0.0000E+00 0.0000E+00 0.0000E+00 0.0000E+00 0.0000E+00 0.0000E+00 0.0000E+00 0.0000E+00 0.0000E+00 0.0000E+00 0.0000E+00 0.0000E+00 0.0000E+00
4.8666E-09 5.1598E-09 5.4513E-09 5.7830E-09 6.1376E-09 6.5357E-09 6.9807E-09 7.4465E-09 7.9624E-09 8.5205E-09 9.1581E-09 9.8576E-09 1.0679E-08 1.1698E-08 1.2919E-08 1.4392E-08 1.6229E-08 1.8636E-08 2.1782E-08 2.5863E-08 3.1070E-08 3.7514E-08 4.5095E-08 5.3431E-08 6.1854E-08 6.9452E-08 7.5327E-08 7.8582E-08 7.8649E-08 7.5375E-08 6.9074E-08 6.0459E-08 5.0404E-08 4.0002E-08 3.0159E-08 2.1561E-08 1.4590E-08 9.3347E-09 5.6322E-09 3.1702E-09 1.5848E-09 6.1261E-10 1.3447E-10 0.0000E+00 0.0000E+00 0.0000E+00 0.0000E+00 0.0000E+00 0.0000E+00 0.0000E+00 0.0000E+00 0.0000E+00 0.0000E+00 0.0000E+00 0.0000E+00 0.0000E+00 0.0000E+00
3.8317E-09 4.0471E-09 4.2920E-09 4.5372E-09 4.8272E-09 5.1367E-09 5.4754E-09 5.8596E-09 6.2679E-09 6.7285E-09 7.2263E-09 7.8189E-09 8.4716E-09 9.3058E-09 1.0339E-08 1.1604E-08 1.3226E-08 1.5385E-08 1.8315E-08 2.2262E-08 2.7489E-08 3.4171E-08 4.2271E-08 5.1385E-08 6.0808E-08 6.9554E-08 7.6493E-08 8.0679E-08 8.1470E-08 7.8681E-08 7.2514E-08 6.3728E-08 5.3313E-08 4.2401E-08 3.1971E-08 2.2834E-08 1.5411E-08 9.8128E-09 5.8855E-09 3.2880E-09 1.6551E-09 6.2225E-10 1.2633E-10 0.0000E+00 0.0000E+00 0.0000E+00 0.0000E+00 0.0000E+00 0.0000E+00 0.0000E+00 0.0000E+00 0.0000E+00 0.0000E+00 0.0000E+00 0.0000E+00 0.0000E+00 0.0000E+00
2.9649E-09 3.1224E-09 3.3068E-09 3.5025E-09 3.7173E-09 3.9550E-09 4.2223E-09 4.5113E-09 4.8427E-09 5.1979E-09 5.5988E-09 6.0551E-09 6.5959E-09 7.2115E-09 8.0668E-09 9.1316E-09 1.0530E-08 1.2447E-08 1.5132E-08 1.8931E-08 2.4151E-08 3.1039E-08 3.9592E-08 4.9420E-08 5.9732E-08 6.9437E-08 7.7349E-08 8.2422E-08 8.3893E-08 8.1500E-08 7.5495E-08 6.6651E-08 5.5932E-08 4.4559E-08 3.3623E-08 2.3986E-08 1.6141E-08 1.0237E-08 6.0890E-09 3.3648E-09 1.6914E-09 6.1295E-10 1.2626E-10 0.0000E+00 0.0000E+00 0.0000E+00 0.0000E+00 0.0000E+00 0.0000E+00 0.0000E+00 0.0000E+00 0.0000E+00 0.0000E+00 0.0000E+00 0.0000E+00 0.0000E+00 0.0000E+00
2.2424E-09 2.3640E-09 2.4936E-09 2.6436E-09 2.8045E-09 2.9903E-09 3.1923E-09 3.4105E-09 3.6524E-09 3.9393E-09 4.2414E-09 4.5948E-09 5.0082E-09 5.5029E-09 6.1250E-09 6.9554E-09 8.1509E-09 9.8381E-09 1.2322E-08 1.5980E-08 2.1212E-08 2.8302E-08 3.7256E-08 4.7683E-08 5.8728E-08 6.9258E-08 7.7970E-08 8.3738E-08 8.5753E-08 8.3774E-08 7.7982E-08 6.9095E-08 5.8172E-08 4.6447E-08 3.5069E-08 2.4994E-08 1.6766E-08 1.0570E-08 6.2514E-09 3.4291E-09 1.7122E-09 6.1151E-10 1.1755E-10 0.0000E+00 0.0000E+00 0.0000E+00 0.0000E+00 0.0000E+00 0.0000E+00 0.0000E+00 0.0000E+00 0.0000E+00 0.0000E+00 0.0000E+00 0.0000E+00 0.0000E+00 0.0000E+00
1.6484E-09 1.7445E-09 1.8407E-09 1.9554E-09 2.0751E-09 2.2036E-09 2.3515E-09 2.5200E-09 2.7124E-09 2.9006E-09 3.1380E-09 3.4087E-09 3.7140E-09 4.0846E-09 4.5225E-09 5.1438E-09 6.1035E-09 7.6004E-09 9.9314E-09 1.3505E-08 1.8807E-08 2.6165E-08 3.5528E-08 4.6465E-08 5.8077E-08 6.9136E-08 7.8345E-08 8.4600E-08 8.7056E-08 8.5396E-08 7.9813E-08 7.0982E-08 5.9936E-08 4.7943E-08 3.6229E-08 2.5799E-08 1.7276E-08 1.0855E-08 6.3629E-09 3.4375E-09 1.7038E-09 6.0747E-10 1.1544E-10 0.0000E+00 0.0000E+00 0.0000E+00 0.0000E+00 0.0000E+00 0.0000E+00 0.0000E+00 0.0000E+00 0.0000E+00 0.0000E+00 0.0000E+00 0.0000E+00 0.0000E+00 0.0000E+00
1.1878E-09 1.2475E-09 1.3210E-09 1.3987E-09 1.4976E-09 1.5917E-09 1.6942E-09 1.8128E-09 1.9430E-09 2.0981E-09 2.2638E-09 2.4481E-09 2.6740E-09 2.9412E-09 3.2693E-09 3.6810E-09 4.4324E-09 5.7260E-09 7.9951E-09 1.1590E-08 1.7096E-08 2.4814E-08 3.4652E-08 4.6036E-08 5.7956E-08 6.9245E-08 7.8639E-08 8.5064E-08 8.7761E-08 8.6340E-08 8.0937E-08 7.2218E-08 6.1155E-08 4.9036E-08 3.7099E-08 2.6422E-08 1.7638E-08 1.1001E-08 6.4102E-09 3.4405E-09 1.6948E-09 6.0630E-10 1.0799E-10 0.0000E+00 0.0000E+00 0.0000E+00 0.0000E+00 0.0000E+00 0.0000E+00 0.0000E+00 0.0000E+00 0.0000E+00 0.0000E+00 0.0000E+00 0.0000E+00 0.0000E+00 0.0000E+00
