Assets/Resources/2015_m01_d23_1500(utc+0800)_l00_csi_1hr_conc.grd
DSAA
         159         159
     -79.000      79.000
     -79.000      79.000
  0.0000E+00  0.1475E-05
[rows 125 to 149 of 159, columns 0 to 56 of 159]
7.7430E-11 8.1852E-11 8.6459E-11 9.0950E-11 9.5839E-11 1.0103E-10 1.0599E-10 1.1204E-10 1.1744E-10 1.2348E-10 1.2977E-10 1.3583E-10 1.4304E-10 1.4959E-10 1.5708E-10 1.6437E-10 1.7215E-10 1.8021E-10 1.8841E-10 1.9689E-10 2.0564E-10 2.1469E-10 2.2403E-10 2.3367E-10 2.4361E-10 2.5387E-10 2.6443E-10 2.7532E-10 2.8653E-10 2.9808E-10 3.0975E-10 3.2218E-10 3.3431E-10 3.4743E-10 3.6046E-10 3.7382E-10 3.8799E-10 4.0183E-10 4.1648E-10 4.3149E-10 4.4662E-10 4.6235E-10 4.7823E-10 4.9468E-10 5.1152E-10 5.2826E-10 5.4583E-10 5.6379E-10 5.8186E-10 6.0056E-10 6.1939E-10 6.3855E-10 6.5852E-10 6.7820E-10 6.9867E-10 7.1952E-10 7.4028E-10
7.8040E-11 8.2154E-11 8.6750E-11 9.1429E-11 9.6196E-11 1.0126E-10 1.0641E-10 1.1223E-10 1.1759E-10 1.2383E-10 1.2986E-10 1.3633E-10 1.4306E-10 1.4956E-10 1.5724E-10 1.6425E-10 1.7222E-10 1.7999E-10 1.8830E-10 1.9654E-10 2.0540E-10 2.1420E-10 2.2365E-10 2.3302E-10 2.4307E-10 2.5304E-10 2.6371E-10 2.7431E-10 2.8562E-10 2.9686E-10 3.0883E-10 3.2073E-10 3.3316E-10 3.4594E-10 3.5861E-10 3.7227E-10 3.8585E-10 3.9976E-10 4.1447E-10 4.2887E-10 4.4406E-10 4.5962E-10 4.7530E-10 4.9157E-10 5.0799E-10 5.2475E-10 5.4235E-10 5.5962E-10 5.7771E-10 5.9618E-10 6.1453E-10 6.3388E-10 6.5317E-10 6.7280E-10 6.9302E-10 7.1338E-10 7.3407E-10
7.8433E-11 8.2733E-11 8.7012E-11 9.1778E-11 9.6631E-11 1.0146E-10 1.0703E-10 1.1238E-10 1.1793E-10 1.2415E-10 1.2992E-10 1.3658E-10 1.4304E-10 1.4996E-10 1.5714E-10 1.6432E-10 1.7225E-10 1.7989E-10 1.8815E-10 1.9632E-10 2.0512E-10 2.1403E-10 2.2322E-10 2.3270E-10 2.4248E-10 2.5256E-10 2.6294E-10 2.7364E-10 2.8466E-10 2.9578E-10 3.0765E-10 3.1921E-10 3.3173E-10 3.4417E-10 3.5713E-10 3.7044E-10 3.8365E-10 3.9785E-10 4.1196E-10 4.2641E-10 4.4166E-10 4.5659E-10 4.7231E-10 4.8840E-10 5.0438E-10 5.2141E-10 5.3834E-10 5.5562E-10 5.7349E-10 5.9150E-10 6.1003E-10 6.2893E-10 6.4775E-10 6.6734E-10 6.8730E-10 7.0716E-10 7.2803E-10
7.8703E-11 8.3089E-11 8.7452E-11 9.1996E-11 9.6934E-11 1.0163E-10 1.0740E-10 1.1250E-10 1.1846E-10 1.2421E-10 1.3016E-10 1.3680E-10 1.4298E-10 1.5032E-10 1.5699E-10 1.6460E-10 1.7200E-10 1.7993E-10 1.8778E-10 1.9623E-10 2.0461E-10 2.1363E-10 2.2256E-10 2.3214E-10 2.4165E-10 2.5183E-10 2.6193E-10 2.7272E-10 2.8343E-10 2.9486E-10 3.0621E-10 3.1806E-10 3.3026E-10 3.4234E-10 3.5538E-10 3.6834E-10 3.8161E-10 3.9566E-10 4.0939E-10 4.2389E-10 4.3875E-10 4.5372E-10 4.6927E-10 4.8494E-10 5.0117E-10 5.1778E-10 5.3426E-10 5.5155E-10 5.6922E-10 5.8675E-10 6.0525E-10 6.2370E-10 6.4248E-10 6.6182E-10 6.8130E-10 7.0132E-10 7.2170E-10
7.9047E-11 8.3320E-11 8.7868E-11 9.2394E-11 9.7103E-11 1.0220E-10 1.0752E-10 1.1259E-10 1.1874E-10 1.2423E-10 1.3059E-10 1.3675E-10 1.4334E-10 1.5019E-10 1.5703E-10 1.6460E-10 1.7171E-10 1.7975E-10 1.8753E-10 1.9593E-10 2.0424E-10 2.1318E-10 2.2203E-10 2.3154E-10 2.4115E-10 2.5105E-10 2.6106E-10 2.7176E-10 2.8236E-10 2.9369E-10 3.0471E-10 3.1666E-10 3.2851E-10 3.4088E-10 3.5358E-10 3.6617E-10 3.7973E-10 3.9320E-10 4.0698E-10 4.2154E-10 4.3579E-10 4.5080E-10 4.6616E-10 4.8141E-10 4.9768E-10 5.1386E-10 5.3035E-10 5.4744E-10 5.6464E-10 5.8236E-10 6.0042E-10 6.1841E-10 6.3715E-10 6.5624E-10 6.7545E-10 6.9521E-10 7.1510E-10
7.9563E-11 8.3625E-11 8.8056E-11 9.2766E-11 9.7242E-11 1.0274E-10 1.0761E-10 1.1308E-10 1.1877E-10 1.2422E-10 1.3078E-10 1.3667E-10 1.4344E-10 1.5002E-10 1.5727E-10 1.6433E-10 1.7172E-10 1.7936E-10 1.8743E-10 1.9541E-10 2.0400E-10 2.1251E-10 2.2165E-10 2.3071E-10 2.4042E-10 2.5004E-10 2.6034E-10 2.7054E-10 2.8145E-10 2.9226E-10 3.0357E-10 3.1520E-10 3.2671E-10 3.3916E-10 3.5151E-10 3.6417E-10 3.7758E-10 3.9067E-10 4.0451E-10 4.1870E-10 4.3298E-10 4.4782E-10 4.6278E-10 4.7828E-10 4.9414E-10 5.0987E-10 5.2639E-10 5.4327E-10 5.6001E-10 5.7770E-10 5.9533E-10 6.1327E-10 6.3198E-10 6.5039E-10 6.6955E-10 6.8905E-10 7.0844E-10
7.9767E-11 8.4105E-11 8.8319E-11 9.2908E-11 9.7562E-11 1.0284E-10 1.0767E-10 1.1354E-10 1.1877E-10 1.2462E-10 1.3071E-10 1.3677E-10 1.4352E-10 1.4981E-10 1.5725E-10 1.6402E-10 1.7169E-10 1.7893E-10 1.8711E-10 1.9502E-10 2.0355E-10 2.1198E-10 2.2104E-10 2.3001E-10 2.3964E-10 2.4917E-10 2.5938E-10 2.6948E-10 2.8029E-10 2.9078E-10 3.0218E-10 3.1348E-10 3.2528E-10 3.3739E-10 3.4939E-10 3.6233E-10 3.7517E-10 3.8831E-10 4.0222E-10 4.1580E-10 4.3012E-10 4.4479E-10 4.5934E-10 4.7488E-10 4.9032E-10 5.0606E-10 5.2261E-10 5.3881E-10 5.5573E-10 5.7300E-10 5.9017E-10 6.0829E-10 6.2634E-10 6.4470E-10 6.6360E-10 6.8262E-10 7.0195E-10
7.9946E-11 8.4267E-11 8.8660E-11 9.3023E-11 9.8069E-11 1.0291E-10 1.0791E-10 1.1355E-10 1.1874E-10 1.2499E-10 1.3060E-10 1.3706E-10 1.4333E-10 1.5002E-10 1.5697E-10 1.6400E-10 1.7129E-10 1.7881E-10 1.8658E-10 1.9459E-10 2.0287E-10 2.1159E-10 2.2021E-10 2.2947E-10 2.3863E-10 2.4845E-10 2.5818E-10 2.6858E-10 2.7888E-10 2.8966E-10 3.0075E-10 3.1172E-10 3.2359E-10 3.3537E-10 3.4743E-10 3.6023E-10 3.7271E-10 3.8591E-10 3.9944E-10 4.1306E-10 4.2744E-10 4.4149E-10 4.5629E-10 4.7143E-10 4.8644E-10 5.0221E-10 5.1833E-10 5.3430E-10 5.5121E-10 5.6804E-10 5.8518E-10 6.0307E-10 6.2065E-10 6.3897E-10 6.5762E-10 6.7614E-10 6.9563E-10
8.0296E-11 8.4405E-11 8.8878E-11 9.3110E-11 9.8348E-11 1.0295E-10 1.0834E-10 1.1353E-10 1.1889E-10 1.2490E-10 1.3046E-10 1.3711E-10 1.4310E-10 1.5020E-10 1.5664E-10 1.6395E-10 1.7085E-10 1.7864E-10 1.8601E-10 1.9430E-10 2.0216E-10 2.1098E-10 2.1952E-10 2.2870E-10 2.3777E-10 2.4750E-10 2.5713E-10 2.6743E-10 2.7742E-10 2.8830E-10 2.9907E-10 3.1011E-10 3.2186E-10 3.3329E-10 3.4563E-10 3.5787E-10 3.7040E-10 3.8367E-10 3.9661E-10 4.1028E-10 4.2428E-10 4.3814E-10 4.5298E-10 4.6771E-10 4.8273E-10 4.9854E-10 5.1400E-10 5.3015E-10 5.4664E-10 5.6303E-10 5.8035E-10 5.9759E-10 6.1513E-10 6.3319E-10 6.5137E-10 6.7006E-10 6.8907E-10
8.0626E-11 8.4716E-11 8.8970E-11 9.3582E-11 9.8394E-11 1.0296E-10 1.0854E-10 1.1348E-10 1.1923E-10 1.2478E-10 1.3073E-10 1.3691E-10 1.4307E-10 1.4990E-10 1.5645E-10 1.6355E-10 1.7054E-10 1.7811E-10 1.8574E-10 1.9363E-10 2.0176E-10 2.1015E-10 2.1897E-10 2.2770E-10 2.3706E-10 2.4632E-10 2.5623E-10 2.6605E-10 2.7632E-10 2.8689E-10 2.9734E-10 3.0866E-10 3.1988E-10 3.3137E-10 3.4358E-10 3.5547E-10 3.6806E-10 3.8097E-10 3.9395E-10 4.0767E-10 4.2107E-10 4.3518E-10 4.4963E-10 4.6394E-10 4.7899E-10 4.9438E-10 5.0961E-10 5.2576E-10 5.4183E-10 5.5819E-10 5.7528E-10 5.9207E-10 6.0956E-10 6.2739E-10 6.4508E-10 6.6372E-10 6.8225E-10
8.0742E-11 8.5006E-11 8.9038E-11 9.4034E-11 9.8413E-11 1.0335E-10 1.0850E-10 1.1340E-10 1.1934E-10 1.2463E-10 1.3097E-10 1.3667E-10 1.4322E-10 1.4957E-10 1.5638E-10 1.6310E-10 1.7037E-10 1.7754E-10 1.8545E-10 1.9292E-10 2.0133E-10 2.0928E-10 2.1821E-10 2.2685E-10 2.3612E-10 2.4529E-10 2.5511E-10 2.6462E-10 2.7499E-10 2.8525E-10 2.9576E-10 3.0697E-10 3.1786E-10 3.2962E-10 3.4129E-10 3.5323E-10 3.6588E-10 3.7822E-10 3.9125E-10 4.0460E-10 4.1781E-10 4.3197E-10 4.4601E-10 4.6034E-10 4.7543E-10 4.9017E-10 5.0559E-10 5.2133E-10 5.3697E-10 5.5351E-10 5.6997E-10 5.8671E-10 6.0417E-10 6.2133E-10 6.3919E-10 6.5736E-10 6.7540E-10
8.0835E-11 8.5079E-11 8.9080E-11 9.4061E-11 9.8405E-11 1.0373E-10 1.0843E-10 1.1371E-10 1.1920E-10 1.2444E-10 1.3075E-10 1.3640E-10 1.4313E-10 1.4921E-10 1.5612E-10 1.6262E-10 1.6999E-10 1.7710E-10 1.8478E-10 1.9252E-10 2.0051E-10 2.0874E-10 2.1722E-10 2.2596E-10 2.3496E-10 2.4422E-10 2.5376E-10 2.6335E-10 2.7361E-10 2.8356E-10 2.9435E-10 3.0504E-10 3.1599E-10 3.2763E-10 3.3895E-10 3.5095E-10 3.6326E-10 3.7542E-10 3.8851E-10 4.0148E-10 4.1473E-10 4.2872E-10 4.4236E-10 4.5672E-10 4.7140E-10 4.8593E-10 5.0134E-10 5.1667E-10 5.3228E-10 5.4860E-10 5.6462E-10 5.8133E-10 5.9835E-10 6.1525E-10 6.3306E-10 6.5076E-10 6.6873E-10
8.1196E-11 8.5129E-11 8.9699E-11 9.4063E-11 9.8372E-11 1.0367E-10 1.0834E-10 1.1400E-10 1.1904E-10 1.2487E-10 1.3051E-10 1.3654E-10 1.4279E-10 1.4912E-10 1.5568E-10 1.6260E-10 1.6942E-10 1.7679E-10 1.8407E-10 1.9208E-10 1.9965E-10 2.0816E-10 2.1620E-10 2.2522E-10 2.3376E-10 2.4331E-10 2.5236E-10 2.6224E-10 2.7201E-10 2.8202E-10 2.9271E-10 3.0307E-10 3.1409E-10 3.2540E-10 3.3657E-10 3.4884E-10 3.6059E-10 3.7301E-10 3.8573E-10 3.9832E-10 4.1183E-10 4.2522E-10 4.3888E-10 4.5327E-10 4.6733E-10 4.8203E-10 4.9705E-10 5.1197E-10 5.2775E-10 5.4346E-10 5.5944E-10 5.7612E-10 5.9249E-10 6.0954E-10 6.2690E-10 6.4413E-10 6.6205E-10
8.1346E-11 8.5156E-11 8.9905E-11 9.4041E-11 9.8919E-11 1.0359E-10 1.0822E-10 1.1385E-10 1.1884E-10 1.2486E-10 1.3023E-10 1.3665E-10 1.4242E-10 1.4902E-10 1.5520E-10 1.6222E-10 1.6882E-10 1.7630E-10 1.8350E-10 1.9128E-10 1.9894E-10 2.0719E-10 2.1551E-10 2.2409E-10 2.3290E-10 2.4199E-10 2.5112E-10 2.6090E-10 2.7037E-10 2.8046E-10 2.9083E-10 3.0106E-10 3.1235E-10 3.2313E-10 3.3456E-10 3.4629E-10 3.5788E-10 3.7035E-10 3.8272E-10 3.9534E-10 4.0868E-10 4.2168E-10 4.3537E-10 4.4937E-10 4.6322E-10 4.7792E-10 4.9254E-10 5.0743E-10 5.2301E-10 5.3829E-10 5.5423E-10 5.7048E-10 5.8660E-10 6.0362E-10 6.2052E-10 6.3769E-10 6.5555E-10
8.1381E-11 8.5354E-11 8.9894E-11 9.3995E-11 9.9050E-11 1.0349E-10 1.0868E-10 1.1368E-10 1.1883E-10 1.2460E-10 1.2993E-10 1.3630E-10 1.4202E-10 1.4857E-10 1.5484E-10 1.6166E-10 1.6851E-10 1.7560E-10 1.8307E-10 1.9043E-10 1.9837E-10 2.0620E-10 2.1479E-10 2.2292E-10 2.3201E-10 2.4063E-10 2.5004E-10 2.5934E-10 2.6868E-10 2.7905E-10 2.8892E-10 2.9941E-10 3.1019E-10 3.2083E-10 3.3252E-10 3.4371E-10 3.5554E-10 3.6767E-10 3.7966E-10 3.9253E-10 4.0529E-10 4.1810E-10 4.3204E-10 4.4543E-10 4.5946E-10 4.7378E-10 4.8800E-10 5.0306E-10 5.1804E-10 5.3328E-10 5.4920E-10 5.6482E-10 5.8110E-10 5.9768E-10 6.1412E-10 6.3123E-10 6.4864E-10
8.1394E-11 8.5922E-11 8.9859E-11 9.3926E-11 9.8959E-11 1.0336E-10 1.0873E-10 1.1348E-10 1.1921E-10 1.2432E-10 1.3023E-10 1.3593E-10 1.4206E-10 1.4809E-10 1.5478E-10 1.6106E-10 1.6818E-10 1.7487E-10 1.8244E-10 1.8973E-10 1.9760E-10 2.0534E-10 2.1368E-10 2.2189E-10 2.3072E-10 2.3923E-10 2.4874E-10 2.5774E-10 2.6735E-10 2.7723E-10 2.8697E-10 2.9773E-10 3.0799E-10 3.1888E-10 3.3005E-10 3.4108E-10 3.5297E-10 3.6475E-10 3.7678E-10 3.8949E-10 4.0188E-10 4.1492E-10 4.2827E-10 4.4147E-10 4.5548E-10 4.6942E-10 4.8362E-10 4.9848E-10 5.1305E-10 5.2826E-10 5.4376E-10 5.5914E-10 5.7538E-10 5.9152E-10 6.0790E-10 6.2497E-10 6.4170E-10
8.1386E-11 8.5898E-11 8.9802E-11 9.4619E-11 9.8844E-11 1.0320E-10 1.0855E-10 1.1325E-10 1.1895E-10 1.2402E-10 1.3009E-10 1.3553E-10 1.4177E-10 1.4758E-10 1.5422E-10 1.6059E-10 1.6750E-10 1.7444E-10 1.8162E-10 1.8917E-10 1.9662E-10 2.0463E-10 2.1254E-10 2.2103E-10 2.2940E-10 2.3818E-10 2.4722E-10 2.5611E-10 2.6599E-10 2.7538E-10 2.8537E-10 2.9564E-10 3.0576E-10 3.1671E-10 3.2755E-10 3.3863E-10 3.5038E-10 3.6180E-10 3.7387E-10 3.8622E-10 3.9842E-10 4.1171E-10 4.2447E-10 4.3765E-10 4.5149E-10 4.6504E-10 4.7940E-10 4.9369E-10 5.0803E-10 5.2341E-10 5.3831E-10 5.5384E-10 5.6966E-10 5.8534E-10 6.0167E-10 6.1829E-10 6.3475E-10
8.1735E-11 8.5852E-11 8.9723E-11 9.4519E-11 9.8707E-11 1.0382E-10 1.0834E-10 1.1340E-10 1.1867E-10 1.2389E-10 1.2972E-10 1.3526E-10 1.4129E-10 1.4736E-10 1.5364E-10 1.6026E-10 1.6678E-10 1.7399E-10 1.8076E-10 1.8842E-10 1.9561E-10 2.0373E-10 2.1154E-10 2.1995E-10 2.2805E-10 2.3710E-10 2.4567E-10 2.5482E-10 2.6423E-10 2.7349E-10 2.8356E-10 2.9351E-10 3.0369E-10 3.1452E-10 3.2502E-10 3.3635E-10 3.4756E-10 3.5882E-10 3.7113E-10 3.8292E-10 3.9536E-10 4.0808E-10 4.2064E-10 4.3401E-10 4.4729E-10 4.6082E-10 4.7499E-10 4.8887E-10 5.0338E-10 5.1817E-10 5.3283E-10 5.4833E-10 5.6372E-10 5.7935E-10 5.9564E-10 6.1161E-10 6.2780E-10
8.2071E-11 8.5786E-11 8.9814E-11 9.4398E-11 9.8547E-11 1.0364E-10 1.0811E-10 1.1354E-10 1.1836E-10 1.2415E-10 1.2933E-10 1.3526E-10 1.4079E-10 1.4712E-10 1.5302E-10 1.5975E-10 1.6620E-10 1.7319E-10 1.8022E-10 1.8747E-10 1.9493E-10 2.0262E-10 2.1052E-10 2.1867E-10 2.2685E-10 2.3563E-10 2.4409E-10 2.5332E-10 2.6243E-10 2.7176E-10 2.8172E-10 2.9135E-10 3.0179E-10 3.1211E-10 3.2265E-10 3.3385E-10 3.4472E-10 3.5621E-10 3.6798E-10 3.7960E-10 3.9207E-10 4.0441E-10 4.1697E-10 4.3016E-10 4.4307E-10 4.5658E-10 4.7037E-10 4.8404E-10 4.9853E-10 5.1291E-10 5.2753E-10 5.4281E-10 5.5777E-10 5.7335E-10 5.8922E-10 6.0492E-10 6.2104E-10
8.2016E-11 8.5700E-11 9.0270E-11 9.4255E-11 9.8558E-11 1.0343E-10 1.0786E-10 1.1326E-10 1.1803E-10 1.2378E-10 1.2890E-10 1.3479E-10 1.4027E-10 1.4654E-10 1.5269E-10 1.5905E-10 1.6576E-10 1.7236E-10 1.7964E-10 1.8649E-10 1.9421E-10 2.0148E-10 2.0966E-10 2.1736E-10 2.2580E-10 2.3413E-10 2.4266E-10 2.5180E-10 2.6061E-10 2.7020E-10 2.7967E-10 2.8917E-10 2.9967E-10 3.0966E-10 3.2026E-10 3.3113E-10 3.4184E-10 3.5358E-10 3.6480E-10 3.7645E-10 3.8876E-10 4.0073E-10 4.1329E-10 4.2612E-10 4.3882E-10 4.5251E-10 4.6574E-10 4.7957E-10 4.9367E-10 5.0764E-10 5.2242E-10 5.3710E-10 5.5181E-10 5.6756E-10 5.8278E-10 5.9822E-10 6.1430E-10
8.1943E-11 8.5594E-11 9.0143E-11 9.4091E-11 9.8939E-11 1.0320E-10 1.0798E-10 1.1295E-10 1.1787E-10 1.2339E-10 1.2875E-10 1.3430E-10 1.4017E-10 1.4594E-10 1.5234E-10 1.5833E-10 1.6513E-10 1.7150E-10 1.7872E-10 1.8565E-10 1.9314E-10 2.0066E-10 2.0841E-10 2.1602E-10 2.2456E-10 2.3260E-10 2.4139E-10 2.5006E-10 2.5876E-10 2.6842E-10 2.7759E-10 2.8734E-10 2.9734E-10 3.0719E-10 3.1804E-10 3.2839E-10 3.3914E-10 3.5054E-10 3.6160E-10 3.7348E-10 3.8524E-10 3.9702E-10 4.0976E-10 4.2205E-10 4.3493E-10 4.4807E-10 4.6109E-10 4.7490E-10 4.8861E-10 5.0255E-10 5.1712E-10 5.3138E-10 5.4624E-10 5.6137E-10 5.7635E-10 5.9173E-10 6.0736E-10
8.1851E-11 8.5655E-11 8.9996E-11 9.3906E-11 9.8729E-11 1.0295E-10 1.0809E-10 1.1262E-10 1.1810E-10 1.2297E-10 1.2858E-10 1.3379E-10 1.3976E-10 1.4531E-10 1.5166E-10 1.5789E-10 1.6432E-10 1.7110E-10 1.7777E-10 1.8496E-10 1.9203E-10 1.9982E-10 2.0715E-10 2.1518E-10 2.2311E-10 2.3105E-10 2.3992E-10 2.4830E-10 2.5725E-10 2.6644E-10 2.7548E-10 2.8548E-10 2.9499E-10 3.0508E-10 3.1543E-10 3.2562E-10 3.3661E-10 3.4748E-10 3.5838E-10 3.7030E-10 3.8169E-10 3.9365E-10 4.0587E-10 4.1797E-10 4.3102E-10 4.4362E-10 4.5661E-10 4.7023E-10 4.8354E-10 4.9764E-10 5.1163E-10 5.2565E-10 5.4048E-10 5.5519E-10 5.6991E-10 5.8525E-10 6.0042E-10
8.1740E-11 8.6073E-11 8.9829E-11 9.3890E-11 9.8498E-11 1.0267E-10 1.0778E-10 1.1227E-10 1.1772E-10 1.2254E-10 1.2810E-10 1.3340E-10 1.3917E-10 1.4512E-10 1.5096E-10 1.5744E-10 1.6349E-10 1.7036E-10 1.7680E-10 1.8408E-10 1.9091E-10 1.9862E-10 2.0585E-10 2.1398E-10 2.2163E-10 2.2982E-10 2.3825E-10 2.4652E-10 2.5572E-10 2.6444E-10 2.7372E-10 2.8324E-10 2.9262E-10 3.0295E-10 3.1279E-10 3.2302E-10 3.3388E-10 3.4440E-10 3.5553E-10 3.6691E-10 3.7813E-10 3.9027E-10 4.0197E-10 4.1406E-10 4.2675E-10 4.3915E-10 4.5231E-10 4.6538E-10 4.7847E-10 4.9255E-10 5.0613E-10 5.2030E-10 5.3473E-10 5.4901E-10 5.6368E-10 5.7858E-10 5.9349E-10
8.1612E-11 8.5923E-11 8.9644E-11 9.4237E-11 9.8248E-11 1.0295E-10 1.0746E-10 1.1229E-10 1.1731E-10 1.2236E-10 1.2760E-10 1.3328E-10 1.3856E-10 1.4460E-10 1.5023E-10 1.5665E-10 1.6279E-10 1.6944E-10 1.7613E-10 1.8302E-10 1.9026E-10 1.9739E-10 2.0471E-10 2.1258E-10 2.2013E-10 2.2858E-10 2.3655E-10 2.4489E-10 2.5382E-10 2.6241E-10 2.7176E-10 2.8098E-10 2.9040E-10 3.0043E-10 3.1013E-10 3.2059E-10 3.3094E-10 3.4131E-10 3.5266E-10 3.6351E-10 3.7472E-10 3.8653E-10 3.9805E-10 4.1031E-10 4.2248E-10 4.3468E-10 4.4783E-10 4.6051E-10 4.7376E-10 4.8727E-10 5.0063E-10 5.1478E-10 5.2879E-10 5.4283E-10 5.5745E-10 5.7192E-10 5.8657E-10
8.1467E-11 8.5756E-11 8.9440E-11 9.4007E-11 9.7979E-11 1.0284E-10 1.0711E-10 1.1230E-10 1.1688E-10 1.2218E-10 1.2707E-10 1.3271E-10 1.3793E-10 1.4392E-10 1.4979E-10 1.5584E-10 1.6239E-10 1.6850E-10 1.7544E-10 1.8193E-10 1.8927E-10 1.9615E-10 2.0388E-10 2.1116E-10 2.1878E-10 2.2697E-10 2.3484E-10 2.4342E-10 2.5189E-10 2.6036E-10 2.6978E-10 2.7870E-10 2.8835E-10 2.9789E-10 3.0745E-10 3.1797E-10 3.2798E-10 3.3838E-10 3.4941E-10 3.6009E-10 3.7148E-10 3.8278E-10 3.9412E-10 4.0639E-10 4.1819E-10 4.3055E-10 4.4317E-10 4.5564E-10 4.6906E-10 4.8200E-10 4.9532E-10 5.0926E-10 5.2286E-10 5.3666E-10 5.5105E-10 5.6527E-10 5.7966E-10
