Assets/Resources/2015_m01_d23_1500(utc+0800)_l00_csi_1hr_conc.grd
DSAA
         159         159
     -79.000      79.000
     -79.000      79.000
  0.0000E+00  0.1475E-05
[rows 125 to 149 of 159, columns 57 to 113 of 159]
7.6184E-10 7.8377E-10 8.0580E-10 8.2843E-10 8.5117E-10 8.7614E-10 9.0351E-10 9.4434E-10 1.0533E-09 1.2140E-09 1.3980E-09 1.6113E-09 1.8573E-09 2.1581E-09 2.5163E-09 2.9480E-09 3.4715E-09 4.0826E-09 4.7966E-09 5.5775E-09 6.4519E-09 7.4232E-09 8.4693E-09 9.5843E-09 1.0759E-08 1.1984E-08 1.3239E-08 1.4505E-08 1.5765E-08 1.7013E-08 1.8214E-08 1.9359E-08 2.0426E-08 2.1399E-08 2.2274E-08 2.3030E-08 2.3661E-08 2.4164E-08 2.4542E-08 2.4795E-08 2.4949E-08 2.4992E-08 2.4948E-08 2.4826E-08 2.4625E-08 2.4344E-08 2.4013E-08 2.3633E-08 2.3213E-08 2.2767E-08 2.2298E-08 2.1812E-08 2.1317E-08 2.0827E-08 2.0335E-08 1.9872E-08 1.9417E-08
7.5558E-10 7.7676E-10 7.9874E-10 8.2106E-10 8.4325E-10 8.6624E-10 8.9429E-10 9.3621E-10 1.0436E-09 1.1921E-09 1.3651E-09 1.5747E-09 1.8069E-09 2.0887E-09 2.4321E-09 2.8435E-09 3.3417E-09 3.9238E-09 4.5989E-09 5.3494E-09 6.1941E-09 7.1288E-09 8.1373E-09 9.2231E-09 1.0384E-08 1.1608E-08 1.2859E-08 1.4144E-08 1.5432E-08 1.6716E-08 1.7970E-08 1.9172E-08 2.0312E-08 2.1363E-08 2.2312E-08 2.3148E-08 2.3866E-08 2.4458E-08 2.4928E-08 2.5276E-08 2.5533E-08 2.5667E-08 2.5681E-08 2.5641E-08 2.5504E-08 2.5283E-08 2.5004E-08 2.4671E-08 2.4294E-08 2.3879E-08 2.3432E-08 2.2962E-08 2.2485E-08 2.2001E-08 2.1513E-08 2.1045E-08 2.0589E-08
7.4881E-10 7.6992E-10 7.9160E-10 8.1340E-10 8.3551E-10 8.5819E-10 8.8405E-10 9.2844E-10 1.0326E-09 1.1748E-09 1.3410E-09 1.5343E-09 1.7602E-09 2.0269E-09 2.3514E-09 2.7421E-09 3.2141E-09 3.7697E-09 4.4124E-09 5.1322E-09 5.9459E-09 6.8436E-09 7.8239E-09 8.8902E-09 1.0037E-08 1.1247E-08 1.2501E-08 1.3789E-08 1.5101E-08 1.6409E-08 1.7702E-08 1.8952E-08 2.0139E-08 2.1248E-08 2.2264E-08 2.3174E-08 2.3970E-08 2.4650E-08 2.5208E-08 2.5656E-08 2.5984E-08 2.6216E-08 2.6306E-08 2.6353E-08 2.6276E-08 2.6120E-08 2.5899E-08 2.5620E-08 2.5288E-08 2.4910E-08 2.4493E-08 2.4051E-08 2.3592E-08 2.3120E-08 2.2644E-08 2.2180E-08 2.1730E-08
7.4197E-10 7.6302E-10 7.8442E-10 8.0567E-10 8.2794E-10 8.5008E-10 8.7454E-10 9.2170E-10 1.0219E-09 1.1565E-09 1.3124E-09 1.5027E-09 1.7128E-09 1.9659E-09 2.2698E-09 2.6443E-09 3.0980E-09 3.6286E-09 4.2306E-09 4.9183E-09 5.6967E-09 6.5644E-09 7.5177E-09 8.5605E-09 9.6931E-09 1.0884E-08 1.2132E-08 1.3422E-08 1.4744E-08 1.6072E-08 1.7386E-08 1.8667E-08 1.9896E-08 2.1056E-08 2.2129E-08 2.3109E-08 2.3981E-08 2.4733E-08 2.5365E-08 2.5904E-08 2.6325E-08 2.6633E-08 2.6813E-08 2.6949E-08 2.6935E-08 2.6844E-08 2.6686E-08 2.6468E-08 2.6186E-08 2.5848E-08 2.5470E-08 2.5061E-08 2.4626E-08 2.4173E-08 2.3716E-08 2.3265E-08 2.2828E-08
7.3530E-10 7.5607E-10 7.7694E-10 7.9835E-10 8.2008E-10 8.4168E-10 8.6558E-10 9.1311E-10 1.0093E-09 1.1369E-09 1.2848E-09 1.4606E-09 1.6667E-09 1.9040E-09 2.1964E-09 2.5541E-09 2.9763E-09 3.4850E-09 4.0616E-09 4.7280E-09 5.4787E-09 6.3095E-09 7.2362E-09 8.2548E-09 9.3645E-09 1.0535E-08 1.1772E-08 1.3059E-08 1.4378E-08 1.5711E-08 1.7039E-08 1.8342E-08 1.9601E-08 2.0799E-08 2.1923E-08 2.2953E-08 2.3881E-08 2.4703E-08 2.5415E-08 2.6038E-08 2.6552E-08 2.6937E-08 2.7217E-08 2.7410E-08 2.7470E-08 2.7449E-08 2.7362E-08 2.7200E-08 2.6971E-08 2.6684E-08 2.6352E-08 2.5978E-08 2.5574E-08 2.5153E-08 2.4724E-08 2.4295E-08 2.3875E-08
7.2880E-10 7.4907E-10 7.6964E-10 7.9075E-10 8.1196E-10 8.3322E-10 8.5755E-10 9.0458E-10 9.9472E-10 1.1154E-09 1.2565E-09 1.4232E-09 1.6181E-09 1.8475E-09 2.1213E-09 2.4629E-09 2.8660E-09 3.3441E-09 3.8976E-09 4.5281E-09 5.2496E-09 6.0554E-09 6.9565E-09 7.9540E-09 9.0328E-09 1.0184E-08 1.1401E-08 1.2672E-08 1.3980E-08 1.5310E-08 1.6640E-08 1.7954E-08 1.9233E-08 2.0459E-08 2.1616E-08 2.2693E-08 2.3681E-08 2.4566E-08 2.5362E-08 2.6052E-08 2.6658E-08 2.7112E-08 2.7480E-08 2.7743E-08 2.7882E-08 2.7932E-08 2.7907E-08 2.7810E-08 2.7639E-08 2.7409E-08 2.7123E-08 2.6796E-08 2.6434E-08 2.6051E-08 2.5656E-08 2.5253E-08 2.4851E-08
7.2204E-10 7.4179E-10 7.6229E-10 7.8311E-10 8.0378E-10 8.2495E-10 8.4903E-10 8.9568E-10 9.7766E-10 1.0926E-09 1.2229E-09 1.3873E-09 1.5725E-09 1.7846E-09 2.0499E-09 2.3792E-09 2.7606E-09 3.2132E-09 3.7471E-09 4.3535E-09 5.0438E-09 5.8229E-09 6.6919E-09 7.6635E-09 8.7157E-09 9.8390E-09 1.1030E-08 1.2279E-08 1.3569E-08 1.4885E-08 1.6209E-08 1.7525E-08 1.8811E-08 2.0055E-08 2.1244E-08 2.2359E-08 2.3391E-08 2.4329E-08 2.5195E-08 2.5957E-08 2.6631E-08 2.7159E-08 2.7620E-08 2.7955E-08 2.8160E-08 2.8280E-08 2.8324E-08 2.8291E-08 2.8187E-08 2.8016E-08 2.7786E-08 2.7508E-08 2.7197E-08 2.6856E-08 2.6495E-08 2.6120E-08 2.5744E-08
7.1502E-10 7.3469E-10 7.5490E-10 7.7520E-10 7.9555E-10 8.1664E-10 8.4019E-10 8.8525E-10 9.5932E-10 1.0661E-09 1.1909E-09 1.3424E-09 1.5278E-09 1.7314E-09 1.9817E-09 2.2875E-09 2.6518E-09 3.0983E-09 3.6021E-09 4.1859E-09 4.8462E-09 5.5968E-09 6.4404E-09 7.3788E-09 8.3954E-09 9.4848E-09 1.0646E-08 1.1866E-08 1.3131E-08 1.4427E-08 1.5737E-08 1.7046E-08 1.8336E-08 1.9592E-08 2.0797E-08 2.1940E-08 2.3011E-08 2.4003E-08 2.4916E-08 2.5741E-08 2.6482E-08 2.7093E-08 2.7634E-08 2.8028E-08 2.8305E-08 2.8494E-08 2.8607E-08 2.8647E-08 2.8608E-08 2.8499E-08 2.8329E-08 2.8108E-08 2.7848E-08 2.7553E-08 2.7230E-08 2.6887E-08 2.6535E-08
7.0795E-10 7.2756E-10 7.4749E-10 7.6726E-10 7.8752E-10 8.0807E-10 8.3093E-10 8.7325E-10 9.3982E-10 1.0370E-09 1.1649E-09 1.3054E-09 1.4767E-09 1.6706E-09 1.9153E-09 2.2082E-09 2.5492E-09 2.9752E-09 3.4542E-09 4.0094E-09 4.6438E-09 5.3645E-09 6.1781E-09 7.0802E-09 8.0593E-09 9.1140E-09 1.0240E-08 1.1425E-08 1.2659E-08 1.3929E-08 1.5219E-08 1.6512E-08 1.7795E-08 1.9053E-08 2.0270E-08 2.1438E-08 2.2539E-08 2.3572E-08 2.4543E-08 2.5423E-08 2.6225E-08 2.6906E-08 2.7513E-08 2.7972E-08 2.8318E-08 2.8577E-08 2.8762E-08 2.8871E-08 2.8898E-08 2.8852E-08 2.8746E-08 2.8587E-08 2.8376E-08 2.8130E-08 2.7848E-08 2.7533E-08 2.7205E-08
7.0106E-10 7.2040E-10 7.3982E-10 7.5928E-10 7.7947E-10 7.9947E-10 8.2227E-10 8.6284E-10 9.2592E-10 1.0122E-09 1.1289E-09 1.2680E-09 1.4285E-09 1.6128E-09 1.8429E-09 2.1268E-09 2.4600E-09 2.8613E-09 3.3202E-09 3.8514E-09 4.4585E-09 5.1470E-09 5.9269E-09 6.7926E-09 7.7332E-09 8.7482E-09 9.8336E-09 1.0982E-08 1.2181E-08 1.3417E-08 1.4678E-08 1.5951E-08 1.7220E-08 1.8473E-08 1.9696E-08 2.0875E-08 2.1998E-08 2.3071E-08 2.4078E-08 2.5007E-08 2.5856E-08 2.6609E-08 2.7273E-08 2.7787E-08 2.8203E-08 2.8531E-08 2.8784E-08 2.8957E-08 2.9054E-08 2.9076E-08 2.9033E-08 2.8930E-08 2.8777E-08 2.8572E-08 2.8326E-08 2.8045E-08 2.7740E-08
6.9415E-10 7.1321E-10 7.3211E-10 7.5149E-10 7.7116E-10 7.9084E-10 8.1345E-10 8.5338E-10 9.1157E-10 9.9094E-10 1.0937E-09 1.2239E-09 1.3816E-09 1.5622E-09 1.7772E-09 2.0380E-09 2.3678E-09 2.7479E-09 3.1857E-09 3.6892E-09 4.2657E-09 4.9241E-09 5.6703E-09 6.4973E-09 7.3938E-09 8.3668E-09 9.4101E-09 1.0516E-08 1.1672E-08 1.2872E-08 1.4101E-08 1.5348E-08 1.6598E-08 1.7839E-08 1.9058E-08 2.0242E-08 2.1380E-08 2.2476E-08 2.3511E-08 2.4493E-08 2.5387E-08 2.6203E-08 2.6908E-08 2.7483E-08 2.7963E-08 2.8356E-08 2.8670E-08 2.8911E-08 2.9077E-08 2.9164E-08 2.9181E-08 2.9135E-08 2.9026E-08 2.8867E-08 2.8662E-08 2.8413E-08 2.8139E-08
6.8743E-10 7.0578E-10 7.2438E-10 7.4369E-10 7.6282E-10 7.8218E-10 8.0445E-10 8.4359E-10 8.9718E-10 9.6402E-10 1.0634E-09 1.1842E-09 1.3279E-09 1.5070E-09 1.7139E-09 1.9690E-09 2.2818E-09 2.6334E-09 3.0484E-09 3.5276E-09 4.0755E-09 4.7005E-09 5.4078E-09 6.1940E-09 7.0497E-09 7.9788E-09 8.9754E-09 1.0034E-08 1.1148E-08 1.2307E-08 1.3499E-08 1.4712E-08 1.5937E-08 1.7160E-08 1.8369E-08 1.9549E-08 2.0692E-08 2.1808E-08 2.2866E-08 2.3891E-08 2.4826E-08 2.5683E-08 2.6431E-08 2.7062E-08 2.7599E-08 2.8049E-08 2.8429E-08 2.8736E-08 2.8960E-08 2.9108E-08 2.9181E-08 2.9184E-08 2.9130E-08 2.9012E-08 2.8851E-08 2.8641E-08 2.8394E-08
6.8027E-10 6.9833E-10 7.1685E-10 7.3565E-10 7.5446E-10 7.7350E-10 7.9523E-10 8.3167E-10 8.8104E-10 9.4078E-10 1.0312E-09 1.1470E-09 1.2827E-09 1.4514E-09 1.6465E-09 1.9034E-09 2.1968E-09 2.5301E-09 2.9214E-09 3.3738E-09 3.8936E-09 4.4877E-09 5.1602E-09 5.9048E-09 6.7160E-09 7.5968E-09 8.5468E-09 9.5593E-09 1.0626E-08 1.1738E-08 1.2888E-08 1.4066E-08 1.5259E-08 1.6456E-08 1.7646E-08 1.8817E-08 1.9959E-08 2.1082E-08 2.2168E-08 2.3212E-08 2.4181E-08 2.5063E-08 2.5849E-08 2.6525E-08 2.7117E-08 2.7627E-08 2.8061E-08 2.8423E-08 2.8706E-08 2.8905E-08 2.9031E-08 2.9089E-08 2.9082E-08 2.9019E-08 2.8894E-08 2.8721E-08 2.8515E-08
6.7308E-10 6.9085E-10 7.0931E-10 7.2759E-10 7.4609E-10 7.6481E-10 7.8578E-10 8.1532E-10 8.6179E-10 9.2191E-10 1.0043E-09 1.1081E-09 1.2383E-09 1.3963E-09 1.5853E-09 1.8332E-09 2.1002E-09 2.4170E-09 2.7859E-09 3.2095E-09 3.6972E-09 4.2569E-09 4.8913E-09 5.5923E-09 6.3585E-09 7.1935E-09 8.0941E-09 9.0534E-09 1.0070E-08 1.1136E-08 1.2242E-08 1.3378E-08 1.4535E-08 1.5703E-08 1.6869E-08 1.8022E-08 1.9163E-08 2.0288E-08 2.1386E-08 2.2448E-08 2.3439E-08 2.4348E-08 2.5165E-08 2.5888E-08 2.6528E-08 2.7083E-08 2.7567E-08 2.7980E-08 2.8309E-08 2.8564E-08 2.8739E-08 2.8853E-08 2.8898E-08 2.8873E-08 2.8797E-08 2.8668E-08 2.8497E-08
6.6588E-10 6.8379E-10 7.0154E-10 7.1952E-10 7.3771E-10 7.5611E-10 7.7605E-10 8.0146E-10 8.4461E-10 8.9703E-10 9.7460E-10 1.0711E-09 1.1902E-09 1.3443E-09 1.5227E-09 1.7648E-09 2.0195E-09 2.3159E-09 2.6624E-09 3.0638E-09 3.5237E-09 4.0495E-09 4.6434E-09 5.3034E-09 6.0246E-09 6.8111E-09 7.6607E-09 8.5719E-09 9.5386E-09 1.0554E-08 1.1610E-08 1.2702E-08 1.3818E-08 1.4948E-08 1.6083E-08 1.7214E-08 1.8344E-08 1.9467E-08 2.0573E-08 2.1636E-08 2.2634E-08 2.3555E-08 2.4402E-08 2.5155E-08 2.5831E-08 2.6429E-08 2.6954E-08 2.7409E-08 2.7789E-08 2.8092E-08 2.8323E-08 2.8482E-08 2.8573E-08 2.8601E-08 2.8564E-08 2.8478E-08 2.8346E-08
6.5866E-10 6.7630E-10 6.9376E-10 7.1144E-10 7.2932E-10 7.4741E-10 7.6602E-10 7.8921E-10 8.2731E-10 8.7476E-10 9.4204E-10 1.0353E-09 1.1454E-09 1.2923E-09 1.4794E-09 1.6910E-09 1.9375E-09 2.2182E-09 2.5424E-09 2.9170E-09 3.3465E-09 3.8416E-09 4.3994E-09 5.0176E-09 5.6910E-09 6.4292E-09 7.2293E-09 8.0887E-09 9.0003E-09 9.9640E-09 1.0971E-08 1.2015E-08 1.3085E-08 1.4174E-08 1.5273E-08 1.6384E-08 1.7498E-08 1.8614E-08 1.9711E-08 2.0768E-08 2.1762E-08 2.2691E-08 2.3553E-08 2.4333E-08 2.5040E-08 2.5670E-08 2.6232E-08 2.6731E-08 2.7153E-08 2.7504E-08 2.7778E-08 2.7989E-08 2.8126E-08 2.8195E-08 2.8206E-08 2.8160E-08 2.8066E-08
6.5165E-10 6.6881E-10 6.8597E-10 7.0335E-10 7.2093E-10 7.3870E-10 7.5667E-10 7.7882E-10 8.1166E-10 8.5600E-10 9.1545E-10 1.0004E-09 1.1065E-09 1.2391E-09 1.4278E-09 1.6191E-09 1.8496E-09 2.1121E-09 2.4166E-09 2.7653E-09 3.1649E-09 3.6249E-09 4.1425E-09 4.7188E-09 5.3494E-09 6.0403E-09 6.7894E-09 7.5945E-09 8.4551E-09 9.3657E-09 1.0320E-08 1.1312E-08 1.2334E-08 1.3379E-08 1.4440E-08 1.5524E-08 1.6623E-08 1.7725E-08 1.8801E-08 1.9839E-08 2.0823E-08 2.1755E-08 2.2633E-08 2.3432E-08 2.4162E-08 2.4828E-08 2.5420E-08 2.5952E-08 2.6415E-08 2.6807E-08 2.7130E-08 2.7379E-08 2.7558E-08 2.7674E-08 2.7727E-08 2.7722E-08 2.7668E-08
6.4464E-10 6.6131E-10 6.7818E-10 6.9526E-10 7.1254E-10 7.3001E-10 7.4766E-10 7.6930E-10 7.9751E-10 8.3913E-10 8.8838E-10 9.6688E-10 1.0645E-09 1.1912E-09 1.3697E-09 1.5553E-09 1.7730E-09 2.0162E-09 2.2973E-09 2.6235E-09 2.9962E-09 3.4237E-09 3.9047E-09 4.4401E-09 5.0260E-09 5.6674E-09 6.3673E-09 7.1227E-09 7.9308E-09 8.7856E-09 9.6866E-09 1.0626E-08 1.1598E-08 1.2593E-08 1.3620E-08 1.4673E-08 1.5744E-08 1.6816E-08 1.7869E-08 1.8882E-08 1.9853E-08 2.0783E-08 2.1663E-08 2.2475E-08 2.3223E-08 2.3905E-08 2.4527E-08 2.5086E-08 2.5589E-08 2.6019E-08 2.6375E-08 2.6666E-08 2.6892E-08 2.7046E-08 2.7139E-08 2.7172E-08 2.7157E-08
6.3742E-10 6.5381E-10 6.7039E-10 6.8718E-10 7.0416E-10 7.2132E-10 7.3865E-10 7.5978E-10 7.8579E-10 8.2017E-10 8.6503E-10 9.3545E-10 1.0250E-09 1.1433E-09 1.3140E-09 1.4894E-09 1.6951E-09 1.9225E-09 2.1843E-09 2.4831E-09 2.8260E-09 3.2230E-09 3.6702E-09 4.1652E-09 4.7074E-09 5.3037E-09 5.9542E-09 6.6560E-09 7.4094E-09 8.2116E-09 9.0581E-09 9.9430E-09 1.0861E-08 1.1810E-08 1.2797E-08 1.3818E-08 1.4859E-08 1.5899E-08 1.6914E-08 1.7898E-08 1.8852E-08 1.9769E-08 2.0652E-08 2.1466E-08 2.2225E-08 2.2926E-08 2.3570E-08 2.4158E-08 2.4684E-08 2.5144E-08 2.5543E-08 2.5868E-08 2.6127E-08 2.6320E-08 2.6451E-08 2.6523E-08 2.6542E-08
6.3020E-10 6.4631E-10 6.6261E-10 6.7910E-10 6.9578E-10 7.1264E-10 7.2967E-10 7.4915E-10 7.7135E-10 8.0211E-10 8.4345E-10 9.0458E-10 9.8827E-10 1.1175E-09 1.2565E-09 1.4243E-09 1.6167E-09 1.8264E-09 2.0674E-09 2.3445E-09 2.6613E-09 3.0258E-09 3.4350E-09 3.8928E-09 4.3955E-09 4.9471E-09 5.5480E-09 6.2008E-09 6.9027E-09 7.6508E-09 8.4414E-09 9.2721E-09 1.0137E-08 1.1044E-08 1.1990E-08 1.2973E-08 1.3973E-08 1.4969E-08 1.5943E-08 1.6898E-08 1.7833E-08 1.8735E-08 1.9606E-08 2.0422E-08 2.1189E-08 2.1902E-08 2.2561E-08 2.3165E-08 2.3720E-08 2.4209E-08 2.4631E-08 2.4991E-08 2.5281E-08 2.5509E-08 2.5675E-08 2.5779E-08 2.5829E-08
6.2299E-10 6.3882E-10 6.5484E-10 6.7104E-10 6.8742E-10 7.0398E-10 7.2070E-10 7.3758E-10 7.5870E-10 7.8515E-10 8.2419E-10 8.7541E-10 9.5249E-10 1.0695E-09 1.2000E-09 1.3551E-09 1.5330E-09 1.7369E-09 1.9590E-09 2.2137E-09 2.5027E-09 2.8388E-09 3.2167E-09 3.6381E-09 4.0991E-09 4.6058E-09 5.1618E-09 5.7661E-09 6.4154E-09 7.1107E-09 7.8482E-09 8.6244E-09 9.4373E-09 1.0302E-08 1.1206E-08 1.2146E-08 1.3099E-08 1.4046E-08 1.4981E-08 1.5905E-08 1.6811E-08 1.7692E-08 1.8553E-08 1.9361E-08 2.0126E-08 2.0844E-08 2.1514E-08 2.2137E-08 2.2705E-08 2.3215E-08 2.3662E-08 2.4047E-08 2.4368E-08 2.4624E-08 2.4817E-08 2.4951E-08 2.5033E-08
6.1578E-10 6.3133E-10 6.4707E-10 6.6299E-10 6.7909E-10 6.9534E-10 7.1176E-10 7.2833E-10 7.4884E-10 7.7423E-10 8.0414E-10 8.4909E-10 9.1702E-10 1.0275E-09 1.1449E-09 1.2851E-09 1.4577E-09 1.6511E-09 1.8551E-09 2.0867E-09 2.3512E-09 2.6582E-09 3.0031E-09 3.3877E-09 3.8130E-09 4.2788E-09 4.7892E-09 5.3436E-09 5.9435E-09 6.5866E-09 7.2702E-09 7.9914E-09 8.7605E-09 9.5740E-09 1.0436E-08 1.1330E-08 1.2235E-08 1.3132E-08 1.4027E-08 1.4915E-08 1.5793E-08 1.6650E-08 1.7486E-08 1.8287E-08 1.9045E-08 1.9768E-08 2.0443E-08 2.1072E-08 2.1653E-08 2.2180E-08 2.2646E-08 2.3051E-08 2.3393E-08 2.3672E-08 2.3890E-08 2.4053E-08 2.4163E-08
6.0858E-10 6.2387E-10 6.3933E-10 6.5496E-10 6.7077E-10 6.8673E-10 7.0285E-10 7.1911E-10 7.3901E-10 7.5996E-10 7.8708E-10 8.2577E-10 8.8867E-10 9.8359E-10 1.0938E-09 1.2234E-09 1.3824E-09 1.5630E-09 1.7543E-09 1.9671E-09 2.2084E-09 2.4863E-09 2.8016E-09 3.1540E-09 3.5446E-09 3.9696E-09 4.4376E-09 4.9479E-09 5.5000E-09 6.0920E-09 6.7238E-09 7.3957E-09 8.1226E-09 8.8923E-09 9.7114E-09 1.0551E-08 1.1398E-08 1.2245E-08 1.3096E-08 1.3949E-08 1.4791E-08 1.5618E-08 1.6430E-08 1.7218E-08 1.7968E-08 1.8681E-08 1.9356E-08 1.9991E-08 2.0578E-08 2.1113E-08 2.1591E-08 2.2011E-08 2.2369E-08 2.2667E-08 2.2910E-08 2.3098E-08 2.3234E-08
6.0140E-10 6.1641E-10 6.3160E-10 6.4696E-10 6.6248E-10 6.7815E-10 6.9397E-10 7.0993E-10 7.2602E-10 7.4632E-10 7.7169E-10 8.0256E-10 8.6546E-10 9.4318E-10 1.0407E-09 1.1646E-09 1.3080E-09 1.4738E-09 1.6561E-09 1.8514E-09 2.0710E-09 2.3253E-09 2.6119E-09 2.9319E-09 3.2880E-09 3.6762E-09 4.1032E-09 4.5691E-09 5.0742E-09 5.6185E-09 6.2005E-09 6.8275E-09 7.5095E-09 8.2363E-09 9.0042E-09 9.7915E-09 1.0582E-08 1.1383E-08 1.2192E-08 1.3002E-08 1.3808E-08 1.4606E-08 1.5390E-08 1.6157E-08 1.6890E-08 1.7598E-08 1.8268E-08 1.8899E-08 1.9487E-08 2.0025E-08 2.0509E-08 2.0936E-08 2.1308E-08 2.1625E-08 2.1887E-08 2.2096E-08 2.2256E-08
5.9424E-10 6.0898E-10 6.2390E-10 6.3898E-10 6.5421E-10 6.6960E-10 6.8512E-10 7.0078E-10 7.1658E-10 7.3619E-10 7.5686E-10 7.8390E-10 8.4405E-10 9.0940E-10 1.0006E-09 1.1106E-09 1.2323E-09 1.3854E-09 1.5575E-09 1.7382E-09 1.9418E-09 2.1725E-09 2.4322E-09 2.7231E-09 3.0467E-09 3.3994E-09 3.7867E-09 4.2113E-09 4.6727E-09 5.1709E-09 5.7044E-09 6.2967E-09 6.9293E-09 7.6186E-09 8.3328E-09 9.0620E-09 9.7993E-09 1.0553E-08 1.1317E-08 1.2087E-08 1.2855E-08 1.3618E-08 1.4369E-08 1.5114E-08 1.5834E-08 1.6525E-08 1.7184E-08 1.7807E-08 1.8389E-08 1.8924E-08 1.9410E-08 1.9844E-08 2.0226E-08 2.0556E-08 2.0834E-08 2.1062E-08 2.1240E-08
