Assets/Resources/2015_m01_d28_2200(utc+0800)_l00_csi_1hr_conc.grd
DSAA
         159         159
     -79.000      79.000
     -79.000      79.000
  0.0000E+00  0.9692E-05
[rows 25 to 49 of 159, columns 57 to 113 of 159]
5.8373E-09 5.5658E-09 5.2771E-09 4.9774E-09 4.6668E-09 4.3516E-09 4.0316E-09 3.7131E-09 3.3951E-09 3.0855E-09 2.7833E-09 2.4923E-09 2.2141E-09 1.9501E-09 1.7043E-09 1.4750E-09 1.2663E-09 1.0754E-09 9.0304E-10 7.4855E-10 6.0652E-10 4.8069E-10 3.7464E-10 2.8818E-10 2.1689E-10 1.5990E-10 1.1628E-10 8.1149E-11 5.4018E-11 3.4290E-11 2.0351E-11 1.0071E-11 5.3823E-12 3.2804E-12 1.9453E-12 8.6550E-13 0.0000E+00 0.0000E+00 0.0000E+00 0.0000E+00 0.0000E+00 0.0000E+00 0.0000E+00 0.0000E+00 0.0000E+00 0.0000E+00 0.0000E+00 0.0000E+00 0.0000E+00 0.0000E+00 0.0000E+00 0.0000E+00 0.0000E+00 0.0000E+00 0.0000E+00 0.0000E+00 0.0000E+00
6.1590E-09 5.8887E-09 5.6023E-09 5.3016E-09 4.9906E-09 4.6689E-09 4.3414E-09 4.0106E-09 3.6789E-09 3.3525E-09 3.0326E-09 2.7236E-09 2.4255E-09 2.1432E-09 1.8776E-09 1.6298E-09 1.4024E-09 1.1926E-09 1.0035E-09 8.3293E-10 6.7738E-10 5.4171E-10 4.2394E-10 3.2716E-10 2.4934E-10 1.8675E-10 1.3827E-10 9.8686E-11 6.7078E-11 4.4272E-11 2.8132E-11 1.6162E-11 7.4239E-12 4.4785E-12 2.7342E-12 1.4810E-12 4.3729E-13 0.0000E+00 0.0000E+00 0.0000E+00 0.0000E+00 0.0000E+00 0.0000E+00 0.0000E+00 0.0000E+00 0.0000E+00 0.0000E+00 0.0000E+00 0.0000E+00 0.0000E+00 0.0000E+00 0.0000E+00 0.0000E+00 0.0000E+00 0.0000E+00 0.0000E+00 0.0000E+00
6.4962E-09 6.2351E-09 5.9529E-09 5.6501E-09 5.3335E-09 5.0047E-09 4.6681E-09 4.3232E-09 3.9801E-09 3.6383E-09 3.3021E-09 2.9744E-09 2.6569E-09 2.3549E-09 2.0682E-09 1.8012E-09 1.5525E-09 1.3241E-09 1.1165E-09 9.2718E-10 7.5723E-10 6.0880E-10 4.7914E-10 3.7356E-10 2.8854E-10 2.1882E-10 1.6273E-10 1.1856E-10 8.3658E-11 5.5387E-11 3.6895E-11 2.2669E-11 1.2283E-11 6.2476E-12 3.7691E-12 2.0981E-12 9.7681E-13 0.0000E+00 0.0000E+00 0.0000E+00 0.0000E+00 0.0000E+00 0.0000E+00 0.0000E+00 0.0000E+00 0.0000E+00 0.0000E+00 0.0000E+00 0.0000E+00 0.0000E+00 0.0000E+00 0.0000E+00 0.0000E+00 0.0000E+00 0.0000E+00 0.0000E+00 0.0000E+00
6.8460E-09 6.5894E-09 6.3095E-09 6.0096E-09 5.6929E-09 5.3633E-09 5.0184E-09 4.6676E-09 4.3114E-09 3.9537E-09 3.5999E-09 3.2511E-09 2.9130E-09 2.5889E-09 2.2806E-09 1.9905E-09 1.7194E-09 1.4695E-09 1.2406E-09 1.0333E-09 8.4765E-10 6.8399E-10 5.4313E-10 4.2765E-10 3.3381E-10 2.5554E-10 1.9173E-10 1.4085E-10 1.0145E-10 7.0000E-11 4.6165E-11 3.1083E-11 1.7935E-11 9.3058E-12 4.9728E-12 2.9957E-12 1.5252E-12 4.4096E-13 0.0000E+00 0.0000E+00 0.0000E+00 0.0000E+00 0.0000E+00 0.0000E+00 0.0000E+00 0.0000E+00 0.0000E+00 0.0000E+00 0.0000E+00 0.0000E+00 0.0000E+00 0.0000E+00 0.0000E+00 0.0000E+00 0.0000E+00 0.0000E+00 0.0000E+00
7.2066E-09 6.9653E-09 6.6976E-09 6.4062E-09 6.0908E-09 5.7555E-09 5.4058E-09 5.0448E-09 4.6761E-09 4.3040E-09 3.9322E-09 3.5635E-09 3.2044E-09 2.8564E-09 2.5241E-09 2.2089E-09 1.9145E-09 1.6396E-09 1.3876E-09 1.1602E-09 9.5568E-10 7.7611E-10 6.2360E-10 4.9585E-10 3.8831E-10 2.9907E-10 2.2590E-10 1.6663E-10 1.2210E-10 8.6272E-11 5.8319E-11 3.8730E-11 2.5106E-11 1.3660E-11 6.9379E-12 3.9254E-12 2.1744E-12 9.1093E-13 0.0000E+00 0.0000E+00 0.0000E+00 0.0000E+00 0.0000E+00 0.0000E+00 0.0000E+00 0.0000E+00 0.0000E+00 0.0000E+00 0.0000E+00 0.0000E+00 0.0000E+00 0.0000E+00 0.0000E+00 0.0000E+00 0.0000E+00 0.0000E+00 0.0000E+00
7.5819E-09 7.3523E-09 7.0950E-09 6.8072E-09 6.4960E-09 6.1600E-09 5.8083E-09 5.4404E-09 5.0613E-09 4.6743E-09 4.2832E-09 3.8944E-09 3.5123E-09 3.1406E-09 2.7825E-09 2.4421E-09 2.1201E-09 1.8202E-09 1.5455E-09 1.2959E-09 1.0721E-09 8.7843E-10 7.1225E-10 5.6807E-10 4.4729E-10 3.4732E-10 2.6446E-10 1.9677E-10 1.4459E-10 1.0532E-10 7.2243E-11 4.8051E-11 3.1686E-11 1.9155E-11 1.0069E-11 4.9587E-12 2.9548E-12 1.3796E-12 2.7807E-13 0.0000E+00 0.0000E+00 0.0000E+00 0.0000E+00 0.0000E+00 0.0000E+00 0.0000E+00 0.0000E+00 0.0000E+00 0.0000E+00 0.0000E+00 0.0000E+00 0.0000E+00 0.0000E+00 0.0000E+00 0.0000E+00 0.0000E+00 0.0000E+00
7.9600E-09 7.7522E-09 7.5102E-09 7.2404E-09 6.9358E-09 6.6063E-09 6.2523E-09 5.8784E-09 5.4882E-09 5.0868E-09 4.6777E-09 4.2679E-09 3.8614E-09 3.4632E-09 3.0778E-09 2.7083E-09 2.3575E-09 2.0293E-09 1.7281E-09 1.4535E-09 1.2117E-09 1.0010E-09 8.1598E-10 6.5594E-10 5.1877E-10 4.0267E-10 3.0856E-10 2.3158E-10 1.7021E-10 1.2485E-10 8.8626E-11 5.9469E-11 3.9287E-11 2.4937E-11 1.3693E-11 7.1153E-12 3.7412E-12 1.9402E-12 6.7033E-13 0.0000E+00 0.0000E+00 0.0000E+00 0.0000E+00 0.0000E+00 0.0000E+00 0.0000E+00 0.0000E+00 0.0000E+00 0.0000E+00 0.0000E+00 0.0000E+00 0.0000E+00 0.0000E+00 0.0000E+00 0.0000E+00 0.0000E+00 0.0000E+00
8.3598E-09 8.1735E-09 7.9525E-09 7.6922E-09 7.4001E-09 7.0762E-09 6.7234E-09 6.3459E-09 5.9478E-09 5.5319E-09 5.1061E-09 4.6746E-09 4.2442E-09 3.8200E-09 3.4060E-09 3.0056E-09 2.6245E-09 2.2665E-09 1.9352E-09 1.6357E-09 1.3718E-09 1.1375E-09 9.3075E-10 7.5092E-10 5.9606E-10 4.6373E-10 3.5771E-10 2.7010E-10 2.0042E-10 1.4666E-10 1.0573E-10 7.2494E-11 4.8150E-11 3.0905E-11 1.8590E-11 9.8481E-12 4.5274E-12 2.6178E-12 1.0524E-12 0.0000E+00 0.0000E+00 0.0000E+00 0.0000E+00 0.0000E+00 0.0000E+00 0.0000E+00 0.0000E+00 0.0000E+00 0.0000E+00 0.0000E+00 0.0000E+00 0.0000E+00 0.0000E+00 0.0000E+00 0.0000E+00 0.0000E+00 0.0000E+00
8.7539E-09 8.5962E-09 8.3953E-09 8.1585E-09 7.8825E-09 7.5689E-09 7.2216E-09 6.8424E-09 6.4361E-09 6.0077E-09 5.5637E-09 5.1103E-09 4.6551E-09 4.2017E-09 3.7558E-09 3.3244E-09 2.9097E-09 2.5201E-09 2.1598E-09 1.8360E-09 1.5440E-09 1.2834E-09 1.0539E-09 8.5298E-10 6.8039E-10 5.3382E-10 4.1115E-10 3.1304E-10 2.3351E-10 1.7154E-10 1.2394E-10 8.7243E-11 5.8317E-11 3.7439E-11 2.3206E-11 1.2626E-11 6.2771E-12 3.2508E-12 1.4213E-12 2.6364E-13 0.0000E+00 0.0000E+00 0.0000E+00 0.0000E+00 0.0000E+00 0.0000E+00 0.0000E+00 0.0000E+00 0.0000E+00 0.0000E+00 0.0000E+00 0.0000E+00 0.0000E+00 0.0000E+00 0.0000E+00 0.0000E+00 0.0000E+00
9.1674E-09 9.0421E-09 8.8738E-09 8.6606E-09 8.4035E-09 8.1047E-09 7.7646E-09 7.3878E-09 6.9760E-09 6.5378E-09 6.0773E-09 5.6058E-09 5.1255E-09 4.6430E-09 4.1654E-09 3.6971E-09 3.2464E-09 2.8203E-09 2.4289E-09 2.0703E-09 1.7434E-09 1.4521E-09 1.1942E-09 9.6816E-10 7.7387E-10 6.0924E-10 4.7135E-10 3.5946E-10 2.7063E-10 1.9904E-10 1.4407E-10 1.0220E-10 6.9651E-11 4.5336E-11 2.8311E-11 1.6245E-11 8.4146E-12 3.8648E-12 1.9682E-12 5.5774E-13 0.0000E+00 0.0000E+00 0.0000E+00 0.0000E+00 0.0000E+00 0.0000E+00 0.0000E+00 0.0000E+00 0.0000E+00 0.0000E+00 0.0000E+00 0.0000E+00 0.0000E+00 0.0000E+00 0.0000E+00 0.0000E+00 0.0000E+00
9.5732E-09 9.4849E-09 9.3493E-09 9.1651E-09 8.9337E-09 8.6529E-09 8.3244E-09 7.9506E-09 7.5389E-09 7.0916E-09 6.6205E-09 6.1270E-09 5.6209E-09 5.1088E-09 4.5982E-09 4.0939E-09 3.6055E-09 3.1462E-09 2.7164E-09 2.3184E-09 1.9558E-09 1.6310E-09 1.3424E-09 1.0917E-09 8.7515E-10 6.9234E-10 5.3617E-10 4.1003E-10 3.0879E-10 2.2977E-10 1.6636E-10 1.1874E-10 8.1675E-11 5.4253E-11 3.3351E-11 1.9579E-11 1.0305E-11 4.5194E-12 2.4882E-12 8.3195E-13 0.0000E+00 0.0000E+00 0.0000E+00 0.0000E+00 0.0000E+00 0.0000E+00 0.0000E+00 0.0000E+00 0.0000E+00 0.0000E+00 0.0000E+00 0.0000E+00 0.0000E+00 0.0000E+00 0.0000E+00 0.0000E+00 0.0000E+00
9.9807E-09 9.9384E-09 9.8437E-09 9.6963E-09 9.4935E-09 9.2365E-09 8.9258E-09 8.5610E-09 8.1481E-09 7.6975E-09 7.2129E-09 6.7011E-09 6.1699E-09 5.6276E-09 5.0784E-09 4.5349E-09 4.0087E-09 3.5070E-09 3.0331E-09 2.5934E-09 2.1927E-09 1.8295E-09 1.5066E-09 1.2272E-09 9.8634E-10 7.7972E-10 6.0752E-10 4.6414E-10 3.5108E-10 2.6120E-10 1.9096E-10 1.3574E-10 9.4618E-11 6.2870E-11 3.9895E-11 2.3519E-11 1.2942E-11 5.9812E-12 2.9338E-12 1.0831E-12 0.0000E+00 0.0000E+00 0.0000E+00 0.0000E+00 0.0000E+00 0.0000E+00 0.0000E+00 0.0000E+00 0.0000E+00 0.0000E+00 0.0000E+00 0.0000E+00 0.0000E+00 0.0000E+00 0.0000E+00 0.0000E+00 0.0000E+00
1.0396E-08 1.0400E-08 1.0351E-08 1.0246E-08 1.0081E-08 9.8515E-09 9.5585E-09 9.2064E-09 8.8011E-09 8.3528E-09 7.8590E-09 7.3335E-09 6.7790E-09 6.2019E-09 5.6150E-09 5.0300E-09 4.4564E-09 3.9027E-09 3.3783E-09 2.8920E-09 2.4456E-09 2.0434E-09 1.6863E-09 1.3740E-09 1.1051E-09 8.7691E-10 6.8344E-10 5.2338E-10 3.9451E-10 2.9421E-10 2.1613E-10 1.5549E-10 1.0792E-10 7.2817E-11 4.6389E-11 2.7303E-11 1.5028E-11 7.1986E-12 3.3411E-12 1.3081E-12 8.9860E-14 0.0000E+00 0.0000E+00 0.0000E+00 0.0000E+00 0.0000E+00 0.0000E+00 0.0000E+00 0.0000E+00 0.0000E+00 0.0000E+00 0.0000E+00 0.0000E+00 0.0000E+00 0.0000E+00 0.0000E+00 0.0000E+00
1.0794E-08 1.0853E-08 1.0859E-08 1.0799E-08 1.0672E-08 1.0475E-08 1.0211E-08 9.8808E-09 9.4932E-09 9.0412E-09 8.5434E-09 8.0002E-09 7.4182E-09 6.8081E-09 6.1825E-09 5.5504E-09 4.9252E-09 4.3214E-09 3.7488E-09 3.2118E-09 2.7195E-09 2.2751E-09 1.8805E-09 1.5335E-09 1.2350E-09 9.7928E-10 7.6457E-10 5.8728E-10 4.4256E-10 3.2794E-10 2.4251E-10 1.7462E-10 1.2184E-10 8.2338E-11 5.2812E-11 3.1157E-11 1.7676E-11 8.7318E-12 3.7037E-12 1.6154E-12 2.4645E-13 0.0000E+00 0.0000E+00 0.0000E+00 0.0000E+00 0.0000E+00 0.0000E+00 0.0000E+00 0.0000E+00 0.0000E+00 0.0000E+00 0.0000E+00 0.0000E+00 0.0000E+00 0.0000E+00 0.0000E+00 0.0000E+00
1.1188E-08 1.1312E-08 1.1371E-08 1.1366E-08 1.1288E-08 1.1135E-08 1.0902E-08 1.0602E-08 1.0224E-08 9.7845E-09 9.2853E-09 8.7299E-09 8.1241E-09 7.4815E-09 6.8077E-09 6.1198E-09 5.4383E-09 4.7811E-09 4.1535E-09 3.5613E-09 3.0173E-09 2.5266E-09 2.0902E-09 1.7070E-09 1.3728E-09 1.0902E-09 8.5248E-10 6.5493E-10 4.9303E-10 3.6561E-10 2.6761E-10 1.9434E-10 1.3657E-10 9.2743E-11 6.0030E-11 3.5740E-11 1.9905E-11 9.9748E-12 4.0885E-12 1.9781E-12 3.7363E-13 0.0000E+00 0.0000E+00 0.0000E+00 0.0000E+00 0.0000E+00 0.0000E+00 0.0000E+00 0.0000E+00 0.0000E+00 0.0000E+00 0.0000E+00 0.0000E+00 0.0000E+00 0.0000E+00 0.0000E+00 0.0000E+00
1.1567E-08 1.1751E-08 1.1879E-08 1.1929E-08 1.1907E-08 1.1797E-08 1.1613E-08 1.1346E-08 1.1000E-08 1.0580E-08 1.0081E-08 9.5083E-09 8.8787E-09 8.1915E-09 7.4638E-09 6.7221E-09 5.9882E-09 5.2736E-09 4.5874E-09 3.9421E-09 3.3464E-09 2.8070E-09 2.3243E-09 1.8993E-09 1.5317E-09 1.2169E-09 9.5166E-10 7.3110E-10 5.5263E-10 4.0873E-10 2.9559E-10 2.1288E-10 1.5083E-10 1.0230E-10 6.6186E-11 3.9420E-11 2.1711E-11 1.0565E-11 4.5995E-12 2.2317E-12 4.6893E-13 0.0000E+00 0.0000E+00 0.0000E+00 0.0000E+00 0.0000E+00 0.0000E+00 0.0000E+00 0.0000E+00 0.0000E+00 0.0000E+00 0.0000E+00 0.0000E+00 0.0000E+00 0.0000E+00 0.0000E+00 0.0000E+00
1.1923E-08 1.2180E-08 1.2374E-08 1.2493E-08 1.2528E-08 1.2484E-08 1.2351E-08 1.2126E-08 1.1811E-08 1.1402E-08 1.0901E-08 1.0321E-08 9.6594E-09 8.9222E-09 8.1449E-09 7.3541E-09 6.5646E-09 5.7887E-09 5.0447E-09 4.3425E-09 3.6910E-09 3.0981E-09 2.5672E-09 2.0996E-09 1.6937E-09 1.3465E-09 1.0548E-09 8.1168E-10 6.1156E-10 4.5194E-10 3.2566E-10 2.3332E-10 1.6379E-10 1.1138E-10 7.2048E-11 4.2773E-11 2.3334E-11 1.1409E-11 4.9283E-12 2.3767E-12 5.2997E-13 0.0000E+00 0.0000E+00 0.0000E+00 0.0000E+00 0.0000E+00 0.0000E+00 0.0000E+00 0.0000E+00 0.0000E+00 0.0000E+00 0.0000E+00 0.0000E+00 0.0000E+00 0.0000E+00 0.0000E+00 0.0000E+00
1.2252E-08 1.2585E-08 1.2856E-08 1.3043E-08 1.3157E-08 1.3179E-08 1.3101E-08 1.2929E-08 1.2655E-08 1.2273E-08 1.1786E-08 1.1190E-08 1.0482E-08 9.7028E-09 8.8833E-09 8.0403E-09 7.1918E-09 6.3554E-09 5.5519E-09 4.7908E-09 4.0783E-09 3.4287E-09 2.8462E-09 2.3286E-09 1.8788E-09 1.4970E-09 1.1728E-09 9.0177E-10 6.7692E-10 4.9950E-10 3.5825E-10 2.5345E-10 1.7681E-10 1.1831E-10 7.7600E-11 4.5887E-11 2.4679E-11 1.2160E-11 5.1306E-12 2.4655E-12 5.5441E-13 0.0000E+00 0.0000E+00 0.0000E+00 0.0000E+00 0.0000E+00 0.0000E+00 0.0000E+00 0.0000E+00 0.0000E+00 0.0000E+00 0.0000E+00 0.0000E+00 0.0000E+00 0.0000E+00 0.0000E+00 0.0000E+00
1.2553E-08 1.2964E-08 1.3312E-08 1.3585E-08 1.3783E-08 1.3875E-08 1.3874E-08 1.3761E-08 1.3527E-08 1.3166E-08 1.2682E-08 1.2049E-08 1.1312E-08 1.0502E-08 9.6423E-09 8.7493E-09 7.8429E-09 6.9480E-09 6.0796E-09 5.2555E-09 4.4825E-09 3.7725E-09 3.1322E-09 2.5655E-09 2.0714E-09 1.6471E-09 1.2909E-09 9.9230E-10 7.4494E-10 5.4898E-10 3.9370E-10 2.7539E-10 1.8980E-10 1.2565E-10 8.1619E-11 4.9019E-11 2.6313E-11 1.2578E-11 5.4961E-12 2.4948E-12 5.3996E-13 0.0000E+00 0.0000E+00 0.0000E+00 0.0000E+00 0.0000E+00 0.0000E+00 0.0000E+00 0.0000E+00 0.0000E+00 0.0000E+00 0.0000E+00 0.0000E+00 0.0000E+00 0.0000E+00 0.0000E+00 0.0000E+00
1.2808E-08 1.3305E-08 1.3743E-08 1.4114E-08 1.4390E-08 1.4573E-08 1.4647E-08 1.4591E-08 1.4401E-08 1.4075E-08 1.3573E-08 1.2931E-08 1.2180E-08 1.1348E-08 1.0449E-08 9.5078E-09 8.5485E-09 7.5920E-09 6.6595E-09 5.7674E-09 4.9282E-09 4.1497E-09 3.4495E-09 2.8280E-09 2.2844E-09 1.8185E-09 1.4211E-09 1.0908E-09 8.2103E-10 6.0430E-10 4.3253E-10 3.0096E-10 2.0535E-10 1.3384E-10 8.5627E-11 5.1869E-11 2.7817E-11 1.3295E-11 5.7485E-12 2.4620E-12 4.8417E-13 0.0000E+00 0.0000E+00 0.0000E+00 0.0000E+00 0.0000E+00 0.0000E+00 0.0000E+00 0.0000E+00 0.0000E+00 0.0000E+00 0.0000E+00 0.0000E+00 0.0000E+00 0.0000E+00 0.0000E+00 0.0000E+00
1.3027E-08 1.3608E-08 1.4148E-08 1.4606E-08 1.4980E-08 1.5256E-08 1.5409E-08 1.5426E-08 1.5297E-08 1.4977E-08 1.4479E-08 1.3842E-08 1.3091E-08 1.2241E-08 1.1313E-08 1.0330E-08 9.3206E-09 8.3034E-09 7.3034E-09 6.3383E-09 5.4259E-09 4.5774E-09 3.8066E-09 3.1210E-09 2.5223E-09 2.0033E-09 1.5634E-09 1.1985E-09 9.0043E-10 6.6193E-10 4.7278E-10 3.2841E-10 2.2341E-10 1.4443E-10 8.8698E-11 5.3844E-11 2.8961E-11 1.3984E-11 5.8053E-12 2.3646E-12 3.8427E-13 0.0000E+00 0.0000E+00 0.0000E+00 0.0000E+00 0.0000E+00 0.0000E+00 0.0000E+00 0.0000E+00 0.0000E+00 0.0000E+00 0.0000E+00 0.0000E+00 0.0000E+00 0.0000E+00 0.0000E+00 0.0000E+00
1.3187E-08 1.3872E-08 1.4500E-08 1.5062E-08 1.5544E-08 1.5917E-08 1.6153E-08 1.6248E-08 1.6152E-08 1.5849E-08 1.5383E-08 1.4772E-08 1.4027E-08 1.3167E-08 1.2212E-08 1.1192E-08 1.0128E-08 9.0496E-09 7.9776E-09 6.9385E-09 5.9497E-09 5.0259E-09 4.1816E-09 3.4306E-09 2.7684E-09 2.1971E-09 1.7145E-09 1.3127E-09 9.8221E-10 7.2251E-10 5.1636E-10 3.5646E-10 2.4424E-10 1.5765E-10 9.3551E-11 5.5149E-11 2.9901E-11 1.4538E-11 5.6691E-12 2.2002E-12 2.3680E-13 0.0000E+00 0.0000E+00 0.0000E+00 0.0000E+00 0.0000E+00 0.0000E+00 0.0000E+00 0.0000E+00 0.0000E+00 0.0000E+00 0.0000E+00 0.0000E+00 0.0000E+00 0.0000E+00 0.0000E+00 0.0000E+00
1.3302E-08 1.4077E-08 1.4810E-08 1.5482E-08 1.6069E-08 1.6536E-08 1.6867E-08 1.7034E-08 1.6975E-08 1.6733E-08 1.6323E-08 1.5748E-08 1.5023E-08 1.4163E-08 1.3196E-08 1.2140E-08 1.1029E-08 9.8868E-09 8.7433E-09 7.6235E-09 6.5513E-09 5.5432E-09 4.6198E-09 3.7860E-09 3.0509E-09 2.4213E-09 1.8865E-09 1.4419E-09 1.0781E-09 7.8815E-10 5.6309E-10 3.8908E-10 2.6515E-10 1.7187E-10 1.0319E-10 5.6937E-11 3.0737E-11 1.5279E-11 5.3323E-12 1.8960E-12 3.7037E-14 0.0000E+00 0.0000E+00 0.0000E+00 0.0000E+00 0.0000E+00 0.0000E+00 0.0000E+00 0.0000E+00 0.0000E+00 0.0000E+00 0.0000E+00 0.0000E+00 0.0000E+00 0.0000E+00 0.0000E+00 0.0000E+00
1.3356E-08 1.4228E-08 1.5067E-08 1.5848E-08 1.6535E-08 1.7113E-08 1.7542E-08 1.7754E-08 1.7775E-08 1.7610E-08 1.7261E-08 1.6736E-08 1.6040E-08 1.5193E-08 1.4214E-08 1.3132E-08 1.1973E-08 1.0772E-08 9.5556E-09 8.3546E-09 7.1969E-09 6.1054E-09 5.0882E-09 4.1693E-09 3.3609E-09 2.6648E-09 2.0720E-09 1.5832E-09 1.1780E-09 8.5877E-10 6.1677E-10 4.2651E-10 2.8606E-10 1.8574E-10 1.1453E-10 6.0112E-11 3.1023E-11 1.5760E-11 4.7847E-12 1.4336E-12 0.0000E+00 0.0000E+00 0.0000E+00 0.0000E+00 0.0000E+00 0.0000E+00 0.0000E+00 0.0000E+00 0.0000E+00 0.0000E+00 0.0000E+00 0.0000E+00 0.0000E+00 0.0000E+00 0.0000E+00 0.0000E+00 0.0000E+00
1.3353E-08 1.4316E-08 1.5261E-08 1.6141E-08 1.6945E-08 1.7627E-08 1.8120E-08 1.8425E-08 1.8545E-08 1.8471E-08 1.8206E-08 1.7744E-08 1.7094E-08 1.6271E-08 1.5295E-08 1.4195E-08 1.2995E-08 1.1731E-08 1.0438E-08 9.1509E-09 7.8998E-09 6.7110E-09 5.5977E-09 4.5901E-09 3.6995E-09 2.9320E-09 2.2776E-09 1.7368E-09 1.2916E-09 9.4282E-10 6.7535E-10 4.6640E-10 3.0963E-10 1.9898E-10 1.2418E-10 6.5867E-11 3.1623E-11 1.5981E-11 3.8438E-12 1.0137E-12 0.0000E+00 0.0000E+00 0.0000E+00 0.0000E+00 0.0000E+00 0.0000E+00 0.0000E+00 0.0000E+00 0.0000E+00 0.0000E+00 0.0000E+00 0.0000E+00 0.0000E+00 0.0000E+00 0.0000E+00 0.0000E+00 0.0000E+00
