Assets/Resources/2015_m01_d19_1200(utc+0800)_l00_csi_1hr_conc.grd
DSAA
         159         159
     -79.000      79.000
     -79.000      79.000
  0.0000E+00  0.6428E-05
[rows 50 to 74 of 159, columns 57 to 113 of 159]
2.0123E-08 1.7505E-08 1.5078E-08 1.2891E-08 1.0969E-08 9.3214E-09 7.9378E-09 6.8074E-09 5.9135E-09 5.2360E-09 4.6928E-09 4.3209E-09 4.0504E-09 3.8693E-09 3.7688E-09 3.6945E-09 3.6320E-09 3.5669E-09 3.4923E-09 3.4223E-09 3.3757E-09 3.3552E-09 3.3437E-09 3.3287E-09 3.3098E-09 3.2870E-09 3.2602E-09 3.2297E-09 3.1962E-09 3.1609E-09 3.1242E-09 3.0858E-09 3.0459E-09 3.0044E-09 2.9612E-09 2.9165E-09 2.8696E-09 2.8206E-09 2.7689E-09 2.7148E-09 2.6586E-09 2.6002E-09 2.5397E-09 2.4742E-09 2.4069E-09 2.3371E-09 2.2692E-09 2.1997E-09 2.1328E-09 2.0667E-09 1.9995E-09 1.9386E-09 1.8781E-09 1.8174E-09 1.7592E-09 1.7015E-09 1.6448E-09
2.0208E-08 1.7574E-08 1.5107E-08 1.2852E-08 1.0869E-08 9.1603E-09 7.7262E-09 6.5695E-09 5.6495E-09 4.9551E-09 4.4393E-09 4.0613E-09 3.7962E-09 3.6236E-09 3.5326E-09 3.4667E-09 3.4075E-09 3.3406E-09 3.2665E-09 3.2086E-09 3.1774E-09 3.1657E-09 3.1555E-09 3.1416E-09 3.1240E-09 3.1028E-09 3.0776E-09 3.0493E-09 3.0184E-09 2.9859E-09 2.9519E-09 2.9163E-09 2.8791E-09 2.8404E-09 2.8001E-09 2.7583E-09 2.7146E-09 2.6685E-09 2.6200E-09 2.5691E-09 2.5162E-09 2.4612E-09 2.4009E-09 2.3390E-09 2.2739E-09 2.2104E-09 2.1464E-09 2.0815E-09 2.0185E-09 1.9553E-09 1.8964E-09 1.8389E-09 1.7804E-09 1.7247E-09 1.6700E-09 1.6149E-09 1.5623E-09
2.0314E-08 1.7670E-08 1.5165E-08 1.2847E-08 1.0779E-08 9.0089E-09 7.5198E-09 6.3244E-09 5.3984E-09 4.7094E-09 4.1852E-09 3.8082E-09 3.5447E-09 3.3857E-09 3.3044E-09 3.2449E-09 3.1861E-09 3.1163E-09 3.0499E-09 3.0078E-09 2.9897E-09 2.9826E-09 2.9732E-09 2.9603E-09 2.9441E-09 2.9242E-09 2.9008E-09 2.8745E-09 2.8463E-09 2.8164E-09 2.7849E-09 2.7518E-09 2.7172E-09 2.6811E-09 2.6435E-09 2.6046E-09 2.5636E-09 2.5204E-09 2.4750E-09 2.4272E-09 2.3774E-09 2.3241E-09 2.2656E-09 2.2056E-09 2.1482E-09 2.0867E-09 2.0254E-09 1.9662E-09 1.9060E-09 1.8503E-09 1.7954E-09 1.7404E-09 1.6863E-09 1.6339E-09 1.5810E-09 1.5307E-09 1.4813E-09
2.0474E-08 1.7820E-08 1.5268E-08 1.2887E-08 1.0726E-08 8.8692E-09 7.3270E-09 6.0857E-09 5.1740E-09 4.4736E-09 3.9310E-09 3.5580E-09 3.3022E-09 3.1563E-09 3.0849E-09 3.0288E-09 2.9666E-09 2.8975E-09 2.8459E-09 2.8193E-09 2.8111E-09 2.8058E-09 2.7972E-09 2.7853E-09 2.7703E-09 2.7516E-09 2.7299E-09 2.7059E-09 2.6801E-09 2.6525E-09 2.6234E-09 2.5928E-09 2.5605E-09 2.5268E-09 2.4918E-09 2.4556E-09 2.4172E-09 2.3768E-09 2.3342E-09 2.2893E-09 2.2410E-09 2.1876E-09 2.1343E-09 2.0799E-09 2.0227E-09 1.9671E-09 1.9115E-09 1.8538E-09 1.8003E-09 1.7485E-09 1.6960E-09 1.6443E-09 1.5943E-09 1.5445E-09 1.4956E-09 1.4485E-09 1.4006E-09
2.0694E-08 1.8031E-08 1.5422E-08 1.2966E-08 1.0713E-08 8.7528E-09 7.1237E-09 5.8858E-09 4.9448E-09 4.2282E-09 3.6878E-09 3.3133E-09 3.0665E-09 2.9364E-09 2.8726E-09 2.8147E-09 2.7491E-09 2.6903E-09 2.6563E-09 2.6434E-09 2.6404E-09 2.6356E-09 2.6277E-09 2.6169E-09 2.6027E-09 2.5854E-09 2.5655E-09 2.5438E-09 2.5201E-09 2.4947E-09 2.4678E-09 2.4393E-09 2.4091E-09 2.3778E-09 2.3453E-09 2.3115E-09 2.2756E-09 2.2379E-09 2.1980E-09 2.1525E-09 2.1057E-09 2.0573E-09 2.0076E-09 1.9548E-09 1.9032E-09 1.8515E-09 1.7974E-09 1.7472E-09 1.6983E-09 1.6494E-09 1.5993E-09 1.5518E-09 1.5041E-09 1.4575E-09 1.4125E-09 1.3676E-09 1.3227E-09
2.0987E-08 1.8304E-08 1.5637E-08 1.3079E-08 1.0723E-08 8.6562E-09 6.9914E-09 5.6854E-09 4.7087E-09 3.9747E-09 3.4400E-09 3.0772E-09 2.8405E-09 2.7261E-09 2.6646E-09 2.6025E-09 2.5411E-09 2.5004E-09 2.4815E-09 2.4780E-09 2.4765E-09 2.4722E-09 2.4650E-09 2.4550E-09 2.4417E-09 2.4257E-09 2.4078E-09 2.3882E-09 2.3664E-09 2.3430E-09 2.3181E-09 2.2915E-09 2.2635E-09 2.2344E-09 2.2043E-09 2.1726E-09 2.1392E-09 2.1039E-09 2.0632E-09 2.0189E-09 1.9772E-09 1.9304E-09 1.8817E-09 1.8362E-09 1.7865E-09 1.7380E-09 1.6911E-09 1.6455E-09 1.5994E-09 1.5518E-09 1.5065E-09 1.4619E-09 1.4167E-09 1.3739E-09 1.3311E-09 1.2883E-09 1.2479E-09
2.1356E-08 1.8664E-08 1.5917E-08 1.3223E-08 1.0793E-08 8.6657E-09 6.8901E-09 5.5016E-09 4.4617E-09 3.7195E-09 3.1955E-09 2.8452E-09 2.6254E-09 2.5212E-09 2.4569E-09 2.3955E-09 2.3504E-09 2.3259E-09 2.3197E-09 2.3208E-09 2.3196E-09 2.3158E-09 2.3093E-09 2.2998E-09 2.2874E-09 2.2731E-09 2.2572E-09 2.2391E-09 2.2191E-09 2.1976E-09 2.1744E-09 2.1496E-09 2.1237E-09 2.0969E-09 2.0687E-09 2.0392E-09 2.0081E-09 1.9700E-09 1.9302E-09 1.8945E-09 1.8522E-09 1.8079E-09 1.7665E-09 1.7207E-09 1.6759E-09 1.6326E-09 1.5902E-09 1.5472E-09 1.5022E-09 1.4592E-09 1.4168E-09 1.3737E-09 1.3330E-09 1.2930E-09 1.2523E-09 1.2132E-09 1.1754E-09
2.1821E-08 1.9095E-08 1.6241E-08 1.3504E-08 1.0962E-08 8.7287E-09 6.8294E-09 5.3427E-09 4.2389E-09 3.4677E-09 2.9543E-09 2.6198E-09 2.4155E-09 2.3163E-09 2.2515E-09 2.2054E-09 2.1769E-09 2.1672E-09 2.1693E-09 2.1708E-09 2.1698E-09 2.1664E-09 2.1603E-09 2.1513E-09 2.1402E-09 2.1277E-09 2.1132E-09 2.0967E-09 2.0783E-09 2.0584E-09 2.0368E-09 2.0138E-09 1.9900E-09 1.9650E-09 1.9387E-09 1.9114E-09 1.8718E-09 1.8419E-09 1.8087E-09 1.7685E-09 1.7322E-09 1.6929E-09 1.6507E-09 1.6117E-09 1.5719E-09 1.5328E-09 1.4929E-09 1.4508E-09 1.4101E-09 1.3700E-09 1.3288E-09 1.2902E-09 1.2523E-09 1.2135E-09 1.1764E-09 1.1407E-09 1.1054E-09
2.2341E-08 1.9637E-08 1.6785E-08 1.3932E-08 1.1256E-08 8.8788E-09 6.8651E-09 5.2497E-09 4.0571E-09 3.2191E-09 2.7203E-09 2.4036E-09 2.2066E-09 2.1120E-09 2.0644E-09 2.0336E-09 2.0208E-09 2.0224E-09 2.0263E-09 2.0279E-09 2.0272E-09 2.0240E-09 2.0180E-09 2.0099E-09 2.0005E-09 1.9893E-09 1.9760E-09 1.9609E-09 1.9441E-09 1.9255E-09 1.9053E-09 1.8843E-09 1.8623E-09 1.8389E-09 1.8113E-09 1.7793E-09 1.7530E-09 1.7218E-09 1.6856E-09 1.6550E-09 1.6195E-09 1.5792E-09 1.5457E-09 1.5095E-09 1.4737E-09 1.4370E-09 1.3978E-09 1.3597E-09 1.3217E-09 1.2827E-09 1.2460E-09 1.2100E-09 1.1732E-09 1.1380E-09 1.1041E-09 1.0709E-09 1.0380E-09
2.3071E-08 2.0417E-08 1.7520E-08 1.4559E-08 1.1726E-08 9.1651E-09 7.0077E-09 5.2557E-09 3.9458E-09 3.0421E-09 2.4920E-09 2.1852E-09 1.9940E-09 1.9278E-09 1.8953E-09 1.8802E-09 1.8807E-09 1.8867E-09 1.8905E-09 1.8921E-09 1.8916E-09 1.8883E-09 1.8827E-09 1.8761E-09 1.8678E-09 1.8577E-09 1.8456E-09 1.8318E-09 1.8161E-09 1.7987E-09 1.7802E-09 1.7610E-09 1.7404E-09 1.7085E-09 1.6871E-09 1.6641E-09 1.6289E-09 1.6042E-09 1.5772E-09 1.5416E-09 1.5086E-09 1.4784E-09 1.4456E-09 1.4132E-09 1.3796E-09 1.3436E-09 1.3081E-09 1.2725E-09 1.2355E-09 1.2008E-09 1.1666E-09 1.1316E-09 1.0982E-09 1.0663E-09 1.0348E-09 1.0038E-09 9.7204E-10
2.3996E-08 2.1421E-08 1.8502E-08 1.5440E-08 1.2438E-08 9.6832E-09 7.2951E-09 5.3819E-09 3.9309E-09 2.9245E-09 2.2781E-09 1.9594E-09 1.8063E-09 1.7617E-09 1.7452E-09 1.7445E-09 1.7522E-09 1.7580E-09 1.7617E-09 1.7634E-09 1.7626E-09 1.7592E-09 1.7550E-09 1.7495E-09 1.7420E-09 1.7328E-09 1.7218E-09 1.7091E-09 1.6943E-09 1.6783E-09 1.6617E-09 1.6348E-09 1.6148E-09 1.5962E-09 1.5706E-09 1.5444E-09 1.5227E-09 1.4975E-09 1.4635E-09 1.4374E-09 1.4096E-09 1.3809E-09 1.3517E-09 1.3213E-09 1.2882E-09 1.2557E-09 1.2225E-09 1.1877E-09 1.1549E-09 1.1226E-09 1.0893E-09 1.0576E-09 1.0274E-09 9.9764E-10 9.6834E-10 9.3833E-10 9.1011E-10
2.5121E-08 2.2681E-08 1.9790E-08 1.6644E-08 1.3461E-08 1.0474E-08 7.8380E-09 5.6996E-09 4.0408E-09 2.8746E-09 2.1363E-09 1.7642E-09 1.6381E-09 1.6155E-09 1.6142E-09 1.6233E-09 1.6307E-09 1.6363E-09 1.6399E-09 1.6412E-09 1.6399E-09 1.6379E-09 1.6347E-09 1.6297E-09 1.6230E-09 1.6146E-09 1.6046E-09 1.5925E-09 1.5788E-09 1.5593E-09 1.5426E-09 1.5230E-09 1.5068E-09 1.4808E-09 1.4609E-09 1.4420E-09 1.4109E-09 1.3894E-09 1.3663E-09 1.3405E-09 1.3157E-09 1.2896E-09 1.2613E-09 1.2322E-09 1.2025E-09 1.1718E-09 1.1393E-09 1.1086E-09 1.0780E-09 1.0465E-09 1.0164E-09 9.8779E-10 9.5963E-10 9.3194E-10 9.0363E-10 8.7717E-10 8.5173E-10
2.6448E-08 2.4224E-08 2.1434E-08 1.8251E-08 1.4911E-08 1.1659E-08 8.7263E-09 6.2634E-09 4.3341E-09 2.9400E-09 2.0952E-09 1.6345E-09 1.4913E-09 1.4897E-09 1.5002E-09 1.5090E-09 1.5161E-09 1.5214E-09 1.5245E-09 1.5250E-09 1.5250E-09 1.5238E-09 1.5210E-09 1.5165E-09 1.5105E-09 1.5029E-09 1.4934E-09 1.4803E-09 1.4668E-09 1.4507E-09 1.4334E-09 1.4144E-09 1.3964E-09 1.3788E-09 1.3554E-09 1.3347E-09 1.3159E-09 1.2956E-09 1.2726E-09 1.2505E-09 1.2273E-09 1.2011E-09 1.1756E-09 1.1488E-09 1.1199E-09 1.0906E-09 1.0619E-09 1.0333E-09 1.0026E-09 9.7486E-10 9.4765E-10 9.2099E-10 8.9492E-10 8.6838E-10 8.4353E-10 8.1972E-10 7.9607E-10
2.7936E-08 2.6049E-08 2.3450E-08 2.0316E-08 1.6863E-08 1.3372E-08 1.0085E-08 7.2133E-09 4.9434E-09 3.2434E-09 2.1581E-09 1.5985E-09 1.3714E-09 1.3830E-09 1.3930E-09 1.4014E-09 1.4081E-09 1.4127E-09 1.4146E-09 1.4166E-09 1.4173E-09 1.4163E-09 1.4139E-09 1.4099E-09 1.4045E-09 1.3973E-09 1.3863E-09 1.3751E-09 1.3614E-09 1.3428E-09 1.3296E-09 1.3140E-09 1.2986E-09 1.2779E-09 1.2597E-09 1.2435E-09 1.2240E-09 1.2053E-09 1.1859E-09 1.1652E-09 1.1418E-09 1.1190E-09 1.0949E-09 1.0678E-09 1.0416E-09 1.0151E-09 9.8763E-10 9.5947E-10 9.3314E-10 9.0727E-10 8.8203E-10 8.5770E-10 8.3285E-10 8.0951E-10 7.8719E-10 7.6508E-10 7.4298E-10
2.9463E-08 2.8039E-08 2.5794E-08 2.2832E-08 1.9375E-08 1.5679E-08 1.2030E-08 8.7409E-09 5.9948E-09 3.9076E-09 2.4781E-09 1.6974E-09 1.3417E-09 1.2829E-09 1.2923E-09 1.3002E-09 1.3059E-09 1.3092E-09 1.3130E-09 1.3152E-09 1.3159E-09 1.3152E-09 1.3131E-09 1.3096E-09 1.3044E-09 1.2971E-09 1.2863E-09 1.2748E-09 1.2602E-09 1.2473E-09 1.2338E-09 1.2173E-09 1.2022E-09 1.1864E-09 1.1707E-09 1.1554E-09 1.1389E-09 1.1220E-09 1.1022E-09 1.0830E-09 1.0626E-09 1.0411E-09 1.0164E-09 9.9260E-10 9.6810E-10 9.4176E-10 9.1615E-10 8.9112E-10 8.6684E-10 8.4328E-10 8.2061E-10 7.9657E-10 7.7535E-10 7.5445E-10 7.3376E-10 7.1313E-10 6.9156E-10
3.0873E-08 3.0059E-08 2.8315E-08 2.5730E-08 2.2451E-08 1.8702E-08 1.4790E-08 1.1023E-08 7.7187E-09 5.0622E-09 3.1737E-09 1.9919E-09 1.4155E-09 1.1909E-09 1.1978E-09 1.2036E-09 1.2091E-09 1.2142E-09 1.2178E-09 1.2200E-09 1.2208E-09 1.2203E-09 1.2184E-09 1.2151E-09 1.2095E-09 1.2006E-09 1.1912E-09 1.1785E-09 1.1676E-09 1.1561E-09 1.1417E-09 1.1286E-09 1.1150E-09 1.1014E-09 1.0882E-09 1.0739E-09 1.0576E-09 1.0419E-09 1.0249E-09 1.0069E-09 9.8598E-10 9.6521E-10 9.4345E-10 9.2104E-10 8.9507E-10 8.7245E-10 8.4943E-10 8.2695E-10 8.0511E-10 7.8402E-10 7.6130E-10 7.4137E-10 7.2172E-10 7.0235E-10 6.8305E-10 6.6279E-10 6.4214E-10
3.1937E-08 3.1854E-08 3.0832E-08 2.8851E-08 2.6004E-08 2.2415E-08 1.8404E-08 1.4271E-08 1.0358E-08 7.0510E-09 4.4610E-09 2.7017E-09 1.6942E-09 1.1987E-09 1.1072E-09 1.1143E-09 1.1203E-09 1.1251E-09 1.1286E-09 1.1308E-09 1.1316E-09 1.1313E-09 1.1294E-09 1.1254E-09 1.1183E-09 1.1106E-09 1.0997E-09 1.0907E-09 1.0811E-09 1.0685E-09 1.0574E-09 1.0448E-09 1.0341E-09 1.0227E-09 1.0105E-09 9.9637E-10 9.8273E-10 9.6793E-10 9.5112E-10 9.3302E-10 9.1418E-10 8.9331E-10 8.7077E-10 8.4984E-10 8.2891E-10 8.0837E-10 7.8782E-10 7.6774E-10 7.4727E-10 7.2655E-10 7.0773E-10 6.8928E-10 6.7108E-10 6.5296E-10 6.3389E-10 6.1468E-10 5.9535E-10
3.2445E-08 3.3200E-08 3.3072E-08 3.1961E-08 2.9804E-08 2.6741E-08 2.2883E-08 1.8565E-08 1.4189E-08 1.0094E-08 6.6333E-09 3.9977E-09 2.3140E-09 1.4047E-09 1.0347E-09 1.0316E-09 1.0373E-09 1.0418E-09 1.0451E-09 1.0473E-09 1.0482E-09 1.0476E-09 1.0448E-09 1.0395E-09 1.0317E-09 1.0240E-09 1.0168E-09 1.0089E-09 9.9772E-10 9.8862E-10 9.7784E-10 9.6872E-10 9.5918E-10 9.4815E-10 9.3681E-10 9.2508E-10 9.1219E-10 8.9642E-10 8.7913E-10 8.6113E-10 8.4237E-10 8.2322E-10 8.0478E-10 7.8666E-10 7.6800E-10 7.4954E-10 7.3105E-10 7.1043E-10 6.9240E-10 6.7469E-10 6.5727E-10 6.4020E-10 6.2293E-10 6.0506E-10 5.8660E-10 5.6842E-10 5.5148E-10
3.2195E-08 3.3832E-08 3.4697E-08 3.4613E-08 3.3504E-08 3.1295E-08 2.8073E-08 2.3999E-08 1.9346E-08 1.4525E-08 1.0044E-08 6.3090E-09 3.5823E-09 1.9353E-09 1.1457E-09 9.5435E-10 9.5975E-10 9.6402E-10 9.6717E-10 9.6923E-10 9.6922E-10 9.6814E-10 9.6284E-10 9.5756E-10 9.5159E-10 9.4611E-10 9.3779E-10 9.2986E-10 9.2251E-10 9.1319E-10 9.0552E-10 8.9746E-10 8.8861E-10 8.7902E-10 8.6907E-10 8.5500E-10 8.4011E-10 8.2670E-10 8.1103E-10 7.9280E-10 7.7766E-10 7.6143E-10 7.4507E-10 7.2876E-10 7.1201E-10 6.9429E-10 6.7583E-10 6.5901E-10 6.4232E-10 6.2594E-10 6.0983E-10 5.9328E-10 5.7591E-10 5.5801E-10 5.4232E-10 5.2644E-10 5.1041E-10
3.1047E-08 3.3483E-08 3.5342E-08 3.6424E-08 3.6584E-08 3.5631E-08 3.3504E-08 3.0156E-08 2.5721E-08 2.0540E-08 1.5115E-08 1.0106E-08 5.9715E-09 3.1215E-09 1.5837E-09 9.5745E-10 8.9419E-10 8.9145E-10 8.9401E-10 8.9482E-10 8.9550E-10 8.9148E-10 8.8532E-10 8.8284E-10 8.7708E-10 8.7106E-10 8.6514E-10 8.5920E-10 8.5086E-10 8.4449E-10 8.3827E-10 8.2883E-10 8.2097E-10 8.1063E-10 7.9860E-10 7.8755E-10 7.7467E-10 7.6176E-10 7.4659E-10 7.3288E-10 7.1934E-10 7.0515E-10 6.9039E-10 6.7523E-10 6.5748E-10 6.4195E-10 6.2632E-10 6.1075E-10 5.9532E-10 5.8018E-10 5.6411E-10 5.4752E-10 5.3063E-10 5.1639E-10 5.0157E-10 4.8561E-10 4.6701E-10
2.8955E-08 3.2016E-08 3.4755E-08 3.6998E-08 3.8489E-08 3.9049E-08 3.8423E-08 3.6390E-08 3.2904E-08 2.8030E-08 2.2132E-08 1.5970E-08 1.0180E-08 5.6290E-09 2.6645E-09 1.2133E-09 8.6079E-10 8.2252E-10 8.2473E-10 8.2530E-10 8.2159E-10 8.1859E-10 8.1604E-10 8.1228E-10 8.0778E-10 8.0349E-10 7.9680E-10 7.9079E-10 7.8368E-10 7.7946E-10 7.7172E-10 7.6321E-10 7.5669E-10 7.4636E-10 7.3541E-10 7.2610E-10 7.1417E-10 7.0203E-10 6.9080E-10 6.7879E-10 6.6613E-10 6.5289E-10 6.3693E-10 6.2303E-10 6.0879E-10 5.9440E-10 5.7994E-10 5.6554E-10 5.5091E-10 5.3562E-10 5.1756E-10 5.0464E-10 4.9086E-10 4.7736E-10 4.5680E-10 4.4473E-10 4.2658E-10
2.5996E-08 2.9425E-08 3.2811E-08 3.5966E-08 3.8722E-08 4.0821E-08 4.1955E-08 4.1806E-08 4.0043E-08 3.6418E-08 3.1070E-08 2.4322E-08 1.7088E-08 1.0484E-08 5.2226E-09 2.1308E-09 8.7649E-10 7.6397E-10 7.5888E-10 7.5478E-10 7.5520E-10 7.5331E-10 7.4873E-10 7.4696E-10 7.4267E-10 7.3444E-10 7.2933E-10 7.2625E-10 7.2147E-10 7.1733E-10 7.1029E-10 7.0321E-10 6.9631E-10 6.8719E-10 6.7963E-10 6.7041E-10 6.5971E-10 6.4993E-10 6.3938E-10 6.2815E-10 6.1558E-10 6.0188E-10 5.8934E-10 5.7644E-10 5.6324E-10 5.4992E-10 5.3651E-10 5.2219E-10 5.0386E-10 4.9151E-10 4.7914E-10 4.6586E-10 4.5111E-10 4.3441E-10 4.2149E-10 4.0312E-10 3.9309E-10
2.2331E-08 2.5848E-08 2.9537E-08 3.3299E-08 3.7007E-08 4.0461E-08 4.3374E-08 4.5352E-08 4.5943E-08 4.4632E-08 4.1008E-08 3.5092E-08 2.7556E-08 1.9063E-08 1.0744E-08 4.7485E-09 1.5571E-09 7.0763E-10 6.9165E-10 6.9410E-10 6.9147E-10 6.8819E-10 6.8681E-10 6.8227E-10 6.7732E-10 6.7374E-10 6.7007E-10 6.6874E-10 6.6368E-10 6.5799E-10 6.5420E-10 6.4872E-10 6.4249E-10 6.3616E-10 6.2823E-10 6.1885E-10 6.1039E-10 6.0118E-10 5.9129E-10 5.8009E-10 5.6773E-10 5.5652E-10 5.4487E-10 5.3290E-10 5.2068E-10 5.0782E-10 4.9358E-10 4.7861E-10 4.6625E-10 4.5397E-10 4.4170E-10 4.2272E-10 4.1254E-10 3.9317E-10 3.8331E-10 3.6593E-10 3.5669E-10
1.8275E-08 2.1597E-08 2.5260E-08 2.9266E-08 3.3512E-08 3.7938E-08 4.2268E-08 4.6276E-08 4.9385E-08 5.1026E-08 5.0407E-08 4.7380E-08 4.1261E-08 3.2325E-08 2.1679E-08 1.1349E-08 4.1632E-09 1.1123E-09 6.3554E-10 6.3236E-10 6.3098E-10 6.3093E-10 6.2614E-10 6.2213E-10 6.2179E-10 6.1938E-10 6.1690E-10 6.1492E-10 6.1218E-10 6.0932E-10 6.0486E-10 5.9969E-10 5.9447E-10 5.8768E-10 5.7953E-10 5.7226E-10 5.6428E-10 5.5564E-10 5.4568E-10 5.3459E-10 5.2461E-10 5.1418E-10 5.0337E-10 4.9190E-10 4.7957E-10 4.6503E-10 4.5335E-10 4.4146E-10 4.2957E-10 4.1196E-10 4.0091E-10 3.8402E-10 3.7269E-10 3.5998E-10 3.4774E-10 3.3878E-10 3.2709E-10
1.4209E-08 1.7127E-08 2.0490E-08 2.4351E-08 2.8687E-08 3.3533E-08 3.8794E-08 4.4264E-08 4.9563E-08 5.4071E-08 5.7213E-08 5.7921E-08 5.5526E-08 4.9214E-08 3.8725E-08 2.5099E-08 1.2412E-08 3.6920E-09 7.2745E-10 5.7816E-10 5.7602E-10 5.7034E-10 5.7236E-10 5.7064E-10 5.7169E-10 5.7192E-10 5.7064E-10 5.6868E-10 5.6663E-10 5.6307E-10 5.5885E-10 5.5459E-10 5.4886E-10 5.4180E-10 5.3563E-10 5.2875E-10 5.2124E-10 5.1245E-10 5.0252E-10 4.9369E-10 4.8440E-10 4.7430E-10 4.6344E-10 4.5127E-10 4.4037E-10 4.2863E-10 4.1693E-10 4.0236E-10 3.9019E-10 3.7822E-10 3.6460E-10 3.5321E-10 3.4027E-10 3.2961E-10 3.1933E-10 3.1137E-10 3.0342E-10
