Assets/Resources/2015_m01_d11_0700(utc+0800)_l00_csi_1hr_conc.grd
DSAA
         159         159
     -79.000      79.000
     -79.000      79.000
  0.0000E+00  0.4818E-05
[rows 75 to 99 of 159, columns 57 to 113 of 159]
0.0000E+00 0.0000E+00 0.0000E+00 0.0000E+00 0.0000E+00 0.0000E+00 0.0000E+00 0.0000E+00 0.0000E+00 0.0000E+00 0.0000E+00 0.0000E+00 0.0000E+00 0.0000E+00 0.0000E+00 0.0000E+00 0.0000E+00 0.0000E+00 0.0000E+00 0.0000E+00 1.0618E-07 2.2404E-06 8.8494E-07 7.5678E-07 6.6666E-07 6.8014E-07 6.6541E-07 3.7285E-07 2.8795E-07 2.8279E-07 2.7636E-07 2.7363E-07 2.6524E-07 2.6139E-07 2.3060E-07 1.9030E-07 1.4340E-07 1.0827E-07 8.7499E-08 7.7739E-08 7.3262E-08 7.0139E-08 6.7331E-08 6.4701E-08 6.2393E-08 6.0248E-08 5.8171E-08 5.6024E-08 5.3888E-08 5.1707E-08 4.9482E-08 4.7240E-08 4.4956E-08 4.2670E-08 4.0355E-08 3.8089E-08 3.5826E-08
0.0000E+00 0.0000E+00 0.0000E+00 0.0000E+00 0.0000E+00 0.0000E+00 0.0000E+00 0.0000E+00 0.0000E+00 0.0000E+00 0.0000E+00 0.0000E+00 0.0000E+00 0.0000E+00 0.0000E+00 0.0000E+00 0.0000E+00 0.0000E+00 0.0000E+00 0.0000E+00 0.0000E+00 4.8180E-06 1.0229E-06 8.9384E-07 7.3493E-07 7.5022E-07 7.6717E-07 5.2890E-07 3.1269E-07 3.0502E-07 3.0464E-07 3.0504E-07 2.9892E-07 2.9429E-07 2.6804E-07 2.2586E-07 1.6874E-07 1.2828E-07 9.9393E-08 8.6591E-08 8.1153E-08 7.6954E-08 7.3094E-08 6.9886E-08 6.7287E-08 6.5040E-08 6.2862E-08 6.0651E-08 5.8453E-08 5.6201E-08 5.3909E-08 5.1579E-08 4.9227E-08 4.6814E-08 4.4387E-08 4.2001E-08 3.9601E-08
0.0000E+00 0.0000E+00 0.0000E+00 0.0000E+00 0.0000E+00 0.0000E+00 0.0000E+00 0.0000E+00 0.0000E+00 0.0000E+00 0.0000E+00 0.0000E+00 0.0000E+00 0.0000E+00 0.0000E+00 0.0000E+00 0.0000E+00 0.0000E+00 0.0000E+00 0.0000E+00 0.0000E+00 5.1580E-07 1.2107E-06 1.0515E-06 8.5410E-07 8.4217E-07 8.6775E-07 7.9278E-07 3.5885E-07 3.4137E-07 3.3029E-07 3.2558E-07 3.2207E-07 3.2045E-07 3.0933E-07 2.7033E-07 2.0149E-07 1.5141E-07 1.1446E-07 9.5498E-08 8.8205E-08 8.2539E-08 7.7567E-08 7.3871E-08 7.1130E-08 6.8873E-08 6.6711E-08 6.4546E-08 6.2385E-08 6.0135E-08 5.7843E-08 5.5514E-08 5.3135E-08 5.0689E-08 4.8195E-08 4.5735E-08 4.3257E-08
0.0000E+00 0.0000E+00 0.0000E+00 0.0000E+00 0.0000E+00 0.0000E+00 0.0000E+00 0.0000E+00 0.0000E+00 0.0000E+00 0.0000E+00 0.0000E+00 0.0000E+00 0.0000E+00 0.0000E+00 0.0000E+00 0.0000E+00 0.0000E+00 0.0000E+00 0.0000E+00 0.0000E+00 0.0000E+00 1.5569E-06 1.2839E-06 1.0672E-06 9.6782E-07 1.0151E-06 1.0648E-06 4.6117E-07 3.9945E-07 3.7584E-07 3.6633E-07 3.5458E-07 3.5526E-07 3.5706E-07 3.3164E-07 2.4741E-07 1.8238E-07 1.3233E-07 1.0399E-07 9.2733E-08 8.5508E-08 8.0055E-08 7.6249E-08 7.3586E-08 7.1475E-08 6.9526E-08 6.7485E-08 6.5457E-08 6.3329E-08 6.1120E-08 5.8861E-08 5.6547E-08 5.4121E-08 5.1642E-08 4.9160E-08 4.6642E-08
0.0000E+00 0.0000E+00 0.0000E+00 0.0000E+00 0.0000E+00 0.0000E+00 0.0000E+00 0.0000E+00 0.0000E+00 0.0000E+00 0.0000E+00 0.0000E+00 0.0000E+00 0.0000E+00 0.0000E+00 0.0000E+00 0.0000E+00 0.0000E+00 0.0000E+00 0.0000E+00 0.0000E+00 0.0000E+00 1.0059E-06 1.7858E-06 1.3853E-06 1.1591E-06 1.2686E-06 1.3750E-06 8.4013E-07 4.7150E-07 4.3372E-07 4.0774E-07 3.8346E-07 3.6965E-07 3.5918E-07 3.5079E-07 2.8165E-07 2.1863E-07 1.5212E-07 1.0697E-07 9.2640E-08 8.5132E-08 8.0059E-08 7.6678E-08 7.4378E-08 7.2636E-08 7.1002E-08 6.9269E-08 6.7494E-08 6.5581E-08 6.3588E-08 6.1490E-08 5.9303E-08 5.6989E-08 5.4589E-08 5.2156E-08 4.9655E-08
0.0000E+00 0.0000E+00 0.0000E+00 0.0000E+00 0.0000E+00 0.0000E+00 0.0000E+00 0.0000E+00 0.0000E+00 0.0000E+00 0.0000E+00 0.0000E+00 0.0000E+00 0.0000E+00 0.0000E+00 0.0000E+00 0.0000E+00 0.0000E+00 0.0000E+00 0.0000E+00 0.0000E+00 0.0000E+00 0.0000E+00 2.0112E-11 1.8737E-06 1.5510E-06 1.7047E-06 4.8690E-07 2.0238E-09 5.8162E-09 1.5775E-08 3.1258E-08 4.8322E-08 6.8465E-08 8.7874E-08 1.1372E-07 1.4400E-07 1.7637E-07 1.4068E-07 9.8344E-08 8.6901E-08 8.1309E-08 7.7473E-08 7.5002E-08 7.3403E-08 7.2231E-08 7.1072E-08 6.9768E-08 6.8356E-08 6.6781E-08 6.5078E-08 6.3263E-08 6.1289E-08 5.9158E-08 5.6922E-08 5.4604E-08 5.2186E-08
0.0000E+00 0.0000E+00 0.0000E+00 0.0000E+00 0.0000E+00 0.0000E+00 0.0000E+00 0.0000E+00 0.0000E+00 0.0000E+00 0.0000E+00 0.0000E+00 0.0000E+00 0.0000E+00 0.0000E+00 0.0000E+00 0.0000E+00 0.0000E+00 0.0000E+00 0.0000E+00 0.0000E+00 0.0000E+00 0.0000E+00 0.0000E+00 5.2748E-11 3.1978E-08 3.6752E-10 6.6880E-10 1.1364E-09 1.8474E-09 2.8820E-09 4.4749E-09 6.7859E-09 1.0224E-08 1.5352E-08 2.2850E-08 4.0890E-08 8.0101E-08 9.2080E-08 8.1577E-08 7.7083E-08 7.4362E-08 7.2457E-08 7.1318E-08 7.0705E-08 7.0265E-08 6.9709E-08 6.8958E-08 6.8003E-08 6.6866E-08 6.5541E-08 6.4066E-08 6.2413E-08 6.0540E-08 5.8541E-08 5.6410E-08 5.4146E-08
0.0000E+00 0.0000E+00 0.0000E+00 0.0000E+00 0.0000E+00 0.0000E+00 0.0000E+00 0.0000E+00 0.0000E+00 0.0000E+00 0.0000E+00 0.0000E+00 0.0000E+00 0.0000E+00 0.0000E+00 0.0000E+00 0.0000E+00 0.0000E+00 0.0000E+00 0.0000E+00 0.0000E+00 0.0000E+00 0.0000E+00 0.0000E+00 1.8032E-11 1.0199E-10 2.7112E-10 5.4259E-10 9.5311E-10 1.5772E-09 2.4701E-09 3.7637E-09 5.7180E-09 8.6570E-09 1.2795E-08 1.8918E-08 2.7568E-08 4.5073E-08 6.2234E-08 6.5464E-08 6.5634E-08 6.5574E-08 6.5752E-08 6.6066E-08 6.6537E-08 6.6902E-08 6.7013E-08 6.6872E-08 6.6470E-08 6.5820E-08 6.4972E-08 6.3903E-08 6.2613E-08 6.1080E-08 5.9383E-08 5.7504E-08 5.5459E-08
0.0000E+00 0.0000E+00 0.0000E+00 0.0000E+00 0.0000E+00 0.0000E+00 0.0000E+00 0.0000E+00 0.0000E+00 0.0000E+00 0.0000E+00 0.0000E+00 0.0000E+00 0.0000E+00 0.0000E+00 0.0000E+00 0.0000E+00 0.0000E+00 0.0000E+00 0.0000E+00 0.0000E+00 0.0000E+00 0.0000E+00 0.0000E+00 0.0000E+00 5.1651E-11 1.7000E-10 4.1442E-10 7.6187E-10 1.3073E-09 2.0842E-09 3.1780E-09 4.7443E-09 7.1415E-09 1.0575E-08 1.5400E-08 2.2112E-08 3.1419E-08 4.5557E-08 5.1587E-08 5.4358E-08 5.6408E-08 5.8215E-08 5.9831E-08 6.1269E-08 6.2402E-08 6.3196E-08 6.3661E-08 6.3830E-08 6.3727E-08 6.3373E-08 6.2774E-08 6.1902E-08 6.0760E-08 5.9417E-08 5.7849E-08 5.6080E-08
0.0000E+00 0.0000E+00 0.0000E+00 0.0000E+00 0.0000E+00 0.0000E+00 0.0000E+00 0.0000E+00 0.0000E+00 0.0000E+00 0.0000E+00 0.0000E+00 0.0000E+00 0.0000E+00 0.0000E+00 0.0000E+00 0.0000E+00 0.0000E+00 0.0000E+00 0.0000E+00 0.0000E+00 0.0000E+00 0.0000E+00 0.0000E+00 0.0000E+00 6.6972E-12 1.0012E-10 2.6852E-10 5.8262E-10 1.0478E-09 1.7200E-09 2.6437E-09 3.9385E-09 5.8089E-09 8.5283E-09 1.2369E-08 1.7516E-08 2.4456E-08 3.4203E-08 4.0302E-08 4.4323E-08 4.7662E-08 5.0568E-08 5.3121E-08 5.5309E-08 5.7092E-08 5.8500E-08 5.9553E-08 6.0270E-08 6.0699E-08 6.0866E-08 6.0744E-08 6.0321E-08 5.9607E-08 5.8652E-08 5.7438E-08 5.5994E-08
0.0000E+00 0.0000E+00 0.0000E+00 0.0000E+00 0.0000E+00 0.0000E+00 0.0000E+00 0.0000E+00 0.0000E+00 0.0000E+00 0.0000E+00 0.0000E+00 0.0000E+00 0.0000E+00 0.0000E+00 0.0000E+00 0.0000E+00 0.0000E+00 0.0000E+00 0.0000E+00 0.0000E+00 0.0000E+00 0.0000E+00 0.0000E+00 0.0000E+00 0.0000E+00 2.7781E-11 1.6470E-10 3.8843E-10 8.0137E-10 1.3816E-09 2.1527E-09 3.2282E-09 4.7373E-09 6.8415E-09 9.8503E-09 1.3845E-08 1.9101E-08 2.6134E-08 3.1612E-08 3.5958E-08 3.9824E-08 4.3269E-08 4.6353E-08 4.9027E-08 5.1316E-08 5.3218E-08 5.4771E-08 5.6010E-08 5.6938E-08 5.7587E-08 5.7933E-08 5.7956E-08 5.7687E-08 5.7136E-08 5.6300E-08 5.5206E-08
0.0000E+00 0.0000E+00 0.0000E+00 0.0000E+00 0.0000E+00 0.0000E+00 0.0000E+00 0.0000E+00 0.0000E+00 0.0000E+00 0.0000E+00 0.0000E+00 0.0000E+00 0.0000E+00 0.0000E+00 0.0000E+00 0.0000E+00 0.0000E+00 0.0000E+00 0.0000E+00 0.0000E+00 0.0000E+00 0.0000E+00 0.0000E+00 0.0000E+00 0.0000E+00 6.8826E-13 6.4348E-11 2.5220E-10 5.5631E-10 1.0529E-09 1.7024E-09 2.5855E-09 3.8178E-09 5.4896E-09 7.7980E-09 1.0843E-08 1.4998E-08 2.0208E-08 2.4916E-08 2.9087E-08 3.2952E-08 3.6531E-08 3.9809E-08 4.2756E-08 4.5364E-08 4.7634E-08 4.9586E-08 5.1240E-08 5.2627E-08 5.3704E-08 5.4482E-08 5.4934E-08 5.5093E-08 5.4940E-08 5.4491E-08 5.3766E-08
0.0000E+00 0.0000E+00 0.0000E+00 0.0000E+00 0.0000E+00 0.0000E+00 0.0000E+00 0.0000E+00 0.0000E+00 0.0000E+00 0.0000E+00 0.0000E+00 0.0000E+00 0.0000E+00 0.0000E+00 0.0000E+00 0.0000E+00 0.0000E+00 0.0000E+00 0.0000E+00 0.0000E+00 0.0000E+00 0.0000E+00 0.0000E+00 0.0000E+00 0.0000E+00 0.0000E+00 6.2322E-12 1.1416E-10 3.6185E-10 7.4012E-10 1.3082E-09 2.0200E-09 3.0211E-09 4.3508E-09 6.1765E-09 8.5259E-09 1.1577E-08 1.5721E-08 1.9652E-08 2.3381E-08 2.6985E-08 3.0445E-08 3.3708E-08 3.6737E-08 3.9506E-08 4.2003E-08 4.4249E-08 4.6220E-08 4.7943E-08 4.9400E-08 5.0549E-08 5.1396E-08 5.1939E-08 5.2168E-08 5.2092E-08 5.1745E-08
0.0000E+00 0.0000E+00 0.0000E+00 0.0000E+00 0.0000E+00 0.0000E+00 0.0000E+00 0.0000E+00 0.0000E+00 0.0000E+00 0.0000E+00 0.0000E+00 0.0000E+00 0.0000E+00 0.0000E+00 0.0000E+00 0.0000E+00 0.0000E+00 0.0000E+00 0.0000E+00 0.0000E+00 0.0000E+00 0.0000E+00 0.0000E+00 0.0000E+00 0.0000E+00 0.0000E+00 0.0000E+00 2.2483E-11 1.7812E-10 4.9801E-10 9.3184E-10 1.5384E-09 2.3147E-09 3.4017E-09 4.7968E-09 6.6845E-09 9.0846E-09 1.2260E-08 1.5460E-08 1.8660E-08 2.1886E-08 2.5076E-08 2.8178E-08 3.1143E-08 3.3938E-08 3.6546E-08 3.8948E-08 4.1149E-08 4.3118E-08 4.4852E-08 4.6310E-08 4.7486E-08 4.8360E-08 4.8934E-08 4.9212E-08 4.9224E-08
0.0000E+00 0.0000E+00 0.0000E+00 0.0000E+00 0.0000E+00 0.0000E+00 0.0000E+00 0.0000E+00 0.0000E+00 0.0000E+00 0.0000E+00 0.0000E+00 0.0000E+00 0.0000E+00 0.0000E+00 0.0000E+00 0.0000E+00 0.0000E+00 0.0000E+00 0.0000E+00 0.0000E+00 0.0000E+00 0.0000E+00 0.0000E+00 0.0000E+00 0.0000E+00 0.0000E+00 0.0000E+00 0.0000E+00 5.1886E-11 2.5912E-10 6.6946E-10 1.1091E-09 1.7425E-09 2.5698E-09 3.7077E-09 5.1740E-09 7.0526E-09 9.5100E-09 1.2086E-08 1.4779E-08 1.7578E-08 2.0429E-08 2.3281E-08 2.6086E-08 2.8803E-08 3.1405E-08 3.3865E-08 3.6174E-08 3.8305E-08 4.0230E-08 4.1916E-08 4.3345E-08 4.4496E-08 4.5365E-08 4.5964E-08 4.6306E-08
0.0000E+00 0.0000E+00 0.0000E+00 0.0000E+00 0.0000E+00 0.0000E+00 0.0000E+00 0.0000E+00 0.0000E+00 0.0000E+00 0.0000E+00 0.0000E+00 0.0000E+00 0.0000E+00 0.0000E+00 0.0000E+00 0.0000E+00 0.0000E+00 0.0000E+00 0.0000E+00 0.0000E+00 0.0000E+00 0.0000E+00 0.0000E+00 0.0000E+00 0.0000E+00 0.0000E+00 0.0000E+00 0.0000E+00 0.0000E+00 9.5328E-11 3.6167E-10 7.9755E-10 1.2616E-09 1.9080E-09 2.7897E-09 3.9482E-09 5.4128E-09 7.3238E-09 9.3773E-09 1.1607E-08 1.3988E-08 1.6482E-08 1.9041E-08 2.1621E-08 2.4184E-08 2.6690E-08 2.9117E-08 3.1439E-08 3.3641E-08 3.5672E-08 3.7505E-08 3.9112E-08 4.0477E-08 4.1592E-08 4.2460E-08 4.3085E-08
0.0000E+00 0.0000E+00 0.0000E+00 0.0000E+00 0.0000E+00 0.0000E+00 0.0000E+00 0.0000E+00 0.0000E+00 0.0000E+00 0.0000E+00 0.0000E+00 0.0000E+00 0.0000E+00 0.0000E+00 0.0000E+00 0.0000E+00 0.0000E+00 0.0000E+00 0.0000E+00 0.0000E+00 0.0000E+00 0.0000E+00 0.0000E+00 0.0000E+00 0.0000E+00 0.0000E+00 0.0000E+00 0.0000E+00 0.0000E+00 2.9769E-12 1.5468E-10 4.8626E-10 9.0453E-10 1.3952E-09 2.0329E-09 2.9318E-09 4.1118E-09 5.5861E-09 7.2247E-09 9.0505E-09 1.1048E-08 1.3192E-08 1.5440E-08 1.7758E-08 2.0108E-08 2.2456E-08 2.4776E-08 2.7046E-08 2.9233E-08 3.1293E-08 3.3194E-08 3.4911E-08 3.6425E-08 3.7729E-08 3.8818E-08 3.9676E-08
0.0000E+00 0.0000E+00 0.0000E+00 0.0000E+00 0.0000E+00 0.0000E+00 0.0000E+00 0.0000E+00 0.0000E+00 0.0000E+00 0.0000E+00 0.0000E+00 0.0000E+00 0.0000E+00 0.0000E+00 0.0000E+00 0.0000E+00 0.0000E+00 0.0000E+00 0.0000E+00 0.0000E+00 0.0000E+00 0.0000E+00 0.0000E+00 0.0000E+00 0.0000E+00 0.0000E+00 0.0000E+00 0.0000E+00 0.0000E+00 0.0000E+00 1.2671E-11 2.2289E-10 5.8797E-10 1.0065E-09 1.5025E-09 2.1356E-09 3.1126E-09 4.2206E-09 5.5207E-09 7.0129E-09 8.6687E-09 1.0483E-08 1.2425E-08 1.4464E-08 1.6573E-08 1.8724E-08 2.0891E-08 2.3045E-08 2.5152E-08 2.7171E-08 2.9077E-08 3.0841E-08 3.2450E-08 3.3885E-08 3.5129E-08 3.6179E-08
0.0000E+00 0.0000E+00 0.0000E+00 0.0000E+00 0.0000E+00 0.0000E+00 0.0000E+00 0.0000E+00 0.0000E+00 0.0000E+00 0.0000E+00 0.0000E+00 0.0000E+00 0.0000E+00 0.0000E+00 0.0000E+00 0.0000E+00 0.0000E+00 0.0000E+00 0.0000E+00 0.0000E+00 0.0000E+00 0.0000E+00 0.0000E+00 0.0000E+00 0.0000E+00 0.0000E+00 0.0000E+00 0.0000E+00 0.0000E+00 0.0000E+00 0.0000E+00 3.1570E-11 3.0352E-10 6.7329E-10 1.0789E-09 1.5804E-09 2.2438E-09 3.1782E-09 4.2031E-09 5.3970E-09 6.7644E-09 8.2799E-09 9.9339E-09 1.1701E-08 1.3560E-08 1.5491E-08 1.7467E-08 1.9458E-08 2.1435E-08 2.3366E-08 2.5226E-08 2.6989E-08 2.8635E-08 3.0142E-08 3.1490E-08 3.2684E-08
0.0000E+00 0.0000E+00 0.0000E+00 0.0000E+00 0.0000E+00 0.0000E+00 0.0000E+00 0.0000E+00 0.0000E+00 0.0000E+00 0.0000E+00 0.0000E+00 0.0000E+00 0.0000E+00 0.0000E+00 0.0000E+00 0.0000E+00 0.0000E+00 0.0000E+00 0.0000E+00 0.0000E+00 0.0000E+00 0.0000E+00 0.0000E+00 0.0000E+00 0.0000E+00 0.0000E+00 0.0000E+00 0.0000E+00 0.0000E+00 0.0000E+00 0.0000E+00 0.0000E+00 6.1817E-11 3.8538E-10 7.4024E-10 1.1427E-09 1.6229E-09 2.3386E-09 3.1892E-09 4.1492E-09 5.2583E-09 6.5130E-09 7.9007E-09 9.4085E-09 1.1019E-08 1.2716E-08 1.4482E-08 1.6287E-08 1.8107E-08 1.9920E-08 2.1694E-08 2.3410E-08 2.5040E-08 2.6569E-08 2.7983E-08 2.9273E-08
0.0000E+00 0.0000E+00 0.0000E+00 0.0000E+00 0.0000E+00 0.0000E+00 0.0000E+00 0.0000E+00 0.0000E+00 0.0000E+00 0.0000E+00 0.0000E+00 0.0000E+00 0.0000E+00 0.0000E+00 0.0000E+00 0.0000E+00 0.0000E+00 0.0000E+00 0.0000E+00 0.0000E+00 0.0000E+00 0.0000E+00 0.0000E+00 0.0000E+00 0.0000E+00 0.0000E+00 0.0000E+00 0.0000E+00 0.0000E+00 0.0000E+00 0.0000E+00 0.0000E+00 0.0000E+00 1.0085E-10 4.5313E-10 7.9409E-10 1.1975E-09 1.6595E-09 2.3772E-09 3.1521E-09 4.0564E-09 5.0883E-09 6.2440E-09 7.5133E-09 8.8890E-09 1.0359E-08 1.1914E-08 1.3528E-08 1.5177E-08 1.6844E-08 1.8503E-08 2.0131E-08 2.1712E-08 2.3227E-08 2.4661E-08 2.6003E-08
0.0000E+00 0.0000E+00 0.0000E+00 0.0000E+00 0.0000E+00 0.0000E+00 0.0000E+00 0.0000E+00 0.0000E+00 0.0000E+00 0.0000E+00 0.0000E+00 0.0000E+00 0.0000E+00 0.0000E+00 0.0000E+00 0.0000E+00 0.0000E+00 0.0000E+00 0.0000E+00 0.0000E+00 0.0000E+00 0.0000E+00 0.0000E+00 0.0000E+00 0.0000E+00 0.0000E+00 0.0000E+00 0.0000E+00 0.0000E+00 0.0000E+00 0.0000E+00 0.0000E+00 0.0000E+00 2.9968E-12 1.5096E-10 4.9996E-10 8.5440E-10 1.2294E-09 1.6865E-09 2.3796E-09 3.1072E-09 3.9484E-09 4.8962E-09 5.9556E-09 7.1212E-09 8.3842E-09 9.7355E-09 1.1157E-08 1.2628E-08 1.4134E-08 1.5657E-08 1.7180E-08 1.8683E-08 2.0151E-08 2.1567E-08 2.2916E-08
0.0000E+00 0.0000E+00 0.0000E+00 0.0000E+00 0.0000E+00 0.0000E+00 0.0000E+00 0.0000E+00 0.0000E+00 0.0000E+00 0.0000E+00 0.0000E+00 0.0000E+00 0.0000E+00 0.0000E+00 0.0000E+00 0.0000E+00 0.0000E+00 0.0000E+00 0.0000E+00 0.0000E+00 0.0000E+00 0.0000E+00 0.0000E+00 0.0000E+00 0.0000E+00 0.0000E+00 0.0000E+00 0.0000E+00 0.0000E+00 0.0000E+00 0.0000E+00 0.0000E+00 0.0000E+00 0.0000E+00 1.0486E-11 2.0878E-10 5.3544E-10 8.8636E-10 1.2586E-09 1.7160E-09 2.3544E-09 3.0480E-09 3.8291E-09 4.7034E-09 5.6756E-09 6.7435E-09 7.9018E-09 9.1372E-09 1.0433E-08 1.1777E-08 1.3158E-08 1.4558E-08 1.5962E-08 1.7353E-08 1.8725E-08 2.0058E-08
0.0000E+00 0.0000E+00 0.0000E+00 0.0000E+00 0.0000E+00 0.0000E+00 0.0000E+00 0.0000E+00 0.0000E+00 0.0000E+00 0.0000E+00 0.0000E+00 0.0000E+00 0.0000E+00 0.0000E+00 0.0000E+00 0.0000E+00 0.0000E+00 0.0000E+00 0.0000E+00 0.0000E+00 0.0000E+00 0.0000E+00 0.0000E+00 0.0000E+00 0.0000E+00 0.0000E+00 0.0000E+00 0.0000E+00 0.0000E+00 0.0000E+00 0.0000E+00 0.0000E+00 0.0000E+00 0.0000E+00 0.0000E+00 2.4227E-11 2.5785E-10 5.5855E-10 9.1277E-10 1.2717E-09 1.7633E-09 2.3279E-09 2.9716E-09 3.6908E-09 4.4952E-09 5.3896E-09 6.3747E-09 7.4380E-09 8.5671E-09 9.7520E-09 1.0985E-08 1.2252E-08 1.3544E-08 1.4849E-08 1.6153E-08 1.7444E-08
0.0000E+00 0.0000E+00 0.0000E+00 0.0000E+00 0.0000E+00 0.0000E+00 0.0000E+00 0.0000E+00 0.0000E+00 0.0000E+00 0.0000E+00 0.0000E+00 0.0000E+00 0.0000E+00 0.0000E+00 0.0000E+00 0.0000E+00 0.0000E+00 0.0000E+00 0.0000E+00 0.0000E+00 0.0000E+00 0.0000E+00 0.0000E+00 0.0000E+00 0.0000E+00 0.0000E+00 0.0000E+00 0.0000E+00 0.0000E+00 0.0000E+00 0.0000E+00 0.0000E+00 0.0000E+00 0.0000E+00 0.0000E+00 0.0000E+00 4.5779E-11 3.0702E-10 5.6522E-10 9.3204E-10 1.2915E-09 1.7601E-09 2.2738E-09 2.8747E-09 3.5405E-09 4.2838E-09 5.1137E-09 6.0187E-09 6.9903E-09 8.0252E-09 9.1148E-09 1.0251E-08 1.1426E-08 1.2632E-08 1.3852E-08 1.5076E-08
