Assets/Resources/2015_m01_d04_1300(utc+0800)_l00_csi_1hr_conc.grd
DSAA
         159         159
     -79.000      79.000
     -79.000      79.000
  0.1727E-09  0.1428E-05
[rows 25 to 49 of 159, columns 0 to 56 of 159]
1.0819E-09 1.1441E-09 1.2073E-09 1.2714E-09 1.3617E-09 1.4360E-09 1.5129E-09 1.5928E-09 1.7029E-09 1.7978E-09 1.8901E-09 1.9843E-09 2.0883E-09 2.2147E-09 2.3176E-09 2.4209E-09 2.5312E-09 2.6403E-09 2.7621E-09 2.8630E-09 2.9688E-09 3.0660E-09 3.1652E-09 3.2527E-09 3.3573E-09 3.4428E-09 3.5158E-09 3.5839E-09 3.6471E-09 3.7048E-09 3.7560E-09 3.8076E-09 3.8470E-09 3.8813E-09 3.9118E-09 3.9377E-09 3.9593E-09 3.9766E-09 3.9902E-09 4.0010E-09 4.0099E-09 3.9966E-09 3.9692E-09 3.9682E-09 3.9724E-09 3.9643E-09 3.9655E-09 3.9690E-09 3.9595E-09 3.9528E-09 3.9595E-09 3.9716E-09 3.9814E-09 3.9858E-09 3.9884E-09 3.9873E-09 3.9647E-09
1.1358E-09 1.1998E-09 1.2673E-09 1.3597E-09 1.4368E-09 1.5159E-09 1.6076E-09 1.7171E-09 1.8183E-09 1.9159E-09 2.0243E-09 2.1506E-09 2.2666E-09 2.3781E-09 2.4980E-09 2.6313E-09 2.7505E-09 2.8644E-09 2.9845E-09 3.0962E-09 3.2307E-09 3.3352E-09 3.4349E-09 3.5370E-09 3.6267E-09 3.7116E-09 3.7906E-09 3.8635E-09 3.9354E-09 3.9939E-09 4.0449E-09 4.0907E-09 4.1302E-09 4.1632E-09 4.1896E-09 4.2106E-09 4.2269E-09 4.2389E-09 4.2473E-09 4.2525E-09 4.2558E-09 4.2570E-09 4.2405E-09 4.2081E-09 4.2130E-09 4.2110E-09 4.1994E-09 4.1937E-09 4.1849E-09 4.1725E-09 4.1556E-09 4.1528E-09 4.1596E-09 4.1656E-09 4.1682E-09 4.1701E-09 4.1627E-09
1.1896E-09 1.2776E-09 1.3548E-09 1.4338E-09 1.5164E-09 1.6315E-09 1.7270E-09 1.8329E-09 1.9374E-09 2.0745E-09 2.1955E-09 2.3137E-09 2.4411E-09 2.5846E-09 2.7150E-09 2.8413E-09 2.9741E-09 3.1000E-09 3.2514E-09 3.3728E-09 3.4907E-09 3.6109E-09 3.7197E-09 3.8236E-09 3.9220E-09 4.0204E-09 4.1038E-09 4.1796E-09 4.2484E-09 4.3098E-09 4.3624E-09 4.4062E-09 4.4429E-09 4.4724E-09 4.4953E-09 4.5118E-09 4.5229E-09 4.5290E-09 4.5311E-09 4.5298E-09 4.5261E-09 4.5203E-09 4.5133E-09 4.4802E-09 4.4527E-09 4.4540E-09 4.4449E-09 4.4393E-09 4.4281E-09 4.4065E-09 4.3851E-09 4.3583E-09 4.3510E-09 4.3500E-09 4.3523E-09 4.3500E-09 4.3481E-09
1.2672E-09 1.3466E-09 1.4277E-09 1.5147E-09 1.6334E-09 1.7395E-09 1.8434E-09 1.9802E-09 2.0991E-09 2.2288E-09 2.3560E-09 2.5128E-09 2.6464E-09 2.7893E-09 2.9283E-09 3.0746E-09 3.2350E-09 3.3803E-09 3.5172E-09 3.6569E-09 3.7864E-09 3.9110E-09 4.0315E-09 4.1517E-09 4.2575E-09 4.3548E-09 4.4454E-09 4.5268E-09 4.5986E-09 4.6601E-09 4.7121E-09 4.7553E-09 4.7900E-09 4.8163E-09 4.8348E-09 4.8461E-09 4.8510E-09 4.8502E-09 4.8448E-09 4.8357E-09 4.8237E-09 4.8095E-09 4.7939E-09 4.7776E-09 4.7368E-09 4.7013E-09 4.6954E-09 4.6887E-09 4.6754E-09 4.6627E-09 4.6404E-09 4.6079E-09 4.5681E-09 4.5481E-09 4.5427E-09 4.5400E-09 4.5341E-09
1.3347E-09 1.4177E-09 1.5263E-09 1.6306E-09 1.7403E-09 1.8495E-09 1.9934E-09 2.1185E-09 2.2549E-09 2.3911E-09 2.5581E-09 2.7093E-09 2.8581E-09 3.0163E-09 3.1909E-09 3.3525E-09 3.5073E-09 3.6672E-09 3.8183E-09 3.9650E-09 4.1090E-09 4.2534E-09 4.3848E-09 4.5073E-09 4.6233E-09 4.7296E-09 4.8263E-09 4.9109E-09 4.9855E-09 5.0486E-09 5.1011E-09 5.1435E-09 5.1757E-09 5.1984E-09 5.2118E-09 5.2170E-09 5.2146E-09 5.2058E-09 5.1915E-09 5.1732E-09 5.1514E-09 5.1271E-09 5.1014E-09 5.0749E-09 5.0399E-09 4.9902E-09 4.9559E-09 4.9420E-09 4.9278E-09 4.9132E-09 4.8925E-09 4.8718E-09 4.8298E-09 4.7757E-09 4.7497E-09 4.7374E-09 4.7292E-09
1.4035E-09 1.5152E-09 1.6225E-09 1.7359E-09 1.8504E-09 2.0005E-09 2.1322E-09 2.2750E-09 2.4385E-09 2.5953E-09 2.7577E-09 2.9190E-09 3.1110E-09 3.2800E-09 3.4572E-09 3.6289E-09 3.8070E-09 3.9770E-09 4.1445E-09 4.3084E-09 4.4736E-09 4.6243E-09 4.7682E-09 4.9039E-09 5.0299E-09 5.1436E-09 5.2464E-09 5.3366E-09 5.4151E-09 5.4802E-09 5.5332E-09 5.5746E-09 5.6040E-09 5.6223E-09 5.6298E-09 5.6278E-09 5.6170E-09 5.5988E-09 5.5744E-09 5.5453E-09 5.5120E-09 5.4761E-09 5.4384E-09 5.4001E-09 5.3620E-09 5.3074E-09 5.2481E-09 5.2149E-09 5.1924E-09 5.1699E-09 5.1473E-09 5.1248E-09 5.0954E-09 5.0520E-09 4.9851E-09 4.9519E-09 4.9315E-09
1.4990E-09 1.6088E-09 1.7254E-09 1.8447E-09 1.9998E-09 2.1436E-09 2.2874E-09 2.4654E-09 2.6248E-09 2.7973E-09 2.9705E-09 3.1766E-09 3.3666E-09 3.5535E-09 3.7425E-09 3.9397E-09 4.1300E-09 4.3198E-09 4.5127E-09 4.6938E-09 4.8675E-09 5.0354E-09 5.1939E-09 5.3416E-09 5.4774E-09 5.6010E-09 5.7115E-09 5.8082E-09 5.8906E-09 5.9584E-09 6.0120E-09 6.0521E-09 6.0783E-09 6.0916E-09 6.0925E-09 6.0821E-09 6.0618E-09 6.0329E-09 5.9968E-09 5.9551E-09 5.9085E-09 5.8590E-09 5.8074E-09 5.7554E-09 5.7036E-09 5.6532E-09 5.5783E-09 5.5196E-09 5.4766E-09 5.4447E-09 5.4132E-09 5.3821E-09 5.3516E-09 5.3211E-09 5.2716E-09 5.1971E-09 5.1539E-09
1.5893E-09 1.7086E-09 1.8316E-09 1.9910E-09 2.1402E-09 2.2907E-09 2.4766E-09 2.6452E-09 2.8275E-09 3.0115E-09 3.2306E-09 3.4353E-09 3.6389E-09 3.8526E-09 4.0625E-09 4.2736E-09 4.4862E-09 4.7037E-09 4.9091E-09 5.1097E-09 5.3033E-09 5.4883E-09 5.6611E-09 5.8229E-09 5.9711E-09 6.1059E-09 6.2252E-09 6.3290E-09 6.4160E-09 6.4865E-09 6.5411E-09 6.5795E-09 6.6022E-09 6.6097E-09 6.6031E-09 6.5835E-09 6.5522E-09 6.5110E-09 6.4618E-09 6.4055E-09 6.3439E-09 6.2786E-09 6.2112E-09 6.1432E-09 6.0757E-09 6.0098E-09 5.9373E-09 5.8615E-09 5.7818E-09 5.7390E-09 5.6971E-09 5.6561E-09 5.6163E-09 5.5776E-09 5.5394E-09 5.4833E-09 5.4013E-09
1.6855E-09 1.8109E-09 1.9740E-09 2.1218E-09 2.2841E-09 2.4771E-09 2.6539E-09 2.8461E-09 3.0616E-09 3.2726E-09 3.4912E-09 3.7105E-09 3.9422E-09 4.1720E-09 4.4050E-09 4.6406E-09 4.8830E-09 5.1150E-09 5.3436E-09 5.5666E-09 5.7802E-09 5.9830E-09 6.1736E-09 6.3514E-09 6.5139E-09 6.6610E-09 6.7902E-09 6.9021E-09 6.9943E-09 7.0679E-09 7.1234E-09 7.1602E-09 7.1789E-09 7.1802E-09 7.1650E-09 7.1350E-09 7.0916E-09 7.0367E-09 6.9723E-09 6.8996E-09 6.8208E-09 6.7376E-09 6.6521E-09 6.5659E-09 6.4803E-09 6.3968E-09 6.3159E-09 6.2212E-09 6.1337E-09 6.0539E-09 6.0000E-09 5.9477E-09 5.8972E-09 5.8483E-09 5.8012E-09 5.7542E-09 5.6868E-09
1.7826E-09 1.9485E-09 2.1001E-09 2.2669E-09 2.4659E-09 2.6502E-09 2.8512E-09 3.0771E-09 3.3004E-09 3.5326E-09 3.7670E-09 4.0156E-09 4.2649E-09 4.5196E-09 4.7858E-09 5.0469E-09 5.3065E-09 5.5645E-09 5.8180E-09 6.0635E-09 6.2992E-09 6.5235E-09 6.7341E-09 6.9294E-09 7.1079E-09 7.2684E-09 7.4091E-09 7.5295E-09 7.6281E-09 7.7055E-09 7.7619E-09 7.7970E-09 7.8113E-09 7.8057E-09 7.7812E-09 7.7397E-09 7.6827E-09 7.6125E-09 7.5310E-09 7.4399E-09 7.3417E-09 7.2385E-09 7.1324E-09 7.0257E-09 6.9197E-09 6.8160E-09 6.7155E-09 6.6202E-09 6.5021E-09 6.4029E-09 6.3230E-09 6.2578E-09 6.1951E-09 6.1347E-09 6.0768E-09 6.0211E-09 5.9643E-09
1.9147E-09 2.0690E-09 2.2393E-09 2.4429E-09 2.6332E-09 2.8419E-09 3.0772E-09 3.3114E-09 3.5567E-09 3.8062E-09 4.0714E-09 4.3388E-09 4.6141E-09 4.9040E-09 5.1909E-09 5.4784E-09 5.7704E-09 6.0624E-09 6.3487E-09 6.6256E-09 6.8895E-09 7.1386E-09 7.3722E-09 7.5877E-09 7.7839E-09 7.9576E-09 8.1069E-09 8.2292E-09 8.3235E-09 8.4015E-09 8.4592E-09 8.4923E-09 8.5020E-09 8.4888E-09 8.4544E-09 8.4000E-09 8.3282E-09 8.2409E-09 8.1404E-09 8.0289E-09 7.9090E-09 7.7832E-09 7.6544E-09 7.5243E-09 7.3954E-09 7.2688E-09 7.1466E-09 7.0302E-09 6.9201E-09 6.7780E-09 6.6667E-09 6.5871E-09 6.5106E-09 6.4373E-09 6.3672E-09 6.3002E-09 6.2360E-09
2.0285E-09 2.2013E-09 2.4020E-09 2.6029E-09 2.8179E-09 3.0607E-09 3.3045E-09 3.5615E-09 3.8247E-09 4.1060E-09 4.3915E-09 4.6870E-09 4.9987E-09 5.3135E-09 5.6363E-09 5.9648E-09 6.2897E-09 6.6077E-09 6.9203E-09 7.2266E-09 7.5245E-09 7.8068E-09 8.0709E-09 8.3127E-09 8.5311E-09 8.7222E-09 8.8848E-09 9.0170E-09 9.1190E-09 9.1934E-09 9.2365E-09 9.2627E-09 9.2600E-09 9.2347E-09 9.1861E-09 9.1180E-09 9.0298E-09 8.9239E-09 8.8024E-09 8.6683E-09 8.5245E-09 8.3738E-09 8.2195E-09 8.0636E-09 7.9090E-09 7.7569E-09 7.6105E-09 7.4702E-09 7.3379E-09 7.2130E-09 7.0585E-09 6.9361E-09 6.8444E-09 6.7566E-09 6.6729E-09 6.5931E-09 6.5172E-09
2.1535E-09 2.3551E-09 2.5594E-09 2.7792E-09 3.0276E-09 3.2793E-09 3.5461E-09 3.8211E-09 4.1169E-09 4.4191E-09 4.7338E-09 5.0710E-09 5.4154E-09 5.7672E-09 6.1227E-09 6.4804E-09 6.8414E-09 7.2029E-09 7.5569E-09 7.8989E-09 8.2256E-09 8.5364E-09 8.8271E-09 9.0949E-09 9.3385E-09 9.5518E-09 9.7330E-09 9.8744E-09 9.9910E-09 1.0069E-08 1.0117E-08 1.0124E-08 1.0103E-08 1.0064E-08 9.9955E-09 9.9027E-09 9.7889E-09 9.6627E-09 9.5183E-09 9.3596E-09 9.1894E-09 9.0116E-09 8.8289E-09 8.6448E-09 8.4614E-09 8.2814E-09 8.1078E-09 7.9418E-09 7.7843E-09 7.6360E-09 7.4966E-09 7.3185E-09 7.1965E-09 7.0928E-09 6.9940E-09 6.9002E-09 6.8112E-09
2.2781E-09 2.5034E-09 2.7196E-09 2.9581E-09 3.2354E-09 3.5033E-09 3.7947E-09 4.1027E-09 4.4196E-09 4.7532E-09 5.1148E-09 5.4850E-09 5.8614E-09 6.2466E-09 6.6444E-09 7.0478E-09 7.4497E-09 7.8466E-09 8.2373E-09 8.6219E-09 8.9933E-09 9.3463E-09 9.6735E-09 9.9717E-09 1.0239E-08 1.0474E-08 1.0672E-08 1.0833E-08 1.0957E-08 1.1040E-08 1.1085E-08 1.1090E-08 1.1049E-08 1.0976E-08 1.0884E-08 1.0766E-08 1.0628E-08 1.0466E-08 1.0289E-08 1.0103E-08 9.9047E-09 9.6970E-09 9.4837E-09 9.2682E-09 9.0535E-09 8.8425E-09 8.6394E-09 8.4448E-09 8.2598E-09 8.0856E-09 7.9221E-09 7.7593E-09 7.5673E-09 7.4459E-09 7.3306E-09 7.2215E-09 7.1180E-09
2.4358E-09 2.6523E-09 2.8931E-09 3.1734E-09 3.4465E-09 3.7455E-09 4.0632E-09 4.3921E-09 4.7432E-09 5.1181E-09 5.5157E-09 5.9174E-09 6.3365E-09 6.7708E-09 7.2104E-09 7.6523E-09 8.0991E-09 8.5471E-09 8.9900E-09 9.4191E-09 9.8301E-09 1.0220E-08 1.0588E-08 1.0929E-08 1.1234E-08 1.1498E-08 1.1718E-08 1.1895E-08 1.2028E-08 1.2117E-08 1.2157E-08 1.2154E-08 1.2099E-08 1.2006E-08 1.1876E-08 1.1710E-08 1.1542E-08 1.1345E-08 1.1130E-08 1.0902E-08 1.0670E-08 1.0430E-08 1.0184E-08 9.9340E-09 9.6853E-09 9.4411E-09 9.2051E-09 8.9794E-09 8.7648E-09 8.5618E-09 8.3719E-09 8.1939E-09 8.0187E-09 7.8159E-09 7.6828E-09 7.5567E-09 7.4375E-09
2.5724E-09 2.8134E-09 3.0877E-09 3.3703E-09 3.6739E-09 3.9918E-09 4.3367E-09 4.7011E-09 5.0920E-09 5.5080E-09 5.9342E-09 6.3830E-09 6.8498E-09 7.3257E-09 7.8106E-09 8.3068E-09 8.8086E-09 9.3070E-09 9.7969E-09 1.0279E-08 1.0747E-08 1.1192E-08 1.1605E-08 1.1981E-08 1.2317E-08 1.2611E-08 1.2861E-08 1.3060E-08 1.3208E-08 1.3304E-08 1.3343E-08 1.3328E-08 1.3261E-08 1.3147E-08 1.2984E-08 1.2787E-08 1.2551E-08 1.2305E-08 1.2050E-08 1.1772E-08 1.1490E-08 1.1210E-08 1.0928E-08 1.0642E-08 1.0356E-08 1.0076E-08 9.8048E-09 9.5452E-09 9.2984E-09 9.0649E-09 8.8457E-09 8.6410E-09 8.4498E-09 8.2537E-09 8.0498E-09 7.9055E-09 7.7691E-09
2.7140E-09 2.9730E-09 3.2757E-09 3.5743E-09 3.9025E-09 4.2537E-09 4.6272E-09 5.0298E-09 5.4612E-09 5.9083E-09 6.3816E-09 6.8767E-09 7.3868E-09 7.9146E-09 8.4588E-09 9.0109E-09 9.5655E-09 1.0123E-08 1.0681E-08 1.1225E-08 1.1747E-08 1.2243E-08 1.2711E-08 1.3144E-08 1.3531E-08 1.3862E-08 1.4136E-08 1.4351E-08 1.4507E-08 1.4605E-08 1.4643E-08 1.4619E-08 1.4538E-08 1.4401E-08 1.4216E-08 1.3961E-08 1.3688E-08 1.3375E-08 1.3051E-08 1.2725E-08 1.2384E-08 1.2044E-08 1.1715E-08 1.1389E-08 1.1064E-08 1.0746E-08 1.0438E-08 1.0141E-08 9.8598E-09 9.5935E-09 9.3431E-09 9.1092E-09 8.8913E-09 8.6876E-09 8.4704E-09 8.2671E-09 8.1123E-09
2.8651E-09 3.1643E-09 3.4618E-09 3.7909E-09 4.1447E-09 4.5225E-09 4.9326E-09 5.3751E-09 5.8382E-09 6.3311E-09 6.8503E-09 7.3915E-09 7.9571E-09 8.5451E-09 9.1461E-09 9.7588E-09 1.0384E-08 1.1013E-08 1.1635E-08 1.2243E-08 1.2838E-08 1.3408E-08 1.3940E-08 1.4423E-08 1.4857E-08 1.5236E-08 1.5553E-08 1.5802E-08 1.5979E-08 1.6082E-08 1.6114E-08 1.6074E-08 1.5969E-08 1.5799E-08 1.5572E-08 1.5291E-08 1.4952E-08 1.4581E-08 1.4176E-08 1.3758E-08 1.3363E-08 1.2952E-08 1.2554E-08 1.2175E-08 1.1809E-08 1.1450E-08 1.1101E-08 1.0766E-08 1.0447E-08 1.0146E-08 9.8629E-09 9.5975E-09 9.3511E-09 9.1201E-09 8.8953E-09 8.6673E-09 8.4662E-09
3.0325E-09 3.3327E-09 3.6589E-09 4.0050E-09 4.3898E-09 4.8027E-09 5.2445E-09 5.7247E-09 6.2321E-09 6.7699E-09 7.3365E-09 7.9338E-09 8.5598E-09 9.2057E-09 9.8727E-09 1.0562E-08 1.1261E-08 1.1961E-08 1.2663E-08 1.3360E-08 1.4035E-08 1.4675E-08 1.5279E-08 1.5840E-08 1.6344E-08 1.6775E-08 1.7130E-08 1.7402E-08 1.7592E-08 1.7696E-08 1.7720E-08 1.7661E-08 1.7524E-08 1.7316E-08 1.7042E-08 1.6713E-08 1.6333E-08 1.5913E-08 1.5441E-08 1.4933E-08 1.4442E-08 1.3944E-08 1.3465E-08 1.3009E-08 1.2586E-08 1.2183E-08 1.1793E-08 1.1418E-08 1.1059E-08 1.0721E-08 1.0403E-08 1.0105E-08 9.8276E-09 9.5676E-09 9.3244E-09 9.0806E-09 8.8546E-09
3.1887E-09 3.5024E-09 3.8514E-09 4.2317E-09 4.6423E-09 5.0859E-09 5.5704E-09 6.0864E-09 6.6367E-09 7.2213E-09 7.8432E-09 8.5003E-09 9.1849E-09 9.8999E-09 1.0646E-08 1.1413E-08 1.2191E-08 1.2985E-08 1.3782E-08 1.4566E-08 1.5329E-08 1.6069E-08 1.6768E-08 1.7409E-08 1.7977E-08 1.8465E-08 1.8869E-08 1.9182E-08 1.9399E-08 1.9511E-08 1.9523E-08 1.9436E-08 1.9258E-08 1.8998E-08 1.8663E-08 1.8266E-08 1.7815E-08 1.7323E-08 1.6795E-08 1.6215E-08 1.5623E-08 1.5031E-08 1.4474E-08 1.3910E-08 1.3404E-08 1.2945E-08 1.2510E-08 1.2092E-08 1.1693E-08 1.1315E-08 1.0961E-08 1.0629E-08 1.0319E-08 1.0028E-08 9.7566E-09 9.4945E-09 9.2428E-09
3.3389E-09 3.6799E-09 4.0513E-09 4.4557E-09 4.8972E-09 5.3790E-09 5.8967E-09 6.4542E-09 7.0486E-09 7.6863E-09 8.3669E-09 9.0822E-09 9.8360E-09 1.0631E-08 1.1456E-08 1.2307E-08 1.3187E-08 1.4082E-08 1.4976E-08 1.5867E-08 1.6749E-08 1.7597E-08 1.8392E-08 1.9122E-08 1.9778E-08 2.0348E-08 2.0816E-08 2.1169E-08 2.1407E-08 2.1529E-08 2.1533E-08 2.1424E-08 2.1201E-08 2.0881E-08 2.0472E-08 1.9992E-08 1.9452E-08 1.8864E-08 1.8243E-08 1.7590E-08 1.6920E-08 1.6213E-08 1.5549E-08 1.4904E-08 1.4292E-08 1.3739E-08 1.3248E-08 1.2786E-08 1.2345E-08 1.1927E-08 1.1534E-08 1.1167E-08 1.0822E-08 1.0500E-08 1.0198E-08 9.9175E-09 9.6394E-09
3.4877E-09 3.8494E-09 4.2481E-09 4.6812E-09 5.1504E-09 5.6689E-09 6.2262E-09 6.8239E-09 7.4680E-09 8.1618E-09 8.8985E-09 9.6803E-09 1.0512E-08 1.1385E-08 1.2298E-08 1.3252E-08 1.4238E-08 1.5239E-08 1.6257E-08 1.7280E-08 1.8283E-08 1.9246E-08 2.0161E-08 2.1010E-08 2.1773E-08 2.2429E-08 2.2967E-08 2.3384E-08 2.3665E-08 2.3801E-08 2.3788E-08 2.3643E-08 2.3367E-08 2.2978E-08 2.2486E-08 2.1908E-08 2.1261E-08 2.0559E-08 1.9821E-08 1.9061E-08 1.8297E-08 1.7517E-08 1.6744E-08 1.5966E-08 1.5257E-08 1.4594E-08 1.4009E-08 1.3494E-08 1.3010E-08 1.2551E-08 1.2118E-08 1.1714E-08 1.1335E-08 1.0979E-08 1.0647E-08 1.0338E-08 1.0042E-08
3.6409E-09 4.0237E-09 4.4431E-09 4.9025E-09 5.4094E-09 5.9578E-09 6.5524E-09 7.1948E-09 7.8907E-09 8.6385E-09 9.4365E-09 1.0293E-08 1.1202E-08 1.2161E-08 1.3176E-08 1.4238E-08 1.5335E-08 1.6467E-08 1.7626E-08 1.8783E-08 1.9921E-08 2.1031E-08 2.2092E-08 2.3072E-08 2.3954E-08 2.4726E-08 2.5365E-08 2.5848E-08 2.6165E-08 2.6319E-08 2.6305E-08 2.6127E-08 2.5794E-08 2.5317E-08 2.4723E-08 2.4026E-08 2.3252E-08 2.2416E-08 2.1540E-08 2.0646E-08 1.9752E-08 1.8873E-08 1.8006E-08 1.7144E-08 1.6297E-08 1.5512E-08 1.4818E-08 1.4216E-08 1.3683E-08 1.3182E-08 1.2710E-08 1.2268E-08 1.1853E-08 1.1464E-08 1.1101E-08 1.0762E-08 1.0439E-08
3.7836E-09 4.1896E-09 4.6342E-09 5.1186E-09 5.6577E-09 6.2423E-09 6.8738E-09 7.5623E-09 8.3109E-09 9.1124E-09 9.9784E-09 1.0910E-08 1.1898E-08 1.2955E-08 1.4078E-08 1.5251E-08 1.6479E-08 1.7758E-08 1.9060E-08 2.0367E-08 2.1671E-08 2.2949E-08 2.4167E-08 2.5305E-08 2.6345E-08 2.7249E-08 2.7989E-08 2.8558E-08 2.8943E-08 2.9128E-08 2.9108E-08 2.8889E-08 2.8492E-08 2.7927E-08 2.7224E-08 2.6397E-08 2.5475E-08 2.4483E-08 2.3447E-08 2.2394E-08 2.1343E-08 2.0317E-08 1.9327E-08 1.8354E-08 1.7443E-08 1.6517E-08 1.5685E-08 1.4967E-08 1.4360E-08 1.3816E-08 1.3305E-08 1.2825E-08 1.2373E-08 1.1950E-08 1.1556E-08 1.1188E-08 1.0846E-08
3.9272E-09 4.3503E-09 4.8172E-09 5.3350E-09 5.8998E-09 6.5168E-09 7.1886E-09 7.9238E-09 8.7210E-09 9.5818E-09 1.0517E-08 1.1522E-08 1.2598E-08 1.3759E-08 1.4988E-08 1.6288E-08 1.7661E-08 1.9087E-08 2.0545E-08 2.2031E-08 2.3518E-08 2.4975E-08 2.6384E-08 2.7712E-08 2.8920E-08 2.9971E-08 3.0852E-08 3.1532E-08 3.1985E-08 3.2206E-08 3.2194E-08 3.1952E-08 3.1491E-08 3.0827E-08 2.9990E-08 2.9015E-08 2.7924E-08 2.6757E-08 2.5540E-08 2.4307E-08 2.3080E-08 2.1881E-08 2.0730E-08 1.9632E-08 1.8593E-08 1.7619E-08 1.6655E-08 1.5779E-08 1.5051E-08 1.4447E-08 1.3897E-08 1.3378E-08 1.2891E-08 1.2434E-08 1.2008E-08 1.1611E-08 1.1242E-08
