Assets/Resources/2015_m01_d07_2100(utc+0800)_l00_csi_1hr_conc.grd
DSAA
         159         159
     -79.000      79.000
     -79.000      79.000
  0.0000E+00  0.2616E-04
[rows 50 to 74 of 159, columns 0 to 56 of 159]
0.0000E+00 0.0000E+00 0.0000E+00 9.1566E-13 3.1215E-12 5.7317E-12 8.9467E-12 1.3607E-11 2.1316E-11 3.3867E-11 5.9183E-11 7.6879E-11 9.4568E-11 1.1743E-10 1.4133E-10 1.6881E-10 2.0193E-10 2.3746E-10 2.7810E-10 3.2626E-10 3.7856E-10 4.3554E-10 5.0101E-10 5.7408E-10 6.5748E-10 7.6079E-10 8.8180E-10 1.0086E-09 1.1559E-09 1.3086E-09 1.6170E-09 1.8577E-09 2.1288E-09 2.4317E-09 2.7913E-09 3.1703E-09 3.5905E-09 4.1167E-09 4.8617E-09 5.6541E-09 6.4769E-09 7.3532E-09 8.2733E-09 9.2251E-09 1.0206E-08 1.1212E-08 1.2242E-08 1.3287E-08 1.4339E-08 1.5391E-08 1.6435E-08 1.7453E-08 1.8436E-08 1.9366E-08 2.0238E-08 2.1042E-08 2.1779E-08
0.0000E+00 0.0000E+00 0.0000E+00 8.7454E-13 3.0164E-12 5.5893E-12 8.8336E-12 1.1086E-11 2.1143E-11 3.3624E-11 5.9022E-11 7.6768E-11 9.4514E-11 1.1748E-10 1.4146E-10 1.6896E-10 2.0222E-10 2.3786E-10 2.7865E-10 3.2704E-10 3.7957E-10 4.3695E-10 5.0183E-10 5.7525E-10 6.5696E-10 7.5151E-10 8.6929E-10 9.9959E-10 1.1416E-09 1.3035E-09 1.5804E-09 1.8389E-09 2.1060E-09 2.4091E-09 2.7618E-09 3.1418E-09 3.5526E-09 4.0642E-09 4.7741E-09 5.5324E-09 6.3454E-09 7.2260E-09 8.1561E-09 9.1231E-09 1.0114E-08 1.1133E-08 1.2173E-08 1.3232E-08 1.4301E-08 1.5372E-08 1.6434E-08 1.7482E-08 1.8494E-08 1.9459E-08 2.0361E-08 2.1199E-08 2.1953E-08
0.0000E+00 0.0000E+00 0.0000E+00 8.6793E-13 2.8795E-12 5.4052E-12 8.6534E-12 1.0977E-11 1.8439E-11 3.3266E-11 5.8650E-11 7.6343E-11 9.4100E-11 1.1710E-10 1.4106E-10 1.6849E-10 2.0178E-10 2.3740E-10 2.7817E-10 3.2657E-10 3.7910E-10 4.3659E-10 5.0143E-10 5.7410E-10 6.5636E-10 7.4653E-10 8.5806E-10 9.8800E-10 1.1263E-09 1.2863E-09 1.5524E-09 1.8110E-09 2.0732E-09 2.3738E-09 2.7172E-09 3.0971E-09 3.5324E-09 4.0062E-09 4.6864E-09 5.4034E-09 6.1803E-09 7.0600E-09 7.9896E-09 8.9654E-09 9.9693E-09 1.0996E-08 1.2045E-08 1.3115E-08 1.4199E-08 1.5287E-08 1.6370E-08 1.7440E-08 1.8483E-08 1.9478E-08 2.0417E-08 2.1282E-08 2.2067E-08
0.0000E+00 0.0000E+00 0.0000E+00 8.6060E-13 2.7136E-12 5.1831E-12 8.3538E-12 1.0834E-11 1.5511E-11 3.2797E-11 5.5228E-11 7.5603E-11 9.3302E-11 1.1622E-10 1.4005E-10 1.6729E-10 2.0037E-10 2.3574E-10 2.7627E-10 3.2443E-10 3.7660E-10 4.3380E-10 4.9837E-10 5.7069E-10 6.5080E-10 7.4145E-10 8.4311E-10 9.6440E-10 1.1114E-09 1.2626E-09 1.4930E-09 1.7765E-09 2.0419E-09 2.3271E-09 2.6631E-09 3.0370E-09 3.4704E-09 3.9498E-09 4.5932E-09 5.2707E-09 6.0054E-09 6.8494E-09 7.7759E-09 8.7547E-09 9.7660E-09 1.0801E-08 1.1859E-08 1.2936E-08 1.4031E-08 1.5133E-08 1.6237E-08 1.7327E-08 1.8393E-08 1.9423E-08 2.0394E-08 2.1287E-08 2.2109E-08
0.0000E+00 0.0000E+00 0.0000E+00 8.1726E-13 2.5220E-12 4.8581E-12 8.0096E-12 1.0662E-11 1.5193E-11 2.9412E-11 5.4314E-11 7.4352E-11 9.1899E-11 1.1458E-10 1.3808E-10 1.6493E-10 1.9767E-10 2.3263E-10 2.7269E-10 3.2038E-10 3.7211E-10 4.2895E-10 4.9311E-10 5.6487E-10 6.4454E-10 7.3296E-10 8.3226E-10 9.4406E-10 1.0865E-09 1.2401E-09 1.4238E-09 1.7347E-09 1.9992E-09 2.2808E-09 2.5969E-09 2.9687E-09 3.3923E-09 3.8616E-09 4.4809E-09 5.1264E-09 5.8241E-09 6.6223E-09 7.5164E-09 8.4917E-09 9.5038E-09 1.0545E-08 1.1609E-08 1.2693E-08 1.3794E-08 1.4910E-08 1.6027E-08 1.7138E-08 1.8226E-08 1.9282E-08 2.0280E-08 2.1215E-08 2.2068E-08
0.0000E+00 0.0000E+00 0.0000E+00 7.2878E-13 2.3523E-12 4.4687E-12 7.6266E-12 1.0368E-11 1.2290E-11 2.2964E-11 5.0237E-11 7.2489E-11 8.9783E-11 1.1213E-10 1.3527E-10 1.6174E-10 1.9407E-10 2.2856E-10 2.6815E-10 3.1538E-10 3.6658E-10 4.2281E-10 4.8644E-10 5.5748E-10 6.3644E-10 7.2409E-10 8.2057E-10 9.2879E-10 1.0583E-09 1.2120E-09 1.3796E-09 1.6858E-09 1.9475E-09 2.2294E-09 2.5291E-09 2.8798E-09 3.3010E-09 3.7579E-09 4.3473E-09 4.9683E-09 5.6429E-09 6.3877E-09 7.2334E-09 8.1807E-09 9.1861E-09 1.0226E-08 1.1292E-08 1.2381E-08 1.3486E-08 1.4611E-08 1.5742E-08 1.6866E-08 1.7974E-08 1.9049E-08 2.0077E-08 2.1046E-08 2.1944E-08
0.0000E+00 0.0000E+00 0.0000E+00 6.3027E-13 2.2063E-12 4.0473E-12 7.2595E-12 9.9876E-12 1.2020E-11 1.9472E-11 4.5625E-11 7.0326E-11 8.7404E-11 1.0942E-10 1.3220E-10 1.5825E-10 1.9011E-10 2.2407E-10 2.6307E-10 3.0963E-10 3.6010E-10 4.1549E-10 4.7833E-10 5.4832E-10 6.2622E-10 7.1267E-10 8.0784E-10 9.1297E-10 1.0347E-09 1.1793E-09 1.3476E-09 1.6037E-09 1.8828E-09 2.1643E-09 2.4615E-09 2.7872E-09 3.1889E-09 3.6254E-09 4.2053E-09 4.7963E-09 5.4517E-09 6.1498E-09 6.9395E-09 7.8352E-09 8.8182E-09 9.8471E-09 1.0911E-08 1.1998E-08 1.3108E-08 1.4233E-08 1.5370E-08 1.6510E-08 1.7633E-08 1.8724E-08 1.9780E-08 2.0785E-08 2.1722E-08
0.0000E+00 0.0000E+00 0.0000E+00 5.2329E-13 1.9951E-12 3.6050E-12 6.6506E-12 9.5770E-12 1.1720E-11 1.6351E-11 3.8402E-11 6.5112E-11 8.4850E-11 1.0656E-10 1.2887E-10 1.5444E-10 1.8570E-10 2.1898E-10 2.5723E-10 3.0295E-10 3.5248E-10 4.0683E-10 4.6861E-10 5.3730E-10 6.1386E-10 6.9875E-10 7.9230E-10 8.9588E-10 1.0130E-09 1.1459E-09 1.3047E-09 1.5096E-09 1.8185E-09 2.0865E-09 2.3860E-09 2.6956E-09 3.0656E-09 3.4918E-09 4.0498E-09 4.6240E-09 5.2477E-09 5.9116E-09 6.6415E-09 7.4790E-09 8.4088E-09 9.4171E-09 1.0468E-08 1.1549E-08 1.2656E-08 1.3782E-08 1.4921E-08 1.6065E-08 1.7200E-08 1.8314E-08 1.9390E-08 2.0427E-08 2.1404E-08
0.0000E+00 0.0000E+00 0.0000E+00 4.0946E-13 1.7215E-12 3.3131E-12 6.0066E-12 9.1092E-12 1.1392E-11 1.3345E-11 3.4397E-11 6.2865E-11 8.2045E-11 1.0335E-10 1.2518E-10 1.5018E-10 1.8073E-10 2.1322E-10 2.5060E-10 2.9532E-10 3.4377E-10 3.9688E-10 4.5736E-10 5.2454E-10 5.9949E-10 6.8255E-10 7.7419E-10 8.7586E-10 9.9071E-10 1.1161E-09 1.2643E-09 1.4301E-09 1.7392E-09 1.9982E-09 2.2928E-09 2.5995E-09 2.9402E-09 3.3374E-09 3.8591E-09 4.4312E-09 5.0331E-09 5.6622E-09 6.3498E-09 7.1200E-09 7.9872E-09 8.9438E-09 9.9725E-09 1.1041E-08 1.2140E-08 1.3261E-08 1.4399E-08 1.5541E-08 1.6682E-08 1.7812E-08 1.8915E-08 1.9976E-08 2.0991E-08
0.0000E+00 0.0000E+00 0.0000E+00 2.9043E-13 1.4874E-12 2.9345E-12 5.3773E-12 8.4574E-12 1.1039E-11 1.2932E-11 2.7964E-11 5.4356E-11 7.9037E-11 9.9777E-11 1.2113E-10 1.4550E-10 1.7526E-10 2.0687E-10 2.4324E-10 2.8684E-10 3.3406E-10 3.8579E-10 4.4478E-10 5.1026E-10 5.8343E-10 6.6451E-10 7.5397E-10 8.5339E-10 9.6569E-10 1.0884E-09 1.2277E-09 1.3828E-09 1.6297E-09 1.9168E-09 2.1820E-09 2.4918E-09 2.8160E-09 3.1991E-09 3.6579E-09 4.2188E-09 4.8002E-09 5.4048E-09 6.0518E-09 6.7723E-09 7.5683E-09 8.4591E-09 9.4375E-09 1.0483E-08 1.1566E-08 1.2675E-08 1.3804E-08 1.4943E-08 1.6087E-08 1.7225E-08 1.8346E-08 1.9434E-08 2.0481E-08
0.0000E+00 0.0000E+00 0.0000E+00 1.6785E-13 1.3217E-12 2.5502E-12 4.7591E-12 7.7959E-12 1.0537E-11 1.2493E-11 2.4340E-11 4.9275E-11 7.5742E-11 9.5947E-11 1.1666E-10 1.4049E-10 1.6938E-10 2.0004E-10 2.3537E-10 2.7778E-10 3.2366E-10 3.7391E-10 4.3130E-10 4.9496E-10 5.6612E-10 6.4501E-10 7.3206E-10 8.2892E-10 9.3829E-10 1.0579E-09 1.1940E-09 1.3376E-09 1.5191E-09 1.8059E-09 2.0904E-09 2.3695E-09 2.6910E-09 3.0532E-09 3.4628E-09 3.9979E-09 4.5510E-09 5.1436E-09 5.7504E-09 6.4269E-09 7.1637E-09 7.9796E-09 8.8895E-09 9.8895E-09 1.0944E-08 1.2034E-08 1.3144E-08 1.4275E-08 1.5416E-08 1.6561E-08 1.7693E-08 1.8803E-08 1.9880E-08
0.0000E+00 0.0000E+00 0.0000E+00 4.3361E-14 1.0527E-12 2.2605E-12 4.0775E-12 7.0677E-12 9.9196E-12 1.2032E-11 2.0908E-11 4.4520E-11 7.2361E-11 9.2098E-11 1.1204E-10 1.3524E-10 1.6334E-10 1.9302E-10 2.2723E-10 2.6835E-10 3.1282E-10 3.6145E-10 4.1703E-10 4.7868E-10 5.4762E-10 6.2408E-10 7.0840E-10 8.0230E-10 9.0841E-10 1.0246E-09 1.1569E-09 1.2958E-09 1.4530E-09 1.6959E-09 1.9884E-09 2.2559E-09 2.5568E-09 2.9081E-09 3.2922E-09 3.7887E-09 4.2997E-09 4.8747E-09 5.4488E-09 6.0825E-09 6.7714E-09 7.5172E-09 8.3518E-09 9.2798E-09 1.0291E-08 1.1348E-08 1.2436E-08 1.3550E-08 1.4680E-08 1.5821E-08 1.6960E-08 1.8085E-08 1.9189E-08
0.0000E+00 0.0000E+00 0.0000E+00 0.0000E+00 7.3017E-13 2.0222E-12 3.5170E-12 6.1682E-12 9.1985E-12 1.1553E-11 2.0108E-11 3.7195E-11 6.5966E-11 8.8224E-11 1.0744E-10 1.2988E-10 1.5715E-10 1.8577E-10 2.1877E-10 2.5848E-10 3.0138E-10 3.4817E-10 4.0182E-10 4.6127E-10 5.2778E-10 6.0163E-10 6.8300E-10 7.7367E-10 8.7627E-10 9.8861E-10 1.1170E-09 1.2515E-09 1.4035E-09 1.5849E-09 1.8572E-09 2.1375E-09 2.4219E-09 2.7561E-09 3.1104E-09 3.5572E-09 4.0524E-09 4.5901E-09 5.1411E-09 5.7416E-09 6.3841E-09 7.0793E-09 7.8374E-09 8.6870E-09 9.6234E-09 1.0635E-08 1.1692E-08 1.2781E-08 1.3894E-08 1.5024E-08 1.6159E-08 1.7290E-08 1.8407E-08
0.0000E+00 0.0000E+00 0.0000E+00 0.0000E+00 4.0924E-13 1.6631E-12 3.0000E-12 5.3807E-12 8.3308E-12 1.1033E-11 1.9279E-11 3.5578E-11 5.9683E-11 8.4068E-11 1.0275E-10 1.2431E-10 1.5068E-10 1.7817E-10 2.0987E-10 2.4807E-10 2.8932E-10 3.3414E-10 3.8574E-10 4.4285E-10 5.0678E-10 5.7788E-10 6.5611E-10 7.4329E-10 8.4218E-10 9.5045E-10 1.0744E-09 1.2043E-09 1.3516E-09 1.5144E-09 1.7150E-09 2.0017E-09 2.2808E-09 2.5884E-09 2.9270E-09 3.3246E-09 3.8042E-09 4.3102E-09 4.8379E-09 5.3979E-09 6.0047E-09 6.6508E-09 7.3541E-09 8.1207E-09 8.9761E-09 9.9139E-09 1.0926E-08 1.1981E-08 1.3070E-08 1.4180E-08 1.5302E-08 1.6430E-08 1.7552E-08
0.0000E+00 0.0000E+00 0.0000E+00 0.0000E+00 2.3055E-13 1.4249E-12 2.4961E-12 4.5455E-12 7.3656E-12 1.0248E-11 1.6233E-11 3.1396E-11 5.3767E-11 7.9628E-11 9.7711E-11 1.1854E-10 1.4396E-10 1.7026E-10 2.0062E-10 2.3724E-10 2.7674E-10 3.1950E-10 3.6888E-10 4.2361E-10 4.8483E-10 5.5305E-10 6.2787E-10 7.1147E-10 8.0646E-10 9.1043E-10 1.0298E-09 1.1549E-09 1.2969E-09 1.4451E-09 1.6403E-09 1.8596E-09 2.1433E-09 2.4200E-09 2.7478E-09 3.0991E-09 3.5651E-09 4.0349E-09 4.5390E-09 5.0618E-09 5.6213E-09 6.2319E-09 6.8874E-09 7.5922E-09 8.3631E-09 9.2175E-09 1.0161E-08 1.1169E-08 1.2221E-08 1.3300E-08 1.4401E-08 1.5517E-08 1.6635E-08
0.0000E+00 0.0000E+00 0.0000E+00 0.0000E+00 6.2550E-14 1.0792E-12 2.1687E-12 3.8417E-12 6.3951E-12 9.3499E-12 1.5503E-11 2.7141E-11 5.0979E-11 7.5183E-11 9.2517E-11 1.1249E-10 1.3705E-10 1.6213E-10 1.9108E-10 2.2606E-10 2.6376E-10 3.0438E-10 3.5135E-10 4.0373E-10 4.6212E-10 5.2725E-10 5.9863E-10 6.7851E-10 7.6944E-10 8.6892E-10 9.8355E-10 1.1036E-09 1.2401E-09 1.3822E-09 1.5477E-09 1.7422E-09 1.9721E-09 2.2628E-09 2.5637E-09 2.9114E-09 3.3072E-09 3.7578E-09 4.2324E-09 4.7400E-09 5.2591E-09 5.8163E-09 6.4317E-09 7.0895E-09 7.7911E-09 8.5621E-09 9.4196E-09 1.0365E-08 1.1365E-08 1.2404E-08 1.3472E-08 1.4564E-08 1.5667E-08
0.0000E+00 0.0000E+00 0.0000E+00 0.0000E+00 0.0000E+00 6.6275E-13 1.8423E-12 3.1239E-12 5.4639E-12 8.3168E-12 1.4656E-11 2.3717E-11 4.5414E-11 7.0727E-11 8.7220E-11 1.0624E-10 1.2995E-10 1.5383E-10 1.8135E-10 2.1464E-10 2.5049E-10 2.8892E-10 3.3340E-10 3.8335E-10 4.3886E-10 5.0077E-10 5.6866E-10 6.4464E-10 7.3145E-10 8.2635E-10 9.3608E-10 1.0507E-09 1.1815E-09 1.3173E-09 1.4670E-09 1.6558E-09 1.8425E-09 2.0773E-09 2.3872E-09 2.6934E-09 3.0541E-09 3.4839E-09 3.9243E-09 4.4176E-09 4.9077E-09 5.4255E-09 5.9854E-09 6.5973E-09 7.2555E-09 7.9524E-09 8.7283E-09 9.5872E-09 1.0523E-08 1.1509E-08 1.2533E-08 1.3591E-08 1.4666E-08
0.0000E+00 0.0000E+00 0.0000E+00 0.0000E+00 0.0000E+00 3.0983E-13 1.5434E-12 2.5246E-12 4.4980E-12 7.1608E-12 1.3593E-11 2.1282E-11 3.9652E-11 6.3501E-11 8.1702E-11 9.9948E-11 1.2262E-10 1.4544E-10 1.7149E-10 2.0307E-10 2.3704E-10 2.7324E-10 3.1519E-10 3.6248E-10 4.1513E-10 4.7387E-10 5.3821E-10 6.1007E-10 6.9282E-10 7.8320E-10 8.8769E-10 9.9687E-10 1.1214E-09 1.2509E-09 1.3938E-09 1.5516E-09 1.7448E-09 1.9348E-09 2.1782E-09 2.4943E-09 2.8124E-09 3.2223E-09 3.6263E-09 4.0865E-09 4.5605E-09 5.0451E-09 5.5680E-09 6.1278E-09 6.7295E-09 7.3841E-09 8.0873E-09 8.8622E-09 9.7104E-09 1.0633E-08 1.1603E-08 1.2615E-08 1.3655E-08
0.0000E+00 0.0000E+00 0.0000E+00 0.0000E+00 0.0000E+00 1.0550E-13 1.1673E-12 2.1442E-12 3.6896E-12 6.0264E-12 1.2258E-11 1.8118E-11 3.5360E-11 5.9540E-11 7.6126E-11 9.3564E-11 1.1527E-10 1.3702E-10 1.6160E-10 1.9144E-10 2.2351E-10 2.5747E-10 2.9687E-10 3.4155E-10 3.9114E-10 4.4678E-10 5.0752E-10 5.7520E-10 6.5400E-10 7.3963E-10 8.3884E-10 9.4236E-10 1.0607E-09 1.1835E-09 1.3189E-09 1.4597E-09 1.6405E-09 1.8221E-09 2.0155E-09 2.2550E-09 2.5836E-09 2.9464E-09 3.3425E-09 3.7562E-09 4.2140E-09 4.6723E-09 5.1628E-09 5.6852E-09 6.2368E-09 6.8367E-09 7.4859E-09 8.1905E-09 8.9537E-09 9.7908E-09 1.0696E-08 1.1653E-08 1.2646E-08
0.0000E+00 0.0000E+00 0.0000E+00 0.0000E+00 0.0000E+00 0.0000E+00 6.7479E-13 1.8408E-12 2.9171E-12 5.0575E-12 1.0768E-11 1.6171E-11 2.7771E-11 5.1934E-11 7.0799E-11 8.7041E-11 1.0771E-10 1.2863E-10 1.5174E-10 1.7984E-10 2.1001E-10 2.4186E-10 2.7851E-10 3.2069E-10 3.6718E-10 4.1950E-10 4.7684E-10 5.4035E-10 6.1497E-10 6.9598E-10 7.8989E-10 8.8739E-10 9.9932E-10 1.1153E-09 1.2431E-09 1.3758E-09 1.5276E-09 1.7064E-09 1.8905E-09 2.0972E-09 2.3493E-09 2.6729E-09 3.0443E-09 3.4448E-09 3.8726E-09 4.3098E-09 4.7640E-09 5.2526E-09 5.7705E-09 6.3229E-09 6.9178E-09 7.5569E-09 8.2502E-09 9.0054E-09 9.8308E-09 1.0720E-08 1.1656E-08
0.0000E+00 0.0000E+00 0.0000E+00 0.0000E+00 0.0000E+00 0.0000E+00 2.7380E-13 1.4955E-12 2.3377E-12 4.1356E-12 9.4608E-12 1.4459E-11 2.2655E-11 4.5249E-11 6.5768E-11 8.0477E-11 1.0013E-10 1.2015E-10 1.4198E-10 1.6835E-10 1.9662E-10 2.2643E-10 2.6034E-10 2.9976E-10 3.4355E-10 3.9237E-10 4.4633E-10 5.0588E-10 5.7616E-10 6.5268E-10 7.4098E-10 8.3240E-10 9.3774E-10 1.0465E-09 1.1666E-09 1.2914E-09 1.4254E-09 1.5861E-09 1.7655E-09 1.9503E-09 2.1662E-09 2.4167E-09 2.7154E-09 3.1419E-09 3.5295E-09 3.9585E-09 4.3807E-09 4.8332E-09 5.3153E-09 5.8334E-09 6.3832E-09 6.9697E-09 7.5911E-09 8.2693E-09 9.0191E-09 9.8327E-09 1.0700E-08
0.0000E+00 0.0000E+00 0.0000E+00 0.0000E+00 0.0000E+00 0.0000E+00 4.4788E-14 9.9089E-13 1.9656E-12 3.1617E-12 8.2430E-12 1.2698E-11 1.8509E-11 3.5911E-11 5.9111E-11 7.4147E-11 9.2594E-11 1.1171E-10 1.3237E-10 1.5703E-10 1.8344E-10 2.1125E-10 2.4264E-10 2.7916E-10 3.2012E-10 3.6557E-10 4.1629E-10 4.7182E-10 5.3383E-10 6.0063E-10 6.9212E-10 7.7239E-10 8.7624E-10 9.7790E-10 1.0901E-09 1.2065E-09 1.3320E-09 1.4649E-09 1.6375E-09 1.8134E-09 2.0105E-09 2.2329E-09 2.4741E-09 2.7774E-09 3.1754E-09 3.5961E-09 4.0146E-09 4.4329E-09 4.8721E-09 5.3541E-09 5.8686E-09 6.4125E-09 6.9859E-09 7.5926E-09 8.2575E-09 8.9901E-09 9.7935E-09
0.0000E+00 0.0000E+00 0.0000E+00 0.0000E+00 0.0000E+00 0.0000E+00 0.0000E+00 4.5211E-13 1.6642E-12 2.4472E-12 7.0421E-12 1.1204E-11 1.6142E-11 2.8487E-11 5.0491E-11 6.8268E-11 8.4898E-11 1.0320E-10 1.2299E-10 1.4597E-10 1.7054E-10 1.9638E-10 2.2534E-10 2.5888E-10 2.9717E-10 3.3937E-10 3.8695E-10 4.3853E-10 4.9621E-10 5.5875E-10 6.2521E-10 7.1357E-10 8.1525E-10 9.0425E-10 1.0139E-09 1.1221E-09 1.2390E-09 1.3629E-09 1.5049E-09 1.6718E-09 1.8536E-09 2.0651E-09 2.2868E-09 2.5343E-09 2.8527E-09 3.1833E-09 3.5958E-09 4.0362E-09 4.4545E-09 4.8928E-09 5.3675E-09 5.8769E-09 6.4074E-09 6.9668E-09 7.5633E-09 8.2141E-09 8.9266E-09
0.0000E+00 0.0000E+00 0.0000E+00 0.0000E+00 0.0000E+00 0.0000E+00 0.0000E+00 1.3161E-13 1.1902E-12 2.0266E-12 5.8022E-12 9.7903E-12 1.4129E-11 2.2744E-11 3.9475E-11 6.1136E-11 7.7556E-11 9.4607E-11 1.1363E-10 1.3521E-10 1.5800E-10 1.8193E-10 2.0874E-10 2.3926E-10 2.7474E-10 3.1405E-10 3.5806E-10 4.0634E-10 4.5946E-10 5.1764E-10 5.7956E-10 6.6101E-10 7.3484E-10 8.3222E-10 9.2023E-10 1.0364E-09 1.1439E-09 1.2624E-09 1.3855E-09 1.5364E-09 1.6975E-09 1.8884E-09 2.0978E-09 2.3263E-09 2.5948E-09 2.8927E-09 3.2251E-09 3.5973E-09 3.9928E-09 4.4198E-09 4.8474E-09 5.3536E-09 5.8475E-09 6.3663E-09 6.9143E-09 7.5034E-09 8.1395E-09
0.0000E+00 0.0000E+00 0.0000E+00 0.0000E+00 0.0000E+00 0.0000E+00 0.0000E+00 0.0000E+00 5.8361E-13 1.7514E-12 4.8692E-12 8.4386E-12 1.2461E-11 1.8837E-11 3.0253E-11 5.1466E-11 7.0592E-11 8.6002E-11 1.0431E-10 1.2480E-10 1.4586E-10 1.6795E-10 1.9269E-10 2.2052E-10 2.5301E-10 2.8958E-10 3.3005E-10 3.7498E-10 4.2366E-10 4.7775E-10 5.3523E-10 5.9654E-10 6.7816E-10 7.5108E-10 8.4800E-10 9.3391E-10 1.0512E-09 1.1534E-09 1.2745E-09 1.3922E-09 1.5648E-09 1.7219E-09 1.9142E-09 2.1325E-09 2.3561E-09 2.6274E-09 2.9189E-09 3.2354E-09 3.6176E-09 3.9817E-09 4.3733E-09 4.7968E-09 5.2368E-09 5.7496E-09 6.2565E-09 6.7970E-09 7.3842E-09
