Assets/Resources/2015_m01_d20_0500(utc+0800)_l00_csi_1hr_conc.grd
DSAA
         159         159
     -79.000      79.000
     -79.000      79.000
  0.0000E+00  0.3099E-04
[rows 50 to 74 of 159, columns 57 to 113 of 159]
4.9303E-09 5.0067E-09 5.0831E-09 5.1586E-09 5.2350E-09 5.3109E-09 5.3881E-09 5.4650E-09 5.5437E-09 5.6222E-09 5.7020E-09 5.7850E-09 5.8691E-09 5.9543E-09 6.0427E-09 6.1312E-09 6.2221E-09 6.3171E-09 6.4160E-09 6.5229E-09 6.6294E-09 6.7346E-09 6.8419E-09 6.9484E-09 7.0594E-09 7.1714E-09 7.2865E-09 7.4101E-09 7.5312E-09 7.6444E-09 7.7544E-09 7.8626E-09 7.9829E-09 8.1023E-09 8.2481E-09 8.4215E-09 8.5881E-09 8.7463E-09 8.9027E-09 9.0635E-09 9.2333E-09 9.4902E-09 9.8484E-09 1.0194E-08 1.0517E-08 1.0900E-08 1.1340E-08 1.1763E-08 1.2216E-08 1.2697E-08 1.3196E-08 1.3704E-08 1.4224E-08 1.4744E-08 1.5256E-08 1.5748E-08 1.6211E-08
4.8852E-09 4.9630E-09 5.0409E-09 5.1179E-09 5.1961E-09 5.2747E-09 5.3529E-09 5.4319E-09 5.5128E-09 5.5936E-09 5.6768E-09 5.7618E-09 5.8501E-09 5.9379E-09 6.0275E-09 6.1190E-09 6.2152E-09 6.3121E-09 6.4169E-09 6.5272E-09 6.6379E-09 6.7470E-09 6.8558E-09 6.9660E-09 7.0809E-09 7.2002E-09 7.3230E-09 7.4500E-09 7.5721E-09 7.6878E-09 7.8020E-09 7.9217E-09 8.0416E-09 8.1821E-09 8.3548E-09 8.5351E-09 8.7040E-09 8.8694E-09 9.0365E-09 9.2129E-09 9.4000E-09 9.7122E-09 1.0090E-08 1.0470E-08 1.0876E-08 1.1329E-08 1.1775E-08 1.2253E-08 1.2762E-08 1.3309E-08 1.3902E-08 1.4512E-08 1.5121E-08 1.5704E-08 1.6270E-08 1.6817E-08 1.7339E-08
4.8384E-09 4.9175E-09 4.9959E-09 5.0752E-09 5.1542E-09 5.2345E-09 5.3145E-09 5.3964E-09 5.4783E-09 5.5623E-09 5.6471E-09 5.7356E-09 5.8250E-09 5.9153E-09 6.0093E-09 6.1041E-09 6.2011E-09 6.3045E-09 6.4152E-09 6.5275E-09 6.6381E-09 6.7507E-09 6.8629E-09 6.9765E-09 7.0986E-09 7.2198E-09 7.3503E-09 7.4804E-09 7.6030E-09 7.7226E-09 7.8408E-09 7.9720E-09 8.1030E-09 8.2629E-09 8.4530E-09 8.6356E-09 8.8091E-09 8.9824E-09 9.1640E-09 9.3566E-09 9.5616E-09 9.9053E-09 1.0320E-08 1.0794E-08 1.1262E-08 1.1726E-08 1.2229E-08 1.2774E-08 1.3377E-08 1.4027E-08 1.4691E-08 1.5358E-08 1.6031E-08 1.6695E-08 1.7341E-08 1.8055E-08 1.8665E-08
4.7882E-09 4.8685E-09 4.9481E-09 5.0288E-09 5.1102E-09 5.1911E-09 5.2738E-09 5.3565E-09 5.4411E-09 5.5262E-09 5.6145E-09 5.7043E-09 5.7954E-09 5.8899E-09 5.9847E-09 6.0821E-09 6.1838E-09 6.2903E-09 6.4049E-09 6.5186E-09 6.6343E-09 6.7478E-09 6.8631E-09 6.9835E-09 7.1055E-09 7.2360E-09 7.3701E-09 7.5008E-09 7.6253E-09 7.7485E-09 7.8777E-09 8.0074E-09 8.1574E-09 8.3427E-09 8.5392E-09 8.7228E-09 8.9027E-09 9.0879E-09 9.2842E-09 9.4936E-09 9.7261E-09 1.0089E-08 1.0603E-08 1.1115E-08 1.1608E-08 1.2135E-08 1.2712E-08 1.3372E-08 1.4071E-08 1.4769E-08 1.5495E-08 1.6244E-08 1.7004E-08 1.7943E-08 1.8702E-08 1.9420E-08 2.0098E-08
4.7355E-09 4.8169E-09 4.8985E-09 4.9796E-09 5.0622E-09 5.1446E-09 5.2288E-09 5.3131E-09 5.3994E-09 5.4862E-09 5.5769E-09 5.6686E-09 5.7633E-09 5.8582E-09 5.9552E-09 6.0571E-09 6.1599E-09 6.2711E-09 6.3881E-09 6.5055E-09 6.6217E-09 6.7381E-09 6.8561E-09 6.9795E-09 7.1084E-09 7.2424E-09 7.3803E-09 7.5113E-09 7.6386E-09 7.7653E-09 7.9051E-09 8.0429E-09 8.2099E-09 8.4129E-09 8.6113E-09 8.7980E-09 8.9863E-09 9.1849E-09 9.3965E-09 9.6228E-09 9.8846E-09 1.0325E-08 1.0861E-08 1.1388E-08 1.1951E-08 1.2567E-08 1.3286E-08 1.4006E-08 1.4755E-08 1.5543E-08 1.6363E-08 1.7395E-08 1.8301E-08 1.9175E-08 2.0028E-08 2.0950E-08 2.1733E-08
4.6804E-09 4.7627E-09 4.8453E-09 4.9284E-09 5.0113E-09 5.0958E-09 5.1804E-09 5.2671E-09 5.3540E-09 5.4436E-09 5.5353E-09 5.6301E-09 5.7249E-09 5.8217E-09 5.9229E-09 6.0248E-09 6.1311E-09 6.2463E-09 6.3671E-09 6.4836E-09 6.6025E-09 6.7213E-09 6.8453E-09 6.9714E-09 7.1013E-09 7.2416E-09 7.3808E-09 7.5125E-09 7.6428E-09 7.7795E-09 7.9174E-09 8.0689E-09 8.2598E-09 8.4705E-09 8.6686E-09 8.8612E-09 9.0605E-09 9.2726E-09 9.4997E-09 9.7431E-09 1.0099E-08 1.0540E-08 1.1078E-08 1.1650E-08 1.2307E-08 1.3070E-08 1.3835E-08 1.4635E-08 1.5485E-08 1.6467E-08 1.7479E-08 1.8521E-08 1.9718E-08 2.0738E-08 2.1725E-08 2.2662E-08 2.3535E-08
4.6238E-09 4.7069E-09 4.7895E-09 4.8735E-09 4.9574E-09 5.0430E-09 5.1288E-09 5.2168E-09 5.3061E-09 5.3964E-09 5.4906E-09 5.5856E-09 5.6820E-09 5.7823E-09 5.8836E-09 5.9874E-09 6.0991E-09 6.2182E-09 6.3370E-09 6.4576E-09 6.5765E-09 6.6974E-09 6.8238E-09 6.9523E-09 7.0901E-09 7.2325E-09 7.3714E-09 7.5046E-09 7.6377E-09 7.7780E-09 7.9267E-09 8.0907E-09 8.3017E-09 8.5143E-09 8.7135E-09 8.9133E-09 9.1246E-09 9.3504E-09 9.5952E-09 9.9202E-09 1.0276E-08 1.0726E-08 1.1283E-08 1.1938E-08 1.2728E-08 1.3520E-08 1.4377E-08 1.5285E-08 1.6293E-08 1.7399E-08 1.8824E-08 2.0064E-08 2.1261E-08 2.2433E-08 2.3544E-08 2.4577E-08 2.5579E-08
4.5640E-09 4.6477E-09 4.7310E-09 4.8159E-09 4.9015E-09 4.9872E-09 5.0750E-09 5.1630E-09 5.2534E-09 5.3452E-09 5.4408E-09 5.5368E-09 5.6364E-09 5.7364E-09 5.8392E-09 5.9467E-09 6.0600E-09 6.1812E-09 6.3028E-09 6.4229E-09 6.5436E-09 6.6664E-09 6.7948E-09 6.9289E-09 7.0688E-09 7.2139E-09 7.3522E-09 7.4877E-09 7.6233E-09 7.7733E-09 7.9233E-09 8.1078E-09 8.3308E-09 8.5429E-09 8.7459E-09 8.9548E-09 9.1779E-09 9.4239E-09 9.7335E-09 1.0058E-08 1.0418E-08 1.0899E-08 1.1524E-08 1.2295E-08 1.3089E-08 1.3956E-08 1.4921E-08 1.6024E-08 1.7507E-08 1.8911E-08 2.0382E-08 2.1823E-08 2.3231E-08 2.4529E-08 2.5711E-08 2.6900E-08 2.7937E-08
4.5019E-09 4.5861E-09 4.6708E-09 4.7555E-09 4.8419E-09 4.9283E-09 5.0169E-09 5.1067E-09 5.1972E-09 5.2914E-09 5.3870E-09 5.4838E-09 5.5845E-09 5.6858E-09 5.7899E-09 5.8993E-09 6.0157E-09 6.1378E-09 6.2599E-09 6.3818E-09 6.5039E-09 6.6283E-09 6.7618E-09 6.8951E-09 7.0401E-09 7.1857E-09 7.3242E-09 7.4616E-09 7.6063E-09 7.7531E-09 7.9138E-09 8.1193E-09 8.3469E-09 8.5579E-09 8.7660E-09 8.9850E-09 9.2282E-09 9.5213E-09 9.8399E-09 1.0166E-08 1.0552E-08 1.1107E-08 1.1837E-08 1.2596E-08 1.3461E-08 1.4650E-08 1.5946E-08 1.7355E-08 1.8920E-08 2.0728E-08 2.2404E-08 2.3981E-08 2.5552E-08 2.7000E-08 2.8354E-08 2.9653E-08 3.0779E-08
4.4376E-09 4.5223E-09 4.6074E-09 4.6925E-09 4.7795E-09 4.8664E-09 4.9558E-09 5.0463E-09 5.1374E-09 5.2327E-09 5.3289E-09 5.4284E-09 5.5283E-09 5.6304E-09 5.7377E-09 5.8470E-09 5.9659E-09 6.0907E-09 6.2110E-09 6.3342E-09 6.4575E-09 6.5866E-09 6.7181E-09 6.8545E-09 7.0033E-09 7.1484E-09 7.2873E-09 7.4265E-09 7.5736E-09 7.7292E-09 7.8982E-09 8.1203E-09 8.3487E-09 8.5604E-09 8.7748E-09 9.0078E-09 9.2835E-09 9.5954E-09 9.9181E-09 1.0262E-08 1.0720E-08 1.1339E-08 1.2123E-08 1.3125E-08 1.4280E-08 1.5608E-08 1.7037E-08 1.8982E-08 2.0820E-08 2.2725E-08 2.4585E-08 2.6474E-08 2.8263E-08 2.9958E-08 3.1456E-08 3.2992E-08 3.4277E-08
4.3713E-09 4.4561E-09 4.5415E-09 4.6270E-09 4.7143E-09 4.8028E-09 4.8915E-09 4.9825E-09 5.0742E-09 5.1704E-09 5.2669E-09 5.3671E-09 5.4677E-09 5.5706E-09 5.6786E-09 5.7916E-09 5.9106E-09 6.0350E-09 6.1561E-09 6.2802E-09 6.4046E-09 6.5346E-09 6.6671E-09 6.8099E-09 6.9580E-09 7.1022E-09 7.2418E-09 7.3825E-09 7.5316E-09 7.6916E-09 7.8758E-09 8.1096E-09 8.3360E-09 8.5500E-09 8.7720E-09 9.0277E-09 9.3283E-09 9.6470E-09 9.9802E-09 1.0390E-08 1.0900E-08 1.1694E-08 1.2747E-08 1.3971E-08 1.5228E-08 1.7055E-08 1.8871E-08 2.0835E-08 2.2931E-08 2.5057E-08 2.7248E-08 2.9379E-08 3.1429E-08 3.3359E-08 3.5115E-08 3.6714E-08 3.8083E-08
4.3029E-09 4.3879E-09 4.4734E-09 4.5591E-09 4.6466E-09 4.7353E-09 4.8243E-09 4.9157E-09 5.0087E-09 5.1045E-09 5.2012E-09 5.3018E-09 5.4045E-09 5.5083E-09 5.6148E-09 5.7295E-09 5.8523E-09 5.9735E-09 6.0976E-09 6.2201E-09 6.3451E-09 6.4759E-09 6.6123E-09 6.7550E-09 6.9045E-09 7.0472E-09 7.1878E-09 7.3296E-09 7.4870E-09 7.6455E-09 7.8456E-09 8.0865E-09 8.3102E-09 8.5275E-09 8.7628E-09 9.0420E-09 9.3553E-09 9.6795E-09 1.0063E-08 1.0543E-08 1.1309E-08 1.2395E-08 1.3742E-08 1.5131E-08 1.6903E-08 1.8816E-08 2.0883E-08 2.3077E-08 2.5444E-08 2.7909E-08 3.0421E-08 3.2882E-08 3.5211E-08 3.7392E-08 3.9349E-08 4.1083E-08 4.2587E-08
4.2327E-09 4.3176E-09 4.4032E-09 4.4888E-09 4.5764E-09 4.6652E-09 4.7543E-09 4.8458E-09 4.9390E-09 5.0352E-09 5.1318E-09 5.2326E-09 5.3356E-09 5.4396E-09 5.5464E-09 5.6626E-09 5.7859E-09 5.9066E-09 6.0312E-09 6.1541E-09 6.2794E-09 6.4105E-09 6.5474E-09 6.6931E-09 6.8425E-09 6.9842E-09 7.1255E-09 7.2747E-09 7.4273E-09 7.5907E-09 7.8064E-09 8.0502E-09 8.2722E-09 8.4933E-09 8.7468E-09 9.0464E-09 9.3639E-09 9.7225E-09 1.0213E-08 1.1016E-08 1.2110E-08 1.3415E-08 1.5046E-08 1.6975E-08 1.8855E-08 2.0984E-08 2.3350E-08 2.5797E-08 2.8540E-08 3.1519E-08 3.4413E-08 3.7237E-08 3.9885E-08 4.2207E-08 4.4389E-08 4.6243E-08 4.7814E-08
4.1607E-09 4.2454E-09 4.3308E-09 4.4164E-09 4.5039E-09 4.5926E-09 4.6826E-09 4.7730E-09 4.8662E-09 4.9625E-09 5.0608E-09 5.1597E-09 5.2627E-09 5.3669E-09 5.4755E-09 5.5909E-09 5.7143E-09 5.8369E-09 5.9592E-09 6.0823E-09 6.2076E-09 6.3421E-09 6.4758E-09 6.6242E-09 6.7727E-09 6.9135E-09 7.0551E-09 7.2051E-09 7.3589E-09 7.5267E-09 7.7559E-09 8.0006E-09 8.2222E-09 8.4510E-09 8.7238E-09 9.0335E-09 9.3688E-09 9.8737E-09 1.0795E-08 1.2067E-08 1.3511E-08 1.5343E-08 1.7087E-08 1.8996E-08 2.1305E-08 2.3888E-08 2.7050E-08 3.0107E-08 3.3314E-08 3.6288E-08 3.9597E-08 4.2782E-08 4.5715E-08 4.8348E-08 5.0629E-08 5.2504E-08 5.4046E-08
4.0871E-09 4.1715E-09 4.2566E-09 4.3418E-09 4.4291E-09 4.5175E-09 4.6073E-09 4.6975E-09 4.7904E-09 4.8877E-09 4.9846E-09 5.0833E-09 5.1861E-09 5.2901E-09 5.3987E-09 5.5146E-09 5.6380E-09 5.7599E-09 5.8822E-09 6.0050E-09 6.1301E-09 6.2645E-09 6.3976E-09 6.5483E-09 6.6952E-09 6.8354E-09 6.9770E-09 7.1274E-09 7.2881E-09 7.4537E-09 7.6944E-09 7.9391E-09 8.1600E-09 8.4009E-09 8.6912E-09 9.0148E-09 9.6422E-09 1.0808E-08 1.2264E-08 1.3843E-08 1.5570E-08 1.7570E-08 1.9856E-08 2.2638E-08 2.5543E-08 2.8490E-08 3.1979E-08 3.5709E-08 3.9403E-08 4.2957E-08 4.6532E-08 4.9757E-08 5.2904E-08 5.5682E-08 5.7866E-08 5.9799E-08 6.1339E-08
4.0119E-09 4.0959E-09 4.1805E-09 4.2654E-09 4.3522E-09 4.4403E-09 4.5296E-09 4.6195E-09 4.7119E-09 4.8090E-09 4.9053E-09 5.0053E-09 5.1061E-09 5.2095E-09 5.3178E-09 5.4341E-09 5.5569E-09 5.6782E-09 5.8002E-09 5.9226E-09 6.0471E-09 6.1809E-09 6.3166E-09 6.4657E-09 6.6106E-09 6.7501E-09 6.8914E-09 7.0420E-09 7.2034E-09 7.3718E-09 7.6217E-09 7.8653E-09 8.0875E-09 8.3425E-09 8.7197E-09 9.4734E-09 1.0745E-08 1.2310E-08 1.4016E-08 1.6024E-08 1.8315E-08 2.0793E-08 2.3751E-08 2.7111E-08 3.0875E-08 3.4763E-08 3.8845E-08 4.2981E-08 4.7068E-08 5.1065E-08 5.4743E-08 5.8384E-08 6.1652E-08 6.4274E-08 6.6634E-08 6.8467E-08 6.9644E-08
3.9354E-09 4.0187E-09 4.1029E-09 4.1872E-09 4.2735E-09 4.3599E-09 4.4498E-09 4.5390E-09 4.6309E-09 4.7274E-09 4.8230E-09 4.9224E-09 5.0226E-09 5.1256E-09 5.2331E-09 5.3497E-09 5.4716E-09 5.5922E-09 5.7136E-09 5.8352E-09 5.9590E-09 6.0918E-09 6.2268E-09 6.3766E-09 6.5193E-09 6.6581E-09 6.7988E-09 6.9493E-09 7.1109E-09 7.2814E-09 7.5385E-09 7.7806E-09 8.0094E-09 8.4133E-09 9.2243E-09 1.0537E-08 1.2156E-08 1.4067E-08 1.6412E-08 1.9059E-08 2.2060E-08 2.5663E-08 2.9289E-08 3.3709E-08 3.8268E-08 4.3106E-08 4.7879E-08 5.2393E-08 5.6861E-08 6.1090E-08 6.5124E-08 6.8847E-08 7.1950E-08 7.4742E-08 7.6800E-08 7.8342E-08 7.9360E-08
3.8577E-09 3.9394E-09 4.0238E-09 4.1074E-09 4.1930E-09 4.2787E-09 4.3669E-09 4.4563E-09 4.5474E-09 4.6433E-09 4.7381E-09 4.8369E-09 4.9361E-09 5.0384E-09 5.1451E-09 5.2615E-09 5.3823E-09 5.5022E-09 5.6228E-09 5.7434E-09 5.8660E-09 5.9977E-09 6.1314E-09 6.2815E-09 6.4220E-09 6.5596E-09 6.6996E-09 6.8558E-09 7.0110E-09 7.1828E-09 7.4445E-09 7.6922E-09 8.0677E-09 8.8805E-09 1.0207E-08 1.1922E-08 1.4132E-08 1.6863E-08 2.0127E-08 2.3717E-08 2.7834E-08 3.2585E-08 3.7921E-08 4.3299E-08 4.8778E-08 5.4202E-08 5.9420E-08 6.4456E-08 6.9075E-08 7.3521E-08 7.7553E-08 8.1183E-08 8.4387E-08 8.6799E-08 8.8633E-08 8.9697E-08 9.0143E-08
3.7788E-09 3.8598E-09 3.9424E-09 4.0261E-09 4.1109E-09 4.1958E-09 4.2831E-09 4.3716E-09 4.4619E-09 4.5568E-09 4.6506E-09 4.7486E-09 4.8470E-09 4.9482E-09 5.0542E-09 5.1698E-09 5.2896E-09 5.4084E-09 5.5279E-09 5.6474E-09 5.7684E-09 5.8988E-09 6.0309E-09 6.1806E-09 6.3189E-09 6.4553E-09 6.5942E-09 6.7496E-09 6.9042E-09 7.0763E-09 7.3441E-09 7.7002E-09 8.4326E-09 9.7344E-09 1.1523E-08 1.3882E-08 1.7057E-08 2.1038E-08 2.5603E-08 3.1100E-08 3.6544E-08 4.3366E-08 4.9973E-08 5.6744E-08 6.3158E-08 6.8998E-08 7.4447E-08 7.9467E-08 8.4149E-08 8.8426E-08 9.2246E-08 9.5725E-08 9.8568E-08 1.0074E-07 1.0197E-07 1.0248E-07 1.0216E-07
3.6982E-09 3.7791E-09 3.8608E-09 3.9426E-09 4.0274E-09 4.1114E-09 4.1977E-09 4.2852E-09 4.3732E-09 4.4683E-09 4.5594E-09 4.6561E-09 4.7554E-09 4.8554E-09 4.9604E-09 5.0751E-09 5.1937E-09 5.3114E-09 5.4295E-09 5.5474E-09 5.6669E-09 5.7954E-09 5.9258E-09 6.0745E-09 6.2106E-09 6.3456E-09 6.4830E-09 6.6373E-09 6.7909E-09 6.9625E-09 7.2909E-09 7.9179E-09 9.1038E-09 1.0921E-08 1.3481E-08 1.7113E-08 2.1799E-08 2.7518E-08 3.4056E-08 4.1632E-08 5.0302E-08 5.8640E-08 6.7112E-08 7.5130E-08 8.1983E-08 8.8048E-08 9.3165E-08 9.7861E-08 1.0199E-07 1.0583E-07 1.0929E-07 1.1222E-07 1.1460E-07 1.1615E-07 1.1675E-07 1.1638E-07 1.1526E-07
3.6177E-09 3.6966E-09 3.7783E-09 3.8590E-09 3.9428E-09 4.0257E-09 4.1108E-09 4.1972E-09 4.2841E-09 4.3769E-09 4.4679E-09 4.5636E-09 4.6615E-09 4.7605E-09 4.8641E-09 4.9777E-09 5.0950E-09 5.2111E-09 5.3278E-09 5.4438E-09 5.5616E-09 5.6880E-09 5.8165E-09 5.9635E-09 6.0975E-09 6.2308E-09 6.3666E-09 6.5194E-09 6.6715E-09 6.8599E-09 7.3579E-09 8.3728E-09 1.0058E-08 1.2633E-08 1.6368E-08 2.1605E-08 2.8538E-08 3.6878E-08 4.7014E-08 5.9030E-08 7.0861E-08 8.2116E-08 9.1346E-08 9.9464E-08 1.0592E-07 1.1130E-07 1.1568E-07 1.1937E-07 1.2270E-07 1.2561E-07 1.2825E-07 1.3049E-07 1.3204E-07 1.3278E-07 1.3250E-07 1.3120E-07 1.2905E-07
3.5357E-09 3.6143E-09 3.6949E-09 3.7745E-09 3.8562E-09 3.9388E-09 4.0227E-09 4.1077E-09 4.1935E-09 4.2851E-09 4.3747E-09 4.4692E-09 4.5658E-09 4.6613E-09 4.7658E-09 4.8778E-09 4.9938E-09 5.1083E-09 5.2231E-09 5.3373E-09 5.4529E-09 5.5771E-09 5.7034E-09 5.8483E-09 5.9803E-09 6.1115E-09 6.2454E-09 6.3964E-09 6.5467E-09 6.8044E-09 7.5762E-09 9.0209E-09 1.1350E-08 1.4952E-08 2.0354E-08 2.8296E-08 3.8944E-08 5.3515E-08 6.9646E-08 8.7692E-08 1.0190E-07 1.1373E-07 1.2296E-07 1.3008E-07 1.3521E-07 1.3893E-07 1.4174E-07 1.4387E-07 1.4569E-07 1.4731E-07 1.4868E-07 1.4980E-07 1.5036E-07 1.5005E-07 1.4878E-07 1.4640E-07 1.4304E-07
3.4541E-09 3.5316E-09 3.6100E-09 3.6893E-09 3.7696E-09 3.8510E-09 3.9325E-09 4.0173E-09 4.1016E-09 4.1918E-09 4.2804E-09 4.3733E-09 4.4686E-09 4.5627E-09 4.6637E-09 4.7759E-09 4.8904E-09 5.0031E-09 5.1157E-09 5.2280E-09 5.3412E-09 5.4630E-09 5.5869E-09 5.7292E-09 5.8591E-09 5.9881E-09 6.1200E-09 6.2686E-09 6.4294E-09 6.8199E-09 7.9164E-09 9.8318E-09 1.2955E-08 1.8053E-08 2.6537E-08 4.0140E-08 6.0214E-08 8.5979E-08 1.0956E-07 1.3062E-07 1.4549E-07 1.5581E-07 1.6286E-07 1.6694E-07 1.6926E-07 1.7020E-07 1.7045E-07 1.7047E-07 1.7023E-07 1.7003E-07 1.6978E-07 1.6940E-07 1.6875E-07 1.6726E-07 1.6477E-07 1.6118E-07 1.5670E-07
3.3713E-09 3.4484E-09 3.5255E-09 3.6036E-09 3.6815E-09 3.7624E-09 3.8425E-09 3.9250E-09 4.0080E-09 4.0974E-09 4.1848E-09 4.2762E-09 4.3701E-09 4.4627E-09 4.5622E-09 4.6722E-09 4.7826E-09 4.8958E-09 5.0063E-09 5.1161E-09 5.2269E-09 5.3462E-09 5.4675E-09 5.6065E-09 5.7346E-09 5.8612E-09 5.9907E-09 6.1305E-09 6.3229E-09 6.8962E-09 8.3251E-09 1.0759E-08 1.4877E-08 2.2444E-08 3.6239E-08 6.4999E-08 1.0628E-07 1.4457E-07 1.7333E-07 1.9277E-07 2.0391E-07 2.0847E-07 2.0995E-07 2.0877E-07 2.0628E-07 2.0342E-07 2.0046E-07 1.9766E-07 1.9505E-07 1.9259E-07 1.9046E-07 1.8837E-07 1.8615E-07 1.8333E-07 1.7968E-07 1.7502E-07 1.6938E-07
3.2884E-09 3.3642E-09 3.4399E-09 3.5174E-09 3.5940E-09 3.6725E-09 3.7511E-09 3.8330E-09 3.9145E-09 4.0014E-09 4.0883E-09 4.1766E-09 4.2706E-09 4.3618E-09 4.4595E-09 4.5668E-09 4.6760E-09 4.7842E-09 4.8949E-09 5.0021E-09 5.1105E-09 5.2236E-09 5.3456E-09 5.4807E-09 5.6073E-09 5.7314E-09 5.8582E-09 5.9952E-09 6.2155E-09 6.9863E-09 8.7277E-09 1.1678E-08 1.7075E-08 2.8190E-08 5.0912E-08 1.2219E-07 1.9769E-07 2.4149E-07 2.6707E-07 2.7623E-07 2.7544E-07 2.6980E-07 2.6132E-07 2.5236E-07 2.4382E-07 2.3622E-07 2.2957E-07 2.2357E-07 2.1835E-07 2.1362E-07 2.0936E-07 2.0546E-07 2.0158E-07 1.9749E-07 1.9271E-07 1.8698E-07 1.8020E-07
