Assets/Resources/2015_m01_d26_0900(utc+0800)_l00_csi_1hr_conc.grd
DSAA
         159         159
     -79.000      79.000
     -79.000      79.000
  0.0000E+00  0.4347E-05
[rows 0 to 24 of 159, columns 0 to 56 of 159]
5.7979E-10 6.0638E-10 6.3007E-10 6.5834E-10 7.0431E-10 7.3174E-10 7.7226E-10 8.1485E-10 8.4639E-10 8.9994E-10 9.3905E-10 9.7505E-10 1.0447E-09 1.0951E-09 1.1428E-09 1.2202E-09 1.2734E-09 1.3285E-09 1.3798E-09 1.4452E-09 1.5066E-09 1.5639E-09 1.6356E-09 1.6977E-09 1.7611E-09 1.8387E-09 1.9070E-09 1.9767E-09 2.0468E-09 2.1183E-09 2.2132E-09 2.2921E-09 2.3717E-09 2.4511E-09 2.5434E-09 2.6400E-09 2.7271E-09 2.8137E-09 2.8998E-09 3.0106E-09 3.1016E-09 3.1928E-09 3.2832E-09 3.3731E-09 3.4752E-09 3.5778E-09 3.6687E-09 3.7581E-09 3.8454E-09 3.9312E-09 4.0150E-09 4.0971E-09 4.1890E-09 4.2779E-09 4.3515E-09 4.4221E-09 4.4897E-09
5.9138E-10 6.1860E-10 6.4281E-10 6.8791E-10 7.1908E-10 7.5113E-10 8.0118E-10 8.3262E-10 8.6909E-10 9.2439E-10 9.6035E-10 1.0102E-09 1.0793E-09 1.1268E-09 1.1840E-09 1.2566E-09 1.3117E-09 1.3632E-09 1.4285E-09 1.4901E-09 1.5480E-09 1.6199E-09 1.6823E-09 1.7466E-09 1.8250E-09 1.8941E-09 1.9649E-09 2.0362E-09 2.1092E-09 2.2063E-09 2.2869E-09 2.3684E-09 2.4498E-09 2.5562E-09 2.6454E-09 2.7352E-09 2.8242E-09 2.9259E-09 3.0313E-09 3.1271E-09 3.2224E-09 3.3171E-09 3.4246E-09 3.5337E-09 3.6317E-09 3.7285E-09 3.8238E-09 3.9181E-09 4.0113E-09 4.1280E-09 4.2189E-09 4.3069E-09 4.3914E-09 4.4729E-09 4.5513E-09 4.6261E-09 4.6977E-09
6.0293E-10 6.3078E-10 6.5945E-10 7.0589E-10 7.3380E-10 7.7492E-10 8.1818E-10 8.5037E-10 9.0484E-10 9.4479E-10 9.8165E-10 1.0529E-09 1.1045E-09 1.1578E-09 1.2330E-09 1.2881E-09 1.3451E-09 1.4100E-09 1.4661E-09 1.5300E-09 1.6019E-09 1.6647E-09 1.7296E-09 1.7963E-09 1.8783E-09 1.9501E-09 2.0226E-09 2.1072E-09 2.1956E-09 2.2783E-09 2.3622E-09 2.4570E-09 2.5561E-09 2.6480E-09 2.7404E-09 2.8323E-09 2.9502E-09 3.0502E-09 3.1510E-09 3.2508E-09 3.3627E-09 3.4773E-09 3.5819E-09 3.6862E-09 3.7892E-09 3.8916E-09 4.0066E-09 4.1215E-09 4.2231E-09 4.3223E-09 4.4188E-09 4.5123E-09 4.6029E-09 4.6900E-09 4.7733E-09 4.8527E-09 4.9284E-09
6.1836E-10 6.4291E-10 6.8836E-10 7.1995E-10 7.5247E-10 8.0311E-10 8.3513E-10 8.8062E-10 9.2842E-10 9.6515E-10 1.0160E-09 1.0865E-09 1.1352E-09 1.2137E-09 1.2685E-09 1.3253E-09 1.3898E-09 1.4460E-09 1.5101E-09 1.5700E-09 1.6448E-09 1.7102E-09 1.7776E-09 1.8599E-09 1.9323E-09 2.0058E-09 2.0915E-09 2.1812E-09 2.2654E-09 2.3508E-09 2.4476E-09 2.5494E-09 2.6435E-09 2.7381E-09 2.8443E-09 2.9558E-09 3.0596E-09 3.1637E-09 3.2671E-09 3.3964E-09 3.5058E-09 3.6159E-09 3.7254E-09 3.8344E-09 3.9570E-09 4.0806E-09 4.1915E-09 4.3007E-09 4.4081E-09 4.5127E-09 4.6149E-09 4.7140E-09 4.8098E-09 4.9017E-09 4.9897E-09 5.0738E-09 5.1540E-09
6.2992E-10 6.5889E-10 7.0561E-10 7.3394E-10 7.7550E-10 8.1927E-10 8.5201E-10 9.0719E-10 9.4784E-10 9.8968E-10 1.0621E-09 1.1106E-09 1.1650E-09 1.2476E-09 1.3041E-09 1.3571E-09 1.4243E-09 1.4883E-09 1.5484E-09 1.6230E-09 1.6885E-09 1.7562E-09 1.8388E-09 1.9116E-09 1.9860E-09 2.0727E-09 2.1631E-09 2.2485E-09 2.3355E-09 2.4340E-09 2.5379E-09 2.6341E-09 2.7307E-09 2.8401E-09 2.9556E-09 3.0627E-09 3.1698E-09 3.2891E-09 3.4130E-09 3.5285E-09 3.6446E-09 3.7597E-09 3.8885E-09 4.0196E-09 4.1392E-09 4.2579E-09 4.3751E-09 4.4906E-09 4.6042E-09 4.7154E-09 4.8240E-09 4.9296E-09 5.0319E-09 5.1303E-09 5.2241E-09 5.3136E-09 5.3989E-09
6.4140E-10 6.8702E-10 7.1892E-10 7.4784E-10 8.0283E-10 8.3533E-10 8.8137E-10 9.2979E-10 9.6717E-10 1.0297E-09 1.0904E-09 1.1400E-09 1.2201E-09 1.2764E-09 1.3346E-09 1.4009E-09 1.4590E-09 1.5249E-09 1.5991E-09 1.6643E-09 1.7324E-09 1.8152E-09 1.8882E-09 1.9632E-09 2.0404E-09 2.1415E-09 2.2279E-09 2.3163E-09 2.4162E-09 2.5217E-09 2.6202E-09 2.7196E-09 2.8432E-09 2.9514E-09 3.0618E-09 3.1721E-09 3.3075E-09 3.4259E-09 3.5467E-09 3.6676E-09 3.8007E-09 3.9374E-09 4.0644E-09 4.1917E-09 4.3180E-09 4.4433E-09 4.5675E-09 4.6902E-09 4.8112E-09 4.9302E-09 5.0465E-09 5.1595E-09 5.2686E-09 5.3733E-09 5.4731E-09 5.5683E-09 5.6590E-09
6.5666E-10 7.0348E-10 7.3213E-10 7.7398E-10 8.1810E-10 8.5129E-10 9.0695E-10 9.4817E-10 9.9063E-10 1.0693E-09 1.1133E-09 1.1775E-09 1.2525E-09 1.3105E-09 1.3646E-09 1.4338E-09 1.4996E-09 1.5733E-09 1.6383E-09 1.7064E-09 1.7890E-09 1.8622E-09 1.9377E-09 2.0155E-09 2.1167E-09 2.2036E-09 2.2931E-09 2.3943E-09 2.5008E-09 2.6011E-09 2.7025E-09 2.8293E-09 2.9410E-09 3.0545E-09 3.1678E-09 3.3080E-09 3.4313E-09 3.5569E-09 3.6823E-09 3.8220E-09 3.9664E-09 4.1011E-09 4.2359E-09 4.3702E-09 4.5039E-09 4.6372E-09 4.7696E-09 4.9011E-09 5.0308E-09 5.1580E-09 5.2822E-09 5.4026E-09 5.5190E-09 5.6308E-09 5.7381E-09 5.8402E-09 5.9370E-09
6.7608E-10 7.1601E-10 7.4522E-10 7.9634E-10 8.3323E-10 8.7127E-10 9.2848E-10 9.6640E-10 1.0295E-09 1.0910E-09 1.1414E-09 1.2226E-09 1.2795E-09 1.3392E-09 1.4073E-09 1.4671E-09 1.5344E-09 1.6106E-09 1.6783E-09 1.7487E-09 1.8340E-09 1.9095E-09 1.9876E-09 2.0890E-09 2.1751E-09 2.2659E-09 2.3683E-09 2.4755E-09 2.5771E-09 2.6804E-09 2.8092E-09 2.9230E-09 3.0393E-09 3.1679E-09 3.3011E-09 3.4286E-09 3.5586E-09 3.6883E-09 3.8469E-09 3.9861E-09 4.1277E-09 4.2692E-09 4.4110E-09 4.5530E-09 4.6953E-09 4.8377E-09 4.9794E-09 5.1197E-09 5.2578E-09 5.3933E-09 5.5258E-09 5.6548E-09 5.7796E-09 5.8998E-09 6.0145E-09 6.1233E-09 6.2267E-09
6.9563E-10 7.2840E-10 7.7038E-10 8.1467E-10 8.4820E-10 9.0412E-10 9.4575E-10 9.8869E-10 1.0626E-09 1.1125E-09 1.1775E-09 1.2535E-09 1.3117E-09 1.3794E-09 1.4383E-09 1.5057E-09 1.5811E-09 1.6479E-09 1.7183E-09 1.8034E-09 1.8787E-09 1.9569E-09 2.0484E-09 2.1440E-09 2.2339E-09 2.3385E-09 2.4458E-09 2.5485E-09 2.6535E-09 2.7837E-09 2.8991E-09 3.0177E-09 3.1489E-09 3.2860E-09 3.4179E-09 3.5520E-09 3.6987E-09 3.8510E-09 3.9964E-09 4.1443E-09 4.2924E-09 4.4414E-09 4.5917E-09 4.7432E-09 4.8952E-09 5.0470E-09 5.1978E-09 5.3471E-09 5.4946E-09 5.6398E-09 5.7817E-09 5.9198E-09 6.0533E-09 6.1815E-09 6.3040E-09 6.4208E-09 6.5315E-09
7.1122E-10 7.4064E-10 7.9172E-10 8.2882E-10 8.6713E-10 9.2450E-10 9.6282E-10 1.0263E-09 1.0882E-09 1.1391E-09 1.2210E-09 1.2787E-09 1.3384E-09 1.4087E-09 1.4690E-09 1.5384E-09 1.6162E-09 1.6859E-09 1.7583E-09 1.8456E-09 1.9236E-09 2.0150E-09 2.1099E-09 2.1998E-09 2.2927E-09 2.4123E-09 2.5150E-09 2.6218E-09 2.7530E-09 2.8695E-09 2.9899E-09 3.1235E-09 3.2631E-09 3.3981E-09 3.5356E-09 3.6872E-09 3.8454E-09 3.9966E-09 4.1501E-09 4.3045E-09 4.4607E-09 4.6190E-09 4.7792E-09 4.9405E-09 5.1022E-09 5.2635E-09 5.4243E-09 5.5842E-09 5.7420E-09 5.8971E-09 6.0487E-09 6.1963E-09 6.3390E-09 6.4770E-09 6.6090E-09 6.7343E-09 6.8531E-09
7.2277E-10 7.5271E-10 8.0901E-10 8.4278E-10 8.9041E-10 9.4060E-10 9.7967E-10 1.0536E-09 1.1083E-09 1.1737E-09 1.2503E-09 1.3092E-09 1.3768E-09 1.4377E-09 1.5048E-09 1.5831E-09 1.6514E-09 1.7234E-09 1.8107E-09 1.8881E-09 1.9688E-09 2.0733E-09 2.1626E-09 2.2559E-09 2.3733E-09 2.4778E-09 2.5839E-09 2.7064E-09 2.8343E-09 2.9561E-09 3.0919E-09 3.2332E-09 3.3708E-09 3.5113E-09 3.6663E-09 3.8288E-09 3.9848E-09 4.1433E-09 4.3033E-09 4.4660E-09 4.6317E-09 4.7998E-09 4.9698E-09 5.1405E-09 5.3120E-09 5.4841E-09 5.6555E-09 5.8256E-09 5.9933E-09 6.1585E-09 6.3206E-09 6.4784E-09 6.6316E-09 6.7792E-09 6.9200E-09 7.0541E-09 7.1809E-09
7.3413E-10 7.7695E-10 8.2215E-10 8.5653E-10 9.1374E-10 9.5647E-10 1.0093E-09 1.0820E-09 1.1333E-09 1.2155E-09 1.2738E-09 1.3341E-09 1.4040E-09 1.4664E-09 1.5348E-09 1.6160E-09 1.6862E-09 1.7729E-09 1.8502E-09 1.9304E-09 2.0245E-09 2.1224E-09 2.2155E-09 2.3225E-09 2.4343E-09 2.5432E-09 2.6635E-09 2.7938E-09 2.9163E-09 3.0423E-09 3.1965E-09 3.3360E-09 3.4793E-09 3.6372E-09 3.8038E-09 3.9649E-09 4.1285E-09 4.2939E-09 4.4627E-09 4.6356E-09 4.8115E-09 4.9898E-09 5.1699E-09 5.3519E-09 5.5350E-09 5.7183E-09 5.9007E-09 6.0820E-09 6.2618E-09 6.4390E-09 6.6125E-09 6.7820E-09 6.9459E-09 7.1038E-09 7.2556E-09 7.4003E-09 7.5374E-09
7.4530E-10 7.9719E-10 8.3507E-10 8.7421E-10 9.3277E-10 9.7206E-10 1.0458E-09 1.1006E-09 1.1574E-09 1.2430E-09 1.2970E-09 1.3704E-09 1.4309E-09 1.5000E-09 1.5772E-09 1.6487E-09 1.7205E-09 1.8099E-09 1.8898E-09 1.9725E-09 2.0801E-09 2.1720E-09 2.2789E-09 2.3897E-09 2.4959E-09 2.6079E-09 2.7448E-09 2.8715E-09 2.9977E-09 3.1535E-09 3.2941E-09 3.4395E-09 3.5999E-09 3.7690E-09 3.9336E-09 4.1014E-09 4.2722E-09 4.4473E-09 4.6266E-09 4.8096E-09 4.9957E-09 5.1846E-09 5.3765E-09 5.5702E-09 5.7648E-09 5.9596E-09 6.1545E-09 6.3487E-09 6.5410E-09 6.7305E-09 6.9163E-09 7.0975E-09 7.2745E-09 7.4457E-09 7.6096E-09 7.7659E-09 7.9134E-09
7.5625E-10 8.1327E-10 8.4773E-10 9.0461E-10 9.4739E-10 9.9161E-10 1.0726E-09 1.1189E-09 1.2061E-09 1.2647E-09 1.3254E-09 1.3956E-09 1.4573E-09 1.5277E-09 1.6074E-09 1.6810E-09 1.7669E-09 1.8465E-09 1.9285E-09 2.0343E-09 2.1259E-09 2.2217E-09 2.3423E-09 2.4474E-09 2.5570E-09 2.6956E-09 2.8174E-09 2.9488E-09 3.1021E-09 3.2454E-09 3.3920E-09 3.5547E-09 3.7253E-09 3.8927E-09 4.0641E-09 4.2388E-09 4.4192E-09 4.6046E-09 4.7945E-09 4.9876E-09 5.1848E-09 5.3857E-09 5.5894E-09 5.7948E-09 6.0016E-09 6.2099E-09 6.4182E-09 6.6253E-09 6.8306E-09 7.0334E-09 7.2337E-09 7.4298E-09 7.6204E-09 7.8038E-09 7.9797E-09 8.1472E-09 8.3063E-09
7.7932E-10 8.2511E-10 8.6012E-10 9.1816E-10 9.6169E-10 1.0264E-09 1.0896E-09 1.1421E-09 1.2262E-09 1.2860E-09 1.3479E-09 1.4203E-09 1.4886E-09 1.5676E-09 1.6373E-09 1.7125E-09 1.8008E-09 1.8829E-09 1.9770E-09 2.0760E-09 2.1718E-09 2.2812E-09 2.3956E-09 2.5047E-09 2.6288E-09 2.7629E-09 2.8896E-09 3.0367E-09 3.1864E-09 3.3378E-09 3.5010E-09 3.6732E-09 3.8425E-09 4.0169E-09 4.1949E-09 4.3791E-09 4.5691E-09 4.7641E-09 4.9633E-09 5.1675E-09 5.3764E-09 5.5889E-09 5.8041E-09 6.0221E-09 6.2425E-09 6.4639E-09 6.6849E-09 6.9057E-09 7.1261E-09 7.3439E-09 7.5585E-09 7.7675E-09 7.9704E-09 8.1669E-09 8.3562E-09 8.5379E-09 8.7103E-09
7.9829E-10 8.3668E-10 8.8483E-10 9.3567E-10 9.7567E-10 1.0505E-09 1.1063E-09 1.1732E-09 1.2515E-09 1.3123E-09 1.3824E-09 1.4446E-09 1.5138E-09 1.5954E-09 1.6667E-09 1.7561E-09 1.8342E-09 1.9184E-09 2.0248E-09 2.1179E-09 2.2169E-09 2.3398E-09 2.4489E-09 2.5612E-09 2.7013E-09 2.8306E-09 2.9606E-09 3.1260E-09 3.2726E-09 3.4290E-09 3.6109E-09 3.7834E-09 3.9601E-09 4.1407E-09 4.3278E-09 4.5215E-09 4.7208E-09 4.9252E-09 5.1359E-09 5.3527E-09 5.5741E-09 5.7986E-09 6.0273E-09 6.2593E-09 6.4934E-09 6.7285E-09 6.9656E-09 7.2027E-09 7.4384E-09 7.6711E-09 7.8995E-09 8.1238E-09 8.3429E-09 8.5559E-09 8.7618E-09 8.9585E-09 9.1456E-09
8.1301E-10 8.4794E-10 9.0531E-10 9.4867E-10 9.9355E-10 1.0754E-09 1.1225E-09 1.2111E-09 1.2708E-09 1.3328E-09 1.4049E-09 1.4679E-09 1.5509E-09 1.6225E-09 1.6953E-09 1.7872E-09 1.8673E-09 1.9532E-09 2.0628E-09 2.1598E-09 2.2717E-09 2.3882E-09 2.5016E-09 2.6392E-09 2.7636E-09 2.8972E-09 3.0549E-09 3.2058E-09 3.3579E-09 3.5444E-09 3.7122E-09 3.8942E-09 4.0758E-09 4.2658E-09 4.4622E-09 4.6650E-09 4.8736E-09 5.0894E-09 5.3122E-09 5.5404E-09 5.7728E-09 6.0109E-09 6.2533E-09 6.4987E-09 6.7472E-09 6.9990E-09 7.2516E-09 7.5037E-09 7.7540E-09 8.0021E-09 8.2479E-09 8.4896E-09 8.7259E-09 8.9550E-09 9.1756E-09 9.3876E-09 9.5898E-09
8.2346E-10 8.5888E-10 9.1727E-10 9.6131E-10 1.0157E-09 1.0905E-09 1.1437E-09 1.2289E-09 1.2897E-09 1.3645E-09 1.4268E-09 1.4963E-09 1.5759E-09 1.6492E-09 1.7232E-09 1.8175E-09 1.8993E-09 1.9977E-09 2.1006E-09 2.2005E-09 2.3257E-09 2.4365E-09 2.5642E-09 2.6953E-09 2.8253E-09 2.9743E-09 3.1273E-09 3.2855E-09 3.4541E-09 3.6375E-09 3.8148E-09 4.0029E-09 4.1914E-09 4.3919E-09 4.5972E-09 4.8089E-09 5.0286E-09 5.2563E-09 5.4902E-09 5.7296E-09 5.9757E-09 6.2273E-09 6.4830E-09 6.7439E-09 7.0091E-09 7.2762E-09 7.5439E-09 7.8118E-09 8.0798E-09 8.3468E-09 8.6102E-09 8.8690E-09 9.1214E-09 9.3673E-09 9.6065E-09 9.8363E-09 1.0057E-08
8.3359E-10 8.7362E-10 9.3310E-10 9.7356E-10 1.0487E-09 1.1051E-09 1.1726E-09 1.2518E-09 1.3134E-09 1.3848E-09 1.4480E-09 1.5185E-09 1.6002E-09 1.6749E-09 1.7635E-09 1.8472E-09 1.9305E-09 2.0418E-09 2.1380E-09 2.2510E-09 2.3692E-09 2.4840E-09 2.6256E-09 2.7511E-09 2.8855E-09 3.0507E-09 3.2002E-09 3.3633E-09 3.5504E-09 3.7324E-09 3.9162E-09 4.1104E-09 4.3075E-09 4.5179E-09 4.7318E-09 4.9541E-09 5.1855E-09 5.4240E-09 5.6690E-09 5.9218E-09 6.1813E-09 6.4463E-09 6.7182E-09 6.9954E-09 7.2756E-09 7.5582E-09 7.8433E-09 8.1305E-09 8.4174E-09 8.7014E-09 8.9823E-09 9.2593E-09 9.5321E-09 9.7999E-09 1.0058E-08 1.0308E-08 1.0547E-08
8.4338E-10 8.9249E-10 9.4440E-10 9.8540E-10 1.0663E-09 1.1192E-09 1.2082E-09 1.2686E-09 1.3313E-09 1.4044E-09 1.4683E-09 1.5527E-09 1.6238E-09 1.6999E-09 1.7904E-09 1.8759E-09 1.9712E-09 2.0754E-09 2.1745E-09 2.3003E-09 2.4122E-09 2.5413E-09 2.6759E-09 2.8065E-09 2.9563E-09 3.1159E-09 3.2717E-09 3.4646E-09 3.6361E-09 3.8266E-09 4.0150E-09 4.2175E-09 4.4234E-09 4.6431E-09 4.8664E-09 5.1006E-09 5.3425E-09 5.5918E-09 5.8498E-09 6.1157E-09 6.3887E-09 6.6699E-09 6.9576E-09 7.2498E-09 7.5461E-09 7.8475E-09 8.1520E-09 8.4571E-09 8.7611E-09 9.0647E-09 9.3672E-09 9.6674E-09 9.9620E-09 1.0248E-08 1.0527E-08 1.0796E-08 1.1054E-08
8.5281E-10 9.1107E-10 9.5529E-10 1.0099E-09 1.0845E-09 1.1328E-09 1.2235E-09 1.2848E-09 1.3602E-09 1.4233E-09 1.4936E-09 1.5743E-09 1.6467E-09 1.7368E-09 1.8164E-09 1.9037E-09 2.0109E-09 2.1083E-09 2.2203E-09 2.3386E-09 2.4545E-09 2.5972E-09 2.7257E-09 2.8602E-09 3.0259E-09 3.1807E-09 3.3536E-09 3.5414E-09 3.7219E-09 3.9182E-09 4.1126E-09 4.3242E-09 4.5384E-09 4.7674E-09 5.0010E-09 5.2465E-09 5.4986E-09 5.7603E-09 6.0311E-09 6.3105E-09 6.5992E-09 6.8958E-09 7.1985E-09 7.5072E-09 7.8230E-09 8.1434E-09 8.4651E-09 8.7885E-09 9.1149E-09 9.4419E-09 9.7674E-09 1.0087E-08 1.0401E-08 1.0711E-08 1.1014E-08 1.1307E-08 1.1589E-08
8.6187E-10 9.2096E-10 9.6574E-10 1.0297E-09 1.0970E-09 1.1556E-09 1.2437E-09 1.3004E-09 1.3774E-09 1.4414E-09 1.5125E-09 1.5951E-09 1.6686E-09 1.7606E-09 1.8417E-09 1.9305E-09 2.0401E-09 2.1404E-09 2.2649E-09 2.3762E-09 2.4949E-09 2.6413E-09 2.7745E-09 2.9242E-09 3.0836E-09 3.2441E-09 3.4338E-09 3.6182E-09 3.8056E-09 4.0072E-09 4.2092E-09 4.4295E-09 4.6516E-09 4.8910E-09 5.1347E-09 5.3907E-09 5.6545E-09 5.9286E-09 6.2127E-09 6.5070E-09 6.8109E-09 7.1222E-09 7.4416E-09 7.7698E-09 8.1039E-09 8.4410E-09 8.7830E-09 9.1308E-09 9.4803E-09 9.8292E-09 1.0174E-08 1.0517E-08 1.0860E-08 1.1196E-08 1.1523E-08 1.1841E-08 1.2144E-08
8.7053E-10 9.3465E-10 9.7575E-10 1.0517E-09 1.1089E-09 1.1775E-09 1.2579E-09 1.3208E-09 1.3939E-09 1.4585E-09 1.5432E-09 1.6150E-09 1.6896E-09 1.7834E-09 1.8658E-09 1.9665E-09 2.0683E-09 2.1710E-09 2.2980E-09 2.4127E-09 2.5453E-09 2.6845E-09 2.8217E-09 2.9866E-09 3.1402E-09 3.3177E-09 3.5012E-09 3.6941E-09 3.8862E-09 4.0944E-09 4.3041E-09 4.5327E-09 4.7632E-09 5.0131E-09 5.2666E-09 5.5336E-09 5.8095E-09 6.0962E-09 6.3945E-09 6.7037E-09 7.0219E-09 7.3498E-09 7.6890E-09 8.0358E-09 8.3873E-09 8.7471E-09 9.1137E-09 9.4841E-09 9.8545E-09 1.0224E-08 1.0599E-08 1.0973E-08 1.1341E-08 1.1703E-08 1.2055E-08 1.2396E-08 1.2726E-08
8.9144E-10 9.4374E-10 9.8529E-10 1.0667E-09 1.1203E-09 1.2102E-09 1.2715E-09 1.3351E-09 1.4097E-09 1.4748E-09 1.5612E-09 1.6340E-09 1.7224E-09 1.8052E-09 1.8888E-09 2.0013E-09 2.0956E-09 2.2111E-09 2.3299E-09 2.4477E-09 2.5941E-09 2.7263E-09 2.8788E-09 3.0363E-09 3.1951E-09 3.3892E-09 3.5677E-09 3.7673E-09 3.9638E-09 4.1799E-09 4.3967E-09 4.6334E-09 4.8731E-09 5.1331E-09 5.3961E-09 5.6750E-09 5.9629E-09 6.2630E-09 6.5757E-09 6.8986E-09 7.2329E-09 7.5803E-09 7.9366E-09 8.2997E-09 8.6745E-09 9.0574E-09 9.4457E-09 9.8361E-09 1.0231E-08 1.0634E-08 1.1037E-08 1.1434E-08 1.1828E-08 1.2217E-08 1.2599E-08 1.2972E-08 1.3330E-08
8.9948E-10 9.5237E-10 9.9862E-10 1.0768E-09 1.1310E-09 1.2222E-09 1.2843E-09 1.3605E-09 1.4247E-09 1.4960E-09 1.5783E-09 1.6521E-09 1.7420E-09 1.8259E-09 1.9107E-09 2.0253E-09 2.1216E-09 2.2390E-09 2.3607E-09 2.4809E-09 2.6306E-09 2.7667E-09 2.9338E-09 3.0845E-09 3.2475E-09 3.4470E-09 3.6326E-09 3.8372E-09 4.0389E-09 4.2628E-09 4.4861E-09 4.7320E-09 4.9804E-09 5.2499E-09 5.5235E-09 5.8141E-09 6.1143E-09 6.4282E-09 6.7539E-09 7.0922E-09 7.4455E-09 7.8091E-09 8.1814E-09 8.5682E-09 8.9659E-09 9.3713E-09 9.7819E-09 1.0202E-08 1.0630E-08 1.1059E-08 1.1485E-08 1.1913E-08 1.2341E-08 1.2763E-08 1.3177E-08 1.3578E-08 1.3962E-08
