Assets/Resources/2015_m01_d13_0200(utc+0800)_l00_csi_1hr_conc.grd
DSAA
         159         159
     -79.000      79.000
     -79.000      79.000
  0.0000E+00  0.2308E-05
[rows 50 to 74 of 159, columns 0 to 56 of 159]
1.6545E-09 1.7410E-09 1.8299E-09 1.9203E-09 2.0092E-09 2.0967E-09 2.1870E-09 2.2776E-09 2.3652E-09 2.4528E-09 2.5427E-09 2.6318E-09 2.7173E-09 2.8052E-09 2.8922E-09 2.9749E-09 3.0523E-09 3.1297E-09 3.2031E-09 3.2724E-09 3.3349E-09 3.3919E-09 3.4363E-09 3.4726E-09 3.4976E-09 3.5129E-09 3.5099E-09 3.4922E-09 3.4597E-09 3.4105E-09 3.3423E-09 3.2539E-09 3.1493E-09 3.0305E-09 2.8979E-09 2.7567E-09 2.6086E-09 2.4543E-09 2.2943E-09 2.1302E-09 1.9600E-09 1.7863E-09 1.6178E-09 1.4471E-09 1.2793E-09 1.1352E-09 9.9288E-10 8.5601E-10 7.3094E-10 6.0449E-10 4.7433E-10 3.4987E-10 2.6711E-10 2.0253E-10 1.4306E-10 9.5339E-11 1.9107E-11
1.8498E-09 1.9506E-09 2.0554E-09 2.1605E-09 2.2641E-09 2.3698E-09 2.4778E-09 2.5844E-09 2.6907E-09 2.7993E-09 2.9077E-09 3.0132E-09 3.1201E-09 3.2284E-09 3.3343E-09 3.4366E-09 3.5380E-09 3.6344E-09 3.7260E-09 3.8139E-09 3.8985E-09 3.9720E-09 4.0354E-09 4.0898E-09 4.1315E-09 4.1588E-09 4.1692E-09 4.1663E-09 4.1431E-09 4.0983E-09 4.0314E-09 3.9430E-09 3.8362E-09 3.7128E-09 3.5708E-09 3.4102E-09 3.2372E-09 3.0560E-09 2.8687E-09 2.6751E-09 2.4760E-09 2.2683E-09 2.0594E-09 1.8541E-09 1.6430E-09 1.4548E-09 1.2764E-09 1.1089E-09 9.4599E-10 7.9614E-10 6.4775E-10 4.9163E-10 3.6568E-10 2.7696E-10 2.0190E-10 1.3883E-10 3.8399E-11
2.0569E-09 2.1747E-09 2.2949E-09 2.4148E-09 2.5364E-09 2.6622E-09 2.7881E-09 2.9137E-09 3.0426E-09 3.1725E-09 3.3008E-09 3.4289E-09 3.5605E-09 3.6901E-09 3.8173E-09 3.9462E-09 4.0718E-09 4.1908E-09 4.3043E-09 4.4173E-09 4.5222E-09 4.6182E-09 4.7047E-09 4.7806E-09 4.8404E-09 4.8864E-09 4.9168E-09 4.9301E-09 4.9191E-09 4.8841E-09 4.8258E-09 4.7456E-09 4.6397E-09 4.5087E-09 4.3546E-09 4.1799E-09 3.9849E-09 3.7784E-09 3.5603E-09 3.3303E-09 3.0919E-09 2.8489E-09 2.5946E-09 2.3421E-09 2.1008E-09 1.8528E-09 1.6290E-09 1.4143E-09 1.2111E-09 1.0225E-09 8.4217E-10 6.7167E-10 4.9863E-10 3.7562E-10 2.7484E-10 1.9450E-10 1.2948E-10
2.2768E-09 2.4105E-09 2.5461E-09 2.6831E-09 2.8258E-09 2.9709E-09 3.1157E-09 3.2648E-09 3.4169E-09 3.5692E-09 3.7218E-09 3.8778E-09 4.0342E-09 4.1879E-09 4.3433E-09 4.4996E-09 4.6507E-09 4.7966E-09 4.9407E-09 5.0772E-09 5.2070E-09 5.3297E-09 5.4442E-09 5.5430E-09 5.6273E-09 5.6991E-09 5.7523E-09 5.7852E-09 5.7923E-09 5.7762E-09 5.7351E-09 5.6635E-09 5.5592E-09 5.4252E-09 5.2650E-09 5.0779E-09 4.8659E-09 4.6280E-09 4.3745E-09 4.1053E-09 3.8260E-09 3.5360E-09 3.2407E-09 2.9324E-09 2.6325E-09 2.3425E-09 2.0546E-09 1.7845E-09 1.5355E-09 1.2985E-09 1.0805E-09 8.8455E-10 6.7363E-10 4.9988E-10 3.7068E-10 2.6272E-10 1.8012E-10
2.5071E-09 2.6561E-09 2.8084E-09 2.9654E-09 3.1283E-09 3.2930E-09 3.4609E-09 3.6347E-09 3.8105E-09 3.9871E-09 4.1676E-09 4.3522E-09 4.5361E-09 4.7204E-09 4.9079E-09 5.0919E-09 5.2718E-09 5.4521E-09 5.6265E-09 5.7926E-09 5.9515E-09 6.1048E-09 6.2485E-09 6.3768E-09 6.4933E-09 6.5935E-09 6.6753E-09 6.7323E-09 6.7679E-09 6.7779E-09 6.7552E-09 6.6959E-09 6.6015E-09 6.4730E-09 6.3099E-09 6.1105E-09 5.8783E-09 5.6133E-09 5.3234E-09 5.0148E-09 4.6866E-09 4.3442E-09 3.9941E-09 3.6337E-09 3.2685E-09 2.9183E-09 2.5717E-09 2.2388E-09 1.9238E-09 1.6316E-09 1.3632E-09 1.1178E-09 8.8703E-10 6.5977E-10 4.9492E-10 3.5944E-10 2.4757E-10
2.7457E-09 2.9097E-09 3.0807E-09 3.2587E-09 3.4408E-09 3.6272E-09 3.8206E-09 4.0185E-09 4.2189E-09 4.4234E-09 4.6339E-09 4.8479E-09 5.0630E-09 5.2825E-09 5.5023E-09 5.7181E-09 5.9338E-09 6.1485E-09 6.3564E-09 6.5575E-09 6.7516E-09 6.9381E-09 7.1141E-09 7.2785E-09 7.4307E-09 7.5644E-09 7.6790E-09 7.7722E-09 7.8428E-09 7.8813E-09 7.8829E-09 7.8469E-09 7.7705E-09 7.6508E-09 7.4860E-09 7.2774E-09 7.0293E-09 6.7426E-09 6.4148E-09 6.0598E-09 5.6813E-09 5.2844E-09 4.8716E-09 4.4548E-09 4.0228E-09 3.5974E-09 3.1896E-09 2.7904E-09 2.3973E-09 2.0399E-09 1.7079E-09 1.4056E-09 1.1322E-09 8.6626E-10 6.3731E-10 4.7201E-10 3.3073E-10
2.9899E-09 3.1704E-09 3.3622E-09 3.5601E-09 3.7611E-09 3.9718E-09 4.1903E-09 4.4129E-09 4.6404E-09 4.8746E-09 5.1141E-09 5.3587E-09 5.6082E-09 5.8631E-09 6.1184E-09 6.3726E-09 6.6272E-09 6.8786E-09 7.1240E-09 7.3635E-09 7.5978E-09 7.8216E-09 8.0353E-09 8.2408E-09 8.4322E-09 8.6042E-09 8.7613E-09 8.8977E-09 9.0058E-09 9.0800E-09 9.1168E-09 9.1118E-09 9.0573E-09 8.9496E-09 8.7908E-09 8.5806E-09 8.3200E-09 8.0081E-09 7.6481E-09 7.2471E-09 6.8168E-09 6.3592E-09 5.8811E-09 5.3933E-09 4.8949E-09 4.3912E-09 3.9041E-09 3.4284E-09 2.9653E-09 2.5193E-09 2.1161E-09 1.7481E-09 1.4170E-09 1.1140E-09 8.2021E-10 6.1497E-10 4.4052E-10
3.2376E-09 3.4359E-09 3.6490E-09 3.8662E-09 4.0876E-09 4.3238E-09 4.5659E-09 4.8137E-09 5.0695E-09 5.3337E-09 5.6031E-09 5.8815E-09 6.1660E-09 6.4555E-09 6.7488E-09 7.0449E-09 7.3395E-09 7.6321E-09 7.9187E-09 8.2010E-09 8.4780E-09 8.7444E-09 9.0039E-09 9.2511E-09 9.4858E-09 9.7050E-09 9.9110E-09 1.0094E-08 1.0245E-08 1.0366E-08 1.0446E-08 1.0475E-08 1.0448E-08 1.0363E-08 1.0217E-08 1.0010E-08 9.7393E-09 9.4071E-09 9.0183E-09 8.5738E-09 8.0889E-09 7.5710E-09 7.0265E-09 6.4616E-09 5.8906E-09 5.3052E-09 4.7303E-09 4.1728E-09 3.6282E-09 3.0978E-09 2.6037E-09 2.1585E-09 1.7526E-09 1.3953E-09 1.0492E-09 7.7509E-10 5.6482E-10
3.4870E-09 3.7046E-09 3.9379E-09 4.1740E-09 4.4176E-09 4.6789E-09 4.9442E-09 5.2181E-09 5.5021E-09 5.7952E-09 6.0943E-09 6.4074E-09 6.7256E-09 7.0504E-09 7.3839E-09 7.7216E-09 8.0601E-09 8.3980E-09 8.7299E-09 9.0571E-09 9.3800E-09 9.6939E-09 1.0002E-08 1.0296E-08 1.0578E-08 1.0853E-08 1.1109E-08 1.1343E-08 1.1549E-08 1.1722E-08 1.1849E-08 1.1918E-08 1.1929E-08 1.1872E-08 1.1747E-08 1.1548E-08 1.1273E-08 1.0927E-08 1.0511E-08 1.0031E-08 9.4939E-09 8.9155E-09 8.3035E-09 7.6686E-09 7.0143E-09 6.3491E-09 5.6810E-09 5.0275E-09 4.3893E-09 3.7750E-09 3.1831E-09 2.6475E-09 2.1589E-09 1.7198E-09 1.3218E-09 9.8013E-10 7.1294E-10
3.7354E-09 3.9729E-09 4.2255E-09 4.4807E-09 4.7482E-09 5.0323E-09 5.3211E-09 5.6210E-09 5.9326E-09 6.2535E-09 6.5838E-09 6.9300E-09 7.2811E-09 7.6417E-09 8.0136E-09 8.3913E-09 8.7736E-09 9.1582E-09 9.5397E-09 9.9158E-09 1.0288E-08 1.0653E-08 1.1011E-08 1.1357E-08 1.1695E-08 1.2025E-08 1.2337E-08 1.2628E-08 1.2896E-08 1.3124E-08 1.3302E-08 1.3421E-08 1.3474E-08 1.3455E-08 1.3354E-08 1.3168E-08 1.2901E-08 1.2546E-08 1.2113E-08 1.1603E-08 1.1018E-08 1.0383E-08 9.7071E-09 8.9981E-09 8.2656E-09 7.5207E-09 6.7576E-09 6.0049E-09 5.2674E-09 4.5519E-09 3.8629E-09 3.2197E-09 2.6342E-09 2.1092E-09 1.6423E-09 1.2132E-09 8.9137E-10
3.9803E-09 4.2369E-09 4.5083E-09 4.7833E-09 5.0739E-09 5.3800E-09 5.6924E-09 6.0174E-09 6.3547E-09 6.7021E-09 7.0628E-09 7.4399E-09 7.8228E-09 8.2195E-09 8.6284E-09 9.0445E-09 9.4697E-09 9.9011E-09 1.0329E-08 1.0758E-08 1.1183E-08 1.1602E-08 1.2013E-08 1.2415E-08 1.2812E-08 1.3200E-08 1.3571E-08 1.3926E-08 1.4257E-08 1.4542E-08 1.4777E-08 1.4952E-08 1.5055E-08 1.5077E-08 1.5004E-08 1.4846E-08 1.4591E-08 1.4240E-08 1.3797E-08 1.3258E-08 1.2642E-08 1.1959E-08 1.1225E-08 1.0451E-08 9.6445E-09 8.8134E-09 7.9580E-09 7.1007E-09 6.2576E-09 5.4339E-09 4.6405E-09 3.8834E-09 3.1951E-09 2.5744E-09 2.0201E-09 1.4975E-09 1.0918E-09
4.2190E-09 4.4937E-09 4.7826E-09 5.0781E-09 5.3900E-09 5.7179E-09 6.0534E-09 6.4023E-09 6.7637E-09 7.1367E-09 7.5247E-09 7.9300E-09 8.3425E-09 8.7728E-09 9.2159E-09 9.6692E-09 1.0133E-08 1.0610E-08 1.1087E-08 1.1566E-08 1.2046E-08 1.2519E-08 1.2984E-08 1.3445E-08 1.3902E-08 1.4349E-08 1.4787E-08 1.5206E-08 1.5599E-08 1.5946E-08 1.6243E-08 1.6479E-08 1.6631E-08 1.6695E-08 1.6667E-08 1.6539E-08 1.6306E-08 1.5969E-08 1.5520E-08 1.4975E-08 1.4340E-08 1.3619E-08 1.2838E-08 1.1999E-08 1.1124E-08 1.0218E-08 9.2840E-09 8.3314E-09 7.3844E-09 6.4492E-09 5.5404E-09 4.6664E-09 3.8537E-09 3.1203E-09 2.4625E-09 1.8503E-09 1.3406E-09
4.4484E-09 4.7401E-09 5.0456E-09 5.3613E-09 5.6924E-09 6.0406E-09 6.3984E-09 6.7700E-09 7.1534E-09 7.5498E-09 7.9631E-09 8.3933E-09 8.8334E-09 9.2932E-09 9.7680E-09 1.0254E-08 1.0755E-08 1.1270E-08 1.1790E-08 1.2322E-08 1.2854E-08 1.3381E-08 1.3904E-08 1.4423E-08 1.4939E-08 1.5447E-08 1.5952E-08 1.6436E-08 1.6889E-08 1.7304E-08 1.7663E-08 1.7954E-08 1.8158E-08 1.8278E-08 1.8297E-08 1.8205E-08 1.8004E-08 1.7685E-08 1.7254E-08 1.6716E-08 1.6068E-08 1.5325E-08 1.4509E-08 1.3634E-08 1.2709E-08 1.1742E-08 1.0726E-08 9.6773E-09 8.6221E-09 7.5716E-09 6.5408E-09 5.5432E-09 4.5988E-09 3.7380E-09 2.9650E-09 2.2662E-09 1.6457E-09
4.6653E-09 4.9721E-09 5.2941E-09 5.6280E-09 5.9770E-09 6.3438E-09 6.7223E-09 7.1133E-09 7.5180E-09 7.9363E-09 8.3704E-09 8.8219E-09 9.2866E-09 9.7714E-09 1.0274E-08 1.0790E-08 1.1322E-08 1.1868E-08 1.2429E-08 1.3004E-08 1.3585E-08 1.4166E-08 1.4748E-08 1.5322E-08 1.5897E-08 1.6467E-08 1.7033E-08 1.7582E-08 1.8093E-08 1.8572E-08 1.8992E-08 1.9335E-08 1.9603E-08 1.9775E-08 1.9838E-08 1.9795E-08 1.9633E-08 1.9351E-08 1.8951E-08 1.8423E-08 1.7782E-08 1.7043E-08 1.6221E-08 1.5325E-08 1.4362E-08 1.3338E-08 1.2260E-08 1.1142E-08 1.0001E-08 8.8495E-09 7.7008E-09 6.5767E-09 5.4957E-09 4.4949E-09 3.5869E-09 2.7689E-09 2.0235E-09
4.8666E-09 5.1872E-09 5.5246E-09 5.8750E-09 6.2392E-09 6.6236E-09 7.0193E-09 7.4278E-09 7.8510E-09 8.2881E-09 8.7403E-09 9.2110E-09 9.6940E-09 1.0199E-08 1.0724E-08 1.1264E-08 1.1824E-08 1.2399E-08 1.2989E-08 1.3599E-08 1.4222E-08 1.4846E-08 1.5486E-08 1.6120E-08 1.6749E-08 1.7378E-08 1.7998E-08 1.8606E-08 1.9179E-08 1.9715E-08 2.0189E-08 2.0588E-08 2.0913E-08 2.1132E-08 2.1252E-08 2.1255E-08 2.1144E-08 2.0913E-08 2.0544E-08 2.0053E-08 1.9449E-08 1.8733E-08 1.7920E-08 1.7018E-08 1.6047E-08 1.5009E-08 1.3901E-08 1.2722E-08 1.1495E-08 1.0241E-08 8.9756E-09 7.7240E-09 6.5069E-09 5.3565E-09 4.2975E-09 3.3370E-09 2.4982E-09
5.0491E-09 5.3829E-09 5.7334E-09 6.0982E-09 6.4754E-09 6.8752E-09 7.2849E-09 7.7084E-09 8.1464E-09 8.5996E-09 9.0664E-09 9.5523E-09 1.0050E-08 1.0570E-08 1.1111E-08 1.1669E-08 1.2250E-08 1.2846E-08 1.3462E-08 1.4098E-08 1.4753E-08 1.5418E-08 1.6100E-08 1.6779E-08 1.7464E-08 1.8151E-08 1.8821E-08 1.9477E-08 2.0109E-08 2.0692E-08 2.1214E-08 2.1667E-08 2.2038E-08 2.2313E-08 2.2483E-08 2.2539E-08 2.2490E-08 2.2307E-08 2.1993E-08 2.1558E-08 2.1004E-08 2.0336E-08 1.9556E-08 1.8691E-08 1.7749E-08 1.6713E-08 1.5589E-08 1.4378E-08 1.3110E-08 1.1789E-08 1.0433E-08 9.0588E-09 7.6992E-09 6.3935E-09 5.1800E-09 4.0698E-09 3.0794E-09
5.2113E-09 5.5554E-09 5.9179E-09 6.2940E-09 6.6827E-09 7.0940E-09 7.5153E-09 7.9496E-09 8.3995E-09 8.8640E-09 9.3434E-09 9.8394E-09 1.0347E-08 1.0879E-08 1.1429E-08 1.1998E-08 1.2591E-08 1.3203E-08 1.3836E-08 1.4490E-08 1.5164E-08 1.5859E-08 1.6575E-08 1.7294E-08 1.8025E-08 1.8757E-08 1.9474E-08 2.0170E-08 2.0848E-08 2.1470E-08 2.2034E-08 2.2532E-08 2.2947E-08 2.3268E-08 2.3483E-08 2.3606E-08 2.3609E-08 2.3485E-08 2.3244E-08 2.2877E-08 2.2392E-08 2.1794E-08 2.1092E-08 2.0296E-08 1.9400E-08 1.8406E-08 1.7320E-08 1.6131E-08 1.4841E-08 1.3467E-08 1.2026E-08 1.0547E-08 9.0623E-09 7.6079E-09 6.2294E-09 4.9521E-09 3.7850E-09
5.3504E-09 5.7031E-09 6.0748E-09 6.4601E-09 6.8574E-09 7.2769E-09 7.7065E-09 8.1480E-09 8.6058E-09 9.0778E-09 9.5642E-09 1.0068E-08 1.0582E-08 1.1117E-08 1.1672E-08 1.2245E-08 1.2842E-08 1.3461E-08 1.4100E-08 1.4766E-08 1.5450E-08 1.6161E-08 1.6897E-08 1.7644E-08 1.8413E-08 1.9177E-08 1.9931E-08 2.0661E-08 2.1367E-08 2.2022E-08 2.2616E-08 2.3153E-08 2.3599E-08 2.3955E-08 2.4226E-08 2.4401E-08 2.4458E-08 2.4407E-08 2.4240E-08 2.3956E-08 2.3560E-08 2.3064E-08 2.2465E-08 2.1763E-08 2.0964E-08 2.0069E-08 1.9060E-08 1.7918E-08 1.6653E-08 1.5286E-08 1.3820E-08 1.2271E-08 1.0665E-08 9.0521E-09 7.4960E-09 6.0230E-09 4.6756E-09
5.4641E-09 5.8240E-09 6.2020E-09 6.5939E-09 6.9962E-09 7.4213E-09 7.8547E-09 8.3007E-09 8.7616E-09 9.2374E-09 9.7259E-09 1.0233E-08 1.0748E-08 1.1284E-08 1.1838E-08 1.2407E-08 1.3001E-08 1.3617E-08 1.4256E-08 1.4921E-08 1.5604E-08 1.6320E-08 1.7062E-08 1.7821E-08 1.8610E-08 1.9395E-08 2.0175E-08 2.0931E-08 2.1652E-08 2.2326E-08 2.2940E-08 2.3495E-08 2.3967E-08 2.4358E-08 2.4669E-08 2.4887E-08 2.5005E-08 2.5026E-08 2.4940E-08 2.4748E-08 2.4465E-08 2.4087E-08 2.3613E-08 2.3052E-08 2.2400E-08 2.1638E-08 2.0750E-08 1.9726E-08 1.8563E-08 1.7247E-08 1.5781E-08 1.4191E-08 1.2500E-08 1.0766E-08 9.0406E-09 7.3730E-09 5.8013E-09
5.5514E-09 5.9157E-09 6.2978E-09 6.6931E-09 7.0976E-09 7.5245E-09 7.9585E-09 8.4044E-09 8.8653E-09 9.3389E-09 9.8262E-09 1.0331E-08 1.0842E-08 1.1375E-08 1.1921E-08 1.2482E-08 1.3066E-08 1.3669E-08 1.4298E-08 1.4953E-08 1.5628E-08 1.6335E-08 1.7071E-08 1.7827E-08 1.8617E-08 1.9408E-08 2.0192E-08 2.0965E-08 2.1691E-08 2.2364E-08 2.2990E-08 2.3553E-08 2.4037E-08 2.4450E-08 2.4789E-08 2.5047E-08 2.5222E-08 2.5310E-08 2.5304E-08 2.5219E-08 2.5055E-08 2.4812E-08 2.4497E-08 2.4112E-08 2.3636E-08 2.3059E-08 2.2365E-08 2.1526E-08 2.0503E-08 1.9301E-08 1.7912E-08 1.6359E-08 1.4636E-08 1.2801E-08 1.0917E-08 9.0408E-09 7.2267E-09
5.6110E-09 5.9772E-09 6.3609E-09 6.7558E-09 7.1604E-09 7.5846E-09 8.0169E-09 8.4583E-09 8.9151E-09 9.3826E-09 9.8634E-09 1.0361E-08 1.0864E-08 1.1387E-08 1.1922E-08 1.2467E-08 1.3037E-08 1.3621E-08 1.4228E-08 1.4862E-08 1.5520E-08 1.6208E-08 1.6926E-08 1.7664E-08 1.8438E-08 1.9221E-08 1.9989E-08 2.0753E-08 2.1475E-08 2.2141E-08 2.2763E-08 2.3315E-08 2.3799E-08 2.4224E-08 2.4584E-08 2.4868E-08 2.5089E-08 2.5238E-08 2.5314E-08 2.5333E-08 2.5293E-08 2.5202E-08 2.5072E-08 2.4879E-08 2.4627E-08 2.4288E-08 2.3844E-08 2.3230E-08 2.2436E-08 2.1437E-08 2.0214E-08 1.8753E-08 1.7055E-08 1.5172E-08 1.3170E-08 1.1112E-08 9.0609E-09
5.6416E-09 6.0081E-09 6.3900E-09 6.7819E-09 7.1828E-09 7.6019E-09 8.0275E-09 8.4623E-09 8.9099E-09 9.3683E-09 9.8378E-09 1.0324E-08 1.0814E-08 1.1322E-08 1.1841E-08 1.2367E-08 1.2913E-08 1.3471E-08 1.4052E-08 1.4655E-08 1.5284E-08 1.5944E-08 1.6631E-08 1.7340E-08 1.8081E-08 1.8832E-08 1.9577E-08 2.0315E-08 2.1012E-08 2.1659E-08 2.2261E-08 2.2791E-08 2.3265E-08 2.3685E-08 2.4048E-08 2.4352E-08 2.4606E-08 2.4805E-08 2.4959E-08 2.5076E-08 2.5161E-08 2.5234E-08 2.5286E-08 2.5320E-08 2.5317E-08 2.5263E-08 2.5095E-08 2.4794E-08 2.4304E-08 2.3595E-08 2.2614E-08 2.1335E-08 1.9762E-08 1.7918E-08 1.5858E-08 1.3643E-08 1.1348E-08
5.6432E-09 6.0079E-09 6.3846E-09 6.7713E-09 7.1654E-09 7.5762E-09 7.9922E-09 8.4161E-09 8.8515E-09 9.2965E-09 9.7510E-09 1.0222E-08 1.0694E-08 1.1182E-08 1.1680E-08 1.2182E-08 1.2701E-08 1.3228E-08 1.3773E-08 1.4341E-08 1.4931E-08 1.5551E-08 1.6196E-08 1.6865E-08 1.7562E-08 1.8265E-08 1.8971E-08 1.9661E-08 2.0321E-08 2.0934E-08 2.1499E-08 2.2002E-08 2.2447E-08 2.2852E-08 2.3205E-08 2.3512E-08 2.3787E-08 2.4025E-08 2.4242E-08 2.4447E-08 2.4657E-08 2.4881E-08 2.5130E-08 2.5389E-08 2.5665E-08 2.5896E-08 2.6072E-08 2.6128E-08 2.6017E-08 2.5674E-08 2.5028E-08 2.4065E-08 2.2711E-08 2.1013E-08 1.8969E-08 1.6672E-08 1.4188E-08
5.6166E-09 5.9757E-09 6.3456E-09 6.7228E-09 7.1091E-09 7.5073E-09 7.9122E-09 8.3215E-09 8.7415E-09 9.1702E-09 9.6059E-09 1.0057E-08 1.0508E-08 1.0971E-08 1.1443E-08 1.1917E-08 1.2404E-08 1.2898E-08 1.3402E-08 1.3928E-08 1.4470E-08 1.5042E-08 1.5640E-08 1.6253E-08 1.6895E-08 1.7542E-08 1.8186E-08 1.8819E-08 1.9424E-08 1.9987E-08 2.0510E-08 2.0968E-08 2.1378E-08 2.1754E-08 2.2081E-08 2.2381E-08 2.2658E-08 2.2920E-08 2.3185E-08 2.3467E-08 2.3783E-08 2.4153E-08 2.4579E-08 2.5072E-08 2.5602E-08 2.6152E-08 2.6683E-08 2.7144E-08 2.7458E-08 2.7551E-08 2.7362E-08 2.6799E-08 2.5814E-08 2.4367E-08 2.2497E-08 2.0212E-08 1.7633E-08
5.5613E-09 5.9123E-09 6.2746E-09 6.6388E-09 7.0140E-09 7.3982E-09 7.7877E-09 8.1813E-09 8.5820E-09 8.9923E-09 9.4063E-09 9.8336E-09 1.0261E-08 1.0694E-08 1.1137E-08 1.1580E-08 1.2030E-08 1.2486E-08 1.2947E-08 1.3427E-08 1.3918E-08 1.4432E-08 1.4972E-08 1.5522E-08 1.6105E-08 1.6681E-08 1.7254E-08 1.7823E-08 1.8356E-08 1.8861E-08 1.9321E-08 1.9727E-08 2.0096E-08 2.0427E-08 2.0720E-08 2.0997E-08 2.1263E-08 2.1532E-08 2.1828E-08 2.2167E-08 2.2571E-08 2.3059E-08 2.3647E-08 2.4338E-08 2.5116E-08 2.5966E-08 2.6860E-08 2.7730E-08 2.8496E-08 2.9098E-08 2.9426E-08 2.9392E-08 2.8877E-08 2.7876E-08 2.6299E-08 2.4219E-08 2.1669E-08
