Assets/Resources/2015_m01_d10_1800(utc+0800)_l00_csi_1hr_conc.grd
DSAA
         159         159
     -79.000      79.000
     -79.000      79.000
  0.2033E-10  0.3539E-05
[rows 125 to 149 of 159, columns 0 to 56 of 159]
1.3840E-10 1.4311E-10 1.4797E-10 1.5299E-10 1.5817E-10 1.6351E-10 1.7175E-10 1.8157E-10 1.9027E-10 1.9931E-10 2.0724E-10 2.1569E-10 2.2416E-10 2.3295E-10 2.4208E-10 2.5154E-10 2.6118E-10 2.7085E-10 2.8123E-10 2.9255E-10 3.0379E-10 3.1535E-10 3.2688E-10 3.3882E-10 3.5167E-10 3.6456E-10 3.7768E-10 3.9152E-10 4.0663E-10 4.2132E-10 4.3652E-10 4.5255E-10 4.6996E-10 4.8705E-10 5.0481E-10 5.2350E-10 5.4371E-10 5.6363E-10 5.8427E-10 6.0674E-10 6.2923E-10 6.5276E-10 6.7737E-10 7.0251E-10 7.2870E-10 7.5538E-10 7.8311E-10 8.1160E-10 8.4090E-10 8.7098E-10 9.0127E-10 9.3232E-10 9.6420E-10 9.9642E-10 1.0293E-09 1.0629E-09 1.0972E-09
1.3875E-10 1.4348E-10 1.4836E-10 1.5340E-10 1.5860E-10 1.6396E-10 1.7182E-10 1.8163E-10 1.9072E-10 1.9976E-10 2.0753E-10 2.1599E-10 2.2461E-10 2.3340E-10 2.4252E-10 2.5198E-10 2.6111E-10 2.7111E-10 2.8183E-10 2.9296E-10 3.0420E-10 3.1555E-10 3.2732E-10 3.3930E-10 3.5196E-10 3.6512E-10 3.7827E-10 3.9241E-10 4.0731E-10 4.2204E-10 4.3732E-10 4.5368E-10 4.7098E-10 4.8822E-10 5.0610E-10 5.2492E-10 5.4525E-10 5.6530E-10 5.8632E-10 6.0838E-10 6.3122E-10 6.5484E-10 6.7951E-10 7.0466E-10 7.3080E-10 7.5746E-10 7.8539E-10 8.1357E-10 8.4279E-10 8.7278E-10 9.0299E-10 9.3394E-10 9.6572E-10 9.9781E-10 1.0306E-09 1.0640E-09 1.0981E-09
1.3910E-10 1.4385E-10 1.4874E-10 1.5380E-10 1.5901E-10 1.6438E-10 1.7224E-10 1.8204E-10 1.9113E-10 1.9979E-10 2.0763E-10 2.1609E-10 2.2487E-10 2.3381E-10 2.4292E-10 2.5171E-10 2.6134E-10 2.7148E-10 2.8218E-10 2.9331E-10 3.0456E-10 3.1593E-10 3.2773E-10 3.3974E-10 3.5245E-10 3.6563E-10 3.7884E-10 3.9301E-10 4.0796E-10 4.2276E-10 4.3813E-10 4.5464E-10 4.7206E-10 4.8941E-10 5.0742E-10 5.2662E-10 5.4681E-10 5.6696E-10 5.8810E-10 6.1026E-10 6.3343E-10 6.5710E-10 6.8148E-10 7.0660E-10 7.3244E-10 7.5930E-10 7.8719E-10 8.1529E-10 8.4443E-10 8.7406E-10 9.0472E-10 9.3529E-10 9.6693E-10 9.9889E-10 1.0315E-09 1.0648E-09 1.0988E-09
1.3943E-10 1.4419E-10 1.4911E-10 1.5417E-10 1.5939E-10 1.6478E-10 1.7263E-10 1.8243E-10 1.9151E-10 1.9940E-10 2.0800E-10 2.1615E-10 2.2459E-10 2.3336E-10 2.4246E-10 2.5189E-10 2.6166E-10 2.7179E-10 2.8266E-10 2.9379E-10 3.0511E-10 3.1651E-10 3.2811E-10 3.4039E-10 3.5313E-10 3.6613E-10 3.7936E-10 3.9360E-10 4.0860E-10 4.2351E-10 4.3901E-10 4.5564E-10 4.7317E-10 4.9064E-10 5.0876E-10 5.2808E-10 5.4812E-10 5.6862E-10 5.9011E-10 6.1207E-10 6.3528E-10 6.5892E-10 6.8354E-10 7.0862E-10 7.3467E-10 7.6121E-10 7.8875E-10 8.1678E-10 8.4610E-10 8.7563E-10 9.0592E-10 9.3672E-10 9.6786E-10 9.9968E-10 1.0322E-09 1.0653E-09 1.0991E-09
1.3975E-10 1.4452E-10 1.4945E-10 1.5452E-10 1.5976E-10 1.6515E-10 1.7148E-10 1.8278E-10 1.9185E-10 1.9935E-10 2.0834E-10 2.1647E-10 2.2491E-10 2.3367E-10 2.4276E-10 2.5217E-10 2.6193E-10 2.7204E-10 2.8308E-10 2.9406E-10 3.0540E-10 3.1684E-10 3.2847E-10 3.4079E-10 3.5356E-10 3.6659E-10 3.8012E-10 3.9441E-10 4.0930E-10 4.2433E-10 4.4018E-10 4.5693E-10 4.7432E-10 4.9189E-10 5.1012E-10 5.2953E-10 5.4967E-10 5.7026E-10 5.9180E-10 6.1404E-10 6.3695E-10 6.6056E-10 6.8513E-10 7.1015E-10 7.3615E-10 7.6261E-10 7.9035E-10 8.1828E-10 8.4725E-10 8.7667E-10 9.0683E-10 9.3751E-10 9.6852E-10 1.0002E-09 1.0325E-09 1.0655E-09 1.0991E-09
1.4005E-10 1.4483E-10 1.4977E-10 1.5485E-10 1.6010E-10 1.6550E-10 1.7183E-10 1.8310E-10 1.9216E-10 1.9966E-10 2.0863E-10 2.1660E-10 2.2519E-10 2.3393E-10 2.4300E-10 2.5240E-10 2.6214E-10 2.7242E-10 2.8314E-10 2.9413E-10 3.0568E-10 3.1713E-10 3.2881E-10 3.4115E-10 3.5396E-10 3.6705E-10 3.8064E-10 3.9505E-10 4.1006E-10 4.2519E-10 4.4115E-10 4.5799E-10 4.7549E-10 4.9316E-10 5.1173E-10 5.3124E-10 5.5144E-10 5.7183E-10 5.9337E-10 6.1556E-10 6.3871E-10 6.6227E-10 6.8653E-10 7.1149E-10 7.3742E-10 7.6407E-10 7.9145E-10 8.1929E-10 8.4814E-10 8.7772E-10 9.0749E-10 9.3805E-10 9.6891E-10 1.0004E-09 1.0326E-09 1.0654E-09 1.0988E-09
1.4033E-10 1.4512E-10 1.5007E-10 1.5516E-10 1.6041E-10 1.6582E-10 1.7215E-10 1.8301E-10 1.9243E-10 1.9993E-10 2.0887E-10 2.1684E-10 2.2542E-10 2.3415E-10 2.4320E-10 2.5258E-10 2.6231E-10 2.7243E-10 2.8335E-10 2.9476E-10 3.0615E-10 3.1765E-10 3.2934E-10 3.4172E-10 3.5458E-10 3.6752E-10 3.8123E-10 3.9575E-10 4.1085E-10 4.2608E-10 4.4214E-10 4.5909E-10 4.7668E-10 4.9444E-10 5.1309E-10 5.3266E-10 5.5290E-10 5.7326E-10 5.9502E-10 6.1719E-10 6.4002E-10 6.6354E-10 6.8799E-10 7.1288E-10 7.3874E-10 7.6504E-10 7.9233E-10 8.2033E-10 8.4907E-10 8.7827E-10 9.0791E-10 9.3833E-10 9.6905E-10 1.0004E-09 1.0324E-09 1.0650E-09 1.0982E-09
1.4059E-10 1.4539E-10 1.5034E-10 1.5544E-10 1.6070E-10 1.6611E-10 1.7169E-10 1.8252E-10 1.9152E-10 2.0015E-10 2.0871E-10 2.1704E-10 2.2560E-10 2.3431E-10 2.4335E-10 2.5273E-10 2.6213E-10 2.7244E-10 2.8370E-10 2.9513E-10 3.0639E-10 3.1790E-10 3.2964E-10 3.4207E-10 3.5503E-10 3.6807E-10 3.8210E-10 3.9671E-10 4.1168E-10 4.2700E-10 4.4339E-10 4.6042E-10 4.7787E-10 4.9570E-10 5.1440E-10 5.3400E-10 5.5421E-10 5.7479E-10 5.9627E-10 6.1838E-10 6.4117E-10 6.6461E-10 6.8900E-10 7.1381E-10 7.3959E-10 7.6579E-10 7.9324E-10 8.2113E-10 8.4951E-10 8.7858E-10 9.0810E-10 9.3837E-10 9.6895E-10 1.0001E-09 1.0319E-09 1.0643E-09 1.0973E-09
1.4084E-10 1.4565E-10 1.5060E-10 1.5570E-10 1.6096E-10 1.6638E-10 1.7196E-10 1.8122E-10 1.9173E-10 2.0035E-10 2.0888E-10 2.1720E-10 2.2574E-10 2.3427E-10 2.4331E-10 2.5251E-10 2.6194E-10 2.7275E-10 2.8404E-10 2.9532E-10 3.0661E-10 3.1816E-10 3.2995E-10 3.4248E-10 3.5553E-10 3.6866E-10 3.8279E-10 3.9748E-10 4.1254E-10 4.2794E-10 4.4442E-10 4.6154E-10 4.7905E-10 4.9693E-10 5.1588E-10 5.3544E-10 5.5538E-10 5.7592E-10 5.9734E-10 6.1941E-10 6.4213E-10 6.6577E-10 6.8982E-10 7.1455E-10 7.4023E-10 7.6685E-10 7.9368E-10 8.2148E-10 8.4973E-10 8.7896E-10 9.0805E-10 9.3820E-10 9.6860E-10 9.9960E-10 1.0312E-09 1.0633E-09 1.0960E-09
1.4106E-10 1.4587E-10 1.5083E-10 1.5594E-10 1.6120E-10 1.6662E-10 1.7219E-10 1.8143E-10 1.9191E-10 2.0050E-10 2.0901E-10 2.1669E-10 2.2522E-10 2.3391E-10 2.4293E-10 2.5231E-10 2.6237E-10 2.7322E-10 2.8435E-10 2.9589E-10 3.0704E-10 3.1844E-10 3.3032E-10 3.4316E-10 3.5608E-10 3.6929E-10 3.8350E-10 3.9829E-10 4.1342E-10 4.2890E-10 4.4546E-10 4.6287E-10 4.8019E-10 4.9805E-10 5.1697E-10 5.3651E-10 5.5640E-10 5.7690E-10 5.9851E-10 6.2052E-10 6.4318E-10 6.6648E-10 6.9072E-10 7.1560E-10 7.4093E-10 7.6720E-10 7.9393E-10 8.2187E-10 8.5001E-10 8.7884E-10 9.0782E-10 9.3778E-10 9.6799E-10 9.9878E-10 1.0301E-09 1.0620E-09 1.0945E-09
1.4127E-10 1.4608E-10 1.5104E-10 1.5615E-10 1.6141E-10 1.6683E-10 1.7241E-10 1.8086E-10 1.9054E-10 2.0061E-10 2.0832E-10 2.1679E-10 2.2515E-10 2.3385E-10 2.4286E-10 2.5239E-10 2.6248E-10 2.7349E-10 2.8467E-10 2.9608E-10 3.0730E-10 3.1879E-10 3.3097E-10 3.4367E-10 3.5667E-10 3.6996E-10 3.8447E-10 3.9934E-10 4.1433E-10 4.3011E-10 4.4671E-10 4.6392E-10 4.8121E-10 4.9904E-10 5.1794E-10 5.3743E-10 5.5728E-10 5.7797E-10 5.9928E-10 6.2122E-10 6.4380E-10 6.6728E-10 6.9116E-10 7.1596E-10 7.4120E-10 7.6737E-10 7.9425E-10 8.2182E-10 8.4983E-10 8.7854E-10 9.0769E-10 9.3712E-10 9.6712E-10 9.9769E-10 1.0288E-09 1.0604E-09 1.0926E-09
1.4145E-10 1.4627E-10 1.5123E-10 1.5634E-10 1.6160E-10 1.6702E-10 1.7259E-10 1.7911E-10 1.9065E-10 1.9994E-10 2.0766E-10 2.1686E-10 2.2523E-10 2.3391E-10 2.4293E-10 2.5246E-10 2.6288E-10 2.7393E-10 2.8498E-10 2.9631E-10 3.0762E-10 3.1918E-10 3.3144E-10 3.4421E-10 3.5728E-10 3.7088E-10 3.8524E-10 4.0018E-10 4.1523E-10 4.3105E-10 4.4768E-10 4.6485E-10 4.8212E-10 4.9991E-10 5.1901E-10 5.3846E-10 5.5801E-10 5.7864E-10 5.9989E-10 6.2176E-10 6.4426E-10 6.6765E-10 6.9144E-10 7.1616E-10 7.4129E-10 7.6762E-10 7.9412E-10 8.2158E-10 8.4946E-10 8.7800E-10 9.0697E-10 9.3619E-10 9.6598E-10 9.9630E-10 1.0272E-09 1.0585E-09 1.0904E-09
1.4161E-10 1.4643E-10 1.5139E-10 1.5650E-10 1.6176E-10 1.6718E-10 1.7275E-10 1.7925E-10 1.9075E-10 2.0002E-10 2.0773E-10 2.1692E-10 2.2528E-10 2.3397E-10 2.4314E-10 2.5284E-10 2.6313E-10 2.7406E-10 2.8536E-10 2.9682E-10 3.0820E-10 3.1962E-10 3.3195E-10 3.4501E-10 3.5793E-10 3.7159E-10 3.8603E-10 4.0102E-10 4.1610E-10 4.3193E-10 4.4852E-10 4.6568E-10 4.8290E-10 5.0091E-10 5.1972E-10 5.3911E-10 5.5861E-10 5.7917E-10 6.0059E-10 6.2213E-10 6.4480E-10 6.6786E-10 6.9157E-10 7.1618E-10 7.4148E-10 7.6744E-10 7.9384E-10 8.2142E-10 8.4914E-10 8.7723E-10 9.0601E-10 9.3501E-10 9.6456E-10 9.9463E-10 1.0252E-09 1.0563E-09 1.0879E-09
1.4176E-10 1.4657E-10 1.5153E-10 1.5664E-10 1.6190E-10 1.6731E-10 1.7288E-10 1.7862E-10 1.9045E-10 1.9969E-10 2.0779E-10 2.1697E-10 2.2518E-10 2.3384E-10 2.4318E-10 2.5290E-10 2.6323E-10 2.7458E-10 2.8580E-10 2.9715E-10 3.0860E-10 3.2008E-10 3.3270E-10 3.4561E-10 3.5860E-10 3.7233E-10 3.8702E-10 4.0183E-10 4.1690E-10 4.3269E-10 4.4950E-10 4.6639E-10 4.8358E-10 5.0153E-10 5.2029E-10 5.3963E-10 5.5906E-10 5.7980E-10 6.0089E-10 6.2260E-10 6.4494E-10 6.6792E-10 6.9179E-10 7.1632E-10 7.4125E-10 7.6712E-10 7.9362E-10 8.2079E-10 8.4833E-10 8.7624E-10 9.0480E-10 9.3357E-10 9.6286E-10 9.9267E-10 1.0230E-09 1.0538E-09 1.0851E-09
1.4188E-10 1.4669E-10 1.5165E-10 1.5675E-10 1.6201E-10 1.6741E-10 1.7300E-10 1.7875E-10 1.9053E-10 1.9899E-10 2.0784E-10 2.1662E-10 2.2489E-10 2.3372E-10 2.4306E-10 2.5284E-10 2.6374E-10 2.7515E-10 2.8631E-10 2.9752E-10 3.0903E-10 3.2080E-10 3.3326E-10 3.4624E-10 3.5929E-10 3.7326E-10 3.8777E-10 4.0254E-10 4.1760E-10 4.3360E-10 4.5013E-10 4.6699E-10 4.8412E-10 5.0203E-10 5.2097E-10 5.4002E-10 5.5937E-10 5.8003E-10 6.0106E-10 6.2270E-10 6.4495E-10 6.6809E-10 6.9162E-10 7.1605E-10 7.4088E-10 7.6685E-10 7.9321E-10 8.1995E-10 8.4731E-10 8.7500E-10 9.0333E-10 9.3186E-10 9.6090E-10 9.9044E-10 1.0205E-09 1.0510E-09 1.0820E-09
1.4198E-10 1.4679E-10 1.5175E-10 1.5684E-10 1.6210E-10 1.6752E-10 1.7310E-10 1.7887E-10 1.8831E-10 1.9905E-10 2.0788E-10 2.1625E-10 2.2461E-10 2.3345E-10 2.4316E-10 2.5332E-10 2.6427E-10 2.7543E-10 2.8682E-10 2.9793E-10 3.0950E-10 3.2132E-10 3.3385E-10 3.4687E-10 3.5995E-10 3.7394E-10 3.8841E-10 4.0318E-10 4.1820E-10 4.3417E-10 4.5067E-10 4.6747E-10 4.8457E-10 5.0264E-10 5.2129E-10 5.4027E-10 5.5979E-10 5.8014E-10 6.0110E-10 6.2266E-10 6.4508E-10 6.6788E-10 6.9132E-10 7.1564E-10 7.4058E-10 7.6616E-10 7.9235E-10 8.1891E-10 8.4631E-10 8.7352E-10 9.0161E-10 9.2989E-10 9.5867E-10 9.8795E-10 1.0177E-09 1.0479E-09 1.0786E-09
1.4207E-10 1.4687E-10 1.5182E-10 1.5692E-10 1.6218E-10 1.6761E-10 1.7321E-10 1.7898E-10 1.8840E-10 1.9870E-10 2.0790E-10 2.1551E-10 2.2465E-10 2.3369E-10 2.4346E-10 2.5367E-10 2.6452E-10 2.7591E-10 2.8720E-10 2.9857E-10 3.0999E-10 3.2187E-10 3.3464E-10 3.4749E-10 3.6056E-10 3.7452E-10 3.8920E-10 4.0372E-10 4.1871E-10 4.3463E-10 4.5132E-10 4.6785E-10 4.8489E-10 5.0291E-10 5.2149E-10 5.4040E-10 5.5986E-10 5.8014E-10 6.0102E-10 6.2275E-10 6.4483E-10 6.6756E-10 6.9113E-10 7.1532E-10 7.4011E-10 7.6527E-10 7.9128E-10 8.1788E-10 8.4482E-10 8.7180E-10 8.9965E-10 9.2768E-10 9.5619E-10 9.8519E-10 1.0147E-09 1.0446E-09 1.0750E-09
1.4213E-10 1.4693E-10 1.5188E-10 1.5699E-10 1.6226E-10 1.6770E-10 1.7331E-10 1.7909E-10 1.8582E-10 1.9762E-10 2.0755E-10 2.1519E-10 2.2473E-10 2.3398E-10 2.4363E-10 2.5389E-10 2.6497E-10 2.7658E-10 2.8781E-10 2.9903E-10 3.1050E-10 3.2241E-10 3.3521E-10 3.4804E-10 3.6109E-10 3.7504E-10 3.8968E-10 4.0417E-10 4.1911E-10 4.3523E-10 4.5164E-10 4.6812E-10 4.8510E-10 5.0306E-10 5.2180E-10 5.4042E-10 5.5981E-10 5.8027E-10 6.0083E-10 6.2248E-10 6.4449E-10 6.6709E-10 6.9053E-10 7.1457E-10 7.3921E-10 7.6419E-10 7.9024E-10 8.1638E-10 8.4310E-10 8.6984E-10 8.9745E-10 9.2522E-10 9.5347E-10 9.8219E-10 1.0114E-09 1.0410E-09 1.0711E-09
1.4217E-10 1.4698E-10 1.5194E-10 1.5706E-10 1.6234E-10 1.6779E-10 1.7340E-10 1.7919E-10 1.8517E-10 1.9730E-10 2.0685E-10 2.1529E-10 2.2501E-10 2.3429E-10 2.4430E-10 2.5477E-10 2.6592E-10 2.7695E-10 2.8824E-10 2.9950E-10 3.1100E-10 3.2313E-10 3.3570E-10 3.4852E-10 3.6155E-10 3.7568E-10 3.9008E-10 4.0452E-10 4.1943E-10 4.3550E-10 4.5186E-10 4.6829E-10 4.8520E-10 5.0310E-10 5.2180E-10 5.4034E-10 5.5967E-10 5.8004E-10 6.0055E-10 6.2210E-10 6.4400E-10 6.6672E-10 6.8977E-10 7.1366E-10 7.3811E-10 7.6314E-10 7.8874E-10 8.1467E-10 8.4115E-10 8.6765E-10 8.9501E-10 9.2252E-10 9.5050E-10 9.7893E-10 1.0078E-09 1.0371E-09 1.0669E-09
1.4222E-10 1.4703E-10 1.5200E-10 1.5712E-10 1.6241E-10 1.6786E-10 1.7349E-10 1.7930E-10 1.8530E-10 1.9740E-10 2.0658E-10 2.1541E-10 2.2515E-10 2.3448E-10 2.4469E-10 2.5522E-10 2.6626E-10 2.7735E-10 2.8867E-10 3.0016E-10 3.1146E-10 3.2357E-10 3.3613E-10 3.4892E-10 3.6193E-10 3.7603E-10 3.9039E-10 4.0480E-10 4.1965E-10 4.3568E-10 4.5198E-10 4.6835E-10 4.8521E-10 5.0328E-10 5.2168E-10 5.4018E-10 5.5966E-10 5.7975E-10 6.0039E-10 6.2160E-10 6.4337E-10 6.6595E-10 6.8885E-10 7.1255E-10 7.3681E-10 7.6164E-10 7.8703E-10 8.1274E-10 8.3899E-10 8.6558E-10 8.9235E-10 9.1959E-10 9.4729E-10 9.7544E-10 1.0040E-09 1.0330E-09 1.0625E-09
1.4225E-10 1.4708E-10 1.5205E-10 1.5719E-10 1.6248E-10 1.6794E-10 1.7358E-10 1.7942E-10 1.8544E-10 1.9675E-10 2.0670E-10 2.1594E-10 2.2509E-10 2.3469E-10 2.4495E-10 2.5554E-10 2.6679E-10 2.7807E-10 2.8910E-10 3.0058E-10 3.1186E-10 3.2396E-10 3.3669E-10 3.4926E-10 3.6244E-10 3.7629E-10 3.9062E-10 4.0498E-10 4.2001E-10 4.3575E-10 4.5201E-10 4.6833E-10 4.8513E-10 5.0315E-10 5.2150E-10 5.3992E-10 5.5935E-10 5.7957E-10 5.9987E-10 6.2118E-10 6.4259E-10 6.6501E-10 6.8798E-10 7.1149E-10 7.3556E-10 7.5994E-10 7.8512E-10 8.1060E-10 8.3662E-10 8.6296E-10 8.8947E-10 9.1644E-10 9.4386E-10 9.7172E-10 1.0000E-09 1.0287E-09 1.0578E-09
1.4229E-10 1.4712E-10 1.5210E-10 1.5724E-10 1.6255E-10 1.6803E-10 1.7370E-10 1.7955E-10 1.8598E-10 1.9576E-10 2.0684E-10 2.1610E-10 2.2507E-10 2.3523E-10 2.4570E-10 2.5634E-10 2.6747E-10 2.7845E-10 2.8966E-10 3.0094E-10 3.1220E-10 3.2427E-10 3.3699E-10 3.4951E-10 3.6266E-10 3.7668E-10 3.9076E-10 4.0508E-10 4.2006E-10 4.3597E-10 4.5196E-10 4.6823E-10 4.8498E-10 5.0294E-10 5.2123E-10 5.3959E-10 5.5892E-10 5.7904E-10 5.9922E-10 6.2040E-10 6.4189E-10 6.6390E-10 6.8669E-10 7.1001E-10 7.3388E-10 7.5805E-10 7.8325E-10 8.0826E-10 8.3404E-10 8.6013E-10 8.8638E-10 9.1308E-10 9.4021E-10 9.6778E-10 9.9577E-10 1.0242E-09 1.0529E-09
1.4233E-10 1.4716E-10 1.5215E-10 1.5730E-10 1.6263E-10 1.6813E-10 1.7382E-10 1.7968E-10 1.8688E-10 1.9554E-10 2.0662E-10 2.1627E-10 2.2544E-10 2.3580E-10 2.4615E-10 2.5682E-10 2.6797E-10 2.7878E-10 2.8999E-10 3.0123E-10 3.1248E-10 3.2473E-10 3.3720E-10 3.4970E-10 3.6281E-10 3.7680E-10 3.9083E-10 4.0509E-10 4.2003E-10 4.3590E-10 4.5184E-10 4.6806E-10 4.8475E-10 5.0266E-10 5.2088E-10 5.3915E-10 5.5838E-10 5.7838E-10 5.9843E-10 6.1946E-10 6.4078E-10 6.6285E-10 6.8522E-10 7.0835E-10 7.3202E-10 7.5622E-10 7.8095E-10 8.0597E-10 8.3126E-10 8.5709E-10 8.8308E-10 9.0950E-10 9.3635E-10 9.6362E-10 9.9130E-10 1.0194E-09 1.0478E-09
1.4236E-10 1.4721E-10 1.5221E-10 1.5738E-10 1.6272E-10 1.6824E-10 1.7394E-10 1.7981E-10 1.8739E-10 1.9534E-10 2.0681E-10 2.1609E-10 2.2636E-10 2.3622E-10 2.4661E-10 2.5713E-10 2.6826E-10 2.7922E-10 2.9024E-10 3.0148E-10 3.1269E-10 3.2491E-10 3.3736E-10 3.4981E-10 3.6289E-10 3.7683E-10 3.9081E-10 4.0504E-10 4.1993E-10 4.3575E-10 4.5166E-10 4.6781E-10 4.8470E-10 5.0253E-10 5.2044E-10 5.3860E-10 5.5795E-10 5.7759E-10 5.9749E-10 6.1836E-10 6.3951E-10 6.6140E-10 6.8358E-10 7.0652E-10 7.2998E-10 7.5396E-10 7.7847E-10 8.0325E-10 8.2828E-10 8.5386E-10 8.7958E-10 9.0572E-10 9.3228E-10 9.5926E-10 9.8663E-10 1.0144E-09 1.0425E-09
1.4240E-10 1.4725E-10 1.5228E-10 1.5746E-10 1.6282E-10 1.6835E-10 1.7405E-10 1.7993E-10 1.8753E-10 1.9627E-10 2.0699E-10 2.1684E-10 2.2660E-10 2.3648E-10 2.4717E-10 2.5769E-10 2.6866E-10 2.7944E-10 2.9045E-10 3.0165E-10 3.1284E-10 3.2503E-10 3.3744E-10 3.4987E-10 3.6289E-10 3.7679E-10 3.9074E-10 4.0493E-10 4.1999E-10 4.3556E-10 4.5141E-10 4.6753E-10 4.8433E-10 5.0208E-10 5.1988E-10 5.3794E-10 5.5716E-10 5.7665E-10 5.9662E-10 6.1733E-10 6.3808E-10 6.5979E-10 6.8201E-10 7.0474E-10 7.2776E-10 7.5152E-10 7.7580E-10 8.0034E-10 8.2512E-10 8.5044E-10 8.7588E-10 9.0175E-10 9.2802E-10 9.5469E-10 9.8175E-10 1.0092E-09 1.0370E-09
