Assets/Resources/2015_m01_d09_1200(utc+0800)_l00_csi_1hr_conc.grd
DSAA
         159         159
     -79.000      79.000
     -79.000      79.000
  0.5792E-09  0.1164E-04
[rows 0 to 24 of 159, columns 57 to 113 of 159]
1.1045E-09 1.1128E-09 1.1224E-09 1.1324E-09 1.1414E-09 1.1496E-09 1.1584E-09 1.1680E-09 1.1761E-09 1.1861E-09 1.1941E-09 1.2027E-09 1.2105E-09 1.2200E-09 1.2276E-09 1.2359E-09 1.2433E-09 1.2507E-09 1.2580E-09 1.2666E-09 1.2737E-09 1.2806E-09 1.2874E-09 1.2953E-09 1.3018E-09 1.3081E-09 1.3142E-09 1.3202E-09 1.3259E-09 1.3314E-09 1.3367E-09 1.3418E-09 1.3466E-09 1.3512E-09 1.3557E-09 1.3599E-09 1.3638E-09 1.3676E-09 1.3711E-09 1.3744E-09 1.3775E-09 1.3790E-09 1.3815E-09 1.3825E-09 1.3846E-09 1.3866E-09 1.3882E-09 1.3895E-09 1.3906E-09 1.3914E-09 1.3911E-09 1.3914E-09 1.3914E-09 1.3902E-09 1.3892E-09 1.3884E-09 1.3874E-09
1.1246E-09 1.1338E-09 1.1430E-09 1.1522E-09 1.1626E-09 1.1718E-09 1.1802E-09 1.1892E-09 1.1986E-09 1.2075E-09 1.2164E-09 1.2260E-09 1.2340E-09 1.2419E-09 1.2510E-09 1.2587E-09 1.2664E-09 1.2739E-09 1.2813E-09 1.2886E-09 1.2969E-09 1.3040E-09 1.3109E-09 1.3177E-09 1.3243E-09 1.3307E-09 1.3369E-09 1.3429E-09 1.3487E-09 1.3543E-09 1.3597E-09 1.3648E-09 1.3697E-09 1.3744E-09 1.3788E-09 1.3831E-09 1.3871E-09 1.3909E-09 1.3944E-09 1.3977E-09 1.4008E-09 1.4036E-09 1.4061E-09 1.4084E-09 1.4105E-09 1.4123E-09 1.4128E-09 1.4141E-09 1.4150E-09 1.4157E-09 1.4151E-09 1.4141E-09 1.4140E-09 1.4137E-09 1.4131E-09 1.4122E-09 1.4103E-09
1.1461E-09 1.1556E-09 1.1644E-09 1.1738E-09 1.1835E-09 1.1929E-09 1.2036E-09 1.2122E-09 1.2207E-09 1.2305E-09 1.2388E-09 1.2471E-09 1.2553E-09 1.2645E-09 1.2725E-09 1.2804E-09 1.2882E-09 1.2958E-09 1.3049E-09 1.3124E-09 1.3198E-09 1.3270E-09 1.3353E-09 1.3422E-09 1.3489E-09 1.3554E-09 1.3618E-09 1.3679E-09 1.3738E-09 1.3794E-09 1.3849E-09 1.3900E-09 1.3950E-09 1.3997E-09 1.4042E-09 1.4085E-09 1.4126E-09 1.4164E-09 1.4200E-09 1.4233E-09 1.4263E-09 1.4291E-09 1.4316E-09 1.4339E-09 1.4359E-09 1.4376E-09 1.4378E-09 1.4376E-09 1.4385E-09 1.4391E-09 1.4394E-09 1.4395E-09 1.4393E-09 1.4379E-09 1.4372E-09 1.4352E-09 1.4330E-09
1.1665E-09 1.1762E-09 1.1874E-09 1.1963E-09 1.2065E-09 1.2154E-09 1.2242E-09 1.2330E-09 1.2428E-09 1.2514E-09 1.2600E-09 1.2700E-09 1.2784E-09 1.2866E-09 1.2961E-09 1.3042E-09 1.3122E-09 1.3200E-09 1.3277E-09 1.3354E-09 1.3446E-09 1.3520E-09 1.3592E-09 1.3662E-09 1.3730E-09 1.3796E-09 1.3860E-09 1.3938E-09 1.3998E-09 1.4055E-09 1.4110E-09 1.4163E-09 1.4213E-09 1.4261E-09 1.4306E-09 1.4350E-09 1.4391E-09 1.4429E-09 1.4465E-09 1.4498E-09 1.4528E-09 1.4540E-09 1.4565E-09 1.4587E-09 1.4607E-09 1.4623E-09 1.4620E-09 1.4631E-09 1.4639E-09 1.4644E-09 1.4646E-09 1.4646E-09 1.4642E-09 1.4626E-09 1.4605E-09 1.4594E-09 1.4581E-09
1.1878E-09 1.1983E-09 1.2075E-09 1.2167E-09 1.2269E-09 1.2360E-09 1.2450E-09 1.2555E-09 1.2645E-09 1.2746E-09 1.2834E-09 1.2920E-09 1.3006E-09 1.3108E-09 1.3192E-09 1.3274E-09 1.3356E-09 1.3451E-09 1.3530E-09 1.3608E-09 1.3685E-09 1.3773E-09 1.3846E-09 1.3918E-09 1.3987E-09 1.4055E-09 1.4120E-09 1.4183E-09 1.4243E-09 1.4301E-09 1.4357E-09 1.4410E-09 1.4479E-09 1.4528E-09 1.4574E-09 1.4617E-09 1.4641E-09 1.4679E-09 1.4715E-09 1.4748E-09 1.4779E-09 1.4806E-09 1.4831E-09 1.4853E-09 1.4871E-09 1.4886E-09 1.4899E-09 1.4908E-09 1.4915E-09 1.4906E-09 1.4907E-09 1.4892E-09 1.4888E-09 1.4866E-09 1.4857E-09 1.4845E-09 1.4831E-09
1.2079E-09 1.2184E-09 1.2279E-09 1.2388E-09 1.2481E-09 1.2588E-09 1.2680E-09 1.2772E-09 1.2881E-09 1.2972E-09 1.3061E-09 1.3165E-09 1.3253E-09 1.3339E-09 1.3438E-09 1.3522E-09 1.3606E-09 1.3688E-09 1.3769E-09 1.3866E-09 1.3944E-09 1.4040E-09 1.4114E-09 1.4187E-09 1.4258E-09 1.4342E-09 1.4409E-09 1.4472E-09 1.4534E-09 1.4593E-09 1.4649E-09 1.4703E-09 1.4755E-09 1.4804E-09 1.4851E-09 1.4895E-09 1.4937E-09 1.4976E-09 1.5012E-09 1.5045E-09 1.5075E-09 1.5102E-09 1.5126E-09 1.5148E-09 1.5165E-09 1.5178E-09 1.5174E-09 1.5182E-09 1.5170E-09 1.5157E-09 1.5157E-09 1.5154E-09 1.5148E-09 1.5139E-09 1.5128E-09 1.5114E-09 1.5076E-09
1.2297E-09 1.2407E-09 1.2504E-09 1.2600E-09 1.2713E-09 1.2809E-09 1.2904E-09 1.3014E-09 1.3107E-09 1.3213E-09 1.3305E-09 1.3395E-09 1.3485E-09 1.3591E-09 1.3698E-09 1.3784E-09 1.3869E-09 1.3969E-09 1.4052E-09 1.4133E-09 1.4213E-09 1.4291E-09 1.4367E-09 1.4441E-09 1.4533E-09 1.4603E-09 1.4670E-09 1.4753E-09 1.4816E-09 1.4875E-09 1.4933E-09 1.5007E-09 1.5059E-09 1.5109E-09 1.5156E-09 1.5201E-09 1.5243E-09 1.5282E-09 1.5318E-09 1.5351E-09 1.5382E-09 1.5389E-09 1.5413E-09 1.5434E-09 1.5432E-09 1.5445E-09 1.5455E-09 1.5462E-09 1.5466E-09 1.5448E-09 1.5446E-09 1.5442E-09 1.5434E-09 1.5423E-09 1.5397E-09 1.5353E-09 1.5337E-09
1.2524E-09 1.2623E-09 1.2723E-09 1.2837E-09 1.2935E-09 1.3046E-09 1.3143E-09 1.3240E-09 1.3353E-09 1.3467E-09 1.3561E-09 1.3654E-09 1.3762E-09 1.3852E-09 1.3942E-09 1.4030E-09 1.4118E-09 1.4223E-09 1.4308E-09 1.4409E-09 1.4510E-09 1.4590E-09 1.4667E-09 1.4743E-09 1.4832E-09 1.4903E-09 1.4992E-09 1.5059E-09 1.5122E-09 1.5183E-09 1.5241E-09 1.5297E-09 1.5350E-09 1.5401E-09 1.5449E-09 1.5494E-09 1.5556E-09 1.5595E-09 1.5632E-09 1.5665E-09 1.5675E-09 1.5702E-09 1.5726E-09 1.5745E-09 1.5761E-09 1.5773E-09 1.5781E-09 1.5786E-09 1.5787E-09 1.5786E-09 1.5766E-09 1.5740E-09 1.5714E-09 1.5686E-09 1.5672E-09 1.5656E-09 1.5621E-09
1.2740E-09 1.2842E-09 1.2957E-09 1.3058E-09 1.3177E-09 1.3296E-09 1.3396E-09 1.3511E-09 1.3609E-09 1.3706E-09 1.3802E-09 1.3897E-09 1.4011E-09 1.4122E-09 1.4233E-09 1.4324E-09 1.4413E-09 1.4517E-09 1.4604E-09 1.4709E-09 1.4793E-09 1.4874E-09 1.4954E-09 1.5051E-09 1.5125E-09 1.5198E-09 1.5286E-09 1.5375E-09 1.5459E-09 1.5521E-09 1.5581E-09 1.5637E-09 1.5777E-09 1.5829E-09 1.5878E-09 1.5924E-09 1.5967E-09 1.6007E-09 1.6044E-09 1.6098E-09 1.6128E-09 1.6134E-09 1.6157E-09 1.6176E-09 1.6191E-09 1.6201E-09 1.6208E-09 1.6192E-09 1.6174E-09 1.6171E-09 1.6164E-09 1.6068E-09 1.6056E-09 1.6023E-09 1.5987E-09 1.5968E-09 1.5947E-09
1.2959E-09 1.3081E-09 1.3204E-09 1.3308E-09 1.3428E-09 1.3531E-09 1.3633E-09 1.3734E-09 1.3854E-09 1.3972E-09 1.4090E-09 1.4187E-09 1.4300E-09 1.4395E-09 1.4510E-09 1.4603E-09 1.4695E-09 1.4805E-09 1.4912E-09 1.4999E-09 1.5125E-09 1.5209E-09 1.5290E-09 1.5369E-09 1.5531E-09 1.5626E-09 1.5698E-09 1.5768E-09 1.5834E-09 1.5898E-09 1.5959E-09 1.6037E-09 1.6093E-09 1.6145E-09 1.6195E-09 1.6242E-09 1.6285E-09 1.6347E-09 1.6384E-09 1.6417E-09 1.6447E-09 1.6474E-09 1.6496E-09 1.6514E-09 1.6528E-09 1.6538E-09 1.6544E-09 1.6504E-09 1.6503E-09 1.6498E-09 1.6488E-09 1.6474E-09 1.6458E-09 1.6439E-09 1.6417E-09 1.6358E-09 1.6318E-09
1.3221E-09 1.3329E-09 1.3436E-09 1.3542E-09 1.3668E-09 1.3792E-09 1.3916E-09 1.4020E-09 1.4140E-09 1.4242E-09 1.4363E-09 1.4463E-09 1.4582E-09 1.4699E-09 1.4795E-09 1.4931E-09 1.5026E-09 1.5118E-09 1.5295E-09 1.5406E-09 1.5494E-09 1.5580E-09 1.5664E-09 1.5765E-09 1.5844E-09 1.5939E-09 1.6034E-09 1.6125E-09 1.6193E-09 1.6258E-09 1.6320E-09 1.6467E-09 1.6524E-09 1.6599E-09 1.6650E-09 1.6698E-09 1.6742E-09 1.6783E-09 1.6821E-09 1.6854E-09 1.6885E-09 1.6911E-09 1.6933E-09 1.6951E-09 1.6964E-09 1.6973E-09 1.6978E-09 1.6979E-09 1.6975E-09 1.6945E-09 1.6932E-09 1.6897E-09 1.6859E-09 1.6836E-09 1.6811E-09 1.6702E-09 1.6656E-09
1.3436E-09 1.3584E-09 1.3713E-09 1.3823E-09 1.3948E-09 1.4057E-09 1.4185E-09 1.4292E-09 1.4418E-09 1.4541E-09 1.4665E-09 1.4788E-09 1.4890E-09 1.4991E-09 1.5196E-09 1.5296E-09 1.5393E-09 1.5510E-09 1.5623E-09 1.5715E-09 1.5847E-09 1.5935E-09 1.6021E-09 1.6104E-09 1.6273E-09 1.6373E-09 1.6448E-09 1.6521E-09 1.6591E-09 1.6658E-09 1.6743E-09 1.6804E-09 1.6862E-09 1.6916E-09 1.6990E-09 1.7038E-09 1.7083E-09 1.7124E-09 1.7162E-09 1.7196E-09 1.7226E-09 1.7252E-09 1.7274E-09 1.7291E-09 1.7303E-09 1.7312E-09 1.7316E-09 1.7315E-09 1.7310E-09 1.7300E-09 1.7285E-09 1.7266E-09 1.7202E-09 1.7177E-09 1.7149E-09 1.7119E-09 1.7086E-09
1.3714E-09 1.3843E-09 1.3956E-09 1.4089E-09 1.4201E-09 1.4351E-09 1.4481E-09 1.4591E-09 1.4721E-09 1.4829E-09 1.5042E-09 1.5149E-09 1.5254E-09 1.5379E-09 1.5501E-09 1.5623E-09 1.5745E-09 1.5844E-09 1.5941E-09 1.6144E-09 1.6238E-09 1.6329E-09 1.6438E-09 1.6524E-09 1.6607E-09 1.6687E-09 1.6807E-09 1.6881E-09 1.6953E-09 1.7021E-09 1.7176E-09 1.7239E-09 1.7320E-09 1.7377E-09 1.7430E-09 1.7479E-09 1.7525E-09 1.7567E-09 1.7605E-09 1.7640E-09 1.7670E-09 1.7696E-09 1.7717E-09 1.7733E-09 1.7746E-09 1.7753E-09 1.7756E-09 1.7754E-09 1.7748E-09 1.7736E-09 1.7719E-09 1.7697E-09 1.7672E-09 1.7643E-09 1.7590E-09 1.7537E-09 1.7500E-09
1.3976E-09 1.4092E-09 1.4247E-09 1.4383E-09 1.4498E-09 1.4634E-09 1.4748E-09 1.4967E-09 1.5080E-09 1.5212E-09 1.5342E-09 1.5473E-09 1.5603E-09 1.5710E-09 1.5816E-09 1.6030E-09 1.6134E-09 1.6257E-09 1.6357E-09 1.6455E-09 1.6571E-09 1.6686E-09 1.6777E-09 1.6865E-09 1.7061E-09 1.7144E-09 1.7224E-09 1.7301E-09 1.7374E-09 1.7466E-09 1.7534E-09 1.7598E-09 1.7659E-09 1.7738E-09 1.7792E-09 1.7842E-09 1.7889E-09 1.7931E-09 1.7970E-09 1.8097E-09 1.8127E-09 1.8152E-09 1.8173E-09 1.8190E-09 1.8201E-09 1.8208E-09 1.8210E-09 1.8207E-09 1.8199E-09 1.8185E-09 1.8167E-09 1.8143E-09 1.8116E-09 1.7992E-09 1.7958E-09 1.7920E-09 1.7861E-09
1.4266E-09 1.4386E-09 1.4526E-09 1.4646E-09 1.4870E-09 1.4990E-09 1.5147E-09 1.5285E-09 1.5402E-09 1.5538E-09 1.5653E-09 1.5874E-09 1.5987E-09 1.6120E-09 1.6230E-09 1.6359E-09 1.6487E-09 1.6592E-09 1.6695E-09 1.6907E-09 1.7006E-09 1.7102E-09 1.7217E-09 1.7308E-09 1.7396E-09 1.7481E-09 1.7584E-09 1.7663E-09 1.7738E-09 1.7810E-09 1.7971E-09 1.8059E-09 1.8122E-09 1.8181E-09 1.8236E-09 1.8287E-09 1.8335E-09 1.8379E-09 1.8418E-09 1.8453E-09 1.8483E-09 1.8509E-09 1.8529E-09 1.8545E-09 1.8556E-09 1.8562E-09 1.8563E-09 1.8559E-09 1.8549E-09 1.8534E-09 1.8514E-09 1.8489E-09 1.8460E-09 1.8427E-09 1.8389E-09 1.8348E-09 1.8304E-09
1.4525E-09 1.4669E-09 1.4878E-09 1.5042E-09 1.5186E-09 1.5309E-09 1.5452E-09 1.5573E-09 1.5801E-09 1.5921E-09 1.6061E-09 1.6199E-09 1.6315E-09 1.6452E-09 1.6565E-09 1.6787E-09 1.6898E-09 1.7007E-09 1.7134E-09 1.7239E-09 1.7340E-09 1.7461E-09 1.7557E-09 1.7650E-09 1.7853E-09 1.7940E-09 1.8025E-09 1.8106E-09 1.8183E-09 1.8258E-09 1.8329E-09 1.8396E-09 1.8483E-09 1.8543E-09 1.8599E-09 1.8651E-09 1.8699E-09 1.8837E-09 1.8877E-09 1.8913E-09 1.8943E-09 1.8969E-09 1.8989E-09 1.9005E-09 1.9015E-09 1.9021E-09 1.9021E-09 1.9016E-09 1.9004E-09 1.8988E-09 1.8966E-09 1.8940E-09 1.8909E-09 1.8874E-09 1.8834E-09 1.8791E-09 1.8743E-09
1.4916E-09 1.5065E-09 1.5194E-09 1.5343E-09 1.5470E-09 1.5705E-09 1.5852E-09 1.5978E-09 1.6124E-09 1.6269E-09 1.6391E-09 1.6512E-09 1.6742E-09 1.6861E-09 1.7000E-09 1.7116E-09 1.7230E-09 1.7363E-09 1.7472E-09 1.7579E-09 1.7797E-09 1.7899E-09 1.7998E-09 1.8094E-09 1.8187E-09 1.8276E-09 1.8385E-09 1.8468E-09 1.8547E-09 1.8716E-09 1.8789E-09 1.8859E-09 1.8925E-09 1.8986E-09 1.9044E-09 1.9098E-09 1.9147E-09 1.9192E-09 1.9233E-09 1.9268E-09 1.9298E-09 1.9323E-09 1.9344E-09 1.9359E-09 1.9368E-09 1.9373E-09 1.9373E-09 1.9366E-09 1.9353E-09 1.9335E-09 1.9312E-09 1.9285E-09 1.9253E-09 1.9216E-09 1.9174E-09 1.9129E-09 1.9079E-09
1.5212E-09 1.5345E-09 1.5499E-09 1.5719E-09 1.5872E-09 1.6024E-09 1.6154E-09 1.6305E-09 1.6455E-09 1.6672E-09 1.6820E-09 1.6946E-09 1.7070E-09 1.7214E-09 1.7335E-09 1.7453E-09 1.7684E-09 1.7799E-09 1.7912E-09 1.8023E-09 1.8130E-09 1.8257E-09 1.8358E-09 1.8456E-09 1.8644E-09 1.8737E-09 1.8826E-09 1.8911E-09 1.8993E-09 1.9071E-09 1.9146E-09 1.9217E-09 1.9284E-09 1.9346E-09 1.9405E-09 1.9459E-09 1.9509E-09 1.9555E-09 1.9595E-09 1.9630E-09 1.9661E-09 1.9685E-09 1.9705E-09 1.9720E-09 1.9729E-09 1.9733E-09 1.9731E-09 1.9723E-09 1.9709E-09 1.9690E-09 1.9666E-09 1.9637E-09 1.9604E-09 1.9565E-09 1.9522E-09 1.9475E-09 1.9424E-09
1.5582E-09 1.5742E-09 1.5900E-09 1.6037E-09 1.6195E-09 1.6330E-09 1.6575E-09 1.6731E-09 1.6864E-09 1.6996E-09 1.7149E-09 1.7278E-09 1.7427E-09 1.7645E-09 1.7770E-09 1.7893E-09 1.8014E-09 1.8155E-09 1.8270E-09 1.8383E-09 1.8587E-09 1.8695E-09 1.8799E-09 1.8901E-09 1.8998E-09 1.9092E-09 1.9183E-09 1.9270E-09 1.9354E-09 1.9434E-09 1.9510E-09 1.9582E-09 1.9650E-09 1.9713E-09 1.9773E-09 1.9828E-09 1.9879E-09 1.9925E-09 1.9965E-09 2.0000E-09 2.0030E-09 2.0055E-09 2.0075E-09 2.0089E-09 2.0098E-09 2.0100E-09 2.0097E-09 2.0088E-09 2.0073E-09 2.0053E-09 2.0027E-09 1.9997E-09 1.9962E-09 1.9922E-09 1.9877E-09 1.9828E-09 1.9775E-09
1.5896E-09 1.6060E-09 1.6202E-09 1.6453E-09 1.6616E-09 1.6757E-09 1.6896E-09 1.7057E-09 1.7194E-09 1.7351E-09 1.7577E-09 1.7711E-09 1.7843E-09 1.7973E-09 1.8124E-09 1.8251E-09 1.8374E-09 1.8589E-09 1.8709E-09 1.8826E-09 1.8939E-09 1.9049E-09 1.9156E-09 1.9259E-09 1.9359E-09 1.9455E-09 1.9548E-09 1.9637E-09 1.9722E-09 1.9803E-09 1.9881E-09 1.9954E-09 2.0023E-09 2.0088E-09 2.0149E-09 2.0204E-09 2.0256E-09 2.0302E-09 2.0342E-09 2.0378E-09 2.0408E-09 2.0433E-09 2.0451E-09 2.0465E-09 2.0473E-09 2.0476E-09 2.0471E-09 2.0461E-09 2.0444E-09 2.0423E-09 2.0396E-09 2.0365E-09 2.0328E-09 2.0286E-09 2.0240E-09 2.0189E-09 2.0135E-09
1.6197E-09 1.6454E-09 1.6623E-09 1.6770E-09 1.6915E-09 1.7082E-09 1.7225E-09 1.7481E-09 1.7623E-09 1.7764E-09 1.7903E-09 1.8063E-09 1.8198E-09 1.8425E-09 1.8558E-09 1.8688E-09 1.8816E-09 1.8942E-09 1.9064E-09 1.9183E-09 1.9299E-09 1.9411E-09 1.9520E-09 1.9626E-09 1.9727E-09 1.9826E-09 1.9920E-09 2.0011E-09 2.0098E-09 2.0181E-09 2.0260E-09 2.0334E-09 2.0405E-09 2.0471E-09 2.0532E-09 2.0589E-09 2.0641E-09 2.0687E-09 2.0728E-09 2.0763E-09 2.0793E-09 2.0818E-09 2.0836E-09 2.0850E-09 2.0857E-09 2.0858E-09 2.0852E-09 2.0841E-09 2.0824E-09 2.0801E-09 2.0773E-09 2.0740E-09 2.0702E-09 2.0659E-09 2.0611E-09 2.0559E-09 2.0503E-09
1.6617E-09 1.6770E-09 1.6943E-09 1.7094E-09 1.7356E-09 1.7506E-09 1.7655E-09 1.7803E-09 1.7971E-09 1.8116E-09 1.8258E-09 1.8493E-09 1.8634E-09 1.8772E-09 1.8908E-09 1.9042E-09 1.9173E-09 1.9301E-09 1.9425E-09 1.9547E-09 1.9665E-09 1.9780E-09 1.9892E-09 1.9999E-09 2.0103E-09 2.0203E-09 2.0300E-09 2.0392E-09 2.0481E-09 2.0566E-09 2.0646E-09 2.0722E-09 2.0794E-09 2.0861E-09 2.0923E-09 2.0981E-09 2.1033E-09 2.1080E-09 2.1121E-09 2.1157E-09 2.1187E-09 2.1211E-09 2.1230E-09 2.1242E-09 2.1249E-09 2.1249E-09 2.1242E-09 2.1230E-09 2.1212E-09 2.1188E-09 2.1159E-09 2.1124E-09 2.1085E-09 2.1040E-09 2.0990E-09 2.0937E-09 2.0880E-09
1.6936E-09 1.7092E-09 1.7361E-09 1.7518E-09 1.7674E-09 1.7827E-09 1.8003E-09 1.8154E-09 1.8397E-09 1.8547E-09 1.8695E-09 1.8841E-09 1.8985E-09 1.9127E-09 1.9266E-09 1.9402E-09 1.9536E-09 1.9666E-09 1.9794E-09 1.9918E-09 2.0039E-09 2.0157E-09 2.0270E-09 2.0380E-09 2.0486E-09 2.0588E-09 2.0687E-09 2.0781E-09 2.0872E-09 2.0958E-09 2.1040E-09 2.1118E-09 2.1191E-09 2.1259E-09 2.1322E-09 2.1381E-09 2.1434E-09 2.1481E-09 2.1522E-09 2.1558E-09 2.1588E-09 2.1612E-09 2.1631E-09 2.1643E-09 2.1649E-09 2.1648E-09 2.1640E-09 2.1627E-09 2.1608E-09 2.1583E-09 2.1553E-09 2.1517E-09 2.1476E-09 2.1429E-09 2.1378E-09 2.1324E-09 2.1265E-09
1.7352E-09 1.7516E-09 1.7677E-09 1.7860E-09 1.8020E-09 1.8271E-09 1.8429E-09 1.8586E-09 1.8741E-09 1.8895E-09 1.9046E-09 1.9196E-09 1.9343E-09 1.9488E-09 1.9630E-09 1.9769E-09 1.9906E-09 2.0039E-09 2.0170E-09 2.0297E-09 2.0420E-09 2.0540E-09 2.0656E-09 2.0768E-09 2.0877E-09 2.0981E-09 2.1082E-09 2.1178E-09 2.1271E-09 2.1359E-09 2.1443E-09 2.1522E-09 2.1596E-09 2.1665E-09 2.1730E-09 2.1789E-09 2.1842E-09 2.1890E-09 2.1932E-09 2.1968E-09 2.1998E-09 2.2022E-09 2.2040E-09 2.2052E-09 2.2057E-09 2.2055E-09 2.2047E-09 2.2033E-09 2.2013E-09 2.1987E-09 2.1955E-09 2.1918E-09 2.1875E-09 2.1827E-09 2.1775E-09 2.1719E-09 2.1659E-09
1.7666E-09 1.7856E-09 1.8022E-09 1.8280E-09 1.8446E-09 1.8610E-09 1.8772E-09 1.8933E-09 1.9092E-09 1.9249E-09 1.9404E-09 1.9557E-09 1.9707E-09 1.9855E-09 2.0001E-09 2.0143E-09 2.0283E-09 2.0419E-09 2.0553E-09 2.0682E-09 2.0808E-09 2.0931E-09 2.1049E-09 2.1164E-09 2.1275E-09 2.1382E-09 2.1484E-09 2.1583E-09 2.1678E-09 2.1767E-09 2.1853E-09 2.1933E-09 2.2009E-09 2.2080E-09 2.2145E-09 2.2205E-09 2.2259E-09 2.2307E-09 2.2350E-09 2.2386E-09 2.2416E-09 2.2441E-09 2.2458E-09 2.2470E-09 2.2474E-09 2.2471E-09 2.2462E-09 2.2447E-09 2.2426E-09 2.2400E-09 2.2366E-09 2.2328E-09 2.2284E-09 2.2235E-09 2.2181E-09 2.2124E-09 2.2062E-09
