Assets/Resources/2015_m01_d08_0700(utc+0800)_l00_csi_1hr_conc.grd
DSAA
         159         159
     -79.000      79.000
     -79.000      79.000
  0.0000E+00  0.1814E-04
[rows 50 to 74 of 159, columns 57 to 113 of 159]
6.1518E-09 6.3722E-09 6.5912E-09 6.8096E-09 7.0250E-09 7.2503E-09 7.4722E-09 7.7177E-09 7.9355E-09 8.2165E-09 8.4568E-09 9.3917E-09 1.0485E-08 1.1380E-08 1.2735E-08 1.4096E-08 1.5661E-08 1.8330E-08 2.0452E-08 2.2756E-08 2.6791E-08 2.9566E-08 3.2386E-08 3.5275E-08 3.8007E-08 4.0619E-08 4.3339E-08 4.5956E-08 4.8345E-08 5.0611E-08 5.2760E-08 5.4816E-08 5.6732E-08 5.8446E-08 5.9970E-08 6.1299E-08 6.2434E-08 6.3352E-08 6.4070E-08 6.4594E-08 6.4907E-08 6.3591E-08 6.3665E-08 6.3519E-08 6.3147E-08 6.2540E-08 6.1735E-08 5.9577E-08 5.8570E-08 5.7351E-08 5.5041E-08 5.3505E-08 5.0850E-08 4.9173E-08 4.6711E-08 4.5169E-08 4.3406E-08
6.1172E-09 6.3386E-09 6.5614E-09 6.7828E-09 7.0089E-09 7.2362E-09 7.4785E-09 7.7335E-09 8.0188E-09 8.2599E-09 8.5730E-09 9.8683E-09 1.0713E-08 1.1719E-08 1.2906E-08 1.4775E-08 1.7259E-08 1.9520E-08 2.2058E-08 2.6236E-08 2.9501E-08 3.2924E-08 3.6363E-08 3.9662E-08 4.2870E-08 4.6234E-08 4.9371E-08 5.2271E-08 5.5049E-08 5.7714E-08 6.0250E-08 6.2642E-08 6.4897E-08 6.6955E-08 6.8791E-08 7.0394E-08 7.1750E-08 7.2861E-08 7.3728E-08 7.4348E-08 7.4721E-08 7.4840E-08 7.4705E-08 7.2985E-08 7.2518E-08 7.1789E-08 7.0809E-08 6.9617E-08 6.7046E-08 6.5556E-08 6.3843E-08 6.1053E-08 5.7960E-08 5.5945E-08 5.3929E-08 5.1120E-08 4.9008E-08
6.0714E-09 6.2984E-09 6.5231E-09 6.7480E-09 6.9831E-09 7.2173E-09 7.4845E-09 7.7393E-09 8.0423E-09 8.3562E-09 8.6846E-09 1.0016E-08 1.0951E-08 1.2084E-08 1.3402E-08 1.5994E-08 1.8229E-08 2.1922E-08 2.5153E-08 2.8709E-08 3.2614E-08 3.6614E-08 4.0691E-08 4.4605E-08 4.8688E-08 5.2452E-08 5.6006E-08 5.9389E-08 6.2597E-08 6.5662E-08 6.8645E-08 7.1447E-08 7.4070E-08 7.6531E-08 7.8741E-08 8.0665E-08 8.2299E-08 8.3638E-08 8.4679E-08 8.5419E-08 8.5858E-08 8.5975E-08 8.5799E-08 8.5315E-08 8.3140E-08 8.2254E-08 8.1066E-08 7.9618E-08 7.7902E-08 7.4778E-08 7.2727E-08 7.0419E-08 6.7057E-08 6.3508E-08 6.1140E-08 5.8646E-08 5.5234E-08
6.0178E-09 6.2510E-09 6.4767E-09 6.7044E-09 6.9454E-09 7.2075E-09 7.4685E-09 7.7865E-09 8.0592E-09 8.4431E-09 8.8163E-09 1.0160E-08 1.1179E-08 1.2435E-08 1.3956E-08 1.6753E-08 2.0168E-08 2.3483E-08 2.7299E-08 3.1526E-08 3.6056E-08 4.0795E-08 4.5552E-08 5.0374E-08 5.5018E-08 5.9360E-08 6.3458E-08 6.7363E-08 7.1107E-08 7.4668E-08 7.8052E-08 8.1355E-08 8.4433E-08 8.7258E-08 8.9889E-08 9.2192E-08 9.4148E-08 9.5749E-08 9.6993E-08 9.7877E-08 9.8378E-08 9.8512E-08 9.8272E-08 9.7676E-08 9.6724E-08 9.3997E-08 9.2575E-08 9.0818E-08 8.8740E-08 8.6354E-08 8.2594E-08 7.9858E-08 7.5950E-08 7.2995E-08 6.9083E-08 6.6167E-08 6.2081E-08
5.9588E-09 6.1948E-09 6.4226E-09 6.6538E-09 6.8969E-09 7.1792E-09 7.4669E-09 7.7730E-09 8.1591E-09 8.4890E-09 8.9410E-09 1.0045E-08 1.1429E-08 1.2843E-08 1.4525E-08 1.8164E-08 2.1375E-08 2.5220E-08 2.9791E-08 3.4726E-08 4.0027E-08 4.5544E-08 5.1260E-08 5.6781E-08 6.2121E-08 6.7129E-08 7.1855E-08 7.6358E-08 8.0661E-08 8.4814E-08 8.8730E-08 9.2408E-08 9.5989E-08 9.9308E-08 1.0228E-07 1.0501E-07 1.0733E-07 1.0924E-07 1.1072E-07 1.1176E-07 1.1234E-07 1.1248E-07 1.1217E-07 1.1145E-07 1.1030E-07 1.0873E-07 1.0537E-07 1.0326E-07 1.0076E-07 9.7912E-08 9.4740E-08 9.0233E-08 8.6745E-08 8.2314E-08 7.7822E-08 7.4288E-08 7.0476E-08
5.8995E-09 6.1286E-09 6.3596E-09 6.5964E-09 6.8551E-09 7.1320E-09 7.4700E-09 7.7694E-09 8.1691E-09 8.6184E-09 9.0322E-09 9.5924E-09 1.1677E-08 1.3220E-08 1.5124E-08 1.9007E-08 2.2720E-08 2.7229E-08 3.2364E-08 3.8233E-08 4.4474E-08 5.1048E-08 5.7535E-08 6.3935E-08 7.0014E-08 7.5827E-08 8.1341E-08 8.6546E-08 9.1464E-08 9.6126E-08 1.0065E-07 1.0489E-07 1.0881E-07 1.1261E-07 1.1610E-07 1.1915E-07 1.2186E-07 1.2411E-07 1.2586E-07 1.2706E-07 1.2774E-07 1.2788E-07 1.2752E-07 1.2665E-07 1.2528E-07 1.2342E-07 1.2109E-07 1.1694E-07 1.1398E-07 1.1059E-07 1.0683E-07 1.0157E-07 9.7508E-08 9.3424E-08 8.8416E-08 8.3109E-08 7.8659E-08
5.8350E-09 6.0571E-09 6.2907E-09 6.5299E-09 6.8128E-09 7.0978E-09 7.4279E-09 7.8302E-09 8.1861E-09 8.6625E-09 9.2143E-09 9.7758E-09 1.1907E-08 1.3594E-08 1.5817E-08 1.9932E-08 2.4196E-08 2.9314E-08 3.5327E-08 4.2091E-08 4.9355E-08 5.6957E-08 6.4498E-08 7.1835E-08 7.8895E-08 8.5634E-08 9.1997E-08 9.7963E-08 1.0360E-07 1.0888E-07 1.1384E-07 1.1867E-07 1.2317E-07 1.2728E-07 1.3118E-07 1.3474E-07 1.3777E-07 1.4034E-07 1.4237E-07 1.4377E-07 1.4455E-07 1.4472E-07 1.4428E-07 1.4324E-07 1.4163E-07 1.3944E-07 1.3670E-07 1.3344E-07 1.2837E-07 1.2436E-07 1.1994E-07 1.1515E-07 1.0914E-07 1.0443E-07 9.8675E-08 9.2590E-08 8.7432E-08
5.7654E-09 5.9804E-09 6.2114E-09 6.4577E-09 6.7437E-09 7.0795E-09 7.3952E-09 7.8058E-09 8.2736E-09 8.7147E-09 9.3076E-09 1.0006E-08 1.2132E-08 1.4064E-08 1.6427E-08 2.0479E-08 2.5624E-08 3.1400E-08 3.8390E-08 4.6277E-08 5.4751E-08 6.3439E-08 7.2167E-08 8.0656E-08 8.8851E-08 9.6638E-08 1.0395E-07 1.1077E-07 1.1709E-07 1.2306E-07 1.2864E-07 1.3382E-07 1.3885E-07 1.4353E-07 1.4773E-07 1.5159E-07 1.5509E-07 1.5794E-07 1.6018E-07 1.6180E-07 1.6270E-07 1.6290E-07 1.6238E-07 1.6117E-07 1.5928E-07 1.5673E-07 1.5355E-07 1.4975E-07 1.4535E-07 1.3920E-07 1.3399E-07 1.2844E-07 1.2159E-07 1.1619E-07 1.1060E-07 1.0379E-07 9.6764E-08
5.6909E-09 5.9039E-09 6.1319E-09 6.3912E-09 6.6687E-09 7.0151E-09 7.4104E-09 7.7798E-09 8.2745E-09 8.8473E-09 9.4377E-09 1.0190E-08 1.2354E-08 1.4418E-08 1.7042E-08 2.0434E-08 2.7049E-08 3.3741E-08 4.1658E-08 5.0666E-08 6.0459E-08 7.0515E-08 8.0574E-08 9.0443E-08 9.9932E-08 1.0890E-07 1.1727E-07 1.2501E-07 1.3215E-07 1.3871E-07 1.4489E-07 1.5066E-07 1.5596E-07 1.6106E-07 1.6581E-07 1.6995E-07 1.7360E-07 1.7684E-07 1.7930E-07 1.8104E-07 1.8207E-07 1.8229E-07 1.8170E-07 1.8030E-07 1.7811E-07 1.7518E-07 1.7153E-07 1.6714E-07 1.6207E-07 1.5496E-07 1.4891E-07 1.4253E-07 1.3609E-07 1.2862E-07 1.2216E-07 1.1443E-07 1.0655E-07
5.6116E-09 5.8224E-09 6.0439E-09 6.3203E-09 6.6128E-09 6.9428E-09 7.3594E-09 7.8094E-09 8.2671E-09 8.8842E-09 9.6069E-09 1.0405E-08 1.1921E-08 1.4766E-08 1.7751E-08 2.1389E-08 2.8555E-08 3.5930E-08 4.4972E-08 5.5204E-08 6.6424E-08 7.8078E-08 8.9750E-08 1.0120E-07 1.1216E-07 1.2246E-07 1.3199E-07 1.4073E-07 1.4873E-07 1.5602E-07 1.6268E-07 1.6892E-07 1.7475E-07 1.8006E-07 1.8505E-07 1.8969E-07 1.9359E-07 1.9679E-07 1.9955E-07 2.0144E-07 2.0247E-07 2.0272E-07 2.0206E-07 2.0046E-07 1.9797E-07 1.9463E-07 1.9044E-07 1.8546E-07 1.7965E-07 1.7304E-07 1.6459E-07 1.5729E-07 1.5001E-07 1.4155E-07 1.3418E-07 1.2645E-07 1.1670E-07
5.5278E-09 5.7361E-09 5.9516E-09 6.2381E-09 6.5545E-09 6.9041E-09 7.2938E-09 7.7832E-09 8.3183E-09 8.9285E-09 9.7086E-09 1.0626E-08 1.1793E-08 1.5160E-08 1.8264E-08 2.2402E-08 2.9811E-08 3.8034E-08 4.8149E-08 5.9827E-08 7.2681E-08 8.6089E-08 9.9636E-08 1.1290E-07 1.2554E-07 1.3732E-07 1.4812E-07 1.5794E-07 1.6682E-07 1.7484E-07 1.8211E-07 1.8870E-07 1.9482E-07 2.0058E-07 2.0574E-07 2.1041E-07 2.1468E-07 2.1809E-07 2.2070E-07 2.2275E-07 2.2384E-07 2.2396E-07 2.2321E-07 2.2143E-07 2.1862E-07 2.1483E-07 2.1010E-07 2.0449E-07 1.9789E-07 1.9041E-07 1.8083E-07 1.7258E-07 1.6438E-07 1.5484E-07 1.4653E-07 1.3786E-07 1.2824E-07
5.4402E-09 5.6455E-09 5.8634E-09 6.1473E-09 6.4769E-09 6.8570E-09 7.2518E-09 7.7327E-09 8.3293E-09 9.0153E-09 9.8287E-09 1.0891E-08 1.2094E-08 1.5459E-08 1.8799E-08 2.3214E-08 3.0383E-08 3.9928E-08 5.1134E-08 6.4282E-08 7.8962E-08 9.4428E-08 1.1012E-07 1.2546E-07 1.4000E-07 1.5344E-07 1.6564E-07 1.7659E-07 1.8638E-07 1.9512E-07 2.0295E-07 2.0999E-07 2.1634E-07 2.2216E-07 2.2767E-07 2.3243E-07 2.3650E-07 2.4018E-07 2.4294E-07 2.4471E-07 2.4580E-07 2.4590E-07 2.4490E-07 2.4291E-07 2.3977E-07 2.3552E-07 2.3026E-07 2.2394E-07 2.1658E-07 2.0815E-07 1.9742E-07 1.8819E-07 1.7898E-07 1.6973E-07 1.5903E-07 1.4939E-07 1.3889E-07
5.3491E-09 5.5510E-09 5.7780E-09 6.0603E-09 6.3913E-09 6.7852E-09 7.2161E-09 7.6927E-09 8.3014E-09 9.0530E-09 9.9430E-09 1.1098E-08 1.2501E-08 1.5294E-08 1.9252E-08 2.3955E-08 3.0798E-08 4.1497E-08 5.3783E-08 6.8468E-08 8.5071E-08 1.0288E-07 1.2100E-07 1.3871E-07 1.5542E-07 1.7072E-07 1.8445E-07 1.9661E-07 2.0731E-07 2.1672E-07 2.2504E-07 2.3245E-07 2.3908E-07 2.4501E-07 2.5031E-07 2.5524E-07 2.5937E-07 2.6275E-07 2.6559E-07 2.6740E-07 2.6812E-07 2.6806E-07 2.6695E-07 2.6461E-07 2.6110E-07 2.5639E-07 2.5053E-07 2.4354E-07 2.3538E-07 2.2600E-07 2.1575E-07 2.0386E-07 1.9368E-07 1.8334E-07 1.7148E-07 1.6093E-07 1.4954E-07
5.2545E-09 5.4531E-09 5.6826E-09 5.9675E-09 6.3104E-09 6.7007E-09 7.1550E-09 7.6656E-09 8.2874E-09 9.0738E-09 1.0062E-08 1.1251E-08 1.2807E-08 1.5254E-08 1.9512E-08 2.4487E-08 3.0961E-08 4.2652E-08 5.5924E-08 7.2146E-08 9.0792E-08 1.1113E-07 1.3198E-07 1.5239E-07 1.7155E-07 1.8896E-07 2.0437E-07 2.1780E-07 2.2941E-07 2.3944E-07 2.4817E-07 2.5583E-07 2.6261E-07 2.6863E-07 2.7387E-07 2.7838E-07 2.8259E-07 2.8594E-07 2.8835E-07 2.9008E-07 2.9073E-07 2.9024E-07 2.8885E-07 2.8626E-07 2.8228E-07 2.7704E-07 2.7059E-07 2.6293E-07 2.5396E-07 2.4366E-07 2.3235E-07 2.1940E-07 2.0818E-07 1.9664E-07 1.8374E-07 1.7231E-07 1.6100E-07
5.1565E-09 5.3519E-09 5.5821E-09 5.8688E-09 6.2254E-09 6.6135E-09 7.0740E-09 7.6181E-09 8.2792E-09 9.1012E-09 1.0186E-08 1.1445E-08 1.3045E-08 1.5103E-08 1.9719E-08 2.4798E-08 3.1592E-08 4.2642E-08 5.7302E-08 7.4974E-08 9.5712E-08 1.1876E-07 1.4263E-07 1.6608E-07 1.8803E-07 2.0781E-07 2.2508E-07 2.3986E-07 2.5239E-07 2.6298E-07 2.7200E-07 2.7978E-07 2.8657E-07 2.9250E-07 2.9758E-07 3.0200E-07 3.0572E-07 3.0895E-07 3.1125E-07 3.1245E-07 3.1283E-07 3.1221E-07 3.1037E-07 3.0732E-07 3.0295E-07 2.9715E-07 2.9006E-07 2.8170E-07 2.7194E-07 2.6071E-07 2.4845E-07 2.3448E-07 2.2212E-07 2.0955E-07 1.9565E-07 1.8327E-07 1.7161E-07
5.0552E-09 5.2473E-09 5.4770E-09 5.7640E-09 6.1317E-09 6.5240E-09 6.9874E-09 7.5483E-09 8.2498E-09 9.1061E-09 1.0244E-08 1.1638E-08 1.3345E-08 1.5455E-08 1.9436E-08 2.4920E-08 3.1887E-08 4.2184E-08 5.7847E-08 7.6666E-08 9.9392E-08 1.2520E-07 1.5233E-07 1.7917E-07 2.0429E-07 2.2674E-07 2.4610E-07 2.6236E-07 2.7581E-07 2.8690E-07 2.9610E-07 3.3861E-07 4.2950E-07 3.3596E-07 3.2095E-07 3.2514E-07 3.2865E-07 3.3138E-07 3.3339E-07 3.3437E-07 3.3420E-07 3.3320E-07 3.3110E-07 3.2756E-07 3.2259E-07 3.1629E-07 3.0855E-07 2.9945E-07 2.8890E-07 2.7683E-07 2.6374E-07 2.5019E-07 2.3537E-07 2.2186E-07 2.0688E-07 1.9406E-07 1.8182E-07
4.9507E-09 5.1393E-09 5.3718E-09 5.6535E-09 6.0262E-09 6.4247E-09 6.8894E-09 7.4596E-09 8.1907E-09 9.1104E-09 1.0262E-08 1.1719E-08 1.3586E-08 1.5778E-08 1.9150E-08 2.5017E-08 3.1840E-08 4.2134E-08 5.7738E-08 7.7005E-08 1.0137E-07 1.2980E-07 1.6031E-07 1.9083E-07 2.1948E-07 2.4497E-07 2.6668E-07 2.8458E-07 2.9902E-07 3.1057E-07 3.9724E-07 1.6837E-06 1.7749E-06 4.6658E-07 3.4338E-07 3.4724E-07 3.5045E-07 3.5289E-07 3.5440E-07 3.5494E-07 3.5456E-07 3.5295E-07 3.5034E-07 3.4644E-07 3.4096E-07 3.3394E-07 3.2560E-07 3.1584E-07 3.0447E-07 2.9168E-07 2.7772E-07 2.6340E-07 2.4770E-07 2.3314E-07 2.1888E-07 2.0426E-07 1.9108E-07
4.8433E-09 5.0284E-09 5.2514E-09 5.5367E-09 5.9103E-09 6.3147E-09 6.7797E-09 7.3611E-09 8.1134E-09 9.0896E-09 1.0285E-08 1.1770E-08 1.3704E-08 1.6017E-08 1.9306E-08 2.5115E-08 3.1765E-08 4.0981E-08 5.6967E-08 7.6302E-08 1.0125E-07 1.3187E-07 1.6561E-07 1.9996E-07 2.3249E-07 2.6141E-07 2.8581E-07 3.0557E-07 3.2112E-07 4.0532E-07 3.0827E-06 5.9076E-06 1.6795E-06 4.0069E-07 3.6421E-07 3.6764E-07 3.7046E-07 3.7258E-07 3.7372E-07 3.7386E-07 3.7296E-07 3.7101E-07 3.6782E-07 3.6333E-07 3.5739E-07 3.4983E-07 3.4080E-07 3.3039E-07 3.1839E-07 3.0480E-07 2.9020E-07 2.7529E-07 2.5865E-07 2.4342E-07 2.2882E-07 2.1343E-07 1.9919E-07
4.7333E-09 4.9147E-09 5.1270E-09 5.4140E-09 5.7868E-09 6.1939E-09 6.6577E-09 7.2444E-09 8.0125E-09 9.0420E-09 1.0286E-08 1.1827E-08 1.3769E-08 1.6169E-08 1.9088E-08 2.5235E-08 3.1646E-08 4.0526E-08 5.5705E-08 7.4542E-08 9.9528E-08 1.3080E-07 1.6723E-07 2.0528E-07 2.4187E-07 2.7457E-07 3.0206E-07 3.2401E-07 3.4089E-07 3.1716E-06 1.0282E-05 3.1625E-06 4.4287E-07 3.7922E-07 3.8268E-07 3.8561E-07 3.8801E-07 3.8974E-07 3.9059E-07 3.9046E-07 3.8907E-07 3.8654E-07 3.8291E-07 3.7791E-07 3.7141E-07 3.6341E-07 3.5385E-07 3.4282E-07 3.3019E-07 3.1596E-07 3.0090E-07 2.8539E-07 2.6808E-07 2.5270E-07 2.3754E-07 2.2106E-07 2.0610E-07
4.6211E-09 4.7985E-09 5.0036E-09 5.2860E-09 5.6561E-09 6.0615E-09 6.5231E-09 7.1094E-09 7.8879E-09 8.9501E-09 1.0226E-08 1.1824E-08 1.3779E-08 1.6224E-08 1.9200E-08 2.5361E-08 3.1540E-08 3.9996E-08 5.4476E-08 7.2094E-08 9.6152E-08 1.2729E-07 1.6452E-07 2.0547E-07 2.4596E-07 2.8266E-07 3.1362E-07 3.3819E-07 1.9496E-06 1.2776E-05 5.1322E-06 4.6581E-07 3.9134E-07 3.9500E-07 3.9794E-07 4.0037E-07 4.0235E-07 4.0374E-07 4.0439E-07 4.0389E-07 4.0211E-07 3.9913E-07 3.9499E-07 3.8967E-07 3.8276E-07 3.7429E-07 3.6431E-07 3.5277E-07 3.3953E-07 3.2489E-07 3.0951E-07 2.9352E-07 2.7620E-07 2.6043E-07 2.4303E-07 2.2728E-07 2.1086E-07
4.5068E-09 4.6802E-09 4.8769E-09 5.1532E-09 5.5184E-09 5.9182E-09 6.3757E-09 6.9578E-09 7.7387E-09 8.8204E-09 1.0099E-08 1.1720E-08 1.3709E-08 1.6176E-08 1.9170E-08 2.5240E-08 3.1389E-08 3.9467E-08 5.2978E-08 6.9515E-08 9.1789E-08 1.2132E-07 1.5795E-07 1.9985E-07 2.4319E-07 2.8374E-07 3.1841E-07 7.6547E-07 9.5945E-06 5.5843E-06 4.7075E-07 3.9849E-07 4.0314E-07 4.0648E-07 4.0905E-07 4.1111E-07 4.1275E-07 4.1392E-07 4.1434E-07 4.1352E-07 4.1145E-07 4.0823E-07 4.0382E-07 3.9817E-07 3.9097E-07 3.8220E-07 3.7180E-07 3.5992E-07 3.4624E-07 3.3139E-07 3.1575E-07 2.9984E-07 2.8234E-07 2.6597E-07 2.4807E-07 2.3117E-07 2.1409E-07
4.3908E-09 4.5600E-09 4.7474E-09 5.0165E-09 5.3725E-09 5.7650E-09 6.2162E-09 6.7878E-09 7.5653E-09 8.6622E-09 9.9499E-09 1.1555E-08 1.3554E-08 1.6020E-08 1.9011E-08 2.4884E-08 3.0912E-08 3.8800E-08 5.1341E-08 6.6390E-08 8.7013E-08 1.1397E-07 1.4810E-07 1.8876E-07 2.3302E-07 2.7612E-07 3.3818E-07 4.5215E-06 5.7794E-06 4.7122E-07 3.9682E-07 4.0425E-07 4.0917E-07 4.1256E-07 4.1505E-07 4.1699E-07 4.1846E-07 4.1954E-07 4.1979E-07 4.1886E-07 4.1675E-07 4.1338E-07 4.0891E-07 4.0302E-07 3.9574E-07 3.8674E-07 3.7620E-07 3.6400E-07 3.5017E-07 3.3514E-07 3.1962E-07 3.0386E-07 2.8612E-07 2.6929E-07 2.5074E-07 2.3315E-07 2.1567E-07
4.2733E-09 4.4382E-09 4.6158E-09 4.8765E-09 5.2176E-09 5.6018E-09 6.0434E-09 6.6009E-09 7.3684E-09 8.4686E-09 9.7548E-09 1.1329E-08 1.3303E-08 1.5761E-08 1.8724E-08 2.4312E-08 3.0143E-08 3.7731E-08 4.8176E-08 6.3169E-08 8.1386E-08 1.0590E-07 1.3655E-07 1.7366E-07 2.1615E-07 2.5979E-07 8.7632E-07 5.9232E-06 7.0864E-07 3.8032E-07 3.9353E-07 4.0233E-07 4.0817E-07 4.1215E-07 4.1502E-07 4.1715E-07 4.1879E-07 4.2001E-07 4.2040E-07 4.1964E-07 4.1756E-07 4.1434E-07 4.0987E-07 4.0404E-07 3.9675E-07 3.8784E-07 3.7723E-07 3.6491E-07 3.5104E-07 3.3613E-07 3.2103E-07 3.0377E-07 2.8724E-07 2.7018E-07 2.5100E-07 2.3322E-07 2.1559E-07
4.1547E-09 4.3153E-09 4.4825E-09 4.7276E-09 5.0525E-09 5.4279E-09 5.8596E-09 6.3995E-09 7.1499E-09 8.2408E-09 9.5139E-09 1.1044E-08 1.2980E-08 1.5404E-08 1.8312E-08 2.3149E-08 2.9124E-08 3.6329E-08 4.5291E-08 5.9535E-08 7.5879E-08 9.6979E-08 1.2415E-07 1.5690E-07 1.9464E-07 2.5008E-07 4.4984E-06 1.7029E-06 3.4236E-07 3.6463E-07 3.8056E-07 3.9157E-07 3.9911E-07 4.0436E-07 4.0813E-07 4.1099E-07 4.1333E-07 4.1507E-07 4.1590E-07 4.1549E-07 4.1377E-07 4.1086E-07 4.0665E-07 4.0111E-07 3.9398E-07 3.8519E-07 3.7474E-07 3.6256E-07 3.4878E-07 3.3451E-07 3.1978E-07 3.0223E-07 2.8575E-07 2.6815E-07 2.4910E-07 2.3137E-07 2.1273E-07
4.0352E-09 4.1913E-09 4.3511E-09 4.5753E-09 4.8837E-09 5.2482E-09 5.6676E-09 6.1859E-09 6.9125E-09 7.9818E-09 9.2299E-09 1.0708E-08 1.2591E-08 1.4955E-08 1.7784E-08 2.1883E-08 2.7903E-08 3.4666E-08 4.3025E-08 5.5070E-08 7.0060E-08 8.8464E-08 1.1141E-07 1.3970E-07 1.7243E-07 1.6254E-06 5.0663E-06 2.8229E-07 3.1315E-07 3.3850E-07 3.5759E-07 3.7150E-07 3.8148E-07 3.8871E-07 3.9412E-07 3.9842E-07 4.0191E-07 4.0456E-07 4.0617E-07 4.0642E-07 4.0537E-07 4.0301E-07 3.9933E-07 3.9415E-07 3.8733E-07 3.7886E-07 3.6874E-07 3.5684E-07 3.4378E-07 3.3004E-07 3.1526E-07 2.9803E-07 2.8111E-07 2.6241E-07 2.4509E-07 2.2768E-07 2.0825E-07
