Assets/Resources/2015_m01_d13_1600(utc+0800)_l00_csi_1hr_conc.grd
DSAA
         159         159
     -79.000      79.000
     -79.000      79.000
  0.0000E+00  0.7243E-05
[rows 25 to 49 of 159, columns 0 to 56 of 159]
1.8167E-09 1.8642E-09 1.9131E-09 1.9633E-09 2.0118E-09 2.0573E-09 2.1032E-09 2.1489E-09 2.1924E-09 2.2313E-09 2.2679E-09 2.3059E-09 2.3404E-09 2.3697E-09 2.3920E-09 2.4110E-09 2.4266E-09 2.4355E-09 2.4357E-09 2.4258E-09 2.4088E-09 2.3846E-09 2.3542E-09 2.3156E-09 2.2685E-09 2.2102E-09 2.1442E-09 2.0688E-09 1.9864E-09 1.8992E-09 1.8069E-09 1.7102E-09 1.6103E-09 1.5084E-09 1.4049E-09 1.2993E-09 1.1844E-09 1.0685E-09 9.7117E-10 8.7741E-10 7.7655E-10 6.9632E-10 6.2021E-10 5.4838E-10 4.7524E-10 4.1148E-10 3.4774E-10 2.8338E-10 2.0913E-10 1.1136E-10 7.1126E-11 4.4899E-11 3.0528E-11 1.8998E-11 9.5651E-12 7.1628E-12 4.5804E-12
1.9349E-09 1.9908E-09 2.0472E-09 2.1021E-09 2.1536E-09 2.2081E-09 2.2622E-09 2.3130E-09 2.3609E-09 2.4106E-09 2.4589E-09 2.5034E-09 2.5411E-09 2.5753E-09 2.6081E-09 2.6367E-09 2.6574E-09 2.6682E-09 2.6722E-09 2.6688E-09 2.6584E-09 2.6378E-09 2.6080E-09 2.5684E-09 2.5210E-09 2.4638E-09 2.3981E-09 2.3224E-09 2.2381E-09 2.1464E-09 2.0467E-09 1.9418E-09 1.8329E-09 1.7204E-09 1.6051E-09 1.4889E-09 1.3705E-09 1.2421E-09 1.1135E-09 1.0100E-09 8.9353E-10 7.9333E-10 7.0815E-10 6.2777E-10 5.5167E-10 4.8033E-10 4.1206E-10 3.4841E-10 2.6687E-10 1.6211E-10 1.0696E-10 7.6485E-11 5.1006E-11 3.4007E-11 1.9082E-11 9.9805E-12 7.1049E-12
2.0631E-09 2.1258E-09 2.1867E-09 2.2456E-09 2.3084E-09 2.3707E-09 2.4294E-09 2.4864E-09 2.5471E-09 2.6061E-09 2.6589E-09 2.7068E-09 2.7552E-09 2.8011E-09 2.8408E-09 2.8723E-09 2.8978E-09 2.9171E-09 2.9299E-09 2.9311E-09 2.9232E-09 2.9044E-09 2.8782E-09 2.8427E-09 2.7980E-09 2.7408E-09 2.6723E-09 2.5942E-09 2.5037E-09 2.4058E-09 2.3003E-09 2.1884E-09 2.0703E-09 1.9482E-09 1.8227E-09 1.6950E-09 1.5661E-09 1.4357E-09 1.2933E-09 1.1558E-09 1.0428E-09 9.0848E-10 8.0916E-10 7.1780E-10 6.3211E-10 5.5323E-10 4.8107E-10 4.1266E-10 3.2906E-10 2.2472E-10 1.4568E-10 1.1196E-10 8.1002E-11 5.9016E-11 3.4231E-11 1.9003E-11 9.9985E-12
2.1982E-09 2.2654E-09 2.3315E-09 2.4024E-09 2.4729E-09 2.5395E-09 2.6072E-09 2.6782E-09 2.7472E-09 2.8094E-09 2.8704E-09 2.9336E-09 2.9930E-09 3.0442E-09 3.0896E-09 3.1316E-09 3.1679E-09 3.1956E-09 3.2142E-09 3.2215E-09 3.2212E-09 3.2104E-09 3.1893E-09 3.1568E-09 3.1129E-09 3.0564E-09 2.9875E-09 2.9084E-09 2.8161E-09 2.7148E-09 2.6032E-09 2.4842E-09 2.3568E-09 2.2240E-09 2.0855E-09 1.9440E-09 1.8002E-09 1.6561E-09 1.5117E-09 1.3537E-09 1.2061E-09 1.0740E-09 9.2905E-10 8.2526E-10 7.2752E-10 6.3869E-10 5.5460E-10 4.7771E-10 3.9946E-10 2.9928E-10 1.9892E-10 1.5738E-10 1.1800E-10 9.0351E-11 6.0699E-11 3.4551E-11 1.8760E-11
2.3375E-09 2.4107E-09 2.4886E-09 2.5675E-09 2.6428E-09 2.7205E-09 2.8020E-09 2.8806E-09 2.9532E-09 3.0286E-09 3.1046E-09 3.1761E-09 3.2403E-09 3.3019E-09 3.3591E-09 3.4120E-09 3.4562E-09 3.4913E-09 3.5196E-09 3.5373E-09 3.5444E-09 3.5391E-09 3.5224E-09 3.4933E-09 3.4523E-09 3.3986E-09 3.3293E-09 3.2481E-09 3.1529E-09 3.0470E-09 2.9291E-09 2.8036E-09 2.6668E-09 2.5221E-09 2.3715E-09 2.2162E-09 2.0568E-09 1.8962E-09 1.7352E-09 1.5748E-09 1.3970E-09 1.2447E-09 1.0903E-09 9.5265E-10 8.4381E-10 7.4220E-10 6.4676E-10 5.5565E-10 4.7245E-10 3.6385E-10 2.6444E-10 2.0432E-10 1.6469E-10 1.2528E-10 9.3609E-11 6.1284E-11 3.3875E-11
2.4818E-09 2.5670E-09 2.6536E-09 2.7381E-09 2.8256E-09 2.9165E-09 3.0055E-09 3.0890E-09 3.1784E-09 3.2677E-09 3.3515E-09 3.4303E-09 3.5078E-09 3.5823E-09 3.6509E-09 3.7130E-09 3.7682E-09 3.8160E-09 3.8552E-09 3.8816E-09 3.8966E-09 3.8988E-09 3.8892E-09 3.8653E-09 3.8280E-09 3.7759E-09 3.7081E-09 3.6263E-09 3.5302E-09 3.4200E-09 3.2968E-09 3.1627E-09 3.0160E-09 2.8606E-09 2.6966E-09 2.5269E-09 2.3525E-09 2.1757E-09 1.9977E-09 1.8197E-09 1.6415E-09 1.4401E-09 1.2864E-09 1.1147E-09 9.7552E-10 8.5862E-10 7.4986E-10 6.5207E-10 5.5453E-10 4.4616E-10 3.2582E-10 2.4801E-10 2.1115E-10 1.6994E-10 1.3461E-10 9.5599E-11 6.0910E-11
2.6357E-09 2.7314E-09 2.8243E-09 2.9207E-09 3.0208E-09 3.1204E-09 3.2159E-09 3.3181E-09 3.4202E-09 3.5176E-09 3.6119E-09 3.7055E-09 3.7971E-09 3.8834E-09 3.9639E-09 4.0395E-09 4.1088E-09 4.1680E-09 4.2184E-09 4.2559E-09 4.2817E-09 4.2930E-09 4.2913E-09 4.2744E-09 4.2411E-09 4.1935E-09 4.1288E-09 4.0475E-09 3.9492E-09 3.8358E-09 3.7087E-09 3.5674E-09 3.4141E-09 3.2477E-09 3.0707E-09 2.8854E-09 2.6927E-09 2.4957E-09 2.2960E-09 2.0956E-09 1.8968E-09 1.6985E-09 1.4868E-09 1.3211E-09 1.1317E-09 1.0004E-09 8.7874E-10 7.6516E-10 6.5330E-10 5.3726E-10 4.0817E-10 3.1103E-10 2.6047E-10 2.1802E-10 1.7895E-10 1.3577E-10 9.4709E-11
2.7972E-09 2.9004E-09 3.0045E-09 3.1143E-09 3.2238E-09 3.3317E-09 3.4454E-09 3.5600E-09 3.6723E-09 3.7822E-09 3.8921E-09 4.0011E-09 4.1056E-09 4.2063E-09 4.3023E-09 4.3933E-09 4.4754E-09 4.5488E-09 4.6126E-09 4.6631E-09 4.7003E-09 4.7225E-09 4.7300E-09 4.7225E-09 4.6966E-09 4.6539E-09 4.5922E-09 4.5125E-09 4.4152E-09 4.3027E-09 4.1724E-09 4.0244E-09 3.8603E-09 3.6812E-09 3.4903E-09 3.2886E-09 3.0792E-09 2.8634E-09 2.6436E-09 2.4209E-09 2.1989E-09 1.9812E-09 1.7552E-09 1.5453E-09 1.3498E-09 1.1642E-09 1.0216E-09 8.8965E-10 7.7212E-10 6.4787E-10 5.0859E-10 3.9165E-10 3.1440E-10 2.6831E-10 2.2611E-10 1.7875E-10 1.3492E-10
2.9629E-09 3.0775E-09 3.1948E-09 3.3156E-09 3.4348E-09 3.5591E-09 3.6870E-09 3.8139E-09 3.9389E-09 4.0653E-09 4.1915E-09 4.3149E-09 4.4358E-09 4.5535E-09 4.6661E-09 4.7723E-09 4.8707E-09 4.9600E-09 5.0385E-09 5.1034E-09 5.1540E-09 5.1895E-09 5.2099E-09 5.2123E-09 5.1944E-09 5.1581E-09 5.1037E-09 5.0304E-09 4.9364E-09 4.8201E-09 4.6850E-09 4.5305E-09 4.3602E-09 4.1728E-09 3.9687E-09 3.7514E-09 3.5220E-09 3.2831E-09 3.0384E-09 2.7894E-09 2.5395E-09 2.2928E-09 2.0532E-09 1.7923E-09 1.5913E-09 1.3736E-09 1.1992E-09 1.0520E-09 9.1605E-10 7.7411E-10 6.2920E-10 4.8260E-10 3.8727E-10 3.2310E-10 2.7223E-10 2.2583E-10 1.7910E-10
3.1362E-09 3.2642E-09 3.3919E-09 3.5240E-09 3.6589E-09 3.7974E-09 3.9402E-09 4.0798E-09 4.2224E-09 4.3658E-09 4.5081E-09 4.6494E-09 4.7889E-09 4.9244E-09 5.0548E-09 5.1789E-09 5.2955E-09 5.4014E-09 5.4969E-09 5.5774E-09 5.6456E-09 5.6966E-09 5.7304E-09 5.7436E-09 5.7381E-09 5.7140E-09 5.6677E-09 5.5983E-09 5.5054E-09 5.3902E-09 5.2567E-09 5.0993E-09 4.9220E-09 4.7222E-09 4.5034E-09 4.2691E-09 4.0211E-09 3.7620E-09 3.4942E-09 3.2193E-09 2.9406E-09 2.6642E-09 2.3939E-09 2.1361E-09 1.8748E-09 1.6488E-09 1.4105E-09 1.2349E-09 1.0759E-09 9.3108E-10 7.6880E-10 6.0258E-10 4.8284E-10 3.9509E-10 3.2758E-10 2.7473E-10 2.2721E-10
3.3177E-09 3.4573E-09 3.5962E-09 3.7435E-09 3.8936E-09 4.0466E-09 4.2034E-09 4.3615E-09 4.5219E-09 4.6826E-09 4.8443E-09 5.0051E-09 5.1638E-09 5.3186E-09 5.4695E-09 5.6137E-09 5.7487E-09 5.8742E-09 5.9880E-09 6.0891E-09 6.1753E-09 6.2427E-09 6.2916E-09 6.3229E-09 6.3328E-09 6.3194E-09 6.2808E-09 6.2185E-09 6.1342E-09 6.0232E-09 5.8889E-09 5.7265E-09 5.5423E-09 5.3356E-09 5.1072E-09 4.8587E-09 4.5925E-09 4.3091E-09 4.0128E-09 3.7080E-09 3.3976E-09 3.0876E-09 2.7840E-09 2.4918E-09 2.2110E-09 1.9490E-09 1.7072E-09 1.4671E-09 1.2865E-09 1.1242E-09 9.5757E-10 7.5707E-10 6.1697E-10 4.9542E-10 4.0165E-10 3.3632E-10 2.8000E-10
3.5091E-09 3.6571E-09 3.8091E-09 3.9727E-09 4.1381E-09 4.3057E-09 4.4808E-09 4.6574E-09 4.8357E-09 5.0172E-09 5.1989E-09 5.3809E-09 5.5602E-09 5.7375E-09 5.9102E-09 6.0748E-09 6.2320E-09 6.3782E-09 6.5148E-09 6.6366E-09 6.7417E-09 6.8288E-09 6.9001E-09 6.9498E-09 6.9737E-09 6.9731E-09 6.9495E-09 6.8995E-09 6.8227E-09 6.7140E-09 6.5812E-09 6.4216E-09 6.2353E-09 6.0203E-09 5.7783E-09 5.5125E-09 5.2261E-09 4.9215E-09 4.6021E-09 4.2717E-09 3.9308E-09 3.5875E-09 3.2486E-09 2.9198E-09 2.6094E-09 2.3032E-09 2.0365E-09 1.7577E-09 1.5387E-09 1.3427E-09 1.1625E-09 9.5964E-10 7.5748E-10 6.2300E-10 4.9790E-10 4.0529E-10 3.3033E-10
3.7097E-09 3.8697E-09 4.0341E-09 4.2106E-09 4.3911E-09 4.5758E-09 4.7705E-09 4.9660E-09 5.1659E-09 5.3683E-09 5.5723E-09 5.7758E-09 5.9794E-09 6.1802E-09 6.3749E-09 6.5636E-09 6.7438E-09 6.9155E-09 7.0750E-09 7.2185E-09 7.3468E-09 7.4595E-09 7.5524E-09 7.6196E-09 7.6635E-09 7.6829E-09 7.6755E-09 7.6363E-09 7.5683E-09 7.4707E-09 7.3447E-09 7.1853E-09 6.9929E-09 6.7725E-09 6.5244E-09 6.2486E-09 5.9464E-09 5.6231E-09 5.2796E-09 4.9196E-09 4.5468E-09 4.1669E-09 3.7898E-09 3.4209E-09 3.0705E-09 2.7424E-09 2.4301E-09 2.1447E-09 1.8577E-09 1.6311E-09 1.4271E-09 1.2307E-09 9.8064E-10 8.0625E-10 6.5625E-10 5.1485E-10 4.2132E-10
3.9114E-09 4.0916E-09 4.2725E-09 4.4598E-09 4.6530E-09 4.8570E-09 5.0717E-09 5.2882E-09 5.5104E-09 5.7353E-09 5.9622E-09 6.1910E-09 6.4197E-09 6.6441E-09 6.8646E-09 7.0782E-09 7.2860E-09 7.4832E-09 7.6662E-09 7.8362E-09 7.9925E-09 8.1302E-09 8.2441E-09 8.3370E-09 8.4061E-09 8.4461E-09 8.4538E-09 8.4319E-09 8.3808E-09 8.2937E-09 8.1704E-09 8.0141E-09 7.8287E-09 7.6099E-09 7.3541E-09 7.0647E-09 6.7485E-09 6.4041E-09 6.0388E-09 5.6512E-09 5.2477E-09 4.8336E-09 4.4167E-09 4.0062E-09 3.6126E-09 3.2415E-09 2.8944E-09 2.5711E-09 2.2487E-09 1.9670E-09 1.7186E-09 1.4922E-09 1.2531E-09 1.0049E-09 8.2175E-10 6.5090E-10 5.2585E-10
4.1154E-09 4.3152E-09 4.5135E-09 4.7196E-09 4.9293E-09 5.1488E-09 5.3832E-09 5.6234E-09 5.8681E-09 6.1169E-09 6.3697E-09 6.6244E-09 6.8785E-09 7.1299E-09 7.3769E-09 7.6201E-09 7.8553E-09 8.0786E-09 8.2902E-09 8.4904E-09 8.6740E-09 8.8369E-09 8.9802E-09 9.1027E-09 9.1974E-09 9.2587E-09 9.2913E-09 9.2912E-09 9.2534E-09 9.1766E-09 9.0670E-09 8.9252E-09 8.7440E-09 8.5207E-09 8.2606E-09 7.9679E-09 7.6443E-09 7.2869E-09 6.8987E-09 6.4867E-09 6.0530E-09 5.6027E-09 5.1458E-09 4.6929E-09 4.2541E-09 3.8380E-09 3.4478E-09 3.0827E-09 2.7324E-09 2.3900E-09 2.1001E-09 1.8333E-09 1.5864E-09 1.2892E-09 1.0527E-09 8.5870E-10 6.8573E-10
4.3248E-09 4.5384E-09 4.7548E-09 4.9856E-09 5.2180E-09 5.4558E-09 5.7088E-09 5.9692E-09 6.2378E-09 6.5127E-09 6.7921E-09 7.0742E-09 7.3553E-09 7.6350E-09 7.9125E-09 8.1849E-09 8.4490E-09 8.7032E-09 8.9478E-09 9.1804E-09 9.3916E-09 9.5886E-09 9.7660E-09 9.9184E-09 1.0040E-08 1.0133E-08 1.0193E-08 1.0212E-08 1.0194E-08 1.0142E-08 1.0053E-08 9.9214E-09 9.7462E-09 9.5309E-09 9.2795E-09 8.9841E-09 8.6452E-09 8.2690E-09 7.8622E-09 7.4285E-09 6.9682E-09 6.4833E-09 5.9903E-09 5.4961E-09 5.0117E-09 4.5484E-09 4.1109E-09 3.6980E-09 3.3082E-09 2.9284E-09 2.5750E-09 2.2472E-09 1.9496E-09 1.6435E-09 1.3273E-09 1.0964E-09 8.5508E-10
4.5356E-09 4.7652E-09 4.9996E-09 5.2517E-09 5.5093E-09 5.7732E-09 6.0501E-09 6.3285E-09 6.6187E-09 6.9207E-09 7.2285E-09 7.5377E-09 7.8484E-09 8.1587E-09 8.4673E-09 8.7705E-09 9.0663E-09 9.3568E-09 9.6335E-09 9.8969E-09 1.0143E-08 1.0376E-08 1.0588E-08 1.0773E-08 1.0932E-08 1.1059E-08 1.1144E-08 1.1192E-08 1.1205E-08 1.1179E-08 1.1106E-08 1.0992E-08 1.0840E-08 1.0646E-08 1.0399E-08 1.0101E-08 9.7574E-09 9.3777E-09 8.9637E-09 8.5084E-09 8.0153E-09 7.5025E-09 6.9759E-09 6.4465E-09 5.9196E-09 5.4103E-09 4.9241E-09 4.4567E-09 4.0100E-09 3.5948E-09 3.1781E-09 2.7926E-09 2.4291E-09 2.0921E-09 1.7220E-09 1.4016E-09 1.1446E-09
4.7482E-09 4.9950E-09 5.2488E-09 5.5215E-09 5.8001E-09 6.0922E-09 6.3977E-09 6.7026E-09 7.0162E-09 7.3400E-09 7.6748E-09 8.0139E-09 8.3548E-09 8.6981E-09 9.0388E-09 9.3730E-09 9.7060E-09 1.0030E-08 1.0339E-08 1.0640E-08 1.0925E-08 1.1197E-08 1.1446E-08 1.1672E-08 1.1868E-08 1.2027E-08 1.2148E-08 1.2235E-08 1.2280E-08 1.2277E-08 1.2233E-08 1.2149E-08 1.2025E-08 1.1849E-08 1.1617E-08 1.1334E-08 1.1005E-08 1.0624E-08 1.0193E-08 9.7216E-09 9.2140E-09 8.6724E-09 8.1083E-09 7.5407E-09 6.9742E-09 6.4169E-09 5.8794E-09 5.3575E-09 4.8571E-09 4.3772E-09 3.9134E-09 3.4457E-09 2.9997E-09 2.5873E-09 2.1781E-09 1.7690E-09 1.4556E-09
4.9625E-09 5.2273E-09 5.5010E-09 5.7940E-09 6.0953E-09 6.4108E-09 6.7428E-09 7.0803E-09 7.4241E-09 7.7748E-09 8.1321E-09 8.4996E-09 8.8732E-09 9.2492E-09 9.6221E-09 9.9917E-09 1.0362E-08 1.0720E-08 1.1063E-08 1.1407E-08 1.1731E-08 1.2040E-08 1.2333E-08 1.2602E-08 1.2837E-08 1.3038E-08 1.3205E-08 1.3328E-08 1.3407E-08 1.3441E-08 1.3435E-08 1.3386E-08 1.3288E-08 1.3140E-08 1.2942E-08 1.2689E-08 1.2375E-08 1.2000E-08 1.1571E-08 1.1097E-08 1.0579E-08 1.0018E-08 9.4243E-09 8.8231E-09 8.2247E-09 7.6289E-09 7.0444E-09 6.4712E-09 5.9108E-09 5.3636E-09 4.8306E-09 4.2917E-09 3.7800E-09 3.2611E-09 2.7839E-09 2.2952E-09 1.8676E-09
5.1768E-09 5.4608E-09 5.7543E-09 6.0682E-09 6.3936E-09 6.7309E-09 7.0892E-09 7.4545E-09 7.8314E-09 8.2147E-09 8.6020E-09 8.9963E-09 9.3993E-09 9.8087E-09 1.0215E-08 1.0622E-08 1.1029E-08 1.1421E-08 1.1804E-08 1.2189E-08 1.2552E-08 1.2907E-08 1.3246E-08 1.3558E-08 1.3839E-08 1.4090E-08 1.4300E-08 1.4463E-08 1.4587E-08 1.4666E-08 1.4702E-08 1.4690E-08 1.4632E-08 1.4524E-08 1.4368E-08 1.4151E-08 1.3868E-08 1.3522E-08 1.3117E-08 1.2652E-08 1.2130E-08 1.1563E-08 1.0955E-08 1.0321E-08 9.6852E-09 9.0564E-09 8.4280E-09 7.8040E-09 7.1801E-09 6.5584E-09 5.9421E-09 5.3287E-09 4.7304E-09 4.1171E-09 3.5227E-09 2.9339E-09 2.3891E-09
5.3906E-09 5.6946E-09 6.0067E-09 6.3433E-09 6.6912E-09 7.0517E-09 7.4364E-09 7.8287E-09 8.2344E-09 8.6489E-09 9.0721E-09 9.5004E-09 9.9342E-09 1.0372E-08 1.0813E-08 1.1259E-08 1.1701E-08 1.2131E-08 1.2556E-08 1.2981E-08 1.3384E-08 1.3789E-08 1.4170E-08 1.4528E-08 1.4869E-08 1.5166E-08 1.5427E-08 1.5641E-08 1.5815E-08 1.5941E-08 1.6022E-08 1.6059E-08 1.6051E-08 1.5995E-08 1.5884E-08 1.5715E-08 1.5484E-08 1.5191E-08 1.4830E-08 1.4393E-08 1.3889E-08 1.3330E-08 1.2723E-08 1.2071E-08 1.1399E-08 1.0726E-08 1.0066E-08 9.3921E-09 8.7090E-09 8.0167E-09 7.3143E-09 6.6191E-09 5.9140E-09 5.1985E-09 4.4806E-09 3.7603E-09 3.0805E-09
5.6029E-09 5.9262E-09 6.2572E-09 6.6174E-09 6.9861E-09 7.3714E-09 7.7821E-09 8.2017E-09 8.6348E-09 9.0789E-09 9.5335E-09 9.9986E-09 1.0467E-08 1.0939E-08 1.1415E-08 1.1896E-08 1.2374E-08 1.2845E-08 1.3310E-08 1.3775E-08 1.4225E-08 1.4677E-08 1.5101E-08 1.5514E-08 1.5910E-08 1.6258E-08 1.6575E-08 1.6842E-08 1.7072E-08 1.7248E-08 1.7387E-08 1.7482E-08 1.7533E-08 1.7535E-08 1.7485E-08 1.7376E-08 1.7215E-08 1.6992E-08 1.6693E-08 1.6318E-08 1.5868E-08 1.5341E-08 1.4749E-08 1.4101E-08 1.3420E-08 1.2722E-08 1.2007E-08 1.1292E-08 1.0552E-08 9.7816E-09 8.9937E-09 8.1881E-09 7.3587E-09 6.5229E-09 5.6831E-09 4.8042E-09 3.9564E-09
5.8127E-09 6.1538E-09 6.5054E-09 6.8871E-09 7.2773E-09 7.6867E-09 8.1237E-09 8.5702E-09 9.0304E-09 9.5039E-09 9.9897E-09 1.0486E-08 1.0988E-08 1.1497E-08 1.2012E-08 1.2528E-08 1.3042E-08 1.3555E-08 1.4059E-08 1.4566E-08 1.5062E-08 1.5557E-08 1.6034E-08 1.6502E-08 1.6950E-08 1.7352E-08 1.7733E-08 1.8059E-08 1.8348E-08 1.8582E-08 1.8785E-08 1.8943E-08 1.9059E-08 1.9132E-08 1.9154E-08 1.9123E-08 1.9042E-08 1.8903E-08 1.8693E-08 1.8413E-08 1.8053E-08 1.7595E-08 1.7055E-08 1.6448E-08 1.5781E-08 1.5057E-08 1.4305E-08 1.3522E-08 1.2733E-08 1.1897E-08 1.1021E-08 1.0096E-08 9.1432E-09 8.1591E-09 7.1606E-09 6.1396E-09 5.0780E-09
6.0175E-09 6.3757E-09 6.7485E-09 7.1502E-09 7.5629E-09 7.9957E-09 8.4587E-09 8.9309E-09 9.4182E-09 9.9204E-09 1.0437E-08 1.0964E-08 1.1497E-08 1.2039E-08 1.2589E-08 1.3141E-08 1.3701E-08 1.4253E-08 1.4795E-08 1.5348E-08 1.5887E-08 1.6427E-08 1.6958E-08 1.7476E-08 1.7979E-08 1.8443E-08 1.8883E-08 1.9269E-08 1.9621E-08 1.9918E-08 2.0190E-08 2.0414E-08 2.0604E-08 2.0758E-08 2.0860E-08 2.0921E-08 2.0933E-08 2.0890E-08 2.0792E-08 2.0631E-08 2.0383E-08 2.0036E-08 1.9599E-08 1.9073E-08 1.8454E-08 1.7762E-08 1.6996E-08 1.6175E-08 1.5319E-08 1.4421E-08 1.3452E-08 1.2420E-08 1.1337E-08 1.0181E-08 9.0058E-09 7.7830E-09 6.5043E-09
6.2156E-09 6.5920E-09 6.9840E-09 7.4060E-09 7.8397E-09 8.2957E-09 8.7831E-09 9.2806E-09 9.7947E-09 1.0325E-08 1.0871E-08 1.1428E-08 1.1992E-08 1.2568E-08 1.3145E-08 1.3728E-08 1.4329E-08 1.4925E-08 1.5512E-08 1.6111E-08 1.6689E-08 1.7279E-08 1.7861E-08 1.8427E-08 1.8988E-08 1.9511E-08 2.0010E-08 2.0460E-08 2.0879E-08 2.1242E-08 2.1585E-08 2.1880E-08 2.2154E-08 2.2393E-08 2.2581E-08 2.2749E-08 2.2864E-08 2.2935E-08 2.2966E-08 2.2931E-08 2.2823E-08 2.2628E-08 2.2334E-08 2.1941E-08 2.1431E-08 2.0815E-08 2.0087E-08 1.9265E-08 1.8351E-08 1.7367E-08 1.6315E-08 1.5171E-08 1.3935E-08 1.2616E-08 1.1230E-08 9.7856E-09 8.2900E-09
