Assets/Resources/2015_m01_d29_0400(utc+0800)_l00_csi_1hr_conc.grd
DSAA
         159         159
     -79.000      79.000
     -79.000      79.000
  0.0000E+00  0.3189E-04
[rows 25 to 49 of 159, columns 57 to 113 of 159]
4.0197E-09 4.1239E-09 4.2104E-09 4.2748E-09 4.3442E-09 4.4016E-09 4.4928E-09 4.5892E-09 4.7113E-09 4.8436E-09 4.9765E-09 5.0878E-09 5.1896E-09 5.2632E-09 5.3121E-09 5.3353E-09 5.3328E-09 5.3079E-09 5.2617E-09 5.2004E-09 5.1251E-09 5.0395E-09 4.9445E-09 4.8456E-09 4.7429E-09 4.6365E-09 4.5288E-09 4.4223E-09 4.3159E-09 4.2097E-09 4.1050E-09 4.0003E-09 3.8958E-09 3.7919E-09 3.6887E-09 3.5861E-09 3.4840E-09 3.3821E-09 3.2804E-09 3.1790E-09 3.0775E-09 2.9762E-09 2.8754E-09 2.7749E-09 2.6761E-09 2.5800E-09 2.4859E-09 2.3930E-09 2.3010E-09 2.2090E-09 2.1153E-09 2.0217E-09 1.9299E-09 1.8391E-09 1.7498E-09 1.6623E-09 1.5760E-09
4.0634E-09 4.1661E-09 4.2682E-09 4.3426E-09 4.4203E-09 4.4983E-09 4.6031E-09 4.7187E-09 4.8709E-09 5.0294E-09 5.1719E-09 5.3043E-09 5.4112E-09 5.4929E-09 5.5446E-09 5.5683E-09 5.5630E-09 5.5346E-09 5.4847E-09 5.4183E-09 5.3367E-09 5.2461E-09 5.1477E-09 5.0432E-09 4.9367E-09 4.8280E-09 4.7171E-09 4.6063E-09 4.4968E-09 4.3888E-09 4.2811E-09 4.1734E-09 4.0663E-09 3.9600E-09 3.8542E-09 3.7488E-09 3.6437E-09 3.5386E-09 3.4335E-09 3.3284E-09 3.2230E-09 3.1176E-09 3.0122E-09 2.9069E-09 2.8036E-09 2.7027E-09 2.6208E-09 2.5269E-09 2.4079E-09 2.3104E-09 2.2125E-09 2.1146E-09 2.0171E-09 1.9189E-09 1.8233E-09 1.7308E-09 1.6408E-09
4.0924E-09 4.2106E-09 4.3121E-09 4.4100E-09 4.4906E-09 4.5970E-09 4.7106E-09 4.8671E-09 5.0296E-09 5.2080E-09 5.3669E-09 5.5154E-09 5.6342E-09 5.7211E-09 5.7759E-09 5.7980E-09 5.7910E-09 5.7583E-09 5.7030E-09 5.6311E-09 5.5451E-09 5.4484E-09 5.3467E-09 5.2386E-09 5.1268E-09 5.0134E-09 4.8993E-09 4.7865E-09 4.6751E-09 4.5644E-09 4.4538E-09 4.3435E-09 4.2340E-09 4.1253E-09 4.0170E-09 3.9089E-09 3.8009E-09 3.6927E-09 3.5842E-09 3.4754E-09 3.3662E-09 3.2565E-09 3.1467E-09 3.0368E-09 2.9289E-09 2.8403E-09 2.7405E-09 2.6420E-09 2.5443E-09 2.4462E-09 2.3474E-09 2.2483E-09 2.1493E-09 1.9980E-09 1.8980E-09 1.7996E-09 1.7025E-09
4.1062E-09 4.2409E-09 4.3585E-09 4.4598E-09 4.5718E-09 4.6802E-09 4.8329E-09 4.9951E-09 5.1948E-09 5.3846E-09 5.5688E-09 5.7281E-09 5.8562E-09 5.9487E-09 6.0057E-09 6.0272E-09 6.0172E-09 5.9796E-09 5.9209E-09 5.8425E-09 5.7530E-09 5.6525E-09 5.5446E-09 5.4321E-09 5.3170E-09 5.2006E-09 5.0848E-09 4.9704E-09 4.8570E-09 4.7438E-09 4.6306E-09 4.5185E-09 4.4072E-09 4.2964E-09 4.1858E-09 4.0753E-09 3.9646E-09 3.8536E-09 3.7419E-09 3.6295E-09 3.5164E-09 3.4026E-09 3.2883E-09 3.1736E-09 3.0949E-09 2.9938E-09 2.8946E-09 2.7965E-09 2.6615E-09 2.5581E-09 2.4538E-09 2.3489E-09 2.2443E-09 2.1405E-09 2.0382E-09 1.9377E-09 1.7705E-09
4.1205E-09 4.2557E-09 4.3918E-09 4.5114E-09 4.6302E-09 4.7744E-09 4.9336E-09 5.1379E-09 5.3467E-09 5.5595E-09 5.7650E-09 5.9387E-09 6.0760E-09 6.1746E-09 6.2325E-09 6.2523E-09 6.2398E-09 6.1985E-09 6.1351E-09 6.0534E-09 5.9580E-09 5.8530E-09 5.7414E-09 5.6258E-09 5.5079E-09 5.3898E-09 5.2729E-09 5.1574E-09 5.0418E-09 4.9263E-09 4.8119E-09 4.6984E-09 4.5856E-09 4.4731E-09 4.3607E-09 4.2482E-09 4.1353E-09 4.0215E-09 3.9067E-09 3.7909E-09 3.6740E-09 3.5560E-09 3.4371E-09 3.3177E-09 3.2437E-09 3.1390E-09 3.0358E-09 2.9333E-09 2.8307E-09 2.7269E-09 2.6215E-09 2.5151E-09 2.3451E-09 2.2353E-09 2.1269E-09 2.0202E-09 1.9157E-09
4.1188E-09 4.2726E-09 4.4085E-09 4.5502E-09 4.6908E-09 4.8460E-09 5.0455E-09 5.2598E-09 5.4948E-09 5.7388E-09 5.9576E-09 6.1448E-09 6.2916E-09 6.3948E-09 6.4536E-09 6.4734E-09 6.4576E-09 6.4138E-09 6.3449E-09 6.2589E-09 6.1597E-09 6.0512E-09 5.9368E-09 5.8187E-09 5.6993E-09 5.5805E-09 5.4633E-09 5.3460E-09 5.2288E-09 5.1125E-09 4.9973E-09 4.8830E-09 4.7691E-09 4.6554E-09 4.5419E-09 4.4278E-09 4.3127E-09 4.1965E-09 4.0789E-09 3.9597E-09 3.8391E-09 3.7169E-09 3.5934E-09 3.5341E-09 3.4298E-09 3.3276E-09 3.2264E-09 3.1252E-09 2.9712E-09 2.8616E-09 2.7500E-09 2.6372E-09 2.5239E-09 2.4107E-09 2.2983E-09 2.1071E-09 1.9962E-09
4.1018E-09 4.2732E-09 4.4331E-09 4.5726E-09 4.7379E-09 4.9143E-09 5.1346E-09 5.3754E-09 5.6449E-09 5.9066E-09 6.1436E-09 6.3446E-09 6.5005E-09 6.6074E-09 6.6679E-09 6.6872E-09 6.6692E-09 6.6204E-09 6.5488E-09 6.4595E-09 6.3573E-09 6.2463E-09 6.1298E-09 6.0104E-09 5.8909E-09 5.7725E-09 5.6542E-09 5.5359E-09 5.4183E-09 5.3019E-09 5.1866E-09 5.0720E-09 4.9578E-09 4.8439E-09 4.7294E-09 4.6138E-09 4.4971E-09 4.3788E-09 4.2585E-09 4.1361E-09 4.0119E-09 3.8856E-09 3.8212E-09 3.7121E-09 3.6056E-09 3.5004E-09 3.3954E-09 3.2895E-09 3.1818E-09 3.0713E-09 2.9578E-09 2.8422E-09 2.6462E-09 2.5257E-09 2.4058E-09 2.2872E-09 2.1706E-09
4.0799E-09 4.2575E-09 4.4307E-09 4.6021E-09 4.7685E-09 4.9803E-09 5.2153E-09 5.4906E-09 5.7812E-09 6.0655E-09 6.3210E-09 6.5356E-09 6.6993E-09 6.8107E-09 6.8742E-09 6.8913E-09 6.8704E-09 6.8198E-09 6.7458E-09 6.6541E-09 6.5532E-09 6.4416E-09 6.3250E-09 6.2070E-09 6.0895E-09 5.9723E-09 5.8540E-09 5.7364E-09 5.6201E-09 5.5051E-09 5.3909E-09 5.2775E-09 5.1645E-09 5.0509E-09 4.9364E-09 4.8206E-09 4.7028E-09 4.5828E-09 4.4604E-09 4.3353E-09 4.2075E-09 4.1388E-09 4.0277E-09 3.9172E-09 3.8083E-09 3.6997E-09 3.5901E-09 3.4786E-09 3.3644E-09 3.2466E-09 3.1252E-09 3.0012E-09 2.8754E-09 2.7487E-09 2.6220E-09 2.4015E-09 2.2765E-09
4.0525E-09 4.2422E-09 4.4165E-09 4.6046E-09 4.8059E-09 5.0256E-09 5.2868E-09 5.5902E-09 5.9070E-09 6.2134E-09 6.4875E-09 6.7145E-09 6.8863E-09 7.0037E-09 7.0667E-09 7.0833E-09 7.0620E-09 7.0101E-09 6.9344E-09 6.8413E-09 6.7399E-09 6.6279E-09 6.5123E-09 6.3960E-09 6.2798E-09 6.1631E-09 6.0463E-09 5.9300E-09 5.8154E-09 5.7019E-09 5.5897E-09 5.4779E-09 5.3657E-09 5.2528E-09 5.1388E-09 5.0225E-09 4.9037E-09 4.7824E-09 4.6579E-09 4.5299E-09 4.3987E-09 4.3463E-09 4.2348E-09 4.1231E-09 4.0120E-09 3.8996E-09 3.7852E-09 3.6678E-09 3.5468E-09 3.4214E-09 3.2917E-09 3.1590E-09 3.0241E-09 2.8882E-09 2.7523E-09 2.6173E-09 2.4795E-09
4.0053E-09 4.2102E-09 4.4031E-09 4.5944E-09 4.8165E-09 5.0601E-09 5.3538E-09 5.6779E-09 6.0205E-09 6.3486E-09 6.6399E-09 6.8792E-09 7.0601E-09 7.1802E-09 7.2452E-09 7.2631E-09 7.2419E-09 7.1895E-09 7.1133E-09 7.0201E-09 6.9232E-09 6.8136E-09 6.7015E-09 6.5891E-09 6.4754E-09 6.3615E-09 6.2478E-09 6.1360E-09 6.0243E-09 5.9149E-09 5.8059E-09 5.6966E-09 5.5871E-09 5.4762E-09 5.3632E-09 5.2475E-09 5.1290E-09 5.0067E-09 4.8804E-09 4.7499E-09 4.6949E-09 4.5850E-09 4.4733E-09 4.3601E-09 4.2458E-09 4.1289E-09 4.0086E-09 3.8841E-09 3.7548E-09 3.6202E-09 3.4807E-09 3.3376E-09 3.1922E-09 3.0456E-09 2.8989E-09 2.7531E-09 2.6051E-09
3.9527E-09 4.1619E-09 4.3719E-09 4.5909E-09 4.8159E-09 5.0884E-09 5.4016E-09 5.7514E-09 6.1196E-09 6.4677E-09 6.7762E-09 7.0281E-09 7.2155E-09 7.3403E-09 7.4087E-09 7.4286E-09 7.4083E-09 7.3566E-09 7.2813E-09 7.1893E-09 7.0977E-09 6.9937E-09 6.8868E-09 6.7779E-09 6.6684E-09 6.5586E-09 6.4506E-09 6.3433E-09 6.2383E-09 6.1353E-09 6.0304E-09 5.9257E-09 5.8197E-09 5.7113E-09 5.6006E-09 5.4866E-09 5.3683E-09 5.2454E-09 5.1177E-09 5.0606E-09 4.9537E-09 4.8453E-09 4.7332E-09 4.6180E-09 4.4999E-09 4.3775E-09 4.2464E-09 4.1138E-09 3.9751E-09 3.8300E-09 3.6796E-09 3.5252E-09 3.3682E-09 3.2100E-09 3.0518E-09 2.8943E-09 2.7355E-09
3.8896E-09 4.1082E-09 4.3239E-09 4.5598E-09 4.8030E-09 5.0979E-09 5.4346E-09 5.8094E-09 6.2017E-09 6.5690E-09 6.8944E-09 7.1567E-09 7.3519E-09 7.4826E-09 7.5553E-09 7.5779E-09 7.5598E-09 7.5101E-09 7.4371E-09 7.3479E-09 7.2629E-09 7.1628E-09 7.0595E-09 6.9544E-09 6.8492E-09 6.7455E-09 6.6431E-09 6.5430E-09 6.4424E-09 6.3430E-09 6.2457E-09 6.1450E-09 6.0427E-09 5.9378E-09 5.8295E-09 5.7167E-09 5.5987E-09 5.4753E-09 5.3464E-09 5.3151E-09 5.2120E-09 5.1055E-09 4.9932E-09 4.8759E-09 4.7539E-09 4.6258E-09 4.4909E-09 4.3492E-09 4.2003E-09 4.0443E-09 3.8791E-09 3.7129E-09 3.5441E-09 3.3741E-09 3.2043E-09 3.0351E-09 2.8655E-09
3.8121E-09 4.0447E-09 4.2776E-09 4.5171E-09 4.7836E-09 5.0927E-09 5.4513E-09 5.8505E-09 6.2652E-09 6.6516E-09 6.9907E-09 7.2640E-09 7.4679E-09 7.6055E-09 7.6830E-09 7.7094E-09 7.6949E-09 7.6489E-09 7.5798E-09 7.4958E-09 7.4178E-09 7.3230E-09 7.2245E-09 7.1246E-09 7.0257E-09 6.9295E-09 6.8353E-09 6.7447E-09 6.6558E-09 6.5655E-09 6.4728E-09 6.3735E-09 6.2762E-09 6.1751E-09 6.0696E-09 5.9587E-09 5.8416E-09 5.7185E-09 5.6873E-09 5.5918E-09 5.4930E-09 5.3883E-09 5.2754E-09 5.1553E-09 5.0284E-09 4.8931E-09 4.7454E-09 4.5938E-09 4.4340E-09 4.2663E-09 4.0921E-09 3.9132E-09 3.7315E-09 3.5451E-09 3.3629E-09 3.1813E-09 3.0003E-09
3.7315E-09 3.9716E-09 4.2159E-09 4.4622E-09 4.7448E-09 5.0719E-09 5.4519E-09 5.8732E-09 6.3089E-09 6.7113E-09 7.0643E-09 7.3489E-09 7.5623E-09 7.7069E-09 7.7902E-09 7.8219E-09 7.8126E-09 7.7719E-09 7.7091E-09 7.6318E-09 7.5620E-09 7.4731E-09 7.3808E-09 7.2886E-09 7.1986E-09 7.1103E-09 7.0279E-09 6.9480E-09 6.8668E-09 6.7862E-09 6.6999E-09 6.6127E-09 6.5199E-09 6.4236E-09 6.3173E-09 6.2088E-09 6.0946E-09 6.0649E-09 5.9798E-09 5.8904E-09 5.7941E-09 5.6910E-09 5.5769E-09 5.4533E-09 5.3200E-09 5.1764E-09 5.0186E-09 4.8556E-09 4.6834E-09 4.5017E-09 4.3110E-09 4.1186E-09 3.9233E-09 3.7269E-09 3.5311E-09 3.3334E-09 3.1400E-09
3.6382E-09 3.8852E-09 4.1398E-09 4.3960E-09 4.6924E-09 5.0362E-09 5.4348E-09 5.8766E-09 6.3295E-09 6.7479E-09 7.1141E-09 7.4105E-09 7.6332E-09 7.7856E-09 7.8759E-09 7.9145E-09 7.9120E-09 7.8786E-09 7.8239E-09 7.7599E-09 7.6935E-09 7.6121E-09 7.5291E-09 7.4469E-09 7.3660E-09 7.2920E-09 7.2173E-09 7.1502E-09 7.0767E-09 7.0045E-09 6.9299E-09 6.8523E-09 6.7669E-09 6.6758E-09 6.5737E-09 6.4692E-09 6.3897E-09 6.3672E-09 6.2928E-09 6.2118E-09 6.1177E-09 6.0157E-09 5.8994E-09 5.7707E-09 5.6296E-09 5.4760E-09 5.3064E-09 5.1308E-09 4.9450E-09 4.7487E-09 4.5434E-09 4.3360E-09 4.1229E-09 3.9114E-09 3.7017E-09 3.4933E-09 3.2856E-09
3.5447E-09 3.7979E-09 4.0540E-09 4.3256E-09 4.6270E-09 4.9849E-09 5.4001E-09 5.8596E-09 6.3275E-09 6.7604E-09 7.1399E-09 7.4472E-09 7.6794E-09 7.8406E-09 7.9394E-09 7.9864E-09 7.9924E-09 7.9686E-09 7.9238E-09 7.8685E-09 7.8119E-09 7.7413E-09 7.6693E-09 7.5976E-09 7.5333E-09 7.4717E-09 7.4093E-09 7.3530E-09 7.2943E-09 7.2317E-09 7.1665E-09 7.1288E-09 7.0536E-09 7.0037E-09 6.9434E-09 6.8520E-09 6.7517E-09 6.6912E-09 6.6275E-09 6.5547E-09 6.4644E-09 6.3625E-09 6.2427E-09 6.1073E-09 5.9568E-09 5.7918E-09 5.6094E-09 5.4196E-09 5.2187E-09 5.0036E-09 4.7852E-09 4.5618E-09 4.3326E-09 4.1057E-09 3.8783E-09 3.6548E-09 3.4342E-09
3.4406E-09 3.7038E-09 3.9597E-09 4.2379E-09 4.5492E-09 4.9193E-09 5.3479E-09 5.8214E-09 6.3025E-09 6.7491E-09 7.1403E-09 7.4583E-09 7.7005E-09 7.8715E-09 7.9801E-09 8.0370E-09 8.0541E-09 8.0416E-09 8.0069E-09 7.9676E-09 7.9185E-09 7.8598E-09 7.7997E-09 7.7471E-09 7.6967E-09 7.6479E-09 7.6064E-09 7.5574E-09 7.5115E-09 7.4939E-09 7.4787E-09 7.4568E-09 7.4012E-09 7.3354E-09 7.2608E-09 7.1765E-09 7.0839E-09 7.0399E-09 6.9882E-09 6.9233E-09 6.8406E-09 6.7352E-09 6.6070E-09 6.4630E-09 6.3014E-09 6.1237E-09 5.9269E-09 5.7215E-09 5.5039E-09 5.2716E-09 5.0361E-09 4.7931E-09 4.5487E-09 4.3061E-09 4.0626E-09 3.8224E-09 3.5863E-09
3.3381E-09 3.5984E-09 3.8574E-09 4.1410E-09 4.4598E-09 4.8394E-09 5.2769E-09 5.7627E-09 6.2552E-09 6.7135E-09 7.1152E-09 7.4436E-09 7.6964E-09 7.8781E-09 7.9978E-09 8.0669E-09 8.0964E-09 8.0960E-09 8.0731E-09 8.0474E-09 8.0120E-09 7.9666E-09 7.9280E-09 7.8905E-09 7.8546E-09 7.8266E-09 7.8263E-09 7.7961E-09 7.8039E-09 7.8112E-09 7.7842E-09 7.7515E-09 7.7086E-09 7.6570E-09 7.5953E-09 7.5209E-09 7.4428E-09 7.4159E-09 7.3768E-09 7.3191E-09 7.2381E-09 7.1293E-09 6.9931E-09 6.8388E-09 6.6645E-09 6.4711E-09 6.2587E-09 6.0359E-09 5.8002E-09 5.5495E-09 5.2955E-09 5.0343E-09 4.7726E-09 4.5098E-09 4.2521E-09 3.9970E-09 3.7441E-09
3.2266E-09 3.4932E-09 3.7483E-09 4.0358E-09 4.3600E-09 4.7446E-09 5.1896E-09 5.6847E-09 6.1859E-09 6.6538E-09 7.0649E-09 7.4035E-09 7.6672E-09 7.8607E-09 7.9931E-09 8.0756E-09 8.1190E-09 8.1319E-09 8.1226E-09 8.1119E-09 8.0920E-09 8.0700E-09 8.0478E-09 8.0266E-09 8.0161E-09 8.0338E-09 8.0624E-09 8.0816E-09 8.0824E-09 8.0801E-09 8.0711E-09 8.0555E-09 8.0318E-09 7.9959E-09 7.9481E-09 7.8858E-09 7.8253E-09 7.8168E-09 7.7901E-09 7.7381E-09 7.6564E-09 7.5435E-09 7.4013E-09 7.2346E-09 7.0454E-09 6.8350E-09 6.6045E-09 6.3629E-09 6.1053E-09 5.8382E-09 5.5650E-09 5.2843E-09 5.0039E-09 4.7224E-09 4.4449E-09 4.1722E-09 3.9082E-09
3.1127E-09 3.3787E-09 3.6344E-09 3.9237E-09 4.2509E-09 4.6373E-09 5.0870E-09 5.5883E-09 6.0952E-09 6.5708E-09 6.9904E-09 7.3388E-09 7.6138E-09 7.8198E-09 7.9663E-09 8.0637E-09 8.1217E-09 8.1494E-09 8.1551E-09 8.1685E-09 8.1670E-09 8.1629E-09 8.1663E-09 8.1963E-09 8.2331E-09 8.2558E-09 8.3033E-09 8.3288E-09 8.3493E-09 8.3668E-09 8.3790E-09 8.3843E-09 8.3809E-09 8.3659E-09 8.3335E-09 8.2838E-09 8.2459E-09 8.2559E-09 8.2398E-09 8.1907E-09 8.1058E-09 7.9844E-09 7.8253E-09 7.6448E-09 7.4397E-09 7.2132E-09 6.9674E-09 6.7054E-09 6.4261E-09 6.1376E-09 5.8406E-09 5.5406E-09 5.2414E-09 4.9389E-09 4.6448E-09 4.3535E-09 4.0724E-09
2.9972E-09 3.2614E-09 3.5166E-09 3.8059E-09 4.1323E-09 4.5189E-09 4.9709E-09 5.4752E-09 5.9845E-09 6.4660E-09 6.8927E-09 7.2506E-09 7.5370E-09 7.7567E-09 7.9184E-09 8.0314E-09 8.1049E-09 8.1484E-09 8.1715E-09 8.2117E-09 8.2298E-09 8.2539E-09 8.3045E-09 8.3625E-09 8.4371E-09 8.4790E-09 8.5296E-09 8.5763E-09 8.6220E-09 8.6642E-09 8.7014E-09 8.7312E-09 8.7505E-09 8.7558E-09 8.7423E-09 8.7082E-09 8.6958E-09 8.7240E-09 8.7161E-09 8.6679E-09 8.5779E-09 8.4559E-09 8.2888E-09 8.0913E-09 7.8662E-09 7.6085E-09 7.3395E-09 7.0550E-09 6.7561E-09 6.4461E-09 6.1266E-09 5.8049E-09 5.4812E-09 5.1618E-09 4.8471E-09 4.5402E-09 4.2385E-09
2.8759E-09 3.1428E-09 3.3966E-09 3.6833E-09 4.0067E-09 4.3918E-09 4.8429E-09 5.3466E-09 5.8557E-09 6.3410E-09 6.7737E-09 7.1404E-09 7.4387E-09 7.6728E-09 7.8501E-09 7.9787E-09 8.0687E-09 8.1306E-09 8.1716E-09 8.2405E-09 8.2897E-09 8.3633E-09 8.4436E-09 8.5426E-09 8.6077E-09 8.6846E-09 8.7585E-09 8.8338E-09 8.9081E-09 8.9795E-09 9.0455E-09 9.1030E-09 9.1479E-09 9.1762E-09 9.1862E-09 9.1800E-09 9.1981E-09 9.2427E-09 9.2425E-09 9.1929E-09 9.0948E-09 8.9504E-09 8.7661E-09 8.5485E-09 8.3012E-09 8.0291E-09 7.7360E-09 7.4230E-09 7.0918E-09 6.7586E-09 6.4187E-09 6.0764E-09 5.7278E-09 5.3880E-09 5.0514E-09 4.7257E-09 4.4109E-09
2.7556E-09 3.0242E-09 3.2744E-09 3.5564E-09 3.8765E-09 4.2571E-09 4.7041E-09 5.2045E-09 5.7108E-09 6.1980E-09 6.6353E-09 7.0104E-09 7.3208E-09 7.5692E-09 7.7615E-09 7.9066E-09 8.0152E-09 8.0954E-09 8.1549E-09 8.2649E-09 8.3653E-09 8.4797E-09 8.5951E-09 8.6842E-09 8.7881E-09 8.8898E-09 8.9955E-09 9.1030E-09 9.2104E-09 9.3151E-09 9.4139E-09 9.5025E-09 9.5768E-09 9.6323E-09 9.6740E-09 9.6879E-09 9.7507E-09 9.8083E-09 9.8094E-09 9.7530E-09 9.6421E-09 9.4795E-09 9.2736E-09 9.0319E-09 8.7575E-09 8.4541E-09 8.1350E-09 7.7988E-09 7.4489E-09 7.0855E-09 6.7143E-09 6.3461E-09 5.9814E-09 5.6168E-09 5.2593E-09 4.9127E-09 4.5805E-09
2.6168E-09 2.9058E-09 3.1516E-09 3.4281E-09 3.7425E-09 4.1162E-09 4.5568E-09 5.0509E-09 5.5527E-09 6.0391E-09 6.4797E-09 6.8630E-09 7.1848E-09 7.4462E-09 7.6541E-09 7.8172E-09 7.9441E-09 8.0505E-09 8.1461E-09 8.3022E-09 8.4448E-09 8.5878E-09 8.7033E-09 8.8348E-09 8.9645E-09 9.1008E-09 9.2420E-09 9.3860E-09 9.5312E-09 9.6746E-09 9.8121E-09 9.9377E-09 1.0046E-08 1.0135E-08 1.0224E-08 1.0260E-08 1.0342E-08 1.0407E-08 1.0406E-08 1.0339E-08 1.0211E-08 1.0027E-08 9.7966E-09 9.5283E-09 9.2274E-09 8.9003E-09 8.5525E-09 8.1820E-09 7.8047E-09 7.4181E-09 7.0238E-09 6.6250E-09 6.2311E-09 5.8482E-09 5.4697E-09 5.1032E-09 4.7504E-09
2.4736E-09 2.7837E-09 3.0283E-09 3.2990E-09 3.6060E-09 3.9716E-09 4.4031E-09 4.8882E-09 5.3835E-09 5.8669E-09 6.3100E-09 6.7000E-09 7.0314E-09 7.3063E-09 7.5301E-09 7.7106E-09 7.8634E-09 7.9844E-09 8.1430E-09 8.3422E-09 8.5121E-09 8.6561E-09 8.8182E-09 8.9774E-09 9.1442E-09 9.3190E-09 9.5014E-09 9.6888E-09 9.8780E-09 1.0065E-08 1.0244E-08 1.0408E-08 1.0553E-08 1.0701E-08 1.0824E-08 1.0887E-08 1.0998E-08 1.1066E-08 1.1056E-08 1.0972E-08 1.0821E-08 1.0609E-08 1.0349E-08 1.0050E-08 9.7113E-09 9.3542E-09 8.9766E-09 8.5819E-09 8.1737E-09 7.7510E-09 7.3326E-09 6.9119E-09 6.4932E-09 6.0751E-09 5.6795E-09 5.2939E-09 4.9223E-09
