Assets/Resources/2015_m01_d20_1300(utc+0800)_l00_csi_1hr_conc.grd
DSAA
         159         159
     -79.000      79.000
     -79.000      79.000
  0.3994E-09  0.3589E-05
[rows 0 to 24 of 159, columns 0 to 56 of 159]
6.7332E-10 6.8466E-10 6.9626E-10 7.0791E-10 7.1970E-10 7.3241E-10 7.4403E-10 7.5584E-10 7.7025E-10 7.8238E-10 7.9463E-10 8.0763E-10 8.2207E-10 8.3470E-10 8.4743E-10 8.6226E-10 8.7592E-10 8.8902E-10 9.0357E-10 9.1875E-10 9.3227E-10 9.4591E-10 9.6340E-10 9.7738E-10 9.9149E-10 1.0088E-09 1.0232E-09 1.0390E-09 1.0549E-09 1.0710E-09 1.0872E-09 1.1043E-09 1.1209E-09 1.1376E-09 1.1570E-09 1.1728E-09 1.1886E-09 1.2099E-09 1.2267E-09 1.2429E-09 1.2592E-09 1.2803E-09 1.2975E-09 1.3140E-09 1.3334E-09 1.3507E-09 1.3680E-09 1.3847E-09 1.4020E-09 1.4193E-09 1.4365E-09 1.4537E-09 1.4708E-09 1.4879E-09 1.5040E-09 1.5207E-09 1.5366E-09
6.8111E-10 6.9270E-10 7.0381E-10 7.1612E-10 7.2879E-10 7.4042E-10 7.5218E-10 7.6659E-10 7.7877E-10 7.9109E-10 8.0416E-10 8.1869E-10 8.3141E-10 8.4424E-10 8.5917E-10 8.7294E-10 8.8616E-10 9.0082E-10 9.1612E-10 9.2975E-10 9.4349E-10 9.6111E-10 9.7521E-10 9.8944E-10 1.0069E-09 1.0214E-09 1.0374E-09 1.0535E-09 1.0697E-09 1.0862E-09 1.1034E-09 1.1202E-09 1.1371E-09 1.1568E-09 1.1728E-09 1.1902E-09 1.2111E-09 1.2275E-09 1.2440E-09 1.2647E-09 1.2821E-09 1.2996E-09 1.3165E-09 1.3363E-09 1.3540E-09 1.3717E-09 1.3895E-09 1.4073E-09 1.4251E-09 1.4422E-09 1.4599E-09 1.4776E-09 1.4951E-09 1.5119E-09 1.5293E-09 1.5472E-09 1.5636E-09
6.8900E-10 7.0011E-10 7.1186E-10 7.2505E-10 7.3662E-10 7.4838E-10 7.6273E-10 7.7490E-10 7.8725E-10 8.0038E-10 8.1498E-10 8.2778E-10 8.4069E-10 8.5571E-10 8.6958E-10 8.8290E-10 8.9879E-10 9.1309E-10 9.2682E-10 9.4068E-10 9.5840E-10 9.7261E-10 9.8696E-10 1.0045E-09 1.0192E-09 1.0353E-09 1.0527E-09 1.0679E-09 1.0864E-09 1.1020E-09 1.1189E-09 1.1360E-09 1.1560E-09 1.1722E-09 1.1898E-09 1.2109E-09 1.2276E-09 1.2444E-09 1.2654E-09 1.2838E-09 1.3010E-09 1.3182E-09 1.3383E-09 1.3564E-09 1.3746E-09 1.3928E-09 1.4110E-09 1.4293E-09 1.4468E-09 1.4657E-09 1.4832E-09 1.5014E-09 1.5194E-09 1.5367E-09 1.5553E-09 1.5723E-09 1.5900E-09
6.9624E-10 7.0800E-10 7.2113E-10 7.3270E-10 7.4440E-10 7.5873E-10 7.7085E-10 7.8316E-10 7.9567E-10 8.1096E-10 8.2382E-10 8.3680E-10 8.5190E-10 8.6585E-10 8.7926E-10 8.9526E-10 9.0965E-10 9.2350E-10 9.3746E-10 9.5528E-10 9.6960E-10 9.8405E-10 1.0017E-09 1.0165E-09 1.0328E-09 1.0503E-09 1.0656E-09 1.0843E-09 1.1000E-09 1.1171E-09 1.1344E-09 1.1546E-09 1.1710E-09 1.1888E-09 1.2102E-09 1.2271E-09 1.2442E-09 1.2661E-09 1.2841E-09 1.3016E-09 1.3212E-09 1.3396E-09 1.3581E-09 1.3766E-09 1.3952E-09 1.4138E-09 1.4325E-09 1.4512E-09 1.4699E-09 1.4886E-09 1.5066E-09 1.5252E-09 1.5430E-09 1.5623E-09 1.5807E-09 1.5982E-09 1.6163E-09
7.0398E-10 7.1711E-10 7.2862E-10 7.4031E-10 7.5395E-10 7.6666E-10 7.7893E-10 7.9136E-10 8.0666E-10 8.1956E-10 8.3260E-10 8.4776E-10 8.6178E-10 8.7527E-10 8.9023E-10 9.0583E-10 9.1978E-10 9.3385E-10 9.5177E-10 9.6618E-10 9.8073E-10 9.9850E-10 1.0134E-09 1.0297E-09 1.0474E-09 1.0629E-09 1.0817E-09 1.0975E-09 1.1148E-09 1.1322E-09 1.1526E-09 1.1692E-09 1.1872E-09 1.2088E-09 1.2259E-09 1.2432E-09 1.2654E-09 1.2837E-09 1.3015E-09 1.3214E-09 1.3408E-09 1.3596E-09 1.3778E-09 1.3967E-09 1.4158E-09 1.4349E-09 1.4540E-09 1.4731E-09 1.4923E-09 1.5108E-09 1.5299E-09 1.5497E-09 1.5681E-09 1.5871E-09 1.6053E-09 1.6240E-09 1.6427E-09
7.1293E-10 7.2444E-10 7.3608E-10 7.4904E-10 7.6234E-10 7.7454E-10 7.8694E-10 8.0214E-10 8.1503E-10 8.2809E-10 8.4330E-10 8.5738E-10 8.7093E-10 8.8596E-10 9.0164E-10 9.1567E-10 9.2983E-10 9.4785E-10 9.6236E-10 9.7701E-10 9.9486E-10 1.0099E-09 1.0263E-09 1.0441E-09 1.0596E-09 1.0786E-09 1.0945E-09 1.1119E-09 1.1295E-09 1.1500E-09 1.1668E-09 1.1850E-09 1.2068E-09 1.2241E-09 1.2416E-09 1.2640E-09 1.2826E-09 1.3006E-09 1.3208E-09 1.3405E-09 1.3596E-09 1.3781E-09 1.3974E-09 1.4168E-09 1.4363E-09 1.4558E-09 1.4754E-09 1.4950E-09 1.5147E-09 1.5336E-09 1.5540E-09 1.5728E-09 1.5924E-09 1.6119E-09 1.6306E-09 1.6506E-09 1.6691E-09
7.2012E-10 7.3172E-10 7.4402E-10 7.5788E-10 7.7005E-10 7.8236E-10 7.9752E-10 8.1030E-10 8.2333E-10 8.3854E-10 8.5266E-10 8.6627E-10 8.8068E-10 8.9709E-10 9.1120E-10 9.2543E-10 9.4353E-10 9.5814E-10 9.7288E-10 9.9082E-10 1.0059E-09 1.0224E-09 1.0403E-09 1.0560E-09 1.0750E-09 1.0911E-09 1.1086E-09 1.1263E-09 1.1469E-09 1.1639E-09 1.1822E-09 1.2042E-09 1.2217E-09 1.2394E-09 1.2620E-09 1.2808E-09 1.2991E-09 1.3195E-09 1.3395E-09 1.3589E-09 1.3777E-09 1.3980E-09 1.4178E-09 1.4369E-09 1.4568E-09 1.4768E-09 1.4968E-09 1.5169E-09 1.5363E-09 1.5571E-09 1.5773E-09 1.5966E-09 1.6167E-09 1.6360E-09 1.6567E-09 1.6757E-09 1.6954E-09
7.2725E-10 7.3949E-10 7.5332E-10 7.6540E-10 7.7769E-10 7.9273E-10 8.0548E-10 8.1840E-10 8.3355E-10 8.4766E-10 8.6130E-10 8.7575E-10 8.9221E-10 9.0637E-10 9.2068E-10 9.3883E-10 9.5352E-10 9.6835E-10 9.8638E-10 1.0016E-09 1.0182E-09 1.0349E-09 1.0519E-09 1.0710E-09 1.0871E-09 1.1048E-09 1.1226E-09 1.1433E-09 1.1604E-09 1.1789E-09 1.2010E-09 1.2187E-09 1.2366E-09 1.2594E-09 1.2784E-09 1.2969E-09 1.3182E-09 1.3378E-09 1.3574E-09 1.3765E-09 1.3971E-09 1.4172E-09 1.4366E-09 1.4569E-09 1.4772E-09 1.4977E-09 1.5182E-09 1.5380E-09 1.5593E-09 1.5799E-09 1.5998E-09 1.6204E-09 1.6402E-09 1.6615E-09 1.6819E-09 1.7016E-09 1.7218E-09
7.3486E-10 7.4862E-10 7.6068E-10 7.7287E-10 7.8788E-10 8.0051E-10 8.1338E-10 8.2776E-10 8.4243E-10 8.5605E-10 8.7053E-10 8.8701E-10 9.0122E-10 9.1557E-10 9.3377E-10 9.4853E-10 9.6343E-10 9.8153E-10 9.9681E-10 1.0135E-09 1.0303E-09 1.0473E-09 1.0665E-09 1.0828E-09 1.1005E-09 1.1184E-09 1.1393E-09 1.1564E-09 1.1751E-09 1.1973E-09 1.2152E-09 1.2332E-09 1.2562E-09 1.2753E-09 1.2940E-09 1.3156E-09 1.3353E-09 1.3552E-09 1.3746E-09 1.3955E-09 1.4158E-09 1.4363E-09 1.4561E-09 1.4776E-09 1.4976E-09 1.5185E-09 1.5394E-09 1.5605E-09 1.5815E-09 1.6019E-09 1.6230E-09 1.6448E-09 1.6652E-09 1.6862E-09 1.7064E-09 1.7273E-09 1.7481E-09
7.4382E-10 7.5581E-10 7.6798E-10 7.8223E-10 7.9547E-10 8.0824E-10 8.2253E-10 8.3711E-10 8.5060E-10 8.6437E-10 8.8151E-10 8.9575E-10 9.1014E-10 9.2837E-10 9.4318E-10 9.5814E-10 9.7512E-10 9.9165E-10 1.0084E-09 1.0253E-09 1.0424E-09 1.0597E-09 1.0780E-09 1.0958E-09 1.1138E-09 1.1347E-09 1.1520E-09 1.1707E-09 1.1931E-09 1.2111E-09 1.2292E-09 1.2523E-09 1.2717E-09 1.2905E-09 1.3123E-09 1.3322E-09 1.3523E-09 1.3719E-09 1.3930E-09 1.4137E-09 1.4344E-09 1.4546E-09 1.4763E-09 1.4967E-09 1.5179E-09 1.5392E-09 1.5607E-09 1.5821E-09 1.6030E-09 1.6245E-09 1.6468E-09 1.6677E-09 1.6893E-09 1.7101E-09 1.7316E-09 1.7542E-09 1.7747E-09
7.5085E-10 7.6296E-10 7.7716E-10 7.9031E-10 8.0299E-10 8.1655E-10 8.3165E-10 8.4508E-10 8.5869E-10 8.7577E-10 8.8999E-10 9.0440E-10 9.2265E-10 9.3750E-10 9.5250E-10 9.6882E-10 9.8610E-10 1.0029E-09 1.0187E-09 1.0370E-09 1.0545E-09 1.0728E-09 1.0906E-09 1.1087E-09 1.1297E-09 1.1470E-09 1.1659E-09 1.1883E-09 1.2064E-09 1.2247E-09 1.2479E-09 1.2674E-09 1.2864E-09 1.3076E-09 1.3284E-09 1.3487E-09 1.3685E-09 1.3899E-09 1.4107E-09 1.4317E-09 1.4522E-09 1.4742E-09 1.4949E-09 1.5165E-09 1.5382E-09 1.5599E-09 1.5818E-09 1.6037E-09 1.6250E-09 1.6478E-09 1.6692E-09 1.6913E-09 1.7134E-09 1.7347E-09 1.7579E-09 1.7791E-09 1.8010E-09
7.5781E-10 7.7069E-10 7.8504E-10 7.9767E-10 8.1046E-10 8.2614E-10 8.3942E-10 8.5297E-10 8.6985E-10 8.8400E-10 8.9838E-10 9.1479E-10 9.3149E-10 9.4653E-10 9.6172E-10 9.8020E-10 9.9705E-10 1.0129E-09 1.0313E-09 1.0488E-09 1.0671E-09 1.0850E-09 1.1032E-09 1.1242E-09 1.1416E-09 1.1592E-09 1.1831E-09 1.2012E-09 1.2196E-09 1.2430E-09 1.2626E-09 1.2817E-09 1.3031E-09 1.3240E-09 1.3445E-09 1.3645E-09 1.3861E-09 1.4071E-09 1.4283E-09 1.4490E-09 1.4713E-09 1.4930E-09 1.5142E-09 1.5362E-09 1.5583E-09 1.5805E-09 1.6029E-09 1.6245E-09 1.6477E-09 1.6695E-09 1.6921E-09 1.7147E-09 1.7366E-09 1.7603E-09 1.7829E-09 1.8047E-09 1.8275E-09
7.6471E-10 7.7969E-10 7.9223E-10 8.0497E-10 8.2050E-10 8.3372E-10 8.4711E-10 8.6324E-10 8.7789E-10 8.9215E-10 9.0738E-10 9.2520E-10 9.4024E-10 9.5546E-10 9.7395E-10 9.9083E-10 1.0067E-09 1.0252E-09 1.0427E-09 1.0611E-09 1.0791E-09 1.0973E-09 1.1183E-09 1.1358E-09 1.1535E-09 1.1773E-09 1.1956E-09 1.2141E-09 1.2375E-09 1.2572E-09 1.2764E-09 1.2979E-09 1.3190E-09 1.3397E-09 1.3598E-09 1.3815E-09 1.4028E-09 1.4242E-09 1.4451E-09 1.4676E-09 1.4896E-09 1.5110E-09 1.5333E-09 1.5558E-09 1.5783E-09 1.6010E-09 1.6230E-09 1.6467E-09 1.6696E-09 1.6919E-09 1.7150E-09 1.7373E-09 1.7616E-09 1.7848E-09 1.8071E-09 1.8305E-09 1.8528E-09
7.7414E-10 7.8670E-10 7.9934E-10 8.1417E-10 8.2789E-10 8.4122E-10 8.5608E-10 8.7172E-10 8.8585E-10 9.0022E-10 9.1865E-10 9.3367E-10 9.4890E-10 9.6738E-10 9.8428E-10 1.0002E-09 1.0187E-09 1.0350E-09 1.0547E-09 1.0727E-09 1.0897E-09 1.1120E-09 1.1296E-09 1.1473E-09 1.1712E-09 1.1895E-09 1.2080E-09 1.2288E-09 1.2513E-09 1.2706E-09 1.2902E-09 1.3135E-09 1.3342E-09 1.3545E-09 1.3764E-09 1.3978E-09 1.4194E-09 1.4405E-09 1.4632E-09 1.4854E-09 1.5071E-09 1.5296E-09 1.5524E-09 1.5752E-09 1.5982E-09 1.6206E-09 1.6446E-09 1.6680E-09 1.6906E-09 1.7142E-09 1.7381E-09 1.7617E-09 1.7854E-09 1.8083E-09 1.8323E-09 1.8559E-09 1.8799E-09
7.8097E-10 7.9365E-10 8.0771E-10 8.2203E-10 8.3522E-10 8.4931E-10 8.6548E-10 8.7946E-10 8.9372E-10 9.1192E-10 9.2687E-10 9.4205E-10 9.6051E-10 9.7619E-10 9.9331E-10 1.0118E-09 1.0281E-09 1.0479E-09 1.0647E-09 1.0829E-09 1.1053E-09 1.1229E-09 1.1407E-09 1.1619E-09 1.1830E-09 1.2016E-09 1.2204E-09 1.2449E-09 1.2643E-09 1.2839E-09 1.3073E-09 1.3282E-09 1.3486E-09 1.3699E-09 1.3921E-09 1.4139E-09 1.4352E-09 1.4581E-09 1.4805E-09 1.5024E-09 1.5252E-09 1.5481E-09 1.5713E-09 1.5946E-09 1.6180E-09 1.6416E-09 1.6653E-09 1.6884E-09 1.7123E-09 1.7367E-09 1.7607E-09 1.7849E-09 1.8083E-09 1.8329E-09 1.8582E-09 1.8816E-09 1.9062E-09
7.8771E-10 8.0117E-10 8.1605E-10 8.2917E-10 8.4248E-10 8.5916E-10 8.7303E-10 8.8711E-10 9.0518E-10 9.1990E-10 9.3499E-10 9.5219E-10 9.6904E-10 9.8615E-10 1.0034E-09 1.0210E-09 1.0407E-09 1.0575E-09 1.0758E-09 1.0963E-09 1.1159E-09 1.1337E-09 1.1530E-09 1.1760E-09 1.1946E-09 1.2135E-09 1.2380E-09 1.2575E-09 1.2772E-09 1.3006E-09 1.3216E-09 1.3421E-09 1.3635E-09 1.3859E-09 1.4078E-09 1.4292E-09 1.4523E-09 1.4748E-09 1.4969E-09 1.5199E-09 1.5431E-09 1.5665E-09 1.5901E-09 1.6138E-09 1.6377E-09 1.6617E-09 1.6851E-09 1.7094E-09 1.7349E-09 1.7587E-09 1.7832E-09 1.8083E-09 1.8322E-09 1.8581E-09 1.8821E-09 1.9072E-09 1.9311E-09
7.9438E-10 8.0996E-10 8.2303E-10 8.3624E-10 8.5280E-10 8.6651E-10 8.8050E-10 8.9650E-10 9.1295E-10 9.2781E-10 9.4417E-10 9.6163E-10 9.7870E-10 9.9478E-10 1.0135E-09 1.0313E-09 1.0500E-09 1.0683E-09 1.0869E-09 1.1084E-09 1.1262E-09 1.1456E-09 1.1686E-09 1.1873E-09 1.2061E-09 1.2307E-09 1.2502E-09 1.2700E-09 1.2927E-09 1.3144E-09 1.3350E-09 1.3566E-09 1.3790E-09 1.4010E-09 1.4226E-09 1.4451E-09 1.4678E-09 1.4908E-09 1.5139E-09 1.5373E-09 1.5609E-09 1.5847E-09 1.6087E-09 1.6328E-09 1.6572E-09 1.6809E-09 1.7055E-09 1.7314E-09 1.7555E-09 1.7805E-09 1.8060E-09 1.8303E-09 1.8567E-09 1.8812E-09 1.9069E-09 1.9326E-09 1.9571E-09
8.0295E-10 8.1673E-10 8.2992E-10 8.4567E-10 8.5997E-10 8.7377E-10 8.8854E-10 9.0590E-10 9.2064E-10 9.3562E-10 9.5403E-10 9.7101E-10 9.8704E-10 1.0057E-09 1.0235E-09 1.0422E-09 1.0605E-09 1.0791E-09 1.1005E-09 1.1184E-09 1.1365E-09 1.1608E-09 1.1795E-09 1.1984E-09 1.2223E-09 1.2425E-09 1.2623E-09 1.2851E-09 1.3068E-09 1.3275E-09 1.3483E-09 1.3716E-09 1.3937E-09 1.4154E-09 1.4379E-09 1.4608E-09 1.4839E-09 1.5072E-09 1.5308E-09 1.5546E-09 1.5786E-09 1.6028E-09 1.6272E-09 1.6518E-09 1.6758E-09 1.7007E-09 1.7269E-09 1.7514E-09 1.7767E-09 1.8026E-09 1.8274E-09 1.8542E-09 1.8792E-09 1.9054E-09 1.9316E-09 1.9567E-09 1.9841E-09
8.1017E-10 8.2341E-10 8.3740E-10 8.5331E-10 8.6705E-10 8.8095E-10 8.9885E-10 9.1339E-10 9.2822E-10 9.4642E-10 9.6315E-10 9.7909E-10 9.9768E-10 1.0142E-09 1.0341E-09 1.0524E-09 1.0696E-09 1.0923E-09 1.1102E-09 1.1283E-09 1.1526E-09 1.1713E-09 1.1902E-09 1.2141E-09 1.2343E-09 1.2542E-09 1.2763E-09 1.2987E-09 1.3194E-09 1.3403E-09 1.3629E-09 1.3851E-09 1.4075E-09 1.4302E-09 1.4532E-09 1.4764E-09 1.4998E-09 1.5235E-09 1.5475E-09 1.5717E-09 1.5960E-09 1.6207E-09 1.6455E-09 1.6698E-09 1.6949E-09 1.7214E-09 1.7462E-09 1.7719E-09 1.7982E-09 1.8233E-09 1.8506E-09 1.8772E-09 1.9027E-09 1.9294E-09 1.9549E-09 1.9830E-09 2.0098E-09
8.1664E-10 8.3001E-10 8.4661E-10 8.6021E-10 8.7404E-10 8.9173E-10 9.0613E-10 9.2080E-10 9.3758E-10 9.5412E-10 9.7099E-10 9.8824E-10 1.0059E-09 1.0257E-09 1.0427E-09 1.0612E-09 1.0838E-09 1.1017E-09 1.1198E-09 1.1414E-09 1.1627E-09 1.1817E-09 1.2008E-09 1.2258E-09 1.2456E-09 1.2657E-09 1.2895E-09 1.3109E-09 1.3318E-09 1.3544E-09 1.3767E-09 1.3992E-09 1.4219E-09 1.4450E-09 1.4683E-09 1.4918E-09 1.5156E-09 1.5397E-09 1.5640E-09 1.5886E-09 1.6134E-09 1.6384E-09 1.6629E-09 1.6883E-09 1.7143E-09 1.7402E-09 1.7662E-09 1.7927E-09 1.8182E-09 1.8458E-09 1.8728E-09 1.8987E-09 1.9259E-09 1.9520E-09 1.9805E-09 2.0079E-09 2.0341E-09
8.2303E-10 8.3898E-10 8.5331E-10 8.6703E-10 8.8275E-10 8.9884E-10 9.1331E-10 9.2925E-10 9.4622E-10 9.6294E-10 9.7870E-10 9.9734E-10 1.0152E-09 1.0340E-09 1.0524E-09 1.0712E-09 1.0928E-09 1.1109E-09 1.1305E-09 1.1538E-09 1.1727E-09 1.1919E-09 1.2168E-09 1.2366E-09 1.2567E-09 1.2805E-09 1.3019E-09 1.3229E-09 1.3455E-09 1.3677E-09 1.3903E-09 1.4124E-09 1.4362E-09 1.4595E-09 1.4832E-09 1.5071E-09 1.5313E-09 1.5557E-09 1.5804E-09 1.6053E-09 1.6305E-09 1.6552E-09 1.6809E-09 1.7071E-09 1.7332E-09 1.7594E-09 1.7863E-09 1.8121E-09 1.8401E-09 1.8674E-09 1.8937E-09 1.9213E-09 1.9478E-09 1.9768E-09 2.0047E-09 2.0315E-09 2.0594E-09
8.2999E-10 8.4613E-10 8.5991E-10 8.7375E-10 8.9147E-10 9.0584E-10 9.2040E-10 9.3838E-10 9.5481E-10 9.7044E-10 9.8876E-10 1.0064E-09 1.0251E-09 1.0434E-09 1.0621E-09 1.0837E-09 1.1017E-09 1.1200E-09 1.1445E-09 1.1634E-09 1.1826E-09 1.2074E-09 1.2273E-09 1.2473E-09 1.2704E-09 1.2925E-09 1.3134E-09 1.3354E-09 1.3583E-09 1.3809E-09 1.4030E-09 1.4268E-09 1.4502E-09 1.4739E-09 1.4979E-09 1.5222E-09 1.5467E-09 1.5708E-09 1.5966E-09 1.6212E-09 1.6468E-09 1.6726E-09 1.6990E-09 1.7253E-09 1.7518E-09 1.7789E-09 1.8050E-09 1.8333E-09 1.8610E-09 1.8876E-09 1.9156E-09 1.9425E-09 1.9719E-09 2.0003E-09 2.0275E-09 2.0560E-09 2.0845E-09
8.3869E-10 8.5251E-10 8.6641E-10 8.8407E-10 8.9827E-10 9.1274E-10 9.3044E-10 9.4553E-10 9.6211E-10 9.8023E-10 9.9634E-10 1.0160E-09 1.0330E-09 1.0515E-09 1.0742E-09 1.0922E-09 1.1104E-09 1.1349E-09 1.1538E-09 1.1729E-09 1.1970E-09 1.2175E-09 1.2376E-09 1.2599E-09 1.2826E-09 1.3036E-09 1.3248E-09 1.3485E-09 1.3710E-09 1.3931E-09 1.4170E-09 1.4404E-09 1.4642E-09 1.4875E-09 1.5125E-09 1.5364E-09 1.5613E-09 1.5864E-09 1.6119E-09 1.6376E-09 1.6635E-09 1.6901E-09 1.7166E-09 1.7433E-09 1.7706E-09 1.7970E-09 1.8255E-09 1.8535E-09 1.8804E-09 1.9088E-09 1.9360E-09 1.9659E-09 1.9946E-09 2.0223E-09 2.0513E-09 2.0803E-09 2.1081E-09
8.4485E-10 8.5880E-10 8.7464E-10 8.9068E-10 9.0497E-10 9.2069E-10 9.3740E-10 9.5382E-10 9.7049E-10 9.8757E-10 1.0051E-09 1.0236E-09 1.0420E-09 1.0607E-09 1.0825E-09 1.1006E-09 1.1204E-09 1.1438E-09 1.1629E-09 1.1823E-09 1.2074E-09 1.2274E-09 1.2477E-09 1.2717E-09 1.2934E-09 1.3146E-09 1.3375E-09 1.3607E-09 1.3828E-09 1.4059E-09 1.4294E-09 1.4531E-09 1.4772E-09 1.5015E-09 1.5262E-09 1.5511E-09 1.5763E-09 1.6019E-09 1.6277E-09 1.6537E-09 1.6805E-09 1.7071E-09 1.7340E-09 1.7615E-09 1.7881E-09 1.8168E-09 1.8439E-09 1.8723E-09 1.9009E-09 1.9285E-09 1.9587E-09 1.9878E-09 2.0159E-09 2.0453E-09 2.0748E-09 2.1031E-09 2.1328E-09
8.5092E-10 8.6498E-10 8.8284E-10 8.9718E-10 9.1158E-10 9.2931E-10 9.4550E-10 9.6079E-10 9.7883E-10 9.9604E-10 1.0144E-09 1.0324E-09 1.0509E-09 1.0725E-09 1.0906E-09 1.1102E-09 1.1335E-09 1.1526E-09 1.1719E-09 1.1969E-09 1.2169E-09 1.2372E-09 1.2612E-09 1.2827E-09 1.3039E-09 1.3268E-09 1.3493E-09 1.3721E-09 1.3952E-09 1.4186E-09 1.4423E-09 1.4664E-09 1.4907E-09 1.5154E-09 1.5404E-09 1.5656E-09 1.5912E-09 1.6171E-09 1.6433E-09 1.6701E-09 1.6968E-09 1.7239E-09 1.7515E-09 1.7783E-09 1.8072E-09 1.8345E-09 1.8632E-09 1.8920E-09 1.9199E-09 1.9504E-09 1.9799E-09 2.0083E-09 2.0381E-09 2.0680E-09 2.0968E-09 2.1269E-09 2.1559E-09
