Assets/Resources/2015_m01_d23_0600(utc+0800)_l00_csi_1hr_conc.grd
DSAA
         159         159
     -79.000      79.000
     -79.000      79.000
  0.0000E+00  0.5725E-05
[rows 75 to 99 of 159, columns 57 to 113 of 159]
1.1037E-09 1.1442E-09 1.1846E-09 1.2245E-09 1.2684E-09 1.3098E-09 1.3538E-09 1.3976E-09 1.4407E-09 1.4879E-09 1.5322E-09 1.5792E-09 1.6258E-09 1.6714E-09 1.7207E-09 1.7673E-09 1.8149E-09 1.8643E-09 1.9116E-09 1.9624E-09 2.0102E-09 2.0577E-09 2.1094E-09 2.1573E-09 2.2077E-09 2.2573E-09 2.3052E-09 2.3545E-09 2.4060E-09 2.4541E-09 2.5017E-09 2.5563E-09 2.6052E-09 2.6538E-09 2.7086E-09 2.7625E-09 2.8253E-09 3.0871E-09 3.5429E-09 4.2613E-09 5.4455E-09 7.0189E-09 9.5317E-09 1.3221E-08 1.8589E-08 2.6612E-08 3.8971E-08 6.1877E-08 9.1464E-08 1.2256E-07 1.5614E-07 1.8990E-07 2.1900E-07 2.4308E-07 2.6112E-07 2.7496E-07 2.8579E-07
1.0857E-09 1.1263E-09 1.1647E-09 1.2055E-09 1.2463E-09 1.2865E-09 1.3306E-09 1.3721E-09 1.4161E-09 1.4600E-09 1.5029E-09 1.5499E-09 1.5940E-09 1.6404E-09 1.6863E-09 1.7314E-09 1.7800E-09 1.8258E-09 1.8726E-09 1.9211E-09 1.9673E-09 2.0171E-09 2.0638E-09 2.1101E-09 2.1608E-09 2.2076E-09 2.2540E-09 2.3054E-09 2.3524E-09 2.3990E-09 2.4497E-09 2.4995E-09 2.5471E-09 2.5973E-09 2.6522E-09 2.7022E-09 2.7766E-09 3.0575E-09 3.5430E-09 4.3865E-09 5.7058E-09 7.6921E-09 1.1053E-08 1.6194E-08 2.3813E-08 3.6138E-08 6.7748E-08 1.1532E-07 1.5663E-07 1.9314E-07 2.2890E-07 2.6144E-07 2.8704E-07 3.0588E-07 3.1748E-07 3.2536E-07 3.3105E-07
1.0699E-09 1.1076E-09 1.1449E-09 1.1859E-09 1.2245E-09 1.2666E-09 1.3066E-09 1.3468E-09 1.3910E-09 1.4324E-09 1.4763E-09 1.5200E-09 1.5627E-09 1.6088E-09 1.6524E-09 1.6982E-09 1.7435E-09 1.7878E-09 1.8356E-09 1.8804E-09 1.9263E-09 1.9738E-09 2.0189E-09 2.0665E-09 2.1133E-09 2.1586E-09 2.2068E-09 2.2541E-09 2.2997E-09 2.3469E-09 2.3971E-09 2.4437E-09 2.4900E-09 2.5452E-09 2.5940E-09 2.6428E-09 2.7413E-09 3.0172E-09 3.5522E-09 4.4847E-09 6.0478E-09 8.9890E-09 1.4532E-08 2.3813E-08 4.0455E-08 9.3790E-08 1.5294E-07 2.1926E-07 2.6860E-07 3.0274E-07 3.2963E-07 3.5198E-07 3.6685E-07 3.7581E-07 3.7768E-07 3.7757E-07 3.7618E-07
1.0533E-09 1.0891E-09 1.1283E-09 1.1654E-09 1.2029E-09 1.2441E-09 1.2829E-09 1.3251E-09 1.3650E-09 1.4051E-09 1.4492E-09 1.4904E-09 1.5337E-09 1.5768E-09 1.6190E-09 1.6646E-09 1.7075E-09 1.7525E-09 1.7970E-09 1.8403E-09 1.8873E-09 1.9311E-09 1.9747E-09 2.0226E-09 2.0667E-09 2.1104E-09 2.1592E-09 2.2038E-09 2.2480E-09 2.2981E-09 2.3436E-09 2.3889E-09 2.4393E-09 2.4892E-09 2.5367E-09 2.6062E-09 2.6866E-09 2.9758E-09 3.5325E-09 4.5812E-09 6.8184E-09 1.1726E-08 2.1729E-08 4.2387E-08 1.1996E-07 2.4203E-07 3.4205E-07 4.1404E-07 4.4774E-07 4.5844E-07 4.5825E-07 4.5679E-07 4.5336E-07 4.4743E-07 4.3717E-07 4.2709E-07 4.1783E-07
1.0360E-09 1.0708E-09 1.1091E-09 1.1452E-09 1.1846E-09 1.2219E-09 1.2594E-09 1.3007E-09 1.3394E-09 1.3815E-09 1.4213E-09 1.4612E-09 1.5045E-09 1.5452E-09 1.5881E-09 1.6305E-09 1.6720E-09 1.7169E-09 1.7589E-09 1.8020E-09 1.8467E-09 1.8891E-09 1.9352E-09 1.9781E-09 2.0208E-09 2.0663E-09 2.1112E-09 2.1543E-09 2.1991E-09 2.2470E-09 2.2911E-09 2.3349E-09 2.3878E-09 2.4341E-09 2.4900E-09 2.5630E-09 2.6313E-09 2.9613E-09 3.5015E-09 4.8093E-09 8.2679E-09 1.6449E-08 3.9551E-08 1.6081E-07 4.5152E-07 6.2173E-07 7.0480E-07 7.1558E-07 6.8758E-07 6.4621E-07 6.0059E-07 5.6367E-07 5.3552E-07 5.1249E-07 4.8900E-07 4.6915E-07 4.5216E-07
1.0189E-09 1.0555E-09 1.0902E-09 1.1251E-09 1.1637E-09 1.1998E-09 1.2393E-09 1.2766E-09 1.3140E-09 1.3552E-09 1.3937E-09 1.4343E-09 1.4746E-09 1.5140E-09 1.5568E-09 1.5969E-09 1.6391E-09 1.6808E-09 1.7215E-09 1.7656E-09 1.8068E-09 1.8490E-09 1.8929E-09 5.7245E-06 2.3659E-06 2.0220E-09 2.0640E-09 2.1059E-09 2.1536E-09 2.1966E-09 2.2395E-09 2.2875E-09 2.3348E-09 2.3798E-09 2.4555E-09 2.5116E-09 5.0497E-09 1.8399E-08 6.2065E-08 1.4526E-07 2.3610E-07 3.5128E-07 4.8267E-07 1.0426E-06 1.2613E-06 1.2127E-06 1.1619E-06 1.0494E-06 9.2514E-07 8.2061E-07 7.2668E-07 6.5311E-07 6.0010E-07 5.6101E-07 5.2605E-07 4.9799E-07 4.7480E-07
1.0019E-09 1.0377E-09 1.0714E-09 1.1082E-09 1.1430E-09 1.1780E-09 1.2166E-09 1.2527E-09 1.2921E-09 1.3293E-09 1.3665E-09 1.4070E-09 1.4451E-09 1.4852E-09 1.5250E-09 1.5638E-09 1.6059E-09 1.6453E-09 1.6868E-09 1.7277E-09 1.7675E-09 1.8109E-09 1.8513E-09 1.8915E-09 5.3370E-06 5.2343E-06 2.0580E-06 4.6241E-09 2.1055E-09 2.1473E-09 2.1912E-09 1.3343E-08 5.2911E-08 1.5241E-07 3.2589E-07 5.6660E-07 8.3093E-07 1.0835E-06 1.5024E-06 2.2647E-06 2.5074E-06 2.6329E-06 2.7616E-06 2.7523E-06 2.0542E-06 1.6681E-06 1.4535E-06 1.2559E-06 1.0651E-06 9.2122E-07 7.9941E-07 7.0313E-07 6.3408E-07 5.8432E-07 5.4231E-07 5.0957E-07 4.8302E-07
9.8779E-10 1.0201E-09 1.0528E-09 1.0888E-09 1.1225E-09 1.1594E-09 1.1942E-09 1.2291E-09 1.2676E-09 1.3036E-09 1.3424E-09 1.3792E-09 1.4161E-09 1.4561E-09 1.4937E-09 1.5332E-09 1.5723E-09 1.6103E-09 1.6518E-09 1.6904E-09 1.7301E-09 1.7714E-09 1.8106E-09 1.8508E-09 1.5529E-06 5.0671E-06 4.9472E-06 4.7349E-06 2.0711E-06 2.3520E-06 3.1094E-06 3.5733E-06 2.8536E-06 2.2017E-06 2.2051E-06 2.2072E-06 2.1848E-06 2.1643E-06 2.2100E-06 2.9474E-06 3.4757E-06 3.5500E-06 3.6865E-06 2.7606E-06 2.0398E-06 1.6608E-06 1.4103E-06 1.2294E-06 1.0494E-06 9.1131E-07 7.9566E-07 7.0006E-07 6.2944E-07 5.7773E-07 5.3505E-07 5.0199E-07 4.7536E-07
9.7130E-10 1.0027E-09 1.0371E-09 1.0695E-09 1.1022E-09 1.1383E-09 1.1720E-09 1.2088E-09 1.2435E-09 1.2783E-09 1.3161E-09 1.3518E-09 1.3893E-09 1.4265E-09 1.4628E-09 1.5022E-09 1.5391E-09 1.5780E-09 1.6164E-09 1.6538E-09 1.6947E-09 1.7327E-09 1.7705E-09 1.8126E-09 1.8512E-09 1.8896E-09 1.7771E-06 4.5197E-06 4.5477E-06 4.4847E-06 4.4118E-06 4.3165E-06 4.1414E-06 2.6277E-06 2.2754E-06 2.2324E-06 2.1992E-06 2.1632E-06 2.1192E-06 2.2793E-06 3.0312E-06 3.2811E-06 2.8294E-06 2.0243E-06 1.5494E-06 1.3086E-06 1.1309E-06 1.0208E-06 9.0216E-07 8.0297E-07 7.1910E-07 6.4482E-07 5.8673E-07 5.4226E-07 5.0513E-07 4.7617E-07 4.5260E-07
9.5497E-10 9.8539E-10 1.0190E-09 1.0505E-09 1.0849E-09 1.1174E-09 1.1500E-09 1.1860E-09 1.2196E-09 1.2558E-09 1.2902E-09 1.3247E-09 1.3621E-09 1.3972E-09 1.4342E-09 1.4709E-09 1.5065E-09 1.5454E-09 1.5817E-09 1.6189E-09 1.6579E-09 1.6947E-09 1.7326E-09 1.7726E-09 1.8100E-09 1.8472E-09 1.8900E-09 3.9259E-08 1.9403E-06 4.1601E-06 4.3379E-06 4.2812E-06 4.1713E-06 3.5893E-06 2.2002E-06 1.9238E-06 1.7093E-06 1.4619E-06 1.2179E-06 1.0109E-06 1.0902E-06 1.2204E-06 1.0444E-06 1.1059E-06 9.7203E-07 8.7167E-07 7.9203E-07 7.4830E-07 6.9513E-07 6.4166E-07 5.9585E-07 5.5209E-07 5.1489E-07 4.8419E-07 4.5714E-07 4.3556E-07 4.1743E-07
9.3872E-10 9.7081E-10 1.0011E-09 1.0316E-09 1.0652E-09 1.0967E-09 1.1311E-09 1.1635E-09 1.1960E-09 1.2314E-09 1.2646E-09 1.2997E-09 1.3345E-09 1.3684E-09 1.4054E-09 1.4399E-09 1.4764E-09 1.5125E-09 1.5475E-09 1.5860E-09 1.6217E-09 1.6574E-09 1.6970E-09 1.7333E-09 1.7696E-09 1.8090E-09 1.8477E-09 1.8848E-09 1.9239E-09 1.5755E-07 1.8192E-06 1.8433E-06 1.2594E-06 8.2871E-07 3.5658E-07 2.0279E-07 1.3049E-07 8.6804E-08 5.9168E-08 4.0822E-08 4.1125E-08 6.9820E-08 1.8300E-07 4.1806E-07 4.9442E-07 5.0135E-07 4.9740E-07 4.9908E-07 4.9168E-07 4.7421E-07 4.5837E-07 4.4293E-07 4.2741E-07 4.1276E-07 3.9793E-07 3.8514E-07 3.7358E-07
9.2261E-10 9.5399E-10 9.8333E-10 1.0155E-09 1.0458E-09 1.0762E-09 1.1098E-09 1.1412E-09 1.1751E-09 1.2072E-09 1.2394E-09 1.2744E-09 1.3072E-09 1.3419E-09 1.3761E-09 1.4095E-09 1.4461E-09 1.4801E-09 1.5151E-09 1.5517E-09 1.5863E-09 1.6220E-09 1.6596E-09 1.6948E-09 1.7298E-09 1.7701E-09 1.8062E-09 1.8420E-09 1.8846E-09 1.9221E-09 1.9595E-09 2.0243E-09 2.0702E-09 2.1421E-09 2.2139E-09 2.2788E-09 2.4170E-09 2.8290E-09 3.3045E-09 4.9390E-09 8.0154E-09 1.5730E-08 3.2578E-08 1.1527E-07 2.0835E-07 2.5412E-07 2.8174E-07 3.0832E-07 3.2447E-07 3.2936E-07 3.3237E-07 3.3609E-07 3.3795E-07 3.3770E-07 3.3445E-07 3.3029E-07 3.2518E-07
9.0903E-10 9.3727E-10 9.6571E-10 9.9713E-10 1.0265E-09 1.0586E-09 1.0888E-09 1.1192E-09 1.1523E-09 1.1833E-09 1.2161E-09 1.2486E-09 1.2804E-09 1.3150E-09 1.3473E-09 1.3815E-09 1.4153E-09 1.4482E-09 1.4844E-09 1.5180E-09 1.5514E-09 1.5887E-09 1.6229E-09 1.6570E-09 1.6955E-09 1.7305E-09 1.7653E-09 1.8021E-09 1.8422E-09 1.8784E-09 1.9306E-09 1.9815E-09 2.0265E-09 2.1127E-09 2.1732E-09 2.2953E-09 2.5371E-09 2.7867E-09 3.2524E-09 4.3017E-09 6.5654E-09 1.0645E-08 1.8910E-08 3.5364E-08 8.0036E-08 1.1675E-07 1.4801E-07 1.8029E-07 2.0395E-07 2.1871E-07 2.3067E-07 2.4408E-07 2.5674E-07 2.6701E-07 2.7266E-07 2.7572E-07 2.7632E-07
8.9331E-10 9.2068E-10 9.5070E-10 9.7897E-10 1.0074E-09 1.0388E-09 1.0681E-09 1.0990E-09 1.1297E-09 1.1598E-09 1.1925E-09 1.2232E-09 1.2556E-09 1.2877E-09 1.3190E-09 1.3532E-09 1.3851E-09 1.4180E-09 1.4524E-09 1.4848E-09 1.5184E-09 1.5538E-09 1.5869E-09 1.6198E-09 1.6577E-09 1.6915E-09 1.7251E-09 1.7653E-09 1.8004E-09 1.8355E-09 1.8965E-09 1.9394E-09 2.0065E-09 2.0732E-09 2.1330E-09 2.2611E-09 2.5995E-09 2.7732E-09 3.1766E-09 3.8750E-09 5.5410E-09 8.3367E-09 1.2636E-08 2.0128E-08 3.4787E-08 5.5168E-08 7.6830E-08 1.0237E-07 1.2440E-07 1.4142E-07 1.5531E-07 1.7204E-07 1.8952E-07 2.0526E-07 2.1664E-07 2.2482E-07 2.2981E-07
8.7770E-10 9.0425E-10 9.3357E-10 9.6097E-10 9.9018E-10 1.0192E-09 1.0475E-09 1.0784E-09 1.1074E-09 1.1381E-09 1.1685E-09 1.1981E-09 1.2305E-09 1.2608E-09 1.2929E-09 1.3246E-09 1.3554E-09 1.3894E-09 1.4209E-09 1.4523E-09 1.4873E-09 1.5194E-09 1.5514E-09 1.5876E-09 1.6204E-09 1.6532E-09 1.6877E-09 1.7254E-09 1.7594E-09 1.8084E-09 1.8560E-09 1.8980E-09 1.9785E-09 2.0342E-09 2.1475E-09 2.3717E-09 2.5919E-09 2.7674E-09 3.0772E-09 3.5682E-09 4.6576E-09 6.7457E-09 9.5339E-09 1.3630E-08 1.9443E-08 2.9090E-08 4.1829E-08 5.8032E-08 7.5080E-08 9.0566E-08 1.0364E-07 1.1937E-07 1.3716E-07 1.5440E-07 1.6855E-07 1.7989E-07 1.8755E-07
8.6222E-10 8.8949E-10 9.1662E-10 9.4317E-10 9.7247E-10 9.9979E-10 1.0287E-09 1.0574E-09 1.0854E-09 1.1160E-09 1.1447E-09 1.1750E-09 1.2051E-09 1.2344E-09 1.2665E-09 1.2964E-09 1.3272E-09 1.3594E-09 1.3899E-09 1.4214E-09 1.4546E-09 1.4857E-09 1.5165E-09 1.5521E-09 1.5839E-09 1.6155E-09 1.6532E-09 1.6862E-09 1.7191E-09 1.7764E-09 1.8163E-09 1.8789E-09 1.9407E-09 1.9957E-09 2.1141E-09 2.4272E-09 2.5835E-09 2.7597E-09 2.9993E-09 3.4790E-09 4.3151E-09 5.3840E-09 7.6659E-09 1.0229E-08 1.3872E-08 1.8635E-08 2.5528E-08 3.5605E-08 4.7424E-08 5.8908E-08 7.0113E-08 8.2995E-08 9.8294E-08 1.1459E-07 1.2950E-07 1.4168E-07 1.5077E-07
8.4686E-10 8.7425E-10 8.9983E-10 9.2708E-10 9.5415E-10 9.8060E-10 1.0094E-09 1.0365E-09 1.0652E-09 1.0936E-09 1.1213E-09 1.1516E-09 1.1800E-09 1.2092E-09 1.2397E-09 1.2686E-09 1.3005E-09 1.3300E-09 1.3595E-09 1.3923E-09 1.4224E-09 1.4524E-09 1.4864E-09 1.5172E-09 1.5479E-09 1.5804E-09 1.6157E-09 1.6477E-09 1.6937E-09 1.7382E-09 1.7772E-09 1.8522E-09 1.9035E-09 2.0084E-09 2.2153E-09 2.4164E-09 2.5738E-09 2.7499E-09 2.9451E-09 3.3813E-09 3.9609E-09 4.9991E-09 6.2747E-09 8.3023E-09 1.0688E-08 1.3831E-08 1.7754E-08 2.3784E-08 3.1475E-08 4.0035E-08 4.8417E-08 5.8365E-08 7.0866E-08 8.4849E-08 9.8560E-08 1.1033E-07 1.1970E-07
8.3237E-10 8.5840E-10 8.8318E-10 9.1050E-10 9.3600E-10 9.6229E-10 9.8974E-10 1.0160E-09 1.0446E-09 1.0714E-09 1.0990E-09 1.1278E-09 1.1552E-09 1.1853E-09 1.2133E-09 1.2422E-09 1.2724E-09 1.3010E-09 1.3305E-09 1.3617E-09 1.3908E-09 1.4198E-09 1.4531E-09 1.4829E-09 1.5126E-09 1.5480E-09 1.5790E-09 1.6099E-09 1.6635E-09 1.7007E-09 1.7589E-09 1.8162E-09 1.8668E-09 1.9760E-09 2.2644E-09 2.4049E-09 2.5625E-09 2.7377E-09 2.9305E-09 3.2428E-09 3.7294E-09 4.5671E-09 5.5278E-09 7.0879E-09 8.9612E-09 1.1278E-08 1.4048E-08 1.7620E-08 2.2130E-08 2.7777E-08 3.4556E-08 4.1979E-08 5.1566E-08 6.2803E-08 7.4616E-08 8.5241E-08 9.4270E-08
8.1882E-10 8.4267E-10 8.6665E-10 8.9335E-10 9.1804E-10 9.4496E-10 9.7025E-10 9.9631E-10 1.0235E-09 1.0495E-09 1.0778E-09 1.1043E-09 1.1316E-09 1.1602E-09 1.1873E-09 1.2172E-09 1.2448E-09 1.2725E-09 1.3033E-09 1.3315E-09 1.3596E-09 1.3903E-09 1.4204E-09 1.4493E-09 1.4797E-09 1.5129E-09 1.5429E-09 1.5860E-09 1.6275E-09 1.6639E-09 1.7335E-09 1.7808E-09 1.8777E-09 2.0679E-09 2.2513E-09 2.3922E-09 2.5494E-09 2.7229E-09 2.9127E-09 3.1229E-09 3.5962E-09 4.2220E-09 5.1954E-09 6.1860E-09 7.8072E-09 9.5686E-09 1.1831E-08 1.4300E-08 1.7442E-08 2.1353E-08 2.5904E-08 3.1576E-08 3.8530E-08 4.6807E-08 5.6188E-08 6.5632E-08 7.3647E-08
8.0395E-10 8.2706E-10 8.5256E-10 8.7635E-10 9.0024E-10 9.2649E-10 9.5096E-10 9.7766E-10 1.0027E-09 1.0278E-09 1.0555E-09 1.0812E-09 1.1093E-09 1.1355E-09 1.1617E-09 1.1909E-09 1.2177E-09 1.2444E-09 1.2745E-09 1.3018E-09 1.3290E-09 1.3603E-09 1.3883E-09 1.4162E-09 1.4494E-09 1.4785E-09 1.5075E-09 1.5576E-09 1.5922E-09 1.6464E-09 1.6994E-09 1.7459E-09 1.8464E-09 2.1113E-09 2.2374E-09 2.3783E-09 2.5343E-09 2.7055E-09 2.8917E-09 3.0921E-09 3.4108E-09 3.9128E-09 4.6608E-09 5.6137E-09 6.7045E-09 8.2809E-09 9.9075E-09 1.2100E-08 1.4440E-08 1.7095E-08 2.0599E-08 2.4466E-08 2.9519E-08 3.5736E-08 4.2918E-08 5.0434E-08 5.7531E-08
7.8919E-10 8.1157E-10 8.3646E-10 8.5949E-10 8.8459E-10 9.0819E-10 9.3186E-10 9.5791E-10 9.8216E-10 1.0087E-09 1.0335E-09 1.0583E-09 1.0858E-09 1.1112E-09 1.1391E-09 1.1650E-09 1.1909E-09 1.2198E-09 1.2462E-09 1.2726E-09 1.3014E-09 1.3297E-09 1.3567E-09 1.3853E-09 1.4165E-09 1.4446E-09 1.4849E-09 1.5237E-09 1.5576E-09 1.6221E-09 1.6657E-09 1.7411E-09 1.8735E-09 2.0963E-09 2.2227E-09 2.3629E-09 2.5172E-09 2.6855E-09 2.8675E-09 3.0624E-09 3.2715E-09 3.7573E-09 4.2382E-09 5.1807E-09 5.9232E-09 7.2924E-09 8.6198E-09 1.0202E-08 1.2168E-08 1.4305E-08 1.6678E-08 1.9712E-08 2.3208E-08 2.7697E-08 3.3062E-08 3.8934E-08 4.4674E-08
7.7453E-10 7.9830E-10 8.2048E-10 8.4276E-10 8.6722E-10 8.9005E-10 9.1499E-10 9.3839E-10 9.6186E-10 9.8772E-10 1.0117E-09 1.0380E-09 1.0626E-09 1.0871E-09 1.1144E-09 1.1395E-09 1.1646E-09 1.1928E-09 1.2184E-09 1.2439E-09 1.2733E-09 1.2996E-09 1.3258E-09 1.3569E-09 1.3842E-09 1.4115E-09 1.4581E-09 1.4905E-09 1.5323E-09 1.5897E-09 1.6326E-09 1.7249E-09 1.9676E-09 2.0808E-09 2.2068E-09 2.3459E-09 2.4979E-09 2.6629E-09 2.8403E-09 3.0294E-09 3.2293E-09 3.5407E-09 4.0264E-09 4.6455E-09 5.4837E-09 6.2475E-09 7.7156E-09 8.9000E-09 1.0344E-08 1.2072E-08 1.4049E-08 1.6155E-08 1.8807E-08 2.1977E-08 2.5798E-08 3.0121E-08 3.4729E-08
7.5995E-10 7.8314E-10 8.0460E-10 8.2799E-10 8.4999E-10 8.7211E-10 8.9642E-10 9.1908E-10 9.4384E-10 9.6704E-10 9.9028E-10 1.0160E-09 1.0397E-09 1.0659E-09 1.0901E-09 1.1144E-09 1.1415E-09 1.1663E-09 1.1910E-09 1.2169E-09 1.2446E-09 1.2700E-09 1.2953E-09 1.3260E-09 1.3525E-09 1.3846E-09 1.4263E-09 1.4579E-09 1.5176E-09 1.5578E-09 1.6271E-09 1.6950E-09 1.9514E-09 2.0646E-09 2.1898E-09 2.3271E-09 2.4766E-09 2.6378E-09 2.8104E-09 2.9935E-09 3.1861E-09 3.3873E-09 3.7835E-09 4.2373E-09 4.8559E-09 5.7418E-09 6.5132E-09 7.8882E-09 9.0432E-09 1.0351E-08 1.1845E-08 1.3673E-08 1.5546E-08 1.7855E-08 2.0615E-08 2.3857E-08 2.7347E-08
7.4740E-10 7.6805E-10 7.8880E-10 8.1162E-10 8.3294E-10 8.5620E-10 8.7805E-10 8.9999E-10 9.2416E-10 9.4662E-10 9.7123E-10 9.9420E-10 1.0172E-09 1.0427E-09 1.0662E-09 1.0897E-09 1.1162E-09 1.1402E-09 1.1642E-09 1.1917E-09 1.2163E-09 1.2409E-09 1.2701E-09 1.2957E-09 1.3213E-09 1.3648E-09 1.3950E-09 1.4258E-09 1.4869E-09 1.5263E-09 1.6111E-09 1.8330E-09 1.9348E-09 2.0475E-09 2.1715E-09 2.3067E-09 2.4531E-09 2.6104E-09 2.7778E-09 2.9547E-09 3.1402E-09 3.3331E-09 3.5628E-09 4.0790E-09 4.4030E-09 5.2151E-09 5.9237E-09 6.6895E-09 7.8773E-09 9.0046E-09 1.0180E-08 1.1579E-08 1.3067E-08 1.4769E-08 1.6774E-08 1.9076E-08 2.1747E-08
7.3306E-10 7.5304E-10 7.7430E-10 7.9539E-10 8.1602E-10 8.3872E-10 8.5989E-10 8.8240E-10 9.0471E-10 9.2646E-10 9.5049E-10 9.7273E-10 9.9648E-10 1.0199E-09 1.0427E-09 1.0672E-09 1.0913E-09 1.1145E-09 1.1377E-09 1.1647E-09 1.1886E-09 1.2124E-09 1.2411E-09 1.2660E-09 1.2908E-09 1.3348E-09 1.3642E-09 1.4195E-09 1.4566E-09 1.5079E-09 1.5823E-09 1.8160E-09 1.9175E-09 2.0294E-09 2.1518E-09 2.2846E-09 2.4277E-09 2.5807E-09 2.7429E-09 2.9136E-09 3.0918E-09 3.2766E-09 3.4666E-09 3.7616E-09 4.2455E-09 4.5813E-09 5.4076E-09 6.0481E-09 6.7789E-09 7.7863E-09 8.9313E-09 9.9498E-09 1.1115E-08 1.2418E-08 1.3783E-08 1.5496E-08 1.7458E-08
