Assets/Resources/2015_m01_d25_2300(utc+0800)_l00_csi_1hr_conc.grd
DSAA
         159         159
     -79.000      79.000
     -79.000      79.000
  0.0000E+00  0.6581E-05
[rows 75 to 99 of 159, columns 57 to 113 of 159]
2.8037E-09 3.2138E-09 3.7387E-09 4.3485E-09 5.0079E-09 5.7676E-09 6.6401E-09 7.6383E-09 8.7742E-09 1.0060E-08 1.1706E-08 1.3471E-08 1.6176E-08 1.9508E-08 2.3252E-08 2.7950E-08 3.4523E-08 4.3206E-08 5.4751E-08 7.0436E-08 9.1734E-08 1.2157E-07 1.6481E-07 3.0039E-07 4.6627E-07 5.5444E-07 5.5652E-07 5.2407E-07 4.6461E-07 3.8954E-07 3.3041E-07 2.7560E-07 2.2433E-07 1.8862E-07 1.5849E-07 1.3023E-07 1.1044E-07 9.3232E-08 7.8895E-08 6.6670E-08 5.6284E-08 4.7639E-08 3.9581E-08 3.3817E-08 2.9152E-08 2.4720E-08 2.1634E-08 1.9218E-08 1.6634E-08 1.4940E-08 1.3096E-08 1.1925E-08 1.0933E-08 1.0088E-08 9.3067E-09 8.5872E-09 7.9269E-09
2.8907E-09 3.3110E-09 3.8515E-09 4.4787E-09 5.1563E-09 5.9357E-09 6.8295E-09 7.8504E-09 9.0113E-09 1.0323E-08 1.2013E-08 1.3810E-08 1.6692E-08 2.0102E-08 2.4020E-08 2.8963E-08 3.6054E-08 4.5530E-08 5.8294E-08 7.6265E-08 1.0225E-07 1.4412E-07 2.8647E-07 5.8916E-07 8.4076E-07 9.0854E-07 8.5100E-07 7.3167E-07 6.1350E-07 5.0155E-07 4.0043E-07 3.2485E-07 2.6311E-07 2.1096E-07 1.7360E-07 1.4328E-07 1.1722E-07 9.8370E-08 8.2768E-08 6.9708E-08 5.8676E-08 4.9497E-08 4.1948E-08 3.4965E-08 3.0027E-08 2.5414E-08 2.2214E-08 1.9669E-08 1.7012E-08 1.5238E-08 1.3339E-08 1.2151E-08 1.1114E-08 1.0248E-08 9.4473E-09 8.7101E-09 8.0340E-09
2.9624E-09 3.3935E-09 3.9462E-09 4.5871E-09 5.2796E-09 6.0752E-09 6.9857E-09 8.0242E-09 9.2026E-09 1.0533E-08 1.2245E-08 1.4061E-08 1.7050E-08 2.0510E-08 2.4531E-08 3.0060E-08 3.7057E-08 4.7069E-08 6.0672E-08 8.0720E-08 1.2326E-07 2.6074E-07 6.8836E-07 1.2312E-06 1.4524E-06 1.4011E-06 1.2028E-06 9.7780E-07 7.6574E-07 6.0146E-07 4.6245E-07 3.6567E-07 2.8913E-07 2.2670E-07 1.8362E-07 1.5006E-07 1.2169E-07 1.0172E-07 8.5256E-08 7.1671E-08 6.0233E-08 5.0725E-08 4.2930E-08 3.5740E-08 3.0631E-08 2.5893E-08 2.2631E-08 2.0003E-08 1.7297E-08 1.5472E-08 1.4061E-08 1.2331E-08 1.1262E-08 1.0379E-08 9.5627E-09 8.8109E-09 8.1217E-09
3.0242E-09 3.4634E-09 4.0244E-09 4.6738E-09 5.3766E-09 6.1829E-09 7.1049E-09 8.1545E-09 9.3436E-09 1.0683E-08 1.2395E-08 1.4221E-08 1.7243E-08 2.0715E-08 2.4763E-08 3.0366E-08 3.7466E-08 4.7692E-08 6.1645E-08 8.3203E-08 1.6889E-07 5.8742E-07 1.6482E-06 2.1318E-06 2.1033E-06 2.0012E-06 2.1284E-06 1.2625E-06 8.6630E-07 6.6202E-07 5.0429E-07 3.8526E-07 3.0059E-07 2.3296E-07 1.8754E-07 1.5272E-07 1.2333E-07 1.0297E-07 8.6176E-08 7.2430E-08 6.0864E-08 5.1255E-08 4.3374E-08 3.6110E-08 3.0942E-08 2.6159E-08 2.2874E-08 2.0212E-08 1.7483E-08 1.5639E-08 1.4207E-08 1.2461E-08 1.1376E-08 1.0480E-08 9.6514E-09 8.8883E-09 8.1889E-09
3.0755E-09 3.5207E-09 4.0865E-09 4.7405E-09 5.4489E-09 6.2605E-09 7.1873E-09 8.2412E-09 9.4335E-09 1.0774E-08 1.2462E-08 1.4290E-08 1.7282E-08 2.0715E-08 2.4710E-08 3.0241E-08 3.7244E-08 4.7332E-08 6.1080E-08 8.2601E-08 1.9796E-07 8.0079E-07 2.3349E-06 6.5805E-06 3.1329E-06 2.1936E-06 1.5998E-06 1.1686E-06 8.6307E-07 6.5389E-07 4.9518E-07 3.7777E-07 2.9507E-07 2.2908E-07 1.8486E-07 1.5081E-07 1.2197E-07 1.0203E-07 8.5472E-08 7.1947E-08 6.0536E-08 5.1057E-08 4.3263E-08 3.6069E-08 3.0950E-08 2.6205E-08 2.2938E-08 2.0292E-08 1.7569E-08 1.5725E-08 1.4292E-08 1.2540E-08 1.1454E-08 1.0549E-08 9.7119E-09 8.9411E-09 8.2344E-09
3.1157E-09 3.5646E-09 4.1319E-09 4.7866E-09 5.4962E-09 6.3080E-09 7.2336E-09 8.2846E-09 9.4719E-09 1.0805E-08 1.2444E-08 1.4272E-08 1.7165E-08 2.0524E-08 2.4394E-08 2.9713E-08 3.6430E-08 4.6029E-08 5.9047E-08 7.8694E-08 1.5509E-07 5.0444E-07 1.3522E-06 1.8069E-06 1.7754E-06 1.5682E-06 1.2762E-06 9.9360E-07 7.5358E-07 5.8087E-07 4.3919E-07 3.4672E-07 2.7463E-07 2.1594E-07 1.7601E-07 1.4463E-07 1.1781E-07 9.8989E-08 8.3222E-08 7.0271E-08 5.9284E-08 5.0161E-08 4.2618E-08 3.5627E-08 3.0665E-08 2.6037E-08 2.2827E-08 2.0246E-08 1.7553E-08 1.5741E-08 1.3802E-08 1.2567E-08 1.1495E-08 1.0585E-08 9.7433E-09 8.9684E-09 8.2577E-09
3.1033E-09 3.5949E-09 4.1605E-09 4.8119E-09 5.5186E-09 6.3256E-09 7.2442E-09 8.2853E-09 9.4596E-09 1.0777E-08 1.2350E-08 1.4166E-08 1.6882E-08 2.0154E-08 2.3840E-08 2.8465E-08 3.5111E-08 4.3946E-08 5.5811E-08 7.2608E-08 1.0678E-07 2.0337E-07 4.1847E-07 7.6413E-07 9.7877E-07 1.0016E-06 8.9086E-07 7.2481E-07 5.9131E-07 4.7423E-07 3.7221E-07 3.0172E-07 2.4451E-07 1.9640E-07 1.6253E-07 1.3188E-07 1.1134E-07 9.4096E-08 7.9574E-08 6.7505E-08 5.7191E-08 4.8633E-08 4.1491E-08 3.4818E-08 3.0111E-08 2.5665E-08 2.2550E-08 2.0078E-08 1.7439E-08 1.5687E-08 1.3784E-08 1.2540E-08 1.1497E-08 1.0587E-08 9.7451E-09 8.9697E-09 8.2582E-09
3.1228E-09 3.6114E-09 4.1723E-09 4.8167E-09 5.5165E-09 6.3141E-09 7.2200E-09 8.2450E-09 9.3989E-09 1.0691E-08 1.2161E-08 1.3978E-08 1.6455E-08 1.9624E-08 2.3076E-08 2.7370E-08 3.3391E-08 4.1285E-08 5.1333E-08 6.5876E-08 8.5646E-08 1.1503E-07 1.5322E-07 2.6854E-07 4.3618E-07 5.4582E-07 5.5318E-07 4.9605E-07 4.3421E-07 3.6768E-07 3.0265E-07 2.5338E-07 2.0656E-07 1.7398E-07 1.4647E-07 1.2099E-07 1.0314E-07 8.7777E-08 7.4797E-08 6.3803E-08 5.4411E-08 4.6534E-08 3.9036E-08 3.3677E-08 2.9317E-08 2.5097E-08 2.2133E-08 1.9171E-08 1.7233E-08 1.5565E-08 1.3706E-08 1.2463E-08 1.1461E-08 1.0556E-08 9.7174E-09 8.9449E-09 8.2357E-09
3.1311E-09 3.6141E-09 4.1675E-09 4.7602E-09 5.4909E-09 6.2746E-09 7.1630E-09 8.1659E-09 9.2927E-09 1.0552E-08 1.1950E-08 1.3637E-08 1.5923E-08 1.8969E-08 2.2153E-08 2.6070E-08 3.1399E-08 3.7890E-08 4.6942E-08 5.8800E-08 7.4721E-08 9.5595E-08 1.2259E-07 1.5565E-07 2.1007E-07 2.7760E-07 3.2231E-07 3.3035E-07 3.1011E-07 2.7362E-07 2.4069E-07 2.0881E-07 1.7600E-07 1.5131E-07 1.2633E-07 1.0917E-07 9.3942E-08 8.0739E-08 6.9290E-08 5.9431E-08 5.1088E-08 4.3984E-08 3.7163E-08 3.2235E-08 2.8291E-08 2.4341E-08 2.1619E-08 1.8828E-08 1.6939E-08 1.5380E-08 1.3558E-08 1.2351E-08 1.1388E-08 1.0491E-08 9.6603E-09 8.8942E-09 8.1906E-09
3.1281E-09 3.6035E-09 4.1048E-09 4.7296E-09 5.4429E-09 6.2089E-09 7.0753E-09 8.0510E-09 9.1450E-09 1.0365E-08 1.1716E-08 1.3233E-08 1.5273E-08 1.8184E-08 2.1122E-08 2.4642E-08 2.8937E-08 3.4888E-08 4.2493E-08 5.1844E-08 6.4803E-08 8.0288E-08 9.9020E-08 1.2056E-07 1.4382E-07 1.6938E-07 2.0823E-07 2.1678E-07 2.1775E-07 2.0814E-07 1.8429E-07 1.6699E-07 1.4807E-07 1.2618E-07 1.1116E-07 9.7095E-08 8.4481E-08 7.3296E-08 6.3366E-08 5.4819E-08 4.7476E-08 4.1174E-08 3.5029E-08 3.0633E-08 2.6363E-08 2.3423E-08 2.0979E-08 1.8356E-08 1.6558E-08 1.5122E-08 1.3349E-08 1.2225E-08 1.1278E-08 1.0394E-08 9.5746E-09 8.8185E-09 8.1234E-09
3.1139E-09 3.5377E-09 4.0727E-09 4.6813E-09 5.3741E-09 6.1191E-09 6.9596E-09 7.9038E-09 8.9600E-09 1.0135E-08 1.1434E-08 1.2860E-08 1.4533E-08 1.7048E-08 2.0031E-08 2.3155E-08 2.6914E-08 3.1910E-08 3.7821E-08 4.5719E-08 5.5374E-08 6.7086E-08 8.0476E-08 9.5321E-08 1.1092E-07 1.2864E-07 1.4322E-07 1.5778E-07 1.6220E-07 1.5472E-07 1.4710E-07 1.3657E-07 1.1998E-07 1.0827E-07 9.6634E-08 8.5468E-08 7.5222E-08 6.5772E-08 5.7422E-08 5.0107E-08 4.3763E-08 3.7386E-08 3.2789E-08 2.8987E-08 2.5126E-08 2.2422E-08 1.9616E-08 1.7780E-08 1.6152E-08 1.4305E-08 1.3073E-08 1.2047E-08 1.1125E-08 1.0262E-08 9.4598E-09 8.7179E-09 8.0348E-09
3.0470E-09 3.5059E-09 4.0260E-09 4.6165E-09 5.2440E-09 6.0075E-09 6.8188E-09 7.7281E-09 8.7424E-09 9.8680E-09 1.1109E-08 1.2470E-08 1.3948E-08 1.5919E-08 1.8770E-08 2.1660E-08 2.4911E-08 2.8786E-08 3.3886E-08 3.9621E-08 4.7029E-08 5.5656E-08 6.5594E-08 7.6066E-08 8.6795E-08 9.8968E-08 1.1111E-07 1.1771E-07 1.2223E-07 1.2174E-07 1.1527E-07 1.0883E-07 1.0110E-07 9.1898E-08 8.3184E-08 7.4543E-08 6.6309E-08 5.8632E-08 5.1700E-08 4.5511E-08 4.0107E-08 3.4573E-08 3.0572E-08 2.6563E-08 2.3814E-08 2.1464E-08 1.8912E-08 1.7158E-08 1.5711E-08 1.3943E-08 1.2778E-08 1.1827E-08 1.0932E-08 1.0093E-08 9.3128E-09 8.5900E-09 7.9231E-09
3.0160E-09 3.4619E-09 3.9659E-09 4.4950E-09 5.1441E-09 5.8765E-09 6.6563E-09 7.5277E-09 8.4972E-09 9.5703E-09 1.0751E-08 1.2041E-08 1.3441E-08 1.4962E-08 1.7182E-08 2.0072E-08 2.2996E-08 2.6246E-08 2.9996E-08 3.4793E-08 3.9940E-08 4.6364E-08 5.3528E-08 6.1356E-08 6.8892E-08 7.6881E-08 8.6360E-08 9.2787E-08 9.6132E-08 9.6379E-08 9.4056E-08 8.9895E-08 8.4531E-08 7.8290E-08 7.1621E-08 6.4854E-08 5.8272E-08 5.2052E-08 4.6351E-08 4.1198E-08 3.5779E-08 3.1836E-08 2.8527E-08 2.4994E-08 2.2506E-08 1.9857E-08 1.8132E-08 1.6563E-08 1.4740E-08 1.3534E-08 1.2500E-08 1.1580E-08 1.0712E-08 9.8996E-09 9.1419E-09 8.4395E-09 7.7908E-09
2.9752E-09 3.4068E-09 3.8532E-09 4.4062E-09 5.0283E-09 5.7284E-09 6.4750E-09 7.3066E-09 8.2292E-09 9.2476E-09 1.0365E-08 1.1584E-08 1.2903E-08 1.4319E-08 1.5920E-08 1.8273E-08 2.1067E-08 2.3905E-08 2.6955E-08 3.0372E-08 3.4158E-08 3.8989E-08 4.4253E-08 4.9386E-08 5.4951E-08 6.0574E-08 6.7445E-08 7.2741E-08 7.6123E-08 7.7307E-08 7.6502E-08 7.4114E-08 7.0577E-08 6.6183E-08 6.1281E-08 5.6126E-08 5.1002E-08 4.6072E-08 4.1465E-08 3.6308E-08 3.2630E-08 2.9374E-08 2.5872E-08 2.3429E-08 2.1357E-08 1.8978E-08 1.7340E-08 1.5992E-08 1.4266E-08 1.3136E-08 1.2198E-08 1.1310E-08 1.0473E-08 9.6876E-09 8.9542E-09 8.2732E-09 7.6437E-09
2.9255E-09 3.3030E-09 3.7746E-09 4.3046E-09 4.8568E-09 5.5274E-09 6.2777E-09 7.0686E-09 7.9431E-09 8.9057E-09 9.9592E-09 1.1105E-08 1.2342E-08 1.3667E-08 1.5075E-08 1.6725E-08 1.9029E-08 2.1801E-08 2.4280E-08 2.7010E-08 3.0013E-08 3.3270E-08 3.6712E-08 4.0856E-08 4.4302E-08 4.8012E-08 5.3318E-08 5.7355E-08 6.0309E-08 6.1854E-08 6.1972E-08 6.0830E-08 5.8682E-08 5.5740E-08 5.2290E-08 4.8478E-08 4.4586E-08 4.0745E-08 3.6114E-08 3.2824E-08 2.9778E-08 2.6402E-08 2.4090E-08 2.2021E-08 1.9644E-08 1.8041E-08 1.6652E-08 1.4926E-08 1.3754E-08 1.2779E-08 1.1877E-08 1.1022E-08 1.0217E-08 9.4598E-09 8.7520E-09 8.0939E-09 7.3549E-09
2.8668E-09 3.2337E-09 3.6859E-09 4.1517E-09 4.7221E-09 5.3582E-09 6.0676E-09 6.8167E-09 7.6429E-09 8.5497E-09 9.5390E-09 1.0612E-08 1.1768E-08 1.3003E-08 1.4304E-08 1.5662E-08 1.7261E-08 1.9555E-08 2.1964E-08 2.4180E-08 2.6584E-08 2.9156E-08 3.1841E-08 3.4530E-08 3.7011E-08 3.9206E-08 4.2385E-08 4.5960E-08 4.8289E-08 4.9802E-08 5.0372E-08 5.0011E-08 4.8834E-08 4.6980E-08 4.4651E-08 4.1916E-08 3.9035E-08 3.5125E-08 3.2359E-08 2.9682E-08 2.6551E-08 2.4425E-08 2.2446E-08 2.0122E-08 1.8588E-08 1.7188E-08 1.5464E-08 1.4324E-08 1.3309E-08 1.2401E-08 1.1537E-08 1.0718E-08 9.9450E-09 9.2178E-09 8.5371E-09 7.9032E-09 7.1936E-09
2.8007E-09 3.1565E-09 3.5503E-09 4.0358E-09 4.5770E-09 5.1377E-09 5.8103E-09 6.5545E-09 7.3328E-09 8.1842E-09 9.1101E-09 1.0112E-08 1.1188E-08 1.2329E-08 1.3522E-08 1.4754E-08 1.6028E-08 1.7622E-08 1.9714E-08 2.1813E-08 2.3764E-08 2.5818E-08 2.7914E-08 2.9972E-08 3.1850E-08 3.3488E-08 3.4911E-08 3.7027E-08 3.9416E-08 4.0687E-08 4.1386E-08 4.1450E-08 4.0892E-08 3.9794E-08 3.8284E-08 3.6391E-08 3.3368E-08 3.1199E-08 2.9063E-08 2.6292E-08 2.4410E-08 2.2604E-08 2.0393E-08 1.8946E-08 1.7588E-08 1.5886E-08 1.4789E-08 1.3766E-08 1.2866E-08 1.2000E-08 1.1175E-08 1.0393E-08 9.6544E-09 8.9592E-09 8.3075E-09 7.5682E-09 7.0216E-09
2.7283E-09 3.0711E-09 3.4509E-09 3.8695E-09 4.3853E-09 4.9569E-09 5.5886E-09 6.2447E-09 7.0164E-09 7.8134E-09 8.6775E-09 9.6101E-09 1.0605E-08 1.1654E-08 1.2747E-08 1.3872E-08 1.5015E-08 1.6197E-08 1.7652E-08 1.9458E-08 2.1181E-08 2.2810E-08 2.4383E-08 2.6329E-08 2.7772E-08 2.8998E-08 3.0097E-08 3.0996E-08 3.1967E-08 3.3937E-08 3.4581E-08 3.4814E-08 3.4616E-08 3.4009E-08 3.2122E-08 3.0890E-08 2.9356E-08 2.7893E-08 2.5599E-08 2.4010E-08 2.2492E-08 2.0443E-08 1.9102E-08 1.7833E-08 1.6189E-08 1.5133E-08 1.4133E-08 1.3257E-08 1.2403E-08 1.1580E-08 1.0796E-08 1.0050E-08 9.3465E-09 8.6834E-09 8.0614E-09 7.3585E-09 6.8352E-09
2.6453E-09 2.9792E-09 3.3437E-09 3.7451E-09 4.2318E-09 4.7278E-09 5.3240E-09 5.9790E-09 6.6967E-09 7.4405E-09 8.2453E-09 9.1089E-09 1.0025E-08 1.0988E-08 1.1987E-08 1.3016E-08 1.4070E-08 1.5145E-08 1.6238E-08 1.7561E-08 1.9023E-08 2.0367E-08 2.1644E-08 2.3156E-08 2.4247E-08 2.5147E-08 2.5967E-08 2.7106E-08 2.7608E-08 2.7847E-08 2.9482E-08 2.9222E-08 2.9116E-08 2.8711E-08 2.7909E-08 2.7168E-08 2.5500E-08 2.4441E-08 2.3205E-08 2.2061E-08 2.0263E-08 1.9037E-08 1.7917E-08 1.6357E-08 1.5350E-08 1.4402E-08 1.3558E-08 1.2731E-08 1.1925E-08 1.1146E-08 1.0402E-08 9.6943E-09 9.0263E-09 8.3958E-09 7.6736E-09 7.1368E-09 6.6336E-09
2.5313E-09 2.8823E-09 3.2304E-09 3.6141E-09 4.0345E-09 4.5424E-09 5.0997E-09 5.6704E-09 6.3409E-09 7.0691E-09 7.8158E-09 8.6126E-09 9.4553E-09 1.0338E-08 1.1253E-08 1.2200E-08 1.3174E-08 1.4168E-08 1.5172E-08 1.6173E-08 1.7254E-08 1.8391E-08 1.9408E-08 2.0583E-08 2.1454E-08 2.2155E-08 2.2785E-08 2.3762E-08 2.4228E-08 2.4494E-08 2.4487E-08 2.5317E-08 2.5330E-08 2.4691E-08 2.4278E-08 2.3699E-08 2.2863E-08 2.2135E-08 2.0690E-08 1.9774E-08 1.8765E-08 1.7834E-08 1.6381E-08 1.5417E-08 1.4570E-08 1.3766E-08 1.2972E-08 1.2195E-08 1.1435E-08 1.0701E-08 9.9984E-09 9.3293E-09 8.6968E-09 8.0994E-09 7.4177E-09 6.9070E-09 6.3033E-09
2.4089E-09 2.7589E-09 3.1127E-09 3.4777E-09 3.8777E-09 4.3132E-09 4.8375E-09 5.4089E-09 5.9886E-09 6.6648E-09 7.3925E-09 8.1268E-09 8.9010E-09 9.7103E-09 1.0552E-08 1.1425E-08 1.2324E-08 1.3242E-08 1.4165E-08 1.5074E-08 1.5943E-08 1.6778E-08 1.7602E-08 1.8542E-08 1.9288E-08 1.9843E-08 2.0333E-08 2.0907E-08 2.1570E-08 2.1831E-08 2.1915E-08 2.1874E-08 2.2178E-08 2.1985E-08 2.1722E-08 2.0929E-08 2.0400E-08 1.9766E-08 1.8981E-08 1.8296E-08 1.7034E-08 1.6222E-08 1.5375E-08 1.4627E-08 1.3874E-08 1.3123E-08 1.2380E-08 1.1652E-08 1.0940E-08 1.0249E-08 9.5880E-09 8.9578E-09 8.3608E-09 7.6713E-09 7.1554E-09 6.6667E-09 6.0996E-09
2.3095E-09 2.6115E-09 2.9725E-09 3.3370E-09 3.7162E-09 4.1290E-09 4.5759E-09 5.1104E-09 5.6885E-09 6.2694E-09 6.9409E-09 7.6546E-09 8.3664E-09 9.1109E-09 9.8857E-09 1.0690E-08 1.1518E-08 1.2362E-08 1.3205E-08 1.4028E-08 1.4814E-08 1.5552E-08 1.6235E-08 1.6877E-08 1.7509E-08 1.7994E-08 1.8389E-08 1.8862E-08 1.9228E-08 1.9687E-08 1.9810E-08 1.9812E-08 1.9690E-08 1.9456E-08 1.9402E-08 1.9034E-08 1.8639E-08 1.7806E-08 1.7239E-08 1.6594E-08 1.5871E-08 1.5232E-08 1.4564E-08 1.3876E-08 1.3178E-08 1.2480E-08 1.1787E-08 1.1107E-08 1.0441E-08 9.7950E-09 9.1743E-09 8.5826E-09 7.8909E-09 7.3755E-09 6.8872E-09 6.3064E-09 5.8933E-09
2.2229E-09 2.4843E-09 2.8060E-09 3.1757E-09 3.5517E-09 3.9416E-09 4.3628E-09 4.8169E-09 5.3547E-09 5.9316E-09 6.5054E-09 7.1617E-09 7.8545E-09 8.5400E-09 9.2532E-09 9.9926E-09 1.0752E-08 1.1524E-08 1.2290E-08 1.3035E-08 1.3746E-08 1.4415E-08 1.5041E-08 1.5623E-08 1.6153E-08 1.6577E-08 1.6909E-08 1.7303E-08 1.7659E-08 1.7886E-08 1.8008E-08 1.8032E-08 1.7965E-08 1.7816E-08 1.7585E-08 1.7373E-08 1.7001E-08 1.6439E-08 1.5985E-08 1.5483E-08 1.4943E-08 1.4367E-08 1.3758E-08 1.3129E-08 1.2488E-08 1.1841E-08 1.1198E-08 1.0565E-08 9.9440E-09 9.3409E-09 8.7602E-09 8.0728E-09 7.5616E-09 7.0772E-09 6.4932E-09 6.0744E-09 5.6829E-09
2.1358E-09 2.3800E-09 2.6545E-09 2.9751E-09 3.3491E-09 3.7525E-09 4.1486E-09 4.5746E-09 5.0310E-09 5.5650E-09 6.0880E-09 6.6926E-09 7.3292E-09 7.9507E-09 8.6520E-09 9.3299E-09 1.0025E-08 1.0726E-08 1.1421E-08 1.2096E-08 1.2742E-08 1.3355E-08 1.3933E-08 1.4470E-08 1.4960E-08 1.5362E-08 1.5657E-08 1.5953E-08 1.6254E-08 1.6465E-08 1.6590E-08 1.6632E-08 1.6591E-08 1.6476E-08 1.6289E-08 1.6040E-08 1.5729E-08 1.5370E-08 1.4965E-08 1.4518E-08 1.4033E-08 1.3516E-08 1.2966E-08 1.2393E-08 1.1805E-08 1.1210E-08 1.0615E-08 1.0027E-08 9.4511E-09 8.8899E-09 8.2125E-09 7.7110E-09 7.2323E-09 6.6521E-09 6.2324E-09 5.8405E-09 5.3569E-09
2.0457E-09 2.2782E-09 2.5309E-09 2.8161E-09 3.1437E-09 3.5260E-09 3.9355E-09 4.3343E-09 4.7608E-09 5.2134E-09 5.7367E-09 6.2475E-09 6.8323E-09 7.4432E-09 8.0379E-09 8.6994E-09 9.3328E-09 9.9697E-09 1.0601E-08 1.1216E-08 1.1806E-08 1.2369E-08 1.2902E-08 1.3397E-08 1.3848E-08 1.4229E-08 1.4499E-08 1.4748E-08 1.5027E-08 1.5229E-08 1.5357E-08 1.5410E-08 1.5389E-08 1.5300E-08 1.5146E-08 1.4931E-08 1.4661E-08 1.4344E-08 1.3983E-08 1.3583E-08 1.3152E-08 1.2687E-08 1.2190E-08 1.1672E-08 1.1136E-08 1.0590E-08 1.0043E-08 9.4987E-09 8.9652E-09 8.3079E-09 7.8195E-09 7.3519E-09 6.7784E-09 6.3626E-09 5.9741E-09 5.4910E-09 5.1478E-09
