Assets/Resources/2015_m01_d17_0600(utc+0800)_l00_csi_1hr_conc.grd
DSAA
         159         159
     -79.000      79.000
     -79.000      79.000
  0.0000E+00  0.1536E-04
[rows 50 to 74 of 159, columns 57 to 113 of 159]
2.4260E-10 3.0112E-10 3.7350E-10 4.4362E-10 5.2917E-10 6.1782E-10 7.6567E-10 9.2448E-10 1.1200E-09 1.3449E-09 1.6259E-09 1.9606E-09 2.3770E-09 2.8373E-09 3.3910E-09 4.0271E-09 4.7306E-09 5.5260E-09 6.4289E-09 7.4286E-09 8.5079E-09 9.6647E-09 1.0884E-08 1.2146E-08 1.3431E-08 1.4711E-08 1.5959E-08 1.7147E-08 1.8250E-08 1.9245E-08 2.0112E-08 2.0839E-08 2.1411E-08 2.1822E-08 2.2058E-08 2.2118E-08 2.1998E-08 2.1710E-08 2.1260E-08 2.0668E-08 1.9951E-08 1.9119E-08 1.8197E-08 1.7216E-08 1.6183E-08 1.5116E-08 1.4027E-08 1.2947E-08 1.1888E-08 1.0852E-08 9.8461E-09 8.8965E-09 8.0002E-09 7.1536E-09 6.3674E-09 5.6497E-09 4.9845E-09
2.1737E-10 2.7251E-10 3.3837E-10 4.0287E-10 4.8239E-10 5.7013E-10 7.2109E-10 8.8860E-10 1.0798E-09 1.2979E-09 1.6001E-09 1.9655E-09 2.3768E-09 2.8999E-09 3.4809E-09 4.1586E-09 4.9320E-09 5.8123E-09 6.7863E-09 7.8656E-09 9.0423E-09 1.0320E-08 1.1655E-08 1.3035E-08 1.4435E-08 1.5825E-08 1.7177E-08 1.8460E-08 1.9646E-08 2.0706E-08 2.1620E-08 2.2372E-08 2.2951E-08 2.3345E-08 2.3557E-08 2.3576E-08 2.3416E-08 2.3068E-08 2.2547E-08 2.1875E-08 2.1064E-08 2.0144E-08 1.9127E-08 1.8037E-08 1.6907E-08 1.5749E-08 1.4575E-08 1.3402E-08 1.2260E-08 1.1156E-08 1.0088E-08 9.0726E-09 8.1267E-09 7.2415E-09 6.4149E-09 5.6644E-09 4.9798E-09
1.8737E-10 2.4526E-10 3.0544E-10 3.6415E-10 4.3688E-10 5.2667E-10 6.7728E-10 8.4413E-10 1.0429E-09 1.2760E-09 1.5628E-09 1.9597E-09 2.4111E-09 2.9378E-09 3.5807E-09 4.3095E-09 5.1534E-09 6.0992E-09 7.1613E-09 8.3518E-09 9.6390E-09 1.1021E-08 1.2480E-08 1.3988E-08 1.5516E-08 1.7042E-08 1.8510E-08 1.9895E-08 2.1163E-08 2.2286E-08 2.3240E-08 2.4006E-08 2.4584E-08 2.4963E-08 2.5136E-08 2.5110E-08 2.4881E-08 2.4468E-08 2.3878E-08 2.3116E-08 2.2216E-08 2.1193E-08 2.0077E-08 1.8889E-08 1.7647E-08 1.6391E-08 1.5126E-08 1.3869E-08 1.2634E-08 1.1454E-08 1.0326E-08 9.2478E-09 8.2427E-09 7.3152E-09 6.4532E-09 5.6662E-09 4.9595E-09
1.6491E-10 2.0607E-10 2.7436E-10 3.2750E-10 3.9360E-10 4.8488E-10 6.3511E-10 8.1700E-10 1.0037E-09 1.2296E-09 1.5552E-09 1.9551E-09 2.4350E-09 3.0143E-09 3.6685E-09 4.4735E-09 5.3741E-09 6.4168E-09 7.5772E-09 8.8625E-09 1.0266E-08 1.1804E-08 1.3417E-08 1.5067E-08 1.6737E-08 1.8382E-08 1.9969E-08 2.1456E-08 2.2811E-08 2.4004E-08 2.5004E-08 2.5793E-08 2.6358E-08 2.6700E-08 2.6821E-08 2.6728E-08 2.6437E-08 2.5939E-08 2.5259E-08 2.4415E-08 2.3418E-08 2.2293E-08 2.1072E-08 1.9774E-08 1.8430E-08 1.7057E-08 1.5696E-08 1.4351E-08 1.3031E-08 1.1761E-08 1.0561E-08 9.4232E-09 8.3552E-09 7.3783E-09 6.4794E-09 5.6557E-09 4.9209E-09
1.4409E-10 1.8343E-10 2.1767E-10 2.9284E-10 3.5233E-10 4.4525E-10 5.9225E-10 7.7038E-10 9.6640E-10 1.2104E-09 1.5031E-09 1.9722E-09 2.4613E-09 3.0612E-09 3.7792E-09 4.6318E-09 5.6220E-09 6.7421E-09 8.0049E-09 9.4225E-09 1.0999E-08 1.2654E-08 1.4398E-08 1.6201E-08 1.8017E-08 1.9811E-08 2.1527E-08 2.3129E-08 2.4576E-08 2.5838E-08 2.6888E-08 2.7703E-08 2.8274E-08 2.8592E-08 2.8666E-08 2.8505E-08 2.8120E-08 2.7540E-08 2.6767E-08 2.5821E-08 2.4728E-08 2.3503E-08 2.2173E-08 2.0766E-08 1.9311E-08 1.7827E-08 1.6346E-08 1.4892E-08 1.3474E-08 1.2103E-08 1.0812E-08 9.6016E-09 8.4669E-09 7.4277E-09 6.4850E-09 5.6244E-09 4.8576E-09
1.2413E-10 1.6064E-10 1.9588E-10 2.2410E-10 3.1438E-10 4.0843E-10 5.5371E-10 7.4165E-10 9.1745E-10 1.1813E-09 1.5007E-09 1.9528E-09 2.4926E-09 3.1283E-09 3.8987E-09 4.7937E-09 5.8673E-09 7.0972E-09 8.4743E-09 1.0062E-08 1.1747E-08 1.3554E-08 1.5496E-08 1.7465E-08 1.9453E-08 2.1399E-08 2.3270E-08 2.4998E-08 2.6554E-08 2.7893E-08 2.8992E-08 2.9833E-08 3.0405E-08 3.0711E-08 3.0746E-08 3.0523E-08 3.0060E-08 2.9373E-08 2.8488E-08 2.7432E-08 2.6215E-08 2.4862E-08 2.3393E-08 2.1846E-08 2.0248E-08 1.8629E-08 1.7011E-08 1.5427E-08 1.3897E-08 1.2423E-08 1.1029E-08 9.7391E-09 8.5413E-09 7.4419E-09 6.4569E-09 5.5671E-09 4.7752E-09
1.0496E-10 1.3795E-10 1.7450E-10 2.0115E-10 2.3270E-10 3.0382E-10 5.2087E-10 6.9422E-10 9.0457E-10 1.1496E-09 1.4809E-09 1.9648E-09 2.4929E-09 3.1676E-09 3.9925E-09 4.9770E-09 6.1319E-09 7.4499E-09 9.0158E-09 1.0703E-08 1.2598E-08 1.4588E-08 1.6705E-08 1.8884E-08 2.1056E-08 2.3189E-08 2.5215E-08 2.7091E-08 2.8751E-08 3.0169E-08 3.1311E-08 3.2165E-08 3.2725E-08 3.2990E-08 3.2957E-08 3.2652E-08 3.2080E-08 3.1268E-08 3.0244E-08 2.9031E-08 2.7667E-08 2.6166E-08 2.4558E-08 2.2867E-08 2.1128E-08 1.9373E-08 1.7626E-08 1.5916E-08 1.4274E-08 1.2708E-08 1.1225E-08 9.8563E-09 8.6002E-09 7.4489E-09 6.4216E-09 5.5063E-09 4.6919E-09
8.7014E-11 1.1426E-10 1.5135E-10 1.7902E-10 2.0931E-10 2.8186E-10 4.0330E-10 6.6516E-10 8.5211E-10 1.1314E-09 1.4559E-09 1.9125E-09 2.5045E-09 3.2220E-09 4.1009E-09 5.1330E-09 6.3843E-09 7.8887E-09 9.5376E-09 1.1449E-08 1.3541E-08 1.5736E-08 1.8056E-08 2.0431E-08 2.2796E-08 2.5101E-08 2.7280E-08 2.9272E-08 3.1032E-08 3.2500E-08 3.3687E-08 3.4547E-08 3.5080E-08 3.5286E-08 3.5174E-08 3.4772E-08 3.4096E-08 3.3178E-08 3.2030E-08 3.0690E-08 2.9179E-08 2.7545E-08 2.5801E-08 2.3980E-08 2.2109E-08 2.0225E-08 1.8353E-08 1.6523E-08 1.4766E-08 1.3101E-08 1.1529E-08 1.0073E-08 8.7496E-09 7.5433E-09 6.4655E-09 5.5161E-09 4.6761E-09
7.1189E-11 9.3032E-11 1.2854E-10 1.5768E-10 1.8671E-10 2.6320E-10 3.8053E-10 5.3426E-10 8.2843E-10 1.0830E-09 1.4366E-09 1.8700E-09 2.5004E-09 3.2393E-09 4.1779E-09 5.3176E-09 6.7229E-09 8.2921E-09 1.0172E-08 1.2206E-08 1.4592E-08 1.7019E-08 1.9553E-08 2.2165E-08 2.4745E-08 2.7231E-08 2.9562E-08 3.1681E-08 3.3517E-08 3.5064E-08 3.6266E-08 3.7135E-08 3.7659E-08 3.7859E-08 3.7729E-08 3.7281E-08 3.6547E-08 3.5556E-08 3.4346E-08 3.2924E-08 3.1332E-08 2.9592E-08 2.7754E-08 2.5830E-08 2.3860E-08 2.1875E-08 1.9907E-08 1.7985E-08 1.6144E-08 1.4422E-08 1.2838E-08 1.1455E-08 1.0568E-08 9.1296E-09 7.8412E-09 6.7143E-09 5.7313E-09
5.8613E-11 7.3912E-11 1.0471E-10 1.3578E-10 1.6520E-10 2.4223E-10 3.7364E-10 5.0901E-10 7.2610E-10 1.0522E-09 1.3975E-09 1.8396E-09 2.4728E-09 3.2773E-09 4.2766E-09 5.5366E-09 7.0088E-09 8.8158E-09 1.0805E-08 1.3257E-08 1.5836E-08 1.8549E-08 2.1378E-08 2.4258E-08 2.7119E-08 2.9844E-08 3.2384E-08 3.4666E-08 3.6674E-08 3.8347E-08 3.9715E-08 4.0726E-08 4.1436E-08 4.1850E-08 4.2019E-08 4.1973E-08 4.1802E-08 4.1774E-08 4.2300E-08 4.1264E-08 4.0077E-08 3.8818E-08 3.7605E-08 3.6771E-08 3.7115E-08 3.7974E-08 3.4534E-08 3.1112E-08 2.7794E-08 2.4675E-08 2.1902E-08 1.9772E-08 1.7375E-08 1.4373E-08 1.1762E-08 9.5464E-09 7.6842E-09
3.9816E-11 5.7752E-11 8.3160E-11 1.1497E-10 1.4478E-10 2.2146E-10 3.5444E-10 5.1710E-10 7.0072E-10 9.5097E-10 1.2661E-09 1.8351E-09 2.4558E-09 3.2775E-09 4.3349E-09 5.6531E-09 7.4076E-09 9.3488E-09 1.1849E-08 1.4453E-08 1.7465E-08 2.0716E-08 2.4103E-08 2.7715E-08 3.1437E-08 3.4863E-08 3.8198E-08 4.1469E-08 4.4769E-08 4.8523E-08 5.4326E-08 5.8702E-08 6.0955E-08 6.2968E-08 6.4841E-08 6.6770E-08 6.9449E-08 7.6403E-08 7.5752E-08 7.3724E-08 7.1076E-08 6.7905E-08 6.4416E-08 6.1058E-08 5.9038E-08 5.2829E-08 4.6669E-08 4.0704E-08 3.5056E-08 2.9832E-08 2.5111E-08 2.0918E-08 1.7293E-08 1.4269E-08 1.1741E-08 9.3784E-09 7.4405E-09
1.7796E-11 3.5224E-11 5.9198E-11 9.1840E-11 1.2370E-10 2.0021E-10 3.3798E-10 4.9305E-10 7.0498E-10 9.2585E-10 1.2654E-09 1.6632E-09 2.3838E-09 3.3904E-09 4.5756E-09 6.0715E-09 8.4677E-09 1.1199E-08 1.4140E-08 1.7690E-08 2.1712E-08 2.6220E-08 3.1345E-08 3.7757E-08 4.2935E-08 4.8134E-08 5.3308E-08 5.8475E-08 6.3847E-08 7.0132E-08 7.7703E-08 8.1488E-08 8.4654E-08 8.7118E-08 8.8845E-08 8.9743E-08 8.9809E-08 8.9046E-08 8.7556E-08 8.5919E-08 8.2867E-08 7.8424E-08 7.3442E-08 6.8146E-08 6.2946E-08 5.8333E-08 5.5062E-08 4.7779E-08 4.0902E-08 3.4575E-08 2.8921E-08 2.4003E-08 2.0029E-08 1.6138E-08 1.2593E-08 9.7296E-09 7.2917E-09
1.0577E-11 1.6119E-11 3.1022E-11 6.4970E-11 1.0030E-10 1.7669E-10 3.2172E-10 4.8564E-10 6.6404E-10 9.1954E-10 1.2405E-09 1.6697E-09 2.2379E-09 3.1314E-09 4.8260E-09 6.6957E-09 9.5435E-09 1.2556E-08 1.6352E-08 2.0709E-08 2.5596E-08 3.0911E-08 3.6504E-08 4.2315E-08 4.8259E-08 5.4451E-08 6.0135E-08 6.5642E-08 7.1008E-08 7.6363E-08 8.2034E-08 8.8937E-08 9.6135E-08 9.9829E-08 1.0283E-07 1.0518E-07 1.0705E-07 1.0894E-07 1.1378E-07 1.0976E-07 1.0444E-07 9.8011E-08 9.0756E-08 8.3055E-08 7.5550E-08 6.7498E-08 5.7851E-08 4.8782E-08 4.0474E-08 3.3055E-08 2.6602E-08 2.1104E-08 1.6515E-08 1.2782E-08 9.7916E-09 7.1011E-09 5.1955E-09
4.4531E-12 8.4394E-12 1.4754E-11 3.6445E-11 7.2225E-11 1.4898E-10 2.9546E-10 4.6205E-10 6.5078E-10 9.0495E-10 1.2305E-09 1.6387E-09 2.2172E-09 2.9728E-09 4.0435E-09 5.9375E-09 9.2386E-09 1.3047E-08 1.7469E-08 2.2603E-08 2.8317E-08 3.4442E-08 4.1065E-08 4.8236E-08 5.6174E-08 6.2971E-08 6.9585E-08 7.6025E-08 8.2440E-08 8.9147E-08 9.7616E-08 1.0370E-07 1.0809E-07 1.1157E-07 1.1392E-07 1.1488E-07 1.1439E-07 1.1232E-07 1.0869E-07 1.0354E-07 9.7016E-08 8.9422E-08 8.1054E-08 7.2283E-08 6.3398E-08 5.4698E-08 4.6419E-08 3.8772E-08 3.1884E-08 2.5831E-08 2.0646E-08 1.6297E-08 1.2717E-08 9.8373E-09 7.0554E-09 5.3466E-09 3.7225E-09
8.9169E-13 3.1242E-12 6.2900E-12 1.6674E-11 4.5609E-11 1.1569E-10 2.6107E-10 4.2589E-10 6.2364E-10 8.6651E-10 1.1908E-09 1.6302E-09 2.2149E-09 2.9953E-09 4.1512E-09 5.5232E-09 8.1635E-09 1.2660E-08 1.8699E-08 2.4804E-08 3.1264E-08 3.8185E-08 4.5253E-08 5.2275E-08 5.8923E-08 6.5062E-08 7.0546E-08 7.5496E-08 7.9972E-08 8.4069E-08 8.7788E-08 9.1072E-08 9.3812E-08 9.5899E-08 9.7138E-08 9.7304E-08 9.6248E-08 9.3940E-08 9.0381E-08 8.5614E-08 7.9770E-08 7.3098E-08 6.5871E-08 5.8374E-08 5.0931E-08 4.3773E-08 3.7052E-08 3.0906E-08 2.5421E-08 2.0631E-08 1.6553E-08 1.3142E-08 1.0329E-08 7.8074E-09 5.7608E-09 4.3610E-09 3.0450E-09
0.0000E+00 4.6878E-13 1.6670E-12 6.1659E-12 2.5115E-11 8.6185E-11 2.2635E-10 3.8462E-10 5.8221E-10 8.3451E-10 1.1379E-09 1.6005E-09 2.1598E-09 3.0325E-09 4.1588E-09 5.7700E-09 8.0611E-09 1.2414E-08 1.8033E-08 2.6133E-08 3.4290E-08 4.2069E-08 4.9674E-08 5.6655E-08 6.2838E-08 6.7855E-08 7.1688E-08 7.4489E-08 7.6483E-08 7.8076E-08 7.9515E-08 8.0719E-08 8.1625E-08 8.2127E-08 8.2126E-08 8.1448E-08 7.9907E-08 7.7453E-08 7.4114E-08 6.9946E-08 6.5009E-08 5.9480E-08 5.3603E-08 4.7555E-08 4.1527E-08 3.5712E-08 3.0266E-08 2.5292E-08 2.0857E-08 1.6976E-08 1.3665E-08 1.0896E-08 8.5996E-09 6.1770E-09 4.8881E-09 3.2958E-09 2.6504E-09
0.0000E+00 0.0000E+00 2.9391E-14 1.2710E-12 1.0607E-11 6.1240E-11 1.9028E-10 3.4724E-10 5.3752E-10 7.7943E-10 1.0976E-09 1.5299E-09 2.1192E-09 3.0270E-09 4.2716E-09 5.8531E-09 8.6718E-09 1.3225E-08 2.0327E-08 2.9015E-08 3.9421E-08 4.9622E-08 5.8270E-08 6.5833E-08 7.1562E-08 7.5472E-08 7.7486E-08 7.7927E-08 7.7385E-08 7.6277E-08 7.4984E-08 7.3858E-08 7.2764E-08 7.1600E-08 7.0265E-08 6.8654E-08 6.6582E-08 6.3929E-08 6.0722E-08 5.6997E-08 5.2770E-08 4.8139E-08 4.3301E-08 3.8385E-08 3.3522E-08 2.8846E-08 2.4482E-08 2.0496E-08 1.6947E-08 1.3839E-08 1.1185E-08 8.9585E-09 6.5129E-09 5.1811E-09 3.6812E-09 2.8387E-09 1.9814E-09
0.0000E+00 0.0000E+00 0.0000E+00 0.0000E+00 3.0847E-12 3.8531E-11 1.5547E-10 3.0844E-10 4.8842E-10 7.2633E-10 1.0387E-09 1.4676E-09 2.0826E-09 2.9378E-09 4.2266E-09 6.3733E-09 9.0760E-09 1.4296E-08 2.2396E-08 3.4762E-08 4.7455E-08 6.0760E-08 7.2183E-08 8.0504E-08 8.5949E-08 8.8078E-08 8.7362E-08 8.4638E-08 8.0758E-08 7.6470E-08 7.2375E-08 6.8713E-08 6.5670E-08 6.2971E-08 6.0437E-08 5.7995E-08 5.5464E-08 5.2665E-08 4.9561E-08 4.6201E-08 4.2576E-08 3.8700E-08 3.4720E-08 3.0742E-08 2.6842E-08 2.3106E-08 1.9637E-08 1.6479E-08 1.3668E-08 1.1196E-08 9.0870E-09 6.8924E-09 5.3753E-09 4.0489E-09 2.9981E-09 2.2884E-09 1.5247E-09
0.0000E+00 0.0000E+00 0.0000E+00 0.0000E+00 4.2277E-13 2.1596E-11 1.2167E-10 2.6872E-10 4.3713E-10 6.6381E-10 9.6255E-10 1.3776E-09 2.0075E-09 2.9170E-09 4.4315E-09 6.4517E-09 9.8692E-09 1.5411E-08 2.5534E-08 4.1334E-08 5.9789E-08 7.7150E-08 9.2300E-08 1.0267E-07 1.0768E-07 1.0720E-07 1.0249E-07 9.4986E-08 8.6500E-08 7.8436E-08 7.1162E-08 6.5008E-08 5.9983E-08 5.5900E-08 5.2358E-08 4.9187E-08 4.6274E-08 4.3378E-08 4.0386E-08 3.7341E-08 3.4212E-08 3.0965E-08 2.7686E-08 2.4474E-08 2.1364E-08 1.8397E-08 1.5653E-08 1.3164E-08 1.0954E-08 9.0082E-09 6.9726E-09 5.4627E-09 4.2527E-09 3.1144E-09 2.4949E-09 1.6123E-09 1.3546E-09
0.0000E+00 0.0000E+00 0.0000E+00 0.0000E+00 0.0000E+00 1.0136E-11 8.9338E-11 2.2739E-10 3.8219E-10 5.9620E-10 8.8380E-10 1.2861E-09 1.9083E-09 2.8161E-09 4.3242E-09 6.7024E-09 1.0154E-08 1.6654E-08 2.7729E-08 4.9043E-08 7.5993E-08 1.0213E-07 1.2286E-07 1.3639E-07 1.4051E-07 1.3588E-07 1.2439E-07 1.0985E-07 9.5036E-08 8.1771E-08 7.0953E-08 6.2228E-08 5.5345E-08 5.0007E-08 4.5638E-08 4.1912E-08 3.8709E-08 3.5764E-08 3.2896E-08 3.0131E-08 2.7428E-08 2.4706E-08 2.2003E-08 1.9408E-08 1.6929E-08 1.4578E-08 1.2423E-08 1.0474E-08 8.7398E-09 6.7871E-09 5.4404E-09 4.2246E-09 3.1831E-09 2.5407E-09 1.6947E-09 1.4211E-09 1.1906E-09
0.0000E+00 0.0000E+00 0.0000E+00 0.0000E+00 0.0000E+00 3.9383E-12 6.0765E-11 1.8530E-10 3.2782E-10 5.2266E-10 7.9202E-10 1.1737E-09 1.7633E-09 2.7419E-09 4.2736E-09 6.5762E-09 1.0862E-08 1.7718E-08 3.0634E-08 5.7888E-08 9.7071E-08 1.3934E-07 1.7228E-07 1.8936E-07 1.9144E-07 1.7877E-07 1.5626E-07 1.3007E-07 1.0595E-07 8.6160E-08 7.1062E-08 5.9413E-08 5.1079E-08 4.4896E-08 3.9932E-08 3.5835E-08 3.2461E-08 2.9534E-08 2.6820E-08 2.4305E-08 2.1962E-08 1.9673E-08 1.7444E-08 1.5356E-08 1.3384E-08 1.1518E-08 9.8279E-09 8.3043E-09 6.3643E-09 5.3174E-09 4.0524E-09 3.2067E-09 2.4045E-09 1.7623E-09 1.4814E-09 1.2421E-09 1.0372E-09
0.0000E+00 0.0000E+00 0.0000E+00 0.0000E+00 0.0000E+00 2.1771E-13 3.4380E-11 1.4280E-10 2.7370E-10 4.4786E-10 6.9265E-10 1.0479E-09 1.6019E-09 2.5396E-09 4.0053E-09 6.5617E-09 1.0775E-08 1.8626E-08 3.2286E-08 6.6424E-08 1.2655E-07 1.9525E-07 2.5075E-07 2.7839E-07 2.7317E-07 2.4449E-07 2.0159E-07 1.5727E-07 1.1881E-07 8.8738E-08 6.8371E-08 5.5641E-08 4.6986E-08 4.0228E-08 3.4922E-08 3.0658E-08 2.7241E-08 2.4403E-08 2.1871E-08 1.9606E-08 1.7581E-08 1.5649E-08 1.3810E-08 1.2127E-08 1.0557E-08 9.0868E-09 7.4679E-09 6.0479E-09 5.1214E-09 3.7680E-09 3.1797E-09 2.2558E-09 1.8106E-09 1.5265E-09 1.2825E-09 1.0745E-09 8.9117E-10
0.0000E+00 0.0000E+00 0.0000E+00 0.0000E+00 0.0000E+00 0.0000E+00 1.6751E-11 1.0100E-10 2.2232E-10 3.7506E-10 5.8935E-10 9.0966E-10 1.4169E-09 2.2789E-09 3.6940E-09 6.0866E-09 1.0180E-08 1.8382E-08 3.4817E-08 7.4091E-08 1.6586E-07 2.8614E-07 3.8127E-07 4.2160E-07 4.0571E-07 3.4529E-07 2.6904E-07 1.9015E-07 1.2718E-07 8.6343E-08 6.4455E-08 5.1562E-08 4.2624E-08 3.5698E-08 3.0348E-08 2.6128E-08 2.2810E-08 2.0139E-08 1.7812E-08 1.5803E-08 1.4064E-08 1.2438E-08 1.0924E-08 9.5662E-09 8.0243E-09 6.6010E-09 5.6776E-09 4.6084E-09 3.6604E-09 2.8526E-09 2.1625E-09 1.8369E-09 1.5489E-09 1.3049E-09 1.0944E-09 9.1615E-10 7.5767E-10
0.0000E+00 0.0000E+00 0.0000E+00 0.0000E+00 0.0000E+00 0.0000E+00 5.8641E-12 6.3560E-11 1.7097E-10 3.0370E-10 4.8901E-10 7.6341E-10 1.2127E-09 1.9743E-09 3.2465E-09 5.3987E-09 9.1221E-09 1.6786E-08 3.4136E-08 8.1919E-08 2.1472E-07 4.2394E-07 5.8948E-07 6.4397E-07 6.2342E-07 5.2188E-07 3.6899E-07 2.2456E-07 1.2896E-07 8.0421E-08 5.8752E-08 4.6553E-08 3.7673E-08 3.1089E-08 2.6017E-08 2.2036E-08 1.8973E-08 1.6541E-08 1.4448E-08 1.2713E-08 1.1206E-08 9.6445E-09 8.3744E-09 7.0206E-09 5.8667E-09 4.9512E-09 4.0772E-09 3.2613E-09 2.5180E-09 2.1490E-09 1.8311E-09 1.5516E-09 1.3085E-09 1.1031E-09 9.2352E-10 7.6943E-10 6.3924E-10
0.0000E+00 0.0000E+00 0.0000E+00 0.0000E+00 0.0000E+00 0.0000E+00 1.6144E-13 3.0325E-11 1.2164E-10 2.3846E-10 3.9497E-10 6.2202E-10 9.9890E-10 1.6396E-09 2.7365E-09 4.5623E-09 7.6998E-09 1.4246E-08 3.1338E-08 8.1866E-08 2.4271E-07 5.6758E-07 8.9508E-07 1.1278E-06 1.0198E-06 7.6034E-07 4.7952E-07 2.4990E-07 1.1991E-07 7.1912E-08 5.1392E-08 3.9571E-08 3.1460E-08 2.5641E-08 2.1259E-08 1.7787E-08 1.5151E-08 1.3028E-08 1.1154E-08 9.5989E-09 8.2672E-09 7.1076E-09 6.0827E-09 5.0617E-09 4.1981E-09 3.5447E-09 2.8668E-09 2.4642E-09 2.1039E-09 1.7970E-09 1.5301E-09 1.2936E-09 1.0904E-09 9.1765E-10 7.6703E-10 6.3756E-10 5.2713E-10
