Assets/Resources/2015_m01_d29_0800(utc+0800)_l00_csi_1hr_conc.grd
DSAA
         159         159
     -79.000      79.000
     -79.000      79.000
  0.0000E+00  0.5197E-04
[rows 50 to 74 of 159, columns 57 to 113 of 159]
2.4854E-09 2.5865E-09 2.6963E-09 2.8035E-09 2.9132E-09 3.0343E-09 3.1503E-09 3.2795E-09 3.4021E-09 3.5329E-09 3.6747E-09 3.8304E-09 3.9703E-09 4.1131E-09 4.2588E-09 4.4073E-09 4.6483E-09 4.8306E-09 5.0034E-09 5.1817E-09 5.3789E-09 5.5651E-09 5.7520E-09 5.9397E-09 6.1274E-09 6.3139E-09 6.4980E-09 6.6786E-09 6.8540E-09 7.0221E-09 7.1830E-09 7.3353E-09 7.4776E-09 7.6087E-09 7.7272E-09 7.8321E-09 7.9222E-09 8.0001E-09 8.0627E-09 8.1084E-09 8.1368E-09 8.1504E-09 8.1536E-09 8.1277E-09 8.0803E-09 8.0158E-09 7.9348E-09 7.8378E-09 7.7257E-09 7.5994E-09 7.4597E-09 7.3078E-09 7.1447E-09 6.9598E-09 6.7790E-09 6.5900E-09 6.3940E-09
2.4654E-09 2.5730E-09 2.6784E-09 2.7866E-09 2.9057E-09 3.0206E-09 3.1483E-09 3.2702E-09 3.4005E-09 3.5420E-09 3.6976E-09 3.8383E-09 3.9825E-09 4.1300E-09 4.2809E-09 4.5290E-09 4.7014E-09 4.8971E-09 5.0954E-09 5.2852E-09 5.4814E-09 5.6820E-09 5.8844E-09 6.0872E-09 6.2905E-09 6.4931E-09 6.6936E-09 6.8907E-09 7.0829E-09 7.2681E-09 7.4447E-09 7.6121E-09 7.7689E-09 7.9134E-09 8.0443E-09 8.1604E-09 8.2603E-09 8.3460E-09 8.4151E-09 8.4658E-09 8.4975E-09 8.5118E-09 8.5149E-09 8.4883E-09 8.4381E-09 8.3695E-09 8.2830E-09 8.1794E-09 8.0597E-09 7.9248E-09 7.7758E-09 7.6139E-09 7.4402E-09 7.2560E-09 7.0624E-09 6.8495E-09 6.6424E-09
2.4486E-09 2.5519E-09 2.6581E-09 2.7748E-09 2.8881E-09 3.0137E-09 3.1344E-09 3.2634E-09 3.4038E-09 3.5583E-09 3.6990E-09 3.8437E-09 3.9923E-09 4.1447E-09 4.3764E-09 4.5740E-09 4.7762E-09 4.9827E-09 5.1806E-09 5.3837E-09 5.5914E-09 5.8063E-09 6.0253E-09 6.2458E-09 6.4663E-09 6.6865E-09 6.9050E-09 7.1202E-09 7.3304E-09 7.6562E-09 7.8566E-09 8.0457E-09 8.2222E-09 8.3845E-09 8.5308E-09 8.6595E-09 8.7695E-09 8.8617E-09 8.9345E-09 8.9860E-09 9.0157E-09 9.0245E-09 8.9029E-09 8.8745E-09 8.8207E-09 8.7469E-09 8.6538E-09 8.5425E-09 8.4138E-09 8.2690E-09 8.1093E-09 7.9360E-09 7.7504E-09 7.5539E-09 7.3477E-09 7.1333E-09 6.8997E-09
2.4247E-09 2.5346E-09 2.6425E-09 2.7536E-09 2.8767E-09 2.9956E-09 3.1178E-09 3.2662E-09 3.4138E-09 3.5537E-09 3.6980E-09 3.8467E-09 3.9997E-09 4.2334E-09 4.4344E-09 4.6416E-09 4.8371E-09 5.0597E-09 5.2712E-09 5.4888E-09 5.7120E-09 5.9402E-09 6.1762E-09 6.4158E-09 6.6560E-09 7.0169E-09 7.2654E-09 7.5104E-09 7.7498E-09 7.9814E-09 8.2031E-09 8.4122E-09 8.6071E-09 8.7862E-09 8.9475E-09 9.0894E-09 9.2103E-09 9.3105E-09 9.3889E-09 9.4436E-09 9.4744E-09 9.4811E-09 9.4725E-09 9.4318E-09 9.3635E-09 9.2732E-09 9.0488E-09 8.9283E-09 8.7892E-09 8.6331E-09 8.4611E-09 8.2749E-09 8.0759E-09 7.8656E-09 7.6455E-09 7.4170E-09 7.1815E-09
2.4043E-09 2.5095E-09 2.6181E-09 2.7381E-09 2.8547E-09 2.9748E-09 3.1199E-09 3.2651E-09 3.4035E-09 3.5466E-09 3.6945E-09 3.8472E-09 4.0809E-09 4.2576E-09 4.4717E-09 4.6937E-09 4.9232E-09 5.1415E-09 5.3676E-09 5.6011E-09 5.8414E-09 6.0877E-09 6.3391E-09 6.7284E-09 7.0038E-09 7.2789E-09 7.5521E-09 7.8218E-09 8.0856E-09 8.3411E-09 8.5857E-09 8.8169E-09 9.0321E-09 9.2296E-09 9.4072E-09 9.5632E-09 9.6958E-09 9.8041E-09 9.8878E-09 9.9451E-09 9.9760E-09 9.9800E-09 9.9649E-09 9.9170E-09 9.8401E-09 9.7392E-09 9.6156E-09 9.4709E-09 9.3067E-09 9.0179E-09 8.8320E-09 8.6312E-09 8.4171E-09 8.1914E-09 7.9558E-09 7.7117E-09 7.4609E-09
2.3767E-09 2.4823E-09 2.5989E-09 2.7127E-09 2.8302E-09 2.9662E-09 3.1068E-09 3.2496E-09 3.3908E-09 3.5370E-09 3.6884E-09 3.9203E-09 4.0970E-09 4.3123E-09 4.5374E-09 4.7480E-09 4.9956E-09 5.2285E-09 5.4706E-09 5.7214E-09 6.0982E-09 6.3798E-09 6.6684E-09 6.9624E-09 7.2645E-09 7.5678E-09 7.8690E-09 8.1661E-09 8.4571E-09 8.7390E-09 9.0090E-09 9.2642E-09 9.5017E-09 9.7191E-09 9.9145E-09 1.0086E-08 1.0230E-08 1.0347E-08 1.0436E-08 1.0495E-08 1.0524E-08 1.0525E-08 1.0501E-08 1.0443E-08 1.0356E-08 1.0242E-08 1.0104E-08 9.9433E-09 9.7616E-09 9.5612E-09 9.3439E-09 9.0054E-09 8.7745E-09 8.5317E-09 8.2788E-09 8.0176E-09 7.7498E-09
2.3530E-09 2.4599E-09 2.5705E-09 2.6850E-09 2.8121E-09 2.9476E-09 3.0932E-09 3.2317E-09 3.3755E-09 3.5249E-09 3.7529E-09 3.9285E-09 4.1433E-09 4.3412E-09 4.5820E-09 4.8344E-09 5.0725E-09 5.3213E-09 5.5808E-09 5.9818E-09 6.2794E-09 6.5867E-09 6.9025E-09 7.2250E-09 7.5524E-09 7.8861E-09 8.2189E-09 8.5469E-09 8.8679E-09 9.1791E-09 9.4770E-09 9.7585E-09 1.0020E-08 1.0259E-08 1.0474E-08 1.0661E-08 1.0819E-08 1.0944E-08 1.1037E-08 1.1097E-08 1.1124E-08 1.1118E-08 1.1084E-08 1.1014E-08 1.0914E-08 1.0785E-08 1.0630E-08 1.0450E-08 1.0248E-08 1.0027E-08 9.7874E-09 9.5331E-09 9.2659E-09 8.8862E-09 8.6144E-09 8.3344E-09 8.0481E-09
2.3219E-09 2.4290E-09 2.5400E-09 2.6630E-09 2.7888E-09 2.9353E-09 3.0705E-09 3.2113E-09 3.3577E-09 3.5802E-09 3.7535E-09 3.9356E-09 4.1631E-09 4.4044E-09 4.6284E-09 4.9006E-09 5.1543E-09 5.5444E-09 5.8425E-09 6.1541E-09 6.4785E-09 6.8144E-09 7.1603E-09 7.5142E-09 7.8741E-09 8.2375E-09 8.6044E-09 8.9672E-09 9.3217E-09 9.6650E-09 9.9938E-09 1.0304E-08 1.0592E-08 1.0855E-08 1.1090E-08 1.1294E-08 1.1465E-08 1.1599E-08 1.1695E-08 1.1754E-08 1.1778E-08 1.1765E-08 1.1718E-08 1.1633E-08 1.1517E-08 1.1370E-08 1.1195E-08 1.0993E-08 1.0768E-08 1.0522E-08 1.0258E-08 9.9788E-09 9.6863E-09 9.3833E-09 8.9623E-09 8.6617E-09 8.3553E-09
2.2889E-09 2.3961E-09 2.5147E-09 2.6314E-09 2.7707E-09 2.9085E-09 3.0455E-09 3.1884E-09 3.4037E-09 3.5737E-09 3.7528E-09 3.9771E-09 4.1827E-09 4.4403E-09 4.7146E-09 4.9708E-09 5.3737E-09 5.6808E-09 6.0041E-09 6.3431E-09 6.6970E-09 7.0644E-09 7.4436E-09 7.8324E-09 8.2283E-09 8.6281E-09 9.0293E-09 9.4296E-09 9.8215E-09 1.0200E-08 1.0563E-08 1.0905E-08 1.1222E-08 1.1511E-08 1.1767E-08 1.1988E-08 1.2173E-08 1.2317E-08 1.2414E-08 1.2472E-08 1.2490E-08 1.2467E-08 1.2405E-08 1.2301E-08 1.2167E-08 1.1999E-08 1.1801E-08 1.1575E-08 1.1323E-08 1.1050E-08 1.0757E-08 1.0449E-08 1.0129E-08 9.7977E-09 9.4592E-09 8.9989E-09 8.6706E-09
2.2540E-09 2.3679E-09 2.4805E-09 2.6028E-09 2.7467E-09 2.8794E-09 3.0181E-09 3.1631E-09 3.3905E-09 3.5656E-09 3.7506E-09 3.9874E-09 4.2423E-09 4.4774E-09 4.7727E-09 5.1842E-09 5.4975E-09 5.8298E-09 6.1808E-09 6.5500E-09 6.9364E-09 7.3385E-09 7.7543E-09 8.1814E-09 8.6169E-09 9.0573E-09 9.4987E-09 9.9377E-09 1.0370E-08 1.0788E-08 1.1188E-08 1.1564E-08 1.1912E-08 1.2229E-08 1.2509E-08 1.2749E-08 1.2946E-08 1.3099E-08 1.3198E-08 1.3253E-08 1.3263E-08 1.3229E-08 1.3148E-08 1.3021E-08 1.2866E-08 1.2675E-08 1.2450E-08 1.2195E-08 1.1913E-08 1.1609E-08 1.1285E-08 1.0945E-08 1.0593E-08 1.0231E-08 9.8624E-09 9.4896E-09 9.1149E-09
2.2234E-09 2.3316E-09 2.4442E-09 2.5796E-09 2.7141E-09 2.8481E-09 2.9883E-09 3.2056E-09 3.3756E-09 3.5558E-09 3.7863E-09 3.9969E-09 4.2682E-09 4.6817E-09 4.9775E-09 5.2942E-09 5.6324E-09 5.9922E-09 6.3735E-09 6.7757E-09 7.1976E-09 7.6377E-09 8.0936E-09 8.5627E-09 9.0416E-09 9.5263E-09 1.0013E-08 1.0495E-08 1.0970E-08 1.1431E-08 1.1871E-08 1.2284E-08 1.2666E-08 1.3012E-08 1.3318E-08 1.3578E-08 1.3791E-08 1.3951E-08 1.4049E-08 1.4099E-08 1.4099E-08 1.4050E-08 1.3949E-08 1.3795E-08 1.3616E-08 1.3397E-08 1.3142E-08 1.2855E-08 1.2540E-08 1.2200E-08 1.1841E-08 1.1466E-08 1.1079E-08 1.0683E-08 1.0281E-08 9.8765E-09 9.4715E-09
2.1856E-09 2.2935E-09 2.4112E-09 2.5507E-09 2.6794E-09 2.8144E-09 2.9562E-09 3.1845E-09 3.3589E-09 3.5443E-09 3.7866E-09 4.0515E-09 4.4150E-09 4.7557E-09 5.0727E-09 5.4135E-09 5.7787E-09 6.1685E-09 6.5828E-09 7.0209E-09 7.4816E-09 7.9630E-09 8.4627E-09 8.9775E-09 9.5036E-09 1.0037E-08 1.0571E-08 1.1103E-08 1.1625E-08 1.2131E-08 1.2614E-08 1.3067E-08 1.3486E-08 1.3863E-08 1.4195E-08 1.4477E-08 1.4705E-08 1.4876E-08 1.4968E-08 1.5010E-08 1.4999E-08 1.4933E-08 1.4809E-08 1.4625E-08 1.4416E-08 1.4166E-08 1.3877E-08 1.3554E-08 1.3201E-08 1.2823E-08 1.2426E-08 1.2012E-08 1.1586E-08 1.1153E-08 1.0715E-08 1.0275E-08 9.8373E-09
2.1460E-09 2.2536E-09 2.3835E-09 2.5132E-09 2.6426E-09 2.7786E-09 2.9939E-09 3.1615E-09 3.3402E-09 3.5732E-09 3.7855E-09 4.1857E-09 4.5212E-09 4.8355E-09 5.1756E-09 5.5424E-09 5.9367E-09 6.3589E-09 6.8088E-09 7.2858E-09 7.7884E-09 8.3147E-09 8.8617E-09 9.4260E-09 1.0003E-08 1.0589E-08 1.1176E-08 1.1760E-08 1.2333E-08 1.2888E-08 1.3419E-08 1.3915E-08 1.4371E-08 1.4783E-08 1.5143E-08 1.5447E-08 1.5690E-08 1.5871E-08 1.5960E-08 1.5989E-08 1.5962E-08 1.5876E-08 1.5726E-08 1.5509E-08 1.5266E-08 1.4981E-08 1.4655E-08 1.4291E-08 1.3897E-08 1.3477E-08 1.3036E-08 1.2580E-08 1.2112E-08 1.1638E-08 1.1161E-08 1.0684E-08 1.0211E-08
2.1050E-09 2.2120E-09 2.3503E-09 2.4737E-09 2.6037E-09 2.8053E-09 2.9654E-09 3.1366E-09 3.3196E-09 3.5631E-09 3.8335E-09 4.2233E-09 4.5854E-09 4.9212E-09 5.2858E-09 5.6805E-09 6.1062E-09 6.5632E-09 7.0515E-09 7.5703E-09 8.1181E-09 8.6926E-09 9.2906E-09 9.9082E-09 1.0541E-08 1.1182E-08 1.1826E-08 1.2466E-08 1.3094E-08 1.3702E-08 1.4283E-08 1.4827E-08 1.5324E-08 1.5769E-08 1.6159E-08 1.6555E-08 1.6813E-08 1.6999E-08 1.7081E-08 1.7093E-08 1.7038E-08 1.6879E-08 1.6701E-08 1.6446E-08 1.6164E-08 1.5841E-08 1.5472E-08 1.5065E-08 1.4625E-08 1.4159E-08 1.3671E-08 1.3169E-08 1.2656E-08 1.2138E-08 1.1619E-08 1.1102E-08 1.0591E-08
2.0624E-09 2.1796E-09 2.3089E-09 2.4324E-09 2.5628E-09 2.7721E-09 2.9349E-09 3.1095E-09 3.3406E-09 3.5511E-09 3.9742E-09 4.3255E-09 4.6538E-09 5.0125E-09 5.4033E-09 5.8277E-09 6.2867E-09 6.7809E-09 7.3102E-09 7.8736E-09 8.4697E-09 9.0957E-09 9.7482E-09 1.0423E-08 1.1114E-08 1.1815E-08 1.2520E-08 1.3219E-08 1.3906E-08 1.4570E-08 1.5204E-08 1.5798E-08 1.6340E-08 1.6822E-08 1.7353E-08 1.7703E-08 1.7976E-08 1.8169E-08 1.8245E-08 1.8239E-08 1.8159E-08 1.8008E-08 1.7788E-08 1.7481E-08 1.7107E-08 1.6741E-08 1.6327E-08 1.5872E-08 1.5382E-08 1.4866E-08 1.4328E-08 1.3776E-08 1.3214E-08 1.2649E-08 1.2085E-08 1.1526E-08 1.0974E-08
2.0184E-09 2.1488E-09 2.2658E-09 2.3893E-09 2.5199E-09 2.7369E-09 2.9024E-09 3.0802E-09 3.2716E-09 3.7208E-09 3.9998E-09 4.3769E-09 4.7260E-09 5.1088E-09 5.5272E-09 5.9830E-09 6.4774E-09 7.0110E-09 7.5836E-09 8.1945E-09 8.8417E-09 9.5224E-09 1.0233E-08 1.0968E-08 1.1721E-08 1.2486E-08 1.3254E-08 1.4017E-08 1.4765E-08 1.5488E-08 1.6178E-08 1.6823E-08 1.7414E-08 1.8113E-08 1.8565E-08 1.8994E-08 1.9278E-08 1.9421E-08 1.9488E-08 1.9462E-08 1.9353E-08 1.9165E-08 1.8898E-08 1.8540E-08 1.8154E-08 1.7728E-08 1.7214E-08 1.6707E-08 1.6164E-08 1.5594E-08 1.5002E-08 1.4396E-08 1.3783E-08 1.3168E-08 1.2557E-08 1.1952E-08 1.1359E-08
1.9731E-09 2.1045E-09 2.2210E-09 2.3444E-09 2.5439E-09 2.6998E-09 2.8676E-09 3.0486E-09 3.3663E-09 3.7309E-09 4.0917E-09 4.4293E-09 4.8013E-09 5.2093E-09 5.6567E-09 6.1455E-09 6.6770E-09 7.2519E-09 7.8702E-09 8.5309E-09 9.2319E-09 9.9701E-09 1.0741E-08 1.1540E-08 1.2358E-08 1.3190E-08 1.4025E-08 1.4854E-08 1.5667E-08 1.6452E-08 1.7199E-08 1.7897E-08 1.8796E-08 1.9378E-08 1.9969E-08 2.0359E-08 2.0651E-08 2.0842E-08 2.0890E-08 2.0827E-08 2.0674E-08 2.0389E-08 2.0074E-08 1.9651E-08 1.9204E-08 1.8722E-08 1.8188E-08 1.7612E-08 1.6965E-08 1.6337E-08 1.5688E-08 1.5027E-08 1.4359E-08 1.3692E-08 1.3030E-08 1.2379E-08 1.1741E-08
1.9317E-09 2.0587E-09 2.1747E-09 2.2978E-09 2.5031E-09 2.6605E-09 2.8306E-09 3.0146E-09 3.4099E-09 3.7410E-09 4.1260E-09 4.4827E-09 4.8769E-09 5.3123E-09 5.7906E-09 6.3137E-09 6.8838E-09 7.5017E-09 8.1676E-09 8.8801E-09 9.6372E-09 1.0435E-08 1.1270E-08 1.2134E-08 1.3021E-08 1.3922E-08 1.4827E-08 1.5725E-08 1.6604E-08 1.7453E-08 1.8260E-08 1.9383E-08 2.0097E-08 2.0896E-08 2.1431E-08 2.1846E-08 2.2142E-08 2.2324E-08 2.2350E-08 2.2249E-08 2.2048E-08 2.1754E-08 2.1371E-08 2.0818E-08 2.0296E-08 1.9751E-08 1.9152E-08 1.8508E-08 1.7831E-08 1.7090E-08 1.6382E-08 1.5661E-08 1.4936E-08 1.4214E-08 1.3501E-08 1.2801E-08 1.2118E-08
1.9029E-09 2.0116E-09 2.1270E-09 2.2495E-09 2.4603E-09 2.6192E-09 2.7913E-09 3.1067E-09 3.4029E-09 3.8223E-09 4.1607E-09 4.5374E-09 4.9557E-09 5.4181E-09 5.9268E-09 6.4857E-09 7.0954E-09 7.7578E-09 8.4726E-09 9.2387E-09 1.0054E-08 1.0914E-08 1.1813E-08 1.2746E-08 1.3703E-08 1.4675E-08 1.5652E-08 1.6621E-08 1.7569E-08 1.8930E-08 1.9855E-08 2.0714E-08 2.1761E-08 2.2449E-08 2.3021E-08 2.3469E-08 2.3771E-08 2.3935E-08 2.3928E-08 2.3777E-08 2.3516E-08 2.3154E-08 2.2699E-08 2.2112E-08 2.1490E-08 2.0809E-08 2.0137E-08 1.9422E-08 1.8673E-08 1.7901E-08 1.7074E-08 1.6293E-08 1.5509E-08 1.4731E-08 1.3964E-08 1.3214E-08 1.2484E-08
1.8555E-09 1.9633E-09 2.0778E-09 2.2680E-09 2.4156E-09 2.5756E-09 2.7494E-09 3.1374E-09 3.3943E-09 3.8397E-09 4.1954E-09 4.5925E-09 5.0347E-09 5.5255E-09 6.0677E-09 6.6629E-09 7.3122E-09 8.0187E-09 8.7817E-09 9.6024E-09 1.0476E-08 1.1399E-08 1.2366E-08 1.3368E-08 1.4397E-08 1.5442E-08 1.6491E-08 1.7532E-08 1.9116E-08 2.0186E-08 2.1200E-08 2.2548E-08 2.3417E-08 2.4164E-08 2.4776E-08 2.5243E-08 2.5557E-08 2.5698E-08 2.5646E-08 2.5426E-08 2.5088E-08 2.4642E-08 2.4099E-08 2.3418E-08 2.2697E-08 2.1965E-08 2.1189E-08 2.0346E-08 1.9520E-08 1.8674E-08 1.7815E-08 1.6915E-08 1.6071E-08 1.5235E-08 1.4414E-08 1.3613E-08 1.2837E-08
1.8072E-09 1.9138E-09 2.0272E-09 2.2210E-09 2.3690E-09 2.5298E-09 2.8352E-09 3.1181E-09 3.4542E-09 3.8557E-09 4.2286E-09 4.6467E-09 5.1138E-09 5.6330E-09 6.2080E-09 6.8415E-09 7.5348E-09 8.2877E-09 9.0991E-09 9.9707E-09 1.0900E-08 1.1887E-08 1.2920E-08 1.3992E-08 1.5093E-08 1.6212E-08 1.7335E-08 1.9133E-08 2.0348E-08 2.2054E-08 2.3228E-08 2.4306E-08 2.5263E-08 2.6078E-08 2.6731E-08 2.7212E-08 2.7514E-08 2.7639E-08 2.7529E-08 2.7217E-08 2.6780E-08 2.6230E-08 2.5577E-08 2.4785E-08 2.3947E-08 2.3112E-08 2.2232E-08 2.1325E-08 2.0364E-08 1.9439E-08 1.8506E-08 1.7574E-08 1.6614E-08 1.5720E-08 1.4845E-08 1.3993E-08 1.3170E-08
1.7579E-09 1.8632E-09 1.9755E-09 2.1722E-09 2.3203E-09 2.4817E-09 2.8520E-09 3.0965E-09 3.4474E-09 3.8700E-09 4.2597E-09 4.6983E-09 5.1899E-09 5.7386E-09 6.3476E-09 7.0185E-09 7.7545E-09 8.5563E-09 9.4227E-09 1.0350E-08 1.1474E-08 1.2376E-08 1.3468E-08 1.4610E-08 1.5783E-08 1.6974E-08 1.8961E-08 2.0316E-08 2.2360E-08 2.3757E-08 2.5075E-08 2.6281E-08 2.7342E-08 2.8231E-08 2.8927E-08 2.9417E-08 2.9696E-08 2.9766E-08 2.9602E-08 2.9179E-08 2.8612E-08 2.7927E-08 2.7141E-08 2.6217E-08 2.5241E-08 2.4287E-08 2.3294E-08 2.2275E-08 2.1250E-08 2.0187E-08 1.9176E-08 1.8172E-08 1.7183E-08 1.6180E-08 1.5250E-08 1.4349E-08 1.3480E-08
1.7078E-09 1.8117E-09 1.9225E-09 2.1218E-09 2.2697E-09 2.5574E-09 2.8213E-09 3.1384E-09 3.5224E-09 3.8812E-09 4.2874E-09 4.7462E-09 5.2622E-09 5.8391E-09 6.4811E-09 7.1915E-09 7.9714E-09 8.8200E-09 9.9137E-09 1.1040E-08 1.2285E-08 1.3680E-08 1.4217E-08 1.5224E-08 1.6455E-08 1.8575E-08 2.0069E-08 2.2449E-08 2.4083E-08 2.5666E-08 2.7157E-08 2.8515E-08 2.9698E-08 3.0673E-08 3.1414E-08 3.1906E-08 3.2145E-08 3.2138E-08 3.1872E-08 3.1332E-08 3.0607E-08 2.9751E-08 2.8798E-08 2.7715E-08 2.6578E-08 2.5485E-08 2.4363E-08 2.3227E-08 2.2087E-08 2.0962E-08 1.9818E-08 1.8740E-08 1.7683E-08 1.6652E-08 1.5624E-08 1.4674E-08 1.3760E-08
1.6570E-09 1.7592E-09 1.9348E-09 2.0697E-09 2.2171E-09 2.5603E-09 2.7878E-09 3.1156E-09 3.5161E-09 3.8879E-09 4.3098E-09 4.7876E-09 5.3266E-09 5.9321E-09 6.6079E-09 7.3546E-09 8.1767E-09 9.3217E-09 1.0684E-08 1.2271E-08 1.4086E-08 1.6089E-08 1.7778E-08 1.6060E-08 1.7139E-08 1.9488E-08 2.2280E-08 2.4148E-08 2.6009E-08 2.7815E-08 2.9514E-08 3.1052E-08 3.2379E-08 3.3452E-08 3.5669E-08 3.6030E-08 3.4904E-08 3.4793E-08 3.4389E-08 3.3675E-08 3.2779E-08 3.1720E-08 3.0556E-08 2.9282E-08 2.7956E-08 2.6700E-08 2.5432E-08 2.4166E-08 2.2910E-08 2.1673E-08 2.0471E-08 1.9269E-08 1.8144E-08 1.7052E-08 1.5959E-08 1.4962E-08 1.4006E-08
1.6055E-09 1.7059E-09 1.8821E-09 2.0159E-09 2.1624E-09 2.5199E-09 2.8113E-09 3.1686E-09 3.5051E-09 3.8887E-09 4.3253E-09 4.8209E-09 5.3811E-09 6.0118E-09 6.7178E-09 7.5038E-09 8.6255E-09 1.0096E-08 1.2055E-08 1.4881E-08 4.1224E-08 5.6872E-08 6.4970E-08 5.4145E-08 4.0746E-08 2.1652E-08 2.3840E-08 2.6051E-08 2.8159E-08 3.0231E-08 3.2177E-08 3.3930E-08 3.5426E-08 3.8564E-08 3.9639E-08 3.9912E-08 3.9773E-08 3.9263E-08 3.8420E-08 3.7233E-08 3.5881E-08 3.4408E-08 3.2845E-08 3.1212E-08 2.9572E-08 2.8062E-08 2.6582E-08 2.5081E-08 2.3700E-08 2.2353E-08 2.1046E-08 1.9750E-08 1.8558E-08 1.7406E-08 1.6299E-08 1.5208E-08 1.4212E-08
