Assets/Resources/2015_m01_d06_2000(utc+0800)_l00_csi_1hr_conc.grd
DSAA
         159         159
     -79.000      79.000
     -79.000      79.000
  0.0000E+00  0.1424E-04
[rows 25 to 49 of 159, columns 57 to 113 of 159]
1.5211E-09 1.7045E-09 1.8982E-09 2.1101E-09 2.3378E-09 2.5805E-09 2.8392E-09 3.1093E-09 3.3989E-09 3.7046E-09 4.0258E-09 4.3584E-09 4.7008E-09 5.0452E-09 5.3871E-09 5.7223E-09 6.0452E-09 6.3527E-09 6.6390E-09 6.9014E-09 7.1358E-09 7.3400E-09 7.5093E-09 7.6436E-09 7.7417E-09 7.8058E-09 7.8373E-09 7.8372E-09 7.8079E-09 7.7512E-09 7.6692E-09 7.5636E-09 7.4372E-09 7.2926E-09 7.1318E-09 6.9572E-09 6.7696E-09 6.5712E-09 6.3626E-09 6.1464E-09 5.9250E-09 5.6998E-09 5.4715E-09 5.2413E-09 5.0091E-09 4.7770E-09 4.5482E-09 4.3230E-09 4.1011E-09 3.8821E-09 3.6666E-09 3.4581E-09 3.2582E-09 3.0651E-09 2.8780E-09 2.6969E-09 2.5269E-09
1.5328E-09 1.7103E-09 1.9119E-09 2.1275E-09 2.3561E-09 2.6056E-09 2.8678E-09 3.1422E-09 3.4288E-09 3.7363E-09 4.0574E-09 4.3894E-09 4.7291E-09 5.0735E-09 5.4165E-09 5.7537E-09 6.0807E-09 6.3918E-09 6.6842E-09 6.9525E-09 7.1947E-09 7.4065E-09 7.5861E-09 7.7304E-09 7.8381E-09 7.9105E-09 7.9494E-09 7.9554E-09 7.9307E-09 7.8781E-09 7.7985E-09 7.6944E-09 7.5690E-09 7.4232E-09 7.2590E-09 7.0793E-09 6.8863E-09 6.6830E-09 6.4705E-09 6.2496E-09 6.0216E-09 5.7892E-09 5.5544E-09 5.3181E-09 5.0812E-09 4.8441E-09 4.6071E-09 4.3742E-09 4.1469E-09 3.9240E-09 3.7051E-09 3.4905E-09 3.2837E-09 3.0865E-09 2.8968E-09 2.7138E-09 2.5373E-09
1.5379E-09 1.7295E-09 1.9268E-09 2.1434E-09 2.3754E-09 2.6251E-09 2.8917E-09 3.1795E-09 3.4697E-09 3.7716E-09 4.0907E-09 4.4208E-09 4.7600E-09 5.1042E-09 5.4493E-09 5.7890E-09 6.1183E-09 6.4339E-09 6.7296E-09 7.0029E-09 7.2490E-09 7.4665E-09 7.6525E-09 7.8058E-09 7.9230E-09 8.0043E-09 8.0494E-09 8.0607E-09 8.0403E-09 7.9897E-09 7.9117E-09 7.8089E-09 7.6836E-09 7.5369E-09 7.3716E-09 7.1906E-09 6.9941E-09 6.7856E-09 6.5666E-09 6.3408E-09 6.1083E-09 5.8704E-09 5.6284E-09 5.3851E-09 5.1427E-09 4.9007E-09 4.6601E-09 4.4209E-09 4.1859E-09 3.9579E-09 3.7356E-09 3.5181E-09 3.3057E-09 3.1022E-09 2.9090E-09 2.7239E-09 2.5457E-09
1.5530E-09 1.7423E-09 1.9361E-09 2.1548E-09 2.3894E-09 2.6491E-09 2.9247E-09 3.2083E-09 3.5087E-09 3.8139E-09 4.1301E-09 4.4616E-09 4.8004E-09 5.1452E-09 5.4894E-09 5.8285E-09 6.1586E-09 6.4741E-09 6.7722E-09 7.0479E-09 7.2982E-09 7.5194E-09 7.7098E-09 7.8681E-09 7.9926E-09 8.0817E-09 8.1347E-09 8.1525E-09 8.1376E-09 8.0908E-09 8.0150E-09 7.9127E-09 7.7862E-09 7.6377E-09 7.4709E-09 7.2870E-09 7.0880E-09 6.8762E-09 6.6535E-09 6.4211E-09 6.1829E-09 5.9403E-09 5.6941E-09 5.4450E-09 5.1953E-09 4.9479E-09 4.7026E-09 4.4601E-09 4.2199E-09 3.9848E-09 3.7579E-09 3.5378E-09 3.3230E-09 3.1144E-09 2.9155E-09 2.7276E-09 2.5481E-09
1.5675E-09 1.7523E-09 1.9502E-09 2.1690E-09 2.4139E-09 2.6716E-09 2.9440E-09 3.2386E-09 3.5466E-09 3.8623E-09 4.1848E-09 4.5118E-09 4.8485E-09 5.1895E-09 5.5316E-09 5.8700E-09 6.2001E-09 6.5177E-09 6.8167E-09 7.0948E-09 7.3467E-09 7.5708E-09 7.7639E-09 7.9244E-09 8.0522E-09 8.1465E-09 8.2053E-09 8.2292E-09 8.2192E-09 8.1773E-09 8.1050E-09 8.0048E-09 7.8787E-09 7.7289E-09 7.5594E-09 7.3718E-09 7.1697E-09 6.9551E-09 6.7287E-09 6.4930E-09 6.2490E-09 5.9994E-09 5.7480E-09 5.4951E-09 5.2405E-09 4.9864E-09 4.7361E-09 4.4893E-09 4.2465E-09 4.0071E-09 3.7738E-09 3.5495E-09 3.3330E-09 3.1224E-09 2.9189E-09 2.7261E-09 2.5446E-09
1.5807E-09 1.7665E-09 1.9694E-09 2.1863E-09 2.4282E-09 2.6885E-09 2.9744E-09 3.2707E-09 3.5856E-09 3.9087E-09 4.2376E-09 4.5687E-09 4.9047E-09 5.2457E-09 5.5872E-09 5.9255E-09 6.2553E-09 6.5714E-09 6.8709E-09 7.1486E-09 7.4020E-09 7.6268E-09 7.8213E-09 7.9838E-09 8.1129E-09 8.2087E-09 8.2703E-09 8.2971E-09 8.2904E-09 8.2502E-09 8.1804E-09 8.0820E-09 7.9582E-09 7.8099E-09 7.6391E-09 7.4488E-09 7.2419E-09 7.0218E-09 6.7914E-09 6.5517E-09 6.3050E-09 6.0515E-09 5.7939E-09 5.5349E-09 5.2765E-09 5.0183E-09 4.7617E-09 4.5099E-09 4.2632E-09 4.0219E-09 3.7849E-09 3.5550E-09 3.3352E-09 3.1236E-09 2.9183E-09 2.7211E-09 2.5359E-09
1.5967E-09 1.7911E-09 1.9850E-09 2.2054E-09 2.4494E-09 2.7142E-09 2.9990E-09 3.3054E-09 3.6232E-09 3.9519E-09 4.2925E-09 4.6355E-09 4.9771E-09 5.3167E-09 5.6567E-09 5.9934E-09 6.3210E-09 6.6365E-09 6.9343E-09 7.2116E-09 7.4638E-09 7.6895E-09 7.8842E-09 8.0465E-09 8.1760E-09 8.2711E-09 8.3330E-09 8.3609E-09 8.3559E-09 8.3181E-09 8.2484E-09 8.1498E-09 8.0239E-09 7.8752E-09 7.7045E-09 7.5141E-09 7.3059E-09 7.0817E-09 6.8456E-09 6.6006E-09 6.3493E-09 6.0922E-09 5.8310E-09 5.5664E-09 5.3020E-09 5.0404E-09 4.7804E-09 4.5232E-09 4.2722E-09 4.0275E-09 3.7890E-09 3.5558E-09 3.3309E-09 3.1172E-09 2.9117E-09 2.7129E-09 2.5236E-09
1.6178E-09 1.8111E-09 2.0049E-09 2.2329E-09 2.4775E-09 2.7410E-09 3.0305E-09 3.3373E-09 3.6641E-09 4.0048E-09 4.3499E-09 4.7039E-09 5.0550E-09 5.3997E-09 5.7383E-09 6.0710E-09 6.3969E-09 6.7095E-09 7.0061E-09 7.2814E-09 7.5327E-09 7.7557E-09 7.9489E-09 8.1106E-09 8.2391E-09 8.3341E-09 8.3954E-09 8.4233E-09 8.4177E-09 8.3808E-09 8.3115E-09 8.2117E-09 8.0852E-09 7.9320E-09 7.7591E-09 7.5657E-09 7.3563E-09 7.1307E-09 6.8914E-09 6.6405E-09 6.3832E-09 6.1217E-09 5.8569E-09 5.5897E-09 5.3206E-09 5.0528E-09 4.7896E-09 4.5296E-09 4.2736E-09 4.0252E-09 3.7842E-09 3.5502E-09 3.3222E-09 3.1044E-09 2.8976E-09 2.6993E-09 2.5080E-09
1.6385E-09 1.8229E-09 2.0376E-09 2.2606E-09 2.5074E-09 2.7752E-09 3.0626E-09 3.3808E-09 3.7103E-09 4.0579E-09 4.4125E-09 4.7693E-09 5.1306E-09 5.4880E-09 5.8347E-09 6.1700E-09 6.4933E-09 6.8056E-09 7.0995E-09 7.3726E-09 7.6209E-09 7.8417E-09 8.0318E-09 8.1898E-09 8.3146E-09 8.4051E-09 8.4621E-09 8.4847E-09 8.4762E-09 8.4368E-09 8.3678E-09 8.2676E-09 8.1405E-09 7.9854E-09 7.8091E-09 7.6109E-09 7.3961E-09 7.1671E-09 6.9257E-09 6.6726E-09 6.4100E-09 6.1424E-09 5.8723E-09 5.6012E-09 5.3297E-09 5.0581E-09 4.7893E-09 4.5267E-09 4.2685E-09 4.0156E-09 3.7717E-09 3.5360E-09 3.3079E-09 3.0866E-09 2.8773E-09 2.6789E-09 2.4885E-09
1.6675E-09 1.8545E-09 2.0837E-09 2.3040E-09 2.5573E-09 2.8321E-09 3.1325E-09 3.4462E-09 3.7820E-09 4.1310E-09 4.4996E-09 4.8723E-09 5.2433E-09 5.6104E-09 5.9725E-09 6.3153E-09 6.6420E-09 7.1122E-09 7.4063E-09 7.6767E-09 7.9216E-09 8.1369E-09 8.1609E-09 8.3147E-09 8.4337E-09 8.5189E-09 8.5698E-09 8.5861E-09 8.5689E-09 8.5207E-09 8.4422E-09 8.3381E-09 8.2058E-09 8.0485E-09 7.8660E-09 7.6636E-09 7.4427E-09 7.2061E-09 6.9584E-09 6.7015E-09 6.4357E-09 6.1624E-09 5.8849E-09 5.6065E-09 5.3286E-09 5.0544E-09 4.7823E-09 4.5148E-09 4.2546E-09 3.9999E-09 3.7520E-09 3.5145E-09 3.2857E-09 3.0645E-09 2.8518E-09 2.6519E-09 2.4624E-09
1.7001E-09 1.8872E-09 2.1215E-09 2.3533E-09 2.6035E-09 2.8872E-09 3.1807E-09 3.5053E-09 3.8468E-09 4.2077E-09 4.5793E-09 4.9607E-09 5.5069E-09 5.8917E-09 6.2608E-09 6.6226E-09 6.9630E-09 7.2779E-09 7.5673E-09 7.8357E-09 8.0763E-09 8.2877E-09 8.4670E-09 8.6117E-09 8.7218E-09 8.7957E-09 8.8346E-09 8.8380E-09 8.6547E-09 8.5982E-09 8.5106E-09 8.3968E-09 8.2564E-09 8.0923E-09 7.9082E-09 7.7006E-09 7.4756E-09 7.2332E-09 6.9779E-09 6.7139E-09 6.4438E-09 6.1684E-09 5.8873E-09 5.6037E-09 5.3217E-09 5.0419E-09 4.7674E-09 4.4966E-09 4.2322E-09 3.9763E-09 3.7269E-09 3.4861E-09 3.2561E-09 3.0355E-09 2.8224E-09 2.6198E-09 2.4305E-09
1.7251E-09 1.9243E-09 2.1681E-09 2.4086E-09 2.6630E-09 2.9420E-09 3.2543E-09 3.5794E-09 3.9281E-09 4.4570E-09 4.8449E-09 5.2382E-09 5.6387E-09 6.0289E-09 6.4176E-09 6.7879E-09 7.1382E-09 7.4674E-09 7.7624E-09 8.0263E-09 8.2634E-09 8.4689E-09 8.6410E-09 8.7780E-09 8.8783E-09 8.9441E-09 8.9733E-09 8.9683E-09 8.9278E-09 8.8547E-09 8.5926E-09 8.4673E-09 8.3173E-09 8.1423E-09 7.9476E-09 7.7340E-09 7.5025E-09 7.2570E-09 6.9955E-09 6.7242E-09 6.4467E-09 6.1656E-09 5.8818E-09 5.5948E-09 5.3066E-09 5.0232E-09 4.7440E-09 4.4716E-09 4.2040E-09 3.9450E-09 3.6953E-09 3.4526E-09 3.2205E-09 2.9994E-09 2.7877E-09 2.5840E-09 2.3935E-09
1.7600E-09 1.9749E-09 2.2203E-09 2.4752E-09 2.7445E-09 3.0339E-09 3.3475E-09 3.8572E-09 4.2194E-09 4.6032E-09 4.9989E-09 5.4097E-09 5.8166E-09 6.2305E-09 6.6254E-09 7.1979E-09 7.5658E-09 7.8998E-09 8.2091E-09 8.4806E-09 8.7117E-09 8.9091E-09 9.0705E-09 9.1941E-09 9.1026E-09 9.1549E-09 9.1705E-09 9.1490E-09 9.0937E-09 9.0059E-09 8.8867E-09 8.7388E-09 8.5640E-09 8.2196E-09 8.0100E-09 7.7840E-09 7.5415E-09 7.2858E-09 7.0194E-09 6.7402E-09 6.4534E-09 6.1614E-09 5.8684E-09 5.5789E-09 5.2881E-09 4.9996E-09 4.7135E-09 4.4383E-09 4.1701E-09 3.9079E-09 3.6562E-09 3.4138E-09 3.1796E-09 2.9578E-09 2.7468E-09 2.5445E-09 2.3520E-09
1.8046E-09 2.0311E-09 2.2734E-09 2.5539E-09 2.8390E-09 3.2933E-09 3.6338E-09 3.9982E-09 4.3807E-09 4.7762E-09 5.1869E-09 5.7952E-09 6.2314E-09 6.6547E-09 7.0759E-09 7.4779E-09 7.8528E-09 8.2058E-09 8.5216E-09 8.7963E-09 9.0337E-09 9.2321E-09 9.3847E-09 9.4985E-09 9.5711E-09 9.6042E-09 9.5972E-09 9.3720E-09 9.2990E-09 9.1922E-09 9.0534E-09 8.8875E-09 8.6957E-09 8.4800E-09 8.0903E-09 7.8481E-09 7.5912E-09 7.3215E-09 7.0449E-09 6.7587E-09 6.4636E-09 6.1631E-09 5.8614E-09 5.5608E-09 5.2629E-09 4.9690E-09 4.6767E-09 4.3991E-09 4.1292E-09 3.8663E-09 3.6113E-09 3.3684E-09 3.1345E-09 2.9110E-09 2.7001E-09 2.4998E-09 2.3078E-09
1.8536E-09 2.0789E-09 2.3315E-09 2.6251E-09 3.0666E-09 3.4036E-09 3.7630E-09 4.1414E-09 4.7342E-09 5.1560E-09 5.5828E-09 6.0287E-09 6.4668E-09 6.9087E-09 7.3379E-09 7.7518E-09 8.1436E-09 8.5049E-09 8.8271E-09 9.1159E-09 9.3577E-09 9.5506E-09 9.6964E-09 9.8045E-09 9.8685E-09 9.8864E-09 9.8636E-09 9.8009E-09 9.7010E-09 9.5656E-09 9.2237E-09 9.0375E-09 8.8248E-09 8.5916E-09 8.3380E-09 8.0706E-09 7.6369E-09 7.3541E-09 7.0618E-09 6.7664E-09 6.4645E-09 6.1573E-09 5.8471E-09 5.5377E-09 5.2331E-09 4.9330E-09 4.6378E-09 4.3543E-09 4.0822E-09 3.8186E-09 3.5627E-09 3.3175E-09 3.0845E-09 2.8604E-09 2.6489E-09 2.4497E-09 2.2603E-09
1.9118E-09 2.1576E-09 2.4258E-09 2.8517E-09 3.2003E-09 3.5672E-09 4.1418E-09 4.5555E-09 4.9854E-09 5.4330E-09 5.8930E-09 6.3477E-09 6.8112E-09 7.4892E-09 7.9399E-09 8.3752E-09 8.7791E-09 9.1556E-09 9.4920E-09 9.7836E-09 1.0023E-08 1.0214E-08 1.0356E-08 1.0438E-08 1.0266E-08 1.0265E-08 1.0222E-08 1.0139E-08 1.0016E-08 9.8538E-09 9.6589E-09 9.4342E-09 9.0120E-09 8.7512E-09 8.4730E-09 8.1818E-09 7.8772E-09 7.4090E-09 7.1003E-09 6.7840E-09 6.4666E-09 6.1481E-09 5.8307E-09 5.5108E-09 5.1970E-09 4.8914E-09 4.5947E-09 4.3067E-09 4.0302E-09 3.7651E-09 3.5092E-09 3.2620E-09 3.0284E-09 2.8055E-09 2.5934E-09 2.3950E-09 2.2079E-09
1.9584E-09 2.3057E-09 2.6074E-09 2.9499E-09 3.3193E-09 3.8891E-09 4.3218E-09 4.7717E-09 5.2279E-09 5.9133E-09 6.4065E-09 6.9008E-09 7.3882E-09 7.8678E-09 8.3364E-09 8.7775E-09 9.1950E-09 9.5828E-09 9.9255E-09 1.0222E-08 1.0473E-08 1.0664E-08 1.0796E-08 1.0869E-08 1.0891E-08 1.0861E-08 1.0785E-08 1.0459E-08 1.0310E-08 1.0122E-08 9.9008E-09 9.6501E-09 9.3733E-09 8.8956E-09 8.5929E-09 8.2759E-09 7.9520E-09 7.6182E-09 7.1289E-09 6.7989E-09 6.4682E-09 6.1366E-09 5.8079E-09 5.4802E-09 5.1580E-09 4.8419E-09 4.5451E-09 4.2563E-09 3.9744E-09 3.7066E-09 3.4503E-09 3.2036E-09 2.9683E-09 2.7469E-09 2.5353E-09 2.3373E-09 2.1516E-09
2.0806E-09 2.3730E-09 2.6994E-09 3.1873E-09 3.6052E-09 4.0515E-09 4.5162E-09 5.2202E-09 5.7301E-09 6.2431E-09 6.7584E-09 7.2800E-09 7.7916E-09 8.2943E-09 8.7737E-09 9.2391E-09 9.6694E-09 1.0060E-08 1.0411E-08 1.0719E-08 1.0966E-08 1.1154E-08 1.1284E-08 1.1353E-08 1.1362E-08 1.1310E-08 1.1203E-08 1.1050E-08 1.0854E-08 1.0417E-08 1.0167E-08 9.8878E-09 9.5828E-09 9.2563E-09 8.9128E-09 8.3863E-09 8.0394E-09 7.6877E-09 7.3314E-09 6.8129E-09 6.4641E-09 6.1166E-09 5.7801E-09 5.4450E-09 5.1159E-09 4.7926E-09 4.4920E-09 4.2016E-09 3.9177E-09 3.6453E-09 3.3881E-09 3.1422E-09 2.9059E-09 2.6843E-09 2.4748E-09 2.2767E-09 2.0929E-09
2.1370E-09 2.4483E-09 2.9085E-09 3.3144E-09 3.7620E-09 4.2433E-09 4.9756E-09 5.5215E-09 6.0709E-09 6.6277E-09 7.1826E-09 7.7308E-09 8.2825E-09 8.8084E-09 9.3166E-09 9.7914E-09 1.0229E-08 1.0633E-08 1.0989E-08 1.1291E-08 1.1537E-08 1.1729E-08 1.1852E-08 1.1906E-08 1.1895E-08 1.1823E-08 1.1692E-08 1.1512E-08 1.1286E-08 1.1019E-08 1.0712E-08 1.0178E-08 9.8393E-09 9.4805E-09 9.1076E-09 8.7188E-09 8.1465E-09 7.7639E-09 7.3789E-09 6.9974E-09 6.4643E-09 6.1016E-09 5.7465E-09 5.4009E-09 5.0677E-09 4.7428E-09 4.4370E-09 4.1435E-09 3.8596E-09 3.5839E-09 3.3243E-09 3.0783E-09 2.8434E-09 2.6211E-09 2.4135E-09 2.2161E-09 2.0335E-09
2.1830E-09 2.6051E-09 3.0065E-09 3.4421E-09 4.0956E-09 4.6452E-09 5.2203E-09 5.8163E-09 6.4186E-09 7.0160E-09 7.6217E-09 8.2118E-09 8.7841E-09 9.3372E-09 9.8664E-09 1.0361E-08 1.0814E-08 1.1226E-08 1.1582E-08 1.1886E-08 1.2135E-08 1.2313E-08 1.2424E-08 1.2463E-08 1.2437E-08 1.2345E-08 1.2194E-08 1.1982E-08 1.1719E-08 1.1414E-08 1.1073E-08 1.0700E-08 1.0095E-08 9.6994E-09 9.2907E-09 8.8722E-09 8.4448E-09 7.8475E-09 7.4360E-09 7.0328E-09 6.6264E-09 6.0815E-09 5.7110E-09 5.3600E-09 5.0210E-09 4.6923E-09 4.3768E-09 4.0798E-09 3.7971E-09 3.5233E-09 3.2599E-09 3.0139E-09 2.7805E-09 2.5577E-09 2.3511E-09 2.1563E-09 1.9741E-09
2.2808E-09 2.6732E-09 3.0994E-09 3.7191E-09 4.2716E-09 4.8622E-09 5.4829E-09 6.1251E-09 6.7875E-09 7.4458E-09 8.0893E-09 8.7217E-09 9.3346E-09 9.9236E-09 1.0481E-08 1.0994E-08 1.1466E-08 1.1879E-08 1.2244E-08 1.2545E-08 1.2778E-08 1.2946E-08 1.3047E-08 1.3076E-08 1.3030E-08 1.2910E-08 1.2724E-08 1.2477E-08 1.2177E-08 1.1833E-08 1.1453E-08 1.1043E-08 1.0606E-08 1.0150E-08 9.4862E-09 9.0314E-09 8.5750E-09 8.1166E-09 7.4902E-09 7.0574E-09 6.6343E-09 6.2256E-09 5.6820E-09 5.3143E-09 4.9653E-09 4.6396E-09 4.3223E-09 4.0187E-09 3.7304E-09 3.4546E-09 3.1885E-09 2.9432E-09 2.7149E-09 2.4940E-09 2.2874E-09 2.0952E-09 1.9138E-09
2.3362E-09 2.7368E-09 3.3056E-09 3.8550E-09 4.4495E-09 5.0926E-09 5.7648E-09 6.4692E-09 7.1788E-09 7.8895E-09 8.5904E-09 9.2793E-09 9.9387E-09 1.0564E-08 1.1148E-08 1.1686E-08 1.2171E-08 1.2600E-08 1.2968E-08 1.3261E-08 1.3489E-08 1.3644E-08 1.3726E-08 1.3730E-08 1.3657E-08 1.3509E-08 1.3291E-08 1.3010E-08 1.2670E-08 1.2283E-08 1.1854E-08 1.1399E-08 1.0917E-08 1.0421E-08 9.9119E-09 9.2010E-09 8.7065E-09 8.2134E-09 7.7316E-09 7.0864E-09 6.6416E-09 6.2159E-09 5.8051E-09 5.2701E-09 4.9139E-09 4.5863E-09 4.2645E-09 3.9524E-09 3.6593E-09 3.3856E-09 3.1244E-09 2.8742E-09 2.6421E-09 2.4231E-09 2.2164E-09 2.0283E-09 1.8532E-09
2.3813E-09 2.8805E-09 3.4015E-09 3.9863E-09 4.6327E-09 5.3287E-09 6.0683E-09 6.8287E-09 7.5947E-09 8.3732E-09 9.1345E-09 9.8722E-09 1.0578E-08 1.1249E-08 1.1874E-08 1.2447E-08 1.2954E-08 1.3390E-08 1.3760E-08 1.4051E-08 1.4267E-08 1.4402E-08 1.4455E-08 1.4427E-08 1.4320E-08 1.4141E-08 1.3896E-08 1.3578E-08 1.3200E-08 1.2772E-08 1.2295E-08 1.1785E-08 1.1249E-08 1.0701E-08 1.0146E-08 9.5832E-09 8.8323E-09 8.3040E-09 7.7940E-09 7.2924E-09 6.6403E-09 6.1977E-09 5.7805E-09 5.2269E-09 4.8619E-09 4.5238E-09 4.1995E-09 3.8874E-09 3.5916E-09 3.3166E-09 3.0527E-09 2.8002E-09 2.5682E-09 2.3555E-09 2.1518E-09 1.9634E-09 1.7873E-09
2.4306E-09 2.9478E-09 3.4962E-09 4.1198E-09 4.8164E-09 5.5792E-09 6.3830E-09 7.2069E-09 8.0553E-09 8.8877E-09 9.7076E-09 1.0506E-08 1.1279E-08 1.2000E-08 1.2663E-08 1.3261E-08 1.3792E-08 1.4241E-08 1.4608E-08 1.4901E-08 1.5104E-08 1.5217E-08 1.5244E-08 1.5186E-08 1.5048E-08 1.4824E-08 1.4527E-08 1.4161E-08 1.3732E-08 1.3254E-08 1.2734E-08 1.2172E-08 1.1584E-08 1.0974E-08 1.0368E-08 9.7646E-09 9.1676E-09 8.3979E-09 7.8501E-09 7.3194E-09 6.6371E-09 6.1812E-09 5.7484E-09 5.3351E-09 4.8039E-09 4.4585E-09 4.1347E-09 3.8227E-09 3.5201E-09 3.2402E-09 2.9773E-09 2.7296E-09 2.4997E-09 2.2845E-09 2.0816E-09 1.8940E-09 1.7211E-09
2.3928E-09 3.0140E-09 3.5917E-09 4.2573E-09 5.0122E-09 5.8320E-09 6.7143E-09 7.6204E-09 8.5346E-09 9.4456E-09 1.0350E-08 1.1210E-08 1.2030E-08 1.2791E-08 1.3497E-08 1.4138E-08 1.4692E-08 1.5161E-08 1.5534E-08 1.5809E-08 1.6001E-08 1.6097E-08 1.6095E-08 1.6000E-08 1.5818E-08 1.5551E-08 1.5205E-08 1.4784E-08 1.4297E-08 1.3754E-08 1.3174E-08 1.2557E-08 1.1920E-08 1.1260E-08 1.0592E-08 9.9399E-09 9.3022E-09 8.4736E-09 7.8997E-09 7.3438E-09 6.8225E-09 6.1530E-09 5.7059E-09 5.2884E-09 4.7452E-09 4.3941E-09 4.0616E-09 3.7475E-09 3.4437E-09 3.1652E-09 2.9058E-09 2.6565E-09 2.4233E-09 2.2100E-09 2.0101E-09 1.8260E-09 1.6602E-09
