Assets/Resources/2015_m01_d19_0700(utc+0800)_l00_csi_1hr_conc.grd
DSAA
         159         159
     -79.000      79.000
     -79.000      79.000
  0.0000E+00  0.1757E-04
[rows 25 to 49 of 159, columns 57 to 113 of 159]
0.0000E+00 0.0000E+00 0.0000E+00 0.0000E+00 0.0000E+00 0.0000E+00 0.0000E+00 0.0000E+00 0.0000E+00 0.0000E+00 0.0000E+00 0.0000E+00 0.0000E+00 0.0000E+00 0.0000E+00 0.0000E+00 0.0000E+00 0.0000E+00 0.0000E+00 0.0000E+00 0.0000E+00 0.0000E+00 0.0000E+00 0.0000E+00 0.0000E+00 0.0000E+00 2.0038E-12 6.4579E-12 1.2334E-11 1.8494E-11 2.5634E-11 3.4603E-11 4.3602E-11 5.3233E-11 6.3068E-11 7.1808E-11 8.0749E-11 9.2380E-11 1.0463E-10 1.1807E-10 1.3109E-10 1.4277E-10 1.5525E-10 1.6834E-10 1.8084E-10 1.9370E-10 2.0489E-10 2.1394E-10 2.2248E-10 2.3143E-10 2.4158E-10 2.5050E-10 2.5826E-10 2.6465E-10 2.7222E-10 2.7878E-10 2.8657E-10
0.0000E+00 0.0000E+00 0.0000E+00 0.0000E+00 0.0000E+00 0.0000E+00 0.0000E+00 0.0000E+00 0.0000E+00 0.0000E+00 0.0000E+00 0.0000E+00 0.0000E+00 0.0000E+00 0.0000E+00 0.0000E+00 0.0000E+00 0.0000E+00 0.0000E+00 0.0000E+00 0.0000E+00 0.0000E+00 0.0000E+00 0.0000E+00 4.7606E-13 3.2311E-12 8.7176E-12 1.5760E-11 2.4114E-11 3.3769E-11 4.4487E-11 5.6182E-11 6.7648E-11 7.8717E-11 9.2052E-11 1.0588E-10 1.2003E-10 1.3677E-10 1.5547E-10 1.7211E-10 1.8825E-10 2.0595E-10 2.2377E-10 2.4115E-10 2.5673E-10 2.7011E-10 2.8347E-10 2.9648E-10 3.1018E-10 3.2256E-10 3.3270E-10 3.4007E-10 3.4646E-10 3.5503E-10 3.6162E-10 3.6817E-10 3.7693E-10
0.0000E+00 0.0000E+00 0.0000E+00 0.0000E+00 0.0000E+00 0.0000E+00 0.0000E+00 0.0000E+00 0.0000E+00 0.0000E+00 0.0000E+00 0.0000E+00 0.0000E+00 0.0000E+00 0.0000E+00 0.0000E+00 0.0000E+00 0.0000E+00 0.0000E+00 0.0000E+00 0.0000E+00 0.0000E+00 0.0000E+00 9.6030E-13 4.2423E-12 1.1134E-11 1.9397E-11 2.9894E-11 4.1688E-11 5.4995E-11 6.9121E-11 8.3083E-11 9.9671E-11 1.1678E-10 1.3386E-10 1.5509E-10 1.7642E-10 1.9740E-10 2.1845E-10 2.4149E-10 2.6639E-10 2.8947E-10 3.1003E-10 3.2928E-10 3.4840E-10 3.6679E-10 3.8511E-10 4.0243E-10 4.1623E-10 4.2596E-10 4.3615E-10 4.4848E-10 4.5886E-10 4.6726E-10 4.7258E-10 4.7935E-10 4.8527E-10
0.0000E+00 0.0000E+00 0.0000E+00 0.0000E+00 0.0000E+00 0.0000E+00 0.0000E+00 0.0000E+00 0.0000E+00 0.0000E+00 0.0000E+00 0.0000E+00 0.0000E+00 0.0000E+00 0.0000E+00 0.0000E+00 0.0000E+00 0.0000E+00 0.0000E+00 0.0000E+00 0.0000E+00 0.0000E+00 1.2240E-12 5.2433E-12 1.3176E-11 2.2539E-11 3.5027E-11 4.8527E-11 6.4160E-11 8.0674E-11 9.9084E-11 1.1934E-10 1.4055E-10 1.6402E-10 1.8898E-10 2.1556E-10 2.4507E-10 2.7310E-10 3.0304E-10 3.3411E-10 3.6341E-10 3.9058E-10 4.1778E-10 4.4414E-10 4.6901E-10 4.9205E-10 5.1121E-10 5.2849E-10 5.4512E-10 5.5999E-10 5.7421E-10 5.8547E-10 5.9409E-10 5.9997E-10 6.0694E-10 6.1351E-10 6.2095E-10
0.0000E+00 0.0000E+00 0.0000E+00 0.0000E+00 0.0000E+00 0.0000E+00 0.0000E+00 0.0000E+00 0.0000E+00 0.0000E+00 0.0000E+00 0.0000E+00 0.0000E+00 0.0000E+00 0.0000E+00 0.0000E+00 0.0000E+00 0.0000E+00 0.0000E+00 0.0000E+00 0.0000E+00 1.2366E-12 6.2400E-12 1.4555E-11 2.5585E-11 3.8979E-11 5.4689E-11 7.2251E-11 9.2216E-11 1.1421E-10 1.3839E-10 1.6447E-10 1.9233E-10 2.2433E-10 2.5965E-10 2.9382E-10 3.3055E-10 3.7033E-10 4.0857E-10 4.4479E-10 4.8049E-10 5.1756E-10 5.5311E-10 5.8528E-10 6.1433E-10 6.4130E-10 6.6621E-10 6.8940E-10 7.1046E-10 7.2908E-10 7.4215E-10 7.5256E-10 7.6124E-10 7.6841E-10 7.7493E-10 7.7827E-10 7.8158E-10
0.0000E+00 0.0000E+00 0.0000E+00 0.0000E+00 0.0000E+00 0.0000E+00 0.0000E+00 0.0000E+00 0.0000E+00 0.0000E+00 0.0000E+00 0.0000E+00 0.0000E+00 0.0000E+00 0.0000E+00 0.0000E+00 0.0000E+00 0.0000E+00 0.0000E+00 0.0000E+00 9.7074E-13 6.8086E-12 1.5233E-11 2.8207E-11 4.2642E-11 6.0778E-11 8.0985E-11 1.0482E-10 1.3062E-10 1.5937E-10 1.8953E-10 2.2381E-10 2.6330E-10 3.0410E-10 3.4700E-10 3.9282E-10 4.3880E-10 4.8712E-10 5.3491E-10 5.8208E-10 6.2984E-10 6.7399E-10 7.1526E-10 7.5500E-10 7.9262E-10 8.2736E-10 8.5875E-10 8.8520E-10 9.0608E-10 9.2449E-10 9.4076E-10 9.5516E-10 9.6404E-10 9.7072E-10 9.7317E-10 9.7580E-10 9.7769E-10
0.0000E+00 0.0000E+00 0.0000E+00 0.0000E+00 0.0000E+00 0.0000E+00 0.0000E+00 0.0000E+00 0.0000E+00 0.0000E+00 0.0000E+00 0.0000E+00 0.0000E+00 0.0000E+00 0.0000E+00 0.0000E+00 0.0000E+00 0.0000E+00 0.0000E+00 3.9998E-13 6.7207E-12 1.5668E-11 2.9988E-11 4.6221E-11 6.6212E-11 8.9486E-11 1.1582E-10 1.4562E-10 1.7850E-10 2.1436E-10 2.5570E-10 3.0189E-10 3.5105E-10 4.0223E-10 4.5703E-10 5.1623E-10 5.7430E-10 6.3306E-10 6.9456E-10 7.5535E-10 8.1161E-10 8.6565E-10 9.1883E-10 9.6907E-10 1.0149E-09 1.0559E-09 1.0912E-09 1.1223E-09 1.1508E-09 1.1744E-09 1.1927E-09 1.2025E-09 1.2086E-09 1.2126E-09 1.2143E-09 1.2142E-09 1.2137E-09
0.0000E+00 0.0000E+00 0.0000E+00 0.0000E+00 0.0000E+00 0.0000E+00 0.0000E+00 0.0000E+00 0.0000E+00 0.0000E+00 0.0000E+00 0.0000E+00 0.0000E+00 0.0000E+00 0.0000E+00 0.0000E+00 0.0000E+00 0.0000E+00 1.3352E-13 6.7863E-12 1.6131E-11 3.0780E-11 4.9021E-11 7.0814E-11 9.6546E-11 1.2519E-10 1.5880E-10 1.9633E-10 2.3855E-10 2.8631E-10 3.4080E-10 3.9767E-10 4.5887E-10 5.2678E-10 5.9677E-10 6.6708E-10 7.4273E-10 8.1569E-10 8.8828E-10 9.5964E-10 1.0312E-09 1.1020E-09 1.1671E-09 1.2250E-09 1.2796E-09 1.3287E-09 1.3725E-09 1.4113E-09 1.4434E-09 1.4670E-09 1.4835E-09 1.4960E-09 1.5056E-09 1.5078E-09 1.5061E-09 1.4992E-09 1.4909E-09
0.0000E+00 0.0000E+00 0.0000E+00 0.0000E+00 0.0000E+00 0.0000E+00 0.0000E+00 0.0000E+00 0.0000E+00 0.0000E+00 0.0000E+00 0.0000E+00 0.0000E+00 0.0000E+00 0.0000E+00 0.0000E+00 0.0000E+00 2.5612E-13 6.9296E-12 1.7000E-11 3.1323E-11 5.1059E-11 7.3003E-11 1.0180E-10 1.3309E-10 1.7039E-10 2.1258E-10 2.6018E-10 3.1459E-10 3.7619E-10 4.4156E-10 5.1452E-10 5.9318E-10 6.7623E-10 7.6102E-10 8.4960E-10 9.4140E-10 1.0337E-09 1.1237E-09 1.2139E-09 1.3026E-09 1.3855E-09 1.4623E-09 1.5353E-09 1.6033E-09 1.6634E-09 1.7146E-09 1.7572E-09 1.7920E-09 1.8196E-09 1.8388E-09 1.8525E-09 1.8580E-09 1.8545E-09 1.8455E-09 1.8350E-09 1.8248E-09
0.0000E+00 0.0000E+00 0.0000E+00 0.0000E+00 0.0000E+00 0.0000E+00 0.0000E+00 0.0000E+00 0.0000E+00 0.0000E+00 0.0000E+00 0.0000E+00 0.0000E+00 0.0000E+00 0.0000E+00 0.0000E+00 6.0953E-13 5.9509E-12 1.7442E-11 3.0290E-11 5.2051E-11 7.4555E-11 1.0691E-10 1.4053E-10 1.8147E-10 2.2843E-10 2.8036E-10 3.4009E-10 4.0840E-10 4.8390E-10 5.6745E-10 6.5919E-10 7.5467E-10 8.5381E-10 9.6100E-10 1.0718E-09 1.1807E-09 1.2939E-09 1.4067E-09 1.5161E-09 1.6213E-09 1.7228E-09 1.8201E-09 1.9096E-09 1.9877E-09 2.0567E-09 2.1180E-09 2.1697E-09 2.2115E-09 2.2443E-09 2.2651E-09 2.2742E-09 2.2737E-09 2.2685E-09 2.2558E-09 2.2352E-09 2.2120E-09
0.0000E+00 0.0000E+00 0.0000E+00 0.0000E+00 0.0000E+00 0.0000E+00 0.0000E+00 0.0000E+00 0.0000E+00 0.0000E+00 0.0000E+00 0.0000E+00 0.0000E+00 0.0000E+00 1.0031E-13 9.1508E-13 4.7835E-12 1.6149E-11 2.9490E-11 5.2292E-11 7.6483E-11 1.0908E-10 1.4582E-10 1.8895E-10 2.4014E-10 2.9705E-10 3.6227E-10 4.3830E-10 5.2318E-10 6.1757E-10 7.2117E-10 8.2983E-10 9.4796E-10 1.0728E-09 1.2025E-09 1.3348E-09 1.4698E-09 1.6045E-09 1.7411E-09 1.8736E-09 2.0028E-09 2.1268E-09 2.2411E-09 2.3464E-09 2.4423E-09 2.5257E-09 2.5986E-09 2.6609E-09 2.7072E-09 2.7373E-09 2.7582E-09 2.7682E-09 2.7664E-09 2.7537E-09 2.7320E-09 2.7036E-09 2.6683E-09
0.0000E+00 0.0000E+00 0.0000E+00 0.0000E+00 0.0000E+00 0.0000E+00 0.0000E+00 0.0000E+00 0.0000E+00 0.0000E+00 0.0000E+00 0.0000E+00 0.0000E+00 4.4921E-13 1.2523E-12 4.2744E-12 1.4116E-11 2.9326E-11 5.0334E-11 7.7110E-11 1.0874E-10 1.4893E-10 1.9433E-10 2.5047E-10 3.1203E-10 3.8341E-10 4.6751E-10 5.6043E-10 6.6423E-10 7.7966E-10 9.0322E-10 1.0380E-09 1.1815E-09 1.3317E-09 1.4856E-09 1.6467E-09 1.8125E-09 1.9751E-09 2.1389E-09 2.3016E-09 2.4571E-09 2.6018E-09 2.7376E-09 2.8653E-09 2.9802E-09 3.0809E-09 3.1635E-09 3.2313E-09 3.2847E-09 3.3231E-09 3.3452E-09 3.3510E-09 3.3420E-09 3.3196E-09 3.2856E-09 3.2430E-09 3.1990E-09
0.0000E+00 0.0000E+00 0.0000E+00 0.0000E+00 0.0000E+00 0.0000E+00 0.0000E+00 0.0000E+00 0.0000E+00 0.0000E+00 0.0000E+00 0.0000E+00 7.4200E-13 1.7296E-12 4.7245E-12 1.1220E-11 2.7124E-11 4.6295E-11 7.7021E-11 1.0748E-10 1.5207E-10 1.9862E-10 2.5802E-10 3.2444E-10 4.0131E-10 4.9031E-10 5.9195E-10 7.0540E-10 8.3319E-10 9.7264E-10 1.1239E-09 1.2878E-09 1.4578E-09 1.6387E-09 1.8278E-09 2.0209E-09 2.2151E-09 2.4130E-09 2.6068E-09 2.7973E-09 2.9813E-09 3.1573E-09 3.3232E-09 3.4713E-09 3.6035E-09 3.7205E-09 3.8215E-09 3.9016E-09 3.9630E-09 4.0036E-09 4.0239E-09 4.0236E-09 4.0023E-09 3.9708E-09 3.9253E-09 3.8665E-09 3.7989E-09
0.0000E+00 0.0000E+00 0.0000E+00 0.0000E+00 0.0000E+00 0.0000E+00 0.0000E+00 0.0000E+00 0.0000E+00 0.0000E+00 0.0000E+00 9.1242E-13 2.0556E-12 4.9120E-12 1.0771E-11 2.3103E-11 4.3931E-11 7.3408E-11 1.0638E-10 1.5206E-10 2.0041E-10 2.6161E-10 3.3206E-10 4.1283E-10 5.0832E-10 6.1690E-10 7.4004E-10 8.7965E-10 1.0331E-09 1.1999E-09 1.3825E-09 1.5749E-09 1.7821E-09 1.9991E-09 2.2244E-09 2.4524E-09 2.6839E-09 2.9183E-09 3.1481E-09 3.3728E-09 3.5915E-09 3.7987E-09 3.9904E-09 4.1647E-09 4.3232E-09 4.4597E-09 4.5775E-09 4.6680E-09 4.7333E-09 4.7736E-09 4.7889E-09 4.7838E-09 4.7594E-09 4.7140E-09 4.6492E-09 4.5791E-09 4.4941E-09
0.0000E+00 0.0000E+00 0.0000E+00 0.0000E+00 0.0000E+00 0.0000E+00 0.0000E+00 0.0000E+00 0.0000E+00 0.0000E+00 9.9227E-13 2.6401E-12 5.0484E-12 1.0588E-11 2.0192E-11 4.0589E-11 6.5515E-11 1.0468E-10 1.4636E-10 2.0272E-10 2.6268E-10 3.3963E-10 4.2356E-10 5.2512E-10 6.4080E-10 7.7269E-10 9.2267E-10 1.0891E-09 1.2710E-09 1.4708E-09 1.6861E-09 1.9169E-09 2.1633E-09 2.4171E-09 2.6789E-09 2.9484E-09 3.2224E-09 3.4940E-09 3.7678E-09 4.0329E-09 4.2876E-09 4.5280E-09 4.7540E-09 4.9622E-09 5.1462E-09 5.3038E-09 5.4339E-09 5.5337E-09 5.6050E-09 5.6479E-09 5.6626E-09 5.6493E-09 5.6131E-09 5.5564E-09 5.4785E-09 5.3836E-09 5.2733E-09
0.0000E+00 0.0000E+00 0.0000E+00 0.0000E+00 0.0000E+00 0.0000E+00 0.0000E+00 0.0000E+00 0.0000E+00 9.1520E-13 2.8745E-12 4.9929E-12 1.0746E-11 2.0155E-11 3.5203E-11 6.1601E-11 9.7748E-11 1.4055E-10 2.0107E-10 2.6286E-10 3.4401E-10 4.3143E-10 5.3633E-10 6.5668E-10 7.9590E-10 9.5590E-10 1.1334E-09 1.3311E-09 1.5494E-09 1.7871E-09 2.0426E-09 2.3173E-09 2.6017E-09 2.8991E-09 3.2061E-09 3.5195E-09 3.8378E-09 4.1582E-09 4.4742E-09 4.7827E-09 5.0783E-09 5.3620E-09 5.6260E-09 5.8640E-09 6.0727E-09 6.2536E-09 6.3999E-09 6.5117E-09 6.5909E-09 6.6338E-09 6.6460E-09 6.6268E-09 6.5756E-09 6.4994E-09 6.4022E-09 6.2854E-09 6.1532E-09
0.0000E+00 0.0000E+00 0.0000E+00 0.0000E+00 0.0000E+00 0.0000E+00 0.0000E+00 0.0000E+00 6.9979E-13 2.7615E-12 5.1192E-12 1.0538E-11 2.0166E-11 3.2381E-11 5.6776E-11 8.7810E-11 1.3671E-10 1.8949E-10 2.5998E-10 3.3968E-10 4.3368E-10 5.4174E-10 6.6856E-10 8.1386E-10 9.8238E-10 1.1712E-09 1.3849E-09 1.6197E-09 1.8767E-09 2.1546E-09 2.4545E-09 2.7695E-09 3.1007E-09 3.4470E-09 3.8025E-09 4.1667E-09 4.5361E-09 4.9079E-09 5.2723E-09 5.6314E-09 5.9768E-09 6.3025E-09 6.6026E-09 6.8730E-09 7.1125E-09 7.3183E-09 7.4839E-09 7.6093E-09 7.6947E-09 7.7414E-09 7.7463E-09 7.7154E-09 7.6522E-09 7.5557E-09 7.4324E-09 7.2878E-09 7.1256E-09
0.0000E+00 0.0000E+00 0.0000E+00 0.0000E+00 0.0000E+00 0.0000E+00 0.0000E+00 3.4015E-13 2.3373E-12 4.9572E-12 1.0175E-11 1.9274E-11 3.1668E-11 4.9779E-11 8.3829E-11 1.2475E-10 1.7923E-10 2.5130E-10 3.2969E-10 4.3376E-10 5.4333E-10 6.7816E-10 8.2713E-10 1.0039E-09 1.2032E-09 1.4269E-09 1.6788E-09 1.9533E-09 2.2543E-09 2.5797E-09 2.9252E-09 3.2887E-09 3.6727E-09 4.0682E-09 4.4781E-09 4.8990E-09 5.3243E-09 5.7484E-09 6.1705E-09 6.5808E-09 6.9756E-09 7.3460E-09 7.6901E-09 7.9990E-09 8.2714E-09 8.5016E-09 8.6885E-09 8.8307E-09 8.9221E-09 8.9682E-09 8.9709E-09 8.9276E-09 8.8451E-09 8.7271E-09 8.5774E-09 8.3996E-09 8.2011E-09
0.0000E+00 0.0000E+00 0.0000E+00 0.0000E+00 0.0000E+00 0.0000E+00 0.0000E+00 1.5919E-12 4.5586E-12 9.2401E-12 1.8355E-11 3.0771E-11 4.8149E-11 7.1648E-11 1.1367E-10 1.7085E-10 2.3245E-10 3.2163E-10 4.2151E-10 5.3881E-10 6.7902E-10 8.3289E-10 1.0154E-09 1.2217E-09 1.4559E-09 1.7227E-09 2.0138E-09 2.3365E-09 2.6857E-09 3.0574E-09 3.4525E-09 3.8717E-09 4.3083E-09 4.7641E-09 5.2355E-09 5.7146E-09 6.2010E-09 6.6880E-09 7.1694E-09 7.6348E-09 8.0812E-09 8.5014E-09 8.8899E-09 9.2415E-09 9.5501E-09 9.8093E-09 1.0017E-08 1.0174E-08 1.0278E-08 1.0323E-08 1.0317E-08 1.0263E-08 1.0160E-08 1.0016E-08 9.8335E-09 9.6211E-09 9.3839E-09
0.0000E+00 0.0000E+00 0.0000E+00 0.0000E+00 0.0000E+00 0.0000E+00 9.3312E-13 3.9318E-12 8.3614E-12 1.6756E-11 2.8633E-11 4.5382E-11 6.8753E-11 1.0001E-10 1.4858E-10 2.2158E-10 3.0394E-10 4.0210E-10 5.2958E-10 6.6507E-10 8.3537E-10 1.0192E-09 1.2385E-09 1.4806E-09 1.7577E-09 2.0673E-09 2.4073E-09 2.7789E-09 3.1744E-09 3.5983E-09 4.0500E-09 4.5258E-09 5.0240E-09 5.5429E-09 6.0755E-09 6.6208E-09 7.1719E-09 7.7231E-09 8.2630E-09 8.7902E-09 9.2936E-09 9.7688E-09 1.0206E-08 1.0600E-08 1.0946E-08 1.1238E-08 1.1471E-08 1.1644E-08 1.1755E-08 1.1803E-08 1.1788E-08 1.1717E-08 1.1594E-08 1.1421E-08 1.1203E-08 1.0950E-08 1.0670E-08
0.0000E+00 0.0000E+00 0.0000E+00 0.0000E+00 0.0000E+00 1.4932E-13 2.9965E-12 6.9923E-12 1.4295E-11 2.6330E-11 4.2142E-11 6.4486E-11 9.2383E-11 1.3449E-10 1.8927E-10 2.7972E-10 3.8754E-10 5.0437E-10 6.5308E-10 8.2638E-10 1.0175E-09 1.2480E-09 1.4974E-09 1.7867E-09 2.1073E-09 2.4622E-09 2.8545E-09 3.2712E-09 3.7219E-09 4.2040E-09 4.7160E-09 5.2553E-09 5.8206E-09 6.4033E-09 7.0055E-09 7.6200E-09 8.2386E-09 8.8533E-09 9.4590E-09 1.0047E-08 1.0612E-08 1.1142E-08 1.1631E-08 1.2073E-08 1.2460E-08 1.2785E-08 1.3045E-08 1.3234E-08 1.3352E-08 1.3399E-08 1.3380E-08 1.3291E-08 1.3141E-08 1.2936E-08 1.2681E-08 1.2384E-08 1.2056E-08
0.0000E+00 0.0000E+00 0.0000E+00 0.0000E+00 0.0000E+00 1.3146E-12 5.5327E-12 1.1807E-11 2.2648E-11 3.7459E-11 5.8562E-11 8.5893E-11 1.2192E-10 1.7485E-10 2.4084E-10 3.4903E-10 4.8097E-10 6.3192E-10 7.9890E-10 1.0103E-09 1.2367E-09 1.5052E-09 1.8001E-09 2.1357E-09 2.5078E-09 2.9157E-09 3.3555E-09 3.8323E-09 4.3411E-09 4.8851E-09 5.4588E-09 6.0638E-09 6.6938E-09 7.3485E-09 8.0222E-09 8.7057E-09 9.3931E-09 1.0076E-08 1.0752E-08 1.1404E-08 1.2031E-08 1.2620E-08 1.3164E-08 1.3652E-08 1.4083E-08 1.4442E-08 1.4729E-08 1.4935E-08 1.5063E-08 1.5111E-08 1.5077E-08 1.4972E-08 1.4796E-08 1.4555E-08 1.4258E-08 1.3909E-08 1.3537E-08
0.0000E+00 0.0000E+00 0.0000E+00 0.0000E+00 1.2046E-13 3.5918E-12 9.0963E-12 1.8636E-11 3.2172E-11 5.1281E-11 7.7457E-11 1.1148E-10 1.5690E-10 2.1881E-10 3.0685E-10 4.3716E-10 5.9155E-10 7.7682E-10 9.8012E-10 1.2179E-09 1.4981E-09 1.8029E-09 2.1586E-09 2.5395E-09 2.9675E-09 3.4251E-09 3.9209E-09 4.4570E-09 5.0296E-09 5.6375E-09 6.2811E-09 6.9543E-09 7.6544E-09 8.3805E-09 9.1221E-09 9.8768E-09 1.0634E-08 1.1389E-08 1.2130E-08 1.2852E-08 1.3543E-08 1.4193E-08 1.4793E-08 1.5333E-08 1.5803E-08 1.6199E-08 1.6511E-08 1.6739E-08 1.6871E-08 1.6918E-08 1.6877E-08 1.6750E-08 1.6545E-08 1.6266E-08 1.5925E-08 1.5534E-08 1.5102E-08
0.0000E+00 0.0000E+00 0.0000E+00 0.0000E+00 1.3465E-12 6.5812E-12 1.4757E-11 2.6711E-11 4.3436E-11 6.7952E-11 9.9750E-11 1.4272E-10 1.9749E-10 2.7581E-10 3.7899E-10 5.3955E-10 7.2187E-10 9.4072E-10 1.1941E-09 1.4678E-09 1.7964E-09 2.1559E-09 2.5602E-09 3.0041E-09 3.4761E-09 3.9942E-09 4.5496E-09 5.1482E-09 5.7872E-09 6.4624E-09 7.1746E-09 7.9170E-09 8.6921E-09 9.4884E-09 1.0302E-08 1.1126E-08 1.1956E-08 1.2781E-08 1.3592E-08 1.4381E-08 1.5135E-08 1.5847E-08 1.6502E-08 1.7095E-08 1.7610E-08 1.8039E-08 1.8379E-08 1.8621E-08 1.8767E-08 1.8808E-08 1.8756E-08 1.8608E-08 1.8371E-08 1.8053E-08 1.7669E-08 1.7226E-08 1.6738E-08
0.0000E+00 0.0000E+00 0.0000E+00 0.0000E+00 3.7881E-12 1.0824E-11 2.0777E-11 3.5687E-11 5.7666E-11 8.6960E-11 1.2667E-10 1.8003E-10 2.4816E-10 3.4100E-10 4.6227E-10 6.5047E-10 8.7775E-10 1.1331E-09 1.4334E-09 1.7644E-09 2.1338E-09 2.5621E-09 3.0166E-09 3.5220E-09 4.0533E-09 4.6308E-09 5.2532E-09 5.9158E-09 6.6243E-09 7.3698E-09 8.1498E-09 8.9631E-09 9.8052E-09 1.0670E-08 1.1556E-08 1.2450E-08 1.3347E-08 1.4240E-08 1.5121E-08 1.5976E-08 1.6795E-08 1.7566E-08 1.8278E-08 1.8918E-08 1.9478E-08 1.9943E-08 2.0311E-08 2.0570E-08 2.0719E-08 2.0762E-08 2.0695E-08 2.0527E-08 2.0258E-08 1.9901E-08 1.9468E-08 1.8974E-08 1.8429E-08
