Assets/Resources/2015_m01_d28_1000(utc+0800)_l00_csi_1hr_conc.grd
DSAA
         159         159
     -79.000      79.000
     -79.000      79.000
  0.0000E+00  0.3978E-05
[rows 25 to 49 of 159, columns 57 to 113 of 159]
1.9341E-09 2.3984E-09 2.9345E-09 3.5440E-09 4.2313E-09 4.9855E-09 5.7965E-09 6.6515E-09 7.5289E-09 8.4010E-09 9.2382E-09 1.0010E-08 1.0684E-08 1.1230E-08 1.1619E-08 1.1827E-08 1.1844E-08 1.1664E-08 1.1291E-08 1.0743E-08 1.0042E-08 9.2212E-09 8.3149E-09 7.3600E-09 6.3931E-09 5.4480E-09 4.5527E-09 3.7302E-09 2.9951E-09 2.3570E-09 1.8162E-09 1.3670E-09 1.0069E-09 7.2460E-10 5.1140E-10 3.4948E-10 2.1262E-10 9.3229E-11 2.3274E-11 2.0895E-12 0.0000E+00 0.0000E+00 0.0000E+00 0.0000E+00 0.0000E+00 0.0000E+00 0.0000E+00 0.0000E+00 0.0000E+00 0.0000E+00 0.0000E+00 0.0000E+00 0.0000E+00 0.0000E+00 0.0000E+00 0.0000E+00 0.0000E+00
1.7642E-09 2.2100E-09 2.7293E-09 3.3327E-09 4.0150E-09 4.7718E-09 5.5971E-09 6.4741E-09 7.3837E-09 8.3011E-09 9.1959E-09 1.0035E-08 1.0781E-08 1.1400E-08 1.1859E-08 1.2135E-08 1.2208E-08 1.2072E-08 1.1729E-08 1.1195E-08 1.0492E-08 9.6522E-09 8.7140E-09 7.7176E-09 6.7040E-09 5.7094E-09 4.7669E-09 3.8997E-09 3.1247E-09 2.4505E-09 1.8806E-09 1.4124E-09 1.0359E-09 7.4486E-10 5.2284E-10 3.5257E-10 2.0702E-10 8.7310E-11 2.1114E-11 2.4392E-12 0.0000E+00 0.0000E+00 0.0000E+00 0.0000E+00 0.0000E+00 0.0000E+00 0.0000E+00 0.0000E+00 0.0000E+00 0.0000E+00 0.0000E+00 0.0000E+00 0.0000E+00 0.0000E+00 0.0000E+00 0.0000E+00 0.0000E+00
1.6052E-09 2.0294E-09 2.5355E-09 3.1233E-09 3.7954E-09 4.5548E-09 5.3910E-09 6.2899E-09 7.2357E-09 8.2008E-09 9.1503E-09 1.0053E-08 1.0870E-08 1.1563E-08 1.2096E-08 1.2439E-08 1.2570E-08 1.2480E-08 1.2166E-08 1.1644E-08 1.0937E-08 1.0080E-08 9.1118E-09 8.0762E-09 7.0158E-09 5.9716E-09 4.9788E-09 4.0654E-09 3.2515E-09 2.5448E-09 1.9481E-09 1.4571E-09 1.0659E-09 7.6123E-10 5.3120E-10 3.5476E-10 2.0034E-10 8.2322E-11 1.9680E-11 2.8742E-12 0.0000E+00 0.0000E+00 0.0000E+00 0.0000E+00 0.0000E+00 0.0000E+00 0.0000E+00 0.0000E+00 0.0000E+00 0.0000E+00 0.0000E+00 0.0000E+00 0.0000E+00 0.0000E+00 0.0000E+00 0.0000E+00 0.0000E+00
1.4479E-09 1.8541E-09 2.3420E-09 2.9149E-09 3.5833E-09 4.3417E-09 5.1845E-09 6.1037E-09 7.0805E-09 8.0881E-09 9.0961E-09 1.0065E-08 1.0955E-08 1.1722E-08 1.2329E-08 1.2741E-08 1.2931E-08 1.2887E-08 1.2606E-08 1.2098E-08 1.1388E-08 1.0513E-08 9.5115E-09 8.4335E-09 7.3272E-09 6.2348E-09 5.1937E-09 4.2330E-09 3.3759E-09 2.6329E-09 2.0092E-09 1.4982E-09 1.0919E-09 7.7776E-10 5.3668E-10 3.5686E-10 1.9012E-10 7.6181E-11 1.6236E-11 3.3304E-12 0.0000E+00 0.0000E+00 0.0000E+00 0.0000E+00 0.0000E+00 0.0000E+00 0.0000E+00 0.0000E+00 0.0000E+00 0.0000E+00 0.0000E+00 0.0000E+00 0.0000E+00 0.0000E+00 0.0000E+00 0.0000E+00 0.0000E+00
1.2993E-09 1.6900E-09 2.1545E-09 2.7134E-09 3.3677E-09 4.1216E-09 4.9735E-09 5.9119E-09 6.9207E-09 7.9715E-09 9.0349E-09 1.0070E-08 1.1036E-08 1.1884E-08 1.2570E-08 1.3056E-08 1.3311E-08 1.3318E-08 1.3069E-08 1.2576E-08 1.1863E-08 1.0966E-08 9.9311E-09 8.8069E-09 7.6473E-09 6.4982E-09 5.4038E-09 4.3957E-09 3.4975E-09 2.7211E-09 2.0705E-09 1.5387E-09 1.1170E-09 7.9047E-10 5.4218E-10 3.5476E-10 1.8494E-10 7.3391E-11 1.5933E-11 3.7949E-12 0.0000E+00 0.0000E+00 0.0000E+00 0.0000E+00 0.0000E+00 0.0000E+00 0.0000E+00 0.0000E+00 0.0000E+00 0.0000E+00 0.0000E+00 0.0000E+00 0.0000E+00 0.0000E+00 0.0000E+00 0.0000E+00 0.0000E+00
1.1584E-09 1.5236E-09 1.9709E-09 2.5126E-09 3.1562E-09 3.9080E-09 4.7639E-09 5.7165E-09 6.7509E-09 7.8453E-09 8.9650E-09 1.0069E-08 1.1110E-08 1.2037E-08 1.2802E-08 1.3362E-08 1.3681E-08 1.3737E-08 1.3522E-08 1.3043E-08 1.2327E-08 1.1410E-08 1.0340E-08 9.1721E-09 7.9625E-09 6.7614E-09 5.6137E-09 4.5580E-09 3.6172E-09 2.8050E-09 2.1261E-09 1.5743E-09 1.1382E-09 8.0023E-10 5.4700E-10 3.4987E-10 1.7807E-10 7.0000E-11 1.7325E-11 4.2522E-12 0.0000E+00 0.0000E+00 0.0000E+00 0.0000E+00 0.0000E+00 0.0000E+00 0.0000E+00 0.0000E+00 0.0000E+00 0.0000E+00 0.0000E+00 0.0000E+00 0.0000E+00 0.0000E+00 0.0000E+00 0.0000E+00 0.0000E+00
1.0247E-09 1.3666E-09 1.7959E-09 2.3163E-09 2.9456E-09 3.6876E-09 4.5467E-09 5.5168E-09 6.5835E-09 7.7211E-09 8.8956E-09 1.0066E-08 1.1184E-08 1.2196E-08 1.3046E-08 1.3685E-08 1.4073E-08 1.4184E-08 1.4004E-08 1.3540E-08 1.2817E-08 1.1874E-08 1.0763E-08 9.5421E-09 8.2757E-09 7.0179E-09 5.8175E-09 4.7120E-09 3.7308E-09 2.8870E-09 2.1810E-09 1.6087E-09 1.1576E-09 8.1038E-10 5.4846E-10 3.4340E-10 1.7075E-10 6.6648E-11 1.6963E-11 4.6853E-12 0.0000E+00 0.0000E+00 0.0000E+00 0.0000E+00 0.0000E+00 0.0000E+00 0.0000E+00 0.0000E+00 0.0000E+00 0.0000E+00 0.0000E+00 0.0000E+00 0.0000E+00 0.0000E+00 0.0000E+00 0.0000E+00 0.0000E+00
8.9438E-10 1.2144E-09 1.6191E-09 2.1228E-09 2.7384E-09 3.4744E-09 4.3345E-09 5.3168E-09 6.4071E-09 7.5854E-09 8.8174E-09 1.0059E-08 1.1256E-08 1.2352E-08 1.3286E-08 1.4003E-08 1.4459E-08 1.4621E-08 1.4474E-08 1.4022E-08 1.3296E-08 1.2332E-08 1.1184E-08 9.9166E-09 8.5924E-09 7.2756E-09 6.0188E-09 4.8658E-09 3.8398E-09 2.9608E-09 2.2300E-09 1.6371E-09 1.1731E-09 8.1764E-10 5.4950E-10 3.3979E-10 1.6861E-10 6.5748E-11 1.7100E-11 5.0765E-12 0.0000E+00 0.0000E+00 0.0000E+00 0.0000E+00 0.0000E+00 0.0000E+00 0.0000E+00 0.0000E+00 0.0000E+00 0.0000E+00 0.0000E+00 0.0000E+00 0.0000E+00 0.0000E+00 0.0000E+00 0.0000E+00 0.0000E+00
7.7188E-10 1.0722E-09 1.4542E-09 1.9383E-09 2.5347E-09 3.2593E-09 4.1196E-09 5.1140E-09 6.2323E-09 7.4526E-09 8.7414E-09 1.0053E-08 1.1329E-08 1.2512E-08 1.3534E-08 1.4333E-08 1.4861E-08 1.5078E-08 1.4966E-08 1.4527E-08 1.3788E-08 1.2793E-08 1.1600E-08 1.0280E-08 8.9022E-09 7.5294E-09 6.2142E-09 5.0088E-09 3.9433E-09 3.0297E-09 2.2737E-09 1.6632E-09 1.1855E-09 8.2158E-10 5.4788E-10 3.3271E-10 1.6392E-10 6.3315E-11 1.7764E-11 5.4086E-12 0.0000E+00 0.0000E+00 0.0000E+00 0.0000E+00 0.0000E+00 0.0000E+00 0.0000E+00 0.0000E+00 0.0000E+00 0.0000E+00 0.0000E+00 0.0000E+00 0.0000E+00 0.0000E+00 0.0000E+00 0.0000E+00 0.0000E+00
6.5757E-10 9.3556E-10 1.2956E-09 1.7585E-09 2.3387E-09 3.0545E-09 3.9135E-09 4.9198E-09 6.0650E-09 7.3312E-09 8.6828E-09 1.0073E-08 1.1439E-08 1.2715E-08 1.3830E-08 1.4714E-08 1.5312E-08 1.5580E-08 1.5497E-08 1.5067E-08 1.4316E-08 1.3289E-08 1.2049E-08 1.0664E-08 9.2139E-09 7.7741E-09 6.4062E-09 5.1452E-09 4.0372E-09 3.0926E-09 2.3086E-09 1.6824E-09 1.1936E-09 8.2456E-10 5.4208E-10 3.2452E-10 1.6063E-10 6.0749E-11 1.9236E-11 5.8847E-12 0.0000E+00 0.0000E+00 0.0000E+00 0.0000E+00 0.0000E+00 0.0000E+00 0.0000E+00 0.0000E+00 0.0000E+00 0.0000E+00 0.0000E+00 0.0000E+00 0.0000E+00 0.0000E+00 0.0000E+00 0.0000E+00 0.0000E+00
5.5174E-10 8.0864E-10 1.1502E-09 1.5891E-09 2.1522E-09 2.8543E-09 3.7122E-09 4.7320E-09 5.9078E-09 7.2186E-09 8.6327E-09 1.0101E-08 1.1557E-08 1.2931E-08 1.4142E-08 1.5116E-08 1.5787E-08 1.6108E-08 1.6054E-08 1.5626E-08 1.4851E-08 1.3779E-08 1.2482E-08 1.1039E-08 9.5297E-09 8.0197E-09 6.5825E-09 5.2720E-09 4.1192E-09 3.1439E-09 2.3399E-09 1.6940E-09 1.1958E-09 8.1923E-10 5.3641E-10 3.1983E-10 1.5832E-10 5.9152E-11 1.9693E-11 5.4889E-12 0.0000E+00 0.0000E+00 0.0000E+00 0.0000E+00 0.0000E+00 0.0000E+00 0.0000E+00 0.0000E+00 0.0000E+00 0.0000E+00 0.0000E+00 0.0000E+00 0.0000E+00 0.0000E+00 0.0000E+00 0.0000E+00 0.0000E+00
4.5461E-10 6.9288E-10 1.0107E-09 1.4292E-09 1.9747E-09 2.6688E-09 3.5267E-09 4.5584E-09 5.7626E-09 7.1259E-09 8.6142E-09 1.0172E-08 1.1732E-08 1.3212E-08 1.4525E-08 1.5588E-08 1.6331E-08 1.6701E-08 1.6667E-08 1.6234E-08 1.5431E-08 1.4309E-08 1.2944E-08 1.1420E-08 9.8252E-09 8.2508E-09 6.7546E-09 5.3860E-09 4.1898E-09 3.1800E-09 2.3553E-09 1.6987E-09 1.1936E-09 8.0985E-10 5.2757E-10 3.0722E-10 1.5160E-10 5.4052E-11 1.9851E-11 5.0055E-12 0.0000E+00 0.0000E+00 0.0000E+00 0.0000E+00 0.0000E+00 0.0000E+00 0.0000E+00 0.0000E+00 0.0000E+00 0.0000E+00 0.0000E+00 0.0000E+00 0.0000E+00 0.0000E+00 0.0000E+00 0.0000E+00 0.0000E+00
3.6596E-10 5.8474E-10 8.8204E-10 1.2836E-09 1.8115E-09 2.4939E-09 3.3491E-09 4.3977E-09 5.6419E-09 7.0662E-09 8.6304E-09 1.0282E-08 1.1947E-08 1.3540E-08 1.4965E-08 1.6127E-08 1.6946E-08 1.7363E-08 1.7345E-08 1.6896E-08 1.6046E-08 1.4860E-08 1.3416E-08 1.1809E-08 1.0131E-08 8.4696E-09 6.9020E-09 5.4791E-09 4.2403E-09 3.2064E-09 2.3595E-09 1.6932E-09 1.1788E-09 7.9626E-10 5.1713E-10 3.0023E-10 1.4526E-10 5.1825E-11 1.9601E-11 4.4521E-12 0.0000E+00 0.0000E+00 0.0000E+00 0.0000E+00 0.0000E+00 0.0000E+00 0.0000E+00 0.0000E+00 0.0000E+00 0.0000E+00 0.0000E+00 0.0000E+00 0.0000E+00 0.0000E+00 0.0000E+00 0.0000E+00 0.0000E+00
2.8224E-10 4.8473E-10 7.6568E-10 1.1474E-09 1.6592E-09 2.3328E-09 3.1937E-09 4.2599E-09 5.5407E-09 7.0244E-09 8.6743E-09 1.0434E-08 1.2223E-08 1.3940E-08 1.5482E-08 1.6743E-08 1.7634E-08 1.8091E-08 1.8079E-08 1.7604E-08 1.6696E-08 1.5428E-08 1.3892E-08 1.2188E-08 1.0418E-08 8.6744E-09 7.0308E-09 5.5481E-09 4.2666E-09 3.2075E-09 2.3487E-09 1.6748E-09 1.1619E-09 7.8205E-10 5.0217E-10 2.8742E-10 1.3475E-10 4.6251E-11 1.7768E-11 3.8520E-12 0.0000E+00 0.0000E+00 0.0000E+00 0.0000E+00 0.0000E+00 0.0000E+00 0.0000E+00 0.0000E+00 0.0000E+00 0.0000E+00 0.0000E+00 0.0000E+00 0.0000E+00 0.0000E+00 0.0000E+00 0.0000E+00 0.0000E+00
2.0193E-10 3.8927E-10 6.5836E-10 1.0223E-09 1.5211E-09 2.1879E-09 3.0520E-09 4.1417E-09 5.4694E-09 7.0256E-09 8.7759E-09 1.0657E-08 1.2577E-08 1.4434E-08 1.6106E-08 1.7477E-08 1.8445E-08 1.8940E-08 1.8926E-08 1.8402E-08 1.7415E-08 1.6049E-08 1.4397E-08 1.2567E-08 1.0680E-08 8.8454E-09 7.1344E-09 5.5898E-09 4.2673E-09 3.1912E-09 2.3233E-09 1.6450E-09 1.1292E-09 7.5499E-10 4.8120E-10 2.6918E-10 1.2390E-10 4.3103E-11 1.5681E-11 2.8842E-12 0.0000E+00 0.0000E+00 0.0000E+00 0.0000E+00 0.0000E+00 0.0000E+00 0.0000E+00 0.0000E+00 0.0000E+00 0.0000E+00 0.0000E+00 0.0000E+00 0.0000E+00 0.0000E+00 0.0000E+00 0.0000E+00 0.0000E+00
1.3734E-10 3.0172E-10 5.5851E-10 9.0892E-10 1.3943E-09 2.0582E-09 2.9290E-09 4.0429E-09 5.4193E-09 7.0547E-09 8.9084E-09 1.0918E-08 1.2988E-08 1.4997E-08 1.6807E-08 1.8293E-08 1.9341E-08 1.9867E-08 1.9832E-08 1.9245E-08 1.8169E-08 1.6672E-08 1.4881E-08 1.2930E-08 1.0930E-08 8.9871E-09 7.1908E-09 5.5990E-09 4.2361E-09 3.1432E-09 2.2718E-09 1.5977E-09 1.0934E-09 7.2550E-10 4.5835E-10 2.4706E-10 1.0987E-10 3.8051E-11 1.3432E-11 0.0000E+00 0.0000E+00 0.0000E+00 0.0000E+00 0.0000E+00 0.0000E+00 0.0000E+00 0.0000E+00 0.0000E+00 0.0000E+00 0.0000E+00 0.0000E+00 0.0000E+00 0.0000E+00 0.0000E+00 0.0000E+00 0.0000E+00 0.0000E+00
6.5329E-11 2.2986E-10 4.6605E-10 8.0721E-10 1.2813E-09 1.9436E-09 2.8203E-09 3.9621E-09 5.3938E-09 7.1119E-09 9.0818E-09 1.1236E-08 1.3471E-08 1.5648E-08 1.7615E-08 1.9224E-08 2.0352E-08 2.0905E-08 2.0845E-08 2.0181E-08 1.8971E-08 1.7330E-08 1.5381E-08 1.3268E-08 1.1126E-08 9.0844E-09 7.2096E-09 5.5579E-09 4.1706E-09 3.0755E-09 2.2048E-09 1.5370E-09 1.0435E-09 6.8355E-10 4.2326E-10 2.2097E-10 9.5525E-11 3.2574E-11 7.8278E-12 0.0000E+00 0.0000E+00 0.0000E+00 0.0000E+00 0.0000E+00 0.0000E+00 0.0000E+00 0.0000E+00 0.0000E+00 0.0000E+00 0.0000E+00 0.0000E+00 0.0000E+00 0.0000E+00 0.0000E+00 0.0000E+00 0.0000E+00 0.0000E+00
3.1173E-11 1.7234E-10 3.8845E-10 7.1707E-10 1.1833E-09 1.8413E-09 2.7282E-09 3.8985E-09 5.3838E-09 7.1889E-09 9.2886E-09 1.1604E-08 1.4014E-08 1.6368E-08 1.8505E-08 2.0250E-08 2.1463E-08 2.2039E-08 2.1932E-08 2.1162E-08 1.9810E-08 1.8003E-08 1.5869E-08 1.3586E-08 1.1295E-08 9.1249E-09 7.1740E-09 5.4758E-09 4.0630E-09 2.9684E-09 2.1075E-09 1.4583E-09 9.8449E-10 6.4292E-10 3.8717E-10 1.9130E-10 8.2687E-11 2.1772E-11 2.6685E-12 0.0000E+00 0.0000E+00 0.0000E+00 0.0000E+00 0.0000E+00 0.0000E+00 0.0000E+00 0.0000E+00 0.0000E+00 0.0000E+00 0.0000E+00 0.0000E+00 0.0000E+00 0.0000E+00 0.0000E+00 0.0000E+00 0.0000E+00 0.0000E+00
3.4491E-11 1.1144E-10 3.2921E-10 6.3987E-10 1.0990E-09 1.7553E-09 2.6539E-09 3.8472E-09 5.3871E-09 7.2895E-09 9.5187E-09 1.1988E-08 1.4588E-08 1.7144E-08 1.9467E-08 2.1359E-08 2.2660E-08 2.3260E-08 2.3108E-08 2.2222E-08 2.0694E-08 1.8666E-08 1.6331E-08 1.3852E-08 1.1403E-08 9.1157E-09 7.0741E-09 5.3335E-09 3.9106E-09 2.8310E-09 1.9994E-09 1.3686E-09 9.0789E-10 5.8326E-10 3.4064E-10 1.6396E-10 6.5238E-11 9.4468E-12 0.0000E+00 0.0000E+00 0.0000E+00 0.0000E+00 0.0000E+00 0.0000E+00 0.0000E+00 0.0000E+00 0.0000E+00 0.0000E+00 0.0000E+00 0.0000E+00 0.0000E+00 0.0000E+00 0.0000E+00 0.0000E+00 0.0000E+00 0.0000E+00 0.0000E+00
4.1556E-11 9.9113E-11 2.7180E-10 5.8304E-10 1.0291E-09 1.6828E-09 2.5896E-09 3.8090E-09 5.4075E-09 7.4000E-09 9.7597E-09 1.2412E-08 1.5221E-08 1.7994E-08 2.0520E-08 2.2590E-08 2.4000E-08 2.4623E-08 2.4400E-08 2.3364E-08 2.1637E-08 1.9380E-08 1.6795E-08 1.4087E-08 1.1449E-08 9.0353E-09 6.9192E-09 5.1425E-09 3.7138E-09 2.6582E-09 1.8525E-09 1.2563E-09 8.2276E-10 5.2189E-10 2.9392E-10 1.2966E-10 4.0405E-11 3.2972E-12 0.0000E+00 0.0000E+00 0.0000E+00 0.0000E+00 0.0000E+00 0.0000E+00 0.0000E+00 0.0000E+00 0.0000E+00 0.0000E+00 0.0000E+00 0.0000E+00 0.0000E+00 0.0000E+00 0.0000E+00 0.0000E+00 0.0000E+00 0.0000E+00 0.0000E+00
4.7614E-11 1.1093E-10 2.3243E-10 5.3239E-10 9.7762E-10 1.6260E-09 2.5399E-09 3.7834E-09 5.4312E-09 7.5098E-09 1.0001E-08 1.2835E-08 1.5852E-08 1.8867E-08 2.1625E-08 2.3877E-08 2.5406E-08 2.6055E-08 2.5776E-08 2.4589E-08 2.2625E-08 2.0083E-08 1.7219E-08 1.4279E-08 1.1445E-08 8.8862E-09 6.6916E-09 4.8874E-09 3.4756E-09 2.4599E-09 1.6946E-09 1.1332E-09 7.3092E-10 4.4907E-10 2.3902E-10 8.9393E-11 2.3173E-11 0.0000E+00 0.0000E+00 0.0000E+00 0.0000E+00 0.0000E+00 0.0000E+00 0.0000E+00 0.0000E+00 0.0000E+00 0.0000E+00 0.0000E+00 0.0000E+00 0.0000E+00 0.0000E+00 0.0000E+00 0.0000E+00 0.0000E+00 0.0000E+00 0.0000E+00 0.0000E+00
5.1426E-11 1.2173E-10 2.3601E-10 4.8697E-10 9.3328E-10 1.5764E-09 2.5006E-09 3.7604E-09 5.4513E-09 7.6104E-09 1.0236E-08 1.3250E-08 1.6506E-08 1.9774E-08 2.2786E-08 2.5258E-08 2.6945E-08 2.7651E-08 2.7301E-08 2.5928E-08 2.3701E-08 2.0854E-08 1.7665E-08 1.4413E-08 1.1371E-08 8.6786E-09 6.4127E-09 4.5936E-09 3.1994E-09 2.2236E-09 1.5085E-09 9.9512E-10 6.3305E-10 3.6757E-10 1.7374E-10 5.7602E-11 9.7843E-12 0.0000E+00 0.0000E+00 0.0000E+00 0.0000E+00 0.0000E+00 0.0000E+00 0.0000E+00 0.0000E+00 0.0000E+00 0.0000E+00 0.0000E+00 0.0000E+00 0.0000E+00 0.0000E+00 0.0000E+00 0.0000E+00 0.0000E+00 0.0000E+00 0.0000E+00 0.0000E+00
5.1846E-11 1.2964E-10 2.4954E-10 4.6223E-10 8.9140E-10 1.5404E-09 2.4681E-09 3.7418E-09 5.4659E-09 7.6990E-09 1.0450E-08 1.3649E-08 1.7137E-08 2.0674E-08 2.3982E-08 2.6717E-08 2.8582E-08 2.9360E-08 2.8952E-08 2.7412E-08 2.4893E-08 2.1676E-08 1.8123E-08 1.4561E-08 1.1261E-08 8.4038E-09 6.0655E-09 4.2391E-09 2.8976E-09 1.9793E-09 1.3215E-09 8.4978E-10 5.1729E-10 2.7976E-10 1.1078E-10 3.5048E-11 2.8985E-12 0.0000E+00 0.0000E+00 0.0000E+00 0.0000E+00 0.0000E+00 0.0000E+00 0.0000E+00 0.0000E+00 0.0000E+00 0.0000E+00 0.0000E+00 0.0000E+00 0.0000E+00 0.0000E+00 0.0000E+00 0.0000E+00 0.0000E+00 0.0000E+00 0.0000E+00 0.0000E+00
5.1994E-11 1.3260E-10 2.5693E-10 4.7630E-10 8.4880E-10 1.4969E-09 2.4228E-09 3.7128E-09 5.4641E-09 7.7612E-09 1.0621E-08 1.3990E-08 1.7725E-08 2.1572E-08 2.5188E-08 2.8223E-08 3.0325E-08 3.1230E-08 3.0795E-08 2.9052E-08 2.6211E-08 2.2599E-08 1.8629E-08 1.4691E-08 1.1117E-08 8.0952E-09 5.6869E-09 3.8440E-09 2.5690E-09 1.7152E-09 1.1184E-09 6.9313E-10 4.0451E-10 2.0008E-10 6.7166E-11 1.7003E-11 0.0000E+00 0.0000E+00 0.0000E+00 0.0000E+00 0.0000E+00 0.0000E+00 0.0000E+00 0.0000E+00 0.0000E+00 0.0000E+00 0.0000E+00 0.0000E+00 0.0000E+00 0.0000E+00 0.0000E+00 0.0000E+00 0.0000E+00 0.0000E+00 0.0000E+00 0.0000E+00 0.0000E+00
5.0686E-11 1.2953E-10 2.6240E-10 4.7744E-10 8.2565E-10 1.4347E-09 2.3742E-09 3.6582E-09 5.4236E-09 7.7704E-09 1.0734E-08 1.4281E-08 1.8256E-08 2.2417E-08 2.6402E-08 2.9805E-08 3.2214E-08 3.3292E-08 3.2855E-08 3.0933E-08 2.7752E-08 2.3676E-08 1.9223E-08 1.4854E-08 1.0960E-08 7.7488E-09 5.2712E-09 3.4733E-09 2.2412E-09 1.4557E-09 9.1996E-10 5.4223E-10 2.8058E-10 1.2966E-10 3.3260E-11 3.7368E-12 0.0000E+00 0.0000E+00 0.0000E+00 0.0000E+00 0.0000E+00 0.0000E+00 0.0000E+00 0.0000E+00 0.0000E+00 0.0000E+00 0.0000E+00 0.0000E+00 0.0000E+00 0.0000E+00 0.0000E+00 0.0000E+00 0.0000E+00 0.0000E+00 0.0000E+00 0.0000E+00 0.0000E+00
