Assets/Resources/2015_m01_d12_0400(utc+0800)_l00_csi_1hr_conc.grd
DSAA
         159         159
     -79.000      79.000
     -79.000      79.000
  0.0000E+00  0.3007E-05
[rows 25 to 49 of 159, columns 57 to 113 of 159]
8.1532E-10 1.1710E-09 1.6495E-09 2.2639E-09 3.0386E-09 3.9873E-09 5.1238E-09 6.4578E-09 7.9949E-09 9.7035E-09 1.1563E-08 1.3532E-08 1.5562E-08 1.7592E-08 1.9550E-08 2.1356E-08 2.2939E-08 2.4234E-08 2.5182E-08 2.5740E-08 2.5887E-08 2.5603E-08 2.4906E-08 2.3837E-08 2.2436E-08 2.0767E-08 1.8905E-08 1.6935E-08 1.4929E-08 1.2943E-08 1.1048E-08 9.2872E-09 7.6754E-09 6.2583E-09 5.0041E-09 3.9521E-09 3.0659E-09 2.3334E-09 1.7509E-09 1.2812E-09 9.2495E-10 6.5138E-10 4.4465E-10 2.9120E-10 1.7730E-10 9.0377E-11 3.1036E-11 7.6788E-12 0.0000E+00 0.0000E+00 0.0000E+00 0.0000E+00 0.0000E+00 0.0000E+00 0.0000E+00 0.0000E+00 0.0000E+00
8.0691E-10 1.1686E-09 1.6639E-09 2.2963E-09 3.1033E-09 4.0980E-09 5.3003E-09 6.7073E-09 8.3247E-09 1.0122E-08 1.2084E-08 1.4169E-08 1.6314E-08 1.8450E-08 2.0496E-08 2.2372E-08 2.4002E-08 2.5308E-08 2.6228E-08 2.6735E-08 2.6794E-08 2.6396E-08 2.5572E-08 2.4374E-08 2.2836E-08 2.1029E-08 1.9047E-08 1.6974E-08 1.4870E-08 1.2825E-08 1.0870E-08 9.0801E-09 7.4540E-09 6.0314E-09 4.8005E-09 3.7497E-09 2.8915E-09 2.1814E-09 1.6244E-09 1.1853E-09 8.5061E-10 5.9755E-10 4.0078E-10 2.5981E-10 1.5656E-10 7.6494E-11 2.5046E-11 6.2298E-12 0.0000E+00 0.0000E+00 0.0000E+00 0.0000E+00 0.0000E+00 0.0000E+00 0.0000E+00 0.0000E+00 0.0000E+00
8.0599E-10 1.1891E-09 1.6988E-09 2.3582E-09 3.2078E-09 4.2510E-09 5.5172E-09 7.0101E-09 8.7314E-09 1.0645E-08 1.2725E-08 1.4925E-08 1.7180E-08 1.9420E-08 2.1562E-08 2.3513E-08 2.5186E-08 2.6499E-08 2.7393E-08 2.7824E-08 2.7763E-08 2.7232E-08 2.6264E-08 2.4893E-08 2.3191E-08 2.1246E-08 1.9126E-08 1.6945E-08 1.4743E-08 1.2628E-08 1.0631E-08 8.8117E-09 7.1880E-09 5.7582E-09 4.5533E-09 3.5271E-09 2.6971E-09 2.0257E-09 1.4953E-09 1.0879E-09 7.7163E-10 5.3353E-10 3.5290E-10 2.2585E-10 1.3344E-10 6.1593E-11 1.9174E-11 4.6399E-12 0.0000E+00 0.0000E+00 0.0000E+00 0.0000E+00 0.0000E+00 0.0000E+00 0.0000E+00 0.0000E+00 0.0000E+00
8.2441E-10 1.2200E-09 1.7547E-09 2.4535E-09 3.3408E-09 4.4493E-09 5.8057E-09 7.3973E-09 9.2315E-09 1.1265E-08 1.3470E-08 1.5799E-08 1.8184E-08 2.0539E-08 2.2772E-08 2.4784E-08 2.6481E-08 2.7789E-08 2.8638E-08 2.8980E-08 2.8799E-08 2.8111E-08 2.6958E-08 2.5393E-08 2.3502E-08 2.1388E-08 1.9126E-08 1.6817E-08 1.4538E-08 1.2341E-08 1.0323E-08 8.4704E-09 6.8640E-09 5.4527E-09 4.2736E-09 3.2941E-09 2.4912E-09 1.8629E-09 1.3630E-09 9.8244E-10 6.8571E-10 4.6626E-10 3.0407E-10 1.8915E-10 1.0744E-10 4.7287E-11 1.2380E-11 2.2253E-12 0.0000E+00 0.0000E+00 0.0000E+00 0.0000E+00 0.0000E+00 0.0000E+00 0.0000E+00 0.0000E+00 0.0000E+00
8.4900E-10 1.2637E-09 1.8312E-09 2.5692E-09 3.5246E-09 4.7134E-09 6.1581E-09 7.8552E-09 9.8126E-09 1.1995E-08 1.4352E-08 1.6831E-08 1.9348E-08 2.1810E-08 2.4129E-08 2.6197E-08 2.7913E-08 2.9196E-08 2.9972E-08 3.0197E-08 2.9875E-08 2.9005E-08 2.7641E-08 2.5871E-08 2.3778E-08 2.1455E-08 1.9029E-08 1.6588E-08 1.4224E-08 1.1977E-08 9.9358E-09 8.0815E-09 6.4837E-09 5.1228E-09 3.9687E-09 3.0392E-09 2.2805E-09 1.6901E-09 1.2245E-09 8.6945E-10 5.9581E-10 3.9712E-10 2.5329E-10 1.5201E-10 8.3145E-11 3.2580E-11 6.6021E-12 0.0000E+00 0.0000E+00 0.0000E+00 0.0000E+00 0.0000E+00 0.0000E+00 0.0000E+00 0.0000E+00 0.0000E+00 0.0000E+00
8.8730E-10 1.3252E-09 1.9263E-09 2.7228E-09 3.7448E-09 5.0160E-09 6.5695E-09 8.4022E-09 1.0504E-08 1.2844E-08 1.5360E-08 1.7991E-08 2.0654E-08 2.3247E-08 2.5659E-08 2.7777E-08 2.9493E-08 3.0721E-08 3.1388E-08 3.1474E-08 3.0961E-08 2.9875E-08 2.8290E-08 2.6283E-08 2.3971E-08 2.1454E-08 1.8864E-08 1.6292E-08 1.3817E-08 1.1536E-08 9.4607E-09 7.6477E-09 6.0567E-09 4.7483E-09 3.6501E-09 2.7676E-09 2.0616E-09 1.5069E-09 1.0808E-09 7.4982E-10 5.0629E-10 3.2933E-10 2.0297E-10 1.1614E-10 5.9295E-11 1.8736E-11 1.3642E-12 0.0000E+00 0.0000E+00 0.0000E+00 0.0000E+00 0.0000E+00 0.0000E+00 0.0000E+00 0.0000E+00 0.0000E+00 0.0000E+00
9.3259E-10 1.4018E-09 2.0485E-09 2.8956E-09 3.9891E-09 5.3692E-09 7.0498E-09 9.0390E-09 1.1306E-08 1.3828E-08 1.6536E-08 1.9350E-08 2.2176E-08 2.4896E-08 2.7389E-08 2.9543E-08 3.1241E-08 3.2394E-08 3.2934E-08 3.2837E-08 3.2086E-08 3.0741E-08 2.8902E-08 2.6639E-08 2.4068E-08 2.1349E-08 1.8587E-08 1.5898E-08 1.3343E-08 1.1018E-08 8.9306E-09 7.1442E-09 5.6056E-09 4.3412E-09 3.3132E-09 2.4797E-09 1.8308E-09 1.3202E-09 9.2982E-10 6.3383E-10 4.1823E-10 2.6288E-10 1.5537E-10 8.2385E-11 3.6107E-11 7.1161E-12 3.7219E-13 0.0000E+00 0.0000E+00 0.0000E+00 0.0000E+00 0.0000E+00 0.0000E+00 0.0000E+00 0.0000E+00 0.0000E+00 0.0000E+00
9.7135E-10 1.4825E-09 2.1731E-09 3.0925E-09 4.2827E-09 5.7708E-09 7.5879E-09 9.7396E-09 1.2204E-08 1.4940E-08 1.7857E-08 2.0867E-08 2.3869E-08 2.6738E-08 2.9335E-08 3.1529E-08 3.3201E-08 3.4256E-08 3.4630E-08 3.4302E-08 3.3279E-08 3.1640E-08 2.9480E-08 2.6919E-08 2.4094E-08 2.1147E-08 1.8220E-08 1.5393E-08 1.2785E-08 1.0425E-08 8.3645E-09 6.5918E-09 5.1283E-09 3.9071E-09 2.9525E-09 2.1848E-09 1.5919E-09 1.1279E-09 7.7815E-10 5.1976E-10 3.3331E-10 2.0126E-10 1.1129E-10 5.1623E-11 1.7041E-11 1.9183E-12 0.0000E+00 0.0000E+00 0.0000E+00 0.0000E+00 0.0000E+00 0.0000E+00 0.0000E+00 0.0000E+00 0.0000E+00 0.0000E+00 0.0000E+00
1.0140E-09 1.5548E-09 2.3018E-09 3.3073E-09 4.5930E-09 6.2108E-09 8.1833E-09 1.0521E-08 1.3199E-08 1.6158E-08 1.9319E-08 2.2574E-08 2.5797E-08 2.8835E-08 3.1535E-08 3.3762E-08 3.5391E-08 3.6325E-08 3.6504E-08 3.5902E-08 3.4571E-08 3.2587E-08 3.0066E-08 2.7158E-08 2.4049E-08 2.0857E-08 1.7752E-08 1.4809E-08 1.2142E-08 9.7616E-09 7.7378E-09 6.0068E-09 4.6104E-09 3.4719E-09 2.5805E-09 1.8852E-09 1.3467E-09 9.3680E-10 6.3294E-10 4.1221E-10 2.5559E-10 1.4517E-10 7.1358E-11 2.6436E-11 4.6025E-12 6.4555E-13 0.0000E+00 0.0000E+00 0.0000E+00 0.0000E+00 0.0000E+00 0.0000E+00 0.0000E+00 0.0000E+00 0.0000E+00 0.0000E+00 0.0000E+00
1.0497E-09 1.6379E-09 2.4384E-09 3.5122E-09 4.9105E-09 6.6798E-09 8.8315E-09 1.1379E-08 1.4280E-08 1.7501E-08 2.0922E-08 2.4432E-08 2.7879E-08 3.1114E-08 3.3951E-08 3.6232E-08 3.7823E-08 3.8617E-08 3.8564E-08 3.7657E-08 3.5970E-08 3.3583E-08 3.0669E-08 2.7392E-08 2.3947E-08 2.0505E-08 1.7203E-08 1.4161E-08 1.1431E-08 9.0686E-09 7.0609E-09 5.4198E-09 4.0771E-09 3.0328E-09 2.2096E-09 1.5870E-09 1.1072E-09 7.5339E-10 4.9489E-10 3.1060E-10 1.8313E-10 9.6548E-11 3.9198E-11 7.3677E-12 1.6387E-12 0.0000E+00 0.0000E+00 0.0000E+00 0.0000E+00 0.0000E+00 0.0000E+00 0.0000E+00 0.0000E+00 0.0000E+00 0.0000E+00 0.0000E+00 0.0000E+00
1.0987E-09 1.7197E-09 2.5662E-09 3.7306E-09 5.2399E-09 7.1542E-09 9.4869E-09 1.2260E-08 1.5427E-08 1.8927E-08 2.2636E-08 2.6425E-08 3.0133E-08 3.3577E-08 3.6566E-08 3.8908E-08 4.0456E-08 4.1110E-08 4.0804E-08 3.9557E-08 3.7463E-08 3.4629E-08 3.1287E-08 2.7611E-08 2.3800E-08 2.0100E-08 1.6603E-08 1.3455E-08 1.0676E-08 8.3427E-09 6.3765E-09 4.8115E-09 3.5572E-09 2.5983E-09 1.8516E-09 1.2985E-09 8.8373E-10 5.8423E-10 3.7004E-10 2.2099E-10 1.1844E-10 5.2156E-11 1.3559E-11 3.2168E-12 4.5359E-13 0.0000E+00 0.0000E+00 0.0000E+00 0.0000E+00 0.0000E+00 0.0000E+00 0.0000E+00 0.0000E+00 0.0000E+00 0.0000E+00 0.0000E+00 0.0000E+00
1.1433E-09 1.7953E-09 2.7025E-09 3.9484E-09 5.5595E-09 7.6242E-09 1.0148E-08 1.3160E-08 1.6595E-08 2.0384E-08 2.4415E-08 2.8517E-08 3.2504E-08 3.6172E-08 3.9325E-08 4.1751E-08 4.3284E-08 4.3788E-08 4.3208E-08 4.1599E-08 3.9043E-08 3.5743E-08 3.1921E-08 2.7802E-08 2.3633E-08 1.9638E-08 1.5971E-08 1.2708E-08 9.9196E-09 7.5904E-09 5.7170E-09 4.2113E-09 3.0622E-09 2.1780E-09 1.5180E-09 1.0359E-09 6.8406E-10 4.3559E-10 2.6000E-10 1.4299E-10 6.5158E-11 1.9551E-11 4.5190E-12 9.6203E-13 0.0000E+00 0.0000E+00 0.0000E+00 0.0000E+00 0.0000E+00 0.0000E+00 0.0000E+00 0.0000E+00 0.0000E+00 0.0000E+00 0.0000E+00 0.0000E+00 0.0000E+00
1.1874E-09 1.8707E-09 2.8312E-09 4.1501E-09 5.8732E-09 8.0881E-09 1.0801E-08 1.4034E-08 1.7738E-08 2.1838E-08 2.6195E-08 3.0625E-08 3.4921E-08 3.8852E-08 4.2183E-08 4.4691E-08 4.6187E-08 4.6549E-08 4.5705E-08 4.3701E-08 4.0679E-08 3.6865E-08 3.2528E-08 2.7950E-08 2.3415E-08 1.9124E-08 1.5286E-08 1.1930E-08 9.1493E-09 6.8498E-09 5.0524E-09 3.6427E-09 2.5854E-09 1.7884E-09 1.2161E-09 8.0186E-10 5.1082E-10 3.0883E-10 1.7116E-10 8.1364E-11 2.7205E-11 5.2621E-12 1.3146E-12 0.0000E+00 0.0000E+00 0.0000E+00 0.0000E+00 0.0000E+00 0.0000E+00 0.0000E+00 0.0000E+00 0.0000E+00 0.0000E+00 0.0000E+00 0.0000E+00 0.0000E+00 0.0000E+00
1.2242E-09 1.9401E-09 2.9493E-09 4.3315E-09 6.1714E-09 8.5247E-09 1.1414E-08 1.4878E-08 1.8860E-08 2.3258E-08 2.7918E-08 3.2669E-08 3.7289E-08 4.1500E-08 4.5036E-08 4.7652E-08 4.9130E-08 4.9332E-08 4.8209E-08 4.5815E-08 4.2308E-08 3.7949E-08 3.3067E-08 2.8027E-08 2.3109E-08 1.8550E-08 1.4535E-08 1.1139E-08 8.3452E-09 6.1383E-09 4.4005E-09 3.1045E-09 2.1365E-09 1.4400E-09 9.4762E-10 6.0027E-10 3.6634E-10 2.0709E-10 1.0044E-10 3.6319E-11 7.7409E-12 1.4766E-12 9.4078E-14 0.0000E+00 0.0000E+00 0.0000E+00 0.0000E+00 0.0000E+00 0.0000E+00 0.0000E+00 0.0000E+00 0.0000E+00 0.0000E+00 0.0000E+00 0.0000E+00 0.0000E+00 0.0000E+00
1.2513E-09 1.9858E-09 3.0429E-09 4.4973E-09 6.4290E-09 8.9061E-09 1.1981E-08 1.5647E-08 1.9880E-08 2.4567E-08 2.9556E-08 3.4636E-08 3.9554E-08 4.4043E-08 4.7790E-08 5.0523E-08 5.1996E-08 5.2054E-08 5.0627E-08 4.7810E-08 4.3814E-08 3.8915E-08 3.3505E-08 2.7993E-08 2.2695E-08 1.7892E-08 1.3713E-08 1.0303E-08 7.5329E-09 5.4045E-09 3.7753E-09 2.5927E-09 1.7336E-09 1.1307E-09 7.1262E-10 4.3277E-10 2.4677E-10 1.2405E-10 4.8690E-11 1.2417E-11 1.4175E-12 1.2971E-13 0.0000E+00 0.0000E+00 0.0000E+00 0.0000E+00 0.0000E+00 0.0000E+00 0.0000E+00 0.0000E+00 0.0000E+00 0.0000E+00 0.0000E+00 0.0000E+00 0.0000E+00 0.0000E+00 0.0000E+00
1.2606E-09 2.0132E-09 3.1126E-09 4.6170E-09 6.6348E-09 9.2226E-09 1.2460E-08 1.6328E-08 2.0802E-08 2.5769E-08 3.1066E-08 3.6443E-08 4.1657E-08 4.6410E-08 5.0367E-08 5.3209E-08 5.4681E-08 5.4593E-08 5.2881E-08 4.9647E-08 4.5127E-08 3.9684E-08 3.3770E-08 2.7795E-08 2.2166E-08 1.7130E-08 1.2849E-08 9.4055E-09 6.7310E-09 4.6778E-09 3.1839E-09 2.1149E-09 1.3700E-09 8.5707E-10 5.1576E-10 2.9450E-10 1.5120E-10 6.3745E-11 2.0996E-11 4.5954E-12 1.9318E-14 0.0000E+00 0.0000E+00 0.0000E+00 0.0000E+00 0.0000E+00 0.0000E+00 0.0000E+00 0.0000E+00 0.0000E+00 0.0000E+00 0.0000E+00 0.0000E+00 0.0000E+00 0.0000E+00 0.0000E+00 0.0000E+00
1.2511E-09 2.0158E-09 3.1429E-09 4.6841E-09 6.7756E-09 9.4701E-09 1.2843E-08 1.6870E-08 2.1570E-08 2.6795E-08 3.2358E-08 3.8040E-08 4.3555E-08 4.8564E-08 5.2713E-08 5.5665E-08 5.7109E-08 5.6850E-08 5.4834E-08 5.1175E-08 4.6136E-08 4.0166E-08 3.3757E-08 2.7378E-08 2.1453E-08 1.6245E-08 1.1932E-08 8.4872E-09 5.9053E-09 3.9780E-09 2.6238E-09 1.6774E-09 1.0422E-09 6.2079E-10 3.4909E-10 1.8444E-10 8.4064E-11 3.1478E-11 8.8737E-12 1.1312E-12 0.0000E+00 0.0000E+00 0.0000E+00 0.0000E+00 0.0000E+00 0.0000E+00 0.0000E+00 0.0000E+00 0.0000E+00 0.0000E+00 0.0000E+00 0.0000E+00 0.0000E+00 0.0000E+00 0.0000E+00 0.0000E+00 0.0000E+00
1.2234E-09 1.9876E-09 3.1235E-09 4.6982E-09 6.8469E-09 9.6146E-09 1.3101E-08 1.7292E-08 2.2187E-08 2.7640E-08 3.3473E-08 3.9422E-08 4.5184E-08 5.0418E-08 5.4744E-08 5.7777E-08 5.9188E-08 5.8754E-08 5.6425E-08 5.2323E-08 4.6785E-08 4.0288E-08 3.3409E-08 2.6688E-08 2.0528E-08 1.5231E-08 1.0921E-08 7.5708E-09 5.0859E-09 3.3230E-09 2.0989E-09 1.2816E-09 7.5093E-10 4.1840E-10 2.1819E-10 1.0311E-10 4.1071E-11 1.2819E-11 1.8297E-12 0.0000E+00 0.0000E+00 0.0000E+00 0.0000E+00 0.0000E+00 0.0000E+00 0.0000E+00 0.0000E+00 0.0000E+00 0.0000E+00 0.0000E+00 0.0000E+00 0.0000E+00 0.0000E+00 0.0000E+00 0.0000E+00 0.0000E+00 0.0000E+00
1.1823E-09 1.9326E-09 3.0601E-09 4.6478E-09 6.8204E-09 9.6483E-09 1.3246E-08 1.7582E-08 2.2639E-08 2.8296E-08 3.4367E-08 4.0552E-08 4.6552E-08 5.1993E-08 5.6463E-08 5.9553E-08 6.0895E-08 6.0272E-08 5.7610E-08 5.3053E-08 4.7002E-08 4.0020E-08 3.2718E-08 2.5715E-08 1.9402E-08 1.4082E-08 9.8444E-09 6.6317E-09 4.3058E-09 2.7150E-09 1.6375E-09 9.4596E-10 5.1393E-10 2.5314E-10 1.2212E-10 5.1793E-11 1.8111E-11 3.7288E-12 0.0000E+00 0.0000E+00 0.0000E+00 0.0000E+00 0.0000E+00 0.0000E+00 0.0000E+00 0.0000E+00 0.0000E+00 0.0000E+00 0.0000E+00 0.0000E+00 0.0000E+00 0.0000E+00 0.0000E+00 0.0000E+00 0.0000E+00 0.0000E+00 0.0000E+00
1.1218E-09 1.8553E-09 2.9656E-09 4.5350E-09 6.7065E-09 9.5761E-09 1.3229E-08 1.7673E-08 2.2905E-08 2.8786E-08 3.5071E-08 4.1487E-08 4.7680E-08 5.3280E-08 5.7848E-08 6.0948E-08 6.2200E-08 6.1347E-08 5.8314E-08 5.3309E-08 4.6780E-08 3.9349E-08 3.1703E-08 2.4481E-08 1.8111E-08 1.2831E-08 8.7271E-09 5.7074E-09 3.5748E-09 2.1563E-09 1.2404E-09 6.6905E-10 3.2751E-10 1.3901E-10 6.5627E-11 2.3872E-11 5.3062E-12 0.0000E+00 0.0000E+00 0.0000E+00 0.0000E+00 0.0000E+00 0.0000E+00 0.0000E+00 0.0000E+00 0.0000E+00 0.0000E+00 0.0000E+00 0.0000E+00 0.0000E+00 0.0000E+00 0.0000E+00 0.0000E+00 0.0000E+00 0.0000E+00 0.0000E+00 0.0000E+00
1.0352E-09 1.7489E-09 2.8241E-09 4.3676E-09 6.5240E-09 9.3899E-09 1.3061E-08 1.7601E-08 2.2962E-08 2.9024E-08 3.5538E-08 4.2182E-08 4.8597E-08 5.4352E-08 5.8977E-08 6.2029E-08 6.3117E-08 6.1970E-08 5.8546E-08 5.3094E-08 4.6114E-08 3.8281E-08 3.0371E-08 2.3001E-08 1.6656E-08 1.1518E-08 7.6122E-09 4.7942E-09 2.8976E-09 1.6616E-09 9.0672E-10 4.4900E-10 1.8710E-10 7.4035E-11 2.6375E-11 6.1693E-12 0.0000E+00 0.0000E+00 0.0000E+00 0.0000E+00 0.0000E+00 0.0000E+00 0.0000E+00 0.0000E+00 0.0000E+00 0.0000E+00 0.0000E+00 0.0000E+00 0.0000E+00 0.0000E+00 0.0000E+00 0.0000E+00 0.0000E+00 0.0000E+00 0.0000E+00 0.0000E+00 0.0000E+00
9.2600E-10 1.6086E-09 2.6329E-09 4.1453E-09 6.2700E-09 9.1168E-09 1.2813E-08 1.7404E-08 2.2844E-08 2.9048E-08 3.5761E-08 4.2636E-08 4.9254E-08 5.5153E-08 5.9850E-08 6.2835E-08 6.3704E-08 6.2209E-08 5.8363E-08 5.2434E-08 4.4992E-08 3.6831E-08 2.8727E-08 2.1322E-08 1.5083E-08 1.0150E-08 6.4808E-09 3.9395E-09 2.2817E-09 1.2380E-09 6.2334E-10 2.6878E-10 9.1024E-11 2.6375E-11 5.5740E-12 0.0000E+00 0.0000E+00 0.0000E+00 0.0000E+00 0.0000E+00 0.0000E+00 0.0000E+00 0.0000E+00 0.0000E+00 0.0000E+00 0.0000E+00 0.0000E+00 0.0000E+00 0.0000E+00 0.0000E+00 0.0000E+00 0.0000E+00 0.0000E+00 0.0000E+00 0.0000E+00 0.0000E+00 0.0000E+00
8.0753E-10 1.4400E-09 2.4087E-09 3.8642E-09 5.9307E-09 8.7657E-09 1.2468E-08 1.7096E-08 2.2632E-08 2.8976E-08 3.5841E-08 4.2878E-08 4.9689E-08 5.5754E-08 6.0499E-08 6.3413E-08 6.4039E-08 6.2167E-08 5.7828E-08 5.1392E-08 4.3511E-08 3.5055E-08 2.6808E-08 1.9468E-08 1.3390E-08 8.7447E-09 5.3903E-09 3.1466E-09 1.7221E-09 8.7262E-10 3.8785E-10 1.2614E-10 3.1749E-11 4.8974E-12 0.0000E+00 0.0000E+00 0.0000E+00 0.0000E+00 0.0000E+00 0.0000E+00 0.0000E+00 0.0000E+00 0.0000E+00 0.0000E+00 0.0000E+00 0.0000E+00 0.0000E+00 0.0000E+00 0.0000E+00 0.0000E+00 0.0000E+00 0.0000E+00 0.0000E+00 0.0000E+00 0.0000E+00 0.0000E+00 0.0000E+00
6.7789E-10 1.2540E-09 2.1497E-09 3.5288E-09 5.5300E-09 8.3219E-09 1.2001E-08 1.6682E-08 2.2324E-08 2.8809E-08 3.5837E-08 4.3055E-08 5.0021E-08 5.6183E-08 6.0976E-08 6.3815E-08 6.4236E-08 6.2002E-08 5.7151E-08 5.0169E-08 4.1844E-08 3.3073E-08 2.4748E-08 1.7492E-08 1.1664E-08 7.3540E-09 4.3724E-09 2.4158E-09 1.2339E-09 5.6858E-10 1.9843E-10 4.3102E-11 4.0502E-12 0.0000E+00 0.0000E+00 0.0000E+00 0.0000E+00 0.0000E+00 0.0000E+00 0.0000E+00 0.0000E+00 0.0000E+00 0.0000E+00 0.0000E+00 0.0000E+00 0.0000E+00 0.0000E+00 0.0000E+00 0.0000E+00 0.0000E+00 0.0000E+00 0.0000E+00 0.0000E+00 0.0000E+00 0.0000E+00 0.0000E+00 0.0000E+00
5.4777E-10 1.0574E-09 1.8767E-09 3.1610E-09 5.0614E-09 7.7782E-09 1.1433E-08 1.6138E-08 2.1867E-08 2.8509E-08 3.5761E-08 4.3201E-08 5.0328E-08 5.6593E-08 6.1403E-08 6.4178E-08 6.4406E-08 6.1789E-08 5.6464E-08 4.8951E-08 4.0131E-08 3.1041E-08 2.2627E-08 1.5494E-08 9.9688E-09 6.0136E-09 3.4139E-09 1.7698E-09 8.1820E-10 3.1929E-10 7.2459E-11 8.6632E-12 0.0000E+00 0.0000E+00 0.0000E+00 0.0000E+00 0.0000E+00 0.0000E+00 0.0000E+00 0.0000E+00 0.0000E+00 0.0000E+00 0.0000E+00 0.0000E+00 0.0000E+00 0.0000E+00 0.0000E+00 0.0000E+00 0.0000E+00 0.0000E+00 0.0000E+00 0.0000E+00 0.0000E+00 0.0000E+00 0.0000E+00 0.0000E+00 0.0000E+00
