Assets/Resources/2015_m01_d25_1500(utc+0800)_l00_csi_1hr_conc.grd
DSAA
         159         159
     -79.000      79.000
     -79.000      79.000
  0.0000E+00  0.3469E-05
[rows 100 to 124 of 159, columns 57 to 113 of 159]
0.0000E+00 0.0000E+00 0.0000E+00 0.0000E+00 0.0000E+00 0.0000E+00 0.0000E+00 0.0000E+00 0.0000E+00 1.6345E-12 1.7540E-11 8.0457E-11 1.6430E-10 2.7928E-10 4.0673E-10 5.5234E-10 7.2197E-10 9.1127E-10 1.1258E-09 1.3513E-09 1.5732E-09 1.7864E-09 1.9960E-09 2.1974E-09 2.4201E-09 2.6860E-09 2.9806E-09 3.2127E-09 3.3780E-09 3.5207E-09 3.6200E-09 3.7060E-09 3.7561E-09 3.7597E-09 3.7313E-09 3.6699E-09 3.5752E-09 3.4588E-09 3.3082E-09 3.1323E-09 2.9473E-09 2.7456E-09 2.5361E-09 2.3200E-09 2.1059E-09 1.8916E-09 1.6858E-09 1.4900E-09 1.3038E-09 1.1338E-09 9.7477E-10 8.3333E-10 7.0478E-10 5.9263E-10 4.9221E-10 4.0675E-10 3.3235E-10
0.0000E+00 0.0000E+00 0.0000E+00 0.0000E+00 0.0000E+00 0.0000E+00 0.0000E+00 0.0000E+00 0.0000E+00 0.0000E+00 8.7627E-12 2.4114E-11 6.0588E-11 1.3407E-10 2.3245E-10 3.4301E-10 4.5972E-10 5.8883E-10 7.2941E-10 8.8061E-10 1.0277E-09 1.1850E-09 1.3506E-09 1.5201E-09 1.7053E-09 1.9249E-09 2.1721E-09 2.3936E-09 2.5652E-09 2.7055E-09 2.8362E-09 2.9297E-09 2.9875E-09 3.0213E-09 3.0139E-09 2.9757E-09 2.9148E-09 2.8187E-09 2.7001E-09 2.5693E-09 2.4207E-09 2.2601E-09 2.0878E-09 1.9137E-09 1.7350E-09 1.5600E-09 1.3912E-09 1.2274E-09 1.0775E-09 9.3305E-10 8.0348E-10 6.8794E-10 5.8057E-10 4.8536E-10 4.0327E-10 3.3264E-10 2.7182E-10
0.0000E+00 0.0000E+00 0.0000E+00 0.0000E+00 0.0000E+00 0.0000E+00 0.0000E+00 0.0000E+00 0.0000E+00 0.0000E+00 2.4360E-12 1.5913E-11 2.9998E-11 4.7390E-11 9.2078E-11 1.7243E-10 2.5978E-10 3.5397E-10 4.5592E-10 5.6207E-10 6.7685E-10 7.8503E-10 9.0892E-10 1.0449E-09 1.1962E-09 1.3873E-09 1.5888E-09 1.7798E-09 1.9474E-09 2.0863E-09 2.2006E-09 2.2983E-09 2.3679E-09 2.4036E-09 2.4091E-09 2.3875E-09 2.3360E-09 2.2696E-09 2.1850E-09 2.0847E-09 1.9675E-09 1.8369E-09 1.7007E-09 1.5569E-09 1.4135E-09 1.2735E-09 1.1351E-09 1.0038E-09 8.7592E-10 7.6032E-10 6.5651E-10 5.5837E-10 4.7007E-10 3.9385E-10 3.2981E-10 2.7024E-10 2.1654E-10
0.0000E+00 0.0000E+00 0.0000E+00 0.0000E+00 0.0000E+00 0.0000E+00 0.0000E+00 0.0000E+00 0.0000E+00 0.0000E+00 1.6080E-13 7.0849E-12 2.0843E-11 3.4477E-11 5.3672E-11 8.1079E-11 1.2220E-10 1.8045E-10 2.4896E-10 3.2684E-10 4.1083E-10 5.0317E-10 6.1136E-10 7.3325E-10 8.6822E-10 1.0203E-09 1.1797E-09 1.3363E-09 1.4735E-09 1.5963E-09 1.7046E-09 1.7882E-09 1.8520E-09 1.8941E-09 1.9007E-09 1.8874E-09 1.8611E-09 1.8161E-09 1.7532E-09 1.6726E-09 1.5794E-09 1.4770E-09 1.3664E-09 1.2536E-09 1.1415E-09 1.0277E-09 9.1639E-10 8.0626E-10 7.0642E-10 6.1509E-10 5.2880E-10 4.4851E-10 3.7786E-10 3.1825E-10 2.6163E-10 2.1187E-10 1.6670E-10
0.0000E+00 0.0000E+00 0.0000E+00 0.0000E+00 0.0000E+00 0.0000E+00 0.0000E+00 0.0000E+00 0.0000E+00 0.0000E+00 0.0000E+00 1.6666E-12 1.1302E-11 2.4285E-11 3.7822E-11 5.8396E-11 8.5552E-11 1.1913E-10 1.5857E-10 2.0974E-10 2.7806E-10 3.5179E-10 4.2807E-10 5.2124E-10 6.2520E-10 7.4236E-10 8.6934E-10 9.9540E-10 1.1096E-09 1.2115E-09 1.3009E-09 1.3800E-09 1.4410E-09 1.4769E-09 1.4932E-09 1.4923E-09 1.4745E-09 1.4396E-09 1.3892E-09 1.3261E-09 1.2529E-09 1.1728E-09 1.0893E-09 1.0022E-09 9.1098E-10 8.1865E-10 7.2727E-10 6.4453E-10 5.6671E-10 4.9184E-10 4.1910E-10 3.5538E-10 3.0102E-10 2.5098E-10 2.0548E-10 1.6099E-10 1.2525E-10
0.0000E+00 0.0000E+00 0.0000E+00 0.0000E+00 0.0000E+00 0.0000E+00 0.0000E+00 0.0000E+00 0.0000E+00 0.0000E+00 0.0000E+00 0.0000E+00 4.0998E-12 1.4630E-11 2.6512E-11 3.9999E-11 6.0640E-11 8.6996E-11 1.1625E-10 1.5310E-10 1.9383E-10 2.4588E-10 3.0589E-10 3.7545E-10 4.5272E-10 5.4336E-10 6.3950E-10 7.3955E-10 8.3099E-10 9.1882E-10 9.9520E-10 1.0628E-09 1.1182E-09 1.1508E-09 1.1655E-09 1.1656E-09 1.1506E-09 1.1227E-09 1.0852E-09 1.0380E-09 9.8549E-10 9.2598E-10 8.6114E-10 7.8983E-10 7.1554E-10 6.4252E-10 5.7580E-10 5.1091E-10 4.4742E-10 3.8255E-10 3.2731E-10 2.8036E-10 2.3687E-10 1.9457E-10 1.5127E-10 1.1820E-10 9.4728E-11
0.0000E+00 0.0000E+00 0.0000E+00 0.0000E+00 0.0000E+00 0.0000E+00 0.0000E+00 0.0000E+00 0.0000E+00 0.0000E+00 0.0000E+00 0.0000E+00 6.6808E-13 6.2418E-12 1.6333E-11 2.7618E-11 4.0482E-11 6.0371E-11 8.4393E-11 1.1036E-10 1.4164E-10 1.7774E-10 2.2093E-10 2.7166E-10 3.3158E-10 4.0033E-10 4.7258E-10 5.4770E-10 6.2013E-10 6.9059E-10 7.5640E-10 8.1305E-10 8.5903E-10 8.8228E-10 8.9318E-10 8.9336E-10 8.8445E-10 8.6788E-10 8.4264E-10 8.0936E-10 7.6892E-10 7.2108E-10 6.6638E-10 6.0995E-10 5.5599E-10 5.0310E-10 4.5079E-10 3.9707E-10 3.4241E-10 2.9696E-10 2.5669E-10 2.1875E-10 1.7723E-10 1.3717E-10 1.1094E-10 9.0232E-11 6.8770E-11
0.0000E+00 0.0000E+00 0.0000E+00 0.0000E+00 0.0000E+00 0.0000E+00 0.0000E+00 0.0000E+00 0.0000E+00 0.0000E+00 0.0000E+00 0.0000E+00 0.0000E+00 1.2438E-12 7.6212E-12 1.6897E-11 2.7690E-11 3.9885E-11 5.7683E-11 7.9069E-11 1.0214E-10 1.2797E-10 1.5824E-10 1.9178E-10 2.3755E-10 2.8899E-10 3.4347E-10 4.0081E-10 4.5614E-10 5.1011E-10 5.6193E-10 6.0893E-10 6.4628E-10 6.6666E-10 6.7922E-10 6.8361E-10 6.7980E-10 6.6801E-10 6.4872E-10 6.2208E-10 5.8791E-10 5.4892E-10 5.1064E-10 4.7176E-10 4.3127E-10 3.8960E-10 3.4427E-10 3.0001E-10 2.6416E-10 2.2931E-10 1.9512E-10 1.5562E-10 1.2236E-10 1.0215E-10 8.4322E-11 6.5281E-11 4.4557E-11
0.0000E+00 0.0000E+00 0.0000E+00 0.0000E+00 0.0000E+00 0.0000E+00 0.0000E+00 0.0000E+00 0.0000E+00 0.0000E+00 0.0000E+00 0.0000E+00 0.0000E+00 0.0000E+00 2.0014E-12 8.1599E-12 1.6358E-11 2.6699E-11 3.7994E-11 5.2046E-11 7.0714E-11 9.1743E-11 1.1295E-10 1.3708E-10 1.6635E-10 2.0407E-10 2.4558E-10 2.8778E-10 3.3064E-10 3.7298E-10 4.1467E-10 4.5355E-10 4.8308E-10 4.9957E-10 5.1027E-10 5.1511E-10 5.1260E-10 5.0252E-10 4.8690E-10 4.6604E-10 4.4319E-10 4.1840E-10 3.9032E-10 3.5960E-10 3.2574E-10 2.8909E-10 2.5678E-10 2.2723E-10 1.9809E-10 1.6654E-10 1.3281E-10 1.0991E-10 9.3096E-11 7.8465E-11 5.8880E-11 3.9249E-11 2.9611E-11
0.0000E+00 0.0000E+00 0.0000E+00 0.0000E+00 0.0000E+00 0.0000E+00 0.0000E+00 0.0000E+00 0.0000E+00 0.0000E+00 0.0000E+00 0.0000E+00 0.0000E+00 0.0000E+00 1.2484E-13 2.3847E-12 7.8324E-12 1.5539E-11 2.4393E-11 3.4737E-11 4.6165E-11 6.0873E-11 7.7711E-11 9.5710E-11 1.1550E-10 1.4237E-10 1.7187E-10 2.0329E-10 2.3577E-10 2.6895E-10 3.0140E-10 3.3245E-10 3.5484E-10 3.6786E-10 3.7555E-10 3.7802E-10 3.7561E-10 3.6867E-10 3.6025E-10 3.4734E-10 3.3092E-10 3.1114E-10 2.8807E-10 2.6214E-10 2.3571E-10 2.1273E-10 1.8963E-10 1.6527E-10 1.3842E-10 1.1305E-10 9.8118E-11 8.3991E-11 7.0238E-11 5.0181E-11 3.3508E-11 2.7617E-11 2.2581E-11
0.0000E+00 0.0000E+00 0.0000E+00 0.0000E+00 0.0000E+00 0.0000E+00 0.0000E+00 0.0000E+00 0.0000E+00 0.0000E+00 0.0000E+00 0.0000E+00 0.0000E+00 0.0000E+00 0.0000E+00 2.5180E-13 2.2404E-12 6.9874E-12 1.4054E-11 2.0765E-11 2.9610E-11 3.9027E-11 5.1633E-11 6.4752E-11 7.7841E-11 9.6326E-11 1.1769E-10 1.3997E-10 1.6390E-10 1.8946E-10 2.1426E-10 2.3807E-10 2.5247E-10 2.6255E-10 2.6952E-10 2.7295E-10 2.7345E-10 2.7025E-10 2.6350E-10 2.5321E-10 2.4036E-10 2.2434E-10 2.0675E-10 1.9013E-10 1.7256E-10 1.5402E-10 1.3420E-10 1.1346E-10 9.8079E-11 8.5405E-11 7.2891E-11 5.8358E-11 4.0238E-11 3.0271E-11 2.5256E-11 2.0799E-11 1.2459E-11
0.0000E+00 0.0000E+00 0.0000E+00 0.0000E+00 0.0000E+00 0.0000E+00 0.0000E+00 0.0000E+00 0.0000E+00 0.0000E+00 0.0000E+00 0.0000E+00 0.0000E+00 0.0000E+00 0.0000E+00 0.0000E+00 2.3452E-13 1.6237E-12 6.0817E-12 1.1494E-11 1.7823E-11 2.3390E-11 3.1777E-11 4.0303E-11 5.1465E-11 6.3950E-11 7.9044E-11 9.4858E-11 1.1194E-10 1.3018E-10 1.4889E-10 1.6693E-10 1.7735E-10 1.8619E-10 1.9272E-10 1.9560E-10 1.9569E-10 1.9284E-10 1.8694E-10 1.7944E-10 1.6991E-10 1.5943E-10 1.4809E-10 1.3515E-10 1.2107E-10 1.0628E-10 9.2365E-11 8.1706E-11 7.0907E-11 5.9932E-11 4.5810E-11 3.1876E-11 2.6900E-11 2.2912E-11 1.9039E-11 8.9261E-12 3.5826E-13
0.0000E+00 0.0000E+00 0.0000E+00 0.0000E+00 0.0000E+00 0.0000E+00 0.0000E+00 0.0000E+00 0.0000E+00 0.0000E+00 0.0000E+00 0.0000E+00 0.0000E+00 0.0000E+00 0.0000E+00 0.0000E+00 0.0000E+00 8.5863E-14 1.3136E-12 4.5948E-12 8.6698E-12 1.3574E-11 1.8808E-11 2.4140E-11 3.0815E-11 3.8384E-11 5.0027E-11 6.2216E-11 7.5112E-11 8.8957E-11 1.0314E-10 1.1561E-10 1.2258E-10 1.2842E-10 1.3220E-10 1.3434E-10 1.3431E-10 1.3255E-10 1.2916E-10 1.2435E-10 1.1788E-10 1.1060E-10 1.0209E-10 9.2269E-11 8.2459E-11 7.3828E-11 6.5418E-11 5.6566E-11 4.5910E-11 3.4834E-11 2.7753E-11 2.4081E-11 2.0199E-11 1.4574E-11 4.3868E-12 0.0000E+00 0.0000E+00
0.0000E+00 0.0000E+00 0.0000E+00 0.0000E+00 0.0000E+00 0.0000E+00 0.0000E+00 0.0000E+00 0.0000E+00 0.0000E+00 0.0000E+00 0.0000E+00 0.0000E+00 0.0000E+00 0.0000E+00 0.0000E+00 0.0000E+00 0.0000E+00 0.0000E+00 9.2903E-13 2.6929E-12 6.2560E-12 9.5477E-12 1.3484E-11 1.7718E-11 2.2362E-11 2.8323E-11 3.6944E-11 4.6912E-11 5.7169E-11 6.8315E-11 7.6977E-11 8.2458E-11 8.6589E-11 9.0041E-11 9.2449E-11 9.3147E-11 9.2136E-11 8.9698E-11 8.5741E-11 8.0598E-11 7.5215E-11 6.9063E-11 6.3239E-11 5.7300E-11 5.0303E-11 4.2522E-11 3.4151E-11 2.7258E-11 2.3742E-11 2.0093E-11 1.5855E-11 8.5313E-12 3.8336E-13 0.0000E+00 0.0000E+00 0.0000E+00
0.0000E+00 0.0000E+00 0.0000E+00 0.0000E+00 0.0000E+00 0.0000E+00 0.0000E+00 0.0000E+00 0.0000E+00 0.0000E+00 0.0000E+00 0.0000E+00 0.0000E+00 0.0000E+00 0.0000E+00 0.0000E+00 0.0000E+00 0.0000E+00 0.0000E+00 0.0000E+00 4.4937E-13 1.4432E-12 3.6526E-12 6.5616E-12 9.2033E-12 1.1653E-11 1.4964E-11 1.9967E-11 2.6954E-11 3.4736E-11 4.2948E-11 4.8889E-11 5.3452E-11 5.7079E-11 5.9529E-11 6.1146E-11 6.1435E-11 6.0910E-11 5.9283E-11 5.6963E-11 5.4002E-11 5.0417E-11 4.6300E-11 4.1637E-11 3.5864E-11 2.9920E-11 2.5136E-11 2.1726E-11 1.8439E-11 1.4680E-11 9.6361E-12 3.3915E-12 0.0000E+00 0.0000E+00 0.0000E+00 0.0000E+00 0.0000E+00
0.0000E+00 0.0000E+00 0.0000E+00 0.0000E+00 0.0000E+00 0.0000E+00 0.0000E+00 0.0000E+00 0.0000E+00 0.0000E+00 0.0000E+00 0.0000E+00 0.0000E+00 0.0000E+00 0.0000E+00 0.0000E+00 0.0000E+00 0.0000E+00 0.0000E+00 0.0000E+00 0.0000E+00 0.0000E+00 7.5222E-13 1.6851E-12 3.4127E-12 5.5384E-12 7.7649E-12 9.8308E-12 1.4218E-11 1.9392E-11 2.4804E-11 2.7771E-11 3.0643E-11 3.3317E-11 3.5191E-11 3.6772E-11 3.7635E-11 3.7867E-11 3.7068E-11 3.5603E-11 3.3308E-11 3.0200E-11 2.6847E-11 2.3885E-11 2.0412E-11 1.8012E-11 1.5489E-11 1.2558E-11 8.7520E-12 4.1329E-12 9.9188E-14 0.0000E+00 0.0000E+00 0.0000E+00 0.0000E+00 0.0000E+00 0.0000E+00
0.0000E+00 0.0000E+00 0.0000E+00 0.0000E+00 0.0000E+00 0.0000E+00 0.0000E+00 0.0000E+00 0.0000E+00 0.0000E+00 0.0000E+00 0.0000E+00 0.0000E+00 0.0000E+00 0.0000E+00 0.0000E+00 0.0000E+00 0.0000E+00 0.0000E+00 0.0000E+00 0.0000E+00 0.0000E+00 0.0000E+00 0.0000E+00 7.3799E-13 1.4608E-12 2.6894E-12 3.9972E-12 6.0399E-12 9.9491E-12 1.3947E-11 1.5638E-11 1.7609E-11 1.9330E-11 2.0904E-11 2.1783E-11 2.2099E-11 2.1758E-11 2.1048E-11 1.9943E-11 1.8421E-11 1.6551E-11 1.5217E-11 1.3768E-11 1.1908E-11 9.6620E-12 6.5633E-12 3.3302E-12 4.2401E-13 0.0000E+00 0.0000E+00 0.0000E+00 0.0000E+00 0.0000E+00 0.0000E+00 0.0000E+00 0.0000E+00
0.0000E+00 0.0000E+00 0.0000E+00 0.0000E+00 0.0000E+00 0.0000E+00 0.0000E+00 0.0000E+00 0.0000E+00 0.0000E+00 0.0000E+00 0.0000E+00 0.0000E+00 0.0000E+00 0.0000E+00 0.0000E+00 0.0000E+00 0.0000E+00 0.0000E+00 0.0000E+00 0.0000E+00 0.0000E+00 0.0000E+00 0.0000E+00 0.0000E+00 0.0000E+00 4.1983E-13 9.8724E-13 1.5598E-12 3.7159E-12 5.7940E-12 6.9578E-12 7.9629E-12 9.1341E-12 9.8848E-12 1.0558E-11 1.0883E-11 1.1203E-11 1.1182E-11 1.0917E-11 1.0236E-11 9.2737E-12 7.5992E-12 5.6917E-12 3.7479E-12 1.6400E-12 0.0000E+00 0.0000E+00 0.0000E+00 0.0000E+00 0.0000E+00 0.0000E+00 0.0000E+00 0.0000E+00 0.0000E+00 0.0000E+00 0.0000E+00
0.0000E+00 0.0000E+00 0.0000E+00 0.0000E+00 0.0000E+00 0.0000E+00 0.0000E+00 0.0000E+00 0.0000E+00 0.0000E+00 0.0000E+00 0.0000E+00 0.0000E+00 0.0000E+00 0.0000E+00 0.0000E+00 0.0000E+00 0.0000E+00 0.0000E+00 0.0000E+00 0.0000E+00 0.0000E+00 0.0000E+00 0.0000E+00 0.0000E+00 0.0000E+00 0.0000E+00 0.0000E+00 0.0000E+00 2.3976E-13 1.1502E-12 1.8981E-12 2.4657E-12 2.9555E-12 3.6836E-12 4.2024E-12 4.5011E-12 4.7067E-12 4.3217E-12 3.6959E-12 2.8417E-12 1.9754E-12 9.1284E-13 0.0000E+00 0.0000E+00 0.0000E+00 0.0000E+00 0.0000E+00 0.0000E+00 0.0000E+00 0.0000E+00 0.0000E+00 0.0000E+00 0.0000E+00 0.0000E+00 0.0000E+00 0.0000E+00
0.0000E+00 0.0000E+00 0.0000E+00 0.0000E+00 0.0000E+00 0.0000E+00 0.0000E+00 0.0000E+00 0.0000E+00 0.0000E+00 0.0000E+00 0.0000E+00 0.0000E+00 0.0000E+00 0.0000E+00 0.0000E+00 0.0000E+00 0.0000E+00 0.0000E+00 0.0000E+00 0.0000E+00 0.0000E+00 0.0000E+00 0.0000E+00 0.0000E+00 0.0000E+00 0.0000E+00 0.0000E+00 0.0000E+00 0.0000E+00 0.0000E+00 0.0000E+00 0.0000E+00 0.0000E+00 0.0000E+00 0.0000E+00 0.0000E+00 0.0000E+00 0.0000E+00 0.0000E+00 0.0000E+00 0.0000E+00 0.0000E+00 0.0000E+00 0.0000E+00 0.0000E+00 0.0000E+00 0.0000E+00 0.0000E+00 0.0000E+00 0.0000E+00 0.0000E+00 0.0000E+00 0.0000E+00 0.0000E+00 0.0000E+00 0.0000E+00
0.0000E+00 0.0000E+00 0.0000E+00 0.0000E+00 0.0000E+00 0.0000E+00 0.0000E+00 0.0000E+00 0.0000E+00 0.0000E+00 0.0000E+00 0.0000E+00 0.0000E+00 0.0000E+00 0.0000E+00 0.0000E+00 0.0000E+00 0.0000E+00 0.0000E+00 0.0000E+00 0.0000E+00 0.0000E+00 0.0000E+00 0.0000E+00 0.0000E+00 0.0000E+00 0.0000E+00 0.0000E+00 0.0000E+00 0.0000E+00 0.0000E+00 0.0000E+00 0.0000E+00 0.0000E+00 0.0000E+00 0.0000E+00 0.0000E+00 0.0000E+00 0.0000E+00 0.0000E+00 0.0000E+00 0.0000E+00 0.0000E+00 0.0000E+00 0.0000E+00 0.0000E+00 0.0000E+00 0.0000E+00 0.0000E+00 0.0000E+00 0.0000E+00 0.0000E+00 0.0000E+00 0.0000E+00 0.0000E+00 0.0000E+00 0.0000E+00
0.0000E+00 0.0000E+00 0.0000E+00 0.0000E+00 0.0000E+00 0.0000E+00 0.0000E+00 0.0000E+00 0.0000E+00 0.0000E+00 0.0000E+00 0.0000E+00 0.0000E+00 0.0000E+00 0.0000E+00 0.0000E+00 0.0000E+00 0.0000E+00 0.0000E+00 0.0000E+00 0.0000E+00 0.0000E+00 0.0000E+00 0.0000E+00 0.0000E+00 0.0000E+00 0.0000E+00 0.0000E+00 0.0000E+00 0.0000E+00 0.0000E+00 0.0000E+00 0.0000E+00 0.0000E+00 0.0000E+00 0.0000E+00 0.0000E+00 0.0000E+00 0.0000E+00 0.0000E+00 0.0000E+00 0.0000E+00 0.0000E+00 0.0000E+00 0.0000E+00 0.0000E+00 0.0000E+00 0.0000E+00 0.0000E+00 0.0000E+00 0.0000E+00 0.0000E+00 0.0000E+00 0.0000E+00 0.0000E+00 0.0000E+00 0.0000E+00
0.0000E+00 0.0000E+00 0.0000E+00 0.0000E+00 0.0000E+00 0.0000E+00 0.0000E+00 0.0000E+00 0.0000E+00 0.0000E+00 0.0000E+00 0.0000E+00 0.0000E+00 0.0000E+00 0.0000E+00 0.0000E+00 0.0000E+00 0.0000E+00 0.0000E+00 0.0000E+00 0.0000E+00 0.0000E+00 0.0000E+00 0.0000E+00 0.0000E+00 0.0000E+00 0.0000E+00 0.0000E+00 0.0000E+00 0.0000E+00 0.0000E+00 0.0000E+00 0.0000E+00 0.0000E+00 0.0000E+00 0.0000E+00 0.0000E+00 0.0000E+00 0.0000E+00 0.0000E+00 0.0000E+00 0.0000E+00 0.0000E+00 0.0000E+00 0.0000E+00 0.0000E+00 0.0000E+00 0.0000E+00 0.0000E+00 0.0000E+00 0.0000E+00 0.0000E+00 0.0000E+00 0.0000E+00 0.0000E+00 0.0000E+00 0.0000E+00
0.0000E+00 0.0000E+00 0.0000E+00 0.0000E+00 0.0000E+00 0.0000E+00 0.0000E+00 0.0000E+00 0.0000E+00 0.0000E+00 0.0000E+00 0.0000E+00 0.0000E+00 0.0000E+00 0.0000E+00 0.0000E+00 0.0000E+00 0.0000E+00 0.0000E+00 0.0000E+00 0.0000E+00 0.0000E+00 0.0000E+00 0.0000E+00 0.0000E+00 0.0000E+00 0.0000E+00 0.0000E+00 0.0000E+00 0.0000E+00 0.0000E+00 0.0000E+00 0.0000E+00 0.0000E+00 0.0000E+00 0.0000E+00 0.0000E+00 0.0000E+00 0.0000E+00 0.0000E+00 0.0000E+00 0.0000E+00 0.0000E+00 0.0000E+00 0.0000E+00 0.0000E+00 0.0000E+00 0.0000E+00 0.0000E+00 0.0000E+00 0.0000E+00 0.0000E+00 0.0000E+00 0.0000E+00 0.0000E+00 0.0000E+00 0.0000E+00
0.0000E+00 0.0000E+00 0.0000E+00 0.0000E+00 0.0000E+00 0.0000E+00 0.0000E+00 0.0000E+00 0.0000E+00 0.0000E+00 0.0000E+00 0.0000E+00 0.0000E+00 0.0000E+00 0.0000E+00 0.0000E+00 0.0000E+00 0.0000E+00 0.0000E+00 0.0000E+00 0.0000E+00 0.0000E+00 0.0000E+00 0.0000E+00 0.0000E+00 0.0000E+00 0.0000E+00 0.0000E+00 0.0000E+00 0.0000E+00 0.0000E+00 0.0000E+00 0.0000E+00 0.0000E+00 0.0000E+00 0.0000E+00 0.0000E+00 0.0000E+00 0.0000E+00 0.0000E+00 0.0000E+00 0.0000E+00 0.0000E+00 0.0000E+00 0.0000E+00 0.0000E+00 0.0000E+00 0.0000E+00 0.0000E+00 0.0000E+00 0.0000E+00 0.0000E+00 0.0000E+00 0.0000E+00 0.0000E+00 0.0000E+00 0.0000E+00
