Assets/Resources/2015_m01_d17_0500(utc+0800)_l00_csi_1hr_conc.grd
DSAA
         159         159
     -79.000      79.000
     -79.000      79.000
  0.0000E+00  0.5878E-04
[rows 50 to 74 of 159, columns 57 to 113 of 159]
1.3097E-10 1.5177E-10 2.0256E-10 2.4244E-10 3.0526E-10 3.8060E-10 4.5492E-10 5.6730E-10 6.8398E-10 8.4196E-10 1.0144E-09 1.2594E-09 1.5913E-09 1.9994E-09 2.5168E-09 3.1231E-09 3.8529E-09 4.7699E-09 5.8295E-09 7.0356E-09 8.4507E-09 1.0025E-08 1.1758E-08 1.3619E-08 1.5567E-08 1.7553E-08 1.9522E-08 2.1412E-08 2.3161E-08 2.4717E-08 2.6030E-08 2.7087E-08 2.7846E-08 2.8294E-08 2.8406E-08 2.8184E-08 2.7635E-08 2.6805E-08 2.5717E-08 2.4419E-08 2.2960E-08 2.1380E-08 1.9731E-08 1.8045E-08 1.6368E-08 1.4722E-08 1.3151E-08 1.1654E-08 1.0255E-08 8.9702E-09 7.7989E-09 6.7386E-09 5.7921E-09 4.9633E-09 4.2254E-09 3.5840E-09 3.0371E-09
1.1036E-10 1.3020E-10 1.7236E-10 2.0986E-10 2.6857E-10 3.3109E-10 4.0165E-10 5.0011E-10 6.1178E-10 7.7101E-10 9.6110E-10 1.2388E-09 1.5489E-09 1.9863E-09 2.5045E-09 3.1898E-09 4.0050E-09 4.9716E-09 6.1531E-09 7.5238E-09 9.0799E-09 1.0836E-08 1.2775E-08 1.4859E-08 1.7038E-08 1.9254E-08 2.1442E-08 2.3530E-08 2.5448E-08 2.7131E-08 2.8530E-08 2.9605E-08 3.0364E-08 3.0758E-08 3.0806E-08 3.0484E-08 2.9820E-08 2.8837E-08 2.7576E-08 2.6094E-08 2.4433E-08 2.2655E-08 2.0805E-08 1.8939E-08 1.7081E-08 1.5278E-08 1.3553E-08 1.1939E-08 1.0433E-08 9.0556E-09 7.8192E-09 6.7060E-09 5.7159E-09 4.8622E-09 4.1104E-09 3.4561E-09 2.9091E-09
9.1936E-11 1.0954E-10 1.4185E-10 1.7964E-10 2.2794E-10 2.8008E-10 3.5220E-10 4.3580E-10 5.5145E-10 7.1269E-10 9.1440E-10 1.1844E-09 1.4824E-09 1.9797E-09 2.4872E-09 3.2240E-09 4.1512E-09 5.2427E-09 6.5189E-09 8.0501E-09 9.7845E-09 1.1747E-08 1.3914E-08 1.6242E-08 1.8671E-08 2.1134E-08 2.3555E-08 2.5852E-08 2.7950E-08 2.9773E-08 3.1259E-08 3.2367E-08 3.3071E-08 3.3399E-08 3.3334E-08 3.2898E-08 3.2095E-08 3.0952E-08 2.9515E-08 2.7837E-08 2.5976E-08 2.3986E-08 2.1924E-08 1.9845E-08 1.7804E-08 1.5822E-08 1.3941E-08 1.2189E-08 1.0574E-08 9.1027E-09 7.7929E-09 6.6331E-09 5.6061E-09 4.7238E-09 3.9672E-09 3.3040E-09 2.7595E-09
7.2644E-11 9.0426E-11 1.1078E-10 1.5156E-10 1.9079E-10 2.3160E-10 3.0376E-10 3.7705E-10 5.0668E-10 6.6046E-10 8.3584E-10 1.1135E-09 1.4854E-09 1.9339E-09 2.5099E-09 3.2924E-09 4.3311E-09 5.5058E-09 6.9552E-09 8.6107E-09 1.0566E-08 1.2746E-08 1.5157E-08 1.7750E-08 2.0455E-08 2.3191E-08 2.5865E-08 2.8389E-08 3.0675E-08 3.2643E-08 3.4229E-08 3.5383E-08 3.6081E-08 3.6320E-08 3.6138E-08 3.5542E-08 3.4579E-08 3.3242E-08 3.1595E-08 2.9687E-08 2.7590E-08 2.5363E-08 2.3074E-08 2.0776E-08 1.8521E-08 1.6352E-08 1.4301E-08 1.2397E-08 1.0669E-08 9.1046E-09 7.7168E-09 6.5090E-09 5.4528E-09 4.5458E-09 3.7853E-09 3.1287E-09 2.5900E-09
5.6519E-11 7.0394E-11 8.6152E-11 1.2391E-10 1.5591E-10 1.9349E-10 2.5670E-10 3.2172E-10 4.6069E-10 5.9391E-10 7.5996E-10 1.0548E-09 1.4156E-09 1.9274E-09 2.5415E-09 3.3277E-09 4.4934E-09 5.8147E-09 7.3605E-09 9.2455E-09 1.1388E-08 1.3820E-08 1.6508E-08 1.9399E-08 2.2406E-08 2.5434E-08 2.8374E-08 3.1133E-08 3.3620E-08 3.5743E-08 3.7434E-08 3.8636E-08 3.9320E-08 3.9488E-08 3.9160E-08 3.8395E-08 3.7206E-08 3.5667E-08 3.3786E-08 3.1635E-08 2.9278E-08 2.6791E-08 2.4243E-08 2.1689E-08 1.9197E-08 1.6825E-08 1.4596E-08 1.2542E-08 1.0694E-08 9.0431E-09 7.5834E-09 6.3323E-09 5.2559E-09 4.3356E-09 3.5795E-09 2.9396E-09 2.2738E-09
4.2335E-11 5.3273E-11 6.6758E-11 1.0090E-10 1.2282E-10 1.5585E-10 2.0997E-10 2.7128E-10 4.0788E-10 5.2856E-10 7.1830E-10 1.0112E-09 1.3301E-09 1.9091E-09 2.5694E-09 3.4311E-09 4.6255E-09 6.0806E-09 7.8368E-09 9.8871E-09 1.2274E-08 1.4981E-08 1.7964E-08 2.1165E-08 2.4504E-08 2.7848E-08 3.1084E-08 3.4086E-08 3.6762E-08 3.9021E-08 4.0784E-08 4.2008E-08 4.2666E-08 4.2755E-08 4.2298E-08 4.1333E-08 3.9938E-08 3.8122E-08 3.5984E-08 3.3554E-08 3.0915E-08 2.8142E-08 2.5319E-08 2.2512E-08 1.9788E-08 1.7201E-08 1.4804E-08 1.2607E-08 1.0639E-08 8.9119E-09 7.3986E-09 6.1146E-09 5.0312E-09 4.1059E-09 3.3607E-09 2.5778E-09 2.1157E-09
3.0353E-11 4.0212E-11 5.0500E-11 7.8277E-11 9.9906E-11 1.2154E-10 1.6112E-10 2.2625E-10 3.5446E-10 4.6416E-10 6.8875E-10 9.3586E-10 1.2919E-09 1.7763E-09 2.5953E-09 3.5134E-09 4.8452E-09 6.3466E-09 8.2937E-09 1.0579E-08 1.3213E-08 1.6214E-08 1.9519E-08 2.3054E-08 2.6717E-08 3.0390E-08 3.3911E-08 3.7158E-08 3.9997E-08 4.2358E-08 4.4177E-08 4.5405E-08 4.6015E-08 4.6007E-08 4.5403E-08 4.4245E-08 4.2594E-08 4.0538E-08 3.8115E-08 3.5432E-08 3.2519E-08 2.9475E-08 2.6375E-08 2.3317E-08 2.0351E-08 1.7552E-08 1.4977E-08 1.2638E-08 1.0557E-08 8.7553E-09 7.2011E-09 5.8853E-09 4.7960E-09 3.8767E-09 2.9257E-09 2.4059E-09 1.9581E-09
2.2268E-11 2.8886E-11 3.6850E-11 5.4871E-11 7.9353E-11 9.8439E-11 1.2189E-10 2.0154E-10 3.0173E-10 4.0375E-10 6.2200E-10 9.0034E-10 1.2541E-09 1.7705E-09 2.5622E-09 3.6280E-09 4.9931E-09 6.7214E-09 8.8177E-09 1.1301E-08 1.4202E-08 1.7547E-08 2.1173E-08 2.5036E-08 2.9013E-08 3.2993E-08 3.6815E-08 4.0287E-08 4.3331E-08 4.5813E-08 4.7707E-08 4.8969E-08 4.9582E-08 4.9557E-08 4.8902E-08 4.7659E-08 4.5896E-08 4.3679E-08 4.1097E-08 3.8207E-08 3.5142E-08 3.1940E-08 2.8763E-08 2.5817E-08 2.2819E-08 1.9349E-08 1.6209E-08 1.3424E-08 1.0987E-08 8.9301E-09 7.2135E-09 5.7802E-09 4.6307E-09 3.3504E-09 2.7360E-09 2.2343E-09 1.8038E-09
1.3532E-11 2.0007E-11 2.6377E-11 3.5543E-11 6.3111E-11 7.9707E-11 9.7862E-11 1.6293E-10 2.5145E-10 3.6886E-10 5.5857E-10 8.5820E-10 1.2407E-09 1.7580E-09 2.6110E-09 3.6707E-09 5.2280E-09 7.0880E-09 9.3470E-09 1.2070E-08 1.5347E-08 1.8994E-08 2.2994E-08 2.7235E-08 3.1598E-08 3.5943E-08 4.0147E-08 4.4142E-08 4.7812E-08 5.1694E-08 5.4413E-08 5.6162E-08 5.7199E-08 5.7486E-08 5.7026E-08 5.5814E-08 5.3873E-08 5.1272E-08 4.8101E-08 4.4470E-08 4.0500E-08 3.6341E-08 3.2094E-08 2.7931E-08 2.3979E-08 2.0302E-08 1.6982E-08 1.4094E-08 1.1604E-08 9.5425E-09 7.9289E-09 6.7862E-09 5.0610E-09 3.3372E-09 2.6670E-09 2.1405E-09 1.4620E-09
7.0711E-12 1.1428E-11 1.7480E-11 2.3320E-11 4.5784E-11 6.3942E-11 7.9449E-11 1.3537E-10 2.3117E-10 3.2001E-10 5.3248E-10 7.9637E-10 1.2205E-09 1.7888E-09 2.6733E-09 3.7099E-09 5.3855E-09 7.4282E-09 9.9181E-09 1.3086E-08 1.6679E-08 2.0808E-08 2.5316E-08 3.0078E-08 3.4945E-08 3.9774E-08 4.4427E-08 4.8756E-08 5.2750E-08 5.6226E-08 5.9241E-08 6.1767E-08 6.3861E-08 6.5617E-08 6.7168E-08 6.9139E-08 7.3293E-08 7.8164E-08 7.3164E-08 6.7216E-08 6.0598E-08 5.3655E-08 4.6694E-08 4.0101E-08 3.3562E-08 2.7310E-08 2.1856E-08 1.7259E-08 1.3474E-08 1.0415E-08 8.0087E-09 5.8485E-09 4.5261E-09 3.1748E-09 2.5223E-09 1.6312E-09 1.3255E-09
2.4648E-12 5.4973E-12 9.2998E-12 1.4717E-11 2.9632E-11 4.8686E-11 6.3509E-11 1.1200E-10 2.0471E-10 3.1596E-10 4.9765E-10 7.8466E-10 1.1628E-09 1.7994E-09 2.5395E-09 3.8536E-09 5.4465E-09 7.7565E-09 1.0494E-08 1.4093E-08 1.8256E-08 2.3289E-08 2.9374E-08 3.5821E-08 4.2017E-08 4.8261E-08 5.4426E-08 6.0445E-08 6.6272E-08 7.2291E-08 7.6947E-08 8.0777E-08 8.3667E-08 8.5434E-08 8.5926E-08 8.5006E-08 8.2679E-08 7.8998E-08 7.4114E-08 6.8286E-08 6.1846E-08 5.5181E-08 4.8757E-08 4.3226E-08 4.0195E-08 3.2638E-08 2.6018E-08 2.0433E-08 1.5827E-08 1.2124E-08 9.2559E-09 6.7117E-09 4.5544E-09 3.4668E-09 1.7927E-09 1.4739E-09 1.1906E-09
1.4720E-13 1.6389E-12 4.0397E-12 7.0150E-12 1.4565E-11 3.3449E-11 4.8453E-11 1.0479E-10 1.7887E-10 2.8861E-10 4.9938E-10 7.6436E-10 1.1688E-09 1.7559E-09 2.5927E-09 3.8731E-09 5.6427E-09 8.0485E-09 1.1228E-08 1.5374E-08 2.0331E-08 2.5724E-08 3.1850E-08 3.8171E-08 4.4645E-08 5.1116E-08 5.7524E-08 6.3942E-08 7.0725E-08 7.8922E-08 8.9164E-08 9.3926E-08 9.7812E-08 1.0071E-07 1.0261E-07 1.0381E-07 1.0510E-07 1.0813E-07 1.0032E-07 9.0959E-08 8.0581E-08 6.9746E-08 5.9024E-08 4.8844E-08 3.9563E-08 3.1415E-08 2.4465E-08 1.8752E-08 1.4174E-08 1.0581E-08 7.5517E-09 5.0212E-09 3.8269E-09 2.6218E-09 1.6123E-09 1.3201E-09 1.0614E-09
0.0000E+00 0.0000E+00 8.6082E-13 2.4181E-12 5.6158E-12 2.0282E-11 3.5588E-11 9.0359E-11 1.6984E-10 2.6028E-10 4.8057E-10 7.7768E-10 1.1725E-09 1.6857E-09 2.5152E-09 3.9676E-09 6.0002E-09 8.7060E-09 1.2392E-08 1.7129E-08 2.2569E-08 2.9643E-08 3.7156E-08 4.5086E-08 5.2697E-08 6.0094E-08 6.7147E-08 7.3804E-08 8.0035E-08 8.5795E-08 9.0928E-08 9.5240E-08 9.8421E-08 1.0025E-07 1.0047E-07 9.8981E-08 9.5654E-08 9.0577E-08 8.4023E-08 7.6352E-08 6.7975E-08 5.9334E-08 5.0950E-08 4.3298E-08 3.6991E-08 3.1048E-08 2.4060E-08 1.8309E-08 1.3726E-08 1.0030E-08 6.5459E-09 4.8609E-09 3.6089E-09 1.7694E-09 1.4380E-09 1.1657E-09 9.3863E-10
0.0000E+00 0.0000E+00 0.0000E+00 0.0000E+00 1.6652E-12 9.2933E-12 2.3620E-11 7.5157E-11 1.4584E-10 2.5858E-10 4.4252E-10 7.6207E-10 1.1300E-09 1.7047E-09 2.5787E-09 3.6831E-09 5.6487E-09 8.5230E-09 1.2478E-08 1.7872E-08 2.4480E-08 3.1580E-08 3.9764E-08 4.7748E-08 5.4966E-08 6.1442E-08 6.7139E-08 7.2254E-08 7.7239E-08 8.2675E-08 9.0675E-08 9.5461E-08 9.7854E-08 9.8899E-08 9.8401E-08 9.6234E-08 9.2338E-08 8.6790E-08 7.9844E-08 7.1809E-08 6.3129E-08 5.4233E-08 4.5558E-08 3.7456E-08 3.0123E-08 2.3769E-08 1.8407E-08 1.4001E-08 1.0495E-08 6.9265E-09 5.1314E-09 3.8378E-09 2.1719E-09 1.5706E-09 1.2724E-09 1.0227E-09 8.2384E-10
0.0000E+00 0.0000E+00 0.0000E+00 0.0000E+00 0.0000E+00 1.9064E-12 1.3825E-11 5.8133E-11 1.4346E-10 2.3251E-10 4.3633E-10 7.1549E-10 1.1109E-09 1.6412E-09 2.5285E-09 3.6348E-09 5.3476E-09 8.2031E-09 1.2826E-08 1.9160E-08 2.8089E-08 3.6778E-08 4.5588E-08 5.4923E-08 6.2408E-08 6.7853E-08 7.1700E-08 7.4414E-08 7.6487E-08 7.8141E-08 7.9520E-08 8.0497E-08 8.0824E-08 8.0357E-08 7.8830E-08 7.6160E-08 7.2378E-08 6.7488E-08 6.1688E-08 5.5205E-08 4.8327E-08 4.1396E-08 3.4680E-08 2.8487E-08 2.2927E-08 1.8141E-08 1.4112E-08 1.0762E-08 7.5242E-09 5.4588E-09 4.1507E-09 2.6594E-09 1.7126E-09 1.3799E-09 1.1144E-09 8.9473E-10 7.1598E-10
0.0000E+00 0.0000E+00 0.0000E+00 0.0000E+00 0.0000E+00 0.0000E+00 6.5430E-12 4.2774E-11 1.2731E-10 2.3079E-10 3.9530E-10 6.5691E-10 1.0382E-09 1.6543E-09 2.4405E-09 3.6482E-09 5.5603E-09 8.0467E-09 1.2721E-08 1.9264E-08 3.1328E-08 4.3032E-08 5.5116E-08 6.4442E-08 7.1351E-08 7.4806E-08 7.5192E-08 7.4202E-08 7.2598E-08 7.1104E-08 6.9739E-08 6.8476E-08 6.7094E-08 6.5309E-08 6.3035E-08 6.0059E-08 5.6442E-08 5.2192E-08 4.7403E-08 4.2258E-08 3.6916E-08 3.1623E-08 2.6540E-08 2.1859E-08 1.7647E-08 1.4031E-08 1.0890E-08 7.8365E-09 5.8001E-09 4.4467E-09 3.1880E-09 1.8347E-09 1.4924E-09 1.1947E-09 9.6610E-10 7.7271E-10 6.1385E-10
0.0000E+00 0.0000E+00 0.0000E+00 0.0000E+00 0.0000E+00 0.0000E+00 1.3793E-12 3.1805E-11 1.0769E-10 2.0974E-10 3.4623E-10 6.2107E-10 1.0193E-09 1.5472E-09 2.3096E-09 3.4912E-09 5.3918E-09 7.8767E-09 1.1823E-08 2.1895E-08 3.1288E-08 5.4783E-08 7.1748E-08 8.3448E-08 8.8380E-08 8.7611E-08 8.3291E-08 7.7305E-08 7.1455E-08 6.6498E-08 6.2542E-08 5.9231E-08 5.6361E-08 5.3570E-08 5.0700E-08 4.7575E-08 4.4101E-08 4.0372E-08 3.6381E-08 3.2266E-08 2.8096E-08 2.4038E-08 2.0179E-08 1.6652E-08 1.3477E-08 1.0539E-08 7.7672E-09 5.9619E-09 4.6484E-09 3.4609E-09 1.9573E-09 1.5830E-09 1.2713E-09 1.0232E-09 8.1639E-10 6.4821E-10 5.1472E-10
0.0000E+00 0.0000E+00 0.0000E+00 0.0000E+00 0.0000E+00 0.0000E+00 0.0000E+00 1.4837E-11 1.0356E-10 1.8502E-10 2.9900E-10 5.5533E-10 9.3242E-10 1.4257E-09 2.1980E-09 3.4741E-09 5.1753E-09 7.5897E-09 1.3762E-08 2.4655E-08 4.2426E-08 7.4670E-08 1.0210E-07 1.1645E-07 1.1797E-07 1.0883E-07 9.5353E-08 8.2423E-08 7.1659E-08 6.3102E-08 5.6619E-08 5.1665E-08 4.7597E-08 4.4121E-08 4.0853E-08 3.7692E-08 3.4444E-08 3.1181E-08 2.7856E-08 2.4556E-08 2.1301E-08 1.8188E-08 1.5249E-08 1.2479E-08 9.8232E-09 7.5063E-09 5.9605E-09 4.7148E-09 3.5599E-09 2.1245E-09 1.6718E-09 1.3473E-09 1.0809E-09 8.6490E-10 6.8953E-10 5.4273E-10 4.3284E-10
0.0000E+00 0.0000E+00 0.0000E+00 0.0000E+00 0.0000E+00 0.0000E+00 0.0000E+00 8.6828E-13 8.4415E-11 1.6119E-10 2.6354E-10 5.2685E-10 8.3667E-10 1.3122E-09 1.9929E-09 3.2252E-09 4.8475E-09 8.8017E-09 1.4103E-08 3.0213E-08 5.4410E-08 1.0410E-07 1.5632E-07 1.7571E-07 1.6350E-07 1.3831E-07 1.1135E-07 8.8607E-08 7.1716E-08 5.9809E-08 5.1244E-08 4.5060E-08 4.0262E-08 3.6367E-08 3.2946E-08 2.9866E-08 2.6893E-08 2.4065E-08 2.1300E-08 1.8609E-08 1.6017E-08 1.3505E-08 1.1093E-08 8.9021E-09 7.1569E-09 5.8018E-09 4.6562E-09 3.4865E-09 2.2158E-09 1.7322E-09 1.4075E-09 1.1302E-09 9.0289E-10 7.1669E-10 5.7229E-10 4.4502E-10 3.5312E-10
0.0000E+00 0.0000E+00 0.0000E+00 0.0000E+00 0.0000E+00 0.0000E+00 0.0000E+00 0.0000E+00 6.2217E-11 1.3456E-10 2.2971E-10 4.3072E-10 7.3376E-10 1.1542E-09 1.8931E-09 2.9118E-09 5.2640E-09 8.6805E-09 1.4326E-08 3.3973E-08 7.1232E-08 1.1385E-07 2.7019E-07 2.7630E-07 2.2701E-07 1.7141E-07 1.2652E-07 9.3813E-08 7.1289E-08 5.5966E-08 4.5686E-08 3.8688E-08 3.3602E-08 2.9585E-08 2.6264E-08 2.3400E-08 2.0743E-08 1.8272E-08 1.5930E-08 1.3708E-08 1.1583E-08 9.6987E-09 8.0726E-09 6.7167E-09 5.5052E-09 4.4232E-09 3.2646E-09 2.1823E-09 1.7622E-09 1.4314E-09 1.1627E-09 9.2412E-10 7.4268E-10 5.8505E-10 4.6262E-10 3.6219E-10 2.6649E-10
0.0000E+00 0.0000E+00 0.0000E+00 0.0000E+00 0.0000E+00 0.0000E+00 0.0000E+00 0.0000E+00 3.4952E-11 1.1123E-10 1.9234E-10 3.3841E-10 6.2682E-10 1.0379E-09 1.6531E-09 2.8878E-09 4.8794E-09 8.2582E-09 1.8428E-08 3.7460E-08 9.1872E-08 3.0046E-07 5.8964E-07 4.8712E-07 3.0056E-07 1.9830E-07 1.3401E-07 9.3746E-08 6.8121E-08 5.1322E-08 4.0403E-08 3.2961E-08 2.7704E-08 2.3714E-08 2.0614E-08 1.8017E-08 1.5723E-08 1.3639E-08 1.1780E-08 1.0142E-08 8.6668E-09 7.3356E-09 6.1635E-09 5.0692E-09 3.9802E-09 2.8971E-09 2.1403E-09 1.7543E-09 1.4319E-09 1.1612E-09 9.2945E-10 7.4539E-10 5.8905E-10 4.7009E-10 3.6434E-10 2.7865E-10 2.1270E-10
0.0000E+00 0.0000E+00 0.0000E+00 0.0000E+00 0.0000E+00 0.0000E+00 0.0000E+00 0.0000E+00 4.3767E-12 8.6307E-11 1.5458E-10 2.8361E-10 5.0809E-10 8.7286E-10 1.5195E-09 2.5347E-09 4.3425E-09 7.6793E-09 1.8758E-08 4.0859E-08 9.6821E-08 6.8146E-07 1.0995E-06 6.4439E-07 3.3831E-07 2.0110E-07 1.2778E-07 8.6154E-08 6.0815E-08 4.4689E-08 3.4369E-08 2.7483E-08 2.2727E-08 1.9145E-08 1.6393E-08 1.4152E-08 1.2226E-08 1.0533E-08 9.0689E-09 7.7609E-09 6.5305E-09 5.4454E-09 4.3868E-09 3.3855E-09 2.5607E-09 2.0872E-09 1.7129E-09 1.3990E-09 1.1302E-09 9.1263E-10 7.2910E-10 5.8580E-10 4.6743E-10 3.7022E-10 2.8114E-10 2.1453E-10 1.6722E-10
0.0000E+00 0.0000E+00 0.0000E+00 0.0000E+00 0.0000E+00 0.0000E+00 0.0000E+00 0.0000E+00 0.0000E+00 6.7695E-11 1.2231E-10 2.3115E-10 3.8786E-10 7.1134E-10 1.2676E-09 2.1262E-09 3.6776E-09 8.2666E-09 1.8903E-08 4.6511E-08 1.2748E-07 1.5478E-06 2.4467E-06 5.1638E-07 2.8889E-07 1.7140E-07 1.0866E-07 7.1818E-08 5.0125E-08 3.6543E-08 2.7462E-08 2.1707E-08 1.7754E-08 1.4834E-08 1.2639E-08 1.0823E-08 9.2658E-09 7.8799E-09 6.6595E-09 5.5458E-09 4.5182E-09 3.6249E-09 2.8818E-09 2.3848E-09 1.9705E-09 1.6285E-09 1.3344E-09 1.0889E-09 8.7553E-10 7.0269E-10 5.6478E-10 4.5196E-10 3.6098E-10 2.7626E-10 2.1182E-10 1.6143E-10 1.2329E-10
0.0000E+00 0.0000E+00 0.0000E+00 0.0000E+00 0.0000E+00 0.0000E+00 0.0000E+00 0.0000E+00 0.0000E+00 3.5377E-11 9.2712E-11 1.8012E-10 2.9437E-10 5.4805E-10 1.0044E-09 1.7127E-09 3.3842E-09 6.8150E-09 1.8300E-08 5.3968E-08 2.5598E-07 1.7288E-06 4.7495E-06 5.1118E-07 2.1527E-07 1.3141E-07 8.3128E-08 5.5208E-08 3.8645E-08 2.8067E-08 2.1090E-08 1.6394E-08 1.3195E-08 1.0872E-08 9.1763E-09 7.7663E-09 6.5477E-09 5.5247E-09 4.6146E-09 3.8194E-09 3.1876E-09 2.6607E-09 2.2134E-09 1.8320E-09 1.5102E-09 1.2447E-09 1.0170E-09 8.2583E-10 6.6587E-10 5.3257E-10 4.2747E-10 3.3959E-10 2.6442E-10 2.0050E-10 1.5241E-10 1.1480E-10 8.5200E-11
0.0000E+00 0.0000E+00 0.0000E+00 0.0000E+00 0.0000E+00 0.0000E+00 0.0000E+00 0.0000E+00 0.0000E+00 3.1046E-12 6.8871E-11 1.3431E-10 2.2717E-10 4.0148E-10 7.4426E-10 1.3096E-09 2.5693E-09 5.0934E-09 1.6452E-08 6.0215E-08 2.5363E-07 1.3254E-06 5.4586E-06 1.1965E-06 1.2693E-07 8.8730E-08 5.7734E-08 3.9151E-08 2.7700E-08 2.0543E-08 1.5593E-08 1.2164E-08 9.8188E-09 8.0674E-09 6.7822E-09 5.7439E-09 4.8348E-09 4.1093E-09 3.4681E-09 2.9105E-09 2.4322E-09 2.0277E-09 1.6736E-09 1.3752E-09 1.1310E-09 9.2721E-10 7.5679E-10 6.1161E-10 4.9288E-10 3.9447E-10 3.1223E-10 2.4074E-10 1.8070E-10 1.3882E-10 1.0487E-10 7.6872E-11 5.2830E-11
