Assets/Resources/2015_m01_d31_1100(utc+0800)_l00_csi_1hr_conc.grd
DSAA
         159         159
     -79.000      79.000
     -79.000      79.000
  0.0000E+00  0.1648E-05
[rows 25 to 49 of 159, columns 57 to 113 of 159]
1.0134E-08 1.1289E-08 1.2401E-08 1.3435E-08 1.4358E-08 1.5138E-08 1.5750E-08 1.6173E-08 1.6396E-08 1.6416E-08 1.6238E-08 1.5874E-08 1.5342E-08 1.4663E-08 1.3865E-08 1.2973E-08 1.2016E-08 1.1018E-08 1.0003E-08 8.9931E-09 8.0091E-09 7.0630E-09 6.1717E-09 5.3435E-09 4.5829E-09 3.8913E-09 3.2911E-09 2.7543E-09 2.2917E-09 1.8850E-09 1.5362E-09 1.2430E-09 9.8958E-10 7.8640E-10 6.1523E-10 4.7471E-10 3.6131E-10 2.6508E-10 1.8999E-10 1.2610E-10 7.5960E-11 3.8599E-11 1.5435E-11 4.1242E-12 5.1696E-13 0.0000E+00 0.0000E+00 0.0000E+00 0.0000E+00 0.0000E+00 0.0000E+00 0.0000E+00 0.0000E+00 0.0000E+00 0.0000E+00 0.0000E+00 0.0000E+00
1.0582E-08 1.1803E-08 1.2976E-08 1.4063E-08 1.5026E-08 1.5833E-08 1.6454E-08 1.6868E-08 1.7063E-08 1.7037E-08 1.6797E-08 1.6359E-08 1.5745E-08 1.4982E-08 1.4099E-08 1.3126E-08 1.2091E-08 1.1027E-08 9.9583E-09 8.9087E-09 7.8910E-09 6.9230E-09 6.0196E-09 5.1845E-09 4.4201E-09 3.7326E-09 3.1390E-09 2.6189E-09 2.1679E-09 1.7792E-09 1.4400E-09 1.1611E-09 9.2301E-10 7.2781E-10 5.6763E-10 4.3292E-10 3.2738E-10 2.3749E-10 1.6882E-10 1.1091E-10 6.4694E-11 2.9361E-11 8.8606E-12 1.4264E-12 0.0000E+00 0.0000E+00 0.0000E+00 0.0000E+00 0.0000E+00 0.0000E+00 0.0000E+00 0.0000E+00 0.0000E+00 0.0000E+00 0.0000E+00 0.0000E+00 0.0000E+00
1.1051E-08 1.2344E-08 1.3585E-08 1.4729E-08 1.5735E-08 1.6570E-08 1.7201E-08 1.7608E-08 1.7775E-08 1.7703E-08 1.7399E-08 1.6882E-08 1.6178E-08 1.5318E-08 1.4340E-08 1.3276E-08 1.2163E-08 1.1029E-08 9.9018E-09 8.8033E-09 7.7552E-09 6.7677E-09 5.8517E-09 5.0116E-09 4.2468E-09 3.5636E-09 2.9786E-09 2.4769E-09 2.0384E-09 1.6665E-09 1.3433E-09 1.0781E-09 8.5501E-10 6.6863E-10 5.1854E-10 3.9288E-10 2.9443E-10 2.1154E-10 1.4746E-10 9.5487E-11 5.3608E-11 2.1612E-11 4.1488E-12 0.0000E+00 0.0000E+00 0.0000E+00 0.0000E+00 0.0000E+00 0.0000E+00 0.0000E+00 0.0000E+00 0.0000E+00 0.0000E+00 0.0000E+00 0.0000E+00 0.0000E+00 0.0000E+00
1.1529E-08 1.2897E-08 1.4208E-08 1.5415E-08 1.6473E-08 1.7341E-08 1.7986E-08 1.8384E-08 1.8522E-08 1.8399E-08 1.8027E-08 1.7428E-08 1.6630E-08 1.5672E-08 1.4592E-08 1.3433E-08 1.2231E-08 1.1019E-08 9.8302E-09 8.6870E-09 7.6032E-09 6.5937E-09 5.6694E-09 4.8238E-09 4.0634E-09 3.3854E-09 2.8087E-09 2.3282E-09 1.9039E-09 1.5508E-09 1.2467E-09 9.9330E-10 7.8421E-10 6.0797E-10 4.6906E-10 3.5327E-10 2.6104E-10 1.8474E-10 1.2625E-10 8.1082E-11 4.3370E-11 1.4301E-11 1.1942E-12 0.0000E+00 0.0000E+00 0.0000E+00 0.0000E+00 0.0000E+00 0.0000E+00 0.0000E+00 0.0000E+00 0.0000E+00 0.0000E+00 0.0000E+00 0.0000E+00 0.0000E+00 0.0000E+00
1.1999E-08 1.3446E-08 1.4837E-08 1.6114E-08 1.7228E-08 1.8132E-08 1.8794E-08 1.9186E-08 1.9296E-08 1.9124E-08 1.8682E-08 1.7996E-08 1.7100E-08 1.6037E-08 1.4851E-08 1.3589E-08 1.2292E-08 1.1005E-08 9.7494E-09 8.5532E-09 7.4366E-09 6.4076E-09 5.4709E-09 4.6295E-09 3.8695E-09 3.2019E-09 2.6345E-09 2.1705E-09 1.7683E-09 1.4320E-09 1.1480E-09 9.0715E-10 7.1218E-10 5.4909E-10 4.2069E-10 3.1264E-10 2.2706E-10 1.5811E-10 1.0613E-10 6.6893E-11 3.3923E-11 9.4811E-12 2.7533E-13 0.0000E+00 0.0000E+00 0.0000E+00 0.0000E+00 0.0000E+00 0.0000E+00 0.0000E+00 0.0000E+00 0.0000E+00 0.0000E+00 0.0000E+00 0.0000E+00 0.0000E+00 0.0000E+00
1.2465E-08 1.3990E-08 1.5453E-08 1.6800E-08 1.7975E-08 1.8926E-08 1.9611E-08 2.0001E-08 2.0084E-08 1.9860E-08 1.9346E-08 1.8571E-08 1.7576E-08 1.6406E-08 1.5113E-08 1.3747E-08 1.2355E-08 1.0979E-08 9.6556E-09 8.4087E-09 7.2560E-09 6.2037E-09 5.2611E-09 4.4198E-09 3.6713E-09 3.0100E-09 2.4575E-09 2.0079E-09 1.6317E-09 1.3113E-09 1.0462E-09 8.2074E-10 6.4154E-10 4.9180E-10 3.7156E-10 2.7257E-10 1.9388E-10 1.3281E-10 8.7326E-11 5.3574E-11 2.6169E-11 6.2450E-12 0.0000E+00 0.0000E+00 0.0000E+00 0.0000E+00 0.0000E+00 0.0000E+00 0.0000E+00 0.0000E+00 0.0000E+00 0.0000E+00 0.0000E+00 0.0000E+00 0.0000E+00 0.0000E+00 0.0000E+00
1.2909E-08 1.4509E-08 1.6050E-08 1.7470E-08 1.8707E-08 1.9705E-08 2.0416E-08 2.0808E-08 2.0867E-08 2.0594E-08 2.0009E-08 1.9145E-08 1.8047E-08 1.6768E-08 1.5365E-08 1.3892E-08 1.2406E-08 1.0947E-08 9.5533E-09 8.2529E-09 7.0608E-09 5.9917E-09 5.0365E-09 4.2032E-09 3.4620E-09 2.8168E-09 2.2728E-09 1.8407E-09 1.4901E-09 1.1893E-09 9.4408E-10 7.3795E-10 5.7160E-10 4.3395E-10 3.2260E-10 2.3277E-10 1.6238E-10 1.0976E-10 7.0749E-11 4.1396E-11 2.0043E-11 4.9507E-12 0.0000E+00 0.0000E+00 0.0000E+00 0.0000E+00 0.0000E+00 0.0000E+00 0.0000E+00 0.0000E+00 0.0000E+00 0.0000E+00 0.0000E+00 0.0000E+00 0.0000E+00 0.0000E+00 0.0000E+00
1.3320E-08 1.4999E-08 1.6617E-08 1.8108E-08 1.9406E-08 2.0452E-08 2.1192E-08 2.1590E-08 2.1628E-08 2.1310E-08 2.0655E-08 1.9702E-08 1.8500E-08 1.7111E-08 1.5596E-08 1.4019E-08 1.2434E-08 1.0895E-08 9.4345E-09 8.0852E-09 6.8599E-09 5.7649E-09 4.8077E-09 3.9725E-09 3.2506E-09 2.6133E-09 2.0877E-09 1.6725E-09 1.3464E-09 1.0687E-09 8.4337E-10 6.5474E-10 5.0174E-10 3.7679E-10 2.7559E-10 1.9578E-10 1.3519E-10 8.9705E-11 5.5770E-11 3.1867E-11 1.5204E-11 3.4472E-12 0.0000E+00 0.0000E+00 0.0000E+00 0.0000E+00 0.0000E+00 0.0000E+00 0.0000E+00 0.0000E+00 0.0000E+00 0.0000E+00 0.0000E+00 0.0000E+00 0.0000E+00 0.0000E+00 0.0000E+00
1.3685E-08 1.5439E-08 1.7130E-08 1.8692E-08 2.0053E-08 2.1149E-08 2.1922E-08 2.2331E-08 2.2354E-08 2.1992E-08 2.1271E-08 2.0230E-08 1.8928E-08 1.7429E-08 1.5805E-08 1.4122E-08 1.2444E-08 1.0820E-08 9.2963E-09 7.8954E-09 6.6415E-09 5.5312E-09 4.5674E-09 3.7392E-09 3.0326E-09 2.4100E-09 1.8995E-09 1.5078E-09 1.2023E-09 9.4996E-10 7.4339E-10 5.7283E-10 4.3377E-10 3.2084E-10 2.3147E-10 1.6230E-10 1.0990E-10 7.1183E-11 4.3354E-11 2.3952E-11 1.0609E-11 2.5377E-12 0.0000E+00 0.0000E+00 0.0000E+00 0.0000E+00 0.0000E+00 0.0000E+00 0.0000E+00 0.0000E+00 0.0000E+00 0.0000E+00 0.0000E+00 0.0000E+00 0.0000E+00 0.0000E+00 0.0000E+00
1.3993E-08 1.5814E-08 1.7576E-08 1.9207E-08 2.0631E-08 2.1778E-08 2.2583E-08 2.3005E-08 2.3018E-08 2.2623E-08 2.1840E-08 2.0716E-08 1.9315E-08 1.7710E-08 1.5978E-08 1.4191E-08 1.2422E-08 1.0722E-08 9.1358E-09 7.6934E-09 6.4057E-09 5.2849E-09 4.3200E-09 3.5026E-09 2.8126E-09 2.2057E-09 1.7124E-09 1.3418E-09 1.0603E-09 8.3311E-10 6.4524E-10 4.9227E-10 3.6775E-10 2.6935E-10 1.9200E-10 1.3276E-10 8.8356E-11 5.6006E-11 3.3251E-11 1.7081E-11 7.0454E-12 2.1750E-12 0.0000E+00 0.0000E+00 0.0000E+00 0.0000E+00 0.0000E+00 0.0000E+00 0.0000E+00 0.0000E+00 0.0000E+00 0.0000E+00 0.0000E+00 0.0000E+00 0.0000E+00 0.0000E+00 0.0000E+00
1.4247E-08 1.6135E-08 1.7961E-08 1.9653E-08 2.1132E-08 2.2324E-08 2.3162E-08 2.3598E-08 2.3602E-08 2.3173E-08 2.2336E-08 2.1140E-08 1.9648E-08 1.7943E-08 1.6109E-08 1.4227E-08 1.2365E-08 1.0594E-08 8.9496E-09 7.4668E-09 6.1575E-09 5.0273E-09 4.0642E-09 3.2592E-09 2.5866E-09 2.0024E-09 1.5334E-09 1.1784E-09 9.2134E-10 7.1776E-10 5.5102E-10 4.1622E-10 3.0717E-10 2.2223E-10 1.5605E-10 1.0616E-10 6.9277E-11 4.2697E-11 2.4026E-11 1.0833E-11 3.8231E-12 1.4600E-12 0.0000E+00 0.0000E+00 0.0000E+00 0.0000E+00 0.0000E+00 0.0000E+00 0.0000E+00 0.0000E+00 0.0000E+00 0.0000E+00 0.0000E+00 0.0000E+00 0.0000E+00 0.0000E+00 0.0000E+00
1.4418E-08 1.6364E-08 1.8254E-08 2.0006E-08 2.1540E-08 2.2775E-08 2.3643E-08 2.4092E-08 2.4091E-08 2.3637E-08 2.2753E-08 2.1486E-08 1.9910E-08 1.8115E-08 1.6185E-08 1.4213E-08 1.2274E-08 1.0432E-08 8.7405E-09 7.2195E-09 5.8952E-09 4.7583E-09 3.8053E-09 3.0135E-09 2.3641E-09 1.8093E-09 1.3547E-09 1.0212E-09 7.8750E-10 6.0856E-10 4.6152E-10 3.4441E-10 2.5139E-10 1.7980E-10 1.2480E-10 8.3793E-11 5.3608E-11 3.1592E-11 1.6053E-11 6.0106E-12 1.6418E-12 5.0220E-13 0.0000E+00 0.0000E+00 0.0000E+00 0.0000E+00 0.0000E+00 0.0000E+00 0.0000E+00 0.0000E+00 0.0000E+00 0.0000E+00 0.0000E+00 0.0000E+00 0.0000E+00 0.0000E+00 0.0000E+00
1.4521E-08 1.6524E-08 1.8468E-08 2.0271E-08 2.1848E-08 2.3120E-08 2.4013E-08 2.4471E-08 2.4463E-08 2.3984E-08 2.3060E-08 2.1736E-08 2.0089E-08 1.8211E-08 1.6201E-08 1.4147E-08 1.2140E-08 1.0241E-08 8.5051E-09 6.9617E-09 5.6226E-09 4.4895E-09 3.5432E-09 2.7704E-09 2.1451E-09 1.6187E-09 1.1902E-09 8.7072E-10 6.6016E-10 5.0498E-10 3.7886E-10 2.7995E-10 2.0212E-10 1.4251E-10 9.7974E-11 6.4147E-11 3.9208E-11 2.1071E-11 8.9216E-12 2.6330E-12 3.7960E-13 0.0000E+00 0.0000E+00 0.0000E+00 0.0000E+00 0.0000E+00 0.0000E+00 0.0000E+00 0.0000E+00 0.0000E+00 0.0000E+00 0.0000E+00 0.0000E+00 0.0000E+00 0.0000E+00 0.0000E+00 0.0000E+00
1.4568E-08 1.6613E-08 1.8604E-08 2.0455E-08 2.2076E-08 2.3379E-08 2.4291E-08 2.4754E-08 2.4737E-08 2.4234E-08 2.3269E-08 2.1893E-08 2.0184E-08 1.8233E-08 1.6153E-08 1.4035E-08 1.1964E-08 1.0023E-08 8.2496E-09 6.6907E-09 5.3455E-09 4.2191E-09 3.2859E-09 2.5325E-09 1.9304E-09 1.4313E-09 1.0282E-09 7.3579E-10 5.4320E-10 4.1071E-10 3.0429E-10 2.2179E-10 1.5787E-10 1.1007E-10 7.3888E-11 4.7125E-11 2.7030E-11 1.2674E-11 3.9297E-12 1.8747E-13 0.0000E+00 0.0000E+00 0.0000E+00 0.0000E+00 0.0000E+00 0.0000E+00 0.0000E+00 0.0000E+00 0.0000E+00 0.0000E+00 0.0000E+00 0.0000E+00 0.0000E+00 0.0000E+00 0.0000E+00 0.0000E+00 0.0000E+00
1.4542E-08 1.6625E-08 1.8656E-08 2.0545E-08 2.2198E-08 2.3527E-08 2.4452E-08 2.4917E-08 2.4889E-08 2.4359E-08 2.3356E-08 2.1936E-08 2.0173E-08 1.8161E-08 1.6028E-08 1.3860E-08 1.1749E-08 9.7674E-09 7.9780E-09 6.4035E-09 5.0645E-09 3.9463E-09 3.0323E-09 2.3024E-09 1.7233E-09 1.2542E-09 8.8129E-10 6.1182E-10 4.3809E-10 3.2663E-10 2.3881E-10 1.7168E-10 1.2082E-10 8.2011E-11 5.2993E-11 3.1834E-11 1.6172E-11 5.6992E-12 8.0689E-13 0.0000E+00 0.0000E+00 0.0000E+00 0.0000E+00 0.0000E+00 0.0000E+00 0.0000E+00 0.0000E+00 0.0000E+00 0.0000E+00 0.0000E+00 0.0000E+00 0.0000E+00 0.0000E+00 0.0000E+00 0.0000E+00 0.0000E+00 0.0000E+00
1.4491E-08 1.6604E-08 1.8665E-08 2.0581E-08 2.2259E-08 2.3604E-08 2.4536E-08 2.4997E-08 2.4947E-08 2.4387E-08 2.3348E-08 2.1879E-08 2.0066E-08 1.7999E-08 1.5824E-08 1.3618E-08 1.1481E-08 9.4804E-09 7.6821E-09 6.1111E-09 4.7787E-09 3.6780E-09 2.7849E-09 2.0829E-09 1.5277E-09 1.0877E-09 7.5139E-10 4.9767E-10 3.4556E-10 2.5423E-10 1.8380E-10 1.2959E-10 8.7995E-11 5.7302E-11 3.4726E-11 1.8658E-11 7.7575E-12 1.6941E-12 1.1239E-13 0.0000E+00 0.0000E+00 0.0000E+00 0.0000E+00 0.0000E+00 0.0000E+00 0.0000E+00 0.0000E+00 0.0000E+00 0.0000E+00 0.0000E+00 0.0000E+00 0.0000E+00 0.0000E+00 0.0000E+00 0.0000E+00 0.0000E+00 0.0000E+00
1.4381E-08 1.6520E-08 1.8606E-08 2.0546E-08 2.2243E-08 2.3599E-08 2.4531E-08 2.4977E-08 2.4903E-08 2.4314E-08 2.3227E-08 2.1716E-08 1.9864E-08 1.7765E-08 1.5539E-08 1.3313E-08 1.1158E-08 9.1581E-09 7.3597E-09 5.8061E-09 4.4926E-09 3.4147E-09 2.5487E-09 1.8714E-09 1.3452E-09 9.3565E-10 6.3130E-10 4.0080E-10 2.6630E-10 1.9330E-10 1.3619E-10 9.3142E-11 6.0958E-11 3.7299E-11 1.9921E-11 8.2171E-12 2.6284E-12 4.8196E-13 0.0000E+00 0.0000E+00 0.0000E+00 0.0000E+00 0.0000E+00 0.0000E+00 0.0000E+00 0.0000E+00 0.0000E+00 0.0000E+00 0.0000E+00 0.0000E+00 0.0000E+00 0.0000E+00 0.0000E+00 0.0000E+00 0.0000E+00 0.0000E+00 0.0000E+00
1.4267E-08 1.6432E-08 1.8543E-08 2.0503E-08 2.2212E-08 2.3566E-08 2.4485E-08 2.4916E-08 2.4806E-08 2.4168E-08 2.3037E-08 2.1478E-08 1.9574E-08 1.7438E-08 1.5175E-08 1.2942E-08 1.0790E-08 8.7983E-09 7.0218E-09 5.4860E-09 4.2016E-09 3.1565E-09 2.3215E-09 1.6718E-09 1.1742E-09 8.0069E-10 5.2491E-10 3.1615E-10 2.0086E-10 1.4153E-10 9.7089E-11 6.3697E-11 3.8704E-11 2.0736E-11 9.2335E-12 3.3440E-12 8.7895E-13 0.0000E+00 0.0000E+00 0.0000E+00 0.0000E+00 0.0000E+00 0.0000E+00 0.0000E+00 0.0000E+00 0.0000E+00 0.0000E+00 0.0000E+00 0.0000E+00 0.0000E+00 0.0000E+00 0.0000E+00 0.0000E+00 0.0000E+00 0.0000E+00 0.0000E+00 0.0000E+00
1.4123E-08 1.6310E-08 1.8444E-08 2.0422E-08 2.2136E-08 2.3486E-08 2.4395E-08 2.4784E-08 2.4634E-08 2.3958E-08 2.2770E-08 2.1156E-08 1.9220E-08 1.7054E-08 1.4747E-08 1.2512E-08 1.0374E-08 8.4041E-09 6.6589E-09 5.1588E-09 3.9095E-09 2.9027E-09 2.0999E-09 1.4852E-09 1.0204E-09 6.7872E-10 4.3007E-10 2.4487E-10 1.4493E-10 9.8557E-11 6.4807E-11 3.9505E-11 2.1394E-11 1.0031E-11 3.7530E-12 1.1581E-12 1.3768E-13 0.0000E+00 0.0000E+00 0.0000E+00 0.0000E+00 0.0000E+00 0.0000E+00 0.0000E+00 0.0000E+00 0.0000E+00 0.0000E+00 0.0000E+00 0.0000E+00 0.0000E+00 0.0000E+00 0.0000E+00 0.0000E+00 0.0000E+00 0.0000E+00 0.0000E+00 0.0000E+00
1.3976E-08 1.6206E-08 1.8370E-08 2.0372E-08 2.2097E-08 2.3449E-08 2.4326E-08 2.4677E-08 2.4484E-08 2.3729E-08 2.2475E-08 2.0809E-08 1.8805E-08 1.6598E-08 1.4270E-08 1.2033E-08 9.9176E-09 7.9834E-09 6.2749E-09 4.8169E-09 3.6137E-09 2.6497E-09 1.8841E-09 1.3056E-09 8.8102E-10 5.6859E-10 3.4863E-10 1.8370E-10 9.8963E-11 6.3975E-11 3.9062E-11 2.1654E-11 1.1085E-11 4.6714E-12 1.3226E-12 2.5272E-13 0.0000E+00 0.0000E+00 0.0000E+00 0.0000E+00 0.0000E+00 0.0000E+00 0.0000E+00 0.0000E+00 0.0000E+00 0.0000E+00 0.0000E+00 0.0000E+00 0.0000E+00 0.0000E+00 0.0000E+00 0.0000E+00 0.0000E+00 0.0000E+00 0.0000E+00 0.0000E+00 0.0000E+00
1.3840E-08 1.6092E-08 1.8294E-08 2.0320E-08 2.2060E-08 2.3399E-08 2.4252E-08 2.4569E-08 2.4300E-08 2.3475E-08 2.2160E-08 2.0406E-08 1.8350E-08 1.6119E-08 1.3774E-08 1.1509E-08 9.4251E-09 7.5350E-09 5.8768E-09 4.4657E-09 3.3150E-09 2.3945E-09 1.6729E-09 1.1392E-09 7.5295E-10 4.6955E-10 2.7592E-10 1.3153E-10 6.3038E-11 3.7971E-11 2.2391E-11 1.1941E-11 4.9093E-12 1.3246E-12 3.0561E-13 0.0000E+00 0.0000E+00 0.0000E+00 0.0000E+00 0.0000E+00 0.0000E+00 0.0000E+00 0.0000E+00 0.0000E+00 0.0000E+00 0.0000E+00 0.0000E+00 0.0000E+00 0.0000E+00 0.0000E+00 0.0000E+00 0.0000E+00 0.0000E+00 0.0000E+00 0.0000E+00 0.0000E+00 0.0000E+00
1.3715E-08 1.6022E-08 1.8269E-08 2.0339E-08 2.2107E-08 2.3455E-08 2.4295E-08 2.4549E-08 2.4208E-08 2.3307E-08 2.1874E-08 2.0031E-08 1.7907E-08 1.5602E-08 1.3263E-08 1.0949E-08 8.9056E-09 7.0588E-09 5.4572E-09 4.1064E-09 3.0107E-09 2.1398E-09 1.4711E-09 9.8463E-10 6.3324E-10 3.8029E-10 2.1097E-10 8.9132E-11 3.7564E-11 2.1911E-11 1.1422E-11 4.9572E-12 1.6007E-12 2.9405E-13 0.0000E+00 0.0000E+00 0.0000E+00 0.0000E+00 0.0000E+00 0.0000E+00 0.0000E+00 0.0000E+00 0.0000E+00 0.0000E+00 0.0000E+00 0.0000E+00 0.0000E+00 0.0000E+00 0.0000E+00 0.0000E+00 0.0000E+00 0.0000E+00 0.0000E+00 0.0000E+00 0.0000E+00 0.0000E+00 0.0000E+00
1.3617E-08 1.5977E-08 1.8287E-08 2.0409E-08 2.2210E-08 2.3572E-08 2.4388E-08 2.4593E-08 2.4183E-08 2.3156E-08 2.1612E-08 1.9675E-08 1.7442E-08 1.5081E-08 1.2722E-08 1.0367E-08 8.3546E-09 6.5668E-09 5.0263E-09 3.7416E-09 2.7036E-09 1.8905E-09 1.2777E-09 8.3866E-10 5.2327E-10 3.0013E-10 1.5471E-10 5.5465E-11 2.0612E-11 1.1129E-11 4.7255E-12 1.3968E-12 2.2197E-13 0.0000E+00 0.0000E+00 0.0000E+00 0.0000E+00 0.0000E+00 0.0000E+00 0.0000E+00 0.0000E+00 0.0000E+00 0.0000E+00 0.0000E+00 0.0000E+00 0.0000E+00 0.0000E+00 0.0000E+00 0.0000E+00 0.0000E+00 0.0000E+00 0.0000E+00 0.0000E+00 0.0000E+00 0.0000E+00 0.0000E+00 0.0000E+00
1.3530E-08 1.5966E-08 1.8360E-08 2.0566E-08 2.2442E-08 2.3844E-08 2.4678E-08 2.4836E-08 2.4323E-08 2.3182E-08 2.1512E-08 1.9405E-08 1.7045E-08 1.4594E-08 1.2164E-08 9.7862E-09 7.7835E-09 6.0614E-09 4.5894E-09 3.3723E-09 2.3970E-09 1.6477E-09 1.0953E-09 7.0005E-10 4.2255E-10 2.2974E-10 1.0758E-10 3.4192E-11 9.6765E-12 3.8104E-12 1.0636E-12 9.9012E-14 0.0000E+00 0.0000E+00 0.0000E+00 0.0000E+00 0.0000E+00 0.0000E+00 0.0000E+00 0.0000E+00 0.0000E+00 0.0000E+00 0.0000E+00 0.0000E+00 0.0000E+00 0.0000E+00 0.0000E+00 0.0000E+00 0.0000E+00 0.0000E+00 0.0000E+00 0.0000E+00 0.0000E+00 0.0000E+00 0.0000E+00 0.0000E+00 0.0000E+00
1.3456E-08 1.5994E-08 1.8490E-08 2.0811E-08 2.2783E-08 2.4253E-08 2.5088E-08 2.5214E-08 2.4641E-08 2.3347E-08 2.1484E-08 1.9243E-08 1.6711E-08 1.4126E-08 1.1650E-08 9.2423E-09 7.2081E-09 5.5467E-09 4.1520E-09 3.0046E-09 2.0969E-09 1.4163E-09 9.2264E-10 5.7120E-10 3.3085E-10 1.6864E-10 6.9555E-11 1.6430E-11 2.7174E-12 6.8379E-13 0.0000E+00 0.0000E+00 0.0000E+00 0.0000E+00 0.0000E+00 0.0000E+00 0.0000E+00 0.0000E+00 0.0000E+00 0.0000E+00 0.0000E+00 0.0000E+00 0.0000E+00 0.0000E+00 0.0000E+00 0.0000E+00 0.0000E+00 0.0000E+00 0.0000E+00 0.0000E+00 0.0000E+00 0.0000E+00 0.0000E+00 0.0000E+00 0.0000E+00 0.0000E+00 0.0000E+00
