Assets/Resources/2015_m01_d08_2200(utc+0800)_l00_csi_1hr_conc.grd
DSAA
         159         159
     -79.000      79.000
     -79.000      79.000
  0.4050E-09  0.3795E-04
[rows 25 to 49 of 159, columns 0 to 56 of 159]
9.6442E-10 9.8596E-10 1.0078E-09 1.0299E-09 1.0539E-09 1.0766E-09 1.0997E-09 1.1229E-09 1.1465E-09 1.1703E-09 1.1944E-09 1.2187E-09 1.2472E-09 1.2782E-09 1.3059E-09 1.3341E-09 1.3632E-09 1.3913E-09 1.4198E-09 1.4612E-09 1.4923E-09 1.5235E-09 1.5569E-09 1.5925E-09 1.6281E-09 1.6697E-09 1.7214E-09 1.7692E-09 1.8133E-09 1.8514E-09 1.8902E-09 1.9296E-09 1.9697E-09 2.0121E-09 2.0576E-09 2.1005E-09 2.1440E-09 2.1882E-09 2.2331E-09 2.2790E-09 2.3271E-09 2.3743E-09 2.4220E-09 2.4711E-09 2.5219E-09 2.5726E-09 2.6244E-09 2.6754E-09 2.7268E-09 2.7788E-09 2.8324E-09 2.8862E-09 2.9404E-09 2.9948E-09 3.0564E-09 3.1185E-09 3.1730E-09
9.6983E-10 9.9151E-10 1.0135E-09 1.0365E-09 1.0599E-09 1.0828E-09 1.1060E-09 1.1295E-09 1.1532E-09 1.1772E-09 1.2015E-09 1.2298E-09 1.2597E-09 1.2873E-09 1.3154E-09 1.3443E-09 1.3733E-09 1.4018E-09 1.4373E-09 1.4740E-09 1.5052E-09 1.5375E-09 1.5742E-09 1.6098E-09 1.6481E-09 1.6977E-09 1.7472E-09 1.7946E-09 1.8329E-09 1.8719E-09 1.9115E-09 1.9519E-09 1.9959E-09 2.0408E-09 2.0841E-09 2.1281E-09 2.1729E-09 2.2184E-09 2.2659E-09 2.3140E-09 2.3620E-09 2.4109E-09 2.4621E-09 2.5134E-09 2.5663E-09 2.6181E-09 2.6704E-09 2.7238E-09 2.7788E-09 2.8340E-09 2.8901E-09 2.9456E-09 3.0089E-09 3.0728E-09 3.1297E-09 3.1920E-09 3.2547E-09
9.7507E-10 9.9689E-10 1.0190E-09 1.0430E-09 1.0658E-09 1.0889E-09 1.1122E-09 1.1359E-09 1.1597E-09 1.1839E-09 1.2083E-09 1.2418E-09 1.2692E-09 1.2972E-09 1.3256E-09 1.3540E-09 1.3834E-09 1.4180E-09 1.4540E-09 1.4864E-09 1.5183E-09 1.5530E-09 1.5908E-09 1.6291E-09 1.6717E-09 1.7227E-09 1.7717E-09 1.8135E-09 1.8526E-09 1.8925E-09 1.9331E-09 1.9784E-09 2.0228E-09 2.0664E-09 2.1109E-09 2.1562E-09 2.2023E-09 2.2513E-09 2.2994E-09 2.3482E-09 2.3989E-09 2.4507E-09 2.5039E-09 2.5569E-09 2.6099E-09 2.6639E-09 2.7201E-09 2.7764E-09 2.8341E-09 2.8910E-09 2.9478E-09 3.0133E-09 3.0808E-09 3.1415E-09 3.2067E-09 3.2730E-09 3.3385E-09
9.8015E-10 1.0021E-09 1.0252E-09 1.0486E-09 1.0715E-09 1.0947E-09 1.1182E-09 1.1420E-09 1.1661E-09 1.1904E-09 1.2189E-09 1.2500E-09 1.2786E-09 1.3065E-09 1.3352E-09 1.3636E-09 1.3939E-09 1.4347E-09 1.4658E-09 1.4987E-09 1.5335E-09 1.5676E-09 1.6076E-09 1.6503E-09 1.6991E-09 1.7479E-09 1.7931E-09 1.8324E-09 1.8724E-09 1.9132E-09 1.9595E-09 2.0035E-09 2.0475E-09 2.0924E-09 2.1381E-09 2.1853E-09 2.2346E-09 2.2832E-09 2.3328E-09 2.3853E-09 2.4379E-09 2.4921E-09 2.5456E-09 2.5999E-09 2.6565E-09 2.7138E-09 2.7726E-09 2.8310E-09 2.8892E-09 2.9559E-09 3.0252E-09 3.0878E-09 3.1558E-09 3.2244E-09 3.2874E-09 3.3550E-09 3.4228E-09
9.8505E-10 1.0071E-09 1.0312E-09 1.0540E-09 1.0770E-09 1.1004E-09 1.1241E-09 1.1480E-09 1.1722E-09 1.2005E-09 1.2304E-09 1.2580E-09 1.2870E-09 1.3161E-09 1.3443E-09 1.3732E-09 1.4096E-09 1.4460E-09 1.4775E-09 1.5125E-09 1.5475E-09 1.5837E-09 1.6246E-09 1.6752E-09 1.7236E-09 1.7720E-09 1.8113E-09 1.8514E-09 1.8924E-09 1.9390E-09 1.9831E-09 2.0274E-09 2.0726E-09 2.1188E-09 2.1668E-09 2.2162E-09 2.2655E-09 2.3163E-09 2.3694E-09 2.4234E-09 2.4779E-09 2.5324E-09 2.5886E-09 2.6471E-09 2.7059E-09 2.7659E-09 2.8253E-09 2.8854E-09 2.9557E-09 3.0274E-09 3.0934E-09 3.1638E-09 3.2332E-09 3.3033E-09 3.3745E-09 3.4436E-09 3.5143E-09
9.8978E-10 1.0128E-09 1.0362E-09 1.0591E-09 1.0824E-09 1.1059E-09 1.1297E-09 1.1538E-09 1.1781E-09 1.2105E-09 1.2380E-09 1.2668E-09 1.2956E-09 1.3247E-09 1.3533E-09 1.3889E-09 1.4245E-09 1.4571E-09 1.4902E-09 1.5258E-09 1.5629E-09 1.6018E-09 1.6469E-09 1.6968E-09 1.7467E-09 1.7893E-09 1.8295E-09 1.8706E-09 1.9173E-09 1.9616E-09 2.0061E-09 2.0516E-09 2.0981E-09 2.1468E-09 2.1964E-09 2.2462E-09 2.2982E-09 2.3516E-09 2.4072E-09 2.4618E-09 2.5174E-09 2.5756E-09 2.6348E-09 2.6961E-09 2.7564E-09 2.8174E-09 2.8803E-09 2.9534E-09 3.0279E-09 3.1003E-09 3.1675E-09 3.2397E-09 3.3140E-09 3.3907E-09 3.4616E-09 3.5360E-09 3.6119E-09
9.9433E-10 1.0175E-09 1.0411E-09 1.0641E-09 1.0875E-09 1.1111E-09 1.1351E-09 1.1593E-09 1.1877E-09 1.2178E-09 1.2455E-09 1.2746E-09 1.3039E-09 1.3323E-09 1.3632E-09 1.4038E-09 1.4351E-09 1.4686E-09 1.5024E-09 1.5415E-09 1.5802E-09 1.6217E-09 1.6695E-09 1.7206E-09 1.7666E-09 1.8068E-09 1.8478E-09 1.8943E-09 1.9390E-09 1.9837E-09 2.0294E-09 2.0761E-09 2.1253E-09 2.1752E-09 2.2255E-09 2.2783E-09 2.3324E-09 2.3885E-09 2.4438E-09 2.5005E-09 2.5606E-09 2.6209E-09 2.6830E-09 2.7446E-09 2.8073E-09 2.8734E-09 2.9481E-09 3.0263E-09 3.0990E-09 3.1728E-09 3.2491E-09 3.3285E-09 3.4018E-09 3.4800E-09 3.5590E-09 3.6339E-09 3.7088E-09
9.9871E-10 1.0228E-09 1.0457E-09 1.0689E-09 1.0924E-09 1.1162E-09 1.1403E-09 1.1647E-09 1.1982E-09 1.2248E-09 1.2537E-09 1.2813E-09 1.3119E-09 1.3406E-09 1.3772E-09 1.4138E-09 1.4455E-09 1.4807E-09 1.5150E-09 1.5563E-09 1.5958E-09 1.6434E-09 1.6924E-09 1.7413E-09 1.7831E-09 1.8242E-09 1.8698E-09 1.9154E-09 1.9601E-09 2.0060E-09 2.0529E-09 2.1024E-09 2.1525E-09 2.2032E-09 2.2567E-09 2.3114E-09 2.3679E-09 2.4240E-09 2.4819E-09 2.5428E-09 2.6049E-09 2.6675E-09 2.7305E-09 2.7957E-09 2.8632E-09 2.9411E-09 3.0198E-09 3.0949E-09 3.1718E-09 3.2531E-09 3.3333E-09 3.4121E-09 3.4943E-09 3.5743E-09 3.6530E-09 3.7349E-09 3.8190E-09
1.0037E-09 1.0272E-09 1.0502E-09 1.0735E-09 1.0972E-09 1.1211E-09 1.1453E-09 1.1737E-09 1.2048E-09 1.2326E-09 1.2609E-09 1.2887E-09 1.3188E-09 1.3530E-09 1.3909E-09 1.4237E-09 1.4559E-09 1.4918E-09 1.5301E-09 1.5694E-09 1.6133E-09 1.6617E-09 1.7154E-09 1.7588E-09 1.7997E-09 1.8441E-09 1.8907E-09 1.9355E-09 1.9814E-09 2.0285E-09 2.0780E-09 2.1285E-09 2.1794E-09 2.2334E-09 2.2886E-09 2.3455E-09 2.4023E-09 2.4613E-09 2.5227E-09 2.5865E-09 2.6496E-09 2.7139E-09 2.7815E-09 2.8505E-09 2.9310E-09 3.0105E-09 3.0878E-09 3.1693E-09 3.2524E-09 3.3363E-09 3.4219E-09 3.5047E-09 3.5867E-09 3.6720E-09 3.7584E-09 3.8439E-09 3.9288E-09
1.0085E-09 1.0314E-09 1.0545E-09 1.0779E-09 1.1017E-09 1.1257E-09 1.1539E-09 1.1837E-09 1.2103E-09 1.2393E-09 1.2678E-09 1.2959E-09 1.3264E-09 1.3657E-09 1.4003E-09 1.4335E-09 1.4662E-09 1.5061E-09 1.5460E-09 1.5861E-09 1.6343E-09 1.6822E-09 1.7336E-09 1.7745E-09 1.8173E-09 1.8651E-09 1.9099E-09 1.9558E-09 2.0029E-09 2.0522E-09 2.1031E-09 2.1542E-09 2.2084E-09 2.2640E-09 2.3214E-09 2.3787E-09 2.4386E-09 2.5007E-09 2.5655E-09 2.6294E-09 2.6948E-09 2.7647E-09 2.8354E-09 2.9168E-09 2.9982E-09 3.0783E-09 3.1638E-09 3.2476E-09 3.3370E-09 3.4237E-09 3.5095E-09 3.5950E-09 3.6867E-09 3.7765E-09 3.8640E-09 3.9549E-09 4.0497E-09
1.0124E-09 1.0353E-09 1.0586E-09 1.0821E-09 1.1060E-09 1.1302E-09 1.1586E-09 1.1897E-09 1.2166E-09 1.2458E-09 1.2746E-09 1.3030E-09 1.3382E-09 1.3743E-09 1.4095E-09 1.4431E-09 1.4763E-09 1.5205E-09 1.5602E-09 1.6029E-09 1.6535E-09 1.7045E-09 1.7485E-09 1.7901E-09 1.8387E-09 1.8833E-09 1.9291E-09 1.9762E-09 2.0251E-09 2.0765E-09 2.1277E-09 2.1818E-09 2.2377E-09 2.2955E-09 2.3532E-09 2.4137E-09 2.4765E-09 2.5420E-09 2.6068E-09 2.6736E-09 2.7446E-09 2.8174E-09 2.8995E-09 2.9827E-09 3.0662E-09 3.1529E-09 3.2406E-09 3.3330E-09 3.4204E-09 3.5091E-09 3.6009E-09 3.6953E-09 3.7882E-09 3.8828E-09 3.9826E-09 4.0779E-09 4.1774E-09
1.0160E-09 1.0391E-09 1.0625E-09 1.0861E-09 1.1101E-09 1.1382E-09 1.1680E-09 1.1947E-09 1.2236E-09 1.2522E-09 1.2803E-09 1.3098E-09 1.3504E-09 1.3814E-09 1.4185E-09 1.4526E-09 1.4897E-09 1.5321E-09 1.5744E-09 1.6213E-09 1.6714E-09 1.7218E-09 1.7633E-09 1.8104E-09 1.8558E-09 1.9015E-09 1.9485E-09 1.9968E-09 2.0486E-09 2.0998E-09 2.1535E-09 2.2097E-09 2.2680E-09 2.3260E-09 2.3867E-09 2.4502E-09 2.5163E-09 2.5819E-09 2.6498E-09 2.7216E-09 2.7964E-09 2.8793E-09 2.9641E-09 3.0506E-09 3.1422E-09 3.2331E-09 3.3222E-09 3.4125E-09 3.5056E-09 3.6043E-09 3.7001E-09 3.7955E-09 3.8985E-09 4.0053E-09 4.1064E-09 4.2134E-09 4.3204E-09
1.0195E-09 1.0427E-09 1.0661E-09 1.0899E-09 1.1140E-09 1.1462E-09 1.1735E-09 1.2003E-09 1.2295E-09 1.2583E-09 1.2867E-09 1.3200E-09 1.3582E-09 1.3896E-09 1.4274E-09 1.4608E-09 1.5032E-09 1.5455E-09 1.5886E-09 1.6397E-09 1.6912E-09 1.7357E-09 1.7799E-09 1.8275E-09 1.8730E-09 1.9198E-09 1.9678E-09 2.0195E-09 2.0707E-09 2.1238E-09 2.1802E-09 2.2389E-09 2.2971E-09 2.3577E-09 2.4216E-09 2.4884E-09 2.5546E-09 2.6232E-09 2.6960E-09 2.7723E-09 2.8559E-09 2.9416E-09 3.0301E-09 3.1224E-09 3.2168E-09 3.3090E-09 3.4019E-09 3.4981E-09 3.5989E-09 3.6986E-09 3.8017E-09 3.9147E-09 4.0183E-09 4.1324E-09 4.2440E-09 4.3652E-09 4.4736E-09
1.0228E-09 1.0460E-09 1.0696E-09 1.0935E-09 1.1215E-09 1.1512E-09 1.1778E-09 1.2067E-09 1.2352E-09 1.2633E-09 1.2971E-09 1.3313E-09 1.3659E-09 1.3976E-09 1.4362E-09 1.4735E-09 1.5138E-09 1.5606E-09 1.6062E-09 1.6566E-09 1.7075E-09 1.7495E-09 1.7985E-09 1.8437E-09 1.8902E-09 1.9380E-09 1.9888E-09 2.0405E-09 2.0930E-09 2.1496E-09 2.2083E-09 2.2665E-09 2.3268E-09 2.3913E-09 2.4584E-09 2.5251E-09 2.5941E-09 2.6677E-09 2.7444E-09 2.8283E-09 2.9149E-09 3.0052E-09 3.0987E-09 3.1960E-09 3.2894E-09 3.3850E-09 3.4860E-09 3.5885E-09 3.6918E-09 3.8055E-09 3.9175E-09 4.0355E-09 4.1494E-09 4.2778E-09 4.3928E-09 4.5136E-09 4.6411E-09
1.0258E-09 1.0492E-09 1.0728E-09 1.0968E-09 1.1289E-09 1.1561E-09 1.1829E-09 1.2120E-09 1.2407E-09 1.2691E-09 1.3024E-09 1.3383E-09 1.3733E-09 1.4055E-09 1.4472E-09 1.4870E-09 1.5280E-09 1.5739E-09 1.6236E-09 1.6754E-09 1.7204E-09 1.7674E-09 1.8136E-09 1.8598E-09 1.9073E-09 1.9568E-09 2.0091E-09 2.0614E-09 2.1174E-09 2.1754E-09 2.2344E-09 2.2945E-09 2.3592E-09 2.4261E-09 2.4933E-09 2.5619E-09 2.6358E-09 2.7126E-09 2.7973E-09 2.8847E-09 2.9762E-09 3.0667E-09 3.1704E-09 3.2655E-09 3.3635E-09 3.4686E-09 3.5729E-09 3.6835E-09 3.8003E-09 3.9218E-09 4.0379E-09 4.1677E-09 4.2931E-09 4.4210E-09 4.5508E-09 4.6873E-09 4.8229E-09
1.0287E-09 1.0521E-09 1.0759E-09 1.1037E-09 1.1334E-09 1.1599E-09 1.1877E-09 1.2171E-09 1.2451E-09 1.2789E-09 1.3131E-09 1.3451E-09 1.3806E-09 1.4131E-09 1.4581E-09 1.4978E-09 1.5403E-09 1.5888E-09 1.6379E-09 1.6908E-09 1.7336E-09 1.7828E-09 1.8286E-09 1.8758E-09 1.9244E-09 1.9768E-09 2.0288E-09 2.0833E-09 2.1412E-09 2.2008E-09 2.2607E-09 2.3248E-09 2.3909E-09 2.4584E-09 2.5270E-09 2.6010E-09 2.6776E-09 2.7554E-09 2.8512E-09 2.9435E-09 3.0352E-09 3.1402E-09 3.2371E-09 3.3375E-09 3.4450E-09 3.5521E-09 3.6688E-09 3.7968E-09 3.9150E-09 4.0411E-09 4.1742E-09 4.3076E-09 4.4403E-09 4.5801E-09 4.7276E-09 4.8621E-09 5.0085E-09
1.0313E-09 1.0548E-09 1.0787E-09 1.1068E-09 1.1377E-09 1.1643E-09 1.1924E-09 1.2220E-09 1.2502E-09 1.2834E-09 1.3193E-09 1.3517E-09 1.3865E-09 1.4230E-09 1.4682E-09 1.5093E-09 1.5526E-09 1.6036E-09 1.6573E-09 1.7026E-09 1.7513E-09 1.7968E-09 1.8435E-09 1.8917E-09 1.9428E-09 1.9951E-09 2.0484E-09 2.1060E-09 2.1658E-09 2.2251E-09 2.2873E-09 2.3531E-09 2.4213E-09 2.4899E-09 2.5631E-09 2.6396E-09 2.7186E-09 2.8145E-09 2.9068E-09 2.9999E-09 3.1018E-09 3.2044E-09 3.3065E-09 3.4160E-09 3.5312E-09 3.6462E-09 3.7775E-09 3.9064E-09 4.0331E-09 4.1764E-09 4.3077E-09 4.4513E-09 4.6057E-09 4.7508E-09 4.9072E-09 5.0586E-09 5.2128E-09
1.0337E-09 1.0573E-09 1.0813E-09 1.1145E-09 1.1408E-09 1.1686E-09 1.1977E-09 1.2257E-09 1.2593E-09 1.2934E-09 1.3254E-09 1.3580E-09 1.3934E-09 1.4328E-09 1.4799E-09 1.5225E-09 1.5647E-09 1.6186E-09 1.6716E-09 1.7152E-09 1.7643E-09 1.8106E-09 1.8582E-09 1.9075E-09 1.9606E-09 2.0134E-09 2.0695E-09 2.1282E-09 2.1875E-09 2.2482E-09 2.3139E-09 2.3823E-09 2.4506E-09 2.5226E-09 2.5990E-09 2.6791E-09 2.7672E-09 2.8623E-09 2.9610E-09 3.0631E-09 3.1655E-09 3.2704E-09 3.3820E-09 3.4994E-09 3.6242E-09 3.7545E-09 3.8837E-09 4.0190E-09 4.1633E-09 4.3088E-09 4.4559E-09 4.6162E-09 4.7687E-09 4.9315E-09 5.0975E-09 5.2640E-09 5.4299E-09
1.0360E-09 1.0596E-09 1.0875E-09 1.1182E-09 1.1447E-09 1.1726E-09 1.2020E-09 1.2302E-09 1.2632E-09 1.2990E-09 1.3313E-09 1.3630E-09 1.4025E-09 1.4417E-09 1.4888E-09 1.5303E-09 1.5783E-09 1.6368E-09 1.6823E-09 1.7313E-09 1.7771E-09 1.8242E-09 1.8727E-09 1.9247E-09 1.9767E-09 2.0305E-09 2.0887E-09 2.1487E-09 2.2088E-09 2.2736E-09 2.3412E-09 2.4095E-09 2.4800E-09 2.5563E-09 2.6370E-09 2.7250E-09 2.8187E-09 2.9186E-09 3.0198E-09 3.1241E-09 3.2300E-09 3.3425E-09 3.4613E-09 3.5880E-09 3.7249E-09 3.8574E-09 3.9991E-09 4.1457E-09 4.2933E-09 4.4511E-09 4.6172E-09 4.7843E-09 4.9483E-09 5.1296E-09 5.2982E-09 5.4819E-09 5.6613E-09
1.0380E-09 1.0617E-09 1.0946E-09 1.1208E-09 1.1484E-09 1.1764E-09 1.2051E-09 1.2344E-09 1.2725E-09 1.3044E-09 1.3369E-09 1.3690E-09 1.4115E-09 1.4512E-09 1.4975E-09 1.5432E-09 1.5935E-09 1.6500E-09 1.6935E-09 1.7430E-09 1.7892E-09 1.8368E-09 1.8862E-09 1.9392E-09 1.9921E-09 2.0492E-09 2.1087E-09 2.1682E-09 2.2305E-09 2.2975E-09 2.3668E-09 2.4367E-09 2.5125E-09 2.5922E-09 2.6724E-09 2.7719E-09 2.8689E-09 2.9725E-09 3.0782E-09 3.1827E-09 3.3002E-09 3.4195E-09 3.5455E-09 3.6856E-09 3.8210E-09 3.9659E-09 4.1168E-09 4.2726E-09 4.4403E-09 4.6119E-09 4.7797E-09 4.9609E-09 5.1425E-09 5.3228E-09 5.5208E-09 5.7076E-09 5.8965E-09
1.0397E-09 1.0674E-09 1.0968E-09 1.1241E-09 1.1509E-09 1.1810E-09 1.2090E-09 1.2418E-09 1.2774E-09 1.3095E-09 1.3411E-09 1.3771E-09 1.4186E-09 1.4580E-09 1.5079E-09 1.5558E-09 1.6103E-09 1.6592E-09 1.7071E-09 1.7534E-09 1.8004E-09 1.8488E-09 1.9010E-09 1.9531E-09 2.0074E-09 2.0663E-09 2.1265E-09 2.1874E-09 2.2535E-09 2.3226E-09 2.3918E-09 2.4650E-09 2.5437E-09 2.6254E-09 2.7160E-09 2.8199E-09 2.9169E-09 3.0280E-09 3.1327E-09 3.2489E-09 3.3744E-09 3.5047E-09 3.6399E-09 3.7811E-09 3.9281E-09 4.0882E-09 4.2398E-09 4.4126E-09 4.5934E-09 4.7643E-09 4.9547E-09 5.1434E-09 5.3356E-09 5.5419E-09 5.7404E-09 5.9443E-09 6.1790E-09
1.0413E-09 1.0729E-09 1.0998E-09 1.1262E-09 1.1532E-09 1.1835E-09 1.2116E-09 1.2504E-09 1.2821E-09 1.3145E-09 1.3464E-09 1.3852E-09 1.4264E-09 1.4672E-09 1.5194E-09 1.5676E-09 1.6195E-09 1.6680E-09 1.7173E-09 1.7634E-09 1.8111E-09 1.8603E-09 1.9136E-09 1.9666E-09 2.0241E-09 2.0841E-09 2.1441E-09 2.2076E-09 2.2758E-09 2.3455E-09 2.4167E-09 2.4940E-09 2.5759E-09 2.6653E-09 2.7617E-09 2.8638E-09 2.9703E-09 3.0789E-09 3.1932E-09 3.3209E-09 3.4520E-09 3.5909E-09 3.7312E-09 3.8790E-09 4.0432E-09 4.2047E-09 4.3777E-09 4.5611E-09 4.7449E-09 4.9354E-09 5.1314E-09 5.3337E-09 5.5488E-09 5.7584E-09 5.9779E-09 6.2282E-09 6.4602E-09
1.0426E-09 1.0755E-09 1.1016E-09 1.1291E-09 1.1571E-09 1.1858E-09 1.2193E-09 1.2546E-09 1.2865E-09 1.3179E-09 1.3537E-09 1.3910E-09 1.4336E-09 1.4755E-09 1.5251E-09 1.5756E-09 1.6284E-09 1.6784E-09 1.7263E-09 1.7730E-09 1.8214E-09 1.8733E-09 1.9258E-09 1.9800E-09 2.0393E-09 2.0999E-09 2.1613E-09 2.2280E-09 2.2978E-09 2.3678E-09 2.4426E-09 2.5232E-09 2.6048E-09 2.7053E-09 2.8043E-09 2.9113E-09 3.0199E-09 3.1344E-09 3.2629E-09 3.3943E-09 3.5309E-09 3.6748E-09 3.8240E-09 3.9901E-09 4.1544E-09 4.3325E-09 4.5182E-09 4.7071E-09 4.9027E-09 5.1062E-09 5.3166E-09 5.5405E-09 5.7604E-09 5.9938E-09 6.2583E-09 6.5024E-09 6.7503E-09
1.0476E-09 1.0780E-09 1.1041E-09 1.1308E-09 1.1608E-09 1.1887E-09 1.2271E-09 1.2573E-09 1.2893E-09 1.3220E-09 1.3604E-09 1.3962E-09 1.4412E-09 1.4817E-09 1.5355E-09 1.5902E-09 1.6352E-09 1.6888E-09 1.7347E-09 1.7822E-09 1.8313E-09 1.8845E-09 1.9375E-09 1.9947E-09 2.0551E-09 2.1153E-09 2.1788E-09 2.2476E-09 2.3174E-09 2.3891E-09 2.4674E-09 2.5506E-09 2.6417E-09 2.7461E-09 2.8453E-09 2.9595E-09 3.0714E-09 3.1989E-09 3.3300E-09 3.4688E-09 3.6157E-09 3.7623E-09 3.9269E-09 4.0989E-09 4.2773E-09 4.4684E-09 4.6579E-09 4.8565E-09 5.0674E-09 5.2836E-09 5.5165E-09 5.7457E-09 5.9905E-09 6.2675E-09 6.5246E-09 6.7879E-09 7.0945E-09
1.0525E-09 1.0792E-09 1.1064E-09 1.1332E-09 1.1624E-09 1.1913E-09 1.2291E-09 1.2606E-09 1.2928E-09 1.3280E-09 1.3632E-09 1.4021E-09 1.4485E-09 1.4893E-09 1.5472E-09 1.5995E-09 1.6428E-09 1.6963E-09 1.7428E-09 1.7909E-09 1.8418E-09 1.8949E-09 1.9488E-09 2.0075E-09 2.0684E-09 2.1296E-09 2.1961E-09 2.2661E-09 2.3366E-09 2.4123E-09 2.4945E-09 2.5766E-09 2.6794E-09 2.7841E-09 2.8918E-09 3.0070E-09 3.1281E-09 3.2632E-09 3.3986E-09 3.5476E-09 3.6977E-09 3.8591E-09 4.0353E-09 4.2115E-09 4.4085E-09 4.5977E-09 4.7973E-09 5.0152E-09 5.2348E-09 5.4764E-09 5.7139E-09 5.9672E-09 6.2544E-09 6.5253E-09 6.8029E-09 7.1256E-09 7.4396E-09
