Assets/Resources/2015_m01_d06_1600(utc+0800)_l00_csi_1hr_conc.grd
DSAA
         159         159
     -79.000      79.000
     -79.000      79.000
  0.0000E+00  0.1011E-04
[rows 50 to 74 of 159, columns 57 to 113 of 159]
2.2308E-10 3.1234E-10 4.3179E-10 5.7648E-10 7.5817E-10 9.9456E-10 1.2825E-09 1.8577E-09 2.5496E-09 3.6694E-09 3.2526E-09 3.8543E-09 4.6252E-09 5.5005E-09 6.4558E-09 7.4711E-09 8.5032E-09 9.5395E-09 1.0560E-08 1.1538E-08 1.2446E-08 1.3261E-08 1.3961E-08 1.4526E-08 1.4940E-08 1.5197E-08 1.5291E-08 1.5224E-08 1.5013E-08 1.4661E-08 1.4175E-08 1.3566E-08 1.2865E-08 1.2082E-08 1.1240E-08 1.0361E-08 9.4639E-09 8.5599E-09 7.6823E-09 6.8274E-09 6.0091E-09 5.2475E-09 4.5424E-09 3.8972E-09 3.3148E-09 2.7964E-09 2.3410E-09 1.9413E-09 1.5943E-09 1.2549E-09 1.0024E-09 7.8434E-10 5.9043E-10 4.6036E-10 3.3586E-10 2.4762E-10 1.6332E-10
1.9429E-10 2.7655E-10 3.9036E-10 5.2988E-10 7.1278E-10 9.4059E-10 1.2271E-09 1.8157E-09 2.5470E-09 3.7669E-09 5.2978E-09 3.9769E-09 4.7227E-09 5.6428E-09 6.6640E-09 7.7548E-09 8.8822E-09 9.9945E-09 1.1090E-08 1.2134E-08 1.3097E-08 1.3950E-08 1.4670E-08 1.5236E-08 1.5635E-08 1.5861E-08 1.5911E-08 1.5792E-08 1.5512E-08 1.5092E-08 1.4535E-08 1.3866E-08 1.3094E-08 1.2248E-08 1.1351E-08 1.0420E-08 9.4768E-09 8.5398E-09 7.6209E-09 6.7488E-09 5.9185E-09 5.1385E-09 4.4279E-09 3.7821E-09 3.1998E-09 2.6826E-09 2.2326E-09 1.8399E-09 1.5009E-09 1.1640E-09 9.2053E-10 7.1621E-10 5.3363E-10 4.1225E-10 2.9739E-10 2.1543E-10 1.3506E-10
1.6582E-10 2.4502E-10 3.5170E-10 4.8809E-10 6.6817E-10 8.9378E-10 1.1784E-09 1.7708E-09 2.5344E-09 3.8465E-09 5.5160E-09 7.8760E-09 4.9311E-09 5.8388E-09 6.9253E-09 8.1067E-09 9.3309E-09 1.0552E-08 1.1731E-08 1.2847E-08 1.3865E-08 1.4758E-08 1.5498E-08 1.6064E-08 1.6443E-08 1.6630E-08 1.6626E-08 1.6438E-08 1.6076E-08 1.5573E-08 1.4942E-08 1.4187E-08 1.3343E-08 1.2427E-08 1.1458E-08 1.0478E-08 9.4867E-09 8.5078E-09 7.5602E-09 6.6592E-09 5.8133E-09 5.0288E-09 4.3066E-09 3.6580E-09 3.0785E-09 2.5651E-09 2.1197E-09 1.7344E-09 1.4048E-09 1.0747E-09 8.4554E-10 6.5367E-10 4.8279E-10 3.7024E-10 2.6195E-10 1.8409E-10 1.0898E-10
1.4023E-10 2.1784E-10 3.1391E-10 4.5288E-10 6.3135E-10 8.4936E-10 1.1806E-09 1.7694E-09 2.5104E-09 3.9084E-09 5.7280E-09 8.3212E-09 1.1654E-08 6.1656E-09 7.2739E-09 8.5512E-09 9.8811E-09 1.1208E-08 1.2492E-08 1.3689E-08 1.4773E-08 1.5709E-08 1.6465E-08 1.7022E-08 1.7373E-08 1.7508E-08 1.7435E-08 1.7165E-08 1.6715E-08 1.6106E-08 1.5371E-08 1.4535E-08 1.3603E-08 1.2609E-08 1.1575E-08 1.0522E-08 9.4863E-09 8.4694E-09 7.4913E-09 6.5627E-09 5.6996E-09 4.9047E-09 4.1800E-09 3.5290E-09 2.9520E-09 2.4416E-09 2.0031E-09 1.6295E-09 1.3119E-09 9.9124E-10 7.7540E-10 5.9590E-10 4.3652E-10 3.2962E-10 2.2690E-10 1.5422E-10 8.4554E-11
1.1837E-10 1.8845E-10 2.8315E-10 4.1117E-10 5.9014E-10 8.1858E-10 1.2233E-09 1.8463E-09 2.5858E-09 3.9574E-09 5.9124E-09 8.7581E-09 1.2472E-08 8.6877E-09 7.7712E-09 9.0845E-09 1.0525E-08 1.1978E-08 1.3372E-08 1.4671E-08 1.5830E-08 1.6814E-08 1.7590E-08 1.8136E-08 1.8439E-08 1.8509E-08 1.8351E-08 1.7979E-08 1.7415E-08 1.6689E-08 1.5842E-08 1.4892E-08 1.3870E-08 1.2787E-08 1.1678E-08 1.0560E-08 9.4629E-09 8.4094E-09 7.3971E-09 6.4404E-09 5.5686E-09 4.7642E-09 4.0355E-09 3.3853E-09 2.8141E-09 2.3153E-09 1.8851E-09 1.5262E-09 1.2254E-09 9.1367E-10 7.0927E-10 5.4107E-10 3.9192E-10 2.8927E-10 1.9324E-10 1.2412E-10 6.3598E-11
9.7535E-11 1.6076E-10 2.5630E-10 3.7617E-10 5.3345E-10 7.7900E-10 1.2683E-09 1.8914E-09 2.7754E-09 4.0698E-09 6.0533E-09 9.1539E-09 1.3266E-08 1.8404E-08 8.9680E-09 9.7881E-09 1.1307E-08 1.2895E-08 1.4417E-08 1.5808E-08 1.7048E-08 1.8077E-08 1.8860E-08 1.9382E-08 1.9640E-08 1.9630E-08 1.9362E-08 1.8876E-08 1.8187E-08 1.7328E-08 1.6333E-08 1.5259E-08 1.4126E-08 1.2953E-08 1.1760E-08 1.0578E-08 9.4220E-09 8.3192E-09 7.2776E-09 6.3065E-09 5.4120E-09 4.6037E-09 3.8786E-09 3.2353E-09 2.6729E-09 2.1864E-09 1.7706E-09 1.4276E-09 1.1407E-09 8.3759E-10 6.4549E-10 4.8771E-10 3.4722E-10 2.4947E-10 1.5886E-10 9.5688E-11 4.5866E-11
8.1921E-11 1.3861E-10 2.2690E-10 3.4178E-10 4.9767E-10 7.0757E-10 1.2732E-09 1.9230E-09 2.9641E-09 4.3113E-09 6.3128E-09 9.4734E-09 1.3945E-08 1.9664E-08 2.6702E-08 1.1100E-08 1.2300E-08 1.3971E-08 1.5631E-08 1.7132E-08 1.8416E-08 1.9488E-08 2.0281E-08 2.0774E-08 2.0959E-08 2.0848E-08 2.0468E-08 1.9836E-08 1.9002E-08 1.7996E-08 1.6860E-08 1.5634E-08 1.4373E-08 1.3092E-08 1.1820E-08 1.0564E-08 9.3510E-09 8.2047E-09 7.1336E-09 6.1414E-09 5.2408E-09 4.4296E-09 3.7065E-09 3.0716E-09 2.5267E-09 2.0549E-09 1.6543E-09 1.3274E-09 1.0571E-09 7.6219E-10 5.8082E-10 4.3407E-10 3.0304E-10 2.1115E-10 1.2324E-10 6.9829E-11 3.1146E-11
6.7641E-11 1.1749E-10 2.0006E-10 3.0980E-10 4.6124E-10 6.9939E-10 1.2331E-09 1.9171E-09 3.0987E-09 4.5571E-09 6.7650E-09 9.8057E-09 1.4492E-08 2.0783E-08 2.8650E-08 3.7507E-08 1.3872E-08 1.5310E-08 1.7055E-08 1.8661E-08 2.0002E-08 2.1064E-08 2.1830E-08 2.2269E-08 2.2372E-08 2.2148E-08 2.1619E-08 2.0841E-08 1.9835E-08 1.8666E-08 1.7372E-08 1.5999E-08 1.4597E-08 1.3201E-08 1.1831E-08 1.0504E-08 9.2380E-09 8.0470E-09 6.9511E-09 5.9463E-09 5.0386E-09 4.2344E-09 3.5225E-09 2.9010E-09 2.3746E-09 1.9223E-09 1.5380E-09 1.2255E-09 9.7075E-10 6.8551E-10 5.1506E-10 3.8028E-10 2.5825E-10 1.6742E-10 9.2747E-11 4.7540E-11 1.9473E-11
5.5948E-11 1.0384E-10 1.8064E-10 2.7970E-10 4.2765E-10 6.8088E-10 1.2123E-09 1.8698E-09 3.0911E-09 4.7459E-09 7.2086E-09 1.0372E-08 1.5108E-08 2.1654E-08 3.0276E-08 4.0229E-08 4.3701E-08 1.7263E-08 1.8798E-08 2.0449E-08 2.1827E-08 2.2829E-08 2.3520E-08 2.3866E-08 2.3840E-08 2.3469E-08 2.2791E-08 2.1828E-08 2.0642E-08 1.9300E-08 1.7840E-08 1.6313E-08 1.4769E-08 1.3253E-08 1.1791E-08 1.0394E-08 9.0754E-09 7.8531E-09 6.7355E-09 5.7220E-09 4.8147E-09 4.0234E-09 3.3261E-09 2.7211E-09 2.2133E-09 1.7839E-09 1.4166E-09 1.1217E-09 8.8315E-10 6.0844E-10 4.5069E-10 3.2833E-10 2.0766E-10 1.2700E-10 6.6665E-11 3.2043E-11 1.3529E-11
4.7198E-11 8.7917E-11 1.5642E-10 2.5659E-10 3.9591E-10 6.5045E-10 1.1758E-09 1.8732E-09 3.0025E-09 4.7357E-09 7.3961E-09 1.0982E-08 1.5860E-08 2.2452E-08 3.1546E-08 4.2514E-08 5.4587E-08 2.8771E-08 2.1186E-08 2.2608E-08 2.3932E-08 2.4862E-08 2.5330E-08 2.5516E-08 2.5338E-08 2.4787E-08 2.3909E-08 2.2768E-08 2.1392E-08 1.9857E-08 1.8229E-08 1.6550E-08 1.4872E-08 1.3234E-08 1.1681E-08 1.0220E-08 8.8581E-09 7.6078E-09 6.4843E-09 5.4691E-09 4.5686E-09 3.7919E-09 3.1174E-09 2.5319E-09 2.0443E-09 1.6399E-09 1.2913E-09 1.0143E-09 7.9322E-10 5.3088E-10 3.8754E-10 2.7081E-10 1.5654E-10 9.0381E-11 4.4245E-11 2.3165E-11 9.2624E-12
4.3658E-11 7.6689E-11 1.3421E-10 2.3052E-10 3.6559E-10 6.0647E-10 1.1282E-09 1.8366E-09 2.9546E-09 4.6882E-09 7.3009E-09 1.1244E-08 1.6612E-08 2.3535E-08 3.2770E-08 4.4273E-08 5.7588E-08 7.1390E-08 2.6144E-08 2.5450E-08 2.6424E-08 2.7149E-08 2.7412E-08 2.7227E-08 2.6801E-08 2.6011E-08 2.4937E-08 2.3573E-08 2.2006E-08 2.0286E-08 1.8495E-08 1.6673E-08 1.4872E-08 1.3133E-08 1.1492E-08 9.9717E-09 8.5813E-09 7.3133E-09 6.1894E-09 5.1848E-09 4.2981E-09 3.5414E-09 2.8948E-09 2.3325E-09 1.8687E-09 1.4905E-09 1.1649E-09 9.0655E-10 7.0385E-10 4.5456E-10 3.2130E-10 2.0705E-10 1.0951E-10 5.9249E-11 3.1062E-11 1.7038E-11 5.7451E-12
3.8484E-11 6.7818E-11 1.1866E-10 2.0685E-10 3.3090E-10 5.4722E-10 1.0683E-09 1.7627E-09 2.8702E-09 4.6275E-09 7.2256E-09 1.1215E-08 1.6954E-08 2.4663E-08 3.4171E-08 4.5898E-08 5.9892E-08 7.5112E-08 8.9707E-08 3.0186E-08 2.9582E-08 2.9780E-08 2.9658E-08 2.9094E-08 2.8211E-08 2.7147E-08 2.5796E-08 2.4217E-08 2.2443E-08 2.0541E-08 1.8592E-08 1.6639E-08 1.4731E-08 1.2911E-08 1.1209E-08 9.6485E-09 8.2347E-09 6.9617E-09 5.8490E-09 4.8674E-09 4.0024E-09 3.2722E-09 2.6569E-09 2.1252E-09 1.6884E-09 1.3376E-09 1.0368E-09 7.9935E-10 6.1487E-10 3.7662E-10 2.4650E-10 1.4871E-10 7.2154E-11 3.7332E-11 2.4579E-11 1.1490E-11 2.7904E-12
3.4531E-11 6.1955E-11 1.0808E-10 1.7747E-10 2.9844E-10 4.6747E-10 9.9388E-10 1.6480E-09 2.7364E-09 4.4584E-09 7.1004E-09 1.1205E-08 1.6965E-08 2.5322E-08 3.5838E-08 4.8132E-08 6.2231E-08 7.7952E-08 9.3922E-08 1.0785E-07 3.4257E-08 3.2972E-08 3.2132E-08 3.1042E-08 2.9622E-08 2.8081E-08 2.6434E-08 2.4623E-08 2.2654E-08 2.0579E-08 1.8488E-08 1.6426E-08 1.4434E-08 1.2553E-08 1.0814E-08 9.2323E-09 7.8125E-09 6.5482E-09 5.4624E-09 4.5164E-09 3.6835E-09 2.9878E-09 2.4087E-09 1.9126E-09 1.5057E-09 1.1843E-09 9.0873E-10 6.9267E-10 5.2364E-10 2.9037E-10 1.7852E-10 9.8088E-11 4.5106E-11 3.0425E-11 1.8128E-11 6.5211E-12 9.6113E-13
2.8889E-11 5.5929E-11 9.8251E-11 1.6027E-10 2.7046E-10 4.1959E-10 9.0797E-10 1.4979E-09 2.5501E-09 4.2072E-09 6.8602E-09 1.1137E-08 1.7364E-08 2.6329E-08 3.7855E-08 5.1509E-08 6.6193E-08 8.1466E-08 9.7247E-08 1.1204E-07 1.0089E-07 3.7325E-08 3.4968E-08 3.2996E-08 3.0982E-08 2.8840E-08 2.6787E-08 2.4716E-08 2.2562E-08 2.0353E-08 1.8149E-08 1.6010E-08 1.3963E-08 1.2051E-08 1.0300E-08 8.7235E-09 7.3226E-09 6.0786E-09 5.0351E-09 4.1334E-09 3.3459E-09 2.6929E-09 2.1558E-09 1.6988E-09 1.3254E-09 1.0341E-09 7.8245E-10 5.8575E-10 4.2777E-10 2.1264E-10 1.1980E-10 5.7715E-11 3.5108E-11 2.4024E-11 1.1709E-11 2.9196E-12 1.9017E-13
2.3738E-11 4.9436E-11 8.8293E-11 1.4602E-10 2.3699E-10 3.7896E-10 7.7291E-10 1.2926E-09 2.3279E-09 3.8791E-09 6.5163E-09 1.1244E-08 1.8423E-08 2.8787E-08 4.1583E-08 5.6372E-08 7.2100E-08 8.7395E-08 1.0172E-07 1.1534E-07 1.2678E-07 5.5334E-08 3.8557E-08 3.5087E-08 3.2149E-08 2.9437E-08 2.6814E-08 2.4468E-08 2.2156E-08 1.9835E-08 1.7556E-08 1.5378E-08 1.3315E-08 1.1406E-08 9.6744E-09 8.1308E-09 6.7741E-09 5.5648E-09 4.5770E-09 3.7319E-09 2.9968E-09 2.3941E-09 1.9039E-09 1.4880E-09 1.1507E-09 8.8949E-10 6.5873E-10 4.8001E-10 3.4101E-10 1.4818E-10 7.5124E-11 3.8921E-11 2.8451E-11 1.6840E-11 6.1046E-12 8.8837E-13 0.0000E+00
1.8428E-11 4.1728E-11 7.7544E-11 1.3093E-10 2.0964E-10 3.4011E-10 5.9845E-10 1.1454E-09 2.0882E-09 3.4976E-09 6.3473E-09 1.1786E-08 2.0773E-08 3.4193E-08 5.0489E-08 6.7328E-08 8.2844E-08 9.6995E-08 1.0882E-07 1.1939E-07 1.2849E-07 1.3544E-07 4.5339E-08 3.7495E-08 3.3185E-08 2.9667E-08 2.6601E-08 2.3821E-08 2.1391E-08 1.9003E-08 1.6703E-08 1.4535E-08 1.2498E-08 1.0628E-08 8.9482E-09 7.4643E-09 6.1727E-09 5.0265E-09 4.1013E-09 3.3217E-09 2.6465E-09 2.1001E-09 1.6581E-09 1.2828E-09 9.8392E-10 7.4997E-10 5.4007E-10 3.8438E-10 2.6843E-10 9.7474E-11 4.7429E-11 3.1705E-11 2.0967E-11 9.7319E-12 2.1869E-12 8.8460E-14 0.0000E+00
1.1761E-11 3.2581E-11 6.5094E-11 1.1295E-10 1.8382E-10 2.9658E-10 4.6455E-10 9.9908E-10 1.7613E-09 3.1169E-09 6.3960E-09 1.2980E-08 2.5475E-08 4.5447E-08 6.9414E-08 9.1229E-08 1.0597E-07 1.1407E-07 1.1976E-07 1.2517E-07 1.3038E-07 1.3466E-07 1.3608E-07 4.1557E-08 3.4152E-08 2.9549E-08 2.5943E-08 2.2891E-08 2.0260E-08 1.7862E-08 1.5597E-08 1.3489E-08 1.1524E-08 9.7350E-09 8.1398E-09 6.7409E-09 5.5338E-09 4.4690E-09 3.6225E-09 2.9143E-09 2.3033E-09 1.8166E-09 1.4245E-09 1.0901E-09 8.2728E-10 6.1821E-10 4.3309E-10 3.0583E-10 2.1036E-10 6.3592E-11 3.4040E-11 2.4043E-11 1.3155E-11 4.1719E-12 3.9395E-13 0.0000E+00 0.0000E+00
4.5984E-12 2.6618E-11 5.2355E-11 9.6464E-11 1.5876E-10 2.5410E-10 3.9340E-10 7.7939E-10 1.3549E-09 2.9465E-09 6.6280E-09 1.4956E-08 3.2942E-08 6.3858E-08 1.0192E-07 1.3528E-07 1.5101E-07 1.4793E-07 1.3876E-07 1.3383E-07 1.3265E-07 1.3282E-07 1.3157E-07 1.2325E-07 3.5681E-08 2.9053E-08 2.4796E-08 2.1538E-08 1.8840E-08 1.6430E-08 1.4264E-08 1.2268E-08 1.0418E-08 8.7450E-09 7.2653E-09 5.9785E-09 4.8752E-09 3.9042E-09 3.1465E-09 2.5147E-09 1.9737E-09 1.5504E-09 1.2072E-09 9.1349E-10 6.8522E-10 5.0231E-10 3.4540E-10 2.4287E-10 1.6853E-10 5.0316E-11 2.6166E-11 1.5844E-11 6.3174E-12 1.0347E-12 0.0000E+00 0.0000E+00 0.0000E+00
1.0485E-13 1.9111E-11 3.7933E-11 7.8846E-11 1.3183E-10 2.1351E-10 3.3468E-10 5.3171E-10 1.1071E-09 2.4974E-09 6.3344E-09 1.6705E-08 4.0616E-08 8.4483E-08 1.4763E-07 2.0600E-07 2.3088E-07 2.1299E-07 1.7285E-07 1.4469E-07 1.3531E-07 1.3015E-07 1.2499E-07 1.1890E-07 7.9167E-08 2.8351E-08 2.3107E-08 1.9713E-08 1.7112E-08 1.4768E-08 1.2746E-08 1.0910E-08 9.2158E-09 7.6921E-09 6.3536E-09 5.1967E-09 4.2088E-09 3.3492E-09 2.6844E-09 2.1307E-09 1.6633E-09 1.3077E-09 1.0101E-09 7.5283E-10 5.5955E-10 4.0299E-10 2.7564E-10 1.9631E-10 1.4702E-10 3.6698E-11 1.7501E-11 8.1744E-12 1.9093E-12 1.8097E-14 0.0000E+00 0.0000E+00 0.0000E+00
0.0000E+00 8.6569E-12 2.7497E-11 6.2572E-11 1.0211E-10 1.7612E-10 2.7438E-10 4.3034E-10 7.1627E-10 1.9358E-09 5.8256E-09 1.6471E-08 4.3818E-08 1.0089E-07 1.9493E-07 3.0358E-07 3.6169E-07 3.2420E-07 2.2997E-07 1.6350E-07 1.3774E-07 1.2528E-07 1.1588E-07 1.0663E-07 9.8923E-08 3.0587E-08 2.0937E-08 1.7395E-08 1.4992E-08 1.2922E-08 1.1108E-08 9.4670E-09 7.9612E-09 6.6140E-09 5.4340E-09 4.4207E-09 3.5521E-09 2.8189E-09 2.2505E-09 1.7756E-09 1.3822E-09 1.0859E-09 8.2930E-10 6.1197E-10 4.5288E-10 3.1824E-10 2.2339E-10 1.6871E-10 1.2640E-10 2.3071E-11 9.3511E-12 2.6446E-12 1.1675E-13 0.0000E+00 0.0000E+00 0.0000E+00 0.0000E+00
0.0000E+00 1.4186E-12 2.2635E-11 4.1630E-11 8.0874E-11 1.3856E-10 2.1529E-10 3.4198E-10 5.3776E-10 1.5757E-09 4.2902E-09 1.2269E-08 3.6956E-08 9.7353E-08 2.1489E-07 3.9303E-07 5.5509E-07 5.2712E-07 3.3061E-07 1.9106E-07 1.4086E-07 1.1801E-07 1.0193E-07 9.0052E-08 8.1940E-08 7.6408E-08 1.9385E-08 1.4771E-08 1.2545E-08 1.0858E-08 9.3975E-09 8.0054E-09 6.7157E-09 5.5571E-09 4.5488E-09 3.6818E-09 2.9362E-09 2.3294E-09 1.8528E-09 1.4531E-09 1.1284E-09 8.7762E-10 6.6378E-10 4.9257E-10 3.6057E-10 2.5458E-10 1.8923E-10 1.4494E-10 1.0456E-10 1.1519E-11 3.1337E-12 2.3823E-13 0.0000E+00 0.0000E+00 0.0000E+00 0.0000E+00 0.0000E+00
0.0000E+00 0.0000E+00 9.7448E-12 2.7235E-11 6.2387E-11 1.0022E-10 1.6929E-10 2.6318E-10 3.9677E-10 8.5109E-10 2.4529E-09 7.5263E-09 2.3306E-08 6.4402E-08 1.6747E-07 4.0365E-07 7.7469E-07 8.8145E-07 5.2270E-07 2.4510E-07 1.4652E-07 1.0782E-07 8.3585E-08 6.8814E-08 6.1460E-08 5.8028E-08 5.5657E-08 1.2272E-08 9.9730E-09 8.6776E-09 7.5948E-09 6.5225E-09 5.5001E-09 4.5609E-09 3.7282E-09 2.9971E-09 2.3812E-09 1.8956E-09 1.4987E-09 1.1654E-09 9.0336E-10 6.9320E-10 5.2077E-10 3.8942E-10 2.8743E-10 2.1075E-10 1.6161E-10 1.1991E-10 8.3608E-11 3.4223E-12 2.7571E-13 0.0000E+00 0.0000E+00 0.0000E+00 0.0000E+00 0.0000E+00 0.0000E+00
0.0000E+00 0.0000E+00 0.0000E+00 1.9329E-11 3.9777E-11 7.3452E-11 1.2560E-10 1.9508E-10 3.0551E-10 4.5804E-10 7.6306E-10 2.7868E-09 8.3091E-09 2.5786E-08 7.4019E-08 2.2560E-07 7.6388E-07 1.4422E-06 9.7863E-07 3.8432E-07 1.5013E-07 9.4595E-08 6.0550E-08 4.6321E-08 4.1217E-08 3.9978E-08 3.9780E-08 3.4961E-08 7.6270E-09 6.5628E-09 5.8245E-09 5.0844E-09 4.3425E-09 3.6250E-09 2.9689E-09 2.3841E-09 1.8895E-09 1.5084E-09 1.1848E-09 9.1612E-10 7.0636E-10 5.3520E-10 4.0071E-10 3.0632E-10 2.3330E-10 1.7682E-10 1.3329E-10 9.5737E-11 6.6927E-11 2.3215E-13 0.0000E+00 0.0000E+00 0.0000E+00 0.0000E+00 0.0000E+00 0.0000E+00 0.0000E+00
0.0000E+00 0.0000E+00 0.0000E+00 4.7883E-12 2.1962E-11 5.3515E-11 8.6344E-11 1.4406E-10 2.2427E-10 3.3248E-10 4.9773E-10 1.0381E-09 2.6868E-09 6.9491E-09 1.5913E-08 3.6649E-08 2.2485E-07 1.5035E-06 1.8844E-06 9.5914E-07 1.8253E-07 6.1397E-08 3.4528E-08 2.6676E-08 2.5164E-08 2.5301E-08 2.6451E-08 2.7112E-08 1.2679E-08 4.8893E-09 4.2506E-09 3.7474E-09 3.2601E-09 2.7821E-09 2.3000E-09 1.8465E-09 1.4740E-09 1.1701E-09 9.1047E-10 7.0180E-10 5.3831E-10 4.0500E-10 3.0485E-10 2.3805E-10 1.8652E-10 1.4358E-10 1.0644E-10 7.6236E-11 5.5874E-11 0.0000E+00 0.0000E+00 0.0000E+00 0.0000E+00 0.0000E+00 0.0000E+00 0.0000E+00 0.0000E+00
0.0000E+00 0.0000E+00 0.0000E+00 0.0000E+00 1.0596E-11 2.7648E-11 5.8830E-11 9.9619E-11 1.5493E-10 2.3831E-10 3.5082E-10 5.0431E-10 7.7845E-10 1.7101E-09 3.9371E-09 7.5499E-09 1.3928E-08 3.5120E-07 2.4413E-06 1.8740E-06 3.8287E-07 1.9620E-08 1.5058E-08 1.4807E-08 1.5205E-08 1.5639E-08 1.6517E-08 1.7497E-08 1.8005E-08 4.1732E-09 3.1494E-09 2.7190E-09 2.3541E-09 2.0177E-09 1.7072E-09 1.3853E-09 1.1124E-09 8.7503E-10 6.7724E-10 5.2155E-10 3.9764E-10 2.9958E-10 2.3088E-10 1.7935E-10 1.4013E-10 1.1127E-10 6.0931E-11 6.3306E-11 4.8994E-11 0.0000E+00 0.0000E+00 0.0000E+00 0.0000E+00 0.0000E+00 0.0000E+00 0.0000E+00 0.0000E+00
