Assets/Resources/2015_m01_d05_1700(utc+0800)_l00_csi_1hr_conc.grd
DSAA
         159         159
     -79.000      79.000
     -79.000      79.000
  0.3639E-10  0.1792E-05
[rows 125 to 149 of 159, columns 57 to 113 of 159]
1.3547E-10 1.3482E-10 1.3415E-10 1.3347E-10 1.3279E-10 1.3210E-10 1.3139E-10 1.3068E-10 1.2996E-10 1.2924E-10 1.2850E-10 1.2776E-10 1.2701E-10 1.2625E-10 1.2549E-10 1.2471E-10 1.2393E-10 1.2315E-10 1.2236E-10 1.2156E-10 1.2075E-10 1.1995E-10 1.1913E-10 1.1831E-10 1.1748E-10 1.1665E-10 1.1582E-10 1.1498E-10 1.1413E-10 1.1329E-10 1.1243E-10 1.1158E-10 1.1072E-10 1.0986E-10 1.0899E-10 1.0812E-10 1.0725E-10 1.0638E-10 1.0550E-10 1.0462E-10 1.0374E-10 1.0286E-10 1.0198E-10 1.0110E-10 1.0021E-10 9.9324E-11 9.8437E-11 9.7549E-11 9.6661E-11 9.5772E-11 9.4884E-11 9.3995E-11 9.3107E-11 9.2220E-11 9.1333E-11 9.0447E-11 8.9562E-11
1.3408E-10 1.3343E-10 1.3278E-10 1.3211E-10 1.3143E-10 1.3074E-10 1.3005E-10 1.2935E-10 1.2863E-10 1.2792E-10 1.2719E-10 1.2645E-10 1.2571E-10 1.2496E-10 1.2420E-10 1.2344E-10 1.2267E-10 1.2189E-10 1.2111E-10 1.2032E-10 1.1952E-10 1.1872E-10 1.1791E-10 1.1710E-10 1.1629E-10 1.1546E-10 1.1464E-10 1.1381E-10 1.1297E-10 1.1213E-10 1.1129E-10 1.1044E-10 1.0959E-10 1.0874E-10 1.0788E-10 1.0702E-10 1.0616E-10 1.0529E-10 1.0443E-10 1.0356E-10 1.0269E-10 1.0182E-10 1.0094E-10 1.0007E-10 9.9191E-11 9.8313E-11 9.7435E-11 9.6557E-11 9.5678E-11 9.4798E-11 9.3919E-11 9.3040E-11 9.2161E-11 9.1283E-11 9.0405E-11 8.9528E-11 8.8652E-11
1.3270E-10 1.3205E-10 1.3140E-10 1.3074E-10 1.3007E-10 1.2939E-10 1.2871E-10 1.2801E-10 1.2731E-10 1.2659E-10 1.2587E-10 1.2515E-10 1.2441E-10 1.2367E-10 1.2292E-10 1.2216E-10 1.2140E-10 1.2063E-10 1.1986E-10 1.1908E-10 1.1829E-10 1.1750E-10 1.1670E-10 1.1590E-10 1.1509E-10 1.1427E-10 1.1346E-10 1.1263E-10 1.1181E-10 1.1098E-10 1.1014E-10 1.0930E-10 1.0846E-10 1.0762E-10 1.0677E-10 1.0592E-10 1.0507E-10 1.0421E-10 1.0335E-10 1.0249E-10 1.0163E-10 1.0077E-10 9.9905E-11 9.9039E-11 9.8172E-11 9.7304E-11 9.6435E-11 9.5565E-11 9.4696E-11 9.3826E-11 9.2955E-11 9.2085E-11 9.1216E-11 9.0346E-11 8.9478E-11 8.8610E-11 8.7743E-11
1.3131E-10 1.3067E-10 1.3003E-10 1.2938E-10 1.2871E-10 1.2804E-10 1.2736E-10 1.2667E-10 1.2598E-10 1.2527E-10 1.2456E-10 1.2384E-10 1.2311E-10 1.2238E-10 1.2164E-10 1.2089E-10 1.2014E-10 1.1938E-10 1.1861E-10 1.1784E-10 1.1706E-10 1.1627E-10 1.1548E-10 1.1469E-10 1.1389E-10 1.1309E-10 1.1228E-10 1.1146E-10 1.1065E-10 1.0982E-10 1.0900E-10 1.0817E-10 1.0734E-10 1.0650E-10 1.0566E-10 1.0482E-10 1.0398E-10 1.0313E-10 1.0228E-10 1.0143E-10 1.0058E-10 9.9725E-11 9.8870E-11 9.8013E-11 9.7155E-11 9.6296E-11 9.5436E-11 9.4576E-11 9.3715E-11 9.2854E-11 9.1993E-11 9.1132E-11 9.0272E-11 8.9412E-11 8.8552E-11 8.7693E-11 8.6836E-11
1.2992E-10 1.2930E-10 1.2866E-10 1.2801E-10 1.2736E-10 1.2669E-10 1.2602E-10 1.2534E-10 1.2465E-10 1.2395E-10 1.2325E-10 1.2254E-10 1.2182E-10 1.2109E-10 1.2036E-10 1.1962E-10 1.1887E-10 1.1812E-10 1.1736E-10 1.1660E-10 1.1583E-10 1.1505E-10 1.1427E-10 1.1349E-10 1.1269E-10 1.1190E-10 1.1110E-10 1.1029E-10 1.0948E-10 1.0867E-10 1.0786E-10 1.0704E-10 1.0621E-10 1.0539E-10 1.0456E-10 1.0372E-10 1.0289E-10 1.0205E-10 1.0121E-10 1.0037E-10 9.9527E-11 9.8682E-11 9.7835E-11 9.6988E-11 9.6139E-11 9.5289E-11 9.4438E-11 9.3587E-11 9.2736E-11 9.1884E-11 9.1032E-11 9.0181E-11 8.9329E-11 8.8478E-11 8.7628E-11 8.6778E-11 8.5930E-11
1.2854E-10 1.2792E-10 1.2729E-10 1.2665E-10 1.2600E-10 1.2534E-10 1.2468E-10 1.2401E-10 1.2332E-10 1.2264E-10 1.2194E-10 1.2124E-10 1.2052E-10 1.1981E-10 1.1908E-10 1.1835E-10 1.1761E-10 1.1687E-10 1.1612E-10 1.1536E-10 1.1460E-10 1.1383E-10 1.1306E-10 1.1228E-10 1.1150E-10 1.1071E-10 1.0992E-10 1.0913E-10 1.0833E-10 1.0752E-10 1.0671E-10 1.0590E-10 1.0509E-10 1.0427E-10 1.0345E-10 1.0263E-10 1.0180E-10 1.0097E-10 1.0014E-10 9.9310E-11 9.8476E-11 9.7640E-11 9.6803E-11 9.5964E-11 9.5125E-11 9.4284E-11 9.3443E-11 9.2601E-11 9.1758E-11 9.0916E-11 9.0073E-11 8.9231E-11 8.8388E-11 8.7547E-11 8.6705E-11 8.5865E-11 8.5025E-11
1.2716E-10 1.2654E-10 1.2592E-10 1.2529E-10 1.2465E-10 1.2400E-10 1.2334E-10 1.2267E-10 1.2200E-10 1.2132E-10 1.2063E-10 1.1994E-10 1.1923E-10 1.1852E-10 1.1781E-10 1.1708E-10 1.1635E-10 1.1562E-10 1.1487E-10 1.1413E-10 1.1337E-10 1.1261E-10 1.1185E-10 1.1108E-10 1.1031E-10 1.0953E-10 1.0875E-10 1.0796E-10 1.0717E-10 1.0637E-10 1.0557E-10 1.0477E-10 1.0397E-10 1.0316E-10 1.0235E-10 1.0153E-10 1.0072E-10 9.9897E-11 9.9076E-11 9.8252E-11 9.7427E-11 9.6600E-11 9.5772E-11 9.4943E-11 9.4112E-11 9.3281E-11 9.2449E-11 9.1616E-11 9.0783E-11 8.9949E-11 8.9116E-11 8.8283E-11 8.7450E-11 8.6617E-11 8.5785E-11 8.4954E-11 8.4123E-11
1.2578E-10 1.2517E-10 1.2455E-10 1.2393E-10 1.2330E-10 1.2265E-10 1.2200E-10 1.2135E-10 1.2068E-10 1.2001E-10 1.1933E-10 1.1864E-10 1.1794E-10 1.1724E-10 1.1653E-10 1.1582E-10 1.1509E-10 1.1437E-10 1.1363E-10 1.1289E-10 1.1215E-10 1.1140E-10 1.1064E-10 1.0988E-10 1.0912E-10 1.0835E-10 1.0757E-10 1.0680E-10 1.0601E-10 1.0523E-10 1.0444E-10 1.0364E-10 1.0285E-10 1.0205E-10 1.0125E-10 1.0044E-10 9.9633E-11 9.8823E-11 9.8011E-11 9.7197E-11 9.6381E-11 9.5563E-11 9.4744E-11 9.3924E-11 9.3102E-11 9.2280E-11 9.1457E-11 9.0633E-11 8.9809E-11 8.8985E-11 8.8161E-11 8.7337E-11 8.6513E-11 8.5689E-11 8.4866E-11 8.4044E-11 8.3223E-11
1.2440E-10 1.2380E-10 1.2319E-10 1.2257E-10 1.2195E-10 1.2131E-10 1.2067E-10 1.2002E-10 1.1936E-10 1.1870E-10 1.1802E-10 1.1734E-10 1.1665E-10 1.1596E-10 1.1526E-10 1.1455E-10 1.1384E-10 1.1312E-10 1.1240E-10 1.1166E-10 1.1093E-10 1.1019E-10 1.0944E-10 1.0869E-10 1.0793E-10 1.0717E-10 1.0640E-10 1.0564E-10 1.0486E-10 1.0408E-10 1.0330E-10 1.0252E-10 1.0173E-10 1.0094E-10 1.0015E-10 9.9351E-11 9.8552E-11 9.7751E-11 9.6948E-11 9.6143E-11 9.5336E-11 9.4528E-11 9.3718E-11 9.2907E-11 9.2095E-11 9.1281E-11 9.0468E-11 8.9653E-11 8.8838E-11 8.8023E-11 8.7208E-11 8.6393E-11 8.5579E-11 8.4764E-11 8.3950E-11 8.3137E-11 8.2325E-11
1.2303E-10 1.2243E-10 1.2183E-10 1.2122E-10 1.2060E-10 1.1997E-10 1.1934E-10 1.1870E-10 1.1804E-10 1.1739E-10 1.1672E-10 1.1605E-10 1.1537E-10 1.1468E-10 1.1399E-10 1.1329E-10 1.1259E-10 1.1188E-10 1.1116E-10 1.1044E-10 1.0971E-10 1.0898E-10 1.0824E-10 1.0749E-10 1.0675E-10 1.0599E-10 1.0524E-10 1.0448E-10 1.0371E-10 1.0294E-10 1.0217E-10 1.0140E-10 1.0062E-10 9.9836E-11 9.9051E-11 9.8264E-11 9.7474E-11 9.6682E-11 9.5888E-11 9.5092E-11 9.4295E-11 9.3495E-11 9.2694E-11 9.1893E-11 9.1090E-11 9.0286E-11 8.9481E-11 8.8676E-11 8.7870E-11 8.7064E-11 8.6258E-11 8.5452E-11 8.4647E-11 8.3842E-11 8.3037E-11 8.2233E-11 8.1430E-11
1.2165E-10 1.2107E-10 1.2047E-10 1.1987E-10 1.1926E-10 1.1864E-10 1.1801E-10 1.1737E-10 1.1673E-10 1.1608E-10 1.1542E-10 1.1476E-10 1.1409E-10 1.1341E-10 1.1273E-10 1.1203E-10 1.1134E-10 1.1064E-10 1.0993E-10 1.0921E-10 1.0849E-10 1.0777E-10 1.0704E-10 1.0630E-10 1.0556E-10 1.0482E-10 1.0407E-10 1.0332E-10 1.0257E-10 1.0181E-10 1.0104E-10 1.0028E-10 9.9506E-11 9.8733E-11 9.7958E-11 9.7180E-11 9.6399E-11 9.5616E-11 9.4831E-11 9.4044E-11 9.3256E-11 9.2466E-11 9.1674E-11 9.0881E-11 9.0087E-11 8.9292E-11 8.8497E-11 8.7701E-11 8.6904E-11 8.6108E-11 8.5311E-11 8.4514E-11 8.3718E-11 8.2922E-11 8.2126E-11 8.1331E-11 8.0537E-11
1.2029E-10 1.1971E-10 1.1912E-10 1.1852E-10 1.1792E-10 1.1731E-10 1.1669E-10 1.1606E-10 1.1542E-10 1.1478E-10 1.1413E-10 1.1347E-10 1.1281E-10 1.1214E-10 1.1146E-10 1.1078E-10 1.1009E-10 1.0940E-10 1.0870E-10 1.0799E-10 1.0728E-10 1.0656E-10 1.0584E-10 1.0512E-10 1.0439E-10 1.0365E-10 1.0291E-10 1.0217E-10 1.0142E-10 1.0067E-10 9.9916E-11 9.9159E-11 9.8398E-11 9.7634E-11 9.6868E-11 9.6099E-11 9.5327E-11 9.4553E-11 9.3777E-11 9.3000E-11 9.2220E-11 9.1439E-11 9.0656E-11 8.9873E-11 8.9088E-11 8.8302E-11 8.7516E-11 8.6729E-11 8.5942E-11 8.5154E-11 8.4366E-11 8.3579E-11 8.2791E-11 8.2004E-11 8.1218E-11 8.0432E-11 7.9647E-11
1.1892E-10 1.1835E-10 1.1777E-10 1.1718E-10 1.1658E-10 1.1598E-10 1.1536E-10 1.1474E-10 1.1412E-10 1.1348E-10 1.1284E-10 1.1219E-10 1.1154E-10 1.1087E-10 1.1020E-10 1.0953E-10 1.0885E-10 1.0816E-10 1.0747E-10 1.0677E-10 1.0607E-10 1.0536E-10 1.0465E-10 1.0393E-10 1.0321E-10 1.0248E-10 1.0175E-10 1.0102E-10 1.0028E-10 9.9539E-11 9.8794E-11 9.8045E-11 9.7293E-11 9.6539E-11 9.5781E-11 9.5021E-11 9.4258E-11 9.3494E-11 9.2727E-11 9.1958E-11 9.1187E-11 9.0416E-11 8.9642E-11 8.8868E-11 8.8092E-11 8.7315E-11 8.6538E-11 8.5760E-11 8.4982E-11 8.4204E-11 8.3425E-11 8.2647E-11 8.1868E-11 8.1090E-11 8.0313E-11 7.9536E-11 7.8760E-11
1.1756E-10 1.1700E-10 1.1642E-10 1.1584E-10 1.1525E-10 1.1465E-10 1.1405E-10 1.1343E-10 1.1281E-10 1.1219E-10 1.1155E-10 1.1091E-10 1.1026E-10 1.0961E-10 1.0895E-10 1.0828E-10 1.0761E-10 1.0693E-10 1.0625E-10 1.0556E-10 1.0487E-10 1.0417E-10 1.0346E-10 1.0275E-10 1.0204E-10 1.0132E-10 1.0060E-10 9.9874E-11 9.9145E-11 9.8412E-11 9.7675E-11 9.6935E-11 9.6192E-11 9.5446E-11 9.4698E-11 9.3947E-11 9.3193E-11 9.2437E-11 9.1679E-11 9.0920E-11 9.0158E-11 8.9396E-11 8.8631E-11 8.7866E-11 8.7099E-11 8.6332E-11 8.5564E-11 8.4795E-11 8.4026E-11 8.3256E-11 8.2487E-11 8.1718E-11 8.0948E-11 8.0180E-11 7.9411E-11 7.8644E-11 7.7877E-11
1.1621E-10 1.1565E-10 1.1508E-10 1.1451E-10 1.1392E-10 1.1333E-10 1.1274E-10 1.1213E-10 1.1152E-10 1.1090E-10 1.1027E-10 1.0964E-10 1.0900E-10 1.0835E-10 1.0770E-10 1.0704E-10 1.0638E-10 1.0571E-10 1.0503E-10 1.0435E-10 1.0366E-10 1.0297E-10 1.0228E-10 1.0158E-10 1.0087E-10 1.0016E-10 9.9450E-11 9.8733E-11 9.8012E-11 9.7288E-11 9.6560E-11 9.5829E-11 9.5095E-11 9.4358E-11 9.3618E-11 9.2876E-11 9.2131E-11 9.1385E-11 9.0636E-11 8.9885E-11 8.9133E-11 8.8379E-11 8.7624E-11 8.6868E-11 8.6110E-11 8.5352E-11 8.4593E-11 8.3833E-11 8.3073E-11 8.2313E-11 8.1552E-11 8.0792E-11 8.0032E-11 7.9272E-11 7.8513E-11 7.7754E-11 7.6996E-11
1.1486E-10 1.1430E-10 1.1374E-10 1.1318E-10 1.1260E-10 1.1202E-10 1.1143E-10 1.1083E-10 1.1022E-10 1.0961E-10 1.0899E-10 1.0837E-10 1.0774E-10 1.0710E-10 1.0645E-10 1.0580E-10 1.0515E-10 1.0448E-10 1.0382E-10 1.0314E-10 1.0247E-10 1.0178E-10 1.0110E-10 1.0041E-10 9.9709E-11 9.9009E-11 9.8304E-11 9.7596E-11 9.6884E-11 9.6168E-11 9.5449E-11 9.4727E-11 9.4002E-11 9.3273E-11 9.2543E-11 9.1809E-11 9.1074E-11 9.0336E-11 8.9596E-11 8.8855E-11 8.8111E-11 8.7366E-11 8.6620E-11 8.5873E-11 8.5125E-11 8.4375E-11 8.3625E-11 8.2875E-11 8.2124E-11 8.1373E-11 8.0621E-11 7.9870E-11 7.9119E-11 7.8368E-11 7.7618E-11 7.6869E-11 7.6120E-11
1.1351E-10 1.1297E-10 1.1241E-10 1.1185E-10 1.1128E-10 1.1071E-10 1.1012E-10 1.0953E-10 1.0894E-10 1.0833E-10 1.0772E-10 1.0710E-10 1.0648E-10 1.0585E-10 1.0521E-10 1.0457E-10 1.0392E-10 1.0327E-10 1.0261E-10 1.0194E-10 1.0127E-10 1.0060E-10 9.9921E-11 9.9238E-11 9.8550E-11 9.7858E-11 9.7162E-11 9.6463E-11 9.5759E-11 9.5052E-11 9.4342E-11 9.3629E-11 9.2912E-11 9.2193E-11 9.1471E-11 9.0747E-11 9.0020E-11 8.9291E-11 8.8561E-11 8.7828E-11 8.7094E-11 8.6358E-11 8.5621E-11 8.4882E-11 8.4143E-11 8.3403E-11 8.2662E-11 8.1920E-11 8.1179E-11 8.0436E-11 7.9694E-11 7.8952E-11 7.8210E-11 7.7468E-11 7.6727E-11 7.5986E-11 7.5246E-11
1.1217E-10 1.1163E-10 1.1109E-10 1.1053E-10 1.0997E-10 1.0940E-10 1.0883E-10 1.0824E-10 1.0765E-10 1.0706E-10 1.0645E-10 1.0584E-10 1.0523E-10 1.0460E-10 1.0397E-10 1.0334E-10 1.0270E-10 1.0205E-10 1.0140E-10 1.0075E-10 1.0009E-10 9.9421E-11 9.8750E-11 9.8075E-11 9.7396E-11 9.6713E-11 9.6025E-11 9.5334E-11 9.4639E-11 9.3941E-11 9.3240E-11 9.2535E-11 9.1827E-11 9.1117E-11 9.0404E-11 8.9689E-11 8.8971E-11 8.8251E-11 8.7529E-11 8.6805E-11 8.6080E-11 8.5353E-11 8.4625E-11 8.3896E-11 8.3165E-11 8.2434E-11 8.1702E-11 8.0970E-11 8.0237E-11 7.9504E-11 7.8771E-11 7.8037E-11 7.7304E-11 7.6572E-11 7.5839E-11 7.5108E-11 7.4377E-11
1.1083E-10 1.1030E-10 1.0976E-10 1.0922E-10 1.0866E-10 1.0810E-10 1.0753E-10 1.0696E-10 1.0637E-10 1.0579E-10 1.0519E-10 1.0459E-10 1.0398E-10 1.0336E-10 1.0274E-10 1.0212E-10 1.0148E-10 1.0085E-10 1.0020E-10 9.9556E-11 9.8903E-11 9.8246E-11 9.7584E-11 9.6917E-11 9.6246E-11 9.5572E-11 9.4893E-11 9.4210E-11 9.3524E-11 9.2835E-11 9.2142E-11 9.1446E-11 9.0747E-11 9.0046E-11 8.9341E-11 8.8635E-11 8.7926E-11 8.7215E-11 8.6502E-11 8.5787E-11 8.5071E-11 8.4353E-11 8.3634E-11 8.2913E-11 8.2192E-11 8.1470E-11 8.0747E-11 8.0024E-11 7.9300E-11 7.8576E-11 7.7851E-11 7.7127E-11 7.6403E-11 7.5679E-11 7.4956E-11 7.4233E-11 7.3511E-11
1.0951E-10 1.0898E-10 1.0845E-10 1.0791E-10 1.0736E-10 1.0681E-10 1.0625E-10 1.0568E-10 1.0510E-10 1.0452E-10 1.0393E-10 1.0334E-10 1.0274E-10 1.0213E-10 1.0152E-10 1.0090E-10 1.0027E-10 9.9644E-11 9.9010E-11 9.8370E-11 9.7725E-11 9.7076E-11 9.6422E-11 9.5764E-11 9.5102E-11 9.4436E-11 9.3765E-11 9.3091E-11 9.2414E-11 9.1733E-11 9.1049E-11 9.0362E-11 8.9672E-11 8.8979E-11 8.8283E-11 8.7586E-11 8.6886E-11 8.6183E-11 8.5479E-11 8.4773E-11 8.4066E-11 8.3357E-11 8.2647E-11 8.1936E-11 8.1223E-11 8.0510E-11 7.9796E-11 7.9081E-11 7.8367E-11 7.7651E-11 7.6936E-11 7.6221E-11 7.5506E-11 7.4791E-11 7.4076E-11 7.3363E-11 7.2650E-11
1.0818E-10 1.0766E-10 1.0714E-10 1.0661E-10 1.0607E-10 1.0552E-10 1.0496E-10 1.0440E-10 1.0384E-10 1.0326E-10 1.0268E-10 1.0209E-10 1.0150E-10 1.0090E-10 1.0030E-10 9.9685E-11 9.9068E-11 9.8447E-11 9.7821E-11 9.7189E-11 9.6553E-11 9.5912E-11 9.5266E-11 9.4617E-11 9.3963E-11 9.3305E-11 9.2643E-11 9.1977E-11 9.1308E-11 9.0636E-11 8.9961E-11 8.9282E-11 8.8601E-11 8.7917E-11 8.7230E-11 8.6541E-11 8.5850E-11 8.5157E-11 8.4461E-11 8.3764E-11 8.3066E-11 8.2366E-11 8.1665E-11 8.0962E-11 8.0259E-11 7.9554E-11 7.8849E-11 7.8144E-11 7.7438E-11 7.6732E-11 7.6025E-11 7.5319E-11 7.4613E-11 7.3907E-11 7.3201E-11 7.2496E-11 7.1792E-11
1.0687E-10 1.0635E-10 1.0584E-10 1.0531E-10 1.0478E-10 1.0424E-10 1.0369E-10 1.0314E-10 1.0257E-10 1.0201E-10 1.0143E-10 1.0085E-10 1.0027E-10 9.9677E-11 9.9080E-11 9.8477E-11 9.7869E-11 9.7256E-11 9.6637E-11 9.6014E-11 9.5385E-11 9.4753E-11 9.4115E-11 9.3474E-11 9.2829E-11 9.2179E-11 9.1526E-11 9.0869E-11 9.0208E-11 8.9545E-11 8.8878E-11 8.8208E-11 8.7535E-11 8.6860E-11 8.6182E-11 8.5502E-11 8.4819E-11 8.4135E-11 8.3448E-11 8.2760E-11 8.2071E-11 8.1379E-11 8.0687E-11 7.9993E-11 7.9299E-11 7.8603E-11 7.7907E-11 7.7211E-11 7.6513E-11 7.5816E-11 7.5119E-11 7.4421E-11 7.3724E-11 7.3027E-11 7.2330E-11 7.1634E-11 7.0939E-11
1.0555E-10 1.0505E-10 1.0454E-10 1.0402E-10 1.0349E-10 1.0296E-10 1.0242E-10 1.0187E-10 1.0132E-10 1.0076E-10 1.0019E-10 9.9622E-11 9.9044E-11 9.8460E-11 9.7871E-11 9.7276E-11 9.6675E-11 9.6070E-11 9.5459E-11 9.4844E-11 9.4224E-11 9.3599E-11 9.2970E-11 9.2337E-11 9.1700E-11 9.1059E-11 9.0414E-11 8.9765E-11 8.9114E-11 8.8458E-11 8.7800E-11 8.7139E-11 8.6475E-11 8.5808E-11 8.5139E-11 8.4467E-11 8.3794E-11 8.3118E-11 8.2440E-11 8.1761E-11 8.1080E-11 8.0398E-11 7.9714E-11 7.9029E-11 7.8344E-11 7.7657E-11 7.6970E-11 7.6282E-11 7.5594E-11 7.4905E-11 7.4217E-11 7.3528E-11 7.2839E-11 7.2151E-11 7.1463E-11 7.0776E-11 7.0089E-11
1.0425E-10 1.0375E-10 1.0325E-10 1.0274E-10 1.0222E-10 1.0169E-10 1.0116E-10 1.0062E-10 1.0007E-10 9.9519E-11 9.8960E-11 9.8396E-11 9.7825E-11 9.7249E-11 9.6667E-11 9.6080E-11 9.5488E-11 9.4890E-11 9.4288E-11 9.3680E-11 9.3068E-11 9.2452E-11 9.1831E-11 9.1206E-11 9.0577E-11 8.9944E-11 8.9308E-11 8.8668E-11 8.8024E-11 8.7378E-11 8.6728E-11 8.6075E-11 8.5420E-11 8.4762E-11 8.4101E-11 8.3438E-11 8.2773E-11 8.2106E-11 8.1437E-11 8.0767E-11 8.0095E-11 7.9421E-11 7.8746E-11 7.8070E-11 7.7393E-11 7.6716E-11 7.6037E-11 7.5358E-11 7.4679E-11 7.3999E-11 7.3319E-11 7.2639E-11 7.1960E-11 7.1280E-11 7.0601E-11 6.9923E-11 6.9245E-11
1.0295E-10 1.0246E-10 1.0196E-10 1.0146E-10 1.0095E-10 1.0043E-10 9.9900E-11 9.9368E-11 9.8829E-11 9.8284E-11 9.7733E-11 9.7176E-11 9.6613E-11 9.6044E-11 9.5470E-11 9.4891E-11 9.4306E-11 9.3716E-11 9.3122E-11 9.2523E-11 9.1919E-11 9.1310E-11 9.0698E-11 9.0081E-11 8.9460E-11 8.8836E-11 8.8207E-11 8.7576E-11 8.6941E-11 8.6302E-11 8.5661E-11 8.5017E-11 8.4370E-11 8.3721E-11 8.3069E-11 8.2414E-11 8.1758E-11 8.1100E-11 8.0440E-11 7.9778E-11 7.9114E-11 7.8449E-11 7.7783E-11 7.7116E-11 7.6448E-11 7.5779E-11 7.5109E-11 7.4439E-11 7.3768E-11 7.3098E-11 7.2426E-11 7.1755E-11 7.1084E-11 7.0414E-11 6.9743E-11 6.9074E-11 6.8404E-11
