Assets/Resources/2015_m01_d15_1200(utc+0800)_l00_csi_1hr_conc.grd
DSAA
         159         159
     -79.000      79.000
     -79.000      79.000
  0.0000E+00  0.6258E-05
[rows 50 to 74 of 159, columns 57 to 113 of 159]
1.5380E-09 1.5901E-09 1.6433E-09 1.6978E-09 1.7552E-09 1.8178E-09 1.8817E-09 1.9461E-09 2.0115E-09 2.0774E-09 2.1458E-09 2.2167E-09 2.2861E-09 2.3559E-09 2.4258E-09 2.4967E-09 2.5686E-09 2.6372E-09 2.7061E-09 2.7775E-09 2.8522E-09 2.9234E-09 2.9955E-09 3.0918E-09 3.1724E-09 3.2712E-09 3.3456E-09 3.4318E-09 3.5285E-09 3.6217E-09 3.7273E-09 3.8330E-09 3.9374E-09 4.0487E-09 4.1608E-09 4.3376E-09 4.4570E-09 4.5569E-09 4.6504E-09 4.7469E-09 4.8301E-09 4.9198E-09 4.9961E-09 5.0720E-09 5.1464E-09 5.2133E-09 5.2685E-09 5.3153E-09 5.3514E-09 5.3844E-09 5.4092E-09 5.4260E-09 5.4287E-09 5.4230E-09 5.4151E-09 5.4025E-09 5.3782E-09
1.5518E-09 1.6054E-09 1.6615E-09 1.7219E-09 1.7861E-09 1.8508E-09 1.9171E-09 1.9841E-09 2.0530E-09 2.1261E-09 2.1996E-09 2.2733E-09 2.3477E-09 2.4225E-09 2.5001E-09 2.5765E-09 2.6510E-09 2.7243E-09 2.7985E-09 2.8770E-09 2.9539E-09 3.0281E-09 3.1457E-09 3.2303E-09 3.3374E-09 3.4235E-09 3.5274E-09 3.6323E-09 3.7330E-09 3.8495E-09 3.9686E-09 4.0940E-09 4.2179E-09 4.3407E-09 4.5402E-09 4.6694E-09 4.7863E-09 4.9063E-09 5.0206E-09 5.1316E-09 5.2293E-09 5.3211E-09 5.4092E-09 5.4874E-09 5.5740E-09 5.6534E-09 5.7230E-09 5.7841E-09 5.8356E-09 5.8748E-09 5.8945E-09 5.9101E-09 5.9192E-09 5.9164E-09 5.9050E-09 5.8736E-09 5.8473E-09
1.5672E-09 1.6242E-09 1.6859E-09 1.7521E-09 1.8182E-09 1.8856E-09 1.9551E-09 2.0281E-09 2.1047E-09 2.1810E-09 2.2590E-09 2.3382E-09 2.4196E-09 2.5030E-09 2.5843E-09 2.6652E-09 2.7452E-09 2.8271E-09 2.9069E-09 2.9889E-09 3.0735E-09 3.2010E-09 3.3037E-09 3.4129E-09 3.5147E-09 3.6315E-09 3.7488E-09 3.8677E-09 3.9879E-09 4.1124E-09 4.2603E-09 4.3973E-09 4.5351E-09 4.7433E-09 4.8933E-09 5.0293E-09 5.1653E-09 5.3002E-09 5.4328E-09 5.5616E-09 5.6873E-09 5.7961E-09 5.9059E-09 6.0066E-09 6.1081E-09 6.1956E-09 6.2694E-09 6.3348E-09 6.3942E-09 6.4410E-09 6.4739E-09 6.4911E-09 6.4949E-09 6.4818E-09 6.4643E-09 6.4353E-09 6.3961E-09
1.5863E-09 1.6498E-09 1.7160E-09 1.7832E-09 1.8522E-09 1.9242E-09 2.0012E-09 2.0800E-09 2.1602E-09 2.2426E-09 2.3267E-09 2.4148E-09 2.5031E-09 2.5909E-09 2.6795E-09 2.7691E-09 2.8602E-09 2.9477E-09 3.0343E-09 3.1319E-09 3.2721E-09 3.3891E-09 3.5240E-09 3.6417E-09 3.7881E-09 3.9145E-09 4.0503E-09 4.1831E-09 4.3246E-09 4.4692E-09 4.6197E-09 4.7624E-09 4.9805E-09 5.1543E-09 5.3034E-09 5.4523E-09 5.6097E-09 5.7660E-09 5.9239E-09 6.0779E-09 6.2176E-09 6.3603E-09 6.4890E-09 6.6059E-09 6.7244E-09 6.8247E-09 6.9173E-09 6.9923E-09 7.0555E-09 7.0926E-09 7.1282E-09 7.1479E-09 7.1493E-09 7.1394E-09 7.1023E-09 7.0639E-09 7.0128E-09
1.6124E-09 1.6782E-09 1.7461E-09 1.8168E-09 1.8920E-09 1.9717E-09 2.0527E-09 2.1367E-09 2.2234E-09 2.3137E-09 2.4074E-09 2.5010E-09 2.5967E-09 2.6939E-09 2.7944E-09 2.8936E-09 2.9948E-09 3.0984E-09 3.2081E-09 3.3595E-09 3.4865E-09 3.6503E-09 3.8012E-09 3.9744E-09 4.1100E-09 4.2694E-09 4.4149E-09 4.5657E-09 4.7270E-09 4.8830E-09 5.0509E-09 5.2911E-09 5.4835E-09 5.6482E-09 5.8218E-09 5.9873E-09 6.1647E-09 6.3405E-09 6.5139E-09 6.6877E-09 6.8454E-09 7.0018E-09 7.1521E-09 7.2980E-09 7.4301E-09 7.5435E-09 7.6446E-09 7.7265E-09 7.7917E-09 7.8431E-09 7.8777E-09 7.8819E-09 7.8847E-09 7.8696E-09 7.8430E-09 7.8031E-09 7.7408E-09
1.6386E-09 1.7070E-09 1.7791E-09 1.8572E-09 1.9383E-09 2.0223E-09 2.1098E-09 2.2008E-09 2.2971E-09 2.3962E-09 2.4982E-09 2.6030E-09 2.7104E-09 2.8206E-09 2.9332E-09 3.0504E-09 3.1778E-09 3.3067E-09 3.4528E-09 3.6115E-09 3.7951E-09 3.9600E-09 4.1597E-09 4.3219E-09 4.4926E-09 4.6538E-09 4.8331E-09 5.0105E-09 5.1871E-09 5.3695E-09 5.6358E-09 5.8589E-09 6.0561E-09 6.2508E-09 6.4536E-09 6.6480E-09 6.8446E-09 7.0316E-09 7.2234E-09 7.4029E-09 7.5770E-09 7.7434E-09 7.9043E-09 8.0672E-09 8.2137E-09 8.3431E-09 8.4540E-09 8.5416E-09 8.6147E-09 8.6741E-09 8.7118E-09 8.7413E-09 8.7533E-09 8.7353E-09 8.7145E-09 8.6793E-09 8.6265E-09
1.6659E-09 1.7400E-09 1.8196E-09 1.9019E-09 1.9884E-09 2.0792E-09 2.1751E-09 2.2762E-09 2.3815E-09 2.4916E-09 2.6049E-09 2.7242E-09 2.8476E-09 2.9756E-09 3.1180E-09 3.2717E-09 3.4190E-09 3.5642E-09 3.7532E-09 3.9272E-09 4.1270E-09 4.3453E-09 4.5317E-09 4.7238E-09 4.9087E-09 5.1075E-09 5.3145E-09 5.5063E-09 5.7192E-09 5.9828E-09 6.2593E-09 6.4877E-09 6.7163E-09 6.9486E-09 7.1779E-09 7.4019E-09 7.6288E-09 7.8333E-09 8.0413E-09 8.2284E-09 8.4022E-09 8.5783E-09 8.7497E-09 8.9199E-09 9.0791E-09 9.2258E-09 9.3588E-09 9.4742E-09 9.5641E-09 9.6427E-09 9.6978E-09 9.7331E-09 9.7461E-09 9.7401E-09 9.7048E-09 9.6455E-09 9.5651E-09
1.6975E-09 1.7782E-09 1.8621E-09 1.9508E-09 2.0444E-09 2.1439E-09 2.2498E-09 2.3618E-09 2.4793E-09 2.6029E-09 2.7317E-09 2.8622E-09 3.0150E-09 3.1832E-09 3.3569E-09 3.5247E-09 3.6866E-09 3.8912E-09 4.0742E-09 4.2899E-09 4.5169E-09 4.7416E-09 4.9613E-09 5.1656E-09 5.3899E-09 5.6320E-09 5.8591E-09 6.1002E-09 6.3443E-09 6.6591E-09 6.9415E-09 7.1998E-09 7.4543E-09 7.7150E-09 7.9751E-09 8.2325E-09 8.4853E-09 8.7182E-09 8.9391E-09 9.1518E-09 9.3460E-09 9.5298E-09 9.7151E-09 9.9039E-09 1.0084E-08 1.0250E-08 1.0401E-08 1.0532E-08 1.0639E-08 1.0718E-08 1.0767E-08 1.0789E-08 1.0783E-08 1.0750E-08 1.0693E-08 1.0609E-08 1.0502E-08
1.7339E-09 1.8188E-09 1.9092E-09 2.0051E-09 2.1087E-09 2.2181E-09 2.3358E-09 2.4587E-09 2.5922E-09 2.7309E-09 2.8738E-09 3.0451E-09 3.2372E-09 3.4361E-09 3.6169E-09 3.8133E-09 4.0161E-09 4.2149E-09 4.4436E-09 4.7204E-09 4.9662E-09 5.1958E-09 5.4551E-09 5.7155E-09 5.9773E-09 6.2467E-09 6.5167E-09 6.7927E-09 7.1312E-09 7.4412E-09 7.7263E-09 8.0126E-09 8.2936E-09 8.5776E-09 8.8642E-09 9.1472E-09 9.4237E-09 9.6962E-09 9.9563E-09 1.0195E-08 1.0412E-08 1.0638E-08 1.0842E-08 1.1033E-08 1.1211E-08 1.1373E-08 1.1514E-08 1.1631E-08 1.1723E-08 1.1785E-08 1.1814E-08 1.1811E-08 1.1778E-08 1.1718E-08 1.1629E-08 1.1517E-08 1.1376E-08
1.7722E-09 1.8637E-09 1.9622E-09 2.0682E-09 2.1804E-09 2.3007E-09 2.4320E-09 2.5708E-09 2.7195E-09 2.8765E-09 3.0703E-09 3.2801E-09 3.4979E-09 3.6967E-09 3.9287E-09 4.1501E-09 4.3695E-09 4.6118E-09 4.9341E-09 5.2048E-09 5.4700E-09 5.7613E-09 6.0590E-09 6.3629E-09 6.6665E-09 6.9732E-09 7.2724E-09 7.6282E-09 7.9866E-09 8.3037E-09 8.6224E-09 8.9396E-09 9.2535E-09 9.5704E-09 9.8880E-09 1.0205E-08 1.0512E-08 1.0806E-08 1.1087E-08 1.1354E-08 1.1599E-08 1.1830E-08 1.2027E-08 1.2219E-08 1.2359E-08 1.2492E-08 1.2603E-08 1.2691E-08 1.2750E-08 1.2787E-08 1.2791E-08 1.2761E-08 1.2699E-08 1.2608E-08 1.2491E-08 1.2345E-08 1.2179E-08
1.8142E-09 1.9146E-09 2.0214E-09 2.1365E-09 2.2602E-09 2.3928E-09 2.5390E-09 2.6944E-09 2.8647E-09 3.0767E-09 3.3043E-09 3.5404E-09 3.7706E-09 4.0249E-09 4.2605E-09 4.5165E-09 4.7954E-09 5.1309E-09 5.4340E-09 5.7462E-09 6.0781E-09 6.4139E-09 6.7602E-09 7.1053E-09 7.4393E-09 7.7916E-09 8.1670E-09 8.5798E-09 8.9446E-09 9.3026E-09 9.6630E-09 1.0021E-08 1.0367E-08 1.0712E-08 1.1058E-08 1.1391E-08 1.1707E-08 1.2003E-08 1.2277E-08 1.2534E-08 1.2778E-08 1.2992E-08 1.3183E-08 1.3344E-08 1.3465E-08 1.3562E-08 1.3631E-08 1.3674E-08 1.3701E-08 1.3695E-08 1.3670E-08 1.3613E-08 1.3522E-08 1.3403E-08 1.3254E-08 1.3081E-08 1.2884E-08
1.8617E-09 1.9694E-09 2.0862E-09 2.2124E-09 2.3495E-09 2.4938E-09 2.6553E-09 2.8337E-09 3.0660E-09 3.2924E-09 3.5463E-09 3.8265E-09 4.0921E-09 4.3614E-09 4.6563E-09 4.9647E-09 5.3156E-09 5.6722E-09 6.0280E-09 6.3898E-09 6.7626E-09 7.1525E-09 7.5491E-09 7.9532E-09 8.3514E-09 8.8033E-09 9.2506E-09 9.6578E-09 1.0063E-08 1.0466E-08 1.0861E-08 1.1248E-08 1.1611E-08 1.1961E-08 1.2306E-08 1.2631E-08 1.2931E-08 1.3204E-08 1.3455E-08 1.3689E-08 1.3905E-08 1.4098E-08 1.4254E-08 1.4392E-08 1.4480E-08 1.4551E-08 1.4573E-08 1.4569E-08 1.4550E-08 1.4508E-08 1.4436E-08 1.4350E-08 1.4233E-08 1.4084E-08 1.3911E-08 1.3710E-08 1.3487E-08
1.9123E-09 2.0297E-09 2.1574E-09 2.2968E-09 2.4448E-09 2.6107E-09 2.7971E-09 3.0150E-09 3.2745E-09 3.5509E-09 3.8605E-09 4.1363E-09 4.4456E-09 4.7761E-09 5.1074E-09 5.4951E-09 5.8998E-09 6.2959E-09 6.7093E-09 7.1366E-09 7.5781E-09 8.0334E-09 8.4920E-09 8.9673E-09 9.4906E-09 9.9672E-09 1.0427E-08 1.0879E-08 1.1321E-08 1.1750E-08 1.2163E-08 1.2558E-08 1.2921E-08 1.3254E-08 1.3581E-08 1.3878E-08 1.4144E-08 1.4380E-08 1.4594E-08 1.4791E-08 1.4967E-08 1.5117E-08 1.5239E-08 1.5333E-08 1.5390E-08 1.5421E-08 1.5414E-08 1.5364E-08 1.5298E-08 1.5201E-08 1.5100E-08 1.4965E-08 1.4821E-08 1.4650E-08 1.4449E-08 1.4226E-08 1.3982E-08
1.9675E-09 2.0954E-09 2.2368E-09 2.3862E-09 2.5488E-09 2.7405E-09 2.9691E-09 3.2375E-09 3.5207E-09 3.8562E-09 4.1592E-09 4.5008E-09 4.8529E-09 5.2241E-09 5.6359E-09 6.0984E-09 6.5455E-09 7.0640E-09 7.6119E-09 8.1223E-09 8.6966E-09 9.2235E-09 9.7972E-09 1.0364E-08 1.0881E-08 1.1341E-08 1.1785E-08 1.2213E-08 1.2678E-08 1.3118E-08 1.3532E-08 1.3918E-08 1.4264E-08 1.4568E-08 1.4855E-08 1.5110E-08 1.5326E-08 1.5514E-08 1.5681E-08 1.5828E-08 1.5951E-08 1.6047E-08 1.6118E-08 1.6162E-08 1.6180E-08 1.6169E-08 1.6118E-08 1.6049E-08 1.5926E-08 1.5800E-08 1.5638E-08 1.5475E-08 1.5289E-08 1.5094E-08 1.4873E-08 1.4631E-08 1.4366E-08
2.0279E-09 2.1682E-09 2.3187E-09 2.4819E-09 2.6703E-09 2.8841E-09 3.1555E-09 3.4814E-09 3.8250E-09 4.1459E-09 4.5116E-09 4.8939E-09 5.3087E-09 5.7657E-09 6.3173E-09 6.8817E-09 7.4783E-09 8.0546E-09 8.6477E-09 9.2543E-09 9.8757E-09 1.0539E-08 1.1151E-08 1.1735E-08 1.2300E-08 1.2842E-08 1.3356E-08 1.3838E-08 1.4286E-08 1.4606E-08 1.4951E-08 1.5315E-08 1.5631E-08 1.5889E-08 1.6120E-08 1.6316E-08 1.6474E-08 1.6602E-08 1.6710E-08 1.6795E-08 1.6854E-08 1.6888E-08 1.6900E-08 1.6888E-08 1.6852E-08 1.6792E-08 1.6707E-08 1.6592E-08 1.6456E-08 1.6260E-08 1.6083E-08 1.5869E-08 1.5650E-08 1.5423E-08 1.5186E-08 1.4925E-08 1.4648E-08
2.0927E-09 2.2427E-09 2.4046E-09 2.5933E-09 2.8073E-09 3.0843E-09 3.4140E-09 3.7642E-09 4.1118E-09 4.4952E-09 4.8997E-09 5.3526E-09 5.8981E-09 6.5524E-09 7.1409E-09 7.7645E-09 8.4185E-09 9.0989E-09 9.7916E-09 1.0533E-08 1.1271E-08 1.1958E-08 1.2626E-08 1.3264E-08 1.3869E-08 1.4439E-08 1.4966E-08 1.5447E-08 1.5879E-08 1.6264E-08 1.6602E-08 1.6738E-08 1.7014E-08 1.7212E-08 1.7370E-08 1.7497E-08 1.7584E-08 1.7645E-08 1.7681E-08 1.7692E-08 1.7679E-08 1.7644E-08 1.7589E-08 1.7514E-08 1.7420E-08 1.7307E-08 1.7174E-08 1.7021E-08 1.6843E-08 1.6646E-08 1.6403E-08 1.6165E-08 1.5920E-08 1.5648E-08 1.5392E-08 1.5120E-08 1.4829E-08
2.1587E-09 2.3217E-09 2.5046E-09 2.7096E-09 2.9946E-09 3.3050E-09 3.6609E-09 4.0439E-09 4.4318E-09 4.8621E-09 5.3469E-09 5.9944E-09 6.6483E-09 7.2975E-09 7.9974E-09 8.7341E-09 9.5036E-09 1.0306E-08 1.1159E-08 1.1975E-08 1.2769E-08 1.3536E-08 1.4270E-08 1.4958E-08 1.5596E-08 1.6183E-08 1.6710E-08 1.7175E-08 1.7577E-08 1.7916E-08 1.8197E-08 1.8422E-08 1.8596E-08 1.8596E-08 1.8609E-08 1.8655E-08 1.8664E-08 1.8644E-08 1.8599E-08 1.8527E-08 1.8433E-08 1.8322E-08 1.8195E-08 1.8051E-08 1.7895E-08 1.7724E-08 1.7540E-08 1.7343E-08 1.7129E-08 1.6898E-08 1.6636E-08 1.6367E-08 1.6072E-08 1.5809E-08 1.5504E-08 1.5221E-08 1.4920E-08
2.2310E-09 2.4072E-09 2.6067E-09 2.8695E-09 3.1881E-09 3.5465E-09 3.9405E-09 4.3345E-09 4.7854E-09 5.2933E-09 6.0240E-09 6.6791E-09 7.3852E-09 8.1490E-09 8.9645E-09 9.8261E-09 1.0751E-08 1.1707E-08 1.2633E-08 1.3553E-08 1.4447E-08 1.5297E-08 1.6096E-08 1.6829E-08 1.7491E-08 1.8084E-08 1.8598E-08 1.9034E-08 1.9407E-08 1.9700E-08 1.9921E-08 2.0079E-08 2.0168E-08 2.0167E-08 2.0098E-08 2.0014E-08 1.9856E-08 1.9721E-08 1.9521E-08 1.9307E-08 1.9127E-08 1.8931E-08 1.8726E-08 1.8510E-08 1.8286E-08 1.8056E-08 1.7819E-08 1.7574E-08 1.7321E-08 1.7052E-08 1.6783E-08 1.6459E-08 1.6179E-08 1.5853E-08 1.5550E-08 1.5238E-08 1.4934E-08
2.3033E-09 2.4960E-09 2.7614E-09 3.0608E-09 3.3916E-09 3.7948E-09 4.2069E-09 4.6747E-09 5.1940E-09 5.9500E-09 6.6298E-09 7.3891E-09 8.2160E-09 9.1044E-09 1.0054E-08 1.1102E-08 1.2161E-08 1.3220E-08 1.4280E-08 1.5322E-08 1.6325E-08 1.7262E-08 1.8125E-08 1.8923E-08 1.9625E-08 2.0236E-08 2.0763E-08 2.1184E-08 2.1503E-08 2.1737E-08 2.1878E-08 2.1934E-08 2.1908E-08 2.1784E-08 2.1575E-08 2.1352E-08 2.1106E-08 2.0835E-08 2.0543E-08 2.0239E-08 1.9929E-08 1.9579E-08 1.9235E-08 1.8902E-08 1.8608E-08 1.8314E-08 1.8021E-08 1.7728E-08 1.7434E-08 1.7135E-08 1.6828E-08 1.6515E-08 1.6172E-08 1.5844E-08 1.5525E-08 1.5186E-08 1.4875E-08
2.3767E-09 2.6334E-09 2.9007E-09 3.2537E-09 3.6429E-09 4.0550E-09 4.5312E-09 5.0471E-09 5.8119E-09 6.5138E-09 7.3029E-09 8.1780E-09 9.1343E-09 1.0179E-08 1.1326E-08 1.2493E-08 1.3689E-08 1.4903E-08 1.6128E-08 1.7333E-08 1.8480E-08 1.9550E-08 2.0525E-08 2.1383E-08 2.2125E-08 2.2754E-08 2.3252E-08 2.3619E-08 2.3861E-08 2.3987E-08 2.4008E-08 2.3931E-08 2.3765E-08 2.3501E-08 2.3138E-08 2.2755E-08 2.2362E-08 2.1945E-08 2.1515E-08 2.1078E-08 2.0645E-08 2.0218E-08 1.9799E-08 1.9390E-08 1.8995E-08 1.8584E-08 1.8160E-08 1.7817E-08 1.7479E-08 1.7147E-08 1.6810E-08 1.6469E-08 1.6107E-08 1.5776E-08 1.5420E-08 1.5099E-08 1.4755E-08
2.4863E-09 2.7585E-09 3.0816E-09 3.4620E-09 3.8726E-09 4.3554E-09 4.8564E-09 5.6190E-09 6.3315E-09 7.1357E-09 8.0382E-09 9.0425E-09 1.0165E-08 1.1407E-08 1.2708E-08 1.4072E-08 1.5484E-08 1.6919E-08 1.8333E-08 1.9704E-08 2.1002E-08 2.2174E-08 2.3213E-08 2.4108E-08 2.4839E-08 2.5431E-08 2.5871E-08 2.6160E-08 2.6306E-08 2.6321E-08 2.6216E-08 2.6003E-08 2.5688E-08 2.5279E-08 2.4753E-08 2.4200E-08 2.3649E-08 2.3077E-08 2.2499E-08 2.1923E-08 2.1357E-08 2.0808E-08 2.0278E-08 1.9769E-08 1.9283E-08 1.8821E-08 1.8382E-08 1.7961E-08 1.7561E-08 1.7127E-08 1.6739E-08 1.6365E-08 1.6020E-08 1.5632E-08 1.5279E-08 1.4935E-08 1.4590E-08
2.6350E-09 2.9560E-09 3.3213E-09 3.7229E-09 4.1934E-09 4.7229E-09 5.4708E-09 6.1805E-09 6.9831E-09 7.9114E-09 8.9555E-09 1.0133E-08 1.1445E-08 1.2871E-08 1.4388E-08 1.5979E-08 1.7596E-08 1.9203E-08 2.0763E-08 2.2247E-08 2.3623E-08 2.4850E-08 2.5918E-08 2.6819E-08 2.7536E-08 2.8088E-08 2.8473E-08 2.8687E-08 2.8742E-08 2.8652E-08 2.8430E-08 2.8086E-08 2.7626E-08 2.7064E-08 2.6382E-08 2.5654E-08 2.4941E-08 2.4212E-08 2.3482E-08 2.2762E-08 2.2060E-08 2.1383E-08 2.0737E-08 2.0125E-08 1.9545E-08 1.9001E-08 1.8489E-08 1.8008E-08 1.7553E-08 1.7123E-08 1.6712E-08 1.6310E-08 1.5854E-08 1.5451E-08 1.5107E-08 1.4729E-08 1.4394E-08
2.7895E-09 3.1272E-09 3.5462E-09 4.0013E-09 4.5244E-09 5.1671E-09 6.0144E-09 6.8551E-09 7.8127E-09 8.8965E-09 1.0178E-08 1.1521E-08 1.2993E-08 1.4584E-08 1.6288E-08 1.8036E-08 1.9788E-08 2.1510E-08 2.3166E-08 2.4721E-08 2.6152E-08 2.7416E-08 2.8502E-08 2.9409E-08 3.0117E-08 3.0638E-08 3.0975E-08 3.1127E-08 3.1106E-08 3.0924E-08 3.0596E-08 3.0128E-08 2.9527E-08 2.8815E-08 2.7985E-08 2.7090E-08 2.6211E-08 2.5327E-08 2.4445E-08 2.3580E-08 2.2742E-08 2.1937E-08 2.1175E-08 2.0456E-08 1.9785E-08 1.9154E-08 1.8571E-08 1.8025E-08 1.7516E-08 1.7041E-08 1.6594E-08 1.6168E-08 1.5744E-08 1.5334E-08 1.4941E-08 1.4492E-08 1.4160E-08
2.9316E-09 3.3152E-09 3.7639E-09 4.2534E-09 4.9653E-09 5.7743E-09 6.6680E-09 7.6731E-09 8.8044E-09 1.0118E-08 1.1530E-08 1.3066E-08 1.4713E-08 1.6451E-08 1.8210E-08 2.0048E-08 2.1910E-08 2.3723E-08 2.5453E-08 2.7068E-08 2.8540E-08 2.9834E-08 3.0931E-08 3.1835E-08 3.2530E-08 3.3027E-08 3.3329E-08 3.3433E-08 3.3348E-08 3.3088E-08 3.2670E-08 3.2087E-08 3.1353E-08 3.0497E-08 2.9528E-08 2.8476E-08 2.7433E-08 2.6398E-08 2.5368E-08 2.4361E-08 2.3388E-08 2.2461E-08 2.1581E-08 2.0760E-08 1.9993E-08 1.9283E-08 1.8624E-08 1.8016E-08 1.7456E-08 1.6934E-08 1.6450E-08 1.5994E-08 1.5545E-08 1.5126E-08 1.4712E-08 1.4330E-08 1.3957E-08
3.1008E-09 3.5030E-09 4.0419E-09 4.7403E-09 5.5103E-09 6.4068E-09 7.4441E-09 8.6419E-09 9.9887E-09 1.1437E-08 1.3015E-08 1.4712E-08 1.6504E-08 1.8367E-08 2.0230E-08 2.2109E-08 2.3972E-08 2.5863E-08 2.7657E-08 2.9323E-08 3.0836E-08 3.2153E-08 3.3252E-08 3.4137E-08 3.4818E-08 3.5262E-08 3.5527E-08 3.5569E-08 3.5438E-08 3.5123E-08 3.4620E-08 3.3928E-08 3.3068E-08 3.2081E-08 3.0986E-08 2.9782E-08 2.8582E-08 2.7401E-08 2.6232E-08 2.5088E-08 2.3988E-08 2.2939E-08 2.1952E-08 2.1026E-08 2.0171E-08 1.9380E-08 1.8650E-08 1.7983E-08 1.7369E-08 1.6806E-08 1.6285E-08 1.5799E-08 1.5332E-08 1.4888E-08 1.4460E-08 1.4069E-08 1.3691E-08
