Assets/Resources/2015_m01_d23_2000(utc+0800)_l00_csi_1hr_conc.grd
DSAA
         159         159
     -79.000      79.000
     -79.000      79.000
  0.0000E+00  0.2184E-04
[rows 25 to 49 of 159, columns 57 to 113 of 159]
0.0000E+00 0.0000E+00 0.0000E+00 0.0000E+00 0.0000E+00 0.0000E+00 0.0000E+00 0.0000E+00 0.0000E+00 0.0000E+00 0.0000E+00 0.0000E+00 0.0000E+00 0.0000E+00 0.0000E+00 0.0000E+00 0.0000E+00 0.0000E+00 0.0000E+00 0.0000E+00 0.0000E+00 5.6028E-12 1.3457E-11 4.1550E-11 6.1193E-11 8.8077E-11 1.2550E-10 1.6497E-10 2.0705E-10 2.4739E-10 2.9005E-10 3.3375E-10 3.8130E-10 4.3054E-10 4.7963E-10 5.3113E-10 5.8302E-10 6.3403E-10 6.8520E-10 7.3515E-10 7.8457E-10 8.3266E-10 8.7917E-10 9.2389E-10 9.6665E-10 1.0073E-09 1.0448E-09 1.0808E-09 1.1137E-09 1.1450E-09 1.1730E-09 1.1992E-09 1.2225E-09 1.2435E-09 1.2622E-09 1.2787E-09 1.2931E-09
0.0000E+00 0.0000E+00 0.0000E+00 0.0000E+00 0.0000E+00 0.0000E+00 0.0000E+00 0.0000E+00 0.0000E+00 0.0000E+00 0.0000E+00 0.0000E+00 0.0000E+00 0.0000E+00 0.0000E+00 0.0000E+00 0.0000E+00 0.0000E+00 0.0000E+00 0.0000E+00 0.0000E+00 5.6991E-12 1.3712E-11 4.2275E-11 6.2349E-11 8.9828E-11 1.2807E-10 1.6848E-10 2.1163E-10 2.5308E-10 2.9695E-10 3.4189E-10 3.9080E-10 4.4144E-10 4.9191E-10 5.4485E-10 5.9817E-10 6.5055E-10 7.0307E-10 7.5482E-10 8.0546E-10 8.5470E-10 9.0229E-10 9.4756E-10 9.9124E-10 1.0327E-09 1.0709E-09 1.1076E-09 1.1410E-09 1.1728E-09 1.2012E-09 1.2277E-09 1.2512E-09 1.2724E-09 1.2912E-09 1.3077E-09 1.3220E-09
0.0000E+00 0.0000E+00 0.0000E+00 0.0000E+00 0.0000E+00 0.0000E+00 0.0000E+00 0.0000E+00 0.0000E+00 0.0000E+00 0.0000E+00 0.0000E+00 0.0000E+00 0.0000E+00 0.0000E+00 0.0000E+00 0.0000E+00 0.0000E+00 0.0000E+00 0.0000E+00 0.0000E+00 5.7921E-12 1.3961E-11 4.2981E-11 6.3484E-11 9.1554E-11 1.3061E-10 1.7197E-10 2.1663E-10 2.5877E-10 3.0388E-10 3.5091E-10 4.0038E-10 4.5246E-10 5.0434E-10 5.5875E-10 6.1353E-10 6.6786E-10 7.2175E-10 7.7481E-10 8.2671E-10 8.7713E-10 9.2582E-10 9.7209E-10 1.0163E-09 1.0585E-09 1.0975E-09 1.1349E-09 1.1688E-09 1.2011E-09 1.2299E-09 1.2566E-09 1.2804E-09 1.3017E-09 1.3206E-09 1.3371E-09 1.3513E-09
0.0000E+00 0.0000E+00 0.0000E+00 0.0000E+00 0.0000E+00 0.0000E+00 0.0000E+00 0.0000E+00 0.0000E+00 0.0000E+00 0.0000E+00 0.0000E+00 0.0000E+00 0.0000E+00 0.0000E+00 0.0000E+00 0.0000E+00 0.0000E+00 0.0000E+00 0.0000E+00 0.0000E+00 5.8814E-12 1.4203E-11 4.3664E-11 6.4593E-11 9.3252E-11 1.3363E-10 1.7589E-10 2.2118E-10 2.6446E-10 3.1083E-10 3.5917E-10 4.1004E-10 4.6358E-10 5.1770E-10 5.7281E-10 6.2909E-10 6.8487E-10 7.4018E-10 7.9460E-10 8.4779E-10 8.9943E-10 9.4926E-10 9.9704E-10 1.0417E-09 1.0848E-09 1.1245E-09 1.1626E-09 1.1971E-09 1.2298E-09 1.2590E-09 1.2861E-09 1.3101E-09 1.3315E-09 1.3504E-09 1.3669E-09 1.3811E-09
0.0000E+00 0.0000E+00 0.0000E+00 0.0000E+00 0.0000E+00 0.0000E+00 0.0000E+00 0.0000E+00 0.0000E+00 0.0000E+00 0.0000E+00 0.0000E+00 0.0000E+00 0.0000E+00 0.0000E+00 0.0000E+00 0.0000E+00 0.0000E+00 0.0000E+00 0.0000E+00 0.0000E+00 5.9665E-12 1.4436E-11 4.4321E-11 6.5672E-11 9.4914E-11 1.3611E-10 1.7933E-10 2.2571E-10 2.7013E-10 3.1778E-10 3.6831E-10 4.1975E-10 4.7478E-10 5.3040E-10 5.8703E-10 6.4483E-10 7.0210E-10 7.5885E-10 8.1467E-10 8.6918E-10 9.2207E-10 9.7306E-10 1.0219E-09 1.0675E-09 1.1115E-09 1.1520E-09 1.1907E-09 1.2258E-09 1.2590E-09 1.2886E-09 1.3160E-09 1.3402E-09 1.3618E-09 1.3808E-09 1.3973E-09 1.4114E-09
0.0000E+00 0.0000E+00 0.0000E+00 0.0000E+00 0.0000E+00 0.0000E+00 0.0000E+00 0.0000E+00 0.0000E+00 0.0000E+00 0.0000E+00 0.0000E+00 0.0000E+00 0.0000E+00 0.0000E+00 0.0000E+00 0.0000E+00 0.0000E+00 0.0000E+00 0.0000E+00 0.0000E+00 6.0468E-12 1.4661E-11 4.4950E-11 6.6716E-11 9.7091E-11 1.3906E-10 1.8271E-10 2.3019E-10 2.7577E-10 3.2472E-10 3.7664E-10 4.2950E-10 4.8606E-10 5.4403E-10 6.0138E-10 6.6075E-10 7.1954E-10 7.7777E-10 8.3501E-10 8.9088E-10 9.4504E-10 9.9722E-10 1.0472E-09 1.0937E-09 1.1387E-09 1.1799E-09 1.2193E-09 1.2549E-09 1.2887E-09 1.3187E-09 1.3464E-09 1.3708E-09 1.3925E-09 1.4116E-09 1.4281E-09 1.4421E-09
0.0000E+00 0.0000E+00 0.0000E+00 0.0000E+00 0.0000E+00 0.0000E+00 0.0000E+00 0.0000E+00 0.0000E+00 0.0000E+00 0.0000E+00 0.0000E+00 0.0000E+00 0.0000E+00 0.0000E+00 0.0000E+00 0.0000E+00 0.0000E+00 0.0000E+00 0.0000E+00 0.0000E+00 6.1220E-12 1.4875E-11 4.5547E-11 6.7721E-11 9.9236E-11 1.4146E-10 1.8651E-10 2.3507E-10 2.8225E-10 3.3164E-10 3.8498E-10 4.3928E-10 4.9740E-10 5.5695E-10 6.1585E-10 6.7681E-10 7.3716E-10 7.9690E-10 8.5560E-10 9.1285E-10 9.6832E-10 1.0217E-09 1.0728E-09 1.1208E-09 1.1662E-09 1.2082E-09 1.2483E-09 1.2845E-09 1.3188E-09 1.3492E-09 1.3772E-09 1.4019E-09 1.4237E-09 1.4428E-09 1.4593E-09 1.4733E-09
0.0000E+00 0.0000E+00 0.0000E+00 0.0000E+00 0.0000E+00 0.0000E+00 0.0000E+00 0.0000E+00 0.0000E+00 0.0000E+00 0.0000E+00 0.0000E+00 0.0000E+00 0.0000E+00 0.0000E+00 0.0000E+00 0.0000E+00 0.0000E+00 0.0000E+00 0.0000E+00 0.0000E+00 6.1914E-12 1.5077E-11 4.6108E-11 6.8681E-11 1.0078E-10 1.4378E-10 1.8978E-10 2.3944E-10 2.8782E-10 3.3853E-10 3.9330E-10 4.4907E-10 5.0877E-10 5.6995E-10 6.3042E-10 6.9302E-10 7.5496E-10 8.1624E-10 8.7642E-10 9.3509E-10 9.9189E-10 1.0465E-09 1.0988E-09 1.1483E-09 1.1941E-09 1.2374E-09 1.2778E-09 1.3151E-09 1.3494E-09 1.3807E-09 1.4085E-09 1.4334E-09 1.4553E-09 1.4745E-09 1.4910E-09 1.5049E-09
0.0000E+00 0.0000E+00 0.0000E+00 0.0000E+00 0.0000E+00 0.0000E+00 0.0000E+00 0.0000E+00 0.0000E+00 0.0000E+00 0.0000E+00 0.0000E+00 0.0000E+00 0.0000E+00 0.0000E+00 0.0000E+00 0.0000E+00 0.0000E+00 0.0000E+00 0.0000E+00 0.0000E+00 6.2545E-12 1.5266E-11 4.6631E-11 6.9593E-11 1.0226E-10 1.4604E-10 1.9297E-10 2.4419E-10 2.9332E-10 3.4535E-10 4.0159E-10 4.5884E-10 5.2016E-10 5.8299E-10 6.4508E-10 7.0934E-10 7.7290E-10 8.3577E-10 8.9747E-10 9.5758E-10 1.0157E-09 1.0717E-09 1.1250E-09 1.1756E-09 1.2224E-09 1.2670E-09 1.3076E-09 1.3460E-09 1.3804E-09 1.4121E-09 1.4402E-09 1.4653E-09 1.4874E-09 1.5066E-09 1.5231E-09 1.5369E-09
0.0000E+00 0.0000E+00 0.0000E+00 0.0000E+00 0.0000E+00 0.0000E+00 0.0000E+00 0.0000E+00 0.0000E+00 0.0000E+00 0.0000E+00 0.0000E+00 0.0000E+00 0.0000E+00 0.0000E+00 0.0000E+00 0.0000E+00 0.0000E+00 0.0000E+00 0.0000E+00 0.0000E+00 6.3108E-12 1.5441E-11 4.7112E-11 7.0450E-11 1.0368E-10 1.4524E-10 1.9607E-10 2.4840E-10 2.9965E-10 3.5211E-10 4.0983E-10 4.6950E-10 5.3156E-10 5.9607E-10 6.6068E-10 7.2576E-10 7.9098E-10 8.5545E-10 9.1871E-10 9.8030E-10 1.0399E-09 1.0971E-09 1.1517E-09 1.2033E-09 1.2510E-09 1.2965E-09 1.3378E-09 1.3769E-09 1.4118E-09 1.4439E-09 1.4723E-09 1.4976E-09 1.5199E-09 1.5392E-09 1.5556E-09 1.5693E-09
0.0000E+00 0.0000E+00 0.0000E+00 0.0000E+00 0.0000E+00 0.0000E+00 0.0000E+00 0.0000E+00 0.0000E+00 0.0000E+00 0.0000E+00 0.0000E+00 0.0000E+00 0.0000E+00 0.0000E+00 0.0000E+00 0.0000E+00 0.0000E+00 0.0000E+00 0.0000E+00 0.0000E+00 6.3597E-12 1.5601E-11 4.7546E-11 7.1248E-11 1.0502E-10 1.4784E-10 1.9955E-10 2.5249E-10 3.0499E-10 3.5877E-10 4.1800E-10 4.7923E-10 5.4293E-10 6.0915E-10 6.7546E-10 7.4225E-10 8.0916E-10 8.7587E-10 9.4069E-10 1.0038E-09 1.0647E-09 1.1233E-09 1.1786E-09 1.2313E-09 1.2800E-09 1.3264E-09 1.3684E-09 1.4082E-09 1.4435E-09 1.4761E-09 1.5049E-09 1.5304E-09 1.5528E-09 1.5721E-09 1.5885E-09 1.6021E-09
0.0000E+00 0.0000E+00 0.0000E+00 0.0000E+00 0.0000E+00 0.0000E+00 0.0000E+00 0.0000E+00 0.0000E+00 0.0000E+00 0.0000E+00 0.0000E+00 0.0000E+00 0.0000E+00 0.0000E+00 0.0000E+00 0.0000E+00 0.0000E+00 0.0000E+00 0.0000E+00 0.0000E+00 6.4007E-12 1.5743E-11 4.7931E-11 7.1981E-11 1.0628E-10 1.5035E-10 2.0244E-10 2.5505E-10 3.1021E-10 3.6533E-10 4.2607E-10 4.8981E-10 5.5425E-10 6.2222E-10 6.9116E-10 7.5942E-10 8.2804E-10 8.9584E-10 9.6228E-10 1.0269E-09 1.0893E-09 1.1492E-09 1.2057E-09 1.2597E-09 1.3093E-09 1.3566E-09 1.3994E-09 1.4398E-09 1.4757E-09 1.5087E-09 1.5378E-09 1.5636E-09 1.5861E-09 1.6055E-09 1.6218E-09 1.6353E-09
0.0000E+00 0.0000E+00 0.0000E+00 0.0000E+00 0.0000E+00 0.0000E+00 0.0000E+00 0.0000E+00 0.0000E+00 0.0000E+00 0.0000E+00 0.0000E+00 0.0000E+00 0.0000E+00 0.0000E+00 0.0000E+00 0.0000E+00 0.0000E+00 0.0000E+00 0.0000E+00 0.0000E+00 6.4333E-12 1.5868E-11 4.8263E-11 7.0951E-11 1.0744E-10 1.5222E-10 1.9917E-10 2.5889E-10 3.1529E-10 3.7175E-10 4.3403E-10 4.9941E-10 5.6551E-10 6.3525E-10 7.0599E-10 7.7601E-10 8.4639E-10 9.1650E-10 9.8458E-10 1.0508E-09 1.1147E-09 1.1759E-09 1.2332E-09 1.2882E-09 1.3389E-09 1.3871E-09 1.4307E-09 1.4718E-09 1.5082E-09 1.5417E-09 1.5711E-09 1.5971E-09 1.6198E-09 1.6392E-09 1.6555E-09 1.6689E-09
0.0000E+00 0.0000E+00 0.0000E+00 0.0000E+00 0.0000E+00 0.0000E+00 0.0000E+00 0.0000E+00 0.0000E+00 0.0000E+00 0.0000E+00 0.0000E+00 0.0000E+00 0.0000E+00 0.0000E+00 0.0000E+00 0.0000E+00 0.0000E+00 0.0000E+00 0.0000E+00 0.0000E+00 2.9329E-12 1.5973E-11 4.5586E-11 7.1539E-11 1.0851E-10 1.4944E-10 2.0017E-10 2.6257E-10 3.2021E-10 3.7803E-10 4.4185E-10 5.0889E-10 5.7667E-10 6.4821E-10 7.2078E-10 7.9323E-10 8.6539E-10 9.3664E-10 1.0064E-09 1.0742E-09 1.1396E-09 1.2023E-09 1.2608E-09 1.3171E-09 1.3687E-09 1.4179E-09 1.4623E-09 1.5041E-09 1.5411E-09 1.5750E-09 1.6048E-09 1.6310E-09 1.6538E-09 1.6733E-09 1.6896E-09 1.7029E-09
0.0000E+00 0.0000E+00 0.0000E+00 0.0000E+00 0.0000E+00 0.0000E+00 0.0000E+00 0.0000E+00 0.0000E+00 0.0000E+00 0.0000E+00 0.0000E+00 0.0000E+00 0.0000E+00 0.0000E+00 0.0000E+00 0.0000E+00 0.0000E+00 0.0000E+00 0.0000E+00 0.0000E+00 1.5578E-12 1.6057E-11 4.5806E-11 7.2049E-11 1.0778E-10 1.5107E-10 2.0315E-10 2.6608E-10 3.2350E-10 3.8413E-10 4.4952E-10 5.1822E-10 5.8771E-10 6.6108E-10 7.3550E-10 8.0979E-10 8.8379E-10 9.5683E-10 1.0283E-09 1.0978E-09 1.1647E-09 1.2288E-09 1.2886E-09 1.3461E-09 1.3989E-09 1.4490E-09 1.4942E-09 1.5367E-09 1.5743E-09 1.6087E-09 1.6388E-09 1.6653E-09 1.6882E-09 1.7077E-09 1.7240E-09 1.7372E-09
0.0000E+00 0.0000E+00 0.0000E+00 0.0000E+00 0.0000E+00 0.0000E+00 0.0000E+00 0.0000E+00 0.0000E+00 0.0000E+00 0.0000E+00 0.0000E+00 0.0000E+00 0.0000E+00 0.0000E+00 0.0000E+00 0.0000E+00 0.0000E+00 0.0000E+00 0.0000E+00 0.0000E+00 1.5628E-12 1.6118E-11 4.5966E-11 7.2474E-11 1.0863E-10 1.5256E-10 2.0546E-10 2.6939E-10 3.2806E-10 3.9104E-10 4.5699E-10 5.2739E-10 5.9956E-10 6.7381E-10 7.5012E-10 8.2630E-10 9.0215E-10 9.7701E-10 1.0503E-09 1.1214E-09 1.1900E-09 1.2555E-09 1.3172E-09 1.3754E-09 1.4298E-09 1.4803E-09 1.5263E-09 1.5696E-09 1.6078E-09 1.6426E-09 1.6731E-09 1.6998E-09 1.7229E-09 1.7425E-09 1.7588E-09 1.7719E-09
0.0000E+00 0.0000E+00 0.0000E+00 0.0000E+00 0.0000E+00 0.0000E+00 0.0000E+00 0.0000E+00 0.0000E+00 0.0000E+00 0.0000E+00 0.0000E+00 0.0000E+00 0.0000E+00 0.0000E+00 0.0000E+00 0.0000E+00 0.0000E+00 0.0000E+00 0.0000E+00 0.0000E+00 1.5653E-12 1.6156E-11 4.6062E-11 7.2809E-11 1.0936E-10 1.5391E-10 2.0759E-10 2.7250E-10 3.3239E-10 3.9675E-10 4.6425E-10 5.3635E-10 6.1030E-10 6.8639E-10 7.6461E-10 8.4270E-10 9.2045E-10 9.9716E-10 1.0722E-09 1.1451E-09 1.2152E-09 1.2823E-09 1.3454E-09 1.4048E-09 1.4603E-09 1.5119E-09 1.5593E-09 1.6027E-09 1.6421E-09 1.6769E-09 1.7077E-09 1.7347E-09 1.7580E-09 1.7776E-09 1.7938E-09 1.8068E-09
0.0000E+00 0.0000E+00 0.0000E+00 0.0000E+00 0.0000E+00 0.0000E+00 0.0000E+00 0.0000E+00 0.0000E+00 0.0000E+00 0.0000E+00 0.0000E+00 0.0000E+00 0.0000E+00 0.0000E+00 0.0000E+00 0.0000E+00 0.0000E+00 0.0000E+00 0.0000E+00 0.0000E+00 1.5653E-12 1.6169E-11 4.2466E-11 7.3050E-11 1.0996E-10 1.5174E-10 2.0953E-10 2.7385E-10 3.3649E-10 4.0222E-10 4.7127E-10 5.4508E-10 6.2082E-10 6.9878E-10 7.7894E-10 8.5896E-10 9.3864E-10 1.0172E-09 1.0941E-09 1.1687E-09 1.2406E-09 1.3092E-09 1.3742E-09 1.4344E-09 1.4916E-09 1.5436E-09 1.5925E-09 1.6361E-09 1.6761E-09 1.7114E-09 1.7426E-09 1.7699E-09 1.7933E-09 1.8130E-09 1.8292E-09 1.8421E-09
0.0000E+00 0.0000E+00 0.0000E+00 0.0000E+00 0.0000E+00 0.0000E+00 0.0000E+00 0.0000E+00 0.0000E+00 0.0000E+00 0.0000E+00 0.0000E+00 0.0000E+00 0.0000E+00 0.0000E+00 0.0000E+00 0.0000E+00 0.0000E+00 0.0000E+00 0.0000E+00 0.0000E+00 1.5627E-12 1.6156E-11 4.2454E-11 7.3190E-11 1.0736E-10 1.5276E-10 2.0818E-10 2.7650E-10 3.4033E-10 4.0846E-10 4.7802E-10 5.5355E-10 6.3109E-10 7.1093E-10 7.9306E-10 8.7505E-10 9.5669E-10 1.0372E-09 1.1160E-09 1.1924E-09 1.2659E-09 1.3361E-09 1.4026E-09 1.4641E-09 1.5224E-09 1.5755E-09 1.6253E-09 1.6697E-09 1.7103E-09 1.7462E-09 1.7778E-09 1.8053E-09 1.8289E-09 1.8487E-09 1.8648E-09 1.8776E-09
0.0000E+00 0.0000E+00 0.0000E+00 0.0000E+00 0.0000E+00 0.0000E+00 0.0000E+00 0.0000E+00 0.0000E+00 0.0000E+00 0.0000E+00 0.0000E+00 0.0000E+00 0.0000E+00 0.0000E+00 0.0000E+00 0.0000E+00 0.0000E+00 0.0000E+00 0.0000E+00 0.0000E+00 1.5574E-12 1.4659E-11 4.2377E-11 7.1365E-11 1.0771E-10 1.4870E-10 2.0973E-10 2.7888E-10 3.4388E-10 4.1339E-10 4.8447E-10 5.6173E-10 6.4211E-10 7.2282E-10 8.0694E-10 8.9093E-10 9.7456E-10 1.0570E-09 1.1377E-09 1.2159E-09 1.2912E-09 1.3630E-09 1.4310E-09 1.4938E-09 1.5534E-09 1.6075E-09 1.6582E-09 1.7034E-09 1.7447E-09 1.7811E-09 1.8131E-09 1.8409E-09 1.8647E-09 1.8845E-09 1.9007E-09 1.9133E-09
0.0000E+00 0.0000E+00 0.0000E+00 0.0000E+00 0.0000E+00 0.0000E+00 0.0000E+00 0.0000E+00 0.0000E+00 0.0000E+00 0.0000E+00 0.0000E+00 0.0000E+00 0.0000E+00 0.0000E+00 0.0000E+00 0.0000E+00 0.0000E+00 0.0000E+00 0.0000E+00 0.0000E+00 1.5492E-12 1.4595E-11 3.5969E-11 7.1310E-11 1.0607E-10 1.4941E-10 2.1162E-10 2.8099E-10 3.4713E-10 4.1800E-10 4.9059E-10 5.6957E-10 6.5181E-10 7.3441E-10 8.2054E-10 9.0655E-10 9.9220E-10 1.0767E-09 1.1593E-09 1.2400E-09 1.3170E-09 1.3899E-09 1.4594E-09 1.5235E-09 1.5844E-09 1.6396E-09 1.6913E-09 1.7373E-09 1.7793E-09 1.8162E-09 1.8486E-09 1.8768E-09 1.9007E-09 1.9206E-09 1.9368E-09 1.9493E-09
0.0000E+00 0.0000E+00 0.0000E+00 0.0000E+00 0.0000E+00 0.0000E+00 0.0000E+00 0.0000E+00 0.0000E+00 0.0000E+00 0.0000E+00 0.0000E+00 0.0000E+00 0.0000E+00 0.0000E+00 0.0000E+00 0.0000E+00 0.0000E+00 0.0000E+00 0.0000E+00 0.0000E+00 0.0000E+00 1.4505E-11 3.5824E-11 7.1144E-11 1.0614E-10 1.5055E-10 2.1270E-10 2.8279E-10 3.5004E-10 4.2226E-10 4.9635E-10 5.7706E-10 6.6115E-10 7.4565E-10 8.3381E-10 9.2187E-10 1.0096E-09 1.0967E-09 1.1813E-09 1.2633E-09 1.3421E-09 1.4166E-09 1.4877E-09 1.5532E-09 1.6154E-09 1.6717E-09 1.7244E-09 1.7713E-09 1.8140E-09 1.8515E-09 1.8843E-09 1.9127E-09 1.9369E-09 1.9569E-09 1.9731E-09 1.9855E-09
0.0000E+00 0.0000E+00 0.0000E+00 0.0000E+00 0.0000E+00 0.0000E+00 0.0000E+00 0.0000E+00 0.0000E+00 0.0000E+00 0.0000E+00 0.0000E+00 0.0000E+00 0.0000E+00 0.0000E+00 0.0000E+00 0.0000E+00 0.0000E+00 0.0000E+00 0.0000E+00 0.0000E+00 0.0000E+00 1.4388E-11 3.1678E-11 7.0863E-11 1.0204E-10 1.5152E-10 2.1353E-10 2.8427E-10 3.5260E-10 4.2615E-10 5.0171E-10 5.8415E-10 6.7010E-10 7.5757E-10 8.4672E-10 9.3684E-10 1.0273E-09 1.1159E-09 1.2024E-09 1.2870E-09 1.3676E-09 1.4432E-09 1.5159E-09 1.5829E-09 1.6464E-09 1.7038E-09 1.7576E-09 1.8053E-09 1.8488E-09 1.8868E-09 1.9201E-09 1.9489E-09 1.9732E-09 1.9934E-09 2.0095E-09 2.0219E-09
0.0000E+00 0.0000E+00 0.0000E+00 0.0000E+00 0.0000E+00 0.0000E+00 0.0000E+00 0.0000E+00 0.0000E+00 0.0000E+00 0.0000E+00 0.0000E+00 0.0000E+00 0.0000E+00 0.0000E+00 0.0000E+00 0.0000E+00 0.0000E+00 0.0000E+00 0.0000E+00 0.0000E+00 0.0000E+00 1.4242E-11 3.1467E-11 6.7193E-11 1.0183E-10 1.5165E-10 2.1408E-10 2.8656E-10 3.5479E-10 4.2962E-10 5.0665E-10 5.9080E-10 6.7861E-10 7.6803E-10 8.5921E-10 9.5216E-10 1.0440E-09 1.1347E-09 1.2240E-09 1.3098E-09 1.3923E-09 1.4697E-09 1.5440E-09 1.6124E-09 1.6773E-09 1.7359E-09 1.7907E-09 1.8393E-09 1.8835E-09 1.9222E-09 1.9560E-09 1.9851E-09 2.0097E-09 2.0299E-09 2.0461E-09 2.0584E-09
0.0000E+00 0.0000E+00 0.0000E+00 0.0000E+00 0.0000E+00 0.0000E+00 0.0000E+00 0.0000E+00 0.0000E+00 0.0000E+00 0.0000E+00 0.0000E+00 0.0000E+00 0.0000E+00 0.0000E+00 0.0000E+00 0.0000E+00 0.0000E+00 0.0000E+00 0.0000E+00 0.0000E+00 0.0000E+00 1.0087E-11 2.9685E-11 6.6725E-11 1.0146E-10 1.5156E-10 2.1494E-10 2.8383E-10 3.5658E-10 4.3267E-10 5.1114E-10 5.9698E-10 6.8665E-10 7.7802E-10 8.7123E-10 9.6632E-10 1.0603E-09 1.1538E-09 1.2445E-09 1.3323E-09 1.4167E-09 1.4958E-09 1.5719E-09 1.6418E-09 1.7080E-09 1.7678E-09 1.8238E-09 1.8733E-09 1.9183E-09 1.9576E-09 1.9919E-09 2.0214E-09 2.0462E-09 2.0666E-09 2.0828E-09 2.0950E-09
