Assets/Resources/2015_m01_d24_1400(utc+0800)_l00_csi_1hr_conc.grd
DSAA
         159         159
     -79.000      79.000
     -79.000      79.000
  0.1688E-10  0.9374E-06
[rows 75 to 99 of 159, columns 0 to 56 of 159]
1.6263E-09 1.6552E-09 1.6857E-09 1.7145E-09 1.7442E-09 1.7756E-09 1.8049E-09 1.8352E-09 1.8649E-09 1.8942E-09 1.9242E-09 1.9533E-09 1.9829E-09 2.0129E-09 2.0410E-09 2.0694E-09 2.0970E-09 2.1232E-09 2.1492E-09 2.1740E-09 2.1979E-09 2.2204E-09 2.2415E-09 2.2606E-09 2.2785E-09 2.2951E-09 2.3106E-09 2.3258E-09 2.3400E-09 2.3537E-09 2.3669E-09 2.3795E-09 2.3915E-09 2.4012E-09 2.4127E-09 2.4286E-09 2.4485E-09 2.4855E-09 2.5564E-09 2.6419E-09 2.7624E-09 2.9357E-09 3.1533E-09 3.4447E-09 3.8152E-09 4.2386E-09 4.7138E-09 5.2435E-09 5.7908E-09 6.3181E-09 6.8022E-09 7.2238E-09 7.5590E-09 7.8185E-09 7.9927E-09 8.1124E-09 8.2055E-09
1.5980E-09 1.6265E-09 1.6565E-09 1.6849E-09 1.7140E-09 1.7429E-09 1.7725E-09 1.8009E-09 1.8294E-09 1.8583E-09 1.8861E-09 1.9137E-09 1.9410E-09 1.9679E-09 1.9944E-09 2.0209E-09 2.0466E-09 2.0715E-09 2.0960E-09 2.1196E-09 2.1422E-09 2.1639E-09 2.1841E-09 2.2036E-09 2.2226E-09 2.2415E-09 2.2602E-09 2.2780E-09 2.2951E-09 2.3091E-09 2.3239E-09 2.3387E-09 2.3527E-09 2.3636E-09 2.3754E-09 2.3870E-09 2.4025E-09 2.4170E-09 2.4398E-09 2.4965E-09 2.5816E-09 2.6861E-09 2.8326E-09 3.0004E-09 3.2357E-09 3.5264E-09 3.8423E-09 4.1937E-09 4.5515E-09 4.9007E-09 5.2212E-09 5.4925E-09 5.7126E-09 5.8725E-09 5.9651E-09 6.0184E-09 6.0266E-09
1.5686E-09 1.5985E-09 1.6272E-09 1.6557E-09 1.6843E-09 1.7129E-09 1.7405E-09 1.7687E-09 1.7968E-09 1.8246E-09 1.8523E-09 1.8789E-09 1.9052E-09 1.9318E-09 1.9572E-09 1.9823E-09 2.0072E-09 2.0317E-09 2.0558E-09 2.0792E-09 2.1020E-09 2.1243E-09 2.1458E-09 2.1667E-09 2.1839E-09 2.2035E-09 2.2223E-09 2.2404E-09 2.2577E-09 2.2720E-09 2.2871E-09 2.3017E-09 2.3161E-09 2.3291E-09 2.3377E-09 2.3498E-09 2.3606E-09 2.3716E-09 2.3872E-09 2.4046E-09 2.4428E-09 2.5244E-09 2.6206E-09 2.7355E-09 2.8667E-09 3.0321E-09 3.2321E-09 3.4469E-09 3.6675E-09 3.8860E-09 4.0759E-09 4.2433E-09 4.3662E-09 4.4498E-09 4.4911E-09 4.4992E-09 4.4759E-09
1.5379E-09 1.5668E-09 1.5948E-09 1.6228E-09 1.6510E-09 1.6796E-09 1.7073E-09 1.7344E-09 1.7633E-09 1.7907E-09 1.8184E-09 1.8446E-09 1.8705E-09 1.8968E-09 1.9205E-09 1.9468E-09 1.9720E-09 1.9960E-09 2.0196E-09 2.0427E-09 2.0653E-09 2.0881E-09 2.1095E-09 2.1304E-09 2.1475E-09 2.1666E-09 2.1842E-09 2.2024E-09 2.2194E-09 2.2362E-09 2.2492E-09 2.2633E-09 2.2780E-09 2.2905E-09 2.3005E-09 2.3115E-09 2.3217E-09 2.3324E-09 2.3412E-09 2.3544E-09 2.3715E-09 2.3906E-09 2.4492E-09 2.5416E-09 2.6254E-09 2.7219E-09 2.8319E-09 2.9551E-09 3.0830E-09 3.2072E-09 3.3156E-09 3.4055E-09 3.4653E-09 3.5001E-09 3.5036E-09 3.4853E-09 3.4526E-09
1.5074E-09 1.5352E-09 1.5638E-09 1.5922E-09 1.6192E-09 1.6466E-09 1.6741E-09 1.7013E-09 1.7283E-09 1.7546E-09 1.7819E-09 1.8078E-09 1.8338E-09 1.8591E-09 1.8840E-09 1.9085E-09 1.9327E-09 1.9564E-09 1.9813E-09 2.0041E-09 2.0265E-09 2.0490E-09 2.0703E-09 2.0910E-09 2.1081E-09 2.1264E-09 2.1448E-09 2.1630E-09 2.1801E-09 2.1970E-09 2.2101E-09 2.2243E-09 2.2390E-09 2.2525E-09 2.2657E-09 2.2761E-09 2.2877E-09 2.2984E-09 2.3084E-09 2.3174E-09 2.3267E-09 2.3407E-09 2.3591E-09 2.3885E-09 2.4600E-09 2.5192E-09 2.5817E-09 2.6503E-09 2.7174E-09 2.7817E-09 2.8380E-09 2.8776E-09 2.9046E-09 2.9089E-09 2.8927E-09 2.8708E-09 2.8318E-09
1.4802E-09 1.5075E-09 1.5348E-09 1.5613E-09 1.5895E-09 1.6168E-09 1.6432E-09 1.6694E-09 1.6963E-09 1.7222E-09 1.7485E-09 1.7739E-09 1.7997E-09 1.8246E-09 1.8498E-09 1.8740E-09 1.8979E-09 1.9215E-09 1.9446E-09 1.9672E-09 1.9894E-09 2.0111E-09 2.0322E-09 2.0520E-09 2.0692E-09 2.0887E-09 2.1071E-09 2.1248E-09 2.1424E-09 2.1593E-09 2.1755E-09 2.1910E-09 2.2057E-09 2.2197E-09 2.2329E-09 2.2453E-09 2.2569E-09 2.2677E-09 2.2777E-09 2.2868E-09 2.2950E-09 2.3024E-09 2.3109E-09 2.3268E-09 2.3392E-09 2.3762E-09 2.4215E-09 2.4550E-09 2.4928E-09 2.5236E-09 2.5466E-09 2.5661E-09 2.5669E-09 2.5613E-09 2.5449E-09 2.5200E-09 2.4920E-09
1.4569E-09 1.4832E-09 1.5094E-09 1.5356E-09 1.5625E-09 1.5886E-09 1.6153E-09 1.6412E-09 1.6669E-09 1.6925E-09 1.7179E-09 1.7430E-09 1.7679E-09 1.7926E-09 1.8169E-09 1.8409E-09 1.8646E-09 1.8879E-09 1.9107E-09 1.9332E-09 1.9552E-09 1.9767E-09 1.9977E-09 2.0182E-09 2.0381E-09 2.0575E-09 2.0762E-09 2.0943E-09 2.1118E-09 2.1286E-09 2.1447E-09 2.1602E-09 2.1748E-09 2.1888E-09 2.2020E-09 2.2144E-09 2.2260E-09 2.2368E-09 2.2467E-09 2.2559E-09 2.2642E-09 2.2716E-09 2.2782E-09 2.2839E-09 2.2929E-09 2.3025E-09 2.3139E-09 2.3356E-09 2.3537E-09 2.3668E-09 2.3778E-09 2.3797E-09 2.3771E-09 2.3671E-09 2.3529E-09 2.3371E-09 2.3162E-09
1.4337E-09 1.4596E-09 1.4854E-09 1.5113E-09 1.5371E-09 1.5628E-09 1.5885E-09 1.6147E-09 1.6401E-09 1.6654E-09 1.6911E-09 1.7160E-09 1.7406E-09 1.7649E-09 1.7890E-09 1.8127E-09 1.8361E-09 1.8591E-09 1.8818E-09 1.9040E-09 1.9258E-09 1.9471E-09 1.9679E-09 1.9882E-09 2.0079E-09 2.0271E-09 2.0457E-09 2.0637E-09 2.0811E-09 2.0978E-09 2.1138E-09 2.1292E-09 2.1438E-09 2.1577E-09 2.1708E-09 2.1832E-09 2.1948E-09 2.2056E-09 2.2156E-09 2.2248E-09 2.2331E-09 2.2406E-09 2.2473E-09 2.2531E-09 2.2573E-09 2.2618E-09 2.2668E-09 2.2703E-09 2.2742E-09 2.2782E-09 2.2799E-09 2.2783E-09 2.2734E-09 2.2690E-09 2.2628E-09 2.2561E-09 2.2488E-09
1.4104E-09 1.4359E-09 1.4614E-09 1.4869E-09 1.5124E-09 1.5378E-09 1.5631E-09 1.5883E-09 1.6134E-09 1.6383E-09 1.6630E-09 1.6875E-09 1.7125E-09 1.7366E-09 1.7603E-09 1.7838E-09 1.8076E-09 1.8304E-09 1.8527E-09 1.8747E-09 1.8963E-09 1.9174E-09 1.9380E-09 1.9581E-09 1.9777E-09 1.9967E-09 2.0151E-09 2.0330E-09 2.0502E-09 2.0668E-09 2.0827E-09 2.0980E-09 2.1125E-09 2.1264E-09 2.1395E-09 2.1518E-09 2.1634E-09 2.1742E-09 2.1836E-09 2.1928E-09 2.2012E-09 2.2088E-09 2.2155E-09 2.2214E-09 2.2257E-09 2.2299E-09 2.2332E-09 2.2357E-09 2.2373E-09 2.2380E-09 2.2378E-09 2.2367E-09 2.2348E-09 2.2320E-09 2.2283E-09 2.2238E-09 2.2183E-09
1.3870E-09 1.4122E-09 1.4374E-09 1.4626E-09 1.4877E-09 1.5127E-09 1.5377E-09 1.5626E-09 1.5873E-09 1.6119E-09 1.6363E-09 1.6605E-09 1.6845E-09 1.7082E-09 1.7317E-09 1.7549E-09 1.7777E-09 1.8002E-09 1.8230E-09 1.8447E-09 1.8661E-09 1.8869E-09 1.9073E-09 1.9272E-09 1.9466E-09 1.9655E-09 1.9838E-09 2.0015E-09 2.0186E-09 2.0350E-09 2.0509E-09 2.0660E-09 2.0805E-09 2.0943E-09 2.1073E-09 2.1197E-09 2.1312E-09 2.1420E-09 2.1514E-09 2.1606E-09 2.1691E-09 2.1767E-09 2.1835E-09 2.1895E-09 2.1946E-09 2.1989E-09 2.2024E-09 2.2049E-09 2.2067E-09 2.2075E-09 2.2075E-09 2.2066E-09 2.2049E-09 2.2023E-09 2.1988E-09 2.1945E-09 2.1893E-09
1.3637E-09 1.3885E-09 1.4133E-09 1.4381E-09 1.4629E-09 1.4876E-09 1.5122E-09 1.5368E-09 1.5612E-09 1.5854E-09 1.6095E-09 1.6334E-09 1.6571E-09 1.6805E-09 1.7037E-09 1.7266E-09 1.7492E-09 1.7714E-09 1.7933E-09 1.8148E-09 1.8358E-09 1.8565E-09 1.8766E-09 1.8963E-09 1.9155E-09 1.9342E-09 1.9523E-09 1.9699E-09 1.9868E-09 2.0032E-09 2.0189E-09 2.0340E-09 2.0484E-09 2.0621E-09 2.0751E-09 2.0874E-09 2.0989E-09 2.1097E-09 2.1198E-09 2.1290E-09 2.1375E-09 2.1452E-09 2.1520E-09 2.1581E-09 2.1633E-09 2.1677E-09 2.1712E-09 2.1739E-09 2.1758E-09 2.1768E-09 2.1769E-09 2.1762E-09 2.1746E-09 2.1722E-09 2.1689E-09 2.1648E-09 2.1598E-09
1.3404E-09 1.3648E-09 1.3893E-09 1.4137E-09 1.4381E-09 1.4625E-09 1.4868E-09 1.5110E-09 1.5350E-09 1.5590E-09 1.5827E-09 1.6063E-09 1.6297E-09 1.6528E-09 1.6757E-09 1.6983E-09 1.7206E-09 1.7425E-09 1.7642E-09 1.7854E-09 1.8062E-09 1.8266E-09 1.8466E-09 1.8661E-09 1.8851E-09 1.9036E-09 1.9215E-09 1.9389E-09 1.9557E-09 1.9720E-09 1.9876E-09 2.0025E-09 2.0168E-09 2.0305E-09 2.0434E-09 2.0556E-09 2.0671E-09 2.0779E-09 2.0879E-09 2.0972E-09 2.1057E-09 2.1134E-09 2.1203E-09 2.1264E-09 2.1317E-09 2.1362E-09 2.1398E-09 2.1426E-09 2.1446E-09 2.1457E-09 2.1460E-09 2.1455E-09 2.1441E-09 2.1418E-09 2.1388E-09 2.1348E-09 2.1301E-09
1.3170E-09 1.3411E-09 1.3652E-09 1.3893E-09 1.4133E-09 1.4374E-09 1.4613E-09 1.4851E-09 1.5089E-09 1.5325E-09 1.5559E-09 1.5792E-09 1.6022E-09 1.6251E-09 1.6476E-09 1.6699E-09 1.6920E-09 1.7136E-09 1.7350E-09 1.7560E-09 1.7766E-09 1.7967E-09 1.8165E-09 1.8358E-09 1.8546E-09 1.8729E-09 1.8906E-09 1.9079E-09 1.9245E-09 1.9406E-09 1.9561E-09 1.9709E-09 1.9851E-09 1.9987E-09 2.0115E-09 2.0237E-09 2.0352E-09 2.0459E-09 2.0559E-09 2.0652E-09 2.0737E-09 2.0814E-09 2.0884E-09 2.0945E-09 2.0999E-09 2.1044E-09 2.1082E-09 2.1111E-09 2.1132E-09 2.1144E-09 2.1149E-09 2.1145E-09 2.1132E-09 2.1112E-09 2.1083E-09 2.1045E-09 2.1000E-09
1.2937E-09 1.3174E-09 1.3411E-09 1.3649E-09 1.3886E-09 1.4122E-09 1.4358E-09 1.4593E-09 1.4827E-09 1.5060E-09 1.5291E-09 1.5520E-09 1.5748E-09 1.5973E-09 1.6195E-09 1.6416E-09 1.6633E-09 1.6847E-09 1.7058E-09 1.7265E-09 1.7468E-09 1.7668E-09 1.7863E-09 1.8053E-09 1.8239E-09 1.8420E-09 1.8596E-09 1.8767E-09 1.8932E-09 1.9091E-09 1.9245E-09 1.9392E-09 1.9533E-09 1.9668E-09 1.9796E-09 1.9917E-09 2.0031E-09 2.0138E-09 2.0238E-09 2.0330E-09 2.0415E-09 2.0493E-09 2.0563E-09 2.0625E-09 2.0679E-09 2.0725E-09 2.0763E-09 2.0793E-09 2.0815E-09 2.0829E-09 2.0835E-09 2.0832E-09 2.0821E-09 2.0802E-09 2.0772E-09 2.0737E-09 2.0693E-09
1.2701E-09 1.2934E-09 1.3171E-09 1.3405E-09 1.3638E-09 1.3871E-09 1.4103E-09 1.4335E-09 1.4565E-09 1.4794E-09 1.5022E-09 1.5248E-09 1.5472E-09 1.5695E-09 1.5914E-09 1.6131E-09 1.6346E-09 1.6557E-09 1.6765E-09 1.6970E-09 1.7171E-09 1.7368E-09 1.7560E-09 1.7749E-09 1.7933E-09 1.8112E-09 1.8286E-09 1.8455E-09 1.8618E-09 1.8776E-09 1.8928E-09 1.9074E-09 1.9214E-09 1.9347E-09 1.9475E-09 1.9595E-09 1.9709E-09 1.9815E-09 1.9915E-09 2.0007E-09 2.0092E-09 2.0170E-09 2.0240E-09 2.0302E-09 2.0357E-09 2.0403E-09 2.0442E-09 2.0473E-09 2.0496E-09 2.0511E-09 2.0515E-09 2.0514E-09 2.0505E-09 2.0487E-09 2.0459E-09 2.0426E-09 2.0384E-09
1.2463E-09 1.2692E-09 1.2925E-09 1.3155E-09 1.3388E-09 1.3617E-09 1.3849E-09 1.4077E-09 1.4304E-09 1.4529E-09 1.4754E-09 1.4977E-09 1.5198E-09 1.5416E-09 1.5633E-09 1.5847E-09 1.6059E-09 1.6267E-09 1.6472E-09 1.6674E-09 1.6873E-09 1.7067E-09 1.7257E-09 1.7444E-09 1.7625E-09 1.7802E-09 1.7975E-09 1.8142E-09 1.8303E-09 1.8460E-09 1.8610E-09 1.8755E-09 1.8894E-09 1.9026E-09 1.9152E-09 1.9272E-09 1.9385E-09 1.9491E-09 1.9590E-09 1.9682E-09 1.9767E-09 1.9845E-09 1.9915E-09 1.9977E-09 2.0032E-09 2.0080E-09 2.0117E-09 2.0148E-09 2.0172E-09 2.0188E-09 2.0196E-09 2.0194E-09 2.0186E-09 2.0170E-09 2.0146E-09 2.0112E-09 2.0072E-09
1.2231E-09 1.2457E-09 1.2683E-09 1.2909E-09 1.3135E-09 1.3364E-09 1.3589E-09 1.3813E-09 1.4039E-09 1.4262E-09 1.4483E-09 1.4705E-09 1.4923E-09 1.5138E-09 1.5352E-09 1.5563E-09 1.5771E-09 1.5977E-09 1.6179E-09 1.6379E-09 1.6574E-09 1.6766E-09 1.6954E-09 1.7138E-09 1.7318E-09 1.7493E-09 1.7663E-09 1.7828E-09 1.7988E-09 1.8143E-09 1.8292E-09 1.8435E-09 1.8573E-09 1.8704E-09 1.8829E-09 1.8948E-09 1.9060E-09 1.9166E-09 1.9264E-09 1.9356E-09 1.9441E-09 1.9516E-09 1.9586E-09 1.9649E-09 1.9704E-09 1.9752E-09 1.9792E-09 1.9822E-09 1.9847E-09 1.9864E-09 1.9873E-09 1.9871E-09 1.9865E-09 1.9850E-09 1.9828E-09 1.9798E-09 1.9760E-09
1.2000E-09 1.2222E-09 1.2444E-09 1.2667E-09 1.2889E-09 1.3111E-09 1.3332E-09 1.3553E-09 1.3773E-09 1.3995E-09 1.4212E-09 1.4428E-09 1.4643E-09 1.4858E-09 1.5068E-09 1.5276E-09 1.5482E-09 1.5684E-09 1.5884E-09 1.6080E-09 1.6276E-09 1.6465E-09 1.6651E-09 1.6833E-09 1.7010E-09 1.7183E-09 1.7351E-09 1.7514E-09 1.7672E-09 1.7825E-09 1.7973E-09 1.8115E-09 1.8251E-09 1.8378E-09 1.8502E-09 1.8620E-09 1.8732E-09 1.8837E-09 1.8935E-09 1.9026E-09 1.9111E-09 1.9185E-09 1.9256E-09 1.9319E-09 1.9374E-09 1.9422E-09 1.9463E-09 1.9494E-09 1.9519E-09 1.9537E-09 1.9547E-09 1.9550E-09 1.9544E-09 1.9531E-09 1.9510E-09 1.9482E-09 1.9445E-09
1.1769E-09 1.1987E-09 1.2206E-09 1.2425E-09 1.2643E-09 1.2862E-09 1.3080E-09 1.3297E-09 1.3513E-09 1.3728E-09 1.3942E-09 1.4155E-09 1.4366E-09 1.4575E-09 1.4782E-09 1.4990E-09 1.5192E-09 1.5392E-09 1.5589E-09 1.5782E-09 1.5972E-09 1.6159E-09 1.6342E-09 1.6524E-09 1.6699E-09 1.6870E-09 1.7036E-09 1.7197E-09 1.7353E-09 1.7505E-09 1.7651E-09 1.7788E-09 1.7923E-09 1.8052E-09 1.8175E-09 1.8292E-09 1.8403E-09 1.8507E-09 1.8604E-09 1.8695E-09 1.8780E-09 1.8854E-09 1.8924E-09 1.8987E-09 1.9043E-09 1.9092E-09 1.9133E-09 1.9167E-09 1.9193E-09 1.9212E-09 1.9223E-09 1.9226E-09 1.9222E-09 1.9210E-09 1.9190E-09 1.9163E-09 1.9128E-09
1.1539E-09 1.1753E-09 1.1968E-09 1.2183E-09 1.2398E-09 1.2613E-09 1.2827E-09 1.3041E-09 1.3253E-09 1.3465E-09 1.3676E-09 1.3885E-09 1.4093E-09 1.4299E-09 1.4502E-09 1.4704E-09 1.4903E-09 1.5100E-09 1.5294E-09 1.5484E-09 1.5672E-09 1.5856E-09 1.6037E-09 1.6213E-09 1.6386E-09 1.6554E-09 1.6718E-09 1.6877E-09 1.7032E-09 1.7181E-09 1.7325E-09 1.7464E-09 1.7598E-09 1.7726E-09 1.7847E-09 1.7963E-09 1.8073E-09 1.8176E-09 1.8273E-09 1.8364E-09 1.8448E-09 1.8524E-09 1.8595E-09 1.8658E-09 1.8714E-09 1.8762E-09 1.8804E-09 1.8838E-09 1.8865E-09 1.8884E-09 1.8896E-09 1.8900E-09 1.8897E-09 1.8887E-09 1.8868E-09 1.8842E-09 1.8809E-09
1.1309E-09 1.1520E-09 1.1731E-09 1.1942E-09 1.2154E-09 1.2364E-09 1.2575E-09 1.2785E-09 1.2994E-09 1.3203E-09 1.3410E-09 1.3616E-09 1.3820E-09 1.4023E-09 1.4223E-09 1.4422E-09 1.4618E-09 1.4811E-09 1.5002E-09 1.5190E-09 1.5375E-09 1.5556E-09 1.5734E-09 1.5908E-09 1.6078E-09 1.6245E-09 1.6406E-09 1.6563E-09 1.6716E-09 1.6864E-09 1.7006E-09 1.7143E-09 1.7275E-09 1.7402E-09 1.7522E-09 1.7637E-09 1.7746E-09 1.7848E-09 1.7944E-09 1.8034E-09 1.8118E-09 1.8194E-09 1.8264E-09 1.8327E-09 1.8383E-09 1.8432E-09 1.8473E-09 1.8508E-09 1.8535E-09 1.8555E-09 1.8568E-09 1.8573E-09 1.8571E-09 1.8561E-09 1.8544E-09 1.8519E-09 1.8487E-09
1.1080E-09 1.1287E-09 1.1495E-09 1.1702E-09 1.1910E-09 1.2117E-09 1.2324E-09 1.2530E-09 1.2736E-09 1.2941E-09 1.3144E-09 1.3347E-09 1.3548E-09 1.3747E-09 1.3944E-09 1.4140E-09 1.4333E-09 1.4523E-09 1.4711E-09 1.4896E-09 1.5078E-09 1.5257E-09 1.5432E-09 1.5604E-09 1.5771E-09 1.5935E-09 1.6095E-09 1.6250E-09 1.6400E-09 1.6546E-09 1.6687E-09 1.6822E-09 1.6953E-09 1.7078E-09 1.7197E-09 1.7310E-09 1.7418E-09 1.7520E-09 1.7615E-09 1.7704E-09 1.7787E-09 1.7863E-09 1.7932E-09 1.7995E-09 1.8051E-09 1.8100E-09 1.8142E-09 1.8177E-09 1.8204E-09 1.8225E-09 1.8238E-09 1.8244E-09 1.8243E-09 1.8234E-09 1.8218E-09 1.8192E-09 1.8161E-09
1.0852E-09 1.1055E-09 1.1259E-09 1.1463E-09 1.1667E-09 1.1870E-09 1.2073E-09 1.2276E-09 1.2478E-09 1.2680E-09 1.2880E-09 1.3079E-09 1.3276E-09 1.3472E-09 1.3666E-09 1.3858E-09 1.4048E-09 1.4236E-09 1.4420E-09 1.4603E-09 1.4782E-09 1.4958E-09 1.5130E-09 1.5299E-09 1.5465E-09 1.5626E-09 1.5783E-09 1.5936E-09 1.6084E-09 1.6228E-09 1.6367E-09 1.6501E-09 1.6630E-09 1.6753E-09 1.6871E-09 1.6983E-09 1.7090E-09 1.7190E-09 1.7285E-09 1.7373E-09 1.7455E-09 1.7531E-09 1.7600E-09 1.7662E-09 1.7718E-09 1.7767E-09 1.7809E-09 1.7844E-09 1.7872E-09 1.7893E-09 1.7907E-09 1.7913E-09 1.7910E-09 1.7903E-09 1.7888E-09 1.7865E-09 1.7834E-09
1.0620E-09 1.0822E-09 1.1022E-09 1.1222E-09 1.1424E-09 1.1624E-09 1.1824E-09 1.2023E-09 1.2222E-09 1.2419E-09 1.2616E-09 1.2811E-09 1.3005E-09 1.3198E-09 1.3389E-09 1.3577E-09 1.3764E-09 1.3949E-09 1.4130E-09 1.4310E-09 1.4486E-09 1.4659E-09 1.4829E-09 1.4995E-09 1.5158E-09 1.5317E-09 1.5472E-09 1.5623E-09 1.5769E-09 1.5911E-09 1.6048E-09 1.6180E-09 1.6307E-09 1.6429E-09 1.6545E-09 1.6656E-09 1.6761E-09 1.6861E-09 1.6954E-09 1.7042E-09 1.7123E-09 1.7198E-09 1.7267E-09 1.7329E-09 1.7384E-09 1.7433E-09 1.7475E-09 1.7510E-09 1.7536E-09 1.7558E-09 1.7572E-09 1.7579E-09 1.7577E-09 1.7570E-09 1.7556E-09 1.7535E-09 1.7504E-09
1.0389E-09 1.0587E-09 1.0783E-09 1.0982E-09 1.1178E-09 1.1375E-09 1.1573E-09 1.1768E-09 1.1963E-09 1.2160E-09 1.2353E-09 1.2545E-09 1.2735E-09 1.2925E-09 1.3112E-09 1.3298E-09 1.3481E-09 1.3662E-09 1.3841E-09 1.4017E-09 1.4191E-09 1.4361E-09 1.4528E-09 1.4692E-09 1.4852E-09 1.5009E-09 1.5161E-09 1.5310E-09 1.5454E-09 1.5593E-09 1.5728E-09 1.5859E-09 1.5984E-09 1.6104E-09 1.6219E-09 1.6329E-09 1.6433E-09 1.6531E-09 1.6624E-09 1.6710E-09 1.6791E-09 1.6865E-09 1.6933E-09 1.6992E-09 1.7048E-09 1.7096E-09 1.7138E-09 1.7174E-09 1.7200E-09 1.7221E-09 1.7236E-09 1.7244E-09 1.7243E-09 1.7237E-09 1.7224E-09 1.7203E-09 1.7174E-09
