Assets/Resources/2015_m01_d08_0900(utc+0800)_l00_csi_1hr_conc.grd
DSAA
         159         159
     -79.000      79.000
     -79.000      79.000
  0.5229E-10  0.1163E-04
[rows 50 to 74 of 159, columns 57 to 113 of 159]
4.2809E-09 4.4266E-09 4.5782E-09 4.7359E-09 4.9046E-09 5.0873E-09 5.2922E-09 5.5031E-09 5.7315E-09 5.9732E-09 6.2277E-09 6.5065E-09 6.8391E-09 7.2477E-09 7.6655E-09 8.0689E-09 8.5217E-09 9.0306E-09 9.6166E-09 1.0358E-08 1.1160E-08 1.1952E-08 1.2735E-08 1.3552E-08 1.4701E-08 1.5685E-08 1.6733E-08 1.7844E-08 1.9018E-08 2.0254E-08 2.1549E-08 2.3242E-08 2.4720E-08 2.6258E-08 2.7851E-08 2.9490E-08 3.1167E-08 3.2875E-08 3.4808E-08 3.6596E-08 3.8395E-08 4.0190E-08 4.1968E-08 4.3715E-08 4.5424E-08 4.7082E-08 4.8669E-08 5.0166E-08 5.1554E-08 5.2815E-08 5.3932E-08 5.4892E-08 5.5688E-08 5.6317E-08 5.6773E-08 5.7032E-08 5.7088E-08
4.3030E-09 4.4515E-09 4.6062E-09 4.7691E-09 4.9452E-09 5.1413E-09 5.3489E-09 5.5734E-09 5.8067E-09 6.0595E-09 6.3296E-09 6.6893E-09 7.0605E-09 7.4702E-09 7.8762E-09 8.3263E-09 8.8290E-09 9.3936E-09 1.0094E-08 1.0893E-08 1.1707E-08 1.2524E-08 1.3353E-08 1.4367E-08 1.5497E-08 1.6571E-08 1.7715E-08 1.8931E-08 2.0216E-08 2.1568E-08 2.3222E-08 2.4860E-08 2.6488E-08 2.8183E-08 2.9936E-08 3.1740E-08 3.3586E-08 3.5662E-08 3.7610E-08 3.9583E-08 4.1565E-08 4.3539E-08 4.5493E-08 4.7412E-08 4.9286E-08 5.1102E-08 5.2837E-08 5.4469E-08 5.5980E-08 5.7353E-08 5.8569E-08 5.9612E-08 6.0473E-08 6.1148E-08 6.1633E-08 6.1902E-08 6.1948E-08
4.3250E-09 4.4763E-09 4.6339E-09 4.8045E-09 4.9885E-09 5.1946E-09 5.4093E-09 5.6385E-09 5.8857E-09 6.1453E-09 6.5029E-09 6.8984E-09 7.2636E-09 7.6671E-09 8.1103E-09 8.6045E-09 9.1515E-09 9.8041E-09 1.0591E-08 1.1413E-08 1.2255E-08 1.3101E-08 1.3999E-08 1.5252E-08 1.6347E-08 1.7519E-08 1.8769E-08 2.0098E-08 2.1503E-08 2.2983E-08 2.4900E-08 2.6607E-08 2.8394E-08 3.0253E-08 3.2176E-08 3.4155E-08 3.6371E-08 3.8477E-08 4.0616E-08 4.2778E-08 4.4946E-08 4.7106E-08 4.9240E-08 5.1335E-08 5.3376E-08 5.5352E-08 5.7238E-08 5.9008E-08 6.0645E-08 6.2130E-08 6.3444E-08 6.4567E-08 6.5493E-08 6.6213E-08 6.6715E-08 6.6981E-08 6.7005E-08
4.3467E-09 4.5006E-09 4.6636E-09 4.8395E-09 5.0362E-09 5.2440E-09 5.4698E-09 5.7057E-09 5.9915E-09 6.3412E-09 6.6939E-09 7.0495E-09 7.4423E-09 7.8789E-09 8.3574E-09 8.8945E-09 9.5059E-09 1.0247E-08 1.1071E-08 1.1927E-08 1.2798E-08 1.3766E-08 1.4953E-08 1.6061E-08 1.7253E-08 1.8530E-08 1.9895E-08 2.1345E-08 2.2880E-08 2.4747E-08 2.6610E-08 2.8478E-08 3.0431E-08 3.2462E-08 3.4564E-08 3.6725E-08 3.9162E-08 4.1463E-08 4.3800E-08 4.6159E-08 4.8523E-08 5.0877E-08 5.3201E-08 5.5479E-08 5.7701E-08 5.9845E-08 6.1881E-08 6.3785E-08 6.5540E-08 6.7130E-08 6.8530E-08 6.9727E-08 7.0699E-08 7.1445E-08 7.1950E-08 7.2198E-08 7.2185E-08
4.3678E-09 4.5242E-09 4.6935E-09 4.8768E-09 5.0816E-09 5.2958E-09 5.5249E-09 5.8049E-09 6.1420E-09 6.4850E-09 6.8317E-09 7.2066E-09 7.6249E-09 8.1010E-09 8.6210E-09 9.1906E-09 9.8940E-09 1.0692E-08 1.1548E-08 1.2441E-08 1.3476E-08 1.4544E-08 1.5715E-08 1.6919E-08 1.8215E-08 1.9606E-08 2.1091E-08 2.2671E-08 2.4418E-08 2.6482E-08 2.8421E-08 3.0457E-08 3.2585E-08 3.4798E-08 3.7087E-08 3.9655E-08 4.2118E-08 4.4629E-08 4.7174E-08 4.9737E-08 5.2304E-08 5.4856E-08 5.7374E-08 5.9843E-08 6.2238E-08 6.4540E-08 6.6719E-08 6.8749E-08 7.0611E-08 7.2296E-08 7.3774E-08 7.5021E-08 7.6023E-08 7.6775E-08 7.7266E-08 7.7480E-08 7.7414E-08
4.3878E-09 4.5491E-09 4.7218E-09 4.9146E-09 5.1230E-09 5.3465E-09 5.6130E-09 5.9717E-09 6.2744E-09 6.6041E-09 6.9665E-09 7.3696E-09 7.8271E-09 8.3322E-09 8.8756E-09 9.5240E-09 1.0284E-08 1.1125E-08 1.2019E-08 1.3079E-08 1.4201E-08 1.5310E-08 1.6514E-08 1.7816E-08 1.9220E-08 2.0727E-08 2.2337E-08 2.4048E-08 2.6217E-08 2.8218E-08 3.0328E-08 3.2543E-08 3.4856E-08 3.7261E-08 3.9947E-08 4.2558E-08 4.5233E-08 4.7958E-08 5.0716E-08 5.3489E-08 5.6261E-08 5.9016E-08 6.1729E-08 6.4377E-08 6.6936E-08 6.9385E-08 7.1696E-08 7.3842E-08 7.5797E-08 7.7554E-08 7.9083E-08 8.0362E-08 8.1374E-08 8.2113E-08 8.2570E-08 8.2735E-08 8.2601E-08
4.4066E-09 4.5726E-09 4.7524E-09 4.9533E-09 5.1626E-09 5.4533E-09 5.7729E-09 6.0591E-09 6.3755E-09 6.7273E-09 7.1059E-09 7.5426E-09 8.0234E-09 8.5606E-09 9.1499E-09 9.8654E-09 1.0676E-08 1.1610E-08 1.2685E-08 1.3749E-08 1.4844E-08 1.6038E-08 1.7335E-08 1.8740E-08 2.0254E-08 2.1880E-08 2.3699E-08 2.5815E-08 2.7864E-08 3.0035E-08 3.2325E-08 3.4727E-08 3.7235E-08 3.9843E-08 4.2767E-08 4.5592E-08 4.8485E-08 5.1427E-08 5.4400E-08 5.7384E-08 6.0359E-08 6.3303E-08 6.6192E-08 6.9004E-08 7.1713E-08 7.4291E-08 7.6713E-08 7.8959E-08 8.0991E-08 8.2804E-08 8.4379E-08 8.5681E-08 8.6704E-08 8.7428E-08 8.7841E-08 8.7948E-08 8.7739E-08
4.4261E-09 4.5953E-09 4.7800E-09 4.9865E-09 5.2650E-09 5.5694E-09 5.8474E-09 6.1488E-09 6.4766E-09 6.8440E-09 7.2497E-09 7.7163E-09 8.2317E-09 8.7811E-09 9.4410E-09 1.0206E-08 1.1113E-08 1.2169E-08 1.3254E-08 1.4326E-08 1.5500E-08 1.6781E-08 1.8174E-08 1.9682E-08 2.1309E-08 2.3141E-08 2.5209E-08 2.7360E-08 2.9577E-08 3.1925E-08 3.4401E-08 3.6998E-08 3.9707E-08 4.2725E-08 4.5677E-08 4.8714E-08 5.1819E-08 5.4971E-08 5.8151E-08 6.1335E-08 6.4501E-08 6.7625E-08 7.0683E-08 7.3653E-08 7.6511E-08 7.9216E-08 8.1751E-08 8.4095E-08 8.6208E-08 8.8069E-08 8.9690E-08 9.1015E-08 9.2029E-08 9.2719E-08 9.3067E-08 9.3083E-08 9.2775E-08
4.4434E-09 4.6158E-09 4.8079E-09 5.1043E-09 5.3748E-09 5.6358E-09 5.9193E-09 6.2350E-09 6.5829E-09 6.9656E-09 7.3988E-09 7.8858E-09 8.4224E-09 9.0214E-09 9.7287E-09 1.0646E-08 1.1675E-08 1.2695E-08 1.3765E-08 1.4909E-08 1.6163E-08 1.7532E-08 1.9021E-08 2.0635E-08 2.2538E-08 2.4612E-08 2.6706E-08 2.8947E-08 3.1332E-08 3.3858E-08 3.6520E-08 3.9309E-08 4.2307E-08 4.5462E-08 4.8623E-08 5.1872E-08 5.5190E-08 5.8555E-08 6.1944E-08 6.5332E-08 6.8694E-08 7.2002E-08 7.5238E-08 7.8372E-08 8.1370E-08 8.4192E-08 8.6824E-08 8.9251E-08 9.1429E-08 9.3319E-08 9.4944E-08 9.6261E-08 9.7236E-08 9.7866E-08 9.8128E-08 9.8020E-08 9.7583E-08
4.4593E-09 4.6378E-09 4.9219E-09 5.1750E-09 5.4283E-09 5.6996E-09 5.9932E-09 6.3180E-09 6.6825E-09 7.0891E-09 7.5488E-09 8.0634E-09 8.6082E-09 9.2619E-09 1.0125E-08 1.1117E-08 1.2097E-08 1.3168E-08 1.4277E-08 1.5493E-08 1.6827E-08 1.8285E-08 1.9871E-08 2.1823E-08 2.3817E-08 2.5905E-08 2.8149E-08 3.0549E-08 3.3104E-08 3.5807E-08 3.8653E-08 4.1633E-08 4.4960E-08 4.8232E-08 5.1611E-08 5.5078E-08 5.8613E-08 6.2193E-08 6.5791E-08 6.9381E-08 7.2936E-08 7.6424E-08 7.9816E-08 8.3084E-08 8.6198E-08 8.9113E-08 9.1814E-08 9.4296E-08 9.6513E-08 9.8410E-08 1.0001E-07 1.0130E-07 1.0223E-07 1.0279E-07 1.0296E-07 1.0271E-07 1.0212E-07
4.4736E-09 4.7393E-09 4.9882E-09 5.2237E-09 5.4764E-09 5.7588E-09 6.0653E-09 6.4004E-09 6.7805E-09 7.2083E-09 7.6847E-09 8.2194E-09 8.8056E-09 9.6107E-09 1.0533E-08 1.1466E-08 1.2495E-08 1.3614E-08 1.4784E-08 1.6073E-08 1.7486E-08 1.9099E-08 2.0947E-08 2.2911E-08 2.4974E-08 2.7201E-08 2.9593E-08 3.2152E-08 3.4873E-08 3.7751E-08 4.0876E-08 4.4180E-08 4.7540E-08 5.1024E-08 5.4615E-08 5.8293E-08 6.2037E-08 6.5821E-08 6.9616E-08 7.3394E-08 7.7122E-08 8.0771E-08 8.4303E-08 8.7687E-08 9.0898E-08 9.3889E-08 9.6643E-08 9.9163E-08 1.0140E-07 1.0329E-07 1.0485E-07 1.0610E-07 1.0698E-07 1.0745E-07 1.0752E-07 1.0713E-07 1.0587E-07
4.5928E-09 4.7951E-09 5.0247E-09 5.2685E-09 5.5272E-09 5.8121E-09 6.1309E-09 6.4851E-09 6.8839E-09 7.3269E-09 7.8258E-09 8.3649E-09 9.1495E-09 9.9548E-09 1.0836E-08 1.1820E-08 1.2896E-08 1.4049E-08 1.5283E-08 1.6641E-08 1.8200E-08 2.0059E-08 2.1912E-08 2.3931E-08 2.6120E-08 2.8483E-08 3.1022E-08 3.3735E-08 3.6619E-08 3.9855E-08 4.3115E-08 4.6532E-08 5.0092E-08 5.3778E-08 5.7573E-08 6.1649E-08 6.6143E-08 7.0227E-08 7.4123E-08 7.7848E-08 8.1475E-08 8.5085E-08 8.8666E-08 9.2135E-08 9.5424E-08 9.8477E-08 1.0127E-07 1.0381E-07 1.0542E-07 1.0659E-07 1.0762E-07 1.0847E-07 1.0904E-07 1.0924E-07 1.0907E-07 1.0842E-07 1.0739E-07
4.6186E-09 4.8265E-09 5.0571E-09 5.3073E-09 5.5759E-09 5.8671E-09 6.1935E-09 6.5600E-09 6.9752E-09 7.4342E-09 7.9508E-09 8.6636E-09 9.4144E-09 1.0226E-08 1.1154E-08 1.2174E-08 1.3292E-08 1.4471E-08 1.5766E-08 1.7258E-08 1.9052E-08 2.0841E-08 2.2798E-08 2.4930E-08 2.7243E-08 2.9738E-08 3.2419E-08 3.5281E-08 3.8514E-08 4.1783E-08 4.5225E-08 4.8829E-08 5.2581E-08 5.6642E-08 6.1634E-08 6.7447E-08 7.2111E-08 7.6381E-08 8.0187E-08 8.3636E-08 8.6233E-08 8.8741E-08 9.1466E-08 9.4422E-08 9.7434E-08 1.0032E-07 1.0297E-07 1.0539E-07 1.0750E-07 1.0929E-07 1.1066E-07 1.1170E-07 1.1238E-07 1.1264E-07 1.1247E-07 1.1178E-07 1.1064E-07
4.6429E-09 4.8580E-09 5.0866E-09 5.3415E-09 5.6169E-09 5.9157E-09 6.2445E-09 6.6333E-09 7.0588E-09 7.5321E-09 8.2004E-09 8.8873E-09 9.6373E-09 1.0480E-08 1.1432E-08 1.2487E-08 1.3652E-08 1.4875E-08 1.6351E-08 1.8007E-08 1.9718E-08 2.1598E-08 2.3655E-08 2.5897E-08 2.8327E-08 3.0950E-08 3.3844E-08 3.6964E-08 4.0210E-08 4.3646E-08 4.7261E-08 5.1044E-08 5.4615E-08 5.9930E-08 6.7717E-08 7.3869E-08 7.9473E-08 8.3889E-08 8.6969E-08 8.9117E-08 9.0985E-08 9.3065E-08 9.5525E-08 9.8094E-08 1.0097E-07 1.0383E-07 1.0655E-07 1.0904E-07 1.1120E-07 1.1300E-07 1.1438E-07 1.1471E-07 1.1450E-07 1.1415E-07 1.1352E-07 1.1243E-07 1.1092E-07
4.6649E-09 4.8848E-09 5.1158E-09 5.3715E-09 5.6533E-09 5.9624E-09 6.3051E-09 6.7065E-09 7.1456E-09 7.8210E-09 8.3828E-09 9.0618E-09 9.8205E-09 1.0690E-08 1.1678E-08 1.2772E-08 1.3983E-08 1.5375E-08 1.6943E-08 1.8565E-08 2.0354E-08 2.2321E-08 2.4473E-08 2.6787E-08 2.8773E-08 3.1205E-08 3.3968E-08 3.6927E-08 4.0128E-08 4.3550E-08 4.7177E-08 5.1358E-08 5.6419E-08 6.7317E-08 7.8749E-08 8.8841E-08 9.7093E-08 1.0192E-07 1.0320E-07 1.0225E-07 1.0088E-07 1.0035E-07 1.0109E-07 1.0216E-07 1.0365E-07 1.0573E-07 1.0790E-07 1.1005E-07 1.1198E-07 1.1358E-07 1.1477E-07 1.1553E-07 1.1595E-07 1.1598E-07 1.1558E-07 1.1462E-07 1.1311E-07
4.6832E-09 4.9060E-09 5.1419E-09 5.3971E-09 5.6863E-09 6.0053E-09 6.3647E-09 6.7680E-09 7.3876E-09 7.9280E-09 8.5159E-09 9.2072E-09 9.9931E-09 1.0898E-08 1.1919E-08 1.2953E-08 1.3940E-08 1.5139E-08 1.6448E-08 1.7956E-08 1.9663E-08 2.1570E-08 2.3680E-08 2.5999E-08 2.8607E-08 3.1463E-08 3.4469E-08 3.7694E-08 4.1133E-08 4.4777E-08 4.8613E-08 5.3166E-08 5.9538E-08 7.7124E-08 9.8998E-08 1.1779E-07 1.3006E-07 1.3452E-07 1.3117E-07 1.2313E-07 1.1456E-07 1.0842E-07 1.0548E-07 1.0515E-07 1.0636E-07 1.0826E-07 1.1044E-07 1.1261E-07 1.1462E-07 1.1628E-07 1.1753E-07 1.1697E-07 1.1649E-07 1.2718E-07 1.4198E-07 1.4295E-07 1.3737E-07
4.6989E-09 4.9243E-09 5.1644E-09 5.4202E-09 5.7100E-09 6.0316E-09 6.3998E-09 6.8792E-09 7.1332E-09 7.5040E-09 7.9776E-09 8.5740E-09 9.2782E-09 1.0106E-08 1.1046E-08 1.2205E-08 1.3523E-08 1.4849E-08 1.6335E-08 1.7992E-08 1.9831E-08 2.1863E-08 2.4095E-08 2.6681E-08 2.9374E-08 3.2290E-08 3.5432E-08 3.8184E-08 4.1323E-08 4.4781E-08 4.8499E-08 5.3373E-08 6.4025E-08 9.0824E-08 1.3114E-07 1.6850E-07 1.8861E-07 1.9136E-07 1.7888E-07 1.5857E-07 1.3838E-07 1.2319E-07 1.1443E-07 1.0967E-07 1.0947E-07 1.4630E-07 1.8778E-07 1.9720E-07 1.9167E-07 1.8196E-07 1.7189E-07 1.6257E-07 1.5431E-07 1.4710E-07 1.4070E-07 1.3480E-07 1.2751E-07
4.4892E-09 4.6072E-09 4.7565E-09 4.9313E-09 5.1412E-09 5.3939E-09 5.8660E-09 6.2512E-09 6.6849E-09 7.1576E-09 7.7356E-09 8.4088E-09 9.1759E-09 1.0058E-08 1.1152E-08 1.2393E-08 1.3643E-08 1.5027E-08 1.6514E-08 1.7821E-08 1.9427E-08 2.1294E-08 2.3549E-08 2.5938E-08 2.8570E-08 3.1443E-08 3.4555E-08 3.7902E-08 4.1476E-08 4.5267E-08 5.0591E-08 5.9764E-08 7.7659E-08 1.2462E-07 1.9509E-07 2.6173E-07 2.8747E-07 3.3880E-07 3.6482E-07 3.4005E-07 2.9817E-07 2.5902E-07 2.2908E-07 2.0798E-07 1.9318E-07 1.8207E-07 1.7372E-07 1.6672E-07 1.5919E-07 1.5273E-07 1.4707E-07 1.4185E-07 1.3693E-07 1.3237E-07 1.2802E-07 1.2369E-07 1.1915E-07
4.1729E-09 4.3512E-09 4.5422E-09 4.7512E-09 4.9822E-09 5.4233E-09 5.7847E-09 6.1883E-09 6.6374E-09 7.1240E-09 7.6450E-09 8.0744E-09 8.6736E-09 9.5262E-09 1.0543E-08 1.1603E-08 1.2762E-08 1.4077E-08 1.5561E-08 1.7227E-08 1.9086E-08 2.1287E-08 2.3597E-08 2.6133E-08 2.8901E-08 3.1905E-08 3.4919E-08 3.7840E-08 4.5708E-08 9.9090E-08 1.5014E-07 1.8145E-07 2.1526E-07 3.0155E-07 4.2482E-07 5.3410E-07 5.4081E-07 4.8382E-07 4.1491E-07 3.3919E-07 2.7259E-07 2.2332E-07 1.9081E-07 1.7129E-07 1.5990E-07 1.5295E-07 1.4814E-07 1.4451E-07 1.4148E-07 1.3857E-07 1.3389E-07 1.2958E-07 1.2539E-07 1.2137E-07 1.1744E-07 1.1343E-07 1.0911E-07
4.0954E-09 4.2793E-09 4.4051E-09 4.4802E-09 4.7558E-09 4.9778E-09 5.2596E-09 5.5799E-09 5.9597E-09 6.3882E-09 6.9206E-09 7.5310E-09 8.3560E-09 9.3345E-09 1.0340E-08 1.1472E-08 1.2689E-08 1.4063E-08 1.5421E-08 1.6831E-08 2.1709E-08 4.4944E-08 6.6596E-08 7.9986E-08 8.8658E-08 9.5054E-08 1.0033E-07 1.0502E-07 1.0969E-07 1.1487E-07 1.2322E-07 1.4217E-07 1.9253E-07 3.3756E-07 5.5718E-07 7.2772E-07 7.2167E-07 5.8775E-07 4.6005E-07 3.5628E-07 2.7363E-07 2.1547E-07 1.7750E-07 1.5573E-07 1.4374E-07 1.3712E-07 1.3297E-07 1.3016E-07 1.2793E-07 1.2591E-07 1.2372E-07 1.2102E-07 1.1732E-07 1.1366E-07 1.1006E-07 1.0631E-07 1.0218E-07
3.6682E-09 3.8023E-09 3.9501E-09 4.2622E-09 4.4717E-09 4.7327E-09 5.0502E-09 5.3937E-09 5.7966E-09 6.2507E-09 6.6765E-09 7.2373E-09 9.0220E-09 1.4969E-08 2.0809E-08 2.5407E-08 2.9304E-08 3.2999E-08 3.6713E-08 4.0678E-08 4.4715E-08 4.8937E-08 5.3337E-08 5.7732E-08 6.2077E-08 6.6558E-08 7.1124E-08 7.5869E-08 8.1031E-08 8.7527E-08 9.9631E-08 1.2617E-07 2.0519E-07 4.2730E-07 7.7447E-07 9.7417E-07 9.2261E-07 7.0366E-07 5.0427E-07 3.6929E-07 2.7443E-07 2.1007E-07 1.6987E-07 1.4700E-07 1.3426E-07 1.2755E-07 1.2371E-07 1.2127E-07 1.1956E-07 1.1782E-07 1.1596E-07 1.1396E-07 1.1165E-07 1.0901E-07 1.0623E-07 1.0315E-07 9.9615E-08
3.5365E-09 3.6752E-09 3.9001E-09 4.0230E-09 4.3329E-09 5.1196E-09 5.9517E-09 6.7033E-09 7.4668E-09 9.3514E-09 1.0599E-08 1.2122E-08 1.3733E-08 1.5565E-08 1.7615E-08 1.9801E-08 2.2110E-08 2.4675E-08 2.7615E-08 3.0711E-08 3.4053E-08 3.7629E-08 4.1424E-08 4.5419E-08 4.9593E-08 5.3761E-08 5.7897E-08 6.2364E-08 6.7588E-08 7.4662E-08 8.8985E-08 1.2280E-07 2.2004E-07 5.2707E-07 9.9041E-07 1.1531E-06 1.0006E-06 7.4077E-07 5.1221E-07 3.6327E-07 2.6678E-07 2.0254E-07 1.6265E-07 1.4008E-07 1.2790E-07 1.2154E-07 1.1851E-07 1.1658E-07 1.1546E-07 1.1426E-07 1.1290E-07 1.1136E-07 1.0949E-07 1.0721E-07 1.0471E-07 1.0188E-07 9.8618E-08
3.2483E-09 3.4835E-09 3.6225E-09 4.3490E-09 4.6590E-09 5.0236E-09 5.4724E-09 5.9293E-09 7.0373E-09 7.8107E-09 8.9246E-09 1.0034E-08 1.1343E-08 1.2851E-08 1.4550E-08 1.6450E-08 1.8505E-08 2.0827E-08 2.3247E-08 2.5900E-08 2.8781E-08 3.1883E-08 3.5198E-08 3.8712E-08 4.2410E-08 4.6274E-08 5.0281E-08 5.4574E-08 5.9928E-08 6.7827E-08 8.3838E-08 1.2248E-07 2.4177E-07 6.3666E-07 1.0646E-06 1.0780E-06 8.8929E-07 6.6001E-07 4.6270E-07 3.3329E-07 2.4910E-07 1.9179E-07 1.5579E-07 1.3516E-07 1.2383E-07 1.1800E-07 1.1544E-07 1.1382E-07 1.1302E-07 1.1212E-07 1.1105E-07 1.0978E-07 1.0816E-07 1.0611E-07 1.0376E-07 1.0109E-07 9.8005E-08
3.1982E-09 3.3258E-09 3.7753E-09 3.9926E-09 4.2498E-09 4.5513E-09 4.9303E-09 5.7322E-09 6.3102E-09 7.1723E-09 7.9970E-09 8.9509E-09 1.0088E-08 1.1402E-08 1.2881E-08 1.4535E-08 1.6426E-08 1.8430E-08 2.0642E-08 2.3035E-08 2.5636E-08 2.8446E-08 3.1460E-08 3.4671E-08 3.8066E-08 4.1633E-08 4.5355E-08 4.9635E-08 5.5102E-08 6.3428E-08 8.0036E-08 1.2110E-07 2.9645E-07 8.4887E-07 9.6007E-07 8.1695E-07 6.8097E-07 5.2611E-07 3.8486E-07 2.8633E-07 2.2210E-07 1.7739E-07 1.4716E-07 1.2950E-07 1.1995E-07 1.1511E-07 1.1292E-07 1.1166E-07 1.1108E-07 1.1047E-07 1.1462E-07 1.2274E-07 1.2545E-07 1.3136E-07 1.3397E-07 1.3089E-07 1.2526E-07
3.0920E-09 3.4171E-09 3.5884E-09 3.7881E-09 4.0272E-09 4.3097E-09 4.8597E-09 5.4093E-09 5.9953E-09 6.6529E-09 7.4068E-09 8.2808E-09 9.3203E-09 1.0525E-08 1.1880E-08 1.3447E-08 1.5082E-08 1.6901E-08 1.8911E-08 2.1117E-08 2.3525E-08 2.6133E-08 2.8943E-08 3.1949E-08 3.5145E-08 3.8521E-08 4.2066E-08 4.6212E-08 5.1529E-08 5.9426E-08 7.6783E-08 1.2049E-07 5.3272E-07 9.5647E-07 7.3237E-07 5.9796E-07 5.0322E-07 4.0509E-07 3.1082E-07 2.3815E-07 1.9163E-07 1.6006E-07 1.4280E-07 1.3723E-07 1.3446E-07 1.4077E-07 1.4531E-07 1.4539E-07 1.4340E-07 1.4062E-07 1.3728E-07 1.3376E-07 1.2998E-07 1.2597E-07 1.2166E-07 1.1716E-07 1.1255E-07
