Assets/Resources/2015_m01_d15_0400(utc+0800)_l00_csi_1hr_conc.grd
DSAA
         159         159
     -79.000      79.000
     -79.000      79.000
  0.0000E+00  0.2149E-04
[rows 75 to 99 of 159, columns 57 to 113 of 159]
1.7781E-09 1.8229E-09 1.8815E-09 1.9362E-09 1.9890E-09 2.0543E-09 2.1183E-09 2.1886E-09 2.2470E-09 2.3228E-09 2.3956E-09 2.4716E-09 2.5522E-09 2.6369E-09 2.7467E-09 3.1814E-07 9.8783E-07 3.2749E-07 3.8069E-07 4.6891E-07 4.1932E-07 3.5613E-07 3.9548E-07 4.3184E-07 4.5314E-07 4.6709E-07 4.6985E-07 4.9620E-07 4.9321E-07 4.6600E-07 4.5018E-07 4.0431E-07 3.2973E-07 2.7482E-07 2.2794E-07 1.8407E-07 1.6623E-07 1.6405E-07 1.6480E-07 1.6482E-07 1.6405E-07 1.6276E-07 1.6130E-07 1.5971E-07 1.5786E-07 1.5530E-07 1.5222E-07 1.4815E-07 1.4377E-07 1.3877E-07 1.3313E-07 1.2634E-07 1.1854E-07 1.1025E-07 1.0195E-07 9.3931E-08 8.6404E-08
1.7075E-09 1.7507E-09 1.8046E-09 1.8606E-09 1.9117E-09 1.9753E-09 2.0375E-09 2.0989E-09 2.1629E-09 2.2372E-09 2.3083E-09 2.3828E-09 2.4616E-09 2.5450E-09 2.6350E-09 3.7861E-07 3.5000E-06 5.0907E-06 1.7202E-06 1.3007E-06 1.2219E-06 9.6355E-07 7.1501E-07 6.8308E-07 6.9437E-07 7.1630E-07 7.4092E-07 7.4809E-07 7.4314E-07 7.5031E-07 7.5782E-07 6.8806E-07 6.0622E-07 5.2651E-07 4.1931E-07 2.6580E-07 1.6935E-07 1.5932E-07 1.5922E-07 1.5877E-07 1.5772E-07 1.5624E-07 1.5470E-07 1.5303E-07 1.5135E-07 1.4910E-07 1.4645E-07 1.4298E-07 1.3916E-07 1.3468E-07 1.2945E-07 1.2299E-07 1.1552E-07 1.0758E-07 9.9634E-08 9.1953E-08 8.4744E-08
1.6381E-09 1.6797E-09 1.7320E-09 1.7863E-09 1.8357E-09 1.8975E-09 1.9508E-09 2.0177E-09 2.0801E-09 2.1527E-09 2.2221E-09 2.2951E-09 2.3720E-09 2.4539E-09 2.5314E-09 2.7331E-09 7.6058E-08 1.2433E-06 8.0172E-06 5.9230E-06 1.6375E-06 1.6232E-06 1.4773E-06 1.0014E-06 7.9478E-07 8.0919E-07 8.2000E-07 8.4718E-07 8.7716E-07 8.9527E-07 9.1713E-07 9.2636E-07 8.7308E-07 7.1090E-07 4.9639E-07 3.1202E-07 1.6714E-07 1.5036E-07 1.4975E-07 1.4922E-07 1.4827E-07 1.4692E-07 1.4555E-07 1.4405E-07 1.4266E-07 1.4077E-07 1.3851E-07 1.3566E-07 1.3241E-07 1.2862E-07 1.2401E-07 1.1814E-07 1.1121E-07 1.0380E-07 9.6351E-08 8.9138E-08 8.2358E-08
1.5700E-09 1.6101E-09 1.6542E-09 1.7132E-09 1.7611E-09 1.8211E-09 1.8728E-09 1.9379E-09 1.9987E-09 2.0620E-09 2.1372E-09 2.2087E-09 2.2834E-09 2.3554E-09 2.4382E-09 2.5914E-09 2.8570E-09 3.1400E-09 1.5669E-08 1.4183E-06 2.1490E-05 2.0908E-06 2.1166E-06 2.1425E-06 1.8732E-06 1.0626E-06 1.0446E-06 1.0555E-06 1.0252E-06 8.2540E-07 5.2583E-07 3.1549E-07 2.0125E-07 1.5138E-07 1.4500E-07 1.5749E-07 1.4729E-07 1.3788E-07 1.3697E-07 1.3678E-07 1.3624E-07 1.3532E-07 1.3436E-07 1.3325E-07 1.3222E-07 1.3083E-07 1.2904E-07 1.2680E-07 1.2420E-07 1.2113E-07 1.1716E-07 1.1199E-07 1.0578E-07 9.9070E-08 9.2264E-08 8.5629E-08 7.9365E-08
1.5005E-09 1.5418E-09 1.5844E-09 1.6416E-09 1.6878E-09 1.7391E-09 1.7927E-09 1.8596E-09 1.9186E-09 1.9803E-09 2.0535E-09 2.1235E-09 2.1960E-09 2.2663E-09 2.3469E-09 2.4580E-09 2.7135E-09 2.9609E-09 3.3887E-09 3.8612E-09 4.5885E-09 7.5603E-07 3.1902E-06 3.3131E-06 2.6426E-06 1.1701E-06 1.7361E-07 4.3599E-08 2.9643E-08 3.4015E-08 4.1977E-08 5.2245E-08 6.1808E-08 7.4634E-08 8.8421E-08 1.0337E-07 1.2034E-07 1.2195E-07 1.2191E-07 1.2235E-07 1.2244E-07 1.2215E-07 1.2176E-07 1.2120E-07 1.2060E-07 1.1972E-07 1.1848E-07 1.1690E-07 1.1497E-07 1.1262E-07 1.0935E-07 1.0494E-07 9.9530E-08 9.3610E-08 8.7530E-08 8.1560E-08 7.5878E-08
1.4291E-09 1.4750E-09 1.5160E-09 1.5714E-09 1.6160E-09 1.6657E-09 1.7176E-09 1.7826E-09 1.8401E-09 1.9002E-09 1.9712E-09 2.0315E-09 2.1020E-09 2.1785E-09 2.2566E-09 2.3436E-09 2.5593E-09 2.7996E-09 3.1572E-09 3.6084E-09 4.2080E-09 5.0431E-09 6.0833E-09 7.5623E-09 9.3731E-09 1.1867E-08 1.4920E-08 1.8698E-08 2.3289E-08 2.8823E-08 3.5310E-08 4.2752E-08 5.2203E-08 6.2634E-08 7.3559E-08 8.2199E-08 9.2806E-08 1.0371E-07 1.0569E-07 1.0692E-07 1.0778E-07 1.0820E-07 1.0841E-07 1.0847E-07 1.0834E-07 1.0796E-07 1.0732E-07 1.0640E-07 1.0510E-07 1.0346E-07 1.0092E-07 9.7287E-08 9.2726E-08 8.7630E-08 8.2313E-08 7.7050E-08 7.1989E-08
1.3655E-09 1.4097E-09 1.4491E-09 1.4963E-09 1.5425E-09 1.5938E-09 1.6441E-09 1.7002E-09 1.7631E-09 1.8214E-09 1.8904E-09 1.9489E-09 2.0173E-09 2.0917E-09 2.1676E-09 2.2442E-09 2.4062E-09 2.6449E-09 2.9299E-09 3.3591E-09 3.8482E-09 4.5922E-09 5.4639E-09 6.7259E-09 8.2584E-09 1.0332E-08 1.2917E-08 1.6055E-08 1.9861E-08 2.4402E-08 2.9732E-08 3.5822E-08 4.3203E-08 5.0742E-08 5.9340E-08 6.8096E-08 7.6756E-08 8.5263E-08 8.9414E-08 9.1523E-08 9.3104E-08 9.4213E-08 9.5026E-08 9.5633E-08 9.5980E-08 9.6129E-08 9.5995E-08 9.5696E-08 9.5024E-08 9.4005E-08 9.2165E-08 8.9316E-08 8.5600E-08 8.1324E-08 7.6779E-08 7.2233E-08 6.7799E-08
1.3033E-09 1.3459E-09 1.3807E-09 1.4293E-09 1.4740E-09 1.5167E-09 1.5722E-09 1.6266E-09 1.6877E-09 1.7368E-09 1.8037E-09 1.8677E-09 1.9341E-09 2.0061E-09 2.0805E-09 2.1526E-09 2.2735E-09 2.4851E-09 2.7380E-09 3.0973E-09 3.5442E-09 4.1452E-09 4.9207E-09 5.9320E-09 7.2565E-09 8.9132E-09 1.1095E-08 1.3658E-08 1.6765E-08 2.0433E-08 2.4739E-08 2.9624E-08 3.5076E-08 4.1512E-08 4.8393E-08 5.5408E-08 6.1366E-08 6.7854E-08 7.4063E-08 7.6980E-08 7.9130E-08 8.0810E-08 8.2143E-08 8.3204E-08 8.3996E-08 8.4601E-08 8.4940E-08 8.5167E-08 8.5056E-08 8.4577E-08 8.3383E-08 8.1277E-08 7.8362E-08 7.4873E-08 7.1083E-08 6.7232E-08 6.3412E-08
1.2398E-09 1.2838E-09 1.3171E-09 1.3610E-09 1.4070E-09 1.4483E-09 1.5020E-09 1.5475E-09 1.6066E-09 1.6614E-09 1.7263E-09 1.7880E-09 1.8527E-09 1.9216E-09 1.9947E-09 2.0630E-09 2.1564E-09 2.3170E-09 2.5574E-09 2.8407E-09 3.2514E-09 3.7346E-09 4.4120E-09 5.2308E-09 6.3407E-09 7.6886E-09 9.4526E-09 1.1575E-08 1.4048E-08 1.7009E-08 2.0421E-08 2.4315E-08 2.8652E-08 3.3646E-08 3.8753E-08 4.4299E-08 4.9861E-08 5.5237E-08 6.0372E-08 6.3853E-08 6.6389E-08 6.8444E-08 7.0163E-08 7.1581E-08 7.2721E-08 7.3715E-08 7.4475E-08 7.5097E-08 7.5445E-08 7.5443E-08 7.4808E-08 7.3382E-08 7.1192E-08 6.8436E-08 6.5363E-08 6.2165E-08 5.8928E-08
1.1809E-09 1.2232E-09 1.2551E-09 1.2910E-09 1.3418E-09 1.3815E-09 1.4265E-09 1.4774E-09 1.5347E-09 1.5876E-09 1.6505E-09 1.7097E-09 1.7728E-09 1.8386E-09 1.9017E-09 1.9754E-09 2.0554E-09 2.1841E-09 2.3723E-09 2.6390E-09 2.9485E-09 3.4005E-09 3.9197E-09 4.6417E-09 5.4976E-09 6.6402E-09 8.0115E-09 9.7679E-09 1.1768E-08 1.4099E-08 1.6811E-08 1.9892E-08 2.3300E-08 2.7047E-08 3.1289E-08 3.5726E-08 4.0222E-08 4.4637E-08 4.8520E-08 5.2424E-08 5.5141E-08 5.7399E-08 5.9304E-08 6.0989E-08 6.2423E-08 6.3707E-08 6.4760E-08 6.5699E-08 6.6396E-08 6.6784E-08 6.6638E-08 6.5792E-08 6.4237E-08 6.2147E-08 5.9732E-08 5.7131E-08 5.4439E-08
1.1236E-09 1.1554E-09 1.1948E-09 1.2293E-09 1.2716E-09 1.3166E-09 1.3600E-09 1.4057E-09 1.4645E-09 1.5156E-09 1.5690E-09 1.6330E-09 1.6944E-09 1.7575E-09 1.8187E-09 1.8892E-09 1.9625E-09 2.0714E-09 2.2093E-09 2.4429E-09 2.7099E-09 3.0640E-09 3.5251E-09 4.0827E-09 4.8199E-09 5.6993E-09 6.8417E-09 8.1995E-09 9.8338E-09 1.1698E-08 1.3809E-08 1.6259E-08 1.8968E-08 2.1915E-08 2.5239E-08 2.8780E-08 3.2244E-08 3.5900E-08 3.9432E-08 4.2792E-08 4.5485E-08 4.7772E-08 4.9753E-08 5.1604E-08 5.3236E-08 5.4689E-08 5.5952E-08 5.7057E-08 5.8046E-08 5.8747E-08 5.8997E-08 5.8623E-08 5.7614E-08 5.6118E-08 5.4277E-08 5.2207E-08 5.0021E-08
1.0680E-09 1.0984E-09 1.1362E-09 1.1693E-09 1.2101E-09 1.2501E-09 1.2952E-09 1.3392E-09 1.3889E-09 1.4452E-09 1.4890E-09 1.5585E-09 1.6094E-09 1.6701E-09 1.7370E-09 1.8056E-09 1.8729E-09 1.9688E-09 2.0831E-09 2.2397E-09 2.4950E-09 2.7729E-09 3.1602E-09 3.5995E-09 4.2167E-09 4.9142E-09 5.8387E-09 6.9136E-09 8.2344E-09 9.7261E-09 1.1419E-08 1.3324E-08 1.5447E-08 1.7822E-08 2.0377E-08 2.3167E-08 2.6105E-08 2.9070E-08 3.2017E-08 3.4718E-08 3.7198E-08 3.9474E-08 4.1576E-08 4.3458E-08 4.5124E-08 4.6701E-08 4.8076E-08 4.9318E-08 5.0481E-08 5.1416E-08 5.1954E-08 5.1951E-08 5.1412E-08 5.0417E-08 4.9060E-08 4.7463E-08 4.5717E-08
1.0141E-09 1.0402E-09 1.0794E-09 1.1070E-09 1.1429E-09 1.1878E-09 1.2235E-09 1.2726E-09 1.3142E-09 1.3683E-09 1.4177E-09 1.4772E-09 1.5331E-09 1.5923E-09 1.6519E-09 1.7193E-09 1.7814E-09 1.8677E-09 1.9582E-09 2.0974E-09 2.2653E-09 2.5341E-09 2.8220E-09 3.2188E-09 3.6670E-09 4.2570E-09 4.9731E-09 5.8474E-09 6.8918E-09 8.0841E-09 9.4590E-09 1.0999E-08 1.2655E-08 1.4535E-08 1.6558E-08 1.8676E-08 2.0945E-08 2.3275E-08 2.5781E-08 2.8231E-08 3.0634E-08 3.2717E-08 3.4683E-08 3.6477E-08 3.8142E-08 3.9713E-08 4.1063E-08 4.2459E-08 4.3736E-08 4.4806E-08 4.5538E-08 4.5841E-08 4.5677E-08 4.5081E-08 4.4140E-08 4.2950E-08 4.1545E-08
9.5942E-10 9.8218E-10 1.0091E-09 1.0415E-09 1.0698E-09 1.1160E-09 1.1484E-09 1.1886E-09 1.2344E-09 1.2864E-09 1.3339E-09 1.3912E-09 1.4445E-09 1.4986E-09 1.5583E-09 1.6159E-09 1.6830E-09 1.7528E-09 1.8469E-09 1.9503E-09 2.1040E-09 2.2735E-09 2.5480E-09 2.8431E-09 3.2515E-09 3.6990E-09 4.2911E-09 4.9647E-09 5.8042E-09 6.7626E-09 7.8463E-09 9.0797E-09 1.0417E-08 1.1900E-08 1.3496E-08 1.5239E-08 1.7146E-08 1.9133E-08 2.1190E-08 2.3140E-08 2.5136E-08 2.7099E-08 2.8899E-08 3.0523E-08 3.2144E-08 3.3657E-08 3.5048E-08 3.6468E-08 3.7768E-08 3.8895E-08 3.9779E-08 4.0306E-08 4.0416E-08 4.0140E-08 3.9543E-08 3.8653E-08 3.7535E-08
8.9945E-10 9.2268E-10 9.4908E-10 9.8151E-10 1.0096E-09 1.0454E-09 1.0824E-09 1.1242E-09 1.1648E-09 1.2110E-09 1.2637E-09 1.3114E-09 1.3698E-09 1.4171E-09 1.4740E-09 1.5376E-09 1.6019E-09 1.6655E-09 1.7532E-09 1.8391E-09 1.9678E-09 2.1151E-09 2.3004E-09 2.5633E-09 2.8669E-09 3.2674E-09 3.7177E-09 4.2827E-09 4.9209E-09 5.7156E-09 6.5788E-09 7.5646E-09 8.6905E-09 9.9016E-09 1.1213E-08 1.2625E-08 1.4105E-08 1.5738E-08 1.7418E-08 1.9121E-08 2.0750E-08 2.2423E-08 2.3946E-08 2.5471E-08 2.7035E-08 2.8434E-08 2.9888E-08 3.1245E-08 3.2453E-08 3.3691E-08 3.4660E-08 3.5319E-08 3.5632E-08 3.5602E-08 3.5230E-08 3.4582E-08 3.3810E-08
8.4257E-10 8.6800E-10 8.8903E-10 9.2538E-10 9.5125E-10 9.9036E-10 1.0253E-09 1.0586E-09 1.1041E-09 1.1411E-09 1.1989E-09 1.2372E-09 1.2931E-09 1.3454E-09 1.4008E-09 1.4602E-09 1.5235E-09 1.5812E-09 1.6605E-09 1.7412E-09 1.8339E-09 1.9801E-09 2.1194E-09 2.3254E-09 2.5556E-09 2.8867E-09 3.2567E-09 3.7195E-09 4.2291E-09 4.8714E-09 5.5527E-09 6.3615E-09 7.2360E-09 8.2268E-09 9.3220E-09 1.0462E-08 1.1704E-08 1.2986E-08 1.4242E-08 1.5666E-08 1.7108E-08 1.8519E-08 1.9924E-08 2.1421E-08 2.2788E-08 2.4063E-08 2.5403E-08 2.6696E-08 2.7933E-08 2.9132E-08 3.0111E-08 3.0857E-08 3.1291E-08 3.1387E-08 3.1217E-08 3.0888E-08 3.0422E-08
7.8997E-10 8.1917E-10 8.4083E-10 8.6614E-10 8.9934E-10 9.2779E-10 9.7036E-10 1.0017E-09 1.0384E-09 1.0806E-09 1.1289E-09 1.1727E-09 1.2263E-09 1.2756E-09 1.3295E-09 1.3848E-09 1.4380E-09 1.4995E-09 1.5630E-09 1.6488E-09 1.7298E-09 1.8313E-09 1.9845E-09 2.1249E-09 2.3409E-09 2.5571E-09 2.8748E-09 3.2179E-09 3.6660E-09 4.1466E-09 4.7116E-09 5.3395E-09 6.0477E-09 6.8480E-09 7.6635E-09 8.6688E-09 9.6738E-09 1.0738E-08 1.1887E-08 1.3060E-08 1.4305E-08 1.5381E-08 1.6594E-08 1.7905E-08 1.9085E-08 2.0423E-08 2.1635E-08 2.2795E-08 2.4000E-08 2.5111E-08 2.6081E-08 2.6821E-08 2.7303E-08 2.7581E-08 2.7674E-08 2.7571E-08 2.7283E-08
7.4562E-10 7.7077E-10 7.9428E-10 8.1830E-10 8.4952E-10 8.7615E-10 9.1076E-10 9.4372E-10 9.8160E-10 1.0186E-09 1.0610E-09 1.1095E-09 1.1463E-09 1.2084E-09 1.2513E-09 1.3041E-09 1.3623E-09 1.4221E-09 1.4786E-09 1.5553E-09 1.6317E-09 1.7172E-09 1.8232E-09 1.9813E-09 2.1258E-09 2.3450E-09 2.5473E-09 2.8518E-09 3.1743E-09 3.5879E-09 4.0189E-09 4.5650E-09 5.1156E-09 5.7827E-09 6.4388E-09 7.2355E-09 8.0561E-09 8.9237E-09 9.8634E-09 1.0866E-08 1.1920E-08 1.2934E-08 1.4012E-08 1.5082E-08 1.6118E-08 1.7244E-08 1.8337E-08 1.9442E-08 2.0494E-08 2.1481E-08 2.2449E-08 2.3202E-08 2.3840E-08 2.4279E-08 2.4506E-08 2.4540E-08 2.4409E-08
7.0291E-10 7.2149E-10 7.4902E-10 7.6918E-10 8.0173E-10 8.2344E-10 8.5244E-10 8.9022E-10 9.1951E-10 9.6092E-10 9.9432E-10 1.0410E-09 1.0828E-09 1.1347E-09 1.1822E-09 1.2340E-09 1.2874E-09 1.3463E-09 1.3966E-09 1.4656E-09 1.5363E-09 1.6113E-09 1.7071E-09 1.8115E-09 1.9757E-09 2.1188E-09 2.3325E-09 2.5407E-09 2.8064E-09 3.1219E-09 3.4786E-09 3.9079E-09 4.3450E-09 4.8828E-09 5.4476E-09 6.0571E-09 6.7591E-09 7.5026E-09 8.2753E-09 9.1298E-09 9.9105E-09 1.0812E-08 1.1732E-08 1.2602E-08 1.3609E-08 1.4571E-08 1.5509E-08 1.6471E-08 1.7419E-08 1.8388E-08 1.9363E-08 2.0181E-08 2.0851E-08 2.1348E-08 2.1668E-08 2.1801E-08 2.1763E-08
6.6217E-10 6.7918E-10 7.0213E-10 7.2376E-10 7.4623E-10 7.7548E-10 8.0012E-10 8.3244E-10 8.6684E-10 8.9953E-10 9.3467E-10 9.8209E-10 1.0214E-09 1.0638E-09 1.1162E-09 1.1568E-09 1.2156E-09 1.2632E-09 1.3194E-09 1.3733E-09 1.4443E-09 1.5172E-09 1.5914E-09 1.6938E-09 1.7970E-09 1.9563E-09 2.1048E-09 2.2987E-09 2.5217E-09 2.7683E-09 3.0690E-09 3.3749E-09 3.7589E-09 4.1566E-09 4.6614E-09 5.1582E-09 5.7079E-09 6.3027E-09 6.9622E-09 7.6217E-09 8.3592E-09 9.1183E-09 9.8479E-09 1.0625E-08 1.1469E-08 1.2295E-08 1.3136E-08 1.4003E-08 1.4887E-08 1.5860E-08 1.6776E-08 1.7569E-08 1.8241E-08 1.8760E-08 1.9105E-08 1.9284E-08 1.9327E-08
6.1990E-10 6.3882E-10 6.5802E-10 6.8037E-10 6.9861E-10 7.2933E-10 7.4903E-10 7.8287E-10 8.1286E-10 8.4033E-10 8.8003E-10 9.1147E-10 9.6312E-10 9.9477E-10 1.0450E-09 1.0901E-09 1.1390E-09 1.1897E-09 1.2451E-09 1.2919E-09 1.3577E-09 1.4233E-09 1.4941E-09 1.5725E-09 1.6750E-09 1.7809E-09 1.9177E-09 2.0864E-09 2.2610E-09 2.4836E-09 2.7201E-09 3.0046E-09 3.2831E-09 3.6511E-09 3.9818E-09 4.4379E-09 4.8840E-09 5.3981E-09 5.9042E-09 6.4911E-09 7.1146E-09 7.7147E-09 8.3770E-09 9.0500E-09 9.7570E-09 1.0482E-08 1.1287E-08 1.2072E-08 1.2867E-08 1.3680E-08 1.4564E-08 1.5290E-08 1.5909E-08 1.6409E-08 1.6780E-08 1.7025E-08 1.7141E-08
5.7895E-10 5.9909E-10 6.1431E-10 6.3872E-10 6.5586E-10 6.7654E-10 7.0405E-10 7.2638E-10 7.5698E-10 7.8965E-10 8.1993E-10 8.5557E-10 8.9749E-10 9.3456E-10 9.8108E-10 1.0232E-09 1.0685E-09 1.1154E-09 1.1604E-09 1.2128E-09 1.2628E-09 1.3283E-09 1.3991E-09 1.4644E-09 1.5491E-09 1.6469E-09 1.7582E-09 1.8810E-09 2.0462E-09 2.2221E-09 2.4193E-09 2.6390E-09 2.8979E-09 3.1765E-09 3.4999E-09 3.8249E-09 4.2155E-09 4.6713E-09 5.0963E-09 5.5822E-09 6.0988E-09 6.6504E-09 7.1749E-09 7.7652E-09 8.4123E-09 9.0415E-09 9.6938E-09 1.0361E-08 1.1105E-08 1.1814E-08 1.2519E-08 1.3241E-08 1.3841E-08 1.4347E-08 1.4737E-08 1.4999E-08 1.5136E-08
5.4246E-10 5.5889E-10 5.7618E-10 5.9367E-10 6.1432E-10 6.3435E-10 6.6037E-10 6.7829E-10 7.1047E-10 7.3766E-10 7.6272E-10 7.9941E-10 8.2820E-10 8.7709E-10 9.0616E-10 9.5256E-10 9.9409E-10 1.0392E-09 1.0863E-09 1.1383E-09 1.1807E-09 1.2422E-09 1.2985E-09 1.3708E-09 1.4372E-09 1.5222E-09 1.6201E-09 1.7318E-09 1.8519E-09 1.9884E-09 2.1647E-09 2.3440E-09 2.5500E-09 2.7890E-09 3.0198E-09 3.3372E-09 3.6404E-09 3.9820E-09 4.3809E-09 4.7551E-09 5.2607E-09 5.7159E-09 6.1927E-09 6.6863E-09 7.1910E-09 7.7651E-09 8.3276E-09 8.9097E-09 9.5206E-09 1.0203E-08 1.0844E-08 1.1502E-08 1.2056E-08 1.2518E-08 1.2884E-08 1.3154E-08 1.3336E-08
5.0756E-10 5.2066E-10 5.3922E-10 5.5279E-10 5.7557E-10 5.9051E-10 6.0901E-10 6.3487E-10 6.5552E-10 6.8385E-10 7.1471E-10 7.4303E-10 7.7653E-10 8.1617E-10 8.5070E-10 8.9452E-10 9.3305E-10 9.7500E-10 1.0186E-09 1.0587E-09 1.1077E-09 1.1519E-09 1.2114E-09 1.2736E-09 1.3389E-09 1.4096E-09 1.4889E-09 1.5874E-09 1.6962E-09 1.8143E-09 1.9488E-09 2.0939E-09 2.2632E-09 2.4612E-09 2.6551E-09 2.8715E-09 3.1641E-09 3.4425E-09 3.8015E-09 4.1296E-09 4.4897E-09 4.8967E-09 5.2961E-09 5.7427E-09 6.2155E-09 6.6753E-09 7.1509E-09 7.7003E-09 8.2325E-09 8.7705E-09 9.3210E-09 9.9413E-09 1.0437E-08 1.0879E-08 1.1255E-08 1.1534E-08 1.1717E-08
4.7219E-10 4.8642E-10 5.0081E-10 5.1603E-10 5.3192E-10 5.5100E-10 5.6535E-10 5.9334E-10 6.0960E-10 6.4060E-10 6.6589E-10 6.8896E-10 7.2457E-10 7.5064E-10 7.9714E-10 8.2403E-10 8.6761E-10 9.0577E-10 9.4742E-10 9.8984E-10 1.0388E-09 1.0764E-09 1.1327E-09 1.1805E-09 1.2458E-09 1.3023E-09 1.3761E-09 1.4472E-09 1.5438E-09 1.6497E-09 1.7636E-09 1.8984E-09 2.0378E-09 2.2015E-09 2.3547E-09 2.5445E-09 2.7287E-09 3.0346E-09 3.2656E-09 3.5869E-09 3.8791E-09 4.1947E-09 4.5757E-09 4.8896E-09 5.3001E-09 5.7169E-09 6.1185E-09 6.5753E-09 7.0703E-09 7.5438E-09 8.0438E-09 8.5442E-09 9.0501E-09 9.4499E-09 9.7887E-09 1.0059E-08 1.0270E-08
