Assets/Resources/2015_m01_d02_2000(utc+0800)_l00_csi_1hr_conc.grd
DSAA
         159         159
     -79.000      79.000
     -79.000      79.000
  0.0000E+00  0.2072E-04
[rows 50 to 74 of 159, columns 57 to 113 of 159]
8.1437E-09 7.9315E-09 7.6949E-09 7.4381E-09 7.1629E-09 6.8721E-09 6.5680E-09 6.2518E-09 5.9250E-09 5.5921E-09 5.2554E-09 4.9165E-09 4.5786E-09 4.2438E-09 3.9145E-09 3.5938E-09 3.2834E-09 2.9839E-09 2.6999E-09 2.4349E-09 2.1917E-09 1.9685E-09 1.7634E-09 1.5700E-09 1.3971E-09 1.2398E-09 1.1013E-09 9.8027E-10 8.6903E-10 7.7011E-10 6.8293E-10 6.0395E-10 5.3624E-10 4.7754E-10 4.2458E-10 3.8130E-10 3.4539E-10 3.1058E-10 2.7767E-10 2.4998E-10 2.1772E-10 1.9054E-10 1.6551E-10 1.3835E-10 1.1826E-10 9.7208E-11 7.5296E-11 5.4251E-11 3.7484E-11 2.3819E-11 6.5385E-12 3.6131E-12 1.1026E-12 0.0000E+00 0.0000E+00 0.0000E+00 0.0000E+00
8.4218E-09 8.2145E-09 7.9874E-09 7.7360E-09 7.4619E-09 7.1704E-09 6.8632E-09 6.5395E-09 6.2039E-09 5.8597E-09 5.5104E-09 5.1566E-09 4.8017E-09 4.4495E-09 4.1020E-09 3.7629E-09 3.4353E-09 3.1213E-09 2.8245E-09 2.5455E-09 2.2857E-09 2.0454E-09 1.8268E-09 1.6243E-09 1.4402E-09 1.2731E-09 1.1230E-09 9.9513E-10 8.8015E-10 7.7648E-10 6.8529E-10 6.0115E-10 5.2880E-10 4.6976E-10 4.1478E-10 3.7060E-10 3.3475E-10 2.9999E-10 2.6504E-10 2.3286E-10 2.0372E-10 1.7448E-10 1.4971E-10 1.2286E-10 1.0211E-10 8.3936E-11 6.1787E-11 4.0232E-11 2.8146E-11 1.5217E-11 3.4058E-12 1.0336E-12 0.0000E+00 0.0000E+00 0.0000E+00 0.0000E+00 0.0000E+00
8.7225E-09 8.5231E-09 8.2980E-09 8.0526E-09 7.7814E-09 7.4913E-09 7.1804E-09 6.8519E-09 6.5109E-09 6.1580E-09 5.7963E-09 5.4305E-09 5.0622E-09 4.6940E-09 4.3288E-09 3.9690E-09 3.6189E-09 3.2842E-09 2.9681E-09 2.6726E-09 2.3984E-09 2.1423E-09 1.9052E-09 1.6852E-09 1.4894E-09 1.3147E-09 1.1542E-09 1.0158E-09 8.9346E-10 7.8351E-10 6.8711E-10 6.0134E-10 5.2329E-10 4.6141E-10 4.0687E-10 3.5989E-10 3.2451E-10 2.8911E-10 2.4975E-10 2.1864E-10 1.9211E-10 1.5788E-10 1.3567E-10 1.0827E-10 9.0335E-11 7.3761E-11 4.8880E-11 3.2321E-11 2.1262E-11 3.1905E-12 9.6255E-13 0.0000E+00 0.0000E+00 0.0000E+00 0.0000E+00 0.0000E+00 0.0000E+00
9.0315E-09 8.8491E-09 8.6366E-09 8.3951E-09 8.1285E-09 7.8409E-09 7.5278E-09 7.1947E-09 6.8490E-09 6.4853E-09 6.1111E-09 5.7289E-09 5.3423E-09 4.9560E-09 4.5721E-09 4.1938E-09 3.8255E-09 3.4721E-09 3.1362E-09 2.8197E-09 2.5250E-09 2.2517E-09 1.9988E-09 1.7651E-09 1.5492E-09 1.3615E-09 1.1928E-09 1.0419E-09 9.1131E-10 7.9238E-10 6.9050E-10 6.0252E-10 5.2108E-10 4.5505E-10 3.9963E-10 3.5182E-10 3.1414E-10 2.7488E-10 2.3535E-10 2.0518E-10 1.7568E-10 1.4343E-10 1.1729E-10 9.5696E-11 7.7545E-11 6.0816E-11 3.8694E-11 2.4060E-11 1.5786E-11 8.9012E-13 0.0000E+00 0.0000E+00 0.0000E+00 0.0000E+00 0.0000E+00 0.0000E+00 0.0000E+00
9.3665E-09 9.1932E-09 8.9949E-09 8.7630E-09 8.5049E-09 8.2220E-09 7.9109E-09 7.5776E-09 7.2231E-09 6.8503E-09 6.4648E-09 6.0694E-09 5.6666E-09 5.2611E-09 4.8565E-09 4.4563E-09 4.0670E-09 3.6916E-09 3.3344E-09 2.9963E-09 2.6766E-09 2.3796E-09 2.1059E-09 1.8552E-09 1.6249E-09 1.4213E-09 1.2373E-09 1.0721E-09 9.3152E-10 8.0782E-10 6.9613E-10 6.0500E-10 5.2095E-10 4.5077E-10 3.9328E-10 3.4437E-10 3.0406E-10 2.6129E-10 2.2028E-10 1.8907E-10 1.5916E-10 1.3007E-10 1.0415E-10 8.2383E-11 6.5500E-11 4.5535E-11 2.7009E-11 1.8558E-11 8.5054E-12 0.0000E+00 0.0000E+00 0.0000E+00 0.0000E+00 0.0000E+00 0.0000E+00 0.0000E+00 0.0000E+00
9.7162E-09 9.5650E-09 9.3777E-09 9.1611E-09 8.9161E-09 8.6387E-09 8.3293E-09 7.9983E-09 7.6384E-09 7.2573E-09 6.8645E-09 6.4572E-09 6.0383E-09 5.6126E-09 5.1859E-09 4.7640E-09 4.3513E-09 3.9522E-09 3.5698E-09 3.2065E-09 2.8653E-09 2.5438E-09 2.2458E-09 1.9721E-09 1.7237E-09 1.4955E-09 1.2935E-09 1.1122E-09 9.5819E-10 8.2656E-10 7.0844E-10 6.0840E-10 5.2300E-10 4.4896E-10 3.8853E-10 3.3745E-10 2.9028E-10 2.4639E-10 2.0512E-10 1.7096E-10 1.4405E-10 1.1320E-10 9.0335E-11 6.8088E-11 5.1739E-11 3.7715E-11 2.0716E-11 1.3112E-11 0.0000E+00 0.0000E+00 0.0000E+00 0.0000E+00 0.0000E+00 0.0000E+00 0.0000E+00 0.0000E+00 0.0000E+00
1.0085E-08 9.9534E-09 9.7900E-09 9.5866E-09 9.3527E-09 9.0846E-09 8.7815E-09 8.4474E-09 8.0902E-09 7.7060E-09 7.3026E-09 6.8816E-09 6.4467E-09 6.0033E-09 5.5549E-09 5.1075E-09 4.6677E-09 4.2408E-09 3.8284E-09 3.4354E-09 3.0644E-09 2.7158E-09 2.3936E-09 2.0994E-09 1.8260E-09 1.5800E-09 1.3596E-09 1.1637E-09 9.9071E-10 8.4929E-10 7.2540E-10 6.1713E-10 5.2700E-10 4.4868E-10 3.8384E-10 3.2678E-10 2.7696E-10 2.3331E-10 1.9059E-10 1.5760E-10 1.2645E-10 1.0141E-10 7.6662E-11 5.6758E-11 4.2335E-11 2.5225E-11 1.6293E-11 1.0497E-11 0.0000E+00 0.0000E+00 0.0000E+00 0.0000E+00 0.0000E+00 0.0000E+00 0.0000E+00 0.0000E+00 0.0000E+00
1.0472E-08 1.0365E-08 1.0220E-08 1.0046E-08 9.8256E-09 9.5651E-09 9.2757E-09 8.9455E-09 8.5849E-09 8.2002E-09 7.7892E-09 7.3556E-09 6.9046E-09 6.4398E-09 5.9671E-09 5.4953E-09 5.0277E-09 4.5686E-09 4.1236E-09 3.6976E-09 3.2942E-09 2.9165E-09 2.5642E-09 2.2384E-09 1.9430E-09 1.6751E-09 1.4353E-09 1.2248E-09 1.0377E-09 8.7812E-10 7.4614E-10 6.3171E-10 5.3461E-10 4.5102E-10 3.7567E-10 3.1665E-10 2.6290E-10 2.2090E-10 1.7814E-10 1.4225E-10 1.1677E-10 8.8753E-11 6.4555E-11 4.6656E-11 3.4042E-11 2.1536E-11 1.3496E-11 5.2332E-12 0.0000E+00 0.0000E+00 0.0000E+00 0.0000E+00 0.0000E+00 0.0000E+00 0.0000E+00 0.0000E+00 0.0000E+00
1.0871E-08 1.0803E-08 1.0684E-08 1.0525E-08 1.0333E-08 1.0089E-08 9.8044E-09 9.4877E-09 9.1328E-09 8.7485E-09 8.3335E-09 7.8903E-09 7.4259E-09 6.9425E-09 6.4483E-09 5.9487E-09 5.4483E-09 4.9595E-09 4.4830E-09 4.0227E-09 3.5851E-09 3.1682E-09 2.7765E-09 2.4181E-09 2.0902E-09 1.7945E-09 1.5250E-09 1.2925E-09 1.0907E-09 9.1598E-10 7.7305E-10 6.4988E-10 5.4496E-10 4.5214E-10 3.6963E-10 3.0854E-10 2.5468E-10 2.0761E-10 1.6472E-10 1.3002E-10 1.0498E-10 7.5846E-11 5.4377E-11 3.7054E-11 2.7372E-11 1.8580E-11 1.0738E-11 0.0000E+00 0.0000E+00 0.0000E+00 0.0000E+00 0.0000E+00 0.0000E+00 0.0000E+00 0.0000E+00 0.0000E+00 0.0000E+00
1.1296E-08 1.1248E-08 1.1167E-08 1.1039E-08 1.0860E-08 1.0643E-08 1.0378E-08 1.0070E-08 9.7272E-09 9.3480E-09 8.9293E-09 8.4764E-09 7.9954E-09 7.4917E-09 6.9823E-09 6.4514E-09 5.9198E-09 5.3943E-09 4.8772E-09 4.3765E-09 3.8929E-09 3.4351E-09 3.0106E-09 2.6184E-09 2.2589E-09 1.9340E-09 1.6381E-09 1.3793E-09 1.1574E-09 9.6504E-10 8.0539E-10 6.7023E-10 5.5324E-10 4.5302E-10 3.7080E-10 3.0146E-10 2.4426E-10 1.9827E-10 1.5044E-10 1.2121E-10 9.2838E-11 6.6831E-11 4.6561E-11 3.2997E-11 2.2509E-11 1.7832E-11 7.0425E-12 0.0000E+00 0.0000E+00 0.0000E+00 0.0000E+00 0.0000E+00 0.0000E+00 0.0000E+00 0.0000E+00 0.0000E+00 0.0000E+00
1.1724E-08 1.1717E-08 1.1666E-08 1.1578E-08 1.1430E-08 1.1231E-08 1.0995E-08 1.0709E-08 1.0380E-08 1.0005E-08 9.5867E-09 9.1311E-09 8.6503E-09 8.1292E-09 7.5829E-09 7.0213E-09 6.4593E-09 5.8993E-09 5.3442E-09 4.8033E-09 4.2776E-09 3.7760E-09 3.3044E-09 2.8672E-09 2.4654E-09 2.1028E-09 1.7774E-09 1.4877E-09 1.2375E-09 1.0223E-09 8.4547E-10 6.9478E-10 5.6925E-10 4.6533E-10 3.7088E-10 2.9856E-10 2.3767E-10 1.8553E-10 1.4507E-10 1.0864E-10 8.3143E-11 6.1223E-11 4.2773E-11 2.6241E-11 1.9408E-11 1.3207E-11 0.0000E+00 0.0000E+00 0.0000E+00 0.0000E+00 0.0000E+00 0.0000E+00 0.0000E+00 0.0000E+00 0.0000E+00 0.0000E+00 0.0000E+00
1.2159E-08 1.2198E-08 1.2192E-08 1.2128E-08 1.2018E-08 1.1855E-08 1.1643E-08 1.1385E-08 1.1078E-08 1.0716E-08 1.0314E-08 9.8550E-09 9.3501E-09 8.8164E-09 8.2469E-09 7.6571E-09 7.0713E-09 6.4688E-09 5.8711E-09 5.2812E-09 4.7062E-09 4.1567E-09 3.6401E-09 3.1567E-09 2.7118E-09 2.3105E-09 1.9461E-09 1.6232E-09 1.3415E-09 1.0969E-09 8.9165E-10 7.3125E-10 5.9125E-10 4.7672E-10 3.8188E-10 2.9668E-10 2.3164E-10 1.7900E-10 1.3339E-10 1.0157E-10 7.7823E-11 5.5251E-11 3.9830E-11 2.1494E-11 1.6336E-11 1.0992E-11 0.0000E+00 0.0000E+00 0.0000E+00 0.0000E+00 0.0000E+00 0.0000E+00 0.0000E+00 0.0000E+00 0.0000E+00 0.0000E+00 0.0000E+00
1.2602E-08 1.2687E-08 1.2715E-08 1.2704E-08 1.2634E-08 1.2520E-08 1.2348E-08 1.2122E-08 1.1844E-08 1.1507E-08 1.1105E-08 1.0657E-08 1.0145E-08 9.5851E-09 9.0049E-09 8.3898E-09 7.7799E-09 7.1235E-09 6.4843E-09 5.8481E-09 5.2198E-09 4.6213E-09 4.0531E-09 3.5188E-09 3.0258E-09 2.5732E-09 2.1600E-09 1.7913E-09 1.4719E-09 1.1945E-09 9.6654E-10 7.7733E-10 6.2454E-10 4.9665E-10 3.8840E-10 3.0601E-10 2.3156E-10 1.7299E-10 1.2881E-10 9.7736E-11 7.2835E-11 5.1908E-11 3.3495E-11 2.0789E-11 1.3863E-11 5.4416E-12 0.0000E+00 0.0000E+00 0.0000E+00 0.0000E+00 0.0000E+00 0.0000E+00 0.0000E+00 0.0000E+00 0.0000E+00 0.0000E+00 0.0000E+00
1.3041E-08 1.3173E-08 1.3256E-08 1.3293E-08 1.3275E-08 1.3204E-08 1.3080E-08 1.2902E-08 1.2652E-08 1.2345E-08 1.1959E-08 1.1502E-08 1.1006E-08 1.0439E-08 9.8289E-09 9.2028E-09 8.5465E-09 7.8707E-09 7.2009E-09 6.5138E-09 5.8379E-09 5.1781E-09 4.5474E-09 3.9541E-09 3.4012E-09 2.8920E-09 2.4253E-09 2.0055E-09 1.6457E-09 1.3355E-09 1.0609E-09 8.4688E-10 6.7248E-10 5.2490E-10 4.0554E-10 3.0848E-10 2.3681E-10 1.7485E-10 1.2759E-10 9.6265E-11 6.9838E-11 4.7413E-11 3.0769E-11 1.7787E-11 9.7610E-12 3.5585E-12 0.0000E+00 0.0000E+00 0.0000E+00 0.0000E+00 0.0000E+00 0.0000E+00 0.0000E+00 0.0000E+00 0.0000E+00 0.0000E+00 0.0000E+00
1.3468E-08 1.3653E-08 1.3796E-08 1.3887E-08 1.3929E-08 1.3918E-08 1.3855E-08 1.3715E-08 1.3516E-08 1.3230E-08 1.2878E-08 1.2441E-08 1.1924E-08 1.1365E-08 1.0750E-08 1.0159E-08 9.4421E-09 8.7327E-09 8.0079E-09 7.2752E-09 6.5530E-09 5.8409E-09 5.1490E-09 4.4851E-09 3.8625E-09 3.2872E-09 2.7610E-09 2.2871E-09 1.8693E-09 1.4988E-09 1.1878E-09 9.3505E-10 7.3798E-10 5.7136E-10 4.2970E-10 3.2551E-10 2.4622E-10 1.8284E-10 1.2707E-10 9.1898E-11 6.5150E-11 4.1081E-11 2.8080E-11 1.3918E-11 5.7706E-12 3.4576E-12 0.0000E+00 0.0000E+00 0.0000E+00 0.0000E+00 0.0000E+00 0.0000E+00 0.0000E+00 0.0000E+00 0.0000E+00 0.0000E+00 0.0000E+00
1.3873E-08 1.4122E-08 1.4325E-08 1.4485E-08 1.4595E-08 1.4658E-08 1.4652E-08 1.4576E-08 1.4426E-08 1.4185E-08 1.3848E-08 1.3440E-08 1.2948E-08 1.2394E-08 1.1819E-08 1.1228E-08 1.0466E-08 9.7458E-09 8.9829E-09 8.2047E-09 7.4213E-09 6.6427E-09 5.8774E-09 5.1380E-09 4.4377E-09 3.7863E-09 3.1881E-09 2.6398E-09 2.1479E-09 1.7083E-09 1.3396E-09 1.0554E-09 8.1844E-10 6.2735E-10 4.8068E-10 3.5153E-10 2.5772E-10 1.8968E-10 1.3032E-10 9.0535E-11 6.1348E-11 3.8770E-11 2.6128E-11 1.1639E-11 3.7587E-12 3.3524E-12 0.0000E+00 0.0000E+00 0.0000E+00 0.0000E+00 0.0000E+00 0.0000E+00 0.0000E+00 0.0000E+00 0.0000E+00 0.0000E+00 0.0000E+00
1.4255E-08 1.4566E-08 1.4843E-08 1.5078E-08 1.5269E-08 1.5405E-08 1.5470E-08 1.5466E-08 1.5366E-08 1.5176E-08 1.4889E-08 1.4501E-08 1.4064E-08 1.3560E-08 1.2970E-08 1.2338E-08 1.1632E-08 1.0885E-08 1.0097E-08 9.2820E-09 8.4504E-09 7.6039E-09 6.7646E-09 5.9414E-09 5.1516E-09 4.4097E-09 3.7180E-09 3.0842E-09 2.4986E-09 1.9665E-09 1.5265E-09 1.1991E-09 9.2522E-10 7.0500E-10 5.3375E-10 3.9462E-10 2.8070E-10 2.0000E-10 1.3746E-10 9.0730E-11 5.9859E-11 3.7214E-11 2.2416E-11 7.6931E-12 3.6365E-12 3.2435E-12 0.0000E+00 0.0000E+00 0.0000E+00 0.0000E+00 0.0000E+00 0.0000E+00 0.0000E+00 0.0000E+00 0.0000E+00 0.0000E+00 0.0000E+00
1.4598E-08 1.4986E-08 1.5340E-08 1.5659E-08 1.5937E-08 1.6151E-08 1.6303E-08 1.6368E-08 1.6338E-08 1.6202E-08 1.5977E-08 1.5668E-08 1.5282E-08 1.4832E-08 1.4394E-08 1.3664E-08 1.2987E-08 1.2241E-08 1.1437E-08 1.0584E-08 9.6952E-09 8.7825E-09 7.8571E-09 6.9374E-09 6.0384E-09 5.1827E-09 4.3802E-09 3.6248E-09 2.9241E-09 2.2865E-09 1.7531E-09 1.3747E-09 1.0637E-09 8.0189E-10 5.9327E-10 4.3864E-10 3.1553E-10 2.1840E-10 1.4894E-10 9.3947E-11 5.7549E-11 3.5530E-11 2.0175E-11 5.7122E-12 3.5108E-12 3.1313E-12 0.0000E+00 0.0000E+00 0.0000E+00 0.0000E+00 0.0000E+00 0.0000E+00 0.0000E+00 0.0000E+00 0.0000E+00 0.0000E+00 0.0000E+00
1.4902E-08 1.5367E-08 1.5804E-08 1.6217E-08 1.6582E-08 1.6891E-08 1.7130E-08 1.7273E-08 1.7314E-08 1.7267E-08 1.7128E-08 1.6922E-08 1.6618E-08 1.6211E-08 1.5805E-08 1.5160E-08 1.4505E-08 1.3778E-08 1.2974E-08 1.2108E-08 1.1178E-08 1.0203E-08 9.1906E-09 8.1572E-09 7.1336E-09 6.1464E-09 1.5407E-08 1.5263E-08 1.4294E-08 1.2310E-08 3.2622E-09 2.2938E-09 1.2211E-09 9.2702E-10 6.7318E-10 4.8935E-10 3.5407E-10 2.4447E-10 1.6367E-10 1.0065E-10 5.5825E-11 3.3410E-11 1.5971E-11 5.6213E-12 3.3822E-12 3.0166E-12 0.0000E+00 0.0000E+00 0.0000E+00 0.0000E+00 0.0000E+00 0.0000E+00 0.0000E+00 0.0000E+00 0.0000E+00 0.0000E+00 0.0000E+00
1.5155E-08 1.5700E-08 1.6228E-08 1.6733E-08 1.7194E-08 1.7598E-08 1.7923E-08 1.8154E-08 1.8307E-08 1.8365E-08 1.8353E-08 1.8242E-08 1.8034E-08 1.7727E-08 1.7319E-08 1.6838E-08 1.6265E-08 1.5589E-08 1.4808E-08 1.3930E-08 1.2959E-08 1.1908E-08 1.0802E-08 1.0518E-08 1.7157E-08 2.2555E-08 2.7605E-08 2.9984E-08 2.8397E-08 2.4735E-08 1.9778E-08 1.4611E-08 3.4147E-09 1.8221E-09 7.7966E-10 5.5815E-10 3.9643E-10 2.7375E-10 1.8345E-10 1.1475E-10 6.0132E-11 2.9478E-11 1.5487E-11 5.4431E-12 3.2513E-12 2.8999E-12 0.0000E+00 0.0000E+00 0.0000E+00 0.0000E+00 0.0000E+00 0.0000E+00 0.0000E+00 0.0000E+00 0.0000E+00 0.0000E+00 0.0000E+00
1.5347E-08 1.5973E-08 1.6596E-08 1.7195E-08 1.7755E-08 1.8249E-08 1.8674E-08 1.9032E-08 1.9308E-08 1.9500E-08 1.9606E-08 1.9623E-08 1.9528E-08 1.9586E-08 1.9088E-08 1.8720E-08 1.8247E-08 1.7648E-08 1.6918E-08 1.6047E-08 1.5047E-08 1.3944E-08 1.4486E-08 1.9827E-08 2.9990E-08 5.5818E-08 6.6129E-08 7.0185E-08 5.5827E-08 4.8317E-08 3.7491E-08 2.7126E-08 1.8045E-08 1.1055E-08 1.9741E-09 6.4592E-10 4.4810E-10 3.0432E-10 2.0305E-10 1.3393E-10 6.8593E-11 2.7020E-11 1.5199E-11 5.1760E-12 3.1188E-12 2.7817E-12 0.0000E+00 0.0000E+00 0.0000E+00 0.0000E+00 0.0000E+00 0.0000E+00 0.0000E+00 0.0000E+00 0.0000E+00 0.0000E+00 0.0000E+00
1.5468E-08 1.6177E-08 1.6891E-08 1.7583E-08 1.8228E-08 1.8832E-08 1.9392E-08 1.9878E-08 2.0279E-08 2.0619E-08 2.0876E-08 2.1028E-08 2.1120E-08 2.1106E-08 2.1006E-08 2.0805E-08 2.0478E-08 1.9994E-08 1.9325E-08 1.8484E-08 1.7492E-08 1.8150E-08 1.9638E-08 4.3636E-08 7.5901E-08 1.1017E-07 1.3257E-07 1.3744E-07 1.2686E-07 1.0571E-07 7.0715E-08 4.9491E-08 3.1530E-08 1.8934E-08 1.0515E-08 1.6625E-09 5.1471E-10 3.4518E-10 2.2147E-10 1.4853E-10 8.2819E-11 2.8532E-11 1.4849E-11 4.8182E-12 2.9853E-12 2.6626E-12 0.0000E+00 0.0000E+00 0.0000E+00 0.0000E+00 0.0000E+00 0.0000E+00 0.0000E+00 0.0000E+00 0.0000E+00 0.0000E+00 0.0000E+00
1.5509E-08 1.6300E-08 1.7096E-08 1.7871E-08 1.8621E-08 1.9357E-08 2.0036E-08 2.0643E-08 2.1204E-08 2.1704E-08 2.2127E-08 2.2478E-08 2.2753E-08 2.2956E-08 2.3078E-08 2.3095E-08 2.2945E-08 2.2587E-08 2.2034E-08 2.1278E-08 2.1675E-08 2.5068E-08 3.3463E-08 8.4337E-08 1.7074E-07 2.3578E-07 2.5832E-07 2.6211E-07 2.3439E-07 1.9085E-07 1.4133E-07 9.5072E-08 5.3372E-08 3.0484E-08 1.6571E-08 3.1076E-09 1.0242E-09 3.9540E-10 2.4734E-10 1.6154E-10 9.7236E-11 3.5533E-11 1.4154E-11 4.3682E-12 2.8514E-12 2.5432E-12 0.0000E+00 0.0000E+00 0.0000E+00 0.0000E+00 0.0000E+00 0.0000E+00 0.0000E+00 0.0000E+00 0.0000E+00 0.0000E+00 0.0000E+00
1.5460E-08 1.6324E-08 1.7198E-08 1.8064E-08 1.8935E-08 1.9779E-08 2.0572E-08 2.1322E-08 2.2048E-08 2.2721E-08 2.3339E-08 2.3903E-08 2.4816E-08 2.4886E-08 2.5283E-08 2.5529E-08 2.5572E-08 2.5427E-08 2.5054E-08 2.4909E-08 2.7364E-08 3.5235E-08 8.0199E-08 1.9207E-07 3.4274E-07 4.6605E-07 5.1804E-07 4.9776E-07 4.2527E-07 3.2234E-07 2.3207E-07 1.5243E-07 8.3261E-08 4.6602E-08 2.4245E-08 1.2035E-08 1.8473E-09 4.4722E-10 2.7869E-10 1.7209E-10 1.1100E-10 4.8160E-11 1.3202E-11 3.8239E-12 2.7176E-12 2.4239E-12 0.0000E+00 0.0000E+00 0.0000E+00 0.0000E+00 0.0000E+00 0.0000E+00 0.0000E+00 0.0000E+00 0.0000E+00 0.0000E+00 0.0000E+00
1.5312E-08 1.6244E-08 1.7196E-08 1.8155E-08 1.9121E-08 2.0070E-08 2.0977E-08 2.1885E-08 2.2778E-08 2.3641E-08 2.4470E-08 2.5285E-08 2.6082E-08 2.6851E-08 2.7505E-08 2.8008E-08 2.8352E-08 2.8484E-08 2.8339E-08 2.9540E-08 3.6623E-08 5.6013E-08 1.5167E-07 4.0439E-07 6.6454E-07 8.6421E-07 9.2767E-07 8.4723E-07 6.9567E-07 5.1712E-07 3.5007E-07 2.2314E-07 1.3080E-07 6.4979E-08 3.2810E-08 1.5927E-08 2.7390E-09 6.2771E-10 3.1356E-10 1.8656E-10 1.2077E-10 5.9413E-11 1.3681E-11 3.2789E-12 2.5846E-12 2.3053E-12 0.0000E+00 0.0000E+00 0.0000E+00 0.0000E+00 0.0000E+00 0.0000E+00 0.0000E+00 0.0000E+00 0.0000E+00 0.0000E+00 0.0000E+00
