Assets/Resources/2015_m01_d09_0500(utc+0800)_l00_csi_1hr_conc.grd
DSAA
         159         159
     -79.000      79.000
     -79.000      79.000
  0.4186E-09  0.8379E-05
[rows 75 to 99 of 159, columns 57 to 113 of 159]
6.4419E-09 6.8612E-09 7.2936E-09 7.6704E-09 8.0631E-09 8.4715E-09 8.8962E-09 9.3371E-09 9.7942E-09 1.0268E-08 1.0757E-08 1.1263E-08 1.1783E-08 1.2318E-08 1.2867E-08 1.3429E-08 1.4001E-08 1.4672E-08 1.5415E-08 1.6270E-08 1.7316E-08 1.8297E-08 1.9225E-08 2.0137E-08 2.0987E-08 2.1841E-08 2.2691E-08 2.3530E-08 2.4349E-08 2.5141E-08 2.5899E-08 2.6613E-08 2.7273E-08 2.7873E-08 2.8404E-08 2.8860E-08 2.9229E-08 2.9508E-08 2.9693E-08 2.9778E-08 2.9761E-08 2.9646E-08 2.9436E-08 2.9149E-08 2.8817E-08 2.8461E-08 2.8080E-08 2.7712E-08 2.7336E-08 2.6944E-08 2.6513E-08 2.6033E-08 2.5508E-08 2.4946E-08 2.4354E-08 2.3737E-08 2.3102E-08
6.6978E-09 7.1294E-09 7.5452E-09 7.9409E-09 8.3536E-09 8.7837E-09 9.2313E-09 9.6966E-09 1.0180E-08 1.0681E-08 1.1200E-08 1.1737E-08 1.2290E-08 1.2859E-08 1.3444E-08 1.4042E-08 1.4745E-08 1.5526E-08 1.6477E-08 1.7630E-08 1.8606E-08 1.9619E-08 2.0624E-08 2.1569E-08 2.2527E-08 2.3491E-08 2.4454E-08 2.5404E-08 2.6333E-08 2.7231E-08 2.8089E-08 2.8899E-08 2.9651E-08 3.0330E-08 3.0928E-08 3.1434E-08 3.1838E-08 3.2138E-08 3.2323E-08 3.2392E-08 3.2347E-08 3.2190E-08 3.1949E-08 3.1645E-08 3.1321E-08 3.0960E-08 3.0598E-08 3.0232E-08 2.9823E-08 2.9366E-08 2.8844E-08 2.8266E-08 2.7642E-08 2.6978E-08 2.6284E-08 2.5567E-08 2.4834E-08
6.9477E-09 7.3997E-09 7.7965E-09 8.2113E-09 8.6445E-09 9.0964E-09 9.5674E-09 1.0058E-08 1.0568E-08 1.1098E-08 1.1647E-08 1.2215E-08 1.2802E-08 1.3406E-08 1.4027E-08 1.4756E-08 1.5570E-08 1.6701E-08 1.7914E-08 1.8955E-08 2.0005E-08 2.1013E-08 2.2051E-08 2.3113E-08 2.4191E-08 2.5279E-08 2.6367E-08 2.7443E-08 2.8495E-08 2.9513E-08 3.0485E-08 3.1404E-08 3.2254E-08 3.3018E-08 3.3685E-08 3.4244E-08 3.4685E-08 3.5000E-08 3.5185E-08 3.5239E-08 3.5164E-08 3.4997E-08 3.4752E-08 3.4474E-08 3.4158E-08 3.3815E-08 3.3464E-08 3.3045E-08 3.2560E-08 3.1995E-08 3.1361E-08 3.0668E-08 2.9926E-08 2.9147E-08 2.8338E-08 2.7508E-08 2.6665E-08
7.1985E-09 7.6318E-09 8.0466E-09 8.4807E-09 8.9345E-09 9.4086E-09 9.9036E-09 1.0420E-08 1.0957E-08 1.1515E-08 1.2095E-08 1.2696E-08 1.3316E-08 1.3956E-08 1.4706E-08 1.5546E-08 1.6838E-08 1.7984E-08 1.9086E-08 2.0208E-08 2.1294E-08 2.2420E-08 2.3582E-08 2.4773E-08 2.5986E-08 2.7212E-08 2.8440E-08 2.9658E-08 3.0848E-08 3.2001E-08 3.3103E-08 3.4137E-08 3.5091E-08 3.5947E-08 3.6688E-08 3.7304E-08 3.7781E-08 3.8115E-08 3.8303E-08 3.8342E-08 3.8285E-08 3.8127E-08 3.7922E-08 3.7676E-08 3.7371E-08 3.7042E-08 3.6622E-08 3.6111E-08 3.5502E-08 3.4808E-08 3.4042E-08 3.3216E-08 3.2343E-08 3.1433E-08 3.0496E-08 2.9542E-08 2.8579E-08
7.4490E-09 7.8617E-09 8.2944E-09 8.7477E-09 9.2224E-09 9.7190E-09 1.0238E-08 1.0780E-08 1.1345E-08 1.1932E-08 1.2543E-08 1.3176E-08 1.3831E-08 1.4507E-08 1.5455E-08 1.6662E-08 1.8046E-08 1.9200E-08 2.0301E-08 2.1457E-08 2.2665E-08 2.3921E-08 2.5220E-08 2.6555E-08 2.7918E-08 2.9297E-08 3.0681E-08 3.2056E-08 3.3404E-08 3.4707E-08 3.5949E-08 3.7107E-08 3.8174E-08 3.9128E-08 3.9950E-08 4.0626E-08 4.1147E-08 4.1506E-08 4.1704E-08 4.1789E-08 4.1762E-08 4.1654E-08 4.1503E-08 4.1262E-08 4.0963E-08 4.0553E-08 4.0021E-08 3.9371E-08 3.8617E-08 3.7775E-08 3.6860E-08 3.5886E-08 3.4866E-08 3.3812E-08 3.2737E-08 3.1648E-08 3.0557E-08
7.6590E-09 8.0882E-09 8.5387E-09 9.0116E-09 9.5072E-09 1.0026E-08 1.0569E-08 1.1137E-08 1.1729E-08 1.2346E-08 1.2988E-08 1.3654E-08 1.4344E-08 1.5300E-08 1.6524E-08 1.7935E-08 1.9132E-08 2.0283E-08 2.1499E-08 5.3445E-08 3.0218E-06 3.2640E-06 3.3304E-06 7.1144E-06 2.9992E-08 3.1541E-08 3.3098E-08 3.4648E-08 3.6169E-08 3.7636E-08 3.9028E-08 4.0326E-08 4.1512E-08 4.2572E-08 4.3483E-08 4.4230E-08 4.4803E-08 4.5207E-08 4.5471E-08 4.5620E-08 4.5654E-08 4.5615E-08 4.5468E-08 4.5214E-08 4.4824E-08 4.4281E-08 4.3595E-08 4.2783E-08 4.1865E-08 4.0858E-08 3.9778E-08 3.8642E-08 3.7464E-08 3.6257E-08 3.5034E-08 3.3804E-08 3.2576E-08
7.8647E-09 8.3103E-09 8.7789E-09 9.2710E-09 9.7874E-09 1.0329E-08 1.0896E-08 1.1490E-08 1.2109E-08 1.2755E-08 1.3428E-08 1.4127E-08 1.5000E-08 1.6273E-08 1.7700E-08 1.8962E-08 2.0152E-08 2.1418E-08 2.2759E-08 3.8369E-06 3.0210E-06 3.0050E-06 3.1007E-06 3.1544E-06 1.0905E-06 3.3948E-08 3.5697E-08 3.7436E-08 3.9143E-08 4.0789E-08 4.2346E-08 4.3796E-08 4.5114E-08 4.6290E-08 4.7303E-08 4.8134E-08 4.8789E-08 4.9277E-08 4.9647E-08 4.9862E-08 4.9967E-08 4.9944E-08 4.9756E-08 4.9404E-08 4.8863E-08 4.8151E-08 4.7288E-08 4.6297E-08 4.5199E-08 4.4012E-08 4.2756E-08 4.1448E-08 4.0103E-08 3.8736E-08 3.7358E-08 3.5981E-08 3.4614E-08
8.0652E-09 8.5273E-09 9.0135E-09 9.5247E-09 1.0062E-08 1.0626E-08 1.1217E-08 1.1835E-08 1.2482E-08 1.3157E-08 1.3861E-08 1.4731E-08 1.5954E-08 1.7379E-08 1.8696E-08 1.9913E-08 2.1215E-08 2.2603E-08 2.4078E-08 6.4254E-07 4.0127E-06 2.8964E-06 2.8966E-06 2.9561E-06 3.0023E-06 2.5901E-07 3.8477E-08 4.0421E-08 4.2326E-08 4.4190E-08 4.5975E-08 4.7702E-08 4.9296E-08 5.0720E-08 5.1889E-08 5.2917E-08 5.3641E-08 5.4277E-08 5.4611E-08 5.4858E-08 5.4930E-08 5.4762E-08 5.4401E-08 5.3804E-08 5.3038E-08 5.2096E-08 5.1041E-08 4.9856E-08 4.8565E-08 4.7189E-08 4.5749E-08 4.4262E-08 4.2745E-08 4.1214E-08 3.9679E-08 3.8153E-08 3.6644E-08
8.2601E-09 8.7382E-09 9.2417E-09 9.7717E-09 1.0329E-08 1.0915E-08 1.1529E-08 1.2173E-08 1.2846E-08 1.3550E-08 1.4284E-08 1.5495E-08 1.6903E-08 1.8338E-08 1.9570E-08 2.0894E-08 2.2315E-08 2.3836E-08 2.5456E-08 3.9745E-08 4.9436E-06 3.3915E-06 2.7884E-06 2.7979E-06 2.8485E-06 3.4921E-06 5.4824E-08 4.3705E-08 4.6055E-08 4.8438E-08 5.0739E-08 5.2803E-08 5.4668E-08 5.6170E-08 5.7548E-08 5.8697E-08 5.9367E-08 6.0315E-08 6.0854E-08 6.1091E-08 6.1001E-08 6.0726E-08 5.9889E-08 5.8810E-08 5.7661E-08 5.6281E-08 5.4902E-08 5.3434E-08 5.1910E-08 5.0340E-08 4.8711E-08 4.7044E-08 4.5354E-08 4.3657E-08 4.1965E-08 4.0290E-08 3.8641E-08
8.4483E-09 8.9419E-09 9.4625E-09 1.0011E-08 1.0588E-08 1.1194E-08 1.1832E-08 1.2500E-08 1.3200E-08 1.3931E-08 1.4891E-08 1.6333E-08 1.7864E-08 1.9132E-08 2.0465E-08 2.1904E-08 2.3452E-08 2.5113E-08 2.6889E-08 2.8779E-08 3.6220E-06 4.7914E-06 3.0185E-06 2.6437E-06 1.9184E-06 2.9073E-07 4.5088E-08 4.8003E-08 5.0866E-08 5.3584E-08 5.6032E-08 5.8488E-08 6.0862E-08 6.3374E-08 6.4867E-08 6.6267E-08 6.7286E-08 6.8309E-08 6.8748E-08 6.8795E-08 6.8292E-08 6.7530E-08 6.6298E-08 6.4784E-08 6.3137E-08 6.1199E-08 5.9353E-08 5.7309E-08 5.5423E-08 5.3456E-08 5.1599E-08 4.9752E-08 4.7891E-08 4.6032E-08 4.4187E-08 4.2366E-08 4.0580E-08
8.6289E-09 9.1378E-09 9.6748E-09 1.0241E-08 1.0837E-08 1.1464E-08 1.2123E-08 1.2815E-08 1.3539E-08 1.4298E-08 1.5708E-08 1.7204E-08 1.8611E-08 1.9939E-08 2.1379E-08 2.2937E-08 2.4619E-08 2.6429E-08 2.8370E-08 3.0440E-08 1.1696E-06 4.7567E-06 4.4270E-06 2.8742E-07 4.2995E-08 4.6251E-08 4.9610E-08 5.3117E-08 5.6494E-08 5.9801E-08 6.3618E-08 6.7149E-08 6.9881E-08 7.2219E-08 7.4096E-08 7.5547E-08 7.6553E-08 7.7120E-08 7.7156E-08 7.6653E-08 7.5746E-08 7.4424E-08 7.2797E-08 7.0935E-08 6.8751E-08 6.6587E-08 6.3987E-08 6.1670E-08 5.9226E-08 5.6829E-08 5.4606E-08 5.2362E-08 5.0323E-08 4.8308E-08 4.6315E-08 4.4356E-08 4.2439E-08
8.8015E-09 9.3250E-09 9.8772E-09 1.0460E-08 1.1074E-08 1.1721E-08 1.2401E-08 1.3115E-08 1.3865E-08 1.4997E-08 1.6570E-08 1.7983E-08 1.9327E-08 2.0754E-08 2.2305E-08 2.3989E-08 2.5812E-08 2.7778E-08 2.9892E-08 3.2154E-08 6.4601E-08 4.8779E-06 4.7308E-06 1.0923E-06 4.7435E-08 5.1744E-08 5.6084E-08 6.0242E-08 6.4239E-08 6.8139E-08 7.1976E-08 7.5692E-08 7.8969E-08 8.1667E-08 8.3736E-08 8.5208E-08 8.6112E-08 8.6425E-08 8.6132E-08 8.5275E-08 8.3864E-08 8.1837E-08 7.9629E-08 7.7142E-08 7.4483E-08 7.1760E-08 6.8904E-08 6.5983E-08 6.3182E-08 6.0294E-08 5.7799E-08 5.5079E-08 5.2753E-08 5.0455E-08 4.8324E-08 4.6234E-08 4.4195E-08
8.9652E-09 9.5018E-09 1.0069E-08 1.0668E-08 1.1299E-08 1.1964E-08 1.2665E-08 1.3401E-08 1.4174E-08 1.5664E-08 1.7263E-08 1.8646E-08 2.0045E-08 2.1573E-08 2.3239E-08 2.5053E-08 2.7022E-08 2.9151E-08 3.1447E-08 3.3913E-08 3.6601E-08 4.0183E-07 7.3509E-06 3.1153E-06 6.5300E-08 5.7698E-08 6.2467E-08 6.7347E-08 7.2244E-08 7.7026E-08 8.1669E-08 8.6138E-08 8.9999E-08 9.3058E-08 9.5251E-08 9.6654E-08 9.7313E-08 9.7173E-08 9.6340E-08 9.4848E-08 9.2767E-08 9.0198E-08 8.7104E-08 8.3936E-08 8.0511E-08 7.7264E-08 7.3835E-08 7.0495E-08 6.7224E-08 6.3867E-08 6.0815E-08 5.7993E-08 5.5153E-08 5.2677E-08 5.0191E-08 4.7982E-08 4.5830E-08
9.1185E-09 9.6679E-09 1.0249E-08 1.0863E-08 1.1510E-08 1.2193E-08 1.2913E-08 1.3670E-08 1.4813E-08 1.6462E-08 1.7837E-08 1.9268E-08 2.0758E-08 2.2390E-08 2.4175E-08 2.6122E-08 2.8241E-08 3.0540E-08 3.3031E-08 3.5777E-08 3.9133E-08 4.3392E-08 1.3347E-06 8.3795E-06 8.7718E-07 6.4218E-08 7.0080E-08 7.6074E-08 8.2109E-08 8.7970E-08 9.3621E-08 9.8933E-08 1.0343E-07 1.0684E-07 1.0901E-07 1.1022E-07 1.1046E-07 1.0980E-07 1.0821E-07 1.0587E-07 1.0286E-07 9.9391E-08 9.5526E-08 9.1491E-08 8.7181E-08 8.2958E-08 7.9004E-08 7.5004E-08 7.1284E-08 6.7610E-08 6.3945E-08 6.0686E-08 5.7666E-08 5.4745E-08 5.2133E-08 4.9581E-08 4.7328E-08
9.2613E-09 9.8228E-09 1.0417E-08 1.1044E-08 1.1707E-08 1.2407E-08 1.3144E-08 1.3921E-08 1.5539E-08 1.7034E-08 1.8404E-08 1.9880E-08 2.1461E-08 2.3199E-08 2.5102E-08 2.7186E-08 2.9461E-08 3.1942E-08 3.4674E-08 3.8122E-08 4.2543E-08 4.7625E-08 5.3116E-08 2.7487E-06 6.6974E-06 9.0959E-07 7.9372E-08 8.6979E-08 9.4607E-08 1.0190E-07 1.0870E-07 1.1488E-07 1.1994E-07 1.2357E-07 1.2566E-07 1.2645E-07 1.2605E-07 1.2457E-07 1.2209E-07 1.1866E-07 1.1453E-07 1.0982E-07 1.0487E-07 9.9718E-08 9.4593E-08 8.9354E-08 8.4352E-08 7.9812E-08 7.5328E-08 7.1242E-08 6.7256E-08 6.3401E-08 6.0010E-08 5.6899E-08 5.3912E-08 5.1254E-08 4.8677E-08
9.3932E-09 9.9656E-09 1.0571E-08 1.1211E-08 1.1889E-08 1.2604E-08 1.3358E-08 1.4356E-08 1.6135E-08 1.7514E-08 1.8958E-08 2.0476E-08 2.2150E-08 2.3991E-08 2.6016E-08 2.8241E-08 3.0679E-08 3.3346E-08 3.6730E-08 4.1174E-08 4.6322E-08 5.2021E-08 5.8323E-08 1.1267E-07 3.0750E-06 5.8820E-06 8.9856E-07 1.0111E-07 1.1079E-07 1.1983E-07 1.2796E-07 1.3500E-07 1.4037E-07 1.4408E-07 1.4582E-07 1.4601E-07 1.4471E-07 1.4205E-07 1.3831E-07 1.3357E-07 1.2795E-07 1.2188E-07 1.1543E-07 1.0901E-07 1.0261E-07 9.6445E-08 9.0392E-08 8.4738E-08 7.9698E-08 7.4756E-08 7.0493E-08 6.6124E-08 6.2370E-08 5.8846E-08 5.5757E-08 5.2758E-08 5.0096E-08
9.5132E-09 1.0095E-08 1.0712E-08 1.1364E-08 1.2054E-08 1.2784E-08 1.3554E-08 1.4882E-08 1.6574E-08 1.7939E-08 1.9455E-08 2.1052E-08 2.2815E-08 2.4762E-08 2.6912E-08 2.9279E-08 3.1878E-08 3.5020E-08 3.9323E-08 4.4442E-08 5.0284E-08 5.6850E-08 6.4254E-08 7.2828E-08 1.7483E-07 2.9877E-06 4.7632E-06 6.7468E-07 1.3244E-07 1.4377E-07 1.5323E-07 1.6075E-07 1.6607E-07 1.6952E-07 1.7072E-07 1.6990E-07 1.6742E-07 1.6328E-07 1.5787E-07 1.5137E-07 1.4404E-07 1.3612E-07 1.2801E-07 1.1984E-07 1.1158E-07 1.0442E-07 9.7149E-08 9.0654E-08 8.4496E-08 7.9070E-08 7.3883E-08 6.9383E-08 6.4914E-08 6.1131E-08 5.7629E-08 5.4255E-08 5.1344E-08
9.6208E-09 1.0212E-08 1.0839E-08 1.1501E-08 1.2204E-08 1.2947E-08 1.3877E-08 1.5524E-08 1.6957E-08 1.8382E-08 1.9928E-08 2.1600E-08 2.3452E-08 2.5509E-08 2.7782E-08 3.0290E-08 3.3126E-08 3.7131E-08 4.2129E-08 4.7913E-08 5.4528E-08 6.2123E-08 7.1083E-08 8.1958E-08 9.4884E-08 2.8549E-07 3.1730E-06 3.3195E-06 4.8568E-07 1.7837E-07 1.8840E-07 1.9542E-07 1.9943E-07 2.0116E-07 2.0065E-07 1.9824E-07 1.9392E-07 1.8783E-07 1.8030E-07 1.7165E-07 1.6218E-07 1.5217E-07 1.4198E-07 1.3192E-07 1.2232E-07 1.1324E-07 1.0476E-07 9.6768E-08 8.9732E-08 8.3215E-08 7.7532E-08 7.2220E-08 6.7406E-08 6.3200E-08 5.9313E-08 5.5979E-08 5.2673E-08
9.7169E-09 1.0316E-08 1.0951E-08 1.1625E-08 1.2338E-08 1.3093E-08 1.4237E-08 1.5913E-08 1.7320E-08 1.8800E-08 2.0372E-08 2.2117E-08 2.4064E-08 2.6224E-08 2.8616E-08 3.1255E-08 3.4730E-08 3.9483E-08 4.4943E-08 5.1462E-08 5.9010E-08 6.7950E-08 7.9004E-08 9.2705E-08 1.0958E-07 1.3083E-07 7.2590E-07 3.0671E-06 1.9704E-06 3.7901E-07 2.4368E-07 2.4388E-07 2.4285E-07 2.4117E-07 2.3761E-07 2.3171E-07 2.2490E-07 2.1629E-07 2.0627E-07 1.9485E-07 1.8282E-07 1.7035E-07 1.5785E-07 1.4571E-07 1.3405E-07 1.2310E-07 1.1296E-07 1.0363E-07 9.5210E-08 8.7682E-08 8.1130E-08 7.5098E-08 6.9947E-08 6.5052E-08 6.0938E-08 5.7210E-08 5.3896E-08
9.8009E-09 1.0407E-08 1.1050E-08 1.1733E-08 1.2457E-08 1.3221E-08 1.4584E-08 1.6243E-08 1.7617E-08 1.9151E-08 2.0782E-08 2.2608E-08 2.4641E-08 2.6896E-08 2.9399E-08 3.2265E-08 3.6536E-08 4.1618E-08 4.7854E-08 5.5087E-08 6.3747E-08 7.4413E-08 8.7981E-08 1.0499E-07 1.2697E-07 1.5620E-07 3.2480E-07 1.3571E-06 2.3313E-06 1.1036E-06 4.5178E-07 3.4735E-07 3.1336E-07 2.9728E-07 2.8427E-07 2.7351E-07 2.6211E-07 2.4994E-07 2.3649E-07 2.2167E-07 2.0651E-07 1.9123E-07 1.7618E-07 1.6129E-07 1.4721E-07 1.3394E-07 1.2193E-07 1.1102E-07 1.0110E-07 9.2554E-08 8.4881E-08 7.8326E-08 7.2337E-08 6.7242E-08 6.2573E-08 5.8526E-08 5.5035E-08
9.8728E-09 1.0485E-08 1.1137E-08 1.1828E-08 1.2559E-08 1.3333E-08 1.4918E-08 1.6469E-08 1.7886E-08 1.9471E-08 2.1168E-08 2.3063E-08 2.5171E-08 2.7518E-08 3.0118E-08 3.3529E-08 3.8332E-08 4.3891E-08 5.0732E-08 5.8807E-08 6.8767E-08 8.1346E-08 9.7566E-08 1.1839E-07 1.4607E-07 1.9004E-07 3.2257E-07 7.1331E-07 1.3245E-06 1.2616E-06 7.6206E-07 5.2245E-07 4.2123E-07 3.7330E-07 3.4560E-07 3.2468E-07 3.0638E-07 2.8878E-07 2.7076E-07 2.5220E-07 2.3352E-07 2.1488E-07 1.9649E-07 1.7868E-07 1.6179E-07 1.4612E-07 1.3183E-07 1.1901E-07 1.0749E-07 9.7526E-08 8.8779E-08 8.1376E-08 7.4743E-08 6.9135E-08 6.4002E-08 5.9733E-08 5.5928E-08
9.9339E-09 1.0553E-08 1.1211E-08 1.1908E-08 1.2646E-08 1.3578E-08 1.5208E-08 1.6669E-08 1.8127E-08 1.9765E-08 2.1518E-08 2.3471E-08 2.5650E-08 2.8074E-08 3.0791E-08 3.4830E-08 3.9820E-08 4.6104E-08 5.3433E-08 6.2539E-08 7.3926E-08 8.8511E-08 1.0740E-07 1.3196E-07 1.6565E-07 2.2638E-07 3.4565E-07 5.7528E-07 8.6609E-07 9.3339E-07 7.7394E-07 6.0950E-07 5.0549E-07 4.4479E-07 4.0585E-07 3.7707E-07 3.5242E-07 3.2946E-07 3.0696E-07 2.8463E-07 2.6212E-07 2.3973E-07 2.1783E-07 1.9676E-07 1.7693E-07 1.5861E-07 1.4199E-07 1.2718E-07 1.1412E-07 1.0264E-07 9.2901E-08 8.4432E-08 7.7257E-08 7.0969E-08 6.5564E-08 6.0900E-08 5.6773E-08
9.9851E-09 1.0610E-08 1.1272E-08 1.1975E-08 1.2718E-08 1.3891E-08 1.5435E-08 1.6887E-08 1.8343E-08 2.0027E-08 2.1824E-08 2.3828E-08 2.6066E-08 2.8549E-08 3.1521E-08 3.6066E-08 4.1318E-08 4.8122E-08 5.6060E-08 6.6216E-08 7.8992E-08 9.5394E-08 1.1646E-07 1.4464E-07 1.8524E-07 2.4952E-07 3.5522E-07 5.0775E-07 6.6824E-07 7.3309E-07 6.9274E-07 6.1489E-07 5.4566E-07 4.9337E-07 4.5442E-07 4.2307E-07 3.9532E-07 3.6878E-07 3.4296E-07 3.1693E-07 2.9067E-07 2.6464E-07 2.3917E-07 2.1489E-07 1.9204E-07 1.7108E-07 1.5211E-07 1.3528E-07 1.2055E-07 1.0764E-07 9.6789E-08 8.7379E-08 7.9555E-08 7.2726E-08 6.6984E-08 6.1866E-08 5.7544E-08
1.0027E-08 1.0655E-08 1.1322E-08 1.2027E-08 1.2773E-08 1.4096E-08 1.5643E-08 1.7082E-08 1.8531E-08 2.0249E-08 2.2081E-08 2.4129E-08 2.6404E-08 2.8932E-08 3.2229E-08 3.7015E-08 4.2769E-08 4.9915E-08 5.8574E-08 6.9670E-08 8.3725E-08 1.0180E-07 1.2496E-07 1.5633E-07 2.0109E-07 2.6718E-07 3.5711E-07 4.6745E-07 5.6716E-07 6.2306E-07 6.2829E-07 5.9880E-07 5.6013E-07 5.2330E-07 4.9061E-07 4.6113E-07 4.3284E-07 4.0461E-07 3.7612E-07 3.4706E-07 3.1753E-07 2.8821E-07 2.5946E-07 2.3213E-07 2.0646E-07 1.8297E-07 1.6177E-07 1.4302E-07 1.2667E-07 1.1240E-07 1.0044E-07 9.0177E-08 8.1648E-08 7.4301E-08 6.8174E-08 6.2753E-08 5.8253E-08
1.0059E-08 1.0691E-08 1.1358E-08 1.2065E-08 1.2812E-08 1.4213E-08 1.5829E-08 1.7211E-08 1.8684E-08 2.0427E-08 2.2286E-08 2.4354E-08 2.6657E-08 2.9229E-08 3.2845E-08 3.7787E-08 4.4049E-08 5.1526E-08 6.0774E-08 7.2572E-08 8.7795E-08 1.0700E-07 1.3206E-07 1.6585E-07 2.1246E-07 2.7438E-07 3.5148E-07 4.3625E-07 5.1121E-07 5.6194E-07 5.8518E-07 5.8266E-07 5.6462E-07 5.4154E-07 5.1678E-07 4.9130E-07 4.6394E-07 4.3491E-07 4.0474E-07 3.7340E-07 3.4126E-07 3.0919E-07 2.7762E-07 2.4758E-07 2.1942E-07 1.9367E-07 1.7049E-07 1.4999E-07 1.3217E-07 1.1673E-07 1.0371E-07 9.2678E-08 8.3457E-08 7.5672E-08 6.9126E-08 6.3502E-08 5.8766E-08
