Assets/Resources/2015_m01_d05_1400(utc+0800)_l00_csi_1hr_conc.grd
DSAA
         159         159
     -79.000      79.000
     -79.000      79.000
  0.1203E-09  0.1072E-03
[rows 125 to 149 of 159, columns 0 to 56 of 159]
2.2406E-09 2.2623E-09 2.2832E-09 2.3169E-09 2.4343E-09 2.5047E-09 2.5261E-09 2.5465E-09 2.5658E-09 2.5841E-09 2.6521E-09 2.6685E-09 2.6837E-09 2.6978E-09 2.7106E-09 2.7226E-09 2.7332E-09 2.7426E-09 2.7506E-09 2.7572E-09 2.7625E-09 2.7663E-09 2.7687E-09 2.7696E-09 2.7690E-09 2.7671E-09 2.7638E-09 2.7591E-09 2.7529E-09 2.7453E-09 2.7364E-09 2.7261E-09 2.7145E-09 2.7016E-09 2.6873E-09 2.6714E-09 2.6547E-09 2.6366E-09 2.6172E-09 2.5970E-09 2.5744E-09 2.5005E-09 2.4767E-09 2.4524E-09 2.4272E-09 2.4015E-09 2.3260E-09 2.2032E-09 2.1784E-09 2.1529E-09 2.1138E-09 2.0878E-09 2.0612E-09 1.9889E-09 1.9624E-09 1.9356E-09 1.8640E-09
2.1328E-09 2.1992E-09 2.2194E-09 2.2389E-09 2.2576E-09 2.2890E-09 2.3063E-09 2.4207E-09 2.4876E-09 2.5052E-09 2.5218E-09 2.5372E-09 2.5516E-09 2.5648E-09 2.6272E-09 2.6383E-09 2.6481E-09 2.6567E-09 2.6640E-09 2.6701E-09 2.6752E-09 2.6788E-09 2.6811E-09 2.6821E-09 2.6817E-09 2.6799E-09 2.6767E-09 2.6722E-09 2.6663E-09 2.6590E-09 2.6503E-09 2.6403E-09 2.6291E-09 2.6164E-09 2.6026E-09 2.5875E-09 2.5712E-09 2.5029E-09 2.4842E-09 2.4650E-09 2.4442E-09 2.4229E-09 2.4006E-09 2.3281E-09 2.2081E-09 2.1861E-09 2.1635E-09 2.1404E-09 2.1035E-09 2.0795E-09 2.0548E-09 1.9845E-09 1.9598E-09 1.9347E-09 1.8646E-09 1.7528E-09 1.7297E-09
2.0720E-09 2.0911E-09 2.1096E-09 2.1734E-09 2.1914E-09 2.2086E-09 2.2250E-09 2.2406E-09 2.2688E-09 2.2829E-09 2.2961E-09 2.4068E-09 2.4694E-09 2.4820E-09 2.4935E-09 2.5038E-09 2.5130E-09 2.5210E-09 2.5277E-09 2.5332E-09 2.5374E-09 2.5404E-09 2.5927E-09 2.5934E-09 2.5927E-09 2.5908E-09 2.5877E-09 2.5832E-09 2.5775E-09 2.5200E-09 2.5120E-09 2.5028E-09 2.4924E-09 2.4808E-09 2.4677E-09 2.4539E-09 2.4388E-09 2.4227E-09 2.4055E-09 2.3873E-09 2.3190E-09 2.2032E-09 2.1842E-09 2.1644E-09 2.1442E-09 2.1101E-09 2.0887E-09 2.0666E-09 1.9983E-09 1.9760E-09 1.9530E-09 1.9296E-09 1.8613E-09 1.7511E-09 1.7294E-09 1.7073E-09 1.6849E-09
1.8840E-09 1.9885E-09 2.0506E-09 2.0678E-09 2.0843E-09 2.1001E-09 2.1613E-09 2.1763E-09 2.1905E-09 2.2039E-09 2.2165E-09 2.2281E-09 2.2524E-09 2.2624E-09 2.2715E-09 2.3770E-09 2.3851E-09 2.4418E-09 2.4483E-09 2.4536E-09 2.4578E-09 2.4607E-09 2.4625E-09 2.4631E-09 2.4624E-09 2.4606E-09 2.4575E-09 2.4533E-09 2.4478E-09 2.4412E-09 2.4334E-09 2.4244E-09 2.4142E-09 2.4029E-09 2.3412E-09 2.3282E-09 2.2170E-09 2.2028E-09 2.1878E-09 2.1722E-09 2.1557E-09 2.1252E-09 2.1073E-09 2.0887E-09 2.0694E-09 2.0494E-09 1.9837E-09 1.9632E-09 1.9421E-09 1.9205E-09 1.8542E-09 1.7460E-09 1.7257E-09 1.7050E-09 1.6840E-09 1.6626E-09 1.6408E-09
1.8338E-09 1.8489E-09 1.8636E-09 1.8776E-09 1.9806E-09 2.0404E-09 2.0549E-09 2.0687E-09 2.0817E-09 2.1399E-09 2.1519E-09 2.1632E-09 2.1735E-09 2.1830E-09 2.1916E-09 2.1993E-09 2.2060E-09 2.2252E-09 2.2302E-09 2.2341E-09 2.2371E-09 2.2391E-09 2.2401E-09 2.2401E-09 2.2391E-09 2.2371E-09 2.2342E-09 2.2302E-09 2.2252E-09 2.2192E-09 2.2123E-09 2.2044E-09 2.1955E-09 2.1858E-09 2.1750E-09 2.1634E-09 2.1376E-09 2.1243E-09 2.1102E-09 2.0953E-09 2.0796E-09 2.0631E-09 2.0003E-09 1.9830E-09 1.9650E-09 1.9464E-09 1.9271E-09 1.8628E-09 1.7559E-09 1.7375E-09 1.7187E-09 1.6994E-09 1.6797E-09 1.6596E-09 1.6392E-09 1.6185E-09 1.5974E-09
1.7844E-09 1.7991E-09 1.8132E-09 1.8268E-09 1.8398E-09 1.8522E-09 1.9520E-09 1.9646E-09 2.0217E-09 2.0335E-09 2.0446E-09 2.0548E-09 2.0643E-09 2.1186E-09 2.1268E-09 2.1342E-09 2.1407E-09 2.1462E-09 2.1509E-09 2.1546E-09 2.1574E-09 2.1592E-09 2.1601E-09 2.1600E-09 2.1590E-09 2.1571E-09 2.1541E-09 2.1503E-09 2.1455E-09 2.1397E-09 2.1330E-09 2.1255E-09 2.1170E-09 2.1076E-09 2.0973E-09 2.0862E-09 2.0742E-09 2.0613E-09 2.0023E-09 1.9884E-09 1.9737E-09 1.9584E-09 1.9423E-09 1.9256E-09 1.8637E-09 1.7589E-09 1.7425E-09 1.7256E-09 1.7083E-09 1.6904E-09 1.6722E-09 1.6535E-09 1.6344E-09 1.6150E-09 1.5952E-09 1.5751E-09 1.5547E-09
1.7358E-09 1.7500E-09 1.7637E-09 1.7768E-09 1.7894E-09 1.8014E-09 1.8128E-09 1.8235E-09 1.8337E-09 1.8432E-09 1.9407E-09 1.9947E-09 2.0038E-09 2.0121E-09 2.0196E-09 2.0263E-09 2.0322E-09 2.0372E-09 2.0413E-09 2.0446E-09 2.0927E-09 2.0944E-09 2.0952E-09 2.0951E-09 2.0941E-09 2.0922E-09 2.0894E-09 2.0856E-09 2.0810E-09 2.0754E-09 2.0689E-09 2.0161E-09 2.0081E-09 1.9993E-09 1.9897E-09 1.9793E-09 1.9681E-09 1.9562E-09 1.9435E-09 1.9300E-09 1.9159E-09 1.8569E-09 1.7550E-09 1.7407E-09 1.7258E-09 1.7105E-09 1.6946E-09 1.6783E-09 1.6615E-09 1.6442E-09 1.6265E-09 1.6084E-09 1.5900E-09 1.5711E-09 1.5520E-09 1.5325E-09 1.5127E-09
1.6881E-09 1.7018E-09 1.7150E-09 1.7277E-09 1.7399E-09 1.7515E-09 1.7625E-09 1.7729E-09 1.7827E-09 1.7919E-09 1.8004E-09 1.8083E-09 1.8156E-09 1.8222E-09 1.9160E-09 1.9220E-09 1.9718E-09 1.9767E-09 1.9806E-09 1.9838E-09 1.9861E-09 1.9876E-09 1.9882E-09 1.9880E-09 1.9870E-09 1.9851E-09 1.9823E-09 1.9787E-09 1.9743E-09 1.9690E-09 1.9629E-09 1.9560E-09 1.9483E-09 1.9398E-09 1.9305E-09 1.8759E-09 1.8655E-09 1.7666E-09 1.7557E-09 1.7442E-09 1.7320E-09 1.7193E-09 1.7060E-09 1.6922E-09 1.6778E-09 1.6630E-09 1.6476E-09 1.6318E-09 1.6155E-09 1.5988E-09 1.5817E-09 1.5641E-09 1.5463E-09 1.5280E-09 1.5095E-09 1.4906E-09 1.4539E-09
1.6413E-09 1.6545E-09 1.6673E-09 1.6796E-09 1.6913E-09 1.7025E-09 1.7131E-09 1.7232E-09 1.7326E-09 1.7415E-09 1.7498E-09 1.7574E-09 1.7644E-09 1.7707E-09 1.7764E-09 1.7814E-09 1.7857E-09 1.7894E-09 1.7923E-09 1.7946E-09 1.7962E-09 1.7970E-09 1.7972E-09 1.8844E-09 1.8833E-09 1.8814E-09 1.8787E-09 1.8753E-09 1.7834E-09 1.7786E-09 1.7732E-09 1.7671E-09 1.7603E-09 1.7529E-09 1.7448E-09 1.7360E-09 1.7267E-09 1.7167E-09 1.7061E-09 1.6949E-09 1.6832E-09 1.6709E-09 1.6580E-09 1.6446E-09 1.6307E-09 1.6163E-09 1.6015E-09 1.5861E-09 1.5704E-09 1.5542E-09 1.5376E-09 1.5207E-09 1.5034E-09 1.4857E-09 1.4501E-09 1.4148E-09 1.3706E-09
1.5953E-09 1.6081E-09 1.6204E-09 1.6323E-09 1.6436E-09 1.6544E-09 1.6647E-09 1.6744E-09 1.6835E-09 1.6921E-09 1.7000E-09 1.7074E-09 1.7141E-09 1.7202E-09 1.7257E-09 1.7305E-09 1.7347E-09 1.7382E-09 1.7411E-09 1.7433E-09 1.7448E-09 1.7456E-09 1.7457E-09 1.7452E-09 1.7439E-09 1.7420E-09 1.7395E-09 1.7362E-09 1.7323E-09 1.7277E-09 1.7224E-09 1.7165E-09 1.7099E-09 1.7027E-09 1.6949E-09 1.6864E-09 1.6773E-09 1.6677E-09 1.6574E-09 1.6466E-09 1.6352E-09 1.6233E-09 1.6109E-09 1.5979E-09 1.5845E-09 1.5706E-09 1.5562E-09 1.5414E-09 1.5261E-09 1.5105E-09 1.4944E-09 1.4780E-09 1.4437E-09 1.4095E-09 1.3492E-09 1.3203E-09 1.3040E-09
1.5502E-09 1.5626E-09 1.5745E-09 1.5859E-09 1.5969E-09 1.6073E-09 1.6172E-09 1.6266E-09 1.6354E-09 1.6436E-09 1.6513E-09 1.6584E-09 1.6649E-09 1.6708E-09 1.6761E-09 1.6807E-09 1.6847E-09 1.6881E-09 1.6908E-09 1.6929E-09 1.6943E-09 1.6951E-09 1.6952E-09 1.6947E-09 1.6935E-09 1.6916E-09 1.6891E-09 1.6860E-09 1.6822E-09 1.6777E-09 1.6726E-09 1.6669E-09 1.6605E-09 1.6535E-09 1.6459E-09 1.6378E-09 1.6290E-09 1.6196E-09 1.6097E-09 1.5993E-09 1.5883E-09 1.5767E-09 1.5647E-09 1.5522E-09 1.5392E-09 1.5257E-09 1.5118E-09 1.4974E-09 1.4827E-09 1.4676E-09 1.4346E-09 1.3750E-09 1.3427E-09 1.3149E-09 1.2997E-09 1.2574E-09 1.1863E-09
1.5061E-09 1.5180E-09 1.5295E-09 1.5405E-09 1.5510E-09 1.5611E-09 1.5706E-09 1.5797E-09 1.5882E-09 1.5961E-09 1.6035E-09 1.6104E-09 1.6166E-09 1.6223E-09 1.6274E-09 1.6319E-09 1.6357E-09 1.6390E-09 1.6416E-09 1.6436E-09 1.6450E-09 1.6457E-09 1.6458E-09 1.6453E-09 1.6441E-09 1.6423E-09 1.6398E-09 1.6368E-09 1.6331E-09 1.6287E-09 1.6238E-09 1.6183E-09 1.6121E-09 1.6053E-09 1.5980E-09 1.5901E-09 1.5816E-09 1.5726E-09 1.5630E-09 1.5529E-09 1.5422E-09 1.5311E-09 1.5194E-09 1.5073E-09 1.4947E-09 1.4817E-09 1.4683E-09 1.4368E-09 1.4054E-09 1.3475E-09 1.3210E-09 1.3071E-09 1.2930E-09 1.2232E-09 1.1526E-09 1.1276E-09 1.1146E-09
1.4501E-09 1.4743E-09 1.4854E-09 1.4960E-09 1.5062E-09 1.5159E-09 1.5251E-09 1.5338E-09 1.5420E-09 1.5496E-09 1.5568E-09 1.5634E-09 1.5694E-09 1.5748E-09 1.5797E-09 1.5840E-09 1.5877E-09 1.5909E-09 1.5934E-09 1.5953E-09 1.5966E-09 1.5973E-09 1.5974E-09 1.5968E-09 1.5957E-09 1.5939E-09 1.5916E-09 1.5886E-09 1.5850E-09 1.5808E-09 1.5760E-09 1.5707E-09 1.5647E-09 1.5582E-09 1.5511E-09 1.5434E-09 1.5352E-09 1.5265E-09 1.5172E-09 1.5074E-09 1.4971E-09 1.4864E-09 1.4751E-09 1.4634E-09 1.4513E-09 1.4212E-09 1.3473E-09 1.3223E-09 1.3099E-09 1.2971E-09 1.2569E-09 1.2156E-09 1.1343E-09 1.1223E-09 1.1102E-09 1.0522E-09 9.4008E-10
1.3222E-09 1.3608E-09 1.4297E-09 1.4398E-09 1.4622E-09 1.4716E-09 1.4805E-09 1.4888E-09 1.4967E-09 1.5041E-09 1.5110E-09 1.5173E-09 1.5231E-09 1.5284E-09 1.5331E-09 1.5372E-09 1.5408E-09 1.5438E-09 1.5462E-09 1.5480E-09 1.5493E-09 1.5499E-09 1.5500E-09 1.5495E-09 1.5483E-09 1.5466E-09 1.5443E-09 1.5414E-09 1.5380E-09 1.5339E-09 1.5293E-09 1.5241E-09 1.5183E-09 1.5120E-09 1.5051E-09 1.4977E-09 1.4898E-09 1.4814E-09 1.4724E-09 1.4629E-09 1.4530E-09 1.4250E-09 1.3970E-09 1.3689E-09 1.3188E-09 1.3078E-09 1.2965E-09 1.2848E-09 1.2175E-09 1.1372E-09 1.1263E-09 1.1153E-09 1.0743E-09 1.0470E-09 9.3611E-10 9.1074E-10 8.8962E-10
1.2215E-09 1.2301E-09 1.2862E-09 1.2947E-09 1.3204E-09 1.3988E-09 1.4243E-09 1.4323E-09 1.4398E-09 1.4596E-09 1.4662E-09 1.4723E-09 1.4779E-09 1.4829E-09 1.4875E-09 1.4914E-09 1.4949E-09 1.4977E-09 1.5001E-09 1.5018E-09 1.5030E-09 1.5036E-09 1.5037E-09 1.5031E-09 1.5020E-09 1.5004E-09 1.4981E-09 1.4953E-09 1.4920E-09 1.4880E-09 1.4836E-09 1.4785E-09 1.4730E-09 1.4669E-09 1.4602E-09 1.4531E-09 1.4454E-09 1.4372E-09 1.3937E-09 1.3551E-09 1.3196E-09 1.3105E-09 1.3010E-09 1.2911E-09 1.2523E-09 1.1858E-09 1.1362E-09 1.1265E-09 1.1166E-09 1.1063E-09 1.0666E-09 1.0402E-09 9.3075E-10 9.0610E-10 8.7449E-10 8.6590E-10 8.0606E-10
1.0552E-09 1.0618E-09 1.1069E-09 1.2116E-09 1.2189E-09 1.2558E-09 1.2627E-09 1.2870E-09 1.2933E-09 1.3454E-09 1.3930E-09 1.3987E-09 1.4211E-09 1.4259E-09 1.4302E-09 1.4339E-09 1.4500E-09 1.4527E-09 1.4549E-09 1.4566E-09 1.4578E-09 1.4583E-09 1.4584E-09 1.4578E-09 1.4568E-09 1.4551E-09 1.4530E-09 1.4503E-09 1.4470E-09 1.4432E-09 1.4389E-09 1.4340E-09 1.4159E-09 1.3580E-09 1.3521E-09 1.3456E-09 1.3121E-09 1.3050E-09 1.2975E-09 1.2895E-09 1.2526E-09 1.2028E-09 1.1674E-09 1.1314E-09 1.1229E-09 1.1141E-09 1.0754E-09 1.0664E-09 1.0409E-09 9.5690E-10 9.0815E-10 8.7727E-10 8.6940E-10 8.6136E-10 8.0230E-10 7.3186E-10 7.1419E-10
9.9314E-10 1.0075E-09 1.0133E-09 1.0189E-09 1.0515E-09 1.0676E-09 1.1602E-09 1.1772E-09 1.1827E-09 1.2444E-09 1.2496E-09 1.2543E-09 1.2586E-09 1.2625E-09 1.2660E-09 1.3272E-09 1.3598E-09 1.3623E-09 1.3643E-09 1.3659E-09 1.3669E-09 1.3674E-09 1.3674E-09 1.3493E-09 1.3483E-09 1.3469E-09 1.3449E-09 1.3425E-09 1.3395E-09 1.3361E-09 1.3055E-09 1.3013E-09 1.2966E-09 1.2915E-09 1.2574E-09 1.2395E-09 1.2041E-09 1.1978E-09 1.1641E-09 1.1297E-09 1.1227E-09 1.1155E-09 1.1079E-09 1.0706E-09 1.0628E-09 9.9538E-10 9.5551E-10 8.9630E-10 8.7750E-10 8.7038E-10 8.6309E-10 7.9352E-10 7.8680E-10 7.1688E-10 7.1088E-10 6.9644E-10 6.6335E-10
9.0239E-10 9.6174E-10 9.6715E-10 9.7233E-10 9.9749E-10 1.0024E-09 1.0069E-09 1.0113E-09 1.0153E-09 1.0569E-09 1.0607E-09 1.1240E-09 1.1668E-09 1.1702E-09 1.2030E-09 1.2058E-09 1.2083E-09 1.2103E-09 1.2119E-09 1.2131E-09 1.2139E-09 1.2143E-09 1.2142E-09 1.2137E-09 1.2128E-09 1.2114E-09 1.2097E-09 1.2075E-09 1.2049E-09 1.2019E-09 1.1984E-09 1.1946E-09 1.1633E-09 1.1312E-09 1.1265E-09 1.1215E-09 1.1161E-09 1.0808E-09 1.0750E-09 1.0688E-09 1.0624E-09 9.9652E-10 9.6257E-10 9.4007E-10 8.9309E-10 8.7517E-10 8.6884E-10 8.5152E-10 8.4490E-10 7.8734E-10 7.1781E-10 7.1232E-10 6.9842E-10 6.6560E-10 6.6027E-10 6.0056E-10 5.9595E-10
7.9541E-10 8.4311E-10 8.4725E-10 8.6733E-10 9.0904E-10 9.4039E-10 9.6056E-10 9.6455E-10 9.8845E-10 9.9206E-10 9.9539E-10 9.9843E-10 1.0012E-09 1.0036E-09 1.0058E-09 1.0185E-09 1.0201E-09 1.0811E-09 1.0823E-09 1.0945E-09 1.0951E-09 1.0953E-09 1.0952E-09 1.0947E-09 1.0938E-09 1.0926E-09 1.0910E-09 1.0891E-09 1.0868E-09 1.0842E-09 1.0812E-09 1.0778E-09 1.0742E-09 1.0701E-09 1.0658E-09 9.9072E-10 9.8611E-10 9.8122E-10 9.7605E-10 9.3848E-10 9.0554E-10 8.7564E-10 8.5954E-10 8.5407E-10 8.4840E-10 8.1627E-10 7.5879E-10 7.1697E-10 7.0370E-10 6.9869E-10 6.9356E-10 6.6143E-10 6.0184E-10 5.9757E-10 5.9323E-10 5.7847E-10 5.7410E-10
6.5333E-10 6.9129E-10 7.8396E-10 7.8730E-10 8.1786E-10 8.2114E-10 8.4058E-10 8.4358E-10 8.8900E-10 9.3034E-10 9.3330E-10 9.5195E-10 9.5447E-10 9.6505E-10 9.7886E-10 9.8064E-10 9.8212E-10 9.8331E-10 9.8419E-10 9.8478E-10 9.8506E-10 9.8504E-10 9.8472E-10 9.8409E-10 9.9396E-10 9.9274E-10 9.9122E-10 9.8939E-10 9.8725E-10 9.8481E-10 9.8208E-10 9.7904E-10 9.7571E-10 9.6132E-10 8.9765E-10 8.9390E-10 8.8991E-10 8.6115E-10 8.5691E-10 8.5245E-10 8.4777E-10 8.1663E-10 7.7369E-10 7.3598E-10 7.0610E-10 7.0176E-10 6.9727E-10 6.6549E-10 6.6108E-10 6.0192E-10 5.9801E-10 5.8357E-10 5.7961E-10 5.7557E-10 5.6370E-10 5.5960E-10 5.4551E-10
6.0806E-10 6.0984E-10 6.1932E-10 6.4602E-10 6.4777E-10 7.3992E-10 7.5282E-10 7.5517E-10 8.0951E-10 8.1189E-10 8.1407E-10 8.1604E-10 8.1780E-10 8.1935E-10 8.9053E-10 9.0319E-10 9.0443E-10 9.0540E-10 9.0611E-10 9.0656E-10 9.0674E-10 9.1499E-10 9.1465E-10 9.1405E-10 9.1317E-10 9.1202E-10 8.9441E-10 8.9278E-10 8.9090E-10 8.8875E-10 8.8636E-10 8.8370E-10 8.5632E-10 8.5334E-10 8.5012E-10 8.2035E-10 7.9739E-10 7.6691E-10 7.6328E-10 7.3471E-10 7.0556E-10 7.0191E-10 6.9811E-10 6.6696E-10 6.6315E-10 6.5921E-10 6.0079E-10 5.9725E-10 5.8325E-10 5.7963E-10 5.7592E-10 5.6440E-10 5.5062E-10 5.4686E-10 5.4305E-10 5.3916E-10 5.2749E-10
5.8875E-10 5.9040E-10 5.9194E-10 6.0113E-10 6.0254E-10 6.0385E-10 6.1285E-10 6.1400E-10 6.5006E-10 6.5122E-10 7.0731E-10 7.4488E-10 7.4628E-10 7.7482E-10 7.7603E-10 7.7704E-10 7.7786E-10 7.7847E-10 7.7887E-10 7.7908E-10 7.7908E-10 7.7888E-10 7.7847E-10 7.7786E-10 7.7704E-10 7.7602E-10 7.7480E-10 7.7337E-10 7.7175E-10 7.6992E-10 7.6790E-10 7.6568E-10 7.6326E-10 7.6065E-10 7.0754E-10 7.0491E-10 7.0212E-10 6.9917E-10 6.6888E-10 6.6582E-10 6.6263E-10 6.5931E-10 6.0155E-10 5.8807E-10 5.8498E-10 5.8180E-10 5.7853E-10 5.6742E-10 5.5403E-10 5.5066E-10 5.4721E-10 5.4369E-10 5.4010E-10 5.2874E-10 5.2510E-10 5.2139E-10 5.1763E-10
5.7738E-10 5.7898E-10 5.8049E-10 5.8190E-10 5.8320E-10 5.8440E-10 5.8550E-10 5.9424E-10 5.9518E-10 5.9602E-10 5.9675E-10 6.0516E-10 6.0572E-10 6.0615E-10 6.1656E-10 6.7145E-10 6.7189E-10 6.7217E-10 6.8278E-10 6.8280E-10 6.8267E-10 6.8237E-10 6.8193E-10 7.0854E-10 7.0780E-10 7.0689E-10 7.0581E-10 7.0457E-10 6.7596E-10 6.7443E-10 6.7274E-10 6.7091E-10 6.6892E-10 6.6679E-10 6.6451E-10 6.6209E-10 5.9466E-10 5.9234E-10 5.8992E-10 5.8740E-10 5.8477E-10 5.8205E-10 5.7147E-10 5.5860E-10 5.5571E-10 5.5274E-10 5.4968E-10 5.4655E-10 5.4334E-10 5.3233E-10 5.2904E-10 5.2567E-10 5.2225E-10 5.1875E-10 5.1520E-10 5.1158E-10 5.0791E-10
5.6618E-10 5.6775E-10 5.6921E-10 5.7058E-10 5.7185E-10 5.7302E-10 5.7409E-10 5.7505E-10 5.7591E-10 5.7666E-10 5.7731E-10 5.7786E-10 5.8605E-10 5.8643E-10 5.8670E-10 5.8686E-10 5.8691E-10 5.8684E-10 5.9444E-10 5.9418E-10 5.9380E-10 5.9331E-10 6.0276E-10 6.0206E-10 6.0125E-10 6.0033E-10 5.9928E-10 5.9812E-10 5.9685E-10 5.9546E-10 5.9396E-10 5.9235E-10 5.9062E-10 5.8879E-10 5.8685E-10 5.6704E-10 5.6495E-10 5.6277E-10 5.6048E-10 5.5811E-10 5.5564E-10 5.5308E-10 5.5044E-10 5.4770E-10 5.4489E-10 5.3431E-10 5.3139E-10 5.2839E-10 5.2532E-10 5.2217E-10 5.1896E-10 5.1568E-10 5.1234E-10 5.0893E-10 5.0546E-10 4.8776E-10 4.8434E-10
5.4799E-10 5.5670E-10 5.5813E-10 5.5946E-10 5.6069E-10 5.6183E-10 5.6287E-10 5.6380E-10 5.6464E-10 5.6537E-10 5.6600E-10 5.6653E-10 5.6696E-10 5.6728E-10 5.6749E-10 5.6760E-10 5.6761E-10 5.6751E-10 5.6730E-10 5.7473E-10 5.7434E-10 5.7385E-10 5.7324E-10 5.7253E-10 5.7171E-10 5.7079E-10 5.6975E-10 5.6862E-10 5.6738E-10 5.6603E-10 5.6458E-10 5.6303E-10 5.6139E-10 5.5964E-10 5.5779E-10 5.5584E-10 5.5380E-10 5.4394E-10 5.4175E-10 5.3946E-10 5.3709E-10 5.3464E-10 5.3210E-10 5.2948E-10 5.2679E-10 5.2401E-10 5.2116E-10 5.1823E-10 5.1524E-10 5.1217E-10 5.0904E-10 5.0584E-10 4.8843E-10 4.8525E-10 4.8202E-10 4.7874E-10 4.7541E-10
