Assets/Resources/2015_m01_d22_2300(utc+0800)_l00_csi_1hr_conc.grd
DSAA
         159         159
     -79.000      79.000
     -79.000      79.000
  0.0000E+00  0.7092E-04
[rows 75 to 99 of 159, columns 57 to 113 of 159]
1.8876E-09 2.0474E-09 2.2178E-09 2.3810E-09 2.5701E-09 2.7616E-09 2.9466E-09 3.1478E-09 3.3749E-09 3.5918E-09 3.8426E-09 4.1262E-09 4.3984E-09 4.6863E-09 4.9952E-09 5.3277E-09 5.6869E-09 6.0757E-09 6.4970E-09 6.9536E-09 7.4487E-09 7.9884E-09 9.2883E-09 1.2373E-08 1.4066E-08 1.9640E-08 2.1944E-08 3.0430E-08 3.5376E-08 4.5300E-08 1.4551E-07 1.4665E-06 2.2837E-06 2.2486E-06 2.2658E-06 2.2388E-06 2.0762E-06 1.3241E-06 5.0641E-07 3.1144E-07 3.3142E-07 3.5889E-07 4.0790E-07 5.7799E-07 5.5961E-07 4.4435E-07 3.2842E-07 2.3703E-07 1.7863E-07 1.3854E-07 1.0988E-07 9.0485E-08 7.5831E-08 6.5070E-08 5.6696E-08 5.0230E-08 4.5049E-08
1.7137E-09 1.8711E-09 2.0266E-09 2.1886E-09 2.3539E-09 2.5447E-09 2.7195E-09 2.9074E-09 3.1225E-09 3.3293E-09 3.5633E-09 3.8347E-09 4.0966E-09 4.3712E-09 4.6664E-09 4.9847E-09 5.3289E-09 5.7020E-09 6.1069E-09 6.5463E-09 7.0253E-09 7.7072E-09 8.6514E-09 1.1863E-08 1.5142E-08 1.8779E-08 2.6374E-08 3.0473E-08 3.9458E-08 7.1290E-07 2.2900E-06 2.3728E-06 2.3373E-06 2.3072E-06 2.2615E-06 1.7796E-06 6.5845E-07 1.5123E-07 9.4510E-08 9.6324E-08 9.7095E-08 9.7141E-08 9.9407E-08 1.2178E-07 1.5758E-07 1.6009E-07 1.4237E-07 1.2169E-07 1.0553E-07 9.2289E-08 8.2930E-08 7.4247E-08 6.6884E-08 5.9795E-08 5.3309E-08 4.7823E-08 4.3129E-08
1.5588E-09 1.6974E-09 1.8492E-09 1.9965E-09 2.1587E-09 2.3271E-09 2.5019E-09 2.6761E-09 2.8778E-09 3.0752E-09 3.2913E-09 3.5490E-09 3.8011E-09 4.0615E-09 4.3418E-09 4.6445E-09 4.9724E-09 5.3243E-09 5.7073E-09 6.1266E-09 6.7270E-09 7.2740E-09 9.8658E-09 1.2542E-08 1.6095E-08 2.0916E-08 2.4994E-08 5.4832E-07 4.5190E-06 4.8455E-06 4.8092E-06 4.6746E-06 4.6151E-06 3.7501E-06 1.3823E-06 2.0239E-07 8.2662E-08 8.5371E-08 8.8262E-08 9.0144E-08 9.1038E-08 9.1194E-08 9.0801E-08 9.0929E-08 9.2458E-08 9.2097E-08 9.0260E-08 8.5785E-08 8.0322E-08 7.4723E-08 6.8645E-08 6.3663E-08 5.9483E-08 5.4866E-08 5.0095E-08 4.5297E-08 4.1064E-08
1.4159E-09 1.5404E-09 1.6747E-09 1.8163E-09 1.9634E-09 2.1297E-09 2.2847E-09 2.4544E-09 2.6396E-09 2.8286E-09 3.0233E-09 3.2647E-09 3.5081E-09 3.7520E-09 4.0163E-09 4.3021E-09 4.6119E-09 4.9486E-09 5.3137E-09 5.8376E-09 6.3043E-09 8.3885E-09 9.0497E-09 1.3470E-08 1.6483E-08 1.3624E-06 6.6423E-06 6.5033E-06 6.5445E-06 6.6276E-06 6.4689E-06 4.4803E-06 1.3713E-06 1.9105E-07 6.6260E-08 7.0820E-08 7.5099E-08 7.8780E-08 8.1632E-08 8.3550E-08 8.4587E-08 8.4922E-08 8.4718E-08 8.3943E-08 8.3337E-08 8.1380E-08 7.9570E-08 7.6580E-08 7.2791E-08 6.8708E-08 6.4037E-08 5.9451E-08 5.5055E-08 5.0762E-08 4.6610E-08 4.2762E-08 3.8961E-08
1.2837E-09 1.3937E-09 1.5169E-09 1.6432E-09 1.7793E-09 1.9311E-09 2.0842E-09 2.2312E-09 2.4098E-09 2.5908E-09 2.7699E-09 2.9915E-09 3.2273E-09 3.4570E-09 3.7049E-09 3.9677E-09 4.2587E-09 4.5728E-09 4.9212E-09 5.4224E-09 7.1467E-09 7.8218E-09 1.1134E-08 7.0915E-05 3.5332E-05 2.0822E-05 1.2842E-05 7.9099E-06 4.6811E-06 1.3578E-06 1.5769E-07 5.0323E-08 5.2673E-08 5.6378E-08 6.0414E-08 6.4550E-08 6.8506E-08 7.1991E-08 7.4755E-08 7.6707E-08 7.7862E-08 7.8376E-08 7.8422E-08 7.7871E-08 7.7427E-08 7.5432E-08 7.3533E-08 7.0877E-08 6.7599E-08 6.4092E-08 6.0011E-08 5.5912E-08 5.1850E-08 4.7855E-08 4.3999E-08 4.0311E-08 3.6861E-08
1.1620E-09 1.2621E-09 1.3697E-09 1.4860E-09 1.6016E-09 1.7434E-09 1.8892E-09 2.0254E-09 2.1829E-09 2.3540E-09 2.5237E-09 2.7217E-09 2.9492E-09 3.1653E-09 3.3959E-09 3.6459E-09 3.9164E-09 4.2128E-09 4.6423E-09 6.1391E-09 6.7180E-09 9.6348E-09 1.0446E-08 1.5225E-08 1.7694E-08 2.3650E-08 2.6490E-08 3.1181E-08 3.5996E-08 3.8278E-08 4.2137E-08 4.4853E-08 4.7799E-08 5.1014E-08 5.4562E-08 5.8275E-08 6.1877E-08 6.5134E-08 6.7798E-08 6.9762E-08 7.1019E-08 7.1696E-08 7.1967E-08 7.1631E-08 7.1386E-08 6.9740E-08 6.8105E-08 6.5816E-08 6.2844E-08 5.9682E-08 5.5975E-08 5.2223E-08 4.8496E-08 4.4835E-08 4.1277E-08 3.7865E-08 3.4659E-08
1.0414E-09 1.1387E-09 1.2363E-09 1.3393E-09 1.4466E-09 1.5643E-09 1.7045E-09 1.8352E-09 1.9717E-09 2.1345E-09 2.2890E-09 2.4655E-09 2.6797E-09 2.8858E-09 3.0981E-09 3.3283E-09 3.5795E-09 3.9437E-09 4.2879E-09 5.7361E-09 7.2126E-09 8.9770E-09 1.1790E-08 1.4051E-08 1.8572E-08 2.2449E-08 2.6756E-08 2.9560E-08 3.2746E-08 3.5982E-08 3.8154E-08 4.0499E-08 4.3013E-08 4.5759E-08 4.8835E-08 5.2108E-08 5.5358E-08 5.8371E-08 6.0912E-08 6.2856E-08 6.4192E-08 6.5004E-08 6.5489E-08 6.5344E-08 6.5287E-08 6.3968E-08 6.2592E-08 6.0668E-08 5.8006E-08 5.5173E-08 5.1842E-08 4.8453E-08 4.5072E-08 4.1737E-08 3.8472E-08 3.5348E-08 3.2404E-08
9.2423E-10 1.0172E-09 1.1098E-09 1.2056E-09 1.3009E-09 1.4054E-09 1.5266E-09 1.6511E-09 1.7768E-09 1.9214E-09 2.0750E-09 2.2243E-09 2.4190E-09 2.6204E-09 2.8134E-09 3.0268E-09 3.3535E-09 3.6274E-09 4.8808E-09 5.3344E-09 7.6755E-09 1.0100E-08 1.2002E-08 1.5654E-08 1.7782E-08 2.2545E-08 2.4316E-08 2.7978E-08 2.9709E-08 3.2428E-08 3.4291E-08 3.6272E-08 3.8399E-08 4.0703E-08 4.3327E-08 4.6183E-08 4.9072E-08 5.1823E-08 5.4216E-08 5.6119E-08 5.7503E-08 5.8420E-08 5.9086E-08 5.9112E-08 5.9223E-08 5.8213E-08 5.7086E-08 5.5502E-08 5.3138E-08 5.0649E-08 4.7685E-08 4.4656E-08 4.1607E-08 3.8593E-08 3.5646E-08 3.2805E-08 3.0115E-08
8.0541E-10 9.0076E-10 9.8933E-10 1.0764E-09 1.1686E-09 1.2564E-09 1.3661E-09 1.4806E-09 1.5913E-09 1.7236E-09 1.8665E-09 2.0011E-09 2.1682E-09 2.3646E-09 2.5458E-09 2.7470E-09 3.0470E-09 4.1341E-09 4.4663E-09 6.5260E-09 7.7819E-09 1.0262E-08 1.2523E-08 1.5316E-08 1.7970E-08 2.0151E-08 2.3668E-08 2.5174E-08 2.7537E-08 2.9017E-08 3.0582E-08 3.2253E-08 3.4014E-08 3.5922E-08 3.8127E-08 4.0580E-08 4.3121E-08 4.5604E-08 4.7829E-08 4.9654E-08 5.1054E-08 5.2047E-08 5.2854E-08 5.3036E-08 5.3286E-08 5.2554E-08 5.1653E-08 5.0414E-08 4.8330E-08 4.6165E-08 4.3553E-08 4.0871E-08 3.8162E-08 3.5470E-08 3.2821E-08 3.0257E-08 2.7817E-08
7.0475E-10 7.8224E-10 8.7236E-10 9.5588E-10 1.0403E-09 1.1243E-09 1.2131E-09 1.3222E-09 1.4228E-09 1.5338E-09 1.6706E-09 1.7983E-09 1.9389E-09 2.1192E-09 2.2959E-09 2.5462E-09 3.3886E-09 3.7336E-09 5.4223E-09 5.9403E-09 8.6289E-09 1.0645E-08 1.3094E-08 1.5371E-08 1.7100E-08 1.9633E-08 2.0998E-08 2.3347E-08 2.4533E-08 2.5772E-08 2.7086E-08 2.8461E-08 2.9914E-08 3.1469E-08 3.3299E-08 3.5377E-08 3.7574E-08 3.9788E-08 4.1820E-08 4.3553E-08 4.4938E-08 4.5976E-08 4.6867E-08 4.7177E-08 4.7547E-08 4.7078E-08 4.6383E-08 4.5449E-08 4.3625E-08 4.1776E-08 3.9509E-08 3.7160E-08 3.4772E-08 3.2385E-08 3.0030E-08 2.7742E-08 2.5553E-08
6.1926E-10 6.8114E-10 7.5588E-10 8.4007E-10 9.1989E-10 9.9768E-10 1.0764E-09 1.1702E-09 1.2692E-09 1.3597E-09 1.4800E-09 1.6079E-09 1.7248E-09 1.8836E-09 2.1190E-09 2.3137E-09 3.1074E-09 3.9793E-09 4.9445E-09 7.2512E-09 8.3592E-09 1.1107E-08 1.2352E-08 1.4591E-08 1.6013E-08 1.7553E-08 1.9027E-08 2.0528E-08 2.1699E-08 2.2738E-08 2.3819E-08 2.4949E-08 2.6123E-08 2.7375E-08 2.8876E-08 3.0608E-08 3.2491E-08 3.4430E-08 3.6267E-08 3.7878E-08 3.9213E-08 4.0259E-08 4.1205E-08 4.1630E-08 4.2094E-08 4.1831E-08 4.1326E-08 4.0604E-08 3.9106E-08 3.7540E-08 3.5586E-08 3.3556E-08 3.1475E-08 2.9387E-08 2.7312E-08 2.5281E-08 2.3331E-08
5.4273E-10 5.9606E-10 6.5671E-10 7.2349E-10 8.0588E-10 8.7949E-10 9.5000E-10 1.0319E-09 1.1229E-09 1.2078E-09 1.3040E-09 1.4259E-09 1.5359E-09 1.7111E-09 1.8911E-09 2.5710E-09 3.2571E-09 4.1015E-09 5.4670E-09 6.5461E-09 8.6613E-09 9.9095E-09 1.2332E-08 1.3550E-08 1.4925E-08 1.6233E-08 1.6866E-08 1.7465E-08 1.8872E-08 1.9918E-08 2.0803E-08 2.1722E-08 2.2661E-08 2.3668E-08 2.4876E-08 2.6309E-08 2.7893E-08 2.9561E-08 3.1194E-08 3.2667E-08 3.3943E-08 3.4967E-08 3.5937E-08 3.6427E-08 3.6955E-08 3.6883E-08 3.6538E-08 3.6013E-08 3.4784E-08 3.3485E-08 3.1838E-08 3.0101E-08 2.8313E-08 2.6490E-08 2.4688E-08 2.2911E-08 2.1187E-08
4.6584E-10 5.1969E-10 5.7077E-10 6.2506E-10 6.9064E-10 7.7070E-10 8.3537E-10 9.0276E-10 9.8484E-10 1.0668E-09 1.1434E-09 1.2497E-09 1.4012E-09 1.5101E-09 2.0876E-09 2.2977E-09 3.3810E-09 4.0856E-09 5.4140E-09 7.1972E-09 8.2368E-09 1.0334E-08 1.0888E-08 1.2577E-08 1.3170E-08 1.4292E-08 1.4841E-08 1.5354E-08 1.5839E-08 1.7130E-08 1.8052E-08 1.8788E-08 1.9547E-08 2.0330E-08 2.1302E-08 2.2465E-08 2.3778E-08 2.5206E-08 2.6631E-08 2.7952E-08 2.9132E-08 3.0115E-08 3.1079E-08 3.1624E-08 3.2187E-08 3.2266E-08 3.2052E-08 3.1695E-08 3.0720E-08 2.9663E-08 2.8289E-08 2.6815E-08 2.5293E-08 2.3743E-08 2.2185E-08 2.0643E-08 1.9119E-08
3.9596E-10 4.3975E-10 4.9666E-10 5.4284E-10 5.9093E-10 6.5662E-10 7.3069E-10 7.8808E-10 8.5795E-10 9.3635E-10 1.0062E-09 1.0866E-09 1.2309E-09 1.6500E-09 1.8270E-09 2.7210E-09 3.3366E-09 4.4504E-09 5.5098E-09 6.8099E-09 8.0901E-09 9.0555E-09 1.0508E-08 1.1014E-08 1.2001E-08 1.2491E-08 1.2958E-08 1.3405E-08 1.3812E-08 1.4188E-08 1.5559E-08 1.6154E-08 1.6756E-08 1.7378E-08 1.8149E-08 1.9077E-08 2.0145E-08 2.1337E-08 2.2567E-08 2.3732E-08 2.4817E-08 2.5738E-08 2.6668E-08 2.7225E-08 2.7812E-08 2.8010E-08 2.7906E-08 2.7690E-08 2.6930E-08 2.6083E-08 2.4955E-08 2.3739E-08 2.2459E-08 2.1146E-08 1.9809E-08 1.8479E-08 1.7151E-08
3.3889E-10 3.7439E-10 4.1642E-10 4.7022E-10 5.1166E-10 5.5660E-10 6.1971E-10 6.8546E-10 7.4126E-10 8.1176E-10 8.8078E-10 9.7233E-10 1.3150E-09 1.4734E-09 2.1644E-09 2.3945E-09 3.5904E-09 4.1846E-09 5.5900E-09 6.3006E-09 7.4717E-09 8.7024E-09 9.1353E-09 9.9855E-09 1.0416E-08 1.0830E-08 1.1233E-08 1.1608E-08 1.1959E-08 1.2282E-08 1.2569E-08 1.3816E-08 1.4285E-08 1.4776E-08 1.5373E-08 1.6112E-08 1.6974E-08 1.7957E-08 1.9001E-08 2.0005E-08 2.0973E-08 2.1814E-08 2.2688E-08 2.3260E-08 2.3842E-08 2.4120E-08 2.4107E-08 2.4004E-08 2.3440E-08 2.2776E-08 2.1872E-08 2.0876E-08 1.9812E-08 1.8707E-08 1.7584E-08 1.6445E-08 1.5305E-08
2.9101E-10 3.1960E-10 3.5079E-10 3.9155E-10 4.4099E-10 4.7841E-10 5.2219E-10 5.8069E-10 6.4223E-10 6.9765E-10 7.8592E-10 8.5284E-10 1.1545E-09 1.5030E-09 1.9077E-09 2.5865E-09 3.3615E-09 4.5490E-09 5.1113E-09 6.1136E-09 6.7762E-09 7.5134E-09 8.2402E-09 8.6123E-09 8.9751E-09 9.3266E-09 9.6635E-09 9.9812E-09 1.0281E-08 1.0553E-08 1.0807E-08 1.1023E-08 1.1213E-08 1.2506E-08 1.2974E-08 1.3540E-08 1.4226E-08 1.5019E-08 1.5884E-08 1.6750E-08 1.7599E-08 1.8360E-08 1.9149E-08 1.9712E-08 2.0274E-08 2.0622E-08 2.0671E-08 2.0658E-08 2.0255E-08 1.9756E-08 1.9032E-08 1.8227E-08 1.7365E-08 1.6455E-08 1.5503E-08 1.4546E-08 1.3565E-08
2.5171E-10 2.7179E-10 2.9717E-10 3.2529E-10 3.6167E-10 4.1113E-10 4.4324E-10 4.8656E-10 5.4369E-10 6.1263E-10 6.7478E-10 9.2905E-10 1.1838E-09 1.5037E-09 2.0644E-09 2.4820E-09 3.3632E-09 3.8997E-09 4.9605E-09 5.2618E-09 6.1277E-09 6.7374E-09 7.0555E-09 7.3676E-09 7.6727E-09 7.9702E-09 8.2517E-09 8.5263E-09 8.7781E-09 9.0210E-09 9.2297E-09 9.4218E-09 9.5835E-09 9.7118E-09 1.0895E-08 1.1330E-08 1.1865E-08 1.2505E-08 1.3207E-08 1.3933E-08 1.4660E-08 1.5333E-08 1.6041E-08 1.6585E-08 1.7114E-08 1.7486E-08 1.7588E-08 1.7652E-08 1.7372E-08 1.7004E-08 1.6451E-08 1.5818E-08 1.5121E-08 1.4361E-08 1.3583E-08 1.2790E-08 1.1956E-08
2.1553E-10 2.3258E-10 2.5173E-10 2.7372E-10 2.9999E-10 3.3287E-10 3.7807E-10 4.0837E-10 4.5238E-10 5.1592E-10 7.1885E-10 7.9375E-10 1.1920E-09 1.4503E-09 1.9578E-09 2.4899E-09 3.0773E-09 3.7432E-09 4.2282E-09 4.9570E-09 5.2217E-09 5.7330E-09 5.9971E-09 6.2557E-09 6.5112E-09 6.7574E-09 7.0008E-09 7.2288E-09 7.4445E-09 7.6461E-09 7.8347E-09 8.0019E-09 8.1462E-09 8.2578E-09 8.3390E-09 9.0165E-09 9.8503E-09 1.0354E-08 1.0921E-08 1.1518E-08 1.2134E-08 1.2719E-08 1.3343E-08 1.3846E-08 1.4336E-08 1.4718E-08 1.4855E-08 1.4961E-08 1.4798E-08 1.4538E-08 1.4127E-08 1.3625E-08 1.3058E-08 1.2466E-08 1.1829E-08 1.1166E-08 1.0465E-08
1.8131E-10 1.9724E-10 2.1308E-10 2.3072E-10 2.4857E-10 2.7250E-10 3.0449E-10 3.4482E-10 3.8466E-10 5.3117E-10 5.9922E-10 9.1076E-10 1.0208E-09 1.5253E-09 1.9422E-09 2.4326E-09 2.9498E-09 3.3216E-09 3.9382E-09 4.1898E-09 4.6173E-09 4.8410E-09 5.0588E-09 5.2767E-09 5.4875E-09 5.6934E-09 5.8940E-09 6.0858E-09 6.2718E-09 6.4425E-09 6.6116E-09 6.7481E-09 6.8780E-09 6.9770E-09 7.0554E-09 7.1072E-09 7.7490E-09 8.5371E-09 8.9873E-09 9.4706E-09 9.9835E-09 1.0480E-08 1.1022E-08 1.1470E-08 1.1913E-08 1.2290E-08 1.2449E-08 1.2593E-08 1.2507E-08 1.2336E-08 1.2024E-08 1.1649E-08 1.1221E-08 1.0733E-08 1.0220E-08 9.6884E-09 9.1182E-09
1.5266E-10 1.6389E-10 1.7782E-10 1.9218E-10 2.0853E-10 2.2173E-10 2.4596E-10 2.8351E-10 3.2687E-10 4.4774E-10 6.8600E-10 7.6515E-10 1.1833E-09 1.4131E-09 1.9078E-09 2.1629E-09 2.6239E-09 2.9502E-09 3.2791E-09 3.6510E-09 3.8663E-09 4.0487E-09 4.2326E-09 4.4087E-09 4.5866E-09 4.7560E-09 4.9247E-09 5.0938E-09 5.2437E-09 5.3997E-09 5.5392E-09 5.6629E-09 5.7761E-09 5.8659E-09 5.9346E-09 5.9780E-09 6.2351E-09 6.8350E-09 7.3595E-09 7.7465E-09 8.1611E-09 8.5665E-09 9.0306E-09 9.4390E-09 9.8316E-09 1.0194E-08 1.0356E-08 1.0516E-08 1.0496E-08 1.0381E-08 1.0174E-08 9.8881E-09 9.5539E-09 9.1789E-09 8.7823E-09 8.3618E-09 7.8730E-09
1.2715E-10 1.3646E-10 1.4637E-10 1.5854E-10 1.7145E-10 1.8593E-10 2.0372E-10 2.2450E-10 3.2525E-10 4.4558E-10 5.7175E-10 8.0433E-10 9.8527E-10 1.3798E-09 1.6982E-09 2.0483E-09 2.2923E-09 2.5803E-09 2.8685E-09 3.0097E-09 3.1811E-09 3.3589E-09 3.5096E-09 3.6596E-09 3.8069E-09 3.9469E-09 4.0924E-09 4.2314E-09 4.3650E-09 4.4967E-09 4.6210E-09 4.7273E-09 4.8222E-09 4.9046E-09 4.9590E-09 5.0018E-09 5.0149E-09 5.2422E-09 5.8093E-09 6.2920E-09 6.6300E-09 6.9697E-09 7.3575E-09 7.7073E-09 8.0463E-09 8.3864E-09 8.5519E-09 8.7119E-09 8.7188E-09 8.6695E-09 8.5248E-09 8.3290E-09 8.0811E-09 7.8105E-09 7.4855E-09 7.1437E-09 6.7773E-09
9.5109E-11 1.0733E-10 1.1443E-10 1.2783E-10 1.3843E-10 1.5510E-10 1.6858E-10 2.3699E-10 2.6079E-10 4.1530E-10 5.3988E-10 7.3141E-10 1.0309E-09 1.2030E-09 1.5789E-09 1.6951E-09 2.0006E-09 2.1153E-09 2.3549E-09 2.4800E-09 2.5915E-09 2.7329E-09 2.8814E-09 3.0134E-09 3.1304E-09 3.2556E-09 3.3785E-09 3.4982E-09 3.6143E-09 3.7243E-09 3.8313E-09 3.9190E-09 4.0061E-09 4.0676E-09 4.1162E-09 4.1493E-09 4.1633E-09 4.1577E-09 4.3715E-09 4.9059E-09 5.3566E-09 5.6280E-09 5.9475E-09 6.2539E-09 6.5498E-09 6.8377E-09 6.9796E-09 7.1526E-09 7.1991E-09 7.1812E-09 7.0877E-09 6.9503E-09 6.7775E-09 6.5661E-09 6.3354E-09 6.0970E-09 5.7989E-09
7.2842E-11 7.8381E-11 8.8463E-11 9.4364E-11 1.0630E-10 1.1463E-10 1.7380E-10 1.9348E-10 3.0608E-10 3.8593E-10 5.3486E-10 7.0830E-10 8.9430E-10 1.1110E-09 1.2728E-09 1.5356E-09 1.6359E-09 1.8140E-09 1.9057E-09 2.0091E-09 2.1115E-09 2.2051E-09 2.3231E-09 2.4518E-09 2.5633E-09 2.6681E-09 2.7709E-09 2.8764E-09 2.9658E-09 3.0630E-09 3.1491E-09 3.2299E-09 3.2959E-09 3.3553E-09 3.3964E-09 3.4285E-09 3.4337E-09 3.4323E-09 3.4204E-09 3.6089E-09 4.3087E-09 4.5281E-09 4.7862E-09 5.0276E-09 5.2560E-09 5.5206E-09 5.6682E-09 5.8191E-09 5.8818E-09 5.8835E-09 5.8433E-09 5.7550E-09 5.6312E-09 5.5013E-09 5.3468E-09 5.1536E-09 4.9195E-09
5.5522E-11 5.9888E-11 6.7554E-11 7.1548E-11 8.0802E-11 8.5724E-11 9.0939E-11 1.4930E-10 1.6384E-10 3.9319E-10 4.7352E-10 6.5948E-10 8.2031E-10 9.4211E-10 1.1413E-09 1.2210E-09 1.3769E-09 1.4622E-09 1.5341E-09 1.6114E-09 1.6971E-09 1.7795E-09 1.8588E-09 1.9475E-09 2.0569E-09 2.1600E-09 2.2537E-09 2.3350E-09 2.4241E-09 2.5021E-09 2.5754E-09 2.6435E-09 2.7001E-09 2.7486E-09 2.7850E-09 2.8087E-09 2.8203E-09 2.8210E-09 2.8132E-09 2.7864E-09 2.9626E-09 3.6014E-09 3.7954E-09 4.0120E-09 4.2019E-09 4.4121E-09 4.5385E-09 4.6737E-09 4.7578E-09 4.7820E-09 4.7608E-09 4.7223E-09 4.6638E-09 4.5737E-09 4.4546E-09 4.3340E-09 4.1704E-09
4.4507E-11 4.7761E-11 5.0844E-11 5.4657E-11 5.7115E-11 6.4248E-11 6.7443E-11 8.0826E-11 1.2497E-10 1.7209E-10 3.5166E-10 4.1783E-10 6.8005E-10 7.8135E-10 8.9604E-10 1.0116E-09 1.0741E-09 1.1423E-09 1.2142E-09 1.2791E-09 1.3372E-09 1.4066E-09 1.4765E-09 1.5494E-09 1.6216E-09 1.7168E-09 1.8029E-09 1.8873E-09 1.9612E-09 2.0325E-09 2.0932E-09 2.1485E-09 2.1997E-09 2.2401E-09 2.2718E-09 2.2904E-09 2.3010E-09 2.3030E-09 2.2811E-09 2.2502E-09 2.2342E-09 2.3871E-09 2.9830E-09 3.1488E-09 3.2990E-09 3.4754E-09 3.6042E-09 3.7241E-09 3.7947E-09 3.8370E-09 3.8622E-09 3.8571E-09 3.8188E-09 3.7643E-09 3.7076E-09 3.6283E-09 3.5076E-09
