Assets/Resources/2015_m01_d03_0600(utc+0800)_l00_csi_1hr_conc.grd
DSAA
         159         159
     -79.000      79.000
     -79.000      79.000
  0.0000E+00  0.5575E-05
[rows 50 to 74 of 159, columns 0 to 56 of 159]
1.2703E-10 1.4031E-10 1.5476E-10 1.7095E-10 1.8800E-10 2.0644E-10 2.2639E-10 2.4792E-10 2.7111E-10 2.9608E-10 3.2288E-10 3.5262E-10 3.8294E-10 4.1641E-10 4.5316E-10 4.9034E-10 5.3100E-10 5.7526E-10 6.2018E-10 6.6887E-10 7.2032E-10 7.7485E-10 8.3227E-10 8.9162E-10 9.5512E-10 1.0219E-09 1.0918E-09 1.1638E-09 1.2401E-09 1.3183E-09 1.3997E-09 1.4840E-09 1.5714E-09 1.6617E-09 1.7554E-09 1.8520E-09 1.9535E-09 2.0597E-09 2.1641E-09 2.2720E-09 2.3828E-09 2.4886E-09 2.5882E-09 2.6861E-09 2.7730E-09 2.8525E-09 2.9323E-09 3.0063E-09 3.0737E-09 3.1393E-09 3.2033E-09 3.2600E-09 3.3131E-09 3.3676E-09 3.4173E-09 3.4618E-09 3.5087E-09
1.2554E-10 1.3870E-10 1.5354E-10 1.6913E-10 1.8604E-10 2.0436E-10 2.2418E-10 2.4557E-10 2.6914E-10 2.9343E-10 3.2009E-10 3.4970E-10 3.8084E-10 4.1318E-10 4.4983E-10 4.8788E-10 5.2738E-10 5.7157E-10 6.1740E-10 6.6493E-10 7.1742E-10 7.7074E-10 8.2811E-10 8.8737E-10 9.5208E-10 1.0177E-09 1.0876E-09 1.1607E-09 1.2359E-09 1.3143E-09 1.3957E-09 1.4802E-09 1.5677E-09 1.6584E-09 1.7525E-09 1.8497E-09 1.9538E-09 2.0589E-09 2.1639E-09 2.2747E-09 2.3845E-09 2.4896E-09 2.5909E-09 2.6877E-09 2.7722E-09 2.8549E-09 2.9362E-09 3.0091E-09 3.0781E-09 3.1475E-09 3.2119E-09 3.2704E-09 3.3307E-09 3.3856E-09 3.4361E-09 3.4859E-09 3.5363E-09
1.2393E-10 1.3697E-10 1.5169E-10 1.6714E-10 1.8392E-10 2.0259E-10 2.2175E-10 2.4298E-10 2.6639E-10 2.9104E-10 3.1697E-10 3.4643E-10 3.7740E-10 4.1056E-10 4.4605E-10 4.8393E-10 5.2427E-10 5.6728E-10 6.1295E-10 6.6029E-10 7.1268E-10 7.6582E-10 8.2308E-10 8.8332E-10 9.4686E-10 1.0135E-09 1.0822E-09 1.1553E-09 1.2305E-09 1.3088E-09 1.3902E-09 1.4747E-09 1.5623E-09 1.6534E-09 1.7479E-09 1.8475E-09 1.9522E-09 2.0560E-09 2.1637E-09 2.2752E-09 2.3835E-09 2.4873E-09 2.5902E-09 2.6837E-09 2.7689E-09 2.8549E-09 2.9355E-09 3.0094E-09 3.0823E-09 3.1536E-09 3.2179E-09 3.2809E-09 3.3437E-09 3.3995E-09 3.4550E-09 3.5106E-09 3.5600E-09
1.2221E-10 1.3561E-10 1.4970E-10 1.6500E-10 1.8161E-10 2.0013E-10 2.1963E-10 2.4015E-10 2.6338E-10 2.8783E-10 3.1454E-10 3.4282E-10 3.7359E-10 4.0653E-10 4.4181E-10 4.7948E-10 5.2064E-10 5.6241E-10 6.0787E-10 6.5602E-10 7.0719E-10 7.6123E-10 8.1717E-10 8.7724E-10 9.4063E-10 1.0071E-09 1.0757E-09 1.1487E-09 1.2237E-09 1.3019E-09 1.3833E-09 1.4677E-09 1.5554E-09 1.6467E-09 1.7414E-09 1.8414E-09 1.9468E-09 2.0509E-09 2.1613E-09 2.2715E-09 2.3793E-09 2.4844E-09 2.5868E-09 2.6770E-09 2.7654E-09 2.8525E-09 2.9318E-09 3.0093E-09 3.0859E-09 3.1552E-09 3.2213E-09 3.2893E-09 3.3525E-09 3.4111E-09 3.4720E-09 3.5292E-09 3.5817E-09
1.2039E-10 1.3364E-10 1.4757E-10 1.6270E-10 1.7914E-10 1.9748E-10 2.1678E-10 2.3762E-10 2.6012E-10 2.8434E-10 3.1083E-10 3.3887E-10 3.6940E-10 4.0310E-10 4.3713E-10 4.7454E-10 5.1547E-10 5.5695E-10 6.0216E-10 6.5115E-10 7.0096E-10 7.5475E-10 8.1040E-10 8.7145E-10 9.3339E-10 9.9969E-10 1.0692E-09 1.1408E-09 1.2156E-09 1.2936E-09 1.3748E-09 1.4591E-09 1.5468E-09 1.6382E-09 1.7331E-09 1.8356E-09 1.9394E-09 2.0437E-09 2.1547E-09 2.2654E-09 2.3721E-09 2.4790E-09 2.5778E-09 2.6678E-09 2.7594E-09 2.8455E-09 2.9256E-09 3.0069E-09 3.0830E-09 3.1544E-09 3.2269E-09 3.2955E-09 3.3589E-09 3.4229E-09 3.4870E-09 3.5453E-09 3.6041E-09
1.1846E-10 1.3156E-10 1.4531E-10 1.6077E-10 1.7702E-10 1.9466E-10 2.1374E-10 2.3435E-10 2.5661E-10 2.8058E-10 3.0736E-10 3.3458E-10 3.6484E-10 3.9829E-10 4.3303E-10 4.6912E-10 5.0978E-10 5.5200E-10 5.9582E-10 6.4454E-10 6.9400E-10 7.4748E-10 8.0389E-10 8.6356E-10 9.2516E-10 9.9117E-10 1.0604E-09 1.1317E-09 1.2062E-09 1.2839E-09 1.3648E-09 1.4488E-09 1.5367E-09 1.6281E-09 1.7251E-09 1.8278E-09 1.9299E-09 2.0366E-09 2.1479E-09 2.2566E-09 2.3643E-09 2.4702E-09 2.5656E-09 2.6587E-09 2.7509E-09 2.8358E-09 2.9190E-09 3.0020E-09 3.0777E-09 3.1531E-09 3.2280E-09 3.2967E-09 3.3629E-09 3.4344E-09 3.4977E-09 3.5591E-09 3.6245E-09
1.1692E-10 1.2936E-10 1.4293E-10 1.5819E-10 1.7424E-10 1.9165E-10 2.1050E-10 2.3138E-10 2.5286E-10 2.7656E-10 3.0306E-10 3.3097E-10 3.5993E-10 3.9308E-10 4.2751E-10 4.6323E-10 5.0358E-10 5.4544E-10 5.8887E-10 6.3726E-10 6.8632E-10 7.3942E-10 7.9546E-10 8.5476E-10 9.1715E-10 9.8159E-10 1.0504E-09 1.1214E-09 1.1955E-09 1.2728E-09 1.3533E-09 1.4372E-09 1.5249E-09 1.6162E-09 1.7134E-09 1.8162E-09 1.9183E-09 2.0273E-09 2.1368E-09 2.2447E-09 2.3536E-09 2.4565E-09 2.5509E-09 2.6470E-09 2.7377E-09 2.8232E-09 2.9100E-09 2.9923E-09 3.0697E-09 3.1492E-09 3.2245E-09 3.2954E-09 3.3693E-09 3.4392E-09 3.5059E-09 3.5732E-09 3.6427E-09
1.1479E-10 1.2705E-10 1.4042E-10 1.5548E-10 1.7130E-10 1.8847E-10 2.0707E-10 2.2769E-10 2.4888E-10 2.7227E-10 2.9849E-10 3.2607E-10 3.5569E-10 3.8750E-10 4.2156E-10 4.5795E-10 4.9687E-10 5.3834E-10 5.8132E-10 6.2933E-10 6.7905E-10 7.3059E-10 7.8737E-10 8.4505E-10 9.0700E-10 9.7096E-10 1.0394E-09 1.1098E-09 1.1835E-09 1.2603E-09 1.3403E-09 1.4240E-09 1.5115E-09 1.6028E-09 1.7018E-09 1.8027E-09 1.9068E-09 2.0158E-09 2.1234E-09 2.2324E-09 2.3404E-09 2.4397E-09 2.5363E-09 2.6327E-09 2.7220E-09 2.8103E-09 2.8985E-09 2.9800E-09 3.0616E-09 3.1428E-09 3.2185E-09 3.2939E-09 3.3707E-09 3.4415E-09 3.5137E-09 3.5874E-09 3.6556E-09
1.1232E-10 1.2464E-10 1.3830E-10 1.5264E-10 1.6822E-10 1.8514E-10 2.0346E-10 2.2380E-10 2.4521E-10 2.6774E-10 2.9363E-10 3.2087E-10 3.5012E-10 3.8155E-10 4.1521E-10 4.5221E-10 4.8968E-10 5.3070E-10 5.7427E-10 6.2076E-10 6.7001E-10 7.2102E-10 7.7733E-10 8.3447E-10 8.9591E-10 9.6050E-10 1.0272E-09 1.0971E-09 1.1702E-09 1.2464E-09 1.3260E-09 1.4094E-09 1.4966E-09 1.5896E-09 1.6885E-09 1.7873E-09 1.8912E-09 2.0003E-09 2.1074E-09 2.2171E-09 2.3220E-09 2.4200E-09 2.5194E-09 2.6138E-09 2.7038E-09 2.7950E-09 2.8825E-09 2.9651E-09 3.0506E-09 3.1318E-09 3.2093E-09 3.2899E-09 3.3672E-09 3.4411E-09 3.5190E-09 3.5944E-09 3.6657E-09
1.1003E-10 1.2186E-10 1.3557E-10 1.4968E-10 1.6501E-10 1.8165E-10 1.9968E-10 2.1972E-10 2.4080E-10 2.6396E-10 2.8852E-10 3.1537E-10 3.4423E-10 3.7524E-10 4.0847E-10 4.4504E-10 4.8201E-10 5.2254E-10 5.6673E-10 6.1158E-10 6.6028E-10 7.1071E-10 7.6649E-10 8.2303E-10 8.8388E-10 9.4788E-10 1.0140E-09 1.0832E-09 1.1556E-09 1.2312E-09 1.3103E-09 1.3933E-09 1.4801E-09 1.5728E-09 1.6715E-09 1.7699E-09 1.8757E-09 1.9826E-09 2.0887E-09 2.1972E-09 2.3010E-09 2.4004E-09 2.4999E-09 2.5925E-09 2.6849E-09 2.7772E-09 2.8636E-09 2.9500E-09 3.0369E-09 3.1182E-09 3.1999E-09 3.2832E-09 3.3609E-09 3.4405E-09 3.5216E-09 3.5984E-09 3.6758E-09
1.0713E-10 1.1928E-10 1.3275E-10 1.4660E-10 1.6166E-10 1.7801E-10 1.9573E-10 2.1545E-10 2.3618E-10 2.5899E-10 2.8315E-10 3.0960E-10 3.3902E-10 3.6859E-10 4.0135E-10 4.3745E-10 4.7495E-10 5.1389E-10 5.5755E-10 6.0180E-10 6.4992E-10 7.0084E-10 7.5489E-10 8.1194E-10 8.7096E-10 9.3429E-10 9.9965E-10 1.0682E-09 1.1399E-09 1.2147E-09 1.2933E-09 1.3758E-09 1.4621E-09 1.5564E-09 1.6528E-09 1.7507E-09 1.8582E-09 1.9628E-09 2.0697E-09 2.1771E-09 2.2772E-09 2.3762E-09 2.4758E-09 2.5688E-09 2.6616E-09 2.7550E-09 2.8422E-09 2.9324E-09 3.0186E-09 3.1018E-09 3.1879E-09 3.2715E-09 3.3517E-09 3.4368E-09 3.5192E-09 3.5988E-09 3.6830E-09
1.0445E-10 1.1685E-10 1.2956E-10 1.4341E-10 1.5869E-10 1.7475E-10 1.9163E-10 2.1101E-10 2.3138E-10 2.5380E-10 2.7754E-10 3.0356E-10 3.3255E-10 3.6162E-10 3.9388E-10 4.2947E-10 4.6641E-10 5.0476E-10 5.4784E-10 5.9145E-10 6.3892E-10 6.8918E-10 7.4255E-10 7.9889E-10 8.5716E-10 9.1975E-10 9.8432E-10 1.0520E-09 1.1229E-09 1.1970E-09 1.2750E-09 1.3569E-09 1.4426E-09 1.5365E-09 1.6324E-09 1.7318E-09 1.8368E-09 1.9405E-09 2.0480E-09 2.1521E-09 2.2509E-09 2.3523E-09 2.4494E-09 2.5427E-09 2.6381E-09 2.7303E-09 2.8183E-09 2.9098E-09 2.9977E-09 3.0847E-09 3.1731E-09 3.2567E-09 3.3423E-09 3.4301E-09 3.5137E-09 3.5989E-09 3.6873E-09
1.0172E-10 1.1358E-10 1.2629E-10 1.3985E-10 1.5511E-10 1.7086E-10 1.8740E-10 2.0642E-10 2.2640E-10 2.4841E-10 2.7172E-10 2.9728E-10 3.2579E-10 3.5538E-10 3.8606E-10 4.2111E-10 4.5747E-10 4.9518E-10 5.3764E-10 5.8056E-10 6.2733E-10 6.7687E-10 7.2950E-10 7.8507E-10 8.4252E-10 9.0431E-10 9.6802E-10 1.0348E-09 1.1048E-09 1.1782E-09 1.2555E-09 1.3367E-09 1.4218E-09 1.5169E-09 1.6102E-09 1.7090E-09 1.8135E-09 1.9158E-09 2.0220E-09 2.1249E-09 2.2249E-09 2.3260E-09 2.4209E-09 2.5163E-09 2.6122E-09 2.7029E-09 2.7942E-09 2.8867E-09 2.9741E-09 3.0626E-09 3.1535E-09 3.2391E-09 3.3299E-09 3.4181E-09 3.5048E-09 3.5958E-09 3.6852E-09
9.8939E-11 1.1054E-10 1.2295E-10 1.3649E-10 1.5142E-10 1.6684E-10 1.8302E-10 2.0167E-10 2.2125E-10 2.4283E-10 2.6569E-10 2.9077E-10 3.1878E-10 3.4783E-10 3.7794E-10 4.1240E-10 4.4813E-10 4.8517E-10 5.2696E-10 5.7027E-10 6.1518E-10 6.6512E-10 7.1577E-10 7.7051E-10 8.2709E-10 8.8799E-10 9.5077E-10 1.0166E-09 1.0856E-09 1.1582E-09 1.2348E-09 1.3152E-09 1.4015E-09 1.4940E-09 1.5864E-09 1.6865E-09 1.7882E-09 1.8913E-09 1.9961E-09 2.0953E-09 2.1947E-09 2.2954E-09 2.3902E-09 2.4876E-09 2.5822E-09 2.6731E-09 2.7677E-09 2.8590E-09 2.9477E-09 3.0403E-09 3.1308E-09 3.2184E-09 3.3118E-09 3.4031E-09 3.4948E-09 3.5895E-09 3.6797E-09
9.5842E-11 1.0744E-10 1.1957E-10 1.3278E-10 1.4738E-10 1.6272E-10 1.7907E-10 1.9679E-10 2.1594E-10 2.3762E-10 2.5946E-10 2.8404E-10 3.1153E-10 3.4001E-10 3.6951E-10 4.0336E-10 4.3843E-10 4.7476E-10 5.1584E-10 5.5839E-10 6.0249E-10 6.5163E-10 7.0140E-10 7.5526E-10 8.1209E-10 8.7085E-10 9.3263E-10 9.9747E-10 1.0655E-09 1.1373E-09 1.2130E-09 1.2925E-09 1.3780E-09 1.4696E-09 1.5609E-09 1.6603E-09 1.7609E-09 1.8622E-09 1.9659E-09 2.0636E-09 2.1649E-09 2.2628E-09 2.3574E-09 2.4549E-09 2.5497E-09 2.6432E-09 2.7384E-09 2.8288E-09 2.9209E-09 3.0151E-09 3.1050E-09 3.1975E-09 3.2930E-09 3.3848E-09 3.4815E-09 3.5773E-09 3.6705E-09
9.2986E-11 1.0381E-10 1.1613E-10 1.2874E-10 1.4327E-10 1.5824E-10 1.7447E-10 1.9178E-10 2.1050E-10 2.3172E-10 2.5306E-10 2.7711E-10 3.0405E-10 3.3195E-10 3.6187E-10 3.9401E-10 4.2839E-10 4.6504E-10 5.0431E-10 5.4606E-10 5.8930E-10 6.3758E-10 6.8643E-10 7.3935E-10 7.9520E-10 8.5293E-10 9.1365E-10 9.7739E-10 1.0445E-09 1.1153E-09 1.1901E-09 1.2686E-09 1.3551E-09 1.4437E-09 1.5362E-09 1.6345E-09 1.7316E-09 1.8336E-09 1.9337E-09 2.0301E-09 2.1308E-09 2.2282E-09 2.3245E-09 2.4220E-09 2.5148E-09 2.6090E-09 2.7048E-09 2.7961E-09 2.8914E-09 2.9851E-09 3.0763E-09 3.1735E-09 3.2687E-09 3.3628E-09 3.4624E-09 3.5608E-09 3.6629E-09
9.0112E-11 1.0064E-10 1.1237E-10 1.2493E-10 1.3882E-10 1.5368E-10 1.6950E-10 1.8667E-10 2.0494E-10 2.2567E-10 2.4650E-10 2.7001E-10 2.9638E-10 3.2366E-10 3.5293E-10 3.8438E-10 4.1804E-10 4.5392E-10 4.9239E-10 5.3330E-10 5.7565E-10 6.2303E-10 6.7090E-10 7.2282E-10 7.7764E-10 8.3428E-10 8.9387E-10 9.5644E-10 1.0225E-09 1.0924E-09 1.1662E-09 1.2436E-09 1.3290E-09 1.4165E-09 1.5079E-09 1.6052E-09 1.7005E-09 1.8011E-09 1.8996E-09 1.9975E-09 2.0972E-09 2.1919E-09 2.2877E-09 2.3853E-09 2.4779E-09 2.5747E-09 2.6687E-09 2.7608E-09 2.8572E-09 2.9521E-09 3.0448E-09 3.1460E-09 3.2413E-09 3.3399E-09 3.4422E-09 3.5407E-09 3.6516E-09
8.7211E-11 9.7167E-11 1.0886E-10 1.2080E-10 1.3460E-10 1.4878E-10 1.6393E-10 1.8118E-10 1.9927E-10 2.1951E-10 2.3981E-10 2.6275E-10 2.8852E-10 3.1516E-10 3.4377E-10 3.7450E-10 4.0740E-10 4.4249E-10 4.8013E-10 5.2016E-10 5.6158E-10 6.0800E-10 6.5486E-10 7.0573E-10 7.5945E-10 8.1495E-10 8.7335E-10 9.3477E-10 9.9987E-10 1.0687E-09 1.1412E-09 1.2176E-09 1.3018E-09 1.3881E-09 1.4782E-09 1.5741E-09 1.6677E-09 1.7670E-09 1.8640E-09 1.9609E-09 2.0597E-09 2.1537E-09 2.2511E-09 2.3464E-09 2.4389E-09 2.5358E-09 2.6304E-09 2.7252E-09 2.8226E-09 2.9163E-09 3.0130E-09 3.1134E-09 3.2106E-09 3.3135E-09 3.4161E-09 3.5169E-09 3.6313E-09
8.4009E-11 9.3959E-11 1.0504E-10 1.1692E-10 1.2956E-10 1.4412E-10 1.5884E-10 1.7591E-10 1.9322E-10 2.1323E-10 2.3299E-10 2.5535E-10 2.8050E-10 3.0649E-10 3.3440E-10 3.6440E-10 3.9652E-10 4.3078E-10 4.6755E-10 5.0666E-10 5.4712E-10 5.9254E-10 6.3834E-10 6.8812E-10 7.4070E-10 7.9500E-10 8.5215E-10 9.1247E-10 9.7641E-10 1.0441E-09 1.1155E-09 1.1905E-09 1.2735E-09 1.3584E-09 1.4473E-09 1.5416E-09 1.6335E-09 1.7334E-09 1.8269E-09 1.9226E-09 2.0207E-09 2.1138E-09 2.2108E-09 2.3055E-09 2.4002E-09 2.4970E-09 2.5899E-09 2.6850E-09 2.7834E-09 2.8777E-09 2.9783E-09 3.0777E-09 3.1763E-09 3.2812E-09 3.3856E-09 3.4945E-09 3.6115E-09
8.0607E-11 9.0733E-11 1.0101E-10 1.1301E-10 1.2557E-10 1.3943E-10 1.5372E-10 1.7030E-10 1.8739E-10 2.0686E-10 2.2607E-10 2.4784E-10 2.7235E-10 2.9766E-10 3.2485E-10 3.5409E-10 3.8541E-10 4.1882E-10 4.5469E-10 4.9286E-10 5.3231E-10 5.7670E-10 6.2140E-10 6.7004E-10 7.2143E-10 7.7448E-10 8.3034E-10 8.8951E-10 9.5234E-10 1.0188E-09 1.0888E-09 1.1626E-09 1.2442E-09 1.3277E-09 1.4172E-09 1.5078E-09 1.6004E-09 1.6964E-09 1.7885E-09 1.8854E-09 1.9802E-09 2.0723E-09 2.1708E-09 2.2630E-09 2.3574E-09 2.4541E-09 2.5471E-09 2.6448E-09 2.7415E-09 2.8366E-09 2.9381E-09 3.0389E-09 3.1413E-09 3.2480E-09 3.3516E-09 3.4683E-09 3.5829E-09
7.7685E-11 8.7515E-11 9.7450E-11 1.0911E-10 1.2127E-10 1.3421E-10 1.4856E-10 1.6439E-10 1.8124E-10 1.9963E-10 2.1906E-10 2.4022E-10 2.6408E-10 2.8870E-10 3.1516E-10 3.4361E-10 3.7410E-10 4.0664E-10 4.4158E-10 4.7878E-10 5.1721E-10 5.6052E-10 6.0409E-10 6.5154E-10 7.0170E-10 7.5346E-10 8.0805E-10 8.6609E-10 9.2763E-10 9.9275E-10 1.0615E-09 1.1338E-09 1.2158E-09 1.2959E-09 1.3839E-09 1.4727E-09 1.5638E-09 1.6583E-09 1.7490E-09 1.8446E-09 1.9384E-09 2.0316E-09 2.1271E-09 2.2187E-09 2.3127E-09 2.4093E-09 2.5020E-09 2.6001E-09 2.6971E-09 2.7953E-09 2.8975E-09 2.9971E-09 3.1004E-09 3.2088E-09 3.3140E-09 3.4332E-09 3.5504E-09
7.4781E-11 8.4293E-11 9.3908E-11 1.0520E-10 1.1669E-10 1.2950E-10 1.4312E-10 1.5873E-10 1.7479E-10 1.9288E-10 2.1172E-10 2.3253E-10 2.5572E-10 2.7964E-10 3.0534E-10 3.3300E-10 3.6264E-10 3.9428E-10 4.2827E-10 4.6447E-10 5.0184E-10 5.4404E-10 5.8644E-10 6.3268E-10 6.8156E-10 7.3199E-10 7.8536E-10 8.4211E-10 9.0239E-10 9.6619E-10 1.0335E-09 1.1042E-09 1.1847E-09 1.2633E-09 1.3496E-09 1.4368E-09 1.5262E-09 1.6192E-09 1.7083E-09 1.8027E-09 1.8952E-09 1.9874E-09 2.0820E-09 2.1729E-09 2.2684E-09 2.3626E-09 2.4550E-09 2.5555E-09 2.6504E-09 2.7491E-09 2.8519E-09 2.9521E-09 3.0589E-09 3.1658E-09 3.2727E-09 3.3985E-09 3.5137E-09
7.1159E-11 8.0799E-11 9.0367E-11 1.0101E-10 1.1240E-10 1.2450E-10 1.3795E-10 1.5279E-10 1.6860E-10 1.8585E-10 2.0436E-10 2.2451E-10 2.4729E-10 2.7049E-10 2.9437E-10 3.2227E-10 3.5104E-10 3.8177E-10 4.1479E-10 4.4996E-10 4.8626E-10 5.2732E-10 5.6853E-10 6.1351E-10 6.6108E-10 7.1013E-10 7.6228E-10 8.1780E-10 8.7669E-10 9.3902E-10 1.0049E-09 1.0740E-09 1.1529E-09 1.2298E-09 1.3144E-09 1.3999E-09 1.4877E-09 1.5792E-09 1.6666E-09 1.7620E-09 1.8508E-09 1.9420E-09 2.0356E-09 2.1257E-09 2.2205E-09 2.3142E-09 2.4085E-09 2.5066E-09 2.6014E-09 2.7002E-09 2.8036E-09 2.9040E-09 3.0119E-09 3.1197E-09 3.2335E-09 3.3557E-09 3.4726E-09
6.7587E-11 7.6760E-11 8.6556E-11 9.6618E-11 1.0783E-10 1.1980E-10 1.3251E-10 1.4713E-10 1.6213E-10 1.7908E-10 1.9671E-10 2.1648E-10 2.3854E-10 2.6128E-10 2.8439E-10 3.1145E-10 3.3935E-10 3.6914E-10 4.0117E-10 4.3530E-10 4.7050E-10 5.1039E-10 5.5038E-10 5.9408E-10 6.4031E-10 6.8805E-10 7.3895E-10 7.9308E-10 8.5056E-10 9.1147E-10 9.7569E-10 1.0432E-09 1.1204E-09 1.1956E-09 1.2786E-09 1.3625E-09 1.4486E-09 1.5384E-09 1.6241E-09 1.7181E-09 1.8055E-09 1.8974E-09 1.9880E-09 2.0769E-09 2.1711E-09 2.2640E-09 2.3580E-09 2.4556E-09 2.5503E-09 2.6515E-09 2.7528E-09 2.8532E-09 2.9642E-09 3.0703E-09 3.1852E-09 3.3093E-09 3.4272E-09
6.3242E-11 7.2520E-11 8.2693E-11 9.2470E-11 1.0306E-10 1.1483E-10 1.2737E-10 1.4121E-10 1.5596E-10 1.7107E-10 1.8934E-10 2.0817E-10 2.2979E-10 2.5177E-10 2.7437E-10 3.0058E-10 3.2759E-10 3.5538E-10 3.8746E-10 4.2053E-10 4.5461E-10 4.9332E-10 5.3206E-10 5.7445E-10 6.1931E-10 6.6577E-10 7.1531E-10 7.6811E-10 8.2415E-10 8.8348E-10 9.4605E-10 1.0119E-09 1.0873E-09 1.1609E-09 1.2422E-09 1.3244E-09 1.4089E-09 1.4969E-09 1.5835E-09 1.6734E-09 1.7593E-09 1.8498E-09 1.9392E-09 2.0270E-09 2.1224E-09 2.2124E-09 2.3057E-09 2.4029E-09 2.4972E-09 2.5982E-09 2.6993E-09 2.8024E-09 2.9108E-09 3.0177E-09 3.1384E-09 3.2591E-09 3.3842E-09
