Assets/Resources/2015_m01_d17_1000(utc+0800)_l00_csi_1hr_conc.grd
DSAA
         159         159
     -79.000      79.000
     -79.000      79.000
  0.0000E+00  0.1304E-05
[rows 0 to 24 of 159, columns 0 to 56 of 159]
2.5910E-11 3.1276E-11 3.6237E-11 4.3081E-11 4.9545E-11 5.6106E-11 6.1826E-11 6.8931E-11 7.6091E-11 8.4228E-11 9.2480E-11 1.0083E-10 1.1074E-10 1.2033E-10 1.3107E-10 1.4202E-10 1.5414E-10 1.6787E-10 1.8151E-10 1.9702E-10 2.1388E-10 2.3078E-10 2.5028E-10 2.6981E-10 2.9154E-10 3.1300E-10 3.3911E-10 3.6474E-10 3.8964E-10 4.1728E-10 4.5155E-10 4.8047E-10 5.1376E-10 5.5116E-10 5.8787E-10 6.2321E-10 6.6192E-10 7.0603E-10 7.4608E-10 7.8758E-10 8.3675E-10 8.8514E-10 9.3201E-10 9.8354E-10 1.0403E-09 1.0932E-09 1.1475E-09 1.2092E-09 1.2666E-09 1.3269E-09 1.3890E-09 1.4538E-09 1.5178E-09 1.5844E-09 1.6520E-09 1.7217E-09 1.7916E-09
2.6376E-11 3.1336E-11 3.7620E-11 4.3178E-11 4.9671E-11 5.6264E-11 6.2907E-11 6.9611E-11 7.6809E-11 8.4546E-11 9.2849E-11 1.0172E-10 1.1123E-10 1.2089E-10 1.3218E-10 1.4273E-10 1.5543E-10 1.6880E-10 1.8396E-10 1.9917E-10 2.1619E-10 2.3384E-10 2.5364E-10 2.7392E-10 2.9551E-10 3.1782E-10 3.4442E-10 3.7002E-10 3.9678E-10 4.2844E-10 4.5817E-10 4.8965E-10 5.2332E-10 5.6305E-10 5.9775E-10 6.3282E-10 6.7904E-10 7.1851E-10 7.5986E-10 8.0890E-10 8.5707E-10 9.0378E-10 9.5541E-10 1.0122E-09 1.0652E-09 1.1202E-09 1.1805E-09 1.2399E-09 1.3026E-09 1.3649E-09 1.4286E-09 1.4952E-09 1.5635E-09 1.6344E-09 1.7036E-09 1.7751E-09 1.8476E-09
2.6809E-11 3.1357E-11 3.7654E-11 4.3223E-11 4.9737E-11 5.6353E-11 6.3472E-11 7.0204E-11 7.7438E-11 8.5219E-11 9.3106E-11 1.0203E-10 1.1159E-10 1.2177E-10 1.3266E-10 1.4375E-10 1.5606E-10 1.7091E-10 1.8485E-10 2.0071E-10 2.1838E-10 2.3676E-10 2.5619E-10 2.7686E-10 2.9927E-10 3.2388E-10 3.4850E-10 3.7448E-10 4.0332E-10 4.3479E-10 4.6335E-10 4.9545E-10 5.3690E-10 5.7072E-10 6.0614E-10 6.5113E-10 6.9013E-10 7.3099E-10 7.7637E-10 8.2734E-10 8.7411E-10 9.2554E-10 9.8256E-10 1.0353E-09 1.0903E-09 1.1509E-09 1.2106E-09 1.2719E-09 1.3356E-09 1.4016E-09 1.4718E-09 1.5389E-09 1.6095E-09 1.6814E-09 1.7565E-09 1.8317E-09 1.9064E-09
2.5510E-11 3.1341E-11 3.7642E-11 4.3215E-11 4.9743E-11 5.6821E-11 6.3517E-11 7.0271E-11 7.7529E-11 8.5339E-11 9.3708E-11 1.0268E-10 1.1182E-10 1.2252E-10 1.3299E-10 1.4509E-10 1.5784E-10 1.7148E-10 1.8602E-10 2.0289E-10 2.2028E-10 2.3847E-10 2.5865E-10 2.7998E-10 3.0219E-10 3.2825E-10 3.5273E-10 3.7857E-10 4.1077E-10 4.4008E-10 4.7031E-10 5.1040E-10 5.4449E-10 5.7894E-10 6.2294E-10 6.6089E-10 7.0100E-10 7.4592E-10 7.9630E-10 8.4276E-10 8.9103E-10 9.5056E-10 1.0033E-09 1.0585E-09 1.1161E-09 1.1791E-09 1.2404E-09 1.3050E-09 1.3715E-09 1.4403E-09 1.5100E-09 1.5819E-09 1.6590E-09 1.7320E-09 1.8092E-09 1.8872E-09 1.9676E-09
2.5463E-11 3.1287E-11 3.7585E-11 4.3155E-11 4.9687E-11 5.7219E-11 6.3928E-11 7.0252E-11 7.7525E-11 8.5355E-11 9.3747E-11 1.0274E-10 1.1190E-10 1.2313E-10 1.3364E-10 1.4532E-10 1.5813E-10 1.7275E-10 1.8792E-10 2.0535E-10 2.2255E-10 2.4037E-10 2.6174E-10 2.8241E-10 3.0650E-10 3.3138E-10 3.5672E-10 3.8773E-10 4.1524E-10 4.4501E-10 4.8403E-10 5.1701E-10 5.5056E-10 5.8866E-10 6.3129E-10 6.7037E-10 7.1168E-10 7.6432E-10 8.1017E-10 8.5791E-10 9.1681E-10 9.6936E-10 1.0244E-09 1.0820E-09 1.1449E-09 1.2066E-09 1.2716E-09 1.3384E-09 1.4074E-09 1.4781E-09 1.5517E-09 1.6270E-09 1.7046E-09 1.7839E-09 1.8663E-09 1.9439E-09 2.0264E-09
2.5385E-11 3.1195E-11 3.7482E-11 4.3043E-11 4.9572E-11 5.7107E-11 6.3824E-11 7.0147E-11 7.7882E-11 8.5267E-11 9.3671E-11 1.0316E-10 1.1280E-10 1.2312E-10 1.3365E-10 1.4584E-10 1.5959E-10 1.7343E-10 1.8820E-10 2.0578E-10 2.2311E-10 2.4352E-10 2.6266E-10 2.8661E-10 3.0998E-10 3.3412E-10 3.5879E-10 3.9042E-10 4.1985E-10 4.4946E-10 4.8943E-10 5.2302E-10 5.5722E-10 6.0140E-10 6.3933E-10 6.7973E-10 7.3119E-10 7.7667E-10 8.2370E-10 8.7567E-10 9.3390E-10 9.8841E-10 1.0456E-09 1.1086E-09 1.1706E-09 1.2355E-09 1.3026E-09 1.3719E-09 1.4436E-09 1.5179E-09 1.5942E-09 1.6726E-09 1.7524E-09 1.8343E-09 1.9179E-09 2.0072E-09 2.0891E-09
2.5277E-11 2.9774E-11 3.7334E-11 4.2878E-11 5.0278E-11 5.6927E-11 6.3642E-11 6.9958E-11 7.7695E-11 8.5075E-11 9.4408E-11 1.0344E-10 1.1263E-10 1.2296E-10 1.3398E-10 1.4572E-10 1.5953E-10 1.7342E-10 1.8961E-10 2.0687E-10 2.2487E-10 2.4499E-10 2.6424E-10 2.8907E-10 3.1313E-10 3.3714E-10 3.6708E-10 3.9475E-10 4.2372E-10 4.6124E-10 4.9453E-10 5.2750E-10 5.7138E-10 6.0827E-10 6.4726E-10 6.9162E-10 7.4222E-10 7.8853E-10 8.3676E-10 8.9716E-10 9.5095E-10 1.0076E-09 1.0700E-09 1.1320E-09 1.1966E-09 1.2637E-09 1.3335E-09 1.4060E-09 1.4808E-09 1.5577E-09 1.6365E-09 1.7185E-09 1.8022E-09 1.8879E-09 1.9747E-09 2.0624E-09 2.1516E-09
2.5140E-11 2.9615E-11 3.7142E-11 4.2663E-11 5.0048E-11 5.6678E-11 6.3383E-11 6.9683E-11 7.7414E-11 8.4781E-11 9.4115E-11 1.0314E-10 1.1280E-10 1.2313E-10 1.3367E-10 1.4626E-10 1.6017E-10 1.7464E-10 1.9133E-10 2.0785E-10 2.2651E-10 2.4616E-10 2.6872E-10 2.9082E-10 3.1405E-10 3.4360E-10 3.6965E-10 3.9681E-10 4.3165E-10 4.6546E-10 4.9923E-10 5.3196E-10 5.7722E-10 6.1483E-10 6.5493E-10 7.0695E-10 7.5263E-10 8.0006E-10 8.5983E-10 9.1233E-10 9.6792E-10 1.0297E-09 1.0921E-09 1.1551E-09 1.2224E-09 1.2926E-09 1.3651E-09 1.4401E-09 1.5173E-09 1.5977E-09 1.6810E-09 1.7664E-09 1.8527E-09 1.9407E-09 2.0311E-09 2.1233E-09 2.2169E-09
2.4973E-11 2.9421E-11 3.4306E-11 4.2829E-11 4.9758E-11 5.6803E-11 6.3048E-11 6.9325E-11 7.7040E-11 8.4842E-11 9.3708E-11 1.0272E-10 1.1236E-10 1.2268E-10 1.3368E-10 1.4629E-10 1.5975E-10 1.7425E-10 1.9102E-10 2.0811E-10 2.2637E-10 2.4613E-10 2.6894E-10 2.9212E-10 3.1556E-10 3.4619E-10 3.7198E-10 3.9939E-10 4.3788E-10 4.7032E-10 5.0272E-10 5.4635E-10 5.8294E-10 6.2141E-10 6.7172E-10 7.1606E-10 7.6238E-10 8.2058E-10 8.7267E-10 9.2730E-10 9.8498E-10 1.0491E-09 1.1121E-09 1.1788E-09 1.2488E-09 1.3210E-09 1.3960E-09 1.4742E-09 1.5553E-09 1.6398E-09 1.7254E-09 1.8129E-09 1.9031E-09 1.9958E-09 2.0901E-09 2.1856E-09 2.2820E-09
2.4777E-11 2.9193E-11 3.4048E-11 4.2516E-11 4.9409E-11 5.6422E-11 6.2638E-11 6.9336E-11 7.6574E-11 8.4347E-11 9.3189E-11 1.0217E-10 1.1179E-10 1.2208E-10 1.3306E-10 1.4654E-10 1.5962E-10 1.7414E-10 1.9197E-10 2.0857E-10 2.2785E-10 2.5034E-10 2.7144E-10 2.9324E-10 3.2221E-10 3.4690E-10 3.7397E-10 4.1072E-10 4.3993E-10 4.7282E-10 5.1456E-10 5.5108E-10 5.8808E-10 6.3102E-10 6.7987E-10 7.2480E-10 7.7221E-10 8.3288E-10 8.8572E-10 9.4226E-10 1.0054E-09 1.0693E-09 1.1335E-09 1.2027E-09 1.2745E-09 1.3516E-09 1.4278E-09 1.5094E-09 1.5937E-09 1.6804E-09 1.7696E-09 1.8615E-09 1.9558E-09 2.0513E-09 2.1483E-09 2.2478E-09 2.3495E-09
2.4554E-11 2.8932E-11 3.3752E-11 4.0847E-11 4.9003E-11 5.5976E-11 6.2156E-11 6.8818E-11 7.6019E-11 8.4214E-11 9.3022E-11 1.0150E-10 1.1108E-10 1.2134E-10 1.3229E-10 1.4576E-10 1.6025E-10 1.7432E-10 1.9217E-10 2.0895E-10 2.2775E-10 2.4992E-10 2.7113E-10 2.9397E-10 3.2293E-10 3.4722E-10 3.7460E-10 4.1203E-10 4.4240E-10 4.7610E-10 5.1922E-10 5.5518E-10 5.9358E-10 6.4367E-10 6.8759E-10 7.3360E-10 7.9162E-10 8.4371E-10 8.9860E-10 9.6035E-10 1.0220E-09 1.0867E-09 1.1548E-09 1.2262E-09 1.3007E-09 1.3786E-09 1.4597E-09 1.5439E-09 1.6317E-09 1.7222E-09 1.8154E-09 1.9105E-09 2.0075E-09 2.1073E-09 2.2096E-09 2.3139E-09 2.4191E-09
2.3041E-11 2.8639E-11 3.3418E-11 4.0452E-11 4.8098E-11 5.5465E-11 6.1601E-11 6.8221E-11 7.5375E-11 8.3526E-11 9.2287E-11 1.0118E-10 1.1072E-10 1.2045E-10 1.3183E-10 1.4570E-10 1.5929E-10 1.7422E-10 1.9124E-10 2.0855E-10 2.2780E-10 2.4922E-10 2.7051E-10 2.9719E-10 3.2377E-10 3.4925E-10 3.8260E-10 4.1398E-10 4.4486E-10 4.8686E-10 5.2260E-10 5.5940E-10 6.0754E-10 6.5036E-10 6.9487E-10 7.4517E-10 8.0201E-10 8.5519E-10 9.1210E-10 9.7534E-10 1.0389E-09 1.1054E-09 1.1761E-09 1.2500E-09 1.3286E-09 1.4072E-09 1.4914E-09 1.5792E-09 1.6741E-09 1.7644E-09 1.8606E-09 1.9597E-09 2.0617E-09 2.1659E-09 2.2717E-09 2.3790E-09 2.4887E-09
2.2357E-11 2.7881E-11 3.3047E-11 4.0013E-11 4.6259E-11 5.4444E-11 6.0977E-11 6.7546E-11 7.5099E-11 8.2743E-11 9.1447E-11 1.0029E-10 1.0976E-10 1.1991E-10 1.3123E-10 1.4459E-10 1.5815E-10 1.7493E-10 1.9112E-10 2.0841E-10 2.3032E-10 2.5082E-10 2.7115E-10 3.0017E-10 3.2328E-10 3.4897E-10 3.8559E-10 4.1440E-10 4.4705E-10 4.8929E-10 5.2575E-10 5.6326E-10 6.1292E-10 6.5624E-10 7.0200E-10 7.5995E-10 8.1180E-10 8.6697E-10 9.2883E-10 9.9018E-10 1.0553E-09 1.1246E-09 1.1973E-09 1.2729E-09 1.3526E-09 1.4363E-09 1.5238E-09 1.6147E-09 1.7092E-09 1.8065E-09 1.9069E-09 2.0102E-09 2.1158E-09 2.2236E-09 2.3343E-09 2.4472E-09 2.5620E-09
2.0795E-11 2.6254E-11 3.2641E-11 3.9531E-11 4.5709E-11 5.3813E-11 5.9833E-11 6.6797E-11 7.4287E-11 8.1867E-11 9.0504E-11 9.9273E-11 1.0868E-10 1.1875E-10 1.3085E-10 1.4381E-10 1.5778E-10 1.7362E-10 1.9074E-10 2.0706E-10 2.3002E-10 2.4962E-10 2.7086E-10 2.9928E-10 3.2302E-10 3.5221E-10 3.8552E-10 4.1471E-10 4.5398E-10 4.9258E-10 5.2852E-10 5.7289E-10 6.1771E-10 6.6188E-10 7.1481E-10 7.6847E-10 8.2174E-10 8.7856E-10 9.4205E-10 1.0052E-09 1.0728E-09 1.1439E-09 1.2180E-09 1.2961E-09 1.3788E-09 1.4657E-09 1.5560E-09 1.6518E-09 1.7484E-09 1.8491E-09 1.9532E-09 2.0647E-09 2.1704E-09 2.2837E-09 2.3992E-09 2.5162E-09 2.6348E-09
2.0510E-11 2.5896E-11 3.2202E-11 3.7713E-11 4.5111E-11 5.1783E-11 5.9081E-11 6.5975E-11 7.3394E-11 8.0901E-11 8.9461E-11 9.8151E-11 1.0748E-10 1.1746E-10 1.3035E-10 1.4330E-10 1.5680E-10 1.7260E-10 1.8922E-10 2.0548E-10 2.2854E-10 2.4814E-10 2.7572E-10 2.9806E-10 3.2297E-10 3.5808E-10 3.8654E-10 4.1596E-10 4.5907E-10 4.9434E-10 5.3089E-10 5.7953E-10 6.2208E-10 6.6723E-10 7.2486E-10 7.7637E-10 8.3136E-10 8.9327E-10 9.5490E-10 1.0207E-09 1.0901E-09 1.1627E-09 1.2392E-09 1.3204E-09 1.4058E-09 1.4949E-09 1.5886E-09 1.6863E-09 1.7874E-09 1.8919E-09 1.9999E-09 2.1115E-09 2.2264E-09 2.3443E-09 2.4647E-09 2.5877E-09 2.7128E-09
2.0205E-11 2.5512E-11 3.0436E-11 3.7174E-11 4.4466E-11 5.1056E-11 5.8267E-11 6.5084E-11 7.2423E-11 7.9850E-11 8.8322E-11 9.6923E-11 1.0616E-10 1.1605E-10 1.2885E-10 1.4173E-10 1.5516E-10 1.7182E-10 1.8798E-10 2.0869E-10 2.2790E-10 2.4740E-10 2.7525E-10 2.9751E-10 3.2443E-10 3.5810E-10 3.8587E-10 4.1996E-10 4.6003E-10 4.9571E-10 5.3620E-10 5.8287E-10 6.2625E-10 6.7851E-10 7.3130E-10 7.8444E-10 8.4402E-10 9.0443E-10 9.6804E-10 1.0356E-09 1.1070E-09 1.1815E-09 1.2610E-09 1.3449E-09 1.4327E-09 1.5248E-09 1.6215E-09 1.7222E-09 1.8266E-09 1.9350E-09 2.0477E-09 2.1644E-09 2.2842E-09 2.4073E-09 2.5357E-09 2.6609E-09 2.7903E-09
1.9880E-11 2.3844E-11 2.9954E-11 3.6598E-11 4.2468E-11 5.0278E-11 5.7394E-11 6.4126E-11 7.0924E-11 7.8715E-11 8.7091E-11 9.5593E-11 1.0473E-10 1.1451E-10 1.2722E-10 1.4001E-10 1.5434E-10 1.7101E-10 1.8703E-10 2.0770E-10 2.2692E-10 2.4861E-10 2.7343E-10 2.9573E-10 3.2560E-10 3.5668E-10 3.8512E-10 4.2675E-10 4.6048E-10 4.9688E-10 5.4416E-10 5.8579E-10 6.2990E-10 6.8663E-10 7.3746E-10 7.9209E-10 8.5374E-10 9.1511E-10 9.8057E-10 1.0504E-09 1.1236E-09 1.2010E-09 1.2830E-09 1.3692E-09 1.4598E-09 1.5551E-09 1.6546E-09 1.7584E-09 1.8668E-09 1.9800E-09 2.0974E-09 2.2182E-09 2.3427E-09 2.4704E-09 2.6015E-09 2.7351E-09 2.8711E-09
1.7848E-11 2.3013E-11 2.9012E-11 3.3811E-11 4.1322E-11 4.9452E-11 5.6465E-11 6.3105E-11 6.9809E-11 7.7502E-11 8.5772E-11 9.4166E-11 1.0319E-10 1.1285E-10 1.2634E-10 1.3815E-10 1.5238E-10 1.6899E-10 1.8491E-10 2.0558E-10 2.2475E-10 2.4908E-10 2.7229E-10 2.9417E-10 3.2758E-10 3.5514E-10 3.8825E-10 4.2653E-10 4.6140E-10 5.0053E-10 5.4610E-10 5.8812E-10 6.3650E-10 6.9140E-10 7.4357E-10 7.9962E-10 8.6247E-10 9.2565E-10 9.9303E-10 1.0648E-09 1.1403E-09 1.2202E-09 1.3049E-09 1.3937E-09 1.4873E-09 1.5853E-09 1.6884E-09 1.7963E-09 1.9092E-09 2.0259E-09 2.1468E-09 2.2725E-09 2.4025E-09 2.5360E-09 2.6729E-09 2.8125E-09 2.9542E-09
1.7517E-11 2.2593E-11 2.7209E-11 3.3198E-11 3.8848E-11 4.6814E-11 5.5036E-11 6.1573E-11 6.8171E-11 7.5756E-11 8.3904E-11 9.2175E-11 1.0155E-10 1.1108E-10 1.2398E-10 1.3710E-10 1.5027E-10 1.6773E-10 1.8517E-10 2.0431E-10 2.2234E-10 2.4780E-10 2.6989E-10 2.9575E-10 3.2737E-10 3.5349E-10 3.9030E-10 4.2567E-10 4.6112E-10 5.0418E-10 5.4714E-10 5.8993E-10 6.4568E-10 6.9578E-10 7.4929E-10 8.1016E-10 8.7064E-10 9.3575E-10 1.0057E-09 1.0792E-09 1.1568E-09 1.2393E-09 1.3267E-09 1.4184E-09 1.5149E-09 1.6167E-09 1.7235E-09 1.8348E-09 1.9508E-09 2.0721E-09 2.1984E-09 2.3298E-09 2.4650E-09 2.6041E-09 2.7466E-09 2.8922E-09 3.0402E-09
1.5915E-11 2.0872E-11 2.6248E-11 3.2558E-11 3.8111E-11 4.5930E-11 5.4010E-11 6.0442E-11 6.6933E-11 7.4401E-11 8.2427E-11 9.0574E-11 9.9811E-11 1.0920E-10 1.2198E-10 1.3498E-10 1.4802E-10 1.6538E-10 1.8275E-10 2.0274E-10 2.1969E-10 2.4523E-10 2.6725E-10 2.9600E-10 3.2503E-10 3.5285E-10 3.9183E-10 4.2555E-10 4.6056E-10 5.0746E-10 5.4789E-10 5.9469E-10 6.4865E-10 6.9945E-10 7.5472E-10 8.1647E-10 8.7878E-10 9.4616E-10 1.0177E-09 1.0930E-09 1.1728E-09 1.2584E-09 1.3485E-09 1.4434E-09 1.5436E-09 1.6485E-09 1.7581E-09 1.8732E-09 1.9940E-09 2.1212E-09 2.2528E-09 2.3888E-09 2.5292E-09 2.6738E-09 2.8222E-09 2.9742E-09 3.1285E-09
1.5165E-11 2.0016E-11 2.4459E-11 3.0604E-11 3.7343E-11 4.3251E-11 5.1145E-11 5.8805E-11 6.5638E-11 7.2981E-11 8.0877E-11 8.8891E-11 9.7983E-11 1.0723E-10 1.1986E-10 1.3272E-10 1.4755E-10 1.6286E-10 1.8118E-10 2.0003E-10 2.2061E-10 2.4241E-10 2.6436E-10 2.9594E-10 3.2264E-10 3.5403E-10 3.9013E-10 4.2405E-10 4.6317E-10 5.0712E-10 5.4809E-10 5.9922E-10 6.5074E-10 7.0278E-10 7.6240E-10 8.2237E-10 8.8691E-10 9.5628E-10 1.0291E-09 1.1064E-09 1.1893E-09 1.2776E-09 1.3705E-09 1.4689E-09 1.5716E-09 1.6797E-09 1.7938E-09 1.9142E-09 2.0403E-09 2.1712E-09 2.3072E-09 2.4485E-09 2.5955E-09 2.7466E-09 2.9047E-09 3.0589E-09 3.2198E-09
1.4408E-11 1.8306E-11 2.3934E-11 2.9508E-11 3.6109E-11 4.1889E-11 5.0066E-11 5.7583E-11 6.4289E-11 7.1501E-11 7.8799E-11 8.7133E-11 9.6072E-11 1.0516E-10 1.1764E-10 1.2986E-10 1.4590E-10 1.6019E-10 1.7842E-10 1.9713E-10 2.2027E-10 2.3934E-10 2.6514E-10 2.9295E-10 3.2020E-10 3.5193E-10 3.8792E-10 4.2254E-10 4.6516E-10 5.0631E-10 5.4824E-10 6.0348E-10 6.5240E-10 7.0565E-10 7.6659E-10 8.2777E-10 8.9423E-10 9.6526E-10 1.0397E-09 1.1199E-09 1.2060E-09 1.2968E-09 1.3926E-09 1.4931E-09 1.5997E-09 1.7128E-09 1.8321E-09 1.9565E-09 2.0859E-09 2.2216E-09 2.3640E-09 2.5116E-09 2.6643E-09 2.8217E-09 2.9833E-09 3.1490E-09 3.3179E-09
1.4074E-11 1.7885E-11 2.2967E-11 2.7570E-11 3.3991E-11 3.9220E-11 4.7175E-11 5.5418E-11 6.2436E-11 6.9507E-11 7.6661E-11 8.5305E-11 9.4082E-11 1.0301E-10 1.1625E-10 1.2838E-10 1.4326E-10 1.5991E-10 1.7549E-10 1.9404E-10 2.1714E-10 2.3605E-10 2.6183E-10 2.9100E-10 3.1864E-10 3.5340E-10 3.8539E-10 4.2099E-10 4.6661E-10 5.0525E-10 5.5155E-10 6.0394E-10 6.5362E-10 7.0834E-10 7.7004E-10 8.3272E-10 9.0092E-10 9.7316E-10 1.0504E-09 1.1339E-09 1.2223E-09 1.3154E-09 1.4136E-09 1.5185E-09 1.6296E-09 1.7470E-09 1.8692E-09 1.9979E-09 2.1336E-09 2.2758E-09 2.4239E-09 2.5772E-09 2.7362E-09 2.9006E-09 3.0695E-09 3.2417E-09 3.4172E-09
1.3731E-11 1.6216E-11 2.0702E-11 2.5226E-11 3.1439E-11 3.8295E-11 4.6064E-11 5.4123E-11 6.1000E-11 6.7465E-11 7.4935E-11 8.2950E-11 9.1080E-11 1.0030E-10 1.1384E-10 1.2580E-10 1.3915E-10 1.5751E-10 1.7241E-10 1.9078E-10 2.1381E-10 2.3253E-10 2.6111E-10 2.8790E-10 3.1582E-10 3.5322E-10 3.8303E-10 4.2320E-10 4.6470E-10 5.0418E-10 5.5135E-10 6.0385E-10 6.5472E-10 7.1387E-10 7.7301E-10 8.3710E-10 9.0698E-10 9.8060E-10 1.0604E-09 1.1463E-09 1.2373E-09 1.3335E-09 1.4361E-09 1.5447E-09 1.6596E-09 1.7798E-09 1.9075E-09 2.0425E-09 2.1845E-09 2.3315E-09 2.4852E-09 2.6450E-09 2.8109E-09 2.9824E-09 3.1583E-09 3.3385E-09 3.5226E-09
1.2117E-11 1.5389E-11 1.9748E-11 2.4167E-11 3.0653E-11 3.7346E-11 4.3631E-11 5.0999E-11 5.9072E-11 6.5390E-11 7.3158E-11 8.1005E-11 8.8964E-11 9.7997E-11 1.1134E-10 1.2313E-10 1.3628E-10 1.5449E-10 1.7026E-10 1.9007E-10 2.1135E-10 2.2976E-10 2.5737E-10 2.8479E-10 3.1580E-10 3.4987E-10 3.8050E-10 4.2094E-10 4.6247E-10 5.0304E-10 5.5344E-10 6.0318E-10 6.5586E-10 7.1544E-10 7.7539E-10 8.4148E-10 9.1238E-10 9.8802E-10 1.0703E-09 1.1583E-09 1.2515E-09 1.3518E-09 1.4582E-09 1.5703E-09 1.6885E-09 1.8147E-09 1.9487E-09 2.0889E-09 2.2351E-09 2.3885E-09 2.5490E-09 2.7164E-09 2.8890E-09 3.0677E-09 3.2513E-09 3.4393E-09 3.6307E-09
