Assets/Resources/2015_m01_d04_0200(utc+0800)_l00_csi_1hr_conc.grd
DSAA
         159         159
     -79.000      79.000
     -79.000      79.000
  0.8386E-11  0.5652E-05
[rows 125 to 149 of 159, columns 0 to 56 of 159]
4.6371E-11 4.8198E-11 5.0084E-11 5.2032E-11 5.4041E-11 5.6115E-11 5.8253E-11 6.0458E-11 6.2730E-11 6.5072E-11 6.7484E-11 6.9968E-11 7.2525E-11 7.5157E-11 7.7865E-11 8.0651E-11 8.3515E-11 8.6459E-11 8.9484E-11 9.2592E-11 9.5784E-11 9.9060E-11 1.0242E-10 1.0587E-10 1.0941E-10 1.1304E-10 1.1676E-10 1.2058E-10 1.2448E-10 1.2848E-10 1.3257E-10 1.3676E-10 1.4105E-10 1.4544E-10 1.4992E-10 1.5450E-10 1.5918E-10 1.6396E-10 1.6885E-10 1.7383E-10 1.7892E-10 1.8410E-10 1.8939E-10 1.9479E-10 2.0028E-10 2.0588E-10 2.1158E-10 2.1738E-10 2.2328E-10 2.2929E-10 2.3540E-10 2.4161E-10 2.4792E-10 2.5433E-10 2.6084E-10 2.6744E-10 2.7415E-10
4.6230E-11 4.8052E-11 4.9933E-11 5.1875E-11 5.3879E-11 5.5947E-11 5.8080E-11 6.0279E-11 6.2545E-11 6.4880E-11 6.7286E-11 6.9764E-11 7.2314E-11 7.4940E-11 7.7641E-11 8.0419E-11 8.3275E-11 8.6212E-11 8.9230E-11 9.2330E-11 9.5513E-11 9.8782E-11 1.0214E-10 1.0558E-10 1.0911E-10 1.1273E-10 1.1644E-10 1.2024E-10 1.2414E-10 1.2813E-10 1.3221E-10 1.3639E-10 1.4067E-10 1.4504E-10 1.4952E-10 1.5409E-10 1.5876E-10 1.6353E-10 1.6840E-10 1.7337E-10 1.7845E-10 1.8362E-10 1.8890E-10 1.9428E-10 1.9976E-10 2.0535E-10 2.1103E-10 2.1682E-10 2.2272E-10 2.2871E-10 2.3480E-10 2.4100E-10 2.4729E-10 2.5369E-10 2.6019E-10 2.6678E-10 2.7347E-10
4.6078E-11 4.7894E-11 4.9770E-11 5.1707E-11 5.3705E-11 5.5767E-11 5.7893E-11 6.0086E-11 6.2345E-11 6.4674E-11 6.7073E-11 6.9543E-11 7.2087E-11 7.4705E-11 7.7398E-11 8.0168E-11 8.3017E-11 8.5945E-11 8.8955E-11 9.2046E-11 9.5221E-11 9.8481E-11 1.0183E-10 1.0526E-10 1.0878E-10 1.1239E-10 1.1609E-10 1.1988E-10 1.2377E-10 1.2775E-10 1.3182E-10 1.3599E-10 1.4026E-10 1.4462E-10 1.4908E-10 1.5364E-10 1.5830E-10 1.6306E-10 1.6791E-10 1.7287E-10 1.7794E-10 1.8310E-10 1.8836E-10 1.9373E-10 1.9920E-10 2.0477E-10 2.1044E-10 2.1622E-10 2.2209E-10 2.2807E-10 2.3415E-10 2.4033E-10 2.4661E-10 2.5299E-10 2.5947E-10 2.6605E-10 2.7272E-10
4.5916E-11 4.7726E-11 4.9596E-11 5.1526E-11 5.3518E-11 5.5573E-11 5.7693E-11 5.9879E-11 6.2131E-11 6.4453E-11 6.6844E-11 6.9307E-11 7.1843E-11 7.4452E-11 7.7137E-11 7.9899E-11 8.2739E-11 8.5659E-11 8.8659E-11 9.1741E-11 9.4907E-11 9.8157E-11 1.0149E-10 1.0491E-10 1.0843E-10 1.1203E-10 1.1572E-10 1.1950E-10 1.2337E-10 1.2734E-10 1.3140E-10 1.3556E-10 1.3981E-10 1.4416E-10 1.4861E-10 1.5315E-10 1.5780E-10 1.6254E-10 1.6739E-10 1.7234E-10 1.7738E-10 1.8253E-10 1.8778E-10 1.9313E-10 1.9859E-10 2.0414E-10 2.0980E-10 2.1556E-10 2.2142E-10 2.2738E-10 2.3345E-10 2.3961E-10 2.4587E-10 2.5224E-10 2.5870E-10 2.6526E-10 2.7191E-10
4.5743E-11 4.7547E-11 4.9411E-11 5.1334E-11 5.3319E-11 5.5367E-11 5.7480E-11 5.9658E-11 6.1903E-11 6.4217E-11 6.6600E-11 6.9055E-11 7.1582E-11 7.4183E-11 7.6859E-11 7.9612E-11 8.2443E-11 8.5353E-11 8.8343E-11 9.1415E-11 9.4570E-11 9.7810E-11 1.0113E-10 1.0455E-10 1.0805E-10 1.1163E-10 1.1531E-10 1.1908E-10 1.2294E-10 1.2690E-10 1.3095E-10 1.3509E-10 1.3933E-10 1.4367E-10 1.4810E-10 1.5264E-10 1.5727E-10 1.6200E-10 1.6683E-10 1.7176E-10 1.7679E-10 1.8192E-10 1.8716E-10 1.9249E-10 1.9793E-10 2.0347E-10 2.0911E-10 2.1485E-10 2.2069E-10 2.2664E-10 2.3268E-10 2.3883E-10 2.4508E-10 2.5142E-10 2.5786E-10 2.6440E-10 2.7104E-10
4.5560E-11 4.7357E-11 4.9214E-11 5.1130E-11 5.3108E-11 5.5149E-11 5.7254E-11 5.9424E-11 6.1661E-11 6.3966E-11 6.6341E-11 6.8787E-11 7.1305E-11 7.3897E-11 7.6564E-11 7.9307E-11 8.2127E-11 8.5027E-11 8.8007E-11 9.1068E-11 9.4213E-11 9.7441E-11 1.0075E-10 1.0415E-10 1.0764E-10 1.1122E-10 1.1488E-10 1.1864E-10 1.2249E-10 1.2643E-10 1.3047E-10 1.3460E-10 1.3882E-10 1.4314E-10 1.4756E-10 1.5208E-10 1.5670E-10 1.6141E-10 1.6622E-10 1.7114E-10 1.7615E-10 1.8127E-10 1.8649E-10 1.9181E-10 1.9722E-10 2.0275E-10 2.0837E-10 2.1409E-10 2.1992E-10 2.2584E-10 2.3187E-10 2.3800E-10 2.4422E-10 2.5055E-10 2.5697E-10 2.6349E-10 2.7010E-10
4.5366E-11 4.7157E-11 4.9006E-11 5.0915E-11 5.2885E-11 5.4918E-11 5.7015E-11 5.9176E-11 6.1405E-11 6.3701E-11 6.6067E-11 6.8504E-11 7.1012E-11 7.3594E-11 7.6251E-11 7.8983E-11 8.1793E-11 8.4682E-11 8.7651E-11 9.0701E-11 9.3833E-11 9.7049E-11 1.0035E-10 1.0374E-10 1.0721E-10 1.1078E-10 1.1443E-10 1.1817E-10 1.2201E-10 1.2593E-10 1.2995E-10 1.3407E-10 1.3828E-10 1.4259E-10 1.4699E-10 1.5149E-10 1.5609E-10 1.6079E-10 1.6558E-10 1.7048E-10 1.7548E-10 1.8058E-10 1.8578E-10 1.9108E-10 1.9648E-10 2.0198E-10 2.0758E-10 2.1328E-10 2.1909E-10 2.2500E-10 2.3100E-10 2.3711E-10 2.4331E-10 2.4961E-10 2.5601E-10 2.6251E-10 2.6910E-10
4.5163E-11 4.6946E-11 4.8787E-11 5.0689E-11 5.2651E-11 5.4675E-11 5.6763E-11 5.8916E-11 6.1135E-11 6.3422E-11 6.5778E-11 6.8205E-11 7.0703E-11 7.3274E-11 7.5920E-11 7.8642E-11 8.1441E-11 8.4318E-11 8.7275E-11 9.0313E-11 9.3433E-11 9.6636E-11 9.9925E-11 1.0330E-10 1.0676E-10 1.1031E-10 1.1395E-10 1.1768E-10 1.2149E-10 1.2541E-10 1.2941E-10 1.3351E-10 1.3771E-10 1.4200E-10 1.4638E-10 1.5087E-10 1.5545E-10 1.6013E-10 1.6491E-10 1.6979E-10 1.7476E-10 1.7984E-10 1.8502E-10 1.9030E-10 1.9568E-10 2.0116E-10 2.0675E-10 2.1243E-10 2.1821E-10 2.2410E-10 2.3008E-10 2.3616E-10 2.4234E-10 2.4862E-10 2.5500E-10 2.6147E-10 2.6804E-10
4.4949E-11 4.6725E-11 4.8558E-11 5.0451E-11 5.2404E-11 5.4420E-11 5.6498E-11 5.8642E-11 6.0852E-11 6.3129E-11 6.5475E-11 6.7891E-11 7.0378E-11 7.2939E-11 7.5573E-11 7.8283E-11 8.1070E-11 8.3935E-11 8.6880E-11 8.9905E-11 9.3012E-11 9.6202E-11 9.9476E-11 1.0284E-10 1.0628E-10 1.0982E-10 1.1344E-10 1.1715E-10 1.2096E-10 1.2485E-10 1.2884E-10 1.3292E-10 1.3710E-10 1.4137E-10 1.4574E-10 1.5021E-10 1.5477E-10 1.5943E-10 1.6419E-10 1.6905E-10 1.7401E-10 1.7907E-10 1.8423E-10 1.8949E-10 1.9484E-10 2.0030E-10 2.0586E-10 2.1152E-10 2.1729E-10 2.2315E-10 2.2911E-10 2.3516E-10 2.4132E-10 2.4758E-10 2.5393E-10 2.6038E-10 2.6692E-10
4.4726E-11 4.6493E-11 4.8318E-11 5.0202E-11 5.2146E-11 5.4152E-11 5.6222E-11 5.8355E-11 6.0555E-11 6.2822E-11 6.5157E-11 6.7562E-11 7.0038E-11 7.2587E-11 7.5210E-11 7.7907E-11 8.0682E-11 8.3534E-11 8.6465E-11 8.9477E-11 9.2570E-11 9.5746E-11 9.9005E-11 1.0235E-10 1.0578E-10 1.0930E-10 1.1291E-10 1.1660E-10 1.2039E-10 1.2427E-10 1.2824E-10 1.3231E-10 1.3647E-10 1.4072E-10 1.4507E-10 1.4952E-10 1.5406E-10 1.5870E-10 1.6344E-10 1.6828E-10 1.7322E-10 1.7825E-10 1.8339E-10 1.8863E-10 1.9396E-10 1.9940E-10 2.0494E-10 2.1057E-10 2.1631E-10 2.2215E-10 2.2808E-10 2.3411E-10 2.4025E-10 2.4648E-10 2.5280E-10 2.5922E-10 2.6574E-10
4.4493E-11 4.6252E-11 4.8067E-11 4.9942E-11 5.1877E-11 5.3873E-11 5.5933E-11 5.8056E-11 6.0245E-11 6.2501E-11 6.4825E-11 6.7218E-11 6.9683E-11 7.2219E-11 7.4829E-11 7.7514E-11 8.0276E-11 8.3114E-11 8.6032E-11 8.9029E-11 9.2108E-11 9.5269E-11 9.8513E-11 1.0184E-10 1.0526E-10 1.0876E-10 1.1235E-10 1.1603E-10 1.1980E-10 1.2366E-10 1.2761E-10 1.3166E-10 1.3580E-10 1.4004E-10 1.4437E-10 1.4879E-10 1.5331E-10 1.5793E-10 1.6265E-10 1.6747E-10 1.7238E-10 1.7740E-10 1.8251E-10 1.8772E-10 1.9304E-10 1.9845E-10 2.0396E-10 2.0957E-10 2.1529E-10 2.2110E-10 2.2700E-10 2.3301E-10 2.3912E-10 2.4532E-10 2.5162E-10 2.5801E-10 2.6450E-10
4.4251E-11 4.6000E-11 4.7807E-11 4.9672E-11 5.1597E-11 5.3583E-11 5.5632E-11 5.7744E-11 5.9922E-11 6.2166E-11 6.4478E-11 6.6860E-11 6.9312E-11 7.1836E-11 7.4433E-11 7.7105E-11 7.9852E-11 8.2677E-11 8.5579E-11 8.8562E-11 9.1625E-11 9.4771E-11 9.7999E-11 1.0131E-10 1.0471E-10 1.0820E-10 1.1177E-10 1.1543E-10 1.1918E-10 1.2302E-10 1.2696E-10 1.3099E-10 1.3511E-10 1.3932E-10 1.4363E-10 1.4803E-10 1.5253E-10 1.5713E-10 1.6183E-10 1.6662E-10 1.7151E-10 1.7650E-10 1.8159E-10 1.8678E-10 1.9207E-10 1.9746E-10 2.0294E-10 2.0853E-10 2.1421E-10 2.2000E-10 2.2588E-10 2.3186E-10 2.3793E-10 2.4411E-10 2.5038E-10 2.5674E-10 2.6320E-10
4.3999E-11 4.5739E-11 4.7536E-11 4.9391E-11 5.1305E-11 5.3281E-11 5.5319E-11 5.7420E-11 5.9586E-11 6.1819E-11 6.4119E-11 6.6488E-11 6.8927E-11 7.1437E-11 7.4021E-11 7.6678E-11 7.9411E-11 8.2221E-11 8.5109E-11 8.8076E-11 9.1123E-11 9.4252E-11 9.7464E-11 1.0076E-10 1.0414E-10 1.0761E-10 1.1116E-10 1.1481E-10 1.1854E-10 1.2236E-10 1.2628E-10 1.3028E-10 1.3438E-10 1.3857E-10 1.4286E-10 1.4724E-10 1.5172E-10 1.5630E-10 1.6097E-10 1.6574E-10 1.7061E-10 1.7557E-10 1.8064E-10 1.8580E-10 1.9106E-10 1.9642E-10 2.0188E-10 2.0744E-10 2.1309E-10 2.1885E-10 2.2470E-10 2.3065E-10 2.3670E-10 2.4284E-10 2.4908E-10 2.5541E-10 2.6184E-10
4.3738E-11 4.5468E-11 4.7255E-11 4.9099E-11 5.1003E-11 5.2968E-11 5.4994E-11 5.7084E-11 5.9238E-11 6.1458E-11 6.3745E-11 6.6101E-11 6.8527E-11 7.1023E-11 7.3593E-11 7.6236E-11 7.8954E-11 8.1748E-11 8.4620E-11 8.7571E-11 9.0602E-11 9.3714E-11 9.6909E-11 1.0019E-10 1.0355E-10 1.0700E-10 1.1053E-10 1.1416E-10 1.1787E-10 1.2167E-10 1.2557E-10 1.2955E-10 1.3363E-10 1.3780E-10 1.4206E-10 1.4642E-10 1.5088E-10 1.5543E-10 1.6008E-10 1.6482E-10 1.6966E-10 1.7460E-10 1.7964E-10 1.8478E-10 1.9001E-10 1.9534E-10 2.0077E-10 2.0630E-10 2.1193E-10 2.1765E-10 2.2348E-10 2.2940E-10 2.3541E-10 2.4152E-10 2.4773E-10 2.5403E-10 2.6043E-10
4.3468E-11 4.5188E-11 4.6964E-11 4.8798E-11 5.0691E-11 5.2644E-11 5.4658E-11 5.6736E-11 5.8877E-11 6.1084E-11 6.3359E-11 6.5701E-11 6.8112E-11 7.0595E-11 7.3149E-11 7.5777E-11 7.8480E-11 8.1258E-11 8.4114E-11 8.7048E-11 9.0062E-11 9.3156E-11 9.6333E-11 9.9592E-11 1.0294E-10 1.0637E-10 1.0988E-10 1.1348E-10 1.1718E-10 1.2096E-10 1.2483E-10 1.2879E-10 1.3285E-10 1.3699E-10 1.4123E-10 1.4557E-10 1.5000E-10 1.5453E-10 1.5915E-10 1.6387E-10 1.6868E-10 1.7359E-10 1.7860E-10 1.8371E-10 1.8892E-10 1.9422E-10 1.9962E-10 2.0512E-10 2.1072E-10 2.1641E-10 2.2220E-10 2.2809E-10 2.3407E-10 2.4015E-10 2.4633E-10 2.5259E-10 2.5896E-10
4.3189E-11 4.4898E-11 4.6664E-11 4.8486E-11 5.0368E-11 5.2309E-11 5.4311E-11 5.6376E-11 5.8505E-11 6.0699E-11 6.2959E-11 6.5287E-11 6.7684E-11 7.0152E-11 7.2691E-11 7.5303E-11 7.7989E-11 8.0752E-11 8.3590E-11 8.6507E-11 8.9503E-11 9.2579E-11 9.5737E-11 9.8977E-11 1.0230E-10 1.0571E-10 1.0921E-10 1.1279E-10 1.1646E-10 1.2022E-10 1.2407E-10 1.2800E-10 1.3204E-10 1.3616E-10 1.4038E-10 1.4469E-10 1.4909E-10 1.5359E-10 1.5819E-10 1.6288E-10 1.6767E-10 1.7255E-10 1.7753E-10 1.8261E-10 1.8779E-10 1.9306E-10 1.9843E-10 2.0390E-10 2.0946E-10 2.1513E-10 2.2088E-10 2.2674E-10 2.3269E-10 2.3873E-10 2.4487E-10 2.5110E-10 2.5743E-10
4.2901E-11 4.4600E-11 4.6354E-11 4.8165E-11 5.0034E-11 5.1963E-11 5.3953E-11 5.6005E-11 5.8120E-11 6.0300E-11 6.2546E-11 6.4860E-11 6.7242E-11 6.9694E-11 7.2218E-11 7.4814E-11 7.7483E-11 8.0228E-11 8.3049E-11 8.5948E-11 8.8925E-11 9.1982E-11 9.5121E-11 9.8341E-11 1.0165E-10 1.0503E-10 1.0851E-10 1.1207E-10 1.1572E-10 1.1945E-10 1.2328E-10 1.2719E-10 1.3120E-10 1.3530E-10 1.3949E-10 1.4377E-10 1.4815E-10 1.5262E-10 1.5719E-10 1.6186E-10 1.6661E-10 1.7147E-10 1.7642E-10 1.8147E-10 1.8662E-10 1.9186E-10 1.9720E-10 2.0263E-10 2.0816E-10 2.1379E-10 2.1952E-10 2.2534E-10 2.3125E-10 2.3726E-10 2.4336E-10 2.4956E-10 2.5585E-10
4.2605E-11 4.4293E-11 4.6035E-11 4.7834E-11 4.9691E-11 5.1607E-11 5.3584E-11 5.5622E-11 5.7724E-11 5.9890E-11 6.2121E-11 6.4420E-11 6.6787E-11 6.9223E-11 7.1730E-11 7.4309E-11 7.6962E-11 7.9689E-11 8.2492E-11 8.5372E-11 8.8330E-11 9.1368E-11 9.4486E-11 9.7686E-11 1.0097E-10 1.0434E-10 1.0779E-10 1.1132E-10 1.1495E-10 1.1866E-10 1.2246E-10 1.2635E-10 1.3034E-10 1.3441E-10 1.3857E-10 1.4283E-10 1.4718E-10 1.5163E-10 1.5617E-10 1.6080E-10 1.6553E-10 1.7035E-10 1.7528E-10 1.8029E-10 1.8541E-10 1.9062E-10 1.9592E-10 2.0132E-10 2.0682E-10 2.1242E-10 2.1811E-10 2.2389E-10 2.2977E-10 2.3574E-10 2.4181E-10 2.4797E-10 2.5422E-10
4.2301E-11 4.3977E-11 4.5707E-11 4.7494E-11 4.9338E-11 5.1242E-11 5.3205E-11 5.5229E-11 5.7317E-11 5.9468E-11 6.1684E-11 6.3967E-11 6.6318E-11 6.8738E-11 7.1228E-11 7.3790E-11 7.6425E-11 7.9133E-11 8.1918E-11 8.4778E-11 8.7717E-11 9.0735E-11 9.3832E-11 9.7011E-11 1.0027E-10 1.0362E-10 1.0705E-10 1.1056E-10 1.1416E-10 1.1785E-10 1.2162E-10 1.2549E-10 1.2945E-10 1.3349E-10 1.3763E-10 1.4186E-10 1.4618E-10 1.5060E-10 1.5511E-10 1.5971E-10 1.6441E-10 1.6921E-10 1.7409E-10 1.7908E-10 1.8416E-10 1.8934E-10 1.9461E-10 1.9998E-10 2.0544E-10 2.1100E-10 2.1665E-10 2.2240E-10 2.2824E-10 2.3417E-10 2.4020E-10 2.4632E-10 2.5253E-10
4.1988E-11 4.3652E-11 4.5371E-11 4.7145E-11 4.8976E-11 5.0866E-11 5.2815E-11 5.4825E-11 5.6898E-11 5.9034E-11 6.1235E-11 6.3502E-11 6.5836E-11 6.8239E-11 7.0712E-11 7.3256E-11 7.5873E-11 7.8563E-11 8.1328E-11 8.4169E-11 8.7087E-11 9.0084E-11 9.3160E-11 9.6317E-11 9.9556E-11 1.0288E-10 1.0628E-10 1.0977E-10 1.1335E-10 1.1701E-10 1.2076E-10 1.2460E-10 1.2853E-10 1.3255E-10 1.3666E-10 1.4086E-10 1.4515E-10 1.4954E-10 1.5402E-10 1.5859E-10 1.6326E-10 1.6802E-10 1.7288E-10 1.7783E-10 1.8288E-10 1.8802E-10 1.9325E-10 1.9859E-10 2.0401E-10 2.0953E-10 2.1515E-10 2.2086E-10 2.2666E-10 2.3256E-10 2.3855E-10 2.4462E-10 2.5079E-10
4.1668E-11 4.3320E-11 4.5025E-11 4.6787E-11 4.8604E-11 5.0480E-11 5.2415E-11 5.4411E-11 5.6469E-11 5.8589E-11 6.0774E-11 6.3025E-11 6.5342E-11 6.7728E-11 7.0183E-11 7.2709E-11 7.5306E-11 7.7977E-11 8.0722E-11 8.3543E-11 8.6440E-11 8.9416E-11 9.2470E-11 9.5604E-11 9.8820E-11 1.0212E-10 1.0550E-10 1.0896E-10 1.1252E-10 1.1615E-10 1.1988E-10 1.2369E-10 1.2759E-10 1.3158E-10 1.3566E-10 1.3983E-10 1.4410E-10 1.4845E-10 1.5290E-10 1.5744E-10 1.6208E-10 1.6681E-10 1.7163E-10 1.7655E-10 1.8156E-10 1.8666E-10 1.9186E-10 1.9716E-10 2.0255E-10 2.0803E-10 2.1361E-10 2.1928E-10 2.2504E-10 2.3090E-10 2.3684E-10 2.4288E-10 2.4901E-10
4.1340E-11 4.2979E-11 4.4672E-11 4.6420E-11 4.8224E-11 5.0086E-11 5.2006E-11 5.3987E-11 5.6029E-11 5.8133E-11 6.0302E-11 6.2536E-11 6.4836E-11 6.7204E-11 6.9640E-11 7.2147E-11 7.4726E-11 7.7377E-11 8.0101E-11 8.2901E-11 8.5777E-11 8.8730E-11 9.1762E-11 9.4874E-11 9.8065E-11 1.0134E-10 1.0470E-10 1.0814E-10 1.1166E-10 1.1527E-10 1.1897E-10 1.2275E-10 1.2663E-10 1.3059E-10 1.3464E-10 1.3878E-10 1.4301E-10 1.4734E-10 1.5175E-10 1.5626E-10 1.6086E-10 1.6556E-10 1.7034E-10 1.7523E-10 1.8020E-10 1.8527E-10 1.9044E-10 1.9569E-10 2.0104E-10 2.0649E-10 2.1202E-10 2.1765E-10 2.2338E-10 2.2919E-10 2.3509E-10 2.4109E-10 2.4717E-10
4.1005E-11 4.2631E-11 4.4310E-11 4.6044E-11 4.7835E-11 4.9682E-11 5.1587E-11 5.3553E-11 5.5579E-11 5.7667E-11 5.9819E-11 6.2035E-11 6.4318E-11 6.6667E-11 6.9085E-11 7.1573E-11 7.4131E-11 7.6762E-11 7.9466E-11 8.2244E-11 8.5098E-11 8.8029E-11 9.1038E-11 9.4125E-11 9.7293E-11 1.0054E-10 1.0387E-10 1.0729E-10 1.1079E-10 1.1437E-10 1.1804E-10 1.2179E-10 1.2564E-10 1.2957E-10 1.3359E-10 1.3770E-10 1.4190E-10 1.4619E-10 1.5058E-10 1.5505E-10 1.5962E-10 1.6428E-10 1.6903E-10 1.7387E-10 1.7881E-10 1.8385E-10 1.8897E-10 1.9419E-10 1.9950E-10 2.0490E-10 2.1040E-10 2.1599E-10 2.2167E-10 2.2744E-10 2.3330E-10 2.3925E-10 2.4529E-10
4.0662E-11 4.2275E-11 4.3941E-11 4.5661E-11 4.7437E-11 4.9269E-11 5.1159E-11 5.3109E-11 5.5119E-11 5.7190E-11 5.9325E-11 6.1524E-11 6.3788E-11 6.6119E-11 6.8517E-11 7.0985E-11 7.3524E-11 7.6133E-11 7.8816E-11 8.1572E-11 8.4404E-11 8.7311E-11 9.0296E-11 9.3360E-11 9.6503E-11 9.9726E-11 1.0303E-10 1.0642E-10 1.0989E-10 1.1344E-10 1.1708E-10 1.2081E-10 1.2463E-10 1.2853E-10 1.3252E-10 1.3659E-10 1.4076E-10 1.4502E-10 1.4937E-10 1.5381E-10 1.5834E-10 1.6297E-10 1.6768E-10 1.7249E-10 1.7739E-10 1.8239E-10 1.8747E-10 1.9265E-10 1.9792E-10 2.0328E-10 2.0874E-10 2.1428E-10 2.1992E-10 2.2565E-10 2.3146E-10 2.3737E-10 2.4336E-10
4.0312E-11 4.1911E-11 4.3564E-11 4.5270E-11 4.7030E-11 4.8848E-11 5.0722E-11 5.2656E-11 5.4649E-11 5.6704E-11 5.8821E-11 6.1001E-11 6.3247E-11 6.5559E-11 6.7938E-11 7.0385E-11 7.2903E-11 7.5491E-11 7.8152E-11 8.0886E-11 8.3694E-11 8.6578E-11 8.9539E-11 9.2578E-11 9.5695E-11 9.8892E-11 1.0217E-10 1.0553E-10 1.0897E-10 1.1250E-10 1.1611E-10 1.1981E-10 1.2359E-10 1.2746E-10 1.3142E-10 1.3546E-10 1.3960E-10 1.4382E-10 1.4814E-10 1.5254E-10 1.5704E-10 1.6163E-10 1.6631E-10 1.7108E-10 1.7594E-10 1.8089E-10 1.8594E-10 1.9107E-10 1.9630E-10 2.0162E-10 2.0704E-10 2.1254E-10 2.1813E-10 2.2381E-10 2.2958E-10 2.3544E-10 2.4139E-10
