Assets/Resources/2015_m01_d12_1800(utc+0800)_l00_csi_1hr_conc.grd
DSAA
         159         159
     -79.000      79.000
     -79.000      79.000
  0.0000E+00  0.1509E-04
[rows 25 to 49 of 159, columns 0 to 56 of 159]
3.8931E-09 4.0926E-09 4.2876E-09 4.4729E-09 4.6479E-09 4.8108E-09 4.9584E-09 5.0894E-09 5.2018E-09 5.2935E-09 5.3630E-09 5.4087E-09 5.4305E-09 5.4278E-09 5.4003E-09 5.3499E-09 5.2772E-09 5.1840E-09 5.0721E-09 4.9443E-09 4.8029E-09 4.6487E-09 4.4853E-09 4.3155E-09 4.1381E-09 3.9556E-09 3.7706E-09 3.5816E-09 3.3905E-09 3.1999E-09 3.0089E-09 2.8170E-09 2.6273E-09 2.4411E-09 2.2543E-09 2.0704E-09 1.8924E-09 1.7197E-09 1.5523E-09 1.3926E-09 1.2424E-09 1.1000E-09 9.6518E-10 8.3930E-10 7.2240E-10 6.1533E-10 5.1683E-10 4.2797E-10 3.4722E-10 2.7497E-10 2.0611E-10 1.4373E-10 9.8797E-11 6.2159E-11 2.9164E-11 1.0779E-11 5.2691E-12
4.0639E-09 4.2783E-09 4.4869E-09 4.6865E-09 4.8767E-09 5.0543E-09 5.2173E-09 5.3634E-09 5.4908E-09 5.5971E-09 5.6807E-09 5.7402E-09 5.7744E-09 5.7838E-09 5.7671E-09 5.7270E-09 5.6637E-09 5.5780E-09 5.4731E-09 5.3511E-09 5.2127E-09 5.0624E-09 4.9024E-09 4.7317E-09 4.5536E-09 4.3705E-09 4.1811E-09 3.9883E-09 3.7929E-09 3.5936E-09 3.3945E-09 3.1952E-09 2.9946E-09 2.7954E-09 2.5994E-09 2.4020E-09 2.2077E-09 2.0190E-09 1.8355E-09 1.6582E-09 1.4896E-09 1.3291E-09 1.1765E-09 1.0320E-09 8.9748E-10 7.7237E-10 6.5687E-10 5.5174E-10 4.5732E-10 3.7118E-10 2.9331E-10 2.2377E-10 1.6407E-10 1.0881E-10 6.8667E-11 3.6562E-11 1.5779E-11
4.2191E-09 4.4466E-09 4.6679E-09 4.8822E-09 5.0868E-09 5.2789E-09 5.4569E-09 5.6185E-09 5.7611E-09 5.8824E-09 5.9802E-09 6.0541E-09 6.1023E-09 6.1247E-09 6.1209E-09 6.0926E-09 6.0401E-09 5.9646E-09 5.8691E-09 5.7538E-09 5.6234E-09 5.4802E-09 5.3232E-09 5.1565E-09 4.9816E-09 4.7978E-09 4.6099E-09 4.4161E-09 4.2172E-09 4.0159E-09 3.8112E-09 3.6045E-09 3.3979E-09 3.1892E-09 2.9800E-09 2.7716E-09 2.5646E-09 2.3599E-09 2.1609E-09 1.9670E-09 1.7797E-09 1.5995E-09 1.4273E-09 1.2630E-09 1.1087E-09 9.6371E-10 8.2909E-10 7.0510E-10 5.9235E-10 4.9105E-10 3.9882E-10 3.1601E-10 2.4146E-10 1.8042E-10 1.2725E-10 7.5275E-11 4.1615E-11
4.3552E-09 4.5946E-09 4.8286E-09 5.0564E-09 5.2742E-09 5.4807E-09 5.6738E-09 5.8500E-09 6.0077E-09 6.1442E-09 6.2567E-09 6.3458E-09 6.4082E-09 6.4448E-09 6.4560E-09 6.4408E-09 6.4011E-09 6.3385E-09 6.2532E-09 6.1492E-09 6.0297E-09 5.8938E-09 5.7450E-09 5.5854E-09 5.4153E-09 5.2373E-09 5.0509E-09 4.8584E-09 4.6614E-09 4.4584E-09 4.2509E-09 4.0409E-09 3.8268E-09 3.6120E-09 3.3942E-09 3.1747E-09 2.9563E-09 2.7384E-09 2.5227E-09 2.3117E-09 2.1057E-09 1.9066E-09 1.7137E-09 1.5289E-09 1.3526E-09 1.1859E-09 1.0296E-09 8.8426E-10 7.5107E-10 6.3048E-10 5.2144E-10 4.2285E-10 3.3537E-10 2.5967E-10 1.9203E-10 1.3421E-10 8.4415E-11
4.4699E-09 4.7197E-09 4.9659E-09 5.2058E-09 5.4362E-09 5.6564E-09 5.8635E-09 6.0543E-09 6.2267E-09 6.3776E-09 6.5055E-09 6.6098E-09 6.6874E-09 6.7400E-09 6.7662E-09 6.7656E-09 6.7413E-09 6.6924E-09 6.6210E-09 6.5314E-09 6.4232E-09 6.2992E-09 6.1618E-09 6.0120E-09 5.8515E-09 5.6802E-09 5.5010E-09 5.3144E-09 5.1196E-09 4.9196E-09 4.7138E-09 4.5020E-09 4.2862E-09 4.0668E-09 3.8435E-09 3.6161E-09 3.3855E-09 3.1562E-09 2.9271E-09 2.7001E-09 2.4767E-09 2.2583E-09 2.0446E-09 1.8383E-09 1.6389E-09 1.4493E-09 1.2691E-09 1.1004E-09 9.4345E-10 8.0030E-10 6.7080E-10 5.5390E-10 4.4787E-10 3.5440E-10 2.7482E-10 2.0684E-10 1.4225E-10
4.5608E-09 4.8202E-09 5.0772E-09 5.3273E-09 5.5700E-09 5.8027E-09 6.0224E-09 6.2275E-09 6.4134E-09 6.5787E-09 6.7221E-09 6.8411E-09 6.9351E-09 7.0039E-09 7.0458E-09 7.0625E-09 7.0540E-09 7.0210E-09 6.9666E-09 6.8920E-09 6.7991E-09 6.6906E-09 6.5676E-09 6.4312E-09 6.2826E-09 6.1233E-09 5.9547E-09 5.7761E-09 5.5901E-09 5.3959E-09 5.1937E-09 4.9849E-09 4.7697E-09 4.5487E-09 4.3219E-09 4.0887E-09 3.8526E-09 3.6133E-09 3.3714E-09 3.1292E-09 2.8891E-09 2.6510E-09 2.4180E-09 2.1893E-09 1.9652E-09 1.7494E-09 1.5421E-09 1.3463E-09 1.1632E-09 9.9368E-10 8.4033E-10 7.0073E-10 5.7341E-10 4.5990E-10 3.6226E-10 2.7868E-10 2.0553E-10
4.6259E-09 4.8943E-09 5.1598E-09 5.4192E-09 5.6729E-09 5.9162E-09 6.1479E-09 6.3659E-09 6.5641E-09 6.7442E-09 6.9022E-09 7.0355E-09 7.1469E-09 7.2314E-09 7.2905E-09 7.3250E-09 7.3335E-09 7.3196E-09 7.2828E-09 7.2261E-09 7.1515E-09 7.0615E-09 6.9554E-09 6.8360E-09 6.7037E-09 6.5599E-09 6.4052E-09 6.2403E-09 6.0658E-09 5.8815E-09 5.6884E-09 5.4862E-09 5.2760E-09 5.0582E-09 4.8326E-09 4.5978E-09 4.3566E-09 4.1107E-09 3.8600E-09 3.6068E-09 3.3522E-09 3.0980E-09 2.8449E-09 2.5926E-09 2.3451E-09 2.1029E-09 1.8697E-09 1.6454E-09 1.4331E-09 1.2346E-09 1.0508E-09 8.8720E-10 7.3611E-10 5.9914E-10 4.7671E-10 3.7269E-10 2.8437E-10
4.6643E-09 4.9402E-09 5.2120E-09 5.4797E-09 5.7424E-09 5.9942E-09 6.2379E-09 6.4663E-09 6.6767E-09 6.8700E-09 7.0412E-09 7.1904E-09 7.3174E-09 7.4179E-09 7.4952E-09 7.5481E-09 7.5756E-09 7.5808E-09 7.5636E-09 7.5279E-09 7.4745E-09 7.4046E-09 7.3193E-09 7.2200E-09 7.1076E-09 6.9833E-09 6.8470E-09 6.6993E-09 6.5413E-09 6.3717E-09 6.1916E-09 6.0028E-09 5.8022E-09 5.5911E-09 5.3709E-09 5.1398E-09 4.8971E-09 4.6474E-09 4.3918E-09 4.1284E-09 3.8615E-09 3.5907E-09 3.3184E-09 3.0435E-09 2.7695E-09 2.5002E-09 2.2345E-09 1.9808E-09 1.7360E-09 1.5052E-09 1.2908E-09 1.0941E-09 9.1364E-10 7.4991E-10 6.0501E-10 4.7605E-10 3.6589E-10
4.6752E-09 4.9564E-09 5.2326E-09 5.5080E-09 5.7769E-09 6.0356E-09 6.2895E-09 6.5262E-09 6.7490E-09 6.9534E-09 7.1368E-09 7.3015E-09 7.4431E-09 7.5609E-09 7.6557E-09 7.7270E-09 7.7747E-09 7.8000E-09 7.8051E-09 7.7917E-09 7.7613E-09 7.7144E-09 7.6528E-09 7.5767E-09 7.4880E-09 7.3865E-09 7.2723E-09 7.1473E-09 7.0091E-09 6.8602E-09 6.7007E-09 6.5260E-09 6.3406E-09 6.1442E-09 5.9327E-09 5.7078E-09 5.4738E-09 5.2262E-09 4.9661E-09 4.6979E-09 4.4215E-09 4.1362E-09 3.8451E-09 3.5496E-09 3.2506E-09 2.9512E-09 2.6568E-09 2.3693E-09 2.0900E-09 1.8235E-09 1.5734E-09 1.3416E-09 1.1285E-09 9.3573E-10 7.6018E-10 6.0399E-10 4.6946E-10
4.6585E-09 4.9425E-09 5.2213E-09 5.5022E-09 5.7749E-09 6.0396E-09 6.3013E-09 6.5452E-09 6.7781E-09 6.9920E-09 7.1873E-09 7.3662E-09 7.5216E-09 7.6561E-09 7.7685E-09 7.8580E-09 7.9259E-09 7.9730E-09 8.0015E-09 8.0117E-09 8.0062E-09 7.9850E-09 7.9492E-09 7.9001E-09 7.8375E-09 7.7625E-09 7.6757E-09 7.5760E-09 7.4643E-09 7.3412E-09 7.2027E-09 7.0518E-09 6.8875E-09 6.7083E-09 6.5152E-09 6.3048E-09 6.0783E-09 5.8391E-09 5.5825E-09 5.3111E-09 5.0289E-09 4.7348E-09 4.4267E-09 4.1117E-09 3.7885E-09 3.4636E-09 3.1362E-09 2.8141E-09 2.4987E-09 2.1935E-09 1.9044E-09 1.6326E-09 1.3813E-09 1.1501E-09 9.4573E-10 7.6126E-10 5.9713E-10
4.6137E-09 4.8985E-09 5.1784E-09 5.4622E-09 5.7368E-09 6.0054E-09 6.2727E-09 6.5221E-09 6.7632E-09 6.9853E-09 7.1911E-09 7.3825E-09 7.5506E-09 7.7009E-09 7.8305E-09 7.9388E-09 8.0269E-09 8.0966E-09 8.1480E-09 8.1840E-09 8.2049E-09 8.2105E-09 8.2033E-09 8.1831E-09 8.1497E-09 8.1054E-09 8.0486E-09 7.9794E-09 7.8987E-09 7.8042E-09 7.6948E-09 7.5721E-09 7.4349E-09 7.2803E-09 7.1084E-09 6.9188E-09 6.7096E-09 6.4794E-09 6.2335E-09 5.9672E-09 5.6824E-09 5.3835E-09 5.0666E-09 4.7322E-09 4.3876E-09 4.0357E-09 3.6773E-09 3.3172E-09 2.9602E-09 2.6159E-09 2.2830E-09 1.9695E-09 1.6781E-09 1.4061E-09 1.1613E-09 9.4085E-10 7.4677E-10
4.5417E-09 4.8250E-09 5.1040E-09 5.3883E-09 5.6633E-09 5.9334E-09 6.2039E-09 6.4568E-09 6.7040E-09 6.9331E-09 7.1470E-09 7.3495E-09 7.5295E-09 7.6946E-09 7.8400E-09 7.9657E-09 8.0754E-09 8.1665E-09 8.2422E-09 8.3044E-09 8.3517E-09 8.3863E-09 8.4100E-09 8.4197E-09 8.4192E-09 8.4082E-09 8.3850E-09 8.3501E-09 8.3037E-09 8.2422E-09 8.1682E-09 8.0800E-09 7.9727E-09 7.8499E-09 7.7080E-09 7.5419E-09 7.3561E-09 7.1491E-09 6.9158E-09 6.6603E-09 6.3822E-09 6.0800E-09 5.7562E-09 5.4121E-09 5.0467E-09 4.6664E-09 4.2805E-09 3.8855E-09 3.4902E-09 3.0996E-09 2.7240E-09 2.3632E-09 2.0239E-09 1.7097E-09 1.4192E-09 1.1589E-09 9.2797E-10
4.4434E-09 4.7233E-09 4.9992E-09 5.2816E-09 5.5553E-09 5.8243E-09 6.0959E-09 6.3506E-09 6.6018E-09 6.8359E-09 7.0558E-09 7.2675E-09 7.4577E-09 7.6362E-09 7.7967E-09 7.9389E-09 8.0694E-09 8.1808E-09 8.2821E-09 8.3697E-09 8.4439E-09 8.5094E-09 8.5629E-09 8.6056E-09 8.6403E-09 8.6641E-09 8.6767E-09 8.6807E-09 8.6713E-09 8.6508E-09 8.6192E-09 8.5678E-09 8.5017E-09 8.4174E-09 8.3090E-09 8.1815E-09 8.0270E-09 7.8449E-09 7.6383E-09 7.4016E-09 7.1350E-09 6.8420E-09 6.5182E-09 6.1652E-09 5.7871E-09 5.3862E-09 4.9698E-09 4.5412E-09 4.1065E-09 3.6723E-09 3.2471E-09 2.8358E-09 2.4442E-09 2.0772E-09 1.7361E-09 1.4282E-09 1.1505E-09
4.3204E-09 4.5949E-09 4.8657E-09 5.1441E-09 5.4140E-09 5.6804E-09 5.9506E-09 6.2050E-09 6.4579E-09 6.6945E-09 6.9192E-09 7.1380E-09 7.3365E-09 7.5262E-09 7.6997E-09 7.8590E-09 8.0077E-09 8.1395E-09 8.2653E-09 8.3774E-09 8.4787E-09 8.5755E-09 8.6590E-09 8.7372E-09 8.8075E-09 8.8663E-09 8.9200E-09 8.9633E-09 8.9967E-09 9.0211E-09 9.0289E-09 9.0242E-09 9.0038E-09 8.9635E-09 8.9008E-09 8.8111E-09 8.6971E-09 8.5534E-09 8.3755E-09 8.1675E-09 7.9256E-09 7.6445E-09 7.3295E-09 6.9778E-09 6.5912E-09 6.1757E-09 5.7360E-09 5.2752E-09 4.8014E-09 4.3231E-09 3.8484E-09 3.3874E-09 2.9402E-09 2.5144E-09 2.1189E-09 1.7523E-09 1.4196E-09
4.1746E-09 4.4418E-09 4.7057E-09 4.9779E-09 5.2421E-09 5.5036E-09 5.7704E-09 6.0226E-09 6.2747E-09 6.5116E-09 6.7389E-09 6.9628E-09 7.1678E-09 7.3672E-09 7.5518E-09 7.7262E-09 7.8914E-09 8.0425E-09 8.1917E-09 8.3276E-09 8.4557E-09 8.5817E-09 8.6961E-09 8.8106E-09 8.9152E-09 9.0123E-09 9.1076E-09 9.1939E-09 9.2727E-09 9.3404E-09 9.3963E-09 9.4408E-09 9.4694E-09 9.4782E-09 9.4657E-09 9.4257E-09 9.3587E-09 9.2612E-09 9.1285E-09 8.9576E-09 8.7473E-09 8.4966E-09 8.1984E-09 7.8601E-09 7.4798E-09 7.0583E-09 6.6008E-09 6.1188E-09 5.6126E-09 5.0954E-09 4.5723E-09 4.0566E-09 3.5491E-09 3.0616E-09 2.6002E-09 2.1715E-09 1.7812E-09
4.0083E-09 4.2664E-09 4.5216E-09 4.7857E-09 5.0424E-09 5.2971E-09 5.5582E-09 5.8060E-09 6.0552E-09 6.2904E-09 6.5186E-09 6.7448E-09 6.9541E-09 7.1610E-09 7.3551E-09 7.5425E-09 7.7228E-09 7.8912E-09 8.0619E-09 8.2200E-09 8.3743E-09 8.5281E-09 8.6736E-09 8.8227E-09 8.9610E-09 9.0982E-09 9.2359E-09 9.3646E-09 9.4897E-09 9.6048E-09 9.7126E-09 9.8082E-09 9.8894E-09 9.9531E-09 9.9925E-09 1.0007E-08 9.9954E-09 9.9461E-09 9.8617E-09 9.7409E-09 9.5717E-09 9.3534E-09 9.0889E-09 8.7696E-09 8.4007E-09 7.9832E-09 7.5211E-09 7.0193E-09 6.4902E-09 5.9376E-09 5.3706E-09 4.7981E-09 4.2296E-09 3.6757E-09 3.1445E-09 2.6454E-09 2.1842E-09
3.8240E-09 4.0716E-09 4.3163E-09 4.5707E-09 4.8180E-09 5.0640E-09 5.3177E-09 5.5589E-09 5.8033E-09 6.0348E-09 6.2617E-09 6.4880E-09 6.6997E-09 6.9119E-09 7.1135E-09 7.3112E-09 7.5049E-09 7.6884E-09 7.8785E-09 8.0569E-09 8.2351E-09 8.4156E-09 8.5902E-09 8.7714E-09 8.9440E-09 9.1214E-09 9.3007E-09 9.4703E-09 9.6436E-09 9.8086E-09 9.9685E-09 1.0121E-08 1.0261E-08 1.0383E-08 1.0482E-08 1.0562E-08 1.0607E-08 1.0621E-08 1.0601E-08 1.0532E-08 1.0419E-08 1.0255E-08 1.0031E-08 9.7508E-09 9.4117E-09 9.0131E-09 8.5598E-09 8.0585E-09 7.5135E-09 6.9338E-09 6.3294E-09 5.7068E-09 5.0785E-09 4.4560E-09 3.8499E-09 3.2712E-09 2.7294E-09
3.6248E-09 3.8605E-09 4.0933E-09 4.3366E-09 4.5727E-09 4.8083E-09 5.0527E-09 5.2857E-09 5.5234E-09 5.7491E-09 5.9724E-09 6.1967E-09 6.4088E-09 6.6242E-09 6.8306E-09 7.0368E-09 7.2408E-09 7.4377E-09 7.6438E-09 7.8408E-09 8.0405E-09 8.2457E-09 8.4470E-09 8.6585E-09 8.8643E-09 9.0779E-09 9.2964E-09 9.5092E-09 9.7302E-09 9.9447E-09 1.0158E-08 1.0368E-08 1.0565E-08 1.0748E-08 1.0918E-08 1.1060E-08 1.1179E-08 1.1269E-08 1.1316E-08 1.1321E-08 1.1279E-08 1.1177E-08 1.1015E-08 1.0789E-08 1.0492E-08 1.0126E-08 9.6963E-09 9.2003E-09 8.6502E-09 8.0500E-09 7.4067E-09 6.7321E-09 6.0375E-09 5.3364E-09 4.6430E-09 3.9715E-09 3.3354E-09
3.4136E-09 3.6362E-09 3.8560E-09 4.0867E-09 4.3103E-09 4.5341E-09 4.7677E-09 4.9909E-09 5.2199E-09 5.4384E-09 5.6558E-09 5.8764E-09 6.0868E-09 6.3028E-09 6.5122E-09 6.7241E-09 6.9361E-09 7.1436E-09 7.3631E-09 7.5756E-09 7.7942E-09 8.0207E-09 8.2458E-09 8.4853E-09 8.7222E-09 8.9690E-09 9.2257E-09 9.4778E-09 9.7459E-09 1.0009E-08 1.0275E-08 1.0540E-08 1.0796E-08 1.1046E-08 1.1279E-08 1.1494E-08 1.1689E-08 1.1850E-08 1.1978E-08 1.2068E-08 1.2101E-08 1.2078E-08 1.1991E-08 1.1828E-08 1.1591E-08 1.1276E-08 1.0880E-08 1.0410E-08 9.8671E-09 9.2568E-09 8.5858E-09 7.8641E-09 7.1060E-09 6.3259E-09 5.5425E-09 4.7716E-09 4.0318E-09
3.1935E-09 3.4022E-09 3.6080E-09 3.8249E-09 4.0351E-09 4.2458E-09 4.4676E-09 4.6792E-09 4.8978E-09 5.1077E-09 5.3174E-09 5.5325E-09 5.7392E-09 5.9532E-09 6.1638E-09 6.3782E-09 6.5958E-09 6.8110E-09 7.0409E-09 7.2662E-09 7.5003E-09 7.7452E-09 7.9906E-09 8.2551E-09 8.5182E-09 8.7952E-09 9.0872E-09 9.3764E-09 9.6907E-09 9.9978E-09 1.0312E-08 1.0635E-08 1.0949E-08 1.1264E-08 1.1570E-08 1.1864E-08 1.2136E-08 1.2384E-08 1.2606E-08 1.2781E-08 1.2913E-08 1.2986E-08 1.2988E-08 1.2918E-08 1.2763E-08 1.2521E-08 1.2186E-08 1.1765E-08 1.1250E-08 1.0649E-08 9.9655E-09 9.2075E-09 8.3914E-09 7.5335E-09 6.6542E-09 5.7757E-09 4.9202E-09
2.9678E-09 3.1619E-09 3.3529E-09 3.5554E-09 3.7512E-09 3.9478E-09 4.1566E-09 4.3556E-09 4.5627E-09 4.7623E-09 4.9627E-09 5.1706E-09 5.3715E-09 5.5817E-09 5.7910E-09 6.0059E-09 6.2265E-09 6.4462E-09 6.6836E-09 6.9180E-09 7.1637E-09 7.4234E-09 7.6861E-09 7.9713E-09 8.2567E-09 8.5602E-09 8.8830E-09 9.2057E-09 9.5604E-09 9.9091E-09 1.0269E-08 1.0647E-08 1.1017E-08 1.1401E-08 1.1775E-08 1.2146E-08 1.2506E-08 1.2845E-08 1.3164E-08 1.3444E-08 1.3684E-08 1.3861E-08 1.3973E-08 1.4007E-08 1.3948E-08 1.3798E-08 1.3550E-08 1.3188E-08 1.2722E-08 1.2142E-08 1.1456E-08 1.0672E-08 9.8031E-09 8.8708E-09 7.8977E-09 6.9041E-09 5.9218E-09
2.7393E-09 2.9187E-09 3.0943E-09 3.2817E-09 3.4627E-09 3.6448E-09 3.8394E-09 4.0251E-09 4.2195E-09 4.4077E-09 4.5977E-09 4.7968E-09 4.9904E-09 5.1950E-09 5.4003E-09 5.6133E-09 5.8339E-09 6.0552E-09 6.2968E-09 6.5375E-09 6.7915E-09 7.0612E-09 7.3378E-09 7.6382E-09 7.9414E-09 8.2673E-09 8.6157E-09 8.9671E-09 9.3572E-09 9.7418E-09 1.0145E-08 1.0573E-08 1.1000E-08 1.1448E-08 1.1889E-08 1.2340E-08 1.2787E-08 1.3219E-08 1.3648E-08 1.4041E-08 1.4394E-08 1.4702E-08 1.4939E-08 1.5096E-08 1.5165E-08 1.5132E-08 1.4985E-08 1.4716E-08 1.4316E-08 1.3781E-08 1.3107E-08 1.2307E-08 1.1393E-08 1.0384E-08 9.3062E-09 8.1859E-09 7.0602E-09
2.5113E-09 2.6754E-09 2.8359E-09 3.0077E-09 3.1736E-09 3.3407E-09 3.5206E-09 3.6924E-09 3.8734E-09 4.0491E-09 4.2278E-09 4.4167E-09 4.6014E-09 4.7985E-09 4.9981E-09 5.2071E-09 5.4250E-09 5.6453E-09 5.8875E-09 6.1311E-09 6.3891E-09 6.6656E-09 6.9513E-09 7.2620E-09 7.5791E-09 7.9212E-09 8.2906E-09 8.6638E-09 9.0839E-09 9.5007E-09 9.9398E-09 1.0416E-08 1.0892E-08 1.1400E-08 1.1909E-08 1.2438E-08 1.2971E-08 1.3502E-08 1.4041E-08 1.4544E-08 1.5030E-08 1.5465E-08 1.5838E-08 1.6135E-08 1.6345E-08 1.6444E-08 1.6420E-08 1.6261E-08 1.5948E-08 1.5474E-08 1.4834E-08 1.4036E-08 1.3090E-08 1.2015E-08 1.0839E-08 9.5941E-09 8.3242E-09
2.2865E-09 2.4353E-09 2.5806E-09 2.7369E-09 2.8877E-09 3.0395E-09 3.2045E-09 3.3621E-09 3.5290E-09 3.6919E-09 3.8582E-09 4.0359E-09 4.2107E-09 4.3990E-09 4.5908E-09 4.7933E-09 5.0064E-09 5.2227E-09 5.4629E-09 5.7058E-09 5.9642E-09 6.2436E-09 6.5333E-09 6.8497E-09 7.1755E-09 7.5280E-09 7.9128E-09 8.3020E-09 8.7466E-09 9.1883E-09 9.6563E-09 1.0177E-08 1.0695E-08 1.1261E-08 1.1832E-08 1.2434E-08 1.3058E-08 1.3683E-08 1.4332E-08 1.4955E-08 1.5571E-08 1.6150E-08 1.6666E-08 1.7124E-08 1.7480E-08 1.7736E-08 1.7858E-08 1.7828E-08 1.7632E-08 1.7251E-08 1.6675E-08 1.5909E-08 1.4956E-08 1.3840E-08 1.2582E-08 1.1224E-08 9.8056E-09
2.0670E-09 2.2012E-09 2.3314E-09 2.4724E-09 2.6083E-09 2.7451E-09 2.8950E-09 3.0384E-09 3.1911E-09 3.3404E-09 3.4942E-09 3.6599E-09 3.8232E-09 4.0016E-09 4.1842E-09 4.3786E-09 4.5847E-09 4.7944E-09 5.0295E-09 5.2683E-09 5.5236E-09 5.8020E-09 6.0911E-09 6.4092E-09 6.7377E-09 7.0951E-09 7.4882E-09 7.8890E-09 8.3499E-09 8.8097E-09 9.2999E-09 9.8554E-09 1.0411E-08 1.1030E-08 1.1657E-08 1.2327E-08 1.3036E-08 1.3752E-08 1.4513E-08 1.5256E-08 1.6001E-08 1.6728E-08 1.7400E-08 1.8017E-08 1.8549E-08 1.8969E-08 1.9251E-08 1.9380E-08 1.9316E-08 1.9050E-08 1.8553E-08 1.7835E-08 1.6885E-08 1.5731E-08 1.4393E-08 1.2921E-08 1.1351E-08
