Assets/Resources/2015_m01_d26_1500(utc+0800)_l00_csi_1hr_conc.grd
DSAA
         159         159
     -79.000      79.000
     -79.000      79.000
  0.0000E+00  0.2545E-05
[rows 0 to 24 of 159, columns 0 to 56 of 159]
8.5329E-09 8.7863E-09 9.0384E-09 9.2962E-09 9.5462E-09 9.7934E-09 1.0036E-08 1.0275E-08 1.0512E-08 1.0746E-08 1.0969E-08 1.1180E-08 1.1380E-08 1.1568E-08 1.1744E-08 1.1908E-08 1.2055E-08 1.2188E-08 1.2303E-08 1.2400E-08 1.2479E-08 1.2540E-08 1.2580E-08 1.2600E-08 1.2599E-08 1.2577E-08 1.2534E-08 1.2470E-08 1.2385E-08 1.2279E-08 1.2153E-08 1.2008E-08 1.1844E-08 1.1770E-08 1.1464E-08 1.1250E-08 1.1021E-08 1.0779E-08 1.0526E-08 1.0262E-08 9.9891E-09 9.7087E-09 9.4233E-09 9.1340E-09 8.8402E-09 8.5448E-09 8.2508E-09 7.9573E-09 7.6651E-09 7.3791E-09 7.0948E-09 6.8186E-09 6.5483E-09 6.2850E-09 6.0294E-09 5.7791E-09 5.5445E-09
8.6881E-09 8.9557E-09 9.2198E-09 9.4827E-09 9.7427E-09 1.0000E-08 1.0255E-08 1.0505E-08 1.0750E-08 1.0994E-08 1.1231E-08 1.1456E-08 1.1667E-08 1.1867E-08 1.2054E-08 1.2226E-08 1.2384E-08 1.2524E-08 1.2648E-08 1.2753E-08 1.2839E-08 1.2904E-08 1.2949E-08 1.2972E-08 1.2972E-08 1.2951E-08 1.2907E-08 1.2841E-08 1.2754E-08 1.2644E-08 1.2513E-08 1.2362E-08 1.2191E-08 1.2123E-08 1.1793E-08 1.1568E-08 1.1328E-08 1.1075E-08 1.0809E-08 1.0532E-08 1.0247E-08 9.9545E-09 9.6546E-09 9.3505E-09 9.0434E-09 8.7362E-09 8.4286E-09 8.1214E-09 7.8190E-09 7.5191E-09 7.2248E-09 6.9358E-09 6.6572E-09 6.3839E-09 6.1197E-09 5.8648E-09 5.6163E-09
8.8446E-09 9.1189E-09 9.3931E-09 9.6646E-09 9.9365E-09 1.0206E-08 1.0472E-08 1.0733E-08 1.0989E-08 1.1243E-08 1.1493E-08 1.1733E-08 1.1958E-08 1.2169E-08 1.2366E-08 1.2550E-08 1.2718E-08 1.2868E-08 1.3001E-08 1.3114E-08 1.3206E-08 1.3277E-08 1.3326E-08 1.3353E-08 1.3356E-08 1.3337E-08 1.3293E-08 1.3226E-08 1.3136E-08 1.3022E-08 1.2886E-08 1.2727E-08 1.2548E-08 1.2348E-08 1.2265E-08 1.1895E-08 1.1644E-08 1.1378E-08 1.1100E-08 1.0809E-08 1.0509E-08 1.0202E-08 9.8879E-09 9.5705E-09 9.2505E-09 8.9282E-09 8.6060E-09 8.2870E-09 7.9711E-09 7.6580E-09 7.3539E-09 7.0528E-09 6.7627E-09 6.4812E-09 6.2079E-09 5.9448E-09 5.6887E-09
8.9939E-09 9.2779E-09 9.5603E-09 9.8450E-09 1.0129E-08 1.0410E-08 1.0687E-08 1.0961E-08 1.1231E-08 1.1494E-08 1.1755E-08 1.2008E-08 1.2249E-08 1.2474E-08 1.2684E-08 1.2879E-08 1.3058E-08 1.3218E-08 1.3360E-08 1.3481E-08 1.3582E-08 1.3660E-08 1.3715E-08 1.3746E-08 1.3751E-08 1.3732E-08 1.3688E-08 1.3619E-08 1.3525E-08 1.3407E-08 1.3264E-08 1.3099E-08 1.2912E-08 1.2703E-08 1.2628E-08 1.2228E-08 1.1965E-08 1.1686E-08 1.1394E-08 1.1090E-08 1.0777E-08 1.0455E-08 1.0127E-08 9.7933E-09 9.4576E-09 9.1203E-09 8.7854E-09 8.4525E-09 8.1215E-09 7.7985E-09 7.4794E-09 7.1694E-09 6.8661E-09 6.5759E-09 6.2931E-09 6.0222E-09 5.7581E-09
9.1382E-09 9.4307E-09 9.7268E-09 1.0023E-08 1.0317E-08 1.0610E-08 1.0901E-08 1.1189E-08 1.1471E-08 1.1746E-08 1.2017E-08 1.2284E-08 1.2541E-08 1.2782E-08 1.3005E-08 1.3212E-08 1.3402E-08 1.3574E-08 1.3727E-08 1.3858E-08 1.3967E-08 1.4052E-08 1.4111E-08 1.4146E-08 1.4155E-08 1.4137E-08 1.4093E-08 1.4023E-08 1.3926E-08 1.3803E-08 1.3655E-08 1.3482E-08 1.3286E-08 1.3067E-08 1.2828E-08 1.2738E-08 1.2293E-08 1.2000E-08 1.1694E-08 1.1375E-08 1.1046E-08 1.0709E-08 1.0365E-08 1.0018E-08 9.6670E-09 9.3162E-09 8.9651E-09 8.6163E-09 8.2736E-09 7.9359E-09 7.6045E-09 7.2836E-09 6.9687E-09 6.6675E-09 6.3769E-09 6.0965E-09 5.8284E-09
9.2761E-09 9.5814E-09 9.8886E-09 1.0194E-08 1.0502E-08 1.0809E-08 1.1114E-08 1.1413E-08 1.1709E-08 1.1999E-08 1.2282E-08 1.2561E-08 1.2832E-08 1.3089E-08 1.3329E-08 1.3550E-08 1.3753E-08 1.3937E-08 1.4101E-08 1.4242E-08 1.4359E-08 1.4451E-08 1.4517E-08 1.4557E-08 1.4569E-08 1.4553E-08 1.4509E-08 1.4438E-08 1.4338E-08 1.4210E-08 1.4056E-08 1.3875E-08 1.3670E-08 1.3441E-08 1.3190E-08 1.3074E-08 1.2718E-08 1.2321E-08 1.1999E-08 1.1665E-08 1.1321E-08 1.0967E-08 1.0607E-08 1.0242E-08 9.8762E-09 9.5091E-09 9.1439E-09 8.7823E-09 8.4244E-09 8.0718E-09 7.7297E-09 7.3945E-09 7.0705E-09 6.7564E-09 6.4571E-09 6.1679E-09 5.8925E-09
9.4107E-09 9.7271E-09 1.0043E-08 1.0364E-08 1.0684E-08 1.1004E-08 1.1321E-08 1.1636E-08 1.1947E-08 1.2253E-08 1.2550E-08 1.2840E-08 1.3124E-08 1.3398E-08 1.3655E-08 1.3892E-08 1.4109E-08 1.4307E-08 1.4481E-08 1.4633E-08 1.4759E-08 1.4859E-08 1.4932E-08 1.4977E-08 1.4993E-08 1.4980E-08 1.4937E-08 1.4865E-08 1.4762E-08 1.4630E-08 1.4469E-08 1.4280E-08 1.4065E-08 1.3825E-08 1.3562E-08 1.3277E-08 1.3181E-08 1.2650E-08 1.2313E-08 1.1961E-08 1.1599E-08 1.1228E-08 1.0852E-08 1.0470E-08 1.0087E-08 9.7031E-09 9.3217E-09 8.9441E-09 8.5727E-09 8.2087E-09 7.8522E-09 7.5046E-09 7.1692E-09 6.8453E-09 6.5345E-09 6.2377E-09 5.9528E-09
9.5394E-09 9.8643E-09 1.0195E-08 1.0528E-08 1.0861E-08 1.1194E-08 1.1527E-08 1.1858E-08 1.2183E-08 1.2503E-08 1.2817E-08 1.3121E-08 1.3419E-08 1.3707E-08 1.3982E-08 1.4238E-08 1.4470E-08 1.4680E-08 1.4867E-08 1.5030E-08 1.5167E-08 1.5277E-08 1.5358E-08 1.5410E-08 1.5431E-08 1.5421E-08 1.5378E-08 1.5304E-08 1.5198E-08 1.5061E-08 1.4894E-08 1.4697E-08 1.4472E-08 1.4221E-08 1.3945E-08 1.3645E-08 1.3399E-08 1.3193E-08 1.2632E-08 1.2264E-08 1.1884E-08 1.1495E-08 1.1099E-08 1.0700E-08 1.0299E-08 9.8976E-09 9.4993E-09 9.1061E-09 8.7188E-09 8.3407E-09 7.9719E-09 7.6145E-09 7.2662E-09 6.9314E-09 6.6091E-09 6.3026E-09 6.0105E-09
9.6590E-09 9.9983E-09 1.0341E-08 1.0686E-08 1.1032E-08 1.1381E-08 1.1729E-08 1.2073E-08 1.2415E-08 1.2753E-08 1.3084E-08 1.3405E-08 1.3716E-08 1.4019E-08 1.4311E-08 1.4586E-08 1.4835E-08 1.5060E-08 1.5261E-08 1.5437E-08 1.5586E-08 1.5706E-08 1.5796E-08 1.5854E-08 1.5880E-08 1.5873E-08 1.5832E-08 1.5757E-08 1.5648E-08 1.5507E-08 1.5332E-08 1.5127E-08 1.4892E-08 1.4628E-08 1.4338E-08 1.4025E-08 1.3689E-08 1.3584E-08 1.2961E-08 1.2574E-08 1.2174E-08 1.1766E-08 1.1352E-08 1.0933E-08 1.0512E-08 1.0093E-08 9.6771E-09 9.2672E-09 8.8647E-09 8.4706E-09 8.0884E-09 7.7179E-09 7.3608E-09 7.0153E-09 6.6833E-09 6.3658E-09 6.0631E-09
9.7745E-09 1.0125E-08 1.0480E-08 1.0837E-08 1.1199E-08 1.1563E-08 1.1924E-08 1.2286E-08 1.2646E-08 1.3000E-08 1.3348E-08 1.3688E-08 1.4018E-08 1.4335E-08 1.4641E-08 1.4933E-08 1.5202E-08 1.5444E-08 1.5660E-08 1.5850E-08 1.6011E-08 1.6142E-08 1.6241E-08 1.6308E-08 1.6340E-08 1.6336E-08 1.6297E-08 1.6221E-08 1.6110E-08 1.5963E-08 1.5782E-08 1.5568E-08 1.5322E-08 1.5046E-08 1.4742E-08 1.4413E-08 1.4060E-08 1.3686E-08 1.3562E-08 1.2889E-08 1.2470E-08 1.2042E-08 1.1607E-08 1.1167E-08 1.0728E-08 1.0289E-08 9.8548E-09 9.4277E-09 9.0081E-09 8.5999E-09 8.2025E-09 7.8192E-09 7.4493E-09 7.0934E-09 6.7546E-09 6.4260E-09 6.1150E-09
9.8828E-09 1.0244E-08 1.0611E-08 1.0983E-08 1.1360E-08 1.1736E-08 1.2115E-08 1.2495E-08 1.2871E-08 1.3243E-08 1.3611E-08 1.3970E-08 1.4320E-08 1.4653E-08 1.4973E-08 1.5281E-08 1.5572E-08 1.5834E-08 1.6067E-08 1.6272E-08 1.6447E-08 1.6590E-08 1.6701E-08 1.6775E-08 1.6814E-08 1.6814E-08 1.6777E-08 1.6702E-08 1.6588E-08 1.6437E-08 1.6248E-08 1.6025E-08 1.5768E-08 1.5479E-08 1.5160E-08 1.4814E-08 1.4444E-08 1.4052E-08 1.3936E-08 1.3214E-08 1.2774E-08 1.2324E-08 1.1868E-08 1.1409E-08 1.0947E-08 1.0488E-08 1.0034E-08 9.5872E-09 9.1519E-09 8.7261E-09 8.3152E-09 7.9171E-09 7.5358E-09 7.1679E-09 6.8186E-09 6.4851E-09 6.1633E-09
9.9815E-09 1.0354E-08 1.0735E-08 1.1122E-08 1.1510E-08 1.1904E-08 1.2301E-08 1.2696E-08 1.3091E-08 1.3484E-08 1.3871E-08 1.4249E-08 1.4617E-08 1.4973E-08 1.5311E-08 1.5632E-08 1.5940E-08 1.6224E-08 1.6476E-08 1.6697E-08 1.6888E-08 1.7045E-08 1.7166E-08 1.7250E-08 1.7296E-08 1.7301E-08 1.7267E-08 1.7192E-08 1.7076E-08 1.6920E-08 1.6725E-08 1.6492E-08 1.6224E-08 1.5921E-08 1.5587E-08 1.5224E-08 1.4835E-08 1.4423E-08 1.3991E-08 1.3852E-08 1.3080E-08 1.2609E-08 1.2131E-08 1.1649E-08 1.1167E-08 1.0688E-08 1.0212E-08 9.7470E-09 9.2923E-09 8.8523E-09 8.4245E-09 8.0121E-09 7.6182E-09 7.2399E-09 6.8790E-09 6.5356E-09 6.2096E-09
1.0070E-08 1.0457E-08 1.0851E-08 1.1249E-08 1.1655E-08 1.2065E-08 1.2477E-08 1.2892E-08 1.3306E-08 1.3719E-08 1.4124E-08 1.4524E-08 1.4914E-08 1.5291E-08 1.5651E-08 1.5988E-08 1.6310E-08 1.6616E-08 1.6891E-08 1.7131E-08 1.7337E-08 1.7508E-08 1.7643E-08 1.7738E-08 1.7792E-08 1.7804E-08 1.7772E-08 1.7698E-08 1.7580E-08 1.7420E-08 1.7218E-08 1.6975E-08 1.6695E-08 1.6378E-08 1.6028E-08 1.5647E-08 1.5238E-08 1.4806E-08 1.4352E-08 1.4221E-08 1.3397E-08 1.2901E-08 1.2399E-08 1.1895E-08 1.1390E-08 1.0889E-08 1.0393E-08 9.9058E-09 9.4330E-09 8.9745E-09 8.5320E-09 8.1044E-09 7.6962E-09 7.3081E-09 6.9356E-09 6.5836E-09 6.2488E-09
1.0151E-08 1.0550E-08 1.0954E-08 1.1369E-08 1.1791E-08 1.2216E-08 1.2646E-08 1.3080E-08 1.3514E-08 1.3945E-08 1.4373E-08 1.4794E-08 1.5206E-08 1.5605E-08 1.5990E-08 1.6350E-08 1.6685E-08 1.7007E-08 1.7305E-08 1.7566E-08 1.7790E-08 1.7977E-08 1.8126E-08 1.8232E-08 1.8295E-08 1.8313E-08 1.8286E-08 1.8213E-08 1.8094E-08 1.7930E-08 1.7721E-08 1.7469E-08 1.7177E-08 1.6846E-08 1.6479E-08 1.6079E-08 1.5650E-08 1.5195E-08 1.4718E-08 1.4223E-08 1.4066E-08 1.3194E-08 1.2669E-08 1.2140E-08 1.1613E-08 1.1089E-08 1.0574E-08 1.0066E-08 9.5726E-09 9.0956E-09 8.6366E-09 8.1939E-09 7.7723E-09 7.3706E-09 6.9885E-09 6.6265E-09 6.2834E-09
1.0222E-08 1.0630E-08 1.1050E-08 1.1479E-08 1.1915E-08 1.2358E-08 1.2807E-08 1.3260E-08 1.3712E-08 1.4165E-08 1.4614E-08 1.5057E-08 1.5492E-08 1.5916E-08 1.6325E-08 1.6712E-08 1.7067E-08 1.7401E-08 1.7719E-08 1.8005E-08 1.8249E-08 1.8454E-08 1.8616E-08 1.8736E-08 1.8810E-08 1.8836E-08 1.8815E-08 1.8744E-08 1.8624E-08 1.8456E-08 1.8241E-08 1.7979E-08 1.7674E-08 1.7328E-08 1.6944E-08 1.6525E-08 1.6075E-08 1.5597E-08 1.5097E-08 1.4577E-08 1.4341E-08 1.3624E-08 1.2945E-08 1.2390E-08 1.1838E-08 1.1292E-08 1.0754E-08 1.0227E-08 9.7093E-09 9.2155E-09 8.7380E-09 8.2818E-09 7.8434E-09 7.4288E-09 7.0363E-09 6.6653E-09 6.3136E-09
1.0281E-08 1.0702E-08 1.1135E-08 1.1577E-08 1.2029E-08 1.2490E-08 1.2957E-08 1.3427E-08 1.3900E-08 1.4374E-08 1.4846E-08 1.5313E-08 1.5773E-08 1.6221E-08 1.6654E-08 1.7069E-08 1.7453E-08 1.7801E-08 1.8133E-08 1.8442E-08 1.8709E-08 1.8932E-08 1.9112E-08 1.9245E-08 1.9331E-08 1.9366E-08 1.9349E-08 1.9281E-08 1.9162E-08 1.8990E-08 1.8768E-08 1.8498E-08 1.8180E-08 1.7819E-08 1.7417E-08 1.6979E-08 1.6506E-08 1.6005E-08 1.5480E-08 1.4933E-08 1.4372E-08 1.4191E-08 1.3221E-08 1.2642E-08 1.2064E-08 1.1492E-08 1.0931E-08 1.0384E-08 9.8485E-09 9.3314E-09 8.8377E-09 8.3641E-09 7.9107E-09 7.4816E-09 7.0797E-09 6.6996E-09 6.3388E-09
1.0327E-08 1.0761E-08 1.1207E-08 1.1663E-08 1.2131E-08 1.2610E-08 1.3093E-08 1.3583E-08 1.4078E-08 1.4573E-08 1.5068E-08 1.5559E-08 1.6044E-08 1.6517E-08 1.6977E-08 1.7418E-08 1.7835E-08 1.8209E-08 1.8551E-08 1.8877E-08 1.9170E-08 1.9415E-08 1.9613E-08 1.9761E-08 1.9860E-08 1.9905E-08 1.9897E-08 1.9833E-08 1.9714E-08 1.9540E-08 1.9312E-08 1.9032E-08 1.8702E-08 1.8326E-08 1.7906E-08 1.7446E-08 1.6951E-08 1.6426E-08 1.5874E-08 1.5301E-08 1.4712E-08 1.4204E-08 1.3804E-08 1.2896E-08 1.2292E-08 1.1696E-08 1.1111E-08 1.0539E-08 9.9844E-09 9.4432E-09 8.9330E-09 8.4439E-09 7.9748E-09 7.5324E-09 7.1167E-09 6.7273E-09 6.3607E-09
1.0362E-08 1.0808E-08 1.1265E-08 1.1737E-08 1.2221E-08 1.2714E-08 1.3216E-08 1.3726E-08 1.4241E-08 1.4759E-08 1.5278E-08 1.5794E-08 1.6304E-08 1.6804E-08 1.7291E-08 1.7760E-08 1.8206E-08 1.8616E-08 1.8978E-08 1.9314E-08 1.9627E-08 1.9896E-08 2.0113E-08 2.0279E-08 2.0391E-08 2.0448E-08 2.0448E-08 2.0389E-08 2.0271E-08 2.0095E-08 1.9861E-08 1.9572E-08 1.9230E-08 1.8838E-08 1.8400E-08 1.7919E-08 1.7401E-08 1.6850E-08 1.6271E-08 1.5670E-08 1.5052E-08 1.4423E-08 1.4213E-08 1.3152E-08 1.2521E-08 1.1898E-08 1.1286E-08 1.0692E-08 1.0116E-08 9.5591E-09 9.0231E-09 8.5188E-09 8.0376E-09 7.5791E-09 7.1484E-09 6.7501E-09 6.3743E-09
1.0384E-08 1.0839E-08 1.1310E-08 1.1796E-08 1.2294E-08 1.2804E-08 1.3325E-08 1.3853E-08 1.4390E-08 1.4931E-08 1.5474E-08 1.6015E-08 1.6551E-08 1.7079E-08 1.7593E-08 1.8091E-08 1.8566E-08 1.9014E-08 1.9408E-08 1.9754E-08 2.0081E-08 2.0374E-08 2.0614E-08 2.0799E-08 2.0928E-08 2.0997E-08 2.1006E-08 2.0954E-08 2.0839E-08 2.0662E-08 2.0423E-08 2.0126E-08 1.9773E-08 1.9365E-08 1.8908E-08 1.8407E-08 1.7864E-08 1.7287E-08 1.6681E-08 1.6050E-08 1.5402E-08 1.4743E-08 1.4078E-08 1.3837E-08 1.2752E-08 1.2101E-08 1.1466E-08 1.0846E-08 1.0246E-08 9.6681E-09 9.1091E-09 8.5881E-09 8.0936E-09 7.6210E-09 7.1794E-09 6.7654E-09 6.3862E-09
1.0392E-08 1.0857E-08 1.1341E-08 1.1840E-08 1.2352E-08 1.2878E-08 1.3416E-08 1.3965E-08 1.4523E-08 1.5087E-08 1.5653E-08 1.6220E-08 1.6784E-08 1.7339E-08 1.7882E-08 1.8409E-08 1.8915E-08 1.9393E-08 1.9829E-08 2.0201E-08 2.0536E-08 2.0846E-08 2.1109E-08 2.1314E-08 2.1460E-08 2.1544E-08 2.1565E-08 2.1520E-08 2.1409E-08 2.1232E-08 2.0989E-08 2.0684E-08 2.0319E-08 1.9896E-08 1.9420E-08 1.8897E-08 1.8330E-08 1.7727E-08 1.7091E-08 1.6431E-08 1.5753E-08 1.5063E-08 1.4367E-08 1.4123E-08 1.2982E-08 1.2303E-08 1.1639E-08 1.0994E-08 1.0372E-08 9.7742E-09 9.1991E-09 8.6522E-09 8.1434E-09 7.6612E-09 7.2039E-09 6.7774E-09 6.3884E-09
1.0383E-08 1.0861E-08 1.1356E-08 1.1866E-08 1.2392E-08 1.2934E-08 1.3490E-08 1.4058E-08 1.4637E-08 1.5223E-08 1.5814E-08 1.6407E-08 1.6997E-08 1.7581E-08 1.8155E-08 1.8712E-08 1.9247E-08 1.9756E-08 2.0231E-08 2.0646E-08 2.0995E-08 2.1313E-08 2.1597E-08 2.1826E-08 2.1992E-08 2.2093E-08 2.2126E-08 2.2090E-08 2.1984E-08 2.1808E-08 2.1563E-08 2.1252E-08 2.0875E-08 2.0438E-08 1.9945E-08 1.9399E-08 1.8808E-08 1.8177E-08 1.7513E-08 1.6823E-08 1.6112E-08 1.5391E-08 1.4662E-08 1.3935E-08 1.3658E-08 1.2507E-08 1.1814E-08 1.1144E-08 1.0496E-08 9.8759E-09 9.2825E-09 8.7103E-09 8.1865E-09 7.6919E-09 7.2240E-09 6.7847E-09 6.3862E-09
1.0361E-08 1.0848E-08 1.1352E-08 1.1875E-08 1.2415E-08 1.2972E-08 1.3545E-08 1.4132E-08 1.4731E-08 1.5339E-08 1.5955E-08 1.6573E-08 1.7191E-08 1.7804E-08 1.8408E-08 1.8995E-08 1.9562E-08 2.0103E-08 2.0611E-08 2.1071E-08 2.1454E-08 2.1781E-08 2.2078E-08 2.2329E-08 2.2516E-08 2.2634E-08 2.2681E-08 2.2656E-08 2.2557E-08 2.2384E-08 2.2138E-08 2.1820E-08 2.1434E-08 2.0983E-08 2.0471E-08 1.9903E-08 1.9288E-08 1.8629E-08 1.7936E-08 1.7214E-08 1.6472E-08 1.5718E-08 1.4958E-08 1.4198E-08 1.3911E-08 1.2706E-08 1.1986E-08 1.1287E-08 1.0616E-08 9.9728E-09 9.3608E-09 8.7750E-09 8.2245E-09 7.7178E-09 7.2397E-09 6.7886E-09 6.3786E-09
1.0323E-08 1.0818E-08 1.1331E-08 1.1865E-08 1.2417E-08 1.2989E-08 1.3579E-08 1.4183E-08 1.4802E-08 1.5433E-08 1.6072E-08 1.6716E-08 1.7362E-08 1.8004E-08 1.8637E-08 1.9256E-08 1.9856E-08 2.0428E-08 2.0968E-08 2.1469E-08 2.1902E-08 2.2251E-08 2.2555E-08 2.2820E-08 2.3029E-08 2.3168E-08 2.3233E-08 2.3221E-08 2.3130E-08 2.2962E-08 2.2715E-08 2.2392E-08 2.1996E-08 2.1532E-08 2.1003E-08 2.0415E-08 1.9775E-08 1.9089E-08 1.8366E-08 1.7613E-08 1.6839E-08 1.6051E-08 1.5257E-08 1.4465E-08 1.3680E-08 1.3361E-08 1.2159E-08 1.1433E-08 1.0734E-08 1.0068E-08 9.4340E-09 8.8334E-09 8.2553E-09 7.7362E-09 7.2500E-09 6.7895E-09 6.3650E-09
1.0269E-08 1.0770E-08 1.1292E-08 1.1835E-08 1.2400E-08 1.2985E-08 1.3589E-08 1.4212E-08 1.4850E-08 1.5501E-08 1.6164E-08 1.6834E-08 1.7506E-08 1.8176E-08 1.8840E-08 1.9492E-08 2.0123E-08 2.0729E-08 2.1302E-08 2.1837E-08 2.2319E-08 2.2712E-08 2.3028E-08 2.3302E-08 2.3529E-08 2.3689E-08 2.3772E-08 2.3773E-08 2.3693E-08 2.3530E-08 2.3285E-08 2.2960E-08 2.2557E-08 2.2080E-08 2.1535E-08 2.0927E-08 2.0263E-08 1.9550E-08 1.8795E-08 1.8012E-08 1.7204E-08 1.6382E-08 1.5554E-08 1.4728E-08 1.3910E-08 1.3422E-08 1.2391E-08 1.1572E-08 1.0847E-08 1.0157E-08 9.5010E-09 8.8832E-09 8.2948E-09 7.7491E-09 7.2517E-09 6.7860E-09 6.3505E-09
1.0197E-08 1.0704E-08 1.1234E-08 1.1786E-08 1.2361E-08 1.2958E-08 1.3577E-08 1.4216E-08 1.4872E-08 1.5544E-08 1.6229E-08 1.6923E-08 1.7622E-08 1.8321E-08 1.9015E-08 1.9697E-08 2.0361E-08 2.1001E-08 2.1609E-08 2.2177E-08 2.2698E-08 2.3145E-08 2.3493E-08 2.3777E-08 2.4013E-08 2.4193E-08 2.4295E-08 2.4314E-08 2.4247E-08 2.4093E-08 2.3852E-08 2.3526E-08 2.3118E-08 2.2631E-08 2.2071E-08 2.1444E-08 2.0758E-08 2.0020E-08 1.9238E-08 1.8420E-08 1.7578E-08 1.6722E-08 1.5860E-08 1.4998E-08 1.4146E-08 1.3310E-08 1.2944E-08 1.1712E-08 1.0960E-08 1.0244E-08 9.5675E-09 8.9286E-09 8.3287E-09 7.7552E-09 7.2486E-09 6.7747E-09 6.3335E-09
