Assets/Resources/2015_m01_d13_0600(utc+0800)_l00_csi_1hr_conc.grd
DSAA
         159         159
     -79.000      79.000
     -79.000      79.000
  0.0000E+00  0.7491E-05
[rows 25 to 49 of 159, columns 0 to 56 of 159]
1.5062E-10 1.5361E-10 1.5634E-10 1.5832E-10 1.6064E-10 1.6243E-10 1.6383E-10 1.6393E-10 1.6395E-10 1.6320E-10 1.6264E-10 1.6095E-10 1.5928E-10 1.5662E-10 1.5366E-10 1.4878E-10 1.4509E-10 1.3963E-10 1.3499E-10 1.2838E-10 1.2301E-10 1.1738E-10 1.1163E-10 1.0254E-10 9.5537E-11 8.4318E-11 7.6896E-11 6.9684E-11 6.2881E-11 5.8123E-11 5.3644E-11 4.6787E-11 3.8572E-11 3.0713E-11 2.4549E-11 1.8443E-11 1.3559E-11 9.0863E-12 8.2544E-12 7.8121E-12 7.2907E-12 6.6942E-12 6.1623E-12 5.5176E-12 4.9103E-12 1.6478E-12 0.0000E+00 0.0000E+00 0.0000E+00 0.0000E+00 0.0000E+00 0.0000E+00 0.0000E+00 0.0000E+00 0.0000E+00 0.0000E+00 0.0000E+00
1.7850E-10 1.8296E-10 1.8658E-10 1.8930E-10 1.9199E-10 1.9357E-10 1.9502E-10 1.9557E-10 1.9555E-10 1.9540E-10 1.9513E-10 1.9405E-10 1.9271E-10 1.9031E-10 1.8761E-10 1.8429E-10 1.7907E-10 1.7344E-10 1.6720E-10 1.6172E-10 1.5571E-10 1.4915E-10 1.4072E-10 1.3408E-10 1.2745E-10 1.1925E-10 1.0327E-10 9.4851E-11 8.8127E-11 8.1609E-11 7.3620E-11 6.2877E-11 5.8240E-11 5.2370E-11 4.2339E-11 3.4916E-11 2.4574E-11 1.8544E-11 1.3790E-11 1.0933E-11 9.7030E-12 9.0147E-12 8.2029E-12 7.3539E-12 6.5524E-12 5.2728E-12 7.8440E-13 0.0000E+00 0.0000E+00 0.0000E+00 0.0000E+00 0.0000E+00 0.0000E+00 0.0000E+00 0.0000E+00 0.0000E+00 0.0000E+00
2.1187E-10 2.1770E-10 2.2269E-10 2.2689E-10 2.3061E-10 2.3406E-10 2.3588E-10 2.3724E-10 2.3758E-10 2.3766E-10 2.3559E-10 2.3434E-10 2.3247E-10 2.3027E-10 2.2751E-10 2.2425E-10 2.2015E-10 2.1451E-10 2.0814E-10 2.0286E-10 1.9649E-10 1.8783E-10 1.8059E-10 1.7235E-10 1.6378E-10 1.5447E-10 1.4107E-10 1.2904E-10 1.1854E-10 1.1095E-10 1.0038E-10 9.4080E-11 8.6620E-11 7.9227E-11 6.7037E-11 5.9906E-11 4.6370E-11 3.7278E-11 2.8755E-11 2.1470E-11 1.7397E-11 1.5222E-11 1.3247E-11 1.2033E-11 1.0731E-11 9.5088E-12 4.1326E-12 0.0000E+00 0.0000E+00 0.0000E+00 0.0000E+00 0.0000E+00 0.0000E+00 0.0000E+00 0.0000E+00 0.0000E+00 0.0000E+00
2.5028E-10 2.5693E-10 2.6286E-10 2.6798E-10 2.7206E-10 2.7540E-10 2.7792E-10 2.7951E-10 2.8041E-10 2.7918E-10 2.7845E-10 2.7731E-10 2.7532E-10 2.7297E-10 2.6861E-10 2.6478E-10 2.6005E-10 2.5298E-10 2.4532E-10 2.3826E-10 2.3051E-10 2.2224E-10 2.1366E-10 2.0490E-10 1.9598E-10 1.8502E-10 1.7580E-10 1.6478E-10 1.5102E-10 1.3796E-10 1.3032E-10 1.2093E-10 1.1193E-10 1.0053E-10 9.0929E-11 8.1398E-11 6.8939E-11 5.7950E-11 4.5060E-11 3.4408E-11 2.5480E-11 1.9996E-11 1.6859E-11 1.4175E-11 1.2133E-11 1.0755E-11 8.8411E-12 2.5856E-12 0.0000E+00 0.0000E+00 0.0000E+00 0.0000E+00 0.0000E+00 0.0000E+00 0.0000E+00 0.0000E+00 0.0000E+00
2.9105E-10 2.9841E-10 3.0657E-10 3.1348E-10 3.1903E-10 3.2334E-10 3.2664E-10 3.2920E-10 3.3078E-10 3.3141E-10 3.3110E-10 3.2960E-10 3.2741E-10 3.2431E-10 3.1964E-10 3.1520E-10 3.0963E-10 3.0144E-10 2.9231E-10 2.8256E-10 2.7360E-10 2.6410E-10 2.5429E-10 2.4420E-10 2.3396E-10 2.2362E-10 2.1315E-10 2.0261E-10 1.8838E-10 1.7497E-10 1.6390E-10 1.5280E-10 1.4205E-10 1.3147E-10 1.2122E-10 1.1029E-10 9.6385E-11 8.6403E-11 7.0908E-11 5.7030E-11 4.3540E-11 3.2660E-11 2.5636E-11 2.1166E-11 1.8018E-11 1.4634E-11 1.2785E-11 7.5004E-12 0.0000E+00 0.0000E+00 0.0000E+00 0.0000E+00 0.0000E+00 0.0000E+00 0.0000E+00 0.0000E+00 0.0000E+00
3.3702E-10 3.4740E-10 3.5553E-10 3.6325E-10 3.6986E-10 3.7538E-10 3.7982E-10 3.8263E-10 3.8467E-10 3.8496E-10 3.8460E-10 3.8317E-10 3.8062E-10 3.7684E-10 3.7212E-10 3.6630E-10 3.5934E-10 3.5020E-10 3.3975E-10 3.2843E-10 3.1794E-10 3.0746E-10 2.9638E-10 2.8495E-10 2.7320E-10 2.6136E-10 2.4935E-10 2.3718E-10 2.2491E-10 2.1088E-10 1.9380E-10 1.8125E-10 1.6941E-10 1.5885E-10 1.4664E-10 1.3590E-10 1.2367E-10 1.1192E-10 9.6735E-11 8.2446E-11 6.4827E-11 4.9683E-11 3.7330E-11 2.7940E-11 2.3817E-11 1.8275E-11 1.5531E-11 1.2237E-11 5.4828E-12 0.0000E+00 0.0000E+00 0.0000E+00 0.0000E+00 0.0000E+00 0.0000E+00 0.0000E+00 0.0000E+00
3.8869E-10 3.9966E-10 4.0942E-10 4.1891E-10 4.2704E-10 4.3323E-10 4.3804E-10 4.4144E-10 4.4392E-10 4.4474E-10 4.4407E-10 4.4232E-10 4.3946E-10 4.3551E-10 4.3085E-10 4.2504E-10 4.1754E-10 4.0892E-10 3.9924E-10 3.8706E-10 3.7272E-10 3.6034E-10 3.4694E-10 3.3406E-10 3.2076E-10 3.0720E-10 2.9344E-10 2.7944E-10 2.6529E-10 2.5113E-10 2.3521E-10 2.1790E-10 2.0398E-10 1.9128E-10 1.7611E-10 1.6401E-10 1.5219E-10 1.3922E-10 1.2384E-10 1.1014E-10 9.3415E-11 7.4918E-11 5.7889E-11 4.1651E-11 3.3544E-11 2.5645E-11 2.1356E-11 1.7071E-11 1.1300E-11 0.0000E+00 0.0000E+00 0.0000E+00 0.0000E+00 0.0000E+00 0.0000E+00 0.0000E+00 0.0000E+00
4.4480E-10 4.5749E-10 4.6972E-10 4.7964E-10 4.8806E-10 4.9520E-10 5.0130E-10 5.0542E-10 5.0806E-10 5.0903E-10 5.0870E-10 5.0760E-10 5.0516E-10 5.0141E-10 4.9643E-10 4.8978E-10 4.8138E-10 4.7146E-10 4.6063E-10 4.4702E-10 4.3245E-10 4.1883E-10 4.0347E-10 3.8864E-10 3.7303E-10 3.5776E-10 3.4213E-10 3.2614E-10 3.0987E-10 2.9338E-10 2.7662E-10 2.5833E-10 2.3797E-10 2.2317E-10 2.0863E-10 1.9418E-10 1.7919E-10 1.6386E-10 1.4971E-10 1.3583E-10 1.1780E-10 1.0199E-10 8.2848E-11 6.1571E-11 4.7139E-11 3.4617E-11 2.8229E-11 2.2400E-11 1.6957E-11 9.0002E-12 0.0000E+00 0.0000E+00 0.0000E+00 0.0000E+00 0.0000E+00 0.0000E+00 0.0000E+00
5.0692E-10 5.2118E-10 5.3381E-10 5.4537E-10 5.5584E-10 5.6446E-10 5.7101E-10 5.7623E-10 5.7975E-10 5.8191E-10 5.8257E-10 5.8171E-10 5.7899E-10 5.7472E-10 5.6929E-10 5.6230E-10 5.5333E-10 5.4286E-10 5.3073E-10 5.1685E-10 5.0043E-10 4.8348E-10 4.6752E-10 4.5116E-10 4.3317E-10 4.1521E-10 3.9690E-10 3.7851E-10 3.5975E-10 3.4085E-10 3.2222E-10 3.0342E-10 2.8303E-10 2.5935E-10 2.4237E-10 2.2586E-10 2.0945E-10 1.9244E-10 1.7683E-10 1.6117E-10 1.4446E-10 1.2676E-10 1.0931E-10 8.7369E-11 6.7469E-11 4.8609E-11 3.7846E-11 2.9902E-11 2.3004E-11 1.6886E-11 1.0938E-12 0.0000E+00 0.0000E+00 0.0000E+00 0.0000E+00 0.0000E+00 0.0000E+00
5.7407E-10 5.9026E-10 6.0529E-10 6.1887E-10 6.3037E-10 6.4044E-10 6.4889E-10 6.5594E-10 6.6076E-10 6.6359E-10 6.6431E-10 6.6360E-10 6.6145E-10 6.5756E-10 6.5189E-10 6.4401E-10 6.3397E-10 6.2228E-10 6.0932E-10 5.9474E-10 5.7650E-10 5.5800E-10 5.4055E-10 5.2210E-10 5.0265E-10 4.8246E-10 4.6069E-10 4.3846E-10 4.1719E-10 3.9588E-10 3.7423E-10 3.5263E-10 3.3135E-10 3.0647E-10 2.8340E-10 2.6281E-10 2.4263E-10 2.2410E-10 2.0549E-10 1.8737E-10 1.6987E-10 1.5291E-10 1.3440E-10 1.1449E-10 9.3163E-11 6.9229E-11 5.1850E-11 3.9958E-11 3.0866E-11 2.3765E-11 1.4011E-11 1.3648E-12 0.0000E+00 0.0000E+00 0.0000E+00 0.0000E+00 0.0000E+00
6.4813E-10 6.6686E-10 6.8370E-10 6.9921E-10 7.1318E-10 7.2583E-10 7.3618E-10 7.4428E-10 7.4977E-10 7.5380E-10 7.5587E-10 7.5590E-10 7.5383E-10 7.4936E-10 7.4366E-10 7.3598E-10 7.2552E-10 7.1301E-10 6.9827E-10 6.8126E-10 6.6276E-10 6.4171E-10 6.2028E-10 5.9963E-10 5.7799E-10 5.5535E-10 5.3185E-10 5.0715E-10 4.8170E-10 4.5676E-10 4.3193E-10 4.0718E-10 3.8237E-10 3.5796E-10 3.2639E-10 3.0352E-10 2.8160E-10 2.5990E-10 2.3911E-10 2.1850E-10 1.9694E-10 1.7856E-10 1.5977E-10 1.3961E-10 1.2040E-10 9.6273E-11 7.1789E-11 5.3426E-11 4.0763E-11 3.2155E-11 2.4155E-11 4.1150E-12 1.5990E-12 9.1191E-15 0.0000E+00 0.0000E+00 0.0000E+00
7.2940E-10 7.5044E-10 7.7012E-10 7.8874E-10 8.0547E-10 8.1988E-10 8.3184E-10 8.4162E-10 8.4934E-10 8.5462E-10 8.5720E-10 8.5774E-10 8.5680E-10 8.5307E-10 8.4688E-10 8.3817E-10 8.2640E-10 8.1240E-10 7.9625E-10 7.7788E-10 7.5776E-10 7.3482E-10 7.1095E-10 6.8780E-10 6.6354E-10 6.3818E-10 6.1185E-10 5.8457E-10 5.5676E-10 5.2712E-10 4.9799E-10 4.6965E-10 4.4123E-10 4.1225E-10 3.8436E-10 3.5078E-10 3.2523E-10 3.0045E-10 2.7555E-10 2.5049E-10 2.2827E-10 2.0698E-10 1.8671E-10 1.6545E-10 1.4519E-10 1.2401E-10 9.8596E-11 7.2090E-11 5.3744E-11 4.1464E-11 3.2633E-11 2.0242E-11 4.5226E-12 1.8040E-12 5.5035E-14 0.0000E+00 0.0000E+00
8.1810E-10 8.4271E-10 8.6624E-10 8.8732E-10 9.0618E-10 9.2289E-10 9.3786E-10 9.4971E-10 9.5865E-10 9.6546E-10 9.7008E-10 9.7183E-10 9.7085E-10 9.6673E-10 9.6011E-10 9.5093E-10 9.3850E-10 9.2357E-10 9.0646E-10 8.8661E-10 8.6454E-10 8.4081E-10 8.1418E-10 7.8661E-10 7.5914E-10 7.3029E-10 7.0031E-10 6.6956E-10 6.3797E-10 6.0598E-10 5.7274E-10 5.3891E-10 5.0662E-10 4.7443E-10 4.4255E-10 4.0767E-10 3.7450E-10 3.4600E-10 3.1671E-10 2.8918E-10 2.6354E-10 2.3912E-10 2.1391E-10 1.9193E-10 1.7149E-10 1.4907E-10 1.2690E-10 9.8928E-11 7.2301E-11 5.3785E-11 4.1623E-11 3.2162E-11 9.2326E-12 4.7093E-12 1.8086E-12 2.3903E-14 0.0000E+00
9.1620E-10 9.4429E-10 9.7036E-10 9.9430E-10 1.0168E-09 1.0367E-09 1.0537E-09 1.0679E-09 1.0797E-09 1.0885E-09 1.0940E-09 1.0962E-09 1.0958E-09 1.0923E-09 1.0856E-09 1.0765E-09 1.0638E-09 1.0474E-09 1.0284E-09 1.0066E-09 9.8222E-10 9.5574E-10 9.2609E-10 8.9528E-10 8.6493E-10 8.3263E-10 7.9936E-10 7.6492E-10 7.2973E-10 6.9368E-10 6.5694E-10 6.1938E-10 5.8097E-10 5.4392E-10 5.0745E-10 4.7050E-10 4.2836E-10 3.9452E-10 3.6307E-10 3.3252E-10 3.0324E-10 2.7522E-10 2.4644E-10 2.2168E-10 1.9848E-10 1.7411E-10 1.5295E-10 1.2758E-10 9.7618E-11 7.0440E-11 5.3508E-11 4.1102E-11 2.7213E-11 9.4653E-12 4.6758E-12 1.6360E-12 0.0000E+00
1.0227E-09 1.0538E-09 1.0838E-09 1.1121E-09 1.1377E-09 1.1605E-09 1.1810E-09 1.1982E-09 1.2120E-09 1.2222E-09 1.2294E-09 1.2329E-09 1.2338E-09 1.2315E-09 1.2246E-09 1.2145E-09 1.2008E-09 1.1831E-09 1.1624E-09 1.1390E-09 1.1124E-09 1.0838E-09 1.0531E-09 1.0173E-09 9.8365E-10 9.4805E-10 9.1031E-10 8.7153E-10 8.3177E-10 7.9110E-10 7.4965E-10 7.0771E-10 6.6536E-10 6.2142E-10 5.7915E-10 5.3846E-10 4.9676E-10 4.5190E-10 4.1592E-10 3.8119E-10 3.4786E-10 3.1358E-10 2.8343E-10 2.5512E-10 2.2761E-10 2.0142E-10 1.7817E-10 1.5375E-10 1.2809E-10 9.5642E-11 6.9776E-11 5.3878E-11 4.1234E-11 1.4844E-11 9.4113E-12 4.4459E-12 1.3133E-12
1.1373E-09 1.1733E-09 1.2078E-09 1.2397E-09 1.2690E-09 1.2960E-09 1.3195E-09 1.3392E-09 1.3556E-09 1.3682E-09 1.3778E-09 1.3838E-09 1.3850E-09 1.3827E-09 1.3761E-09 1.3655E-09 1.3511E-09 1.3324E-09 1.3107E-09 1.2861E-09 1.2576E-09 1.2259E-09 1.1922E-09 1.1544E-09 1.1144E-09 1.0742E-09 1.0322E-09 9.8860E-10 9.4349E-10 8.9762E-10 8.5083E-10 8.0356E-10 7.5565E-10 7.0806E-10 6.5933E-10 6.1265E-10 5.6769E-10 5.1747E-10 4.7532E-10 4.3594E-10 3.9674E-10 3.5915E-10 3.2498E-10 2.9271E-10 2.5994E-10 2.3170E-10 2.0550E-10 1.7844E-10 1.5557E-10 1.2440E-10 9.0869E-11 6.7856E-11 5.2186E-11 3.5234E-11 1.4357E-11 8.9770E-12 3.8794E-12
1.2620E-09 1.3029E-09 1.3414E-09 1.3779E-09 1.4117E-09 1.4423E-09 1.4691E-09 1.4924E-09 1.5120E-09 1.5281E-09 1.5394E-09 1.5466E-09 1.5491E-09 1.5476E-09 1.5415E-09 1.5310E-09 1.5168E-09 1.4976E-09 1.4739E-09 1.4468E-09 1.4158E-09 1.3810E-09 1.3437E-09 1.3025E-09 1.2590E-09 1.2150E-09 1.1691E-09 1.1208E-09 1.0711E-09 1.0195E-09 9.6700E-10 9.1365E-10 8.5993E-10 8.0663E-10 7.5327E-10 6.9936E-10 6.4782E-10 5.9825E-10 5.4458E-10 4.9568E-10 4.5133E-10 4.1051E-10 3.7170E-10 3.3478E-10 2.9770E-10 2.6571E-10 2.3505E-10 2.0594E-10 1.7971E-10 1.5339E-10 1.1854E-10 8.6020E-11 6.5772E-11 4.9651E-11 2.0511E-11 1.3638E-11 8.1445E-12
1.3961E-09 1.4419E-09 1.4855E-09 1.5271E-09 1.5650E-09 1.5999E-09 1.6307E-09 1.6585E-09 1.6815E-09 1.7001E-09 1.7138E-09 1.7231E-09 1.7275E-09 1.7273E-09 1.7227E-09 1.7121E-09 1.6968E-09 1.6764E-09 1.6510E-09 1.6223E-09 1.5899E-09 1.5529E-09 1.5124E-09 1.4687E-09 1.4197E-09 1.3685E-09 1.3168E-09 1.2635E-09 1.2082E-09 1.1514E-09 1.0931E-09 1.0336E-09 9.7405E-10 9.1385E-10 8.5408E-10 7.9471E-10 7.3431E-10 6.7803E-10 6.2052E-10 5.6644E-10 5.1585E-10 4.6960E-10 4.2557E-10 3.7970E-10 3.4033E-10 3.0395E-10 2.6755E-10 2.3619E-10 2.0673E-10 1.7813E-10 1.4857E-10 1.1057E-10 8.1319E-11 6.2765E-11 4.1986E-11 1.9294E-11 1.2590E-11
1.5400E-09 1.5911E-09 1.6404E-09 1.6867E-09 1.7298E-09 1.7695E-09 1.8055E-09 1.8368E-09 1.8636E-09 1.8854E-09 1.9023E-09 1.9142E-09 1.9215E-09 1.9223E-09 1.9179E-09 1.9075E-09 1.8918E-09 1.8717E-09 1.8458E-09 1.8149E-09 1.7791E-09 1.7385E-09 1.6944E-09 1.6471E-09 1.5951E-09 1.5395E-09 1.4828E-09 1.4233E-09 1.3612E-09 1.2973E-09 1.2317E-09 1.1653E-09 1.0983E-09 1.0312E-09 9.6464E-10 8.9873E-10 8.3387E-10 7.6936E-10 7.0877E-10 6.4851E-10 5.9021E-10 5.3402E-10 4.8199E-10 4.3394E-10 3.8975E-10 3.4793E-10 3.0526E-10 2.6826E-10 2.3537E-10 2.0476E-10 1.7481E-10 1.4064E-10 1.0179E-10 7.7160E-11 5.8986E-11 2.4855E-11 1.7712E-11
1.6940E-09 1.7508E-09 1.8054E-09 1.8572E-09 1.9063E-09 1.9512E-09 1.9918E-09 2.0277E-09 2.0587E-09 2.0843E-09 2.1055E-09 2.1202E-09 2.1291E-09 2.1317E-09 2.1287E-09 2.1201E-09 2.1043E-09 2.0828E-09 2.0552E-09 2.0222E-09 1.9853E-09 1.9434E-09 1.8956E-09 1.8428E-09 1.7860E-09 1.7243E-09 1.6600E-09 1.5954E-09 1.5282E-09 1.4586E-09 1.3871E-09 1.3142E-09 1.2401E-09 1.1658E-09 1.0917E-09 1.0182E-09 9.4570E-10 8.7438E-10 8.0441E-10 7.3745E-10 6.7173E-10 6.0621E-10 5.4818E-10 4.9514E-10 4.4494E-10 3.9440E-10 3.4973E-10 3.0602E-10 2.6839E-10 2.3284E-10 2.0041E-10 1.6906E-10 1.2933E-10 9.5668E-11 7.3826E-11 4.1839E-11 2.4354E-11
1.8572E-09 1.9204E-09 1.9809E-09 2.0393E-09 2.0940E-09 2.1444E-09 2.1904E-09 2.2313E-09 2.2675E-09 2.2981E-09 2.3222E-09 2.3401E-09 2.3519E-09 2.3578E-09 2.3560E-09 2.3474E-09 2.3316E-09 2.3103E-09 2.2836E-09 2.2493E-09 2.2081E-09 2.1612E-09 2.1095E-09 2.0538E-09 1.9943E-09 1.9309E-09 1.8609E-09 1.7865E-09 1.7113E-09 1.6335E-09 1.5536E-09 1.4721E-09 1.3899E-09 1.3073E-09 1.2251E-09 1.1435E-09 1.0631E-09 9.8490E-10 9.0834E-10 8.3392E-10 7.6369E-10 6.9506E-10 6.2667E-10 5.6338E-10 5.0423E-10 4.4869E-10 3.9958E-10 3.5054E-10 3.0716E-10 2.6550E-10 2.2739E-10 1.9437E-10 1.5904E-10 1.1599E-10 8.8943E-11 6.4242E-11 3.1976E-11
2.0295E-09 2.0997E-09 2.1676E-09 2.2318E-09 2.2926E-09 2.3493E-09 2.4011E-09 2.4484E-09 2.4895E-09 2.5244E-09 2.5527E-09 2.5754E-09 2.5903E-09 2.5980E-09 2.5979E-09 2.5916E-09 2.5785E-09 2.5563E-09 2.5263E-09 2.4894E-09 2.4472E-09 2.4001E-09 2.3461E-09 2.2851E-09 2.2184E-09 2.1478E-09 2.0727E-09 1.9925E-09 1.9096E-09 1.8258E-09 1.7395E-09 1.6509E-09 1.5607E-09 1.4696E-09 1.3786E-09 1.2882E-09 1.1994E-09 1.1127E-09 1.0284E-09 9.4559E-10 8.6507E-10 7.8865E-10 7.1329E-10 6.3757E-10 5.7230E-10 5.1276E-10 4.5663E-10 4.0055E-10 3.5105E-10 3.0214E-10 2.5916E-10 2.1963E-10 1.8636E-10 1.4615E-10 1.0623E-10 8.0850E-11 4.6570E-11
2.2107E-09 2.2889E-09 2.3637E-09 2.4351E-09 2.5023E-09 2.5657E-09 2.6247E-09 2.6774E-09 2.7239E-09 2.7646E-09 2.7985E-09 2.8242E-09 2.8427E-09 2.8539E-09 2.8585E-09 2.8531E-09 2.8385E-09 2.8159E-09 2.7872E-09 2.7520E-09 2.7074E-09 2.6547E-09 2.5950E-09 2.5294E-09 2.4597E-09 2.3860E-09 2.3062E-09 2.2207E-09 2.1288E-09 2.0335E-09 1.9377E-09 1.8396E-09 1.7404E-09 1.6407E-09 1.5409E-09 1.4418E-09 1.3441E-09 1.2480E-09 1.1544E-09 1.0633E-09 9.7206E-10 8.8735E-10 8.0674E-10 7.2806E-10 6.5141E-10 5.8266E-10 5.1652E-10 4.5566E-10 4.0204E-10 3.4507E-10 2.9435E-10 2.5446E-10 2.1203E-10 1.7369E-10 1.2886E-10 9.5635E-11 6.8678E-11
2.4006E-09 2.4865E-09 2.5692E-09 2.6481E-09 2.7231E-09 2.7937E-09 2.8590E-09 2.9182E-09 2.9719E-09 3.0177E-09 3.0561E-09 3.0869E-09 3.1114E-09 3.1268E-09 3.1317E-09 3.1276E-09 3.1164E-09 3.0974E-09 3.0675E-09 3.0280E-09 2.9802E-09 2.9259E-09 2.8658E-09 2.7975E-09 2.7217E-09 2.6398E-09 2.5520E-09 2.4594E-09 2.3630E-09 2.2617E-09 2.1569E-09 2.0512E-09 1.9432E-09 1.8335E-09 1.7235E-09 1.6142E-09 1.5063E-09 1.4005E-09 1.2972E-09 1.1966E-09 1.0984E-09 1.0026E-09 9.1258E-10 8.2497E-10 7.3868E-10 6.5684E-10 5.8504E-10 5.1953E-10 4.5775E-10 3.9519E-10 3.3587E-10 2.9064E-10 2.4297E-10 2.0245E-10 1.5702E-10 1.1583E-10 8.4126E-11
2.5980E-09 2.6924E-09 2.7834E-09 2.8709E-09 2.9540E-09 3.0318E-09 3.1044E-09 3.1716E-09 3.2307E-09 3.2827E-09 3.3276E-09 3.3658E-09 3.3931E-09 3.4108E-09 3.4202E-09 3.4225E-09 3.4127E-09 3.3915E-09 3.3604E-09 3.3225E-09 3.2771E-09 3.2206E-09 3.1543E-09 3.0800E-09 2.9997E-09 2.9145E-09 2.8235E-09 2.7250E-09 2.6202E-09 2.5083E-09 2.3950E-09 2.2767E-09 2.1587E-09 2.0396E-09 1.9204E-09 1.8007E-09 1.6821E-09 1.5660E-09 1.4523E-09 1.3408E-09 1.2324E-09 1.1259E-09 1.0236E-09 9.2615E-10 8.3555E-10 7.4549E-10 6.6416E-10 5.8910E-10 5.1624E-10 4.5098E-10 3.8477E-10 3.3309E-10 2.7771E-10 2.2942E-10 1.8439E-10 1.3681E-10 9.9795E-11
