Assets/Resources/2015_m01_d13_2000(utc+0800)_l00_csi_1hr_conc.grd
DSAA
         159         159
     -79.000      79.000
     -79.000      79.000
  0.0000E+00  0.1809E-04
[rows 75 to 99 of 159, columns 0 to 56 of 159]
3.9094E-09 4.0363E-09 4.1592E-09 4.2775E-09 4.3887E-09 4.4931E-09 4.5906E-09 4.6810E-09 4.7599E-09 4.8295E-09 4.8878E-09 4.9328E-09 4.9647E-09 4.9835E-09 4.9911E-09 4.9853E-09 4.9670E-09 4.9377E-09 4.8942E-09 4.8408E-09 4.7813E-09 4.7152E-09 4.6500E-09 4.5962E-09 4.5538E-09 4.5260E-09 4.5224E-09 4.5356E-09 4.5666E-09 4.6211E-09 4.7022E-09 4.8084E-09 4.9481E-09 5.1333E-09 5.3463E-09 5.6083E-09 5.9350E-09 6.3174E-09 6.7803E-09 7.3396E-09 7.9598E-09 8.7180E-09 9.6375E-09 1.0671E-08 1.1841E-08 1.3141E-08 1.4564E-08 1.6100E-08 1.7728E-08 1.9434E-08 2.1206E-08 2.3020E-08 2.4853E-08 2.6666E-08 2.8505E-08 3.0408E-08 3.2379E-08
3.6383E-09 3.7495E-09 3.8548E-09 3.9554E-09 4.0502E-09 4.1382E-09 4.2188E-09 4.2913E-09 4.3551E-09 4.4071E-09 4.4485E-09 4.4777E-09 4.4935E-09 4.4970E-09 4.4884E-09 4.4683E-09 4.4371E-09 4.3957E-09 4.3428E-09 4.2792E-09 4.2102E-09 4.1367E-09 4.0644E-09 4.0021E-09 3.9540E-09 3.9202E-09 3.9063E-09 3.9109E-09 3.9320E-09 3.9747E-09 4.0404E-09 4.1286E-09 4.2453E-09 4.4034E-09 4.5853E-09 4.8079E-09 5.0874E-09 5.4223E-09 5.8331E-09 6.2973E-09 6.8434E-09 7.5381E-09 8.3557E-09 9.2830E-09 1.0338E-08 1.1518E-08 1.2803E-08 1.4204E-08 1.5699E-08 1.7265E-08 1.8891E-08 2.0557E-08 2.2240E-08 2.3917E-08 2.5597E-08 2.7343E-08 2.9138E-08
3.3752E-09 3.4723E-09 3.5630E-09 3.6474E-09 3.7265E-09 3.7993E-09 3.8651E-09 3.9224E-09 3.9710E-09 4.0090E-09 4.0356E-09 4.0505E-09 4.0528E-09 4.0432E-09 4.0227E-09 3.9907E-09 3.9480E-09 3.8961E-09 3.8369E-09 3.7681E-09 3.6931E-09 3.6159E-09 3.5405E-09 3.4732E-09 3.4216E-09 3.3829E-09 3.3614E-09 3.3591E-09 3.3728E-09 3.4025E-09 3.4521E-09 3.5233E-09 3.6148E-09 3.7436E-09 3.8923E-09 4.0697E-09 4.3075E-09 4.5947E-09 4.9156E-09 5.2879E-09 5.7925E-09 6.3985E-09 7.1157E-09 7.9300E-09 8.8571E-09 9.8966E-09 1.1033E-08 1.2275E-08 1.3596E-08 1.4978E-08 1.6408E-08 1.7871E-08 1.9360E-08 2.0822E-08 2.2285E-08 2.3780E-08 2.5282E-08
3.1190E-09 3.2014E-09 3.2784E-09 3.3496E-09 3.4149E-09 3.4744E-09 3.5270E-09 3.5717E-09 3.6064E-09 3.6322E-09 3.6463E-09 3.6497E-09 3.6422E-09 3.6218E-09 3.5912E-09 3.5505E-09 3.5010E-09 3.4410E-09 3.3742E-09 3.3027E-09 3.2257E-09 3.1491E-09 3.0750E-09 3.0052E-09 2.9485E-09 2.9112E-09 2.8806E-09 2.8717E-09 2.8798E-09 2.8991E-09 2.9328E-09 2.9852E-09 3.0535E-09 3.1508E-09 3.2587E-09 3.3997E-09 3.5960E-09 3.8145E-09 4.0423E-09 4.3894E-09 4.8232E-09 5.3411E-09 5.9551E-09 6.6528E-09 7.4489E-09 8.3451E-09 9.3239E-09 1.0380E-08 1.1505E-08 1.2679E-08 1.3895E-08 1.5133E-08 1.6380E-08 1.7609E-08 1.8800E-08 1.9996E-08 2.1158E-08
2.8744E-09 2.9455E-09 3.0101E-09 3.0693E-09 3.1219E-09 3.1675E-09 3.2058E-09 3.2373E-09 3.2601E-09 3.2739E-09 3.2764E-09 3.2686E-09 3.2509E-09 3.2225E-09 3.1843E-09 3.1354E-09 3.0793E-09 3.0150E-09 2.9463E-09 2.8735E-09 2.7931E-09 2.7148E-09 2.6404E-09 2.5793E-09 2.5203E-09 2.4835E-09 2.4515E-09 2.4366E-09 2.4337E-09 2.4424E-09 2.4604E-09 2.4947E-09 2.5370E-09 2.6006E-09 2.6878E-09 2.8011E-09 2.9380E-09 3.0680E-09 3.2868E-09 3.5958E-09 3.9569E-09 4.3893E-09 4.9042E-09 5.4902E-09 6.1572E-09 6.9025E-09 7.7162E-09 8.5843E-09 9.5064E-09 1.0469E-08 1.1465E-08 1.2472E-08 1.3475E-08 1.4459E-08 1.5378E-08 1.6254E-08 1.7097E-08
2.6436E-09 2.7022E-09 2.7563E-09 2.8044E-09 2.8462E-09 2.8810E-09 2.9087E-09 2.9278E-09 2.9390E-09 2.9421E-09 2.9363E-09 2.9202E-09 2.8940E-09 2.8581E-09 2.8138E-09 2.7612E-09 2.7032E-09 2.6359E-09 2.5633E-09 2.4874E-09 2.4113E-09 2.3338E-09 2.2598E-09 2.2021E-09 2.1493E-09 2.1102E-09 2.0749E-09 2.0592E-09 2.0483E-09 2.0474E-09 2.0531E-09 2.0616E-09 2.0845E-09 2.1329E-09 2.1979E-09 2.2731E-09 2.3213E-09 2.4591E-09 2.6600E-09 2.9085E-09 3.2051E-09 3.5566E-09 3.9781E-09 4.4579E-09 4.9946E-09 5.5946E-09 6.2505E-09 6.9394E-09 7.6689E-09 8.4312E-09 9.2273E-09 1.0014E-08 1.0783E-08 1.1528E-08 1.2196E-08 1.2796E-08 1.3346E-08
2.4249E-09 2.4724E-09 2.5162E-09 2.5559E-09 2.5892E-09 2.6155E-09 2.6338E-09 2.6441E-09 2.6456E-09 2.6385E-09 2.6232E-09 2.6003E-09 2.5690E-09 2.5288E-09 2.4828E-09 2.4275E-09 2.3681E-09 2.2989E-09 2.2272E-09 2.1522E-09 2.0738E-09 2.0022E-09 1.9314E-09 1.8789E-09 1.8195E-09 1.7832E-09 1.7548E-09 1.7295E-09 1.7161E-09 1.7016E-09 1.6911E-09 1.6924E-09 1.7070E-09 1.7392E-09 1.7763E-09 1.7716E-09 1.8504E-09 1.9727E-09 2.1285E-09 2.3284E-09 2.5659E-09 2.8439E-09 3.1756E-09 3.5549E-09 3.9766E-09 4.4434E-09 4.9555E-09 5.4846E-09 6.0422E-09 6.6259E-09 7.2391E-09 7.8325E-09 8.3994E-09 8.9186E-09 9.3784E-09 9.7724E-09 1.0083E-08
2.2200E-09 2.2599E-09 2.2944E-09 2.3244E-09 2.3498E-09 2.3692E-09 2.3801E-09 2.3831E-09 2.3772E-09 2.3628E-09 2.3407E-09 2.3096E-09 2.2733E-09 2.2327E-09 2.1865E-09 2.1285E-09 2.0666E-09 1.9991E-09 1.9305E-09 1.8579E-09 1.7871E-09 1.7200E-09 1.6509E-09 1.5915E-09 1.5440E-09 1.5050E-09 1.4734E-09 1.4430E-09 1.4169E-09 1.4008E-09 1.3938E-09 1.3922E-09 1.3937E-09 1.4077E-09 1.3774E-09 1.4041E-09 1.4803E-09 1.5736E-09 1.6903E-09 1.8430E-09 2.0238E-09 2.2412E-09 2.4898E-09 2.7833E-09 3.1068E-09 3.4577E-09 3.8380E-09 4.2358E-09 4.6522E-09 5.0867E-09 5.5402E-09 5.9675E-09 6.3710E-09 6.7011E-09 6.9970E-09 7.2426E-09 7.3856E-09
2.0329E-09 2.0652E-09 2.0933E-09 2.1158E-09 2.1331E-09 2.1445E-09 2.1500E-09 2.1475E-09 2.1365E-09 2.1174E-09 2.0912E-09 2.0575E-09 2.0177E-09 1.9730E-09 1.9233E-09 1.8694E-09 1.8109E-09 1.7478E-09 1.6824E-09 1.6149E-09 1.5474E-09 1.4820E-09 1.4203E-09 1.3642E-09 1.3179E-09 1.2779E-09 1.2387E-09 1.2116E-09 1.1889E-09 1.1708E-09 1.1550E-09 1.1401E-09 1.1112E-09 1.0855E-09 1.0844E-09 1.1210E-09 1.1723E-09 1.2402E-09 1.3276E-09 1.4338E-09 1.5750E-09 1.7320E-09 1.9179E-09 2.1355E-09 2.3772E-09 2.6326E-09 2.9084E-09 3.1951E-09 3.5062E-09 3.8146E-09 4.1328E-09 4.4228E-09 4.6841E-09 4.9034E-09 5.0823E-09 5.1987E-09 5.2408E-09
1.8609E-09 1.8858E-09 1.9076E-09 1.9254E-09 1.9378E-09 1.9439E-09 1.9429E-09 1.9357E-09 1.9223E-09 1.9007E-09 1.8723E-09 1.8368E-09 1.7954E-09 1.7494E-09 1.6990E-09 1.6449E-09 1.5871E-09 1.5274E-09 1.4654E-09 1.4026E-09 1.3390E-09 1.2759E-09 1.2194E-09 1.1651E-09 1.1181E-09 1.0741E-09 1.0417E-09 1.0159E-09 9.9478E-10 9.7275E-10 9.4769E-10 8.9624E-10 8.5530E-10 8.4230E-10 8.6154E-10 8.8601E-10 9.2312E-10 9.7209E-10 1.0321E-09 1.1107E-09 1.2057E-09 1.3225E-09 1.4508E-09 1.5988E-09 1.7695E-09 1.9602E-09 2.1517E-09 2.3500E-09 2.5710E-09 2.7937E-09 3.0010E-09 3.1767E-09 3.3528E-09 3.4938E-09 3.5921E-09 3.6331E-09 3.5992E-09
1.6995E-09 1.7195E-09 1.7346E-09 1.7471E-09 1.7545E-09 1.7570E-09 1.7525E-09 1.7411E-09 1.7234E-09 1.6996E-09 1.6710E-09 1.6356E-09 1.5944E-09 1.5488E-09 1.4991E-09 1.4463E-09 1.3908E-09 1.3329E-09 1.2723E-09 1.2138E-09 1.1552E-09 1.0978E-09 1.0416E-09 9.8870E-10 9.4251E-10 9.1090E-10 8.8224E-10 8.5544E-10 8.2967E-10 7.8767E-10 7.4214E-10 6.9750E-10 6.7348E-10 6.7760E-10 6.8256E-10 6.9711E-10 7.1745E-10 7.5061E-10 7.9339E-10 8.4389E-10 9.0710E-10 9.8344E-10 1.0752E-09 1.1705E-09 1.2816E-09 1.4107E-09 1.5432E-09 1.6795E-09 1.8258E-09 1.9737E-09 2.1098E-09 2.2250E-09 2.3384E-09 2.4209E-09 2.4666E-09 2.4690E-09 2.4074E-09
1.5484E-09 1.5632E-09 1.5748E-09 1.5822E-09 1.5846E-09 1.5828E-09 1.5748E-09 1.5615E-09 1.5424E-09 1.5166E-09 1.4858E-09 1.4500E-09 1.4108E-09 1.3680E-09 1.3202E-09 1.2690E-09 1.2162E-09 1.1620E-09 1.1068E-09 1.0506E-09 9.9348E-10 9.3892E-10 8.8567E-10 8.3896E-10 8.0207E-10 7.6886E-10 7.3798E-10 7.1344E-10 6.6325E-10 6.2704E-10 5.6682E-10 5.5068E-10 5.4287E-10 5.3584E-10 5.3828E-10 5.4304E-10 5.5516E-10 5.7184E-10 5.9913E-10 6.3256E-10 6.6556E-10 7.1139E-10 7.6549E-10 8.3208E-10 9.0010E-10 9.7829E-10 1.0716E-09 1.1653E-09 1.2527E-09 1.3327E-09 1.4255E-09 1.5134E-09 1.5888E-09 1.6282E-09 1.6460E-09 1.6268E-09 1.5605E-09
1.4087E-09 1.4181E-09 1.4255E-09 1.4289E-09 1.4282E-09 1.4226E-09 1.4114E-09 1.3956E-09 1.3745E-09 1.3487E-09 1.3187E-09 1.2836E-09 1.2445E-09 1.2026E-09 1.1575E-09 1.1107E-09 1.0617E-09 1.0095E-09 9.5790E-10 9.0836E-10 8.5826E-10 8.0321E-10 7.5227E-10 7.0720E-10 6.7605E-10 6.5145E-10 6.2032E-10 5.7129E-10 5.1189E-10 4.7163E-10 4.6066E-10 4.4920E-10 4.3860E-10 4.2880E-10 4.2083E-10 4.1852E-10 4.1836E-10 4.2319E-10 4.3584E-10 4.5106E-10 4.7181E-10 4.9337E-10 5.2600E-10 5.6708E-10 6.1654E-10 6.6488E-10 7.1488E-10 7.7051E-10 8.2468E-10 8.8038E-10 9.3984E-10 9.9401E-10 1.0441E-09 1.0699E-09 1.0682E-09 1.0390E-09 9.7442E-10
1.2781E-09 1.2846E-09 1.2881E-09 1.2874E-09 1.2836E-09 1.2749E-09 1.2619E-09 1.2443E-09 1.2215E-09 1.1954E-09 1.1651E-09 1.1309E-09 1.0947E-09 1.0559E-09 1.0137E-09 9.6936E-10 9.2318E-10 8.7568E-10 8.2748E-10 7.7923E-10 7.2913E-10 6.8358E-10 6.4496E-10 6.1114E-10 5.8066E-10 5.4193E-10 4.9291E-10 4.4227E-10 4.0537E-10 3.9352E-10 3.8444E-10 3.7192E-10 3.5820E-10 3.4484E-10 3.3232E-10 3.2374E-10 3.1913E-10 3.1566E-10 3.1227E-10 3.1659E-10 3.2824E-10 3.4153E-10 3.5476E-10 3.7749E-10 4.0782E-10 4.4201E-10 4.5939E-10 4.7563E-10 5.1453E-10 5.6340E-10 6.0531E-10 6.3111E-10 6.4826E-10 6.5293E-10 6.4663E-10 6.2124E-10 5.6857E-10
1.1572E-09 1.1604E-09 1.1608E-09 1.1577E-09 1.1512E-09 1.1396E-09 1.1251E-09 1.1059E-09 1.0824E-09 1.0563E-09 1.0263E-09 9.9375E-10 9.5930E-10 9.2232E-10 8.8300E-10 8.4218E-10 8.0118E-10 7.5905E-10 7.1581E-10 6.7032E-10 6.2377E-10 5.8296E-10 5.4804E-10 5.1624E-10 4.8296E-10 4.1492E-10 3.6206E-10 3.4816E-10 3.3721E-10 3.2623E-10 3.1307E-10 3.0211E-10 2.8983E-10 2.7722E-10 2.6357E-10 2.4916E-10 2.3784E-10 2.2951E-10 2.2323E-10 2.1831E-10 2.1879E-10 2.2366E-10 2.3334E-10 2.4500E-10 2.5438E-10 2.6151E-10 2.7152E-10 2.8855E-10 3.1655E-10 3.3986E-10 3.6267E-10 3.8240E-10 3.8837E-10 3.8519E-10 3.6822E-10 3.3643E-10 2.7096E-10
1.0448E-09 1.0453E-09 1.0427E-09 1.0381E-09 1.0296E-09 1.0163E-09 1.0005E-09 9.8032E-10 9.5677E-10 9.3100E-10 9.0162E-10 8.6988E-10 8.3697E-10 8.0291E-10 7.6667E-10 7.3006E-10 6.9278E-10 6.5409E-10 6.1238E-10 5.6893E-10 5.3071E-10 4.9706E-10 4.6595E-10 4.2481E-10 3.6981E-10 3.1678E-10 3.0187E-10 2.9250E-10 2.8182E-10 2.7289E-10 2.6248E-10 2.4983E-10 2.3595E-10 2.2171E-10 2.0927E-10 1.9543E-10 1.8129E-10 1.6974E-10 1.6237E-10 1.5618E-10 1.5013E-10 1.4829E-10 1.5158E-10 1.4927E-10 1.4622E-10 1.4655E-10 1.5387E-10 1.7263E-10 1.9212E-10 2.0716E-10 2.1700E-10 2.1879E-10 2.1343E-10 2.0149E-10 1.7811E-10 1.4082E-10 9.5335E-11
9.4034E-10 9.3959E-10 9.3546E-10 9.2828E-10 9.1770E-10 9.0414E-10 8.8736E-10 8.6667E-10 8.4261E-10 8.1751E-10 7.8969E-10 7.5971E-10 7.2929E-10 6.9725E-10 6.6374E-10 6.2941E-10 5.9461E-10 5.5675E-10 5.1762E-10 4.8381E-10 4.5373E-10 4.2427E-10 3.8745E-10 3.1811E-10 2.7598E-10 2.6259E-10 2.5499E-10 2.4634E-10 2.3766E-10 2.2724E-10 2.1675E-10 2.0455E-10 1.9287E-10 1.8108E-10 1.6961E-10 1.5983E-10 1.4893E-10 1.3743E-10 1.2550E-10 1.1956E-10 1.1281E-10 9.9514E-11 8.7324E-11 8.0968E-11 7.9572E-11 8.0740E-11 8.2268E-11 9.0008E-11 9.5012E-11 9.7183E-11 9.8895E-11 9.7452E-11 9.3966E-11 8.2768E-11 6.1280E-11 4.6001E-11 4.0025E-11
8.4388E-10 8.4067E-10 8.3558E-10 8.2785E-10 8.1726E-10 8.0232E-10 7.8466E-10 7.6407E-10 7.4095E-10 7.1667E-10 6.8976E-10 6.6123E-10 6.3184E-10 6.0196E-10 5.7226E-10 5.4153E-10 5.0745E-10 4.7232E-10 4.4143E-10 4.1374E-10 3.8694E-10 3.5189E-10 2.9969E-10 2.4479E-10 2.3096E-10 2.2501E-10 2.1878E-10 2.1135E-10 2.0345E-10 1.9551E-10 1.8617E-10 1.7719E-10 1.6650E-10 1.5586E-10 1.4634E-10 1.3414E-10 1.2200E-10 1.1193E-10 1.0199E-10 8.7847E-11 7.4815E-11 6.2250E-11 4.9801E-11 4.1785E-11 3.7670E-11 3.3198E-11 2.8901E-11 3.1831E-11 3.3256E-11 3.7427E-11 3.7841E-11 3.7546E-11 2.7229E-11 2.0310E-11 1.7307E-11 1.6317E-11 1.1144E-11
7.5669E-10 7.5139E-10 7.4421E-10 7.3502E-10 7.2318E-10 7.0814E-10 6.9240E-10 6.7275E-10 6.5038E-10 6.2641E-10 6.0064E-10 5.7389E-10 5.4706E-10 5.2028E-10 4.9281E-10 4.6175E-10 4.2872E-10 3.9997E-10 3.7483E-10 3.5043E-10 3.2701E-10 2.7428E-10 2.1753E-10 1.9995E-10 1.9544E-10 1.9039E-10 1.8484E-10 1.7910E-10 1.7204E-10 1.6411E-10 1.5637E-10 1.4833E-10 1.4051E-10 1.3074E-10 1.2291E-10 1.1374E-10 1.0415E-10 9.0005E-11 7.5806E-11 6.1322E-11 4.6746E-11 3.6964E-11 3.2394E-11 2.9372E-11 2.4729E-11 1.8325E-11 1.1978E-11 1.1590E-11 1.0459E-11 8.5994E-12 9.0829E-13 0.0000E+00 0.0000E+00 0.0000E+00 0.0000E+00 0.0000E+00 0.0000E+00
6.7374E-10 6.6696E-10 6.5738E-10 6.4815E-10 6.3497E-10 6.1959E-10 6.0265E-10 5.8280E-10 5.6100E-10 5.4017E-10 5.1751E-10 4.9248E-10 4.6730E-10 4.4172E-10 4.1336E-10 3.8304E-10 3.5674E-10 3.3379E-10 3.1147E-10 2.8999E-10 2.4647E-10 1.8828E-10 1.6604E-10 1.6270E-10 1.5889E-10 1.5464E-10 1.4999E-10 1.4499E-10 1.3983E-10 1.3274E-10 1.2641E-10 1.2005E-10 1.1317E-10 1.0652E-10 9.5315E-11 8.3803E-11 7.2525E-11 5.9894E-11 4.7257E-11 3.5827E-11 2.7756E-11 2.2575E-11 1.9055E-11 1.6156E-11 9.1168E-12 1.5489E-12 0.0000E+00 0.0000E+00 0.0000E+00 0.0000E+00 0.0000E+00 0.0000E+00 0.0000E+00 0.0000E+00 0.0000E+00 0.0000E+00 0.0000E+00
6.0169E-10 5.9361E-10 5.8378E-10 5.7303E-10 5.5879E-10 5.4298E-10 5.2717E-10 5.0907E-10 4.8829E-10 4.6775E-10 4.4691E-10 4.2431E-10 4.0176E-10 3.7584E-10 3.4538E-10 3.2477E-10 3.0482E-10 2.8498E-10 2.6540E-10 2.3462E-10 1.7275E-10 1.4485E-10 1.4244E-10 1.3960E-10 1.3636E-10 1.3274E-10 1.2878E-10 1.2286E-10 1.1841E-10 1.1384E-10 1.0701E-10 9.8818E-11 9.0097E-11 8.3037E-11 7.2545E-11 6.2974E-11 5.1843E-11 4.1497E-11 3.3350E-11 2.7647E-11 2.3411E-11 2.0297E-11 1.7414E-11 1.4392E-11 6.7445E-12 4.0947E-13 0.0000E+00 0.0000E+00 0.0000E+00 0.0000E+00 0.0000E+00 0.0000E+00 0.0000E+00 0.0000E+00 0.0000E+00 0.0000E+00 0.0000E+00
5.3282E-10 5.2306E-10 5.1240E-10 5.0158E-10 4.8803E-10 4.7209E-10 4.5596E-10 4.3819E-10 4.1876E-10 3.9978E-10 3.8035E-10 3.5941E-10 3.3560E-10 3.0701E-10 2.8592E-10 2.6833E-10 2.5033E-10 2.3230E-10 2.0648E-10 1.4186E-10 1.1502E-10 1.1335E-10 1.1134E-10 1.0899E-10 1.0634E-10 1.0262E-10 9.7839E-11 9.3194E-11 8.8439E-11 8.3798E-11 7.7828E-11 6.9955E-11 6.4030E-11 5.5962E-11 4.6386E-11 3.9552E-11 3.2742E-11 2.7958E-11 2.3763E-11 2.0751E-11 1.8153E-11 1.5727E-11 1.3485E-11 9.7730E-12 2.7409E-12 0.0000E+00 0.0000E+00 0.0000E+00 0.0000E+00 0.0000E+00 0.0000E+00 0.0000E+00 0.0000E+00 0.0000E+00 0.0000E+00 0.0000E+00 0.0000E+00
4.6563E-10 4.5625E-10 4.4508E-10 4.3280E-10 4.1846E-10 4.0261E-10 3.8708E-10 3.7134E-10 3.5332E-10 3.3269E-10 3.1269E-10 2.9015E-10 2.6177E-10 2.4378E-10 2.2637E-10 2.1070E-10 1.9518E-10 1.7760E-10 1.1656E-10 8.1584E-11 8.0683E-11 7.9430E-11 7.8066E-11 7.5762E-11 7.1509E-11 6.7498E-11 6.4295E-11 5.9710E-11 5.5629E-11 5.1969E-11 4.6787E-11 3.8789E-11 3.4360E-11 2.9267E-11 2.4359E-11 2.1321E-11 1.8023E-11 1.5663E-11 1.3908E-11 1.2244E-11 1.0681E-11 9.2276E-12 7.8900E-12 3.2533E-12 0.0000E+00 0.0000E+00 0.0000E+00 0.0000E+00 0.0000E+00 0.0000E+00 0.0000E+00 0.0000E+00 0.0000E+00 0.0000E+00 0.0000E+00 0.0000E+00 0.0000E+00
4.0913E-10 3.9765E-10 3.8538E-10 3.7404E-10 3.6120E-10 3.4574E-10 3.3147E-10 3.1410E-10 2.9652E-10 2.7779E-10 2.5206E-10 2.2932E-10 2.1311E-10 1.9833E-10 1.8361E-10 1.6838E-10 1.5199E-10 1.0112E-10 5.8171E-11 5.7488E-11 5.6581E-11 5.3921E-11 5.2072E-11 5.0747E-11 4.8437E-11 4.5080E-11 4.1674E-11 3.6476E-11 3.1836E-11 2.9223E-11 2.5512E-11 2.1691E-11 1.9157E-11 1.7182E-11 1.4958E-11 1.3000E-11 1.1701E-11 1.0451E-11 9.2591E-12 8.1325E-12 7.0780E-12 6.1009E-12 5.0400E-12 3.3057E-13 0.0000E+00 0.0000E+00 0.0000E+00 0.0000E+00 0.0000E+00 0.0000E+00 0.0000E+00 0.0000E+00 0.0000E+00 0.0000E+00 0.0000E+00 0.0000E+00 0.0000E+00
3.5209E-10 3.4842E-10 3.3720E-10 3.2477E-10 3.1102E-10 2.9666E-10 2.8055E-10 2.6375E-10 2.4670E-10 2.1615E-10 1.9982E-10 1.8497E-10 1.7008E-10 1.5622E-10 1.4327E-10 1.3036E-10 8.4772E-11 3.7355E-11 3.7136E-11 3.6217E-11 3.4064E-11 3.3079E-11 3.0273E-11 2.7799E-11 2.6442E-11 2.4300E-11 2.1813E-11 1.8975E-11 1.6509E-11 1.4801E-11 1.3073E-11 1.1834E-11 1.0396E-11 9.3024E-12 8.8647E-12 8.0344E-12 7.2300E-12 6.4572E-12 5.7211E-12 5.0262E-12 4.3766E-12 3.7750E-12 2.3777E-12 0.0000E+00 0.0000E+00 0.0000E+00 0.0000E+00 0.0000E+00 0.0000E+00 0.0000E+00 0.0000E+00 0.0000E+00 0.0000E+00 0.0000E+00 0.0000E+00 0.0000E+00 0.0000E+00
