Assets/Resources/2015_m01_d19_2000(utc+0800)_l00_csi_1hr_conc.grd
DSAA
         159         159
     -79.000      79.000
     -79.000      79.000
  0.0000E+00  0.5745E-04
[rows 25 to 49 of 159, columns 57 to 113 of 159]
6.6964E-09 6.5433E-09 6.3898E-09 6.2370E-09 6.0848E-09 5.9330E-09 5.7829E-09 5.6337E-09 5.4866E-09 5.3402E-09 5.1956E-09 5.0539E-09 4.9140E-09 4.7741E-09 4.6364E-09 4.5015E-09 4.3675E-09 4.2358E-09 4.1076E-09 3.9824E-09 3.8604E-09 3.7428E-09 3.6281E-09 3.5165E-09 3.4100E-09 3.3069E-09 3.2071E-09 3.1101E-09 3.0160E-09 2.9109E-09 2.8077E-09 2.7065E-09 2.6012E-09 2.4974E-09 2.4013E-09 2.3178E-09 2.2312E-09 2.1523E-09 2.0739E-09 2.0115E-09 1.9377E-09 1.8687E-09 1.7883E-09 1.7207E-09 1.6558E-09 1.5938E-09 1.5250E-09 1.4680E-09 1.4126E-09 1.3599E-09 1.3197E-09 1.2868E-09 1.2546E-09 1.2222E-09 1.1913E-09 1.1603E-09 1.1299E-09
6.7839E-09 6.6258E-09 6.4677E-09 6.3102E-09 6.1533E-09 5.9971E-09 5.8427E-09 5.6892E-09 5.5390E-09 5.3902E-09 5.2421E-09 5.0954E-09 4.9521E-09 4.8111E-09 4.6704E-09 4.5323E-09 4.3976E-09 4.2637E-09 4.1337E-09 4.0071E-09 3.8825E-09 3.7621E-09 3.6459E-09 3.5322E-09 3.4233E-09 3.3189E-09 3.2178E-09 3.1200E-09 3.0243E-09 2.9262E-09 2.8156E-09 2.7201E-09 2.6185E-09 2.5148E-09 2.4105E-09 2.3237E-09 2.2338E-09 2.1569E-09 2.0827E-09 2.0133E-09 1.9394E-09 1.8703E-09 1.7896E-09 1.7220E-09 1.6569E-09 1.5948E-09 1.5259E-09 1.4688E-09 1.4133E-09 1.3605E-09 1.3202E-09 1.2872E-09 1.2540E-09 1.2224E-09 1.1914E-09 1.1602E-09 1.1298E-09
6.8711E-09 6.7080E-09 6.5451E-09 6.3832E-09 6.2221E-09 6.0626E-09 5.9044E-09 5.7479E-09 5.5927E-09 5.4406E-09 5.2901E-09 5.1403E-09 4.9915E-09 4.8475E-09 4.7051E-09 4.5644E-09 4.4264E-09 4.2901E-09 4.1561E-09 4.0267E-09 3.9016E-09 3.7796E-09 3.6620E-09 3.5480E-09 3.4363E-09 3.3289E-09 3.2260E-09 3.1278E-09 3.0310E-09 2.9316E-09 2.8342E-09 2.7279E-09 2.6220E-09 2.5203E-09 2.4167E-09 2.3277E-09 2.2416E-09 2.1603E-09 2.0832E-09 2.0136E-09 1.9396E-09 1.8704E-09 1.7897E-09 1.7190E-09 1.6569E-09 1.5824E-09 1.5257E-09 1.4658E-09 1.4131E-09 1.3603E-09 1.3199E-09 1.2868E-09 1.2535E-09 1.2218E-09 1.1907E-09 1.1595E-09 1.1290E-09
6.9594E-09 6.7936E-09 6.6269E-09 6.4601E-09 6.2940E-09 6.1288E-09 5.9650E-09 5.8042E-09 5.6453E-09 5.4881E-09 5.3331E-09 5.1817E-09 5.0306E-09 4.8805E-09 4.7358E-09 4.5938E-09 4.4541E-09 4.3166E-09 4.1808E-09 4.0484E-09 3.9194E-09 3.7949E-09 3.6743E-09 3.5591E-09 3.4475E-09 3.3392E-09 3.2334E-09 3.1332E-09 3.0359E-09 2.9354E-09 2.8364E-09 2.7333E-09 2.6296E-09 2.5300E-09 2.4218E-09 2.3318E-09 2.2435E-09 2.1593E-09 2.0820E-09 2.0123E-09 1.9384E-09 1.8692E-09 1.7885E-09 1.7177E-09 1.6556E-09 1.5812E-09 1.5245E-09 1.4646E-09 1.4119E-09 1.3591E-09 1.3187E-09 1.2855E-09 1.2522E-09 1.2204E-09 1.1885E-09 1.1580E-09 1.1275E-09
7.0497E-09 6.8782E-09 6.7063E-09 6.5343E-09 6.3639E-09 6.1966E-09 6.0308E-09 5.8662E-09 5.7044E-09 5.5424E-09 5.3827E-09 5.2253E-09 5.0728E-09 4.9210E-09 4.7699E-09 4.6238E-09 4.4795E-09 4.3388E-09 4.2008E-09 4.0663E-09 3.9366E-09 3.8117E-09 3.6893E-09 3.5695E-09 3.4553E-09 3.3456E-09 3.2396E-09 3.1378E-09 3.0392E-09 2.9426E-09 2.8373E-09 2.7361E-09 2.6340E-09 2.5319E-09 2.4289E-09 2.3351E-09 2.2483E-09 2.1566E-09 2.0797E-09 2.0094E-09 1.9356E-09 1.8665E-09 1.7827E-09 1.7152E-09 1.6532E-09 1.5788E-09 1.5222E-09 1.4623E-09 1.4038E-09 1.3569E-09 1.3165E-09 1.2833E-09 1.2500E-09 1.2182E-09 1.1863E-09 1.1551E-09 1.1253E-09
7.1411E-09 6.9678E-09 6.7988E-09 6.6253E-09 6.4505E-09 6.2772E-09 6.1062E-09 5.9384E-09 5.7693E-09 5.6025E-09 5.4381E-09 5.2762E-09 5.1171E-09 4.9651E-09 4.8149E-09 4.6653E-09 4.5189E-09 4.3751E-09 4.2321E-09 4.0934E-09 3.9579E-09 3.8283E-09 3.7051E-09 3.5848E-09 3.4678E-09 3.3557E-09 3.2468E-09 3.1424E-09 3.0432E-09 2.9463E-09 2.8395E-09 2.7370E-09 2.6339E-09 2.5337E-09 2.4310E-09 2.3309E-09 2.2439E-09 2.1548E-09 2.0752E-09 2.0049E-09 1.9312E-09 1.8623E-09 1.7787E-09 1.7114E-09 1.6370E-09 1.5723E-09 1.5188E-09 1.4471E-09 1.4006E-09 1.3510E-09 1.3134E-09 1.2803E-09 1.2470E-09 1.2152E-09 1.1833E-09 1.1522E-09 1.1224E-09
7.2410E-09 7.0657E-09 6.8894E-09 6.7115E-09 6.5354E-09 6.3597E-09 6.1853E-09 6.0148E-09 5.8421E-09 5.6689E-09 5.4989E-09 5.3337E-09 5.1710E-09 5.0108E-09 4.8568E-09 4.7052E-09 4.5538E-09 4.4068E-09 4.2642E-09 4.1232E-09 3.9865E-09 3.8515E-09 3.7217E-09 3.5972E-09 3.4759E-09 3.3617E-09 3.2521E-09 3.1452E-09 3.0429E-09 2.9439E-09 2.8390E-09 2.7396E-09 2.6325E-09 2.5345E-09 2.4377E-09 2.3307E-09 2.2404E-09 2.1527E-09 2.0716E-09 2.0013E-09 1.9253E-09 1.8566E-09 1.7732E-09 1.7061E-09 1.6321E-09 1.5675E-09 1.5111E-09 1.4398E-09 1.3905E-09 1.3468E-09 1.3094E-09 1.2763E-09 1.2430E-09 1.2113E-09 1.1795E-09 1.1484E-09 1.1187E-09
7.3388E-09 7.1669E-09 6.9965E-09 6.8205E-09 6.6413E-09 6.4619E-09 6.2837E-09 6.1049E-09 5.9280E-09 5.7520E-09 5.5764E-09 5.4046E-09 5.2416E-09 5.0806E-09 4.9194E-09 4.7640E-09 4.6095E-09 4.4555E-09 4.3047E-09 4.1592E-09 4.0208E-09 3.8852E-09 3.7539E-09 3.6269E-09 3.5014E-09 3.3793E-09 3.2640E-09 3.1530E-09 3.0487E-09 2.9453E-09 2.8415E-09 2.7378E-09 2.6321E-09 2.5281E-09 2.4305E-09 2.3342E-09 2.2350E-09 2.1445E-09 2.0679E-09 1.9913E-09 1.9157E-09 1.8493E-09 1.7663E-09 1.6995E-09 1.6227E-09 1.5615E-09 1.4933E-09 1.4335E-09 1.3851E-09 1.3417E-09 1.3043E-09 1.2713E-09 1.2382E-09 1.2065E-09 1.1748E-09 1.1438E-09 1.1142E-09
7.4553E-09 7.2776E-09 7.0986E-09 6.9189E-09 6.7404E-09 6.5593E-09 6.3792E-09 6.1979E-09 6.0151E-09 5.8331E-09 5.6549E-09 5.4782E-09 5.3068E-09 5.1425E-09 4.9791E-09 4.8158E-09 4.6597E-09 4.5064E-09 4.3528E-09 4.1988E-09 4.0514E-09 3.9108E-09 3.7737E-09 3.6443E-09 3.5193E-09 3.3974E-09 3.2799E-09 3.1622E-09 3.0503E-09 2.9450E-09 2.8377E-09 2.7370E-09 2.6297E-09 2.5216E-09 2.4253E-09 2.3225E-09 2.2248E-09 2.1372E-09 2.0581E-09 1.9860E-09 1.9065E-09 1.8338E-09 1.7579E-09 1.6914E-09 1.6150E-09 1.5542E-09 1.4864E-09 1.4268E-09 1.3758E-09 1.3319E-09 1.2983E-09 1.2653E-09 1.2323E-09 1.2008E-09 1.1692E-09 1.1383E-09 1.1088E-09
7.5626E-09 7.3912E-09 7.2174E-09 7.0386E-09 6.8573E-09 6.6743E-09 6.4909E-09 6.3059E-09 6.1187E-09 5.9305E-09 5.7454E-09 5.5667E-09 5.3919E-09 5.2176E-09 5.0488E-09 4.8815E-09 4.7141E-09 4.5549E-09 4.4018E-09 4.2477E-09 4.0958E-09 3.9494E-09 3.8069E-09 3.6679E-09 3.5367E-09 3.4088E-09 3.2902E-09 3.1746E-09 3.0593E-09 2.9497E-09 2.8365E-09 2.7313E-09 2.6228E-09 2.5193E-09 2.4195E-09 2.3106E-09 2.2250E-09 2.1278E-09 2.0491E-09 1.9772E-09 1.8823E-09 1.8234E-09 1.7448E-09 1.6819E-09 1.6060E-09 1.5455E-09 1.4752E-09 1.4190E-09 1.3683E-09 1.3246E-09 1.2912E-09 1.2576E-09 1.2255E-09 1.1942E-09 1.1627E-09 1.1320E-09 1.1027E-09
7.7030E-09 7.5267E-09 7.3481E-09 7.1686E-09 6.9875E-09 6.8042E-09 6.6189E-09 6.4319E-09 6.2431E-09 6.0527E-09 5.8607E-09 5.6752E-09 5.4963E-09 5.3192E-09 5.1430E-09 4.9736E-09 4.8053E-09 4.6359E-09 4.4723E-09 4.3140E-09 4.1546E-09 4.0009E-09 3.8542E-09 3.7115E-09 3.5755E-09 3.4410E-09 3.3099E-09 3.1886E-09 3.0683E-09 2.9577E-09 2.8437E-09 2.7308E-09 2.6154E-09 2.5077E-09 2.4075E-09 2.3026E-09 2.2166E-09 2.1145E-09 2.0355E-09 1.9640E-09 1.8697E-09 1.8047E-09 1.7204E-09 1.6645E-09 1.5925E-09 1.5355E-09 1.4657E-09 1.4100E-09 1.3567E-09 1.3162E-09 1.2830E-09 1.2496E-09 1.2178E-09 1.1858E-09 1.1553E-09 1.1248E-09 1.0956E-09
7.8339E-09 7.6639E-09 7.4910E-09 7.3137E-09 7.1325E-09 6.9487E-09 6.7614E-09 6.5718E-09 6.3786E-09 6.1850E-09 5.9922E-09 5.8009E-09 5.6119E-09 5.4298E-09 5.2467E-09 5.0648E-09 4.8910E-09 4.7213E-09 4.5520E-09 4.3868E-09 4.2223E-09 4.0595E-09 3.9033E-09 3.7507E-09 3.6063E-09 3.4711E-09 3.3356E-09 3.2075E-09 3.0789E-09 2.9582E-09 2.8439E-09 2.7346E-09 2.6192E-09 2.4999E-09 2.3990E-09 2.2865E-09 2.2017E-09 2.1041E-09 2.0199E-09 1.9337E-09 1.8554E-09 1.7910E-09 1.7044E-09 1.6521E-09 1.5682E-09 1.5180E-09 1.4521E-09 1.3997E-09 1.3469E-09 1.3067E-09 1.2738E-09 1.2407E-09 1.2090E-09 1.1773E-09 1.1463E-09 1.1167E-09 1.0877E-09
8.0011E-09 7.8304E-09 7.6564E-09 7.4809E-09 7.3028E-09 7.1198E-09 6.9327E-09 6.7434E-09 6.5488E-09 6.3501E-09 6.1530E-09 5.9578E-09 5.7634E-09 5.5719E-09 5.3857E-09 5.1986E-09 5.0126E-09 4.8321E-09 4.6550E-09 4.4808E-09 4.3094E-09 4.1394E-09 3.9769E-09 3.8184E-09 3.6578E-09 3.5090E-09 3.3659E-09 3.2323E-09 3.1029E-09 2.9715E-09 2.8450E-09 2.7282E-09 2.6150E-09 2.4997E-09 2.3942E-09 2.2746E-09 2.1893E-09 2.0905E-09 2.0070E-09 1.9170E-09 1.8394E-09 1.7595E-09 1.6899E-09 1.6193E-09 1.5521E-09 1.5054E-09 1.4252E-09 1.3823E-09 1.3331E-09 1.2961E-09 1.2634E-09 1.2306E-09 1.1993E-09 1.1678E-09 1.1370E-09 1.1077E-09 1.0782E-09
8.1673E-09 8.0053E-09 7.8358E-09 7.6626E-09 7.4862E-09 7.3083E-09 7.1261E-09 6.9354E-09 6.7392E-09 6.5384E-09 6.3359E-09 6.1344E-09 5.9361E-09 5.7379E-09 5.5394E-09 5.3467E-09 5.1570E-09 4.9659E-09 4.7776E-09 4.5923E-09 4.4103E-09 4.2290E-09 4.0509E-09 3.8857E-09 3.7223E-09 3.5633E-09 3.4053E-09 3.2543E-09 3.1206E-09 2.9901E-09 2.8579E-09 2.7312E-09 2.6090E-09 2.4940E-09 2.3893E-09 2.2684E-09 2.1725E-09 2.0843E-09 1.9884E-09 1.9006E-09 1.8215E-09 1.7426E-09 1.6738E-09 1.6040E-09 1.5376E-09 1.4733E-09 1.4112E-09 1.3696E-09 1.3173E-09 1.2844E-09 1.2520E-09 1.2195E-09 1.1885E-09 1.1573E-09 1.1268E-09 1.0978E-09 1.0686E-09
8.3642E-09 8.2012E-09 8.0410E-09 7.8782E-09 7.7060E-09 7.5299E-09 7.3494E-09 7.1628E-09 6.9664E-09 6.7633E-09 6.5574E-09 6.3495E-09 6.1433E-09 5.9390E-09 5.7340E-09 5.5277E-09 5.3245E-09 5.1247E-09 4.9258E-09 4.7295E-09 4.5370E-09 4.3475E-09 4.1546E-09 3.9683E-09 3.7907E-09 3.6245E-09 3.4657E-09 3.3010E-09 3.1471E-09 3.0066E-09 2.8689E-09 2.7422E-09 2.6108E-09 2.4826E-09 2.3833E-09 2.2635E-09 2.1583E-09 2.0668E-09 1.9703E-09 1.8822E-09 1.8031E-09 1.7208E-09 1.6561E-09 1.5840E-09 1.5216E-09 1.4550E-09 1.3968E-09 1.3498E-09 1.3040E-09 1.2714E-09 1.2387E-09 1.2074E-09 1.1759E-09 1.1459E-09 1.1157E-09 1.0870E-09 1.0581E-09
8.5736E-09 8.4242E-09 8.2687E-09 8.1095E-09 7.9473E-09 7.7792E-09 7.6033E-09 7.4203E-09 7.2248E-09 7.0199E-09 6.8081E-09 6.5940E-09 6.3810E-09 6.1685E-09 5.9558E-09 5.7414E-09 5.5278E-09 5.3147E-09 5.1042E-09 4.8957E-09 4.6879E-09 4.4815E-09 4.2779E-09 4.0799E-09 3.8846E-09 3.6904E-09 3.5192E-09 3.3547E-09 3.1906E-09 3.0392E-09 2.8847E-09 2.7485E-09 2.6164E-09 2.4857E-09 2.3702E-09 2.2519E-09 2.1532E-09 2.0528E-09 1.9549E-09 1.8491E-09 1.7769E-09 1.6982E-09 1.6367E-09 1.5596E-09 1.5041E-09 1.4355E-09 1.3810E-09 1.3317E-09 1.2895E-09 1.2574E-09 1.2250E-09 1.1941E-09 1.1631E-09 1.1334E-09 1.1036E-09 1.0752E-09 1.0467E-09
8.8158E-09 8.6746E-09 8.5306E-09 8.3824E-09 8.2262E-09 8.0661E-09 7.8967E-09 7.7171E-09 7.5231E-09 7.3178E-09 7.1028E-09 6.8832E-09 6.6633E-09 6.4439E-09 6.2222E-09 5.9963E-09 5.7688E-09 5.5398E-09 5.3098E-09 5.0846E-09 4.8633E-09 4.6416E-09 4.4200E-09 4.2019E-09 3.9995E-09 3.7963E-09 3.5966E-09 3.4124E-09 3.2393E-09 3.0794E-09 2.9182E-09 2.7585E-09 2.6177E-09 2.4917E-09 2.3681E-09 2.2398E-09 2.1379E-09 2.0415E-09 1.9261E-09 1.8290E-09 1.7555E-09 1.6621E-09 1.6096E-09 1.5244E-09 1.4852E-09 1.4146E-09 1.3639E-09 1.3096E-09 1.2738E-09 1.2421E-09 1.2103E-09 1.1798E-09 1.1492E-09 1.1192E-09 1.0906E-09 1.0619E-09 1.0345E-09
9.0811E-09 8.9565E-09 8.8270E-09 8.6919E-09 8.5520E-09 8.4013E-09 8.2397E-09 8.0673E-09 7.8764E-09 7.6704E-09 7.4545E-09 7.2299E-09 7.0022E-09 6.7719E-09 6.5374E-09 6.2984E-09 6.0581E-09 5.8151E-09 5.5691E-09 5.3206E-09 5.0715E-09 4.8301E-09 4.5923E-09 4.3506E-09 4.1200E-09 3.9069E-09 3.6977E-09 3.4954E-09 3.2999E-09 3.1248E-09 2.9572E-09 2.7898E-09 2.6271E-09 2.4900E-09 2.3647E-09 2.2370E-09 2.1214E-09 2.0172E-09 1.9108E-09 1.8125E-09 1.7145E-09 1.6400E-09 1.5763E-09 1.5033E-09 1.4466E-09 1.3797E-09 1.3396E-09 1.2885E-09 1.2568E-09 1.2257E-09 1.1944E-09 1.1644E-09 1.1343E-09 1.1048E-09 1.0766E-09 1.0483E-09 1.0213E-09
9.3900E-09 9.2803E-09 9.1685E-09 9.0468E-09 8.9172E-09 8.7807E-09 8.6319E-09 8.4671E-09 8.2839E-09 8.0808E-09 7.8614E-09 7.6326E-09 7.3988E-09 7.1604E-09 6.9141E-09 6.6584E-09 6.3991E-09 6.1351E-09 5.8696E-09 5.6026E-09 5.3327E-09 5.0630E-09 4.7983E-09 4.5408E-09 4.2840E-09 4.0414E-09 3.8114E-09 3.5933E-09 3.3833E-09 3.1833E-09 2.9960E-09 2.8243E-09 2.6542E-09 2.4974E-09 2.3631E-09 2.2343E-09 2.1154E-09 1.9977E-09 1.8993E-09 1.7978E-09 1.6897E-09 1.6174E-09 1.5476E-09 1.4817E-09 1.4189E-09 1.3594E-09 1.3199E-09 1.2698E-09 1.2387E-09 1.2074E-09 1.1774E-09 1.1472E-09 1.1184E-09 1.0894E-09 1.0617E-09 1.0339E-09 1.0073E-09
9.7316E-09 9.6501E-09 9.5570E-09 9.4556E-09 9.3446E-09 9.2221E-09 9.0878E-09 8.9347E-09 8.7571E-09 8.5564E-09 8.3389E-09 8.1057E-09 7.8635E-09 7.6143E-09 7.3526E-09 7.0806E-09 6.8016E-09 6.5157E-09 6.2222E-09 5.9255E-09 5.6297E-09 5.3339E-09 5.0385E-09 4.7515E-09 4.4730E-09 4.2059E-09 3.9509E-09 3.7073E-09 3.4827E-09 3.2671E-09 3.0533E-09 2.8607E-09 2.6823E-09 2.5159E-09 2.3673E-09 2.2275E-09 2.1060E-09 1.9863E-09 1.8739E-09 1.7827E-09 1.6660E-09 1.5939E-09 1.5140E-09 1.4591E-09 1.3902E-09 1.3376E-09 1.2931E-09 1.2498E-09 1.2194E-09 1.1887E-09 1.1593E-09 1.1297E-09 1.1014E-09 1.0730E-09 1.0458E-09 1.0185E-09 9.9242E-10
1.0122E-08 1.0059E-08 9.9924E-09 9.9124E-09 9.8207E-09 9.7202E-09 9.6005E-09 9.4584E-09 9.2931E-09 9.1007E-09 8.8842E-09 8.6542E-09 8.4077E-09 8.1467E-09 7.8693E-09 7.5755E-09 7.2722E-09 6.9587E-09 6.6390E-09 6.3149E-09 5.9872E-09 5.6593E-09 5.3360E-09 5.0155E-09 4.7017E-09 4.4001E-09 4.1165E-09 3.8438E-09 3.5920E-09 3.3598E-09 3.1289E-09 2.9141E-09 2.7195E-09 2.5368E-09 2.3801E-09 2.2215E-09 2.0982E-09 1.9615E-09 1.8437E-09 1.7365E-09 1.6326E-09 1.5663E-09 1.4746E-09 1.4284E-09 1.3495E-09 1.3145E-09 1.2596E-09 1.2286E-09 1.1989E-09 1.1688E-09 1.1401E-09 1.1111E-09 1.0827E-09 1.0556E-09 1.0283E-09 1.0022E-09 9.7597E-10
1.0548E-08 1.0518E-08 1.0476E-08 1.0425E-08 1.0361E-08 1.0280E-08 1.0182E-08 1.0059E-08 9.9041E-09 9.7210E-09 9.5116E-09 9.2787E-09 9.0252E-09 8.7535E-09 8.4594E-09 8.1454E-09 7.8194E-09 7.4769E-09 7.1231E-09 6.7626E-09 6.3996E-09 6.0355E-09 5.6741E-09 5.3203E-09 4.9750E-09 4.6389E-09 4.3201E-09 4.0174E-09 3.7328E-09 3.4695E-09 3.2143E-09 2.9833E-09 2.7659E-09 2.5677E-09 2.3964E-09 2.2310E-09 2.0929E-09 2.0347E-09 1.8485E-09 1.7181E-09 1.6103E-09 1.5348E-09 1.4501E-09 1.3907E-09 1.3247E-09 1.2846E-09 1.2356E-09 1.2062E-09 1.1764E-09 1.1479E-09 1.1191E-09 1.0916E-09 1.0638E-09 1.0373E-09 1.0106E-09 9.8507E-10 9.5938E-10
1.1023E-08 1.1023E-08 1.1017E-08 1.0997E-08 1.0961E-08 1.0911E-08 1.0835E-08 1.0731E-08 1.0596E-08 1.0422E-08 1.0216E-08 9.9873E-09 9.7305E-09 9.4467E-09 9.1395E-09 8.8029E-09 8.4467E-09 8.0726E-09 7.6845E-09 7.2838E-09 6.8780E-09 6.4730E-09 6.0707E-09 5.6728E-09 5.2837E-09 4.9088E-09 4.5495E-09 4.2130E-09 3.8997E-09 3.6020E-09 3.3144E-09 3.0667E-09 2.8280E-09 2.6065E-09 2.4148E-09 2.2432E-09 2.2814E-09 2.0500E-09 1.9142E-09 1.6881E-09 1.5873E-09 1.5072E-09 1.4285E-09 1.3587E-09 1.2990E-09 1.2603E-09 1.2112E-09 1.1826E-09 1.1536E-09 1.1259E-09 1.0978E-09 1.0710E-09 1.0439E-09 1.0180E-09 9.9194E-10 9.6706E-10 9.4196E-10
1.1535E-08 1.1579E-08 1.1609E-08 1.1630E-08 1.1629E-08 1.1607E-08 1.1563E-08 1.1483E-08 1.1363E-08 1.1207E-08 1.1014E-08 1.0785E-08 1.0530E-08 1.0236E-08 9.9063E-09 9.5437E-09 9.1590E-09 8.7516E-09 8.3239E-09 7.8854E-09 7.4389E-09 6.9872E-09 6.5380E-09 6.0972E-09 5.6641E-09 5.2427E-09 4.8373E-09 4.4525E-09 4.0979E-09 3.7602E-09 3.4394E-09 3.1532E-09 2.8893E-09 2.6609E-09 2.4386E-09 2.6413E-09 2.3316E-09 2.2097E-09 1.9398E-09 1.6549E-09 1.5652E-09 1.4589E-09 1.4071E-09 1.3213E-09 1.2721E-09 1.2175E-09 1.1860E-09 1.1579E-09 1.1297E-09 1.1028E-09 1.0755E-09 1.0487E-09 1.0230E-09 9.9714E-10 9.7244E-10 9.4749E-10 9.2304E-10
1.2089E-08 1.2176E-08 1.2256E-08 1.2316E-08 1.2355E-08 1.2375E-08 1.2360E-08 1.2312E-08 1.2218E-08 1.2077E-08 1.1900E-08 1.1681E-08 1.1418E-08 1.1114E-08 1.0769E-08 1.0381E-08 9.9635E-09 9.5217E-09 9.0525E-09 8.5665E-09 8.0691E-09 7.5662E-09 7.0614E-09 6.5634E-09 6.0806E-09 5.6110E-09 5.1575E-09 4.7292E-09 4.3313E-09 3.9494E-09 3.5942E-09 3.2695E-09 2.9773E-09 2.7191E-09 3.1456E-09 2.7213E-09 2.6930E-09 2.2419E-09 1.9615E-09 1.6559E-09 1.5288E-09 1.4344E-09 1.3655E-09 1.2849E-09 1.2387E-09 1.1897E-09 1.1603E-09 1.1312E-09 1.1047E-09 1.0779E-09 1.0522E-09 1.0261E-09 1.0013E-09 9.7610E-10 9.5210E-10 9.2782E-10 9.0403E-10
