Assets/Resources/2015_m01_d07_1000(utc+0800)_l00_csi_1hr_conc.grd
DSAA
         159         159
     -79.000      79.000
     -79.000      79.000
  0.0000E+00  0.9166E-06
[rows 100 to 124 of 159, columns 57 to 113 of 159]
1.1634E-10 1.3595E-10 1.5696E-10 1.6656E-10 1.7651E-10 1.8680E-10 1.9742E-10 2.0837E-10 2.1962E-10 2.3118E-10 2.4531E-10 2.6040E-10 2.7915E-10 2.9922E-10 3.2203E-10 3.4694E-10 3.7931E-10 4.1813E-10 4.5363E-10 4.8352E-10 5.2220E-10 5.8512E-10 6.5145E-10 6.9965E-10 7.6525E-10 8.2494E-10 8.8762E-10 9.6914E-10 1.0355E-09 1.1006E-09 1.1602E-09 1.2232E-09 1.2815E-09 1.3359E-09 1.3884E-09 1.4359E-09 1.4785E-09 1.5163E-09 1.5503E-09 1.5765E-09 1.5964E-09 1.6104E-09 1.6161E-09 1.6182E-09 1.6150E-09 1.5911E-09 1.5776E-09 1.5573E-09 1.5371E-09 1.5131E-09 1.4865E-09 1.4422E-09 1.4064E-09 1.3739E-09 1.3385E-09 1.2883E-09 1.2523E-09
1.0092E-10 1.2265E-10 1.4214E-10 1.5713E-10 1.6651E-10 1.7622E-10 1.8624E-10 1.9657E-10 2.0719E-10 2.1809E-10 2.2927E-10 2.4186E-10 2.5732E-10 2.7397E-10 2.9313E-10 3.1473E-10 3.3729E-10 3.7671E-10 4.0328E-10 4.3261E-10 4.6813E-10 5.0088E-10 5.6790E-10 6.1447E-10 6.7153E-10 7.1974E-10 7.8854E-10 8.4255E-10 8.9962E-10 9.5384E-10 1.0064E-09 1.0813E-09 1.1339E-09 1.1826E-09 1.2310E-09 1.2731E-09 1.3105E-09 1.3432E-09 1.3724E-09 1.3945E-09 1.3954E-09 1.4092E-09 1.4176E-09 1.4214E-09 1.4204E-09 1.4152E-09 1.4019E-09 1.3877E-09 1.3536E-09 1.3355E-09 1.3145E-09 1.2901E-09 1.2627E-09 1.2166E-09 1.1872E-09 1.1584E-09 1.1243E-09
9.4092E-11 1.0123E-10 1.2133E-10 1.4545E-10 1.5703E-10 1.6618E-10 1.7563E-10 1.8538E-10 1.9540E-10 2.0569E-10 2.1623E-10 2.2701E-10 2.3921E-10 2.5290E-10 2.6936E-10 2.8562E-10 3.0564E-10 3.2524E-10 3.6225E-10 3.8804E-10 4.2083E-10 4.4603E-10 4.8075E-10 5.3550E-10 5.8497E-10 6.3198E-10 6.8805E-10 7.3294E-10 7.8083E-10 8.4423E-10 8.9612E-10 9.4427E-10 9.8874E-10 1.0308E-09 1.0731E-09 1.1093E-09 1.1434E-09 1.1718E-09 1.1952E-09 1.2153E-09 1.2319E-09 1.2442E-09 1.2519E-09 1.2556E-09 1.2555E-09 1.2363E-09 1.2293E-09 1.2185E-09 1.2057E-09 1.1907E-09 1.1726E-09 1.1368E-09 1.1132E-09 1.0915E-09 1.0663E-09 1.0416E-09 1.0011E-09
8.8762E-11 9.3406E-11 1.0751E-10 1.2493E-10 1.4515E-10 1.5518E-10 1.6558E-10 1.7477E-10 1.8422E-10 1.9392E-10 2.0387E-10 2.1405E-10 2.2444E-10 2.3503E-10 2.4834E-10 2.6263E-10 2.7829E-10 2.9676E-10 3.1669E-10 3.4909E-10 3.7312E-10 3.9793E-10 4.2762E-10 4.7048E-10 5.1180E-10 5.4984E-10 5.9659E-10 6.3324E-10 6.7289E-10 7.3537E-10 7.8048E-10 8.2085E-10 8.5809E-10 8.9580E-10 9.3091E-10 9.6329E-10 9.9523E-10 1.0208E-09 1.0456E-09 1.0642E-09 1.0794E-09 1.0903E-09 1.0979E-09 1.1024E-09 1.1013E-09 1.0994E-09 1.0948E-09 1.0849E-09 1.0748E-09 1.0475E-09 1.0344E-09 1.0162E-09 9.9600E-10 9.7577E-10 9.4280E-10 9.2347E-10 8.9213E-10
8.3714E-11 8.8095E-11 9.4142E-11 1.0983E-10 1.2611E-10 1.4058E-10 1.5292E-10 1.6310E-10 1.7362E-10 1.8278E-10 1.9216E-10 2.0177E-10 2.1157E-10 2.2157E-10 2.3173E-10 2.4339E-10 2.5695E-10 2.7038E-10 2.8799E-10 3.1229E-10 3.3408E-10 3.5649E-10 3.8147E-10 4.0702E-10 4.4608E-10 4.7749E-10 5.1703E-10 5.5004E-10 6.0290E-10 6.3553E-10 6.6993E-10 7.0196E-10 7.3498E-10 7.9295E-10 8.2674E-10 8.5723E-10 8.8247E-10 9.0554E-10 9.2449E-10 9.4201E-10 9.5446E-10 9.6414E-10 9.7101E-10 9.7535E-10 9.7518E-10 9.5871E-10 9.5614E-10 9.5126E-10 9.4409E-10 9.3488E-10 9.2327E-10 9.0773E-10 8.7017E-10 8.5668E-10 8.4110E-10 8.2448E-10 8.0628E-10
7.6880E-11 8.2723E-11 8.7629E-11 9.3866E-11 1.0919E-10 1.2791E-10 1.3914E-10 1.4835E-10 1.6114E-10 1.7050E-10 1.8107E-10 1.9013E-10 1.9938E-10 2.0882E-10 2.1842E-10 2.2816E-10 2.3804E-10 2.4992E-10 2.6339E-10 2.7686E-10 3.0089E-10 3.1936E-10 3.4123E-10 3.6191E-10 3.8139E-10 4.1573E-10 4.5078E-10 4.8246E-10 5.1965E-10 5.4818E-10 5.7605E-10 6.2438E-10 6.5873E-10 6.8476E-10 7.1089E-10 7.3676E-10 7.6055E-10 7.7970E-10 7.9572E-10 8.0969E-10 8.2274E-10 8.3195E-10 8.4104E-10 8.4573E-10 8.4808E-10 8.4601E-10 8.4405E-10 8.4022E-10 8.3373E-10 8.1084E-10 8.0109E-10 7.8956E-10 7.7892E-10 7.6664E-10 7.5375E-10 7.2750E-10 7.0377E-10
7.2111E-11 7.7663E-11 8.2267E-11 8.6352E-11 9.7920E-11 1.1037E-10 1.2478E-10 1.3406E-10 1.4561E-10 1.5492E-10 1.6796E-10 1.7729E-10 1.8784E-10 1.9674E-10 2.0580E-10 2.1501E-10 2.2434E-10 2.3378E-10 2.4332E-10 2.5496E-10 2.6912E-10 2.8747E-10 3.0644E-10 3.2324E-10 3.4118E-10 3.6476E-10 3.9338E-10 4.1795E-10 4.4926E-10 4.7233E-10 5.0204E-10 5.4295E-10 5.6910E-10 5.8937E-10 6.0977E-10 6.2975E-10 6.5041E-10 6.8792E-10 7.0424E-10 7.1931E-10 7.3158E-10 7.3976E-10 7.4590E-10 7.3493E-10 7.3775E-10 7.3787E-10 7.3722E-10 7.3514E-10 7.2985E-10 7.2231E-10 7.1608E-10 7.0024E-10 6.7799E-10 6.6987E-10 6.6010E-10 6.4933E-10 6.3353E-10
6.7622E-11 7.1412E-11 7.6527E-11 8.0664E-11 8.5662E-11 9.6819E-11 1.0733E-10 1.2128E-10 1.3178E-10 1.4059E-10 1.5253E-10 1.6094E-10 1.7313E-10 1.8340E-10 1.9387E-10 2.0255E-10 2.1136E-10 2.2028E-10 2.2929E-10 2.3838E-10 2.4752E-10 2.5995E-10 2.7597E-10 2.9157E-10 3.0583E-10 3.2678E-10 3.4142E-10 3.6154E-10 3.8947E-10 4.1077E-10 4.4647E-10 4.6551E-10 4.8469E-10 5.0416E-10 5.3709E-10 5.6372E-10 5.8155E-10 5.9647E-10 6.0772E-10 6.1740E-10 6.2688E-10 6.3442E-10 6.3970E-10 6.4380E-10 6.4654E-10 6.4693E-10 6.4683E-10 6.4549E-10 6.4275E-10 6.2450E-10 6.1886E-10 6.1387E-10 6.0779E-10 6.0019E-10 5.9201E-10 5.8091E-10 5.5191E-10
6.2952E-11 6.6476E-11 7.0653E-11 7.5327E-11 8.0003E-11 8.4356E-11 9.5907E-11 1.0919E-10 1.1868E-10 1.2626E-10 1.3702E-10 1.4543E-10 1.5704E-10 1.6636E-10 1.7587E-10 1.8770E-10 1.9804E-10 2.0751E-10 2.1602E-10 2.2461E-10 2.3324E-10 2.4186E-10 2.5049E-10 2.6314E-10 2.7855E-10 2.9287E-10 3.0507E-10 3.2414E-10 3.3892E-10 3.5770E-10 3.8325E-10 3.9861E-10 4.1507E-10 4.5116E-10 4.6931E-10 4.8685E-10 4.9908E-10 5.1055E-10 5.2042E-10 5.2847E-10 5.3698E-10 5.4365E-10 5.5639E-10 5.6004E-10 5.6239E-10 5.6501E-10 5.6540E-10 5.6474E-10 5.5697E-10 5.5468E-10 5.4936E-10 5.4557E-10 5.4016E-10 5.2138E-10 5.1465E-10 5.0566E-10 4.9793E-10
5.7615E-11 6.1099E-11 6.5753E-11 6.9830E-11 7.3840E-11 7.8198E-11 8.3481E-11 9.3504E-11 1.0356E-10 1.1346E-10 1.2320E-10 1.3119E-10 1.4178E-10 1.5018E-10 1.6141E-10 1.7112E-10 1.8051E-10 1.9053E-10 2.0127E-10 2.1157E-10 2.1970E-10 2.2784E-10 2.3595E-10 2.4402E-10 2.5203E-10 2.6448E-10 2.7450E-10 2.9279E-10 3.0288E-10 3.1977E-10 3.3019E-10 3.4204E-10 3.6052E-10 3.8900E-10 4.0209E-10 4.1170E-10 4.2353E-10 4.3298E-10 4.6286E-10 4.7172E-10 4.8089E-10 4.8790E-10 4.9204E-10 4.9507E-10 4.9714E-10 4.9975E-10 5.0013E-10 4.9904E-10 4.8433E-10 4.8324E-10 4.8154E-10 4.7845E-10 4.7533E-10 4.6950E-10 4.6273E-10 4.5030E-10 4.3321E-10
5.1206E-11 5.5885E-11 6.0691E-11 6.3942E-11 6.8132E-11 7.2462E-11 7.6466E-11 8.4046E-11 9.0570E-11 1.0132E-10 1.1010E-10 1.1692E-10 1.2730E-10 1.3482E-10 1.4555E-10 1.5435E-10 1.6284E-10 1.7412E-10 1.8337E-10 1.9168E-10 2.0160E-10 2.1219E-10 2.2218E-10 2.2978E-10 2.3730E-10 2.4474E-10 2.5205E-10 2.6357E-10 2.7212E-10 2.8562E-10 2.9725E-10 3.0756E-10 3.2305E-10 3.3193E-10 3.4049E-10 3.4868E-10 3.7774E-10 3.9032E-10 3.9731E-10 4.0482E-10 4.1036E-10 4.1643E-10 4.2132E-10 4.2389E-10 4.2671E-10 4.2809E-10 4.2731E-10 4.2688E-10 4.2720E-10 4.2639E-10 4.2366E-10 4.2111E-10 4.1883E-10 4.0366E-10 3.9932E-10 3.9681E-10 3.9392E-10
4.4022E-11 4.8691E-11 5.3369E-11 5.8472E-11 6.2555E-11 6.6589E-11 7.0276E-11 7.4852E-11 8.1108E-11 8.9074E-11 9.6907E-11 1.0417E-10 1.1356E-10 1.2025E-10 1.3092E-10 1.3841E-10 1.4604E-10 1.5689E-10 1.6525E-10 1.7270E-10 1.8351E-10 1.9313E-10 2.0108E-10 2.0787E-10 2.2085E-10 2.2907E-10 2.3715E-10 2.4381E-10 2.5020E-10 2.6111E-10 2.6806E-10 2.7947E-10 2.8711E-10 2.9452E-10 3.0249E-10 3.1592E-10 3.2766E-10 3.3344E-10 3.3801E-10 3.4293E-10 3.4647E-10 3.5174E-10 3.6017E-10 3.6564E-10 3.6741E-10 3.7070E-10 3.7173E-10 3.7239E-10 3.7268E-10 3.7260E-10 3.7215E-10 3.7062E-10 3.6798E-10 3.6646E-10 3.5669E-10 3.5461E-10 3.5143E-10
3.8362E-11 4.2296E-11 4.6302E-11 5.0696E-11 5.5121E-11 5.8692E-11 6.4503E-11 6.8759E-11 7.2426E-11 7.8642E-11 8.3413E-11 9.1930E-11 1.0037E-10 1.0781E-10 1.1661E-10 1.2328E-10 1.3105E-10 1.4050E-10 1.4896E-10 1.5697E-10 1.6615E-10 1.7487E-10 1.8092E-10 1.9152E-10 2.0080E-10 2.0822E-10 2.1434E-10 2.2031E-10 2.3250E-10 2.3958E-10 2.4631E-10 2.5594E-10 2.6184E-10 2.6755E-10 2.7820E-10 2.8447E-10 2.8901E-10 2.9467E-10 2.9852E-10 3.0332E-10 3.1291E-10 3.1950E-10 3.2402E-10 3.2589E-10 3.2739E-10 3.2858E-10 3.2948E-10 3.3007E-10 3.3035E-10 3.3031E-10 3.2997E-10 3.2932E-10 3.2621E-10 3.2497E-10 3.2343E-10 3.2160E-10 3.1795E-10
3.2645E-11 3.6412E-11 3.9687E-11 4.4035E-11 4.7782E-11 5.1332E-11 5.6040E-11 5.9857E-11 6.3867E-11 7.0132E-11 7.4327E-11 8.0187E-11 8.6642E-11 9.4227E-11 1.0288E-10 1.0875E-10 1.1881E-10 1.2583E-10 1.3249E-10 1.4175E-10 1.4951E-10 1.5638E-10 1.6417E-10 1.7315E-10 1.8098E-10 1.8704E-10 1.9243E-10 2.0402E-10 2.1067E-10 2.1772E-10 2.2263E-10 2.2731E-10 2.3168E-10 2.3582E-10 2.5230E-10 2.5699E-10 2.6143E-10 2.6619E-10 2.7584E-10 2.7959E-10 2.8217E-10 2.8501E-10 2.8683E-10 2.8834E-10 2.9037E-10 2.9138E-10 2.9213E-10 2.9263E-10 2.9287E-10 2.9461E-10 2.9434E-10 2.9381E-10 2.9302E-10 2.8914E-10 2.8787E-10 2.8420E-10 2.8047E-10
2.7532E-11 3.0800E-11 3.3730E-11 3.7894E-11 4.1170E-11 4.5641E-11 4.8479E-11 5.2254E-11 5.5610E-11 6.0998E-11 6.4763E-11 6.8525E-11 7.4958E-11 8.1336E-11 8.9318E-11 9.4641E-11 1.0459E-10 1.1079E-10 1.1666E-10 1.2553E-10 1.3320E-10 1.3875E-10 1.4799E-10 1.5557E-10 1.6148E-10 1.6625E-10 1.7749E-10 1.8418E-10 1.9019E-10 1.9477E-10 1.9977E-10 2.0389E-10 2.1552E-10 2.1925E-10 2.2403E-10 2.2726E-10 2.3018E-10 2.3888E-10 2.4237E-10 2.4484E-10 2.4685E-10 2.4935E-10 2.5083E-10 2.5774E-10 2.5886E-10 2.5977E-10 2.6120E-10 2.6247E-10 2.6272E-10 2.6275E-10 2.6255E-10 2.6212E-10 2.6087E-10 2.5848E-10 2.5740E-10 2.5610E-10 2.5403E-10
2.2457E-11 2.5498E-11 2.8096E-11 3.2045E-11 3.4705E-11 3.8776E-11 4.2253E-11 4.5247E-11 4.9939E-11 5.3369E-11 5.6277E-11 6.0235E-11 6.5628E-11 6.9096E-11 7.4022E-11 8.0481E-11 9.0291E-11 9.5708E-11 1.0193E-10 1.1064E-10 1.1792E-10 1.2404E-10 1.3181E-10 1.3803E-10 1.4272E-10 1.5192E-10 1.5913E-10 1.6454E-10 1.6924E-10 1.7328E-10 1.8336E-10 1.8846E-10 1.9332E-10 1.9777E-10 2.0088E-10 2.0369E-10 2.0631E-10 2.0865E-10 2.1214E-10 2.1739E-10 2.2184E-10 2.2885E-10 2.3146E-10 2.3338E-10 2.3434E-10 2.3511E-10 2.3569E-10 2.3609E-10 2.3629E-10 2.3630E-10 2.3331E-10 2.3241E-10 2.3187E-10 2.2977E-10 2.2759E-10 2.2590E-10 2.2397E-10
1.7645E-11 2.0647E-11 2.3107E-11 2.6348E-11 2.9162E-11 3.3033E-11 3.5567E-11 3.8217E-11 4.2684E-11 4.5801E-11 4.8741E-11 5.4117E-11 5.7147E-11 6.0062E-11 6.4215E-11 6.9632E-11 7.4149E-11 7.8619E-11 8.6191E-11 9.3562E-11 9.9816E-11 1.0907E-10 1.1403E-10 1.2138E-10 1.2728E-10 1.3428E-10 1.4083E-10 1.4501E-10 1.4853E-10 1.5860E-10 1.6333E-10 1.6855E-10 1.7164E-10 1.7525E-10 1.7794E-10 1.8434E-10 1.9081E-10 1.9291E-10 1.9612E-10 1.9776E-10 1.9921E-10 2.0044E-10 2.0152E-10 2.0244E-10 2.0322E-10 2.0384E-10 2.0431E-10 2.0463E-10 2.0410E-10 2.0961E-10 2.0949E-10 2.0919E-10 2.0873E-10 2.0811E-10 2.0610E-10 2.0516E-10 1.9618E-10
1.2653E-11 1.5834E-11 1.8087E-11 2.1294E-11 2.3973E-11 2.7122E-11 2.9825E-11 3.2198E-11 3.5976E-11 3.8934E-11 4.1576E-11 4.6015E-11 4.9067E-11 5.2042E-11 5.7226E-11 6.0070E-11 6.3150E-11 6.6313E-11 7.2687E-11 7.8703E-11 8.3735E-11 9.1424E-11 9.7303E-11 1.0154E-10 1.0952E-10 1.1566E-10 1.1977E-10 1.2374E-10 1.3430E-10 1.3982E-10 1.4468E-10 1.4754E-10 1.5079E-10 1.5939E-10 1.6309E-10 1.6661E-10 1.6862E-10 1.7172E-10 1.7334E-10 1.7530E-10 1.7654E-10 1.7762E-10 1.7857E-10 1.8008E-10 1.8210E-10 1.8268E-10 1.8312E-10 1.8288E-10 1.8242E-10 1.8246E-10 1.8051E-10 1.8029E-10 1.7948E-10 1.7899E-10 1.7837E-10 1.7432E-10 1.7303E-10
9.6422E-12 1.1274E-11 1.3157E-11 1.6173E-11 1.8291E-11 2.1735E-11 2.4289E-11 2.7500E-11 3.0213E-11 3.2742E-11 3.6393E-11 3.9338E-11 4.1741E-11 4.4613E-11 4.8849E-11 5.1731E-11 5.4317E-11 5.8604E-11 6.3242E-11 6.5212E-11 6.7803E-11 7.5625E-11 8.0276E-11 8.6004E-11 9.2392E-11 9.8720E-11 1.0171E-10 1.0966E-10 1.1505E-10 1.1871E-10 1.2280E-10 1.2514E-10 1.3344E-10 1.3746E-10 1.4182E-10 1.4372E-10 1.4545E-10 1.4700E-10 1.4835E-10 1.5089E-10 1.5798E-10 1.5953E-10 1.6168E-10 1.6245E-10 1.6312E-10 1.6366E-10 1.6364E-10 1.6395E-10 1.6413E-10 1.6419E-10 1.6413E-10 1.6339E-10 1.6266E-10 1.6160E-10 1.6106E-10 1.5979E-10 1.5399E-10
7.5625E-12 8.9447E-12 1.0030E-11 1.1697E-11 1.3351E-11 1.6014E-11 1.8594E-11 2.2249E-11 2.4203E-11 2.6338E-11 3.0007E-11 3.2653E-11 3.4792E-11 3.9076E-11 4.1588E-11 4.4012E-11 4.7049E-11 5.1638E-11 5.4129E-11 5.5832E-11 6.0297E-11 6.3115E-11 6.5280E-11 7.1780E-11 7.7236E-11 8.1717E-11 8.5909E-11 9.2237E-11 9.6947E-11 9.9394E-11 1.0391E-10 1.0952E-10 1.1371E-10 1.1680E-10 1.2107E-10 1.2264E-10 1.2464E-10 1.3318E-10 1.3439E-10 1.3670E-10 1.3829E-10 1.3915E-10 1.3930E-10 1.4055E-10 1.4113E-10 1.4161E-10 1.4015E-10 1.4044E-10 1.4062E-10 1.4071E-10 1.4024E-10 1.4012E-10 1.3990E-10 1.3958E-10 1.3749E-10 1.3698E-10 1.3637E-10
5.4047E-12 6.6533E-12 7.6139E-12 9.1393E-12 1.0126E-11 1.1412E-11 1.3322E-11 1.6354E-11 1.7776E-11 2.0540E-11 2.4195E-11 2.6106E-11 2.8332E-11 3.2276E-11 3.4512E-11 3.6671E-11 4.1093E-11 4.3057E-11 4.5040E-11 4.8057E-11 5.1437E-11 5.5214E-11 5.6897E-11 5.9884E-11 6.2477E-11 6.5317E-11 7.1396E-11 7.5465E-11 7.8459E-11 8.2286E-11 8.9202E-11 9.3787E-11 9.6496E-11 9.8545E-11 9.9918E-11 1.0713E-10 1.1027E-10 1.1301E-10 1.1457E-10 1.1598E-10 1.1678E-10 1.1752E-10 1.1817E-10 1.1874E-10 1.2055E-10 1.2285E-10 1.2453E-10 1.2479E-10 1.2455E-10 1.2463E-10 1.2522E-10 1.2514E-10 1.2496E-10 1.2408E-10 1.1884E-10 1.1844E-10 1.1751E-10
3.5310E-12 4.5387E-12 5.3807E-12 6.7702E-12 7.6384E-12 9.0467E-12 1.0011E-11 1.1314E-11 1.2951E-11 1.5859E-11 1.7614E-11 1.9571E-11 2.3246E-11 2.5788E-11 2.7580E-11 3.0007E-11 3.3755E-11 3.5994E-11 3.7735E-11 4.1104E-11 4.4582E-11 4.6679E-11 4.7926E-11 5.1733E-11 5.4024E-11 5.5209E-11 5.9577E-11 6.1403E-11 6.3730E-11 6.8760E-11 7.2616E-11 7.6442E-11 7.7560E-11 8.1256E-11 8.7561E-11 9.0376E-11 9.1901E-11 9.2772E-11 9.3533E-11 9.4232E-11 9.6838E-11 1.0428E-10 1.0487E-10 1.0662E-10 1.0664E-10 1.0703E-10 1.0735E-10 1.0759E-10 1.0776E-10 1.0785E-10 1.0682E-10 1.0676E-10 1.0621E-10 1.0600E-10 1.0573E-10 1.0538E-10 1.0496E-10
2.1305E-12 2.7932E-12 3.4395E-12 4.5804E-12 5.3358E-12 6.7573E-12 7.8920E-12 8.7851E-12 1.0137E-11 1.1468E-11 1.2221E-11 1.4086E-11 1.7003E-11 1.9124E-11 2.0675E-11 2.4667E-11 2.6544E-11 2.8561E-11 3.1514E-11 3.4620E-11 3.6658E-11 3.8083E-11 4.1189E-11 4.3295E-11 4.6777E-11 4.7780E-11 5.0522E-11 5.2113E-11 5.3585E-11 5.5921E-11 5.7649E-11 5.8369E-11 6.2517E-11 6.7447E-11 7.2027E-11 7.3484E-11 7.4203E-11 7.5983E-11 8.2349E-11 8.4208E-11 8.5987E-11 8.6521E-11 8.7000E-11 8.7984E-11 8.8354E-11 8.8667E-11 8.8920E-11 8.9115E-11 8.9249E-11 8.9324E-11 8.8728E-11 8.8686E-11 8.8075E-11 8.7925E-11 8.7717E-11 8.5738E-11 8.5420E-11
9.5873E-13 1.4250E-12 1.9898E-12 2.9077E-12 3.5725E-12 4.7460E-12 5.5168E-12 6.5731E-12 7.6839E-12 8.8777E-12 9.5382E-12 1.0956E-11 1.2322E-11 1.3246E-11 1.5218E-11 1.7915E-11 1.9761E-11 2.1677E-11 2.4915E-11 2.7348E-11 2.9093E-11 3.1107E-11 3.3976E-11 3.6638E-11 3.8531E-11 3.9819E-11 4.2246E-11 4.4015E-11 4.5140E-11 4.6957E-11 4.9381E-11 5.0702E-11 5.2534E-11 5.3623E-11 5.4124E-11 5.5329E-11 5.6392E-11 6.4219E-11 6.4701E-11 6.6868E-11 6.7856E-11 6.8251E-11 6.8605E-11 6.8917E-11 7.0456E-11 7.1934E-11 7.4017E-11 7.6804E-11 7.6934E-11 7.8217E-11 7.8250E-11 7.8229E-11 7.8157E-11 7.8032E-11 7.7447E-11 7.6596E-11 7.6323E-11
0.0000E+00 4.0415E-13 7.7633E-13 1.4847E-12 2.0687E-12 3.0154E-12 3.6969E-12 4.2593E-12 5.2544E-12 6.3295E-12 7.4466E-12 8.1821E-12 9.5876E-12 1.0102E-11 1.1566E-11 1.2650E-11 1.3914E-11 1.5286E-11 1.8228E-11 2.0434E-11 2.1615E-11 2.4175E-11 2.6580E-11 2.8627E-11 2.9679E-11 3.2510E-11 3.4202E-11 3.5447E-11 3.8147E-11 3.9996E-11 4.1385E-11 4.1883E-11 4.2962E-11 4.4553E-11 4.5352E-11 4.6525E-11 4.7391E-11 4.8488E-11 4.9245E-11 4.9744E-11 5.0666E-11 5.0912E-11 5.8592E-11 6.0641E-11 6.2062E-11 6.2270E-11 6.0662E-11 6.0796E-11 6.0892E-11 6.0950E-11 6.0970E-11 6.0590E-11 6.0103E-11 6.0012E-11 5.9883E-11 5.9337E-11 5.8493E-11
