Assets/Resources/2015_m01_d26_2000(utc+0800)_l00_csi_1hr_conc.grd
DSAA
         159         159
     -79.000      79.000
     -79.000      79.000
  0.0000E+00  0.3112E-05
[rows 0 to 24 of 159, columns 0 to 56 of 159]
4.8000E-11 5.9074E-11 7.6795E-11 9.5668E-11 1.1965E-10 1.5168E-10 1.8786E-10 2.3427E-10 2.8989E-10 3.5387E-10 4.3534E-10 5.2853E-10 6.3935E-10 7.6830E-10 9.2145E-10 1.0948E-09 1.2983E-09 1.5255E-09 1.7857E-09 2.0764E-09 2.4018E-09 2.7618E-09 3.1550E-09 3.5821E-09 4.0400E-09 4.5264E-09 5.0375E-09 5.5657E-09 6.1067E-09 6.6561E-09 7.2029E-09 7.7401E-09 8.2596E-09 8.7487E-09 9.1982E-09 9.5973E-09 9.9416E-09 1.0212E-08 1.0411E-08 1.0530E-08 1.0566E-08 1.0512E-08 1.0373E-08 1.0153E-08 9.8516E-09 9.4808E-09 9.0473E-09 8.5601E-09 8.0317E-09 7.4726E-09 6.8921E-09 6.3012E-09 5.7084E-09 5.1248E-09 4.5561E-09 4.0101E-09 3.4938E-09
4.7628E-11 5.8616E-11 7.6404E-11 9.4830E-11 1.1900E-10 1.5103E-10 1.8762E-10 2.3359E-10 2.9050E-10 3.5432E-10 4.3679E-10 5.3081E-10 6.4283E-10 7.7372E-10 9.2886E-10 1.1054E-09 1.3125E-09 1.5442E-09 1.8102E-09 2.1078E-09 2.4417E-09 2.8103E-09 3.2149E-09 3.6549E-09 4.1271E-09 4.6312E-09 5.1602E-09 5.7096E-09 6.2774E-09 6.8526E-09 7.4292E-09 7.9991E-09 8.5493E-09 9.0705E-09 9.5525E-09 9.9883E-09 1.0358E-08 1.0664E-08 1.0893E-08 1.1039E-08 1.1096E-08 1.1063E-08 1.0943E-08 1.0734E-08 1.0443E-08 1.0076E-08 9.6436E-09 9.1549E-09 8.6179E-09 8.0441E-09 7.4440E-09 6.8268E-09 6.2059E-09 5.5884E-09 4.9846E-09 4.4026E-09 3.8480E-09
4.6893E-11 5.7899E-11 7.5417E-11 9.3394E-11 1.1766E-10 1.4925E-10 1.8587E-10 2.3140E-10 2.8865E-10 3.5212E-10 4.3458E-10 5.2944E-10 6.4077E-10 7.7343E-10 9.2886E-10 1.1076E-09 1.3164E-09 1.5512E-09 1.8207E-09 2.1236E-09 2.4625E-09 2.8379E-09 3.2512E-09 3.6999E-09 4.1836E-09 4.7014E-09 5.2447E-09 5.8157E-09 6.4035E-09 7.0032E-09 7.6069E-09 8.2031E-09 8.7816E-09 9.3328E-09 9.8500E-09 1.0311E-08 1.0718E-08 1.1055E-08 1.1314E-08 1.1488E-08 1.1572E-08 1.1567E-08 1.1466E-08 1.1276E-08 1.1000E-08 1.0647E-08 1.0223E-08 9.7355E-09 9.1937E-09 8.6090E-09 7.9943E-09 7.3604E-09 6.7154E-09 6.0708E-09 5.4363E-09 4.8185E-09 4.2277E-09
4.5967E-11 5.6861E-11 7.3626E-11 9.1238E-11 1.1527E-10 1.4615E-10 1.8276E-10 2.2763E-10 2.8424E-10 3.4755E-10 4.2892E-10 5.2396E-10 6.3404E-10 7.6717E-10 9.2183E-10 1.1013E-09 1.3103E-09 1.5461E-09 1.8172E-09 2.1227E-09 2.4639E-09 2.8436E-09 3.2612E-09 3.7163E-09 4.2080E-09 4.7347E-09 5.2922E-09 5.8779E-09 6.4835E-09 7.1034E-09 7.7280E-09 8.3466E-09 8.9502E-09 9.5330E-09 1.0072E-08 1.0570E-08 1.1007E-08 1.1375E-08 1.1665E-08 1.1870E-08 1.1987E-08 1.2007E-08 1.1935E-08 1.1772E-08 1.1521E-08 1.1189E-08 1.0778E-08 1.0300E-08 9.7649E-09 9.1825E-09 8.5627E-09 7.9161E-09 7.2536E-09 6.5852E-09 5.9205E-09 5.2710E-09 4.6427E-09
4.4823E-11 5.5518E-11 7.1268E-11 8.8229E-11 1.1235E-10 1.4209E-10 1.7815E-10 2.2204E-10 2.7787E-10 3.4027E-10 4.1993E-10 5.1467E-10 6.2250E-10 7.5514E-10 9.0785E-10 1.0866E-09 1.2941E-09 1.5289E-09 1.7992E-09 2.1050E-09 2.4460E-09 2.8267E-09 3.2455E-09 3.7036E-09 4.1984E-09 4.7329E-09 5.2983E-09 5.8956E-09 6.5138E-09 7.1487E-09 7.7881E-09 8.4256E-09 9.0548E-09 9.6557E-09 1.0227E-08 1.0750E-08 1.1218E-08 1.1616E-08 1.1939E-08 1.2179E-08 1.2325E-08 1.2382E-08 1.2344E-08 1.2216E-08 1.1996E-08 1.1688E-08 1.1303E-08 1.0846E-08 1.0324E-08 9.7478E-09 9.1264E-09 8.4722E-09 7.7972E-09 7.1105E-09 6.4222E-09 5.7433E-09 5.0819E-09
4.3404E-11 5.4007E-11 6.7632E-11 8.4713E-11 1.0888E-10 1.3681E-10 1.7199E-10 2.1517E-10 2.6901E-10 3.3035E-10 4.0816E-10 5.0137E-10 6.0649E-10 7.3745E-10 8.8743E-10 1.0635E-09 1.2682E-09 1.5000E-09 1.7674E-09 2.0707E-09 2.4084E-09 2.7874E-09 3.2045E-09 3.6611E-09 4.1571E-09 4.6937E-09 5.2636E-09 5.8656E-09 6.4927E-09 7.1345E-09 7.7856E-09 8.4407E-09 9.0837E-09 9.7086E-09 1.0300E-08 1.0851E-08 1.1344E-08 1.1774E-08 1.2130E-08 1.2402E-08 1.2589E-08 1.2685E-08 1.2689E-08 1.2598E-08 1.2416E-08 1.2147E-08 1.1795E-08 1.1364E-08 1.0861E-08 1.0302E-08 9.6943E-09 9.0460E-09 8.3677E-09 7.6698E-09 6.9638E-09 6.2588E-09 5.5670E-09
4.1816E-11 5.1820E-11 6.3828E-11 8.1484E-11 1.0382E-10 1.3018E-10 1.6477E-10 2.0624E-10 2.5822E-10 3.1815E-10 3.9350E-10 4.8450E-10 5.8632E-10 7.1428E-10 8.6079E-10 1.0323E-09 1.2327E-09 1.4601E-09 1.7220E-09 2.0203E-09 2.3524E-09 2.7262E-09 3.1380E-09 3.5909E-09 4.0828E-09 4.6183E-09 5.1859E-09 5.7893E-09 6.4168E-09 7.0618E-09 7.7223E-09 8.3853E-09 9.0421E-09 9.6805E-09 1.0295E-08 1.0863E-08 1.1383E-08 1.1844E-08 1.2231E-08 1.2541E-08 1.2771E-08 1.2911E-08 1.2959E-08 1.2915E-08 1.2781E-08 1.2557E-08 1.2243E-08 1.1849E-08 1.1385E-08 1.0854E-08 1.0267E-08 9.6294E-09 8.9523E-09 8.2483E-09 7.5280E-09 6.8032E-09 6.0825E-09
3.9526E-11 4.9033E-11 6.0956E-11 7.7782E-11 9.7682E-11 1.2339E-10 1.5623E-10 1.9602E-10 2.4585E-10 3.0375E-10 3.7644E-10 4.6427E-10 5.6246E-10 6.8632E-10 8.2808E-10 9.9411E-10 1.1888E-09 1.4093E-09 1.6640E-09 1.9555E-09 2.2784E-09 2.6443E-09 3.0491E-09 3.4928E-09 3.9777E-09 4.5059E-09 5.0674E-09 5.6642E-09 6.2887E-09 6.9337E-09 7.5952E-09 8.2628E-09 8.9255E-09 9.5784E-09 1.0202E-08 1.0791E-08 1.1336E-08 1.1822E-08 1.2243E-08 1.2595E-08 1.2868E-08 1.3054E-08 1.3154E-08 1.3165E-08 1.3083E-08 1.2908E-08 1.2648E-08 1.2307E-08 1.1887E-08 1.1392E-08 1.0832E-08 1.0220E-08 9.5604E-09 8.8634E-09 8.1403E-09 7.4012E-09 6.6577E-09
3.7193E-11 4.6863E-11 5.7594E-11 7.2346E-11 9.1248E-11 1.1511E-10 1.4579E-10 1.8425E-10 2.3192E-10 2.8752E-10 3.5717E-10 4.4119E-10 5.3522E-10 6.5395E-10 7.9013E-10 9.4969E-10 1.1368E-09 1.3491E-09 1.5951E-09 1.8765E-09 2.1886E-09 2.5444E-09 2.9369E-09 3.3690E-09 3.8425E-09 4.3591E-09 4.9079E-09 5.4957E-09 6.1120E-09 6.7488E-09 7.4088E-09 8.0730E-09 8.7400E-09 9.3947E-09 1.0029E-08 1.0634E-08 1.1197E-08 1.1711E-08 1.2168E-08 1.2560E-08 1.2876E-08 1.3115E-08 1.3272E-08 1.3339E-08 1.3317E-08 1.3206E-08 1.3010E-08 1.2726E-08 1.2358E-08 1.1917E-08 1.1405E-08 1.0828E-08 1.0193E-08 9.5092E-09 8.7862E-09 8.0366E-09 7.2745E-09
3.5472E-11 4.4062E-11 5.3964E-11 6.6963E-11 8.3936E-11 1.0639E-10 1.3550E-10 1.7192E-10 2.1683E-10 2.6964E-10 3.3599E-10 4.1538E-10 5.0502E-10 6.1828E-10 7.4778E-10 8.9946E-10 1.0782E-09 1.2811E-09 1.5157E-09 1.7858E-09 2.0851E-09 2.4263E-09 2.8048E-09 3.2218E-09 3.6795E-09 4.1790E-09 4.7135E-09 5.2859E-09 5.8878E-09 6.5151E-09 7.1631E-09 7.8221E-09 8.4834E-09 9.1387E-09 9.7783E-09 1.0394E-08 1.0975E-08 1.1514E-08 1.2006E-08 1.2435E-08 1.2800E-08 1.3093E-08 1.3306E-08 1.3438E-08 1.3486E-08 1.3446E-08 1.3318E-08 1.3104E-08 1.2809E-08 1.2433E-08 1.1974E-08 1.1441E-08 1.0840E-08 1.0181E-08 9.4719E-09 8.7243E-09 7.9482E-09
3.3119E-11 3.9994E-11 4.9563E-11 6.0544E-11 7.6946E-11 9.7182E-11 1.2474E-10 1.5875E-10 2.0093E-10 2.5085E-10 3.1306E-10 3.8765E-10 4.7286E-10 5.7938E-10 7.0147E-10 8.4506E-10 1.0140E-09 1.2056E-09 1.4283E-09 1.6846E-09 1.9682E-09 2.2937E-09 2.6552E-09 3.0526E-09 3.4915E-09 3.9722E-09 4.4860E-09 5.0384E-09 5.6239E-09 6.2325E-09 6.8657E-09 7.5113E-09 8.1644E-09 8.8137E-09 9.4551E-09 1.0078E-08 1.0674E-08 1.1238E-08 1.1758E-08 1.2227E-08 1.2640E-08 1.2986E-08 1.3261E-08 1.3463E-08 1.3582E-08 1.3620E-08 1.3573E-08 1.3445E-08 1.3230E-08 1.2923E-08 1.2533E-08 1.2063E-08 1.1516E-08 1.0897E-08 1.0214E-08 9.4747E-09 8.6952E-09
2.9990E-11 3.6646E-11 4.5394E-11 5.5870E-11 6.9411E-11 8.7851E-11 1.1326E-10 1.4459E-10 1.8361E-10 2.2993E-10 2.8856E-10 3.5860E-10 4.3880E-10 5.3814E-10 6.5261E-10 7.8689E-10 9.4523E-10 1.1251E-09 1.3335E-09 1.5745E-09 1.8416E-09 2.1486E-09 2.4899E-09 2.8667E-09 3.2838E-09 3.7406E-09 4.2310E-09 4.7611E-09 5.3221E-09 5.9092E-09 6.5208E-09 7.1511E-09 7.7867E-09 8.4289E-09 9.0670E-09 9.6932E-09 1.0302E-08 1.0885E-08 1.1432E-08 1.1939E-08 1.2397E-08 1.2797E-08 1.3139E-08 1.3409E-08 1.3608E-08 1.3731E-08 1.3778E-08 1.3739E-08 1.3608E-08 1.3395E-08 1.3089E-08 1.2694E-08 1.2210E-08 1.1637E-08 1.0988E-08 1.0270E-08 9.4917E-09
2.6932E-11 3.3611E-11 4.1661E-11 5.1368E-11 6.1788E-11 7.8565E-11 1.0136E-10 1.2883E-10 1.6601E-10 2.0965E-10 2.6384E-10 3.2868E-10 4.0378E-10 4.9551E-10 6.0126E-10 7.2638E-10 8.7360E-10 1.0396E-09 1.2333E-09 1.4583E-09 1.7066E-09 1.9933E-09 2.3141E-09 2.6672E-09 3.0588E-09 3.4906E-09 3.9540E-09 4.4562E-09 4.9908E-09 5.5510E-09 6.1383E-09 6.7455E-09 7.3630E-09 7.9925E-09 8.6229E-09 9.2483E-09 9.8649E-09 1.0462E-08 1.1034E-08 1.1575E-08 1.2075E-08 1.2532E-08 1.2935E-08 1.3281E-08 1.3563E-08 1.3781E-08 1.3920E-08 1.3977E-08 1.3956E-08 1.3841E-08 1.3631E-08 1.3321E-08 1.2913E-08 1.2411E-08 1.1814E-08 1.1128E-08 1.0368E-08
2.4352E-11 3.0601E-11 3.7141E-11 4.5751E-11 5.5285E-11 6.8614E-11 8.8986E-11 1.1485E-10 1.4954E-10 1.8929E-10 2.3875E-10 2.9861E-10 3.6793E-10 4.5145E-10 5.4958E-10 6.6447E-10 7.9909E-10 9.5160E-10 1.1302E-09 1.3371E-09 1.5660E-09 1.8329E-09 2.1296E-09 2.4575E-09 2.8231E-09 3.2264E-09 3.6591E-09 4.1325E-09 4.6364E-09 5.1657E-09 5.7247E-09 6.3065E-09 6.9008E-09 7.5135E-09 8.1321E-09 8.7526E-09 9.3712E-09 9.9784E-09 1.0571E-08 1.1142E-08 1.1683E-08 1.2192E-08 1.2658E-08 1.3078E-08 1.3450E-08 1.3758E-08 1.3998E-08 1.4170E-08 1.4256E-08 1.4251E-08 1.4149E-08 1.3944E-08 1.3634E-08 1.3210E-08 1.2673E-08 1.2033E-08 1.1296E-08
2.1260E-11 2.6841E-11 3.2642E-11 4.0208E-11 4.9935E-11 6.0073E-11 7.8574E-11 1.0158E-10 1.3098E-10 1.6712E-10 2.1207E-10 2.6766E-10 3.3101E-10 4.0732E-10 4.9748E-10 6.0147E-10 7.2407E-10 8.6220E-10 1.0248E-09 1.2140E-09 1.4242E-09 1.6676E-09 1.9410E-09 2.2432E-09 2.5795E-09 2.9529E-09 3.3546E-09 3.7948E-09 4.2659E-09 4.7621E-09 5.2904E-09 5.8421E-09 6.4110E-09 7.0024E-09 7.6045E-09 8.2148E-09 8.8305E-09 9.4431E-09 1.0052E-08 1.0647E-08 1.1227E-08 1.1783E-08 1.2311E-08 1.2808E-08 1.3261E-08 1.3665E-08 1.4017E-08 1.4298E-08 1.4503E-08 1.4622E-08 1.4642E-08 1.4557E-08 1.4349E-08 1.4017E-08 1.3563E-08 1.2985E-08 1.2290E-08
1.8153E-11 2.3141E-11 2.9201E-11 3.5407E-11 4.3821E-11 5.2846E-11 6.6485E-11 8.6577E-11 1.1163E-10 1.4525E-10 1.8586E-10 2.3808E-10 2.9491E-10 3.6337E-10 4.4562E-10 5.3913E-10 6.4912E-10 7.7320E-10 9.2034E-10 1.0919E-09 1.2809E-09 1.5030E-09 1.7518E-09 2.0262E-09 2.3337E-09 2.6769E-09 3.0447E-09 3.4507E-09 3.8883E-09 4.3487E-09 4.8431E-09 5.3632E-09 5.9032E-09 6.4681E-09 7.0505E-09 7.6460E-09 8.2530E-09 8.8670E-09 9.4845E-09 1.0100E-08 1.0712E-08 1.1311E-08 1.1900E-08 1.2465E-08 1.3000E-08 1.3506E-08 1.3961E-08 1.4361E-08 1.4694E-08 1.4944E-08 1.5097E-08 1.5134E-08 1.5050E-08 1.4834E-08 1.4476E-08 1.3976E-08 1.3335E-08
1.5292E-11 1.9678E-11 2.5038E-11 3.1392E-11 3.8026E-11 4.6981E-11 5.6488E-11 7.4079E-11 9.5363E-11 1.2254E-10 1.6040E-10 2.0977E-10 2.5952E-10 3.2194E-10 3.9502E-10 4.7678E-10 5.7574E-10 6.8669E-10 8.1823E-10 9.7072E-10 1.1412E-09 1.3404E-09 1.5644E-09 1.8120E-09 2.0903E-09 2.4014E-09 2.7358E-09 3.1082E-09 3.5088E-09 3.9327E-09 4.3927E-09 4.8781E-09 5.3850E-09 5.9223E-09 6.4798E-09 7.0556E-09 7.6493E-09 8.2594E-09 8.8793E-09 9.5104E-09 1.0146E-08 1.0787E-08 1.1425E-08 1.2054E-08 1.2674E-08 1.3270E-08 1.3833E-08 1.4355E-08 1.4818E-08 1.5203E-08 1.5493E-08 1.5675E-08 1.5729E-08 1.5639E-08 1.5395E-08 1.4988E-08 1.4415E-08
1.2617E-11 1.5671E-11 2.2015E-11 2.6867E-11 3.2653E-11 3.9520E-11 4.8818E-11 6.0579E-11 8.0262E-11 1.0301E-10 1.3260E-10 1.7745E-10 2.2438E-10 2.7997E-10 3.4388E-10 4.1665E-10 5.0569E-10 6.0341E-10 7.1911E-10 8.5514E-10 1.0054E-09 1.1829E-09 1.3830E-09 1.6037E-09 1.8526E-09 2.1329E-09 2.4346E-09 2.7707E-09 3.1356E-09 3.5227E-09 3.9453E-09 4.3951E-09 4.8676E-09 5.3728E-09 5.9021E-09 6.4542E-09 7.0296E-09 7.6294E-09 8.2466E-09 8.8861E-09 9.5404E-09 1.0213E-08 1.0893E-08 1.1584E-08 1.2279E-08 1.2961E-08 1.3631E-08 1.4272E-08 1.4862E-08 1.5387E-08 1.5828E-08 1.6161E-08 1.6363E-08 1.6416E-08 1.6305E-08 1.6009E-08 1.5527E-08
1.0153E-11 1.3550E-11 1.7595E-11 2.2572E-11 2.8523E-11 3.4565E-11 4.0639E-11 5.1258E-11 6.5463E-11 8.6776E-11 1.0939E-10 1.4413E-10 1.8941E-10 2.3991E-10 2.9559E-10 3.6152E-10 4.3922E-10 5.2418E-10 6.2539E-10 7.4414E-10 8.7668E-10 1.0334E-09 1.2095E-09 1.4042E-09 1.6256E-09 1.8752E-09 2.1436E-09 2.4455E-09 2.7746E-09 3.1240E-09 3.5087E-09 3.9228E-09 4.3579E-09 4.8291E-09 5.3277E-09 5.8517E-09 6.4048E-09 6.9878E-09 7.5963E-09 8.2361E-09 8.9022E-09 9.5959E-09 1.0313E-08 1.1057E-08 1.1813E-08 1.2581E-08 1.3351E-08 1.4102E-08 1.4822E-08 1.5490E-08 1.6082E-08 1.6572E-08 1.6934E-08 1.7148E-08 1.7181E-08 1.7016E-08 1.6633E-08
8.6994E-12 1.0897E-11 1.3564E-11 1.8538E-11 2.3860E-11 2.9060E-11 3.5246E-11 4.1320E-11 5.2089E-11 6.8993E-11 8.7501E-11 1.1625E-10 1.5183E-10 1.9584E-10 2.4967E-10 3.0899E-10 3.7675E-10 4.5090E-10 5.3766E-10 6.4145E-10 7.5630E-10 8.9233E-10 1.0462E-09 1.2171E-09 1.4113E-09 1.6311E-09 1.8687E-09 2.1364E-09 2.4298E-09 2.7427E-09 3.0903E-09 3.4665E-09 3.8639E-09 4.3002E-09 4.7641E-09 5.2571E-09 5.7828E-09 6.3442E-09 6.9378E-09 7.5702E-09 8.2402E-09 8.9455E-09 9.6926E-09 1.0475E-08 1.1287E-08 1.2129E-08 1.2985E-08 1.3844E-08 1.4688E-08 1.5496E-08 1.6240E-08 1.6894E-08 1.7431E-08 1.7809E-08 1.8000E-08 1.7972E-08 1.7714E-08
7.3783E-12 8.5290E-12 1.0735E-11 1.4328E-11 1.8683E-11 2.4148E-11 3.0293E-11 3.5473E-11 4.1214E-11 5.3268E-11 6.9493E-11 9.0676E-11 1.1970E-10 1.5590E-10 2.0168E-10 2.5715E-10 3.1818E-10 3.8287E-10 4.5784E-10 5.4682E-10 6.4463E-10 7.6242E-10 8.9530E-10 1.0430E-09 1.2122E-09 1.4042E-09 1.6112E-09 1.8468E-09 2.1059E-09 2.3834E-09 2.6937E-09 3.0331E-09 3.3923E-09 3.7912E-09 4.2205E-09 4.6773E-09 5.1738E-09 5.7068E-09 6.2795E-09 6.8991E-09 7.5622E-09 8.2731E-09 9.0362E-09 9.8450E-09 1.0704E-08 1.1605E-08 1.2540E-08 1.3494E-08 1.4455E-08 1.5395E-08 1.6290E-08 1.7114E-08 1.7818E-08 1.8370E-08 1.8730E-08 1.8862E-08 1.8737E-08
5.3913E-12 7.1568E-12 8.2546E-12 1.0441E-11 1.4096E-11 1.9496E-11 2.4842E-11 2.9961E-11 3.4749E-11 3.9889E-11 5.0173E-11 6.7961E-11 9.2016E-11 1.2415E-10 1.5609E-10 2.0383E-10 2.6183E-10 3.2190E-10 3.8511E-10 4.6024E-10 5.4339E-10 6.4429E-10 7.5797E-10 8.8500E-10 1.0296E-09 1.1949E-09 1.3744E-09 1.5797E-09 1.8054E-09 2.0496E-09 2.3246E-09 2.6268E-09 2.9476E-09 3.3100E-09 3.7007E-09 4.1215E-09 4.5832E-09 5.0855E-09 5.6322E-09 6.2296E-09 6.8777E-09 7.5847E-09 8.3522E-09 9.1781E-09 1.0070E-08 1.1015E-08 1.2011E-08 1.3054E-08 1.4115E-08 1.5181E-08 1.6226E-08 1.7202E-08 1.8080E-08 1.8809E-08 1.9343E-08 1.9641E-08 1.9667E-08
0.0000E+00 2.9076E-12 6.6661E-12 7.8780E-12 1.0018E-11 1.4618E-11 1.8154E-11 2.3587E-11 2.8202E-11 3.2159E-11 3.6513E-11 4.5811E-11 6.5775E-11 9.1641E-11 1.2429E-10 1.5541E-10 1.9766E-10 2.6021E-10 3.2066E-10 3.8413E-10 4.5389E-10 5.3879E-10 6.3509E-10 7.4241E-10 8.6467E-10 1.0064E-09 1.1592E-09 1.3368E-09 1.5315E-09 1.7442E-09 1.9845E-09 2.2509E-09 2.5354E-09 2.8587E-09 3.2121E-09 3.5951E-09 4.0197E-09 4.4877E-09 5.0014E-09 5.5715E-09 6.1967E-09 6.8908E-09 7.6488E-09 8.4808E-09 9.3869E-09 1.0362E-08 1.1414E-08 1.2519E-08 1.3670E-08 1.4851E-08 1.6020E-08 1.7151E-08 1.8191E-08 1.9093E-08 1.9806E-08 2.0282E-08 2.0477E-08
0.0000E+00 0.0000E+00 0.0000E+00 4.4807E-12 7.2837E-12 8.7641E-12 1.3719E-11 1.6169E-11 2.2302E-11 2.5586E-11 2.9074E-11 3.2550E-11 3.9987E-11 6.0836E-11 9.0567E-11 1.1867E-10 1.5305E-10 1.9082E-10 2.5715E-10 3.1464E-10 3.7404E-10 4.4449E-10 5.2564E-10 6.1428E-10 7.1742E-10 8.3650E-10 9.6733E-10 1.1184E-09 1.2853E-09 1.4678E-09 1.6758E-09 1.9084E-09 2.1560E-09 2.4427E-09 2.7587E-09 3.1027E-09 3.4894E-09 3.9192E-09 4.3959E-09 4.9332E-09 5.5271E-09 6.1973E-09 6.9381E-09 7.7633E-09 8.6683E-09 9.6619E-09 1.0740E-08 1.1896E-08 1.3121E-08 1.4392E-08 1.5678E-08 1.6939E-08 1.8133E-08 1.9205E-08 2.0097E-08 2.0755E-08 2.1120E-08
0.0000E+00 0.0000E+00 0.0000E+00 0.0000E+00 0.0000E+00 4.8213E-12 7.6631E-12 1.1802E-11 1.4923E-11 1.9815E-11 2.2637E-11 2.5559E-11 2.8422E-11 3.5829E-11 5.3238E-11 8.3317E-11 1.1387E-10 1.5093E-10 1.8357E-10 2.4631E-10 3.0454E-10 3.6251E-10 4.2892E-10 5.0330E-10 5.8850E-10 6.8808E-10 7.9726E-10 9.2493E-10 1.0662E-09 1.2211E-09 1.3986E-09 1.5979E-09 1.8124E-09 2.0649E-09 2.3428E-09 2.6492E-09 2.9952E-09 3.3850E-09 3.8226E-09 4.3200E-09 4.8801E-09 5.5155E-09 6.2295E-09 7.0306E-09 7.9228E-09 8.9159E-09 1.0009E-08 1.1196E-08 1.2467E-08 1.3807E-08 1.5182E-08 1.6561E-08 1.7895E-08 1.9123E-08 2.0190E-08 2.1026E-08 2.1580E-08
