Assets/Resources/2015_m01_d20_1900(utc+0800)_l00_csi_1hr_conc.grd
DSAA
         159         159
     -79.000      79.000
     -79.000      79.000
  0.6650E-10  0.3053E-04
[rows 0 to 24 of 159, columns 57 to 113 of 159]
1.5060E-09 1.4997E-09 1.4966E-09 1.4890E-09 1.4809E-09 1.4721E-09 1.4627E-09 1.4538E-09 1.4432E-09 1.4321E-09 1.4204E-09 1.4081E-09 1.3953E-09 1.3829E-09 1.3690E-09 1.3545E-09 1.3395E-09 1.3240E-09 1.3080E-09 1.2915E-09 1.2745E-09 1.2571E-09 1.2393E-09 1.2210E-09 1.2024E-09 1.1834E-09 1.1641E-09 1.1444E-09 1.1245E-09 1.1043E-09 1.0839E-09 1.0632E-09 1.0424E-09 1.0215E-09 1.0005E-09 9.7880E-10 9.5806E-10 9.3775E-10 9.1776E-10 8.9773E-10 8.7943E-10 8.6158E-10 8.4395E-10 8.2373E-10 8.0667E-10 7.8980E-10 7.7037E-10 7.5403E-10 7.3784E-10 7.2003E-10 7.0430E-10 6.8872E-10 6.7332E-10 6.5636E-10 6.4144E-10 6.2671E-10 6.1045E-10
1.5390E-09 1.5340E-09 1.5272E-09 1.5197E-09 1.5125E-09 1.5037E-09 1.4955E-09 1.4855E-09 1.4749E-09 1.4636E-09 1.4518E-09 1.4394E-09 1.4265E-09 1.4139E-09 1.3997E-09 1.3851E-09 1.3698E-09 1.3541E-09 1.3378E-09 1.3210E-09 1.3038E-09 1.2861E-09 1.2679E-09 1.2493E-09 1.2303E-09 1.2109E-09 1.1912E-09 1.1712E-09 1.1508E-09 1.1302E-09 1.1093E-09 1.0882E-09 1.0669E-09 1.0447E-09 1.0232E-09 1.0018E-09 9.7986E-10 9.5916E-10 9.3914E-10 9.1974E-10 8.9949E-10 8.8120E-10 8.6310E-10 8.4520E-10 8.2471E-10 8.0739E-10 7.9026E-10 7.7055E-10 7.5393E-10 7.3748E-10 7.1941E-10 7.0343E-10 6.8762E-10 6.7154E-10 6.5482E-10 6.3971E-10 6.2478E-10
1.5711E-09 1.5663E-09 1.5594E-09 1.5519E-09 1.5438E-09 1.5361E-09 1.5267E-09 1.5166E-09 1.5060E-09 1.4947E-09 1.4828E-09 1.4712E-09 1.4581E-09 1.4444E-09 1.4302E-09 1.4153E-09 1.3999E-09 1.3839E-09 1.3674E-09 1.3504E-09 1.3329E-09 1.3149E-09 1.2964E-09 1.2775E-09 1.2581E-09 1.2384E-09 1.2183E-09 1.1979E-09 1.1771E-09 1.1560E-09 1.1343E-09 1.1128E-09 1.0910E-09 1.0691E-09 1.0468E-09 1.0249E-09 1.0032E-09 9.8098E-10 9.6055E-10 9.4073E-10 9.2147E-10 9.0119E-10 8.8263E-10 8.6425E-10 8.4608E-10 8.2532E-10 8.0773E-10 7.9031E-10 7.7031E-10 7.5342E-10 7.3671E-10 7.1838E-10 7.0215E-10 6.8612E-10 6.6936E-10 6.5291E-10 6.3760E-10
1.6038E-09 1.5978E-09 1.5910E-09 1.5847E-09 1.5765E-09 1.5677E-09 1.5583E-09 1.5482E-09 1.5375E-09 1.5271E-09 1.5162E-09 1.5035E-09 1.4903E-09 1.4764E-09 1.4620E-09 1.4469E-09 1.4313E-09 1.4151E-09 1.3983E-09 1.3811E-09 1.3632E-09 1.3449E-09 1.3261E-09 1.3069E-09 1.2872E-09 1.2670E-09 1.2461E-09 1.2252E-09 1.2040E-09 1.1825E-09 1.1608E-09 1.1388E-09 1.1165E-09 1.0941E-09 1.0709E-09 1.0485E-09 1.0264E-09 1.0048E-09 9.8238E-10 9.6213E-10 9.4244E-10 9.2311E-10 9.0251E-10 8.8367E-10 8.6502E-10 8.4583E-10 8.2552E-10 8.0764E-10 7.8993E-10 7.6964E-10 7.5248E-10 7.3456E-10 7.1693E-10 7.0048E-10 6.8422E-10 6.6632E-10 6.5061E-10
1.6368E-09 1.6308E-09 1.6241E-09 1.6166E-09 1.6097E-09 1.6009E-09 1.5915E-09 1.5814E-09 1.5717E-09 1.5602E-09 1.5482E-09 1.5354E-09 1.5221E-09 1.5081E-09 1.4935E-09 1.4783E-09 1.4625E-09 1.4461E-09 1.4291E-09 1.4115E-09 1.3935E-09 1.3749E-09 1.3558E-09 1.3362E-09 1.3161E-09 1.2956E-09 1.2747E-09 1.2535E-09 1.2319E-09 1.2099E-09 1.1877E-09 1.1652E-09 1.1421E-09 1.1192E-09 1.0962E-09 1.0722E-09 1.0496E-09 1.0276E-09 1.0062E-09 9.8395E-10 9.6381E-10 9.4398E-10 9.2434E-10 9.0345E-10 8.8432E-10 8.6538E-10 8.4363E-10 8.2528E-10 8.0710E-10 7.8763E-10 7.6852E-10 7.5110E-10 7.3195E-10 7.1507E-10 6.9838E-10 6.8192E-10 6.6382E-10
1.6692E-09 1.6633E-09 1.6579E-09 1.6504E-09 1.6423E-09 1.6335E-09 1.6251E-09 1.6150E-09 1.6042E-09 1.5927E-09 1.5806E-09 1.5678E-09 1.5543E-09 1.5402E-09 1.5255E-09 1.5110E-09 1.4950E-09 1.4783E-09 1.4611E-09 1.4433E-09 1.4249E-09 1.4060E-09 1.3866E-09 1.3666E-09 1.3462E-09 1.3253E-09 1.3040E-09 1.2823E-09 1.2603E-09 1.2379E-09 1.2151E-09 1.1921E-09 1.1677E-09 1.1443E-09 1.1209E-09 1.0975E-09 1.0733E-09 1.0508E-09 1.0290E-09 1.0078E-09 9.8558E-10 9.6525E-10 9.4511E-10 9.2517E-10 9.0397E-10 8.8455E-10 8.6531E-10 8.4324E-10 8.2458E-10 8.0610E-10 7.8484E-10 7.6696E-10 7.4928E-10 7.2989E-10 7.1278E-10 6.9588E-10 6.7873E-10
1.7032E-09 1.6973E-09 1.6907E-09 1.6834E-09 1.6753E-09 1.6666E-09 1.6571E-09 1.6482E-09 1.6373E-09 1.6270E-09 1.6148E-09 1.6019E-09 1.5883E-09 1.5749E-09 1.5600E-09 1.5444E-09 1.5281E-09 1.5113E-09 1.4938E-09 1.4757E-09 1.4570E-09 1.4378E-09 1.4180E-09 1.3977E-09 1.3762E-09 1.3550E-09 1.3333E-09 1.3112E-09 1.2882E-09 1.2654E-09 1.2422E-09 1.2188E-09 1.1950E-09 1.1704E-09 1.1464E-09 1.1226E-09 1.0990E-09 1.0745E-09 1.0522E-09 1.0305E-09 1.0093E-09 9.8692E-10 9.6627E-10 9.4582E-10 9.2479E-10 9.0407E-10 8.8433E-10 8.6477E-10 8.4237E-10 8.2341E-10 8.0463E-10 7.8309E-10 7.6495E-10 7.4702E-10 7.2740E-10 7.1006E-10 6.9296E-10
1.7366E-09 1.7322E-09 1.7257E-09 1.7183E-09 1.7115E-09 1.7027E-09 1.6932E-09 1.6831E-09 1.6722E-09 1.6606E-09 1.6483E-09 1.6353E-09 1.6216E-09 1.6073E-09 1.5922E-09 1.5765E-09 1.5601E-09 1.5430E-09 1.5253E-09 1.5070E-09 1.4881E-09 1.4686E-09 1.4486E-09 1.4280E-09 1.4068E-09 1.3852E-09 1.3631E-09 1.3406E-09 1.3177E-09 1.2944E-09 1.2702E-09 1.2463E-09 1.2221E-09 1.1977E-09 1.1720E-09 1.1477E-09 1.1237E-09 1.1002E-09 1.0759E-09 1.0537E-09 1.0320E-09 1.0102E-09 9.8782E-10 9.6685E-10 9.4609E-10 9.2395E-10 9.0369E-10 8.8362E-10 8.6373E-10 8.4101E-10 8.2174E-10 8.0268E-10 7.8087E-10 7.6248E-10 7.4380E-10 7.2447E-10 7.0693E-10
1.7717E-09 1.7660E-09 1.7596E-09 1.7523E-09 1.7443E-09 1.7371E-09 1.7276E-09 1.7174E-09 1.7065E-09 1.6949E-09 1.6836E-09 1.6705E-09 1.6567E-09 1.6422E-09 1.6270E-09 1.6111E-09 1.5944E-09 1.5772E-09 1.5592E-09 1.5406E-09 1.5214E-09 1.5016E-09 1.4812E-09 1.4602E-09 1.4387E-09 1.4167E-09 1.3942E-09 1.3712E-09 1.3478E-09 1.3240E-09 1.2994E-09 1.2744E-09 1.2497E-09 1.2248E-09 1.1998E-09 1.1733E-09 1.1488E-09 1.1249E-09 1.1016E-09 1.0774E-09 1.0552E-09 1.0332E-09 1.0098E-09 9.8827E-10 9.6698E-10 9.4589E-10 9.2341E-10 9.0281E-10 8.8240E-10 8.6138E-10 8.3915E-10 8.1959E-10 7.9947E-10 7.7819E-10 7.5955E-10 7.4014E-10 7.2110E-10
1.8062E-09 1.8006E-09 1.7942E-09 1.7883E-09 1.7804E-09 1.7717E-09 1.7623E-09 1.7521E-09 1.7412E-09 1.7296E-09 1.7172E-09 1.7040E-09 1.6902E-09 1.6768E-09 1.6614E-09 1.6453E-09 1.6285E-09 1.6111E-09 1.5929E-09 1.5741E-09 1.5546E-09 1.5345E-09 1.5137E-09 1.4924E-09 1.4706E-09 1.4482E-09 1.4245E-09 1.4012E-09 1.3774E-09 1.3532E-09 1.3286E-09 1.3036E-09 1.2774E-09 1.2520E-09 1.2265E-09 1.2010E-09 1.1745E-09 1.1501E-09 1.1263E-09 1.1031E-09 1.0787E-09 1.0562E-09 1.0338E-09 1.0101E-09 9.8827E-10 9.6664E-10 9.4519E-10 9.2236E-10 9.0141E-10 8.8066E-10 8.5769E-10 8.3679E-10 8.1695E-10 7.9577E-10 7.7503E-10 7.5615E-10 7.3549E-10
1.8408E-09 1.8354E-09 1.8291E-09 1.8220E-09 1.8157E-09 1.8071E-09 1.7977E-09 1.7888E-09 1.7779E-09 1.7662E-09 1.7537E-09 1.7405E-09 1.7265E-09 1.7117E-09 1.6962E-09 1.6800E-09 1.6630E-09 1.6453E-09 1.6269E-09 1.6079E-09 1.5881E-09 1.5677E-09 1.5467E-09 1.5244E-09 1.5022E-09 1.4794E-09 1.4562E-09 1.4324E-09 1.4081E-09 1.3835E-09 1.3584E-09 1.3329E-09 1.3071E-09 1.2796E-09 1.2536E-09 1.2277E-09 1.2022E-09 1.1758E-09 1.1515E-09 1.1277E-09 1.1036E-09 1.0797E-09 1.0567E-09 1.0340E-09 1.0099E-09 9.8777E-10 9.6577E-10 9.4354E-10 9.2076E-10 8.9947E-10 8.7838E-10 8.5429E-10 8.3393E-10 8.1381E-10 7.9076E-10 7.7140E-10 7.5230E-10
1.8778E-09 1.8725E-09 1.8662E-09 1.8592E-09 1.8514E-09 1.8428E-09 1.8335E-09 1.8233E-09 1.8124E-09 1.8022E-09 1.7897E-09 1.7764E-09 1.7623E-09 1.7475E-09 1.7318E-09 1.7154E-09 1.6983E-09 1.6804E-09 1.6618E-09 1.6425E-09 1.6225E-09 1.6018E-09 1.5804E-09 1.5585E-09 1.5359E-09 1.5127E-09 1.4890E-09 1.4648E-09 1.4400E-09 1.4143E-09 1.3888E-09 1.3628E-09 1.3365E-09 1.3094E-09 1.2813E-09 1.2549E-09 1.2290E-09 1.2035E-09 1.1771E-09 1.1529E-09 1.1289E-09 1.1035E-09 1.0801E-09 1.0568E-09 1.0337E-09 1.0093E-09 9.8672E-10 9.6434E-10 9.4132E-10 9.1862E-10 8.9699E-10 8.7558E-10 8.5120E-10 8.3055E-10 8.1016E-10 7.8688E-10 7.6729E-10
1.9120E-09 1.9068E-09 1.9025E-09 1.8955E-09 1.8893E-09 1.8808E-09 1.8714E-09 1.8613E-09 1.8504E-09 1.8386E-09 1.8261E-09 1.8127E-09 1.7985E-09 1.7836E-09 1.7678E-09 1.7513E-09 1.7340E-09 1.7159E-09 1.6971E-09 1.6775E-09 1.6572E-09 1.6363E-09 1.6146E-09 1.5923E-09 1.5693E-09 1.5458E-09 1.5217E-09 1.4970E-09 1.4718E-09 1.4451E-09 1.4191E-09 1.3926E-09 1.3658E-09 1.3388E-09 1.3095E-09 1.2826E-09 1.2562E-09 1.2303E-09 1.2045E-09 1.1784E-09 1.1539E-09 1.1296E-09 1.1038E-09 1.0800E-09 1.0564E-09 1.0325E-09 1.0081E-09 9.8511E-10 9.6235E-10 9.3854E-10 9.1592E-10 8.9395E-10 8.7139E-10 8.4758E-10 8.2666E-10 8.0519E-10 7.8252E-10
1.9501E-09 1.9450E-09 1.9390E-09 1.9322E-09 1.9245E-09 1.9161E-09 1.9069E-09 1.8968E-09 1.8859E-09 1.8742E-09 1.8616E-09 1.8496E-09 1.8353E-09 1.8203E-09 1.8044E-09 1.7877E-09 1.7703E-09 1.7520E-09 1.7330E-09 1.7132E-09 1.6926E-09 1.6713E-09 1.6494E-09 1.6267E-09 1.6034E-09 1.5788E-09 1.5543E-09 1.5292E-09 1.5036E-09 1.4775E-09 1.4499E-09 1.4230E-09 1.3957E-09 1.3681E-09 1.3405E-09 1.3108E-09 1.2839E-09 1.2575E-09 1.2316E-09 1.2045E-09 1.1794E-09 1.1545E-09 1.1298E-09 1.1036E-09 1.0794E-09 1.0553E-09 1.0306E-09 1.0062E-09 9.8290E-10 9.5977E-10 9.3518E-10 9.1265E-10 8.9036E-10 8.6665E-10 8.4343E-10 8.2225E-10 7.9971E-10
1.9867E-09 1.9817E-09 1.9776E-09 1.9708E-09 1.9633E-09 1.9549E-09 1.9456E-09 1.9356E-09 1.9247E-09 1.9129E-09 1.9003E-09 1.8868E-09 1.8725E-09 1.8574E-09 1.8414E-09 1.8246E-09 1.8069E-09 1.7885E-09 1.7692E-09 1.7492E-09 1.7284E-09 1.7069E-09 1.6846E-09 1.6616E-09 1.6379E-09 1.6136E-09 1.5887E-09 1.5627E-09 1.5366E-09 1.5100E-09 1.4830E-09 1.4538E-09 1.4260E-09 1.3980E-09 1.3699E-09 1.3419E-09 1.3121E-09 1.2852E-09 1.2588E-09 1.2328E-09 1.2054E-09 1.1799E-09 1.1545E-09 1.1294E-09 1.1028E-09 1.0782E-09 1.0537E-09 1.0278E-09 1.0038E-09 9.8010E-10 9.5661E-10 9.3168E-10 9.0881E-10 8.8622E-10 8.6136E-10 8.3875E-10 8.1733E-10
2.0240E-09 2.0192E-09 2.0134E-09 2.0068E-09 1.9994E-09 1.9911E-09 1.9835E-09 1.9734E-09 1.9641E-09 1.9523E-09 1.9397E-09 1.9261E-09 1.9117E-09 1.8964E-09 1.8803E-09 1.8633E-09 1.8455E-09 1.8268E-09 1.8073E-09 1.7870E-09 1.7659E-09 1.7440E-09 1.7214E-09 1.6980E-09 1.6740E-09 1.6486E-09 1.6233E-09 1.5973E-09 1.5702E-09 1.5432E-09 1.5156E-09 1.4876E-09 1.4569E-09 1.4284E-09 1.3998E-09 1.3713E-09 1.3432E-09 1.3134E-09 1.2865E-09 1.2599E-09 1.2336E-09 1.2057E-09 1.1797E-09 1.1540E-09 1.1276E-09 1.1015E-09 1.0764E-09 1.0515E-09 1.0251E-09 1.0008E-09 9.7670E-10 9.5196E-10 9.2759E-10 9.0441E-10 8.8152E-10 8.5553E-10 8.3355E-10
2.0616E-09 2.0588E-09 2.0532E-09 2.0489E-09 2.0415E-09 2.0332E-09 2.0241E-09 2.0140E-09 2.0031E-09 1.9913E-09 1.9786E-09 1.9650E-09 1.9505E-09 1.9352E-09 1.9189E-09 1.9018E-09 1.8837E-09 1.8649E-09 1.8451E-09 1.8246E-09 1.8032E-09 1.7810E-09 1.7571E-09 1.7334E-09 1.7091E-09 1.6840E-09 1.6582E-09 1.6319E-09 1.6049E-09 1.5762E-09 1.5482E-09 1.5197E-09 1.4907E-09 1.4593E-09 1.4302E-09 1.4012E-09 1.3727E-09 1.3446E-09 1.3147E-09 1.2876E-09 1.2606E-09 1.2338E-09 1.2054E-09 1.1791E-09 1.1529E-09 1.1256E-09 1.0995E-09 1.0740E-09 1.0482E-09 1.0219E-09 9.9716E-10 9.7269E-10 9.4715E-10 9.2291E-10 8.9943E-10 8.7537E-10 8.5003E-10
2.1024E-09 2.0978E-09 2.0923E-09 2.0876E-09 2.0803E-09 2.0722E-09 2.0631E-09 2.0531E-09 2.0423E-09 2.0305E-09 2.0178E-09 2.0042E-09 1.9896E-09 1.9742E-09 1.9578E-09 1.9405E-09 1.9224E-09 1.9033E-09 1.8834E-09 1.8626E-09 1.8410E-09 1.8185E-09 1.7953E-09 1.7712E-09 1.7464E-09 1.7209E-09 1.6939E-09 1.6671E-09 1.6396E-09 1.6098E-09 1.5813E-09 1.5523E-09 1.5229E-09 1.4932E-09 1.4611E-09 1.4317E-09 1.4026E-09 1.3740E-09 1.3458E-09 1.3157E-09 1.2881E-09 1.2606E-09 1.2329E-09 1.2046E-09 1.1778E-09 1.1512E-09 1.1229E-09 1.0968E-09 1.0709E-09 1.0443E-09 1.0180E-09 9.9289E-10 9.6806E-10 9.4173E-10 9.1765E-10 8.9387E-10 8.6865E-10
2.1437E-09 2.1392E-09 2.1338E-09 2.1275E-09 2.1225E-09 2.1143E-09 2.1053E-09 2.0953E-09 2.0844E-09 2.0725E-09 2.0612E-09 2.0474E-09 2.0327E-09 2.0171E-09 2.0005E-09 1.9830E-09 1.9645E-09 1.9452E-09 1.9249E-09 1.9026E-09 1.8807E-09 1.8579E-09 1.8343E-09 1.8098E-09 1.7846E-09 1.7586E-09 1.7319E-09 1.7022E-09 1.6743E-09 1.6458E-09 1.6150E-09 1.5855E-09 1.5556E-09 1.5254E-09 1.4950E-09 1.4627E-09 1.4331E-09 1.4039E-09 1.3752E-09 1.3455E-09 1.3161E-09 1.2880E-09 1.2601E-09 1.2315E-09 1.2031E-09 1.1759E-09 1.1488E-09 1.1201E-09 1.0935E-09 1.0671E-09 1.0396E-09 1.0134E-09 9.8799E-10 9.6235E-10 9.3618E-10 9.1179E-10 8.8774E-10
2.1836E-09 2.1793E-09 2.1759E-09 2.1711E-09 2.1640E-09 2.1559E-09 2.1469E-09 2.1392E-09 2.1282E-09 2.1163E-09 2.1034E-09 2.0896E-09 2.0747E-09 2.0589E-09 2.0422E-09 2.0245E-09 2.0058E-09 1.9854E-09 1.9650E-09 1.9436E-09 1.9213E-09 1.8981E-09 1.8741E-09 1.8492E-09 1.8227E-09 1.7953E-09 1.7682E-09 1.7387E-09 1.7103E-09 1.6813E-09 1.6518E-09 1.6193E-09 1.5888E-09 1.5581E-09 1.5273E-09 1.4954E-09 1.4641E-09 1.4344E-09 1.4051E-09 1.3760E-09 1.3446E-09 1.3159E-09 1.2873E-09 1.2589E-09 1.2289E-09 1.2010E-09 1.1732E-09 1.1452E-09 1.1165E-09 1.0895E-09 1.0627E-09 1.0344E-09 1.0083E-09 9.8245E-10 9.5601E-10 9.3002E-10 9.0535E-10
2.2310E-09 2.2292E-09 2.2239E-09 2.2177E-09 2.2105E-09 2.2024E-09 2.1933E-09 2.1832E-09 2.1722E-09 2.1602E-09 2.1471E-09 2.1331E-09 2.1181E-09 2.1022E-09 2.0852E-09 2.0672E-09 2.0483E-09 2.0278E-09 2.0070E-09 1.9852E-09 1.9626E-09 1.9385E-09 1.9135E-09 1.8882E-09 1.8622E-09 1.8336E-09 1.8061E-09 1.7779E-09 1.7462E-09 1.7168E-09 1.6867E-09 1.6561E-09 1.6226E-09 1.5914E-09 1.5601E-09 1.5289E-09 1.4957E-09 1.4654E-09 1.4355E-09 1.4058E-09 1.3761E-09 1.3442E-09 1.3150E-09 1.2860E-09 1.2571E-09 1.2266E-09 1.1982E-09 1.1699E-09 1.1409E-09 1.1123E-09 1.0848E-09 1.0571E-09 1.0289E-09 1.0024E-09 9.7627E-10 9.4905E-10 9.2326E-10
2.2753E-09 2.2711E-09 2.2675E-09 2.2613E-09 2.2569E-09 2.2487E-09 2.2396E-09 2.2294E-09 2.2205E-09 2.2083E-09 2.1950E-09 2.1808E-09 2.1655E-09 2.1492E-09 2.1319E-09 2.1136E-09 2.0943E-09 2.0736E-09 2.0516E-09 2.0294E-09 2.0057E-09 1.9799E-09 1.9551E-09 1.9283E-09 1.9018E-09 1.8745E-09 1.8447E-09 1.8160E-09 1.7866E-09 1.7528E-09 1.7223E-09 1.6912E-09 1.6596E-09 1.6253E-09 1.5934E-09 1.5618E-09 1.5304E-09 1.4970E-09 1.4665E-09 1.4361E-09 1.4059E-09 1.3757E-09 1.3432E-09 1.3135E-09 1.2840E-09 1.2541E-09 1.2236E-09 1.1946E-09 1.1659E-09 1.1355E-09 1.1073E-09 1.0795E-09 1.0509E-09 1.0228E-09 9.9595E-10 9.6946E-10 9.4147E-10
2.3262E-09 2.3220E-09 2.3167E-09 2.3105E-09 2.3034E-09 2.2952E-09 2.2860E-09 2.2758E-09 2.2660E-09 2.2537E-09 2.2403E-09 2.2259E-09 2.2105E-09 2.1940E-09 2.1759E-09 2.1569E-09 2.1374E-09 2.1169E-09 2.0940E-09 2.0715E-09 2.0468E-09 2.0226E-09 1.9961E-09 1.9701E-09 1.9419E-09 1.9143E-09 1.8857E-09 1.8538E-09 1.8239E-09 1.7933E-09 1.7584E-09 1.7268E-09 1.6947E-09 1.6622E-09 1.6273E-09 1.5952E-09 1.5633E-09 1.5317E-09 1.4980E-09 1.4670E-09 1.4361E-09 1.4052E-09 1.3739E-09 1.3416E-09 1.3114E-09 1.2813E-09 1.2504E-09 1.2198E-09 1.1903E-09 1.1611E-09 1.1302E-09 1.1017E-09 1.0734E-09 1.0440E-09 1.0160E-09 9.8881E-10 9.6103E-10
2.3713E-09 2.3700E-09 2.3648E-09 2.3586E-09 2.3541E-09 2.3458E-09 2.3365E-09 2.3261E-09 2.3147E-09 2.3022E-09 2.2879E-09 2.2733E-09 2.2572E-09 2.2405E-09 2.2227E-09 2.2039E-09 2.1836E-09 2.1627E-09 2.1408E-09 2.1162E-09 2.0924E-09 2.0663E-09 2.0407E-09 2.0122E-09 1.9848E-09 1.9547E-09 1.9258E-09 1.8950E-09 1.8619E-09 1.8308E-09 1.7991E-09 1.7630E-09 1.7304E-09 1.6974E-09 1.6637E-09 1.6291E-09 1.5967E-09 1.5646E-09 1.5327E-09 1.4984E-09 1.4668E-09 1.4353E-09 1.4040E-09 1.3714E-09 1.3392E-09 1.3084E-09 1.2778E-09 1.2459E-09 1.2152E-09 1.1853E-09 1.1546E-09 1.1243E-09 1.0953E-09 1.0666E-09 1.0363E-09 1.0085E-09 9.8101E-10
2.4208E-09 2.4167E-09 2.4116E-09 2.4055E-09 2.4002E-09 2.3919E-09 2.3842E-09 2.3738E-09 2.3623E-09 2.3491E-09 2.3355E-09 2.3208E-09 2.3049E-09 2.2880E-09 2.2700E-09 2.2504E-09 2.2303E-09 2.2081E-09 2.1859E-09 2.1626E-09 2.1360E-09 2.1109E-09 2.0828E-09 2.0559E-09 2.0261E-09 1.9968E-09 1.9655E-09 1.9353E-09 1.9004E-09 1.8689E-09 1.8367E-09 1.8038E-09 1.7667E-09 1.7332E-09 1.6996E-09 1.6643E-09 1.6307E-09 1.5980E-09 1.5655E-09 1.5323E-09 1.4981E-09 1.4659E-09 1.4339E-09 1.4020E-09 1.3675E-09 1.3361E-09 1.3047E-09 1.2735E-09 1.2405E-09 1.2099E-09 1.1795E-09 1.1478E-09 1.1176E-09 1.0882E-09 1.0581E-09 1.0285E-09 1.0003E-09
