Assets/Resources/2015_m01_d01_0600(utc+0800)_l00_csi_1hr_conc.grd
DSAA
         159         159
     -79.000      79.000
     -79.000      79.000
  0.0000E+00  0.8366E-05
[rows 25 to 49 of 159, columns 57 to 113 of 159]
0.0000E+00 0.0000E+00 0.0000E+00 0.0000E+00 0.0000E+00 0.0000E+00 0.0000E+00 0.0000E+00 0.0000E+00 0.0000E+00 0.0000E+00 0.0000E+00 0.0000E+00 0.0000E+00 0.0000E+00 0.0000E+00 0.0000E+00 0.0000E+00 0.0000E+00 0.0000E+00 0.0000E+00 0.0000E+00 0.0000E+00 0.0000E+00 0.0000E+00 0.0000E+00 0.0000E+00 0.0000E+00 1.9736E-13 1.8794E-11 5.4558E-11 1.1927E-10 2.2250E-10 3.9617E-10 6.7020E-10 1.0643E-09 1.6220E-09 2.3857E-09 3.4400E-09 4.7256E-09 6.2875E-09 8.1406E-09 1.0331E-08 1.2847E-08 1.5667E-08 1.8748E-08 2.2030E-08 2.5426E-08 2.8825E-08 3.2111E-08 3.5143E-08 3.7788E-08 3.9908E-08 4.1397E-08 4.2181E-08 4.2216E-08 4.1510E-08
0.0000E+00 0.0000E+00 0.0000E+00 0.0000E+00 0.0000E+00 0.0000E+00 0.0000E+00 0.0000E+00 0.0000E+00 0.0000E+00 0.0000E+00 0.0000E+00 0.0000E+00 0.0000E+00 0.0000E+00 0.0000E+00 0.0000E+00 0.0000E+00 0.0000E+00 0.0000E+00 0.0000E+00 0.0000E+00 0.0000E+00 0.0000E+00 0.0000E+00 0.0000E+00 0.0000E+00 0.0000E+00 9.5777E-12 4.0231E-11 9.4851E-11 1.8121E-10 3.1398E-10 5.3008E-10 8.5868E-10 1.3272E-09 1.9774E-09 2.8315E-09 4.0152E-09 5.4448E-09 7.1449E-09 9.1449E-09 1.1465E-08 1.4107E-08 1.7035E-08 2.0198E-08 2.3527E-08 2.6928E-08 3.0294E-08 3.3497E-08 3.6396E-08 3.8853E-08 4.0763E-08 4.2001E-08 4.2511E-08 4.2267E-08 4.1272E-08
0.0000E+00 0.0000E+00 0.0000E+00 0.0000E+00 0.0000E+00 0.0000E+00 0.0000E+00 0.0000E+00 0.0000E+00 0.0000E+00 0.0000E+00 0.0000E+00 0.0000E+00 0.0000E+00 0.0000E+00 0.0000E+00 0.0000E+00 0.0000E+00 0.0000E+00 0.0000E+00 0.0000E+00 0.0000E+00 0.0000E+00 0.0000E+00 0.0000E+00 0.0000E+00 0.0000E+00 0.0000E+00 2.4902E-11 7.2063E-11 1.4499E-10 2.6467E-10 4.3888E-10 6.9996E-10 1.1048E-09 1.6606E-09 2.4092E-09 3.3906E-09 4.6964E-09 6.2664E-09 8.1141E-09 1.0259E-08 1.2717E-08 1.5470E-08 1.8481E-08 2.1692E-08 2.5023E-08 2.8380E-08 3.1655E-08 3.4708E-08 3.7421E-08 3.9660E-08 4.1295E-08 4.2250E-08 4.2467E-08 4.1925E-08 4.0661E-08
0.0000E+00 0.0000E+00 0.0000E+00 0.0000E+00 0.0000E+00 0.0000E+00 0.0000E+00 0.0000E+00 0.0000E+00 0.0000E+00 0.0000E+00 0.0000E+00 0.0000E+00 0.0000E+00 0.0000E+00 0.0000E+00 0.0000E+00 0.0000E+00 0.0000E+00 0.0000E+00 0.0000E+00 0.0000E+00 0.0000E+00 0.0000E+00 0.0000E+00 0.0000E+00 0.0000E+00 6.1876E-12 4.5820E-11 1.1427E-10 2.1403E-10 3.6996E-10 6.0024E-10 9.2120E-10 1.3981E-09 2.0593E-09 2.9300E-09 4.0519E-09 5.4946E-09 7.2214E-09 9.2146E-09 1.1502E-08 1.4074E-08 1.6919E-08 1.9981E-08 2.3194E-08 2.6481E-08 2.9741E-08 3.2860E-08 3.5721E-08 3.8185E-08 4.0138E-08 4.1483E-08 4.2121E-08 4.2021E-08 4.1187E-08 3.9650E-08
0.0000E+00 0.0000E+00 0.0000E+00 0.0000E+00 0.0000E+00 0.0000E+00 0.0000E+00 0.0000E+00 0.0000E+00 0.0000E+00 0.0000E+00 0.0000E+00 0.0000E+00 0.0000E+00 0.0000E+00 0.0000E+00 0.0000E+00 0.0000E+00 0.0000E+00 0.0000E+00 0.0000E+00 0.0000E+00 0.0000E+00 0.0000E+00 0.0000E+00 0.0000E+00 0.0000E+00 2.2001E-11 8.0991E-11 1.6901E-10 3.0904E-10 5.0997E-10 8.0104E-10 1.2067E-09 1.7827E-09 2.5523E-09 3.5615E-09 4.8406E-09 6.4292E-09 8.3227E-09 1.0463E-08 1.2883E-08 1.5560E-08 1.8457E-08 2.1528E-08 2.4696E-08 2.7878E-08 3.0975E-08 3.3882E-08 3.6477E-08 3.8648E-08 4.0281E-08 4.1276E-08 4.1584E-08 4.1168E-08 4.0034E-08 3.8251E-08
0.0000E+00 0.0000E+00 0.0000E+00 0.0000E+00 0.0000E+00 0.0000E+00 0.0000E+00 0.0000E+00 0.0000E+00 0.0000E+00 0.0000E+00 0.0000E+00 0.0000E+00 0.0000E+00 0.0000E+00 0.0000E+00 0.0000E+00 0.0000E+00 0.0000E+00 0.0000E+00 0.0000E+00 0.0000E+00 0.0000E+00 0.0000E+00 0.0000E+00 0.0000E+00 2.9839E-12 4.0823E-11 1.2775E-10 2.4818E-10 4.2827E-10 6.9356E-10 1.0626E-09 1.5672E-09 2.2527E-09 3.1709E-09 4.3339E-09 5.7816E-09 7.5169E-09 9.5627E-09 1.1854E-08 1.4395E-08 1.7149E-08 2.0073E-08 2.3100E-08 2.6166E-08 2.9184E-08 3.2056E-08 3.4678E-08 3.6955E-08 3.8771E-08 4.0035E-08 4.0675E-08 4.0628E-08 3.9889E-08 3.8487E-08 3.6475E-08
0.0000E+00 0.0000E+00 0.0000E+00 0.0000E+00 0.0000E+00 0.0000E+00 0.0000E+00 0.0000E+00 0.0000E+00 0.0000E+00 0.0000E+00 0.0000E+00 0.0000E+00 0.0000E+00 0.0000E+00 0.0000E+00 0.0000E+00 0.0000E+00 0.0000E+00 0.0000E+00 0.0000E+00 0.0000E+00 0.0000E+00 0.0000E+00 0.0000E+00 0.0000E+00 1.0814E-11 7.2328E-11 1.8079E-10 3.4172E-10 5.7953E-10 9.1977E-10 1.3891E-09 2.0184E-09 2.8415E-09 3.9168E-09 5.2610E-09 6.8924E-09 8.7981E-09 1.0982E-08 1.3406E-08 1.6042E-08 1.8839E-08 2.1736E-08 2.4677E-08 2.7577E-08 3.0357E-08 3.2935E-08 3.5226E-08 3.7113E-08 3.8532E-08 3.9403E-08 3.9648E-08 3.9249E-08 3.8209E-08 3.6550E-08 3.4358E-08
0.0000E+00 0.0000E+00 0.0000E+00 0.0000E+00 0.0000E+00 0.0000E+00 0.0000E+00 0.0000E+00 0.0000E+00 0.0000E+00 0.0000E+00 0.0000E+00 0.0000E+00 0.0000E+00 0.0000E+00 0.0000E+00 0.0000E+00 0.0000E+00 0.0000E+00 0.0000E+00 0.0000E+00 0.0000E+00 0.0000E+00 0.0000E+00 0.0000E+00 0.0000E+00 2.5463E-11 1.1173E-10 2.5408E-10 4.6417E-10 7.7514E-10 1.2155E-09 1.8039E-09 2.5732E-09 3.5562E-09 4.8067E-09 6.3365E-09 8.1652E-09 1.0244E-08 1.2562E-08 1.5109E-08 1.7809E-08 2.0607E-08 2.3441E-08 2.6225E-08 2.8900E-08 3.1381E-08 3.3595E-08 3.5470E-08 3.6938E-08 3.7918E-08 3.8353E-08 3.8216E-08 3.7472E-08 3.6141E-08 3.4272E-08 3.1941E-08
0.0000E+00 0.0000E+00 0.0000E+00 0.0000E+00 0.0000E+00 0.0000E+00 0.0000E+00 0.0000E+00 0.0000E+00 0.0000E+00 0.0000E+00 0.0000E+00 0.0000E+00 0.0000E+00 0.0000E+00 0.0000E+00 0.0000E+00 0.0000E+00 0.0000E+00 0.0000E+00 0.0000E+00 0.0000E+00 0.0000E+00 0.0000E+00 0.0000E+00 3.1273E-12 4.6427E-11 1.6217E-10 3.4750E-10 6.2542E-10 1.0203E-09 1.5764E-09 2.3194E-09 3.2617E-09 4.4270E-09 5.8798E-09 7.6249E-09 9.6468E-09 1.1886E-08 1.4330E-08 1.6962E-08 1.9688E-08 2.2439E-08 2.5139E-08 2.7717E-08 3.0089E-08 3.2202E-08 3.4000E-08 3.5420E-08 3.6403E-08 3.6919E-08 3.6931E-08 3.6388E-08 3.5318E-08 3.3744E-08 3.1694E-08 2.9273E-08
0.0000E+00 0.0000E+00 0.0000E+00 0.0000E+00 0.0000E+00 0.0000E+00 0.0000E+00 0.0000E+00 0.0000E+00 0.0000E+00 0.0000E+00 0.0000E+00 0.0000E+00 0.0000E+00 0.0000E+00 0.0000E+00 0.0000E+00 0.0000E+00 0.0000E+00 0.0000E+00 0.0000E+00 0.0000E+00 0.0000E+00 0.0000E+00 0.0000E+00 5.1069E-12 7.9925E-11 2.2499E-10 4.6279E-10 8.2053E-10 1.3316E-09 2.0332E-09 2.9448E-09 4.0981E-09 5.4923E-09 7.1681E-09 9.1408E-09 1.1346E-08 1.3738E-08 1.6290E-08 1.8956E-08 2.1659E-08 2.4309E-08 2.6815E-08 2.9105E-08 3.1122E-08 3.2803E-08 3.4115E-08 3.5030E-08 3.5523E-08 3.5556E-08 3.5118E-08 3.4218E-08 3.2848E-08 3.1050E-08 2.8889E-08 2.6432E-08
0.0000E+00 0.0000E+00 0.0000E+00 0.0000E+00 0.0000E+00 0.0000E+00 0.0000E+00 0.0000E+00 0.0000E+00 0.0000E+00 0.0000E+00 0.0000E+00 0.0000E+00 0.0000E+00 0.0000E+00 0.0000E+00 0.0000E+00 0.0000E+00 0.0000E+00 0.0000E+00 0.0000E+00 0.0000E+00 0.0000E+00 0.0000E+00 0.0000E+00 1.5443E-11 1.1561E-10 3.0796E-10 6.1508E-10 1.0714E-09 1.7150E-09 2.5925E-09 3.7224E-09 5.1147E-09 6.7635E-09 8.6746E-09 1.0881E-08 1.3272E-08 1.5800E-08 1.8424E-08 2.1081E-08 2.3698E-08 2.6174E-08 2.8419E-08 3.0362E-08 3.1948E-08 3.3148E-08 3.3939E-08 3.4318E-08 3.4280E-08 3.3841E-08 3.2996E-08 3.1739E-08 3.0114E-08 2.8162E-08 2.5919E-08 2.3482E-08
0.0000E+00 0.0000E+00 0.0000E+00 0.0000E+00 0.0000E+00 0.0000E+00 0.0000E+00 0.0000E+00 0.0000E+00 0.0000E+00 0.0000E+00 0.0000E+00 0.0000E+00 0.0000E+00 0.0000E+00 0.0000E+00 0.0000E+00 0.0000E+00 0.0000E+00 0.0000E+00 0.0000E+00 0.0000E+00 0.0000E+00 0.0000E+00 0.0000E+00 3.8117E-11 1.7086E-10 4.0980E-10 8.0808E-10 1.3901E-09 2.1997E-09 3.2959E-09 4.6759E-09 6.3471E-09 8.2853E-09 1.0458E-08 1.2883E-08 1.5447E-08 1.8084E-08 2.0741E-08 2.3328E-08 2.5787E-08 2.8008E-08 2.9918E-08 3.1444E-08 3.2546E-08 3.3210E-08 3.3445E-08 3.3278E-08 3.2721E-08 3.1811E-08 3.0572E-08 2.9029E-08 2.7197E-08 2.5129E-08 2.2884E-08 2.0513E-08
0.0000E+00 0.0000E+00 0.0000E+00 0.0000E+00 0.0000E+00 0.0000E+00 0.0000E+00 0.0000E+00 0.0000E+00 0.0000E+00 0.0000E+00 0.0000E+00 0.0000E+00 0.0000E+00 0.0000E+00 0.0000E+00 0.0000E+00 0.0000E+00 0.0000E+00 0.0000E+00 0.0000E+00 0.0000E+00 0.0000E+00 0.0000E+00 0.0000E+00 6.3880E-11 2.3305E-10 5.4402E-10 1.0385E-09 1.7897E-09 2.8139E-09 4.1669E-09 5.8450E-09 7.8294E-09 1.0079E-08 1.2538E-08 1.5166E-08 1.7861E-08 2.0567E-08 2.3190E-08 2.5661E-08 2.7875E-08 2.9769E-08 3.1264E-08 3.2310E-08 3.2877E-08 3.2975E-08 3.2643E-08 3.1916E-08 3.0866E-08 2.9526E-08 2.7946E-08 2.6148E-08 2.4174E-08 2.2064E-08 1.9850E-08 1.7601E-08
0.0000E+00 0.0000E+00 0.0000E+00 0.0000E+00 0.0000E+00 0.0000E+00 0.0000E+00 0.0000E+00 0.0000E+00 0.0000E+00 0.0000E+00 0.0000E+00 0.0000E+00 0.0000E+00 0.0000E+00 0.0000E+00 0.0000E+00 0.0000E+00 0.0000E+00 0.0000E+00 0.0000E+00 0.0000E+00 0.0000E+00 0.0000E+00 7.8562E-12 1.0782E-10 3.2189E-10 7.2064E-10 1.3539E-09 2.2910E-09 3.5656E-09 5.2228E-09 7.2583E-09 9.6040E-09 1.2187E-08 1.4932E-08 1.7745E-08 2.0555E-08 2.3250E-08 2.5766E-08 2.8018E-08 2.9922E-08 3.1404E-08 3.2416E-08 3.2912E-08 3.2909E-08 3.2425E-08 3.1523E-08 3.0278E-08 2.8758E-08 2.7039E-08 2.5169E-08 2.3187E-08 2.1129E-08 1.9022E-08 1.6909E-08 1.4820E-08
0.0000E+00 0.0000E+00 0.0000E+00 0.0000E+00 0.0000E+00 0.0000E+00 0.0000E+00 0.0000E+00 0.0000E+00 0.0000E+00 0.0000E+00 0.0000E+00 0.0000E+00 0.0000E+00 0.0000E+00 0.0000E+00 0.0000E+00 0.0000E+00 0.0000E+00 0.0000E+00 0.0000E+00 0.0000E+00 0.0000E+00 0.0000E+00 2.4440E-11 1.6277E-10 4.5563E-10 9.4791E-10 1.7482E-09 2.9259E-09 4.5141E-09 6.5322E-09 8.9670E-09 1.1708E-08 1.4657E-08 1.7670E-08 2.0633E-08 2.3471E-08 2.6096E-08 2.8416E-08 3.0361E-08 3.1855E-08 3.2855E-08 3.3309E-08 3.3222E-08 3.2611E-08 3.1542E-08 3.0096E-08 2.8369E-08 2.6448E-08 2.4407E-08 2.2323E-08 2.0224E-08 1.8139E-08 1.6102E-08 1.4119E-08 1.2226E-08
0.0000E+00 0.0000E+00 0.0000E+00 0.0000E+00 0.0000E+00 0.0000E+00 0.0000E+00 0.0000E+00 0.0000E+00 0.0000E+00 0.0000E+00 0.0000E+00 0.0000E+00 0.0000E+00 0.0000E+00 0.0000E+00 0.0000E+00 0.0000E+00 0.0000E+00 0.0000E+00 0.0000E+00 0.0000E+00 0.0000E+00 5.8447E-12 5.8560E-11 2.3876E-10 6.1497E-10 1.2502E-09 2.2553E-09 3.7206E-09 5.6806E-09 8.1131E-09 1.0992E-08 1.4177E-08 1.7487E-08 2.0735E-08 2.3801E-08 2.6613E-08 2.9043E-08 3.1067E-08 3.2603E-08 3.3614E-08 3.4041E-08 3.3888E-08 3.3174E-08 3.1961E-08 3.0329E-08 2.8377E-08 2.6227E-08 2.3975E-08 2.1705E-08 1.9478E-08 1.7334E-08 1.5287E-08 1.3356E-08 1.1548E-08 9.8666E-09
0.0000E+00 0.0000E+00 0.0000E+00 0.0000E+00 0.0000E+00 0.0000E+00 0.0000E+00 0.0000E+00 0.0000E+00 0.0000E+00 0.0000E+00 0.0000E+00 0.0000E+00 0.0000E+00 0.0000E+00 0.0000E+00 0.0000E+00 0.0000E+00 0.0000E+00 0.0000E+00 0.0000E+00 0.0000E+00 0.0000E+00 1.7212E-11 1.0641E-10 3.4879E-10 8.3332E-10 1.6505E-09 2.9107E-09 4.7243E-09 7.1195E-09 1.0056E-08 1.3415E-08 1.7041E-08 2.0695E-08 2.4143E-08 2.7246E-08 2.9902E-08 3.2065E-08 3.3661E-08 3.4680E-08 3.5091E-08 3.4889E-08 3.4091E-08 3.2739E-08 3.0928E-08 2.8770E-08 2.6383E-08 2.3889E-08 2.1390E-08 1.8978E-08 1.6698E-08 1.4575E-08 1.2627E-08 1.0850E-08 9.2346E-09 7.7779E-09
0.0000E+00 0.0000E+00 0.0000E+00 0.0000E+00 0.0000E+00 0.0000E+00 0.0000E+00 0.0000E+00 0.0000E+00 0.0000E+00 0.0000E+00 0.0000E+00 0.0000E+00 0.0000E+00 0.0000E+00 0.0000E+00 0.0000E+00 0.0000E+00 0.0000E+00 0.0000E+00 0.0000E+00 0.0000E+00 7.2561E-12 3.5505E-11 1.7513E-10 4.9616E-10 1.1232E-09 2.1785E-09 3.7670E-09 6.0013E-09 8.9070E-09 1.2371E-08 1.6257E-08 2.0318E-08 2.4244E-08 2.7823E-08 3.0858E-08 3.3271E-08 3.5005E-08 3.6077E-08 3.6480E-08 3.6225E-08 3.5324E-08 3.3852E-08 3.1879E-08 2.9512E-08 2.6891E-08 2.4139E-08 2.1403E-08 1.8758E-08 1.6283E-08 1.4031E-08 1.2005E-08 1.0201E-08 8.6117E-09 7.2073E-09 5.9757E-09
0.0000E+00 0.0000E+00 0.0000E+00 0.0000E+00 0.0000E+00 0.0000E+00 0.0000E+00 0.0000E+00 0.0000E+00 0.0000E+00 0.0000E+00 0.0000E+00 0.0000E+00 0.0000E+00 0.0000E+00 0.0000E+00 0.0000E+00 0.0000E+00 0.0000E+00 0.0000E+00 0.0000E+00 0.0000E+00 1.4985E-11 7.4672E-11 2.7772E-10 7.1862E-10 1.5308E-09 2.8752E-09 4.8680E-09 7.6010E-09 1.1080E-08 1.5139E-08 1.9539E-08 2.3988E-08 2.8143E-08 3.1725E-08 3.4577E-08 3.6588E-08 3.7799E-08 3.8206E-08 3.7884E-08 3.6888E-08 3.5283E-08 3.3132E-08 3.0568E-08 2.7709E-08 2.4713E-08 2.1708E-08 1.8818E-08 1.6128E-08 1.3688E-08 1.1537E-08 9.6637E-09 8.0480E-09 6.6548E-09 5.4700E-09 4.4582E-09
0.0000E+00 0.0000E+00 0.0000E+00 0.0000E+00 0.0000E+00 0.0000E+00 0.0000E+00 0.0000E+00 0.0000E+00 0.0000E+00 0.0000E+00 0.0000E+00 0.0000E+00 0.0000E+00 0.0000E+00 0.0000E+00 0.0000E+00 0.0000E+00 0.0000E+00 0.0000E+00 0.0000E+00 0.0000E+00 2.7025E-11 1.4243E-10 4.4293E-10 1.0295E-09 2.0932E-09 3.8009E-09 6.2905E-09 9.6143E-09 1.3726E-08 1.8407E-08 2.3320E-08 2.8070E-08 3.2305E-08 3.5773E-08 3.8261E-08 3.9752E-08 4.0262E-08 3.9928E-08 3.8810E-08 3.7030E-08 3.4686E-08 3.1901E-08 2.8809E-08 2.5552E-08 2.2286E-08 1.9136E-08 1.6210E-08 1.3566E-08 1.1247E-08 9.2611E-09 7.5866E-09 6.1754E-09 4.9991E-09 4.0207E-09 3.2171E-09
0.0000E+00 0.0000E+00 0.0000E+00 0.0000E+00 0.0000E+00 0.0000E+00 0.0000E+00 0.0000E+00 0.0000E+00 0.0000E+00 0.0000E+00 0.0000E+00 0.0000E+00 0.0000E+00 0.0000E+00 0.0000E+00 0.0000E+00 0.0000E+00 0.0000E+00 0.0000E+00 0.0000E+00 0.0000E+00 5.8090E-11 2.4312E-10 6.5406E-10 1.4718E-09 2.8735E-09 5.0581E-09 8.1438E-09 1.2148E-08 1.6927E-08 2.2208E-08 2.7523E-08 3.2484E-08 3.6692E-08 3.9829E-08 4.1797E-08 4.2589E-08 4.2301E-08 4.1094E-08 3.9135E-08 3.6561E-08 3.3526E-08 3.0157E-08 2.6633E-08 2.3086E-08 1.9677E-08 1.6501E-08 1.3640E-08 1.1139E-08 9.0153E-09 7.2338E-09 5.7786E-09 4.5821E-09 3.6293E-09 2.8612E-09 2.2358E-09
0.0000E+00 0.0000E+00 0.0000E+00 0.0000E+00 0.0000E+00 0.0000E+00 0.0000E+00 0.0000E+00 0.0000E+00 0.0000E+00 0.0000E+00 0.0000E+00 0.0000E+00 0.0000E+00 0.0000E+00 0.0000E+00 0.0000E+00 0.0000E+00 0.0000E+00 0.0000E+00 0.0000E+00 0.0000E+00 9.6291E-11 3.8545E-10 9.8813E-10 2.0907E-09 3.9329E-09 6.7241E-09 1.0532E-08 1.5293E-08 2.0776E-08 2.6595E-08 3.2210E-08 3.7185E-08 4.1107E-08 4.3778E-08 4.5032E-08 4.4972E-08 4.3757E-08 4.1633E-08 3.8790E-08 3.5447E-08 3.1776E-08 2.7935E-08 2.4103E-08 2.0391E-08 1.6967E-08 1.3874E-08 1.1188E-08 8.9065E-09 7.0168E-09 5.4778E-09 4.2506E-09 3.2873E-09 2.5344E-09 1.9503E-09 1.4932E-09
0.0000E+00 0.0000E+00 0.0000E+00 0.0000E+00 0.0000E+00 0.0000E+00 0.0000E+00 0.0000E+00 0.0000E+00 0.0000E+00 0.0000E+00 0.0000E+00 0.0000E+00 0.0000E+00 0.0000E+00 0.0000E+00 0.0000E+00 0.0000E+00 0.0000E+00 0.0000E+00 0.0000E+00 6.2566E-12 1.8386E-10 5.8618E-10 1.4105E-09 2.9266E-09 5.3819E-09 8.9362E-09 1.3582E-08 1.9158E-08 2.5323E-08 3.1532E-08 3.7259E-08 4.2043E-08 4.5503E-08 4.7394E-08 4.7784E-08 4.6740E-08 4.4535E-08 4.1434E-08 3.7741E-08 3.3683E-08 2.9487E-08 2.5302E-08 2.1291E-08 1.7569E-08 1.4246E-08 1.1353E-08 8.9117E-09 6.9019E-09 5.2681E-09 3.9942E-09 3.0041E-09 2.2642E-09 1.6976E-09 1.2735E-09 9.4221E-10
0.0000E+00 0.0000E+00 0.0000E+00 0.0000E+00 0.0000E+00 0.0000E+00 0.0000E+00 0.0000E+00 0.0000E+00 0.0000E+00 0.0000E+00 0.0000E+00 0.0000E+00 0.0000E+00 0.0000E+00 0.0000E+00 0.0000E+00 0.0000E+00 0.0000E+00 0.0000E+00 0.0000E+00 1.8194E-11 2.7308E-10 8.5935E-10 2.0306E-09 4.0667E-09 7.2977E-09 1.1783E-08 1.7392E-08 2.3840E-08 3.0577E-08 3.7004E-08 4.2591E-08 4.6891E-08 4.9588E-08 5.0593E-08 4.9897E-08 4.7764E-08 4.4498E-08 4.0459E-08 3.5978E-08 3.1321E-08 2.6726E-08 2.2342E-08 1.8323E-08 1.4725E-08 1.1605E-08 9.0091E-09 6.8596E-09 5.1450E-09 3.8123E-09 2.7989E-09 2.0418E-09 1.4900E-09 1.0780E-09 7.7890E-10 5.6013E-10
0.0000E+00 0.0000E+00 0.0000E+00 0.0000E+00 0.0000E+00 0.0000E+00 0.0000E+00 0.0000E+00 0.0000E+00 0.0000E+00 0.0000E+00 0.0000E+00 0.0000E+00 0.0000E+00 0.0000E+00 0.0000E+00 0.0000E+00 0.0000E+00 0.0000E+00 0.0000E+00 0.0000E+00 3.1198E-11 3.8810E-10 1.1980E-09 2.8238E-09 5.6531E-09 9.9153E-09 1.5495E-08 2.2188E-08 2.9424E-08 3.6543E-08 4.2918E-08 4.8063E-08 5.1591E-08 5.3285E-08 5.3111E-08 5.1242E-08 4.7949E-08 4.3617E-08 3.8687E-08 3.3537E-08 2.8426E-08 2.3619E-08 1.9198E-08 1.5306E-08 1.1961E-08 9.1553E-09 6.8843E-09 5.0796E-09 3.6845E-09 2.6420E-09 1.8724E-09 1.3257E-09 9.2914E-10 6.3967E-10 4.3776E-10 2.9695E-10
