Assets/Resources/2015_m01_d15_2000(utc+0800)_l00_csi_1hr_conc.grd
DSAA
         159         159
     -79.000      79.000
     -79.000      79.000
  0.0000E+00  0.6752E-04
[rows 50 to 74 of 159, columns 0 to 56 of 159]
9.2026E-11 1.0454E-10 1.1757E-10 1.3213E-10 1.4835E-10 1.6706E-10 1.8889E-10 2.1171E-10 2.3542E-10 2.7267E-10 3.0969E-10 3.4365E-10 3.8022E-10 4.2008E-10 4.6811E-10 5.2296E-10 5.8908E-10 6.7107E-10 7.6197E-10 8.5970E-10 9.5552E-10 1.0601E-09 1.2375E-09 1.4074E-09 1.6049E-09 1.8071E-09 2.0397E-09 2.3426E-09 2.6822E-09 3.0924E-09 3.6634E-09 4.4075E-09 5.2741E-09 6.2883E-09 7.3413E-09 8.4743E-09 9.6639E-09 1.0948E-08 1.2332E-08 1.3807E-08 1.5394E-08 1.6982E-08 1.8552E-08 2.0099E-08 2.1580E-08 2.3001E-08 2.4319E-08 2.5549E-08 2.6697E-08 2.7772E-08 2.8792E-08 2.9755E-08 3.0666E-08 3.1530E-08 3.2350E-08 3.3132E-08 3.3874E-08
8.9687E-11 1.0198E-10 1.1503E-10 1.3004E-10 1.4672E-10 1.6453E-10 1.8596E-10 2.0802E-10 2.3291E-10 2.6589E-10 3.0648E-10 3.4032E-10 3.7671E-10 4.1742E-10 4.6672E-10 5.2124E-10 5.8853E-10 6.7022E-10 7.6181E-10 8.6007E-10 9.5788E-10 1.0640E-09 1.2548E-09 1.4211E-09 1.6236E-09 1.8354E-09 2.0949E-09 2.3981E-09 2.7581E-09 3.1860E-09 3.7978E-09 4.5829E-09 5.4887E-09 6.5420E-09 7.6553E-09 8.8123E-09 1.0048E-08 1.1402E-08 1.2819E-08 1.4343E-08 1.5988E-08 1.7628E-08 1.9259E-08 2.0839E-08 2.2361E-08 2.3818E-08 2.5167E-08 2.6425E-08 2.7605E-08 2.8718E-08 2.9778E-08 3.0786E-08 3.1750E-08 3.2666E-08 3.3549E-08 3.4403E-08 3.5227E-08
8.8161E-11 1.0024E-10 1.1387E-10 1.2866E-10 1.4444E-10 1.6240E-10 1.8329E-10 2.0575E-10 2.3044E-10 2.6030E-10 3.0352E-10 3.3691E-10 3.7273E-10 4.1482E-10 4.6433E-10 5.1945E-10 5.8730E-10 6.6876E-10 7.6092E-10 8.6016E-10 9.5904E-10 1.0838E-09 1.2696E-09 1.4445E-09 1.6391E-09 1.8561E-09 2.1436E-09 2.4624E-09 2.8147E-09 3.2873E-09 3.9344E-09 4.7488E-09 5.6970E-09 6.7759E-09 7.9291E-09 9.1315E-09 1.0440E-08 1.1821E-08 1.3281E-08 1.4871E-08 1.6547E-08 1.8237E-08 1.9911E-08 2.1535E-08 2.3093E-08 2.4584E-08 2.5956E-08 2.7242E-08 2.8451E-08 2.9602E-08 3.0702E-08 3.1756E-08 3.2763E-08 3.3741E-08 3.4693E-08 3.5621E-08 3.6520E-08
8.5941E-11 9.7790E-11 1.1117E-10 1.2598E-10 1.4149E-10 1.6029E-10 1.8128E-10 2.0279E-10 2.2762E-10 2.5587E-10 2.9890E-10 3.3339E-10 3.6933E-10 4.1221E-10 4.6224E-10 5.1725E-10 5.8237E-10 6.6048E-10 7.5921E-10 8.5918E-10 9.5890E-10 1.1013E-09 1.2748E-09 1.4606E-09 1.6509E-09 1.8967E-09 2.1710E-09 2.5016E-09 2.8869E-09 3.3608E-09 4.0640E-09 4.8938E-09 5.8758E-09 7.0174E-09 8.1845E-09 9.4303E-09 1.0787E-08 1.2209E-08 1.3710E-08 1.5348E-08 1.7063E-08 1.8797E-08 2.0513E-08 2.2174E-08 2.3766E-08 2.5281E-08 2.6677E-08 2.7988E-08 2.9228E-08 3.0412E-08 3.1548E-08 3.2641E-08 3.3703E-08 3.4740E-08 3.5742E-08 3.6707E-08 3.7651E-08
8.4524E-11 9.6154E-11 1.0930E-10 1.2399E-10 1.3993E-10 1.5887E-10 1.7859E-10 1.9981E-10 2.2408E-10 2.5291E-10 2.9275E-10 3.2974E-10 3.6530E-10 4.0953E-10 4.5890E-10 5.1402E-10 5.7847E-10 6.5755E-10 7.4886E-10 8.5705E-10 9.5737E-10 1.1015E-09 1.2774E-09 1.4661E-09 1.6588E-09 1.9118E-09 2.2209E-09 2.5384E-09 2.9451E-09 3.4724E-09 4.1665E-09 5.0170E-09 6.0476E-09 7.2135E-09 8.4198E-09 9.7356E-09 1.1108E-08 1.2564E-08 1.4125E-08 1.5778E-08 1.7533E-08 1.9314E-08 2.1054E-08 2.2748E-08 2.4368E-08 2.5905E-08 2.7322E-08 2.8655E-08 2.9924E-08 3.1131E-08 3.2274E-08 3.3365E-08 3.4437E-08 3.5495E-08 3.6545E-08 3.7592E-08 3.8641E-08
8.1653E-11 9.3820E-11 1.0670E-10 1.2190E-10 1.3704E-10 1.5613E-10 1.7520E-10 1.9682E-10 2.2192E-10 2.4990E-10 2.8443E-10 3.2532E-10 3.6204E-10 4.0641E-10 4.5561E-10 5.1022E-10 5.6994E-10 6.5162E-10 7.4474E-10 8.4468E-10 9.5370E-10 1.0998E-09 1.2810E-09 1.4681E-09 1.6820E-09 1.9397E-09 2.2483E-09 2.5887E-09 2.9930E-09 3.5764E-09 4.2532E-09 5.1315E-09 6.2209E-09 7.3919E-09 8.6302E-09 9.9867E-09 1.1391E-08 1.2889E-08 1.4479E-08 1.6161E-08 1.7944E-08 1.9761E-08 2.1529E-08 2.3252E-08 2.4891E-08 2.6432E-08 2.7838E-08 2.9161E-08 3.0420E-08 3.1627E-08 3.2790E-08 3.3931E-08 3.5061E-08 3.6187E-08 3.7303E-08 3.8436E-08 3.9583E-08
7.9628E-11 9.1539E-11 1.0491E-10 1.1904E-10 1.3506E-10 1.5386E-10 1.7317E-10 1.9380E-10 2.1935E-10 2.4649E-10 2.7609E-10 3.2088E-10 3.5850E-10 4.0286E-10 4.5131E-10 5.0405E-10 5.6501E-10 6.4066E-10 7.4034E-10 8.4019E-10 9.4918E-10 1.1041E-09 1.2783E-09 1.4664E-09 1.6910E-09 1.9612E-09 2.2692E-09 2.6112E-09 3.0468E-09 3.6335E-09 4.3343E-09 5.2402E-09 6.3531E-09 7.5355E-09 8.8382E-09 1.0204E-08 1.1633E-08 1.3173E-08 1.4782E-08 1.6487E-08 1.8299E-08 2.0121E-08 2.1894E-08 2.3614E-08 2.5249E-08 2.6794E-08 2.8214E-08 2.9558E-08 3.0839E-08 3.2070E-08 3.3257E-08 3.4437E-08 3.5613E-08 3.6790E-08 3.7979E-08 3.9196E-08 4.0439E-08
7.7350E-11 8.9312E-11 1.0164E-10 1.1626E-10 1.3221E-10 1.5077E-10 1.6977E-10 1.9033E-10 2.1578E-10 2.4290E-10 2.7132E-10 3.1360E-10 3.5458E-10 3.9836E-10 4.4694E-10 4.9932E-10 5.5954E-10 6.3567E-10 7.2661E-10 8.3443E-10 9.4238E-10 1.1135E-09 1.2720E-09 1.4686E-09 1.6879E-09 1.9642E-09 2.2909E-09 2.6441E-09 3.1044E-09 3.6812E-09 4.3878E-09 5.3232E-09 6.4601E-09 7.6621E-09 8.9914E-09 1.0382E-08 1.1839E-08 1.3386E-08 1.5002E-08 1.6714E-08 1.8538E-08 2.0375E-08 2.2167E-08 2.3905E-08 2.5549E-08 2.7103E-08 2.8530E-08 2.9887E-08 3.1180E-08 3.2421E-08 3.3636E-08 3.4847E-08 3.6065E-08 3.7292E-08 3.8557E-08 3.9861E-08 4.1206E-08
6.7463E-11 8.6409E-11 9.9217E-11 1.1351E-10 1.3015E-10 1.4832E-10 1.6700E-10 1.8819E-10 2.1340E-10 2.3923E-10 2.6660E-10 3.0408E-10 3.5041E-10 3.9352E-10 4.4022E-10 4.9350E-10 5.5201E-10 6.2995E-10 7.1180E-10 8.2736E-10 9.3466E-10 1.1053E-09 1.2634E-09 1.4675E-09 1.6888E-09 1.9614E-09 2.2934E-09 2.6673E-09 3.1369E-09 3.7143E-09 4.4275E-09 5.3912E-09 6.5339E-09 7.7517E-09 9.0996E-09 1.0503E-08 1.1989E-08 1.3539E-08 1.5173E-08 1.6903E-08 1.8730E-08 2.0577E-08 2.2377E-08 2.4124E-08 2.5771E-08 2.7328E-08 2.8760E-08 3.0120E-08 3.1423E-08 3.2677E-08 3.3921E-08 3.5168E-08 3.6424E-08 3.7706E-08 3.9032E-08 4.0412E-08 4.1840E-08
6.4154E-11 7.9211E-11 9.6842E-11 1.1080E-10 1.2654E-10 1.4496E-10 1.6355E-10 1.8463E-10 2.0889E-10 2.3476E-10 2.6245E-10 2.9659E-10 3.4457E-10 3.8656E-10 4.3488E-10 4.8721E-10 5.4389E-10 6.1594E-10 7.0473E-10 8.1011E-10 9.2461E-10 1.0795E-09 1.2510E-09 1.4625E-09 1.6947E-09 1.9677E-09 2.2912E-09 2.6826E-09 3.1495E-09 3.7233E-09 4.4465E-09 5.4117E-09 6.5792E-09 7.8221E-09 9.1734E-09 1.0597E-08 1.2095E-08 1.3653E-08 1.5293E-08 1.7023E-08 1.8853E-08 2.0702E-08 2.2509E-08 2.4258E-08 2.5904E-08 2.7466E-08 2.8903E-08 3.0272E-08 3.1580E-08 3.2842E-08 3.4098E-08 3.5367E-08 3.6647E-08 3.7973E-08 3.9352E-08 4.0794E-08 4.2325E-08
6.3635E-11 7.2565E-11 9.0920E-11 1.0740E-10 1.2375E-10 1.4160E-10 1.6072E-10 1.8166E-10 2.0632E-10 2.3156E-10 2.5817E-10 2.8972E-10 3.3378E-10 3.8121E-10 4.2915E-10 4.7840E-10 5.3738E-10 6.0884E-10 6.8890E-10 8.0004E-10 9.0364E-10 1.0589E-09 1.2365E-09 1.4478E-09 1.6846E-09 1.9629E-09 2.2956E-09 2.6920E-09 3.1549E-09 3.7298E-09 4.4541E-09 5.4372E-09 6.6055E-09 7.8617E-09 9.2163E-09 1.0660E-08 1.2152E-08 1.3713E-08 1.5363E-08 1.7079E-08 1.8904E-08 2.0750E-08 2.2554E-08 2.4302E-08 2.5946E-08 2.7507E-08 2.8943E-08 3.0307E-08 3.1608E-08 3.2875E-08 3.4142E-08 3.5421E-08 3.6724E-08 3.8084E-08 3.9514E-08 4.1023E-08 4.2664E-08
6.3073E-11 7.2698E-11 8.2629E-11 1.0307E-10 1.2019E-10 1.3826E-10 1.5616E-10 1.7796E-10 2.0160E-10 2.2621E-10 2.5305E-10 2.8349E-10 3.2543E-10 3.7484E-10 4.2048E-10 4.7182E-10 5.3027E-10 5.9783E-10 6.8020E-10 7.8975E-10 9.0276E-10 1.0459E-09 1.2220E-09 1.4318E-09 1.6704E-09 1.9483E-09 2.2869E-09 2.6830E-09 3.1489E-09 3.7237E-09 4.4449E-09 5.4330E-09 6.6018E-09 7.8667E-09 9.2132E-09 1.0663E-08 1.2157E-08 1.3713E-08 1.5353E-08 1.7061E-08 1.8873E-08 2.0712E-08 2.2504E-08 2.4248E-08 2.5882E-08 2.7434E-08 2.8865E-08 3.0221E-08 3.1513E-08 3.2781E-08 3.4048E-08 3.5330E-08 3.6653E-08 3.8044E-08 3.9517E-08 4.1103E-08 4.2849E-08
6.3286E-11 7.1914E-11 8.1657E-11 9.3146E-11 1.1668E-10 1.3419E-10 1.5164E-10 1.7404E-10 1.9877E-10 2.2212E-10 2.4849E-10 2.7735E-10 3.1462E-10 3.6362E-10 4.1329E-10 4.6474E-10 5.1955E-10 5.8886E-10 6.7089E-10 7.7872E-10 8.9190E-10 1.0323E-09 1.2018E-09 1.4127E-09 1.6597E-09 1.9366E-09 2.2681E-09 2.6724E-09 3.1322E-09 3.6991E-09 4.4050E-09 5.3895E-09 6.5584E-09 7.8252E-09 9.1618E-09 1.0624E-08 1.2100E-08 1.3646E-08 1.5276E-08 1.6967E-08 1.8756E-08 2.0579E-08 2.2360E-08 2.4091E-08 2.5713E-08 2.7252E-08 2.8670E-08 3.0015E-08 3.1295E-08 3.2554E-08 3.3818E-08 3.5098E-08 3.6435E-08 3.7850E-08 3.9367E-08 4.1031E-08 4.2880E-08
6.3372E-11 7.1072E-11 8.0623E-11 9.2207E-11 1.0613E-10 1.3019E-10 1.4716E-10 1.6916E-10 1.9370E-10 2.1724E-10 2.4310E-10 2.7141E-10 3.0659E-10 3.5332E-10 4.0501E-10 4.5495E-10 5.1283E-10 5.7984E-10 6.6780E-10 7.7610E-10 8.8007E-10 1.0020E-09 1.1918E-09 1.3925E-09 1.6446E-09 1.9176E-09 2.2430E-09 2.6415E-09 3.0937E-09 3.6455E-09 4.3531E-09 5.3259E-09 6.4875E-09 7.7470E-09 9.0657E-09 1.0523E-08 1.1988E-08 1.3518E-08 1.5124E-08 1.6797E-08 1.8555E-08 2.0357E-08 2.2113E-08 2.3829E-08 2.5433E-08 2.6955E-08 2.8361E-08 2.9690E-08 3.0954E-08 3.2200E-08 3.3454E-08 3.4728E-08 3.6072E-08 3.7514E-08 3.9074E-08 4.0807E-08 4.2765E-08
6.3329E-11 7.0168E-11 8.0330E-11 9.0865E-11 1.0443E-10 1.1910E-10 1.4274E-10 1.6428E-10 1.8817E-10 2.1225E-10 2.3758E-10 2.6532E-10 2.9746E-10 3.4215E-10 3.9425E-10 4.4621E-10 5.0124E-10 5.7290E-10 6.5743E-10 7.6499E-10 8.6612E-10 9.6914E-10 1.1622E-09 1.3641E-09 1.6130E-09 1.8839E-09 2.2030E-09 2.5974E-09 3.0441E-09 3.5861E-09 4.2811E-09 5.2314E-09 6.3611E-09 7.6249E-09 8.9319E-09 1.0364E-08 1.1820E-08 1.3323E-08 1.4905E-08 1.6549E-08 1.8271E-08 2.0044E-08 2.1772E-08 2.3470E-08 2.5048E-08 2.6550E-08 2.7940E-08 2.9249E-08 3.0493E-08 3.1722E-08 3.2962E-08 3.4227E-08 3.5576E-08 3.7043E-08 3.8638E-08 4.0442E-08 4.2581E-08
6.3157E-11 6.9975E-11 7.9143E-11 8.9446E-11 1.0309E-10 1.1692E-10 1.3321E-10 1.5863E-10 1.8266E-10 2.0705E-10 2.3259E-10 2.5974E-10 2.9125E-10 3.3223E-10 3.8187E-10 4.3840E-10 4.9440E-10 5.6270E-10 6.4529E-10 7.4252E-10 8.4775E-10 9.4907E-10 1.1352E-09 1.3286E-09 1.5822E-09 1.8393E-09 2.1512E-09 2.5437E-09 2.9785E-09 3.5038E-09 4.1794E-09 5.1024E-09 6.2119E-09 7.4651E-09 8.7550E-09 1.0153E-08 1.1593E-08 1.3068E-08 1.4619E-08 1.6228E-08 1.7904E-08 1.9646E-08 2.1342E-08 2.3012E-08 2.4569E-08 2.6044E-08 2.7413E-08 2.8698E-08 2.9920E-08 3.1127E-08 3.2347E-08 3.3604E-08 3.4958E-08 3.6438E-08 3.8073E-08 3.9996E-08 4.3147E-08
6.2858E-11 6.9640E-11 7.7081E-11 8.7948E-11 1.0080E-10 1.1466E-10 1.2998E-10 1.5149E-10 1.7718E-10 2.0009E-10 2.2615E-10 2.5265E-10 2.8347E-10 3.2023E-10 3.6930E-10 4.2270E-10 4.8717E-10 5.5047E-10 6.3220E-10 7.2663E-10 8.1982E-10 9.2745E-10 1.0914E-09 1.2901E-09 1.5328E-09 1.7927E-09 2.0953E-09 2.4765E-09 2.8972E-09 3.4139E-09 4.0604E-09 4.9485E-09 6.0132E-09 7.2726E-09 8.5365E-09 9.8897E-09 1.1312E-08 1.2753E-08 1.4266E-08 1.5833E-08 1.7464E-08 1.9168E-08 2.0825E-08 2.2459E-08 2.3991E-08 2.5439E-08 2.6784E-08 2.8044E-08 2.9240E-08 3.0423E-08 3.1624E-08 3.2873E-08 3.4226E-08 3.5717E-08 3.7422E-08 4.0189E-08 4.6072E-08
6.2433E-11 6.9165E-11 7.6549E-11 8.6360E-11 9.8878E-11 1.1231E-10 1.2672E-10 1.4504E-10 1.6898E-10 1.9317E-10 2.1924E-10 2.4610E-10 2.7688E-10 3.1210E-10 3.5722E-10 4.1318E-10 4.7571E-10 5.3602E-10 6.1133E-10 7.0839E-10 8.0015E-10 9.0439E-10 1.0391E-09 1.2492E-09 1.4798E-09 1.7405E-09 2.0362E-09 2.4006E-09 2.8111E-09 3.3014E-09 3.9239E-09 4.7734E-09 5.8112E-09 7.0374E-09 8.2795E-09 9.5942E-09 1.0972E-08 1.2385E-08 1.3852E-08 1.5373E-08 1.6956E-08 1.8612E-08 2.0229E-08 2.1825E-08 2.3326E-08 2.4742E-08 2.6062E-08 2.7295E-08 2.8464E-08 2.9624E-08 3.0807E-08 3.2044E-08 3.3391E-08 3.4914E-08 3.7039E-08 4.0774E-08 4.7230E-08
6.1886E-11 6.8552E-11 7.5864E-11 8.4690E-11 9.6830E-11 1.1032E-10 1.2435E-10 1.4163E-10 1.6240E-10 1.8561E-10 2.1081E-10 2.3851E-10 2.6942E-10 3.0194E-10 3.4515E-10 4.0284E-10 4.5821E-10 5.2386E-10 5.9632E-10 6.8249E-10 7.7935E-10 8.7873E-10 9.9447E-10 1.2023E-09 1.4315E-09 1.6876E-09 1.9627E-09 2.3112E-09 2.7120E-09 3.1756E-09 3.7792E-09 4.5793E-09 5.5869E-09 6.7498E-09 7.9864E-09 9.2622E-09 1.0581E-08 1.1968E-08 1.3385E-08 1.4853E-08 1.6385E-08 1.7985E-08 1.9563E-08 2.1110E-08 2.2587E-08 2.3968E-08 2.5254E-08 2.6460E-08 2.7604E-08 2.8741E-08 2.9906E-08 3.1127E-08 3.2482E-08 3.4203E-08 3.7140E-08 4.2903E-08 5.1276E-08
6.1220E-11 6.7807E-11 7.5031E-11 8.2941E-11 9.5434E-11 1.0791E-10 1.2140E-10 1.3858E-10 1.5837E-10 1.7859E-10 2.0249E-10 2.2999E-10 2.6116E-10 2.9281E-10 3.3648E-10 3.8606E-10 4.4332E-10 5.0833E-10 5.7838E-10 6.5814E-10 7.5690E-10 8.5261E-10 9.4919E-10 1.1475E-09 1.3686E-09 1.6254E-09 1.8871E-09 2.2156E-09 2.6004E-09 3.0444E-09 3.6173E-09 4.3729E-09 5.3255E-09 6.4424E-09 7.6589E-09 8.8940E-09 1.0159E-08 1.1504E-08 1.2872E-08 1.4284E-08 1.5761E-08 1.7296E-08 1.8831E-08 2.0327E-08 2.1774E-08 2.3117E-08 2.4373E-08 2.5555E-08 2.6676E-08 2.7792E-08 2.8937E-08 3.0151E-08 3.1605E-08 3.3993E-08 3.8985E-08 4.6411E-08 5.3238E-08
6.0440E-11 6.6934E-11 7.4055E-11 8.1851E-11 9.3125E-11 1.0540E-10 1.1882E-10 1.3491E-10 1.5472E-10 1.7381E-10 1.9551E-10 2.2007E-10 2.4839E-10 2.8548E-10 3.2852E-10 3.7259E-10 4.2879E-10 4.8889E-10 5.5605E-10 6.3966E-10 7.2720E-10 8.2615E-10 9.1869E-10 1.0773E-09 1.3091E-09 1.5538E-09 1.8031E-09 2.1162E-09 2.4811E-09 2.9052E-09 3.4358E-09 4.1413E-09 5.0529E-09 6.1091E-09 7.2820E-09 8.4877E-09 9.7111E-09 1.0982E-08 1.2318E-08 1.3671E-08 1.5090E-08 1.6561E-08 1.8049E-08 1.9493E-08 2.0904E-08 2.2214E-08 2.3429E-08 2.4591E-08 2.5689E-08 2.6780E-08 2.7911E-08 2.9170E-08 3.1141E-08 3.5425E-08 4.1875E-08 4.7170E-08 5.0616E-08
5.9550E-11 6.5938E-11 7.2942E-11 8.0609E-11 9.0704E-11 1.0279E-10 1.1611E-10 1.3157E-10 1.5029E-10 1.6942E-10 1.8993E-10 2.1256E-10 2.3757E-10 2.7548E-10 3.1638E-10 3.6026E-10 4.1112E-10 4.7064E-10 5.3609E-10 6.1337E-10 7.0355E-10 7.9231E-10 8.8713E-10 9.9263E-10 1.2353E-09 1.4687E-09 1.7232E-09 2.0031E-09 2.3536E-09 2.7579E-09 3.2468E-09 3.9094E-09 4.7718E-09 5.7610E-09 6.8738E-09 8.0512E-09 9.2372E-09 1.0436E-08 1.1728E-08 1.3018E-08 1.4377E-08 1.5787E-08 1.7221E-08 1.8615E-08 1.9970E-08 2.1258E-08 2.2437E-08 2.3575E-08 2.4651E-08 2.5721E-08 2.6867E-08 2.8524E-08 3.2164E-08 3.6704E-08 4.1581E-08 4.5066E-08 4.7984E-08
5.8555E-11 6.4826E-11 7.1700E-11 7.9223E-11 8.8182E-11 1.0009E-10 1.1224E-10 1.2765E-10 1.4618E-10 1.6440E-10 1.8471E-10 2.0610E-10 2.3243E-10 2.6267E-10 3.0413E-10 3.4852E-10 3.9419E-10 4.5245E-10 5.1510E-10 5.8980E-10 6.7854E-10 7.6368E-10 8.5423E-10 9.4819E-10 1.1728E-09 1.3929E-09 1.6277E-09 1.8910E-09 2.2225E-09 2.6017E-09 3.0598E-09 3.6724E-09 4.4689E-09 5.3969E-09 6.4760E-09 7.5967E-09 8.7384E-09 9.8790E-09 1.1097E-08 1.2346E-08 1.3634E-08 1.4983E-08 1.6347E-08 1.7698E-08 1.9002E-08 2.0259E-08 2.1405E-08 2.2513E-08 2.3574E-08 2.4644E-08 2.6090E-08 2.8988E-08 3.2630E-08 3.7021E-08 4.0122E-08 4.2804E-08 4.4194E-08
5.7464E-11 6.3605E-11 7.0336E-11 7.7701E-11 8.6244E-11 9.7300E-11 1.0905E-10 1.2362E-10 1.4149E-10 1.5975E-10 1.7886E-10 1.9998E-10 2.2535E-10 2.5668E-10 2.9247E-10 3.3249E-10 3.7866E-10 4.3255E-10 4.9186E-10 5.6610E-10 6.4273E-10 7.3068E-10 8.1830E-10 9.0962E-10 1.0625E-09 1.3121E-09 1.5347E-09 1.7855E-09 2.0747E-09 2.4389E-09 2.8696E-09 3.4229E-09 4.1595E-09 5.0479E-09 6.0430E-09 7.0950E-09 8.2253E-09 9.3111E-09 1.0436E-08 1.1649E-08 1.2873E-08 1.4158E-08 1.5458E-08 1.6760E-08 1.8013E-08 1.9235E-08 2.0347E-08 2.1422E-08 2.2481E-08 2.3776E-08 2.6213E-08 2.9170E-08 3.2422E-08 3.5698E-08 3.8068E-08 3.9283E-08 4.0489E-08
5.6281E-11 6.2283E-11 6.8859E-11 7.6054E-11 8.4150E-11 9.4439E-11 1.0650E-10 1.1961E-10 1.3626E-10 1.5454E-10 1.7338E-10 1.9375E-10 2.1750E-10 2.4627E-10 2.8075E-10 3.1900E-10 3.6038E-10 4.1238E-10 4.6987E-10 5.3879E-10 6.1243E-10 6.9846E-10 7.8077E-10 8.6999E-10 9.7833E-10 1.2194E-09 1.4363E-09 1.6794E-09 1.9397E-09 2.2747E-09 2.6735E-09 3.1847E-09 3.8714E-09 4.6801E-09 5.5939E-09 6.6267E-09 7.6602E-09 8.7332E-09 9.7921E-09 1.0921E-08 1.2100E-08 1.3311E-08 1.4558E-08 1.5801E-08 1.7011E-08 1.8181E-08 1.9272E-08 2.0323E-08 2.1552E-08 2.3219E-08 2.5474E-08 2.8689E-08 3.1711E-08 3.3800E-08 3.4848E-08 3.5886E-08 3.6943E-08
