Assets/Resources/2015_m01_d26_1500(utc+0800)_l00_csi_1hr_conc.grd
DSAA
         159         159
     -79.000      79.000
     -79.000      79.000
  0.0000E+00  0.2545E-05
[rows 125 to 149 of 159, columns 57 to 113 of 159]
5.4874E-11 5.4202E-11 5.3372E-11 5.2670E-11 5.1796E-11 5.0817E-11 4.9937E-11 4.9191E-11 4.8275E-11 4.7119E-11 4.6210E-11 4.5440E-11 4.4501E-11 4.3438E-11 4.2262E-11 4.1487E-11 4.0411E-11 3.9360E-11 3.8200E-11 3.7301E-11 3.6235E-11 3.4836E-11 3.4106E-11 3.3089E-11 3.1588E-11 3.0893E-11 3.0063E-11 2.8444E-11 2.7585E-11 2.6941E-11 2.5365E-11 2.4553E-11 2.3410E-11 2.2580E-11 2.1815E-11 2.0526E-11 1.9881E-11 1.9168E-11 1.7801E-11 1.7342E-11 1.6201E-11 1.5511E-11 1.5042E-11 1.4238E-11 1.3662E-11 1.3224E-11 1.2524E-11 1.2058E-11 1.1589E-11 1.1124E-11 1.0620E-11 1.0247E-11 9.7678E-12 9.3458E-12 9.0633E-12 8.6121E-12 8.2820E-12
5.1501E-11 5.0624E-11 4.9986E-11 4.9189E-11 4.8525E-11 4.7689E-11 4.6748E-11 4.5776E-11 4.5077E-11 4.4209E-11 4.3357E-11 4.2493E-11 4.1378E-11 4.0497E-11 3.9492E-11 3.8244E-11 3.7536E-11 3.6524E-11 3.5409E-11 3.4318E-11 3.3490E-11 3.2655E-11 3.1195E-11 3.0537E-11 2.9590E-11 2.8157E-11 2.7473E-11 2.6717E-11 2.5166E-11 2.4381E-11 2.3812E-11 2.2453E-11 2.1710E-11 2.0571E-11 1.9810E-11 1.9114E-11 1.7890E-11 1.7313E-11 1.6810E-11 1.5500E-11 1.5045E-11 1.4387E-11 1.3742E-11 1.3320E-11 1.2697E-11 1.2160E-11 1.1704E-11 1.1181E-11 1.0749E-11 1.0315E-11 1.0019E-11 9.4875E-12 9.1451E-12 8.6960E-12 8.3694E-12 8.0584E-12 7.6352E-12
4.8215E-11 4.7474E-11 4.6626E-11 4.6022E-11 4.5125E-11 4.4500E-11 4.3705E-11 4.3060E-11 4.2125E-11 4.1069E-11 4.0252E-11 3.9453E-11 3.8643E-11 3.7452E-11 3.6631E-11 3.5685E-11 3.4367E-11 3.3726E-11 3.2942E-11 3.1759E-11 3.0733E-11 2.9972E-11 2.9204E-11 2.7807E-11 2.7156E-11 2.6278E-11 2.4910E-11 2.4297E-11 2.3612E-11 2.2275E-11 2.1555E-11 2.0992E-11 1.9694E-11 1.9017E-11 1.7941E-11 1.7245E-11 1.6759E-11 1.5589E-11 1.5014E-11 1.4572E-11 1.3732E-11 1.3321E-11 1.2846E-11 1.2238E-11 1.1797E-11 1.1352E-11 1.0848E-11 1.0426E-11 1.0072E-11 9.6122E-12 9.2073E-12 8.9407E-12 8.5050E-12 8.1889E-12 7.7103E-12 7.3328E-12 6.9314E-12
4.4938E-11 4.4266E-11 4.3556E-11 4.2996E-11 4.2424E-11 4.1557E-11 4.0968E-11 3.9815E-11 3.9217E-11 3.8328E-11 3.7189E-11 3.6425E-11 3.5680E-11 3.4795E-11 3.3661E-11 3.3064E-11 3.2173E-11 3.0783E-11 3.0205E-11 2.9483E-11 2.8360E-11 2.7396E-11 2.6637E-11 2.5935E-11 2.4599E-11 2.4015E-11 2.3358E-11 2.2046E-11 2.1496E-11 2.0812E-11 1.9534E-11 1.8877E-11 1.8378E-11 1.7138E-11 1.6669E-11 1.5647E-11 1.4948E-11 1.4521E-11 1.3826E-11 1.3292E-11 1.2892E-11 1.2229E-11 1.1797E-11 1.1361E-11 1.0925E-11 1.0449E-11 1.0103E-11 9.7082E-12 9.3145E-12 8.9895E-12 8.5574E-12 8.2459E-12 7.9496E-12 7.5009E-12 7.0935E-12 6.5659E-12 6.2869E-12
4.2093E-11 4.1445E-11 4.0798E-11 4.0116E-11 3.9192E-11 3.8659E-11 3.7832E-11 3.7155E-11 3.6045E-11 3.5497E-11 3.4655E-11 3.3436E-11 3.2889E-11 3.2196E-11 3.1234E-11 3.0153E-11 2.9615E-11 2.8781E-11 2.7444E-11 2.6863E-11 2.6203E-11 2.5138E-11 2.4234E-11 2.3537E-11 2.3052E-11 2.1769E-11 2.1245E-11 2.0585E-11 1.9329E-11 1.8840E-11 1.8216E-11 1.6993E-11 1.6542E-11 1.6098E-11 1.4849E-11 1.4437E-11 1.3892E-11 1.3233E-11 1.2846E-11 1.2329E-11 1.1771E-11 1.1409E-11 1.0918E-11 1.0517E-11 1.0112E-11 9.8429E-12 9.3369E-12 9.0184E-12 8.6506E-12 8.3507E-12 8.0502E-12 7.5480E-12 7.1844E-12 6.8369E-12 6.3806E-12 6.0690E-12 5.5311E-12
3.9247E-11 3.8391E-11 3.7775E-11 3.7162E-11 3.6384E-11 3.5498E-11 3.5008E-11 3.4223E-11 3.3461E-11 3.2559E-11 3.2057E-11 3.1261E-11 2.9959E-11 2.9465E-11 2.8825E-11 2.8046E-11 2.6884E-11 2.6339E-11 2.5715E-11 2.4277E-11 2.3754E-11 2.3153E-11 2.2296E-11 2.1445E-11 2.0741E-11 2.0314E-11 1.9083E-11 1.8616E-11 1.8013E-11 1.6809E-11 1.6378E-11 1.5953E-11 1.4717E-11 1.4321E-11 1.3931E-11 1.3144E-11 1.2771E-11 1.2405E-11 1.1719E-11 1.1367E-11 1.1024E-11 1.0495E-11 1.0162E-11 9.8381E-12 9.4066E-12 9.0272E-12 8.7854E-12 8.3723E-12 8.0775E-12 7.6779E-12 7.3256E-12 6.9318E-12 6.4206E-12 6.1535E-12 5.7330E-12 5.3288E-12 5.0125E-12
3.6164E-11 3.5615E-11 3.4790E-11 3.4209E-11 3.3632E-11 3.2926E-11 3.2076E-11 3.1627E-11 3.0882E-11 3.0035E-11 2.9177E-11 2.8723E-11 2.7974E-11 2.7126E-11 2.6210E-11 2.5621E-11 2.4894E-11 2.3781E-11 2.3291E-11 2.2721E-11 2.1481E-11 2.1011E-11 2.0400E-11 1.9595E-11 1.8795E-11 1.8144E-11 1.7772E-11 1.6590E-11 1.6178E-11 1.5772E-11 1.4553E-11 1.4174E-11 1.3800E-11 1.3027E-11 1.2668E-11 1.2315E-11 1.1640E-11 1.1301E-11 1.0968E-11 1.0449E-11 1.0126E-11 9.8113E-12 9.3880E-12 9.0811E-12 8.7822E-12 8.3753E-12 8.0869E-12 7.8127E-12 7.3454E-12 6.9970E-12 6.5466E-12 6.2243E-12 5.8860E-12 5.3627E-12 5.0904E-12 4.6987E-12 4.3231E-12
3.3410E-11 3.2762E-11 3.2244E-11 3.1449E-11 3.0902E-11 3.0232E-11 2.9564E-11 2.8752E-11 2.8346E-11 2.7641E-11 2.6836E-11 2.5957E-11 2.5551E-11 2.4848E-11 2.4047E-11 2.3177E-11 2.2782E-11 2.2112E-11 2.1042E-11 2.0539E-11 2.0018E-11 1.8823E-11 1.8404E-11 1.7843E-11 1.7087E-11 1.6335E-11 1.5882E-11 1.5557E-11 1.4358E-11 1.3996E-11 1.3638E-11 1.2881E-11 1.2537E-11 1.2198E-11 1.1536E-11 1.1209E-11 1.0889E-11 1.0380E-11 1.0068E-11 9.7627E-12 9.3485E-12 9.0502E-12 8.7595E-12 8.3597E-12 8.1439E-12 7.8110E-12 7.3489E-12 7.0057E-12 6.6802E-12 6.2411E-12 5.9485E-12 5.4856E-12 5.1569E-12 4.8471E-12 4.3508E-12 4.1067E-12 3.6692E-12
3.0685E-11 3.0193E-11 2.9577E-11 2.8961E-11 2.8199E-11 2.7687E-11 2.7053E-11 2.6422E-11 2.5584E-11 2.5220E-11 2.4556E-11 2.3792E-11 2.2955E-11 2.2595E-11 2.2089E-11 2.1329E-11 2.0499E-11 2.0089E-11 1.9464E-11 1.8436E-11 1.7979E-11 1.7506E-11 1.6353E-11 1.5982E-11 1.5615E-11 1.4841E-11 1.4133E-11 1.3726E-11 1.3448E-11 1.2708E-11 1.2379E-11 1.2055E-11 1.1408E-11 1.1093E-11 1.0785E-11 1.0288E-11 9.9872E-12 9.6926E-12 9.2883E-12 8.9993E-12 8.7174E-12 8.3256E-12 8.1178E-12 7.8087E-12 7.3360E-12 7.0648E-12 6.6790E-12 6.2441E-12 5.9565E-12 5.6186E-12 5.1715E-12 4.9068E-12 4.4704E-12 4.1688E-12 3.7492E-12 3.3443E-12 3.1281E-12
2.7824E-11 2.7522E-11 2.7060E-11 2.6474E-11 2.5826E-11 2.5096E-11 2.4774E-11 2.4022E-11 2.3428E-11 2.2627E-11 2.2304E-11 2.1833E-11 2.1105E-11 2.0303E-11 1.9924E-11 1.9460E-11 1.8739E-11 1.7950E-11 1.7584E-11 1.7002E-11 1.6013E-11 1.5664E-11 1.5318E-11 1.4142E-11 1.3815E-11 1.3491E-11 1.3035E-11 1.2509E-11 1.2132E-11 1.1886E-11 1.1255E-11 1.0954E-11 1.0659E-11 1.0175E-11 9.8850E-12 9.6015E-12 9.2079E-12 8.9287E-12 8.6562E-12 8.2731E-12 8.0739E-12 7.7727E-12 7.3070E-12 7.0036E-12 6.6799E-12 6.1943E-12 5.9513E-12 5.6184E-12 5.1746E-12 4.9140E-12 4.6025E-12 4.1460E-12 3.8063E-12 3.4617E-12 3.1868E-12 2.8273E-12 2.4468E-12
2.5590E-11 2.5184E-11 2.4500E-11 2.4069E-11 2.3513E-11 2.2897E-11 2.2198E-11 2.1912E-11 2.1346E-11 2.0784E-11 2.0015E-11 1.9668E-11 1.9234E-11 1.8541E-11 1.7776E-11 1.7437E-11 1.7012E-11 1.6330E-11 1.5579E-11 1.5255E-11 1.4797E-11 1.3844E-11 1.3535E-11 1.3230E-11 1.2517E-11 1.2219E-11 1.1925E-11 1.1497E-11 1.1079E-11 1.0792E-11 1.0510E-11 1.0039E-11 9.7620E-12 9.4899E-12 9.1077E-12 8.8389E-12 8.5762E-12 8.2027E-12 8.0122E-12 7.7197E-12 7.2619E-12 6.9664E-12 6.6495E-12 6.1700E-12 5.8935E-12 5.6226E-12 5.1270E-12 4.9104E-12 4.6029E-12 4.1143E-12 3.8130E-12 3.5298E-12 3.1622E-12 2.8822E-12 2.5616E-12 2.3109E-12 2.0095E-12
2.3145E-11 2.2710E-11 2.2332E-11 2.1674E-11 2.1425E-11 2.0897E-11 2.0308E-11 1.9576E-11 1.9323E-11 1.8921E-11 1.8397E-11 1.7522E-11 1.7210E-11 1.6812E-11 1.6292E-11 1.5423E-11 1.5122E-11 1.4881E-11 1.4173E-11 1.3456E-11 1.3170E-11 1.2885E-11 1.2254E-11 1.1973E-11 1.1694E-11 1.1088E-11 1.0814E-11 1.0545E-11 1.0340E-11 9.8840E-12 9.6188E-12 9.3016E-12 8.9885E-12 8.7304E-12 8.4780E-12 8.1147E-12 7.8939E-12 7.5542E-12 7.1608E-12 6.9139E-12 6.6045E-12 6.1321E-12 5.8234E-12 5.5634E-12 5.1075E-12 4.8561E-12 4.6100E-12 3.9999E-12 3.8113E-12 3.5311E-12 3.1308E-12 2.8884E-12 2.6288E-12 2.2840E-12 2.0617E-12 1.7628E-12 1.5943E-12
2.1062E-11 2.0576E-11 2.0164E-11 1.9748E-11 1.9115E-11 1.8895E-11 1.8394E-11 1.7833E-11 1.7128E-11 1.6907E-11 1.6537E-11 1.6044E-11 1.5198E-11 1.4921E-11 1.4644E-11 1.4156E-11 1.3316E-11 1.3050E-11 1.2844E-11 1.2168E-11 1.1904E-11 1.1642E-11 1.1323E-11 1.0856E-11 1.0597E-11 1.0342E-11 9.8954E-12 9.7090E-12 9.3928E-12 9.1520E-12 8.8509E-12 8.6040E-12 8.3047E-12 8.0097E-12 7.7988E-12 7.4689E-12 7.0459E-12 6.8069E-12 6.4101E-12 6.0404E-12 5.7799E-12 5.5267E-12 5.0769E-12 4.7918E-12 4.5208E-12 3.9859E-12 3.7611E-12 3.5416E-12 3.0531E-12 2.8882E-12 2.6308E-12 2.2523E-12 2.0669E-12 1.8287E-12 1.5655E-12 1.3969E-12 1.1154E-12
1.8759E-11 1.8577E-11 1.8113E-11 1.7790E-11 1.7334E-11 1.6725E-11 1.6532E-11 1.6058E-11 1.5588E-11 1.4845E-11 1.4655E-11 1.4402E-11 1.3938E-11 1.3117E-11 1.2872E-11 1.2686E-11 1.2168E-11 1.1781E-11 1.1537E-11 1.1354E-11 1.0781E-11 1.0538E-11 1.0297E-11 1.0059E-11 9.6896E-12 9.4494E-12 9.2131E-12 8.8651E-12 8.6959E-12 8.3962E-12 8.1726E-12 7.8493E-12 7.6477E-12 7.2709E-12 6.9557E-12 6.6866E-12 6.3382E-12 5.8986E-12 5.6498E-12 5.3420E-12 4.9943E-12 4.7566E-12 4.3887E-12 3.9631E-12 3.7033E-12 3.4576E-12 3.0436E-12 2.8816E-12 2.6442E-12 2.2108E-12 2.0675E-12 1.8306E-12 1.5688E-12 1.4011E-12 1.1801E-12 9.6949E-13 8.1726E-13
1.6989E-11 1.6412E-11 1.6254E-11 1.5811E-11 1.5511E-11 1.5142E-11 1.4493E-11 1.4327E-11 1.3965E-11 1.3520E-11 1.2800E-11 1.2638E-11 1.2413E-11 1.1976E-11 1.1607E-11 1.1381E-11 1.1217E-11 1.0659E-11 1.0432E-11 1.0207E-11 1.0044E-11 9.6269E-12 9.4000E-12 9.1764E-12 8.8988E-12 8.6825E-12 8.4578E-12 8.2371E-12 7.8650E-12 7.7132E-12 7.4010E-12 7.1165E-12 6.7322E-12 6.5110E-12 6.1748E-12 5.7892E-12 5.5436E-12 5.2829E-12 4.8637E-12 4.5386E-12 4.2552E-12 3.8905E-12 3.6772E-12 3.3674E-12 3.0889E-12 2.7888E-12 2.5643E-12 2.2047E-12 2.0634E-12 1.8869E-12 1.5282E-12 1.4022E-12 1.1820E-12 9.7195E-13 8.2015E-13 6.1438E-13 5.1398E-13
1.5113E-11 1.4778E-11 1.4219E-11 1.4023E-11 1.3749E-11 1.3470E-11 1.3122E-11 1.2493E-11 1.2352E-11 1.2013E-11 1.1592E-11 1.1321E-11 1.1177E-11 1.0911E-11 1.0491E-11 1.0280E-11 1.0071E-11 9.9244E-12 9.5216E-12 9.3089E-12 9.0989E-12 8.8958E-12 8.6304E-12 8.4174E-12 8.2080E-12 7.9052E-12 7.7044E-12 7.4839E-12 7.1834E-12 6.7480E-12 6.6164E-12 6.2440E-12 5.9463E-12 5.5830E-12 5.3841E-12 5.1340E-12 4.6295E-12 4.4070E-12 4.1693E-12 3.7719E-12 3.5041E-12 3.2428E-12 2.9631E-12 2.7703E-12 2.5150E-12 2.2557E-12 1.9744E-12 1.7691E-12 1.5247E-12 1.4002E-12 1.2401E-12 9.3156E-13 8.2118E-13 6.1571E-13 5.1571E-13 3.7591E-13 2.2240E-13
1.3430E-11 1.3114E-11 1.2795E-11 1.2253E-11 1.2137E-11 1.1822E-11 1.1564E-11 1.1237E-11 1.1052E-11 1.0926E-11 1.0544E-11 1.0279E-11 1.0021E-11 9.8929E-12 9.6421E-12 9.3752E-12 9.1773E-12 8.9817E-12 8.7923E-12 8.5401E-12 8.3397E-12 8.1424E-12 7.9133E-12 7.6614E-12 7.4519E-12 7.1608E-12 6.8972E-12 6.6112E-12 6.2947E-12 6.0141E-12 5.5977E-12 5.4876E-12 5.2575E-12 4.7838E-12 4.4413E-12 4.2644E-12 4.0761E-12 3.5861E-12 3.3849E-12 3.1684E-12 2.8544E-12 2.6407E-12 2.4557E-12 2.1361E-12 1.9620E-12 1.7600E-12 1.5178E-12 1.3141E-12 1.1600E-12 9.2991E-13 8.6317E-13 6.7488E-13 4.7533E-13 3.7682E-13 2.2301E-13 1.3364E-13 4.4377E-14
1.1637E-11 1.1544E-11 1.1244E-11 1.0943E-11 1.0843E-11 1.0740E-11 1.0379E-11 1.0134E-11 9.9595E-12 9.7861E-12 9.6737E-12 9.3031E-12 9.1895E-12 9.0070E-12 8.8261E-12 8.5306E-12 8.4129E-12 8.2258E-12 8.0020E-12 7.8248E-12 7.5055E-12 7.3870E-12 7.0674E-12 6.8535E-12 6.5377E-12 6.2702E-12 5.9972E-12 5.7522E-12 5.4848E-12 5.0877E-12 4.8534E-12 4.4973E-12 4.3668E-12 4.1571E-12 3.7368E-12 3.4533E-12 3.2978E-12 3.0887E-12 2.7151E-12 2.5316E-12 2.3328E-12 2.0356E-12 1.8748E-12 1.7068E-12 1.4656E-12 1.3066E-12 1.1547E-12 9.2617E-13 7.3621E-13 6.3218E-13 4.7500E-13 4.1999E-13 2.8276E-13 1.3401E-13 4.4608E-14 0.0000E+00 0.0000E+00
1.0557E-11 1.0220E-11 1.0137E-11 9.8468E-12 9.6959E-12 9.6063E-12 9.5131E-12 9.1611E-12 9.0655E-12 8.9004E-12 8.7364E-12 8.5776E-12 8.3545E-12 8.2503E-12 8.0379E-12 7.8672E-12 7.5021E-12 7.3969E-12 7.2104E-12 6.9431E-12 6.6654E-12 6.3609E-12 6.2179E-12 5.9144E-12 5.7177E-12 5.3143E-12 5.0311E-12 4.8431E-12 4.6164E-12 4.3674E-12 4.0228E-12 3.8069E-12 3.4682E-12 3.3571E-12 3.1662E-12 2.7982E-12 2.5951E-12 2.4566E-12 2.2643E-12 1.9414E-12 1.7741E-12 1.5913E-12 1.3716E-12 1.2607E-12 1.1063E-12 9.2036E-13 7.3257E-13 6.2962E-13 4.7358E-13 3.3491E-13 2.4083E-13 1.3407E-13 8.8152E-14 0.0000E+00 0.0000E+00 0.0000E+00 0.0000E+00
9.4276E-12 9.3574E-12 9.0262E-12 8.9522E-12 8.8077E-12 8.6636E-12 8.5816E-12 8.4400E-12 8.2334E-12 8.1061E-12 7.9488E-12 7.7536E-12 7.5642E-12 7.3115E-12 7.2186E-12 6.9706E-12 6.7562E-12 6.4223E-12 6.2715E-12 6.0583E-12 5.8057E-12 5.4043E-12 5.1165E-12 4.9918E-12 4.7715E-12 4.5918E-12 4.2741E-12 3.9720E-12 3.8012E-12 3.5916E-12 3.3595E-12 3.0666E-12 2.8676E-12 2.6087E-12 2.5138E-12 2.3386E-12 2.0203E-12 1.8322E-12 1.7093E-12 1.5321E-12 1.3209E-12 1.1665E-12 9.9642E-13 7.8917E-13 7.2729E-13 5.8488E-13 4.7109E-13 3.3362E-13 2.4021E-13 1.3383E-13 4.4758E-14 0.0000E+00 0.0000E+00 0.0000E+00 0.0000E+00 0.0000E+00 0.0000E+00
8.4915E-12 8.4301E-12 8.3085E-12 8.0817E-12 8.0132E-12 7.8742E-12 7.6969E-12 7.5430E-12 7.4094E-12 7.1369E-12 6.9788E-12 6.8994E-12 6.6579E-12 6.4386E-12 6.1969E-12 6.0059E-12 5.7018E-12 5.5021E-12 5.1823E-12 5.0474E-12 4.8911E-12 4.6789E-12 4.3260E-12 4.0525E-12 3.9436E-12 3.7386E-12 3.5747E-12 3.3072E-12 3.0200E-12 2.8651E-12 2.6711E-12 2.5174E-12 2.2739E-12 2.0889E-12 1.8436E-12 1.7636E-12 1.6027E-12 1.3332E-12 1.2202E-12 1.1097E-12 9.4457E-13 7.8105E-13 6.7921E-13 4.7938E-13 3.8400E-13 3.3157E-13 2.3903E-13 1.3327E-13 4.4676E-14 0.0000E+00 0.0000E+00 0.0000E+00 0.0000E+00 0.0000E+00 0.0000E+00 0.0000E+00 0.0000E+00
7.5178E-12 7.3998E-12 7.3442E-12 7.2286E-12 7.0074E-12 6.9059E-12 6.8427E-12 6.6160E-12 6.3597E-12 6.2010E-12 5.9034E-12 5.7152E-12 5.6485E-12 5.4190E-12 5.2123E-12 4.9834E-12 4.8761E-12 4.5498E-12 4.4292E-12 4.1848E-12 4.0004E-12 3.8579E-12 3.6594E-12 3.3546E-12 3.1348E-12 3.0002E-12 2.8094E-12 2.6601E-12 2.4698E-12 2.2303E-12 2.0886E-12 1.9076E-12 1.7673E-12 1.6085E-12 1.4002E-12 1.2703E-12 1.1615E-12 1.0121E-12 7.8901E-13 6.8715E-13 5.8785E-13 4.7424E-13 3.8044E-13 2.8729E-13 1.3585E-13 8.9825E-14 4.4489E-14 0.0000E+00 0.0000E+00 0.0000E+00 0.0000E+00 0.0000E+00 0.0000E+00 0.0000E+00 0.0000E+00 0.0000E+00 0.0000E+00
6.5023E-12 6.3769E-12 6.2079E-12 6.1185E-12 6.0103E-12 5.7963E-12 5.6619E-12 5.6085E-12 5.4475E-12 5.1791E-12 5.0307E-12 4.7427E-12 4.5655E-12 4.5110E-12 4.3988E-12 4.1627E-12 3.9448E-12 3.8497E-12 3.5693E-12 3.4611E-12 3.2284E-12 3.0564E-12 2.9269E-12 2.7412E-12 2.5261E-12 2.3400E-12 2.2174E-12 2.0383E-12 1.9012E-12 1.7229E-12 1.5307E-12 1.4010E-12 1.2318E-12 1.1652E-12 1.0170E-12 8.5464E-13 7.3502E-13 6.3670E-13 5.3828E-13 3.8495E-13 2.9131E-13 2.4088E-13 1.3454E-13 8.9097E-14 4.4201E-14 0.0000E+00 0.0000E+00 0.0000E+00 0.0000E+00 0.0000E+00 0.0000E+00 0.0000E+00 0.0000E+00 0.0000E+00 0.0000E+00 0.0000E+00 0.0000E+00
5.4783E-12 5.3245E-12 5.2053E-12 5.0426E-12 4.9607E-12 4.8603E-12 4.6537E-12 4.5278E-12 4.4839E-12 4.3985E-12 4.1734E-12 4.0339E-12 3.7541E-12 3.5863E-12 3.5424E-12 3.4406E-12 3.2144E-12 3.0068E-12 2.9232E-12 2.6888E-12 2.5921E-12 2.3703E-12 2.2727E-12 2.1540E-12 1.9789E-12 1.8101E-12 1.6345E-12 1.5229E-12 1.3545E-12 1.2286E-12 1.1231E-12 9.7613E-13 8.5593E-13 6.9607E-13 6.3949E-13 5.4135E-13 3.8773E-13 3.7928E-13 2.8742E-13 1.9595E-13 9.0324E-14 4.4916E-14 0.0000E+00 0.0000E+00 0.0000E+00 0.0000E+00 0.0000E+00 0.0000E+00 0.0000E+00 0.0000E+00 0.0000E+00 0.0000E+00 0.0000E+00 0.0000E+00 0.0000E+00 0.0000E+00 0.0000E+00
4.4656E-12 4.4005E-12 4.2521E-12 4.1800E-12 4.0489E-12 3.9735E-12 3.8798E-12 3.6796E-12 3.5610E-12 3.5255E-12 3.4485E-12 3.2311E-12 3.1358E-12 2.8638E-12 2.7047E-12 2.6709E-12 2.5790E-12 2.3620E-12 2.2277E-12 2.1537E-12 1.9639E-12 1.8768E-12 1.7055E-12 1.5762E-12 1.4675E-12 1.3020E-12 1.1793E-12 1.0750E-12 9.7215E-13 8.5331E-13 6.9504E-13 6.3936E-13 5.0056E-13 3.8873E-13 3.3893E-13 2.8915E-13 1.9751E-13 9.1142E-14 8.9093E-14 4.4374E-14 0.0000E+00 0.0000E+00 0.0000E+00 0.0000E+00 0.0000E+00 0.0000E+00 0.0000E+00 0.0000E+00 0.0000E+00 0.0000E+00 0.0000E+00 0.0000E+00 0.0000E+00 0.0000E+00 0.0000E+00 0.0000E+00 0.0000E+00
