Assets/Resources/2015_m01_d14_1600(utc+0800)_l00_csi_1hr_conc.grd
DSAA
         159         159
     -79.000      79.000
     -79.000      79.000
  0.0000E+00  0.7731E-05
[rows 0 to 24 of 159, columns 0 to 56 of 159]
5.0643E-09 5.3047E-09 5.5581E-09 5.8250E-09 6.1025E-09 6.3981E-09 6.7106E-09 7.0402E-09 7.3883E-09 7.7511E-09 8.1383E-09 8.5411E-09 8.9604E-09 9.3902E-09 9.8295E-09 1.0277E-08 1.0730E-08 1.1185E-08 1.1640E-08 1.2093E-08 1.2542E-08 1.2984E-08 1.3415E-08 1.3831E-08 1.4228E-08 1.4601E-08 1.4945E-08 1.5254E-08 1.5524E-08 1.5746E-08 1.5913E-08 1.6019E-08 1.6056E-08 1.6014E-08 1.5890E-08 1.5675E-08 1.5366E-08 1.4963E-08 1.4467E-08 1.3884E-08 1.3225E-08 1.2506E-08 1.1743E-08 1.0966E-08 1.0198E-08 9.4551E-09 8.7476E-09 8.0632E-09 7.3850E-09 6.6701E-09 5.9594E-09 5.2961E-09 4.5894E-09 3.9908E-09 3.4323E-09 2.9274E-09 2.4788E-09
5.1663E-09 5.4174E-09 5.6832E-09 5.9614E-09 6.2561E-09 6.5690E-09 6.8978E-09 7.2456E-09 7.6133E-09 8.0017E-09 8.4110E-09 8.8361E-09 9.2787E-09 9.7341E-09 1.0200E-08 1.0673E-08 1.1151E-08 1.1631E-08 1.2114E-08 1.2596E-08 1.3074E-08 1.3544E-08 1.4002E-08 1.4445E-08 1.4868E-08 1.5267E-08 1.5635E-08 1.5968E-08 1.6258E-08 1.6499E-08 1.6681E-08 1.6798E-08 1.6841E-08 1.6801E-08 1.6672E-08 1.6445E-08 1.6117E-08 1.5688E-08 1.5157E-08 1.4534E-08 1.3828E-08 1.3058E-08 1.2246E-08 1.1422E-08 1.0613E-08 9.8367E-09 9.0952E-09 8.3762E-09 7.6559E-09 6.8975E-09 6.1461E-09 5.4517E-09 4.7131E-09 4.0963E-09 3.5301E-09 3.0189E-09 2.5724E-09
5.2650E-09 5.5263E-09 5.8040E-09 6.0956E-09 6.4076E-09 6.7347E-09 7.0799E-09 7.4494E-09 7.8395E-09 8.2513E-09 8.6807E-09 9.1301E-09 9.5985E-09 1.0080E-08 1.0569E-08 1.1067E-08 1.1571E-08 1.2080E-08 1.2592E-08 1.3102E-08 1.3607E-08 1.4105E-08 1.4591E-08 1.5062E-08 1.5513E-08 1.5938E-08 1.6332E-08 1.6688E-08 1.6999E-08 1.7258E-08 1.7456E-08 1.7585E-08 1.7634E-08 1.7595E-08 1.7459E-08 1.7220E-08 1.6872E-08 1.6413E-08 1.5847E-08 1.5180E-08 1.4426E-08 1.3603E-08 1.2742E-08 1.1874E-08 1.1024E-08 1.0215E-08 9.4387E-09 8.6805E-09 7.9174E-09 7.1149E-09 6.3642E-09 5.5987E-09 4.8277E-09 4.1962E-09 3.6184E-09 3.1061E-09 2.6501E-09
5.3584E-09 5.6313E-09 5.9208E-09 6.2288E-09 6.5541E-09 6.8965E-09 7.2611E-09 7.6524E-09 8.0627E-09 8.4948E-09 8.9462E-09 9.4240E-09 9.9164E-09 1.0420E-08 1.0935E-08 1.1459E-08 1.1991E-08 1.2528E-08 1.3068E-08 1.3605E-08 1.4140E-08 1.4667E-08 1.5184E-08 1.5684E-08 1.6163E-08 1.6615E-08 1.7035E-08 1.7415E-08 1.7749E-08 1.8027E-08 1.8241E-08 1.8380E-08 1.8437E-08 1.8398E-08 1.8256E-08 1.8003E-08 1.7633E-08 1.7144E-08 1.6539E-08 1.5827E-08 1.5022E-08 1.4146E-08 1.3236E-08 1.2325E-08 1.1440E-08 1.0597E-08 9.7849E-09 8.9811E-09 8.1742E-09 7.3558E-09 6.5391E-09 5.7416E-09 4.9972E-09 4.2962E-09 3.7083E-09 3.1864E-09 2.7271E-09
5.4458E-09 5.7312E-09 6.0343E-09 6.3561E-09 6.6943E-09 7.0535E-09 7.4413E-09 7.8505E-09 8.2804E-09 8.7337E-09 9.2125E-09 9.7131E-09 1.0227E-08 1.0755E-08 1.1296E-08 1.1847E-08 1.2407E-08 1.2971E-08 1.3538E-08 1.4105E-08 1.4670E-08 1.5227E-08 1.5772E-08 1.6300E-08 1.6807E-08 1.7286E-08 1.7731E-08 1.8135E-08 1.8490E-08 1.8787E-08 1.9017E-08 1.9168E-08 1.9230E-08 1.9192E-08 1.9042E-08 1.8773E-08 1.8378E-08 1.7856E-08 1.7211E-08 1.6451E-08 1.5594E-08 1.4668E-08 1.3710E-08 1.2758E-08 1.1838E-08 1.0958E-08 1.0110E-08 9.2602E-09 8.4100E-09 7.5626E-09 6.6983E-09 5.8697E-09 5.1287E-09 4.3850E-09 3.7889E-09 3.2595E-09 2.7929E-09
5.5290E-09 5.8273E-09 6.1424E-09 6.4756E-09 6.8281E-09 7.2080E-09 7.6145E-09 8.0397E-09 8.4916E-09 8.9684E-09 9.4721E-09 9.9932E-09 1.0531E-08 1.1083E-08 1.1650E-08 1.2228E-08 1.2813E-08 1.3406E-08 1.4002E-08 1.4599E-08 1.5192E-08 1.5778E-08 1.6351E-08 1.6908E-08 1.7444E-08 1.7950E-08 1.8422E-08 1.8850E-08 1.9229E-08 1.9546E-08 1.9790E-08 1.9952E-08 2.0017E-08 1.9976E-08 1.9816E-08 1.9529E-08 1.9108E-08 1.8552E-08 1.7864E-08 1.7055E-08 1.6144E-08 1.5168E-08 1.4167E-08 1.3178E-08 1.2228E-08 1.1316E-08 1.0422E-08 9.5278E-09 8.6345E-09 7.7460E-09 6.8450E-09 5.9996E-09 5.2281E-09 4.4690E-09 3.8656E-09 3.3260E-09 2.8530E-09
5.6075E-09 5.9169E-09 6.2431E-09 6.5885E-09 6.9588E-09 7.3574E-09 7.7788E-09 8.2228E-09 8.6968E-09 9.1967E-09 9.7209E-09 1.0264E-08 1.0825E-08 1.1402E-08 1.1994E-08 1.2597E-08 1.3210E-08 1.3830E-08 1.4455E-08 1.5080E-08 1.5702E-08 1.6316E-08 1.6919E-08 1.7505E-08 1.8068E-08 1.8602E-08 1.9101E-08 1.9553E-08 1.9952E-08 2.0287E-08 2.0545E-08 2.0715E-08 2.0783E-08 2.0738E-08 2.0567E-08 2.0260E-08 1.9811E-08 1.9218E-08 1.8486E-08 1.7627E-08 1.6666E-08 1.5642E-08 1.4601E-08 1.3578E-08 1.2595E-08 1.1648E-08 1.0708E-08 9.7692E-09 8.8337E-09 7.9083E-09 6.9765E-09 6.1078E-09 5.3187E-09 4.5437E-09 3.9312E-09 3.3859E-09 2.9069E-09
5.6804E-09 5.9982E-09 6.3353E-09 6.6945E-09 7.0822E-09 7.4971E-09 7.9334E-09 8.3995E-09 8.8934E-09 9.4141E-09 9.9585E-09 1.0523E-08 1.1107E-08 1.1708E-08 1.2324E-08 1.2953E-08 1.3593E-08 1.4241E-08 1.4893E-08 1.5546E-08 1.6196E-08 1.6840E-08 1.7471E-08 1.8085E-08 1.8677E-08 1.9239E-08 1.9760E-08 2.0237E-08 2.0656E-08 2.1007E-08 2.1279E-08 2.1457E-08 2.1527E-08 2.1475E-08 2.1289E-08 2.0959E-08 2.0478E-08 1.9846E-08 1.9068E-08 1.8158E-08 1.7149E-08 1.6082E-08 1.5003E-08 1.3953E-08 1.2940E-08 1.1955E-08 1.0973E-08 9.9910E-09 9.0116E-09 8.0519E-09 7.0872E-09 6.2117E-09 5.3943E-09 4.6123E-09 3.9922E-09 3.4384E-09 2.9534E-09
5.7453E-09 6.0718E-09 6.4200E-09 6.7954E-09 7.1976E-09 7.6256E-09 8.0795E-09 8.5654E-09 9.0771E-09 9.6189E-09 1.0183E-08 1.0769E-08 1.1375E-08 1.1998E-08 1.2638E-08 1.3293E-08 1.3959E-08 1.4633E-08 1.5311E-08 1.5992E-08 1.6671E-08 1.7343E-08 1.8002E-08 1.8646E-08 1.9264E-08 1.9850E-08 2.0398E-08 2.0897E-08 2.1337E-08 2.1704E-08 2.1986E-08 2.2166E-08 2.2233E-08 2.2172E-08 2.1968E-08 2.1613E-08 2.1100E-08 2.0428E-08 1.9603E-08 1.8643E-08 1.7589E-08 1.6485E-08 1.5377E-08 1.4301E-08 1.3258E-08 1.2231E-08 1.1205E-08 1.0182E-08 9.1656E-09 8.1752E-09 7.1995E-09 6.2916E-09 5.4634E-09 4.6961E-09 4.0420E-09 3.4859E-09 2.9948E-09
5.8003E-09 6.1363E-09 6.4975E-09 6.8862E-09 7.3022E-09 7.7438E-09 8.2165E-09 8.7188E-09 9.2499E-09 9.8095E-09 1.0393E-08 1.0999E-08 1.1625E-08 1.2271E-08 1.2934E-08 1.3613E-08 1.4303E-08 1.5002E-08 1.5708E-08 1.6417E-08 1.7124E-08 1.7824E-08 1.8513E-08 1.9183E-08 1.9827E-08 2.0441E-08 2.1014E-08 2.1533E-08 2.1989E-08 2.2368E-08 2.2656E-08 2.2840E-08 2.2903E-08 2.2831E-08 2.2610E-08 2.2229E-08 2.1681E-08 2.0967E-08 2.0095E-08 1.9090E-08 1.7994E-08 1.6858E-08 1.5725E-08 1.4621E-08 1.3552E-08 1.2486E-08 1.1420E-08 1.0357E-08 9.3047E-09 8.2843E-09 7.2860E-09 6.3648E-09 5.5281E-09 4.7556E-09 4.0937E-09 3.5297E-09 3.0345E-09
5.8468E-09 6.1927E-09 6.5662E-09 6.9666E-09 7.3950E-09 7.8512E-09 8.3408E-09 8.8577E-09 9.4072E-09 9.9836E-09 1.0585E-08 1.1209E-08 1.1855E-08 1.2523E-08 1.3208E-08 1.3909E-08 1.4623E-08 1.5348E-08 1.6081E-08 1.6817E-08 1.7549E-08 1.8276E-08 1.8991E-08 1.9686E-08 2.0358E-08 2.0996E-08 2.1585E-08 2.2123E-08 2.2593E-08 2.2982E-08 2.3277E-08 2.3461E-08 2.3518E-08 2.3431E-08 2.3187E-08 2.2775E-08 2.2190E-08 2.1432E-08 2.0512E-08 1.9465E-08 1.8336E-08 1.7175E-08 1.6025E-08 1.4901E-08 1.3798E-08 1.2695E-08 1.1591E-08 1.0491E-08 9.4104E-09 8.3639E-09 7.3537E-09 6.4194E-09 5.5775E-09 4.7963E-09 4.1326E-09 3.5663E-09 3.0637E-09
5.8848E-09 6.2412E-09 6.6250E-09 7.0361E-09 7.4762E-09 7.9467E-09 8.4493E-09 8.9821E-09 9.5472E-09 1.0139E-08 1.0756E-08 1.1398E-08 1.2064E-08 1.2751E-08 1.3456E-08 1.4179E-08 1.4917E-08 1.5667E-08 1.6425E-08 1.7185E-08 1.7942E-08 1.8694E-08 1.9435E-08 2.0159E-08 2.0855E-08 2.1509E-08 2.2121E-08 2.2675E-08 2.3158E-08 2.3558E-08 2.3856E-08 2.4035E-08 2.4081E-08 2.3977E-08 2.3709E-08 2.3265E-08 2.2643E-08 2.1843E-08 2.0883E-08 1.9800E-08 1.8645E-08 1.7466E-08 1.6301E-08 1.5160E-08 1.4025E-08 1.2887E-08 1.1748E-08 1.0615E-08 9.5073E-09 8.4404E-09 7.4172E-09 6.4787E-09 5.6300E-09 4.8471E-09 4.1762E-09 3.6035E-09 3.0972E-09
5.9136E-09 6.2790E-09 6.6713E-09 7.0934E-09 7.5443E-09 8.0285E-09 8.5426E-09 9.0902E-09 9.6686E-09 1.0274E-08 1.0906E-08 1.1565E-08 1.2247E-08 1.2952E-08 1.3677E-08 1.4422E-08 1.5183E-08 1.5956E-08 1.6735E-08 1.7516E-08 1.8300E-08 1.9077E-08 1.9842E-08 2.0585E-08 2.1297E-08 2.1973E-08 2.2603E-08 2.3169E-08 2.3662E-08 2.4064E-08 2.4360E-08 2.4533E-08 2.4565E-08 2.4441E-08 2.4146E-08 2.3669E-08 2.3007E-08 2.2165E-08 2.1167E-08 2.0056E-08 1.8880E-08 1.7693E-08 1.6517E-08 1.5358E-08 1.4194E-08 1.3026E-08 1.1856E-08 1.0698E-08 9.5670E-09 8.4875E-09 7.4422E-09 6.5130E-09 5.6596E-09 4.8501E-09 4.2059E-09 3.6317E-09 3.1175E-09
5.9337E-09 6.3065E-09 6.7071E-09 7.1379E-09 7.5992E-09 8.0936E-09 8.6188E-09 9.1794E-09 9.7689E-09 1.0387E-08 1.1033E-08 1.1706E-08 1.2404E-08 1.3126E-08 1.3870E-08 1.4635E-08 1.5416E-08 1.6207E-08 1.7006E-08 1.7812E-08 1.8617E-08 1.9415E-08 2.0199E-08 2.0958E-08 2.1691E-08 2.2386E-08 2.3028E-08 2.3608E-08 2.4106E-08 2.4510E-08 2.4803E-08 2.4967E-08 2.4984E-08 2.4837E-08 2.4512E-08 2.4002E-08 2.3302E-08 2.2422E-08 2.1395E-08 2.0264E-08 1.9080E-08 1.7891E-08 1.6710E-08 1.5531E-08 1.4343E-08 1.3147E-08 1.1950E-08 1.0770E-08 9.6218E-09 8.5331E-09 7.4838E-09 6.5412E-09 5.6990E-09 4.8903E-09 4.2394E-09 3.6600E-09 3.1438E-09
5.9435E-09 6.3216E-09 6.7306E-09 7.1688E-09 7.6398E-09 8.1422E-09 8.6782E-09 9.2479E-09 9.8471E-09 1.0476E-08 1.1135E-08 1.1820E-08 1.2532E-08 1.3270E-08 1.4033E-08 1.4814E-08 1.5611E-08 1.6418E-08 1.7240E-08 1.8067E-08 1.8887E-08 1.9702E-08 2.0501E-08 2.1280E-08 2.2033E-08 2.2740E-08 2.3394E-08 2.3978E-08 2.4480E-08 2.4882E-08 2.5168E-08 2.5318E-08 2.5314E-08 2.5142E-08 2.4787E-08 2.4243E-08 2.3508E-08 2.2597E-08 2.1547E-08 2.0405E-08 1.9222E-08 1.8032E-08 1.6851E-08 1.5656E-08 1.4448E-08 1.3229E-08 1.2012E-08 1.0813E-08 9.6546E-09 8.5477E-09 7.5128E-09 6.5697E-09 5.7043E-09 4.9193E-09 4.2688E-09 3.6850E-09 3.1610E-09
5.9422E-09 6.3252E-09 6.7406E-09 7.1853E-09 7.6636E-09 8.1728E-09 8.7181E-09 9.2947E-09 9.9025E-09 1.0541E-08 1.1210E-08 1.1906E-08 1.2631E-08 1.3385E-08 1.4160E-08 1.4954E-08 1.5763E-08 1.6591E-08 1.7430E-08 1.8266E-08 1.9105E-08 1.9933E-08 2.0751E-08 2.1550E-08 2.2312E-08 2.3026E-08 2.3686E-08 2.4274E-08 2.4775E-08 2.5171E-08 2.5443E-08 2.5577E-08 2.5551E-08 2.5353E-08 2.4968E-08 2.4389E-08 2.3619E-08 2.2683E-08 2.1621E-08 2.0480E-08 1.9308E-08 1.8128E-08 1.6941E-08 1.5734E-08 1.4509E-08 1.3271E-08 1.2037E-08 1.0825E-08 9.6638E-09 8.5578E-09 7.5264E-09 6.5706E-09 5.7220E-09 4.9401E-09 4.2860E-09 3.6989E-09 3.1745E-09
5.9299E-09 6.3171E-09 6.7373E-09 7.1879E-09 7.6704E-09 8.1860E-09 8.7370E-09 9.3195E-09 9.9342E-09 1.0580E-08 1.1256E-08 1.1963E-08 1.2700E-08 1.3462E-08 1.4247E-08 1.5050E-08 1.5877E-08 1.6719E-08 1.7564E-08 1.8417E-08 1.9266E-08 2.0112E-08 2.0946E-08 2.1752E-08 2.2519E-08 2.3242E-08 2.3905E-08 2.4495E-08 2.4994E-08 2.5384E-08 2.5644E-08 2.5760E-08 2.5714E-08 2.5487E-08 2.5073E-08 2.4464E-08 2.3670E-08 2.2718E-08 2.1656E-08 2.0528E-08 1.9373E-08 1.8209E-08 1.7020E-08 1.5806E-08 1.4568E-08 1.3316E-08 1.2072E-08 1.0855E-08 9.6914E-09 8.5757E-09 7.5484E-09 6.6088E-09 5.7371E-09 4.9794E-09 4.3213E-09 3.7292E-09 3.2011E-09
5.9054E-09 6.2960E-09 6.7196E-09 7.1744E-09 7.6599E-09 8.1806E-09 8.7348E-09 9.3214E-09 9.9407E-09 1.0592E-08 1.1274E-08 1.1989E-08 1.2733E-08 1.3501E-08 1.4291E-08 1.5109E-08 1.5946E-08 1.6793E-08 1.7649E-08 1.8513E-08 1.9375E-08 2.0234E-08 2.1073E-08 2.1881E-08 2.2657E-08 2.3384E-08 2.4050E-08 2.4637E-08 2.5125E-08 2.5502E-08 2.5747E-08 2.5841E-08 2.5769E-08 2.5515E-08 2.5072E-08 2.4434E-08 2.3622E-08 2.2667E-08 2.1614E-08 2.0510E-08 1.9379E-08 1.8228E-08 1.7041E-08 1.5821E-08 1.4573E-08 1.3314E-08 1.2063E-08 1.0847E-08 9.6863E-09 8.5809E-09 7.5592E-09 6.6238E-09 5.7567E-09 5.0014E-09 4.3382E-09 3.7434E-09 3.2141E-09
5.8699E-09 6.2616E-09 6.6880E-09 7.1442E-09 7.6315E-09 8.1550E-09 8.7108E-09 9.2997E-09 9.9213E-09 1.0575E-08 1.1262E-08 1.1981E-08 1.2727E-08 1.3500E-08 1.4298E-08 1.5123E-08 1.5962E-08 1.6815E-08 1.7681E-08 1.8552E-08 1.9426E-08 2.0287E-08 2.1128E-08 2.1945E-08 2.2725E-08 2.3454E-08 2.4114E-08 2.4692E-08 2.5170E-08 2.5530E-08 2.5757E-08 2.5830E-08 2.5733E-08 2.5453E-08 2.4983E-08 2.4327E-08 2.3508E-08 2.2563E-08 2.1533E-08 2.0462E-08 1.9360E-08 1.8221E-08 1.7039E-08 1.5817E-08 1.4564E-08 1.3303E-08 1.2051E-08 1.0841E-08 9.6776E-09 8.5793E-09 7.5653E-09 6.6257E-09 5.7632E-09 5.0290E-09 4.3645E-09 3.7689E-09 3.2367E-09
5.8229E-09 6.2145E-09 6.6422E-09 7.0974E-09 7.5860E-09 8.1093E-09 8.6644E-09 9.2531E-09 9.8744E-09 1.0529E-08 1.1218E-08 1.1937E-08 1.2683E-08 1.3458E-08 1.4263E-08 1.5087E-08 1.5929E-08 1.6787E-08 1.7657E-08 1.8537E-08 1.9412E-08 2.0272E-08 2.1120E-08 2.1940E-08 2.2718E-08 2.3441E-08 2.4093E-08 2.4660E-08 2.5124E-08 2.5471E-08 2.5680E-08 2.5730E-08 2.5609E-08 2.5308E-08 2.4820E-08 2.4156E-08 2.3342E-08 2.2418E-08 2.1425E-08 2.0389E-08 1.9321E-08 1.8197E-08 1.7022E-08 1.5802E-08 1.4551E-08 1.3291E-08 1.2047E-08 1.0845E-08 9.6812E-09 8.6068E-09 7.5893E-09 6.6432E-09 5.8079E-09 5.0733E-09 4.4060E-09 3.8061E-09 3.2707E-09
5.7636E-09 6.1539E-09 6.5809E-09 7.0337E-09 7.5211E-09 8.0423E-09 8.5946E-09 9.1811E-09 9.7995E-09 1.0454E-08 1.1141E-08 1.1856E-08 1.2601E-08 1.3379E-08 1.4181E-08 1.5003E-08 1.5846E-08 1.6708E-08 1.7583E-08 1.8459E-08 1.9331E-08 2.0196E-08 2.1044E-08 2.1861E-08 2.2632E-08 2.3345E-08 2.3986E-08 2.4541E-08 2.4993E-08 2.5321E-08 2.5505E-08 2.5534E-08 2.5393E-08 2.5074E-08 2.4572E-08 2.3908E-08 2.3114E-08 2.2224E-08 2.1278E-08 2.0284E-08 1.9240E-08 1.8133E-08 1.6967E-08 1.5750E-08 1.4506E-08 1.3251E-08 1.2020E-08 1.0832E-08 9.6725E-09 8.6114E-09 7.6134E-09 6.6765E-09 5.8467E-09 5.1093E-09 4.4405E-09 3.8384E-09 3.2995E-09
5.6925E-09 6.0806E-09 6.5039E-09 6.9538E-09 7.4370E-09 7.9543E-09 8.5013E-09 9.0834E-09 9.6982E-09 1.0349E-08 1.1029E-08 1.1739E-08 1.2484E-08 1.3258E-08 1.4053E-08 1.4873E-08 1.5715E-08 1.6577E-08 1.7448E-08 1.8318E-08 1.9190E-08 2.0055E-08 2.0897E-08 2.1704E-08 2.2464E-08 2.3165E-08 2.3797E-08 2.4339E-08 2.4770E-08 2.5077E-08 2.5243E-08 2.5255E-08 2.5102E-08 2.4773E-08 2.4273E-08 2.3624E-08 2.2862E-08 2.2020E-08 2.1121E-08 2.0176E-08 1.9160E-08 1.8073E-08 1.6920E-08 1.5716E-08 1.4482E-08 1.3242E-08 1.2027E-08 1.0846E-08 9.7156E-09 8.6534E-09 7.6544E-09 6.7272E-09 5.9189E-09 5.1792E-09 4.5081E-09 3.8990E-09 3.3491E-09
5.6096E-09 5.9939E-09 6.4120E-09 6.8570E-09 7.3339E-09 7.8452E-09 8.3851E-09 8.9602E-09 9.5701E-09 1.0212E-08 1.0884E-08 1.1589E-08 1.2329E-08 1.3092E-08 1.3882E-08 1.4697E-08 1.5537E-08 1.6393E-08 1.7252E-08 1.8121E-08 1.8989E-08 1.9844E-08 2.0673E-08 2.1468E-08 2.2216E-08 2.2909E-08 2.3524E-08 2.4046E-08 2.4460E-08 2.4750E-08 2.4904E-08 2.4903E-08 2.4736E-08 2.4399E-08 2.3910E-08 2.3287E-08 2.2568E-08 2.1782E-08 2.0941E-08 2.0036E-08 1.9047E-08 1.7980E-08 1.6842E-08 1.5652E-08 1.4432E-08 1.3213E-08 1.2018E-08 1.0848E-08 9.7342E-09 8.6858E-09 7.6893E-09 6.7904E-09 5.9848E-09 5.2429E-09 4.5648E-09 3.9474E-09 3.3918E-09
5.5154E-09 5.8936E-09 6.3053E-09 6.7434E-09 7.2123E-09 7.7153E-09 8.2463E-09 8.8124E-09 9.4148E-09 1.0045E-08 1.0708E-08 1.1406E-08 1.2133E-08 1.2888E-08 1.3668E-08 1.4479E-08 1.5309E-08 1.6153E-08 1.7003E-08 1.7865E-08 1.8721E-08 1.9560E-08 2.0376E-08 2.1157E-08 2.1895E-08 2.2570E-08 2.3167E-08 2.3673E-08 2.4072E-08 2.4349E-08 2.4488E-08 2.4473E-08 2.4301E-08 2.3971E-08 2.3504E-08 2.2926E-08 2.2263E-08 2.1543E-08 2.0755E-08 1.9887E-08 1.8927E-08 1.7882E-08 1.6762E-08 1.5593E-08 1.4394E-08 1.3200E-08 1.2019E-08 1.0870E-08 9.7629E-09 8.7329E-09 7.7467E-09 6.8783E-09 6.0699E-09 5.3230E-09 4.6367E-09 4.0124E-09 3.4477E-09
5.4100E-09 5.7807E-09 6.1847E-09 6.6135E-09 7.0727E-09 7.5658E-09 8.0858E-09 8.6413E-09 9.2320E-09 9.8503E-09 1.0502E-08 1.1189E-08 1.1903E-08 1.2645E-08 1.3416E-08 1.4216E-08 1.5030E-08 1.5857E-08 1.6700E-08 1.7547E-08 1.8385E-08 1.9209E-08 2.0009E-08 2.0778E-08 2.1498E-08 2.2155E-08 2.2735E-08 2.3225E-08 2.3610E-08 2.3871E-08 2.3998E-08 2.3979E-08 2.3812E-08 2.3507E-08 2.3080E-08 2.2556E-08 2.1961E-08 2.1300E-08 2.0571E-08 1.9740E-08 1.8810E-08 1.7789E-08 1.6696E-08 1.5551E-08 1.4382E-08 1.3205E-08 1.2041E-08 1.0920E-08 9.8558E-09 8.7920E-09 7.8685E-09 6.9990E-09 6.1847E-09 5.4316E-09 4.7385E-09 4.1013E-09 3.5219E-09
