Assets/Resources/2015_m01_d02_1500(utc+0800)_l00_csi_1hr_conc.grd
DSAA
         159         159
     -79.000      79.000
     -79.000      79.000
  0.0000E+00  0.8097E-05
[rows 0 to 24 of 159, columns 57 to 113 of 159]
5.4867E-09 5.6887E-09 5.8706E-09 6.0305E-09 6.1672E-09 6.2796E-09 6.3664E-09 6.4277E-09 6.4638E-09 6.4737E-09 6.4567E-09 6.4145E-09 6.3492E-09 6.2624E-09 6.1524E-09 6.0244E-09 5.8789E-09 5.7197E-09 5.5477E-09 5.3627E-09 5.1686E-09 4.9664E-09 4.7558E-09 4.5391E-09 4.3173E-09 4.0918E-09 3.8645E-09 3.6382E-09 3.4129E-09 3.1900E-09 2.9714E-09 2.7563E-09 2.5439E-09 2.3444E-09 2.1518E-09 1.9698E-09 1.7962E-09 1.6310E-09 1.4757E-09 1.3293E-09 1.1931E-09 1.0663E-09 9.5003E-10 8.4209E-10 7.4323E-10 6.5152E-10 5.6931E-10 4.9426E-10 4.2785E-10 3.6868E-10 3.1610E-10 2.6960E-10 2.2847E-10 1.9290E-10 1.6213E-10 1.3575E-10 1.1328E-10
5.7825E-09 5.9861E-09 6.1676E-09 6.3251E-09 6.4574E-09 6.5635E-09 6.6428E-09 6.6950E-09 6.7203E-09 6.7182E-09 6.6878E-09 6.6319E-09 6.5536E-09 6.4508E-09 6.3272E-09 6.1837E-09 6.0240E-09 5.8496E-09 5.6624E-09 5.4652E-09 5.2578E-09 5.0437E-09 4.8236E-09 4.5978E-09 4.3681E-09 4.1361E-09 3.9024E-09 3.6689E-09 3.4393E-09 3.2112E-09 2.9894E-09 2.7693E-09 2.5554E-09 2.3508E-09 2.1573E-09 1.9731E-09 1.7988E-09 1.6325E-09 1.4763E-09 1.3296E-09 1.1926E-09 1.0656E-09 9.4876E-10 8.4062E-10 7.4168E-10 6.4988E-10 5.6768E-10 4.9263E-10 4.2630E-10 3.6722E-10 3.1475E-10 2.6835E-10 2.2736E-10 1.9194E-10 1.6125E-10 1.3499E-10 1.1267E-10
6.0704E-09 6.2746E-09 6.4545E-09 6.6086E-09 6.7356E-09 6.8346E-09 6.9051E-09 6.9472E-09 6.9606E-09 6.9453E-09 6.9010E-09 6.8320E-09 6.7389E-09 6.6203E-09 6.4807E-09 6.3232E-09 6.1476E-09 5.9585E-09 5.7564E-09 5.5451E-09 5.3264E-09 5.1000E-09 4.8698E-09 4.6355E-09 4.3983E-09 4.1603E-09 3.9219E-09 3.6832E-09 3.4476E-09 3.2178E-09 2.9907E-09 2.7696E-09 2.5528E-09 2.3458E-09 2.1512E-09 1.9666E-09 1.7917E-09 1.6256E-09 1.4692E-09 1.3228E-09 1.1859E-09 1.0593E-09 9.4264E-10 8.3477E-10 7.3627E-10 6.4484E-10 5.6310E-10 4.8843E-10 4.2252E-10 3.6384E-10 3.1176E-10 2.6569E-10 2.2503E-10 1.8995E-10 1.5950E-10 1.3350E-10 1.1143E-10
6.3542E-09 6.5577E-09 6.7349E-09 6.8842E-09 7.0041E-09 7.0943E-09 7.1544E-09 7.1843E-09 7.1842E-09 7.1542E-09 7.0961E-09 7.0117E-09 6.9018E-09 6.7678E-09 6.6139E-09 6.4404E-09 6.2483E-09 6.0434E-09 5.8287E-09 5.6046E-09 5.3720E-09 5.1355E-09 4.8941E-09 4.6516E-09 4.4078E-09 4.1640E-09 3.9212E-09 3.6798E-09 3.4397E-09 3.2071E-09 2.9784E-09 2.7550E-09 2.5369E-09 2.3294E-09 2.1337E-09 1.9501E-09 1.7753E-09 1.6103E-09 1.4545E-09 1.3091E-09 1.1732E-09 1.0475E-09 9.3173E-10 8.2461E-10 7.2706E-10 6.3649E-10 5.5561E-10 4.8173E-10 4.1658E-10 3.5861E-10 3.0718E-10 2.6166E-10 2.2152E-10 1.8696E-10 1.5689E-10 1.3130E-10 1.0956E-10
6.6317E-09 6.8329E-09 7.0060E-09 7.1490E-09 7.2606E-09 7.3405E-09 7.3886E-09 7.4051E-09 7.3906E-09 7.3447E-09 7.2710E-09 7.1700E-09 7.0425E-09 6.8915E-09 6.7220E-09 6.5320E-09 6.3255E-09 6.1065E-09 5.8772E-09 5.6400E-09 5.3966E-09 5.1482E-09 4.8982E-09 4.6463E-09 4.3965E-09 4.1476E-09 3.9008E-09 3.6574E-09 3.4167E-09 3.1797E-09 2.9519E-09 2.7257E-09 2.5086E-09 2.3009E-09 2.1055E-09 1.9236E-09 1.7502E-09 1.5867E-09 1.4326E-09 1.2887E-09 1.1545E-09 1.0302E-09 9.1613E-10 8.1031E-10 7.1421E-10 6.2495E-10 5.4535E-10 4.7261E-10 4.0856E-10 3.5158E-10 3.0108E-10 2.5632E-10 2.1690E-10 1.8295E-10 1.5348E-10 1.2844E-10 1.0709E-10
6.8989E-09 7.0962E-09 7.2633E-09 7.3987E-09 7.5008E-09 7.5689E-09 7.6038E-09 7.6056E-09 7.5751E-09 7.5136E-09 7.4228E-09 7.3038E-09 7.1588E-09 6.9929E-09 6.8059E-09 6.5991E-09 6.3783E-09 6.1455E-09 5.9026E-09 5.6517E-09 5.3971E-09 5.1393E-09 4.8801E-09 4.6208E-09 4.3640E-09 4.1109E-09 3.8614E-09 3.6162E-09 3.3759E-09 3.1384E-09 2.9087E-09 2.6842E-09 2.4671E-09 2.2606E-09 2.0670E-09 1.8874E-09 1.7165E-09 1.5552E-09 1.4038E-09 1.2619E-09 1.1302E-09 1.0079E-09 8.9610E-10 7.9210E-10 6.9790E-10 6.1040E-10 5.3247E-10 4.6124E-10 3.9859E-10 3.4289E-10 2.9354E-10 2.4975E-10 2.1122E-10 1.7804E-10 1.4927E-10 1.2495E-10 1.0408E-10
7.1572E-09 7.3491E-09 7.5085E-09 7.6342E-09 7.7251E-09 7.7804E-09 7.8006E-09 7.7865E-09 7.7387E-09 7.6599E-09 7.5511E-09 7.4138E-09 7.2518E-09 7.0672E-09 6.8631E-09 6.6415E-09 6.4062E-09 6.1586E-09 5.9025E-09 5.6406E-09 5.3745E-09 5.1076E-09 4.8402E-09 4.5757E-09 4.3115E-09 4.0548E-09 3.8036E-09 3.5576E-09 3.3173E-09 3.0832E-09 2.8516E-09 2.6296E-09 2.4133E-09 2.2095E-09 2.0188E-09 1.8420E-09 1.6747E-09 1.5165E-09 1.3682E-09 1.2293E-09 1.1006E-09 9.8102E-10 8.7189E-10 7.7030E-10 6.7839E-10 5.9305E-10 5.1716E-10 4.4776E-10 3.8682E-10 3.3264E-10 2.8468E-10 2.4199E-10 2.0458E-10 1.7230E-10 1.4432E-10 1.2089E-10 1.0059E-10
7.4067E-09 7.5919E-09 7.7423E-09 7.8566E-09 7.9343E-09 7.9754E-09 7.9797E-09 7.9484E-09 7.8830E-09 7.7854E-09 7.6569E-09 7.5009E-09 7.3204E-09 7.1176E-09 6.8954E-09 6.6578E-09 6.4079E-09 6.1466E-09 5.8784E-09 5.6055E-09 5.3304E-09 5.0543E-09 4.7803E-09 4.5085E-09 4.2426E-09 3.9799E-09 3.7280E-09 3.4822E-09 3.2430E-09 3.0113E-09 2.7829E-09 2.5615E-09 2.3488E-09 2.1480E-09 1.9613E-09 1.7883E-09 1.6251E-09 1.4709E-09 1.3266E-09 1.1913E-09 1.0661E-09 9.4980E-10 8.4385E-10 7.4516E-10 6.5596E-10 5.7317E-10 4.9965E-10 4.3240E-10 3.7341E-10 3.2100E-10 2.7464E-10 2.3319E-10 1.9704E-10 1.6582E-10 1.3877E-10 1.1624E-10 9.6613E-11
7.6485E-09 7.8263E-09 7.9663E-09 8.0678E-09 8.1306E-09 8.1549E-09 8.1412E-09 8.0909E-09 8.0062E-09 7.8887E-09 7.7396E-09 7.5643E-09 7.3639E-09 7.1426E-09 6.9031E-09 6.6500E-09 6.3842E-09 6.1095E-09 5.8296E-09 5.5477E-09 5.2642E-09 4.9803E-09 4.6998E-09 4.4238E-09 4.1534E-09 3.8899E-09 3.6353E-09 3.3907E-09 3.1541E-09 2.9255E-09 2.7019E-09 2.4822E-09 2.2740E-09 2.0771E-09 1.8952E-09 1.7271E-09 1.5686E-09 1.4190E-09 1.2792E-09 1.1484E-09 1.0271E-09 9.1472E-10 8.1240E-10 7.1705E-10 6.3094E-10 5.5104E-10 4.8019E-10 4.1536E-10 3.5857E-10 3.0814E-10 2.6348E-10 2.2349E-10 1.8867E-10 1.5858E-10 1.3274E-10 1.1112E-10 9.2179E-11
7.8778E-09 8.0471E-09 8.1761E-09 8.2639E-09 8.3105E-09 8.3169E-09 8.2841E-09 8.2142E-09 8.1088E-09 7.9696E-09 7.8006E-09 7.6049E-09 7.3847E-09 7.1432E-09 6.8870E-09 6.6173E-09 6.3366E-09 6.0491E-09 5.7581E-09 5.4662E-09 5.1753E-09 4.8866E-09 4.6002E-09 4.3212E-09 4.0475E-09 3.7849E-09 3.5275E-09 3.2850E-09 3.0518E-09 2.8272E-09 2.6080E-09 2.3938E-09 2.1893E-09 1.9979E-09 1.8217E-09 1.6590E-09 1.5058E-09 1.3617E-09 1.2268E-09 1.1010E-09 9.8439E-10 8.7629E-10 7.7796E-10 6.8637E-10 6.0369E-10 5.2698E-10 4.5905E-10 3.9689E-10 3.4251E-10 2.9423E-10 2.5138E-10 2.1300E-10 1.7969E-10 1.5069E-10 1.2617E-10 1.0564E-10 8.7422E-11
8.0970E-09 8.2565E-09 8.3733E-09 8.4465E-09 8.4761E-09 8.4633E-09 8.4098E-09 8.3181E-09 8.1906E-09 8.0298E-09 7.8397E-09 7.6223E-09 7.3820E-09 7.1224E-09 6.8482E-09 6.5615E-09 6.2664E-09 5.9665E-09 5.6647E-09 5.3641E-09 5.0655E-09 4.7723E-09 4.4844E-09 4.2006E-09 3.9286E-09 3.6615E-09 3.4090E-09 3.1660E-09 2.9372E-09 2.7175E-09 2.5039E-09 2.2962E-09 2.0965E-09 1.9113E-09 1.7415E-09 1.5851E-09 1.4377E-09 1.2995E-09 1.1703E-09 1.0497E-09 9.3813E-10 8.3499E-10 7.4104E-10 6.5353E-10 5.7458E-10 5.0132E-10 4.3654E-10 3.7724E-10 3.2544E-10 2.7947E-10 2.3856E-10 2.0181E-10 1.7012E-10 1.4236E-10 1.1924E-10 9.9760E-11 8.2436E-11
8.3091E-09 8.4576E-09 8.5608E-09 8.6182E-09 8.6299E-09 8.5970E-09 8.5218E-09 8.4070E-09 8.2546E-09 8.0712E-09 7.8585E-09 7.6195E-09 7.3573E-09 7.0791E-09 6.7868E-09 6.4841E-09 6.1753E-09 5.8638E-09 5.5515E-09 5.2418E-09 4.9378E-09 4.6397E-09 4.3499E-09 4.0680E-09 3.7923E-09 3.5298E-09 3.2770E-09 3.0369E-09 2.8117E-09 2.5983E-09 2.3911E-09 2.1897E-09 1.9969E-09 1.8187E-09 1.6558E-09 1.5063E-09 1.3653E-09 1.2333E-09 1.1101E-09 9.9548E-10 8.8914E-10 7.9113E-10 7.0209E-10 6.1899E-10 5.4400E-10 4.7440E-10 4.1295E-10 3.5667E-10 3.0758E-10 2.6405E-10 2.2505E-10 1.9027E-10 1.6001E-10 1.3365E-10 1.1211E-10 9.3546E-11 7.7248E-11
8.5103E-09 8.6465E-09 8.7350E-09 8.7754E-09 8.7682E-09 8.7146E-09 8.6170E-09 8.4783E-09 8.3028E-09 8.0947E-09 7.8576E-09 7.5955E-09 7.3143E-09 7.0163E-09 6.7056E-09 6.3871E-09 6.0651E-09 5.7415E-09 5.4203E-09 5.1029E-09 4.7928E-09 4.4920E-09 4.2002E-09 3.9193E-09 3.6465E-09 3.3855E-09 3.1348E-09 2.8997E-09 2.6770E-09 2.4706E-09 2.2709E-09 2.0764E-09 1.8914E-09 1.7210E-09 1.5657E-09 1.4235E-09 1.2894E-09 1.1643E-09 1.0472E-09 9.3872E-10 8.3814E-10 7.4548E-10 6.6137E-10 5.8309E-10 5.1234E-10 4.4656E-10 3.8857E-10 3.3545E-10 2.8918E-10 2.4804E-10 2.1112E-10 1.7829E-10 1.4960E-10 1.2485E-10 1.0476E-10 8.7153E-11 7.2031E-11
8.7017E-09 8.8246E-09 8.8974E-09 8.9198E-09 8.8925E-09 8.8173E-09 8.6968E-09 8.5345E-09 8.3346E-09 8.1018E-09 7.8401E-09 7.5553E-09 7.2523E-09 6.9348E-09 6.6064E-09 6.2729E-09 5.9377E-09 5.6028E-09 5.2720E-09 4.9490E-09 4.6345E-09 4.3302E-09 4.0381E-09 3.7578E-09 3.4905E-09 3.2306E-09 2.9875E-09 2.7533E-09 2.5371E-09 2.3365E-09 2.1447E-09 1.9582E-09 1.7814E-09 1.6194E-09 1.4724E-09 1.3379E-09 1.2110E-09 1.0928E-09 9.8253E-10 8.8025E-10 7.8553E-10 6.9862E-10 6.1960E-10 5.4613E-10 4.7988E-10 4.1814E-10 3.6371E-10 3.1382E-10 2.7044E-10 2.3171E-10 1.9688E-10 1.6601E-10 1.3897E-10 1.1589E-10 9.7273E-11 8.0690E-11 6.6668E-11
8.8896E-09 8.9976E-09 9.0532E-09 9.0564E-09 9.0080E-09 8.9101E-09 8.7657E-09 8.5787E-09 8.3537E-09 8.0957E-09 7.8085E-09 7.5008E-09 7.1754E-09 6.8373E-09 6.4917E-09 6.1433E-09 5.7944E-09 5.4497E-09 5.1109E-09 4.7814E-09 4.4636E-09 4.1580E-09 3.8655E-09 3.5871E-09 3.3230E-09 3.0716E-09 2.8300E-09 2.6039E-09 2.3925E-09 2.1974E-09 2.0141E-09 1.8357E-09 1.6682E-09 1.5153E-09 1.3767E-09 1.2502E-09 1.1310E-09 1.0200E-09 9.1648E-10 8.2083E-10 7.3213E-10 6.5091E-10 5.7723E-10 5.0875E-10 4.4691E-10 3.8934E-10 3.3864E-10 2.9205E-10 2.5158E-10 2.1517E-10 1.8261E-10 1.5364E-10 1.2816E-10 1.0709E-10 8.9642E-11 7.4211E-11 6.1344E-11
9.0666E-09 9.1599E-09 9.1980E-09 9.1811E-09 9.1106E-09 8.9885E-09 8.8196E-09 8.6076E-09 8.3572E-09 8.0733E-09 7.7632E-09 7.4320E-09 7.0845E-09 6.7263E-09 6.3638E-09 6.0002E-09 5.6389E-09 5.2837E-09 4.9382E-09 4.6042E-09 4.2825E-09 3.9763E-09 3.6851E-09 3.4093E-09 3.1488E-09 2.9047E-09 2.6698E-09 2.4518E-09 2.2440E-09 2.0563E-09 1.8801E-09 1.7112E-09 1.5530E-09 1.4094E-09 1.2802E-09 1.1617E-09 1.0503E-09 9.4667E-10 8.5006E-10 7.6090E-10 6.7846E-10 6.0310E-10 5.3464E-10 4.7127E-10 4.1398E-10 3.6046E-10 3.1350E-10 2.7034E-10 2.3263E-10 1.9864E-10 1.6831E-10 1.4116E-10 1.1764E-10 9.8217E-11 8.1971E-11 6.7957E-11 5.5804E-11
9.2374E-09 9.3150E-09 9.3346E-09 9.2969E-09 9.2031E-09 9.0574E-09 8.8633E-09 8.6247E-09 8.3487E-09 8.0403E-09 7.7058E-09 7.3512E-09 6.9813E-09 6.6044E-09 6.2247E-09 5.8457E-09 5.4728E-09 5.1087E-09 4.7562E-09 4.4178E-09 4.0950E-09 3.7878E-09 3.4987E-09 3.2264E-09 2.9712E-09 2.7318E-09 2.5085E-09 2.2940E-09 2.0960E-09 1.9143E-09 1.7444E-09 1.5857E-09 1.4371E-09 1.3030E-09 1.1834E-09 1.0733E-09 9.6968E-10 8.7341E-10 7.8395E-10 7.0128E-10 6.2504E-10 5.5556E-10 4.9250E-10 4.3402E-10 3.8130E-10 3.3193E-10 2.8858E-10 2.4879E-10 2.1389E-10 1.8223E-10 1.5409E-10 1.2880E-10 1.0728E-10 8.9617E-11 7.4413E-11 6.1653E-11 5.0424E-11
9.4004E-09 9.4625E-09 9.4630E-09 9.4028E-09 9.2860E-09 9.1158E-09 8.8960E-09 8.6313E-09 8.3293E-09 7.9947E-09 7.6360E-09 7.2587E-09 6.8684E-09 6.4729E-09 6.0761E-09 5.6829E-09 5.2984E-09 4.9261E-09 4.5683E-09 4.2256E-09 3.9014E-09 3.5958E-09 3.3086E-09 3.0405E-09 2.7909E-09 2.5582E-09 2.3430E-09 2.1381E-09 1.9479E-09 1.7727E-09 1.6097E-09 1.4604E-09 1.3221E-09 1.1977E-09 1.0875E-09 9.8575E-10 8.9012E-10 8.0117E-10 7.1863E-10 6.4253E-10 5.7251E-10 5.0871E-10 4.5107E-10 3.9760E-10 3.4919E-10 3.0389E-10 2.6421E-10 2.2756E-10 1.9525E-10 1.6625E-10 1.3990E-10 1.1665E-10 9.7312E-11 8.0923E-11 6.7277E-11 5.5534E-11 4.5154E-11
9.5526E-09 9.5991E-09 9.5806E-09 9.4998E-09 9.3599E-09 9.1646E-09 8.9182E-09 8.6273E-09 8.2994E-09 7.9395E-09 7.5564E-09 7.1551E-09 6.7454E-09 6.3318E-09 5.9192E-09 5.5135E-09 5.1187E-09 4.7383E-09 4.3745E-09 4.0303E-09 3.7047E-09 3.4009E-09 3.1172E-09 2.8541E-09 2.6097E-09 2.3857E-09 2.1767E-09 1.9843E-09 1.7994E-09 1.6331E-09 1.4767E-09 1.3371E-09 1.2090E-09 1.0938E-09 9.9351E-10 8.9992E-10 8.1206E-10 7.3060E-10 6.5478E-10 5.8513E-10 5.2119E-10 4.6323E-10 4.1068E-10 3.6214E-10 3.1804E-10 2.7663E-10 2.4048E-10 2.0687E-10 1.7699E-10 1.5022E-10 1.2608E-10 1.0488E-10 8.7482E-11 7.2585E-11 6.0205E-11 4.9465E-11 4.0272E-11
9.6911E-09 9.7219E-09 9.6862E-09 9.5852E-09 9.4221E-09 9.2013E-09 8.9294E-09 8.6127E-09 8.2582E-09 7.8734E-09 7.4671E-09 7.0446E-09 6.6142E-09 6.1833E-09 5.7558E-09 5.3382E-09 4.9345E-09 4.5473E-09 4.1787E-09 3.8320E-09 3.5079E-09 3.2056E-09 2.9262E-09 2.6681E-09 2.4313E-09 2.2131E-09 2.0143E-09 1.8298E-09 1.6551E-09 1.4947E-09 1.3464E-09 1.2168E-09 1.0983E-09 9.9321E-10 9.0232E-10 8.1664E-10 7.3641E-10 6.6195E-10 5.9312E-10 5.2955E-10 4.7169E-10 4.1920E-10 3.7190E-10 3.2794E-10 2.8797E-10 2.5045E-10 2.1753E-10 1.8657E-10 1.5931E-10 1.3428E-10 1.1221E-10 9.3730E-11 7.7905E-11 6.4711E-11 5.3558E-11 4.3654E-11 3.5794E-11
9.8192E-09 9.8343E-09 9.7802E-09 9.6578E-09 9.4725E-09 9.2267E-09 8.9293E-09 8.5877E-09 8.2079E-09 7.7982E-09 7.3687E-09 6.9252E-09 6.4763E-09 6.0279E-09 5.5874E-09 5.1590E-09 4.7466E-09 4.3537E-09 3.9827E-09 3.6344E-09 3.3111E-09 3.0122E-09 2.7373E-09 2.4850E-09 2.2554E-09 2.0450E-09 1.8551E-09 1.6787E-09 1.5147E-09 1.3589E-09 1.2210E-09 1.0998E-09 9.9152E-10 8.9738E-10 8.1456E-10 7.3663E-10 6.6363E-10 5.9613E-10 5.3367E-10 4.7643E-10 4.2432E-10 3.7716E-10 3.3477E-10 2.9532E-10 2.5914E-10 2.2533E-10 1.9531E-10 1.6666E-10 1.4153E-10 1.1880E-10 9.8940E-11 8.2651E-11 6.8745E-11 5.7096E-11 4.7025E-11 3.8374E-11 3.1258E-11
9.9339E-09 9.9327E-09 9.8600E-09 9.7171E-09 9.5091E-09 9.2407E-09 8.9187E-09 8.5522E-09 8.1479E-09 7.7152E-09 7.2630E-09 6.7989E-09 6.3323E-09 5.8686E-09 5.4143E-09 4.9759E-09 4.5570E-09 4.1593E-09 3.7864E-09 3.4389E-09 3.1170E-09 2.8219E-09 2.5517E-09 2.3068E-09 2.0831E-09 1.8830E-09 1.6992E-09 1.5335E-09 1.3771E-09 1.2299E-09 1.0996E-09 9.8746E-10 8.8930E-10 8.0585E-10 7.3092E-10 6.6032E-10 5.9433E-10 5.3342E-10 4.7716E-10 4.2585E-10 3.7937E-10 3.3740E-10 2.9955E-10 2.6435E-10 2.3183E-10 2.0102E-10 1.7334E-10 1.4724E-10 1.2400E-10 1.0363E-10 8.6594E-11 7.2342E-11 6.0412E-11 4.9981E-11 4.0919E-11 3.3587E-11 2.6937E-11
1.0034E-08 1.0016E-08 9.9240E-09 9.7614E-09 9.5321E-09 9.2419E-09 8.8967E-09 8.5066E-09 8.0778E-09 7.6227E-09 7.1496E-09 6.6672E-09 6.1825E-09 5.7045E-09 5.2392E-09 4.7910E-09 4.3658E-09 3.9657E-09 3.5921E-09 3.2455E-09 2.9270E-09 2.6358E-09 2.3719E-09 2.1328E-09 1.9183E-09 1.7246E-09 1.5511E-09 1.3933E-09 1.2443E-09 1.1060E-09 9.8391E-10 8.8138E-10 7.9207E-10 7.1914E-10 6.5178E-10 5.8810E-10 5.2899E-10 4.7418E-10 4.2392E-10 3.7825E-10 3.3707E-10 3.0003E-10 2.6651E-10 2.3500E-10 2.0567E-10 1.7723E-10 1.5170E-10 1.2811E-10 1.0725E-10 8.9681E-11 7.5357E-11 6.2957E-11 5.2547E-11 4.3175E-11 3.5401E-11 2.8852E-11 2.2974E-11
1.0116E-08 1.0083E-08 9.9736E-09 9.7916E-09 9.5403E-09 9.2278E-09 8.8604E-09 8.4476E-09 7.9974E-09 7.5217E-09 7.0287E-09 6.5295E-09 6.0292E-09 5.5377E-09 5.0620E-09 4.6066E-09 4.1751E-09 3.7725E-09 3.3993E-09 3.0559E-09 2.7413E-09 2.4553E-09 2.1978E-09 1.9657E-09 1.7595E-09 1.5735E-09 1.4099E-09 1.2585E-09 1.1171E-09 9.8767E-10 8.7603E-10 7.8028E-10 7.0203E-10 6.3787E-10 5.7724E-10 5.2046E-10 4.6747E-10 4.1880E-10 3.7424E-10 3.3396E-10 2.9769E-10 2.6514E-10 2.3537E-10 2.0713E-10 1.7984E-10 1.5360E-10 1.3061E-10 1.0975E-10 9.1816E-11 7.7221E-11 6.5177E-11 5.4459E-11 4.5136E-11 3.7090E-11 3.0330E-11 2.4424E-11 1.9541E-11
1.0192E-08 1.0144E-08 1.0017E-08 9.8144E-09 9.5422E-09 9.2068E-09 8.8164E-09 8.3815E-09 7.9109E-09 7.4159E-09 6.9036E-09 6.3871E-09 5.8737E-09 5.3698E-09 4.8836E-09 4.4217E-09 3.9870E-09 3.5816E-09 3.2095E-09 2.8692E-09 2.5606E-09 2.2810E-09 2.0296E-09 1.8069E-09 1.6068E-09 1.4314E-09 1.2739E-09 1.1313E-09 9.9640E-10 8.7699E-10 7.7311E-10 6.8670E-10 6.1936E-10 5.6202E-10 5.0808E-10 4.5733E-10 4.1042E-10 3.6722E-10 3.2826E-10 2.9310E-10 2.6140E-10 2.3270E-10 2.0576E-10 1.7971E-10 1.5427E-10 1.3095E-10 1.1057E-10 9.2970E-11 7.8656E-11 6.6590E-11 5.6006E-11 4.6592E-11 3.8339E-11 3.1616E-11 2.5511E-11 2.0471E-11 1.6477E-11
