Assets/Resources/2015_m01_d27_0900(utc+0800)_l00_csi_1hr_conc.grd
DSAA
         159         159
     -79.000      79.000
     -79.000      79.000
  0.0000E+00  0.1031E-05
[rows 0 to 24 of 159, columns 0 to 56 of 159]
0.0000E+00 0.0000E+00 0.0000E+00 0.0000E+00 0.0000E+00 0.0000E+00 0.0000E+00 0.0000E+00 0.0000E+00 0.0000E+00 0.0000E+00 0.0000E+00 0.0000E+00 1.6189E-12 3.9766E-12 9.2233E-12 1.8405E-11 3.1701E-11 5.1885E-11 7.7983E-11 1.1125E-10 1.5435E-10 2.1016E-10 2.8043E-10 3.6883E-10 4.7818E-10 6.1201E-10 7.7361E-10 9.6547E-10 1.1889E-09 1.4467E-09 1.7380E-09 2.0621E-09 2.4157E-09 2.7940E-09 3.1900E-09 3.5944E-09 3.9964E-09 4.3849E-09 4.7457E-09 5.0654E-09 5.3315E-09 5.5332E-09 5.6602E-09 5.7060E-09 5.6678E-09 5.5463E-09 5.3458E-09 5.0733E-09 4.7404E-09 4.3599E-09 3.9461E-09 3.5139E-09 3.0776E-09 2.6506E-09 2.2439E-09 1.8664E-09
0.0000E+00 0.0000E+00 0.0000E+00 0.0000E+00 0.0000E+00 0.0000E+00 0.0000E+00 0.0000E+00 0.0000E+00 0.0000E+00 0.0000E+00 0.0000E+00 0.0000E+00 1.0458E-12 3.7051E-12 8.8063E-12 1.7196E-11 3.0569E-11 5.0782E-11 7.7409E-11 1.1138E-10 1.5498E-10 2.1161E-10 2.8346E-10 3.7419E-10 4.8719E-10 6.2512E-10 7.9245E-10 9.9120E-10 1.2252E-09 1.4953E-09 1.8018E-09 2.1445E-09 2.5202E-09 2.9236E-09 3.3480E-09 3.7841E-09 4.2208E-09 4.6442E-09 5.0405E-09 5.3960E-09 5.6959E-09 5.9267E-09 6.0785E-09 6.1438E-09 6.1187E-09 6.0023E-09 5.7992E-09 5.5170E-09 5.1671E-09 4.7625E-09 4.3193E-09 3.8536E-09 3.3812E-09 2.9164E-09 2.4722E-09 2.0589E-09
0.0000E+00 0.0000E+00 0.0000E+00 0.0000E+00 0.0000E+00 0.0000E+00 0.0000E+00 0.0000E+00 0.0000E+00 0.0000E+00 0.0000E+00 0.0000E+00 0.0000E+00 4.6985E-13 3.2477E-12 8.0986E-12 1.5521E-11 2.8913E-11 4.8984E-11 7.5386E-11 1.0920E-10 1.5313E-10 2.1039E-10 2.8348E-10 3.7501E-10 4.8970E-10 6.3062E-10 8.0241E-10 1.0073E-09 1.2486E-09 1.5279E-09 1.8479E-09 2.2068E-09 2.6017E-09 3.0282E-09 3.4793E-09 3.9452E-09 4.4142E-09 4.8721E-09 5.3049E-09 5.6960E-09 6.0301E-09 6.2933E-09 6.4737E-09 6.5617E-09 6.5527E-09 6.4457E-09 6.2440E-09 5.9545E-09 5.5896E-09 5.1639E-09 4.6937E-09 4.1962E-09 3.6889E-09 3.1883E-09 2.7080E-09 2.2591E-09
0.0000E+00 0.0000E+00 0.0000E+00 0.0000E+00 0.0000E+00 0.0000E+00 0.0000E+00 0.0000E+00 0.0000E+00 0.0000E+00 0.0000E+00 0.0000E+00 0.0000E+00 3.5632E-14 2.2387E-12 6.9166E-12 1.3985E-11 2.6327E-11 4.5820E-11 7.2268E-11 1.0575E-10 1.4929E-10 2.0608E-10 2.7905E-10 3.7097E-10 4.8669E-10 6.2928E-10 8.0232E-10 1.0107E-09 1.2571E-09 1.5451E-09 1.8751E-09 2.2465E-09 2.6578E-09 3.1046E-09 3.5795E-09 4.0726E-09 4.5720E-09 5.0641E-09 5.5319E-09 5.9590E-09 6.3294E-09 6.6270E-09 6.8385E-09 6.9533E-09 6.9647E-09 6.8711E-09 6.6750E-09 6.3845E-09 6.0099E-09 5.5671E-09 5.0728E-09 4.5464E-09 4.0063E-09 3.4696E-09 2.9531E-09 2.4686E-09
0.0000E+00 0.0000E+00 0.0000E+00 0.0000E+00 0.0000E+00 0.0000E+00 0.0000E+00 0.0000E+00 0.0000E+00 0.0000E+00 0.0000E+00 0.0000E+00 0.0000E+00 0.0000E+00 8.9872E-13 5.1964E-12 1.2123E-11 2.3045E-11 4.1660E-11 6.7825E-11 1.0036E-10 1.4310E-10 1.9907E-10 2.7160E-10 3.6245E-10 4.7701E-10 6.1905E-10 7.9308E-10 1.0030E-09 1.2522E-09 1.5445E-09 1.8809E-09 2.2626E-09 2.6875E-09 3.1506E-09 3.6455E-09 4.1633E-09 4.6916E-09 5.2152E-09 5.7169E-09 6.1811E-09 6.5887E-09 6.9226E-09 7.1674E-09 7.3121E-09 7.3487E-09 7.2741E-09 7.0893E-09 6.8008E-09 6.4206E-09 5.9648E-09 5.4504E-09 4.8978E-09 4.3273E-09 3.7576E-09 3.2058E-09 2.6858E-09
0.0000E+00 0.0000E+00 0.0000E+00 0.0000E+00 0.0000E+00 0.0000E+00 0.0000E+00 0.0000E+00 0.0000E+00 0.0000E+00 0.0000E+00 0.0000E+00 0.0000E+00 0.0000E+00 0.0000E+00 2.9792E-12 9.9138E-12 2.0065E-11 3.6586E-11 6.1739E-11 9.3768E-11 1.3516E-10 1.8924E-10 2.5989E-10 3.4878E-10 4.6173E-10 6.0217E-10 7.7434E-10 9.8234E-10 1.2325E-09 1.5267E-09 1.8670E-09 2.2549E-09 2.6884E-09 3.1643E-09 3.6771E-09 4.2160E-09 4.7691E-09 5.3219E-09 5.8582E-09 6.3581E-09 6.8023E-09 7.1739E-09 7.4567E-09 7.6360E-09 7.7020E-09 7.6497E-09 7.4815E-09 7.2025E-09 6.8238E-09 6.3602E-09 5.8308E-09 5.2566E-09 4.6583E-09 4.0570E-09 3.4710E-09 2.9160E-09
0.0000E+00 0.0000E+00 0.0000E+00 0.0000E+00 0.0000E+00 0.0000E+00 0.0000E+00 0.0000E+00 0.0000E+00 0.0000E+00 0.0000E+00 0.0000E+00 0.0000E+00 0.0000E+00 0.0000E+00 8.7503E-13 6.6349E-12 1.6210E-11 3.1092E-11 5.4181E-11 8.5444E-11 1.2493E-10 1.7704E-10 2.4549E-10 3.3152E-10 4.4077E-10 5.7774E-10 7.4656E-10 9.5216E-10 1.1999E-09 1.4915E-09 1.8325E-09 2.2230E-09 2.6623E-09 3.1475E-09 3.6724E-09 4.2284E-09 4.8042E-09 5.3847E-09 5.9515E-09 6.4855E-09 6.9691E-09 7.3809E-09 7.7021E-09 7.9179E-09 8.0185E-09 7.9968E-09 7.8518E-09 7.5869E-09 7.2144E-09 6.7488E-09 6.2095E-09 5.6178E-09 4.9953E-09 4.3650E-09 3.7464E-09 3.1576E-09
0.0000E+00 0.0000E+00 0.0000E+00 0.0000E+00 0.0000E+00 0.0000E+00 0.0000E+00 0.0000E+00 0.0000E+00 0.0000E+00 0.0000E+00 0.0000E+00 0.0000E+00 0.0000E+00 0.0000E+00 0.0000E+00 3.0918E-12 1.2028E-11 2.5208E-11 4.5581E-11 7.4601E-11 1.1378E-10 1.6301E-10 2.2782E-10 3.1011E-10 4.1513E-10 5.4777E-10 7.1081E-10 9.1150E-10 1.1533E-09 1.4419E-09 1.7800E-09 2.1686E-09 2.6090E-09 3.0988E-09 3.6329E-09 4.2028E-09 4.7968E-09 5.4004E-09 5.9961E-09 6.5657E-09 7.0862E-09 7.5372E-09 7.9008E-09 8.1598E-09 8.2995E-09 8.3114E-09 8.1946E-09 7.9532E-09 7.5951E-09 7.1347E-09 6.5915E-09 5.9867E-09 5.3447E-09 4.6882E-09 4.0388E-09 3.4155E-09
0.0000E+00 0.0000E+00 0.0000E+00 0.0000E+00 0.0000E+00 0.0000E+00 0.0000E+00 0.0000E+00 0.0000E+00 0.0000E+00 0.0000E+00 0.0000E+00 0.0000E+00 0.0000E+00 0.0000E+00 0.0000E+00 2.0858E-13 6.6314E-12 1.9027E-11 3.7301E-11 6.2672E-11 1.0044E-10 1.4722E-10 2.0836E-10 2.8623E-10 3.8565E-10 5.1201E-10 6.6884E-10 8.6262E-10 1.0968E-09 1.3782E-09 1.7088E-09 2.0933E-09 2.5318E-09 3.0220E-09 3.5599E-09 4.1387E-09 4.7472E-09 5.3714E-09 5.9941E-09 6.5948E-09 7.1519E-09 7.6459E-09 8.0536E-09 8.3562E-09 8.5388E-09 8.5936E-09 8.5140E-09 8.3009E-09 7.9626E-09 7.5141E-09 6.9735E-09 6.3622E-09 5.7045E-09 5.0247E-09 4.3473E-09 3.6922E-09
0.0000E+00 0.0000E+00 0.0000E+00 0.0000E+00 0.0000E+00 0.0000E+00 0.0000E+00 0.0000E+00 0.0000E+00 0.0000E+00 0.0000E+00 0.0000E+00 0.0000E+00 0.0000E+00 0.0000E+00 0.0000E+00 0.0000E+00 2.2887E-12 1.2486E-11 2.8377E-11 5.1030E-11 8.4745E-11 1.3034E-10 1.8719E-10 2.5992E-10 3.5354E-10 4.7277E-10 6.2174E-10 8.0560E-10 1.0307E-09 1.3024E-09 1.6241E-09 2.0003E-09 2.4312E-09 2.9175E-09 3.4562E-09 4.0400E-09 4.6586E-09 5.2991E-09 5.9448E-09 6.5750E-09 7.1698E-09 7.7043E-09 8.1573E-09 8.5086E-09 8.7418E-09 8.8425E-09 8.8040E-09 8.6281E-09 8.3207E-09 7.8923E-09 7.3606E-09 6.7488E-09 6.0815E-09 5.3832E-09 4.6797E-09 3.9926E-09
0.0000E+00 0.0000E+00 0.0000E+00 0.0000E+00 0.0000E+00 0.0000E+00 0.0000E+00 0.0000E+00 0.0000E+00 0.0000E+00 0.0000E+00 0.0000E+00 0.0000E+00 0.0000E+00 0.0000E+00 0.0000E+00 0.0000E+00 0.0000E+00 5.6021E-12 1.9915E-11 3.9323E-11 6.9175E-11 1.1039E-10 1.6512E-10 2.3264E-10 3.1944E-10 4.3033E-10 5.7052E-10 7.4384E-10 9.5832E-10 1.2166E-09 1.5265E-09 1.8905E-09 2.3122E-09 2.7913E-09 3.3249E-09 3.9083E-09 4.5332E-09 5.1867E-09 5.8518E-09 6.5097E-09 7.1387E-09 7.7146E-09 8.2153E-09 8.6176E-09 8.9025E-09 9.0555E-09 9.0688E-09 8.9378E-09 8.6659E-09 8.2638E-09 7.7504E-09 7.1460E-09 6.4737E-09 5.7618E-09 5.0365E-09 4.3221E-09
0.0000E+00 0.0000E+00 0.0000E+00 0.0000E+00 0.0000E+00 0.0000E+00 0.0000E+00 0.0000E+00 0.0000E+00 0.0000E+00 0.0000E+00 0.0000E+00 0.0000E+00 0.0000E+00 0.0000E+00 0.0000E+00 0.0000E+00 0.0000E+00 5.4247E-13 1.1360E-11 2.8135E-11 5.4476E-11 9.0619E-11 1.4037E-10 2.0447E-10 2.8446E-10 3.8701E-10 5.1681E-10 6.7852E-10 8.7958E-10 1.1244E-09 1.4202E-09 1.7697E-09 2.1771E-09 2.6440E-09 3.1698E-09 3.7500E-09 4.3763E-09 5.0372E-09 5.7182E-09 6.4010E-09 7.0620E-09 7.6787E-09 8.2263E-09 8.6823E-09 9.0238E-09 9.2359E-09 9.3041E-09 9.2237E-09 8.9977E-09 8.6340E-09 8.1469E-09 7.5556E-09 6.8876E-09 6.1689E-09 5.4253E-09 4.6839E-09
0.0000E+00 0.0000E+00 0.0000E+00 0.0000E+00 0.0000E+00 0.0000E+00 0.0000E+00 0.0000E+00 0.0000E+00 0.0000E+00 0.0000E+00 0.0000E+00 0.0000E+00 0.0000E+00 0.0000E+00 0.0000E+00 0.0000E+00 0.0000E+00 0.0000E+00 3.6506E-12 1.7467E-11 4.0120E-11 7.2144E-11 1.1537E-10 1.7544E-10 2.4968E-10 3.4306E-10 4.6160E-10 6.1172E-10 7.9826E-10 1.0280E-09 1.3062E-09 1.6393E-09 2.0307E-09 2.4833E-09 2.9962E-09 3.5670E-09 4.1905E-09 4.8558E-09 5.5489E-09 6.2511E-09 6.9420E-09 7.5977E-09 8.1926E-09 8.7023E-09 9.1037E-09 9.3778E-09 9.5081E-09 9.4885E-09 9.3170E-09 8.9982E-09 8.5458E-09 7.9798E-09 7.3237E-09 6.6034E-09 5.8482E-09 5.0863E-09
0.0000E+00 0.0000E+00 0.0000E+00 0.0000E+00 0.0000E+00 0.0000E+00 0.0000E+00 0.0000E+00 0.0000E+00 0.0000E+00 0.0000E+00 0.0000E+00 0.0000E+00 0.0000E+00 0.0000E+00 0.0000E+00 0.0000E+00 0.0000E+00 0.0000E+00 0.0000E+00 7.3436E-12 2.5353E-11 5.4167E-11 9.2702E-11 1.4382E-10 2.1389E-10 3.0005E-10 4.0744E-10 5.4468E-10 7.1578E-10 9.2964E-10 1.1900E-09 1.5045E-09 1.8759E-09 2.3102E-09 2.8067E-09 3.3664E-09 3.9824E-09 4.6460E-09 5.3459E-09 6.0645E-09 6.7814E-09 7.4728E-09 8.1140E-09 8.6782E-09 9.1418E-09 9.4807E-09 9.6801E-09 9.7276E-09 9.6179E-09 9.3545E-09 8.9488E-09 8.4170E-09 7.7809E-09 7.0688E-09 6.3094E-09 5.5313E-09
0.0000E+00 0.0000E+00 0.0000E+00 0.0000E+00 0.0000E+00 0.0000E+00 0.0000E+00 0.0000E+00 0.0000E+00 0.0000E+00 0.0000E+00 0.0000E+00 0.0000E+00 0.0000E+00 0.0000E+00 0.0000E+00 0.0000E+00 0.0000E+00 0.0000E+00 0.0000E+00 1.2779E-12 1.2410E-11 3.4881E-11 7.0356E-11 1.1584E-10 1.7704E-10 2.5663E-10 3.5483E-10 4.7910E-10 6.3518E-10 8.3140E-10 1.0731E-09 1.3662E-09 1.7175E-09 2.1307E-09 2.6082E-09 3.1506E-09 3.7537E-09 4.4121E-09 5.1144E-09 5.8439E-09 6.5823E-09 7.3068E-09 7.9908E-09 8.6089E-09 9.1343E-09 9.5435E-09 9.8167E-09 9.9369E-09 9.8985E-09 9.7014E-09 9.3523E-09 8.8645E-09 8.2608E-09 7.5675E-09 6.8126E-09 6.0254E-09
0.0000E+00 0.0000E+00 0.0000E+00 0.0000E+00 0.0000E+00 0.0000E+00 0.0000E+00 0.0000E+00 0.0000E+00 0.0000E+00 0.0000E+00 0.0000E+00 0.0000E+00 0.0000E+00 0.0000E+00 0.0000E+00 0.0000E+00 0.0000E+00 0.0000E+00 0.0000E+00 0.0000E+00 3.5961E-12 1.8832E-11 4.6408E-11 8.8753E-11 1.4320E-10 2.1499E-10 3.0337E-10 4.1600E-10 5.5697E-10 7.3515E-10 9.5794E-10 1.2292E-09 1.5578E-09 1.9467E-09 2.4021E-09 2.9238E-09 3.5115E-09 4.1594E-09 4.8570E-09 5.5926E-09 6.3477E-09 7.1001E-09 7.8243E-09 8.4947E-09 9.0821E-09 9.5629E-09 9.9115E-09 1.0113E-08 1.0155E-08 1.0032E-08 9.7490E-09 9.3191E-09 8.7601E-09 8.0955E-09 7.3553E-09 6.5679E-09
0.0000E+00 0.0000E+00 0.0000E+00 0.0000E+00 0.0000E+00 0.0000E+00 0.0000E+00 0.0000E+00 0.0000E+00 0.0000E+00 0.0000E+00 0.0000E+00 0.0000E+00 0.0000E+00 0.0000E+00 0.0000E+00 0.0000E+00 0.0000E+00 0.0000E+00 0.0000E+00 0.0000E+00 0.0000E+00 7.1982E-12 2.6531E-11 5.9823E-11 1.1135E-10 1.7540E-10 2.5539E-10 3.5477E-10 4.8287E-10 6.4329E-10 8.4603E-10 1.0946E-09 1.3991E-09 1.7632E-09 2.1941E-09 2.6914E-09 3.2581E-09 3.8891E-09 4.5792E-09 5.3157E-09 6.0810E-09 6.8553E-09 7.6159E-09 8.3337E-09 8.9826E-09 9.5343E-09 9.9636E-09 1.0250E-08 1.0377E-08 1.0339E-08 1.0136E-08 9.7755E-09 9.2720E-09 8.6513E-09 7.9379E-09 7.1618E-09
0.0000E+00 0.0000E+00 0.0000E+00 0.0000E+00 0.0000E+00 0.0000E+00 0.0000E+00 0.0000E+00 0.0000E+00 0.0000E+00 0.0000E+00 0.0000E+00 0.0000E+00 0.0000E+00 0.0000E+00 0.0000E+00 0.0000E+00 0.0000E+00 0.0000E+00 0.0000E+00 0.0000E+00 0.0000E+00 1.1678E-12 1.1875E-11 3.5890E-11 7.5342E-11 1.3690E-10 2.1007E-10 2.9965E-10 4.1091E-10 5.5621E-10 7.3878E-10 9.6600E-10 1.2449E-09 1.5825E-09 1.9847E-09 2.4560E-09 2.9988E-09 3.6098E-09 4.2852E-09 5.0144E-09 5.7844E-09 6.5761E-09 7.3660E-09 8.1277E-09 8.8344E-09 9.4557E-09 9.9661E-09 1.0340E-08 1.0561E-08 1.0616E-08 1.0501E-08 1.0221E-08 9.7902E-09 9.2250E-09 8.5511E-09 7.8001E-09
0.0000E+00 0.0000E+00 0.0000E+00 0.0000E+00 0.0000E+00 0.0000E+00 0.0000E+00 0.0000E+00 0.0000E+00 0.0000E+00 0.0000E+00 0.0000E+00 0.0000E+00 0.0000E+00 0.0000E+00 0.0000E+00 0.0000E+00 0.0000E+00 0.0000E+00 0.0000E+00 0.0000E+00 0.0000E+00 0.0000E+00 4.1880E-12 1.7968E-11 4.6217E-11 9.4331E-11 1.6445E-10 2.4804E-10 3.4714E-10 4.7392E-10 6.3779E-10 8.4320E-10 1.0963E-09 1.4070E-09 1.7803E-09 2.2228E-09 2.7358E-09 3.3224E-09 3.9775E-09 4.6962E-09 5.4634E-09 6.2639E-09 7.0765E-09 7.8763E-09 8.6355E-09 9.3237E-09 9.9134E-09 1.0378E-08 1.0696E-08 1.0851E-08 1.0834E-08 1.0649E-08 1.0301E-08 9.8058E-09 9.1902E-09 8.4788E-09
0.0000E+00 0.0000E+00 0.0000E+00 0.0000E+00 0.0000E+00 0.0000E+00 0.0000E+00 0.0000E+00 0.0000E+00 0.0000E+00 0.0000E+00 0.0000E+00 0.0000E+00 0.0000E+00 0.0000E+00 0.0000E+00 0.0000E+00 0.0000E+00 0.0000E+00 0.0000E+00 0.0000E+00 0.0000E+00 0.0000E+00 0.0000E+00 7.6233E-12 2.5977E-11 6.0251E-11 1.1582E-10 1.9638E-10 2.8919E-10 4.0035E-10 5.4306E-10 7.2720E-10 9.5637E-10 1.2387E-09 1.5816E-09 1.9927E-09 2.4758E-09 3.0335E-09 3.6629E-09 4.3627E-09 5.1199E-09 5.9230E-09 6.7511E-09 7.5806E-09 8.3849E-09 9.1349E-09 9.8017E-09 1.0356E-08 1.0771E-08 1.1031E-08 1.1122E-08 1.1041E-08 1.0788E-08 1.0381E-08 9.8380E-09 9.1799E-09
0.0000E+00 0.0000E+00 0.0000E+00 0.0000E+00 0.0000E+00 0.0000E+00 0.0000E+00 0.0000E+00 0.0000E+00 0.0000E+00 0.0000E+00 0.0000E+00 0.0000E+00 0.0000E+00 0.0000E+00 0.0000E+00 0.0000E+00 0.0000E+00 0.0000E+00 0.0000E+00 0.0000E+00 0.0000E+00 0.0000E+00 0.0000E+00 1.0639E-12 1.2744E-11 3.6826E-11 7.5761E-11 1.3756E-10 2.2947E-10 3.3344E-10 4.5897E-10 6.2041E-10 8.2437E-10 1.0785E-09 1.3922E-09 1.7701E-09 2.2200E-09 2.7441E-09 3.3449E-09 4.0202E-09 4.7607E-09 5.5571E-09 6.3908E-09 7.2417E-09 8.0842E-09 8.8887E-09 9.6252E-09 1.0264E-08 1.0779E-08 1.1147E-08 1.1350E-08 1.1380E-08 1.1238E-08 1.0933E-08 1.0474E-08 9.8933E-09
0.0000E+00 0.0000E+00 0.0000E+00 0.0000E+00 0.0000E+00 0.0000E+00 0.0000E+00 0.0000E+00 0.0000E+00 0.0000E+00 0.0000E+00 0.0000E+00 0.0000E+00 0.0000E+00 0.0000E+00 0.0000E+00 0.0000E+00 0.0000E+00 0.0000E+00 0.0000E+00 0.0000E+00 0.0000E+00 0.0000E+00 0.0000E+00 1.7387E-13 3.8320E-12 2.0087E-11 4.8676E-11 9.3825E-11 1.6474E-10 2.6610E-10 3.8047E-10 5.2378E-10 7.0443E-10 9.2999E-10 1.2122E-09 1.5565E-09 1.9718E-09 2.4603E-09 3.0274E-09 3.6715E-09 4.3885E-09 5.1700E-09 6.0010E-09 6.8634E-09 7.7322E-09 8.5816E-09 9.3809E-09 1.0100E-08 1.0710E-08 1.1182E-08 1.1502E-08 1.1652E-08 1.1630E-08 1.1435E-08 1.1084E-08 1.0595E-08
0.0000E+00 0.0000E+00 0.0000E+00 0.0000E+00 0.0000E+00 0.0000E+00 0.0000E+00 0.0000E+00 0.0000E+00 0.0000E+00 0.0000E+00 0.0000E+00 0.0000E+00 0.0000E+00 0.0000E+00 0.0000E+00 0.0000E+00 0.0000E+00 0.0000E+00 0.0000E+00 0.0000E+00 0.0000E+00 0.0000E+00 0.0000E+00 0.0000E+00 1.1379E-12 8.9376E-12 2.9278E-11 6.3049E-11 1.1501E-10 1.9607E-10 3.0553E-10 4.3314E-10 5.9288E-10 7.9297E-10 1.0452E-09 1.3558E-09 1.7338E-09 2.1846E-09 2.7134E-09 3.3224E-09 4.0083E-09 4.7668E-09 5.5848E-09 6.4476E-09 7.3326E-09 8.2164E-09 9.0678E-09 9.8570E-09 1.0554E-08 1.1131E-08 1.1566E-08 1.1838E-08 1.1940E-08 1.1871E-08 1.1640E-08 1.1255E-08
0.0000E+00 0.0000E+00 0.0000E+00 0.0000E+00 0.0000E+00 0.0000E+00 0.0000E+00 0.0000E+00 0.0000E+00 0.0000E+00 0.0000E+00 0.0000E+00 0.0000E+00 0.0000E+00 0.0000E+00 0.0000E+00 0.0000E+00 0.0000E+00 0.0000E+00 0.0000E+00 0.0000E+00 0.0000E+00 0.0000E+00 0.0000E+00 0.0000E+00 0.0000E+00 4.3367E-12 1.5057E-11 4.0347E-11 8.0456E-11 1.3947E-10 2.3023E-10 3.4953E-10 4.9016E-10 6.6637E-10 8.8937E-10 1.1677E-09 1.5088E-09 1.9201E-09 2.4078E-09 2.9770E-09 3.6256E-09 4.3531E-09 5.1487E-09 6.0006E-09 6.8897E-09 7.7949E-09 8.6864E-09 9.5339E-09 1.0310E-08 1.0981E-08 1.1526E-08 1.1922E-08 1.2153E-08 1.2217E-08 1.2112E-08 1.1852E-08
0.0000E+00 0.0000E+00 0.0000E+00 0.0000E+00 0.0000E+00 0.0000E+00 0.0000E+00 0.0000E+00 0.0000E+00 0.0000E+00 0.0000E+00 0.0000E+00 0.0000E+00 0.0000E+00 0.0000E+00 0.0000E+00 0.0000E+00 0.0000E+00 0.0000E+00 0.0000E+00 0.0000E+00 0.0000E+00 0.0000E+00 0.0000E+00 0.0000E+00 0.0000E+00 2.1955E-12 9.4617E-12 2.2541E-11 5.3441E-11 1.0065E-10 1.6796E-10 2.6987E-10 3.9752E-10 5.5159E-10 7.4657E-10 9.9295E-10 1.2976E-09 1.6690E-09 2.1140E-09 2.6392E-09 3.2456E-09 3.9348E-09 4.6990E-09 5.5290E-09 6.4100E-09 7.3223E-09 8.2381E-09 9.1321E-09 9.9735E-09 1.0729E-08 1.1376E-08 1.1889E-08 1.2248E-08 1.2447E-08 1.2479E-08 1.2358E-08
