Assets/Resources/2015_m01_d11_2300(utc+0800)_l00_csi_1hr_conc.grd
DSAA
         159         159
     -79.000      79.000
     -79.000      79.000
  0.0000E+00  0.2192E-05
[rows 0 to 24 of 159, columns 57 to 113 of 159]
6.7266E-09 6.6495E-09 6.5471E-09 6.4180E-09 6.2619E-09 6.0801E-09 5.8729E-09 5.6421E-09 5.3892E-09 5.1173E-09 4.8378E-09 4.5800E-09 4.2695E-09 3.9866E-09 3.9655E-09 3.6019E-09 3.2790E-09 3.1692E-09 2.9443E-09 2.5842E-09 2.4238E-09 2.2100E-09 1.8752E-09 1.5888E-09 1.4109E-09 1.1832E-09 9.5775E-10 8.3072E-10 7.1327E-10 5.8738E-10 4.8187E-10 4.0691E-10 1.8043E-10 3.5445E-11 2.6170E-11 1.8077E-11 1.1028E-11 5.2940E-12 1.6620E-13 0.0000E+00 0.0000E+00 0.0000E+00 0.0000E+00 0.0000E+00 0.0000E+00 0.0000E+00 0.0000E+00 0.0000E+00 0.0000E+00 0.0000E+00 0.0000E+00 0.0000E+00 0.0000E+00 0.0000E+00 0.0000E+00 0.0000E+00 0.0000E+00
7.2777E-09 7.2158E-09 7.1234E-09 7.0025E-09 6.8525E-09 6.6742E-09 6.4670E-09 6.2349E-09 5.9844E-09 5.7640E-09 5.4647E-09 5.1759E-09 5.0067E-09 4.8490E-09 4.4866E-09 4.4077E-09 4.1788E-09 3.7279E-09 3.5185E-09 3.2312E-09 2.8711E-09 2.4710E-09 2.2627E-09 1.9398E-09 1.5726E-09 1.3411E-09 1.1257E-09 9.2858E-10 7.6520E-10 6.6524E-10 5.4794E-10 4.2203E-10 1.7932E-10 3.8815E-11 2.9027E-11 2.0411E-11 1.2282E-11 5.8441E-12 1.6535E-13 0.0000E+00 0.0000E+00 0.0000E+00 0.0000E+00 0.0000E+00 0.0000E+00 0.0000E+00 0.0000E+00 0.0000E+00 0.0000E+00 0.0000E+00 0.0000E+00 0.0000E+00 0.0000E+00 0.0000E+00 0.0000E+00 0.0000E+00 0.0000E+00
7.8697E-09 7.8231E-09 7.7460E-09 7.6397E-09 7.5014E-09 7.3318E-09 7.1390E-09 6.9828E-09 6.7256E-09 6.4657E-09 6.3007E-09 6.2699E-09 5.8914E-09 5.7451E-09 5.6824E-09 5.1715E-09 4.8064E-09 4.6159E-09 4.1987E-09 3.6685E-09 3.3789E-09 3.0278E-09 2.5255E-09 2.1539E-09 1.8490E-09 1.5246E-09 1.2354E-09 1.0500E-09 8.9190E-10 7.1083E-10 5.8780E-10 4.8131E-10 1.9549E-10 4.1857E-11 3.0456E-11 2.1739E-11 1.3496E-11 6.7607E-12 1.5588E-13 0.0000E+00 0.0000E+00 0.0000E+00 0.0000E+00 0.0000E+00 0.0000E+00 0.0000E+00 0.0000E+00 0.0000E+00 0.0000E+00 0.0000E+00 0.0000E+00 0.0000E+00 0.0000E+00 0.0000E+00 0.0000E+00 0.0000E+00 0.0000E+00
8.5079E-09 8.4872E-09 8.4352E-09 8.3492E-09 8.2351E-09 8.1366E-09 7.9830E-09 7.7845E-09 7.6727E-09 7.7989E-09 7.4453E-09 7.2444E-09 7.2436E-09 6.8848E-09 6.4350E-09 6.3563E-09 5.9164E-09 5.2597E-09 4.8675E-09 4.3994E-09 3.8481E-09 3.3118E-09 2.9591E-09 2.5110E-09 2.0375E-09 1.7178E-09 1.4237E-09 1.1515E-09 9.4784E-10 8.0631E-10 6.5112E-10 5.0840E-10 1.9763E-10 4.5385E-11 3.3336E-11 2.3457E-11 1.5193E-11 7.1756E-12 1.2477E-13 0.0000E+00 0.0000E+00 0.0000E+00 0.0000E+00 0.0000E+00 0.0000E+00 0.0000E+00 0.0000E+00 0.0000E+00 0.0000E+00 0.0000E+00 0.0000E+00 0.0000E+00 0.0000E+00 0.0000E+00 0.0000E+00 0.0000E+00 0.0000E+00
9.1902E-09 9.2002E-09 9.1806E-09 9.1543E-09 9.1314E-09 9.0213E-09 8.9992E-09 9.3149E-09 9.0277E-09 8.8442E-09 8.9673E-09 8.7843E-09 8.3100E-09 8.3968E-09 7.9696E-09 7.2317E-09 6.7911E-09 6.2477E-09 5.6129E-09 4.8957E-09 4.4811E-09 3.9052E-09 3.2641E-09 2.8076E-09 2.3533E-09 1.9295E-09 1.5555E-09 1.3119E-09 1.0827E-09 8.6764E-10 7.1004E-10 5.6542E-10 2.1273E-10 4.8479E-11 3.4751E-11 2.5122E-11 1.6244E-11 8.0271E-12 8.4933E-14 0.0000E+00 0.0000E+00 0.0000E+00 0.0000E+00 0.0000E+00 0.0000E+00 0.0000E+00 0.0000E+00 0.0000E+00 0.0000E+00 0.0000E+00 0.0000E+00 0.0000E+00 0.0000E+00 0.0000E+00 0.0000E+00 0.0000E+00 0.0000E+00
9.9389E-09 1.0012E-08 1.0120E-08 1.0120E-08 1.0157E-08 1.0742E-08 1.0558E-08 1.0432E-08 1.0770E-08 1.0781E-08 1.0344E-08 1.0397E-08 1.0265E-08 9.5377E-09 8.9046E-09 8.5523E-09 7.8719E-09 6.9892E-09 6.4059E-09 5.7420E-09 4.9602E-09 4.2799E-09 3.7591E-09 3.1709E-09 2.5862E-09 2.1699E-09 1.7750E-09 1.4163E-09 1.1664E-09 9.7130E-10 7.7945E-10 6.0866E-10 2.2355E-10 5.2069E-11 3.7821E-11 2.6669E-11 1.8082E-11 8.3228E-12 9.3185E-14 0.0000E+00 0.0000E+00 0.0000E+00 0.0000E+00 0.0000E+00 0.0000E+00 0.0000E+00 0.0000E+00 0.0000E+00 0.0000E+00 0.0000E+00 0.0000E+00 0.0000E+00 0.0000E+00 0.0000E+00 0.0000E+00 0.0000E+00 0.0000E+00
1.0862E-08 1.0981E-08 1.1120E-08 1.1508E-08 1.1899E-08 1.1880E-08 1.2463E-08 1.2707E-08 1.2363E-08 1.2557E-08 1.2471E-08 1.2046E-08 1.1372E-08 1.1212E-08 1.0542E-08 9.5544E-09 8.8939E-09 8.1131E-09 7.2329E-09 6.3149E-09 5.6878E-09 4.9246E-09 4.1324E-09 3.5349E-09 2.9518E-09 2.4117E-09 1.9432E-09 1.6039E-09 1.3087E-09 1.0488E-09 8.5277E-10 6.7135E-10 2.5577E-10 6.0105E-11 3.9736E-11 2.7500E-11 1.9032E-11 9.0120E-12 9.7970E-14 0.0000E+00 0.0000E+00 0.0000E+00 0.0000E+00 0.0000E+00 0.0000E+00 0.0000E+00 0.0000E+00 0.0000E+00 0.0000E+00 0.0000E+00 0.0000E+00 0.0000E+00 0.0000E+00 0.0000E+00 0.0000E+00 0.0000E+00 0.0000E+00
1.1819E-08 1.2257E-08 1.2970E-08 1.3083E-08 1.3698E-08 1.4436E-08 1.4232E-08 1.4345E-08 1.4776E-08 1.4596E-08 1.3978E-08 1.3937E-08 1.3520E-08 1.2495E-08 1.1740E-08 1.1034E-08 1.0094E-08 8.9775E-09 8.2077E-09 7.3231E-09 6.2565E-09 5.4667E-09 4.6937E-09 3.9615E-09 3.2492E-09 2.7186E-09 2.2218E-09 1.7482E-09 1.4333E-09 1.1718E-09 9.3527E-10 7.2496E-10 2.7642E-10 7.8875E-11 4.4523E-11 2.9754E-11 1.9755E-11 9.1051E-12 9.1484E-14 0.0000E+00 0.0000E+00 0.0000E+00 0.0000E+00 0.0000E+00 0.0000E+00 0.0000E+00 0.0000E+00 0.0000E+00 0.0000E+00 0.0000E+00 0.0000E+00 0.0000E+00 0.0000E+00 0.0000E+00 0.0000E+00 0.0000E+00 0.0000E+00
1.3712E-08 1.3966E-08 1.4524E-08 1.5517E-08 1.5816E-08 1.5963E-08 1.6896E-08 1.7007E-08 1.6520E-08 1.6587E-08 1.6338E-08 1.5643E-08 1.4798E-08 1.4367E-08 1.3444E-08 1.2203E-08 1.1311E-08 1.0275E-08 9.1201E-09 7.9962E-09 7.1187E-09 6.1449E-09 5.1666E-09 4.4208E-09 3.6832E-09 3.0170E-09 2.4331E-09 1.9758E-09 1.5892E-09 1.2737E-09 1.0304E-09 7.9484E-10 3.1320E-10 9.8941E-11 5.7642E-11 3.0814E-11 2.0746E-11 9.4776E-12 8.1345E-14 0.0000E+00 0.0000E+00 0.0000E+00 0.0000E+00 0.0000E+00 0.0000E+00 0.0000E+00 0.0000E+00 0.0000E+00 0.0000E+00 0.0000E+00 0.0000E+00 0.0000E+00 0.0000E+00 0.0000E+00 0.0000E+00 0.0000E+00 0.0000E+00
1.5079E-08 1.6247E-08 1.6990E-08 1.7261E-08 1.8641E-08 1.9077E-08 1.8781E-08 1.9110E-08 1.9110E-08 1.8752E-08 1.7982E-08 1.7880E-08 1.7093E-08 1.5832E-08 1.4958E-08 1.3884E-08 1.2662E-08 1.1310E-08 1.0342E-08 9.1335E-09 7.8391E-09 6.8204E-09 5.8419E-09 4.9281E-09 4.0669E-09 3.4071E-09 2.7677E-09 2.1703E-09 1.7537E-09 1.4243E-09 1.1344E-09 8.6054E-10 3.4517E-10 1.3072E-10 7.3289E-11 4.0319E-11 2.1186E-11 9.4824E-12 2.5504E-14 0.0000E+00 0.0000E+00 0.0000E+00 0.0000E+00 0.0000E+00 0.0000E+00 0.0000E+00 0.0000E+00 0.0000E+00 0.0000E+00 0.0000E+00 0.0000E+00 0.0000E+00 0.0000E+00 0.0000E+00 0.0000E+00 0.0000E+00 0.0000E+00
1.7692E-08 1.8110E-08 1.9451E-08 2.0660E-08 2.0592E-08 2.0803E-08 2.1570E-08 2.1576E-08 2.0985E-08 2.0985E-08 2.0627E-08 1.9605E-08 1.8659E-08 1.7912E-08 1.6737E-08 1.5254E-08 1.4130E-08 1.2827E-08 1.1356E-08 1.0045E-08 8.8484E-09 7.6335E-09 6.4422E-09 5.5104E-09 4.6047E-09 3.7690E-09 3.0778E-09 2.4593E-09 1.9533E-09 1.5590E-09 1.2537E-09 9.3107E-10 3.8149E-10 1.6554E-10 1.0219E-10 5.0416E-11 2.4704E-11 9.4948E-12 0.0000E+00 0.0000E+00 0.0000E+00 0.0000E+00 0.0000E+00 0.0000E+00 0.0000E+00 0.0000E+00 0.0000E+00 0.0000E+00 0.0000E+00 0.0000E+00 0.0000E+00 0.0000E+00 0.0000E+00 0.0000E+00 0.0000E+00 0.0000E+00 0.0000E+00
1.9923E-08 2.1119E-08 2.1825E-08 2.2158E-08 2.3488E-08 2.3888E-08 2.3547E-08 2.3835E-08 2.3742E-08 2.3222E-08 2.2351E-08 2.2048E-08 2.1058E-08 1.9588E-08 1.8492E-08 1.7164E-08 1.5660E-08 1.4065E-08 1.2799E-08 1.1317E-08 9.7560E-09 8.4940E-09 7.2747E-09 6.1502E-09 5.1118E-09 4.2721E-09 3.4605E-09 2.7295E-09 2.1834E-09 1.7451E-09 1.3650E-09 1.0164E-09 4.3847E-10 2.1736E-10 1.3220E-10 6.9956E-11 3.3277E-11 9.4668E-12 0.0000E+00 0.0000E+00 0.0000E+00 0.0000E+00 0.0000E+00 0.0000E+00 0.0000E+00 0.0000E+00 0.0000E+00 0.0000E+00 0.0000E+00 0.0000E+00 0.0000E+00 0.0000E+00 0.0000E+00 0.0000E+00 0.0000E+00 0.0000E+00 0.0000E+00
2.2415E-08 2.2924E-08 2.4560E-08 2.5522E-08 2.5463E-08 2.5976E-08 2.6432E-08 2.6369E-08 2.5730E-08 2.5830E-08 2.5281E-08 2.3952E-08 2.3072E-08 2.1897E-08 2.0488E-08 1.8776E-08 1.7492E-08 1.5907E-08 1.4053E-08 1.2514E-08 1.0975E-08 9.4862E-09 8.0493E-09 6.9207E-09 5.7839E-09 4.7374E-09 3.8656E-09 3.0793E-09 2.4090E-09 1.9112E-09 1.5071E-09 1.0986E-09 5.0573E-10 2.7646E-10 1.8129E-10 9.5073E-11 4.5182E-11 1.2933E-11 0.0000E+00 0.0000E+00 0.0000E+00 0.0000E+00 0.0000E+00 0.0000E+00 0.0000E+00 0.0000E+00 0.0000E+00 0.0000E+00 0.0000E+00 0.0000E+00 0.0000E+00 0.0000E+00 0.0000E+00 0.0000E+00 0.0000E+00 0.0000E+00 0.0000E+00
2.4647E-08 2.5962E-08 2.6611E-08 2.7095E-08 2.8383E-08 2.8790E-08 2.8458E-08 2.8780E-08 2.8653E-08 2.7985E-08 2.7108E-08 2.6598E-08 2.5450E-08 2.3798E-08 2.2518E-08 2.0946E-08 1.9165E-08 1.7350E-08 1.5734E-08 1.3960E-08 1.2112E-08 1.0573E-08 9.0702E-09 7.6718E-09 6.4428E-09 5.3528E-09 4.3127E-09 3.4109E-09 2.7040E-09 2.1245E-09 1.6512E-09 1.2036E-09 5.8267E-10 3.5666E-10 2.3185E-10 1.3641E-10 6.6478E-11 2.1605E-11 0.0000E+00 0.0000E+00 0.0000E+00 0.0000E+00 0.0000E+00 0.0000E+00 0.0000E+00 0.0000E+00 0.0000E+00 0.0000E+00 0.0000E+00 0.0000E+00 0.0000E+00 0.0000E+00 0.0000E+00 0.0000E+00 0.0000E+00 0.0000E+00 0.0000E+00
2.6945E-08 2.7595E-08 2.9457E-08 3.0316E-08 3.0321E-08 3.1059E-08 3.1399E-08 3.1316E-08 3.0700E-08 3.0848E-08 3.0111E-08 2.8687E-08 2.7682E-08 2.6341E-08 2.4719E-08 2.2814E-08 2.1312E-08 1.9392E-08 1.7255E-08 1.5424E-08 1.3572E-08 1.1773E-08 1.0048E-08 8.6303E-09 7.1634E-09 5.9003E-09 4.8272E-09 3.8182E-09 3.0036E-09 2.3628E-09 1.8274E-09 1.3283E-09 7.0826E-10 4.5058E-10 3.0647E-10 1.8039E-10 9.2471E-11 3.7478E-11 4.4700E-12 0.0000E+00 0.0000E+00 0.0000E+00 0.0000E+00 0.0000E+00 0.0000E+00 0.0000E+00 0.0000E+00 0.0000E+00 0.0000E+00 0.0000E+00 0.0000E+00 0.0000E+00 0.0000E+00 0.0000E+00 0.0000E+00 0.0000E+00 0.0000E+00
2.9172E-08 3.0764E-08 3.1211E-08 3.2007E-08 3.3194E-08 3.3667E-08 3.3418E-08 3.3882E-08 3.3801E-08 3.2983E-08 3.2320E-08 3.1497E-08 3.0237E-08 2.8464E-08 2.7069E-08 2.5265E-08 2.3188E-08 2.1258E-08 1.9205E-08 1.7108E-08 1.4949E-08 1.3103E-08 1.1219E-08 9.4774E-09 8.0076E-09 6.6081E-09 5.3792E-09 4.2820E-09 3.3788E-09 2.6593E-09 2.0501E-09 1.4979E-09 8.4221E-10 5.6832E-10 3.8577E-10 2.4506E-10 1.3059E-10 5.6354E-11 1.5676E-11 8.0066E-13 0.0000E+00 0.0000E+00 0.0000E+00 0.0000E+00 0.0000E+00 0.0000E+00 0.0000E+00 0.0000E+00 0.0000E+00 0.0000E+00 0.0000E+00 0.0000E+00 0.0000E+00 0.0000E+00 0.0000E+00 0.0000E+00 0.0000E+00
3.1131E-08 3.1991E-08 3.3917E-08 3.4901E-08 3.5032E-08 3.5917E-08 3.6349E-08 3.6301E-08 3.5821E-08 3.5921E-08 3.5176E-08 3.3726E-08 3.2675E-08 3.1208E-08 2.9424E-08 2.7382E-08 2.5597E-08 2.3384E-08 2.0971E-08 1.8835E-08 1.6599E-08 1.4371E-08 1.2381E-08 1.0543E-08 8.8562E-09 7.3580E-09 6.0157E-09 4.8278E-09 3.8319E-09 3.0090E-09 2.3194E-09 1.7033E-09 1.0345E-09 7.0758E-10 4.9302E-10 3.1288E-10 1.7931E-10 8.7328E-11 2.9527E-11 2.3128E-12 0.0000E+00 0.0000E+00 0.0000E+00 0.0000E+00 0.0000E+00 0.0000E+00 0.0000E+00 0.0000E+00 0.0000E+00 0.0000E+00 0.0000E+00 0.0000E+00 0.0000E+00 0.0000E+00 0.0000E+00 0.0000E+00 0.0000E+00
3.3549E-08 3.4993E-08 3.5486E-08 3.6812E-08 3.7780E-08 3.8374E-08 3.8288E-08 3.9197E-08 3.9083E-08 3.8085E-08 3.7581E-08 3.6641E-08 3.5326E-08 3.3503E-08 3.2182E-08 3.0107E-08 2.7665E-08 2.5489E-08 2.3094E-08 2.0539E-08 1.8111E-08 1.5873E-08 1.3672E-08 1.1661E-08 9.8499E-09 8.2322E-09 6.7995E-09 5.4864E-09 4.3702E-09 3.4406E-09 2.6510E-09 1.9664E-09 1.2608E-09 8.8143E-10 6.1416E-10 4.0389E-10 2.3929E-10 1.2135E-10 4.8586E-11 1.2254E-11 0.0000E+00 0.0000E+00 0.0000E+00 0.0000E+00 0.0000E+00 0.0000E+00 0.0000E+00 0.0000E+00 0.0000E+00 0.0000E+00 0.0000E+00 0.0000E+00 0.0000E+00 0.0000E+00 0.0000E+00 0.0000E+00 0.0000E+00
3.4828E-08 3.6023E-08 3.7964E-08 3.9108E-08 3.9437E-08 4.0549E-08 4.1133E-08 4.1152E-08 4.0983E-08 4.1007E-08 4.0325E-08 3.8918E-08 3.7906E-08 3.6349E-08 3.4396E-08 3.2394E-08 3.0178E-08 2.7522E-08 2.4901E-08 2.2438E-08 1.9835E-08 1.7372E-08 1.5060E-08 1.2928E-08 1.1003E-08 9.2663E-09 7.6801E-09 6.2720E-09 5.0130E-09 3.9501E-09 3.0547E-09 2.2803E-09 1.5410E-09 1.0848E-09 7.6808E-10 5.0610E-10 3.0960E-10 1.6990E-10 7.8286E-11 2.3436E-11 0.0000E+00 0.0000E+00 0.0000E+00 0.0000E+00 0.0000E+00 0.0000E+00 0.0000E+00 0.0000E+00 0.0000E+00 0.0000E+00 0.0000E+00 0.0000E+00 0.0000E+00 0.0000E+00 0.0000E+00 0.0000E+00 0.0000E+00
3.6987E-08 3.8570E-08 3.9253E-08 4.0810E-08 4.1962E-08 4.2717E-08 4.2887E-08 4.3923E-08 4.3946E-08 4.3083E-08 4.2700E-08 4.1808E-08 4.0445E-08 3.8653E-08 3.7130E-08 3.4642E-08 3.2107E-08 2.9718E-08 2.6964E-08 2.4253E-08 2.1585E-08 1.9032E-08 1.6632E-08 1.4389E-08 1.2325E-08 1.0450E-08 8.7382E-09 7.1697E-09 5.7612E-09 4.5603E-09 3.5366E-09 2.6659E-09 1.8474E-09 1.3326E-09 9.4104E-10 6.3459E-10 3.9839E-10 2.2289E-10 1.1135E-10 4.2614E-11 0.0000E+00 0.0000E+00 0.0000E+00 0.0000E+00 0.0000E+00 0.0000E+00 0.0000E+00 0.0000E+00 0.0000E+00 0.0000E+00 0.0000E+00 0.0000E+00 0.0000E+00 0.0000E+00 0.0000E+00 0.0000E+00 0.0000E+00
3.7889E-08 3.9765E-08 4.1431E-08 4.2766E-08 4.3337E-08 4.4801E-08 4.5567E-08 4.5637E-08 4.5977E-08 4.5828E-08 4.5189E-08 4.3898E-08 4.2967E-08 4.1141E-08 3.8957E-08 3.6934E-08 3.4337E-08 3.1671E-08 2.8945E-08 2.6201E-08 2.3519E-08 2.0898E-08 1.8396E-08 1.6033E-08 1.3843E-08 1.1815E-08 9.9459E-09 8.2241E-09 6.6547E-09 5.2813E-09 4.1238E-09 3.1227E-09 2.2296E-09 1.6182E-09 1.1581E-09 7.8342E-10 4.9749E-10 2.9445E-10 1.5437E-10 6.6468E-11 0.0000E+00 0.0000E+00 0.0000E+00 0.0000E+00 0.0000E+00 0.0000E+00 0.0000E+00 0.0000E+00 0.0000E+00 0.0000E+00 0.0000E+00 0.0000E+00 0.0000E+00 0.0000E+00 0.0000E+00 0.0000E+00 0.0000E+00
3.9686E-08 4.1459E-08 4.2362E-08 4.4171E-08 4.5532E-08 4.6460E-08 4.7003E-08 4.8099E-08 4.8212E-08 4.7537E-08 4.7290E-08 4.6309E-08 4.4677E-08 4.3087E-08 4.1114E-08 3.8784E-08 3.6301E-08 3.3703E-08 3.1017E-08 2.8312E-08 2.5587E-08 2.2918E-08 2.0337E-08 1.7871E-08 1.5539E-08 1.3360E-08 1.1329E-08 9.4195E-09 7.6761E-09 6.1264E-09 4.8002E-09 3.6724E-09 2.6658E-09 1.9651E-09 1.4027E-09 9.6283E-10 6.2507E-10 3.7037E-10 2.0500E-10 9.4184E-11 1.4349E-11 0.0000E+00 0.0000E+00 0.0000E+00 0.0000E+00 0.0000E+00 0.0000E+00 0.0000E+00 0.0000E+00 0.0000E+00 0.0000E+00 0.0000E+00 0.0000E+00 0.0000E+00 0.0000E+00 0.0000E+00 0.0000E+00
4.0187E-08 4.2311E-08 4.4132E-08 4.5658E-08 4.6509E-08 4.8533E-08 4.9359E-08 4.9291E-08 4.9815E-08 4.9656E-08 4.8693E-08 4.7642E-08 4.6530E-08 4.4765E-08 4.2788E-08 4.0615E-08 3.8269E-08 3.5802E-08 3.3205E-08 3.0524E-08 2.7834E-08 2.5130E-08 2.2484E-08 1.9913E-08 1.7446E-08 1.5105E-08 1.2895E-08 1.0793E-08 8.8536E-09 7.1168E-09 5.6175E-09 4.3126E-09 3.1906E-09 2.3585E-09 1.7032E-09 1.1725E-09 7.6115E-10 4.6904E-10 2.6455E-10 1.2924E-10 2.4934E-11 0.0000E+00 0.0000E+00 0.0000E+00 0.0000E+00 0.0000E+00 0.0000E+00 0.0000E+00 0.0000E+00 0.0000E+00 0.0000E+00 0.0000E+00 0.0000E+00 0.0000E+00 0.0000E+00 0.0000E+00 0.0000E+00
4.1547E-08 4.3482E-08 4.4615E-08 4.6686E-08 4.8172E-08 4.9157E-08 5.0380E-08 5.1003E-08 5.0697E-08 5.0295E-08 5.0045E-08 4.8961E-08 4.7661E-08 4.6125E-08 4.4359E-08 4.2399E-08 4.0249E-08 3.7917E-08 3.5451E-08 3.2867E-08 3.0192E-08 2.7497E-08 2.4791E-08 2.2137E-08 1.9545E-08 1.7039E-08 1.4644E-08 1.2344E-08 1.0203E-08 8.2501E-09 6.5519E-09 5.0781E-09 3.7998E-09 2.8354E-09 2.0428E-09 1.4169E-09 9.3846E-10 5.7629E-10 3.3662E-10 1.6731E-10 4.2978E-11 0.0000E+00 0.0000E+00 0.0000E+00 0.0000E+00 0.0000E+00 0.0000E+00 0.0000E+00 0.0000E+00 0.0000E+00 0.0000E+00 0.0000E+00 0.0000E+00 0.0000E+00 0.0000E+00 0.0000E+00 0.0000E+00
4.1579E-08 4.3881E-08 4.5822E-08 4.7371E-08 4.8515E-08 5.0415E-08 5.0694E-08 5.0888E-08 5.1444E-08 5.1058E-08 5.0462E-08 4.9649E-08 4.8600E-08 4.7328E-08 4.5820E-08 4.4096E-08 4.2164E-08 4.0034E-08 3.7717E-08 3.5247E-08 3.2673E-08 2.9996E-08 2.7291E-08 2.4561E-08 2.1855E-08 1.9195E-08 1.6608E-08 1.4108E-08 1.1737E-08 9.5653E-09 7.6380E-09 5.9555E-09 4.5148E-09 3.3737E-09 2.4527E-09 1.7075E-09 1.1263E-09 7.1138E-10 4.1719E-10 2.1735E-10 5.7324E-11 0.0000E+00 0.0000E+00 0.0000E+00 0.0000E+00 0.0000E+00 0.0000E+00 0.0000E+00 0.0000E+00 0.0000E+00 0.0000E+00 0.0000E+00 0.0000E+00 0.0000E+00 0.0000E+00 0.0000E+00 0.0000E+00
