Assets/Resources/2015_m01_d09_2100(utc+0800)_l00_csi_1hr_conc.grd
DSAA
         159         159
     -79.000      79.000
     -79.000      79.000
  0.1320E-08  0.5581E-05
[rows 0 to 24 of 159, columns 0 to 56 of 159]
1.3197E-09 1.3346E-09 1.3506E-09 1.3646E-09 1.3785E-09 1.3925E-09 1.4065E-09 1.4205E-09 1.4345E-09 1.4484E-09 1.4624E-09 1.4763E-09 1.4901E-09 1.5040E-09 1.5178E-09 1.5315E-09 1.5452E-09 1.5643E-09 1.5780E-09 1.5935E-09 1.6072E-09 1.6208E-09 1.6343E-09 1.6551E-09 1.6686E-09 1.6839E-09 1.6972E-09 1.7122E-09 1.7309E-09 1.7467E-09 1.7702E-09 1.7882E-09 1.8047E-09 1.8196E-09 1.8324E-09 1.8499E-09 1.8647E-09 1.8771E-09 1.8976E-09 1.9177E-09 1.9356E-09 1.9479E-09 1.9612E-09 1.9731E-09 1.9857E-09 2.0016E-09 2.0122E-09 2.0279E-09 2.0378E-09 2.0505E-09 2.0599E-09 2.0721E-09 2.0808E-09 2.0892E-09 2.0972E-09 2.1049E-09 2.1122E-09
1.3390E-09 1.3553E-09 1.3695E-09 1.3838E-09 1.3981E-09 1.4123E-09 1.4266E-09 1.4409E-09 1.4551E-09 1.4694E-09 1.4836E-09 1.4978E-09 1.5119E-09 1.5260E-09 1.5401E-09 1.5596E-09 1.5738E-09 1.5897E-09 1.6038E-09 1.6178E-09 1.6391E-09 1.6532E-09 1.6690E-09 1.6830E-09 1.6986E-09 1.7165E-09 1.7344E-09 1.7576E-09 1.7775E-09 1.7967E-09 1.8105E-09 1.8260E-09 1.8443E-09 1.8610E-09 1.8770E-09 1.8952E-09 1.9222E-09 1.9358E-09 1.9504E-09 1.9656E-09 1.9812E-09 1.9953E-09 2.0079E-09 2.0227E-09 2.0341E-09 2.0561E-09 2.0683E-09 2.0817E-09 2.0940E-09 2.1046E-09 2.1158E-09 2.1258E-09 2.1370E-09 2.1457E-09 2.1570E-09 2.1649E-09 2.1724E-09
1.3597E-09 1.3742E-09 1.3887E-09 1.4033E-09 1.4178E-09 1.4324E-09 1.4469E-09 1.4615E-09 1.4760E-09 1.4906E-09 1.5050E-09 1.5195E-09 1.5340E-09 1.5538E-09 1.5684E-09 1.5847E-09 1.5992E-09 1.6137E-09 1.6355E-09 1.6501E-09 1.6664E-09 1.6809E-09 1.6971E-09 1.7196E-09 1.7434E-09 1.7639E-09 1.7805E-09 1.7985E-09 1.8148E-09 1.8339E-09 1.8542E-09 1.8704E-09 1.8985E-09 1.9158E-09 1.9341E-09 1.9487E-09 1.9659E-09 1.9811E-09 1.9968E-09 2.0142E-09 2.0328E-09 2.0538E-09 2.0664E-09 2.0854E-09 2.0981E-09 2.1151E-09 2.1266E-09 2.1393E-09 2.1538E-09 2.1679E-09 2.1780E-09 2.1927E-09 2.2020E-09 2.2110E-09 2.2228E-09 2.2310E-09 2.2387E-09
1.3785E-09 1.3933E-09 1.4081E-09 1.4230E-09 1.4378E-09 1.4527E-09 1.4675E-09 1.4824E-09 1.4972E-09 1.5120E-09 1.5268E-09 1.5470E-09 1.5619E-09 1.5787E-09 1.5936E-09 1.6085E-09 1.6307E-09 1.6457E-09 1.6626E-09 1.6775E-09 1.6968E-09 1.7173E-09 1.7418E-09 1.7630E-09 1.7836E-09 1.7989E-09 1.8176E-09 1.8417E-09 1.8647E-09 1.8878E-09 1.9047E-09 1.9253E-09 1.9410E-09 1.9592E-09 1.9778E-09 1.9992E-09 2.0186E-09 2.0422E-09 2.0613E-09 2.0770E-09 2.0938E-09 2.1108E-09 2.1256E-09 2.1404E-09 2.1536E-09 2.1702E-09 2.1852E-09 2.1967E-09 2.2159E-09 2.2288E-09 2.2393E-09 2.2499E-09 2.2660E-09 2.2764E-09 2.2859E-09 2.2966E-09 2.3045E-09
1.3976E-09 1.4127E-09 1.4278E-09 1.4429E-09 1.4581E-09 1.4732E-09 1.4883E-09 1.5035E-09 1.5186E-09 1.5391E-09 1.5544E-09 1.5715E-09 1.5868E-09 1.6021E-09 1.6247E-09 1.6402E-09 1.6575E-09 1.6729E-09 1.6927E-09 1.7230E-09 1.7389E-09 1.7626E-09 1.7819E-09 1.8013E-09 1.8219E-09 1.8439E-09 1.8677E-09 1.8916E-09 1.9131E-09 1.9298E-09 1.9492E-09 1.9727E-09 1.9912E-09 2.0179E-09 2.0386E-09 2.0606E-09 2.0792E-09 2.0943E-09 2.1142E-09 2.1306E-09 2.1467E-09 2.1651E-09 2.1846E-09 2.2073E-09 2.2217E-09 2.2414E-09 2.2546E-09 2.2698E-09 2.2828E-09 2.2977E-09 2.3086E-09 2.3223E-09 2.3329E-09 2.3477E-09 2.3569E-09 2.3655E-09 2.3736E-09
1.4169E-09 1.4323E-09 1.4477E-09 1.4631E-09 1.4785E-09 1.4940E-09 1.5094E-09 1.5248E-09 1.5458E-09 1.5632E-09 1.5789E-09 1.5946E-09 1.6175E-09 1.6334E-09 1.6512E-09 1.6670E-09 1.6873E-09 1.7182E-09 1.7345E-09 1.7593E-09 1.7804E-09 1.7987E-09 1.8242E-09 1.8506E-09 1.8722E-09 1.8946E-09 1.9151E-09 1.9355E-09 1.9599E-09 1.9814E-09 2.0061E-09 2.0304E-09 2.0551E-09 2.0723E-09 2.0905E-09 2.1111E-09 2.1307E-09 2.1522E-09 2.1729E-09 2.2029E-09 2.2181E-09 2.2382E-09 2.2534E-09 2.2731E-09 2.2886E-09 2.3040E-09 2.3209E-09 2.3348E-09 2.3502E-09 2.3620E-09 2.3768E-09 2.3877E-09 2.4018E-09 2.4117E-09 2.4217E-09 2.4323E-09 2.4406E-09
1.4364E-09 1.4521E-09 1.4678E-09 1.4835E-09 1.4992E-09 1.5150E-09 1.5361E-09 1.5521E-09 1.5699E-09 1.5859E-09 1.6019E-09 1.6255E-09 1.6436E-09 1.6599E-09 1.6806E-09 1.7119E-09 1.7288E-09 1.7542E-09 1.7758E-09 1.7974E-09 1.8209E-09 1.8496E-09 1.8733E-09 1.8935E-09 1.9164E-09 1.9399E-09 1.9641E-09 1.9917E-09 2.0187E-09 2.0428E-09 2.0612E-09 2.0807E-09 2.1062E-09 2.1292E-09 2.1484E-09 2.1802E-09 2.2021E-09 2.2240E-09 2.2432E-09 2.2594E-09 2.2806E-09 2.2980E-09 2.3164E-09 2.3331E-09 2.3550E-09 2.3783E-09 2.3920E-09 2.4072E-09 2.4199E-09 2.4420E-09 2.4546E-09 2.4676E-09 2.4797E-09 2.4933E-09 2.5031E-09 2.5162E-09 2.5248E-09
1.4561E-09 1.4721E-09 1.4881E-09 1.5041E-09 1.5202E-09 1.5418E-09 1.5598E-09 1.5762E-09 1.5926E-09 1.6164E-09 1.6349E-09 1.6516E-09 1.6727E-09 1.6968E-09 1.7217E-09 1.7475E-09 1.7697E-09 1.7918E-09 1.8177E-09 1.8454E-09 1.8717E-09 1.8912E-09 1.9174E-09 1.9408E-09 1.9735E-09 1.9952E-09 2.0223E-09 2.0460E-09 2.0684E-09 2.0896E-09 2.1176E-09 2.1444E-09 2.1732E-09 2.1978E-09 2.2203E-09 2.2390E-09 2.2603E-09 2.2832E-09 2.3018E-09 2.3279E-09 2.3508E-09 2.3782E-09 2.3944E-09 2.4154E-09 2.4314E-09 2.4519E-09 2.4679E-09 2.4818E-09 2.5012E-09 2.5141E-09 2.5310E-09 2.5429E-09 2.5576E-09 2.5683E-09 2.5785E-09 2.5880E-09 2.5976E-09
1.4761E-09 1.4924E-09 1.5087E-09 1.5304E-09 1.5470E-09 1.5654E-09 1.5821E-09 1.6044E-09 1.6232E-09 1.6421E-09 1.6618E-09 1.6840E-09 1.7133E-09 1.7361E-09 1.7593E-09 1.7848E-09 1.8112E-09 1.8395E-09 1.8664E-09 1.8884E-09 1.9136E-09 1.9405E-09 1.9714E-09 1.9972E-09 2.0232E-09 2.0465E-09 2.0725E-09 2.0988E-09 2.1297E-09 2.1564E-09 2.1826E-09 2.2095E-09 2.2297E-09 2.2541E-09 2.2785E-09 2.3033E-09 2.3280E-09 2.3578E-09 2.3826E-09 2.4046E-09 2.4252E-09 2.4441E-09 2.4647E-09 2.4831E-09 2.5023E-09 2.5197E-09 2.5425E-09 2.5644E-09 2.5806E-09 2.5960E-09 2.6089E-09 2.6236E-09 2.6360E-09 2.6497E-09 2.6602E-09 2.6734E-09 2.6826E-09
1.4962E-09 1.5128E-09 1.5349E-09 1.5536E-09 1.5706E-09 1.5876E-09 1.6121E-09 1.6314E-09 1.6488E-09 1.6707E-09 1.7035E-09 1.7248E-09 1.7503E-09 1.7763E-09 1.8017E-09 1.8319E-09 1.8566E-09 1.8821E-09 1.9107E-09 1.9356E-09 1.9690E-09 1.9939E-09 2.0208E-09 2.0480E-09 2.0748E-09 2.1021E-09 2.1352E-09 2.1657E-09 2.1939E-09 2.2154E-09 2.2413E-09 2.2701E-09 2.2957E-09 2.3278E-09 2.3549E-09 2.3822E-09 2.4050E-09 2.4245E-09 2.4505E-09 2.4719E-09 2.4918E-09 2.5193E-09 2.5467E-09 2.5654E-09 2.5828E-09 2.6027E-09 2.6205E-09 2.6374E-09 2.6557E-09 2.6698E-09 2.6872E-09 2.7022E-09 2.7177E-09 2.7293E-09 2.7401E-09 2.7552E-09 2.7647E-09
1.5165E-09 1.5390E-09 1.5580E-09 1.5754E-09 1.5927E-09 1.6177E-09 1.6373E-09 1.6578E-09 1.6834E-09 1.7141E-09 1.7399E-09 1.7619E-09 1.7879E-09 1.8228E-09 1.8460E-09 1.8741E-09 1.9033E-09 1.9288E-09 1.9642E-09 1.9886E-09 2.0169E-09 2.0477E-09 2.0727E-09 2.1107E-09 2.1377E-09 2.1691E-09 2.1963E-09 2.2234E-09 2.2536E-09 2.2785E-09 2.3131E-09 2.3449E-09 2.3742E-09 2.3966E-09 2.4200E-09 2.4484E-09 2.4736E-09 2.4973E-09 2.5238E-09 2.5538E-09 2.5761E-09 2.5983E-09 2.6182E-09 2.6403E-09 2.6607E-09 2.6803E-09 2.7007E-09 2.7171E-09 2.7381E-09 2.7613E-09 2.7762E-09 2.7926E-09 2.8056E-09 2.8184E-09 2.8290E-09 2.8400E-09 2.8489E-09
1.5427E-09 1.5621E-09 1.5797E-09 1.6048E-09 1.6247E-09 1.6428E-09 1.6672E-09 1.6990E-09 1.7236E-09 1.7476E-09 1.7752E-09 1.8121E-09 1.8358E-09 1.8637E-09 1.8895E-09 1.9175E-09 1.9562E-09 1.9814E-09 2.0104E-09 2.0420E-09 2.0679E-09 2.1068E-09 2.1382E-09 2.1686E-09 2.1974E-09 2.2252E-09 2.2582E-09 2.2921E-09 2.3273E-09 2.3537E-09 2.3823E-09 2.4074E-09 2.4390E-09 2.4678E-09 2.4926E-09 2.5257E-09 2.5524E-09 2.5791E-09 2.6021E-09 2.6280E-09 2.6530E-09 2.6773E-09 2.7060E-09 2.7328E-09 2.7604E-09 2.7807E-09 2.7993E-09 2.8200E-09 2.8394E-09 2.8572E-09 2.8720E-09 2.8859E-09 2.9015E-09 2.9136E-09 2.9247E-09 2.9348E-09 2.9435E-09
1.5657E-09 1.5836E-09 1.6091E-09 1.6294E-09 1.6505E-09 1.6742E-09 1.7083E-09 1.7349E-09 1.7604E-09 1.7863E-09 1.8208E-09 1.8477E-09 1.8757E-09 1.9055E-09 1.9451E-09 1.9722E-09 2.0013E-09 2.0322E-09 2.0609E-09 2.1007E-09 2.1330E-09 2.1644E-09 2.1955E-09 2.2261E-09 2.2573E-09 2.2946E-09 2.3291E-09 2.3614E-09 2.3887E-09 2.4181E-09 2.4527E-09 2.4792E-09 2.5143E-09 2.5425E-09 2.5721E-09 2.5977E-09 2.6278E-09 2.6587E-09 2.6926E-09 2.7200E-09 2.7489E-09 2.7794E-09 2.8047E-09 2.8288E-09 2.8497E-09 2.8721E-09 2.8913E-09 2.9103E-09 2.9290E-09 2.9454E-09 2.9607E-09 2.9750E-09 2.9882E-09 3.0033E-09 3.0158E-09 3.0259E-09 3.0349E-09
1.5871E-09 1.6130E-09 1.6336E-09 1.6568E-09 1.6892E-09 1.7145E-09 1.7412E-09 1.7696E-09 1.8075E-09 1.8322E-09 1.8631E-09 1.8928E-09 1.9236E-09 1.9610E-09 1.9907E-09 2.0223E-09 2.0517E-09 2.0940E-09 2.1254E-09 2.1577E-09 2.1911E-09 2.2220E-09 2.2643E-09 2.2954E-09 2.3311E-09 2.3623E-09 2.3951E-09 2.4265E-09 2.4595E-09 2.4895E-09 2.5255E-09 2.5574E-09 2.5852E-09 2.6180E-09 2.6546E-09 2.6882E-09 2.7189E-09 2.7544E-09 2.7881E-09 2.8178E-09 2.8430E-09 2.8675E-09 2.8937E-09 2.9197E-09 2.9459E-09 2.9706E-09 2.9921E-09 3.0129E-09 3.0313E-09 3.0486E-09 3.0670E-09 3.0893E-09 3.1045E-09 3.1121E-09 3.1234E-09 3.1312E-09 3.1400E-09
1.6164E-09 1.6373E-09 1.6642E-09 1.6988E-09 1.7262E-09 1.7525E-09 1.7809E-09 1.8178E-09 1.8471E-09 1.8745E-09 1.9059E-09 1.9447E-09 1.9745E-09 2.0062E-09 2.0404E-09 2.0795E-09 2.1155E-09 2.1486E-09 2.1828E-09 2.2147E-09 2.2581E-09 2.2903E-09 2.3285E-09 2.3616E-09 2.3937E-09 2.4313E-09 2.4630E-09 2.4994E-09 2.5324E-09 2.5647E-09 2.5994E-09 2.6381E-09 2.6745E-09 2.7080E-09 2.7497E-09 2.7838E-09 2.8160E-09 2.8447E-09 2.8771E-09 2.9097E-09 2.9404E-09 2.9776E-09 3.0065E-09 3.0335E-09 3.0598E-09 3.0885E-09 3.1224E-09 3.1430E-09 3.1650E-09 3.1832E-09 3.2002E-09 3.2173E-09 3.2315E-09 3.2444E-09 3.2558E-09 3.2661E-09 3.2658E-09
1.6432E-09 1.6694E-09 1.7036E-09 1.7310E-09 1.7583E-09 1.7969E-09 1.8249E-09 1.8562E-09 1.8875E-09 1.9267E-09 1.9575E-09 1.9910E-09 2.0244E-09 2.0588E-09 2.0999E-09 2.1339E-09 2.1690E-09 2.2049E-09 2.2492E-09 2.2824E-09 2.3216E-09 2.3559E-09 2.3923E-09 2.4282E-09 2.4653E-09 2.5025E-09 2.5337E-09 2.5730E-09 2.6088E-09 2.6485E-09 2.6868E-09 2.7324E-09 2.7689E-09 2.8037E-09 2.8356E-09 2.8760E-09 2.9212E-09 2.9550E-09 3.0001E-09 3.0361E-09 3.0687E-09 3.1058E-09 3.1336E-09 3.1606E-09 3.1884E-09 3.2138E-09 3.2404E-09 3.2646E-09 3.2898E-09 3.3095E-09 3.3290E-09 3.3455E-09 3.3611E-09 3.3752E-09 3.3867E-09 3.3965E-09 3.4045E-09
1.6752E-09 1.7074E-09 1.7352E-09 1.7681E-09 1.8073E-09 1.8346E-09 1.8628E-09 1.8982E-09 1.9381E-09 1.9697E-09 2.0032E-09 2.0395E-09 2.0835E-09 2.1160E-09 2.1533E-09 2.1919E-09 2.2273E-09 2.2717E-09 2.3112E-09 2.3441E-09 2.3849E-09 2.4239E-09 2.4617E-09 2.4997E-09 2.5323E-09 2.5735E-09 2.6118E-09 2.6560E-09 2.6963E-09 2.7403E-09 2.7815E-09 2.8177E-09 2.8631E-09 2.9076E-09 2.9556E-09 2.9999E-09 3.0427E-09 3.0796E-09 3.1135E-09 3.1463E-09 3.1833E-09 3.2171E-09 3.2513E-09 3.2867E-09 3.3235E-09 3.3529E-09 3.3810E-09 3.4042E-09 3.4261E-09 3.4522E-09 3.4709E-09 3.4879E-09 3.5033E-09 3.5170E-09 3.5306E-09 3.5410E-09 3.5498E-09
1.7123E-09 1.7423E-09 1.7740E-09 1.8122E-09 1.8448E-09 1.8751E-09 1.9109E-09 1.9489E-09 1.9848E-09 2.0188E-09 2.0557E-09 2.0999E-09 2.1378E-09 2.1721E-09 2.2102E-09 2.2583E-09 2.2949E-09 2.3325E-09 2.3743E-09 2.4145E-09 2.4535E-09 2.4928E-09 2.5287E-09 2.5688E-09 2.6115E-09 2.6513E-09 2.7002E-09 2.7442E-09 2.7861E-09 2.8349E-09 2.8789E-09 2.9336E-09 2.9822E-09 3.0287E-09 3.0691E-09 3.1072E-09 3.1486E-09 3.1884E-09 3.2397E-09 3.2788E-09 3.3176E-09 3.3690E-09 3.4033E-09 3.4429E-09 3.4730E-09 3.5020E-09 3.5311E-09 3.5571E-09 3.5813E-09 3.6063E-09 3.6266E-09 3.6456E-09 3.6649E-09 3.6802E-09 3.6919E-09 3.7014E-09 3.7065E-09
1.7481E-09 1.7791E-09 1.8170E-09 1.8496E-09 1.8839E-09 1.9245E-09 1.9570E-09 1.9937E-09 2.0327E-09 2.0783E-09 2.1137E-09 2.1518E-09 2.1900E-09 2.2388E-09 2.2765E-09 2.3180E-09 2.3607E-09 2.4002E-09 2.4419E-09 2.4792E-09 2.5196E-09 2.5642E-09 2.6040E-09 2.6487E-09 2.6954E-09 2.7420E-09 2.7892E-09 2.8421E-09 2.8935E-09 2.9432E-09 3.0015E-09 3.0429E-09 3.0867E-09 3.1319E-09 3.1860E-09 3.2345E-09 3.2886E-09 3.3388E-09 3.3857E-09 3.4272E-09 3.4652E-09 3.5042E-09 3.5437E-09 3.5824E-09 3.6163E-09 3.6488E-09 3.6875E-09 3.7206E-09 3.7505E-09 3.7740E-09 3.7953E-09 3.8144E-09 3.8312E-09 3.8458E-09 3.8581E-09 3.8682E-09 3.8704E-09
1.7880E-09 1.8223E-09 1.8538E-09 1.8923E-09 1.9352E-09 1.9707E-09 2.0071E-09 2.0422E-09 2.0904E-09 2.1297E-09 2.1684E-09 2.2052E-09 2.2585E-09 2.2981E-09 2.3390E-09 2.3778E-09 2.4251E-09 2.4647E-09 2.5071E-09 2.5498E-09 2.5954E-09 2.6394E-09 2.6857E-09 2.7357E-09 2.7909E-09 2.8386E-09 2.8942E-09 2.9586E-09 3.0067E-09 3.0535E-09 3.0984E-09 3.1580E-09 3.2206E-09 3.2698E-09 3.3307E-09 3.3772E-09 3.4248E-09 3.4690E-09 3.5175E-09 3.5649E-09 3.6187E-09 3.6624E-09 3.7056E-09 3.7610E-09 3.7972E-09 3.8316E-09 3.8726E-09 3.9031E-09 3.9314E-09 3.9572E-09 3.9804E-09 4.0008E-09 4.0184E-09 4.0331E-09 4.0450E-09 4.0540E-09 4.0604E-09
1.8289E-09 1.8636E-09 1.8979E-09 1.9406E-09 1.9775E-09 2.0151E-09 2.0613E-09 2.0990E-09 2.1412E-09 2.1828E-09 2.2325E-09 2.2712E-09 2.3152E-09 2.3592E-09 2.4038E-09 2.4478E-09 2.4904E-09 2.5328E-09 2.5748E-09 2.6233E-09 2.6685E-09 2.7229E-09 2.7812E-09 2.8302E-09 2.8841E-09 2.9532E-09 3.0053E-09 3.0543E-09 3.1109E-09 3.1648E-09 3.2313E-09 3.3000E-09 3.3509E-09 3.4030E-09 3.4544E-09 3.5070E-09 3.5719E-09 3.6242E-09 3.6883E-09 3.7407E-09 3.7936E-09 3.8416E-09 3.8853E-09 3.9282E-09 3.9721E-09 4.0111E-09 4.0504E-09 4.0835E-09 4.1136E-09 4.1464E-09 4.1737E-09 4.1986E-09 4.2171E-09 4.2326E-09 4.2450E-09 4.2542E-09 4.2601E-09
1.8664E-09 1.9026E-09 1.9454E-09 1.9835E-09 2.0241E-09 2.0749E-09 2.1122E-09 2.1523E-09 2.1952E-09 2.2481E-09 2.2912E-09 2.3320E-09 2.3763E-09 2.4241E-09 2.4660E-09 2.5113E-09 2.5576E-09 2.6058E-09 2.6511E-09 2.7018E-09 2.7582E-09 2.8154E-09 2.8717E-09 2.9414E-09 2.9964E-09 3.0503E-09 3.1076E-09 3.1746E-09 3.2361E-09 3.3061E-09 3.3610E-09 3.4172E-09 3.4816E-09 3.5427E-09 3.6161E-09 3.6822E-09 3.7425E-09 3.7991E-09 3.8524E-09 3.9053E-09 3.9611E-09 4.0159E-09 4.0760E-09 4.1240E-09 4.1701E-09 4.2108E-09 4.2672E-09 4.3030E-09 4.3388E-09 4.3743E-09 4.4010E-09 4.4241E-09 4.4437E-09 4.4596E-09 4.4717E-09 4.4803E-09 4.4853E-09
1.9175E-09 1.9511E-09 1.9910E-09 2.0306E-09 2.0810E-09 2.1229E-09 2.1630E-09 2.2091E-09 2.2579E-09 2.3034E-09 2.3490E-09 2.3968E-09 2.4414E-09 2.4870E-09 2.5362E-09 2.5823E-09 2.6286E-09 2.6777E-09 2.7343E-09 2.7923E-09 2.8575E-09 2.9153E-09 2.9775E-09 3.0366E-09 3.1005E-09 3.1660E-09 3.2375E-09 3.3046E-09 3.3652E-09 3.4290E-09 3.4966E-09 3.5743E-09 3.6441E-09 3.7131E-09 3.7766E-09 3.8368E-09 3.9002E-09 3.9675E-09 4.0404E-09 4.0988E-09 4.1754E-09 4.2294E-09 4.2915E-09 4.3425E-09 4.3913E-09 4.4379E-09 4.4847E-09 4.5251E-09 4.5652E-09 4.5985E-09 4.6274E-09 4.6522E-09 4.6712E-09 4.6877E-09 4.7000E-09 4.7081E-09 4.7121E-09
1.9580E-09 1.9971E-09 2.0372E-09 2.0856E-09 2.1296E-09 2.1728E-09 2.2284E-09 2.2695E-09 2.3139E-09 2.3630E-09 2.4126E-09 2.4583E-09 2.5036E-09 2.5542E-09 2.6063E-09 2.6519E-09 2.7017E-09 2.7649E-09 2.8320E-09 2.8870E-09 2.9551E-09 3.0166E-09 3.0793E-09 3.1512E-09 3.2201E-09 3.2946E-09 3.3578E-09 3.4248E-09 3.5067E-09 3.5791E-09 3.6615E-09 3.7279E-09 3.7959E-09 3.8652E-09 3.9443E-09 4.0198E-09 4.0997E-09 4.1811E-09 4.2458E-09 4.3128E-09 4.3758E-09 4.4410E-09 4.5017E-09 4.5633E-09 4.6287E-09 4.6820E-09 4.7327E-09 4.7766E-09 4.8157E-09 4.8577E-09 4.9012E-09 4.9277E-09 4.9524E-09 4.9649E-09 4.9773E-09 4.9729E-09 4.9764E-09
2.0029E-09 2.0436E-09 2.0927E-09 2.1341E-09 2.1819E-09 2.2367E-09 2.2841E-09 2.3289E-09 2.3758E-09 2.4265E-09 2.4752E-09 2.5235E-09 2.5769E-09 2.6255E-09 2.6758E-09 2.7249E-09 2.7856E-09 2.8631E-09 2.9259E-09 2.9854E-09 3.0553E-09 3.1308E-09 3.1936E-09 3.2720E-09 3.3390E-09 3.4118E-09 3.4958E-09 3.5735E-09 3.6590E-09 3.7302E-09 3.8029E-09 3.8836E-09 3.9759E-09 4.0599E-09 4.1521E-09 4.2267E-09 4.3038E-09 4.3777E-09 4.4551E-09 4.5448E-09 4.6195E-09 4.6906E-09 4.7749E-09 4.8382E-09 4.9083E-09 4.9654E-09 5.0185E-09 5.0677E-09 5.1127E-09 5.1552E-09 5.1888E-09 5.2200E-09 5.2415E-09 5.2504E-09 5.2607E-09 5.2675E-09 5.2688E-09
