Assets/Resources/2015_m01_d05_0800(utc+0800)_l00_csi_1hr_conc.grd
DSAA
         159         159
     -79.000      79.000
     -79.000      79.000
  0.1760E-09  0.1022E-04
[rows 25 to 49 of 159, columns 0 to 56 of 159]
3.6350E-09 3.7161E-09 3.7880E-09 3.8607E-09 3.9399E-09 4.0204E-09 4.0958E-09 4.1715E-09 4.2544E-09 4.3446E-09 4.4229E-09 4.5171E-09 4.6135E-09 4.6945E-09 4.7848E-09 4.8739E-09 4.9635E-09 5.0467E-09 5.1970E-09 5.2922E-09 5.3828E-09 5.4712E-09 5.5815E-09 5.6850E-09 5.7865E-09 5.8819E-09 5.9757E-09 6.0709E-09 6.1768E-09 6.2811E-09 6.3860E-09 6.4871E-09 6.5867E-09 6.6892E-09 6.8201E-09 6.9215E-09 7.0206E-09 7.1153E-09 7.2032E-09 7.3155E-09 7.3923E-09 7.4620E-09 7.6192E-09 7.6795E-09 7.7329E-09 7.7775E-09 7.8159E-09 7.8445E-09 7.8623E-09 7.8716E-09 7.8706E-09 7.8585E-09 7.8685E-09 7.8341E-09 7.7875E-09 7.7278E-09 7.6185E-09
3.6852E-09 3.7686E-09 3.8425E-09 3.9230E-09 4.0045E-09 4.0815E-09 4.1589E-09 4.2435E-09 4.3355E-09 4.4157E-09 4.5054E-09 4.6103E-09 4.6940E-09 4.7776E-09 4.8787E-09 4.9713E-09 5.0906E-09 5.2139E-09 5.3128E-09 5.4069E-09 5.5007E-09 5.6223E-09 5.7321E-09 5.8374E-09 5.9360E-09 6.0382E-09 6.1494E-09 6.2643E-09 6.3749E-09 6.4816E-09 6.5887E-09 6.7001E-09 6.8469E-09 6.9641E-09 7.0813E-09 7.1917E-09 7.3266E-09 7.4283E-09 7.6175E-09 7.7153E-09 7.8073E-09 7.8932E-09 7.9701E-09 8.0384E-09 8.1329E-09 8.1878E-09 8.2338E-09 8.2721E-09 8.2998E-09 8.3797E-09 8.3843E-09 8.3767E-09 8.3555E-09 8.3231E-09 8.2769E-09 8.2144E-09 8.1352E-09
3.7457E-09 3.8205E-09 3.8964E-09 3.9790E-09 4.0631E-09 4.1422E-09 4.2281E-09 4.3217E-09 4.4036E-09 4.4952E-09 4.5951E-09 4.6879E-09 4.7741E-09 4.8773E-09 4.9729E-09 5.0964E-09 5.2133E-09 5.3259E-09 5.4235E-09 5.5235E-09 5.6537E-09 5.7687E-09 5.8764E-09 5.9805E-09 6.0958E-09 6.2195E-09 6.3410E-09 6.4562E-09 6.5688E-09 6.6840E-09 6.8409E-09 6.9694E-09 7.0982E-09 7.2229E-09 7.3748E-09 7.4977E-09 7.7098E-09 7.8285E-09 7.9444E-09 8.0534E-09 8.1540E-09 8.2850E-09 8.3778E-09 8.4622E-09 8.6008E-09 8.6649E-09 8.7192E-09 8.7649E-09 8.8021E-09 8.8287E-09 8.8414E-09 8.8431E-09 8.8317E-09 8.8059E-09 8.7640E-09 8.7035E-09 8.6266E-09
3.7950E-09 3.8719E-09 3.9556E-09 4.0404E-09 4.1209E-09 4.2019E-09 4.3032E-09 4.3869E-09 4.4799E-09 4.5726E-09 4.6761E-09 4.7649E-09 4.8632E-09 4.9608E-09 5.0954E-09 5.2151E-09 5.3310E-09 5.4323E-09 5.5399E-09 5.6756E-09 5.7948E-09 5.9049E-09 6.0183E-09 6.1461E-09 6.2779E-09 6.4043E-09 6.5240E-09 6.6461E-09 6.8088E-09 6.9465E-09 7.0821E-09 7.2448E-09 7.3800E-09 7.5761E-09 7.7491E-09 7.8889E-09 8.0280E-09 8.1602E-09 8.3208E-09 8.4461E-09 8.6323E-09 8.7468E-09 8.8508E-09 8.9490E-09 9.0381E-09 9.1160E-09 9.1863E-09 9.2432E-09 9.2892E-09 9.3241E-09 9.3443E-09 9.4209E-09 9.4130E-09 9.3886E-09 9.3472E-09 9.2863E-09 9.2065E-09
3.8437E-09 3.9284E-09 4.0141E-09 4.0957E-09 4.1782E-09 4.2677E-09 4.3654E-09 4.4513E-09 4.5541E-09 4.6593E-09 4.7499E-09 4.8505E-09 4.9501E-09 5.0877E-09 5.2097E-09 5.3283E-09 5.4345E-09 5.5476E-09 5.6881E-09 5.8098E-09 5.9254E-09 6.0473E-09 6.1852E-09 6.3240E-09 6.4535E-09 6.5808E-09 6.7180E-09 6.8943E-09 7.0415E-09 7.1832E-09 7.3540E-09 7.5589E-09 7.7428E-09 7.8981E-09 8.0531E-09 8.2386E-09 8.3939E-09 8.6128E-09 8.7628E-09 8.9040E-09 9.0436E-09 9.1747E-09 9.2964E-09 9.4125E-09 9.5160E-09 9.6788E-09 9.7593E-09 9.8261E-09 9.8817E-09 9.9250E-09 9.9553E-09 9.9703E-09 9.9677E-09 9.9478E-09 9.9078E-09 9.8467E-09 9.7648E-09
3.8916E-09 3.9783E-09 4.0662E-09 4.1499E-09 4.2406E-09 4.3393E-09 4.4268E-09 4.5240E-09 4.6304E-09 4.7295E-09 4.8228E-09 4.9337E-09 5.0734E-09 5.1975E-09 5.3179E-09 5.4287E-09 5.5464E-09 5.6905E-09 5.8150E-09 5.9370E-09 6.0676E-09 6.2116E-09 6.3564E-09 6.4906E-09 6.6275E-09 6.8082E-09 6.9664E-09 7.1200E-09 7.2991E-09 7.5119E-09 7.7037E-09 7.8678E-09 8.0327E-09 8.2328E-09 8.4058E-09 8.6473E-09 8.8258E-09 8.9973E-09 9.1697E-09 9.3330E-09 9.4910E-09 9.6381E-09 9.8482E-09 9.9770E-09 1.0093E-08 1.0199E-08 1.0294E-08 1.0376E-08 1.0445E-08 1.0497E-08 1.0534E-08 1.0554E-08 1.0555E-08 1.0617E-08 1.0579E-08 1.0520E-08 1.0437E-08
3.9447E-09 4.0333E-09 4.1175E-09 4.2030E-09 4.3023E-09 4.3977E-09 4.4872E-09 4.5942E-09 4.7040E-09 4.7989E-09 4.9044E-09 5.0454E-09 5.1782E-09 5.2907E-09 5.4152E-09 5.5373E-09 5.6840E-09 5.8111E-09 5.9397E-09 6.0774E-09 6.2271E-09 6.3764E-09 6.5177E-09 6.6640E-09 6.8564E-09 7.0233E-09 7.2115E-09 7.3736E-09 7.6008E-09 7.8055E-09 7.9811E-09 8.1893E-09 8.3718E-09 8.6273E-09 8.8233E-09 9.0199E-09 9.2185E-09 9.4153E-09 9.6067E-09 9.8587E-09 1.0036E-08 1.0200E-08 1.0358E-08 1.0504E-08 1.0639E-08 1.0760E-08 1.0866E-08 1.1037E-08 1.1119E-08 1.1185E-08 1.1234E-08 1.1264E-08 1.1274E-08 1.1263E-08 1.1228E-08 1.1170E-08 1.1087E-08
3.9966E-09 4.0815E-09 4.1680E-09 4.2619E-09 4.3639E-09 4.4549E-09 4.5624E-09 4.6733E-09 4.7696E-09 4.8766E-09 5.0189E-09 5.1518E-09 5.2665E-09 5.3943E-09 5.5200E-09 5.6681E-09 5.7988E-09 5.9328E-09 6.0762E-09 6.2303E-09 6.3840E-09 6.5327E-09 6.6888E-09 6.8894E-09 7.0647E-09 7.2606E-09 7.4932E-09 7.7058E-09 7.8914E-09 8.0788E-09 8.3024E-09 8.5665E-09 8.7745E-09 8.9844E-09 9.2008E-09 9.4199E-09 9.6380E-09 9.9247E-09 1.0138E-08 1.0342E-08 1.0540E-08 1.0729E-08 1.0905E-08 1.1144E-08 1.1296E-08 1.1436E-08 1.1561E-08 1.1672E-08 1.1768E-08 1.1847E-08 1.1907E-08 1.1947E-08 1.1966E-08 1.1960E-08 1.1929E-08 1.1872E-08 1.1790E-08
4.0420E-09 4.1288E-09 4.2171E-09 4.3193E-09 4.4179E-09 4.5195E-09 4.6308E-09 4.7354E-09 4.8343E-09 4.9709E-09 5.1194E-09 5.2357E-09 5.3660E-09 5.4942E-09 5.6440E-09 5.7782E-09 5.9164E-09 6.0645E-09 6.2221E-09 6.3802E-09 6.5363E-09 6.7003E-09 6.9089E-09 7.0899E-09 7.2968E-09 7.5402E-09 7.7640E-09 7.9604E-09 8.1919E-09 8.4013E-09 8.6838E-09 8.9066E-09 9.1349E-09 9.3671E-09 9.6038E-09 9.9121E-09 1.0154E-08 1.0393E-08 1.0631E-08 1.0862E-08 1.1081E-08 1.1366E-08 1.1565E-08 1.1752E-08 1.1925E-08 1.2083E-08 1.2227E-08 1.2355E-08 1.2466E-08 1.2559E-08 1.2632E-08 1.2683E-08 1.2710E-08 1.2711E-08 1.2685E-08 1.2630E-08 1.2548E-08
4.0861E-09 4.1751E-09 4.2717E-09 4.3766E-09 4.4706E-09 4.5814E-09 4.6960E-09 4.7961E-09 4.9257E-09 5.0741E-09 5.1983E-09 5.3204E-09 5.4603E-09 5.6117E-09 5.7485E-09 5.8905E-09 6.0422E-09 6.2028E-09 6.3652E-09 6.5282E-09 6.7272E-09 6.9134E-09 7.1293E-09 7.3173E-09 7.5717E-09 7.8047E-09 8.0122E-09 8.2574E-09 8.5459E-09 8.7815E-09 9.0206E-09 9.2675E-09 9.5187E-09 9.8417E-09 1.0102E-08 1.0364E-08 1.0630E-08 1.0895E-08 1.1155E-08 1.1487E-08 1.1735E-08 1.1970E-08 1.2193E-08 1.2402E-08 1.2597E-08 1.2777E-08 1.2941E-08 1.3088E-08 1.3217E-08 1.3325E-08 1.3412E-08 1.3475E-08 1.3511E-08 1.3520E-08 1.3498E-08 1.3446E-08 1.3364E-08
4.1292E-09 4.2199E-09 4.3247E-09 4.4260E-09 4.5306E-09 4.6451E-09 4.7531E-09 4.8731E-09 5.0160E-09 5.1548E-09 5.2774E-09 5.4190E-09 5.5716E-09 5.7109E-09 5.8552E-09 6.0099E-09 6.1725E-09 6.3392E-09 6.5083E-09 6.7128E-09 6.9034E-09 7.1259E-09 7.3810E-09 7.5866E-09 7.8290E-09 8.0464E-09 8.3055E-09 8.6086E-09 8.8579E-09 9.1147E-09 9.3783E-09 9.6479E-09 9.9929E-09 1.0274E-08 1.0559E-08 1.0847E-08 1.1137E-08 1.1503E-08 1.1792E-08 1.2076E-08 1.2351E-08 1.2614E-08 1.2863E-08 1.3098E-08 1.3317E-08 1.3521E-08 1.3707E-08 1.3875E-08 1.4023E-08 1.4148E-08 1.4250E-08 1.4326E-08 1.4373E-08 1.4389E-08 1.4373E-08 1.4326E-08 1.4244E-08
4.1711E-09 4.2700E-09 4.3773E-09 4.4739E-09 4.5875E-09 4.7052E-09 4.8093E-09 4.9605E-09 5.0988E-09 5.2282E-09 5.3602E-09 5.5082E-09 5.6648E-09 5.8114E-09 5.9679E-09 6.1316E-09 6.3023E-09 6.4764E-09 6.6856E-09 6.8796E-09 7.1080E-09 7.3719E-09 7.6156E-09 7.8360E-09 8.0935E-09 8.3331E-09 8.6504E-09 8.9122E-09 9.1859E-09 9.4666E-09 9.8231E-09 1.0121E-08 1.0423E-08 1.0733E-08 1.1045E-08 1.1435E-08 1.1753E-08 1.2072E-08 1.2390E-08 1.2703E-08 1.3007E-08 1.3299E-08 1.3577E-08 1.3840E-08 1.4086E-08 1.4316E-08 1.4527E-08 1.4717E-08 1.4886E-08 1.5029E-08 1.5148E-08 1.5238E-08 1.5297E-08 1.5323E-08 1.5314E-08 1.5270E-08 1.5189E-08
4.2113E-09 4.3182E-09 4.4218E-09 4.5289E-09 4.6460E-09 4.7570E-09 4.8826E-09 5.0454E-09 5.1730E-09 5.3046E-09 5.4545E-09 5.6115E-09 5.7589E-09 5.9158E-09 6.0815E-09 6.2547E-09 6.4328E-09 6.6175E-09 6.8422E-09 7.0758E-09 7.3473E-09 7.5976E-09 7.8253E-09 8.0917E-09 8.4046E-09 8.6711E-09 8.9453E-09 9.2334E-09 9.5299E-09 9.9042E-09 1.0221E-08 1.0546E-08 1.0879E-08 1.1292E-08 1.1635E-08 1.1981E-08 1.2329E-08 1.2678E-08 1.3026E-08 1.3369E-08 1.3704E-08 1.4028E-08 1.4337E-08 1.4630E-08 1.4907E-08 1.5165E-08 1.5403E-08 1.5618E-08 1.5808E-08 1.5973E-08 1.6110E-08 1.6215E-08 1.6287E-08 1.6324E-08 1.6323E-08 1.6284E-08 1.6204E-08
4.2567E-09 4.3658E-09 4.4647E-09 4.5805E-09 4.7007E-09 4.8252E-09 4.9646E-09 5.1064E-09 5.2421E-09 5.3829E-09 5.5515E-09 5.6984E-09 5.8566E-09 6.0222E-09 6.1963E-09 6.3780E-09 6.5656E-09 6.7920E-09 7.0298E-09 7.3071E-09 7.5635E-09 7.7972E-09 8.0717E-09 8.3934E-09 8.6699E-09 8.9557E-09 9.2565E-09 9.5669E-09 9.9591E-09 1.0294E-08 1.0640E-08 1.0995E-08 1.1434E-08 1.1805E-08 1.2180E-08 1.2560E-08 1.2940E-08 1.3321E-08 1.3700E-08 1.4075E-08 1.4443E-08 1.4801E-08 1.5145E-08 1.5471E-08 1.5780E-08 1.6069E-08 1.6336E-08 1.6579E-08 1.6793E-08 1.6981E-08 1.7137E-08 1.7260E-08 1.7346E-08 1.7395E-08 1.7404E-08 1.7369E-08 1.7292E-08
4.3000E-09 4.4053E-09 4.5058E-09 4.6335E-09 4.7477E-09 4.8927E-09 5.0425E-09 5.1759E-09 5.3145E-09 5.4684E-09 5.6313E-09 5.7877E-09 5.9541E-09 6.1289E-09 6.3123E-09 6.5021E-09 6.7300E-09 6.9698E-09 7.2512E-09 7.4831E-09 7.7524E-09 8.0331E-09 8.3627E-09 8.6472E-09 8.9431E-09 9.2553E-09 9.6467E-09 9.9859E-09 1.0337E-08 1.0703E-08 1.1079E-08 1.1542E-08 1.1940E-08 1.2345E-08 1.2756E-08 1.3170E-08 1.3586E-08 1.4002E-08 1.4415E-08 1.4825E-08 1.5228E-08 1.5621E-08 1.6001E-08 1.6363E-08 1.6707E-08 1.7030E-08 1.7329E-08 1.7600E-08 1.7842E-08 1.8062E-08 1.8248E-08 1.8396E-08 1.8501E-08 1.8563E-08 1.8578E-08 1.8542E-08 1.8454E-08
4.3358E-09 4.4430E-09 4.5539E-09 4.6757E-09 4.8108E-09 4.9530E-09 5.0978E-09 5.2405E-09 5.3854E-09 5.5573E-09 5.7121E-09 5.8790E-09 6.0532E-09 6.2354E-09 6.4274E-09 6.6563E-09 6.8690E-09 7.1812E-09 7.4178E-09 7.6913E-09 7.9762E-09 8.3123E-09 8.6029E-09 8.9069E-09 9.2294E-09 9.6322E-09 9.9844E-09 1.0351E-08 1.0733E-08 1.1130E-08 1.1615E-08 1.2038E-08 1.2470E-08 1.2912E-08 1.3360E-08 1.3812E-08 1.4266E-08 1.4720E-08 1.5171E-08 1.5618E-08 1.6059E-08 1.6490E-08 1.6908E-08 1.7308E-08 1.7700E-08 1.8077E-08 1.8427E-08 1.8750E-08 1.9038E-08 1.9284E-08 1.9493E-08 1.9660E-08 1.9786E-08 1.9864E-08 1.9894E-08 1.9873E-08 1.9796E-08
4.3767E-09 4.4788E-09 4.5985E-09 4.7244E-09 4.8722E-09 5.0238E-09 5.1610E-09 5.3058E-09 5.4785E-09 5.6308E-09 5.7962E-09 5.9682E-09 6.1504E-09 6.3424E-09 6.5723E-09 6.7853E-09 7.0392E-09 7.3379E-09 7.6143E-09 7.8718E-09 8.2426E-09 8.5383E-09 8.8480E-09 9.1790E-09 9.5916E-09 9.9541E-09 1.0334E-08 1.0732E-08 1.1220E-08 1.1651E-08 1.2096E-08 1.2556E-08 1.3025E-08 1.3506E-08 1.3993E-08 1.4486E-08 1.4981E-08 1.5476E-08 1.5969E-08 1.6456E-08 1.6937E-08 1.7419E-08 1.7900E-08 1.8369E-08 1.8815E-08 1.9225E-08 1.9605E-08 1.9949E-08 2.0262E-08 2.0539E-08 2.0775E-08 2.0978E-08 2.1129E-08 2.1228E-08 2.1272E-08 2.1257E-08 2.1178E-08
4.4091E-09 4.5125E-09 4.6441E-09 4.7816E-09 4.9164E-09 5.0731E-09 5.2198E-09 5.3676E-09 5.5435E-09 5.7045E-09 5.8775E-09 6.0574E-09 6.2486E-09 6.4504E-09 6.6902E-09 6.9435E-09 7.2429E-09 7.5222E-09 7.7824E-09 8.0918E-09 8.4533E-09 8.7675E-09 9.1048E-09 9.5250E-09 9.8962E-09 1.0287E-08 1.0698E-08 1.1201E-08 1.1650E-08 1.2115E-08 1.2598E-08 1.3095E-08 1.3605E-08 1.4128E-08 1.4658E-08 1.5195E-08 1.5734E-08 1.6274E-08 1.6810E-08 1.7359E-08 1.7912E-08 1.8462E-08 1.8985E-08 1.9488E-08 1.9963E-08 2.0413E-08 2.0847E-08 2.1251E-08 2.1623E-08 2.1959E-08 2.2237E-08 2.2462E-08 2.2629E-08 2.2742E-08 2.2801E-08 2.2799E-08 2.2731E-08
4.4394E-09 4.5599E-09 4.6959E-09 4.8366E-09 4.9821E-09 5.1222E-09 5.2774E-09 5.4523E-09 5.6092E-09 5.7796E-09 5.9579E-09 6.1457E-09 6.3462E-09 6.5849E-09 6.8355E-09 7.1351E-09 7.3866E-09 7.6776E-09 7.9870E-09 8.3488E-09 8.6670E-09 9.0075E-09 9.4328E-09 9.8109E-09 1.0210E-08 1.0632E-08 1.1147E-08 1.1611E-08 1.2094E-08 1.2596E-08 1.3118E-08 1.3657E-08 1.4211E-08 1.4777E-08 1.5351E-08 1.5933E-08 1.6519E-08 1.7120E-08 1.7734E-08 1.8355E-08 1.8953E-08 1.9534E-08 2.0098E-08 2.0665E-08 2.1218E-08 2.1748E-08 2.2237E-08 2.2675E-08 2.3076E-08 2.3433E-08 2.3741E-08 2.3996E-08 2.4198E-08 2.4344E-08 2.4421E-08 2.4426E-08 2.4365E-08
4.4676E-09 4.5994E-09 4.7380E-09 4.8740E-09 5.0316E-09 5.1804E-09 5.3303E-09 5.5093E-09 5.6751E-09 5.8520E-09 6.0361E-09 6.2332E-09 6.4708E-09 6.6922E-09 7.0139E-09 7.2680E-09 7.5587E-09 7.8663E-09 8.2280E-09 8.5475E-09 8.8880E-09 9.2496E-09 9.6995E-09 1.0104E-08 1.0534E-08 1.1059E-08 1.1535E-08 1.2033E-08 1.2552E-08 1.3095E-08 1.3658E-08 1.4240E-08 1.4837E-08 1.5447E-08 1.6070E-08 1.6704E-08 1.7370E-08 1.8047E-08 1.8717E-08 1.9373E-08 2.0018E-08 2.0678E-08 2.1333E-08 2.1975E-08 2.2574E-08 2.3141E-08 2.3671E-08 2.4169E-08 2.4639E-08 2.5044E-08 2.5421E-08 2.5737E-08 2.5973E-08 2.6137E-08 2.6225E-08 2.6245E-08 2.6191E-08
4.4937E-09 4.6293E-09 4.7863E-09 4.9234E-09 5.0733E-09 5.2295E-09 5.3969E-09 5.5659E-09 5.7395E-09 5.9223E-09 6.1147E-09 6.3207E-09 6.5664E-09 6.8260E-09 7.1363E-09 7.4273E-09 7.7005E-09 8.0917E-09 8.4096E-09 8.7477E-09 9.1117E-09 9.5637E-09 9.9714E-09 1.0406E-08 1.0863E-08 1.1423E-08 1.1931E-08 1.2465E-08 1.3024E-08 1.3609E-08 1.4214E-08 1.4839E-08 1.5482E-08 1.6143E-08 1.6832E-08 1.7551E-08 1.8280E-08 1.8998E-08 1.9712E-08 2.0444E-08 2.1190E-08 2.1933E-08 2.2641E-08 2.3322E-08 2.3974E-08 2.4626E-08 2.5248E-08 2.5841E-08 2.6369E-08 2.6809E-08 2.7211E-08 2.7550E-08 2.7820E-08 2.8013E-08 2.8141E-08 2.8188E-08 2.8144E-08
4.5265E-09 4.6735E-09 4.8172E-09 4.9670E-09 5.1154E-09 5.2744E-09 5.4549E-09 5.6225E-09 5.8022E-09 5.9897E-09 6.1900E-09 6.4334E-09 6.6893E-09 6.9928E-09 7.2538E-09 7.5550E-09 7.8774E-09 8.2544E-09 8.5901E-09 8.9536E-09 9.4058E-09 9.8132E-09 1.0248E-08 1.0711E-08 1.1276E-08 1.1792E-08 1.2336E-08 1.2908E-08 1.3509E-08 1.4135E-08 1.4783E-08 1.5455E-08 1.6148E-08 1.6884E-08 1.7651E-08 1.8425E-08 1.9195E-08 1.9975E-08 2.0787E-08 2.1615E-08 2.2428E-08 2.3218E-08 2.3990E-08 2.4772E-08 2.5533E-08 2.6267E-08 2.6949E-08 2.7588E-08 2.8175E-08 2.8715E-08 2.9186E-08 2.9566E-08 2.9911E-08 3.0163E-08 3.0314E-08 3.0371E-08 3.0326E-08
4.5562E-09 4.7066E-09 4.8444E-09 5.0071E-09 5.1555E-09 5.3160E-09 5.5017E-09 5.6763E-09 5.8619E-09 6.0567E-09 6.2650E-09 6.5165E-09 6.8392E-09 7.0999E-09 7.3985E-09 7.7139E-09 8.0870E-09 8.4180E-09 8.7757E-09 9.2250E-09 9.6314E-09 1.0065E-08 1.0529E-08 1.1096E-08 1.1617E-08 1.2167E-08 1.2748E-08 1.3360E-08 1.4003E-08 1.4670E-08 1.5365E-08 1.6087E-08 1.6860E-08 1.7671E-08 1.8485E-08 1.9305E-08 2.0155E-08 2.1037E-08 2.1933E-08 2.2816E-08 2.3688E-08 2.4581E-08 2.5478E-08 2.6355E-08 2.7181E-08 2.7970E-08 2.8731E-08 2.9488E-08 3.0195E-08 3.0844E-08 3.1382E-08 3.1785E-08 3.2144E-08 3.2427E-08 3.2604E-08 3.2680E-08 3.2652E-08
4.6029E-09 4.7462E-09 4.8859E-09 5.0410E-09 5.1997E-09 5.3712E-09 5.5478E-09 5.7285E-09 5.9185E-09 6.1196E-09 6.3653E-09 6.6260E-09 6.9348E-09 7.2010E-09 7.5101E-09 7.9060E-09 8.2321E-09 8.5804E-09 8.9598E-09 9.4304E-09 9.8591E-09 1.0320E-08 1.0885E-08 1.1409E-08 1.1961E-08 1.2546E-08 1.3166E-08 1.3819E-08 1.4502E-08 1.5214E-08 1.5960E-08 1.6763E-08 1.7607E-08 1.8460E-08 1.9325E-08 2.0235E-08 2.1181E-08 2.2138E-08 2.3092E-08 2.4058E-08 2.5055E-08 2.6065E-08 2.7047E-08 2.7988E-08 2.8903E-08 2.9827E-08 3.0734E-08 3.1588E-08 3.2376E-08 3.3089E-08 3.3708E-08 3.4222E-08 3.4594E-08 3.4880E-08 3.5098E-08 3.5201E-08 3.5187E-08
4.6226E-09 4.7672E-09 4.9105E-09 5.0720E-09 5.2339E-09 5.4084E-09 5.5912E-09 5.7774E-09 5.9733E-09 6.1817E-09 6.4354E-09 6.7623E-09 7.0262E-09 7.3297E-09 7.6528E-09 8.0343E-09 8.3743E-09 8.7456E-09 9.2103E-09 9.6324E-09 1.0086E-08 1.0574E-08 1.1169E-08 1.1721E-08 1.2306E-08 1.2929E-08 1.3587E-08 1.4280E-08 1.5006E-08 1.5766E-08 1.6591E-08 1.7463E-08 1.8349E-08 1.9253E-08 2.0215E-08 2.1216E-08 2.2230E-08 2.3252E-08 2.4309E-08 2.5402E-08 2.6507E-08 2.7592E-08 2.8657E-08 2.9735E-08 3.0814E-08 3.1862E-08 3.2856E-08 3.3797E-08 3.4683E-08 3.5501E-08 3.6227E-08 3.6832E-08 3.7306E-08 3.7601E-08 3.7820E-08 3.7956E-08 3.7957E-08
