Assets/Resources/2015_m01_d25_1200(utc+0800)_l00_csi_1hr_conc.grd
DSAA
         159         159
     -79.000      79.000
     -79.000      79.000
  0.0000E+00  0.3058E-05
[rows 25 to 49 of 159, columns 57 to 113 of 159]
0.0000E+00 0.0000E+00 0.0000E+00 0.0000E+00 0.0000E+00 0.0000E+00 0.0000E+00 0.0000E+00 0.0000E+00 0.0000E+00 0.0000E+00 0.0000E+00 0.0000E+00 0.0000E+00 0.0000E+00 6.0796E-13 3.1559E-12 3.7912E-12 1.6050E-11 3.3691E-11 7.2026E-11 1.8819E-10 2.8590E-10 4.8569E-10 6.4182E-10 8.3408E-10 1.0583E-09 1.3272E-09 1.6429E-09 2.0175E-09 2.4468E-09 2.9405E-09 3.4930E-09 4.1065E-09 4.7829E-09 5.5079E-09 6.2794E-09 7.0868E-09 7.9177E-09 8.7581E-09 9.5918E-09 1.0402E-08 1.1170E-08 1.1879E-08 1.2513E-08 1.3052E-08 1.3484E-08 1.3802E-08 1.3995E-08 1.4059E-08 1.3991E-08 1.3793E-08 1.3472E-08 1.3041E-08 1.2505E-08 1.1883E-08 1.1189E-08
0.0000E+00 0.0000E+00 0.0000E+00 0.0000E+00 0.0000E+00 0.0000E+00 0.0000E+00 0.0000E+00 0.0000E+00 0.0000E+00 0.0000E+00 0.0000E+00 0.0000E+00 0.0000E+00 0.0000E+00 0.0000E+00 1.5201E-12 3.9662E-12 1.6773E-11 3.8901E-11 7.0341E-11 1.5629E-10 2.8774E-10 4.4697E-10 6.4987E-10 8.5040E-10 1.0796E-09 1.3566E-09 1.6840E-09 2.0643E-09 2.5041E-09 3.0096E-09 3.5739E-09 4.1998E-09 4.8838E-09 5.6201E-09 6.4005E-09 7.2141E-09 8.0492E-09 8.8907E-09 9.7221E-09 1.0526E-08 1.1285E-08 1.1979E-08 1.2593E-08 1.3113E-08 1.3524E-08 1.3815E-08 1.3976E-08 1.4008E-08 1.3910E-08 1.3683E-08 1.3338E-08 1.2882E-08 1.2326E-08 1.1689E-08 1.0983E-08
0.0000E+00 0.0000E+00 0.0000E+00 0.0000E+00 0.0000E+00 0.0000E+00 0.0000E+00 0.0000E+00 0.0000E+00 0.0000E+00 0.0000E+00 0.0000E+00 0.0000E+00 0.0000E+00 0.0000E+00 0.0000E+00 0.0000E+00 2.5258E-12 1.5866E-11 3.4764E-11 1.1053E-10 1.7284E-10 2.8502E-10 4.5749E-10 6.6060E-10 8.6671E-10 1.1090E-09 1.3906E-09 1.7244E-09 2.1204E-09 2.5723E-09 3.0865E-09 3.6635E-09 4.3007E-09 4.9986E-09 5.7470E-09 6.5355E-09 7.3551E-09 8.1922E-09 9.0318E-09 9.8566E-09 1.0649E-08 1.1391E-08 1.2066E-08 1.2657E-08 1.3148E-08 1.3528E-08 1.3788E-08 1.3921E-08 1.3922E-08 1.3791E-08 1.3535E-08 1.3161E-08 1.2679E-08 1.2106E-08 1.1451E-08 1.0736E-08
0.0000E+00 0.0000E+00 0.0000E+00 0.0000E+00 0.0000E+00 0.0000E+00 0.0000E+00 0.0000E+00 0.0000E+00 0.0000E+00 0.0000E+00 0.0000E+00 0.0000E+00 0.0000E+00 0.0000E+00 0.0000E+00 0.0000E+00 8.8643E-13 1.9866E-11 4.0273E-11 1.0791E-10 1.9206E-10 3.1837E-10 4.8058E-10 6.5355E-10 8.8981E-10 1.1369E-09 1.4339E-09 1.7829E-09 2.1872E-09 2.6529E-09 3.1866E-09 3.7790E-09 4.4321E-09 5.1413E-09 5.8979E-09 6.6954E-09 7.5202E-09 8.3580E-09 9.1928E-09 1.0008E-08 1.0786E-08 1.1509E-08 1.2158E-08 1.2721E-08 1.3182E-08 1.3525E-08 1.3744E-08 1.3838E-08 1.3802E-08 1.3638E-08 1.3349E-08 1.2946E-08 1.2441E-08 1.1846E-08 1.1180E-08 1.0454E-08
0.0000E+00 0.0000E+00 0.0000E+00 0.0000E+00 0.0000E+00 0.0000E+00 0.0000E+00 0.0000E+00 0.0000E+00 0.0000E+00 0.0000E+00 0.0000E+00 0.0000E+00 0.0000E+00 0.0000E+00 0.0000E+00 0.0000E+00 3.1434E-13 2.1729E-11 3.9293E-11 1.2085E-10 2.0251E-10 3.3692E-10 5.0019E-10 6.7479E-10 8.9566E-10 1.1770E-09 1.4889E-09 1.8545E-09 2.2745E-09 2.7572E-09 3.3037E-09 3.9133E-09 4.5829E-09 5.3069E-09 6.0774E-09 6.8839E-09 7.7115E-09 8.5498E-09 9.3796E-09 1.0184E-08 1.0943E-08 1.1640E-08 1.2261E-08 1.2787E-08 1.3206E-08 1.3509E-08 1.3690E-08 1.3740E-08 1.3655E-08 1.3454E-08 1.3132E-08 1.2702E-08 1.2171E-08 1.1557E-08 1.0875E-08 1.0144E-08
0.0000E+00 0.0000E+00 0.0000E+00 0.0000E+00 0.0000E+00 0.0000E+00 0.0000E+00 0.0000E+00 0.0000E+00 0.0000E+00 0.0000E+00 0.0000E+00 0.0000E+00 0.0000E+00 0.0000E+00 0.0000E+00 0.0000E+00 1.1102E-12 1.9665E-11 3.5518E-11 1.3822E-10 2.0605E-10 3.6343E-10 5.1558E-10 7.0660E-10 9.3757E-10 1.2207E-09 1.5496E-09 1.9278E-09 2.3665E-09 2.8708E-09 3.4365E-09 4.0654E-09 4.7534E-09 5.4939E-09 6.2780E-09 7.0941E-09 7.9282E-09 8.7647E-09 9.5839E-09 1.0374E-08 1.1113E-08 1.1785E-08 1.2372E-08 1.2858E-08 1.3237E-08 1.3493E-08 1.3623E-08 1.3627E-08 1.3506E-08 1.3256E-08 1.2890E-08 1.2430E-08 1.1876E-08 1.1245E-08 1.0550E-08 9.8119E-09
0.0000E+00 0.0000E+00 0.0000E+00 0.0000E+00 0.0000E+00 0.0000E+00 0.0000E+00 0.0000E+00 0.0000E+00 0.0000E+00 0.0000E+00 0.0000E+00 0.0000E+00 0.0000E+00 0.0000E+00 0.0000E+00 0.0000E+00 2.4769E-12 2.3385E-11 6.8871E-11 1.4408E-10 2.2286E-10 3.9466E-10 5.4448E-10 7.3974E-10 9.8366E-10 1.2637E-09 1.6143E-09 2.0153E-09 2.4794E-09 3.0042E-09 3.5921E-09 4.2431E-09 4.9521E-09 5.7117E-09 6.5115E-09 7.3385E-09 8.1778E-09 9.0125E-09 9.8252E-09 1.0597E-08 1.1308E-08 1.1947E-08 1.2495E-08 1.2939E-08 1.3269E-08 1.3476E-08 1.3560E-08 1.3510E-08 1.3335E-08 1.3046E-08 1.2649E-08 1.2143E-08 1.1560E-08 1.0911E-08 1.0207E-08 9.4614E-09
0.0000E+00 0.0000E+00 0.0000E+00 0.0000E+00 0.0000E+00 0.0000E+00 0.0000E+00 0.0000E+00 0.0000E+00 0.0000E+00 0.0000E+00 0.0000E+00 0.0000E+00 0.0000E+00 0.0000E+00 0.0000E+00 0.0000E+00 1.3460E-12 2.4296E-11 8.6751E-11 1.6008E-10 2.9073E-10 4.3412E-10 5.8591E-10 7.8679E-10 1.0315E-09 1.3319E-09 1.6959E-09 2.1176E-09 2.6001E-09 3.1478E-09 3.7614E-09 4.4379E-09 5.1698E-09 5.9501E-09 6.7669E-09 7.6059E-09 8.4508E-09 9.2840E-09 1.0087E-08 1.0840E-08 1.1527E-08 1.2129E-08 1.2631E-08 1.3026E-08 1.3302E-08 1.3454E-08 1.3479E-08 1.3380E-08 1.3162E-08 1.2825E-08 1.2382E-08 1.1852E-08 1.1241E-08 1.0563E-08 9.8470E-09 9.1008E-09
0.0000E+00 0.0000E+00 0.0000E+00 0.0000E+00 0.0000E+00 0.0000E+00 0.0000E+00 0.0000E+00 0.0000E+00 0.0000E+00 0.0000E+00 0.0000E+00 0.0000E+00 0.0000E+00 0.0000E+00 0.0000E+00 0.0000E+00 6.6271E-12 2.3341E-11 9.5606E-11 1.6587E-10 3.2793E-10 4.5607E-10 6.3177E-10 8.4027E-10 1.0934E-09 1.4099E-09 1.7831E-09 2.2266E-09 2.7386E-09 3.3196E-09 3.9612E-09 4.6656E-09 5.4264E-09 6.2317E-09 7.0684E-09 7.9217E-09 8.7738E-09 9.6059E-09 1.0398E-08 1.1132E-08 1.1789E-08 1.2354E-08 1.2812E-08 1.3153E-08 1.3367E-08 1.3457E-08 1.3420E-08 1.3256E-08 1.2977E-08 1.2592E-08 1.2113E-08 1.1542E-08 1.0905E-08 1.0215E-08 9.4799E-09 8.7276E-09
0.0000E+00 0.0000E+00 0.0000E+00 0.0000E+00 0.0000E+00 0.0000E+00 0.0000E+00 0.0000E+00 0.0000E+00 0.0000E+00 0.0000E+00 0.0000E+00 0.0000E+00 0.0000E+00 0.0000E+00 0.0000E+00 3.5072E-12 6.2041E-12 2.9824E-11 1.0994E-10 1.8614E-10 3.5673E-10 4.9641E-10 6.8473E-10 9.0150E-10 1.1669E-09 1.4905E-09 1.8905E-09 2.3585E-09 2.8961E-09 3.5019E-09 4.1742E-09 4.9091E-09 5.6973E-09 6.5271E-09 7.3864E-09 8.2549E-09 9.1141E-09 9.9445E-09 1.0726E-08 1.1439E-08 1.2065E-08 1.2589E-08 1.2998E-08 1.3284E-08 1.3441E-08 1.3467E-08 1.3363E-08 1.3140E-08 1.2803E-08 1.2360E-08 1.1829E-08 1.1226E-08 1.0562E-08 9.8472E-09 9.1072E-09 8.3488E-09
0.0000E+00 0.0000E+00 0.0000E+00 0.0000E+00 0.0000E+00 0.0000E+00 0.0000E+00 0.0000E+00 0.0000E+00 0.0000E+00 0.0000E+00 0.0000E+00 0.0000E+00 0.0000E+00 0.0000E+00 1.2464E-12 4.3761E-12 9.2583E-12 4.6577E-11 1.2261E-10 2.2032E-10 3.7578E-10 5.4940E-10 7.3930E-10 9.6504E-10 1.2470E-09 1.5961E-09 2.0130E-09 2.5026E-09 3.0647E-09 3.7031E-09 4.4068E-09 5.1728E-09 5.9926E-09 6.8496E-09 7.7304E-09 8.6137E-09 9.4813E-09 1.0311E-08 1.1081E-08 1.1771E-08 1.2364E-08 1.2845E-08 1.3204E-08 1.3431E-08 1.3525E-08 1.3486E-08 1.3318E-08 1.3029E-08 1.2628E-08 1.2133E-08 1.1556E-08 1.0908E-08 1.0214E-08 9.4838E-09 8.7285E-09 7.9674E-09
0.0000E+00 0.0000E+00 0.0000E+00 0.0000E+00 0.0000E+00 0.0000E+00 0.0000E+00 0.0000E+00 0.0000E+00 0.0000E+00 0.0000E+00 0.0000E+00 0.0000E+00 0.0000E+00 0.0000E+00 4.0489E-12 5.3935E-12 1.5999E-11 7.4654E-11 1.3670E-10 2.6767E-10 4.2163E-10 5.9904E-10 7.9495E-10 1.0404E-09 1.3441E-09 1.7103E-09 2.1474E-09 2.6630E-09 3.2549E-09 3.9270E-09 4.6685E-09 5.4690E-09 6.3195E-09 7.2055E-09 8.1136E-09 9.0169E-09 9.8933E-09 1.0721E-08 1.1477E-08 1.2145E-08 1.2705E-08 1.3140E-08 1.3444E-08 1.3609E-08 1.3636E-08 1.3526E-08 1.3286E-08 1.2928E-08 1.2467E-08 1.1911E-08 1.1280E-08 1.0597E-08 9.8698E-09 9.1156E-09 8.3529E-09 7.5887E-09
0.0000E+00 0.0000E+00 0.0000E+00 0.0000E+00 0.0000E+00 0.0000E+00 0.0000E+00 0.0000E+00 0.0000E+00 0.0000E+00 0.0000E+00 0.0000E+00 0.0000E+00 0.0000E+00 3.6531E-12 4.9278E-12 6.5659E-12 3.2239E-11 7.9575E-11 1.6429E-10 3.0511E-10 4.6426E-10 6.4375E-10 8.5872E-10 1.1251E-09 1.4459E-09 1.8340E-09 2.2965E-09 2.8439E-09 3.4707E-09 4.1722E-09 4.9456E-09 5.7811E-09 6.6710E-09 7.5864E-09 8.5141E-09 9.4303E-09 1.0315E-08 1.1140E-08 1.1882E-08 1.2524E-08 1.3045E-08 1.3432E-08 1.3679E-08 1.3781E-08 1.3739E-08 1.3560E-08 1.3252E-08 1.2827E-08 1.2302E-08 1.1691E-08 1.1013E-08 1.0283E-08 9.5234E-09 8.7501E-09 7.9716E-09 7.2084E-09
0.0000E+00 0.0000E+00 0.0000E+00 0.0000E+00 0.0000E+00 0.0000E+00 0.0000E+00 0.0000E+00 0.0000E+00 0.0000E+00 0.0000E+00 0.0000E+00 0.0000E+00 4.3492E-13 4.3904E-12 5.9238E-12 1.7647E-11 4.7159E-11 1.0428E-10 1.9484E-10 3.3919E-10 5.1054E-10 6.9594E-10 9.2864E-10 1.2115E-09 1.5548E-09 1.9736E-09 2.4669E-09 3.0397E-09 3.6962E-09 4.4391E-09 5.2520E-09 6.1245E-09 7.0425E-09 7.9868E-09 8.9362E-09 9.8667E-09 1.0755E-08 1.1577E-08 1.2305E-08 1.2919E-08 1.3401E-08 1.3738E-08 1.3926E-08 1.3962E-08 1.3849E-08 1.3593E-08 1.3211E-08 1.2718E-08 1.2128E-08 1.1462E-08 1.0738E-08 9.9709E-09 9.1828E-09 8.3865E-09 7.5988E-09 6.8274E-09
0.0000E+00 0.0000E+00 0.0000E+00 0.0000E+00 0.0000E+00 0.0000E+00 0.0000E+00 0.0000E+00 0.0000E+00 0.0000E+00 0.0000E+00 0.0000E+00 0.0000E+00 3.8146E-12 5.2116E-12 8.0412E-12 3.1465E-11 5.7730E-11 1.3541E-10 2.3136E-10 3.7916E-10 5.5186E-10 7.5541E-10 9.9951E-10 1.3026E-09 1.6767E-09 2.1192E-09 2.6414E-09 3.2504E-09 3.9471E-09 4.7226E-09 5.5718E-09 6.4821E-09 7.4353E-09 8.4123E-09 9.3938E-09 1.0338E-08 1.1228E-08 1.2037E-08 1.2744E-08 1.3327E-08 1.3766E-08 1.4050E-08 1.4176E-08 1.4143E-08 1.3957E-08 1.3626E-08 1.3169E-08 1.2606E-08 1.1950E-08 1.1224E-08 1.0453E-08 9.6510E-09 8.8378E-09 8.0220E-09 7.2232E-09 6.4565E-09
0.0000E+00 0.0000E+00 0.0000E+00 0.0000E+00 0.0000E+00 0.0000E+00 0.0000E+00 0.0000E+00 0.0000E+00 0.0000E+00 0.0000E+00 0.0000E+00 0.0000E+00 4.4711E-12 6.1099E-12 1.8711E-11 4.2543E-11 7.4866E-11 1.6200E-10 2.5715E-10 4.2603E-10 5.9894E-10 8.1141E-10 1.0741E-09 1.4035E-09 1.8003E-09 2.2723E-09 2.8324E-09 3.4758E-09 4.2076E-09 5.0209E-09 5.9093E-09 6.8612E-09 7.8575E-09 8.8635E-09 9.8621E-09 1.0820E-08 1.1713E-08 1.2509E-08 1.3188E-08 1.3732E-08 1.4121E-08 1.4350E-08 1.4414E-08 1.4311E-08 1.4052E-08 1.3649E-08 1.3119E-08 1.2483E-08 1.1759E-08 1.0980E-08 1.0163E-08 9.3205E-09 8.4814E-09 7.6562E-09 6.8525E-09 6.0809E-09
0.0000E+00 0.0000E+00 0.0000E+00 0.0000E+00 0.0000E+00 0.0000E+00 0.0000E+00 0.0000E+00 0.0000E+00 0.0000E+00 0.0000E+00 0.0000E+00 0.0000E+00 5.1759E-12 8.7173E-12 2.9454E-11 4.7669E-11 1.0535E-10 1.8692E-10 2.9349E-10 4.6416E-10 6.4375E-10 8.7077E-10 1.1577E-09 1.5051E-09 1.9266E-09 2.4358E-09 3.0261E-09 3.7067E-09 4.4763E-09 5.3353E-09 6.2712E-09 7.2598E-09 8.2837E-09 9.3211E-09 1.0337E-08 1.1309E-08 1.2208E-08 1.3003E-08 1.3660E-08 1.4163E-08 1.4497E-08 1.4663E-08 1.4657E-08 1.4480E-08 1.4139E-08 1.3656E-08 1.3052E-08 1.2347E-08 1.1564E-08 1.0727E-08 9.8572E-09 8.9866E-09 8.1234E-09 7.2829E-09 6.4819E-09 5.7163E-09
0.0000E+00 0.0000E+00 0.0000E+00 0.0000E+00 0.0000E+00 0.0000E+00 0.0000E+00 0.0000E+00 0.0000E+00 0.0000E+00 0.0000E+00 0.0000E+00 0.0000E+00 5.9176E-12 1.4789E-11 3.8341E-11 6.3844E-11 1.3573E-10 2.0372E-10 3.3765E-10 4.9872E-10 6.8875E-10 9.3526E-10 1.2374E-09 1.6088E-09 2.0622E-09 2.5973E-09 3.2241E-09 3.9418E-09 4.7639E-09 5.6613E-09 6.6323E-09 7.6573E-09 8.7167E-09 9.7930E-09 1.0836E-08 1.1818E-08 1.2714E-08 1.3487E-08 1.4116E-08 1.4583E-08 1.4868E-08 1.4972E-08 1.4891E-08 1.4634E-08 1.4217E-08 1.3661E-08 1.2982E-08 1.2205E-08 1.1357E-08 1.0470E-08 9.5632E-09 8.6524E-09 7.7657E-09 6.9176E-09 6.1114E-09 5.3517E-09
0.0000E+00 0.0000E+00 0.0000E+00 0.0000E+00 0.0000E+00 0.0000E+00 0.0000E+00 0.0000E+00 0.0000E+00 0.0000E+00 0.0000E+00 0.0000E+00 0.0000E+00 6.6817E-12 2.0093E-11 4.2173E-11 8.7250E-11 1.5631E-10 2.3766E-10 3.8275E-10 5.3606E-10 7.3995E-10 9.9688E-10 1.3186E-09 1.7162E-09 2.1932E-09 2.7595E-09 3.4201E-09 4.1918E-09 5.0447E-09 5.9827E-09 6.9927E-09 8.0710E-09 9.1650E-09 1.0260E-08 1.1322E-08 1.2312E-08 1.3209E-08 1.3970E-08 1.4580E-08 1.5009E-08 1.5245E-08 1.5289E-08 1.5134E-08 1.4796E-08 1.4295E-08 1.3654E-08 1.2897E-08 1.2050E-08 1.1145E-08 1.0204E-08 9.2499E-09 8.3172E-09 7.4108E-09 6.5436E-09 5.7451E-09 4.9943E-09
0.0000E+00 0.0000E+00 0.0000E+00 0.0000E+00 0.0000E+00 0.0000E+00 0.0000E+00 0.0000E+00 0.0000E+00 0.0000E+00 0.0000E+00 0.0000E+00 0.0000E+00 7.4507E-12 2.5726E-11 5.5030E-11 1.1113E-10 1.6990E-10 2.7591E-10 4.1024E-10 5.7334E-10 7.8730E-10 1.0580E-09 1.4010E-09 1.8196E-09 2.3217E-09 2.9204E-09 3.6282E-09 4.4268E-09 5.3202E-09 6.3038E-09 7.3658E-09 8.4699E-09 9.6001E-09 1.0718E-08 1.1801E-08 1.2815E-08 1.3716E-08 1.4471E-08 1.5053E-08 1.5444E-08 1.5631E-08 1.5610E-08 1.5385E-08 1.4971E-08 1.4388E-08 1.3663E-08 1.2825E-08 1.1900E-08 1.0929E-08 9.9386E-09 8.9469E-09 7.9782E-09 7.0542E-09 6.1895E-09 5.3819E-09 4.6431E-09
0.0000E+00 0.0000E+00 0.0000E+00 0.0000E+00 0.0000E+00 0.0000E+00 0.0000E+00 0.0000E+00 0.0000E+00 0.0000E+00 0.0000E+00 0.0000E+00 0.0000E+00 8.2048E-12 2.7174E-11 6.7680E-11 1.2543E-10 1.9434E-10 3.1125E-10 4.3750E-10 6.1291E-10 8.3428E-10 1.1184E-09 1.4776E-09 1.9157E-09 2.4450E-09 3.0859E-09 3.8177E-09 4.6522E-09 5.5992E-09 6.6229E-09 7.7172E-09 8.8585E-09 1.0022E-08 1.1187E-08 1.2296E-08 1.3319E-08 1.4219E-08 1.4966E-08 1.5522E-08 1.5879E-08 1.6018E-08 1.5938E-08 1.5643E-08 1.5152E-08 1.4488E-08 1.3679E-08 1.2757E-08 1.1761E-08 1.0724E-08 9.6742E-09 8.6389E-09 7.6478E-09 6.7070E-09 5.8272E-09 5.0338E-09 4.3035E-09
0.0000E+00 0.0000E+00 0.0000E+00 0.0000E+00 0.0000E+00 0.0000E+00 0.0000E+00 0.0000E+00 0.0000E+00 0.0000E+00 0.0000E+00 0.0000E+00 0.0000E+00 8.9226E-12 3.2991E-11 8.0085E-11 1.3302E-10 2.1682E-10 3.3132E-10 4.6719E-10 6.4634E-10 8.7812E-10 1.1781E-09 1.5523E-09 2.0076E-09 2.5724E-09 3.2291E-09 3.9944E-09 4.8790E-09 5.8521E-09 6.9170E-09 8.0534E-09 9.2489E-09 1.0457E-08 1.1648E-08 1.2782E-08 1.3826E-08 1.4728E-08 1.5475E-08 1.6028E-08 1.6350E-08 1.6442E-08 1.6300E-08 1.5935E-08 1.5365E-08 1.4615E-08 1.3720E-08 1.2714E-08 1.1641E-08 1.0537E-08 9.4319E-09 8.3531E-09 7.3253E-09 6.3696E-09 5.4926E-09 4.6900E-09 3.9772E-09
0.0000E+00 0.0000E+00 0.0000E+00 0.0000E+00 0.0000E+00 0.0000E+00 0.0000E+00 0.0000E+00 0.0000E+00 0.0000E+00 0.0000E+00 0.0000E+00 0.0000E+00 9.5821E-12 3.9248E-11 8.4595E-11 1.4643E-10 2.3990E-10 3.4804E-10 4.9152E-10 6.7639E-10 9.2064E-10 1.2283E-09 1.6128E-09 2.1006E-09 2.6796E-09 3.3596E-09 4.1655E-09 5.0753E-09 6.0868E-09 7.1939E-09 8.3905E-09 9.6221E-09 1.0872E-08 1.2102E-08 1.3274E-08 1.4359E-08 1.5286E-08 1.6030E-08 1.6561E-08 1.6854E-08 1.6904E-08 1.6707E-08 1.6269E-08 1.5619E-08 1.4785E-08 1.3803E-08 1.2716E-08 1.1565E-08 1.0389E-08 9.2194E-09 8.0965E-09 7.0413E-09 6.0614E-09 5.1667E-09 4.3753E-09 3.6663E-09
0.0000E+00 0.0000E+00 0.0000E+00 0.0000E+00 0.0000E+00 0.0000E+00 0.0000E+00 0.0000E+00 0.0000E+00 0.0000E+00 0.0000E+00 0.0000E+00 0.0000E+00 1.1583E-11 4.5632E-11 8.8338E-11 1.5888E-10 2.4897E-10 3.6183E-10 5.0991E-10 7.0059E-10 9.5304E-10 1.2706E-09 1.6764E-09 2.1724E-09 2.7649E-09 3.4850E-09 4.3067E-09 5.2457E-09 6.3046E-09 7.4659E-09 8.7009E-09 9.9770E-09 1.1278E-08 1.2577E-08 1.3790E-08 1.4897E-08 1.5849E-08 1.6601E-08 1.7130E-08 1.7407E-08 1.7415E-08 1.7164E-08 1.6660E-08 1.5930E-08 1.5005E-08 1.3929E-08 1.2751E-08 1.1515E-08 1.0265E-08 9.0394E-09 7.8694E-09 6.7719E-09 5.7760E-09 4.8828E-09 4.0804E-09 3.3862E-09
0.0000E+00 0.0000E+00 0.0000E+00 0.0000E+00 0.0000E+00 0.0000E+00 0.0000E+00 0.0000E+00 0.0000E+00 0.0000E+00 0.0000E+00 0.0000E+00 0.0000E+00 1.5103E-11 4.5698E-11 9.2709E-11 1.7161E-10 2.5615E-10 3.7274E-10 5.2500E-10 7.2469E-10 9.7925E-10 1.3026E-09 1.7219E-09 2.2250E-09 2.8445E-09 3.5749E-09 4.4235E-09 5.3985E-09 6.4947E-09 7.6901E-09 8.9741E-09 1.0338E-08 1.1700E-08 1.3039E-08 1.4303E-08 1.5455E-08 1.6443E-08 1.7228E-08 1.7765E-08 1.8029E-08 1.8007E-08 1.7707E-08 1.7136E-08 1.6321E-08 1.5305E-08 1.4135E-08 1.2860E-08 1.1533E-08 1.0198E-08 8.8959E-09 7.6716E-09 6.5422E-09 5.5195E-09 4.6090E-09 3.8201E-09 3.1318E-09
