Assets/Resources/2015_m01_d04_2200(utc+0800)_l00_csi_1hr_conc.grd
DSAA
         159         159
     -79.000      79.000
     -79.000      79.000
  0.1468E-09  0.1055E-04
[rows 50 to 74 of 159, columns 57 to 113 of 159]
4.9183E-08 4.8521E-08 4.7680E-08 4.6676E-08 4.5418E-08 4.3985E-08 4.2384E-08 4.0738E-08 3.8881E-08 3.6907E-08 3.4859E-08 3.2797E-08 3.0790E-08 2.8810E-08 2.6854E-08 2.4951E-08 2.3096E-08 2.1304E-08 1.9571E-08 1.7909E-08 1.6312E-08 1.4788E-08 1.3346E-08 1.1991E-08 1.0730E-08 9.5344E-09 8.4090E-09 7.4082E-09 6.5183E-09 5.7388E-09 5.0342E-09 4.3490E-09 3.6907E-09 3.0955E-09 2.8236E-09 2.6521E-09 2.5001E-09 2.3640E-09 2.2363E-09 2.1196E-09 2.0275E-09 1.9309E-09 1.8334E-09 1.7501E-09 1.6919E-09 1.6442E-09 1.5957E-09 1.5476E-09 1.4989E-09 1.4476E-09 1.3993E-09 1.3519E-09 1.3052E-09 1.2622E-09 1.2184E-09 1.1739E-09 1.1344E-09
5.0736E-08 5.0199E-08 4.9409E-08 4.8392E-08 4.7183E-08 4.5891E-08 4.4358E-08 4.2667E-08 4.0839E-08 3.8906E-08 3.6918E-08 3.4874E-08 3.2843E-08 3.0835E-08 2.8851E-08 2.6903E-08 2.4994E-08 2.3125E-08 2.1309E-08 1.9546E-08 1.7834E-08 1.6189E-08 1.4617E-08 1.3131E-08 1.1737E-08 1.0451E-08 9.2109E-09 8.0476E-09 7.0073E-09 6.1503E-09 5.3897E-09 4.6800E-09 3.8640E-09 3.2052E-09 2.8997E-09 2.7029E-09 2.5412E-09 2.3978E-09 2.2597E-09 2.1439E-09 2.0461E-09 1.9522E-09 1.8541E-09 1.7683E-09 1.7047E-09 1.6559E-09 1.6091E-09 1.5605E-09 1.5113E-09 1.4606E-09 1.4135E-09 1.3677E-09 1.3213E-09 1.2755E-09 1.2347E-09 1.1903E-09 1.1507E-09
5.2313E-08 5.1811E-08 5.1063E-08 5.0167E-08 4.9122E-08 4.7847E-08 4.6397E-08 4.4815E-08 4.3111E-08 4.1249E-08 3.9306E-08 3.7332E-08 3.5357E-08 3.3386E-08 3.1416E-08 2.9465E-08 2.7530E-08 2.5613E-08 2.3724E-08 2.1860E-08 2.0026E-08 1.8241E-08 1.6514E-08 1.4867E-08 1.3308E-08 1.1839E-08 1.0478E-08 9.1632E-09 7.9194E-09 6.9053E-09 5.9474E-09 5.1079E-09 4.2230E-09 3.3786E-09 2.9836E-09 2.7652E-09 2.5826E-09 2.4317E-09 2.2873E-09 2.1675E-09 2.0633E-09 1.9710E-09 1.8738E-09 1.7859E-09 1.7175E-09 1.6668E-09 1.6217E-09 1.5737E-09 1.5229E-09 1.4729E-09 1.4270E-09 1.3816E-09 1.3368E-09 1.2913E-09 1.2492E-09 1.2062E-09 1.1666E-09
5.3673E-08 5.3222E-08 5.2625E-08 5.1844E-08 5.0854E-08 4.9679E-08 4.8383E-08 4.6900E-08 4.5264E-08 4.3498E-08 4.1644E-08 3.9751E-08 3.7842E-08 3.5916E-08 3.3970E-08 3.2018E-08 3.0060E-08 2.8090E-08 2.6118E-08 2.4143E-08 2.2173E-08 2.0236E-08 1.8342E-08 1.6523E-08 1.4769E-08 1.3128E-08 1.1571E-08 1.0147E-08 8.7139E-09 7.5475E-09 6.4425E-09 5.4800E-09 4.4786E-09 3.5875E-09 3.1282E-09 2.8264E-09 2.6307E-09 2.4654E-09 2.3128E-09 2.1901E-09 2.0804E-09 1.9881E-09 1.8913E-09 1.8025E-09 1.7308E-09 1.6780E-09 1.6326E-09 1.5863E-09 1.5362E-09 1.4868E-09 1.4399E-09 1.3949E-09 1.3518E-09 1.3066E-09 1.2632E-09 1.2217E-09 1.1820E-09
5.4873E-08 5.4582E-08 5.4090E-08 5.3400E-08 5.2553E-08 5.1549E-08 5.0347E-08 4.9004E-08 4.7505E-08 4.5870E-08 4.4147E-08 4.2373E-08 4.0572E-08 3.8717E-08 3.6827E-08 3.4905E-08 3.2941E-08 3.0925E-08 2.8869E-08 2.6774E-08 2.4659E-08 2.2551E-08 2.0471E-08 1.8438E-08 1.6486E-08 1.4612E-08 1.2860E-08 1.1200E-08 9.6869E-09 8.3294E-09 7.0350E-09 5.8328E-09 4.7629E-09 3.8925E-09 3.2911E-09 2.9020E-09 2.6878E-09 2.4974E-09 2.3377E-09 2.2120E-09 2.0988E-09 2.0020E-09 1.9073E-09 1.8176E-09 1.7438E-09 1.6885E-09 1.6427E-09 1.5960E-09 1.5466E-09 1.5000E-09 1.4537E-09 1.4076E-09 1.3635E-09 1.3213E-09 1.2767E-09 1.2367E-09 1.1970E-09
5.5990E-08 5.5799E-08 5.5412E-08 5.4891E-08 5.4223E-08 5.3356E-08 5.2326E-08 5.1160E-08 4.9835E-08 4.8388E-08 4.6849E-08 4.5247E-08 4.3595E-08 4.1857E-08 4.0030E-08 3.8164E-08 3.6213E-08 3.4158E-08 3.2018E-08 2.9797E-08 2.7524E-08 2.5223E-08 2.2927E-08 2.0669E-08 1.8462E-08 1.6356E-08 1.4329E-08 1.2433E-08 1.0700E-08 9.1359E-09 7.7487E-09 6.4245E-09 5.0038E-09 4.1601E-09 3.5610E-09 3.0353E-09 2.7502E-09 2.5357E-09 2.3623E-09 2.2310E-09 2.1164E-09 2.0150E-09 1.9207E-09 1.8322E-09 1.7544E-09 1.6988E-09 1.6520E-09 1.6050E-09 1.5564E-09 1.5111E-09 1.4667E-09 1.4212E-09 1.3760E-09 1.3354E-09 1.2911E-09 1.2513E-09 1.2116E-09
5.6933E-08 5.6850E-08 5.6645E-08 5.6304E-08 5.5798E-08 5.5130E-08 5.4314E-08 5.3374E-08 5.2285E-08 5.1068E-08 4.9759E-08 4.8374E-08 4.6926E-08 4.5374E-08 4.3716E-08 4.1830E-08 3.9907E-08 3.7832E-08 3.5620E-08 3.3275E-08 3.0829E-08 2.8328E-08 2.5798E-08 2.3259E-08 2.0775E-08 1.8343E-08 1.6036E-08 1.3865E-08 1.1867E-08 1.0053E-08 8.4422E-09 7.0358E-09 5.2976E-09 4.4837E-09 3.7919E-09 3.1950E-09 2.8096E-09 2.5796E-09 2.3911E-09 2.2489E-09 2.1327E-09 2.0287E-09 1.9322E-09 1.8450E-09 1.7646E-09 1.7082E-09 1.6617E-09 1.6133E-09 1.5655E-09 1.5202E-09 1.4764E-09 1.4341E-09 1.3893E-09 1.3463E-09 1.3050E-09 1.2653E-09 1.2230E-09
5.7675E-08 5.7770E-08 5.7763E-08 5.7595E-08 5.7294E-08 5.6857E-08 5.6327E-08 5.5645E-08 5.4828E-08 5.3889E-08 5.2876E-08 5.1769E-08 5.0583E-08 4.9287E-08 4.7822E-08 4.6116E-08 4.4085E-08 4.1996E-08 3.9709E-08 3.7217E-08 3.4601E-08 3.1857E-08 2.9061E-08 2.6240E-08 2.3437E-08 2.0686E-08 1.8035E-08 1.5518E-08 1.3193E-08 1.1082E-08 9.2145E-09 7.6055E-09 5.7550E-09 4.7441E-09 4.0693E-09 3.4375E-09 2.8587E-09 2.6261E-09 2.4241E-09 2.2650E-09 2.1464E-09 2.0411E-09 1.9405E-09 1.8564E-09 1.7749E-09 1.7158E-09 1.6706E-09 1.6231E-09 1.5761E-09 1.5315E-09 1.4868E-09 1.4436E-09 1.4021E-09 1.3579E-09 1.3183E-09 1.2787E-09 1.2353E-09
5.8251E-08 5.8547E-08 5.8710E-08 5.8766E-08 5.8704E-08 5.8569E-08 5.8314E-08 5.7935E-08 5.7447E-08 5.6877E-08 5.6199E-08 5.5465E-08 5.4608E-08 5.3623E-08 5.2402E-08 5.0895E-08 4.8957E-08 4.6702E-08 4.4304E-08 4.1698E-08 3.8876E-08 3.5921E-08 3.2834E-08 2.9692E-08 2.6522E-08 2.3387E-08 2.0328E-08 1.7422E-08 1.4712E-08 1.2232E-08 1.0073E-08 8.2424E-09 6.3049E-09 5.1292E-09 4.3491E-09 3.6234E-09 2.9637E-09 2.6659E-09 2.4612E-09 2.2849E-09 2.1574E-09 2.0518E-09 1.9502E-09 1.8653E-09 1.7843E-09 1.7214E-09 1.6746E-09 1.6280E-09 1.5846E-09 1.5420E-09 1.4980E-09 1.4540E-09 1.4142E-09 1.3705E-09 1.3311E-09 1.2916E-09 1.2485E-09
5.8672E-08 5.9129E-08 5.9500E-08 5.9805E-08 6.0041E-08 6.0186E-08 6.0262E-08 6.0252E-08 6.0159E-08 5.9982E-08 5.9744E-08 5.9443E-08 5.8993E-08 5.8350E-08 5.7447E-08 5.6177E-08 5.4432E-08 5.2106E-08 4.9410E-08 4.6718E-08 4.3721E-08 4.0484E-08 3.7118E-08 3.3620E-08 3.0044E-08 2.6460E-08 2.2945E-08 1.9580E-08 1.6418E-08 1.3539E-08 1.1051E-08 8.8974E-09 6.9693E-09 5.5673E-09 4.6611E-09 3.8181E-09 3.0860E-09 2.6972E-09 2.4928E-09 2.3068E-09 2.1686E-09 2.0599E-09 1.9576E-09 1.8707E-09 1.7920E-09 1.7285E-09 1.6799E-09 1.6343E-09 1.5910E-09 1.5491E-09 1.5072E-09 1.4651E-09 1.4215E-09 1.3824E-09 1.3432E-09 1.2999E-09 1.2611E-09
5.8876E-08 5.9520E-08 6.0117E-08 6.0692E-08 6.1219E-08 6.1706E-08 6.2168E-08 6.2559E-08 6.2905E-08 6.3198E-08 6.3478E-08 6.3642E-08 6.3679E-08 6.3452E-08 6.2898E-08 6.1918E-08 6.0380E-08 5.8245E-08 5.5413E-08 5.2402E-08 4.9140E-08 4.5741E-08 4.2055E-08 3.8141E-08 3.4084E-08 2.9974E-08 2.5928E-08 2.2029E-08 1.8342E-08 1.5022E-08 1.2173E-08 9.6303E-09 7.5122E-09 6.0876E-09 5.0427E-09 4.0719E-09 3.2933E-09 2.7899E-09 2.5192E-09 2.3279E-09 2.1784E-09 2.0645E-09 1.9635E-09 1.8769E-09 1.7973E-09 1.7347E-09 1.6869E-09 1.6422E-09 1.5996E-09 1.5570E-09 1.5143E-09 1.4756E-09 1.4325E-09 1.3937E-09 1.3547E-09 1.3118E-09 1.2731E-09
5.8854E-08 5.9696E-08 6.0562E-08 6.1396E-08 6.2237E-08 6.3112E-08 6.3973E-08 6.4812E-08 6.5646E-08 6.6504E-08 6.7304E-08 6.8061E-08 6.8588E-08 6.8827E-08 6.8691E-08 6.8114E-08 6.6889E-08 6.5067E-08 6.2348E-08 5.8927E-08 5.5334E-08 5.1669E-08 4.7594E-08 4.3200E-08 3.8625E-08 3.3969E-08 2.9327E-08 2.4793E-08 2.0543E-08 1.6754E-08 1.3447E-08 1.0415E-08 8.0996E-09 6.5127E-09 5.3775E-09 4.5160E-09 3.6624E-09 2.9372E-09 2.5405E-09 2.3497E-09 2.1884E-09 2.0690E-09 1.9668E-09 1.8816E-09 1.8005E-09 1.7358E-09 1.6867E-09 1.6465E-09 1.6061E-09 1.5656E-09 1.5236E-09 1.4826E-09 1.4429E-09 1.4043E-09 1.3643E-09 1.3231E-09 1.2846E-09
5.8610E-08 5.9670E-08 6.0768E-08 6.1894E-08 6.3082E-08 6.4340E-08 6.5631E-08 6.6962E-08 6.8370E-08 6.9776E-08 7.1225E-08 7.2534E-08 7.3631E-08 7.4432E-08 7.4874E-08 7.4706E-08 7.4036E-08 7.2540E-08 7.0162E-08 6.6615E-08 6.2794E-08 5.8356E-08 5.3913E-08 4.9054E-08 4.3933E-08 3.8629E-08 3.3303E-08 2.8097E-08 2.3193E-08 1.8701E-08 1.4786E-08 1.1244E-08 8.7754E-09 7.0080E-09 5.7331E-09 4.7574E-09 3.8894E-09 3.2093E-09 2.6306E-09 2.3666E-09 2.1953E-09 2.0712E-09 1.9670E-09 1.8848E-09 1.8046E-09 1.7384E-09 1.6924E-09 1.6516E-09 1.6105E-09 1.5693E-09 1.5322E-09 1.4904E-09 1.4525E-09 1.4143E-09 1.3719E-09 1.3338E-09 1.2955E-09
5.8133E-08 5.9405E-08 6.0729E-08 6.2154E-08 6.3710E-08 6.5350E-08 6.7106E-08 6.8970E-08 7.0927E-08 7.3003E-08 7.5056E-08 7.6991E-08 7.8748E-08 8.0231E-08 8.1150E-08 8.1680E-08 8.1529E-08 8.0715E-08 7.8806E-08 7.5814E-08 7.1236E-08 6.6377E-08 6.1203E-08 5.5873E-08 5.0179E-08 4.4265E-08 3.8235E-08 3.2130E-08 2.6229E-08 2.0818E-08 1.6205E-08 1.2125E-08 9.5116E-09 7.5464E-09 6.1068E-09 5.0066E-09 4.1903E-09 3.4419E-09 2.7465E-09 2.4168E-09 2.1995E-09 2.0703E-09 1.9670E-09 1.8841E-09 1.8074E-09 1.7403E-09 1.6959E-09 1.6574E-09 1.6172E-09 1.5767E-09 1.5387E-09 1.4990E-09 1.4615E-09 1.4236E-09 1.3817E-09 1.3438E-09 1.3058E-09
5.7411E-08 5.8874E-08 6.0442E-08 6.2166E-08 6.4049E-08 6.6114E-08 6.8336E-08 7.0737E-08 7.3311E-08 7.6002E-08 7.8704E-08 8.1329E-08 8.3829E-08 8.5851E-08 8.7611E-08 8.8784E-08 8.9521E-08 8.9381E-08 8.8516E-08 8.6221E-08 8.1483E-08 7.5891E-08 7.0144E-08 6.4295E-08 5.8254E-08 5.1591E-08 4.4321E-08 3.6815E-08 2.9599E-08 2.3109E-08 1.7719E-08 1.3030E-08 1.0245E-08 8.1050E-09 6.4939E-09 5.2539E-09 4.3558E-09 3.6710E-09 2.9586E-09 2.4766E-09 2.2020E-09 2.0633E-09 1.9650E-09 1.8827E-09 1.8026E-09 1.7393E-09 1.6974E-09 1.6583E-09 1.6189E-09 1.5833E-09 1.5432E-09 1.5068E-09 1.4698E-09 1.4283E-09 1.3909E-09 1.3533E-09 1.3154E-09
5.6437E-08 5.8061E-08 5.9867E-08 6.1885E-08 6.4105E-08 6.6550E-08 6.9250E-08 7.2198E-08 7.5372E-08 7.8677E-08 8.2026E-08 8.5435E-08 8.8489E-08 9.1445E-08 9.3918E-08 9.6114E-08 9.7580E-08 9.8673E-08 9.9016E-08 9.8005E-08 9.5122E-08 8.9743E-08 8.2409E-08 7.5773E-08 6.8978E-08 6.0703E-08 5.1478E-08 4.2040E-08 3.3239E-08 2.5578E-08 1.9286E-08 1.4103E-08 1.0982E-08 8.6460E-09 6.8740E-09 5.5046E-09 4.5063E-09 3.7832E-09 3.1142E-09 2.5626E-09 2.2159E-09 2.0571E-09 1.9602E-09 1.8804E-09 1.8030E-09 1.7418E-09 1.7011E-09 1.6629E-09 1.6243E-09 1.5893E-09 1.5499E-09 1.5140E-09 1.4774E-09 1.4365E-09 1.3994E-09 1.3620E-09 1.3245E-09
5.5200E-08 5.6988E-08 5.9003E-08 6.1265E-08 6.3817E-08 6.6654E-08 6.9802E-08 7.3270E-08 7.6990E-08 8.0901E-08 8.4968E-08 8.9023E-08 9.2909E-08 9.6559E-08 1.0016E-07 1.0313E-07 1.0594E-07 1.0833E-07 1.1014E-07 1.1118E-07 1.1108E-07 1.0856E-07 1.0165E-07 9.1251E-08 8.2456E-08 7.1715E-08 5.9861E-08 4.8144E-08 3.7352E-08 2.8157E-08 2.0825E-08 1.5233E-08 1.1738E-08 9.1560E-09 7.2239E-09 5.7473E-09 4.6481E-09 3.8675E-09 3.2550E-09 2.6421E-09 2.2143E-09 2.0486E-09 1.9526E-09 1.8697E-09 1.7959E-09 1.7394E-09 1.6998E-09 1.6625E-09 1.6289E-09 1.5905E-09 1.5558E-09 1.5204E-09 1.4803E-09 1.4440E-09 1.4072E-09 1.3702E-09 1.3316E-09
5.3683E-08 5.5619E-08 5.7832E-08 6.0329E-08 6.3159E-08 6.6355E-08 6.9919E-08 7.3850E-08 7.8079E-08 8.2556E-08 8.7278E-08 9.1955E-08 9.6715E-08 1.0137E-07 1.0571E-07 1.1008E-07 1.1418E-07 1.1798E-07 1.2188E-07 1.2632E-07 1.3099E-07 1.3388E-07 1.3103E-07 1.1892E-07 1.0007E-07 8.6101E-08 7.0755E-08 5.5651E-08 4.2081E-08 3.0888E-08 2.2266E-08 1.6352E-08 1.2486E-08 9.6201E-09 7.5211E-09 5.9542E-09 4.7727E-09 3.9351E-09 3.3200E-09 2.6986E-09 2.2082E-09 2.0385E-09 1.9453E-09 1.8641E-09 1.7940E-09 1.7406E-09 1.7023E-09 1.6658E-09 1.6315E-09 1.5952E-09 1.5610E-09 1.5262E-09 1.4867E-09 1.4508E-09 1.4144E-09 1.3776E-09 1.3369E-09
5.1933E-08 5.3977E-08 5.6336E-08 5.9038E-08 6.2117E-08 6.5611E-08 6.9529E-08 7.3856E-08 7.8539E-08 8.3560E-08 8.8768E-08 9.4227E-08 9.9713E-08 1.0535E-07 1.1084E-07 1.1641E-07 1.2200E-07 1.2805E-07 1.3537E-07 1.4399E-07 1.5369E-07 1.6338E-07 1.6880E-07 1.6346E-07 1.4035E-07 1.1061E-07 8.7054E-08 6.5715E-08 4.7585E-08 3.3750E-08 2.3658E-08 1.7397E-08 1.3177E-08 1.0044E-08 7.7643E-09 6.1157E-09 4.8702E-09 3.9823E-09 3.3605E-09 2.7307E-09 2.1985E-09 2.0232E-09 1.9296E-09 1.8510E-09 1.7863E-09 1.7368E-09 1.6999E-09 1.6685E-09 1.6321E-09 1.5993E-09 1.5656E-09 1.5272E-09 1.4924E-09 1.4570E-09 1.4209E-09 1.3845E-09 1.3442E-09
4.9920E-08 5.2069E-08 5.4533E-08 5.7388E-08 6.0660E-08 6.4383E-08 6.8595E-08 7.3243E-08 7.8282E-08 8.3705E-08 8.9534E-08 9.5512E-08 1.0187E-07 1.0827E-07 1.1501E-07 1.2223E-07 1.3034E-07 1.3956E-07 1.4998E-07 1.6200E-07 1.7622E-07 1.9303E-07 2.1253E-07 2.3168E-07 2.3475E-07 1.9292E-07 1.2455E-07 8.4074E-08 5.4727E-08 3.6648E-08 2.5010E-08 1.8332E-08 1.3731E-08 1.0378E-08 7.9342E-09 6.2162E-09 4.9333E-09 4.0006E-09 3.3664E-09 2.7349E-09 2.1832E-09 2.0089E-09 1.9185E-09 1.8436E-09 1.7822E-09 1.7367E-09 1.7012E-09 1.6662E-09 1.6349E-09 1.6026E-09 1.5694E-09 1.5317E-09 1.4974E-09 1.4624E-09 1.4267E-09 1.3869E-09 1.3509E-09
4.7704E-08 4.9894E-08 5.2435E-08 5.5382E-08 5.8798E-08 6.2679E-08 6.7087E-08 7.1969E-08 7.7229E-08 8.3128E-08 8.9283E-08 9.5924E-08 1.0282E-07 1.1039E-07 1.1891E-07 1.2862E-07 1.3913E-07 1.5044E-07 1.6290E-07 1.7730E-07 1.9553E-07 2.2020E-07 2.5688E-07 3.1210E-07 3.9093E-07 4.8535E-07 4.2760E-07 2.7778E-07 2.5399E-07 2.3223E-07 4.9108E-08 1.9078E-08 1.4124E-08 1.0588E-08 8.0272E-09 6.2425E-09 4.9507E-09 3.9962E-09 3.3498E-09 2.7234E-09 2.1591E-09 1.9864E-09 1.9002E-09 1.8301E-09 1.7731E-09 1.7317E-09 1.7017E-09 1.6677E-09 1.6369E-09 1.6052E-09 1.5685E-09 1.5356E-09 1.5018E-09 1.4672E-09 1.4319E-09 1.3926E-09 1.3569E-09
4.5290E-08 4.7495E-08 5.0061E-08 5.3039E-08 5.6510E-08 6.0488E-08 6.5006E-08 6.9951E-08 7.5547E-08 8.1592E-08 8.8197E-08 9.5238E-08 1.0339E-07 1.1272E-07 1.2310E-07 1.3419E-07 1.4569E-07 1.5787E-07 1.7139E-07 1.8820E-07 2.0982E-07 2.4096E-07 2.9075E-07 3.7537E-07 5.7272E-07 1.0028E-06 1.7851E-06 2.8920E-06 3.1616E-06 1.8033E-06 1.4652E-07 1.9499E-08 1.4284E-08 1.0634E-08 8.0208E-09 6.2054E-09 4.9146E-09 3.9605E-09 3.3129E-09 2.6937E-09 2.1334E-09 1.9698E-09 1.8866E-09 1.8202E-09 1.7669E-09 1.7303E-09 1.6975E-09 1.6684E-09 1.6383E-09 1.6071E-09 1.5712E-09 1.5387E-09 1.5054E-09 1.4712E-09 1.4327E-09 1.3976E-09 1.3622E-09
4.2720E-08 4.4889E-08 4.7415E-08 5.0380E-08 5.3852E-08 5.7839E-08 6.2314E-08 6.7430E-08 7.3032E-08 7.9347E-08 8.6307E-08 9.4613E-08 1.0415E-07 1.1456E-07 1.2539E-07 1.3655E-07 1.4819E-07 1.6105E-07 1.7597E-07 1.9383E-07 2.1683E-07 2.5024E-07 3.0282E-07 4.5550E-07 1.0179E-06 2.1358E-06 3.7543E-06 4.1869E-06 1.5804E-06 1.9556E-07 2.7554E-08 1.9469E-08 1.4168E-08 1.0506E-08 7.8960E-09 6.0955E-09 4.8283E-09 3.8893E-09 3.2562E-09 2.6435E-09 2.0972E-09 1.9437E-09 1.8678E-09 1.8067E-09 1.7595E-09 1.7284E-09 1.6969E-09 1.6685E-09 1.6389E-09 1.6043E-09 1.5732E-09 1.5411E-09 1.5083E-09 1.4708E-09 1.4367E-09 1.4020E-09 1.3669E-09
4.0013E-08 4.2110E-08 4.4555E-08 4.7454E-08 5.0847E-08 5.4718E-08 5.9252E-08 6.4247E-08 7.0047E-08 7.6745E-08 8.4740E-08 9.3829E-08 1.0364E-07 1.1374E-07 1.2403E-07 1.3506E-07 1.4739E-07 1.6090E-07 1.7591E-07 1.9336E-07 2.1558E-07 2.5641E-07 4.8310E-07 1.3570E-06 2.8183E-06 4.1794E-06 2.9174E-06 5.4585E-07 7.0220E-08 4.0656E-08 2.6787E-08 1.8929E-08 1.3747E-08 1.0188E-08 7.6564E-09 5.9114E-09 4.6939E-09 3.7905E-09 3.1768E-09 2.5790E-09 2.0552E-09 1.9195E-09 1.8492E-09 1.7923E-09 1.7545E-09 1.7223E-09 1.6957E-09 1.6679E-09 1.6348E-09 1.6051E-09 1.5744E-09 1.5429E-09 1.5105E-09 1.4737E-09 1.4400E-09 1.4057E-09 1.3710E-09
3.7208E-08 3.9185E-08 4.1525E-08 4.4302E-08 4.7574E-08 5.1359E-08 5.5731E-08 6.0923E-08 6.7060E-08 7.4352E-08 8.2506E-08 9.1231E-08 1.0025E-07 1.0960E-07 1.1983E-07 1.3135E-07 1.4384E-07 1.5700E-07 1.7122E-07 1.8735E-07 2.6873E-07 7.9690E-07 2.1937E-06 3.8828E-06 3.9113E-06 1.0149E-06 2.5343E-07 1.0253E-07 5.6824E-08 3.6826E-08 2.5105E-08 1.7893E-08 1.3051E-08 9.6880E-09 7.3069E-09 5.6664E-09 4.5131E-09 3.6629E-09 3.0796E-09 2.4851E-09 2.0167E-09 1.8991E-09 1.8319E-09 1.7827E-09 1.7459E-09 1.7198E-09 1.6937E-09 1.6665E-09 1.6343E-09 1.6052E-09 1.5750E-09 1.5439E-09 1.5083E-09 1.4759E-09 1.4427E-09 1.4088E-09 1.3743E-09
