Assets/Resources/2015_m01_d17_0800(utc+0800)_l00_csi_1hr_conc.grd
DSAA
         159         159
     -79.000      79.000
     -79.000      79.000
  0.0000E+00  0.3601E-05
[rows 0 to 24 of 159, columns 0 to 56 of 159]
0.0000E+00 0.0000E+00 0.0000E+00 0.0000E+00 0.0000E+00 0.0000E+00 0.0000E+00 0.0000E+00 0.0000E+00 0.0000E+00 0.0000E+00 0.0000E+00 0.0000E+00 0.0000E+00 0.0000E+00 0.0000E+00 0.0000E+00 0.0000E+00 9.6965E-13 1.0489E-12 4.2838E-12 1.0467E-11 1.7211E-11 2.5593E-11 3.3934E-11 4.6993E-11 6.0224E-11 7.4341E-11 8.2886E-11 9.9680E-11 1.1758E-10 1.2916E-10 1.4280E-10 1.5582E-10 1.7102E-10 1.8678E-10 2.0396E-10 2.2212E-10 2.3999E-10 2.5856E-10 2.7992E-10 2.9933E-10 3.2265E-10 3.4424E-10 3.6868E-10 3.9258E-10 4.1780E-10 4.4592E-10 4.7334E-10 5.0301E-10 5.3451E-10 5.6605E-10 5.9882E-10 6.3296E-10 6.6890E-10 7.0682E-10 7.4562E-10
0.0000E+00 0.0000E+00 0.0000E+00 0.0000E+00 0.0000E+00 0.0000E+00 0.0000E+00 0.0000E+00 0.0000E+00 0.0000E+00 0.0000E+00 0.0000E+00 0.0000E+00 0.0000E+00 0.0000E+00 0.0000E+00 0.0000E+00 0.0000E+00 9.6917E-13 1.0483E-12 4.2882E-12 1.0496E-11 1.7281E-11 2.9515E-11 3.4116E-11 4.7307E-11 6.0687E-11 7.4973E-11 9.1821E-11 1.0062E-10 1.1895E-10 1.3207E-10 1.4455E-10 1.5896E-10 1.7436E-10 1.8898E-10 2.0782E-10 2.2506E-10 2.4307E-10 2.6346E-10 2.8373E-10 3.0480E-10 3.2708E-10 3.4918E-10 3.7402E-10 3.9830E-10 4.2425E-10 4.5274E-10 4.8072E-10 5.1240E-10 5.4370E-10 5.7561E-10 6.0942E-10 6.4494E-10 6.8208E-10 7.2061E-10 7.5999E-10
0.0000E+00 0.0000E+00 0.0000E+00 0.0000E+00 0.0000E+00 0.0000E+00 0.0000E+00 0.0000E+00 0.0000E+00 0.0000E+00 0.0000E+00 0.0000E+00 0.0000E+00 0.0000E+00 0.0000E+00 0.0000E+00 0.0000E+00 0.0000E+00 9.6758E-13 1.0466E-12 4.2876E-12 1.0513E-11 1.7330E-11 2.9640E-11 3.8044E-11 4.7566E-11 6.1077E-11 7.6678E-11 9.2550E-11 1.0559E-10 1.2017E-10 1.3335E-10 1.4612E-10 1.6055E-10 1.7616E-10 1.9242E-10 2.1010E-10 2.2913E-10 2.4726E-10 2.6665E-10 2.8714E-10 3.1002E-10 3.3119E-10 3.5523E-10 3.7887E-10 4.0376E-10 4.3020E-10 4.5901E-10 4.8781E-10 5.2076E-10 5.5186E-10 5.8492E-10 6.2019E-10 6.5651E-10 6.9429E-10 7.3349E-10 7.7411E-10
0.0000E+00 0.0000E+00 0.0000E+00 0.0000E+00 0.0000E+00 0.0000E+00 0.0000E+00 0.0000E+00 0.0000E+00 0.0000E+00 0.0000E+00 0.0000E+00 0.0000E+00 0.0000E+00 0.0000E+00 0.0000E+00 0.0000E+00 0.0000E+00 0.0000E+00 1.0437E-12 4.2820E-12 1.0517E-11 1.7359E-11 2.9731E-11 4.2045E-11 4.7766E-11 6.1394E-11 7.7137E-11 9.4505E-11 1.1048E-10 1.2260E-10 1.3459E-10 1.4888E-10 1.6194E-10 1.7915E-10 1.9421E-10 2.1354E-10 2.3150E-10 2.4981E-10 2.7104E-10 2.9165E-10 3.1343E-10 3.3499E-10 3.5943E-10 3.8330E-10 4.0884E-10 4.3549E-10 4.6489E-10 4.9444E-10 5.2779E-10 5.5970E-10 5.9454E-10 6.3038E-10 6.6703E-10 7.0565E-10 7.4590E-10 7.8891E-10
0.0000E+00 0.0000E+00 0.0000E+00 0.0000E+00 0.0000E+00 0.0000E+00 0.0000E+00 0.0000E+00 0.0000E+00 0.0000E+00 0.0000E+00 0.0000E+00 0.0000E+00 0.0000E+00 0.0000E+00 0.0000E+00 0.0000E+00 0.0000E+00 0.0000E+00 1.0396E-12 4.2714E-12 1.0508E-11 1.7367E-11 2.9785E-11 4.2172E-11 5.1797E-11 6.1636E-11 7.7501E-11 9.5028E-11 1.1116E-10 1.2353E-10 1.3700E-10 1.4995E-10 1.6594E-10 1.8055E-10 1.9861E-10 2.1535E-10 2.3354E-10 2.5350E-10 2.7360E-10 2.9588E-10 3.1648E-10 3.3848E-10 3.6316E-10 3.8745E-10 4.1347E-10 4.4021E-10 4.7045E-10 5.0035E-10 5.3428E-10 5.6716E-10 6.0359E-10 6.3928E-10 6.7693E-10 7.1668E-10 7.5886E-10 8.0327E-10
0.0000E+00 0.0000E+00 0.0000E+00 0.0000E+00 0.0000E+00 0.0000E+00 0.0000E+00 0.0000E+00 0.0000E+00 0.0000E+00 0.0000E+00 0.0000E+00 0.0000E+00 0.0000E+00 0.0000E+00 0.0000E+00 0.0000E+00 0.0000E+00 0.0000E+00 1.0343E-12 4.2557E-12 1.0487E-11 1.7354E-11 2.9803E-11 4.2248E-11 5.1915E-11 6.1801E-11 7.9069E-11 9.5433E-11 1.1303E-10 1.2429E-10 1.3792E-10 1.5084E-10 1.6698E-10 1.8173E-10 1.9999E-10 2.1690E-10 2.3668E-10 2.5547E-10 2.7580E-10 2.9834E-10 3.1922E-10 3.4303E-10 3.6637E-10 3.9122E-10 4.1746E-10 4.4446E-10 4.7552E-10 5.0551E-10 5.4039E-10 5.7393E-10 6.1127E-10 6.4746E-10 6.8607E-10 7.2788E-10 7.7133E-10 8.1622E-10
0.0000E+00 0.0000E+00 0.0000E+00 0.0000E+00 0.0000E+00 0.0000E+00 0.0000E+00 0.0000E+00 0.0000E+00 0.0000E+00 0.0000E+00 0.0000E+00 0.0000E+00 0.0000E+00 0.0000E+00 0.0000E+00 0.0000E+00 0.0000E+00 0.0000E+00 1.0279E-12 4.2352E-12 1.0454E-11 1.7320E-11 2.9784E-11 4.2271E-11 5.3247E-11 6.5845E-11 7.9256E-11 9.5718E-11 1.1345E-10 1.2628E-10 1.3866E-10 1.5295E-10 1.6782E-10 1.8413E-10 2.0112E-10 2.1964E-10 2.3817E-10 2.5861E-10 2.7907E-10 3.0042E-10 3.2159E-10 3.4567E-10 3.6924E-10 3.9456E-10 4.2082E-10 4.4830E-10 4.7990E-10 5.1002E-10 5.4604E-10 5.7988E-10 6.1790E-10 6.5509E-10 6.9497E-10 7.3833E-10 7.8258E-10 8.2863E-10
0.0000E+00 0.0000E+00 0.0000E+00 0.0000E+00 0.0000E+00 0.0000E+00 0.0000E+00 0.0000E+00 0.0000E+00 0.0000E+00 0.0000E+00 0.0000E+00 0.0000E+00 0.0000E+00 0.0000E+00 0.0000E+00 0.0000E+00 0.0000E+00 0.0000E+00 1.0203E-12 4.2097E-12 1.0408E-11 1.7265E-11 2.8724E-11 4.1196E-11 5.2162E-11 6.5891E-11 7.9344E-11 9.5882E-11 1.1372E-10 1.2673E-10 1.3921E-10 1.5347E-10 1.6983E-10 1.8488E-10 2.0340E-10 2.2067E-10 2.4079E-10 2.5997E-10 2.8205E-10 3.0213E-10 3.2363E-10 3.4784E-10 3.7173E-10 3.9731E-10 4.2365E-10 4.5169E-10 4.8354E-10 5.1406E-10 5.5103E-10 5.8498E-10 6.2409E-10 6.6209E-10 7.0322E-10 7.4775E-10 7.9286E-10 8.4016E-10
0.0000E+00 0.0000E+00 0.0000E+00 0.0000E+00 0.0000E+00 0.0000E+00 0.0000E+00 0.0000E+00 0.0000E+00 0.0000E+00 0.0000E+00 0.0000E+00 0.0000E+00 0.0000E+00 0.0000E+00 0.0000E+00 0.0000E+00 0.0000E+00 0.0000E+00 1.0116E-12 4.1795E-12 1.0350E-11 1.7190E-11 2.8643E-11 4.1123E-11 5.2102E-11 6.5854E-11 7.9332E-11 9.5924E-11 1.1389E-10 1.2701E-10 1.4095E-10 1.5380E-10 1.7026E-10 1.8538E-10 2.0404E-10 2.2141E-10 2.4169E-10 2.6100E-10 2.8327E-10 3.0352E-10 3.2673E-10 3.4947E-10 3.7377E-10 3.9944E-10 4.2598E-10 4.5443E-10 4.8643E-10 5.1760E-10 5.5520E-10 5.8940E-10 6.2967E-10 6.6820E-10 7.1050E-10 7.5628E-10 8.0226E-10 8.5152E-10
0.0000E+00 0.0000E+00 0.0000E+00 0.0000E+00 0.0000E+00 0.0000E+00 0.0000E+00 0.0000E+00 0.0000E+00 0.0000E+00 0.0000E+00 0.0000E+00 0.0000E+00 0.0000E+00 0.0000E+00 0.0000E+00 0.0000E+00 0.0000E+00 0.0000E+00 1.0018E-12 4.1447E-12 9.3200E-12 1.6089E-11 2.8526E-11 4.0999E-11 5.1978E-11 6.5735E-11 7.9220E-11 9.5844E-11 1.1529E-10 1.2706E-10 1.4113E-10 1.5528E-10 1.7046E-10 1.8851E-10 2.0441E-10 2.2327E-10 2.4229E-10 2.6169E-10 2.8411E-10 3.0451E-10 3.2786E-10 3.5072E-10 3.7535E-10 4.0093E-10 4.2785E-10 4.5645E-10 4.8877E-10 5.2051E-10 5.5854E-10 5.9322E-10 6.3459E-10 6.7358E-10 7.1703E-10 7.6380E-10 8.1098E-10 8.6251E-10
0.0000E+00 0.0000E+00 0.0000E+00 0.0000E+00 0.0000E+00 0.0000E+00 0.0000E+00 0.0000E+00 0.0000E+00 0.0000E+00 0.0000E+00 0.0000E+00 0.0000E+00 0.0000E+00 0.0000E+00 0.0000E+00 0.0000E+00 0.0000E+00 0.0000E+00 9.9103E-13 2.1102E-12 9.2505E-12 1.5984E-11 2.7335E-11 3.9738E-11 5.1789E-11 6.5534E-11 7.9008E-11 9.5643E-11 1.1519E-10 1.2834E-10 1.4112E-10 1.5668E-10 1.7044E-10 1.8858E-10 2.0597E-10 2.2346E-10 2.4405E-10 2.6347E-10 2.8456E-10 3.0510E-10 3.2852E-10 3.5155E-10 3.7632E-10 4.0189E-10 4.2920E-10 4.5771E-10 4.9057E-10 5.2262E-10 5.6106E-10 5.9642E-10 6.3869E-10 6.7816E-10 7.2291E-10 7.7080E-10 8.1890E-10 8.7211E-10
0.0000E+00 0.0000E+00 0.0000E+00 0.0000E+00 0.0000E+00 0.0000E+00 0.0000E+00 0.0000E+00 0.0000E+00 0.0000E+00 0.0000E+00 0.0000E+00 0.0000E+00 0.0000E+00 0.0000E+00 0.0000E+00 0.0000E+00 0.0000E+00 0.0000E+00 9.7921E-13 2.0870E-12 8.1656E-12 1.5861E-11 2.7161E-11 3.9523E-11 5.1537E-11 6.5252E-11 7.8697E-11 9.5320E-11 1.1492E-10 1.2811E-10 1.4085E-10 1.5643E-10 1.7164E-10 1.8840E-10 2.0583E-10 2.2336E-10 2.4403E-10 2.6346E-10 2.8458E-10 3.0677E-10 3.2866E-10 3.5191E-10 3.7669E-10 4.0232E-10 4.2987E-10 4.5824E-10 4.9177E-10 5.2387E-10 5.6291E-10 5.9901E-10 6.4183E-10 6.8222E-10 7.2799E-10 7.7671E-10 8.2637E-10 8.8106E-10
0.0000E+00 0.0000E+00 0.0000E+00 0.0000E+00 0.0000E+00 0.0000E+00 0.0000E+00 0.0000E+00 0.0000E+00 0.0000E+00 0.0000E+00 0.0000E+00 0.0000E+00 0.0000E+00 0.0000E+00 0.0000E+00 0.0000E+00 0.0000E+00 0.0000E+00 0.0000E+00 2.0616E-12 8.0877E-12 1.4676E-11 2.6955E-11 3.9262E-11 5.1222E-11 6.4890E-11 7.9628E-11 1.0032E-10 1.1448E-10 1.2771E-10 1.4039E-10 1.5598E-10 1.7119E-10 1.8797E-10 2.0542E-10 2.2441E-10 2.4364E-10 2.6454E-10 2.8427E-10 3.0652E-10 3.2832E-10 3.5177E-10 3.7642E-10 4.0223E-10 4.2982E-10 4.5817E-10 4.9230E-10 5.2426E-10 5.6409E-10 6.0077E-10 6.4436E-10 6.8554E-10 7.3225E-10 7.8175E-10 8.3286E-10 8.8869E-10
0.0000E+00 0.0000E+00 0.0000E+00 0.0000E+00 0.0000E+00 0.0000E+00 0.0000E+00 0.0000E+00 0.0000E+00 0.0000E+00 0.0000E+00 0.0000E+00 0.0000E+00 0.0000E+00 0.0000E+00 0.0000E+00 0.0000E+00 0.0000E+00 0.0000E+00 0.0000E+00 1.0293E-12 8.0009E-12 1.4530E-11 2.2917E-11 3.7944E-11 5.0846E-11 6.4449E-11 7.7964E-11 9.9777E-11 1.1388E-10 1.2712E-10 1.3975E-10 1.5533E-10 1.7052E-10 1.8872E-10 2.0473E-10 2.2367E-10 2.4290E-10 2.6380E-10 2.8350E-10 3.0577E-10 3.2756E-10 3.5109E-10 3.7560E-10 4.0158E-10 4.2901E-10 4.5750E-10 4.9197E-10 5.2380E-10 5.6463E-10 6.0145E-10 6.4591E-10 6.8799E-10 7.3534E-10 7.8630E-10 8.3833E-10 8.9570E-10
0.0000E+00 0.0000E+00 0.0000E+00 0.0000E+00 0.0000E+00 0.0000E+00 0.0000E+00 0.0000E+00 0.0000E+00 0.0000E+00 0.0000E+00 0.0000E+00 0.0000E+00 0.0000E+00 0.0000E+00 0.0000E+00 0.0000E+00 0.0000E+00 0.0000E+00 0.0000E+00 1.0136E-12 7.9055E-12 1.3404E-11 2.2680E-11 3.7607E-11 4.9360E-11 6.3931E-11 7.7377E-11 9.9109E-11 1.1312E-10 1.2635E-10 1.4035E-10 1.5448E-10 1.6964E-10 1.8781E-10 2.0510E-10 2.2263E-10 2.4181E-10 2.6262E-10 2.8233E-10 3.0454E-10 3.2631E-10 3.4985E-10 3.7417E-10 4.0031E-10 4.2750E-10 4.5613E-10 4.9079E-10 5.2261E-10 5.6444E-10 6.0141E-10 6.4680E-10 6.8962E-10 7.3772E-10 7.8969E-10 8.4296E-10 9.0123E-10
0.0000E+00 0.0000E+00 0.0000E+00 0.0000E+00 0.0000E+00 0.0000E+00 0.0000E+00 0.0000E+00 0.0000E+00 0.0000E+00 0.0000E+00 0.0000E+00 0.0000E+00 0.0000E+00 0.0000E+00 0.0000E+00 0.0000E+00 0.0000E+00 0.0000E+00 0.0000E+00 9.9688E-13 3.1879E-12 1.3244E-11 2.1417E-11 3.3368E-11 4.7769E-11 6.2245E-11 7.6697E-11 9.8318E-11 1.1220E-10 1.2541E-10 1.3936E-10 1.5484E-10 1.6850E-10 1.8657E-10 2.0382E-10 2.2124E-10 2.4174E-10 2.6107E-10 2.8074E-10 3.0282E-10 3.2461E-10 3.4796E-10 3.7221E-10 3.9834E-10 4.2524E-10 4.5409E-10 4.8876E-10 5.2061E-10 5.6332E-10 6.0039E-10 6.4681E-10 6.8981E-10 7.3907E-10 7.9208E-10 8.4619E-10 9.0581E-10
0.0000E+00 0.0000E+00 0.0000E+00 0.0000E+00 0.0000E+00 0.0000E+00 0.0000E+00 0.0000E+00 0.0000E+00 0.0000E+00 0.0000E+00 0.0000E+00 0.0000E+00 0.0000E+00 0.0000E+00 0.0000E+00 0.0000E+00 0.0000E+00 0.0000E+00 0.0000E+00 9.7934E-13 3.1373E-12 1.2059E-11 2.0079E-11 3.1935E-11 4.7249E-11 6.1594E-11 7.4788E-11 9.3281E-11 1.1112E-10 1.2429E-10 1.3820E-10 1.5356E-10 1.6847E-10 1.8510E-10 2.0220E-10 2.1948E-10 2.3992E-10 2.5909E-10 2.8019E-10 3.0059E-10 3.2233E-10 3.4548E-10 3.6965E-10 3.9558E-10 4.2237E-10 4.5122E-10 4.8577E-10 5.1797E-10 5.6131E-10 5.9833E-10 6.4597E-10 6.8930E-10 7.3948E-10 7.9369E-10 8.4818E-10 9.0902E-10
0.0000E+00 0.0000E+00 0.0000E+00 0.0000E+00 0.0000E+00 0.0000E+00 0.0000E+00 0.0000E+00 0.0000E+00 0.0000E+00 0.0000E+00 0.0000E+00 0.0000E+00 0.0000E+00 0.0000E+00 0.0000E+00 0.0000E+00 0.0000E+00 0.0000E+00 0.0000E+00 0.0000E+00 2.0592E-12 8.1937E-12 1.9805E-11 3.1529E-11 4.0655E-11 6.0874E-11 7.2608E-11 9.2271E-11 1.0998E-10 1.2295E-10 1.3680E-10 1.5204E-10 1.6685E-10 1.8330E-10 2.0026E-10 2.1891E-10 2.3769E-10 2.5671E-10 2.7772E-10 2.9786E-10 3.1956E-10 3.4236E-10 3.6643E-10 3.9217E-10 4.1875E-10 4.4745E-10 4.8200E-10 5.1445E-10 5.5820E-10 5.9554E-10 6.4406E-10 6.8777E-10 7.3856E-10 7.9339E-10 8.4913E-10 9.1057E-10
0.0000E+00 0.0000E+00 0.0000E+00 0.0000E+00 0.0000E+00 0.0000E+00 0.0000E+00 0.0000E+00 0.0000E+00 0.0000E+00 0.0000E+00 0.0000E+00 0.0000E+00 0.0000E+00 0.0000E+00 0.0000E+00 0.0000E+00 0.0000E+00 0.0000E+00 0.0000E+00 0.0000E+00 1.0165E-12 8.0572E-12 1.7515E-11 3.1089E-11 4.0106E-11 6.0087E-11 7.1690E-11 8.7018E-11 1.0870E-10 1.2127E-10 1.3521E-10 1.5032E-10 1.6493E-10 1.8123E-10 1.9804E-10 2.1647E-10 2.3512E-10 2.5391E-10 2.7475E-10 2.9469E-10 3.1613E-10 3.3865E-10 3.6269E-10 3.8791E-10 4.1441E-10 4.4291E-10 4.7734E-10 5.0999E-10 5.5410E-10 5.9161E-10 6.4104E-10 6.8476E-10 7.3687E-10 7.9230E-10 8.4837E-10 9.1121E-10
0.0000E+00 0.0000E+00 0.0000E+00 0.0000E+00 0.0000E+00 0.0000E+00 0.0000E+00 0.0000E+00 0.0000E+00 0.0000E+00 0.0000E+00 0.0000E+00 0.0000E+00 0.0000E+00 0.0000E+00 0.0000E+00 0.0000E+00 0.0000E+00 0.0000E+00 0.0000E+00 0.0000E+00 9.9521E-13 6.9473E-12 1.3493E-11 2.9617E-11 3.9516E-11 5.0248E-11 7.0694E-11 8.5837E-11 1.0723E-10 1.1945E-10 1.3340E-10 1.4832E-10 1.6278E-10 1.7889E-10 1.9547E-10 2.1373E-10 2.3355E-10 2.5068E-10 2.7134E-10 2.9090E-10 3.1216E-10 3.3443E-10 3.5809E-10 3.8295E-10 4.0939E-10 4.3729E-10 4.7192E-10 5.0471E-10 5.4905E-10 5.8687E-10 6.3692E-10 6.8097E-10 7.3383E-10 7.9015E-10 8.4623E-10 9.1005E-10
0.0000E+00 0.0000E+00 0.0000E+00 0.0000E+00 0.0000E+00 0.0000E+00 0.0000E+00 0.0000E+00 0.0000E+00 0.0000E+00 0.0000E+00 0.0000E+00 0.0000E+00 0.0000E+00 0.0000E+00 0.0000E+00 0.0000E+00 0.0000E+00 0.0000E+00 0.0000E+00 0.0000E+00 0.0000E+00 3.1426E-12 1.2243E-11 2.5345E-11 3.6551E-11 4.8328E-11 6.8510E-11 8.2007E-11 1.0142E-10 1.1752E-10 1.2971E-10 1.4613E-10 1.6036E-10 1.7625E-10 1.9261E-10 2.1056E-10 2.3016E-10 2.4704E-10 2.6731E-10 2.8666E-10 3.0764E-10 3.2937E-10 3.5287E-10 3.7732E-10 4.0338E-10 4.3088E-10 4.6574E-10 4.9825E-10 5.4294E-10 5.8119E-10 6.3170E-10 6.7596E-10 7.2955E-10 7.8622E-10 8.4302E-10 9.0762E-10
0.0000E+00 0.0000E+00 0.0000E+00 0.0000E+00 0.0000E+00 0.0000E+00 0.0000E+00 0.0000E+00 0.0000E+00 0.0000E+00 0.0000E+00 0.0000E+00 0.0000E+00 0.0000E+00 0.0000E+00 0.0000E+00 0.0000E+00 0.0000E+00 0.0000E+00 0.0000E+00 0.0000E+00 0.0000E+00 2.0434E-12 1.2012E-11 1.8014E-11 3.5919E-11 4.5369E-11 6.3278E-11 7.9468E-11 9.9699E-11 1.1539E-10 1.2740E-10 1.4368E-10 1.5770E-10 1.7332E-10 1.8937E-10 2.0708E-10 2.2637E-10 2.4285E-10 2.6287E-10 2.8186E-10 3.0235E-10 3.2382E-10 3.4693E-10 3.7076E-10 3.9663E-10 4.2359E-10 4.5855E-10 4.9075E-10 5.3586E-10 5.7418E-10 6.2535E-10 6.7000E-10 7.2373E-10 7.8128E-10 8.3809E-10 9.0391E-10
0.0000E+00 0.0000E+00 0.0000E+00 0.0000E+00 0.0000E+00 0.0000E+00 0.0000E+00 0.0000E+00 0.0000E+00 0.0000E+00 0.0000E+00 0.0000E+00 0.0000E+00 0.0000E+00 0.0000E+00 0.0000E+00 0.0000E+00 0.0000E+00 0.0000E+00 0.0000E+00 0.0000E+00 0.0000E+00 9.9977E-13 7.0777E-12 1.7670E-11 3.0348E-11 4.4469E-11 6.1022E-11 7.7924E-11 9.7815E-11 1.1310E-10 1.2462E-10 1.4104E-10 1.5476E-10 1.7006E-10 1.8586E-10 2.0318E-10 2.2209E-10 2.3832E-10 2.5786E-10 2.7642E-10 2.9661E-10 3.1755E-10 3.4011E-10 3.6363E-10 3.8904E-10 4.1534E-10 4.5062E-10 4.8247E-10 5.2811E-10 5.6643E-10 6.1791E-10 6.6289E-10 7.1686E-10 7.7482E-10 8.3213E-10 8.9844E-10
0.0000E+00 0.0000E+00 0.0000E+00 0.0000E+00 0.0000E+00 0.0000E+00 0.0000E+00 0.0000E+00 0.0000E+00 0.0000E+00 0.0000E+00 0.0000E+00 0.0000E+00 0.0000E+00 0.0000E+00 0.0000E+00 0.0000E+00 0.0000E+00 0.0000E+00 0.0000E+00 0.0000E+00 0.0000E+00 0.0000E+00 6.9175E-12 1.6249E-11 2.8723E-11 4.2466E-11 5.9690E-11 7.1087E-11 9.0274E-11 1.1060E-10 1.2164E-10 1.3667E-10 1.5153E-10 1.6658E-10 1.8193E-10 1.9889E-10 2.1753E-10 2.3318E-10 2.5231E-10 2.7058E-10 2.9009E-10 3.1055E-10 3.3276E-10 3.5567E-10 3.8055E-10 4.0645E-10 4.4188E-10 4.7316E-10 5.1931E-10 5.5746E-10 6.0934E-10 6.5439E-10 7.0845E-10 7.6673E-10 8.2421E-10 8.9128E-10
0.0000E+00 0.0000E+00 0.0000E+00 0.0000E+00 0.0000E+00 0.0000E+00 0.0000E+00 0.0000E+00 0.0000E+00 0.0000E+00 0.0000E+00 0.0000E+00 0.0000E+00 0.0000E+00 0.0000E+00 0.0000E+00 0.0000E+00 0.0000E+00 0.0000E+00 0.0000E+00 0.0000E+00 0.0000E+00 0.0000E+00 2.0129E-12 1.2074E-11 2.3158E-11 3.7536E-11 5.2265E-11 6.9417E-11 8.7014E-11 1.0798E-10 1.1857E-10 1.3177E-10 1.4810E-10 1.6266E-10 1.7768E-10 1.9433E-10 2.1233E-10 2.2762E-10 2.4642E-10 2.6394E-10 2.8299E-10 3.0309E-10 3.2455E-10 3.4697E-10 3.7141E-10 3.9680E-10 4.3216E-10 4.6287E-10 5.0949E-10 5.4729E-10 5.9974E-10 6.4474E-10 6.9865E-10 7.5753E-10 8.1503E-10 8.8286E-10
