Assets/Resources/2015_m01_d03_1600(utc+0800)_l00_csi_1hr_conc.grd
DSAA
         159         159
     -79.000      79.000
     -79.000      79.000
  0.0000E+00  0.8353E-05
[rows 50 to 74 of 159, columns 57 to 113 of 159]
1.7064E-10 1.7852E-10 1.8680E-10 1.9487E-10 2.0335E-10 2.1202E-10 2.2108E-10 2.2991E-10 2.3891E-10 2.4849E-10 2.5802E-10 2.6769E-10 2.7729E-10 2.8729E-10 2.9747E-10 3.0798E-10 3.1817E-10 3.2833E-10 3.3866E-10 3.4912E-10 3.5926E-10 3.6906E-10 3.7870E-10 3.8815E-10 3.9762E-10 4.0709E-10 4.1610E-10 4.2463E-10 4.3288E-10 4.4083E-10 4.4847E-10 4.5624E-10 4.6366E-10 4.7031E-10 4.7660E-10 4.8253E-10 4.8810E-10 4.9329E-10 4.9854E-10 5.0383E-10 5.0834E-10 5.1209E-10 5.1547E-10 5.1848E-10 5.2112E-10 5.2369E-10 5.2619E-10 5.2863E-10 5.3222E-10 5.3468E-10 5.3639E-10 5.3773E-10 5.3875E-10 5.3942E-10 5.3976E-10 5.3979E-10 5.3950E-10
1.7788E-10 1.8608E-10 1.9428E-10 2.0311E-10 2.1194E-10 2.2097E-10 2.2998E-10 2.3939E-10 2.4920E-10 2.5896E-10 2.6867E-10 2.7874E-10 2.8902E-10 2.9969E-10 3.1010E-10 3.2061E-10 3.3136E-10 3.4228E-10 3.5293E-10 3.6327E-10 3.7348E-10 3.8354E-10 3.9388E-10 4.0401E-10 4.1351E-10 4.2276E-10 4.3176E-10 4.4046E-10 4.4933E-10 4.5766E-10 4.6566E-10 4.7310E-10 4.8020E-10 4.8692E-10 4.9329E-10 5.0011E-10 5.0654E-10 5.1181E-10 5.1670E-10 5.2120E-10 5.2533E-10 5.2906E-10 5.3240E-10 5.3622E-10 5.3986E-10 5.4264E-10 5.4535E-10 5.4795E-10 5.5031E-10 5.5228E-10 5.5388E-10 5.5513E-10 5.5601E-10 5.5655E-10 5.5720E-10 5.5833E-10 5.5791E-10
1.8510E-10 1.9363E-10 2.0259E-10 2.1157E-10 2.2055E-10 2.2995E-10 2.3976E-10 2.4956E-10 2.5933E-10 2.6927E-10 2.7982E-10 2.9056E-10 3.0109E-10 3.1180E-10 3.2285E-10 3.3417E-10 3.4526E-10 3.5609E-10 3.6683E-10 3.7768E-10 3.8840E-10 3.9918E-10 4.0934E-10 4.1929E-10 4.2901E-10 4.3869E-10 4.4832E-10 4.5745E-10 4.6604E-10 4.7430E-10 4.8221E-10 4.8977E-10 4.9779E-10 5.0543E-10 5.1191E-10 5.1799E-10 5.2369E-10 5.2900E-10 5.3390E-10 5.3926E-10 5.4420E-10 5.4795E-10 5.5131E-10 5.5442E-10 5.5747E-10 5.6043E-10 5.6330E-10 5.6595E-10 5.6908E-10 5.7179E-10 5.7332E-10 5.7447E-10 5.7526E-10 5.7570E-10 5.7579E-10 5.7554E-10 5.7498E-10
1.9271E-10 2.0179E-10 2.1069E-10 2.1981E-10 2.2959E-10 2.3958E-10 2.4936E-10 2.5933E-10 2.6994E-10 2.8051E-10 2.9128E-10 3.0208E-10 3.1329E-10 3.2487E-10 3.3633E-10 3.4758E-10 3.5879E-10 3.7016E-10 3.8165E-10 3.9281E-10 4.0360E-10 4.1422E-10 4.2462E-10 4.3504E-10 4.4543E-10 4.5533E-10 4.6473E-10 4.7380E-10 4.8255E-10 4.9137E-10 5.0024E-10 5.0835E-10 5.1568E-10 5.2262E-10 5.2917E-10 5.3574E-10 5.4232E-10 5.4809E-10 5.5306E-10 5.5761E-10 5.6176E-10 5.6549E-10 5.6890E-10 5.7266E-10 5.7675E-10 5.8034E-10 5.8336E-10 5.8598E-10 5.8818E-10 5.8999E-10 5.9141E-10 5.9243E-10 5.9310E-10 5.9340E-10 5.9334E-10 5.9295E-10 5.9266E-10
2.0051E-10 2.0952E-10 2.1899E-10 2.2891E-10 2.3886E-10 2.4881E-10 2.5920E-10 2.7001E-10 2.8081E-10 2.9160E-10 3.0286E-10 3.1435E-10 3.2623E-10 3.3782E-10 3.4943E-10 3.6124E-10 3.7323E-10 3.8492E-10 3.9630E-10 4.0753E-10 4.1861E-10 4.2994E-10 4.4083E-10 4.5149E-10 4.6167E-10 4.7156E-10 4.8155E-10 4.9123E-10 5.0096E-10 5.0955E-10 5.1776E-10 5.2558E-10 5.3343E-10 5.4090E-10 5.4836E-10 5.5461E-10 5.6044E-10 5.6585E-10 5.7083E-10 5.7582E-10 5.8039E-10 5.8497E-10 5.8866E-10 5.9225E-10 5.9574E-10 5.9910E-10 6.0206E-10 6.0458E-10 6.0669E-10 6.0840E-10 6.1057E-10 6.1235E-10 6.1291E-10 6.1308E-10 6.1291E-10 6.1238E-10 6.1151E-10
2.0806E-10 2.1787E-10 2.2792E-10 2.3780E-10 2.4791E-10 2.5870E-10 2.6971E-10 2.8051E-10 2.9152E-10 3.0324E-10 3.1520E-10 3.2694E-10 3.3885E-10 3.5103E-10 3.6321E-10 3.7559E-10 3.8749E-10 3.9929E-10 4.1096E-10 4.2295E-10 4.3474E-10 4.4592E-10 4.5685E-10 4.6752E-10 4.7833E-10 4.8925E-10 4.9946E-10 5.0893E-10 5.1803E-10 5.2676E-10 5.3594E-10 5.4472E-10 5.5230E-10 5.5946E-10 5.6620E-10 5.7251E-10 5.7881E-10 5.8511E-10 5.9056E-10 5.9516E-10 5.9934E-10 6.0336E-10 6.0729E-10 6.1110E-10 6.1477E-10 6.1854E-10 6.2229E-10 6.2518E-10 6.2724E-10 6.2886E-10 6.3007E-10 6.3088E-10 6.3129E-10 6.3133E-10 6.3100E-10 6.3031E-10 6.2928E-10
2.1645E-10 2.2641E-10 2.3642E-10 2.4690E-10 2.5784E-10 2.6882E-10 2.7982E-10 2.9126E-10 3.0319E-10 3.1519E-10 3.2721E-10 3.3941E-10 3.5215E-10 3.6492E-10 3.7725E-10 3.8954E-10 4.0176E-10 4.1433E-10 4.2676E-10 4.3861E-10 4.5026E-10 4.6168E-10 4.7369E-10 4.8503E-10 4.9608E-10 5.0642E-10 5.1642E-10 5.2648E-10 5.3658E-10 5.4589E-10 5.5441E-10 5.6252E-10 5.7019E-10 5.7787E-10 5.8512E-10 5.9235E-10 5.9832E-10 6.0384E-10 6.0891E-10 6.1352E-10 6.1790E-10 6.2262E-10 6.2765E-10 6.3211E-10 6.3587E-10 6.3917E-10 6.4199E-10 6.4438E-10 6.4632E-10 6.4783E-10 6.4893E-10 6.4960E-10 6.4988E-10 6.5111E-10 6.5106E-10 6.5024E-10 6.4906E-10
2.2459E-10 2.3471E-10 2.4554E-10 2.5663E-10 2.6756E-10 2.7895E-10 2.9059E-10 3.0273E-10 3.1474E-10 3.2701E-10 3.3971E-10 3.5278E-10 3.6569E-10 3.7839E-10 3.9108E-10 4.0416E-10 4.1694E-10 4.2961E-10 4.4192E-10 4.5405E-10 4.6680E-10 4.7892E-10 4.9080E-10 5.0199E-10 5.1287E-10 5.2383E-10 5.3487E-10 5.4512E-10 5.5459E-10 5.6366E-10 5.7230E-10 5.8138E-10 5.8961E-10 5.9740E-10 6.0434E-10 6.1082E-10 6.1683E-10 6.2238E-10 6.2791E-10 6.3356E-10 6.3867E-10 6.4324E-10 6.4766E-10 6.5183E-10 6.5554E-10 6.5875E-10 6.6150E-10 6.6379E-10 6.6652E-10 6.6881E-10 6.6980E-10 6.7037E-10 6.7055E-10 6.7030E-10 6.6968E-10 6.6869E-10 6.6733E-10
2.3290E-10 2.4384E-10 2.5485E-10 2.6593E-10 2.7749E-10 2.8953E-10 3.0163E-10 3.1384E-10 3.2657E-10 3.3954E-10 3.5292E-10 3.6595E-10 3.7901E-10 3.9230E-10 4.0579E-10 4.1901E-10 4.3191E-10 4.4468E-10 4.5770E-10 4.7096E-10 4.8361E-10 4.9561E-10 5.0734E-10 5.1960E-10 5.3114E-10 5.4233E-10 5.5275E-10 5.6279E-10 5.7284E-10 5.8249E-10 5.9213E-10 6.0053E-10 6.0846E-10 6.1594E-10 6.2295E-10 6.2993E-10 6.3688E-10 6.4292E-10 6.4815E-10 6.5324E-10 6.5821E-10 6.6302E-10 6.6764E-10 6.7178E-10 6.7630E-10 6.8033E-10 6.8304E-10 6.8526E-10 6.8703E-10 6.8834E-10 6.8920E-10 6.8964E-10 6.8965E-10 6.8925E-10 6.8847E-10 6.8730E-10 6.8692E-10
2.4182E-10 2.5273E-10 2.6393E-10 2.7586E-10 2.8806E-10 3.0011E-10 3.1251E-10 3.2567E-10 3.3889E-10 3.5235E-10 3.6569E-10 3.7932E-10 3.9299E-10 4.0687E-10 4.2029E-10 4.3362E-10 4.4727E-10 4.6119E-10 4.7455E-10 4.8731E-10 4.9984E-10 5.1295E-10 5.2536E-10 5.3748E-10 5.4884E-10 5.5983E-10 5.7088E-10 5.8195E-10 5.9219E-10 6.0160E-10 6.1057E-10 6.1908E-10 6.2712E-10 6.3557E-10 6.4354E-10 6.5020E-10 6.5637E-10 6.6205E-10 6.6758E-10 6.7298E-10 6.7821E-10 6.8417E-10 6.8966E-10 6.9378E-10 6.9738E-10 7.0049E-10 7.0309E-10 7.0522E-10 7.0687E-10 7.0804E-10 7.0878E-10 7.1022E-10 7.1122E-10 7.1072E-10 7.0980E-10 7.0851E-10 7.0683E-10
2.5028E-10 2.6180E-10 2.7385E-10 2.8599E-10 2.9820E-10 3.1098E-10 3.2434E-10 3.3778E-10 3.5128E-10 3.6492E-10 3.7911E-10 3.9313E-10 4.0718E-10 4.2100E-10 4.3517E-10 4.4928E-10 4.6367E-10 4.7714E-10 4.9041E-10 5.0389E-10 5.1755E-10 5.3053E-10 5.4281E-10 5.5475E-10 5.6676E-10 5.7883E-10 5.9009E-10 6.0053E-10 6.1054E-10 6.2010E-10 6.2964E-10 6.3915E-10 6.4777E-10 6.5549E-10 6.6272E-10 6.6944E-10 6.7567E-10 6.8166E-10 6.8841E-10 6.9498E-10 7.0051E-10 7.0564E-10 7.1023E-10 7.1428E-10 7.1782E-10 7.2083E-10 7.2334E-10 7.2653E-10 7.2919E-10 7.3030E-10 7.3095E-10 7.3113E-10 7.3090E-10 7.3022E-10 7.2914E-10 7.2767E-10 7.2580E-10
2.5933E-10 2.7127E-10 2.8353E-10 2.9588E-10 3.0903E-10 3.2234E-10 3.3599E-10 3.4972E-10 3.6387E-10 3.7837E-10 3.9273E-10 4.0693E-10 4.2112E-10 4.3613E-10 4.5069E-10 4.6516E-10 4.7910E-10 4.9330E-10 5.0773E-10 5.2152E-10 5.3467E-10 5.4752E-10 5.6047E-10 5.7351E-10 5.8577E-10 5.9724E-10 6.0829E-10 6.1891E-10 6.2953E-10 6.4013E-10 6.4984E-10 6.5865E-10 6.6698E-10 6.7479E-10 6.8210E-10 6.8935E-10 6.9674E-10 7.0353E-10 7.0973E-10 7.1571E-10 7.2135E-10 7.2645E-10 7.3097E-10 7.3555E-10 7.4017E-10 7.4370E-10 7.4618E-10 7.4813E-10 7.4960E-10 7.5058E-10 7.5107E-10 7.5112E-10 7.5072E-10 7.4988E-10 7.4923E-10 7.4874E-10 7.4730E-10
2.6854E-10 2.8069E-10 2.9316E-10 3.0644E-10 3.2011E-10 3.3373E-10 3.4766E-10 3.6230E-10 3.7687E-10 3.9156E-10 4.0610E-10 4.2109E-10 4.3650E-10 4.5149E-10 4.6601E-10 4.8043E-10 4.9555E-10 5.1050E-10 5.2445E-10 5.3815E-10 5.5199E-10 5.6555E-10 5.7920E-10 5.9167E-10 6.0375E-10 6.1543E-10 6.2712E-10 6.3881E-10 6.4963E-10 6.5956E-10 6.6901E-10 6.7795E-10 6.8637E-10 6.9521E-10 7.0351E-10 7.1055E-10 7.1742E-10 7.2411E-10 7.3059E-10 7.3677E-10 7.4298E-10 7.4918E-10 7.5427E-10 7.5827E-10 7.6171E-10 7.6461E-10 7.6698E-10 7.6882E-10 7.7017E-10 7.7101E-10 7.7256E-10 7.7362E-10 7.7310E-10 7.7216E-10 7.7078E-10 7.6899E-10 7.6681E-10
2.7749E-10 2.9028E-10 3.0365E-10 3.1723E-10 3.3100E-10 3.4534E-10 3.6000E-10 3.7506E-10 3.8983E-10 4.0469E-10 4.2046E-10 4.3626E-10 4.5127E-10 4.6623E-10 4.8154E-10 4.9716E-10 5.1222E-10 5.2670E-10 5.4095E-10 5.5580E-10 5.7037E-10 5.8381E-10 5.9689E-10 6.0960E-10 6.2236E-10 6.3513E-10 6.4706E-10 6.5811E-10 6.6868E-10 6.7877E-10 6.8881E-10 6.9835E-10 7.0782E-10 7.1591E-10 7.2349E-10 7.3089E-10 7.3810E-10 7.4568E-10 7.5302E-10 7.6036E-10 7.6602E-10 7.7109E-10 7.7560E-10 7.7951E-10 7.8288E-10 7.8569E-10 7.8854E-10 7.9147E-10 7.9330E-10 7.9407E-10 7.9435E-10 7.9413E-10 7.9347E-10 7.9236E-10 7.9080E-10 7.8884E-10 7.8646E-10
2.8703E-10 3.0026E-10 3.1394E-10 3.2784E-10 3.4234E-10 3.5743E-10 3.7252E-10 3.8756E-10 4.0314E-10 4.1924E-10 4.3502E-10 4.5042E-10 4.6623E-10 4.8199E-10 4.9809E-10 5.1326E-10 5.2826E-10 5.4391E-10 5.5892E-10 5.7368E-10 5.8772E-10 6.0142E-10 6.1520E-10 6.2903E-10 6.4204E-10 6.5422E-10 6.6593E-10 6.7717E-10 6.8838E-10 6.9953E-10 7.0975E-10 7.1903E-10 7.2777E-10 7.3597E-10 7.4393E-10 7.5228E-10 7.6100E-10 7.6890E-10 7.7575E-10 7.8198E-10 7.8760E-10 7.9265E-10 7.9707E-10 8.0211E-10 8.0601E-10 8.0934E-10 8.1157E-10 8.1325E-10 8.1440E-10 8.1504E-10 8.1517E-10 8.1481E-10 8.1399E-10 8.1269E-10 8.1220E-10 8.1125E-10 8.0873E-10
2.9671E-10 3.1025E-10 3.2425E-10 3.3912E-10 3.5437E-10 3.6946E-10 3.8475E-10 4.0103E-10 4.1705E-10 4.3317E-10 4.4895E-10 4.6517E-10 4.8179E-10 4.9795E-10 5.1360E-10 5.2955E-10 5.4533E-10 5.6132E-10 5.7626E-10 5.9089E-10 6.0565E-10 6.2008E-10 6.3457E-10 6.4783E-10 6.6067E-10 6.7305E-10 6.8543E-10 6.9777E-10 7.0918E-10 7.1968E-10 7.2963E-10 7.3905E-10 7.4791E-10 7.5763E-10 7.6713E-10 7.7533E-10 7.8325E-10 7.9071E-10 7.9755E-10 8.0375E-10 8.0996E-10 8.1613E-10 8.2113E-10 8.2500E-10 8.2825E-10 8.3094E-10 8.3307E-10 8.3462E-10 8.3566E-10 8.3676E-10 8.3737E-10 8.3808E-10 8.3714E-10 8.3575E-10 8.3391E-10 8.3162E-10 8.2892E-10
3.0617E-10 3.2024E-10 3.3521E-10 3.5061E-10 3.6590E-10 3.8141E-10 3.9796E-10 4.1468E-10 4.3073E-10 4.4685E-10 4.6388E-10 4.8091E-10 4.9712E-10 5.1325E-10 5.3012E-10 5.4644E-10 5.6258E-10 5.7809E-10 5.9332E-10 6.0914E-10 6.2421E-10 6.3894E-10 6.5287E-10 6.6638E-10 6.7990E-10 6.9298E-10 7.0603E-10 7.1773E-10 7.2893E-10 7.3958E-10 7.4969E-10 7.6043E-10 7.7076E-10 7.7979E-10 7.8858E-10 7.9709E-10 8.0520E-10 8.1327E-10 8.2070E-10 8.2809E-10 8.3373E-10 8.3874E-10 8.4314E-10 8.4691E-10 8.5009E-10 8.5269E-10 8.5530E-10 8.5798E-10 8.5952E-10 8.5995E-10 8.5987E-10 8.5927E-10 8.5818E-10 8.5663E-10 8.5460E-10 8.5214E-10 8.4926E-10
3.1605E-10 3.3110E-10 3.4638E-10 3.6184E-10 3.7797E-10 3.9475E-10 4.1134E-10 4.2768E-10 4.4456E-10 4.6195E-10 4.7898E-10 4.9560E-10 5.1261E-10 5.2956E-10 5.4681E-10 5.6309E-10 5.7915E-10 5.9542E-10 6.1186E-10 6.2757E-10 6.4254E-10 6.5713E-10 6.7131E-10 6.8599E-10 7.0021E-10 7.1312E-10 7.2554E-10 7.3745E-10 7.4882E-10 7.6084E-10 7.7229E-10 7.8218E-10 7.9183E-10 8.0124E-10 8.1037E-10 8.1975E-10 8.2909E-10 8.3720E-10 8.4411E-10 8.5037E-10 8.5597E-10 8.6094E-10 8.6526E-10 8.6958E-10 8.7391E-10 8.7704E-10 8.7903E-10 8.8044E-10 8.8127E-10 8.8158E-10 8.8135E-10 8.8060E-10 8.7936E-10 8.7826E-10 8.7731E-10 8.7533E-10 8.7231E-10
3.2635E-10 3.4171E-10 3.5730E-10 3.7361E-10 3.9060E-10 4.0743E-10 4.2404E-10 4.4165E-10 4.5897E-10 4.7637E-10 4.9340E-10 5.1085E-10 5.2869E-10 5.4603E-10 5.6283E-10 5.7945E-10 5.9674E-10 6.1378E-10 6.2972E-10 6.4533E-10 6.6058E-10 6.7591E-10 6.9128E-10 7.0580E-10 7.1943E-10 7.3258E-10 7.4522E-10 7.5850E-10 7.7125E-10 7.8236E-10 7.9292E-10 8.0324E-10 8.1330E-10 8.2369E-10 8.3435E-10 8.4383E-10 8.5207E-10 8.5964E-10 8.6655E-10 8.7277E-10 8.7895E-10 8.8450E-10 8.8999E-10 8.9371E-10 8.9680E-10 8.9927E-10 9.0116E-10 9.0244E-10 9.0317E-10 9.0397E-10 9.0482E-10 9.0459E-10 9.0325E-10 9.0142E-10 8.9914E-10 8.9638E-10 8.9320E-10
3.3663E-10 3.5231E-10 3.6917E-10 3.8633E-10 4.0297E-10 4.1983E-10 4.3772E-10 4.5575E-10 4.7311E-10 4.9051E-10 5.0881E-10 5.2709E-10 5.4450E-10 5.6181E-10 5.7941E-10 5.9726E-10 6.1449E-10 6.3104E-10 6.4729E-10 6.6365E-10 6.7967E-10 6.9575E-10 7.1056E-10 7.2492E-10 7.3880E-10 7.5277E-10 7.6683E-10 7.7980E-10 7.9168E-10 8.0299E-10 8.1399E-10 8.2534E-10 8.3699E-10 8.4776E-10 8.5741E-10 8.6636E-10 8.7462E-10 8.8220E-10 8.9030E-10 8.9715E-10 9.0335E-10 9.0828E-10 9.1258E-10 9.1623E-10 9.1923E-10 9.2163E-10 9.2402E-10 9.2646E-10 9.2773E-10 9.2783E-10 9.2740E-10 9.2643E-10 9.2494E-10 9.2296E-10 9.2050E-10 9.1810E-10 9.1581E-10
3.4688E-10 3.6386E-10 3.8117E-10 3.9799E-10 4.1548E-10 4.3360E-10 4.5153E-10 4.6919E-10 4.8738E-10 5.0605E-10 5.2435E-10 5.4222E-10 5.6001E-10 5.7857E-10 5.9656E-10 6.1437E-10 6.3153E-10 6.4841E-10 6.6544E-10 6.8259E-10 6.9894E-10 7.1446E-10 7.2955E-10 7.4476E-10 7.6006E-10 7.7433E-10 7.8754E-10 8.0019E-10 8.1228E-10 8.2458E-10 8.3723E-10 8.4902E-10 8.5992E-10 8.7032E-10 8.8002E-10 8.8899E-10 8.9851E-10 9.0731E-10 9.1428E-10 9.2057E-10 9.2614E-10 9.3105E-10 9.3529E-10 9.3948E-10 9.4366E-10 9.4661E-10 9.4837E-10 9.4954E-10 9.5009E-10 9.5008E-10 9.4952E-10 9.4892E-10 9.4831E-10 9.4671E-10 9.4413E-10 9.4114E-10 9.3773E-10
3.5809E-10 3.7552E-10 3.9249E-10 4.1016E-10 4.2851E-10 4.4669E-10 4.6464E-10 4.8315E-10 5.0219E-10 5.2089E-10 5.3919E-10 5.5744E-10 5.7651E-10 5.9546E-10 6.1342E-10 6.3117E-10 6.4866E-10 6.6680E-10 6.8462E-10 7.0125E-10 7.1748E-10 7.3329E-10 7.4984E-10 7.6591E-10 7.8042E-10 7.9441E-10 8.0785E-10 8.2133E-10 8.3495E-10 8.4776E-10 8.5972E-10 8.7134E-10 8.8251E-10 8.9298E-10 9.0394E-10 9.1420E-10 9.2260E-10 9.3027E-10 9.3724E-10 9.4349E-10 9.4904E-10 9.5516E-10 9.5999E-10 9.6418E-10 9.6712E-10 9.6941E-10 9.7109E-10 9.7213E-10 9.7310E-10 9.7401E-10 9.7384E-10 9.7266E-10 9.7095E-10 9.6872E-10 9.6603E-10 9.6291E-10 9.6041E-10
3.6941E-10 3.8649E-10 4.0431E-10 4.2286E-10 4.4126E-10 4.5946E-10 4.7869E-10 4.9765E-10 5.1672E-10 5.3541E-10 5.5455E-10 5.7409E-10 5.9313E-10 6.1164E-10 6.2996E-10 6.4851E-10 6.6728E-10 6.8534E-10 7.0264E-10 7.1958E-10 7.3671E-10 7.5400E-10 7.7031E-10 7.8560E-10 8.0038E-10 8.1462E-10 8.2952E-10 8.4389E-10 8.5690E-10 8.6960E-10 8.8197E-10 8.9392E-10 9.0642E-10 9.1817E-10 9.2806E-10 9.3722E-10 9.4563E-10 9.5331E-10 9.6090E-10 9.6777E-10 9.7457E-10 9.7947E-10 9.8369E-10 9.8724E-10 9.9009E-10 9.9283E-10 9.9543E-10 9.9692E-10 9.9735E-10 9.9716E-10 9.9640E-10 9.9511E-10 9.9378E-10 9.9249E-10 9.9024E-10 9.8704E-10 9.8346E-10
3.8002E-10 3.9838E-10 4.1666E-10 4.3525E-10 4.5367E-10 4.7317E-10 4.9284E-10 5.1184E-10 5.3091E-10 5.5046E-10 5.7045E-10 5.8999E-10 6.0901E-10 6.2788E-10 6.4748E-10 6.6643E-10 6.8514E-10 7.0312E-10 7.2075E-10 7.3919E-10 7.5723E-10 7.7377E-10 7.8984E-10 8.0541E-10 8.2107E-10 8.3680E-10 8.5142E-10 8.6520E-10 8.7867E-10 8.9179E-10 9.0574E-10 9.1847E-10 9.3048E-10 9.4116E-10 9.5111E-10 9.6029E-10 9.6936E-10 9.7831E-10 9.8592E-10 9.9225E-10 9.9784E-10 1.0027E-09 1.0069E-09 1.0114E-09 1.0152E-09 1.0174E-09 1.0190E-09 1.0199E-09 1.0203E-09 1.0210E-09 1.0207E-09 1.0198E-09 1.0179E-09 1.0156E-09 1.0127E-09 1.0094E-09 1.0063E-09
3.9155E-10 4.0995E-10 4.2869E-10 4.4730E-10 4.6703E-10 4.8697E-10 5.0627E-10 5.2568E-10 5.4605E-10 5.6604E-10 5.8603E-10 6.0555E-10 6.2539E-10 6.4512E-10 6.6511E-10 6.8402E-10 7.0266E-10 7.2156E-10 7.4071E-10 7.5895E-10 7.7625E-10 7.9310E-10 8.1006E-10 8.2656E-10 8.4312E-10 8.5803E-10 8.7258E-10 8.8682E-10 9.0135E-10 9.1609E-10 9.2968E-10 9.4195E-10 9.5346E-10 9.6421E-10 9.7483E-10 9.8530E-10 9.9445E-10 1.0022E-09 1.0093E-09 1.0156E-09 1.0217E-09 1.0271E-09 1.0322E-09 1.0358E-09 1.0386E-09 1.0407E-09 1.0427E-09 1.0446E-09 1.0454E-09 1.0451E-09 1.0442E-09 1.0427E-09 1.0408E-09 1.0394E-09 1.0375E-09 1.0342E-09 1.0305E-09
