Assets/Resources/2015_m01_d17_1000(utc+0800)_l00_csi_1hr_conc.grd
DSAA
         159         159
     -79.000      79.000
     -79.000      79.000
  0.0000E+00  0.1304E-05
[rows 75 to 99 of 159, columns 57 to 113 of 159]
7.1314E-09 9.0082E-09 1.1327E-08 1.4105E-08 1.7488E-08 2.1628E-08 2.6763E-08 3.3430E-08 4.1706E-08 5.2519E-08 6.5825E-08 8.2856E-08 1.0334E-07 1.2588E-07 1.4367E-07 1.3993E-07 9.7028E-08 3.7144E-08 7.3271E-09 3.5873E-09 3.1968E-09 2.8377E-09 2.5130E-09 2.2289E-09 1.9844E-09 1.7731E-09 1.5849E-09 1.4225E-09 1.2846E-09 1.1636E-09 1.0667E-09 9.8559E-10 9.1985E-10 8.5626E-10 7.9518E-10 7.3423E-10 6.7389E-10 6.1521E-10 5.5896E-10 5.0533E-10 4.5547E-10 4.0933E-10 3.6801E-10 3.2952E-10 2.8665E-10 2.5384E-10 2.2291E-10 1.9170E-10 1.6462E-10 1.4281E-10 1.2081E-10 1.0070E-10 8.7124E-11 7.5611E-11 6.5304E-11 5.5195E-11 4.6267E-11
4.2389E-09 5.1981E-09 6.3431E-09 7.5973E-09 9.1273E-09 1.0902E-08 1.3093E-08 1.5930E-08 1.9524E-08 2.4684E-08 3.1999E-08 4.2325E-08 5.7977E-08 8.2253E-08 1.1765E-07 1.6865E-07 2.0504E-07 1.8647E-07 7.5606E-08 6.8559E-09 2.5250E-09 2.2603E-09 2.0243E-09 1.8157E-09 1.6301E-09 1.4618E-09 1.3145E-09 1.1888E-09 1.0790E-09 9.8152E-10 8.9757E-10 8.2490E-10 7.6544E-10 7.1409E-10 6.6611E-10 6.2366E-10 5.7263E-10 5.2356E-10 4.7732E-10 4.3228E-10 3.8925E-10 3.4995E-10 3.0829E-10 2.7263E-10 2.3772E-10 2.0684E-10 1.8383E-10 1.5681E-10 1.3425E-10 1.1357E-10 9.9087E-11 8.5810E-11 7.4495E-11 6.4035E-11 5.3772E-11 4.4421E-11 3.5578E-11
2.5187E-09 3.0010E-09 3.5060E-09 4.0644E-09 4.6211E-09 5.2410E-09 5.9330E-09 6.7233E-09 7.8790E-09 9.4031E-09 1.1835E-08 1.5496E-08 2.1537E-08 3.1448E-08 4.8812E-08 7.9593E-08 1.3791E-07 2.5249E-07 3.7945E-07 2.6050E-07 1.8153E-08 1.7982E-09 1.6291E-09 1.4713E-09 1.3260E-09 1.1969E-09 1.0856E-09 9.8848E-10 9.0144E-10 8.2672E-10 7.6158E-10 7.0373E-10 6.5238E-10 6.0349E-10 5.5376E-10 5.0676E-10 4.6245E-10 4.2443E-10 3.9583E-10 3.6253E-10 3.2364E-10 2.8807E-10 2.5171E-10 2.2011E-10 1.9521E-10 1.6991E-10 1.4635E-10 1.2805E-10 1.1145E-10 9.7379E-11 8.4350E-11 7.2552E-11 6.1184E-11 5.0815E-11 4.1479E-11 3.2824E-11 2.5629E-11
1.4741E-09 1.6687E-09 1.8536E-09 2.0288E-09 2.1889E-09 2.3560E-09 2.5265E-09 2.7458E-09 3.0268E-09 3.4835E-09 4.0418E-09 4.9610E-09 6.3159E-09 8.2824E-09 1.1469E-08 1.6533E-08 2.6928E-08 5.2822E-08 1.3886E-07 4.8123E-07 1.3045E-06 1.1579E-07 1.3018E-09 1.1798E-09 1.0712E-09 9.7547E-10 8.9208E-10 8.1702E-10 7.5202E-10 6.9586E-10 6.4431E-10 5.9858E-10 5.5479E-10 5.1057E-10 4.6826E-10 4.2664E-10 3.9089E-10 3.5563E-10 3.1906E-10 2.8709E-10 2.5710E-10 2.2881E-10 2.0273E-10 1.7958E-10 1.5848E-10 1.3809E-10 1.2255E-10 1.0873E-10 9.5346E-11 8.1992E-11 6.9975E-11 5.8577E-11 4.8238E-11 3.8711E-11 3.0173E-11 2.2841E-11 1.7043E-11
9.6165E-10 1.0843E-09 1.1926E-09 1.3093E-09 1.4177E-09 1.5165E-09 1.6172E-09 1.7032E-09 1.7877E-09 1.8695E-09 1.9613E-09 2.0944E-09 2.1930E-09 2.2663E-09 1.9851E-09 1.9145E-09 1.7668E-09 1.6535E-09 1.5130E-09 1.5248E-09 1.4732E-09 1.1700E-07 1.0280E-09 9.3967E-10 8.6197E-10 7.9017E-10 7.2861E-10 6.7357E-10 6.2650E-10 5.8290E-10 5.4241E-10 5.0411E-10 4.6509E-10 4.2667E-10 3.8988E-10 3.5400E-10 3.2050E-10 2.8778E-10 2.5834E-10 2.3350E-10 2.0951E-10 1.8496E-10 1.6769E-10 1.4823E-10 1.3289E-10 1.1841E-10 1.0516E-10 9.2538E-11 7.9981E-11 6.8161E-11 5.7353E-11 4.6981E-11 3.7700E-11 2.9140E-11 2.1804E-11 1.6434E-11 1.2289E-11
7.4178E-10 8.2448E-10 8.9586E-10 9.9274E-10 1.0664E-09 1.1533E-09 1.2213E-09 1.2837E-09 1.3384E-09 1.3754E-09 1.3996E-09 1.4099E-09 1.4062E-09 1.3888E-09 1.3577E-09 1.3083E-09 1.2484E-09 1.1809E-09 1.1068E-09 1.0283E-09 9.4985E-10 8.7433E-10 8.0665E-10 7.4521E-10 6.8791E-10 6.3883E-10 5.9597E-10 5.5637E-10 5.1896E-10 4.8474E-10 4.5238E-10 4.1825E-10 3.8206E-10 3.4692E-10 3.1622E-10 2.8579E-10 2.5807E-10 2.3400E-10 2.0980E-10 1.8995E-10 1.7098E-10 1.5534E-10 1.4094E-10 1.2675E-10 1.1320E-10 1.0060E-10 8.8784E-11 7.6948E-11 6.5873E-11 5.5186E-11 4.5199E-11 3.6367E-11 2.8201E-11 2.1066E-11 1.5916E-11 1.1852E-11 8.5905E-12
5.7055E-10 6.2765E-10 6.8881E-10 7.5209E-10 8.0345E-10 8.7005E-10 9.1924E-10 9.7060E-10 1.0138E-09 1.0448E-09 1.0700E-09 1.0821E-09 1.0763E-09 1.0585E-09 1.0283E-09 9.8717E-10 9.4037E-10 8.8774E-10 8.3245E-10 7.7773E-10 7.2539E-10 6.7548E-10 6.2999E-10 5.8841E-10 5.5323E-10 5.1934E-10 4.8910E-10 4.5927E-10 4.2818E-10 3.9878E-10 3.6752E-10 3.3430E-10 3.0603E-10 2.7796E-10 2.5038E-10 2.2792E-10 2.0801E-10 1.9159E-10 1.7547E-10 1.6013E-10 1.4599E-10 1.3276E-10 1.1974E-10 1.0723E-10 9.5489E-11 8.4446E-11 7.3519E-11 6.2875E-11 5.2659E-11 4.3245E-11 3.4710E-11 2.6786E-11 2.0080E-11 1.5333E-11 1.1353E-11 8.0237E-12 5.2324E-12
4.2243E-10 4.6899E-10 5.0672E-10 5.5462E-10 5.9800E-10 6.4154E-10 6.7596E-10 7.0845E-10 7.3818E-10 7.5437E-10 7.6450E-10 7.6814E-10 7.6501E-10 7.5531E-10 7.3986E-10 7.1546E-10 6.8650E-10 6.5485E-10 6.1934E-10 5.8320E-10 5.4932E-10 5.1508E-10 4.8624E-10 4.5964E-10 4.3569E-10 4.0797E-10 3.8373E-10 3.5924E-10 3.3602E-10 3.1233E-10 2.8850E-10 2.6635E-10 2.4577E-10 2.2671E-10 2.0817E-10 1.9166E-10 1.7675E-10 1.6233E-10 1.4863E-10 1.3592E-10 1.2399E-10 1.1207E-10 1.0059E-10 8.9713E-11 7.9436E-11 6.9094E-11 5.9074E-11 4.9746E-11 4.0671E-11 3.2514E-11 2.4886E-11 1.8471E-11 1.4062E-11 1.0396E-11 6.8484E-12 4.3775E-12 2.4130E-12
3.2457E-10 3.5122E-10 3.8303E-10 4.0838E-10 4.3849E-10 4.6283E-10 4.8785E-10 5.0951E-10 5.2589E-10 5.4035E-10 5.4832E-10 5.5215E-10 5.4934E-10 5.4291E-10 5.3404E-10 5.1967E-10 5.0328E-10 4.8300E-10 4.6244E-10 4.4549E-10 4.2713E-10 4.0870E-10 3.9012E-10 3.7268E-10 3.5364E-10 3.3530E-10 3.1652E-10 2.9693E-10 2.7664E-10 2.5677E-10 2.3832E-10 2.2106E-10 2.0440E-10 1.8881E-10 1.7463E-10 1.6154E-10 1.4873E-10 1.3676E-10 1.2550E-10 1.1473E-10 1.0389E-10 9.3434E-11 8.3470E-11 7.3951E-11 6.4196E-11 5.4633E-11 4.5519E-11 3.7032E-11 2.9190E-11 2.2372E-11 1.6242E-11 1.2054E-11 8.4021E-12 5.4474E-12 3.1875E-12 1.6708E-12 7.1223E-13
2.4648E-10 2.7115E-10 2.9220E-10 3.1207E-10 3.2972E-10 3.4701E-10 3.6224E-10 3.7545E-10 3.8755E-10 3.9673E-10 4.0359E-10 4.0773E-10 4.0543E-10 4.0320E-10 3.9748E-10 3.8875E-10 3.8224E-10 3.7292E-10 3.6111E-10 3.5230E-10 3.4211E-10 3.3166E-10 3.1934E-10 3.0542E-10 2.9083E-10 2.7512E-10 2.5842E-10 2.4138E-10 2.2560E-10 2.1068E-10 1.9638E-10 1.8217E-10 1.6927E-10 1.5738E-10 1.4612E-10 1.3497E-10 1.2460E-10 1.1477E-10 1.0509E-10 9.5285E-11 8.5841E-11 7.6763E-11 6.7719E-11 5.8418E-11 4.9226E-11 4.0420E-11 3.2300E-11 2.5073E-11 1.9019E-11 1.4074E-11 1.0020E-11 6.6423E-12 3.9221E-12 2.0194E-12 8.4955E-13 2.8249E-13 3.4569E-14
1.8710E-10 2.0756E-10 2.2301E-10 2.4116E-10 2.5635E-10 2.6801E-10 2.7897E-10 2.8757E-10 2.9396E-10 2.9884E-10 3.0456E-10 3.0583E-10 3.0707E-10 3.0698E-10 3.0531E-10 3.0376E-10 3.0239E-10 2.9958E-10 2.9536E-10 2.8903E-10 2.8077E-10 2.7081E-10 2.5992E-10 2.4785E-10 2.3455E-10 2.2110E-10 2.0824E-10 1.9604E-10 1.8409E-10 1.7186E-10 1.6061E-10 1.5030E-10 1.4067E-10 1.3082E-10 1.2139E-10 1.1254E-10 1.0403E-10 9.5224E-11 8.6416E-11 7.7857E-11 6.9474E-11 6.0921E-11 5.2218E-11 4.3554E-11 3.5264E-11 2.7667E-11 2.0991E-11 1.5406E-11 1.0936E-11 7.3042E-12 4.3475E-12 2.2080E-12 8.9320E-13 3.0201E-13 3.3316E-14 0.0000E+00 0.0000E+00
1.3358E-10 1.4352E-10 1.5946E-10 1.7047E-10 1.8488E-10 1.9303E-10 2.0436E-10 2.1489E-10 2.2290E-10 2.3002E-10 2.3615E-10 2.4119E-10 2.4509E-10 2.4779E-10 2.4927E-10 2.4953E-10 2.4799E-10 2.4456E-10 2.3933E-10 2.3241E-10 2.2451E-10 2.1553E-10 2.0611E-10 1.9639E-10 1.8684E-10 1.7767E-10 1.6792E-10 1.5810E-10 1.4887E-10 1.4038E-10 1.3236E-10 1.2401E-10 1.1578E-10 1.0807E-10 1.0066E-10 9.3107E-11 8.5270E-11 7.7558E-11 6.9895E-11 6.2024E-11 5.3620E-11 4.5009E-11 3.6591E-11 2.8918E-11 2.2132E-11 1.6350E-11 1.1574E-11 7.6421E-12 4.4622E-12 2.1405E-12 8.1764E-13 2.3906E-13 3.9789E-15 0.0000E+00 0.0000E+00 0.0000E+00 0.0000E+00
9.3811E-11 1.0438E-10 1.1501E-10 1.2621E-10 1.3794E-10 1.4612E-10 1.5967E-10 1.6770E-10 1.7695E-10 1.8328E-10 1.8965E-10 1.9474E-10 1.9799E-10 1.9874E-10 1.9794E-10 1.9592E-10 1.9283E-10 1.8941E-10 1.8552E-10 1.8083E-10 1.7548E-10 1.6959E-10 1.6310E-10 1.5596E-10 1.4859E-10 1.4141E-10 1.3453E-10 1.2819E-10 1.2178E-10 1.1496E-10 1.0818E-10 1.0166E-10 9.3604E-11 8.9078E-11 8.2236E-11 7.5278E-11 6.8248E-11 6.1093E-11 5.3432E-11 4.5279E-11 3.7041E-11 2.9293E-11 2.2359E-11 1.6368E-11 1.1299E-11 7.0888E-12 3.8958E-12 1.6689E-12 5.1008E-13 9.5637E-14 0.0000E+00 0.0000E+00 0.0000E+00 0.0000E+00 0.0000E+00 0.0000E+00 0.0000E+00
6.4399E-11 7.0484E-11 8.1971E-11 8.9737E-11 9.8788E-11 1.0708E-10 1.1470E-10 1.2159E-10 1.2793E-10 1.3489E-10 1.3950E-10 1.4472E-10 1.4755E-10 1.5012E-10 1.5171E-10 1.5208E-10 1.5102E-10 1.4843E-10 1.4149E-10 1.4026E-10 1.3610E-10 1.3182E-10 1.2745E-10 1.2306E-10 1.1882E-10 1.1426E-10 1.0922E-10 1.0401E-10 9.8705E-11 9.3486E-11 8.8465E-11 8.3117E-11 7.7369E-11 7.1362E-11 6.5204E-11 5.8843E-11 5.1725E-11 4.3836E-11 3.5713E-11 2.7952E-11 2.1021E-11 1.4984E-11 9.7047E-12 5.4191E-12 2.5099E-12 8.5016E-13 1.6901E-13 0.0000E+00 0.0000E+00 0.0000E+00 0.0000E+00 0.0000E+00 0.0000E+00 0.0000E+00 0.0000E+00 0.0000E+00 0.0000E+00
4.0498E-11 4.5916E-11 5.6561E-11 6.1264E-11 7.0396E-11 7.5778E-11 8.0712E-11 8.8079E-11 9.2441E-11 9.8096E-11 1.0130E-10 1.0469E-10 1.0768E-10 1.0901E-10 1.1076E-10 1.1093E-10 1.1104E-10 1.1143E-10 1.1098E-10 1.0967E-10 1.0766E-10 1.0495E-10 1.0188E-10 9.8772E-11 9.5380E-11 9.1764E-11 8.7971E-11 8.4115E-11 8.0087E-11 7.5696E-11 7.1052E-11 6.6052E-11 6.0742E-11 5.4872E-11 4.7957E-11 4.0180E-11 3.2153E-11 2.4495E-11 1.7525E-11 1.1086E-11 6.0530E-12 2.6834E-12 7.5968E-13 6.2220E-14 0.0000E+00 0.0000E+00 0.0000E+00 0.0000E+00 0.0000E+00 0.0000E+00 0.0000E+00 0.0000E+00 0.0000E+00 0.0000E+00 0.0000E+00 0.0000E+00 0.0000E+00
2.4204E-11 2.8444E-11 3.2387E-11 4.0177E-11 4.4129E-11 5.2094E-11 5.5847E-11 6.2020E-11 6.6233E-11 6.9551E-11 7.4216E-11 7.6678E-11 7.9899E-11 8.1822E-11 8.2952E-11 8.4617E-11 8.5459E-11 8.5519E-11 8.5479E-11 8.5079E-11 8.4086E-11 8.2827E-11 8.1232E-11 7.9044E-11 7.6341E-11 7.3382E-11 7.0289E-11 6.7046E-11 6.3456E-11 5.9360E-11 5.4665E-11 4.8623E-11 4.1363E-11 3.3096E-11 2.4322E-11 1.6102E-11 9.4217E-12 4.5949E-12 1.4528E-12 7.4828E-14 0.0000E+00 0.0000E+00 0.0000E+00 0.0000E+00 0.0000E+00 0.0000E+00 0.0000E+00 0.0000E+00 0.0000E+00 0.0000E+00 0.0000E+00 0.0000E+00 0.0000E+00 0.0000E+00 0.0000E+00 0.0000E+00 0.0000E+00
1.0905E-11 1.5306E-11 1.8245E-11 2.1670E-11 2.6339E-11 2.9122E-11 3.4760E-11 3.8913E-11 4.3436E-11 4.7503E-11 5.0473E-11 5.4085E-11 5.6439E-11 5.8782E-11 6.1092E-11 6.2393E-11 6.3590E-11 6.4451E-11 6.4414E-11 6.3586E-11 6.2567E-11 6.1263E-11 5.9824E-11 5.8328E-11 5.6730E-11 5.4612E-11 5.1765E-11 4.7138E-11 4.0713E-11 3.2951E-11 2.4326E-11 1.5910E-11 9.0157E-12 4.1737E-12 1.4220E-12 1.8822E-13 0.0000E+00 0.0000E+00 0.0000E+00 0.0000E+00 0.0000E+00 0.0000E+00 0.0000E+00 0.0000E+00 0.0000E+00 0.0000E+00 0.0000E+00 0.0000E+00 0.0000E+00 0.0000E+00 0.0000E+00 0.0000E+00 0.0000E+00 0.0000E+00 0.0000E+00 0.0000E+00 0.0000E+00
3.5277E-12 4.8845E-12 6.9703E-12 9.1836E-12 1.1312E-11 1.4352E-11 1.6808E-11 1.9703E-11 2.2813E-11 2.5881E-11 2.9133E-11 3.1754E-11 3.4243E-11 3.6359E-11 3.7907E-11 3.9179E-11 3.9995E-11 4.0393E-11 4.0766E-11 4.0778E-11 4.0344E-11 3.9247E-11 3.7159E-11 3.3549E-11 2.8409E-11 2.1946E-11 1.5355E-11 9.5336E-12 5.1254E-12 2.2435E-12 6.3033E-13 4.2714E-14 0.0000E+00 0.0000E+00 0.0000E+00 0.0000E+00 0.0000E+00 0.0000E+00 0.0000E+00 0.0000E+00 0.0000E+00 0.0000E+00 0.0000E+00 0.0000E+00 0.0000E+00 0.0000E+00 0.0000E+00 0.0000E+00 0.0000E+00 0.0000E+00 0.0000E+00 0.0000E+00 0.0000E+00 0.0000E+00 0.0000E+00 0.0000E+00 0.0000E+00
0.0000E+00 3.3528E-13 8.9403E-13 1.5998E-12 2.5281E-12 3.6232E-12 4.9122E-12 6.3245E-12 7.6304E-12 9.0825E-12 1.0513E-11 1.1900E-11 1.3198E-11 1.4393E-11 1.5230E-11 1.5660E-11 1.4989E-11 1.3679E-11 1.1916E-11 9.7716E-12 7.3178E-12 4.7038E-12 2.3454E-12 6.2264E-13 5.2952E-15 0.0000E+00 0.0000E+00 0.0000E+00 0.0000E+00 0.0000E+00 0.0000E+00 0.0000E+00 0.0000E+00 0.0000E+00 0.0000E+00 0.0000E+00 0.0000E+00 0.0000E+00 0.0000E+00 0.0000E+00 0.0000E+00 0.0000E+00 0.0000E+00 0.0000E+00 0.0000E+00 0.0000E+00 0.0000E+00 0.0000E+00 0.0000E+00 0.0000E+00 0.0000E+00 0.0000E+00 0.0000E+00 0.0000E+00 0.0000E+00 0.0000E+00 0.0000E+00
0.0000E+00 0.0000E+00 0.0000E+00 0.0000E+00 0.0000E+00 0.0000E+00 0.0000E+00 0.0000E+00 0.0000E+00 0.0000E+00 0.0000E+00 0.0000E+00 0.0000E+00 0.0000E+00 0.0000E+00 0.0000E+00 0.0000E+00 0.0000E+00 0.0000E+00 0.0000E+00 0.0000E+00 0.0000E+00 0.0000E+00 0.0000E+00 0.0000E+00 0.0000E+00 0.0000E+00 0.0000E+00 0.0000E+00 0.0000E+00 0.0000E+00 0.0000E+00 0.0000E+00 0.0000E+00 0.0000E+00 0.0000E+00 0.0000E+00 0.0000E+00 0.0000E+00 0.0000E+00 0.0000E+00 0.0000E+00 0.0000E+00 0.0000E+00 0.0000E+00 0.0000E+00 0.0000E+00 0.0000E+00 0.0000E+00 0.0000E+00 0.0000E+00 0.0000E+00 0.0000E+00 0.0000E+00 0.0000E+00 0.0000E+00 0.0000E+00
0.0000E+00 0.0000E+00 0.0000E+00 0.0000E+00 0.0000E+00 0.0000E+00 0.0000E+00 0.0000E+00 0.0000E+00 0.0000E+00 0.0000E+00 0.0000E+00 0.0000E+00 0.0000E+00 0.0000E+00 0.0000E+00 0.0000E+00 0.0000E+00 0.0000E+00 0.0000E+00 0.0000E+00 0.0000E+00 0.0000E+00 0.0000E+00 0.0000E+00 0.0000E+00 0.0000E+00 0.0000E+00 0.0000E+00 0.0000E+00 0.0000E+00 0.0000E+00 0.0000E+00 0.0000E+00 0.0000E+00 0.0000E+00 0.0000E+00 0.0000E+00 0.0000E+00 0.0000E+00 0.0000E+00 0.0000E+00 0.0000E+00 0.0000E+00 0.0000E+00 0.0000E+00 0.0000E+00 0.0000E+00 0.0000E+00 0.0000E+00 0.0000E+00 0.0000E+00 0.0000E+00 0.0000E+00 0.0000E+00 0.0000E+00 0.0000E+00
0.0000E+00 0.0000E+00 0.0000E+00 0.0000E+00 0.0000E+00 0.0000E+00 0.0000E+00 0.0000E+00 0.0000E+00 0.0000E+00 0.0000E+00 0.0000E+00 0.0000E+00 0.0000E+00 0.0000E+00 0.0000E+00 0.0000E+00 0.0000E+00 0.0000E+00 0.0000E+00 0.0000E+00 0.0000E+00 0.0000E+00 0.0000E+00 0.0000E+00 0.0000E+00 0.0000E+00 0.0000E+00 0.0000E+00 0.0000E+00 0.0000E+00 0.0000E+00 0.0000E+00 0.0000E+00 0.0000E+00 0.0000E+00 0.0000E+00 0.0000E+00 0.0000E+00 0.0000E+00 0.0000E+00 0.0000E+00 0.0000E+00 0.0000E+00 0.0000E+00 0.0000E+00 0.0000E+00 0.0000E+00 0.0000E+00 0.0000E+00 0.0000E+00 0.0000E+00 0.0000E+00 0.0000E+00 0.0000E+00 0.0000E+00 0.0000E+00
0.0000E+00 0.0000E+00 0.0000E+00 0.0000E+00 0.0000E+00 0.0000E+00 0.0000E+00 0.0000E+00 0.0000E+00 0.0000E+00 0.0000E+00 0.0000E+00 0.0000E+00 0.0000E+00 0.0000E+00 0.0000E+00 0.0000E+00 0.0000E+00 0.0000E+00 0.0000E+00 0.0000E+00 0.0000E+00 0.0000E+00 0.0000E+00 0.0000E+00 0.0000E+00 0.0000E+00 0.0000E+00 0.0000E+00 0.0000E+00 0.0000E+00 0.0000E+00 0.0000E+00 0.0000E+00 0.0000E+00 0.0000E+00 0.0000E+00 0.0000E+00 0.0000E+00 0.0000E+00 0.0000E+00 0.0000E+00 0.0000E+00 0.0000E+00 0.0000E+00 0.0000E+00 0.0000E+00 0.0000E+00 0.0000E+00 0.0000E+00 0.0000E+00 0.0000E+00 0.0000E+00 0.0000E+00 0.0000E+00 0.0000E+00 0.0000E+00
0.0000E+00 0.0000E+00 0.0000E+00 0.0000E+00 0.0000E+00 0.0000E+00 0.0000E+00 0.0000E+00 0.0000E+00 0.0000E+00 0.0000E+00 0.0000E+00 0.0000E+00 0.0000E+00 0.0000E+00 0.0000E+00 0.0000E+00 0.0000E+00 0.0000E+00 0.0000E+00 0.0000E+00 0.0000E+00 0.0000E+00 0.0000E+00 0.0000E+00 0.0000E+00 0.0000E+00 0.0000E+00 0.0000E+00 0.0000E+00 0.0000E+00 0.0000E+00 0.0000E+00 0.0000E+00 0.0000E+00 0.0000E+00 0.0000E+00 0.0000E+00 0.0000E+00 0.0000E+00 0.0000E+00 0.0000E+00 0.0000E+00 0.0000E+00 0.0000E+00 0.0000E+00 0.0000E+00 0.0000E+00 0.0000E+00 0.0000E+00 0.0000E+00 0.0000E+00 0.0000E+00 0.0000E+00 0.0000E+00 0.0000E+00 0.0000E+00
0.0000E+00 0.0000E+00 0.0000E+00 0.0000E+00 0.0000E+00 0.0000E+00 0.0000E+00 0.0000E+00 0.0000E+00 0.0000E+00 0.0000E+00 0.0000E+00 0.0000E+00 0.0000E+00 0.0000E+00 0.0000E+00 0.0000E+00 0.0000E+00 0.0000E+00 0.0000E+00 0.0000E+00 0.0000E+00 0.0000E+00 0.0000E+00 0.0000E+00 0.0000E+00 0.0000E+00 0.0000E+00 0.0000E+00 0.0000E+00 0.0000E+00 0.0000E+00 0.0000E+00 0.0000E+00 0.0000E+00 0.0000E+00 0.0000E+00 0.0000E+00 0.0000E+00 0.0000E+00 0.0000E+00 0.0000E+00 0.0000E+00 0.0000E+00 0.0000E+00 0.0000E+00 0.0000E+00 0.0000E+00 0.0000E+00 0.0000E+00 0.0000E+00 0.0000E+00 0.0000E+00 0.0000E+00 0.0000E+00 0.0000E+00 0.0000E+00
