Assets/Resources/2015_m01_d03_0000(utc+0800)_l00_csi_1hr_conc.grd
DSAA
         159         159
     -79.000      79.000
     -79.000      79.000
  0.0000E+00  0.2059E-04
[rows 50 to 74 of 159, columns 0 to 56 of 159]
2.6864E-11 3.9852E-11 4.7249E-11 5.4434E-11 6.2395E-11 7.1257E-11 8.1027E-11 9.1835E-11 1.0446E-10 1.1673E-10 1.3172E-10 1.4650E-10 1.6591E-10 1.8534E-10 2.0657E-10 2.2837E-10 2.5439E-10 2.8178E-10 3.0917E-10 3.3962E-10 3.7404E-10 4.0887E-10 4.4523E-10 4.8650E-10 5.3037E-10 5.7447E-10 6.2262E-10 6.7328E-10 7.2781E-10 7.8270E-10 8.4305E-10 9.0418E-10 9.6904E-10 1.0349E-09 1.1058E-09 1.1795E-09 1.2535E-09 1.3298E-09 1.4140E-09 2.3017E-09 3.6682E-09 5.1093E-09 6.5241E-09 7.6372E-09 8.5803E-09 9.1696E-09 9.3325E-09 9.0455E-09 8.5432E-09 8.0541E-09 7.6132E-09 7.2344E-09 7.0083E-09 6.8550E-09 6.8098E-09 6.7805E-09 6.7182E-09
2.1271E-11 3.3741E-11 4.3989E-11 5.0749E-11 5.8303E-11 6.7441E-11 7.5919E-11 8.6897E-11 9.7353E-11 1.1043E-10 1.2314E-10 1.3916E-10 1.5567E-10 1.7574E-10 1.9439E-10 2.1759E-10 2.4000E-10 2.6768E-10 2.9381E-10 3.2417E-10 3.5684E-10 3.8959E-10 4.2596E-10 4.6494E-10 5.0679E-10 5.4928E-10 5.9693E-10 6.4739E-10 6.9813E-10 7.5147E-10 8.1042E-10 8.7172E-10 9.3365E-10 9.9858E-10 1.0683E-09 1.1408E-09 1.2139E-09 1.2920E-09 1.3758E-09 2.0495E-09 3.3381E-09 4.9841E-09 6.3819E-09 7.4232E-09 8.4262E-09 9.1286E-09 9.3882E-09 9.2058E-09 8.7665E-09 8.2920E-09 7.8438E-09 7.4594E-09 7.2227E-09 7.0552E-09 7.0323E-09 7.0126E-09 6.9732E-09
1.7306E-11 2.6794E-11 3.8647E-11 4.7190E-11 5.5095E-11 6.2195E-11 7.1716E-11 8.0560E-11 9.1942E-11 1.0279E-10 1.1628E-10 1.3078E-10 1.4715E-10 1.6484E-10 1.8397E-10 2.0490E-10 2.2808E-10 2.5249E-10 2.7875E-10 3.0792E-10 3.3936E-10 3.7069E-10 4.0664E-10 4.4505E-10 4.8367E-10 5.2504E-10 5.7082E-10 6.1987E-10 6.6903E-10 7.2353E-10 7.7889E-10 8.3846E-10 8.9900E-10 9.6478E-10 1.0336E-09 1.1031E-09 1.1752E-09 1.2530E-09 1.3371E-09 1.7768E-09 3.0753E-09 4.7311E-09 6.1463E-09 7.3354E-09 8.3077E-09 9.0288E-09 9.3690E-09 9.2873E-09 8.9535E-09 8.5123E-09 8.0394E-09 7.6886E-09 7.4442E-09 7.2855E-09 7.2681E-09 7.2588E-09 7.2505E-09
1.3748E-11 2.1043E-11 3.3513E-11 4.2534E-11 5.0417E-11 5.8657E-11 6.6865E-11 7.5953E-11 8.5919E-11 9.6887E-11 1.0885E-10 1.2363E-10 1.3799E-10 1.5572E-10 1.7235E-10 1.9378E-10 2.1554E-10 2.3912E-10 2.6322E-10 2.9331E-10 3.2227E-10 3.5222E-10 3.8686E-10 4.2395E-10 4.6106E-10 5.0297E-10 5.4674E-10 5.9297E-10 6.4058E-10 6.9387E-10 7.4953E-10 8.0597E-10 8.6539E-10 9.2993E-10 9.9775E-10 1.0662E-09 1.1402E-09 1.2173E-09 1.2990E-09 1.4202E-09 2.7901E-09 4.3609E-09 5.7739E-09 7.0822E-09 8.0821E-09 8.8642E-09 9.2628E-09 9.3077E-09 9.0973E-09 8.7033E-09 8.2645E-09 7.9213E-09 7.6669E-09 7.5247E-09 7.5155E-09 7.5250E-09 7.5366E-09
1.1421E-11 1.8069E-11 2.7549E-11 3.7111E-11 4.6494E-11 5.4448E-11 6.2195E-11 7.0710E-11 8.0113E-11 9.0397E-11 1.0168E-10 1.1571E-10 1.3074E-10 1.4537E-10 1.6304E-10 1.8152E-10 2.0402E-10 2.2470E-10 2.5025E-10 2.7754E-10 3.0490E-10 3.3536E-10 3.6820E-10 4.0337E-10 4.3901E-10 4.7971E-10 5.2314E-10 5.6673E-10 6.1417E-10 6.6485E-10 7.1924E-10 7.7430E-10 8.3469E-10 8.9827E-10 9.6285E-10 1.0304E-09 1.1038E-09 1.1806E-09 1.2622E-09 1.3457E-09 2.4174E-09 3.9101E-09 5.4448E-09 6.7219E-09 7.7243E-09 8.5966E-09 9.1019E-09 9.2765E-09 9.1741E-09 8.8563E-09 8.4781E-09 8.1482E-09 7.8839E-09 7.7689E-09 7.7791E-09 7.7515E-09 7.8388E-09
9.1690E-12 1.4381E-11 2.1722E-11 3.0830E-11 4.0727E-11 4.9411E-11 5.7651E-11 6.5674E-11 7.4468E-11 8.4154E-11 9.4767E-11 1.0808E-10 1.2258E-10 1.3687E-10 1.5279E-10 1.7113E-10 1.9115E-10 2.1217E-10 2.3570E-10 2.6201E-10 2.8809E-10 3.1851E-10 3.5098E-10 3.8335E-10 4.1802E-10 4.5695E-10 4.9908E-10 5.4121E-10 5.8884E-10 6.3814E-10 6.8978E-10 7.4349E-10 8.0280E-10 8.6542E-10 9.2893E-10 9.9782E-10 1.0704E-09 1.1450E-09 1.2264E-09 1.3107E-09 2.0091E-09 3.3786E-09 4.9294E-09 6.2870E-09 7.3667E-09 8.2496E-09 8.8023E-09 9.1653E-09 9.1772E-09 8.9614E-09 8.6604E-09 8.3524E-09 8.0579E-09 8.0198E-09 8.0487E-09 8.0527E-09 8.1557E-09
6.0713E-12 1.1936E-11 1.7491E-11 2.5818E-11 3.5251E-11 4.4386E-11 5.3305E-11 6.0789E-11 6.9060E-11 7.8102E-11 8.8554E-11 1.0068E-10 1.1449E-10 1.2790E-10 1.4427E-10 1.5992E-10 1.8017E-10 1.9863E-10 2.2198E-10 2.4703E-10 2.7181E-10 3.0104E-10 3.3252E-10 3.6394E-10 3.9881E-10 4.3631E-10 4.7573E-10 5.1642E-10 5.6282E-10 6.1160E-10 6.6117E-10 7.1501E-10 7.7306E-10 8.3352E-10 8.9601E-10 9.6458E-10 1.0369E-09 1.1103E-09 1.1936E-09 1.2778E-09 1.5887E-09 2.9044E-09 4.3979E-09 5.7053E-09 6.9272E-09 7.8223E-09 8.5248E-09 8.9492E-09 9.0977E-09 8.9741E-09 8.8011E-09 8.5298E-09 8.2368E-09 8.2580E-09 8.3081E-09 8.3643E-09 8.4912E-09
3.9677E-12 9.5739E-12 1.4860E-11 2.1029E-11 2.8884E-11 3.8580E-11 4.6959E-11 5.6127E-11 6.3828E-11 7.2318E-11 8.2560E-11 9.3602E-11 1.0666E-10 1.1930E-10 1.3405E-10 1.5105E-10 1.6813E-10 1.8634E-10 2.0953E-10 2.3254E-10 2.5613E-10 2.8415E-10 3.1445E-10 3.4376E-10 3.7937E-10 4.1622E-10 4.5311E-10 4.9374E-10 5.3770E-10 5.8518E-10 6.3344E-10 6.8719E-10 7.4434E-10 8.0259E-10 8.6520E-10 9.3292E-10 1.0038E-09 1.0768E-09 1.1613E-09 1.2459E-09 1.3370E-09 2.4245E-09 3.8051E-09 5.1860E-09 6.3681E-09 7.2613E-09 8.1124E-09 8.6668E-09 8.9341E-09 8.9735E-09 8.8797E-09 8.6684E-09 8.4459E-09 8.4762E-09 8.5571E-09 8.6803E-09 8.8242E-09
1.9571E-12 7.2954E-12 1.2319E-11 1.7875E-11 2.4957E-11 3.3078E-11 4.1927E-11 4.9465E-11 5.8847E-11 6.6737E-11 7.6845E-11 8.6988E-11 9.9183E-11 1.1101E-10 1.2576E-10 1.4107E-10 1.5803E-10 1.7521E-10 1.9761E-10 2.1864E-10 2.4189E-10 2.6871E-10 2.9629E-10 3.2574E-10 3.5869E-10 3.9498E-10 4.3124E-10 4.7217E-10 5.1473E-10 5.5962E-10 6.0660E-10 6.5929E-10 7.1544E-10 7.7263E-10 8.3592E-10 9.0312E-10 9.7184E-10 1.0451E-09 1.1296E-09 1.2140E-09 1.3056E-09 1.9812E-09 3.1696E-09 4.5587E-09 5.7069E-09 6.7610E-09 7.6345E-09 8.2679E-09 8.6233E-09 8.8796E-09 8.8827E-09 8.7605E-09 8.6218E-09 8.6535E-09 8.7418E-09 8.9939E-09 9.1538E-09
0.0000E+00 5.1027E-12 9.8704E-12 1.5165E-11 2.1251E-11 2.8888E-11 3.5048E-11 4.4149E-11 5.1877E-11 6.1436E-11 7.1157E-11 8.0841E-11 9.1989E-11 1.0310E-10 1.1628E-10 1.3270E-10 1.4686E-10 1.6453E-10 1.8557E-10 2.0526E-10 2.2837E-10 2.5343E-10 2.8028E-10 3.0758E-10 3.3986E-10 3.7458E-10 4.0874E-10 4.4991E-10 4.9203E-10 5.3492E-10 5.8209E-10 6.3361E-10 6.8750E-10 7.4365E-10 8.0618E-10 8.7277E-10 9.4085E-10 1.0158E-09 1.1006E-09 1.1830E-09 1.2756E-09 1.6272E-09 2.6593E-09 3.8664E-09 5.0538E-09 6.1802E-09 7.0657E-09 7.7722E-09 8.3262E-09 8.6806E-09 8.7962E-09 8.7498E-09 8.7396E-09 8.7784E-09 8.9292E-09 9.2738E-09 9.4677E-09
0.0000E+00 2.9965E-12 8.4108E-12 1.2556E-11 1.8045E-11 2.2672E-11 3.0604E-11 3.9147E-11 4.6281E-11 5.5204E-11 6.5566E-11 7.4928E-11 8.5153E-11 9.5806E-11 1.0877E-10 1.2285E-10 1.3765E-10 1.5436E-10 1.7379E-10 1.9247E-10 2.1440E-10 2.3987E-10 2.6349E-10 2.9135E-10 3.2262E-10 3.5422E-10 3.8873E-10 4.2711E-10 4.6874E-10 5.1110E-10 5.5820E-10 6.0874E-10 6.6048E-10 7.1681E-10 7.7846E-10 8.4337E-10 9.1081E-10 9.8544E-10 1.0705E-09 1.1529E-09 1.2487E-09 1.3425E-09 2.1628E-09 3.2294E-09 4.4500E-09 5.5208E-09 6.4023E-09 7.2294E-09 7.9049E-09 8.3712E-09 8.6190E-09 8.7357E-09 8.7824E-09 8.8381E-09 9.1252E-09 9.5040E-09 9.7519E-09
0.0000E+00 9.8922E-13 6.1652E-12 1.0047E-11 1.5286E-11 1.9249E-11 2.6416E-11 3.2269E-11 4.1020E-11 4.8300E-11 5.9071E-11 6.9313E-11 7.8605E-11 8.8904E-11 1.0005E-10 1.1496E-10 1.2739E-10 1.4412E-10 1.6256E-10 1.8021E-10 2.0194E-10 2.2488E-10 2.4810E-10 2.7588E-10 3.0532E-10 3.3615E-10 3.6914E-10 4.0643E-10 4.4638E-10 4.8675E-10 5.3346E-10 5.8371E-10 6.3438E-10 6.9123E-10 7.5218E-10 8.1489E-10 8.8262E-10 9.5680E-10 1.0413E-09 1.1236E-09 1.2203E-09 1.3146E-09 1.7963E-09 2.7032E-09 3.8128E-09 4.7913E-09 5.7793E-09 6.6681E-09 7.4052E-09 7.9508E-09 8.3060E-09 8.6115E-09 8.7331E-09 8.7819E-09 9.2382E-09 9.6582E-09 9.9486E-09
0.0000E+00 0.0000E+00 4.0122E-12 7.6399E-12 1.2637E-11 1.6297E-11 2.2473E-11 2.7847E-11 3.4991E-11 4.2788E-11 5.1922E-11 6.1755E-11 7.2421E-11 8.2280E-11 9.3314E-11 1.0593E-10 1.1831E-10 1.3440E-10 1.5182E-10 1.6854E-10 1.8854E-10 2.1125E-10 2.3341E-10 2.5935E-10 2.8925E-10 3.1740E-10 3.5118E-10 3.8714E-10 4.2418E-10 4.6440E-10 5.1006E-10 5.5816E-10 6.0917E-10 6.6516E-10 7.2535E-10 7.8728E-10 8.5622E-10 9.3001E-10 1.0128E-09 1.0957E-09 1.1924E-09 1.2872E-09 1.4640E-09 2.2363E-09 3.1792E-09 4.1805E-09 5.1703E-09 6.0188E-09 6.8096E-09 7.4459E-09 7.9853E-09 8.3683E-09 8.5832E-09 8.7146E-09 9.2403E-09 9.7129E-09 1.0126E-08
0.0000E+00 0.0000E+00 1.9633E-12 6.2428E-12 1.0098E-11 1.4357E-11 1.9055E-11 2.3687E-11 3.0354E-11 3.7621E-11 4.6181E-11 5.5572E-11 6.4388E-11 7.4998E-11 8.5365E-11 9.8874E-11 1.0973E-10 1.2540E-10 1.4163E-10 1.5663E-10 1.7738E-10 1.9829E-10 2.1936E-10 2.4507E-10 2.7241E-10 3.0014E-10 3.3316E-10 3.6765E-10 4.0356E-10 4.4367E-10 4.8752E-10 5.3500E-10 5.8364E-10 6.3869E-10 6.9935E-10 7.6047E-10 8.2892E-10 9.0243E-10 9.8493E-10 1.0696E-09 1.1651E-09 1.2601E-09 1.3613E-09 1.8869E-09 2.6471E-09 3.6198E-09 4.5401E-09 5.3901E-09 6.1555E-09 6.9161E-09 7.5435E-09 8.0122E-09 8.3153E-09 8.6199E-09 9.1088E-09 9.6586E-09 1.0260E-08
0.0000E+00 0.0000E+00 0.0000E+00 4.0556E-12 7.6687E-12 1.2560E-11 1.6103E-11 2.0077E-11 2.4846E-11 3.1664E-11 4.0802E-11 4.9633E-11 5.7793E-11 6.7865E-11 7.8468E-11 9.0666E-11 1.0155E-10 1.1685E-10 1.3113E-10 1.4692E-10 1.6564E-10 1.8591E-10 2.0600E-10 2.2998E-10 2.5703E-10 2.8368E-10 3.1488E-10 3.4980E-10 3.8383E-10 4.2312E-10 4.6734E-10 5.1129E-10 5.5988E-10 6.1550E-10 6.7280E-10 7.3301E-10 8.0227E-10 8.7533E-10 9.5766E-10 1.0427E-09 1.1380E-09 1.2333E-09 1.3349E-09 1.6451E-09 2.2721E-09 3.0916E-09 3.8993E-09 4.7666E-09 5.5888E-09 6.3431E-09 7.0281E-09 7.5715E-09 8.0095E-09 8.4040E-09 8.8477E-09 9.4234E-09 1.0247E-08
0.0000E+00 0.0000E+00 0.0000E+00 1.9780E-12 5.3460E-12 1.0021E-11 1.3283E-11 1.6955E-11 2.1903E-11 2.7106E-11 3.5762E-11 4.4049E-11 5.1611E-11 6.1115E-11 7.1102E-11 8.3473E-11 9.3860E-11 1.0868E-10 1.2274E-10 1.3640E-10 1.5517E-10 1.7417E-10 1.9261E-10 2.1763E-10 2.4239E-10 2.6716E-10 2.9888E-10 3.3126E-10 3.6412E-10 4.0390E-10 4.4558E-10 4.8839E-10 5.3854E-10 5.9179E-10 6.4702E-10 7.0881E-10 7.7596E-10 8.4740E-10 9.3013E-10 1.0158E-09 1.1112E-09 1.2066E-09 1.3085E-09 1.4435E-09 1.9285E-09 2.5935E-09 3.4112E-09 4.2233E-09 4.9859E-09 5.7674E-09 6.4603E-09 7.0488E-09 7.6317E-09 8.0733E-09 8.5000E-09 9.2398E-09 1.0055E-08
0.0000E+00 0.0000E+00 0.0000E+00 9.5938E-13 3.1284E-12 7.5990E-12 1.0594E-11 1.4867E-11 1.8649E-11 2.2834E-11 3.1034E-11 3.8818E-11 4.5826E-11 5.4732E-11 6.4137E-11 7.4743E-11 8.5420E-11 9.9923E-11 1.1324E-10 1.2710E-10 1.4524E-10 1.6298E-10 1.8166E-10 2.0438E-10 2.2840E-10 2.5309E-10 2.8225E-10 3.1420E-10 3.4675E-10 3.8397E-10 4.2534E-10 4.6782E-10 5.1578E-10 5.6793E-10 6.2346E-10 6.8403E-10 7.5044E-10 8.2076E-10 9.0390E-10 9.8766E-10 1.0838E-09 1.1798E-09 1.2830E-09 1.3973E-09 1.7195E-09 2.2574E-09 2.9710E-09 3.6692E-09 4.4530E-09 5.1585E-09 5.8888E-09 6.5691E-09 7.1661E-09 7.6610E-09 8.0759E-09 8.8918E-09 9.6927E-09
0.0000E+00 0.0000E+00 0.0000E+00 0.0000E+00 1.9668E-12 5.2901E-12 8.9414E-12 1.2061E-11 1.6423E-11 2.0280E-11 2.6603E-11 3.3912E-11 4.0411E-11 4.8699E-11 5.6481E-11 6.7506E-11 7.7496E-11 9.1384E-11 1.0484E-10 1.1828E-10 1.3573E-10 1.5242E-10 1.6969E-10 1.9244E-10 2.1511E-10 2.3846E-10 2.6740E-10 2.9792E-10 3.2860E-10 3.6552E-10 4.0588E-10 4.4650E-10 4.9417E-10 5.4611E-10 5.9913E-10 6.5940E-10 7.2563E-10 7.9462E-10 8.7769E-10 9.6050E-10 1.0564E-09 1.1515E-09 1.2570E-09 1.3700E-09 1.5317E-09 1.9992E-09 2.5556E-09 3.2173E-09 3.9416E-09 4.6328E-09 5.3599E-09 6.0376E-09 6.6540E-09 7.1786E-09 7.7267E-09 8.4126E-09 9.2182E-09
0.0000E+00 0.0000E+00 0.0000E+00 0.0000E+00 0.0000E+00 3.0912E-12 6.5276E-12 1.0300E-11 1.3513E-11 1.7078E-11 2.2745E-11 2.9256E-11 3.5337E-11 4.2991E-11 5.0251E-11 6.0730E-11 7.0069E-11 8.3284E-11 9.5983E-11 1.0868E-10 1.2670E-10 1.4160E-10 1.5899E-10 1.8107E-10 2.0166E-10 2.2519E-10 2.5323E-10 2.8154E-10 3.1209E-10 3.4825E-10 3.8637E-10 4.2662E-10 4.7329E-10 5.2345E-10 5.7537E-10 6.3545E-10 7.0081E-10 7.6812E-10 8.5237E-10 9.3349E-10 1.0283E-09 1.1229E-09 1.2310E-09 1.3420E-09 1.4633E-09 1.7899E-09 2.2472E-09 2.8616E-09 3.4965E-09 4.1770E-09 4.8538E-09 5.4993E-09 6.1265E-09 6.7444E-09 7.2964E-09 7.8822E-09 8.6600E-09
0.0000E+00 0.0000E+00 0.0000E+00 0.0000E+00 0.0000E+00 1.0104E-12 5.1671E-12 7.7945E-12 1.0751E-11 1.4041E-11 1.9397E-11 2.5066E-11 3.0586E-11 3.7583E-11 4.4348E-11 5.4390E-11 6.3119E-11 7.5603E-11 8.7663E-11 9.9571E-11 1.1694E-10 1.3193E-10 1.4881E-10 1.6937E-10 1.9040E-10 2.1250E-10 2.3884E-10 2.6659E-10 2.9648E-10 3.3086E-10 3.6828E-10 4.0744E-10 4.5248E-10 5.0212E-10 5.5370E-10 6.1202E-10 6.7562E-10 7.4266E-10 8.2626E-10 9.0578E-10 1.0001E-09 1.0947E-09 1.2025E-09 1.3124E-09 1.4364E-09 1.6395E-09 2.0346E-09 2.5494E-09 3.1056E-09 3.7234E-09 4.3372E-09 5.0187E-09 5.6571E-09 6.2723E-09 6.8321E-09 7.3256E-09 8.1748E-09
0.0000E+00 0.0000E+00 0.0000E+00 0.0000E+00 0.0000E+00 0.0000E+00 3.0146E-12 5.4156E-12 8.1308E-12 1.1164E-11 1.6222E-11 2.1351E-11 2.6438E-11 3.2460E-11 4.0025E-11 4.8448E-11 5.6620E-11 6.8318E-11 7.9854E-11 9.0922E-11 1.0765E-10 1.2186E-10 1.3790E-10 1.5875E-10 1.7819E-10 2.0028E-10 2.2659E-10 2.5233E-10 2.8064E-10 3.1481E-10 3.5087E-10 3.8843E-10 4.3321E-10 4.8137E-10 5.3102E-10 5.8823E-10 6.5152E-10 7.1747E-10 7.9948E-10 8.7798E-10 9.7226E-10 1.0661E-09 1.1726E-09 1.2819E-09 1.4057E-09 1.5412E-09 1.8495E-09 2.2517E-09 2.7985E-09 3.3701E-09 3.9611E-09 4.5878E-09 5.2014E-09 5.7746E-09 6.3506E-09 6.9258E-09 7.6250E-09
0.0000E+00 0.0000E+00 0.0000E+00 0.0000E+00 0.0000E+00 0.0000E+00 9.8268E-13 3.1582E-12 6.5810E-12 9.3662E-12 1.3954E-11 1.8668E-11 2.2823E-11 2.7912E-11 3.4982E-11 4.2873E-11 5.0532E-11 6.1401E-11 7.2531E-11 8.2718E-11 9.8810E-11 1.1237E-10 1.2749E-10 1.4762E-10 1.6614E-10 1.8758E-10 2.1328E-10 2.3783E-10 2.6691E-10 2.9934E-10 3.3325E-10 3.7071E-10 4.1445E-10 4.6035E-10 5.0886E-10 5.6596E-10 6.2774E-10 6.9170E-10 7.7269E-10 8.5080E-10 9.4416E-10 1.0363E-09 1.1418E-09 1.2510E-09 1.3750E-09 1.5094E-09 1.7349E-09 2.0765E-09 2.5388E-09 3.0336E-09 3.6077E-09 4.1395E-09 4.7424E-09 5.3397E-09 5.9346E-09 6.4948E-09 7.1075E-09
0.0000E+00 0.0000E+00 0.0000E+00 0.0000E+00 0.0000E+00 0.0000E+00 0.0000E+00 1.0281E-12 4.2591E-12 7.7313E-12 1.0748E-11 1.5278E-11 2.0299E-11 2.3879E-11 3.0562E-11 3.8801E-11 4.4823E-11 5.5958E-11 6.5657E-11 7.4936E-11 9.0399E-11 1.0343E-10 1.1757E-10 1.3697E-10 1.5471E-10 1.7516E-10 2.0004E-10 2.2455E-10 2.5211E-10 2.8352E-10 3.1697E-10 3.5349E-10 3.9533E-10 4.4054E-10 4.8885E-10 5.4401E-10 6.0341E-10 6.6680E-10 7.4742E-10 8.2347E-10 9.1490E-10 1.0067E-09 1.1110E-09 1.2190E-09 1.3416E-09 1.4750E-09 1.6215E-09 1.9128E-09 2.2755E-09 2.7557E-09 3.2772E-09 3.8050E-09 4.3773E-09 4.9482E-09 5.5139E-09 6.0492E-09 6.6066E-09
0.0000E+00 0.0000E+00 0.0000E+00 0.0000E+00 0.0000E+00 0.0000E+00 0.0000E+00 0.0000E+00 3.0157E-12 5.3594E-12 8.6082E-12 1.2936E-11 1.7099E-11 2.1190E-11 2.6691E-11 3.4230E-11 3.9473E-11 4.9604E-11 5.9193E-11 6.7742E-11 8.2392E-11 9.4998E-11 1.0812E-10 1.2678E-10 1.4386E-10 1.6430E-10 1.8732E-10 2.1190E-10 2.3737E-10 2.6876E-10 3.0127E-10 3.3587E-10 3.7735E-10 4.2121E-10 4.6757E-10 5.2145E-10 5.8004E-10 6.4210E-10 7.2056E-10 7.9514E-10 8.8517E-10 9.7711E-10 1.0792E-09 1.1851E-09 1.3075E-09 1.4386E-09 1.5750E-09 1.8111E-09 2.1268E-09 2.5372E-09 2.9890E-09 3.5022E-09 4.0324E-09 4.5538E-09 5.0974E-09 5.6595E-09 6.2253E-09
0.0000E+00 0.0000E+00 0.0000E+00 0.0000E+00 0.0000E+00 0.0000E+00 0.0000E+00 0.0000E+00 9.7891E-13 3.1180E-12 5.7176E-12 1.0011E-11 1.4984E-11 1.7899E-11 2.3934E-11 3.0211E-11 3.5924E-11 4.3071E-11 5.3112E-11 6.2238E-11 7.4759E-11 8.7044E-11 9.9104E-11 1.1701E-10 1.3356E-10 1.5287E-10 1.7508E-10 1.9883E-10 2.2313E-10 2.5348E-10 2.8490E-10 3.1924E-10 3.5975E-10 4.0149E-10 4.4651E-10 4.9985E-10 5.5689E-10 6.1677E-10 6.9358E-10 7.6731E-10 8.5656E-10 9.4669E-10 1.0458E-09 1.1505E-09 1.2715E-09 1.4009E-09 1.5358E-09 1.7079E-09 1.9886E-09 2.3022E-09 2.7456E-09 3.2120E-09 3.6938E-09 4.2222E-09 4.7548E-09 5.2934E-09 5.8429E-09
