Assets/Resources/2015_m01_d01_2100(utc+0800)_l00_csi_1hr_conc.grd
DSAA
         159         159
     -79.000      79.000
     -79.000      79.000
  0.0000E+00  0.1220E-04
[rows 50 to 74 of 159, columns 57 to 113 of 159]
0.0000E+00 0.0000E+00 0.0000E+00 0.0000E+00 0.0000E+00 0.0000E+00 0.0000E+00 0.0000E+00 0.0000E+00 0.0000E+00 0.0000E+00 0.0000E+00 0.0000E+00 0.0000E+00 0.0000E+00 0.0000E+00 0.0000E+00 0.0000E+00 0.0000E+00 0.0000E+00 0.0000E+00 0.0000E+00 0.0000E+00 0.0000E+00 0.0000E+00 0.0000E+00 0.0000E+00 1.4729E-12 7.6659E-12 1.9802E-11 4.0968E-11 7.4329E-11 1.0679E-10 1.3277E-10 1.5638E-10 1.7976E-10 2.0420E-10 2.2816E-10 2.5330E-10 2.7937E-10 3.2258E-10 3.5850E-10 4.3679E-10 5.4842E-10 6.9558E-10 8.9230E-10 1.0924E-09 1.2791E-09 1.3409E-09 1.5137E-09 1.6266E-09 1.7957E-09 1.9465E-09 2.1049E-09 2.2493E-09 2.4513E-09 2.6346E-09
0.0000E+00 0.0000E+00 0.0000E+00 0.0000E+00 0.0000E+00 0.0000E+00 0.0000E+00 0.0000E+00 0.0000E+00 0.0000E+00 0.0000E+00 0.0000E+00 0.0000E+00 0.0000E+00 0.0000E+00 0.0000E+00 0.0000E+00 0.0000E+00 0.0000E+00 0.0000E+00 0.0000E+00 0.0000E+00 0.0000E+00 0.0000E+00 0.0000E+00 0.0000E+00 1.6706E-12 8.6359E-12 2.4179E-11 4.9585E-11 8.6628E-11 1.2001E-10 1.4726E-10 1.7283E-10 2.0279E-10 2.3505E-10 2.6422E-10 2.9493E-10 3.2694E-10 3.7986E-10 4.4979E-10 6.2841E-10 8.9926E-10 1.1731E-09 1.4113E-09 1.5771E-09 1.7160E-09 1.8249E-09 1.9260E-09 2.0400E-09 2.1783E-09 2.3449E-09 2.5282E-09 2.7260E-09 2.9379E-09 3.1369E-09 3.3221E-09
0.0000E+00 0.0000E+00 0.0000E+00 0.0000E+00 0.0000E+00 0.0000E+00 0.0000E+00 0.0000E+00 0.0000E+00 0.0000E+00 0.0000E+00 0.0000E+00 0.0000E+00 0.0000E+00 0.0000E+00 0.0000E+00 0.0000E+00 0.0000E+00 0.0000E+00 0.0000E+00 0.0000E+00 0.0000E+00 0.0000E+00 0.0000E+00 0.0000E+00 2.0933E-12 9.9499E-12 2.7646E-11 5.7596E-11 9.5125E-11 1.2930E-10 1.5902E-10 1.9222E-10 2.3062E-10 2.6753E-10 3.0507E-10 3.4279E-10 3.8234E-10 4.9536E-10 6.8917E-10 9.7415E-10 1.2888E-09 1.5517E-09 1.7531E-09 1.9223E-09 2.0800E-09 2.2223E-09 2.3527E-09 2.4871E-09 2.6308E-09 2.8163E-09 3.0346E-09 3.2699E-09 3.5054E-09 3.7435E-09 3.9650E-09 4.1751E-09
0.0000E+00 0.0000E+00 0.0000E+00 0.0000E+00 0.0000E+00 0.0000E+00 0.0000E+00 0.0000E+00 0.0000E+00 0.0000E+00 0.0000E+00 0.0000E+00 0.0000E+00 0.0000E+00 0.0000E+00 0.0000E+00 0.0000E+00 0.0000E+00 0.0000E+00 0.0000E+00 0.0000E+00 0.0000E+00 0.0000E+00 0.0000E+00 2.2835E-12 1.1002E-11 3.0412E-11 6.3276E-11 1.0045E-10 1.3603E-10 1.7194E-10 2.1484E-10 2.5913E-10 3.0592E-10 3.5124E-10 3.9765E-10 4.8016E-10 6.8846E-10 9.9666E-10 1.2890E-09 1.5316E-09 1.8312E-09 2.0574E-09 2.2805E-09 2.5075E-09 2.6983E-09 2.8767E-09 3.0280E-09 3.2047E-09 3.3969E-09 3.6461E-09 3.9005E-09 4.1736E-09 4.4645E-09 4.7260E-09 4.9703E-09 5.1813E-09
0.0000E+00 0.0000E+00 0.0000E+00 0.0000E+00 0.0000E+00 0.0000E+00 0.0000E+00 0.0000E+00 0.0000E+00 0.0000E+00 0.0000E+00 0.0000E+00 0.0000E+00 0.0000E+00 0.0000E+00 0.0000E+00 0.0000E+00 0.0000E+00 0.0000E+00 0.0000E+00 0.0000E+00 0.0000E+00 0.0000E+00 2.1458E-12 1.1415E-11 3.1904E-11 6.5963E-11 1.0272E-10 1.4010E-10 1.8569E-10 2.3284E-10 2.8181E-10 3.3351E-10 3.9110E-10 4.4898E-10 6.1080E-10 9.2717E-10 1.2631E-09 1.5326E-09 1.8175E-09 2.1171E-09 2.3819E-09 2.6822E-09 2.9744E-09 3.2275E-09 3.4618E-09 3.6804E-09 3.8814E-09 4.1032E-09 4.3437E-09 4.6299E-09 4.9503E-09 5.2844E-09 5.6096E-09 5.8818E-09 6.1328E-09 6.3538E-09
0.0000E+00 0.0000E+00 0.0000E+00 0.0000E+00 0.0000E+00 0.0000E+00 0.0000E+00 0.0000E+00 0.0000E+00 0.0000E+00 0.0000E+00 0.0000E+00 0.0000E+00 0.0000E+00 0.0000E+00 0.0000E+00 0.0000E+00 0.0000E+00 0.0000E+00 0.0000E+00 0.0000E+00 0.0000E+00 1.7012E-12 1.0728E-11 3.1832E-11 6.6458E-11 1.0319E-10 1.4245E-10 1.9474E-10 2.4627E-10 2.9976E-10 3.6360E-10 4.3356E-10 5.3707E-10 7.8289E-10 1.1844E-09 1.5112E-09 1.7958E-09 2.1773E-09 2.4684E-09 2.8075E-09 3.1618E-09 3.5237E-09 3.8449E-09 4.1542E-09 4.4379E-09 4.6989E-09 4.9470E-09 5.1697E-09 5.4966E-09 5.8659E-09 6.2582E-09 6.6170E-09 6.9521E-09 7.2588E-09 7.5066E-09 7.2084E-09
0.0000E+00 0.0000E+00 0.0000E+00 0.0000E+00 0.0000E+00 0.0000E+00 0.0000E+00 0.0000E+00 0.0000E+00 0.0000E+00 0.0000E+00 0.0000E+00 0.0000E+00 0.0000E+00 0.0000E+00 0.0000E+00 0.0000E+00 0.0000E+00 0.0000E+00 0.0000E+00 0.0000E+00 1.0974E-12 9.0189E-12 2.9639E-11 6.4647E-11 1.0137E-10 1.4303E-10 1.9838E-10 2.7464E-10 3.8287E-10 4.5451E-10 5.6935E-10 7.7738E-10 1.1053E-09 1.4008E-09 1.7498E-09 2.1266E-09 2.5615E-09 2.9118E-09 3.3174E-09 3.7331E-09 4.1214E-09 4.5164E-09 4.9045E-09 5.2781E-09 5.6202E-09 5.8870E-09 6.1976E-09 6.5511E-09 6.9693E-09 7.3954E-09 7.7950E-09 8.2179E-09 8.5743E-09 8.8752E-09 9.0873E-09 8.3939E-09
0.0000E+00 0.0000E+00 0.0000E+00 0.0000E+00 0.0000E+00 0.0000E+00 0.0000E+00 0.0000E+00 0.0000E+00 0.0000E+00 0.0000E+00 0.0000E+00 0.0000E+00 0.0000E+00 0.0000E+00 0.0000E+00 0.0000E+00 0.0000E+00 0.0000E+00 0.0000E+00 4.5316E-13 6.7270E-12 2.5799E-11 5.9987E-11 9.7694E-11 1.5161E-10 2.4915E-10 4.1097E-10 6.3539E-10 7.9430E-10 9.6664E-10 1.2575E-09 1.5343E-09 1.9809E-09 2.3724E-09 2.9286E-09 3.3188E-09 3.7356E-09 4.2218E-09 4.6587E-09 5.1056E-09 5.5585E-09 5.8720E-09 6.3278E-09 6.7528E-09 7.1307E-09 7.4953E-09 7.7879E-09 8.2287E-09 8.6550E-09 9.1849E-09 9.6917E-09 1.0119E-08 1.0424E-08 1.0710E-08 1.0940E-08 9.9232E-09
0.0000E+00 0.0000E+00 0.0000E+00 0.0000E+00 0.0000E+00 0.0000E+00 0.0000E+00 0.0000E+00 0.0000E+00 0.0000E+00 0.0000E+00 0.0000E+00 0.0000E+00 0.0000E+00 0.0000E+00 0.0000E+00 0.0000E+00 0.0000E+00 0.0000E+00 4.3375E-14 4.0600E-12 2.0345E-11 5.3043E-11 1.0539E-10 2.0767E-10 4.0243E-10 7.0051E-10 9.9392E-10 1.3138E-09 1.5852E-09 1.9971E-09 2.2743E-09 2.8009E-09 3.3610E-09 3.8964E-09 4.3684E-09 4.8628E-09 5.3714E-09 5.8841E-09 6.3938E-09 6.9032E-09 7.2270E-09 7.7496E-09 8.2551E-09 8.7290E-09 9.0298E-09 9.4581E-09 9.8682E-09 1.0379E-08 1.0843E-08 1.1414E-08 1.1831E-08 1.2265E-08 1.2621E-08 1.2825E-08 1.1987E-08 1.1700E-08
0.0000E+00 0.0000E+00 0.0000E+00 0.0000E+00 0.0000E+00 0.0000E+00 0.0000E+00 0.0000E+00 0.0000E+00 0.0000E+00 0.0000E+00 0.0000E+00 0.0000E+00 0.0000E+00 0.0000E+00 0.0000E+00 0.0000E+00 0.0000E+00 0.0000E+00 1.7550E-12 1.4019E-11 4.8603E-11 1.3641E-10 3.3026E-10 6.6877E-10 1.1006E-09 1.5548E-09 1.9806E-09 2.3309E-09 2.7792E-09 3.3899E-09 4.0593E-09 4.6941E-09 5.3424E-09 5.9228E-09 6.5012E-09 7.0821E-09 7.6564E-09 8.2208E-09 8.4849E-09 9.0570E-09 9.6173E-09 1.0164E-08 1.0689E-08 1.1020E-08 1.1468E-08 1.1938E-08 1.2334E-08 1.2918E-08 1.3386E-08 1.3991E-08 1.4442E-08 1.4828E-08 1.5037E-08 1.5239E-08 1.3803E-08 1.2197E-08
0.0000E+00 0.0000E+00 0.0000E+00 0.0000E+00 0.0000E+00 0.0000E+00 0.0000E+00 0.0000E+00 0.0000E+00 0.0000E+00 0.0000E+00 0.0000E+00 0.0000E+00 0.0000E+00 0.0000E+00 0.0000E+00 0.0000E+00 0.0000E+00 4.5731E-13 7.9918E-12 5.0794E-11 1.9462E-10 5.0308E-10 9.3997E-10 1.4237E-09 1.8875E-09 2.3191E-09 2.7612E-09 3.3050E-09 4.0222E-09 4.8439E-09 5.6358E-09 6.4364E-09 7.1789E-09 7.9103E-09 8.6229E-09 9.3147E-09 9.9875E-09 1.0638E-08 1.1262E-08 1.1865E-08 1.2447E-08 1.3008E-08 1.3543E-08 1.4034E-08 1.4343E-08 1.5496E-08 1.5706E-08 1.6200E-08 1.6744E-08 1.7001E-08 1.7356E-08 1.7642E-08 1.7862E-08 1.7884E-08 1.5985E-08 1.2388E-08
0.0000E+00 0.0000E+00 0.0000E+00 0.0000E+00 0.0000E+00 0.0000E+00 0.0000E+00 0.0000E+00 0.0000E+00 0.0000E+00 0.0000E+00 0.0000E+00 0.0000E+00 0.0000E+00 0.0000E+00 0.0000E+00 0.0000E+00 0.0000E+00 3.4453E-12 5.9570E-11 2.6929E-10 6.5433E-10 1.1340E-09 1.6302E-09 2.1289E-09 2.6416E-09 3.1963E-09 3.8396E-09 4.6762E-09 5.7118E-09 6.7489E-09 7.6902E-09 8.6395E-09 9.5762E-09 1.0488E-08 1.1351E-08 1.2161E-08 1.2933E-08 1.3667E-08 1.4363E-08 1.5024E-08 1.5654E-08 1.6250E-08 1.8409E-08 1.8910E-08 1.8859E-08 1.9329E-08 1.9738E-08 1.9845E-08 2.0340E-08 2.0764E-08 2.0708E-08 2.0872E-08 2.0888E-08 1.9130E-08 1.7496E-08 1.3829E-08
0.0000E+00 0.0000E+00 0.0000E+00 0.0000E+00 0.0000E+00 0.0000E+00 0.0000E+00 0.0000E+00 0.0000E+00 0.0000E+00 0.0000E+00 0.0000E+00 0.0000E+00 0.0000E+00 0.0000E+00 0.0000E+00 0.0000E+00 8.1630E-13 6.1600E-11 3.1392E-10 7.4190E-10 1.2359E-09 1.7584E-09 2.3175E-09 2.9259E-09 3.6008E-09 4.3594E-09 5.3284E-09 6.5915E-09 7.8915E-09 9.0823E-09 1.0277E-08 1.1477E-08 1.2662E-08 1.3782E-08 1.4814E-08 1.5745E-08 1.6611E-08 1.7419E-08 1.8175E-08 2.0635E-08 2.2195E-08 2.2765E-08 2.3245E-08 2.3624E-08 2.4003E-08 2.3707E-08 2.4199E-08 2.4541E-08 2.4457E-08 2.4744E-08 2.4860E-08 2.4948E-08 2.4338E-08 2.1631E-08 1.8865E-08 1.5640E-08
0.0000E+00 0.0000E+00 0.0000E+00 0.0000E+00 0.0000E+00 0.0000E+00 0.0000E+00 0.0000E+00 0.0000E+00 0.0000E+00 0.0000E+00 0.0000E+00 0.0000E+00 0.0000E+00 0.0000E+00 0.0000E+00 0.0000E+00 5.9153E-11 3.1754E-10 7.6778E-10 1.2725E-09 1.8253E-09 2.4442E-09 3.1430E-09 3.9376E-09 4.8421E-09 5.9502E-09 7.3924E-09 8.9847E-09 1.0517E-08 1.2015E-08 1.3559E-08 1.5087E-08 1.6575E-08 1.7927E-08 1.9145E-08 2.0192E-08 2.1140E-08 2.2004E-08 2.6176E-08 2.7935E-08 2.8451E-08 2.8803E-08 2.9076E-08 2.9279E-08 2.9455E-08 2.9703E-08 2.9151E-08 2.9532E-08 2.9701E-08 2.9849E-08 2.9125E-08 2.8868E-08 2.8615E-08 2.4650E-08 1.8679E-08 1.5431E-08
0.0000E+00 0.0000E+00 0.0000E+00 0.0000E+00 0.0000E+00 0.0000E+00 0.0000E+00 0.0000E+00 0.0000E+00 0.0000E+00 0.0000E+00 0.0000E+00 0.0000E+00 0.0000E+00 0.0000E+00 0.0000E+00 4.3160E-11 2.8402E-10 7.3639E-10 1.2468E-09 1.8210E-09 2.4935E-09 3.2674E-09 4.1718E-09 5.2211E-09 6.4587E-09 8.0594E-09 9.9694E-09 1.1877E-08 1.3742E-08 1.5699E-08 1.7678E-08 1.9604E-08 2.1447E-08 2.3059E-08 2.4468E-08 2.5625E-08 2.6632E-08 2.8786E-08 3.5441E-08 3.5951E-08 3.6014E-08 3.6019E-08 3.5951E-08 3.5866E-08 3.6211E-08 3.5803E-08 3.5838E-08 3.4963E-08 3.5011E-08 3.4721E-08 3.3716E-08 3.3204E-08 2.9908E-08 2.6475E-08 2.0648E-08 1.6683E-08
0.0000E+00 0.0000E+00 0.0000E+00 0.0000E+00 0.0000E+00 0.0000E+00 0.0000E+00 0.0000E+00 0.0000E+00 0.0000E+00 0.0000E+00 0.0000E+00 0.0000E+00 0.0000E+00 0.0000E+00 2.3925E-11 2.2141E-10 6.5070E-10 1.1644E-09 1.7470E-09 2.4537E-09 3.2817E-09 4.2750E-09 5.4481E-09 6.8159E-09 8.5656E-09 1.0740E-08 1.3047E-08 1.5332E-08 1.7749E-08 2.0239E-08 2.2745E-08 2.5144E-08 2.7408E-08 2.9301E-08 3.0892E-08 3.2145E-08 3.3178E-08 4.4420E-08 4.5880E-08 4.5457E-08 4.4926E-08 4.5814E-08 4.5315E-08 4.4113E-08 4.3679E-08 4.3330E-08 4.3000E-08 4.2052E-08 4.0657E-08 4.0149E-08 3.9387E-08 3.7811E-08 3.3232E-08 2.8605E-08 2.2970E-08 1.5355E-08
0.0000E+00 0.0000E+00 0.0000E+00 0.0000E+00 0.0000E+00 0.0000E+00 0.0000E+00 0.0000E+00 0.0000E+00 0.0000E+00 0.0000E+00 0.0000E+00 0.0000E+00 0.0000E+00 5.5836E-12 1.4841E-10 5.2873E-10 1.0273E-09 1.6062E-09 2.3176E-09 3.1826E-09 4.2298E-09 5.4935E-09 6.9987E-09 8.8434E-09 1.1183E-08 1.3852E-08 1.6661E-08 1.9537E-08 2.2588E-08 2.5714E-08 2.8855E-08 3.1809E-08 3.4558E-08 3.6742E-08 3.8499E-08 3.9825E-08 4.9059E-08 5.8894E-08 6.0322E-08 6.0091E-08 5.8890E-08 5.6453E-08 5.5250E-08 5.4077E-08 5.3028E-08 5.1120E-08 5.0357E-08 4.9579E-08 4.7795E-08 4.5795E-08 4.4698E-08 4.3443E-08 3.7135E-08 2.7987E-08 2.2853E-08 1.6704E-08
0.0000E+00 0.0000E+00 0.0000E+00 0.0000E+00 0.0000E+00 0.0000E+00 0.0000E+00 0.0000E+00 0.0000E+00 0.0000E+00 0.0000E+00 0.0000E+00 0.0000E+00 0.0000E+00 7.6382E-11 3.7212E-10 8.4516E-10 1.4153E-09 2.1040E-09 2.9713E-09 4.0340E-09 5.3453E-09 6.9392E-09 8.8493E-09 1.1297E-08 1.4282E-08 1.7499E-08 2.0885E-08 2.4511E-08 2.8305E-08 3.2175E-08 3.6023E-08 3.9653E-08 4.2945E-08 4.5427E-08 4.7317E-08 4.8665E-08 8.0465E-08 8.0855E-08 7.8125E-08 7.5428E-08 7.2872E-08 7.0384E-08 6.8034E-08 6.4373E-08 6.2567E-08 6.0901E-08 5.8231E-08 5.6896E-08 5.5331E-08 5.2792E-08 5.0134E-08 4.4580E-08 3.8708E-08 3.0481E-08 2.4495E-08 1.8867E-08
0.0000E+00 0.0000E+00 0.0000E+00 0.0000E+00 0.0000E+00 0.0000E+00 0.0000E+00 0.0000E+00 0.0000E+00 0.0000E+00 0.0000E+00 0.0000E+00 0.0000E+00 1.6735E-11 2.1707E-10 6.5424E-10 1.1861E-09 1.8260E-09 2.6595E-09 3.7069E-09 5.0156E-09 6.6350E-09 8.6128E-09 1.1069E-08 1.4175E-08 1.7752E-08 2.1633E-08 2.5795E-08 3.0248E-08 3.4893E-08 3.9615E-08 4.4285E-08 4.8675E-08 5.2498E-08 5.5337E-08 5.7316E-08 9.3177E-08 1.0794E-07 1.0313E-07 9.7690E-08 9.2955E-08 8.8590E-08 8.4571E-08 8.0887E-08 7.7518E-08 7.2776E-08 7.0282E-08 6.8036E-08 6.4534E-08 6.2321E-08 6.0068E-08 5.5708E-08 4.8619E-08 4.1485E-08 3.3264E-08 2.2479E-08 1.6685E-08
0.0000E+00 0.0000E+00 0.0000E+00 0.0000E+00 0.0000E+00 0.0000E+00 0.0000E+00 0.0000E+00 0.0000E+00 0.0000E+00 0.0000E+00 0.0000E+00 0.0000E+00 9.5307E-11 4.2718E-10 9.1569E-10 1.5149E-09 2.2803E-09 3.2729E-09 4.5289E-09 6.1151E-09 8.0891E-09 1.0518E-08 1.3604E-08 1.7402E-08 2.1660E-08 2.6280E-08 3.1318E-08 3.6698E-08 4.2295E-08 4.7967E-08 5.3550E-08 5.8799E-08 6.3158E-08 6.6371E-08 7.1304E-08 1.4356E-07 1.3793E-07 1.2820E-07 1.1957E-07 1.1214E-07 1.0558E-07 9.9752E-08 9.4514E-08 8.9806E-08 8.5527E-08 8.0011E-08 7.6929E-08 7.3770E-08 6.9459E-08 6.6461E-08 6.3544E-08 5.3115E-08 4.0132E-08 3.2580E-08 2.4102E-08 1.7390E-08
0.0000E+00 0.0000E+00 0.0000E+00 0.0000E+00 0.0000E+00 0.0000E+00 0.0000E+00 0.0000E+00 0.0000E+00 0.0000E+00 0.0000E+00 0.0000E+00 1.2492E-11 2.1311E-10 6.5079E-10 1.1955E-09 1.8651E-09 2.7673E-09 3.9352E-09 5.4284E-09 7.3192E-09 9.6825E-09 1.2631E-08 1.6388E-08 2.0866E-08 2.5879E-08 3.1364E-08 3.7360E-08 4.3751E-08 5.0385E-08 5.7089E-08 6.3663E-08 6.9814E-08 7.4737E-08 7.8338E-08 1.7576E-07 1.8572E-07 1.7001E-07 1.5514E-07 1.4269E-07 1.3219E-07 1.2320E-07 1.1541E-07 1.0852E-07 1.0238E-07 9.6785E-08 8.9888E-08 8.5871E-08 8.1807E-08 7.6576E-08 7.2848E-08 6.4095E-08 5.4067E-08 4.2936E-08 3.2694E-08 2.6654E-08 1.8570E-08
0.0000E+00 0.0000E+00 0.0000E+00 0.0000E+00 0.0000E+00 0.0000E+00 0.0000E+00 0.0000E+00 0.0000E+00 0.0000E+00 0.0000E+00 0.0000E+00 6.3828E-11 3.7001E-10 8.5341E-10 1.4535E-09 2.2324E-09 3.2755E-09 4.6319E-09 6.3804E-09 8.5994E-09 1.1384E-08 1.4923E-08 1.9350E-08 2.4541E-08 3.0342E-08 3.6762E-08 4.3773E-08 5.1234E-08 5.8967E-08 6.6756E-08 7.4377E-08 8.1513E-08 8.6952E-08 1.3285E-07 2.4793E-07 2.2660E-07 2.0228E-07 1.8236E-07 1.6581E-07 1.5216E-07 1.4075E-07 1.3099E-07 1.2244E-07 1.1481E-07 1.0796E-07 1.0192E-07 9.4695E-08 8.9728E-08 8.4990E-08 7.9111E-08 6.8556E-08 5.8302E-08 4.5963E-08 3.1569E-08 2.3650E-08 1.9878E-08
0.0000E+00 0.0000E+00 0.0000E+00 0.0000E+00 0.0000E+00 0.0000E+00 0.0000E+00 0.0000E+00 0.0000E+00 0.0000E+00 0.0000E+00 1.2618E-12 1.4230E-10 5.3811E-10 1.0649E-09 1.7142E-09 2.6063E-09 3.7947E-09 5.3472E-09 7.3555E-09 9.9154E-09 1.3153E-08 1.7289E-08 2.2398E-08 2.8316E-08 3.4926E-08 4.2306E-08 5.0357E-08 5.8914E-08 6.7769E-08 7.6670E-08 8.5357E-08 9.3519E-08 9.9427E-08 3.1080E-07 3.0091E-07 2.6431E-07 2.3294E-07 2.0800E-07 1.8765E-07 1.7110E-07 1.5747E-07 1.4587E-07 1.3578E-07 1.2680E-07 1.1876E-07 1.1168E-07 1.0502E-07 9.7383E-08 9.1747E-08 8.5048E-08 7.3323E-08 5.5868E-08 4.3356E-08 3.3261E-08 2.4290E-08 2.1162E-08
0.0000E+00 0.0000E+00 0.0000E+00 0.0000E+00 0.0000E+00 0.0000E+00 0.0000E+00 0.0000E+00 0.0000E+00 0.0000E+00 0.0000E+00 1.3893E-11 2.3315E-10 6.8288E-10 1.2570E-09 1.9704E-09 2.9718E-09 4.3037E-09 6.0539E-09 8.3208E-09 1.1218E-08 1.4906E-08 1.9619E-08 2.5367E-08 3.2004E-08 3.9458E-08 4.7787E-08 5.6866E-08 6.6506E-08 7.6467E-08 8.6465E-08 9.6199E-08 1.0540E-07 2.7183E-07 3.9093E-07 3.4286E-07 2.9633E-07 2.5960E-07 2.3052E-07 2.0709E-07 1.8817E-07 1.7268E-07 1.5952E-07 1.4817E-07 1.3797E-07 1.2897E-07 1.2083E-07 1.1313E-07 1.0451E-07 9.8082E-08 8.5702E-08 7.2115E-08 5.8641E-08 4.3575E-08 3.5067E-08 2.5495E-08 2.2692E-08
0.0000E+00 0.0000E+00 0.0000E+00 0.0000E+00 0.0000E+00 0.0000E+00 0.0000E+00 0.0000E+00 0.0000E+00 0.0000E+00 0.0000E+00 2.7179E-11 3.2834E-10 8.1309E-10 1.4160E-09 2.2083E-09 3.3139E-09 4.7826E-09 6.7222E-09 9.2352E-09 1.2451E-08 1.6571E-08 2.1816E-08 2.8178E-08 3.5487E-08 4.3746E-08 5.2973E-08 6.3023E-08 7.3687E-08 8.4693E-08 9.5725E-08 1.0645E-07 1.1720E-07 4.7788E-07 4.3603E-07 3.7291E-07 3.2130E-07 2.8071E-07 2.4876E-07 2.2325E-07 2.0267E-07 1.8581E-07 1.7157E-07 1.5920E-07 1.4807E-07 1.3822E-07 1.2909E-07 1.2056E-07 1.1084E-07 1.0385E-07 8.9777E-08 7.6291E-08 6.1473E-08 4.3237E-08 3.0922E-08 2.6712E-08 2.3814E-08
