Assets/Resources/2015_m01_d13_0400(utc+0800)_l00_csi_1hr_conc.grd
DSAA
         159         159
     -79.000      79.000
     -79.000      79.000
  0.0000E+00  0.5520E-05
[rows 25 to 49 of 159, columns 0 to 56 of 159]
1.4073E-11 1.4181E-11 1.3072E-11 1.5267E-11 1.5885E-11 1.6275E-11 1.6424E-11 1.6663E-11 1.9741E-11 1.9515E-11 1.8967E-11 1.8034E-11 1.6952E-11 1.6150E-11 1.3823E-11 1.1255E-11 8.1954E-12 5.4246E-12 3.2342E-12 1.3680E-12 7.3601E-13 2.4326E-13 0.0000E+00 0.0000E+00 0.0000E+00 0.0000E+00 0.0000E+00 0.0000E+00 0.0000E+00 0.0000E+00 0.0000E+00 0.0000E+00 0.0000E+00 0.0000E+00 0.0000E+00 0.0000E+00 0.0000E+00 0.0000E+00 0.0000E+00 0.0000E+00 0.0000E+00 0.0000E+00 0.0000E+00 0.0000E+00 0.0000E+00 0.0000E+00 0.0000E+00 0.0000E+00 0.0000E+00 0.0000E+00 0.0000E+00 0.0000E+00 0.0000E+00 0.0000E+00 0.0000E+00 0.0000E+00 0.0000E+00
2.9419E-11 2.8107E-11 2.8899E-11 3.0076E-11 3.0885E-11 3.1669E-11 3.2809E-11 3.3795E-11 3.4799E-11 3.7069E-11 3.7249E-11 3.7042E-11 3.6472E-11 3.5568E-11 3.4976E-11 3.2363E-11 2.9164E-11 2.3087E-11 1.8834E-11 1.4218E-11 9.6228E-12 6.3233E-12 3.3026E-12 1.6334E-12 6.1092E-13 4.9836E-14 0.0000E+00 0.0000E+00 0.0000E+00 0.0000E+00 0.0000E+00 0.0000E+00 0.0000E+00 0.0000E+00 0.0000E+00 0.0000E+00 0.0000E+00 0.0000E+00 0.0000E+00 0.0000E+00 0.0000E+00 0.0000E+00 0.0000E+00 0.0000E+00 0.0000E+00 0.0000E+00 0.0000E+00 0.0000E+00 0.0000E+00 0.0000E+00 0.0000E+00 0.0000E+00 0.0000E+00 0.0000E+00 0.0000E+00 0.0000E+00 0.0000E+00
4.3420E-11 4.4639E-11 4.6899E-11 4.9841E-11 5.1654E-11 5.1080E-11 5.1738E-11 5.2398E-11 5.3391E-11 5.4285E-11 5.6672E-11 5.6771E-11 5.6429E-11 5.5664E-11 5.4498E-11 5.2981E-11 5.1132E-11 4.8810E-11 4.2970E-11 3.8686E-11 3.0627E-11 2.4391E-11 1.8446E-11 1.2806E-11 8.2896E-12 4.5942E-12 2.0575E-12 5.9350E-13 0.0000E+00 0.0000E+00 0.0000E+00 0.0000E+00 0.0000E+00 0.0000E+00 0.0000E+00 0.0000E+00 0.0000E+00 0.0000E+00 0.0000E+00 0.0000E+00 0.0000E+00 0.0000E+00 0.0000E+00 0.0000E+00 0.0000E+00 0.0000E+00 0.0000E+00 0.0000E+00 0.0000E+00 0.0000E+00 0.0000E+00 0.0000E+00 0.0000E+00 0.0000E+00 0.0000E+00 0.0000E+00 0.0000E+00
5.9219E-11 6.1618E-11 6.2936E-11 6.4106E-11 6.7417E-11 7.0272E-11 7.1500E-11 7.2061E-11 7.2709E-11 7.4161E-11 7.5292E-11 7.5864E-11 7.5669E-11 7.5005E-11 7.3842E-11 7.2224E-11 7.0355E-11 6.8129E-11 6.5415E-11 5.8263E-11 5.5307E-11 4.8380E-11 4.2808E-11 3.6242E-11 2.6287E-11 1.9626E-11 1.3493E-11 8.2837E-12 4.1492E-12 1.4162E-12 5.7700E-14 0.0000E+00 0.0000E+00 0.0000E+00 0.0000E+00 0.0000E+00 0.0000E+00 0.0000E+00 0.0000E+00 0.0000E+00 0.0000E+00 0.0000E+00 0.0000E+00 0.0000E+00 0.0000E+00 0.0000E+00 0.0000E+00 0.0000E+00 0.0000E+00 0.0000E+00 0.0000E+00 0.0000E+00 0.0000E+00 0.0000E+00 0.0000E+00 0.0000E+00 0.0000E+00
7.3365E-11 7.9282E-11 8.1803E-11 8.3311E-11 8.5611E-11 8.9110E-11 9.2474E-11 9.3297E-11 9.3721E-11 9.4526E-11 9.4898E-11 9.4823E-11 9.4298E-11 9.3087E-11 9.1517E-11 8.9625E-11 8.7427E-11 8.4944E-11 8.2201E-11 7.9224E-11 7.3531E-11 7.0224E-11 6.4031E-11 5.6947E-11 5.1486E-11 4.1762E-11 3.1932E-11 2.4598E-11 1.7875E-11 1.1615E-11 5.8496E-12 2.0466E-12 1.5336E-13 0.0000E+00 0.0000E+00 0.0000E+00 0.0000E+00 0.0000E+00 0.0000E+00 0.0000E+00 0.0000E+00 0.0000E+00 0.0000E+00 0.0000E+00 0.0000E+00 0.0000E+00 0.0000E+00 0.0000E+00 0.0000E+00 0.0000E+00 0.0000E+00 0.0000E+00 0.0000E+00 0.0000E+00 0.0000E+00 0.0000E+00 0.0000E+00
9.3813E-11 9.7700E-11 1.0223E-10 1.0609E-10 1.0790E-10 1.1050E-10 1.1302E-10 1.1410E-10 1.1488E-10 1.1592E-10 1.1698E-10 1.1775E-10 1.1762E-10 1.1680E-10 1.1516E-10 1.1304E-10 1.1052E-10 1.0762E-10 1.0437E-10 1.0080E-10 9.6957E-11 8.7603E-11 8.3416E-11 7.9096E-11 7.1732E-11 6.6372E-11 5.3789E-11 4.1117E-11 3.4263E-11 2.7254E-11 2.0475E-11 1.3587E-11 6.6111E-12 2.1171E-12 2.4040E-14 0.0000E+00 0.0000E+00 0.0000E+00 0.0000E+00 0.0000E+00 0.0000E+00 0.0000E+00 0.0000E+00 0.0000E+00 0.0000E+00 0.0000E+00 0.0000E+00 0.0000E+00 0.0000E+00 0.0000E+00 0.0000E+00 0.0000E+00 0.0000E+00 0.0000E+00 0.0000E+00 0.0000E+00 0.0000E+00
1.1767E-10 1.2102E-10 1.2495E-10 1.2856E-10 1.3098E-10 1.3410E-10 1.3739E-10 1.4050E-10 1.4214E-10 1.4281E-10 1.4359E-10 1.4403E-10 1.4383E-10 1.4274E-10 1.4085E-10 1.3843E-10 1.3551E-10 1.3213E-10 1.2830E-10 1.2407E-10 1.1948E-10 1.1457E-10 1.0665E-10 1.0132E-10 9.5792E-11 8.4046E-11 7.7836E-11 6.7540E-11 5.1470E-11 4.1323E-11 3.4367E-11 2.7980E-11 2.1205E-11 1.3922E-11 6.0948E-12 1.5655E-12 0.0000E+00 0.0000E+00 0.0000E+00 0.0000E+00 0.0000E+00 0.0000E+00 0.0000E+00 0.0000E+00 0.0000E+00 0.0000E+00 0.0000E+00 0.0000E+00 0.0000E+00 0.0000E+00 0.0000E+00 0.0000E+00 0.0000E+00 0.0000E+00 0.0000E+00 0.0000E+00 0.0000E+00
1.4525E-10 1.4946E-10 1.5432E-10 1.5914E-10 1.6495E-10 1.6822E-10 1.7130E-10 1.7534E-10 1.7770E-10 1.7901E-10 1.7967E-10 1.7996E-10 1.8029E-10 1.7982E-10 1.7841E-10 1.7585E-10 1.7270E-10 1.6849E-10 1.6370E-10 1.5837E-10 1.5256E-10 1.4632E-10 1.3972E-10 1.2979E-10 1.2261E-10 1.1497E-10 1.0382E-10 9.5616E-11 7.8065E-11 6.1434E-11 5.3794E-11 4.3091E-11 3.5758E-11 2.7137E-11 2.0182E-11 1.2116E-11 4.5416E-12 6.8629E-13 0.0000E+00 0.0000E+00 0.0000E+00 0.0000E+00 0.0000E+00 0.0000E+00 0.0000E+00 0.0000E+00 0.0000E+00 0.0000E+00 0.0000E+00 0.0000E+00 0.0000E+00 0.0000E+00 0.0000E+00 0.0000E+00 0.0000E+00 0.0000E+00 0.0000E+00
1.7659E-10 1.8263E-10 1.8991E-10 1.9504E-10 2.0228E-10 2.0710E-10 2.1124E-10 2.1474E-10 2.1863E-10 2.2202E-10 2.2331E-10 2.2374E-10 2.2332E-10 2.2218E-10 2.2050E-10 2.1836E-10 2.1525E-10 2.1113E-10 2.0547E-10 1.9902E-10 1.9184E-10 1.8401E-10 1.7562E-10 1.6498E-10 1.5582E-10 1.4603E-10 1.3570E-10 1.2171E-10 1.1141E-10 8.9320E-11 7.4781E-11 6.3451E-11 5.1842E-11 4.3593E-11 3.3582E-11 2.7021E-11 1.7639E-11 8.7429E-12 2.1886E-12 0.0000E+00 0.0000E+00 0.0000E+00 0.0000E+00 0.0000E+00 0.0000E+00 0.0000E+00 0.0000E+00 0.0000E+00 0.0000E+00 0.0000E+00 0.0000E+00 0.0000E+00 0.0000E+00 0.0000E+00 0.0000E+00 0.0000E+00 0.0000E+00
2.1499E-10 2.2259E-10 2.3205E-10 2.3944E-10 2.4628E-10 2.5299E-10 2.6060E-10 2.6557E-10 2.6961E-10 2.7379E-10 2.7682E-10 2.7931E-10 2.8007E-10 2.7903E-10 2.7681E-10 2.7380E-10 2.6977E-10 2.6510E-10 2.5883E-10 2.5189E-10 2.4347E-10 2.3420E-10 2.2415E-10 2.1342E-10 2.0256E-10 1.9025E-10 1.7681E-10 1.6330E-10 1.5260E-10 1.3920E-10 1.0614E-10 9.5968E-11 8.5182E-11 7.1141E-11 6.0592E-11 4.5466E-11 3.7429E-11 2.7595E-11 1.7722E-11 7.9942E-12 3.7762E-12 3.2326E-12 3.0400E-12 2.8435E-12 2.6454E-12 2.4911E-12 2.1763E-12 1.7814E-12 6.1126E-13 0.0000E+00 0.0000E+00 0.0000E+00 0.0000E+00 0.0000E+00 0.0000E+00 0.0000E+00 0.0000E+00
2.5733E-10 2.6663E-10 2.7581E-10 2.8659E-10 2.9613E-10 3.0410E-10 3.1105E-10 3.1776E-10 3.2584E-10 3.3005E-10 3.3311E-10 3.3497E-10 3.3865E-10 3.3937E-10 3.3756E-10 3.3462E-10 3.2962E-10 3.2367E-10 3.1623E-10 3.0659E-10 2.9627E-10 2.8962E-10 2.7826E-10 2.7045E-10 2.5708E-10 2.4461E-10 2.3252E-10 2.2141E-10 2.0534E-10 1.8963E-10 1.7416E-10 1.4265E-10 1.3302E-10 1.1917E-10 9.8470E-11 8.4507E-11 6.8264E-11 5.5389E-11 4.2360E-11 2.9033E-11 1.6291E-11 8.6431E-12 7.2091E-12 6.7452E-12 6.3478E-12 5.7310E-12 5.1200E-12 4.4260E-12 2.7837E-12 0.0000E+00 0.0000E+00 0.0000E+00 0.0000E+00 0.0000E+00 0.0000E+00 0.0000E+00 0.0000E+00
3.0384E-10 3.1657E-10 3.2847E-10 3.3889E-10 3.4866E-10 3.6003E-10 3.6983E-10 3.7742E-10 3.8385E-10 3.9100E-10 3.9713E-10 4.0140E-10 4.0295E-10 4.0379E-10 4.0584E-10 4.0376E-10 3.9972E-10 3.9819E-10 3.9076E-10 3.8583E-10 3.7422E-10 3.6606E-10 3.5645E-10 3.4676E-10 3.3622E-10 3.1994E-10 3.0762E-10 2.9327E-10 2.8012E-10 2.6172E-10 2.4376E-10 2.2609E-10 1.9473E-10 1.7965E-10 1.6293E-10 1.4230E-10 1.2430E-10 1.0098E-10 8.4115E-11 6.7211E-11 4.9891E-11 3.2256E-11 1.9894E-11 1.6028E-11 1.4132E-11 1.2925E-11 1.1704E-11 1.0130E-11 8.3468E-12 2.9382E-12 0.0000E+00 0.0000E+00 0.0000E+00 0.0000E+00 0.0000E+00 0.0000E+00 0.0000E+00
3.5726E-10 3.7078E-10 3.8388E-10 3.9873E-10 4.1067E-10 4.2320E-10 4.3349E-10 4.4528E-10 4.5410E-10 4.6155E-10 4.6868E-10 4.7979E-10 4.8411E-10 4.9101E-10 4.9190E-10 4.9449E-10 4.9081E-10 4.8980E-10 4.8765E-10 4.7782E-10 4.7198E-10 4.5928E-10 4.5082E-10 4.3415E-10 4.2629E-10 4.0577E-10 3.9041E-10 3.6987E-10 3.5462E-10 3.3950E-10 3.1899E-10 2.9889E-10 2.7479E-10 2.4497E-10 2.2400E-10 2.0223E-10 1.7984E-10 1.6020E-10 1.3732E-10 1.1572E-10 9.3614E-11 7.1821E-11 4.9130E-11 3.1930E-11 2.3924E-11 1.9960E-11 1.6772E-11 1.4628E-11 1.2542E-11 9.0221E-12 0.0000E+00 0.0000E+00 0.0000E+00 0.0000E+00 0.0000E+00 0.0000E+00 0.0000E+00
4.1565E-10 4.3384E-10 4.4951E-10 4.6523E-10 4.8042E-10 4.9649E-10 5.0911E-10 5.2189E-10 5.3973E-10 5.4979E-10 5.6198E-10 5.7417E-10 5.8054E-10 5.9504E-10 5.9705E-10 6.0170E-10 6.0073E-10 6.0122E-10 5.9400E-10 5.9022E-10 5.8496E-10 5.7187E-10 5.6341E-10 5.4664E-10 5.3430E-10 5.1241E-10 4.9449E-10 4.6919E-10 4.4418E-10 4.2030E-10 3.9653E-10 3.7290E-10 3.4926E-10 3.2561E-10 2.9188E-10 2.6718E-10 2.4251E-10 2.2146E-10 1.9983E-10 1.7250E-10 1.4932E-10 1.2487E-10 9.9820E-11 7.2638E-11 5.0737E-11 3.8029E-11 2.9884E-11 2.4265E-11 1.9954E-11 1.6671E-11 7.0013E-12 0.0000E+00 0.0000E+00 0.0000E+00 0.0000E+00 0.0000E+00 0.0000E+00
4.8475E-10 5.0352E-10 5.2279E-10 5.4344E-10 5.6476E-10 5.8148E-10 6.0464E-10 6.2165E-10 6.3915E-10 6.5733E-10 6.7418E-10 6.9014E-10 6.9820E-10 7.0906E-10 7.2064E-10 7.2887E-10 7.3436E-10 7.3146E-10 7.3102E-10 7.2222E-10 7.1747E-10 7.0436E-10 6.8873E-10 6.7044E-10 6.4939E-10 6.2576E-10 6.0021E-10 5.7237E-10 5.4234E-10 5.1242E-10 4.8391E-10 4.5616E-10 4.2814E-10 4.0006E-10 3.7228E-10 3.3464E-10 3.1006E-10 2.8096E-10 2.5610E-10 2.3172E-10 2.0457E-10 1.7896E-10 1.5037E-10 1.2222E-10 9.1421E-11 6.5779E-11 5.0152E-11 3.8931E-11 2.9379E-11 2.3153E-11 1.7287E-11 0.0000E+00 0.0000E+00 0.0000E+00 0.0000E+00 0.0000E+00 0.0000E+00
5.6031E-10 5.8908E-10 6.1136E-10 6.3623E-10 6.5733E-10 6.9078E-10 7.1167E-10 7.3807E-10 7.5810E-10 7.8030E-10 7.9713E-10 8.1989E-10 8.3695E-10 8.4882E-10 8.6334E-10 8.6854E-10 8.7514E-10 8.7424E-10 8.7068E-10 8.6260E-10 8.5151E-10 8.3756E-10 8.2041E-10 8.0008E-10 7.7635E-10 7.4975E-10 7.2095E-10 6.9029E-10 6.5880E-10 6.2551E-10 5.9119E-10 5.5670E-10 5.2375E-10 4.9066E-10 4.5775E-10 4.2518E-10 3.8289E-10 3.5366E-10 3.2416E-10 2.9458E-10 2.6577E-10 2.3466E-10 2.0644E-10 1.7500E-10 1.4330E-10 1.0807E-10 7.8992E-11 6.1776E-11 4.7728E-11 3.5848E-11 2.6511E-11 1.2119E-11 0.0000E+00 0.0000E+00 0.0000E+00 0.0000E+00 0.0000E+00
6.5236E-10 6.7908E-10 7.0822E-10 7.4051E-10 7.7250E-10 8.0198E-10 8.3073E-10 8.6425E-10 8.9050E-10 9.2073E-10 9.4142E-10 9.6580E-10 9.8398E-10 1.0029E-09 1.0139E-09 1.0219E-09 1.0274E-09 1.0275E-09 1.0232E-09 1.0153E-09 1.0038E-09 9.8883E-10 9.7005E-10 9.4729E-10 9.2093E-10 8.9214E-10 8.5991E-10 8.2521E-10 7.8895E-10 7.5195E-10 7.1463E-10 6.7402E-10 6.3284E-10 5.9283E-10 5.5401E-10 5.1542E-10 4.7711E-10 4.2991E-10 3.9561E-10 3.6135E-10 3.2721E-10 2.9333E-10 2.6082E-10 2.2804E-10 1.9293E-10 1.5730E-10 1.1776E-10 8.6870E-11 6.7645E-11 5.2536E-11 3.9113E-11 2.7332E-11 6.2208E-13 0.0000E+00 0.0000E+00 0.0000E+00 0.0000E+00
7.4836E-10 7.8315E-10 8.2090E-10 8.5780E-10 8.9265E-10 9.3101E-10 9.6820E-10 1.0048E-09 1.0379E-09 1.0695E-09 1.0969E-09 1.1261E-09 1.1475E-09 1.1660E-09 1.1820E-09 1.1928E-09 1.1996E-09 1.2007E-09 1.1976E-09 1.1901E-09 1.1785E-09 1.1627E-09 1.1441E-09 1.1189E-09 1.0892E-09 1.0558E-09 1.0204E-09 9.8214E-10 9.4113E-10 8.9874E-10 8.5503E-10 8.1066E-10 7.6375E-10 7.1553E-10 6.6805E-10 6.2261E-10 5.7739E-10 5.3122E-10 4.7999E-10 4.3944E-10 3.9908E-10 3.5937E-10 3.2055E-10 2.8277E-10 2.4704E-10 2.0961E-10 1.6839E-10 1.2475E-10 9.1866E-11 7.2223E-11 5.5822E-11 4.1313E-11 2.0725E-11 1.3009E-12 0.0000E+00 0.0000E+00 0.0000E+00
8.6042E-10 9.0463E-10 9.4701E-10 9.8901E-10 1.0320E-09 1.0751E-09 1.1191E-09 1.1596E-09 1.1992E-09 1.2353E-09 1.2719E-09 1.3012E-09 1.3273E-09 1.3517E-09 1.3707E-09 1.3844E-09 1.3938E-09 1.3972E-09 1.3958E-09 1.3904E-09 1.3799E-09 1.3634E-09 1.3414E-09 1.3151E-09 1.2833E-09 1.2463E-09 1.2054E-09 1.1628E-09 1.1192E-09 1.0716E-09 1.0215E-09 9.6932E-10 9.1566E-10 8.6084E-10 8.0399E-10 7.4764E-10 6.9420E-10 6.4173E-10 5.8589E-10 5.3070E-10 4.8385E-10 4.3647E-10 3.9018E-10 3.4606E-10 3.0334E-10 2.6309E-10 2.2275E-10 1.7712E-10 1.2923E-10 9.5327E-11 7.5265E-11 5.7742E-11 4.2512E-11 7.0019E-12 1.8049E-12 0.0000E+00 0.0000E+00
9.8649E-10 1.0373E-09 1.0874E-09 1.1375E-09 1.1874E-09 1.2386E-09 1.2863E-09 1.3325E-09 1.3796E-09 1.4236E-09 1.4620E-09 1.4971E-09 1.5310E-09 1.5585E-09 1.5820E-09 1.5999E-09 1.6126E-09 1.6202E-09 1.6218E-09 1.6170E-09 1.6064E-09 1.5917E-09 1.5685E-09 1.5387E-09 1.5046E-09 1.4668E-09 1.4218E-09 1.3730E-09 1.3214E-09 1.2682E-09 1.2116E-09 1.1514E-09 1.0893E-09 1.0261E-09 9.6233E-10 8.9596E-10 8.3065E-10 7.6789E-10 7.0671E-10 6.4078E-10 5.8032E-10 5.2533E-10 4.7145E-10 4.1863E-10 3.6809E-10 3.2068E-10 2.7613E-10 2.3286E-10 1.8243E-10 1.3183E-10 9.7623E-11 7.6392E-11 5.8117E-11 3.3302E-11 7.9283E-12 2.2556E-12 0.0000E+00
1.1247E-09 1.1836E-09 1.2412E-09 1.3000E-09 1.3592E-09 1.4156E-09 1.4696E-09 1.5264E-09 1.5792E-09 1.6278E-09 1.6732E-09 1.7171E-09 1.7557E-09 1.7891E-09 1.8180E-09 1.8408E-09 1.8598E-09 1.8703E-09 1.8740E-09 1.8733E-09 1.8640E-09 1.8474E-09 1.8254E-09 1.7964E-09 1.7583E-09 1.7141E-09 1.6667E-09 1.6126E-09 1.5547E-09 1.4929E-09 1.4286E-09 1.3610E-09 1.2902E-09 1.2176E-09 1.1438E-09 1.0692E-09 9.9187E-10 9.1556E-10 8.4299E-10 7.6974E-10 6.9342E-10 6.2804E-10 5.6426E-10 5.0249E-10 4.4336E-10 3.8739E-10 3.3504E-10 2.8662E-10 2.3985E-10 1.8388E-10 1.3333E-10 9.8237E-11 7.5944E-11 5.7154E-11 1.7140E-11 8.2459E-12 2.3549E-12
1.2753E-09 1.3419E-09 1.4093E-09 1.4785E-09 1.5451E-09 1.6085E-09 1.6745E-09 1.7372E-09 1.7963E-09 1.8533E-09 1.9087E-09 1.9587E-09 2.0045E-09 2.0449E-09 2.0820E-09 2.1113E-09 2.1333E-09 2.1481E-09 2.1580E-09 2.1583E-09 2.1527E-09 2.1393E-09 2.1152E-09 2.0838E-09 2.0442E-09 1.9963E-09 1.9422E-09 1.8839E-09 1.8220E-09 1.7535E-09 1.6793E-09 1.6007E-09 1.5190E-09 1.4355E-09 1.3503E-09 1.2639E-09 1.1770E-09 1.0873E-09 9.9916E-10 9.1490E-10 8.2870E-10 7.4519E-10 6.7128E-10 5.9936E-10 5.2931E-10 4.6338E-10 4.0244E-10 3.4599E-10 2.9458E-10 2.4298E-10 1.8104E-10 1.3258E-10 9.9744E-11 7.3904E-11 4.4920E-11 1.6958E-11 7.9496E-12
1.4377E-09 1.5138E-09 1.5937E-09 1.6710E-09 1.7458E-09 1.8224E-09 1.8967E-09 1.9664E-09 2.0348E-09 2.1024E-09 2.1655E-09 2.2244E-09 2.2785E-09 2.3292E-09 2.3716E-09 2.4077E-09 2.4380E-09 2.4586E-09 2.4732E-09 2.4796E-09 2.4750E-09 2.4621E-09 2.4393E-09 2.4059E-09 2.3630E-09 2.3159E-09 2.2579E-09 2.1927E-09 2.1216E-09 2.0446E-09 1.9622E-09 1.8732E-09 1.7802E-09 1.6839E-09 1.5856E-09 1.4860E-09 1.3851E-09 1.2842E-09 1.1811E-09 1.0807E-09 9.8350E-10 8.8326E-10 7.9439E-10 7.1038E-10 6.2983E-10 5.5285E-10 4.8071E-10 4.1399E-10 3.5298E-10 2.9870E-10 2.4040E-10 1.7686E-10 1.3053E-10 9.6724E-11 7.0419E-11 2.5893E-11 1.6121E-11
1.6129E-09 1.7023E-09 1.7908E-09 1.8780E-09 1.9648E-09 2.0533E-09 2.1361E-09 2.2168E-09 2.2972E-09 2.3729E-09 2.4457E-09 2.5150E-09 2.5804E-09 2.6383E-09 2.6893E-09 2.7354E-09 2.7726E-09 2.8006E-09 2.8215E-09 2.8305E-09 2.8317E-09 2.8200E-09 2.7972E-09 2.7680E-09 2.7240E-09 2.6702E-09 2.6070E-09 2.5383E-09 2.4596E-09 2.3732E-09 2.2789E-09 2.1800E-09 2.0762E-09 1.9675E-09 1.8552E-09 1.7399E-09 1.6233E-09 1.5061E-09 1.3891E-09 1.2714E-09 1.1568E-09 1.0454E-09 9.3784E-10 8.3749E-10 7.4410E-10 6.5527E-10 5.7160E-10 4.9420E-10 4.2265E-10 3.5727E-10 2.9812E-10 2.3177E-10 1.6939E-10 1.2660E-10 9.1871E-11 5.5183E-11 2.4067E-11
1.8027E-09 1.9026E-09 2.0023E-09 2.0996E-09 2.2029E-09 2.2996E-09 2.3946E-09 2.4893E-09 2.5796E-09 2.6670E-09 2.7514E-09 2.8320E-09 2.9068E-09 2.9750E-09 3.0381E-09 3.0931E-09 3.1376E-09 3.1753E-09 3.2031E-09 3.2180E-09 3.2216E-09 3.2153E-09 3.1974E-09 3.1645E-09 3.1195E-09 3.0653E-09 2.9980E-09 2.9210E-09 2.8358E-09 2.7432E-09 2.6387E-09 2.5262E-09 2.4074E-09 2.2837E-09 2.1556E-09 2.0245E-09 1.8911E-09 1.7562E-09 1.6220E-09 1.4884E-09 1.3557E-09 1.2281E-09 1.1057E-09 9.8651E-10 8.7515E-10 7.7254E-10 6.7515E-10 5.8437E-10 5.0172E-10 4.2611E-10 3.5815E-10 2.9271E-10 2.1869E-10 1.6168E-10 1.2058E-10 8.8731E-11 3.3979E-11
