Assets/Resources/2015_m01_d02_1200(utc+0800)_l00_csi_1hr_conc.grd
DSAA
         159         159
     -79.000      79.000
     -79.000      79.000
  0.0000E+00  0.1368E-05
[rows 25 to 49 of 159, columns 57 to 113 of 159]
1.2263E-10 1.7675E-10 2.4816E-10 3.4338E-10 4.6502E-10 6.2115E-10 8.1527E-10 1.0516E-09 1.3381E-09 1.6732E-09 2.0630E-09 2.5088E-09 3.0052E-09 3.5522E-09 4.1475E-09 4.7818E-09 5.4491E-09 6.1392E-09 6.8417E-09 7.5461E-09 8.2422E-09 8.9179E-09 9.5627E-09 1.0172E-08 1.0734E-08 1.1248E-08 1.1708E-08 1.2116E-08 1.2463E-08 1.2749E-08 1.2974E-08 1.3138E-08 1.3246E-08 1.3302E-08 1.3319E-08 1.3292E-08 1.3234E-08 1.3149E-08 1.3043E-08 1.2916E-08 1.2770E-08 1.2604E-08 1.2428E-08 1.2234E-08 1.2022E-08 1.1796E-08 1.1553E-08 1.1296E-08 1.1027E-08 1.0746E-08 1.0456E-08 1.0160E-08 9.8648E-09 9.5703E-09 9.2787E-09 8.9936E-09 8.7185E-09
1.3513E-10 1.9378E-10 2.7404E-10 3.7941E-10 5.1341E-10 6.8510E-10 8.9727E-10 1.1593E-09 1.4711E-09 1.8377E-09 2.2634E-09 2.7453E-09 3.2832E-09 3.8731E-09 4.5081E-09 5.1795E-09 5.8783E-09 6.5963E-09 7.3201E-09 8.0364E-09 8.7350E-09 9.4035E-09 1.0034E-08 1.0615E-08 1.1142E-08 1.1611E-08 1.2011E-08 1.2344E-08 1.2615E-08 1.2820E-08 1.2958E-08 1.3029E-08 1.3041E-08 1.3000E-08 1.2917E-08 1.2795E-08 1.2644E-08 1.2473E-08 1.2290E-08 1.2095E-08 1.1893E-08 1.1678E-08 1.1462E-08 1.1241E-08 1.1009E-08 1.0772E-08 1.0525E-08 1.0271E-08 1.0010E-08 9.7423E-09 9.4702E-09 9.1937E-09 8.9196E-09 8.6499E-09 8.3846E-09 8.1257E-09 7.8771E-09
1.4591E-10 2.0985E-10 2.9774E-10 4.1166E-10 5.5882E-10 7.4586E-10 9.7877E-10 1.2632E-09 1.6026E-09 2.0046E-09 2.4649E-09 2.9878E-09 3.5694E-09 4.2017E-09 4.8765E-09 5.5871E-09 6.3231E-09 7.0692E-09 7.8090E-09 8.5338E-09 9.2321E-09 9.8897E-09 1.0497E-08 1.1046E-08 1.1530E-08 1.1943E-08 1.2279E-08 1.2538E-08 1.2719E-08 1.2829E-08 1.2872E-08 1.2847E-08 1.2761E-08 1.2621E-08 1.2433E-08 1.2218E-08 1.1976E-08 1.1725E-08 1.1467E-08 1.1211E-08 1.0949E-08 1.0699E-08 1.0446E-08 1.0202E-08 9.9587E-09 9.7140E-09 9.4701E-09 9.2231E-09 8.9749E-09 8.7251E-09 8.4721E-09 8.2207E-09 7.9724E-09 7.7289E-09 7.4915E-09 7.2617E-09 7.0417E-09
1.5310E-10 2.2220E-10 3.1733E-10 4.3969E-10 6.0031E-10 8.0345E-10 1.0549E-09 1.3629E-09 1.7337E-09 2.1669E-09 2.6667E-09 3.2304E-09 3.8537E-09 4.5325E-09 5.2556E-09 6.0064E-09 6.7774E-09 7.5467E-09 8.3063E-09 9.0404E-09 9.7347E-09 1.0378E-08 1.0958E-08 1.1466E-08 1.1897E-08 1.2245E-08 1.2508E-08 1.2687E-08 1.2776E-08 1.2784E-08 1.2716E-08 1.2589E-08 1.2403E-08 1.2163E-08 1.1881E-08 1.1572E-08 1.1246E-08 1.0916E-08 1.0592E-08 1.0277E-08 9.9717E-09 9.6828E-09 9.4072E-09 9.1438E-09 8.8942E-09 8.6491E-09 8.4118E-09 8.1773E-09 7.9447E-09 7.7164E-09 7.4870E-09 7.2618E-09 7.0409E-09 6.8263E-09 6.6182E-09 6.4175E-09 6.2276E-09
1.5830E-10 2.3240E-10 3.3258E-10 4.6359E-10 6.3645E-10 8.5284E-10 1.1234E-09 1.4580E-09 1.8549E-09 2.3233E-09 2.8632E-09 3.4689E-09 4.1415E-09 4.8678E-09 5.6344E-09 6.4366E-09 7.2441E-09 8.0409E-09 8.8210E-09 9.5613E-09 1.0247E-08 1.0868E-08 1.1410E-08 1.1872E-08 1.2243E-08 1.2519E-08 1.2700E-08 1.2786E-08 1.2779E-08 1.2684E-08 1.2509E-08 1.2265E-08 1.1974E-08 1.1637E-08 1.1265E-08 1.0865E-08 1.0462E-08 1.0062E-08 9.6805E-09 9.3145E-09 8.9754E-09 8.6569E-09 8.3652E-09 8.0899E-09 7.8393E-09 7.6013E-09 7.3731E-09 7.1557E-09 6.9428E-09 6.7365E-09 6.5332E-09 6.3359E-09 6.1431E-09 5.9580E-09 5.7799E-09 5.6090E-09 5.4483E-09
1.6000E-10 2.3665E-10 3.4146E-10 4.8090E-10 6.6295E-10 8.9432E-10 1.1863E-09 1.5422E-09 1.9686E-09 2.4732E-09 3.0514E-09 3.7055E-09 4.4251E-09 5.2006E-09 6.0220E-09 6.8671E-09 7.7174E-09 8.5550E-09 9.3499E-09 1.0092E-08 1.0772E-08 1.1369E-08 1.1873E-08 1.2278E-08 1.2578E-08 1.2772E-08 1.2863E-08 1.2846E-08 1.2732E-08 1.2531E-08 1.2245E-08 1.1893E-08 1.1484E-08 1.1052E-08 1.0592E-08 1.0116E-08 9.6378E-09 9.1833E-09 8.7498E-09 8.3487E-09 7.9787E-09 7.6456E-09 7.3383E-09 7.0640E-09 6.8155E-09 6.5890E-09 6.3765E-09 6.1771E-09 5.9868E-09 5.8045E-09 5.6274E-09 5.4584E-09 5.2951E-09 5.1388E-09 4.9895E-09 4.8480E-09 4.7154E-09
1.5872E-10 2.3720E-10 3.4572E-10 4.9124E-10 6.8145E-10 9.2706E-10 1.2354E-09 1.6122E-09 2.0698E-09 2.6090E-09 3.2295E-09 3.9295E-09 4.7012E-09 5.5327E-09 6.4076E-09 7.3023E-09 8.1984E-09 9.0704E-09 9.8974E-09 1.0653E-08 1.1318E-08 1.1884E-08 1.2345E-08 1.2687E-08 1.2908E-08 1.3010E-08 1.2996E-08 1.2871E-08 1.2646E-08 1.2327E-08 1.1930E-08 1.1470E-08 1.0959E-08 1.0423E-08 9.8794E-09 9.3350E-09 8.7969E-09 8.2912E-09 7.8216E-09 7.3910E-09 7.0028E-09 6.6601E-09 6.3532E-09 6.0822E-09 5.8413E-09 5.6307E-09 5.4381E-09 5.2583E-09 5.0914E-09 4.9340E-09 4.7849E-09 4.6426E-09 4.5082E-09 4.3795E-09 4.2580E-09 4.1431E-09 4.0368E-09
1.5351E-10 2.3228E-10 3.4341E-10 4.9146E-10 6.8990E-10 9.4583E-10 1.2680E-09 1.6704E-09 2.1554E-09 2.7275E-09 3.3911E-09 4.1431E-09 4.9695E-09 5.8590E-09 6.7921E-09 7.7441E-09 8.6884E-09 9.6010E-09 1.0456E-08 1.1226E-08 1.1886E-08 1.2426E-08 1.2831E-08 1.3105E-08 1.3245E-08 1.3249E-08 1.3123E-08 1.2879E-08 1.2536E-08 1.2096E-08 1.1581E-08 1.1010E-08 1.0402E-08 9.7705E-09 9.1461E-09 8.5329E-09 7.9515E-09 7.4039E-09 6.9099E-09 6.4603E-09 6.0685E-09 5.7202E-09 5.4219E-09 5.1599E-09 4.9357E-09 4.7417E-09 4.5675E-09 4.4114E-09 4.2695E-09 4.1370E-09 4.0147E-09 3.8990E-09 3.7900E-09 3.6879E-09 3.5919E-09 3.5014E-09 3.4188E-09
1.4444E-10 2.2253E-10 3.3505E-10 4.8519E-10 6.8864E-10 9.5106E-10 1.2884E-09 1.7085E-09 2.2192E-09 2.8271E-09 3.5333E-09 4.3332E-09 5.2180E-09 6.1685E-09 7.1650E-09 8.1785E-09 9.1786E-09 1.0137E-08 1.1024E-08 1.1811E-08 1.2476E-08 1.2992E-08 1.3351E-08 1.3550E-08 1.3592E-08 1.3490E-08 1.3249E-08 1.2879E-08 1.2403E-08 1.1837E-08 1.1204E-08 1.0525E-08 9.8142E-09 9.1043E-09 8.4050E-09 7.7384E-09 7.1130E-09 6.5415E-09 6.0293E-09 5.5772E-09 5.1819E-09 4.8457E-09 4.5566E-09 4.3106E-09 4.1056E-09 3.9299E-09 3.7793E-09 3.6462E-09 3.5276E-09 3.4213E-09 3.3220E-09 3.2316E-09 3.1473E-09 3.0681E-09 2.9946E-09 2.9264E-09 2.8650E-09
1.3193E-10 2.0934E-10 3.2001E-10 4.7055E-10 6.7544E-10 9.4390E-10 1.2908E-09 1.7262E-09 2.2609E-09 2.9016E-09 3.6482E-09 4.4989E-09 5.4408E-09 6.4599E-09 7.5240E-09 8.6033E-09 9.6657E-09 1.0677E-08 1.1602E-08 1.2407E-08 1.3068E-08 1.3569E-08 1.3890E-08 1.4017E-08 1.3969E-08 1.3753E-08 1.3383E-08 1.2887E-08 1.2278E-08 1.1578E-08 1.0821E-08 1.0026E-08 9.2295E-09 8.4384E-09 7.6724E-09 6.9585E-09 6.3084E-09 5.7175E-09 5.1964E-09 4.7481E-09 4.3625E-09 4.0400E-09 3.7699E-09 3.5417E-09 3.3575E-09 3.2056E-09 3.0784E-09 2.9679E-09 2.8726E-09 2.7876E-09 2.7121E-09 2.6428E-09 2.5797E-09 2.5218E-09 2.4682E-09 2.4182E-09 2.3752E-09
1.1767E-10 1.9215E-10 2.9946E-10 4.4806E-10 6.5204E-10 9.2215E-10 1.2763E-09 1.7229E-09 2.2777E-09 2.9465E-09 3.7326E-09 4.6315E-09 5.6323E-09 6.7131E-09 7.8440E-09 8.9975E-09 1.0131E-08 1.1200E-08 1.2170E-08 1.3007E-08 1.3678E-08 1.4159E-08 1.4440E-08 1.4514E-08 1.4374E-08 1.4044E-08 1.3548E-08 1.2911E-08 1.2162E-08 1.1334E-08 1.0454E-08 9.5469E-09 8.6501E-09 7.7850E-09 6.9668E-09 6.2091E-09 5.5380E-09 4.9449E-09 4.4299E-09 3.9856E-09 3.6197E-09 3.3116E-09 3.0641E-09 2.8588E-09 2.7004E-09 2.5713E-09 2.4648E-09 2.3770E-09 2.3029E-09 2.2379E-09 2.1822E-09 2.1324E-09 2.0881E-09 2.0473E-09 2.0105E-09 1.9767E-09 1.9484E-09
1.0148E-10 1.7217E-10 2.7539E-10 4.1909E-10 6.1987E-10 8.8875E-10 1.2434E-09 1.6980E-09 2.2658E-09 2.9581E-09 3.7772E-09 4.7211E-09 5.7764E-09 6.9206E-09 8.1271E-09 9.3560E-09 1.0560E-08 1.1697E-08 1.2725E-08 1.3598E-08 1.4282E-08 1.4754E-08 1.4999E-08 1.5014E-08 1.4804E-08 1.4370E-08 1.3747E-08 1.2971E-08 1.2079E-08 1.1116E-08 1.0108E-08 9.0965E-09 8.1006E-09 7.1613E-09 6.2890E-09 5.5113E-09 4.8237E-09 4.2305E-09 3.7277E-09 3.3030E-09 2.9525E-09 2.6689E-09 2.4449E-09 2.2669E-09 2.1317E-09 2.0258E-09 1.9397E-09 1.8722E-09 1.8153E-09 1.7701E-09 1.7297E-09 1.6967E-09 1.6670E-09 1.6422E-09 1.6179E-09 1.5988E-09 1.5815E-09
8.5793E-11 1.5182E-10 2.4641E-10 3.8581E-10 5.8026E-10 8.4331E-10 1.1964E-09 1.6515E-09 2.2270E-09 2.9350E-09 3.7810E-09 4.7629E-09 5.8684E-09 7.0745E-09 8.3486E-09 9.6474E-09 1.0929E-08 1.2141E-08 1.3232E-08 1.4154E-08 1.4868E-08 1.5345E-08 1.5568E-08 1.5533E-08 1.5242E-08 1.4717E-08 1.3979E-08 1.3069E-08 1.2039E-08 1.0936E-08 9.8005E-09 8.6782E-09 7.6021E-09 6.5817E-09 5.6677E-09 4.8609E-09 4.1675E-09 3.5822E-09 3.0946E-09 2.6945E-09 2.3691E-09 2.1121E-09 1.9145E-09 1.7613E-09 1.6501E-09 1.5651E-09 1.4981E-09 1.4466E-09 1.4066E-09 1.3750E-09 1.3506E-09 1.3301E-09 1.3137E-09 1.2990E-09 1.2883E-09 1.2768E-09 1.2711E-09
7.0120E-11 1.2849E-10 2.1800E-10 3.4839E-10 5.3351E-10 7.9033E-10 1.1358E-09 1.5862E-09 2.1627E-09 2.8788E-09 3.7401E-09 4.7502E-09 5.8959E-09 7.1535E-09 8.4902E-09 9.8647E-09 1.1226E-08 1.2512E-08 1.3672E-08 1.4654E-08 1.5410E-08 1.5907E-08 1.6124E-08 1.6050E-08 1.5695E-08 1.5081E-08 1.4238E-08 1.3211E-08 1.2048E-08 1.0806E-08 9.5452E-09 8.3143E-09 7.1428E-09 6.0624E-09 5.1021E-09 4.2726E-09 3.5795E-09 2.9999E-09 2.5374E-09 2.1651E-09 1.8705E-09 1.6395E-09 1.4674E-09 1.3389E-09 1.2510E-09 1.1845E-09 1.1328E-09 1.0940E-09 1.0684E-09 1.0485E-09 1.0362E-09 1.0254E-09 1.0195E-09 1.0142E-09 1.0114E-09 1.0089E-09 1.0101E-09
5.3282E-11 1.0708E-10 1.8939E-10 3.0910E-10 4.8463E-10 7.3016E-10 1.0642E-09 1.5076E-09 2.0771E-09 2.7906E-09 3.6598E-09 4.6854E-09 5.8609E-09 7.1621E-09 8.5539E-09 9.9924E-09 1.1423E-08 1.2787E-08 1.4023E-08 1.5072E-08 1.5883E-08 1.6417E-08 1.6643E-08 1.6554E-08 1.6153E-08 1.5462E-08 1.4521E-08 1.3380E-08 1.2094E-08 1.0723E-08 9.3397E-09 8.0014E-09 6.7433E-09 5.6047E-09 4.5958E-09 3.7535E-09 3.0511E-09 2.4925E-09 2.0454E-09 1.7072E-09 1.4454E-09 1.2418E-09 1.0954E-09 9.9004E-10 9.2284E-10 8.7317E-10 8.3725E-10 8.1098E-10 7.9093E-10 7.8059E-10 7.7470E-10 7.7428E-10 7.7565E-10 7.7880E-10 7.8025E-10 7.8847E-10 7.9439E-10
3.9557E-11 8.7828E-11 1.5974E-10 2.7229E-10 4.3506E-10 6.6589E-10 9.8761E-10 1.4160E-09 1.9737E-09 2.6795E-09 3.5441E-09 4.5750E-09 5.7674E-09 7.0958E-09 8.5268E-09 1.0020E-08 1.1516E-08 1.2955E-08 1.4270E-08 1.5395E-08 1.6272E-08 1.6853E-08 1.7108E-08 1.7019E-08 1.6592E-08 1.5846E-08 1.4823E-08 1.3578E-08 1.2173E-08 1.0686E-08 9.1858E-09 7.7323E-09 6.3923E-09 5.1904E-09 4.1531E-09 3.2830E-09 2.5933E-09 2.0452E-09 1.6266E-09 1.3133E-09 1.0824E-09 9.1021E-10 7.8756E-10 7.0477E-10 6.5349E-10 6.1857E-10 5.9548E-10 5.8124E-10 5.7095E-10 5.6493E-10 5.6408E-10 5.6668E-10 5.7115E-10 5.7985E-10 5.9244E-10 6.0361E-10 6.1512E-10
2.7369E-11 6.9247E-11 1.3530E-10 2.3665E-10 3.8577E-10 6.0369E-10 9.0683E-10 1.3176E-09 1.8614E-09 2.5499E-09 3.4038E-09 4.4286E-09 5.6207E-09 6.9657E-09 8.4262E-09 9.9572E-09 1.1504E-08 1.3004E-08 1.4389E-08 1.5588E-08 1.6540E-08 1.7190E-08 1.7497E-08 1.7436E-08 1.7003E-08 1.6220E-08 1.5131E-08 1.3792E-08 1.2278E-08 1.0679E-08 9.0684E-09 7.5180E-09 6.0957E-09 4.8325E-09 3.7579E-09 2.8780E-09 2.1895E-09 1.6618E-09 1.2705E-09 9.8178E-10 7.7919E-10 6.3111E-10 5.2889E-10 4.6900E-10 4.3265E-10 4.0960E-10 3.9756E-10 3.9355E-10 3.9251E-10 3.9307E-10 3.9746E-10 4.0246E-10 4.1351E-10 4.2366E-10 4.3443E-10 4.4796E-10 4.6327E-10
1.7389E-11 5.1870E-11 1.1145E-10 2.0429E-10 3.4084E-10 5.4278E-10 8.2686E-10 1.2195E-09 1.7393E-09 2.4091E-09 3.2474E-09 4.2561E-09 5.4411E-09 6.7841E-09 8.2537E-09 9.8053E-09 1.1389E-08 1.2938E-08 1.4385E-08 1.5654E-08 1.6680E-08 1.7402E-08 1.7771E-08 1.7758E-08 1.7354E-08 1.6567E-08 1.5438E-08 1.4029E-08 1.2424E-08 1.0716E-08 8.9955E-09 7.3543E-09 5.8509E-09 4.5344E-09 3.4293E-09 2.5468E-09 1.8499E-09 1.3463E-09 9.7494E-10 7.1911E-10 5.3852E-10 4.1550E-10 3.3067E-10 2.8445E-10 2.5417E-10 2.3548E-10 2.2560E-10 2.3105E-10 2.4285E-10 2.5218E-10 2.6315E-10 2.7482E-10 2.8698E-10 3.0062E-10 3.1372E-10 3.2655E-10 3.3924E-10
1.1642E-11 3.8760E-11 9.0225E-11 1.7269E-10 2.9978E-10 4.8723E-10 7.5313E-10 1.1246E-09 1.6211E-09 2.2663E-09 3.0797E-09 4.0674E-09 5.2359E-09 6.5648E-09 8.0364E-09 9.5944E-09 1.1195E-08 1.2775E-08 1.4263E-08 1.5590E-08 1.6684E-08 1.7481E-08 1.7923E-08 1.7976E-08 1.7612E-08 1.6845E-08 1.5704E-08 1.4255E-08 1.2582E-08 1.0783E-08 8.9699E-09 7.2313E-09 5.6583E-09 4.2882E-09 3.1613E-09 2.2668E-09 1.5932E-09 1.0919E-09 7.5163E-10 5.1269E-10 3.5687E-10 2.5591E-10 1.8920E-10 1.5560E-10 1.3194E-10 1.1541E-10 1.0617E-10 1.0375E-10 1.1020E-10 1.2910E-10 1.5182E-10 1.7005E-10 1.8356E-10 1.9766E-10 2.1358E-10 2.3068E-10 2.4578E-10
7.3108E-12 2.9530E-11 7.2123E-11 1.4542E-10 2.6243E-10 4.3448E-10 6.8551E-10 1.0368E-09 1.5099E-09 2.1299E-09 2.9141E-09 3.8775E-09 5.0196E-09 6.3299E-09 7.7884E-09 9.3392E-09 1.0941E-08 1.2536E-08 1.4051E-08 1.5418E-08 1.6567E-08 1.7428E-08 1.7943E-08 1.8061E-08 1.7757E-08 1.7028E-08 1.5903E-08 1.4434E-08 1.2715E-08 1.0852E-08 8.9607E-09 7.1502E-09 5.5086E-09 4.0950E-09 2.9429E-09 2.0459E-09 1.3821E-09 9.0344E-10 5.7758E-10 3.6488E-10 2.2860E-10 1.4385E-10 9.3872E-11 6.9165E-11 5.1445E-11 3.9663E-11 3.3337E-11 3.2114E-11 3.3520E-11 4.0347E-11 5.1152E-11 6.8956E-11 9.0991E-11 1.1248E-10 1.3085E-10 1.4907E-10 1.6782E-10
5.3105E-12 2.2379E-11 5.9771E-11 1.2484E-10 2.2667E-10 3.8771E-10 6.2377E-10 9.5455E-10 1.4061E-09 2.0026E-09 2.7609E-09 3.6952E-09 4.8114E-09 6.0964E-09 7.5285E-09 9.0692E-09 1.0661E-08 1.2251E-08 1.3777E-08 1.5166E-08 1.6351E-08 1.7262E-08 1.7838E-08 1.8024E-08 1.7788E-08 1.7110E-08 1.6008E-08 1.4545E-08 1.2799E-08 1.0891E-08 8.9397E-09 7.0757E-09 5.3844E-09 3.9417E-09 2.7701E-09 1.8766E-09 1.2185E-09 7.6489E-10 4.5420E-10 2.6309E-10 1.4409E-10 7.5178E-11 4.2450E-11 2.4083E-11 1.1205E-11 3.6465E-12 2.2225E-12 2.8808E-12 3.7237E-12 4.7932E-12 8.2242E-12 1.3553E-11 2.3353E-11 3.9126E-11 5.8048E-11 7.8985E-11 1.0102E-10
3.8122E-12 1.8396E-11 5.0163E-11 1.0641E-10 2.0167E-10 3.4880E-10 5.6878E-10 8.8198E-10 1.3152E-09 1.8877E-09 2.6237E-09 3.5346E-09 4.6186E-09 5.8755E-09 7.2823E-09 8.7992E-09 1.0370E-08 1.1944E-08 1.3462E-08 1.4859E-08 1.6063E-08 1.7010E-08 1.7634E-08 1.7879E-08 1.7699E-08 1.7072E-08 1.6013E-08 1.4566E-08 1.2819E-08 1.0882E-08 8.9017E-09 6.9929E-09 5.2708E-09 3.8029E-09 2.6285E-09 1.7357E-09 1.0957E-09 6.5709E-10 3.7218E-10 1.9417E-10 9.3611E-11 3.9223E-11 2.0261E-11 8.2056E-12 1.5999E-12 0.0000E+00 0.0000E+00 0.0000E+00 0.0000E+00 0.0000E+00 0.0000E+00 2.2512E-12 5.2489E-12 1.0330E-11 1.8107E-11 2.9803E-11 4.5722E-11
1.3297E-12 1.4518E-11 4.3080E-11 9.3839E-11 1.7844E-10 3.1401E-10 5.1927E-10 8.1582E-10 1.2324E-09 1.7880E-09 2.5031E-09 3.3894E-09 4.4560E-09 5.6910E-09 7.0660E-09 8.5520E-09 1.0106E-08 1.1654E-08 1.3149E-08 1.4526E-08 1.5731E-08 1.6693E-08 1.7347E-08 1.7636E-08 1.7510E-08 1.6937E-08 1.5922E-08 1.4501E-08 1.2760E-08 1.0823E-08 8.8216E-09 6.8958E-09 5.1542E-09 3.6731E-09 2.5002E-09 1.6166E-09 9.9503E-10 5.7225E-10 3.0754E-10 1.4450E-10 5.7749E-11 1.8260E-11 7.0829E-12 1.5389E-12 0.0000E+00 0.0000E+00 0.0000E+00 0.0000E+00 0.0000E+00 0.0000E+00 0.0000E+00 0.0000E+00 1.6576E-12 4.1763E-12 8.7699E-12 1.3987E-11 2.0432E-11
0.0000E+00 9.8690E-12 3.4864E-11 8.2098E-11 1.6000E-10 2.8436E-10 4.7705E-10 7.5952E-10 1.1585E-09 1.6943E-09 2.3942E-09 3.2698E-09 4.3210E-09 5.5326E-09 6.8889E-09 8.3552E-09 9.8780E-09 1.1400E-08 1.2861E-08 1.4211E-08 1.5391E-08 1.6340E-08 1.7002E-08 1.7316E-08 1.7227E-08 1.6700E-08 1.5729E-08 1.4347E-08 1.2630E-08 1.0704E-08 8.7018E-09 6.7730E-09 5.0231E-09 3.5523E-09 2.3833E-09 1.5174E-09 9.0671E-10 5.0890E-10 2.5705E-10 1.1073E-10 3.2711E-11 5.6875E-12 1.2099E-12 0.0000E+00 0.0000E+00 0.0000E+00 0.0000E+00 0.0000E+00 0.0000E+00 0.0000E+00 0.0000E+00 0.0000E+00 0.0000E+00 5.4074E-13 3.2141E-12 6.9147E-12 1.1334E-11
0.0000E+00 4.2461E-12 2.8356E-11 7.1088E-11 1.3942E-10 2.5760E-10 4.3891E-10 7.0712E-10 1.0916E-09 1.6136E-09 2.3009E-09 3.1617E-09 4.1986E-09 5.4034E-09 6.7548E-09 8.1990E-09 9.6954E-09 1.1193E-08 1.2624E-08 1.3933E-08 1.5073E-08 1.5992E-08 1.6639E-08 1.6953E-08 1.6882E-08 1.6385E-08 1.5452E-08 1.4110E-08 1.2429E-08 1.0519E-08 8.5382E-09 6.6127E-09 4.8792E-09 3.4193E-09 2.2715E-09 1.4253E-09 8.3677E-10 4.5362E-10 2.2059E-10 8.6825E-11 1.6445E-11 5.2435E-13 0.0000E+00 0.0000E+00 0.0000E+00 0.0000E+00 0.0000E+00 0.0000E+00 0.0000E+00 0.0000E+00 0.0000E+00 0.0000E+00 0.0000E+00 0.0000E+00 0.0000E+00 2.6070E-12 5.5587E-12
