Assets/Resources/2015_m01_d03_1300(utc+0800)_l00_csi_1hr_conc.grd
DSAA
         159         159
     -79.000      79.000
     -79.000      79.000
  0.2247E-10  0.2054E-05
[rows 25 to 49 of 159, columns 0 to 56 of 159]
5.4211E-11 5.7248E-11 6.0304E-11 6.3546E-11 6.6912E-11 7.0369E-11 7.4072E-11 7.7855E-11 8.1736E-11 8.5875E-11 9.0043E-11 9.4433E-11 9.8971E-11 1.0356E-10 1.0847E-10 1.1344E-10 1.1857E-10 1.2392E-10 1.2939E-10 1.3513E-10 1.4089E-10 1.4698E-10 1.5319E-10 1.5965E-10 1.6632E-10 1.7296E-10 1.7994E-10 1.8716E-10 1.9450E-10 2.0196E-10 2.0966E-10 2.1763E-10 2.2557E-10 2.3389E-10 2.4217E-10 2.5071E-10 2.5943E-10 2.6830E-10 2.7733E-10 2.8639E-10 2.9570E-10 3.0520E-10 3.1479E-10 3.2454E-10 3.3426E-10 3.4423E-10 3.5416E-10 3.6450E-10 3.7462E-10 3.8486E-10 3.9516E-10 4.0564E-10 4.1622E-10 4.2679E-10 4.3727E-10 4.4795E-10 4.5830E-10
5.5675E-11 5.8686E-11 6.1934E-11 6.5252E-11 6.8661E-11 7.2317E-11 7.5996E-11 7.9889E-11 8.3923E-11 8.8052E-11 9.2395E-11 9.6953E-11 1.0150E-10 1.0632E-10 1.1131E-10 1.1641E-10 1.2174E-10 1.2718E-10 1.3290E-10 1.3864E-10 1.4471E-10 1.5092E-10 1.5736E-10 1.6404E-10 1.7068E-10 1.7767E-10 1.8490E-10 1.9226E-10 1.9986E-10 2.0748E-10 2.1549E-10 2.2347E-10 2.3185E-10 2.4019E-10 2.4891E-10 2.5760E-10 2.6666E-10 2.7579E-10 2.8495E-10 2.9438E-10 3.0399E-10 3.1371E-10 3.2349E-10 3.3348E-10 3.4350E-10 3.5377E-10 3.6413E-10 3.7460E-10 3.8504E-10 3.9552E-10 4.0627E-10 4.1705E-10 4.2776E-10 4.3867E-10 4.4945E-10 4.6040E-10 4.7121E-10
5.7108E-11 6.0245E-11 6.3515E-11 6.6929E-11 7.0475E-11 7.4109E-11 7.8008E-11 8.1993E-11 8.6021E-11 9.0372E-11 9.4828E-11 9.9391E-11 1.0417E-10 1.0907E-10 1.1418E-10 1.1948E-10 1.2489E-10 1.3058E-10 1.3629E-10 1.4235E-10 1.4853E-10 1.5497E-10 1.6163E-10 1.6827E-10 1.7526E-10 1.8250E-10 1.8987E-10 1.9748E-10 2.0512E-10 2.1317E-10 2.2119E-10 2.2961E-10 2.3800E-10 2.4679E-10 2.5565E-10 2.6468E-10 2.7389E-10 2.8314E-10 2.9267E-10 3.0240E-10 3.1224E-10 3.2215E-10 3.3228E-10 3.4245E-10 3.5300E-10 3.6342E-10 3.7408E-10 3.8471E-10 3.9556E-10 4.0636E-10 4.1753E-10 4.2848E-10 4.3949E-10 4.5054E-10 4.6177E-10 4.7287E-10 4.8430E-10
5.8544E-11 6.1763E-11 6.5178E-11 6.8613E-11 7.2197E-11 7.6036E-11 7.9972E-11 8.4007E-11 8.8308E-11 9.2658E-11 9.7231E-11 1.0196E-10 1.0675E-10 1.1189E-10 1.1714E-10 1.2246E-10 1.2818E-10 1.3386E-10 1.3989E-10 1.4605E-10 1.5246E-10 1.5911E-10 1.6574E-10 1.7272E-10 1.7995E-10 1.8739E-10 1.9495E-10 2.0261E-10 2.1068E-10 2.1872E-10 2.2729E-10 2.3561E-10 2.4444E-10 2.5337E-10 2.6246E-10 2.7174E-10 2.8107E-10 2.9070E-10 3.0053E-10 3.1048E-10 3.2063E-10 3.3077E-10 3.4121E-10 3.5178E-10 3.6249E-10 3.7320E-10 3.8402E-10 3.9506E-10 4.0624E-10 4.1747E-10 4.2881E-10 4.4006E-10 4.5136E-10 4.6287E-10 4.7441E-10 4.8582E-10 4.9740E-10
6.0000E-11 6.3352E-11 6.6734E-11 7.0318E-11 7.4100E-11 7.7924E-11 8.1962E-11 8.6149E-11 9.0450E-11 9.4966E-11 9.9709E-11 1.0445E-10 1.0954E-10 1.1475E-10 1.2002E-10 1.2565E-10 1.3135E-10 1.3734E-10 1.4347E-10 1.4985E-10 1.5637E-10 1.6309E-10 1.7005E-10 1.7728E-10 1.8471E-10 1.9227E-10 1.9993E-10 2.0802E-10 2.1618E-10 2.2467E-10 2.3302E-10 2.4190E-10 2.5098E-10 2.6001E-10 2.6936E-10 2.7877E-10 2.8847E-10 2.9851E-10 3.0844E-10 3.1871E-10 3.2896E-10 3.3953E-10 3.5025E-10 3.6111E-10 3.7214E-10 3.8309E-10 3.9420E-10 4.0570E-10 4.1702E-10 4.2859E-10 4.4007E-10 4.5178E-10 4.6338E-10 4.7536E-10 4.8705E-10 4.9878E-10 5.1051E-10
6.1516E-11 6.4896E-11 6.8421E-11 7.2087E-11 7.5855E-11 7.9889E-11 8.4018E-11 8.8262E-11 9.2724E-11 9.7353E-11 1.0210E-10 1.0708E-10 1.1224E-10 1.1752E-10 1.2299E-10 1.2876E-10 1.3471E-10 1.4069E-10 1.4709E-10 1.5363E-10 1.6033E-10 1.6727E-10 1.7448E-10 1.8178E-10 1.8945E-10 1.9711E-10 2.0519E-10 2.1337E-10 2.2187E-10 2.3024E-10 2.3915E-10 2.4827E-10 2.5735E-10 2.6675E-10 2.7622E-10 2.8599E-10 2.9611E-10 3.0613E-10 3.1649E-10 3.2686E-10 3.3754E-10 3.4855E-10 3.5939E-10 3.7057E-10 3.8169E-10 3.9313E-10 4.0466E-10 4.1634E-10 4.2796E-10 4.3982E-10 4.5162E-10 4.6364E-10 4.7572E-10 4.8768E-10 4.9986E-10 5.1188E-10 5.2392E-10
6.2994E-11 6.6453E-11 7.0058E-11 7.3822E-11 7.7734E-11 8.1805E-11 8.5985E-11 9.0447E-11 9.4961E-11 9.9709E-11 1.0463E-10 1.0962E-10 1.1497E-10 1.2038E-10 1.2604E-10 1.3201E-10 1.3794E-10 1.4430E-10 1.5081E-10 1.5747E-10 1.6438E-10 1.7156E-10 1.7884E-10 1.8638E-10 1.9414E-10 2.0222E-10 2.1039E-10 2.1891E-10 2.2729E-10 2.3621E-10 2.4536E-10 2.5447E-10 2.6392E-10 2.7343E-10 2.8338E-10 2.9345E-10 3.0355E-10 3.1411E-10 3.2462E-10 3.3537E-10 3.4638E-10 3.5735E-10 3.6867E-10 3.8010E-10 3.9155E-10 4.0341E-10 4.1511E-10 4.2710E-10 4.3901E-10 4.5119E-10 4.6345E-10 4.7578E-10 4.8803E-10 5.0031E-10 5.1279E-10 5.2527E-10 5.3762E-10
6.4477E-11 6.8020E-11 7.1714E-11 7.5564E-11 7.9572E-11 8.3745E-11 8.8084E-11 9.2539E-11 9.7220E-11 1.0208E-10 1.0707E-10 1.1236E-10 1.1772E-10 1.2332E-10 1.2912E-10 1.3512E-10 1.4132E-10 1.4784E-10 1.5451E-10 1.6127E-10 1.6853E-10 1.7578E-10 1.8330E-10 1.9103E-10 1.9898E-10 2.0727E-10 2.1566E-10 2.2416E-10 2.3309E-10 2.4225E-10 2.5139E-10 2.6087E-10 2.7042E-10 2.8042E-10 2.9066E-10 3.0072E-10 3.1135E-10 3.2194E-10 3.3279E-10 3.4390E-10 3.5515E-10 3.6644E-10 3.7801E-10 3.8960E-10 4.0163E-10 4.1351E-10 4.2568E-10 4.3780E-10 4.5019E-10 4.6267E-10 4.7525E-10 4.8775E-10 5.0045E-10 5.1306E-10 5.2584E-10 5.3867E-10 5.5148E-10
6.5976E-11 6.9599E-11 7.3382E-11 7.7325E-11 8.1426E-11 8.5699E-11 9.0085E-11 9.4760E-11 9.9498E-11 1.0448E-10 1.0965E-10 1.1488E-10 1.2054E-10 1.2623E-10 1.3223E-10 1.3837E-10 1.4473E-10 1.5146E-10 1.5818E-10 1.6529E-10 1.7255E-10 1.8009E-10 1.8780E-10 1.9572E-10 2.0399E-10 2.1237E-10 2.2086E-10 2.2980E-10 2.3896E-10 2.4812E-10 2.5761E-10 2.6720E-10 2.7723E-10 2.8752E-10 2.9762E-10 3.0832E-10 3.1898E-10 3.2991E-10 3.4112E-10 3.5247E-10 3.6399E-10 3.7557E-10 3.8742E-10 3.9949E-10 4.1169E-10 4.2387E-10 4.3634E-10 4.4877E-10 4.6164E-10 4.7428E-10 4.8718E-10 4.9998E-10 5.1302E-10 5.2607E-10 5.3905E-10 5.5218E-10 5.6519E-10
6.7479E-11 7.1250E-11 7.5063E-11 7.9152E-11 8.3238E-11 8.7670E-11 9.2217E-11 9.6888E-11 1.0180E-10 1.0695E-10 1.1213E-10 1.1761E-10 1.2334E-10 1.2922E-10 1.3536E-10 1.4166E-10 1.4828E-10 1.5500E-10 1.6195E-10 1.6928E-10 1.7678E-10 1.8434E-10 1.9234E-10 2.0058E-10 2.0894E-10 2.1741E-10 2.2634E-10 2.3537E-10 2.4465E-10 2.5416E-10 2.6376E-10 2.7382E-10 2.8414E-10 2.9429E-10 3.0504E-10 3.1576E-10 3.2676E-10 3.3816E-10 3.4949E-10 3.6111E-10 3.7280E-10 3.8478E-10 3.9713E-10 4.0933E-10 4.2183E-10 4.3432E-10 4.4708E-10 4.6001E-10 4.7286E-10 4.8600E-10 4.9904E-10 5.1233E-10 5.2567E-10 5.3909E-10 5.5236E-10 5.6584E-10 5.7930E-10
6.8999E-11 7.2854E-11 7.6812E-11 8.0882E-11 8.5240E-11 8.9713E-11 9.4310E-11 9.9148E-11 1.0411E-10 1.0933E-10 1.1469E-10 1.2041E-10 1.2622E-10 1.3218E-10 1.3853E-10 1.4497E-10 1.5175E-10 1.5864E-10 1.6580E-10 1.7337E-10 1.8088E-10 1.8884E-10 1.9693E-10 2.0525E-10 2.1381E-10 2.2272E-10 2.3162E-10 2.4101E-10 2.5052E-10 2.6012E-10 2.7019E-10 2.8054E-10 2.9071E-10 3.0150E-10 3.1227E-10 3.2333E-10 3.3480E-10 3.4621E-10 3.5792E-10 3.6971E-10 3.8196E-10 3.9427E-10 4.0661E-10 4.1925E-10 4.3191E-10 4.4484E-10 4.5811E-10 4.7118E-10 4.8452E-10 4.9781E-10 5.1147E-10 5.2494E-10 5.3861E-10 5.5219E-10 5.6595E-10 5.7959E-10 5.9342E-10
7.0585E-11 7.4469E-11 7.8460E-11 8.2740E-11 8.7076E-11 9.1655E-11 9.6415E-11 1.0137E-10 1.0651E-10 1.1178E-10 1.1732E-10 1.2317E-10 1.2901E-10 1.3522E-10 1.4171E-10 1.4831E-10 1.5525E-10 1.6235E-10 1.6963E-10 1.7731E-10 1.8512E-10 1.9328E-10 2.0155E-10 2.1008E-10 2.1895E-10 2.2783E-10 2.3720E-10 2.4669E-10 2.5630E-10 2.6637E-10 2.7672E-10 2.8692E-10 2.9773E-10 3.0853E-10 3.1963E-10 3.3116E-10 3.4263E-10 3.5442E-10 3.6645E-10 3.7864E-10 3.9107E-10 4.0352E-10 4.1630E-10 4.2926E-10 4.4237E-10 4.5564E-10 4.6890E-10 4.8244E-10 4.9594E-10 5.0984E-10 5.2356E-10 5.3748E-10 5.5135E-10 5.6540E-10 5.7951E-10 5.9363E-10 6.0779E-10
7.2068E-11 7.6095E-11 8.0175E-11 8.4496E-11 8.9049E-11 9.3669E-11 9.8540E-11 1.0360E-10 1.0880E-10 1.1431E-10 1.1997E-10 1.2584E-10 1.3192E-10 1.3840E-10 1.4493E-10 1.5167E-10 1.5882E-10 1.6604E-10 1.7366E-10 1.8140E-10 1.8939E-10 1.9773E-10 2.0622E-10 2.1494E-10 2.2390E-10 2.3324E-10 2.4270E-10 2.5229E-10 2.6235E-10 2.7247E-10 2.8290E-10 2.9373E-10 3.0455E-10 3.1569E-10 3.2726E-10 3.3877E-10 3.5062E-10 3.6272E-10 3.7484E-10 3.8752E-10 4.0024E-10 4.1298E-10 4.2607E-10 4.3933E-10 4.5276E-10 4.6620E-10 4.7992E-10 4.9379E-10 5.0774E-10 5.2185E-10 5.3586E-10 5.5014E-10 5.6432E-10 5.7872E-10 5.9330E-10 6.0764E-10 6.2197E-10
7.3673E-11 7.7675E-11 8.1967E-11 8.6377E-11 9.0915E-11 9.5699E-11 1.0067E-10 1.0579E-10 1.1116E-10 1.1680E-10 1.2258E-10 1.2864E-10 1.3492E-10 1.4148E-10 1.4810E-10 1.5511E-10 1.6237E-10 1.6981E-10 1.7760E-10 1.8541E-10 1.9381E-10 2.0224E-10 2.1079E-10 2.1982E-10 2.2912E-10 2.3843E-10 2.4811E-10 2.5815E-10 2.6809E-10 2.7868E-10 2.8951E-10 3.0019E-10 3.1150E-10 3.2309E-10 3.3465E-10 3.4654E-10 3.5870E-10 3.7088E-10 3.8365E-10 3.9646E-10 4.0931E-10 4.2251E-10 4.3591E-10 4.4948E-10 4.6323E-10 4.7697E-10 4.9102E-10 5.0518E-10 5.1950E-10 5.3375E-10 5.4828E-10 5.6286E-10 5.7755E-10 5.9228E-10 6.0693E-10 6.2173E-10 6.3658E-10
7.5176E-11 7.9380E-11 8.3643E-11 8.8154E-11 9.2848E-11 9.7737E-11 1.0282E-10 1.0805E-10 1.1365E-10 1.1935E-10 1.2521E-10 1.3146E-10 1.3788E-10 1.4453E-10 1.5135E-10 1.5864E-10 1.6600E-10 1.7349E-10 1.8145E-10 1.8967E-10 1.9815E-10 2.0664E-10 2.1551E-10 2.2486E-10 2.3402E-10 2.4378E-10 2.5378E-10 2.6370E-10 2.7427E-10 2.8508E-10 2.9576E-10 3.0707E-10 3.1868E-10 3.3010E-10 3.4219E-10 3.5439E-10 3.6663E-10 3.7946E-10 3.9235E-10 4.0529E-10 4.1859E-10 4.3210E-10 4.4580E-10 4.5970E-10 4.7359E-10 4.8781E-10 5.0216E-10 5.1668E-10 5.3114E-10 5.4591E-10 5.6090E-10 5.7570E-10 5.9086E-10 6.0578E-10 6.2076E-10 6.3594E-10 6.5111E-10
7.6741E-11 8.1035E-11 8.5454E-11 8.9998E-11 9.4852E-11 9.9789E-11 1.0492E-10 1.1043E-10 1.1599E-10 1.2187E-10 1.2791E-10 1.3429E-10 1.4080E-10 1.4764E-10 1.5468E-10 1.6201E-10 1.6953E-10 1.7741E-10 1.8556E-10 1.9372E-10 2.0238E-10 2.1119E-10 2.2025E-10 2.2958E-10 2.3929E-10 2.4914E-10 2.5913E-10 2.6967E-10 2.8046E-10 2.9112E-10 3.0243E-10 3.1392E-10 3.2546E-10 3.3757E-10 3.4965E-10 3.6208E-10 3.7496E-10 3.8792E-10 4.0092E-10 4.1432E-10 4.2793E-10 4.4174E-10 4.5576E-10 4.6979E-10 4.8417E-10 4.9869E-10 5.1339E-10 5.2822E-10 5.4303E-10 5.5826E-10 5.7344E-10 5.8874E-10 6.0394E-10 6.1938E-10 6.3485E-10 6.5053E-10 6.6592E-10
7.8320E-11 8.2700E-11 8.7209E-11 9.1792E-11 9.6750E-11 1.0185E-10 1.0709E-10 1.1272E-10 1.1845E-10 1.2439E-10 1.3062E-10 1.3714E-10 1.4378E-10 1.5072E-10 1.5797E-10 1.6551E-10 1.7319E-10 1.8124E-10 1.8945E-10 1.9803E-10 2.0676E-10 2.1563E-10 2.2502E-10 2.3467E-10 2.4434E-10 2.5441E-10 2.6490E-10 2.7538E-10 2.8629E-10 2.9757E-10 3.0889E-10 3.2059E-10 3.3270E-10 3.4480E-10 3.5726E-10 3.7017E-10 3.8301E-10 3.9624E-10 4.0970E-10 4.2339E-10 4.3731E-10 4.5143E-10 4.6559E-10 4.8026E-10 4.9477E-10 5.0965E-10 5.2466E-10 5.3981E-10 5.5511E-10 5.7053E-10 5.8607E-10 6.0154E-10 6.1741E-10 6.3303E-10 6.4903E-10 6.6475E-10 6.8065E-10
7.9900E-11 8.4316E-11 8.8917E-11 9.3773E-11 9.8716E-11 1.0392E-10 1.0938E-10 1.1501E-10 1.2080E-10 1.2704E-10 1.3335E-10 1.3995E-10 1.4684E-10 1.5399E-10 1.6132E-10 1.6902E-10 1.7676E-10 1.8510E-10 1.9348E-10 2.0224E-10 2.1103E-10 2.2034E-10 2.2979E-10 2.3942E-10 2.4954E-10 2.5997E-10 2.7029E-10 2.8127E-10 2.9252E-10 3.0365E-10 3.1550E-10 3.2760E-10 3.3970E-10 3.5216E-10 3.6510E-10 3.7797E-10 3.9124E-10 4.0476E-10 4.1834E-10 4.3251E-10 4.4673E-10 4.6099E-10 4.7578E-10 4.9043E-10 5.0545E-10 5.2063E-10 5.3596E-10 5.5162E-10 5.6709E-10 5.8287E-10 5.9858E-10 6.1472E-10 6.3062E-10 6.4692E-10 6.6310E-10 6.7920E-10 6.9561E-10
8.1551E-11 8.5993E-11 9.0748E-11 9.5587E-11 1.0063E-10 1.0593E-10 1.1151E-10 1.1731E-10 1.2328E-10 1.2959E-10 1.3614E-10 1.4282E-10 1.4986E-10 1.5720E-10 1.6469E-10 1.7244E-10 1.8068E-10 1.8897E-10 1.9740E-10 2.0634E-10 2.1556E-10 2.2482E-10 2.3448E-10 2.4453E-10 2.5462E-10 2.6516E-10 2.7609E-10 2.8729E-10 2.9838E-10 3.1019E-10 3.2227E-10 3.3419E-10 3.4681E-10 3.5975E-10 3.7248E-10 3.8594E-10 3.9950E-10 4.1313E-10 4.2736E-10 4.4165E-10 4.5600E-10 4.7090E-10 4.8567E-10 5.0082E-10 5.1631E-10 5.3165E-10 5.4748E-10 5.6315E-10 5.7914E-10 5.9508E-10 6.1146E-10 6.2778E-10 6.4422E-10 6.6070E-10 6.7712E-10 6.9386E-10 7.1051E-10
8.3085E-11 8.7619E-11 9.2468E-11 9.7461E-11 1.0260E-10 1.0813E-10 1.1376E-10 1.1962E-10 1.2576E-10 1.3220E-10 1.3877E-10 1.4569E-10 1.5293E-10 1.6032E-10 1.6807E-10 1.7597E-10 1.8415E-10 1.9272E-10 2.0156E-10 2.1056E-10 2.1974E-10 2.2943E-10 2.3940E-10 2.4941E-10 2.5988E-10 2.7074E-10 2.8161E-10 2.9293E-10 3.0469E-10 3.1661E-10 3.2863E-10 3.4123E-10 3.5415E-10 3.6688E-10 3.8035E-10 3.9393E-10 4.0760E-10 4.2187E-10 4.3623E-10 4.5065E-10 4.6563E-10 4.8050E-10 4.9577E-10 5.1138E-10 5.2686E-10 5.4286E-10 5.5871E-10 5.7489E-10 5.9104E-10 6.0765E-10 6.2437E-10 6.4106E-10 6.5769E-10 6.7454E-10 6.9147E-10 7.0859E-10 7.2545E-10
8.4686E-11 8.9368E-11 9.4254E-11 9.9285E-11 1.0464E-10 1.1010E-10 1.1590E-10 1.2193E-10 1.2826E-10 1.3482E-10 1.4157E-10 1.4864E-10 1.5602E-10 1.6354E-10 1.7133E-10 1.7952E-10 1.8798E-10 1.9660E-10 2.0538E-10 2.1469E-10 2.2428E-10 2.3403E-10 2.4397E-10 2.5446E-10 2.6509E-10 2.7593E-10 2.8730E-10 2.9900E-10 3.1056E-10 3.2285E-10 3.3542E-10 3.4800E-10 3.6103E-10 3.7449E-10 3.8808E-10 4.0177E-10 4.1606E-10 4.3046E-10 4.4494E-10 4.5998E-10 4.7493E-10 4.9030E-10 5.0602E-10 5.2163E-10 5.3777E-10 5.5378E-10 5.7013E-10 5.8664E-10 6.0330E-10 6.2025E-10 6.3717E-10 6.5407E-10 6.7136E-10 6.8844E-10 7.0588E-10 7.2323E-10 7.4048E-10
8.6227E-11 9.1003E-11 9.5980E-11 1.0117E-10 1.0663E-10 1.1231E-10 1.1816E-10 1.2436E-10 1.3080E-10 1.3738E-10 1.4433E-10 1.5147E-10 1.5899E-10 1.6666E-10 1.7484E-10 1.8307E-10 1.9146E-10 2.0036E-10 2.0956E-10 2.1892E-10 2.2846E-10 2.3853E-10 2.4877E-10 2.5935E-10 2.7023E-10 2.8152E-10 2.9298E-10 3.0465E-10 3.1688E-10 3.2939E-10 3.4178E-10 3.5494E-10 3.6838E-10 3.8163E-10 3.9564E-10 4.0995E-10 4.2404E-10 4.3888E-10 4.5398E-10 4.6899E-10 4.8443E-10 5.0025E-10 5.1596E-10 5.3223E-10 5.4837E-10 5.6488E-10 5.8156E-10 5.9841E-10 6.1557E-10 6.3272E-10 6.4986E-10 6.6741E-10 6.8492E-10 7.0251E-10 7.2018E-10 7.3778E-10 7.5570E-10
8.7897E-11 9.2759E-11 9.7770E-11 1.0317E-10 1.0861E-10 1.1428E-10 1.2042E-10 1.2662E-10 1.3319E-10 1.4000E-10 1.4713E-10 1.5442E-10 1.6207E-10 1.6989E-10 1.7800E-10 1.8650E-10 1.9528E-10 2.0423E-10 2.1349E-10 2.2304E-10 2.3300E-10 2.4301E-10 2.5350E-10 2.6440E-10 2.7560E-10 2.8671E-10 2.9857E-10 3.1072E-10 3.2318E-10 3.3551E-10 3.4862E-10 3.6202E-10 3.7525E-10 3.8925E-10 4.0355E-10 4.1764E-10 4.3250E-10 4.4763E-10 4.6254E-10 4.7819E-10 4.9407E-10 5.0974E-10 5.2624E-10 5.4250E-10 5.5915E-10 5.7598E-10 5.9313E-10 6.1034E-10 6.2770E-10 6.4506E-10 6.6270E-10 6.8062E-10 6.9850E-10 7.1647E-10 7.3453E-10 7.5266E-10 7.7097E-10
8.9387E-11 9.4337E-11 9.9497E-11 1.0494E-10 1.1060E-10 1.1649E-10 1.2268E-10 1.2911E-10 1.3573E-10 1.4268E-10 1.4994E-10 1.5724E-10 1.6504E-10 1.7313E-10 1.8150E-10 1.9015E-10 1.9886E-10 2.0800E-10 2.1754E-10 2.2726E-10 2.3728E-10 2.4766E-10 2.5845E-10 2.6939E-10 2.8057E-10 2.9233E-10 3.0440E-10 3.1635E-10 3.2905E-10 3.4209E-10 3.5513E-10 3.6863E-10 3.8259E-10 3.9669E-10 4.1095E-10 4.2581E-10 4.4095E-10 4.5589E-10 4.7157E-10 4.8735E-10 5.0325E-10 5.1968E-10 5.3619E-10 5.5295E-10 5.6991E-10 5.8693E-10 6.0459E-10 6.2213E-10 6.3969E-10 6.5755E-10 6.7572E-10 6.9399E-10 7.1211E-10 7.3046E-10 7.4891E-10 7.6756E-10 7.8612E-10
9.1055E-11 9.6091E-11 1.0140E-10 1.0693E-10 1.1263E-10 1.1869E-10 1.2488E-10 1.3131E-10 1.3811E-10 1.4523E-10 1.5263E-10 1.6029E-10 1.6824E-10 1.7635E-10 1.8476E-10 1.9346E-10 2.0245E-10 2.1186E-10 2.2157E-10 2.3136E-10 2.4157E-10 2.5224E-10 2.6311E-10 2.7430E-10 2.8596E-10 2.9762E-10 3.0980E-10 3.2240E-10 3.3520E-10 3.4819E-10 3.6179E-10 3.7570E-10 3.8944E-10 4.0399E-10 4.1883E-10 4.3348E-10 4.4891E-10 4.6461E-10 4.8026E-10 4.9637E-10 5.1286E-10 5.2945E-10 5.4630E-10 5.6337E-10 5.8051E-10 5.9832E-10 6.1602E-10 6.3377E-10 6.5182E-10 6.7020E-10 6.8872E-10 7.0709E-10 7.2572E-10 7.4447E-10 7.6345E-10 7.8235E-10 8.0116E-10
